2219999,183,102,1742,2003,0.0,231119.0,-0.209042,-1.0565799999999999,QAT,HUN,8539
2220000,185,102,1742,2003,37834.0,4722570.0,0.378379,1.0064620000000002,ROU,HUN,8539
2220001,186,102,1742,2003,17106.0,6244498.0,1.072729,0.338355,RUS,HUN,8539
2220002,187,102,1742,2003,0.0,8588.0,-0.99513,-0.852476,RWA,HUN,8539
2220003,188,102,1742,2003,0.0,6788566.0,0.202286,-0.714691,SAU,HUN,8539
2220004,189,102,1742,2003,53406.0,3826000.0,0.575326,1.627894,SCG,HUN,8539
2220005,191,102,1742,2003,0.0,31836.0,-0.25203600000000004,-0.25549299999999997,SEN,HUN,8539
2220006,192,102,1742,2003,213979.0,10484059.0,1.5080799999999999,0.720337,SGP,HUN,8539
2220007,206,102,1742,2003,226760.0,3103632.0,1.22565,0.915518,SVK,HUN,8539
2220008,207,102,1742,2003,140489.0,3847543.0,1.6459840000000001,1.014191,SVN,HUN,8539
2220009,208,102,1742,2003,72273.0,23458280.0,2.099224,0.799982,SWE,HUN,8539
2220010,211,102,1742,2003,0.0,49836.0,-0.44341099999999994,-0.742566,SYC,HUN,8539
2220011,212,102,1742,2003,0.0,3118463.0,-0.868749,-0.326322,SYR,HUN,8539
2220012,216,102,1742,2003,27825.0,1790629.0,0.43010699999999996,1.607408,THA,HUN,8539
2220013,217,102,1742,2003,0.0,1000.0,-0.6187520000000001,-1.0438969999999999,TJK,HUN,8539
2220014,222,102,1742,2003,0.0,14640.0,-0.16738,-0.9820969999999999,TTO,HUN,8539
2220015,223,102,1742,2003,9729.0,721635.0,-0.14845999999999998,0.255092,TUN,HUN,8539
2220016,224,102,1742,2003,54662.0,9531912.0,0.192802,1.9855060000000002,TUR,HUN,8539
2220017,226,102,1742,2003,0.0,10232.0,-1.225217,-0.43662399999999996,TZA,HUN,8539
2220018,228,102,1742,2003,149526.0,3628679.0,0.8929389999999999,0.956685,UKR,HUN,8539
2220019,230,102,1742,2003,0.0,76006.0,0.19792200000000001,0.243104,URY,HUN,8539
2220020,231,102,1742,2003,9113133.0,68200823.0,1.7789220000000001,0.064028,USA,HUN,8539
2220021,232,102,1742,2003,0.0,1000.0,-0.285978,-0.703334,UZB,HUN,8539
2220022,236,102,1742,2003,0.0,369105.0,0.277805,-0.783697,VEN,HUN,8539
2220023,239,102,1742,2003,0.0,1503808.0,-0.633985,0.659696,VNM,HUN,8539
2220024,243,102,1742,2003,0.0,325000.0,-1.453584,-1.257815,YEM,HUN,8539
2220025,246,102,1742,2003,0.0,1248994.0,0.477987,2.255395,ZAF,HUN,8539
2220026,249,102,1742,2003,294237.0,615008.0,1.5924040000000002,1.397843,TWN,HUN,8539
2220027,1,107,1742,2003,0.0,13005.0,-0.421205,-0.602704,AFG,IRN,8539
2220028,7,107,1742,2003,7137630.0,0.0,0.049637,-0.502691,ARE,IRN,8539
2220029,14,107,1742,2003,2772.0,0.0,0.316879,0.9409489999999999,AUS,IRN,8539
2220030,15,107,1742,2003,6788.0,0.0,1.834977,0.408096,AUT,IRN,8539
2220031,16,107,1742,2003,9141.0,0.0,-0.304606,-0.975453,AZE,IRN,8539
2220032,18,107,1742,2003,224867.0,0.0,1.361682,1.39536,BEL,IRN,8539
2220033,28,107,1742,2003,30310.0,0.0,0.847358,0.9307719999999999,BLR,IRN,8539
2220034,32,107,1742,2003,207907.0,0.0,0.660576,1.118876,BRA,IRN,8539
2220035,39,107,1742,2003,5844.0,7411.0,0.9791540000000001,1.185081,CAN,IRN,8539
2220036,41,107,1742,2003,162500.0,0.0,2.151037,0.711217,CHE,IRN,8539
2220037,43,107,1742,2003,6114908.0,0.0,0.579431,2.773139,CHN,IRN,8539
2220038,58,107,1742,2003,810.0,0.0,0.259992,0.068914,CYP,IRN,8539
2220039,61,107,1742,2003,10423543.0,1952.0,2.2821919999999998,-2.0985150000000004,DEU,IRN,8539
2220040,64,107,1742,2003,2548.0,0.0,1.309564,1.245596,DNK,IRN,8539
2220041,71,107,1742,2003,297279.0,0.0,0.960684,2.074792,ESP,IRN,8539
2220042,77,107,1742,2003,308555.0,0.0,1.606606,0.7394149999999999,FRA,IRN,8539
2220043,81,107,1742,2003,108478.0,0.0,1.8712540000000002,0.706205,GBR,IRN,8539
2220044,82,107,1742,2003,1110.0,0.0,0.595485,-0.25939,GEO,IRN,8539
2220045,97,107,1742,2003,91203.0,0.0,0.494569,2.147062,HKG,IRN,8539
2220046,102,107,1742,2003,911519.0,0.0,1.2003270000000001,1.091407,HUN,IRN,8539
2220047,103,107,1742,2003,227364.0,0.0,-0.16802,1.7252990000000001,IDN,IRN,8539
2220048,104,107,1742,2003,138346.0,0.0,0.33014099999999996,2.836003,IND,IRN,8539
2220049,108,107,1742,2003,72793.0,54754.0,-0.398557,-0.774153,IRQ,IRN,8539
2220050,111,107,1742,2003,286936.0,11146.0,1.399734,1.044608,ITA,IRN,8539
2220051,114,107,1742,2003,82015.0,0.0,2.4686630000000003,0.48072600000000004,JPN,IRN,8539
2220052,115,107,1742,2003,0.0,1804.0,-0.156326,-0.62092,KAZ,IRN,8539
2220053,117,107,1742,2003,814884.0,6671.0,0.25359699999999996,0.24101199999999998,KGZ,IRN,8539
2220054,121,107,1742,2003,1417830.0,0.0,1.2611709999999998,0.956308,KOR,IRN,8539
2220055,122,107,1742,2003,39450.0,26543.0,-0.7943640000000001,-1.1529770000000001,KWT,IRN,8539
2220056,131,107,1742,2003,5759.0,0.0,1.444996,1.063764,LUX,IRN,8539
2220057,141,107,1742,2003,0.0,1010.0,-0.786411,-0.879049,MLI,IRN,8539
2220058,153,107,1742,2003,2561.0,0.0,0.728804,0.2168,MYS,IRN,8539
2220059,162,107,1742,2003,150220.0,4470.0,1.168453,1.7085709999999998,NLD,IRN,8539
2220060,167,107,1742,2003,2944.0,0.0,-1.434873,-1.188123,OMN,IRN,8539
2220061,168,107,1742,2003,57545.0,0.0,-0.6659689999999999,0.137924,PAK,IRN,8539
2220062,177,107,1742,2003,89989.0,0.0,0.966622,1.664838,POL,IRN,8539
2220063,186,107,1742,2003,11605.0,0.0,1.072729,0.338355,RUS,IRN,8539
2220064,192,107,1742,2003,239058.0,0.0,1.5080799999999999,0.720337,SGP,IRN,8539
2220065,206,107,1742,2003,0.0,2497.0,1.22565,0.915518,SVK,IRN,8539
2220066,208,107,1742,2003,15829.0,339305.0,2.099224,0.799982,SWE,IRN,8539
2220067,212,107,1742,2003,0.0,18491.0,-0.868749,-0.326322,SYR,IRN,8539
2220068,216,107,1742,2003,15890.0,0.0,0.43010699999999996,1.607408,THA,IRN,8539
2220069,217,107,1742,2003,0.0,3639.0,-0.6187520000000001,-1.0438969999999999,TJK,IRN,8539
2220070,223,107,1742,2003,0.0,1451.0,-0.14845999999999998,0.255092,TUN,IRN,8539
2220071,224,107,1742,2003,260710.0,0.0,0.192802,1.9855060000000002,TUR,IRN,8539
2220072,228,107,1742,2003,61631.0,0.0,0.8929389999999999,0.956685,UKR,IRN,8539
2220073,249,107,1742,2003,198644.0,0.0,1.5924040000000002,1.397843,TWN,IRN,8539
2220074,7,113,1742,2003,216898.0,0.0,0.049637,-0.502691,ARE,JOR,8539
2220075,8,113,1742,2003,11598.0,0.0,0.302073,0.49069700000000005,ARG,JOR,8539
2220076,14,113,1742,2003,28382.0,0.0,0.316879,0.9409489999999999,AUS,JOR,8539
2220077,15,113,1742,2003,8251.0,0.0,1.834977,0.408096,AUT,JOR,8539
2220078,18,113,1742,2003,22709.0,0.0,1.361682,1.39536,BEL,JOR,8539
2220079,24,113,1742,2003,16302.0,0.0,-0.10968800000000001,-1.041032,BHR,JOR,8539
2220080,39,113,1742,2003,2182.0,904.0,0.9791540000000001,1.185081,CAN,JOR,8539
2220081,41,113,1742,2003,2170.0,0.0,2.151037,0.711217,CHE,JOR,8539
2220082,43,113,1742,2003,1944328.0,0.0,0.579431,2.773139,CHN,JOR,8539
2220083,58,113,1742,2003,908.0,0.0,0.259992,0.068914,CYP,JOR,8539
2220084,59,113,1742,2003,4049.0,0.0,1.555749,0.8662059999999999,CZE,JOR,8539
2220085,61,113,1742,2003,886041.0,3782.0,2.2821919999999998,-2.0985150000000004,DEU,JOR,8539
2220086,64,113,1742,2003,5770.0,0.0,1.309564,1.245596,DNK,JOR,8539
2220087,68,113,1742,2003,80803.0,0.0,-0.292923,0.465433,EGY,JOR,8539
2220088,71,113,1742,2003,88892.0,0.0,0.960684,2.074792,ESP,JOR,8539
2220089,77,113,1742,2003,88881.0,0.0,1.606606,0.7394149999999999,FRA,JOR,8539
2220090,81,113,1742,2003,494950.0,0.0,1.8712540000000002,0.706205,GBR,JOR,8539
2220091,90,113,1742,2003,9677.0,0.0,0.364688,1.4823959999999998,GRC,JOR,8539
2220092,97,113,1742,2003,2154.0,0.0,0.494569,2.147062,HKG,JOR,8539
2220093,102,113,1742,2003,622718.0,0.0,1.2003270000000001,1.091407,HUN,JOR,8539
2220094,103,113,1742,2003,343058.0,0.0,-0.16802,1.7252990000000001,IDN,JOR,8539
2220095,104,113,1742,2003,241292.0,0.0,0.33014099999999996,2.836003,IND,JOR,8539
2220096,106,113,1742,2003,2902.0,0.0,1.6396130000000002,0.220599,IRL,JOR,8539
2220097,108,113,1742,2003,0.0,37707.0,-0.398557,-0.774153,IRQ,JOR,8539
2220098,111,113,1742,2003,126660.0,0.0,1.399734,1.044608,ITA,JOR,8539
2220099,114,113,1742,2003,215001.0,0.0,2.4686630000000003,0.48072600000000004,JPN,JOR,8539
2220100,121,113,1742,2003,25818.0,0.0,1.2611709999999998,0.956308,KOR,JOR,8539
2220101,122,113,1742,2003,0.0,11088.0,-0.7943640000000001,-1.1529770000000001,KWT,JOR,8539
2220102,124,113,1742,2003,7283.0,0.0,0.261687,1.053856,LBN,JOR,8539
2220103,138,113,1742,2003,5461.0,0.0,0.862509,0.756684,MEX,JOR,8539
2220104,153,113,1742,2003,33562.0,0.0,0.728804,0.2168,MYS,JOR,8539
2220105,162,113,1742,2003,165658.0,0.0,1.168453,1.7085709999999998,NLD,JOR,8539
2220106,177,113,1742,2003,1339.0,0.0,0.966622,1.664838,POL,JOR,8539
2220107,186,113,1742,2003,17706.0,0.0,1.072729,0.338355,RUS,JOR,8539
2220108,188,113,1742,2003,0.0,45593.0,0.202286,-0.714691,SAU,JOR,8539
2220109,190,113,1742,2003,0.0,18906.0,-1.3535059999999999,-1.1701409999999999,SDN,JOR,8539
2220110,208,113,1742,2003,4221.0,0.0,2.099224,0.799982,SWE,JOR,8539
2220111,216,113,1742,2003,429260.0,0.0,0.43010699999999996,1.607408,THA,JOR,8539
2220112,224,113,1742,2003,12237.0,0.0,0.192802,1.9855060000000002,TUR,JOR,8539
2220113,228,113,1742,2003,30557.0,0.0,0.8929389999999999,0.956685,UKR,JOR,8539
2220114,231,113,1742,2003,131374.0,0.0,1.7789220000000001,0.064028,USA,JOR,8539
2220115,249,113,1742,2003,39985.0,0.0,1.5924040000000002,1.397843,TWN,JOR,8539
2220116,250,113,1742,2003,0.0,490200.0,0.45951499999999995,-0.2312,ANS,JOR,8539
2220117,7,115,1742,2003,109765.0,0.0,0.049637,-0.502691,ARE,KAZ,8539
2220118,9,115,1742,2003,971.0,0.0,0.497521,-0.305788,ARM,KAZ,8539
2220119,14,115,1742,2003,1742.0,0.0,0.316879,0.9409489999999999,AUS,KAZ,8539
2220120,15,115,1742,2003,7941.0,0.0,1.834977,0.408096,AUT,KAZ,8539
2220121,18,115,1742,2003,59097.0,0.0,1.361682,1.39536,BEL,KAZ,8539
2220122,28,115,1742,2003,40616.0,0.0,0.847358,0.9307719999999999,BLR,KAZ,8539
2220123,39,115,1742,2003,17833.0,0.0,0.9791540000000001,1.185081,CAN,KAZ,8539
2220124,41,115,1742,2003,5904.0,0.0,2.151037,0.711217,CHE,KAZ,8539
2220125,43,115,1742,2003,318892.0,0.0,0.579431,2.773139,CHN,KAZ,8539
2220126,59,115,1742,2003,3832.0,0.0,1.555749,0.8662059999999999,CZE,KAZ,8539
2220127,61,115,1742,2003,378985.0,0.0,2.2821919999999998,-2.0985150000000004,DEU,KAZ,8539
2220128,64,115,1742,2003,3072.0,0.0,1.309564,1.245596,DNK,KAZ,8539
2220129,71,115,1742,2003,20872.0,0.0,0.960684,2.074792,ESP,KAZ,8539
2220130,74,115,1742,2003,27810.0,0.0,2.077889,0.942501,FIN,KAZ,8539
2220131,77,115,1742,2003,106154.0,0.0,1.606606,0.7394149999999999,FRA,KAZ,8539
2220132,81,115,1742,2003,58906.0,0.0,1.8712540000000002,0.706205,GBR,KAZ,8539
2220133,102,115,1742,2003,312846.0,0.0,1.2003270000000001,1.091407,HUN,KAZ,8539
2220134,107,115,1742,2003,1804.0,0.0,-0.552146,-0.8668520000000001,IRN,KAZ,8539
2220135,110,115,1742,2003,6527.0,0.0,1.157809,0.682195,ISR,KAZ,8539
2220136,111,115,1742,2003,213177.0,3338.0,1.399734,1.044608,ITA,KAZ,8539
2220137,114,115,1742,2003,15281.0,0.0,2.4686630000000003,0.48072600000000004,JPN,KAZ,8539
2220138,117,115,1742,2003,1490733.0,0.0,0.25359699999999996,0.24101199999999998,KGZ,KAZ,8539
2220139,121,115,1742,2003,13575.0,0.0,1.2611709999999998,0.956308,KOR,KAZ,8539
2220140,130,115,1742,2003,6636.0,0.0,0.239608,0.517299,LTU,KAZ,8539
2220141,153,115,1742,2003,1895.0,0.0,0.728804,0.2168,MYS,KAZ,8539
2220142,162,115,1742,2003,38178.0,0.0,1.168453,1.7085709999999998,NLD,KAZ,8539
2220143,163,115,1742,2003,2418.0,0.0,1.1500620000000001,0.258554,NOR,KAZ,8539
2220144,177,115,1742,2003,281554.0,0.0,0.966622,1.664838,POL,KAZ,8539
2220145,185,115,1742,2003,1244.0,0.0,0.378379,1.0064620000000002,ROU,KAZ,8539
2220146,186,115,1742,2003,3463974.0,1587.0,1.072729,0.338355,RUS,KAZ,8539
2220147,192,115,1742,2003,1937.0,0.0,1.5080799999999999,0.720337,SGP,KAZ,8539
2220148,206,115,1742,2003,7739.0,0.0,1.22565,0.915518,SVK,KAZ,8539
2220149,208,115,1742,2003,1785.0,0.0,2.099224,0.799982,SWE,KAZ,8539
2220150,224,115,1742,2003,177071.0,0.0,0.192802,1.9855060000000002,TUR,KAZ,8539
2220151,228,115,1742,2003,128696.0,0.0,0.8929389999999999,0.956685,UKR,KAZ,8539
2220152,231,115,1742,2003,116153.0,0.0,1.7789220000000001,0.064028,USA,KAZ,8539
2220153,232,115,1742,2003,5102.0,5401.0,-0.285978,-0.703334,UZB,KAZ,8539
2220154,249,115,1742,2003,4915.0,0.0,1.5924040000000002,1.397843,TWN,KAZ,8539
2220155,7,116,1742,2003,171874.0,0.0,0.049637,-0.502691,ARE,KEN,8539
2220156,14,116,1742,2003,4194.0,0.0,0.316879,0.9409489999999999,AUS,KEN,8539
2220157,18,116,1742,2003,43910.0,0.0,1.361682,1.39536,BEL,KEN,8539
2220158,39,116,1742,2003,2662.0,0.0,0.9791540000000001,1.185081,CAN,KEN,8539
2220159,41,116,1742,2003,14175.0,0.0,2.151037,0.711217,CHE,KEN,8539
2220160,43,116,1742,2003,677372.0,0.0,0.579431,2.773139,CHN,KEN,8539
2220161,61,116,1742,2003,86625.0,8961.0,2.2821919999999998,-2.0985150000000004,DEU,KEN,8539
2220162,64,116,1742,2003,8635.0,0.0,1.309564,1.245596,DNK,KEN,8539
2220163,71,116,1742,2003,747224.0,0.0,0.960684,2.074792,ESP,KEN,8539
2220164,77,116,1742,2003,38383.0,0.0,1.606606,0.7394149999999999,FRA,KEN,8539
2220165,81,116,1742,2003,283994.0,0.0,1.8712540000000002,0.706205,GBR,KEN,8539
2220166,97,116,1742,2003,30093.0,0.0,0.494569,2.147062,HKG,KEN,8539
2220167,102,116,1742,2003,191525.0,0.0,1.2003270000000001,1.091407,HUN,KEN,8539
2220168,103,116,1742,2003,27891.0,0.0,-0.16802,1.7252990000000001,IDN,KEN,8539
2220169,104,116,1742,2003,43148.0,0.0,0.33014099999999996,2.836003,IND,KEN,8539
2220170,111,116,1742,2003,27609.0,0.0,1.399734,1.044608,ITA,KEN,8539
2220171,114,116,1742,2003,71117.0,0.0,2.4686630000000003,0.48072600000000004,JPN,KEN,8539
2220172,121,116,1742,2003,2532.0,695.0,1.2611709999999998,0.956308,KOR,KEN,8539
2220173,153,116,1742,2003,6978.0,0.0,0.728804,0.2168,MYS,KEN,8539
2220174,154,116,1742,2003,0.0,9646.0,0.8645370000000001,-0.101347,MYT,KEN,8539
2220175,159,116,1742,2003,1954.0,0.0,-1.859176,-1.234236,NGA,KEN,8539
2220176,162,116,1742,2003,389631.0,0.0,1.168453,1.7085709999999998,NLD,KEN,8539
2220177,177,116,1742,2003,75685.0,0.0,0.966622,1.664838,POL,KEN,8539
2220178,187,116,1742,2003,0.0,1021.0,-0.99513,-0.852476,RWA,KEN,8539
2220179,188,116,1742,2003,3141.0,0.0,0.202286,-0.714691,SAU,KEN,8539
2220180,192,116,1742,2003,37860.0,0.0,1.5080799999999999,0.720337,SGP,KEN,8539
2220181,206,116,1742,2003,2496.0,0.0,1.22565,0.915518,SVK,KEN,8539
2220182,208,116,1742,2003,8148.0,0.0,2.099224,0.799982,SWE,KEN,8539
2220183,216,116,1742,2003,141058.0,0.0,0.43010699999999996,1.607408,THA,KEN,8539
2220184,226,116,1742,2003,4871.0,61587.0,-1.225217,-0.43662399999999996,TZA,KEN,8539
2220185,227,116,1742,2003,538.0,35067.0,-0.895193,-0.712039,UGA,KEN,8539
2220186,231,116,1742,2003,21336.0,0.0,1.7789220000000001,0.064028,USA,KEN,8539
2220187,239,116,1742,2003,5508.0,0.0,-0.633985,0.659696,VNM,KEN,8539
2220188,246,116,1742,2003,107865.0,0.0,0.477987,2.255395,ZAF,KEN,8539
2220189,249,116,1742,2003,58986.0,0.0,1.5924040000000002,1.397843,TWN,KEN,8539
2220190,250,116,1742,2003,57441.0,5509.0,0.45951499999999995,-0.2312,ANS,KEN,8539
2220191,1,117,1742,2003,0.0,17625.0,-0.421205,-0.602704,AFG,KGZ,8539
2220192,16,117,1742,2003,0.0,530661.0,-0.304606,-0.975453,AZE,KGZ,8539
2220193,28,117,1742,2003,4903.0,0.0,0.847358,0.9307719999999999,BLR,KGZ,8539
2220194,39,117,1742,2003,2266.0,0.0,0.9791540000000001,1.185081,CAN,KGZ,8539
2220195,41,117,1742,2003,676.0,0.0,2.151037,0.711217,CHE,KGZ,8539
2220196,43,117,1742,2003,84841.0,0.0,0.579431,2.773139,CHN,KGZ,8539
2220197,59,117,1742,2003,0.0,63002.0,1.555749,0.8662059999999999,CZE,KGZ,8539
2220198,61,117,1742,2003,18877.0,152086.0,2.2821919999999998,-2.0985150000000004,DEU,KGZ,8539
2220199,77,117,1742,2003,10153.0,0.0,1.606606,0.7394149999999999,FRA,KGZ,8539
2220200,82,117,1742,2003,0.0,233112.0,0.595485,-0.25939,GEO,KGZ,8539
2220201,107,117,1742,2003,6671.0,814884.0,-0.552146,-0.8668520000000001,IRN,KGZ,8539
2220202,108,117,1742,2003,0.0,21147.0,-0.398557,-0.774153,IRQ,KGZ,8539
2220203,114,117,1742,2003,4532.0,0.0,2.4686630000000003,0.48072600000000004,JPN,KGZ,8539
2220204,115,117,1742,2003,0.0,1490733.0,-0.156326,-0.62092,KAZ,KGZ,8539
2220205,130,117,1742,2003,0.0,1626.0,0.239608,0.517299,LTU,KGZ,8539
2220206,135,117,1742,2003,0.0,54841.0,-0.005154,-0.26107199999999997,MDA,KGZ,8539
2220207,177,117,1742,2003,10569.0,0.0,0.966622,1.664838,POL,KGZ,8539
2220208,185,117,1742,2003,1179.0,97398.0,0.378379,1.0064620000000002,ROU,KGZ,8539
2220209,186,117,1742,2003,80064.0,6586734.0,1.072729,0.338355,RUS,KGZ,8539
2220210,192,117,1742,2003,4361.0,0.0,1.5080799999999999,0.720337,SGP,KGZ,8539
2220211,206,117,1742,2003,0.0,8830.0,1.22565,0.915518,SVK,KGZ,8539
2220212,217,117,1742,2003,0.0,1034089.0,-0.6187520000000001,-1.0438969999999999,TJK,KGZ,8539
2220213,219,117,1742,2003,0.0,560116.0,-1.223295,-1.250217,TKM,KGZ,8539
2220214,224,117,1742,2003,76329.0,34302.0,0.192802,1.9855060000000002,TUR,KGZ,8539
2220215,228,117,1742,2003,0.0,139134.0,0.8929389999999999,0.956685,UKR,KGZ,8539
2220216,231,117,1742,2003,6494.0,0.0,1.7789220000000001,0.064028,USA,KGZ,8539
2220217,232,117,1742,2003,0.0,1845691.0,-0.285978,-0.703334,UZB,KGZ,8539
2220218,250,117,1742,2003,12222.0,0.0,0.45951499999999995,-0.2312,ANS,KGZ,8539
2220219,7,122,1742,2003,60034.0,13975.0,0.049637,-0.502691,ARE,KWT,8539
2220220,14,122,1742,2003,48400.0,0.0,0.316879,0.9409489999999999,AUS,KWT,8539
2220221,15,122,1742,2003,129978.0,0.0,1.834977,0.408096,AUT,KWT,8539
2220222,18,122,1742,2003,949565.0,1050.0,1.361682,1.39536,BEL,KWT,8539
2220223,23,122,1742,2003,618.0,0.0,0.43308599999999997,1.7104099999999998,BGR,KWT,8539
2220224,24,122,1742,2003,31554.0,2013.0,-0.10968800000000001,-1.041032,BHR,KWT,8539
2220225,32,122,1742,2003,66347.0,0.0,0.660576,1.118876,BRA,KWT,8539
2220226,39,122,1742,2003,48350.0,0.0,0.9791540000000001,1.185081,CAN,KWT,8539
2220227,41,122,1742,2003,7296.0,0.0,2.151037,0.711217,CHE,KWT,8539
2220228,43,122,1742,2003,1823392.0,0.0,0.579431,2.773139,CHN,KWT,8539
2220229,52,122,1742,2003,3175.0,0.0,-0.193904,-0.5049680000000001,CRI,KWT,8539
2220230,58,122,1742,2003,17813.0,0.0,0.259992,0.068914,CYP,KWT,8539
2220231,59,122,1742,2003,11142.0,0.0,1.555749,0.8662059999999999,CZE,KWT,8539
2220232,61,122,1742,2003,1530522.0,0.0,2.2821919999999998,-2.0985150000000004,DEU,KWT,8539
2220233,64,122,1742,2003,33638.0,0.0,1.309564,1.245596,DNK,KWT,8539
2220234,68,122,1742,2003,9013.0,0.0,-0.292923,0.465433,EGY,KWT,8539
2220235,71,122,1742,2003,724108.0,0.0,0.960684,2.074792,ESP,KWT,8539
2220236,74,122,1742,2003,21891.0,0.0,2.077889,0.942501,FIN,KWT,8539
2220237,77,122,1742,2003,33958.0,0.0,1.606606,0.7394149999999999,FRA,KWT,8539
2220238,81,122,1742,2003,502737.0,0.0,1.8712540000000002,0.706205,GBR,KWT,8539
2220239,90,122,1742,2003,21519.0,0.0,0.364688,1.4823959999999998,GRC,KWT,8539
2220240,97,122,1742,2003,64503.0,0.0,0.494569,2.147062,HKG,KWT,8539
2220241,102,122,1742,2003,3011392.0,0.0,1.2003270000000001,1.091407,HUN,KWT,8539
2220242,103,122,1742,2003,318942.0,0.0,-0.16802,1.7252990000000001,IDN,KWT,8539
2220243,104,122,1742,2003,133115.0,0.0,0.33014099999999996,2.836003,IND,KWT,8539
2220244,106,122,1742,2003,2826.0,0.0,1.6396130000000002,0.220599,IRL,KWT,8539
2220245,107,122,1742,2003,26543.0,39450.0,-0.552146,-0.8668520000000001,IRN,KWT,8539
2220246,108,122,1742,2003,0.0,58314.0,-0.398557,-0.774153,IRQ,KWT,8539
2220247,111,122,1742,2003,477486.0,0.0,1.399734,1.044608,ITA,KWT,8539
2220248,113,122,1742,2003,11088.0,0.0,0.12295,0.377031,JOR,KWT,8539
2220249,114,122,1742,2003,462963.0,0.0,2.4686630000000003,0.48072600000000004,JPN,KWT,8539
2220250,121,122,1742,2003,151821.0,0.0,1.2611709999999998,0.956308,KOR,KWT,8539
2220251,128,122,1742,2003,1355.0,0.0,-0.618057,0.101931,LKA,KWT,8539
2220252,130,122,1742,2003,2627.0,0.0,0.239608,0.517299,LTU,KWT,8539
2220253,138,122,1742,2003,9930.0,0.0,0.862509,0.756684,MEX,KWT,8539
2220254,153,122,1742,2003,41571.0,0.0,0.728804,0.2168,MYS,KWT,8539
2220255,162,122,1742,2003,1051708.0,0.0,1.168453,1.7085709999999998,NLD,KWT,8539
2220256,163,122,1742,2003,4495.0,0.0,1.1500620000000001,0.258554,NOR,KWT,8539
2220257,166,122,1742,2003,11678.0,0.0,0.589619,0.997301,NZL,KWT,8539
2220258,174,122,1742,2003,9009.0,0.0,-0.065022,-0.195144,PHL,KWT,8539
2220259,177,122,1742,2003,97406.0,0.0,0.966622,1.664838,POL,KWT,8539
2220260,179,122,1742,2003,4288.0,0.0,0.471376,1.647303,PRT,KWT,8539
2220261,188,122,1742,2003,118336.0,1199.0,0.202286,-0.714691,SAU,KWT,8539
2220262,192,122,1742,2003,87983.0,12407.0,1.5080799999999999,0.720337,SGP,KWT,8539
2220263,206,122,1742,2003,31688.0,0.0,1.22565,0.915518,SVK,KWT,8539
2220264,207,122,1742,2003,10706.0,0.0,1.6459840000000001,1.014191,SVN,KWT,8539
2220265,208,122,1742,2003,58835.0,0.0,2.099224,0.799982,SWE,KWT,8539
2220266,216,122,1742,2003,179829.0,0.0,0.43010699999999996,1.607408,THA,KWT,8539
2220267,223,122,1742,2003,3728.0,0.0,-0.14845999999999998,0.255092,TUN,KWT,8539
2220268,224,122,1742,2003,27559.0,0.0,0.192802,1.9855060000000002,TUR,KWT,8539
2220269,228,122,1742,2003,32464.0,0.0,0.8929389999999999,0.956685,UKR,KWT,8539
2220270,231,122,1742,2003,742722.0,0.0,1.7789220000000001,0.064028,USA,KWT,8539
2220271,246,122,1742,2003,765.0,0.0,0.477987,2.255395,ZAF,KWT,8539
2220272,249,122,1742,2003,77442.0,0.0,1.5924040000000002,1.397843,TWN,KWT,8539
2220273,250,122,1742,2003,40117.0,0.0,0.45951499999999995,-0.2312,ANS,KWT,8539
2220274,15,132,1742,2003,5323.0,365099.0,1.834977,0.408096,AUT,LVA,8539
2220275,18,132,1742,2003,40701.0,8079.0,1.361682,1.39536,BEL,LVA,8539
2220276,26,132,1742,2003,0.0,760.0,0.195667,0.347011,BIH,LVA,8539
2220277,28,132,1742,2003,165965.0,16669.0,0.847358,0.9307719999999999,BLR,LVA,8539
2220278,41,132,1742,2003,8999.0,0.0,2.151037,0.711217,CHE,LVA,8539
2220279,43,132,1742,2003,626816.0,0.0,0.579431,2.773139,CHN,LVA,8539
2220280,58,132,1742,2003,0.0,1792.0,0.259992,0.068914,CYP,LVA,8539
2220281,59,132,1742,2003,24389.0,1501.0,1.555749,0.8662059999999999,CZE,LVA,8539
2220282,61,132,1742,2003,850368.0,4218110.0,2.2821919999999998,-2.0985150000000004,DEU,LVA,8539
2220283,64,132,1742,2003,26935.0,20527.0,1.309564,1.245596,DNK,LVA,8539
2220284,71,132,1742,2003,102976.0,0.0,0.960684,2.074792,ESP,LVA,8539
2220285,72,132,1742,2003,243588.0,89609.0,0.5913010000000001,0.8489979999999999,EST,LVA,8539
2220286,74,132,1742,2003,158689.0,2943.0,2.077889,0.942501,FIN,LVA,8539
2220287,77,132,1742,2003,68613.0,1020.0,1.606606,0.7394149999999999,FRA,LVA,8539
2220288,81,132,1742,2003,166932.0,0.0,1.8712540000000002,0.706205,GBR,LVA,8539
2220289,82,132,1742,2003,0.0,10807.0,0.595485,-0.25939,GEO,LVA,8539
2220290,90,132,1742,2003,1050.0,0.0,0.364688,1.4823959999999998,GRC,LVA,8539
2220291,97,132,1742,2003,39350.0,0.0,0.494569,2.147062,HKG,LVA,8539
2220292,102,132,1742,2003,430878.0,11751.0,1.2003270000000001,1.091407,HUN,LVA,8539
2220293,104,132,1742,2003,1637.0,0.0,0.33014099999999996,2.836003,IND,LVA,8539
2220294,111,132,1742,2003,718083.0,0.0,1.399734,1.044608,ITA,LVA,8539
2220295,114,132,1742,2003,1317.0,0.0,2.4686630000000003,0.48072600000000004,JPN,LVA,8539
2220296,121,132,1742,2003,36623.0,0.0,1.2611709999999998,0.956308,KOR,LVA,8539
2220297,125,132,1742,2003,0.0,2433.0,0.026117,-1.03888,LBR,LVA,8539
2220298,130,132,1742,2003,227990.0,49442.0,0.239608,0.517299,LTU,LVA,8539
2220299,142,132,1742,2003,0.0,6155.0,1.2138149999999999,-0.015687,MLT,LVA,8539
2220300,162,132,1742,2003,288034.0,32827.0,1.168453,1.7085709999999998,NLD,LVA,8539
2220301,163,132,1742,2003,11760.0,1101.0,1.1500620000000001,0.258554,NOR,LVA,8539
2220302,173,132,1742,2003,0.0,1258.0,-0.48627,0.371354,PER,LVA,8539
2220303,177,132,1742,2003,5001737.0,1765.0,0.966622,1.664838,POL,LVA,8539
2220304,185,132,1742,2003,0.0,6334.0,0.378379,1.0064620000000002,ROU,LVA,8539
2220305,186,132,1742,2003,183465.0,102155.0,1.072729,0.338355,RUS,LVA,8539
2220306,206,132,1742,2003,38061.0,4589.0,1.22565,0.915518,SVK,LVA,8539
2220307,207,132,1742,2003,0.0,11287.0,1.6459840000000001,1.014191,SVN,LVA,8539
2220308,208,132,1742,2003,1360317.0,28559.0,2.099224,0.799982,SWE,LVA,8539
2220309,224,132,1742,2003,29870.0,911.0,0.192802,1.9855060000000002,TUR,LVA,8539
2220310,228,132,1742,2003,27374.0,0.0,0.8929389999999999,0.956685,UKR,LVA,8539
2220311,231,132,1742,2003,14565.0,0.0,1.7789220000000001,0.064028,USA,LVA,8539
2220312,249,132,1742,2003,16098.0,0.0,1.5924040000000002,1.397843,TWN,LVA,8539
2220313,250,132,1742,2003,0.0,47652.0,0.45951499999999995,-0.2312,ANS,LVA,8539
2220314,14,167,1742,2003,78725.0,0.0,0.316879,0.9409489999999999,AUS,OMN,8539
2220315,18,167,1742,2003,109811.0,0.0,1.361682,1.39536,BEL,OMN,8539
2220316,39,167,1742,2003,3768.0,0.0,0.9791540000000001,1.185081,CAN,OMN,8539
2220317,41,167,1742,2003,14059.0,0.0,2.151037,0.711217,CHE,OMN,8539
2220318,43,167,1742,2003,180023.0,0.0,0.579431,2.773139,CHN,OMN,8539
2220319,59,167,1742,2003,859.0,0.0,1.555749,0.8662059999999999,CZE,OMN,8539
2220320,61,167,1742,2003,64634.0,0.0,2.2821919999999998,-2.0985150000000004,DEU,OMN,8539
2220321,71,167,1742,2003,23590.0,0.0,0.960684,2.074792,ESP,OMN,8539
2220322,77,167,1742,2003,26224.0,0.0,1.606606,0.7394149999999999,FRA,OMN,8539
2220323,81,167,1742,2003,660282.0,0.0,1.8712540000000002,0.706205,GBR,OMN,8539
2220324,97,167,1742,2003,2027.0,0.0,0.494569,2.147062,HKG,OMN,8539
2220325,102,167,1742,2003,267000.0,0.0,1.2003270000000001,1.091407,HUN,OMN,8539
2220326,103,167,1742,2003,25834.0,0.0,-0.16802,1.7252990000000001,IDN,OMN,8539
2220327,104,167,1742,2003,29306.0,0.0,0.33014099999999996,2.836003,IND,OMN,8539
2220328,106,167,1742,2003,4053.0,0.0,1.6396130000000002,0.220599,IRL,OMN,8539
2220329,107,167,1742,2003,0.0,2944.0,-0.552146,-0.8668520000000001,IRN,OMN,8539
2220330,111,167,1742,2003,20572.0,0.0,1.399734,1.044608,ITA,OMN,8539
2220331,114,167,1742,2003,188544.0,0.0,2.4686630000000003,0.48072600000000004,JPN,OMN,8539
2220332,162,167,1742,2003,2386.0,0.0,1.168453,1.7085709999999998,NLD,OMN,8539
2220333,183,167,1742,2003,0.0,32781.0,-0.209042,-1.0565799999999999,QAT,OMN,8539
2220334,188,167,1742,2003,2782.0,0.0,0.202286,-0.714691,SAU,OMN,8539
2220335,192,167,1742,2003,2508.0,0.0,1.5080799999999999,0.720337,SGP,OMN,8539
2220336,216,167,1742,2003,45371.0,0.0,0.43010699999999996,1.607408,THA,OMN,8539
2220337,231,167,1742,2003,136421.0,0.0,1.7789220000000001,0.064028,USA,OMN,8539
2220338,1,168,1742,2003,0.0,5299.0,-0.421205,-0.602704,AFG,PAK,8539
2220339,7,168,1742,2003,137507.0,1288.0,0.049637,-0.502691,ARE,PAK,8539
2220340,14,168,1742,2003,3968.0,3061.0,0.316879,0.9409489999999999,AUS,PAK,8539
2220341,15,168,1742,2003,2920.0,31902.0,1.834977,0.408096,AUT,PAK,8539
2220342,18,168,1742,2003,50356.0,139985.0,1.361682,1.39536,BEL,PAK,8539
2220343,22,168,1742,2003,0.0,12000.0,-1.168404,-1.035782,BGD,PAK,8539
2220344,32,168,1742,2003,3532.0,0.0,0.660576,1.118876,BRA,PAK,8539
2220345,39,168,1742,2003,9789.0,3551.0,0.9791540000000001,1.185081,CAN,PAK,8539
2220346,41,168,1742,2003,4942.0,0.0,2.151037,0.711217,CHE,PAK,8539
2220347,43,168,1742,2003,14479592.0,0.0,0.579431,2.773139,CHN,PAK,8539
2220348,61,168,1742,2003,961839.0,87623.0,2.2821919999999998,-2.0985150000000004,DEU,PAK,8539
2220349,64,168,1742,2003,24916.0,0.0,1.309564,1.245596,DNK,PAK,8539
2220350,71,168,1742,2003,8763.0,300819.0,0.960684,2.074792,ESP,PAK,8539
2220351,72,168,1742,2003,0.0,1879.0,0.5913010000000001,0.8489979999999999,EST,PAK,8539
2220352,74,168,1742,2003,0.0,11593.0,2.077889,0.942501,FIN,PAK,8539
2220353,77,168,1742,2003,98855.0,0.0,1.606606,0.7394149999999999,FRA,PAK,8539
2220354,81,168,1742,2003,607389.0,448125.0,1.8712540000000002,0.706205,GBR,PAK,8539
2220355,90,168,1742,2003,2543.0,0.0,0.364688,1.4823959999999998,GRC,PAK,8539
2220356,97,168,1742,2003,178827.0,0.0,0.494569,2.147062,HKG,PAK,8539
2220357,102,168,1742,2003,745497.0,0.0,1.2003270000000001,1.091407,HUN,PAK,8539
2220358,103,168,1742,2003,274983.0,24038.0,-0.16802,1.7252990000000001,IDN,PAK,8539
2220359,104,168,1742,2003,7750.0,0.0,0.33014099999999996,2.836003,IND,PAK,8539
2220360,107,168,1742,2003,0.0,57545.0,-0.552146,-0.8668520000000001,IRN,PAK,8539
2220361,111,168,1742,2003,242320.0,512169.0,1.399734,1.044608,ITA,PAK,8539
2220362,114,168,1742,2003,283799.0,1459.0,2.4686630000000003,0.48072600000000004,JPN,PAK,8539
2220363,121,168,1742,2003,498323.0,0.0,1.2611709999999998,0.956308,KOR,PAK,8539
2220364,138,168,1742,2003,0.0,1106.0,0.862509,0.756684,MEX,PAK,8539
2220365,153,168,1742,2003,20017.0,0.0,0.728804,0.2168,MYS,PAK,8539
2220366,162,168,1742,2003,72257.0,6014.0,1.168453,1.7085709999999998,NLD,PAK,8539
2220367,166,168,1742,2003,0.0,2516.0,0.589619,0.997301,NZL,PAK,8539
2220368,177,168,1742,2003,129457.0,0.0,0.966622,1.664838,POL,PAK,8539
2220369,185,168,1742,2003,21048.0,0.0,0.378379,1.0064620000000002,ROU,PAK,8539
2220370,186,168,1742,2003,773.0,0.0,1.072729,0.338355,RUS,PAK,8539
2220371,188,168,1742,2003,4340.0,3343.0,0.202286,-0.714691,SAU,PAK,8539
2220372,192,168,1742,2003,207685.0,0.0,1.5080799999999999,0.720337,SGP,PAK,8539
2220373,208,168,1742,2003,8015.0,0.0,2.099224,0.799982,SWE,PAK,8539
2220374,216,168,1742,2003,1843418.0,0.0,0.43010699999999996,1.607408,THA,PAK,8539
2220375,226,168,1742,2003,0.0,6299.0,-1.225217,-0.43662399999999996,TZA,PAK,8539
2220376,231,168,1742,2003,77879.0,5632.0,1.7789220000000001,0.064028,USA,PAK,8539
2220377,246,168,1742,2003,4816.0,0.0,0.477987,2.255395,ZAF,PAK,8539
2220378,249,168,1742,2003,115713.0,0.0,1.5924040000000002,1.397843,TWN,PAK,8539
2220379,14,176,1742,2003,312196.0,1879.0,0.316879,0.9409489999999999,AUS,PNG,8539
2220380,41,176,1742,2003,3035.0,0.0,2.151037,0.711217,CHE,PNG,8539
2220381,43,176,1742,2003,29315.0,0.0,0.579431,2.773139,CHN,PNG,8539
2220382,61,176,1742,2003,1785.0,2129.0,2.2821919999999998,-2.0985150000000004,DEU,PNG,8539
2220383,64,176,1742,2003,1252.0,0.0,1.309564,1.245596,DNK,PNG,8539
2220384,77,176,1742,2003,4021.0,0.0,1.606606,0.7394149999999999,FRA,PNG,8539
2220385,81,176,1742,2003,5434.0,0.0,1.8712540000000002,0.706205,GBR,PNG,8539
2220386,97,176,1742,2003,27195.0,0.0,0.494569,2.147062,HKG,PNG,8539
2220387,103,176,1742,2003,2548.0,0.0,-0.16802,1.7252990000000001,IDN,PNG,8539
2220388,104,176,1742,2003,748.0,0.0,0.33014099999999996,2.836003,IND,PNG,8539
2220389,114,176,1742,2003,22815.0,0.0,2.4686630000000003,0.48072600000000004,JPN,PNG,8539
2220390,121,176,1742,2003,14499.0,0.0,1.2611709999999998,0.956308,KOR,PNG,8539
2220391,153,176,1742,2003,20213.0,0.0,0.728804,0.2168,MYS,PNG,8539
2220392,162,176,1742,2003,7507.0,0.0,1.168453,1.7085709999999998,NLD,PNG,8539
2220393,166,176,1742,2003,3616.0,943.0,0.589619,0.997301,NZL,PNG,8539
2220394,174,176,1742,2003,624.0,0.0,-0.065022,-0.195144,PHL,PNG,8539
2220395,192,176,1742,2003,101062.0,0.0,1.5080799999999999,0.720337,SGP,PNG,8539
2220396,216,176,1742,2003,15302.0,0.0,0.43010699999999996,1.607408,THA,PNG,8539
2220397,231,176,1742,2003,36927.0,0.0,1.7789220000000001,0.064028,USA,PNG,8539
2220398,249,176,1742,2003,6313.0,0.0,1.5924040000000002,1.397843,TWN,PNG,8539
2220399,250,176,1742,2003,10499.0,0.0,0.45951499999999995,-0.2312,ANS,PNG,8539
2220400,7,177,1742,2003,0.0,63308.0,0.049637,-0.502691,ARE,POL,8539
2220401,8,177,1742,2003,0.0,209871.0,0.302073,0.49069700000000005,ARG,POL,8539
2220402,9,177,1742,2003,0.0,1785.0,0.497521,-0.305788,ARM,POL,8539
2220403,14,177,1742,2003,569.0,741512.0,0.316879,0.9409489999999999,AUS,POL,8539
2220404,15,177,1742,2003,296172.0,1875637.0,1.834977,0.408096,AUT,POL,8539
2220405,18,177,1742,2003,17261129.0,363782.0,1.361682,1.39536,BEL,POL,8539
2220406,23,177,1742,2003,0.0,1625457.0,0.43308599999999997,1.7104099999999998,BGR,POL,8539
2220407,24,177,1742,2003,0.0,16852.0,-0.10968800000000001,-1.041032,BHR,POL,8539
2220408,26,177,1742,2003,0.0,280576.0,0.195667,0.347011,BIH,POL,8539
2220409,28,177,1742,2003,84327.0,488784.0,0.847358,0.9307719999999999,BLR,POL,8539
2220410,32,177,1742,2003,128691.0,469325.0,0.660576,1.118876,BRA,POL,8539
2220411,39,177,1742,2003,3594.0,1004378.0,0.9791540000000001,1.185081,CAN,POL,8539
2220412,41,177,1742,2003,415231.0,434528.0,2.151037,0.711217,CHE,POL,8539
2220413,42,177,1742,2003,0.0,100578.0,-0.06375900000000001,-0.156808,CHL,POL,8539
2220414,43,177,1742,2003,11955520.0,571198.0,0.579431,2.773139,CHN,POL,8539
2220415,44,177,1742,2003,0.0,2014.0,-0.699928,-0.723739,CIV,POL,8539
2220416,45,177,1742,2003,0.0,1354.0,-1.254788,-1.10897,CMR,POL,8539
2220417,49,177,1742,2003,0.0,86004.0,0.218336,0.376869,COL,POL,8539
2220418,52,177,1742,2003,0.0,14888.0,-0.193904,-0.5049680000000001,CRI,POL,8539
2220419,54,177,1742,2003,0.0,1070.0,-0.391515,-0.8562120000000001,CUB,POL,8539
2220420,58,177,1742,2003,0.0,69293.0,0.259992,0.068914,CYP,POL,8539
2220421,59,177,1742,2003,563001.0,9240441.0,1.555749,0.8662059999999999,CZE,POL,8539
2220422,61,177,1742,2003,57804765.0,27340501.0,2.2821919999999998,-2.0985150000000004,DEU,POL,8539
2220423,64,177,1742,2003,156266.0,761051.0,1.309564,1.245596,DNK,POL,8539
2220424,66,177,1742,2003,0.0,19479.0,-1.060727,-1.142594,DZA,POL,8539
2220425,67,177,1742,2003,0.0,75079.0,-0.8689370000000001,-0.889767,ECU,POL,8539
2220426,68,177,1742,2003,0.0,1029258.0,-0.292923,0.465433,EGY,POL,8539
2220427,71,177,1742,2003,1191639.0,7429357.0,0.960684,2.074792,ESP,POL,8539
2220428,72,177,1742,2003,2897.0,1115818.0,0.5913010000000001,0.8489979999999999,EST,POL,8539
2220429,74,177,1742,2003,0.0,1532536.0,2.077889,0.942501,FIN,POL,8539
2220430,77,177,1742,2003,17110635.0,81024801.0,1.606606,0.7394149999999999,FRA,POL,8539
2220431,80,177,1742,2003,0.0,10503.0,-0.92745,-1.138466,GAB,POL,8539
2220432,81,177,1742,2003,782849.0,15298116.0,1.8712540000000002,0.706205,GBR,POL,8539
2220433,90,177,1742,2003,0.0,9066.0,0.364688,1.4823959999999998,GRC,POL,8539
2220434,92,177,1742,2003,0.0,67883.0,-0.764655,-0.8684200000000001,GRL,POL,8539
2220435,93,177,1742,2003,0.0,19678.0,-0.444162,0.145319,GTM,POL,8539
2220436,97,177,1742,2003,235195.0,84923.0,0.494569,2.147062,HKG,POL,8539
2220437,99,177,1742,2003,0.0,12739.0,-0.733546,-0.568585,HND,POL,8539
2220438,100,177,1742,2003,0.0,1860145.0,0.568394,1.230759,HRV,POL,8539
2220439,102,177,1742,2003,8994471.0,4544199.0,1.2003270000000001,1.091407,HUN,POL,8539
2220440,103,177,1742,2003,146582.0,446948.0,-0.16802,1.7252990000000001,IDN,POL,8539
2220441,104,177,1742,2003,142972.0,269603.0,0.33014099999999996,2.836003,IND,POL,8539
2220442,106,177,1742,2003,7466.0,2436586.0,1.6396130000000002,0.220599,IRL,POL,8539
2220443,107,177,1742,2003,0.0,89989.0,-0.552146,-0.8668520000000001,IRN,POL,8539
2220444,109,177,1742,2003,0.0,58955.0,0.21902800000000003,-0.40818499999999996,ISL,POL,8539
2220445,110,177,1742,2003,0.0,468187.0,1.157809,0.682195,ISR,POL,8539
2220446,111,177,1742,2003,2404548.0,386069.0,1.399734,1.044608,ITA,POL,8539
2220447,113,177,1742,2003,0.0,1339.0,0.12295,0.377031,JOR,POL,8539
2220448,114,177,1742,2003,471542.0,817563.0,2.4686630000000003,0.48072600000000004,JPN,POL,8539
2220449,115,177,1742,2003,0.0,281554.0,-0.156326,-0.62092,KAZ,POL,8539
2220450,116,177,1742,2003,0.0,75685.0,-0.3531,0.582992,KEN,POL,8539
2220451,117,177,1742,2003,0.0,10569.0,0.25359699999999996,0.24101199999999998,KGZ,POL,8539
2220452,121,177,1742,2003,1032474.0,1943973.0,1.2611709999999998,0.956308,KOR,POL,8539
2220453,122,177,1742,2003,0.0,97406.0,-0.7943640000000001,-1.1529770000000001,KWT,POL,8539
2220454,124,177,1742,2003,0.0,9769.0,0.261687,1.053856,LBN,POL,8539
2220455,130,177,1742,2003,1410.0,17329135.0,0.239608,0.517299,LTU,POL,8539
2220456,132,177,1742,2003,1765.0,5001737.0,0.520772,0.5631689999999999,LVA,POL,8539
2220457,134,177,1742,2003,0.0,395474.0,-0.6842050000000001,-0.217892,MAR,POL,8539
2220458,135,177,1742,2003,0.0,33305.0,-0.005154,-0.26107199999999997,MDA,POL,8539
2220459,136,177,1742,2003,0.0,479.0,-1.254758,-0.622696,MDG,POL,8539
2220460,138,177,1742,2003,448796.0,943415.0,0.862509,0.756684,MEX,POL,8539
2220461,140,177,1742,2003,0.0,81111.0,-0.017632,0.225394,MKD,POL,8539
2220462,142,177,1742,2003,0.0,60044.0,1.2138149999999999,-0.015687,MLT,POL,8539
2220463,151,177,1742,2003,0.0,21389.0,-0.361514,-0.29839899999999997,MUS,POL,8539
2220464,153,177,1742,2003,0.0,20978.0,0.728804,0.2168,MYS,POL,8539
2220465,156,177,1742,2003,0.0,52205.0,-0.344934,-0.776632,NCL,POL,8539
2220466,160,177,1742,2003,0.0,27580.0,-0.8661459999999999,-0.8661690000000001,NIC,POL,8539
2220467,162,177,1742,2003,24010305.0,82899430.0,1.168453,1.7085709999999998,NLD,POL,8539
2220468,163,177,1742,2003,33391.0,1264471.0,1.1500620000000001,0.258554,NOR,POL,8539
2220469,166,177,1742,2003,0.0,323709.0,0.589619,0.997301,NZL,POL,8539
2220470,168,177,1742,2003,0.0,129457.0,-0.6659689999999999,0.137924,PAK,POL,8539
2220471,173,177,1742,2003,0.0,620911.0,-0.48627,0.371354,PER,POL,8539
2220472,174,177,1742,2003,29641.0,0.0,-0.065022,-0.195144,PHL,POL,8539
2220473,178,177,1742,2003,0.0,59000.0,0.7060420000000001,0.7718,PRK,POL,8539
2220474,179,177,1742,2003,57274.0,8382.0,0.471376,1.647303,PRT,POL,8539
2220475,181,177,1742,2003,55879.0,0.0,0.657296,0.220183,PSE,POL,8539
2220476,182,177,1742,2003,0.0,46570.0,-0.255707,-0.676557,PYF,POL,8539
2220477,183,177,1742,2003,0.0,18435.0,-0.209042,-1.0565799999999999,QAT,POL,8539
2220478,185,177,1742,2003,249262.0,3395986.0,0.378379,1.0064620000000002,ROU,POL,8539
2220479,186,177,1742,2003,94523.0,1910394.0,1.072729,0.338355,RUS,POL,8539
2220480,188,177,1742,2003,0.0,839629.0,0.202286,-0.714691,SAU,POL,8539
2220481,189,177,1742,2003,0.0,2767000.0,0.575326,1.627894,SCG,POL,8539
2220482,191,177,1742,2003,0.0,20287.0,-0.25203600000000004,-0.25549299999999997,SEN,POL,8539
2220483,192,177,1742,2003,26976.0,598031.0,1.5080799999999999,0.720337,SGP,POL,8539
2220484,197,177,1742,2003,0.0,285163.0,-0.251357,-0.189917,SLV,POL,8539
2220485,205,177,1742,2003,0.0,24621.0,-0.896925,-0.88623,SUR,POL,8539
2220486,206,177,1742,2003,826117.0,7647990.0,1.22565,0.915518,SVK,POL,8539
2220487,207,177,1742,2003,170871.0,883005.0,1.6459840000000001,1.014191,SVN,POL,8539
2220488,208,177,1742,2003,519390.0,97115.0,2.099224,0.799982,SWE,POL,8539
2220489,212,177,1742,2003,0.0,151373.0,-0.868749,-0.326322,SYR,POL,8539
2220490,216,177,1742,2003,107430.0,231580.0,0.43010699999999996,1.607408,THA,POL,8539
2220491,223,177,1742,2003,0.0,69610.0,-0.14845999999999998,0.255092,TUN,POL,8539
2220492,224,177,1742,2003,6820.0,8815823.0,0.192802,1.9855060000000002,TUR,POL,8539
2220493,228,177,1742,2003,340983.0,2616971.0,0.8929389999999999,0.956685,UKR,POL,8539
2220494,230,177,1742,2003,0.0,2961.0,0.19792200000000001,0.243104,URY,POL,8539
2220495,231,177,1742,2003,606566.0,17797488.0,1.7789220000000001,0.064028,USA,POL,8539
2220496,232,177,1742,2003,0.0,165000.0,-0.285978,-0.703334,UZB,POL,8539
2220497,236,177,1742,2003,0.0,520006.0,0.277805,-0.783697,VEN,POL,8539
2220498,246,177,1742,2003,0.0,355353.0,0.477987,2.255395,ZAF,POL,8539
2220499,249,177,1742,2003,982644.0,437430.0,1.5924040000000002,1.397843,TWN,POL,8539
2220500,7,183,1742,2003,41863.0,12704.0,0.049637,-0.502691,ARE,QAT,8539
2220501,14,183,1742,2003,31272.0,0.0,0.316879,0.9409489999999999,AUS,QAT,8539
2220502,18,183,1742,2003,77301.0,0.0,1.361682,1.39536,BEL,QAT,8539
2220503,24,183,1742,2003,46287.0,0.0,-0.10968800000000001,-1.041032,BHR,QAT,8539
2220504,39,183,1742,2003,2145.0,0.0,0.9791540000000001,1.185081,CAN,QAT,8539
2220505,43,183,1742,2003,545014.0,0.0,0.579431,2.773139,CHN,QAT,8539
2220506,58,183,1742,2003,29859.0,0.0,0.259992,0.068914,CYP,QAT,8539
2220507,59,183,1742,2003,3792.0,0.0,1.555749,0.8662059999999999,CZE,QAT,8539
2220508,61,183,1742,2003,523684.0,0.0,2.2821919999999998,-2.0985150000000004,DEU,QAT,8539
2220509,71,183,1742,2003,207942.0,0.0,0.960684,2.074792,ESP,QAT,8539
2220510,77,183,1742,2003,65972.0,4949.0,1.606606,0.7394149999999999,FRA,QAT,8539
2220511,81,183,1742,2003,586959.0,21223.0,1.8712540000000002,0.706205,GBR,QAT,8539
2220512,97,183,1742,2003,2787.0,0.0,0.494569,2.147062,HKG,QAT,8539
2220513,102,183,1742,2003,231119.0,0.0,1.2003270000000001,1.091407,HUN,QAT,8539
2220514,103,183,1742,2003,183521.0,0.0,-0.16802,1.7252990000000001,IDN,QAT,8539
2220515,104,183,1742,2003,1067.0,0.0,0.33014099999999996,2.836003,IND,QAT,8539
2220516,106,183,1742,2003,9458.0,0.0,1.6396130000000002,0.220599,IRL,QAT,8539
2220517,111,183,1742,2003,149207.0,0.0,1.399734,1.044608,ITA,QAT,8539
2220518,114,183,1742,2003,37297.0,0.0,2.4686630000000003,0.48072600000000004,JPN,QAT,8539
2220519,121,183,1742,2003,90701.0,0.0,1.2611709999999998,0.956308,KOR,QAT,8539
2220520,124,183,1742,2003,3996.0,5054.0,0.261687,1.053856,LBN,QAT,8539
2220521,153,183,1742,2003,1376.0,0.0,0.728804,0.2168,MYS,QAT,8539
2220522,162,183,1742,2003,143876.0,0.0,1.168453,1.7085709999999998,NLD,QAT,8539
2220523,167,183,1742,2003,32781.0,0.0,-1.434873,-1.188123,OMN,QAT,8539
2220524,177,183,1742,2003,18435.0,0.0,0.966622,1.664838,POL,QAT,8539
2220525,188,183,1742,2003,32476.0,0.0,0.202286,-0.714691,SAU,QAT,8539
2220526,192,183,1742,2003,3214.0,0.0,1.5080799999999999,0.720337,SGP,QAT,8539
2220527,206,183,1742,2003,2368.0,0.0,1.22565,0.915518,SVK,QAT,8539
2220528,228,183,1742,2003,4865.0,0.0,0.8929389999999999,0.956685,UKR,QAT,8539
2220529,231,183,1742,2003,54787.0,5011.0,1.7789220000000001,0.064028,USA,QAT,8539
2220530,249,183,1742,2003,4299.0,0.0,1.5924040000000002,1.397843,TWN,QAT,8539
2220531,250,183,1742,2003,11353.0,0.0,0.45951499999999995,-0.2312,ANS,QAT,8539
2220532,4,185,1742,2003,0.0,12943.0,-0.053595000000000004,0.166034,ALB,ROU,8539
2220533,7,185,1742,2003,62595.0,365814.0,0.049637,-0.502691,ARE,ROU,8539
2220534,8,185,1742,2003,791.0,20356.0,0.302073,0.49069700000000005,ARG,ROU,8539
2220535,14,185,1742,2003,137814.0,81647.0,0.316879,0.9409489999999999,AUS,ROU,8539
2220536,15,185,1742,2003,312944.0,24089.0,1.834977,0.408096,AUT,ROU,8539
2220537,18,185,1742,2003,330235.0,466352.0,1.361682,1.39536,BEL,ROU,8539
2220538,23,185,1742,2003,30666.0,13887.0,0.43308599999999997,1.7104099999999998,BGR,ROU,8539
2220539,28,185,1742,2003,78634.0,0.0,0.847358,0.9307719999999999,BLR,ROU,8539
2220540,32,185,1742,2003,13901.0,248719.0,0.660576,1.118876,BRA,ROU,8539
2220541,39,185,1742,2003,58328.0,66391.0,0.9791540000000001,1.185081,CAN,ROU,8539
2220542,41,185,1742,2003,46702.0,154065.0,2.151037,0.711217,CHE,ROU,8539
2220543,43,185,1742,2003,2218841.0,9733.0,0.579431,2.773139,CHN,ROU,8539
2220544,49,185,1742,2003,0.0,211947.0,0.218336,0.376869,COL,ROU,8539
2220545,58,185,1742,2003,0.0,19598.0,0.259992,0.068914,CYP,ROU,8539
2220546,59,185,1742,2003,135817.0,33586.0,1.555749,0.8662059999999999,CZE,ROU,8539
2220547,61,185,1742,2003,8406102.0,2749954.0,2.2821919999999998,-2.0985150000000004,DEU,ROU,8539
2220548,64,185,1742,2003,34494.0,0.0,1.309564,1.245596,DNK,ROU,8539
2220549,68,185,1742,2003,873.0,35970.0,-0.292923,0.465433,EGY,ROU,8539
2220550,71,185,1742,2003,81704.0,267248.0,0.960684,2.074792,ESP,ROU,8539
2220551,72,185,1742,2003,0.0,1303.0,0.5913010000000001,0.8489979999999999,EST,ROU,8539
2220552,74,185,1742,2003,4417.0,0.0,2.077889,0.942501,FIN,ROU,8539
2220553,77,185,1742,2003,124751.0,260580.0,1.606606,0.7394149999999999,FRA,ROU,8539
2220554,81,185,1742,2003,548388.0,3916962.0,1.8712540000000002,0.706205,GBR,ROU,8539
2220555,90,185,1742,2003,575602.0,99700.0,0.364688,1.4823959999999998,GRC,ROU,8539
2220556,97,185,1742,2003,4800.0,0.0,0.494569,2.147062,HKG,ROU,8539
2220557,100,185,1742,2003,0.0,10265.0,0.568394,1.230759,HRV,ROU,8539
2220558,102,185,1742,2003,4722570.0,37834.0,1.2003270000000001,1.091407,HUN,ROU,8539
2220559,103,185,1742,2003,37977.0,0.0,-0.16802,1.7252990000000001,IDN,ROU,8539
2220560,104,185,1742,2003,43162.0,0.0,0.33014099999999996,2.836003,IND,ROU,8539
2220561,106,185,1742,2003,1252.0,6536.0,1.6396130000000002,0.220599,IRL,ROU,8539
2220562,110,185,1742,2003,33781.0,54210.0,1.157809,0.682195,ISR,ROU,8539
2220563,111,185,1742,2003,589599.0,1413058.0,1.399734,1.044608,ITA,ROU,8539
2220564,114,185,1742,2003,68709.0,0.0,2.4686630000000003,0.48072600000000004,JPN,ROU,8539
2220565,115,185,1742,2003,0.0,1244.0,-0.156326,-0.62092,KAZ,ROU,8539
2220566,117,185,1742,2003,97398.0,1179.0,0.25359699999999996,0.24101199999999998,KGZ,ROU,8539
2220567,121,185,1742,2003,39334.0,0.0,1.2611709999999998,0.956308,KOR,ROU,8539
2220568,124,185,1742,2003,0.0,52195.0,0.261687,1.053856,LBN,ROU,8539
2220569,126,185,1742,2003,0.0,64687.0,-0.36075999999999997,-1.110575,LBY,ROU,8539
2220570,128,185,1742,2003,3566.0,10702.0,-0.618057,0.101931,LKA,ROU,8539
2220571,130,185,1742,2003,4387.0,0.0,0.239608,0.517299,LTU,ROU,8539
2220572,131,185,1742,2003,29551.0,2091.0,1.444996,1.063764,LUX,ROU,8539
2220573,132,185,1742,2003,6334.0,0.0,0.520772,0.5631689999999999,LVA,ROU,8539
2220574,135,185,1742,2003,1384.0,180414.0,-0.005154,-0.26107199999999997,MDA,ROU,8539
2220575,138,185,1742,2003,3210.0,0.0,0.862509,0.756684,MEX,ROU,8539
2220576,142,185,1742,2003,0.0,12119.0,1.2138149999999999,-0.015687,MLT,ROU,8539
2220577,151,185,1742,2003,0.0,20588.0,-0.361514,-0.29839899999999997,MUS,ROU,8539
2220578,162,185,1742,2003,1389001.0,2186188.0,1.168453,1.7085709999999998,NLD,ROU,8539
2220579,163,185,1742,2003,27399.0,31908.0,1.1500620000000001,0.258554,NOR,ROU,8539
2220580,166,185,1742,2003,0.0,6077.0,0.589619,0.997301,NZL,ROU,8539
2220581,168,185,1742,2003,0.0,21048.0,-0.6659689999999999,0.137924,PAK,ROU,8539
2220582,174,185,1742,2003,6678.0,40589.0,-0.065022,-0.195144,PHL,ROU,8539
2220583,177,185,1742,2003,3395986.0,249262.0,0.966622,1.664838,POL,ROU,8539
2220584,186,185,1742,2003,12704.0,0.0,1.072729,0.338355,RUS,ROU,8539
2220585,188,185,1742,2003,0.0,37346.0,0.202286,-0.714691,SAU,ROU,8539
2220586,189,185,1742,2003,0.0,4250.0,0.575326,1.627894,SCG,ROU,8539
2220587,192,185,1742,2003,9624.0,0.0,1.5080799999999999,0.720337,SGP,ROU,8539
2220588,206,185,1742,2003,155293.0,62928.0,1.22565,0.915518,SVK,ROU,8539
2220589,207,185,1742,2003,19718.0,24230.0,1.6459840000000001,1.014191,SVN,ROU,8539
2220590,208,185,1742,2003,30868.0,1211118.0,2.099224,0.799982,SWE,ROU,8539
2220591,212,185,1742,2003,0.0,56024.0,-0.868749,-0.326322,SYR,ROU,8539
2220592,216,185,1742,2003,9904.0,0.0,0.43010699999999996,1.607408,THA,ROU,8539
2220593,222,185,1742,2003,0.0,534.0,-0.16738,-0.9820969999999999,TTO,ROU,8539
2220594,224,185,1742,2003,177367.0,65945.0,0.192802,1.9855060000000002,TUR,ROU,8539
2220595,228,185,1742,2003,512477.0,20143.0,0.8929389999999999,0.956685,UKR,ROU,8539
2220596,231,185,1742,2003,158092.0,986592.0,1.7789220000000001,0.064028,USA,ROU,8539
2220597,239,185,1742,2003,25527.0,0.0,-0.633985,0.659696,VNM,ROU,8539
2220598,246,185,1742,2003,0.0,13637.0,0.477987,2.255395,ZAF,ROU,8539
2220599,249,185,1742,2003,148646.0,0.0,1.5924040000000002,1.397843,TWN,ROU,8539
2220600,250,185,1742,2003,99869.0,7358.0,0.45951499999999995,-0.2312,ANS,ROU,8539
2220601,1,186,1742,2003,0.0,15283.0,-0.421205,-0.602704,AFG,RUS,8539
2220602,2,186,1742,2003,0.0,5215.0,-1.8762919999999998,-1.176541,AGO,RUS,8539
2220603,4,186,1742,2003,0.0,25123.0,-0.053595000000000004,0.166034,ALB,RUS,8539
2220604,7,186,1742,2003,31459.0,4250.0,0.049637,-0.502691,ARE,RUS,8539
2220605,9,186,1742,2003,166844.0,5991.0,0.497521,-0.305788,ARM,RUS,8539
2220606,15,186,1742,2003,289895.0,0.0,1.834977,0.408096,AUT,RUS,8539
2220607,16,186,1742,2003,6679.0,451514.0,-0.304606,-0.975453,AZE,RUS,8539
2220608,18,186,1742,2003,240463.0,29299.0,1.361682,1.39536,BEL,RUS,8539
2220609,22,186,1742,2003,0.0,100533.0,-1.168404,-1.035782,BGD,RUS,8539
2220610,23,186,1742,2003,6277.0,33864.0,0.43308599999999997,1.7104099999999998,BGR,RUS,8539
2220611,28,186,1742,2003,3238282.0,2223962.0,0.847358,0.9307719999999999,BLR,RUS,8539
2220612,32,186,1742,2003,25739.0,0.0,0.660576,1.118876,BRA,RUS,8539
2220613,39,186,1742,2003,14851.0,5356.0,0.9791540000000001,1.185081,CAN,RUS,8539
2220614,41,186,1742,2003,36639.0,0.0,2.151037,0.711217,CHE,RUS,8539
2220615,43,186,1742,2003,6028737.0,177944.0,0.579431,2.773139,CHN,RUS,8539
2220616,44,186,1742,2003,0.0,5845.0,-0.699928,-0.723739,CIV,RUS,8539
2220617,54,186,1742,2003,0.0,111079.0,-0.391515,-0.8562120000000001,CUB,RUS,8539
2220618,59,186,1742,2003,91577.0,35182.0,1.555749,0.8662059999999999,CZE,RUS,8539
2220619,61,186,1742,2003,32443285.0,386137.0,2.2821919999999998,-2.0985150000000004,DEU,RUS,8539
2220620,64,186,1742,2003,223017.0,0.0,1.309564,1.245596,DNK,RUS,8539
2220621,66,186,1742,2003,0.0,2737.0,-1.060727,-1.142594,DZA,RUS,8539
2220622,68,186,1742,2003,0.0,26052.0,-0.292923,0.465433,EGY,RUS,8539
2220623,71,186,1742,2003,160693.0,1863.0,0.960684,2.074792,ESP,RUS,8539
2220624,72,186,1742,2003,36052.0,67436.0,0.5913010000000001,0.8489979999999999,EST,RUS,8539
2220625,74,186,1742,2003,2000785.0,6133.0,2.077889,0.942501,FIN,RUS,8539
2220626,77,186,1742,2003,1030756.0,6332.0,1.606606,0.7394149999999999,FRA,RUS,8539
2220627,81,186,1742,2003,2528808.0,17152.0,1.8712540000000002,0.706205,GBR,RUS,8539
2220628,82,186,1742,2003,0.0,30516.0,0.595485,-0.25939,GEO,RUS,8539
2220629,85,186,1742,2003,0.0,4892.0,-2.14752,-1.250048,GIN,RUS,8539
2220630,90,186,1742,2003,5386.0,0.0,0.364688,1.4823959999999998,GRC,RUS,8539
2220631,97,186,1742,2003,41638.0,28283.0,0.494569,2.147062,HKG,RUS,8539
2220632,100,186,1742,2003,8779.0,0.0,0.568394,1.230759,HRV,RUS,8539
2220633,102,186,1742,2003,6244498.0,17106.0,1.2003270000000001,1.091407,HUN,RUS,8539
2220634,103,186,1742,2003,17347.0,32750.0,-0.16802,1.7252990000000001,IDN,RUS,8539
2220635,104,186,1742,2003,81906.0,63722.0,0.33014099999999996,2.836003,IND,RUS,8539
2220636,106,186,1742,2003,3428.0,0.0,1.6396130000000002,0.220599,IRL,RUS,8539
2220637,107,186,1742,2003,0.0,11605.0,-0.552146,-0.8668520000000001,IRN,RUS,8539
2220638,108,186,1742,2003,0.0,75120.0,-0.398557,-0.774153,IRQ,RUS,8539
2220639,110,186,1742,2003,1657.0,16061.0,1.157809,0.682195,ISR,RUS,8539
2220640,111,186,1742,2003,1862385.0,1196.0,1.399734,1.044608,ITA,RUS,8539
2220641,113,186,1742,2003,0.0,17706.0,0.12295,0.377031,JOR,RUS,8539
2220642,114,186,1742,2003,289254.0,0.0,2.4686630000000003,0.48072600000000004,JPN,RUS,8539
2220643,115,186,1742,2003,1587.0,3463974.0,-0.156326,-0.62092,KAZ,RUS,8539
2220644,117,186,1742,2003,6586734.0,80064.0,0.25359699999999996,0.24101199999999998,KGZ,RUS,8539
2220645,121,186,1742,2003,2114735.0,51486.0,1.2611709999999998,0.956308,KOR,RUS,8539
2220646,124,186,1742,2003,0.0,12748.0,0.261687,1.053856,LBN,RUS,8539
2220647,126,186,1742,2003,0.0,10108.0,-0.36075999999999997,-1.110575,LBY,RUS,8539
2220648,130,186,1742,2003,123803.0,196176.0,0.239608,0.517299,LTU,RUS,8539
2220649,132,186,1742,2003,102155.0,183465.0,0.520772,0.5631689999999999,LVA,RUS,8539
2220650,135,186,1742,2003,0.0,431199.0,-0.005154,-0.26107199999999997,MDA,RUS,8539
2220651,138,186,1742,2003,1729.0,3621.0,0.862509,0.756684,MEX,RUS,8539
2220652,145,186,1742,2003,0.0,339829.0,-0.9747620000000001,-1.026308,MNG,RUS,8539
2220653,153,186,1742,2003,0.0,5734.0,0.728804,0.2168,MYS,RUS,8539
2220654,155,186,1742,2003,718.0,0.0,-0.24004499999999998,-0.39565900000000004,NAM,RUS,8539
2220655,162,186,1742,2003,647801.0,9078.0,1.168453,1.7085709999999998,NLD,RUS,8539
2220656,163,186,1742,2003,370265.0,508106.0,1.1500620000000001,0.258554,NOR,RUS,8539
2220657,168,186,1742,2003,0.0,773.0,-0.6659689999999999,0.137924,PAK,RUS,8539
2220658,174,186,1742,2003,3629.0,0.0,-0.065022,-0.195144,PHL,RUS,8539
2220659,177,186,1742,2003,1910394.0,94523.0,0.966622,1.664838,POL,RUS,8539
2220660,179,186,1742,2003,11696.0,0.0,0.471376,1.647303,PRT,RUS,8539
2220661,185,186,1742,2003,0.0,12704.0,0.378379,1.0064620000000002,ROU,RUS,8539
2220662,192,186,1742,2003,76542.0,0.0,1.5080799999999999,0.720337,SGP,RUS,8539
2220663,206,186,1742,2003,105701.0,20338.0,1.22565,0.915518,SVK,RUS,8539
2220664,207,186,1742,2003,74150.0,0.0,1.6459840000000001,1.014191,SVN,RUS,8539
2220665,208,186,1742,2003,244618.0,9397.0,2.099224,0.799982,SWE,RUS,8539
2220666,214,186,1742,2003,0.0,2881.0,-0.263238,-0.6801189999999999,TCD,RUS,8539
2220667,216,186,1742,2003,2629.0,0.0,0.43010699999999996,1.607408,THA,RUS,8539
2220668,217,186,1742,2003,0.0,147144.0,-0.6187520000000001,-1.0438969999999999,TJK,RUS,8539
2220669,219,186,1742,2003,0.0,641195.0,-1.223295,-1.250217,TKM,RUS,8539
2220670,224,186,1742,2003,522029.0,8889.0,0.192802,1.9855060000000002,TUR,RUS,8539
2220671,227,186,1742,2003,0.0,4251.0,-0.895193,-0.712039,UGA,RUS,8539
2220672,228,186,1742,2003,4426092.0,2994617.0,0.8929389999999999,0.956685,UKR,RUS,8539
2220673,231,186,1742,2003,182242.0,82234.0,1.7789220000000001,0.064028,USA,RUS,8539
2220674,232,186,1742,2003,0.0,2210700.0,-0.285978,-0.703334,UZB,RUS,8539
2220675,239,186,1742,2003,0.0,107186.0,-0.633985,0.659696,VNM,RUS,8539
2220676,249,186,1742,2003,124086.0,0.0,1.5924040000000002,1.397843,TWN,RUS,8539
2220677,250,186,1742,2003,18121.0,5384.0,0.45951499999999995,-0.2312,ANS,RUS,8539
2220678,7,188,1742,2003,214515.0,848677.0,0.049637,-0.502691,ARE,SAU,8539
2220679,8,188,1742,2003,961.0,0.0,0.302073,0.49069700000000005,ARG,SAU,8539
2220680,14,188,1742,2003,1027980.0,0.0,0.316879,0.9409489999999999,AUS,SAU,8539
2220681,15,188,1742,2003,37840.0,0.0,1.834977,0.408096,AUT,SAU,8539
2220682,18,188,1742,2003,122299.0,0.0,1.361682,1.39536,BEL,SAU,8539
2220683,21,188,1742,2003,0.0,463.0,-0.9365690000000001,-0.9699409999999999,BFA,SAU,8539
2220684,23,188,1742,2003,19126.0,0.0,0.43308599999999997,1.7104099999999998,BGR,SAU,8539
2220685,24,188,1742,2003,2177.0,51473.0,-0.10968800000000001,-1.041032,BHR,SAU,8539
2220686,32,188,1742,2003,87579.0,0.0,0.660576,1.118876,BRA,SAU,8539
2220687,39,188,1742,2003,45677.0,0.0,0.9791540000000001,1.185081,CAN,SAU,8539
2220688,41,188,1742,2003,47655.0,0.0,2.151037,0.711217,CHE,SAU,8539
2220689,43,188,1742,2003,7908148.0,6065.0,0.579431,2.773139,CHN,SAU,8539
2220690,58,188,1742,2003,0.0,27167.0,0.259992,0.068914,CYP,SAU,8539
2220691,59,188,1742,2003,77380.0,0.0,1.555749,0.8662059999999999,CZE,SAU,8539
2220692,61,188,1742,2003,8522040.0,1102.0,2.2821919999999998,-2.0985150000000004,DEU,SAU,8539
2220693,62,188,1742,2003,0.0,8460.0,-0.41648500000000005,-0.5408350000000001,DJI,SAU,8539
2220694,64,188,1742,2003,33419.0,0.0,1.309564,1.245596,DNK,SAU,8539
2220695,66,188,1742,2003,0.0,2415.0,-1.060727,-1.142594,DZA,SAU,8539
2220696,68,188,1742,2003,8359.0,3231.0,-0.292923,0.465433,EGY,SAU,8539
2220697,69,188,1742,2003,0.0,92563.0,-0.105591,-0.247614,ERI,SAU,8539
2220698,71,188,1742,2003,1109510.0,0.0,0.960684,2.074792,ESP,SAU,8539
2220699,73,188,1742,2003,0.0,25020.0,-1.1145559999999999,-0.9599620000000001,ETH,SAU,8539
2220700,74,188,1742,2003,32213.0,0.0,2.077889,0.942501,FIN,SAU,8539
2220701,77,188,1742,2003,373429.0,0.0,1.606606,0.7394149999999999,FRA,SAU,8539
2220702,81,188,1742,2003,2902353.0,0.0,1.8712540000000002,0.706205,GBR,SAU,8539
2220703,90,188,1742,2003,246326.0,0.0,0.364688,1.4823959999999998,GRC,SAU,8539
2220704,97,188,1742,2003,426609.0,6327.0,0.494569,2.147062,HKG,SAU,8539
2220705,102,188,1742,2003,6788566.0,0.0,1.2003270000000001,1.091407,HUN,SAU,8539
2220706,103,188,1742,2003,4193770.0,0.0,-0.16802,1.7252990000000001,IDN,SAU,8539
2220707,104,188,1742,2003,200865.0,0.0,0.33014099999999996,2.836003,IND,SAU,8539
2220708,106,188,1742,2003,4394.0,0.0,1.6396130000000002,0.220599,IRL,SAU,8539
2220709,111,188,1742,2003,3032570.0,65978.0,1.399734,1.044608,ITA,SAU,8539
2220710,113,188,1742,2003,45593.0,0.0,0.12295,0.377031,JOR,SAU,8539
2220711,114,188,1742,2003,4204089.0,0.0,2.4686630000000003,0.48072600000000004,JPN,SAU,8539
2220712,116,188,1742,2003,0.0,3141.0,-0.3531,0.582992,KEN,SAU,8539
2220713,121,188,1742,2003,821686.0,2040.0,1.2611709999999998,0.956308,KOR,SAU,8539
2220714,122,188,1742,2003,1199.0,118336.0,-0.7943640000000001,-1.1529770000000001,KWT,SAU,8539
2220715,124,188,1742,2003,7926.0,0.0,0.261687,1.053856,LBN,SAU,8539
2220716,128,188,1742,2003,0.0,389542.0,-0.618057,0.101931,LKA,SAU,8539
2220717,134,188,1742,2003,5778.0,0.0,-0.6842050000000001,-0.217892,MAR,SAU,8539
2220718,138,188,1742,2003,39416.0,0.0,0.862509,0.756684,MEX,SAU,8539
2220719,141,188,1742,2003,0.0,6150.0,-0.786411,-0.879049,MLI,SAU,8539
2220720,142,188,1742,2003,0.0,16431.0,1.2138149999999999,-0.015687,MLT,SAU,8539
2220721,147,188,1742,2003,0.0,1654.0,-1.188243,-1.123693,MOZ,SAU,8539
2220722,153,188,1742,2003,1019777.0,0.0,0.728804,0.2168,MYS,SAU,8539
2220723,159,188,1742,2003,0.0,2007.0,-1.859176,-1.234236,NGA,SAU,8539
2220724,162,188,1742,2003,6379073.0,4449.0,1.168453,1.7085709999999998,NLD,SAU,8539
2220725,163,188,1742,2003,4261.0,0.0,1.1500620000000001,0.258554,NOR,SAU,8539
2220726,167,188,1742,2003,0.0,2782.0,-1.434873,-1.188123,OMN,SAU,8539
2220727,168,188,1742,2003,3343.0,4340.0,-0.6659689999999999,0.137924,PAK,SAU,8539
2220728,174,188,1742,2003,2043.0,4944.0,-0.065022,-0.195144,PHL,SAU,8539
2220729,177,188,1742,2003,839629.0,0.0,0.966622,1.664838,POL,SAU,8539
2220730,179,188,1742,2003,11443.0,0.0,0.471376,1.647303,PRT,SAU,8539
2220731,183,188,1742,2003,0.0,32476.0,-0.209042,-1.0565799999999999,QAT,SAU,8539
2220732,185,188,1742,2003,37346.0,0.0,0.378379,1.0064620000000002,ROU,SAU,8539
2220733,187,188,1742,2003,0.0,873.0,-0.99513,-0.852476,RWA,SAU,8539
2220734,190,188,1742,2003,0.0,209928.0,-1.3535059999999999,-1.1701409999999999,SDN,SAU,8539
2220735,191,188,1742,2003,0.0,895.0,-0.25203600000000004,-0.25549299999999997,SEN,SAU,8539
2220736,192,188,1742,2003,274606.0,10927.0,1.5080799999999999,0.720337,SGP,SAU,8539
2220737,206,188,1742,2003,1356.0,0.0,1.22565,0.915518,SVK,SAU,8539
2220738,207,188,1742,2003,5983.0,0.0,1.6459840000000001,1.014191,SVN,SAU,8539
2220739,208,188,1742,2003,169532.0,0.0,2.099224,0.799982,SWE,SAU,8539
2220740,212,188,1742,2003,2462.0,0.0,-0.868749,-0.326322,SYR,SAU,8539
2220741,216,188,1742,2003,1028489.0,0.0,0.43010699999999996,1.607408,THA,SAU,8539
2220742,223,188,1742,2003,0.0,1078.0,-0.14845999999999998,0.255092,TUN,SAU,8539
2220743,224,188,1742,2003,20269.0,0.0,0.192802,1.9855060000000002,TUR,SAU,8539
2220744,226,188,1742,2003,0.0,4041.0,-1.225217,-0.43662399999999996,TZA,SAU,8539
2220745,231,188,1742,2003,4292840.0,13094.0,1.7789220000000001,0.064028,USA,SAU,8539
2220746,236,188,1742,2003,1655.0,0.0,0.277805,-0.783697,VEN,SAU,8539
2220747,243,188,1742,2003,0.0,76919.0,-1.453584,-1.257815,YEM,SAU,8539
2220748,246,188,1742,2003,52360.0,1402.0,0.477987,2.255395,ZAF,SAU,8539
2220749,249,188,1742,2003,808893.0,0.0,1.5924040000000002,1.397843,TWN,SAU,8539
2220750,250,188,1742,2003,2619096.0,0.0,0.45951499999999995,-0.2312,ANS,SAU,8539
2220751,7,192,1742,2003,0.0,111979.0,0.049637,-0.502691,ARE,SGP,8539
2220752,8,192,1742,2003,15285.0,12627.0,0.302073,0.49069700000000005,ARG,SGP,8539
2220753,14,192,1742,2003,256545.0,1743495.0,0.316879,0.9409489999999999,AUS,SGP,8539
2220754,15,192,1742,2003,41376.0,7431.0,1.834977,0.408096,AUT,SGP,8539
2220755,16,192,1742,2003,0.0,10150.0,-0.304606,-0.975453,AZE,SGP,8539
2220756,18,192,1742,2003,3734872.0,928946.0,1.361682,1.39536,BEL,SGP,8539
2220757,19,192,1742,2003,0.0,7005.0,-1.150888,-0.956203,BEN,SGP,8539
2220758,22,192,1742,2003,8283.0,93086.0,-1.168404,-1.035782,BGD,SGP,8539
2220759,23,192,1742,2003,0.0,3914.0,0.43308599999999997,1.7104099999999998,BGR,SGP,8539
2220760,24,192,1742,2003,0.0,13914.0,-0.10968800000000001,-1.041032,BHR,SGP,8539
2220761,26,192,1742,2003,0.0,1825.0,0.195667,0.347011,BIH,SGP,8539
2220762,28,192,1742,2003,0.0,424.0,0.847358,0.9307719999999999,BLR,SGP,8539
2220763,31,192,1742,2003,0.0,2407.0,-0.787995,-0.7228899999999999,BOL,SGP,8539
2220764,32,192,1742,2003,22901.0,111447.0,0.660576,1.118876,BRA,SGP,8539
2220765,34,192,1742,2003,3577.0,372847.0,-1.342738,-0.978633,BRN,SGP,8539
2220766,39,192,1742,2003,83391.0,131196.0,0.9791540000000001,1.185081,CAN,SGP,8539
2220767,41,192,1742,2003,2860561.0,117064.0,2.151037,0.711217,CHE,SGP,8539
2220768,42,192,1742,2003,0.0,11617.0,-0.06375900000000001,-0.156808,CHL,SGP,8539
2220769,43,192,1742,2003,22462799.0,6938707.0,0.579431,2.773139,CHN,SGP,8539
2220770,45,192,1742,2003,0.0,1093.0,-1.254788,-1.10897,CMR,SGP,8539
2220771,50,192,1742,2003,0.0,3639.0,-0.675377,-0.791014,COM,SGP,8539
2220772,58,192,1742,2003,2346.0,6526.0,0.259992,0.068914,CYP,SGP,8539
2220773,59,192,1742,2003,17062.0,18943.0,1.555749,0.8662059999999999,CZE,SGP,8539
2220774,61,192,1742,2003,14506128.0,2637456.0,2.2821919999999998,-2.0985150000000004,DEU,SGP,8539
2220775,64,192,1742,2003,61467.0,21996.0,1.309564,1.245596,DNK,SGP,8539
2220776,65,192,1742,2003,0.0,14382.0,-0.46264399999999994,-0.245034,DOM,SGP,8539
2220777,66,192,1742,2003,0.0,4021.0,-1.060727,-1.142594,DZA,SGP,8539
2220778,67,192,1742,2003,0.0,5680.0,-0.8689370000000001,-0.889767,ECU,SGP,8539
2220779,71,192,1742,2003,113953.0,146756.0,0.960684,2.074792,ESP,SGP,8539
2220780,74,192,1742,2003,121150.0,22520.0,2.077889,0.942501,FIN,SGP,8539
2220781,75,192,1742,2003,0.0,51045.0,-0.6865640000000001,-0.326977,FJI,SGP,8539
2220782,77,192,1742,2003,650787.0,247969.0,1.606606,0.7394149999999999,FRA,SGP,8539
2220783,80,192,1742,2003,0.0,780.0,-0.92745,-1.138466,GAB,SGP,8539
2220784,81,192,1742,2003,10519615.0,504584.0,1.8712540000000002,0.706205,GBR,SGP,8539
2220785,83,192,1742,2003,0.0,5057.0,-1.074188,-0.7127319999999999,GHA,SGP,8539
2220786,90,192,1742,2003,5731.0,0.0,0.364688,1.4823959999999998,GRC,SGP,8539
2220787,97,192,1742,2003,1495181.0,3920319.0,0.494569,2.147062,HKG,SGP,8539
2220788,100,192,1742,2003,0.0,8866.0,0.568394,1.230759,HRV,SGP,8539
2220789,102,192,1742,2003,10484059.0,213979.0,1.2003270000000001,1.091407,HUN,SGP,8539
2220790,103,192,1742,2003,2673000.0,4517331.0,-0.16802,1.7252990000000001,IDN,SGP,8539
2220791,104,192,1742,2003,422384.0,752216.0,0.33014099999999996,2.836003,IND,SGP,8539
2220792,106,192,1742,2003,1251.0,0.0,1.6396130000000002,0.220599,IRL,SGP,8539
2220793,107,192,1742,2003,0.0,239058.0,-0.552146,-0.8668520000000001,IRN,SGP,8539
2220794,110,192,1742,2003,4496.0,31746.0,1.157809,0.682195,ISR,SGP,8539
2220795,111,192,1742,2003,407663.0,194507.0,1.399734,1.044608,ITA,SGP,8539
2220796,112,192,1742,2003,0.0,7244.0,-0.6684140000000001,-0.915817,JAM,SGP,8539
2220797,114,192,1742,2003,23461314.0,3620964.0,2.4686630000000003,0.48072600000000004,JPN,SGP,8539
2220798,115,192,1742,2003,0.0,1937.0,-0.156326,-0.62092,KAZ,SGP,8539
2220799,116,192,1742,2003,0.0,37860.0,-0.3531,0.582992,KEN,SGP,8539
2220800,117,192,1742,2003,0.0,4361.0,0.25359699999999996,0.24101199999999998,KGZ,SGP,8539
2220801,118,192,1742,2003,1774.0,68457.0,-1.0165620000000002,-1.060454,KHM,SGP,8539
2220802,121,192,1742,2003,2981983.0,1388868.0,1.2611709999999998,0.956308,KOR,SGP,8539
2220803,122,192,1742,2003,12407.0,87983.0,-0.7943640000000001,-1.1529770000000001,KWT,SGP,8539
2220804,124,192,1742,2003,0.0,1836.0,0.261687,1.053856,LBN,SGP,8539
2220805,126,192,1742,2003,0.0,16119.0,-0.36075999999999997,-1.110575,LBY,SGP,8539
2220806,128,192,1742,2003,296454.0,428565.0,-0.618057,0.101931,LKA,SGP,8539
2220807,130,192,1742,2003,0.0,1336.0,0.239608,0.517299,LTU,SGP,8539
2220808,133,192,1742,2003,0.0,3911.0,-0.294516,-0.413828,MAC,SGP,8539
2220809,136,192,1742,2003,0.0,36450.0,-1.254758,-0.622696,MDG,SGP,8539
2220810,137,192,1742,2003,0.0,288613.0,-1.201352,-1.031892,MDV,SGP,8539
2220811,138,192,1742,2003,2738.0,159559.0,0.862509,0.756684,MEX,SGP,8539
2220812,141,192,1742,2003,0.0,10434.0,-0.786411,-0.879049,MLI,SGP,8539
2220813,143,192,1742,2003,0.0,189721.0,-1.435123,-1.0948,MMR,SGP,8539
2220814,147,192,1742,2003,0.0,4292.0,-1.188243,-1.123693,MOZ,SGP,8539
2220815,151,192,1742,2003,0.0,16416.0,-0.361514,-0.29839899999999997,MUS,SGP,8539
2220816,153,192,1742,2003,1665011.0,17863491.0,0.728804,0.2168,MYS,SGP,8539
2220817,156,192,1742,2003,0.0,12304.0,-0.344934,-0.776632,NCL,SGP,8539
2220818,159,192,1742,2003,0.0,12922.0,-1.859176,-1.234236,NGA,SGP,8539
2220819,162,192,1742,2003,3635084.0,1563780.0,1.168453,1.7085709999999998,NLD,SGP,8539
2220820,163,192,1742,2003,28803.0,31058.0,1.1500620000000001,0.258554,NOR,SGP,8539
2220821,164,192,1742,2003,0.0,5204.0,-0.26353899999999997,1.351717,NPL,SGP,8539
2220822,166,192,1742,2003,13282.0,258757.0,0.589619,0.997301,NZL,SGP,8539
2220823,167,192,1742,2003,0.0,2508.0,-1.434873,-1.188123,OMN,SGP,8539
2220824,168,192,1742,2003,0.0,207685.0,-0.6659689999999999,0.137924,PAK,SGP,8539
2220825,173,192,1742,2003,0.0,8119.0,-0.48627,0.371354,PER,SGP,8539
2220826,174,192,1742,2003,1423374.0,1581979.0,-0.065022,-0.195144,PHL,SGP,8539
2220827,176,192,1742,2003,0.0,101062.0,-1.7997330000000002,-1.2110049999999999,PNG,SGP,8539
2220828,177,192,1742,2003,598031.0,26976.0,0.966622,1.664838,POL,SGP,8539
2220829,178,192,1742,2003,0.0,3623.0,0.7060420000000001,0.7718,PRK,SGP,8539
2220830,182,192,1742,2003,0.0,1593.0,-0.255707,-0.676557,PYF,SGP,8539
2220831,183,192,1742,2003,0.0,3214.0,-0.209042,-1.0565799999999999,QAT,SGP,8539
2220832,185,192,1742,2003,0.0,9624.0,0.378379,1.0064620000000002,ROU,SGP,8539
2220833,186,192,1742,2003,0.0,76542.0,1.072729,0.338355,RUS,SGP,8539
2220834,188,192,1742,2003,10927.0,274606.0,0.202286,-0.714691,SAU,SGP,8539
2220835,190,192,1742,2003,0.0,29386.0,-1.3535059999999999,-1.1701409999999999,SDN,SGP,8539
2220836,195,192,1742,2003,0.0,1210.0,-1.342629,-0.900968,SLB,SGP,8539
2220837,206,192,1742,2003,1787.0,8546.0,1.22565,0.915518,SVK,SGP,8539
2220838,207,192,1742,2003,0.0,2006.0,1.6459840000000001,1.014191,SVN,SGP,8539
2220839,208,192,1742,2003,89840.0,1599.0,2.099224,0.799982,SWE,SGP,8539
2220840,211,192,1742,2003,0.0,68762.0,-0.44341099999999994,-0.742566,SYC,SGP,8539
2220841,216,192,1742,2003,2257979.0,2252914.0,0.43010699999999996,1.607408,THA,SGP,8539
2220842,223,192,1742,2003,0.0,1434.0,-0.14845999999999998,0.255092,TUN,SGP,8539
2220843,224,192,1742,2003,0.0,3857.0,0.192802,1.9855060000000002,TUR,SGP,8539
2220844,226,192,1742,2003,0.0,21097.0,-1.225217,-0.43662399999999996,TZA,SGP,8539
2220845,228,192,1742,2003,0.0,4319.0,0.8929389999999999,0.956685,UKR,SGP,8539
2220846,231,192,1742,2003,16618634.0,10351747.0,1.7789220000000001,0.064028,USA,SGP,8539
2220847,239,192,1742,2003,101159.0,1764979.0,-0.633985,0.659696,VNM,SGP,8539
2220848,240,192,1742,2003,0.0,1526.0,-0.916386,-0.784439,VUT,SGP,8539
2220849,243,192,1742,2003,0.0,3276.0,-1.453584,-1.257815,YEM,SGP,8539
2220850,246,192,1742,2003,34901.0,82217.0,0.477987,2.255395,ZAF,SGP,8539
2220851,249,192,1742,2003,3509364.0,871196.0,1.5924040000000002,1.397843,TWN,SGP,8539
2220852,250,192,1742,2003,4512.0,1739.0,0.45951499999999995,-0.2312,ANS,SGP,8539
2220853,8,206,1742,2003,0.0,282192.0,0.302073,0.49069700000000005,ARG,SVK,8539
2220854,14,206,1742,2003,3136.0,147668.0,0.316879,0.9409489999999999,AUS,SVK,8539
2220855,15,206,1742,2003,249236.0,560682.0,1.834977,0.408096,AUT,SVK,8539
2220856,18,206,1742,2003,2074815.0,18477.0,1.361682,1.39536,BEL,SVK,8539
2220857,23,206,1742,2003,1639.0,41782.0,0.43308599999999997,1.7104099999999998,BGR,SVK,8539
2220858,26,206,1742,2003,0.0,40400.0,0.195667,0.347011,BIH,SVK,8539
2220859,28,206,1742,2003,62596.0,0.0,0.847358,0.9307719999999999,BLR,SVK,8539
2220860,32,206,1742,2003,6802.0,254429.0,0.660576,1.118876,BRA,SVK,8539
2220861,39,206,1742,2003,38056.0,43474.0,0.9791540000000001,1.185081,CAN,SVK,8539
2220862,41,206,1742,2003,550600.0,0.0,2.151037,0.711217,CHE,SVK,8539
2220863,43,206,1742,2003,594865.0,246840.0,0.579431,2.773139,CHN,SVK,8539
2220864,49,206,1742,2003,0.0,37336.0,0.218336,0.376869,COL,SVK,8539
2220865,54,206,1742,2003,0.0,2501.0,-0.391515,-0.8562120000000001,CUB,SVK,8539
2220866,58,206,1742,2003,0.0,4777.0,0.259992,0.068914,CYP,SVK,8539
2220867,59,206,1742,2003,2011717.0,1511362.0,1.555749,0.8662059999999999,CZE,SVK,8539
2220868,61,206,1742,2003,9070963.0,34732232.0,2.2821919999999998,-2.0985150000000004,DEU,SVK,8539
2220869,64,206,1742,2003,5332.0,38502.0,1.309564,1.245596,DNK,SVK,8539
2220870,71,206,1742,2003,1627636.0,2245330.0,0.960684,2.074792,ESP,SVK,8539
2220871,72,206,1742,2003,0.0,71362.0,0.5913010000000001,0.8489979999999999,EST,SVK,8539
2220872,74,206,1742,2003,0.0,112070.0,2.077889,0.942501,FIN,SVK,8539
2220873,77,206,1742,2003,1343053.0,367323.0,1.606606,0.7394149999999999,FRA,SVK,8539
2220874,81,206,1742,2003,140952.0,39487.0,1.8712540000000002,0.706205,GBR,SVK,8539
2220875,90,206,1742,2003,3091.0,3374.0,0.364688,1.4823959999999998,GRC,SVK,8539
2220876,97,206,1742,2003,29858.0,0.0,0.494569,2.147062,HKG,SVK,8539
2220877,100,206,1742,2003,0.0,331083.0,0.568394,1.230759,HRV,SVK,8539
2220878,102,206,1742,2003,3103632.0,226760.0,1.2003270000000001,1.091407,HUN,SVK,8539
2220879,103,206,1742,2003,5255.0,0.0,-0.16802,1.7252990000000001,IDN,SVK,8539
2220880,104,206,1742,2003,15395.0,76193.0,0.33014099999999996,2.836003,IND,SVK,8539
2220881,106,206,1742,2003,0.0,283161.0,1.6396130000000002,0.220599,IRL,SVK,8539
2220882,107,206,1742,2003,2497.0,0.0,-0.552146,-0.8668520000000001,IRN,SVK,8539
2220883,109,206,1742,2003,0.0,6722.0,0.21902800000000003,-0.40818499999999996,ISL,SVK,8539
2220884,110,206,1742,2003,0.0,486766.0,1.157809,0.682195,ISR,SVK,8539
2220885,111,206,1742,2003,1103678.0,3375342.0,1.399734,1.044608,ITA,SVK,8539
2220886,114,206,1742,2003,73732.0,31156.0,2.4686630000000003,0.48072600000000004,JPN,SVK,8539
2220887,115,206,1742,2003,0.0,7739.0,-0.156326,-0.62092,KAZ,SVK,8539
2220888,116,206,1742,2003,0.0,2496.0,-0.3531,0.582992,KEN,SVK,8539
2220889,117,206,1742,2003,8830.0,0.0,0.25359699999999996,0.24101199999999998,KGZ,SVK,8539
2220890,121,206,1742,2003,47165.0,58118.0,1.2611709999999998,0.956308,KOR,SVK,8539
2220891,122,206,1742,2003,0.0,31688.0,-0.7943640000000001,-1.1529770000000001,KWT,SVK,8539
2220892,124,206,1742,2003,0.0,74908.0,0.261687,1.053856,LBN,SVK,8539
2220893,126,206,1742,2003,0.0,242861.0,-0.36075999999999997,-1.110575,LBY,SVK,8539
2220894,128,206,1742,2003,1288.0,0.0,-0.618057,0.101931,LKA,SVK,8539
2220895,130,206,1742,2003,0.0,85443.0,0.239608,0.517299,LTU,SVK,8539
2220896,132,206,1742,2003,4589.0,38061.0,0.520772,0.5631689999999999,LVA,SVK,8539
2220897,135,206,1742,2003,0.0,8159.0,-0.005154,-0.26107199999999997,MDA,SVK,8539
2220898,138,206,1742,2003,1497.0,131079.0,0.862509,0.756684,MEX,SVK,8539
2220899,140,206,1742,2003,0.0,30939.0,-0.017632,0.225394,MKD,SVK,8539
2220900,142,206,1742,2003,0.0,44619.0,1.2138149999999999,-0.015687,MLT,SVK,8539
2220901,153,206,1742,2003,1015.0,932.0,0.728804,0.2168,MYS,SVK,8539
2220902,162,206,1742,2003,1527231.0,678478.0,1.168453,1.7085709999999998,NLD,SVK,8539
2220903,163,206,1742,2003,2329.0,130025.0,1.1500620000000001,0.258554,NOR,SVK,8539
2220904,166,206,1742,2003,0.0,48485.0,0.589619,0.997301,NZL,SVK,8539
2220905,173,206,1742,2003,0.0,123870.0,-0.48627,0.371354,PER,SVK,8539
2220906,177,206,1742,2003,7647990.0,826117.0,0.966622,1.664838,POL,SVK,8539
2220907,179,206,1742,2003,1367.0,0.0,0.471376,1.647303,PRT,SVK,8539
2220908,183,206,1742,2003,0.0,2368.0,-0.209042,-1.0565799999999999,QAT,SVK,8539
2220909,185,206,1742,2003,62928.0,155293.0,0.378379,1.0064620000000002,ROU,SVK,8539
2220910,186,206,1742,2003,20338.0,105701.0,1.072729,0.338355,RUS,SVK,8539
2220911,188,206,1742,2003,0.0,1356.0,0.202286,-0.714691,SAU,SVK,8539
2220912,189,206,1742,2003,0.0,15771.0,0.575326,1.627894,SCG,SVK,8539
2220913,192,206,1742,2003,8546.0,1787.0,1.5080799999999999,0.720337,SGP,SVK,8539
2220914,207,206,1742,2003,26497.0,222383.0,1.6459840000000001,1.014191,SVN,SVK,8539
2220915,208,206,1742,2003,36986.0,0.0,2.099224,0.799982,SWE,SVK,8539
2220916,216,206,1742,2003,2373.0,3191.0,0.43010699999999996,1.607408,THA,SVK,8539
2220917,223,206,1742,2003,0.0,6632.0,-0.14845999999999998,0.255092,TUN,SVK,8539
2220918,224,206,1742,2003,1656.0,45389.0,0.192802,1.9855060000000002,TUR,SVK,8539
2220919,228,206,1742,2003,262786.0,99557.0,0.8929389999999999,0.956685,UKR,SVK,8539
2220920,231,206,1742,2003,199770.0,3522819.0,1.7789220000000001,0.064028,USA,SVK,8539
2220921,246,206,1742,2003,0.0,401414.0,0.477987,2.255395,ZAF,SVK,8539
2220922,249,206,1742,2003,17273.0,94922.0,1.5924040000000002,1.397843,TWN,SVK,8539
2220923,250,206,1742,2003,68521.0,0.0,0.45951499999999995,-0.2312,ANS,SVK,8539
2220924,4,207,1742,2003,0.0,3151.0,-0.053595000000000004,0.166034,ALB,SVN,8539
2220925,8,207,1742,2003,4725.0,0.0,0.302073,0.49069700000000005,ARG,SVN,8539
2220926,14,207,1742,2003,438.0,15739.0,0.316879,0.9409489999999999,AUS,SVN,8539
2220927,15,207,1742,2003,860417.0,24743.0,1.834977,0.408096,AUT,SVN,8539
2220928,18,207,1742,2003,218236.0,32789.0,1.361682,1.39536,BEL,SVN,8539
2220929,23,207,1742,2003,0.0,3001.0,0.43308599999999997,1.7104099999999998,BGR,SVN,8539
2220930,26,207,1742,2003,0.0,238267.0,0.195667,0.347011,BIH,SVN,8539
2220931,28,207,1742,2003,0.0,21608.0,0.847358,0.9307719999999999,BLR,SVN,8539
2220932,32,207,1742,2003,8230.0,34135.0,0.660576,1.118876,BRA,SVN,8539
2220933,39,207,1742,2003,1824.0,10026.0,0.9791540000000001,1.185081,CAN,SVN,8539
2220934,41,207,1742,2003,69226.0,5707.0,2.151037,0.711217,CHE,SVN,8539
2220935,42,207,1742,2003,0.0,5724.0,-0.06375900000000001,-0.156808,CHL,SVN,8539
2220936,43,207,1742,2003,221895.0,25190.0,0.579431,2.773139,CHN,SVN,8539
2220937,49,207,1742,2003,0.0,2308.0,0.218336,0.376869,COL,SVN,8539
2220938,52,207,1742,2003,9074.0,0.0,-0.193904,-0.5049680000000001,CRI,SVN,8539
2220939,58,207,1742,2003,0.0,13211.0,0.259992,0.068914,CYP,SVN,8539
2220940,59,207,1742,2003,42228.0,241193.0,1.555749,0.8662059999999999,CZE,SVN,8539
2220941,61,207,1742,2003,11681922.0,625962.0,2.2821919999999998,-2.0985150000000004,DEU,SVN,8539
2220942,64,207,1742,2003,2202.0,0.0,1.309564,1.245596,DNK,SVN,8539
2220943,71,207,1742,2003,38586.0,256648.0,0.960684,2.074792,ESP,SVN,8539
2220944,74,207,1742,2003,950.0,7242.0,2.077889,0.942501,FIN,SVN,8539
2220945,77,207,1742,2003,339034.0,195013.0,1.606606,0.7394149999999999,FRA,SVN,8539
2220946,81,207,1742,2003,182375.0,73057.0,1.8712540000000002,0.706205,GBR,SVN,8539
2220947,87,207,1742,2003,2605.0,0.0,-0.230541,-0.275663,GMB,SVN,8539
2220948,97,207,1742,2003,352431.0,43690.0,0.494569,2.147062,HKG,SVN,8539
2220949,100,207,1742,2003,67436.0,357650.0,0.568394,1.230759,HRV,SVN,8539
2220950,102,207,1742,2003,3847543.0,140489.0,1.2003270000000001,1.091407,HUN,SVN,8539
2220951,103,207,1742,2003,6760.0,0.0,-0.16802,1.7252990000000001,IDN,SVN,8539
2220952,104,207,1742,2003,28503.0,25744.0,0.33014099999999996,2.836003,IND,SVN,8539
2220953,106,207,1742,2003,1153.0,0.0,1.6396130000000002,0.220599,IRL,SVN,8539
2220954,109,207,1742,2003,0.0,910.0,0.21902800000000003,-0.40818499999999996,ISL,SVN,8539
2220955,110,207,1742,2003,0.0,7138.0,1.157809,0.682195,ISR,SVN,8539
2220956,111,207,1742,2003,418721.0,1382011.0,1.399734,1.044608,ITA,SVN,8539
2220957,114,207,1742,2003,141851.0,6316.0,2.4686630000000003,0.48072600000000004,JPN,SVN,8539
2220958,121,207,1742,2003,157744.0,0.0,1.2611709999999998,0.956308,KOR,SVN,8539
2220959,122,207,1742,2003,0.0,10706.0,-0.7943640000000001,-1.1529770000000001,KWT,SVN,8539
2220960,128,207,1742,2003,4378.0,0.0,-0.618057,0.101931,LKA,SVN,8539
2220961,130,207,1742,2003,5432.0,0.0,0.239608,0.517299,LTU,SVN,8539
2220962,132,207,1742,2003,11287.0,0.0,0.520772,0.5631689999999999,LVA,SVN,8539
2220963,138,207,1742,2003,7101.0,0.0,0.862509,0.756684,MEX,SVN,8539
2220964,140,207,1742,2003,0.0,58198.0,-0.017632,0.225394,MKD,SVN,8539
2220965,153,207,1742,2003,1273.0,3580.0,0.728804,0.2168,MYS,SVN,8539
2220966,159,207,1742,2003,0.0,1383.0,-1.859176,-1.234236,NGA,SVN,8539
2220967,162,207,1742,2003,98826.0,7348.0,1.168453,1.7085709999999998,NLD,SVN,8539
2220968,163,207,1742,2003,2663.0,173628.0,1.1500620000000001,0.258554,NOR,SVN,8539
2220969,174,207,1742,2003,875.0,0.0,-0.065022,-0.195144,PHL,SVN,8539
2220970,177,207,1742,2003,883005.0,170871.0,0.966622,1.664838,POL,SVN,8539
2220971,185,207,1742,2003,24230.0,19718.0,0.378379,1.0064620000000002,ROU,SVN,8539
2220972,186,207,1742,2003,0.0,74150.0,1.072729,0.338355,RUS,SVN,8539
2220973,188,207,1742,2003,0.0,5983.0,0.202286,-0.714691,SAU,SVN,8539
2220974,189,207,1742,2003,4449.0,67395.0,0.575326,1.627894,SCG,SVN,8539
2220975,192,207,1742,2003,2006.0,0.0,1.5080799999999999,0.720337,SGP,SVN,8539
2220976,206,207,1742,2003,222383.0,26497.0,1.22565,0.915518,SVK,SVN,8539
2220977,208,207,1742,2003,7053.0,7981.0,2.099224,0.799982,SWE,SVN,8539
2220978,216,207,1742,2003,855.0,0.0,0.43010699999999996,1.607408,THA,SVN,8539
2220979,223,207,1742,2003,600.0,1130.0,-0.14845999999999998,0.255092,TUN,SVN,8539
2220980,228,207,1742,2003,30325.0,3304.0,0.8929389999999999,0.956685,UKR,SVN,8539
2220981,231,207,1742,2003,138398.0,11705.0,1.7789220000000001,0.064028,USA,SVN,8539
2220982,239,207,1742,2003,25443.0,0.0,-0.633985,0.659696,VNM,SVN,8539
2220983,249,207,1742,2003,65170.0,0.0,1.5924040000000002,1.397843,TWN,SVN,8539
2220984,7,212,1742,2003,79971.0,0.0,0.049637,-0.502691,ARE,SYR,8539
2220985,14,212,1742,2003,851.0,0.0,0.316879,0.9409489999999999,AUS,SYR,8539
2220986,15,212,1742,2003,2262.0,0.0,1.834977,0.408096,AUT,SYR,8539
2220987,18,212,1742,2003,44447.0,0.0,1.361682,1.39536,BEL,SYR,8539
2220988,28,212,1742,2003,76237.0,0.0,0.847358,0.9307719999999999,BLR,SYR,8539
2220989,32,212,1742,2003,81525.0,0.0,0.660576,1.118876,BRA,SYR,8539
2220990,41,212,1742,2003,5970.0,0.0,2.151037,0.711217,CHE,SYR,8539
2220991,43,212,1742,2003,3814208.0,0.0,0.579431,2.773139,CHN,SYR,8539
2220992,59,212,1742,2003,19171.0,0.0,1.555749,0.8662059999999999,CZE,SYR,8539
2220993,61,212,1742,2003,1155172.0,0.0,2.2821919999999998,-2.0985150000000004,DEU,SYR,8539
2220994,68,212,1742,2003,105207.0,0.0,-0.292923,0.465433,EGY,SYR,8539
2220995,71,212,1742,2003,47990.0,0.0,0.960684,2.074792,ESP,SYR,8539
2220996,77,212,1742,2003,299635.0,14506.0,1.606606,0.7394149999999999,FRA,SYR,8539
2220997,81,212,1742,2003,99884.0,0.0,1.8712540000000002,0.706205,GBR,SYR,8539
2220998,97,212,1742,2003,742.0,0.0,0.494569,2.147062,HKG,SYR,8539
2220999,102,212,1742,2003,3118463.0,0.0,1.2003270000000001,1.091407,HUN,SYR,8539
2221000,103,212,1742,2003,226964.0,0.0,-0.16802,1.7252990000000001,IDN,SYR,8539
2221001,104,212,1742,2003,158554.0,0.0,0.33014099999999996,2.836003,IND,SYR,8539
2221002,107,212,1742,2003,18491.0,0.0,-0.552146,-0.8668520000000001,IRN,SYR,8539
2221003,111,212,1742,2003,188154.0,0.0,1.399734,1.044608,ITA,SYR,8539
2221004,114,212,1742,2003,63732.0,0.0,2.4686630000000003,0.48072600000000004,JPN,SYR,8539
2221005,121,212,1742,2003,247834.0,0.0,1.2611709999999998,0.956308,KOR,SYR,8539
2221006,124,212,1742,2003,9476.0,0.0,0.261687,1.053856,LBN,SYR,8539
2221007,162,212,1742,2003,233674.0,0.0,1.168453,1.7085709999999998,NLD,SYR,8539
2221008,177,212,1742,2003,151373.0,0.0,0.966622,1.664838,POL,SYR,8539
2221009,178,212,1742,2003,2307.0,0.0,0.7060420000000001,0.7718,PRK,SYR,8539
2221010,185,212,1742,2003,56024.0,0.0,0.378379,1.0064620000000002,ROU,SYR,8539
2221011,188,212,1742,2003,0.0,2462.0,0.202286,-0.714691,SAU,SYR,8539
2221012,190,212,1742,2003,0.0,4586.0,-1.3535059999999999,-1.1701409999999999,SDN,SYR,8539
2221013,216,212,1742,2003,472033.0,0.0,0.43010699999999996,1.607408,THA,SYR,8539
2221014,224,212,1742,2003,29715.0,0.0,0.192802,1.9855060000000002,TUR,SYR,8539
2221015,231,212,1742,2003,375267.0,0.0,1.7789220000000001,0.064028,USA,SYR,8539
2221016,239,212,1742,2003,29113.0,0.0,-0.633985,0.659696,VNM,SYR,8539
2221017,249,212,1742,2003,56502.0,0.0,1.5924040000000002,1.397843,TWN,SYR,8539
2221018,250,212,1742,2003,497902.0,0.0,0.45951499999999995,-0.2312,ANS,SYR,8539
2221019,14,223,1742,2003,1084.0,29365.0,0.316879,0.9409489999999999,AUS,TUN,8539
2221020,15,223,1742,2003,827.0,5563.0,1.834977,0.408096,AUT,TUN,8539
2221021,18,223,1742,2003,650550.0,145957.0,1.361682,1.39536,BEL,TUN,8539
2221022,21,223,1742,2003,0.0,2998.0,-0.9365690000000001,-0.9699409999999999,BFA,TUN,8539
2221023,23,223,1742,2003,5968.0,1187.0,0.43308599999999997,1.7104099999999998,BGR,TUN,8539
2221024,32,223,1742,2003,11623.0,0.0,0.660576,1.118876,BRA,TUN,8539
2221025,39,223,1742,2003,4482.0,1012.0,0.9791540000000001,1.185081,CAN,TUN,8539
2221026,41,223,1742,2003,12500.0,0.0,2.151037,0.711217,CHE,TUN,8539
2221027,43,223,1742,2003,2418427.0,0.0,0.579431,2.773139,CHN,TUN,8539
2221028,45,223,1742,2003,0.0,11386.0,-1.254788,-1.10897,CMR,TUN,8539
2221029,58,223,1742,2003,0.0,975.0,0.259992,0.068914,CYP,TUN,8539
2221030,59,223,1742,2003,4877.0,0.0,1.555749,0.8662059999999999,CZE,TUN,8539
2221031,61,223,1742,2003,5090177.0,1024379.0,2.2821919999999998,-2.0985150000000004,DEU,TUN,8539
2221032,64,223,1742,2003,6159.0,0.0,1.309564,1.245596,DNK,TUN,8539
2221033,66,223,1742,2003,0.0,5636.0,-1.060727,-1.142594,DZA,TUN,8539
2221034,71,223,1742,2003,644436.0,52651.0,0.960684,2.074792,ESP,TUN,8539
2221035,72,223,1742,2003,0.0,1800.0,0.5913010000000001,0.8489979999999999,EST,TUN,8539
2221036,77,223,1742,2003,1572841.0,7985235.0,1.606606,0.7394149999999999,FRA,TUN,8539
2221037,81,223,1742,2003,958856.0,494963.0,1.8712540000000002,0.706205,GBR,TUN,8539
2221038,90,223,1742,2003,739.0,0.0,0.364688,1.4823959999999998,GRC,TUN,8539
2221039,97,223,1742,2003,42397.0,0.0,0.494569,2.147062,HKG,TUN,8539
2221040,102,223,1742,2003,721635.0,9729.0,1.2003270000000001,1.091407,HUN,TUN,8539
2221041,103,223,1742,2003,28337.0,0.0,-0.16802,1.7252990000000001,IDN,TUN,8539
2221042,104,223,1742,2003,14510.0,0.0,0.33014099999999996,2.836003,IND,TUN,8539
2221043,106,223,1742,2003,6063.0,0.0,1.6396130000000002,0.220599,IRL,TUN,8539
2221044,107,223,1742,2003,1451.0,0.0,-0.552146,-0.8668520000000001,IRN,TUN,8539
2221045,109,223,1742,2003,0.0,429.0,0.21902800000000003,-0.40818499999999996,ISL,TUN,8539
2221046,111,223,1742,2003,361194.0,9649.0,1.399734,1.044608,ITA,TUN,8539
2221047,114,223,1742,2003,37956.0,0.0,2.4686630000000003,0.48072600000000004,JPN,TUN,8539
2221048,121,223,1742,2003,16136.0,0.0,1.2611709999999998,0.956308,KOR,TUN,8539
2221049,122,223,1742,2003,0.0,3728.0,-0.7943640000000001,-1.1529770000000001,KWT,TUN,8539
2221050,126,223,1742,2003,0.0,1177485.0,-0.36075999999999997,-1.110575,LBY,TUN,8539
2221051,134,223,1742,2003,0.0,1336.0,-0.6842050000000001,-0.217892,MAR,TUN,8539
2221052,136,223,1742,2003,0.0,2048.0,-1.254758,-0.622696,MDG,TUN,8539
2221053,138,223,1742,2003,1552.0,0.0,0.862509,0.756684,MEX,TUN,8539
2221054,142,223,1742,2003,10070.0,0.0,1.2138149999999999,-0.015687,MLT,TUN,8539
2221055,162,223,1742,2003,293957.0,35934.0,1.168453,1.7085709999999998,NLD,TUN,8539
2221056,163,223,1742,2003,876.0,0.0,1.1500620000000001,0.258554,NOR,TUN,8539
2221057,177,223,1742,2003,69610.0,0.0,0.966622,1.664838,POL,TUN,8539
2221058,178,223,1742,2003,1307.0,0.0,0.7060420000000001,0.7718,PRK,TUN,8539
2221059,182,223,1742,2003,0.0,2173.0,-0.255707,-0.676557,PYF,TUN,8539
2221060,188,223,1742,2003,1078.0,0.0,0.202286,-0.714691,SAU,TUN,8539
2221061,191,223,1742,2003,0.0,3367.0,-0.25203600000000004,-0.25549299999999997,SEN,TUN,8539
2221062,192,223,1742,2003,1434.0,0.0,1.5080799999999999,0.720337,SGP,TUN,8539
2221063,206,223,1742,2003,6632.0,0.0,1.22565,0.915518,SVK,TUN,8539
2221064,207,223,1742,2003,1130.0,600.0,1.6459840000000001,1.014191,SVN,TUN,8539
2221065,208,223,1742,2003,4974.0,0.0,2.099224,0.799982,SWE,TUN,8539
2221066,216,223,1742,2003,7497.0,0.0,0.43010699999999996,1.607408,THA,TUN,8539
2221067,224,223,1742,2003,7102.0,6819.0,0.192802,1.9855060000000002,TUR,TUN,8539
2221068,231,223,1742,2003,57075.0,0.0,1.7789220000000001,0.064028,USA,TUN,8539
2221069,249,223,1742,2003,7929.0,0.0,1.5924040000000002,1.397843,TWN,TUN,8539
2221070,250,223,1742,2003,92942.0,8048.0,0.45951499999999995,-0.2312,ANS,TUN,8539
2221071,4,228,1742,2003,0.0,65541.0,-0.053595000000000004,0.166034,ALB,UKR,8539
2221072,7,228,1742,2003,0.0,128791.0,0.049637,-0.502691,ARE,UKR,8539
2221073,8,228,1742,2003,1115.0,0.0,0.302073,0.49069700000000005,ARG,UKR,8539
2221074,9,228,1742,2003,1091.0,127533.0,0.497521,-0.305788,ARM,UKR,8539
2221075,14,228,1742,2003,1363.0,0.0,0.316879,0.9409489999999999,AUS,UKR,8539
2221076,15,228,1742,2003,456979.0,16259.0,1.834977,0.408096,AUT,UKR,8539
2221077,16,228,1742,2003,0.0,491425.0,-0.304606,-0.975453,AZE,UKR,8539
2221078,17,228,1742,2003,0.0,2682.0,-0.550138,-0.759304,BDI,UKR,8539
2221079,18,228,1742,2003,40511.0,0.0,1.361682,1.39536,BEL,UKR,8539
2221080,23,228,1742,2003,1123.0,525588.0,0.43308599999999997,1.7104099999999998,BGR,UKR,8539
2221081,24,228,1742,2003,0.0,8307.0,-0.10968800000000001,-1.041032,BHR,UKR,8539
2221082,28,228,1742,2003,1380703.0,14315.0,0.847358,0.9307719999999999,BLR,UKR,8539
2221083,39,228,1742,2003,16905.0,1319.0,0.9791540000000001,1.185081,CAN,UKR,8539
2221084,41,228,1742,2003,8932.0,0.0,2.151037,0.711217,CHE,UKR,8539
2221085,43,228,1742,2003,1200646.0,0.0,0.579431,2.773139,CHN,UKR,8539
2221086,44,228,1742,2003,0.0,1041.0,-0.699928,-0.723739,CIV,UKR,8539
2221087,54,228,1742,2003,0.0,2297.0,-0.391515,-0.8562120000000001,CUB,UKR,8539
2221088,58,228,1742,2003,0.0,7028.0,0.259992,0.068914,CYP,UKR,8539
2221089,59,228,1742,2003,96165.0,266907.0,1.555749,0.8662059999999999,CZE,UKR,8539
2221090,61,228,1742,2003,3281499.0,483003.0,2.2821919999999998,-2.0985150000000004,DEU,UKR,8539
2221091,64,228,1742,2003,4660.0,0.0,1.309564,1.245596,DNK,UKR,8539
2221092,71,228,1742,2003,157225.0,0.0,0.960684,2.074792,ESP,UKR,8539
2221093,72,228,1742,2003,811.0,60532.0,0.5913010000000001,0.8489979999999999,EST,UKR,8539
2221094,74,228,1742,2003,25985.0,28147.0,2.077889,0.942501,FIN,UKR,8539
2221095,77,228,1742,2003,255000.0,293941.0,1.606606,0.7394149999999999,FRA,UKR,8539
2221096,81,228,1742,2003,123894.0,99188.0,1.8712540000000002,0.706205,GBR,UKR,8539
2221097,82,228,1742,2003,0.0,391748.0,0.595485,-0.25939,GEO,UKR,8539
2221098,90,228,1742,2003,3700.0,86025.0,0.364688,1.4823959999999998,GRC,UKR,8539
2221099,97,228,1742,2003,37486.0,0.0,0.494569,2.147062,HKG,UKR,8539
2221100,100,228,1742,2003,0.0,219228.0,0.568394,1.230759,HRV,UKR,8539
2221101,102,228,1742,2003,3628679.0,149526.0,1.2003270000000001,1.091407,HUN,UKR,8539
2221102,103,228,1742,2003,10976.0,0.0,-0.16802,1.7252990000000001,IDN,UKR,8539
2221103,104,228,1742,2003,39846.0,46509.0,0.33014099999999996,2.836003,IND,UKR,8539
2221104,106,228,1742,2003,2570.0,0.0,1.6396130000000002,0.220599,IRL,UKR,8539
2221105,107,228,1742,2003,0.0,61631.0,-0.552146,-0.8668520000000001,IRN,UKR,8539
2221106,110,228,1742,2003,729.0,0.0,1.157809,0.682195,ISR,UKR,8539
2221107,111,228,1742,2003,127250.0,31173.0,1.399734,1.044608,ITA,UKR,8539
2221108,113,228,1742,2003,0.0,30557.0,0.12295,0.377031,JOR,UKR,8539
2221109,114,228,1742,2003,63982.0,0.0,2.4686630000000003,0.48072600000000004,JPN,UKR,8539
2221110,115,228,1742,2003,0.0,128696.0,-0.156326,-0.62092,KAZ,UKR,8539
2221111,117,228,1742,2003,139134.0,0.0,0.25359699999999996,0.24101199999999998,KGZ,UKR,8539
2221112,121,228,1742,2003,70019.0,0.0,1.2611709999999998,0.956308,KOR,UKR,8539
2221113,122,228,1742,2003,0.0,32464.0,-0.7943640000000001,-1.1529770000000001,KWT,UKR,8539
2221114,124,228,1742,2003,0.0,31642.0,0.261687,1.053856,LBN,UKR,8539
2221115,130,228,1742,2003,7710.0,46107.0,0.239608,0.517299,LTU,UKR,8539
2221116,131,228,1742,2003,3025.0,0.0,1.444996,1.063764,LUX,UKR,8539
2221117,132,228,1742,2003,0.0,27374.0,0.520772,0.5631689999999999,LVA,UKR,8539
2221118,135,228,1742,2003,0.0,393605.0,-0.005154,-0.26107199999999997,MDA,UKR,8539
2221119,138,228,1742,2003,701.0,0.0,0.862509,0.756684,MEX,UKR,8539
2221120,140,228,1742,2003,0.0,3177.0,-0.017632,0.225394,MKD,UKR,8539
2221121,153,228,1742,2003,0.0,1369.0,0.728804,0.2168,MYS,UKR,8539
2221122,162,228,1742,2003,163246.0,724.0,1.168453,1.7085709999999998,NLD,UKR,8539
2221123,163,228,1742,2003,10989.0,0.0,1.1500620000000001,0.258554,NOR,UKR,8539
2221124,177,228,1742,2003,2616971.0,340983.0,0.966622,1.664838,POL,UKR,8539
2221125,183,228,1742,2003,0.0,4865.0,-0.209042,-1.0565799999999999,QAT,UKR,8539
2221126,185,228,1742,2003,20143.0,512477.0,0.378379,1.0064620000000002,ROU,UKR,8539
2221127,186,228,1742,2003,2994617.0,4426092.0,1.072729,0.338355,RUS,UKR,8539
2221128,190,228,1742,2003,0.0,14989.0,-1.3535059999999999,-1.1701409999999999,SDN,UKR,8539
2221129,192,228,1742,2003,4319.0,0.0,1.5080799999999999,0.720337,SGP,UKR,8539
2221130,206,228,1742,2003,99557.0,262786.0,1.22565,0.915518,SVK,UKR,8539
2221131,207,228,1742,2003,3304.0,30325.0,1.6459840000000001,1.014191,SVN,UKR,8539
2221132,208,228,1742,2003,82311.0,15137.0,2.099224,0.799982,SWE,UKR,8539
2221133,216,228,1742,2003,6052.0,0.0,0.43010699999999996,1.607408,THA,UKR,8539
2221134,219,228,1742,2003,0.0,289398.0,-1.223295,-1.250217,TKM,UKR,8539
2221135,224,228,1742,2003,39306.0,515329.0,0.192802,1.9855060000000002,TUR,UKR,8539
2221136,231,228,1742,2003,75628.0,0.0,1.7789220000000001,0.064028,USA,UKR,8539
2221137,232,228,1742,2003,0.0,2491.0,-0.285978,-0.703334,UZB,UKR,8539
2221138,239,228,1742,2003,0.0,8040.0,-0.633985,0.659696,VNM,UKR,8539
2221139,249,228,1742,2003,30579.0,0.0,1.5924040000000002,1.397843,TWN,UKR,8539
2221140,18,19,1742,2003,14651.0,0.0,1.361682,1.39536,BEL,BEN,8539
2221141,43,19,1742,2003,1851532.0,0.0,0.579431,2.773139,CHN,BEN,8539
2221142,61,19,1742,2003,14780.0,0.0,2.2821919999999998,-2.0985150000000004,DEU,BEN,8539
2221143,71,19,1742,2003,13329.0,0.0,0.960684,2.074792,ESP,BEN,8539
2221144,77,19,1742,2003,52310.0,0.0,1.606606,0.7394149999999999,FRA,BEN,8539
2221145,97,19,1742,2003,8430.0,0.0,0.494569,2.147062,HKG,BEN,8539
2221146,103,19,1742,2003,46302.0,0.0,-0.16802,1.7252990000000001,IDN,BEN,8539
2221147,114,19,1742,2003,3281.0,0.0,2.4686630000000003,0.48072600000000004,JPN,BEN,8539
2221148,159,19,1742,2003,2962.0,0.0,-1.859176,-1.234236,NGA,BEN,8539
2221149,162,19,1742,2003,37255.0,0.0,1.168453,1.7085709999999998,NLD,BEN,8539
2221150,179,19,1742,2003,1569.0,0.0,0.471376,1.647303,PRT,BEN,8539
2221151,192,19,1742,2003,7005.0,0.0,1.5080799999999999,0.720337,SGP,BEN,8539
2221152,215,19,1742,2003,3279.0,0.0,-0.5058590000000001,-0.520586,TGO,BEN,8539
2221153,224,19,1742,2003,4941.0,0.0,0.192802,1.9855060000000002,TUR,BEN,8539
2221154,231,19,1742,2003,9270.0,0.0,1.7789220000000001,0.064028,USA,BEN,8539
2221155,246,19,1742,2003,1378.0,0.0,0.477987,2.255395,ZAF,BEN,8539
2221156,7,37,1742,2003,1574.0,0.0,0.049637,-0.502691,ARE,BWA,8539
2221157,15,37,1742,2003,2623.0,0.0,1.834977,0.408096,AUT,BWA,8539
2221158,43,37,1742,2003,80010.0,0.0,0.579431,2.773139,CHN,BWA,8539
2221159,61,37,1742,2003,4089.0,0.0,2.2821919999999998,-2.0985150000000004,DEU,BWA,8539
2221160,77,37,1742,2003,14701.0,0.0,1.606606,0.7394149999999999,FRA,BWA,8539
2221161,81,37,1742,2003,12969.0,0.0,1.8712540000000002,0.706205,GBR,BWA,8539
2221162,104,37,1742,2003,11049.0,0.0,0.33014099999999996,2.836003,IND,BWA,8539
2221163,111,37,1742,2003,741.0,0.0,1.399734,1.044608,ITA,BWA,8539
2221164,114,37,1742,2003,822.0,0.0,2.4686630000000003,0.48072600000000004,JPN,BWA,8539
2221165,121,37,1742,2003,1804.0,0.0,1.2611709999999998,0.956308,KOR,BWA,8539
2221166,155,37,1742,2003,1477.0,0.0,-0.24004499999999998,-0.39565900000000004,NAM,BWA,8539
2221167,162,37,1742,2003,1248.0,0.0,1.168453,1.7085709999999998,NLD,BWA,8539
2221168,216,37,1742,2003,3307.0,0.0,0.43010699999999996,1.607408,THA,BWA,8539
2221169,231,37,1742,2003,32688.0,0.0,1.7789220000000001,0.064028,USA,BWA,8539
2221170,246,37,1742,2003,3139088.0,1701.0,0.477987,2.255395,ZAF,BWA,8539
2221171,248,37,1742,2003,0.0,1101.0,-0.366539,-0.18906199999999998,ZWE,BWA,8539
2221172,249,37,1742,2003,72504.0,0.0,1.5924040000000002,1.397843,TWN,BWA,8539
2221173,15,44,1742,2003,1815.0,0.0,1.834977,0.408096,AUT,CIV,8539
2221174,18,44,1742,2003,45113.0,0.0,1.361682,1.39536,BEL,CIV,8539
2221175,21,44,1742,2003,0.0,3659.0,-0.9365690000000001,-0.9699409999999999,BFA,CIV,8539
2221176,43,44,1742,2003,940829.0,0.0,0.579431,2.773139,CHN,CIV,8539
2221177,45,44,1742,2003,0.0,1305.0,-1.254788,-1.10897,CMR,CIV,8539
2221178,47,44,1742,2003,0.0,4245.0,-1.6789619999999998,-1.182557,COG,CIV,8539
2221179,61,44,1742,2003,136007.0,0.0,2.2821919999999998,-2.0985150000000004,DEU,CIV,8539
2221180,71,44,1742,2003,28696.0,0.0,0.960684,2.074792,ESP,CIV,8539
2221181,77,44,1742,2003,574860.0,21717.0,1.606606,0.7394149999999999,FRA,CIV,8539
2221182,81,44,1742,2003,9442.0,0.0,1.8712540000000002,0.706205,GBR,CIV,8539
2221183,97,44,1742,2003,4466.0,0.0,0.494569,2.147062,HKG,CIV,8539
2221184,102,44,1742,2003,35234.0,0.0,1.2003270000000001,1.091407,HUN,CIV,8539
2221185,103,44,1742,2003,1269.0,0.0,-0.16802,1.7252990000000001,IDN,CIV,8539
2221186,104,44,1742,2003,18448.0,0.0,0.33014099999999996,2.836003,IND,CIV,8539
2221187,111,44,1742,2003,27839.0,0.0,1.399734,1.044608,ITA,CIV,8539
2221188,114,44,1742,2003,5222.0,0.0,2.4686630000000003,0.48072600000000004,JPN,CIV,8539
2221189,121,44,1742,2003,9168.0,0.0,1.2611709999999998,0.956308,KOR,CIV,8539
2221190,128,44,1742,2003,1150.0,0.0,-0.618057,0.101931,LKA,CIV,8539
2221191,134,44,1742,2003,13292.0,0.0,-0.6842050000000001,-0.217892,MAR,CIV,8539
2221192,162,44,1742,2003,10433.0,0.0,1.168453,1.7085709999999998,NLD,CIV,8539
2221193,177,44,1742,2003,2014.0,0.0,0.966622,1.664838,POL,CIV,8539
2221194,186,44,1742,2003,5845.0,0.0,1.072729,0.338355,RUS,CIV,8539
2221195,189,44,1742,2003,1321.0,0.0,0.575326,1.627894,SCG,CIV,8539
2221196,224,44,1742,2003,30623.0,0.0,0.192802,1.9855060000000002,TUR,CIV,8539
2221197,228,44,1742,2003,1041.0,0.0,0.8929389999999999,0.956685,UKR,CIV,8539
2221198,231,44,1742,2003,10389.0,0.0,1.7789220000000001,0.064028,USA,CIV,8539
2221199,246,44,1742,2003,1747.0,0.0,0.477987,2.255395,ZAF,CIV,8539
2221200,249,44,1742,2003,48799.0,0.0,1.5924040000000002,1.397843,TWN,CIV,8539
2221201,7,45,1742,2003,99908.0,0.0,0.049637,-0.502691,ARE,CMR,8539
2221202,18,45,1742,2003,84785.0,0.0,1.361682,1.39536,BEL,CMR,8539
2221203,38,45,1742,2003,0.0,2930.0,-1.342769,-0.905425,CAF,CMR,8539
2221204,39,45,1742,2003,0.0,3902.0,0.9791540000000001,1.185081,CAN,CMR,8539
2221205,43,45,1742,2003,755780.0,0.0,0.579431,2.773139,CHN,CMR,8539
2221206,44,45,1742,2003,1305.0,0.0,-0.699928,-0.723739,CIV,CMR,8539
2221207,46,45,1742,2003,0.0,1681.0,-1.366232,-1.0778860000000001,COD,CMR,8539
2221208,61,45,1742,2003,81324.0,0.0,2.2821919999999998,-2.0985150000000004,DEU,CMR,8539
2221209,71,45,1742,2003,321392.0,0.0,0.960684,2.074792,ESP,CMR,8539
2221210,77,45,1742,2003,314822.0,0.0,1.606606,0.7394149999999999,FRA,CMR,8539
2221211,80,45,1742,2003,0.0,5848.0,-0.92745,-1.138466,GAB,CMR,8539
2221212,81,45,1742,2003,16111.0,0.0,1.8712540000000002,0.706205,GBR,CMR,8539
2221213,89,45,1742,2003,0.0,3295.0,-2.4406529999999997,-0.821155,GNQ,CMR,8539
2221214,97,45,1742,2003,27636.0,0.0,0.494569,2.147062,HKG,CMR,8539
2221215,102,45,1742,2003,1483.0,0.0,1.2003270000000001,1.091407,HUN,CMR,8539
2221216,103,45,1742,2003,0.0,46943.0,-0.16802,1.7252990000000001,IDN,CMR,8539
2221217,104,45,1742,2003,899.0,0.0,0.33014099999999996,2.836003,IND,CMR,8539
2221218,111,45,1742,2003,64129.0,0.0,1.399734,1.044608,ITA,CMR,8539
2221219,114,45,1742,2003,9096.0,0.0,2.4686630000000003,0.48072600000000004,JPN,CMR,8539
2221220,153,45,1742,2003,1796.0,0.0,0.728804,0.2168,MYS,CMR,8539
2221221,162,45,1742,2003,47967.0,0.0,1.168453,1.7085709999999998,NLD,CMR,8539
2221222,177,45,1742,2003,1354.0,0.0,0.966622,1.664838,POL,CMR,8539
2221223,192,45,1742,2003,1093.0,0.0,1.5080799999999999,0.720337,SGP,CMR,8539
2221224,214,45,1742,2003,0.0,4187.0,-0.263238,-0.6801189999999999,TCD,CMR,8539
2221225,216,45,1742,2003,0.0,6943.0,0.43010699999999996,1.607408,THA,CMR,8539
2221226,223,45,1742,2003,11386.0,0.0,-0.14845999999999998,0.255092,TUN,CMR,8539
2221227,231,45,1742,2003,25470.0,10898.0,1.7789220000000001,0.064028,USA,CMR,8539
2221228,246,45,1742,2003,1935.0,0.0,0.477987,2.255395,ZAF,CMR,8539
2221229,250,45,1742,2003,12101.0,0.0,0.45951499999999995,-0.2312,ANS,CMR,8539
2221230,7,58,1742,2003,78301.0,0.0,0.049637,-0.502691,ARE,CYP,8539
2221231,14,58,1742,2003,782.0,0.0,0.316879,0.9409489999999999,AUS,CYP,8539
2221232,15,58,1742,2003,6488.0,0.0,1.834977,0.408096,AUT,CYP,8539
2221233,18,58,1742,2003,141172.0,0.0,1.361682,1.39536,BEL,CYP,8539
2221234,39,58,1742,2003,1700.0,0.0,0.9791540000000001,1.185081,CAN,CYP,8539
2221235,41,58,1742,2003,3479.0,0.0,2.151037,0.711217,CHE,CYP,8539
2221236,43,58,1742,2003,484888.0,0.0,0.579431,2.773139,CHN,CYP,8539
2221237,59,58,1742,2003,9335.0,0.0,1.555749,0.8662059999999999,CZE,CYP,8539
2221238,61,58,1742,2003,982855.0,0.0,2.2821919999999998,-2.0985150000000004,DEU,CYP,8539
2221239,64,58,1742,2003,14855.0,0.0,1.309564,1.245596,DNK,CYP,8539
2221240,68,58,1742,2003,0.0,8792.0,-0.292923,0.465433,EGY,CYP,8539
2221241,71,58,1742,2003,330633.0,0.0,0.960684,2.074792,ESP,CYP,8539
2221242,72,58,1742,2003,2502.0,0.0,0.5913010000000001,0.8489979999999999,EST,CYP,8539
2221243,74,58,1742,2003,1008.0,0.0,2.077889,0.942501,FIN,CYP,8539
2221244,77,58,1742,2003,47271.0,0.0,1.606606,0.7394149999999999,FRA,CYP,8539
2221245,81,58,1742,2003,227106.0,66358.0,1.8712540000000002,0.706205,GBR,CYP,8539
2221246,90,58,1742,2003,980443.0,150879.0,0.364688,1.4823959999999998,GRC,CYP,8539
2221247,97,58,1742,2003,259500.0,0.0,0.494569,2.147062,HKG,CYP,8539
2221248,102,58,1742,2003,177028.0,0.0,1.2003270000000001,1.091407,HUN,CYP,8539
2221249,104,58,1742,2003,31153.0,0.0,0.33014099999999996,2.836003,IND,CYP,8539
2221250,106,58,1742,2003,37120.0,68868.0,1.6396130000000002,0.220599,IRL,CYP,8539
2221251,107,58,1742,2003,0.0,810.0,-0.552146,-0.8668520000000001,IRN,CYP,8539
2221252,110,58,1742,2003,12091.0,7685.0,1.157809,0.682195,ISR,CYP,8539
2221253,111,58,1742,2003,202993.0,886.0,1.399734,1.044608,ITA,CYP,8539
2221254,113,58,1742,2003,0.0,908.0,0.12295,0.377031,JOR,CYP,8539
2221255,114,58,1742,2003,35124.0,1657.0,2.4686630000000003,0.48072600000000004,JPN,CYP,8539
2221256,121,58,1742,2003,8597.0,0.0,1.2611709999999998,0.956308,KOR,CYP,8539
2221257,122,58,1742,2003,0.0,17813.0,-0.7943640000000001,-1.1529770000000001,KWT,CYP,8539
2221258,130,58,1742,2003,1248.0,0.0,0.239608,0.517299,LTU,CYP,8539
2221259,132,58,1742,2003,1792.0,0.0,0.520772,0.5631689999999999,LVA,CYP,8539
2221260,142,58,1742,2003,679.0,3834.0,1.2138149999999999,-0.015687,MLT,CYP,8539
2221261,153,58,1742,2003,8142.0,0.0,0.728804,0.2168,MYS,CYP,8539
2221262,162,58,1742,2003,198848.0,0.0,1.168453,1.7085709999999998,NLD,CYP,8539
2221263,177,58,1742,2003,69293.0,0.0,0.966622,1.664838,POL,CYP,8539
2221264,183,58,1742,2003,0.0,29859.0,-0.209042,-1.0565799999999999,QAT,CYP,8539
2221265,185,58,1742,2003,19598.0,0.0,0.378379,1.0064620000000002,ROU,CYP,8539
2221266,188,58,1742,2003,27167.0,0.0,0.202286,-0.714691,SAU,CYP,8539
2221267,192,58,1742,2003,6526.0,2346.0,1.5080799999999999,0.720337,SGP,CYP,8539
2221268,206,58,1742,2003,4777.0,0.0,1.22565,0.915518,SVK,CYP,8539
2221269,207,58,1742,2003,13211.0,0.0,1.6459840000000001,1.014191,SVN,CYP,8539
2221270,208,58,1742,2003,0.0,1207.0,2.099224,0.799982,SWE,CYP,8539
2221271,223,58,1742,2003,975.0,0.0,-0.14845999999999998,0.255092,TUN,CYP,8539
2221272,224,58,1742,2003,215167.0,0.0,0.192802,1.9855060000000002,TUR,CYP,8539
2221273,228,58,1742,2003,7028.0,0.0,0.8929389999999999,0.956685,UKR,CYP,8539
2221274,231,58,1742,2003,70279.0,1632.0,1.7789220000000001,0.064028,USA,CYP,8539
2221275,249,58,1742,2003,34806.0,0.0,1.5924040000000002,1.397843,TWN,CYP,8539
2221276,15,72,1742,2003,15120.0,0.0,1.834977,0.408096,AUT,EST,8539
2221277,18,72,1742,2003,232444.0,0.0,1.361682,1.39536,BEL,EST,8539
2221278,28,72,1742,2003,51519.0,0.0,0.847358,0.9307719999999999,BLR,EST,8539
2221279,39,72,1742,2003,349.0,0.0,0.9791540000000001,1.185081,CAN,EST,8539
2221280,43,72,1742,2003,227417.0,3840.0,0.579431,2.773139,CHN,EST,8539
2221281,58,72,1742,2003,0.0,2502.0,0.259992,0.068914,CYP,EST,8539
2221282,59,72,1742,2003,18818.0,0.0,1.555749,0.8662059999999999,CZE,EST,8539
2221283,61,72,1742,2003,1286344.0,4975.0,2.2821919999999998,-2.0985150000000004,DEU,EST,8539
2221284,64,72,1742,2003,19607.0,4990.0,1.309564,1.245596,DNK,EST,8539
2221285,71,72,1742,2003,26174.0,0.0,0.960684,2.074792,ESP,EST,8539
2221286,74,72,1742,2003,399138.0,89366.0,2.077889,0.942501,FIN,EST,8539
2221287,77,72,1742,2003,118359.0,0.0,1.606606,0.7394149999999999,FRA,EST,8539
2221288,81,72,1742,2003,85345.0,0.0,1.8712540000000002,0.706205,GBR,EST,8539
2221289,97,72,1742,2003,5959.0,0.0,0.494569,2.147062,HKG,EST,8539
2221290,100,72,1742,2003,1402.0,0.0,0.568394,1.230759,HRV,EST,8539
2221291,102,72,1742,2003,468763.0,0.0,1.2003270000000001,1.091407,HUN,EST,8539
2221292,103,72,1742,2003,2060.0,0.0,-0.16802,1.7252990000000001,IDN,EST,8539
2221293,104,72,1742,2003,3055.0,0.0,0.33014099999999996,2.836003,IND,EST,8539
2221294,111,72,1742,2003,95798.0,0.0,1.399734,1.044608,ITA,EST,8539
2221295,114,72,1742,2003,51649.0,0.0,2.4686630000000003,0.48072600000000004,JPN,EST,8539
2221296,121,72,1742,2003,13204.0,0.0,1.2611709999999998,0.956308,KOR,EST,8539
2221297,130,72,1742,2003,13110.0,12561.0,0.239608,0.517299,LTU,EST,8539
2221298,132,72,1742,2003,89609.0,243588.0,0.520772,0.5631689999999999,LVA,EST,8539
2221299,138,72,1742,2003,525.0,0.0,0.862509,0.756684,MEX,EST,8539
2221300,142,72,1742,2003,0.0,3388.0,1.2138149999999999,-0.015687,MLT,EST,8539
2221301,148,72,1742,2003,0.0,2274.0,-1.069232,-1.184061,MRT,EST,8539
2221302,161,72,1742,2003,0.0,3979.0,0.746075,-0.557872,NIU,EST,8539
2221303,162,72,1742,2003,295600.0,10352.0,1.168453,1.7085709999999998,NLD,EST,8539
2221304,163,72,1742,2003,2534.0,0.0,1.1500620000000001,0.258554,NOR,EST,8539
2221305,168,72,1742,2003,1879.0,0.0,-0.6659689999999999,0.137924,PAK,EST,8539
2221306,169,72,1742,2003,0.0,769.0,-0.050386,-0.039619999999999995,PAN,EST,8539
2221307,177,72,1742,2003,1115818.0,2897.0,0.966622,1.664838,POL,EST,8539
2221308,185,72,1742,2003,1303.0,0.0,0.378379,1.0064620000000002,ROU,EST,8539
2221309,186,72,1742,2003,67436.0,36052.0,1.072729,0.338355,RUS,EST,8539
2221310,196,72,1742,2003,2735.0,0.0,0.129923,-0.19926300000000002,SLE,EST,8539
2221311,206,72,1742,2003,71362.0,0.0,1.22565,0.915518,SVK,EST,8539
2221312,208,72,1742,2003,1557590.0,56364.0,2.099224,0.799982,SWE,EST,8539
2221313,216,72,1742,2003,1732.0,0.0,0.43010699999999996,1.607408,THA,EST,8539
2221314,223,72,1742,2003,1800.0,0.0,-0.14845999999999998,0.255092,TUN,EST,8539
2221315,228,72,1742,2003,60532.0,811.0,0.8929389999999999,0.956685,UKR,EST,8539
2221316,231,72,1742,2003,58959.0,7884.0,1.7789220000000001,0.064028,USA,EST,8539
2221317,234,72,1742,2003,0.0,3440.0,-0.355758,-0.679181,VCT,EST,8539
2221318,239,72,1742,2003,1076.0,0.0,-0.633985,0.659696,VNM,EST,8539
2221319,249,72,1742,2003,5512.0,0.0,1.5924040000000002,1.397843,TWN,EST,8539
2221320,250,72,1742,2003,1435776.0,0.0,0.45951499999999995,-0.2312,ANS,EST,8539
2221321,7,80,1742,2003,45395.0,0.0,0.049637,-0.502691,ARE,GAB,8539
2221322,15,80,1742,2003,10865.0,0.0,1.834977,0.408096,AUT,GAB,8539
2221323,18,80,1742,2003,67107.0,0.0,1.361682,1.39536,BEL,GAB,8539
2221324,43,80,1742,2003,51848.0,0.0,0.579431,2.773139,CHN,GAB,8539
2221325,45,80,1742,2003,5848.0,0.0,-1.254788,-1.10897,CMR,GAB,8539
2221326,61,80,1742,2003,29870.0,0.0,2.2821919999999998,-2.0985150000000004,DEU,GAB,8539
2221327,64,80,1742,2003,1819.0,0.0,1.309564,1.245596,DNK,GAB,8539
2221328,71,80,1742,2003,20087.0,0.0,0.960684,2.074792,ESP,GAB,8539
2221329,77,80,1742,2003,223593.0,0.0,1.606606,0.7394149999999999,FRA,GAB,8539
2221330,81,80,1742,2003,5373.0,0.0,1.8712540000000002,0.706205,GBR,GAB,8539
2221331,102,80,1742,2003,209.0,0.0,1.2003270000000001,1.091407,HUN,GAB,8539
2221332,103,80,1742,2003,6932.0,0.0,-0.16802,1.7252990000000001,IDN,GAB,8539
2221333,110,80,1742,2003,1664.0,0.0,1.157809,0.682195,ISR,GAB,8539
2221334,111,80,1742,2003,25290.0,0.0,1.399734,1.044608,ITA,GAB,8539
2221335,134,80,1742,2003,9558.0,0.0,-0.6842050000000001,-0.217892,MAR,GAB,8539
2221336,162,80,1742,2003,64328.0,0.0,1.168453,1.7085709999999998,NLD,GAB,8539
2221337,163,80,1742,2003,1681.0,0.0,1.1500620000000001,0.258554,NOR,GAB,8539
2221338,177,80,1742,2003,10503.0,0.0,0.966622,1.664838,POL,GAB,8539
2221339,192,80,1742,2003,780.0,0.0,1.5080799999999999,0.720337,SGP,GAB,8539
2221340,215,80,1742,2003,7555.0,0.0,-0.5058590000000001,-0.520586,TGO,GAB,8539
2221341,231,80,1742,2003,78477.0,0.0,1.7789220000000001,0.064028,USA,GAB,8539
2221342,239,80,1742,2003,5269.0,0.0,-0.633985,0.659696,VNM,GAB,8539
2221343,246,80,1742,2003,1001.0,0.0,0.477987,2.255395,ZAF,GAB,8539
2221344,249,80,1742,2003,922.0,0.0,1.5924040000000002,1.397843,TWN,GAB,8539
2221345,250,80,1742,2003,18245.0,0.0,0.45951499999999995,-0.2312,ANS,GAB,8539
2221346,14,118,1742,2003,852.0,0.0,0.316879,0.9409489999999999,AUS,KHM,8539
2221347,43,118,1742,2003,116215.0,1987.0,0.579431,2.773139,CHN,KHM,8539
2221348,77,118,1742,2003,11724.0,0.0,1.606606,0.7394149999999999,FRA,KHM,8539
2221349,97,118,1742,2003,35381.0,0.0,0.494569,2.147062,HKG,KHM,8539
2221350,103,118,1742,2003,18411.0,0.0,-0.16802,1.7252990000000001,IDN,KHM,8539
2221351,104,118,1742,2003,20201.0,0.0,0.33014099999999996,2.836003,IND,KHM,8539
2221352,121,118,1742,2003,21282.0,0.0,1.2611709999999998,0.956308,KOR,KHM,8539
2221353,133,118,1742,2003,6034.0,0.0,-0.294516,-0.413828,MAC,KHM,8539
2221354,153,118,1742,2003,43813.0,606.0,0.728804,0.2168,MYS,KHM,8539
2221355,162,118,1742,2003,2376.0,0.0,1.168453,1.7085709999999998,NLD,KHM,8539
2221356,174,118,1742,2003,0.0,9176.0,-0.065022,-0.195144,PHL,KHM,8539
2221357,192,118,1742,2003,68457.0,1774.0,1.5080799999999999,0.720337,SGP,KHM,8539
2221358,216,118,1742,2003,1064532.0,0.0,0.43010699999999996,1.607408,THA,KHM,8539
2221359,239,118,1742,2003,53805.0,4208.0,-0.633985,0.659696,VNM,KHM,8539
2221360,249,118,1742,2003,19395.0,0.0,1.5924040000000002,1.397843,TWN,KHM,8539
2221361,8,130,1742,2003,1790.0,0.0,0.302073,0.49069700000000005,ARG,LTU,8539
2221362,15,130,1742,2003,3840.0,0.0,1.834977,0.408096,AUT,LTU,8539
2221363,18,130,1742,2003,75336.0,1362.0,1.361682,1.39536,BEL,LTU,8539
2221364,23,130,1742,2003,1319.0,1572.0,0.43308599999999997,1.7104099999999998,BGR,LTU,8539
2221365,28,130,1742,2003,197266.0,48079.0,0.847358,0.9307719999999999,BLR,LTU,8539
2221366,32,130,1742,2003,2871.0,0.0,0.660576,1.118876,BRA,LTU,8539
2221367,39,130,1742,2003,2714.0,0.0,0.9791540000000001,1.185081,CAN,LTU,8539
2221368,41,130,1742,2003,10836.0,0.0,2.151037,0.711217,CHE,LTU,8539
2221369,43,130,1742,2003,449111.0,0.0,0.579431,2.773139,CHN,LTU,8539
2221370,58,130,1742,2003,0.0,1248.0,0.259992,0.068914,CYP,LTU,8539
2221371,59,130,1742,2003,143578.0,4992.0,1.555749,0.8662059999999999,CZE,LTU,8539
2221372,61,130,1742,2003,1909580.0,227777.0,2.2821919999999998,-2.0985150000000004,DEU,LTU,8539
2221373,64,130,1742,2003,15535.0,0.0,1.309564,1.245596,DNK,LTU,8539
2221374,71,130,1742,2003,61685.0,1662.0,0.960684,2.074792,ESP,LTU,8539
2221375,72,130,1742,2003,12561.0,13110.0,0.5913010000000001,0.8489979999999999,EST,LTU,8539
2221376,74,130,1742,2003,101981.0,2600.0,2.077889,0.942501,FIN,LTU,8539
2221377,77,130,1742,2003,537394.0,974.0,1.606606,0.7394149999999999,FRA,LTU,8539
2221378,81,130,1742,2003,181580.0,1494.0,1.8712540000000002,0.706205,GBR,LTU,8539
2221379,97,130,1742,2003,21303.0,0.0,0.494569,2.147062,HKG,LTU,8539
2221380,100,130,1742,2003,0.0,1859.0,0.568394,1.230759,HRV,LTU,8539
2221381,102,130,1742,2003,1150258.0,0.0,1.2003270000000001,1.091407,HUN,LTU,8539
2221382,103,130,1742,2003,14684.0,0.0,-0.16802,1.7252990000000001,IDN,LTU,8539
2221383,104,130,1742,2003,7351.0,0.0,0.33014099999999996,2.836003,IND,LTU,8539
2221384,109,130,1742,2003,0.0,1064.0,0.21902800000000003,-0.40818499999999996,ISL,LTU,8539
2221385,111,130,1742,2003,235186.0,27272.0,1.399734,1.044608,ITA,LTU,8539
2221386,114,130,1742,2003,19215.0,1157.0,2.4686630000000003,0.48072600000000004,JPN,LTU,8539
2221387,115,130,1742,2003,0.0,6636.0,-0.156326,-0.62092,KAZ,LTU,8539
2221388,117,130,1742,2003,1626.0,0.0,0.25359699999999996,0.24101199999999998,KGZ,LTU,8539
2221389,121,130,1742,2003,69838.0,0.0,1.2611709999999998,0.956308,KOR,LTU,8539
2221390,122,130,1742,2003,0.0,2627.0,-0.7943640000000001,-1.1529770000000001,KWT,LTU,8539
2221391,128,130,1742,2003,953.0,0.0,-0.618057,0.101931,LKA,LTU,8539
2221392,132,130,1742,2003,49442.0,227990.0,0.520772,0.5631689999999999,LVA,LTU,8539
2221393,162,130,1742,2003,490011.0,0.0,1.168453,1.7085709999999998,NLD,LTU,8539
2221394,163,130,1742,2003,7403.0,0.0,1.1500620000000001,0.258554,NOR,LTU,8539
2221395,169,130,1742,2003,0.0,1397.0,-0.050386,-0.039619999999999995,PAN,LTU,8539
2221396,177,130,1742,2003,17329135.0,1410.0,0.966622,1.664838,POL,LTU,8539
2221397,185,130,1742,2003,0.0,4387.0,0.378379,1.0064620000000002,ROU,LTU,8539
2221398,186,130,1742,2003,196176.0,123803.0,1.072729,0.338355,RUS,LTU,8539
2221399,192,130,1742,2003,1336.0,0.0,1.5080799999999999,0.720337,SGP,LTU,8539
2221400,206,130,1742,2003,85443.0,0.0,1.22565,0.915518,SVK,LTU,8539
2221401,207,130,1742,2003,0.0,5432.0,1.6459840000000001,1.014191,SVN,LTU,8539
2221402,208,130,1742,2003,1252333.0,13845.0,2.099224,0.799982,SWE,LTU,8539
2221403,216,130,1742,2003,2498.0,0.0,0.43010699999999996,1.607408,THA,LTU,8539
2221404,224,130,1742,2003,1594.0,12781.0,0.192802,1.9855060000000002,TUR,LTU,8539
2221405,228,130,1742,2003,46107.0,7710.0,0.8929389999999999,0.956685,UKR,LTU,8539
2221406,231,130,1742,2003,265812.0,66643.0,1.7789220000000001,0.064028,USA,LTU,8539
2221407,239,130,1742,2003,2119.0,0.0,-0.633985,0.659696,VNM,LTU,8539
2221408,249,130,1742,2003,37382.0,0.0,1.5924040000000002,1.397843,TWN,LTU,8539
2221409,15,131,1742,2003,3674.0,238865.0,1.834977,0.408096,AUT,LUX,8539
2221410,18,131,1742,2003,3490266.0,49533.0,1.361682,1.39536,BEL,LUX,8539
2221411,32,131,1742,2003,0.0,16723.0,0.660576,1.118876,BRA,LUX,8539
2221412,39,131,1742,2003,0.0,1740.0,0.9791540000000001,1.185081,CAN,LUX,8539
2221413,41,131,1742,2003,8163.0,0.0,2.151037,0.711217,CHE,LUX,8539
2221414,61,131,1742,2003,1211036.0,466353.0,2.2821919999999998,-2.0985150000000004,DEU,LUX,8539
2221415,64,131,1742,2003,6410.0,3218.0,1.309564,1.245596,DNK,LUX,8539
2221416,71,131,1742,2003,25181.0,21123.0,0.960684,2.074792,ESP,LUX,8539
2221417,77,131,1742,2003,2128981.0,763236.0,1.606606,0.7394149999999999,FRA,LUX,8539
2221418,81,131,1742,2003,17977.0,0.0,1.8712540000000002,0.706205,GBR,LUX,8539
2221419,90,131,1742,2003,0.0,64489.0,0.364688,1.4823959999999998,GRC,LUX,8539
2221420,97,131,1742,2003,0.0,1382.0,0.494569,2.147062,HKG,LUX,8539
2221421,102,131,1742,2003,3802.0,0.0,1.2003270000000001,1.091407,HUN,LUX,8539
2221422,104,131,1742,2003,33317.0,0.0,0.33014099999999996,2.836003,IND,LUX,8539
2221423,106,131,1742,2003,975.0,0.0,1.6396130000000002,0.220599,IRL,LUX,8539
2221424,107,131,1742,2003,0.0,5759.0,-0.552146,-0.8668520000000001,IRN,LUX,8539
2221425,109,131,1742,2003,0.0,2756.0,0.21902800000000003,-0.40818499999999996,ISL,LUX,8539
2221426,111,131,1742,2003,19755.0,117759.0,1.399734,1.044608,ITA,LUX,8539
2221427,114,131,1742,2003,2965.0,0.0,2.4686630000000003,0.48072600000000004,JPN,LUX,8539
2221428,121,131,1742,2003,0.0,4224.0,1.2611709999999998,0.956308,KOR,LUX,8539
2221429,138,131,1742,2003,0.0,24028.0,0.862509,0.756684,MEX,LUX,8539
2221430,156,131,1742,2003,0.0,1080.0,-0.344934,-0.776632,NCL,LUX,8539
2221431,159,131,1742,2003,0.0,12103.0,-1.859176,-1.234236,NGA,LUX,8539
2221432,162,131,1742,2003,359710.0,28338.0,1.168453,1.7085709999999998,NLD,LUX,8539
2221433,179,131,1742,2003,0.0,1478.0,0.471376,1.647303,PRT,LUX,8539
2221434,185,131,1742,2003,2091.0,29551.0,0.378379,1.0064620000000002,ROU,LUX,8539
2221435,208,131,1742,2003,2423.0,4187.0,2.099224,0.799982,SWE,LUX,8539
2221436,216,131,1742,2003,46217.0,0.0,0.43010699999999996,1.607408,THA,LUX,8539
2221437,228,131,1742,2003,0.0,3025.0,0.8929389999999999,0.956685,UKR,LUX,8539
2221438,231,131,1742,2003,253079.0,0.0,1.7789220000000001,0.064028,USA,LUX,8539
2221439,249,131,1742,2003,105083.0,0.0,1.5924040000000002,1.397843,TWN,LUX,8539
2221440,7,134,1742,2003,6116.0,0.0,0.049637,-0.502691,ARE,MAR,8539
2221441,14,134,1742,2003,8521.0,0.0,0.316879,0.9409489999999999,AUS,MAR,8539
2221442,15,134,1742,2003,8229.0,0.0,1.834977,0.408096,AUT,MAR,8539
2221443,18,134,1742,2003,280178.0,0.0,1.361682,1.39536,BEL,MAR,8539
2221444,39,134,1742,2003,2347.0,0.0,0.9791540000000001,1.185081,CAN,MAR,8539
2221445,41,134,1742,2003,27866.0,790.0,2.151037,0.711217,CHE,MAR,8539
2221446,43,134,1742,2003,5066146.0,0.0,0.579431,2.773139,CHN,MAR,8539
2221447,44,134,1742,2003,0.0,13292.0,-0.699928,-0.723739,CIV,MAR,8539
2221448,46,134,1742,2003,0.0,1413.0,-1.366232,-1.0778860000000001,COD,MAR,8539
2221449,47,134,1742,2003,0.0,6725.0,-1.6789619999999998,-1.182557,COG,MAR,8539
2221450,49,134,1742,2003,1305.0,0.0,0.218336,0.376869,COL,MAR,8539
2221451,61,134,1742,2003,2800821.0,1400.0,2.2821919999999998,-2.0985150000000004,DEU,MAR,8539
2221452,64,134,1742,2003,3321.0,0.0,1.309564,1.245596,DNK,MAR,8539
2221453,68,134,1742,2003,113042.0,11180.0,-0.292923,0.465433,EGY,MAR,8539
2221454,71,134,1742,2003,3067725.0,6470.0,0.960684,2.074792,ESP,MAR,8539
2221455,77,134,1742,2003,751752.0,31219.0,1.606606,0.7394149999999999,FRA,MAR,8539
2221456,80,134,1742,2003,0.0,9558.0,-0.92745,-1.138466,GAB,MAR,8539
2221457,81,134,1742,2003,120766.0,2804.0,1.8712540000000002,0.706205,GBR,MAR,8539
2221458,83,134,1742,2003,0.0,9810.0,-1.074188,-0.7127319999999999,GHA,MAR,8539
2221459,97,134,1742,2003,88788.0,0.0,0.494569,2.147062,HKG,MAR,8539
2221460,102,134,1742,2003,910723.0,0.0,1.2003270000000001,1.091407,HUN,MAR,8539
2221461,103,134,1742,2003,12178.0,0.0,-0.16802,1.7252990000000001,IDN,MAR,8539
2221462,104,134,1742,2003,11104.0,0.0,0.33014099999999996,2.836003,IND,MAR,8539
2221463,111,134,1742,2003,345062.0,0.0,1.399734,1.044608,ITA,MAR,8539
2221464,114,134,1742,2003,63368.0,0.0,2.4686630000000003,0.48072600000000004,JPN,MAR,8539
2221465,121,134,1742,2003,31661.0,0.0,1.2611709999999998,0.956308,KOR,MAR,8539
2221466,141,134,1742,2003,0.0,22450.0,-0.786411,-0.879049,MLI,MAR,8539
2221467,148,134,1742,2003,0.0,1669.0,-1.069232,-1.184061,MRT,MAR,8539
2221468,153,134,1742,2003,1114.0,2022.0,0.728804,0.2168,MYS,MAR,8539
2221469,162,134,1742,2003,103563.0,0.0,1.168453,1.7085709999999998,NLD,MAR,8539
2221470,174,134,1742,2003,21985.0,0.0,-0.065022,-0.195144,PHL,MAR,8539
2221471,177,134,1742,2003,395474.0,0.0,0.966622,1.664838,POL,MAR,8539
2221472,179,134,1742,2003,12261.0,0.0,0.471376,1.647303,PRT,MAR,8539
2221473,188,134,1742,2003,0.0,5778.0,0.202286,-0.714691,SAU,MAR,8539
2221474,191,134,1742,2003,0.0,5972.0,-0.25203600000000004,-0.25549299999999997,SEN,MAR,8539
2221475,208,134,1742,2003,2825.0,0.0,2.099224,0.799982,SWE,MAR,8539
2221476,216,134,1742,2003,44869.0,0.0,0.43010699999999996,1.607408,THA,MAR,8539
2221477,223,134,1742,2003,1336.0,0.0,-0.14845999999999998,0.255092,TUN,MAR,8539
2221478,224,134,1742,2003,10551.0,0.0,0.192802,1.9855060000000002,TUR,MAR,8539
2221479,231,134,1742,2003,78931.0,3859.0,1.7789220000000001,0.064028,USA,MAR,8539
2221480,239,134,1742,2003,47516.0,0.0,-0.633985,0.659696,VNM,MAR,8539
2221481,249,134,1742,2003,96677.0,0.0,1.5924040000000002,1.397843,TWN,MAR,8539
2221482,250,134,1742,2003,5892.0,42767.0,0.45951499999999995,-0.2312,ANS,MAR,8539
2221483,18,135,1742,2003,94190.0,4825.0,1.361682,1.39536,BEL,MDA,8539
2221484,23,135,1742,2003,7772.0,10626.0,0.43308599999999997,1.7104099999999998,BGR,MDA,8539
2221485,28,135,1742,2003,367866.0,0.0,0.847358,0.9307719999999999,BLR,MDA,8539
2221486,39,135,1742,2003,0.0,2711.0,0.9791540000000001,1.185081,CAN,MDA,8539
2221487,41,135,1742,2003,1833.0,0.0,2.151037,0.711217,CHE,MDA,8539
2221488,43,135,1742,2003,10651.0,0.0,0.579431,2.773139,CHN,MDA,8539
2221489,59,135,1742,2003,1065.0,0.0,1.555749,0.8662059999999999,CZE,MDA,8539
2221490,61,135,1742,2003,178170.0,1884.0,2.2821919999999998,-2.0985150000000004,DEU,MDA,8539
2221491,77,135,1742,2003,9866.0,0.0,1.606606,0.7394149999999999,FRA,MDA,8539
2221492,102,135,1742,2003,18944.0,0.0,1.2003270000000001,1.091407,HUN,MDA,8539
2221493,110,135,1742,2003,4813.0,0.0,1.157809,0.682195,ISR,MDA,8539
2221494,111,135,1742,2003,13698.0,0.0,1.399734,1.044608,ITA,MDA,8539
2221495,117,135,1742,2003,54841.0,0.0,0.25359699999999996,0.24101199999999998,KGZ,MDA,8539
2221496,140,135,1742,2003,0.0,4575.0,-0.017632,0.225394,MKD,MDA,8539
2221497,162,135,1742,2003,4912.0,0.0,1.168453,1.7085709999999998,NLD,MDA,8539
2221498,177,135,1742,2003,33305.0,0.0,0.966622,1.664838,POL,MDA,8539
2221499,185,135,1742,2003,180414.0,1384.0,0.378379,1.0064620000000002,ROU,MDA,8539
2221500,186,135,1742,2003,431199.0,0.0,1.072729,0.338355,RUS,MDA,8539
2221501,206,135,1742,2003,8159.0,0.0,1.22565,0.915518,SVK,MDA,8539
2221502,224,135,1742,2003,32656.0,0.0,0.192802,1.9855060000000002,TUR,MDA,8539
2221503,228,135,1742,2003,393605.0,0.0,0.8929389999999999,0.956685,UKR,MDA,8539
2221504,231,135,1742,2003,0.0,1117.0,1.7789220000000001,0.064028,USA,MDA,8539
2221505,7,142,1742,2003,48212.0,0.0,0.049637,-0.502691,ARE,MLT,8539
2221506,14,142,1742,2003,1263.0,0.0,0.316879,0.9409489999999999,AUS,MLT,8539
2221507,15,142,1742,2003,16645.0,0.0,1.834977,0.408096,AUT,MLT,8539
2221508,18,142,1742,2003,48998.0,0.0,1.361682,1.39536,BEL,MLT,8539
2221509,23,142,1742,2003,2885.0,0.0,0.43308599999999997,1.7104099999999998,BGR,MLT,8539
2221510,32,142,1742,2003,1509.0,0.0,0.660576,1.118876,BRA,MLT,8539
2221511,39,142,1742,2003,73886.0,0.0,0.9791540000000001,1.185081,CAN,MLT,8539
2221512,41,142,1742,2003,4810.0,0.0,2.151037,0.711217,CHE,MLT,8539
2221513,43,142,1742,2003,170122.0,0.0,0.579431,2.773139,CHN,MLT,8539
2221514,58,142,1742,2003,3834.0,679.0,0.259992,0.068914,CYP,MLT,8539
2221515,59,142,1742,2003,9406.0,0.0,1.555749,0.8662059999999999,CZE,MLT,8539
2221516,61,142,1742,2003,361377.0,147354.0,2.2821919999999998,-2.0985150000000004,DEU,MLT,8539
2221517,64,142,1742,2003,15661.0,4113.0,1.309564,1.245596,DNK,MLT,8539
2221518,71,142,1742,2003,64222.0,0.0,0.960684,2.074792,ESP,MLT,8539
2221519,72,142,1742,2003,3388.0,0.0,0.5913010000000001,0.8489979999999999,EST,MLT,8539
2221520,74,142,1742,2003,19245.0,0.0,2.077889,0.942501,FIN,MLT,8539
2221521,77,142,1742,2003,455480.0,85755.0,1.606606,0.7394149999999999,FRA,MLT,8539
2221522,81,142,1742,2003,658314.0,29278.0,1.8712540000000002,0.706205,GBR,MLT,8539
2221523,90,142,1742,2003,15053.0,0.0,0.364688,1.4823959999999998,GRC,MLT,8539
2221524,97,142,1742,2003,47859.0,0.0,0.494569,2.147062,HKG,MLT,8539
2221525,102,142,1742,2003,182783.0,0.0,1.2003270000000001,1.091407,HUN,MLT,8539
2221526,103,142,1742,2003,11921.0,0.0,-0.16802,1.7252990000000001,IDN,MLT,8539
2221527,104,142,1742,2003,14724.0,0.0,0.33014099999999996,2.836003,IND,MLT,8539
2221528,106,142,1742,2003,2052.0,0.0,1.6396130000000002,0.220599,IRL,MLT,8539
2221529,111,142,1742,2003,648385.0,356302.0,1.399734,1.044608,ITA,MLT,8539
2221530,114,142,1742,2003,135952.0,0.0,2.4686630000000003,0.48072600000000004,JPN,MLT,8539
2221531,121,142,1742,2003,24212.0,0.0,1.2611709999999998,0.956308,KOR,MLT,8539
2221532,126,142,1742,2003,0.0,25387.0,-0.36075999999999997,-1.110575,LBY,MLT,8539
2221533,128,142,1742,2003,0.0,111784.0,-0.618057,0.101931,LKA,MLT,8539
2221534,132,142,1742,2003,6155.0,0.0,0.520772,0.5631689999999999,LVA,MLT,8539
2221535,153,142,1742,2003,8593.0,0.0,0.728804,0.2168,MYS,MLT,8539
2221536,162,142,1742,2003,104775.0,12005.0,1.168453,1.7085709999999998,NLD,MLT,8539
2221537,163,142,1742,2003,2943.0,0.0,1.1500620000000001,0.258554,NOR,MLT,8539
2221538,174,142,1742,2003,1353.0,0.0,-0.065022,-0.195144,PHL,MLT,8539
2221539,177,142,1742,2003,60044.0,0.0,0.966622,1.664838,POL,MLT,8539
2221540,185,142,1742,2003,12119.0,0.0,0.378379,1.0064620000000002,ROU,MLT,8539
2221541,188,142,1742,2003,16431.0,0.0,0.202286,-0.714691,SAU,MLT,8539
2221542,206,142,1742,2003,44619.0,0.0,1.22565,0.915518,SVK,MLT,8539
2221543,208,142,1742,2003,12569.0,0.0,2.099224,0.799982,SWE,MLT,8539
2221544,216,142,1742,2003,2633.0,0.0,0.43010699999999996,1.607408,THA,MLT,8539
2221545,223,142,1742,2003,0.0,10070.0,-0.14845999999999998,0.255092,TUN,MLT,8539
2221546,231,142,1742,2003,77397.0,169805.0,1.7789220000000001,0.064028,USA,MLT,8539
2221547,249,142,1742,2003,50165.0,0.0,1.5924040000000002,1.397843,TWN,MLT,8539
2221548,7,147,1742,2003,143606.0,0.0,0.049637,-0.502691,ARE,MOZ,8539
2221549,14,147,1742,2003,502062.0,0.0,0.316879,0.9409489999999999,AUS,MOZ,8539
2221550,18,147,1742,2003,3056.0,0.0,1.361682,1.39536,BEL,MOZ,8539
2221551,41,147,1742,2003,882.0,0.0,2.151037,0.711217,CHE,MOZ,8539
2221552,43,147,1742,2003,351029.0,0.0,0.579431,2.773139,CHN,MOZ,8539
2221553,68,147,1742,2003,772.0,0.0,-0.292923,0.465433,EGY,MOZ,8539
2221554,71,147,1742,2003,109085.0,0.0,0.960684,2.074792,ESP,MOZ,8539
2221555,74,147,1742,2003,1529.0,0.0,2.077889,0.942501,FIN,MOZ,8539
2221556,77,147,1742,2003,884.0,0.0,1.606606,0.7394149999999999,FRA,MOZ,8539
2221557,81,147,1742,2003,37285.0,0.0,1.8712540000000002,0.706205,GBR,MOZ,8539
2221558,97,147,1742,2003,9409.0,2174.0,0.494569,2.147062,HKG,MOZ,8539
2221559,102,147,1742,2003,23152.0,0.0,1.2003270000000001,1.091407,HUN,MOZ,8539
2221560,104,147,1742,2003,26859.0,0.0,0.33014099999999996,2.836003,IND,MOZ,8539
2221561,111,147,1742,2003,19087.0,0.0,1.399734,1.044608,ITA,MOZ,8539
2221562,114,147,1742,2003,13670.0,1179.0,2.4686630000000003,0.48072600000000004,JPN,MOZ,8539
2221563,121,147,1742,2003,15119.0,0.0,1.2611709999999998,0.956308,KOR,MOZ,8539
2221564,162,147,1742,2003,32774.0,0.0,1.168453,1.7085709999999998,NLD,MOZ,8539
2221565,179,147,1742,2003,174400.0,0.0,0.471376,1.647303,PRT,MOZ,8539
2221566,188,147,1742,2003,1654.0,0.0,0.202286,-0.714691,SAU,MOZ,8539
2221567,192,147,1742,2003,4292.0,0.0,1.5080799999999999,0.720337,SGP,MOZ,8539
2221568,209,147,1742,2003,2074.0,0.0,0.399541,-0.23342600000000002,SWZ,MOZ,8539
2221569,231,147,1742,2003,15414.0,0.0,1.7789220000000001,0.064028,USA,MOZ,8539
2221570,246,147,1742,2003,501920.0,2666.0,0.477987,2.255395,ZAF,MOZ,8539
2221571,249,147,1742,2003,15406.0,0.0,1.5924040000000002,1.397843,TWN,MOZ,8539
2221572,250,147,1742,2003,4480.0,5964.0,0.45951499999999995,-0.2312,ANS,MOZ,8539
2221573,2,155,1742,2003,0.0,183543.0,-1.8762919999999998,-1.176541,AGO,NAM,8539
2221574,37,155,1742,2003,0.0,1477.0,-0.517317,-1.1125770000000001,BWA,NAM,8539
2221575,43,155,1742,2003,79922.0,0.0,0.579431,2.773139,CHN,NAM,8539
2221576,61,155,1742,2003,12317.0,0.0,2.2821919999999998,-2.0985150000000004,DEU,NAM,8539
2221577,71,155,1742,2003,1404.0,0.0,0.960684,2.074792,ESP,NAM,8539
2221578,179,155,1742,2003,1664.0,0.0,0.471376,1.647303,PRT,NAM,8539
2221579,186,155,1742,2003,0.0,718.0,1.072729,0.338355,RUS,NAM,8539
2221580,231,155,1742,2003,6001.0,0.0,1.7789220000000001,0.064028,USA,NAM,8539
2221581,246,155,1742,2003,908763.0,1277.0,0.477987,2.255395,ZAF,NAM,8539
2221582,249,155,1742,2003,2200.0,0.0,1.5924040000000002,1.397843,TWN,NAM,8539
2221583,7,159,1742,2003,2865.0,0.0,0.049637,-0.502691,ARE,NGA,8539
2221584,15,159,1742,2003,4745.0,0.0,1.834977,0.408096,AUT,NGA,8539
2221585,18,159,1742,2003,243855.0,0.0,1.361682,1.39536,BEL,NGA,8539
2221586,19,159,1742,2003,0.0,2962.0,-1.150888,-0.956203,BEN,NGA,8539
2221587,32,159,1742,2003,12182.0,0.0,0.660576,1.118876,BRA,NGA,8539
2221588,43,159,1742,2003,10938583.0,0.0,0.579431,2.773139,CHN,NGA,8539
2221589,59,159,1742,2003,16167.0,0.0,1.555749,0.8662059999999999,CZE,NGA,8539
2221590,61,159,1742,2003,98154.0,0.0,2.2821919999999998,-2.0985150000000004,DEU,NGA,8539
2221591,64,159,1742,2003,2845.0,0.0,1.309564,1.245596,DNK,NGA,8539
2221592,71,159,1742,2003,8656.0,0.0,0.960684,2.074792,ESP,NGA,8539
2221593,77,159,1742,2003,121861.0,0.0,1.606606,0.7394149999999999,FRA,NGA,8539
2221594,78,159,1742,2003,2686.0,0.0,-0.46422299999999994,-0.8072050000000001,FRO,NGA,8539
2221595,81,159,1742,2003,652875.0,0.0,1.8712540000000002,0.706205,GBR,NGA,8539
2221596,90,159,1742,2003,2283.0,0.0,0.364688,1.4823959999999998,GRC,NGA,8539
2221597,91,159,1742,2003,7206.0,0.0,0.3936,-0.258355,GRD,NGA,8539
2221598,97,159,1742,2003,469328.0,800.0,0.494569,2.147062,HKG,NGA,8539
2221599,102,159,1742,2003,709876.0,0.0,1.2003270000000001,1.091407,HUN,NGA,8539
2221600,103,159,1742,2003,182127.0,0.0,-0.16802,1.7252990000000001,IDN,NGA,8539
2221601,104,159,1742,2003,239013.0,0.0,0.33014099999999996,2.836003,IND,NGA,8539
2221602,109,159,1742,2003,77692.0,0.0,0.21902800000000003,-0.40818499999999996,ISL,NGA,8539
2221603,110,159,1742,2003,2186.0,0.0,1.157809,0.682195,ISR,NGA,8539
2221604,111,159,1742,2003,299611.0,0.0,1.399734,1.044608,ITA,NGA,8539
2221605,114,159,1742,2003,18875.0,0.0,2.4686630000000003,0.48072600000000004,JPN,NGA,8539
2221606,116,159,1742,2003,0.0,1954.0,-0.3531,0.582992,KEN,NGA,8539
2221607,121,159,1742,2003,116254.0,0.0,1.2611709999999998,0.956308,KOR,NGA,8539
2221608,131,159,1742,2003,12103.0,0.0,1.444996,1.063764,LUX,NGA,8539
2221609,141,159,1742,2003,0.0,5252.0,-0.786411,-0.879049,MLI,NGA,8539
2221610,157,159,1742,2003,0.0,8921.0,-0.199296,-0.578264,NER,NGA,8539
2221611,162,159,1742,2003,24860.0,0.0,1.168453,1.7085709999999998,NLD,NGA,8539
2221612,163,159,1742,2003,4923.0,0.0,1.1500620000000001,0.258554,NOR,NGA,8539
2221613,188,159,1742,2003,2007.0,0.0,0.202286,-0.714691,SAU,NGA,8539
2221614,191,159,1742,2003,0.0,1649.0,-0.25203600000000004,-0.25549299999999997,SEN,NGA,8539
2221615,192,159,1742,2003,12922.0,0.0,1.5080799999999999,0.720337,SGP,NGA,8539
2221616,207,159,1742,2003,1383.0,0.0,1.6459840000000001,1.014191,SVN,NGA,8539
2221617,208,159,1742,2003,41507.0,0.0,2.099224,0.799982,SWE,NGA,8539
2221618,216,159,1742,2003,10862.0,0.0,0.43010699999999996,1.607408,THA,NGA,8539
2221619,231,159,1742,2003,124777.0,0.0,1.7789220000000001,0.064028,USA,NGA,8539
2221620,246,159,1742,2003,43633.0,0.0,0.477987,2.255395,ZAF,NGA,8539
2221621,249,159,1742,2003,200570.0,0.0,1.5924040000000002,1.397843,TWN,NGA,8539
2221622,7,191,1742,2003,10649.0,0.0,0.049637,-0.502691,ARE,SEN,8539
2221623,18,191,1742,2003,34688.0,0.0,1.361682,1.39536,BEL,SEN,8539
2221624,21,191,1742,2003,0.0,1983.0,-0.9365690000000001,-0.9699409999999999,BFA,SEN,8539
2221625,39,191,1742,2003,692.0,0.0,0.9791540000000001,1.185081,CAN,SEN,8539
2221626,43,191,1742,2003,284995.0,0.0,0.579431,2.773139,CHN,SEN,8539
2221627,59,191,1742,2003,1704.0,0.0,1.555749,0.8662059999999999,CZE,SEN,8539
2221628,61,191,1742,2003,156377.0,0.0,2.2821919999999998,-2.0985150000000004,DEU,SEN,8539
2221629,71,191,1742,2003,997490.0,0.0,0.960684,2.074792,ESP,SEN,8539
2221630,77,191,1742,2003,147992.0,4660.0,1.606606,0.7394149999999999,FRA,SEN,8539
2221631,81,191,1742,2003,1398.0,0.0,1.8712540000000002,0.706205,GBR,SEN,8539
2221632,97,191,1742,2003,6256.0,0.0,0.494569,2.147062,HKG,SEN,8539
2221633,102,191,1742,2003,31836.0,0.0,1.2003270000000001,1.091407,HUN,SEN,8539
2221634,103,191,1742,2003,2751.0,0.0,-0.16802,1.7252990000000001,IDN,SEN,8539
2221635,111,191,1742,2003,56865.0,0.0,1.399734,1.044608,ITA,SEN,8539
2221636,124,191,1742,2003,3944.0,0.0,0.261687,1.053856,LBN,SEN,8539
2221637,134,191,1742,2003,5972.0,0.0,-0.6842050000000001,-0.217892,MAR,SEN,8539
2221638,141,191,1742,2003,0.0,51337.0,-0.786411,-0.879049,MLI,SEN,8539
2221639,159,191,1742,2003,1649.0,0.0,-1.859176,-1.234236,NGA,SEN,8539
2221640,162,191,1742,2003,9516.0,0.0,1.168453,1.7085709999999998,NLD,SEN,8539
2221641,177,191,1742,2003,20287.0,0.0,0.966622,1.664838,POL,SEN,8539
2221642,179,191,1742,2003,22970.0,0.0,0.471376,1.647303,PRT,SEN,8539
2221643,188,191,1742,2003,895.0,0.0,0.202286,-0.714691,SAU,SEN,8539
2221644,223,191,1742,2003,3367.0,0.0,-0.14845999999999998,0.255092,TUN,SEN,8539
2221645,224,191,1742,2003,6153.0,0.0,0.192802,1.9855060000000002,TUR,SEN,8539
2221646,231,191,1742,2003,5680.0,0.0,1.7789220000000001,0.064028,USA,SEN,8539
2221647,246,191,1742,2003,3447.0,0.0,0.477987,2.255395,ZAF,SEN,8539
2221648,250,191,1742,2003,0.0,2327.0,0.45951499999999995,-0.2312,ANS,SEN,8539
2221649,18,203,1742,2003,799.0,0.0,1.361682,1.39536,BEL,STP,8539
2221650,43,203,1742,2003,6253.0,0.0,0.579431,2.773139,CHN,STP,8539
2221651,61,203,1742,2003,991.0,0.0,2.2821919999999998,-2.0985150000000004,DEU,STP,8539
2221652,179,203,1742,2003,43830.0,0.0,0.471376,1.647303,PRT,STP,8539
2221653,7,215,1742,2003,14852.0,0.0,0.049637,-0.502691,ARE,TGO,8539
2221654,18,215,1742,2003,11623.0,0.0,1.361682,1.39536,BEL,TGO,8539
2221655,19,215,1742,2003,0.0,3279.0,-1.150888,-0.956203,BEN,TGO,8539
2221656,21,215,1742,2003,0.0,7954.0,-0.9365690000000001,-0.9699409999999999,BFA,TGO,8539
2221657,42,215,1742,2003,403.0,0.0,-0.06375900000000001,-0.156808,CHL,TGO,8539
2221658,43,215,1742,2003,279098.0,0.0,0.579431,2.773139,CHN,TGO,8539
2221659,61,215,1742,2003,17777.0,0.0,2.2821919999999998,-2.0985150000000004,DEU,TGO,8539
2221660,77,215,1742,2003,17427.0,0.0,1.606606,0.7394149999999999,FRA,TGO,8539
2221661,80,215,1742,2003,0.0,7555.0,-0.92745,-1.138466,GAB,TGO,8539
2221662,83,215,1742,2003,15946.0,0.0,-1.074188,-0.7127319999999999,GHA,TGO,8539
2221663,97,215,1742,2003,11469.0,0.0,0.494569,2.147062,HKG,TGO,8539
2221664,103,215,1742,2003,30797.0,0.0,-0.16802,1.7252990000000001,IDN,TGO,8539
2221665,111,215,1742,2003,14454.0,0.0,1.399734,1.044608,ITA,TGO,8539
2221666,124,215,1742,2003,1965.0,0.0,0.261687,1.053856,LBN,TGO,8539
2221667,141,215,1742,2003,0.0,3318.0,-0.786411,-0.879049,MLI,TGO,8539
2221668,157,215,1742,2003,0.0,1775.0,-0.199296,-0.578264,NER,TGO,8539
2221669,7,226,1742,2003,127967.0,0.0,0.049637,-0.502691,ARE,TZA,8539
2221670,14,226,1742,2003,6194.0,0.0,0.316879,0.9409489999999999,AUS,TZA,8539
2221671,18,226,1742,2003,816.0,0.0,1.361682,1.39536,BEL,TZA,8539
2221672,39,226,1742,2003,10097.0,0.0,0.9791540000000001,1.185081,CAN,TZA,8539
2221673,41,226,1742,2003,4072.0,0.0,2.151037,0.711217,CHE,TZA,8539
2221674,43,226,1742,2003,553723.0,0.0,0.579431,2.773139,CHN,TZA,8539
2221675,61,226,1742,2003,75882.0,0.0,2.2821919999999998,-2.0985150000000004,DEU,TZA,8539
2221676,64,226,1742,2003,1983.0,0.0,1.309564,1.245596,DNK,TZA,8539
2221677,74,226,1742,2003,1282.0,0.0,2.077889,0.942501,FIN,TZA,8539
2221678,77,226,1742,2003,11757.0,0.0,1.606606,0.7394149999999999,FRA,TZA,8539
2221679,81,226,1742,2003,101522.0,0.0,1.8712540000000002,0.706205,GBR,TZA,8539
2221680,97,226,1742,2003,24413.0,0.0,0.494569,2.147062,HKG,TZA,8539
2221681,102,226,1742,2003,10232.0,0.0,1.2003270000000001,1.091407,HUN,TZA,8539
2221682,103,226,1742,2003,23266.0,0.0,-0.16802,1.7252990000000001,IDN,TZA,8539
2221683,104,226,1742,2003,22627.0,0.0,0.33014099999999996,2.836003,IND,TZA,8539
2221684,111,226,1742,2003,199316.0,0.0,1.399734,1.044608,ITA,TZA,8539
2221685,114,226,1742,2003,17094.0,0.0,2.4686630000000003,0.48072600000000004,JPN,TZA,8539
2221686,116,226,1742,2003,61587.0,4871.0,-0.3531,0.582992,KEN,TZA,8539
2221687,121,226,1742,2003,1045.0,0.0,1.2611709999999998,0.956308,KOR,TZA,8539
2221688,153,226,1742,2003,8474.0,0.0,0.728804,0.2168,MYS,TZA,8539
2221689,162,226,1742,2003,171315.0,0.0,1.168453,1.7085709999999998,NLD,TZA,8539
2221690,168,226,1742,2003,6299.0,0.0,-0.6659689999999999,0.137924,PAK,TZA,8539
2221691,187,226,1742,2003,0.0,3624.0,-0.99513,-0.852476,RWA,TZA,8539
2221692,188,226,1742,2003,4041.0,0.0,0.202286,-0.714691,SAU,TZA,8539
2221693,192,226,1742,2003,21097.0,0.0,1.5080799999999999,0.720337,SGP,TZA,8539
2221694,208,226,1742,2003,5205.0,0.0,2.099224,0.799982,SWE,TZA,8539
2221695,216,226,1742,2003,6952.0,0.0,0.43010699999999996,1.607408,THA,TZA,8539
2221696,224,226,1742,2003,1595.0,0.0,0.192802,1.9855060000000002,TUR,TZA,8539
2221697,231,226,1742,2003,10556.0,0.0,1.7789220000000001,0.064028,USA,TZA,8539
2221698,246,226,1742,2003,113128.0,0.0,0.477987,2.255395,ZAF,TZA,8539
2221699,247,226,1742,2003,0.0,3210.0,-0.678149,-0.5919449999999999,ZMB,TZA,8539
2221700,248,226,1742,2003,8069.0,0.0,-0.366539,-0.18906199999999998,ZWE,TZA,8539
2221701,249,226,1742,2003,6554.0,0.0,1.5924040000000002,1.397843,TWN,TZA,8539
2221702,14,239,1742,2003,84030.0,29023.0,0.316879,0.9409489999999999,AUS,VNM,8539
2221703,15,239,1742,2003,6409.0,145894.0,1.834977,0.408096,AUT,VNM,8539
2221704,18,239,1742,2003,4705.0,341172.0,1.361682,1.39536,BEL,VNM,8539
2221705,22,239,1742,2003,0.0,7255.0,-1.168404,-1.035782,BGD,VNM,8539
2221706,26,239,1742,2003,0.0,616.0,0.195667,0.347011,BIH,VNM,8539
2221707,28,239,1742,2003,34566.0,0.0,0.847358,0.9307719999999999,BLR,VNM,8539
2221708,39,239,1742,2003,10347.0,0.0,0.9791540000000001,1.185081,CAN,VNM,8539
2221709,41,239,1742,2003,50293.0,35526.0,2.151037,0.711217,CHE,VNM,8539
2221710,43,239,1742,2003,6244163.0,93252.0,0.579431,2.773139,CHN,VNM,8539
2221711,59,239,1742,2003,9597.0,0.0,1.555749,0.8662059999999999,CZE,VNM,8539
2221712,61,239,1742,2003,566336.0,3421411.0,2.2821919999999998,-2.0985150000000004,DEU,VNM,8539
2221713,64,239,1742,2003,3982.0,62516.0,1.309564,1.245596,DNK,VNM,8539
2221714,68,239,1742,2003,0.0,81892.0,-0.292923,0.465433,EGY,VNM,8539
2221715,71,239,1742,2003,12575.0,927042.0,0.960684,2.074792,ESP,VNM,8539
2221716,72,239,1742,2003,0.0,1076.0,0.5913010000000001,0.8489979999999999,EST,VNM,8539
2221717,74,239,1742,2003,0.0,616253.0,2.077889,0.942501,FIN,VNM,8539
2221718,77,239,1742,2003,62476.0,516115.0,1.606606,0.7394149999999999,FRA,VNM,8539
2221719,80,239,1742,2003,0.0,5269.0,-0.92745,-1.138466,GAB,VNM,8539
2221720,81,239,1742,2003,91630.0,675364.0,1.8712540000000002,0.706205,GBR,VNM,8539
2221721,82,239,1742,2003,4818.0,0.0,0.595485,-0.25939,GEO,VNM,8539
2221722,83,239,1742,2003,0.0,17252.0,-1.074188,-0.7127319999999999,GHA,VNM,8539
2221723,90,239,1742,2003,0.0,23848.0,0.364688,1.4823959999999998,GRC,VNM,8539
2221724,97,239,1742,2003,206530.0,0.0,0.494569,2.147062,HKG,VNM,8539
2221725,100,239,1742,2003,0.0,667.0,0.568394,1.230759,HRV,VNM,8539
2221726,102,239,1742,2003,1503808.0,0.0,1.2003270000000001,1.091407,HUN,VNM,8539
2221727,103,239,1742,2003,66974.0,676146.0,-0.16802,1.7252990000000001,IDN,VNM,8539
2221728,104,239,1742,2003,98762.0,1280848.0,0.33014099999999996,2.836003,IND,VNM,8539
2221729,109,239,1742,2003,0.0,3789.0,0.21902800000000003,-0.40818499999999996,ISL,VNM,8539
2221730,111,239,1742,2003,63698.0,670183.0,1.399734,1.044608,ITA,VNM,8539
2221731,114,239,1742,2003,1590516.0,1474221.0,2.4686630000000003,0.48072600000000004,JPN,VNM,8539
2221732,116,239,1742,2003,0.0,5508.0,-0.3531,0.582992,KEN,VNM,8539
2221733,118,239,1742,2003,4208.0,53805.0,-1.0165620000000002,-1.060454,KHM,VNM,8539
2221734,121,239,1742,2003,2529399.0,2047518.0,1.2611709999999998,0.956308,KOR,VNM,8539
2221735,123,239,1742,2003,0.0,52785.0,-1.251741,-1.14364,LAO,VNM,8539
2221736,128,239,1742,2003,0.0,53301.0,-0.618057,0.101931,LKA,VNM,8539
2221737,130,239,1742,2003,0.0,2119.0,0.239608,0.517299,LTU,VNM,8539
2221738,134,239,1742,2003,0.0,47516.0,-0.6842050000000001,-0.217892,MAR,VNM,8539
2221739,138,239,1742,2003,0.0,1734.0,0.862509,0.756684,MEX,VNM,8539
2221740,143,239,1742,2003,0.0,245169.0,-1.435123,-1.0948,MMR,VNM,8539
2221741,148,239,1742,2003,0.0,10343.0,-1.069232,-1.184061,MRT,VNM,8539
2221742,153,239,1742,2003,29680.0,94561.0,0.728804,0.2168,MYS,VNM,8539
2221743,156,239,1742,2003,0.0,215.0,-0.344934,-0.776632,NCL,VNM,8539
2221744,162,239,1742,2003,37060.0,2442742.0,1.168453,1.7085709999999998,NLD,VNM,8539
2221745,163,239,1742,2003,0.0,33686.0,1.1500620000000001,0.258554,NOR,VNM,8539
2221746,174,239,1742,2003,2530.0,0.0,-0.065022,-0.195144,PHL,VNM,8539
2221747,179,239,1742,2003,0.0,50024.0,0.471376,1.647303,PRT,VNM,8539
2221748,185,239,1742,2003,0.0,25527.0,0.378379,1.0064620000000002,ROU,VNM,8539
2221749,186,239,1742,2003,107186.0,0.0,1.072729,0.338355,RUS,VNM,8539
2221750,190,239,1742,2003,0.0,11215.0,-1.3535059999999999,-1.1701409999999999,SDN,VNM,8539
2221751,192,239,1742,2003,1764979.0,101159.0,1.5080799999999999,0.720337,SGP,VNM,8539
2221752,207,239,1742,2003,0.0,25443.0,1.6459840000000001,1.014191,SVN,VNM,8539
2221753,208,239,1742,2003,2478.0,480060.0,2.099224,0.799982,SWE,VNM,8539
2221754,212,239,1742,2003,0.0,29113.0,-0.868749,-0.326322,SYR,VNM,8539
2221755,216,239,1742,2003,1570188.0,81626.0,0.43010699999999996,1.607408,THA,VNM,8539
2221756,224,239,1742,2003,2609.0,0.0,0.192802,1.9855060000000002,TUR,VNM,8539
2221757,228,239,1742,2003,8040.0,0.0,0.8929389999999999,0.956685,UKR,VNM,8539
2221758,231,239,1742,2003,72559.0,3301364.0,1.7789220000000001,0.064028,USA,VNM,8539
2221759,249,239,1742,2003,939583.0,561682.0,1.5924040000000002,1.397843,TWN,VNM,8539
2221760,7,247,1742,2003,100170.0,0.0,0.049637,-0.502691,ARE,ZMB,8539
2221761,18,247,1742,2003,46353.0,0.0,1.361682,1.39536,BEL,ZMB,8539
2221762,39,247,1742,2003,6599.0,0.0,0.9791540000000001,1.185081,CAN,ZMB,8539
2221763,41,247,1742,2003,5826.0,0.0,2.151037,0.711217,CHE,ZMB,8539
2221764,43,247,1742,2003,182178.0,0.0,0.579431,2.773139,CHN,ZMB,8539
2221765,46,247,1742,2003,0.0,46682.0,-1.366232,-1.0778860000000001,COD,ZMB,8539
2221766,61,247,1742,2003,5721.0,0.0,2.2821919999999998,-2.0985150000000004,DEU,ZMB,8539
2221767,71,247,1742,2003,101136.0,0.0,0.960684,2.074792,ESP,ZMB,8539
2221768,74,247,1742,2003,974.0,0.0,2.077889,0.942501,FIN,ZMB,8539
2221769,81,247,1742,2003,105561.0,0.0,1.8712540000000002,0.706205,GBR,ZMB,8539
2221770,97,247,1742,2003,50808.0,0.0,0.494569,2.147062,HKG,ZMB,8539
2221771,111,247,1742,2003,1595.0,0.0,1.399734,1.044608,ITA,ZMB,8539
2221772,114,247,1742,2003,1289.0,0.0,2.4686630000000003,0.48072600000000004,JPN,ZMB,8539
2221773,121,247,1742,2003,3583.0,0.0,1.2611709999999998,0.956308,KOR,ZMB,8539
2221774,152,247,1742,2003,0.0,996.0,-1.48079,-1.235645,MWI,ZMB,8539
2221775,162,247,1742,2003,108127.0,0.0,1.168453,1.7085709999999998,NLD,ZMB,8539
2221776,208,247,1742,2003,3257.0,0.0,2.099224,0.799982,SWE,ZMB,8539
2221777,226,247,1742,2003,3210.0,0.0,-1.225217,-0.43662399999999996,TZA,ZMB,8539
2221778,231,247,1742,2003,2978.0,0.0,1.7789220000000001,0.064028,USA,ZMB,8539
2221779,246,247,1742,2003,511006.0,2060.0,0.477987,2.255395,ZAF,ZMB,8539
2221780,248,247,1742,2003,3091.0,0.0,-0.366539,-0.18906199999999998,ZWE,ZMB,8539
2221781,249,247,1742,2003,8095.0,0.0,1.5924040000000002,1.397843,TWN,ZMB,8539
2221782,39,13,1742,2003,1573.0,0.0,0.9791540000000001,1.185081,CAN,ATG,8539
2221783,81,13,1742,2003,37050.0,0.0,1.8712540000000002,0.706205,GBR,ATG,8539
2221784,111,13,1742,2003,10211.0,0.0,1.399734,1.044608,ITA,ATG,8539
2221785,138,13,1742,2003,3948.0,0.0,0.862509,0.756684,MEX,ATG,8539
2221786,222,13,1742,2003,1933.0,0.0,-0.16738,-0.9820969999999999,TTO,ATG,8539
2221787,231,13,1742,2003,82552.0,0.0,1.7789220000000001,0.064028,USA,ATG,8539
2221788,6,120,1742,2003,1181.0,0.0,0.108903,-0.650137,ANT,KNA,8539
2221789,39,120,1742,2003,25978.0,0.0,0.9791540000000001,1.185081,CAN,KNA,8539
2221790,43,120,1742,2003,322.0,0.0,0.579431,2.773139,CHN,KNA,8539
2221791,61,120,1742,2003,956.0,0.0,2.2821919999999998,-2.0985150000000004,DEU,KNA,8539
2221792,77,120,1742,2003,3522.0,0.0,1.606606,0.7394149999999999,FRA,KNA,8539
2221793,81,120,1742,2003,67123.0,0.0,1.8712540000000002,0.706205,GBR,KNA,8539
2221794,114,120,1742,2003,1660.0,0.0,2.4686630000000003,0.48072600000000004,JPN,KNA,8539
2221795,222,120,1742,2003,2128.0,0.0,-0.16738,-0.9820969999999999,TTO,KNA,8539
2221796,231,120,1742,2003,221349.0,1575.0,1.7789220000000001,0.064028,USA,KNA,8539
2221797,33,127,1742,2003,0.0,988.0,0.744166,0.074191,BRB,LCA,8539
2221798,41,127,1742,2003,2633.0,0.0,2.151037,0.711217,CHE,LCA,8539
2221799,43,127,1742,2003,5150.0,0.0,0.579431,2.773139,CHN,LCA,8539
2221800,61,127,1742,2003,10200.0,0.0,2.2821919999999998,-2.0985150000000004,DEU,LCA,8539
2221801,77,127,1742,2003,4921.0,0.0,1.606606,0.7394149999999999,FRA,LCA,8539
2221802,81,127,1742,2003,49287.0,1411.0,1.8712540000000002,0.706205,GBR,LCA,8539
2221803,97,127,1742,2003,2141.0,0.0,0.494569,2.147062,HKG,LCA,8539
2221804,114,127,1742,2003,6522.0,0.0,2.4686630000000003,0.48072600000000004,JPN,LCA,8539
2221805,162,127,1742,2003,1861.0,0.0,1.168453,1.7085709999999998,NLD,LCA,8539
2221806,222,127,1742,2003,10824.0,0.0,-0.16738,-0.9820969999999999,TTO,LCA,8539
2221807,231,127,1742,2003,164629.0,1090.0,1.7789220000000001,0.064028,USA,LCA,8539
2221808,166,48,1742,2003,57472.0,0.0,0.589619,0.997301,NZL,COK,8539
2221809,43,63,1742,2003,788607.0,0.0,0.579431,2.773139,CHN,DMA,8539
2221810,61,63,1742,2003,7791.0,0.0,2.2821919999999998,-2.0985150000000004,DEU,DMA,8539
2221811,77,63,1742,2003,3267.0,0.0,1.606606,0.7394149999999999,FRA,DMA,8539
2221812,81,63,1742,2003,132339.0,0.0,1.8712540000000002,0.706205,GBR,DMA,8539
2221813,102,63,1742,2003,7061.0,0.0,1.2003270000000001,1.091407,HUN,DMA,8539
2221814,106,63,1742,2003,0.0,30675.0,1.6396130000000002,0.220599,IRL,DMA,8539
2221815,114,63,1742,2003,7619.0,0.0,2.4686630000000003,0.48072600000000004,JPN,DMA,8539
2221816,121,63,1742,2003,50064.0,0.0,1.2611709999999998,0.956308,KOR,DMA,8539
2221817,222,63,1742,2003,2143.0,0.0,-0.16738,-0.9820969999999999,TTO,DMA,8539
2221818,231,63,1742,2003,47111.0,1529.0,1.7789220000000001,0.064028,USA,DMA,8539
2221819,249,63,1742,2003,880.0,0.0,1.5924040000000002,1.397843,TWN,DMA,8539
2221820,250,63,1742,2003,1929.0,0.0,0.45951499999999995,-0.2312,ANS,DMA,8539
2221821,7,66,1742,2003,145719.0,0.0,0.049637,-0.502691,ARE,DZA,8539
2221822,18,66,1742,2003,447454.0,0.0,1.361682,1.39536,BEL,DZA,8539
2221823,23,66,1742,2003,1796.0,0.0,0.43308599999999997,1.7104099999999998,BGR,DZA,8539
2221824,32,66,1742,2003,87715.0,0.0,0.660576,1.118876,BRA,DZA,8539
2221825,39,66,1742,2003,1286.0,0.0,0.9791540000000001,1.185081,CAN,DZA,8539
2221826,41,66,1742,2003,24400.0,0.0,2.151037,0.711217,CHE,DZA,8539
2221827,43,66,1742,2003,3445885.0,0.0,0.579431,2.773139,CHN,DZA,8539
2221828,59,66,1742,2003,1794.0,0.0,1.555749,0.8662059999999999,CZE,DZA,8539
2221829,61,66,1742,2003,1391112.0,0.0,2.2821919999999998,-2.0985150000000004,DEU,DZA,8539
2221830,64,66,1742,2003,399457.0,0.0,1.309564,1.245596,DNK,DZA,8539
2221831,68,66,1742,2003,0.0,12233.0,-0.292923,0.465433,EGY,DZA,8539
2221832,71,66,1742,2003,462999.0,0.0,0.960684,2.074792,ESP,DZA,8539
2221833,77,66,1742,2003,664057.0,0.0,1.606606,0.7394149999999999,FRA,DZA,8539
2221834,81,66,1742,2003,84509.0,0.0,1.8712540000000002,0.706205,GBR,DZA,8539
2221835,97,66,1742,2003,58661.0,0.0,0.494569,2.147062,HKG,DZA,8539
2221836,102,66,1742,2003,754029.0,0.0,1.2003270000000001,1.091407,HUN,DZA,8539
2221837,104,66,1742,2003,14948.0,0.0,0.33014099999999996,2.836003,IND,DZA,8539
2221838,111,66,1742,2003,473122.0,0.0,1.399734,1.044608,ITA,DZA,8539
2221839,114,66,1742,2003,64375.0,0.0,2.4686630000000003,0.48072600000000004,JPN,DZA,8539
2221840,121,66,1742,2003,1710.0,0.0,1.2611709999999998,0.956308,KOR,DZA,8539
2221841,126,66,1742,2003,0.0,9298.0,-0.36075999999999997,-1.110575,LBY,DZA,8539
2221842,138,66,1742,2003,3924.0,0.0,0.862509,0.756684,MEX,DZA,8539
2221843,162,66,1742,2003,58656.0,2121.0,1.168453,1.7085709999999998,NLD,DZA,8539
2221844,177,66,1742,2003,19479.0,0.0,0.966622,1.664838,POL,DZA,8539
2221845,179,66,1742,2003,1468.0,0.0,0.471376,1.647303,PRT,DZA,8539
2221846,186,66,1742,2003,2737.0,0.0,1.072729,0.338355,RUS,DZA,8539
2221847,188,66,1742,2003,2415.0,0.0,0.202286,-0.714691,SAU,DZA,8539
2221848,192,66,1742,2003,4021.0,0.0,1.5080799999999999,0.720337,SGP,DZA,8539
2221849,217,66,1742,2003,4686.0,0.0,-0.6187520000000001,-1.0438969999999999,TJK,DZA,8539
2221850,223,66,1742,2003,5636.0,0.0,-0.14845999999999998,0.255092,TUN,DZA,8539
2221851,224,66,1742,2003,187859.0,0.0,0.192802,1.9855060000000002,TUR,DZA,8539
2221852,231,66,1742,2003,228738.0,0.0,1.7789220000000001,0.064028,USA,DZA,8539
2221853,249,66,1742,2003,3769.0,0.0,1.5924040000000002,1.397843,TWN,DZA,8539
2221854,250,66,1742,2003,65126.0,0.0,0.45951499999999995,-0.2312,ANS,DZA,8539
2221855,7,82,1742,2003,3137.0,0.0,0.049637,-0.502691,ARE,GEO,8539
2221856,9,82,1742,2003,79664.0,0.0,0.497521,-0.305788,ARM,GEO,8539
2221857,15,82,1742,2003,3988.0,0.0,1.834977,0.408096,AUT,GEO,8539
2221858,18,82,1742,2003,1255.0,0.0,1.361682,1.39536,BEL,GEO,8539
2221859,41,82,1742,2003,870.0,0.0,2.151037,0.711217,CHE,GEO,8539
2221860,43,82,1742,2003,7659.0,0.0,0.579431,2.773139,CHN,GEO,8539
2221861,61,82,1742,2003,53983.0,0.0,2.2821919999999998,-2.0985150000000004,DEU,GEO,8539
2221862,64,82,1742,2003,959.0,0.0,1.309564,1.245596,DNK,GEO,8539
2221863,71,82,1742,2003,1457.0,0.0,0.960684,2.074792,ESP,GEO,8539
2221864,81,82,1742,2003,8689.0,0.0,1.8712540000000002,0.706205,GBR,GEO,8539
2221865,102,82,1742,2003,46294.0,0.0,1.2003270000000001,1.091407,HUN,GEO,8539
2221866,107,82,1742,2003,0.0,1110.0,-0.552146,-0.8668520000000001,IRN,GEO,8539
2221867,111,82,1742,2003,2809.0,0.0,1.399734,1.044608,ITA,GEO,8539
2221868,117,82,1742,2003,233112.0,0.0,0.25359699999999996,0.24101199999999998,KGZ,GEO,8539
2221869,121,82,1742,2003,0.0,1363.0,1.2611709999999998,0.956308,KOR,GEO,8539
2221870,132,82,1742,2003,10807.0,0.0,0.520772,0.5631689999999999,LVA,GEO,8539
2221871,162,82,1742,2003,6353.0,0.0,1.168453,1.7085709999999998,NLD,GEO,8539
2221872,186,82,1742,2003,30516.0,0.0,1.072729,0.338355,RUS,GEO,8539
2221873,224,82,1742,2003,128404.0,0.0,0.192802,1.9855060000000002,TUR,GEO,8539
2221874,228,82,1742,2003,391748.0,0.0,0.8929389999999999,0.956685,UKR,GEO,8539
2221875,231,82,1742,2003,13584.0,0.0,1.7789220000000001,0.064028,USA,GEO,8539
2221876,232,82,1742,2003,1387.0,0.0,-0.285978,-0.703334,UZB,GEO,8539
2221877,239,82,1742,2003,0.0,4818.0,-0.633985,0.659696,VNM,GEO,8539
2221878,32,108,1742,2003,1441.0,0.0,0.660576,1.118876,BRA,IRQ,8539
2221879,43,108,1742,2003,125630.0,0.0,0.579431,2.773139,CHN,IRQ,8539
2221880,61,108,1742,2003,17109.0,0.0,2.2821919999999998,-2.0985150000000004,DEU,IRQ,8539
2221881,71,108,1742,2003,20193.0,0.0,0.960684,2.074792,ESP,IRQ,8539
2221882,77,108,1742,2003,53198.0,0.0,1.606606,0.7394149999999999,FRA,IRQ,8539
2221883,81,108,1742,2003,15523.0,0.0,1.8712540000000002,0.706205,GBR,IRQ,8539
2221884,104,108,1742,2003,48399.0,0.0,0.33014099999999996,2.836003,IND,IRQ,8539
2221885,107,108,1742,2003,54754.0,72793.0,-0.552146,-0.8668520000000001,IRN,IRQ,8539
2221886,113,108,1742,2003,37707.0,0.0,0.12295,0.377031,JOR,IRQ,8539
2221887,114,108,1742,2003,13533.0,0.0,2.4686630000000003,0.48072600000000004,JPN,IRQ,8539
2221888,117,108,1742,2003,21147.0,0.0,0.25359699999999996,0.24101199999999998,KGZ,IRQ,8539
2221889,122,108,1742,2003,58314.0,0.0,-0.7943640000000001,-1.1529770000000001,KWT,IRQ,8539
2221890,124,108,1742,2003,9624.0,0.0,0.261687,1.053856,LBN,IRQ,8539
2221891,186,108,1742,2003,75120.0,0.0,1.072729,0.338355,RUS,IRQ,8539
2221892,224,108,1742,2003,424055.0,0.0,0.192802,1.9855060000000002,TUR,IRQ,8539
2221893,231,108,1742,2003,19260.0,0.0,1.7789220000000001,0.064028,USA,IRQ,8539
2221894,15,109,1742,2003,6582.0,46012.0,1.834977,0.408096,AUT,ISL,8539
2221895,18,109,1742,2003,284234.0,0.0,1.361682,1.39536,BEL,ISL,8539
2221896,23,109,1742,2003,339.0,0.0,0.43308599999999997,1.7104099999999998,BGR,ISL,8539
2221897,39,109,1742,2003,4053.0,0.0,0.9791540000000001,1.185081,CAN,ISL,8539
2221898,41,109,1742,2003,826.0,0.0,2.151037,0.711217,CHE,ISL,8539
2221899,43,109,1742,2003,41502.0,0.0,0.579431,2.773139,CHN,ISL,8539
2221900,59,109,1742,2003,1895.0,0.0,1.555749,0.8662059999999999,CZE,ISL,8539
2221901,61,109,1742,2003,1102332.0,5450.0,2.2821919999999998,-2.0985150000000004,DEU,ISL,8539
2221902,64,109,1742,2003,93613.0,0.0,1.309564,1.245596,DNK,ISL,8539
2221903,71,109,1742,2003,178055.0,0.0,0.960684,2.074792,ESP,ISL,8539
2221904,74,109,1742,2003,18380.0,0.0,2.077889,0.942501,FIN,ISL,8539
2221905,77,109,1742,2003,126418.0,2045.0,1.606606,0.7394149999999999,FRA,ISL,8539
2221906,81,109,1742,2003,83075.0,4326.0,1.8712540000000002,0.706205,GBR,ISL,8539
2221907,97,109,1742,2003,24024.0,0.0,0.494569,2.147062,HKG,ISL,8539
2221908,102,109,1742,2003,58533.0,0.0,1.2003270000000001,1.091407,HUN,ISL,8539
2221909,104,109,1742,2003,1747.0,0.0,0.33014099999999996,2.836003,IND,ISL,8539
2221910,106,109,1742,2003,8843.0,0.0,1.6396130000000002,0.220599,IRL,ISL,8539
2221911,111,109,1742,2003,279156.0,0.0,1.399734,1.044608,ITA,ISL,8539
2221912,114,109,1742,2003,41148.0,0.0,2.4686630000000003,0.48072600000000004,JPN,ISL,8539
2221913,121,109,1742,2003,18743.0,0.0,1.2611709999999998,0.956308,KOR,ISL,8539
2221914,128,109,1742,2003,366.0,0.0,-0.618057,0.101931,LKA,ISL,8539
2221915,130,109,1742,2003,1064.0,0.0,0.239608,0.517299,LTU,ISL,8539
2221916,131,109,1742,2003,2756.0,0.0,1.444996,1.063764,LUX,ISL,8539
2221917,153,109,1742,2003,351.0,0.0,0.728804,0.2168,MYS,ISL,8539
2221918,159,109,1742,2003,0.0,77692.0,-1.859176,-1.234236,NGA,ISL,8539
2221919,162,109,1742,2003,139745.0,1073.0,1.168453,1.7085709999999998,NLD,ISL,8539
2221920,163,109,1742,2003,825137.0,9567.0,1.1500620000000001,0.258554,NOR,ISL,8539
2221921,177,109,1742,2003,58955.0,0.0,0.966622,1.664838,POL,ISL,8539
2221922,206,109,1742,2003,6722.0,0.0,1.22565,0.915518,SVK,ISL,8539
2221923,207,109,1742,2003,910.0,0.0,1.6459840000000001,1.014191,SVN,ISL,8539
2221924,208,109,1742,2003,121721.0,0.0,2.099224,0.799982,SWE,ISL,8539
2221925,216,109,1742,2003,3074.0,0.0,0.43010699999999996,1.607408,THA,ISL,8539
2221926,223,109,1742,2003,429.0,0.0,-0.14845999999999998,0.255092,TUN,ISL,8539
2221927,231,109,1742,2003,62127.0,0.0,1.7789220000000001,0.064028,USA,ISL,8539
2221928,239,109,1742,2003,3789.0,0.0,-0.633985,0.659696,VNM,ISL,8539
2221929,249,109,1742,2003,1642.0,0.0,1.5924040000000002,1.397843,TWN,ISL,8539
2221930,7,140,1742,2003,1061.0,0.0,0.049637,-0.502691,ARE,MKD,8539
2221931,8,140,1742,2003,838.0,0.0,0.302073,0.49069700000000005,ARG,MKD,8539
2221932,15,140,1742,2003,9007.0,0.0,1.834977,0.408096,AUT,MKD,8539
2221933,18,140,1742,2003,31910.0,0.0,1.361682,1.39536,BEL,MKD,8539
2221934,23,140,1742,2003,135871.0,0.0,0.43308599999999997,1.7104099999999998,BGR,MKD,8539
2221935,26,140,1742,2003,2271.0,0.0,0.195667,0.347011,BIH,MKD,8539
2221936,32,140,1742,2003,414.0,0.0,0.660576,1.118876,BRA,MKD,8539
2221937,33,140,1742,2003,0.0,9515.0,0.744166,0.074191,BRB,MKD,8539
2221938,43,140,1742,2003,44304.0,0.0,0.579431,2.773139,CHN,MKD,8539
2221939,59,140,1742,2003,3770.0,0.0,1.555749,0.8662059999999999,CZE,MKD,8539
2221940,61,140,1742,2003,187297.0,0.0,2.2821919999999998,-2.0985150000000004,DEU,MKD,8539
2221941,74,140,1742,2003,1140.0,0.0,2.077889,0.942501,FIN,MKD,8539
2221942,77,140,1742,2003,11588.0,0.0,1.606606,0.7394149999999999,FRA,MKD,8539
2221943,81,140,1742,2003,40079.0,0.0,1.8712540000000002,0.706205,GBR,MKD,8539
2221944,90,140,1742,2003,772137.0,9886.0,0.364688,1.4823959999999998,GRC,MKD,8539
2221945,100,140,1742,2003,151575.0,0.0,0.568394,1.230759,HRV,MKD,8539
2221946,102,140,1742,2003,219385.0,5977.0,1.2003270000000001,1.091407,HUN,MKD,8539
2221947,111,140,1742,2003,109850.0,0.0,1.399734,1.044608,ITA,MKD,8539
2221948,114,140,1742,2003,1965.0,0.0,2.4686630000000003,0.48072600000000004,JPN,MKD,8539
2221949,135,140,1742,2003,4575.0,0.0,-0.005154,-0.26107199999999997,MDA,MKD,8539
2221950,162,140,1742,2003,81269.0,0.0,1.168453,1.7085709999999998,NLD,MKD,8539
2221951,177,140,1742,2003,81111.0,0.0,0.966622,1.664838,POL,MKD,8539
2221952,189,140,1742,2003,125716.0,15555.0,0.575326,1.627894,SCG,MKD,8539
2221953,206,140,1742,2003,30939.0,0.0,1.22565,0.915518,SVK,MKD,8539
2221954,207,140,1742,2003,58198.0,0.0,1.6459840000000001,1.014191,SVN,MKD,8539
2221955,224,140,1742,2003,49618.0,0.0,0.192802,1.9855060000000002,TUR,MKD,8539
2221956,228,140,1742,2003,3177.0,0.0,0.8929389999999999,0.956685,UKR,MKD,8539
2221957,231,140,1742,2003,13618.0,0.0,1.7789220000000001,0.064028,USA,MKD,8539
2221958,249,140,1742,2003,514.0,0.0,1.5924040000000002,1.397843,TWN,MKD,8539
2221959,7,164,1742,2003,855.0,0.0,0.049637,-0.502691,ARE,NPL,8539
2221960,43,164,1742,2003,190945.0,0.0,0.579431,2.773139,CHN,NPL,8539
2221961,61,164,1742,2003,34374.0,0.0,2.2821919999999998,-2.0985150000000004,DEU,NPL,8539
2221962,71,164,1742,2003,817.0,0.0,0.960684,2.074792,ESP,NPL,8539
2221963,77,164,1742,2003,2515.0,0.0,1.606606,0.7394149999999999,FRA,NPL,8539
2221964,81,164,1742,2003,1434.0,0.0,1.8712540000000002,0.706205,GBR,NPL,8539
2221965,97,164,1742,2003,49600.0,0.0,0.494569,2.147062,HKG,NPL,8539
2221966,103,164,1742,2003,17180.0,0.0,-0.16802,1.7252990000000001,IDN,NPL,8539
2221967,104,164,1742,2003,376930.0,0.0,0.33014099999999996,2.836003,IND,NPL,8539
2221968,111,164,1742,2003,1470.0,0.0,1.399734,1.044608,ITA,NPL,8539
2221969,114,164,1742,2003,7492.0,0.0,2.4686630000000003,0.48072600000000004,JPN,NPL,8539
2221970,121,164,1742,2003,1045.0,0.0,1.2611709999999998,0.956308,KOR,NPL,8539
2221971,128,164,1742,2003,2807.0,0.0,-0.618057,0.101931,LKA,NPL,8539
2221972,162,164,1742,2003,4547.0,0.0,1.168453,1.7085709999999998,NLD,NPL,8539
2221973,192,164,1742,2003,5204.0,0.0,1.5080799999999999,0.720337,SGP,NPL,8539
2221974,216,164,1742,2003,38167.0,0.0,0.43010699999999996,1.607408,THA,NPL,8539
2221975,231,164,1742,2003,9424.0,0.0,1.7789220000000001,0.064028,USA,NPL,8539
2221976,246,164,1742,2003,3025.0,0.0,0.477987,2.255395,ZAF,NPL,8539
2221977,14,178,1742,2003,0.0,109822.0,0.316879,0.9409489999999999,AUS,PRK,8539
2221978,15,178,1742,2003,52191.0,7171.0,1.834977,0.408096,AUT,PRK,8539
2221979,18,178,1742,2003,7315.0,0.0,1.361682,1.39536,BEL,PRK,8539
2221980,23,178,1742,2003,0.0,1181.0,0.43308599999999997,1.7104099999999998,BGR,PRK,8539
2221981,26,178,1742,2003,0.0,1661.0,0.195667,0.347011,BIH,PRK,8539
2221982,32,178,1742,2003,88356.0,240295.0,0.660576,1.118876,BRA,PRK,8539
2221983,43,178,1742,2003,601014.0,2607.0,0.579431,2.773139,CHN,PRK,8539
2221984,49,178,1742,2003,0.0,1020.0,0.218336,0.376869,COL,PRK,8539
2221985,52,178,1742,2003,0.0,3404.0,-0.193904,-0.5049680000000001,CRI,PRK,8539
2221986,54,178,1742,2003,0.0,11197.0,-0.391515,-0.8562120000000001,CUB,PRK,8539
2221987,61,178,1742,2003,63549.0,13511.0,2.2821919999999998,-2.0985150000000004,DEU,PRK,8539
2221988,68,178,1742,2003,0.0,22303.0,-0.292923,0.465433,EGY,PRK,8539
2221989,77,178,1742,2003,0.0,2727.0,1.606606,0.7394149999999999,FRA,PRK,8539
2221990,81,178,1742,2003,0.0,124771.0,1.8712540000000002,0.706205,GBR,PRK,8539
2221991,97,178,1742,2003,2316.0,0.0,0.494569,2.147062,HKG,PRK,8539
2221992,102,178,1742,2003,2000.0,0.0,1.2003270000000001,1.091407,HUN,PRK,8539
2221993,104,178,1742,2003,79787.0,0.0,0.33014099999999996,2.836003,IND,PRK,8539
2221994,114,178,1742,2003,455979.0,0.0,2.4686630000000003,0.48072600000000004,JPN,PRK,8539
2221995,124,178,1742,2003,0.0,13011.0,0.261687,1.053856,LBN,PRK,8539
2221996,138,178,1742,2003,0.0,8367.0,0.862509,0.756684,MEX,PRK,8539
2221997,160,178,1742,2003,0.0,1606.0,-0.8661459999999999,-0.8661690000000001,NIC,PRK,8539
2221998,177,178,1742,2003,59000.0,0.0,0.966622,1.664838,POL,PRK,8539
2221999,180,178,1742,2003,0.0,6997.0,-0.607733,-0.8577879999999999,PRY,PRK,8539
2222000,192,178,1742,2003,3623.0,0.0,1.5080799999999999,0.720337,SGP,PRK,8539
2222001,197,178,1742,2003,0.0,22380.0,-0.251357,-0.189917,SLV,PRK,8539
2222002,212,178,1742,2003,0.0,2307.0,-0.868749,-0.326322,SYR,PRK,8539
2222003,216,178,1742,2003,4824707.0,40211.0,0.43010699999999996,1.607408,THA,PRK,8539
2222004,223,178,1742,2003,0.0,1307.0,-0.14845999999999998,0.255092,TUN,PRK,8539
2222005,224,178,1742,2003,0.0,40628.0,0.192802,1.9855060000000002,TUR,PRK,8539
2222006,7,187,1742,2003,29131.0,0.0,0.049637,-0.502691,ARE,RWA,8539
2222007,18,187,1742,2003,49203.0,0.0,1.361682,1.39536,BEL,RWA,8539
2222008,43,187,1742,2003,28678.0,0.0,0.579431,2.773139,CHN,RWA,8539
2222009,61,187,1742,2003,6077.0,0.0,2.2821919999999998,-2.0985150000000004,DEU,RWA,8539
2222010,77,187,1742,2003,2867.0,0.0,1.606606,0.7394149999999999,FRA,RWA,8539
2222011,81,187,1742,2003,15732.0,0.0,1.8712540000000002,0.706205,GBR,RWA,8539
2222012,102,187,1742,2003,8588.0,0.0,1.2003270000000001,1.091407,HUN,RWA,8539
2222013,103,187,1742,2003,514.0,0.0,-0.16802,1.7252990000000001,IDN,RWA,8539
2222014,104,187,1742,2003,2909.0,0.0,0.33014099999999996,2.836003,IND,RWA,8539
2222015,110,187,1742,2003,40741.0,0.0,1.157809,0.682195,ISR,RWA,8539
2222016,114,187,1742,2003,1039.0,0.0,2.4686630000000003,0.48072600000000004,JPN,RWA,8539
2222017,116,187,1742,2003,1021.0,0.0,-0.3531,0.582992,KEN,RWA,8539
2222018,162,187,1742,2003,2395.0,0.0,1.168453,1.7085709999999998,NLD,RWA,8539
2222019,188,187,1742,2003,873.0,0.0,0.202286,-0.714691,SAU,RWA,8539
2222020,226,187,1742,2003,3624.0,0.0,-1.225217,-0.43662399999999996,TZA,RWA,8539
2222021,246,187,1742,2003,2813.0,0.0,0.477987,2.255395,ZAF,RWA,8539
2222022,15,189,1742,2003,202290.0,0.0,1.834977,0.408096,AUT,SCG,8539
2222023,18,189,1742,2003,18838.0,6549.0,1.361682,1.39536,BEL,SCG,8539
2222024,23,189,1742,2003,105152.0,0.0,0.43308599999999997,1.7104099999999998,BGR,SCG,8539
2222025,26,189,1742,2003,0.0,31321.0,0.195667,0.347011,BIH,SCG,8539
2222026,39,189,1742,2003,8725.0,0.0,0.9791540000000001,1.185081,CAN,SCG,8539
2222027,41,189,1742,2003,3769.0,0.0,2.151037,0.711217,CHE,SCG,8539
2222028,43,189,1742,2003,114048.0,0.0,0.579431,2.773139,CHN,SCG,8539
2222029,44,189,1742,2003,0.0,1321.0,-0.699928,-0.723739,CIV,SCG,8539
2222030,59,189,1742,2003,23371.0,0.0,1.555749,0.8662059999999999,CZE,SCG,8539
2222031,61,189,1742,2003,1831415.0,99327.0,2.2821919999999998,-2.0985150000000004,DEU,SCG,8539
2222032,64,189,1742,2003,19492.0,0.0,1.309564,1.245596,DNK,SCG,8539
2222033,74,189,1742,2003,2048.0,0.0,2.077889,0.942501,FIN,SCG,8539
2222034,77,189,1742,2003,14715.0,0.0,1.606606,0.7394149999999999,FRA,SCG,8539
2222035,81,189,1742,2003,161598.0,0.0,1.8712540000000002,0.706205,GBR,SCG,8539
2222036,90,189,1742,2003,400934.0,0.0,0.364688,1.4823959999999998,GRC,SCG,8539
2222037,97,189,1742,2003,6593.0,0.0,0.494569,2.147062,HKG,SCG,8539
2222038,100,189,1742,2003,5750.0,0.0,0.568394,1.230759,HRV,SCG,8539
2222039,102,189,1742,2003,3826000.0,53406.0,1.2003270000000001,1.091407,HUN,SCG,8539
2222040,111,189,1742,2003,271064.0,0.0,1.399734,1.044608,ITA,SCG,8539
2222041,114,189,1742,2003,3349.0,0.0,2.4686630000000003,0.48072600000000004,JPN,SCG,8539
2222042,121,189,1742,2003,2308.0,0.0,1.2611709999999998,0.956308,KOR,SCG,8539
2222043,136,189,1742,2003,0.0,1327.0,-1.254758,-0.622696,MDG,SCG,8539
2222044,140,189,1742,2003,15555.0,125716.0,-0.017632,0.225394,MKD,SCG,8539
2222045,157,189,1742,2003,0.0,9615.0,-0.199296,-0.578264,NER,SCG,8539
2222046,162,189,1742,2003,38455.0,0.0,1.168453,1.7085709999999998,NLD,SCG,8539
2222047,177,189,1742,2003,2767000.0,0.0,0.966622,1.664838,POL,SCG,8539
2222048,185,189,1742,2003,4250.0,0.0,0.378379,1.0064620000000002,ROU,SCG,8539
2222049,206,189,1742,2003,15771.0,0.0,1.22565,0.915518,SVK,SCG,8539
2222050,207,189,1742,2003,67395.0,4449.0,1.6459840000000001,1.014191,SVN,SCG,8539
2222051,208,189,1742,2003,1241.0,0.0,2.099224,0.799982,SWE,SCG,8539
2222052,224,189,1742,2003,129140.0,0.0,0.192802,1.9855060000000002,TUR,SCG,8539
2222053,249,189,1742,2003,4571.0,0.0,1.5924040000000002,1.397843,TWN,SCG,8539
2222054,14,195,1742,2003,1447.0,0.0,0.316879,0.9409489999999999,AUS,SLB,8539
2222055,43,195,1742,2003,2015.0,0.0,0.579431,2.773139,CHN,SLB,8539
2222056,97,195,1742,2003,1537.0,0.0,0.494569,2.147062,HKG,SLB,8539
2222057,114,195,1742,2003,15394.0,0.0,2.4686630000000003,0.48072600000000004,JPN,SLB,8539
2222058,192,195,1742,2003,1210.0,0.0,1.5080799999999999,0.720337,SGP,SLB,8539
2222059,114,209,1742,2003,0.0,1639.0,2.4686630000000003,0.48072600000000004,JPN,SWZ,8539
2222060,121,209,1742,2003,1394.0,0.0,1.2611709999999998,0.956308,KOR,SWZ,8539
2222061,147,209,1742,2003,0.0,2074.0,-1.188243,-1.123693,MOZ,SWZ,8539
2222062,231,209,1742,2003,4546.0,0.0,1.7789220000000001,0.064028,USA,SWZ,8539
2222063,246,209,1742,2003,1473464.0,12982.0,0.477987,2.255395,ZAF,SWZ,8539
2222064,28,219,1742,2003,74826.0,0.0,0.847358,0.9307719999999999,BLR,TKM,8539
2222065,61,219,1742,2003,5030.0,0.0,2.2821919999999998,-2.0985150000000004,DEU,TKM,8539
2222066,77,219,1742,2003,6791.0,0.0,1.606606,0.7394149999999999,FRA,TKM,8539
2222067,111,219,1742,2003,32840.0,0.0,1.399734,1.044608,ITA,TKM,8539
2222068,114,219,1742,2003,2380.0,0.0,2.4686630000000003,0.48072600000000004,JPN,TKM,8539
2222069,117,219,1742,2003,560116.0,0.0,0.25359699999999996,0.24101199999999998,KGZ,TKM,8539
2222070,186,219,1742,2003,641195.0,0.0,1.072729,0.338355,RUS,TKM,8539
2222071,224,219,1742,2003,429680.0,0.0,0.192802,1.9855060000000002,TUR,TKM,8539
2222072,228,219,1742,2003,289398.0,0.0,0.8929389999999999,0.956685,UKR,TKM,8539
2222073,231,219,1742,2003,3390.0,0.0,1.7789220000000001,0.064028,USA,TKM,8539
2222074,8,250,1742,2003,9526.0,102058.0,0.302073,0.49069700000000005,ARG,ANS,8539
2222075,14,250,1742,2003,867.0,0.0,0.316879,0.9409489999999999,AUS,ANS,8539
2222076,18,250,1742,2003,33083.0,0.0,1.361682,1.39536,BEL,ANS,8539
2222077,23,250,1742,2003,19275.0,23826.0,0.43308599999999997,1.7104099999999998,BGR,ANS,8539
2222078,26,250,1742,2003,4880.0,14014.0,0.195667,0.347011,BIH,ANS,8539
2222079,31,250,1742,2003,0.0,58844.0,-0.787995,-0.7228899999999999,BOL,ANS,8539
2222080,34,250,1742,2003,0.0,32778.0,-1.342738,-0.978633,BRN,ANS,8539
2222081,38,250,1742,2003,0.0,5919.0,-1.342769,-0.905425,CAF,ANS,8539
2222082,42,250,1742,2003,0.0,314189.0,-0.06375900000000001,-0.156808,CHL,ANS,8539
2222083,43,250,1742,2003,2105.0,1502.0,0.579431,2.773139,CHN,ANS,8539
2222084,45,250,1742,2003,0.0,12101.0,-1.254788,-1.10897,CMR,ANS,8539
2222085,49,250,1742,2003,71095.0,1031555.0,0.218336,0.376869,COL,ANS,8539
2222086,52,250,1742,2003,0.0,6965.0,-0.193904,-0.5049680000000001,CRI,ANS,8539
2222087,54,250,1742,2003,6041.0,92081.0,-0.391515,-0.8562120000000001,CUB,ANS,8539
2222088,59,250,1742,2003,28504.0,0.0,1.555749,0.8662059999999999,CZE,ANS,8539
2222089,61,250,1742,2003,354756.0,3057.0,2.2821919999999998,-2.0985150000000004,DEU,ANS,8539
2222090,63,250,1742,2003,0.0,1929.0,0.11903299999999999,-0.21768200000000001,DMA,ANS,8539
2222091,64,250,1742,2003,0.0,1951.0,1.309564,1.245596,DNK,ANS,8539
2222092,65,250,1742,2003,0.0,7518.0,-0.46264399999999994,-0.245034,DOM,ANS,8539
2222093,66,250,1742,2003,0.0,65126.0,-1.060727,-1.142594,DZA,ANS,8539
2222094,67,250,1742,2003,1161.0,0.0,-0.8689370000000001,-0.889767,ECU,ANS,8539
2222095,68,250,1742,2003,0.0,334054.0,-0.292923,0.465433,EGY,ANS,8539
2222096,72,250,1742,2003,0.0,1435776.0,0.5913010000000001,0.8489979999999999,EST,ANS,8539
2222097,73,250,1742,2003,0.0,12150.0,-1.1145559999999999,-0.9599620000000001,ETH,ANS,8539
2222098,75,250,1742,2003,0.0,1066.0,-0.6865640000000001,-0.326977,FJI,ANS,8539
2222099,77,250,1742,2003,0.0,350504.0,1.606606,0.7394149999999999,FRA,ANS,8539
2222100,78,250,1742,2003,0.0,1092.0,-0.46422299999999994,-0.8072050000000001,FRO,ANS,8539
2222101,80,250,1742,2003,0.0,18245.0,-0.92745,-1.138466,GAB,ANS,8539
2222102,83,250,1742,2003,0.0,10338.0,-1.074188,-0.7127319999999999,GHA,ANS,8539
2222103,90,250,1742,2003,22720.0,0.0,0.364688,1.4823959999999998,GRC,ANS,8539
2222104,91,250,1742,2003,0.0,4148.0,0.3936,-0.258355,GRD,ANS,8539
2222105,92,250,1742,2003,0.0,1147.0,-0.764655,-0.8684200000000001,GRL,ANS,8539
2222106,93,250,1742,2003,0.0,27263.0,-0.444162,0.145319,GTM,ANS,8539
2222107,96,250,1742,2003,0.0,27267.0,-0.59035,-0.7361340000000001,GUY,ANS,8539
2222108,97,250,1742,2003,105294.0,0.0,0.494569,2.147062,HKG,ANS,8539
2222109,99,250,1742,2003,0.0,1415.0,-0.733546,-0.568585,HND,ANS,8539
2222110,104,250,1742,2003,46337.0,106078.0,0.33014099999999996,2.836003,IND,ANS,8539
2222111,106,250,1742,2003,0.0,35448.0,1.6396130000000002,0.220599,IRL,ANS,8539
2222112,111,250,1742,2003,308703.0,0.0,1.399734,1.044608,ITA,ANS,8539
2222113,112,250,1742,2003,0.0,9809.0,-0.6684140000000001,-0.915817,JAM,ANS,8539
2222114,113,250,1742,2003,490200.0,0.0,0.12295,0.377031,JOR,ANS,8539
2222115,116,250,1742,2003,5509.0,57441.0,-0.3531,0.582992,KEN,ANS,8539
2222116,117,250,1742,2003,0.0,12222.0,0.25359699999999996,0.24101199999999998,KGZ,ANS,8539
2222117,121,250,1742,2003,5695.0,0.0,1.2611709999999998,0.956308,KOR,ANS,8539
2222118,122,250,1742,2003,0.0,40117.0,-0.7943640000000001,-1.1529770000000001,KWT,ANS,8539
2222119,124,250,1742,2003,2483.0,1259.0,0.261687,1.053856,LBN,ANS,8539
2222120,132,250,1742,2003,47652.0,0.0,0.520772,0.5631689999999999,LVA,ANS,8539
2222121,134,250,1742,2003,42767.0,5892.0,-0.6842050000000001,-0.217892,MAR,ANS,8539
2222122,136,250,1742,2003,22332.0,144280.0,-1.254758,-0.622696,MDG,ANS,8539
2222123,138,250,1742,2003,0.0,410296.0,0.862509,0.756684,MEX,ANS,8539
2222124,145,250,1742,2003,0.0,7373.0,-0.9747620000000001,-1.026308,MNG,ANS,8539
2222125,147,250,1742,2003,5964.0,4480.0,-1.188243,-1.123693,MOZ,ANS,8539
2222126,148,250,1742,2003,0.0,15232.0,-1.069232,-1.184061,MRT,ANS,8539
2222127,151,250,1742,2003,0.0,13986.0,-0.361514,-0.29839899999999997,MUS,ANS,8539
2222128,156,250,1742,2003,0.0,4264.0,-0.344934,-0.776632,NCL,ANS,8539
2222129,162,250,1742,2003,14249205.0,3916.0,1.168453,1.7085709999999998,NLD,ANS,8539
2222130,166,250,1742,2003,0.0,89267.0,0.589619,0.997301,NZL,ANS,8539
2222131,169,250,1742,2003,0.0,1239631.0,-0.050386,-0.039619999999999995,PAN,ANS,8539
2222132,173,250,1742,2003,1105.0,19292.0,-0.48627,0.371354,PER,ANS,8539
2222133,176,250,1742,2003,0.0,10499.0,-1.7997330000000002,-1.2110049999999999,PNG,ANS,8539
2222134,182,250,1742,2003,0.0,9400.0,-0.255707,-0.676557,PYF,ANS,8539
2222135,183,250,1742,2003,0.0,11353.0,-0.209042,-1.0565799999999999,QAT,ANS,8539
2222136,185,250,1742,2003,7358.0,99869.0,0.378379,1.0064620000000002,ROU,ANS,8539
2222137,186,250,1742,2003,5384.0,18121.0,1.072729,0.338355,RUS,ANS,8539
2222138,188,250,1742,2003,0.0,2619096.0,0.202286,-0.714691,SAU,ANS,8539
2222139,191,250,1742,2003,2327.0,0.0,-0.25203600000000004,-0.25549299999999997,SEN,ANS,8539
2222140,192,250,1742,2003,1739.0,4512.0,1.5080799999999999,0.720337,SGP,ANS,8539
2222141,206,250,1742,2003,0.0,68521.0,1.22565,0.915518,SVK,ANS,8539
2222142,212,250,1742,2003,0.0,497902.0,-0.868749,-0.326322,SYR,ANS,8539
2222143,222,250,1742,2003,8132.0,5885.0,-0.16738,-0.9820969999999999,TTO,ANS,8539
2222144,223,250,1742,2003,8048.0,92942.0,-0.14845999999999998,0.255092,TUN,ANS,8539
2222145,224,250,1742,2003,541114.0,0.0,0.192802,1.9855060000000002,TUR,ANS,8539
2222146,230,250,1742,2003,7048.0,0.0,0.19792200000000001,0.243104,URY,ANS,8539
2222147,236,250,1742,2003,0.0,10535.0,0.277805,-0.783697,VEN,ANS,8539
2222148,246,250,1742,2003,1054.0,2530.0,0.477987,2.255395,ZAF,ANS,8539
2222149,249,250,1742,2003,20260.0,380817.0,1.5924040000000002,1.397843,TWN,ANS,8539
2222150,18,133,1742,2003,1931.0,0.0,1.361682,1.39536,BEL,MAC,8539
2222151,43,133,1742,2003,181053.0,5013.0,0.579431,2.773139,CHN,MAC,8539
2222152,61,133,1742,2003,358604.0,0.0,2.2821919999999998,-2.0985150000000004,DEU,MAC,8539
2222153,71,133,1742,2003,7016.0,0.0,0.960684,2.074792,ESP,MAC,8539
2222154,77,133,1742,2003,16909.0,0.0,1.606606,0.7394149999999999,FRA,MAC,8539
2222155,81,133,1742,2003,15510.0,0.0,1.8712540000000002,0.706205,GBR,MAC,8539
2222156,97,133,1742,2003,921601.0,205018.0,0.494569,2.147062,HKG,MAC,8539
2222157,103,133,1742,2003,4952.0,0.0,-0.16802,1.7252990000000001,IDN,MAC,8539
2222158,111,133,1742,2003,2818.0,0.0,1.399734,1.044608,ITA,MAC,8539
2222159,114,133,1742,2003,14908.0,0.0,2.4686630000000003,0.48072600000000004,JPN,MAC,8539
2222160,118,133,1742,2003,0.0,6034.0,-1.0165620000000002,-1.060454,KHM,MAC,8539
2222161,121,133,1742,2003,25846.0,0.0,1.2611709999999998,0.956308,KOR,MAC,8539
2222162,153,133,1742,2003,239.0,0.0,0.728804,0.2168,MYS,MAC,8539
2222163,162,133,1742,2003,15818.0,0.0,1.168453,1.7085709999999998,NLD,MAC,8539
2222164,179,133,1742,2003,6373.0,0.0,0.471376,1.647303,PRT,MAC,8539
2222165,192,133,1742,2003,3911.0,0.0,1.5080799999999999,0.720337,SGP,MAC,8539
2222166,216,133,1742,2003,76275.0,565.0,0.43010699999999996,1.607408,THA,MAC,8539
2222167,231,133,1742,2003,9293.0,13855.0,1.7789220000000001,0.064028,USA,MAC,8539
2222168,249,133,1742,2003,54064.0,7818.0,1.5924040000000002,1.397843,TWN,MAC,8539
2222169,18,148,1742,2003,825.0,0.0,1.361682,1.39536,BEL,MRT,8539
2222170,32,148,1742,2003,851.0,0.0,0.660576,1.118876,BRA,MRT,8539
2222171,43,148,1742,2003,25106.0,0.0,0.579431,2.773139,CHN,MRT,8539
2222172,61,148,1742,2003,8290.0,0.0,2.2821919999999998,-2.0985150000000004,DEU,MRT,8539
2222173,71,148,1742,2003,3562.0,0.0,0.960684,2.074792,ESP,MRT,8539
2222174,72,148,1742,2003,2274.0,0.0,0.5913010000000001,0.8489979999999999,EST,MRT,8539
2222175,77,148,1742,2003,35509.0,0.0,1.606606,0.7394149999999999,FRA,MRT,8539
2222176,114,148,1742,2003,1133.0,0.0,2.4686630000000003,0.48072600000000004,JPN,MRT,8539
2222177,124,148,1742,2003,3870.0,0.0,0.261687,1.053856,LBN,MRT,8539
2222178,134,148,1742,2003,1669.0,0.0,-0.6842050000000001,-0.217892,MAR,MRT,8539
2222179,239,148,1742,2003,10343.0,0.0,-0.633985,0.659696,VNM,MRT,8539
2222180,250,148,1742,2003,15232.0,0.0,0.45951499999999995,-0.2312,ANS,MRT,8539
2222181,43,0,1742,2003,30852.0,0.0,0.579431,2.773139,CHN,ABW,8539
2222182,111,0,1742,2003,3518.0,0.0,1.399734,1.044608,ITA,ABW,8539
2222183,162,0,1742,2003,0.0,1131.0,1.168453,1.7085709999999998,NLD,ABW,8539
2222184,231,0,1742,2003,39085.0,0.0,1.7789220000000001,0.064028,USA,ABW,8539
2222185,236,0,1742,2003,1126.0,0.0,0.277805,-0.783697,VEN,ABW,8539
2222186,231,3,1742,2003,84806.0,651.0,1.7789220000000001,0.064028,USA,AIA,8539
2222187,43,29,1742,2003,15468.0,0.0,0.579431,2.773139,CHN,BLZ,8539
2222188,52,29,1742,2003,0.0,11663.0,-0.193904,-0.5049680000000001,CRI,BLZ,8539
2222189,59,29,1742,2003,2037.0,0.0,1.555749,0.8662059999999999,CZE,BLZ,8539
2222190,81,29,1742,2003,2408.0,0.0,1.8712540000000002,0.706205,GBR,BLZ,8539
2222191,93,29,1742,2003,985.0,0.0,-0.444162,0.145319,GTM,BLZ,8539
2222192,114,29,1742,2003,5951.0,0.0,2.4686630000000003,0.48072600000000004,JPN,BLZ,8539
2222193,138,29,1742,2003,66460.0,10640.0,0.862509,0.756684,MEX,BLZ,8539
2222194,169,29,1742,2003,449.0,0.0,-0.050386,-0.039619999999999995,PAN,BLZ,8539
2222195,174,29,1742,2003,13598.0,0.0,-0.065022,-0.195144,PHL,BLZ,8539
2222196,231,29,1742,2003,55636.0,0.0,1.7789220000000001,0.064028,USA,BLZ,8539
2222197,236,29,1742,2003,0.0,12580.0,0.277805,-0.783697,VEN,BLZ,8539
2222198,249,29,1742,2003,3813.0,0.0,1.5924040000000002,1.397843,TWN,BLZ,8539
2222199,8,31,1742,2003,55803.0,0.0,0.302073,0.49069700000000005,ARG,BOL,8539
2222200,18,31,1742,2003,2230.0,0.0,1.361682,1.39536,BEL,BOL,8539
2222201,32,31,1742,2003,846826.0,0.0,0.660576,1.118876,BRA,BOL,8539
2222202,39,31,1742,2003,3416.0,0.0,0.9791540000000001,1.185081,CAN,BOL,8539
2222203,42,31,1742,2003,4920106.0,0.0,-0.06375900000000001,-0.156808,CHL,BOL,8539
2222204,43,31,1742,2003,54458.0,0.0,0.579431,2.773139,CHN,BOL,8539
2222205,49,31,1742,2003,25535.0,0.0,0.218336,0.376869,COL,BOL,8539
2222206,61,31,1742,2003,131179.0,0.0,2.2821919999999998,-2.0985150000000004,DEU,BOL,8539
2222207,64,31,1742,2003,3059.0,0.0,1.309564,1.245596,DNK,BOL,8539
2222208,71,31,1742,2003,206689.0,0.0,0.960684,2.074792,ESP,BOL,8539
2222209,77,31,1742,2003,7216.0,0.0,1.606606,0.7394149999999999,FRA,BOL,8539
2222210,81,31,1742,2003,2098.0,0.0,1.8712540000000002,0.706205,GBR,BOL,8539
2222211,97,31,1742,2003,13903.0,0.0,0.494569,2.147062,HKG,BOL,8539
2222212,99,31,1742,2003,658.0,0.0,-0.733546,-0.568585,HND,BOL,8539
2222213,104,31,1742,2003,1251.0,0.0,0.33014099999999996,2.836003,IND,BOL,8539
2222214,111,31,1742,2003,3650.0,0.0,1.399734,1.044608,ITA,BOL,8539
2222215,114,31,1742,2003,52041.0,0.0,2.4686630000000003,0.48072600000000004,JPN,BOL,8539
2222216,121,31,1742,2003,5657.0,0.0,1.2611709999999998,0.956308,KOR,BOL,8539
2222217,162,31,1742,2003,2716.0,0.0,1.168453,1.7085709999999998,NLD,BOL,8539
2222218,169,31,1742,2003,1178.0,0.0,-0.050386,-0.039619999999999995,PAN,BOL,8539
2222219,173,31,1742,2003,4628.0,4332.0,-0.48627,0.371354,PER,BOL,8539
2222220,192,31,1742,2003,2407.0,0.0,1.5080799999999999,0.720337,SGP,BOL,8539
2222221,216,31,1742,2003,4244.0,0.0,0.43010699999999996,1.607408,THA,BOL,8539
2222222,231,31,1742,2003,178747.0,0.0,1.7789220000000001,0.064028,USA,BOL,8539
2222223,249,31,1742,2003,9031.0,0.0,1.5924040000000002,1.397843,TWN,BOL,8539
2222224,250,31,1742,2003,58844.0,0.0,0.45951499999999995,-0.2312,ANS,BOL,8539
2222225,7,136,1742,2003,2716.0,0.0,0.049637,-0.502691,ARE,MDG,8539
2222226,18,136,1742,2003,40589.0,0.0,1.361682,1.39536,BEL,MDG,8539
2222227,32,136,1742,2003,4737.0,0.0,0.660576,1.118876,BRA,MDG,8539
2222228,39,136,1742,2003,521.0,0.0,0.9791540000000001,1.185081,CAN,MDG,8539
2222229,43,136,1742,2003,263302.0,0.0,0.579431,2.773139,CHN,MDG,8539
2222230,59,136,1742,2003,440.0,0.0,1.555749,0.8662059999999999,CZE,MDG,8539
2222231,61,136,1742,2003,80236.0,0.0,2.2821919999999998,-2.0985150000000004,DEU,MDG,8539
2222232,71,136,1742,2003,26895.0,0.0,0.960684,2.074792,ESP,MDG,8539
2222233,77,136,1742,2003,184589.0,4202.0,1.606606,0.7394149999999999,FRA,MDG,8539
2222234,81,136,1742,2003,7080.0,0.0,1.8712540000000002,0.706205,GBR,MDG,8539
2222235,97,136,1742,2003,12924.0,0.0,0.494569,2.147062,HKG,MDG,8539
2222236,102,136,1742,2003,9213.0,0.0,1.2003270000000001,1.091407,HUN,MDG,8539
2222237,103,136,1742,2003,24989.0,0.0,-0.16802,1.7252990000000001,IDN,MDG,8539
2222238,111,136,1742,2003,46074.0,0.0,1.399734,1.044608,ITA,MDG,8539
2222239,114,136,1742,2003,9003.0,3387.0,2.4686630000000003,0.48072600000000004,JPN,MDG,8539
2222240,128,136,1742,2003,1530.0,0.0,-0.618057,0.101931,LKA,MDG,8539
2222241,151,136,1742,2003,104072.0,1153.0,-0.361514,-0.29839899999999997,MUS,MDG,8539
2222242,153,136,1742,2003,956.0,0.0,0.728804,0.2168,MYS,MDG,8539
2222243,162,136,1742,2003,2962.0,0.0,1.168453,1.7085709999999998,NLD,MDG,8539
2222244,177,136,1742,2003,479.0,0.0,0.966622,1.664838,POL,MDG,8539
2222245,179,136,1742,2003,5104.0,0.0,0.471376,1.647303,PRT,MDG,8539
2222246,189,136,1742,2003,1327.0,0.0,0.575326,1.627894,SCG,MDG,8539
2222247,192,136,1742,2003,36450.0,0.0,1.5080799999999999,0.720337,SGP,MDG,8539
2222248,223,136,1742,2003,2048.0,0.0,-0.14845999999999998,0.255092,TUN,MDG,8539
2222249,224,136,1742,2003,1357.0,0.0,0.192802,1.9855060000000002,TUR,MDG,8539
2222250,231,136,1742,2003,36681.0,0.0,1.7789220000000001,0.064028,USA,MDG,8539
2222251,246,136,1742,2003,7716.0,0.0,0.477987,2.255395,ZAF,MDG,8539
2222252,249,136,1742,2003,4733.0,0.0,1.5924040000000002,1.397843,TWN,MDG,8539
2222253,250,136,1742,2003,144280.0,22332.0,0.45951499999999995,-0.2312,ANS,MDG,8539
2222254,7,160,1742,2003,28358.0,0.0,0.049637,-0.502691,ARE,NIC,8539
2222255,8,160,1742,2003,1436.0,0.0,0.302073,0.49069700000000005,ARG,NIC,8539
2222256,18,160,1742,2003,5430.0,0.0,1.361682,1.39536,BEL,NIC,8539
2222257,32,160,1742,2003,171421.0,0.0,0.660576,1.118876,BRA,NIC,8539
2222258,39,160,1742,2003,3274.0,0.0,0.9791540000000001,1.185081,CAN,NIC,8539
2222259,43,160,1742,2003,211878.0,0.0,0.579431,2.773139,CHN,NIC,8539
2222260,52,160,1742,2003,80040.0,12146.0,-0.193904,-0.5049680000000001,CRI,NIC,8539
2222261,61,160,1742,2003,103665.0,0.0,2.2821919999999998,-2.0985150000000004,DEU,NIC,8539
2222262,67,160,1742,2003,32925.0,0.0,-0.8689370000000001,-0.889767,ECU,NIC,8539
2222263,71,160,1742,2003,128367.0,0.0,0.960684,2.074792,ESP,NIC,8539
2222264,74,160,1742,2003,18746.0,0.0,2.077889,0.942501,FIN,NIC,8539
2222265,77,160,1742,2003,1447.0,0.0,1.606606,0.7394149999999999,FRA,NIC,8539
2222266,81,160,1742,2003,7876.0,0.0,1.8712540000000002,0.706205,GBR,NIC,8539
2222267,93,160,1742,2003,28629.0,0.0,-0.444162,0.145319,GTM,NIC,8539
2222268,97,160,1742,2003,80461.0,0.0,0.494569,2.147062,HKG,NIC,8539
2222269,103,160,1742,2003,133413.0,0.0,-0.16802,1.7252990000000001,IDN,NIC,8539
2222270,111,160,1742,2003,711.0,0.0,1.399734,1.044608,ITA,NIC,8539
2222271,114,160,1742,2003,52964.0,0.0,2.4686630000000003,0.48072600000000004,JPN,NIC,8539
2222272,121,160,1742,2003,23051.0,0.0,1.2611709999999998,0.956308,KOR,NIC,8539
2222273,138,160,1742,2003,89413.0,0.0,0.862509,0.756684,MEX,NIC,8539
2222274,162,160,1742,2003,3297.0,0.0,1.168453,1.7085709999999998,NLD,NIC,8539
2222275,169,160,1742,2003,8582.0,0.0,-0.050386,-0.039619999999999995,PAN,NIC,8539
2222276,177,160,1742,2003,27580.0,0.0,0.966622,1.664838,POL,NIC,8539
2222277,178,160,1742,2003,1606.0,0.0,0.7060420000000001,0.7718,PRK,NIC,8539
2222278,197,160,1742,2003,11090.0,3203.0,-0.251357,-0.189917,SLV,NIC,8539
2222279,208,160,1742,2003,1213.0,0.0,2.099224,0.799982,SWE,NIC,8539
2222280,216,160,1742,2003,6740.0,0.0,0.43010699999999996,1.607408,THA,NIC,8539
2222281,231,160,1742,2003,342654.0,5406.0,1.7789220000000001,0.064028,USA,NIC,8539
2222282,236,160,1742,2003,7575.0,0.0,0.277805,-0.783697,VEN,NIC,8539
2222283,249,160,1742,2003,92571.0,0.0,1.5924040000000002,1.397843,TWN,NIC,8539
2222284,14,182,1742,2003,14262.0,0.0,0.316879,0.9409489999999999,AUS,PYF,8539
2222285,18,182,1742,2003,70654.0,0.0,1.361682,1.39536,BEL,PYF,8539
2222286,41,182,1742,2003,1758.0,0.0,2.151037,0.711217,CHE,PYF,8539
2222287,43,182,1742,2003,15424.0,0.0,0.579431,2.773139,CHN,PYF,8539
2222288,61,182,1742,2003,151436.0,0.0,2.2821919999999998,-2.0985150000000004,DEU,PYF,8539
2222289,64,182,1742,2003,726.0,0.0,1.309564,1.245596,DNK,PYF,8539
2222290,71,182,1742,2003,9599.0,0.0,0.960684,2.074792,ESP,PYF,8539
2222291,77,182,1742,2003,648306.0,0.0,1.606606,0.7394149999999999,FRA,PYF,8539
2222292,81,182,1742,2003,37886.0,0.0,1.8712540000000002,0.706205,GBR,PYF,8539
2222293,97,182,1742,2003,7374.0,0.0,0.494569,2.147062,HKG,PYF,8539
2222294,102,182,1742,2003,80197.0,0.0,1.2003270000000001,1.091407,HUN,PYF,8539
2222295,111,182,1742,2003,21256.0,0.0,1.399734,1.044608,ITA,PYF,8539
2222296,114,182,1742,2003,15608.0,0.0,2.4686630000000003,0.48072600000000004,JPN,PYF,8539
2222297,121,182,1742,2003,1969.0,0.0,1.2611709999999998,0.956308,KOR,PYF,8539
2222298,162,182,1742,2003,27748.0,0.0,1.168453,1.7085709999999998,NLD,PYF,8539
2222299,166,182,1742,2003,9880.0,0.0,0.589619,0.997301,NZL,PYF,8539
2222300,174,182,1742,2003,2362.0,0.0,-0.065022,-0.195144,PHL,PYF,8539
2222301,177,182,1742,2003,46570.0,0.0,0.966622,1.664838,POL,PYF,8539
2222302,192,182,1742,2003,1593.0,0.0,1.5080799999999999,0.720337,SGP,PYF,8539
2222303,223,182,1742,2003,2173.0,0.0,-0.14845999999999998,0.255092,TUN,PYF,8539
2222304,231,182,1742,2003,106541.0,0.0,1.7789220000000001,0.064028,USA,PYF,8539
2222305,249,182,1742,2003,2372.0,0.0,1.5924040000000002,1.397843,TWN,PYF,8539
2222306,250,182,1742,2003,9400.0,0.0,0.45951499999999995,-0.2312,ANS,PYF,8539
2222307,6,234,1742,2003,8784.0,0.0,0.108903,-0.650137,ANT,VCT,8539
2222308,23,234,1742,2003,3385.0,0.0,0.43308599999999997,1.7104099999999998,BGR,VCT,8539
2222309,39,234,1742,2003,1641.0,0.0,0.9791540000000001,1.185081,CAN,VCT,8539
2222310,43,234,1742,2003,2199.0,0.0,0.579431,2.773139,CHN,VCT,8539
2222311,61,234,1742,2003,2814.0,0.0,2.2821919999999998,-2.0985150000000004,DEU,VCT,8539
2222312,72,234,1742,2003,3440.0,0.0,0.5913010000000001,0.8489979999999999,EST,VCT,8539
2222313,81,234,1742,2003,194712.0,0.0,1.8712540000000002,0.706205,GBR,VCT,8539
2222314,169,234,1742,2003,1763.0,0.0,-0.050386,-0.039619999999999995,PAN,VCT,8539
2222315,222,234,1742,2003,3157.0,0.0,-0.16738,-0.9820969999999999,TTO,VCT,8539
2222316,231,234,1742,2003,49572.0,0.0,1.7789220000000001,0.064028,USA,VCT,8539
2222317,249,234,1742,2003,555.0,0.0,1.5924040000000002,1.397843,TWN,VCT,8539
2222318,43,1,1742,2003,3251.0,0.0,0.579431,2.773139,CHN,AFG,8539
2222319,61,1,1742,2003,41490.0,0.0,2.2821919999999998,-2.0985150000000004,DEU,AFG,8539
2222320,97,1,1742,2003,9632.0,0.0,0.494569,2.147062,HKG,AFG,8539
2222321,103,1,1742,2003,35294.0,0.0,-0.16802,1.7252990000000001,IDN,AFG,8539
2222322,104,1,1742,2003,7903.0,0.0,0.33014099999999996,2.836003,IND,AFG,8539
2222323,107,1,1742,2003,13005.0,0.0,-0.552146,-0.8668520000000001,IRN,AFG,8539
2222324,114,1,1742,2003,128601.0,0.0,2.4686630000000003,0.48072600000000004,JPN,AFG,8539
2222325,117,1,1742,2003,17625.0,0.0,0.25359699999999996,0.24101199999999998,KGZ,AFG,8539
2222326,162,1,1742,2003,21489.0,0.0,1.168453,1.7085709999999998,NLD,AFG,8539
2222327,168,1,1742,2003,5299.0,0.0,-0.6659689999999999,0.137924,PAK,AFG,8539
2222328,186,1,1742,2003,15283.0,0.0,1.072729,0.338355,RUS,AFG,8539
2222329,216,1,1742,2003,29415.0,0.0,0.43010699999999996,1.607408,THA,AFG,8539
2222330,224,1,1742,2003,149354.0,0.0,0.192802,1.9855060000000002,TUR,AFG,8539
2222331,231,1,1742,2003,69996.0,0.0,1.7789220000000001,0.064028,USA,AFG,8539
2222332,15,4,1742,2003,1153.0,0.0,1.834977,0.408096,AUT,ALB,8539
2222333,23,4,1742,2003,60560.0,0.0,0.43308599999999997,1.7104099999999998,BGR,ALB,8539
2222334,41,4,1742,2003,884.0,0.0,2.151037,0.711217,CHE,ALB,8539
2222335,43,4,1742,2003,29831.0,0.0,0.579431,2.773139,CHN,ALB,8539
2222336,61,4,1742,2003,22798.0,0.0,2.2821919999999998,-2.0985150000000004,DEU,ALB,8539
2222337,64,4,1742,2003,27753.0,0.0,1.309564,1.245596,DNK,ALB,8539
2222338,71,4,1742,2003,0.0,5250.0,0.960684,2.074792,ESP,ALB,8539
2222339,77,4,1742,2003,1287.0,0.0,1.606606,0.7394149999999999,FRA,ALB,8539
2222340,81,4,1742,2003,2859.0,0.0,1.8712540000000002,0.706205,GBR,ALB,8539
2222341,90,4,1742,2003,1850179.0,0.0,0.364688,1.4823959999999998,GRC,ALB,8539
2222342,99,4,1742,2003,0.0,14737.0,-0.733546,-0.568585,HND,ALB,8539
2222343,100,4,1742,2003,1716.0,0.0,0.568394,1.230759,HRV,ALB,8539
2222344,102,4,1742,2003,40179.0,0.0,1.2003270000000001,1.091407,HUN,ALB,8539
2222345,111,4,1742,2003,196431.0,1172.0,1.399734,1.044608,ITA,ALB,8539
2222346,121,4,1742,2003,909.0,0.0,1.2611709999999998,0.956308,KOR,ALB,8539
2222347,162,4,1742,2003,718.0,0.0,1.168453,1.7085709999999998,NLD,ALB,8539
2222348,185,4,1742,2003,12943.0,0.0,0.378379,1.0064620000000002,ROU,ALB,8539
2222349,186,4,1742,2003,25123.0,0.0,1.072729,0.338355,RUS,ALB,8539
2222350,207,4,1742,2003,3151.0,0.0,1.6459840000000001,1.014191,SVN,ALB,8539
2222351,224,4,1742,2003,46921.0,0.0,0.192802,1.9855060000000002,TUR,ALB,8539
2222352,228,4,1742,2003,65541.0,0.0,0.8929389999999999,0.956685,UKR,ALB,8539
2222353,231,4,1742,2003,2821.0,0.0,1.7789220000000001,0.064028,USA,ALB,8539
2222354,18,5,1742,2003,4858.0,0.0,1.361682,1.39536,BEL,AND,8539
2222355,43,5,1742,2003,97.0,0.0,0.579431,2.773139,CHN,AND,8539
2222356,61,5,1742,2003,89751.0,0.0,2.2821919999999998,-2.0985150000000004,DEU,AND,8539
2222357,71,5,1742,2003,1150870.0,21103.0,0.960684,2.074792,ESP,AND,8539
2222358,77,5,1742,2003,271986.0,2143.0,1.606606,0.7394149999999999,FRA,AND,8539
2222359,111,5,1742,2003,6651.0,0.0,1.399734,1.044608,ITA,AND,8539
2222360,7,9,1742,2003,54630.0,0.0,0.049637,-0.502691,ARE,ARM,8539
2222361,41,9,1742,2003,3675.0,0.0,2.151037,0.711217,CHE,ARM,8539
2222362,61,9,1742,2003,25260.0,0.0,2.2821919999999998,-2.0985150000000004,DEU,ARM,8539
2222363,77,9,1742,2003,12437.0,0.0,1.606606,0.7394149999999999,FRA,ARM,8539
2222364,81,9,1742,2003,752.0,0.0,1.8712540000000002,0.706205,GBR,ARM,8539
2222365,82,9,1742,2003,0.0,79664.0,0.595485,-0.25939,GEO,ARM,8539
2222366,97,9,1742,2003,2737.0,0.0,0.494569,2.147062,HKG,ARM,8539
2222367,111,9,1742,2003,17828.0,0.0,1.399734,1.044608,ITA,ARM,8539
2222368,115,9,1742,2003,0.0,971.0,-0.156326,-0.62092,KAZ,ARM,8539
2222369,124,9,1742,2003,1237.0,0.0,0.261687,1.053856,LBN,ARM,8539
2222370,162,9,1742,2003,7750.0,0.0,1.168453,1.7085709999999998,NLD,ARM,8539
2222371,177,9,1742,2003,1785.0,0.0,0.966622,1.664838,POL,ARM,8539
2222372,186,9,1742,2003,5991.0,166844.0,1.072729,0.338355,RUS,ARM,8539
2222373,224,9,1742,2003,16781.0,0.0,0.192802,1.9855060000000002,TUR,ARM,8539
2222374,228,9,1742,2003,127533.0,1091.0,0.8929389999999999,0.956685,UKR,ARM,8539
2222375,231,9,1742,2003,1527.0,1902.0,1.7789220000000001,0.064028,USA,ARM,8539
2222376,7,17,1742,2003,18111.0,0.0,0.049637,-0.502691,ARE,BDI,8539
2222377,18,17,1742,2003,5962.0,0.0,1.361682,1.39536,BEL,BDI,8539
2222378,61,17,1742,2003,115476.0,0.0,2.2821919999999998,-2.0985150000000004,DEU,BDI,8539
2222379,81,17,1742,2003,21881.0,0.0,1.8712540000000002,0.706205,GBR,BDI,8539
2222380,228,17,1742,2003,2682.0,0.0,0.8929389999999999,0.956685,UKR,BDI,8539
2222381,231,17,1742,2003,3760.0,0.0,1.7789220000000001,0.064028,USA,BDI,8539
2222382,246,17,1742,2003,1340.0,0.0,0.477987,2.255395,ZAF,BDI,8539
2222383,7,21,1742,2003,11604.0,0.0,0.049637,-0.502691,ARE,BFA,8539
2222384,18,21,1742,2003,4749.0,0.0,1.361682,1.39536,BEL,BFA,8539
2222385,41,21,1742,2003,525.0,0.0,2.151037,0.711217,CHE,BFA,8539
2222386,43,21,1742,2003,17651.0,0.0,0.579431,2.773139,CHN,BFA,8539
2222387,44,21,1742,2003,3659.0,0.0,-0.699928,-0.723739,CIV,BFA,8539
2222388,61,21,1742,2003,11755.0,0.0,2.2821919999999998,-2.0985150000000004,DEU,BFA,8539
2222389,71,21,1742,2003,854.0,0.0,0.960684,2.074792,ESP,BFA,8539
2222390,77,21,1742,2003,105972.0,0.0,1.606606,0.7394149999999999,FRA,BFA,8539
2222391,83,21,1742,2003,11529.0,0.0,-1.074188,-0.7127319999999999,GHA,BFA,8539
2222392,97,21,1742,2003,6695.0,0.0,0.494569,2.147062,HKG,BFA,8539
2222393,103,21,1742,2003,20089.0,0.0,-0.16802,1.7252990000000001,IDN,BFA,8539
2222394,111,21,1742,2003,8563.0,0.0,1.399734,1.044608,ITA,BFA,8539
2222395,141,21,1742,2003,3091.0,8931.0,-0.786411,-0.879049,MLI,BFA,8539
2222396,157,21,1742,2003,0.0,35851.0,-0.199296,-0.578264,NER,BFA,8539
2222397,162,21,1742,2003,2595.0,0.0,1.168453,1.7085709999999998,NLD,BFA,8539
2222398,179,21,1742,2003,2942.0,0.0,0.471376,1.647303,PRT,BFA,8539
2222399,188,21,1742,2003,463.0,0.0,0.202286,-0.714691,SAU,BFA,8539
2222400,191,21,1742,2003,1983.0,0.0,-0.25203600000000004,-0.25549299999999997,SEN,BFA,8539
2222401,215,21,1742,2003,7954.0,0.0,-0.5058590000000001,-0.520586,TGO,BFA,8539
2222402,223,21,1742,2003,2998.0,0.0,-0.14845999999999998,0.255092,TUN,BFA,8539
2222403,7,24,1742,2003,99063.0,0.0,0.049637,-0.502691,ARE,BHR,8539
2222404,14,24,1742,2003,20775.0,0.0,0.316879,0.9409489999999999,AUS,BHR,8539
2222405,15,24,1742,2003,6150.0,0.0,1.834977,0.408096,AUT,BHR,8539
2222406,18,24,1742,2003,98905.0,0.0,1.361682,1.39536,BEL,BHR,8539
2222407,22,24,1742,2003,0.0,1020.0,-1.168404,-1.035782,BGD,BHR,8539
2222408,41,24,1742,2003,13458.0,0.0,2.151037,0.711217,CHE,BHR,8539
2222409,43,24,1742,2003,485595.0,0.0,0.579431,2.773139,CHN,BHR,8539
2222410,61,24,1742,2003,243107.0,0.0,2.2821919999999998,-2.0985150000000004,DEU,BHR,8539
2222411,64,24,1742,2003,1633.0,0.0,1.309564,1.245596,DNK,BHR,8539
2222412,71,24,1742,2003,50555.0,0.0,0.960684,2.074792,ESP,BHR,8539
2222413,77,24,1742,2003,57437.0,0.0,1.606606,0.7394149999999999,FRA,BHR,8539
2222414,81,24,1742,2003,117694.0,0.0,1.8712540000000002,0.706205,GBR,BHR,8539
2222415,97,24,1742,2003,31334.0,0.0,0.494569,2.147062,HKG,BHR,8539
2222416,102,24,1742,2003,342923.0,0.0,1.2003270000000001,1.091407,HUN,BHR,8539
2222417,103,24,1742,2003,8314.0,0.0,-0.16802,1.7252990000000001,IDN,BHR,8539
2222418,104,24,1742,2003,22967.0,0.0,0.33014099999999996,2.836003,IND,BHR,8539
2222419,111,24,1742,2003,64093.0,0.0,1.399734,1.044608,ITA,BHR,8539
2222420,113,24,1742,2003,0.0,16302.0,0.12295,0.377031,JOR,BHR,8539
2222421,114,24,1742,2003,65654.0,0.0,2.4686630000000003,0.48072600000000004,JPN,BHR,8539
2222422,121,24,1742,2003,8245.0,0.0,1.2611709999999998,0.956308,KOR,BHR,8539
2222423,122,24,1742,2003,2013.0,31554.0,-0.7943640000000001,-1.1529770000000001,KWT,BHR,8539
2222424,153,24,1742,2003,7869.0,0.0,0.728804,0.2168,MYS,BHR,8539
2222425,162,24,1742,2003,279619.0,0.0,1.168453,1.7085709999999998,NLD,BHR,8539
2222426,174,24,1742,2003,2560.0,0.0,-0.065022,-0.195144,PHL,BHR,8539
2222427,177,24,1742,2003,16852.0,0.0,0.966622,1.664838,POL,BHR,8539
2222428,183,24,1742,2003,0.0,46287.0,-0.209042,-1.0565799999999999,QAT,BHR,8539
2222429,188,24,1742,2003,51473.0,2177.0,0.202286,-0.714691,SAU,BHR,8539
2222430,192,24,1742,2003,13914.0,0.0,1.5080799999999999,0.720337,SGP,BHR,8539
2222431,216,24,1742,2003,50359.0,0.0,0.43010699999999996,1.607408,THA,BHR,8539
2222432,224,24,1742,2003,11062.0,0.0,0.192802,1.9855060000000002,TUR,BHR,8539
2222433,228,24,1742,2003,8307.0,0.0,0.8929389999999999,0.956685,UKR,BHR,8539
2222434,231,24,1742,2003,73756.0,0.0,1.7789220000000001,0.064028,USA,BHR,8539
2222435,249,24,1742,2003,16920.0,0.0,1.5924040000000002,1.397843,TWN,BHR,8539
2222436,7,34,1742,2003,989.0,0.0,0.049637,-0.502691,ARE,BRN,8539
2222437,14,34,1742,2003,1471.0,0.0,0.316879,0.9409489999999999,AUS,BRN,8539
2222438,39,34,1742,2003,0.0,980.0,0.9791540000000001,1.185081,CAN,BRN,8539
2222439,41,34,1742,2003,1316.0,0.0,2.151037,0.711217,CHE,BRN,8539
2222440,43,34,1742,2003,43560.0,0.0,0.579431,2.773139,CHN,BRN,8539
2222441,61,34,1742,2003,27300.0,9301.0,2.2821919999999998,-2.0985150000000004,DEU,BRN,8539
2222442,71,34,1742,2003,4759.0,0.0,0.960684,2.074792,ESP,BRN,8539
2222443,77,34,1742,2003,1811.0,0.0,1.606606,0.7394149999999999,FRA,BRN,8539
2222444,81,34,1742,2003,20988.0,0.0,1.8712540000000002,0.706205,GBR,BRN,8539
2222445,97,34,1742,2003,11334.0,0.0,0.494569,2.147062,HKG,BRN,8539
2222446,102,34,1742,2003,11236.0,0.0,1.2003270000000001,1.091407,HUN,BRN,8539
2222447,103,34,1742,2003,6165.0,0.0,-0.16802,1.7252990000000001,IDN,BRN,8539
2222448,111,34,1742,2003,4148.0,0.0,1.399734,1.044608,ITA,BRN,8539
2222449,114,34,1742,2003,19017.0,0.0,2.4686630000000003,0.48072600000000004,JPN,BRN,8539
2222450,153,34,1742,2003,65475.0,48.0,0.728804,0.2168,MYS,BRN,8539
2222451,162,34,1742,2003,4679.0,0.0,1.168453,1.7085709999999998,NLD,BRN,8539
2222452,192,34,1742,2003,372847.0,3577.0,1.5080799999999999,0.720337,SGP,BRN,8539
2222453,208,34,1742,2003,1290.0,0.0,2.099224,0.799982,SWE,BRN,8539
2222454,216,34,1742,2003,4518.0,0.0,0.43010699999999996,1.607408,THA,BRN,8539
2222455,231,34,1742,2003,41953.0,0.0,1.7789220000000001,0.064028,USA,BRN,8539
2222456,249,34,1742,2003,1689.0,0.0,1.5924040000000002,1.397843,TWN,BRN,8539
2222457,250,34,1742,2003,32778.0,0.0,0.45951499999999995,-0.2312,ANS,BRN,8539
2222458,7,50,1742,2003,3906.0,0.0,0.049637,-0.502691,ARE,COM,8539
2222459,43,50,1742,2003,4728.0,0.0,0.579431,2.773139,CHN,COM,8539
2222460,61,50,1742,2003,916.0,0.0,2.2821919999999998,-2.0985150000000004,DEU,COM,8539
2222461,151,50,1742,2003,1733.0,0.0,-0.361514,-0.29839899999999997,MUS,COM,8539
2222462,192,50,1742,2003,3639.0,0.0,1.5080799999999999,0.720337,SGP,COM,8539
2222463,216,50,1742,2003,49643.0,0.0,0.43010699999999996,1.607408,THA,COM,8539
2222464,18,62,1742,2003,1128.0,0.0,1.361682,1.39536,BEL,DJI,8539
2222465,43,62,1742,2003,272443.0,0.0,0.579431,2.773139,CHN,DJI,8539
2222466,73,62,1742,2003,0.0,1408.0,-1.1145559999999999,-0.9599620000000001,ETH,DJI,8539
2222467,77,62,1742,2003,20373.0,0.0,1.606606,0.7394149999999999,FRA,DJI,8539
2222468,103,62,1742,2003,12836.0,0.0,-0.16802,1.7252990000000001,IDN,DJI,8539
2222469,104,62,1742,2003,80133.0,0.0,0.33014099999999996,2.836003,IND,DJI,8539
2222470,111,62,1742,2003,17112.0,0.0,1.399734,1.044608,ITA,DJI,8539
2222471,188,62,1742,2003,8460.0,0.0,0.202286,-0.714691,SAU,DJI,8539
2222472,7,69,1742,2003,38815.0,0.0,0.049637,-0.502691,ARE,ERI,8539
2222473,14,69,1742,2003,5314.0,0.0,0.316879,0.9409489999999999,AUS,ERI,8539
2222474,43,69,1742,2003,4999.0,0.0,0.579431,2.773139,CHN,ERI,8539
2222475,61,69,1742,2003,19645.0,0.0,2.2821919999999998,-2.0985150000000004,DEU,ERI,8539
2222476,77,69,1742,2003,4474.0,0.0,1.606606,0.7394149999999999,FRA,ERI,8539
2222477,81,69,1742,2003,2780.0,0.0,1.8712540000000002,0.706205,GBR,ERI,8539
2222478,111,69,1742,2003,139122.0,0.0,1.399734,1.044608,ITA,ERI,8539
2222479,114,69,1742,2003,1717.0,0.0,2.4686630000000003,0.48072600000000004,JPN,ERI,8539
2222480,121,69,1742,2003,1096.0,0.0,1.2611709999999998,0.956308,KOR,ERI,8539
2222481,162,69,1742,2003,1887.0,0.0,1.168453,1.7085709999999998,NLD,ERI,8539
2222482,188,69,1742,2003,92563.0,0.0,0.202286,-0.714691,SAU,ERI,8539
2222483,231,69,1742,2003,9156.0,0.0,1.7789220000000001,0.064028,USA,ERI,8539
2222484,246,69,1742,2003,872.0,0.0,0.477987,2.255395,ZAF,ERI,8539
2222485,7,73,1742,2003,52830.0,0.0,0.049637,-0.502691,ARE,ETH,8539
2222486,18,73,1742,2003,3192.0,0.0,1.361682,1.39536,BEL,ETH,8539
2222487,41,73,1742,2003,2037.0,0.0,2.151037,0.711217,CHE,ETH,8539
2222488,43,73,1742,2003,209536.0,0.0,0.579431,2.773139,CHN,ETH,8539
2222489,61,73,1742,2003,30476.0,0.0,2.2821919999999998,-2.0985150000000004,DEU,ETH,8539
2222490,62,73,1742,2003,1408.0,0.0,-0.41648500000000005,-0.5408350000000001,DJI,ETH,8539
2222491,64,73,1742,2003,17486.0,0.0,1.309564,1.245596,DNK,ETH,8539
2222492,71,73,1742,2003,16185.0,0.0,0.960684,2.074792,ESP,ETH,8539
2222493,77,73,1742,2003,5029.0,0.0,1.606606,0.7394149999999999,FRA,ETH,8539
2222494,81,73,1742,2003,11878.0,0.0,1.8712540000000002,0.706205,GBR,ETH,8539
2222495,103,73,1742,2003,25707.0,0.0,-0.16802,1.7252990000000001,IDN,ETH,8539
2222496,104,73,1742,2003,11200.0,0.0,0.33014099999999996,2.836003,IND,ETH,8539
2222497,111,73,1742,2003,20865.0,0.0,1.399734,1.044608,ITA,ETH,8539
2222498,114,73,1742,2003,26442.0,0.0,2.4686630000000003,0.48072600000000004,JPN,ETH,8539
2222499,121,73,1742,2003,3696.0,0.0,1.2611709999999998,0.956308,KOR,ETH,8539
2222500,162,73,1742,2003,196475.0,0.0,1.168453,1.7085709999999998,NLD,ETH,8539
2222501,179,73,1742,2003,3390.0,0.0,0.471376,1.647303,PRT,ETH,8539
2222502,188,73,1742,2003,25020.0,0.0,0.202286,-0.714691,SAU,ETH,8539
2222503,208,73,1742,2003,4140.0,0.0,2.099224,0.799982,SWE,ETH,8539
2222504,216,73,1742,2003,34423.0,0.0,0.43010699999999996,1.607408,THA,ETH,8539
2222505,224,73,1742,2003,107828.0,0.0,0.192802,1.9855060000000002,TUR,ETH,8539
2222506,231,73,1742,2003,77688.0,0.0,1.7789220000000001,0.064028,USA,ETH,8539
2222507,246,73,1742,2003,3239.0,0.0,0.477987,2.255395,ZAF,ETH,8539
2222508,249,73,1742,2003,9028.0,0.0,1.5924040000000002,1.397843,TWN,ETH,8539
2222509,250,73,1742,2003,12150.0,0.0,0.45951499999999995,-0.2312,ANS,ETH,8539
2222510,14,75,1742,2003,308837.0,0.0,0.316879,0.9409489999999999,AUS,FJI,8539
2222511,43,75,1742,2003,44827.0,0.0,0.579431,2.773139,CHN,FJI,8539
2222512,77,75,1742,2003,10165.0,0.0,1.606606,0.7394149999999999,FRA,FJI,8539
2222513,81,75,1742,2003,738.0,0.0,1.8712540000000002,0.706205,GBR,FJI,8539
2222514,103,75,1742,2003,85122.0,0.0,-0.16802,1.7252990000000001,IDN,FJI,8539
2222515,104,75,1742,2003,20860.0,0.0,0.33014099999999996,2.836003,IND,FJI,8539
2222516,114,75,1742,2003,14612.0,0.0,2.4686630000000003,0.48072600000000004,JPN,FJI,8539
2222517,121,75,1742,2003,6968.0,0.0,1.2611709999999998,0.956308,KOR,FJI,8539
2222518,153,75,1742,2003,12700.0,0.0,0.728804,0.2168,MYS,FJI,8539
2222519,162,75,1742,2003,887.0,0.0,1.168453,1.7085709999999998,NLD,FJI,8539
2222520,166,75,1742,2003,262240.0,0.0,0.589619,0.997301,NZL,FJI,8539
2222521,192,75,1742,2003,51045.0,0.0,1.5080799999999999,0.720337,SGP,FJI,8539
2222522,216,75,1742,2003,789.0,0.0,0.43010699999999996,1.607408,THA,FJI,8539
2222523,231,75,1742,2003,3015.0,0.0,1.7789220000000001,0.064028,USA,FJI,8539
2222524,241,75,1742,2003,0.0,1515.0,0.200787,-0.775126,WLF,FJI,8539
2222525,246,75,1742,2003,1490.0,0.0,0.477987,2.255395,ZAF,FJI,8539
2222526,249,75,1742,2003,16764.0,0.0,1.5924040000000002,1.397843,TWN,FJI,8539
2222527,250,75,1742,2003,1066.0,0.0,0.45951499999999995,-0.2312,ANS,FJI,8539
2222528,7,87,1742,2003,3693.0,0.0,0.049637,-0.502691,ARE,GMB,8539
2222529,43,87,1742,2003,94212.0,0.0,0.579431,2.773139,CHN,GMB,8539
2222530,61,87,1742,2003,1044.0,0.0,2.2821919999999998,-2.0985150000000004,DEU,GMB,8539
2222531,77,87,1742,2003,10536.0,0.0,1.606606,0.7394149999999999,FRA,GMB,8539
2222532,81,87,1742,2003,17950.0,0.0,1.8712540000000002,0.706205,GBR,GMB,8539
2222533,104,87,1742,2003,3877.0,0.0,0.33014099999999996,2.836003,IND,GMB,8539
2222534,124,87,1742,2003,7040.0,0.0,0.261687,1.053856,LBN,GMB,8539
2222535,207,87,1742,2003,0.0,2605.0,1.6459840000000001,1.014191,SVN,GMB,8539
2222536,216,87,1742,2003,7231.0,0.0,0.43010699999999996,1.607408,THA,GMB,8539
2222537,231,87,1742,2003,19933.0,0.0,1.7789220000000001,0.064028,USA,GMB,8539
2222538,15,126,1742,2003,16164.0,0.0,1.834977,0.408096,AUT,LBY,8539
2222539,18,126,1742,2003,1931.0,0.0,1.361682,1.39536,BEL,LBY,8539
2222540,39,126,1742,2003,69446.0,0.0,0.9791540000000001,1.185081,CAN,LBY,8539
2222541,43,126,1742,2003,1206739.0,0.0,0.579431,2.773139,CHN,LBY,8539
2222542,61,126,1742,2003,895915.0,0.0,2.2821919999999998,-2.0985150000000004,DEU,LBY,8539
2222543,66,126,1742,2003,9298.0,0.0,-1.060727,-1.142594,DZA,LBY,8539
2222544,71,126,1742,2003,410884.0,0.0,0.960684,2.074792,ESP,LBY,8539
2222545,77,126,1742,2003,14715.0,0.0,1.606606,0.7394149999999999,FRA,LBY,8539
2222546,81,126,1742,2003,282329.0,0.0,1.8712540000000002,0.706205,GBR,LBY,8539
2222547,102,126,1742,2003,677000.0,0.0,1.2003270000000001,1.091407,HUN,LBY,8539
2222548,111,126,1742,2003,1309194.0,0.0,1.399734,1.044608,ITA,LBY,8539
2222549,114,126,1742,2003,10643.0,0.0,2.4686630000000003,0.48072600000000004,JPN,LBY,8539
2222550,121,126,1742,2003,120316.0,0.0,1.2611709999999998,0.956308,KOR,LBY,8539
2222551,142,126,1742,2003,25387.0,0.0,1.2138149999999999,-0.015687,MLT,LBY,8539
2222552,162,126,1742,2003,2262.0,0.0,1.168453,1.7085709999999998,NLD,LBY,8539
2222553,185,126,1742,2003,64687.0,0.0,0.378379,1.0064620000000002,ROU,LBY,8539
2222554,186,126,1742,2003,10108.0,0.0,1.072729,0.338355,RUS,LBY,8539
2222555,192,126,1742,2003,16119.0,0.0,1.5080799999999999,0.720337,SGP,LBY,8539
2222556,206,126,1742,2003,242861.0,0.0,1.22565,0.915518,SVK,LBY,8539
2222557,223,126,1742,2003,1177485.0,0.0,-0.14845999999999998,0.255092,TUN,LBY,8539
2222558,224,126,1742,2003,234836.0,0.0,0.192802,1.9855060000000002,TUR,LBY,8539
2222559,246,126,1742,2003,4493.0,0.0,0.477987,2.255395,ZAF,LBY,8539
2222560,7,137,1742,2003,59824.0,0.0,0.049637,-0.502691,ARE,MDV,8539
2222561,18,137,1742,2003,1545.0,0.0,1.361682,1.39536,BEL,MDV,8539
2222562,43,137,1742,2003,20242.0,0.0,0.579431,2.773139,CHN,MDV,8539
2222563,61,137,1742,2003,269489.0,0.0,2.2821919999999998,-2.0985150000000004,DEU,MDV,8539
2222564,64,137,1742,2003,3108.0,0.0,1.309564,1.245596,DNK,MDV,8539
2222565,81,137,1742,2003,49831.0,0.0,1.8712540000000002,0.706205,GBR,MDV,8539
2222566,103,137,1742,2003,44975.0,0.0,-0.16802,1.7252990000000001,IDN,MDV,8539
2222567,104,137,1742,2003,27361.0,0.0,0.33014099999999996,2.836003,IND,MDV,8539
2222568,111,137,1742,2003,9624.0,0.0,1.399734,1.044608,ITA,MDV,8539
2222569,114,137,1742,2003,601.0,0.0,2.4686630000000003,0.48072600000000004,JPN,MDV,8539
2222570,121,137,1742,2003,15067.0,0.0,1.2611709999999998,0.956308,KOR,MDV,8539
2222571,128,137,1742,2003,14232.0,6382.0,-0.618057,0.101931,LKA,MDV,8539
2222572,153,137,1742,2003,3154.0,0.0,0.728804,0.2168,MYS,MDV,8539
2222573,163,137,1742,2003,3656.0,0.0,1.1500620000000001,0.258554,NOR,MDV,8539
2222574,192,137,1742,2003,288613.0,0.0,1.5080799999999999,0.720337,SGP,MDV,8539
2222575,216,137,1742,2003,69924.0,0.0,0.43010699999999996,1.607408,THA,MDV,8539
2222576,231,137,1742,2003,1008.0,0.0,1.7789220000000001,0.064028,USA,MDV,8539
2222577,7,141,1742,2003,132456.0,0.0,0.049637,-0.502691,ARE,MLI,8539
2222578,14,141,1742,2003,7150.0,0.0,0.316879,0.9409489999999999,AUS,MLI,8539
2222579,18,141,1742,2003,4621.0,0.0,1.361682,1.39536,BEL,MLI,8539
2222580,21,141,1742,2003,8931.0,3091.0,-0.9365690000000001,-0.9699409999999999,BFA,MLI,8539
2222581,41,141,1742,2003,2110.0,0.0,2.151037,0.711217,CHE,MLI,8539
2222582,43,141,1742,2003,46889.0,0.0,0.579431,2.773139,CHN,MLI,8539
2222583,61,141,1742,2003,4310.0,0.0,2.2821919999999998,-2.0985150000000004,DEU,MLI,8539
2222584,71,141,1742,2003,1852.0,0.0,0.960684,2.074792,ESP,MLI,8539
2222585,77,141,1742,2003,51388.0,0.0,1.606606,0.7394149999999999,FRA,MLI,8539
2222586,81,141,1742,2003,70068.0,0.0,1.8712540000000002,0.706205,GBR,MLI,8539
2222587,83,141,1742,2003,22365.0,0.0,-1.074188,-0.7127319999999999,GHA,MLI,8539
2222588,97,141,1742,2003,26377.0,0.0,0.494569,2.147062,HKG,MLI,8539
2222589,103,141,1742,2003,25139.0,0.0,-0.16802,1.7252990000000001,IDN,MLI,8539
2222590,107,141,1742,2003,1010.0,0.0,-0.552146,-0.8668520000000001,IRN,MLI,8539
2222591,111,141,1742,2003,3208.0,0.0,1.399734,1.044608,ITA,MLI,8539
2222592,134,141,1742,2003,22450.0,0.0,-0.6842050000000001,-0.217892,MAR,MLI,8539
2222593,159,141,1742,2003,5252.0,0.0,-1.859176,-1.234236,NGA,MLI,8539
2222594,188,141,1742,2003,6150.0,0.0,0.202286,-0.714691,SAU,MLI,8539
2222595,191,141,1742,2003,51337.0,0.0,-0.25203600000000004,-0.25549299999999997,SEN,MLI,8539
2222596,192,141,1742,2003,10434.0,0.0,1.5080799999999999,0.720337,SGP,MLI,8539
2222597,208,141,1742,2003,657.0,0.0,2.099224,0.799982,SWE,MLI,8539
2222598,215,141,1742,2003,3318.0,0.0,-0.5058590000000001,-0.520586,TGO,MLI,8539
2222599,224,141,1742,2003,1504.0,0.0,0.192802,1.9855060000000002,TUR,MLI,8539
2222600,231,141,1742,2003,7301.0,2259.0,1.7789220000000001,0.064028,USA,MLI,8539
2222601,246,141,1742,2003,6358.0,0.0,0.477987,2.255395,ZAF,MLI,8539
2222602,14,145,1742,2003,8002.0,0.0,0.316879,0.9409489999999999,AUS,MNG,8539
2222603,28,145,1742,2003,681.0,0.0,0.847358,0.9307719999999999,BLR,MNG,8539
2222604,43,145,1742,2003,61059.0,0.0,0.579431,2.773139,CHN,MNG,8539
2222605,59,145,1742,2003,1768.0,0.0,1.555749,0.8662059999999999,CZE,MNG,8539
2222606,61,145,1742,2003,9465.0,0.0,2.2821919999999998,-2.0985150000000004,DEU,MNG,8539
2222607,81,145,1742,2003,1110.0,0.0,1.8712540000000002,0.706205,GBR,MNG,8539
2222608,97,145,1742,2003,3932.0,0.0,0.494569,2.147062,HKG,MNG,8539
2222609,111,145,1742,2003,2562.0,0.0,1.399734,1.044608,ITA,MNG,8539
2222610,114,145,1742,2003,73635.0,0.0,2.4686630000000003,0.48072600000000004,JPN,MNG,8539
2222611,121,145,1742,2003,19860.0,0.0,1.2611709999999998,0.956308,KOR,MNG,8539
2222612,162,145,1742,2003,3010.0,0.0,1.168453,1.7085709999999998,NLD,MNG,8539
2222613,163,145,1742,2003,903.0,0.0,1.1500620000000001,0.258554,NOR,MNG,8539
2222614,186,145,1742,2003,339829.0,0.0,1.072729,0.338355,RUS,MNG,8539
2222615,224,145,1742,2003,813.0,0.0,0.192802,1.9855060000000002,TUR,MNG,8539
2222616,231,145,1742,2003,4092.0,0.0,1.7789220000000001,0.064028,USA,MNG,8539
2222617,250,145,1742,2003,7373.0,0.0,0.45951499999999995,-0.2312,ANS,MNG,8539
2222618,7,151,1742,2003,20407.0,0.0,0.049637,-0.502691,ARE,MUS,8539
2222619,14,151,1742,2003,8932.0,0.0,0.316879,0.9409489999999999,AUS,MUS,8539
2222620,15,151,1742,2003,2710.0,0.0,1.834977,0.408096,AUT,MUS,8539
2222621,18,151,1742,2003,50094.0,0.0,1.361682,1.39536,BEL,MUS,8539
2222622,41,151,1742,2003,3868.0,0.0,2.151037,0.711217,CHE,MUS,8539
2222623,43,151,1742,2003,414621.0,0.0,0.579431,2.773139,CHN,MUS,8539
2222624,50,151,1742,2003,0.0,1733.0,-0.675377,-0.791014,COM,MUS,8539
2222625,59,151,1742,2003,848.0,0.0,1.555749,0.8662059999999999,CZE,MUS,8539
2222626,61,151,1742,2003,91182.0,10994.0,2.2821919999999998,-2.0985150000000004,DEU,MUS,8539
2222627,71,151,1742,2003,29632.0,0.0,0.960684,2.074792,ESP,MUS,8539
2222628,77,151,1742,2003,100525.0,1399.0,1.606606,0.7394149999999999,FRA,MUS,8539
2222629,81,151,1742,2003,104802.0,1233.0,1.8712540000000002,0.706205,GBR,MUS,8539
2222630,97,151,1742,2003,23644.0,0.0,0.494569,2.147062,HKG,MUS,8539
2222631,102,151,1742,2003,225847.0,0.0,1.2003270000000001,1.091407,HUN,MUS,8539
2222632,103,151,1742,2003,38884.0,0.0,-0.16802,1.7252990000000001,IDN,MUS,8539
2222633,104,151,1742,2003,407293.0,0.0,0.33014099999999996,2.836003,IND,MUS,8539
2222634,111,151,1742,2003,26908.0,0.0,1.399734,1.044608,ITA,MUS,8539
2222635,114,151,1742,2003,18614.0,0.0,2.4686630000000003,0.48072600000000004,JPN,MUS,8539
2222636,121,151,1742,2003,717.0,0.0,1.2611709999999998,0.956308,KOR,MUS,8539
2222637,136,151,1742,2003,1153.0,104072.0,-1.254758,-0.622696,MDG,MUS,8539
2222638,153,151,1742,2003,13382.0,0.0,0.728804,0.2168,MYS,MUS,8539
2222639,162,151,1742,2003,27527.0,0.0,1.168453,1.7085709999999998,NLD,MUS,8539
2222640,177,151,1742,2003,21389.0,0.0,0.966622,1.664838,POL,MUS,8539
2222641,185,151,1742,2003,20588.0,0.0,0.378379,1.0064620000000002,ROU,MUS,8539
2222642,192,151,1742,2003,16416.0,0.0,1.5080799999999999,0.720337,SGP,MUS,8539
2222643,211,151,1742,2003,0.0,15696.0,-0.44341099999999994,-0.742566,SYC,MUS,8539
2222644,216,151,1742,2003,45404.0,6603.0,0.43010699999999996,1.607408,THA,MUS,8539
2222645,231,151,1742,2003,41822.0,0.0,1.7789220000000001,0.064028,USA,MUS,8539
2222646,246,151,1742,2003,68160.0,853.0,0.477987,2.255395,ZAF,MUS,8539
2222647,249,151,1742,2003,7469.0,0.0,1.5924040000000002,1.397843,TWN,MUS,8539
2222648,250,151,1742,2003,13986.0,0.0,0.45951499999999995,-0.2312,ANS,MUS,8539
2222649,7,152,1742,2003,9615.0,0.0,0.049637,-0.502691,ARE,MWI,8539
2222650,43,152,1742,2003,62096.0,0.0,0.579431,2.773139,CHN,MWI,8539
2222651,61,152,1742,2003,8105.0,0.0,2.2821919999999998,-2.0985150000000004,DEU,MWI,8539
2222652,77,152,1742,2003,843.0,0.0,1.606606,0.7394149999999999,FRA,MWI,8539
2222653,81,152,1742,2003,73859.0,0.0,1.8712540000000002,0.706205,GBR,MWI,8539
2222654,103,152,1742,2003,390.0,0.0,-0.16802,1.7252990000000001,IDN,MWI,8539
2222655,104,152,1742,2003,4001.0,0.0,0.33014099999999996,2.836003,IND,MWI,8539
2222656,114,152,1742,2003,14293.0,0.0,2.4686630000000003,0.48072600000000004,JPN,MWI,8539
2222657,162,152,1742,2003,1413.0,0.0,1.168453,1.7085709999999998,NLD,MWI,8539
2222658,231,152,1742,2003,1999.0,0.0,1.7789220000000001,0.064028,USA,MWI,8539
2222659,246,152,1742,2003,166925.0,0.0,0.477987,2.255395,ZAF,MWI,8539
2222660,247,152,1742,2003,996.0,0.0,-0.678149,-0.5919449999999999,ZMB,MWI,8539
2222661,249,152,1742,2003,1283.0,0.0,1.5924040000000002,1.397843,TWN,MWI,8539
2222662,18,154,1742,2003,2479.0,0.0,1.361682,1.39536,BEL,MYT,8539
2222663,43,154,1742,2003,3671.0,0.0,0.579431,2.773139,CHN,MYT,8539
2222664,61,154,1742,2003,7368.0,0.0,2.2821919999999998,-2.0985150000000004,DEU,MYT,8539
2222665,71,154,1742,2003,775.0,0.0,0.960684,2.074792,ESP,MYT,8539
2222666,77,154,1742,2003,98937.0,0.0,1.606606,0.7394149999999999,FRA,MYT,8539
2222667,81,154,1742,2003,3962.0,0.0,1.8712540000000002,0.706205,GBR,MYT,8539
2222668,103,154,1742,2003,3777.0,0.0,-0.16802,1.7252990000000001,IDN,MYT,8539
2222669,111,154,1742,2003,945.0,0.0,1.399734,1.044608,ITA,MYT,8539
2222670,114,154,1742,2003,6918.0,0.0,2.4686630000000003,0.48072600000000004,JPN,MYT,8539
2222671,116,154,1742,2003,9646.0,0.0,-0.3531,0.582992,KEN,MYT,8539
2222672,153,154,1742,2003,582.0,0.0,0.728804,0.2168,MYS,MYT,8539
2222673,7,157,1742,2003,2419.0,0.0,0.049637,-0.502691,ARE,NER,8539
2222674,18,157,1742,2003,1344.0,0.0,1.361682,1.39536,BEL,NER,8539
2222675,21,157,1742,2003,35851.0,0.0,-0.9365690000000001,-0.9699409999999999,BFA,NER,8539
2222676,39,157,1742,2003,0.0,3916.0,0.9791540000000001,1.185081,CAN,NER,8539
2222677,43,157,1742,2003,18488.0,0.0,0.579431,2.773139,CHN,NER,8539
2222678,61,157,1742,2003,7241.0,0.0,2.2821919999999998,-2.0985150000000004,DEU,NER,8539
2222679,71,157,1742,2003,16007.0,0.0,0.960684,2.074792,ESP,NER,8539
2222680,77,157,1742,2003,101163.0,0.0,1.606606,0.7394149999999999,FRA,NER,8539
2222681,81,157,1742,2003,1270.0,0.0,1.8712540000000002,0.706205,GBR,NER,8539
2222682,103,157,1742,2003,23215.0,0.0,-0.16802,1.7252990000000001,IDN,NER,8539
2222683,111,157,1742,2003,1782.0,0.0,1.399734,1.044608,ITA,NER,8539
2222684,114,157,1742,2003,6022.0,0.0,2.4686630000000003,0.48072600000000004,JPN,NER,8539
2222685,121,157,1742,2003,0.0,4548.0,1.2611709999999998,0.956308,KOR,NER,8539
2222686,159,157,1742,2003,8921.0,0.0,-1.859176,-1.234236,NGA,NER,8539
2222687,162,157,1742,2003,1026.0,4990.0,1.168453,1.7085709999999998,NLD,NER,8539
2222688,189,157,1742,2003,9615.0,0.0,0.575326,1.627894,SCG,NER,8539
2222689,215,157,1742,2003,1775.0,0.0,-0.5058590000000001,-0.520586,TGO,NER,8539
2222690,231,157,1742,2003,3018.0,0.0,1.7789220000000001,0.064028,USA,NER,8539
2222691,43,199,1742,2003,2428.0,0.0,0.579431,2.773139,CHN,SOM,8539
2222692,7,211,1742,2003,9606.0,0.0,0.049637,-0.502691,ARE,SYC,8539
2222693,14,211,1742,2003,3852.0,0.0,0.316879,0.9409489999999999,AUS,SYC,8539
2222694,18,211,1742,2003,2313.0,0.0,1.361682,1.39536,BEL,SYC,8539
2222695,43,211,1742,2003,8810.0,0.0,0.579431,2.773139,CHN,SYC,8539
2222696,61,211,1742,2003,798.0,0.0,2.2821919999999998,-2.0985150000000004,DEU,SYC,8539
2222697,64,211,1742,2003,1324.0,0.0,1.309564,1.245596,DNK,SYC,8539
2222698,77,211,1742,2003,9263.0,0.0,1.606606,0.7394149999999999,FRA,SYC,8539
2222699,81,211,1742,2003,41254.0,0.0,1.8712540000000002,0.706205,GBR,SYC,8539
2222700,97,211,1742,2003,480.0,0.0,0.494569,2.147062,HKG,SYC,8539
2222701,102,211,1742,2003,49836.0,0.0,1.2003270000000001,1.091407,HUN,SYC,8539
2222702,104,211,1742,2003,8468.0,0.0,0.33014099999999996,2.836003,IND,SYC,8539
2222703,111,211,1742,2003,23349.0,0.0,1.399734,1.044608,ITA,SYC,8539
2222704,114,211,1742,2003,9988.0,0.0,2.4686630000000003,0.48072600000000004,JPN,SYC,8539
2222705,151,211,1742,2003,15696.0,0.0,-0.361514,-0.29839899999999997,MUS,SYC,8539
2222706,162,211,1742,2003,52683.0,0.0,1.168453,1.7085709999999998,NLD,SYC,8539
2222707,192,211,1742,2003,68762.0,0.0,1.5080799999999999,0.720337,SGP,SYC,8539
2222708,208,211,1742,2003,28103.0,0.0,2.099224,0.799982,SWE,SYC,8539
2222709,216,211,1742,2003,2916.0,0.0,0.43010699999999996,1.607408,THA,SYC,8539
2222710,231,211,1742,2003,17092.0,0.0,1.7789220000000001,0.064028,USA,SYC,8539
2222711,246,211,1742,2003,44305.0,0.0,0.477987,2.255395,ZAF,SYC,8539
2222712,249,211,1742,2003,795.0,0.0,1.5924040000000002,1.397843,TWN,SYC,8539
2222713,7,227,1742,2003,256131.0,0.0,0.049637,-0.502691,ARE,UGA,8539
2222714,15,227,1742,2003,1149.0,0.0,1.834977,0.408096,AUT,UGA,8539
2222715,43,227,1742,2003,148432.0,0.0,0.579431,2.773139,CHN,UGA,8539
2222716,61,227,1742,2003,13110.0,0.0,2.2821919999999998,-2.0985150000000004,DEU,UGA,8539
2222717,64,227,1742,2003,1949.0,0.0,1.309564,1.245596,DNK,UGA,8539
2222718,71,227,1742,2003,105170.0,0.0,0.960684,2.074792,ESP,UGA,8539
2222719,77,227,1742,2003,20506.0,0.0,1.606606,0.7394149999999999,FRA,UGA,8539
2222720,81,227,1742,2003,55098.0,0.0,1.8712540000000002,0.706205,GBR,UGA,8539
2222721,97,227,1742,2003,2878.0,0.0,0.494569,2.147062,HKG,UGA,8539
2222722,104,227,1742,2003,10283.0,0.0,0.33014099999999996,2.836003,IND,UGA,8539
2222723,111,227,1742,2003,830.0,0.0,1.399734,1.044608,ITA,UGA,8539
2222724,114,227,1742,2003,25683.0,0.0,2.4686630000000003,0.48072600000000004,JPN,UGA,8539
2222725,116,227,1742,2003,35067.0,538.0,-0.3531,0.582992,KEN,UGA,8539
2222726,121,227,1742,2003,768.0,0.0,1.2611709999999998,0.956308,KOR,UGA,8539
2222727,162,227,1742,2003,93265.0,1367.0,1.168453,1.7085709999999998,NLD,UGA,8539
2222728,163,227,1742,2003,1308.0,0.0,1.1500620000000001,0.258554,NOR,UGA,8539
2222729,186,227,1742,2003,4251.0,0.0,1.072729,0.338355,RUS,UGA,8539
2222730,216,227,1742,2003,7007.0,0.0,0.43010699999999996,1.607408,THA,UGA,8539
2222731,231,227,1742,2003,3730.0,0.0,1.7789220000000001,0.064028,USA,UGA,8539
2222732,246,227,1742,2003,69117.0,0.0,0.477987,2.255395,ZAF,UGA,8539
2222733,249,227,1742,2003,1505.0,0.0,1.5924040000000002,1.397843,TWN,UGA,8539
2222734,16,243,1742,2003,4001.0,0.0,-0.304606,-0.975453,AZE,YEM,8539
2222735,18,243,1742,2003,2595.0,0.0,1.361682,1.39536,BEL,YEM,8539
2222736,43,243,1742,2003,1939345.0,0.0,0.579431,2.773139,CHN,YEM,8539
2222737,61,243,1742,2003,127071.0,0.0,2.2821919999999998,-2.0985150000000004,DEU,YEM,8539
2222738,71,243,1742,2003,159242.0,0.0,0.960684,2.074792,ESP,YEM,8539
2222739,77,243,1742,2003,45275.0,0.0,1.606606,0.7394149999999999,FRA,YEM,8539
2222740,81,243,1742,2003,50010.0,0.0,1.8712540000000002,0.706205,GBR,YEM,8539
2222741,97,243,1742,2003,3099.0,0.0,0.494569,2.147062,HKG,YEM,8539
2222742,102,243,1742,2003,325000.0,0.0,1.2003270000000001,1.091407,HUN,YEM,8539
2222743,103,243,1742,2003,45081.0,0.0,-0.16802,1.7252990000000001,IDN,YEM,8539
2222744,104,243,1742,2003,8177.0,0.0,0.33014099999999996,2.836003,IND,YEM,8539
2222745,111,243,1742,2003,2427.0,0.0,1.399734,1.044608,ITA,YEM,8539
2222746,114,243,1742,2003,48180.0,0.0,2.4686630000000003,0.48072600000000004,JPN,YEM,8539
2222747,121,243,1742,2003,1737.0,0.0,1.2611709999999998,0.956308,KOR,YEM,8539
2222748,124,243,1742,2003,2928.0,0.0,0.261687,1.053856,LBN,YEM,8539
2222749,153,243,1742,2003,3125.0,0.0,0.728804,0.2168,MYS,YEM,8539
2222750,188,243,1742,2003,76919.0,0.0,0.202286,-0.714691,SAU,YEM,8539
2222751,192,243,1742,2003,3276.0,0.0,1.5080799999999999,0.720337,SGP,YEM,8539
2222752,216,243,1742,2003,96932.0,0.0,0.43010699999999996,1.607408,THA,YEM,8539
2222753,224,243,1742,2003,1075.0,0.0,0.192802,1.9855060000000002,TUR,YEM,8539
2222754,231,243,1742,2003,45979.0,0.0,1.7789220000000001,0.064028,USA,YEM,8539
2222755,249,243,1742,2003,55710.0,0.0,1.5924040000000002,1.397843,TWN,YEM,8539
2222756,18,2,1742,2003,10424.0,0.0,1.361682,1.39536,BEL,AGO,8539
2222757,32,2,1742,2003,133493.0,0.0,0.660576,1.118876,BRA,AGO,8539
2222758,43,2,1742,2003,466923.0,0.0,0.579431,2.773139,CHN,AGO,8539
2222759,61,2,1742,2003,22119.0,0.0,2.2821919999999998,-2.0985150000000004,DEU,AGO,8539
2222760,77,2,1742,2003,12451.0,0.0,1.606606,0.7394149999999999,FRA,AGO,8539
2222761,97,2,1742,2003,11971.0,0.0,0.494569,2.147062,HKG,AGO,8539
2222762,102,2,1742,2003,22000.0,0.0,1.2003270000000001,1.091407,HUN,AGO,8539
2222763,111,2,1742,2003,8897.0,0.0,1.399734,1.044608,ITA,AGO,8539
2222764,124,2,1742,2003,22190.0,0.0,0.261687,1.053856,LBN,AGO,8539
2222765,155,2,1742,2003,183543.0,0.0,-0.24004499999999998,-0.39565900000000004,NAM,AGO,8539
2222766,162,2,1742,2003,4524.0,4647.0,1.168453,1.7085709999999998,NLD,AGO,8539
2222767,179,2,1742,2003,795154.0,0.0,0.471376,1.647303,PRT,AGO,8539
2222768,186,2,1742,2003,5215.0,0.0,1.072729,0.338355,RUS,AGO,8539
2222769,208,2,1742,2003,1242.0,0.0,2.099224,0.799982,SWE,AGO,8539
2222770,231,2,1742,2003,9778.0,0.0,1.7789220000000001,0.064028,USA,AGO,8539
2222771,246,2,1742,2003,286285.0,0.0,0.477987,2.255395,ZAF,AGO,8539
2222772,18,46,1742,2003,127795.0,0.0,1.361682,1.39536,BEL,COD,8539
2222773,43,46,1742,2003,416763.0,0.0,0.579431,2.773139,CHN,COD,8539
2222774,45,46,1742,2003,1681.0,0.0,-1.254788,-1.10897,CMR,COD,8539
2222775,61,46,1742,2003,11737.0,0.0,2.2821919999999998,-2.0985150000000004,DEU,COD,8539
2222776,77,46,1742,2003,5659.0,0.0,1.606606,0.7394149999999999,FRA,COD,8539
2222777,104,46,1742,2003,10275.0,0.0,0.33014099999999996,2.836003,IND,COD,8539
2222778,114,46,1742,2003,14736.0,0.0,2.4686630000000003,0.48072600000000004,JPN,COD,8539
2222779,124,46,1742,2003,6018.0,0.0,0.261687,1.053856,LBN,COD,8539
2222780,134,46,1742,2003,1413.0,0.0,-0.6842050000000001,-0.217892,MAR,COD,8539
2222781,246,46,1742,2003,72614.0,0.0,0.477987,2.255395,ZAF,COD,8539
2222782,247,46,1742,2003,46682.0,0.0,-0.678149,-0.5919449999999999,ZMB,COD,8539
2222783,18,47,1742,2003,79218.0,0.0,1.361682,1.39536,BEL,COG,8539
2222784,43,47,1742,2003,484961.0,0.0,0.579431,2.773139,CHN,COG,8539
2222785,44,47,1742,2003,4245.0,0.0,-0.699928,-0.723739,CIV,COG,8539
2222786,71,47,1742,2003,48816.0,0.0,0.960684,2.074792,ESP,COG,8539
2222787,77,47,1742,2003,141483.0,0.0,1.606606,0.7394149999999999,FRA,COG,8539
2222788,97,47,1742,2003,5487.0,0.0,0.494569,2.147062,HKG,COG,8539
2222789,103,47,1742,2003,62550.0,0.0,-0.16802,1.7252990000000001,IDN,COG,8539
2222790,111,47,1742,2003,3156.0,0.0,1.399734,1.044608,ITA,COG,8539
2222791,124,47,1742,2003,31563.0,0.0,0.261687,1.053856,LBN,COG,8539
2222792,134,47,1742,2003,6725.0,0.0,-0.6842050000000001,-0.217892,MAR,COG,8539
2222793,153,47,1742,2003,13532.0,0.0,0.728804,0.2168,MYS,COG,8539
2222794,162,47,1742,2003,1131.0,0.0,1.168453,1.7085709999999998,NLD,COG,8539
2222795,216,47,1742,2003,1207.0,0.0,0.43010699999999996,1.607408,THA,COG,8539
2222796,224,47,1742,2003,10487.0,0.0,0.192802,1.9855060000000002,TUR,COG,8539
2222797,246,47,1742,2003,2657.0,0.0,0.477987,2.255395,ZAF,COG,8539
2222798,18,51,1742,2003,7649.0,0.0,1.361682,1.39536,BEL,CPV,8539
2222799,43,51,1742,2003,27128.0,0.0,0.579431,2.773139,CHN,CPV,8539
2222800,61,51,1742,2003,17764.0,127143.0,2.2821919999999998,-2.0985150000000004,DEU,CPV,8539
2222801,64,51,1742,2003,1135.0,0.0,1.309564,1.245596,DNK,CPV,8539
2222802,71,51,1742,2003,14013.0,0.0,0.960684,2.074792,ESP,CPV,8539
2222803,77,51,1742,2003,6512.0,0.0,1.606606,0.7394149999999999,FRA,CPV,8539
2222804,81,51,1742,2003,2615.0,0.0,1.8712540000000002,0.706205,GBR,CPV,8539
2222805,103,51,1742,2003,0.0,3164.0,-0.16802,1.7252990000000001,IDN,CPV,8539
2222806,111,51,1742,2003,11648.0,0.0,1.399734,1.044608,ITA,CPV,8539
2222807,162,51,1742,2003,29193.0,0.0,1.168453,1.7085709999999998,NLD,CPV,8539
2222808,179,51,1742,2003,190428.0,0.0,0.471376,1.647303,PRT,CPV,8539
2222809,231,51,1742,2003,6085.0,0.0,1.7789220000000001,0.064028,USA,CPV,8539
2222810,39,78,1742,2003,215.0,0.0,0.9791540000000001,1.185081,CAN,FRO,8539
2222811,43,78,1742,2003,16033.0,0.0,0.579431,2.773139,CHN,FRO,8539
2222812,61,78,1742,2003,18087.0,0.0,2.2821919999999998,-2.0985150000000004,DEU,FRO,8539
2222813,64,78,1742,2003,483110.0,0.0,1.309564,1.245596,DNK,FRO,8539
2222814,74,78,1742,2003,327.0,0.0,2.077889,0.942501,FIN,FRO,8539
2222815,77,78,1742,2003,10913.0,0.0,1.606606,0.7394149999999999,FRA,FRO,8539
2222816,81,78,1742,2003,29025.0,0.0,1.8712540000000002,0.706205,GBR,FRO,8539
2222817,97,78,1742,2003,4563.0,0.0,0.494569,2.147062,HKG,FRO,8539
2222818,102,78,1742,2003,7610.0,0.0,1.2003270000000001,1.091407,HUN,FRO,8539
2222819,103,78,1742,2003,29455.0,0.0,-0.16802,1.7252990000000001,IDN,FRO,8539
2222820,111,78,1742,2003,2504.0,0.0,1.399734,1.044608,ITA,FRO,8539
2222821,114,78,1742,2003,4259.0,0.0,2.4686630000000003,0.48072600000000004,JPN,FRO,8539
2222822,159,78,1742,2003,0.0,2686.0,-1.859176,-1.234236,NGA,FRO,8539
2222823,162,78,1742,2003,122224.0,0.0,1.168453,1.7085709999999998,NLD,FRO,8539
2222824,163,78,1742,2003,11883.0,0.0,1.1500620000000001,0.258554,NOR,FRO,8539
2222825,208,78,1742,2003,12082.0,0.0,2.099224,0.799982,SWE,FRO,8539
2222826,231,78,1742,2003,1908.0,0.0,1.7789220000000001,0.064028,USA,FRO,8539
2222827,250,78,1742,2003,1092.0,0.0,0.45951499999999995,-0.2312,ANS,FRO,8539
2222828,14,85,1742,2003,2750.0,0.0,0.316879,0.9409489999999999,AUS,GIN,8539
2222829,18,85,1742,2003,2111.0,0.0,1.361682,1.39536,BEL,GIN,8539
2222830,43,85,1742,2003,53149.0,0.0,0.579431,2.773139,CHN,GIN,8539
2222831,61,85,1742,2003,5080.0,0.0,2.2821919999999998,-2.0985150000000004,DEU,GIN,8539
2222832,77,85,1742,2003,4528.0,0.0,1.606606,0.7394149999999999,FRA,GIN,8539
2222833,81,85,1742,2003,4490.0,0.0,1.8712540000000002,0.706205,GBR,GIN,8539
2222834,97,85,1742,2003,18767.0,0.0,0.494569,2.147062,HKG,GIN,8539
2222835,124,85,1742,2003,13862.0,0.0,0.261687,1.053856,LBN,GIN,8539
2222836,186,85,1742,2003,4892.0,0.0,1.072729,0.338355,RUS,GIN,8539
2222837,246,85,1742,2003,12543.0,0.0,0.477987,2.255395,ZAF,GIN,8539
2222838,249,85,1742,2003,3044.0,0.0,1.5924040000000002,1.397843,TWN,GIN,8539
2222839,111,88,1742,2003,1382.0,0.0,1.399734,1.044608,ITA,GNB,8539
2222840,179,88,1742,2003,7331.0,0.0,0.471376,1.647303,PRT,GNB,8539
2222841,45,89,1742,2003,3295.0,0.0,-1.254788,-1.10897,CMR,GNQ,8539
2222842,61,89,1742,2003,10020.0,0.0,2.2821919999999998,-2.0985150000000004,DEU,GNQ,8539
2222843,71,89,1742,2003,1228.0,0.0,0.960684,2.074792,ESP,GNQ,8539
2222844,77,89,1742,2003,54330.0,0.0,1.606606,0.7394149999999999,FRA,GNQ,8539
2222845,81,89,1742,2003,16153.0,0.0,1.8712540000000002,0.706205,GBR,GNQ,8539
2222846,39,91,1742,2003,1244.0,0.0,0.9791540000000001,1.185081,CAN,GRD,8539
2222847,43,91,1742,2003,4414.0,0.0,0.579431,2.773139,CHN,GRD,8539
2222848,57,91,1742,2003,2034.0,0.0,0.308768,-0.690944,CYM,GRD,8539
2222849,61,91,1742,2003,8365.0,0.0,2.2821919999999998,-2.0985150000000004,DEU,GRD,8539
2222850,81,91,1742,2003,170798.0,0.0,1.8712540000000002,0.706205,GBR,GRD,8539
2222851,97,91,1742,2003,2442.0,0.0,0.494569,2.147062,HKG,GRD,8539
2222852,111,91,1742,2003,957.0,0.0,1.399734,1.044608,ITA,GRD,8539
2222853,114,91,1742,2003,8059.0,0.0,2.4686630000000003,0.48072600000000004,JPN,GRD,8539
2222854,159,91,1742,2003,0.0,7206.0,-1.859176,-1.234236,NGA,GRD,8539
2222855,222,91,1742,2003,10520.0,0.0,-0.16738,-0.9820969999999999,TTO,GRD,8539
2222856,231,91,1742,2003,41233.0,0.0,1.7789220000000001,0.064028,USA,GRD,8539
2222857,250,91,1742,2003,4148.0,0.0,0.45951499999999995,-0.2312,ANS,GRD,8539
2222858,18,101,1742,2003,0.0,24251.0,1.361682,1.39536,BEL,HTI,8539
2222859,43,101,1742,2003,230449.0,0.0,0.579431,2.773139,CHN,HTI,8539
2222860,54,101,1742,2003,1989.0,0.0,-0.391515,-0.8562120000000001,CUB,HTI,8539
2222861,65,101,1742,2003,3335.0,0.0,-0.46264399999999994,-0.245034,DOM,HTI,8539
2222862,114,101,1742,2003,8489.0,0.0,2.4686630000000003,0.48072600000000004,JPN,HTI,8539
2222863,121,101,1742,2003,1129.0,0.0,1.2611709999999998,0.956308,KOR,HTI,8539
2222864,138,101,1742,2003,3088.0,0.0,0.862509,0.756684,MEX,HTI,8539
2222865,197,101,1742,2003,2324.0,0.0,-0.251357,-0.189917,SLV,HTI,8539
2222866,216,101,1742,2003,9133.0,0.0,0.43010699999999996,1.607408,THA,HTI,8539
2222867,231,101,1742,2003,145903.0,0.0,1.7789220000000001,0.064028,USA,HTI,8539
2222868,249,101,1742,2003,77762.0,0.0,1.5924040000000002,1.397843,TWN,HTI,8539
2222869,18,125,1742,2003,23240.0,0.0,1.361682,1.39536,BEL,LBR,8539
2222870,43,125,1742,2003,5894.0,0.0,0.579431,2.773139,CHN,LBR,8539
2222871,61,125,1742,2003,2002.0,0.0,2.2821919999999998,-2.0985150000000004,DEU,LBR,8539
2222872,77,125,1742,2003,1132.0,0.0,1.606606,0.7394149999999999,FRA,LBR,8539
2222873,97,125,1742,2003,8074.0,0.0,0.494569,2.147062,HKG,LBR,8539
2222874,114,125,1742,2003,1834.0,0.0,2.4686630000000003,0.48072600000000004,JPN,LBR,8539
2222875,124,125,1742,2003,8002.0,0.0,0.261687,1.053856,LBN,LBR,8539
2222876,132,125,1742,2003,2433.0,0.0,0.520772,0.5631689999999999,LVA,LBR,8539
2222877,14,143,1742,2003,4668.0,0.0,0.316879,0.9409489999999999,AUS,MMR,8539
2222878,22,143,1742,2003,0.0,49251.0,-1.168404,-1.035782,BGD,MMR,8539
2222879,43,143,1742,2003,2276546.0,0.0,0.579431,2.773139,CHN,MMR,8539
2222880,61,143,1742,2003,2061.0,0.0,2.2821919999999998,-2.0985150000000004,DEU,MMR,8539
2222881,71,143,1742,2003,3667.0,0.0,0.960684,2.074792,ESP,MMR,8539
2222882,97,143,1742,2003,2207.0,0.0,0.494569,2.147062,HKG,MMR,8539
2222883,103,143,1742,2003,24576.0,0.0,-0.16802,1.7252990000000001,IDN,MMR,8539
2222884,104,143,1742,2003,423307.0,0.0,0.33014099999999996,2.836003,IND,MMR,8539
2222885,114,143,1742,2003,2267.0,0.0,2.4686630000000003,0.48072600000000004,JPN,MMR,8539
2222886,121,143,1742,2003,64586.0,0.0,1.2611709999999998,0.956308,KOR,MMR,8539
2222887,153,143,1742,2003,5616.0,0.0,0.728804,0.2168,MYS,MMR,8539
2222888,192,143,1742,2003,189721.0,0.0,1.5080799999999999,0.720337,SGP,MMR,8539
2222889,216,143,1742,2003,455623.0,0.0,0.43010699999999996,1.607408,THA,MMR,8539
2222890,239,143,1742,2003,245169.0,0.0,-0.633985,0.659696,VNM,MMR,8539
2222891,14,156,1742,2003,34114.0,0.0,0.316879,0.9409489999999999,AUS,NCL,8539
2222892,18,156,1742,2003,33266.0,0.0,1.361682,1.39536,BEL,NCL,8539
2222893,39,156,1742,2003,806.0,0.0,0.9791540000000001,1.185081,CAN,NCL,8539
2222894,41,156,1742,2003,311.0,0.0,2.151037,0.711217,CHE,NCL,8539
2222895,43,156,1742,2003,27198.0,0.0,0.579431,2.773139,CHN,NCL,8539
2222896,61,156,1742,2003,52438.0,0.0,2.2821919999999998,-2.0985150000000004,DEU,NCL,8539
2222897,64,156,1742,2003,1453.0,0.0,1.309564,1.245596,DNK,NCL,8539
2222898,71,156,1742,2003,14478.0,0.0,0.960684,2.074792,ESP,NCL,8539
2222899,77,156,1742,2003,491745.0,2108.0,1.606606,0.7394149999999999,FRA,NCL,8539
2222900,81,156,1742,2003,20341.0,0.0,1.8712540000000002,0.706205,GBR,NCL,8539
2222901,103,156,1742,2003,16246.0,0.0,-0.16802,1.7252990000000001,IDN,NCL,8539
2222902,111,156,1742,2003,7630.0,0.0,1.399734,1.044608,ITA,NCL,8539
2222903,114,156,1742,2003,18698.0,0.0,2.4686630000000003,0.48072600000000004,JPN,NCL,8539
2222904,121,156,1742,2003,5572.0,0.0,1.2611709999999998,0.956308,KOR,NCL,8539
2222905,131,156,1742,2003,1080.0,0.0,1.444996,1.063764,LUX,NCL,8539
2222906,162,156,1742,2003,21436.0,0.0,1.168453,1.7085709999999998,NLD,NCL,8539
2222907,166,156,1742,2003,16651.0,0.0,0.589619,0.997301,NZL,NCL,8539
2222908,177,156,1742,2003,52205.0,0.0,0.966622,1.664838,POL,NCL,8539
2222909,192,156,1742,2003,12304.0,0.0,1.5080799999999999,0.720337,SGP,NCL,8539
2222910,216,156,1742,2003,750.0,0.0,0.43010699999999996,1.607408,THA,NCL,8539
2222911,231,156,1742,2003,22797.0,0.0,1.7789220000000001,0.064028,USA,NCL,8539
2222912,239,156,1742,2003,215.0,0.0,-0.633985,0.659696,VNM,NCL,8539
2222913,241,156,1742,2003,0.0,2672.0,0.200787,-0.775126,WLF,NCL,8539
2222914,249,156,1742,2003,11397.0,0.0,1.5924040000000002,1.397843,TWN,NCL,8539
2222915,250,156,1742,2003,4264.0,0.0,0.45951499999999995,-0.2312,ANS,NCL,8539
2222916,43,181,1742,2003,27598.0,0.0,0.579431,2.773139,CHN,PSE,8539
2222917,61,181,1742,2003,1001.0,0.0,2.2821919999999998,-2.0985150000000004,DEU,PSE,8539
2222918,121,181,1742,2003,0.0,9835.0,1.2611709999999998,0.956308,KOR,PSE,8539
2222919,177,181,1742,2003,0.0,55879.0,0.966622,1.664838,POL,PSE,8539
2222920,15,196,1742,2003,10410.0,0.0,1.834977,0.408096,AUT,SLE,8539
2222921,18,196,1742,2003,1883.0,0.0,1.361682,1.39536,BEL,SLE,8539
2222922,43,196,1742,2003,46289.0,0.0,0.579431,2.773139,CHN,SLE,8539
2222923,61,196,1742,2003,29351.0,0.0,2.2821919999999998,-2.0985150000000004,DEU,SLE,8539
2222924,64,196,1742,2003,15236.0,0.0,1.309564,1.245596,DNK,SLE,8539
2222925,72,196,1742,2003,0.0,2735.0,0.5913010000000001,0.8489979999999999,EST,SLE,8539
2222926,77,196,1742,2003,5659.0,6801.0,1.606606,0.7394149999999999,FRA,SLE,8539
2222927,81,196,1742,2003,150330.0,0.0,1.8712540000000002,0.706205,GBR,SLE,8539
2222928,97,196,1742,2003,3146.0,0.0,0.494569,2.147062,HKG,SLE,8539
2222929,104,196,1742,2003,0.0,36008.0,0.33014099999999996,2.836003,IND,SLE,8539
2222930,114,196,1742,2003,17652.0,0.0,2.4686630000000003,0.48072600000000004,JPN,SLE,8539
2222931,124,196,1742,2003,4579.0,0.0,0.261687,1.053856,LBN,SLE,8539
2222932,18,214,1742,2003,10646.0,0.0,1.361682,1.39536,BEL,TCD,8539
2222933,45,214,1742,2003,4187.0,0.0,-1.254788,-1.10897,CMR,TCD,8539
2222934,77,214,1742,2003,18111.0,0.0,1.606606,0.7394149999999999,FRA,TCD,8539
2222935,81,214,1742,2003,6512.0,0.0,1.8712540000000002,0.706205,GBR,TCD,8539
2222936,179,214,1742,2003,1160.0,0.0,0.471376,1.647303,PRT,TCD,8539
2222937,186,214,1742,2003,2881.0,0.0,1.072729,0.338355,RUS,TCD,8539
2222938,61,217,1742,2003,3022.0,0.0,2.2821919999999998,-2.0985150000000004,DEU,TJK,8539
2222939,66,217,1742,2003,0.0,4686.0,-1.060727,-1.142594,DZA,TJK,8539
2222940,102,217,1742,2003,1000.0,0.0,1.2003270000000001,1.091407,HUN,TJK,8539
2222941,107,217,1742,2003,3639.0,0.0,-0.552146,-0.8668520000000001,IRN,TJK,8539
2222942,117,217,1742,2003,1034089.0,0.0,0.25359699999999996,0.24101199999999998,KGZ,TJK,8539
2222943,186,217,1742,2003,147144.0,0.0,1.072729,0.338355,RUS,TJK,8539
2222944,224,217,1742,2003,15966.0,0.0,0.192802,1.9855060000000002,TUR,TJK,8539
2222945,14,220,1742,2003,3506.0,0.0,0.316879,0.9409489999999999,AUS,TLS,8539
2222946,43,220,1742,2003,3954.0,0.0,0.579431,2.773139,CHN,TLS,8539
2222947,103,220,1742,2003,147230.0,0.0,-0.16802,1.7252990000000001,IDN,TLS,8539
2222948,114,220,1742,2003,2388.0,0.0,2.4686630000000003,0.48072600000000004,JPN,TLS,8539
2222949,179,220,1742,2003,1250.0,0.0,0.471376,1.647303,PRT,TLS,8539
2222950,18,232,1742,2003,2292.0,0.0,1.361682,1.39536,BEL,UZB,8539
2222951,28,232,1742,2003,13919.0,0.0,0.847358,0.9307719999999999,BLR,UZB,8539
2222952,43,232,1742,2003,5275.0,0.0,0.579431,2.773139,CHN,UZB,8539
2222953,61,232,1742,2003,40360.0,0.0,2.2821919999999998,-2.0985150000000004,DEU,UZB,8539
2222954,71,232,1742,2003,3590.0,0.0,0.960684,2.074792,ESP,UZB,8539
2222955,74,232,1742,2003,3103.0,0.0,2.077889,0.942501,FIN,UZB,8539
2222956,81,232,1742,2003,21943.0,0.0,1.8712540000000002,0.706205,GBR,UZB,8539
2222957,82,232,1742,2003,0.0,1387.0,0.595485,-0.25939,GEO,UZB,8539
2222958,97,232,1742,2003,6000.0,0.0,0.494569,2.147062,HKG,UZB,8539
2222959,102,232,1742,2003,1000.0,0.0,1.2003270000000001,1.091407,HUN,UZB,8539
2222960,111,232,1742,2003,29391.0,0.0,1.399734,1.044608,ITA,UZB,8539
2222961,114,232,1742,2003,6031.0,0.0,2.4686630000000003,0.48072600000000004,JPN,UZB,8539
2222962,115,232,1742,2003,5401.0,5102.0,-0.156326,-0.62092,KAZ,UZB,8539
2222963,117,232,1742,2003,1845691.0,0.0,0.25359699999999996,0.24101199999999998,KGZ,UZB,8539
2222964,121,232,1742,2003,16579.0,0.0,1.2611709999999998,0.956308,KOR,UZB,8539
2222965,177,232,1742,2003,165000.0,0.0,0.966622,1.664838,POL,UZB,8539
2222966,186,232,1742,2003,2210700.0,0.0,1.072729,0.338355,RUS,UZB,8539
2222967,224,232,1742,2003,259978.0,0.0,0.192802,1.9855060000000002,TUR,UZB,8539
2222968,228,232,1742,2003,2491.0,0.0,0.8929389999999999,0.956685,UKR,UZB,8539
2222969,231,232,1742,2003,3438.0,0.0,1.7789220000000001,0.064028,USA,UZB,8539
2222970,246,232,1742,2003,13918.0,0.0,0.477987,2.255395,ZAF,UZB,8539
2222971,14,79,1742,2003,2612.0,0.0,0.316879,0.9409489999999999,AUS,FSM,8539
2222972,95,79,1742,2003,2363.0,0.0,-0.139991,-0.570695,GUM,FSM,8539
2222973,97,79,1742,2003,2707.0,0.0,0.494569,2.147062,HKG,FSM,8539
2222974,114,79,1742,2003,13657.0,0.0,2.4686630000000003,0.48072600000000004,JPN,FSM,8539
2222975,121,79,1742,2003,7412.0,0.0,1.2611709999999998,0.956308,KOR,FSM,8539
2222976,231,79,1742,2003,27123.0,0.0,1.7789220000000001,0.064028,USA,FSM,8539
2222977,249,79,1742,2003,4841.0,0.0,1.5924040000000002,1.397843,TWN,FSM,8539
2222978,43,221,1742,2003,7341.0,0.0,0.579431,2.773139,CHN,TON,8539
2222979,166,221,1742,2003,31138.0,0.0,0.589619,0.997301,NZL,TON,8539
2222980,216,221,1742,2003,1284.0,0.0,0.43010699999999996,1.607408,THA,TON,8539
2222981,14,242,1742,2003,13079.0,0.0,0.316879,0.9409489999999999,AUS,WSM,8539
2222982,43,242,1742,2003,2703.0,0.0,0.579431,2.773139,CHN,WSM,8539
2222983,114,242,1742,2003,5343.0,0.0,2.4686630000000003,0.48072600000000004,JPN,WSM,8539
2222984,121,242,1742,2003,1143.0,0.0,1.2611709999999998,0.956308,KOR,WSM,8539
2222985,166,242,1742,2003,49471.0,0.0,0.589619,0.997301,NZL,WSM,8539
2222986,231,242,1742,2003,4912.0,0.0,1.7789220000000001,0.064028,USA,WSM,8539
2222987,249,242,1742,2003,5439.0,0.0,1.5924040000000002,1.397843,TWN,WSM,8539
2222988,61,149,1742,2003,988.0,0.0,2.2821919999999998,-2.0985150000000004,DEU,MSR,8539
2222989,81,149,1742,2003,793.0,0.0,1.8712540000000002,0.706205,GBR,MSR,8539
2222990,231,149,1742,2003,10833.0,1119.0,1.7789220000000001,0.064028,USA,MSR,8539
2222991,166,10,1742,2003,4507.0,0.0,0.589619,0.997301,NZL,ASM,8539
2222992,39,30,1742,2003,35879.0,0.0,0.9791540000000001,1.185081,CAN,BMU,8539
2222993,77,30,1742,2003,1132.0,0.0,1.606606,0.7394149999999999,FRA,BMU,8539
2222994,81,30,1742,2003,7615.0,0.0,1.8712540000000002,0.706205,GBR,BMU,8539
2222995,111,30,1742,2003,1370.0,0.0,1.399734,1.044608,ITA,BMU,8539
2222996,114,30,1742,2003,3877.0,0.0,2.4686630000000003,0.48072600000000004,JPN,BMU,8539
2222997,231,30,1742,2003,41160.0,0.0,1.7789220000000001,0.064028,USA,BMU,8539
2222998,249,30,1742,2003,1512.0,0.0,1.5924040000000002,1.397843,TWN,BMU,8539
2222999,61,35,1742,2003,4152.0,0.0,2.2821919999999998,-2.0985150000000004,DEU,BTN,8539
2223000,104,35,1742,2003,17292.0,0.0,0.33014099999999996,2.836003,IND,BTN,8539
2223001,14,40,1742,2003,2246.0,0.0,0.316879,0.9409489999999999,AUS,CCK,8539
2223002,81,40,1742,2003,2206.0,0.0,1.8712540000000002,0.706205,GBR,CCK,8539
2223003,14,56,1742,2003,9591.0,0.0,0.316879,0.9409489999999999,AUS,CXR,8539
2223004,103,56,1742,2003,0.0,36724.0,-0.16802,1.7252990000000001,IDN,CXR,8539
2223005,32,57,1742,2003,5365.0,0.0,0.660576,1.118876,BRA,CYM,8539
2223006,77,57,1742,2003,2264.0,0.0,1.606606,0.7394149999999999,FRA,CYM,8539
2223007,91,57,1742,2003,0.0,2034.0,0.3936,-0.258355,GRD,CYM,8539
2223008,114,57,1742,2003,1826.0,0.0,2.4686630000000003,0.48072600000000004,JPN,CYM,8539
2223009,231,57,1742,2003,38615.0,0.0,1.7789220000000001,0.064028,USA,CYM,8539
2223010,61,84,1742,2003,5005.0,0.0,2.2821919999999998,-2.0985150000000004,DEU,GIB,8539
2223011,71,84,1742,2003,65969.0,0.0,0.960684,2.074792,ESP,GIB,8539
2223012,81,84,1742,2003,33334.0,0.0,1.8712540000000002,0.706205,GBR,GIB,8539
2223013,106,84,1742,2003,1643.0,0.0,1.6396130000000002,0.220599,IRL,GIB,8539
2223014,111,84,1742,2003,4075.0,0.0,1.399734,1.044608,ITA,GIB,8539
2223015,39,92,1742,2003,2595.0,0.0,0.9791540000000001,1.185081,CAN,GRL,8539
2223016,61,92,1742,2003,2445.0,0.0,2.2821919999999998,-2.0985150000000004,DEU,GRL,8539
2223017,64,92,1742,2003,562387.0,0.0,1.309564,1.245596,DNK,GRL,8539
2223018,77,92,1742,2003,2034.0,0.0,1.606606,0.7394149999999999,FRA,GRL,8539
2223019,81,92,1742,2003,5417.0,0.0,1.8712540000000002,0.706205,GBR,GRL,8539
2223020,97,92,1742,2003,2904.0,0.0,0.494569,2.147062,HKG,GRL,8539
2223021,102,92,1742,2003,6677.0,0.0,1.2003270000000001,1.091407,HUN,GRL,8539
2223022,111,92,1742,2003,391.0,0.0,1.399734,1.044608,ITA,GRL,8539
2223023,114,92,1742,2003,101.0,0.0,2.4686630000000003,0.48072600000000004,JPN,GRL,8539
2223024,162,92,1742,2003,4039.0,0.0,1.168453,1.7085709999999998,NLD,GRL,8539
2223025,177,92,1742,2003,67883.0,0.0,0.966622,1.664838,POL,GRL,8539
2223026,250,92,1742,2003,1147.0,0.0,0.45951499999999995,-0.2312,ANS,GRL,8539
2223027,14,95,1742,2003,5348.0,0.0,0.316879,0.9409489999999999,AUS,GUM,8539
2223028,79,95,1742,2003,0.0,2363.0,-1.370191,-1.028812,FSM,GUM,8539
2223029,114,95,1742,2003,8731.0,0.0,2.4686630000000003,0.48072600000000004,JPN,GUM,8539
2223030,121,95,1742,2003,45176.0,0.0,1.2611709999999998,0.956308,KOR,GUM,8539
2223031,97,119,1742,2003,3260.0,0.0,0.494569,2.147062,HKG,KIR,8539
2223032,166,119,1742,2003,4808.0,0.0,0.589619,0.997301,NZL,KIR,8539
2223033,43,123,1742,2003,19030.0,0.0,0.579431,2.773139,CHN,LAO,8539
2223034,61,123,1742,2003,3015.0,0.0,2.2821919999999998,-2.0985150000000004,DEU,LAO,8539
2223035,81,123,1742,2003,1513.0,0.0,1.8712540000000002,0.706205,GBR,LAO,8539
2223036,97,123,1742,2003,3957.0,0.0,0.494569,2.147062,HKG,LAO,8539
2223037,216,123,1742,2003,435524.0,0.0,0.43010699999999996,1.607408,THA,LAO,8539
2223038,239,123,1742,2003,52785.0,0.0,-0.633985,0.659696,VNM,LAO,8539
2223039,246,129,1742,2003,19396.0,0.0,0.477987,2.255395,ZAF,LSO,8539
2223040,77,139,1742,2003,2264.0,0.0,1.606606,0.7394149999999999,FRA,MHL,8539
2223041,114,139,1742,2003,2189.0,0.0,2.4686630000000003,0.48072600000000004,JPN,MHL,8539
2223042,61,146,1742,2003,2009.0,0.0,2.2821919999999998,-2.0985150000000004,DEU,MNP,8539
2223043,97,146,1742,2003,6714.0,0.0,0.494569,2.147062,HKG,MNP,8539
2223044,114,146,1742,2003,4110.0,0.0,2.4686630000000003,0.48072600000000004,JPN,MNP,8539
2223045,249,146,1742,2003,1366.0,0.0,1.5924040000000002,1.397843,TWN,MNP,8539
2223046,231,175,1742,2003,8488.0,0.0,1.7789220000000001,0.064028,USA,PLW,8539
2223047,249,175,1742,2003,2754.0,0.0,1.5924040000000002,1.397843,TWN,PLW,8539
2223048,14,240,1742,2003,16511.0,0.0,0.316879,0.9409489999999999,AUS,VUT,8539
2223049,97,240,1742,2003,3128.0,0.0,0.494569,2.147062,HKG,VUT,8539
2223050,111,240,1742,2003,5852.0,0.0,1.399734,1.044608,ITA,VUT,8539
2223051,166,240,1742,2003,4849.0,0.0,0.589619,0.997301,NZL,VUT,8539
2223052,192,240,1742,2003,1526.0,0.0,1.5080799999999999,0.720337,SGP,VUT,8539
2223053,61,241,1742,2003,1065.0,0.0,2.2821919999999998,-2.0985150000000004,DEU,WLF,8539
2223054,75,241,1742,2003,1515.0,0.0,-0.6865640000000001,-0.326977,FJI,WLF,8539
2223055,77,241,1742,2003,15823.0,0.0,1.606606,0.7394149999999999,FRA,WLF,8539
2223056,156,241,1742,2003,2672.0,0.0,-0.344934,-0.776632,NCL,WLF,8539
2223057,37,248,1742,2003,1101.0,0.0,-0.517317,-1.1125770000000001,BWA,ZWE,8539
2223058,39,248,1742,2003,1255.0,0.0,0.9791540000000001,1.185081,CAN,ZWE,8539
2223059,43,248,1742,2003,425037.0,0.0,0.579431,2.773139,CHN,ZWE,8539
2223060,61,248,1742,2003,20148.0,0.0,2.2821919999999998,-2.0985150000000004,DEU,ZWE,8539
2223061,104,248,1742,2003,5630.0,0.0,0.33014099999999996,2.836003,IND,ZWE,8539
2223062,114,248,1742,2003,2449.0,0.0,2.4686630000000003,0.48072600000000004,JPN,ZWE,8539
2223063,216,248,1742,2003,8934.0,0.0,0.43010699999999996,1.607408,THA,ZWE,8539
2223064,226,248,1742,2003,0.0,8069.0,-1.225217,-0.43662399999999996,TZA,ZWE,8539
2223065,246,248,1742,2003,1339900.0,0.0,0.477987,2.255395,ZAF,ZWE,8539
2223066,247,248,1742,2003,0.0,3091.0,-0.678149,-0.5919449999999999,ZMB,ZWE,8539
2223067,249,248,1742,2003,3866.0,0.0,1.5924040000000002,1.397843,TWN,ZWE,8539
2223068,18,38,1742,2003,9436.0,0.0,1.361682,1.39536,BEL,CAF,8539
2223069,45,38,1742,2003,2930.0,0.0,-1.254788,-1.10897,CMR,CAF,8539
2223070,77,38,1742,2003,26066.0,0.0,1.606606,0.7394149999999999,FRA,CAF,8539
2223071,124,38,1742,2003,804.0,0.0,0.261687,1.053856,LBN,CAF,8539
2223072,250,38,1742,2003,5919.0,0.0,0.45951499999999995,-0.2312,ANS,CAF,8539
2223073,33,194,1742,2003,0.0,3164.0,0.744166,0.074191,BRB,SHN,8539
2223074,103,194,1742,2003,8302.0,0.0,-0.16802,1.7252990000000001,IDN,SHN,8539
2223075,81,76,1742,2003,11390.0,0.0,1.8712540000000002,0.706205,GBR,FLK,8539
2223076,71,198,1742,2003,0.0,29537.0,0.960684,2.074792,ESP,SMR,8539
2223077,106,198,1742,2003,0.0,1397.0,1.6396130000000002,0.220599,IRL,SMR,8539
2223078,77,200,1742,2003,33956.0,0.0,1.606606,0.7394149999999999,FRA,SPM,8539
2223079,39,213,1742,2003,3379.0,0.0,0.9791540000000001,1.185081,CAN,TCA,8539
2223080,111,213,1742,2003,52932.0,0.0,1.399734,1.044608,ITA,TCA,8539
2223081,231,213,1742,2003,101274.0,0.0,1.7789220000000001,0.064028,USA,TCA,8539
2223082,72,161,1742,2003,3979.0,0.0,0.5913010000000001,0.8489979999999999,EST,NIU,8539
2223083,166,161,1742,2003,3682.0,0.0,0.589619,0.997301,NZL,NIU,8539
2223084,32,6,1802,2003,0.0,2304.0,0.660576,1.118876,BRA,ANT,9013
2223085,61,6,1802,2003,2018.0,0.0,2.2821919999999998,-2.0985150000000004,DEU,ANT,9013
2223086,231,6,1802,2003,16767.0,0.0,1.7789220000000001,0.064028,USA,ANT,9013
2223087,14,7,1802,2003,0.0,3268.0,0.316879,0.9409489999999999,AUS,ARE,9013
2223088,15,7,1802,2003,14129.0,0.0,1.834977,0.408096,AUT,ARE,9013
2223089,18,7,1802,2003,159384.0,0.0,1.361682,1.39536,BEL,ARE,9013
2223090,22,7,1802,2003,0.0,1630.0,-1.168404,-1.035782,BGD,ARE,9013
2223091,28,7,1802,2003,11035976.0,0.0,0.847358,0.9307719999999999,BLR,ARE,9013
2223092,39,7,1802,2003,0.0,3398.0,0.9791540000000001,1.185081,CAN,ARE,9013
2223093,41,7,1802,2003,20620.0,16276.0,2.151037,0.711217,CHE,ARE,9013
2223094,43,7,1802,2003,1426812.0,0.0,0.579431,2.773139,CHN,ARE,9013
2223095,59,7,1802,2003,14786.0,2717.0,1.555749,0.8662059999999999,CZE,ARE,9013
2223096,61,7,1802,2003,3431705.0,747545.0,2.2821919999999998,-2.0985150000000004,DEU,ARE,9013
2223097,64,7,1802,2003,1243.0,0.0,1.309564,1.245596,DNK,ARE,9013
2223098,71,7,1802,2003,4928.0,0.0,0.960684,2.074792,ESP,ARE,9013
2223099,74,7,1802,2003,406351.0,0.0,2.077889,0.942501,FIN,ARE,9013
2223100,77,7,1802,2003,75762.0,0.0,1.606606,0.7394149999999999,FRA,ARE,9013
2223101,81,7,1802,2003,4032604.0,22042.0,1.8712540000000002,0.706205,GBR,ARE,9013
2223102,97,7,1802,2003,149274.0,0.0,0.494569,2.147062,HKG,ARE,9013
2223103,102,7,1802,2003,1829.0,0.0,1.2003270000000001,1.091407,HUN,ARE,9013
2223104,104,7,1802,2003,21239.0,56924.0,0.33014099999999996,2.836003,IND,ARE,9013
2223105,107,7,1802,2003,0.0,210732.0,-0.552146,-0.8668520000000001,IRN,ARE,9013
2223106,111,7,1802,2003,80718.0,491786.0,1.399734,1.044608,ITA,ARE,9013
2223107,114,7,1802,2003,111222.0,11276.0,2.4686630000000003,0.48072600000000004,JPN,ARE,9013
2223108,121,7,1802,2003,18741.0,0.0,1.2611709999999998,0.956308,KOR,ARE,9013
2223109,153,7,1802,2003,0.0,5129.0,0.728804,0.2168,MYS,ARE,9013
2223110,162,7,1802,2003,295176.0,0.0,1.168453,1.7085709999999998,NLD,ARE,9013
2223111,163,7,1802,2003,7088.0,0.0,1.1500620000000001,0.258554,NOR,ARE,9013
2223112,168,7,1802,2003,0.0,39233.0,-0.6659689999999999,0.137924,PAK,ARE,9013
2223113,186,7,1802,2003,15077.0,0.0,1.072729,0.338355,RUS,ARE,9013
2223114,188,7,1802,2003,4599.0,0.0,0.202286,-0.714691,SAU,ARE,9013
2223115,192,7,1802,2003,108898.0,0.0,1.5080799999999999,0.720337,SGP,ARE,9013
2223116,206,7,1802,2003,24165.0,0.0,1.22565,0.915518,SVK,ARE,9013
2223117,208,7,1802,2003,0.0,1470.0,2.099224,0.799982,SWE,ARE,9013
2223118,224,7,1802,2003,40014.0,0.0,0.192802,1.9855060000000002,TUR,ARE,9013
2223119,231,7,1802,2003,2829341.0,0.0,1.7789220000000001,0.064028,USA,ARE,9013
2223120,249,7,1802,2003,478409.0,0.0,1.5924040000000002,1.397843,TWN,ARE,9013
2223121,15,8,1802,2003,42772.0,0.0,1.834977,0.408096,AUT,ARG,9013
2223122,18,8,1802,2003,4121.0,3609.0,1.361682,1.39536,BEL,ARG,9013
2223123,32,8,1802,2003,57627.0,97623.0,0.660576,1.118876,BRA,ARG,9013
2223124,39,8,1802,2003,1255.0,0.0,0.9791540000000001,1.185081,CAN,ARG,9013
2223125,41,8,1802,2003,3453.0,6121.0,2.151037,0.711217,CHE,ARG,9013
2223126,42,8,1802,2003,0.0,1659.0,-0.06375900000000001,-0.156808,CHL,ARG,9013
2223127,43,8,1802,2003,226741.0,0.0,0.579431,2.773139,CHN,ARG,9013
2223128,49,8,1802,2003,0.0,12173.0,0.218336,0.376869,COL,ARG,9013
2223129,59,8,1802,2003,49545.0,0.0,1.555749,0.8662059999999999,CZE,ARG,9013
2223130,61,8,1802,2003,240586.0,1556.0,2.2821919999999998,-2.0985150000000004,DEU,ARG,9013
2223131,71,8,1802,2003,12923.0,4312.0,0.960684,2.074792,ESP,ARG,9013
2223132,74,8,1802,2003,2971.0,0.0,2.077889,0.942501,FIN,ARG,9013
2223133,77,8,1802,2003,35143.0,0.0,1.606606,0.7394149999999999,FRA,ARG,9013
2223134,81,8,1802,2003,13628.0,0.0,1.8712540000000002,0.706205,GBR,ARG,9013
2223135,97,8,1802,2003,39597.0,0.0,0.494569,2.147062,HKG,ARG,9013
2223136,104,8,1802,2003,0.0,1454.0,0.33014099999999996,2.836003,IND,ARG,9013
2223137,110,8,1802,2003,619292.0,0.0,1.157809,0.682195,ISR,ARG,9013
2223138,111,8,1802,2003,45839.0,0.0,1.399734,1.044608,ITA,ARG,9013
2223139,114,8,1802,2003,21078.0,0.0,2.4686630000000003,0.48072600000000004,JPN,ARG,9013
2223140,121,8,1802,2003,24279.0,0.0,1.2611709999999998,0.956308,KOR,ARG,9013
2223141,138,8,1802,2003,1550.0,0.0,0.862509,0.756684,MEX,ARG,9013
2223142,153,8,1802,2003,30177.0,0.0,0.728804,0.2168,MYS,ARG,9013
2223143,162,8,1802,2003,85388.0,9553.0,1.168453,1.7085709999999998,NLD,ARG,9013
2223144,173,8,1802,2003,0.0,1696.0,-0.48627,0.371354,PER,ARG,9013
2223145,174,8,1802,2003,4289.0,0.0,-0.065022,-0.195144,PHL,ARG,9013
2223146,179,8,1802,2003,1927.0,0.0,0.471376,1.647303,PRT,ARG,9013
2223147,180,8,1802,2003,0.0,1785.0,-0.607733,-0.8577879999999999,PRY,ARG,9013
2223148,192,8,1802,2003,2297.0,0.0,1.5080799999999999,0.720337,SGP,ARG,9013
2223149,208,8,1802,2003,32475.0,0.0,2.099224,0.799982,SWE,ARG,9013
2223150,223,8,1802,2003,0.0,3496.0,-0.14845999999999998,0.255092,TUN,ARG,9013
2223151,230,8,1802,2003,9245.0,1805.0,0.19792200000000001,0.243104,URY,ARG,9013
2223152,231,8,1802,2003,603589.0,19928.0,1.7789220000000001,0.064028,USA,ARG,9013
2223153,249,8,1802,2003,204382.0,0.0,1.5924040000000002,1.397843,TWN,ARG,9013
2223154,250,8,1802,2003,20233.0,0.0,0.45951499999999995,-0.2312,ANS,ARG,9013
2223155,4,15,1802,2003,0.0,2941.0,-0.053595000000000004,0.166034,ALB,AUT,9013
2223156,5,15,1802,2003,0.0,2929.0,1.0901319999999999,0.618693,AND,AUT,9013
2223157,7,15,1802,2003,0.0,14129.0,0.049637,-0.502691,ARE,AUT,9013
2223158,8,15,1802,2003,0.0,42772.0,0.302073,0.49069700000000005,ARG,AUT,9013
2223159,14,15,1802,2003,74724.0,520219.0,0.316879,0.9409489999999999,AUS,AUT,9013
2223160,18,15,1802,2003,442953.0,518601.0,1.361682,1.39536,BEL,AUT,9013
2223161,23,15,1802,2003,2735.0,147370.0,0.43308599999999997,1.7104099999999998,BGR,AUT,9013
2223162,24,15,1802,2003,754.0,1507.0,-0.10968800000000001,-1.041032,BHR,AUT,9013
2223163,26,15,1802,2003,24970.0,35519.0,0.195667,0.347011,BIH,AUT,9013
2223164,28,15,1802,2003,1801.0,3074.0,0.847358,0.9307719999999999,BLR,AUT,9013
2223165,32,15,1802,2003,0.0,1020.0,0.660576,1.118876,BRA,AUT,9013
2223166,39,15,1802,2003,24458.0,254170.0,0.9791540000000001,1.185081,CAN,AUT,9013
2223167,41,15,1802,2003,1202409.0,1289196.0,2.151037,0.711217,CHE,AUT,9013
2223168,43,15,1802,2003,743243.0,14248.0,0.579431,2.773139,CHN,AUT,9013
2223169,49,15,1802,2003,0.0,993.0,0.218336,0.376869,COL,AUT,9013
2223170,59,15,1802,2003,77452.0,192159.0,1.555749,0.8662059999999999,CZE,AUT,9013
2223171,61,15,1802,2003,15186490.0,5996568.0,2.2821919999999998,-2.0985150000000004,DEU,AUT,9013
2223172,64,15,1802,2003,51360.0,478885.0,1.309564,1.245596,DNK,AUT,9013
2223173,68,15,1802,2003,0.0,4774.0,-0.292923,0.465433,EGY,AUT,9013
2223174,71,15,1802,2003,97314.0,1636326.0,0.960684,2.074792,ESP,AUT,9013
2223175,72,15,1802,2003,0.0,10041.0,0.5913010000000001,0.8489979999999999,EST,AUT,9013
2223176,74,15,1802,2003,6503.0,701409.0,2.077889,0.942501,FIN,AUT,9013
2223177,77,15,1802,2003,206580.0,1768873.0,1.606606,0.7394149999999999,FRA,AUT,9013
2223178,81,15,1802,2003,1786419.0,1256814.0,1.8712540000000002,0.706205,GBR,AUT,9013
2223179,82,15,1802,2003,0.0,1679.0,0.595485,-0.25939,GEO,AUT,9013
2223180,83,15,1802,2003,0.0,1913.0,-1.074188,-0.7127319999999999,GHA,AUT,9013
2223181,90,15,1802,2003,0.0,1959.0,0.364688,1.4823959999999998,GRC,AUT,9013
2223182,97,15,1802,2003,898450.0,54865.0,0.494569,2.147062,HKG,AUT,9013
2223183,100,15,1802,2003,309047.0,250655.0,0.568394,1.230759,HRV,AUT,9013
2223184,102,15,1802,2003,171730.0,279786.0,1.2003270000000001,1.091407,HUN,AUT,9013
2223185,103,15,1802,2003,0.0,5980.0,-0.16802,1.7252990000000001,IDN,AUT,9013
2223186,104,15,1802,2003,1121.0,1995.0,0.33014099999999996,2.836003,IND,AUT,9013
2223187,106,15,1802,2003,0.0,47745.0,1.6396130000000002,0.220599,IRL,AUT,9013
2223188,108,15,1802,2003,0.0,15652.0,-0.398557,-0.774153,IRQ,AUT,9013
2223189,109,15,1802,2003,0.0,1048.0,0.21902800000000003,-0.40818499999999996,ISL,AUT,9013
2223190,110,15,1802,2003,1001254.0,245727.0,1.157809,0.682195,ISR,AUT,9013
2223191,111,15,1802,2003,421773.0,1929998.0,1.399734,1.044608,ITA,AUT,9013
2223192,114,15,1802,2003,2401899.0,681346.0,2.4686630000000003,0.48072600000000004,JPN,AUT,9013
2223193,117,15,1802,2003,0.0,57901.0,0.25359699999999996,0.24101199999999998,KGZ,AUT,9013
2223194,121,15,1802,2003,34970.0,56285.0,1.2611709999999998,0.956308,KOR,AUT,9013
2223195,122,15,1802,2003,3014.0,2092.0,-0.7943640000000001,-1.1529770000000001,KWT,AUT,9013
2223196,124,15,1802,2003,3598.0,1740.0,0.261687,1.053856,LBN,AUT,9013
2223197,130,15,1802,2003,91846.0,35125.0,0.239608,0.517299,LTU,AUT,9013
2223198,131,15,1802,2003,2250.0,71282.0,1.444996,1.063764,LUX,AUT,9013
2223199,132,15,1802,2003,0.0,22188.0,0.520772,0.5631689999999999,LVA,AUT,9013
2223200,138,15,1802,2003,103636.0,25878.0,0.862509,0.756684,MEX,AUT,9013
2223201,140,15,1802,2003,0.0,973.0,-0.017632,0.225394,MKD,AUT,9013
2223202,151,15,1802,2003,0.0,2085.0,-0.361514,-0.29839899999999997,MUS,AUT,9013
2223203,153,15,1802,2003,36859.0,9025.0,0.728804,0.2168,MYS,AUT,9013
2223204,155,15,1802,2003,0.0,7292.0,-0.24004499999999998,-0.39565900000000004,NAM,AUT,9013
2223205,156,15,1802,2003,0.0,29089.0,-0.344934,-0.776632,NCL,AUT,9013
2223206,162,15,1802,2003,262322.0,791993.0,1.168453,1.7085709999999998,NLD,AUT,9013
2223207,163,15,1802,2003,12636.0,519444.0,1.1500620000000001,0.258554,NOR,AUT,9013
2223208,166,15,1802,2003,978.0,66578.0,0.589619,0.997301,NZL,AUT,9013
2223209,177,15,1802,2003,40526.0,182701.0,0.966622,1.664838,POL,AUT,9013
2223210,179,15,1802,2003,0.0,34048.0,0.471376,1.647303,PRT,AUT,9013
2223211,182,15,1802,2003,0.0,2938.0,-0.255707,-0.676557,PYF,AUT,9013
2223212,185,15,1802,2003,1983.0,242159.0,0.378379,1.0064620000000002,ROU,AUT,9013
2223213,186,15,1802,2003,9140.0,611483.0,1.072729,0.338355,RUS,AUT,9013
2223214,188,15,1802,2003,0.0,59557.0,0.202286,-0.714691,SAU,AUT,9013
2223215,189,15,1802,2003,0.0,92685.0,0.575326,1.627894,SCG,AUT,9013
2223216,192,15,1802,2003,146635.0,35809.0,1.5080799999999999,0.720337,SGP,AUT,9013
2223217,206,15,1802,2003,8501.0,21841.0,1.22565,0.915518,SVK,AUT,9013
2223218,207,15,1802,2003,0.0,67853.0,1.6459840000000001,1.014191,SVN,AUT,9013
2223219,208,15,1802,2003,755986.0,1085713.0,2.099224,0.799982,SWE,AUT,9013
2223220,216,15,1802,2003,14815.0,6277.0,0.43010699999999996,1.607408,THA,AUT,9013
2223221,224,15,1802,2003,2800.0,10214.0,0.192802,1.9855060000000002,TUR,AUT,9013
2223222,226,15,1802,2003,0.0,1477.0,-1.225217,-0.43662399999999996,TZA,AUT,9013
2223223,228,15,1802,2003,0.0,90746.0,0.8929389999999999,0.956685,UKR,AUT,9013
2223224,231,15,1802,2003,2226989.0,8193478.0,1.7789220000000001,0.064028,USA,AUT,9013
2223225,232,15,1802,2003,0.0,7517.0,-0.285978,-0.703334,UZB,AUT,9013
2223226,239,15,1802,2003,0.0,22097.0,-0.633985,0.659696,VNM,AUT,9013
2223227,246,15,1802,2003,13108.0,135163.0,0.477987,2.255395,ZAF,AUT,9013
2223228,249,15,1802,2003,45323408.0,21244.0,1.5924040000000002,1.397843,TWN,AUT,9013
2223229,7,18,1802,2003,0.0,159384.0,0.049637,-0.502691,ARE,BEL,9013
2223230,8,18,1802,2003,3609.0,4121.0,0.302073,0.49069700000000005,ARG,BEL,9013
2223231,14,18,1802,2003,29790.0,164806.0,0.316879,0.9409489999999999,AUS,BEL,9013
2223232,15,18,1802,2003,518601.0,442953.0,1.834977,0.408096,AUT,BEL,9013
2223233,19,18,1802,2003,0.0,1066.0,-1.150888,-0.956203,BEN,BEL,9013
2223234,23,18,1802,2003,0.0,970.0,0.43308599999999997,1.7104099999999998,BGR,BEL,9013
2223235,32,18,1802,2003,14324.0,26009.0,0.660576,1.118876,BRA,BEL,9013
2223236,39,18,1802,2003,240373.0,128719.0,0.9791540000000001,1.185081,CAN,BEL,9013
2223237,41,18,1802,2003,735920.0,213203.0,2.151037,0.711217,CHE,BEL,9013
2223238,42,18,1802,2003,11521.0,54739.0,-0.06375900000000001,-0.156808,CHL,BEL,9013
2223239,43,18,1802,2003,701488.0,177017.0,0.579431,2.773139,CHN,BEL,9013
2223240,44,18,1802,2003,0.0,1756.0,-0.699928,-0.723739,CIV,BEL,9013
2223241,46,18,1802,2003,0.0,10923.0,-1.366232,-1.0778860000000001,COD,BEL,9013
2223242,52,18,1802,2003,1255.0,0.0,-0.193904,-0.5049680000000001,CRI,BEL,9013
2223243,58,18,1802,2003,0.0,2193.0,0.259992,0.068914,CYP,BEL,9013
2223244,59,18,1802,2003,130285.0,433806.0,1.555749,0.8662059999999999,CZE,BEL,9013
2223245,61,18,1802,2003,33288409.0,5674329.0,2.2821919999999998,-2.0985150000000004,DEU,BEL,9013
2223246,64,18,1802,2003,810454.0,539914.0,1.309564,1.245596,DNK,BEL,9013
2223247,65,18,1802,2003,1066.0,862.0,-0.46264399999999994,-0.245034,DOM,BEL,9013
2223248,66,18,1802,2003,0.0,15138.0,-1.060727,-1.142594,DZA,BEL,9013
2223249,68,18,1802,2003,0.0,950.0,-0.292923,0.465433,EGY,BEL,9013
2223250,71,18,1802,2003,253135.0,533404.0,0.960684,2.074792,ESP,BEL,9013
2223251,72,18,1802,2003,8633.0,18000.0,0.5913010000000001,0.8489979999999999,EST,BEL,9013
2223252,74,18,1802,2003,5969.0,233155.0,2.077889,0.942501,FIN,BEL,9013
2223253,77,18,1802,2003,4356088.0,2091759.0,1.606606,0.7394149999999999,FRA,BEL,9013
2223254,81,18,1802,2003,3182999.0,1273182.0,1.8712540000000002,0.706205,GBR,BEL,9013
2223255,90,18,1802,2003,9530.0,430413.0,0.364688,1.4823959999999998,GRC,BEL,9013
2223256,92,18,1802,2003,0.0,7438.0,-0.764655,-0.8684200000000001,GRL,BEL,9013
2223257,97,18,1802,2003,199627.0,221848.0,0.494569,2.147062,HKG,BEL,9013
2223258,100,18,1802,2003,0.0,5928.0,0.568394,1.230759,HRV,BEL,9013
2223259,102,18,1802,2003,74549.0,104727.0,1.2003270000000001,1.091407,HUN,BEL,9013
2223260,103,18,1802,2003,2047.0,0.0,-0.16802,1.7252990000000001,IDN,BEL,9013
2223261,104,18,1802,2003,39061.0,5882324.0,0.33014099999999996,2.836003,IND,BEL,9013
2223262,106,18,1802,2003,27812.0,90839.0,1.6396130000000002,0.220599,IRL,BEL,9013
2223263,107,18,1802,2003,0.0,30210.0,-0.552146,-0.8668520000000001,IRN,BEL,9013
2223264,109,18,1802,2003,0.0,26976.0,0.21902800000000003,-0.40818499999999996,ISL,BEL,9013
2223265,110,18,1802,2003,102890.0,166922.0,1.157809,0.682195,ISR,BEL,9013
2223266,111,18,1802,2003,753541.0,2251302.0,1.399734,1.044608,ITA,BEL,9013
2223267,114,18,1802,2003,16062592.0,193356.0,2.4686630000000003,0.48072600000000004,JPN,BEL,9013
2223268,121,18,1802,2003,1455371.0,130213.0,1.2611709999999998,0.956308,KOR,BEL,9013
2223269,122,18,1802,2003,0.0,830198.0,-0.7943640000000001,-1.1529770000000001,KWT,BEL,9013
2223270,130,18,1802,2003,12684.0,3857.0,0.239608,0.517299,LTU,BEL,9013
2223271,131,18,1802,2003,54091.0,227054.0,1.444996,1.063764,LUX,BEL,9013
2223272,132,18,1802,2003,1190.0,3502.0,0.520772,0.5631689999999999,LVA,BEL,9013
2223273,134,18,1802,2003,0.0,1164.0,-0.6842050000000001,-0.217892,MAR,BEL,9013
2223274,138,18,1802,2003,0.0,175591.0,0.862509,0.756684,MEX,BEL,9013
2223275,153,18,1802,2003,62458.0,577051.0,0.728804,0.2168,MYS,BEL,9013
2223276,159,18,1802,2003,0.0,7684.0,-1.859176,-1.234236,NGA,BEL,9013
2223277,162,18,1802,2003,7681735.0,1498276.0,1.168453,1.7085709999999998,NLD,BEL,9013
2223278,163,18,1802,2003,14972.0,224116.0,1.1500620000000001,0.258554,NOR,BEL,9013
2223279,166,18,1802,2003,0.0,2869.0,0.589619,0.997301,NZL,BEL,9013
2223280,173,18,1802,2003,0.0,11423.0,-0.48627,0.371354,PER,BEL,9013
2223281,174,18,1802,2003,72861.0,0.0,-0.065022,-0.195144,PHL,BEL,9013
2223282,177,18,1802,2003,0.0,124732.0,0.966622,1.664838,POL,BEL,9013
2223283,179,18,1802,2003,154231.0,117362.0,0.471376,1.647303,PRT,BEL,9013
2223284,183,18,1802,2003,0.0,8328.0,-0.209042,-1.0565799999999999,QAT,BEL,9013
2223285,185,18,1802,2003,0.0,3478.0,0.378379,1.0064620000000002,ROU,BEL,9013
2223286,186,18,1802,2003,1277.0,26310.0,1.072729,0.338355,RUS,BEL,9013
2223287,188,18,1802,2003,26870.0,61318.0,0.202286,-0.714691,SAU,BEL,9013
2223288,192,18,1802,2003,74754.0,5333.0,1.5080799999999999,0.720337,SGP,BEL,9013
2223289,206,18,1802,2003,9416.0,36790.0,1.22565,0.915518,SVK,BEL,9013
2223290,207,18,1802,2003,3790.0,107384.0,1.6459840000000001,1.014191,SVN,BEL,9013
2223291,208,18,1802,2003,208920.0,582708.0,2.099224,0.799982,SWE,BEL,9013
2223292,216,18,1802,2003,0.0,57998.0,0.43010699999999996,1.607408,THA,BEL,9013
2223293,223,18,1802,2003,0.0,31623.0,-0.14845999999999998,0.255092,TUN,BEL,9013
2223294,224,18,1802,2003,101970.0,13273.0,0.192802,1.9855060000000002,TUR,BEL,9013
2223295,231,18,1802,2003,4325142.0,1205575.0,1.7789220000000001,0.064028,USA,BEL,9013
2223296,236,18,1802,2003,0.0,9781.0,0.277805,-0.783697,VEN,BEL,9013
2223297,246,18,1802,2003,0.0,191237.0,0.477987,2.255395,ZAF,BEL,9013
2223298,249,18,1802,2003,1224801.0,6758.0,1.5924040000000002,1.397843,TWN,BEL,9013
2223299,7,22,1802,2003,1630.0,0.0,0.049637,-0.502691,ARE,BGD,9013
2223300,41,22,1802,2003,223950.0,4044.0,2.151037,0.711217,CHE,BGD,9013
2223301,43,22,1802,2003,21766.0,0.0,0.579431,2.773139,CHN,BGD,9013
2223302,61,22,1802,2003,45282.0,0.0,2.2821919999999998,-2.0985150000000004,DEU,BGD,9013
2223303,81,22,1802,2003,86855.0,0.0,1.8712540000000002,0.706205,GBR,BGD,9013
2223304,111,22,1802,2003,944784.0,0.0,1.399734,1.044608,ITA,BGD,9013
2223305,114,22,1802,2003,14812.0,0.0,2.4686630000000003,0.48072600000000004,JPN,BGD,9013
2223306,192,22,1802,2003,0.0,4722.0,1.5080799999999999,0.720337,SGP,BGD,9013
2223307,231,22,1802,2003,51092.0,0.0,1.7789220000000001,0.064028,USA,BGD,9013
2223308,39,25,1802,2003,33193.0,0.0,0.9791540000000001,1.185081,CAN,BHS,9013
2223309,231,25,1802,2003,658914.0,0.0,1.7789220000000001,0.064028,USA,BHS,9013
2223310,6,32,1802,2003,2304.0,0.0,0.108903,-0.650137,ANT,BRA,9013
2223311,8,32,1802,2003,97623.0,57627.0,0.302073,0.49069700000000005,ARG,BRA,9013
2223312,15,32,1802,2003,1020.0,0.0,1.834977,0.408096,AUT,BRA,9013
2223313,18,32,1802,2003,26009.0,14324.0,1.361682,1.39536,BEL,BRA,9013
2223314,31,32,1802,2003,0.0,1440.0,-0.787995,-0.7228899999999999,BOL,BRA,9013
2223315,39,32,1802,2003,195956.0,4036.0,0.9791540000000001,1.185081,CAN,BRA,9013
2223316,41,32,1802,2003,63391.0,0.0,2.151037,0.711217,CHE,BRA,9013
2223317,42,32,1802,2003,4964.0,1071.0,-0.06375900000000001,-0.156808,CHL,BRA,9013
2223318,43,32,1802,2003,25712785.0,197878.0,0.579431,2.773139,CHN,BRA,9013
2223319,49,32,1802,2003,0.0,3586.0,0.218336,0.376869,COL,BRA,9013
2223320,57,32,1802,2003,28312.0,17028.0,0.308768,-0.690944,CYM,BRA,9013
2223321,59,32,1802,2003,51221.0,4510.0,1.555749,0.8662059999999999,CZE,BRA,9013
2223322,61,32,1802,2003,2151661.0,144681.0,2.2821919999999998,-2.0985150000000004,DEU,BRA,9013
2223323,64,32,1802,2003,55982.0,0.0,1.309564,1.245596,DNK,BRA,9013
2223324,67,32,1802,2003,0.0,4246.0,-0.8689370000000001,-0.889767,ECU,BRA,9013
2223325,71,32,1802,2003,38029.0,0.0,0.960684,2.074792,ESP,BRA,9013
2223326,74,32,1802,2003,7135.0,2071.0,2.077889,0.942501,FIN,BRA,9013
2223327,77,32,1802,2003,946899.0,1524.0,1.606606,0.7394149999999999,FRA,BRA,9013
2223328,81,32,1802,2003,149500.0,0.0,1.8712540000000002,0.706205,GBR,BRA,9013
2223329,90,32,1802,2003,6720.0,0.0,0.364688,1.4823959999999998,GRC,BRA,9013
2223330,97,32,1802,2003,26657878.0,314435.0,0.494569,2.147062,HKG,BRA,9013
2223331,102,32,1802,2003,14483.0,24622.0,1.2003270000000001,1.091407,HUN,BRA,9013
2223332,103,32,1802,2003,35977.0,0.0,-0.16802,1.7252990000000001,IDN,BRA,9013
2223333,106,32,1802,2003,19753.0,0.0,1.6396130000000002,0.220599,IRL,BRA,9013
2223334,110,32,1802,2003,24368.0,0.0,1.157809,0.682195,ISR,BRA,9013
2223335,111,32,1802,2003,145133.0,7004.0,1.399734,1.044608,ITA,BRA,9013
2223336,114,32,1802,2003,1552447.0,3953.0,2.4686630000000003,0.48072600000000004,JPN,BRA,9013
2223337,121,32,1802,2003,7046044.0,201091.0,1.2611709999999998,0.956308,KOR,BRA,9013
2223338,130,32,1802,2003,1009.0,0.0,0.239608,0.517299,LTU,BRA,9013
2223339,138,32,1802,2003,33190.0,35078.0,0.862509,0.756684,MEX,BRA,9013
2223340,142,32,1802,2003,20708.0,3666.0,1.2138149999999999,-0.015687,MLT,BRA,9013
2223341,153,32,1802,2003,975697.0,7286.0,0.728804,0.2168,MYS,BRA,9013
2223342,155,32,1802,2003,16840.0,0.0,-0.24004499999999998,-0.39565900000000004,NAM,BRA,9013
2223343,162,32,1802,2003,58139.0,0.0,1.168453,1.7085709999999998,NLD,BRA,9013
2223344,163,32,1802,2003,32402.0,0.0,1.1500620000000001,0.258554,NOR,BRA,9013
2223345,169,32,1802,2003,8306.0,0.0,-0.050386,-0.039619999999999995,PAN,BRA,9013
2223346,173,32,1802,2003,0.0,6975.0,-0.48627,0.371354,PER,BRA,9013
2223347,174,32,1802,2003,165292.0,0.0,-0.065022,-0.195144,PHL,BRA,9013
2223348,178,32,1802,2003,7789.0,0.0,0.7060420000000001,0.7718,PRK,BRA,9013
2223349,179,32,1802,2003,0.0,4522.0,0.471376,1.647303,PRT,BRA,9013
2223350,186,32,1802,2003,6497.0,0.0,1.072729,0.338355,RUS,BRA,9013
2223351,192,32,1802,2003,213265.0,0.0,1.5080799999999999,0.720337,SGP,BRA,9013
2223352,206,32,1802,2003,0.0,2645.0,1.22565,0.915518,SVK,BRA,9013
2223353,208,32,1802,2003,106000.0,286811.0,2.099224,0.799982,SWE,BRA,9013
2223354,209,32,1802,2003,11141.0,0.0,0.399541,-0.23342600000000002,SWZ,BRA,9013
2223355,216,32,1802,2003,68778.0,0.0,0.43010699999999996,1.607408,THA,BRA,9013
2223356,228,32,1802,2003,3950.0,0.0,0.8929389999999999,0.956685,UKR,BRA,9013
2223357,231,32,1802,2003,4455814.0,873086.0,1.7789220000000001,0.064028,USA,BRA,9013
2223358,237,32,1802,2003,2663.0,0.0,0.685109,-0.20824299999999998,VGB,BRA,9013
2223359,249,32,1802,2003,5625311.0,31362.0,1.5924040000000002,1.397843,TWN,BRA,9013
2223360,61,33,1802,2003,831.0,0.0,2.2821919999999998,-2.0985150000000004,DEU,BRB,9013
2223361,64,33,1802,2003,680.0,0.0,1.309564,1.245596,DNK,BRB,9013
2223362,231,33,1802,2003,12445.0,22372.0,1.7789220000000001,0.064028,USA,BRB,9013
2223363,1,39,1802,2003,3548.0,0.0,-0.421205,-0.602704,AFG,CAN,9013
2223364,4,39,1802,2003,0.0,1222.0,-0.053595000000000004,0.166034,ALB,CAN,9013
2223365,7,39,1802,2003,3398.0,0.0,0.049637,-0.502691,ARE,CAN,9013
2223366,8,39,1802,2003,0.0,1255.0,0.302073,0.49069700000000005,ARG,CAN,9013
2223367,14,39,1802,2003,206024.0,2660350.0,0.316879,0.9409489999999999,AUS,CAN,9013
2223368,15,39,1802,2003,254170.0,24458.0,1.834977,0.408096,AUT,CAN,9013
2223369,18,39,1802,2003,128719.0,240373.0,1.361682,1.39536,BEL,CAN,9013
2223370,23,39,1802,2003,8437.0,0.0,0.43308599999999997,1.7104099999999998,BGR,CAN,9013
2223371,25,39,1802,2003,0.0,33193.0,0.614422,-0.40984,BHS,CAN,9013
2223372,28,39,1802,2003,68705.0,0.0,0.847358,0.9307719999999999,BLR,CAN,9013
2223373,30,39,1802,2003,0.0,43992.0,0.9966459999999999,-0.5183270000000001,BMU,CAN,9013
2223374,32,39,1802,2003,4036.0,195956.0,0.660576,1.118876,BRA,CAN,9013
2223375,41,39,1802,2003,212654.0,138565.0,2.151037,0.711217,CHE,CAN,9013
2223376,42,39,1802,2003,0.0,8288.0,-0.06375900000000001,-0.156808,CHL,CAN,9013
2223377,43,39,1802,2003,10632822.0,4109069.0,0.579431,2.773139,CHN,CAN,9013
2223378,49,39,1802,2003,0.0,534788.0,0.218336,0.376869,COL,CAN,9013
2223379,54,39,1802,2003,0.0,6482.0,-0.391515,-0.8562120000000001,CUB,CAN,9013
2223380,59,39,1802,2003,3828.0,12229.0,1.555749,0.8662059999999999,CZE,CAN,9013
2223381,61,39,1802,2003,3504016.0,4231759.0,2.2821919999999998,-2.0985150000000004,DEU,CAN,9013
2223382,64,39,1802,2003,98237.0,747694.0,1.309564,1.245596,DNK,CAN,9013
2223383,65,39,1802,2003,0.0,4957.0,-0.46264399999999994,-0.245034,DOM,CAN,9013
2223384,67,39,1802,2003,174940.0,0.0,-0.8689370000000001,-0.889767,ECU,CAN,9013
2223385,71,39,1802,2003,11617.0,205918.0,0.960684,2.074792,ESP,CAN,9013
2223386,72,39,1802,2003,86375.0,5158.0,0.5913010000000001,0.8489979999999999,EST,CAN,9013
2223387,74,39,1802,2003,72765.0,99328.0,2.077889,0.942501,FIN,CAN,9013
2223388,77,39,1802,2003,1113651.0,3354850.0,1.606606,0.7394149999999999,FRA,CAN,9013
2223389,81,39,1802,2003,10543418.0,1642469.0,1.8712540000000002,0.706205,GBR,CAN,9013
2223390,96,39,1802,2003,3732.0,0.0,-0.59035,-0.7361340000000001,GUY,CAN,9013
2223391,97,39,1802,2003,2298258.0,1040544.0,0.494569,2.147062,HKG,CAN,9013
2223392,100,39,1802,2003,0.0,1242.0,0.568394,1.230759,HRV,CAN,9013
2223393,102,39,1802,2003,10480.0,133536.0,1.2003270000000001,1.091407,HUN,CAN,9013
2223394,103,39,1802,2003,2624.0,21596.0,-0.16802,1.7252990000000001,IDN,CAN,9013
2223395,104,39,1802,2003,47356.0,36349.0,0.33014099999999996,2.836003,IND,CAN,9013
2223396,106,39,1802,2003,0.0,354364.0,1.6396130000000002,0.220599,IRL,CAN,9013
2223397,109,39,1802,2003,0.0,31909.0,0.21902800000000003,-0.40818499999999996,ISL,CAN,9013
2223398,110,39,1802,2003,101672.0,628167.0,1.157809,0.682195,ISR,CAN,9013
2223399,111,39,1802,2003,296487.0,1263500.0,1.399734,1.044608,ITA,CAN,9013
2223400,112,39,1802,2003,0.0,2552.0,-0.6684140000000001,-0.915817,JAM,CAN,9013
2223401,114,39,1802,2003,7395732.0,3624003.0,2.4686630000000003,0.48072600000000004,JPN,CAN,9013
2223402,121,39,1802,2003,2551614.0,553322.0,1.2611709999999998,0.956308,KOR,CAN,9013
2223403,130,39,1802,2003,5604.0,0.0,0.239608,0.517299,LTU,CAN,9013
2223404,131,39,1802,2003,40440.0,0.0,1.444996,1.063764,LUX,CAN,9013
2223405,132,39,1802,2003,0.0,7815.0,0.520772,0.5631689999999999,LVA,CAN,9013
2223406,138,39,1802,2003,270040.0,85363.0,0.862509,0.756684,MEX,CAN,9013
2223407,153,39,1802,2003,76135.0,46227.0,0.728804,0.2168,MYS,CAN,9013
2223408,157,39,1802,2003,7889.0,0.0,-0.199296,-0.578264,NER,CAN,9013
2223409,162,39,1802,2003,266581.0,1064243.0,1.168453,1.7085709999999998,NLD,CAN,9013
2223410,163,39,1802,2003,2312503.0,2361706.0,1.1500620000000001,0.258554,NOR,CAN,9013
2223411,166,39,1802,2003,37425.0,481144.0,0.589619,0.997301,NZL,CAN,9013
2223412,168,39,1802,2003,0.0,13134.0,-0.6659689999999999,0.137924,PAK,CAN,9013
2223413,174,39,1802,2003,259323.0,54808.0,-0.065022,-0.195144,PHL,CAN,9013
2223414,177,39,1802,2003,2367.0,0.0,0.966622,1.664838,POL,CAN,9013
2223415,178,39,1802,2003,0.0,76623.0,0.7060420000000001,0.7718,PRK,CAN,9013
2223416,179,39,1802,2003,0.0,14308.0,0.471376,1.647303,PRT,CAN,9013
2223417,183,39,1802,2003,0.0,1278.0,-0.209042,-1.0565799999999999,QAT,CAN,9013
2223418,185,39,1802,2003,0.0,3022.0,0.378379,1.0064620000000002,ROU,CAN,9013
2223419,186,39,1802,2003,49726.0,7282.0,1.072729,0.338355,RUS,CAN,9013
2223420,188,39,1802,2003,0.0,798242.0,0.202286,-0.714691,SAU,CAN,9013
2223421,192,39,1802,2003,166498.0,79698.0,1.5080799999999999,0.720337,SGP,CAN,9013
2223422,206,39,1802,2003,0.0,10640.0,1.22565,0.915518,SVK,CAN,9013
2223423,207,39,1802,2003,15500.0,10661.0,1.6459840000000001,1.014191,SVN,CAN,9013
2223424,208,39,1802,2003,92460.0,187839.0,2.099224,0.799982,SWE,CAN,9013
2223425,212,39,1802,2003,0.0,9672.0,-0.868749,-0.326322,SYR,CAN,9013
2223426,216,39,1802,2003,674670.0,1682137.0,0.43010699999999996,1.607408,THA,CAN,9013
2223427,222,39,1802,2003,0.0,4118.0,-0.16738,-0.9820969999999999,TTO,CAN,9013
2223428,224,39,1802,2003,5929.0,36705.0,0.192802,1.9855060000000002,TUR,CAN,9013
2223429,228,39,1802,2003,16788.0,0.0,0.8929389999999999,0.956685,UKR,CAN,9013
2223430,231,39,1802,2003,88926505.0,59990490.0,1.7789220000000001,0.064028,USA,CAN,9013
2223431,236,39,1802,2003,0.0,1528.0,0.277805,-0.783697,VEN,CAN,9013
2223432,246,39,1802,2003,0.0,17472.0,0.477987,2.255395,ZAF,CAN,9013
2223433,249,39,1802,2003,2914535.0,135833.0,1.5924040000000002,1.397843,TWN,CAN,9013
2223434,4,41,1802,2003,0.0,1840.0,-0.053595000000000004,0.166034,ALB,CHE,9013
2223435,7,41,1802,2003,16276.0,20620.0,0.049637,-0.502691,ARE,CHE,9013
2223436,8,41,1802,2003,6121.0,3453.0,0.302073,0.49069700000000005,ARG,CHE,9013
2223437,14,41,1802,2003,205383.0,326004.0,0.316879,0.9409489999999999,AUS,CHE,9013
2223438,15,41,1802,2003,1289196.0,1202409.0,1.834977,0.408096,AUT,CHE,9013
2223439,18,41,1802,2003,213203.0,735920.0,1.361682,1.39536,BEL,CHE,9013
2223440,22,41,1802,2003,4044.0,223950.0,-1.168404,-1.035782,BGD,CHE,9013
2223441,23,41,1802,2003,10074.0,8994.0,0.43308599999999997,1.7104099999999998,BGR,CHE,9013
2223442,28,41,1802,2003,1555.0,0.0,0.847358,0.9307719999999999,BLR,CHE,9013
2223443,32,41,1802,2003,0.0,63391.0,0.660576,1.118876,BRA,CHE,9013
2223444,39,41,1802,2003,138565.0,212654.0,0.9791540000000001,1.185081,CAN,CHE,9013
2223445,42,41,1802,2003,8784.0,3026.0,-0.06375900000000001,-0.156808,CHL,CHE,9013
2223446,43,41,1802,2003,513734.0,1387639.0,0.579431,2.773139,CHN,CHE,9013
2223447,45,41,1802,2003,0.0,1229.0,-1.254788,-1.10897,CMR,CHE,9013
2223448,49,41,1802,2003,0.0,1470.0,0.218336,0.376869,COL,CHE,9013
2223449,54,41,1802,2003,0.0,6503.0,-0.391515,-0.8562120000000001,CUB,CHE,9013
2223450,58,41,1802,2003,0.0,29265.0,0.259992,0.068914,CYP,CHE,9013
2223451,59,41,1802,2003,191000.0,453515.0,1.555749,0.8662059999999999,CZE,CHE,9013
2223452,61,41,1802,2003,101594029.0,23235109.0,2.2821919999999998,-2.0985150000000004,DEU,CHE,9013
2223453,64,41,1802,2003,71554.0,223087.0,1.309564,1.245596,DNK,CHE,9013
2223454,66,41,1802,2003,0.0,301158.0,-1.060727,-1.142594,DZA,CHE,9013
2223455,67,41,1802,2003,0.0,1615.0,-0.8689370000000001,-0.889767,ECU,CHE,9013
2223456,68,41,1802,2003,527.0,17018.0,-0.292923,0.465433,EGY,CHE,9013
2223457,71,41,1802,2003,347172.0,447802.0,0.960684,2.074792,ESP,CHE,9013
2223458,72,41,1802,2003,0.0,23935.0,0.5913010000000001,0.8489979999999999,EST,CHE,9013
2223459,74,41,1802,2003,25944.0,5105480.0,2.077889,0.942501,FIN,CHE,9013
2223460,77,41,1802,2003,1842986.0,8057087.0,1.606606,0.7394149999999999,FRA,CHE,9013
2223461,81,41,1802,2003,2178188.0,1224052.0,1.8712540000000002,0.706205,GBR,CHE,9013
2223462,83,41,1802,2003,0.0,653.0,-1.074188,-0.7127319999999999,GHA,CHE,9013
2223463,90,41,1802,2003,2961.0,150345.0,0.364688,1.4823959999999998,GRC,CHE,9013
2223464,92,41,1802,2003,0.0,743.0,-0.764655,-0.8684200000000001,GRL,CHE,9013
2223465,97,41,1802,2003,2650147.0,346651.0,0.494569,2.147062,HKG,CHE,9013
2223466,100,41,1802,2003,38063.0,114612.0,0.568394,1.230759,HRV,CHE,9013
2223467,102,41,1802,2003,60643.0,40224.0,1.2003270000000001,1.091407,HUN,CHE,9013
2223468,103,41,1802,2003,0.0,97918.0,-0.16802,1.7252990000000001,IDN,CHE,9013
2223469,104,41,1802,2003,10108.0,46959.0,0.33014099999999996,2.836003,IND,CHE,9013
2223470,106,41,1802,2003,18610.0,68397.0,1.6396130000000002,0.220599,IRL,CHE,9013
2223471,107,41,1802,2003,0.0,15177.0,-0.552146,-0.8668520000000001,IRN,CHE,9013
2223472,109,41,1802,2003,0.0,2653.0,0.21902800000000003,-0.40818499999999996,ISL,CHE,9013
2223473,110,41,1802,2003,32550.0,184988.0,1.157809,0.682195,ISR,CHE,9013
2223474,111,41,1802,2003,2599252.0,3598125.0,1.399734,1.044608,ITA,CHE,9013
2223475,114,41,1802,2003,2484878.0,1296545.0,2.4686630000000003,0.48072600000000004,JPN,CHE,9013
2223476,115,41,1802,2003,0.0,1300.0,-0.156326,-0.62092,KAZ,CHE,9013
2223477,116,41,1802,2003,6161.0,0.0,-0.3531,0.582992,KEN,CHE,9013
2223478,121,41,1802,2003,114653.0,326431.0,1.2611709999999998,0.956308,KOR,CHE,9013
2223479,122,41,1802,2003,2107.0,17209.0,-0.7943640000000001,-1.1529770000000001,KWT,CHE,9013
2223480,126,41,1802,2003,0.0,2604.0,-0.36075999999999997,-1.110575,LBY,CHE,9013
2223481,128,41,1802,2003,0.0,4737.0,-0.618057,0.101931,LKA,CHE,9013
2223482,130,41,1802,2003,5583.0,27155.0,0.239608,0.517299,LTU,CHE,9013
2223483,131,41,1802,2003,16934.0,66703.0,1.444996,1.063764,LUX,CHE,9013
2223484,132,41,1802,2003,0.0,11579.0,0.520772,0.5631689999999999,LVA,CHE,9013
2223485,134,41,1802,2003,0.0,804.0,-0.6842050000000001,-0.217892,MAR,CHE,9013
2223486,138,41,1802,2003,20788.0,19575.0,0.862509,0.756684,MEX,CHE,9013
2223487,148,41,1802,2003,0.0,50811.0,-1.069232,-1.184061,MRT,CHE,9013
2223488,153,41,1802,2003,21023.0,99299.0,0.728804,0.2168,MYS,CHE,9013
2223489,159,41,1802,2003,0.0,2403.0,-1.859176,-1.234236,NGA,CHE,9013
2223490,162,41,1802,2003,1309302.0,612119.0,1.168453,1.7085709999999998,NLD,CHE,9013
2223491,163,41,1802,2003,721036.0,156035.0,1.1500620000000001,0.258554,NOR,CHE,9013
2223492,166,41,1802,2003,3778.0,161303.0,0.589619,0.997301,NZL,CHE,9013
2223493,167,41,1802,2003,0.0,1226.0,-1.434873,-1.188123,OMN,CHE,9013
2223494,174,41,1802,2003,0.0,58869.0,-0.065022,-0.195144,PHL,CHE,9013
2223495,177,41,1802,2003,11868.0,49992.0,0.966622,1.664838,POL,CHE,9013
2223496,179,41,1802,2003,0.0,87981.0,0.471376,1.647303,PRT,CHE,9013
2223497,185,41,1802,2003,0.0,15522.0,0.378379,1.0064620000000002,ROU,CHE,9013
2223498,186,41,1802,2003,148814.0,71221.0,1.072729,0.338355,RUS,CHE,9013
2223499,188,41,1802,2003,0.0,221468.0,0.202286,-0.714691,SAU,CHE,9013
2223500,189,41,1802,2003,11449.0,1085.0,0.575326,1.627894,SCG,CHE,9013
2223501,190,41,1802,2003,0.0,86974.0,-1.3535059999999999,-1.1701409999999999,SDN,CHE,9013
2223502,192,41,1802,2003,143051.0,577729.0,1.5080799999999999,0.720337,SGP,CHE,9013
2223503,206,41,1802,2003,18115.0,28766.0,1.22565,0.915518,SVK,CHE,9013
2223504,207,41,1802,2003,5966.0,104660.0,1.6459840000000001,1.014191,SVN,CHE,9013
2223505,208,41,1802,2003,5755473.0,4369611.0,2.099224,0.799982,SWE,CHE,9013
2223506,216,41,1802,2003,212429.0,202065.0,0.43010699999999996,1.607408,THA,CHE,9013
2223507,223,41,1802,2003,0.0,9049.0,-0.14845999999999998,0.255092,TUN,CHE,9013
2223508,224,41,1802,2003,6431.0,31175.0,0.192802,1.9855060000000002,TUR,CHE,9013
2223509,231,41,1802,2003,4993147.0,8552167.0,1.7789220000000001,0.064028,USA,CHE,9013
2223510,239,41,1802,2003,0.0,3684.0,-0.633985,0.659696,VNM,CHE,9013
2223511,246,41,1802,2003,2523.0,76522.0,0.477987,2.255395,ZAF,CHE,9013
2223512,249,41,1802,2003,4361148.0,559343.0,1.5924040000000002,1.397843,TWN,CHE,9013
2223513,8,42,1802,2003,1659.0,0.0,0.302073,0.49069700000000005,ARG,CHL,9013
2223514,18,42,1802,2003,54739.0,11521.0,1.361682,1.39536,BEL,CHL,9013
2223515,31,42,1802,2003,0.0,14723.0,-0.787995,-0.7228899999999999,BOL,CHL,9013
2223516,32,42,1802,2003,1071.0,4964.0,0.660576,1.118876,BRA,CHL,9013
2223517,39,42,1802,2003,8288.0,0.0,0.9791540000000001,1.185081,CAN,CHL,9013
2223518,41,42,1802,2003,3026.0,8784.0,2.151037,0.711217,CHE,CHL,9013
2223519,43,42,1802,2003,173736.0,0.0,0.579431,2.773139,CHN,CHL,9013
2223520,59,42,1802,2003,1813.0,0.0,1.555749,0.8662059999999999,CZE,CHL,9013
2223521,61,42,1802,2003,807438.0,22892.0,2.2821919999999998,-2.0985150000000004,DEU,CHL,9013
2223522,64,42,1802,2003,8364.0,0.0,1.309564,1.245596,DNK,CHL,9013
2223523,71,42,1802,2003,20899.0,0.0,0.960684,2.074792,ESP,CHL,9013
2223524,77,42,1802,2003,87279.0,0.0,1.606606,0.7394149999999999,FRA,CHL,9013
2223525,81,42,1802,2003,5748.0,0.0,1.8712540000000002,0.706205,GBR,CHL,9013
2223526,97,42,1802,2003,12167.0,0.0,0.494569,2.147062,HKG,CHL,9013
2223527,104,42,1802,2003,6874.0,0.0,0.33014099999999996,2.836003,IND,CHL,9013
2223528,111,42,1802,2003,78812.0,0.0,1.399734,1.044608,ITA,CHL,9013
2223529,114,42,1802,2003,12377.0,0.0,2.4686630000000003,0.48072600000000004,JPN,CHL,9013
2223530,121,42,1802,2003,7223.0,356414.0,1.2611709999999998,0.956308,KOR,CHL,9013
2223531,138,42,1802,2003,1344.0,0.0,0.862509,0.756684,MEX,CHL,9013
2223532,166,42,1802,2003,8033.0,0.0,0.589619,0.997301,NZL,CHL,9013
2223533,173,42,1802,2003,0.0,6169.0,-0.48627,0.371354,PER,CHL,9013
2223534,208,42,1802,2003,12101.0,2263.0,2.099224,0.799982,SWE,CHL,9013
2223535,231,42,1802,2003,1956786.0,24155.0,1.7789220000000001,0.064028,USA,CHL,9013
2223536,236,42,1802,2003,1984.0,0.0,0.277805,-0.783697,VEN,CHL,9013
2223537,249,42,1802,2003,24301.0,0.0,1.5924040000000002,1.397843,TWN,CHL,9013
2223538,250,42,1802,2003,9277.0,0.0,0.45951499999999995,-0.2312,ANS,CHL,9013
2223539,4,43,1802,2003,0.0,20773.0,-0.053595000000000004,0.166034,ALB,CHN,9013
2223540,5,43,1802,2003,0.0,174.0,1.0901319999999999,0.618693,AND,CHN,9013
2223541,7,43,1802,2003,0.0,1426812.0,0.049637,-0.502691,ARE,CHN,9013
2223542,8,43,1802,2003,0.0,226741.0,0.302073,0.49069700000000005,ARG,CHN,9013
2223543,14,43,1802,2003,97042.0,1159849.0,0.316879,0.9409489999999999,AUS,CHN,9013
2223544,15,43,1802,2003,14248.0,743243.0,1.834977,0.408096,AUT,CHN,9013
2223545,18,43,1802,2003,177017.0,701488.0,1.361682,1.39536,BEL,CHN,9013
2223546,22,43,1802,2003,0.0,21766.0,-1.168404,-1.035782,BGD,CHN,9013
2223547,23,43,1802,2003,7962.0,126713.0,0.43308599999999997,1.7104099999999998,BGR,CHN,9013
2223548,28,43,1802,2003,27855.0,3233.0,0.847358,0.9307719999999999,BLR,CHN,9013
2223549,30,43,1802,2003,0.0,3800.0,0.9966459999999999,-0.5183270000000001,BMU,CHN,9013
2223550,31,43,1802,2003,0.0,952.0,-0.787995,-0.7228899999999999,BOL,CHN,9013
2223551,32,43,1802,2003,197878.0,25712785.0,0.660576,1.118876,BRA,CHN,9013
2223552,34,43,1802,2003,0.0,756.0,-1.342738,-0.978633,BRN,CHN,9013
2223553,39,43,1802,2003,4109069.0,10632822.0,0.9791540000000001,1.185081,CAN,CHN,9013
2223554,41,43,1802,2003,1387639.0,513734.0,2.151037,0.711217,CHE,CHN,9013
2223555,42,43,1802,2003,0.0,173736.0,-0.06375900000000001,-0.156808,CHL,CHN,9013
2223556,45,43,1802,2003,0.0,5513.0,-1.254788,-1.10897,CMR,CHN,9013
2223557,49,43,1802,2003,0.0,67804.0,0.218336,0.376869,COL,CHN,9013
2223558,52,43,1802,2003,0.0,10891.0,-0.193904,-0.5049680000000001,CRI,CHN,9013
2223559,54,43,1802,2003,0.0,20835.0,-0.391515,-0.8562120000000001,CUB,CHN,9013
2223560,58,43,1802,2003,0.0,21393.0,0.259992,0.068914,CYP,CHN,9013
2223561,59,43,1802,2003,150843.0,249655.0,1.555749,0.8662059999999999,CZE,CHN,9013
2223562,61,43,1802,2003,24971854.0,46572975.0,2.2821919999999998,-2.0985150000000004,DEU,CHN,9013
2223563,64,43,1802,2003,57731.0,308658.0,1.309564,1.245596,DNK,CHN,9013
2223564,65,43,1802,2003,0.0,3502.0,-0.46264399999999994,-0.245034,DOM,CHN,9013
2223565,66,43,1802,2003,0.0,46892.0,-1.060727,-1.142594,DZA,CHN,9013
2223566,67,43,1802,2003,0.0,30373.0,-0.8689370000000001,-0.889767,ECU,CHN,9013
2223567,68,43,1802,2003,0.0,261704.0,-0.292923,0.465433,EGY,CHN,9013
2223568,71,43,1802,2003,52211.0,3110413.0,0.960684,2.074792,ESP,CHN,9013
2223569,72,43,1802,2003,234154.0,56004.0,0.5913010000000001,0.8489979999999999,EST,CHN,9013
2223570,73,43,1802,2003,0.0,1086.0,-1.1145559999999999,-0.9599620000000001,ETH,CHN,9013
2223571,74,43,1802,2003,807523.0,692098.0,2.077889,0.942501,FIN,CHN,9013
2223572,77,43,1802,2003,621769.0,34176701.0,1.606606,0.7394149999999999,FRA,CHN,9013
2223573,78,43,1802,2003,0.0,2345.0,-0.46422299999999994,-0.8072050000000001,FRO,CHN,9013
2223574,81,43,1802,2003,1562014.0,19229014.0,1.8712540000000002,0.706205,GBR,CHN,9013
2223575,90,43,1802,2003,0.0,211983.0,0.364688,1.4823959999999998,GRC,CHN,9013
2223576,92,43,1802,2003,0.0,2610.0,-0.764655,-0.8684200000000001,GRL,CHN,9013
2223577,93,43,1802,2003,0.0,9813.0,-0.444162,0.145319,GTM,CHN,9013
2223578,97,43,1802,2003,202055712.0,1159809009.0,0.494569,2.147062,HKG,CHN,9013
2223579,100,43,1802,2003,0.0,23533.0,0.568394,1.230759,HRV,CHN,9013
2223580,102,43,1802,2003,0.0,430384.0,1.2003270000000001,1.091407,HUN,CHN,9013
2223581,103,43,1802,2003,10830522.0,1091813.0,-0.16802,1.7252990000000001,IDN,CHN,9013
2223582,104,43,1802,2003,4514.0,2502036.0,0.33014099999999996,2.836003,IND,CHN,9013
2223583,106,43,1802,2003,152341.0,9565712.0,1.6396130000000002,0.220599,IRL,CHN,9013
2223584,107,43,1802,2003,0.0,340809.0,-0.552146,-0.8668520000000001,IRN,CHN,9013
2223585,109,43,1802,2003,0.0,5970.0,0.21902800000000003,-0.40818499999999996,ISL,CHN,9013
2223586,110,43,1802,2003,754594.0,845579.0,1.157809,0.682195,ISR,CHN,9013
2223587,111,43,1802,2003,601682.0,5651130.0,1.399734,1.044608,ITA,CHN,9013
2223588,113,43,1802,2003,0.0,202754.0,0.12295,0.377031,JOR,CHN,9013
2223589,114,43,1802,2003,1391137386.0,423975709.0,2.4686630000000003,0.48072600000000004,JPN,CHN,9013
2223590,115,43,1802,2003,0.0,16579.0,-0.156326,-0.62092,KAZ,CHN,9013
2223591,116,43,1802,2003,0.0,2157.0,-0.3531,0.582992,KEN,CHN,9013
2223592,121,43,1802,2003,1312856089.0,330467526.0,1.2611709999999998,0.956308,KOR,CHN,9013
2223593,122,43,1802,2003,0.0,24487.0,-0.7943640000000001,-1.1529770000000001,KWT,CHN,9013
2223594,124,43,1802,2003,0.0,37738.0,0.261687,1.053856,LBN,CHN,9013
2223595,128,43,1802,2003,0.0,2860.0,-0.618057,0.101931,LKA,CHN,9013
2223596,130,43,1802,2003,51806.0,40902.0,0.239608,0.517299,LTU,CHN,9013
2223597,131,43,1802,2003,16914.0,0.0,1.444996,1.063764,LUX,CHN,9013
2223598,132,43,1802,2003,0.0,26348.0,0.520772,0.5631689999999999,LVA,CHN,9013
2223599,133,43,1802,2003,11213.0,386324.0,-0.294516,-0.413828,MAC,CHN,9013
2223600,134,43,1802,2003,0.0,93169.0,-0.6842050000000001,-0.217892,MAR,CHN,9013
2223601,135,43,1802,2003,0.0,9640.0,-0.005154,-0.26107199999999997,MDA,CHN,9013
2223602,138,43,1802,2003,319377.0,27690497.0,0.862509,0.756684,MEX,CHN,9013
2223603,142,43,1802,2003,0.0,2859.0,1.2138149999999999,-0.015687,MLT,CHN,9013
2223604,151,43,1802,2003,0.0,866.0,-0.361514,-0.29839899999999997,MUS,CHN,9013
2223605,153,43,1802,2003,37567515.0,66779257.0,0.728804,0.2168,MYS,CHN,9013
2223606,156,43,1802,2003,0.0,4201.0,-0.344934,-0.776632,NCL,CHN,9013
2223607,159,43,1802,2003,0.0,13184.0,-1.859176,-1.234236,NGA,CHN,9013
2223608,160,43,1802,2003,0.0,1308.0,-0.8661459999999999,-0.8661690000000001,NIC,CHN,9013
2223609,162,43,1802,2003,609130.0,4032791.0,1.168453,1.7085709999999998,NLD,CHN,9013
2223610,163,43,1802,2003,3072.0,194856.0,1.1500620000000001,0.258554,NOR,CHN,9013
2223611,166,43,1802,2003,0.0,373778.0,0.589619,0.997301,NZL,CHN,9013
2223612,168,43,1802,2003,0.0,47144.0,-0.6659689999999999,0.137924,PAK,CHN,9013
2223613,169,43,1802,2003,0.0,189293.0,-0.050386,-0.039619999999999995,PAN,CHN,9013
2223614,173,43,1802,2003,0.0,76314.0,-0.48627,0.371354,PER,CHN,9013
2223615,174,43,1802,2003,97493569.0,22313705.0,-0.065022,-0.195144,PHL,CHN,9013
2223616,177,43,1802,2003,64650.0,517609.0,0.966622,1.664838,POL,CHN,9013
2223617,179,43,1802,2003,0.0,1810393.0,0.471376,1.647303,PRT,CHN,9013
2223618,180,43,1802,2003,0.0,48427.0,-0.607733,-0.8577879999999999,PRY,CHN,9013
2223619,182,43,1802,2003,0.0,1362.0,-0.255707,-0.676557,PYF,CHN,9013
2223620,183,43,1802,2003,0.0,6264.0,-0.209042,-1.0565799999999999,QAT,CHN,9013
2223621,185,43,1802,2003,0.0,374407.0,0.378379,1.0064620000000002,ROU,CHN,9013
2223622,186,43,1802,2003,738854.0,346248.0,1.072729,0.338355,RUS,CHN,9013
2223623,188,43,1802,2003,0.0,95910.0,0.202286,-0.714691,SAU,CHN,9013
2223624,189,43,1802,2003,0.0,6074.0,0.575326,1.627894,SCG,CHN,9013
2223625,190,43,1802,2003,0.0,237293.0,-1.3535059999999999,-1.1701409999999999,SDN,CHN,9013
2223626,192,43,1802,2003,7830327.0,44230997.0,1.5080799999999999,0.720337,SGP,CHN,9013
2223627,197,43,1802,2003,0.0,1712.0,-0.251357,-0.189917,SLV,CHN,9013
2223628,206,43,1802,2003,0.0,30442.0,1.22565,0.915518,SVK,CHN,9013
2223629,207,43,1802,2003,0.0,23723.0,1.6459840000000001,1.014191,SVN,CHN,9013
2223630,208,43,1802,2003,259835.0,208063.0,2.099224,0.799982,SWE,CHN,9013
2223631,212,43,1802,2003,0.0,47935.0,-0.868749,-0.326322,SYR,CHN,9013
2223632,216,43,1802,2003,8876714.0,51528904.0,0.43010699999999996,1.607408,THA,CHN,9013
2223633,222,43,1802,2003,0.0,1861.0,-0.16738,-0.9820969999999999,TTO,CHN,9013
2223634,223,43,1802,2003,0.0,1248.0,-0.14845999999999998,0.255092,TUN,CHN,9013
2223635,224,43,1802,2003,0.0,1009434.0,0.192802,1.9855060000000002,TUR,CHN,9013
2223636,228,43,1802,2003,28465.0,125445.0,0.8929389999999999,0.956685,UKR,CHN,9013
2223637,230,43,1802,2003,0.0,5962.0,0.19792200000000001,0.243104,URY,CHN,9013
2223638,231,43,1802,2003,36509257.0,100756109.0,1.7789220000000001,0.064028,USA,CHN,9013
2223639,236,43,1802,2003,34410.0,9082.0,0.277805,-0.783697,VEN,CHN,9013
2223640,239,43,1802,2003,200055.0,122452.0,-0.633985,0.659696,VNM,CHN,9013
2223641,246,43,1802,2003,155024.0,532220.0,0.477987,2.255395,ZAF,CHN,9013
2223642,249,43,1802,2003,3778476194.0,331617733.0,1.5924040000000002,1.397843,TWN,CHN,9013
2223643,250,43,1802,2003,25682.0,0.0,0.45951499999999995,-0.2312,ANS,CHN,9013
2223644,8,49,1802,2003,12173.0,0.0,0.302073,0.49069700000000005,ARG,COL,9013
2223645,14,49,1802,2003,17744.0,0.0,0.316879,0.9409489999999999,AUS,COL,9013
2223646,15,49,1802,2003,993.0,0.0,1.834977,0.408096,AUT,COL,9013
2223647,32,49,1802,2003,3586.0,0.0,0.660576,1.118876,BRA,COL,9013
2223648,39,49,1802,2003,534788.0,0.0,0.9791540000000001,1.185081,CAN,COL,9013
2223649,41,49,1802,2003,1470.0,0.0,2.151037,0.711217,CHE,COL,9013
2223650,43,49,1802,2003,67804.0,0.0,0.579431,2.773139,CHN,COL,9013
2223651,52,49,1802,2003,0.0,1494.0,-0.193904,-0.5049680000000001,CRI,COL,9013
2223652,61,49,1802,2003,59176.0,13476.0,2.2821919999999998,-2.0985150000000004,DEU,COL,9013
2223653,71,49,1802,2003,16720.0,0.0,0.960684,2.074792,ESP,COL,9013
2223654,77,49,1802,2003,101317.0,0.0,1.606606,0.7394149999999999,FRA,COL,9013
2223655,81,49,1802,2003,114132.0,0.0,1.8712540000000002,0.706205,GBR,COL,9013
2223656,97,49,1802,2003,15388.0,6254.0,0.494569,2.147062,HKG,COL,9013
2223657,102,49,1802,2003,1509.0,0.0,1.2003270000000001,1.091407,HUN,COL,9013
2223658,106,49,1802,2003,822.0,0.0,1.6396130000000002,0.220599,IRL,COL,9013
2223659,110,49,1802,2003,810465.0,0.0,1.157809,0.682195,ISR,COL,9013
2223660,111,49,1802,2003,6615.0,3244.0,1.399734,1.044608,ITA,COL,9013
2223661,114,49,1802,2003,47291.0,0.0,2.4686630000000003,0.48072600000000004,JPN,COL,9013
2223662,121,49,1802,2003,5951.0,0.0,1.2611709999999998,0.956308,KOR,COL,9013
2223663,138,49,1802,2003,4146.0,0.0,0.862509,0.756684,MEX,COL,9013
2223664,162,49,1802,2003,17148.0,0.0,1.168453,1.7085709999999998,NLD,COL,9013
2223665,192,49,1802,2003,1690.0,0.0,1.5080799999999999,0.720337,SGP,COL,9013
2223666,231,49,1802,2003,3786521.0,31149.0,1.7789220000000001,0.064028,USA,COL,9013
2223667,249,49,1802,2003,15796.0,0.0,1.5924040000000002,1.397843,TWN,COL,9013
2223668,250,49,1802,2003,121838.0,0.0,0.45951499999999995,-0.2312,ANS,COL,9013
2223669,18,52,1802,2003,0.0,1255.0,1.361682,1.39536,BEL,CRI,9013
2223670,43,52,1802,2003,10891.0,0.0,0.579431,2.773139,CHN,CRI,9013
2223671,49,52,1802,2003,1494.0,0.0,0.218336,0.376869,COL,CRI,9013
2223672,59,52,1802,2003,0.0,867.0,1.555749,0.8662059999999999,CZE,CRI,9013
2223673,61,52,1802,2003,72652.0,0.0,2.2821919999999998,-2.0985150000000004,DEU,CRI,9013
2223674,64,52,1802,2003,0.0,15367.0,1.309564,1.245596,DNK,CRI,9013
2223675,71,52,1802,2003,8220.0,0.0,0.960684,2.074792,ESP,CRI,9013
2223676,77,52,1802,2003,0.0,55112.0,1.606606,0.7394149999999999,FRA,CRI,9013
2223677,93,52,1802,2003,2258.0,0.0,-0.444162,0.145319,GTM,CRI,9013
2223678,97,52,1802,2003,4407.0,0.0,0.494569,2.147062,HKG,CRI,9013
2223679,110,52,1802,2003,3057.0,1875.0,1.157809,0.682195,ISR,CRI,9013
2223680,111,52,1802,2003,5866.0,159697.0,1.399734,1.044608,ITA,CRI,9013
2223681,114,52,1802,2003,1463.0,20979.0,2.4686630000000003,0.48072600000000004,JPN,CRI,9013
2223682,121,52,1802,2003,1124.0,12060.0,1.2611709999999998,0.956308,KOR,CRI,9013
2223683,138,52,1802,2003,9793.0,4834.0,0.862509,0.756684,MEX,CRI,9013
2223684,197,52,1802,2003,0.0,1109.0,-0.251357,-0.189917,SLV,CRI,9013
2223685,207,52,1802,2003,0.0,18121.0,1.6459840000000001,1.014191,SVN,CRI,9013
2223686,208,52,1802,2003,2560.0,0.0,2.099224,0.799982,SWE,CRI,9013
2223687,231,52,1802,2003,415746.0,778190.0,1.7789220000000001,0.064028,USA,CRI,9013
2223688,236,52,1802,2003,7135.0,0.0,0.277805,-0.783697,VEN,CRI,9013
2223689,249,52,1802,2003,1775.0,0.0,1.5924040000000002,1.397843,TWN,CRI,9013
2223690,28,54,1802,2003,5549.0,0.0,0.847358,0.9307719999999999,BLR,CUB,9013
2223691,39,54,1802,2003,6482.0,0.0,0.9791540000000001,1.185081,CAN,CUB,9013
2223692,41,54,1802,2003,6503.0,0.0,2.151037,0.711217,CHE,CUB,9013
2223693,43,54,1802,2003,20835.0,0.0,0.579431,2.773139,CHN,CUB,9013
2223694,61,54,1802,2003,22099.0,0.0,2.2821919999999998,-2.0985150000000004,DEU,CUB,9013
2223695,71,54,1802,2003,80738.0,0.0,0.960684,2.074792,ESP,CUB,9013
2223696,77,54,1802,2003,1849.0,1973.0,1.606606,0.7394149999999999,FRA,CUB,9013
2223697,111,54,1802,2003,117866.0,0.0,1.399734,1.044608,ITA,CUB,9013
2223698,121,54,1802,2003,2255.0,0.0,1.2611709999999998,0.956308,KOR,CUB,9013
2223699,138,54,1802,2003,4700.0,0.0,0.862509,0.756684,MEX,CUB,9013
2223700,169,54,1802,2003,130030.0,0.0,-0.050386,-0.039619999999999995,PAN,CUB,9013
2223701,186,54,1802,2003,71047.0,0.0,1.072729,0.338355,RUS,CUB,9013
2223702,0,61,1802,2003,0.0,1011.0,-0.13006600000000001,-0.783431,ABW,DEU,9013
2223703,1,61,1802,2003,135864.0,0.0,-0.421205,-0.602704,AFG,DEU,9013
2223704,3,61,1802,2003,0.0,4907.0,1.159575,-0.060911,AIA,DEU,9013
2223705,4,61,1802,2003,0.0,3646.0,-0.053595000000000004,0.166034,ALB,DEU,9013
2223706,5,61,1802,2003,0.0,100273.0,1.0901319999999999,0.618693,AND,DEU,9013
2223707,6,61,1802,2003,0.0,2018.0,0.108903,-0.650137,ANT,DEU,9013
2223708,7,61,1802,2003,747545.0,3431705.0,0.049637,-0.502691,ARE,DEU,9013
2223709,8,61,1802,2003,1556.0,240586.0,0.302073,0.49069700000000005,ARG,DEU,9013
2223710,9,61,1802,2003,774.0,130221.0,0.497521,-0.305788,ARM,DEU,9013
2223711,14,61,1802,2003,944289.0,4034435.0,0.316879,0.9409489999999999,AUS,DEU,9013
2223712,15,61,1802,2003,5996568.0,15186490.0,1.834977,0.408096,AUT,DEU,9013
2223713,16,61,1802,2003,0.0,5654.0,-0.304606,-0.975453,AZE,DEU,9013
2223714,18,61,1802,2003,5674329.0,33288409.0,1.361682,1.39536,BEL,DEU,9013
2223715,22,61,1802,2003,0.0,45282.0,-1.168404,-1.035782,BGD,DEU,9013
2223716,23,61,1802,2003,81868.0,717862.0,0.43308599999999997,1.7104099999999998,BGR,DEU,9013
2223717,24,61,1802,2003,0.0,222768.0,-0.10968800000000001,-1.041032,BHR,DEU,9013
2223718,26,61,1802,2003,0.0,46905.0,0.195667,0.347011,BIH,DEU,9013
2223719,28,61,1802,2003,104544.0,170144.0,0.847358,0.9307719999999999,BLR,DEU,9013
2223720,31,61,1802,2003,0.0,3441.0,-0.787995,-0.7228899999999999,BOL,DEU,9013
2223721,32,61,1802,2003,144681.0,2151661.0,0.660576,1.118876,BRA,DEU,9013
2223722,33,61,1802,2003,0.0,831.0,0.744166,0.074191,BRB,DEU,9013
2223723,37,61,1802,2003,0.0,511.0,-0.517317,-1.1125770000000001,BWA,DEU,9013
2223724,39,61,1802,2003,4231759.0,3504016.0,0.9791540000000001,1.185081,CAN,DEU,9013
2223725,41,61,1802,2003,23235109.0,101594029.0,2.151037,0.711217,CHE,DEU,9013
2223726,42,61,1802,2003,22892.0,807438.0,-0.06375900000000001,-0.156808,CHL,DEU,9013
2223727,43,61,1802,2003,46572975.0,24971854.0,0.579431,2.773139,CHN,DEU,9013
2223728,44,61,1802,2003,0.0,894.0,-0.699928,-0.723739,CIV,DEU,9013
2223729,45,61,1802,2003,0.0,905.0,-1.254788,-1.10897,CMR,DEU,9013
2223730,46,61,1802,2003,0.0,3201.0,-1.366232,-1.0778860000000001,COD,DEU,9013
2223731,49,61,1802,2003,13476.0,59176.0,0.218336,0.376869,COL,DEU,9013
2223732,52,61,1802,2003,0.0,72652.0,-0.193904,-0.5049680000000001,CRI,DEU,9013
2223733,54,61,1802,2003,0.0,22099.0,-0.391515,-0.8562120000000001,CUB,DEU,9013
2223734,58,61,1802,2003,12898.0,102000.0,0.259992,0.068914,CYP,DEU,9013
2223735,59,61,1802,2003,29519355.0,12988767.0,1.555749,0.8662059999999999,CZE,DEU,9013
2223736,64,61,1802,2003,1111770.0,10670207.0,1.309564,1.245596,DNK,DEU,9013
2223737,66,61,1802,2003,0.0,1597706.0,-1.060727,-1.142594,DZA,DEU,9013
2223738,67,61,1802,2003,0.0,14266.0,-0.8689370000000001,-0.889767,ECU,DEU,9013
2223739,68,61,1802,2003,10135.0,575639.0,-0.292923,0.465433,EGY,DEU,9013
2223740,71,61,1802,2003,1855358.0,37001061.0,0.960684,2.074792,ESP,DEU,9013
2223741,72,61,1802,2003,113221.0,658772.0,0.5913010000000001,0.8489979999999999,EST,DEU,9013
2223742,73,61,1802,2003,0.0,5620.0,-1.1145559999999999,-0.9599620000000001,ETH,DEU,9013
2223743,74,61,1802,2003,307189.0,8566476.0,2.077889,0.942501,FIN,DEU,9013
2223744,75,61,1802,2003,0.0,1231.0,-0.6865640000000001,-0.326977,FJI,DEU,9013
2223745,77,61,1802,2003,71252313.0,41976052.0,1.606606,0.7394149999999999,FRA,DEU,9013
2223746,80,61,1802,2003,0.0,850.0,-0.92745,-1.138466,GAB,DEU,9013
2223747,81,61,1802,2003,31948583.0,41053703.0,1.8712540000000002,0.706205,GBR,DEU,9013
2223748,82,61,1802,2003,0.0,3774.0,0.595485,-0.25939,GEO,DEU,9013
2223749,83,61,1802,2003,0.0,13264.0,-1.074188,-0.7127319999999999,GHA,DEU,9013
2223750,84,61,1802,2003,0.0,2002.0,1.133606,-0.176782,GIB,DEU,9013
2223751,88,61,1802,2003,0.0,1887.0,0.24509499999999998,-0.612725,GNB,DEU,9013
2223752,89,61,1802,2003,0.0,5010.0,-2.4406529999999997,-0.821155,GNQ,DEU,9013
2223753,90,61,1802,2003,633371.0,4777561.0,0.364688,1.4823959999999998,GRC,DEU,9013
2223754,92,61,1802,2003,0.0,925.0,-0.764655,-0.8684200000000001,GRL,DEU,9013
2223755,93,61,1802,2003,0.0,6778.0,-0.444162,0.145319,GTM,DEU,9013
2223756,97,61,1802,2003,15477313.0,4559291.0,0.494569,2.147062,HKG,DEU,9013
2223757,99,61,1802,2003,0.0,259211.0,-0.733546,-0.568585,HND,DEU,9013
2223758,100,61,1802,2003,58590.0,1207871.0,0.568394,1.230759,HRV,DEU,9013
2223759,102,61,1802,2003,2957100.0,13545078.0,1.2003270000000001,1.091407,HUN,DEU,9013
2223760,103,61,1802,2003,50886.0,1828895.0,-0.16802,1.7252990000000001,IDN,DEU,9013
2223761,104,61,1802,2003,471434.0,3219779.0,0.33014099999999996,2.836003,IND,DEU,9013
2223762,106,61,1802,2003,118406.0,2506292.0,1.6396130000000002,0.220599,IRL,DEU,9013
2223763,107,61,1802,2003,0.0,3293074.0,-0.552146,-0.8668520000000001,IRN,DEU,9013
2223764,108,61,1802,2003,0.0,43279.0,-0.398557,-0.774153,IRQ,DEU,9013
2223765,109,61,1802,2003,0.0,100297.0,0.21902800000000003,-0.40818499999999996,ISL,DEU,9013
2223766,110,61,1802,2003,11322483.0,8661712.0,1.157809,0.682195,ISR,DEU,9013
2223767,111,61,1802,2003,3330088.0,42056302.0,1.399734,1.044608,ITA,DEU,9013
2223768,112,61,1802,2003,0.0,990.0,-0.6684140000000001,-0.915817,JAM,DEU,9013
2223769,113,61,1802,2003,35627.0,64237.0,0.12295,0.377031,JOR,DEU,9013
2223770,114,61,1802,2003,48693908.0,74047702.0,2.4686630000000003,0.48072600000000004,JPN,DEU,9013
2223771,115,61,1802,2003,0.0,319478.0,-0.156326,-0.62092,KAZ,DEU,9013
2223772,116,61,1802,2003,0.0,12527.0,-0.3531,0.582992,KEN,DEU,9013
2223773,121,61,1802,2003,84383996.0,17698027.0,1.2611709999999998,0.956308,KOR,DEU,9013
2223774,122,61,1802,2003,0.0,97850.0,-0.7943640000000001,-1.1529770000000001,KWT,DEU,9013
2223775,124,61,1802,2003,0.0,343594.0,0.261687,1.053856,LBN,DEU,9013
2223776,126,61,1802,2003,12889.0,580538.0,-0.36075999999999997,-1.110575,LBY,DEU,9013
2223777,128,61,1802,2003,0.0,26867.0,-0.618057,0.101931,LKA,DEU,9013
2223778,130,61,1802,2003,737141.0,463865.0,0.239608,0.517299,LTU,DEU,9013
2223779,131,61,1802,2003,51615.0,746661.0,1.444996,1.063764,LUX,DEU,9013
2223780,132,61,1802,2003,165133.0,346043.0,0.520772,0.5631689999999999,LVA,DEU,9013
2223781,133,61,1802,2003,215721.0,2819.0,-0.294516,-0.413828,MAC,DEU,9013
2223782,134,61,1802,2003,0.0,147580.0,-0.6842050000000001,-0.217892,MAR,DEU,9013
2223783,135,61,1802,2003,0.0,30903.0,-0.005154,-0.26107199999999997,MDA,DEU,9013
2223784,136,61,1802,2003,0.0,2316.0,-1.254758,-0.622696,MDG,DEU,9013
2223785,138,61,1802,2003,100128.0,4624900.0,0.862509,0.756684,MEX,DEU,9013
2223786,139,61,1802,2003,2400.0,0.0,-1.7295669999999999,-0.926291,MHL,DEU,9013
2223787,140,61,1802,2003,0.0,39737.0,-0.017632,0.225394,MKD,DEU,9013
2223788,142,61,1802,2003,9648.0,80533.0,1.2138149999999999,-0.015687,MLT,DEU,9013
2223789,145,61,1802,2003,17477.0,0.0,-0.9747620000000001,-1.026308,MNG,DEU,9013
2223790,151,61,1802,2003,0.0,2681.0,-0.361514,-0.29839899999999997,MUS,DEU,9013
2223791,153,61,1802,2003,1361683.0,569262.0,0.728804,0.2168,MYS,DEU,9013
2223792,155,61,1802,2003,0.0,12470.0,-0.24004499999999998,-0.39565900000000004,NAM,DEU,9013
2223793,156,61,1802,2003,0.0,24291.0,-0.344934,-0.776632,NCL,DEU,9013
2223794,159,61,1802,2003,0.0,9015.0,-1.859176,-1.234236,NGA,DEU,9013
2223795,162,61,1802,2003,11392792.0,20183712.0,1.168453,1.7085709999999998,NLD,DEU,9013
2223796,163,61,1802,2003,811058.0,3749363.0,1.1500620000000001,0.258554,NOR,DEU,9013
2223797,166,61,1802,2003,21940.0,305468.0,0.589619,0.997301,NZL,DEU,9013
2223798,167,61,1802,2003,0.0,27842.0,-1.434873,-1.188123,OMN,DEU,9013
2223799,168,61,1802,2003,0.0,477536.0,-0.6659689999999999,0.137924,PAK,DEU,9013
2223800,169,61,1802,2003,0.0,47559.0,-0.050386,-0.039619999999999995,PAN,DEU,9013
2223801,173,61,1802,2003,0.0,46514.0,-0.48627,0.371354,PER,DEU,9013
2223802,174,61,1802,2003,413820.0,149921.0,-0.065022,-0.195144,PHL,DEU,9013
2223803,177,61,1802,2003,800559.0,9343750.0,0.966622,1.664838,POL,DEU,9013
2223804,178,61,1802,2003,0.0,24600.0,0.7060420000000001,0.7718,PRK,DEU,9013
2223805,179,61,1802,2003,52734.0,7197253.0,0.471376,1.647303,PRT,DEU,9013
2223806,181,61,1802,2003,0.0,5006.0,0.657296,0.220183,PSE,DEU,9013
2223807,182,61,1802,2003,0.0,3167.0,-0.255707,-0.676557,PYF,DEU,9013
2223808,183,61,1802,2003,0.0,132690.0,-0.209042,-1.0565799999999999,QAT,DEU,9013
2223809,185,61,1802,2003,30918.0,503037.0,0.378379,1.0064620000000002,ROU,DEU,9013
2223810,186,61,1802,2003,3139553.0,8581758.0,1.072729,0.338355,RUS,DEU,9013
2223811,188,61,1802,2003,77986.0,608867.0,0.202286,-0.714691,SAU,DEU,9013
2223812,189,61,1802,2003,1727.0,181720.0,0.575326,1.627894,SCG,DEU,9013
2223813,192,61,1802,2003,855728.0,6170834.0,1.5080799999999999,0.720337,SGP,DEU,9013
2223814,196,61,1802,2003,0.0,20242.0,0.129923,-0.19926300000000002,SLE,DEU,9013
2223815,197,61,1802,2003,0.0,237532.0,-0.251357,-0.189917,SLV,DEU,9013
2223816,205,61,1802,2003,0.0,881.0,-0.896925,-0.88623,SUR,DEU,9013
2223817,206,61,1802,2003,636273.0,1695691.0,1.22565,0.915518,SVK,DEU,9013
2223818,207,61,1802,2003,760310.0,539619.0,1.6459840000000001,1.014191,SVN,DEU,9013
2223819,208,61,1802,2003,4335354.0,22956790.0,2.099224,0.799982,SWE,DEU,9013
2223820,212,61,1802,2003,13948.0,145577.0,-0.868749,-0.326322,SYR,DEU,9013
2223821,216,61,1802,2003,256943.0,887690.0,0.43010699999999996,1.607408,THA,DEU,9013
2223822,218,61,1802,2003,0.0,1004.0,0.244606,-0.038999,TKL,DEU,9013
2223823,219,61,1802,2003,0.0,39238.0,-1.223295,-1.250217,TKM,DEU,9013
2223824,220,61,1802,2003,0.0,44495.0,1.21882,-0.118529,TLS,DEU,9013
2223825,222,61,1802,2003,0.0,1245050.0,-0.16738,-0.9820969999999999,TTO,DEU,9013
2223826,223,61,1802,2003,0.0,602778.0,-0.14845999999999998,0.255092,TUN,DEU,9013
2223827,224,61,1802,2003,508784.0,3461190.0,0.192802,1.9855060000000002,TUR,DEU,9013
2223828,226,61,1802,2003,0.0,2508.0,-1.225217,-0.43662399999999996,TZA,DEU,9013
2223829,227,61,1802,2003,0.0,794.0,-0.895193,-0.712039,UGA,DEU,9013
2223830,228,61,1802,2003,22115.0,1331832.0,0.8929389999999999,0.956685,UKR,DEU,9013
2223831,230,61,1802,2003,0.0,761673.0,0.19792200000000001,0.243104,URY,DEU,9013
2223832,231,61,1802,2003,108529872.0,140806448.0,1.7789220000000001,0.064028,USA,DEU,9013
2223833,236,61,1802,2003,0.0,287256.0,0.277805,-0.783697,VEN,DEU,9013
2223834,239,61,1802,2003,0.0,1063497.0,-0.633985,0.659696,VNM,DEU,9013
2223835,243,61,1802,2003,0.0,6099.0,-1.453584,-1.257815,YEM,DEU,9013
2223836,246,61,1802,2003,1533689.0,5768010.0,0.477987,2.255395,ZAF,DEU,9013
2223837,247,61,1802,2003,0.0,2493.0,-0.678149,-0.5919449999999999,ZMB,DEU,9013
2223838,249,61,1802,2003,13209683.0,14274155.0,1.5924040000000002,1.397843,TWN,DEU,9013
2223839,250,61,1802,2003,1310.0,97545.0,0.45951499999999995,-0.2312,ANS,DEU,9013
2223840,5,64,1802,2003,0.0,1454.0,1.0901319999999999,0.618693,AND,DNK,9013
2223841,7,64,1802,2003,0.0,1243.0,0.049637,-0.502691,ARE,DNK,9013
2223842,14,64,1802,2003,61993.0,325455.0,0.316879,0.9409489999999999,AUS,DNK,9013
2223843,15,64,1802,2003,478885.0,51360.0,1.834977,0.408096,AUT,DNK,9013
2223844,16,64,1802,2003,0.0,11659.0,-0.304606,-0.975453,AZE,DNK,9013
2223845,18,64,1802,2003,539914.0,810454.0,1.361682,1.39536,BEL,DNK,9013
2223846,32,64,1802,2003,0.0,55982.0,0.660576,1.118876,BRA,DNK,9013
2223847,33,64,1802,2003,0.0,680.0,0.744166,0.074191,BRB,DNK,9013
2223848,39,64,1802,2003,747694.0,98237.0,0.9791540000000001,1.185081,CAN,DNK,9013
2223849,41,64,1802,2003,223087.0,71554.0,2.151037,0.711217,CHE,DNK,9013
2223850,42,64,1802,2003,0.0,8364.0,-0.06375900000000001,-0.156808,CHL,DNK,9013
2223851,43,64,1802,2003,308658.0,57731.0,0.579431,2.773139,CHN,DNK,9013
2223852,52,64,1802,2003,15367.0,0.0,-0.193904,-0.5049680000000001,CRI,DNK,9013
2223853,59,64,1802,2003,176815.0,34287.0,1.555749,0.8662059999999999,CZE,DNK,9013
2223854,61,64,1802,2003,10670207.0,1111770.0,2.2821919999999998,-2.0985150000000004,DEU,DNK,9013
2223855,68,64,1802,2003,0.0,50627.0,-0.292923,0.465433,EGY,DNK,9013
2223856,71,64,1802,2003,27774.0,183496.0,0.960684,2.074792,ESP,DNK,9013
2223857,72,64,1802,2003,14523.0,0.0,0.5913010000000001,0.8489979999999999,EST,DNK,9013
2223858,74,64,1802,2003,68350.0,800318.0,2.077889,0.942501,FIN,DNK,9013
2223859,77,64,1802,2003,491633.0,372922.0,1.606606,0.7394149999999999,FRA,DNK,9013
2223860,78,64,1802,2003,0.0,12987.0,-0.46422299999999994,-0.8072050000000001,FRO,DNK,9013
2223861,81,64,1802,2003,1769613.0,323131.0,1.8712540000000002,0.706205,GBR,DNK,9013
2223862,90,64,1802,2003,0.0,51308.0,0.364688,1.4823959999999998,GRC,DNK,9013
2223863,91,64,1802,2003,0.0,898.0,0.3936,-0.258355,GRD,DNK,9013
2223864,92,64,1802,2003,4922.0,88078.0,-0.764655,-0.8684200000000001,GRL,DNK,9013
2223865,97,64,1802,2003,130744.0,1668.0,0.494569,2.147062,HKG,DNK,9013
2223866,100,64,1802,2003,0.0,1827.0,0.568394,1.230759,HRV,DNK,9013
2223867,102,64,1802,2003,21715.0,43142.0,1.2003270000000001,1.091407,HUN,DNK,9013
2223868,104,64,1802,2003,6425.0,2556.0,0.33014099999999996,2.836003,IND,DNK,9013
2223869,106,64,1802,2003,0.0,136043.0,1.6396130000000002,0.220599,IRL,DNK,9013
2223870,107,64,1802,2003,0.0,146755.0,-0.552146,-0.8668520000000001,IRN,DNK,9013
2223871,109,64,1802,2003,6334.0,14843.0,0.21902800000000003,-0.40818499999999996,ISL,DNK,9013
2223872,110,64,1802,2003,141257.0,20182.0,1.157809,0.682195,ISR,DNK,9013
2223873,111,64,1802,2003,77716.0,721169.0,1.399734,1.044608,ITA,DNK,9013
2223874,114,64,1802,2003,1644942.0,84433.0,2.4686630000000003,0.48072600000000004,JPN,DNK,9013
2223875,121,64,1802,2003,54414.0,93147.0,1.2611709999999998,0.956308,KOR,DNK,9013
2223876,130,64,1802,2003,57336.0,0.0,0.239608,0.517299,LTU,DNK,9013
2223877,131,64,1802,2003,22362.0,2436.0,1.444996,1.063764,LUX,DNK,9013
2223878,132,64,1802,2003,2313.0,18475.0,0.520772,0.5631689999999999,LVA,DNK,9013
2223879,138,64,1802,2003,5075.0,609079.0,0.862509,0.756684,MEX,DNK,9013
2223880,153,64,1802,2003,277733.0,138904.0,0.728804,0.2168,MYS,DNK,9013
2223881,162,64,1802,2003,1341514.0,649174.0,1.168453,1.7085709999999998,NLD,DNK,9013
2223882,163,64,1802,2003,1379414.0,708361.0,1.1500620000000001,0.258554,NOR,DNK,9013
2223883,166,64,1802,2003,4642.0,26794.0,0.589619,0.997301,NZL,DNK,9013
2223884,174,64,1802,2003,51622.0,1942.0,-0.065022,-0.195144,PHL,DNK,9013
2223885,177,64,1802,2003,9491.0,15107.0,0.966622,1.664838,POL,DNK,9013
2223886,178,64,1802,2003,0.0,12404.0,0.7060420000000001,0.7718,PRK,DNK,9013
2223887,179,64,1802,2003,0.0,41658.0,0.471376,1.647303,PRT,DNK,9013
2223888,185,64,1802,2003,15128.0,0.0,0.378379,1.0064620000000002,ROU,DNK,9013
2223889,186,64,1802,2003,2408.0,298752.0,1.072729,0.338355,RUS,DNK,9013
2223890,188,64,1802,2003,0.0,2829.0,0.202286,-0.714691,SAU,DNK,9013
2223891,189,64,1802,2003,0.0,5877.0,0.575326,1.627894,SCG,DNK,9013
2223892,190,64,1802,2003,0.0,141232.0,-1.3535059999999999,-1.1701409999999999,SDN,DNK,9013
2223893,192,64,1802,2003,139625.0,0.0,1.5080799999999999,0.720337,SGP,DNK,9013
2223894,196,64,1802,2003,0.0,2060.0,0.129923,-0.19926300000000002,SLE,DNK,9013
2223895,206,64,1802,2003,1770.0,896.0,1.22565,0.915518,SVK,DNK,9013
2223896,207,64,1802,2003,0.0,8620.0,1.6459840000000001,1.014191,SVN,DNK,9013
2223897,208,64,1802,2003,3330387.0,1689240.0,2.099224,0.799982,SWE,DNK,9013
2223898,209,64,1802,2003,0.0,659.0,0.399541,-0.23342600000000002,SWZ,DNK,9013
2223899,216,64,1802,2003,0.0,1888.0,0.43010699999999996,1.607408,THA,DNK,9013
2223900,228,64,1802,2003,0.0,5544.0,0.8929389999999999,0.956685,UKR,DNK,9013
2223901,231,64,1802,2003,3097818.0,1496081.0,1.7789220000000001,0.064028,USA,DNK,9013
2223902,236,64,1802,2003,0.0,3731.0,0.277805,-0.783697,VEN,DNK,9013
2223903,246,64,1802,2003,941.0,471814.0,0.477987,2.255395,ZAF,DNK,9013
2223904,249,64,1802,2003,568018.0,128037.0,1.5924040000000002,1.397843,TWN,DNK,9013
2223905,18,65,1802,2003,862.0,1066.0,1.361682,1.39536,BEL,DOM,9013
2223906,39,65,1802,2003,4957.0,0.0,0.9791540000000001,1.185081,CAN,DOM,9013
2223907,43,65,1802,2003,3502.0,0.0,0.579431,2.773139,CHN,DOM,9013
2223908,71,65,1802,2003,1056.0,0.0,0.960684,2.074792,ESP,DOM,9013
2223909,77,65,1802,2003,0.0,95520.0,1.606606,0.7394149999999999,FRA,DOM,9013
2223910,81,65,1802,2003,0.0,5796.0,1.8712540000000002,0.706205,GBR,DOM,9013
2223911,97,65,1802,2003,117106.0,0.0,0.494569,2.147062,HKG,DOM,9013
2223912,138,65,1802,2003,0.0,2224.0,0.862509,0.756684,MEX,DOM,9013
2223913,231,65,1802,2003,675803.0,6071548.0,1.7789220000000001,0.064028,USA,DOM,9013
2223914,32,67,1802,2003,4246.0,0.0,0.660576,1.118876,BRA,ECU,9013
2223915,39,67,1802,2003,0.0,174940.0,0.9791540000000001,1.185081,CAN,ECU,9013
2223916,41,67,1802,2003,1615.0,0.0,2.151037,0.711217,CHE,ECU,9013
2223917,43,67,1802,2003,30373.0,0.0,0.579431,2.773139,CHN,ECU,9013
2223918,61,67,1802,2003,14266.0,0.0,2.2821919999999998,-2.0985150000000004,DEU,ECU,9013
2223919,71,67,1802,2003,76448.0,0.0,0.960684,2.074792,ESP,ECU,9013
2223920,81,67,1802,2003,9638.0,0.0,1.8712540000000002,0.706205,GBR,ECU,9013
2223921,97,67,1802,2003,14423.0,0.0,0.494569,2.147062,HKG,ECU,9013
2223922,111,67,1802,2003,3901.0,0.0,1.399734,1.044608,ITA,ECU,9013
2223923,114,67,1802,2003,1897.0,40130.0,2.4686630000000003,0.48072600000000004,JPN,ECU,9013
2223924,192,67,1802,2003,0.0,2065.0,1.5080799999999999,0.720337,SGP,ECU,9013
2223925,231,67,1802,2003,190293.0,44639.0,1.7789220000000001,0.064028,USA,ECU,9013
2223926,246,67,1802,2003,511681.0,0.0,0.477987,2.255395,ZAF,ECU,9013
2223927,249,67,1802,2003,17968.0,0.0,1.5924040000000002,1.397843,TWN,ECU,9013
2223928,5,71,1802,2003,0.0,268259.0,1.0901319999999999,0.618693,AND,ESP,9013
2223929,7,71,1802,2003,0.0,4928.0,0.049637,-0.502691,ARE,ESP,9013
2223930,8,71,1802,2003,4312.0,12923.0,0.302073,0.49069700000000005,ARG,ESP,9013
2223931,14,71,1802,2003,20187.0,11872.0,0.316879,0.9409489999999999,AUS,ESP,9013
2223932,15,71,1802,2003,1636326.0,97314.0,1.834977,0.408096,AUT,ESP,9013
2223933,18,71,1802,2003,533404.0,253135.0,1.361682,1.39536,BEL,ESP,9013
2223934,23,71,1802,2003,0.0,4749.0,0.43308599999999997,1.7104099999999998,BGR,ESP,9013
2223935,26,71,1802,2003,0.0,7700.0,0.195667,0.347011,BIH,ESP,9013
2223936,28,71,1802,2003,35680.0,0.0,0.847358,0.9307719999999999,BLR,ESP,9013
2223937,31,71,1802,2003,0.0,768.0,-0.787995,-0.7228899999999999,BOL,ESP,9013
2223938,32,71,1802,2003,0.0,38029.0,0.660576,1.118876,BRA,ESP,9013
2223939,39,71,1802,2003,205918.0,11617.0,0.9791540000000001,1.185081,CAN,ESP,9013
2223940,41,71,1802,2003,447802.0,347172.0,2.151037,0.711217,CHE,ESP,9013
2223941,42,71,1802,2003,0.0,20899.0,-0.06375900000000001,-0.156808,CHL,ESP,9013
2223942,43,71,1802,2003,3110413.0,52211.0,0.579431,2.773139,CHN,ESP,9013
2223943,49,71,1802,2003,0.0,16720.0,0.218336,0.376869,COL,ESP,9013
2223944,52,71,1802,2003,0.0,8220.0,-0.193904,-0.5049680000000001,CRI,ESP,9013
2223945,54,71,1802,2003,0.0,80738.0,-0.391515,-0.8562120000000001,CUB,ESP,9013
2223946,58,71,1802,2003,0.0,2764.0,0.259992,0.068914,CYP,ESP,9013
2223947,59,71,1802,2003,85382.0,22692.0,1.555749,0.8662059999999999,CZE,ESP,9013
2223948,61,71,1802,2003,37001061.0,1855358.0,2.2821919999999998,-2.0985150000000004,DEU,ESP,9013
2223949,64,71,1802,2003,183496.0,27774.0,1.309564,1.245596,DNK,ESP,9013
2223950,65,71,1802,2003,0.0,1056.0,-0.46264399999999994,-0.245034,DOM,ESP,9013
2223951,67,71,1802,2003,0.0,76448.0,-0.8689370000000001,-0.889767,ECU,ESP,9013
2223952,68,71,1802,2003,5208.0,0.0,-0.292923,0.465433,EGY,ESP,9013
2223953,74,71,1802,2003,13160.0,86872.0,2.077889,0.942501,FIN,ESP,9013
2223954,75,71,1802,2003,0.0,2295.0,-0.6865640000000001,-0.326977,FJI,ESP,9013
2223955,77,71,1802,2003,3435231.0,1172521.0,1.606606,0.7394149999999999,FRA,ESP,9013
2223956,81,71,1802,2003,2120340.0,194428.0,1.8712540000000002,0.706205,GBR,ESP,9013
2223957,83,71,1802,2003,0.0,99928.0,-1.074188,-0.7127319999999999,GHA,ESP,9013
2223958,84,71,1802,2003,0.0,22784.0,1.133606,-0.176782,GIB,ESP,9013
2223959,90,71,1802,2003,38107.0,50447.0,0.364688,1.4823959999999998,GRC,ESP,9013
2223960,92,71,1802,2003,0.0,966.0,-0.764655,-0.8684200000000001,GRL,ESP,9013
2223961,93,71,1802,2003,0.0,4821.0,-0.444162,0.145319,GTM,ESP,9013
2223962,97,71,1802,2003,5026086.0,185934.0,0.494569,2.147062,HKG,ESP,9013
2223963,100,71,1802,2003,0.0,6470.0,0.568394,1.230759,HRV,ESP,9013
2223964,102,71,1802,2003,27990.0,6975.0,1.2003270000000001,1.091407,HUN,ESP,9013
2223965,103,71,1802,2003,0.0,3866.0,-0.16802,1.7252990000000001,IDN,ESP,9013
2223966,104,71,1802,2003,54842.0,86098.0,0.33014099999999996,2.836003,IND,ESP,9013
2223967,106,71,1802,2003,10685.0,15488.0,1.6396130000000002,0.220599,IRL,ESP,9013
2223968,107,71,1802,2003,0.0,19167.0,-0.552146,-0.8668520000000001,IRN,ESP,9013
2223969,110,71,1802,2003,315959.0,1168955.0,1.157809,0.682195,ISR,ESP,9013
2223970,111,71,1802,2003,7903826.0,3329294.0,1.399734,1.044608,ITA,ESP,9013
2223971,114,71,1802,2003,53213371.0,266525.0,2.4686630000000003,0.48072600000000004,JPN,ESP,9013
2223972,115,71,1802,2003,0.0,3159.0,-0.156326,-0.62092,KAZ,ESP,9013
2223973,121,71,1802,2003,9584346.0,193046.0,1.2611709999999998,0.956308,KOR,ESP,9013
2223974,122,71,1802,2003,0.0,3222.0,-0.7943640000000001,-1.1529770000000001,KWT,ESP,9013
2223975,124,71,1802,2003,0.0,11885.0,0.261687,1.053856,LBN,ESP,9013
2223976,130,71,1802,2003,13120.0,15910.0,0.239608,0.517299,LTU,ESP,9013
2223977,132,71,1802,2003,0.0,1239.0,0.520772,0.5631689999999999,LVA,ESP,9013
2223978,134,71,1802,2003,0.0,4565.0,-0.6842050000000001,-0.217892,MAR,ESP,9013
2223979,135,71,1802,2003,0.0,2861.0,-0.005154,-0.26107199999999997,MDA,ESP,9013
2223980,138,71,1802,2003,1635.0,153322.0,0.862509,0.756684,MEX,ESP,9013
2223981,142,71,1802,2003,1775.0,1386.0,1.2138149999999999,-0.015687,MLT,ESP,9013
2223982,153,71,1802,2003,1059576.0,32282.0,0.728804,0.2168,MYS,ESP,9013
2223983,159,71,1802,2003,0.0,978.0,-1.859176,-1.234236,NGA,ESP,9013
2223984,160,71,1802,2003,0.0,34356.0,-0.8661459999999999,-0.8661690000000001,NIC,ESP,9013
2223985,162,71,1802,2003,1667391.0,52155.0,1.168453,1.7085709999999998,NLD,ESP,9013
2223986,163,71,1802,2003,336973.0,57106.0,1.1500620000000001,0.258554,NOR,ESP,9013
2223987,166,71,1802,2003,1451.0,36297.0,0.589619,0.997301,NZL,ESP,9013
2223988,167,71,1802,2003,0.0,1677.0,-1.434873,-1.188123,OMN,ESP,9013
2223989,168,71,1802,2003,1712.0,0.0,-0.6659689999999999,0.137924,PAK,ESP,9013
2223990,173,71,1802,2003,0.0,1646.0,-0.48627,0.371354,PER,ESP,9013
2223991,174,71,1802,2003,9462659.0,0.0,-0.065022,-0.195144,PHL,ESP,9013
2223992,177,71,1802,2003,0.0,48409.0,0.966622,1.664838,POL,ESP,9013
2223993,179,71,1802,2003,51638.0,443626.0,0.471376,1.647303,PRT,ESP,9013
2223994,182,71,1802,2003,0.0,1549.0,-0.255707,-0.676557,PYF,ESP,9013
2223995,185,71,1802,2003,0.0,31364.0,0.378379,1.0064620000000002,ROU,ESP,9013
2223996,186,71,1802,2003,35747.0,46933.0,1.072729,0.338355,RUS,ESP,9013
2223997,188,71,1802,2003,0.0,18374.0,0.202286,-0.714691,SAU,ESP,9013
2223998,189,71,1802,2003,0.0,2595.0,0.575326,1.627894,SCG,ESP,9013
2223999,192,71,1802,2003,45246.0,0.0,1.5080799999999999,0.720337,SGP,ESP,9013
2224000,206,71,1802,2003,16927.0,9026.0,1.22565,0.915518,SVK,ESP,9013
2224001,207,71,1802,2003,0.0,39870.0,1.6459840000000001,1.014191,SVN,ESP,9013
2224002,208,71,1802,2003,184614.0,305102.0,2.099224,0.799982,SWE,ESP,9013
2224003,212,71,1802,2003,0.0,27213.0,-0.868749,-0.326322,SYR,ESP,9013
2224004,216,71,1802,2003,4782.0,0.0,0.43010699999999996,1.607408,THA,ESP,9013
2224005,223,71,1802,2003,0.0,2911.0,-0.14845999999999998,0.255092,TUN,ESP,9013
2224006,224,71,1802,2003,0.0,9360.0,0.192802,1.9855060000000002,TUR,ESP,9013
2224007,228,71,1802,2003,4702.0,28204.0,0.8929389999999999,0.956685,UKR,ESP,9013
2224008,230,71,1802,2003,0.0,1337.0,0.19792200000000001,0.243104,URY,ESP,9013
2224009,231,71,1802,2003,3959385.0,741416.0,1.7789220000000001,0.064028,USA,ESP,9013
2224010,236,71,1802,2003,0.0,1316.0,0.277805,-0.783697,VEN,ESP,9013
2224011,246,71,1802,2003,30008.0,33994.0,0.477987,2.255395,ZAF,ESP,9013
2224012,249,71,1802,2003,2152222.0,32870.0,1.5924040000000002,1.397843,TWN,ESP,9013
2224013,5,77,1802,2003,0.0,180358.0,1.0901319999999999,0.618693,AND,FRA,9013
2224014,7,77,1802,2003,0.0,75762.0,0.049637,-0.502691,ARE,FRA,9013
2224015,8,77,1802,2003,0.0,35143.0,0.302073,0.49069700000000005,ARG,FRA,9013
2224016,9,77,1802,2003,0.0,1099.0,0.497521,-0.305788,ARM,FRA,9013
2224017,14,77,1802,2003,95019.0,990628.0,0.316879,0.9409489999999999,AUS,FRA,9013
2224018,15,77,1802,2003,1768873.0,206580.0,1.834977,0.408096,AUT,FRA,9013
2224019,17,77,1802,2003,0.0,2713.0,-0.550138,-0.759304,BDI,FRA,9013
2224020,18,77,1802,2003,2091759.0,4356088.0,1.361682,1.39536,BEL,FRA,9013
2224021,19,77,1802,2003,0.0,5337.0,-1.150888,-0.956203,BEN,FRA,9013
2224022,21,77,1802,2003,0.0,2657.0,-0.9365690000000001,-0.9699409999999999,BFA,FRA,9013
2224023,23,77,1802,2003,88801.0,401871.0,0.43308599999999997,1.7104099999999998,BGR,FRA,9013
2224024,28,77,1802,2003,29640.0,0.0,0.847358,0.9307719999999999,BLR,FRA,9013
2224025,32,77,1802,2003,1524.0,946899.0,0.660576,1.118876,BRA,FRA,9013
2224026,39,77,1802,2003,3354850.0,1113651.0,0.9791540000000001,1.185081,CAN,FRA,9013
2224027,41,77,1802,2003,8057087.0,1842986.0,2.151037,0.711217,CHE,FRA,9013
2224028,42,77,1802,2003,0.0,87279.0,-0.06375900000000001,-0.156808,CHL,FRA,9013
2224029,43,77,1802,2003,34176701.0,621769.0,0.579431,2.773139,CHN,FRA,9013
2224030,44,77,1802,2003,2633942.0,5880.0,-0.699928,-0.723739,CIV,FRA,9013
2224031,45,77,1802,2003,0.0,9533.0,-1.254788,-1.10897,CMR,FRA,9013
2224032,47,77,1802,2003,0.0,4528.0,-1.6789619999999998,-1.182557,COG,FRA,9013
2224033,49,77,1802,2003,0.0,101317.0,0.218336,0.376869,COL,FRA,9013
2224034,52,77,1802,2003,55112.0,0.0,-0.193904,-0.5049680000000001,CRI,FRA,9013
2224035,54,77,1802,2003,1973.0,1849.0,-0.391515,-0.8562120000000001,CUB,FRA,9013
2224036,58,77,1802,2003,0.0,3847113.0,0.259992,0.068914,CYP,FRA,9013
2224037,59,77,1802,2003,395149.0,282053.0,1.555749,0.8662059999999999,CZE,FRA,9013
2224038,61,77,1802,2003,41976052.0,71252313.0,2.2821919999999998,-2.0985150000000004,DEU,FRA,9013
2224039,62,77,1802,2003,5737.0,15846.0,-0.41648500000000005,-0.5408350000000001,DJI,FRA,9013
2224040,64,77,1802,2003,372922.0,491633.0,1.309564,1.245596,DNK,FRA,9013
2224041,65,77,1802,2003,95520.0,0.0,-0.46264399999999994,-0.245034,DOM,FRA,9013
2224042,66,77,1802,2003,0.0,289122.0,-1.060727,-1.142594,DZA,FRA,9013
2224043,68,77,1802,2003,4875.0,32879.0,-0.292923,0.465433,EGY,FRA,9013
2224044,71,77,1802,2003,1172521.0,3435231.0,0.960684,2.074792,ESP,FRA,9013
2224045,72,77,1802,2003,9138.0,10661.0,0.5913010000000001,0.8489979999999999,EST,FRA,9013
2224046,74,77,1802,2003,42034.0,2801038.0,2.077889,0.942501,FIN,FRA,9013
2224047,80,77,1802,2003,0.0,31055.0,-0.92745,-1.138466,GAB,FRA,9013
2224048,81,77,1802,2003,14338190.0,12430707.0,1.8712540000000002,0.706205,GBR,FRA,9013
2224049,89,77,1802,2003,0.0,2264.0,-2.4406529999999997,-0.821155,GNQ,FRA,9013
2224050,90,77,1802,2003,5165.0,280126.0,0.364688,1.4823959999999998,GRC,FRA,9013
2224051,97,77,1802,2003,11048249.0,1156936.0,0.494569,2.147062,HKG,FRA,9013
2224052,100,77,1802,2003,0.0,2963.0,0.568394,1.230759,HRV,FRA,9013
2224053,102,77,1802,2003,52871.0,15682.0,1.2003270000000001,1.091407,HUN,FRA,9013
2224054,103,77,1802,2003,0.0,15199.0,-0.16802,1.7252990000000001,IDN,FRA,9013
2224055,104,77,1802,2003,424730.0,689869.0,0.33014099999999996,2.836003,IND,FRA,9013
2224056,106,77,1802,2003,17753.0,117945.0,1.6396130000000002,0.220599,IRL,FRA,9013
2224057,107,77,1802,2003,1128.0,255735.0,-0.552146,-0.8668520000000001,IRN,FRA,9013
2224058,109,77,1802,2003,0.0,1936.0,0.21902800000000003,-0.40818499999999996,ISL,FRA,9013
2224059,110,77,1802,2003,2215142.0,278730.0,1.157809,0.682195,ISR,FRA,9013
2224060,111,77,1802,2003,5664641.0,9141942.0,1.399734,1.044608,ITA,FRA,9013
2224061,113,77,1802,2003,3842.0,6989.0,0.12295,0.377031,JOR,FRA,9013
2224062,114,77,1802,2003,31786053.0,3234251.0,2.4686630000000003,0.48072600000000004,JPN,FRA,9013
2224063,116,77,1802,2003,0.0,5644.0,-0.3531,0.582992,KEN,FRA,9013
2224064,121,77,1802,2003,11898250.0,2280807.0,1.2611709999999998,0.956308,KOR,FRA,9013
2224065,122,77,1802,2003,36196.0,18013.0,-0.7943640000000001,-1.1529770000000001,KWT,FRA,9013
2224066,124,77,1802,2003,3444.0,4852.0,0.261687,1.053856,LBN,FRA,9013
2224067,128,77,1802,2003,9783.0,0.0,-0.618057,0.101931,LKA,FRA,9013
2224068,130,77,1802,2003,237837.0,0.0,0.239608,0.517299,LTU,FRA,9013
2224069,131,77,1802,2003,9192.0,133609.0,1.444996,1.063764,LUX,FRA,9013
2224070,132,77,1802,2003,0.0,46973.0,0.520772,0.5631689999999999,LVA,FRA,9013
2224071,133,77,1802,2003,12628.0,0.0,-0.294516,-0.413828,MAC,FRA,9013
2224072,134,77,1802,2003,0.0,528792.0,-0.6842050000000001,-0.217892,MAR,FRA,9013
2224073,136,77,1802,2003,0.0,20387.0,-1.254758,-0.622696,MDG,FRA,9013
2224074,137,77,1802,2003,0.0,1734.0,-1.201352,-1.031892,MDV,FRA,9013
2224075,138,77,1802,2003,143423.0,36099.0,0.862509,0.756684,MEX,FRA,9013
2224076,141,77,1802,2003,0.0,8094.0,-0.786411,-0.879049,MLI,FRA,9013
2224077,148,77,1802,2003,0.0,1824.0,-1.069232,-1.184061,MRT,FRA,9013
2224078,151,77,1802,2003,11406.0,15168.0,-0.361514,-0.29839899999999997,MUS,FRA,9013
2224079,153,77,1802,2003,315049.0,26976.0,0.728804,0.2168,MYS,FRA,9013
2224080,154,77,1802,2003,0.0,4821.0,0.8645370000000001,-0.101347,MYT,FRA,9013
2224081,155,77,1802,2003,1401.0,5683.0,-0.24004499999999998,-0.39565900000000004,NAM,FRA,9013
2224082,156,77,1802,2003,0.0,19042.0,-0.344934,-0.776632,NCL,FRA,9013
2224083,162,77,1802,2003,5472444.0,2325358.0,1.168453,1.7085709999999998,NLD,FRA,9013
2224084,163,77,1802,2003,20552.0,1781585.0,1.1500620000000001,0.258554,NOR,FRA,9013
2224085,166,77,1802,2003,30576.0,18531.0,0.589619,0.997301,NZL,FRA,9013
2224086,167,77,1802,2003,0.0,6666254.0,-1.434873,-1.188123,OMN,FRA,9013
2224087,168,77,1802,2003,0.0,19745.0,-0.6659689999999999,0.137924,PAK,FRA,9013
2224088,173,77,1802,2003,0.0,3849.0,-0.48627,0.371354,PER,FRA,9013
2224089,174,77,1802,2003,32950.0,2064.0,-0.065022,-0.195144,PHL,FRA,9013
2224090,177,77,1802,2003,24742.0,120492.0,0.966622,1.664838,POL,FRA,9013
2224091,179,77,1802,2003,2212.0,154538.0,0.471376,1.647303,PRT,FRA,9013
2224092,182,77,1802,2003,3056.0,24190.0,-0.255707,-0.676557,PYF,FRA,9013
2224093,183,77,1802,2003,0.0,7553.0,-0.209042,-1.0565799999999999,QAT,FRA,9013
2224094,185,77,1802,2003,45346.0,25622.0,0.378379,1.0064620000000002,ROU,FRA,9013
2224095,186,77,1802,2003,123957.0,253781.0,1.072729,0.338355,RUS,FRA,9013
2224096,188,77,1802,2003,74350.0,3981348.0,0.202286,-0.714691,SAU,FRA,9013
2224097,189,77,1802,2003,0.0,3396.0,0.575326,1.627894,SCG,FRA,9013
2224098,190,77,1802,2003,0.0,937.0,-1.3535059999999999,-1.1701409999999999,SDN,FRA,9013
2224099,191,77,1802,2003,0.0,16367.0,-0.25203600000000004,-0.25549299999999997,SEN,FRA,9013
2224100,192,77,1802,2003,123857.0,3074600.0,1.5080799999999999,0.720337,SGP,FRA,9013
2224101,196,77,1802,2003,21374.0,0.0,0.129923,-0.19926300000000002,SLE,FRA,9013
2224102,203,77,1802,2003,0.0,18763.0,1.046084,-0.183027,STP,FRA,9013
2224103,206,77,1802,2003,205343.0,6551.0,1.22565,0.915518,SVK,FRA,9013
2224104,207,77,1802,2003,70224.0,1039.0,1.6459840000000001,1.014191,SVN,FRA,9013
2224105,208,77,1802,2003,603014.0,2575802.0,2.099224,0.799982,SWE,FRA,9013
2224106,212,77,1802,2003,0.0,27239.0,-0.868749,-0.326322,SYR,FRA,9013
2224107,215,77,1802,2003,0.0,7278.0,-0.5058590000000001,-0.520586,TGO,FRA,9013
2224108,216,77,1802,2003,2537236.0,10355.0,0.43010699999999996,1.607408,THA,FRA,9013
2224109,223,77,1802,2003,612725.0,113501.0,-0.14845999999999998,0.255092,TUN,FRA,9013
2224110,224,77,1802,2003,2976.0,972069.0,0.192802,1.9855060000000002,TUR,FRA,9013
2224111,228,77,1802,2003,2564.0,23893.0,0.8929389999999999,0.956685,UKR,FRA,9013
2224112,231,77,1802,2003,20434751.0,11004147.0,1.7789220000000001,0.064028,USA,FRA,9013
2224113,232,77,1802,2003,0.0,460668.0,-0.285978,-0.703334,UZB,FRA,9013
2224114,236,77,1802,2003,0.0,1240.0,0.277805,-0.783697,VEN,FRA,9013
2224115,239,77,1802,2003,0.0,27640.0,-0.633985,0.659696,VNM,FRA,9013
2224116,243,77,1802,2003,0.0,3396.0,-1.453584,-1.257815,YEM,FRA,9013
2224117,246,77,1802,2003,92102.0,1085817.0,0.477987,2.255395,ZAF,FRA,9013
2224118,249,77,1802,2003,3262573.0,159720.0,1.5924040000000002,1.397843,TWN,FRA,9013
2224119,250,77,1802,2003,4273071.0,0.0,0.45951499999999995,-0.2312,ANS,FRA,9013
2224120,7,81,1802,2003,22042.0,4032604.0,0.049637,-0.502691,ARE,GBR,9013
2224121,8,81,1802,2003,0.0,13628.0,0.302073,0.49069700000000005,ARG,GBR,9013
2224122,14,81,1802,2003,829436.0,5890096.0,0.316879,0.9409489999999999,AUS,GBR,9013
2224123,15,81,1802,2003,1256814.0,1786419.0,1.834977,0.408096,AUT,GBR,9013
2224124,16,81,1802,2003,6502.0,0.0,-0.304606,-0.975453,AZE,GBR,9013
2224125,18,81,1802,2003,1273182.0,3182999.0,1.361682,1.39536,BEL,GBR,9013
2224126,22,81,1802,2003,0.0,86855.0,-1.168404,-1.035782,BGD,GBR,9013
2224127,23,81,1802,2003,3627.0,27510.0,0.43308599999999997,1.7104099999999998,BGR,GBR,9013
2224128,24,81,1802,2003,12975.0,26320.0,-0.10968800000000001,-1.041032,BHR,GBR,9013
2224129,28,81,1802,2003,253615.0,33050.0,0.847358,0.9307719999999999,BLR,GBR,9013
2224130,32,81,1802,2003,0.0,149500.0,0.660576,1.118876,BRA,GBR,9013
2224131,35,81,1802,2003,0.0,6716.0,0.22564800000000002,-0.460741,BTN,GBR,9013
2224132,37,81,1802,2003,0.0,3955.0,-0.517317,-1.1125770000000001,BWA,GBR,9013
2224133,39,81,1802,2003,1642469.0,10543418.0,0.9791540000000001,1.185081,CAN,GBR,9013
2224134,41,81,1802,2003,1224052.0,2178188.0,2.151037,0.711217,CHE,GBR,9013
2224135,42,81,1802,2003,0.0,5748.0,-0.06375900000000001,-0.156808,CHL,GBR,9013
2224136,43,81,1802,2003,19229014.0,1562014.0,0.579431,2.773139,CHN,GBR,9013
2224137,46,81,1802,2003,0.0,34324.0,-1.366232,-1.0778860000000001,COD,GBR,9013
2224138,49,81,1802,2003,0.0,114132.0,0.218336,0.376869,COL,GBR,9013
2224139,58,81,1802,2003,5876.0,17746.0,0.259992,0.068914,CYP,GBR,9013
2224140,59,81,1802,2003,149619.0,791886.0,1.555749,0.8662059999999999,CZE,GBR,9013
2224141,61,81,1802,2003,41053703.0,31948583.0,2.2821919999999998,-2.0985150000000004,DEU,GBR,9013
2224142,64,81,1802,2003,323131.0,1769613.0,1.309564,1.245596,DNK,GBR,9013
2224143,65,81,1802,2003,5796.0,0.0,-0.46264399999999994,-0.245034,DOM,GBR,9013
2224144,66,81,1802,2003,0.0,13090.0,-1.060727,-1.142594,DZA,GBR,9013
2224145,67,81,1802,2003,0.0,9638.0,-0.8689370000000001,-0.889767,ECU,GBR,9013
2224146,68,81,1802,2003,0.0,2887.0,-0.292923,0.465433,EGY,GBR,9013
2224147,69,81,1802,2003,0.0,299665.0,-0.105591,-0.247614,ERI,GBR,9013
2224148,71,81,1802,2003,194428.0,2120340.0,0.960684,2.074792,ESP,GBR,9013
2224149,72,81,1802,2003,0.0,27469.0,0.5913010000000001,0.8489979999999999,EST,GBR,9013
2224150,73,81,1802,2003,0.0,17666.0,-1.1145559999999999,-0.9599620000000001,ETH,GBR,9013
2224151,74,81,1802,2003,247859.0,1209618.0,2.077889,0.942501,FIN,GBR,9013
2224152,77,81,1802,2003,12430707.0,14338190.0,1.606606,0.7394149999999999,FRA,GBR,9013
2224153,83,81,1802,2003,0.0,12705.0,-1.074188,-0.7127319999999999,GHA,GBR,9013
2224154,84,81,1802,2003,0.0,2193.0,1.133606,-0.176782,GIB,GBR,9013
2224155,90,81,1802,2003,102429.0,1673411.0,0.364688,1.4823959999999998,GRC,GBR,9013
2224156,97,81,1802,2003,4845720.0,1827693.0,0.494569,2.147062,HKG,GBR,9013
2224157,100,81,1802,2003,0.0,29077.0,0.568394,1.230759,HRV,GBR,9013
2224158,102,81,1802,2003,670387.0,111170.0,1.2003270000000001,1.091407,HUN,GBR,9013
2224159,103,81,1802,2003,0.0,6464.0,-0.16802,1.7252990000000001,IDN,GBR,9013
2224160,104,81,1802,2003,125393.0,2135193.0,0.33014099999999996,2.836003,IND,GBR,9013
2224161,106,81,1802,2003,540835.0,6004341.0,1.6396130000000002,0.220599,IRL,GBR,9013
2224162,107,81,1802,2003,0.0,96371.0,-0.552146,-0.8668520000000001,IRN,GBR,9013
2224163,109,81,1802,2003,0.0,4745.0,0.21902800000000003,-0.40818499999999996,ISL,GBR,9013
2224164,110,81,1802,2003,466238.0,2348019.0,1.157809,0.682195,ISR,GBR,9013
2224165,111,81,1802,2003,3423692.0,5916995.0,1.399734,1.044608,ITA,GBR,9013
2224166,113,81,1802,2003,0.0,80720.0,0.12295,0.377031,JOR,GBR,9013
2224167,114,81,1802,2003,51525996.0,16182419.0,2.4686630000000003,0.48072600000000004,JPN,GBR,9013
2224168,115,81,1802,2003,656.0,18151.0,-0.156326,-0.62092,KAZ,GBR,9013
2224169,116,81,1802,2003,0.0,2160.0,-0.3531,0.582992,KEN,GBR,9013
2224170,121,81,1802,2003,32526061.0,4017019.0,1.2611709999999998,0.956308,KOR,GBR,9013
2224171,122,81,1802,2003,0.0,187252.0,-0.7943640000000001,-1.1529770000000001,KWT,GBR,9013
2224172,126,81,1802,2003,0.0,11183.0,-0.36075999999999997,-1.110575,LBY,GBR,9013
2224173,127,81,1802,2003,0.0,2104.0,0.318385,-0.342679,LCA,GBR,9013
2224174,128,81,1802,2003,1658.0,82666.0,-0.618057,0.101931,LKA,GBR,9013
2224175,130,81,1802,2003,184313.0,73347.0,0.239608,0.517299,LTU,GBR,9013
2224176,131,81,1802,2003,0.0,13016.0,1.444996,1.063764,LUX,GBR,9013
2224177,132,81,1802,2003,8228.0,20659.0,0.520772,0.5631689999999999,LVA,GBR,9013
2224178,133,81,1802,2003,21761.0,27334.0,-0.294516,-0.413828,MAC,GBR,9013
2224179,134,81,1802,2003,0.0,4010.0,-0.6842050000000001,-0.217892,MAR,GBR,9013
2224180,138,81,1802,2003,718612.0,267352.0,0.862509,0.756684,MEX,GBR,9013
2224181,140,81,1802,2003,0.0,67354.0,-0.017632,0.225394,MKD,GBR,9013
2224182,141,81,1802,2003,0.0,17071.0,-0.786411,-0.879049,MLI,GBR,9013
2224183,142,81,1802,2003,3022.0,31465.0,1.2138149999999999,-0.015687,MLT,GBR,9013
2224184,149,81,1802,2003,0.0,6383.0,0.383768,-0.320867,MSR,GBR,9013
2224185,151,81,1802,2003,0.0,9869.0,-0.361514,-0.29839899999999997,MUS,GBR,9013
2224186,153,81,1802,2003,794528.0,488805.0,0.728804,0.2168,MYS,GBR,9013
2224187,159,81,1802,2003,2474.0,55342.0,-1.859176,-1.234236,NGA,GBR,9013
2224188,162,81,1802,2003,9222171.0,15024189.0,1.168453,1.7085709999999998,NLD,GBR,9013
2224189,163,81,1802,2003,137974.0,281988.0,1.1500620000000001,0.258554,NOR,GBR,9013
2224190,164,81,1802,2003,0.0,3297.0,-0.26353899999999997,1.351717,NPL,GBR,9013
2224191,166,81,1802,2003,75869.0,37966.0,0.589619,0.997301,NZL,GBR,9013
2224192,167,81,1802,2003,0.0,490245.0,-1.434873,-1.188123,OMN,GBR,9013
2224193,168,81,1802,2003,0.0,199893.0,-0.6659689999999999,0.137924,PAK,GBR,9013
2224194,174,81,1802,2003,50936.0,279693.0,-0.065022,-0.195144,PHL,GBR,9013
2224195,177,81,1802,2003,372730.0,142472.0,0.966622,1.664838,POL,GBR,9013
2224196,179,81,1802,2003,8714.0,3100276.0,0.471376,1.647303,PRT,GBR,9013
2224197,183,81,1802,2003,0.0,12932.0,-0.209042,-1.0565799999999999,QAT,GBR,9013
2224198,185,81,1802,2003,269376.0,89573.0,0.378379,1.0064620000000002,ROU,GBR,9013
2224199,186,81,1802,2003,463485.0,272803.0,1.072729,0.338355,RUS,GBR,9013
2224200,188,81,1802,2003,22401.0,689680.0,0.202286,-0.714691,SAU,GBR,9013
2224201,189,81,1802,2003,0.0,108429.0,0.575326,1.627894,SCG,GBR,9013
2224202,190,81,1802,2003,0.0,33799.0,-1.3535059999999999,-1.1701409999999999,SDN,GBR,9013
2224203,192,81,1802,2003,5043941.0,7005130.0,1.5080799999999999,0.720337,SGP,GBR,9013
2224204,206,81,1802,2003,1251804.0,66769.0,1.22565,0.915518,SVK,GBR,9013
2224205,207,81,1802,2003,8082.0,146743.0,1.6459840000000001,1.014191,SVN,GBR,9013
2224206,208,81,1802,2003,2133338.0,2612320.0,2.099224,0.799982,SWE,GBR,9013
2224207,211,81,1802,2003,0.0,2356.0,-0.44341099999999994,-0.742566,SYC,GBR,9013
2224208,216,81,1802,2003,69411.0,1358833.0,0.43010699999999996,1.607408,THA,GBR,9013
2224209,220,81,1802,2003,7645.0,0.0,1.21882,-0.118529,TLS,GBR,9013
2224210,222,81,1802,2003,2028.0,29476.0,-0.16738,-0.9820969999999999,TTO,GBR,9013
2224211,223,81,1802,2003,0.0,1488.0,-0.14845999999999998,0.255092,TUN,GBR,9013
2224212,224,81,1802,2003,8775.0,1231751.0,0.192802,1.9855060000000002,TUR,GBR,9013
2224213,226,81,1802,2003,0.0,79151.0,-1.225217,-0.43662399999999996,TZA,GBR,9013
2224214,227,81,1802,2003,0.0,2544.0,-0.895193,-0.712039,UGA,GBR,9013
2224215,228,81,1802,2003,867.0,58430.0,0.8929389999999999,0.956685,UKR,GBR,9013
2224216,230,81,1802,2003,11399.0,126271.0,0.19792200000000001,0.243104,URY,GBR,9013
2224217,231,81,1802,2003,48112168.0,61544507.0,1.7789220000000001,0.064028,USA,GBR,9013
2224218,236,81,1802,2003,0.0,2920.0,0.277805,-0.783697,VEN,GBR,9013
2224219,239,81,1802,2003,0.0,167275.0,-0.633985,0.659696,VNM,GBR,9013
2224220,246,81,1802,2003,2111850.0,1519478.0,0.477987,2.255395,ZAF,GBR,9013
2224221,248,81,1802,2003,0.0,3268.0,-0.366539,-0.18906199999999998,ZWE,GBR,9013
2224222,249,81,1802,2003,41739313.0,1431832.0,1.5924040000000002,1.397843,TWN,GBR,9013
2224223,14,90,1802,2003,2922.0,0.0,0.316879,0.9409489999999999,AUS,GRC,9013
2224224,15,90,1802,2003,1959.0,0.0,1.834977,0.408096,AUT,GRC,9013
2224225,18,90,1802,2003,430413.0,9530.0,1.361682,1.39536,BEL,GRC,9013
2224226,28,90,1802,2003,14834.0,0.0,0.847358,0.9307719999999999,BLR,GRC,9013
2224227,32,90,1802,2003,0.0,6720.0,0.660576,1.118876,BRA,GRC,9013
2224228,41,90,1802,2003,150345.0,2961.0,2.151037,0.711217,CHE,GRC,9013
2224229,43,90,1802,2003,211983.0,0.0,0.579431,2.773139,CHN,GRC,9013
2224230,58,90,1802,2003,1022.0,27788.0,0.259992,0.068914,CYP,GRC,9013
2224231,61,90,1802,2003,4777561.0,633371.0,2.2821919999999998,-2.0985150000000004,DEU,GRC,9013
2224232,64,90,1802,2003,51308.0,0.0,1.309564,1.245596,DNK,GRC,9013
2224233,71,90,1802,2003,50447.0,38107.0,0.960684,2.074792,ESP,GRC,9013
2224234,77,90,1802,2003,280126.0,5165.0,1.606606,0.7394149999999999,FRA,GRC,9013
2224235,81,90,1802,2003,1673411.0,102429.0,1.8712540000000002,0.706205,GBR,GRC,9013
2224236,97,90,1802,2003,271787.0,0.0,0.494569,2.147062,HKG,GRC,9013
2224237,102,90,1802,2003,9033.0,871.0,1.2003270000000001,1.091407,HUN,GRC,9013
2224238,106,90,1802,2003,0.0,2040.0,1.6396130000000002,0.220599,IRL,GRC,9013
2224239,110,90,1802,2003,1774721.0,108730.0,1.157809,0.682195,ISR,GRC,9013
2224240,111,90,1802,2003,291338.0,5721.0,1.399734,1.044608,ITA,GRC,9013
2224241,114,90,1802,2003,3112.0,1059.0,2.4686630000000003,0.48072600000000004,JPN,GRC,9013
2224242,121,90,1802,2003,337430.0,0.0,1.2611709999999998,0.956308,KOR,GRC,9013
2224243,130,90,1802,2003,844.0,0.0,0.239608,0.517299,LTU,GRC,9013
2224244,162,90,1802,2003,290323.0,4709.0,1.168453,1.7085709999999998,NLD,GRC,9013
2224245,163,90,1802,2003,0.0,13385.0,1.1500620000000001,0.258554,NOR,GRC,9013
2224246,185,90,1802,2003,1844.0,295199.0,0.378379,1.0064620000000002,ROU,GRC,9013
2224247,186,90,1802,2003,8779252.0,0.0,1.072729,0.338355,RUS,GRC,9013
2224248,192,90,1802,2003,22492.0,0.0,1.5080799999999999,0.720337,SGP,GRC,9013
2224249,206,90,1802,2003,50988.0,0.0,1.22565,0.915518,SVK,GRC,9013
2224250,208,90,1802,2003,8568.0,23391.0,2.099224,0.799982,SWE,GRC,9013
2224251,231,90,1802,2003,8138722.0,290404.0,1.7789220000000001,0.064028,USA,GRC,9013
2224252,249,90,1802,2003,88369.0,95462.0,1.5924040000000002,1.397843,TWN,GRC,9013
2224253,39,96,1802,2003,0.0,3732.0,0.9791540000000001,1.185081,CAN,GUY,9013
2224254,111,96,1802,2003,6834.0,0.0,1.399734,1.044608,ITA,GUY,9013
2224255,208,96,1802,2003,1040.0,0.0,2.099224,0.799982,SWE,GUY,9013
2224256,231,96,1802,2003,6667.0,0.0,1.7789220000000001,0.064028,USA,GUY,9013
2224257,7,97,1802,2003,0.0,149274.0,0.049637,-0.502691,ARE,HKG,9013
2224258,8,97,1802,2003,0.0,39597.0,0.302073,0.49069700000000005,ARG,HKG,9013
2224259,14,97,1802,2003,91232.0,2231556.0,0.316879,0.9409489999999999,AUS,HKG,9013
2224260,15,97,1802,2003,54865.0,898450.0,1.834977,0.408096,AUT,HKG,9013
2224261,18,97,1802,2003,221848.0,199627.0,1.361682,1.39536,BEL,HKG,9013
2224262,23,97,1802,2003,0.0,45000.0,0.43308599999999997,1.7104099999999998,BGR,HKG,9013
2224263,28,97,1802,2003,0.0,16151.0,0.847358,0.9307719999999999,BLR,HKG,9013
2224264,31,97,1802,2003,0.0,1499.0,-0.787995,-0.7228899999999999,BOL,HKG,9013
2224265,32,97,1802,2003,314435.0,26657878.0,0.660576,1.118876,BRA,HKG,9013
2224266,39,97,1802,2003,1040544.0,2298258.0,0.9791540000000001,1.185081,CAN,HKG,9013
2224267,41,97,1802,2003,346651.0,2650147.0,2.151037,0.711217,CHE,HKG,9013
2224268,42,97,1802,2003,0.0,12167.0,-0.06375900000000001,-0.156808,CHL,HKG,9013
2224269,43,97,1802,2003,1159809009.0,202055712.0,0.579431,2.773139,CHN,HKG,9013
2224270,49,97,1802,2003,6254.0,15388.0,0.218336,0.376869,COL,HKG,9013
2224271,52,97,1802,2003,0.0,4407.0,-0.193904,-0.5049680000000001,CRI,HKG,9013
2224272,58,97,1802,2003,0.0,3805.0,0.259992,0.068914,CYP,HKG,9013
2224273,59,97,1802,2003,17574.0,6028274.0,1.555749,0.8662059999999999,CZE,HKG,9013
2224274,61,97,1802,2003,4559291.0,15477313.0,2.2821919999999998,-2.0985150000000004,DEU,HKG,9013
2224275,64,97,1802,2003,1668.0,130744.0,1.309564,1.245596,DNK,HKG,9013
2224276,65,97,1802,2003,0.0,117106.0,-0.46264399999999994,-0.245034,DOM,HKG,9013
2224277,67,97,1802,2003,0.0,14423.0,-0.8689370000000001,-0.889767,ECU,HKG,9013
2224278,68,97,1802,2003,0.0,9500.0,-0.292923,0.465433,EGY,HKG,9013
2224279,71,97,1802,2003,185934.0,5026086.0,0.960684,2.074792,ESP,HKG,9013
2224280,72,97,1802,2003,0.0,1739880.0,0.5913010000000001,0.8489979999999999,EST,HKG,9013
2224281,74,97,1802,2003,11840.0,3030481.0,2.077889,0.942501,FIN,HKG,9013
2224282,77,97,1802,2003,1156936.0,11048249.0,1.606606,0.7394149999999999,FRA,HKG,9013
2224283,81,97,1802,2003,1827693.0,4845720.0,1.8712540000000002,0.706205,GBR,HKG,9013
2224284,90,97,1802,2003,0.0,271787.0,0.364688,1.4823959999999998,GRC,HKG,9013
2224285,100,97,1802,2003,0.0,4021.0,0.568394,1.230759,HRV,HKG,9013
2224286,102,97,1802,2003,148703.0,28073246.0,1.2003270000000001,1.091407,HUN,HKG,9013
2224287,103,97,1802,2003,25121.0,483381.0,-0.16802,1.7252990000000001,IDN,HKG,9013
2224288,104,97,1802,2003,3822.0,1753531.0,0.33014099999999996,2.836003,IND,HKG,9013
2224289,106,97,1802,2003,0.0,1655107.0,1.6396130000000002,0.220599,IRL,HKG,9013
2224290,107,97,1802,2003,0.0,35186.0,-0.552146,-0.8668520000000001,IRN,HKG,9013
2224291,110,97,1802,2003,890924.0,966542.0,1.157809,0.682195,ISR,HKG,9013
2224292,111,97,1802,2003,1656056.0,2915979.0,1.399734,1.044608,ITA,HKG,9013
2224293,114,97,1802,2003,446516675.0,7877011.0,2.4686630000000003,0.48072600000000004,JPN,HKG,9013
2224294,121,97,1802,2003,79786143.0,18169836.0,1.2611709999999998,0.956308,KOR,HKG,9013
2224295,122,97,1802,2003,0.0,2622.0,-0.7943640000000001,-1.1529770000000001,KWT,HKG,9013
2224296,128,97,1802,2003,0.0,4518.0,-0.618057,0.101931,LKA,HKG,9013
2224297,130,97,1802,2003,0.0,23251.0,0.239608,0.517299,LTU,HKG,9013
2224298,131,97,1802,2003,0.0,1048.0,1.444996,1.063764,LUX,HKG,9013
2224299,132,97,1802,2003,0.0,6637.0,0.520772,0.5631689999999999,LVA,HKG,9013
2224300,133,97,1802,2003,15672.0,0.0,-0.294516,-0.413828,MAC,HKG,9013
2224301,138,97,1802,2003,42913.0,1368666.0,0.862509,0.756684,MEX,HKG,9013
2224302,142,97,1802,2003,0.0,1702.0,1.2138149999999999,-0.015687,MLT,HKG,9013
2224303,151,97,1802,2003,0.0,179050.0,-0.361514,-0.29839899999999997,MUS,HKG,9013
2224304,153,97,1802,2003,20944840.0,9085149.0,0.728804,0.2168,MYS,HKG,9013
2224305,160,97,1802,2003,0.0,703.0,-0.8661459999999999,-0.8661690000000001,NIC,HKG,9013
2224306,162,97,1802,2003,494766.0,535661.0,1.168453,1.7085709999999998,NLD,HKG,9013
2224307,163,97,1802,2003,0.0,112885.0,1.1500620000000001,0.258554,NOR,HKG,9013
2224308,166,97,1802,2003,93761.0,550429.0,0.589619,0.997301,NZL,HKG,9013
2224309,168,97,1802,2003,0.0,57303.0,-0.6659689999999999,0.137924,PAK,HKG,9013
2224310,169,97,1802,2003,0.0,229699.0,-0.050386,-0.039619999999999995,PAN,HKG,9013
2224311,173,97,1802,2003,0.0,25115.0,-0.48627,0.371354,PER,HKG,9013
2224312,174,97,1802,2003,10543735.0,1815359.0,-0.065022,-0.195144,PHL,HKG,9013
2224313,177,97,1802,2003,1488.0,112345.0,0.966622,1.664838,POL,HKG,9013
2224314,178,97,1802,2003,0.0,13375.0,0.7060420000000001,0.7718,PRK,HKG,9013
2224315,179,97,1802,2003,336687.0,731532.0,0.471376,1.647303,PRT,HKG,9013
2224316,180,97,1802,2003,0.0,58991.0,-0.607733,-0.8577879999999999,PRY,HKG,9013
2224317,185,97,1802,2003,0.0,490704.0,0.378379,1.0064620000000002,ROU,HKG,9013
2224318,186,97,1802,2003,0.0,19061.0,1.072729,0.338355,RUS,HKG,9013
2224319,188,97,1802,2003,0.0,34486.0,0.202286,-0.714691,SAU,HKG,9013
2224320,189,97,1802,2003,0.0,6416.0,0.575326,1.627894,SCG,HKG,9013
2224321,192,97,1802,2003,31388221.0,12207032.0,1.5080799999999999,0.720337,SGP,HKG,9013
2224322,197,97,1802,2003,0.0,3451.0,-0.251357,-0.189917,SLV,HKG,9013
2224323,206,97,1802,2003,0.0,5123.0,1.22565,0.915518,SVK,HKG,9013
2224324,207,97,1802,2003,0.0,976929.0,1.6459840000000001,1.014191,SVN,HKG,9013
2224325,208,97,1802,2003,25344.0,1232255.0,2.099224,0.799982,SWE,HKG,9013
2224326,216,97,1802,2003,320023.0,1535639.0,0.43010699999999996,1.607408,THA,HKG,9013
2224327,223,97,1802,2003,0.0,11479.0,-0.14845999999999998,0.255092,TUN,HKG,9013
2224328,224,97,1802,2003,0.0,182004.0,0.192802,1.9855060000000002,TUR,HKG,9013
2224329,228,97,1802,2003,0.0,7151.0,0.8929389999999999,0.956685,UKR,HKG,9013
2224330,231,97,1802,2003,33399878.0,7703343.0,1.7789220000000001,0.064028,USA,HKG,9013
2224331,236,97,1802,2003,0.0,13509.0,0.277805,-0.783697,VEN,HKG,9013
2224332,239,97,1802,2003,0.0,727883.0,-0.633985,0.659696,VNM,HKG,9013
2224333,246,97,1802,2003,4832.0,959893.0,0.477987,2.255395,ZAF,HKG,9013
2224334,249,97,1802,2003,479097452.0,36664530.0,1.5924040000000002,1.397843,TWN,HKG,9013
2224335,61,99,1802,2003,259211.0,0.0,2.2821919999999998,-2.0985150000000004,DEU,HND,9013
2224336,138,99,1802,2003,1569.0,0.0,0.862509,0.756684,MEX,HND,9013
2224337,169,99,1802,2003,1066.0,0.0,-0.050386,-0.039619999999999995,PAN,HND,9013
2224338,231,99,1802,2003,83410.0,0.0,1.7789220000000001,0.064028,USA,HND,9013
2224339,249,99,1802,2003,1602.0,0.0,1.5924040000000002,1.397843,TWN,HND,9013
2224340,14,103,1802,2003,24278.0,3795.0,0.316879,0.9409489999999999,AUS,IDN,9013
2224341,15,103,1802,2003,5980.0,0.0,1.834977,0.408096,AUT,IDN,9013
2224342,18,103,1802,2003,0.0,2047.0,1.361682,1.39536,BEL,IDN,9013
2224343,32,103,1802,2003,0.0,35977.0,0.660576,1.118876,BRA,IDN,9013
2224344,39,103,1802,2003,21596.0,2624.0,0.9791540000000001,1.185081,CAN,IDN,9013
2224345,41,103,1802,2003,97918.0,0.0,2.151037,0.711217,CHE,IDN,9013
2224346,43,103,1802,2003,1091813.0,10830522.0,0.579431,2.773139,CHN,IDN,9013
2224347,61,103,1802,2003,1828895.0,50886.0,2.2821919999999998,-2.0985150000000004,DEU,IDN,9013
2224348,71,103,1802,2003,3866.0,0.0,0.960684,2.074792,ESP,IDN,9013
2224349,74,103,1802,2003,8139.0,0.0,2.077889,0.942501,FIN,IDN,9013
2224350,77,103,1802,2003,15199.0,0.0,1.606606,0.7394149999999999,FRA,IDN,9013
2224351,81,103,1802,2003,6464.0,0.0,1.8712540000000002,0.706205,GBR,IDN,9013
2224352,97,103,1802,2003,483381.0,25121.0,0.494569,2.147062,HKG,IDN,9013
2224353,104,103,1802,2003,0.0,8675.0,0.33014099999999996,2.836003,IND,IDN,9013
2224354,111,103,1802,2003,4392.0,0.0,1.399734,1.044608,ITA,IDN,9013
2224355,114,103,1802,2003,9591370.0,4737444.0,2.4686630000000003,0.48072600000000004,JPN,IDN,9013
2224356,121,103,1802,2003,131792.0,9954709.0,1.2611709999999998,0.956308,KOR,IDN,9013
2224357,138,103,1802,2003,0.0,100659.0,0.862509,0.756684,MEX,IDN,9013
2224358,153,103,1802,2003,333677.0,3733763.0,0.728804,0.2168,MYS,IDN,9013
2224359,162,103,1802,2003,6838.0,0.0,1.168453,1.7085709999999998,NLD,IDN,9013
2224360,168,103,1802,2003,0.0,5786.0,-0.6659689999999999,0.137924,PAK,IDN,9013
2224361,186,103,1802,2003,7101.0,0.0,1.072729,0.338355,RUS,IDN,9013
2224362,192,103,1802,2003,25396504.0,70643274.0,1.5080799999999999,0.720337,SGP,IDN,9013
2224363,226,103,1802,2003,0.0,8631.0,-1.225217,-0.43662399999999996,TZA,IDN,9013
2224364,231,103,1802,2003,30048.0,1127097.0,1.7789220000000001,0.064028,USA,IDN,9013
2224365,249,103,1802,2003,948304.0,1393931.0,1.5924040000000002,1.397843,TWN,IDN,9013
2224366,7,104,1802,2003,56924.0,21239.0,0.049637,-0.502691,ARE,IND,9013
2224367,8,104,1802,2003,1454.0,0.0,0.302073,0.49069700000000005,ARG,IND,9013
2224368,14,104,1802,2003,68256.0,11194.0,0.316879,0.9409489999999999,AUS,IND,9013
2224369,15,104,1802,2003,1995.0,1121.0,1.834977,0.408096,AUT,IND,9013
2224370,18,104,1802,2003,5882324.0,39061.0,1.361682,1.39536,BEL,IND,9013
2224371,23,104,1802,2003,1651.0,0.0,0.43308599999999997,1.7104099999999998,BGR,IND,9013
2224372,24,104,1802,2003,0.0,1586.0,-0.10968800000000001,-1.041032,BHR,IND,9013
2224373,28,104,1802,2003,1032.0,0.0,0.847358,0.9307719999999999,BLR,IND,9013
2224374,39,104,1802,2003,36349.0,47356.0,0.9791540000000001,1.185081,CAN,IND,9013
2224375,41,104,1802,2003,46959.0,10108.0,2.151037,0.711217,CHE,IND,9013
2224376,42,104,1802,2003,0.0,6874.0,-0.06375900000000001,-0.156808,CHL,IND,9013
2224377,43,104,1802,2003,2502036.0,4514.0,0.579431,2.773139,CHN,IND,9013
2224378,59,104,1802,2003,1643.0,0.0,1.555749,0.8662059999999999,CZE,IND,9013
2224379,61,104,1802,2003,3219779.0,471434.0,2.2821919999999998,-2.0985150000000004,DEU,IND,9013
2224380,64,104,1802,2003,2556.0,6425.0,1.309564,1.245596,DNK,IND,9013
2224381,66,104,1802,2003,0.0,2208.0,-1.060727,-1.142594,DZA,IND,9013
2224382,71,104,1802,2003,86098.0,54842.0,0.960684,2.074792,ESP,IND,9013
2224383,73,104,1802,2003,0.0,2253.0,-1.1145559999999999,-0.9599620000000001,ETH,IND,9013
2224384,77,104,1802,2003,689869.0,424730.0,1.606606,0.7394149999999999,FRA,IND,9013
2224385,81,104,1802,2003,2135193.0,125393.0,1.8712540000000002,0.706205,GBR,IND,9013
2224386,97,104,1802,2003,1753531.0,3822.0,0.494569,2.147062,HKG,IND,9013
2224387,102,104,1802,2003,8546.0,1211.0,1.2003270000000001,1.091407,HUN,IND,9013
2224388,103,104,1802,2003,8675.0,0.0,-0.16802,1.7252990000000001,IDN,IND,9013
2224389,110,104,1802,2003,2707414.0,77904.0,1.157809,0.682195,ISR,IND,9013
2224390,111,104,1802,2003,391852.0,20758.0,1.399734,1.044608,ITA,IND,9013
2224391,114,104,1802,2003,624374.0,31788.0,2.4686630000000003,0.48072600000000004,JPN,IND,9013
2224392,116,104,1802,2003,0.0,1192.0,-0.3531,0.582992,KEN,IND,9013
2224393,121,104,1802,2003,111426.0,5734.0,1.2611709999999998,0.956308,KOR,IND,9013
2224394,124,104,1802,2003,0.0,917.0,0.261687,1.053856,LBN,IND,9013
2224395,128,104,1802,2003,0.0,63777.0,-0.618057,0.101931,LKA,IND,9013
2224396,130,104,1802,2003,57045.0,0.0,0.239608,0.517299,LTU,IND,9013
2224397,131,104,1802,2003,0.0,2053.0,1.444996,1.063764,LUX,IND,9013
2224398,138,104,1802,2003,0.0,7720.0,0.862509,0.756684,MEX,IND,9013
2224399,153,104,1802,2003,17471.0,19341.0,0.728804,0.2168,MYS,IND,9013
2224400,159,104,1802,2003,0.0,24272.0,-1.859176,-1.234236,NGA,IND,9013
2224401,162,104,1802,2003,422540.0,31743.0,1.168453,1.7085709999999998,NLD,IND,9013
2224402,164,104,1802,2003,11418.0,1598.0,-0.26353899999999997,1.351717,NPL,IND,9013
2224403,166,104,1802,2003,0.0,2767.0,0.589619,0.997301,NZL,IND,9013
2224404,168,104,1802,2003,0.0,1857.0,-0.6659689999999999,0.137924,PAK,IND,9013
2224405,177,104,1802,2003,257271.0,224192.0,0.966622,1.664838,POL,IND,9013
2224406,178,104,1802,2003,0.0,2837.0,0.7060420000000001,0.7718,PRK,IND,9013
2224407,179,104,1802,2003,0.0,2005.0,0.471376,1.647303,PRT,IND,9013
2224408,186,104,1802,2003,311500.0,18772.0,1.072729,0.338355,RUS,IND,9013
2224409,188,104,1802,2003,0.0,10673.0,0.202286,-0.714691,SAU,IND,9013
2224410,192,104,1802,2003,606685.0,108011.0,1.5080799999999999,0.720337,SGP,IND,9013
2224411,206,104,1802,2003,0.0,4674.0,1.22565,0.915518,SVK,IND,9013
2224412,208,104,1802,2003,114962.0,4170.0,2.099224,0.799982,SWE,IND,9013
2224413,216,104,1802,2003,0.0,2563.0,0.43010699999999996,1.607408,THA,IND,9013
2224414,217,104,1802,2003,0.0,2580.0,-0.6187520000000001,-1.0438969999999999,TJK,IND,9013
2224415,223,104,1802,2003,0.0,1649.0,-0.14845999999999998,0.255092,TUN,IND,9013
2224416,224,104,1802,2003,0.0,3417.0,0.192802,1.9855060000000002,TUR,IND,9013
2224417,228,104,1802,2003,1049929.0,0.0,0.8929389999999999,0.956685,UKR,IND,9013
2224418,231,104,1802,2003,3739494.0,550801.0,1.7789220000000001,0.064028,USA,IND,9013
2224419,246,104,1802,2003,13154.0,8800.0,0.477987,2.255395,ZAF,IND,9013
2224420,249,104,1802,2003,442681.0,7743.0,1.5924040000000002,1.397843,TWN,IND,9013
2224421,250,104,1802,2003,28578.0,0.0,0.45951499999999995,-0.2312,ANS,IND,9013
2224422,14,106,1802,2003,7693.0,100542.0,0.316879,0.9409489999999999,AUS,IRL,9013
2224423,15,106,1802,2003,47745.0,0.0,1.834977,0.408096,AUT,IRL,9013
2224424,18,106,1802,2003,90839.0,27812.0,1.361682,1.39536,BEL,IRL,9013
2224425,32,106,1802,2003,0.0,19753.0,0.660576,1.118876,BRA,IRL,9013
2224426,39,106,1802,2003,354364.0,0.0,0.9791540000000001,1.185081,CAN,IRL,9013
2224427,41,106,1802,2003,68397.0,18610.0,2.151037,0.711217,CHE,IRL,9013
2224428,43,106,1802,2003,9565712.0,152341.0,0.579431,2.773139,CHN,IRL,9013
2224429,49,106,1802,2003,0.0,822.0,0.218336,0.376869,COL,IRL,9013
2224430,59,106,1802,2003,3462.0,21939.0,1.555749,0.8662059999999999,CZE,IRL,9013
2224431,61,106,1802,2003,2506292.0,118406.0,2.2821919999999998,-2.0985150000000004,DEU,IRL,9013
2224432,64,106,1802,2003,136043.0,0.0,1.309564,1.245596,DNK,IRL,9013
2224433,71,106,1802,2003,15488.0,10685.0,0.960684,2.074792,ESP,IRL,9013
2224434,72,106,1802,2003,17323.0,0.0,0.5913010000000001,0.8489979999999999,EST,IRL,9013
2224435,74,106,1802,2003,12861.0,17297.0,2.077889,0.942501,FIN,IRL,9013
2224436,77,106,1802,2003,117945.0,17753.0,1.606606,0.7394149999999999,FRA,IRL,9013
2224437,81,106,1802,2003,6004341.0,540835.0,1.8712540000000002,0.706205,GBR,IRL,9013
2224438,90,106,1802,2003,2040.0,0.0,0.364688,1.4823959999999998,GRC,IRL,9013
2224439,97,106,1802,2003,1655107.0,0.0,0.494569,2.147062,HKG,IRL,9013
2224440,102,106,1802,2003,0.0,9550.0,1.2003270000000001,1.091407,HUN,IRL,9013
2224441,110,106,1802,2003,5102.0,84491.0,1.157809,0.682195,ISR,IRL,9013
2224442,111,106,1802,2003,20788.0,0.0,1.399734,1.044608,ITA,IRL,9013
2224443,114,106,1802,2003,8292543.0,9852.0,2.4686630000000003,0.48072600000000004,JPN,IRL,9013
2224444,121,106,1802,2003,237341.0,8280.0,1.2611709999999998,0.956308,KOR,IRL,9013
2224445,130,106,1802,2003,17258.0,14535.0,0.239608,0.517299,LTU,IRL,9013
2224446,138,106,1802,2003,0.0,208003.0,0.862509,0.756684,MEX,IRL,9013
2224447,162,106,1802,2003,10327024.0,7238.0,1.168453,1.7085709999999998,NLD,IRL,9013
2224448,163,106,1802,2003,1335.0,51091.0,1.1500620000000001,0.258554,NOR,IRL,9013
2224449,166,106,1802,2003,0.0,3948.0,0.589619,0.997301,NZL,IRL,9013
2224450,192,106,1802,2003,43406.0,26576.0,1.5080799999999999,0.720337,SGP,IRL,9013
2224451,206,106,1802,2003,3029.0,2036.0,1.22565,0.915518,SVK,IRL,9013
2224452,207,106,1802,2003,0.0,5590.0,1.6459840000000001,1.014191,SVN,IRL,9013
2224453,208,106,1802,2003,1464.0,23220.0,2.099224,0.799982,SWE,IRL,9013
2224454,216,106,1802,2003,6883.0,0.0,0.43010699999999996,1.607408,THA,IRL,9013
2224455,231,106,1802,2003,5318360.0,156940.0,1.7789220000000001,0.064028,USA,IRL,9013
2224456,246,106,1802,2003,0.0,37922.0,0.477987,2.255395,ZAF,IRL,9013
2224457,249,106,1802,2003,33566627.0,4213.0,1.5924040000000002,1.397843,TWN,IRL,9013
2224458,8,110,1802,2003,0.0,619292.0,0.302073,0.49069700000000005,ARG,ISR,9013
2224459,9,110,1802,2003,13903.0,0.0,0.497521,-0.305788,ARM,ISR,9013
2224460,14,110,1802,2003,2024.0,547139.0,0.316879,0.9409489999999999,AUS,ISR,9013
2224461,15,110,1802,2003,245727.0,1001254.0,1.834977,0.408096,AUT,ISR,9013
2224462,18,110,1802,2003,166922.0,102890.0,1.361682,1.39536,BEL,ISR,9013
2224463,23,110,1802,2003,17545.0,1392.0,0.43308599999999997,1.7104099999999998,BGR,ISR,9013
2224464,32,110,1802,2003,0.0,24368.0,0.660576,1.118876,BRA,ISR,9013
2224465,37,110,1802,2003,0.0,76576.0,-0.517317,-1.1125770000000001,BWA,ISR,9013
2224466,39,110,1802,2003,628167.0,101672.0,0.9791540000000001,1.185081,CAN,ISR,9013
2224467,41,110,1802,2003,184988.0,32550.0,2.151037,0.711217,CHE,ISR,9013
2224468,43,110,1802,2003,845579.0,754594.0,0.579431,2.773139,CHN,ISR,9013
2224469,49,110,1802,2003,0.0,810465.0,0.218336,0.376869,COL,ISR,9013
2224470,52,110,1802,2003,1875.0,3057.0,-0.193904,-0.5049680000000001,CRI,ISR,9013
2224471,58,110,1802,2003,379268.0,1490.0,0.259992,0.068914,CYP,ISR,9013
2224472,59,110,1802,2003,122612.0,1853.0,1.555749,0.8662059999999999,CZE,ISR,9013
2224473,61,110,1802,2003,8661712.0,11322483.0,2.2821919999999998,-2.0985150000000004,DEU,ISR,9013
2224474,64,110,1802,2003,20182.0,141257.0,1.309564,1.245596,DNK,ISR,9013
2224475,71,110,1802,2003,1168955.0,315959.0,0.960684,2.074792,ESP,ISR,9013
2224476,73,110,1802,2003,6249.0,0.0,-1.1145559999999999,-0.9599620000000001,ETH,ISR,9013
2224477,74,110,1802,2003,0.0,150764.0,2.077889,0.942501,FIN,ISR,9013
2224478,77,110,1802,2003,278730.0,2215142.0,1.606606,0.7394149999999999,FRA,ISR,9013
2224479,81,110,1802,2003,2348019.0,466238.0,1.8712540000000002,0.706205,GBR,ISR,9013
2224480,90,110,1802,2003,108730.0,1774721.0,0.364688,1.4823959999999998,GRC,ISR,9013
2224481,97,110,1802,2003,966542.0,890924.0,0.494569,2.147062,HKG,ISR,9013
2224482,100,110,1802,2003,11591.0,0.0,0.568394,1.230759,HRV,ISR,9013
2224483,102,110,1802,2003,26415.0,0.0,1.2003270000000001,1.091407,HUN,ISR,9013
2224484,104,110,1802,2003,77904.0,2707414.0,0.33014099999999996,2.836003,IND,ISR,9013
2224485,106,110,1802,2003,84491.0,5102.0,1.6396130000000002,0.220599,IRL,ISR,9013
2224486,111,110,1802,2003,681287.0,3815661.0,1.399734,1.044608,ITA,ISR,9013
2224487,114,110,1802,2003,1014658.0,290225.0,2.4686630000000003,0.48072600000000004,JPN,ISR,9013
2224488,121,110,1802,2003,528822.0,1661468.0,1.2611709999999998,0.956308,KOR,ISR,9013
2224489,128,110,1802,2003,0.0,111438.0,-0.618057,0.101931,LKA,ISR,9013
2224490,130,110,1802,2003,133518.0,2754.0,0.239608,0.517299,LTU,ISR,9013
2224491,131,110,1802,2003,0.0,182846.0,1.444996,1.063764,LUX,ISR,9013
2224492,138,110,1802,2003,948.0,17705.0,0.862509,0.756684,MEX,ISR,9013
2224493,153,110,1802,2003,6489.0,0.0,0.728804,0.2168,MYS,ISR,9013
2224494,162,110,1802,2003,990485.0,272585.0,1.168453,1.7085709999999998,NLD,ISR,9013
2224495,163,110,1802,2003,0.0,20537.0,1.1500620000000001,0.258554,NOR,ISR,9013
2224496,164,110,1802,2003,0.0,966045.0,-0.26353899999999997,1.351717,NPL,ISR,9013
2224497,166,110,1802,2003,0.0,797.0,0.589619,0.997301,NZL,ISR,9013
2224498,173,110,1802,2003,0.0,1906.0,-0.48627,0.371354,PER,ISR,9013
2224499,174,110,1802,2003,7915.0,0.0,-0.065022,-0.195144,PHL,ISR,9013
2224500,177,110,1802,2003,39158.0,66461.0,0.966622,1.664838,POL,ISR,9013
2224501,179,110,1802,2003,9025.0,37640.0,0.471376,1.647303,PRT,ISR,9013
2224502,185,110,1802,2003,467596.0,223775.0,0.378379,1.0064620000000002,ROU,ISR,9013
2224503,186,110,1802,2003,2303.0,238996.0,1.072729,0.338355,RUS,ISR,9013
2224504,189,110,1802,2003,0.0,2093000.0,0.575326,1.627894,SCG,ISR,9013
2224505,192,110,1802,2003,439146.0,249757.0,1.5080799999999999,0.720337,SGP,ISR,9013
2224506,206,110,1802,2003,35229.0,3009.0,1.22565,0.915518,SVK,ISR,9013
2224507,207,110,1802,2003,1947.0,83575.0,1.6459840000000001,1.014191,SVN,ISR,9013
2224508,208,110,1802,2003,53098.0,7849.0,2.099224,0.799982,SWE,ISR,9013
2224509,216,110,1802,2003,10279.0,728504.0,0.43010699999999996,1.607408,THA,ISR,9013
2224510,224,110,1802,2003,13808.0,166000.0,0.192802,1.9855060000000002,TUR,ISR,9013
2224511,228,110,1802,2003,0.0,10204.0,0.8929389999999999,0.956685,UKR,ISR,9013
2224512,231,110,1802,2003,29265963.0,11228204.0,1.7789220000000001,0.064028,USA,ISR,9013
2224513,246,110,1802,2003,98042.0,128791.0,0.477987,2.255395,ZAF,ISR,9013
2224514,249,110,1802,2003,3067963.0,1353630.0,1.5924040000000002,1.397843,TWN,ISR,9013
2224515,250,110,1802,2003,41486.0,9789000.0,0.45951499999999995,-0.2312,ANS,ISR,9013
2224516,4,111,1802,2003,0.0,7031.0,-0.053595000000000004,0.166034,ALB,ITA,9013
2224517,5,111,1802,2003,0.0,1427.0,1.0901319999999999,0.618693,AND,ITA,9013
2224518,7,111,1802,2003,491786.0,80718.0,0.049637,-0.502691,ARE,ITA,9013
2224519,8,111,1802,2003,0.0,45839.0,0.302073,0.49069700000000005,ARG,ITA,9013
2224520,14,111,1802,2003,117968.0,459371.0,0.316879,0.9409489999999999,AUS,ITA,9013
2224521,15,111,1802,2003,1929998.0,421773.0,1.834977,0.408096,AUT,ITA,9013
2224522,18,111,1802,2003,2251302.0,753541.0,1.361682,1.39536,BEL,ITA,9013
2224523,22,111,1802,2003,0.0,944784.0,-1.168404,-1.035782,BGD,ITA,9013
2224524,23,111,1802,2003,0.0,28223.0,0.43308599999999997,1.7104099999999998,BGR,ITA,9013
2224525,24,111,1802,2003,0.0,1440.0,-0.10968800000000001,-1.041032,BHR,ITA,9013
2224526,26,111,1802,2003,0.0,6445.0,0.195667,0.347011,BIH,ITA,9013
2224527,28,111,1802,2003,13715.0,5809.0,0.847358,0.9307719999999999,BLR,ITA,9013
2224528,32,111,1802,2003,7004.0,145133.0,0.660576,1.118876,BRA,ITA,9013
2224529,39,111,1802,2003,1263500.0,296487.0,0.9791540000000001,1.185081,CAN,ITA,9013
2224530,41,111,1802,2003,3598125.0,2599252.0,2.151037,0.711217,CHE,ITA,9013
2224531,42,111,1802,2003,0.0,78812.0,-0.06375900000000001,-0.156808,CHL,ITA,9013
2224532,43,111,1802,2003,5651130.0,601682.0,0.579431,2.773139,CHN,ITA,9013
2224533,44,111,1802,2003,0.0,5200.0,-0.699928,-0.723739,CIV,ITA,9013
2224534,48,111,1802,2003,0.0,19795.0,0.327914,-0.466681,COK,ITA,9013
2224535,49,111,1802,2003,3244.0,6615.0,0.218336,0.376869,COL,ITA,9013
2224536,52,111,1802,2003,159697.0,5866.0,-0.193904,-0.5049680000000001,CRI,ITA,9013
2224537,54,111,1802,2003,0.0,117866.0,-0.391515,-0.8562120000000001,CUB,ITA,9013
2224538,58,111,1802,2003,2114.0,23239.0,0.259992,0.068914,CYP,ITA,9013
2224539,59,111,1802,2003,2339976.0,18541290.0,1.555749,0.8662059999999999,CZE,ITA,9013
2224540,61,111,1802,2003,42056302.0,3330088.0,2.2821919999999998,-2.0985150000000004,DEU,ITA,9013
2224541,64,111,1802,2003,721169.0,77716.0,1.309564,1.245596,DNK,ITA,9013
2224542,66,111,1802,2003,0.0,2145.0,-1.060727,-1.142594,DZA,ITA,9013
2224543,67,111,1802,2003,0.0,3901.0,-0.8689370000000001,-0.889767,ECU,ITA,9013
2224544,68,111,1802,2003,0.0,45214.0,-0.292923,0.465433,EGY,ITA,9013
2224545,71,111,1802,2003,3329294.0,7903826.0,0.960684,2.074792,ESP,ITA,9013
2224546,72,111,1802,2003,3516.0,3138.0,0.5913010000000001,0.8489979999999999,EST,ITA,9013
2224547,74,111,1802,2003,117369.0,262287.0,2.077889,0.942501,FIN,ITA,9013
2224548,77,111,1802,2003,9141942.0,5664641.0,1.606606,0.7394149999999999,FRA,ITA,9013
2224549,81,111,1802,2003,5916995.0,3423692.0,1.8712540000000002,0.706205,GBR,ITA,9013
2224550,83,111,1802,2003,0.0,388373.0,-1.074188,-0.7127319999999999,GHA,ITA,9013
2224551,90,111,1802,2003,5721.0,291338.0,0.364688,1.4823959999999998,GRC,ITA,9013
2224552,93,111,1802,2003,0.0,1691.0,-0.444162,0.145319,GTM,ITA,9013
2224553,96,111,1802,2003,0.0,6834.0,-0.59035,-0.7361340000000001,GUY,ITA,9013
2224554,97,111,1802,2003,2915979.0,1656056.0,0.494569,2.147062,HKG,ITA,9013
2224555,100,111,1802,2003,15025.0,98413.0,0.568394,1.230759,HRV,ITA,9013
2224556,102,111,1802,2003,116307.0,453262.0,1.2003270000000001,1.091407,HUN,ITA,9013
2224557,103,111,1802,2003,0.0,4392.0,-0.16802,1.7252990000000001,IDN,ITA,9013
2224558,104,111,1802,2003,20758.0,391852.0,0.33014099999999996,2.836003,IND,ITA,9013
2224559,106,111,1802,2003,0.0,20788.0,1.6396130000000002,0.220599,IRL,ITA,9013
2224560,107,111,1802,2003,6040.0,100027.0,-0.552146,-0.8668520000000001,IRN,ITA,9013
2224561,109,111,1802,2003,0.0,3145.0,0.21902800000000003,-0.40818499999999996,ISL,ITA,9013
2224562,110,111,1802,2003,3815661.0,681287.0,1.157809,0.682195,ISR,ITA,9013
2224563,114,111,1802,2003,19581101.0,1340145.0,2.4686630000000003,0.48072600000000004,JPN,ITA,9013
2224564,121,111,1802,2003,1684547.0,681379.0,1.2611709999999998,0.956308,KOR,ITA,9013
2224565,122,111,1802,2003,0.0,1153.0,-0.7943640000000001,-1.1529770000000001,KWT,ITA,9013
2224566,124,111,1802,2003,0.0,23087.0,0.261687,1.053856,LBN,ITA,9013
2224567,126,111,1802,2003,0.0,22060.0,-0.36075999999999997,-1.110575,LBY,ITA,9013
2224568,128,111,1802,2003,0.0,11498.0,-0.618057,0.101931,LKA,ITA,9013
2224569,130,111,1802,2003,86287.0,56615.0,0.239608,0.517299,LTU,ITA,9013
2224570,132,111,1802,2003,0.0,21100.0,0.520772,0.5631689999999999,LVA,ITA,9013
2224571,133,111,1802,2003,21326.0,0.0,-0.294516,-0.413828,MAC,ITA,9013
2224572,134,111,1802,2003,2955.0,21779.0,-0.6842050000000001,-0.217892,MAR,ITA,9013
2224573,135,111,1802,2003,0.0,5862.0,-0.005154,-0.26107199999999997,MDA,ITA,9013
2224574,138,111,1802,2003,101062.0,305186.0,0.862509,0.756684,MEX,ITA,9013
2224575,140,111,1802,2003,0.0,1216.0,-0.017632,0.225394,MKD,ITA,9013
2224576,142,111,1802,2003,10405.0,211971.0,1.2138149999999999,-0.015687,MLT,ITA,9013
2224577,151,111,1802,2003,5275.0,39847.0,-0.361514,-0.29839899999999997,MUS,ITA,9013
2224578,153,111,1802,2003,2279993.0,91365.0,0.728804,0.2168,MYS,ITA,9013
2224579,162,111,1802,2003,1614651.0,235237.0,1.168453,1.7085709999999998,NLD,ITA,9013
2224580,163,111,1802,2003,376448.0,43700.0,1.1500620000000001,0.258554,NOR,ITA,9013
2224581,166,111,1802,2003,49935.0,17428.0,0.589619,0.997301,NZL,ITA,9013
2224582,168,111,1802,2003,84569.0,29882.0,-0.6659689999999999,0.137924,PAK,ITA,9013
2224583,174,111,1802,2003,219704.0,66865.0,-0.065022,-0.195144,PHL,ITA,9013
2224584,177,111,1802,2003,51573.0,240564.0,0.966622,1.664838,POL,ITA,9013
2224585,179,111,1802,2003,110153.0,429295.0,0.471376,1.647303,PRT,ITA,9013
2224586,182,111,1802,2003,0.0,1325.0,-0.255707,-0.676557,PYF,ITA,9013
2224587,185,111,1802,2003,174384.0,240852.0,0.378379,1.0064620000000002,ROU,ITA,9013
2224588,186,111,1802,2003,61494.0,137172.0,1.072729,0.338355,RUS,ITA,9013
2224589,188,111,1802,2003,0.0,70264.0,0.202286,-0.714691,SAU,ITA,9013
2224590,189,111,1802,2003,0.0,53530.0,0.575326,1.627894,SCG,ITA,9013
2224591,192,111,1802,2003,152454.0,342160.0,1.5080799999999999,0.720337,SGP,ITA,9013
2224592,206,111,1802,2003,7487.0,545441.0,1.22565,0.915518,SVK,ITA,9013
2224593,207,111,1802,2003,11199.0,231810.0,1.6459840000000001,1.014191,SVN,ITA,9013
2224594,208,111,1802,2003,212567.0,223569.0,2.099224,0.799982,SWE,ITA,9013
2224595,212,111,1802,2003,0.0,8008518.0,-0.868749,-0.326322,SYR,ITA,9013
2224596,216,111,1802,2003,81195.0,133370.0,0.43010699999999996,1.607408,THA,ITA,9013
2224597,218,111,1802,2003,47510.0,0.0,0.244606,-0.038999,TKL,ITA,9013
2224598,223,111,1802,2003,32857.0,82920.0,-0.14845999999999998,0.255092,TUN,ITA,9013
2224599,224,111,1802,2003,2258911.0,287763.0,0.192802,1.9855060000000002,TUR,ITA,9013
2224600,226,111,1802,2003,0.0,7860.0,-1.225217,-0.43662399999999996,TZA,ITA,9013
2224601,228,111,1802,2003,2210.0,10293.0,0.8929389999999999,0.956685,UKR,ITA,9013
2224602,231,111,1802,2003,27164033.0,9948617.0,1.7789220000000001,0.064028,USA,ITA,9013
2224603,236,111,1802,2003,11021.0,17781.0,0.277805,-0.783697,VEN,ITA,9013
2224604,239,111,1802,2003,0.0,33820.0,-0.633985,0.659696,VNM,ITA,9013
2224605,243,111,1802,2003,0.0,9395.0,-1.453584,-1.257815,YEM,ITA,9013
2224606,246,111,1802,2003,12209.0,59244.0,0.477987,2.255395,ZAF,ITA,9013
2224607,249,111,1802,2003,3302298.0,336069.0,1.5924040000000002,1.397843,TWN,ITA,9013
2224608,250,111,1802,2003,0.0,597001.0,0.45951499999999995,-0.2312,ANS,ITA,9013
2224609,39,112,1802,2003,2552.0,0.0,0.9791540000000001,1.185081,CAN,JAM,9013
2224610,61,112,1802,2003,990.0,0.0,2.2821919999999998,-2.0985150000000004,DEU,JAM,9013
2224611,231,112,1802,2003,105976.0,0.0,1.7789220000000001,0.064028,USA,JAM,9013
2224612,5,114,1802,2003,0.0,42151.0,1.0901319999999999,0.618693,AND,JPN,9013
2224613,7,114,1802,2003,11276.0,111222.0,0.049637,-0.502691,ARE,JPN,9013
2224614,8,114,1802,2003,0.0,21078.0,0.302073,0.49069700000000005,ARG,JPN,9013
2224615,13,114,1802,2003,0.0,3115.0,0.014283,-0.564587,ATG,JPN,9013
2224616,14,114,1802,2003,126229.0,4400472.0,0.316879,0.9409489999999999,AUS,JPN,9013
2224617,15,114,1802,2003,681346.0,2401899.0,1.834977,0.408096,AUT,JPN,9013
2224618,18,114,1802,2003,193356.0,16062592.0,1.361682,1.39536,BEL,JPN,9013
2224619,22,114,1802,2003,0.0,14812.0,-1.168404,-1.035782,BGD,JPN,9013
2224620,23,114,1802,2003,0.0,8154.0,0.43308599999999997,1.7104099999999998,BGR,JPN,9013
2224621,24,114,1802,2003,0.0,57171.0,-0.10968800000000001,-1.041032,BHR,JPN,9013
2224622,26,114,1802,2003,0.0,299.0,0.195667,0.347011,BIH,JPN,9013
2224623,28,114,1802,2003,393384.0,3765.0,0.847358,0.9307719999999999,BLR,JPN,9013
2224624,31,114,1802,2003,0.0,36830.0,-0.787995,-0.7228899999999999,BOL,JPN,9013
2224625,32,114,1802,2003,3953.0,1552447.0,0.660576,1.118876,BRA,JPN,9013
2224626,39,114,1802,2003,3624003.0,7395732.0,0.9791540000000001,1.185081,CAN,JPN,9013
2224627,41,114,1802,2003,1296545.0,2484878.0,2.151037,0.711217,CHE,JPN,9013
2224628,42,114,1802,2003,0.0,12377.0,-0.06375900000000001,-0.156808,CHL,JPN,9013
2224629,43,114,1802,2003,423975709.0,1391137386.0,0.579431,2.773139,CHN,JPN,9013
2224630,45,114,1802,2003,1856.0,0.0,-1.254788,-1.10897,CMR,JPN,9013
2224631,49,114,1802,2003,0.0,47291.0,0.218336,0.376869,COL,JPN,9013
2224632,52,114,1802,2003,20979.0,1463.0,-0.193904,-0.5049680000000001,CRI,JPN,9013
2224633,59,114,1802,2003,923120.0,1064274.0,1.555749,0.8662059999999999,CZE,JPN,9013
2224634,61,114,1802,2003,74047702.0,48693908.0,2.2821919999999998,-2.0985150000000004,DEU,JPN,9013
2224635,64,114,1802,2003,84433.0,1644942.0,1.309564,1.245596,DNK,JPN,9013
2224636,66,114,1802,2003,0.0,2651.0,-1.060727,-1.142594,DZA,JPN,9013
2224637,67,114,1802,2003,40130.0,1897.0,-0.8689370000000001,-0.889767,ECU,JPN,9013
2224638,68,114,1802,2003,3077.0,675071.0,-0.292923,0.465433,EGY,JPN,9013
2224639,71,114,1802,2003,266525.0,53213371.0,0.960684,2.074792,ESP,JPN,9013
2224640,72,114,1802,2003,2418.0,328886.0,0.5913010000000001,0.8489979999999999,EST,JPN,9013
2224641,73,114,1802,2003,0.0,1645.0,-1.1145559999999999,-0.9599620000000001,ETH,JPN,9013
2224642,74,114,1802,2003,62532.0,7751709.0,2.077889,0.942501,FIN,JPN,9013
2224643,77,114,1802,2003,3234251.0,31786053.0,1.606606,0.7394149999999999,FRA,JPN,9013
2224644,81,114,1802,2003,16182419.0,51525996.0,1.8712540000000002,0.706205,GBR,JPN,9013
2224645,83,114,1802,2003,0.0,3102.0,-1.074188,-0.7127319999999999,GHA,JPN,9013
2224646,90,114,1802,2003,1059.0,3112.0,0.364688,1.4823959999999998,GRC,JPN,9013
2224647,92,114,1802,2003,0.0,412.0,-0.764655,-0.8684200000000001,GRL,JPN,9013
2224648,97,114,1802,2003,7877011.0,446516675.0,0.494569,2.147062,HKG,JPN,9013
2224649,100,114,1802,2003,0.0,28907.0,0.568394,1.230759,HRV,JPN,9013
2224650,102,114,1802,2003,8402.0,986504.0,1.2003270000000001,1.091407,HUN,JPN,9013
2224651,103,114,1802,2003,4737444.0,9591370.0,-0.16802,1.7252990000000001,IDN,JPN,9013
2224652,104,114,1802,2003,31788.0,624374.0,0.33014099999999996,2.836003,IND,JPN,9013
2224653,106,114,1802,2003,9852.0,8292543.0,1.6396130000000002,0.220599,IRL,JPN,9013
2224654,107,114,1802,2003,0.0,58211.0,-0.552146,-0.8668520000000001,IRN,JPN,9013
2224655,109,114,1802,2003,0.0,5070.0,0.21902800000000003,-0.40818499999999996,ISL,JPN,9013
2224656,110,114,1802,2003,290225.0,1014658.0,1.157809,0.682195,ISR,JPN,9013
2224657,111,114,1802,2003,1340145.0,19581101.0,1.399734,1.044608,ITA,JPN,9013
2224658,113,114,1802,2003,0.0,39624.0,0.12295,0.377031,JOR,JPN,9013
2224659,115,114,1802,2003,0.0,36784.0,-0.156326,-0.62092,KAZ,JPN,9013
2224660,121,114,1802,2003,124130213.0,311563435.0,1.2611709999999998,0.956308,KOR,JPN,9013
2224661,122,114,1802,2003,0.0,9805.0,-0.7943640000000001,-1.1529770000000001,KWT,JPN,9013
2224662,124,114,1802,2003,0.0,1947.0,0.261687,1.053856,LBN,JPN,9013
2224663,128,114,1802,2003,5932537.0,1456417.0,-0.618057,0.101931,LKA,JPN,9013
2224664,130,114,1802,2003,268500.0,31218.0,0.239608,0.517299,LTU,JPN,9013
2224665,131,114,1802,2003,0.0,686947.0,1.444996,1.063764,LUX,JPN,9013
2224666,132,114,1802,2003,13676.0,5093.0,0.520772,0.5631689999999999,LVA,JPN,9013
2224667,133,114,1802,2003,217749.0,60774.0,-0.294516,-0.413828,MAC,JPN,9013
2224668,134,114,1802,2003,0.0,928.0,-0.6842050000000001,-0.217892,MAR,JPN,9013
2224669,135,114,1802,2003,0.0,1452.0,-0.005154,-0.26107199999999997,MDA,JPN,9013
2224670,138,114,1802,2003,26428.0,6171827.0,0.862509,0.756684,MEX,JPN,9013
2224671,142,114,1802,2003,20033.0,0.0,1.2138149999999999,-0.015687,MLT,JPN,9013
2224672,151,114,1802,2003,0.0,5650.0,-0.361514,-0.29839899999999997,MUS,JPN,9013
2224673,153,114,1802,2003,18331189.0,91303737.0,0.728804,0.2168,MYS,JPN,9013
2224674,155,114,1802,2003,1196.0,1408.0,-0.24004499999999998,-0.39565900000000004,NAM,JPN,9013
2224675,156,114,1802,2003,0.0,5517.0,-0.344934,-0.776632,NCL,JPN,9013
2224676,160,114,1802,2003,0.0,1151.0,-0.8661459999999999,-0.8661690000000001,NIC,JPN,9013
2224677,162,114,1802,2003,2606240.0,6297890.0,1.168453,1.7085709999999998,NLD,JPN,9013
2224678,163,114,1802,2003,23391.0,683476.0,1.1500620000000001,0.258554,NOR,JPN,9013
2224679,164,114,1802,2003,0.0,1559.0,-0.26353899999999997,1.351717,NPL,JPN,9013
2224680,166,114,1802,2003,25162.0,128264.0,0.589619,0.997301,NZL,JPN,9013
2224681,167,114,1802,2003,0.0,15200.0,-1.434873,-1.188123,OMN,JPN,9013
2224682,168,114,1802,2003,0.0,30580.0,-0.6659689999999999,0.137924,PAK,JPN,9013
2224683,173,114,1802,2003,0.0,5360.0,-0.48627,0.371354,PER,JPN,9013
2224684,174,114,1802,2003,217969589.0,159469342.0,-0.065022,-0.195144,PHL,JPN,9013
2224685,177,114,1802,2003,5659.0,112564.0,0.966622,1.664838,POL,JPN,9013
2224686,178,114,1802,2003,0.0,1834.0,0.7060420000000001,0.7718,PRK,JPN,9013
2224687,179,114,1802,2003,23051.0,37270.0,0.471376,1.647303,PRT,JPN,9013
2224688,185,114,1802,2003,0.0,99750.0,0.378379,1.0064620000000002,ROU,JPN,9013
2224689,186,114,1802,2003,431108.0,154933.0,1.072729,0.338355,RUS,JPN,9013
2224690,188,114,1802,2003,0.0,103399.0,0.202286,-0.714691,SAU,JPN,9013
2224691,192,114,1802,2003,9269527.0,57959023.0,1.5080799999999999,0.720337,SGP,JPN,9013
2224692,206,114,1802,2003,0.0,960341.0,1.22565,0.915518,SVK,JPN,9013
2224693,207,114,1802,2003,0.0,69649.0,1.6459840000000001,1.014191,SVN,JPN,9013
2224694,208,114,1802,2003,270171.0,2659644.0,2.099224,0.799982,SWE,JPN,9013
2224695,212,114,1802,2003,0.0,3529.0,-0.868749,-0.326322,SYR,JPN,9013
2224696,216,114,1802,2003,2027456.0,21873796.0,0.43010699999999996,1.607408,THA,JPN,9013
2224697,222,114,1802,2003,0.0,8026.0,-0.16738,-0.9820969999999999,TTO,JPN,9013
2224698,223,114,1802,2003,0.0,32539.0,-0.14845999999999998,0.255092,TUN,JPN,9013
2224699,224,114,1802,2003,0.0,282658.0,0.192802,1.9855060000000002,TUR,JPN,9013
2224700,228,114,1802,2003,0.0,43024.0,0.8929389999999999,0.956685,UKR,JPN,9013
2224701,231,114,1802,2003,248680262.0,248598092.0,1.7789220000000001,0.064028,USA,JPN,9013
2224702,239,114,1802,2003,571651.0,987635.0,-0.633985,0.659696,VNM,JPN,9013
2224703,243,114,1802,2003,0.0,13360.0,-1.453584,-1.257815,YEM,JPN,9013
2224704,246,114,1802,2003,7149.0,623124.0,0.477987,2.255395,ZAF,JPN,9013
2224705,249,114,1802,2003,184824030.0,414843925.0,1.5924040000000002,1.397843,TWN,JPN,9013
2224706,250,114,1802,2003,5335.0,0.0,0.45951499999999995,-0.2312,ANS,JPN,9013
2224707,5,121,1802,2003,0.0,76.0,1.0901319999999999,0.618693,AND,KOR,9013
2224708,7,121,1802,2003,0.0,18741.0,0.049637,-0.502691,ARE,KOR,9013
2224709,8,121,1802,2003,0.0,24279.0,0.302073,0.49069700000000005,ARG,KOR,9013
2224710,9,121,1802,2003,861.0,2889.0,0.497521,-0.305788,ARM,KOR,9013
2224711,14,121,1802,2003,112813.0,239543.0,0.316879,0.9409489999999999,AUS,KOR,9013
2224712,15,121,1802,2003,56285.0,34970.0,1.834977,0.408096,AUT,KOR,9013
2224713,18,121,1802,2003,130213.0,1455371.0,1.361682,1.39536,BEL,KOR,9013
2224714,23,121,1802,2003,53586.0,8324.0,0.43308599999999997,1.7104099999999998,BGR,KOR,9013
2224715,24,121,1802,2003,0.0,5498.0,-0.10968800000000001,-1.041032,BHR,KOR,9013
2224716,28,121,1802,2003,25527.0,1122.0,0.847358,0.9307719999999999,BLR,KOR,9013
2224717,32,121,1802,2003,201091.0,7046044.0,0.660576,1.118876,BRA,KOR,9013
2224718,39,121,1802,2003,553322.0,2551614.0,0.9791540000000001,1.185081,CAN,KOR,9013
2224719,41,121,1802,2003,326431.0,114653.0,2.151037,0.711217,CHE,KOR,9013
2224720,42,121,1802,2003,356414.0,7223.0,-0.06375900000000001,-0.156808,CHL,KOR,9013
2224721,43,121,1802,2003,330467526.0,1312856089.0,0.579431,2.773139,CHN,KOR,9013
2224722,49,121,1802,2003,0.0,5951.0,0.218336,0.376869,COL,KOR,9013
2224723,52,121,1802,2003,12060.0,1124.0,-0.193904,-0.5049680000000001,CRI,KOR,9013
2224724,54,121,1802,2003,0.0,2255.0,-0.391515,-0.8562120000000001,CUB,KOR,9013
2224725,58,121,1802,2003,2427.0,6348.0,0.259992,0.068914,CYP,KOR,9013
2224726,59,121,1802,2003,2078.0,353547.0,1.555749,0.8662059999999999,CZE,KOR,9013
2224727,61,121,1802,2003,17698027.0,84383996.0,2.2821919999999998,-2.0985150000000004,DEU,KOR,9013
2224728,64,121,1802,2003,93147.0,54414.0,1.309564,1.245596,DNK,KOR,9013
2224729,69,121,1802,2003,8904.0,0.0,-0.105591,-0.247614,ERI,KOR,9013
2224730,71,121,1802,2003,193046.0,9584346.0,0.960684,2.074792,ESP,KOR,9013
2224731,72,121,1802,2003,0.0,3057.0,0.5913010000000001,0.8489979999999999,EST,KOR,9013
2224732,74,121,1802,2003,692325.0,688407.0,2.077889,0.942501,FIN,KOR,9013
2224733,77,121,1802,2003,2280807.0,11898250.0,1.606606,0.7394149999999999,FRA,KOR,9013
2224734,81,121,1802,2003,4017019.0,32526061.0,1.8712540000000002,0.706205,GBR,KOR,9013
2224735,82,121,1802,2003,0.0,1107.0,0.595485,-0.25939,GEO,KOR,9013
2224736,83,121,1802,2003,1853.0,0.0,-1.074188,-0.7127319999999999,GHA,KOR,9013
2224737,90,121,1802,2003,0.0,337430.0,0.364688,1.4823959999999998,GRC,KOR,9013
2224738,93,121,1802,2003,0.0,2658.0,-0.444162,0.145319,GTM,KOR,9013
2224739,97,121,1802,2003,18169836.0,79786143.0,0.494569,2.147062,HKG,KOR,9013
2224740,100,121,1802,2003,0.0,5247.0,0.568394,1.230759,HRV,KOR,9013
2224741,102,121,1802,2003,64147.0,267661.0,1.2003270000000001,1.091407,HUN,KOR,9013
2224742,103,121,1802,2003,9954709.0,131792.0,-0.16802,1.7252990000000001,IDN,KOR,9013
2224743,104,121,1802,2003,5734.0,111426.0,0.33014099999999996,2.836003,IND,KOR,9013
2224744,106,121,1802,2003,8280.0,237341.0,1.6396130000000002,0.220599,IRL,KOR,9013
2224745,107,121,1802,2003,0.0,346863.0,-0.552146,-0.8668520000000001,IRN,KOR,9013
2224746,109,121,1802,2003,0.0,1094.0,0.21902800000000003,-0.40818499999999996,ISL,KOR,9013
2224747,110,121,1802,2003,1661468.0,528822.0,1.157809,0.682195,ISR,KOR,9013
2224748,111,121,1802,2003,681379.0,1684547.0,1.399734,1.044608,ITA,KOR,9013
2224749,114,121,1802,2003,311563435.0,124130213.0,2.4686630000000003,0.48072600000000004,JPN,KOR,9013
2224750,122,121,1802,2003,0.0,1027.0,-0.7943640000000001,-1.1529770000000001,KWT,KOR,9013
2224751,130,121,1802,2003,341857.0,42773.0,0.239608,0.517299,LTU,KOR,9013
2224752,131,121,1802,2003,0.0,29559.0,1.444996,1.063764,LUX,KOR,9013
2224753,133,121,1802,2003,4732.0,0.0,-0.294516,-0.413828,MAC,KOR,9013
2224754,138,121,1802,2003,1040.0,15137689.0,0.862509,0.756684,MEX,KOR,9013
2224755,153,121,1802,2003,243329.0,1417339.0,0.728804,0.2168,MYS,KOR,9013
2224756,157,121,1802,2003,18164.0,0.0,-0.199296,-0.578264,NER,KOR,9013
2224757,159,121,1802,2003,0.0,8509.0,-1.859176,-1.234236,NGA,KOR,9013
2224758,162,121,1802,2003,556922.0,1904888.0,1.168453,1.7085709999999998,NLD,KOR,9013
2224759,163,121,1802,2003,44661.0,41782.0,1.1500620000000001,0.258554,NOR,KOR,9013
2224760,166,121,1802,2003,63890.0,127881.0,0.589619,0.997301,NZL,KOR,9013
2224761,168,121,1802,2003,0.0,24141.0,-0.6659689999999999,0.137924,PAK,KOR,9013
2224762,174,121,1802,2003,257342.0,689895.0,-0.065022,-0.195144,PHL,KOR,9013
2224763,177,121,1802,2003,0.0,304210.0,0.966622,1.664838,POL,KOR,9013
2224764,179,121,1802,2003,0.0,1386.0,0.471376,1.647303,PRT,KOR,9013
2224765,180,121,1802,2003,0.0,1776.0,-0.607733,-0.8577879999999999,PRY,KOR,9013
2224766,185,121,1802,2003,0.0,124068.0,0.378379,1.0064620000000002,ROU,KOR,9013
2224767,186,121,1802,2003,11106375.0,542871.0,1.072729,0.338355,RUS,KOR,9013
2224768,188,121,1802,2003,0.0,39929.0,0.202286,-0.714691,SAU,KOR,9013
2224769,192,121,1802,2003,9088137.0,12927518.0,1.5080799999999999,0.720337,SGP,KOR,9013
2224770,206,121,1802,2003,1768.0,8494123.0,1.22565,0.915518,SVK,KOR,9013
2224771,207,121,1802,2003,1995.0,290897.0,1.6459840000000001,1.014191,SVN,KOR,9013
2224772,208,121,1802,2003,83767.0,475417.0,2.099224,0.799982,SWE,KOR,9013
2224773,209,121,1802,2003,0.0,28958.0,0.399541,-0.23342600000000002,SWZ,KOR,9013
2224774,216,121,1802,2003,62297.0,5963929.0,0.43010699999999996,1.607408,THA,KOR,9013
2224775,224,121,1802,2003,0.0,84031.0,0.192802,1.9855060000000002,TUR,KOR,9013
2224776,228,121,1802,2003,0.0,54596.0,0.8929389999999999,0.956685,UKR,KOR,9013
2224777,231,121,1802,2003,54479615.0,26092129.0,1.7789220000000001,0.064028,USA,KOR,9013
2224778,236,121,1802,2003,0.0,5063.0,0.277805,-0.783697,VEN,KOR,9013
2224779,237,121,1802,2003,0.0,8254.0,0.685109,-0.20824299999999998,VGB,KOR,9013
2224780,239,121,1802,2003,0.0,5253.0,-0.633985,0.659696,VNM,KOR,9013
2224781,246,121,1802,2003,0.0,164030.0,0.477987,2.255395,ZAF,KOR,9013
2224782,249,121,1802,2003,167504222.0,168256948.0,1.5924040000000002,1.397843,TWN,KOR,9013
2224783,250,121,1802,2003,1086.0,0.0,0.45951499999999995,-0.2312,ANS,KOR,9013
2224784,15,124,1802,2003,1740.0,3598.0,1.834977,0.408096,AUT,LBN,9013
2224785,43,124,1802,2003,37738.0,0.0,0.579431,2.773139,CHN,LBN,9013
2224786,59,124,1802,2003,3748.0,0.0,1.555749,0.8662059999999999,CZE,LBN,9013
2224787,61,124,1802,2003,343594.0,0.0,2.2821919999999998,-2.0985150000000004,DEU,LBN,9013
2224788,71,124,1802,2003,11885.0,0.0,0.960684,2.074792,ESP,LBN,9013
2224789,77,124,1802,2003,4852.0,3444.0,1.606606,0.7394149999999999,FRA,LBN,9013
2224790,104,124,1802,2003,917.0,0.0,0.33014099999999996,2.836003,IND,LBN,9013
2224791,111,124,1802,2003,23087.0,0.0,1.399734,1.044608,ITA,LBN,9013
2224792,114,124,1802,2003,1947.0,0.0,2.4686630000000003,0.48072600000000004,JPN,LBN,9013
2224793,162,124,1802,2003,3296.0,0.0,1.168453,1.7085709999999998,NLD,LBN,9013
2224794,231,124,1802,2003,87768.0,0.0,1.7789220000000001,0.064028,USA,LBN,9013
2224795,249,124,1802,2003,2300.0,0.0,1.5924040000000002,1.397843,TWN,LBN,9013
2224796,250,124,1802,2003,1167.0,0.0,0.45951499999999995,-0.2312,ANS,LBN,9013
2224797,41,128,1802,2003,4737.0,0.0,2.151037,0.711217,CHE,LKA,9013
2224798,43,128,1802,2003,2860.0,0.0,0.579431,2.773139,CHN,LKA,9013
2224799,61,128,1802,2003,26867.0,0.0,2.2821919999999998,-2.0985150000000004,DEU,LKA,9013
2224800,77,128,1802,2003,0.0,9783.0,1.606606,0.7394149999999999,FRA,LKA,9013
2224801,81,128,1802,2003,82666.0,1658.0,1.8712540000000002,0.706205,GBR,LKA,9013
2224802,97,128,1802,2003,4518.0,0.0,0.494569,2.147062,HKG,LKA,9013
2224803,104,128,1802,2003,63777.0,0.0,0.33014099999999996,2.836003,IND,LKA,9013
2224804,110,128,1802,2003,111438.0,0.0,1.157809,0.682195,ISR,LKA,9013
2224805,111,128,1802,2003,11498.0,0.0,1.399734,1.044608,ITA,LKA,9013
2224806,114,128,1802,2003,1456417.0,5932537.0,2.4686630000000003,0.48072600000000004,JPN,LKA,9013
2224807,153,128,1802,2003,1909.0,0.0,0.728804,0.2168,MYS,LKA,9013
2224808,164,128,1802,2003,0.0,2140.0,-0.26353899999999997,1.351717,NPL,LKA,9013
2224809,192,128,1802,2003,27157.0,1604.0,1.5080799999999999,0.720337,SGP,LKA,9013
2224810,231,128,1802,2003,2169.0,0.0,1.7789220000000001,0.064028,USA,LKA,9013
2224811,249,128,1802,2003,20623.0,0.0,1.5924040000000002,1.397843,TWN,LKA,9013
2224812,8,138,1802,2003,0.0,1550.0,0.302073,0.49069700000000005,ARG,MEX,9013
2224813,14,138,1802,2003,7791.0,56997.0,0.316879,0.9409489999999999,AUS,MEX,9013
2224814,15,138,1802,2003,25878.0,103636.0,1.834977,0.408096,AUT,MEX,9013
2224815,18,138,1802,2003,175591.0,0.0,1.361682,1.39536,BEL,MEX,9013
2224816,23,138,1802,2003,8944.0,0.0,0.43308599999999997,1.7104099999999998,BGR,MEX,9013
2224817,32,138,1802,2003,35078.0,33190.0,0.660576,1.118876,BRA,MEX,9013
2224818,39,138,1802,2003,85363.0,270040.0,0.9791540000000001,1.185081,CAN,MEX,9013
2224819,41,138,1802,2003,19575.0,20788.0,2.151037,0.711217,CHE,MEX,9013
2224820,42,138,1802,2003,0.0,1344.0,-0.06375900000000001,-0.156808,CHL,MEX,9013
2224821,43,138,1802,2003,27690497.0,319377.0,0.579431,2.773139,CHN,MEX,9013
2224822,49,138,1802,2003,0.0,4146.0,0.218336,0.376869,COL,MEX,9013
2224823,52,138,1802,2003,4834.0,9793.0,-0.193904,-0.5049680000000001,CRI,MEX,9013
2224824,54,138,1802,2003,0.0,4700.0,-0.391515,-0.8562120000000001,CUB,MEX,9013
2224825,59,138,1802,2003,261889.0,15894.0,1.555749,0.8662059999999999,CZE,MEX,9013
2224826,61,138,1802,2003,4624900.0,100128.0,2.2821919999999998,-2.0985150000000004,DEU,MEX,9013
2224827,64,138,1802,2003,609079.0,5075.0,1.309564,1.245596,DNK,MEX,9013
2224828,65,138,1802,2003,2224.0,0.0,-0.46264399999999994,-0.245034,DOM,MEX,9013
2224829,71,138,1802,2003,153322.0,1635.0,0.960684,2.074792,ESP,MEX,9013
2224830,74,138,1802,2003,2233.0,0.0,2.077889,0.942501,FIN,MEX,9013
2224831,77,138,1802,2003,36099.0,143423.0,1.606606,0.7394149999999999,FRA,MEX,9013
2224832,81,138,1802,2003,267352.0,718612.0,1.8712540000000002,0.706205,GBR,MEX,9013
2224833,93,138,1802,2003,0.0,11064.0,-0.444162,0.145319,GTM,MEX,9013
2224834,97,138,1802,2003,1368666.0,42913.0,0.494569,2.147062,HKG,MEX,9013
2224835,99,138,1802,2003,0.0,1569.0,-0.733546,-0.568585,HND,MEX,9013
2224836,102,138,1802,2003,74592.0,0.0,1.2003270000000001,1.091407,HUN,MEX,9013
2224837,103,138,1802,2003,100659.0,0.0,-0.16802,1.7252990000000001,IDN,MEX,9013
2224838,104,138,1802,2003,7720.0,0.0,0.33014099999999996,2.836003,IND,MEX,9013
2224839,106,138,1802,2003,208003.0,0.0,1.6396130000000002,0.220599,IRL,MEX,9013
2224840,110,138,1802,2003,17705.0,948.0,1.157809,0.682195,ISR,MEX,9013
2224841,111,138,1802,2003,305186.0,101062.0,1.399734,1.044608,ITA,MEX,9013
2224842,114,138,1802,2003,6171827.0,26428.0,2.4686630000000003,0.48072600000000004,JPN,MEX,9013
2224843,121,138,1802,2003,15137689.0,1040.0,1.2611709999999998,0.956308,KOR,MEX,9013
2224844,122,138,1802,2003,0.0,874.0,-0.7943640000000001,-1.1529770000000001,KWT,MEX,9013
2224845,130,138,1802,2003,1951.0,0.0,0.239608,0.517299,LTU,MEX,9013
2224846,142,138,1802,2003,18518.0,0.0,1.2138149999999999,-0.015687,MLT,MEX,9013
2224847,153,138,1802,2003,2962162.0,0.0,0.728804,0.2168,MYS,MEX,9013
2224848,160,138,1802,2003,0.0,2195.0,-0.8661459999999999,-0.8661690000000001,NIC,MEX,9013
2224849,162,138,1802,2003,18968.0,4919.0,1.168453,1.7085709999999998,NLD,MEX,9013
2224850,163,138,1802,2003,0.0,180090.0,1.1500620000000001,0.258554,NOR,MEX,9013
2224851,166,138,1802,2003,0.0,13176.0,0.589619,0.997301,NZL,MEX,9013
2224852,174,138,1802,2003,2166292.0,0.0,-0.065022,-0.195144,PHL,MEX,9013
2224853,179,138,1802,2003,899.0,6197.0,0.471376,1.647303,PRT,MEX,9013
2224854,186,138,1802,2003,5912.0,0.0,1.072729,0.338355,RUS,MEX,9013
2224855,192,138,1802,2003,1833206.0,371365.0,1.5080799999999999,0.720337,SGP,MEX,9013
2224856,197,138,1802,2003,0.0,11182.0,-0.251357,-0.189917,SLV,MEX,9013
2224857,206,138,1802,2003,7468.0,0.0,1.22565,0.915518,SVK,MEX,9013
2224858,207,138,1802,2003,1417.0,0.0,1.6459840000000001,1.014191,SVN,MEX,9013
2224859,208,138,1802,2003,24440.0,0.0,2.099224,0.799982,SWE,MEX,9013
2224860,216,138,1802,2003,500010.0,0.0,0.43010699999999996,1.607408,THA,MEX,9013
2224861,224,138,1802,2003,1340.0,0.0,0.192802,1.9855060000000002,TUR,MEX,9013
2224862,228,138,1802,2003,9104.0,0.0,0.8929389999999999,0.956685,UKR,MEX,9013
2224863,231,138,1802,2003,455054868.0,13816693.0,1.7789220000000001,0.064028,USA,MEX,9013
2224864,236,138,1802,2003,4159.0,0.0,0.277805,-0.783697,VEN,MEX,9013
2224865,246,138,1802,2003,7197.0,0.0,0.477987,2.255395,ZAF,MEX,9013
2224866,249,138,1802,2003,8941092.0,6719.0,1.5924040000000002,1.397843,TWN,MEX,9013
2224867,250,138,1802,2003,32426.0,3900.0,0.45951499999999995,-0.2312,ANS,MEX,9013
2224868,7,153,1802,2003,5129.0,0.0,0.049637,-0.502691,ARE,MYS,9013
2224869,8,153,1802,2003,0.0,30177.0,0.302073,0.49069700000000005,ARG,MYS,9013
2224870,14,153,1802,2003,16597.0,37617.0,0.316879,0.9409489999999999,AUS,MYS,9013
2224871,15,153,1802,2003,9025.0,36859.0,1.834977,0.408096,AUT,MYS,9013
2224872,18,153,1802,2003,577051.0,62458.0,1.361682,1.39536,BEL,MYS,9013
2224873,32,153,1802,2003,7286.0,975697.0,0.660576,1.118876,BRA,MYS,9013
2224874,34,153,1802,2003,153.0,7587.0,-1.342738,-0.978633,BRN,MYS,9013
2224875,39,153,1802,2003,46227.0,76135.0,0.9791540000000001,1.185081,CAN,MYS,9013
2224876,41,153,1802,2003,99299.0,21023.0,2.151037,0.711217,CHE,MYS,9013
2224877,43,153,1802,2003,66779257.0,37567515.0,0.579431,2.773139,CHN,MYS,9013
2224878,59,153,1802,2003,0.0,24253.0,1.555749,0.8662059999999999,CZE,MYS,9013
2224879,61,153,1802,2003,569262.0,1361683.0,2.2821919999999998,-2.0985150000000004,DEU,MYS,9013
2224880,64,153,1802,2003,138904.0,277733.0,1.309564,1.245596,DNK,MYS,9013
2224881,69,153,1802,2003,0.0,6891.0,-0.105591,-0.247614,ERI,MYS,9013
2224882,71,153,1802,2003,32282.0,1059576.0,0.960684,2.074792,ESP,MYS,9013
2224883,74,153,1802,2003,9016.0,18345.0,2.077889,0.942501,FIN,MYS,9013
2224884,77,153,1802,2003,26976.0,315049.0,1.606606,0.7394149999999999,FRA,MYS,9013
2224885,81,153,1802,2003,488805.0,794528.0,1.8712540000000002,0.706205,GBR,MYS,9013
2224886,97,153,1802,2003,9085149.0,20944840.0,0.494569,2.147062,HKG,MYS,9013
2224887,100,153,1802,2003,0.0,23122.0,0.568394,1.230759,HRV,MYS,9013
2224888,102,153,1802,2003,29151.0,228055.0,1.2003270000000001,1.091407,HUN,MYS,9013
2224889,103,153,1802,2003,3733763.0,333677.0,-0.16802,1.7252990000000001,IDN,MYS,9013
2224890,104,153,1802,2003,19341.0,17471.0,0.33014099999999996,2.836003,IND,MYS,9013
2224891,110,153,1802,2003,0.0,6489.0,1.157809,0.682195,ISR,MYS,9013
2224892,111,153,1802,2003,91365.0,2279993.0,1.399734,1.044608,ITA,MYS,9013
2224893,114,153,1802,2003,91303737.0,18331189.0,2.4686630000000003,0.48072600000000004,JPN,MYS,9013
2224894,121,153,1802,2003,1417339.0,243329.0,1.2611709999999998,0.956308,KOR,MYS,9013
2224895,128,153,1802,2003,0.0,1909.0,-0.618057,0.101931,LKA,MYS,9013
2224896,130,153,1802,2003,971.0,449.0,0.239608,0.517299,LTU,MYS,9013
2224897,137,153,1802,2003,0.0,2003.0,-1.201352,-1.031892,MDV,MYS,9013
2224898,138,153,1802,2003,0.0,2962162.0,0.862509,0.756684,MEX,MYS,9013
2224899,142,153,1802,2003,0.0,5707.0,1.2138149999999999,-0.015687,MLT,MYS,9013
2224900,151,153,1802,2003,0.0,16164.0,-0.361514,-0.29839899999999997,MUS,MYS,9013
2224901,162,153,1802,2003,221115.0,941314.0,1.168453,1.7085709999999998,NLD,MYS,9013
2224902,163,153,1802,2003,10461.0,0.0,1.1500620000000001,0.258554,NOR,MYS,9013
2224903,166,153,1802,2003,1811.0,11366.0,0.589619,0.997301,NZL,MYS,9013
2224904,173,153,1802,2003,0.0,4573.0,-0.48627,0.371354,PER,MYS,9013
2224905,174,153,1802,2003,1886693.0,108779.0,-0.065022,-0.195144,PHL,MYS,9013
2224906,179,153,1802,2003,29525.0,1789186.0,0.471376,1.647303,PRT,MYS,9013
2224907,186,153,1802,2003,172020.0,13222.0,1.072729,0.338355,RUS,MYS,9013
2224908,192,153,1802,2003,61409815.0,4145975.0,1.5080799999999999,0.720337,SGP,MYS,9013
2224909,207,153,1802,2003,0.0,1233.0,1.6459840000000001,1.014191,SVN,MYS,9013
2224910,208,153,1802,2003,74740.0,0.0,2.099224,0.799982,SWE,MYS,9013
2224911,216,153,1802,2003,1748707.0,149917.0,0.43010699999999996,1.607408,THA,MYS,9013
2224912,224,153,1802,2003,2228.0,1236.0,0.192802,1.9855060000000002,TUR,MYS,9013
2224913,231,153,1802,2003,6064109.0,2859190.0,1.7789220000000001,0.064028,USA,MYS,9013
2224914,239,153,1802,2003,0.0,23232.0,-0.633985,0.659696,VNM,MYS,9013
2224915,246,153,1802,2003,8662.0,38295.0,0.477987,2.255395,ZAF,MYS,9013
2224916,249,153,1802,2003,115888646.0,2872561.0,1.5924040000000002,1.397843,TWN,MYS,9013
2224917,0,162,1802,2003,1131.0,0.0,-0.13006600000000001,-0.783431,ABW,NLD,9013
2224918,7,162,1802,2003,0.0,295176.0,0.049637,-0.502691,ARE,NLD,9013
2224919,8,162,1802,2003,9553.0,85388.0,0.302073,0.49069700000000005,ARG,NLD,9013
2224920,14,162,1802,2003,8463.0,82848.0,0.316879,0.9409489999999999,AUS,NLD,9013
2224921,15,162,1802,2003,791993.0,262322.0,1.834977,0.408096,AUT,NLD,9013
2224922,18,162,1802,2003,1498276.0,7681735.0,1.361682,1.39536,BEL,NLD,9013
2224923,23,162,1802,2003,1984.0,6432.0,0.43308599999999997,1.7104099999999998,BGR,NLD,9013
2224924,24,162,1802,2003,0.0,59237.0,-0.10968800000000001,-1.041032,BHR,NLD,9013
2224925,28,162,1802,2003,1061.0,0.0,0.847358,0.9307719999999999,BLR,NLD,9013
2224926,32,162,1802,2003,0.0,58139.0,0.660576,1.118876,BRA,NLD,9013
2224927,39,162,1802,2003,1064243.0,266581.0,0.9791540000000001,1.185081,CAN,NLD,9013
2224928,41,162,1802,2003,612119.0,1309302.0,2.151037,0.711217,CHE,NLD,9013
2224929,43,162,1802,2003,4032791.0,609130.0,0.579431,2.773139,CHN,NLD,9013
2224930,49,162,1802,2003,0.0,17148.0,0.218336,0.376869,COL,NLD,9013
2224931,58,162,1802,2003,0.0,3156.0,0.259992,0.068914,CYP,NLD,9013
2224932,59,162,1802,2003,47452.0,237121.0,1.555749,0.8662059999999999,CZE,NLD,9013
2224933,61,162,1802,2003,20183712.0,11392792.0,2.2821919999999998,-2.0985150000000004,DEU,NLD,9013
2224934,64,162,1802,2003,649174.0,1341514.0,1.309564,1.245596,DNK,NLD,9013
2224935,66,162,1802,2003,0.0,24298.0,-1.060727,-1.142594,DZA,NLD,9013
2224936,68,162,1802,2003,0.0,57711.0,-0.292923,0.465433,EGY,NLD,9013
2224937,71,162,1802,2003,52155.0,1667391.0,0.960684,2.074792,ESP,NLD,9013
2224938,72,162,1802,2003,13130.0,31519.0,0.5913010000000001,0.8489979999999999,EST,NLD,9013
2224939,73,162,1802,2003,0.0,7993.0,-1.1145559999999999,-0.9599620000000001,ETH,NLD,9013
2224940,74,162,1802,2003,64519.0,747586.0,2.077889,0.942501,FIN,NLD,9013
2224941,77,162,1802,2003,2325358.0,5472444.0,1.606606,0.7394149999999999,FRA,NLD,9013
2224942,81,162,1802,2003,15024189.0,9222171.0,1.8712540000000002,0.706205,GBR,NLD,9013
2224943,90,162,1802,2003,4709.0,290323.0,0.364688,1.4823959999999998,GRC,NLD,9013
2224944,97,162,1802,2003,535661.0,494766.0,0.494569,2.147062,HKG,NLD,9013
2224945,100,162,1802,2003,2013.0,12298.0,0.568394,1.230759,HRV,NLD,9013
2224946,102,162,1802,2003,114347.0,319727.0,1.2003270000000001,1.091407,HUN,NLD,9013
2224947,103,162,1802,2003,0.0,6838.0,-0.16802,1.7252990000000001,IDN,NLD,9013
2224948,104,162,1802,2003,31743.0,422540.0,0.33014099999999996,2.836003,IND,NLD,9013
2224949,106,162,1802,2003,7238.0,10327024.0,1.6396130000000002,0.220599,IRL,NLD,9013
2224950,107,162,1802,2003,0.0,3812.0,-0.552146,-0.8668520000000001,IRN,NLD,9013
2224951,109,162,1802,2003,0.0,36710.0,0.21902800000000003,-0.40818499999999996,ISL,NLD,9013
2224952,110,162,1802,2003,272585.0,990485.0,1.157809,0.682195,ISR,NLD,9013
2224953,111,162,1802,2003,235237.0,1614651.0,1.399734,1.044608,ITA,NLD,9013
2224954,113,162,1802,2003,0.0,9960.0,0.12295,0.377031,JOR,NLD,9013
2224955,114,162,1802,2003,6297890.0,2606240.0,2.4686630000000003,0.48072600000000004,JPN,NLD,9013
2224956,115,162,1802,2003,0.0,2912.0,-0.156326,-0.62092,KAZ,NLD,9013
2224957,121,162,1802,2003,1904888.0,556922.0,1.2611709999999998,0.956308,KOR,NLD,9013
2224958,122,162,1802,2003,0.0,8600.0,-0.7943640000000001,-1.1529770000000001,KWT,NLD,9013
2224959,124,162,1802,2003,0.0,3296.0,0.261687,1.053856,LBN,NLD,9013
2224960,130,162,1802,2003,65714.0,8191.0,0.239608,0.517299,LTU,NLD,9013
2224961,131,162,1802,2003,0.0,43729.0,1.444996,1.063764,LUX,NLD,9013
2224962,132,162,1802,2003,4140.0,15220.0,0.520772,0.5631689999999999,LVA,NLD,9013
2224963,133,162,1802,2003,2649.0,0.0,-0.294516,-0.413828,MAC,NLD,9013
2224964,134,162,1802,2003,0.0,3125.0,-0.6842050000000001,-0.217892,MAR,NLD,9013
2224965,138,162,1802,2003,4919.0,18968.0,0.862509,0.756684,MEX,NLD,9013
2224966,140,162,1802,2003,0.0,14047.0,-0.017632,0.225394,MKD,NLD,9013
2224967,151,162,1802,2003,0.0,699.0,-0.361514,-0.29839899999999997,MUS,NLD,9013
2224968,153,162,1802,2003,941314.0,221115.0,0.728804,0.2168,MYS,NLD,9013
2224969,159,162,1802,2003,0.0,46950.0,-1.859176,-1.234236,NGA,NLD,9013
2224970,163,162,1802,2003,64893.0,251230.0,1.1500620000000001,0.258554,NOR,NLD,9013
2224971,166,162,1802,2003,11354.0,2297.0,0.589619,0.997301,NZL,NLD,9013
2224972,167,162,1802,2003,0.0,5568.0,-1.434873,-1.188123,OMN,NLD,9013
2224973,168,162,1802,2003,0.0,300910.0,-0.6659689999999999,0.137924,PAK,NLD,9013
2224974,174,162,1802,2003,38187.0,18247.0,-0.065022,-0.195144,PHL,NLD,9013
2224975,177,162,1802,2003,368914.0,221346.0,0.966622,1.664838,POL,NLD,9013
2224976,179,162,1802,2003,4172.0,134607.0,0.471376,1.647303,PRT,NLD,9013
2224977,183,162,1802,2003,4516.0,33392.0,-0.209042,-1.0565799999999999,QAT,NLD,9013
2224978,185,162,1802,2003,1047.0,28945.0,0.378379,1.0064620000000002,ROU,NLD,9013
2224979,186,162,1802,2003,92946.0,72900.0,1.072729,0.338355,RUS,NLD,9013
2224980,188,162,1802,2003,0.0,6941.0,0.202286,-0.714691,SAU,NLD,9013
2224981,189,162,1802,2003,0.0,6786.0,0.575326,1.627894,SCG,NLD,9013
2224982,191,162,1802,2003,0.0,1078.0,-0.25203600000000004,-0.25549299999999997,SEN,NLD,9013
2224983,192,162,1802,2003,194244.0,928828.0,1.5080799999999999,0.720337,SGP,NLD,9013
2224984,205,162,1802,2003,0.0,2126.0,-0.896925,-0.88623,SUR,NLD,9013
2224985,206,162,1802,2003,10412.0,93808.0,1.22565,0.915518,SVK,NLD,9013
2224986,207,162,1802,2003,8461.0,27669.0,1.6459840000000001,1.014191,SVN,NLD,9013
2224987,208,162,1802,2003,708669.0,2139603.0,2.099224,0.799982,SWE,NLD,9013
2224988,216,162,1802,2003,24382.0,7240.0,0.43010699999999996,1.607408,THA,NLD,9013
2224989,217,162,1802,2003,0.0,1131.0,-0.6187520000000001,-1.0438969999999999,TJK,NLD,9013
2224990,223,162,1802,2003,0.0,10237.0,-0.14845999999999998,0.255092,TUN,NLD,9013
2224991,224,162,1802,2003,34160.0,286924.0,0.192802,1.9855060000000002,TUR,NLD,9013
2224992,228,162,1802,2003,0.0,22394.0,0.8929389999999999,0.956685,UKR,NLD,9013
2224993,231,162,1802,2003,133120596.0,6332537.0,1.7789220000000001,0.064028,USA,NLD,9013
2224994,236,162,1802,2003,127335.0,0.0,0.277805,-0.783697,VEN,NLD,9013
2224995,246,162,1802,2003,42522.0,304202.0,0.477987,2.255395,ZAF,NLD,9013
2224996,249,162,1802,2003,13941820.0,1805017.0,1.5924040000000002,1.397843,TWN,NLD,9013
2224997,250,162,1802,2003,0.0,596.0,0.45951499999999995,-0.2312,ANS,NLD,9013
2224998,7,163,1802,2003,0.0,7088.0,0.049637,-0.502691,ARE,NOR,9013
2224999,14,163,1802,2003,38034.0,149534.0,0.316879,0.9409489999999999,AUS,NOR,9013
2225000,15,163,1802,2003,519444.0,12636.0,1.834977,0.408096,AUT,NOR,9013
2225001,18,163,1802,2003,224116.0,14972.0,1.361682,1.39536,BEL,NOR,9013
2225002,19,163,1802,2003,0.0,1057.0,-1.150888,-0.956203,BEN,NOR,9013
2225003,28,163,1802,2003,11825.0,0.0,0.847358,0.9307719999999999,BLR,NOR,9013
2225004,32,163,1802,2003,0.0,32402.0,0.660576,1.118876,BRA,NOR,9013
2225005,39,163,1802,2003,2361706.0,2312503.0,0.9791540000000001,1.185081,CAN,NOR,9013
2225006,41,163,1802,2003,156035.0,721036.0,2.151037,0.711217,CHE,NOR,9013
2225007,43,163,1802,2003,194856.0,3072.0,0.579431,2.773139,CHN,NOR,9013
2225008,47,163,1802,2003,69352.0,0.0,-1.6789619999999998,-1.182557,COG,NOR,9013
2225009,59,163,1802,2003,137106.0,52647.0,1.555749,0.8662059999999999,CZE,NOR,9013
2225010,61,163,1802,2003,3749363.0,811058.0,2.2821919999999998,-2.0985150000000004,DEU,NOR,9013
2225011,64,163,1802,2003,708361.0,1379414.0,1.309564,1.245596,DNK,NOR,9013
2225012,71,163,1802,2003,57106.0,336973.0,0.960684,2.074792,ESP,NOR,9013
2225013,72,163,1802,2003,1180.0,3561.0,0.5913010000000001,0.8489979999999999,EST,NOR,9013
2225014,74,163,1802,2003,104548.0,684583.0,2.077889,0.942501,FIN,NOR,9013
2225015,77,163,1802,2003,1781585.0,20552.0,1.606606,0.7394149999999999,FRA,NOR,9013
2225016,81,163,1802,2003,281988.0,137974.0,1.8712540000000002,0.706205,GBR,NOR,9013
2225017,90,163,1802,2003,13385.0,0.0,0.364688,1.4823959999999998,GRC,NOR,9013
2225018,97,163,1802,2003,112885.0,0.0,0.494569,2.147062,HKG,NOR,9013
2225019,102,163,1802,2003,2764.0,0.0,1.2003270000000001,1.091407,HUN,NOR,9013
2225020,106,163,1802,2003,51091.0,1335.0,1.6396130000000002,0.220599,IRL,NOR,9013
2225021,109,163,1802,2003,0.0,5310.0,0.21902800000000003,-0.40818499999999996,ISL,NOR,9013
2225022,110,163,1802,2003,20537.0,0.0,1.157809,0.682195,ISR,NOR,9013
2225023,111,163,1802,2003,43700.0,376448.0,1.399734,1.044608,ITA,NOR,9013
2225024,114,163,1802,2003,683476.0,23391.0,2.4686630000000003,0.48072600000000004,JPN,NOR,9013
2225025,121,163,1802,2003,41782.0,44661.0,1.2611709999999998,0.956308,KOR,NOR,9013
2225026,130,163,1802,2003,15243.0,738.0,0.239608,0.517299,LTU,NOR,9013
2225027,132,163,1802,2003,0.0,8777.0,0.520772,0.5631689999999999,LVA,NOR,9013
2225028,138,163,1802,2003,180090.0,0.0,0.862509,0.756684,MEX,NOR,9013
2225029,153,163,1802,2003,0.0,10461.0,0.728804,0.2168,MYS,NOR,9013
2225030,162,163,1802,2003,251230.0,64893.0,1.168453,1.7085709999999998,NLD,NOR,9013
2225031,174,163,1802,2003,6579.0,0.0,-0.065022,-0.195144,PHL,NOR,9013
2225032,177,163,1802,2003,0.0,3364.0,0.966622,1.664838,POL,NOR,9013
2225033,185,163,1802,2003,1511.0,0.0,0.378379,1.0064620000000002,ROU,NOR,9013
2225034,186,163,1802,2003,1964.0,0.0,1.072729,0.338355,RUS,NOR,9013
2225035,192,163,1802,2003,25099.0,5027.0,1.5080799999999999,0.720337,SGP,NOR,9013
2225036,206,163,1802,2003,14574.0,80215.0,1.22565,0.915518,SVK,NOR,9013
2225037,208,163,1802,2003,3348238.0,2808007.0,2.099224,0.799982,SWE,NOR,9013
2225038,216,163,1802,2003,3017.0,0.0,0.43010699999999996,1.607408,THA,NOR,9013
2225039,224,163,1802,2003,2924.0,0.0,0.192802,1.9855060000000002,TUR,NOR,9013
2225040,228,163,1802,2003,0.0,4953.0,0.8929389999999999,0.956685,UKR,NOR,9013
2225041,231,163,1802,2003,1595159.0,9738565.0,1.7789220000000001,0.064028,USA,NOR,9013
2225042,239,163,1802,2003,5050.0,0.0,-0.633985,0.659696,VNM,NOR,9013
2225043,246,163,1802,2003,0.0,1762.0,0.477987,2.255395,ZAF,NOR,9013
2225044,249,163,1802,2003,171919.0,7616.0,1.5924040000000002,1.397843,TWN,NOR,9013
2225045,14,166,1802,2003,1569400.0,646937.0,0.316879,0.9409489999999999,AUS,NZL,9013
2225046,15,166,1802,2003,66578.0,978.0,1.834977,0.408096,AUT,NZL,9013
2225047,18,166,1802,2003,2869.0,0.0,1.361682,1.39536,BEL,NZL,9013
2225048,28,166,1802,2003,1257.0,0.0,0.847358,0.9307719999999999,BLR,NZL,9013
2225049,39,166,1802,2003,481144.0,37425.0,0.9791540000000001,1.185081,CAN,NZL,9013
2225050,41,166,1802,2003,161303.0,3778.0,2.151037,0.711217,CHE,NZL,9013
2225051,42,166,1802,2003,0.0,8033.0,-0.06375900000000001,-0.156808,CHL,NZL,9013
2225052,43,166,1802,2003,373778.0,0.0,0.579431,2.773139,CHN,NZL,9013
2225053,59,166,1802,2003,1922.0,0.0,1.555749,0.8662059999999999,CZE,NZL,9013
2225054,61,166,1802,2003,305468.0,21940.0,2.2821919999999998,-2.0985150000000004,DEU,NZL,9013
2225055,64,166,1802,2003,26794.0,4642.0,1.309564,1.245596,DNK,NZL,9013
2225056,71,166,1802,2003,36297.0,1451.0,0.960684,2.074792,ESP,NZL,9013
2225057,74,166,1802,2003,21240.0,3257.0,2.077889,0.942501,FIN,NZL,9013
2225058,75,166,1802,2003,0.0,2173.0,-0.6865640000000001,-0.326977,FJI,NZL,9013
2225059,77,166,1802,2003,18531.0,30576.0,1.606606,0.7394149999999999,FRA,NZL,9013
2225060,81,166,1802,2003,37966.0,75869.0,1.8712540000000002,0.706205,GBR,NZL,9013
2225061,97,166,1802,2003,550429.0,93761.0,0.494569,2.147062,HKG,NZL,9013
2225062,102,166,1802,2003,732.0,0.0,1.2003270000000001,1.091407,HUN,NZL,9013
2225063,104,166,1802,2003,2767.0,0.0,0.33014099999999996,2.836003,IND,NZL,9013
2225064,106,166,1802,2003,3948.0,0.0,1.6396130000000002,0.220599,IRL,NZL,9013
2225065,110,166,1802,2003,797.0,0.0,1.157809,0.682195,ISR,NZL,9013
2225066,111,166,1802,2003,17428.0,49935.0,1.399734,1.044608,ITA,NZL,9013
2225067,114,166,1802,2003,128264.0,25162.0,2.4686630000000003,0.48072600000000004,JPN,NZL,9013
2225068,121,166,1802,2003,127881.0,63890.0,1.2611709999999998,0.956308,KOR,NZL,9013
2225069,131,166,1802,2003,0.0,43773.0,1.444996,1.063764,LUX,NZL,9013
2225070,138,166,1802,2003,13176.0,0.0,0.862509,0.756684,MEX,NZL,9013
2225071,151,166,1802,2003,950.0,0.0,-0.361514,-0.29839899999999997,MUS,NZL,9013
2225072,153,166,1802,2003,11366.0,1811.0,0.728804,0.2168,MYS,NZL,9013
2225073,162,166,1802,2003,2297.0,11354.0,1.168453,1.7085709999999998,NLD,NZL,9013
2225074,174,166,1802,2003,5385.0,0.0,-0.065022,-0.195144,PHL,NZL,9013
2225075,179,166,1802,2003,14694.0,0.0,0.471376,1.647303,PRT,NZL,9013
2225076,182,166,1802,2003,0.0,1577.0,-0.255707,-0.676557,PYF,NZL,9013
2225077,192,166,1802,2003,1595189.0,50432.0,1.5080799999999999,0.720337,SGP,NZL,9013
2225078,208,166,1802,2003,8759.0,245549.0,2.099224,0.799982,SWE,NZL,9013
2225079,231,166,1802,2003,4373257.0,38009.0,1.7789220000000001,0.064028,USA,NZL,9013
2225080,246,166,1802,2003,0.0,13503.0,0.477987,2.255395,ZAF,NZL,9013
2225081,249,166,1802,2003,582361.0,19212.0,1.5924040000000002,1.397843,TWN,NZL,9013
2225082,250,166,1802,2003,157683.0,0.0,0.45951499999999995,-0.2312,ANS,NZL,9013
2225083,32,169,1802,2003,0.0,8306.0,0.660576,1.118876,BRA,PAN,9013
2225084,43,169,1802,2003,189293.0,0.0,0.579431,2.773139,CHN,PAN,9013
2225085,54,169,1802,2003,0.0,130030.0,-0.391515,-0.8562120000000001,CUB,PAN,9013
2225086,61,169,1802,2003,47559.0,0.0,2.2821919999999998,-2.0985150000000004,DEU,PAN,9013
2225087,93,169,1802,2003,0.0,2827.0,-0.444162,0.145319,GTM,PAN,9013
2225088,97,169,1802,2003,229699.0,0.0,0.494569,2.147062,HKG,PAN,9013
2225089,99,169,1802,2003,0.0,1066.0,-0.733546,-0.568585,HND,PAN,9013
2225090,197,169,1802,2003,0.0,2127.0,-0.251357,-0.189917,SLV,PAN,9013
2225091,231,169,1802,2003,1311213.0,3862.0,1.7789220000000001,0.064028,USA,PAN,9013
2225092,236,169,1802,2003,1179.0,3034.0,0.277805,-0.783697,VEN,PAN,9013
2225093,250,169,1802,2003,2496.0,0.0,0.45951499999999995,-0.2312,ANS,PAN,9013
2225094,8,173,1802,2003,1696.0,0.0,0.302073,0.49069700000000005,ARG,PER,9013
2225095,18,173,1802,2003,11423.0,0.0,1.361682,1.39536,BEL,PER,9013
2225096,32,173,1802,2003,6975.0,0.0,0.660576,1.118876,BRA,PER,9013
2225097,42,173,1802,2003,6169.0,0.0,-0.06375900000000001,-0.156808,CHL,PER,9013
2225098,43,173,1802,2003,76314.0,0.0,0.579431,2.773139,CHN,PER,9013
2225099,61,173,1802,2003,46514.0,0.0,2.2821919999999998,-2.0985150000000004,DEU,PER,9013
2225100,71,173,1802,2003,1646.0,0.0,0.960684,2.074792,ESP,PER,9013
2225101,77,173,1802,2003,3849.0,0.0,1.606606,0.7394149999999999,FRA,PER,9013
2225102,97,173,1802,2003,25115.0,0.0,0.494569,2.147062,HKG,PER,9013
2225103,110,173,1802,2003,1906.0,0.0,1.157809,0.682195,ISR,PER,9013
2225104,114,173,1802,2003,5360.0,0.0,2.4686630000000003,0.48072600000000004,JPN,PER,9013
2225105,153,173,1802,2003,4573.0,0.0,0.728804,0.2168,MYS,PER,9013
2225106,231,173,1802,2003,207481.0,10261.0,1.7789220000000001,0.064028,USA,PER,9013
2225107,249,173,1802,2003,3830.0,0.0,1.5924040000000002,1.397843,TWN,PER,9013
2225108,8,174,1802,2003,0.0,4289.0,0.302073,0.49069700000000005,ARG,PHL,9013
2225109,14,174,1802,2003,0.0,72136.0,0.316879,0.9409489999999999,AUS,PHL,9013
2225110,18,174,1802,2003,0.0,72861.0,1.361682,1.39536,BEL,PHL,9013
2225111,32,174,1802,2003,0.0,165292.0,0.660576,1.118876,BRA,PHL,9013
2225112,39,174,1802,2003,54808.0,259323.0,0.9791540000000001,1.185081,CAN,PHL,9013
2225113,41,174,1802,2003,58869.0,0.0,2.151037,0.711217,CHE,PHL,9013
2225114,43,174,1802,2003,22313705.0,97493569.0,0.579431,2.773139,CHN,PHL,9013
2225115,59,174,1802,2003,11686.0,6078.0,1.555749,0.8662059999999999,CZE,PHL,9013
2225116,61,174,1802,2003,149921.0,413820.0,2.2821919999999998,-2.0985150000000004,DEU,PHL,9013
2225117,64,174,1802,2003,1942.0,51622.0,1.309564,1.245596,DNK,PHL,9013
2225118,71,174,1802,2003,0.0,9462659.0,0.960684,2.074792,ESP,PHL,9013
2225119,72,174,1802,2003,0.0,968.0,0.5913010000000001,0.8489979999999999,EST,PHL,9013
2225120,77,174,1802,2003,2064.0,32950.0,1.606606,0.7394149999999999,FRA,PHL,9013
2225121,81,174,1802,2003,279693.0,50936.0,1.8712540000000002,0.706205,GBR,PHL,9013
2225122,97,174,1802,2003,1815359.0,10543735.0,0.494569,2.147062,HKG,PHL,9013
2225123,100,174,1802,2003,0.0,1621.0,0.568394,1.230759,HRV,PHL,9013
2225124,110,174,1802,2003,0.0,7915.0,1.157809,0.682195,ISR,PHL,9013
2225125,111,174,1802,2003,66865.0,219704.0,1.399734,1.044608,ITA,PHL,9013
2225126,114,174,1802,2003,159469342.0,217969589.0,2.4686630000000003,0.48072600000000004,JPN,PHL,9013
2225127,121,174,1802,2003,689895.0,257342.0,1.2611709999999998,0.956308,KOR,PHL,9013
2225128,138,174,1802,2003,0.0,2166292.0,0.862509,0.756684,MEX,PHL,9013
2225129,153,174,1802,2003,108779.0,1886693.0,0.728804,0.2168,MYS,PHL,9013
2225130,162,174,1802,2003,18247.0,38187.0,1.168453,1.7085709999999998,NLD,PHL,9013
2225131,163,174,1802,2003,0.0,6579.0,1.1500620000000001,0.258554,NOR,PHL,9013
2225132,166,174,1802,2003,0.0,5385.0,0.589619,0.997301,NZL,PHL,9013
2225133,186,174,1802,2003,0.0,11105.0,1.072729,0.338355,RUS,PHL,9013
2225134,192,174,1802,2003,937056.0,10542420.0,1.5080799999999999,0.720337,SGP,PHL,9013
2225135,208,174,1802,2003,3128.0,0.0,2.099224,0.799982,SWE,PHL,9013
2225136,216,174,1802,2003,0.0,2753.0,0.43010699999999996,1.607408,THA,PHL,9013
2225137,231,174,1802,2003,458588.0,16275704.0,1.7789220000000001,0.064028,USA,PHL,9013
2225138,239,174,1802,2003,0.0,50733.0,-0.633985,0.659696,VNM,PHL,9013
2225139,246,174,1802,2003,0.0,4554.0,0.477987,2.255395,ZAF,PHL,9013
2225140,249,174,1802,2003,30633252.0,2922469.0,1.5924040000000002,1.397843,TWN,PHL,9013
2225141,2,179,1802,2003,0.0,52312.0,-1.8762919999999998,-1.176541,AGO,PRT,9013
2225142,8,179,1802,2003,0.0,1927.0,0.302073,0.49069700000000005,ARG,PRT,9013
2225143,15,179,1802,2003,34048.0,0.0,1.834977,0.408096,AUT,PRT,9013
2225144,18,179,1802,2003,117362.0,154231.0,1.361682,1.39536,BEL,PRT,9013
2225145,32,179,1802,2003,4522.0,0.0,0.660576,1.118876,BRA,PRT,9013
2225146,39,179,1802,2003,14308.0,0.0,0.9791540000000001,1.185081,CAN,PRT,9013
2225147,41,179,1802,2003,87981.0,0.0,2.151037,0.711217,CHE,PRT,9013
2225148,43,179,1802,2003,1810393.0,0.0,0.579431,2.773139,CHN,PRT,9013
2225149,51,179,1802,2003,0.0,11982.0,0.070649,-0.541279,CPV,PRT,9013
2225150,59,179,1802,2003,41994.0,0.0,1.555749,0.8662059999999999,CZE,PRT,9013
2225151,61,179,1802,2003,7197253.0,52734.0,2.2821919999999998,-2.0985150000000004,DEU,PRT,9013
2225152,64,179,1802,2003,41658.0,0.0,1.309564,1.245596,DNK,PRT,9013
2225153,68,179,1802,2003,0.0,4001.0,-0.292923,0.465433,EGY,PRT,9013
2225154,71,179,1802,2003,443626.0,51638.0,0.960684,2.074792,ESP,PRT,9013
2225155,77,179,1802,2003,154538.0,2212.0,1.606606,0.7394149999999999,FRA,PRT,9013
2225156,81,179,1802,2003,3100276.0,8714.0,1.8712540000000002,0.706205,GBR,PRT,9013
2225157,97,179,1802,2003,731532.0,336687.0,0.494569,2.147062,HKG,PRT,9013
2225158,102,179,1802,2003,16152.0,1442.0,1.2003270000000001,1.091407,HUN,PRT,9013
2225159,104,179,1802,2003,2005.0,0.0,0.33014099999999996,2.836003,IND,PRT,9013
2225160,110,179,1802,2003,37640.0,9025.0,1.157809,0.682195,ISR,PRT,9013
2225161,111,179,1802,2003,429295.0,110153.0,1.399734,1.044608,ITA,PRT,9013
2225162,114,179,1802,2003,37270.0,23051.0,2.4686630000000003,0.48072600000000004,JPN,PRT,9013
2225163,121,179,1802,2003,1386.0,0.0,1.2611709999999998,0.956308,KOR,PRT,9013
2225164,131,179,1802,2003,0.0,33700.0,1.444996,1.063764,LUX,PRT,9013
2225165,138,179,1802,2003,6197.0,899.0,0.862509,0.756684,MEX,PRT,9013
2225166,153,179,1802,2003,1789186.0,29525.0,0.728804,0.2168,MYS,PRT,9013
2225167,162,179,1802,2003,134607.0,4172.0,1.168453,1.7085709999999998,NLD,PRT,9013
2225168,166,179,1802,2003,0.0,14694.0,0.589619,0.997301,NZL,PRT,9013
2225169,186,179,1802,2003,4629.0,0.0,1.072729,0.338355,RUS,PRT,9013
2225170,192,179,1802,2003,986.0,1671.0,1.5080799999999999,0.720337,SGP,PRT,9013
2225171,206,179,1802,2003,5430.0,0.0,1.22565,0.915518,SVK,PRT,9013
2225172,208,179,1802,2003,16047.0,0.0,2.099224,0.799982,SWE,PRT,9013
2225173,224,179,1802,2003,0.0,1918.0,0.192802,1.9855060000000002,TUR,PRT,9013
2225174,231,179,1802,2003,498163.0,89809.0,1.7789220000000001,0.064028,USA,PRT,9013
2225175,249,179,1802,2003,425314.0,0.0,1.5924040000000002,1.397843,TWN,PRT,9013
2225176,8,180,1802,2003,1785.0,0.0,0.302073,0.49069700000000005,ARG,PRY,9013
2225177,43,180,1802,2003,48427.0,0.0,0.579431,2.773139,CHN,PRY,9013
2225178,97,180,1802,2003,58991.0,0.0,0.494569,2.147062,HKG,PRY,9013
2225179,121,180,1802,2003,1776.0,0.0,1.2611709999999998,0.956308,KOR,PRY,9013
2225180,231,180,1802,2003,3406.0,2345.0,1.7789220000000001,0.064028,USA,PRY,9013
2225181,28,190,1802,2003,212633.0,0.0,0.847358,0.9307719999999999,BLR,SDN,9013
2225182,41,190,1802,2003,86974.0,0.0,2.151037,0.711217,CHE,SDN,9013
2225183,43,190,1802,2003,237293.0,0.0,0.579431,2.773139,CHN,SDN,9013
2225184,64,190,1802,2003,141232.0,0.0,1.309564,1.245596,DNK,SDN,9013
2225185,77,190,1802,2003,937.0,0.0,1.606606,0.7394149999999999,FRA,SDN,9013
2225186,81,190,1802,2003,33799.0,0.0,1.8712540000000002,0.706205,GBR,SDN,9013
2225187,186,190,1802,2003,65609.0,0.0,1.072729,0.338355,RUS,SDN,9013
2225188,43,197,1802,2003,1712.0,0.0,0.579431,2.773139,CHN,SLV,9013
2225189,52,197,1802,2003,1109.0,0.0,-0.193904,-0.5049680000000001,CRI,SLV,9013
2225190,59,197,1802,2003,2103.0,0.0,1.555749,0.8662059999999999,CZE,SLV,9013
2225191,61,197,1802,2003,237532.0,0.0,2.2821919999999998,-2.0985150000000004,DEU,SLV,9013
2225192,97,197,1802,2003,3451.0,0.0,0.494569,2.147062,HKG,SLV,9013
2225193,138,197,1802,2003,11182.0,0.0,0.862509,0.756684,MEX,SLV,9013
2225194,169,197,1802,2003,2127.0,0.0,-0.050386,-0.039619999999999995,PAN,SLV,9013
2225195,231,197,1802,2003,254951.0,0.0,1.7789220000000001,0.064028,USA,SLV,9013
2225196,61,205,1802,2003,881.0,0.0,2.2821919999999998,-2.0985150000000004,DEU,SUR,9013
2225197,162,205,1802,2003,2126.0,0.0,1.168453,1.7085709999999998,NLD,SUR,9013
2225198,231,205,1802,2003,3235.0,0.0,1.7789220000000001,0.064028,USA,SUR,9013
2225199,7,208,1802,2003,1470.0,0.0,0.049637,-0.502691,ARE,SWE,9013
2225200,8,208,1802,2003,0.0,32475.0,0.302073,0.49069700000000005,ARG,SWE,9013
2225201,14,208,1802,2003,25508.0,1254469.0,0.316879,0.9409489999999999,AUS,SWE,9013
2225202,15,208,1802,2003,1085713.0,755986.0,1.834977,0.408096,AUT,SWE,9013
2225203,18,208,1802,2003,582708.0,208920.0,1.361682,1.39536,BEL,SWE,9013
2225204,23,208,1802,2003,0.0,37095.0,0.43308599999999997,1.7104099999999998,BGR,SWE,9013
2225205,28,208,1802,2003,147392.0,1621.0,0.847358,0.9307719999999999,BLR,SWE,9013
2225206,32,208,1802,2003,286811.0,106000.0,0.660576,1.118876,BRA,SWE,9013
2225207,39,208,1802,2003,187839.0,92460.0,0.9791540000000001,1.185081,CAN,SWE,9013
2225208,41,208,1802,2003,4369611.0,5755473.0,2.151037,0.711217,CHE,SWE,9013
2225209,42,208,1802,2003,2263.0,12101.0,-0.06375900000000001,-0.156808,CHL,SWE,9013
2225210,43,208,1802,2003,208063.0,259835.0,0.579431,2.773139,CHN,SWE,9013
2225211,52,208,1802,2003,0.0,2560.0,-0.193904,-0.5049680000000001,CRI,SWE,9013
2225212,58,208,1802,2003,0.0,3021.0,0.259992,0.068914,CYP,SWE,9013
2225213,59,208,1802,2003,384688.0,100050.0,1.555749,0.8662059999999999,CZE,SWE,9013
2225214,61,208,1802,2003,22956790.0,4335354.0,2.2821919999999998,-2.0985150000000004,DEU,SWE,9013
2225215,64,208,1802,2003,1689240.0,3330387.0,1.309564,1.245596,DNK,SWE,9013
2225216,68,208,1802,2003,0.0,1360.0,-0.292923,0.465433,EGY,SWE,9013
2225217,71,208,1802,2003,305102.0,184614.0,0.960684,2.074792,ESP,SWE,9013
2225218,72,208,1802,2003,10133.0,69935.0,0.5913010000000001,0.8489979999999999,EST,SWE,9013
2225219,74,208,1802,2003,177080.0,716102.0,2.077889,0.942501,FIN,SWE,9013
2225220,77,208,1802,2003,2575802.0,603014.0,1.606606,0.7394149999999999,FRA,SWE,9013
2225221,81,208,1802,2003,2612320.0,2133338.0,1.8712540000000002,0.706205,GBR,SWE,9013
2225222,87,208,1802,2003,0.0,1068.0,-0.230541,-0.275663,GMB,SWE,9013
2225223,90,208,1802,2003,23391.0,8568.0,0.364688,1.4823959999999998,GRC,SWE,9013
2225224,96,208,1802,2003,0.0,1040.0,-0.59035,-0.7361340000000001,GUY,SWE,9013
2225225,97,208,1802,2003,1232255.0,25344.0,0.494569,2.147062,HKG,SWE,9013
2225226,102,208,1802,2003,43870.0,14917.0,1.2003270000000001,1.091407,HUN,SWE,9013
2225227,104,208,1802,2003,4170.0,114962.0,0.33014099999999996,2.836003,IND,SWE,9013
2225228,106,208,1802,2003,23220.0,1464.0,1.6396130000000002,0.220599,IRL,SWE,9013
2225229,107,208,1802,2003,0.0,19606.0,-0.552146,-0.8668520000000001,IRN,SWE,9013
2225230,109,208,1802,2003,1641.0,17197.0,0.21902800000000003,-0.40818499999999996,ISL,SWE,9013
2225231,110,208,1802,2003,7849.0,53098.0,1.157809,0.682195,ISR,SWE,9013
2225232,111,208,1802,2003,223569.0,212567.0,1.399734,1.044608,ITA,SWE,9013
2225233,114,208,1802,2003,2659644.0,270171.0,2.4686630000000003,0.48072600000000004,JPN,SWE,9013
2225234,116,208,1802,2003,0.0,17116.0,-0.3531,0.582992,KEN,SWE,9013
2225235,121,208,1802,2003,475417.0,83767.0,1.2611709999999998,0.956308,KOR,SWE,9013
2225236,122,208,1802,2003,0.0,14648.0,-0.7943640000000001,-1.1529770000000001,KWT,SWE,9013
2225237,130,208,1802,2003,43565.0,67112.0,0.239608,0.517299,LTU,SWE,9013
2225238,131,208,1802,2003,0.0,1454.0,1.444996,1.063764,LUX,SWE,9013
2225239,132,208,1802,2003,0.0,10722.0,0.520772,0.5631689999999999,LVA,SWE,9013
2225240,138,208,1802,2003,0.0,24440.0,0.862509,0.756684,MEX,SWE,9013
2225241,145,208,1802,2003,0.0,874.0,-0.9747620000000001,-1.026308,MNG,SWE,9013
2225242,153,208,1802,2003,0.0,74740.0,0.728804,0.2168,MYS,SWE,9013
2225243,162,208,1802,2003,2139603.0,708669.0,1.168453,1.7085709999999998,NLD,SWE,9013
2225244,163,208,1802,2003,2808007.0,3348238.0,1.1500620000000001,0.258554,NOR,SWE,9013
2225245,166,208,1802,2003,245549.0,8759.0,0.589619,0.997301,NZL,SWE,9013
2225246,168,208,1802,2003,0.0,11967.0,-0.6659689999999999,0.137924,PAK,SWE,9013
2225247,174,208,1802,2003,0.0,3128.0,-0.065022,-0.195144,PHL,SWE,9013
2225248,177,208,1802,2003,24894.0,100419.0,0.966622,1.664838,POL,SWE,9013
2225249,179,208,1802,2003,0.0,16047.0,0.471376,1.647303,PRT,SWE,9013
2225250,185,208,1802,2003,0.0,1211.0,0.378379,1.0064620000000002,ROU,SWE,9013
2225251,186,208,1802,2003,43671.0,56067.0,1.072729,0.338355,RUS,SWE,9013
2225252,189,208,1802,2003,223194.0,0.0,0.575326,1.627894,SCG,SWE,9013
2225253,192,208,1802,2003,153898.0,245702.0,1.5080799999999999,0.720337,SGP,SWE,9013
2225254,206,208,1802,2003,9931.0,52296.0,1.22565,0.915518,SVK,SWE,9013
2225255,207,208,1802,2003,0.0,22857.0,1.6459840000000001,1.014191,SVN,SWE,9013
2225256,216,208,1802,2003,55127.0,20258.0,0.43010699999999996,1.607408,THA,SWE,9013
2225257,224,208,1802,2003,5095.0,0.0,0.192802,1.9855060000000002,TUR,SWE,9013
2225258,227,208,1802,2003,0.0,3029.0,-0.895193,-0.712039,UGA,SWE,9013
2225259,231,208,1802,2003,6719489.0,12536783.0,1.7789220000000001,0.064028,USA,SWE,9013
2225260,246,208,1802,2003,1204.0,67822.0,0.477987,2.255395,ZAF,SWE,9013
2225261,249,208,1802,2003,1121792.0,184882.0,1.5924040000000002,1.397843,TWN,SWE,9013
2225262,14,216,1802,2003,47750.0,308754.0,0.316879,0.9409489999999999,AUS,THA,9013
2225263,15,216,1802,2003,6277.0,14815.0,1.834977,0.408096,AUT,THA,9013
2225264,18,216,1802,2003,57998.0,0.0,1.361682,1.39536,BEL,THA,9013
2225265,32,216,1802,2003,0.0,68778.0,0.660576,1.118876,BRA,THA,9013
2225266,39,216,1802,2003,1682137.0,674670.0,0.9791540000000001,1.185081,CAN,THA,9013
2225267,41,216,1802,2003,202065.0,212429.0,2.151037,0.711217,CHE,THA,9013
2225268,43,216,1802,2003,51528904.0,8876714.0,0.579431,2.773139,CHN,THA,9013
2225269,59,216,1802,2003,0.0,276455.0,1.555749,0.8662059999999999,CZE,THA,9013
2225270,61,216,1802,2003,887690.0,256943.0,2.2821919999999998,-2.0985150000000004,DEU,THA,9013
2225271,64,216,1802,2003,1888.0,0.0,1.309564,1.245596,DNK,THA,9013
2225272,71,216,1802,2003,0.0,4782.0,0.960684,2.074792,ESP,THA,9013
2225273,77,216,1802,2003,10355.0,2537236.0,1.606606,0.7394149999999999,FRA,THA,9013
2225274,81,216,1802,2003,1358833.0,69411.0,1.8712540000000002,0.706205,GBR,THA,9013
2225275,97,216,1802,2003,1535639.0,320023.0,0.494569,2.147062,HKG,THA,9013
2225276,102,216,1802,2003,0.0,360323.0,1.2003270000000001,1.091407,HUN,THA,9013
2225277,104,216,1802,2003,2563.0,0.0,0.33014099999999996,2.836003,IND,THA,9013
2225278,106,216,1802,2003,0.0,6883.0,1.6396130000000002,0.220599,IRL,THA,9013
2225279,110,216,1802,2003,728504.0,10279.0,1.157809,0.682195,ISR,THA,9013
2225280,111,216,1802,2003,133370.0,81195.0,1.399734,1.044608,ITA,THA,9013
2225281,114,216,1802,2003,21873796.0,2027456.0,2.4686630000000003,0.48072600000000004,JPN,THA,9013
2225282,121,216,1802,2003,5963929.0,62297.0,1.2611709999999998,0.956308,KOR,THA,9013
2225283,138,216,1802,2003,0.0,500010.0,0.862509,0.756684,MEX,THA,9013
2225284,153,216,1802,2003,149917.0,1748707.0,0.728804,0.2168,MYS,THA,9013
2225285,156,216,1802,2003,0.0,882.0,-0.344934,-0.776632,NCL,THA,9013
2225286,162,216,1802,2003,7240.0,24382.0,1.168453,1.7085709999999998,NLD,THA,9013
2225287,163,216,1802,2003,0.0,3017.0,1.1500620000000001,0.258554,NOR,THA,9013
2225288,174,216,1802,2003,2753.0,0.0,-0.065022,-0.195144,PHL,THA,9013
2225289,192,216,1802,2003,1273873.0,125779.0,1.5080799999999999,0.720337,SGP,THA,9013
2225290,206,216,1802,2003,17724.0,0.0,1.22565,0.915518,SVK,THA,9013
2225291,207,216,1802,2003,0.0,9114.0,1.6459840000000001,1.014191,SVN,THA,9013
2225292,208,216,1802,2003,20258.0,55127.0,2.099224,0.799982,SWE,THA,9013
2225293,224,216,1802,2003,0.0,1156.0,0.192802,1.9855060000000002,TUR,THA,9013
2225294,231,216,1802,2003,2823742.0,16229629.0,1.7789220000000001,0.064028,USA,THA,9013
2225295,239,216,1802,2003,0.0,4413.0,-0.633985,0.659696,VNM,THA,9013
2225296,249,216,1802,2003,52105087.0,7037257.0,1.5924040000000002,1.397843,TWN,THA,9013
2225297,39,222,1802,2003,4118.0,0.0,0.9791540000000001,1.185081,CAN,TTO,9013
2225298,43,222,1802,2003,1861.0,0.0,0.579431,2.773139,CHN,TTO,9013
2225299,61,222,1802,2003,1245050.0,0.0,2.2821919999999998,-2.0985150000000004,DEU,TTO,9013
2225300,81,222,1802,2003,29476.0,2028.0,1.8712540000000002,0.706205,GBR,TTO,9013
2225301,114,222,1802,2003,8026.0,0.0,2.4686630000000003,0.48072600000000004,JPN,TTO,9013
2225302,231,222,1802,2003,156211.0,0.0,1.7789220000000001,0.064028,USA,TTO,9013
2225303,4,224,1802,2003,0.0,1777.0,-0.053595000000000004,0.166034,ALB,TUR,9013
2225304,7,224,1802,2003,0.0,40014.0,0.049637,-0.502691,ARE,TUR,9013
2225305,14,224,1802,2003,3913.0,0.0,0.316879,0.9409489999999999,AUS,TUR,9013
2225306,15,224,1802,2003,10214.0,2800.0,1.834977,0.408096,AUT,TUR,9013
2225307,16,224,1802,2003,0.0,19327.0,-0.304606,-0.975453,AZE,TUR,9013
2225308,18,224,1802,2003,13273.0,101970.0,1.361682,1.39536,BEL,TUR,9013
2225309,24,224,1802,2003,0.0,19719.0,-0.10968800000000001,-1.041032,BHR,TUR,9013
2225310,26,224,1802,2003,1258080.0,39658.0,0.195667,0.347011,BIH,TUR,9013
2225311,28,224,1802,2003,60462.0,0.0,0.847358,0.9307719999999999,BLR,TUR,9013
2225312,39,224,1802,2003,36705.0,5929.0,0.9791540000000001,1.185081,CAN,TUR,9013
2225313,41,224,1802,2003,31175.0,6431.0,2.151037,0.711217,CHE,TUR,9013
2225314,43,224,1802,2003,1009434.0,0.0,0.579431,2.773139,CHN,TUR,9013
2225315,58,224,1802,2003,0.0,2109.0,0.259992,0.068914,CYP,TUR,9013
2225316,59,224,1802,2003,7620.0,2569.0,1.555749,0.8662059999999999,CZE,TUR,9013
2225317,61,224,1802,2003,3461190.0,508784.0,2.2821919999999998,-2.0985150000000004,DEU,TUR,9013
2225318,71,224,1802,2003,9360.0,0.0,0.960684,2.074792,ESP,TUR,9013
2225319,74,224,1802,2003,1234.0,0.0,2.077889,0.942501,FIN,TUR,9013
2225320,77,224,1802,2003,972069.0,2976.0,1.606606,0.7394149999999999,FRA,TUR,9013
2225321,81,224,1802,2003,1231751.0,8775.0,1.8712540000000002,0.706205,GBR,TUR,9013
2225322,97,224,1802,2003,182004.0,0.0,0.494569,2.147062,HKG,TUR,9013
2225323,102,224,1802,2003,3297.0,0.0,1.2003270000000001,1.091407,HUN,TUR,9013
2225324,104,224,1802,2003,3417.0,0.0,0.33014099999999996,2.836003,IND,TUR,9013
2225325,108,224,1802,2003,0.0,4126.0,-0.398557,-0.774153,IRQ,TUR,9013
2225326,110,224,1802,2003,166000.0,13808.0,1.157809,0.682195,ISR,TUR,9013
2225327,111,224,1802,2003,287763.0,2258911.0,1.399734,1.044608,ITA,TUR,9013
2225328,114,224,1802,2003,282658.0,0.0,2.4686630000000003,0.48072600000000004,JPN,TUR,9013
2225329,121,224,1802,2003,84031.0,0.0,1.2611709999999998,0.956308,KOR,TUR,9013
2225330,130,224,1802,2003,19236.0,0.0,0.239608,0.517299,LTU,TUR,9013
2225331,135,224,1802,2003,11279.0,0.0,-0.005154,-0.26107199999999997,MDA,TUR,9013
2225332,138,224,1802,2003,0.0,1340.0,0.862509,0.756684,MEX,TUR,9013
2225333,153,224,1802,2003,1236.0,2228.0,0.728804,0.2168,MYS,TUR,9013
2225334,162,224,1802,2003,286924.0,34160.0,1.168453,1.7085709999999998,NLD,TUR,9013
2225335,163,224,1802,2003,0.0,2924.0,1.1500620000000001,0.258554,NOR,TUR,9013
2225336,179,224,1802,2003,1918.0,0.0,0.471376,1.647303,PRT,TUR,9013
2225337,185,224,1802,2003,0.0,10212.0,0.378379,1.0064620000000002,ROU,TUR,9013
2225338,186,224,1802,2003,6485.0,0.0,1.072729,0.338355,RUS,TUR,9013
2225339,192,224,1802,2003,37548.0,0.0,1.5080799999999999,0.720337,SGP,TUR,9013
2225340,206,224,1802,2003,0.0,643.0,1.22565,0.915518,SVK,TUR,9013
2225341,208,224,1802,2003,0.0,5095.0,2.099224,0.799982,SWE,TUR,9013
2225342,216,224,1802,2003,1156.0,0.0,0.43010699999999996,1.607408,THA,TUR,9013
2225343,231,224,1802,2003,6820438.0,413723.0,1.7789220000000001,0.064028,USA,TUR,9013
2225344,232,224,1802,2003,0.0,1139.0,-0.285978,-0.703334,UZB,TUR,9013
2225345,246,224,1802,2003,89869.0,0.0,0.477987,2.255395,ZAF,TUR,9013
2225346,249,224,1802,2003,184024.0,0.0,1.5924040000000002,1.397843,TWN,TUR,9013
2225347,8,230,1802,2003,1805.0,9245.0,0.302073,0.49069700000000005,ARG,URY,9013
2225348,43,230,1802,2003,5962.0,0.0,0.579431,2.773139,CHN,URY,9013
2225349,61,230,1802,2003,761673.0,0.0,2.2821919999999998,-2.0985150000000004,DEU,URY,9013
2225350,71,230,1802,2003,1337.0,0.0,0.960684,2.074792,ESP,URY,9013
2225351,81,230,1802,2003,126271.0,11399.0,1.8712540000000002,0.706205,GBR,URY,9013
2225352,231,230,1802,2003,219223.0,0.0,1.7789220000000001,0.064028,USA,URY,9013
2225353,0,231,1802,2003,0.0,7805.0,-0.13006600000000001,-0.783431,ABW,USA,9013
2225354,1,231,1802,2003,0.0,1362893.0,-0.421205,-0.602704,AFG,USA,9013
2225355,2,231,1802,2003,0.0,12335.0,-1.8762919999999998,-1.176541,AGO,USA,9013
2225356,5,231,1802,2003,0.0,3487.0,1.0901319999999999,0.618693,AND,USA,9013
2225357,6,231,1802,2003,0.0,16767.0,0.108903,-0.650137,ANT,USA,9013
2225358,7,231,1802,2003,0.0,2829341.0,0.049637,-0.502691,ARE,USA,9013
2225359,8,231,1802,2003,19928.0,603589.0,0.302073,0.49069700000000005,ARG,USA,9013
2225360,9,231,1802,2003,617.0,19718.0,0.497521,-0.305788,ARM,USA,9013
2225361,14,231,1802,2003,1012256.0,12136029.0,0.316879,0.9409489999999999,AUS,USA,9013
2225362,15,231,1802,2003,8193478.0,2226989.0,1.834977,0.408096,AUT,USA,9013
2225363,16,231,1802,2003,0.0,7399.0,-0.304606,-0.975453,AZE,USA,9013
2225364,18,231,1802,2003,1205575.0,4325142.0,1.361682,1.39536,BEL,USA,9013
2225365,22,231,1802,2003,0.0,51092.0,-1.168404,-1.035782,BGD,USA,9013
2225366,23,231,1802,2003,74282.0,29677.0,0.43308599999999997,1.7104099999999998,BGR,USA,9013
2225367,24,231,1802,2003,0.0,629899.0,-0.10968800000000001,-1.041032,BHR,USA,9013
2225368,25,231,1802,2003,0.0,658914.0,0.614422,-0.40984,BHS,USA,9013
2225369,26,231,1802,2003,20203.0,34445.0,0.195667,0.347011,BIH,USA,9013
2225370,28,231,1802,2003,548708.0,28194.0,0.847358,0.9307719999999999,BLR,USA,9013
2225371,29,231,1802,2003,0.0,89570.0,-0.543555,-0.7596,BLZ,USA,9013
2225372,30,231,1802,2003,0.0,30306.0,0.9966459999999999,-0.5183270000000001,BMU,USA,9013
2225373,31,231,1802,2003,0.0,91892.0,-0.787995,-0.7228899999999999,BOL,USA,9013
2225374,32,231,1802,2003,873086.0,4455814.0,0.660576,1.118876,BRA,USA,9013
2225375,33,231,1802,2003,22372.0,12445.0,0.744166,0.074191,BRB,USA,9013
2225376,34,231,1802,2003,0.0,5500.0,-1.342738,-0.978633,BRN,USA,9013
2225377,37,231,1802,2003,0.0,19757.0,-0.517317,-1.1125770000000001,BWA,USA,9013
2225378,39,231,1802,2003,59990490.0,88926505.0,0.9791540000000001,1.185081,CAN,USA,9013
2225379,41,231,1802,2003,8552167.0,4993147.0,2.151037,0.711217,CHE,USA,9013
2225380,42,231,1802,2003,24155.0,1956786.0,-0.06375900000000001,-0.156808,CHL,USA,9013
2225381,43,231,1802,2003,100756109.0,36509257.0,0.579431,2.773139,CHN,USA,9013
2225382,45,231,1802,2003,65562.0,0.0,-1.254788,-1.10897,CMR,USA,9013
2225383,49,231,1802,2003,31149.0,3786521.0,0.218336,0.376869,COL,USA,9013
2225384,52,231,1802,2003,778190.0,415746.0,-0.193904,-0.5049680000000001,CRI,USA,9013
2225385,57,231,1802,2003,0.0,7326.0,0.308768,-0.690944,CYM,USA,9013
2225386,58,231,1802,2003,1801.0,100878.0,0.259992,0.068914,CYP,USA,9013
2225387,59,231,1802,2003,3567187.0,499284.0,1.555749,0.8662059999999999,CZE,USA,9013
2225388,61,231,1802,2003,140806448.0,108529872.0,2.2821919999999998,-2.0985150000000004,DEU,USA,9013
2225389,62,231,1802,2003,0.0,9477.0,-0.41648500000000005,-0.5408350000000001,DJI,USA,9013
2225390,63,231,1802,2003,0.0,39598.0,0.11903299999999999,-0.21768200000000001,DMA,USA,9013
2225391,64,231,1802,2003,1496081.0,3097818.0,1.309564,1.245596,DNK,USA,9013
2225392,65,231,1802,2003,6071548.0,675803.0,-0.46264399999999994,-0.245034,DOM,USA,9013
2225393,66,231,1802,2003,0.0,189705.0,-1.060727,-1.142594,DZA,USA,9013
2225394,67,231,1802,2003,44639.0,190293.0,-0.8689370000000001,-0.889767,ECU,USA,9013
2225395,68,231,1802,2003,0.0,12874226.0,-0.292923,0.465433,EGY,USA,9013
2225396,69,231,1802,2003,0.0,1484.0,-0.105591,-0.247614,ERI,USA,9013
2225397,71,231,1802,2003,741416.0,3959385.0,0.960684,2.074792,ESP,USA,9013
2225398,72,231,1802,2003,0.0,143438.0,0.5913010000000001,0.8489979999999999,EST,USA,9013
2225399,73,231,1802,2003,0.0,3135.0,-1.1145559999999999,-0.9599620000000001,ETH,USA,9013
2225400,74,231,1802,2003,221565.0,1052383.0,2.077889,0.942501,FIN,USA,9013
2225401,75,231,1802,2003,0.0,6180.0,-0.6865640000000001,-0.326977,FJI,USA,9013
2225402,76,231,1802,2003,0.0,5944.0,0.593669,-0.68972,FLK,USA,9013
2225403,77,231,1802,2003,11004147.0,20434751.0,1.606606,0.7394149999999999,FRA,USA,9013
2225404,78,231,1802,2003,0.0,10392.0,-0.46422299999999994,-0.8072050000000001,FRO,USA,9013
2225405,81,231,1802,2003,61544507.0,48112168.0,1.8712540000000002,0.706205,GBR,USA,9013
2225406,82,231,1802,2003,0.0,8512.0,0.595485,-0.25939,GEO,USA,9013
2225407,85,231,1802,2003,14582.0,0.0,-2.14752,-1.250048,GIN,USA,9013
2225408,90,231,1802,2003,290404.0,8138722.0,0.364688,1.4823959999999998,GRC,USA,9013
2225409,91,231,1802,2003,0.0,2388.0,0.3936,-0.258355,GRD,USA,9013
2225410,92,231,1802,2003,0.0,2705.0,-0.764655,-0.8684200000000001,GRL,USA,9013
2225411,93,231,1802,2003,0.0,340001.0,-0.444162,0.145319,GTM,USA,9013
2225412,96,231,1802,2003,0.0,6667.0,-0.59035,-0.7361340000000001,GUY,USA,9013
2225413,97,231,1802,2003,7703343.0,33399878.0,0.494569,2.147062,HKG,USA,9013
2225414,99,231,1802,2003,0.0,83410.0,-0.733546,-0.568585,HND,USA,9013
2225415,100,231,1802,2003,0.0,189433.0,0.568394,1.230759,HRV,USA,9013
2225416,101,231,1802,2003,0.0,7700.0,-1.3761290000000002,-1.006346,HTI,USA,9013
2225417,102,231,1802,2003,74567.0,1140726.0,1.2003270000000001,1.091407,HUN,USA,9013
2225418,103,231,1802,2003,1127097.0,30048.0,-0.16802,1.7252990000000001,IDN,USA,9013
2225419,104,231,1802,2003,550801.0,3739494.0,0.33014099999999996,2.836003,IND,USA,9013
2225420,106,231,1802,2003,156940.0,5318360.0,1.6396130000000002,0.220599,IRL,USA,9013
2225421,108,231,1802,2003,0.0,516108.0,-0.398557,-0.774153,IRQ,USA,9013
2225422,109,231,1802,2003,2136.0,88821.0,0.21902800000000003,-0.40818499999999996,ISL,USA,9013
2225423,110,231,1802,2003,11228204.0,29265963.0,1.157809,0.682195,ISR,USA,9013
2225424,111,231,1802,2003,9948617.0,27164033.0,1.399734,1.044608,ITA,USA,9013
2225425,112,231,1802,2003,0.0,105976.0,-0.6684140000000001,-0.915817,JAM,USA,9013
2225426,113,231,1802,2003,0.0,373305.0,0.12295,0.377031,JOR,USA,9013
2225427,114,231,1802,2003,248598092.0,248680262.0,2.4686630000000003,0.48072600000000004,JPN,USA,9013
2225428,115,231,1802,2003,0.0,15449.0,-0.156326,-0.62092,KAZ,USA,9013
2225429,116,231,1802,2003,0.0,76424.0,-0.3531,0.582992,KEN,USA,9013
2225430,117,231,1802,2003,0.0,3817.0,0.25359699999999996,0.24101199999999998,KGZ,USA,9013
2225431,120,231,1802,2003,0.0,12490.0,0.555154,-0.405962,KNA,USA,9013
2225432,121,231,1802,2003,26092129.0,54479615.0,1.2611709999999998,0.956308,KOR,USA,9013
2225433,122,231,1802,2003,131647.0,4304253.0,-0.7943640000000001,-1.1529770000000001,KWT,USA,9013
2225434,124,231,1802,2003,0.0,87768.0,0.261687,1.053856,LBN,USA,9013
2225435,128,231,1802,2003,0.0,2169.0,-0.618057,0.101931,LKA,USA,9013
2225436,130,231,1802,2003,1099102.0,66325.0,0.239608,0.517299,LTU,USA,9013
2225437,131,231,1802,2003,98931.0,191000.0,1.444996,1.063764,LUX,USA,9013
2225438,132,231,1802,2003,0.0,171079.0,0.520772,0.5631689999999999,LVA,USA,9013
2225439,133,231,1802,2003,154127.0,365926.0,-0.294516,-0.413828,MAC,USA,9013
2225440,134,231,1802,2003,0.0,48825.0,-0.6842050000000001,-0.217892,MAR,USA,9013
2225441,136,231,1802,2003,0.0,7207.0,-1.254758,-0.622696,MDG,USA,9013
2225442,138,231,1802,2003,13816693.0,455054868.0,0.862509,0.756684,MEX,USA,9013
2225443,140,231,1802,2003,0.0,1813.0,-0.017632,0.225394,MKD,USA,9013
2225444,142,231,1802,2003,9569.0,19211.0,1.2138149999999999,-0.015687,MLT,USA,9013
2225445,145,231,1802,2003,0.0,902.0,-0.9747620000000001,-1.026308,MNG,USA,9013
2225446,147,231,1802,2003,0.0,2257.0,-1.188243,-1.123693,MOZ,USA,9013
2225447,151,231,1802,2003,0.0,1717.0,-0.361514,-0.29839899999999997,MUS,USA,9013
2225448,153,231,1802,2003,2859190.0,6064109.0,0.728804,0.2168,MYS,USA,9013
2225449,155,231,1802,2003,0.0,67323.0,-0.24004499999999998,-0.39565900000000004,NAM,USA,9013
2225450,156,231,1802,2003,0.0,48405.0,-0.344934,-0.776632,NCL,USA,9013
2225451,157,231,1802,2003,0.0,2073.0,-0.199296,-0.578264,NER,USA,9013
2225452,159,231,1802,2003,0.0,41243.0,-1.859176,-1.234236,NGA,USA,9013
2225453,160,231,1802,2003,0.0,23139.0,-0.8661459999999999,-0.8661690000000001,NIC,USA,9013
2225454,162,231,1802,2003,6332537.0,133120596.0,1.168453,1.7085709999999998,NLD,USA,9013
2225455,163,231,1802,2003,9738565.0,1595159.0,1.1500620000000001,0.258554,NOR,USA,9013
2225456,164,231,1802,2003,0.0,19432.0,-0.26353899999999997,1.351717,NPL,USA,9013
2225457,166,231,1802,2003,38009.0,4373257.0,0.589619,0.997301,NZL,USA,9013
2225458,167,231,1802,2003,0.0,4407.0,-1.434873,-1.188123,OMN,USA,9013
2225459,168,231,1802,2003,6420.0,687998.0,-0.6659689999999999,0.137924,PAK,USA,9013
2225460,169,231,1802,2003,3862.0,1311213.0,-0.050386,-0.039619999999999995,PAN,USA,9013
2225461,173,231,1802,2003,10261.0,207481.0,-0.48627,0.371354,PER,USA,9013
2225462,174,231,1802,2003,16275704.0,458588.0,-0.065022,-0.195144,PHL,USA,9013
2225463,176,231,1802,2003,0.0,3306.0,-1.7997330000000002,-1.2110049999999999,PNG,USA,9013
2225464,177,231,1802,2003,18900.0,576387.0,0.966622,1.664838,POL,USA,9013
2225465,179,231,1802,2003,89809.0,498163.0,0.471376,1.647303,PRT,USA,9013
2225466,180,231,1802,2003,2345.0,3406.0,-0.607733,-0.8577879999999999,PRY,USA,9013
2225467,182,231,1802,2003,0.0,1508.0,-0.255707,-0.676557,PYF,USA,9013
2225468,183,231,1802,2003,0.0,5340.0,-0.209042,-1.0565799999999999,QAT,USA,9013
2225469,185,231,1802,2003,477586.0,25051.0,0.378379,1.0064620000000002,ROU,USA,9013
2225470,186,231,1802,2003,1656003.0,2639029.0,1.072729,0.338355,RUS,USA,9013
2225471,188,231,1802,2003,0.0,804580.0,0.202286,-0.714691,SAU,USA,9013
2225472,189,231,1802,2003,0.0,198370.0,0.575326,1.627894,SCG,USA,9013
2225473,192,231,1802,2003,10264506.0,31209510.0,1.5080799999999999,0.720337,SGP,USA,9013
2225474,197,231,1802,2003,0.0,254951.0,-0.251357,-0.189917,SLV,USA,9013
2225475,205,231,1802,2003,0.0,3235.0,-0.896925,-0.88623,SUR,USA,9013
2225476,206,231,1802,2003,59918.0,24158.0,1.22565,0.915518,SVK,USA,9013
2225477,207,231,1802,2003,6404.0,98184.0,1.6459840000000001,1.014191,SVN,USA,9013
2225478,208,231,1802,2003,12536783.0,6719489.0,2.099224,0.799982,SWE,USA,9013
2225479,209,231,1802,2003,0.0,2069.0,0.399541,-0.23342600000000002,SWZ,USA,9013
2225480,212,231,1802,2003,0.0,8165.0,-0.868749,-0.326322,SYR,USA,9013
2225481,215,231,1802,2003,0.0,5061.0,-0.5058590000000001,-0.520586,TGO,USA,9013
2225482,216,231,1802,2003,16229629.0,2823742.0,0.43010699999999996,1.607408,THA,USA,9013
2225483,222,231,1802,2003,0.0,156211.0,-0.16738,-0.9820969999999999,TTO,USA,9013
2225484,223,231,1802,2003,0.0,13868.0,-0.14845999999999998,0.255092,TUN,USA,9013
2225485,224,231,1802,2003,413723.0,6820438.0,0.192802,1.9855060000000002,TUR,USA,9013
2225486,226,231,1802,2003,0.0,5135.0,-1.225217,-0.43662399999999996,TZA,USA,9013
2225487,228,231,1802,2003,1118348.0,32289.0,0.8929389999999999,0.956685,UKR,USA,9013
2225488,230,231,1802,2003,0.0,219223.0,0.19792200000000001,0.243104,URY,USA,9013
2225489,236,231,1802,2003,0.0,243679.0,0.277805,-0.783697,VEN,USA,9013
2225490,239,231,1802,2003,0.0,20406.0,-0.633985,0.659696,VNM,USA,9013
2225491,242,231,1802,2003,0.0,768.0,-0.304377,-0.620659,WSM,USA,9013
2225492,246,231,1802,2003,365577.0,1710342.0,0.477987,2.255395,ZAF,USA,9013
2225493,249,231,1802,2003,60068626.0,45264176.0,1.5924040000000002,1.397843,TWN,USA,9013
2225494,14,236,1802,2003,9559.0,0.0,0.316879,0.9409489999999999,AUS,VEN,9013
2225495,18,236,1802,2003,9781.0,0.0,1.361682,1.39536,BEL,VEN,9013
2225496,39,236,1802,2003,1528.0,0.0,0.9791540000000001,1.185081,CAN,VEN,9013
2225497,42,236,1802,2003,0.0,1984.0,-0.06375900000000001,-0.156808,CHL,VEN,9013
2225498,43,236,1802,2003,9082.0,34410.0,0.579431,2.773139,CHN,VEN,9013
2225499,52,236,1802,2003,0.0,7135.0,-0.193904,-0.5049680000000001,CRI,VEN,9013
2225500,61,236,1802,2003,287256.0,0.0,2.2821919999999998,-2.0985150000000004,DEU,VEN,9013
2225501,64,236,1802,2003,3731.0,0.0,1.309564,1.245596,DNK,VEN,9013
2225502,71,236,1802,2003,1316.0,0.0,0.960684,2.074792,ESP,VEN,9013
2225503,77,236,1802,2003,1240.0,0.0,1.606606,0.7394149999999999,FRA,VEN,9013
2225504,81,236,1802,2003,2920.0,0.0,1.8712540000000002,0.706205,GBR,VEN,9013
2225505,97,236,1802,2003,13509.0,0.0,0.494569,2.147062,HKG,VEN,9013
2225506,111,236,1802,2003,17781.0,11021.0,1.399734,1.044608,ITA,VEN,9013
2225507,121,236,1802,2003,5063.0,0.0,1.2611709999999998,0.956308,KOR,VEN,9013
2225508,138,236,1802,2003,0.0,4159.0,0.862509,0.756684,MEX,VEN,9013
2225509,162,236,1802,2003,0.0,127335.0,1.168453,1.7085709999999998,NLD,VEN,9013
2225510,169,236,1802,2003,3034.0,1179.0,-0.050386,-0.039619999999999995,PAN,VEN,9013
2225511,186,236,1802,2003,8468.0,0.0,1.072729,0.338355,RUS,VEN,9013
2225512,231,236,1802,2003,243679.0,0.0,1.7789220000000001,0.064028,USA,VEN,9013
2225513,249,236,1802,2003,30161.0,0.0,1.5924040000000002,1.397843,TWN,VEN,9013
2225514,32,237,1802,2003,0.0,2663.0,0.660576,1.118876,BRA,VGB,9013
2225515,121,237,1802,2003,8254.0,0.0,1.2611709999999998,0.956308,KOR,VGB,9013
2225516,249,237,1802,2003,1627732.0,0.0,1.5924040000000002,1.397843,TWN,VGB,9013
2225517,14,246,1802,2003,41474.0,217045.0,0.316879,0.9409489999999999,AUS,ZAF,9013
2225518,15,246,1802,2003,135163.0,13108.0,1.834977,0.408096,AUT,ZAF,9013
2225519,18,246,1802,2003,191237.0,0.0,1.361682,1.39536,BEL,ZAF,9013
2225520,19,246,1802,2003,0.0,8748.0,-1.150888,-0.956203,BEN,ZAF,9013
2225521,23,246,1802,2003,1950.0,0.0,0.43308599999999997,1.7104099999999998,BGR,ZAF,9013
2225522,37,246,1802,2003,498.0,70326.0,-0.517317,-1.1125770000000001,BWA,ZAF,9013
2225523,39,246,1802,2003,17472.0,0.0,0.9791540000000001,1.185081,CAN,ZAF,9013
2225524,41,246,1802,2003,76522.0,2523.0,2.151037,0.711217,CHE,ZAF,9013
2225525,43,246,1802,2003,532220.0,155024.0,0.579431,2.773139,CHN,ZAF,9013
2225526,46,246,1802,2003,0.0,4051.0,-1.366232,-1.0778860000000001,COD,ZAF,9013
2225527,59,246,1802,2003,9560.0,6108.0,1.555749,0.8662059999999999,CZE,ZAF,9013
2225528,61,246,1802,2003,5768010.0,1533689.0,2.2821919999999998,-2.0985150000000004,DEU,ZAF,9013
2225529,64,246,1802,2003,471814.0,941.0,1.309564,1.245596,DNK,ZAF,9013
2225530,66,246,1802,2003,0.0,19942.0,-1.060727,-1.142594,DZA,ZAF,9013
2225531,67,246,1802,2003,0.0,511681.0,-0.8689370000000001,-0.889767,ECU,ZAF,9013
2225532,71,246,1802,2003,33994.0,30008.0,0.960684,2.074792,ESP,ZAF,9013
2225533,74,246,1802,2003,14553.0,0.0,2.077889,0.942501,FIN,ZAF,9013
2225534,77,246,1802,2003,1085817.0,92102.0,1.606606,0.7394149999999999,FRA,ZAF,9013
2225535,81,246,1802,2003,1519478.0,2111850.0,1.8712540000000002,0.706205,GBR,ZAF,9013
2225536,83,246,1802,2003,0.0,13537.0,-1.074188,-0.7127319999999999,GHA,ZAF,9013
2225537,97,246,1802,2003,959893.0,4832.0,0.494569,2.147062,HKG,ZAF,9013
2225538,102,246,1802,2003,33653.0,0.0,1.2003270000000001,1.091407,HUN,ZAF,9013
2225539,104,246,1802,2003,8800.0,13154.0,0.33014099999999996,2.836003,IND,ZAF,9013
2225540,106,246,1802,2003,37922.0,0.0,1.6396130000000002,0.220599,IRL,ZAF,9013
2225541,109,246,1802,2003,496567.0,0.0,0.21902800000000003,-0.40818499999999996,ISL,ZAF,9013
2225542,110,246,1802,2003,128791.0,98042.0,1.157809,0.682195,ISR,ZAF,9013
2225543,111,246,1802,2003,59244.0,12209.0,1.399734,1.044608,ITA,ZAF,9013
2225544,114,246,1802,2003,623124.0,7149.0,2.4686630000000003,0.48072600000000004,JPN,ZAF,9013
2225545,121,246,1802,2003,164030.0,0.0,1.2611709999999998,0.956308,KOR,ZAF,9013
2225546,126,246,1802,2003,0.0,10697.0,-0.36075999999999997,-1.110575,LBY,ZAF,9013
2225547,138,246,1802,2003,0.0,7197.0,0.862509,0.756684,MEX,ZAF,9013
2225548,147,246,1802,2003,0.0,58299.0,-1.188243,-1.123693,MOZ,ZAF,9013
2225549,152,246,1802,2003,0.0,6409.0,-1.48079,-1.235645,MWI,ZAF,9013
2225550,153,246,1802,2003,38295.0,8662.0,0.728804,0.2168,MYS,ZAF,9013
2225551,155,246,1802,2003,818.0,62333.0,-0.24004499999999998,-0.39565900000000004,NAM,ZAF,9013
2225552,162,246,1802,2003,304202.0,42522.0,1.168453,1.7085709999999998,NLD,ZAF,9013
2225553,163,246,1802,2003,1762.0,0.0,1.1500620000000001,0.258554,NOR,ZAF,9013
2225554,166,246,1802,2003,13503.0,0.0,0.589619,0.997301,NZL,ZAF,9013
2225555,174,246,1802,2003,4554.0,0.0,-0.065022,-0.195144,PHL,ZAF,9013
2225556,192,246,1802,2003,143817.0,100006.0,1.5080799999999999,0.720337,SGP,ZAF,9013
2225557,208,246,1802,2003,67822.0,1204.0,2.099224,0.799982,SWE,ZAF,9013
2225558,209,246,1802,2003,242.0,281461.0,0.399541,-0.23342600000000002,SWZ,ZAF,9013
2225559,224,246,1802,2003,0.0,89869.0,0.192802,1.9855060000000002,TUR,ZAF,9013
2225560,226,246,1802,2003,0.0,5182.0,-1.225217,-0.43662399999999996,TZA,ZAF,9013
2225561,228,246,1802,2003,1256.0,0.0,0.8929389999999999,0.956685,UKR,ZAF,9013
2225562,231,246,1802,2003,1710342.0,365577.0,1.7789220000000001,0.064028,USA,ZAF,9013
2225563,247,246,1802,2003,0.0,18408.0,-0.678149,-0.5919449999999999,ZMB,ZAF,9013
2225564,248,246,1802,2003,0.0,15524.0,-0.366539,-0.18906199999999998,ZWE,ZAF,9013
2225565,249,246,1802,2003,294364.0,1117.0,1.5924040000000002,1.397843,TWN,ZAF,9013
2225566,250,246,1802,2003,13064.0,0.0,0.45951499999999995,-0.2312,ANS,ZAF,9013
2225567,5,249,1802,2003,0.0,421.0,1.0901319999999999,0.618693,AND,TWN,9013
2225568,7,249,1802,2003,0.0,478409.0,0.049637,-0.502691,ARE,TWN,9013
2225569,8,249,1802,2003,0.0,204382.0,0.302073,0.49069700000000005,ARG,TWN,9013
2225570,14,249,1802,2003,212405.0,1891018.0,0.316879,0.9409489999999999,AUS,TWN,9013
2225571,15,249,1802,2003,21244.0,45323408.0,1.834977,0.408096,AUT,TWN,9013
2225572,18,249,1802,2003,6758.0,1224801.0,1.361682,1.39536,BEL,TWN,9013
2225573,23,249,1802,2003,0.0,44987.0,0.43308599999999997,1.7104099999999998,BGR,TWN,9013
2225574,24,249,1802,2003,0.0,1919.0,-0.10968800000000001,-1.041032,BHR,TWN,9013
2225575,28,249,1802,2003,26916.0,1603.0,0.847358,0.9307719999999999,BLR,TWN,9013
2225576,32,249,1802,2003,31362.0,5625311.0,0.660576,1.118876,BRA,TWN,9013
2225577,39,249,1802,2003,135833.0,2914535.0,0.9791540000000001,1.185081,CAN,TWN,9013
2225578,41,249,1802,2003,559343.0,4361148.0,2.151037,0.711217,CHE,TWN,9013
2225579,42,249,1802,2003,0.0,24301.0,-0.06375900000000001,-0.156808,CHL,TWN,9013
2225580,43,249,1802,2003,331617733.0,3778476194.0,0.579431,2.773139,CHN,TWN,9013
2225581,45,249,1802,2003,0.0,59944.0,-1.254788,-1.10897,CMR,TWN,9013
2225582,49,249,1802,2003,0.0,15796.0,0.218336,0.376869,COL,TWN,9013
2225583,52,249,1802,2003,0.0,1775.0,-0.193904,-0.5049680000000001,CRI,TWN,9013
2225584,59,249,1802,2003,774.0,571682.0,1.555749,0.8662059999999999,CZE,TWN,9013
2225585,61,249,1802,2003,14274155.0,13209683.0,2.2821919999999998,-2.0985150000000004,DEU,TWN,9013
2225586,64,249,1802,2003,128037.0,568018.0,1.309564,1.245596,DNK,TWN,9013
2225587,67,249,1802,2003,0.0,17968.0,-0.8689370000000001,-0.889767,ECU,TWN,9013
2225588,68,249,1802,2003,0.0,19927.0,-0.292923,0.465433,EGY,TWN,9013
2225589,71,249,1802,2003,32870.0,2152222.0,0.960684,2.074792,ESP,TWN,9013
2225590,72,249,1802,2003,1947.0,8481.0,0.5913010000000001,0.8489979999999999,EST,TWN,9013
2225591,74,249,1802,2003,8815.0,456106.0,2.077889,0.942501,FIN,TWN,9013
2225592,77,249,1802,2003,159720.0,3262573.0,1.606606,0.7394149999999999,FRA,TWN,9013
2225593,81,249,1802,2003,1431832.0,41739313.0,1.8712540000000002,0.706205,GBR,TWN,9013
2225594,90,249,1802,2003,95462.0,88369.0,0.364688,1.4823959999999998,GRC,TWN,9013
2225595,91,249,1802,2003,0.0,2570.0,0.3936,-0.258355,GRD,TWN,9013
2225596,97,249,1802,2003,36664530.0,479097452.0,0.494569,2.147062,HKG,TWN,9013
2225597,99,249,1802,2003,0.0,1602.0,-0.733546,-0.568585,HND,TWN,9013
2225598,100,249,1802,2003,0.0,8832.0,0.568394,1.230759,HRV,TWN,9013
2225599,102,249,1802,2003,0.0,5689039.0,1.2003270000000001,1.091407,HUN,TWN,9013
2225600,103,249,1802,2003,1393931.0,948304.0,-0.16802,1.7252990000000001,IDN,TWN,9013
2225601,104,249,1802,2003,7743.0,442681.0,0.33014099999999996,2.836003,IND,TWN,9013
2225602,106,249,1802,2003,4213.0,33566627.0,1.6396130000000002,0.220599,IRL,TWN,9013
2225603,107,249,1802,2003,0.0,367804.0,-0.552146,-0.8668520000000001,IRN,TWN,9013
2225604,109,249,1802,2003,0.0,374.0,0.21902800000000003,-0.40818499999999996,ISL,TWN,9013
2225605,110,249,1802,2003,1353630.0,3067963.0,1.157809,0.682195,ISR,TWN,9013
2225606,111,249,1802,2003,336069.0,3302298.0,1.399734,1.044608,ITA,TWN,9013
2225607,113,249,1802,2003,0.0,7610.0,0.12295,0.377031,JOR,TWN,9013
2225608,114,249,1802,2003,414843925.0,184824030.0,2.4686630000000003,0.48072600000000004,JPN,TWN,9013
2225609,116,249,1802,2003,0.0,281580.0,-0.3531,0.582992,KEN,TWN,9013
2225610,118,249,1802,2003,0.0,540965.0,-1.0165620000000002,-1.060454,KHM,TWN,9013
2225611,121,249,1802,2003,168256948.0,167504222.0,1.2611709999999998,0.956308,KOR,TWN,9013
2225612,124,249,1802,2003,0.0,2300.0,0.261687,1.053856,LBN,TWN,9013
2225613,125,249,1802,2003,0.0,26703.0,0.026117,-1.03888,LBR,TWN,9013
2225614,128,249,1802,2003,0.0,20623.0,-0.618057,0.101931,LKA,TWN,9013
2225615,130,249,1802,2003,41834.0,31939.0,0.239608,0.517299,LTU,TWN,9013
2225616,131,249,1802,2003,0.0,147930.0,1.444996,1.063764,LUX,TWN,9013
2225617,132,249,1802,2003,0.0,6514.0,0.520772,0.5631689999999999,LVA,TWN,9013
2225618,133,249,1802,2003,5425.0,5185410.0,-0.294516,-0.413828,MAC,TWN,9013
2225619,138,249,1802,2003,6719.0,8941092.0,0.862509,0.756684,MEX,TWN,9013
2225620,151,249,1802,2003,0.0,34745.0,-0.361514,-0.29839899999999997,MUS,TWN,9013
2225621,153,249,1802,2003,2872561.0,115888646.0,0.728804,0.2168,MYS,TWN,9013
2225622,162,249,1802,2003,1805017.0,13941820.0,1.168453,1.7085709999999998,NLD,TWN,9013
2225623,163,249,1802,2003,7616.0,171919.0,1.1500620000000001,0.258554,NOR,TWN,9013
2225624,166,249,1802,2003,19212.0,582361.0,0.589619,0.997301,NZL,TWN,9013
2225625,168,249,1802,2003,0.0,66038.0,-0.6659689999999999,0.137924,PAK,TWN,9013
2225626,173,249,1802,2003,0.0,3830.0,-0.48627,0.371354,PER,TWN,9013
2225627,174,249,1802,2003,2922469.0,30633252.0,-0.065022,-0.195144,PHL,TWN,9013
2225628,175,249,1802,2003,0.0,4657.0,-0.478426,-0.85765,PLW,TWN,9013
2225629,177,249,1802,2003,0.0,155772.0,0.966622,1.664838,POL,TWN,9013
2225630,178,249,1802,2003,2623.0,0.0,0.7060420000000001,0.7718,PRK,TWN,9013
2225631,179,249,1802,2003,0.0,425314.0,0.471376,1.647303,PRT,TWN,9013
2225632,185,249,1802,2003,0.0,74873.0,0.378379,1.0064620000000002,ROU,TWN,9013
2225633,186,249,1802,2003,385246.0,137838.0,1.072729,0.338355,RUS,TWN,9013
2225634,188,249,1802,2003,0.0,63593.0,0.202286,-0.714691,SAU,TWN,9013
2225635,192,249,1802,2003,1522410.0,22404163.0,1.5080799999999999,0.720337,SGP,TWN,9013
2225636,206,249,1802,2003,1388.0,183754.0,1.22565,0.915518,SVK,TWN,9013
2225637,207,249,1802,2003,0.0,80000.0,1.6459840000000001,1.014191,SVN,TWN,9013
2225638,208,249,1802,2003,184882.0,1121792.0,2.099224,0.799982,SWE,TWN,9013
2225639,216,249,1802,2003,7037257.0,52105087.0,0.43010699999999996,1.607408,THA,TWN,9013
2225640,223,249,1802,2003,0.0,9481.0,-0.14845999999999998,0.255092,TUN,TWN,9013
2225641,224,249,1802,2003,0.0,184024.0,0.192802,1.9855060000000002,TUR,TWN,9013
2225642,228,249,1802,2003,0.0,193214.0,0.8929389999999999,0.956685,UKR,TWN,9013
2225643,231,249,1802,2003,45264176.0,60068626.0,1.7789220000000001,0.064028,USA,TWN,9013
2225644,236,249,1802,2003,0.0,30161.0,0.277805,-0.783697,VEN,TWN,9013
2225645,237,249,1802,2003,0.0,1627732.0,0.685109,-0.20824299999999998,VGB,TWN,9013
2225646,239,249,1802,2003,3327851.0,7953.0,-0.633985,0.659696,VNM,TWN,9013
2225647,246,249,1802,2003,1117.0,294364.0,0.477987,2.255395,ZAF,TWN,9013
2225648,248,249,1802,2003,0.0,4348.0,-0.366539,-0.18906199999999998,ZWE,TWN,9013
2225649,250,249,1802,2003,63092474.0,220697.0,0.45951499999999995,-0.2312,ANS,TWN,9013
2225650,7,14,1802,2003,3268.0,0.0,0.049637,-0.502691,ARE,AUS,9013
2225651,15,14,1802,2003,520219.0,74724.0,1.834977,0.408096,AUT,AUS,9013
2225652,18,14,1802,2003,164806.0,29790.0,1.361682,1.39536,BEL,AUS,9013
2225653,24,14,1802,2003,0.0,1889.0,-0.10968800000000001,-1.041032,BHR,AUS,9013
2225654,28,14,1802,2003,34336.0,636.0,0.847358,0.9307719999999999,BLR,AUS,9013
2225655,39,14,1802,2003,2660350.0,206024.0,0.9791540000000001,1.185081,CAN,AUS,9013
2225656,41,14,1802,2003,326004.0,205383.0,2.151037,0.711217,CHE,AUS,9013
2225657,43,14,1802,2003,1159849.0,97042.0,0.579431,2.773139,CHN,AUS,9013
2225658,49,14,1802,2003,0.0,17744.0,0.218336,0.376869,COL,AUS,9013
2225659,59,14,1802,2003,101098.0,18762.0,1.555749,0.8662059999999999,CZE,AUS,9013
2225660,61,14,1802,2003,4034435.0,944289.0,2.2821919999999998,-2.0985150000000004,DEU,AUS,9013
2225661,64,14,1802,2003,325455.0,61993.0,1.309564,1.245596,DNK,AUS,9013
2225662,71,14,1802,2003,11872.0,20187.0,0.960684,2.074792,ESP,AUS,9013
2225663,72,14,1802,2003,0.0,706.0,0.5913010000000001,0.8489979999999999,EST,AUS,9013
2225664,74,14,1802,2003,86254.0,83208.0,2.077889,0.942501,FIN,AUS,9013
2225665,75,14,1802,2003,3982.0,2521.0,-0.6865640000000001,-0.326977,FJI,AUS,9013
2225666,77,14,1802,2003,990628.0,95019.0,1.606606,0.7394149999999999,FRA,AUS,9013
2225667,81,14,1802,2003,5890096.0,829436.0,1.8712540000000002,0.706205,GBR,AUS,9013
2225668,83,14,1802,2003,0.0,427236.0,-1.074188,-0.7127319999999999,GHA,AUS,9013
2225669,90,14,1802,2003,0.0,2922.0,0.364688,1.4823959999999998,GRC,AUS,9013
2225670,97,14,1802,2003,2231556.0,91232.0,0.494569,2.147062,HKG,AUS,9013
2225671,102,14,1802,2003,5343.0,0.0,1.2003270000000001,1.091407,HUN,AUS,9013
2225672,103,14,1802,2003,3795.0,24278.0,-0.16802,1.7252990000000001,IDN,AUS,9013
2225673,104,14,1802,2003,11194.0,68256.0,0.33014099999999996,2.836003,IND,AUS,9013
2225674,106,14,1802,2003,100542.0,7693.0,1.6396130000000002,0.220599,IRL,AUS,9013
2225675,107,14,1802,2003,0.0,2022.0,-0.552146,-0.8668520000000001,IRN,AUS,9013
2225676,110,14,1802,2003,547139.0,2024.0,1.157809,0.682195,ISR,AUS,9013
2225677,111,14,1802,2003,459371.0,117968.0,1.399734,1.044608,ITA,AUS,9013
2225678,114,14,1802,2003,4400472.0,126229.0,2.4686630000000003,0.48072600000000004,JPN,AUS,9013
2225679,116,14,1802,2003,0.0,2479.0,-0.3531,0.582992,KEN,AUS,9013
2225680,121,14,1802,2003,239543.0,112813.0,1.2611709999999998,0.956308,KOR,AUS,9013
2225681,122,14,1802,2003,0.0,3011.0,-0.7943640000000001,-1.1529770000000001,KWT,AUS,9013
2225682,130,14,1802,2003,1737.0,0.0,0.239608,0.517299,LTU,AUS,9013
2225683,132,14,1802,2003,0.0,9419.0,0.520772,0.5631689999999999,LVA,AUS,9013
2225684,138,14,1802,2003,56997.0,7791.0,0.862509,0.756684,MEX,AUS,9013
2225685,141,14,1802,2003,0.0,1063.0,-0.786411,-0.879049,MLI,AUS,9013
2225686,153,14,1802,2003,37617.0,16597.0,0.728804,0.2168,MYS,AUS,9013
2225687,156,14,1802,2003,0.0,6685.0,-0.344934,-0.776632,NCL,AUS,9013
2225688,157,14,1802,2003,0.0,1345.0,-0.199296,-0.578264,NER,AUS,9013
2225689,158,14,1802,2003,0.0,1495.0,1.017142,-0.5294270000000001,NFK,AUS,9013
2225690,162,14,1802,2003,82848.0,8463.0,1.168453,1.7085709999999998,NLD,AUS,9013
2225691,163,14,1802,2003,149534.0,38034.0,1.1500620000000001,0.258554,NOR,AUS,9013
2225692,166,14,1802,2003,646937.0,1569400.0,0.589619,0.997301,NZL,AUS,9013
2225693,174,14,1802,2003,72136.0,0.0,-0.065022,-0.195144,PHL,AUS,9013
2225694,176,14,1802,2003,4973.0,15765.0,-1.7997330000000002,-1.2110049999999999,PNG,AUS,9013
2225695,177,14,1802,2003,0.0,1639.0,0.966622,1.664838,POL,AUS,9013
2225696,182,14,1802,2003,26991.0,10077.0,-0.255707,-0.676557,PYF,AUS,9013
2225697,186,14,1802,2003,21941.0,0.0,1.072729,0.338355,RUS,AUS,9013
2225698,188,14,1802,2003,0.0,6762.0,0.202286,-0.714691,SAU,AUS,9013
2225699,192,14,1802,2003,274965.0,279352.0,1.5080799999999999,0.720337,SGP,AUS,9013
2225700,206,14,1802,2003,517.0,0.0,1.22565,0.915518,SVK,AUS,9013
2225701,207,14,1802,2003,7187.0,1984.0,1.6459840000000001,1.014191,SVN,AUS,9013
2225702,208,14,1802,2003,1254469.0,25508.0,2.099224,0.799982,SWE,AUS,9013
2225703,216,14,1802,2003,308754.0,47750.0,0.43010699999999996,1.607408,THA,AUS,9013
2225704,220,14,1802,2003,0.0,1127.0,1.21882,-0.118529,TLS,AUS,9013
2225705,221,14,1802,2003,0.0,1515.0,-0.8467379999999999,-0.815816,TON,AUS,9013
2225706,223,14,1802,2003,0.0,796.0,-0.14845999999999998,0.255092,TUN,AUS,9013
2225707,224,14,1802,2003,0.0,3913.0,0.192802,1.9855060000000002,TUR,AUS,9013
2225708,228,14,1802,2003,0.0,6007.0,0.8929389999999999,0.956685,UKR,AUS,9013
2225709,231,14,1802,2003,12136029.0,1012256.0,1.7789220000000001,0.064028,USA,AUS,9013
2225710,236,14,1802,2003,0.0,9559.0,0.277805,-0.783697,VEN,AUS,9013
2225711,239,14,1802,2003,0.0,1532.0,-0.633985,0.659696,VNM,AUS,9013
2225712,246,14,1802,2003,217045.0,41474.0,0.477987,2.255395,ZAF,AUS,9013
2225713,249,14,1802,2003,1891018.0,212405.0,1.5924040000000002,1.397843,TWN,AUS,9013
2225714,61,16,1802,2003,5654.0,0.0,2.2821919999999998,-2.0985150000000004,DEU,AZE,9013
2225715,64,16,1802,2003,11659.0,0.0,1.309564,1.245596,DNK,AZE,9013
2225716,81,16,1802,2003,0.0,6502.0,1.8712540000000002,0.706205,GBR,AZE,9013
2225717,224,16,1802,2003,19327.0,0.0,0.192802,1.9855060000000002,TUR,AZE,9013
2225718,231,16,1802,2003,7399.0,0.0,1.7789220000000001,0.064028,USA,AZE,9013
2225719,15,23,1802,2003,147370.0,2735.0,1.834977,0.408096,AUT,BGR,9013
2225720,18,23,1802,2003,970.0,0.0,1.361682,1.39536,BEL,BGR,9013
2225721,28,23,1802,2003,16870.0,0.0,0.847358,0.9307719999999999,BLR,BGR,9013
2225722,39,23,1802,2003,0.0,8437.0,0.9791540000000001,1.185081,CAN,BGR,9013
2225723,41,23,1802,2003,8994.0,10074.0,2.151037,0.711217,CHE,BGR,9013
2225724,43,23,1802,2003,126713.0,7962.0,0.579431,2.773139,CHN,BGR,9013
2225725,58,23,1802,2003,0.0,2232.0,0.259992,0.068914,CYP,BGR,9013
2225726,59,23,1802,2003,30703.0,0.0,1.555749,0.8662059999999999,CZE,BGR,9013
2225727,61,23,1802,2003,717862.0,81868.0,2.2821919999999998,-2.0985150000000004,DEU,BGR,9013
2225728,66,23,1802,2003,0.0,12317.0,-1.060727,-1.142594,DZA,BGR,9013
2225729,71,23,1802,2003,4749.0,0.0,0.960684,2.074792,ESP,BGR,9013
2225730,74,23,1802,2003,2721.0,0.0,2.077889,0.942501,FIN,BGR,9013
2225731,77,23,1802,2003,401871.0,88801.0,1.606606,0.7394149999999999,FRA,BGR,9013
2225732,81,23,1802,2003,27510.0,3627.0,1.8712540000000002,0.706205,GBR,BGR,9013
2225733,97,23,1802,2003,45000.0,0.0,0.494569,2.147062,HKG,BGR,9013
2225734,104,23,1802,2003,0.0,1651.0,0.33014099999999996,2.836003,IND,BGR,9013
2225735,108,23,1802,2003,0.0,36477.0,-0.398557,-0.774153,IRQ,BGR,9013
2225736,110,23,1802,2003,1392.0,17545.0,1.157809,0.682195,ISR,BGR,9013
2225737,111,23,1802,2003,28223.0,0.0,1.399734,1.044608,ITA,BGR,9013
2225738,114,23,1802,2003,8154.0,0.0,2.4686630000000003,0.48072600000000004,JPN,BGR,9013
2225739,121,23,1802,2003,8324.0,53586.0,1.2611709999999998,0.956308,KOR,BGR,9013
2225740,138,23,1802,2003,0.0,8944.0,0.862509,0.756684,MEX,BGR,9013
2225741,162,23,1802,2003,6432.0,1984.0,1.168453,1.7085709999999998,NLD,BGR,9013
2225742,185,23,1802,2003,0.0,3915.0,0.378379,1.0064620000000002,ROU,BGR,9013
2225743,186,23,1802,2003,32448.0,3008.0,1.072729,0.338355,RUS,BGR,9013
2225744,192,23,1802,2003,27303.0,0.0,1.5080799999999999,0.720337,SGP,BGR,9013
2225745,207,23,1802,2003,0.0,1719.0,1.6459840000000001,1.014191,SVN,BGR,9013
2225746,208,23,1802,2003,37095.0,0.0,2.099224,0.799982,SWE,BGR,9013
2225747,231,23,1802,2003,29677.0,74282.0,1.7789220000000001,0.064028,USA,BGR,9013
2225748,246,23,1802,2003,0.0,1950.0,0.477987,2.255395,ZAF,BGR,9013
2225749,249,23,1802,2003,44987.0,0.0,1.5924040000000002,1.397843,TWN,BGR,9013
2225750,250,23,1802,2003,9440.0,0.0,0.45951499999999995,-0.2312,ANS,BGR,9013
2225751,15,26,1802,2003,35519.0,24970.0,1.834977,0.408096,AUT,BIH,9013
2225752,61,26,1802,2003,46905.0,0.0,2.2821919999999998,-2.0985150000000004,DEU,BIH,9013
2225753,71,26,1802,2003,7700.0,0.0,0.960684,2.074792,ESP,BIH,9013
2225754,100,26,1802,2003,9046.0,39562.0,0.568394,1.230759,HRV,BIH,9013
2225755,111,26,1802,2003,6445.0,0.0,1.399734,1.044608,ITA,BIH,9013
2225756,114,26,1802,2003,299.0,0.0,2.4686630000000003,0.48072600000000004,JPN,BIH,9013
2225757,207,26,1802,2003,4222.0,88696.0,1.6459840000000001,1.014191,SVN,BIH,9013
2225758,224,26,1802,2003,39658.0,1258080.0,0.192802,1.9855060000000002,TUR,BIH,9013
2225759,228,26,1802,2003,1364.0,0.0,0.8929389999999999,0.956685,UKR,BIH,9013
2225760,231,26,1802,2003,34445.0,20203.0,1.7789220000000001,0.064028,USA,BIH,9013
2225761,250,26,1802,2003,69.0,0.0,0.45951499999999995,-0.2312,ANS,BIH,9013
2225762,7,28,1802,2003,0.0,11035976.0,0.049637,-0.502691,ARE,BLR,9013
2225763,9,28,1802,2003,0.0,3685.0,0.497521,-0.305788,ARM,BLR,9013
2225764,14,28,1802,2003,636.0,34336.0,0.316879,0.9409489999999999,AUS,BLR,9013
2225765,15,28,1802,2003,3074.0,1801.0,1.834977,0.408096,AUT,BLR,9013
2225766,23,28,1802,2003,0.0,16870.0,0.43308599999999997,1.7104099999999998,BGR,BLR,9013
2225767,39,28,1802,2003,0.0,68705.0,0.9791540000000001,1.185081,CAN,BLR,9013
2225768,41,28,1802,2003,0.0,1555.0,2.151037,0.711217,CHE,BLR,9013
2225769,43,28,1802,2003,3233.0,27855.0,0.579431,2.773139,CHN,BLR,9013
2225770,44,28,1802,2003,0.0,401068.0,-0.699928,-0.723739,CIV,BLR,9013
2225771,54,28,1802,2003,0.0,5549.0,-0.391515,-0.8562120000000001,CUB,BLR,9013
2225772,61,28,1802,2003,170144.0,104544.0,2.2821919999999998,-2.0985150000000004,DEU,BLR,9013
2225773,66,28,1802,2003,0.0,238961.0,-1.060727,-1.142594,DZA,BLR,9013
2225774,68,28,1802,2003,0.0,108877.0,-0.292923,0.465433,EGY,BLR,9013
2225775,71,28,1802,2003,0.0,35680.0,0.960684,2.074792,ESP,BLR,9013
2225776,74,28,1802,2003,0.0,5496.0,2.077889,0.942501,FIN,BLR,9013
2225777,77,28,1802,2003,0.0,29640.0,1.606606,0.7394149999999999,FRA,BLR,9013
2225778,81,28,1802,2003,33050.0,253615.0,1.8712540000000002,0.706205,GBR,BLR,9013
2225779,90,28,1802,2003,0.0,14834.0,0.364688,1.4823959999999998,GRC,BLR,9013
2225780,97,28,1802,2003,16151.0,0.0,0.494569,2.147062,HKG,BLR,9013
2225781,100,28,1802,2003,0.0,7094.0,0.568394,1.230759,HRV,BLR,9013
2225782,104,28,1802,2003,0.0,1032.0,0.33014099999999996,2.836003,IND,BLR,9013
2225783,111,28,1802,2003,5809.0,13715.0,1.399734,1.044608,ITA,BLR,9013
2225784,114,28,1802,2003,3765.0,393384.0,2.4686630000000003,0.48072600000000004,JPN,BLR,9013
2225785,115,28,1802,2003,0.0,39370.0,-0.156326,-0.62092,KAZ,BLR,9013
2225786,121,28,1802,2003,1122.0,25527.0,1.2611709999999998,0.956308,KOR,BLR,9013
2225787,130,28,1802,2003,3465.0,21911.0,0.239608,0.517299,LTU,BLR,9013
2225788,132,28,1802,2003,0.0,7417.0,0.520772,0.5631689999999999,LVA,BLR,9013
2225789,145,28,1802,2003,0.0,3853.0,-0.9747620000000001,-1.026308,MNG,BLR,9013
2225790,162,28,1802,2003,0.0,1061.0,1.168453,1.7085709999999998,NLD,BLR,9013
2225791,163,28,1802,2003,0.0,11825.0,1.1500620000000001,0.258554,NOR,BLR,9013
2225792,166,28,1802,2003,0.0,1257.0,0.589619,0.997301,NZL,BLR,9013
2225793,177,28,1802,2003,0.0,45688.0,0.966622,1.664838,POL,BLR,9013
2225794,185,28,1802,2003,0.0,2734.0,0.378379,1.0064620000000002,ROU,BLR,9013
2225795,186,28,1802,2003,665143.0,7717692.0,1.072729,0.338355,RUS,BLR,9013
2225796,188,28,1802,2003,0.0,16230.0,0.202286,-0.714691,SAU,BLR,9013
2225797,189,28,1802,2003,0.0,5805.0,0.575326,1.627894,SCG,BLR,9013
2225798,190,28,1802,2003,0.0,212633.0,-1.3535059999999999,-1.1701409999999999,SDN,BLR,9013
2225799,206,28,1802,2003,0.0,56720.0,1.22565,0.915518,SVK,BLR,9013
2225800,208,28,1802,2003,1621.0,147392.0,2.099224,0.799982,SWE,BLR,9013
2225801,224,28,1802,2003,0.0,60462.0,0.192802,1.9855060000000002,TUR,BLR,9013
2225802,228,28,1802,2003,0.0,46400.0,0.8929389999999999,0.956685,UKR,BLR,9013
2225803,231,28,1802,2003,28194.0,548708.0,1.7789220000000001,0.064028,USA,BLR,9013
2225804,249,28,1802,2003,1603.0,26916.0,1.5924040000000002,1.397843,TWN,BLR,9013
2225805,1,59,1802,2003,0.0,1752.0,-0.421205,-0.602704,AFG,CZE,9013
2225806,5,59,1802,2003,0.0,3344.0,1.0901319999999999,0.618693,AND,CZE,9013
2225807,7,59,1802,2003,2717.0,14786.0,0.049637,-0.502691,ARE,CZE,9013
2225808,8,59,1802,2003,0.0,49545.0,0.302073,0.49069700000000005,ARG,CZE,9013
2225809,14,59,1802,2003,18762.0,101098.0,0.316879,0.9409489999999999,AUS,CZE,9013
2225810,15,59,1802,2003,192159.0,77452.0,1.834977,0.408096,AUT,CZE,9013
2225811,18,59,1802,2003,433806.0,130285.0,1.361682,1.39536,BEL,CZE,9013
2225812,23,59,1802,2003,0.0,30703.0,0.43308599999999997,1.7104099999999998,BGR,CZE,9013
2225813,32,59,1802,2003,4510.0,51221.0,0.660576,1.118876,BRA,CZE,9013
2225814,39,59,1802,2003,12229.0,3828.0,0.9791540000000001,1.185081,CAN,CZE,9013
2225815,41,59,1802,2003,453515.0,191000.0,2.151037,0.711217,CHE,CZE,9013
2225816,42,59,1802,2003,0.0,1813.0,-0.06375900000000001,-0.156808,CHL,CZE,9013
2225817,43,59,1802,2003,249655.0,150843.0,0.579431,2.773139,CHN,CZE,9013
2225818,52,59,1802,2003,867.0,0.0,-0.193904,-0.5049680000000001,CRI,CZE,9013
2225819,58,59,1802,2003,0.0,17176.0,0.259992,0.068914,CYP,CZE,9013
2225820,61,59,1802,2003,12988767.0,29519355.0,2.2821919999999998,-2.0985150000000004,DEU,CZE,9013
2225821,64,59,1802,2003,34287.0,176815.0,1.309564,1.245596,DNK,CZE,9013
2225822,71,59,1802,2003,22692.0,85382.0,0.960684,2.074792,ESP,CZE,9013
2225823,72,59,1802,2003,5175.0,19497.0,0.5913010000000001,0.8489979999999999,EST,CZE,9013
2225824,74,59,1802,2003,29250.0,200257.0,2.077889,0.942501,FIN,CZE,9013
2225825,77,59,1802,2003,282053.0,395149.0,1.606606,0.7394149999999999,FRA,CZE,9013
2225826,81,59,1802,2003,791886.0,149619.0,1.8712540000000002,0.706205,GBR,CZE,9013
2225827,97,59,1802,2003,6028274.0,17574.0,0.494569,2.147062,HKG,CZE,9013
2225828,100,59,1802,2003,0.0,22259.0,0.568394,1.230759,HRV,CZE,9013
2225829,102,59,1802,2003,96196.0,174753.0,1.2003270000000001,1.091407,HUN,CZE,9013
2225830,104,59,1802,2003,0.0,1643.0,0.33014099999999996,2.836003,IND,CZE,9013
2225831,106,59,1802,2003,21939.0,3462.0,1.6396130000000002,0.220599,IRL,CZE,9013
2225832,109,59,1802,2003,0.0,13294.0,0.21902800000000003,-0.40818499999999996,ISL,CZE,9013
2225833,110,59,1802,2003,1853.0,122612.0,1.157809,0.682195,ISR,CZE,9013
2225834,111,59,1802,2003,18541290.0,2339976.0,1.399734,1.044608,ITA,CZE,9013
2225835,114,59,1802,2003,1064274.0,923120.0,2.4686630000000003,0.48072600000000004,JPN,CZE,9013
2225836,121,59,1802,2003,353547.0,2078.0,1.2611709999999998,0.956308,KOR,CZE,9013
2225837,124,59,1802,2003,0.0,3748.0,0.261687,1.053856,LBN,CZE,9013
2225838,130,59,1802,2003,23350.0,24948.0,0.239608,0.517299,LTU,CZE,9013
2225839,131,59,1802,2003,1033.0,0.0,1.444996,1.063764,LUX,CZE,9013
2225840,132,59,1802,2003,14726.0,1614.0,0.520772,0.5631689999999999,LVA,CZE,9013
2225841,138,59,1802,2003,15894.0,261889.0,0.862509,0.756684,MEX,CZE,9013
2225842,153,59,1802,2003,24253.0,0.0,0.728804,0.2168,MYS,CZE,9013
2225843,162,59,1802,2003,237121.0,47452.0,1.168453,1.7085709999999998,NLD,CZE,9013
2225844,163,59,1802,2003,52647.0,137106.0,1.1500620000000001,0.258554,NOR,CZE,9013
2225845,166,59,1802,2003,0.0,1922.0,0.589619,0.997301,NZL,CZE,9013
2225846,168,59,1802,2003,1964.0,0.0,-0.6659689999999999,0.137924,PAK,CZE,9013
2225847,174,59,1802,2003,6078.0,11686.0,-0.065022,-0.195144,PHL,CZE,9013
2225848,177,59,1802,2003,10593.0,270497.0,0.966622,1.664838,POL,CZE,9013
2225849,179,59,1802,2003,0.0,41994.0,0.471376,1.647303,PRT,CZE,9013
2225850,185,59,1802,2003,0.0,1711.0,0.378379,1.0064620000000002,ROU,CZE,9013
2225851,186,59,1802,2003,76843.0,27125.0,1.072729,0.338355,RUS,CZE,9013
2225852,192,59,1802,2003,32812.0,0.0,1.5080799999999999,0.720337,SGP,CZE,9013
2225853,197,59,1802,2003,0.0,2103.0,-0.251357,-0.189917,SLV,CZE,9013
2225854,206,59,1802,2003,110028.0,422876.0,1.22565,0.915518,SVK,CZE,9013
2225855,207,59,1802,2003,6593.0,27113.0,1.6459840000000001,1.014191,SVN,CZE,9013
2225856,208,59,1802,2003,100050.0,384688.0,2.099224,0.799982,SWE,CZE,9013
2225857,216,59,1802,2003,276455.0,0.0,0.43010699999999996,1.607408,THA,CZE,9013
2225858,224,59,1802,2003,2569.0,7620.0,0.192802,1.9855060000000002,TUR,CZE,9013
2225859,228,59,1802,2003,0.0,2619.0,0.8929389999999999,0.956685,UKR,CZE,9013
2225860,231,59,1802,2003,499284.0,3567187.0,1.7789220000000001,0.064028,USA,CZE,9013
2225861,246,59,1802,2003,6108.0,9560.0,0.477987,2.255395,ZAF,CZE,9013
2225862,249,59,1802,2003,571682.0,774.0,1.5924040000000002,1.397843,TWN,CZE,9013
2225863,15,68,1802,2003,4774.0,0.0,1.834977,0.408096,AUT,EGY,9013
2225864,18,68,1802,2003,950.0,0.0,1.361682,1.39536,BEL,EGY,9013
2225865,28,68,1802,2003,108877.0,0.0,0.847358,0.9307719999999999,BLR,EGY,9013
2225866,41,68,1802,2003,17018.0,527.0,2.151037,0.711217,CHE,EGY,9013
2225867,43,68,1802,2003,261704.0,0.0,0.579431,2.773139,CHN,EGY,9013
2225868,61,68,1802,2003,575639.0,10135.0,2.2821919999999998,-2.0985150000000004,DEU,EGY,9013
2225869,64,68,1802,2003,50627.0,0.0,1.309564,1.245596,DNK,EGY,9013
2225870,71,68,1802,2003,0.0,5208.0,0.960684,2.074792,ESP,EGY,9013
2225871,77,68,1802,2003,32879.0,4875.0,1.606606,0.7394149999999999,FRA,EGY,9013
2225872,81,68,1802,2003,2887.0,0.0,1.8712540000000002,0.706205,GBR,EGY,9013
2225873,97,68,1802,2003,9500.0,0.0,0.494569,2.147062,HKG,EGY,9013
2225874,111,68,1802,2003,45214.0,0.0,1.399734,1.044608,ITA,EGY,9013
2225875,114,68,1802,2003,675071.0,3077.0,2.4686630000000003,0.48072600000000004,JPN,EGY,9013
2225876,130,68,1802,2003,4344.0,0.0,0.239608,0.517299,LTU,EGY,9013
2225877,162,68,1802,2003,57711.0,0.0,1.168453,1.7085709999999998,NLD,EGY,9013
2225878,179,68,1802,2003,4001.0,0.0,0.471376,1.647303,PRT,EGY,9013
2225879,207,68,1802,2003,521071.0,20390.0,1.6459840000000001,1.014191,SVN,EGY,9013
2225880,208,68,1802,2003,1360.0,0.0,2.099224,0.799982,SWE,EGY,9013
2225881,231,68,1802,2003,12874226.0,0.0,1.7789220000000001,0.064028,USA,EGY,9013
2225882,249,68,1802,2003,19927.0,0.0,1.5924040000000002,1.397843,TWN,EGY,9013
2225883,7,74,1802,2003,0.0,406351.0,0.049637,-0.502691,ARE,FIN,9013
2225884,8,74,1802,2003,0.0,2971.0,0.302073,0.49069700000000005,ARG,FIN,9013
2225885,14,74,1802,2003,83208.0,86254.0,0.316879,0.9409489999999999,AUS,FIN,9013
2225886,15,74,1802,2003,701409.0,6503.0,1.834977,0.408096,AUT,FIN,9013
2225887,18,74,1802,2003,233155.0,5969.0,1.361682,1.39536,BEL,FIN,9013
2225888,23,74,1802,2003,0.0,2721.0,0.43308599999999997,1.7104099999999998,BGR,FIN,9013
2225889,28,74,1802,2003,5496.0,0.0,0.847358,0.9307719999999999,BLR,FIN,9013
2225890,32,74,1802,2003,2071.0,7135.0,0.660576,1.118876,BRA,FIN,9013
2225891,39,74,1802,2003,99328.0,72765.0,0.9791540000000001,1.185081,CAN,FIN,9013
2225892,41,74,1802,2003,5105480.0,25944.0,2.151037,0.711217,CHE,FIN,9013
2225893,43,74,1802,2003,692098.0,807523.0,0.579431,2.773139,CHN,FIN,9013
2225894,59,74,1802,2003,200257.0,29250.0,1.555749,0.8662059999999999,CZE,FIN,9013
2225895,61,74,1802,2003,8566476.0,307189.0,2.2821919999999998,-2.0985150000000004,DEU,FIN,9013
2225896,64,74,1802,2003,800318.0,68350.0,1.309564,1.245596,DNK,FIN,9013
2225897,66,74,1802,2003,0.0,189358.0,-1.060727,-1.142594,DZA,FIN,9013
2225898,71,74,1802,2003,86872.0,13160.0,0.960684,2.074792,ESP,FIN,9013
2225899,72,74,1802,2003,67151.0,211457.0,0.5913010000000001,0.8489979999999999,EST,FIN,9013
2225900,77,74,1802,2003,2801038.0,42034.0,1.606606,0.7394149999999999,FRA,FIN,9013
2225901,81,74,1802,2003,1209618.0,247859.0,1.8712540000000002,0.706205,GBR,FIN,9013
2225902,92,74,1802,2003,0.0,5152.0,-0.764655,-0.8684200000000001,GRL,FIN,9013
2225903,97,74,1802,2003,3030481.0,11840.0,0.494569,2.147062,HKG,FIN,9013
2225904,102,74,1802,2003,10468.0,139697.0,1.2003270000000001,1.091407,HUN,FIN,9013
2225905,103,74,1802,2003,0.0,8139.0,-0.16802,1.7252990000000001,IDN,FIN,9013
2225906,106,74,1802,2003,17297.0,12861.0,1.6396130000000002,0.220599,IRL,FIN,9013
2225907,109,74,1802,2003,4151.0,2338.0,0.21902800000000003,-0.40818499999999996,ISL,FIN,9013
2225908,110,74,1802,2003,150764.0,0.0,1.157809,0.682195,ISR,FIN,9013
2225909,111,74,1802,2003,262287.0,117369.0,1.399734,1.044608,ITA,FIN,9013
2225910,114,74,1802,2003,7751709.0,62532.0,2.4686630000000003,0.48072600000000004,JPN,FIN,9013
2225911,121,74,1802,2003,688407.0,692325.0,1.2611709999999998,0.956308,KOR,FIN,9013
2225912,122,74,1802,2003,0.0,2164.0,-0.7943640000000001,-1.1529770000000001,KWT,FIN,9013
2225913,130,74,1802,2003,4241.0,16926.0,0.239608,0.517299,LTU,FIN,9013
2225914,131,74,1802,2003,0.0,4924.0,1.444996,1.063764,LUX,FIN,9013
2225915,132,74,1802,2003,0.0,2558.0,0.520772,0.5631689999999999,LVA,FIN,9013
2225916,138,74,1802,2003,0.0,2233.0,0.862509,0.756684,MEX,FIN,9013
2225917,153,74,1802,2003,18345.0,9016.0,0.728804,0.2168,MYS,FIN,9013
2225918,156,74,1802,2003,0.0,6075.0,-0.344934,-0.776632,NCL,FIN,9013
2225919,162,74,1802,2003,747586.0,64519.0,1.168453,1.7085709999999998,NLD,FIN,9013
2225920,163,74,1802,2003,684583.0,104548.0,1.1500620000000001,0.258554,NOR,FIN,9013
2225921,166,74,1802,2003,3257.0,21240.0,0.589619,0.997301,NZL,FIN,9013
2225922,177,74,1802,2003,0.0,77716.0,0.966622,1.664838,POL,FIN,9013
2225923,185,74,1802,2003,6098.0,0.0,0.378379,1.0064620000000002,ROU,FIN,9013
2225924,186,74,1802,2003,599539.0,469327.0,1.072729,0.338355,RUS,FIN,9013
2225925,192,74,1802,2003,13173.0,11373.0,1.5080799999999999,0.720337,SGP,FIN,9013
2225926,206,74,1802,2003,5742.0,4660.0,1.22565,0.915518,SVK,FIN,9013
2225927,207,74,1802,2003,0.0,15764.0,1.6459840000000001,1.014191,SVN,FIN,9013
2225928,208,74,1802,2003,716102.0,177080.0,2.099224,0.799982,SWE,FIN,9013
2225929,224,74,1802,2003,0.0,1234.0,0.192802,1.9855060000000002,TUR,FIN,9013
2225930,228,74,1802,2003,0.0,4810.0,0.8929389999999999,0.956685,UKR,FIN,9013
2225931,231,74,1802,2003,1052383.0,221565.0,1.7789220000000001,0.064028,USA,FIN,9013
2225932,246,74,1802,2003,0.0,14553.0,0.477987,2.255395,ZAF,FIN,9013
2225933,249,74,1802,2003,456106.0,8815.0,1.5924040000000002,1.397843,TWN,FIN,9013
2225934,14,83,1802,2003,427236.0,0.0,0.316879,0.9409489999999999,AUS,GHA,9013
2225935,15,83,1802,2003,1913.0,0.0,1.834977,0.408096,AUT,GHA,9013
2225936,41,83,1802,2003,653.0,0.0,2.151037,0.711217,CHE,GHA,9013
2225937,61,83,1802,2003,13264.0,0.0,2.2821919999999998,-2.0985150000000004,DEU,GHA,9013
2225938,71,83,1802,2003,99928.0,0.0,0.960684,2.074792,ESP,GHA,9013
2225939,81,83,1802,2003,12705.0,0.0,1.8712540000000002,0.706205,GBR,GHA,9013
2225940,111,83,1802,2003,388373.0,0.0,1.399734,1.044608,ITA,GHA,9013
2225941,114,83,1802,2003,3102.0,0.0,2.4686630000000003,0.48072600000000004,JPN,GHA,9013
2225942,121,83,1802,2003,0.0,1853.0,1.2611709999999998,0.956308,KOR,GHA,9013
2225943,246,83,1802,2003,13537.0,0.0,0.477987,2.255395,ZAF,GHA,9013
2225944,43,93,1802,2003,9813.0,0.0,0.579431,2.773139,CHN,GTM,9013
2225945,52,93,1802,2003,0.0,2258.0,-0.193904,-0.5049680000000001,CRI,GTM,9013
2225946,61,93,1802,2003,6778.0,0.0,2.2821919999999998,-2.0985150000000004,DEU,GTM,9013
2225947,71,93,1802,2003,4821.0,0.0,0.960684,2.074792,ESP,GTM,9013
2225948,111,93,1802,2003,1691.0,0.0,1.399734,1.044608,ITA,GTM,9013
2225949,121,93,1802,2003,2658.0,0.0,1.2611709999999998,0.956308,KOR,GTM,9013
2225950,138,93,1802,2003,11064.0,0.0,0.862509,0.756684,MEX,GTM,9013
2225951,169,93,1802,2003,2827.0,0.0,-0.050386,-0.039619999999999995,PAN,GTM,9013
2225952,231,93,1802,2003,340001.0,0.0,1.7789220000000001,0.064028,USA,GTM,9013
2225953,250,93,1802,2003,1605.0,0.0,0.45951499999999995,-0.2312,ANS,GTM,9013
2225954,15,100,1802,2003,250655.0,309047.0,1.834977,0.408096,AUT,HRV,9013
2225955,18,100,1802,2003,5928.0,0.0,1.361682,1.39536,BEL,HRV,9013
2225956,26,100,1802,2003,39562.0,9046.0,0.195667,0.347011,BIH,HRV,9013
2225957,28,100,1802,2003,7094.0,0.0,0.847358,0.9307719999999999,BLR,HRV,9013
2225958,39,100,1802,2003,1242.0,0.0,0.9791540000000001,1.185081,CAN,HRV,9013
2225959,41,100,1802,2003,114612.0,38063.0,2.151037,0.711217,CHE,HRV,9013
2225960,43,100,1802,2003,23533.0,0.0,0.579431,2.773139,CHN,HRV,9013
2225961,59,100,1802,2003,22259.0,0.0,1.555749,0.8662059999999999,CZE,HRV,9013
2225962,61,100,1802,2003,1207871.0,58590.0,2.2821919999999998,-2.0985150000000004,DEU,HRV,9013
2225963,64,100,1802,2003,1827.0,0.0,1.309564,1.245596,DNK,HRV,9013
2225964,71,100,1802,2003,6470.0,0.0,0.960684,2.074792,ESP,HRV,9013
2225965,77,100,1802,2003,2963.0,0.0,1.606606,0.7394149999999999,FRA,HRV,9013
2225966,81,100,1802,2003,29077.0,0.0,1.8712540000000002,0.706205,GBR,HRV,9013
2225967,97,100,1802,2003,4021.0,0.0,0.494569,2.147062,HKG,HRV,9013
2225968,102,100,1802,2003,5764.0,0.0,1.2003270000000001,1.091407,HUN,HRV,9013
2225969,110,100,1802,2003,0.0,11591.0,1.157809,0.682195,ISR,HRV,9013
2225970,111,100,1802,2003,98413.0,15025.0,1.399734,1.044608,ITA,HRV,9013
2225971,114,100,1802,2003,28907.0,0.0,2.4686630000000003,0.48072600000000004,JPN,HRV,9013
2225972,121,100,1802,2003,5247.0,0.0,1.2611709999999998,0.956308,KOR,HRV,9013
2225973,153,100,1802,2003,23122.0,0.0,0.728804,0.2168,MYS,HRV,9013
2225974,162,100,1802,2003,12298.0,2013.0,1.168453,1.7085709999999998,NLD,HRV,9013
2225975,174,100,1802,2003,1621.0,0.0,-0.065022,-0.195144,PHL,HRV,9013
2225976,186,100,1802,2003,11605.0,0.0,1.072729,0.338355,RUS,HRV,9013
2225977,207,100,1802,2003,40858.0,116928.0,1.6459840000000001,1.014191,SVN,HRV,9013
2225978,228,100,1802,2003,9039.0,0.0,0.8929389999999999,0.956685,UKR,HRV,9013
2225979,231,100,1802,2003,189433.0,0.0,1.7789220000000001,0.064028,USA,HRV,9013
2225980,249,100,1802,2003,8832.0,0.0,1.5924040000000002,1.397843,TWN,HRV,9013
2225981,7,102,1802,2003,0.0,1829.0,0.049637,-0.502691,ARE,HUN,9013
2225982,14,102,1802,2003,0.0,5343.0,0.316879,0.9409489999999999,AUS,HUN,9013
2225983,15,102,1802,2003,279786.0,171730.0,1.834977,0.408096,AUT,HUN,9013
2225984,18,102,1802,2003,104727.0,74549.0,1.361682,1.39536,BEL,HUN,9013
2225985,32,102,1802,2003,24622.0,14483.0,0.660576,1.118876,BRA,HUN,9013
2225986,39,102,1802,2003,133536.0,10480.0,0.9791540000000001,1.185081,CAN,HUN,9013
2225987,41,102,1802,2003,40224.0,60643.0,2.151037,0.711217,CHE,HUN,9013
2225988,43,102,1802,2003,430384.0,0.0,0.579431,2.773139,CHN,HUN,9013
2225989,49,102,1802,2003,0.0,1509.0,0.218336,0.376869,COL,HUN,9013
2225990,59,102,1802,2003,174753.0,96196.0,1.555749,0.8662059999999999,CZE,HUN,9013
2225991,61,102,1802,2003,13545078.0,2957100.0,2.2821919999999998,-2.0985150000000004,DEU,HUN,9013
2225992,64,102,1802,2003,43142.0,21715.0,1.309564,1.245596,DNK,HUN,9013
2225993,71,102,1802,2003,6975.0,27990.0,0.960684,2.074792,ESP,HUN,9013
2225994,74,102,1802,2003,139697.0,10468.0,2.077889,0.942501,FIN,HUN,9013
2225995,77,102,1802,2003,15682.0,52871.0,1.606606,0.7394149999999999,FRA,HUN,9013
2225996,81,102,1802,2003,111170.0,670387.0,1.8712540000000002,0.706205,GBR,HUN,9013
2225997,90,102,1802,2003,871.0,9033.0,0.364688,1.4823959999999998,GRC,HUN,9013
2225998,97,102,1802,2003,28073246.0,148703.0,0.494569,2.147062,HKG,HUN,9013
2225999,100,102,1802,2003,0.0,5764.0,0.568394,1.230759,HRV,HUN,9013
2226000,104,102,1802,2003,1211.0,8546.0,0.33014099999999996,2.836003,IND,HUN,9013
2226001,106,102,1802,2003,9550.0,0.0,1.6396130000000002,0.220599,IRL,HUN,9013
2226002,110,102,1802,2003,0.0,26415.0,1.157809,0.682195,ISR,HUN,9013
2226003,111,102,1802,2003,453262.0,116307.0,1.399734,1.044608,ITA,HUN,9013
2226004,114,102,1802,2003,986504.0,8402.0,2.4686630000000003,0.48072600000000004,JPN,HUN,9013
2226005,121,102,1802,2003,267661.0,64147.0,1.2611709999999998,0.956308,KOR,HUN,9013
2226006,130,102,1802,2003,1877.0,3147.0,0.239608,0.517299,LTU,HUN,9013
2226007,132,102,1802,2003,0.0,8299.0,0.520772,0.5631689999999999,LVA,HUN,9013
2226008,133,102,1802,2003,0.0,912.0,-0.294516,-0.413828,MAC,HUN,9013
2226009,138,102,1802,2003,0.0,74592.0,0.862509,0.756684,MEX,HUN,9013
2226010,140,102,1802,2003,0.0,898.0,-0.017632,0.225394,MKD,HUN,9013
2226011,142,102,1802,2003,0.0,28609.0,1.2138149999999999,-0.015687,MLT,HUN,9013
2226012,153,102,1802,2003,228055.0,29151.0,0.728804,0.2168,MYS,HUN,9013
2226013,162,102,1802,2003,319727.0,114347.0,1.168453,1.7085709999999998,NLD,HUN,9013
2226014,163,102,1802,2003,0.0,2764.0,1.1500620000000001,0.258554,NOR,HUN,9013
2226015,166,102,1802,2003,0.0,732.0,0.589619,0.997301,NZL,HUN,9013
2226016,177,102,1802,2003,0.0,83418.0,0.966622,1.664838,POL,HUN,9013
2226017,179,102,1802,2003,1442.0,16152.0,0.471376,1.647303,PRT,HUN,9013
2226018,185,102,1802,2003,10854.0,6726.0,0.378379,1.0064620000000002,ROU,HUN,9013
2226019,186,102,1802,2003,1171.0,0.0,1.072729,0.338355,RUS,HUN,9013
2226020,188,102,1802,2003,0.0,55652.0,0.202286,-0.714691,SAU,HUN,9013
2226021,189,102,1802,2003,0.0,7000.0,0.575326,1.627894,SCG,HUN,9013
2226022,192,102,1802,2003,16655.0,90799.0,1.5080799999999999,0.720337,SGP,HUN,9013
2226023,206,102,1802,2003,20587.0,276211.0,1.22565,0.915518,SVK,HUN,9013
2226024,208,102,1802,2003,14917.0,43870.0,2.099224,0.799982,SWE,HUN,9013
2226025,216,102,1802,2003,360323.0,0.0,0.43010699999999996,1.607408,THA,HUN,9013
2226026,224,102,1802,2003,0.0,3297.0,0.192802,1.9855060000000002,TUR,HUN,9013
2226027,231,102,1802,2003,1140726.0,74567.0,1.7789220000000001,0.064028,USA,HUN,9013
2226028,246,102,1802,2003,0.0,33653.0,0.477987,2.255395,ZAF,HUN,9013
2226029,249,102,1802,2003,5689039.0,0.0,1.5924040000000002,1.397843,TWN,HUN,9013
2226030,7,107,1802,2003,210732.0,0.0,0.049637,-0.502691,ARE,IRN,9013
2226031,14,107,1802,2003,2022.0,0.0,0.316879,0.9409489999999999,AUS,IRN,9013
2226032,18,107,1802,2003,30210.0,0.0,1.361682,1.39536,BEL,IRN,9013
2226033,41,107,1802,2003,15177.0,0.0,2.151037,0.711217,CHE,IRN,9013
2226034,43,107,1802,2003,340809.0,0.0,0.579431,2.773139,CHN,IRN,9013
2226035,58,107,1802,2003,92283.0,0.0,0.259992,0.068914,CYP,IRN,9013
2226036,61,107,1802,2003,3293074.0,0.0,2.2821919999999998,-2.0985150000000004,DEU,IRN,9013
2226037,64,107,1802,2003,146755.0,0.0,1.309564,1.245596,DNK,IRN,9013
2226038,71,107,1802,2003,19167.0,0.0,0.960684,2.074792,ESP,IRN,9013
2226039,77,107,1802,2003,255735.0,1128.0,1.606606,0.7394149999999999,FRA,IRN,9013
2226040,81,107,1802,2003,96371.0,0.0,1.8712540000000002,0.706205,GBR,IRN,9013
2226041,97,107,1802,2003,35186.0,0.0,0.494569,2.147062,HKG,IRN,9013
2226042,111,107,1802,2003,100027.0,6040.0,1.399734,1.044608,ITA,IRN,9013
2226043,114,107,1802,2003,58211.0,0.0,2.4686630000000003,0.48072600000000004,JPN,IRN,9013
2226044,115,107,1802,2003,0.0,1653.0,-0.156326,-0.62092,KAZ,IRN,9013
2226045,121,107,1802,2003,346863.0,0.0,1.2611709999999998,0.956308,KOR,IRN,9013
2226046,130,107,1802,2003,43271.0,15356.0,0.239608,0.517299,LTU,IRN,9013
2226047,162,107,1802,2003,3812.0,0.0,1.168453,1.7085709999999998,NLD,IRN,9013
2226048,192,107,1802,2003,49977.0,0.0,1.5080799999999999,0.720337,SGP,IRN,9013
2226049,208,107,1802,2003,19606.0,0.0,2.099224,0.799982,SWE,IRN,9013
2226050,249,107,1802,2003,367804.0,0.0,1.5924040000000002,1.397843,TWN,IRN,9013
2226051,43,113,1802,2003,202754.0,0.0,0.579431,2.773139,CHN,JOR,9013
2226052,61,113,1802,2003,64237.0,35627.0,2.2821919999999998,-2.0985150000000004,DEU,JOR,9013
2226053,77,113,1802,2003,6989.0,3842.0,1.606606,0.7394149999999999,FRA,JOR,9013
2226054,81,113,1802,2003,80720.0,0.0,1.8712540000000002,0.706205,GBR,JOR,9013
2226055,114,113,1802,2003,39624.0,0.0,2.4686630000000003,0.48072600000000004,JPN,JOR,9013
2226056,162,113,1802,2003,9960.0,0.0,1.168453,1.7085709999999998,NLD,JOR,9013
2226057,192,113,1802,2003,1263.0,7956.0,1.5080799999999999,0.720337,SGP,JOR,9013
2226058,231,113,1802,2003,373305.0,0.0,1.7789220000000001,0.064028,USA,JOR,9013
2226059,249,113,1802,2003,7610.0,0.0,1.5924040000000002,1.397843,TWN,JOR,9013
2226060,28,115,1802,2003,39370.0,0.0,0.847358,0.9307719999999999,BLR,KAZ,9013
2226061,41,115,1802,2003,1300.0,0.0,2.151037,0.711217,CHE,KAZ,9013
2226062,43,115,1802,2003,16579.0,0.0,0.579431,2.773139,CHN,KAZ,9013
2226063,61,115,1802,2003,319478.0,0.0,2.2821919999999998,-2.0985150000000004,DEU,KAZ,9013
2226064,71,115,1802,2003,3159.0,0.0,0.960684,2.074792,ESP,KAZ,9013
2226065,81,115,1802,2003,18151.0,656.0,1.8712540000000002,0.706205,GBR,KAZ,9013
2226066,107,115,1802,2003,1653.0,0.0,-0.552146,-0.8668520000000001,IRN,KAZ,9013
2226067,114,115,1802,2003,36784.0,0.0,2.4686630000000003,0.48072600000000004,JPN,KAZ,9013
2226068,162,115,1802,2003,2912.0,0.0,1.168453,1.7085709999999998,NLD,KAZ,9013
2226069,186,115,1802,2003,37465.0,0.0,1.072729,0.338355,RUS,KAZ,9013
2226070,206,115,1802,2003,4620.0,0.0,1.22565,0.915518,SVK,KAZ,9013
2226071,231,115,1802,2003,15449.0,0.0,1.7789220000000001,0.064028,USA,KAZ,9013
2226072,14,116,1802,2003,2479.0,0.0,0.316879,0.9409489999999999,AUS,KEN,9013
2226073,41,116,1802,2003,0.0,6161.0,2.151037,0.711217,CHE,KEN,9013
2226074,43,116,1802,2003,2157.0,0.0,0.579431,2.773139,CHN,KEN,9013
2226075,61,116,1802,2003,12527.0,0.0,2.2821919999999998,-2.0985150000000004,DEU,KEN,9013
2226076,73,116,1802,2003,0.0,2470.0,-1.1145559999999999,-0.9599620000000001,ETH,KEN,9013
2226077,77,116,1802,2003,5644.0,0.0,1.606606,0.7394149999999999,FRA,KEN,9013
2226078,81,116,1802,2003,2160.0,0.0,1.8712540000000002,0.706205,GBR,KEN,9013
2226079,104,116,1802,2003,1192.0,0.0,0.33014099999999996,2.836003,IND,KEN,9013
2226080,192,116,1802,2003,60327.0,0.0,1.5080799999999999,0.720337,SGP,KEN,9013
2226081,208,116,1802,2003,17116.0,0.0,2.099224,0.799982,SWE,KEN,9013
2226082,231,116,1802,2003,76424.0,0.0,1.7789220000000001,0.064028,USA,KEN,9013
2226083,249,116,1802,2003,281580.0,0.0,1.5924040000000002,1.397843,TWN,KEN,9013
2226084,15,117,1802,2003,57901.0,0.0,1.834977,0.408096,AUT,KGZ,9013
2226085,231,117,1802,2003,3817.0,0.0,1.7789220000000001,0.064028,USA,KGZ,9013
2226086,14,122,1802,2003,3011.0,0.0,0.316879,0.9409489999999999,AUS,KWT,9013
2226087,15,122,1802,2003,2092.0,3014.0,1.834977,0.408096,AUT,KWT,9013
2226088,18,122,1802,2003,830198.0,0.0,1.361682,1.39536,BEL,KWT,9013
2226089,41,122,1802,2003,17209.0,2107.0,2.151037,0.711217,CHE,KWT,9013
2226090,43,122,1802,2003,24487.0,0.0,0.579431,2.773139,CHN,KWT,9013
2226091,61,122,1802,2003,97850.0,0.0,2.2821919999999998,-2.0985150000000004,DEU,KWT,9013
2226092,71,122,1802,2003,3222.0,0.0,0.960684,2.074792,ESP,KWT,9013
2226093,74,122,1802,2003,2164.0,0.0,2.077889,0.942501,FIN,KWT,9013
2226094,77,122,1802,2003,18013.0,36196.0,1.606606,0.7394149999999999,FRA,KWT,9013
2226095,81,122,1802,2003,187252.0,0.0,1.8712540000000002,0.706205,GBR,KWT,9013
2226096,97,122,1802,2003,2622.0,0.0,0.494569,2.147062,HKG,KWT,9013
2226097,111,122,1802,2003,1153.0,0.0,1.399734,1.044608,ITA,KWT,9013
2226098,114,122,1802,2003,9805.0,0.0,2.4686630000000003,0.48072600000000004,JPN,KWT,9013
2226099,121,122,1802,2003,1027.0,0.0,1.2611709999999998,0.956308,KOR,KWT,9013
2226100,138,122,1802,2003,874.0,0.0,0.862509,0.756684,MEX,KWT,9013
2226101,162,122,1802,2003,8600.0,0.0,1.168453,1.7085709999999998,NLD,KWT,9013
2226102,208,122,1802,2003,14648.0,0.0,2.099224,0.799982,SWE,KWT,9013
2226103,231,122,1802,2003,4304253.0,131647.0,1.7789220000000001,0.064028,USA,KWT,9013
2226104,14,132,1802,2003,9419.0,0.0,0.316879,0.9409489999999999,AUS,LVA,9013
2226105,15,132,1802,2003,22188.0,0.0,1.834977,0.408096,AUT,LVA,9013
2226106,18,132,1802,2003,3502.0,1190.0,1.361682,1.39536,BEL,LVA,9013
2226107,28,132,1802,2003,7417.0,0.0,0.847358,0.9307719999999999,BLR,LVA,9013
2226108,39,132,1802,2003,7815.0,0.0,0.9791540000000001,1.185081,CAN,LVA,9013
2226109,41,132,1802,2003,11579.0,0.0,2.151037,0.711217,CHE,LVA,9013
2226110,43,132,1802,2003,26348.0,0.0,0.579431,2.773139,CHN,LVA,9013
2226111,59,132,1802,2003,1614.0,14726.0,1.555749,0.8662059999999999,CZE,LVA,9013
2226112,61,132,1802,2003,346043.0,165133.0,2.2821919999999998,-2.0985150000000004,DEU,LVA,9013
2226113,64,132,1802,2003,18475.0,2313.0,1.309564,1.245596,DNK,LVA,9013
2226114,71,132,1802,2003,1239.0,0.0,0.960684,2.074792,ESP,LVA,9013
2226115,72,132,1802,2003,15382.0,1037.0,0.5913010000000001,0.8489979999999999,EST,LVA,9013
2226116,74,132,1802,2003,2558.0,0.0,2.077889,0.942501,FIN,LVA,9013
2226117,77,132,1802,2003,46973.0,0.0,1.606606,0.7394149999999999,FRA,LVA,9013
2226118,81,132,1802,2003,20659.0,8228.0,1.8712540000000002,0.706205,GBR,LVA,9013
2226119,97,132,1802,2003,6637.0,0.0,0.494569,2.147062,HKG,LVA,9013
2226120,102,132,1802,2003,8299.0,0.0,1.2003270000000001,1.091407,HUN,LVA,9013
2226121,111,132,1802,2003,21100.0,0.0,1.399734,1.044608,ITA,LVA,9013
2226122,114,132,1802,2003,5093.0,13676.0,2.4686630000000003,0.48072600000000004,JPN,LVA,9013
2226123,130,132,1802,2003,9205.0,0.0,0.239608,0.517299,LTU,LVA,9013
2226124,162,132,1802,2003,15220.0,4140.0,1.168453,1.7085709999999998,NLD,LVA,9013
2226125,163,132,1802,2003,8777.0,0.0,1.1500620000000001,0.258554,NOR,LVA,9013
2226126,177,132,1802,2003,6535.0,0.0,0.966622,1.664838,POL,LVA,9013
2226127,186,132,1802,2003,2372.0,0.0,1.072729,0.338355,RUS,LVA,9013
2226128,208,132,1802,2003,10722.0,0.0,2.099224,0.799982,SWE,LVA,9013
2226129,228,132,1802,2003,3594.0,0.0,0.8929389999999999,0.956685,UKR,LVA,9013
2226130,231,132,1802,2003,171079.0,0.0,1.7789220000000001,0.064028,USA,LVA,9013
2226131,249,132,1802,2003,6514.0,0.0,1.5924040000000002,1.397843,TWN,LVA,9013
2226132,41,167,1802,2003,1226.0,0.0,2.151037,0.711217,CHE,OMN,9013
2226133,61,167,1802,2003,27842.0,0.0,2.2821919999999998,-2.0985150000000004,DEU,OMN,9013
2226134,71,167,1802,2003,1677.0,0.0,0.960684,2.074792,ESP,OMN,9013
2226135,77,167,1802,2003,6666254.0,0.0,1.606606,0.7394149999999999,FRA,OMN,9013
2226136,81,167,1802,2003,490245.0,0.0,1.8712540000000002,0.706205,GBR,OMN,9013
2226137,114,167,1802,2003,15200.0,0.0,2.4686630000000003,0.48072600000000004,JPN,OMN,9013
2226138,162,167,1802,2003,5568.0,0.0,1.168453,1.7085709999999998,NLD,OMN,9013
2226139,231,167,1802,2003,4407.0,0.0,1.7789220000000001,0.064028,USA,OMN,9013
2226140,7,168,1802,2003,39233.0,0.0,0.049637,-0.502691,ARE,PAK,9013
2226141,39,168,1802,2003,13134.0,0.0,0.9791540000000001,1.185081,CAN,PAK,9013
2226142,43,168,1802,2003,47144.0,0.0,0.579431,2.773139,CHN,PAK,9013
2226143,59,168,1802,2003,0.0,1964.0,1.555749,0.8662059999999999,CZE,PAK,9013
2226144,61,168,1802,2003,477536.0,0.0,2.2821919999999998,-2.0985150000000004,DEU,PAK,9013
2226145,71,168,1802,2003,0.0,1712.0,0.960684,2.074792,ESP,PAK,9013
2226146,77,168,1802,2003,19745.0,0.0,1.606606,0.7394149999999999,FRA,PAK,9013
2226147,81,168,1802,2003,199893.0,0.0,1.8712540000000002,0.706205,GBR,PAK,9013
2226148,97,168,1802,2003,57303.0,0.0,0.494569,2.147062,HKG,PAK,9013
2226149,103,168,1802,2003,5786.0,0.0,-0.16802,1.7252990000000001,IDN,PAK,9013
2226150,104,168,1802,2003,1857.0,0.0,0.33014099999999996,2.836003,IND,PAK,9013
2226151,111,168,1802,2003,29882.0,84569.0,1.399734,1.044608,ITA,PAK,9013
2226152,114,168,1802,2003,30580.0,0.0,2.4686630000000003,0.48072600000000004,JPN,PAK,9013
2226153,121,168,1802,2003,24141.0,0.0,1.2611709999999998,0.956308,KOR,PAK,9013
2226154,130,168,1802,2003,4689.0,0.0,0.239608,0.517299,LTU,PAK,9013
2226155,162,168,1802,2003,300910.0,0.0,1.168453,1.7085709999999998,NLD,PAK,9013
2226156,192,168,1802,2003,58380.0,0.0,1.5080799999999999,0.720337,SGP,PAK,9013
2226157,208,168,1802,2003,11967.0,0.0,2.099224,0.799982,SWE,PAK,9013
2226158,231,168,1802,2003,687998.0,6420.0,1.7789220000000001,0.064028,USA,PAK,9013
2226159,249,168,1802,2003,66038.0,0.0,1.5924040000000002,1.397843,TWN,PAK,9013
2226160,14,176,1802,2003,15765.0,4973.0,0.316879,0.9409489999999999,AUS,PNG,9013
2226161,231,176,1802,2003,3306.0,0.0,1.7789220000000001,0.064028,USA,PNG,9013
2226162,14,177,1802,2003,1639.0,0.0,0.316879,0.9409489999999999,AUS,POL,9013
2226163,15,177,1802,2003,182701.0,40526.0,1.834977,0.408096,AUT,POL,9013
2226164,18,177,1802,2003,124732.0,0.0,1.361682,1.39536,BEL,POL,9013
2226165,28,177,1802,2003,45688.0,0.0,0.847358,0.9307719999999999,BLR,POL,9013
2226166,39,177,1802,2003,0.0,2367.0,0.9791540000000001,1.185081,CAN,POL,9013
2226167,41,177,1802,2003,49992.0,11868.0,2.151037,0.711217,CHE,POL,9013
2226168,43,177,1802,2003,517609.0,64650.0,0.579431,2.773139,CHN,POL,9013
2226169,59,177,1802,2003,270497.0,10593.0,1.555749,0.8662059999999999,CZE,POL,9013
2226170,61,177,1802,2003,9343750.0,800559.0,2.2821919999999998,-2.0985150000000004,DEU,POL,9013
2226171,64,177,1802,2003,15107.0,9491.0,1.309564,1.245596,DNK,POL,9013
2226172,71,177,1802,2003,48409.0,0.0,0.960684,2.074792,ESP,POL,9013
2226173,74,177,1802,2003,77716.0,0.0,2.077889,0.942501,FIN,POL,9013
2226174,77,177,1802,2003,120492.0,24742.0,1.606606,0.7394149999999999,FRA,POL,9013
2226175,81,177,1802,2003,142472.0,372730.0,1.8712540000000002,0.706205,GBR,POL,9013
2226176,97,177,1802,2003,112345.0,1488.0,0.494569,2.147062,HKG,POL,9013
2226177,102,177,1802,2003,83418.0,0.0,1.2003270000000001,1.091407,HUN,POL,9013
2226178,104,177,1802,2003,224192.0,257271.0,0.33014099999999996,2.836003,IND,POL,9013
2226179,110,177,1802,2003,66461.0,39158.0,1.157809,0.682195,ISR,POL,9013
2226180,111,177,1802,2003,240564.0,51573.0,1.399734,1.044608,ITA,POL,9013
2226181,114,177,1802,2003,112564.0,5659.0,2.4686630000000003,0.48072600000000004,JPN,POL,9013
2226182,121,177,1802,2003,304210.0,0.0,1.2611709999999998,0.956308,KOR,POL,9013
2226183,130,177,1802,2003,73056.0,0.0,0.239608,0.517299,LTU,POL,9013
2226184,132,177,1802,2003,0.0,6535.0,0.520772,0.5631689999999999,LVA,POL,9013
2226185,162,177,1802,2003,221346.0,368914.0,1.168453,1.7085709999999998,NLD,POL,9013
2226186,163,177,1802,2003,3364.0,0.0,1.1500620000000001,0.258554,NOR,POL,9013
2226187,181,177,1802,2003,55032.0,0.0,0.657296,0.220183,PSE,POL,9013
2226188,185,177,1802,2003,0.0,1150.0,0.378379,1.0064620000000002,ROU,POL,9013
2226189,186,177,1802,2003,0.0,10073.0,1.072729,0.338355,RUS,POL,9013
2226190,192,177,1802,2003,98440.0,0.0,1.5080799999999999,0.720337,SGP,POL,9013
2226191,206,177,1802,2003,69673.0,0.0,1.22565,0.915518,SVK,POL,9013
2226192,208,177,1802,2003,100419.0,24894.0,2.099224,0.799982,SWE,POL,9013
2226193,228,177,1802,2003,3550.0,1581.0,0.8929389999999999,0.956685,UKR,POL,9013
2226194,231,177,1802,2003,576387.0,18900.0,1.7789220000000001,0.064028,USA,POL,9013
2226195,249,177,1802,2003,155772.0,0.0,1.5924040000000002,1.397843,TWN,POL,9013
2226196,18,183,1802,2003,8328.0,0.0,1.361682,1.39536,BEL,QAT,9013
2226197,39,183,1802,2003,1278.0,0.0,0.9791540000000001,1.185081,CAN,QAT,9013
2226198,43,183,1802,2003,6264.0,0.0,0.579431,2.773139,CHN,QAT,9013
2226199,61,183,1802,2003,132690.0,0.0,2.2821919999999998,-2.0985150000000004,DEU,QAT,9013
2226200,77,183,1802,2003,7553.0,0.0,1.606606,0.7394149999999999,FRA,QAT,9013
2226201,81,183,1802,2003,12932.0,0.0,1.8712540000000002,0.706205,GBR,QAT,9013
2226202,162,183,1802,2003,33392.0,4516.0,1.168453,1.7085709999999998,NLD,QAT,9013
2226203,188,183,1802,2003,8857.0,0.0,0.202286,-0.714691,SAU,QAT,9013
2226204,231,183,1802,2003,5340.0,0.0,1.7789220000000001,0.064028,USA,QAT,9013
2226205,15,185,1802,2003,242159.0,1983.0,1.834977,0.408096,AUT,ROU,9013
2226206,18,185,1802,2003,3478.0,0.0,1.361682,1.39536,BEL,ROU,9013
2226207,23,185,1802,2003,3915.0,0.0,0.43308599999999997,1.7104099999999998,BGR,ROU,9013
2226208,28,185,1802,2003,2734.0,0.0,0.847358,0.9307719999999999,BLR,ROU,9013
2226209,39,185,1802,2003,3022.0,0.0,0.9791540000000001,1.185081,CAN,ROU,9013
2226210,41,185,1802,2003,15522.0,0.0,2.151037,0.711217,CHE,ROU,9013
2226211,43,185,1802,2003,374407.0,0.0,0.579431,2.773139,CHN,ROU,9013
2226212,59,185,1802,2003,1711.0,0.0,1.555749,0.8662059999999999,CZE,ROU,9013
2226213,61,185,1802,2003,503037.0,30918.0,2.2821919999999998,-2.0985150000000004,DEU,ROU,9013
2226214,64,185,1802,2003,0.0,15128.0,1.309564,1.245596,DNK,ROU,9013
2226215,71,185,1802,2003,31364.0,0.0,0.960684,2.074792,ESP,ROU,9013
2226216,74,185,1802,2003,0.0,6098.0,2.077889,0.942501,FIN,ROU,9013
2226217,77,185,1802,2003,25622.0,45346.0,1.606606,0.7394149999999999,FRA,ROU,9013
2226218,81,185,1802,2003,89573.0,269376.0,1.8712540000000002,0.706205,GBR,ROU,9013
2226219,90,185,1802,2003,295199.0,1844.0,0.364688,1.4823959999999998,GRC,ROU,9013
2226220,97,185,1802,2003,490704.0,0.0,0.494569,2.147062,HKG,ROU,9013
2226221,102,185,1802,2003,6726.0,10854.0,1.2003270000000001,1.091407,HUN,ROU,9013
2226222,110,185,1802,2003,223775.0,467596.0,1.157809,0.682195,ISR,ROU,9013
2226223,111,185,1802,2003,240852.0,174384.0,1.399734,1.044608,ITA,ROU,9013
2226224,114,185,1802,2003,99750.0,0.0,2.4686630000000003,0.48072600000000004,JPN,ROU,9013
2226225,121,185,1802,2003,124068.0,0.0,1.2611709999999998,0.956308,KOR,ROU,9013
2226226,130,185,1802,2003,19591.0,0.0,0.239608,0.517299,LTU,ROU,9013
2226227,135,185,1802,2003,2357.0,0.0,-0.005154,-0.26107199999999997,MDA,ROU,9013
2226228,162,185,1802,2003,28945.0,1047.0,1.168453,1.7085709999999998,NLD,ROU,9013
2226229,163,185,1802,2003,0.0,1511.0,1.1500620000000001,0.258554,NOR,ROU,9013
2226230,177,185,1802,2003,1150.0,0.0,0.966622,1.664838,POL,ROU,9013
2226231,192,185,1802,2003,20644.0,0.0,1.5080799999999999,0.720337,SGP,ROU,9013
2226232,206,185,1802,2003,2901.0,984.0,1.22565,0.915518,SVK,ROU,9013
2226233,207,185,1802,2003,41462.0,0.0,1.6459840000000001,1.014191,SVN,ROU,9013
2226234,208,185,1802,2003,1211.0,0.0,2.099224,0.799982,SWE,ROU,9013
2226235,224,185,1802,2003,10212.0,0.0,0.192802,1.9855060000000002,TUR,ROU,9013
2226236,231,185,1802,2003,25051.0,477586.0,1.7789220000000001,0.064028,USA,ROU,9013
2226237,249,185,1802,2003,74873.0,0.0,1.5924040000000002,1.397843,TWN,ROU,9013
2226238,250,185,1802,2003,1084.0,0.0,0.45951499999999995,-0.2312,ANS,ROU,9013
2226239,7,186,1802,2003,0.0,15077.0,0.049637,-0.502691,ARE,RUS,9013
2226240,14,186,1802,2003,0.0,21941.0,0.316879,0.9409489999999999,AUS,RUS,9013
2226241,15,186,1802,2003,611483.0,9140.0,1.834977,0.408096,AUT,RUS,9013
2226242,18,186,1802,2003,26310.0,1277.0,1.361682,1.39536,BEL,RUS,9013
2226243,23,186,1802,2003,3008.0,32448.0,0.43308599999999997,1.7104099999999998,BGR,RUS,9013
2226244,28,186,1802,2003,7717692.0,665143.0,0.847358,0.9307719999999999,BLR,RUS,9013
2226245,32,186,1802,2003,0.0,6497.0,0.660576,1.118876,BRA,RUS,9013
2226246,39,186,1802,2003,7282.0,49726.0,0.9791540000000001,1.185081,CAN,RUS,9013
2226247,41,186,1802,2003,71221.0,148814.0,2.151037,0.711217,CHE,RUS,9013
2226248,43,186,1802,2003,346248.0,738854.0,0.579431,2.773139,CHN,RUS,9013
2226249,54,186,1802,2003,0.0,71047.0,-0.391515,-0.8562120000000001,CUB,RUS,9013
2226250,58,186,1802,2003,0.0,226264.0,0.259992,0.068914,CYP,RUS,9013
2226251,59,186,1802,2003,27125.0,76843.0,1.555749,0.8662059999999999,CZE,RUS,9013
2226252,61,186,1802,2003,8581758.0,3139553.0,2.2821919999999998,-2.0985150000000004,DEU,RUS,9013
2226253,64,186,1802,2003,298752.0,2408.0,1.309564,1.245596,DNK,RUS,9013
2226254,66,186,1802,2003,0.0,14109.0,-1.060727,-1.142594,DZA,RUS,9013
2226255,71,186,1802,2003,46933.0,35747.0,0.960684,2.074792,ESP,RUS,9013
2226256,72,186,1802,2003,13842.0,0.0,0.5913010000000001,0.8489979999999999,EST,RUS,9013
2226257,74,186,1802,2003,469327.0,599539.0,2.077889,0.942501,FIN,RUS,9013
2226258,77,186,1802,2003,253781.0,123957.0,1.606606,0.7394149999999999,FRA,RUS,9013
2226259,81,186,1802,2003,272803.0,463485.0,1.8712540000000002,0.706205,GBR,RUS,9013
2226260,90,186,1802,2003,0.0,8779252.0,0.364688,1.4823959999999998,GRC,RUS,9013
2226261,97,186,1802,2003,19061.0,0.0,0.494569,2.147062,HKG,RUS,9013
2226262,100,186,1802,2003,0.0,11605.0,0.568394,1.230759,HRV,RUS,9013
2226263,102,186,1802,2003,0.0,1171.0,1.2003270000000001,1.091407,HUN,RUS,9013
2226264,103,186,1802,2003,0.0,7101.0,-0.16802,1.7252990000000001,IDN,RUS,9013
2226265,104,186,1802,2003,18772.0,311500.0,0.33014099999999996,2.836003,IND,RUS,9013
2226266,110,186,1802,2003,238996.0,2303.0,1.157809,0.682195,ISR,RUS,9013
2226267,111,186,1802,2003,137172.0,61494.0,1.399734,1.044608,ITA,RUS,9013
2226268,114,186,1802,2003,154933.0,431108.0,2.4686630000000003,0.48072600000000004,JPN,RUS,9013
2226269,115,186,1802,2003,0.0,37465.0,-0.156326,-0.62092,KAZ,RUS,9013
2226270,121,186,1802,2003,542871.0,11106375.0,1.2611709999999998,0.956308,KOR,RUS,9013
2226271,130,186,1802,2003,97525.0,28499.0,0.239608,0.517299,LTU,RUS,9013
2226272,132,186,1802,2003,0.0,2372.0,0.520772,0.5631689999999999,LVA,RUS,9013
2226273,135,186,1802,2003,1312.0,0.0,-0.005154,-0.26107199999999997,MDA,RUS,9013
2226274,138,186,1802,2003,0.0,5912.0,0.862509,0.756684,MEX,RUS,9013
2226275,153,186,1802,2003,13222.0,172020.0,0.728804,0.2168,MYS,RUS,9013
2226276,162,186,1802,2003,72900.0,92946.0,1.168453,1.7085709999999998,NLD,RUS,9013
2226277,163,186,1802,2003,0.0,1964.0,1.1500620000000001,0.258554,NOR,RUS,9013
2226278,174,186,1802,2003,11105.0,0.0,-0.065022,-0.195144,PHL,RUS,9013
2226279,177,186,1802,2003,10073.0,0.0,0.966622,1.664838,POL,RUS,9013
2226280,178,186,1802,2003,79499.0,0.0,0.7060420000000001,0.7718,PRK,RUS,9013
2226281,179,186,1802,2003,0.0,4629.0,0.471376,1.647303,PRT,RUS,9013
2226282,188,186,1802,2003,0.0,2127.0,0.202286,-0.714691,SAU,RUS,9013
2226283,190,186,1802,2003,0.0,65609.0,-1.3535059999999999,-1.1701409999999999,SDN,RUS,9013
2226284,206,186,1802,2003,0.0,254281.0,1.22565,0.915518,SVK,RUS,9013
2226285,208,186,1802,2003,56067.0,43671.0,2.099224,0.799982,SWE,RUS,9013
2226286,212,186,1802,2003,0.0,6608075.0,-0.868749,-0.326322,SYR,RUS,9013
2226287,217,186,1802,2003,0.0,3258.0,-0.6187520000000001,-1.0438969999999999,TJK,RUS,9013
2226288,219,186,1802,2003,0.0,1194.0,-1.223295,-1.250217,TKM,RUS,9013
2226289,224,186,1802,2003,0.0,6485.0,0.192802,1.9855060000000002,TUR,RUS,9013
2226290,228,186,1802,2003,2377834.0,242310.0,0.8929389999999999,0.956685,UKR,RUS,9013
2226291,231,186,1802,2003,2639029.0,1656003.0,1.7789220000000001,0.064028,USA,RUS,9013
2226292,232,186,1802,2003,0.0,1667232.0,-0.285978,-0.703334,UZB,RUS,9013
2226293,236,186,1802,2003,0.0,8468.0,0.277805,-0.783697,VEN,RUS,9013
2226294,239,186,1802,2003,0.0,1752.0,-0.633985,0.659696,VNM,RUS,9013
2226295,243,186,1802,2003,0.0,148603.0,-1.453584,-1.257815,YEM,RUS,9013
2226296,249,186,1802,2003,137838.0,385246.0,1.5924040000000002,1.397843,TWN,RUS,9013
2226297,7,188,1802,2003,0.0,4599.0,0.049637,-0.502691,ARE,SAU,9013
2226298,14,188,1802,2003,6762.0,0.0,0.316879,0.9409489999999999,AUS,SAU,9013
2226299,15,188,1802,2003,59557.0,0.0,1.834977,0.408096,AUT,SAU,9013
2226300,18,188,1802,2003,61318.0,26870.0,1.361682,1.39536,BEL,SAU,9013
2226301,28,188,1802,2003,16230.0,0.0,0.847358,0.9307719999999999,BLR,SAU,9013
2226302,39,188,1802,2003,798242.0,0.0,0.9791540000000001,1.185081,CAN,SAU,9013
2226303,41,188,1802,2003,221468.0,0.0,2.151037,0.711217,CHE,SAU,9013
2226304,43,188,1802,2003,95910.0,0.0,0.579431,2.773139,CHN,SAU,9013
2226305,61,188,1802,2003,608867.0,77986.0,2.2821919999999998,-2.0985150000000004,DEU,SAU,9013
2226306,64,188,1802,2003,2829.0,0.0,1.309564,1.245596,DNK,SAU,9013
2226307,69,188,1802,2003,0.0,1679.0,-0.105591,-0.247614,ERI,SAU,9013
2226308,71,188,1802,2003,18374.0,0.0,0.960684,2.074792,ESP,SAU,9013
2226309,77,188,1802,2003,3981348.0,74350.0,1.606606,0.7394149999999999,FRA,SAU,9013
2226310,81,188,1802,2003,689680.0,22401.0,1.8712540000000002,0.706205,GBR,SAU,9013
2226311,97,188,1802,2003,34486.0,0.0,0.494569,2.147062,HKG,SAU,9013
2226312,102,188,1802,2003,55652.0,0.0,1.2003270000000001,1.091407,HUN,SAU,9013
2226313,104,188,1802,2003,10673.0,0.0,0.33014099999999996,2.836003,IND,SAU,9013
2226314,111,188,1802,2003,70264.0,0.0,1.399734,1.044608,ITA,SAU,9013
2226315,114,188,1802,2003,103399.0,0.0,2.4686630000000003,0.48072600000000004,JPN,SAU,9013
2226316,121,188,1802,2003,39929.0,0.0,1.2611709999999998,0.956308,KOR,SAU,9013
2226317,162,188,1802,2003,6941.0,0.0,1.168453,1.7085709999999998,NLD,SAU,9013
2226318,183,188,1802,2003,0.0,8857.0,-0.209042,-1.0565799999999999,QAT,SAU,9013
2226319,186,188,1802,2003,2127.0,0.0,1.072729,0.338355,RUS,SAU,9013
2226320,192,188,1802,2003,13910.0,0.0,1.5080799999999999,0.720337,SGP,SAU,9013
2226321,199,188,1802,2003,0.0,2069.0,-0.319096,-0.649003,SOM,SAU,9013
2226322,207,188,1802,2003,40168.0,0.0,1.6459840000000001,1.014191,SVN,SAU,9013
2226323,231,188,1802,2003,804580.0,0.0,1.7789220000000001,0.064028,USA,SAU,9013
2226324,249,188,1802,2003,63593.0,0.0,1.5924040000000002,1.397843,TWN,SAU,9013
2226325,250,188,1802,2003,148182.0,1247.0,0.45951499999999995,-0.2312,ANS,SAU,9013
2226326,7,192,1802,2003,0.0,108898.0,0.049637,-0.502691,ARE,SGP,9013
2226327,8,192,1802,2003,0.0,2297.0,0.302073,0.49069700000000005,ARG,SGP,9013
2226328,14,192,1802,2003,279352.0,274965.0,0.316879,0.9409489999999999,AUS,SGP,9013
2226329,15,192,1802,2003,35809.0,146635.0,1.834977,0.408096,AUT,SGP,9013
2226330,18,192,1802,2003,5333.0,74754.0,1.361682,1.39536,BEL,SGP,9013
2226331,22,192,1802,2003,4722.0,0.0,-1.168404,-1.035782,BGD,SGP,9013
2226332,23,192,1802,2003,0.0,27303.0,0.43308599999999997,1.7104099999999998,BGR,SGP,9013
2226333,24,192,1802,2003,0.0,2386.0,-0.10968800000000001,-1.041032,BHR,SGP,9013
2226334,32,192,1802,2003,0.0,213265.0,0.660576,1.118876,BRA,SGP,9013
2226335,34,192,1802,2003,0.0,135339.0,-1.342738,-0.978633,BRN,SGP,9013
2226336,39,192,1802,2003,79698.0,166498.0,0.9791540000000001,1.185081,CAN,SGP,9013
2226337,41,192,1802,2003,577729.0,143051.0,2.151037,0.711217,CHE,SGP,9013
2226338,43,192,1802,2003,44230997.0,7830327.0,0.579431,2.773139,CHN,SGP,9013
2226339,49,192,1802,2003,0.0,1690.0,0.218336,0.376869,COL,SGP,9013
2226340,59,192,1802,2003,0.0,32812.0,1.555749,0.8662059999999999,CZE,SGP,9013
2226341,61,192,1802,2003,6170834.0,855728.0,2.2821919999999998,-2.0985150000000004,DEU,SGP,9013
2226342,64,192,1802,2003,0.0,139625.0,1.309564,1.245596,DNK,SGP,9013
2226343,67,192,1802,2003,2065.0,0.0,-0.8689370000000001,-0.889767,ECU,SGP,9013
2226344,71,192,1802,2003,0.0,45246.0,0.960684,2.074792,ESP,SGP,9013
2226345,74,192,1802,2003,11373.0,13173.0,2.077889,0.942501,FIN,SGP,9013
2226346,77,192,1802,2003,3074600.0,123857.0,1.606606,0.7394149999999999,FRA,SGP,9013
2226347,81,192,1802,2003,7005130.0,5043941.0,1.8712540000000002,0.706205,GBR,SGP,9013
2226348,90,192,1802,2003,0.0,22492.0,0.364688,1.4823959999999998,GRC,SGP,9013
2226349,97,192,1802,2003,12207032.0,31388221.0,0.494569,2.147062,HKG,SGP,9013
2226350,102,192,1802,2003,90799.0,16655.0,1.2003270000000001,1.091407,HUN,SGP,9013
2226351,103,192,1802,2003,70643274.0,25396504.0,-0.16802,1.7252990000000001,IDN,SGP,9013
2226352,104,192,1802,2003,108011.0,606685.0,0.33014099999999996,2.836003,IND,SGP,9013
2226353,106,192,1802,2003,26576.0,43406.0,1.6396130000000002,0.220599,IRL,SGP,9013
2226354,107,192,1802,2003,0.0,49977.0,-0.552146,-0.8668520000000001,IRN,SGP,9013
2226355,110,192,1802,2003,249757.0,439146.0,1.157809,0.682195,ISR,SGP,9013
2226356,111,192,1802,2003,342160.0,152454.0,1.399734,1.044608,ITA,SGP,9013
2226357,113,192,1802,2003,7956.0,1263.0,0.12295,0.377031,JOR,SGP,9013
2226358,114,192,1802,2003,57959023.0,9269527.0,2.4686630000000003,0.48072600000000004,JPN,SGP,9013
2226359,116,192,1802,2003,0.0,60327.0,-0.3531,0.582992,KEN,SGP,9013
2226360,118,192,1802,2003,0.0,7792.0,-1.0165620000000002,-1.060454,KHM,SGP,9013
2226361,121,192,1802,2003,12927518.0,9088137.0,1.2611709999999998,0.956308,KOR,SGP,9013
2226362,128,192,1802,2003,1604.0,27157.0,-0.618057,0.101931,LKA,SGP,9013
2226363,130,192,1802,2003,9447.0,0.0,0.239608,0.517299,LTU,SGP,9013
2226364,133,192,1802,2003,1384.0,0.0,-0.294516,-0.413828,MAC,SGP,9013
2226365,136,192,1802,2003,0.0,830.0,-1.254758,-0.622696,MDG,SGP,9013
2226366,137,192,1802,2003,0.0,2816.0,-1.201352,-1.031892,MDV,SGP,9013
2226367,138,192,1802,2003,371365.0,1833206.0,0.862509,0.756684,MEX,SGP,9013
2226368,142,192,1802,2003,3164.0,0.0,1.2138149999999999,-0.015687,MLT,SGP,9013
2226369,143,192,1802,2003,0.0,43148.0,-1.435123,-1.0948,MMR,SGP,9013
2226370,151,192,1802,2003,5238.0,644652.0,-0.361514,-0.29839899999999997,MUS,SGP,9013
2226371,153,192,1802,2003,4145975.0,61409815.0,0.728804,0.2168,MYS,SGP,9013
2226372,162,192,1802,2003,928828.0,194244.0,1.168453,1.7085709999999998,NLD,SGP,9013
2226373,163,192,1802,2003,5027.0,25099.0,1.1500620000000001,0.258554,NOR,SGP,9013
2226374,166,192,1802,2003,50432.0,1595189.0,0.589619,0.997301,NZL,SGP,9013
2226375,168,192,1802,2003,0.0,58380.0,-0.6659689999999999,0.137924,PAK,SGP,9013
2226376,174,192,1802,2003,10542420.0,937056.0,-0.065022,-0.195144,PHL,SGP,9013
2226377,177,192,1802,2003,0.0,98440.0,0.966622,1.664838,POL,SGP,9013
2226378,179,192,1802,2003,1671.0,986.0,0.471376,1.647303,PRT,SGP,9013
2226379,185,192,1802,2003,0.0,20644.0,0.378379,1.0064620000000002,ROU,SGP,9013
2226380,188,192,1802,2003,0.0,13910.0,0.202286,-0.714691,SAU,SGP,9013
2226381,206,192,1802,2003,15040.0,1592.0,1.22565,0.915518,SVK,SGP,9013
2226382,207,192,1802,2003,0.0,4872.0,1.6459840000000001,1.014191,SVN,SGP,9013
2226383,208,192,1802,2003,245702.0,153898.0,2.099224,0.799982,SWE,SGP,9013
2226384,216,192,1802,2003,125779.0,1273873.0,0.43010699999999996,1.607408,THA,SGP,9013
2226385,224,192,1802,2003,0.0,37548.0,0.192802,1.9855060000000002,TUR,SGP,9013
2226386,231,192,1802,2003,31209510.0,10264506.0,1.7789220000000001,0.064028,USA,SGP,9013
2226387,239,192,1802,2003,0.0,120285.0,-0.633985,0.659696,VNM,SGP,9013
2226388,246,192,1802,2003,100006.0,143817.0,0.477987,2.255395,ZAF,SGP,9013
2226389,247,192,1802,2003,0.0,724.0,-0.678149,-0.5919449999999999,ZMB,SGP,9013
2226390,249,192,1802,2003,22404163.0,1522410.0,1.5924040000000002,1.397843,TWN,SGP,9013
2226391,7,206,1802,2003,0.0,24165.0,0.049637,-0.502691,ARE,SVK,9013
2226392,14,206,1802,2003,0.0,517.0,0.316879,0.9409489999999999,AUS,SVK,9013
2226393,15,206,1802,2003,21841.0,8501.0,1.834977,0.408096,AUT,SVK,9013
2226394,18,206,1802,2003,36790.0,9416.0,1.361682,1.39536,BEL,SVK,9013
2226395,28,206,1802,2003,56720.0,0.0,0.847358,0.9307719999999999,BLR,SVK,9013
2226396,32,206,1802,2003,2645.0,0.0,0.660576,1.118876,BRA,SVK,9013
2226397,39,206,1802,2003,10640.0,0.0,0.9791540000000001,1.185081,CAN,SVK,9013
2226398,41,206,1802,2003,28766.0,18115.0,2.151037,0.711217,CHE,SVK,9013
2226399,43,206,1802,2003,30442.0,0.0,0.579431,2.773139,CHN,SVK,9013
2226400,59,206,1802,2003,422876.0,110028.0,1.555749,0.8662059999999999,CZE,SVK,9013
2226401,61,206,1802,2003,1695691.0,636273.0,2.2821919999999998,-2.0985150000000004,DEU,SVK,9013
2226402,64,206,1802,2003,896.0,1770.0,1.309564,1.245596,DNK,SVK,9013
2226403,71,206,1802,2003,9026.0,16927.0,0.960684,2.074792,ESP,SVK,9013
2226404,72,206,1802,2003,0.0,2468.0,0.5913010000000001,0.8489979999999999,EST,SVK,9013
2226405,74,206,1802,2003,4660.0,5742.0,2.077889,0.942501,FIN,SVK,9013
2226406,77,206,1802,2003,6551.0,205343.0,1.606606,0.7394149999999999,FRA,SVK,9013
2226407,81,206,1802,2003,66769.0,1251804.0,1.8712540000000002,0.706205,GBR,SVK,9013
2226408,90,206,1802,2003,0.0,50988.0,0.364688,1.4823959999999998,GRC,SVK,9013
2226409,97,206,1802,2003,5123.0,0.0,0.494569,2.147062,HKG,SVK,9013
2226410,102,206,1802,2003,276211.0,20587.0,1.2003270000000001,1.091407,HUN,SVK,9013
2226411,104,206,1802,2003,4674.0,0.0,0.33014099999999996,2.836003,IND,SVK,9013
2226412,106,206,1802,2003,2036.0,3029.0,1.6396130000000002,0.220599,IRL,SVK,9013
2226413,110,206,1802,2003,3009.0,35229.0,1.157809,0.682195,ISR,SVK,9013
2226414,111,206,1802,2003,545441.0,7487.0,1.399734,1.044608,ITA,SVK,9013
2226415,114,206,1802,2003,960341.0,0.0,2.4686630000000003,0.48072600000000004,JPN,SVK,9013
2226416,115,206,1802,2003,0.0,4620.0,-0.156326,-0.62092,KAZ,SVK,9013
2226417,121,206,1802,2003,8494123.0,1768.0,1.2611709999999998,0.956308,KOR,SVK,9013
2226418,130,206,1802,2003,0.0,1418.0,0.239608,0.517299,LTU,SVK,9013
2226419,138,206,1802,2003,0.0,7468.0,0.862509,0.756684,MEX,SVK,9013
2226420,142,206,1802,2003,0.0,10437.0,1.2138149999999999,-0.015687,MLT,SVK,9013
2226421,162,206,1802,2003,93808.0,10412.0,1.168453,1.7085709999999998,NLD,SVK,9013
2226422,163,206,1802,2003,80215.0,14574.0,1.1500620000000001,0.258554,NOR,SVK,9013
2226423,177,206,1802,2003,0.0,69673.0,0.966622,1.664838,POL,SVK,9013
2226424,179,206,1802,2003,0.0,5430.0,0.471376,1.647303,PRT,SVK,9013
2226425,185,206,1802,2003,984.0,2901.0,0.378379,1.0064620000000002,ROU,SVK,9013
2226426,186,206,1802,2003,254281.0,0.0,1.072729,0.338355,RUS,SVK,9013
2226427,192,206,1802,2003,1592.0,15040.0,1.5080799999999999,0.720337,SGP,SVK,9013
2226428,208,206,1802,2003,52296.0,9931.0,2.099224,0.799982,SWE,SVK,9013
2226429,216,206,1802,2003,0.0,17724.0,0.43010699999999996,1.607408,THA,SVK,9013
2226430,224,206,1802,2003,643.0,0.0,0.192802,1.9855060000000002,TUR,SVK,9013
2226431,227,206,1802,2003,0.0,5280.0,-0.895193,-0.712039,UGA,SVK,9013
2226432,231,206,1802,2003,24158.0,59918.0,1.7789220000000001,0.064028,USA,SVK,9013
2226433,249,206,1802,2003,183754.0,1388.0,1.5924040000000002,1.397843,TWN,SVK,9013
2226434,250,206,1802,2003,10563.0,0.0,0.45951499999999995,-0.2312,ANS,SVK,9013
2226435,14,207,1802,2003,1984.0,7187.0,0.316879,0.9409489999999999,AUS,SVN,9013
2226436,15,207,1802,2003,67853.0,0.0,1.834977,0.408096,AUT,SVN,9013
2226437,18,207,1802,2003,107384.0,3790.0,1.361682,1.39536,BEL,SVN,9013
2226438,23,207,1802,2003,1719.0,0.0,0.43308599999999997,1.7104099999999998,BGR,SVN,9013
2226439,26,207,1802,2003,88696.0,4222.0,0.195667,0.347011,BIH,SVN,9013
2226440,39,207,1802,2003,10661.0,15500.0,0.9791540000000001,1.185081,CAN,SVN,9013
2226441,41,207,1802,2003,104660.0,5966.0,2.151037,0.711217,CHE,SVN,9013
2226442,43,207,1802,2003,23723.0,0.0,0.579431,2.773139,CHN,SVN,9013
2226443,52,207,1802,2003,18121.0,0.0,-0.193904,-0.5049680000000001,CRI,SVN,9013
2226444,58,207,1802,2003,0.0,2226.0,0.259992,0.068914,CYP,SVN,9013
2226445,59,207,1802,2003,27113.0,6593.0,1.555749,0.8662059999999999,CZE,SVN,9013
2226446,61,207,1802,2003,539619.0,760310.0,2.2821919999999998,-2.0985150000000004,DEU,SVN,9013
2226447,64,207,1802,2003,8620.0,0.0,1.309564,1.245596,DNK,SVN,9013
2226448,68,207,1802,2003,20390.0,521071.0,-0.292923,0.465433,EGY,SVN,9013
2226449,71,207,1802,2003,39870.0,0.0,0.960684,2.074792,ESP,SVN,9013
2226450,74,207,1802,2003,15764.0,0.0,2.077889,0.942501,FIN,SVN,9013
2226451,77,207,1802,2003,1039.0,70224.0,1.606606,0.7394149999999999,FRA,SVN,9013
2226452,81,207,1802,2003,146743.0,8082.0,1.8712540000000002,0.706205,GBR,SVN,9013
2226453,97,207,1802,2003,976929.0,0.0,0.494569,2.147062,HKG,SVN,9013
2226454,100,207,1802,2003,116928.0,40858.0,0.568394,1.230759,HRV,SVN,9013
2226455,106,207,1802,2003,5590.0,0.0,1.6396130000000002,0.220599,IRL,SVN,9013
2226456,110,207,1802,2003,83575.0,1947.0,1.157809,0.682195,ISR,SVN,9013
2226457,111,207,1802,2003,231810.0,11199.0,1.399734,1.044608,ITA,SVN,9013
2226458,114,207,1802,2003,69649.0,0.0,2.4686630000000003,0.48072600000000004,JPN,SVN,9013
2226459,121,207,1802,2003,290897.0,1995.0,1.2611709999999998,0.956308,KOR,SVN,9013
2226460,130,207,1802,2003,7675.0,3064.0,0.239608,0.517299,LTU,SVN,9013
2226461,138,207,1802,2003,0.0,1417.0,0.862509,0.756684,MEX,SVN,9013
2226462,140,207,1802,2003,0.0,9768.0,-0.017632,0.225394,MKD,SVN,9013
2226463,153,207,1802,2003,1233.0,0.0,0.728804,0.2168,MYS,SVN,9013
2226464,162,207,1802,2003,27669.0,8461.0,1.168453,1.7085709999999998,NLD,SVN,9013
2226465,185,207,1802,2003,0.0,41462.0,0.378379,1.0064620000000002,ROU,SVN,9013
2226466,188,207,1802,2003,0.0,40168.0,0.202286,-0.714691,SAU,SVN,9013
2226467,189,207,1802,2003,5251.0,8799.0,0.575326,1.627894,SCG,SVN,9013
2226468,192,207,1802,2003,4872.0,0.0,1.5080799999999999,0.720337,SGP,SVN,9013
2226469,208,207,1802,2003,22857.0,0.0,2.099224,0.799982,SWE,SVN,9013
2226470,216,207,1802,2003,9114.0,0.0,0.43010699999999996,1.607408,THA,SVN,9013
2226471,231,207,1802,2003,98184.0,6404.0,1.7789220000000001,0.064028,USA,SVN,9013
2226472,249,207,1802,2003,80000.0,0.0,1.5924040000000002,1.397843,TWN,SVN,9013
2226473,39,212,1802,2003,9672.0,0.0,0.9791540000000001,1.185081,CAN,SYR,9013
2226474,43,212,1802,2003,47935.0,0.0,0.579431,2.773139,CHN,SYR,9013
2226475,61,212,1802,2003,145577.0,13948.0,2.2821919999999998,-2.0985150000000004,DEU,SYR,9013
2226476,71,212,1802,2003,27213.0,0.0,0.960684,2.074792,ESP,SYR,9013
2226477,77,212,1802,2003,27239.0,0.0,1.606606,0.7394149999999999,FRA,SYR,9013
2226478,111,212,1802,2003,8008518.0,0.0,1.399734,1.044608,ITA,SYR,9013
2226479,114,212,1802,2003,3529.0,0.0,2.4686630000000003,0.48072600000000004,JPN,SYR,9013
2226480,186,212,1802,2003,6608075.0,0.0,1.072729,0.338355,RUS,SYR,9013
2226481,231,212,1802,2003,8165.0,0.0,1.7789220000000001,0.064028,USA,SYR,9013
2226482,8,223,1802,2003,3496.0,0.0,0.302073,0.49069700000000005,ARG,TUN,9013
2226483,14,223,1802,2003,796.0,0.0,0.316879,0.9409489999999999,AUS,TUN,9013
2226484,18,223,1802,2003,31623.0,0.0,1.361682,1.39536,BEL,TUN,9013
2226485,41,223,1802,2003,9049.0,0.0,2.151037,0.711217,CHE,TUN,9013
2226486,43,223,1802,2003,1248.0,0.0,0.579431,2.773139,CHN,TUN,9013
2226487,61,223,1802,2003,602778.0,0.0,2.2821919999999998,-2.0985150000000004,DEU,TUN,9013
2226488,71,223,1802,2003,2911.0,0.0,0.960684,2.074792,ESP,TUN,9013
2226489,77,223,1802,2003,113501.0,612725.0,1.606606,0.7394149999999999,FRA,TUN,9013
2226490,81,223,1802,2003,1488.0,0.0,1.8712540000000002,0.706205,GBR,TUN,9013
2226491,97,223,1802,2003,11479.0,0.0,0.494569,2.147062,HKG,TUN,9013
2226492,104,223,1802,2003,1649.0,0.0,0.33014099999999996,2.836003,IND,TUN,9013
2226493,111,223,1802,2003,82920.0,32857.0,1.399734,1.044608,ITA,TUN,9013
2226494,114,223,1802,2003,32539.0,0.0,2.4686630000000003,0.48072600000000004,JPN,TUN,9013
2226495,162,223,1802,2003,10237.0,0.0,1.168453,1.7085709999999998,NLD,TUN,9013
2226496,231,223,1802,2003,13868.0,0.0,1.7789220000000001,0.064028,USA,TUN,9013
2226497,249,223,1802,2003,9481.0,0.0,1.5924040000000002,1.397843,TWN,TUN,9013
2226498,250,223,1802,2003,0.0,1021.0,0.45951499999999995,-0.2312,ANS,TUN,9013
2226499,14,228,1802,2003,6007.0,0.0,0.316879,0.9409489999999999,AUS,UKR,9013
2226500,15,228,1802,2003,90746.0,0.0,1.834977,0.408096,AUT,UKR,9013
2226501,26,228,1802,2003,0.0,1364.0,0.195667,0.347011,BIH,UKR,9013
2226502,28,228,1802,2003,46400.0,0.0,0.847358,0.9307719999999999,BLR,UKR,9013
2226503,32,228,1802,2003,0.0,3950.0,0.660576,1.118876,BRA,UKR,9013
2226504,39,228,1802,2003,0.0,16788.0,0.9791540000000001,1.185081,CAN,UKR,9013
2226505,43,228,1802,2003,125445.0,28465.0,0.579431,2.773139,CHN,UKR,9013
2226506,59,228,1802,2003,2619.0,0.0,1.555749,0.8662059999999999,CZE,UKR,9013
2226507,61,228,1802,2003,1331832.0,22115.0,2.2821919999999998,-2.0985150000000004,DEU,UKR,9013
2226508,64,228,1802,2003,5544.0,0.0,1.309564,1.245596,DNK,UKR,9013
2226509,71,228,1802,2003,28204.0,4702.0,0.960684,2.074792,ESP,UKR,9013
2226510,72,228,1802,2003,2996.0,1016.0,0.5913010000000001,0.8489979999999999,EST,UKR,9013
2226511,74,228,1802,2003,4810.0,0.0,2.077889,0.942501,FIN,UKR,9013
2226512,77,228,1802,2003,23893.0,2564.0,1.606606,0.7394149999999999,FRA,UKR,9013
2226513,81,228,1802,2003,58430.0,867.0,1.8712540000000002,0.706205,GBR,UKR,9013
2226514,97,228,1802,2003,7151.0,0.0,0.494569,2.147062,HKG,UKR,9013
2226515,100,228,1802,2003,0.0,9039.0,0.568394,1.230759,HRV,UKR,9013
2226516,104,228,1802,2003,0.0,1049929.0,0.33014099999999996,2.836003,IND,UKR,9013
2226517,110,228,1802,2003,10204.0,0.0,1.157809,0.682195,ISR,UKR,9013
2226518,111,228,1802,2003,10293.0,2210.0,1.399734,1.044608,ITA,UKR,9013
2226519,114,228,1802,2003,43024.0,0.0,2.4686630000000003,0.48072600000000004,JPN,UKR,9013
2226520,121,228,1802,2003,54596.0,0.0,1.2611709999999998,0.956308,KOR,UKR,9013
2226521,130,228,1802,2003,0.0,2259.0,0.239608,0.517299,LTU,UKR,9013
2226522,132,228,1802,2003,0.0,3594.0,0.520772,0.5631689999999999,LVA,UKR,9013
2226523,135,228,1802,2003,1392.0,0.0,-0.005154,-0.26107199999999997,MDA,UKR,9013
2226524,138,228,1802,2003,0.0,9104.0,0.862509,0.756684,MEX,UKR,9013
2226525,155,228,1802,2003,0.0,1550.0,-0.24004499999999998,-0.39565900000000004,NAM,UKR,9013
2226526,162,228,1802,2003,22394.0,0.0,1.168453,1.7085709999999998,NLD,UKR,9013
2226527,163,228,1802,2003,4953.0,0.0,1.1500620000000001,0.258554,NOR,UKR,9013
2226528,177,228,1802,2003,1581.0,3550.0,0.966622,1.664838,POL,UKR,9013
2226529,186,228,1802,2003,242310.0,2377834.0,1.072729,0.338355,RUS,UKR,9013
2226530,231,228,1802,2003,32289.0,1118348.0,1.7789220000000001,0.064028,USA,UKR,9013
2226531,239,228,1802,2003,0.0,9444.0,-0.633985,0.659696,VNM,UKR,9013
2226532,246,228,1802,2003,0.0,1256.0,0.477987,2.255395,ZAF,UKR,9013
2226533,249,228,1802,2003,193214.0,0.0,1.5924040000000002,1.397843,TWN,UKR,9013
2226534,18,19,1802,2003,1066.0,0.0,1.361682,1.39536,BEL,BEN,9013
2226535,77,19,1802,2003,5337.0,0.0,1.606606,0.7394149999999999,FRA,BEN,9013
2226536,163,19,1802,2003,1057.0,0.0,1.1500620000000001,0.258554,NOR,BEN,9013
2226537,246,19,1802,2003,8748.0,0.0,0.477987,2.255395,ZAF,BEN,9013
2226538,61,37,1802,2003,511.0,0.0,2.2821919999999998,-2.0985150000000004,DEU,BWA,9013
2226539,81,37,1802,2003,3955.0,0.0,1.8712540000000002,0.706205,GBR,BWA,9013
2226540,110,37,1802,2003,76576.0,0.0,1.157809,0.682195,ISR,BWA,9013
2226541,231,37,1802,2003,19757.0,0.0,1.7789220000000001,0.064028,USA,BWA,9013
2226542,246,37,1802,2003,70326.0,498.0,0.477987,2.255395,ZAF,BWA,9013
2226543,18,44,1802,2003,1756.0,0.0,1.361682,1.39536,BEL,CIV,9013
2226544,28,44,1802,2003,401068.0,0.0,0.847358,0.9307719999999999,BLR,CIV,9013
2226545,61,44,1802,2003,894.0,0.0,2.2821919999999998,-2.0985150000000004,DEU,CIV,9013
2226546,77,44,1802,2003,5880.0,2633942.0,1.606606,0.7394149999999999,FRA,CIV,9013
2226547,111,44,1802,2003,5200.0,0.0,1.399734,1.044608,ITA,CIV,9013
2226548,41,45,1802,2003,1229.0,0.0,2.151037,0.711217,CHE,CMR,9013
2226549,43,45,1802,2003,5513.0,0.0,0.579431,2.773139,CHN,CMR,9013
2226550,61,45,1802,2003,905.0,0.0,2.2821919999999998,-2.0985150000000004,DEU,CMR,9013
2226551,77,45,1802,2003,9533.0,0.0,1.606606,0.7394149999999999,FRA,CMR,9013
2226552,114,45,1802,2003,0.0,1856.0,2.4686630000000003,0.48072600000000004,JPN,CMR,9013
2226553,231,45,1802,2003,0.0,65562.0,1.7789220000000001,0.064028,USA,CMR,9013
2226554,249,45,1802,2003,59944.0,0.0,1.5924040000000002,1.397843,TWN,CMR,9013
2226555,18,58,1802,2003,2193.0,0.0,1.361682,1.39536,BEL,CYP,9013
2226556,23,58,1802,2003,2232.0,0.0,0.43308599999999997,1.7104099999999998,BGR,CYP,9013
2226557,41,58,1802,2003,29265.0,0.0,2.151037,0.711217,CHE,CYP,9013
2226558,43,58,1802,2003,21393.0,0.0,0.579431,2.773139,CHN,CYP,9013
2226559,59,58,1802,2003,17176.0,0.0,1.555749,0.8662059999999999,CZE,CYP,9013
2226560,61,58,1802,2003,102000.0,12898.0,2.2821919999999998,-2.0985150000000004,DEU,CYP,9013
2226561,71,58,1802,2003,2764.0,0.0,0.960684,2.074792,ESP,CYP,9013
2226562,77,58,1802,2003,3847113.0,0.0,1.606606,0.7394149999999999,FRA,CYP,9013
2226563,81,58,1802,2003,17746.0,5876.0,1.8712540000000002,0.706205,GBR,CYP,9013
2226564,90,58,1802,2003,27788.0,1022.0,0.364688,1.4823959999999998,GRC,CYP,9013
2226565,97,58,1802,2003,3805.0,0.0,0.494569,2.147062,HKG,CYP,9013
2226566,107,58,1802,2003,0.0,92283.0,-0.552146,-0.8668520000000001,IRN,CYP,9013
2226567,110,58,1802,2003,1490.0,379268.0,1.157809,0.682195,ISR,CYP,9013
2226568,111,58,1802,2003,23239.0,2114.0,1.399734,1.044608,ITA,CYP,9013
2226569,121,58,1802,2003,6348.0,2427.0,1.2611709999999998,0.956308,KOR,CYP,9013
2226570,162,58,1802,2003,3156.0,0.0,1.168453,1.7085709999999998,NLD,CYP,9013
2226571,186,58,1802,2003,226264.0,0.0,1.072729,0.338355,RUS,CYP,9013
2226572,207,58,1802,2003,2226.0,0.0,1.6459840000000001,1.014191,SVN,CYP,9013
2226573,208,58,1802,2003,3021.0,0.0,2.099224,0.799982,SWE,CYP,9013
2226574,224,58,1802,2003,2109.0,0.0,0.192802,1.9855060000000002,TUR,CYP,9013
2226575,231,58,1802,2003,100878.0,1801.0,1.7789220000000001,0.064028,USA,CYP,9013
2226576,14,72,1802,2003,706.0,0.0,0.316879,0.9409489999999999,AUS,EST,9013
2226577,15,72,1802,2003,10041.0,0.0,1.834977,0.408096,AUT,EST,9013
2226578,18,72,1802,2003,18000.0,8633.0,1.361682,1.39536,BEL,EST,9013
2226579,39,72,1802,2003,5158.0,86375.0,0.9791540000000001,1.185081,CAN,EST,9013
2226580,41,72,1802,2003,23935.0,0.0,2.151037,0.711217,CHE,EST,9013
2226581,43,72,1802,2003,56004.0,234154.0,0.579431,2.773139,CHN,EST,9013
2226582,59,72,1802,2003,19497.0,5175.0,1.555749,0.8662059999999999,CZE,EST,9013
2226583,61,72,1802,2003,658772.0,113221.0,2.2821919999999998,-2.0985150000000004,DEU,EST,9013
2226584,64,72,1802,2003,0.0,14523.0,1.309564,1.245596,DNK,EST,9013
2226585,74,72,1802,2003,211457.0,67151.0,2.077889,0.942501,FIN,EST,9013
2226586,77,72,1802,2003,10661.0,9138.0,1.606606,0.7394149999999999,FRA,EST,9013
2226587,81,72,1802,2003,27469.0,0.0,1.8712540000000002,0.706205,GBR,EST,9013
2226588,97,72,1802,2003,1739880.0,0.0,0.494569,2.147062,HKG,EST,9013
2226589,106,72,1802,2003,0.0,17323.0,1.6396130000000002,0.220599,IRL,EST,9013
2226590,111,72,1802,2003,3138.0,3516.0,1.399734,1.044608,ITA,EST,9013
2226591,114,72,1802,2003,328886.0,2418.0,2.4686630000000003,0.48072600000000004,JPN,EST,9013
2226592,121,72,1802,2003,3057.0,0.0,1.2611709999999998,0.956308,KOR,EST,9013
2226593,130,72,1802,2003,158061.0,15297.0,0.239608,0.517299,LTU,EST,9013
2226594,132,72,1802,2003,1037.0,15382.0,0.520772,0.5631689999999999,LVA,EST,9013
2226595,162,72,1802,2003,31519.0,13130.0,1.168453,1.7085709999999998,NLD,EST,9013
2226596,163,72,1802,2003,3561.0,1180.0,1.1500620000000001,0.258554,NOR,EST,9013
2226597,174,72,1802,2003,968.0,0.0,-0.065022,-0.195144,PHL,EST,9013
2226598,186,72,1802,2003,0.0,13842.0,1.072729,0.338355,RUS,EST,9013
2226599,206,72,1802,2003,2468.0,0.0,1.22565,0.915518,SVK,EST,9013
2226600,208,72,1802,2003,69935.0,10133.0,2.099224,0.799982,SWE,EST,9013
2226601,228,72,1802,2003,1016.0,2996.0,0.8929389999999999,0.956685,UKR,EST,9013
2226602,231,72,1802,2003,143438.0,0.0,1.7789220000000001,0.064028,USA,EST,9013
2226603,249,72,1802,2003,8481.0,1947.0,1.5924040000000002,1.397843,TWN,EST,9013
2226604,250,72,1802,2003,193141.0,0.0,0.45951499999999995,-0.2312,ANS,EST,9013
2226605,61,80,1802,2003,850.0,0.0,2.2821919999999998,-2.0985150000000004,DEU,GAB,9013
2226606,77,80,1802,2003,31055.0,0.0,1.606606,0.7394149999999999,FRA,GAB,9013
2226607,192,118,1802,2003,7792.0,0.0,1.5080799999999999,0.720337,SGP,KHM,9013
2226608,249,118,1802,2003,540965.0,0.0,1.5924040000000002,1.397843,TWN,KHM,9013
2226609,14,130,1802,2003,0.0,1737.0,0.316879,0.9409489999999999,AUS,LTU,9013
2226610,15,130,1802,2003,35125.0,91846.0,1.834977,0.408096,AUT,LTU,9013
2226611,18,130,1802,2003,3857.0,12684.0,1.361682,1.39536,BEL,LTU,9013
2226612,28,130,1802,2003,21911.0,3465.0,0.847358,0.9307719999999999,BLR,LTU,9013
2226613,32,130,1802,2003,0.0,1009.0,0.660576,1.118876,BRA,LTU,9013
2226614,39,130,1802,2003,0.0,5604.0,0.9791540000000001,1.185081,CAN,LTU,9013
2226615,41,130,1802,2003,27155.0,5583.0,2.151037,0.711217,CHE,LTU,9013
2226616,43,130,1802,2003,40902.0,51806.0,0.579431,2.773139,CHN,LTU,9013
2226617,59,130,1802,2003,24948.0,23350.0,1.555749,0.8662059999999999,CZE,LTU,9013
2226618,61,130,1802,2003,463865.0,737141.0,2.2821919999999998,-2.0985150000000004,DEU,LTU,9013
2226619,64,130,1802,2003,0.0,57336.0,1.309564,1.245596,DNK,LTU,9013
2226620,68,130,1802,2003,0.0,4344.0,-0.292923,0.465433,EGY,LTU,9013
2226621,71,130,1802,2003,15910.0,13120.0,0.960684,2.074792,ESP,LTU,9013
2226622,72,130,1802,2003,15297.0,158061.0,0.5913010000000001,0.8489979999999999,EST,LTU,9013
2226623,74,130,1802,2003,16926.0,4241.0,2.077889,0.942501,FIN,LTU,9013
2226624,77,130,1802,2003,0.0,237837.0,1.606606,0.7394149999999999,FRA,LTU,9013
2226625,81,130,1802,2003,73347.0,184313.0,1.8712540000000002,0.706205,GBR,LTU,9013
2226626,90,130,1802,2003,0.0,844.0,0.364688,1.4823959999999998,GRC,LTU,9013
2226627,97,130,1802,2003,23251.0,0.0,0.494569,2.147062,HKG,LTU,9013
2226628,102,130,1802,2003,3147.0,1877.0,1.2003270000000001,1.091407,HUN,LTU,9013
2226629,104,130,1802,2003,0.0,57045.0,0.33014099999999996,2.836003,IND,LTU,9013
2226630,106,130,1802,2003,14535.0,17258.0,1.6396130000000002,0.220599,IRL,LTU,9013
2226631,107,130,1802,2003,15356.0,43271.0,-0.552146,-0.8668520000000001,IRN,LTU,9013
2226632,110,130,1802,2003,2754.0,133518.0,1.157809,0.682195,ISR,LTU,9013
2226633,111,130,1802,2003,56615.0,86287.0,1.399734,1.044608,ITA,LTU,9013
2226634,114,130,1802,2003,31218.0,268500.0,2.4686630000000003,0.48072600000000004,JPN,LTU,9013
2226635,121,130,1802,2003,42773.0,341857.0,1.2611709999999998,0.956308,KOR,LTU,9013
2226636,132,130,1802,2003,0.0,9205.0,0.520772,0.5631689999999999,LVA,LTU,9013
2226637,138,130,1802,2003,0.0,1951.0,0.862509,0.756684,MEX,LTU,9013
2226638,153,130,1802,2003,449.0,971.0,0.728804,0.2168,MYS,LTU,9013
2226639,162,130,1802,2003,8191.0,65714.0,1.168453,1.7085709999999998,NLD,LTU,9013
2226640,163,130,1802,2003,738.0,15243.0,1.1500620000000001,0.258554,NOR,LTU,9013
2226641,168,130,1802,2003,0.0,4689.0,-0.6659689999999999,0.137924,PAK,LTU,9013
2226642,177,130,1802,2003,0.0,73056.0,0.966622,1.664838,POL,LTU,9013
2226643,185,130,1802,2003,0.0,19591.0,0.378379,1.0064620000000002,ROU,LTU,9013
2226644,186,130,1802,2003,28499.0,97525.0,1.072729,0.338355,RUS,LTU,9013
2226645,192,130,1802,2003,0.0,9447.0,1.5080799999999999,0.720337,SGP,LTU,9013
2226646,206,130,1802,2003,1418.0,0.0,1.22565,0.915518,SVK,LTU,9013
2226647,207,130,1802,2003,3064.0,7675.0,1.6459840000000001,1.014191,SVN,LTU,9013
2226648,208,130,1802,2003,67112.0,43565.0,2.099224,0.799982,SWE,LTU,9013
2226649,224,130,1802,2003,0.0,19236.0,0.192802,1.9855060000000002,TUR,LTU,9013
2226650,228,130,1802,2003,2259.0,0.0,0.8929389999999999,0.956685,UKR,LTU,9013
2226651,231,130,1802,2003,66325.0,1099102.0,1.7789220000000001,0.064028,USA,LTU,9013
2226652,249,130,1802,2003,31939.0,41834.0,1.5924040000000002,1.397843,TWN,LTU,9013
2226653,15,131,1802,2003,71282.0,2250.0,1.834977,0.408096,AUT,LUX,9013
2226654,18,131,1802,2003,227054.0,54091.0,1.361682,1.39536,BEL,LUX,9013
2226655,39,131,1802,2003,0.0,40440.0,0.9791540000000001,1.185081,CAN,LUX,9013
2226656,41,131,1802,2003,66703.0,16934.0,2.151037,0.711217,CHE,LUX,9013
2226657,43,131,1802,2003,0.0,16914.0,0.579431,2.773139,CHN,LUX,9013
2226658,59,131,1802,2003,0.0,1033.0,1.555749,0.8662059999999999,CZE,LUX,9013
2226659,61,131,1802,2003,746661.0,51615.0,2.2821919999999998,-2.0985150000000004,DEU,LUX,9013
2226660,64,131,1802,2003,2436.0,22362.0,1.309564,1.245596,DNK,LUX,9013
2226661,74,131,1802,2003,4924.0,0.0,2.077889,0.942501,FIN,LUX,9013
2226662,77,131,1802,2003,133609.0,9192.0,1.606606,0.7394149999999999,FRA,LUX,9013
2226663,81,131,1802,2003,13016.0,0.0,1.8712540000000002,0.706205,GBR,LUX,9013
2226664,97,131,1802,2003,1048.0,0.0,0.494569,2.147062,HKG,LUX,9013
2226665,104,131,1802,2003,2053.0,0.0,0.33014099999999996,2.836003,IND,LUX,9013
2226666,110,131,1802,2003,182846.0,0.0,1.157809,0.682195,ISR,LUX,9013
2226667,114,131,1802,2003,686947.0,0.0,2.4686630000000003,0.48072600000000004,JPN,LUX,9013
2226668,121,131,1802,2003,29559.0,0.0,1.2611709999999998,0.956308,KOR,LUX,9013
2226669,162,131,1802,2003,43729.0,0.0,1.168453,1.7085709999999998,NLD,LUX,9013
2226670,166,131,1802,2003,43773.0,0.0,0.589619,0.997301,NZL,LUX,9013
2226671,179,131,1802,2003,33700.0,0.0,0.471376,1.647303,PRT,LUX,9013
2226672,208,131,1802,2003,1454.0,0.0,2.099224,0.799982,SWE,LUX,9013
2226673,231,131,1802,2003,191000.0,98931.0,1.7789220000000001,0.064028,USA,LUX,9013
2226674,249,131,1802,2003,147930.0,0.0,1.5924040000000002,1.397843,TWN,LUX,9013
2226675,18,134,1802,2003,1164.0,0.0,1.361682,1.39536,BEL,MAR,9013
2226676,41,134,1802,2003,804.0,0.0,2.151037,0.711217,CHE,MAR,9013
2226677,43,134,1802,2003,93169.0,0.0,0.579431,2.773139,CHN,MAR,9013
2226678,61,134,1802,2003,147580.0,0.0,2.2821919999999998,-2.0985150000000004,DEU,MAR,9013
2226679,71,134,1802,2003,4565.0,0.0,0.960684,2.074792,ESP,MAR,9013
2226680,77,134,1802,2003,528792.0,0.0,1.606606,0.7394149999999999,FRA,MAR,9013
2226681,81,134,1802,2003,4010.0,0.0,1.8712540000000002,0.706205,GBR,MAR,9013
2226682,111,134,1802,2003,21779.0,2955.0,1.399734,1.044608,ITA,MAR,9013
2226683,114,134,1802,2003,928.0,0.0,2.4686630000000003,0.48072600000000004,JPN,MAR,9013
2226684,162,134,1802,2003,3125.0,0.0,1.168453,1.7085709999999998,NLD,MAR,9013
2226685,231,134,1802,2003,48825.0,0.0,1.7789220000000001,0.064028,USA,MAR,9013
2226686,43,135,1802,2003,9640.0,0.0,0.579431,2.773139,CHN,MDA,9013
2226687,61,135,1802,2003,30903.0,0.0,2.2821919999999998,-2.0985150000000004,DEU,MDA,9013
2226688,71,135,1802,2003,2861.0,0.0,0.960684,2.074792,ESP,MDA,9013
2226689,111,135,1802,2003,5862.0,0.0,1.399734,1.044608,ITA,MDA,9013
2226690,114,135,1802,2003,1452.0,0.0,2.4686630000000003,0.48072600000000004,JPN,MDA,9013
2226691,185,135,1802,2003,0.0,2357.0,0.378379,1.0064620000000002,ROU,MDA,9013
2226692,186,135,1802,2003,0.0,1312.0,1.072729,0.338355,RUS,MDA,9013
2226693,224,135,1802,2003,0.0,11279.0,0.192802,1.9855060000000002,TUR,MDA,9013
2226694,228,135,1802,2003,0.0,1392.0,0.8929389999999999,0.956685,UKR,MDA,9013
2226695,32,142,1802,2003,3666.0,20708.0,0.660576,1.118876,BRA,MLT,9013
2226696,43,142,1802,2003,2859.0,0.0,0.579431,2.773139,CHN,MLT,9013
2226697,61,142,1802,2003,80533.0,9648.0,2.2821919999999998,-2.0985150000000004,DEU,MLT,9013
2226698,71,142,1802,2003,1386.0,1775.0,0.960684,2.074792,ESP,MLT,9013
2226699,81,142,1802,2003,31465.0,3022.0,1.8712540000000002,0.706205,GBR,MLT,9013
2226700,97,142,1802,2003,1702.0,0.0,0.494569,2.147062,HKG,MLT,9013
2226701,102,142,1802,2003,28609.0,0.0,1.2003270000000001,1.091407,HUN,MLT,9013
2226702,111,142,1802,2003,211971.0,10405.0,1.399734,1.044608,ITA,MLT,9013
2226703,114,142,1802,2003,0.0,20033.0,2.4686630000000003,0.48072600000000004,JPN,MLT,9013
2226704,138,142,1802,2003,0.0,18518.0,0.862509,0.756684,MEX,MLT,9013
2226705,153,142,1802,2003,5707.0,0.0,0.728804,0.2168,MYS,MLT,9013
2226706,192,142,1802,2003,0.0,3164.0,1.5080799999999999,0.720337,SGP,MLT,9013
2226707,206,142,1802,2003,10437.0,0.0,1.22565,0.915518,SVK,MLT,9013
2226708,231,142,1802,2003,19211.0,9569.0,1.7789220000000001,0.064028,USA,MLT,9013
2226709,231,147,1802,2003,2257.0,0.0,1.7789220000000001,0.064028,USA,MOZ,9013
2226710,246,147,1802,2003,58299.0,0.0,0.477987,2.255395,ZAF,MOZ,9013
2226711,15,155,1802,2003,7292.0,0.0,1.834977,0.408096,AUT,NAM,9013
2226712,32,155,1802,2003,0.0,16840.0,0.660576,1.118876,BRA,NAM,9013
2226713,61,155,1802,2003,12470.0,0.0,2.2821919999999998,-2.0985150000000004,DEU,NAM,9013
2226714,77,155,1802,2003,5683.0,1401.0,1.606606,0.7394149999999999,FRA,NAM,9013
2226715,114,155,1802,2003,1408.0,1196.0,2.4686630000000003,0.48072600000000004,JPN,NAM,9013
2226716,228,155,1802,2003,1550.0,0.0,0.8929389999999999,0.956685,UKR,NAM,9013
2226717,231,155,1802,2003,67323.0,0.0,1.7789220000000001,0.064028,USA,NAM,9013
2226718,246,155,1802,2003,62333.0,818.0,0.477987,2.255395,ZAF,NAM,9013
2226719,250,155,1802,2003,0.0,106297.0,0.45951499999999995,-0.2312,ANS,NAM,9013
2226720,18,159,1802,2003,7684.0,0.0,1.361682,1.39536,BEL,NGA,9013
2226721,41,159,1802,2003,2403.0,0.0,2.151037,0.711217,CHE,NGA,9013
2226722,43,159,1802,2003,13184.0,0.0,0.579431,2.773139,CHN,NGA,9013
2226723,61,159,1802,2003,9015.0,0.0,2.2821919999999998,-2.0985150000000004,DEU,NGA,9013
2226724,71,159,1802,2003,978.0,0.0,0.960684,2.074792,ESP,NGA,9013
2226725,81,159,1802,2003,55342.0,2474.0,1.8712540000000002,0.706205,GBR,NGA,9013
2226726,104,159,1802,2003,24272.0,0.0,0.33014099999999996,2.836003,IND,NGA,9013
2226727,121,159,1802,2003,8509.0,0.0,1.2611709999999998,0.956308,KOR,NGA,9013
2226728,162,159,1802,2003,46950.0,0.0,1.168453,1.7085709999999998,NLD,NGA,9013
2226729,231,159,1802,2003,41243.0,0.0,1.7789220000000001,0.064028,USA,NGA,9013
2226730,77,191,1802,2003,16367.0,0.0,1.606606,0.7394149999999999,FRA,SEN,9013
2226731,162,191,1802,2003,1078.0,0.0,1.168453,1.7085709999999998,NLD,SEN,9013
2226732,77,203,1802,2003,18763.0,0.0,1.606606,0.7394149999999999,FRA,STP,9013
2226733,77,215,1802,2003,7278.0,0.0,1.606606,0.7394149999999999,FRA,TGO,9013
2226734,231,215,1802,2003,5061.0,0.0,1.7789220000000001,0.064028,USA,TGO,9013
2226735,15,226,1802,2003,1477.0,0.0,1.834977,0.408096,AUT,TZA,9013
2226736,61,226,1802,2003,2508.0,0.0,2.2821919999999998,-2.0985150000000004,DEU,TZA,9013
2226737,81,226,1802,2003,79151.0,0.0,1.8712540000000002,0.706205,GBR,TZA,9013
2226738,103,226,1802,2003,8631.0,0.0,-0.16802,1.7252990000000001,IDN,TZA,9013
2226739,111,226,1802,2003,7860.0,0.0,1.399734,1.044608,ITA,TZA,9013
2226740,231,226,1802,2003,5135.0,0.0,1.7789220000000001,0.064028,USA,TZA,9013
2226741,246,226,1802,2003,5182.0,0.0,0.477987,2.255395,ZAF,TZA,9013
2226742,14,239,1802,2003,1532.0,0.0,0.316879,0.9409489999999999,AUS,VNM,9013
2226743,15,239,1802,2003,22097.0,0.0,1.834977,0.408096,AUT,VNM,9013
2226744,41,239,1802,2003,3684.0,0.0,2.151037,0.711217,CHE,VNM,9013
2226745,43,239,1802,2003,122452.0,200055.0,0.579431,2.773139,CHN,VNM,9013
2226746,61,239,1802,2003,1063497.0,0.0,2.2821919999999998,-2.0985150000000004,DEU,VNM,9013
2226747,77,239,1802,2003,27640.0,0.0,1.606606,0.7394149999999999,FRA,VNM,9013
2226748,81,239,1802,2003,167275.0,0.0,1.8712540000000002,0.706205,GBR,VNM,9013
2226749,97,239,1802,2003,727883.0,0.0,0.494569,2.147062,HKG,VNM,9013
2226750,111,239,1802,2003,33820.0,0.0,1.399734,1.044608,ITA,VNM,9013
2226751,114,239,1802,2003,987635.0,571651.0,2.4686630000000003,0.48072600000000004,JPN,VNM,9013
2226752,121,239,1802,2003,5253.0,0.0,1.2611709999999998,0.956308,KOR,VNM,9013
2226753,153,239,1802,2003,23232.0,0.0,0.728804,0.2168,MYS,VNM,9013
2226754,163,239,1802,2003,0.0,5050.0,1.1500620000000001,0.258554,NOR,VNM,9013
2226755,174,239,1802,2003,50733.0,0.0,-0.065022,-0.195144,PHL,VNM,9013
2226756,186,239,1802,2003,1752.0,0.0,1.072729,0.338355,RUS,VNM,9013
2226757,192,239,1802,2003,120285.0,0.0,1.5080799999999999,0.720337,SGP,VNM,9013
2226758,216,239,1802,2003,4413.0,0.0,0.43010699999999996,1.607408,THA,VNM,9013
2226759,228,239,1802,2003,9444.0,0.0,0.8929389999999999,0.956685,UKR,VNM,9013
2226760,231,239,1802,2003,20406.0,0.0,1.7789220000000001,0.064028,USA,VNM,9013
2226761,249,239,1802,2003,7953.0,3327851.0,1.5924040000000002,1.397843,TWN,VNM,9013
2226762,61,247,1802,2003,2493.0,0.0,2.2821919999999998,-2.0985150000000004,DEU,ZMB,9013
2226763,192,247,1802,2003,724.0,0.0,1.5080799999999999,0.720337,SGP,ZMB,9013
2226764,246,247,1802,2003,18408.0,0.0,0.477987,2.255395,ZAF,ZMB,9013
2226765,114,13,1802,2003,3115.0,0.0,2.4686630000000003,0.48072600000000004,JPN,ATG,9013
2226766,231,120,1802,2003,12490.0,0.0,1.7789220000000001,0.064028,USA,KNA,9013
2226767,81,127,1802,2003,2104.0,0.0,1.8712540000000002,0.706205,GBR,LCA,9013
2226768,111,48,1802,2003,19795.0,0.0,1.399734,1.044608,ITA,COK,9013
2226769,231,63,1802,2003,39598.0,0.0,1.7789220000000001,0.064028,USA,DMA,9013
2226770,18,66,1802,2003,15138.0,0.0,1.361682,1.39536,BEL,DZA,9013
2226771,23,66,1802,2003,12317.0,0.0,0.43308599999999997,1.7104099999999998,BGR,DZA,9013
2226772,28,66,1802,2003,238961.0,0.0,0.847358,0.9307719999999999,BLR,DZA,9013
2226773,41,66,1802,2003,301158.0,0.0,2.151037,0.711217,CHE,DZA,9013
2226774,43,66,1802,2003,46892.0,0.0,0.579431,2.773139,CHN,DZA,9013
2226775,61,66,1802,2003,1597706.0,0.0,2.2821919999999998,-2.0985150000000004,DEU,DZA,9013
2226776,74,66,1802,2003,189358.0,0.0,2.077889,0.942501,FIN,DZA,9013
2226777,77,66,1802,2003,289122.0,0.0,1.606606,0.7394149999999999,FRA,DZA,9013
2226778,81,66,1802,2003,13090.0,0.0,1.8712540000000002,0.706205,GBR,DZA,9013
2226779,104,66,1802,2003,2208.0,0.0,0.33014099999999996,2.836003,IND,DZA,9013
2226780,111,66,1802,2003,2145.0,0.0,1.399734,1.044608,ITA,DZA,9013
2226781,114,66,1802,2003,2651.0,0.0,2.4686630000000003,0.48072600000000004,JPN,DZA,9013
2226782,162,66,1802,2003,24298.0,0.0,1.168453,1.7085709999999998,NLD,DZA,9013
2226783,186,66,1802,2003,14109.0,0.0,1.072729,0.338355,RUS,DZA,9013
2226784,231,66,1802,2003,189705.0,0.0,1.7789220000000001,0.064028,USA,DZA,9013
2226785,246,66,1802,2003,19942.0,0.0,0.477987,2.255395,ZAF,DZA,9013
2226786,15,82,1802,2003,1679.0,0.0,1.834977,0.408096,AUT,GEO,9013
2226787,61,82,1802,2003,3774.0,0.0,2.2821919999999998,-2.0985150000000004,DEU,GEO,9013
2226788,121,82,1802,2003,1107.0,0.0,1.2611709999999998,0.956308,KOR,GEO,9013
2226789,231,82,1802,2003,8512.0,0.0,1.7789220000000001,0.064028,USA,GEO,9013
2226790,15,108,1802,2003,15652.0,0.0,1.834977,0.408096,AUT,IRQ,9013
2226791,23,108,1802,2003,36477.0,0.0,0.43308599999999997,1.7104099999999998,BGR,IRQ,9013
2226792,61,108,1802,2003,43279.0,0.0,2.2821919999999998,-2.0985150000000004,DEU,IRQ,9013
2226793,224,108,1802,2003,4126.0,0.0,0.192802,1.9855060000000002,TUR,IRQ,9013
2226794,231,108,1802,2003,516108.0,0.0,1.7789220000000001,0.064028,USA,IRQ,9013
2226795,15,109,1802,2003,1048.0,0.0,1.834977,0.408096,AUT,ISL,9013
2226796,18,109,1802,2003,26976.0,0.0,1.361682,1.39536,BEL,ISL,9013
2226797,39,109,1802,2003,31909.0,0.0,0.9791540000000001,1.185081,CAN,ISL,9013
2226798,41,109,1802,2003,2653.0,0.0,2.151037,0.711217,CHE,ISL,9013
2226799,43,109,1802,2003,5970.0,0.0,0.579431,2.773139,CHN,ISL,9013
2226800,59,109,1802,2003,13294.0,0.0,1.555749,0.8662059999999999,CZE,ISL,9013
2226801,61,109,1802,2003,100297.0,0.0,2.2821919999999998,-2.0985150000000004,DEU,ISL,9013
2226802,64,109,1802,2003,14843.0,6334.0,1.309564,1.245596,DNK,ISL,9013
2226803,74,109,1802,2003,2338.0,4151.0,2.077889,0.942501,FIN,ISL,9013
2226804,77,109,1802,2003,1936.0,0.0,1.606606,0.7394149999999999,FRA,ISL,9013
2226805,81,109,1802,2003,4745.0,0.0,1.8712540000000002,0.706205,GBR,ISL,9013
2226806,111,109,1802,2003,3145.0,0.0,1.399734,1.044608,ITA,ISL,9013
2226807,114,109,1802,2003,5070.0,0.0,2.4686630000000003,0.48072600000000004,JPN,ISL,9013
2226808,121,109,1802,2003,1094.0,0.0,1.2611709999999998,0.956308,KOR,ISL,9013
2226809,162,109,1802,2003,36710.0,0.0,1.168453,1.7085709999999998,NLD,ISL,9013
2226810,163,109,1802,2003,5310.0,0.0,1.1500620000000001,0.258554,NOR,ISL,9013
2226811,208,109,1802,2003,17197.0,1641.0,2.099224,0.799982,SWE,ISL,9013
2226812,231,109,1802,2003,88821.0,2136.0,1.7789220000000001,0.064028,USA,ISL,9013
2226813,246,109,1802,2003,0.0,496567.0,0.477987,2.255395,ZAF,ISL,9013
2226814,249,109,1802,2003,374.0,0.0,1.5924040000000002,1.397843,TWN,ISL,9013
2226815,15,140,1802,2003,973.0,0.0,1.834977,0.408096,AUT,MKD,9013
2226816,61,140,1802,2003,39737.0,0.0,2.2821919999999998,-2.0985150000000004,DEU,MKD,9013
2226817,81,140,1802,2003,67354.0,0.0,1.8712540000000002,0.706205,GBR,MKD,9013
2226818,102,140,1802,2003,898.0,0.0,1.2003270000000001,1.091407,HUN,MKD,9013
2226819,111,140,1802,2003,1216.0,0.0,1.399734,1.044608,ITA,MKD,9013
2226820,162,140,1802,2003,14047.0,0.0,1.168453,1.7085709999999998,NLD,MKD,9013
2226821,189,140,1802,2003,1894.0,0.0,0.575326,1.627894,SCG,MKD,9013
2226822,207,140,1802,2003,9768.0,0.0,1.6459840000000001,1.014191,SVN,MKD,9013
2226823,231,140,1802,2003,1813.0,0.0,1.7789220000000001,0.064028,USA,MKD,9013
2226824,81,164,1802,2003,3297.0,0.0,1.8712540000000002,0.706205,GBR,NPL,9013
2226825,104,164,1802,2003,1598.0,11418.0,0.33014099999999996,2.836003,IND,NPL,9013
2226826,110,164,1802,2003,966045.0,0.0,1.157809,0.682195,ISR,NPL,9013
2226827,114,164,1802,2003,1559.0,0.0,2.4686630000000003,0.48072600000000004,JPN,NPL,9013
2226828,128,164,1802,2003,2140.0,0.0,-0.618057,0.101931,LKA,NPL,9013
2226829,231,164,1802,2003,19432.0,0.0,1.7789220000000001,0.064028,USA,NPL,9013
2226830,32,178,1802,2003,0.0,7789.0,0.660576,1.118876,BRA,PRK,9013
2226831,39,178,1802,2003,76623.0,0.0,0.9791540000000001,1.185081,CAN,PRK,9013
2226832,61,178,1802,2003,24600.0,0.0,2.2821919999999998,-2.0985150000000004,DEU,PRK,9013
2226833,64,178,1802,2003,12404.0,0.0,1.309564,1.245596,DNK,PRK,9013
2226834,97,178,1802,2003,13375.0,0.0,0.494569,2.147062,HKG,PRK,9013
2226835,104,178,1802,2003,2837.0,0.0,0.33014099999999996,2.836003,IND,PRK,9013
2226836,114,178,1802,2003,1834.0,0.0,2.4686630000000003,0.48072600000000004,JPN,PRK,9013
2226837,186,178,1802,2003,0.0,79499.0,1.072729,0.338355,RUS,PRK,9013
2226838,249,178,1802,2003,0.0,2623.0,1.5924040000000002,1.397843,TWN,PRK,9013
2226839,15,189,1802,2003,92685.0,0.0,1.834977,0.408096,AUT,SCG,9013
2226840,28,189,1802,2003,5805.0,0.0,0.847358,0.9307719999999999,BLR,SCG,9013
2226841,41,189,1802,2003,1085.0,11449.0,2.151037,0.711217,CHE,SCG,9013
2226842,43,189,1802,2003,6074.0,0.0,0.579431,2.773139,CHN,SCG,9013
2226843,61,189,1802,2003,181720.0,1727.0,2.2821919999999998,-2.0985150000000004,DEU,SCG,9013
2226844,64,189,1802,2003,5877.0,0.0,1.309564,1.245596,DNK,SCG,9013
2226845,71,189,1802,2003,2595.0,0.0,0.960684,2.074792,ESP,SCG,9013
2226846,77,189,1802,2003,3396.0,0.0,1.606606,0.7394149999999999,FRA,SCG,9013
2226847,81,189,1802,2003,108429.0,0.0,1.8712540000000002,0.706205,GBR,SCG,9013
2226848,97,189,1802,2003,6416.0,0.0,0.494569,2.147062,HKG,SCG,9013
2226849,102,189,1802,2003,7000.0,0.0,1.2003270000000001,1.091407,HUN,SCG,9013
2226850,110,189,1802,2003,2093000.0,0.0,1.157809,0.682195,ISR,SCG,9013
2226851,111,189,1802,2003,53530.0,0.0,1.399734,1.044608,ITA,SCG,9013
2226852,140,189,1802,2003,0.0,1894.0,-0.017632,0.225394,MKD,SCG,9013
2226853,162,189,1802,2003,6786.0,0.0,1.168453,1.7085709999999998,NLD,SCG,9013
2226854,207,189,1802,2003,8799.0,5251.0,1.6459840000000001,1.014191,SVN,SCG,9013
2226855,208,189,1802,2003,0.0,223194.0,2.099224,0.799982,SWE,SCG,9013
2226856,231,189,1802,2003,198370.0,0.0,1.7789220000000001,0.064028,USA,SCG,9013
2226857,32,209,1802,2003,0.0,11141.0,0.660576,1.118876,BRA,SWZ,9013
2226858,64,209,1802,2003,659.0,0.0,1.309564,1.245596,DNK,SWZ,9013
2226859,121,209,1802,2003,28958.0,0.0,1.2611709999999998,0.956308,KOR,SWZ,9013
2226860,231,209,1802,2003,2069.0,0.0,1.7789220000000001,0.064028,USA,SWZ,9013
2226861,246,209,1802,2003,281461.0,242.0,0.477987,2.255395,ZAF,SWZ,9013
2226862,61,219,1802,2003,39238.0,0.0,2.2821919999999998,-2.0985150000000004,DEU,TKM,9013
2226863,186,219,1802,2003,1194.0,0.0,1.072729,0.338355,RUS,TKM,9013
2226864,8,250,1802,2003,0.0,20233.0,0.302073,0.49069700000000005,ARG,ANS,9013
2226865,23,250,1802,2003,0.0,9440.0,0.43308599999999997,1.7104099999999998,BGR,ANS,9013
2226866,26,250,1802,2003,0.0,69.0,0.195667,0.347011,BIH,ANS,9013
2226867,42,250,1802,2003,0.0,9277.0,-0.06375900000000001,-0.156808,CHL,ANS,9013
2226868,43,250,1802,2003,0.0,25682.0,0.579431,2.773139,CHN,ANS,9013
2226869,49,250,1802,2003,0.0,121838.0,0.218336,0.376869,COL,ANS,9013
2226870,61,250,1802,2003,97545.0,1310.0,2.2821919999999998,-2.0985150000000004,DEU,ANS,9013
2226871,72,250,1802,2003,0.0,193141.0,0.5913010000000001,0.8489979999999999,EST,ANS,9013
2226872,77,250,1802,2003,0.0,4273071.0,1.606606,0.7394149999999999,FRA,ANS,9013
2226873,78,250,1802,2003,0.0,4509.0,-0.46422299999999994,-0.8072050000000001,FRO,ANS,9013
2226874,93,250,1802,2003,0.0,1605.0,-0.444162,0.145319,GTM,ANS,9013
2226875,104,250,1802,2003,0.0,28578.0,0.33014099999999996,2.836003,IND,ANS,9013
2226876,110,250,1802,2003,9789000.0,41486.0,1.157809,0.682195,ISR,ANS,9013
2226877,111,250,1802,2003,597001.0,0.0,1.399734,1.044608,ITA,ANS,9013
2226878,114,250,1802,2003,0.0,5335.0,2.4686630000000003,0.48072600000000004,JPN,ANS,9013
2226879,121,250,1802,2003,0.0,1086.0,1.2611709999999998,0.956308,KOR,ANS,9013
2226880,124,250,1802,2003,0.0,1167.0,0.261687,1.053856,LBN,ANS,9013
2226881,138,250,1802,2003,3900.0,32426.0,0.862509,0.756684,MEX,ANS,9013
2226882,155,250,1802,2003,106297.0,0.0,-0.24004499999999998,-0.39565900000000004,NAM,ANS,9013
2226883,162,250,1802,2003,596.0,0.0,1.168453,1.7085709999999998,NLD,ANS,9013
2226884,166,250,1802,2003,0.0,157683.0,0.589619,0.997301,NZL,ANS,9013
2226885,169,250,1802,2003,0.0,2496.0,-0.050386,-0.039619999999999995,PAN,ANS,9013
2226886,185,250,1802,2003,0.0,1084.0,0.378379,1.0064620000000002,ROU,ANS,9013
2226887,188,250,1802,2003,1247.0,148182.0,0.202286,-0.714691,SAU,ANS,9013
2226888,206,250,1802,2003,0.0,10563.0,1.22565,0.915518,SVK,ANS,9013
2226889,223,250,1802,2003,1021.0,0.0,-0.14845999999999998,0.255092,TUN,ANS,9013
2226890,246,250,1802,2003,0.0,13064.0,0.477987,2.255395,ZAF,ANS,9013
2226891,249,250,1802,2003,220697.0,63092474.0,1.5924040000000002,1.397843,TWN,ANS,9013
2226892,43,133,1802,2003,386324.0,11213.0,0.579431,2.773139,CHN,MAC,9013
2226893,61,133,1802,2003,2819.0,215721.0,2.2821919999999998,-2.0985150000000004,DEU,MAC,9013
2226894,77,133,1802,2003,0.0,12628.0,1.606606,0.7394149999999999,FRA,MAC,9013
2226895,81,133,1802,2003,27334.0,21761.0,1.8712540000000002,0.706205,GBR,MAC,9013
2226896,97,133,1802,2003,0.0,15672.0,0.494569,2.147062,HKG,MAC,9013
2226897,102,133,1802,2003,912.0,0.0,1.2003270000000001,1.091407,HUN,MAC,9013
2226898,111,133,1802,2003,0.0,21326.0,1.399734,1.044608,ITA,MAC,9013
2226899,114,133,1802,2003,60774.0,217749.0,2.4686630000000003,0.48072600000000004,JPN,MAC,9013
2226900,121,133,1802,2003,0.0,4732.0,1.2611709999999998,0.956308,KOR,MAC,9013
2226901,162,133,1802,2003,0.0,2649.0,1.168453,1.7085709999999998,NLD,MAC,9013
2226902,192,133,1802,2003,0.0,1384.0,1.5080799999999999,0.720337,SGP,MAC,9013
2226903,231,133,1802,2003,365926.0,154127.0,1.7789220000000001,0.064028,USA,MAC,9013
2226904,249,133,1802,2003,5185410.0,5425.0,1.5924040000000002,1.397843,TWN,MAC,9013
2226905,41,148,1802,2003,50811.0,0.0,2.151037,0.711217,CHE,MRT,9013
2226906,77,148,1802,2003,1824.0,0.0,1.606606,0.7394149999999999,FRA,MRT,9013
2226907,61,0,1802,2003,1011.0,0.0,2.2821919999999998,-2.0985150000000004,DEU,ABW,9013
2226908,162,0,1802,2003,0.0,1131.0,1.168453,1.7085709999999998,NLD,ABW,9013
2226909,231,0,1802,2003,7805.0,0.0,1.7789220000000001,0.064028,USA,ABW,9013
2226910,61,3,1802,2003,4907.0,0.0,2.2821919999999998,-2.0985150000000004,DEU,AIA,9013
2226911,231,29,1802,2003,89570.0,0.0,1.7789220000000001,0.064028,USA,BLZ,9013
2226912,32,31,1802,2003,1440.0,0.0,0.660576,1.118876,BRA,BOL,9013
2226913,42,31,1802,2003,14723.0,0.0,-0.06375900000000001,-0.156808,CHL,BOL,9013
2226914,43,31,1802,2003,952.0,0.0,0.579431,2.773139,CHN,BOL,9013
2226915,61,31,1802,2003,3441.0,0.0,2.2821919999999998,-2.0985150000000004,DEU,BOL,9013
2226916,71,31,1802,2003,768.0,0.0,0.960684,2.074792,ESP,BOL,9013
2226917,97,31,1802,2003,1499.0,0.0,0.494569,2.147062,HKG,BOL,9013
2226918,114,31,1802,2003,36830.0,0.0,2.4686630000000003,0.48072600000000004,JPN,BOL,9013
2226919,231,31,1802,2003,91892.0,0.0,1.7789220000000001,0.064028,USA,BOL,9013
2226920,61,136,1802,2003,2316.0,0.0,2.2821919999999998,-2.0985150000000004,DEU,MDG,9013
2226921,77,136,1802,2003,20387.0,0.0,1.606606,0.7394149999999999,FRA,MDG,9013
2226922,192,136,1802,2003,830.0,0.0,1.5080799999999999,0.720337,SGP,MDG,9013
2226923,231,136,1802,2003,7207.0,0.0,1.7789220000000001,0.064028,USA,MDG,9013
2226924,43,160,1802,2003,1308.0,0.0,0.579431,2.773139,CHN,NIC,9013
2226925,71,160,1802,2003,34356.0,0.0,0.960684,2.074792,ESP,NIC,9013
2226926,97,160,1802,2003,703.0,0.0,0.494569,2.147062,HKG,NIC,9013
2226927,114,160,1802,2003,1151.0,0.0,2.4686630000000003,0.48072600000000004,JPN,NIC,9013
2226928,138,160,1802,2003,2195.0,0.0,0.862509,0.756684,MEX,NIC,9013
2226929,231,160,1802,2003,23139.0,0.0,1.7789220000000001,0.064028,USA,NIC,9013
2226930,14,182,1802,2003,10077.0,26991.0,0.316879,0.9409489999999999,AUS,PYF,9013
2226931,15,182,1802,2003,2938.0,0.0,1.834977,0.408096,AUT,PYF,9013
2226932,43,182,1802,2003,1362.0,0.0,0.579431,2.773139,CHN,PYF,9013
2226933,61,182,1802,2003,3167.0,0.0,2.2821919999999998,-2.0985150000000004,DEU,PYF,9013
2226934,71,182,1802,2003,1549.0,0.0,0.960684,2.074792,ESP,PYF,9013
2226935,77,182,1802,2003,24190.0,3056.0,1.606606,0.7394149999999999,FRA,PYF,9013
2226936,111,182,1802,2003,1325.0,0.0,1.399734,1.044608,ITA,PYF,9013
2226937,156,182,1802,2003,50039.0,0.0,-0.344934,-0.776632,NCL,PYF,9013
2226938,166,182,1802,2003,1577.0,0.0,0.589619,0.997301,NZL,PYF,9013
2226939,231,182,1802,2003,1508.0,0.0,1.7789220000000001,0.064028,USA,PYF,9013
2226940,39,1,1802,2003,0.0,3548.0,0.9791540000000001,1.185081,CAN,AFG,9013
2226941,59,1,1802,2003,1752.0,0.0,1.555749,0.8662059999999999,CZE,AFG,9013
2226942,61,1,1802,2003,0.0,135864.0,2.2821919999999998,-2.0985150000000004,DEU,AFG,9013
2226943,231,1,1802,2003,1362893.0,0.0,1.7789220000000001,0.064028,USA,AFG,9013
2226944,15,4,1802,2003,2941.0,0.0,1.834977,0.408096,AUT,ALB,9013
2226945,39,4,1802,2003,1222.0,0.0,0.9791540000000001,1.185081,CAN,ALB,9013
2226946,41,4,1802,2003,1840.0,0.0,2.151037,0.711217,CHE,ALB,9013
2226947,43,4,1802,2003,20773.0,0.0,0.579431,2.773139,CHN,ALB,9013
2226948,61,4,1802,2003,3646.0,0.0,2.2821919999999998,-2.0985150000000004,DEU,ALB,9013
2226949,111,4,1802,2003,7031.0,0.0,1.399734,1.044608,ITA,ALB,9013
2226950,224,4,1802,2003,1777.0,0.0,0.192802,1.9855060000000002,TUR,ALB,9013
2226951,15,5,1802,2003,2929.0,0.0,1.834977,0.408096,AUT,AND,9013
2226952,43,5,1802,2003,174.0,0.0,0.579431,2.773139,CHN,AND,9013
2226953,59,5,1802,2003,3344.0,0.0,1.555749,0.8662059999999999,CZE,AND,9013
2226954,61,5,1802,2003,100273.0,0.0,2.2821919999999998,-2.0985150000000004,DEU,AND,9013
2226955,64,5,1802,2003,1454.0,0.0,1.309564,1.245596,DNK,AND,9013
2226956,71,5,1802,2003,268259.0,0.0,0.960684,2.074792,ESP,AND,9013
2226957,77,5,1802,2003,180358.0,0.0,1.606606,0.7394149999999999,FRA,AND,9013
2226958,111,5,1802,2003,1427.0,0.0,1.399734,1.044608,ITA,AND,9013
2226959,114,5,1802,2003,42151.0,0.0,2.4686630000000003,0.48072600000000004,JPN,AND,9013
2226960,121,5,1802,2003,76.0,0.0,1.2611709999999998,0.956308,KOR,AND,9013
2226961,231,5,1802,2003,3487.0,0.0,1.7789220000000001,0.064028,USA,AND,9013
2226962,249,5,1802,2003,421.0,0.0,1.5924040000000002,1.397843,TWN,AND,9013
2226963,28,9,1802,2003,3685.0,0.0,0.847358,0.9307719999999999,BLR,ARM,9013
2226964,61,9,1802,2003,130221.0,774.0,2.2821919999999998,-2.0985150000000004,DEU,ARM,9013
2226965,77,9,1802,2003,1099.0,0.0,1.606606,0.7394149999999999,FRA,ARM,9013
2226966,110,9,1802,2003,0.0,13903.0,1.157809,0.682195,ISR,ARM,9013
2226967,121,9,1802,2003,2889.0,861.0,1.2611709999999998,0.956308,KOR,ARM,9013
2226968,231,9,1802,2003,19718.0,617.0,1.7789220000000001,0.064028,USA,ARM,9013
2226969,77,17,1802,2003,2713.0,0.0,1.606606,0.7394149999999999,FRA,BDI,9013
2226970,77,21,1802,2003,2657.0,0.0,1.606606,0.7394149999999999,FRA,BFA,9013
2226971,14,24,1802,2003,1889.0,0.0,0.316879,0.9409489999999999,AUS,BHR,9013
2226972,15,24,1802,2003,1507.0,754.0,1.834977,0.408096,AUT,BHR,9013
2226973,61,24,1802,2003,222768.0,0.0,2.2821919999999998,-2.0985150000000004,DEU,BHR,9013
2226974,81,24,1802,2003,26320.0,12975.0,1.8712540000000002,0.706205,GBR,BHR,9013
2226975,104,24,1802,2003,1586.0,0.0,0.33014099999999996,2.836003,IND,BHR,9013
2226976,111,24,1802,2003,1440.0,0.0,1.399734,1.044608,ITA,BHR,9013
2226977,114,24,1802,2003,57171.0,0.0,2.4686630000000003,0.48072600000000004,JPN,BHR,9013
2226978,121,24,1802,2003,5498.0,0.0,1.2611709999999998,0.956308,KOR,BHR,9013
2226979,162,24,1802,2003,59237.0,0.0,1.168453,1.7085709999999998,NLD,BHR,9013
2226980,192,24,1802,2003,2386.0,0.0,1.5080799999999999,0.720337,SGP,BHR,9013
2226981,224,24,1802,2003,19719.0,0.0,0.192802,1.9855060000000002,TUR,BHR,9013
2226982,231,24,1802,2003,629899.0,0.0,1.7789220000000001,0.064028,USA,BHR,9013
2226983,249,24,1802,2003,1919.0,0.0,1.5924040000000002,1.397843,TWN,BHR,9013
2226984,43,34,1802,2003,756.0,0.0,0.579431,2.773139,CHN,BRN,9013
2226985,153,34,1802,2003,7587.0,153.0,0.728804,0.2168,MYS,BRN,9013
2226986,192,34,1802,2003,135339.0,0.0,1.5080799999999999,0.720337,SGP,BRN,9013
2226987,231,34,1802,2003,5500.0,0.0,1.7789220000000001,0.064028,USA,BRN,9013
2226988,77,62,1802,2003,15846.0,5737.0,1.606606,0.7394149999999999,FRA,DJI,9013
2226989,231,62,1802,2003,9477.0,0.0,1.7789220000000001,0.064028,USA,DJI,9013
2226990,81,69,1802,2003,299665.0,0.0,1.8712540000000002,0.706205,GBR,ERI,9013
2226991,121,69,1802,2003,0.0,8904.0,1.2611709999999998,0.956308,KOR,ERI,9013
2226992,153,69,1802,2003,6891.0,0.0,0.728804,0.2168,MYS,ERI,9013
2226993,188,69,1802,2003,1679.0,0.0,0.202286,-0.714691,SAU,ERI,9013
2226994,231,69,1802,2003,1484.0,0.0,1.7789220000000001,0.064028,USA,ERI,9013
2226995,43,73,1802,2003,1086.0,0.0,0.579431,2.773139,CHN,ETH,9013
2226996,61,73,1802,2003,5620.0,0.0,2.2821919999999998,-2.0985150000000004,DEU,ETH,9013
2226997,81,73,1802,2003,17666.0,0.0,1.8712540000000002,0.706205,GBR,ETH,9013
2226998,104,73,1802,2003,2253.0,0.0,0.33014099999999996,2.836003,IND,ETH,9013
2226999,110,73,1802,2003,0.0,6249.0,1.157809,0.682195,ISR,ETH,9013
2227000,114,73,1802,2003,1645.0,0.0,2.4686630000000003,0.48072600000000004,JPN,ETH,9013
2227001,116,73,1802,2003,2470.0,0.0,-0.3531,0.582992,KEN,ETH,9013
2227002,162,73,1802,2003,7993.0,0.0,1.168453,1.7085709999999998,NLD,ETH,9013
2227003,231,73,1802,2003,3135.0,0.0,1.7789220000000001,0.064028,USA,ETH,9013
2227004,14,75,1802,2003,2521.0,3982.0,0.316879,0.9409489999999999,AUS,FJI,9013
2227005,61,75,1802,2003,1231.0,0.0,2.2821919999999998,-2.0985150000000004,DEU,FJI,9013
2227006,71,75,1802,2003,2295.0,0.0,0.960684,2.074792,ESP,FJI,9013
2227007,166,75,1802,2003,2173.0,0.0,0.589619,0.997301,NZL,FJI,9013
2227008,231,75,1802,2003,6180.0,0.0,1.7789220000000001,0.064028,USA,FJI,9013
2227009,208,87,1802,2003,1068.0,0.0,2.099224,0.799982,SWE,GMB,9013
2227010,41,126,1802,2003,2604.0,0.0,2.151037,0.711217,CHE,LBY,9013
2227011,61,126,1802,2003,580538.0,12889.0,2.2821919999999998,-2.0985150000000004,DEU,LBY,9013
2227012,81,126,1802,2003,11183.0,0.0,1.8712540000000002,0.706205,GBR,LBY,9013
2227013,111,126,1802,2003,22060.0,0.0,1.399734,1.044608,ITA,LBY,9013
2227014,246,126,1802,2003,10697.0,0.0,0.477987,2.255395,ZAF,LBY,9013
2227015,77,137,1802,2003,1734.0,0.0,1.606606,0.7394149999999999,FRA,MDV,9013
2227016,153,137,1802,2003,2003.0,0.0,0.728804,0.2168,MYS,MDV,9013
2227017,192,137,1802,2003,2816.0,0.0,1.5080799999999999,0.720337,SGP,MDV,9013
2227018,14,141,1802,2003,1063.0,0.0,0.316879,0.9409489999999999,AUS,MLI,9013
2227019,77,141,1802,2003,8094.0,0.0,1.606606,0.7394149999999999,FRA,MLI,9013
2227020,81,141,1802,2003,17071.0,0.0,1.8712540000000002,0.706205,GBR,MLI,9013
2227021,28,145,1802,2003,3853.0,0.0,0.847358,0.9307719999999999,BLR,MNG,9013
2227022,61,145,1802,2003,0.0,17477.0,2.2821919999999998,-2.0985150000000004,DEU,MNG,9013
2227023,208,145,1802,2003,874.0,0.0,2.099224,0.799982,SWE,MNG,9013
2227024,231,145,1802,2003,902.0,0.0,1.7789220000000001,0.064028,USA,MNG,9013
2227025,15,151,1802,2003,2085.0,0.0,1.834977,0.408096,AUT,MUS,9013
2227026,43,151,1802,2003,866.0,0.0,0.579431,2.773139,CHN,MUS,9013
2227027,61,151,1802,2003,2681.0,0.0,2.2821919999999998,-2.0985150000000004,DEU,MUS,9013
2227028,77,151,1802,2003,15168.0,11406.0,1.606606,0.7394149999999999,FRA,MUS,9013
2227029,81,151,1802,2003,9869.0,0.0,1.8712540000000002,0.706205,GBR,MUS,9013
2227030,97,151,1802,2003,179050.0,0.0,0.494569,2.147062,HKG,MUS,9013
2227031,111,151,1802,2003,39847.0,5275.0,1.399734,1.044608,ITA,MUS,9013
2227032,114,151,1802,2003,5650.0,0.0,2.4686630000000003,0.48072600000000004,JPN,MUS,9013
2227033,153,151,1802,2003,16164.0,0.0,0.728804,0.2168,MYS,MUS,9013
2227034,162,151,1802,2003,699.0,0.0,1.168453,1.7085709999999998,NLD,MUS,9013
2227035,166,151,1802,2003,0.0,950.0,0.589619,0.997301,NZL,MUS,9013
2227036,192,151,1802,2003,644652.0,5238.0,1.5080799999999999,0.720337,SGP,MUS,9013
2227037,231,151,1802,2003,1717.0,0.0,1.7789220000000001,0.064028,USA,MUS,9013
2227038,249,151,1802,2003,34745.0,0.0,1.5924040000000002,1.397843,TWN,MUS,9013
2227039,246,152,1802,2003,6409.0,0.0,0.477987,2.255395,ZAF,MWI,9013
2227040,77,154,1802,2003,4821.0,0.0,1.606606,0.7394149999999999,FRA,MYT,9013
2227041,14,157,1802,2003,1345.0,0.0,0.316879,0.9409489999999999,AUS,NER,9013
2227042,39,157,1802,2003,0.0,7889.0,0.9791540000000001,1.185081,CAN,NER,9013
2227043,121,157,1802,2003,0.0,18164.0,1.2611709999999998,0.956308,KOR,NER,9013
2227044,231,157,1802,2003,2073.0,0.0,1.7789220000000001,0.064028,USA,NER,9013
2227045,188,199,1802,2003,2069.0,0.0,0.202286,-0.714691,SAU,SOM,9013
2227046,81,211,1802,2003,2356.0,0.0,1.8712540000000002,0.706205,GBR,SYC,9013
2227047,61,227,1802,2003,794.0,0.0,2.2821919999999998,-2.0985150000000004,DEU,UGA,9013
2227048,81,227,1802,2003,2544.0,0.0,1.8712540000000002,0.706205,GBR,UGA,9013
2227049,206,227,1802,2003,5280.0,0.0,1.22565,0.915518,SVK,UGA,9013
2227050,208,227,1802,2003,3029.0,0.0,2.099224,0.799982,SWE,UGA,9013
2227051,61,243,1802,2003,6099.0,0.0,2.2821919999999998,-2.0985150000000004,DEU,YEM,9013
2227052,77,243,1802,2003,3396.0,0.0,1.606606,0.7394149999999999,FRA,YEM,9013
2227053,111,243,1802,2003,9395.0,0.0,1.399734,1.044608,ITA,YEM,9013
2227054,114,243,1802,2003,13360.0,0.0,2.4686630000000003,0.48072600000000004,JPN,YEM,9013
2227055,186,243,1802,2003,148603.0,0.0,1.072729,0.338355,RUS,YEM,9013
2227056,179,2,1802,2003,52312.0,0.0,0.471376,1.647303,PRT,AGO,9013
2227057,231,2,1802,2003,12335.0,0.0,1.7789220000000001,0.064028,USA,AGO,9013
2227058,18,46,1802,2003,10923.0,0.0,1.361682,1.39536,BEL,COD,9013
2227059,61,46,1802,2003,3201.0,0.0,2.2821919999999998,-2.0985150000000004,DEU,COD,9013
2227060,81,46,1802,2003,34324.0,0.0,1.8712540000000002,0.706205,GBR,COD,9013
2227061,246,46,1802,2003,4051.0,0.0,0.477987,2.255395,ZAF,COD,9013
2227062,77,47,1802,2003,4528.0,0.0,1.606606,0.7394149999999999,FRA,COG,9013
2227063,163,47,1802,2003,0.0,69352.0,1.1500620000000001,0.258554,NOR,COG,9013
2227064,179,51,1802,2003,11982.0,0.0,0.471376,1.647303,PRT,CPV,9013
2227065,43,78,1802,2003,2345.0,0.0,0.579431,2.773139,CHN,FRO,9013
2227066,64,78,1802,2003,12987.0,0.0,1.309564,1.245596,DNK,FRO,9013
2227067,231,78,1802,2003,10392.0,0.0,1.7789220000000001,0.064028,USA,FRO,9013
2227068,250,78,1802,2003,4509.0,0.0,0.45951499999999995,-0.2312,ANS,FRO,9013
2227069,231,85,1802,2003,0.0,14582.0,1.7789220000000001,0.064028,USA,GIN,9013
2227070,61,88,1802,2003,1887.0,0.0,2.2821919999999998,-2.0985150000000004,DEU,GNB,9013
2227071,61,89,1802,2003,5010.0,0.0,2.2821919999999998,-2.0985150000000004,DEU,GNQ,9013
2227072,77,89,1802,2003,2264.0,0.0,1.606606,0.7394149999999999,FRA,GNQ,9013
2227073,64,91,1802,2003,898.0,0.0,1.309564,1.245596,DNK,GRD,9013
2227074,231,91,1802,2003,2388.0,0.0,1.7789220000000001,0.064028,USA,GRD,9013
2227075,249,91,1802,2003,2570.0,0.0,1.5924040000000002,1.397843,TWN,GRD,9013
2227076,231,101,1802,2003,7700.0,0.0,1.7789220000000001,0.064028,USA,HTI,9013
2227077,249,125,1802,2003,26703.0,0.0,1.5924040000000002,1.397843,TWN,LBR,9013
2227078,192,143,1802,2003,43148.0,0.0,1.5080799999999999,0.720337,SGP,MMR,9013
2227079,14,156,1802,2003,6685.0,0.0,0.316879,0.9409489999999999,AUS,NCL,9013
2227080,15,156,1802,2003,29089.0,0.0,1.834977,0.408096,AUT,NCL,9013
2227081,43,156,1802,2003,4201.0,0.0,0.579431,2.773139,CHN,NCL,9013
2227082,61,156,1802,2003,24291.0,0.0,2.2821919999999998,-2.0985150000000004,DEU,NCL,9013
2227083,74,156,1802,2003,6075.0,0.0,2.077889,0.942501,FIN,NCL,9013
2227084,77,156,1802,2003,19042.0,0.0,1.606606,0.7394149999999999,FRA,NCL,9013
2227085,114,156,1802,2003,5517.0,0.0,2.4686630000000003,0.48072600000000004,JPN,NCL,9013
2227086,182,156,1802,2003,0.0,50039.0,-0.255707,-0.676557,PYF,NCL,9013
2227087,216,156,1802,2003,882.0,0.0,0.43010699999999996,1.607408,THA,NCL,9013
2227088,231,156,1802,2003,48405.0,0.0,1.7789220000000001,0.064028,USA,NCL,9013
2227089,61,181,1802,2003,5006.0,0.0,2.2821919999999998,-2.0985150000000004,DEU,PSE,9013
2227090,177,181,1802,2003,0.0,55032.0,0.966622,1.664838,POL,PSE,9013
2227091,61,196,1802,2003,20242.0,0.0,2.2821919999999998,-2.0985150000000004,DEU,SLE,9013
2227092,64,196,1802,2003,2060.0,0.0,1.309564,1.245596,DNK,SLE,9013
2227093,77,196,1802,2003,0.0,21374.0,1.606606,0.7394149999999999,FRA,SLE,9013
2227094,104,217,1802,2003,2580.0,0.0,0.33014099999999996,2.836003,IND,TJK,9013
2227095,162,217,1802,2003,1131.0,0.0,1.168453,1.7085709999999998,NLD,TJK,9013
2227096,186,217,1802,2003,3258.0,0.0,1.072729,0.338355,RUS,TJK,9013
2227097,14,220,1802,2003,1127.0,0.0,0.316879,0.9409489999999999,AUS,TLS,9013
2227098,61,220,1802,2003,44495.0,0.0,2.2821919999999998,-2.0985150000000004,DEU,TLS,9013
2227099,81,220,1802,2003,0.0,7645.0,1.8712540000000002,0.706205,GBR,TLS,9013
2227100,15,232,1802,2003,7517.0,0.0,1.834977,0.408096,AUT,UZB,9013
2227101,77,232,1802,2003,460668.0,0.0,1.606606,0.7394149999999999,FRA,UZB,9013
2227102,186,232,1802,2003,1667232.0,0.0,1.072729,0.338355,RUS,UZB,9013
2227103,224,232,1802,2003,1139.0,0.0,0.192802,1.9855060000000002,TUR,UZB,9013
2227104,14,221,1802,2003,1515.0,0.0,0.316879,0.9409489999999999,AUS,TON,9013
2227105,231,242,1802,2003,768.0,0.0,1.7789220000000001,0.064028,USA,WSM,9013
2227106,81,149,1802,2003,6383.0,0.0,1.8712540000000002,0.706205,GBR,MSR,9013
2227107,39,30,1802,2003,43992.0,0.0,0.9791540000000001,1.185081,CAN,BMU,9013
2227108,43,30,1802,2003,3800.0,0.0,0.579431,2.773139,CHN,BMU,9013
2227109,231,30,1802,2003,30306.0,0.0,1.7789220000000001,0.064028,USA,BMU,9013
2227110,81,35,1802,2003,6716.0,0.0,1.8712540000000002,0.706205,GBR,BTN,9013
2227111,32,57,1802,2003,17028.0,28312.0,0.660576,1.118876,BRA,CYM,9013
2227112,231,57,1802,2003,7326.0,0.0,1.7789220000000001,0.064028,USA,CYM,9013
2227113,61,84,1802,2003,2002.0,0.0,2.2821919999999998,-2.0985150000000004,DEU,GIB,9013
2227114,71,84,1802,2003,22784.0,0.0,0.960684,2.074792,ESP,GIB,9013
2227115,81,84,1802,2003,2193.0,0.0,1.8712540000000002,0.706205,GBR,GIB,9013
2227116,18,92,1802,2003,7438.0,0.0,1.361682,1.39536,BEL,GRL,9013
2227117,41,92,1802,2003,743.0,0.0,2.151037,0.711217,CHE,GRL,9013
2227118,43,92,1802,2003,2610.0,0.0,0.579431,2.773139,CHN,GRL,9013
2227119,61,92,1802,2003,925.0,0.0,2.2821919999999998,-2.0985150000000004,DEU,GRL,9013
2227120,64,92,1802,2003,88078.0,4922.0,1.309564,1.245596,DNK,GRL,9013
2227121,71,92,1802,2003,966.0,0.0,0.960684,2.074792,ESP,GRL,9013
2227122,74,92,1802,2003,5152.0,0.0,2.077889,0.942501,FIN,GRL,9013
2227123,114,92,1802,2003,412.0,0.0,2.4686630000000003,0.48072600000000004,JPN,GRL,9013
2227124,231,92,1802,2003,2705.0,0.0,1.7789220000000001,0.064028,USA,GRL,9013
2227125,61,139,1802,2003,0.0,2400.0,2.2821919999999998,-2.0985150000000004,DEU,MHL,9013
2227126,14,158,1802,2003,1495.0,0.0,0.316879,0.9409489999999999,AUS,NFK,9013
2227127,249,175,1802,2003,4657.0,0.0,1.5924040000000002,1.397843,TWN,PLW,9013
2227128,81,248,1802,2003,3268.0,0.0,1.8712540000000002,0.706205,GBR,ZWE,9013
2227129,246,248,1802,2003,15524.0,0.0,0.477987,2.255395,ZAF,ZWE,9013
2227130,249,248,1802,2003,4348.0,0.0,1.5924040000000002,1.397843,TWN,ZWE,9013
2227131,61,218,1802,2003,1004.0,0.0,2.2821919999999998,-2.0985150000000004,DEU,TKL,9013
2227132,111,218,1802,2003,0.0,47510.0,1.399734,1.044608,ITA,TKL,9013
2227133,231,76,1802,2003,5944.0,0.0,1.7789220000000001,0.064028,USA,FLK,9013
2227134,32,6,1811,2003,1273.0,0.0,0.660576,1.118876,BRA,ANT,9022
2227135,61,6,1811,2003,1009.0,0.0,2.2821919999999998,-2.0985150000000004,DEU,ANT,9022
2227136,77,6,1811,2003,143747.0,0.0,1.606606,0.7394149999999999,FRA,ANT,9022
2227137,103,6,1811,2003,0.0,22992.0,-0.16802,1.7252990000000001,IDN,ANT,9022
2227138,162,6,1811,2003,702369.0,11972.0,1.168453,1.7085709999999998,NLD,ANT,9022
2227139,231,6,1811,2003,69053.0,0.0,1.7789220000000001,0.064028,USA,ANT,9022
2227140,236,6,1811,2003,0.0,1803.0,0.277805,-0.783697,VEN,ANT,9022
2227141,8,7,1811,2003,2077.0,0.0,0.302073,0.49069700000000005,ARG,ARE,9022
2227142,9,7,1811,2003,0.0,28055.0,0.497521,-0.305788,ARM,ARE,9022
2227143,14,7,1811,2003,160397.0,30771.0,0.316879,0.9409489999999999,AUS,ARE,9022
2227144,18,7,1811,2003,61633.0,1569.0,1.361682,1.39536,BEL,ARE,9022
2227145,24,7,1811,2003,25146.0,0.0,-0.10968800000000001,-1.041032,BHR,ARE,9022
2227146,32,7,1811,2003,17273.0,0.0,0.660576,1.118876,BRA,ARE,9022
2227147,39,7,1811,2003,136085.0,0.0,0.9791540000000001,1.185081,CAN,ARE,9022
2227148,41,7,1811,2003,369140.0,0.0,2.151037,0.711217,CHE,ARE,9022
2227149,43,7,1811,2003,297268.0,0.0,0.579431,2.773139,CHN,ARE,9022
2227150,59,7,1811,2003,5001.0,0.0,1.555749,0.8662059999999999,CZE,ARE,9022
2227151,61,7,1811,2003,17933786.0,2484.0,2.2821919999999998,-2.0985150000000004,DEU,ARE,9022
2227152,64,7,1811,2003,21229.0,0.0,1.309564,1.245596,DNK,ARE,9022
2227153,68,7,1811,2003,0.0,8426.0,-0.292923,0.465433,EGY,ARE,9022
2227154,71,7,1811,2003,721896.0,0.0,0.960684,2.074792,ESP,ARE,9022
2227155,73,7,1811,2003,0.0,1019.0,-1.1145559999999999,-0.9599620000000001,ETH,ARE,9022
2227156,74,7,1811,2003,612979.0,0.0,2.077889,0.942501,FIN,ARE,9022
2227157,77,7,1811,2003,3663669.0,198269.0,1.606606,0.7394149999999999,FRA,ARE,9022
2227158,81,7,1811,2003,2112764.0,69022.0,1.8712540000000002,0.706205,GBR,ARE,9022
2227159,99,7,1811,2003,0.0,5403.0,-0.733546,-0.568585,HND,ARE,9022
2227160,104,7,1811,2003,360033.0,19894.0,0.33014099999999996,2.836003,IND,ARE,9022
2227161,106,7,1811,2003,21875.0,0.0,1.6396130000000002,0.220599,IRL,ARE,9022
2227162,107,7,1811,2003,1252.0,2052792.0,-0.552146,-0.8668520000000001,IRN,ARE,9022
2227163,111,7,1811,2003,396611.0,22898.0,1.399734,1.044608,ITA,ARE,9022
2227164,114,7,1811,2003,2738975.0,1563.0,2.4686630000000003,0.48072600000000004,JPN,ARE,9022
2227165,116,7,1811,2003,0.0,5190.0,-0.3531,0.582992,KEN,ARE,9022
2227166,121,7,1811,2003,180907.0,1414.0,1.2611709999999998,0.956308,KOR,ARE,9022
2227167,122,7,1811,2003,5483.0,0.0,-0.7943640000000001,-1.1529770000000001,KWT,ARE,9022
2227168,153,7,1811,2003,1223506.0,27899.0,0.728804,0.2168,MYS,ARE,9022
2227169,162,7,1811,2003,2701485.0,723856.0,1.168453,1.7085709999999998,NLD,ARE,9022
2227170,164,7,1811,2003,0.0,48366.0,-0.26353899999999997,1.351717,NPL,ARE,9022
2227171,167,7,1811,2003,9482.0,0.0,-1.434873,-1.188123,OMN,ARE,9022
2227172,168,7,1811,2003,25437.0,267370.0,-0.6659689999999999,0.137924,PAK,ARE,9022
2227173,183,7,1811,2003,841.0,0.0,-0.209042,-1.0565799999999999,QAT,ARE,9022
2227174,187,7,1811,2003,0.0,1678.0,-0.99513,-0.852476,RWA,ARE,9022
2227175,188,7,1811,2003,18859.0,16210.0,0.202286,-0.714691,SAU,ARE,9022
2227176,190,7,1811,2003,0.0,83569.0,-1.3535059999999999,-1.1701409999999999,SDN,ARE,9022
2227177,192,7,1811,2003,415896.0,0.0,1.5080799999999999,0.720337,SGP,ARE,9022
2227178,208,7,1811,2003,95459.0,0.0,2.099224,0.799982,SWE,ARE,9022
2227179,224,7,1811,2003,0.0,15583.0,0.192802,1.9855060000000002,TUR,ARE,9022
2227180,228,7,1811,2003,16951.0,4980.0,0.8929389999999999,0.956685,UKR,ARE,9022
2227181,231,7,1811,2003,2762392.0,0.0,1.7789220000000001,0.064028,USA,ARE,9022
2227182,246,7,1811,2003,87951.0,17431.0,0.477987,2.255395,ZAF,ARE,9022
2227183,4,8,1811,2003,0.0,3226.0,-0.053595000000000004,0.166034,ALB,ARG,9022
2227184,7,8,1811,2003,0.0,2077.0,0.049637,-0.502691,ARE,ARG,9022
2227185,14,8,1811,2003,11687.0,0.0,0.316879,0.9409489999999999,AUS,ARG,9022
2227186,18,8,1811,2003,55271.0,2283.0,1.361682,1.39536,BEL,ARG,9022
2227187,31,8,1811,2003,1514.0,93896.0,-0.787995,-0.7228899999999999,BOL,ARG,9022
2227188,32,8,1811,2003,28088.0,76724.0,0.660576,1.118876,BRA,ARG,9022
2227189,39,8,1811,2003,92277.0,0.0,0.9791540000000001,1.185081,CAN,ARG,9022
2227190,41,8,1811,2003,9661.0,0.0,2.151037,0.711217,CHE,ARG,9022
2227191,42,8,1811,2003,20764.0,90050.0,-0.06375900000000001,-0.156808,CHL,ARG,9022
2227192,43,8,1811,2003,113612.0,0.0,0.579431,2.773139,CHN,ARG,9022
2227193,52,8,1811,2003,0.0,5127.0,-0.193904,-0.5049680000000001,CRI,ARG,9022
2227194,59,8,1811,2003,895.0,0.0,1.555749,0.8662059999999999,CZE,ARG,9022
2227195,61,8,1811,2003,911910.0,127566.0,2.2821919999999998,-2.0985150000000004,DEU,ARG,9022
2227196,64,8,1811,2003,2361.0,0.0,1.309564,1.245596,DNK,ARG,9022
2227197,65,8,1811,2003,0.0,15750.0,-0.46264399999999994,-0.245034,DOM,ARG,9022
2227198,67,8,1811,2003,0.0,30380.0,-0.8689370000000001,-0.889767,ECU,ARG,9022
2227199,71,8,1811,2003,330564.0,0.0,0.960684,2.074792,ESP,ARG,9022
2227200,74,8,1811,2003,125903.0,0.0,2.077889,0.942501,FIN,ARG,9022
2227201,77,8,1811,2003,159274.0,1215.0,1.606606,0.7394149999999999,FRA,ARG,9022
2227202,81,8,1811,2003,369873.0,0.0,1.8712540000000002,0.706205,GBR,ARG,9022
2227203,93,8,1811,2003,0.0,9906.0,-0.444162,0.145319,GTM,ARG,9022
2227204,103,8,1811,2003,0.0,22553.0,-0.16802,1.7252990000000001,IDN,ARG,9022
2227205,104,8,1811,2003,72707.0,384736.0,0.33014099999999996,2.836003,IND,ARG,9022
2227206,106,8,1811,2003,83427.0,0.0,1.6396130000000002,0.220599,IRL,ARG,9022
2227207,110,8,1811,2003,70877.0,0.0,1.157809,0.682195,ISR,ARG,9022
2227208,111,8,1811,2003,588571.0,14049.0,1.399734,1.044608,ITA,ARG,9022
2227209,114,8,1811,2003,507304.0,23133.0,2.4686630000000003,0.48072600000000004,JPN,ARG,9022
2227210,121,8,1811,2003,12537.0,0.0,1.2611709999999998,0.956308,KOR,ARG,9022
2227211,124,8,1811,2003,0.0,2601.0,0.261687,1.053856,LBN,ARG,9022
2227212,138,8,1811,2003,0.0,39680.0,0.862509,0.756684,MEX,ARG,9022
2227213,162,8,1811,2003,670133.0,283475.0,1.168453,1.7085709999999998,NLD,ARG,9022
2227214,173,8,1811,2003,0.0,258134.0,-0.48627,0.371354,PER,ARG,9022
2227215,180,8,1811,2003,8424.0,9468.0,-0.607733,-0.8577879999999999,PRY,ARG,9022
2227216,186,8,1811,2003,73571.0,4560.0,1.072729,0.338355,RUS,ARG,9022
2227217,197,8,1811,2003,0.0,2976.0,-0.251357,-0.189917,SLV,ARG,9022
2227218,208,8,1811,2003,153958.0,0.0,2.099224,0.799982,SWE,ARG,9022
2227219,230,8,1811,2003,0.0,70161.0,0.19792200000000001,0.243104,URY,ARG,9022
2227220,231,8,1811,2003,3115563.0,565794.0,1.7789220000000001,0.064028,USA,ARG,9022
2227221,236,8,1811,2003,6690.0,24171.0,0.277805,-0.783697,VEN,ARG,9022
2227222,250,8,1811,2003,107444.0,0.0,0.45951499999999995,-0.2312,ANS,ARG,9022
2227223,4,15,1811,2003,0.0,107629.0,-0.053595000000000004,0.166034,ALB,AUT,9022
2227224,14,15,1811,2003,0.0,59881.0,0.316879,0.9409489999999999,AUS,AUT,9022
2227225,16,15,1811,2003,0.0,10315.0,-0.304606,-0.975453,AZE,AUT,9022
2227226,18,15,1811,2003,1954487.0,67417.0,1.361682,1.39536,BEL,AUT,9022
2227227,23,15,1811,2003,0.0,163804.0,0.43308599999999997,1.7104099999999998,BGR,AUT,9022
2227228,26,15,1811,2003,0.0,50233.0,0.195667,0.347011,BIH,AUT,9022
2227229,28,15,1811,2003,0.0,2712.0,0.847358,0.9307719999999999,BLR,AUT,9022
2227230,31,15,1811,2003,0.0,703.0,-0.787995,-0.7228899999999999,BOL,AUT,9022
2227231,32,15,1811,2003,0.0,28734.0,0.660576,1.118876,BRA,AUT,9022
2227232,39,15,1811,2003,37222.0,21868.0,0.9791540000000001,1.185081,CAN,AUT,9022
2227233,41,15,1811,2003,1683357.0,231900.0,2.151037,0.711217,CHE,AUT,9022
2227234,42,15,1811,2003,0.0,1353.0,-0.06375900000000001,-0.156808,CHL,AUT,9022
2227235,43,15,1811,2003,19225.0,2254393.0,0.579431,2.773139,CHN,AUT,9022
2227236,45,15,1811,2003,0.0,1202.0,-1.254788,-1.10897,CMR,AUT,9022
2227237,52,15,1811,2003,0.0,4461.0,-0.193904,-0.5049680000000001,CRI,AUT,9022
2227238,58,15,1811,2003,0.0,3560.0,0.259992,0.068914,CYP,AUT,9022
2227239,59,15,1811,2003,12808.0,639434.0,1.555749,0.8662059999999999,CZE,AUT,9022
2227240,61,15,1811,2003,39440739.0,13519696.0,2.2821919999999998,-2.0985150000000004,DEU,AUT,9022
2227241,64,15,1811,2003,301791.0,2070.0,1.309564,1.245596,DNK,AUT,9022
2227242,68,15,1811,2003,3316.0,0.0,-0.292923,0.465433,EGY,AUT,9022
2227243,71,15,1811,2003,197072.0,36614.0,0.960684,2.074792,ESP,AUT,9022
2227244,72,15,1811,2003,0.0,8905.0,0.5913010000000001,0.8489979999999999,EST,AUT,9022
2227245,74,15,1811,2003,622754.0,0.0,2.077889,0.942501,FIN,AUT,9022
2227246,77,15,1811,2003,9212691.0,5712460.0,1.606606,0.7394149999999999,FRA,AUT,9022
2227247,81,15,1811,2003,12258914.0,36365.0,1.8712540000000002,0.706205,GBR,AUT,9022
2227248,83,15,1811,2003,0.0,799.0,-1.074188,-0.7127319999999999,GHA,AUT,9022
2227249,90,15,1811,2003,19099.0,1068102.0,0.364688,1.4823959999999998,GRC,AUT,9022
2227250,97,15,1811,2003,1091.0,6481.0,0.494569,2.147062,HKG,AUT,9022
2227251,100,15,1811,2003,3607.0,70287.0,0.568394,1.230759,HRV,AUT,9022
2227252,102,15,1811,2003,297131.0,239013.0,1.2003270000000001,1.091407,HUN,AUT,9022
2227253,103,15,1811,2003,2940.0,0.0,-0.16802,1.7252990000000001,IDN,AUT,9022
2227254,104,15,1811,2003,263601.0,216873.0,0.33014099999999996,2.836003,IND,AUT,9022
2227255,106,15,1811,2003,10865.0,0.0,1.6396130000000002,0.220599,IRL,AUT,9022
2227256,107,15,1811,2003,0.0,100650.0,-0.552146,-0.8668520000000001,IRN,AUT,9022
2227257,108,15,1811,2003,0.0,188325.0,-0.398557,-0.774153,IRQ,AUT,9022
2227258,109,15,1811,2003,0.0,880.0,0.21902800000000003,-0.40818499999999996,ISL,AUT,9022
2227259,110,15,1811,2003,1270827.0,134878.0,1.157809,0.682195,ISR,AUT,9022
2227260,111,15,1811,2003,680291.0,1262107.0,1.399734,1.044608,ITA,AUT,9022
2227261,113,15,1811,2003,0.0,8050.0,0.12295,0.377031,JOR,AUT,9022
2227262,114,15,1811,2003,2087075.0,995474.0,2.4686630000000003,0.48072600000000004,JPN,AUT,9022
2227263,115,15,1811,2003,0.0,319754.0,-0.156326,-0.62092,KAZ,AUT,9022
2227264,121,15,1811,2003,252781.0,196109.0,1.2611709999999998,0.956308,KOR,AUT,9022
2227265,126,15,1811,2003,0.0,3492.0,-0.36075999999999997,-1.110575,LBY,AUT,9022
2227266,130,15,1811,2003,16807.0,54178.0,0.239608,0.517299,LTU,AUT,9022
2227267,138,15,1811,2003,26917.0,14003.0,0.862509,0.756684,MEX,AUT,9022
2227268,140,15,1811,2003,3003.0,9679.0,-0.017632,0.225394,MKD,AUT,9022
2227269,145,15,1811,2003,0.0,4775.0,-0.9747620000000001,-1.026308,MNG,AUT,9022
2227270,151,15,1811,2003,0.0,9217.0,-0.361514,-0.29839899999999997,MUS,AUT,9022
2227271,153,15,1811,2003,86151.0,44380.0,0.728804,0.2168,MYS,AUT,9022
2227272,159,15,1811,2003,0.0,87758.0,-1.859176,-1.234236,NGA,AUT,9022
2227273,160,15,1811,2003,0.0,7699.0,-0.8661459999999999,-0.8661690000000001,NIC,AUT,9022
2227274,162,15,1811,2003,7882878.0,2087340.0,1.168453,1.7085709999999998,NLD,AUT,9022
2227275,163,15,1811,2003,4687701.0,183124.0,1.1500620000000001,0.258554,NOR,AUT,9022
2227276,168,15,1811,2003,0.0,6288.0,-0.6659689999999999,0.137924,PAK,AUT,9022
2227277,174,15,1811,2003,0.0,2283.0,-0.065022,-0.195144,PHL,AUT,9022
2227278,177,15,1811,2003,62589.0,182495.0,0.966622,1.664838,POL,AUT,9022
2227279,179,15,1811,2003,12810.0,2192.0,0.471376,1.647303,PRT,AUT,9022
2227280,185,15,1811,2003,0.0,61472.0,0.378379,1.0064620000000002,ROU,AUT,9022
2227281,186,15,1811,2003,0.0,34349.0,1.072729,0.338355,RUS,AUT,9022
2227282,188,15,1811,2003,0.0,29772.0,0.202286,-0.714691,SAU,AUT,9022
2227283,189,15,1811,2003,0.0,91390.0,0.575326,1.627894,SCG,AUT,9022
2227284,192,15,1811,2003,9220.0,9411.0,1.5080799999999999,0.720337,SGP,AUT,9022
2227285,206,15,1811,2003,72682.0,66321.0,1.22565,0.915518,SVK,AUT,9022
2227286,207,15,1811,2003,0.0,79712.0,1.6459840000000001,1.014191,SVN,AUT,9022
2227287,208,15,1811,2003,364506.0,24347.0,2.099224,0.799982,SWE,AUT,9022
2227288,212,15,1811,2003,0.0,2286.0,-0.868749,-0.326322,SYR,AUT,9022
2227289,216,15,1811,2003,7741.0,99192.0,0.43010699999999996,1.607408,THA,AUT,9022
2227290,223,15,1811,2003,1749.0,2544.0,-0.14845999999999998,0.255092,TUN,AUT,9022
2227291,224,15,1811,2003,0.0,108292.0,0.192802,1.9855060000000002,TUR,AUT,9022
2227292,227,15,1811,2003,0.0,4445.0,-0.895193,-0.712039,UGA,AUT,9022
2227293,228,15,1811,2003,0.0,280628.0,0.8929389999999999,0.956685,UKR,AUT,9022
2227294,231,15,1811,2003,2092414.0,9509384.0,1.7789220000000001,0.064028,USA,AUT,9022
2227295,239,15,1811,2003,0.0,32005.0,-0.633985,0.659696,VNM,AUT,9022
2227296,246,15,1811,2003,0.0,53972.0,0.477987,2.255395,ZAF,AUT,9022
2227297,249,15,1811,2003,10397.0,0.0,1.5924040000000002,1.397843,TWN,AUT,9022
2227298,7,18,1811,2003,1569.0,61633.0,0.049637,-0.502691,ARE,BEL,9022
2227299,8,18,1811,2003,2283.0,55271.0,0.302073,0.49069700000000005,ARG,BEL,9022
2227300,9,18,1811,2003,0.0,23430.0,0.497521,-0.305788,ARM,BEL,9022
2227301,14,18,1811,2003,7968.0,755738.0,0.316879,0.9409489999999999,AUS,BEL,9022
2227302,15,18,1811,2003,67417.0,1954487.0,1.834977,0.408096,AUT,BEL,9022
2227303,16,18,1811,2003,41571.0,47308.0,-0.304606,-0.975453,AZE,BEL,9022
2227304,17,18,1811,2003,0.0,37426.0,-0.550138,-0.759304,BDI,BEL,9022
2227305,19,18,1811,2003,0.0,895.0,-1.150888,-0.956203,BEN,BEL,9022
2227306,21,18,1811,2003,0.0,50155.0,-0.9365690000000001,-0.9699409999999999,BFA,BEL,9022
2227307,22,18,1811,2003,0.0,20791.0,-1.168404,-1.035782,BGD,BEL,9022
2227308,23,18,1811,2003,10339.0,91853.0,0.43308599999999997,1.7104099999999998,BGR,BEL,9022
2227309,24,18,1811,2003,0.0,191402.0,-0.10968800000000001,-1.041032,BHR,BEL,9022
2227310,28,18,1811,2003,0.0,11610.0,0.847358,0.9307719999999999,BLR,BEL,9022
2227311,31,18,1811,2003,0.0,35208.0,-0.787995,-0.7228899999999999,BOL,BEL,9022
2227312,32,18,1811,2003,0.0,640930.0,0.660576,1.118876,BRA,BEL,9022
2227313,37,18,1811,2003,0.0,2024.0,-0.517317,-1.1125770000000001,BWA,BEL,9022
2227314,39,18,1811,2003,32696.0,312373.0,0.9791540000000001,1.185081,CAN,BEL,9022
2227315,41,18,1811,2003,782373.0,1034379.0,2.151037,0.711217,CHE,BEL,9022
2227316,42,18,1811,2003,0.0,161077.0,-0.06375900000000001,-0.156808,CHL,BEL,9022
2227317,43,18,1811,2003,884782.0,1249409.0,0.579431,2.773139,CHN,BEL,9022
2227318,44,18,1811,2003,2872.0,0.0,-0.699928,-0.723739,CIV,BEL,9022
2227319,45,18,1811,2003,0.0,7994.0,-1.254788,-1.10897,CMR,BEL,9022
2227320,46,18,1811,2003,0.0,38715.0,-1.366232,-1.0778860000000001,COD,BEL,9022
2227321,49,18,1811,2003,0.0,17170.0,0.218336,0.376869,COL,BEL,9022
2227322,52,18,1811,2003,0.0,9248.0,-0.193904,-0.5049680000000001,CRI,BEL,9022
2227323,54,18,1811,2003,0.0,5314.0,-0.391515,-0.8562120000000001,CUB,BEL,9022
2227324,58,18,1811,2003,2628.0,2991.0,0.259992,0.068914,CYP,BEL,9022
2227325,59,18,1811,2003,6495.0,62386.0,1.555749,0.8662059999999999,CZE,BEL,9022
2227326,61,18,1811,2003,36819217.0,8105132.0,2.2821919999999998,-2.0985150000000004,DEU,BEL,9022
2227327,62,18,1811,2003,0.0,202317.0,-0.41648500000000005,-0.5408350000000001,DJI,BEL,9022
2227328,64,18,1811,2003,60247.0,1231527.0,1.309564,1.245596,DNK,BEL,9022
2227329,65,18,1811,2003,0.0,5757026.0,-0.46264399999999994,-0.245034,DOM,BEL,9022
2227330,66,18,1811,2003,38510.0,309726.0,-1.060727,-1.142594,DZA,BEL,9022
2227331,67,18,1811,2003,0.0,28025.0,-0.8689370000000001,-0.889767,ECU,BEL,9022
2227332,68,18,1811,2003,0.0,142558.0,-0.292923,0.465433,EGY,BEL,9022
2227333,71,18,1811,2003,648020.0,3384250.0,0.960684,2.074792,ESP,BEL,9022
2227334,72,18,1811,2003,1391.0,21716.0,0.5913010000000001,0.8489979999999999,EST,BEL,9022
2227335,73,18,1811,2003,0.0,16928.0,-1.1145559999999999,-0.9599620000000001,ETH,BEL,9022
2227336,74,18,1811,2003,2056135.0,1047976.0,2.077889,0.942501,FIN,BEL,9022
2227337,77,18,1811,2003,19874793.0,19918654.0,1.606606,0.7394149999999999,FRA,BEL,9022
2227338,80,18,1811,2003,0.0,54177.0,-0.92745,-1.138466,GAB,BEL,9022
2227339,81,18,1811,2003,1670514.0,7039555.0,1.8712540000000002,0.706205,GBR,BEL,9022
2227340,83,18,1811,2003,2136.0,18063.0,-1.074188,-0.7127319999999999,GHA,BEL,9022
2227341,87,18,1811,2003,0.0,1570.0,-0.230541,-0.275663,GMB,BEL,9022
2227342,89,18,1811,2003,0.0,5954.0,-2.4406529999999997,-0.821155,GNQ,BEL,9022
2227343,90,18,1811,2003,18476.0,491134.0,0.364688,1.4823959999999998,GRC,BEL,9022
2227344,93,18,1811,2003,0.0,25803.0,-0.444162,0.145319,GTM,BEL,9022
2227345,97,18,1811,2003,3719.0,4379766.0,0.494569,2.147062,HKG,BEL,9022
2227346,99,18,1811,2003,0.0,2197.0,-0.733546,-0.568585,HND,BEL,9022
2227347,100,18,1811,2003,12130.0,153121.0,0.568394,1.230759,HRV,BEL,9022
2227348,102,18,1811,2003,243460.0,706352.0,1.2003270000000001,1.091407,HUN,BEL,9022
2227349,103,18,1811,2003,2370.0,67564.0,-0.16802,1.7252990000000001,IDN,BEL,9022
2227350,104,18,1811,2003,13292.0,2164455.0,0.33014099999999996,2.836003,IND,BEL,9022
2227351,106,18,1811,2003,58342.0,369360.0,1.6396130000000002,0.220599,IRL,BEL,9022
2227352,107,18,1811,2003,3793.0,278769.0,-0.552146,-0.8668520000000001,IRN,BEL,9022
2227353,110,18,1811,2003,615710.0,107223.0,1.157809,0.682195,ISR,BEL,9022
2227354,111,18,1811,2003,2746915.0,5554429.0,1.399734,1.044608,ITA,BEL,9022
2227355,112,18,1811,2003,0.0,859.0,-0.6684140000000001,-0.915817,JAM,BEL,9022
2227356,113,18,1811,2003,0.0,121378.0,0.12295,0.377031,JOR,BEL,9022
2227357,114,18,1811,2003,2861454.0,1193245.0,2.4686630000000003,0.48072600000000004,JPN,BEL,9022
2227358,115,18,1811,2003,0.0,28517.0,-0.156326,-0.62092,KAZ,BEL,9022
2227359,116,18,1811,2003,0.0,26444.0,-0.3531,0.582992,KEN,BEL,9022
2227360,121,18,1811,2003,204542.0,1621881.0,1.2611709999999998,0.956308,KOR,BEL,9022
2227361,122,18,1811,2003,0.0,60787.0,-0.7943640000000001,-1.1529770000000001,KWT,BEL,9022
2227362,124,18,1811,2003,0.0,35111.0,0.261687,1.053856,LBN,BEL,9022
2227363,126,18,1811,2003,16296.0,24636.0,-0.36075999999999997,-1.110575,LBY,BEL,9022
2227364,130,18,1811,2003,0.0,57224.0,0.239608,0.517299,LTU,BEL,9022
2227365,131,18,1811,2003,273318.0,5225418.0,1.444996,1.063764,LUX,BEL,9022
2227366,132,18,1811,2003,0.0,308096.0,0.520772,0.5631689999999999,LVA,BEL,9022
2227367,134,18,1811,2003,40723.0,86678.0,-0.6842050000000001,-0.217892,MAR,BEL,9022
2227368,138,18,1811,2003,8812.0,401067.0,0.862509,0.756684,MEX,BEL,9022
2227369,142,18,1811,2003,0.0,4705.0,1.2138149999999999,-0.015687,MLT,BEL,9022
2227370,147,18,1811,2003,4416.0,0.0,-1.188243,-1.123693,MOZ,BEL,9022
2227371,151,18,1811,2003,7465.0,10385.0,-0.361514,-0.29839899999999997,MUS,BEL,9022
2227372,152,18,1811,2003,0.0,3023.0,-1.48079,-1.235645,MWI,BEL,9022
2227373,153,18,1811,2003,7952.0,456004.0,0.728804,0.2168,MYS,BEL,9022
2227374,156,18,1811,2003,0.0,7449.0,-0.344934,-0.776632,NCL,BEL,9022
2227375,157,18,1811,2003,0.0,2102.0,-0.199296,-0.578264,NER,BEL,9022
2227376,159,18,1811,2003,0.0,6497.0,-1.859176,-1.234236,NGA,BEL,9022
2227377,160,18,1811,2003,0.0,7551.0,-0.8661459999999999,-0.8661690000000001,NIC,BEL,9022
2227378,162,18,1811,2003,12514130.0,9968697.0,1.168453,1.7085709999999998,NLD,BEL,9022
2227379,163,18,1811,2003,82849.0,413658.0,1.1500620000000001,0.258554,NOR,BEL,9022
2227380,166,18,1811,2003,0.0,24384.0,0.589619,0.997301,NZL,BEL,9022
2227381,167,18,1811,2003,0.0,16819.0,-1.434873,-1.188123,OMN,BEL,9022
2227382,168,18,1811,2003,7412.0,90220.0,-0.6659689999999999,0.137924,PAK,BEL,9022
2227383,169,18,1811,2003,0.0,46573.0,-0.050386,-0.039619999999999995,PAN,BEL,9022
2227384,173,18,1811,2003,0.0,19010.0,-0.48627,0.371354,PER,BEL,9022
2227385,174,18,1811,2003,0.0,16781.0,-0.065022,-0.195144,PHL,BEL,9022
2227386,177,18,1811,2003,2942.0,675523.0,0.966622,1.664838,POL,BEL,9022
2227387,179,18,1811,2003,67203.0,342634.0,0.471376,1.647303,PRT,BEL,9022
2227388,182,18,1811,2003,0.0,2127.0,-0.255707,-0.676557,PYF,BEL,9022
2227389,183,18,1811,2003,7772.0,21695.0,-0.209042,-1.0565799999999999,QAT,BEL,9022
2227390,185,18,1811,2003,0.0,29563.0,0.378379,1.0064620000000002,ROU,BEL,9022
2227391,186,18,1811,2003,26437.0,689697.0,1.072729,0.338355,RUS,BEL,9022
2227392,187,18,1811,2003,0.0,14848.0,-0.99513,-0.852476,RWA,BEL,9022
2227393,188,18,1811,2003,0.0,327563.0,0.202286,-0.714691,SAU,BEL,9022
2227394,191,18,1811,2003,0.0,1764.0,-0.25203600000000004,-0.25549299999999997,SEN,BEL,9022
2227395,192,18,1811,2003,0.0,202232.0,1.5080799999999999,0.720337,SGP,BEL,9022
2227396,197,18,1811,2003,0.0,6317.0,-0.251357,-0.189917,SLV,BEL,9022
2227397,206,18,1811,2003,37319.0,45966.0,1.22565,0.915518,SVK,BEL,9022
2227398,207,18,1811,2003,0.0,368298.0,1.6459840000000001,1.014191,SVN,BEL,9022
2227399,208,18,1811,2003,422465.0,1060515.0,2.099224,0.799982,SWE,BEL,9022
2227400,212,18,1811,2003,0.0,71627.0,-0.868749,-0.326322,SYR,BEL,9022
2227401,216,18,1811,2003,0.0,41371.0,0.43010699999999996,1.607408,THA,BEL,9022
2227402,222,18,1811,2003,0.0,3167.0,-0.16738,-0.9820969999999999,TTO,BEL,9022
2227403,223,18,1811,2003,0.0,127318.0,-0.14845999999999998,0.255092,TUN,BEL,9022
2227404,224,18,1811,2003,55340.0,558387.0,0.192802,1.9855060000000002,TUR,BEL,9022
2227405,226,18,1811,2003,0.0,7727.0,-1.225217,-0.43662399999999996,TZA,BEL,9022
2227406,227,18,1811,2003,0.0,10548.0,-0.895193,-0.712039,UGA,BEL,9022
2227407,228,18,1811,2003,0.0,53000.0,0.8929389999999999,0.956685,UKR,BEL,9022
2227408,230,18,1811,2003,0.0,107875.0,0.19792200000000001,0.243104,URY,BEL,9022
2227409,231,18,1811,2003,31726064.0,9211587.0,1.7789220000000001,0.064028,USA,BEL,9022
2227410,236,18,1811,2003,0.0,10040.0,0.277805,-0.783697,VEN,BEL,9022
2227411,239,18,1811,2003,0.0,1797.0,-0.633985,0.659696,VNM,BEL,9022
2227412,246,18,1811,2003,56366.0,1364487.0,0.477987,2.255395,ZAF,BEL,9022
2227413,249,18,1811,2003,18721.0,874785.0,1.5924040000000002,1.397843,TWN,BEL,9022
2227414,18,22,1811,2003,20791.0,0.0,1.361682,1.39536,BEL,BGD,9022
2227415,39,22,1811,2003,496444.0,0.0,0.9791540000000001,1.185081,CAN,BGD,9022
2227416,41,22,1811,2003,11573.0,0.0,2.151037,0.711217,CHE,BGD,9022
2227417,43,22,1811,2003,738681.0,0.0,0.579431,2.773139,CHN,BGD,9022
2227418,61,22,1811,2003,1238190.0,0.0,2.2821919999999998,-2.0985150000000004,DEU,BGD,9022
2227419,64,22,1811,2003,1613.0,0.0,1.309564,1.245596,DNK,BGD,9022
2227420,74,22,1811,2003,39572.0,0.0,2.077889,0.942501,FIN,BGD,9022
2227421,77,22,1811,2003,200950.0,0.0,1.606606,0.7394149999999999,FRA,BGD,9022
2227422,81,22,1811,2003,980.0,0.0,1.8712540000000002,0.706205,GBR,BGD,9022
2227423,104,22,1811,2003,402984.0,0.0,0.33014099999999996,2.836003,IND,BGD,9022
2227424,111,22,1811,2003,154564.0,0.0,1.399734,1.044608,ITA,BGD,9022
2227425,114,22,1811,2003,1780483.0,0.0,2.4686630000000003,0.48072600000000004,JPN,BGD,9022
2227426,121,22,1811,2003,1586799.0,0.0,1.2611709999999998,0.956308,KOR,BGD,9022
2227427,153,22,1811,2003,150371.0,0.0,0.728804,0.2168,MYS,BGD,9022
2227428,162,22,1811,2003,104298.0,0.0,1.168453,1.7085709999999998,NLD,BGD,9022
2227429,168,22,1811,2003,31727.0,0.0,-0.6659689999999999,0.137924,PAK,BGD,9022
2227430,178,22,1811,2003,3702.0,0.0,0.7060420000000001,0.7718,PRK,BGD,9022
2227431,186,22,1811,2003,14529.0,0.0,1.072729,0.338355,RUS,BGD,9022
2227432,192,22,1811,2003,105146.0,0.0,1.5080799999999999,0.720337,SGP,BGD,9022
2227433,208,22,1811,2003,0.0,1103.0,2.099224,0.799982,SWE,BGD,9022
2227434,228,22,1811,2003,2851.0,0.0,0.8929389999999999,0.956685,UKR,BGD,9022
2227435,231,22,1811,2003,24160.0,0.0,1.7789220000000001,0.064028,USA,BGD,9022
2227436,249,22,1811,2003,4438.0,0.0,1.5924040000000002,1.397843,TWN,BGD,9022
2227437,39,25,1811,2003,2714.0,0.0,0.9791540000000001,1.185081,CAN,BHS,9022
2227438,231,25,1811,2003,1663844.0,10510.0,1.7789220000000001,0.064028,USA,BHS,9022
2227439,2,32,1811,2003,0.0,25038.0,-1.8762919999999998,-1.176541,AGO,BRA,9022
2227440,6,32,1811,2003,0.0,1273.0,0.108903,-0.650137,ANT,BRA,9022
2227441,7,32,1811,2003,0.0,17273.0,0.049637,-0.502691,ARE,BRA,9022
2227442,8,32,1811,2003,76724.0,28088.0,0.302073,0.49069700000000005,ARG,BRA,9022
2227443,14,32,1811,2003,49305.0,1813.0,0.316879,0.9409489999999999,AUS,BRA,9022
2227444,15,32,1811,2003,28734.0,0.0,1.834977,0.408096,AUT,BRA,9022
2227445,18,32,1811,2003,640930.0,0.0,1.361682,1.39536,BEL,BRA,9022
2227446,31,32,1811,2003,0.0,123369.0,-0.787995,-0.7228899999999999,BOL,BRA,9022
2227447,39,32,1811,2003,182395.0,10354.0,0.9791540000000001,1.185081,CAN,BRA,9022
2227448,41,32,1811,2003,305361.0,31025.0,2.151037,0.711217,CHE,BRA,9022
2227449,42,32,1811,2003,0.0,151298.0,-0.06375900000000001,-0.156808,CHL,BRA,9022
2227450,43,32,1811,2003,1082150.0,18284.0,0.579431,2.773139,CHN,BRA,9022
2227451,49,32,1811,2003,0.0,13605.0,0.218336,0.376869,COL,BRA,9022
2227452,51,32,1811,2003,0.0,2388.0,0.070649,-0.541279,CPV,BRA,9022
2227453,52,32,1811,2003,0.0,81771.0,-0.193904,-0.5049680000000001,CRI,BRA,9022
2227454,54,32,1811,2003,0.0,1361.0,-0.391515,-0.8562120000000001,CUB,BRA,9022
2227455,61,32,1811,2003,15737367.0,349443.0,2.2821919999999998,-2.0985150000000004,DEU,BRA,9022
2227456,64,32,1811,2003,17330.0,0.0,1.309564,1.245596,DNK,BRA,9022
2227457,65,32,1811,2003,0.0,10358.0,-0.46264399999999994,-0.245034,DOM,BRA,9022
2227458,66,32,1811,2003,0.0,5950.0,-1.060727,-1.142594,DZA,BRA,9022
2227459,67,32,1811,2003,0.0,157598.0,-0.8689370000000001,-0.889767,ECU,BRA,9022
2227460,68,32,1811,2003,0.0,2491.0,-0.292923,0.465433,EGY,BRA,9022
2227461,71,32,1811,2003,498831.0,0.0,0.960684,2.074792,ESP,BRA,9022
2227462,74,32,1811,2003,454370.0,0.0,2.077889,0.942501,FIN,BRA,9022
2227463,77,32,1811,2003,1307635.0,101637.0,1.606606,0.7394149999999999,FRA,BRA,9022
2227464,81,32,1811,2003,904331.0,10591.0,1.8712540000000002,0.706205,GBR,BRA,9022
2227465,93,32,1811,2003,0.0,7754.0,-0.444162,0.145319,GTM,BRA,9022
2227466,96,32,1811,2003,0.0,1066.0,-0.59035,-0.7361340000000001,GUY,BRA,9022
2227467,99,32,1811,2003,0.0,19342.0,-0.733546,-0.568585,HND,BRA,9022
2227468,101,32,1811,2003,0.0,1511.0,-1.3761290000000002,-1.006346,HTI,BRA,9022
2227469,102,32,1811,2003,660627.0,0.0,1.2003270000000001,1.091407,HUN,BRA,9022
2227470,103,32,1811,2003,0.0,9239.0,-0.16802,1.7252990000000001,IDN,BRA,9022
2227471,104,32,1811,2003,1962736.0,59595.0,0.33014099999999996,2.836003,IND,BRA,9022
2227472,106,32,1811,2003,97540.0,0.0,1.6396130000000002,0.220599,IRL,BRA,9022
2227473,107,32,1811,2003,0.0,25380.0,-0.552146,-0.8668520000000001,IRN,BRA,9022
2227474,110,32,1811,2003,1948366.0,4325.0,1.157809,0.682195,ISR,BRA,9022
2227475,111,32,1811,2003,1788723.0,8244.0,1.399734,1.044608,ITA,BRA,9022
2227476,113,32,1811,2003,0.0,9111.0,0.12295,0.377031,JOR,BRA,9022
2227477,114,32,1811,2003,8205052.0,29441.0,2.4686630000000003,0.48072600000000004,JPN,BRA,9022
2227478,116,32,1811,2003,0.0,5707.0,-0.3531,0.582992,KEN,BRA,9022
2227479,121,32,1811,2003,179511.0,0.0,1.2611709999999998,0.956308,KOR,BRA,9022
2227480,124,32,1811,2003,0.0,26049.0,0.261687,1.053856,LBN,BRA,9022
2227481,126,32,1811,2003,0.0,13526.0,-0.36075999999999997,-1.110575,LBY,BRA,9022
2227482,134,32,1811,2003,0.0,3965.0,-0.6842050000000001,-0.217892,MAR,BRA,9022
2227483,138,32,1811,2003,250439.0,529048.0,0.862509,0.756684,MEX,BRA,9022
2227484,160,32,1811,2003,0.0,9445.0,-0.8661459999999999,-0.8661690000000001,NIC,BRA,9022
2227485,162,32,1811,2003,12202976.0,691042.0,1.168453,1.7085709999999998,NLD,BRA,9022
2227486,163,32,1811,2003,266798.0,0.0,1.1500620000000001,0.258554,NOR,BRA,9022
2227487,169,32,1811,2003,0.0,17575.0,-0.050386,-0.039619999999999995,PAN,BRA,9022
2227488,173,32,1811,2003,0.0,156828.0,-0.48627,0.371354,PER,BRA,9022
2227489,174,32,1811,2003,0.0,19639.0,-0.065022,-0.195144,PHL,BRA,9022
2227490,177,32,1811,2003,0.0,2409.0,0.966622,1.664838,POL,BRA,9022
2227491,178,32,1811,2003,153533.0,0.0,0.7060420000000001,0.7718,PRK,BRA,9022
2227492,179,32,1811,2003,0.0,5241.0,0.471376,1.647303,PRT,BRA,9022
2227493,180,32,1811,2003,0.0,56903.0,-0.607733,-0.8577879999999999,PRY,BRA,9022
2227494,186,32,1811,2003,59580.0,29064.0,1.072729,0.338355,RUS,BRA,9022
2227495,188,32,1811,2003,0.0,6881.0,0.202286,-0.714691,SAU,BRA,9022
2227496,191,32,1811,2003,0.0,2928.0,-0.25203600000000004,-0.25549299999999997,SEN,BRA,9022
2227497,192,32,1811,2003,957.0,0.0,1.5080799999999999,0.720337,SGP,BRA,9022
2227498,197,32,1811,2003,0.0,6546.0,-0.251357,-0.189917,SLV,BRA,9022
2227499,206,32,1811,2003,0.0,635.0,1.22565,0.915518,SVK,BRA,9022
2227500,208,32,1811,2003,849230.0,2469.0,2.099224,0.799982,SWE,BRA,9022
2227501,212,32,1811,2003,0.0,18157.0,-0.868749,-0.326322,SYR,BRA,9022
2227502,216,32,1811,2003,0.0,2129.0,0.43010699999999996,1.607408,THA,BRA,9022
2227503,222,32,1811,2003,0.0,8173.0,-0.16738,-0.9820969999999999,TTO,BRA,9022
2227504,223,32,1811,2003,0.0,6354.0,-0.14845999999999998,0.255092,TUN,BRA,9022
2227505,224,32,1811,2003,0.0,217479.0,0.192802,1.9855060000000002,TUR,BRA,9022
2227506,228,32,1811,2003,0.0,9990.0,0.8929389999999999,0.956685,UKR,BRA,9022
2227507,230,32,1811,2003,0.0,10968.0,0.19792200000000001,0.243104,URY,BRA,9022
2227508,231,32,1811,2003,85437101.0,641946.0,1.7789220000000001,0.064028,USA,BRA,9022
2227509,236,32,1811,2003,61331.0,26002.0,0.277805,-0.783697,VEN,BRA,9022
2227510,239,32,1811,2003,0.0,16174.0,-0.633985,0.659696,VNM,BRA,9022
2227511,243,32,1811,2003,0.0,3768.0,-1.453584,-1.257815,YEM,BRA,9022
2227512,246,32,1811,2003,0.0,3611.0,0.477987,2.255395,ZAF,BRA,9022
2227513,39,33,1811,2003,40641.0,0.0,0.9791540000000001,1.185081,CAN,BRB,9022
2227514,41,33,1811,2003,15042.0,701.0,2.151037,0.711217,CHE,BRB,9022
2227515,43,33,1811,2003,469.0,0.0,0.579431,2.773139,CHN,BRB,9022
2227516,61,33,1811,2003,17445.0,4097.0,2.2821919999999998,-2.0985150000000004,DEU,BRB,9022
2227517,114,33,1811,2003,5361.0,0.0,2.4686630000000003,0.48072600000000004,JPN,BRB,9022
2227518,231,33,1811,2003,328953.0,3708.0,1.7789220000000001,0.064028,USA,BRB,9022
2227519,1,39,1811,2003,0.0,30028.0,-0.421205,-0.602704,AFG,CAN,9022
2227520,7,39,1811,2003,0.0,136085.0,0.049637,-0.502691,ARE,CAN,9022
2227521,8,39,1811,2003,0.0,92277.0,0.302073,0.49069700000000005,ARG,CAN,9022
2227522,14,39,1811,2003,419193.0,945802.0,0.316879,0.9409489999999999,AUS,CAN,9022
2227523,15,39,1811,2003,21868.0,37222.0,1.834977,0.408096,AUT,CAN,9022
2227524,16,39,1811,2003,0.0,6724.0,-0.304606,-0.975453,AZE,CAN,9022
2227525,18,39,1811,2003,312373.0,32696.0,1.361682,1.39536,BEL,CAN,9022
2227526,21,39,1811,2003,0.0,1728.0,-0.9365690000000001,-0.9699409999999999,BFA,CAN,9022
2227527,22,39,1811,2003,0.0,496444.0,-1.168404,-1.035782,BGD,CAN,9022
2227528,25,39,1811,2003,0.0,2714.0,0.614422,-0.40984,BHS,CAN,9022
2227529,28,39,1811,2003,0.0,231518.0,0.847358,0.9307719999999999,BLR,CAN,9022
2227530,30,39,1811,2003,2106.0,0.0,0.9966459999999999,-0.5183270000000001,BMU,CAN,9022
2227531,31,39,1811,2003,0.0,33037.0,-0.787995,-0.7228899999999999,BOL,CAN,9022
2227532,32,39,1811,2003,10354.0,182395.0,0.660576,1.118876,BRA,CAN,9022
2227533,33,39,1811,2003,0.0,40641.0,0.744166,0.074191,BRB,CAN,9022
2227534,41,39,1811,2003,366866.0,2262613.0,2.151037,0.711217,CHE,CAN,9022
2227535,42,39,1811,2003,0.0,392285.0,-0.06375900000000001,-0.156808,CHL,CAN,9022
2227536,43,39,1811,2003,499869.0,3438771.0,0.579431,2.773139,CHN,CAN,9022
2227537,49,39,1811,2003,0.0,20778.0,0.218336,0.376869,COL,CAN,9022
2227538,52,39,1811,2003,0.0,18866.0,-0.193904,-0.5049680000000001,CRI,CAN,9022
2227539,54,39,1811,2003,14825.0,1143660.0,-0.391515,-0.8562120000000001,CUB,CAN,9022
2227540,59,39,1811,2003,0.0,236460.0,1.555749,0.8662059999999999,CZE,CAN,9022
2227541,61,39,1811,2003,47912190.0,5462359.0,2.2821919999999998,-2.0985150000000004,DEU,CAN,9022
2227542,63,39,1811,2003,0.0,201088.0,0.11903299999999999,-0.21768200000000001,DMA,CAN,9022
2227543,64,39,1811,2003,427787.0,747595.0,1.309564,1.245596,DNK,CAN,9022
2227544,67,39,1811,2003,0.0,351188.0,-0.8689370000000001,-0.889767,ECU,CAN,9022
2227545,68,39,1811,2003,0.0,262491.0,-0.292923,0.465433,EGY,CAN,9022
2227546,71,39,1811,2003,142829.0,69390.0,0.960684,2.074792,ESP,CAN,9022
2227547,73,39,1811,2003,0.0,287172.0,-1.1145559999999999,-0.9599620000000001,ETH,CAN,9022
2227548,74,39,1811,2003,1842794.0,243252.0,2.077889,0.942501,FIN,CAN,9022
2227549,75,39,1811,2003,0.0,819.0,-0.6865640000000001,-0.326977,FJI,CAN,9022
2227550,77,39,1811,2003,4420589.0,643127.0,1.606606,0.7394149999999999,FRA,CAN,9022
2227551,81,39,1811,2003,5372542.0,1592426.0,1.8712540000000002,0.706205,GBR,CAN,9022
2227552,83,39,1811,2003,0.0,2775.0,-1.074188,-0.7127319999999999,GHA,CAN,9022
2227553,90,39,1811,2003,0.0,765134.0,0.364688,1.4823959999999998,GRC,CAN,9022
2227554,91,39,1811,2003,0.0,2095.0,0.3936,-0.258355,GRD,CAN,9022
2227555,96,39,1811,2003,0.0,7870.0,-0.59035,-0.7361340000000001,GUY,CAN,9022
2227556,97,39,1811,2003,5621.0,648394.0,0.494569,2.147062,HKG,CAN,9022
2227557,100,39,1811,2003,0.0,7966.0,0.568394,1.230759,HRV,CAN,9022
2227558,101,39,1811,2003,0.0,6059.0,-1.3761290000000002,-1.006346,HTI,CAN,9022
2227559,102,39,1811,2003,170104.0,486599.0,1.2003270000000001,1.091407,HUN,CAN,9022
2227560,103,39,1811,2003,0.0,27917.0,-0.16802,1.7252990000000001,IDN,CAN,9022
2227561,104,39,1811,2003,288894.0,3073656.0,0.33014099999999996,2.836003,IND,CAN,9022
2227562,106,39,1811,2003,2003671.0,52925.0,1.6396130000000002,0.220599,IRL,CAN,9022
2227563,107,39,1811,2003,1109.0,17325.0,-0.552146,-0.8668520000000001,IRN,CAN,9022
2227564,109,39,1811,2003,0.0,2839.0,0.21902800000000003,-0.40818499999999996,ISL,CAN,9022
2227565,110,39,1811,2003,3313909.0,754954.0,1.157809,0.682195,ISR,CAN,9022
2227566,111,39,1811,2003,877555.0,3239349.0,1.399734,1.044608,ITA,CAN,9022
2227567,112,39,1811,2003,0.0,65451.0,-0.6684140000000001,-0.915817,JAM,CAN,9022
2227568,113,39,1811,2003,0.0,94270.0,0.12295,0.377031,JOR,CAN,9022
2227569,114,39,1811,2003,14980319.0,2166463.0,2.4686630000000003,0.48072600000000004,JPN,CAN,9022
2227570,116,39,1811,2003,0.0,30480.0,-0.3531,0.582992,KEN,CAN,9022
2227571,121,39,1811,2003,358572.0,321830.0,1.2611709999999998,0.956308,KOR,CAN,9022
2227572,122,39,1811,2003,0.0,22214.0,-0.7943640000000001,-1.1529770000000001,KWT,CAN,9022
2227573,126,39,1811,2003,0.0,50597.0,-0.36075999999999997,-1.110575,LBY,CAN,9022
2227574,127,39,1811,2003,0.0,153786.0,0.318385,-0.342679,LCA,CAN,9022
2227575,128,39,1811,2003,0.0,17309.0,-0.618057,0.101931,LKA,CAN,9022
2227576,130,39,1811,2003,0.0,82430.0,0.239608,0.517299,LTU,CAN,9022
2227577,134,39,1811,2003,977.0,0.0,-0.6842050000000001,-0.217892,MAR,CAN,9022
2227578,138,39,1811,2003,2617127.0,158512.0,0.862509,0.756684,MEX,CAN,9022
2227579,143,39,1811,2003,0.0,265733.0,-1.435123,-1.0948,MMR,CAN,9022
2227580,153,39,1811,2003,7377.0,670621.0,0.728804,0.2168,MYS,CAN,9022
2227581,162,39,1811,2003,6773821.0,1073648.0,1.168453,1.7085709999999998,NLD,CAN,9022
2227582,163,39,1811,2003,24452.0,62119.0,1.1500620000000001,0.258554,NOR,CAN,9022
2227583,166,39,1811,2003,0.0,4591.0,0.589619,0.997301,NZL,CAN,9022
2227584,167,39,1811,2003,0.0,8946.0,-1.434873,-1.188123,OMN,CAN,9022
2227585,168,39,1811,2003,5223.0,543453.0,-0.6659689999999999,0.137924,PAK,CAN,9022
2227586,169,39,1811,2003,0.0,4954.0,-0.050386,-0.039619999999999995,PAN,CAN,9022
2227587,173,39,1811,2003,0.0,296369.0,-0.48627,0.371354,PER,CAN,9022
2227588,174,39,1811,2003,0.0,82866.0,-0.065022,-0.195144,PHL,CAN,9022
2227589,177,39,1811,2003,0.0,174051.0,0.966622,1.664838,POL,CAN,9022
2227590,179,39,1811,2003,0.0,28523.0,0.471376,1.647303,PRT,CAN,9022
2227591,183,39,1811,2003,0.0,11263.0,-0.209042,-1.0565799999999999,QAT,CAN,9022
2227592,185,39,1811,2003,0.0,16033.0,0.378379,1.0064620000000002,ROU,CAN,9022
2227593,186,39,1811,2003,5990.0,2323408.0,1.072729,0.338355,RUS,CAN,9022
2227594,188,39,1811,2003,2052.0,123241.0,0.202286,-0.714691,SAU,CAN,9022
2227595,190,39,1811,2003,0.0,104084.0,-1.3535059999999999,-1.1701409999999999,SDN,CAN,9022
2227596,192,39,1811,2003,2985.0,1283.0,1.5080799999999999,0.720337,SGP,CAN,9022
2227597,197,39,1811,2003,0.0,216451.0,-0.251357,-0.189917,SLV,CAN,9022
2227598,206,39,1811,2003,0.0,134044.0,1.22565,0.915518,SVK,CAN,9022
2227599,208,39,1811,2003,3733335.0,603517.0,2.099224,0.799982,SWE,CAN,9022
2227600,212,39,1811,2003,0.0,382899.0,-0.868749,-0.326322,SYR,CAN,9022
2227601,216,39,1811,2003,0.0,151620.0,0.43010699999999996,1.607408,THA,CAN,9022
2227602,222,39,1811,2003,0.0,22534.0,-0.16738,-0.9820969999999999,TTO,CAN,9022
2227603,223,39,1811,2003,0.0,2638.0,-0.14845999999999998,0.255092,TUN,CAN,9022
2227604,224,39,1811,2003,0.0,1643221.0,0.192802,1.9855060000000002,TUR,CAN,9022
2227605,228,39,1811,2003,0.0,322129.0,0.8929389999999999,0.956685,UKR,CAN,9022
2227606,230,39,1811,2003,0.0,5242.0,0.19792200000000001,0.243104,URY,CAN,9022
2227607,231,39,1811,2003,164547839.0,27185985.0,1.7789220000000001,0.064028,USA,CAN,9022
2227608,236,39,1811,2003,36797.0,14016.0,0.277805,-0.783697,VEN,CAN,9022
2227609,246,39,1811,2003,50186.0,515330.0,0.477987,2.255395,ZAF,CAN,9022
2227610,249,39,1811,2003,13352.0,3225.0,1.5924040000000002,1.397843,TWN,CAN,9022
2227611,4,41,1811,2003,0.0,19650.0,-0.053595000000000004,0.166034,ALB,CHE,9022
2227612,7,41,1811,2003,0.0,369140.0,0.049637,-0.502691,ARE,CHE,9022
2227613,8,41,1811,2003,0.0,9661.0,0.302073,0.49069700000000005,ARG,CHE,9022
2227614,14,41,1811,2003,16054.0,1267074.0,0.316879,0.9409489999999999,AUS,CHE,9022
2227615,15,41,1811,2003,231900.0,1683357.0,1.834977,0.408096,AUT,CHE,9022
2227616,16,41,1811,2003,0.0,22585.0,-0.304606,-0.975453,AZE,CHE,9022
2227617,18,41,1811,2003,1034379.0,782373.0,1.361682,1.39536,BEL,CHE,9022
2227618,22,41,1811,2003,0.0,11573.0,-1.168404,-1.035782,BGD,CHE,9022
2227619,23,41,1811,2003,0.0,70567.0,0.43308599999999997,1.7104099999999998,BGR,CHE,9022
2227620,24,41,1811,2003,0.0,6527.0,-0.10968800000000001,-1.041032,BHR,CHE,9022
2227621,26,41,1811,2003,0.0,436.0,0.195667,0.347011,BIH,CHE,9022
2227622,28,41,1811,2003,0.0,1044.0,0.847358,0.9307719999999999,BLR,CHE,9022
2227623,31,41,1811,2003,0.0,147616.0,-0.787995,-0.7228899999999999,BOL,CHE,9022
2227624,32,41,1811,2003,31025.0,305361.0,0.660576,1.118876,BRA,CHE,9022
2227625,33,41,1811,2003,701.0,15042.0,0.744166,0.074191,BRB,CHE,9022
2227626,39,41,1811,2003,2262613.0,366866.0,0.9791540000000001,1.185081,CAN,CHE,9022
2227627,42,41,1811,2003,0.0,19634.0,-0.06375900000000001,-0.156808,CHL,CHE,9022
2227628,43,41,1811,2003,49334.0,6359491.0,0.579431,2.773139,CHN,CHE,9022
2227629,45,41,1811,2003,0.0,9445.0,-1.254788,-1.10897,CMR,CHE,9022
2227630,49,41,1811,2003,0.0,236813.0,0.218336,0.376869,COL,CHE,9022
2227631,52,41,1811,2003,0.0,24342.0,-0.193904,-0.5049680000000001,CRI,CHE,9022
2227632,58,41,1811,2003,0.0,34106.0,0.259992,0.068914,CYP,CHE,9022
2227633,59,41,1811,2003,595915.0,2018145.0,1.555749,0.8662059999999999,CZE,CHE,9022
2227634,61,41,1811,2003,52731944.0,17400832.0,2.2821919999999998,-2.0985150000000004,DEU,CHE,9022
2227635,64,41,1811,2003,85256.0,1157827.0,1.309564,1.245596,DNK,CHE,9022
2227636,65,41,1811,2003,0.0,146539.0,-0.46264399999999994,-0.245034,DOM,CHE,9022
2227637,67,41,1811,2003,0.0,39747.0,-0.8689370000000001,-0.889767,ECU,CHE,9022
2227638,68,41,1811,2003,7547.0,98619.0,-0.292923,0.465433,EGY,CHE,9022
2227639,71,41,1811,2003,308938.0,728276.0,0.960684,2.074792,ESP,CHE,9022
2227640,73,41,1811,2003,0.0,611.0,-1.1145559999999999,-0.9599620000000001,ETH,CHE,9022
2227641,74,41,1811,2003,1249632.0,595064.0,2.077889,0.942501,FIN,CHE,9022
2227642,77,41,1811,2003,8286754.0,5413152.0,1.606606,0.7394149999999999,FRA,CHE,9022
2227643,81,41,1811,2003,1891942.0,5145782.0,1.8712540000000002,0.706205,GBR,CHE,9022
2227644,82,41,1811,2003,0.0,2963.0,0.595485,-0.25939,GEO,CHE,9022
2227645,83,41,1811,2003,0.0,521.0,-1.074188,-0.7127319999999999,GHA,CHE,9022
2227646,90,41,1811,2003,4635.0,583712.0,0.364688,1.4823959999999998,GRC,CHE,9022
2227647,93,41,1811,2003,0.0,52700.0,-0.444162,0.145319,GTM,CHE,9022
2227648,97,41,1811,2003,33516.0,1329980.0,0.494569,2.147062,HKG,CHE,9022
2227649,100,41,1811,2003,1294.0,392541.0,0.568394,1.230759,HRV,CHE,9022
2227650,102,41,1811,2003,30311.0,31000.0,1.2003270000000001,1.091407,HUN,CHE,9022
2227651,103,41,1811,2003,0.0,15125.0,-0.16802,1.7252990000000001,IDN,CHE,9022
2227652,104,41,1811,2003,26563.0,379366.0,0.33014099999999996,2.836003,IND,CHE,9022
2227653,106,41,1811,2003,545926.0,98433.0,1.6396130000000002,0.220599,IRL,CHE,9022
2227654,107,41,1811,2003,3619.0,928729.0,-0.552146,-0.8668520000000001,IRN,CHE,9022
2227655,109,41,1811,2003,0.0,3927.0,0.21902800000000003,-0.40818499999999996,ISL,CHE,9022
2227656,110,41,1811,2003,2159938.0,573483.0,1.157809,0.682195,ISR,CHE,9022
2227657,111,41,1811,2003,2799629.0,3104758.0,1.399734,1.044608,ITA,CHE,9022
2227658,113,41,1811,2003,0.0,11824.0,0.12295,0.377031,JOR,CHE,9022
2227659,114,41,1811,2003,1425562.0,1294795.0,2.4686630000000003,0.48072600000000004,JPN,CHE,9022
2227660,115,41,1811,2003,0.0,5095.0,-0.156326,-0.62092,KAZ,CHE,9022
2227661,116,41,1811,2003,0.0,3463.0,-0.3531,0.582992,KEN,CHE,9022
2227662,121,41,1811,2003,84364.0,779459.0,1.2611709999999998,0.956308,KOR,CHE,9022
2227663,122,41,1811,2003,0.0,18635.0,-0.7943640000000001,-1.1529770000000001,KWT,CHE,9022
2227664,124,41,1811,2003,0.0,23343.0,0.261687,1.053856,LBN,CHE,9022
2227665,126,41,1811,2003,0.0,2164319.0,-0.36075999999999997,-1.110575,LBY,CHE,9022
2227666,128,41,1811,2003,0.0,4201.0,-0.618057,0.101931,LKA,CHE,9022
2227667,129,41,1811,2003,0.0,1598.0,-1.405425,-1.046031,LSO,CHE,9022
2227668,130,41,1811,2003,0.0,3166.0,0.239608,0.517299,LTU,CHE,9022
2227669,131,41,1811,2003,0.0,42614.0,1.444996,1.063764,LUX,CHE,9022
2227670,132,41,1811,2003,0.0,479147.0,0.520772,0.5631689999999999,LVA,CHE,9022
2227671,134,41,1811,2003,0.0,18042.0,-0.6842050000000001,-0.217892,MAR,CHE,9022
2227672,137,41,1811,2003,0.0,3399.0,-1.201352,-1.031892,MDV,CHE,9022
2227673,138,41,1811,2003,0.0,527488.0,0.862509,0.756684,MEX,CHE,9022
2227674,140,41,1811,2003,0.0,4380.0,-0.017632,0.225394,MKD,CHE,9022
2227675,141,41,1811,2003,0.0,23004.0,-0.786411,-0.879049,MLI,CHE,9022
2227676,148,41,1811,2003,0.0,21192.0,-1.069232,-1.184061,MRT,CHE,9022
2227677,151,41,1811,2003,0.0,8598.0,-0.361514,-0.29839899999999997,MUS,CHE,9022
2227678,153,41,1811,2003,0.0,489682.0,0.728804,0.2168,MYS,CHE,9022
2227679,156,41,1811,2003,0.0,232.0,-0.344934,-0.776632,NCL,CHE,9022
2227680,162,41,1811,2003,9293963.0,6189425.0,1.168453,1.7085709999999998,NLD,CHE,9022
2227681,163,41,1811,2003,10067.0,713843.0,1.1500620000000001,0.258554,NOR,CHE,9022
2227682,164,41,1811,2003,0.0,1686.0,-0.26353899999999997,1.351717,NPL,CHE,9022
2227683,166,41,1811,2003,0.0,87282.0,0.589619,0.997301,NZL,CHE,9022
2227684,167,41,1811,2003,0.0,752721.0,-1.434873,-1.188123,OMN,CHE,9022
2227685,168,41,1811,2003,0.0,148703.0,-0.6659689999999999,0.137924,PAK,CHE,9022
2227686,169,41,1811,2003,0.0,1720.0,-0.050386,-0.039619999999999995,PAN,CHE,9022
2227687,173,41,1811,2003,0.0,4080.0,-0.48627,0.371354,PER,CHE,9022
2227688,174,41,1811,2003,0.0,1490.0,-0.065022,-0.195144,PHL,CHE,9022
2227689,177,41,1811,2003,2902.0,1887459.0,0.966622,1.664838,POL,CHE,9022
2227690,179,41,1811,2003,4486.0,53287.0,0.471376,1.647303,PRT,CHE,9022
2227691,183,41,1811,2003,0.0,1785.0,-0.209042,-1.0565799999999999,QAT,CHE,9022
2227692,185,41,1811,2003,36387.0,1699636.0,0.378379,1.0064620000000002,ROU,CHE,9022
2227693,186,41,1811,2003,35426.0,2536730.0,1.072729,0.338355,RUS,CHE,9022
2227694,188,41,1811,2003,0.0,500401.0,0.202286,-0.714691,SAU,CHE,9022
2227695,189,41,1811,2003,0.0,328999.0,0.575326,1.627894,SCG,CHE,9022
2227696,191,41,1811,2003,0.0,73597.0,-0.25203600000000004,-0.25549299999999997,SEN,CHE,9022
2227697,192,41,1811,2003,2489.0,231089.0,1.5080799999999999,0.720337,SGP,CHE,9022
2227698,206,41,1811,2003,0.0,111852.0,1.22565,0.915518,SVK,CHE,9022
2227699,207,41,1811,2003,0.0,1651.0,1.6459840000000001,1.014191,SVN,CHE,9022
2227700,208,41,1811,2003,788022.0,1641720.0,2.099224,0.799982,SWE,CHE,9022
2227701,212,41,1811,2003,0.0,11062.0,-0.868749,-0.326322,SYR,CHE,9022
2227702,216,41,1811,2003,0.0,48240.0,0.43010699999999996,1.607408,THA,CHE,9022
2227703,219,41,1811,2003,0.0,167307.0,-1.223295,-1.250217,TKM,CHE,9022
2227704,222,41,1811,2003,0.0,14086.0,-0.16738,-0.9820969999999999,TTO,CHE,9022
2227705,223,41,1811,2003,0.0,194364.0,-0.14845999999999998,0.255092,TUN,CHE,9022
2227706,224,41,1811,2003,0.0,84697.0,0.192802,1.9855060000000002,TUR,CHE,9022
2227707,226,41,1811,2003,0.0,78563.0,-1.225217,-0.43662399999999996,TZA,CHE,9022
2227708,227,41,1811,2003,0.0,8070.0,-0.895193,-0.712039,UGA,CHE,9022
2227709,228,41,1811,2003,3445.0,376652.0,0.8929389999999999,0.956685,UKR,CHE,9022
2227710,231,41,1811,2003,23870140.0,67716327.0,1.7789220000000001,0.064028,USA,CHE,9022
2227711,236,41,1811,2003,0.0,494658.0,0.277805,-0.783697,VEN,CHE,9022
2227712,239,41,1811,2003,0.0,16436.0,-0.633985,0.659696,VNM,CHE,9022
2227713,246,41,1811,2003,14725.0,1386839.0,0.477987,2.255395,ZAF,CHE,9022
2227714,249,41,1811,2003,6738.0,307373.0,1.5924040000000002,1.397843,TWN,CHE,9022
2227715,8,42,1811,2003,90050.0,20764.0,0.302073,0.49069700000000005,ARG,CHL,9022
2227716,14,42,1811,2003,11614.0,0.0,0.316879,0.9409489999999999,AUS,CHL,9022
2227717,15,42,1811,2003,1353.0,0.0,1.834977,0.408096,AUT,CHL,9022
2227718,18,42,1811,2003,161077.0,0.0,1.361682,1.39536,BEL,CHL,9022
2227719,31,42,1811,2003,0.0,30844.0,-0.787995,-0.7228899999999999,BOL,CHL,9022
2227720,32,42,1811,2003,151298.0,0.0,0.660576,1.118876,BRA,CHL,9022
2227721,39,42,1811,2003,392285.0,0.0,0.9791540000000001,1.185081,CAN,CHL,9022
2227722,41,42,1811,2003,19634.0,0.0,2.151037,0.711217,CHE,CHL,9022
2227723,43,42,1811,2003,99915.0,0.0,0.579431,2.773139,CHN,CHL,9022
2227724,52,42,1811,2003,0.0,2365.0,-0.193904,-0.5049680000000001,CRI,CHL,9022
2227725,61,42,1811,2003,3234561.0,953.0,2.2821919999999998,-2.0985150000000004,DEU,CHL,9022
2227726,71,42,1811,2003,40775.0,9085.0,0.960684,2.074792,ESP,CHL,9022
2227727,74,42,1811,2003,431183.0,0.0,2.077889,0.942501,FIN,CHL,9022
2227728,77,42,1811,2003,211581.0,0.0,1.606606,0.7394149999999999,FRA,CHL,9022
2227729,81,42,1811,2003,480818.0,0.0,1.8712540000000002,0.706205,GBR,CHL,9022
2227730,104,42,1811,2003,9073.0,0.0,0.33014099999999996,2.836003,IND,CHL,9022
2227731,110,42,1811,2003,50080.0,0.0,1.157809,0.682195,ISR,CHL,9022
2227732,111,42,1811,2003,97314.0,1172.0,1.399734,1.044608,ITA,CHL,9022
2227733,114,42,1811,2003,983695.0,3268.0,2.4686630000000003,0.48072600000000004,JPN,CHL,9022
2227734,121,42,1811,2003,73464.0,0.0,1.2611709999999998,0.956308,KOR,CHL,9022
2227735,138,42,1811,2003,41414.0,0.0,0.862509,0.756684,MEX,CHL,9022
2227736,162,42,1811,2003,374037.0,40753.0,1.168453,1.7085709999999998,NLD,CHL,9022
2227737,163,42,1811,2003,36072.0,0.0,1.1500620000000001,0.258554,NOR,CHL,9022
2227738,173,42,1811,2003,0.0,52693.0,-0.48627,0.371354,PER,CHL,9022
2227739,208,42,1811,2003,17023.0,0.0,2.099224,0.799982,SWE,CHL,9022
2227740,231,42,1811,2003,6900994.0,117671.0,1.7789220000000001,0.064028,USA,CHL,9022
2227741,250,42,1811,2003,918734.0,0.0,0.45951499999999995,-0.2312,ANS,CHL,9022
2227742,1,43,1811,2003,0.0,7978.0,-0.421205,-0.602704,AFG,CHN,9022
2227743,4,43,1811,2003,0.0,1188.0,-0.053595000000000004,0.166034,ALB,CHN,9022
2227744,7,43,1811,2003,0.0,297268.0,0.049637,-0.502691,ARE,CHN,9022
2227745,8,43,1811,2003,0.0,113612.0,0.302073,0.49069700000000005,ARG,CHN,9022
2227746,14,43,1811,2003,312801.0,4559721.0,0.316879,0.9409489999999999,AUS,CHN,9022
2227747,15,43,1811,2003,2254393.0,19225.0,1.834977,0.408096,AUT,CHN,9022
2227748,18,43,1811,2003,1249409.0,884782.0,1.361682,1.39536,BEL,CHN,9022
2227749,19,43,1811,2003,0.0,11372.0,-1.150888,-0.956203,BEN,CHN,9022
2227750,22,43,1811,2003,0.0,738681.0,-1.168404,-1.035782,BGD,CHN,9022
2227751,24,43,1811,2003,0.0,5110.0,-0.10968800000000001,-1.041032,BHR,CHN,9022
2227752,28,43,1811,2003,0.0,96224.0,0.847358,0.9307719999999999,BLR,CHN,9022
2227753,32,43,1811,2003,18284.0,1082150.0,0.660576,1.118876,BRA,CHN,9022
2227754,33,43,1811,2003,0.0,469.0,0.744166,0.074191,BRB,CHN,9022
2227755,39,43,1811,2003,3438771.0,499869.0,0.9791540000000001,1.185081,CAN,CHN,9022
2227756,41,43,1811,2003,6359491.0,49334.0,2.151037,0.711217,CHE,CHN,9022
2227757,42,43,1811,2003,0.0,99915.0,-0.06375900000000001,-0.156808,CHL,CHN,9022
2227758,44,43,1811,2003,0.0,166849.0,-0.699928,-0.723739,CIV,CHN,9022
2227759,45,43,1811,2003,0.0,32297.0,-1.254788,-1.10897,CMR,CHN,9022
2227760,49,43,1811,2003,0.0,10995.0,0.218336,0.376869,COL,CHN,9022
2227761,52,43,1811,2003,66950.0,2350.0,-0.193904,-0.5049680000000001,CRI,CHN,9022
2227762,54,43,1811,2003,0.0,189071.0,-0.391515,-0.8562120000000001,CUB,CHN,9022
2227763,58,43,1811,2003,0.0,202256.0,0.259992,0.068914,CYP,CHN,9022
2227764,59,43,1811,2003,26792.0,433174.0,1.555749,0.8662059999999999,CZE,CHN,9022
2227765,61,43,1811,2003,151454468.0,4952172.0,2.2821919999999998,-2.0985150000000004,DEU,CHN,9022
2227766,62,43,1811,2003,0.0,49873.0,-0.41648500000000005,-0.5408350000000001,DJI,CHN,9022
2227767,64,43,1811,2003,383340.0,701349.0,1.309564,1.245596,DNK,CHN,9022
2227768,65,43,1811,2003,0.0,3059.0,-0.46264399999999994,-0.245034,DOM,CHN,9022
2227769,66,43,1811,2003,0.0,698748.0,-1.060727,-1.142594,DZA,CHN,9022
2227770,67,43,1811,2003,0.0,107520.0,-0.8689370000000001,-0.889767,ECU,CHN,9022
2227771,68,43,1811,2003,0.0,167868.0,-0.292923,0.465433,EGY,CHN,9022
2227772,71,43,1811,2003,5410942.0,1240535.0,0.960684,2.074792,ESP,CHN,9022
2227773,72,43,1811,2003,0.0,602408.0,0.5913010000000001,0.8489979999999999,EST,CHN,9022
2227774,73,43,1811,2003,0.0,97356.0,-1.1145559999999999,-0.9599620000000001,ETH,CHN,9022
2227775,74,43,1811,2003,2654796.0,474499.0,2.077889,0.942501,FIN,CHN,9022
2227776,75,43,1811,2003,0.0,21761.0,-0.6865640000000001,-0.326977,FJI,CHN,9022
2227777,77,43,1811,2003,19320258.0,9006386.0,1.606606,0.7394149999999999,FRA,CHN,9022
2227778,78,43,1811,2003,0.0,3582.0,-0.46422299999999994,-0.8072050000000001,FRO,CHN,9022
2227779,81,43,1811,2003,26688850.0,3340058.0,1.8712540000000002,0.706205,GBR,CHN,9022
2227780,82,43,1811,2003,0.0,2838.0,0.595485,-0.25939,GEO,CHN,9022
2227781,83,43,1811,2003,0.0,1869729.0,-1.074188,-0.7127319999999999,GHA,CHN,9022
2227782,90,43,1811,2003,0.0,385501.0,0.364688,1.4823959999999998,GRC,CHN,9022
2227783,97,43,1811,2003,8796094.0,9231030.0,0.494569,2.147062,HKG,CHN,9022
2227784,102,43,1811,2003,1449238.0,789255.0,1.2003270000000001,1.091407,HUN,CHN,9022
2227785,103,43,1811,2003,0.0,693608.0,-0.16802,1.7252990000000001,IDN,CHN,9022
2227786,104,43,1811,2003,14031775.0,5413439.0,0.33014099999999996,2.836003,IND,CHN,9022
2227787,106,43,1811,2003,937990.0,78474.0,1.6396130000000002,0.220599,IRL,CHN,9022
2227788,107,43,1811,2003,0.0,402852.0,-0.552146,-0.8668520000000001,IRN,CHN,9022
2227789,108,43,1811,2003,0.0,9213.0,-0.398557,-0.774153,IRQ,CHN,9022
2227790,109,43,1811,2003,0.0,7688.0,0.21902800000000003,-0.40818499999999996,ISL,CHN,9022
2227791,110,43,1811,2003,10459982.0,2191205.0,1.157809,0.682195,ISR,CHN,9022
2227792,111,43,1811,2003,10848710.0,4270592.0,1.399734,1.044608,ITA,CHN,9022
2227793,113,43,1811,2003,0.0,2885.0,0.12295,0.377031,JOR,CHN,9022
2227794,114,43,1811,2003,134815542.0,44028802.0,2.4686630000000003,0.48072600000000004,JPN,CHN,9022
2227795,115,43,1811,2003,0.0,1762617.0,-0.156326,-0.62092,KAZ,CHN,9022
2227796,116,43,1811,2003,0.0,74174.0,-0.3531,0.582992,KEN,CHN,9022
2227797,118,43,1811,2003,0.0,130674.0,-1.0165620000000002,-1.060454,KHM,CHN,9022
2227798,121,43,1811,2003,5110295.0,5701604.0,1.2611709999999998,0.956308,KOR,CHN,9022
2227799,122,43,1811,2003,0.0,34819.0,-0.7943640000000001,-1.1529770000000001,KWT,CHN,9022
2227800,123,43,1811,2003,0.0,67265.0,-1.251741,-1.14364,LAO,CHN,9022
2227801,124,43,1811,2003,0.0,334427.0,0.261687,1.053856,LBN,CHN,9022
2227802,126,43,1811,2003,0.0,5258.0,-0.36075999999999997,-1.110575,LBY,CHN,9022
2227803,128,43,1811,2003,0.0,2710.0,-0.618057,0.101931,LKA,CHN,9022
2227804,130,43,1811,2003,0.0,712026.0,0.239608,0.517299,LTU,CHN,9022
2227805,133,43,1811,2003,0.0,167979.0,-0.294516,-0.413828,MAC,CHN,9022
2227806,134,43,1811,2003,0.0,199157.0,-0.6842050000000001,-0.217892,MAR,CHN,9022
2227807,135,43,1811,2003,0.0,11367.0,-0.005154,-0.26107199999999997,MDA,CHN,9022
2227808,138,43,1811,2003,124234.0,1064828.0,0.862509,0.756684,MEX,CHN,9022
2227809,143,43,1811,2003,0.0,98739.0,-1.435123,-1.0948,MMR,CHN,9022
2227810,145,43,1811,2003,0.0,15858.0,-0.9747620000000001,-1.026308,MNG,CHN,9022
2227811,147,43,1811,2003,0.0,3595.0,-1.188243,-1.123693,MOZ,CHN,9022
2227812,151,43,1811,2003,0.0,382853.0,-0.361514,-0.29839899999999997,MUS,CHN,9022
2227813,153,43,1811,2003,269396.0,3890275.0,0.728804,0.2168,MYS,CHN,9022
2227814,159,43,1811,2003,0.0,27205.0,-1.859176,-1.234236,NGA,CHN,9022
2227815,160,43,1811,2003,0.0,4419.0,-0.8661459999999999,-0.8661690000000001,NIC,CHN,9022
2227816,162,43,1811,2003,26868225.0,624514.0,1.168453,1.7085709999999998,NLD,CHN,9022
2227817,163,43,1811,2003,81979.0,4125955.0,1.1500620000000001,0.258554,NOR,CHN,9022
2227818,164,43,1811,2003,0.0,12964.0,-0.26353899999999997,1.351717,NPL,CHN,9022
2227819,166,43,1811,2003,37436.0,181423.0,0.589619,0.997301,NZL,CHN,9022
2227820,168,43,1811,2003,0.0,706297.0,-0.6659689999999999,0.137924,PAK,CHN,9022
2227821,169,43,1811,2003,0.0,92936.0,-0.050386,-0.039619999999999995,PAN,CHN,9022
2227822,173,43,1811,2003,0.0,19896.0,-0.48627,0.371354,PER,CHN,9022
2227823,174,43,1811,2003,7564.0,274101.0,-0.065022,-0.195144,PHL,CHN,9022
2227824,177,43,1811,2003,0.0,406715.0,0.966622,1.664838,POL,CHN,9022
2227825,178,43,1811,2003,0.0,64424.0,0.7060420000000001,0.7718,PRK,CHN,9022
2227826,179,43,1811,2003,0.0,341669.0,0.471376,1.647303,PRT,CHN,9022
2227827,180,43,1811,2003,0.0,33702.0,-0.607733,-0.8577879999999999,PRY,CHN,9022
2227828,182,43,1811,2003,0.0,14205.0,-0.255707,-0.676557,PYF,CHN,9022
2227829,183,43,1811,2003,0.0,6193.0,-0.209042,-1.0565799999999999,QAT,CHN,9022
2227830,186,43,1811,2003,1348676.0,2169845.0,1.072729,0.338355,RUS,CHN,9022
2227831,188,43,1811,2003,0.0,774033.0,0.202286,-0.714691,SAU,CHN,9022
2227832,190,43,1811,2003,0.0,233105.0,-1.3535059999999999,-1.1701409999999999,SDN,CHN,9022
2227833,192,43,1811,2003,2491952.0,7513064.0,1.5080799999999999,0.720337,SGP,CHN,9022
2227834,196,43,1811,2003,0.0,60931.0,0.129923,-0.19926300000000002,SLE,CHN,9022
2227835,207,43,1811,2003,0.0,48226.0,1.6459840000000001,1.014191,SVN,CHN,9022
2227836,208,43,1811,2003,4346387.0,569596.0,2.099224,0.799982,SWE,CHN,9022
2227837,212,43,1811,2003,0.0,42820.0,-0.868749,-0.326322,SYR,CHN,9022
2227838,216,43,1811,2003,16342.0,131807.0,0.43010699999999996,1.607408,THA,CHN,9022
2227839,223,43,1811,2003,0.0,157651.0,-0.14845999999999998,0.255092,TUN,CHN,9022
2227840,224,43,1811,2003,0.0,748803.0,0.192802,1.9855060000000002,TUR,CHN,9022
2227841,227,43,1811,2003,1158.0,7174.0,-0.895193,-0.712039,UGA,CHN,9022
2227842,228,43,1811,2003,0.0,1243154.0,0.8929389999999999,0.956685,UKR,CHN,9022
2227843,230,43,1811,2003,0.0,2792.0,0.19792200000000001,0.243104,URY,CHN,9022
2227844,231,43,1811,2003,175544502.0,48550703.0,1.7789220000000001,0.064028,USA,CHN,9022
2227845,236,43,1811,2003,0.0,20938.0,0.277805,-0.783697,VEN,CHN,9022
2227846,239,43,1811,2003,0.0,159048.0,-0.633985,0.659696,VNM,CHN,9022
2227847,243,43,1811,2003,0.0,77955.0,-1.453584,-1.257815,YEM,CHN,9022
2227848,246,43,1811,2003,0.0,206703.0,0.477987,2.255395,ZAF,CHN,9022
2227849,247,43,1811,2003,0.0,4616.0,-0.678149,-0.5919449999999999,ZMB,CHN,9022
2227850,248,43,1811,2003,0.0,3699375.0,-0.366539,-0.18906199999999998,ZWE,CHN,9022
2227851,249,43,1811,2003,979505.0,508800.0,1.5924040000000002,1.397843,TWN,CHN,9022
2227852,14,49,1811,2003,6390.0,0.0,0.316879,0.9409489999999999,AUS,COL,9022
2227853,18,49,1811,2003,17170.0,0.0,1.361682,1.39536,BEL,COL,9022
2227854,32,49,1811,2003,13605.0,0.0,0.660576,1.118876,BRA,COL,9022
2227855,39,49,1811,2003,20778.0,0.0,0.9791540000000001,1.185081,CAN,COL,9022
2227856,41,49,1811,2003,236813.0,0.0,2.151037,0.711217,CHE,COL,9022
2227857,43,49,1811,2003,10995.0,0.0,0.579431,2.773139,CHN,COL,9022
2227858,52,49,1811,2003,0.0,4260.0,-0.193904,-0.5049680000000001,CRI,COL,9022
2227859,54,49,1811,2003,0.0,1649.0,-0.391515,-0.8562120000000001,CUB,COL,9022
2227860,59,49,1811,2003,3064.0,0.0,1.555749,0.8662059999999999,CZE,COL,9022
2227861,61,49,1811,2003,3353802.0,0.0,2.2821919999999998,-2.0985150000000004,DEU,COL,9022
2227862,65,49,1811,2003,0.0,192574.0,-0.46264399999999994,-0.245034,DOM,COL,9022
2227863,67,49,1811,2003,0.0,4211.0,-0.8689370000000001,-0.889767,ECU,COL,9022
2227864,71,49,1811,2003,115992.0,0.0,0.960684,2.074792,ESP,COL,9022
2227865,74,49,1811,2003,20392.0,0.0,2.077889,0.942501,FIN,COL,9022
2227866,77,49,1811,2003,284429.0,0.0,1.606606,0.7394149999999999,FRA,COL,9022
2227867,81,49,1811,2003,121792.0,0.0,1.8712540000000002,0.706205,GBR,COL,9022
2227868,93,49,1811,2003,0.0,10937.0,-0.444162,0.145319,GTM,COL,9022
2227869,104,49,1811,2003,93464.0,0.0,0.33014099999999996,2.836003,IND,COL,9022
2227870,106,49,1811,2003,12525.0,0.0,1.6396130000000002,0.220599,IRL,COL,9022
2227871,110,49,1811,2003,17594.0,0.0,1.157809,0.682195,ISR,COL,9022
2227872,111,49,1811,2003,112179.0,67098.0,1.399734,1.044608,ITA,COL,9022
2227873,114,49,1811,2003,1040704.0,0.0,2.4686630000000003,0.48072600000000004,JPN,COL,9022
2227874,121,49,1811,2003,17645.0,4096.0,1.2611709999999998,0.956308,KOR,COL,9022
2227875,138,49,1811,2003,31099.0,76780.0,0.862509,0.756684,MEX,COL,9022
2227876,162,49,1811,2003,1203856.0,226630.0,1.168453,1.7085709999999998,NLD,COL,9022
2227877,166,49,1811,2003,24376.0,0.0,0.589619,0.997301,NZL,COL,9022
2227878,169,49,1811,2003,0.0,1765.0,-0.050386,-0.039619999999999995,PAN,COL,9022
2227879,208,49,1811,2003,1088.0,8082.0,2.099224,0.799982,SWE,COL,9022
2227880,224,49,1811,2003,16671.0,0.0,0.192802,1.9855060000000002,TUR,COL,9022
2227881,231,49,1811,2003,7096713.0,0.0,1.7789220000000001,0.064028,USA,COL,9022
2227882,236,49,1811,2003,0.0,11922.0,0.277805,-0.783697,VEN,COL,9022
2227883,250,49,1811,2003,1114756.0,0.0,0.45951499999999995,-0.2312,ANS,COL,9022
2227884,8,52,1811,2003,5127.0,0.0,0.302073,0.49069700000000005,ARG,CRI,9022
2227885,15,52,1811,2003,4461.0,0.0,1.834977,0.408096,AUT,CRI,9022
2227886,18,52,1811,2003,9248.0,0.0,1.361682,1.39536,BEL,CRI,9022
2227887,32,52,1811,2003,81771.0,0.0,0.660576,1.118876,BRA,CRI,9022
2227888,39,52,1811,2003,18866.0,0.0,0.9791540000000001,1.185081,CAN,CRI,9022
2227889,41,52,1811,2003,24342.0,0.0,2.151037,0.711217,CHE,CRI,9022
2227890,42,52,1811,2003,2365.0,0.0,-0.06375900000000001,-0.156808,CHL,CRI,9022
2227891,43,52,1811,2003,2350.0,66950.0,0.579431,2.773139,CHN,CRI,9022
2227892,49,52,1811,2003,4260.0,0.0,0.218336,0.376869,COL,CRI,9022
2227893,61,52,1811,2003,1251561.0,0.0,2.2821919999999998,-2.0985150000000004,DEU,CRI,9022
2227894,71,52,1811,2003,26309.0,0.0,0.960684,2.074792,ESP,CRI,9022
2227895,74,52,1811,2003,47477.0,0.0,2.077889,0.942501,FIN,CRI,9022
2227896,77,52,1811,2003,49894.0,0.0,1.606606,0.7394149999999999,FRA,CRI,9022
2227897,81,52,1811,2003,3853.0,0.0,1.8712540000000002,0.706205,GBR,CRI,9022
2227898,93,52,1811,2003,3595.0,58663.0,-0.444162,0.145319,GTM,CRI,9022
2227899,99,52,1811,2003,0.0,1818.0,-0.733546,-0.568585,HND,CRI,9022
2227900,110,52,1811,2003,27603.0,0.0,1.157809,0.682195,ISR,CRI,9022
2227901,111,52,1811,2003,65439.0,0.0,1.399734,1.044608,ITA,CRI,9022
2227902,114,52,1811,2003,95426.0,9611.0,2.4686630000000003,0.48072600000000004,JPN,CRI,9022
2227903,121,52,1811,2003,37483.0,0.0,1.2611709999999998,0.956308,KOR,CRI,9022
2227904,138,52,1811,2003,19515.0,0.0,0.862509,0.756684,MEX,CRI,9022
2227905,162,52,1811,2003,10793.0,0.0,1.168453,1.7085709999999998,NLD,CRI,9022
2227906,169,52,1811,2003,14116.0,0.0,-0.050386,-0.039619999999999995,PAN,CRI,9022
2227907,192,52,1811,2003,6171.0,0.0,1.5080799999999999,0.720337,SGP,CRI,9022
2227908,208,52,1811,2003,48871.0,0.0,2.099224,0.799982,SWE,CRI,9022
2227909,230,52,1811,2003,85399.0,0.0,0.19792200000000001,0.243104,URY,CRI,9022
2227910,231,52,1811,2003,5590441.0,16260.0,1.7789220000000001,0.064028,USA,CRI,9022
2227911,236,52,1811,2003,2694.0,0.0,0.277805,-0.783697,VEN,CRI,9022
2227912,18,54,1811,2003,5314.0,0.0,1.361682,1.39536,BEL,CUB,9022
2227913,32,54,1811,2003,1361.0,0.0,0.660576,1.118876,BRA,CUB,9022
2227914,39,54,1811,2003,1143660.0,14825.0,0.9791540000000001,1.185081,CAN,CUB,9022
2227915,43,54,1811,2003,189071.0,0.0,0.579431,2.773139,CHN,CUB,9022
2227916,49,54,1811,2003,1649.0,0.0,0.218336,0.376869,COL,CUB,9022
2227917,61,54,1811,2003,401818.0,230327.0,2.2821919999999998,-2.0985150000000004,DEU,CUB,9022
2227918,64,54,1811,2003,7410.0,0.0,1.309564,1.245596,DNK,CUB,9022
2227919,65,54,1811,2003,753.0,0.0,-0.46264399999999994,-0.245034,DOM,CUB,9022
2227920,67,54,1811,2003,0.0,967.0,-0.8689370000000001,-0.889767,ECU,CUB,9022
2227921,71,54,1811,2003,1031362.0,0.0,0.960684,2.074792,ESP,CUB,9022
2227922,74,54,1811,2003,32423.0,0.0,2.077889,0.942501,FIN,CUB,9022
2227923,77,54,1811,2003,31220.0,18674.0,1.606606,0.7394149999999999,FRA,CUB,9022
2227924,81,54,1811,2003,27783.0,0.0,1.8712540000000002,0.706205,GBR,CUB,9022
2227925,102,54,1811,2003,28612.0,0.0,1.2003270000000001,1.091407,HUN,CUB,9022
2227926,104,54,1811,2003,38693.0,0.0,0.33014099999999996,2.836003,IND,CUB,9022
2227927,106,54,1811,2003,1487.0,0.0,1.6396130000000002,0.220599,IRL,CUB,9022
2227928,111,54,1811,2003,208127.0,0.0,1.399734,1.044608,ITA,CUB,9022
2227929,114,54,1811,2003,8644661.0,0.0,2.4686630000000003,0.48072600000000004,JPN,CUB,9022
2227930,121,54,1811,2003,1525.0,0.0,1.2611709999999998,0.956308,KOR,CUB,9022
2227931,138,54,1811,2003,534598.0,0.0,0.862509,0.756684,MEX,CUB,9022
2227932,162,54,1811,2003,28832.0,180.0,1.168453,1.7085709999999998,NLD,CUB,9022
2227933,169,54,1811,2003,77642.0,0.0,-0.050386,-0.039619999999999995,PAN,CUB,9022
2227934,178,54,1811,2003,24922.0,0.0,0.7060420000000001,0.7718,PRK,CUB,9022
2227935,179,54,1811,2003,15697.0,0.0,0.471376,1.647303,PRT,CUB,9022
2227936,208,54,1811,2003,55136.0,0.0,2.099224,0.799982,SWE,CUB,9022
2227937,231,54,1811,2003,80036.0,28688.0,1.7789220000000001,0.064028,USA,CUB,9022
2227938,249,54,1811,2003,2362.0,0.0,1.5924040000000002,1.397843,TWN,CUB,9022
2227939,250,54,1811,2003,34967.0,0.0,0.45951499999999995,-0.2312,ANS,CUB,9022
2227940,1,61,1811,2003,0.0,45640.0,-0.421205,-0.602704,AFG,DEU,9022
2227941,2,61,1811,2003,0.0,556988.0,-1.8762919999999998,-1.176541,AGO,DEU,9022
2227942,4,61,1811,2003,0.0,817905.0,-0.053595000000000004,0.166034,ALB,DEU,9022
2227943,5,61,1811,2003,0.0,40109.0,1.0901319999999999,0.618693,AND,DEU,9022
2227944,6,61,1811,2003,0.0,1009.0,0.108903,-0.650137,ANT,DEU,9022
2227945,7,61,1811,2003,2484.0,17933786.0,0.049637,-0.502691,ARE,DEU,9022
2227946,8,61,1811,2003,127566.0,911910.0,0.302073,0.49069700000000005,ARG,DEU,9022
2227947,9,61,1811,2003,0.0,666919.0,0.497521,-0.305788,ARM,DEU,9022
2227948,14,61,1811,2003,2037939.0,21018523.0,0.316879,0.9409489999999999,AUS,DEU,9022
2227949,15,61,1811,2003,13519696.0,39440739.0,1.834977,0.408096,AUT,DEU,9022
2227950,16,61,1811,2003,2025.0,1154195.0,-0.304606,-0.975453,AZE,DEU,9022
2227951,17,61,1811,2003,0.0,2044.0,-0.550138,-0.759304,BDI,DEU,9022
2227952,18,61,1811,2003,8105132.0,36819217.0,1.361682,1.39536,BEL,DEU,9022
2227953,19,61,1811,2003,0.0,159527.0,-1.150888,-0.956203,BEN,DEU,9022
2227954,21,61,1811,2003,0.0,14366.0,-0.9365690000000001,-0.9699409999999999,BFA,DEU,9022
2227955,22,61,1811,2003,0.0,1238190.0,-1.168404,-1.035782,BGD,DEU,9022
2227956,23,61,1811,2003,115675.0,2613171.0,0.43308599999999997,1.7104099999999998,BGR,DEU,9022
2227957,24,61,1811,2003,0.0,410213.0,-0.10968800000000001,-1.041032,BHR,DEU,9022
2227958,26,61,1811,2003,199680.0,1121942.0,0.195667,0.347011,BIH,DEU,9022
2227959,28,61,1811,2003,134438.0,1614147.0,0.847358,0.9307719999999999,BLR,DEU,9022
2227960,29,61,1811,2003,0.0,345700.0,-0.543555,-0.7596,BLZ,DEU,9022
2227961,31,61,1811,2003,0.0,85126.0,-0.787995,-0.7228899999999999,BOL,DEU,9022
2227962,32,61,1811,2003,349443.0,15737367.0,0.660576,1.118876,BRA,DEU,9022
2227963,33,61,1811,2003,4097.0,17445.0,0.744166,0.074191,BRB,DEU,9022
2227964,34,61,1811,2003,6982.0,131845.0,-1.342738,-0.978633,BRN,DEU,9022
2227965,37,61,1811,2003,0.0,18695.0,-0.517317,-1.1125770000000001,BWA,DEU,9022
2227966,39,61,1811,2003,5462359.0,47912190.0,0.9791540000000001,1.185081,CAN,DEU,9022
2227967,41,61,1811,2003,17400832.0,52731944.0,2.151037,0.711217,CHE,DEU,9022
2227968,42,61,1811,2003,953.0,3234561.0,-0.06375900000000001,-0.156808,CHL,DEU,9022
2227969,43,61,1811,2003,4952172.0,151454468.0,0.579431,2.773139,CHN,DEU,9022
2227970,44,61,1811,2003,0.0,2682.0,-0.699928,-0.723739,CIV,DEU,9022
2227971,45,61,1811,2003,1539.0,198142.0,-1.254788,-1.10897,CMR,DEU,9022
2227972,46,61,1811,2003,0.0,22406.0,-1.366232,-1.0778860000000001,COD,DEU,9022
2227973,47,61,1811,2003,0.0,2020.0,-1.6789619999999998,-1.182557,COG,DEU,9022
2227974,48,61,1811,2003,0.0,5039.0,0.327914,-0.466681,COK,DEU,9022
2227975,49,61,1811,2003,0.0,3353802.0,0.218336,0.376869,COL,DEU,9022
2227976,51,61,1811,2003,0.0,95968.0,0.070649,-0.541279,CPV,DEU,9022
2227977,52,61,1811,2003,0.0,1251561.0,-0.193904,-0.5049680000000001,CRI,DEU,9022
2227978,54,61,1811,2003,230327.0,401818.0,-0.391515,-0.8562120000000001,CUB,DEU,9022
2227979,57,61,1811,2003,0.0,36042.0,0.308768,-0.690944,CYM,DEU,9022
2227980,58,61,1811,2003,15835.0,403237.0,0.259992,0.068914,CYP,DEU,9022
2227981,59,61,1811,2003,646711.0,18660560.0,1.555749,0.8662059999999999,CZE,DEU,9022
2227982,64,61,1811,2003,8391147.0,13008605.0,1.309564,1.245596,DNK,DEU,9022
2227983,65,61,1811,2003,0.0,408137.0,-0.46264399999999994,-0.245034,DOM,DEU,9022
2227984,66,61,1811,2003,0.0,2084796.0,-1.060727,-1.142594,DZA,DEU,9022
2227985,67,61,1811,2003,15754.0,820427.0,-0.8689370000000001,-0.889767,ECU,DEU,9022
2227986,68,61,1811,2003,9301.0,2856492.0,-0.292923,0.465433,EGY,DEU,9022
2227987,69,61,1811,2003,0.0,11270.0,-0.105591,-0.247614,ERI,DEU,9022
2227988,71,61,1811,2003,7808588.0,64528382.0,0.960684,2.074792,ESP,DEU,9022
2227989,72,61,1811,2003,1134039.0,730394.0,0.5913010000000001,0.8489979999999999,EST,DEU,9022
2227990,73,61,1811,2003,0.0,784201.0,-1.1145559999999999,-0.9599620000000001,ETH,DEU,9022
2227991,74,61,1811,2003,8611677.0,11525464.0,2.077889,0.942501,FIN,DEU,9022
2227992,77,61,1811,2003,135955178.0,116393584.0,1.606606,0.7394149999999999,FRA,DEU,9022
2227993,78,61,1811,2003,0.0,13191.0,-0.46422299999999994,-0.8072050000000001,FRO,DEU,9022
2227994,80,61,1811,2003,0.0,6797.0,-0.92745,-1.138466,GAB,DEU,9022
2227995,81,61,1811,2003,30198354.0,70328379.0,1.8712540000000002,0.706205,GBR,DEU,9022
2227996,82,61,1811,2003,0.0,445851.0,0.595485,-0.25939,GEO,DEU,9022
2227997,83,61,1811,2003,0.0,3588582.0,-1.074188,-0.7127319999999999,GHA,DEU,9022
2227998,90,61,1811,2003,181235.0,15379327.0,0.364688,1.4823959999999998,GRC,DEU,9022
2227999,91,61,1811,2003,0.0,14100.0,0.3936,-0.258355,GRD,DEU,9022
2228000,93,61,1811,2003,0.0,1006688.0,-0.444162,0.145319,GTM,DEU,9022
2228001,97,61,1811,2003,56156.0,6825211.0,0.494569,2.147062,HKG,DEU,9022
2228002,99,61,1811,2003,7760.0,50878.0,-0.733546,-0.568585,HND,DEU,9022
2228003,100,61,1811,2003,205413.0,10274536.0,0.568394,1.230759,HRV,DEU,9022
2228004,102,61,1811,2003,15061790.0,12641129.0,1.2003270000000001,1.091407,HUN,DEU,9022
2228005,103,61,1811,2003,153129.0,5527437.0,-0.16802,1.7252990000000001,IDN,DEU,9022
2228006,104,61,1811,2003,4994806.0,36095766.0,0.33014099999999996,2.836003,IND,DEU,9022
2228007,106,61,1811,2003,147550.0,5760183.0,1.6396130000000002,0.220599,IRL,DEU,9022
2228008,107,61,1811,2003,163046.0,13227554.0,-0.552146,-0.8668520000000001,IRN,DEU,9022
2228009,108,61,1811,2003,0.0,20274663.0,-0.398557,-0.774153,IRQ,DEU,9022
2228010,109,61,1811,2003,74478.0,391789.0,0.21902800000000003,-0.40818499999999996,ISL,DEU,9022
2228011,110,61,1811,2003,66150341.0,63034662.0,1.157809,0.682195,ISR,DEU,9022
2228012,111,61,1811,2003,19570051.0,67298122.0,1.399734,1.044608,ITA,DEU,9022
2228013,112,61,1811,2003,0.0,152411.0,-0.6684140000000001,-0.915817,JAM,DEU,9022
2228014,113,61,1811,2003,22980.0,2909934.0,0.12295,0.377031,JOR,DEU,9022
2228015,114,61,1811,2003,24109363.0,107630903.0,2.4686630000000003,0.48072600000000004,JPN,DEU,9022
2228016,115,61,1811,2003,242847.0,6179052.0,-0.156326,-0.62092,KAZ,DEU,9022
2228017,116,61,1811,2003,1442.0,126138.0,-0.3531,0.582992,KEN,DEU,9022
2228018,117,61,1811,2003,0.0,454922.0,0.25359699999999996,0.24101199999999998,KGZ,DEU,9022
2228019,121,61,1811,2003,3182536.0,49656479.0,1.2611709999999998,0.956308,KOR,DEU,9022
2228020,122,61,1811,2003,99668.0,3990140.0,-0.7943640000000001,-1.1529770000000001,KWT,DEU,9022
2228021,123,61,1811,2003,0.0,38181.0,-1.251741,-1.14364,LAO,DEU,9022
2228022,124,61,1811,2003,1671.0,910725.0,0.261687,1.053856,LBN,DEU,9022
2228023,126,61,1811,2003,2762.0,2414552.0,-0.36075999999999997,-1.110575,LBY,DEU,9022
2228024,127,61,1811,2003,0.0,175929.0,0.318385,-0.342679,LCA,DEU,9022
2228025,128,61,1811,2003,7530.0,237528.0,-0.618057,0.101931,LKA,DEU,9022
2228026,130,61,1811,2003,185944.0,2205953.0,0.239608,0.517299,LTU,DEU,9022
2228027,131,61,1811,2003,728689.0,2818891.0,1.444996,1.063764,LUX,DEU,9022
2228028,132,61,1811,2003,226116.0,2135065.0,0.520772,0.5631689999999999,LVA,DEU,9022
2228029,133,61,1811,2003,0.0,257351.0,-0.294516,-0.413828,MAC,DEU,9022
2228030,134,61,1811,2003,10853.0,1172152.0,-0.6842050000000001,-0.217892,MAR,DEU,9022
2228031,135,61,1811,2003,13595.0,442034.0,-0.005154,-0.26107199999999997,MDA,DEU,9022
2228032,136,61,1811,2003,0.0,13745.0,-1.254758,-0.622696,MDG,DEU,9022
2228033,137,61,1811,2003,0.0,81272.0,-1.201352,-1.031892,MDV,DEU,9022
2228034,138,61,1811,2003,1643752.0,14149049.0,0.862509,0.756684,MEX,DEU,9022
2228035,140,61,1811,2003,2906.0,44230.0,-0.017632,0.225394,MKD,DEU,9022
2228036,142,61,1811,2003,125426.0,1115083.0,1.2138149999999999,-0.015687,MLT,DEU,9022
2228037,143,61,1811,2003,0.0,9274.0,-1.435123,-1.0948,MMR,DEU,9022
2228038,145,61,1811,2003,0.0,59666.0,-0.9747620000000001,-1.026308,MNG,DEU,9022
2228039,147,61,1811,2003,0.0,19791.0,-1.188243,-1.123693,MOZ,DEU,9022
2228040,148,61,1811,2003,0.0,3316.0,-1.069232,-1.184061,MRT,DEU,9022
2228041,151,61,1811,2003,0.0,572223.0,-0.361514,-0.29839899999999997,MUS,DEU,9022
2228042,152,61,1811,2003,0.0,55284.0,-1.48079,-1.235645,MWI,DEU,9022
2228043,153,61,1811,2003,175443.0,12903133.0,0.728804,0.2168,MYS,DEU,9022
2228044,155,61,1811,2003,12841.0,120541.0,-0.24004499999999998,-0.39565900000000004,NAM,DEU,9022
2228045,156,61,1811,2003,0.0,10544.0,-0.344934,-0.776632,NCL,DEU,9022
2228046,157,61,1811,2003,0.0,603457.0,-0.199296,-0.578264,NER,DEU,9022
2228047,159,61,1811,2003,3410.0,798268.0,-1.859176,-1.234236,NGA,DEU,9022
2228048,160,61,1811,2003,20975.0,214599.0,-0.8661459999999999,-0.8661690000000001,NIC,DEU,9022
2228049,162,61,1811,2003,102385391.0,196722635.0,1.168453,1.7085709999999998,NLD,DEU,9022
2228050,163,61,1811,2003,5270066.0,15759886.0,1.1500620000000001,0.258554,NOR,DEU,9022
2228051,164,61,1811,2003,0.0,269671.0,-0.26353899999999997,1.351717,NPL,DEU,9022
2228052,166,61,1811,2003,4879.0,5292703.0,0.589619,0.997301,NZL,DEU,9022
2228053,167,61,1811,2003,0.0,1149488.0,-1.434873,-1.188123,OMN,DEU,9022
2228054,168,61,1811,2003,35484.0,4527433.0,-0.6659689999999999,0.137924,PAK,DEU,9022
2228055,169,61,1811,2003,0.0,92265.0,-0.050386,-0.039619999999999995,PAN,DEU,9022
2228056,173,61,1811,2003,8029.0,259436.0,-0.48627,0.371354,PER,DEU,9022
2228057,174,61,1811,2003,1546.0,4370851.0,-0.065022,-0.195144,PHL,DEU,9022
2228058,176,61,1811,2003,0.0,3561.0,-1.7997330000000002,-1.2110049999999999,PNG,DEU,9022
2228059,177,61,1811,2003,425898.0,15997530.0,0.966622,1.664838,POL,DEU,9022
2228060,178,61,1811,2003,0.0,472513.0,0.7060420000000001,0.7718,PRK,DEU,9022
2228061,179,61,1811,2003,247648.0,15959319.0,0.471376,1.647303,PRT,DEU,9022
2228062,180,61,1811,2003,2196.0,31877.0,-0.607733,-0.8577879999999999,PRY,DEU,9022
2228063,181,61,1811,2003,0.0,835004.0,0.657296,0.220183,PSE,DEU,9022
2228064,182,61,1811,2003,14108.0,117412.0,-0.255707,-0.676557,PYF,DEU,9022
2228065,183,61,1811,2003,2425.0,1619690.0,-0.209042,-1.0565799999999999,QAT,DEU,9022
2228066,185,61,1811,2003,212648.0,16841939.0,0.378379,1.0064620000000002,ROU,DEU,9022
2228067,186,61,1811,2003,1895706.0,87665689.0,1.072729,0.338355,RUS,DEU,9022
2228068,187,61,1811,2003,0.0,189270.0,-0.99513,-0.852476,RWA,DEU,9022
2228069,188,61,1811,2003,43035.0,14089317.0,0.202286,-0.714691,SAU,DEU,9022
2228070,189,61,1811,2003,2591.0,7913453.0,0.575326,1.627894,SCG,DEU,9022
2228071,190,61,1811,2003,0.0,389192.0,-1.3535059999999999,-1.1701409999999999,SDN,DEU,9022
2228072,191,61,1811,2003,0.0,298922.0,-0.25203600000000004,-0.25549299999999997,SEN,DEU,9022
2228073,192,61,1811,2003,118224.0,11113310.0,1.5080799999999999,0.720337,SGP,DEU,9022
2228074,193,61,1811,2003,0.0,166378.0,2.127043,-0.5255029999999999,SGS,DEU,9022
2228075,196,61,1811,2003,0.0,202425.0,0.129923,-0.19926300000000002,SLE,DEU,9022
2228076,197,61,1811,2003,24456.0,1583886.0,-0.251357,-0.189917,SLV,DEU,9022
2228077,205,61,1811,2003,0.0,385819.0,-0.896925,-0.88623,SUR,DEU,9022
2228078,206,61,1811,2003,2736586.0,8620241.0,1.22565,0.915518,SVK,DEU,9022
2228079,207,61,1811,2003,226962.0,3307404.0,1.6459840000000001,1.014191,SVN,DEU,9022
2228080,208,61,1811,2003,56484695.0,42175559.0,2.099224,0.799982,SWE,DEU,9022
2228081,212,61,1811,2003,6102.0,4024641.0,-0.868749,-0.326322,SYR,DEU,9022
2228082,216,61,1811,2003,54630.0,6565136.0,0.43010699999999996,1.607408,THA,DEU,9022
2228083,217,61,1811,2003,0.0,427075.0,-0.6187520000000001,-1.0438969999999999,TJK,DEU,9022
2228084,219,61,1811,2003,0.0,107655.0,-1.223295,-1.250217,TKM,DEU,9022
2228085,222,61,1811,2003,7192.0,970549.0,-0.16738,-0.9820969999999999,TTO,DEU,9022
2228086,223,61,1811,2003,16733.0,1896217.0,-0.14845999999999998,0.255092,TUN,DEU,9022
2228087,224,61,1811,2003,370381.0,26485750.0,0.192802,1.9855060000000002,TUR,DEU,9022
2228088,226,61,1811,2003,0.0,140449.0,-1.225217,-0.43662399999999996,TZA,DEU,9022
2228089,227,61,1811,2003,0.0,242240.0,-0.895193,-0.712039,UGA,DEU,9022
2228090,228,61,1811,2003,11489.0,9724671.0,0.8929389999999999,0.956685,UKR,DEU,9022
2228091,230,61,1811,2003,31343.0,525580.0,0.19792200000000001,0.243104,URY,DEU,9022
2228092,231,61,1811,2003,312257471.0,739529913.0,1.7789220000000001,0.064028,USA,DEU,9022
2228093,232,61,1811,2003,0.0,1362131.0,-0.285978,-0.703334,UZB,DEU,9022
2228094,236,61,1811,2003,7163.0,3967241.0,0.277805,-0.783697,VEN,DEU,9022
2228095,239,61,1811,2003,1029.0,2525617.0,-0.633985,0.659696,VNM,DEU,9022
2228096,243,61,1811,2003,29339.0,125037.0,-1.453584,-1.257815,YEM,DEU,9022
2228097,246,61,1811,2003,399250.0,17283791.0,0.477987,2.255395,ZAF,DEU,9022
2228098,247,61,1811,2003,0.0,14963.0,-0.678149,-0.5919449999999999,ZMB,DEU,9022
2228099,248,61,1811,2003,0.0,51376.0,-0.366539,-0.18906199999999998,ZWE,DEU,9022
2228100,249,61,1811,2003,124068.0,13878692.0,1.5924040000000002,1.397843,TWN,DEU,9022
2228101,250,61,1811,2003,0.0,21798.0,0.45951499999999995,-0.2312,ANS,DEU,9022
2228102,1,64,1811,2003,0.0,16375.0,-0.421205,-0.602704,AFG,DNK,9022
2228103,4,64,1811,2003,0.0,116489.0,-0.053595000000000004,0.166034,ALB,DNK,9022
2228104,7,64,1811,2003,0.0,21229.0,0.049637,-0.502691,ARE,DNK,9022
2228105,8,64,1811,2003,0.0,2361.0,0.302073,0.49069700000000005,ARG,DNK,9022
2228106,14,64,1811,2003,251509.0,20843.0,0.316879,0.9409489999999999,AUS,DNK,9022
2228107,15,64,1811,2003,2070.0,301791.0,1.834977,0.408096,AUT,DNK,9022
2228108,16,64,1811,2003,0.0,63670.0,-0.304606,-0.975453,AZE,DNK,9022
2228109,18,64,1811,2003,1231527.0,60247.0,1.361682,1.39536,BEL,DNK,9022
2228110,22,64,1811,2003,0.0,1613.0,-1.168404,-1.035782,BGD,DNK,9022
2228111,23,64,1811,2003,0.0,5036.0,0.43308599999999997,1.7104099999999998,BGR,DNK,9022
2228112,31,64,1811,2003,0.0,44435.0,-0.787995,-0.7228899999999999,BOL,DNK,9022
2228113,32,64,1811,2003,0.0,17330.0,0.660576,1.118876,BRA,DNK,9022
2228114,39,64,1811,2003,747595.0,427787.0,0.9791540000000001,1.185081,CAN,DNK,9022
2228115,41,64,1811,2003,1157827.0,85256.0,2.151037,0.711217,CHE,DNK,9022
2228116,43,64,1811,2003,701349.0,383340.0,0.579431,2.773139,CHN,DNK,9022
2228117,54,64,1811,2003,0.0,7410.0,-0.391515,-0.8562120000000001,CUB,DNK,9022
2228118,59,64,1811,2003,15406.0,96414.0,1.555749,0.8662059999999999,CZE,DNK,9022
2228119,61,64,1811,2003,13008605.0,8391147.0,2.2821919999999998,-2.0985150000000004,DEU,DNK,9022
2228120,68,64,1811,2003,0.0,266933.0,-0.292923,0.465433,EGY,DNK,9022
2228121,69,64,1811,2003,0.0,1701.0,-0.105591,-0.247614,ERI,DNK,9022
2228122,71,64,1811,2003,486430.0,152992.0,0.960684,2.074792,ESP,DNK,9022
2228123,72,64,1811,2003,0.0,43160.0,0.5913010000000001,0.8489979999999999,EST,DNK,9022
2228124,73,64,1811,2003,0.0,54395.0,-1.1145559999999999,-0.9599620000000001,ETH,DNK,9022
2228125,74,64,1811,2003,716958.0,821994.0,2.077889,0.942501,FIN,DNK,9022
2228126,77,64,1811,2003,3880102.0,2028389.0,1.606606,0.7394149999999999,FRA,DNK,9022
2228127,78,64,1811,2003,0.0,71403.0,-0.46422299999999994,-0.8072050000000001,FRO,DNK,9022
2228128,81,64,1811,2003,1668120.0,382447.0,1.8712540000000002,0.706205,GBR,DNK,9022
2228129,90,64,1811,2003,0.0,2244.0,0.364688,1.4823959999999998,GRC,DNK,9022
2228130,92,64,1811,2003,0.0,246956.0,-0.764655,-0.8684200000000001,GRL,DNK,9022
2228131,97,64,1811,2003,0.0,64143.0,0.494569,2.147062,HKG,DNK,9022
2228132,100,64,1811,2003,0.0,7057.0,0.568394,1.230759,HRV,DNK,9022
2228133,102,64,1811,2003,17530.0,3514.0,1.2003270000000001,1.091407,HUN,DNK,9022
2228134,103,64,1811,2003,0.0,19326.0,-0.16802,1.7252990000000001,IDN,DNK,9022
2228135,104,64,1811,2003,1630.0,51724.0,0.33014099999999996,2.836003,IND,DNK,9022
2228136,106,64,1811,2003,1270.0,21016.0,1.6396130000000002,0.220599,IRL,DNK,9022
2228137,108,64,1811,2003,0.0,7953.0,-0.398557,-0.774153,IRQ,DNK,9022
2228138,109,64,1811,2003,251409.0,137995.0,0.21902800000000003,-0.40818499999999996,ISL,DNK,9022
2228139,110,64,1811,2003,192066.0,528208.0,1.157809,0.682195,ISR,DNK,9022
2228140,111,64,1811,2003,497582.0,210624.0,1.399734,1.044608,ITA,DNK,9022
2228141,113,64,1811,2003,0.0,1533.0,0.12295,0.377031,JOR,DNK,9022
2228142,114,64,1811,2003,241386.0,827229.0,2.4686630000000003,0.48072600000000004,JPN,DNK,9022
2228143,116,64,1811,2003,0.0,19220.0,-0.3531,0.582992,KEN,DNK,9022
2228144,121,64,1811,2003,13796.0,78482.0,1.2611709999999998,0.956308,KOR,DNK,9022
2228145,122,64,1811,2003,0.0,56450.0,-0.7943640000000001,-1.1529770000000001,KWT,DNK,9022
2228146,124,64,1811,2003,0.0,1428.0,0.261687,1.053856,LBN,DNK,9022
2228147,126,64,1811,2003,0.0,1807.0,-0.36075999999999997,-1.110575,LBY,DNK,9022
2228148,130,64,1811,2003,0.0,116708.0,0.239608,0.517299,LTU,DNK,9022
2228149,132,64,1811,2003,0.0,2725.0,0.520772,0.5631689999999999,LVA,DNK,9022
2228150,134,64,1811,2003,0.0,1253.0,-0.6842050000000001,-0.217892,MAR,DNK,9022
2228151,138,64,1811,2003,0.0,9281.0,0.862509,0.756684,MEX,DNK,9022
2228152,145,64,1811,2003,0.0,4251.0,-0.9747620000000001,-1.026308,MNG,DNK,9022
2228153,152,64,1811,2003,0.0,1117.0,-1.48079,-1.235645,MWI,DNK,9022
2228154,153,64,1811,2003,0.0,3271.0,0.728804,0.2168,MYS,DNK,9022
2228155,162,64,1811,2003,7510205.0,1585488.0,1.168453,1.7085709999999998,NLD,DNK,9022
2228156,163,64,1811,2003,166091.0,569160.0,1.1500620000000001,0.258554,NOR,DNK,9022
2228157,166,64,1811,2003,0.0,350896.0,0.589619,0.997301,NZL,DNK,9022
2228158,168,64,1811,2003,10961.0,0.0,-0.6659689999999999,0.137924,PAK,DNK,9022
2228159,173,64,1811,2003,0.0,1708.0,-0.48627,0.371354,PER,DNK,9022
2228160,176,64,1811,2003,0.0,3923.0,-1.7997330000000002,-1.2110049999999999,PNG,DNK,9022
2228161,177,64,1811,2003,1899.0,46257.0,0.966622,1.664838,POL,DNK,9022
2228162,179,64,1811,2003,0.0,102559.0,0.471376,1.647303,PRT,DNK,9022
2228163,185,64,1811,2003,0.0,49759.0,0.378379,1.0064620000000002,ROU,DNK,9022
2228164,186,64,1811,2003,0.0,840194.0,1.072729,0.338355,RUS,DNK,9022
2228165,188,64,1811,2003,0.0,98081.0,0.202286,-0.714691,SAU,DNK,9022
2228166,190,64,1811,2003,0.0,169492.0,-1.3535059999999999,-1.1701409999999999,SDN,DNK,9022
2228167,192,64,1811,2003,12493.0,56873.0,1.5080799999999999,0.720337,SGP,DNK,9022
2228168,197,64,1811,2003,0.0,79217.0,-0.251357,-0.189917,SLV,DNK,9022
2228169,206,64,1811,2003,0.0,3986.0,1.22565,0.915518,SVK,DNK,9022
2228170,207,64,1811,2003,0.0,2705.0,1.6459840000000001,1.014191,SVN,DNK,9022
2228171,208,64,1811,2003,1223195.0,1826749.0,2.099224,0.799982,SWE,DNK,9022
2228172,212,64,1811,2003,0.0,21637.0,-0.868749,-0.326322,SYR,DNK,9022
2228173,216,64,1811,2003,114780.0,39170.0,0.43010699999999996,1.607408,THA,DNK,9022
2228174,223,64,1811,2003,0.0,899.0,-0.14845999999999998,0.255092,TUN,DNK,9022
2228175,224,64,1811,2003,0.0,69071.0,0.192802,1.9855060000000002,TUR,DNK,9022
2228176,227,64,1811,2003,0.0,627.0,-0.895193,-0.712039,UGA,DNK,9022
2228177,228,64,1811,2003,0.0,29695.0,0.8929389999999999,0.956685,UKR,DNK,9022
2228178,231,64,1811,2003,3662434.0,1719912.0,1.7789220000000001,0.064028,USA,DNK,9022
2228179,246,64,1811,2003,12386.0,220956.0,0.477987,2.255395,ZAF,DNK,9022
2228180,249,64,1811,2003,3342.0,0.0,1.5924040000000002,1.397843,TWN,DNK,9022
2228181,8,65,1811,2003,15750.0,0.0,0.302073,0.49069700000000005,ARG,DOM,9022
2228182,9,65,1811,2003,0.0,4606.0,0.497521,-0.305788,ARM,DOM,9022
2228183,14,65,1811,2003,0.0,1991.0,0.316879,0.9409489999999999,AUS,DOM,9022
2228184,18,65,1811,2003,5757026.0,0.0,1.361682,1.39536,BEL,DOM,9022
2228185,32,65,1811,2003,10358.0,0.0,0.660576,1.118876,BRA,DOM,9022
2228186,41,65,1811,2003,146539.0,0.0,2.151037,0.711217,CHE,DOM,9022
2228187,43,65,1811,2003,3059.0,0.0,0.579431,2.773139,CHN,DOM,9022
2228188,49,65,1811,2003,192574.0,0.0,0.218336,0.376869,COL,DOM,9022
2228189,54,65,1811,2003,0.0,753.0,-0.391515,-0.8562120000000001,CUB,DOM,9022
2228190,61,65,1811,2003,408137.0,0.0,2.2821919999999998,-2.0985150000000004,DEU,DOM,9022
2228191,71,65,1811,2003,224316.0,0.0,0.960684,2.074792,ESP,DOM,9022
2228192,77,65,1811,2003,29612.0,0.0,1.606606,0.7394149999999999,FRA,DOM,9022
2228193,81,65,1811,2003,5180.0,0.0,1.8712540000000002,0.706205,GBR,DOM,9022
2228194,104,65,1811,2003,4928.0,0.0,0.33014099999999996,2.836003,IND,DOM,9022
2228195,106,65,1811,2003,14179.0,0.0,1.6396130000000002,0.220599,IRL,DOM,9022
2228196,110,65,1811,2003,770.0,0.0,1.157809,0.682195,ISR,DOM,9022
2228197,111,65,1811,2003,5769.0,0.0,1.399734,1.044608,ITA,DOM,9022
2228198,112,65,1811,2003,0.0,8059.0,-0.6684140000000001,-0.915817,JAM,DOM,9022
2228199,114,65,1811,2003,51240.0,0.0,2.4686630000000003,0.48072600000000004,JPN,DOM,9022
2228200,162,65,1811,2003,138190.0,0.0,1.168453,1.7085709999999998,NLD,DOM,9022
2228201,197,65,1811,2003,0.0,2724.0,-0.251357,-0.189917,SLV,DOM,9022
2228202,231,65,1811,2003,6026929.0,53920.0,1.7789220000000001,0.064028,USA,DOM,9022
2228203,8,67,1811,2003,30380.0,0.0,0.302073,0.49069700000000005,ARG,ECU,9022
2228204,18,67,1811,2003,28025.0,0.0,1.361682,1.39536,BEL,ECU,9022
2228205,32,67,1811,2003,157598.0,0.0,0.660576,1.118876,BRA,ECU,9022
2228206,39,67,1811,2003,351188.0,0.0,0.9791540000000001,1.185081,CAN,ECU,9022
2228207,41,67,1811,2003,39747.0,0.0,2.151037,0.711217,CHE,ECU,9022
2228208,43,67,1811,2003,107520.0,0.0,0.579431,2.773139,CHN,ECU,9022
2228209,49,67,1811,2003,4211.0,0.0,0.218336,0.376869,COL,ECU,9022
2228210,54,67,1811,2003,967.0,0.0,-0.391515,-0.8562120000000001,CUB,ECU,9022
2228211,61,67,1811,2003,820427.0,15754.0,2.2821919999999998,-2.0985150000000004,DEU,ECU,9022
2228212,71,67,1811,2003,8299.0,0.0,0.960684,2.074792,ESP,ECU,9022
2228213,74,67,1811,2003,30387.0,0.0,2.077889,0.942501,FIN,ECU,9022
2228214,77,67,1811,2003,138438.0,0.0,1.606606,0.7394149999999999,FRA,ECU,9022
2228215,102,67,1811,2003,4578.0,0.0,1.2003270000000001,1.091407,HUN,ECU,9022
2228216,110,67,1811,2003,4801.0,0.0,1.157809,0.682195,ISR,ECU,9022
2228217,111,67,1811,2003,40832.0,0.0,1.399734,1.044608,ITA,ECU,9022
2228218,114,67,1811,2003,127747.0,0.0,2.4686630000000003,0.48072600000000004,JPN,ECU,9022
2228219,121,67,1811,2003,107512.0,0.0,1.2611709999999998,0.956308,KOR,ECU,9022
2228220,138,67,1811,2003,11021.0,0.0,0.862509,0.756684,MEX,ECU,9022
2228221,162,67,1811,2003,330238.0,9507.0,1.168453,1.7085709999999998,NLD,ECU,9022
2228222,163,67,1811,2003,32357.0,0.0,1.1500620000000001,0.258554,NOR,ECU,9022
2228223,186,67,1811,2003,0.0,34008.0,1.072729,0.338355,RUS,ECU,9022
2228224,208,67,1811,2003,83508.0,4690.0,2.099224,0.799982,SWE,ECU,9022
2228225,231,67,1811,2003,2352439.0,15333.0,1.7789220000000001,0.064028,USA,ECU,9022
2228226,2,71,1811,2003,0.0,174679.0,-1.8762919999999998,-1.176541,AGO,ESP,9022
2228227,5,71,1811,2003,0.0,4598.0,1.0901319999999999,0.618693,AND,ESP,9022
2228228,7,71,1811,2003,0.0,721896.0,0.049637,-0.502691,ARE,ESP,9022
2228229,8,71,1811,2003,0.0,330564.0,0.302073,0.49069700000000005,ARG,ESP,9022
2228230,14,71,1811,2003,0.0,285229.0,0.316879,0.9409489999999999,AUS,ESP,9022
2228231,15,71,1811,2003,36614.0,197072.0,1.834977,0.408096,AUT,ESP,9022
2228232,18,71,1811,2003,3384250.0,648020.0,1.361682,1.39536,BEL,ESP,9022
2228233,21,71,1811,2003,0.0,14940.0,-0.9365690000000001,-0.9699409999999999,BFA,ESP,9022
2228234,23,71,1811,2003,0.0,3647.0,0.43308599999999997,1.7104099999999998,BGR,ESP,9022
2228235,24,71,1811,2003,0.0,4282.0,-0.10968800000000001,-1.041032,BHR,ESP,9022
2228236,28,71,1811,2003,0.0,613507.0,0.847358,0.9307719999999999,BLR,ESP,9022
2228237,31,71,1811,2003,0.0,9101.0,-0.787995,-0.7228899999999999,BOL,ESP,9022
2228238,32,71,1811,2003,0.0,498831.0,0.660576,1.118876,BRA,ESP,9022
2228239,39,71,1811,2003,69390.0,142829.0,0.9791540000000001,1.185081,CAN,ESP,9022
2228240,41,71,1811,2003,728276.0,308938.0,2.151037,0.711217,CHE,ESP,9022
2228241,42,71,1811,2003,9085.0,40775.0,-0.06375900000000001,-0.156808,CHL,ESP,9022
2228242,43,71,1811,2003,1240535.0,5410942.0,0.579431,2.773139,CHN,ESP,9022
2228243,46,71,1811,2003,0.0,35172.0,-1.366232,-1.0778860000000001,COD,ESP,9022
2228244,49,71,1811,2003,0.0,115992.0,0.218336,0.376869,COL,ESP,9022
2228245,52,71,1811,2003,0.0,26309.0,-0.193904,-0.5049680000000001,CRI,ESP,9022
2228246,54,71,1811,2003,0.0,1031362.0,-0.391515,-0.8562120000000001,CUB,ESP,9022
2228247,59,71,1811,2003,8442.0,115705.0,1.555749,0.8662059999999999,CZE,ESP,9022
2228248,61,71,1811,2003,64528382.0,7808588.0,2.2821919999999998,-2.0985150000000004,DEU,ESP,9022
2228249,64,71,1811,2003,152992.0,486430.0,1.309564,1.245596,DNK,ESP,9022
2228250,65,71,1811,2003,0.0,224316.0,-0.46264399999999994,-0.245034,DOM,ESP,9022
2228251,66,71,1811,2003,0.0,52832.0,-1.060727,-1.142594,DZA,ESP,9022
2228252,67,71,1811,2003,0.0,8299.0,-0.8689370000000001,-0.889767,ECU,ESP,9022
2228253,68,71,1811,2003,0.0,266897.0,-0.292923,0.465433,EGY,ESP,9022
2228254,72,71,1811,2003,372452.0,11319.0,0.5913010000000001,0.8489979999999999,EST,ESP,9022
2228255,74,71,1811,2003,3838262.0,92619.0,2.077889,0.942501,FIN,ESP,9022
2228256,77,71,1811,2003,39761456.0,35318002.0,1.606606,0.7394149999999999,FRA,ESP,9022
2228257,81,71,1811,2003,14071539.0,968720.0,1.8712540000000002,0.706205,GBR,ESP,9022
2228258,82,71,1811,2003,0.0,106172.0,0.595485,-0.25939,GEO,ESP,9022
2228259,83,71,1811,2003,0.0,4357.0,-1.074188,-0.7127319999999999,GHA,ESP,9022
2228260,84,71,1811,2003,0.0,5060.0,1.133606,-0.176782,GIB,ESP,9022
2228261,88,71,1811,2003,0.0,24801.0,0.24509499999999998,-0.612725,GNB,ESP,9022
2228262,89,71,1811,2003,0.0,46689.0,-2.4406529999999997,-0.821155,GNQ,ESP,9022
2228263,90,71,1811,2003,9859.0,63462.0,0.364688,1.4823959999999998,GRC,ESP,9022
2228264,93,71,1811,2003,0.0,16527.0,-0.444162,0.145319,GTM,ESP,9022
2228265,97,71,1811,2003,115761.0,314789.0,0.494569,2.147062,HKG,ESP,9022
2228266,99,71,1811,2003,0.0,2874.0,-0.733546,-0.568585,HND,ESP,9022
2228267,100,71,1811,2003,0.0,51313.0,0.568394,1.230759,HRV,ESP,9022
2228268,101,71,1811,2003,0.0,1416.0,-1.3761290000000002,-1.006346,HTI,ESP,9022
2228269,102,71,1811,2003,272789.0,1074809.0,1.2003270000000001,1.091407,HUN,ESP,9022
2228270,103,71,1811,2003,0.0,58571.0,-0.16802,1.7252990000000001,IDN,ESP,9022
2228271,104,71,1811,2003,314907.0,66265.0,0.33014099999999996,2.836003,IND,ESP,9022
2228272,106,71,1811,2003,0.0,19657.0,1.6396130000000002,0.220599,IRL,ESP,9022
2228273,107,71,1811,2003,0.0,107044.0,-0.552146,-0.8668520000000001,IRN,ESP,9022
2228274,108,71,1811,2003,0.0,8291508.0,-0.398557,-0.774153,IRQ,ESP,9022
2228275,109,71,1811,2003,0.0,2357.0,0.21902800000000003,-0.40818499999999996,ISL,ESP,9022
2228276,110,71,1811,2003,845639.0,4399871.0,1.157809,0.682195,ISR,ESP,9022
2228277,111,71,1811,2003,10142686.0,2264277.0,1.399734,1.044608,ITA,ESP,9022
2228278,112,71,1811,2003,0.0,4044.0,-0.6684140000000001,-0.915817,JAM,ESP,9022
2228279,113,71,1811,2003,0.0,88762.0,0.12295,0.377031,JOR,ESP,9022
2228280,114,71,1811,2003,10670533.0,4168161.0,2.4686630000000003,0.48072600000000004,JPN,ESP,9022
2228281,115,71,1811,2003,0.0,595471.0,-0.156326,-0.62092,KAZ,ESP,9022
2228282,116,71,1811,2003,1328.0,15908.0,-0.3531,0.582992,KEN,ESP,9022
2228283,121,71,1811,2003,240458.0,477129.0,1.2611709999999998,0.956308,KOR,ESP,9022
2228284,122,71,1811,2003,0.0,2913.0,-0.7943640000000001,-1.1529770000000001,KWT,ESP,9022
2228285,124,71,1811,2003,0.0,16995.0,0.261687,1.053856,LBN,ESP,9022
2228286,128,71,1811,2003,0.0,87926.0,-0.618057,0.101931,LKA,ESP,9022
2228287,130,71,1811,2003,0.0,14598.0,0.239608,0.517299,LTU,ESP,9022
2228288,131,71,1811,2003,0.0,31453.0,1.444996,1.063764,LUX,ESP,9022
2228289,132,71,1811,2003,0.0,9973.0,0.520772,0.5631689999999999,LVA,ESP,9022
2228290,133,71,1811,2003,0.0,28214.0,-0.294516,-0.413828,MAC,ESP,9022
2228291,134,71,1811,2003,0.0,228111.0,-0.6842050000000001,-0.217892,MAR,ESP,9022
2228292,138,71,1811,2003,19377.0,175859.0,0.862509,0.756684,MEX,ESP,9022
2228293,147,71,1811,2003,0.0,5103.0,-1.188243,-1.123693,MOZ,ESP,9022
2228294,148,71,1811,2003,0.0,28754.0,-1.069232,-1.184061,MRT,ESP,9022
2228295,152,71,1811,2003,0.0,2907.0,-1.48079,-1.235645,MWI,ESP,9022
2228296,153,71,1811,2003,9718.0,5686.0,0.728804,0.2168,MYS,ESP,9022
2228297,156,71,1811,2003,0.0,1028.0,-0.344934,-0.776632,NCL,ESP,9022
2228298,160,71,1811,2003,0.0,65077.0,-0.8661459999999999,-0.8661690000000001,NIC,ESP,9022
2228299,162,71,1811,2003,24893492.0,2131728.0,1.168453,1.7085709999999998,NLD,ESP,9022
2228300,163,71,1811,2003,176352.0,79872.0,1.1500620000000001,0.258554,NOR,ESP,9022
2228301,166,71,1811,2003,0.0,1565.0,0.589619,0.997301,NZL,ESP,9022
2228302,168,71,1811,2003,0.0,77242.0,-0.6659689999999999,0.137924,PAK,ESP,9022
2228303,173,71,1811,2003,0.0,30725.0,-0.48627,0.371354,PER,ESP,9022
2228304,174,71,1811,2003,0.0,3397.0,-0.065022,-0.195144,PHL,ESP,9022
2228305,177,71,1811,2003,29219.0,136410.0,0.966622,1.664838,POL,ESP,9022
2228306,179,71,1811,2003,1429931.0,6040952.0,0.471376,1.647303,PRT,ESP,9022
2228307,183,71,1811,2003,0.0,9117.0,-0.209042,-1.0565799999999999,QAT,ESP,9022
2228308,185,71,1811,2003,180235.0,77542.0,0.378379,1.0064620000000002,ROU,ESP,9022
2228309,186,71,1811,2003,55989.0,767221.0,1.072729,0.338355,RUS,ESP,9022
2228310,188,71,1811,2003,0.0,354410.0,0.202286,-0.714691,SAU,ESP,9022
2228311,189,71,1811,2003,0.0,384538.0,0.575326,1.627894,SCG,ESP,9022
2228312,191,71,1811,2003,0.0,25111.0,-0.25203600000000004,-0.25549299999999997,SEN,ESP,9022
2228313,192,71,1811,2003,9303.0,497793.0,1.5080799999999999,0.720337,SGP,ESP,9022
2228314,197,71,1811,2003,0.0,11128.0,-0.251357,-0.189917,SLV,ESP,9022
2228315,206,71,1811,2003,0.0,7841.0,1.22565,0.915518,SVK,ESP,9022
2228316,207,71,1811,2003,0.0,79410.0,1.6459840000000001,1.014191,SVN,ESP,9022
2228317,208,71,1811,2003,2031484.0,305947.0,2.099224,0.799982,SWE,ESP,9022
2228318,212,71,1811,2003,0.0,64928.0,-0.868749,-0.326322,SYR,ESP,9022
2228319,216,71,1811,2003,4302.0,37601.0,0.43010699999999996,1.607408,THA,ESP,9022
2228320,223,71,1811,2003,0.0,2430.0,-0.14845999999999998,0.255092,TUN,ESP,9022
2228321,224,71,1811,2003,119217.0,820410.0,0.192802,1.9855060000000002,TUR,ESP,9022
2228322,228,71,1811,2003,0.0,69676.0,0.8929389999999999,0.956685,UKR,ESP,9022
2228323,230,71,1811,2003,0.0,18852.0,0.19792200000000001,0.243104,URY,ESP,9022
2228324,231,71,1811,2003,44611815.0,16163283.0,1.7789220000000001,0.064028,USA,ESP,9022
2228325,236,71,1811,2003,0.0,303349.0,0.277805,-0.783697,VEN,ESP,9022
2228326,239,71,1811,2003,0.0,112329.0,-0.633985,0.659696,VNM,ESP,9022
2228327,246,71,1811,2003,16111.0,250821.0,0.477987,2.255395,ZAF,ESP,9022
2228328,249,71,1811,2003,1998.0,72026.0,1.5924040000000002,1.397843,TWN,ESP,9022
2228329,4,77,1811,2003,0.0,28532.0,-0.053595000000000004,0.166034,ALB,FRA,9022
2228330,5,77,1811,2003,4287.0,108622.0,1.0901319999999999,0.618693,AND,FRA,9022
2228331,6,77,1811,2003,0.0,143747.0,0.108903,-0.650137,ANT,FRA,9022
2228332,7,77,1811,2003,198269.0,3663669.0,0.049637,-0.502691,ARE,FRA,9022
2228333,8,77,1811,2003,1215.0,159274.0,0.302073,0.49069700000000005,ARG,FRA,9022
2228334,9,77,1811,2003,0.0,33989.0,0.497521,-0.305788,ARM,FRA,9022
2228335,12,77,1811,2003,0.0,9055.0,1.062357,-0.433928,ATF,FRA,9022
2228336,14,77,1811,2003,286013.0,3610187.0,0.316879,0.9409489999999999,AUS,FRA,9022
2228337,15,77,1811,2003,5712460.0,9212691.0,1.834977,0.408096,AUT,FRA,9022
2228338,16,77,1811,2003,0.0,4964.0,-0.304606,-0.975453,AZE,FRA,9022
2228339,17,77,1811,2003,0.0,113418.0,-0.550138,-0.759304,BDI,FRA,9022
2228340,18,77,1811,2003,19918654.0,19874793.0,1.361682,1.39536,BEL,FRA,9022
2228341,19,77,1811,2003,0.0,74235.0,-1.150888,-0.956203,BEN,FRA,9022
2228342,21,77,1811,2003,0.0,615938.0,-0.9365690000000001,-0.9699409999999999,BFA,FRA,9022
2228343,22,77,1811,2003,0.0,200950.0,-1.168404,-1.035782,BGD,FRA,9022
2228344,23,77,1811,2003,14539.0,3089876.0,0.43308599999999997,1.7104099999999998,BGR,FRA,9022
2228345,24,77,1811,2003,224523.0,80413.0,-0.10968800000000001,-1.041032,BHR,FRA,9022
2228346,26,77,1811,2003,3156.0,175312.0,0.195667,0.347011,BIH,FRA,9022
2228347,28,77,1811,2003,13976.0,1987300.0,0.847358,0.9307719999999999,BLR,FRA,9022
2228348,31,77,1811,2003,0.0,55559.0,-0.787995,-0.7228899999999999,BOL,FRA,9022
2228349,32,77,1811,2003,101637.0,1307635.0,0.660576,1.118876,BRA,FRA,9022
2228350,34,77,1811,2003,0.0,36456.0,-1.342738,-0.978633,BRN,FRA,9022
2228351,37,77,1811,2003,0.0,58570.0,-0.517317,-1.1125770000000001,BWA,FRA,9022
2228352,39,77,1811,2003,643127.0,4420589.0,0.9791540000000001,1.185081,CAN,FRA,9022
2228353,41,77,1811,2003,5413152.0,8286754.0,2.151037,0.711217,CHE,FRA,9022
2228354,42,77,1811,2003,0.0,211581.0,-0.06375900000000001,-0.156808,CHL,FRA,9022
2228355,43,77,1811,2003,9006386.0,19320258.0,0.579431,2.773139,CHN,FRA,9022
2228356,44,77,1811,2003,7607.0,386319.0,-0.699928,-0.723739,CIV,FRA,9022
2228357,45,77,1811,2003,7277.0,279158.0,-1.254788,-1.10897,CMR,FRA,9022
2228358,46,77,1811,2003,0.0,1132.0,-1.366232,-1.0778860000000001,COD,FRA,9022
2228359,47,77,1811,2003,0.0,91681.0,-1.6789619999999998,-1.182557,COG,FRA,9022
2228360,49,77,1811,2003,0.0,284429.0,0.218336,0.376869,COL,FRA,9022
2228361,50,77,1811,2003,0.0,15040.0,-0.675377,-0.791014,COM,FRA,9022
2228362,51,77,1811,2003,0.0,2356.0,0.070649,-0.541279,CPV,FRA,9022
2228363,52,77,1811,2003,0.0,49894.0,-0.193904,-0.5049680000000001,CRI,FRA,9022
2228364,54,77,1811,2003,18674.0,31220.0,-0.391515,-0.8562120000000001,CUB,FRA,9022
2228365,58,77,1811,2003,0.0,1041452.0,0.259992,0.068914,CYP,FRA,9022
2228366,59,77,1811,2003,652769.0,5693915.0,1.555749,0.8662059999999999,CZE,FRA,9022
2228367,61,77,1811,2003,116393584.0,135955178.0,2.2821919999999998,-2.0985150000000004,DEU,FRA,9022
2228368,62,77,1811,2003,0.0,54330.0,-0.41648500000000005,-0.5408350000000001,DJI,FRA,9022
2228369,63,77,1811,2003,0.0,8398.0,0.11903299999999999,-0.21768200000000001,DMA,FRA,9022
2228370,64,77,1811,2003,2028389.0,3880102.0,1.309564,1.245596,DNK,FRA,9022
2228371,65,77,1811,2003,0.0,29612.0,-0.46264399999999994,-0.245034,DOM,FRA,9022
2228372,66,77,1811,2003,238493.0,20168666.0,-1.060727,-1.142594,DZA,FRA,9022
2228373,67,77,1811,2003,0.0,138438.0,-0.8689370000000001,-0.889767,ECU,FRA,9022
2228374,68,77,1811,2003,11699.0,2977959.0,-0.292923,0.465433,EGY,FRA,9022
2228375,71,77,1811,2003,35318002.0,39761456.0,0.960684,2.074792,ESP,FRA,9022
2228376,72,77,1811,2003,0.0,182993.0,0.5913010000000001,0.8489979999999999,EST,FRA,9022
2228377,73,77,1811,2003,0.0,38877.0,-1.1145559999999999,-0.9599620000000001,ETH,FRA,9022
2228378,74,77,1811,2003,12276837.0,1140317.0,2.077889,0.942501,FIN,FRA,9022
2228379,80,77,1811,2003,10209.0,127487.0,-0.92745,-1.138466,GAB,FRA,9022
2228380,81,77,1811,2003,33877528.0,37877707.0,1.8712540000000002,0.706205,GBR,FRA,9022
2228381,82,77,1811,2003,0.0,72657.0,0.595485,-0.25939,GEO,FRA,9022
2228382,83,77,1811,2003,0.0,4548.0,-1.074188,-0.7127319999999999,GHA,FRA,9022
2228383,85,77,1811,2003,38962.0,289757.0,-2.14752,-1.250048,GIN,FRA,9022
2228384,87,77,1811,2003,0.0,44447.0,-0.230541,-0.275663,GMB,FRA,9022
2228385,88,77,1811,2003,26372.0,218824.0,0.24509499999999998,-0.612725,GNB,FRA,9022
2228386,89,77,1811,2003,0.0,11318.0,-2.4406529999999997,-0.821155,GNQ,FRA,9022
2228387,90,77,1811,2003,482508.0,4368671.0,0.364688,1.4823959999999998,GRC,FRA,9022
2228388,92,77,1811,2003,1977.0,622.0,-0.764655,-0.8684200000000001,GRL,FRA,9022
2228389,93,77,1811,2003,0.0,42873.0,-0.444162,0.145319,GTM,FRA,9022
2228390,97,77,1811,2003,83111.0,1514893.0,0.494569,2.147062,HKG,FRA,9022
2228391,99,77,1811,2003,0.0,143801.0,-0.733546,-0.568585,HND,FRA,9022
2228392,100,77,1811,2003,72827.0,943248.0,0.568394,1.230759,HRV,FRA,9022
2228393,102,77,1811,2003,14966615.0,8463428.0,1.2003270000000001,1.091407,HUN,FRA,9022
2228394,103,77,1811,2003,18948.0,1068830.0,-0.16802,1.7252990000000001,IDN,FRA,9022
2228395,104,77,1811,2003,7718173.0,7673340.0,0.33014099999999996,2.836003,IND,FRA,9022
2228396,106,77,1811,2003,409524.0,3043612.0,1.6396130000000002,0.220599,IRL,FRA,9022
2228397,107,77,1811,2003,144331.0,8471194.0,-0.552146,-0.8668520000000001,IRN,FRA,9022
2228398,109,77,1811,2003,0.0,315175.0,0.21902800000000003,-0.40818499999999996,ISL,FRA,9022
2228399,110,77,1811,2003,23505740.0,7039809.0,1.157809,0.682195,ISR,FRA,9022
2228400,111,77,1811,2003,47254453.0,66331291.0,1.399734,1.044608,ITA,FRA,9022
2228401,112,77,1811,2003,0.0,3529.0,-0.6684140000000001,-0.915817,JAM,FRA,9022
2228402,113,77,1811,2003,151042.0,1253151.0,0.12295,0.377031,JOR,FRA,9022
2228403,114,77,1811,2003,40582351.0,46516770.0,2.4686630000000003,0.48072600000000004,JPN,FRA,9022
2228404,115,77,1811,2003,0.0,546676.0,-0.156326,-0.62092,KAZ,FRA,9022
2228405,116,77,1811,2003,5250.0,901989.0,-0.3531,0.582992,KEN,FRA,9022
2228406,118,77,1811,2003,0.0,77964.0,-1.0165620000000002,-1.060454,KHM,FRA,9022
2228407,121,77,1811,2003,324182.0,6998931.0,1.2611709999999998,0.956308,KOR,FRA,9022
2228408,122,77,1811,2003,0.0,3071034.0,-0.7943640000000001,-1.1529770000000001,KWT,FRA,9022
2228409,124,77,1811,2003,15468.0,2341524.0,0.261687,1.053856,LBN,FRA,9022
2228410,126,77,1811,2003,0.0,2829656.0,-0.36075999999999997,-1.110575,LBY,FRA,9022
2228411,128,77,1811,2003,0.0,60873.0,-0.618057,0.101931,LKA,FRA,9022
2228412,130,77,1811,2003,12734.0,1043981.0,0.239608,0.517299,LTU,FRA,9022
2228413,131,77,1811,2003,46027.0,132186.0,1.444996,1.063764,LUX,FRA,9022
2228414,132,77,1811,2003,30755.0,2372047.0,0.520772,0.5631689999999999,LVA,FRA,9022
2228415,133,77,1811,2003,0.0,19036.0,-0.294516,-0.413828,MAC,FRA,9022
2228416,134,77,1811,2003,180656.0,3559783.0,-0.6842050000000001,-0.217892,MAR,FRA,9022
2228417,135,77,1811,2003,0.0,11404.0,-0.005154,-0.26107199999999997,MDA,FRA,9022
2228418,136,77,1811,2003,10915.0,379123.0,-1.254758,-0.622696,MDG,FRA,9022
2228419,137,77,1811,2003,0.0,3468.0,-1.201352,-1.031892,MDV,FRA,9022
2228420,138,77,1811,2003,2223787.0,9972300.0,0.862509,0.756684,MEX,FRA,9022
2228421,140,77,1811,2003,914.0,124673.0,-0.017632,0.225394,MKD,FRA,9022
2228422,141,77,1811,2003,749.0,51783.0,-0.786411,-0.879049,MLI,FRA,9022
2228423,142,77,1811,2003,431166.0,906291.0,1.2138149999999999,-0.015687,MLT,FRA,9022
2228424,143,77,1811,2003,0.0,232032.0,-1.435123,-1.0948,MMR,FRA,9022
2228425,147,77,1811,2003,0.0,1798.0,-1.188243,-1.123693,MOZ,FRA,9022
2228426,148,77,1811,2003,0.0,72960.0,-1.069232,-1.184061,MRT,FRA,9022
2228427,151,77,1811,2003,5895.0,429391.0,-0.361514,-0.29839899999999997,MUS,FRA,9022
2228428,153,77,1811,2003,1181441.0,359107.0,0.728804,0.2168,MYS,FRA,9022
2228429,154,77,1811,2003,0.0,39966.0,0.8645370000000001,-0.101347,MYT,FRA,9022
2228430,155,77,1811,2003,0.0,25100.0,-0.24004499999999998,-0.39565900000000004,NAM,FRA,9022
2228431,156,77,1811,2003,2913.0,1188477.0,-0.344934,-0.776632,NCL,FRA,9022
2228432,157,77,1811,2003,1124.0,544343.0,-0.199296,-0.578264,NER,FRA,9022
2228433,159,77,1811,2003,0.0,114702.0,-1.859176,-1.234236,NGA,FRA,9022
2228434,160,77,1811,2003,0.0,2475.0,-0.8661459999999999,-0.8661690000000001,NIC,FRA,9022
2228435,162,77,1811,2003,60745716.0,29127904.0,1.168453,1.7085709999999998,NLD,FRA,9022
2228436,163,77,1811,2003,5931322.0,12470352.0,1.1500620000000001,0.258554,NOR,FRA,9022
2228437,166,77,1811,2003,160180.0,729425.0,0.589619,0.997301,NZL,FRA,9022
2228438,167,77,1811,2003,0.0,197771.0,-1.434873,-1.188123,OMN,FRA,9022
2228439,168,77,1811,2003,21170.0,379128.0,-0.6659689999999999,0.137924,PAK,FRA,9022
2228440,169,77,1811,2003,0.0,145593.0,-0.050386,-0.039619999999999995,PAN,FRA,9022
2228441,173,77,1811,2003,0.0,130577.0,-0.48627,0.371354,PER,FRA,9022
2228442,174,77,1811,2003,38019.0,382209.0,-0.065022,-0.195144,PHL,FRA,9022
2228443,177,77,1811,2003,241831.0,10414767.0,0.966622,1.664838,POL,FRA,9022
2228444,178,77,1811,2003,0.0,6791.0,0.7060420000000001,0.7718,PRK,FRA,9022
2228445,179,77,1811,2003,1068374.0,6901491.0,0.471376,1.647303,PRT,FRA,9022
2228446,182,77,1811,2003,67166.0,523760.0,-0.255707,-0.676557,PYF,FRA,9022
2228447,183,77,1811,2003,37497.0,43144.0,-0.209042,-1.0565799999999999,QAT,FRA,9022
2228448,185,77,1811,2003,182025.0,3112798.0,0.378379,1.0064620000000002,ROU,FRA,9022
2228449,186,77,1811,2003,237558.0,26948990.0,1.072729,0.338355,RUS,FRA,9022
2228450,188,77,1811,2003,452648.0,21292179.0,0.202286,-0.714691,SAU,FRA,9022
2228451,189,77,1811,2003,4789.0,1945671.0,0.575326,1.627894,SCG,FRA,9022
2228452,190,77,1811,2003,0.0,229537.0,-1.3535059999999999,-1.1701409999999999,SDN,FRA,9022
2228453,191,77,1811,2003,77376.0,480347.0,-0.25203600000000004,-0.25549299999999997,SEN,FRA,9022
2228454,192,77,1811,2003,6604126.0,16563066.0,1.5080799999999999,0.720337,SGP,FRA,9022
2228455,196,77,1811,2003,89385.0,0.0,0.129923,-0.19926300000000002,SLE,FRA,9022
2228456,197,77,1811,2003,0.0,138539.0,-0.251357,-0.189917,SLV,FRA,9022
2228457,200,77,1811,2003,0.0,14714.0,0.677331,-0.645223,SPM,FRA,9022
2228458,206,77,1811,2003,35968.0,2428180.0,1.22565,0.915518,SVK,FRA,9022
2228459,207,77,1811,2003,91152.0,423504.0,1.6459840000000001,1.014191,SVN,FRA,9022
2228460,208,77,1811,2003,3174674.0,7456677.0,2.099224,0.799982,SWE,FRA,9022
2228461,211,77,1811,2003,0.0,246174.0,-0.44341099999999994,-0.742566,SYC,FRA,9022
2228462,212,77,1811,2003,0.0,2848076.0,-0.868749,-0.326322,SYR,FRA,9022
2228463,214,77,1811,2003,0.0,153933.0,-0.263238,-0.6801189999999999,TCD,FRA,9022
2228464,215,77,1811,2003,0.0,51201.0,-0.5058590000000001,-0.520586,TGO,FRA,9022
2228465,216,77,1811,2003,1657.0,431088.0,0.43010699999999996,1.607408,THA,FRA,9022
2228466,223,77,1811,2003,98602.0,6333976.0,-0.14845999999999998,0.255092,TUN,FRA,9022
2228467,224,77,1811,2003,638806.0,6351931.0,0.192802,1.9855060000000002,TUR,FRA,9022
2228468,226,77,1811,2003,0.0,132964.0,-1.225217,-0.43662399999999996,TZA,FRA,9022
2228469,228,77,1811,2003,962.0,1534282.0,0.8929389999999999,0.956685,UKR,FRA,9022
2228470,230,77,1811,2003,4227.0,486420.0,0.19792200000000001,0.243104,URY,FRA,9022
2228471,231,77,1811,2003,288093470.0,304989081.0,1.7789220000000001,0.064028,USA,FRA,9022
2228472,232,77,1811,2003,0.0,49802.0,-0.285978,-0.703334,UZB,FRA,9022
2228473,236,77,1811,2003,0.0,5079.0,0.277805,-0.783697,VEN,FRA,9022
2228474,239,77,1811,2003,168544.0,341015.0,-0.633985,0.659696,VNM,FRA,9022
2228475,243,77,1811,2003,0.0,178834.0,-1.453584,-1.257815,YEM,FRA,9022
2228476,246,77,1811,2003,314145.0,3347783.0,0.477987,2.255395,ZAF,FRA,9022
2228477,247,77,1811,2003,0.0,3224.0,-0.678149,-0.5919449999999999,ZMB,FRA,9022
2228478,249,77,1811,2003,171556.0,3053092.0,1.5924040000000002,1.397843,TWN,FRA,9022
2228479,250,77,1811,2003,13105550.0,0.0,0.45951499999999995,-0.2312,ANS,FRA,9022
2228480,1,81,1811,2003,0.0,38941.0,-0.421205,-0.602704,AFG,GBR,9022
2228481,2,81,1811,2003,19695.0,17623.0,-1.8762919999999998,-1.176541,AGO,GBR,9022
2228482,4,81,1811,2003,0.0,1358.0,-0.053595000000000004,0.166034,ALB,GBR,9022
2228483,7,81,1811,2003,69022.0,2112764.0,0.049637,-0.502691,ARE,GBR,9022
2228484,8,81,1811,2003,0.0,369873.0,0.302073,0.49069700000000005,ARG,GBR,9022
2228485,9,81,1811,2003,0.0,20099.0,0.497521,-0.305788,ARM,GBR,9022
2228486,14,81,1811,2003,184623.0,4476241.0,0.316879,0.9409489999999999,AUS,GBR,9022
2228487,15,81,1811,2003,36365.0,12258914.0,1.834977,0.408096,AUT,GBR,9022
2228488,16,81,1811,2003,6234.0,861515.0,-0.304606,-0.975453,AZE,GBR,9022
2228489,18,81,1811,2003,7039555.0,1670514.0,1.361682,1.39536,BEL,GBR,9022
2228490,22,81,1811,2003,0.0,980.0,-1.168404,-1.035782,BGD,GBR,9022
2228491,23,81,1811,2003,12846.0,133718.0,0.43308599999999997,1.7104099999999998,BGR,GBR,9022
2228492,24,81,1811,2003,1050.0,93070.0,-0.10968800000000001,-1.041032,BHR,GBR,9022
2228493,26,81,1811,2003,0.0,43152.0,0.195667,0.347011,BIH,GBR,9022
2228494,28,81,1811,2003,0.0,141989.0,0.847358,0.9307719999999999,BLR,GBR,9022
2228495,30,81,1811,2003,0.0,1838.0,0.9966459999999999,-0.5183270000000001,BMU,GBR,9022
2228496,32,81,1811,2003,10591.0,904331.0,0.660576,1.118876,BRA,GBR,9022
2228497,34,81,1811,2003,4320.0,80285.0,-1.342738,-0.978633,BRN,GBR,9022
2228498,37,81,1811,2003,0.0,42415.0,-0.517317,-1.1125770000000001,BWA,GBR,9022
2228499,39,81,1811,2003,1592426.0,5372542.0,0.9791540000000001,1.185081,CAN,GBR,9022
2228500,41,81,1811,2003,5145782.0,1891942.0,2.151037,0.711217,CHE,GBR,9022
2228501,42,81,1811,2003,0.0,480818.0,-0.06375900000000001,-0.156808,CHL,GBR,9022
2228502,43,81,1811,2003,3340058.0,26688850.0,0.579431,2.773139,CHN,GBR,9022
2228503,44,81,1811,2003,0.0,1632.0,-0.699928,-0.723739,CIV,GBR,9022
2228504,45,81,1811,2003,0.0,34339.0,-1.254788,-1.10897,CMR,GBR,9022
2228505,46,81,1811,2003,0.0,101495.0,-1.366232,-1.0778860000000001,COD,GBR,9022
2228506,49,81,1811,2003,0.0,121792.0,0.218336,0.376869,COL,GBR,9022
2228507,52,81,1811,2003,0.0,3853.0,-0.193904,-0.5049680000000001,CRI,GBR,9022
2228508,54,81,1811,2003,0.0,27783.0,-0.391515,-0.8562120000000001,CUB,GBR,9022
2228509,57,81,1811,2003,0.0,9167.0,0.308768,-0.690944,CYM,GBR,9022
2228510,58,81,1811,2003,0.0,223673.0,0.259992,0.068914,CYP,GBR,9022
2228511,59,81,1811,2003,204180.0,4068991.0,1.555749,0.8662059999999999,CZE,GBR,9022
2228512,61,81,1811,2003,70328379.0,30198354.0,2.2821919999999998,-2.0985150000000004,DEU,GBR,9022
2228513,64,81,1811,2003,382447.0,1668120.0,1.309564,1.245596,DNK,GBR,9022
2228514,65,81,1811,2003,0.0,5180.0,-0.46264399999999994,-0.245034,DOM,GBR,9022
2228515,66,81,1811,2003,0.0,75201.0,-1.060727,-1.142594,DZA,GBR,9022
2228516,68,81,1811,2003,0.0,1457132.0,-0.292923,0.465433,EGY,GBR,9022
2228517,71,81,1811,2003,968720.0,14071539.0,0.960684,2.074792,ESP,GBR,9022
2228518,72,81,1811,2003,0.0,179744.0,0.5913010000000001,0.8489979999999999,EST,GBR,9022
2228519,73,81,1811,2003,0.0,255052.0,-1.1145559999999999,-0.9599620000000001,ETH,GBR,9022
2228520,74,81,1811,2003,3085694.0,1372658.0,2.077889,0.942501,FIN,GBR,9022
2228521,75,81,1811,2003,0.0,4547.0,-0.6865640000000001,-0.326977,FJI,GBR,9022
2228522,77,81,1811,2003,37877707.0,33877528.0,1.606606,0.7394149999999999,FRA,GBR,9022
2228523,80,81,1811,2003,0.0,27423.0,-0.92745,-1.138466,GAB,GBR,9022
2228524,82,81,1811,2003,1391.0,6868.0,0.595485,-0.25939,GEO,GBR,9022
2228525,83,81,1811,2003,0.0,36895.0,-1.074188,-0.7127319999999999,GHA,GBR,9022
2228526,84,81,1811,2003,0.0,74933.0,1.133606,-0.176782,GIB,GBR,9022
2228527,87,81,1811,2003,0.0,1908528.0,-0.230541,-0.275663,GMB,GBR,9022
2228528,90,81,1811,2003,162528.0,956885.0,0.364688,1.4823959999999998,GRC,GBR,9022
2228529,92,81,1811,2003,0.0,722.0,-0.764655,-0.8684200000000001,GRL,GBR,9022
2228530,93,81,1811,2003,0.0,62865.0,-0.444162,0.145319,GTM,GBR,9022
2228531,96,81,1811,2003,0.0,2019.0,-0.59035,-0.7361340000000001,GUY,GBR,9022
2228532,97,81,1811,2003,238193.0,5805096.0,0.494569,2.147062,HKG,GBR,9022
2228533,100,81,1811,2003,0.0,26512.0,0.568394,1.230759,HRV,GBR,9022
2228534,102,81,1811,2003,1138660.0,5237332.0,1.2003270000000001,1.091407,HUN,GBR,9022
2228535,103,81,1811,2003,0.0,460496.0,-0.16802,1.7252990000000001,IDN,GBR,9022
2228536,104,81,1811,2003,540446.0,1290083.0,0.33014099999999996,2.836003,IND,GBR,9022
2228537,106,81,1811,2003,4642626.0,4667725.0,1.6396130000000002,0.220599,IRL,GBR,9022
2228538,107,81,1811,2003,2000.0,806789.0,-0.552146,-0.8668520000000001,IRN,GBR,9022
2228539,109,81,1811,2003,0.0,203883.0,0.21902800000000003,-0.40818499999999996,ISL,GBR,9022
2228540,110,81,1811,2003,934366.0,3737556.0,1.157809,0.682195,ISR,GBR,9022
2228541,111,81,1811,2003,4368630.0,20033368.0,1.399734,1.044608,ITA,GBR,9022
2228542,112,81,1811,2003,0.0,3634.0,-0.6684140000000001,-0.915817,JAM,GBR,9022
2228543,113,81,1811,2003,0.0,264342.0,0.12295,0.377031,JOR,GBR,9022
2228544,114,81,1811,2003,10436443.0,14094536.0,2.4686630000000003,0.48072600000000004,JPN,GBR,9022
2228545,115,81,1811,2003,2682.0,711803.0,-0.156326,-0.62092,KAZ,GBR,9022
2228546,116,81,1811,2003,0.0,93088.0,-0.3531,0.582992,KEN,GBR,9022
2228547,117,81,1811,2003,0.0,71463.0,0.25359699999999996,0.24101199999999998,KGZ,GBR,9022
2228548,118,81,1811,2003,0.0,879.0,-1.0165620000000002,-1.060454,KHM,GBR,9022
2228549,121,81,1811,2003,306567.0,3636062.0,1.2611709999999998,0.956308,KOR,GBR,9022
2228550,122,81,1811,2003,0.0,556966.0,-0.7943640000000001,-1.1529770000000001,KWT,GBR,9022
2228551,123,81,1811,2003,0.0,34935.0,-1.251741,-1.14364,LAO,GBR,9022
2228552,124,81,1811,2003,0.0,70291.0,0.261687,1.053856,LBN,GBR,9022
2228553,126,81,1811,2003,0.0,1530241.0,-0.36075999999999997,-1.110575,LBY,GBR,9022
2228554,127,81,1811,2003,0.0,19434.0,0.318385,-0.342679,LCA,GBR,9022
2228555,128,81,1811,2003,0.0,17477.0,-0.618057,0.101931,LKA,GBR,9022
2228556,130,81,1811,2003,5012.0,306652.0,0.239608,0.517299,LTU,GBR,9022
2228557,131,81,1811,2003,64791.0,24502.0,1.444996,1.063764,LUX,GBR,9022
2228558,132,81,1811,2003,3547.0,410992.0,0.520772,0.5631689999999999,LVA,GBR,9022
2228559,134,81,1811,2003,13116.0,22552.0,-0.6842050000000001,-0.217892,MAR,GBR,9022
2228560,135,81,1811,2003,0.0,68241.0,-0.005154,-0.26107199999999997,MDA,GBR,9022
2228561,138,81,1811,2003,93992.0,1615838.0,0.862509,0.756684,MEX,GBR,9022
2228562,140,81,1811,2003,0.0,1401304.0,-0.017632,0.225394,MKD,GBR,9022
2228563,142,81,1811,2003,10731.0,148230.0,1.2138149999999999,-0.015687,MLT,GBR,9022
2228564,143,81,1811,2003,0.0,13069.0,-1.435123,-1.0948,MMR,GBR,9022
2228565,145,81,1811,2003,0.0,8027.0,-0.9747620000000001,-1.026308,MNG,GBR,9022
2228566,147,81,1811,2003,0.0,23955.0,-1.188243,-1.123693,MOZ,GBR,9022
2228567,149,81,1811,2003,0.0,946.0,0.383768,-0.320867,MSR,GBR,9022
2228568,151,81,1811,2003,4965.0,39359.0,-0.361514,-0.29839899999999997,MUS,GBR,9022
2228569,152,81,1811,2003,0.0,29923.0,-1.48079,-1.235645,MWI,GBR,9022
2228570,153,81,1811,2003,8130579.0,1230481.0,0.728804,0.2168,MYS,GBR,9022
2228571,155,81,1811,2003,0.0,36930.0,-0.24004499999999998,-0.39565900000000004,NAM,GBR,9022
2228572,156,81,1811,2003,0.0,1145.0,-0.344934,-0.776632,NCL,GBR,9022
2228573,159,81,1811,2003,5007.0,1382620.0,-1.859176,-1.234236,NGA,GBR,9022
2228574,162,81,1811,2003,53230813.0,34018474.0,1.168453,1.7085709999999998,NLD,GBR,9022
2228575,163,81,1811,2003,228816.0,5731329.0,1.1500620000000001,0.258554,NOR,GBR,9022
2228576,164,81,1811,2003,0.0,7589.0,-0.26353899999999997,1.351717,NPL,GBR,9022
2228577,166,81,1811,2003,18926.0,633272.0,0.589619,0.997301,NZL,GBR,9022
2228578,167,81,1811,2003,0.0,477854.0,-1.434873,-1.188123,OMN,GBR,9022
2228579,168,81,1811,2003,47593.0,804568.0,-0.6659689999999999,0.137924,PAK,GBR,9022
2228580,169,81,1811,2003,0.0,28260.0,-0.050386,-0.039619999999999995,PAN,GBR,9022
2228581,173,81,1811,2003,0.0,4005.0,-0.48627,0.371354,PER,GBR,9022
2228582,174,81,1811,2003,9212.0,532070.0,-0.065022,-0.195144,PHL,GBR,9022
2228583,176,81,1811,2003,0.0,2273.0,-1.7997330000000002,-1.2110049999999999,PNG,GBR,9022
2228584,177,81,1811,2003,2123999.0,2830328.0,0.966622,1.664838,POL,GBR,9022
2228585,179,81,1811,2003,41878.0,2139530.0,0.471376,1.647303,PRT,GBR,9022
2228586,183,81,1811,2003,14671.0,191173.0,-0.209042,-1.0565799999999999,QAT,GBR,9022
2228587,185,81,1811,2003,13098.0,3281741.0,0.378379,1.0064620000000002,ROU,GBR,9022
2228588,186,81,1811,2003,240443.0,5293888.0,1.072729,0.338355,RUS,GBR,9022
2228589,187,81,1811,2003,1980.0,10989.0,-0.99513,-0.852476,RWA,GBR,9022
2228590,188,81,1811,2003,11347.0,2881829.0,0.202286,-0.714691,SAU,GBR,9022
2228591,189,81,1811,2003,0.0,991924.0,0.575326,1.627894,SCG,GBR,9022
2228592,190,81,1811,2003,123982.0,378571.0,-1.3535059999999999,-1.1701409999999999,SDN,GBR,9022
2228593,191,81,1811,2003,0.0,30121.0,-0.25203600000000004,-0.25549299999999997,SEN,GBR,9022
2228594,192,81,1811,2003,569657.0,4563641.0,1.5080799999999999,0.720337,SGP,GBR,9022
2228595,196,81,1811,2003,0.0,8480.0,0.129923,-0.19926300000000002,SLE,GBR,9022
2228596,197,81,1811,2003,0.0,1354.0,-0.251357,-0.189917,SLV,GBR,9022
2228597,206,81,1811,2003,18772.0,89480.0,1.22565,0.915518,SVK,GBR,9022
2228598,207,81,1811,2003,0.0,116433.0,1.6459840000000001,1.014191,SVN,GBR,9022
2228599,208,81,1811,2003,3794586.0,6524997.0,2.099224,0.799982,SWE,GBR,9022
2228600,209,81,1811,2003,0.0,144500.0,0.399541,-0.23342600000000002,SWZ,GBR,9022
2228601,212,81,1811,2003,7764.0,105706.0,-0.868749,-0.326322,SYR,GBR,9022
2228602,216,81,1811,2003,19631.0,919612.0,0.43010699999999996,1.607408,THA,GBR,9022
2228603,217,81,1811,2003,0.0,40442.0,-0.6187520000000001,-1.0438969999999999,TJK,GBR,9022
2228604,218,81,1811,2003,0.0,34367.0,0.244606,-0.038999,TKL,GBR,9022
2228605,219,81,1811,2003,0.0,95185.0,-1.223295,-1.250217,TKM,GBR,9022
2228606,222,81,1811,2003,0.0,4328.0,-0.16738,-0.9820969999999999,TTO,GBR,9022
2228607,223,81,1811,2003,31993.0,93731.0,-0.14845999999999998,0.255092,TUN,GBR,9022
2228608,224,81,1811,2003,564553.0,4300065.0,0.192802,1.9855060000000002,TUR,GBR,9022
2228609,226,81,1811,2003,0.0,196415.0,-1.225217,-0.43662399999999996,TZA,GBR,9022
2228610,227,81,1811,2003,0.0,304002.0,-0.895193,-0.712039,UGA,GBR,9022
2228611,228,81,1811,2003,0.0,1078545.0,0.8929389999999999,0.956685,UKR,GBR,9022
2228612,230,81,1811,2003,0.0,51277.0,0.19792200000000001,0.243104,URY,GBR,9022
2228613,231,81,1811,2003,85734144.0,97304050.0,1.7789220000000001,0.064028,USA,GBR,9022
2228614,232,81,1811,2003,0.0,79688.0,-0.285978,-0.703334,UZB,GBR,9022
2228615,234,81,1811,2003,0.0,2809.0,-0.355758,-0.679181,VCT,GBR,9022
2228616,236,81,1811,2003,0.0,1169030.0,0.277805,-0.783697,VEN,GBR,9022
2228617,239,81,1811,2003,993.0,121090.0,-0.633985,0.659696,VNM,GBR,9022
2228618,243,81,1811,2003,0.0,61972.0,-1.453584,-1.257815,YEM,GBR,9022
2228619,246,81,1811,2003,264341.0,2180304.0,0.477987,2.255395,ZAF,GBR,9022
2228620,247,81,1811,2003,0.0,16837.0,-0.678149,-0.5919449999999999,ZMB,GBR,9022
2228621,248,81,1811,2003,0.0,10131.0,-0.366539,-0.18906199999999998,ZWE,GBR,9022
2228622,249,81,1811,2003,206163.0,6937562.0,1.5924040000000002,1.397843,TWN,GBR,9022
2228623,4,90,1811,2003,0.0,46216.0,-0.053595000000000004,0.166034,ALB,GRC,9022
2228624,14,90,1811,2003,76643.0,0.0,0.316879,0.9409489999999999,AUS,GRC,9022
2228625,15,90,1811,2003,1068102.0,19099.0,1.834977,0.408096,AUT,GRC,9022
2228626,18,90,1811,2003,491134.0,18476.0,1.361682,1.39536,BEL,GRC,9022
2228627,39,90,1811,2003,765134.0,0.0,0.9791540000000001,1.185081,CAN,GRC,9022
2228628,41,90,1811,2003,583712.0,4635.0,2.151037,0.711217,CHE,GRC,9022
2228629,43,90,1811,2003,385501.0,0.0,0.579431,2.773139,CHN,GRC,9022
2228630,58,90,1811,2003,5811.0,59426.0,0.259992,0.068914,CYP,GRC,9022
2228631,61,90,1811,2003,15379327.0,181235.0,2.2821919999999998,-2.0985150000000004,DEU,GRC,9022
2228632,64,90,1811,2003,2244.0,0.0,1.309564,1.245596,DNK,GRC,9022
2228633,71,90,1811,2003,63462.0,9859.0,0.960684,2.074792,ESP,GRC,9022
2228634,74,90,1811,2003,303890.0,4608.0,2.077889,0.942501,FIN,GRC,9022
2228635,77,90,1811,2003,4368671.0,482508.0,1.606606,0.7394149999999999,FRA,GRC,9022
2228636,81,90,1811,2003,956885.0,162528.0,1.8712540000000002,0.706205,GBR,GRC,9022
2228637,102,90,1811,2003,1835.0,95812.0,1.2003270000000001,1.091407,HUN,GRC,9022
2228638,104,90,1811,2003,23670.0,0.0,0.33014099999999996,2.836003,IND,GRC,9022
2228639,110,90,1811,2003,2397898.0,28058.0,1.157809,0.682195,ISR,GRC,9022
2228640,111,90,1811,2003,2604730.0,28013.0,1.399734,1.044608,ITA,GRC,9022
2228641,114,90,1811,2003,685201.0,0.0,2.4686630000000003,0.48072600000000004,JPN,GRC,9022
2228642,121,90,1811,2003,39170.0,0.0,1.2611709999999998,0.956308,KOR,GRC,9022
2228643,140,90,1811,2003,0.0,5701.0,-0.017632,0.225394,MKD,GRC,9022
2228644,162,90,1811,2003,2196458.0,265256.0,1.168453,1.7085709999999998,NLD,GRC,9022
2228645,163,90,1811,2003,3224.0,0.0,1.1500620000000001,0.258554,NOR,GRC,9022
2228646,179,90,1811,2003,16117.0,4325.0,0.471376,1.647303,PRT,GRC,9022
2228647,185,90,1811,2003,0.0,1357.0,0.378379,1.0064620000000002,ROU,GRC,9022
2228648,188,90,1811,2003,0.0,1824.0,0.202286,-0.714691,SAU,GRC,9022
2228649,190,90,1811,2003,0.0,2699.0,-1.3535059999999999,-1.1701409999999999,SDN,GRC,9022
2228650,208,90,1811,2003,18082.0,0.0,2.099224,0.799982,SWE,GRC,9022
2228651,216,90,1811,2003,0.0,5428.0,0.43010699999999996,1.607408,THA,GRC,9022
2228652,224,90,1811,2003,13729.0,0.0,0.192802,1.9855060000000002,TUR,GRC,9022
2228653,231,90,1811,2003,4544163.0,34457.0,1.7789220000000001,0.064028,USA,GRC,9022
2228654,246,90,1811,2003,10914.0,0.0,0.477987,2.255395,ZAF,GRC,9022
2228655,32,96,1811,2003,1066.0,0.0,0.660576,1.118876,BRA,GUY,9022
2228656,39,96,1811,2003,7870.0,0.0,0.9791540000000001,1.185081,CAN,GUY,9022
2228657,81,96,1811,2003,2019.0,0.0,1.8712540000000002,0.706205,GBR,GUY,9022
2228658,162,96,1811,2003,2307.0,0.0,1.168453,1.7085709999999998,NLD,GUY,9022
2228659,222,96,1811,2003,5077.0,0.0,-0.16738,-0.9820969999999999,TTO,GUY,9022
2228660,224,96,1811,2003,15182.0,0.0,0.192802,1.9855060000000002,TUR,GUY,9022
2228661,231,96,1811,2003,233980.0,0.0,1.7789220000000001,0.064028,USA,GUY,9022
2228662,14,97,1811,2003,166574.0,158761.0,0.316879,0.9409489999999999,AUS,HKG,9022
2228663,15,97,1811,2003,6481.0,1091.0,1.834977,0.408096,AUT,HKG,9022
2228664,18,97,1811,2003,4379766.0,3719.0,1.361682,1.39536,BEL,HKG,9022
2228665,34,97,1811,2003,5107.0,3233.0,-1.342738,-0.978633,BRN,HKG,9022
2228666,39,97,1811,2003,648394.0,5621.0,0.9791540000000001,1.185081,CAN,HKG,9022
2228667,41,97,1811,2003,1329980.0,33516.0,2.151037,0.711217,CHE,HKG,9022
2228668,43,97,1811,2003,9231030.0,8796094.0,0.579431,2.773139,CHN,HKG,9022
2228669,61,97,1811,2003,6825211.0,56156.0,2.2821919999999998,-2.0985150000000004,DEU,HKG,9022
2228670,64,97,1811,2003,64143.0,0.0,1.309564,1.245596,DNK,HKG,9022
2228671,71,97,1811,2003,314789.0,115761.0,0.960684,2.074792,ESP,HKG,9022
2228672,74,97,1811,2003,752197.0,0.0,2.077889,0.942501,FIN,HKG,9022
2228673,75,97,1811,2003,0.0,3430.0,-0.6865640000000001,-0.326977,FJI,HKG,9022
2228674,77,97,1811,2003,1514893.0,83111.0,1.606606,0.7394149999999999,FRA,HKG,9022
2228675,81,97,1811,2003,5805096.0,238193.0,1.8712540000000002,0.706205,GBR,HKG,9022
2228676,102,97,1811,2003,0.0,5796.0,1.2003270000000001,1.091407,HUN,HKG,9022
2228677,103,97,1811,2003,2686.0,71018.0,-0.16802,1.7252990000000001,IDN,HKG,9022
2228678,104,97,1811,2003,106662.0,49203.0,0.33014099999999996,2.836003,IND,HKG,9022
2228679,106,97,1811,2003,126162.0,4493.0,1.6396130000000002,0.220599,IRL,HKG,9022
2228680,110,97,1811,2003,59889.0,1046272.0,1.157809,0.682195,ISR,HKG,9022
2228681,111,97,1811,2003,3232161.0,63864.0,1.399734,1.044608,ITA,HKG,9022
2228682,114,97,1811,2003,7582860.0,405030.0,2.4686630000000003,0.48072600000000004,JPN,HKG,9022
2228683,121,97,1811,2003,196850.0,225368.0,1.2611709999999998,0.956308,KOR,HKG,9022
2228684,133,97,1811,2003,52916.0,74061.0,-0.294516,-0.413828,MAC,HKG,9022
2228685,138,97,1811,2003,0.0,14824.0,0.862509,0.756684,MEX,HKG,9022
2228686,143,97,1811,2003,45098.0,0.0,-1.435123,-1.0948,MMR,HKG,9022
2228687,153,97,1811,2003,357200.0,232236.0,0.728804,0.2168,MYS,HKG,9022
2228688,162,97,1811,2003,4791445.0,198688.0,1.168453,1.7085709999999998,NLD,HKG,9022
2228689,163,97,1811,2003,26927.0,122729.0,1.1500620000000001,0.258554,NOR,HKG,9022
2228690,166,97,1811,2003,28222.0,0.0,0.589619,0.997301,NZL,HKG,9022
2228691,168,97,1811,2003,0.0,37419.0,-0.6659689999999999,0.137924,PAK,HKG,9022
2228692,174,97,1811,2003,153499.0,35130.0,-0.065022,-0.195144,PHL,HKG,9022
2228693,192,97,1811,2003,1088670.0,211631.0,1.5080799999999999,0.720337,SGP,HKG,9022
2228694,208,97,1811,2003,629063.0,2862153.0,2.099224,0.799982,SWE,HKG,9022
2228695,216,97,1811,2003,0.0,5857.0,0.43010699999999996,1.607408,THA,HKG,9022
2228696,230,97,1811,2003,0.0,1564.0,0.19792200000000001,0.243104,URY,HKG,9022
2228697,231,97,1811,2003,19549790.0,936163.0,1.7789220000000001,0.064028,USA,HKG,9022
2228698,239,97,1811,2003,0.0,233345.0,-0.633985,0.659696,VNM,HKG,9022
2228699,246,97,1811,2003,0.0,4784.0,0.477987,2.255395,ZAF,HKG,9022
2228700,249,97,1811,2003,563589.0,144910.0,1.5924040000000002,1.397843,TWN,HKG,9022
2228701,7,99,1811,2003,5403.0,0.0,0.049637,-0.502691,ARE,HND,9022
2228702,18,99,1811,2003,2197.0,0.0,1.361682,1.39536,BEL,HND,9022
2228703,32,99,1811,2003,19342.0,0.0,0.660576,1.118876,BRA,HND,9022
2228704,52,99,1811,2003,1818.0,0.0,-0.193904,-0.5049680000000001,CRI,HND,9022
2228705,61,99,1811,2003,50878.0,7760.0,2.2821919999999998,-2.0985150000000004,DEU,HND,9022
2228706,71,99,1811,2003,2874.0,0.0,0.960684,2.074792,ESP,HND,9022
2228707,77,99,1811,2003,143801.0,0.0,1.606606,0.7394149999999999,FRA,HND,9022
2228708,93,99,1811,2003,0.0,3948.0,-0.444162,0.145319,GTM,HND,9022
2228709,114,99,1811,2003,110140.0,0.0,2.4686630000000003,0.48072600000000004,JPN,HND,9022
2228710,138,99,1811,2003,67830.0,0.0,0.862509,0.756684,MEX,HND,9022
2228711,162,99,1811,2003,4798.0,0.0,1.168453,1.7085709999999998,NLD,HND,9022
2228712,168,99,1811,2003,10215.0,0.0,-0.6659689999999999,0.137924,PAK,HND,9022
2228713,169,99,1811,2003,0.0,1000.0,-0.050386,-0.039619999999999995,PAN,HND,9022
2228714,197,99,1811,2003,47316.0,0.0,-0.251357,-0.189917,SLV,HND,9022
2228715,208,99,1811,2003,5530.0,0.0,2.099224,0.799982,SWE,HND,9022
2228716,209,99,1811,2003,12387.0,0.0,0.399541,-0.23342600000000002,SWZ,HND,9022
2228717,231,99,1811,2003,1180526.0,94046.0,1.7789220000000001,0.064028,USA,HND,9022
2228718,6,103,1811,2003,22992.0,0.0,0.108903,-0.650137,ANT,IDN,9022
2228719,8,103,1811,2003,22553.0,0.0,0.302073,0.49069700000000005,ARG,IDN,9022
2228720,14,103,1811,2003,211089.0,0.0,0.316879,0.9409489999999999,AUS,IDN,9022
2228721,15,103,1811,2003,0.0,2940.0,1.834977,0.408096,AUT,IDN,9022
2228722,18,103,1811,2003,67564.0,2370.0,1.361682,1.39536,BEL,IDN,9022
2228723,32,103,1811,2003,9239.0,0.0,0.660576,1.118876,BRA,IDN,9022
2228724,39,103,1811,2003,27917.0,0.0,0.9791540000000001,1.185081,CAN,IDN,9022
2228725,41,103,1811,2003,15125.0,0.0,2.151037,0.711217,CHE,IDN,9022
2228726,43,103,1811,2003,693608.0,0.0,0.579431,2.773139,CHN,IDN,9022
2228727,61,103,1811,2003,5527437.0,153129.0,2.2821919999999998,-2.0985150000000004,DEU,IDN,9022
2228728,64,103,1811,2003,19326.0,0.0,1.309564,1.245596,DNK,IDN,9022
2228729,71,103,1811,2003,58571.0,0.0,0.960684,2.074792,ESP,IDN,9022
2228730,77,103,1811,2003,1068830.0,18948.0,1.606606,0.7394149999999999,FRA,IDN,9022
2228731,81,103,1811,2003,460496.0,0.0,1.8712540000000002,0.706205,GBR,IDN,9022
2228732,97,103,1811,2003,71018.0,2686.0,0.494569,2.147062,HKG,IDN,9022
2228733,102,103,1811,2003,202133.0,0.0,1.2003270000000001,1.091407,HUN,IDN,9022
2228734,104,103,1811,2003,101589.0,3252.0,0.33014099999999996,2.836003,IND,IDN,9022
2228735,106,103,1811,2003,1666.0,0.0,1.6396130000000002,0.220599,IRL,IDN,9022
2228736,111,103,1811,2003,393908.0,0.0,1.399734,1.044608,ITA,IDN,9022
2228737,114,103,1811,2003,3217982.0,472337.0,2.4686630000000003,0.48072600000000004,JPN,IDN,9022
2228738,121,103,1811,2003,547054.0,4075.0,1.2611709999999998,0.956308,KOR,IDN,9022
2228739,134,103,1811,2003,0.0,13742.0,-0.6842050000000001,-0.217892,MAR,IDN,9022
2228740,138,103,1811,2003,0.0,7296.0,0.862509,0.756684,MEX,IDN,9022
2228741,153,103,1811,2003,167331.0,36332.0,0.728804,0.2168,MYS,IDN,9022
2228742,159,103,1811,2003,0.0,1651.0,-1.859176,-1.234236,NGA,IDN,9022
2228743,162,103,1811,2003,500378.0,126676.0,1.168453,1.7085709999999998,NLD,IDN,9022
2228744,163,103,1811,2003,0.0,1271.0,1.1500620000000001,0.258554,NOR,IDN,9022
2228745,166,103,1811,2003,191085.0,0.0,0.589619,0.997301,NZL,IDN,9022
2228746,174,103,1811,2003,0.0,1009.0,-0.065022,-0.195144,PHL,IDN,9022
2228747,186,103,1811,2003,0.0,1057.0,1.072729,0.338355,RUS,IDN,9022
2228748,192,103,1811,2003,2461483.0,509154.0,1.5080799999999999,0.720337,SGP,IDN,9022
2228749,216,103,1811,2003,9759.0,9639.0,0.43010699999999996,1.607408,THA,IDN,9022
2228750,224,103,1811,2003,3360.0,0.0,0.192802,1.9855060000000002,TUR,IDN,9022
2228751,231,103,1811,2003,1272579.0,879619.0,1.7789220000000001,0.064028,USA,IDN,9022
2228752,239,103,1811,2003,0.0,2066.0,-0.633985,0.659696,VNM,IDN,9022
2228753,249,103,1811,2003,29774.0,5178.0,1.5924040000000002,1.397843,TWN,IDN,9022
2228754,2,104,1811,2003,0.0,57655.0,-1.8762919999999998,-1.176541,AGO,IND,9022
2228755,7,104,1811,2003,19894.0,360033.0,0.049637,-0.502691,ARE,IND,9022
2228756,8,104,1811,2003,384736.0,72707.0,0.302073,0.49069700000000005,ARG,IND,9022
2228757,14,104,1811,2003,99391.0,1062130.0,0.316879,0.9409489999999999,AUS,IND,9022
2228758,15,104,1811,2003,216873.0,263601.0,1.834977,0.408096,AUT,IND,9022
2228759,18,104,1811,2003,2164455.0,13292.0,1.361682,1.39536,BEL,IND,9022
2228760,22,104,1811,2003,0.0,402984.0,-1.168404,-1.035782,BGD,IND,9022
2228761,26,104,1811,2003,0.0,29275.0,0.195667,0.347011,BIH,IND,9022
2228762,32,104,1811,2003,59595.0,1962736.0,0.660576,1.118876,BRA,IND,9022
2228763,37,104,1811,2003,0.0,7523.0,-0.517317,-1.1125770000000001,BWA,IND,9022
2228764,39,104,1811,2003,3073656.0,288894.0,0.9791540000000001,1.185081,CAN,IND,9022
2228765,40,104,1811,2003,0.0,6807.0,1.2656530000000001,-0.20865999999999998,CCK,IND,9022
2228766,41,104,1811,2003,379366.0,26563.0,2.151037,0.711217,CHE,IND,9022
2228767,42,104,1811,2003,0.0,9073.0,-0.06375900000000001,-0.156808,CHL,IND,9022
2228768,43,104,1811,2003,5413439.0,14031775.0,0.579431,2.773139,CHN,IND,9022
2228769,49,104,1811,2003,0.0,93464.0,0.218336,0.376869,COL,IND,9022
2228770,54,104,1811,2003,0.0,38693.0,-0.391515,-0.8562120000000001,CUB,IND,9022
2228771,58,104,1811,2003,0.0,83454.0,0.259992,0.068914,CYP,IND,9022
2228772,59,104,1811,2003,63235.0,176121.0,1.555749,0.8662059999999999,CZE,IND,9022
2228773,61,104,1811,2003,36095766.0,4994806.0,2.2821919999999998,-2.0985150000000004,DEU,IND,9022
2228774,62,104,1811,2003,0.0,19615.0,-0.41648500000000005,-0.5408350000000001,DJI,IND,9022
2228775,64,104,1811,2003,51724.0,1630.0,1.309564,1.245596,DNK,IND,9022
2228776,65,104,1811,2003,0.0,4928.0,-0.46264399999999994,-0.245034,DOM,IND,9022
2228777,66,104,1811,2003,0.0,16363.0,-1.060727,-1.142594,DZA,IND,9022
2228778,68,104,1811,2003,0.0,111962.0,-0.292923,0.465433,EGY,IND,9022
2228779,71,104,1811,2003,66265.0,314907.0,0.960684,2.074792,ESP,IND,9022
2228780,73,104,1811,2003,0.0,18472.0,-1.1145559999999999,-0.9599620000000001,ETH,IND,9022
2228781,74,104,1811,2003,1026472.0,59463.0,2.077889,0.942501,FIN,IND,9022
2228782,77,104,1811,2003,7673340.0,7718173.0,1.606606,0.7394149999999999,FRA,IND,9022
2228783,80,104,1811,2003,0.0,16255.0,-0.92745,-1.138466,GAB,IND,9022
2228784,81,104,1811,2003,1290083.0,540446.0,1.8712540000000002,0.706205,GBR,IND,9022
2228785,90,104,1811,2003,0.0,23670.0,0.364688,1.4823959999999998,GRC,IND,9022
2228786,93,104,1811,2003,0.0,8882.0,-0.444162,0.145319,GTM,IND,9022
2228787,97,104,1811,2003,49203.0,106662.0,0.494569,2.147062,HKG,IND,9022
2228788,100,104,1811,2003,0.0,4660.0,0.568394,1.230759,HRV,IND,9022
2228789,102,104,1811,2003,12071.0,168910.0,1.2003270000000001,1.091407,HUN,IND,9022
2228790,103,104,1811,2003,3252.0,101589.0,-0.16802,1.7252990000000001,IDN,IND,9022
2228791,106,104,1811,2003,545868.0,0.0,1.6396130000000002,0.220599,IRL,IND,9022
2228792,107,104,1811,2003,0.0,61348.0,-0.552146,-0.8668520000000001,IRN,IND,9022
2228793,109,104,1811,2003,0.0,1659.0,0.21902800000000003,-0.40818499999999996,ISL,IND,9022
2228794,110,104,1811,2003,1041292.0,261366.0,1.157809,0.682195,ISR,IND,9022
2228795,111,104,1811,2003,2642965.0,129722.0,1.399734,1.044608,ITA,IND,9022
2228796,114,104,1811,2003,8792698.0,37162816.0,2.4686630000000003,0.48072600000000004,JPN,IND,9022
2228797,116,104,1811,2003,0.0,96693.0,-0.3531,0.582992,KEN,IND,9022
2228798,117,104,1811,2003,0.0,7235.0,0.25359699999999996,0.24101199999999998,KGZ,IND,9022
2228799,121,104,1811,2003,650650.0,572590.0,1.2611709999999998,0.956308,KOR,IND,9022
2228800,122,104,1811,2003,0.0,206162.0,-0.7943640000000001,-1.1529770000000001,KWT,IND,9022
2228801,124,104,1811,2003,0.0,98445.0,0.261687,1.053856,LBN,IND,9022
2228802,128,104,1811,2003,0.0,2232212.0,-0.618057,0.101931,LKA,IND,9022
2228803,132,104,1811,2003,0.0,504000.0,0.520772,0.5631689999999999,LVA,IND,9022
2228804,134,104,1811,2003,0.0,102711.0,-0.6842050000000001,-0.217892,MAR,IND,9022
2228805,137,104,1811,2003,0.0,19707.0,-1.201352,-1.031892,MDV,IND,9022
2228806,138,104,1811,2003,46602.0,1459603.0,0.862509,0.756684,MEX,IND,9022
2228807,140,104,1811,2003,0.0,5261.0,-0.017632,0.225394,MKD,IND,9022
2228808,143,104,1811,2003,0.0,5105.0,-1.435123,-1.0948,MMR,IND,9022
2228809,151,104,1811,2003,0.0,24587.0,-0.361514,-0.29839899999999997,MUS,IND,9022
2228810,152,104,1811,2003,0.0,24160.0,-1.48079,-1.235645,MWI,IND,9022
2228811,153,104,1811,2003,798256.0,126020.0,0.728804,0.2168,MYS,IND,9022
2228812,156,104,1811,2003,0.0,11719.0,-0.344934,-0.776632,NCL,IND,9022
2228813,159,104,1811,2003,0.0,229709.0,-1.859176,-1.234236,NGA,IND,9022
2228814,162,104,1811,2003,11562792.0,540257.0,1.168453,1.7085709999999998,NLD,IND,9022
2228815,163,104,1811,2003,1548.0,293233.0,1.1500620000000001,0.258554,NOR,IND,9022
2228816,164,104,1811,2003,0.0,455118.0,-0.26353899999999997,1.351717,NPL,IND,9022
2228817,166,104,1811,2003,0.0,81225.0,0.589619,0.997301,NZL,IND,9022
2228818,167,104,1811,2003,0.0,66987.0,-1.434873,-1.188123,OMN,IND,9022
2228819,168,104,1811,2003,9201.0,75335.0,-0.6659689999999999,0.137924,PAK,IND,9022
2228820,173,104,1811,2003,0.0,7498.0,-0.48627,0.371354,PER,IND,9022
2228821,174,104,1811,2003,0.0,72001.0,-0.065022,-0.195144,PHL,IND,9022
2228822,176,104,1811,2003,0.0,27013.0,-1.7997330000000002,-1.2110049999999999,PNG,IND,9022
2228823,177,104,1811,2003,0.0,93110.0,0.966622,1.664838,POL,IND,9022
2228824,178,104,1811,2003,0.0,105301.0,0.7060420000000001,0.7718,PRK,IND,9022
2228825,180,104,1811,2003,0.0,2320.0,-0.607733,-0.8577879999999999,PRY,IND,9022
2228826,183,104,1811,2003,0.0,9869.0,-0.209042,-1.0565799999999999,QAT,IND,9022
2228827,185,104,1811,2003,0.0,27834.0,0.378379,1.0064620000000002,ROU,IND,9022
2228828,186,104,1811,2003,226600.0,377373.0,1.072729,0.338355,RUS,IND,9022
2228829,188,104,1811,2003,0.0,140003.0,0.202286,-0.714691,SAU,IND,9022
2228830,189,104,1811,2003,0.0,1056.0,0.575326,1.627894,SCG,IND,9022
2228831,190,104,1811,2003,0.0,54242.0,-1.3535059999999999,-1.1701409999999999,SDN,IND,9022
2228832,191,104,1811,2003,0.0,1734.0,-0.25203600000000004,-0.25549299999999997,SEN,IND,9022
2228833,192,104,1811,2003,1564447.0,12077466.0,1.5080799999999999,0.720337,SGP,IND,9022
2228834,206,104,1811,2003,5584.0,1772.0,1.22565,0.915518,SVK,IND,9022
2228835,207,104,1811,2003,8916.0,0.0,1.6459840000000001,1.014191,SVN,IND,9022
2228836,208,104,1811,2003,192742.0,80792.0,2.099224,0.799982,SWE,IND,9022
2228837,212,104,1811,2003,0.0,1704.0,-0.868749,-0.326322,SYR,IND,9022
2228838,216,104,1811,2003,19757.0,102835.0,0.43010699999999996,1.607408,THA,IND,9022
2228839,222,104,1811,2003,0.0,4377.0,-0.16738,-0.9820969999999999,TTO,IND,9022
2228840,223,104,1811,2003,0.0,66417.0,-0.14845999999999998,0.255092,TUN,IND,9022
2228841,224,104,1811,2003,0.0,277114.0,0.192802,1.9855060000000002,TUR,IND,9022
2228842,226,104,1811,2003,0.0,76508.0,-1.225217,-0.43662399999999996,TZA,IND,9022
2228843,227,104,1811,2003,0.0,72515.0,-0.895193,-0.712039,UGA,IND,9022
2228844,228,104,1811,2003,0.0,102450.0,0.8929389999999999,0.956685,UKR,IND,9022
2228845,231,104,1811,2003,39785609.0,41785681.0,1.7789220000000001,0.064028,USA,IND,9022
2228846,236,104,1811,2003,0.0,2811.0,0.277805,-0.783697,VEN,IND,9022
2228847,239,104,1811,2003,0.0,50506.0,-0.633985,0.659696,VNM,IND,9022
2228848,243,104,1811,2003,0.0,45938.0,-1.453584,-1.257815,YEM,IND,9022
2228849,246,104,1811,2003,12698.0,272145.0,0.477987,2.255395,ZAF,IND,9022
2228850,247,104,1811,2003,0.0,6945.0,-0.678149,-0.5919449999999999,ZMB,IND,9022
2228851,249,104,1811,2003,108735.0,231338.0,1.5924040000000002,1.397843,TWN,IND,9022
2228852,250,104,1811,2003,239546.0,13616.0,0.45951499999999995,-0.2312,ANS,IND,9022
2228853,7,106,1811,2003,0.0,21875.0,0.049637,-0.502691,ARE,IRL,9022
2228854,8,106,1811,2003,0.0,83427.0,0.302073,0.49069700000000005,ARG,IRL,9022
2228855,14,106,1811,2003,31004.0,5081372.0,0.316879,0.9409489999999999,AUS,IRL,9022
2228856,15,106,1811,2003,0.0,10865.0,1.834977,0.408096,AUT,IRL,9022
2228857,18,106,1811,2003,369360.0,58342.0,1.361682,1.39536,BEL,IRL,9022
2228858,23,106,1811,2003,0.0,247203.0,0.43308599999999997,1.7104099999999998,BGR,IRL,9022
2228859,32,106,1811,2003,0.0,97540.0,0.660576,1.118876,BRA,IRL,9022
2228860,39,106,1811,2003,52925.0,2003671.0,0.9791540000000001,1.185081,CAN,IRL,9022
2228861,41,106,1811,2003,98433.0,545926.0,2.151037,0.711217,CHE,IRL,9022
2228862,43,106,1811,2003,78474.0,937990.0,0.579431,2.773139,CHN,IRL,9022
2228863,49,106,1811,2003,0.0,12525.0,0.218336,0.376869,COL,IRL,9022
2228864,54,106,1811,2003,0.0,1487.0,-0.391515,-0.8562120000000001,CUB,IRL,9022
2228865,58,106,1811,2003,0.0,12716.0,0.259992,0.068914,CYP,IRL,9022
2228866,59,106,1811,2003,0.0,48386.0,1.555749,0.8662059999999999,CZE,IRL,9022
2228867,61,106,1811,2003,5760183.0,147550.0,2.2821919999999998,-2.0985150000000004,DEU,IRL,9022
2228868,64,106,1811,2003,21016.0,1270.0,1.309564,1.245596,DNK,IRL,9022
2228869,65,106,1811,2003,0.0,14179.0,-0.46264399999999994,-0.245034,DOM,IRL,9022
2228870,71,106,1811,2003,19657.0,0.0,0.960684,2.074792,ESP,IRL,9022
2228871,74,106,1811,2003,420964.0,0.0,2.077889,0.942501,FIN,IRL,9022
2228872,77,106,1811,2003,3043612.0,409524.0,1.606606,0.7394149999999999,FRA,IRL,9022
2228873,81,106,1811,2003,4667725.0,4642626.0,1.8712540000000002,0.706205,GBR,IRL,9022
2228874,84,106,1811,2003,0.0,10176.0,1.133606,-0.176782,GIB,IRL,9022
2228875,97,106,1811,2003,4493.0,126162.0,0.494569,2.147062,HKG,IRL,9022
2228876,102,106,1811,2003,0.0,2491.0,1.2003270000000001,1.091407,HUN,IRL,9022
2228877,103,106,1811,2003,0.0,1666.0,-0.16802,1.7252990000000001,IDN,IRL,9022
2228878,104,106,1811,2003,0.0,545868.0,0.33014099999999996,2.836003,IND,IRL,9022
2228879,110,106,1811,2003,20096.0,213459.0,1.157809,0.682195,ISR,IRL,9022
2228880,111,106,1811,2003,334878.0,2182.0,1.399734,1.044608,ITA,IRL,9022
2228881,114,106,1811,2003,386906.0,28374802.0,2.4686630000000003,0.48072600000000004,JPN,IRL,9022
2228882,121,106,1811,2003,77089.0,699157.0,1.2611709999999998,0.956308,KOR,IRL,9022
2228883,124,106,1811,2003,0.0,32621.0,0.261687,1.053856,LBN,IRL,9022
2228884,134,106,1811,2003,0.0,8020.0,-0.6842050000000001,-0.217892,MAR,IRL,9022
2228885,138,106,1811,2003,0.0,1094228.0,0.862509,0.756684,MEX,IRL,9022
2228886,153,106,1811,2003,0.0,826845.0,0.728804,0.2168,MYS,IRL,9022
2228887,162,106,1811,2003,598265.0,2736648.0,1.168453,1.7085709999999998,NLD,IRL,9022
2228888,163,106,1811,2003,71678.0,33554.0,1.1500620000000001,0.258554,NOR,IRL,9022
2228889,166,106,1811,2003,0.0,2980.0,0.589619,0.997301,NZL,IRL,9022
2228890,167,106,1811,2003,0.0,10080.0,-1.434873,-1.188123,OMN,IRL,9022
2228891,168,106,1811,2003,2892.0,5818.0,-0.6659689999999999,0.137924,PAK,IRL,9022
2228892,169,106,1811,2003,0.0,148789.0,-0.050386,-0.039619999999999995,PAN,IRL,9022
2228893,177,106,1811,2003,994.0,12725.0,0.966622,1.664838,POL,IRL,9022
2228894,179,106,1811,2003,0.0,49602.0,0.471376,1.647303,PRT,IRL,9022
2228895,185,106,1811,2003,0.0,28281.0,0.378379,1.0064620000000002,ROU,IRL,9022
2228896,186,106,1811,2003,0.0,5352.0,1.072729,0.338355,RUS,IRL,9022
2228897,188,106,1811,2003,0.0,378566.0,0.202286,-0.714691,SAU,IRL,9022
2228898,189,106,1811,2003,1533.0,0.0,0.575326,1.627894,SCG,IRL,9022
2228899,192,106,1811,2003,0.0,54292.0,1.5080799999999999,0.720337,SGP,IRL,9022
2228900,206,106,1811,2003,0.0,6601.0,1.22565,0.915518,SVK,IRL,9022
2228901,207,106,1811,2003,0.0,5890.0,1.6459840000000001,1.014191,SVN,IRL,9022
2228902,208,106,1811,2003,48603.0,508101.0,2.099224,0.799982,SWE,IRL,9022
2228903,216,106,1811,2003,0.0,9542.0,0.43010699999999996,1.607408,THA,IRL,9022
2228904,222,106,1811,2003,0.0,92969.0,-0.16738,-0.9820969999999999,TTO,IRL,9022
2228905,224,106,1811,2003,0.0,320660.0,0.192802,1.9855060000000002,TUR,IRL,9022
2228906,226,106,1811,2003,0.0,1293.0,-1.225217,-0.43662399999999996,TZA,IRL,9022
2228907,231,106,1811,2003,3506448.0,23156469.0,1.7789220000000001,0.064028,USA,IRL,9022
2228908,236,106,1811,2003,0.0,45137.0,0.277805,-0.783697,VEN,IRL,9022
2228909,246,106,1811,2003,30684.0,408886.0,0.477987,2.255395,ZAF,IRL,9022
2228910,247,106,1811,2003,0.0,2244.0,-0.678149,-0.5919449999999999,ZMB,IRL,9022
2228911,249,106,1811,2003,0.0,6419.0,1.5924040000000002,1.397843,TWN,IRL,9022
2228912,250,106,1811,2003,11182.0,655728.0,0.45951499999999995,-0.2312,ANS,IRL,9022
2228913,8,110,1811,2003,0.0,70877.0,0.302073,0.49069700000000005,ARG,ISR,9022
2228914,14,110,1811,2003,103519.0,3302569.0,0.316879,0.9409489999999999,AUS,ISR,9022
2228915,15,110,1811,2003,134878.0,1270827.0,1.834977,0.408096,AUT,ISR,9022
2228916,18,110,1811,2003,107223.0,615710.0,1.361682,1.39536,BEL,ISR,9022
2228917,23,110,1811,2003,0.0,46626.0,0.43308599999999997,1.7104099999999998,BGR,ISR,9022
2228918,26,110,1811,2003,0.0,48529.0,0.195667,0.347011,BIH,ISR,9022
2228919,32,110,1811,2003,4325.0,1948366.0,0.660576,1.118876,BRA,ISR,9022
2228920,39,110,1811,2003,754954.0,3313909.0,0.9791540000000001,1.185081,CAN,ISR,9022
2228921,41,110,1811,2003,573483.0,2159938.0,2.151037,0.711217,CHE,ISR,9022
2228922,42,110,1811,2003,0.0,50080.0,-0.06375900000000001,-0.156808,CHL,ISR,9022
2228923,43,110,1811,2003,2191205.0,10459982.0,0.579431,2.773139,CHN,ISR,9022
2228924,49,110,1811,2003,0.0,17594.0,0.218336,0.376869,COL,ISR,9022
2228925,52,110,1811,2003,0.0,27603.0,-0.193904,-0.5049680000000001,CRI,ISR,9022
2228926,58,110,1811,2003,28925.0,8407.0,0.259992,0.068914,CYP,ISR,9022
2228927,59,110,1811,2003,1520.0,197309.0,1.555749,0.8662059999999999,CZE,ISR,9022
2228928,61,110,1811,2003,63034662.0,66150341.0,2.2821919999999998,-2.0985150000000004,DEU,ISR,9022
2228929,64,110,1811,2003,528208.0,192066.0,1.309564,1.245596,DNK,ISR,9022
2228930,65,110,1811,2003,0.0,770.0,-0.46264399999999994,-0.245034,DOM,ISR,9022
2228931,67,110,1811,2003,0.0,4801.0,-0.8689370000000001,-0.889767,ECU,ISR,9022
2228932,68,110,1811,2003,0.0,48277.0,-0.292923,0.465433,EGY,ISR,9022
2228933,71,110,1811,2003,4399871.0,845639.0,0.960684,2.074792,ESP,ISR,9022
2228934,72,110,1811,2003,0.0,435938.0,0.5913010000000001,0.8489979999999999,EST,ISR,9022
2228935,74,110,1811,2003,464158.0,538892.0,2.077889,0.942501,FIN,ISR,9022
2228936,77,110,1811,2003,7039809.0,23505740.0,1.606606,0.7394149999999999,FRA,ISR,9022
2228937,81,110,1811,2003,3737556.0,934366.0,1.8712540000000002,0.706205,GBR,ISR,9022
2228938,90,110,1811,2003,28058.0,2397898.0,0.364688,1.4823959999999998,GRC,ISR,9022
2228939,97,110,1811,2003,1046272.0,59889.0,0.494569,2.147062,HKG,ISR,9022
2228940,100,110,1811,2003,0.0,87741.0,0.568394,1.230759,HRV,ISR,9022
2228941,102,110,1811,2003,0.0,1156955.0,1.2003270000000001,1.091407,HUN,ISR,9022
2228942,104,110,1811,2003,261366.0,1041292.0,0.33014099999999996,2.836003,IND,ISR,9022
2228943,106,110,1811,2003,213459.0,20096.0,1.6396130000000002,0.220599,IRL,ISR,9022
2228944,111,110,1811,2003,769999.0,4791740.0,1.399734,1.044608,ITA,ISR,9022
2228945,114,110,1811,2003,5174367.0,10187166.0,2.4686630000000003,0.48072600000000004,JPN,ISR,9022
2228946,116,110,1811,2003,0.0,7688.0,-0.3531,0.582992,KEN,ISR,9022
2228947,121,110,1811,2003,74365.0,2356267.0,1.2611709999999998,0.956308,KOR,ISR,9022
2228948,131,110,1811,2003,0.0,8457.0,1.444996,1.063764,LUX,ISR,9022
2228949,132,110,1811,2003,0.0,72543.0,0.520772,0.5631689999999999,LVA,ISR,9022
2228950,134,110,1811,2003,0.0,118000.0,-0.6842050000000001,-0.217892,MAR,ISR,9022
2228951,138,110,1811,2003,30955.0,2067497.0,0.862509,0.756684,MEX,ISR,9022
2228952,162,110,1811,2003,10087783.0,40587108.0,1.168453,1.7085709999999998,NLD,ISR,9022
2228953,163,110,1811,2003,50391.0,2018845.0,1.1500620000000001,0.258554,NOR,ISR,9022
2228954,166,110,1811,2003,0.0,333755.0,0.589619,0.997301,NZL,ISR,9022
2228955,174,110,1811,2003,0.0,58152.0,-0.065022,-0.195144,PHL,ISR,9022
2228956,177,110,1811,2003,0.0,971681.0,0.966622,1.664838,POL,ISR,9022
2228957,179,110,1811,2003,44603.0,1605798.0,0.471376,1.647303,PRT,ISR,9022
2228958,185,110,1811,2003,166540.0,1431816.0,0.378379,1.0064620000000002,ROU,ISR,9022
2228959,186,110,1811,2003,12104.0,3467895.0,1.072729,0.338355,RUS,ISR,9022
2228960,187,110,1811,2003,0.0,28756.0,-0.99513,-0.852476,RWA,ISR,9022
2228961,189,110,1811,2003,0.0,77000.0,0.575326,1.627894,SCG,ISR,9022
2228962,192,110,1811,2003,1414.0,754761.0,1.5080799999999999,0.720337,SGP,ISR,9022
2228963,197,110,1811,2003,0.0,26397.0,-0.251357,-0.189917,SLV,ISR,9022
2228964,206,110,1811,2003,0.0,111543.0,1.22565,0.915518,SVK,ISR,9022
2228965,207,110,1811,2003,0.0,6497.0,1.6459840000000001,1.014191,SVN,ISR,9022
2228966,208,110,1811,2003,84845.0,583305.0,2.099224,0.799982,SWE,ISR,9022
2228967,216,110,1811,2003,0.0,1593775.0,0.43010699999999996,1.607408,THA,ISR,9022
2228968,224,110,1811,2003,7644.0,581927.0,0.192802,1.9855060000000002,TUR,ISR,9022
2228969,228,110,1811,2003,589750.0,475100.0,0.8929389999999999,0.956685,UKR,ISR,9022
2228970,231,110,1811,2003,24979579.0,116448664.0,1.7789220000000001,0.064028,USA,ISR,9022
2228971,236,110,1811,2003,0.0,5341.0,0.277805,-0.783697,VEN,ISR,9022
2228972,239,110,1811,2003,0.0,46898.0,-0.633985,0.659696,VNM,ISR,9022
2228973,246,110,1811,2003,2214.0,561373.0,0.477987,2.255395,ZAF,ISR,9022
2228974,249,110,1811,2003,213048.0,134965.0,1.5924040000000002,1.397843,TWN,ISR,9022
2228975,250,110,1811,2003,9313.0,1000.0,0.45951499999999995,-0.2312,ANS,ISR,9022
2228976,1,111,1811,2003,0.0,95769.0,-0.421205,-0.602704,AFG,ITA,9022
2228977,2,111,1811,2003,0.0,13519.0,-1.8762919999999998,-1.176541,AGO,ITA,9022
2228978,4,111,1811,2003,0.0,304539.0,-0.053595000000000004,0.166034,ALB,ITA,9022
2228979,5,111,1811,2003,0.0,1013.0,1.0901319999999999,0.618693,AND,ITA,9022
2228980,7,111,1811,2003,22898.0,396611.0,0.049637,-0.502691,ARE,ITA,9022
2228981,8,111,1811,2003,14049.0,588571.0,0.302073,0.49069700000000005,ARG,ITA,9022
2228982,9,111,1811,2003,2970.0,26020.0,0.497521,-0.305788,ARM,ITA,9022
2228983,14,111,1811,2003,103032.0,897939.0,0.316879,0.9409489999999999,AUS,ITA,9022
2228984,15,111,1811,2003,1262107.0,680291.0,1.834977,0.408096,AUT,ITA,9022
2228985,16,111,1811,2003,0.0,9028.0,-0.304606,-0.975453,AZE,ITA,9022
2228986,18,111,1811,2003,5554429.0,2746915.0,1.361682,1.39536,BEL,ITA,9022
2228987,21,111,1811,2003,0.0,30538.0,-0.9365690000000001,-0.9699409999999999,BFA,ITA,9022
2228988,22,111,1811,2003,0.0,154564.0,-1.168404,-1.035782,BGD,ITA,9022
2228989,23,111,1811,2003,12629.0,106900.0,0.43308599999999997,1.7104099999999998,BGR,ITA,9022
2228990,24,111,1811,2003,0.0,29192.0,-0.10968800000000001,-1.041032,BHR,ITA,9022
2228991,26,111,1811,2003,0.0,34982.0,0.195667,0.347011,BIH,ITA,9022
2228992,28,111,1811,2003,4941.0,1412409.0,0.847358,0.9307719999999999,BLR,ITA,9022
2228993,31,111,1811,2003,0.0,10379.0,-0.787995,-0.7228899999999999,BOL,ITA,9022
2228994,32,111,1811,2003,8244.0,1788723.0,0.660576,1.118876,BRA,ITA,9022
2228995,39,111,1811,2003,3239349.0,877555.0,0.9791540000000001,1.185081,CAN,ITA,9022
2228996,41,111,1811,2003,3104758.0,2799629.0,2.151037,0.711217,CHE,ITA,9022
2228997,42,111,1811,2003,1172.0,97314.0,-0.06375900000000001,-0.156808,CHL,ITA,9022
2228998,43,111,1811,2003,4270592.0,10848710.0,0.579431,2.773139,CHN,ITA,9022
2228999,44,111,1811,2003,0.0,92686.0,-0.699928,-0.723739,CIV,ITA,9022
2229000,45,111,1811,2003,0.0,24929.0,-1.254788,-1.10897,CMR,ITA,9022
2229001,47,111,1811,2003,2105.0,22928.0,-1.6789619999999998,-1.182557,COG,ITA,9022
2229002,49,111,1811,2003,67098.0,112179.0,0.218336,0.376869,COL,ITA,9022
2229003,51,111,1811,2003,0.0,16074.0,0.070649,-0.541279,CPV,ITA,9022
2229004,52,111,1811,2003,0.0,65439.0,-0.193904,-0.5049680000000001,CRI,ITA,9022
2229005,54,111,1811,2003,0.0,208127.0,-0.391515,-0.8562120000000001,CUB,ITA,9022
2229006,58,111,1811,2003,0.0,93706.0,0.259992,0.068914,CYP,ITA,9022
2229007,59,111,1811,2003,1183196.0,764373.0,1.555749,0.8662059999999999,CZE,ITA,9022
2229008,61,111,1811,2003,67298122.0,19570051.0,2.2821919999999998,-2.0985150000000004,DEU,ITA,9022
2229009,64,111,1811,2003,210624.0,497582.0,1.309564,1.245596,DNK,ITA,9022
2229010,65,111,1811,2003,0.0,5769.0,-0.46264399999999994,-0.245034,DOM,ITA,9022
2229011,66,111,1811,2003,413.0,1042845.0,-1.060727,-1.142594,DZA,ITA,9022
2229012,67,111,1811,2003,0.0,40832.0,-0.8689370000000001,-0.889767,ECU,ITA,9022
2229013,68,111,1811,2003,4432.0,1344799.0,-0.292923,0.465433,EGY,ITA,9022
2229014,69,111,1811,2003,0.0,1514.0,-0.105591,-0.247614,ERI,ITA,9022
2229015,71,111,1811,2003,2264277.0,10142686.0,0.960684,2.074792,ESP,ITA,9022
2229016,72,111,1811,2003,173436.0,148256.0,0.5913010000000001,0.8489979999999999,EST,ITA,9022
2229017,73,111,1811,2003,0.0,143456.0,-1.1145559999999999,-0.9599620000000001,ETH,ITA,9022
2229018,74,111,1811,2003,5117723.0,1175839.0,2.077889,0.942501,FIN,ITA,9022
2229019,77,111,1811,2003,66331291.0,47254453.0,1.606606,0.7394149999999999,FRA,ITA,9022
2229020,81,111,1811,2003,20033368.0,4368630.0,1.8712540000000002,0.706205,GBR,ITA,9022
2229021,82,111,1811,2003,0.0,1117.0,0.595485,-0.25939,GEO,ITA,9022
2229022,83,111,1811,2003,0.0,13215.0,-1.074188,-0.7127319999999999,GHA,ITA,9022
2229023,88,111,1811,2003,0.0,89839.0,0.24509499999999998,-0.612725,GNB,ITA,9022
2229024,90,111,1811,2003,28013.0,2604730.0,0.364688,1.4823959999999998,GRC,ITA,9022
2229025,93,111,1811,2003,0.0,19942.0,-0.444162,0.145319,GTM,ITA,9022
2229026,97,111,1811,2003,63864.0,3232161.0,0.494569,2.147062,HKG,ITA,9022
2229027,100,111,1811,2003,5823.0,284364.0,0.568394,1.230759,HRV,ITA,9022
2229028,102,111,1811,2003,72241.0,1151767.0,1.2003270000000001,1.091407,HUN,ITA,9022
2229029,103,111,1811,2003,0.0,393908.0,-0.16802,1.7252990000000001,IDN,ITA,9022
2229030,104,111,1811,2003,129722.0,2642965.0,0.33014099999999996,2.836003,IND,ITA,9022
2229031,106,111,1811,2003,2182.0,334878.0,1.6396130000000002,0.220599,IRL,ITA,9022
2229032,107,111,1811,2003,45737.0,1797049.0,-0.552146,-0.8668520000000001,IRN,ITA,9022
2229033,108,111,1811,2003,0.0,1586055.0,-0.398557,-0.774153,IRQ,ITA,9022
2229034,109,111,1811,2003,6545.0,19811.0,0.21902800000000003,-0.40818499999999996,ISL,ITA,9022
2229035,110,111,1811,2003,4791740.0,769999.0,1.157809,0.682195,ISR,ITA,9022
2229036,112,111,1811,2003,0.0,11972.0,-0.6684140000000001,-0.915817,JAM,ITA,9022
2229037,113,111,1811,2003,0.0,315706.0,0.12295,0.377031,JOR,ITA,9022
2229038,114,111,1811,2003,13201208.0,1595244.0,2.4686630000000003,0.48072600000000004,JPN,ITA,9022
2229039,115,111,1811,2003,0.0,1328684.0,-0.156326,-0.62092,KAZ,ITA,9022
2229040,116,111,1811,2003,0.0,47500.0,-0.3531,0.582992,KEN,ITA,9022
2229041,121,111,1811,2003,223442.0,3308346.0,1.2611709999999998,0.956308,KOR,ITA,9022
2229042,122,111,1811,2003,0.0,117600.0,-0.7943640000000001,-1.1529770000000001,KWT,ITA,9022
2229043,124,111,1811,2003,0.0,1336636.0,0.261687,1.053856,LBN,ITA,9022
2229044,126,111,1811,2003,1379.0,3640746.0,-0.36075999999999997,-1.110575,LBY,ITA,9022
2229045,128,111,1811,2003,0.0,27052.0,-0.618057,0.101931,LKA,ITA,9022
2229046,130,111,1811,2003,4682.0,182871.0,0.239608,0.517299,LTU,ITA,9022
2229047,131,111,1811,2003,6109.0,503192.0,1.444996,1.063764,LUX,ITA,9022
2229048,132,111,1811,2003,0.0,265476.0,0.520772,0.5631689999999999,LVA,ITA,9022
2229049,133,111,1811,2003,0.0,15899.0,-0.294516,-0.413828,MAC,ITA,9022
2229050,134,111,1811,2003,1031.0,1433839.0,-0.6842050000000001,-0.217892,MAR,ITA,9022
2229051,135,111,1811,2003,3842.0,31180.0,-0.005154,-0.26107199999999997,MDA,ITA,9022
2229052,136,111,1811,2003,0.0,72282.0,-1.254758,-0.622696,MDG,ITA,9022
2229053,137,111,1811,2003,0.0,21492.0,-1.201352,-1.031892,MDV,ITA,9022
2229054,138,111,1811,2003,18100.0,4057257.0,0.862509,0.756684,MEX,ITA,9022
2229055,140,111,1811,2003,18120.0,1842.0,-0.017632,0.225394,MKD,ITA,9022
2229056,141,111,1811,2003,0.0,2708.0,-0.786411,-0.879049,MLI,ITA,9022
2229057,142,111,1811,2003,32226.0,55424.0,1.2138149999999999,-0.015687,MLT,ITA,9022
2229058,145,111,1811,2003,0.0,16316.0,-0.9747620000000001,-1.026308,MNG,ITA,9022
2229059,147,111,1811,2003,0.0,875.0,-1.188243,-1.123693,MOZ,ITA,9022
2229060,148,111,1811,2003,0.0,78218.0,-1.069232,-1.184061,MRT,ITA,9022
2229061,151,111,1811,2003,0.0,26618.0,-0.361514,-0.29839899999999997,MUS,ITA,9022
2229062,152,111,1811,2003,0.0,58351.0,-1.48079,-1.235645,MWI,ITA,9022
2229063,153,111,1811,2003,9767.0,460172.0,0.728804,0.2168,MYS,ITA,9022
2229064,156,111,1811,2003,0.0,9856.0,-0.344934,-0.776632,NCL,ITA,9022
2229065,157,111,1811,2003,0.0,1242.0,-0.199296,-0.578264,NER,ITA,9022
2229066,159,111,1811,2003,4167.0,138625.0,-1.859176,-1.234236,NGA,ITA,9022
2229067,160,111,1811,2003,0.0,8237.0,-0.8661459999999999,-0.8661690000000001,NIC,ITA,9022
2229068,162,111,1811,2003,69339903.0,11230829.0,1.168453,1.7085709999999998,NLD,ITA,9022
2229069,163,111,1811,2003,1007389.0,903603.0,1.1500620000000001,0.258554,NOR,ITA,9022
2229070,164,111,1811,2003,0.0,1979.0,-0.26353899999999997,1.351717,NPL,ITA,9022
2229071,166,111,1811,2003,0.0,19247.0,0.589619,0.997301,NZL,ITA,9022
2229072,167,111,1811,2003,0.0,77357.0,-1.434873,-1.188123,OMN,ITA,9022
2229073,168,111,1811,2003,0.0,828946.0,-0.6659689999999999,0.137924,PAK,ITA,9022
2229074,169,111,1811,2003,0.0,14732.0,-0.050386,-0.039619999999999995,PAN,ITA,9022
2229075,173,111,1811,2003,0.0,136216.0,-0.48627,0.371354,PER,ITA,9022
2229076,174,111,1811,2003,0.0,36370.0,-0.065022,-0.195144,PHL,ITA,9022
2229077,176,111,1811,2003,0.0,4745.0,-1.7997330000000002,-1.2110049999999999,PNG,ITA,9022
2229078,177,111,1811,2003,102646.0,1860395.0,0.966622,1.664838,POL,ITA,9022
2229079,179,111,1811,2003,33875.0,1010549.0,0.471376,1.647303,PRT,ITA,9022
2229080,180,111,1811,2003,0.0,5255.0,-0.607733,-0.8577879999999999,PRY,ITA,9022
2229081,181,111,1811,2003,0.0,15001.0,0.657296,0.220183,PSE,ITA,9022
2229082,182,111,1811,2003,0.0,3977.0,-0.255707,-0.676557,PYF,ITA,9022
2229083,183,111,1811,2003,0.0,19480.0,-0.209042,-1.0565799999999999,QAT,ITA,9022
2229084,185,111,1811,2003,14715.0,488136.0,0.378379,1.0064620000000002,ROU,ITA,9022
2229085,186,111,1811,2003,88549.0,7524479.0,1.072729,0.338355,RUS,ITA,9022
2229086,188,111,1811,2003,1464.0,2199741.0,0.202286,-0.714691,SAU,ITA,9022
2229087,189,111,1811,2003,28807.0,95801.0,0.575326,1.627894,SCG,ITA,9022
2229088,190,111,1811,2003,23123.0,356641.0,-1.3535059999999999,-1.1701409999999999,SDN,ITA,9022
2229089,191,111,1811,2003,0.0,27899.0,-0.25203600000000004,-0.25549299999999997,SEN,ITA,9022
2229090,192,111,1811,2003,60783.0,192413.0,1.5080799999999999,0.720337,SGP,ITA,9022
2229091,197,111,1811,2003,0.0,1836.0,-0.251357,-0.189917,SLV,ITA,9022
2229092,206,111,1811,2003,11569.0,115348.0,1.22565,0.915518,SVK,ITA,9022
2229093,207,111,1811,2003,10369.0,105734.0,1.6459840000000001,1.014191,SVN,ITA,9022
2229094,208,111,1811,2003,838919.0,1096966.0,2.099224,0.799982,SWE,ITA,9022
2229095,211,111,1811,2003,0.0,1238.0,-0.44341099999999994,-0.742566,SYC,ITA,9022
2229096,212,111,1811,2003,0.0,1145552.0,-0.868749,-0.326322,SYR,ITA,9022
2229097,215,111,1811,2003,0.0,84043.0,-0.5058590000000001,-0.520586,TGO,ITA,9022
2229098,216,111,1811,2003,1372.0,654849.0,0.43010699999999996,1.607408,THA,ITA,9022
2229099,219,111,1811,2003,0.0,2010.0,-1.223295,-1.250217,TKM,ITA,9022
2229100,221,111,1811,2003,0.0,11724.0,-0.8467379999999999,-0.815816,TON,ITA,9022
2229101,223,111,1811,2003,0.0,441372.0,-0.14845999999999998,0.255092,TUN,ITA,9022
2229102,224,111,1811,2003,26750.0,1273900.0,0.192802,1.9855060000000002,TUR,ITA,9022
2229103,226,111,1811,2003,0.0,48369.0,-1.225217,-0.43662399999999996,TZA,ITA,9022
2229104,227,111,1811,2003,0.0,1866.0,-0.895193,-0.712039,UGA,ITA,9022
2229105,228,111,1811,2003,0.0,635233.0,0.8929389999999999,0.956685,UKR,ITA,9022
2229106,230,111,1811,2003,0.0,102182.0,0.19792200000000001,0.243104,URY,ITA,9022
2229107,231,111,1811,2003,56725150.0,16630865.0,1.7789220000000001,0.064028,USA,ITA,9022
2229108,236,111,1811,2003,4956.0,288247.0,0.277805,-0.783697,VEN,ITA,9022
2229109,239,111,1811,2003,2428.0,261150.0,-0.633985,0.659696,VNM,ITA,9022
2229110,242,111,1811,2003,0.0,48219.0,-0.304377,-0.620659,WSM,ITA,9022
2229111,243,111,1811,2003,0.0,55664.0,-1.453584,-1.257815,YEM,ITA,9022
2229112,246,111,1811,2003,22621.0,1958022.0,0.477987,2.255395,ZAF,ITA,9022
2229113,247,111,1811,2003,0.0,34147.0,-0.678149,-0.5919449999999999,ZMB,ITA,9022
2229114,249,111,1811,2003,27686.0,717105.0,1.5924040000000002,1.397843,TWN,ITA,9022
2229115,250,111,1811,2003,0.0,48766.0,0.45951499999999995,-0.2312,ANS,ITA,9022
2229116,14,112,1811,2003,12341.0,0.0,0.316879,0.9409489999999999,AUS,JAM,9022
2229117,18,112,1811,2003,859.0,0.0,1.361682,1.39536,BEL,JAM,9022
2229118,39,112,1811,2003,65451.0,0.0,0.9791540000000001,1.185081,CAN,JAM,9022
2229119,61,112,1811,2003,152411.0,0.0,2.2821919999999998,-2.0985150000000004,DEU,JAM,9022
2229120,65,112,1811,2003,8059.0,0.0,-0.46264399999999994,-0.245034,DOM,JAM,9022
2229121,71,112,1811,2003,4044.0,0.0,0.960684,2.074792,ESP,JAM,9022
2229122,77,112,1811,2003,3529.0,0.0,1.606606,0.7394149999999999,FRA,JAM,9022
2229123,81,112,1811,2003,3634.0,0.0,1.8712540000000002,0.706205,GBR,JAM,9022
2229124,111,112,1811,2003,11972.0,0.0,1.399734,1.044608,ITA,JAM,9022
2229125,114,112,1811,2003,14682.0,0.0,2.4686630000000003,0.48072600000000004,JPN,JAM,9022
2229126,121,112,1811,2003,6934.0,0.0,1.2611709999999998,0.956308,KOR,JAM,9022
2229127,138,112,1811,2003,5087.0,0.0,0.862509,0.756684,MEX,JAM,9022
2229128,162,112,1811,2003,35594.0,0.0,1.168453,1.7085709999999998,NLD,JAM,9022
2229129,231,112,1811,2003,764217.0,20905.0,1.7789220000000001,0.064028,USA,JAM,9022
2229130,1,114,1811,2003,0.0,48656.0,-0.421205,-0.602704,AFG,JPN,9022
2229131,4,114,1811,2003,0.0,1062.0,-0.053595000000000004,0.166034,ALB,JPN,9022
2229132,7,114,1811,2003,1563.0,2738975.0,0.049637,-0.502691,ARE,JPN,9022
2229133,8,114,1811,2003,23133.0,507304.0,0.302073,0.49069700000000005,ARG,JPN,9022
2229134,9,114,1811,2003,0.0,2139.0,0.497521,-0.305788,ARM,JPN,9022
2229135,14,114,1811,2003,1174169.0,20532484.0,0.316879,0.9409489999999999,AUS,JPN,9022
2229136,15,114,1811,2003,995474.0,2087075.0,1.834977,0.408096,AUT,JPN,9022
2229137,16,114,1811,2003,0.0,11653.0,-0.304606,-0.975453,AZE,JPN,9022
2229138,18,114,1811,2003,1193245.0,2861454.0,1.361682,1.39536,BEL,JPN,9022
2229139,19,114,1811,2003,0.0,13852.0,-1.150888,-0.956203,BEN,JPN,9022
2229140,22,114,1811,2003,0.0,1780483.0,-1.168404,-1.035782,BGD,JPN,9022
2229141,23,114,1811,2003,0.0,55080.0,0.43308599999999997,1.7104099999999998,BGR,JPN,9022
2229142,24,114,1811,2003,0.0,69373.0,-0.10968800000000001,-1.041032,BHR,JPN,9022
2229143,26,114,1811,2003,0.0,3444.0,0.195667,0.347011,BIH,JPN,9022
2229144,28,114,1811,2003,0.0,24876.0,0.847358,0.9307719999999999,BLR,JPN,9022
2229145,31,114,1811,2003,0.0,247937.0,-0.787995,-0.7228899999999999,BOL,JPN,9022
2229146,32,114,1811,2003,29441.0,8205052.0,0.660576,1.118876,BRA,JPN,9022
2229147,33,114,1811,2003,0.0,5361.0,0.744166,0.074191,BRB,JPN,9022
2229148,39,114,1811,2003,2166463.0,14980319.0,0.9791540000000001,1.185081,CAN,JPN,9022
2229149,41,114,1811,2003,1294795.0,1425562.0,2.151037,0.711217,CHE,JPN,9022
2229150,42,114,1811,2003,3268.0,983695.0,-0.06375900000000001,-0.156808,CHL,JPN,9022
2229151,43,114,1811,2003,44028802.0,134815542.0,0.579431,2.773139,CHN,JPN,9022
2229152,44,114,1811,2003,0.0,14723.0,-0.699928,-0.723739,CIV,JPN,9022
2229153,45,114,1811,2003,0.0,1760.0,-1.254788,-1.10897,CMR,JPN,9022
2229154,49,114,1811,2003,0.0,1040704.0,0.218336,0.376869,COL,JPN,9022
2229155,52,114,1811,2003,9611.0,95426.0,-0.193904,-0.5049680000000001,CRI,JPN,9022
2229156,54,114,1811,2003,0.0,8644661.0,-0.391515,-0.8562120000000001,CUB,JPN,9022
2229157,58,114,1811,2003,0.0,260903.0,0.259992,0.068914,CYP,JPN,9022
2229158,59,114,1811,2003,74746.0,648988.0,1.555749,0.8662059999999999,CZE,JPN,9022
2229159,61,114,1811,2003,107630903.0,24109363.0,2.2821919999999998,-2.0985150000000004,DEU,JPN,9022
2229160,64,114,1811,2003,827229.0,241386.0,1.309564,1.245596,DNK,JPN,9022
2229161,65,114,1811,2003,0.0,51240.0,-0.46264399999999994,-0.245034,DOM,JPN,9022
2229162,66,114,1811,2003,0.0,476975.0,-1.060727,-1.142594,DZA,JPN,9022
2229163,67,114,1811,2003,0.0,127747.0,-0.8689370000000001,-0.889767,ECU,JPN,9022
2229164,68,114,1811,2003,0.0,790709.0,-0.292923,0.465433,EGY,JPN,9022
2229165,71,114,1811,2003,4168161.0,10670533.0,0.960684,2.074792,ESP,JPN,9022
2229166,72,114,1811,2003,0.0,282813.0,0.5913010000000001,0.8489979999999999,EST,JPN,9022
2229167,73,114,1811,2003,0.0,320249.0,-1.1145559999999999,-0.9599620000000001,ETH,JPN,9022
2229168,74,114,1811,2003,12421756.0,6426207.0,2.077889,0.942501,FIN,JPN,9022
2229169,75,114,1811,2003,9970.0,5899.0,-0.6865640000000001,-0.326977,FJI,JPN,9022
2229170,77,114,1811,2003,46516770.0,40582351.0,1.606606,0.7394149999999999,FRA,JPN,9022
2229171,78,114,1811,2003,0.0,176284.0,-0.46422299999999994,-0.8072050000000001,FRO,JPN,9022
2229172,81,114,1811,2003,14094536.0,10436443.0,1.8712540000000002,0.706205,GBR,JPN,9022
2229173,82,114,1811,2003,0.0,2814.0,0.595485,-0.25939,GEO,JPN,9022
2229174,83,114,1811,2003,0.0,35326.0,-1.074188,-0.7127319999999999,GHA,JPN,9022
2229175,90,114,1811,2003,0.0,685201.0,0.364688,1.4823959999999998,GRC,JPN,9022
2229176,91,114,1811,2003,42464.0,0.0,0.3936,-0.258355,GRD,JPN,9022
2229177,93,114,1811,2003,4885.0,99928.0,-0.444162,0.145319,GTM,JPN,9022
2229178,95,114,1811,2003,0.0,3167.0,-0.139991,-0.570695,GUM,JPN,9022
2229179,97,114,1811,2003,405030.0,7582860.0,0.494569,2.147062,HKG,JPN,9022
2229180,99,114,1811,2003,0.0,110140.0,-0.733546,-0.568585,HND,JPN,9022
2229181,100,114,1811,2003,0.0,153810.0,0.568394,1.230759,HRV,JPN,9022
2229182,102,114,1811,2003,894768.0,2109773.0,1.2003270000000001,1.091407,HUN,JPN,9022
2229183,103,114,1811,2003,472337.0,3217982.0,-0.16802,1.7252990000000001,IDN,JPN,9022
2229184,104,114,1811,2003,37162816.0,8792698.0,0.33014099999999996,2.836003,IND,JPN,9022
2229185,106,114,1811,2003,28374802.0,386906.0,1.6396130000000002,0.220599,IRL,JPN,9022
2229186,107,114,1811,2003,22466.0,4530029.0,-0.552146,-0.8668520000000001,IRN,JPN,9022
2229187,108,114,1811,2003,0.0,7587149.0,-0.398557,-0.774153,IRQ,JPN,9022
2229188,109,114,1811,2003,0.0,286532.0,0.21902800000000003,-0.40818499999999996,ISL,JPN,9022
2229189,110,114,1811,2003,10187166.0,5174367.0,1.157809,0.682195,ISR,JPN,9022
2229190,111,114,1811,2003,1595244.0,13201208.0,1.399734,1.044608,ITA,JPN,9022
2229191,112,114,1811,2003,0.0,14682.0,-0.6684140000000001,-0.915817,JAM,JPN,9022
2229192,113,114,1811,2003,2998.0,462533.0,0.12295,0.377031,JOR,JPN,9022
2229193,115,114,1811,2003,0.0,482139.0,-0.156326,-0.62092,KAZ,JPN,9022
2229194,116,114,1811,2003,0.0,231576.0,-0.3531,0.582992,KEN,JPN,9022
2229195,117,114,1811,2003,0.0,307246.0,0.25359699999999996,0.24101199999999998,KGZ,JPN,9022
2229196,118,114,1811,2003,8077.0,33704.0,-1.0165620000000002,-1.060454,KHM,JPN,9022
2229197,121,114,1811,2003,3933987.0,53780431.0,1.2611709999999998,0.956308,KOR,JPN,9022
2229198,122,114,1811,2003,0.0,456131.0,-0.7943640000000001,-1.1529770000000001,KWT,JPN,9022
2229199,124,114,1811,2003,8939.0,1109565.0,0.261687,1.053856,LBN,JPN,9022
2229200,128,114,1811,2003,0.0,601086.0,-0.618057,0.101931,LKA,JPN,9022
2229201,130,114,1811,2003,0.0,283314.0,0.239608,0.517299,LTU,JPN,9022
2229202,132,114,1811,2003,0.0,174071.0,0.520772,0.5631689999999999,LVA,JPN,9022
2229203,133,114,1811,2003,0.0,18921.0,-0.294516,-0.413828,MAC,JPN,9022
2229204,134,114,1811,2003,0.0,132160.0,-0.6842050000000001,-0.217892,MAR,JPN,9022
2229205,136,114,1811,2003,0.0,850.0,-1.254758,-0.622696,MDG,JPN,9022
2229206,138,114,1811,2003,628122.0,1869424.0,0.862509,0.756684,MEX,JPN,9022
2229207,140,114,1811,2003,0.0,11003.0,-0.017632,0.225394,MKD,JPN,9022
2229208,142,114,1811,2003,0.0,11049.0,1.2138149999999999,-0.015687,MLT,JPN,9022
2229209,143,114,1811,2003,0.0,468672.0,-1.435123,-1.0948,MMR,JPN,9022
2229210,145,114,1811,2003,0.0,153851.0,-0.9747620000000001,-1.026308,MNG,JPN,9022
2229211,151,114,1811,2003,0.0,66006.0,-0.361514,-0.29839899999999997,MUS,JPN,9022
2229212,153,114,1811,2003,89037.0,8676821.0,0.728804,0.2168,MYS,JPN,9022
2229213,156,114,1811,2003,0.0,5978.0,-0.344934,-0.776632,NCL,JPN,9022
2229214,160,114,1811,2003,0.0,132880.0,-0.8661459999999999,-0.8661690000000001,NIC,JPN,9022
2229215,162,114,1811,2003,86889228.0,92943672.0,1.168453,1.7085709999999998,NLD,JPN,9022
2229216,163,114,1811,2003,2725.0,1578996.0,1.1500620000000001,0.258554,NOR,JPN,9022
2229217,164,114,1811,2003,0.0,92620.0,-0.26353899999999997,1.351717,NPL,JPN,9022
2229218,166,114,1811,2003,16092.0,594862.0,0.589619,0.997301,NZL,JPN,9022
2229219,167,114,1811,2003,0.0,314944.0,-1.434873,-1.188123,OMN,JPN,9022
2229220,168,114,1811,2003,0.0,4157147.0,-0.6659689999999999,0.137924,PAK,JPN,9022
2229221,169,114,1811,2003,0.0,468064.0,-0.050386,-0.039619999999999995,PAN,JPN,9022
2229222,173,114,1811,2003,0.0,224592.0,-0.48627,0.371354,PER,JPN,9022
2229223,174,114,1811,2003,1283595.0,3707773.0,-0.065022,-0.195144,PHL,JPN,9022
2229224,176,114,1811,2003,1004.0,1827.0,-1.7997330000000002,-1.2110049999999999,PNG,JPN,9022
2229225,177,114,1811,2003,0.0,1960919.0,0.966622,1.664838,POL,JPN,9022
2229226,178,114,1811,2003,0.0,14415.0,0.7060420000000001,0.7718,PRK,JPN,9022
2229227,179,114,1811,2003,0.0,1495923.0,0.471376,1.647303,PRT,JPN,9022
2229228,182,114,1811,2003,3060.0,49861.0,-0.255707,-0.676557,PYF,JPN,9022
2229229,183,114,1811,2003,0.0,18599.0,-0.209042,-1.0565799999999999,QAT,JPN,9022
2229230,185,114,1811,2003,0.0,84598.0,0.378379,1.0064620000000002,ROU,JPN,9022
2229231,186,114,1811,2003,47601.0,1702151.0,1.072729,0.338355,RUS,JPN,9022
2229232,188,114,1811,2003,0.0,5083749.0,0.202286,-0.714691,SAU,JPN,9022
2229233,189,114,1811,2003,0.0,1847961.0,0.575326,1.627894,SCG,JPN,9022
2229234,190,114,1811,2003,0.0,1264693.0,-1.3535059999999999,-1.1701409999999999,SDN,JPN,9022
2229235,192,114,1811,2003,1602367.0,13173173.0,1.5080799999999999,0.720337,SGP,JPN,9022
2229236,197,114,1811,2003,0.0,9744.0,-0.251357,-0.189917,SLV,JPN,9022
2229237,206,114,1811,2003,0.0,209535.0,1.22565,0.915518,SVK,JPN,9022
2229238,207,114,1811,2003,0.0,260138.0,1.6459840000000001,1.014191,SVN,JPN,9022
2229239,208,114,1811,2003,12331935.0,1231588.0,2.099224,0.799982,SWE,JPN,9022
2229240,212,114,1811,2003,0.0,2087338.0,-0.868749,-0.326322,SYR,JPN,9022
2229241,215,114,1811,2003,0.0,98107.0,-0.5058590000000001,-0.520586,TGO,JPN,9022
2229242,216,114,1811,2003,343862.0,5802038.0,0.43010699999999996,1.607408,THA,JPN,9022
2229243,219,114,1811,2003,0.0,18007.0,-1.223295,-1.250217,TKM,JPN,9022
2229244,222,114,1811,2003,0.0,953.0,-0.16738,-0.9820969999999999,TTO,JPN,9022
2229245,223,114,1811,2003,0.0,251314.0,-0.14845999999999998,0.255092,TUN,JPN,9022
2229246,224,114,1811,2003,0.0,7531788.0,0.192802,1.9855060000000002,TUR,JPN,9022
2229247,226,114,1811,2003,0.0,51867.0,-1.225217,-0.43662399999999996,TZA,JPN,9022
2229248,227,114,1811,2003,0.0,110963.0,-0.895193,-0.712039,UGA,JPN,9022
2229249,228,114,1811,2003,0.0,207111.0,0.8929389999999999,0.956685,UKR,JPN,9022
2229250,230,114,1811,2003,0.0,2411.0,0.19792200000000001,0.243104,URY,JPN,9022
2229251,231,114,1811,2003,271388863.0,281365862.0,1.7789220000000001,0.064028,USA,JPN,9022
2229252,232,114,1811,2003,0.0,2579.0,-0.285978,-0.703334,UZB,JPN,9022
2229253,236,114,1811,2003,0.0,74708.0,0.277805,-0.783697,VEN,JPN,9022
2229254,239,114,1811,2003,2847.0,3624175.0,-0.633985,0.659696,VNM,JPN,9022
2229255,242,114,1811,2003,0.0,2643.0,-0.304377,-0.620659,WSM,JPN,9022
2229256,243,114,1811,2003,0.0,535283.0,-1.453584,-1.257815,YEM,JPN,9022
2229257,246,114,1811,2003,6708.0,3723682.0,0.477987,2.255395,ZAF,JPN,9022
2229258,249,114,1811,2003,462429.0,22529172.0,1.5924040000000002,1.397843,TWN,JPN,9022
2229259,1,121,1811,2003,9888.0,0.0,-0.421205,-0.602704,AFG,KOR,9022
2229260,7,121,1811,2003,1414.0,180907.0,0.049637,-0.502691,ARE,KOR,9022
2229261,8,121,1811,2003,0.0,12537.0,0.302073,0.49069700000000005,ARG,KOR,9022
2229262,14,121,1811,2003,174251.0,614135.0,0.316879,0.9409489999999999,AUS,KOR,9022
2229263,15,121,1811,2003,196109.0,252781.0,1.834977,0.408096,AUT,KOR,9022
2229264,16,121,1811,2003,0.0,5247.0,-0.304606,-0.975453,AZE,KOR,9022
2229265,18,121,1811,2003,1621881.0,204542.0,1.361682,1.39536,BEL,KOR,9022
2229266,22,121,1811,2003,0.0,1586799.0,-1.168404,-1.035782,BGD,KOR,9022
2229267,23,121,1811,2003,0.0,24240.0,0.43308599999999997,1.7104099999999998,BGR,KOR,9022
2229268,24,121,1811,2003,0.0,34057.0,-0.10968800000000001,-1.041032,BHR,KOR,9022
2229269,28,121,1811,2003,0.0,191948.0,0.847358,0.9307719999999999,BLR,KOR,9022
2229270,32,121,1811,2003,0.0,179511.0,0.660576,1.118876,BRA,KOR,9022
2229271,39,121,1811,2003,321830.0,358572.0,0.9791540000000001,1.185081,CAN,KOR,9022
2229272,41,121,1811,2003,779459.0,84364.0,2.151037,0.711217,CHE,KOR,9022
2229273,42,121,1811,2003,0.0,73464.0,-0.06375900000000001,-0.156808,CHL,KOR,9022
2229274,43,121,1811,2003,5701604.0,5110295.0,0.579431,2.773139,CHN,KOR,9022
2229275,49,121,1811,2003,4096.0,17645.0,0.218336,0.376869,COL,KOR,9022
2229276,52,121,1811,2003,0.0,37483.0,-0.193904,-0.5049680000000001,CRI,KOR,9022
2229277,54,121,1811,2003,0.0,1525.0,-0.391515,-0.8562120000000001,CUB,KOR,9022
2229278,59,121,1811,2003,1812.0,76919.0,1.555749,0.8662059999999999,CZE,KOR,9022
2229279,61,121,1811,2003,49656479.0,3182536.0,2.2821919999999998,-2.0985150000000004,DEU,KOR,9022
2229280,64,121,1811,2003,78482.0,13796.0,1.309564,1.245596,DNK,KOR,9022
2229281,66,121,1811,2003,0.0,132373.0,-1.060727,-1.142594,DZA,KOR,9022
2229282,67,121,1811,2003,0.0,107512.0,-0.8689370000000001,-0.889767,ECU,KOR,9022
2229283,68,121,1811,2003,0.0,345578.0,-0.292923,0.465433,EGY,KOR,9022
2229284,71,121,1811,2003,477129.0,240458.0,0.960684,2.074792,ESP,KOR,9022
2229285,73,121,1811,2003,0.0,15267.0,-1.1145559999999999,-0.9599620000000001,ETH,KOR,9022
2229286,74,121,1811,2003,5797831.0,37842.0,2.077889,0.942501,FIN,KOR,9022
2229287,77,121,1811,2003,6998931.0,324182.0,1.606606,0.7394149999999999,FRA,KOR,9022
2229288,81,121,1811,2003,3636062.0,306567.0,1.8712540000000002,0.706205,GBR,KOR,9022
2229289,90,121,1811,2003,0.0,39170.0,0.364688,1.4823959999999998,GRC,KOR,9022
2229290,93,121,1811,2003,0.0,28549.0,-0.444162,0.145319,GTM,KOR,9022
2229291,97,121,1811,2003,225368.0,196850.0,0.494569,2.147062,HKG,KOR,9022
2229292,102,121,1811,2003,1469.0,28020.0,1.2003270000000001,1.091407,HUN,KOR,9022
2229293,103,121,1811,2003,4075.0,547054.0,-0.16802,1.7252990000000001,IDN,KOR,9022
2229294,104,121,1811,2003,572590.0,650650.0,0.33014099999999996,2.836003,IND,KOR,9022
2229295,106,121,1811,2003,699157.0,77089.0,1.6396130000000002,0.220599,IRL,KOR,9022
2229296,107,121,1811,2003,24447.0,735933.0,-0.552146,-0.8668520000000001,IRN,KOR,9022
2229297,109,121,1811,2003,0.0,702.0,0.21902800000000003,-0.40818499999999996,ISL,KOR,9022
2229298,110,121,1811,2003,2356267.0,74365.0,1.157809,0.682195,ISR,KOR,9022
2229299,111,121,1811,2003,3308346.0,223442.0,1.399734,1.044608,ITA,KOR,9022
2229300,112,121,1811,2003,0.0,6934.0,-0.6684140000000001,-0.915817,JAM,KOR,9022
2229301,114,121,1811,2003,53780431.0,3933987.0,2.4686630000000003,0.48072600000000004,JPN,KOR,9022
2229302,115,121,1811,2003,0.0,91500.0,-0.156326,-0.62092,KAZ,KOR,9022
2229303,116,121,1811,2003,0.0,27884.0,-0.3531,0.582992,KEN,KOR,9022
2229304,118,121,1811,2003,0.0,124386.0,-1.0165620000000002,-1.060454,KHM,KOR,9022
2229305,122,121,1811,2003,0.0,12611.0,-0.7943640000000001,-1.1529770000000001,KWT,KOR,9022
2229306,124,121,1811,2003,0.0,4755.0,0.261687,1.053856,LBN,KOR,9022
2229307,126,121,1811,2003,9955.0,11344.0,-0.36075999999999997,-1.110575,LBY,KOR,9022
2229308,128,121,1811,2003,0.0,4802.0,-0.618057,0.101931,LKA,KOR,9022
2229309,132,121,1811,2003,0.0,3264.0,0.520772,0.5631689999999999,LVA,KOR,9022
2229310,134,121,1811,2003,0.0,716536.0,-0.6842050000000001,-0.217892,MAR,KOR,9022
2229311,135,121,1811,2003,0.0,4034.0,-0.005154,-0.26107199999999997,MDA,KOR,9022
2229312,137,121,1811,2003,0.0,1359.0,-1.201352,-1.031892,MDV,KOR,9022
2229313,138,121,1811,2003,3016.0,575751.0,0.862509,0.756684,MEX,KOR,9022
2229314,145,121,1811,2003,0.0,7746.0,-0.9747620000000001,-1.026308,MNG,KOR,9022
2229315,153,121,1811,2003,844844.0,103314.0,0.728804,0.2168,MYS,KOR,9022
2229316,159,121,1811,2003,0.0,14468.0,-1.859176,-1.234236,NGA,KOR,9022
2229317,162,121,1811,2003,18345596.0,265354.0,1.168453,1.7085709999999998,NLD,KOR,9022
2229318,163,121,1811,2003,65130.0,41458.0,1.1500620000000001,0.258554,NOR,KOR,9022
2229319,164,121,1811,2003,0.0,50010.0,-0.26353899999999997,1.351717,NPL,KOR,9022
2229320,166,121,1811,2003,24053.0,19873.0,0.589619,0.997301,NZL,KOR,9022
2229321,168,121,1811,2003,0.0,863191.0,-0.6659689999999999,0.137924,PAK,KOR,9022
2229322,169,121,1811,2003,0.0,31140.0,-0.050386,-0.039619999999999995,PAN,KOR,9022
2229323,173,121,1811,2003,0.0,34538.0,-0.48627,0.371354,PER,KOR,9022
2229324,174,121,1811,2003,1604.0,474962.0,-0.065022,-0.195144,PHL,KOR,9022
2229325,177,121,1811,2003,0.0,44365.0,0.966622,1.664838,POL,KOR,9022
2229326,179,121,1811,2003,0.0,49685.0,0.471376,1.647303,PRT,KOR,9022
2229327,181,121,1811,2003,0.0,84763.0,0.657296,0.220183,PSE,KOR,9022
2229328,185,121,1811,2003,0.0,2580.0,0.378379,1.0064620000000002,ROU,KOR,9022
2229329,186,121,1811,2003,54229.0,2159186.0,1.072729,0.338355,RUS,KOR,9022
2229330,188,121,1811,2003,0.0,373237.0,0.202286,-0.714691,SAU,KOR,9022
2229331,190,121,1811,2003,0.0,13405.0,-1.3535059999999999,-1.1701409999999999,SDN,KOR,9022
2229332,192,121,1811,2003,5046216.0,2196268.0,1.5080799999999999,0.720337,SGP,KOR,9022
2229333,197,121,1811,2003,0.0,14193.0,-0.251357,-0.189917,SLV,KOR,9022
2229334,206,121,1811,2003,0.0,5434.0,1.22565,0.915518,SVK,KOR,9022
2229335,208,121,1811,2003,2022497.0,8710.0,2.099224,0.799982,SWE,KOR,9022
2229336,209,121,1811,2003,47420.0,5072.0,0.399541,-0.23342600000000002,SWZ,KOR,9022
2229337,212,121,1811,2003,0.0,446317.0,-0.868749,-0.326322,SYR,KOR,9022
2229338,216,121,1811,2003,2163.0,280094.0,0.43010699999999996,1.607408,THA,KOR,9022
2229339,224,121,1811,2003,0.0,323549.0,0.192802,1.9855060000000002,TUR,KOR,9022
2229340,228,121,1811,2003,19721.0,0.0,0.8929389999999999,0.956685,UKR,KOR,9022
2229341,230,121,1811,2003,0.0,4853.0,0.19792200000000001,0.243104,URY,KOR,9022
2229342,231,121,1811,2003,33436274.0,4847801.0,1.7789220000000001,0.064028,USA,KOR,9022
2229343,236,121,1811,2003,0.0,12432.0,0.277805,-0.783697,VEN,KOR,9022
2229344,239,121,1811,2003,52965.0,396921.0,-0.633985,0.659696,VNM,KOR,9022
2229345,243,121,1811,2003,0.0,249429.0,-1.453584,-1.257815,YEM,KOR,9022
2229346,246,121,1811,2003,2262.0,123469.0,0.477987,2.255395,ZAF,KOR,9022
2229347,249,121,1811,2003,92696.0,791906.0,1.5924040000000002,1.397843,TWN,KOR,9022
2229348,250,121,1811,2003,0.0,68940.0,0.45951499999999995,-0.2312,ANS,KOR,9022
2229349,8,124,1811,2003,2601.0,0.0,0.302073,0.49069700000000005,ARG,LBN,9022
2229350,18,124,1811,2003,35111.0,0.0,1.361682,1.39536,BEL,LBN,9022
2229351,32,124,1811,2003,26049.0,0.0,0.660576,1.118876,BRA,LBN,9022
2229352,41,124,1811,2003,23343.0,0.0,2.151037,0.711217,CHE,LBN,9022
2229353,43,124,1811,2003,334427.0,0.0,0.579431,2.773139,CHN,LBN,9022
2229354,58,124,1811,2003,2715.0,0.0,0.259992,0.068914,CYP,LBN,9022
2229355,61,124,1811,2003,910725.0,1671.0,2.2821919999999998,-2.0985150000000004,DEU,LBN,9022
2229356,64,124,1811,2003,1428.0,0.0,1.309564,1.245596,DNK,LBN,9022
2229357,71,124,1811,2003,16995.0,0.0,0.960684,2.074792,ESP,LBN,9022
2229358,74,124,1811,2003,211376.0,0.0,2.077889,0.942501,FIN,LBN,9022
2229359,77,124,1811,2003,2341524.0,15468.0,1.606606,0.7394149999999999,FRA,LBN,9022
2229360,81,124,1811,2003,70291.0,0.0,1.8712540000000002,0.706205,GBR,LBN,9022
2229361,102,124,1811,2003,1693.0,0.0,1.2003270000000001,1.091407,HUN,LBN,9022
2229362,104,124,1811,2003,98445.0,0.0,0.33014099999999996,2.836003,IND,LBN,9022
2229363,106,124,1811,2003,32621.0,0.0,1.6396130000000002,0.220599,IRL,LBN,9022
2229364,108,124,1811,2003,0.0,1261.0,-0.398557,-0.774153,IRQ,LBN,9022
2229365,111,124,1811,2003,1336636.0,0.0,1.399734,1.044608,ITA,LBN,9022
2229366,114,124,1811,2003,1109565.0,8939.0,2.4686630000000003,0.48072600000000004,JPN,LBN,9022
2229367,121,124,1811,2003,4755.0,0.0,1.2611709999999998,0.956308,KOR,LBN,9022
2229368,138,124,1811,2003,44174.0,0.0,0.862509,0.756684,MEX,LBN,9022
2229369,153,124,1811,2003,13045.0,0.0,0.728804,0.2168,MYS,LBN,9022
2229370,162,124,1811,2003,1630982.0,50252.0,1.168453,1.7085709999999998,NLD,LBN,9022
2229371,163,124,1811,2003,4104.0,0.0,1.1500620000000001,0.258554,NOR,LBN,9022
2229372,186,124,1811,2003,9264.0,0.0,1.072729,0.338355,RUS,LBN,9022
2229373,188,124,1811,2003,5552.0,0.0,0.202286,-0.714691,SAU,LBN,9022
2229374,192,124,1811,2003,1728.0,0.0,1.5080799999999999,0.720337,SGP,LBN,9022
2229375,208,124,1811,2003,1272.0,0.0,2.099224,0.799982,SWE,LBN,9022
2229376,231,124,1811,2003,551174.0,0.0,1.7789220000000001,0.064028,USA,LBN,9022
2229377,14,128,1811,2003,11383.0,0.0,0.316879,0.9409489999999999,AUS,LKA,9022
2229378,39,128,1811,2003,17309.0,0.0,0.9791540000000001,1.185081,CAN,LKA,9022
2229379,41,128,1811,2003,4201.0,0.0,2.151037,0.711217,CHE,LKA,9022
2229380,43,128,1811,2003,2710.0,0.0,0.579431,2.773139,CHN,LKA,9022
2229381,61,128,1811,2003,237528.0,7530.0,2.2821919999999998,-2.0985150000000004,DEU,LKA,9022
2229382,71,128,1811,2003,87926.0,0.0,0.960684,2.074792,ESP,LKA,9022
2229383,77,128,1811,2003,60873.0,0.0,1.606606,0.7394149999999999,FRA,LKA,9022
2229384,81,128,1811,2003,17477.0,0.0,1.8712540000000002,0.706205,GBR,LKA,9022
2229385,102,128,1811,2003,66099.0,0.0,1.2003270000000001,1.091407,HUN,LKA,9022
2229386,104,128,1811,2003,2232212.0,0.0,0.33014099999999996,2.836003,IND,LKA,9022
2229387,111,128,1811,2003,27052.0,0.0,1.399734,1.044608,ITA,LKA,9022
2229388,114,128,1811,2003,601086.0,0.0,2.4686630000000003,0.48072600000000004,JPN,LKA,9022
2229389,121,128,1811,2003,4802.0,0.0,1.2611709999999998,0.956308,KOR,LKA,9022
2229390,162,128,1811,2003,113001.0,0.0,1.168453,1.7085709999999998,NLD,LKA,9022
2229391,192,128,1811,2003,20804.0,0.0,1.5080799999999999,0.720337,SGP,LKA,9022
2229392,208,128,1811,2003,139609.0,0.0,2.099224,0.799982,SWE,LKA,9022
2229393,216,128,1811,2003,965.0,0.0,0.43010699999999996,1.607408,THA,LKA,9022
2229394,231,128,1811,2003,422313.0,0.0,1.7789220000000001,0.064028,USA,LKA,9022
2229395,246,128,1811,2003,1624.0,5450.0,0.477987,2.255395,ZAF,LKA,9022
2229396,249,128,1811,2003,8092.0,0.0,1.5924040000000002,1.397843,TWN,LKA,9022
2229397,8,138,1811,2003,39680.0,0.0,0.302073,0.49069700000000005,ARG,MEX,9022
2229398,14,138,1811,2003,208236.0,1426777.0,0.316879,0.9409489999999999,AUS,MEX,9022
2229399,15,138,1811,2003,14003.0,26917.0,1.834977,0.408096,AUT,MEX,9022
2229400,18,138,1811,2003,401067.0,8812.0,1.361682,1.39536,BEL,MEX,9022
2229401,23,138,1811,2003,49227.0,0.0,0.43308599999999997,1.7104099999999998,BGR,MEX,9022
2229402,32,138,1811,2003,529048.0,250439.0,0.660576,1.118876,BRA,MEX,9022
2229403,39,138,1811,2003,158512.0,2617127.0,0.9791540000000001,1.185081,CAN,MEX,9022
2229404,41,138,1811,2003,527488.0,0.0,2.151037,0.711217,CHE,MEX,9022
2229405,42,138,1811,2003,0.0,41414.0,-0.06375900000000001,-0.156808,CHL,MEX,9022
2229406,43,138,1811,2003,1064828.0,124234.0,0.579431,2.773139,CHN,MEX,9022
2229407,49,138,1811,2003,76780.0,31099.0,0.218336,0.376869,COL,MEX,9022
2229408,52,138,1811,2003,0.0,19515.0,-0.193904,-0.5049680000000001,CRI,MEX,9022
2229409,54,138,1811,2003,0.0,534598.0,-0.391515,-0.8562120000000001,CUB,MEX,9022
2229410,59,138,1811,2003,0.0,12557.0,1.555749,0.8662059999999999,CZE,MEX,9022
2229411,61,138,1811,2003,14149049.0,1643752.0,2.2821919999999998,-2.0985150000000004,DEU,MEX,9022
2229412,64,138,1811,2003,9281.0,0.0,1.309564,1.245596,DNK,MEX,9022
2229413,66,138,1811,2003,0.0,11283.0,-1.060727,-1.142594,DZA,MEX,9022
2229414,67,138,1811,2003,0.0,11021.0,-0.8689370000000001,-0.889767,ECU,MEX,9022
2229415,71,138,1811,2003,175859.0,19377.0,0.960684,2.074792,ESP,MEX,9022
2229416,74,138,1811,2003,2728137.0,0.0,2.077889,0.942501,FIN,MEX,9022
2229417,77,138,1811,2003,9972300.0,2223787.0,1.606606,0.7394149999999999,FRA,MEX,9022
2229418,81,138,1811,2003,1615838.0,93992.0,1.8712540000000002,0.706205,GBR,MEX,9022
2229419,93,138,1811,2003,0.0,31274.0,-0.444162,0.145319,GTM,MEX,9022
2229420,97,138,1811,2003,14824.0,0.0,0.494569,2.147062,HKG,MEX,9022
2229421,99,138,1811,2003,0.0,67830.0,-0.733546,-0.568585,HND,MEX,9022
2229422,100,138,1811,2003,0.0,34980.0,0.568394,1.230759,HRV,MEX,9022
2229423,102,138,1811,2003,201936.0,28997.0,1.2003270000000001,1.091407,HUN,MEX,9022
2229424,103,138,1811,2003,7296.0,0.0,-0.16802,1.7252990000000001,IDN,MEX,9022
2229425,104,138,1811,2003,1459603.0,46602.0,0.33014099999999996,2.836003,IND,MEX,9022
2229426,106,138,1811,2003,1094228.0,0.0,1.6396130000000002,0.220599,IRL,MEX,9022
2229427,109,138,1811,2003,0.0,446.0,0.21902800000000003,-0.40818499999999996,ISL,MEX,9022
2229428,110,138,1811,2003,2067497.0,30955.0,1.157809,0.682195,ISR,MEX,9022
2229429,111,138,1811,2003,4057257.0,18100.0,1.399734,1.044608,ITA,MEX,9022
2229430,112,138,1811,2003,0.0,5087.0,-0.6684140000000001,-0.915817,JAM,MEX,9022
2229431,113,138,1811,2003,0.0,1731.0,0.12295,0.377031,JOR,MEX,9022
2229432,114,138,1811,2003,1869424.0,628122.0,2.4686630000000003,0.48072600000000004,JPN,MEX,9022
2229433,121,138,1811,2003,575751.0,3016.0,1.2611709999999998,0.956308,KOR,MEX,9022
2229434,122,138,1811,2003,0.0,59254.0,-0.7943640000000001,-1.1529770000000001,KWT,MEX,9022
2229435,124,138,1811,2003,0.0,44174.0,0.261687,1.053856,LBN,MEX,9022
2229436,134,138,1811,2003,0.0,13177.0,-0.6842050000000001,-0.217892,MAR,MEX,9022
2229437,153,138,1811,2003,18838.0,0.0,0.728804,0.2168,MYS,MEX,9022
2229438,160,138,1811,2003,0.0,6268.0,-0.8661459999999999,-0.8661690000000001,NIC,MEX,9022
2229439,162,138,1811,2003,5636220.0,1356522.0,1.168453,1.7085709999999998,NLD,MEX,9022
2229440,163,138,1811,2003,30804.0,220179.0,1.1500620000000001,0.258554,NOR,MEX,9022
2229441,173,138,1811,2003,0.0,4064.0,-0.48627,0.371354,PER,MEX,9022
2229442,174,138,1811,2003,1024.0,12028.0,-0.065022,-0.195144,PHL,MEX,9022
2229443,177,138,1811,2003,0.0,107097.0,0.966622,1.664838,POL,MEX,9022
2229444,179,138,1811,2003,0.0,4659.0,0.471376,1.647303,PRT,MEX,9022
2229445,186,138,1811,2003,1190.0,55583.0,1.072729,0.338355,RUS,MEX,9022
2229446,188,138,1811,2003,0.0,88356.0,0.202286,-0.714691,SAU,MEX,9022
2229447,192,138,1811,2003,6836.0,10936.0,1.5080799999999999,0.720337,SGP,MEX,9022
2229448,197,138,1811,2003,0.0,426588.0,-0.251357,-0.189917,SLV,MEX,9022
2229449,208,138,1811,2003,236732.0,37930.0,2.099224,0.799982,SWE,MEX,9022
2229450,209,138,1811,2003,4032.0,0.0,0.399541,-0.23342600000000002,SWZ,MEX,9022
2229451,216,138,1811,2003,5625.0,5006.0,0.43010699999999996,1.607408,THA,MEX,9022
2229452,223,138,1811,2003,0.0,12014.0,-0.14845999999999998,0.255092,TUN,MEX,9022
2229453,224,138,1811,2003,0.0,80564.0,0.192802,1.9855060000000002,TUR,MEX,9022
2229454,231,138,1811,2003,74741409.0,175878190.0,1.7789220000000001,0.064028,USA,MEX,9022
2229455,246,138,1811,2003,0.0,38698.0,0.477987,2.255395,ZAF,MEX,9022
2229456,249,138,1811,2003,18787.0,0.0,1.5924040000000002,1.397843,TWN,MEX,9022
2229457,250,138,1811,2003,216493.0,0.0,0.45951499999999995,-0.2312,ANS,MEX,9022
2229458,7,153,1811,2003,27899.0,1223506.0,0.049637,-0.502691,ARE,MYS,9022
2229459,14,153,1811,2003,317307.0,300377.0,0.316879,0.9409489999999999,AUS,MYS,9022
2229460,15,153,1811,2003,44380.0,86151.0,1.834977,0.408096,AUT,MYS,9022
2229461,16,153,1811,2003,0.0,2433.0,-0.304606,-0.975453,AZE,MYS,9022
2229462,18,153,1811,2003,456004.0,7952.0,1.361682,1.39536,BEL,MYS,9022
2229463,22,153,1811,2003,0.0,150371.0,-1.168404,-1.035782,BGD,MYS,9022
2229464,24,153,1811,2003,0.0,122204.0,-0.10968800000000001,-1.041032,BHR,MYS,9022
2229465,34,153,1811,2003,68.0,5423.0,-1.342738,-0.978633,BRN,MYS,9022
2229466,39,153,1811,2003,670621.0,7377.0,0.9791540000000001,1.185081,CAN,MYS,9022
2229467,41,153,1811,2003,489682.0,0.0,2.151037,0.711217,CHE,MYS,9022
2229468,43,153,1811,2003,3890275.0,269396.0,0.579431,2.773139,CHN,MYS,9022
2229469,59,153,1811,2003,0.0,113688.0,1.555749,0.8662059999999999,CZE,MYS,9022
2229470,61,153,1811,2003,12903133.0,175443.0,2.2821919999999998,-2.0985150000000004,DEU,MYS,9022
2229471,64,153,1811,2003,3271.0,0.0,1.309564,1.245596,DNK,MYS,9022
2229472,71,153,1811,2003,5686.0,9718.0,0.960684,2.074792,ESP,MYS,9022
2229473,74,153,1811,2003,119161.0,19553.0,2.077889,0.942501,FIN,MYS,9022
2229474,77,153,1811,2003,359107.0,1181441.0,1.606606,0.7394149999999999,FRA,MYS,9022
2229475,81,153,1811,2003,1230481.0,8130579.0,1.8712540000000002,0.706205,GBR,MYS,9022
2229476,97,153,1811,2003,232236.0,357200.0,0.494569,2.147062,HKG,MYS,9022
2229477,103,153,1811,2003,36332.0,167331.0,-0.16802,1.7252990000000001,IDN,MYS,9022
2229478,104,153,1811,2003,126020.0,798256.0,0.33014099999999996,2.836003,IND,MYS,9022
2229479,106,153,1811,2003,826845.0,0.0,1.6396130000000002,0.220599,IRL,MYS,9022
2229480,107,153,1811,2003,0.0,87985.0,-0.552146,-0.8668520000000001,IRN,MYS,9022
2229481,109,153,1811,2003,0.0,6952.0,0.21902800000000003,-0.40818499999999996,ISL,MYS,9022
2229482,111,153,1811,2003,460172.0,9767.0,1.399734,1.044608,ITA,MYS,9022
2229483,113,153,1811,2003,0.0,39572.0,0.12295,0.377031,JOR,MYS,9022
2229484,114,153,1811,2003,8676821.0,89037.0,2.4686630000000003,0.48072600000000004,JPN,MYS,9022
2229485,115,153,1811,2003,0.0,977072.0,-0.156326,-0.62092,KAZ,MYS,9022
2229486,118,153,1811,2003,0.0,28865.0,-1.0165620000000002,-1.060454,KHM,MYS,9022
2229487,121,153,1811,2003,103314.0,844844.0,1.2611709999999998,0.956308,KOR,MYS,9022
2229488,124,153,1811,2003,0.0,13045.0,0.261687,1.053856,LBN,MYS,9022
2229489,131,153,1811,2003,0.0,11343.0,1.444996,1.063764,LUX,MYS,9022
2229490,135,153,1811,2003,0.0,20598.0,-0.005154,-0.26107199999999997,MDA,MYS,9022
2229491,138,153,1811,2003,0.0,18838.0,0.862509,0.756684,MEX,MYS,9022
2229492,151,153,1811,2003,0.0,2642.0,-0.361514,-0.29839899999999997,MUS,MYS,9022
2229493,162,153,1811,2003,1799071.0,493342.0,1.168453,1.7085709999999998,NLD,MYS,9022
2229494,166,153,1811,2003,0.0,58271.0,0.589619,0.997301,NZL,MYS,9022
2229495,168,153,1811,2003,60492.0,0.0,-0.6659689999999999,0.137924,PAK,MYS,9022
2229496,173,153,1811,2003,0.0,28247.0,-0.48627,0.371354,PER,MYS,9022
2229497,174,153,1811,2003,41267.0,42720.0,-0.065022,-0.195144,PHL,MYS,9022
2229498,176,153,1811,2003,0.0,38030.0,-1.7997330000000002,-1.2110049999999999,PNG,MYS,9022
2229499,179,153,1811,2003,0.0,103903.0,0.471376,1.647303,PRT,MYS,9022
2229500,186,153,1811,2003,0.0,1094175.0,1.072729,0.338355,RUS,MYS,9022
2229501,188,153,1811,2003,0.0,513224.0,0.202286,-0.714691,SAU,MYS,9022
2229502,189,153,1811,2003,0.0,59375.0,0.575326,1.627894,SCG,MYS,9022
2229503,192,153,1811,2003,2610533.0,17118783.0,1.5080799999999999,0.720337,SGP,MYS,9022
2229504,208,153,1811,2003,355274.0,0.0,2.099224,0.799982,SWE,MYS,9022
2229505,216,153,1811,2003,31250.0,789188.0,0.43010699999999996,1.607408,THA,MYS,9022
2229506,224,153,1811,2003,0.0,61994.0,0.192802,1.9855060000000002,TUR,MYS,9022
2229507,228,153,1811,2003,0.0,198930.0,0.8929389999999999,0.956685,UKR,MYS,9022
2229508,231,153,1811,2003,3478123.0,10695067.0,1.7789220000000001,0.064028,USA,MYS,9022
2229509,239,153,1811,2003,0.0,100567.0,-0.633985,0.659696,VNM,MYS,9022
2229510,246,153,1811,2003,18884.0,68481.0,0.477987,2.255395,ZAF,MYS,9022
2229511,249,153,1811,2003,168008.0,877882.0,1.5924040000000002,1.397843,TWN,MYS,9022
2229512,0,162,1811,2003,2262.0,163999.0,-0.13006600000000001,-0.783431,ABW,NLD,9022
2229513,1,162,1811,2003,0.0,217158.0,-0.421205,-0.602704,AFG,NLD,9022
2229514,2,162,1811,2003,0.0,9048.0,-1.8762919999999998,-1.176541,AGO,NLD,9022
2229515,4,162,1811,2003,6811.0,357428.0,-0.053595000000000004,0.166034,ALB,NLD,9022
2229516,6,162,1811,2003,11972.0,702369.0,0.108903,-0.650137,ANT,NLD,9022
2229517,7,162,1811,2003,723856.0,2701485.0,0.049637,-0.502691,ARE,NLD,9022
2229518,8,162,1811,2003,283475.0,670133.0,0.302073,0.49069700000000005,ARG,NLD,9022
2229519,14,162,1811,2003,725504.0,13071049.0,0.316879,0.9409489999999999,AUS,NLD,9022
2229520,15,162,1811,2003,2087340.0,7882878.0,1.834977,0.408096,AUT,NLD,9022
2229521,17,162,1811,2003,0.0,11957.0,-0.550138,-0.759304,BDI,NLD,9022
2229522,18,162,1811,2003,9968697.0,12514130.0,1.361682,1.39536,BEL,NLD,9022
2229523,21,162,1811,2003,0.0,962.0,-0.9365690000000001,-0.9699409999999999,BFA,NLD,9022
2229524,22,162,1811,2003,0.0,104298.0,-1.168404,-1.035782,BGD,NLD,9022
2229525,23,162,1811,2003,58295.0,648034.0,0.43308599999999997,1.7104099999999998,BGR,NLD,9022
2229526,24,162,1811,2003,5878.0,135480.0,-0.10968800000000001,-1.041032,BHR,NLD,9022
2229527,26,162,1811,2003,0.0,33873.0,0.195667,0.347011,BIH,NLD,9022
2229528,28,162,1811,2003,0.0,19848.0,0.847358,0.9307719999999999,BLR,NLD,9022
2229529,30,162,1811,2003,0.0,4524.0,0.9966459999999999,-0.5183270000000001,BMU,NLD,9022
2229530,31,162,1811,2003,0.0,72288.0,-0.787995,-0.7228899999999999,BOL,NLD,9022
2229531,32,162,1811,2003,691042.0,12202976.0,0.660576,1.118876,BRA,NLD,9022
2229532,39,162,1811,2003,1073648.0,6773821.0,0.9791540000000001,1.185081,CAN,NLD,9022
2229533,41,162,1811,2003,6189425.0,9293963.0,2.151037,0.711217,CHE,NLD,9022
2229534,42,162,1811,2003,40753.0,374037.0,-0.06375900000000001,-0.156808,CHL,NLD,9022
2229535,43,162,1811,2003,624514.0,26868225.0,0.579431,2.773139,CHN,NLD,9022
2229536,44,162,1811,2003,0.0,28478.0,-0.699928,-0.723739,CIV,NLD,9022
2229537,45,162,1811,2003,0.0,1553.0,-1.254788,-1.10897,CMR,NLD,9022
2229538,47,162,1811,2003,0.0,135724.0,-1.6789619999999998,-1.182557,COG,NLD,9022
2229539,49,162,1811,2003,226630.0,1203856.0,0.218336,0.376869,COL,NLD,9022
2229540,52,162,1811,2003,0.0,10793.0,-0.193904,-0.5049680000000001,CRI,NLD,9022
2229541,54,162,1811,2003,180.0,28832.0,-0.391515,-0.8562120000000001,CUB,NLD,9022
2229542,58,162,1811,2003,764.0,543129.0,0.259992,0.068914,CYP,NLD,9022
2229543,59,162,1811,2003,1381982.0,5835484.0,1.555749,0.8662059999999999,CZE,NLD,9022
2229544,61,162,1811,2003,196722635.0,102385391.0,2.2821919999999998,-2.0985150000000004,DEU,NLD,9022
2229545,64,162,1811,2003,1585488.0,7510205.0,1.309564,1.245596,DNK,NLD,9022
2229546,65,162,1811,2003,0.0,138190.0,-0.46264399999999994,-0.245034,DOM,NLD,9022
2229547,66,162,1811,2003,0.0,53868.0,-1.060727,-1.142594,DZA,NLD,9022
2229548,67,162,1811,2003,9507.0,330238.0,-0.8689370000000001,-0.889767,ECU,NLD,9022
2229549,68,162,1811,2003,188272.0,6938013.0,-0.292923,0.465433,EGY,NLD,9022
2229550,69,162,1811,2003,0.0,49440.0,-0.105591,-0.247614,ERI,NLD,9022
2229551,71,162,1811,2003,2131728.0,24893492.0,0.960684,2.074792,ESP,NLD,9022
2229552,72,162,1811,2003,103443.0,1331275.0,0.5913010000000001,0.8489979999999999,EST,NLD,9022
2229553,73,162,1811,2003,0.0,238824.0,-1.1145559999999999,-0.9599620000000001,ETH,NLD,9022
2229554,74,162,1811,2003,4383250.0,3584788.0,2.077889,0.942501,FIN,NLD,9022
2229555,77,162,1811,2003,29127904.0,60745716.0,1.606606,0.7394149999999999,FRA,NLD,9022
2229556,78,162,1811,2003,0.0,234809.0,-0.46422299999999994,-0.8072050000000001,FRO,NLD,9022
2229557,81,162,1811,2003,34018474.0,53230813.0,1.8712540000000002,0.706205,GBR,NLD,9022
2229558,82,162,1811,2003,0.0,1412.0,0.595485,-0.25939,GEO,NLD,9022
2229559,83,162,1811,2003,29511.0,596383.0,-1.074188,-0.7127319999999999,GHA,NLD,9022
2229560,87,162,1811,2003,0.0,2069.0,-0.230541,-0.275663,GMB,NLD,9022
2229561,90,162,1811,2003,265256.0,2196458.0,0.364688,1.4823959999999998,GRC,NLD,9022
2229562,93,162,1811,2003,0.0,3915.0,-0.444162,0.145319,GTM,NLD,9022
2229563,96,162,1811,2003,0.0,2307.0,-0.59035,-0.7361340000000001,GUY,NLD,9022
2229564,97,162,1811,2003,198688.0,4791445.0,0.494569,2.147062,HKG,NLD,9022
2229565,99,162,1811,2003,0.0,4798.0,-0.733546,-0.568585,HND,NLD,9022
2229566,100,162,1811,2003,0.0,1332895.0,0.568394,1.230759,HRV,NLD,9022
2229567,102,162,1811,2003,331661.0,2476612.0,1.2003270000000001,1.091407,HUN,NLD,9022
2229568,103,162,1811,2003,126676.0,500378.0,-0.16802,1.7252990000000001,IDN,NLD,9022
2229569,104,162,1811,2003,540257.0,11562792.0,0.33014099999999996,2.836003,IND,NLD,9022
2229570,106,162,1811,2003,2736648.0,598265.0,1.6396130000000002,0.220599,IRL,NLD,9022
2229571,107,162,1811,2003,0.0,3595048.0,-0.552146,-0.8668520000000001,IRN,NLD,9022
2229572,108,162,1811,2003,1977.0,127806.0,-0.398557,-0.774153,IRQ,NLD,9022
2229573,109,162,1811,2003,4293.0,1666620.0,0.21902800000000003,-0.40818499999999996,ISL,NLD,9022
2229574,110,162,1811,2003,40587108.0,10087783.0,1.157809,0.682195,ISR,NLD,9022
2229575,111,162,1811,2003,11230829.0,69339903.0,1.399734,1.044608,ITA,NLD,9022
2229576,112,162,1811,2003,0.0,35594.0,-0.6684140000000001,-0.915817,JAM,NLD,9022
2229577,113,162,1811,2003,0.0,1456543.0,0.12295,0.377031,JOR,NLD,9022
2229578,114,162,1811,2003,92943672.0,86889228.0,2.4686630000000003,0.48072600000000004,JPN,NLD,9022
2229579,115,162,1811,2003,1866.0,1743607.0,-0.156326,-0.62092,KAZ,NLD,9022
2229580,116,162,1811,2003,8914.0,388109.0,-0.3531,0.582992,KEN,NLD,9022
2229581,117,162,1811,2003,0.0,4944.0,0.25359699999999996,0.24101199999999998,KGZ,NLD,9022
2229582,118,162,1811,2003,0.0,849.0,-1.0165620000000002,-1.060454,KHM,NLD,9022
2229583,121,162,1811,2003,265354.0,18345596.0,1.2611709999999998,0.956308,KOR,NLD,9022
2229584,122,162,1811,2003,20444.0,2656182.0,-0.7943640000000001,-1.1529770000000001,KWT,NLD,9022
2229585,124,162,1811,2003,50252.0,1630982.0,0.261687,1.053856,LBN,NLD,9022
2229586,125,162,1811,2003,0.0,5655.0,0.026117,-1.03888,LBR,NLD,9022
2229587,126,162,1811,2003,3099.0,983995.0,-0.36075999999999997,-1.110575,LBY,NLD,9022
2229588,128,162,1811,2003,0.0,113001.0,-0.618057,0.101931,LKA,NLD,9022
2229589,130,162,1811,2003,44729.0,290785.0,0.239608,0.517299,LTU,NLD,9022
2229590,131,162,1811,2003,2464.0,736475.0,1.444996,1.063764,LUX,NLD,9022
2229591,132,162,1811,2003,36220.0,483996.0,0.520772,0.5631689999999999,LVA,NLD,9022
2229592,134,162,1811,2003,24513.0,2990535.0,-0.6842050000000001,-0.217892,MAR,NLD,9022
2229593,135,162,1811,2003,0.0,77725.0,-0.005154,-0.26107199999999997,MDA,NLD,9022
2229594,138,162,1811,2003,1356522.0,5636220.0,0.862509,0.756684,MEX,NLD,9022
2229595,140,162,1811,2003,0.0,146393.0,-0.017632,0.225394,MKD,NLD,9022
2229596,142,162,1811,2003,0.0,268107.0,1.2138149999999999,-0.015687,MLT,NLD,9022
2229597,143,162,1811,2003,0.0,23752.0,-1.435123,-1.0948,MMR,NLD,9022
2229598,145,162,1811,2003,0.0,1622.0,-0.9747620000000001,-1.026308,MNG,NLD,9022
2229599,151,162,1811,2003,0.0,547284.0,-0.361514,-0.29839899999999997,MUS,NLD,9022
2229600,152,162,1811,2003,0.0,39017.0,-1.48079,-1.235645,MWI,NLD,9022
2229601,153,162,1811,2003,493342.0,1799071.0,0.728804,0.2168,MYS,NLD,9022
2229602,154,162,1811,2003,0.0,3255.0,0.8645370000000001,-0.101347,MYT,NLD,9022
2229603,155,162,1811,2003,3360.0,140217.0,-0.24004499999999998,-0.39565900000000004,NAM,NLD,9022
2229604,156,162,1811,2003,0.0,249619.0,-0.344934,-0.776632,NCL,NLD,9022
2229605,159,162,1811,2003,2194.0,373711.0,-1.859176,-1.234236,NGA,NLD,9022
2229606,160,162,1811,2003,0.0,164564.0,-0.8661459999999999,-0.8661690000000001,NIC,NLD,9022
2229607,163,162,1811,2003,1085871.0,5402204.0,1.1500620000000001,0.258554,NOR,NLD,9022
2229608,164,162,1811,2003,0.0,22330.0,-0.26353899999999997,1.351717,NPL,NLD,9022
2229609,166,162,1811,2003,54991.0,1001170.0,0.589619,0.997301,NZL,NLD,9022
2229610,167,162,1811,2003,49822.0,358771.0,-1.434873,-1.188123,OMN,NLD,9022
2229611,168,162,1811,2003,74167.0,309978.0,-0.6659689999999999,0.137924,PAK,NLD,9022
2229612,169,162,1811,2003,35783.0,11411.0,-0.050386,-0.039619999999999995,PAN,NLD,9022
2229613,173,162,1811,2003,22576.0,294233.0,-0.48627,0.371354,PER,NLD,9022
2229614,174,162,1811,2003,47269.0,337424.0,-0.065022,-0.195144,PHL,NLD,9022
2229615,177,162,1811,2003,258173.0,9406989.0,0.966622,1.664838,POL,NLD,9022
2229616,178,162,1811,2003,0.0,30538.0,0.7060420000000001,0.7718,PRK,NLD,9022
2229617,179,162,1811,2003,708619.0,3200857.0,0.471376,1.647303,PRT,NLD,9022
2229618,180,162,1811,2003,0.0,15823.0,-0.607733,-0.8577879999999999,PRY,NLD,9022
2229619,181,162,1811,2003,0.0,1274670.0,0.657296,0.220183,PSE,NLD,9022
2229620,183,162,1811,2003,23585.0,135713.0,-0.209042,-1.0565799999999999,QAT,NLD,9022
2229621,185,162,1811,2003,79137.0,3160177.0,0.378379,1.0064620000000002,ROU,NLD,9022
2229622,186,162,1811,2003,409038.0,10020751.0,1.072729,0.338355,RUS,NLD,9022
2229623,188,162,1811,2003,355893.0,5800760.0,0.202286,-0.714691,SAU,NLD,9022
2229624,189,162,1811,2003,212731.0,2221342.0,0.575326,1.627894,SCG,NLD,9022
2229625,190,162,1811,2003,0.0,1878.0,-1.3535059999999999,-1.1701409999999999,SDN,NLD,9022
2229626,191,162,1811,2003,0.0,822650.0,-0.25203600000000004,-0.25549299999999997,SEN,NLD,9022
2229627,192,162,1811,2003,92986.0,1569302.0,1.5080799999999999,0.720337,SGP,NLD,9022
2229628,196,162,1811,2003,0.0,326867.0,0.129923,-0.19926300000000002,SLE,NLD,9022
2229629,205,162,1811,2003,0.0,46774.0,-0.896925,-0.88623,SUR,NLD,9022
2229630,206,162,1811,2003,629891.0,357481.0,1.22565,0.915518,SVK,NLD,9022
2229631,207,162,1811,2003,111673.0,2298875.0,1.6459840000000001,1.014191,SVN,NLD,9022
2229632,208,162,1811,2003,815075.0,10740412.0,2.099224,0.799982,SWE,NLD,9022
2229633,212,162,1811,2003,5870.0,1903780.0,-0.868749,-0.326322,SYR,NLD,9022
2229634,216,162,1811,2003,203920.0,2160698.0,0.43010699999999996,1.607408,THA,NLD,9022
2229635,219,162,1811,2003,0.0,79173.0,-1.223295,-1.250217,TKM,NLD,9022
2229636,223,162,1811,2003,9213.0,813778.0,-0.14845999999999998,0.255092,TUN,NLD,9022
2229637,224,162,1811,2003,53136.0,8863913.0,0.192802,1.9855060000000002,TUR,NLD,9022
2229638,226,162,1811,2003,42011.0,950188.0,-1.225217,-0.43662399999999996,TZA,NLD,9022
2229639,227,162,1811,2003,34803.0,91429.0,-0.895193,-0.712039,UGA,NLD,9022
2229640,228,162,1811,2003,0.0,431872.0,0.8929389999999999,0.956685,UKR,NLD,9022
2229641,230,162,1811,2003,0.0,12365.0,0.19792200000000001,0.243104,URY,NLD,9022
2229642,231,162,1811,2003,87113671.0,242596990.0,1.7789220000000001,0.064028,USA,NLD,9022
2229643,232,162,1811,2003,0.0,109710.0,-0.285978,-0.703334,UZB,NLD,9022
2229644,236,162,1811,2003,11248.0,1163281.0,0.277805,-0.783697,VEN,NLD,9022
2229645,239,162,1811,2003,36646.0,152278.0,-0.633985,0.659696,VNM,NLD,9022
2229646,243,162,1811,2003,15492.0,1627551.0,-1.453584,-1.257815,YEM,NLD,9022
2229647,246,162,1811,2003,273406.0,7560741.0,0.477987,2.255395,ZAF,NLD,9022
2229648,247,162,1811,2003,0.0,2112332.0,-0.678149,-0.5919449999999999,ZMB,NLD,9022
2229649,248,162,1811,2003,0.0,4524.0,-0.366539,-0.18906199999999998,ZWE,NLD,9022
2229650,249,162,1811,2003,72448.0,4783574.0,1.5924040000000002,1.397843,TWN,NLD,9022
2229651,250,162,1811,2003,13216.0,36351.0,0.45951499999999995,-0.2312,ANS,NLD,9022
2229652,14,163,1811,2003,14547.0,120360.0,0.316879,0.9409489999999999,AUS,NOR,9022
2229653,15,163,1811,2003,183124.0,4687701.0,1.834977,0.408096,AUT,NOR,9022
2229654,18,163,1811,2003,413658.0,82849.0,1.361682,1.39536,BEL,NOR,9022
2229655,23,163,1811,2003,0.0,3750.0,0.43308599999999997,1.7104099999999998,BGR,NOR,9022
2229656,32,163,1811,2003,0.0,266798.0,0.660576,1.118876,BRA,NOR,9022
2229657,39,163,1811,2003,62119.0,24452.0,0.9791540000000001,1.185081,CAN,NOR,9022
2229658,41,163,1811,2003,713843.0,10067.0,2.151037,0.711217,CHE,NOR,9022
2229659,42,163,1811,2003,0.0,36072.0,-0.06375900000000001,-0.156808,CHL,NOR,9022
2229660,43,163,1811,2003,4125955.0,81979.0,0.579431,2.773139,CHN,NOR,9022
2229661,59,163,1811,2003,507569.0,230823.0,1.555749,0.8662059999999999,CZE,NOR,9022
2229662,61,163,1811,2003,15759886.0,5270066.0,2.2821919999999998,-2.0985150000000004,DEU,NOR,9022
2229663,64,163,1811,2003,569160.0,166091.0,1.309564,1.245596,DNK,NOR,9022
2229664,67,163,1811,2003,0.0,32357.0,-0.8689370000000001,-0.889767,ECU,NOR,9022
2229665,71,163,1811,2003,79872.0,176352.0,0.960684,2.074792,ESP,NOR,9022
2229666,73,163,1811,2003,0.0,731.0,-1.1145559999999999,-0.9599620000000001,ETH,NOR,9022
2229667,74,163,1811,2003,1022989.0,35602.0,2.077889,0.942501,FIN,NOR,9022
2229668,77,163,1811,2003,12470352.0,5931322.0,1.606606,0.7394149999999999,FRA,NOR,9022
2229669,81,163,1811,2003,5731329.0,228816.0,1.8712540000000002,0.706205,GBR,NOR,9022
2229670,90,163,1811,2003,0.0,3224.0,0.364688,1.4823959999999998,GRC,NOR,9022
2229671,97,163,1811,2003,122729.0,26927.0,0.494569,2.147062,HKG,NOR,9022
2229672,100,163,1811,2003,0.0,9586.0,0.568394,1.230759,HRV,NOR,9022
2229673,102,163,1811,2003,95923.0,1390.0,1.2003270000000001,1.091407,HUN,NOR,9022
2229674,103,163,1811,2003,1271.0,0.0,-0.16802,1.7252990000000001,IDN,NOR,9022
2229675,104,163,1811,2003,293233.0,1548.0,0.33014099999999996,2.836003,IND,NOR,9022
2229676,106,163,1811,2003,33554.0,71678.0,1.6396130000000002,0.220599,IRL,NOR,9022
2229677,109,163,1811,2003,0.0,142192.0,0.21902800000000003,-0.40818499999999996,ISL,NOR,9022
2229678,110,163,1811,2003,2018845.0,50391.0,1.157809,0.682195,ISR,NOR,9022
2229679,111,163,1811,2003,903603.0,1007389.0,1.399734,1.044608,ITA,NOR,9022
2229680,114,163,1811,2003,1578996.0,2725.0,2.4686630000000003,0.48072600000000004,JPN,NOR,9022
2229681,121,163,1811,2003,41458.0,65130.0,1.2611709999999998,0.956308,KOR,NOR,9022
2229682,124,163,1811,2003,0.0,4104.0,0.261687,1.053856,LBN,NOR,9022
2229683,125,163,1811,2003,0.0,2206.0,0.026117,-1.03888,LBR,NOR,9022
2229684,130,163,1811,2003,21069.0,0.0,0.239608,0.517299,LTU,NOR,9022
2229685,132,163,1811,2003,2006.0,0.0,0.520772,0.5631689999999999,LVA,NOR,9022
2229686,138,163,1811,2003,220179.0,30804.0,0.862509,0.756684,MEX,NOR,9022
2229687,159,163,1811,2003,0.0,2263.0,-1.859176,-1.234236,NGA,NOR,9022
2229688,162,163,1811,2003,5402204.0,1085871.0,1.168453,1.7085709999999998,NLD,NOR,9022
2229689,166,163,1811,2003,17259.0,0.0,0.589619,0.997301,NZL,NOR,9022
2229690,177,163,1811,2003,3152.0,0.0,0.966622,1.664838,POL,NOR,9022
2229691,179,163,1811,2003,3802.0,2062.0,0.471376,1.647303,PRT,NOR,9022
2229692,186,163,1811,2003,0.0,61745.0,1.072729,0.338355,RUS,NOR,9022
2229693,188,163,1811,2003,0.0,48914.0,0.202286,-0.714691,SAU,NOR,9022
2229694,192,163,1811,2003,7379.0,88441.0,1.5080799999999999,0.720337,SGP,NOR,9022
2229695,206,163,1811,2003,0.0,22878.0,1.22565,0.915518,SVK,NOR,9022
2229696,207,163,1811,2003,0.0,6823.0,1.6459840000000001,1.014191,SVN,NOR,9022
2229697,208,163,1811,2003,3395315.0,888270.0,2.099224,0.799982,SWE,NOR,9022
2229698,223,163,1811,2003,0.0,1307.0,-0.14845999999999998,0.255092,TUN,NOR,9022
2229699,224,163,1811,2003,0.0,53932.0,0.192802,1.9855060000000002,TUR,NOR,9022
2229700,226,163,1811,2003,0.0,3519.0,-1.225217,-0.43662399999999996,TZA,NOR,9022
2229701,231,163,1811,2003,8328213.0,4737013.0,1.7789220000000001,0.064028,USA,NOR,9022
2229702,246,163,1811,2003,0.0,7589.0,0.477987,2.255395,ZAF,NOR,9022
2229703,249,163,1811,2003,6511.0,0.0,1.5924040000000002,1.397843,TWN,NOR,9022
2229704,14,166,1811,2003,3591300.0,597301.0,0.316879,0.9409489999999999,AUS,NZL,9022
2229705,18,166,1811,2003,24384.0,0.0,1.361682,1.39536,BEL,NZL,9022
2229706,39,166,1811,2003,4591.0,0.0,0.9791540000000001,1.185081,CAN,NZL,9022
2229707,41,166,1811,2003,87282.0,0.0,2.151037,0.711217,CHE,NZL,9022
2229708,43,166,1811,2003,181423.0,37436.0,0.579431,2.773139,CHN,NZL,9022
2229709,49,166,1811,2003,0.0,24376.0,0.218336,0.376869,COL,NZL,9022
2229710,61,166,1811,2003,5292703.0,4879.0,2.2821919999999998,-2.0985150000000004,DEU,NZL,9022
2229711,64,166,1811,2003,350896.0,0.0,1.309564,1.245596,DNK,NZL,9022
2229712,71,166,1811,2003,1565.0,0.0,0.960684,2.074792,ESP,NZL,9022
2229713,74,166,1811,2003,165089.0,0.0,2.077889,0.942501,FIN,NZL,9022
2229714,75,166,1811,2003,0.0,115846.0,-0.6865640000000001,-0.326977,FJI,NZL,9022
2229715,77,166,1811,2003,729425.0,160180.0,1.606606,0.7394149999999999,FRA,NZL,9022
2229716,81,166,1811,2003,633272.0,18926.0,1.8712540000000002,0.706205,GBR,NZL,9022
2229717,97,166,1811,2003,0.0,28222.0,0.494569,2.147062,HKG,NZL,9022
2229718,103,166,1811,2003,0.0,191085.0,-0.16802,1.7252990000000001,IDN,NZL,9022
2229719,104,166,1811,2003,81225.0,0.0,0.33014099999999996,2.836003,IND,NZL,9022
2229720,106,166,1811,2003,2980.0,0.0,1.6396130000000002,0.220599,IRL,NZL,9022
2229721,110,166,1811,2003,333755.0,0.0,1.157809,0.682195,ISR,NZL,9022
2229722,111,166,1811,2003,19247.0,0.0,1.399734,1.044608,ITA,NZL,9022
2229723,114,166,1811,2003,594862.0,16092.0,2.4686630000000003,0.48072600000000004,JPN,NZL,9022
2229724,121,166,1811,2003,19873.0,24053.0,1.2611709999999998,0.956308,KOR,NZL,9022
2229725,153,166,1811,2003,58271.0,0.0,0.728804,0.2168,MYS,NZL,9022
2229726,162,166,1811,2003,1001170.0,54991.0,1.168453,1.7085709999999998,NLD,NZL,9022
2229727,163,166,1811,2003,0.0,17259.0,1.1500620000000001,0.258554,NOR,NZL,9022
2229728,176,166,1811,2003,0.0,255051.0,-1.7997330000000002,-1.2110049999999999,PNG,NZL,9022
2229729,182,166,1811,2003,0.0,74398.0,-0.255707,-0.676557,PYF,NZL,9022
2229730,188,166,1811,2003,0.0,16460.0,0.202286,-0.714691,SAU,NZL,9022
2229731,192,166,1811,2003,324276.0,176843.0,1.5080799999999999,0.720337,SGP,NZL,9022
2229732,208,166,1811,2003,39651.0,0.0,2.099224,0.799982,SWE,NZL,9022
2229733,231,166,1811,2003,3581943.0,83212.0,1.7789220000000001,0.064028,USA,NZL,9022
2229734,242,166,1811,2003,0.0,1003.0,-0.304377,-0.620659,WSM,NZL,9022
2229735,249,166,1811,2003,1117.0,0.0,1.5924040000000002,1.397843,TWN,NZL,9022
2229736,250,166,1811,2003,43489.0,0.0,0.45951499999999995,-0.2312,ANS,NZL,9022
2229737,18,169,1811,2003,46573.0,0.0,1.361682,1.39536,BEL,PAN,9022
2229738,32,169,1811,2003,17575.0,0.0,0.660576,1.118876,BRA,PAN,9022
2229739,39,169,1811,2003,4954.0,0.0,0.9791540000000001,1.185081,CAN,PAN,9022
2229740,41,169,1811,2003,1720.0,0.0,2.151037,0.711217,CHE,PAN,9022
2229741,43,169,1811,2003,92936.0,0.0,0.579431,2.773139,CHN,PAN,9022
2229742,49,169,1811,2003,1765.0,0.0,0.218336,0.376869,COL,PAN,9022
2229743,52,169,1811,2003,0.0,14116.0,-0.193904,-0.5049680000000001,CRI,PAN,9022
2229744,54,169,1811,2003,0.0,77642.0,-0.391515,-0.8562120000000001,CUB,PAN,9022
2229745,61,169,1811,2003,92265.0,0.0,2.2821919999999998,-2.0985150000000004,DEU,PAN,9022
2229746,77,169,1811,2003,145593.0,0.0,1.606606,0.7394149999999999,FRA,PAN,9022
2229747,81,169,1811,2003,28260.0,0.0,1.8712540000000002,0.706205,GBR,PAN,9022
2229748,93,169,1811,2003,0.0,17863.0,-0.444162,0.145319,GTM,PAN,9022
2229749,99,169,1811,2003,1000.0,0.0,-0.733546,-0.568585,HND,PAN,9022
2229750,106,169,1811,2003,148789.0,0.0,1.6396130000000002,0.220599,IRL,PAN,9022
2229751,111,169,1811,2003,14732.0,0.0,1.399734,1.044608,ITA,PAN,9022
2229752,114,169,1811,2003,468064.0,0.0,2.4686630000000003,0.48072600000000004,JPN,PAN,9022
2229753,121,169,1811,2003,31140.0,0.0,1.2611709999999998,0.956308,KOR,PAN,9022
2229754,162,169,1811,2003,11411.0,35783.0,1.168453,1.7085709999999998,NLD,PAN,9022
2229755,197,169,1811,2003,0.0,3684.0,-0.251357,-0.189917,SLV,PAN,9022
2229756,231,169,1811,2003,440581.0,3668.0,1.7789220000000001,0.064028,USA,PAN,9022
2229757,236,169,1811,2003,31434.0,0.0,0.277805,-0.783697,VEN,PAN,9022
2229758,250,169,1811,2003,18675.0,0.0,0.45951499999999995,-0.2312,ANS,PAN,9022
2229759,8,173,1811,2003,258134.0,0.0,0.302073,0.49069700000000005,ARG,PER,9022
2229760,14,173,1811,2003,10586.0,0.0,0.316879,0.9409489999999999,AUS,PER,9022
2229761,18,173,1811,2003,19010.0,0.0,1.361682,1.39536,BEL,PER,9022
2229762,31,173,1811,2003,2942.0,0.0,-0.787995,-0.7228899999999999,BOL,PER,9022
2229763,32,173,1811,2003,156828.0,0.0,0.660576,1.118876,BRA,PER,9022
2229764,39,173,1811,2003,296369.0,0.0,0.9791540000000001,1.185081,CAN,PER,9022
2229765,41,173,1811,2003,4080.0,0.0,2.151037,0.711217,CHE,PER,9022
2229766,42,173,1811,2003,52693.0,0.0,-0.06375900000000001,-0.156808,CHL,PER,9022
2229767,43,173,1811,2003,19896.0,0.0,0.579431,2.773139,CHN,PER,9022
2229768,61,173,1811,2003,259436.0,8029.0,2.2821919999999998,-2.0985150000000004,DEU,PER,9022
2229769,64,173,1811,2003,1708.0,0.0,1.309564,1.245596,DNK,PER,9022
2229770,71,173,1811,2003,30725.0,0.0,0.960684,2.074792,ESP,PER,9022
2229771,74,173,1811,2003,495911.0,0.0,2.077889,0.942501,FIN,PER,9022
2229772,77,173,1811,2003,130577.0,0.0,1.606606,0.7394149999999999,FRA,PER,9022
2229773,81,173,1811,2003,4005.0,0.0,1.8712540000000002,0.706205,GBR,PER,9022
2229774,102,173,1811,2003,113258.0,0.0,1.2003270000000001,1.091407,HUN,PER,9022
2229775,104,173,1811,2003,7498.0,0.0,0.33014099999999996,2.836003,IND,PER,9022
2229776,111,173,1811,2003,136216.0,0.0,1.399734,1.044608,ITA,PER,9022
2229777,114,173,1811,2003,224592.0,0.0,2.4686630000000003,0.48072600000000004,JPN,PER,9022
2229778,121,173,1811,2003,34538.0,0.0,1.2611709999999998,0.956308,KOR,PER,9022
2229779,138,173,1811,2003,4064.0,0.0,0.862509,0.756684,MEX,PER,9022
2229780,153,173,1811,2003,28247.0,0.0,0.728804,0.2168,MYS,PER,9022
2229781,162,173,1811,2003,294233.0,22576.0,1.168453,1.7085709999999998,NLD,PER,9022
2229782,186,173,1811,2003,3719.0,0.0,1.072729,0.338355,RUS,PER,9022
2229783,216,173,1811,2003,1704.0,0.0,0.43010699999999996,1.607408,THA,PER,9022
2229784,231,173,1811,2003,2729503.0,39841.0,1.7789220000000001,0.064028,USA,PER,9022
2229785,236,173,1811,2003,27410.0,0.0,0.277805,-0.783697,VEN,PER,9022
2229786,14,174,1811,2003,89514.0,20559.0,0.316879,0.9409489999999999,AUS,PHL,9022
2229787,15,174,1811,2003,2283.0,0.0,1.834977,0.408096,AUT,PHL,9022
2229788,18,174,1811,2003,16781.0,0.0,1.361682,1.39536,BEL,PHL,9022
2229789,32,174,1811,2003,19639.0,0.0,0.660576,1.118876,BRA,PHL,9022
2229790,39,174,1811,2003,82866.0,0.0,0.9791540000000001,1.185081,CAN,PHL,9022
2229791,41,174,1811,2003,1490.0,0.0,2.151037,0.711217,CHE,PHL,9022
2229792,43,174,1811,2003,274101.0,7564.0,0.579431,2.773139,CHN,PHL,9022
2229793,61,174,1811,2003,4370851.0,1546.0,2.2821919999999998,-2.0985150000000004,DEU,PHL,9022
2229794,71,174,1811,2003,3397.0,0.0,0.960684,2.074792,ESP,PHL,9022
2229795,74,174,1811,2003,40983.0,1500.0,2.077889,0.942501,FIN,PHL,9022
2229796,77,174,1811,2003,382209.0,38019.0,1.606606,0.7394149999999999,FRA,PHL,9022
2229797,81,174,1811,2003,532070.0,9212.0,1.8712540000000002,0.706205,GBR,PHL,9022
2229798,97,174,1811,2003,35130.0,153499.0,0.494569,2.147062,HKG,PHL,9022
2229799,102,174,1811,2003,10030.0,0.0,1.2003270000000001,1.091407,HUN,PHL,9022
2229800,103,174,1811,2003,1009.0,0.0,-0.16802,1.7252990000000001,IDN,PHL,9022
2229801,104,174,1811,2003,72001.0,0.0,0.33014099999999996,2.836003,IND,PHL,9022
2229802,110,174,1811,2003,58152.0,0.0,1.157809,0.682195,ISR,PHL,9022
2229803,111,174,1811,2003,36370.0,0.0,1.399734,1.044608,ITA,PHL,9022
2229804,114,174,1811,2003,3707773.0,1283595.0,2.4686630000000003,0.48072600000000004,JPN,PHL,9022
2229805,121,174,1811,2003,474962.0,1604.0,1.2611709999999998,0.956308,KOR,PHL,9022
2229806,138,174,1811,2003,12028.0,1024.0,0.862509,0.756684,MEX,PHL,9022
2229807,153,174,1811,2003,42720.0,41267.0,0.728804,0.2168,MYS,PHL,9022
2229808,162,174,1811,2003,337424.0,47269.0,1.168453,1.7085709999999998,NLD,PHL,9022
2229809,186,174,1811,2003,0.0,1515.0,1.072729,0.338355,RUS,PHL,9022
2229810,192,174,1811,2003,1628974.0,204530.0,1.5080799999999999,0.720337,SGP,PHL,9022
2229811,208,174,1811,2003,81396.0,0.0,2.099224,0.799982,SWE,PHL,9022
2229812,216,174,1811,2003,18923.0,0.0,0.43010699999999996,1.607408,THA,PHL,9022
2229813,231,174,1811,2003,3410344.0,1155230.0,1.7789220000000001,0.064028,USA,PHL,9022
2229814,239,174,1811,2003,0.0,26952.0,-0.633985,0.659696,VNM,PHL,9022
2229815,249,174,1811,2003,18743.0,3385.0,1.5924040000000002,1.397843,TWN,PHL,9022
2229816,2,179,1811,2003,0.0,393658.0,-1.8762919999999998,-1.176541,AGO,PRT,9022
2229817,14,179,1811,2003,79082.0,0.0,0.316879,0.9409489999999999,AUS,PRT,9022
2229818,15,179,1811,2003,2192.0,12810.0,1.834977,0.408096,AUT,PRT,9022
2229819,18,179,1811,2003,342634.0,67203.0,1.361682,1.39536,BEL,PRT,9022
2229820,32,179,1811,2003,5241.0,0.0,0.660576,1.118876,BRA,PRT,9022
2229821,39,179,1811,2003,28523.0,0.0,0.9791540000000001,1.185081,CAN,PRT,9022
2229822,41,179,1811,2003,53287.0,4486.0,2.151037,0.711217,CHE,PRT,9022
2229823,43,179,1811,2003,341669.0,0.0,0.579431,2.773139,CHN,PRT,9022
2229824,51,179,1811,2003,0.0,143926.0,0.070649,-0.541279,CPV,PRT,9022
2229825,54,179,1811,2003,0.0,15697.0,-0.391515,-0.8562120000000001,CUB,PRT,9022
2229826,61,179,1811,2003,15959319.0,247648.0,2.2821919999999998,-2.0985150000000004,DEU,PRT,9022
2229827,64,179,1811,2003,102559.0,0.0,1.309564,1.245596,DNK,PRT,9022
2229828,71,179,1811,2003,6040952.0,1429931.0,0.960684,2.074792,ESP,PRT,9022
2229829,74,179,1811,2003,311696.0,28065.0,2.077889,0.942501,FIN,PRT,9022
2229830,77,179,1811,2003,6901491.0,1068374.0,1.606606,0.7394149999999999,FRA,PRT,9022
2229831,81,179,1811,2003,2139530.0,41878.0,1.8712540000000002,0.706205,GBR,PRT,9022
2229832,90,179,1811,2003,4325.0,16117.0,0.364688,1.4823959999999998,GRC,PRT,9022
2229833,102,179,1811,2003,101810.0,0.0,1.2003270000000001,1.091407,HUN,PRT,9022
2229834,106,179,1811,2003,49602.0,0.0,1.6396130000000002,0.220599,IRL,PRT,9022
2229835,110,179,1811,2003,1605798.0,44603.0,1.157809,0.682195,ISR,PRT,9022
2229836,111,179,1811,2003,1010549.0,33875.0,1.399734,1.044608,ITA,PRT,9022
2229837,114,179,1811,2003,1495923.0,0.0,2.4686630000000003,0.48072600000000004,JPN,PRT,9022
2229838,121,179,1811,2003,49685.0,0.0,1.2611709999999998,0.956308,KOR,PRT,9022
2229839,138,179,1811,2003,4659.0,0.0,0.862509,0.756684,MEX,PRT,9022
2229840,147,179,1811,2003,0.0,58914.0,-1.188243,-1.123693,MOZ,PRT,9022
2229841,153,179,1811,2003,103903.0,0.0,0.728804,0.2168,MYS,PRT,9022
2229842,162,179,1811,2003,3200857.0,708619.0,1.168453,1.7085709999999998,NLD,PRT,9022
2229843,163,179,1811,2003,2062.0,3802.0,1.1500620000000001,0.258554,NOR,PRT,9022
2229844,168,179,1811,2003,0.0,26688.0,-0.6659689999999999,0.137924,PAK,PRT,9022
2229845,208,179,1811,2003,104433.0,6360.0,2.099224,0.799982,SWE,PRT,9022
2229846,224,179,1811,2003,36500.0,0.0,0.192802,1.9855060000000002,TUR,PRT,9022
2229847,231,179,1811,2003,1155817.0,16459.0,1.7789220000000001,0.064028,USA,PRT,9022
2229848,8,180,1811,2003,9468.0,8424.0,0.302073,0.49069700000000005,ARG,PRY,9022
2229849,31,180,1811,2003,0.0,9521.0,-0.787995,-0.7228899999999999,BOL,PRY,9022
2229850,32,180,1811,2003,56903.0,0.0,0.660576,1.118876,BRA,PRY,9022
2229851,43,180,1811,2003,33702.0,0.0,0.579431,2.773139,CHN,PRY,9022
2229852,61,180,1811,2003,31877.0,2196.0,2.2821919999999998,-2.0985150000000004,DEU,PRY,9022
2229853,104,180,1811,2003,2320.0,0.0,0.33014099999999996,2.836003,IND,PRY,9022
2229854,111,180,1811,2003,5255.0,0.0,1.399734,1.044608,ITA,PRY,9022
2229855,162,180,1811,2003,15823.0,0.0,1.168453,1.7085709999999998,NLD,PRY,9022
2229856,231,180,1811,2003,76746.0,2796.0,1.7789220000000001,0.064028,USA,PRY,9022
2229857,7,190,1811,2003,83569.0,0.0,0.049637,-0.502691,ARE,SDN,9022
2229858,39,190,1811,2003,104084.0,0.0,0.9791540000000001,1.185081,CAN,SDN,9022
2229859,43,190,1811,2003,233105.0,0.0,0.579431,2.773139,CHN,SDN,9022
2229860,61,190,1811,2003,389192.0,0.0,2.2821919999999998,-2.0985150000000004,DEU,SDN,9022
2229861,64,190,1811,2003,169492.0,0.0,1.309564,1.245596,DNK,SDN,9022
2229862,74,190,1811,2003,43753.0,0.0,2.077889,0.942501,FIN,SDN,9022
2229863,77,190,1811,2003,229537.0,0.0,1.606606,0.7394149999999999,FRA,SDN,9022
2229864,81,190,1811,2003,378571.0,123982.0,1.8712540000000002,0.706205,GBR,SDN,9022
2229865,90,190,1811,2003,2699.0,0.0,0.364688,1.4823959999999998,GRC,SDN,9022
2229866,104,190,1811,2003,54242.0,0.0,0.33014099999999996,2.836003,IND,SDN,9022
2229867,111,190,1811,2003,356641.0,23123.0,1.399734,1.044608,ITA,SDN,9022
2229868,113,190,1811,2003,20161.0,0.0,0.12295,0.377031,JOR,SDN,9022
2229869,114,190,1811,2003,1264693.0,0.0,2.4686630000000003,0.48072600000000004,JPN,SDN,9022
2229870,121,190,1811,2003,13405.0,0.0,1.2611709999999998,0.956308,KOR,SDN,9022
2229871,162,190,1811,2003,1878.0,0.0,1.168453,1.7085709999999998,NLD,SDN,9022
2229872,188,190,1811,2003,461377.0,0.0,0.202286,-0.714691,SAU,SDN,9022
2229873,208,190,1811,2003,3580.0,0.0,2.099224,0.799982,SWE,SDN,9022
2229874,212,190,1811,2003,2698.0,0.0,-0.868749,-0.326322,SYR,SDN,9022
2229875,224,190,1811,2003,8522.0,0.0,0.192802,1.9855060000000002,TUR,SDN,9022
2229876,246,190,1811,2003,426960.0,0.0,0.477987,2.255395,ZAF,SDN,9022
2229877,8,197,1811,2003,2976.0,0.0,0.302073,0.49069700000000005,ARG,SLV,9022
2229878,18,197,1811,2003,6317.0,0.0,1.361682,1.39536,BEL,SLV,9022
2229879,32,197,1811,2003,6546.0,0.0,0.660576,1.118876,BRA,SLV,9022
2229880,39,197,1811,2003,216451.0,0.0,0.9791540000000001,1.185081,CAN,SLV,9022
2229881,61,197,1811,2003,1583886.0,24456.0,2.2821919999999998,-2.0985150000000004,DEU,SLV,9022
2229882,64,197,1811,2003,79217.0,0.0,1.309564,1.245596,DNK,SLV,9022
2229883,65,197,1811,2003,2724.0,0.0,-0.46264399999999994,-0.245034,DOM,SLV,9022
2229884,71,197,1811,2003,11128.0,0.0,0.960684,2.074792,ESP,SLV,9022
2229885,77,197,1811,2003,138539.0,0.0,1.606606,0.7394149999999999,FRA,SLV,9022
2229886,81,197,1811,2003,1354.0,0.0,1.8712540000000002,0.706205,GBR,SLV,9022
2229887,93,197,1811,2003,67989.0,20367.0,-0.444162,0.145319,GTM,SLV,9022
2229888,99,197,1811,2003,0.0,47316.0,-0.733546,-0.568585,HND,SLV,9022
2229889,110,197,1811,2003,26397.0,0.0,1.157809,0.682195,ISR,SLV,9022
2229890,111,197,1811,2003,1836.0,0.0,1.399734,1.044608,ITA,SLV,9022
2229891,114,197,1811,2003,9744.0,0.0,2.4686630000000003,0.48072600000000004,JPN,SLV,9022
2229892,121,197,1811,2003,14193.0,0.0,1.2611709999999998,0.956308,KOR,SLV,9022
2229893,138,197,1811,2003,426588.0,0.0,0.862509,0.756684,MEX,SLV,9022
2229894,169,197,1811,2003,3684.0,0.0,-0.050386,-0.039619999999999995,PAN,SLV,9022
2229895,192,197,1811,2003,6233.0,0.0,1.5080799999999999,0.720337,SGP,SLV,9022
2229896,231,197,1811,2003,976166.0,17580.0,1.7789220000000001,0.064028,USA,SLV,9022
2229897,246,197,1811,2003,0.0,1547.0,0.477987,2.255395,ZAF,SLV,9022
2229898,61,205,1811,2003,385819.0,0.0,2.2821919999999998,-2.0985150000000004,DEU,SUR,9022
2229899,162,205,1811,2003,46774.0,0.0,1.168453,1.7085709999999998,NLD,SUR,9022
2229900,231,205,1811,2003,76854.0,0.0,1.7789220000000001,0.064028,USA,SUR,9022
2229901,4,208,1811,2003,0.0,9356.0,-0.053595000000000004,0.166034,ALB,SWE,9022
2229902,7,208,1811,2003,0.0,95459.0,0.049637,-0.502691,ARE,SWE,9022
2229903,8,208,1811,2003,0.0,153958.0,0.302073,0.49069700000000005,ARG,SWE,9022
2229904,14,208,1811,2003,2942.0,742676.0,0.316879,0.9409489999999999,AUS,SWE,9022
2229905,15,208,1811,2003,24347.0,364506.0,1.834977,0.408096,AUT,SWE,9022
2229906,18,208,1811,2003,1060515.0,422465.0,1.361682,1.39536,BEL,SWE,9022
2229907,22,208,1811,2003,1103.0,0.0,-1.168404,-1.035782,BGD,SWE,9022
2229908,24,208,1811,2003,0.0,7061.0,-0.10968800000000001,-1.041032,BHR,SWE,9022
2229909,26,208,1811,2003,0.0,1458.0,0.195667,0.347011,BIH,SWE,9022
2229910,31,208,1811,2003,0.0,30735.0,-0.787995,-0.7228899999999999,BOL,SWE,9022
2229911,32,208,1811,2003,2469.0,849230.0,0.660576,1.118876,BRA,SWE,9022
2229912,39,208,1811,2003,603517.0,3733335.0,0.9791540000000001,1.185081,CAN,SWE,9022
2229913,41,208,1811,2003,1641720.0,788022.0,2.151037,0.711217,CHE,SWE,9022
2229914,42,208,1811,2003,0.0,17023.0,-0.06375900000000001,-0.156808,CHL,SWE,9022
2229915,43,208,1811,2003,569596.0,4346387.0,0.579431,2.773139,CHN,SWE,9022
2229916,49,208,1811,2003,8082.0,1088.0,0.218336,0.376869,COL,SWE,9022
2229917,52,208,1811,2003,0.0,48871.0,-0.193904,-0.5049680000000001,CRI,SWE,9022
2229918,54,208,1811,2003,0.0,55136.0,-0.391515,-0.8562120000000001,CUB,SWE,9022
2229919,59,208,1811,2003,302125.0,76750.0,1.555749,0.8662059999999999,CZE,SWE,9022
2229920,61,208,1811,2003,42175559.0,56484695.0,2.2821919999999998,-2.0985150000000004,DEU,SWE,9022
2229921,64,208,1811,2003,1826749.0,1223195.0,1.309564,1.245596,DNK,SWE,9022
2229922,66,208,1811,2003,0.0,11379.0,-1.060727,-1.142594,DZA,SWE,9022
2229923,67,208,1811,2003,4690.0,83508.0,-0.8689370000000001,-0.889767,ECU,SWE,9022
2229924,68,208,1811,2003,0.0,51587.0,-0.292923,0.465433,EGY,SWE,9022
2229925,71,208,1811,2003,305947.0,2031484.0,0.960684,2.074792,ESP,SWE,9022
2229926,72,208,1811,2003,140487.0,47917.0,0.5913010000000001,0.8489979999999999,EST,SWE,9022
2229927,73,208,1811,2003,0.0,37438.0,-1.1145559999999999,-0.9599620000000001,ETH,SWE,9022
2229928,74,208,1811,2003,3786682.0,1400984.0,2.077889,0.942501,FIN,SWE,9022
2229929,77,208,1811,2003,7456677.0,3174674.0,1.606606,0.7394149999999999,FRA,SWE,9022
2229930,78,208,1811,2003,0.0,4551.0,-0.46422299999999994,-0.8072050000000001,FRO,SWE,9022
2229931,81,208,1811,2003,6524997.0,3794586.0,1.8712540000000002,0.706205,GBR,SWE,9022
2229932,90,208,1811,2003,0.0,18082.0,0.364688,1.4823959999999998,GRC,SWE,9022
2229933,97,208,1811,2003,2862153.0,629063.0,0.494569,2.147062,HKG,SWE,9022
2229934,99,208,1811,2003,0.0,5530.0,-0.733546,-0.568585,HND,SWE,9022
2229935,100,208,1811,2003,0.0,3906233.0,0.568394,1.230759,HRV,SWE,9022
2229936,102,208,1811,2003,37213.0,88311.0,1.2003270000000001,1.091407,HUN,SWE,9022
2229937,104,208,1811,2003,80792.0,192742.0,0.33014099999999996,2.836003,IND,SWE,9022
2229938,106,208,1811,2003,508101.0,48603.0,1.6396130000000002,0.220599,IRL,SWE,9022
2229939,107,208,1811,2003,0.0,88161.0,-0.552146,-0.8668520000000001,IRN,SWE,9022
2229940,109,208,1811,2003,5471.0,52014.0,0.21902800000000003,-0.40818499999999996,ISL,SWE,9022
2229941,110,208,1811,2003,583305.0,84845.0,1.157809,0.682195,ISR,SWE,9022
2229942,111,208,1811,2003,1096966.0,838919.0,1.399734,1.044608,ITA,SWE,9022
2229943,113,208,1811,2003,8437.0,0.0,0.12295,0.377031,JOR,SWE,9022
2229944,114,208,1811,2003,1231588.0,12331935.0,2.4686630000000003,0.48072600000000004,JPN,SWE,9022
2229945,121,208,1811,2003,8710.0,2022497.0,1.2611709999999998,0.956308,KOR,SWE,9022
2229946,122,208,1811,2003,0.0,357722.0,-0.7943640000000001,-1.1529770000000001,KWT,SWE,9022
2229947,124,208,1811,2003,0.0,1272.0,0.261687,1.053856,LBN,SWE,9022
2229948,128,208,1811,2003,0.0,139609.0,-0.618057,0.101931,LKA,SWE,9022
2229949,130,208,1811,2003,5172.0,25240.0,0.239608,0.517299,LTU,SWE,9022
2229950,132,208,1811,2003,0.0,6830.0,0.520772,0.5631689999999999,LVA,SWE,9022
2229951,133,208,1811,2003,0.0,31982.0,-0.294516,-0.413828,MAC,SWE,9022
2229952,134,208,1811,2003,0.0,16967.0,-0.6842050000000001,-0.217892,MAR,SWE,9022
2229953,138,208,1811,2003,37930.0,236732.0,0.862509,0.756684,MEX,SWE,9022
2229954,153,208,1811,2003,0.0,355274.0,0.728804,0.2168,MYS,SWE,9022
2229955,156,208,1811,2003,0.0,2657.0,-0.344934,-0.776632,NCL,SWE,9022
2229956,159,208,1811,2003,0.0,787206.0,-1.859176,-1.234236,NGA,SWE,9022
2229957,162,208,1811,2003,10740412.0,815075.0,1.168453,1.7085709999999998,NLD,SWE,9022
2229958,163,208,1811,2003,888270.0,3395315.0,1.1500620000000001,0.258554,NOR,SWE,9022
2229959,166,208,1811,2003,0.0,39651.0,0.589619,0.997301,NZL,SWE,9022
2229960,168,208,1811,2003,0.0,27180.0,-0.6659689999999999,0.137924,PAK,SWE,9022
2229961,174,208,1811,2003,0.0,81396.0,-0.065022,-0.195144,PHL,SWE,9022
2229962,176,208,1811,2003,0.0,1587.0,-1.7997330000000002,-1.2110049999999999,PNG,SWE,9022
2229963,177,208,1811,2003,1067.0,147726.0,0.966622,1.664838,POL,SWE,9022
2229964,179,208,1811,2003,6360.0,104433.0,0.471376,1.647303,PRT,SWE,9022
2229965,185,208,1811,2003,0.0,126860.0,0.378379,1.0064620000000002,ROU,SWE,9022
2229966,186,208,1811,2003,0.0,246723.0,1.072729,0.338355,RUS,SWE,9022
2229967,188,208,1811,2003,0.0,619912.0,0.202286,-0.714691,SAU,SWE,9022
2229968,189,208,1811,2003,0.0,7693.0,0.575326,1.627894,SCG,SWE,9022
2229969,190,208,1811,2003,0.0,3580.0,-1.3535059999999999,-1.1701409999999999,SDN,SWE,9022
2229970,192,208,1811,2003,22467.0,222933.0,1.5080799999999999,0.720337,SGP,SWE,9022
2229971,206,208,1811,2003,0.0,143028.0,1.22565,0.915518,SVK,SWE,9022
2229972,207,208,1811,2003,0.0,13973.0,1.6459840000000001,1.014191,SVN,SWE,9022
2229973,216,208,1811,2003,1909.0,54764.0,0.43010699999999996,1.607408,THA,SWE,9022
2229974,223,208,1811,2003,0.0,72554.0,-0.14845999999999998,0.255092,TUN,SWE,9022
2229975,224,208,1811,2003,15533.0,372732.0,0.192802,1.9855060000000002,TUR,SWE,9022
2229976,226,208,1811,2003,0.0,36105.0,-1.225217,-0.43662399999999996,TZA,SWE,9022
2229977,228,208,1811,2003,0.0,109201.0,0.8929389999999999,0.956685,UKR,SWE,9022
2229978,231,208,1811,2003,14023536.0,23203113.0,1.7789220000000001,0.064028,USA,SWE,9022
2229979,236,208,1811,2003,0.0,14796.0,0.277805,-0.783697,VEN,SWE,9022
2229980,246,208,1811,2003,4381.0,366912.0,0.477987,2.255395,ZAF,SWE,9022
2229981,249,208,1811,2003,7197.0,7028351.0,1.5924040000000002,1.397843,TWN,SWE,9022
2229982,14,216,1811,2003,95010.0,84849.0,0.316879,0.9409489999999999,AUS,THA,9022
2229983,15,216,1811,2003,99192.0,7741.0,1.834977,0.408096,AUT,THA,9022
2229984,18,216,1811,2003,41371.0,0.0,1.361682,1.39536,BEL,THA,9022
2229985,32,216,1811,2003,2129.0,0.0,0.660576,1.118876,BRA,THA,9022
2229986,39,216,1811,2003,151620.0,0.0,0.9791540000000001,1.185081,CAN,THA,9022
2229987,41,216,1811,2003,48240.0,0.0,2.151037,0.711217,CHE,THA,9022
2229988,43,216,1811,2003,131807.0,16342.0,0.579431,2.773139,CHN,THA,9022
2229989,59,216,1811,2003,266205.0,0.0,1.555749,0.8662059999999999,CZE,THA,9022
2229990,61,216,1811,2003,6565136.0,54630.0,2.2821919999999998,-2.0985150000000004,DEU,THA,9022
2229991,64,216,1811,2003,39170.0,114780.0,1.309564,1.245596,DNK,THA,9022
2229992,71,216,1811,2003,37601.0,4302.0,0.960684,2.074792,ESP,THA,9022
2229993,74,216,1811,2003,169652.0,0.0,2.077889,0.942501,FIN,THA,9022
2229994,77,216,1811,2003,431088.0,1657.0,1.606606,0.7394149999999999,FRA,THA,9022
2229995,81,216,1811,2003,919612.0,19631.0,1.8712540000000002,0.706205,GBR,THA,9022
2229996,90,216,1811,2003,5428.0,0.0,0.364688,1.4823959999999998,GRC,THA,9022
2229997,97,216,1811,2003,5857.0,0.0,0.494569,2.147062,HKG,THA,9022
2229998,103,216,1811,2003,9639.0,9759.0,-0.16802,1.7252990000000001,IDN,THA,9022
