839999,47,111,1410,2001.0,0.0,10620.0,-1.5108190000000001,-1.277465,COG,ITA,8942
840000,49,111,1410,2001.0,200950.0,210582.0,0.3378,0.479951,COL,ITA,8942
840001,51,111,1410,2001.0,0.0,7901.0,-0.016933,-0.340938,CPV,ITA,8942
840002,52,111,1410,2001.0,0.0,255576.0,0.07408200000000001,0.126368,CRI,ITA,8942
840003,54,111,1410,2001.0,0.0,1706814.0,-0.889919,-1.137994,CUB,ITA,8942
840004,58,111,1410,2001.0,11882.0,1111131.0,0.30700500000000003,0.258726,CYP,ITA,8942
840005,59,111,1410,2001.0,2004956.0,10914942.0,1.56908,0.860384,CZE,ITA,8942
840006,61,111,1410,2001.0,74527344.0,53737512.0,2.335872,-2.09875,DEU,ITA,8942
840007,62,111,1410,2001.0,0.0,12626.0,0.0005070000000000001,0.229221,DJI,ITA,8942
840008,64,111,1410,2001.0,3144977.0,4417316.0,1.356327,1.3288309999999999,DNK,ITA,8942
840009,65,111,1410,2001.0,2077.0,389252.0,-0.55896,-0.517513,DOM,ITA,8942
840010,66,111,1410,2001.0,0.0,201125.0,-0.9852559999999999,-1.245285,DZA,ITA,8942
840011,67,111,1410,2001.0,6388.0,404001.0,-0.8668389999999999,-0.891943,ECU,ITA,8942
840012,68,111,1410,2001.0,12224.0,1006294.0,-0.346794,0.431229,EGY,ITA,8942
840013,69,111,1410,2001.0,0.0,9632.0,0.6595949999999999,-0.09829500000000001,ERI,ITA,8942
840014,71,111,1410,2001.0,39967180.0,22793034.0,1.1380350000000001,1.7870139999999999,ESP,ITA,8942
840015,72,111,1410,2001.0,8076.0,451831.0,0.53422,0.9372790000000001,EST,ITA,8942
840016,73,111,1410,2001.0,0.0,62796.0,-1.010637,-0.8893280000000001,ETH,ITA,8942
840017,74,111,1410,2001.0,249418.0,1448642.0,1.9661669999999998,1.000436,FIN,ITA,8942
840018,77,111,1410,2001.0,34584148.0,71815440.0,1.6143809999999998,0.626221,FRA,ITA,8942
840019,78,111,1410,2001.0,0.0,3389.0,-0.945048,-0.9974049999999999,FRO,ITA,8942
840020,80,111,1410,2001.0,0.0,25690.0,-1.603078,-1.308825,GAB,ITA,8942
840021,81,111,1410,2001.0,33291006.0,32299732.0,2.1068439999999997,0.658575,GBR,ITA,8942
840022,82,111,1410,2001.0,0.0,24446.0,0.063126,-0.285493,GEO,ITA,8942
840023,83,111,1410,2001.0,0.0,36323.0,-0.7818689999999999,-0.645878,GHA,ITA,8942
840024,90,111,1410,2001.0,1590260.0,12424322.0,0.338607,1.506593,GRC,ITA,8942
840025,93,111,1410,2001.0,1050.0,92257.0,-0.43618199999999996,0.135535,GTM,ITA,8942
840026,97,111,1410,2001.0,7789158.0,3065418.0,0.639538,1.5157610000000001,HKG,ITA,8942
840027,99,111,1410,2001.0,8755.0,79116.0,-0.6886899999999999,-0.49161400000000005,HND,ITA,8942
840028,100,111,1410,2001.0,1543340.0,8607849.0,0.6315729999999999,1.169338,HRV,ITA,8942
840029,102,111,1410,2001.0,9883013.0,21147092.0,1.069245,1.2217069999999999,HUN,ITA,8942
840030,103,111,1410,2001.0,4403804.0,529597.0,0.039233,1.780659,IDN,ITA,8942
840031,104,111,1410,2001.0,555688.0,152916.0,0.382444,2.538934,IND,ITA,8942
840032,106,111,1410,2001.0,2503402.0,1772205.0,1.751955,0.210628,IRL,ITA,8942
840033,107,111,1410,2001.0,0.0,26443.0,-0.973691,-1.05654,IRN,ITA,8942
840034,109,111,1410,2001.0,0.0,182944.0,0.049756,-0.496962,ISL,ITA,8942
840035,110,111,1410,2001.0,843131.0,3706891.0,1.17675,0.900401,ISR,ITA,8942
840036,113,111,1410,2001.0,0.0,148974.0,0.5404760000000001,0.8497170000000001,JOR,ITA,8942
840037,114,111,1410,2001.0,8536081.0,3810121.0,2.674032,0.445636,JPN,ITA,8942
840038,115,111,1410,2001.0,0.0,67203.0,-0.05773,-0.44668500000000005,KAZ,ITA,8942
840039,116,111,1410,2001.0,0.0,40817.0,-0.533651,0.072611,KEN,ITA,8942
840040,117,111,1410,2001.0,0.0,6970.0,0.125827,0.431141,KGZ,ITA,8942
840041,121,111,1410,2001.0,2692356.0,1062562.0,1.436204,0.917057,KOR,ITA,8942
840042,122,111,1410,2001.0,0.0,709243.0,-0.695801,-1.225701,KWT,ITA,8942
840043,123,111,1410,2001.0,0.0,4316.0,-0.922693,-1.056163,LAO,ITA,8942
840044,124,111,1410,2001.0,4030.0,1407844.0,0.09267,0.97731,LBN,ITA,8942
840045,126,111,1410,2001.0,0.0,175113.0,-0.9461450000000001,-1.242884,LBY,ITA,8942
840046,128,111,1410,2001.0,803062.0,3694.0,-0.43381000000000003,0.057630999999999995,LKA,ITA,8942
840047,130,111,1410,2001.0,7594.0,633476.0,0.21069699999999997,0.720384,LTU,ITA,8942
840048,131,111,1410,2001.0,1184480.0,1436752.0,1.326753,1.2069530000000002,LUX,ITA,8942
840049,132,111,1410,2001.0,23691.0,621834.0,0.31652600000000003,0.523927,LVA,ITA,8942
840050,134,111,1410,2001.0,2681.0,820723.0,-0.616006,-0.340127,MAR,ITA,8942
840051,135,111,1410,2001.0,17787.0,15539.0,0.12110699999999999,0.159706,MDA,ITA,8942
840052,136,111,1410,2001.0,31290.0,8136.0,-1.0624850000000001,-0.695873,MDG,ITA,8942
840053,137,111,1410,2001.0,0.0,9678.0,-0.957807,-1.0006030000000001,MDV,ITA,8942
840054,138,111,1410,2001.0,518719.0,3999318.0,1.088661,0.680197,MEX,ITA,8942
840055,140,111,1410,2001.0,0.0,193565.0,0.085844,0.413947,MKD,ITA,8942
840056,141,111,1410,2001.0,2042.0,17458.0,-0.176802,-0.408531,MLI,ITA,8942
840057,142,111,1410,2001.0,27272.0,840519.0,1.048708,-0.04453,MLT,ITA,8942
840058,148,111,1410,2001.0,0.0,4163.0,-1.112149,-1.292716,MRT,ITA,8942
840059,151,111,1410,2001.0,8028.0,18839.0,-0.304271,-0.589387,MUS,ITA,8942
840060,153,111,1410,2001.0,1976636.0,132942.0,0.894191,0.310677,MYS,ITA,8942
840061,154,111,1410,2001.0,0.0,1587.0,1.9170209999999999,0.08771799999999999,MYT,ITA,8942
840062,155,111,1410,2001.0,0.0,27292.0,-0.536003,-0.7165590000000001,NAM,ITA,8942
840063,156,111,1410,2001.0,0.0,63870.0,-0.523924,-0.9363049999999999,NCL,ITA,8942
840064,157,111,1410,2001.0,0.0,3333.0,-0.674176,-0.627373,NER,ITA,8942
840065,159,111,1410,2001.0,0.0,798274.0,-1.9085759999999998,-1.335279,NGA,ITA,8942
840066,162,111,1410,2001.0,117532440.0,20323080.0,1.299569,1.487015,NLD,ITA,8942
840067,163,111,1410,2001.0,410127.0,1599693.0,0.542366,-0.180336,NOR,ITA,8942
840068,164,111,1410,2001.0,9272.0,0.0,-0.34213699999999997,0.100496,NPL,ITA,8942
840069,166,111,1410,2001.0,24521.0,400719.0,0.220307,0.689625,NZL,ITA,8942
840070,167,111,1410,2001.0,0.0,52568.0,-1.4727729999999999,-1.329588,OMN,ITA,8942
840071,168,111,1410,2001.0,7766.0,25494.0,-0.741053,-0.41444,PAK,ITA,8942
840072,169,111,1410,2001.0,0.0,413934.0,0.17863800000000002,0.440159,PAN,ITA,8942
840073,173,111,1410,2001.0,148837.0,176099.0,-0.318071,0.116602,PER,ITA,8942
840074,174,111,1410,2001.0,1691139.0,148340.0,0.153601,-0.174218,PHL,ITA,8942
840075,177,111,1410,2001.0,1129927.0,16278894.0,0.983238,1.7436209999999999,POL,ITA,8942
840076,178,111,1410,2001.0,31534.0,6301.0,0.7188640000000001,1.101559,PRK,ITA,8942
840077,179,111,1410,2001.0,441370.0,5794708.0,0.688736,1.326716,PRT,ITA,8942
840078,180,111,1410,2001.0,0.0,62735.0,-0.7430220000000001,-0.8668540000000001,PRY,ITA,8942
840079,181,111,1410,2001.0,16347.0,0.0,0.8021159999999999,0.278831,PSE,ITA,8942
840080,182,111,1410,2001.0,0.0,100152.0,0.055376,-0.762668,PYF,ITA,8942
840081,183,111,1410,2001.0,0.0,449799.0,-0.282283,-1.136895,QAT,ITA,8942
840082,185,111,1410,2001.0,19704688.0,19265386.0,0.465168,1.1029129999999998,ROU,ITA,8942
840083,186,111,1410,2001.0,285756.0,6887332.0,0.546271,0.195872,RUS,ITA,8942
840084,188,111,1410,2001.0,18931.0,2514667.0,0.078887,-0.9764430000000001,SAU,ITA,8942
840085,189,111,1410,2001.0,2018.0,3522508.0,0.38765,2.769588,SCG,ITA,8942
840086,190,111,1410,2001.0,0.0,2912.0,-1.7142950000000001,-1.341016,SDN,ITA,8942
840087,191,111,1410,2001.0,0.0,47467.0,-0.570156,-0.560573,SEN,ITA,8942
840088,192,111,1410,2001.0,25920.0,577052.0,1.587064,0.639626,SGP,ITA,8942
840089,196,111,1410,2001.0,0.0,3546.0,0.262953,0.30432800000000004,SLE,ITA,8942
840090,197,111,1410,2001.0,0.0,45903.0,-0.123958,-0.103849,SLV,ITA,8942
840091,200,111,1410,2001.0,0.0,14618.0,-0.17763800000000002,-0.9136620000000001,SPM,ITA,8942
840092,205,111,1410,2001.0,0.0,1812.0,-0.7622359999999999,-0.790158,SUR,ITA,8942
840093,206,111,1410,2001.0,2757080.0,1370982.0,1.310591,1.195523,SVK,ITA,8942
840094,207,111,1410,2001.0,1762572.0,5890114.0,1.488089,1.0928360000000001,SVN,ITA,8942
840095,208,111,1410,2001.0,556138.0,2897892.0,2.01685,0.8233159999999999,SWE,ITA,8942
840096,209,111,1410,2001.0,0.0,2201.0,0.31004299999999996,-0.21159499999999998,SWZ,ITA,8942
840097,211,111,1410,2001.0,0.0,8102.0,-0.40370700000000004,-0.9052620000000001,SYC,ITA,8942
840098,212,111,1410,2001.0,0.0,340133.0,-1.138774,-0.839648,SYR,ITA,8942
840099,216,111,1410,2001.0,3570529.0,184739.0,0.49264600000000003,1.493471,THA,ITA,8942
840100,219,111,1410,2001.0,0.0,67603.0,-0.8917290000000001,-1.226342,TKM,ITA,8942
840101,222,111,1410,2001.0,0.0,11637.0,0.265201,-0.602807,TTO,ITA,8942
840102,223,111,1410,2001.0,1030584.0,837220.0,0.054524,0.26892699999999997,TUN,ITA,8942
840103,224,111,1410,2001.0,185101.0,1029768.0,0.168219,1.989011,TUR,ITA,8942
840104,226,111,1410,2001.0,0.0,14506.0,-1.227071,-0.489829,TZA,ITA,8942
840105,228,111,1410,2001.0,148154.0,2075143.0,0.642888,1.267971,UKR,ITA,8942
840106,230,111,1410,2001.0,1820.0,755831.0,0.192313,0.401841,URY,ITA,8942
840107,231,111,1410,2001.0,12427169.0,42369460.0,1.96615,-0.12332699999999999,USA,ITA,8942
840108,232,111,1410,2001.0,0.0,29631.0,-0.395015,-0.7717649999999999,UZB,ITA,8942
840109,236,111,1410,2001.0,29865.0,1715741.0,-0.013877,-0.8582690000000001,VEN,ITA,8942
840110,237,111,1410,2001.0,0.0,2155.0,0.5442279999999999,-0.228149,VGB,ITA,8942
840111,239,111,1410,2001.0,2115789.0,58590.0,-0.533978,0.503988,VNM,ITA,8942
840112,243,111,1410,2001.0,0.0,8578.0,-1.658584,-1.354606,YEM,ITA,8942
840113,246,111,1410,2001.0,16621.0,479678.0,0.249833,2.1142950000000003,ZAF,ITA,8942
840114,248,111,1410,2001.0,0.0,5591.0,-0.663155,-0.212796,ZWE,ITA,8942
840115,249,111,1410,2001.0,6090193.0,782818.0,1.7270020000000001,1.252843,TWN,ITA,8942
840116,250,111,1410,2001.0,0.0,759536.0,0.947105,-0.529946,ANS,ITA,8942
840117,6,112,1410,2001.0,76348.0,0.0,-0.17823699999999998,-0.814499,ANT,JAM,8942
840118,13,112,1410,2001.0,0.0,1891.0,-0.178808,-0.795151,ATG,JAM,8942
840119,15,112,1410,2001.0,0.0,1782.0,1.8987740000000002,0.45922700000000005,AUT,JAM,8942
840120,29,112,1410,2001.0,0.0,1051.0,-0.356917,-0.73121,BLZ,JAM,8942
840121,32,112,1410,2001.0,4433.0,0.0,0.658473,1.328637,BRA,JAM,8942
840122,33,112,1410,2001.0,0.0,3465.0,0.418462,-0.020000999999999998,BRB,JAM,8942
840123,39,112,1410,2001.0,16554.0,0.0,0.8899729999999999,1.3778299999999999,CAN,JAM,8942
840124,43,112,1410,2001.0,914596.0,0.0,0.535502,2.28778,CHN,JAM,8942
840125,49,112,1410,2001.0,1042.0,0.0,0.3378,0.479951,COL,JAM,8942
840126,57,112,1410,2001.0,0.0,1204.0,0.421799,-0.713411,CYM,JAM,8942
840127,61,112,1410,2001.0,1844.0,0.0,2.335872,-2.09875,DEU,JAM,8942
840128,63,112,1410,2001.0,24920.0,2304.0,0.573546,0.326301,DMA,JAM,8942
840129,71,112,1410,2001.0,2804.0,0.0,1.1380350000000001,1.7870139999999999,ESP,JAM,8942
840130,81,112,1410,2001.0,254623.0,0.0,2.1068439999999997,0.658575,GBR,JAM,8942
840131,97,112,1410,2001.0,340034.0,0.0,0.639538,1.5157610000000001,HKG,JAM,8942
840132,103,112,1410,2001.0,1776.0,0.0,0.039233,1.780659,IDN,JAM,8942
840133,110,112,1410,2001.0,1121.0,0.0,1.17675,0.900401,ISR,JAM,8942
840134,121,112,1410,2001.0,0.0,4770.0,1.436204,0.917057,KOR,JAM,8942
840135,127,112,1410,2001.0,0.0,2977.0,0.064826,-0.521713,LCA,JAM,8942
840136,138,112,1410,2001.0,23024.0,0.0,1.088661,0.680197,MEX,JAM,8942
840137,169,112,1410,2001.0,162231.0,0.0,0.17863800000000002,0.440159,PAN,JAM,8942
840138,208,112,1410,2001.0,1928.0,0.0,2.01685,0.8233159999999999,SWE,JAM,8942
840139,222,112,1410,2001.0,43407.0,10128.0,0.265201,-0.602807,TTO,JAM,8942
840140,231,112,1410,2001.0,1185792.0,40857.0,1.96615,-0.12332699999999999,USA,JAM,8942
840141,246,112,1410,2001.0,4095.0,0.0,0.249833,2.1142950000000003,ZAF,JAM,8942
840142,249,112,1410,2001.0,63274.0,0.0,1.7270020000000001,1.252843,TWN,JAM,8942
840143,250,112,1410,2001.0,138626.0,0.0,0.947105,-0.529946,ANS,JAM,8942
840144,5,114,1410,2001.0,0.0,230587.0,0.874555,0.75456,AND,JPN,8942
840145,6,114,1410,2001.0,3004.0,0.0,-0.17823699999999998,-0.814499,ANT,JPN,8942
840146,7,114,1410,2001.0,7764.0,3315886.0,-0.217259,-0.613042,ARE,JPN,8942
840147,8,114,1410,2001.0,4428.0,1249170.0,0.11289,0.916845,ARG,JPN,8942
840148,9,114,1410,2001.0,0.0,1841.0,0.62364,0.172704,ARM,JPN,8942
840149,14,114,1410,2001.0,847893.0,25969338.0,-0.12189000000000001,0.7281770000000001,AUS,JPN,8942
840150,15,114,1410,2001.0,938040.0,2541798.0,1.8987740000000002,0.45922700000000005,AUT,JPN,8942
840151,16,114,1410,2001.0,0.0,12136.0,-0.613283,-0.949908,AZE,JPN,8942
840152,18,114,1410,2001.0,20116466.0,4265096.0,1.425483,1.3072409999999999,BEL,JPN,8942
840153,22,114,1410,2001.0,2166.0,1537.0,-0.799988,-1.061584,BGD,JPN,8942
840154,23,114,1410,2001.0,3829.0,59960.0,0.46429799999999993,1.7500380000000002,BGR,JPN,8942
840155,24,114,1410,2001.0,0.0,45559.0,-0.11648499999999999,-1.101653,BHR,JPN,8942
840156,25,114,1410,2001.0,4207.0,0.0,0.37464899999999995,-0.130024,BHS,JPN,8942
840157,28,114,1410,2001.0,5998.0,1029.0,0.78008,1.232713,BLR,JPN,8942
840158,31,114,1410,2001.0,5127.0,24523.0,-0.614885,-0.5022770000000001,BOL,JPN,8942
840159,32,114,1410,2001.0,42732.0,3026093.0,0.658473,1.328637,BRA,JPN,8942
840160,33,114,1410,2001.0,0.0,3666.0,0.418462,-0.020000999999999998,BRB,JPN,8942
840161,34,114,1410,2001.0,0.0,46525.0,-0.38253899999999996,-0.904789,BRN,JPN,8942
840162,39,114,1410,2001.0,1453727.0,62687340.0,0.8899729999999999,1.3778299999999999,CAN,JPN,8942
840163,41,114,1410,2001.0,5593294.0,3015809.0,2.161588,0.8069890000000001,CHE,JPN,8942
840164,42,114,1410,2001.0,5271.0,1063245.0,-0.148124,0.074033,CHL,JPN,8942
840165,43,114,1410,2001.0,972844544.0,21230146.0,0.535502,2.28778,CHN,JPN,8942
840166,45,114,1410,2001.0,0.0,9965.0,-1.4692049999999999,-1.251498,CMR,JPN,8942
840167,47,114,1410,2001.0,6575.0,0.0,-1.5108190000000001,-1.277465,COG,JPN,8942
840168,49,114,1410,2001.0,146033.0,874610.0,0.3378,0.479951,COL,JPN,8942
840169,52,114,1410,2001.0,0.0,43999.0,0.07408200000000001,0.126368,CRI,JPN,8942
840170,57,114,1410,2001.0,0.0,24095.0,0.421799,-0.713411,CYM,JPN,8942
840171,58,114,1410,2001.0,0.0,497761.0,0.30700500000000003,0.258726,CYP,JPN,8942
840172,59,114,1410,2001.0,598180.0,2387694.0,1.56908,0.860384,CZE,JPN,8942
840173,61,114,1410,2001.0,16722156.0,256059856.0,2.335872,-2.09875,DEU,JPN,8942
840174,63,114,1410,2001.0,2018.0,44653.0,0.573546,0.326301,DMA,JPN,8942
840175,64,114,1410,2001.0,13186692.0,3620878.0,1.356327,1.3288309999999999,DNK,JPN,8942
840176,65,114,1410,2001.0,1973.0,115658.0,-0.55896,-0.517513,DOM,JPN,8942
840177,66,114,1410,2001.0,0.0,14064.0,-0.9852559999999999,-1.245285,DZA,JPN,8942
840178,67,114,1410,2001.0,0.0,126444.0,-0.8668389999999999,-0.891943,ECU,JPN,8942
840179,68,114,1410,2001.0,1447.0,389980.0,-0.346794,0.431229,EGY,JPN,8942
840180,71,114,1410,2001.0,2373082.0,47325432.0,1.1380350000000001,1.7870139999999999,ESP,JPN,8942
840181,72,114,1410,2001.0,31858.0,260988.0,0.53422,0.9372790000000001,EST,JPN,8942
840182,73,114,1410,2001.0,0.0,3334.0,-1.010637,-0.8893280000000001,ETH,JPN,8942
840183,74,114,1410,2001.0,285730.0,472527.0,1.9661669999999998,1.000436,FIN,JPN,8942
840184,77,114,1410,2001.0,3188707.0,127980024.0,1.6143809999999998,0.626221,FRA,JPN,8942
840185,78,114,1410,2001.0,0.0,15226.0,-0.945048,-0.9974049999999999,FRO,JPN,8942
840186,80,114,1410,2001.0,0.0,5770.0,-1.603078,-1.308825,GAB,JPN,8942
840187,81,114,1410,2001.0,8958707.0,103385648.0,2.1068439999999997,0.658575,GBR,JPN,8942
840188,82,114,1410,2001.0,8991.0,0.0,0.063126,-0.285493,GEO,JPN,8942
840189,85,114,1410,2001.0,0.0,1075.0,-1.2887950000000001,-1.195448,GIN,JPN,8942
840190,90,114,1410,2001.0,165366.0,663141.0,0.338607,1.506593,GRC,JPN,8942
840191,93,114,1410,2001.0,3428.0,35299.0,-0.43618199999999996,0.135535,GTM,JPN,8942
840192,95,114,1410,2001.0,1805.0,30659.0,-0.525971,-0.999035,GUM,JPN,8942
840193,97,114,1410,2001.0,55505000.0,437989024.0,0.639538,1.5157610000000001,HKG,JPN,8942
840194,99,114,1410,2001.0,0.0,4196.0,-0.6886899999999999,-0.49161400000000005,HND,JPN,8942
840195,100,114,1410,2001.0,0.0,211772.0,0.6315729999999999,1.169338,HRV,JPN,8942
840196,102,114,1410,2001.0,749287.0,271970.0,1.069245,1.2217069999999999,HUN,JPN,8942
840197,103,114,1410,2001.0,4778004.0,1160363.0,0.039233,1.780659,IDN,JPN,8942
840198,104,114,1410,2001.0,247266.0,250802.0,0.382444,2.538934,IND,JPN,8942
840199,106,114,1410,2001.0,150394.0,1000815.0,1.751955,0.210628,IRL,JPN,8942
840200,107,114,1410,2001.0,6047.0,33368.0,-0.973691,-1.05654,IRN,JPN,8942
840201,109,114,1410,2001.0,2018.0,205496.0,0.049756,-0.496962,ISL,JPN,8942
840202,110,114,1410,2001.0,115551.0,262362.0,1.17675,0.900401,ISR,JPN,8942
840203,111,114,1410,2001.0,3810121.0,8536081.0,1.488545,0.8410610000000001,ITA,JPN,8942
840204,113,114,1410,2001.0,0.0,219381.0,0.5404760000000001,0.8497170000000001,JOR,JPN,8942
840205,115,114,1410,2001.0,0.0,37518.0,-0.05773,-0.44668500000000005,KAZ,JPN,8942
840206,116,114,1410,2001.0,0.0,3614.0,-0.533651,0.072611,KEN,JPN,8942
840207,118,114,1410,2001.0,0.0,387431.0,-0.8596729999999999,-1.1214979999999999,KHM,JPN,8942
840208,121,114,1410,2001.0,46713564.0,31686730.0,1.436204,0.917057,KOR,JPN,8942
840209,122,114,1410,2001.0,0.0,267227.0,-0.695801,-1.225701,KWT,JPN,8942
840210,124,114,1410,2001.0,0.0,705533.0,0.09267,0.97731,LBN,JPN,8942
840211,128,114,1410,2001.0,341230.0,0.0,-0.43381000000000003,0.057630999999999995,LKA,JPN,8942
840212,130,114,1410,2001.0,0.0,44014.0,0.21069699999999997,0.720384,LTU,JPN,8942
840213,131,114,1410,2001.0,100039.0,3791988.0,1.326753,1.2069530000000002,LUX,JPN,8942
840214,132,114,1410,2001.0,0.0,2418.0,0.31652600000000003,0.523927,LVA,JPN,8942
840215,133,114,1410,2001.0,109710.0,1729171.0,-0.250517,-0.589391,MAC,JPN,8942
840216,134,114,1410,2001.0,9161.0,74010.0,-0.616006,-0.340127,MAR,JPN,8942
840217,136,114,1410,2001.0,3312.0,5995.0,-1.0624850000000001,-0.695873,MDG,JPN,8942
840218,138,114,1410,2001.0,3475392.0,1814925.0,1.088661,0.680197,MEX,JPN,8942
840219,142,114,1410,2001.0,667199.0,1019749.0,1.048708,-0.04453,MLT,JPN,8942
840220,143,114,1410,2001.0,0.0,398578.0,-1.284563,-1.021743,MMR,JPN,8942
840221,145,114,1410,2001.0,0.0,2281.0,-0.619765,-0.967515,MNG,JPN,8942
840222,146,114,1410,2001.0,0.0,11974.0,-0.295507,-0.8682780000000001,MNP,JPN,8942
840223,151,114,1410,2001.0,30047.0,85266.0,-0.304271,-0.589387,MUS,JPN,8942
840224,153,114,1410,2001.0,2145307.0,3325188.0,0.894191,0.310677,MYS,JPN,8942
840225,154,114,1410,2001.0,0.0,29948.0,1.9170209999999999,0.08771799999999999,MYT,JPN,8942
840226,155,114,1410,2001.0,12661.0,0.0,-0.536003,-0.7165590000000001,NAM,JPN,8942
840227,156,114,1410,2001.0,65548.0,295774.0,-0.523924,-0.9363049999999999,NCL,JPN,8942
840228,160,114,1410,2001.0,0.0,70680.0,-0.865941,-0.617108,NIC,JPN,8942
840229,162,114,1410,2001.0,2897475.0,203549440.0,1.299569,1.487015,NLD,JPN,8942
840230,163,114,1410,2001.0,41572.0,1373635.0,0.542366,-0.180336,NOR,JPN,8942
840231,164,114,1410,2001.0,19678.0,0.0,-0.34213699999999997,0.100496,NPL,JPN,8942
840232,166,114,1410,2001.0,249991.0,2171858.0,0.220307,0.689625,NZL,JPN,8942
840233,167,114,1410,2001.0,0.0,60181.0,-1.4727729999999999,-1.329588,OMN,JPN,8942
840234,168,114,1410,2001.0,3265.0,90709.0,-0.741053,-0.41444,PAK,JPN,8942
840235,169,114,1410,2001.0,0.0,16076.0,0.17863800000000002,0.440159,PAN,JPN,8942
840236,173,114,1410,2001.0,278625.0,562800.0,-0.318071,0.116602,PER,JPN,8942
840237,174,114,1410,2001.0,13274096.0,2710609.0,0.153601,-0.174218,PHL,JPN,8942
840238,175,114,1410,2001.0,0.0,4941.0,-0.55548,-0.988116,PLW,JPN,8942
840239,176,114,1410,2001.0,0.0,5527.0,-1.2970270000000002,-1.1991209999999999,PNG,JPN,8942
840240,177,114,1410,2001.0,121205.0,876992.0,0.983238,1.7436209999999999,POL,JPN,8942
840241,178,114,1410,2001.0,1931.0,1500.0,0.7188640000000001,1.101559,PRK,JPN,8942
840242,179,114,1410,2001.0,246633.0,1100932.0,0.688736,1.326716,PRT,JPN,8942
840243,180,114,1410,2001.0,0.0,909908.0,-0.7430220000000001,-0.8668540000000001,PRY,JPN,8942
840244,182,114,1410,2001.0,0.0,79299.0,0.055376,-0.762668,PYF,JPN,8942
840245,183,114,1410,2001.0,0.0,116744.0,-0.282283,-1.136895,QAT,JPN,8942
840246,185,114,1410,2001.0,226247.0,13448.0,0.465168,1.1029129999999998,ROU,JPN,8942
840247,186,114,1410,2001.0,170038.0,1085400.0,0.546271,0.195872,RUS,JPN,8942
840248,187,114,1410,2001.0,0.0,2947.0,-1.043415,-0.9686870000000001,RWA,JPN,8942
840249,188,114,1410,2001.0,0.0,1739075.0,0.078887,-0.9764430000000001,SAU,JPN,8942
840250,189,114,1410,2001.0,0.0,4683.0,0.38765,2.769588,SCG,JPN,8942
840251,190,114,1410,2001.0,0.0,6638.0,-1.7142950000000001,-1.341016,SDN,JPN,8942
840252,191,114,1410,2001.0,0.0,1293.0,-0.570156,-0.560573,SEN,JPN,8942
840253,192,114,1410,2001.0,1152762.0,12976495.0,1.587064,0.639626,SGP,JPN,8942
840254,195,114,1410,2001.0,1800.0,0.0,-0.5235810000000001,-0.796198,SLB,JPN,8942
840255,197,114,1410,2001.0,0.0,4915.0,-0.123958,-0.103849,SLV,JPN,8942
840256,206,114,1410,2001.0,254457.0,449042.0,1.310591,1.195523,SVK,JPN,8942
840257,207,114,1410,2001.0,0.0,133464.0,1.488089,1.0928360000000001,SVN,JPN,8942
840258,208,114,1410,2001.0,1078718.0,3385603.0,2.01685,0.8233159999999999,SWE,JPN,8942
840259,216,114,1410,2001.0,46240844.0,4752610.0,0.49264600000000003,1.493471,THA,JPN,8942
840260,219,114,1410,2001.0,0.0,3294.0,-0.8917290000000001,-1.226342,TKM,JPN,8942
840261,222,114,1410,2001.0,0.0,3613.0,0.265201,-0.602807,TTO,JPN,8942
840262,223,114,1410,2001.0,0.0,120028.0,0.054524,0.26892699999999997,TUN,JPN,8942
840263,224,114,1410,2001.0,3314.0,2390785.0,0.168219,1.989011,TUR,JPN,8942
840264,228,114,1410,2001.0,71913.0,74336.0,0.642888,1.267971,UKR,JPN,8942
840265,230,114,1410,2001.0,0.0,193501.0,0.192313,0.401841,URY,JPN,8942
840266,231,114,1410,2001.0,122156840.0,2384891392.0,1.96615,-0.12332699999999999,USA,JPN,8942
840267,236,114,1410,2001.0,0.0,2771291.0,-0.013877,-0.8582690000000001,VEN,JPN,8942
840268,239,114,1410,2001.0,4830200.0,505249.0,-0.533978,0.503988,VNM,JPN,8942
840269,241,114,1410,2001.0,0.0,3980.0,0.658042,-0.734101,WLF,JPN,8942
840270,246,114,1410,2001.0,11488.0,1629072.0,0.249833,2.1142950000000003,ZAF,JPN,8942
840271,249,114,1410,2001.0,40007068.0,31869692.0,1.7270020000000001,1.252843,TWN,JPN,8942
840272,4,121,1410,2001.0,0.0,14054.0,-0.137138,0.120093,ALB,KOR,8942
840273,5,121,1410,2001.0,0.0,14653.0,0.874555,0.75456,AND,KOR,8942
840274,7,121,1410,2001.0,6406.0,2336154.0,-0.217259,-0.613042,ARE,KOR,8942
840275,8,121,1410,2001.0,0.0,262369.0,0.11289,0.916845,ARG,KOR,8942
840276,9,121,1410,2001.0,0.0,72770.0,0.62364,0.172704,ARM,KOR,8942
840277,14,121,1410,2001.0,154495.0,3094086.0,-0.12189000000000001,0.7281770000000001,AUS,KOR,8942
840278,15,121,1410,2001.0,740729.0,520538.0,1.8987740000000002,0.45922700000000005,AUT,KOR,8942
840279,18,121,1410,2001.0,443019.0,207086.0,1.425483,1.3072409999999999,BEL,KOR,8942
840280,19,121,1410,2001.0,0.0,3231.0,-0.9032530000000001,-0.8979590000000001,BEN,KOR,8942
840281,22,121,1410,2001.0,0.0,17146.0,-0.799988,-1.061584,BGD,KOR,8942
840282,23,121,1410,2001.0,0.0,2253.0,0.46429799999999993,1.7500380000000002,BGR,KOR,8942
840283,24,121,1410,2001.0,0.0,60406.0,-0.11648499999999999,-1.101653,BHR,KOR,8942
840284,30,121,1410,2001.0,0.0,16002.0,1.070437,-0.50948,BMU,KOR,8942
840285,31,121,1410,2001.0,0.0,51899.0,-0.614885,-0.5022770000000001,BOL,KOR,8942
840286,32,121,1410,2001.0,0.0,818261.0,0.658473,1.328637,BRA,KOR,8942
840287,34,121,1410,2001.0,0.0,36837.0,-0.38253899999999996,-0.904789,BRN,KOR,8942
840288,39,121,1410,2001.0,165309.0,3478568.0,0.8899729999999999,1.3778299999999999,CAN,KOR,8942
840289,41,121,1410,2001.0,2635596.0,2391427.0,2.161588,0.8069890000000001,CHE,KOR,8942
840290,42,121,1410,2001.0,0.0,384844.0,-0.148124,0.074033,CHL,KOR,8942
840291,43,121,1410,2001.0,75239192.0,43728924.0,0.535502,2.28778,CHN,KOR,8942
840292,45,121,1410,2001.0,0.0,2366.0,-1.4692049999999999,-1.251498,CMR,KOR,8942
840293,49,121,1410,2001.0,0.0,392593.0,0.3378,0.479951,COL,KOR,8942
840294,52,121,1410,2001.0,0.0,85822.0,0.07408200000000001,0.126368,CRI,KOR,8942
840295,58,121,1410,2001.0,13584.0,100879.0,0.30700500000000003,0.258726,CYP,KOR,8942
840296,59,121,1410,2001.0,102016.0,105672.0,1.56908,0.860384,CZE,KOR,8942
840297,61,121,1410,2001.0,2880883.0,7126176.0,2.335872,-2.09875,DEU,KOR,8942
840298,64,121,1410,2001.0,1442475.0,1143152.0,1.356327,1.3288309999999999,DNK,KOR,8942
840299,65,121,1410,2001.0,0.0,26546.0,-0.55896,-0.517513,DOM,KOR,8942
840300,67,121,1410,2001.0,3624.0,243167.0,-0.8668389999999999,-0.891943,ECU,KOR,8942
840301,68,121,1410,2001.0,34766.0,364425.0,-0.346794,0.431229,EGY,KOR,8942
840302,71,121,1410,2001.0,430504.0,1317420.0,1.1380350000000001,1.7870139999999999,ESP,KOR,8942
840303,72,121,1410,2001.0,0.0,4079.0,0.53422,0.9372790000000001,EST,KOR,8942
840304,73,121,1410,2001.0,0.0,1370.0,-1.010637,-0.8893280000000001,ETH,KOR,8942
840305,74,121,1410,2001.0,60496.0,194351.0,1.9661669999999998,1.000436,FIN,KOR,8942
840306,77,121,1410,2001.0,579949.0,1034930.0,1.6143809999999998,0.626221,FRA,KOR,8942
840307,81,121,1410,2001.0,685361.0,3131256.0,2.1068439999999997,0.658575,GBR,KOR,8942
840308,82,121,1410,2001.0,0.0,8261.0,0.063126,-0.285493,GEO,KOR,8942
840309,90,121,1410,2001.0,68117.0,315772.0,0.338607,1.506593,GRC,KOR,8942
840310,93,121,1410,2001.0,1153.0,75913.0,-0.43618199999999996,0.135535,GTM,KOR,8942
840311,95,121,1410,2001.0,0.0,195936.0,-0.525971,-0.999035,GUM,KOR,8942
840312,97,121,1410,2001.0,12228600.0,10965402.0,0.639538,1.5157610000000001,HKG,KOR,8942
840313,100,121,1410,2001.0,0.0,13302.0,0.6315729999999999,1.169338,HRV,KOR,8942
840314,102,121,1410,2001.0,7232.0,95674.0,1.069245,1.2217069999999999,HUN,KOR,8942
840315,103,121,1410,2001.0,547542.0,4801824.0,0.039233,1.780659,IDN,KOR,8942
840316,104,121,1410,2001.0,14437.0,257439.0,0.382444,2.538934,IND,KOR,8942
840317,106,121,1410,2001.0,110016.0,92956.0,1.751955,0.210628,IRL,KOR,8942
840318,107,121,1410,2001.0,0.0,8904.0,-0.973691,-1.05654,IRN,KOR,8942
840319,109,121,1410,2001.0,0.0,19582.0,0.049756,-0.496962,ISL,KOR,8942
840320,110,121,1410,2001.0,726823.0,273138.0,1.17675,0.900401,ISR,KOR,8942
840321,111,121,1410,2001.0,1062562.0,2692356.0,1.488545,0.8410610000000001,ITA,KOR,8942
840322,112,121,1410,2001.0,4770.0,0.0,-0.562839,-0.9381510000000001,JAM,KOR,8942
840323,113,121,1410,2001.0,0.0,291151.0,0.5404760000000001,0.8497170000000001,JOR,KOR,8942
840324,114,121,1410,2001.0,31686730.0,46713564.0,2.674032,0.445636,JPN,KOR,8942
840325,115,121,1410,2001.0,0.0,18658.0,-0.05773,-0.44668500000000005,KAZ,KOR,8942
840326,118,121,1410,2001.0,0.0,4851.0,-0.8596729999999999,-1.1214979999999999,KHM,KOR,8942
840327,122,121,1410,2001.0,0.0,258885.0,-0.695801,-1.225701,KWT,KOR,8942
840328,123,121,1410,2001.0,86680.0,0.0,-0.922693,-1.056163,LAO,KOR,8942
840329,124,121,1410,2001.0,0.0,200630.0,0.09267,0.97731,LBN,KOR,8942
840330,126,121,1410,2001.0,0.0,3669.0,-0.9461450000000001,-1.242884,LBY,KOR,8942
840331,128,121,1410,2001.0,20237.0,845525.0,-0.43381000000000003,0.057630999999999995,LKA,KOR,8942
840332,130,121,1410,2001.0,0.0,33336.0,0.21069699999999997,0.720384,LTU,KOR,8942
840333,131,121,1410,2001.0,0.0,11171.0,1.326753,1.2069530000000002,LUX,KOR,8942
840334,133,121,1410,2001.0,0.0,12847.0,-0.250517,-0.589391,MAC,KOR,8942
840335,134,121,1410,2001.0,0.0,53612.0,-0.616006,-0.340127,MAR,KOR,8942
840336,135,121,1410,2001.0,0.0,2557.0,0.12110699999999999,0.159706,MDA,KOR,8942
840337,138,121,1410,2001.0,584279.0,3000799.0,1.088661,0.680197,MEX,KOR,8942
840338,142,121,1410,2001.0,0.0,6931.0,1.048708,-0.04453,MLT,KOR,8942
840339,143,121,1410,2001.0,0.0,2914.0,-1.284563,-1.021743,MMR,KOR,8942
840340,145,121,1410,2001.0,0.0,112657.0,-0.619765,-0.967515,MNG,KOR,8942
840341,147,121,1410,2001.0,0.0,1819.0,-1.476933,-1.253628,MOZ,KOR,8942
840342,151,121,1410,2001.0,0.0,6268.0,-0.304271,-0.589387,MUS,KOR,8942
840343,153,121,1410,2001.0,197505.0,1521727.0,0.894191,0.310677,MYS,KOR,8942
840344,156,121,1410,2001.0,3781.0,1149.0,-0.523924,-0.9363049999999999,NCL,KOR,8942
840345,159,121,1410,2001.0,0.0,45778.0,-1.9085759999999998,-1.335279,NGA,KOR,8942
840346,162,121,1410,2001.0,666511.0,8311025.0,1.299569,1.487015,NLD,KOR,8942
840347,163,121,1410,2001.0,2818.0,249208.0,0.542366,-0.180336,NOR,KOR,8942
840348,166,121,1410,2001.0,309305.0,435333.0,0.220307,0.689625,NZL,KOR,8942
840349,167,121,1410,2001.0,0.0,47045.0,-1.4727729999999999,-1.329588,OMN,KOR,8942
840350,168,121,1410,2001.0,0.0,404017.0,-0.741053,-0.41444,PAK,KOR,8942
840351,169,121,1410,2001.0,0.0,52699.0,0.17863800000000002,0.440159,PAN,KOR,8942
840352,173,121,1410,2001.0,0.0,95435.0,-0.318071,0.116602,PER,KOR,8942
840353,174,121,1410,2001.0,551079.0,4004585.0,0.153601,-0.174218,PHL,KOR,8942
840354,177,121,1410,2001.0,21419.0,199542.0,0.983238,1.7436209999999999,POL,KOR,8942
840355,179,121,1410,2001.0,0.0,114917.0,0.688736,1.326716,PRT,KOR,8942
840356,180,121,1410,2001.0,0.0,58998.0,-0.7430220000000001,-0.8668540000000001,PRY,KOR,8942
840357,182,121,1410,2001.0,0.0,3136.0,0.055376,-0.762668,PYF,KOR,8942
840358,183,121,1410,2001.0,0.0,134438.0,-0.282283,-1.136895,QAT,KOR,8942
840359,185,121,1410,2001.0,1319.0,19696.0,0.465168,1.1029129999999998,ROU,KOR,8942
840360,186,121,1410,2001.0,147100.0,5069874.0,0.546271,0.195872,RUS,KOR,8942
840361,188,121,1410,2001.0,23090.0,2679787.0,0.078887,-0.9764430000000001,SAU,KOR,8942
840362,189,121,1410,2001.0,0.0,11360.0,0.38765,2.769588,SCG,KOR,8942
840363,192,121,1410,2001.0,330848.0,1494284.0,1.587064,0.639626,SGP,KOR,8942
840364,197,121,1410,2001.0,0.0,27622.0,-0.123958,-0.103849,SLV,KOR,8942
840365,206,121,1410,2001.0,0.0,5076.0,1.310591,1.195523,SVK,KOR,8942
840366,207,121,1410,2001.0,0.0,36611.0,1.488089,1.0928360000000001,SVN,KOR,8942
840367,208,121,1410,2001.0,128030.0,720294.0,2.01685,0.8233159999999999,SWE,KOR,8942
840368,209,121,1410,2001.0,0.0,274486.0,0.31004299999999996,-0.21159499999999998,SWZ,KOR,8942
840369,212,121,1410,2001.0,0.0,7537.0,-1.138774,-0.839648,SYR,KOR,8942
840370,216,121,1410,2001.0,6046708.0,1585130.0,0.49264600000000003,1.493471,THA,KOR,8942
840371,219,121,1410,2001.0,0.0,31721.0,-0.8917290000000001,-1.226342,TKM,KOR,8942
840372,222,121,1410,2001.0,0.0,4658.0,0.265201,-0.602807,TTO,KOR,8942
840373,223,121,1410,2001.0,0.0,8804.0,0.054524,0.26892699999999997,TUN,KOR,8942
840374,224,121,1410,2001.0,1193.0,572320.0,0.168219,1.989011,TUR,KOR,8942
840375,226,121,1410,2001.0,0.0,28248.0,-1.227071,-0.489829,TZA,KOR,8942
840376,228,121,1410,2001.0,0.0,43534.0,0.642888,1.267971,UKR,KOR,8942
840377,230,121,1410,2001.0,0.0,82714.0,0.192313,0.401841,URY,KOR,8942
840378,231,121,1410,2001.0,19968382.0,95768176.0,1.96615,-0.12332699999999999,USA,KOR,8942
840379,232,121,1410,2001.0,0.0,522866.0,-0.395015,-0.7717649999999999,UZB,KOR,8942
840380,236,121,1410,2001.0,0.0,37595.0,-0.013877,-0.8582690000000001,VEN,KOR,8942
840381,239,121,1410,2001.0,1557244.0,1550537.0,-0.533978,0.503988,VNM,KOR,8942
840382,242,121,1410,2001.0,0.0,4184.0,-0.45074200000000003,-0.7984439999999999,WSM,KOR,8942
840383,243,121,1410,2001.0,0.0,10426.0,-1.658584,-1.354606,YEM,KOR,8942
840384,246,121,1410,2001.0,30830.0,169325.0,0.249833,2.1142950000000003,ZAF,KOR,8942
840385,247,121,1410,2001.0,0.0,28531.0,-0.8878799999999999,-0.735268,ZMB,KOR,8942
840386,248,121,1410,2001.0,0.0,2297.0,-0.663155,-0.212796,ZWE,KOR,8942
840387,249,121,1410,2001.0,3467924.0,1738248.0,1.7270020000000001,1.252843,TWN,KOR,8942
840388,250,121,1410,2001.0,0.0,21402.0,0.947105,-0.529946,ANS,KOR,8942
840389,2,124,1410,2001.0,0.0,7466.0,-2.190929,-1.302123,AGO,LBN,8942
840390,7,124,1410,2001.0,35935.0,130458.0,-0.217259,-0.613042,ARE,LBN,8942
840391,8,124,1410,2001.0,11495.0,0.0,0.11289,0.916845,ARG,LBN,8942
840392,14,124,1410,2001.0,10903.0,3487.0,-0.12189000000000001,0.7281770000000001,AUS,LBN,8942
840393,15,124,1410,2001.0,23846.0,0.0,1.8987740000000002,0.45922700000000005,AUT,LBN,8942
840394,18,124,1410,2001.0,193375.0,3210.0,1.425483,1.3072409999999999,BEL,LBN,8942
840395,19,124,1410,2001.0,0.0,5724.0,-0.9032530000000001,-0.8979590000000001,BEN,LBN,8942
840396,21,124,1410,2001.0,0.0,90382.0,-0.24546199999999999,0.00141,BFA,LBN,8942
840397,23,124,1410,2001.0,0.0,16172.0,0.46429799999999993,1.7500380000000002,BGR,LBN,8942
840398,24,124,1410,2001.0,0.0,10014.0,-0.11648499999999999,-1.101653,BHR,LBN,8942
840399,32,124,1410,2001.0,21023.0,0.0,0.658473,1.328637,BRA,LBN,8942
840400,38,124,1410,2001.0,0.0,6124.0,-0.656133,-0.8365530000000001,CAF,LBN,8942
840401,39,124,1410,2001.0,27315.0,0.0,0.8899729999999999,1.3778299999999999,CAN,LBN,8942
840402,41,124,1410,2001.0,19736.0,0.0,2.161588,0.8069890000000001,CHE,LBN,8942
840403,43,124,1410,2001.0,6130602.0,0.0,0.535502,2.28778,CHN,LBN,8942
840404,44,124,1410,2001.0,0.0,3304.0,-0.731178,-0.5734739999999999,CIV,LBN,8942
840405,45,124,1410,2001.0,0.0,5959.0,-1.4692049999999999,-1.251498,CMR,LBN,8942
840406,47,124,1410,2001.0,0.0,8140.0,-1.5108190000000001,-1.277465,COG,LBN,8942
840407,49,124,1410,2001.0,25199.0,0.0,0.3378,0.479951,COL,LBN,8942
840408,58,124,1410,2001.0,24796.0,0.0,0.30700500000000003,0.258726,CYP,LBN,8942
840409,59,124,1410,2001.0,14356.0,0.0,1.56908,0.860384,CZE,LBN,8942
840410,61,124,1410,2001.0,397719.0,0.0,2.335872,-2.09875,DEU,LBN,8942
840411,64,124,1410,2001.0,26535.0,0.0,1.356327,1.3288309999999999,DNK,LBN,8942
840412,66,124,1410,2001.0,0.0,3674.0,-0.9852559999999999,-1.245285,DZA,LBN,8942
840413,68,124,1410,2001.0,16097.0,0.0,-0.346794,0.431229,EGY,LBN,8942
840414,71,124,1410,2001.0,346202.0,28406.0,1.1380350000000001,1.7870139999999999,ESP,LBN,8942
840415,72,124,1410,2001.0,5420.0,0.0,0.53422,0.9372790000000001,EST,LBN,8942
840416,74,124,1410,2001.0,7300.0,0.0,1.9661669999999998,1.000436,FIN,LBN,8942
840417,77,124,1410,2001.0,727120.0,7446.0,1.6143809999999998,0.626221,FRA,LBN,8942
840418,80,124,1410,2001.0,0.0,19617.0,-1.603078,-1.308825,GAB,LBN,8942
840419,81,124,1410,2001.0,322455.0,88633.0,2.1068439999999997,0.658575,GBR,LBN,8942
840420,85,124,1410,2001.0,0.0,3218.0,-1.2887950000000001,-1.195448,GIN,LBN,8942
840421,87,124,1410,2001.0,0.0,1409.0,0.161174,-0.019187,GMB,LBN,8942
840422,90,124,1410,2001.0,6335.0,5143.0,0.338607,1.506593,GRC,LBN,8942
840423,97,124,1410,2001.0,1664076.0,0.0,0.639538,1.5157610000000001,HKG,LBN,8942
840424,103,124,1410,2001.0,101504.0,0.0,0.039233,1.780659,IDN,LBN,8942
840425,104,124,1410,2001.0,11243.0,0.0,0.382444,2.538934,IND,LBN,8942
840426,106,124,1410,2001.0,99607.0,0.0,1.751955,0.210628,IRL,LBN,8942
840427,107,124,1410,2001.0,14594.0,0.0,-0.973691,-1.05654,IRN,LBN,8942
840428,111,124,1410,2001.0,1407844.0,4030.0,1.488545,0.8410610000000001,ITA,LBN,8942
840429,113,124,1410,2001.0,22165.0,47616.0,0.5404760000000001,0.8497170000000001,JOR,LBN,8942
840430,114,124,1410,2001.0,705533.0,0.0,2.674032,0.445636,JPN,LBN,8942
840431,121,124,1410,2001.0,200630.0,0.0,1.436204,0.917057,KOR,LBN,8942
840432,122,124,1410,2001.0,29620.0,13933.0,-0.695801,-1.225701,KWT,LBN,8942
840433,125,124,1410,2001.0,0.0,5767.0,-0.558711,-1.1508770000000001,LBR,LBN,8942
840434,128,124,1410,2001.0,7620.0,0.0,-0.43381000000000003,0.057630999999999995,LKA,LBN,8942
840435,138,124,1410,2001.0,14356.0,0.0,1.088661,0.680197,MEX,LBN,8942
840436,141,124,1410,2001.0,0.0,13827.0,-0.176802,-0.408531,MLI,LBN,8942
840437,142,124,1410,2001.0,6230.0,0.0,1.048708,-0.04453,MLT,LBN,8942
840438,153,124,1410,2001.0,52450.0,24210.0,0.894191,0.310677,MYS,LBN,8942
840439,162,124,1410,2001.0,150085.0,0.0,1.299569,1.487015,NLD,LBN,8942
840440,168,124,1410,2001.0,2473.0,0.0,-0.741053,-0.41444,PAK,LBN,8942
840441,174,124,1410,2001.0,87241.0,0.0,0.153601,-0.174218,PHL,LBN,8942
840442,177,124,1410,2001.0,15154.0,0.0,0.983238,1.7436209999999999,POL,LBN,8942
840443,178,124,1410,2001.0,84265.0,0.0,0.7188640000000001,1.101559,PRK,LBN,8942
840444,179,124,1410,2001.0,2258.0,0.0,0.688736,1.326716,PRT,LBN,8942
840445,183,124,1410,2001.0,0.0,6070.0,-0.282283,-1.136895,QAT,LBN,8942
840446,185,124,1410,2001.0,0.0,3398.0,0.465168,1.1029129999999998,ROU,LBN,8942
840447,188,124,1410,2001.0,7159.0,105815.0,0.078887,-0.9764430000000001,SAU,LBN,8942
840448,192,124,1410,2001.0,69042.0,0.0,1.587064,0.639626,SGP,LBN,8942
840449,196,124,1410,2001.0,0.0,4173.0,0.262953,0.30432800000000004,SLE,LBN,8942
840450,208,124,1410,2001.0,4513.0,0.0,2.01685,0.8233159999999999,SWE,LBN,8942
840451,212,124,1410,2001.0,246737.0,15372.0,-1.138774,-0.839648,SYR,LBN,8942
840452,216,124,1410,2001.0,394085.0,0.0,0.49264600000000003,1.493471,THA,LBN,8942
840453,224,124,1410,2001.0,373242.0,0.0,0.168219,1.989011,TUR,LBN,8942
840454,228,124,1410,2001.0,0.0,9093.0,0.642888,1.267971,UKR,LBN,8942
840455,231,124,1410,2001.0,1296485.0,32342.0,1.96615,-0.12332699999999999,USA,LBN,8942
840456,236,124,1410,2001.0,0.0,5240.0,-0.013877,-0.8582690000000001,VEN,LBN,8942
840457,243,124,1410,2001.0,0.0,18858.0,-1.658584,-1.354606,YEM,LBN,8942
840458,246,124,1410,2001.0,0.0,1041.0,0.249833,2.1142950000000003,ZAF,LBN,8942
840459,249,124,1410,2001.0,555555.0,0.0,1.7270020000000001,1.252843,TWN,LBN,8942
840460,250,124,1410,2001.0,11835.0,17818.0,0.947105,-0.529946,ANS,LBN,8942
840461,0,138,1410,2001.0,17163.0,21627.0,-0.500051,-0.8763299999999999,ABW,MEX,8942
840462,7,138,1410,2001.0,69372.0,478022.0,-0.217259,-0.613042,ARE,MEX,8942
840463,8,138,1410,2001.0,214251.0,493767.0,0.11289,0.916845,ARG,MEX,8942
840464,14,138,1410,2001.0,6702.0,2775328.0,-0.12189000000000001,0.7281770000000001,AUS,MEX,8942
840465,15,138,1410,2001.0,121163.0,392164.0,1.8987740000000002,0.45922700000000005,AUT,MEX,8942
840466,18,138,1410,2001.0,289634.0,248601.0,1.425483,1.3072409999999999,BEL,MEX,8942
840467,22,138,1410,2001.0,3832.0,0.0,-0.799988,-1.061584,BGD,MEX,8942
840468,23,138,1410,2001.0,8165.0,0.0,0.46429799999999993,1.7500380000000002,BGR,MEX,8942
840469,24,138,1410,2001.0,0.0,1361.0,-0.11648499999999999,-1.101653,BHR,MEX,8942
840470,25,138,1410,2001.0,5636.0,12143.0,0.37464899999999995,-0.130024,BHS,MEX,8942
840471,28,138,1410,2001.0,0.0,5570.0,0.78008,1.232713,BLR,MEX,8942
840472,30,138,1410,2001.0,0.0,1662.0,1.070437,-0.50948,BMU,MEX,8942
840473,31,138,1410,2001.0,0.0,368941.0,-0.614885,-0.5022770000000001,BOL,MEX,8942
840474,32,138,1410,2001.0,800451.0,1047441.0,0.658473,1.328637,BRA,MEX,8942
840475,33,138,1410,2001.0,0.0,17083.0,0.418462,-0.020000999999999998,BRB,MEX,8942
840476,39,138,1410,2001.0,1844490.0,38943480.0,0.8899729999999999,1.3778299999999999,CAN,MEX,8942
840477,41,138,1410,2001.0,412174.0,98640.0,2.161588,0.8069890000000001,CHE,MEX,8942
840478,42,138,1410,2001.0,1035821.0,1419948.0,-0.148124,0.074033,CHL,MEX,8942
840479,43,138,1410,2001.0,85758176.0,342041.0,0.535502,2.28778,CHN,MEX,8942
840480,48,138,1410,2001.0,30848.0,0.0,0.295102,-0.686682,COK,MEX,8942
840481,49,138,1410,2001.0,416522.0,642337.0,0.3378,0.479951,COL,MEX,8942
840482,52,138,1410,2001.0,112875.0,704678.0,0.07408200000000001,0.126368,CRI,MEX,8942
840483,54,138,1410,2001.0,0.0,100749.0,-0.889919,-1.137994,CUB,MEX,8942
840484,58,138,1410,2001.0,0.0,20250.0,0.30700500000000003,0.258726,CYP,MEX,8942
840485,59,138,1410,2001.0,230341.0,51924.0,1.56908,0.860384,CZE,MEX,8942
840486,61,138,1410,2001.0,1589531.0,1170760.0,2.335872,-2.09875,DEU,MEX,8942
840487,64,138,1410,2001.0,466256.0,2851.0,1.356327,1.3288309999999999,DNK,MEX,8942
840488,65,138,1410,2001.0,2697.0,472424.0,-0.55896,-0.517513,DOM,MEX,8942
840489,67,138,1410,2001.0,3995.0,587508.0,-0.8668389999999999,-0.891943,ECU,MEX,8942
840490,71,138,1410,2001.0,18855798.0,189967.0,1.1380350000000001,1.7870139999999999,ESP,MEX,8942
840491,77,138,1410,2001.0,825312.0,1023883.0,1.6143809999999998,0.626221,FRA,MEX,8942
840492,81,138,1410,2001.0,228098.0,3487885.0,2.1068439999999997,0.658575,GBR,MEX,8942
840493,90,138,1410,2001.0,65399.0,125952.0,0.338607,1.506593,GRC,MEX,8942
840494,93,138,1410,2001.0,69121.0,1988344.0,-0.43618199999999996,0.135535,GTM,MEX,8942
840495,97,138,1410,2001.0,38000528.0,538373.0,0.639538,1.5157610000000001,HKG,MEX,8942
840496,99,138,1410,2001.0,31429.0,625496.0,-0.6886899999999999,-0.49161400000000005,HND,MEX,8942
840497,101,138,1410,2001.0,0.0,87244.0,-0.8405809999999999,-0.8236399999999999,HTI,MEX,8942
840498,102,138,1410,2001.0,90842.0,13971.0,1.069245,1.2217069999999999,HUN,MEX,8942
840499,103,138,1410,2001.0,2632863.0,0.0,0.039233,1.780659,IDN,MEX,8942
840500,104,138,1410,2001.0,640520.0,252402.0,0.382444,2.538934,IND,MEX,8942
840501,106,138,1410,2001.0,253995.0,188205.0,1.751955,0.210628,IRL,MEX,8942
840502,109,138,1410,2001.0,0.0,1996.0,0.049756,-0.496962,ISL,MEX,8942
840503,110,138,1410,2001.0,92072.0,26827.0,1.17675,0.900401,ISR,MEX,8942
840504,111,138,1410,2001.0,3999318.0,518719.0,1.488545,0.8410610000000001,ITA,MEX,8942
840505,112,138,1410,2001.0,0.0,23024.0,-0.562839,-0.9381510000000001,JAM,MEX,8942
840506,113,138,1410,2001.0,0.0,1406.0,0.5404760000000001,0.8497170000000001,JOR,MEX,8942
840507,114,138,1410,2001.0,1814925.0,3475392.0,2.674032,0.445636,JPN,MEX,8942
840508,121,138,1410,2001.0,3000799.0,584279.0,1.436204,0.917057,KOR,MEX,8942
840509,122,138,1410,2001.0,1437.0,5780.0,-0.695801,-1.225701,KWT,MEX,8942
840510,124,138,1410,2001.0,0.0,14356.0,0.09267,0.97731,LBN,MEX,8942
840511,127,138,1410,2001.0,3359.0,2580.0,0.064826,-0.521713,LCA,MEX,8942
840512,128,138,1410,2001.0,337874.0,0.0,-0.43381000000000003,0.057630999999999995,LKA,MEX,8942
840513,130,138,1410,2001.0,0.0,2666.0,0.21069699999999997,0.720384,LTU,MEX,8942
840514,132,138,1410,2001.0,0.0,62382.0,0.31652600000000003,0.523927,LVA,MEX,8942
840515,133,138,1410,2001.0,1650.0,0.0,-0.250517,-0.589391,MAC,MEX,8942
840516,142,138,1410,2001.0,1297.0,0.0,1.048708,-0.04453,MLT,MEX,8942
840517,148,138,1410,2001.0,2723.0,0.0,-1.112149,-1.292716,MRT,MEX,8942
840518,153,138,1410,2001.0,16164147.0,74419.0,0.894191,0.310677,MYS,MEX,8942
840519,159,138,1410,2001.0,0.0,43671.0,-1.9085759999999998,-1.335279,NGA,MEX,8942
840520,160,138,1410,2001.0,0.0,513779.0,-0.865941,-0.617108,NIC,MEX,8942
840521,162,138,1410,2001.0,179551.0,2463791.0,1.299569,1.487015,NLD,MEX,8942
840522,163,138,1410,2001.0,20099.0,77845.0,0.542366,-0.180336,NOR,MEX,8942
840523,166,138,1410,2001.0,2522.0,261152.0,0.220307,0.689625,NZL,MEX,8942
840524,168,138,1410,2001.0,14601.0,0.0,-0.741053,-0.41444,PAK,MEX,8942
840525,169,138,1410,2001.0,32902.0,172862.0,0.17863800000000002,0.440159,PAN,MEX,8942
840526,173,138,1410,2001.0,2460.0,1754430.0,-0.318071,0.116602,PER,MEX,8942
840527,174,138,1410,2001.0,709031.0,134084.0,0.153601,-0.174218,PHL,MEX,8942
840528,177,138,1410,2001.0,77955.0,35531.0,0.983238,1.7436209999999999,POL,MEX,8942
840529,178,138,1410,2001.0,95534.0,0.0,0.7188640000000001,1.101559,PRK,MEX,8942
840530,179,138,1410,2001.0,2047.0,3404.0,0.688736,1.326716,PRT,MEX,8942
840531,180,138,1410,2001.0,0.0,44236.0,-0.7430220000000001,-0.8668540000000001,PRY,MEX,8942
840532,183,138,1410,2001.0,0.0,11041.0,-0.282283,-1.136895,QAT,MEX,8942
840533,185,138,1410,2001.0,322365.0,5637.0,0.465168,1.1029129999999998,ROU,MEX,8942
840534,186,138,1410,2001.0,0.0,341593.0,0.546271,0.195872,RUS,MEX,8942
840535,188,138,1410,2001.0,0.0,59918.0,0.078887,-0.9764430000000001,SAU,MEX,8942
840536,192,138,1410,2001.0,53289.0,221873.0,1.587064,0.639626,SGP,MEX,8942
840537,197,138,1410,2001.0,0.0,696941.0,-0.123958,-0.103849,SLV,MEX,8942
840538,206,138,1410,2001.0,1621.0,3002.0,1.310591,1.195523,SVK,MEX,8942
840539,207,138,1410,2001.0,142378.0,1087.0,1.488089,1.0928360000000001,SVN,MEX,8942
840540,208,138,1410,2001.0,15953.0,87615.0,2.01685,0.8233159999999999,SWE,MEX,8942
840541,216,138,1410,2001.0,1561685.0,36598.0,0.49264600000000003,1.493471,THA,MEX,8942
840542,222,138,1410,2001.0,0.0,7998.0,0.265201,-0.602807,TTO,MEX,8942
840543,224,138,1410,2001.0,24953.0,5320.0,0.168219,1.989011,TUR,MEX,8942
840544,228,138,1410,2001.0,1648.0,24842.0,0.642888,1.267971,UKR,MEX,8942
840545,230,138,1410,2001.0,0.0,36201.0,0.192313,0.401841,URY,MEX,8942
840546,231,138,1410,2001.0,210524608.0,587441664.0,1.96615,-0.12332699999999999,USA,MEX,8942
840547,236,138,1410,2001.0,15725.0,2433322.0,-0.013877,-0.8582690000000001,VEN,MEX,8942
840548,239,138,1410,2001.0,1128420.0,0.0,-0.533978,0.503988,VNM,MEX,8942
840549,246,138,1410,2001.0,0.0,85752.0,0.249833,2.1142950000000003,ZAF,MEX,8942
840550,249,138,1410,2001.0,8013863.0,276582.0,1.7270020000000001,1.252843,TWN,MEX,8942
840551,250,138,1410,2001.0,41860.0,693731.0,0.947105,-0.529946,ANS,MEX,8942
840552,6,159,1410,2001.0,3040.0,0.0,-0.17823699999999998,-0.814499,ANT,NGA,8942
840553,7,159,1410,2001.0,1064505.0,0.0,-0.217259,-0.613042,ARE,NGA,8942
840554,18,159,1410,2001.0,88432.0,0.0,1.425483,1.3072409999999999,BEL,NGA,8942
840555,19,159,1410,2001.0,0.0,1374.0,-0.9032530000000001,-0.8979590000000001,BEN,NGA,8942
840556,21,159,1410,2001.0,0.0,2253.0,-0.24546199999999999,0.00141,BFA,NGA,8942
840557,39,159,1410,2001.0,2674.0,0.0,0.8899729999999999,1.3778299999999999,CAN,NGA,8942
840558,41,159,1410,2001.0,11540.0,0.0,2.161588,0.8069890000000001,CHE,NGA,8942
840559,43,159,1410,2001.0,1493933.0,0.0,0.535502,2.28778,CHN,NGA,8942
840560,45,159,1410,2001.0,0.0,5755.0,-1.4692049999999999,-1.251498,CMR,NGA,8942
840561,61,159,1410,2001.0,117956.0,0.0,2.335872,-2.09875,DEU,NGA,8942
840562,64,159,1410,2001.0,15992.0,0.0,1.356327,1.3288309999999999,DNK,NGA,8942
840563,71,159,1410,2001.0,163001.0,0.0,1.1380350000000001,1.7870139999999999,ESP,NGA,8942
840564,74,159,1410,2001.0,21996.0,0.0,1.9661669999999998,1.000436,FIN,NGA,8942
840565,77,159,1410,2001.0,56491.0,0.0,1.6143809999999998,0.626221,FRA,NGA,8942
840566,80,159,1410,2001.0,0.0,3184.0,-1.603078,-1.308825,GAB,NGA,8942
840567,81,159,1410,2001.0,267298.0,4482.0,2.1068439999999997,0.658575,GBR,NGA,8942
840568,83,159,1410,2001.0,0.0,10675.0,-0.7818689999999999,-0.645878,GHA,NGA,8942
840569,91,159,1410,2001.0,6632.0,0.0,0.405462,-0.304177,GRD,NGA,8942
840570,92,159,1410,2001.0,4987.0,0.0,-0.19784100000000002,-0.772099,GRL,NGA,8942
840571,93,159,1410,2001.0,30545.0,0.0,-0.43618199999999996,0.135535,GTM,NGA,8942
840572,97,159,1410,2001.0,792270.0,0.0,0.639538,1.5157610000000001,HKG,NGA,8942
840573,102,159,1410,2001.0,6165.0,0.0,1.069245,1.2217069999999999,HUN,NGA,8942
840574,103,159,1410,2001.0,61547.0,0.0,0.039233,1.780659,IDN,NGA,8942
840575,104,159,1410,2001.0,55159.0,0.0,0.382444,2.538934,IND,NGA,8942
840576,110,159,1410,2001.0,1082.0,0.0,1.17675,0.900401,ISR,NGA,8942
840577,111,159,1410,2001.0,798274.0,0.0,1.488545,0.8410610000000001,ITA,NGA,8942
840578,116,159,1410,2001.0,0.0,4257.0,-0.533651,0.072611,KEN,NGA,8942
840579,121,159,1410,2001.0,45778.0,0.0,1.436204,0.917057,KOR,NGA,8942
840580,122,159,1410,2001.0,1180.0,0.0,-0.695801,-1.225701,KWT,NGA,8942
840581,138,159,1410,2001.0,43671.0,0.0,1.088661,0.680197,MEX,NGA,8942
840582,157,159,1410,2001.0,0.0,11385.0,-0.674176,-0.627373,NER,NGA,8942
840583,162,159,1410,2001.0,75617.0,0.0,1.299569,1.487015,NLD,NGA,8942
840584,174,159,1410,2001.0,1246.0,0.0,0.153601,-0.174218,PHL,NGA,8942
840585,179,159,1410,2001.0,1036.0,0.0,0.688736,1.326716,PRT,NGA,8942
840586,188,159,1410,2001.0,6846.0,0.0,0.078887,-0.9764430000000001,SAU,NGA,8942
840587,192,159,1410,2001.0,40083.0,0.0,1.587064,0.639626,SGP,NGA,8942
840588,205,159,1410,2001.0,6203.0,0.0,-0.7622359999999999,-0.790158,SUR,NGA,8942
840589,208,159,1410,2001.0,5493.0,0.0,2.01685,0.8233159999999999,SWE,NGA,8942
840590,215,159,1410,2001.0,1484.0,0.0,-0.45409399999999994,-0.337055,TGO,NGA,8942
840591,216,159,1410,2001.0,29071.0,0.0,0.49264600000000003,1.493471,THA,NGA,8942
840592,222,159,1410,2001.0,2134.0,0.0,0.265201,-0.602807,TTO,NGA,8942
840593,223,159,1410,2001.0,1769.0,0.0,0.054524,0.26892699999999997,TUN,NGA,8942
840594,224,159,1410,2001.0,8729.0,0.0,0.168219,1.989011,TUR,NGA,8942
840595,231,159,1410,2001.0,317663.0,6331.0,1.96615,-0.12332699999999999,USA,NGA,8942
840596,236,159,1410,2001.0,0.0,1083.0,-0.013877,-0.8582690000000001,VEN,NGA,8942
840597,239,159,1410,2001.0,8670.0,0.0,-0.533978,0.503988,VNM,NGA,8942
840598,246,159,1410,2001.0,20428.0,0.0,0.249833,2.1142950000000003,ZAF,NGA,8942
840599,249,159,1410,2001.0,542379.0,0.0,1.7270020000000001,1.252843,TWN,NGA,8942
840600,39,160,1410,2001.0,8576.0,0.0,0.8899729999999999,1.3778299999999999,CAN,NIC,8942
840601,41,160,1410,2001.0,0.0,4986.0,2.161588,0.8069890000000001,CHE,NIC,8942
840602,43,160,1410,2001.0,537725.0,0.0,0.535502,2.28778,CHN,NIC,8942
840603,49,160,1410,2001.0,46786.0,0.0,0.3378,0.479951,COL,NIC,8942
840604,52,160,1410,2001.0,176850.0,3382.0,0.07408200000000001,0.126368,CRI,NIC,8942
840605,61,160,1410,2001.0,4870.0,0.0,2.335872,-2.09875,DEU,NIC,8942
840606,64,160,1410,2001.0,1720.0,0.0,1.356327,1.3288309999999999,DNK,NIC,8942
840607,71,160,1410,2001.0,460385.0,0.0,1.1380350000000001,1.7870139999999999,ESP,NIC,8942
840608,81,160,1410,2001.0,28882.0,5150.0,2.1068439999999997,0.658575,GBR,NIC,8942
840609,93,160,1410,2001.0,133160.0,16124.0,-0.43618199999999996,0.135535,GTM,NIC,8942
840610,97,160,1410,2001.0,306943.0,0.0,0.639538,1.5157610000000001,HKG,NIC,8942
840611,99,160,1410,2001.0,6905.0,0.0,-0.6886899999999999,-0.49161400000000005,HND,NIC,8942
840612,114,160,1410,2001.0,70680.0,0.0,2.674032,0.445636,JPN,NIC,8942
840613,138,160,1410,2001.0,513779.0,0.0,1.088661,0.680197,MEX,NIC,8942
840614,162,160,1410,2001.0,14172.0,0.0,1.299569,1.487015,NLD,NIC,8942
840615,169,160,1410,2001.0,1460131.0,1019.0,0.17863800000000002,0.440159,PAN,NIC,8942
840616,173,160,1410,2001.0,34198.0,7474.0,-0.318071,0.116602,PER,NIC,8942
840617,197,160,1410,2001.0,69088.0,3122.0,-0.123958,-0.103849,SLV,NIC,8942
840618,231,160,1410,2001.0,1033798.0,0.0,1.96615,-0.12332699999999999,USA,NIC,8942
840619,249,160,1410,2001.0,266783.0,0.0,1.7270020000000001,1.252843,TWN,NIC,8942
840620,250,160,1410,2001.0,3754.0,0.0,0.947105,-0.529946,ANS,NIC,8942
840621,0,162,1410,2001.0,0.0,735185.0,-0.500051,-0.8763299999999999,ABW,NLD,8942
840622,2,162,1410,2001.0,0.0,8966.0,-2.190929,-1.302123,AGO,NLD,8942
840623,5,162,1410,2001.0,0.0,6656.0,0.874555,0.75456,AND,NLD,8942
840624,6,162,1410,2001.0,0.0,1690719.0,-0.17823699999999998,-0.814499,ANT,NLD,8942
840625,7,162,1410,2001.0,100266.0,1714456.0,-0.217259,-0.613042,ARE,NLD,8942
840626,8,162,1410,2001.0,0.0,79290.0,0.11289,0.916845,ARG,NLD,8942
840627,9,162,1410,2001.0,0.0,4653.0,0.62364,0.172704,ARM,NLD,8942
840628,14,162,1410,2001.0,314955.0,1378526.0,-0.12189000000000001,0.7281770000000001,AUS,NLD,8942
840629,15,162,1410,2001.0,13581985.0,34750804.0,1.8987740000000002,0.45922700000000005,AUT,NLD,8942
840630,16,162,1410,2001.0,0.0,1148.0,-0.613283,-0.949908,AZE,NLD,8942
840631,18,162,1410,2001.0,76659640.0,151088544.0,1.425483,1.3072409999999999,BEL,NLD,8942
840632,19,162,1410,2001.0,0.0,17772.0,-0.9032530000000001,-0.8979590000000001,BEN,NLD,8942
840633,22,162,1410,2001.0,7441.0,0.0,-0.799988,-1.061584,BGD,NLD,8942
840634,23,162,1410,2001.0,362131.0,142792.0,0.46429799999999993,1.7500380000000002,BGR,NLD,8942
840635,24,162,1410,2001.0,1774.0,34669.0,-0.11648499999999999,-1.101653,BHR,NLD,8942
840636,25,162,1410,2001.0,1100.0,1332.0,0.37464899999999995,-0.130024,BHS,NLD,8942
840637,26,162,1410,2001.0,0.0,214586.0,0.263644,0.44197,BIH,NLD,8942
840638,28,162,1410,2001.0,15202.0,31142.0,0.78008,1.232713,BLR,NLD,8942
840639,29,162,1410,2001.0,0.0,2409.0,-0.356917,-0.73121,BLZ,NLD,8942
840640,30,162,1410,2001.0,0.0,9022.0,1.070437,-0.50948,BMU,NLD,8942
840641,32,162,1410,2001.0,11381.0,545993.0,0.658473,1.328637,BRA,NLD,8942
840642,33,162,1410,2001.0,0.0,1820.0,0.418462,-0.020000999999999998,BRB,NLD,8942
840643,34,162,1410,2001.0,0.0,7989.0,-0.38253899999999996,-0.904789,BRN,NLD,8942
840644,39,162,1410,2001.0,1102980.0,927489.0,0.8899729999999999,1.3778299999999999,CAN,NLD,8942
840645,41,162,1410,2001.0,1868087.0,22583350.0,2.161588,0.8069890000000001,CHE,NLD,8942
840646,42,162,1410,2001.0,16794.0,59096.0,-0.148124,0.074033,CHL,NLD,8942
840647,43,162,1410,2001.0,224077328.0,271247.0,0.535502,2.28778,CHN,NLD,8942
840648,44,162,1410,2001.0,0.0,1445.0,-0.731178,-0.5734739999999999,CIV,NLD,8942
840649,45,162,1410,2001.0,0.0,6552.0,-1.4692049999999999,-1.251498,CMR,NLD,8942
840650,47,162,1410,2001.0,0.0,27804.0,-1.5108190000000001,-1.277465,COG,NLD,8942
840651,49,162,1410,2001.0,0.0,78865.0,0.3378,0.479951,COL,NLD,8942
840652,51,162,1410,2001.0,0.0,1198.0,-0.016933,-0.340938,CPV,NLD,8942
840653,52,162,1410,2001.0,0.0,11357.0,0.07408200000000001,0.126368,CRI,NLD,8942
840654,54,162,1410,2001.0,0.0,3476.0,-0.889919,-1.137994,CUB,NLD,8942
840655,58,162,1410,2001.0,0.0,450551.0,0.30700500000000003,0.258726,CYP,NLD,8942
840656,59,162,1410,2001.0,8455840.0,5979635.0,1.56908,0.860384,CZE,NLD,8942
840657,61,162,1410,2001.0,111845032.0,355976096.0,2.335872,-2.09875,DEU,NLD,8942
840658,63,162,1410,2001.0,1460.0,0.0,0.573546,0.326301,DMA,NLD,8942
840659,64,162,1410,2001.0,3549997.0,39692712.0,1.356327,1.3288309999999999,DNK,NLD,8942
840660,65,162,1410,2001.0,7800.0,32014.0,-0.55896,-0.517513,DOM,NLD,8942
840661,66,162,1410,2001.0,0.0,7566.0,-0.9852559999999999,-1.245285,DZA,NLD,8942
840662,67,162,1410,2001.0,0.0,21363.0,-0.8668389999999999,-0.891943,ECU,NLD,8942
840663,68,162,1410,2001.0,55085.0,210083.0,-0.346794,0.431229,EGY,NLD,8942
840664,69,162,1410,2001.0,0.0,17986.0,0.6595949999999999,-0.09829500000000001,ERI,NLD,8942
840665,71,162,1410,2001.0,16103943.0,126582760.0,1.1380350000000001,1.7870139999999999,ESP,NLD,8942
840666,72,162,1410,2001.0,83988.0,1739760.0,0.53422,0.9372790000000001,EST,NLD,8942
840667,73,162,1410,2001.0,0.0,2477.0,-1.010637,-0.8893280000000001,ETH,NLD,8942
840668,74,162,1410,2001.0,560102.0,37349432.0,1.9661669999999998,1.000436,FIN,NLD,8942
840669,77,162,1410,2001.0,26531448.0,254938048.0,1.6143809999999998,0.626221,FRA,NLD,8942
840670,78,162,1410,2001.0,0.0,8304.0,-0.945048,-0.9974049999999999,FRO,NLD,8942
840671,80,162,1410,2001.0,0.0,6529.0,-1.603078,-1.308825,GAB,NLD,8942
840672,81,162,1410,2001.0,76803088.0,291585184.0,2.1068439999999997,0.658575,GBR,NLD,8942
840673,82,162,1410,2001.0,0.0,67473.0,0.063126,-0.285493,GEO,NLD,8942
840674,83,162,1410,2001.0,0.0,18243.0,-0.7818689999999999,-0.645878,GHA,NLD,8942
840675,84,162,1410,2001.0,0.0,139950.0,0.720621,-0.320641,GIB,NLD,8942
840676,87,162,1410,2001.0,0.0,19110.0,0.161174,-0.019187,GMB,NLD,8942
840677,89,162,1410,2001.0,0.0,10770.0,-2.167184,-1.051131,GNQ,NLD,8942
840678,90,162,1410,2001.0,340130.0,20540584.0,0.338607,1.506593,GRC,NLD,8942
840679,91,162,1410,2001.0,1792.0,6833.0,0.405462,-0.304177,GRD,NLD,8942
840680,93,162,1410,2001.0,27284.0,8971.0,-0.43618199999999996,0.135535,GTM,NLD,8942
840681,97,162,1410,2001.0,29277250.0,845604.0,0.639538,1.5157610000000001,HKG,NLD,8942
840682,100,162,1410,2001.0,62541.0,731536.0,0.6315729999999999,1.169338,HRV,NLD,8942
840683,102,162,1410,2001.0,644349.0,7975150.0,1.069245,1.2217069999999999,HUN,NLD,8942
840684,103,162,1410,2001.0,7911638.0,54020.0,0.039233,1.780659,IDN,NLD,8942
840685,104,162,1410,2001.0,914342.0,51776.0,0.382444,2.538934,IND,NLD,8942
840686,106,162,1410,2001.0,6817956.0,30264406.0,1.751955,0.210628,IRL,NLD,8942
840687,107,162,1410,2001.0,0.0,6875.0,-0.973691,-1.05654,IRN,NLD,8942
840688,109,162,1410,2001.0,0.0,1127380.0,0.049756,-0.496962,ISL,NLD,8942
840689,110,162,1410,2001.0,4603940.0,1525350.0,1.17675,0.900401,ISR,NLD,8942
840690,111,162,1410,2001.0,20323080.0,117532440.0,1.488545,0.8410610000000001,ITA,NLD,8942
840691,113,162,1410,2001.0,7733.0,52513.0,0.5404760000000001,0.8497170000000001,JOR,NLD,8942
840692,114,162,1410,2001.0,203549440.0,2897475.0,2.674032,0.445636,JPN,NLD,8942
840693,115,162,1410,2001.0,0.0,22410.0,-0.05773,-0.44668500000000005,KAZ,NLD,8942
840694,116,162,1410,2001.0,84891.0,49553.0,-0.533651,0.072611,KEN,NLD,8942
840695,118,162,1410,2001.0,0.0,2298.0,-0.8596729999999999,-1.1214979999999999,KHM,NLD,8942
840696,121,162,1410,2001.0,8311025.0,666511.0,1.436204,0.917057,KOR,NLD,8942
840697,122,162,1410,2001.0,0.0,152506.0,-0.695801,-1.225701,KWT,NLD,8942
840698,124,162,1410,2001.0,0.0,150085.0,0.09267,0.97731,LBN,NLD,8942
840699,126,162,1410,2001.0,0.0,1793.0,-0.9461450000000001,-1.242884,LBY,NLD,8942
840700,127,162,1410,2001.0,0.0,3434.0,0.064826,-0.521713,LCA,NLD,8942
840701,128,162,1410,2001.0,626926.0,59623.0,-0.43381000000000003,0.057630999999999995,LKA,NLD,8942
840702,130,162,1410,2001.0,47301.0,593305.0,0.21069699999999997,0.720384,LTU,NLD,8942
840703,131,162,1410,2001.0,1325481.0,2512362.0,1.326753,1.2069530000000002,LUX,NLD,8942
840704,132,162,1410,2001.0,31302.0,1086250.0,0.31652600000000003,0.523927,LVA,NLD,8942
840705,133,162,1410,2001.0,54269.0,7802.0,-0.250517,-0.589391,MAC,NLD,8942
840706,134,162,1410,2001.0,1439.0,125314.0,-0.616006,-0.340127,MAR,NLD,8942
840707,135,162,1410,2001.0,0.0,161299.0,0.12110699999999999,0.159706,MDA,NLD,8942
840708,137,162,1410,2001.0,0.0,2528.0,-0.957807,-1.0006030000000001,MDV,NLD,8942
840709,138,162,1410,2001.0,2463791.0,179551.0,1.088661,0.680197,MEX,NLD,8942
840710,140,162,1410,2001.0,5493.0,215890.0,0.085844,0.413947,MKD,NLD,8942
840711,142,162,1410,2001.0,150172.0,401392.0,1.048708,-0.04453,MLT,NLD,8942
840712,149,162,1410,2001.0,45990.0,0.0,0.841457,-0.287684,MSR,NLD,8942
840713,151,162,1410,2001.0,13498.0,23698.0,-0.304271,-0.589387,MUS,NLD,8942
840714,153,162,1410,2001.0,13320050.0,44979.0,0.894191,0.310677,MYS,NLD,8942
840715,155,162,1410,2001.0,0.0,2052.0,-0.536003,-0.7165590000000001,NAM,NLD,8942
840716,156,162,1410,2001.0,0.0,11199.0,-0.523924,-0.9363049999999999,NCL,NLD,8942
840717,159,162,1410,2001.0,0.0,75617.0,-1.9085759999999998,-1.335279,NGA,NLD,8942
840718,160,162,1410,2001.0,0.0,14172.0,-0.865941,-0.617108,NIC,NLD,8942
840719,163,162,1410,2001.0,354846.0,23189914.0,0.542366,-0.180336,NOR,NLD,8942
840720,164,162,1410,2001.0,6615.0,0.0,-0.34213699999999997,0.100496,NPL,NLD,8942
840721,166,162,1410,2001.0,115527.0,102948.0,0.220307,0.689625,NZL,NLD,8942
840722,167,162,1410,2001.0,0.0,12289.0,-1.4727729999999999,-1.329588,OMN,NLD,8942
840723,168,162,1410,2001.0,18558.0,7169.0,-0.741053,-0.41444,PAK,NLD,8942
840724,169,162,1410,2001.0,0.0,195964.0,0.17863800000000002,0.440159,PAN,NLD,8942
840725,173,162,1410,2001.0,55878.0,1380.0,-0.318071,0.116602,PER,NLD,8942
840726,174,162,1410,2001.0,1691844.0,7689.0,0.153601,-0.174218,PHL,NLD,8942
840727,177,162,1410,2001.0,7753072.0,3916733.0,0.983238,1.7436209999999999,POL,NLD,8942
840728,179,162,1410,2001.0,706683.0,5108780.0,0.688736,1.326716,PRT,NLD,8942
840729,182,162,1410,2001.0,0.0,8088.0,0.055376,-0.762668,PYF,NLD,8942
840730,183,162,1410,2001.0,0.0,27678.0,-0.282283,-1.136895,QAT,NLD,8942
840731,185,162,1410,2001.0,3899119.0,286833.0,0.465168,1.1029129999999998,ROU,NLD,8942
840732,186,162,1410,2001.0,40146.0,3201409.0,0.546271,0.195872,RUS,NLD,8942
840733,188,162,1410,2001.0,0.0,206894.0,0.078887,-0.9764430000000001,SAU,NLD,8942
840734,189,162,1410,2001.0,0.0,123954.0,0.38765,2.769588,SCG,NLD,8942
840735,191,162,1410,2001.0,0.0,1632.0,-0.570156,-0.560573,SEN,NLD,8942
840736,192,162,1410,2001.0,465002.0,631748.0,1.587064,0.639626,SGP,NLD,8942
840737,196,162,1410,2001.0,4574.0,19750.0,0.262953,0.30432800000000004,SLE,NLD,8942
840738,197,162,1410,2001.0,0.0,44807.0,-0.123958,-0.103849,SLV,NLD,8942
840739,205,162,1410,2001.0,4512.0,337680.0,-0.7622359999999999,-0.790158,SUR,NLD,8942
840740,206,162,1410,2001.0,1178143.0,1269157.0,1.310591,1.195523,SVK,NLD,8942
840741,207,162,1410,2001.0,4882386.0,1344926.0,1.488089,1.0928360000000001,SVN,NLD,8942
840742,208,162,1410,2001.0,2215650.0,39417708.0,2.01685,0.8233159999999999,SWE,NLD,8942
840743,212,162,1410,2001.0,0.0,16896.0,-1.138774,-0.839648,SYR,NLD,8942
840744,216,162,1410,2001.0,6802903.0,44760.0,0.49264600000000003,1.493471,THA,NLD,8942
840745,217,162,1410,2001.0,0.0,2692.0,-0.6847770000000001,-1.076938,TJK,NLD,8942
840746,222,162,1410,2001.0,13536.0,0.0,0.265201,-0.602807,TTO,NLD,8942
840747,223,162,1410,2001.0,141526.0,38945.0,0.054524,0.26892699999999997,TUN,NLD,8942
840748,224,162,1410,2001.0,926584.0,3425624.0,0.168219,1.989011,TUR,NLD,8942
840749,226,162,1410,2001.0,5573.0,71090.0,-1.227071,-0.489829,TZA,NLD,8942
840750,227,162,1410,2001.0,0.0,24148.0,-1.1823700000000001,-0.7738619999999999,UGA,NLD,8942
840751,228,162,1410,2001.0,771808.0,1904778.0,0.642888,1.267971,UKR,NLD,8942
840752,230,162,1410,2001.0,0.0,56799.0,0.192313,0.401841,URY,NLD,8942
840753,231,162,1410,2001.0,37482748.0,8219955.0,1.96615,-0.12332699999999999,USA,NLD,8942
840754,234,162,1410,2001.0,0.0,6781.0,-0.318918,-0.764984,VCT,NLD,8942
840755,236,162,1410,2001.0,9227.0,104428.0,-0.013877,-0.8582690000000001,VEN,NLD,8942
840756,239,162,1410,2001.0,894420.0,7071.0,-0.533978,0.503988,VNM,NLD,8942
840757,243,162,1410,2001.0,0.0,31372.0,-1.658584,-1.354606,YEM,NLD,8942
840758,246,162,1410,2001.0,158363.0,5784918.0,0.249833,2.1142950000000003,ZAF,NLD,8942
840759,247,162,1410,2001.0,0.0,13020.0,-0.8878799999999999,-0.735268,ZMB,NLD,8942
840760,248,162,1410,2001.0,1397.0,21825.0,-0.663155,-0.212796,ZWE,NLD,8942
840761,249,162,1410,2001.0,8496467.0,410002.0,1.7270020000000001,1.252843,TWN,NLD,8942
840762,250,162,1410,2001.0,14322.0,137484.0,0.947105,-0.529946,ANS,NLD,8942
840763,7,163,1410,2001.0,7120.0,202999.0,-0.217259,-0.613042,ARE,NOR,8942
840764,15,163,1410,2001.0,897015.0,13818.0,1.8987740000000002,0.45922700000000005,AUT,NOR,8942
840765,18,163,1410,2001.0,769208.0,874405.0,1.425483,1.3072409999999999,BEL,NOR,8942
840766,23,163,1410,2001.0,9964.0,3240.0,0.46429799999999993,1.7500380000000002,BGR,NOR,8942
840767,26,163,1410,2001.0,4750.0,28259.0,0.263644,0.44197,BIH,NOR,8942
840768,30,163,1410,2001.0,0.0,7771.0,1.070437,-0.50948,BMU,NOR,8942
840769,39,163,1410,2001.0,69326.0,28156.0,0.8899729999999999,1.3778299999999999,CAN,NOR,8942
840770,41,163,1410,2001.0,903210.0,62250.0,2.161588,0.8069890000000001,CHE,NOR,8942
840771,42,163,1410,2001.0,1010.0,0.0,-0.148124,0.074033,CHL,NOR,8942
840772,43,163,1410,2001.0,12966311.0,9477.0,0.535502,2.28778,CHN,NOR,8942
840773,49,163,1410,2001.0,8942.0,0.0,0.3378,0.479951,COL,NOR,8942
840774,58,163,1410,2001.0,0.0,1572.0,0.30700500000000003,0.258726,CYP,NOR,8942
840775,59,163,1410,2001.0,227335.0,9671.0,1.56908,0.860384,CZE,NOR,8942
840776,61,163,1410,2001.0,13928501.0,312608.0,2.335872,-2.09875,DEU,NOR,8942
840777,64,163,1410,2001.0,23380298.0,1884887.0,1.356327,1.3288309999999999,DNK,NOR,8942
840778,67,163,1410,2001.0,2179.0,0.0,-0.8668389999999999,-0.891943,ECU,NOR,8942
840779,68,163,1410,2001.0,0.0,19907.0,-0.346794,0.431229,EGY,NOR,8942
840780,71,163,1410,2001.0,778740.0,31313.0,1.1380350000000001,1.7870139999999999,ESP,NOR,8942
840781,72,163,1410,2001.0,68329.0,67850.0,0.53422,0.9372790000000001,EST,NOR,8942
840782,74,163,1410,2001.0,1411418.0,421784.0,1.9661669999999998,1.000436,FIN,NOR,8942
840783,77,163,1410,2001.0,852828.0,22143.0,1.6143809999999998,0.626221,FRA,NOR,8942
840784,78,163,1410,2001.0,0.0,4377.0,-0.945048,-0.9974049999999999,FRO,NOR,8942
840785,81,163,1410,2001.0,15144379.0,1615442.0,2.1068439999999997,0.658575,GBR,NOR,8942
840786,90,163,1410,2001.0,43127.0,51181.0,0.338607,1.506593,GRC,NOR,8942
840787,93,163,1410,2001.0,3660.0,0.0,-0.43618199999999996,0.135535,GTM,NOR,8942
840788,97,163,1410,2001.0,6685543.0,4101.0,0.639538,1.5157610000000001,HKG,NOR,8942
840789,100,163,1410,2001.0,3960.0,0.0,0.6315729999999999,1.169338,HRV,NOR,8942
840790,102,163,1410,2001.0,366412.0,0.0,1.069245,1.2217069999999999,HUN,NOR,8942
840791,103,163,1410,2001.0,676036.0,0.0,0.039233,1.780659,IDN,NOR,8942
840792,104,163,1410,2001.0,99786.0,0.0,0.382444,2.538934,IND,NOR,8942
840793,106,163,1410,2001.0,767087.0,1074194.0,1.751955,0.210628,IRL,NOR,8942
840794,107,163,1410,2001.0,3532.0,0.0,-0.973691,-1.05654,IRN,NOR,8942
840795,109,163,1410,2001.0,4400.0,65525.0,0.049756,-0.496962,ISL,NOR,8942
840796,110,163,1410,2001.0,152599.0,0.0,1.17675,0.900401,ISR,NOR,8942
840797,111,163,1410,2001.0,1599693.0,410127.0,1.488545,0.8410610000000001,ITA,NOR,8942
840798,114,163,1410,2001.0,1373635.0,41572.0,2.674032,0.445636,JPN,NOR,8942
840799,116,163,1410,2001.0,3956.0,0.0,-0.533651,0.072611,KEN,NOR,8942
840800,121,163,1410,2001.0,249208.0,2818.0,1.436204,0.917057,KOR,NOR,8942
840801,128,163,1410,2001.0,67862.0,0.0,-0.43381000000000003,0.057630999999999995,LKA,NOR,8942
840802,130,163,1410,2001.0,36319.0,18840.0,0.21069699999999997,0.720384,LTU,NOR,8942
840803,131,163,1410,2001.0,77189.0,10799.0,1.326753,1.2069530000000002,LUX,NOR,8942
840804,132,163,1410,2001.0,23148.0,42788.0,0.31652600000000003,0.523927,LVA,NOR,8942
840805,134,163,1410,2001.0,4191.0,0.0,-0.616006,-0.340127,MAR,NOR,8942
840806,136,163,1410,2001.0,0.0,1775.0,-1.0624850000000001,-0.695873,MDG,NOR,8942
840807,138,163,1410,2001.0,77845.0,20099.0,1.088661,0.680197,MEX,NOR,8942
840808,140,163,1410,2001.0,0.0,8069.0,0.085844,0.413947,MKD,NOR,8942
840809,142,163,1410,2001.0,23746.0,0.0,1.048708,-0.04453,MLT,NOR,8942
840810,153,163,1410,2001.0,676734.0,0.0,0.894191,0.310677,MYS,NOR,8942
840811,162,163,1410,2001.0,23189914.0,354846.0,1.299569,1.487015,NLD,NOR,8942
840812,164,163,1410,2001.0,6646.0,0.0,-0.34213699999999997,0.100496,NPL,NOR,8942
840813,169,163,1410,2001.0,0.0,2330.0,0.17863800000000002,0.440159,PAN,NOR,8942
840814,174,163,1410,2001.0,191720.0,0.0,0.153601,-0.174218,PHL,NOR,8942
840815,177,163,1410,2001.0,365380.0,65672.0,0.983238,1.7436209999999999,POL,NOR,8942
840816,179,163,1410,2001.0,8086.0,10720.0,0.688736,1.326716,PRT,NOR,8942
840817,183,163,1410,2001.0,0.0,1130.0,-0.282283,-1.136895,QAT,NOR,8942
840818,185,163,1410,2001.0,78673.0,0.0,0.465168,1.1029129999999998,ROU,NOR,8942
840819,186,163,1410,2001.0,13213.0,136936.0,0.546271,0.195872,RUS,NOR,8942
840820,192,163,1410,2001.0,18507.0,4312.0,1.587064,0.639626,SGP,NOR,8942
840821,206,163,1410,2001.0,38268.0,0.0,1.310591,1.195523,SVK,NOR,8942
840822,207,163,1410,2001.0,60796.0,14128.0,1.488089,1.0928360000000001,SVN,NOR,8942
840823,208,163,1410,2001.0,31203238.0,17276588.0,2.01685,0.8233159999999999,SWE,NOR,8942
840824,216,163,1410,2001.0,662794.0,0.0,0.49264600000000003,1.493471,THA,NOR,8942
840825,224,163,1410,2001.0,7203.0,0.0,0.168219,1.989011,TUR,NOR,8942
840826,228,163,1410,2001.0,2432.0,1555.0,0.642888,1.267971,UKR,NOR,8942
840827,231,163,1410,2001.0,2146103.0,324232.0,1.96615,-0.12332699999999999,USA,NOR,8942
840828,239,163,1410,2001.0,299059.0,0.0,-0.533978,0.503988,VNM,NOR,8942
840829,246,163,1410,2001.0,0.0,1189.0,0.249833,2.1142950000000003,ZAF,NOR,8942
840830,249,163,1410,2001.0,974655.0,0.0,1.7270020000000001,1.252843,TWN,NOR,8942
840831,7,166,1410,2001.0,0.0,55314.0,-0.217259,-0.613042,ARE,NZL,8942
840832,10,166,1410,2001.0,0.0,3937.0,1.25061,0.24753699999999998,ASM,NZL,8942
840833,14,166,1410,2001.0,23467154.0,4375664.0,-0.12189000000000001,0.7281770000000001,AUS,NZL,8942
840834,15,166,1410,2001.0,81142.0,1148.0,1.8987740000000002,0.45922700000000005,AUT,NZL,8942
840835,18,166,1410,2001.0,102821.0,9001.0,1.425483,1.3072409999999999,BEL,NZL,8942
840836,22,166,1410,2001.0,4349.0,0.0,-0.799988,-1.061584,BGD,NZL,8942
840837,32,166,1410,2001.0,3757.0,0.0,0.658473,1.328637,BRA,NZL,8942
840838,39,166,1410,2001.0,221200.0,166493.0,0.8899729999999999,1.3778299999999999,CAN,NZL,8942
840839,41,166,1410,2001.0,65864.0,24655.0,2.161588,0.8069890000000001,CHE,NZL,8942
840840,42,166,1410,2001.0,29593.0,0.0,-0.148124,0.074033,CHL,NZL,8942
840841,43,166,1410,2001.0,11779945.0,20012.0,0.535502,2.28778,CHN,NZL,8942
840842,48,166,1410,2001.0,0.0,69908.0,0.295102,-0.686682,COK,NZL,8942
840843,59,166,1410,2001.0,20162.0,0.0,1.56908,0.860384,CZE,NZL,8942
840844,61,166,1410,2001.0,354123.0,84040.0,2.335872,-2.09875,DEU,NZL,8942
840845,64,166,1410,2001.0,798176.0,45827.0,1.356327,1.3288309999999999,DNK,NZL,8942
840846,71,166,1410,2001.0,177147.0,244498.0,1.1380350000000001,1.7870139999999999,ESP,NZL,8942
840847,74,166,1410,2001.0,0.0,6147.0,1.9661669999999998,1.000436,FIN,NZL,8942
840848,75,166,1410,2001.0,0.0,50164.0,-0.9144950000000001,-0.673283,FJI,NZL,8942
840849,77,166,1410,2001.0,121057.0,21557.0,1.6143809999999998,0.626221,FRA,NZL,8942
840850,79,166,1410,2001.0,0.0,1201.0,-1.34871,-1.113427,FSM,NZL,8942
840851,81,166,1410,2001.0,1009566.0,496734.0,2.1068439999999997,0.658575,GBR,NZL,8942
840852,90,166,1410,2001.0,7352.0,0.0,0.338607,1.506593,GRC,NZL,8942
840853,93,166,1410,2001.0,43339.0,0.0,-0.43618199999999996,0.135535,GTM,NZL,8942
840854,97,166,1410,2001.0,3918892.0,541183.0,0.639538,1.5157610000000001,HKG,NZL,8942
840855,103,166,1410,2001.0,248741.0,4985.0,0.039233,1.780659,IDN,NZL,8942
840856,104,166,1410,2001.0,103555.0,0.0,0.382444,2.538934,IND,NZL,8942
840857,106,166,1410,2001.0,35475.0,0.0,1.751955,0.210628,IRL,NZL,8942
840858,110,166,1410,2001.0,67365.0,0.0,1.17675,0.900401,ISR,NZL,8942
840859,111,166,1410,2001.0,400719.0,24521.0,1.488545,0.8410610000000001,ITA,NZL,8942
840860,113,166,1410,2001.0,0.0,29041.0,0.5404760000000001,0.8497170000000001,JOR,NZL,8942
840861,114,166,1410,2001.0,2171858.0,249991.0,2.674032,0.445636,JPN,NZL,8942
840862,119,166,1410,2001.0,0.0,19395.0,0.5835560000000001,-0.872135,KIR,NZL,8942
840863,121,166,1410,2001.0,435333.0,309305.0,1.436204,0.917057,KOR,NZL,8942
840864,122,166,1410,2001.0,5366.0,1452.0,-0.695801,-1.225701,KWT,NZL,8942
840865,128,166,1410,2001.0,48564.0,0.0,-0.43381000000000003,0.057630999999999995,LKA,NZL,8942
840866,131,166,1410,2001.0,14693.0,0.0,1.326753,1.2069530000000002,LUX,NZL,8942
840867,134,166,1410,2001.0,1052.0,0.0,-0.616006,-0.340127,MAR,NZL,8942
840868,138,166,1410,2001.0,261152.0,2522.0,1.088661,0.680197,MEX,NZL,8942
840869,142,166,1410,2001.0,4756.0,0.0,1.048708,-0.04453,MLT,NZL,8942
840870,153,166,1410,2001.0,640068.0,40586.0,0.894191,0.310677,MYS,NZL,8942
840871,156,166,1410,2001.0,0.0,156814.0,-0.523924,-0.9363049999999999,NCL,NZL,8942
840872,158,166,1410,2001.0,0.0,98503.0,2.1236029999999997,-0.348056,NFK,NZL,8942
840873,162,166,1410,2001.0,102948.0,115527.0,1.299569,1.487015,NLD,NZL,8942
840874,165,166,1410,2001.0,0.0,2749.0,0.954219,-0.184635,NRU,NZL,8942
840875,168,166,1410,2001.0,34527.0,76827.0,-0.741053,-0.41444,PAK,NZL,8942
840876,173,166,1410,2001.0,4706.0,0.0,-0.318071,0.116602,PER,NZL,8942
840877,174,166,1410,2001.0,172872.0,41641.0,0.153601,-0.174218,PHL,NZL,8942
840878,176,166,1410,2001.0,0.0,19403.0,-1.2970270000000002,-1.1991209999999999,PNG,NZL,8942
840879,177,166,1410,2001.0,7182.0,0.0,0.983238,1.7436209999999999,POL,NZL,8942
840880,179,166,1410,2001.0,11561.0,0.0,0.688736,1.326716,PRT,NZL,8942
840881,182,166,1410,2001.0,6040.0,37391.0,0.055376,-0.762668,PYF,NZL,8942
840882,185,166,1410,2001.0,29442.0,0.0,0.465168,1.1029129999999998,ROU,NZL,8942
840883,192,166,1410,2001.0,29766.0,2070855.0,1.587064,0.639626,SGP,NZL,8942
840884,206,166,1410,2001.0,7879.0,0.0,1.310591,1.195523,SVK,NZL,8942
840885,208,166,1410,2001.0,8504.0,0.0,2.01685,0.8233159999999999,SWE,NZL,8942
840886,216,166,1410,2001.0,584099.0,3223.0,0.49264600000000003,1.493471,THA,NZL,8942
840887,221,166,1410,2001.0,0.0,8751.0,-1.14535,-1.031814,TON,NZL,8942
840888,230,166,1410,2001.0,0.0,11714.0,0.192313,0.401841,URY,NZL,8942
840889,231,166,1410,2001.0,21581702.0,1250820.0,1.96615,-0.12332699999999999,USA,NZL,8942
840890,239,166,1410,2001.0,256059.0,0.0,-0.533978,0.503988,VNM,NZL,8942
840891,240,166,1410,2001.0,0.0,17888.0,-0.950859,-0.9321309999999999,VUT,NZL,8942
840892,242,166,1410,2001.0,0.0,52904.0,-0.45074200000000003,-0.7984439999999999,WSM,NZL,8942
840893,246,166,1410,2001.0,22702.0,119570.0,0.249833,2.1142950000000003,ZAF,NZL,8942
840894,249,166,1410,2001.0,1276331.0,35220.0,1.7270020000000001,1.252843,TWN,NZL,8942
840895,250,166,1410,2001.0,161052.0,0.0,0.947105,-0.529946,ANS,NZL,8942
840896,0,169,1410,2001.0,2995.0,0.0,-0.500051,-0.8763299999999999,ABW,PAN,8942
840897,15,169,1410,2001.0,217365.0,0.0,1.8987740000000002,0.45922700000000005,AUT,PAN,8942
840898,18,169,1410,2001.0,526160.0,0.0,1.425483,1.3072409999999999,BEL,PAN,8942
840899,23,169,1410,2001.0,3444.0,0.0,0.46429799999999993,1.7500380000000002,BGR,PAN,8942
840900,31,169,1410,2001.0,0.0,1491.0,-0.614885,-0.5022770000000001,BOL,PAN,8942
840901,32,169,1410,2001.0,31261.0,74856.0,0.658473,1.328637,BRA,PAN,8942
840902,39,169,1410,2001.0,18352.0,0.0,0.8899729999999999,1.3778299999999999,CAN,PAN,8942
840903,42,169,1410,2001.0,30865.0,66092.0,-0.148124,0.074033,CHL,PAN,8942
840904,43,169,1410,2001.0,18672228.0,0.0,0.535502,2.28778,CHN,PAN,8942
840905,49,169,1410,2001.0,240642.0,906119.0,0.3378,0.479951,COL,PAN,8942
840906,52,169,1410,2001.0,17888.0,964446.0,0.07408200000000001,0.126368,CRI,PAN,8942
840907,54,169,1410,2001.0,0.0,55643.0,-0.889919,-1.137994,CUB,PAN,8942
840908,59,169,1410,2001.0,1217.0,0.0,1.56908,0.860384,CZE,PAN,8942
840909,61,169,1410,2001.0,311197.0,0.0,2.335872,-2.09875,DEU,PAN,8942
840910,65,169,1410,2001.0,13748.0,383447.0,-0.55896,-0.517513,DOM,PAN,8942
840911,67,169,1410,2001.0,0.0,1086999.0,-0.8668389999999999,-0.891943,ECU,PAN,8942
840912,71,169,1410,2001.0,1727468.0,0.0,1.1380350000000001,1.7870139999999999,ESP,PAN,8942
840913,77,169,1410,2001.0,6656.0,0.0,1.6143809999999998,0.626221,FRA,PAN,8942
840914,81,169,1410,2001.0,135694.0,0.0,2.1068439999999997,0.658575,GBR,PAN,8942
840915,90,169,1410,2001.0,16964.0,0.0,0.338607,1.506593,GRC,PAN,8942
840916,91,169,1410,2001.0,0.0,3678.0,0.405462,-0.304177,GRD,PAN,8942
840917,93,169,1410,2001.0,30680.0,871569.0,-0.43618199999999996,0.135535,GTM,PAN,8942
840918,96,169,1410,2001.0,0.0,62673.0,-1.026002,-0.937657,GUY,PAN,8942
840919,97,169,1410,2001.0,29045882.0,16256.0,0.639538,1.5157610000000001,HKG,PAN,8942
840920,99,169,1410,2001.0,1902.0,1118818.0,-0.6886899999999999,-0.49161400000000005,HND,PAN,8942
840921,104,169,1410,2001.0,15448.0,0.0,0.382444,2.538934,IND,PAN,8942
840922,111,169,1410,2001.0,413934.0,0.0,1.488545,0.8410610000000001,ITA,PAN,8942
840923,112,169,1410,2001.0,0.0,162231.0,-0.562839,-0.9381510000000001,JAM,PAN,8942
840924,114,169,1410,2001.0,16076.0,0.0,2.674032,0.445636,JPN,PAN,8942
840925,120,169,1410,2001.0,0.0,9308.0,0.650191,-0.487457,KNA,PAN,8942
840926,121,169,1410,2001.0,52699.0,0.0,1.436204,0.917057,KOR,PAN,8942
840927,127,169,1410,2001.0,0.0,10194.0,0.064826,-0.521713,LCA,PAN,8942
840928,138,169,1410,2001.0,172862.0,32902.0,1.088661,0.680197,MEX,PAN,8942
840929,153,169,1410,2001.0,54553.0,0.0,0.894191,0.310677,MYS,PAN,8942
840930,160,169,1410,2001.0,1019.0,1460131.0,-0.865941,-0.617108,NIC,PAN,8942
840931,162,169,1410,2001.0,195964.0,0.0,1.299569,1.487015,NLD,PAN,8942
840932,163,169,1410,2001.0,2330.0,0.0,0.542366,-0.180336,NOR,PAN,8942
840933,173,169,1410,2001.0,235345.0,156201.0,-0.318071,0.116602,PER,PAN,8942
840934,180,169,1410,2001.0,0.0,3966.0,-0.7430220000000001,-0.8668540000000001,PRY,PAN,8942
840935,192,169,1410,2001.0,5381.0,0.0,1.587064,0.639626,SGP,PAN,8942
840936,197,169,1410,2001.0,4696.0,497763.0,-0.123958,-0.103849,SLV,PAN,8942
840937,205,169,1410,2001.0,0.0,72806.0,-0.7622359999999999,-0.790158,SUR,PAN,8942
840938,208,169,1410,2001.0,3779.0,0.0,2.01685,0.8233159999999999,SWE,PAN,8942
840939,216,169,1410,2001.0,250030.0,0.0,0.49264600000000003,1.493471,THA,PAN,8942
840940,222,169,1410,2001.0,0.0,18312.0,0.265201,-0.602807,TTO,PAN,8942
840941,224,169,1410,2001.0,7804.0,0.0,0.168219,1.989011,TUR,PAN,8942
840942,230,169,1410,2001.0,0.0,161725.0,0.192313,0.401841,URY,PAN,8942
840943,231,169,1410,2001.0,13025470.0,17439.0,1.96615,-0.12332699999999999,USA,PAN,8942
840944,234,169,1410,2001.0,0.0,32896.0,-0.318918,-0.764984,VCT,PAN,8942
840945,236,169,1410,2001.0,70537.0,5434966.0,-0.013877,-0.8582690000000001,VEN,PAN,8942
840946,239,169,1410,2001.0,18464.0,0.0,-0.533978,0.503988,VNM,PAN,8942
840947,249,169,1410,2001.0,3050032.0,0.0,1.7270020000000001,1.252843,TWN,PAN,8942
840948,250,169,1410,2001.0,4349431.0,29041.0,0.947105,-0.529946,ANS,PAN,8942
840949,6,173,1410,2001.0,0.0,3401.0,-0.17823699999999998,-0.814499,ANT,PER,8942
840950,8,173,1410,2001.0,273363.0,16607.0,0.11289,0.916845,ARG,PER,8942
840951,14,173,1410,2001.0,649234.0,19400.0,-0.12189000000000001,0.7281770000000001,AUS,PER,8942
840952,15,173,1410,2001.0,1851038.0,3105.0,1.8987740000000002,0.45922700000000005,AUT,PER,8942
840953,18,173,1410,2001.0,21727.0,20106.0,1.425483,1.3072409999999999,BEL,PER,8942
840954,31,173,1410,2001.0,0.0,54400.0,-0.614885,-0.5022770000000001,BOL,PER,8942
840955,32,173,1410,2001.0,100433.0,11717.0,0.658473,1.328637,BRA,PER,8942
840956,39,173,1410,2001.0,136510.0,29602.0,0.8899729999999999,1.3778299999999999,CAN,PER,8942
840957,41,173,1410,2001.0,29535.0,0.0,2.161588,0.8069890000000001,CHE,PER,8942
840958,42,173,1410,2001.0,135416.0,208502.0,-0.148124,0.074033,CHL,PER,8942
840959,43,173,1410,2001.0,5971467.0,0.0,0.535502,2.28778,CHN,PER,8942
840960,49,173,1410,2001.0,494412.0,52369.0,0.3378,0.479951,COL,PER,8942
840961,52,173,1410,2001.0,0.0,15707.0,0.07408200000000001,0.126368,CRI,PER,8942
840962,59,173,1410,2001.0,1586.0,0.0,1.56908,0.860384,CZE,PER,8942
840963,61,173,1410,2001.0,168763.0,52461.0,2.335872,-2.09875,DEU,PER,8942
840964,63,173,1410,2001.0,2366.0,0.0,0.573546,0.326301,DMA,PER,8942
840965,64,173,1410,2001.0,35895.0,0.0,1.356327,1.3288309999999999,DNK,PER,8942
840966,65,173,1410,2001.0,140404.0,1821.0,-0.55896,-0.517513,DOM,PER,8942
840967,67,173,1410,2001.0,96045.0,421667.0,-0.8668389999999999,-0.891943,ECU,PER,8942
840968,71,173,1410,2001.0,1185083.0,21210.0,1.1380350000000001,1.7870139999999999,ESP,PER,8942
840969,77,173,1410,2001.0,2850.0,44024.0,1.6143809999999998,0.626221,FRA,PER,8942
840970,81,173,1410,2001.0,39431.0,27531.0,2.1068439999999997,0.658575,GBR,PER,8942
840971,93,173,1410,2001.0,47832.0,10865.0,-0.43618199999999996,0.135535,GTM,PER,8942
840972,97,173,1410,2001.0,1690926.0,4068.0,0.639538,1.5157610000000001,HKG,PER,8942
840973,103,173,1410,2001.0,153929.0,0.0,0.039233,1.780659,IDN,PER,8942
840974,104,173,1410,2001.0,16820.0,67822.0,0.382444,2.538934,IND,PER,8942
840975,111,173,1410,2001.0,176099.0,148837.0,1.488545,0.8410610000000001,ITA,PER,8942
840976,114,173,1410,2001.0,562800.0,278625.0,2.674032,0.445636,JPN,PER,8942
840977,121,173,1410,2001.0,95435.0,0.0,1.436204,0.917057,KOR,PER,8942
840978,138,173,1410,2001.0,1754430.0,2460.0,1.088661,0.680197,MEX,PER,8942
840979,153,173,1410,2001.0,36043.0,0.0,0.894191,0.310677,MYS,PER,8942
840980,160,173,1410,2001.0,7474.0,34198.0,-0.865941,-0.617108,NIC,PER,8942
840981,162,173,1410,2001.0,1380.0,55878.0,1.299569,1.487015,NLD,PER,8942
840982,166,173,1410,2001.0,0.0,4706.0,0.220307,0.689625,NZL,PER,8942
840983,169,173,1410,2001.0,156201.0,235345.0,0.17863800000000002,0.440159,PAN,PER,8942
840984,174,173,1410,2001.0,4082.0,1052.0,0.153601,-0.174218,PHL,PER,8942
840985,177,173,1410,2001.0,2658.0,0.0,0.983238,1.7436209999999999,POL,PER,8942
840986,178,173,1410,2001.0,3236.0,0.0,0.7188640000000001,1.101559,PRK,PER,8942
840987,179,173,1410,2001.0,0.0,1705.0,0.688736,1.326716,PRT,PER,8942
840988,180,173,1410,2001.0,10992.0,28081.0,-0.7430220000000001,-0.8668540000000001,PRY,PER,8942
840989,192,173,1410,2001.0,2132.0,0.0,1.587064,0.639626,SGP,PER,8942
840990,208,173,1410,2001.0,4184.0,4484.0,2.01685,0.8233159999999999,SWE,PER,8942
840991,216,173,1410,2001.0,72233.0,0.0,0.49264600000000003,1.493471,THA,PER,8942
840992,222,173,1410,2001.0,0.0,1249.0,0.265201,-0.602807,TTO,PER,8942
840993,228,173,1410,2001.0,0.0,28402.0,0.642888,1.267971,UKR,PER,8942
840994,230,173,1410,2001.0,51038.0,0.0,0.192313,0.401841,URY,PER,8942
840995,231,173,1410,2001.0,16953952.0,615873.0,1.96615,-0.12332699999999999,USA,PER,8942
840996,236,173,1410,2001.0,4647.0,58595.0,-0.013877,-0.8582690000000001,VEN,PER,8942
840997,239,173,1410,2001.0,69522.0,0.0,-0.533978,0.503988,VNM,PER,8942
840998,246,173,1410,2001.0,23186.0,0.0,0.249833,2.1142950000000003,ZAF,PER,8942
840999,249,173,1410,2001.0,1683357.0,0.0,1.7270020000000001,1.252843,TWN,PER,8942
841000,7,174,1410,2001.0,0.0,699239.0,-0.217259,-0.613042,ARE,PHL,8942
841001,8,174,1410,2001.0,0.0,47334.0,0.11289,0.916845,ARG,PHL,8942
841002,14,174,1410,2001.0,1354453.0,1997996.0,-0.12189000000000001,0.7281770000000001,AUS,PHL,8942
841003,15,174,1410,2001.0,3313.0,144995.0,1.8987740000000002,0.45922700000000005,AUT,PHL,8942
841004,18,174,1410,2001.0,103410.0,1142110.0,1.425483,1.3072409999999999,BEL,PHL,8942
841005,22,174,1410,2001.0,112958.0,0.0,-0.799988,-1.061584,BGD,PHL,8942
841006,24,174,1410,2001.0,0.0,3892.0,-0.11648499999999999,-1.101653,BHR,PHL,8942
841007,25,174,1410,2001.0,0.0,11275.0,0.37464899999999995,-0.130024,BHS,PHL,8942
841008,32,174,1410,2001.0,0.0,110426.0,0.658473,1.328637,BRA,PHL,8942
841009,33,174,1410,2001.0,0.0,53952.0,0.418462,-0.020000999999999998,BRB,PHL,8942
841010,34,174,1410,2001.0,0.0,20711.0,-0.38253899999999996,-0.904789,BRN,PHL,8942
841011,39,174,1410,2001.0,132413.0,2174737.0,0.8899729999999999,1.3778299999999999,CAN,PHL,8942
841012,41,174,1410,2001.0,10162.0,1062425.0,2.161588,0.8069890000000001,CHE,PHL,8942
841013,42,174,1410,2001.0,0.0,57827.0,-0.148124,0.074033,CHL,PHL,8942
841014,43,174,1410,2001.0,14591111.0,938427.0,0.535502,2.28778,CHN,PHL,8942
841015,49,174,1410,2001.0,0.0,9511.0,0.3378,0.479951,COL,PHL,8942
841016,52,174,1410,2001.0,0.0,24020.0,0.07408200000000001,0.126368,CRI,PHL,8942
841017,58,174,1410,2001.0,0.0,45026.0,0.30700500000000003,0.258726,CYP,PHL,8942
841018,59,174,1410,2001.0,0.0,42413.0,1.56908,0.860384,CZE,PHL,8942
841019,61,174,1410,2001.0,673809.0,3150263.0,2.335872,-2.09875,DEU,PHL,8942
841020,64,174,1410,2001.0,189169.0,491668.0,1.356327,1.3288309999999999,DNK,PHL,8942
841021,67,174,1410,2001.0,0.0,7678.0,-0.8668389999999999,-0.891943,ECU,PHL,8942
841022,68,174,1410,2001.0,0.0,23488.0,-0.346794,0.431229,EGY,PHL,8942
841023,71,174,1410,2001.0,193391.0,1057779.0,1.1380350000000001,1.7870139999999999,ESP,PHL,8942
841024,74,174,1410,2001.0,0.0,54422.0,1.9661669999999998,1.000436,FIN,PHL,8942
841025,75,174,1410,2001.0,0.0,4211.0,-0.9144950000000001,-0.673283,FJI,PHL,8942
841026,77,174,1410,2001.0,434592.0,1947118.0,1.6143809999999998,0.626221,FRA,PHL,8942
841027,79,174,1410,2001.0,0.0,1164.0,-1.34871,-1.113427,FSM,PHL,8942
841028,81,174,1410,2001.0,110805.0,2746684.0,2.1068439999999997,0.658575,GBR,PHL,8942
841029,90,174,1410,2001.0,0.0,213010.0,0.338607,1.506593,GRC,PHL,8942
841030,93,174,1410,2001.0,0.0,16653.0,-0.43618199999999996,0.135535,GTM,PHL,8942
841031,95,174,1410,2001.0,0.0,111067.0,-0.525971,-0.999035,GUM,PHL,8942
841032,97,174,1410,2001.0,20784326.0,3792681.0,0.639538,1.5157610000000001,HKG,PHL,8942
841033,99,174,1410,2001.0,0.0,17811.0,-0.6886899999999999,-0.49161400000000005,HND,PHL,8942
841034,100,174,1410,2001.0,0.0,24822.0,0.6315729999999999,1.169338,HRV,PHL,8942
841035,102,174,1410,2001.0,180798.0,2216.0,1.069245,1.2217069999999999,HUN,PHL,8942
841036,103,174,1410,2001.0,822155.0,49030.0,0.039233,1.780659,IDN,PHL,8942
841037,104,174,1410,2001.0,9363.0,237285.0,0.382444,2.538934,IND,PHL,8942
841038,106,174,1410,2001.0,0.0,44994.0,1.751955,0.210628,IRL,PHL,8942
841039,109,174,1410,2001.0,0.0,2327.0,0.049756,-0.496962,ISL,PHL,8942
841040,110,174,1410,2001.0,8717.0,77053.0,1.17675,0.900401,ISR,PHL,8942
841041,111,174,1410,2001.0,148340.0,1691139.0,1.488545,0.8410610000000001,ITA,PHL,8942
841042,113,174,1410,2001.0,0.0,4884.0,0.5404760000000001,0.8497170000000001,JOR,PHL,8942
841043,114,174,1410,2001.0,2710609.0,13274096.0,2.674032,0.445636,JPN,PHL,8942
841044,118,174,1410,2001.0,0.0,201476.0,-0.8596729999999999,-1.1214979999999999,KHM,PHL,8942
841045,121,174,1410,2001.0,4004585.0,551079.0,1.436204,0.917057,KOR,PHL,8942
841046,122,174,1410,2001.0,0.0,61504.0,-0.695801,-1.225701,KWT,PHL,8942
841047,124,174,1410,2001.0,0.0,87241.0,0.09267,0.97731,LBN,PHL,8942
841048,128,174,1410,2001.0,0.0,8340.0,-0.43381000000000003,0.057630999999999995,LKA,PHL,8942
841049,130,174,1410,2001.0,8959.0,0.0,0.21069699999999997,0.720384,LTU,PHL,8942
841050,134,174,1410,2001.0,0.0,6393.0,-0.616006,-0.340127,MAR,PHL,8942
841051,137,174,1410,2001.0,0.0,5015.0,-0.957807,-1.0006030000000001,MDV,PHL,8942
841052,138,174,1410,2001.0,134084.0,709031.0,1.088661,0.680197,MEX,PHL,8942
841053,142,174,1410,2001.0,0.0,13878.0,1.048708,-0.04453,MLT,PHL,8942
841054,143,174,1410,2001.0,0.0,5637.0,-1.284563,-1.021743,MMR,PHL,8942
841055,153,174,1410,2001.0,1833064.0,54154.0,0.894191,0.310677,MYS,PHL,8942
841056,156,174,1410,2001.0,0.0,1043.0,-0.523924,-0.9363049999999999,NCL,PHL,8942
841057,159,174,1410,2001.0,0.0,1246.0,-1.9085759999999998,-1.335279,NGA,PHL,8942
841058,162,174,1410,2001.0,7689.0,1691844.0,1.299569,1.487015,NLD,PHL,8942
841059,163,174,1410,2001.0,0.0,191720.0,0.542366,-0.180336,NOR,PHL,8942
841060,166,174,1410,2001.0,41641.0,172872.0,0.220307,0.689625,NZL,PHL,8942
841061,167,174,1410,2001.0,0.0,11002.0,-1.4727729999999999,-1.329588,OMN,PHL,8942
841062,173,174,1410,2001.0,1052.0,4082.0,-0.318071,0.116602,PER,PHL,8942
841063,175,174,1410,2001.0,0.0,5546.0,-0.55548,-0.988116,PLW,PHL,8942
841064,177,174,1410,2001.0,0.0,45451.0,0.983238,1.7436209999999999,POL,PHL,8942
841065,179,174,1410,2001.0,3888.0,159036.0,0.688736,1.326716,PRT,PHL,8942
841066,180,174,1410,2001.0,0.0,14763.0,-0.7430220000000001,-0.8668540000000001,PRY,PHL,8942
841067,182,174,1410,2001.0,0.0,1423.0,0.055376,-0.762668,PYF,PHL,8942
841068,183,174,1410,2001.0,0.0,6196.0,-0.282283,-1.136895,QAT,PHL,8942
841069,186,174,1410,2001.0,0.0,24761.0,0.546271,0.195872,RUS,PHL,8942
841070,188,174,1410,2001.0,6695.0,89846.0,0.078887,-0.9764430000000001,SAU,PHL,8942
841071,191,174,1410,2001.0,0.0,7562.0,-0.570156,-0.560573,SEN,PHL,8942
841072,192,174,1410,2001.0,1654500.0,464486.0,1.587064,0.639626,SGP,PHL,8942
841073,206,174,1410,2001.0,0.0,1159.0,1.310591,1.195523,SVK,PHL,8942
841074,207,174,1410,2001.0,0.0,2172.0,1.488089,1.0928360000000001,SVN,PHL,8942
841075,208,174,1410,2001.0,1372.0,526718.0,2.01685,0.8233159999999999,SWE,PHL,8942
841076,216,174,1410,2001.0,379575.0,140079.0,0.49264600000000003,1.493471,THA,PHL,8942
841077,222,174,1410,2001.0,0.0,9822.0,0.265201,-0.602807,TTO,PHL,8942
841078,224,174,1410,2001.0,0.0,17688.0,0.168219,1.989011,TUR,PHL,8942
841079,228,174,1410,2001.0,0.0,12979.0,0.642888,1.267971,UKR,PHL,8942
841080,229,174,1410,2001.0,0.0,111036.0,0.22142699999999998,-0.32729899999999995,UMI,PHL,8942
841081,230,174,1410,2001.0,0.0,12442.0,0.192313,0.401841,URY,PHL,8942
841082,231,174,1410,2001.0,7782962.0,51144340.0,1.96615,-0.12332699999999999,USA,PHL,8942
841083,236,174,1410,2001.0,0.0,379011.0,-0.013877,-0.8582690000000001,VEN,PHL,8942
841084,239,174,1410,2001.0,19678.0,58665.0,-0.533978,0.503988,VNM,PHL,8942
841085,246,174,1410,2001.0,1250.0,44723.0,0.249833,2.1142950000000003,ZAF,PHL,8942
841086,249,174,1410,2001.0,2402649.0,192084.0,1.7270020000000001,1.252843,TWN,PHL,8942
841087,8,180,1410,2001.0,252190.0,0.0,0.11289,0.916845,ARG,PRY,8942
841088,31,180,1410,2001.0,1632.0,6652.0,-0.614885,-0.5022770000000001,BOL,PRY,8942
841089,32,180,1410,2001.0,2386942.0,1451.0,0.658473,1.328637,BRA,PRY,8942
841090,39,180,1410,2001.0,637792.0,0.0,0.8899729999999999,1.3778299999999999,CAN,PRY,8942
841091,42,180,1410,2001.0,259564.0,6849.0,-0.148124,0.074033,CHL,PRY,8942
841092,43,180,1410,2001.0,5514125.0,0.0,0.535502,2.28778,CHN,PRY,8942
841093,61,180,1410,2001.0,22029.0,0.0,2.335872,-2.09875,DEU,PRY,8942
841094,71,180,1410,2001.0,230338.0,0.0,1.1380350000000001,1.7870139999999999,ESP,PRY,8942
841095,77,180,1410,2001.0,25229.0,0.0,1.6143809999999998,0.626221,FRA,PRY,8942
841096,81,180,1410,2001.0,4104.0,71351.0,2.1068439999999997,0.658575,GBR,PRY,8942
841097,93,180,1410,2001.0,0.0,1233.0,-0.43618199999999996,0.135535,GTM,PRY,8942
841098,97,180,1410,2001.0,13634706.0,6687.0,0.639538,1.5157610000000001,HKG,PRY,8942
841099,103,180,1410,2001.0,3162.0,0.0,0.039233,1.780659,IDN,PRY,8942
841100,104,180,1410,2001.0,7176.0,0.0,0.382444,2.538934,IND,PRY,8942
841101,106,180,1410,2001.0,25258.0,0.0,1.751955,0.210628,IRL,PRY,8942
841102,111,180,1410,2001.0,62735.0,0.0,1.488545,0.8410610000000001,ITA,PRY,8942
841103,114,180,1410,2001.0,909908.0,0.0,2.674032,0.445636,JPN,PRY,8942
841104,121,180,1410,2001.0,58998.0,0.0,1.436204,0.917057,KOR,PRY,8942
841105,138,180,1410,2001.0,44236.0,0.0,1.088661,0.680197,MEX,PRY,8942
841106,153,180,1410,2001.0,19941.0,0.0,0.894191,0.310677,MYS,PRY,8942
841107,169,180,1410,2001.0,3966.0,0.0,0.17863800000000002,0.440159,PAN,PRY,8942
841108,173,180,1410,2001.0,28081.0,10992.0,-0.318071,0.116602,PER,PRY,8942
841109,174,180,1410,2001.0,14763.0,0.0,0.153601,-0.174218,PHL,PRY,8942
841110,178,180,1410,2001.0,4878.0,0.0,0.7188640000000001,1.101559,PRK,PRY,8942
841111,179,180,1410,2001.0,3296.0,0.0,0.688736,1.326716,PRT,PRY,8942
841112,192,180,1410,2001.0,17186.0,0.0,1.587064,0.639626,SGP,PRY,8942
841113,216,180,1410,2001.0,66241.0,0.0,0.49264600000000003,1.493471,THA,PRY,8942
841114,230,180,1410,2001.0,17045.0,0.0,0.192313,0.401841,URY,PRY,8942
841115,231,180,1410,2001.0,13858892.0,357942.0,1.96615,-0.12332699999999999,USA,PRY,8942
841116,236,180,1410,2001.0,17585.0,0.0,-0.013877,-0.8582690000000001,VEN,PRY,8942
841117,249,180,1410,2001.0,192680.0,0.0,1.7270020000000001,1.252843,TWN,PRY,8942
841118,7,185,1410,2001.0,36327.0,0.0,-0.217259,-0.613042,ARE,ROU,8942
841119,14,185,1410,2001.0,36173.0,386984.0,-0.12189000000000001,0.7281770000000001,AUS,ROU,8942
841120,15,185,1410,2001.0,570078.0,562774.0,1.8987740000000002,0.45922700000000005,AUT,ROU,8942
841121,18,185,1410,2001.0,248747.0,221290.0,1.425483,1.3072409999999999,BEL,ROU,8942
841122,23,185,1410,2001.0,46479.0,0.0,0.46429799999999993,1.7500380000000002,BGR,ROU,8942
841123,25,185,1410,2001.0,11414.0,0.0,0.37464899999999995,-0.130024,BHS,ROU,8942
841124,32,185,1410,2001.0,0.0,137133.0,0.658473,1.328637,BRA,ROU,8942
841125,39,185,1410,2001.0,16268.0,204269.0,0.8899729999999999,1.3778299999999999,CAN,ROU,8942
841126,41,185,1410,2001.0,105259.0,169747.0,2.161588,0.8069890000000001,CHE,ROU,8942
841127,42,185,1410,2001.0,0.0,15400.0,-0.148124,0.074033,CHL,ROU,8942
841128,43,185,1410,2001.0,3544552.0,0.0,0.535502,2.28778,CHN,ROU,8942
841129,49,185,1410,2001.0,0.0,45761.0,0.3378,0.479951,COL,ROU,8942
841130,58,185,1410,2001.0,0.0,5997.0,0.30700500000000003,0.258726,CYP,ROU,8942
841131,59,185,1410,2001.0,39314.0,2675.0,1.56908,0.860384,CZE,ROU,8942
841132,61,185,1410,2001.0,933231.0,23314992.0,2.335872,-2.09875,DEU,ROU,8942
841133,64,185,1410,2001.0,99629.0,368710.0,1.356327,1.3288309999999999,DNK,ROU,8942
841134,71,185,1410,2001.0,456442.0,561208.0,1.1380350000000001,1.7870139999999999,ESP,ROU,8942
841135,73,185,1410,2001.0,0.0,1562.0,-1.010637,-0.8893280000000001,ETH,ROU,8942
841136,74,185,1410,2001.0,7326.0,1460.0,1.9661669999999998,1.000436,FIN,ROU,8942
841137,77,185,1410,2001.0,436153.0,9573767.0,1.6143809999999998,0.626221,FRA,ROU,8942
841138,81,185,1410,2001.0,452368.0,666146.0,2.1068439999999997,0.658575,GBR,ROU,8942
841139,90,185,1410,2001.0,130527.0,0.0,0.338607,1.506593,GRC,ROU,8942
841140,97,185,1410,2001.0,265065.0,0.0,0.639538,1.5157610000000001,HKG,ROU,8942
841141,100,185,1410,2001.0,0.0,16128.0,0.6315729999999999,1.169338,HRV,ROU,8942
841142,102,185,1410,2001.0,1625236.0,4323132.0,1.069245,1.2217069999999999,HUN,ROU,8942
841143,103,185,1410,2001.0,24204.0,0.0,0.039233,1.780659,IDN,ROU,8942
841144,104,185,1410,2001.0,0.0,13856.0,0.382444,2.538934,IND,ROU,8942
841145,106,185,1410,2001.0,28355.0,16501.0,1.751955,0.210628,IRL,ROU,8942
841146,107,185,1410,2001.0,37440.0,0.0,-0.973691,-1.05654,IRN,ROU,8942
841147,110,185,1410,2001.0,27766.0,107568.0,1.17675,0.900401,ISR,ROU,8942
841148,111,185,1410,2001.0,19265386.0,19704688.0,1.488545,0.8410610000000001,ITA,ROU,8942
841149,114,185,1410,2001.0,13448.0,226247.0,2.674032,0.445636,JPN,ROU,8942
841150,121,185,1410,2001.0,19696.0,1319.0,1.436204,0.917057,KOR,ROU,8942
841151,124,185,1410,2001.0,3398.0,0.0,0.09267,0.97731,LBN,ROU,8942
841152,130,185,1410,2001.0,0.0,1654.0,0.21069699999999997,0.720384,LTU,ROU,8942
841153,131,185,1410,2001.0,5809.0,0.0,1.326753,1.2069530000000002,LUX,ROU,8942
841154,134,185,1410,2001.0,2873.0,0.0,-0.616006,-0.340127,MAR,ROU,8942
841155,135,185,1410,2001.0,27316.0,16125.0,0.12110699999999999,0.159706,MDA,ROU,8942
841156,138,185,1410,2001.0,5637.0,322365.0,1.088661,0.680197,MEX,ROU,8942
841157,153,185,1410,2001.0,4453.0,4675.0,0.894191,0.310677,MYS,ROU,8942
841158,162,185,1410,2001.0,286833.0,3899119.0,1.299569,1.487015,NLD,ROU,8942
841159,163,185,1410,2001.0,0.0,78673.0,0.542366,-0.180336,NOR,ROU,8942
841160,166,185,1410,2001.0,0.0,29442.0,0.220307,0.689625,NZL,ROU,8942
841161,177,185,1410,2001.0,100074.0,43019.0,0.983238,1.7436209999999999,POL,ROU,8942
841162,178,185,1410,2001.0,2462.0,0.0,0.7188640000000001,1.101559,PRK,ROU,8942
841163,179,185,1410,2001.0,1141.0,0.0,0.688736,1.326716,PRT,ROU,8942
841164,186,185,1410,2001.0,0.0,4048.0,0.546271,0.195872,RUS,ROU,8942
841165,192,185,1410,2001.0,0.0,10716.0,1.587064,0.639626,SGP,ROU,8942
841166,206,185,1410,2001.0,23406.0,6260.0,1.310591,1.195523,SVK,ROU,8942
841167,207,185,1410,2001.0,530290.0,1135762.0,1.488089,1.0928360000000001,SVN,ROU,8942
841168,208,185,1410,2001.0,25711.0,96815.0,2.01685,0.8233159999999999,SWE,ROU,8942
841169,212,185,1410,2001.0,27406.0,0.0,-1.138774,-0.839648,SYR,ROU,8942
841170,216,185,1410,2001.0,98041.0,0.0,0.49264600000000003,1.493471,THA,ROU,8942
841171,224,185,1410,2001.0,373188.0,6520.0,0.168219,1.989011,TUR,ROU,8942
841172,227,185,1410,2001.0,0.0,4093.0,-1.1823700000000001,-0.7738619999999999,UGA,ROU,8942
841173,228,185,1410,2001.0,6247.0,0.0,0.642888,1.267971,UKR,ROU,8942
841174,231,185,1410,2001.0,479421.0,3853844.0,1.96615,-0.12332699999999999,USA,ROU,8942
841175,236,185,1410,2001.0,0.0,100093.0,-0.013877,-0.8582690000000001,VEN,ROU,8942
841176,239,185,1410,2001.0,131367.0,0.0,-0.533978,0.503988,VNM,ROU,8942
841177,246,185,1410,2001.0,0.0,15834.0,0.249833,2.1142950000000003,ZAF,ROU,8942
841178,249,185,1410,2001.0,141291.0,67019.0,1.7270020000000001,1.252843,TWN,ROU,8942
841179,250,185,1410,2001.0,150183.0,2070.0,0.947105,-0.529946,ANS,ROU,8942
841180,7,192,1410,2001.0,0.0,1600317.0,-0.217259,-0.613042,ARE,SGP,8942
841181,8,192,1410,2001.0,20689.0,81438.0,0.11289,0.916845,ARG,SGP,8942
841182,14,192,1410,2001.0,11256379.0,1046930.0,-0.12189000000000001,0.7281770000000001,AUS,SGP,8942
841183,15,192,1410,2001.0,126818.0,1343.0,1.8987740000000002,0.45922700000000005,AUT,SGP,8942
841184,18,192,1410,2001.0,1670397.0,8595.0,1.425483,1.3072409999999999,BEL,SGP,8942
841185,19,192,1410,2001.0,0.0,3241.0,-0.9032530000000001,-0.8979590000000001,BEN,SGP,8942
841186,22,192,1410,2001.0,0.0,121203.0,-0.799988,-1.061584,BGD,SGP,8942
841187,23,192,1410,2001.0,24277.0,0.0,0.46429799999999993,1.7500380000000002,BGR,SGP,8942
841188,24,192,1410,2001.0,0.0,12032.0,-0.11648499999999999,-1.101653,BHR,SGP,8942
841189,26,192,1410,2001.0,187881.0,0.0,0.263644,0.44197,BIH,SGP,8942
841190,31,192,1410,2001.0,0.0,3176.0,-0.614885,-0.5022770000000001,BOL,SGP,8942
841191,32,192,1410,2001.0,1345.0,792543.0,0.658473,1.328637,BRA,SGP,8942
841192,34,192,1410,2001.0,5358.0,3937096.0,-0.38253899999999996,-0.904789,BRN,SGP,8942
841193,39,192,1410,2001.0,302734.0,168836.0,0.8899729999999999,1.3778299999999999,CAN,SGP,8942
841194,41,192,1410,2001.0,1020072.0,2948752.0,2.161588,0.8069890000000001,CHE,SGP,8942
841195,43,192,1410,2001.0,25604860.0,1614930.0,0.535502,2.28778,CHN,SGP,8942
841196,48,192,1410,2001.0,0.0,9601.0,0.295102,-0.686682,COK,SGP,8942
841197,49,192,1410,2001.0,12270.0,9062.0,0.3378,0.479951,COL,SGP,8942
841198,50,192,1410,2001.0,0.0,1268.0,0.060207000000000004,-0.91817,COM,SGP,8942
841199,52,192,1410,2001.0,0.0,34188.0,0.07408200000000001,0.126368,CRI,SGP,8942
841200,58,192,1410,2001.0,0.0,53171.0,0.30700500000000003,0.258726,CYP,SGP,8942
841201,59,192,1410,2001.0,90685.0,68974.0,1.56908,0.860384,CZE,SGP,8942
841202,61,192,1410,2001.0,2380188.0,8218017.0,2.335872,-2.09875,DEU,SGP,8942
841203,64,192,1410,2001.0,817623.0,1673285.0,1.356327,1.3288309999999999,DNK,SGP,8942
841204,68,192,1410,2001.0,0.0,134494.0,-0.346794,0.431229,EGY,SGP,8942
841205,71,192,1410,2001.0,762698.0,538533.0,1.1380350000000001,1.7870139999999999,ESP,SGP,8942
841206,74,192,1410,2001.0,20423.0,12864.0,1.9661669999999998,1.000436,FIN,SGP,8942
841207,75,192,1410,2001.0,0.0,6641.0,-0.9144950000000001,-0.673283,FJI,SGP,8942
841208,77,192,1410,2001.0,1077241.0,70355.0,1.6143809999999998,0.626221,FRA,SGP,8942
841209,79,192,1410,2001.0,0.0,23984.0,-1.34871,-1.113427,FSM,SGP,8942
841210,81,192,1410,2001.0,2232055.0,620168.0,2.1068439999999997,0.658575,GBR,SGP,8942
841211,85,192,1410,2001.0,0.0,1570.0,-1.2887950000000001,-1.195448,GIN,SGP,8942
841212,90,192,1410,2001.0,13806.0,20162.0,0.338607,1.506593,GRC,SGP,8942
841213,93,192,1410,2001.0,0.0,204272.0,-0.43618199999999996,0.135535,GTM,SGP,8942
841214,95,192,1410,2001.0,0.0,1766.0,-0.525971,-0.999035,GUM,SGP,8942
841215,97,192,1410,2001.0,36325356.0,11565261.0,0.639538,1.5157610000000001,HKG,SGP,8942
841216,102,192,1410,2001.0,140846.0,29514.0,1.069245,1.2217069999999999,HUN,SGP,8942
841217,103,192,1410,2001.0,1751149.0,251494.0,0.039233,1.780659,IDN,SGP,8942
841218,104,192,1410,2001.0,257817.0,585414.0,0.382444,2.538934,IND,SGP,8942
841219,106,192,1410,2001.0,143393.0,18635.0,1.751955,0.210628,IRL,SGP,8942
841220,107,192,1410,2001.0,0.0,3264.0,-0.973691,-1.05654,IRN,SGP,8942
841221,110,192,1410,2001.0,199599.0,234179.0,1.17675,0.900401,ISR,SGP,8942
841222,111,192,1410,2001.0,577052.0,25920.0,1.488545,0.8410610000000001,ITA,SGP,8942
841223,113,192,1410,2001.0,0.0,2957.0,0.5404760000000001,0.8497170000000001,JOR,SGP,8942
841224,114,192,1410,2001.0,12976495.0,1152762.0,2.674032,0.445636,JPN,SGP,8942
841225,116,192,1410,2001.0,0.0,19075.0,-0.533651,0.072611,KEN,SGP,8942
841226,118,192,1410,2001.0,12665.0,198615.0,-0.8596729999999999,-1.1214979999999999,KHM,SGP,8942
841227,121,192,1410,2001.0,1494284.0,330848.0,1.436204,0.917057,KOR,SGP,8942
841228,122,192,1410,2001.0,0.0,25722.0,-0.695801,-1.225701,KWT,SGP,8942
841229,123,192,1410,2001.0,0.0,6373.0,-0.922693,-1.056163,LAO,SGP,8942
841230,124,192,1410,2001.0,0.0,69042.0,0.09267,0.97731,LBN,SGP,8942
841231,128,192,1410,2001.0,13946.0,112342.0,-0.43381000000000003,0.057630999999999995,LKA,SGP,8942
841232,131,192,1410,2001.0,61607.0,0.0,1.326753,1.2069530000000002,LUX,SGP,8942
841233,133,192,1410,2001.0,88249.0,5492.0,-0.250517,-0.589391,MAC,SGP,8942
841234,134,192,1410,2001.0,0.0,3857.0,-0.616006,-0.340127,MAR,SGP,8942
841235,136,192,1410,2001.0,0.0,47959.0,-1.0624850000000001,-0.695873,MDG,SGP,8942
841236,137,192,1410,2001.0,0.0,104572.0,-0.957807,-1.0006030000000001,MDV,SGP,8942
841237,138,192,1410,2001.0,221873.0,53289.0,1.088661,0.680197,MEX,SGP,8942
841238,142,192,1410,2001.0,0.0,54476.0,1.048708,-0.04453,MLT,SGP,8942
841239,143,192,1410,2001.0,21597.0,517167.0,-1.284563,-1.021743,MMR,SGP,8942
841240,145,192,1410,2001.0,0.0,6865.0,-0.619765,-0.967515,MNG,SGP,8942
841241,148,192,1410,2001.0,0.0,4857.0,-1.112149,-1.292716,MRT,SGP,8942
841242,151,192,1410,2001.0,2306.0,20704.0,-0.304271,-0.589387,MUS,SGP,8942
841243,153,192,1410,2001.0,3894114.0,16025791.0,0.894191,0.310677,MYS,SGP,8942
841244,154,192,1410,2001.0,0.0,5137.0,1.9170209999999999,0.08771799999999999,MYT,SGP,8942
841245,156,192,1410,2001.0,0.0,37646.0,-0.523924,-0.9363049999999999,NCL,SGP,8942
841246,159,192,1410,2001.0,0.0,40083.0,-1.9085759999999998,-1.335279,NGA,SGP,8942
841247,162,192,1410,2001.0,631748.0,465002.0,1.299569,1.487015,NLD,SGP,8942
841248,163,192,1410,2001.0,4312.0,18507.0,0.542366,-0.180336,NOR,SGP,8942
841249,164,192,1410,2001.0,0.0,463449.0,-0.34213699999999997,0.100496,NPL,SGP,8942
841250,166,192,1410,2001.0,2070855.0,29766.0,0.220307,0.689625,NZL,SGP,8942
841251,168,192,1410,2001.0,15698.0,225570.0,-0.741053,-0.41444,PAK,SGP,8942
841252,169,192,1410,2001.0,0.0,5381.0,0.17863800000000002,0.440159,PAN,SGP,8942
841253,173,192,1410,2001.0,0.0,2132.0,-0.318071,0.116602,PER,SGP,8942
841254,174,192,1410,2001.0,464486.0,1654500.0,0.153601,-0.174218,PHL,SGP,8942
841255,175,192,1410,2001.0,0.0,1142.0,-0.55548,-0.988116,PLW,SGP,8942
841256,176,192,1410,2001.0,0.0,44186.0,-1.2970270000000002,-1.1991209999999999,PNG,SGP,8942
841257,177,192,1410,2001.0,6038.0,0.0,0.983238,1.7436209999999999,POL,SGP,8942
841258,179,192,1410,2001.0,55689.0,0.0,0.688736,1.326716,PRT,SGP,8942
841259,180,192,1410,2001.0,0.0,17186.0,-0.7430220000000001,-0.8668540000000001,PRY,SGP,8942
841260,182,192,1410,2001.0,0.0,41173.0,0.055376,-0.762668,PYF,SGP,8942
841261,183,192,1410,2001.0,0.0,23018.0,-0.282283,-1.136895,QAT,SGP,8942
841262,185,192,1410,2001.0,10716.0,0.0,0.465168,1.1029129999999998,ROU,SGP,8942
841263,186,192,1410,2001.0,0.0,284637.0,0.546271,0.195872,RUS,SGP,8942
841264,188,192,1410,2001.0,0.0,268712.0,0.078887,-0.9764430000000001,SAU,SGP,8942
841265,189,192,1410,2001.0,0.0,2367.0,0.38765,2.769588,SCG,SGP,8942
841266,190,192,1410,2001.0,0.0,7560.0,-1.7142950000000001,-1.341016,SDN,SGP,8942
841267,191,192,1410,2001.0,0.0,3135.0,-0.570156,-0.560573,SEN,SGP,8942
841268,195,192,1410,2001.0,0.0,29543.0,-0.5235810000000001,-0.796198,SLB,SGP,8942
841269,196,192,1410,2001.0,0.0,6663.0,0.262953,0.30432800000000004,SLE,SGP,8942
841270,208,192,1410,2001.0,82135.0,18768.0,2.01685,0.8233159999999999,SWE,SGP,8942
841271,209,192,1410,2001.0,0.0,2415.0,0.31004299999999996,-0.21159499999999998,SWZ,SGP,8942
841272,211,192,1410,2001.0,0.0,59496.0,-0.40370700000000004,-0.9052620000000001,SYC,SGP,8942
841273,215,192,1410,2001.0,0.0,8018.0,-0.45409399999999994,-0.337055,TGO,SGP,8942
841274,216,192,1410,2001.0,1811821.0,2621880.0,0.49264600000000003,1.493471,THA,SGP,8942
841275,219,192,1410,2001.0,0.0,4924.0,-0.8917290000000001,-1.226342,TKM,SGP,8942
841276,221,192,1410,2001.0,0.0,5239.0,-1.14535,-1.031814,TON,SGP,8942
841277,224,192,1410,2001.0,0.0,2560.0,0.168219,1.989011,TUR,SGP,8942
841278,227,192,1410,2001.0,0.0,8683.0,-1.1823700000000001,-0.7738619999999999,UGA,SGP,8942
841279,231,192,1410,2001.0,21682642.0,5668137.0,1.96615,-0.12332699999999999,USA,SGP,8942
841280,232,192,1410,2001.0,0.0,14683.0,-0.395015,-0.7717649999999999,UZB,SGP,8942
841281,236,192,1410,2001.0,0.0,621187.0,-0.013877,-0.8582690000000001,VEN,SGP,8942
841282,239,192,1410,2001.0,79240.0,459674.0,-0.533978,0.503988,VNM,SGP,8942
841283,240,192,1410,2001.0,0.0,16753.0,-0.950859,-0.9321309999999999,VUT,SGP,8942
841284,242,192,1410,2001.0,0.0,7849.0,-0.45074200000000003,-0.7984439999999999,WSM,SGP,8942
841285,246,192,1410,2001.0,10202.0,82099.0,0.249833,2.1142950000000003,ZAF,SGP,8942
841286,249,192,1410,2001.0,4679402.0,322515.0,1.7270020000000001,1.252843,TWN,SGP,8942
841287,18,197,1410,2001.0,6122.0,0.0,1.425483,1.3072409999999999,BEL,SLV,8942
841288,39,197,1410,2001.0,37376.0,0.0,0.8899729999999999,1.3778299999999999,CAN,SLV,8942
841289,41,197,1410,2001.0,0.0,1734.0,2.161588,0.8069890000000001,CHE,SLV,8942
841290,42,197,1410,2001.0,12041.0,0.0,-0.148124,0.074033,CHL,SLV,8942
841291,43,197,1410,2001.0,1056575.0,0.0,0.535502,2.28778,CHN,SLV,8942
841292,49,197,1410,2001.0,107903.0,0.0,0.3378,0.479951,COL,SLV,8942
841293,52,197,1410,2001.0,12760.0,9882.0,0.07408200000000001,0.126368,CRI,SLV,8942
841294,61,197,1410,2001.0,21955.0,0.0,2.335872,-2.09875,DEU,SLV,8942
841295,71,197,1410,2001.0,419937.0,0.0,1.1380350000000001,1.7870139999999999,ESP,SLV,8942
841296,81,197,1410,2001.0,9579.0,0.0,2.1068439999999997,0.658575,GBR,SLV,8942
841297,93,197,1410,2001.0,467003.0,304957.0,-0.43618199999999996,0.135535,GTM,SLV,8942
841298,97,197,1410,2001.0,1485390.0,0.0,0.639538,1.5157610000000001,HKG,SLV,8942
841299,99,197,1410,2001.0,25844.0,54258.0,-0.6886899999999999,-0.49161400000000005,HND,SLV,8942
841300,111,197,1410,2001.0,45903.0,0.0,1.488545,0.8410610000000001,ITA,SLV,8942
841301,114,197,1410,2001.0,4915.0,0.0,2.674032,0.445636,JPN,SLV,8942
841302,121,197,1410,2001.0,27622.0,0.0,1.436204,0.917057,KOR,SLV,8942
841303,138,197,1410,2001.0,696941.0,0.0,1.088661,0.680197,MEX,SLV,8942
841304,160,197,1410,2001.0,3122.0,69088.0,-0.865941,-0.617108,NIC,SLV,8942
841305,162,197,1410,2001.0,44807.0,0.0,1.299569,1.487015,NLD,SLV,8942
841306,169,197,1410,2001.0,497763.0,4696.0,0.17863800000000002,0.440159,PAN,SLV,8942
841307,216,197,1410,2001.0,30410.0,0.0,0.49264600000000003,1.493471,THA,SLV,8942
841308,231,197,1410,2001.0,1910428.0,159033.0,1.96615,-0.12332699999999999,USA,SLV,8942
841309,249,197,1410,2001.0,252167.0,0.0,1.7270020000000001,1.252843,TWN,SLV,8942
841310,6,205,1410,2001.0,33603.0,0.0,-0.17823699999999998,-0.814499,ANT,SUR,8942
841311,18,205,1410,2001.0,8434.0,0.0,1.425483,1.3072409999999999,BEL,SUR,8942
841312,39,205,1410,2001.0,1248.0,0.0,0.8899729999999999,1.3778299999999999,CAN,SUR,8942
841313,43,205,1410,2001.0,93185.0,0.0,0.535502,2.28778,CHN,SUR,8942
841314,61,205,1410,2001.0,3929.0,0.0,2.335872,-2.09875,DEU,SUR,8942
841315,71,205,1410,2001.0,17316.0,0.0,1.1380350000000001,1.7870139999999999,ESP,SUR,8942
841316,77,205,1410,2001.0,5917.0,2107.0,1.6143809999999998,0.626221,FRA,SUR,8942
841317,81,205,1410,2001.0,1361.0,0.0,2.1068439999999997,0.658575,GBR,SUR,8942
841318,96,205,1410,2001.0,1818.0,0.0,-1.026002,-0.937657,GUY,SUR,8942
841319,97,205,1410,2001.0,55770.0,0.0,0.639538,1.5157610000000001,HKG,SUR,8942
841320,104,205,1410,2001.0,3123.0,0.0,0.382444,2.538934,IND,SUR,8942
841321,111,205,1410,2001.0,1812.0,0.0,1.488545,0.8410610000000001,ITA,SUR,8942
841322,159,205,1410,2001.0,0.0,6203.0,-1.9085759999999998,-1.335279,NGA,SUR,8942
841323,162,205,1410,2001.0,337680.0,4512.0,1.299569,1.487015,NLD,SUR,8942
841324,169,205,1410,2001.0,72806.0,0.0,0.17863800000000002,0.440159,PAN,SUR,8942
841325,216,205,1410,2001.0,41198.0,0.0,0.49264600000000003,1.493471,THA,SUR,8942
841326,231,205,1410,2001.0,350514.0,1942.0,1.96615,-0.12332699999999999,USA,SUR,8942
841327,249,205,1410,2001.0,45517.0,0.0,1.7270020000000001,1.252843,TWN,SUR,8942
841328,0,208,1410,2001.0,0.0,4369.0,-0.500051,-0.8763299999999999,ABW,SWE,8942
841329,2,208,1410,2001.0,0.0,1846.0,-2.190929,-1.302123,AGO,SWE,8942
841330,5,208,1410,2001.0,0.0,3929.0,0.874555,0.75456,AND,SWE,8942
841331,7,208,1410,2001.0,30746.0,187314.0,-0.217259,-0.613042,ARE,SWE,8942
841332,8,208,1410,2001.0,11382.0,3243.0,0.11289,0.916845,ARG,SWE,8942
841333,14,208,1410,2001.0,83531.0,811572.0,-0.12189000000000001,0.7281770000000001,AUS,SWE,8942
841334,15,208,1410,2001.0,3622460.0,341985.0,1.8987740000000002,0.45922700000000005,AUT,SWE,8942
841335,18,208,1410,2001.0,6771874.0,1814929.0,1.425483,1.3072409999999999,BEL,SWE,8942
841336,23,208,1410,2001.0,112560.0,57792.0,0.46429799999999993,1.7500380000000002,BGR,SWE,8942
841337,24,208,1410,2001.0,0.0,10806.0,-0.11648499999999999,-1.101653,BHR,SWE,8942
841338,31,208,1410,2001.0,1167.0,1890.0,-0.614885,-0.5022770000000001,BOL,SWE,8942
841339,32,208,1410,2001.0,0.0,8262.0,0.658473,1.328637,BRA,SWE,8942
841340,33,208,1410,2001.0,0.0,1213.0,0.418462,-0.020000999999999998,BRB,SWE,8942
841341,39,208,1410,2001.0,1381229.0,897209.0,0.8899729999999999,1.3778299999999999,CAN,SWE,8942
841342,41,208,1410,2001.0,7344268.0,1237970.0,2.161588,0.8069890000000001,CHE,SWE,8942
841343,42,208,1410,2001.0,0.0,30468.0,-0.148124,0.074033,CHL,SWE,8942
841344,43,208,1410,2001.0,28776002.0,133374.0,0.535502,2.28778,CHN,SWE,8942
841345,49,208,1410,2001.0,79047.0,2446.0,0.3378,0.479951,COL,SWE,8942
841346,58,208,1410,2001.0,0.0,6359.0,0.30700500000000003,0.258726,CYP,SWE,8942
841347,59,208,1410,2001.0,731561.0,247147.0,1.56908,0.860384,CZE,SWE,8942
841348,61,208,1410,2001.0,33587684.0,9025136.0,2.335872,-2.09875,DEU,SWE,8942
841349,64,208,1410,2001.0,31513134.0,13430320.0,1.356327,1.3288309999999999,DNK,SWE,8942
841350,65,208,1410,2001.0,0.0,1811.0,-0.55896,-0.517513,DOM,SWE,8942
841351,67,208,1410,2001.0,0.0,7269.0,-0.8668389999999999,-0.891943,ECU,SWE,8942
841352,68,208,1410,2001.0,0.0,3097.0,-0.346794,0.431229,EGY,SWE,8942
841353,71,208,1410,2001.0,2241082.0,1004138.0,1.1380350000000001,1.7870139999999999,ESP,SWE,8942
841354,72,208,1410,2001.0,705909.0,390864.0,0.53422,0.9372790000000001,EST,SWE,8942
841355,74,208,1410,2001.0,3750556.0,20429932.0,1.9661669999999998,1.000436,FIN,SWE,8942
841356,77,208,1410,2001.0,3457733.0,3324216.0,1.6143809999999998,0.626221,FRA,SWE,8942
841357,78,208,1410,2001.0,0.0,26949.0,-0.945048,-0.9974049999999999,FRO,SWE,8942
841358,81,208,1410,2001.0,15263761.0,8057552.0,2.1068439999999997,0.658575,GBR,SWE,8942
841359,87,208,1410,2001.0,0.0,1908.0,0.161174,-0.019187,GMB,SWE,8942
841360,90,208,1410,2001.0,63170.0,145858.0,0.338607,1.506593,GRC,SWE,8942
841361,92,208,1410,2001.0,0.0,11973.0,-0.19784100000000002,-0.772099,GRL,SWE,8942
841362,93,208,1410,2001.0,2115.0,0.0,-0.43618199999999996,0.135535,GTM,SWE,8942
841363,97,208,1410,2001.0,27124752.0,918237.0,0.639538,1.5157610000000001,HKG,SWE,8942
841364,100,208,1410,2001.0,0.0,10898.0,0.6315729999999999,1.169338,HRV,SWE,8942
841365,102,208,1410,2001.0,403018.0,175570.0,1.069245,1.2217069999999999,HUN,SWE,8942
841366,103,208,1410,2001.0,1663152.0,0.0,0.039233,1.780659,IDN,SWE,8942
841367,104,208,1410,2001.0,118516.0,9407.0,0.382444,2.538934,IND,SWE,8942
841368,106,208,1410,2001.0,41623.0,85213.0,1.751955,0.210628,IRL,SWE,8942
841369,107,208,1410,2001.0,0.0,9045.0,-0.973691,-1.05654,IRN,SWE,8942
841370,109,208,1410,2001.0,4786.0,609724.0,0.049756,-0.496962,ISL,SWE,8942
841371,110,208,1410,2001.0,214123.0,456513.0,1.17675,0.900401,ISR,SWE,8942
841372,111,208,1410,2001.0,2897892.0,556138.0,1.488545,0.8410610000000001,ITA,SWE,8942
841373,112,208,1410,2001.0,0.0,1928.0,-0.562839,-0.9381510000000001,JAM,SWE,8942
841374,114,208,1410,2001.0,3385603.0,1078718.0,2.674032,0.445636,JPN,SWE,8942
841375,116,208,1410,2001.0,0.0,5005.0,-0.533651,0.072611,KEN,SWE,8942
841376,121,208,1410,2001.0,720294.0,128030.0,1.436204,0.917057,KOR,SWE,8942
841377,122,208,1410,2001.0,0.0,63860.0,-0.695801,-1.225701,KWT,SWE,8942
841378,123,208,1410,2001.0,0.0,4873.0,-0.922693,-1.056163,LAO,SWE,8942
841379,124,208,1410,2001.0,0.0,4513.0,0.09267,0.97731,LBN,SWE,8942
841380,128,208,1410,2001.0,317109.0,0.0,-0.43381000000000003,0.057630999999999995,LKA,SWE,8942
841381,130,208,1410,2001.0,205309.0,174606.0,0.21069699999999997,0.720384,LTU,SWE,8942
841382,131,208,1410,2001.0,191799.0,5735.0,1.326753,1.2069530000000002,LUX,SWE,8942
841383,132,208,1410,2001.0,890351.0,459502.0,0.31652600000000003,0.523927,LVA,SWE,8942
841384,134,208,1410,2001.0,8912.0,9568.0,-0.616006,-0.340127,MAR,SWE,8942
841385,138,208,1410,2001.0,87615.0,15953.0,1.088661,0.680197,MEX,SWE,8942
841386,142,208,1410,2001.0,0.0,1685.0,1.048708,-0.04453,MLT,SWE,8942
841387,151,208,1410,2001.0,5091.0,0.0,-0.304271,-0.589387,MUS,SWE,8942
841388,153,208,1410,2001.0,389008.0,123120.0,0.894191,0.310677,MYS,SWE,8942
841389,159,208,1410,2001.0,0.0,5493.0,-1.9085759999999998,-1.335279,NGA,SWE,8942
841390,162,208,1410,2001.0,39417708.0,2215650.0,1.299569,1.487015,NLD,SWE,8942
841391,163,208,1410,2001.0,17276588.0,31203238.0,0.542366,-0.180336,NOR,SWE,8942
841392,166,208,1410,2001.0,0.0,8504.0,0.220307,0.689625,NZL,SWE,8942
841393,168,208,1410,2001.0,17247.0,0.0,-0.741053,-0.41444,PAK,SWE,8942
841394,169,208,1410,2001.0,0.0,3779.0,0.17863800000000002,0.440159,PAN,SWE,8942
841395,173,208,1410,2001.0,4484.0,4184.0,-0.318071,0.116602,PER,SWE,8942
841396,174,208,1410,2001.0,526718.0,1372.0,0.153601,-0.174218,PHL,SWE,8942
841397,177,208,1410,2001.0,482643.0,1659732.0,0.983238,1.7436209999999999,POL,SWE,8942
841398,179,208,1410,2001.0,3934.0,67930.0,0.688736,1.326716,PRT,SWE,8942
841399,185,208,1410,2001.0,96815.0,25711.0,0.465168,1.1029129999999998,ROU,SWE,8942
841400,186,208,1410,2001.0,28827.0,551116.0,0.546271,0.195872,RUS,SWE,8942
841401,188,208,1410,2001.0,0.0,116000.0,0.078887,-0.9764430000000001,SAU,SWE,8942
841402,189,208,1410,2001.0,1698.0,13295.0,0.38765,2.769588,SCG,SWE,8942
841403,192,208,1410,2001.0,18768.0,82135.0,1.587064,0.639626,SGP,SWE,8942
841404,196,208,1410,2001.0,0.0,5353.0,0.262953,0.30432800000000004,SLE,SWE,8942
841405,198,208,1410,2001.0,0.0,47830.0,1.63933,0.351775,SMR,SWE,8942
841406,206,208,1410,2001.0,33727.0,55873.0,1.310591,1.195523,SVK,SWE,8942
841407,207,208,1410,2001.0,92312.0,199005.0,1.488089,1.0928360000000001,SVN,SWE,8942
841408,216,208,1410,2001.0,2546778.0,8122.0,0.49264600000000003,1.493471,THA,SWE,8942
841409,223,208,1410,2001.0,0.0,3378.0,0.054524,0.26892699999999997,TUN,SWE,8942
841410,224,208,1410,2001.0,0.0,23283.0,0.168219,1.989011,TUR,SWE,8942
841411,225,208,1410,2001.0,25551.0,12759.0,0.179783,0.072198,TUV,SWE,8942
841412,228,208,1410,2001.0,0.0,28817.0,0.642888,1.267971,UKR,SWE,8942
841413,231,208,1410,2001.0,7233584.0,10133022.0,1.96615,-0.12332699999999999,USA,SWE,8942
841414,236,208,1410,2001.0,0.0,2630.0,-0.013877,-0.8582690000000001,VEN,SWE,8942
841415,239,208,1410,2001.0,1191054.0,0.0,-0.533978,0.503988,VNM,SWE,8942
841416,246,208,1410,2001.0,3939.0,15739.0,0.249833,2.1142950000000003,ZAF,SWE,8942
841417,249,208,1410,2001.0,2751807.0,317523.0,1.7270020000000001,1.252843,TWN,SWE,8942
841418,2,216,1410,2001.0,0.0,44042.0,-2.190929,-1.302123,AGO,THA,8942
841419,4,216,1410,2001.0,0.0,11680.0,-0.137138,0.120093,ALB,THA,8942
841420,6,216,1410,2001.0,0.0,64447.0,-0.17823699999999998,-0.814499,ANT,THA,8942
841421,7,216,1410,2001.0,0.0,2103591.0,-0.217259,-0.613042,ARE,THA,8942
841422,8,216,1410,2001.0,0.0,519646.0,0.11289,0.916845,ARG,THA,8942
841423,14,216,1410,2001.0,142314.0,4548660.0,-0.12189000000000001,0.7281770000000001,AUS,THA,8942
841424,15,216,1410,2001.0,77009.0,1200786.0,1.8987740000000002,0.45922700000000005,AUT,THA,8942
841425,18,216,1410,2001.0,76043.0,5029841.0,1.425483,1.3072409999999999,BEL,THA,8942
841426,19,216,1410,2001.0,0.0,15126.0,-0.9032530000000001,-0.8979590000000001,BEN,THA,8942
841427,21,216,1410,2001.0,0.0,1605.0,-0.24546199999999999,0.00141,BFA,THA,8942
841428,22,216,1410,2001.0,0.0,286375.0,-0.799988,-1.061584,BGD,THA,8942
841429,23,216,1410,2001.0,0.0,59134.0,0.46429799999999993,1.7500380000000002,BGR,THA,8942
841430,24,216,1410,2001.0,0.0,171442.0,-0.11648499999999999,-1.101653,BHR,THA,8942
841431,29,216,1410,2001.0,0.0,1350.0,-0.356917,-0.73121,BLZ,THA,8942
841432,31,216,1410,2001.0,0.0,2507.0,-0.614885,-0.5022770000000001,BOL,THA,8942
841433,32,216,1410,2001.0,0.0,323589.0,0.658473,1.328637,BRA,THA,8942
841434,33,216,1410,2001.0,0.0,30472.0,0.418462,-0.020000999999999998,BRB,THA,8942
841435,34,216,1410,2001.0,0.0,36686.0,-0.38253899999999996,-0.904789,BRN,THA,8942
841436,35,216,1410,2001.0,0.0,2073.0,0.126585,-0.577447,BTN,THA,8942
841437,39,216,1410,2001.0,28097.0,7485860.0,0.8899729999999999,1.3778299999999999,CAN,THA,8942
841438,41,216,1410,2001.0,71849.0,1284626.0,2.161588,0.8069890000000001,CHE,THA,8942
841439,42,216,1410,2001.0,0.0,441616.0,-0.148124,0.074033,CHL,THA,8942
841440,43,216,1410,2001.0,8903727.0,992547.0,0.535502,2.28778,CHN,THA,8942
841441,44,216,1410,2001.0,21225.0,104286.0,-0.731178,-0.5734739999999999,CIV,THA,8942
841442,45,216,1410,2001.0,0.0,18208.0,-1.4692049999999999,-1.251498,CMR,THA,8942
841443,47,216,1410,2001.0,0.0,37458.0,-1.5108190000000001,-1.277465,COG,THA,8942
841444,49,216,1410,2001.0,0.0,680580.0,0.3378,0.479951,COL,THA,8942
841445,52,216,1410,2001.0,0.0,27127.0,0.07408200000000001,0.126368,CRI,THA,8942
841446,58,216,1410,2001.0,0.0,103882.0,0.30700500000000003,0.258726,CYP,THA,8942
841447,59,216,1410,2001.0,4617.0,269951.0,1.56908,0.860384,CZE,THA,8942
841448,61,216,1410,2001.0,415422.0,13762465.0,2.335872,-2.09875,DEU,THA,8942
841449,64,216,1410,2001.0,204537.0,1635201.0,1.356327,1.3288309999999999,DNK,THA,8942
841450,65,216,1410,2001.0,0.0,94689.0,-0.55896,-0.517513,DOM,THA,8942
841451,66,216,1410,2001.0,0.0,27813.0,-0.9852559999999999,-1.245285,DZA,THA,8942
841452,67,216,1410,2001.0,0.0,195244.0,-0.8668389999999999,-0.891943,ECU,THA,8942
841453,68,216,1410,2001.0,0.0,123602.0,-0.346794,0.431229,EGY,THA,8942
841454,71,216,1410,2001.0,131076.0,2962006.0,1.1380350000000001,1.7870139999999999,ESP,THA,8942
841455,72,216,1410,2001.0,0.0,22131.0,0.53422,0.9372790000000001,EST,THA,8942
841456,73,216,1410,2001.0,0.0,9002.0,-1.010637,-0.8893280000000001,ETH,THA,8942
841457,74,216,1410,2001.0,0.0,587613.0,1.9661669999999998,1.000436,FIN,THA,8942
841458,75,216,1410,2001.0,0.0,62104.0,-0.9144950000000001,-0.673283,FJI,THA,8942
841459,77,216,1410,2001.0,225223.0,17027226.0,1.6143809999999998,0.626221,FRA,THA,8942
841460,78,216,1410,2001.0,0.0,3337.0,-0.945048,-0.9974049999999999,FRO,THA,8942
841461,80,216,1410,2001.0,0.0,242317.0,-1.603078,-1.308825,GAB,THA,8942
841462,81,216,1410,2001.0,347069.0,21797938.0,2.1068439999999997,0.658575,GBR,THA,8942
841463,83,216,1410,2001.0,0.0,22859.0,-0.7818689999999999,-0.645878,GHA,THA,8942
841464,85,216,1410,2001.0,0.0,3061.0,-1.2887950000000001,-1.195448,GIN,THA,8942
841465,87,216,1410,2001.0,0.0,7369.0,0.161174,-0.019187,GMB,THA,8942
841466,90,216,1410,2001.0,6768.0,2610005.0,0.338607,1.506593,GRC,THA,8942
841467,93,216,1410,2001.0,0.0,65582.0,-0.43618199999999996,0.135535,GTM,THA,8942
841468,95,216,1410,2001.0,0.0,6666.0,-0.525971,-0.999035,GUM,THA,8942
841469,97,216,1410,2001.0,7661567.0,4706858.0,0.639538,1.5157610000000001,HKG,THA,8942
841470,99,216,1410,2001.0,0.0,10295.0,-0.6886899999999999,-0.49161400000000005,HND,THA,8942
841471,100,216,1410,2001.0,0.0,57114.0,0.6315729999999999,1.169338,HRV,THA,8942
841472,102,216,1410,2001.0,200141.0,154310.0,1.069245,1.2217069999999999,HUN,THA,8942
841473,103,216,1410,2001.0,210440.0,357299.0,0.039233,1.780659,IDN,THA,8942
841474,104,216,1410,2001.0,70956.0,433637.0,0.382444,2.538934,IND,THA,8942
841475,106,216,1410,2001.0,655254.0,730446.0,1.751955,0.210628,IRL,THA,8942
841476,107,216,1410,2001.0,0.0,1560.0,-0.973691,-1.05654,IRN,THA,8942
841477,109,216,1410,2001.0,0.0,41485.0,0.049756,-0.496962,ISL,THA,8942
841478,110,216,1410,2001.0,13120.0,690791.0,1.17675,0.900401,ISR,THA,8942
841479,111,216,1410,2001.0,184739.0,3570529.0,1.488545,0.8410610000000001,ITA,THA,8942
841480,113,216,1410,2001.0,0.0,78272.0,0.5404760000000001,0.8497170000000001,JOR,THA,8942
841481,114,216,1410,2001.0,4752610.0,46240844.0,2.674032,0.445636,JPN,THA,8942
841482,115,216,1410,2001.0,0.0,5317.0,-0.05773,-0.44668500000000005,KAZ,THA,8942
841483,116,216,1410,2001.0,0.0,57794.0,-0.533651,0.072611,KEN,THA,8942
841484,118,216,1410,2001.0,0.0,1540673.0,-0.8596729999999999,-1.1214979999999999,KHM,THA,8942
841485,121,216,1410,2001.0,1585130.0,6046708.0,1.436204,0.917057,KOR,THA,8942
841486,122,216,1410,2001.0,0.0,292567.0,-0.695801,-1.225701,KWT,THA,8942
841487,123,216,1410,2001.0,0.0,20412.0,-0.922693,-1.056163,LAO,THA,8942
841488,124,216,1410,2001.0,0.0,394085.0,0.09267,0.97731,LBN,THA,8942
841489,126,216,1410,2001.0,0.0,22567.0,-0.9461450000000001,-1.242884,LBY,THA,8942
841490,128,216,1410,2001.0,0.0,112284.0,-0.43381000000000003,0.057630999999999995,LKA,THA,8942
841491,130,216,1410,2001.0,0.0,35603.0,0.21069699999999997,0.720384,LTU,THA,8942
841492,132,216,1410,2001.0,0.0,8807.0,0.31652600000000003,0.523927,LVA,THA,8942
841493,134,216,1410,2001.0,0.0,11897.0,-0.616006,-0.340127,MAR,THA,8942
841494,136,216,1410,2001.0,0.0,43146.0,-1.0624850000000001,-0.695873,MDG,THA,8942
841495,137,216,1410,2001.0,0.0,138187.0,-0.957807,-1.0006030000000001,MDV,THA,8942
841496,138,216,1410,2001.0,36598.0,1561685.0,1.088661,0.680197,MEX,THA,8942
841497,140,216,1410,2001.0,0.0,1698.0,0.085844,0.413947,MKD,THA,8942
841498,142,216,1410,2001.0,0.0,56878.0,1.048708,-0.04453,MLT,THA,8942
841499,143,216,1410,2001.0,0.0,279812.0,-1.284563,-1.021743,MMR,THA,8942
841500,146,216,1410,2001.0,0.0,3541.0,-0.295507,-0.8682780000000001,MNP,THA,8942
841501,147,216,1410,2001.0,0.0,4536.0,-1.476933,-1.253628,MOZ,THA,8942
841502,151,216,1410,2001.0,0.0,106822.0,-0.304271,-0.589387,MUS,THA,8942
841503,153,216,1410,2001.0,4446568.0,3011600.0,0.894191,0.310677,MYS,THA,8942
841504,154,216,1410,2001.0,0.0,15769.0,1.9170209999999999,0.08771799999999999,MYT,THA,8942
841505,156,216,1410,2001.0,8889.0,52021.0,-0.523924,-0.9363049999999999,NCL,THA,8942
841506,159,216,1410,2001.0,0.0,29071.0,-1.9085759999999998,-1.335279,NGA,THA,8942
841507,162,216,1410,2001.0,44760.0,6802903.0,1.299569,1.487015,NLD,THA,8942
841508,163,216,1410,2001.0,0.0,662794.0,0.542366,-0.180336,NOR,THA,8942
841509,164,216,1410,2001.0,0.0,7065.0,-0.34213699999999997,0.100496,NPL,THA,8942
841510,166,216,1410,2001.0,3223.0,584099.0,0.220307,0.689625,NZL,THA,8942
841511,167,216,1410,2001.0,0.0,34243.0,-1.4727729999999999,-1.329588,OMN,THA,8942
841512,168,216,1410,2001.0,0.0,240096.0,-0.741053,-0.41444,PAK,THA,8942
841513,169,216,1410,2001.0,0.0,250030.0,0.17863800000000002,0.440159,PAN,THA,8942
841514,173,216,1410,2001.0,0.0,72233.0,-0.318071,0.116602,PER,THA,8942
841515,174,216,1410,2001.0,140079.0,379575.0,0.153601,-0.174218,PHL,THA,8942
841516,176,216,1410,2001.0,0.0,64540.0,-1.2970270000000002,-1.1991209999999999,PNG,THA,8942
841517,177,216,1410,2001.0,0.0,523053.0,0.983238,1.7436209999999999,POL,THA,8942
841518,178,216,1410,2001.0,0.0,169024.0,0.7188640000000001,1.101559,PRK,THA,8942
841519,179,216,1410,2001.0,1429.0,377368.0,0.688736,1.326716,PRT,THA,8942
841520,180,216,1410,2001.0,0.0,66241.0,-0.7430220000000001,-0.8668540000000001,PRY,THA,8942
841521,182,216,1410,2001.0,0.0,16087.0,0.055376,-0.762668,PYF,THA,8942
841522,183,216,1410,2001.0,0.0,108848.0,-0.282283,-1.136895,QAT,THA,8942
841523,185,216,1410,2001.0,0.0,98041.0,0.465168,1.1029129999999998,ROU,THA,8942
841524,186,216,1410,2001.0,0.0,649311.0,0.546271,0.195872,RUS,THA,8942
841525,188,216,1410,2001.0,0.0,1253849.0,0.078887,-0.9764430000000001,SAU,THA,8942
841526,189,216,1410,2001.0,0.0,35105.0,0.38765,2.769588,SCG,THA,8942
841527,190,216,1410,2001.0,0.0,4254.0,-1.7142950000000001,-1.341016,SDN,THA,8942
841528,192,216,1410,2001.0,2621880.0,1811821.0,1.587064,0.639626,SGP,THA,8942
841529,195,216,1410,2001.0,0.0,1177.0,-0.5235810000000001,-0.796198,SLB,THA,8942
841530,197,216,1410,2001.0,0.0,30410.0,-0.123958,-0.103849,SLV,THA,8942
841531,205,216,1410,2001.0,0.0,41198.0,-0.7622359999999999,-0.790158,SUR,THA,8942
841532,206,216,1410,2001.0,0.0,13568.0,1.310591,1.195523,SVK,THA,8942
841533,207,216,1410,2001.0,6999.0,98272.0,1.488089,1.0928360000000001,SVN,THA,8942
841534,208,216,1410,2001.0,8122.0,2546778.0,2.01685,0.8233159999999999,SWE,THA,8942
841535,209,216,1410,2001.0,0.0,18056.0,0.31004299999999996,-0.21159499999999998,SWZ,THA,8942
841536,211,216,1410,2001.0,0.0,18674.0,-0.40370700000000004,-0.9052620000000001,SYC,THA,8942
841537,222,216,1410,2001.0,0.0,9498.0,0.265201,-0.602807,TTO,THA,8942
841538,223,216,1410,2001.0,0.0,7553.0,0.054524,0.26892699999999997,TUN,THA,8942
841539,224,216,1410,2001.0,0.0,91138.0,0.168219,1.989011,TUR,THA,8942
841540,226,216,1410,2001.0,0.0,13100.0,-1.227071,-0.489829,TZA,THA,8942
841541,227,216,1410,2001.0,0.0,8346.0,-1.1823700000000001,-0.7738619999999999,UGA,THA,8942
841542,228,216,1410,2001.0,1857.0,52055.0,0.642888,1.267971,UKR,THA,8942
841543,230,216,1410,2001.0,0.0,250481.0,0.192313,0.401841,URY,THA,8942
841544,231,216,1410,2001.0,2588703.0,114282776.0,1.96615,-0.12332699999999999,USA,THA,8942
841545,236,216,1410,2001.0,0.0,594520.0,-0.013877,-0.8582690000000001,VEN,THA,8942
841546,239,216,1410,2001.0,79719.0,90038.0,-0.533978,0.503988,VNM,THA,8942
841547,240,216,1410,2001.0,0.0,7654.0,-0.950859,-0.9321309999999999,VUT,THA,8942
841548,242,216,1410,2001.0,0.0,7977.0,-0.45074200000000003,-0.7984439999999999,WSM,THA,8942
841549,243,216,1410,2001.0,0.0,24704.0,-1.658584,-1.354606,YEM,THA,8942
841550,246,216,1410,2001.0,0.0,1329802.0,0.249833,2.1142950000000003,ZAF,THA,8942
841551,247,216,1410,2001.0,0.0,2328.0,-0.8878799999999999,-0.735268,ZMB,THA,8942
841552,248,216,1410,2001.0,0.0,5200.0,-0.663155,-0.212796,ZWE,THA,8942
841553,249,216,1410,2001.0,4711008.0,2059394.0,1.7270020000000001,1.252843,TWN,THA,8942
841554,0,222,1410,2001.0,0.0,12749.0,-0.500051,-0.8763299999999999,ABW,TTO,8942
841555,3,222,1410,2001.0,0.0,6596.0,1.2751139999999999,0.465124,AIA,TTO,8942
841556,6,222,1410,2001.0,3955.0,16417.0,-0.17823699999999998,-0.814499,ANT,TTO,8942
841557,13,222,1410,2001.0,0.0,17046.0,-0.178808,-0.795151,ATG,TTO,8942
841558,18,222,1410,2001.0,1437.0,0.0,1.425483,1.3072409999999999,BEL,TTO,8942
841559,25,222,1410,2001.0,0.0,44511.0,0.37464899999999995,-0.130024,BHS,TTO,8942
841560,29,222,1410,2001.0,0.0,1173.0,-0.356917,-0.73121,BLZ,TTO,8942
841561,30,222,1410,2001.0,0.0,24347.0,1.070437,-0.50948,BMU,TTO,8942
841562,32,222,1410,2001.0,1240.0,0.0,0.658473,1.328637,BRA,TTO,8942
841563,33,222,1410,2001.0,0.0,42579.0,0.418462,-0.020000999999999998,BRB,TTO,8942
841564,39,222,1410,2001.0,314693.0,5185.0,0.8899729999999999,1.3778299999999999,CAN,TTO,8942
841565,41,222,1410,2001.0,3596.0,0.0,2.161588,0.8069890000000001,CHE,TTO,8942
841566,43,222,1410,2001.0,705098.0,0.0,0.535502,2.28778,CHN,TTO,8942
841567,57,222,1410,2001.0,0.0,17352.0,0.421799,-0.713411,CYM,TTO,8942
841568,58,222,1410,2001.0,0.0,2042.0,0.30700500000000003,0.258726,CYP,TTO,8942
841569,61,222,1410,2001.0,31250.0,0.0,2.335872,-2.09875,DEU,TTO,8942
841570,63,222,1410,2001.0,0.0,6044.0,0.573546,0.326301,DMA,TTO,8942
841571,67,222,1410,2001.0,6086.0,0.0,-0.8668389999999999,-0.891943,ECU,TTO,8942
841572,71,222,1410,2001.0,25251.0,0.0,1.1380350000000001,1.7870139999999999,ESP,TTO,8942
841573,77,222,1410,2001.0,7994.0,0.0,1.6143809999999998,0.626221,FRA,TTO,8942
841574,81,222,1410,2001.0,70539.0,0.0,2.1068439999999997,0.658575,GBR,TTO,8942
841575,91,222,1410,2001.0,0.0,46693.0,0.405462,-0.304177,GRD,TTO,8942
841576,93,222,1410,2001.0,1061.0,0.0,-0.43618199999999996,0.135535,GTM,TTO,8942
841577,96,222,1410,2001.0,0.0,14996.0,-1.026002,-0.937657,GUY,TTO,8942
841578,97,222,1410,2001.0,466130.0,0.0,0.639538,1.5157610000000001,HKG,TTO,8942
841579,103,222,1410,2001.0,3592.0,0.0,0.039233,1.780659,IDN,TTO,8942
841580,104,222,1410,2001.0,3936.0,0.0,0.382444,2.538934,IND,TTO,8942
841581,111,222,1410,2001.0,11637.0,0.0,1.488545,0.8410610000000001,ITA,TTO,8942
841582,112,222,1410,2001.0,10128.0,43407.0,-0.562839,-0.9381510000000001,JAM,TTO,8942
841583,114,222,1410,2001.0,3613.0,0.0,2.674032,0.445636,JPN,TTO,8942
841584,120,222,1410,2001.0,0.0,2878.0,0.650191,-0.487457,KNA,TTO,8942
841585,121,222,1410,2001.0,4658.0,0.0,1.436204,0.917057,KOR,TTO,8942
841586,127,222,1410,2001.0,0.0,30238.0,0.064826,-0.521713,LCA,TTO,8942
841587,138,222,1410,2001.0,7998.0,0.0,1.088661,0.680197,MEX,TTO,8942
841588,153,222,1410,2001.0,1260.0,0.0,0.894191,0.310677,MYS,TTO,8942
841589,159,222,1410,2001.0,0.0,2134.0,-1.9085759999999998,-1.335279,NGA,TTO,8942
841590,162,222,1410,2001.0,0.0,13536.0,1.299569,1.487015,NLD,TTO,8942
841591,169,222,1410,2001.0,18312.0,0.0,0.17863800000000002,0.440159,PAN,TTO,8942
841592,173,222,1410,2001.0,1249.0,0.0,-0.318071,0.116602,PER,TTO,8942
841593,174,222,1410,2001.0,9822.0,0.0,0.153601,-0.174218,PHL,TTO,8942
841594,213,222,1410,2001.0,0.0,2467.0,0.231708,-0.150225,TCA,TTO,8942
841595,216,222,1410,2001.0,9498.0,0.0,0.49264600000000003,1.493471,THA,TTO,8942
841596,231,222,1410,2001.0,894727.0,26237.0,1.96615,-0.12332699999999999,USA,TTO,8942
841597,234,222,1410,2001.0,0.0,8565.0,-0.318918,-0.764984,VCT,TTO,8942
841598,237,222,1410,2001.0,0.0,26292.0,0.5442279999999999,-0.228149,VGB,TTO,8942
841599,249,222,1410,2001.0,123653.0,0.0,1.7270020000000001,1.252843,TWN,TTO,8942
841600,250,222,1410,2001.0,100005.0,1534.0,0.947105,-0.529946,ANS,TTO,8942
841601,4,224,1410,2001.0,0.0,171055.0,-0.137138,0.120093,ALB,TUR,8942
841602,7,224,1410,2001.0,0.0,79618.0,-0.217259,-0.613042,ARE,TUR,8942
841603,9,224,1410,2001.0,0.0,6760.0,0.62364,0.172704,ARM,TUR,8942
841604,14,224,1410,2001.0,17770.0,2691.0,-0.12189000000000001,0.7281770000000001,AUS,TUR,8942
841605,15,224,1410,2001.0,10900.0,59105.0,1.8987740000000002,0.45922700000000005,AUT,TUR,8942
841606,16,224,1410,2001.0,0.0,47480.0,-0.613283,-0.949908,AZE,TUR,8942
841607,18,224,1410,2001.0,2310004.0,286841.0,1.425483,1.3072409999999999,BEL,TUR,8942
841608,23,224,1410,2001.0,0.0,279481.0,0.46429799999999993,1.7500380000000002,BGR,TUR,8942
841609,24,224,1410,2001.0,0.0,2847.0,-0.11648499999999999,-1.101653,BHR,TUR,8942
841610,26,224,1410,2001.0,0.0,729106.0,0.263644,0.44197,BIH,TUR,8942
841611,39,224,1410,2001.0,742534.0,1669.0,0.8899729999999999,1.3778299999999999,CAN,TUR,8942
841612,41,224,1410,2001.0,28561.0,45724.0,2.161588,0.8069890000000001,CHE,TUR,8942
841613,43,224,1410,2001.0,12762193.0,0.0,0.535502,2.28778,CHN,TUR,8942
841614,58,224,1410,2001.0,0.0,190401.0,0.30700500000000003,0.258726,CYP,TUR,8942
841615,59,224,1410,2001.0,15837.0,6993.0,1.56908,0.860384,CZE,TUR,8942
841616,61,224,1410,2001.0,1247270.0,853657.0,2.335872,-2.09875,DEU,TUR,8942
841617,64,224,1410,2001.0,197542.0,3578.0,1.356327,1.3288309999999999,DNK,TUR,8942
841618,66,224,1410,2001.0,0.0,28986.0,-0.9852559999999999,-1.245285,DZA,TUR,8942
841619,68,224,1410,2001.0,0.0,134409.0,-0.346794,0.431229,EGY,TUR,8942
841620,71,224,1410,2001.0,425966.0,2808.0,1.1380350000000001,1.7870139999999999,ESP,TUR,8942
841621,77,224,1410,2001.0,607183.0,349600.0,1.6143809999999998,0.626221,FRA,TUR,8942
841622,81,224,1410,2001.0,3328038.0,809200.0,2.1068439999999997,0.658575,GBR,TUR,8942
841623,82,224,1410,2001.0,0.0,19643.0,0.063126,-0.285493,GEO,TUR,8942
841624,83,224,1410,2001.0,0.0,11516.0,-0.7818689999999999,-0.645878,GHA,TUR,8942
841625,84,224,1410,2001.0,0.0,30787.0,0.720621,-0.320641,GIB,TUR,8942
841626,90,224,1410,2001.0,144913.0,103099.0,0.338607,1.506593,GRC,TUR,8942
841627,93,224,1410,2001.0,0.0,5502.0,-0.43618199999999996,0.135535,GTM,TUR,8942
841628,97,224,1410,2001.0,3926932.0,26844.0,0.639538,1.5157610000000001,HKG,TUR,8942
841629,100,224,1410,2001.0,0.0,198674.0,0.6315729999999999,1.169338,HRV,TUR,8942
841630,102,224,1410,2001.0,442019.0,5287.0,1.069245,1.2217069999999999,HUN,TUR,8942
841631,103,224,1410,2001.0,34655.0,0.0,0.039233,1.780659,IDN,TUR,8942
841632,104,224,1410,2001.0,12288.0,5835.0,0.382444,2.538934,IND,TUR,8942
841633,106,224,1410,2001.0,2801799.0,0.0,1.751955,0.210628,IRL,TUR,8942
841634,107,224,1410,2001.0,4202.0,2792.0,-0.973691,-1.05654,IRN,TUR,8942
841635,110,224,1410,2001.0,160716.0,1207483.0,1.17675,0.900401,ISR,TUR,8942
841636,111,224,1410,2001.0,1029768.0,185101.0,1.488545,0.8410610000000001,ITA,TUR,8942
841637,113,224,1410,2001.0,2989.0,91046.0,0.5404760000000001,0.8497170000000001,JOR,TUR,8942
841638,114,224,1410,2001.0,2390785.0,3314.0,2.674032,0.445636,JPN,TUR,8942
841639,115,224,1410,2001.0,75605.0,25682.0,-0.05773,-0.44668500000000005,KAZ,TUR,8942
841640,117,224,1410,2001.0,0.0,4383.0,0.125827,0.431141,KGZ,TUR,8942
841641,121,224,1410,2001.0,572320.0,1193.0,1.436204,0.917057,KOR,TUR,8942
841642,122,224,1410,2001.0,0.0,30903.0,-0.695801,-1.225701,KWT,TUR,8942
841643,124,224,1410,2001.0,0.0,373242.0,0.09267,0.97731,LBN,TUR,8942
841644,126,224,1410,2001.0,0.0,122164.0,-0.9461450000000001,-1.242884,LBY,TUR,8942
841645,130,224,1410,2001.0,17819.0,11392.0,0.21069699999999997,0.720384,LTU,TUR,8942
841646,131,224,1410,2001.0,26750.0,0.0,1.326753,1.2069530000000002,LUX,TUR,8942
841647,132,224,1410,2001.0,0.0,7567.0,0.31652600000000003,0.523927,LVA,TUR,8942
841648,134,224,1410,2001.0,0.0,36658.0,-0.616006,-0.340127,MAR,TUR,8942
841649,135,224,1410,2001.0,0.0,13550.0,0.12110699999999999,0.159706,MDA,TUR,8942
841650,138,224,1410,2001.0,5320.0,24953.0,1.088661,0.680197,MEX,TUR,8942
841651,140,224,1410,2001.0,0.0,570723.0,0.085844,0.413947,MKD,TUR,8942
841652,142,224,1410,2001.0,0.0,12709.0,1.048708,-0.04453,MLT,TUR,8942
841653,153,224,1410,2001.0,88134.0,0.0,0.894191,0.310677,MYS,TUR,8942
841654,159,224,1410,2001.0,0.0,8729.0,-1.9085759999999998,-1.335279,NGA,TUR,8942
841655,162,224,1410,2001.0,3425624.0,926584.0,1.299569,1.487015,NLD,TUR,8942
841656,163,224,1410,2001.0,0.0,7203.0,0.542366,-0.180336,NOR,TUR,8942
841657,169,224,1410,2001.0,0.0,7804.0,0.17863800000000002,0.440159,PAN,TUR,8942
841658,174,224,1410,2001.0,17688.0,0.0,0.153601,-0.174218,PHL,TUR,8942
841659,177,224,1410,2001.0,38375.0,3573.0,0.983238,1.7436209999999999,POL,TUR,8942
841660,179,224,1410,2001.0,2108.0,0.0,0.688736,1.326716,PRT,TUR,8942
841661,183,224,1410,2001.0,0.0,4167.0,-0.282283,-1.136895,QAT,TUR,8942
841662,185,224,1410,2001.0,6520.0,373188.0,0.465168,1.1029129999999998,ROU,TUR,8942
841663,186,224,1410,2001.0,3035.0,760030.0,0.546271,0.195872,RUS,TUR,8942
841664,188,224,1410,2001.0,0.0,122010.0,0.078887,-0.9764430000000001,SAU,TUR,8942
841665,189,224,1410,2001.0,2703.0,2277324.0,0.38765,2.769588,SCG,TUR,8942
841666,190,224,1410,2001.0,0.0,44481.0,-1.7142950000000001,-1.341016,SDN,TUR,8942
841667,191,224,1410,2001.0,0.0,1015.0,-0.570156,-0.560573,SEN,TUR,8942
841668,192,224,1410,2001.0,2560.0,0.0,1.587064,0.639626,SGP,TUR,8942
841669,206,224,1410,2001.0,0.0,5371.0,1.310591,1.195523,SVK,TUR,8942
841670,207,224,1410,2001.0,0.0,14653.0,1.488089,1.0928360000000001,SVN,TUR,8942
841671,208,224,1410,2001.0,23283.0,0.0,2.01685,0.8233159999999999,SWE,TUR,8942
841672,212,224,1410,2001.0,12138.0,11565.0,-1.138774,-0.839648,SYR,TUR,8942
841673,216,224,1410,2001.0,91138.0,0.0,0.49264600000000003,1.493471,THA,TUR,8942
841674,217,224,1410,2001.0,0.0,1206.0,-0.6847770000000001,-1.076938,TJK,TUR,8942
841675,219,224,1410,2001.0,2626.0,35677.0,-0.8917290000000001,-1.226342,TKM,TUR,8942
841676,223,224,1410,2001.0,0.0,55152.0,0.054524,0.26892699999999997,TUN,TUR,8942
841677,228,224,1410,2001.0,21529.0,3473.0,0.642888,1.267971,UKR,TUR,8942
841678,231,224,1410,2001.0,2552732.0,117912.0,1.96615,-0.12332699999999999,USA,TUR,8942
841679,232,224,1410,2001.0,0.0,4715.0,-0.395015,-0.7717649999999999,UZB,TUR,8942
841680,239,224,1410,2001.0,339096.0,0.0,-0.533978,0.503988,VNM,TUR,8942
841681,249,224,1410,2001.0,1235869.0,1205.0,1.7270020000000001,1.252843,TWN,TUR,8942
841682,250,224,1410,2001.0,7214.0,453284.0,0.947105,-0.529946,ANS,TUR,8942
841683,0,231,1410,2001.0,0.0,1725734.0,-0.500051,-0.8763299999999999,ABW,USA,8942
841684,1,231,1410,2001.0,1929.0,0.0,0.110694,-0.372979,AFG,USA,8942
841685,2,231,1410,2001.0,0.0,17319.0,-2.190929,-1.302123,AGO,USA,8942
841686,3,231,1410,2001.0,0.0,66216.0,1.2751139999999999,0.465124,AIA,USA,8942
841687,4,231,1410,2001.0,0.0,69438.0,-0.137138,0.120093,ALB,USA,8942
841688,5,231,1410,2001.0,36210.0,30923.0,0.874555,0.75456,AND,USA,8942
841689,6,231,1410,2001.0,0.0,3103257.0,-0.17823699999999998,-0.814499,ANT,USA,8942
841690,7,231,1410,2001.0,18444.0,8220288.0,-0.217259,-0.613042,ARE,USA,8942
841691,8,231,1410,2001.0,827115.0,19863578.0,0.11289,0.916845,ARG,USA,8942
841692,9,231,1410,2001.0,24021.0,61082.0,0.62364,0.172704,ARM,USA,8942
841693,13,231,1410,2001.0,0.0,187222.0,-0.178808,-0.795151,ATG,USA,8942
841694,14,231,1410,2001.0,19229756.0,41881548.0,-0.12189000000000001,0.7281770000000001,AUS,USA,8942
841695,15,231,1410,2001.0,7918109.0,6503720.0,1.8987740000000002,0.45922700000000005,AUT,USA,8942
841696,16,231,1410,2001.0,0.0,11139.0,-0.613283,-0.949908,AZE,USA,8942
841697,17,231,1410,2001.0,0.0,2547.0,-0.5069600000000001,-0.7808609999999999,BDI,USA,8942
841698,18,231,1410,2001.0,19660728.0,10507921.0,1.425483,1.3072409999999999,BEL,USA,8942
841699,19,231,1410,2001.0,0.0,18525.0,-0.9032530000000001,-0.8979590000000001,BEN,USA,8942
841700,21,231,1410,2001.0,0.0,8903.0,-0.24546199999999999,0.00141,BFA,USA,8942
841701,22,231,1410,2001.0,361298.0,39555.0,-0.799988,-1.061584,BGD,USA,8942
841702,23,231,1410,2001.0,232364.0,314191.0,0.46429799999999993,1.7500380000000002,BGR,USA,8942
841703,24,231,1410,2001.0,33840.0,1053654.0,-0.11648499999999999,-1.101653,BHR,USA,8942
841704,25,231,1410,2001.0,785592.0,5866224.0,0.37464899999999995,-0.130024,BHS,USA,8942
841705,26,231,1410,2001.0,11561.0,60567.0,0.263644,0.44197,BIH,USA,8942
841706,28,231,1410,2001.0,334436.0,1460.0,0.78008,1.232713,BLR,USA,8942
841707,29,231,1410,2001.0,1025.0,703850.0,-0.356917,-0.73121,BLZ,USA,8942
841708,30,231,1410,2001.0,1194.0,1520593.0,1.070437,-0.50948,BMU,USA,8942
841709,31,231,1410,2001.0,37112.0,580432.0,-0.614885,-0.5022770000000001,BOL,USA,8942
841710,32,231,1410,2001.0,7172852.0,15830046.0,0.658473,1.328637,BRA,USA,8942
841711,33,231,1410,2001.0,0.0,1135528.0,0.418462,-0.020000999999999998,BRB,USA,8942
841712,34,231,1410,2001.0,0.0,76167.0,-0.38253899999999996,-0.904789,BRN,USA,8942
841713,37,231,1410,2001.0,0.0,15339.0,-0.470005,-1.180158,BWA,USA,8942
841714,39,231,1410,2001.0,232397968.0,769697792.0,0.8899729999999999,1.3778299999999999,CAN,USA,8942
841715,40,231,1410,2001.0,15302.0,0.0,1.8597130000000002,0.10094299999999999,CCK,USA,8942
841716,41,231,1410,2001.0,56904752.0,5419218.0,2.161588,0.8069890000000001,CHE,USA,8942
841717,42,231,1410,2001.0,593011.0,15412190.0,-0.148124,0.074033,CHL,USA,8942
841718,43,231,1410,2001.0,8606860288.0,14962520.0,0.535502,2.28778,CHN,USA,8942
841719,44,231,1410,2001.0,113964.0,9938.0,-0.731178,-0.5734739999999999,CIV,USA,8942
841720,45,231,1410,2001.0,81481.0,32762.0,-1.4692049999999999,-1.251498,CMR,USA,8942
841721,47,231,1410,2001.0,5954.0,35385.0,-1.5108190000000001,-1.277465,COG,USA,8942
841722,48,231,1410,2001.0,8086.0,0.0,0.295102,-0.686682,COK,USA,8942
841723,49,231,1410,2001.0,3687723.0,17268246.0,0.3378,0.479951,COL,USA,8942
841724,51,231,1410,2001.0,0.0,5296.0,-0.016933,-0.340938,CPV,USA,8942
841725,52,231,1410,2001.0,30254.0,5261292.0,0.07408200000000001,0.126368,CRI,USA,8942
841726,56,231,1410,2001.0,19643.0,910931.0,0.8829440000000001,-0.79962,CXR,USA,8942
841727,57,231,1410,2001.0,0.0,310150.0,0.421799,-0.713411,CYM,USA,8942
841728,58,231,1410,2001.0,3231.0,729144.0,0.30700500000000003,0.258726,CYP,USA,8942
841729,59,231,1410,2001.0,11222232.0,705651.0,1.56908,0.860384,CZE,USA,8942
841730,61,231,1410,2001.0,91372072.0,38756504.0,2.335872,-2.09875,DEU,USA,8942
841731,63,231,1410,2001.0,10809.0,269847.0,0.573546,0.326301,DMA,USA,8942
841732,64,231,1410,2001.0,89611576.0,3017170.0,1.356327,1.3288309999999999,DNK,USA,8942
841733,65,231,1410,2001.0,162073.0,5762841.0,-0.55896,-0.517513,DOM,USA,8942
841734,66,231,1410,2001.0,0.0,49721.0,-0.9852559999999999,-1.245285,DZA,USA,8942
841735,67,231,1410,2001.0,2094499.0,4182003.0,-0.8668389999999999,-0.891943,ECU,USA,8942
841736,68,231,1410,2001.0,1063314.0,747880.0,-0.346794,0.431229,EGY,USA,8942
841737,69,231,1410,2001.0,0.0,6193.0,0.6595949999999999,-0.09829500000000001,ERI,USA,8942
841738,71,231,1410,2001.0,34316024.0,13942912.0,1.1380350000000001,1.7870139999999999,ESP,USA,8942
841739,72,231,1410,2001.0,274864.0,2101548.0,0.53422,0.9372790000000001,EST,USA,8942
841740,73,231,1410,2001.0,0.0,104638.0,-1.010637,-0.8893280000000001,ETH,USA,8942
841741,74,231,1410,2001.0,618659.0,8604243.0,1.9661669999999998,1.000436,FIN,USA,8942
841742,75,231,1410,2001.0,0.0,98239.0,-0.9144950000000001,-0.673283,FJI,USA,8942
841743,77,231,1410,2001.0,10787823.0,31432742.0,1.6143809999999998,0.626221,FRA,USA,8942
841744,78,231,1410,2001.0,0.0,4765.0,-0.945048,-0.9974049999999999,FRO,USA,8942
841745,79,231,1410,2001.0,0.0,41488.0,-1.34871,-1.113427,FSM,USA,8942
841746,80,231,1410,2001.0,0.0,26860.0,-1.603078,-1.308825,GAB,USA,8942
841747,81,231,1410,2001.0,77258872.0,117308464.0,2.1068439999999997,0.658575,GBR,USA,8942
841748,82,231,1410,2001.0,1054.0,241550.0,0.063126,-0.285493,GEO,USA,8942
841749,83,231,1410,2001.0,7442.0,62326.0,-0.7818689999999999,-0.645878,GHA,USA,8942
841750,84,231,1410,2001.0,0.0,2622.0,0.720621,-0.320641,GIB,USA,8942
841751,85,231,1410,2001.0,1945.0,5475.0,-1.2887950000000001,-1.195448,GIN,USA,8942
841752,87,231,1410,2001.0,0.0,28031.0,0.161174,-0.019187,GMB,USA,8942
841753,89,231,1410,2001.0,0.0,6424.0,-2.167184,-1.051131,GNQ,USA,8942
841754,90,231,1410,2001.0,725905.0,2445782.0,0.338607,1.506593,GRC,USA,8942
841755,91,231,1410,2001.0,4232.0,147275.0,0.405462,-0.304177,GRD,USA,8942
841756,93,231,1410,2001.0,1122557.0,11498495.0,-0.43618199999999996,0.135535,GTM,USA,8942
841757,96,231,1410,2001.0,0.0,178788.0,-1.026002,-0.937657,GUY,USA,8942
841758,97,231,1410,2001.0,242671008.0,50677760.0,0.639538,1.5157610000000001,HKG,USA,8942
841759,99,231,1410,2001.0,451070.0,2474712.0,-0.6886899999999999,-0.49161400000000005,HND,USA,8942
841760,100,231,1410,2001.0,6177.0,320232.0,0.6315729999999999,1.169338,HRV,USA,8942
841761,101,231,1410,2001.0,61052.0,93792.0,-0.8405809999999999,-0.8236399999999999,HTI,USA,8942
841762,102,231,1410,2001.0,125574864.0,1319006.0,1.069245,1.2217069999999999,HUN,USA,8942
841763,103,231,1410,2001.0,104982800.0,1699498.0,0.039233,1.780659,IDN,USA,8942
841764,104,231,1410,2001.0,20126802.0,1079686.0,0.382444,2.538934,IND,USA,8942
841765,105,231,1410,2001.0,0.0,75854.0,-0.1094,-0.8741639999999999,IOT,USA,8942
841766,106,231,1410,2001.0,5797044.0,3645071.0,1.751955,0.210628,IRL,USA,8942
841767,107,231,1410,2001.0,17791.0,3681.0,-0.973691,-1.05654,IRN,USA,8942
841768,109,231,1410,2001.0,68302.0,2744284.0,0.049756,-0.496962,ISL,USA,8942
841769,110,231,1410,2001.0,7491904.0,4864858.0,1.17675,0.900401,ISR,USA,8942
841770,111,231,1410,2001.0,42369460.0,12427169.0,1.488545,0.8410610000000001,ITA,USA,8942
841771,112,231,1410,2001.0,40857.0,1185792.0,-0.562839,-0.9381510000000001,JAM,USA,8942
841772,113,231,1410,2001.0,19902.0,326263.0,0.5404760000000001,0.8497170000000001,JOR,USA,8942
841773,114,231,1410,2001.0,2384891392.0,122156840.0,2.674032,0.445636,JPN,USA,8942
841774,115,231,1410,2001.0,0.0,71658.0,-0.05773,-0.44668500000000005,KAZ,USA,8942
841775,116,231,1410,2001.0,496212.0,127718.0,-0.533651,0.072611,KEN,USA,8942
841776,117,231,1410,2001.0,4193.0,9825.0,0.125827,0.431141,KGZ,USA,8942
841777,118,231,1410,2001.0,316966.0,159703.0,-0.8596729999999999,-1.1214979999999999,KHM,USA,8942
841778,120,231,1410,2001.0,0.0,165599.0,0.650191,-0.487457,KNA,USA,8942
841779,121,231,1410,2001.0,95768176.0,19968382.0,1.436204,0.917057,KOR,USA,8942
841780,122,231,1410,2001.0,0.0,2262742.0,-0.695801,-1.225701,KWT,USA,8942
841781,123,231,1410,2001.0,44471.0,3456.0,-0.922693,-1.056163,LAO,USA,8942
841782,124,231,1410,2001.0,32342.0,1296485.0,0.09267,0.97731,LBN,USA,8942
841783,125,231,1410,2001.0,132873.0,31000.0,-0.558711,-1.1508770000000001,LBR,USA,8942
841784,127,231,1410,2001.0,112950.0,163402.0,0.064826,-0.521713,LCA,USA,8942
841785,128,231,1410,2001.0,13083136.0,125181.0,-0.43381000000000003,0.057630999999999995,LKA,USA,8942
841786,130,231,1410,2001.0,331461.0,516716.0,0.21069699999999997,0.720384,LTU,USA,8942
841787,131,231,1410,2001.0,255890.0,4218555.0,1.326753,1.2069530000000002,LUX,USA,8942
841788,132,231,1410,2001.0,103026.0,2455390.0,0.31652600000000003,0.523927,LVA,USA,8942
841789,133,231,1410,2001.0,907759.0,924755.0,-0.250517,-0.589391,MAC,USA,8942
841790,134,231,1410,2001.0,163448.0,439141.0,-0.616006,-0.340127,MAR,USA,8942
841791,135,231,1410,2001.0,0.0,16801.0,0.12110699999999999,0.159706,MDA,USA,8942
841792,136,231,1410,2001.0,179680.0,4337.0,-1.0624850000000001,-0.695873,MDG,USA,8942
841793,137,231,1410,2001.0,0.0,3514.0,-0.957807,-1.0006030000000001,MDV,USA,8942
841794,138,231,1410,2001.0,587441664.0,210524608.0,1.088661,0.680197,MEX,USA,8942
841795,139,231,1410,2001.0,0.0,138993.0,-0.092602,-0.928477,MHL,USA,8942
841796,140,231,1410,2001.0,0.0,134886.0,0.085844,0.413947,MKD,USA,8942
841797,141,231,1410,2001.0,421369.0,4621.0,-0.176802,-0.408531,MLI,USA,8942
841798,142,231,1410,2001.0,2196712.0,353426.0,1.048708,-0.04453,MLT,USA,8942
841799,143,231,1410,2001.0,2688.0,0.0,-1.284563,-1.021743,MMR,USA,8942
841800,145,231,1410,2001.0,34438.0,1510.0,-0.619765,-0.967515,MNG,USA,8942
841801,147,231,1410,2001.0,5653.0,6190.0,-1.476933,-1.253628,MOZ,USA,8942
841802,149,231,1410,2001.0,0.0,10165.0,0.841457,-0.287684,MSR,USA,8942
841803,151,231,1410,2001.0,766497.0,236457.0,-0.304271,-0.589387,MUS,USA,8942
841804,152,231,1410,2001.0,0.0,31430.0,-1.109888,-1.00393,MWI,USA,8942
841805,153,231,1410,2001.0,109911808.0,4440724.0,0.894191,0.310677,MYS,USA,8942
841806,155,231,1410,2001.0,0.0,79271.0,-0.536003,-0.7165590000000001,NAM,USA,8942
841807,156,231,1410,2001.0,0.0,58964.0,-0.523924,-0.9363049999999999,NCL,USA,8942
841808,159,231,1410,2001.0,6331.0,317663.0,-1.9085759999999998,-1.335279,NGA,USA,8942
841809,160,231,1410,2001.0,0.0,1033798.0,-0.865941,-0.617108,NIC,USA,8942
841810,162,231,1410,2001.0,8219955.0,37482748.0,1.299569,1.487015,NLD,USA,8942
841811,163,231,1410,2001.0,324232.0,2146103.0,0.542366,-0.180336,NOR,USA,8942
841812,164,231,1410,2001.0,40270.0,0.0,-0.34213699999999997,0.100496,NPL,USA,8942
841813,166,231,1410,2001.0,1250820.0,21581702.0,0.220307,0.689625,NZL,USA,8942
841814,167,231,1410,2001.0,0.0,258252.0,-1.4727729999999999,-1.329588,OMN,USA,8942
841815,168,231,1410,2001.0,445512.0,50799.0,-0.741053,-0.41444,PAK,USA,8942
841816,169,231,1410,2001.0,17439.0,13025470.0,0.17863800000000002,0.440159,PAN,USA,8942
841817,171,231,1410,2001.0,12100.0,0.0,0.313803,-0.709683,PCN,USA,8942
841818,173,231,1410,2001.0,615873.0,16953952.0,-0.318071,0.116602,PER,USA,8942
841819,174,231,1410,2001.0,51144340.0,7782962.0,0.153601,-0.174218,PHL,USA,8942
841820,175,231,1410,2001.0,0.0,788185.0,-0.55548,-0.988116,PLW,USA,8942
841821,176,231,1410,2001.0,0.0,36476.0,-1.2970270000000002,-1.1991209999999999,PNG,USA,8942
841822,177,231,1410,2001.0,32025372.0,1910472.0,0.983238,1.7436209999999999,POL,USA,8942
841823,179,231,1410,2001.0,86318.0,1954554.0,0.688736,1.326716,PRT,USA,8942
841824,180,231,1410,2001.0,357942.0,13858892.0,-0.7430220000000001,-0.8668540000000001,PRY,USA,8942
841825,181,231,1410,2001.0,0.0,3672.0,0.8021159999999999,0.278831,PSE,USA,8942
841826,182,231,1410,2001.0,17220.0,164157.0,0.055376,-0.762668,PYF,USA,8942
841827,183,231,1410,2001.0,0.0,279496.0,-0.282283,-1.136895,QAT,USA,8942
841828,185,231,1410,2001.0,3853844.0,479421.0,0.465168,1.1029129999999998,ROU,USA,8942
841829,186,231,1410,2001.0,1691876.0,9745198.0,0.546271,0.195872,RUS,USA,8942
841830,187,231,1410,2001.0,0.0,3084.0,-1.043415,-0.9686870000000001,RWA,USA,8942
841831,188,231,1410,2001.0,0.0,7396047.0,0.078887,-0.9764430000000001,SAU,USA,8942
841832,189,231,1410,2001.0,1450.0,48855.0,0.38765,2.769588,SCG,USA,8942
841833,191,231,1410,2001.0,4622.0,114711.0,-0.570156,-0.560573,SEN,USA,8942
841834,192,231,1410,2001.0,5668137.0,21682642.0,1.587064,0.639626,SGP,USA,8942
841835,195,231,1410,2001.0,0.0,8000.0,-0.5235810000000001,-0.796198,SLB,USA,8942
841836,196,231,1410,2001.0,19160.0,228024.0,0.262953,0.30432800000000004,SLE,USA,8942
841837,197,231,1410,2001.0,159033.0,1910428.0,-0.123958,-0.103849,SLV,USA,8942
841838,199,231,1410,2001.0,0.0,10368.0,-0.192768,-0.534676,SOM,USA,8942
841839,203,231,1410,2001.0,0.0,4484.0,1.220692,-0.106137,STP,USA,8942
841840,205,231,1410,2001.0,1942.0,350514.0,-0.7622359999999999,-0.790158,SUR,USA,8942
841841,206,231,1410,2001.0,797308.0,269518.0,1.310591,1.195523,SVK,USA,8942
841842,207,231,1410,2001.0,1042357.0,686906.0,1.488089,1.0928360000000001,SVN,USA,8942
841843,208,231,1410,2001.0,10133022.0,7233584.0,2.01685,0.8233159999999999,SWE,USA,8942
841844,211,231,1410,2001.0,4461.0,2271.0,-0.40370700000000004,-0.9052620000000001,SYC,USA,8942
841845,212,231,1410,2001.0,69925.0,41704.0,-1.138774,-0.839648,SYR,USA,8942
841846,213,231,1410,2001.0,3329.0,236862.0,0.231708,-0.150225,TCA,USA,8942
841847,215,231,1410,2001.0,0.0,11996.0,-0.45409399999999994,-0.337055,TGO,USA,8942
841848,216,231,1410,2001.0,114282776.0,2588703.0,0.49264600000000003,1.493471,THA,USA,8942
841849,217,231,1410,2001.0,0.0,93312.0,-0.6847770000000001,-1.076938,TJK,USA,8942
841850,218,231,1410,2001.0,1399.0,0.0,0.316698,0.157462,TKL,USA,8942
841851,219,231,1410,2001.0,0.0,28423.0,-0.8917290000000001,-1.226342,TKM,USA,8942
841852,221,231,1410,2001.0,0.0,3828.0,-1.14535,-1.031814,TON,USA,8942
841853,222,231,1410,2001.0,26237.0,894727.0,0.265201,-0.602807,TTO,USA,8942
841854,223,231,1410,2001.0,1813.0,40713.0,0.054524,0.26892699999999997,TUN,USA,8942
841855,224,231,1410,2001.0,117912.0,2552732.0,0.168219,1.989011,TUR,USA,8942
841856,226,231,1410,2001.0,19696.0,10166.0,-1.227071,-0.489829,TZA,USA,8942
841857,227,231,1410,2001.0,0.0,17598.0,-1.1823700000000001,-0.7738619999999999,UGA,USA,8942
841858,228,231,1410,2001.0,224919.0,866063.0,0.642888,1.267971,UKR,USA,8942
841859,230,231,1410,2001.0,501948.0,6108982.0,0.192313,0.401841,URY,USA,8942
841860,232,231,1410,2001.0,1607.0,41472.0,-0.395015,-0.7717649999999999,UZB,USA,8942
841861,233,231,1410,2001.0,10656.0,9400.0,0.877734,-0.536957,VAT,USA,8942
841862,234,231,1410,2001.0,0.0,73987.0,-0.318918,-0.764984,VCT,USA,8942
841863,236,231,1410,2001.0,246195.0,22660662.0,-0.013877,-0.8582690000000001,VEN,USA,8942
841864,237,231,1410,2001.0,0.0,72141.0,0.5442279999999999,-0.228149,VGB,USA,8942
841865,239,231,1410,2001.0,417296.0,365900.0,-0.533978,0.503988,VNM,USA,8942
841866,242,231,1410,2001.0,0.0,55229.0,-0.45074200000000003,-0.7984439999999999,WSM,USA,8942
841867,243,231,1410,2001.0,0.0,551930.0,-1.658584,-1.354606,YEM,USA,8942
841868,246,231,1410,2001.0,718673.0,15159448.0,0.249833,2.1142950000000003,ZAF,USA,8942
841869,248,231,1410,2001.0,370665.0,27535.0,-0.663155,-0.212796,ZWE,USA,8942
841870,249,231,1410,2001.0,226143792.0,12096280.0,1.7270020000000001,1.252843,TWN,USA,8942
841871,0,236,1410,2001.0,4582.0,0.0,-0.500051,-0.8763299999999999,ABW,VEN,8942
841872,6,236,1410,2001.0,197781.0,17398.0,-0.17823699999999998,-0.814499,ANT,VEN,8942
841873,8,236,1410,2001.0,321174.0,0.0,0.11289,0.916845,ARG,VEN,8942
841874,14,236,1410,2001.0,168414.0,0.0,-0.12189000000000001,0.7281770000000001,AUS,VEN,8942
841875,15,236,1410,2001.0,755654.0,0.0,1.8987740000000002,0.45922700000000005,AUT,VEN,8942
841876,18,236,1410,2001.0,122366.0,0.0,1.425483,1.3072409999999999,BEL,VEN,8942
841877,21,236,1410,2001.0,114985.0,0.0,-0.24546199999999999,0.00141,BFA,VEN,8942
841878,31,236,1410,2001.0,0.0,4557.0,-0.614885,-0.5022770000000001,BOL,VEN,8942
841879,32,236,1410,2001.0,161918.0,125905.0,0.658473,1.328637,BRA,VEN,8942
841880,39,236,1410,2001.0,372790.0,1539.0,0.8899729999999999,1.3778299999999999,CAN,VEN,8942
841881,41,236,1410,2001.0,6164.0,0.0,2.161588,0.8069890000000001,CHE,VEN,8942
841882,42,236,1410,2001.0,117497.0,22903.0,-0.148124,0.074033,CHL,VEN,8942
841883,43,236,1410,2001.0,23393150.0,0.0,0.535502,2.28778,CHN,VEN,8942
841884,49,236,1410,2001.0,4238784.0,1507249.0,0.3378,0.479951,COL,VEN,8942
841885,52,236,1410,2001.0,0.0,36059.0,0.07408200000000001,0.126368,CRI,VEN,8942
841886,54,236,1410,2001.0,0.0,12665.0,-0.889919,-1.137994,CUB,VEN,8942
841887,58,236,1410,2001.0,10354.0,0.0,0.30700500000000003,0.258726,CYP,VEN,8942
841888,59,236,1410,2001.0,34040.0,0.0,1.56908,0.860384,CZE,VEN,8942
841889,61,236,1410,2001.0,181180.0,0.0,2.335872,-2.09875,DEU,VEN,8942
841890,64,236,1410,2001.0,1403.0,0.0,1.356327,1.3288309999999999,DNK,VEN,8942
841891,65,236,1410,2001.0,0.0,24350.0,-0.55896,-0.517513,DOM,VEN,8942
841892,67,236,1410,2001.0,86151.0,166489.0,-0.8668389999999999,-0.891943,ECU,VEN,8942
841893,71,236,1410,2001.0,7314344.0,0.0,1.1380350000000001,1.7870139999999999,ESP,VEN,8942
841894,77,236,1410,2001.0,367223.0,6102.0,1.6143809999999998,0.626221,FRA,VEN,8942
841895,81,236,1410,2001.0,273657.0,0.0,2.1068439999999997,0.658575,GBR,VEN,8942
841896,90,236,1410,2001.0,67261.0,0.0,0.338607,1.506593,GRC,VEN,8942
841897,93,236,1410,2001.0,138700.0,0.0,-0.43618199999999996,0.135535,GTM,VEN,8942
841898,96,236,1410,2001.0,0.0,4439.0,-1.026002,-0.937657,GUY,VEN,8942
841899,97,236,1410,2001.0,25560166.0,0.0,0.639538,1.5157610000000001,HKG,VEN,8942
841900,103,236,1410,2001.0,370040.0,0.0,0.039233,1.780659,IDN,VEN,8942
841901,104,236,1410,2001.0,73816.0,0.0,0.382444,2.538934,IND,VEN,8942
841902,110,236,1410,2001.0,31166.0,0.0,1.17675,0.900401,ISR,VEN,8942
841903,111,236,1410,2001.0,1715741.0,29865.0,1.488545,0.8410610000000001,ITA,VEN,8942
841904,114,236,1410,2001.0,2771291.0,0.0,2.674032,0.445636,JPN,VEN,8942
841905,120,236,1410,2001.0,0.0,83923.0,0.650191,-0.487457,KNA,VEN,8942
841906,121,236,1410,2001.0,37595.0,0.0,1.436204,0.917057,KOR,VEN,8942
841907,124,236,1410,2001.0,5240.0,0.0,0.09267,0.97731,LBN,VEN,8942
841908,138,236,1410,2001.0,2433322.0,15725.0,1.088661,0.680197,MEX,VEN,8942
841909,153,236,1410,2001.0,186790.0,0.0,0.894191,0.310677,MYS,VEN,8942
841910,159,236,1410,2001.0,1083.0,0.0,-1.9085759999999998,-1.335279,NGA,VEN,8942
841911,162,236,1410,2001.0,104428.0,9227.0,1.299569,1.487015,NLD,VEN,8942
841912,169,236,1410,2001.0,5434966.0,70537.0,0.17863800000000002,0.440159,PAN,VEN,8942
841913,173,236,1410,2001.0,58595.0,4647.0,-0.318071,0.116602,PER,VEN,8942
841914,174,236,1410,2001.0,379011.0,0.0,0.153601,-0.174218,PHL,VEN,8942
841915,177,236,1410,2001.0,4933.0,48600.0,0.983238,1.7436209999999999,POL,VEN,8942
841916,179,236,1410,2001.0,13104.0,0.0,0.688736,1.326716,PRT,VEN,8942
841917,180,236,1410,2001.0,0.0,17585.0,-0.7430220000000001,-0.8668540000000001,PRY,VEN,8942
841918,185,236,1410,2001.0,100093.0,0.0,0.465168,1.1029129999999998,ROU,VEN,8942
841919,192,236,1410,2001.0,621187.0,0.0,1.587064,0.639626,SGP,VEN,8942
841920,206,236,1410,2001.0,98546.0,0.0,1.310591,1.195523,SVK,VEN,8942
841921,207,236,1410,2001.0,262583.0,0.0,1.488089,1.0928360000000001,SVN,VEN,8942
841922,208,236,1410,2001.0,2630.0,0.0,2.01685,0.8233159999999999,SWE,VEN,8942
841923,216,236,1410,2001.0,594520.0,0.0,0.49264600000000003,1.493471,THA,VEN,8942
841924,231,236,1410,2001.0,22660662.0,246195.0,1.96615,-0.12332699999999999,USA,VEN,8942
841925,239,236,1410,2001.0,26267.0,0.0,-0.533978,0.503988,VNM,VEN,8942
841926,249,236,1410,2001.0,1991837.0,0.0,1.7270020000000001,1.252843,TWN,VEN,8942
841927,250,236,1410,2001.0,296473.0,0.0,0.947105,-0.529946,ANS,VEN,8942
841928,7,239,1410,2001.0,0.0,4314.0,-0.217259,-0.613042,ARE,VNM,8942
841929,14,239,1410,2001.0,139703.0,579962.0,-0.12189000000000001,0.7281770000000001,AUS,VNM,8942
841930,15,239,1410,2001.0,9785.0,538937.0,1.8987740000000002,0.45922700000000005,AUT,VNM,8942
841931,18,239,1410,2001.0,36595.0,6831430.0,1.425483,1.3072409999999999,BEL,VNM,8942
841932,23,239,1410,2001.0,0.0,101221.0,0.46429799999999993,1.7500380000000002,BGR,VNM,8942
841933,28,239,1410,2001.0,0.0,50783.0,0.78008,1.232713,BLR,VNM,8942
841934,32,239,1410,2001.0,0.0,24444.0,0.658473,1.328637,BRA,VNM,8942
841935,39,239,1410,2001.0,0.0,449222.0,0.8899729999999999,1.3778299999999999,CAN,VNM,8942
841936,41,239,1410,2001.0,0.0,453123.0,2.161588,0.8069890000000001,CHE,VNM,8942
841937,42,239,1410,2001.0,0.0,34722.0,-0.148124,0.074033,CHL,VNM,8942
841938,43,239,1410,2001.0,1539952.0,95322.0,0.535502,2.28778,CHN,VNM,8942
841939,44,239,1410,2001.0,0.0,2546.0,-0.731178,-0.5734739999999999,CIV,VNM,8942
841940,49,239,1410,2001.0,0.0,31979.0,0.3378,0.479951,COL,VNM,8942
841941,58,239,1410,2001.0,0.0,47452.0,0.30700500000000003,0.258726,CYP,VNM,8942
841942,59,239,1410,2001.0,0.0,277648.0,1.56908,0.860384,CZE,VNM,8942
841943,61,239,1410,2001.0,32131.0,8589960.0,2.335872,-2.09875,DEU,VNM,8942
841944,64,239,1410,2001.0,99165.0,120283.0,1.356327,1.3288309999999999,DNK,VNM,8942
841945,67,239,1410,2001.0,0.0,6757.0,-0.8668389999999999,-0.891943,ECU,VNM,8942
841946,68,239,1410,2001.0,0.0,31311.0,-0.346794,0.431229,EGY,VNM,8942
841947,71,239,1410,2001.0,0.0,891344.0,1.1380350000000001,1.7870139999999999,ESP,VNM,8942
841948,72,239,1410,2001.0,0.0,9211.0,0.53422,0.9372790000000001,EST,VNM,8942
841949,74,239,1410,2001.0,0.0,148941.0,1.9661669999999998,1.000436,FIN,VNM,8942
841950,77,239,1410,2001.0,9788.0,7375063.0,1.6143809999999998,0.626221,FRA,VNM,8942
841951,80,239,1410,2001.0,0.0,1008.0,-1.603078,-1.308825,GAB,VNM,8942
841952,81,239,1410,2001.0,0.0,15766188.0,2.1068439999999997,0.658575,GBR,VNM,8942
841953,82,239,1410,2001.0,0.0,27718.0,0.063126,-0.285493,GEO,VNM,8942
841954,90,239,1410,2001.0,0.0,6998.0,0.338607,1.506593,GRC,VNM,8942
841955,93,239,1410,2001.0,0.0,15991.0,-0.43618199999999996,0.135535,GTM,VNM,8942
841956,97,239,1410,2001.0,1313909.0,241584.0,0.639538,1.5157610000000001,HKG,VNM,8942
841957,99,239,1410,2001.0,0.0,6303.0,-0.6886899999999999,-0.49161400000000005,HND,VNM,8942
841958,102,239,1410,2001.0,0.0,224754.0,1.069245,1.2217069999999999,HUN,VNM,8942
841959,103,239,1410,2001.0,49420.0,0.0,0.039233,1.780659,IDN,VNM,8942
841960,104,239,1410,2001.0,0.0,18116.0,0.382444,2.538934,IND,VNM,8942
841961,106,239,1410,2001.0,0.0,346274.0,1.751955,0.210628,IRL,VNM,8942
841962,109,239,1410,2001.0,0.0,33887.0,0.049756,-0.496962,ISL,VNM,8942
841963,110,239,1410,2001.0,0.0,141479.0,1.17675,0.900401,ISR,VNM,8942
841964,111,239,1410,2001.0,58590.0,2115789.0,1.488545,0.8410610000000001,ITA,VNM,8942
841965,114,239,1410,2001.0,505249.0,4830200.0,2.674032,0.445636,JPN,VNM,8942
841966,121,239,1410,2001.0,1550537.0,1557244.0,1.436204,0.917057,KOR,VNM,8942
841967,122,239,1410,2001.0,0.0,3697.0,-0.695801,-1.225701,KWT,VNM,8942
841968,123,239,1410,2001.0,0.0,1711.0,-0.922693,-1.056163,LAO,VNM,8942
841969,130,239,1410,2001.0,0.0,8519.0,0.21069699999999997,0.720384,LTU,VNM,8942
841970,131,239,1410,2001.0,0.0,1697.0,1.326753,1.2069530000000002,LUX,VNM,8942
841971,134,239,1410,2001.0,0.0,16262.0,-0.616006,-0.340127,MAR,VNM,8942
841972,135,239,1410,2001.0,0.0,3044.0,0.12110699999999999,0.159706,MDA,VNM,8942
841973,138,239,1410,2001.0,0.0,1128420.0,1.088661,0.680197,MEX,VNM,8942
841974,140,239,1410,2001.0,0.0,1832.0,0.085844,0.413947,MKD,VNM,8942
841975,142,239,1410,2001.0,0.0,10798.0,1.048708,-0.04453,MLT,VNM,8942
841976,153,239,1410,2001.0,225797.0,157443.0,0.894191,0.310677,MYS,VNM,8942
841977,159,239,1410,2001.0,0.0,8670.0,-1.9085759999999998,-1.335279,NGA,VNM,8942
841978,162,239,1410,2001.0,7071.0,894420.0,1.299569,1.487015,NLD,VNM,8942
841979,163,239,1410,2001.0,0.0,299059.0,0.542366,-0.180336,NOR,VNM,8942
841980,166,239,1410,2001.0,0.0,256059.0,0.220307,0.689625,NZL,VNM,8942
841981,168,239,1410,2001.0,0.0,22351.0,-0.741053,-0.41444,PAK,VNM,8942
841982,169,239,1410,2001.0,0.0,18464.0,0.17863800000000002,0.440159,PAN,VNM,8942
841983,173,239,1410,2001.0,0.0,69522.0,-0.318071,0.116602,PER,VNM,8942
841984,174,239,1410,2001.0,58665.0,19678.0,0.153601,-0.174218,PHL,VNM,8942
841985,177,239,1410,2001.0,23151.0,864223.0,0.983238,1.7436209999999999,POL,VNM,8942
841986,179,239,1410,2001.0,0.0,78086.0,0.688736,1.326716,PRT,VNM,8942
841987,182,239,1410,2001.0,0.0,3941.0,0.055376,-0.762668,PYF,VNM,8942
841988,183,239,1410,2001.0,0.0,1884.0,-0.282283,-1.136895,QAT,VNM,8942
841989,185,239,1410,2001.0,0.0,131367.0,0.465168,1.1029129999999998,ROU,VNM,8942
841990,186,239,1410,2001.0,0.0,607622.0,0.546271,0.195872,RUS,VNM,8942
841991,189,239,1410,2001.0,0.0,17276.0,0.38765,2.769588,SCG,VNM,8942
841992,190,239,1410,2001.0,0.0,3400.0,-1.7142950000000001,-1.341016,SDN,VNM,8942
841993,192,239,1410,2001.0,459674.0,79240.0,1.587064,0.639626,SGP,VNM,8942
841994,206,239,1410,2001.0,0.0,28366.0,1.310591,1.195523,SVK,VNM,8942
841995,207,239,1410,2001.0,0.0,1124.0,1.488089,1.0928360000000001,SVN,VNM,8942
841996,208,239,1410,2001.0,0.0,1191054.0,2.01685,0.8233159999999999,SWE,VNM,8942
841997,216,239,1410,2001.0,90038.0,79719.0,0.49264600000000003,1.493471,THA,VNM,8942
841998,224,239,1410,2001.0,0.0,339096.0,0.168219,1.989011,TUR,VNM,8942
841999,228,239,1410,2001.0,17532.0,159499.0,0.642888,1.267971,UKR,VNM,8942
842000,230,239,1410,2001.0,0.0,19576.0,0.192313,0.401841,URY,VNM,8942
842001,231,239,1410,2001.0,365900.0,417296.0,1.96615,-0.12332699999999999,USA,VNM,8942
842002,236,239,1410,2001.0,0.0,26267.0,-0.013877,-0.8582690000000001,VEN,VNM,8942
842003,246,239,1410,2001.0,0.0,38564.0,0.249833,2.1142950000000003,ZAF,VNM,8942
842004,249,239,1410,2001.0,628082.0,1024636.0,1.7270020000000001,1.252843,TWN,VNM,8942
842005,2,249,1410,2001.0,0.0,12634.0,-2.190929,-1.302123,AGO,TWN,8942
842006,5,249,1410,2001.0,0.0,10731.0,0.874555,0.75456,AND,TWN,8942
842007,6,249,1410,2001.0,0.0,290412.0,-0.17823699999999998,-0.814499,ANT,TWN,8942
842008,7,249,1410,2001.0,0.0,4934478.0,-0.217259,-0.613042,ARE,TWN,8942
842009,8,249,1410,2001.0,0.0,1784910.0,0.11289,0.916845,ARG,TWN,8942
842010,14,249,1410,2001.0,275899.0,10743419.0,-0.12189000000000001,0.7281770000000001,AUS,TWN,8942
842011,15,249,1410,2001.0,66801.0,901148.0,1.8987740000000002,0.45922700000000005,AUT,TWN,8942
842012,18,249,1410,2001.0,135082.0,6678020.0,1.425483,1.3072409999999999,BEL,TWN,8942
842013,19,249,1410,2001.0,0.0,10256.0,-0.9032530000000001,-0.8979590000000001,BEN,TWN,8942
842014,22,249,1410,2001.0,0.0,35383.0,-0.799988,-1.061584,BGD,TWN,8942
842015,23,249,1410,2001.0,0.0,32204.0,0.46429799999999993,1.7500380000000002,BGR,TWN,8942
842016,24,249,1410,2001.0,0.0,114343.0,-0.11648499999999999,-1.101653,BHR,TWN,8942
842017,25,249,1410,2001.0,0.0,1305.0,0.37464899999999995,-0.130024,BHS,TWN,8942
842018,28,249,1410,2001.0,0.0,8089.0,0.78008,1.232713,BLR,TWN,8942
842019,29,249,1410,2001.0,0.0,2182.0,-0.356917,-0.73121,BLZ,TWN,8942
842020,31,249,1410,2001.0,0.0,65861.0,-0.614885,-0.5022770000000001,BOL,TWN,8942
842021,32,249,1410,2001.0,0.0,1234212.0,0.658473,1.328637,BRA,TWN,8942
842022,33,249,1410,2001.0,0.0,3262.0,0.418462,-0.020000999999999998,BRB,TWN,8942
842023,34,249,1410,2001.0,0.0,45395.0,-0.38253899999999996,-0.904789,BRN,TWN,8942
842024,39,249,1410,2001.0,276309.0,12263505.0,0.8899729999999999,1.3778299999999999,CAN,TWN,8942
842025,41,249,1410,2001.0,106168.0,930182.0,2.161588,0.8069890000000001,CHE,TWN,8942
842026,42,249,1410,2001.0,0.0,2180148.0,-0.148124,0.074033,CHL,TWN,8942
842027,43,249,1410,2001.0,39698964.0,8264549.0,0.535502,2.28778,CHN,TWN,8942
842028,44,249,1410,2001.0,0.0,51623.0,-0.731178,-0.5734739999999999,CIV,TWN,8942
842029,45,249,1410,2001.0,0.0,17806.0,-1.4692049999999999,-1.251498,CMR,TWN,8942
842030,49,249,1410,2001.0,10370.0,2399708.0,0.3378,0.479951,COL,TWN,8942
842031,52,249,1410,2001.0,0.0,676306.0,0.07408200000000001,0.126368,CRI,TWN,8942
842032,54,249,1410,2001.0,0.0,261148.0,-0.889919,-1.137994,CUB,TWN,8942
842033,58,249,1410,2001.0,0.0,423676.0,0.30700500000000003,0.258726,CYP,TWN,8942
842034,59,249,1410,2001.0,64463.0,448709.0,1.56908,0.860384,CZE,TWN,8942
842035,61,249,1410,2001.0,1458473.0,15027759.0,2.335872,-2.09875,DEU,TWN,8942
842036,63,249,1410,2001.0,0.0,17886.0,0.573546,0.326301,DMA,TWN,8942
842037,64,249,1410,2001.0,411766.0,1863349.0,1.356327,1.3288309999999999,DNK,TWN,8942
842038,65,249,1410,2001.0,0.0,1012624.0,-0.55896,-0.517513,DOM,TWN,8942
842039,66,249,1410,2001.0,0.0,22017.0,-0.9852559999999999,-1.245285,DZA,TWN,8942
842040,67,249,1410,2001.0,0.0,1273125.0,-0.8668389999999999,-0.891943,ECU,TWN,8942
842041,68,249,1410,2001.0,0.0,620639.0,-0.346794,0.431229,EGY,TWN,8942
842042,71,249,1410,2001.0,105120.0,5167391.0,1.1380350000000001,1.7870139999999999,ESP,TWN,8942
842043,72,249,1410,2001.0,1231.0,44242.0,0.53422,0.9372790000000001,EST,TWN,8942
842044,74,249,1410,2001.0,0.0,1403665.0,1.9661669999999998,1.000436,FIN,TWN,8942
842045,75,249,1410,2001.0,0.0,11717.0,-0.9144950000000001,-0.673283,FJI,TWN,8942
842046,77,249,1410,2001.0,306434.0,10532070.0,1.6143809999999998,0.626221,FRA,TWN,8942
842047,78,249,1410,2001.0,0.0,14846.0,-0.945048,-0.9974049999999999,FRO,TWN,8942
842048,79,249,1410,2001.0,0.0,31491.0,-1.34871,-1.113427,FSM,TWN,8942
842049,80,249,1410,2001.0,0.0,2403.0,-1.603078,-1.308825,GAB,TWN,8942
842050,81,249,1410,2001.0,949560.0,31784682.0,2.1068439999999997,0.658575,GBR,TWN,8942
842051,83,249,1410,2001.0,0.0,37161.0,-0.7818689999999999,-0.645878,GHA,TWN,8942
842052,84,249,1410,2001.0,0.0,2701.0,0.720621,-0.320641,GIB,TWN,8942
842053,90,249,1410,2001.0,3435.0,1054056.0,0.338607,1.506593,GRC,TWN,8942
842054,91,249,1410,2001.0,0.0,3124.0,0.405462,-0.304177,GRD,TWN,8942
842055,93,249,1410,2001.0,0.0,495768.0,-0.43618199999999996,0.135535,GTM,TWN,8942
842056,97,249,1410,2001.0,10768794.0,33574216.0,0.639538,1.5157610000000001,HKG,TWN,8942
842057,99,249,1410,2001.0,0.0,272407.0,-0.6886899999999999,-0.49161400000000005,HND,TWN,8942
842058,100,249,1410,2001.0,0.0,132172.0,0.6315729999999999,1.169338,HRV,TWN,8942
842059,101,249,1410,2001.0,0.0,23068.0,-0.8405809999999999,-0.8236399999999999,HTI,TWN,8942
842060,102,249,1410,2001.0,15408.0,260215.0,1.069245,1.2217069999999999,HUN,TWN,8942
842061,103,249,1410,2001.0,783922.0,2412846.0,0.039233,1.780659,IDN,TWN,8942
842062,104,249,1410,2001.0,13351.0,1277026.0,0.382444,2.538934,IND,TWN,8942
842063,106,249,1410,2001.0,0.0,808904.0,1.751955,0.210628,IRL,TWN,8942
842064,107,249,1410,2001.0,0.0,24093.0,-0.973691,-1.05654,IRN,TWN,8942
842065,109,249,1410,2001.0,0.0,42564.0,0.049756,-0.496962,ISL,TWN,8942
842066,110,249,1410,2001.0,19517.0,2114523.0,1.17675,0.900401,ISR,TWN,8942
842067,111,249,1410,2001.0,782818.0,6090193.0,1.488545,0.8410610000000001,ITA,TWN,8942
842068,112,249,1410,2001.0,0.0,63274.0,-0.562839,-0.9381510000000001,JAM,TWN,8942
842069,113,249,1410,2001.0,0.0,163405.0,0.5404760000000001,0.8497170000000001,JOR,TWN,8942
842070,114,249,1410,2001.0,31869692.0,40007068.0,2.674032,0.445636,JPN,TWN,8942
842071,115,249,1410,2001.0,0.0,6620.0,-0.05773,-0.44668500000000005,KAZ,TWN,8942
842072,116,249,1410,2001.0,0.0,56780.0,-0.533651,0.072611,KEN,TWN,8942
842073,118,249,1410,2001.0,4310.0,727789.0,-0.8596729999999999,-1.1214979999999999,KHM,TWN,8942
842074,121,249,1410,2001.0,1738248.0,3467924.0,1.436204,0.917057,KOR,TWN,8942
842075,122,249,1410,2001.0,0.0,1044981.0,-0.695801,-1.225701,KWT,TWN,8942
842076,124,249,1410,2001.0,0.0,555555.0,0.09267,0.97731,LBN,TWN,8942
842077,125,249,1410,2001.0,0.0,9998.0,-0.558711,-1.1508770000000001,LBR,TWN,8942
842078,126,249,1410,2001.0,0.0,90298.0,-0.9461450000000001,-1.242884,LBY,TWN,8942
842079,128,249,1410,2001.0,21995.0,217533.0,-0.43381000000000003,0.057630999999999995,LKA,TWN,8942
842080,130,249,1410,2001.0,0.0,103529.0,0.21069699999999997,0.720384,LTU,TWN,8942
842081,131,249,1410,2001.0,0.0,17647.0,1.326753,1.2069530000000002,LUX,TWN,8942
842082,132,249,1410,2001.0,0.0,168012.0,0.31652600000000003,0.523927,LVA,TWN,8942
842083,133,249,1410,2001.0,6009.0,115137.0,-0.250517,-0.589391,MAC,TWN,8942
842084,134,249,1410,2001.0,0.0,270809.0,-0.616006,-0.340127,MAR,TWN,8942
842085,136,249,1410,2001.0,0.0,9148.0,-1.0624850000000001,-0.695873,MDG,TWN,8942
842086,137,249,1410,2001.0,0.0,9638.0,-0.957807,-1.0006030000000001,MDV,TWN,8942
842087,138,249,1410,2001.0,276582.0,8013863.0,1.088661,0.680197,MEX,TWN,8942
842088,139,249,1410,2001.0,0.0,6596.0,-0.092602,-0.928477,MHL,TWN,8942
842089,140,249,1410,2001.0,0.0,10122.0,0.085844,0.413947,MKD,TWN,8942
842090,142,249,1410,2001.0,15134.0,125945.0,1.048708,-0.04453,MLT,TWN,8942
842091,143,249,1410,2001.0,0.0,18869.0,-1.284563,-1.021743,MMR,TWN,8942
842092,146,249,1410,2001.0,0.0,3765.0,-0.295507,-0.8682780000000001,MNP,TWN,8942
842093,147,249,1410,2001.0,0.0,1537.0,-1.476933,-1.253628,MOZ,TWN,8942
842094,151,249,1410,2001.0,0.0,313397.0,-0.304271,-0.589387,MUS,TWN,8942
842095,153,249,1410,2001.0,148632.0,2804552.0,0.894191,0.310677,MYS,TWN,8942
842096,154,249,1410,2001.0,0.0,11069.0,1.9170209999999999,0.08771799999999999,MYT,TWN,8942
842097,155,249,1410,2001.0,0.0,17515.0,-0.536003,-0.7165590000000001,NAM,TWN,8942
842098,156,249,1410,2001.0,0.0,35242.0,-0.523924,-0.9363049999999999,NCL,TWN,8942
842099,158,249,1410,2001.0,0.0,97625.0,2.1236029999999997,-0.348056,NFK,TWN,8942
842100,159,249,1410,2001.0,0.0,542379.0,-1.9085759999999998,-1.335279,NGA,TWN,8942
842101,160,249,1410,2001.0,0.0,266783.0,-0.865941,-0.617108,NIC,TWN,8942
842102,162,249,1410,2001.0,410002.0,8496467.0,1.299569,1.487015,NLD,TWN,8942
842103,163,249,1410,2001.0,0.0,974655.0,0.542366,-0.180336,NOR,TWN,8942
842104,166,249,1410,2001.0,35220.0,1276331.0,0.220307,0.689625,NZL,TWN,8942
842105,167,249,1410,2001.0,0.0,58532.0,-1.4727729999999999,-1.329588,OMN,TWN,8942
842106,168,249,1410,2001.0,0.0,115732.0,-0.741053,-0.41444,PAK,TWN,8942
842107,169,249,1410,2001.0,0.0,3050032.0,0.17863800000000002,0.440159,PAN,TWN,8942
842108,173,249,1410,2001.0,0.0,1683357.0,-0.318071,0.116602,PER,TWN,8942
842109,174,249,1410,2001.0,192084.0,2402649.0,0.153601,-0.174218,PHL,TWN,8942
842110,175,249,1410,2001.0,0.0,12745.0,-0.55548,-0.988116,PLW,TWN,8942
842111,176,249,1410,2001.0,0.0,46103.0,-1.2970270000000002,-1.1991209999999999,PNG,TWN,8942
842112,177,249,1410,2001.0,117334.0,622488.0,0.983238,1.7436209999999999,POL,TWN,8942
842113,179,249,1410,2001.0,0.0,476378.0,0.688736,1.326716,PRT,TWN,8942
842114,180,249,1410,2001.0,0.0,192680.0,-0.7430220000000001,-0.8668540000000001,PRY,TWN,8942
842115,182,249,1410,2001.0,0.0,34251.0,0.055376,-0.762668,PYF,TWN,8942
842116,183,249,1410,2001.0,0.0,148514.0,-0.282283,-1.136895,QAT,TWN,8942
842117,185,249,1410,2001.0,67019.0,141291.0,0.465168,1.1029129999999998,ROU,TWN,8942
842118,186,249,1410,2001.0,1264.0,2135508.0,0.546271,0.195872,RUS,TWN,8942
842119,188,249,1410,2001.0,0.0,3472312.0,0.078887,-0.9764430000000001,SAU,TWN,8942
842120,189,249,1410,2001.0,0.0,68652.0,0.38765,2.769588,SCG,TWN,8942
842121,190,249,1410,2001.0,0.0,17583.0,-1.7142950000000001,-1.341016,SDN,TWN,8942
842122,191,249,1410,2001.0,0.0,48864.0,-0.570156,-0.560573,SEN,TWN,8942
842123,192,249,1410,2001.0,322515.0,4679402.0,1.587064,0.639626,SGP,TWN,8942
842124,197,249,1410,2001.0,0.0,252167.0,-0.123958,-0.103849,SLV,TWN,8942
842125,205,249,1410,2001.0,0.0,45517.0,-0.7622359999999999,-0.790158,SUR,TWN,8942
842126,206,249,1410,2001.0,4126.0,65743.0,1.310591,1.195523,SVK,TWN,8942
842127,207,249,1410,2001.0,3035.0,165578.0,1.488089,1.0928360000000001,SVN,TWN,8942
842128,208,249,1410,2001.0,317523.0,2751807.0,2.01685,0.8233159999999999,SWE,TWN,8942
842129,209,249,1410,2001.0,0.0,3243.0,0.31004299999999996,-0.21159499999999998,SWZ,TWN,8942
842130,211,249,1410,2001.0,0.0,17506.0,-0.40370700000000004,-0.9052620000000001,SYC,TWN,8942
842131,212,249,1410,2001.0,0.0,43583.0,-1.138774,-0.839648,SYR,TWN,8942
842132,216,249,1410,2001.0,2059394.0,4711008.0,0.49264600000000003,1.493471,THA,TWN,8942
842133,217,249,1410,2001.0,1308.0,0.0,-0.6847770000000001,-1.076938,TJK,TWN,8942
842134,221,249,1410,2001.0,0.0,3757.0,-1.14535,-1.031814,TON,TWN,8942
842135,222,249,1410,2001.0,0.0,123653.0,0.265201,-0.602807,TTO,TWN,8942
842136,223,249,1410,2001.0,0.0,107289.0,0.054524,0.26892699999999997,TUN,TWN,8942
842137,224,249,1410,2001.0,1205.0,1235869.0,0.168219,1.989011,TUR,TWN,8942
842138,226,249,1410,2001.0,0.0,3273.0,-1.227071,-0.489829,TZA,TWN,8942
842139,228,249,1410,2001.0,0.0,83046.0,0.642888,1.267971,UKR,TWN,8942
842140,230,249,1410,2001.0,0.0,327201.0,0.192313,0.401841,URY,TWN,8942
842141,231,249,1410,2001.0,12096280.0,226143792.0,1.96615,-0.12332699999999999,USA,TWN,8942
842142,232,249,1410,2001.0,0.0,8521.0,-0.395015,-0.7717649999999999,UZB,TWN,8942
842143,234,249,1410,2001.0,0.0,16365.0,-0.318918,-0.764984,VCT,TWN,8942
842144,236,249,1410,2001.0,0.0,1991837.0,-0.013877,-0.8582690000000001,VEN,TWN,8942
842145,237,249,1410,2001.0,0.0,74928.0,0.5442279999999999,-0.228149,VGB,TWN,8942
842146,239,249,1410,2001.0,1024636.0,628082.0,-0.533978,0.503988,VNM,TWN,8942
842147,242,249,1410,2001.0,0.0,10097.0,-0.45074200000000003,-0.7984439999999999,WSM,TWN,8942
842148,243,249,1410,2001.0,0.0,59999.0,-1.658584,-1.354606,YEM,TWN,8942
842149,246,249,1410,2001.0,26260.0,2817012.0,0.249833,2.1142950000000003,ZAF,TWN,8942
842150,248,249,1410,2001.0,0.0,1053.0,-0.663155,-0.212796,ZWE,TWN,8942
842151,250,249,1410,2001.0,474037.0,120962.0,0.947105,-0.529946,ANS,TWN,8942
842152,7,16,1410,2001.0,791142.0,0.0,-0.217259,-0.613042,ARE,AZE,8942
842153,43,16,1410,2001.0,361401.0,0.0,0.535502,2.28778,CHN,AZE,8942
842154,61,16,1410,2001.0,61709.0,0.0,2.335872,-2.09875,DEU,AZE,8942
842155,64,16,1410,2001.0,3984.0,0.0,1.356327,1.3288309999999999,DNK,AZE,8942
842156,77,16,1410,2001.0,3350.0,49060.0,1.6143809999999998,0.626221,FRA,AZE,8942
842157,81,16,1410,2001.0,12553.0,0.0,2.1068439999999997,0.658575,GBR,AZE,8942
842158,82,16,1410,2001.0,39222.0,0.0,0.063126,-0.285493,GEO,AZE,8942
842159,97,16,1410,2001.0,16822.0,0.0,0.639538,1.5157610000000001,HKG,AZE,8942
842160,106,16,1410,2001.0,1032.0,0.0,1.751955,0.210628,IRL,AZE,8942
842161,107,16,1410,2001.0,1309332.0,0.0,-0.973691,-1.05654,IRN,AZE,8942
842162,111,16,1410,2001.0,11561.0,0.0,1.488545,0.8410610000000001,ITA,AZE,8942
842163,114,16,1410,2001.0,12136.0,0.0,2.674032,0.445636,JPN,AZE,8942
842164,162,16,1410,2001.0,1148.0,0.0,1.299569,1.487015,NLD,AZE,8942
842165,177,16,1410,2001.0,2711.0,0.0,0.983238,1.7436209999999999,POL,AZE,8942
842166,186,16,1410,2001.0,4946.0,0.0,0.546271,0.195872,RUS,AZE,8942
842167,224,16,1410,2001.0,47480.0,0.0,0.168219,1.989011,TUR,AZE,8942
842168,231,16,1410,2001.0,11139.0,0.0,1.96615,-0.12332699999999999,USA,AZE,8942
842169,4,23,1410,2001.0,0.0,25751.0,-0.137138,0.120093,ALB,BGR,8942
842170,7,23,1410,2001.0,120784.0,0.0,-0.217259,-0.613042,ARE,BGR,8942
842171,9,23,1410,2001.0,0.0,1307.0,0.62364,0.172704,ARM,BGR,8942
842172,14,23,1410,2001.0,1127.0,2192.0,-0.12189000000000001,0.7281770000000001,AUS,BGR,8942
842173,15,23,1410,2001.0,795482.0,57852.0,1.8987740000000002,0.45922700000000005,AUT,BGR,8942
842174,18,23,1410,2001.0,26211.0,43090.0,1.425483,1.3072409999999999,BEL,BGR,8942
842175,26,23,1410,2001.0,2107.0,88736.0,0.263644,0.44197,BIH,BGR,8942
842176,39,23,1410,2001.0,4759.0,15626.0,0.8899729999999999,1.3778299999999999,CAN,BGR,8942
842177,41,23,1410,2001.0,79879.0,94306.0,2.161588,0.8069890000000001,CHE,BGR,8942
842178,43,23,1410,2001.0,2274302.0,0.0,0.535502,2.28778,CHN,BGR,8942
842179,58,23,1410,2001.0,13315.0,1382.0,0.30700500000000003,0.258726,CYP,BGR,8942
842180,59,23,1410,2001.0,65101.0,8104.0,1.56908,0.860384,CZE,BGR,8942
842181,61,23,1410,2001.0,954276.0,2916733.0,2.335872,-2.09875,DEU,BGR,8942
842182,64,23,1410,2001.0,209300.0,47762.0,1.356327,1.3288309999999999,DNK,BGR,8942
842183,68,23,1410,2001.0,20052.0,0.0,-0.346794,0.431229,EGY,BGR,8942
842184,71,23,1410,2001.0,135356.0,102477.0,1.1380350000000001,1.7870139999999999,ESP,BGR,8942
842185,72,23,1410,2001.0,2119.0,0.0,0.53422,0.9372790000000001,EST,BGR,8942
842186,74,23,1410,2001.0,0.0,8480.0,1.9661669999999998,1.000436,FIN,BGR,8942
842187,77,23,1410,2001.0,164965.0,326557.0,1.6143809999999998,0.626221,FRA,BGR,8942
842188,81,23,1410,2001.0,136814.0,131525.0,2.1068439999999997,0.658575,GBR,BGR,8942
842189,82,23,1410,2001.0,0.0,10524.0,0.063126,-0.285493,GEO,BGR,8942
842190,90,23,1410,2001.0,170782.0,154446.0,0.338607,1.506593,GRC,BGR,8942
842191,97,23,1410,2001.0,400164.0,0.0,0.639538,1.5157610000000001,HKG,BGR,8942
842192,102,23,1410,2001.0,266896.0,34948.0,1.069245,1.2217069999999999,HUN,BGR,8942
842193,103,23,1410,2001.0,11372.0,0.0,0.039233,1.780659,IDN,BGR,8942
842194,104,23,1410,2001.0,3530.0,0.0,0.382444,2.538934,IND,BGR,8942
842195,106,23,1410,2001.0,5149.0,22291.0,1.751955,0.210628,IRL,BGR,8942
842196,110,23,1410,2001.0,6279.0,3744.0,1.17675,0.900401,ISR,BGR,8942
842197,111,23,1410,2001.0,4780495.0,1727571.0,1.488545,0.8410610000000001,ITA,BGR,8942
842198,113,23,1410,2001.0,0.0,2187.0,0.5404760000000001,0.8497170000000001,JOR,BGR,8942
842199,114,23,1410,2001.0,59960.0,3829.0,2.674032,0.445636,JPN,BGR,8942
842200,115,23,1410,2001.0,0.0,16914.0,-0.05773,-0.44668500000000005,KAZ,BGR,8942
842201,121,23,1410,2001.0,2253.0,0.0,1.436204,0.917057,KOR,BGR,8942
842202,124,23,1410,2001.0,16172.0,0.0,0.09267,0.97731,LBN,BGR,8942
842203,132,23,1410,2001.0,11467.0,6691.0,0.31652600000000003,0.523927,LVA,BGR,8942
842204,134,23,1410,2001.0,5286.0,0.0,-0.616006,-0.340127,MAR,BGR,8942
842205,135,23,1410,2001.0,0.0,5131.0,0.12110699999999999,0.159706,MDA,BGR,8942
842206,138,23,1410,2001.0,0.0,8165.0,1.088661,0.680197,MEX,BGR,8942
842207,140,23,1410,2001.0,21156.0,146647.0,0.085844,0.413947,MKD,BGR,8942
842208,142,23,1410,2001.0,0.0,2856.0,1.048708,-0.04453,MLT,BGR,8942
842209,162,23,1410,2001.0,142792.0,362131.0,1.299569,1.487015,NLD,BGR,8942
842210,163,23,1410,2001.0,3240.0,9964.0,0.542366,-0.180336,NOR,BGR,8942
842211,169,23,1410,2001.0,0.0,3444.0,0.17863800000000002,0.440159,PAN,BGR,8942
842212,177,23,1410,2001.0,127387.0,335863.0,0.983238,1.7436209999999999,POL,BGR,8942
842213,178,23,1410,2001.0,4420.0,0.0,0.7188640000000001,1.101559,PRK,BGR,8942
842214,179,23,1410,2001.0,7483.0,0.0,0.688736,1.326716,PRT,BGR,8942
842215,185,23,1410,2001.0,0.0,46479.0,0.465168,1.1029129999999998,ROU,BGR,8942
842216,186,23,1410,2001.0,1423.0,111029.0,0.546271,0.195872,RUS,BGR,8942
842217,189,23,1410,2001.0,3000.0,92570.0,0.38765,2.769588,SCG,BGR,8942
842218,192,23,1410,2001.0,0.0,24277.0,1.587064,0.639626,SGP,BGR,8942
842219,206,23,1410,2001.0,0.0,1984.0,1.310591,1.195523,SVK,BGR,8942
842220,207,23,1410,2001.0,60755.0,3602.0,1.488089,1.0928360000000001,SVN,BGR,8942
842221,208,23,1410,2001.0,57792.0,112560.0,2.01685,0.8233159999999999,SWE,BGR,8942
842222,212,23,1410,2001.0,1735.0,0.0,-1.138774,-0.839648,SYR,BGR,8942
842223,216,23,1410,2001.0,59134.0,0.0,0.49264600000000003,1.493471,THA,BGR,8942
842224,224,23,1410,2001.0,279481.0,0.0,0.168219,1.989011,TUR,BGR,8942
842225,228,23,1410,2001.0,2597.0,5543.0,0.642888,1.267971,UKR,BGR,8942
842226,231,23,1410,2001.0,314191.0,232364.0,1.96615,-0.12332699999999999,USA,BGR,8942
842227,239,23,1410,2001.0,101221.0,0.0,-0.533978,0.503988,VNM,BGR,8942
842228,246,23,1410,2001.0,12342.0,0.0,0.249833,2.1142950000000003,ZAF,BGR,8942
842229,249,23,1410,2001.0,32204.0,0.0,1.7270020000000001,1.252843,TWN,BGR,8942
842230,250,23,1410,2001.0,7510.0,1567.0,0.947105,-0.529946,ANS,BGR,8942
842231,9,28,1410,2001.0,0.0,2087.0,0.62364,0.172704,ARM,BLR,8942
842232,14,28,1410,2001.0,0.0,6193.0,-0.12189000000000001,0.7281770000000001,AUS,BLR,8942
842233,15,28,1410,2001.0,56701.0,0.0,1.8987740000000002,0.45922700000000005,AUT,BLR,8942
842234,18,28,1410,2001.0,6805.0,0.0,1.425483,1.3072409999999999,BEL,BLR,8942
842235,39,28,1410,2001.0,0.0,19978.0,0.8899729999999999,1.3778299999999999,CAN,BLR,8942
842236,43,28,1410,2001.0,216466.0,0.0,0.535502,2.28778,CHN,BLR,8942
842237,59,28,1410,2001.0,15477.0,8266.0,1.56908,0.860384,CZE,BLR,8942
842238,61,28,1410,2001.0,397111.0,200553.0,2.335872,-2.09875,DEU,BLR,8942
842239,64,28,1410,2001.0,3243.0,0.0,1.356327,1.3288309999999999,DNK,BLR,8942
842240,71,28,1410,2001.0,16482.0,0.0,1.1380350000000001,1.7870139999999999,ESP,BLR,8942
842241,72,28,1410,2001.0,9925.0,29510.0,0.53422,0.9372790000000001,EST,BLR,8942
842242,74,28,1410,2001.0,10763.0,0.0,1.9661669999999998,1.000436,FIN,BLR,8942
842243,77,28,1410,2001.0,23641.0,52689.0,1.6143809999999998,0.626221,FRA,BLR,8942
842244,81,28,1410,2001.0,22254.0,12477.0,2.1068439999999997,0.658575,GBR,BLR,8942
842245,102,28,1410,2001.0,5545.0,51047.0,1.069245,1.2217069999999999,HUN,BLR,8942
842246,106,28,1410,2001.0,1201.0,0.0,1.751955,0.210628,IRL,BLR,8942
842247,110,28,1410,2001.0,0.0,33397.0,1.17675,0.900401,ISR,BLR,8942
842248,111,28,1410,2001.0,91253.0,65299.0,1.488545,0.8410610000000001,ITA,BLR,8942
842249,114,28,1410,2001.0,1029.0,5998.0,2.674032,0.445636,JPN,BLR,8942
842250,115,28,1410,2001.0,0.0,47425.0,-0.05773,-0.44668500000000005,KAZ,BLR,8942
842251,130,28,1410,2001.0,82440.0,91703.0,0.21069699999999997,0.720384,LTU,BLR,8942
842252,132,28,1410,2001.0,10790.0,82028.0,0.31652600000000003,0.523927,LVA,BLR,8942
842253,135,28,1410,2001.0,0.0,26740.0,0.12110699999999999,0.159706,MDA,BLR,8942
842254,138,28,1410,2001.0,5570.0,0.0,1.088661,0.680197,MEX,BLR,8942
842255,162,28,1410,2001.0,31142.0,15202.0,1.299569,1.487015,NLD,BLR,8942
842256,177,28,1410,2001.0,221958.0,27092.0,0.983238,1.7436209999999999,POL,BLR,8942
842257,186,28,1410,2001.0,2786429.0,4372232.0,0.546271,0.195872,RUS,BLR,8942
842258,228,28,1410,2001.0,2047.0,845692.0,0.642888,1.267971,UKR,BLR,8942
842259,231,28,1410,2001.0,1460.0,334436.0,1.96615,-0.12332699999999999,USA,BLR,8942
842260,239,28,1410,2001.0,50783.0,0.0,-0.533978,0.503988,VNM,BLR,8942
842261,249,28,1410,2001.0,8089.0,0.0,1.7270020000000001,1.252843,TWN,BLR,8942
842262,250,28,1410,2001.0,0.0,2101.0,0.947105,-0.529946,ANS,BLR,8942
842263,4,68,1410,2001.0,1018.0,0.0,-0.137138,0.120093,ALB,EGY,8942
842264,7,68,1410,2001.0,216426.0,200122.0,-0.217259,-0.613042,ARE,EGY,8942
842265,14,68,1410,2001.0,0.0,44549.0,-0.12189000000000001,0.7281770000000001,AUS,EGY,8942
842266,15,68,1410,2001.0,17594.0,3289.0,1.8987740000000002,0.45922700000000005,AUT,EGY,8942
842267,18,68,1410,2001.0,42611.0,0.0,1.425483,1.3072409999999999,BEL,EGY,8942
842268,23,68,1410,2001.0,0.0,20052.0,0.46429799999999993,1.7500380000000002,BGR,EGY,8942
842269,24,68,1410,2001.0,0.0,5850.0,-0.11648499999999999,-1.101653,BHR,EGY,8942
842270,32,68,1410,2001.0,0.0,3197.0,0.658473,1.328637,BRA,EGY,8942
842271,39,68,1410,2001.0,9877.0,18955.0,0.8899729999999999,1.3778299999999999,CAN,EGY,8942
842272,41,68,1410,2001.0,0.0,12196.0,2.161588,0.8069890000000001,CHE,EGY,8942
842273,43,68,1410,2001.0,12483691.0,0.0,0.535502,2.28778,CHN,EGY,8942
842274,58,68,1410,2001.0,1680.0,6044.0,0.30700500000000003,0.258726,CYP,EGY,8942
842275,59,68,1410,2001.0,3250.0,0.0,1.56908,0.860384,CZE,EGY,8942
842276,61,68,1410,2001.0,395813.0,100192.0,2.335872,-2.09875,DEU,EGY,8942
842277,64,68,1410,2001.0,85876.0,9772.0,1.356327,1.3288309999999999,DNK,EGY,8942
842278,71,68,1410,2001.0,389075.0,0.0,1.1380350000000001,1.7870139999999999,ESP,EGY,8942
842279,73,68,1410,2001.0,0.0,1340.0,-1.010637,-0.8893280000000001,ETH,EGY,8942
842280,74,68,1410,2001.0,14315.0,0.0,1.9661669999999998,1.000436,FIN,EGY,8942
842281,77,68,1410,2001.0,175482.0,92468.0,1.6143809999999998,0.626221,FRA,EGY,8942
842282,81,68,1410,2001.0,348845.0,46363.0,2.1068439999999997,0.658575,GBR,EGY,8942
842283,90,68,1410,2001.0,62631.0,18001.0,0.338607,1.506593,GRC,EGY,8942
842284,97,68,1410,2001.0,2309746.0,0.0,0.639538,1.5157610000000001,HKG,EGY,8942
842285,102,68,1410,2001.0,4662.0,50895.0,1.069245,1.2217069999999999,HUN,EGY,8942
842286,103,68,1410,2001.0,53991.0,0.0,0.039233,1.780659,IDN,EGY,8942
842287,104,68,1410,2001.0,378143.0,0.0,0.382444,2.538934,IND,EGY,8942
842288,106,68,1410,2001.0,0.0,43909.0,1.751955,0.210628,IRL,EGY,8942
842289,110,68,1410,2001.0,0.0,5744.0,1.17675,0.900401,ISR,EGY,8942
842290,111,68,1410,2001.0,1006294.0,12224.0,1.488545,0.8410610000000001,ITA,EGY,8942
842291,114,68,1410,2001.0,389980.0,1447.0,2.674032,0.445636,JPN,EGY,8942
842292,121,68,1410,2001.0,364425.0,34766.0,1.436204,0.917057,KOR,EGY,8942
842293,122,68,1410,2001.0,20911.0,18340.0,-0.695801,-1.225701,KWT,EGY,8942
842294,124,68,1410,2001.0,0.0,16097.0,0.09267,0.97731,LBN,EGY,8942
842295,126,68,1410,2001.0,0.0,259678.0,-0.9461450000000001,-1.242884,LBY,EGY,8942
842296,128,68,1410,2001.0,30469.0,0.0,-0.43381000000000003,0.057630999999999995,LKA,EGY,8942
842297,130,68,1410,2001.0,0.0,8626.0,0.21069699999999997,0.720384,LTU,EGY,8942
842298,134,68,1410,2001.0,0.0,5282.0,-0.616006,-0.340127,MAR,EGY,8942
842299,151,68,1410,2001.0,0.0,6858.0,-0.304271,-0.589387,MUS,EGY,8942
842300,153,68,1410,2001.0,36784.0,0.0,0.894191,0.310677,MYS,EGY,8942
842301,162,68,1410,2001.0,210083.0,55085.0,1.299569,1.487015,NLD,EGY,8942
842302,163,68,1410,2001.0,19907.0,0.0,0.542366,-0.180336,NOR,EGY,8942
842303,174,68,1410,2001.0,23488.0,0.0,0.153601,-0.174218,PHL,EGY,8942
842304,179,68,1410,2001.0,0.0,2597.0,0.688736,1.326716,PRT,EGY,8942
842305,181,68,1410,2001.0,0.0,8283.0,0.8021159999999999,0.278831,PSE,EGY,8942
842306,183,68,1410,2001.0,0.0,10683.0,-0.282283,-1.136895,QAT,EGY,8942
842307,186,68,1410,2001.0,1499.0,0.0,0.546271,0.195872,RUS,EGY,8942
842308,188,68,1410,2001.0,25214.0,108338.0,0.078887,-0.9764430000000001,SAU,EGY,8942
842309,190,68,1410,2001.0,0.0,2493.0,-1.7142950000000001,-1.341016,SDN,EGY,8942
842310,192,68,1410,2001.0,134494.0,0.0,1.587064,0.639626,SGP,EGY,8942
842311,208,68,1410,2001.0,3097.0,0.0,2.01685,0.8233159999999999,SWE,EGY,8942
842312,212,68,1410,2001.0,34339.0,16692.0,-1.138774,-0.839648,SYR,EGY,8942
842313,216,68,1410,2001.0,123602.0,0.0,0.49264600000000003,1.493471,THA,EGY,8942
842314,223,68,1410,2001.0,0.0,3018.0,0.054524,0.26892699999999997,TUN,EGY,8942
842315,224,68,1410,2001.0,134409.0,0.0,0.168219,1.989011,TUR,EGY,8942
842316,231,68,1410,2001.0,747880.0,1063314.0,1.96615,-0.12332699999999999,USA,EGY,8942
842317,239,68,1410,2001.0,31311.0,0.0,-0.533978,0.503988,VNM,EGY,8942
842318,243,68,1410,2001.0,0.0,110948.0,-1.658584,-1.354606,YEM,EGY,8942
842319,246,68,1410,2001.0,0.0,19050.0,0.249833,2.1142950000000003,ZAF,EGY,8942
842320,249,68,1410,2001.0,620639.0,0.0,1.7270020000000001,1.252843,TWN,EGY,8942
842321,250,68,1410,2001.0,17114.0,0.0,0.947105,-0.529946,ANS,EGY,8942
842322,7,83,1410,2001.0,92177.0,0.0,-0.217259,-0.613042,ARE,GHA,8942
842323,14,83,1410,2001.0,2501.0,0.0,-0.12189000000000001,0.7281770000000001,AUS,GHA,8942
842324,15,83,1410,2001.0,0.0,4467.0,1.8987740000000002,0.45922700000000005,AUT,GHA,8942
842325,18,83,1410,2001.0,2806.0,0.0,1.425483,1.3072409999999999,BEL,GHA,8942
842326,21,83,1410,2001.0,4936.0,0.0,-0.24546199999999999,0.00141,BFA,GHA,8942
842327,25,83,1410,2001.0,2272.0,0.0,0.37464899999999995,-0.130024,BHS,GHA,8942
842328,39,83,1410,2001.0,25092.0,2052.0,0.8899729999999999,1.3778299999999999,CAN,GHA,8942
842329,41,83,1410,2001.0,6409.0,0.0,2.161588,0.8069890000000001,CHE,GHA,8942
842330,43,83,1410,2001.0,371033.0,0.0,0.535502,2.28778,CHN,GHA,8942
842331,44,83,1410,2001.0,7406.0,0.0,-0.731178,-0.5734739999999999,CIV,GHA,8942
842332,58,83,1410,2001.0,3069.0,0.0,0.30700500000000003,0.258726,CYP,GHA,8942
842333,61,83,1410,2001.0,14503.0,1524.0,2.335872,-2.09875,DEU,GHA,8942
842334,64,83,1410,2001.0,2235.0,0.0,1.356327,1.3288309999999999,DNK,GHA,8942
842335,77,83,1410,2001.0,45783.0,0.0,1.6143809999999998,0.626221,FRA,GHA,8942
842336,81,83,1410,2001.0,88373.0,1516.0,2.1068439999999997,0.658575,GBR,GHA,8942
842337,97,83,1410,2001.0,99969.0,0.0,0.639538,1.5157610000000001,HKG,GHA,8942
842338,103,83,1410,2001.0,2758.0,0.0,0.039233,1.780659,IDN,GHA,8942
842339,104,83,1410,2001.0,67762.0,0.0,0.382444,2.538934,IND,GHA,8942
842340,111,83,1410,2001.0,36323.0,0.0,1.488545,0.8410610000000001,ITA,GHA,8942
842341,153,83,1410,2001.0,2163.0,0.0,0.894191,0.310677,MYS,GHA,8942
842342,159,83,1410,2001.0,10675.0,0.0,-1.9085759999999998,-1.335279,NGA,GHA,8942
842343,162,83,1410,2001.0,18243.0,0.0,1.299569,1.487015,NLD,GHA,8942
842344,179,83,1410,2001.0,1948.0,0.0,0.688736,1.326716,PRT,GHA,8942
842345,188,83,1410,2001.0,7976.0,0.0,0.078887,-0.9764430000000001,SAU,GHA,8942
842346,215,83,1410,2001.0,0.0,5922.0,-0.45409399999999994,-0.337055,TGO,GHA,8942
842347,216,83,1410,2001.0,22859.0,0.0,0.49264600000000003,1.493471,THA,GHA,8942
842348,224,83,1410,2001.0,11516.0,0.0,0.168219,1.989011,TUR,GHA,8942
842349,231,83,1410,2001.0,62326.0,7442.0,1.96615,-0.12332699999999999,USA,GHA,8942
842350,246,83,1410,2001.0,32633.0,0.0,0.249833,2.1142950000000003,ZAF,GHA,8942
842351,249,83,1410,2001.0,37161.0,0.0,1.7270020000000001,1.252843,TWN,GHA,8942
842352,250,83,1410,2001.0,13805.0,0.0,0.947105,-0.529946,ANS,GHA,8942
842353,5,104,1410,2001.0,0.0,7827.0,0.874555,0.75456,AND,IND,8942
842354,7,104,1410,2001.0,361137.0,996229.0,-0.217259,-0.613042,ARE,IND,8942
842355,8,104,1410,2001.0,0.0,29507.0,0.11289,0.916845,ARG,IND,8942
842356,14,104,1410,2001.0,26496.0,355926.0,-0.12189000000000001,0.7281770000000001,AUS,IND,8942
842357,15,104,1410,2001.0,1701.0,114506.0,1.8987740000000002,0.45922700000000005,AUT,IND,8942
842358,18,104,1410,2001.0,29413.0,229791.0,1.425483,1.3072409999999999,BEL,IND,8942
842359,22,104,1410,2001.0,0.0,51454.0,-0.799988,-1.061584,BGD,IND,8942
842360,23,104,1410,2001.0,0.0,3530.0,0.46429799999999993,1.7500380000000002,BGR,IND,8942
842361,24,104,1410,2001.0,0.0,27651.0,-0.11648499999999999,-1.101653,BHR,IND,8942
842362,32,104,1410,2001.0,0.0,49586.0,0.658473,1.328637,BRA,IND,8942
842363,33,104,1410,2001.0,0.0,4110.0,0.418462,-0.020000999999999998,BRB,IND,8942
842364,39,104,1410,2001.0,37967.0,501761.0,0.8899729999999999,1.3778299999999999,CAN,IND,8942
842365,41,104,1410,2001.0,9758.0,214942.0,2.161588,0.8069890000000001,CHE,IND,8942
842366,42,104,1410,2001.0,5811.0,22545.0,-0.148124,0.074033,CHL,IND,8942
842367,43,104,1410,2001.0,18003218.0,19805.0,0.535502,2.28778,CHN,IND,8942
842368,44,104,1410,2001.0,0.0,1077.0,-0.731178,-0.5734739999999999,CIV,IND,8942
842369,47,104,1410,2001.0,0.0,47684.0,-1.5108190000000001,-1.277465,COG,IND,8942
842370,49,104,1410,2001.0,0.0,14761.0,0.3378,0.479951,COL,IND,8942
842371,52,104,1410,2001.0,0.0,3908.0,0.07408200000000001,0.126368,CRI,IND,8942
842372,58,104,1410,2001.0,0.0,31680.0,0.30700500000000003,0.258726,CYP,IND,8942
842373,59,104,1410,2001.0,19047.0,79838.0,1.56908,0.860384,CZE,IND,8942
842374,61,104,1410,2001.0,155484.0,1853184.0,2.335872,-2.09875,DEU,IND,8942
842375,62,104,1410,2001.0,0.0,1374.0,0.0005070000000000001,0.229221,DJI,IND,8942
842376,64,104,1410,2001.0,20839.0,296866.0,1.356327,1.3288309999999999,DNK,IND,8942
842377,65,104,1410,2001.0,0.0,11797.0,-0.55896,-0.517513,DOM,IND,8942
842378,67,104,1410,2001.0,0.0,2106.0,-0.8668389999999999,-0.891943,ECU,IND,8942
842379,68,104,1410,2001.0,0.0,378143.0,-0.346794,0.431229,EGY,IND,8942
842380,71,104,1410,2001.0,127635.0,412232.0,1.1380350000000001,1.7870139999999999,ESP,IND,8942
842381,72,104,1410,2001.0,0.0,8160.0,0.53422,0.9372790000000001,EST,IND,8942
842382,73,104,1410,2001.0,0.0,23750.0,-1.010637,-0.8893280000000001,ETH,IND,8942
842383,74,104,1410,2001.0,0.0,89599.0,1.9661669999999998,1.000436,FIN,IND,8942
842384,75,104,1410,2001.0,0.0,10272.0,-0.9144950000000001,-0.673283,FJI,IND,8942
842385,77,104,1410,2001.0,13105.0,748817.0,1.6143809999999998,0.626221,FRA,IND,8942
842386,80,104,1410,2001.0,0.0,2042.0,-1.603078,-1.308825,GAB,IND,8942
842387,81,104,1410,2001.0,709163.0,4615923.0,2.1068439999999997,0.658575,GBR,IND,8942
842388,83,104,1410,2001.0,0.0,67762.0,-0.7818689999999999,-0.645878,GHA,IND,8942
842389,90,104,1410,2001.0,0.0,299872.0,0.338607,1.506593,GRC,IND,8942
842390,97,104,1410,2001.0,4636614.0,373739.0,0.639538,1.5157610000000001,HKG,IND,8942
842391,100,104,1410,2001.0,0.0,1717.0,0.6315729999999999,1.169338,HRV,IND,8942
842392,102,104,1410,2001.0,55750.0,43934.0,1.069245,1.2217069999999999,HUN,IND,8942
842393,103,104,1410,2001.0,325468.0,3535.0,0.039233,1.780659,IDN,IND,8942
842394,106,104,1410,2001.0,1184.0,14322.0,1.751955,0.210628,IRL,IND,8942
842395,107,104,1410,2001.0,0.0,3354.0,-0.973691,-1.05654,IRN,IND,8942
842396,109,104,1410,2001.0,0.0,3675.0,0.049756,-0.496962,ISL,IND,8942
842397,110,104,1410,2001.0,50507.0,37096.0,1.17675,0.900401,ISR,IND,8942
842398,111,104,1410,2001.0,152916.0,555688.0,1.488545,0.8410610000000001,ITA,IND,8942
842399,113,104,1410,2001.0,0.0,40375.0,0.5404760000000001,0.8497170000000001,JOR,IND,8942
842400,114,104,1410,2001.0,250802.0,247266.0,2.674032,0.445636,JPN,IND,8942
842401,116,104,1410,2001.0,0.0,66312.0,-0.533651,0.072611,KEN,IND,8942
842402,121,104,1410,2001.0,257439.0,14437.0,1.436204,0.917057,KOR,IND,8942
842403,122,104,1410,2001.0,0.0,118764.0,-0.695801,-1.225701,KWT,IND,8942
842404,124,104,1410,2001.0,0.0,11243.0,0.09267,0.97731,LBN,IND,8942
842405,128,104,1410,2001.0,26737.0,76798.0,-0.43381000000000003,0.057630999999999995,LKA,IND,8942
842406,134,104,1410,2001.0,0.0,1723.0,-0.616006,-0.340127,MAR,IND,8942
842407,136,104,1410,2001.0,0.0,1557.0,-1.0624850000000001,-0.695873,MDG,IND,8942
842408,137,104,1410,2001.0,0.0,58711.0,-0.957807,-1.0006030000000001,MDV,IND,8942
842409,138,104,1410,2001.0,252402.0,640520.0,1.088661,0.680197,MEX,IND,8942
842410,142,104,1410,2001.0,0.0,6688.0,1.048708,-0.04453,MLT,IND,8942
842411,148,104,1410,2001.0,0.0,4220.0,-1.112149,-1.292716,MRT,IND,8942
842412,151,104,1410,2001.0,0.0,96271.0,-0.304271,-0.589387,MUS,IND,8942
842413,152,104,1410,2001.0,0.0,3155.0,-1.109888,-1.00393,MWI,IND,8942
842414,153,104,1410,2001.0,207914.0,128932.0,0.894191,0.310677,MYS,IND,8942
842415,154,104,1410,2001.0,0.0,1564.0,1.9170209999999999,0.08771799999999999,MYT,IND,8942
842416,156,104,1410,2001.0,0.0,1221.0,-0.523924,-0.9363049999999999,NCL,IND,8942
842417,157,104,1410,2001.0,0.0,4914.0,-0.674176,-0.627373,NER,IND,8942
842418,159,104,1410,2001.0,0.0,55159.0,-1.9085759999999998,-1.335279,NGA,IND,8942
842419,162,104,1410,2001.0,51776.0,914342.0,1.299569,1.487015,NLD,IND,8942
842420,163,104,1410,2001.0,0.0,99786.0,0.542366,-0.180336,NOR,IND,8942
842421,164,104,1410,2001.0,0.0,19232.0,-0.34213699999999997,0.100496,NPL,IND,8942
842422,166,104,1410,2001.0,0.0,103555.0,0.220307,0.689625,NZL,IND,8942
842423,167,104,1410,2001.0,0.0,62408.0,-1.4727729999999999,-1.329588,OMN,IND,8942
842424,168,104,1410,2001.0,0.0,1304.0,-0.741053,-0.41444,PAK,IND,8942
842425,169,104,1410,2001.0,0.0,15448.0,0.17863800000000002,0.440159,PAN,IND,8942
842426,173,104,1410,2001.0,67822.0,16820.0,-0.318071,0.116602,PER,IND,8942
842427,174,104,1410,2001.0,237285.0,9363.0,0.153601,-0.174218,PHL,IND,8942
842428,177,104,1410,2001.0,0.0,39132.0,0.983238,1.7436209999999999,POL,IND,8942
842429,178,104,1410,2001.0,0.0,4670.0,0.7188640000000001,1.101559,PRK,IND,8942
842430,179,104,1410,2001.0,0.0,18239.0,0.688736,1.326716,PRT,IND,8942
842431,180,104,1410,2001.0,0.0,7176.0,-0.7430220000000001,-0.8668540000000001,PRY,IND,8942
842432,183,104,1410,2001.0,0.0,54009.0,-0.282283,-1.136895,QAT,IND,8942
842433,185,104,1410,2001.0,13856.0,0.0,0.465168,1.1029129999999998,ROU,IND,8942
842434,186,104,1410,2001.0,0.0,1509120.0,0.546271,0.195872,RUS,IND,8942
842435,188,104,1410,2001.0,0.0,394583.0,0.078887,-0.9764430000000001,SAU,IND,8942
842436,190,104,1410,2001.0,0.0,22353.0,-1.7142950000000001,-1.341016,SDN,IND,8942
842437,191,104,1410,2001.0,0.0,18576.0,-0.570156,-0.560573,SEN,IND,8942
842438,192,104,1410,2001.0,585414.0,257817.0,1.587064,0.639626,SGP,IND,8942
842439,196,104,1410,2001.0,2772.0,0.0,0.262953,0.30432800000000004,SLE,IND,8942
842440,205,104,1410,2001.0,0.0,3123.0,-0.7622359999999999,-0.790158,SUR,IND,8942
842441,206,104,1410,2001.0,0.0,5275.0,1.310591,1.195523,SVK,IND,8942
842442,207,104,1410,2001.0,0.0,17229.0,1.488089,1.0928360000000001,SVN,IND,8942
842443,208,104,1410,2001.0,9407.0,118516.0,2.01685,0.8233159999999999,SWE,IND,8942
842444,212,104,1410,2001.0,0.0,167034.0,-1.138774,-0.839648,SYR,IND,8942
842445,216,104,1410,2001.0,433637.0,70956.0,0.49264600000000003,1.493471,THA,IND,8942
842446,219,104,1410,2001.0,0.0,9778.0,-0.8917290000000001,-1.226342,TKM,IND,8942
842447,222,104,1410,2001.0,0.0,3936.0,0.265201,-0.602807,TTO,IND,8942
842448,223,104,1410,2001.0,0.0,24200.0,0.054524,0.26892699999999997,TUN,IND,8942
842449,224,104,1410,2001.0,5835.0,12288.0,0.168219,1.989011,TUR,IND,8942
842450,226,104,1410,2001.0,0.0,49757.0,-1.227071,-0.489829,TZA,IND,8942
842451,227,104,1410,2001.0,0.0,11208.0,-1.1823700000000001,-0.7738619999999999,UGA,IND,8942
842452,231,104,1410,2001.0,1079686.0,20126802.0,1.96615,-0.12332699999999999,USA,IND,8942
842453,236,104,1410,2001.0,0.0,73816.0,-0.013877,-0.8582690000000001,VEN,IND,8942
842454,239,104,1410,2001.0,18116.0,0.0,-0.533978,0.503988,VNM,IND,8942
842455,243,104,1410,2001.0,0.0,6471.0,-1.658584,-1.354606,YEM,IND,8942
842456,246,104,1410,2001.0,0.0,168552.0,0.249833,2.1142950000000003,ZAF,IND,8942
842457,247,104,1410,2001.0,0.0,3702.0,-0.8878799999999999,-0.735268,ZMB,IND,8942
842458,249,104,1410,2001.0,1277026.0,13351.0,1.7270020000000001,1.252843,TWN,IND,8942
842459,250,104,1410,2001.0,2402.0,0.0,0.947105,-0.529946,ANS,IND,8942
842460,6,106,1410,2001.0,0.0,5720.0,-0.17823699999999998,-0.814499,ANT,IRL,8942
842461,7,106,1410,2001.0,0.0,114199.0,-0.217259,-0.613042,ARE,IRL,8942
842462,8,106,1410,2001.0,0.0,20521.0,0.11289,0.916845,ARG,IRL,8942
842463,14,106,1410,2001.0,56904.0,211916.0,-0.12189000000000001,0.7281770000000001,AUS,IRL,8942
842464,15,106,1410,2001.0,482557.0,546060.0,1.8987740000000002,0.45922700000000005,AUT,IRL,8942
842465,16,106,1410,2001.0,0.0,1032.0,-0.613283,-0.949908,AZE,IRL,8942
842466,18,106,1410,2001.0,2589228.0,423706.0,1.425483,1.3072409999999999,BEL,IRL,8942
842467,23,106,1410,2001.0,22291.0,5149.0,0.46429799999999993,1.7500380000000002,BGR,IRL,8942
842468,24,106,1410,2001.0,0.0,11491.0,-0.11648499999999999,-1.101653,BHR,IRL,8942
842469,25,106,1410,2001.0,0.0,10092.0,0.37464899999999995,-0.130024,BHS,IRL,8942
842470,28,106,1410,2001.0,0.0,1201.0,0.78008,1.232713,BLR,IRL,8942
842471,30,106,1410,2001.0,0.0,13194.0,1.070437,-0.50948,BMU,IRL,8942
842472,39,106,1410,2001.0,457256.0,207388.0,0.8899729999999999,1.3778299999999999,CAN,IRL,8942
842473,41,106,1410,2001.0,79313.0,458042.0,2.161588,0.8069890000000001,CHE,IRL,8942
842474,42,106,1410,2001.0,1846.0,0.0,-0.148124,0.074033,CHL,IRL,8942
842475,43,106,1410,2001.0,16486986.0,65461.0,0.535502,2.28778,CHN,IRL,8942
842476,57,106,1410,2001.0,0.0,5245.0,0.421799,-0.713411,CYM,IRL,8942
842477,58,106,1410,2001.0,2223.0,45961.0,0.30700500000000003,0.258726,CYP,IRL,8942
842478,59,106,1410,2001.0,98279.0,48322.0,1.56908,0.860384,CZE,IRL,8942
842479,61,106,1410,2001.0,6426215.0,14683898.0,2.335872,-2.09875,DEU,IRL,8942
842480,64,106,1410,2001.0,656280.0,85829.0,1.356327,1.3288309999999999,DNK,IRL,8942
842481,67,106,1410,2001.0,0.0,20797.0,-0.8668389999999999,-0.891943,ECU,IRL,8942
842482,68,106,1410,2001.0,43909.0,0.0,-0.346794,0.431229,EGY,IRL,8942
842483,71,106,1410,2001.0,3440673.0,3486103.0,1.1380350000000001,1.7870139999999999,ESP,IRL,8942
842484,72,106,1410,2001.0,65687.0,162804.0,0.53422,0.9372790000000001,EST,IRL,8942
842485,74,106,1410,2001.0,47384.0,40012.0,1.9661669999999998,1.000436,FIN,IRL,8942
842486,77,106,1410,2001.0,3326702.0,14623469.0,1.6143809999999998,0.626221,FRA,IRL,8942
842487,80,106,1410,2001.0,0.0,1212.0,-1.603078,-1.308825,GAB,IRL,8942
842488,81,106,1410,2001.0,155105744.0,42229068.0,2.1068439999999997,0.658575,GBR,IRL,8942
842489,90,106,1410,2001.0,53380.0,3435637.0,0.338607,1.506593,GRC,IRL,8942
842490,97,106,1410,2001.0,7653748.0,154921.0,0.639538,1.5157610000000001,HKG,IRL,8942
842491,100,106,1410,2001.0,0.0,182293.0,0.6315729999999999,1.169338,HRV,IRL,8942
842492,102,106,1410,2001.0,76891.0,304392.0,1.069245,1.2217069999999999,HUN,IRL,8942
842493,103,106,1410,2001.0,98008.0,0.0,0.039233,1.780659,IDN,IRL,8942
842494,104,106,1410,2001.0,14322.0,1184.0,0.382444,2.538934,IND,IRL,8942
842495,107,106,1410,2001.0,3827.0,0.0,-0.973691,-1.05654,IRN,IRL,8942
842496,109,106,1410,2001.0,1785.0,99519.0,0.049756,-0.496962,ISL,IRL,8942
842497,110,106,1410,2001.0,69985.0,207962.0,1.17675,0.900401,ISR,IRL,8942
842498,111,106,1410,2001.0,1772205.0,2503402.0,1.488545,0.8410610000000001,ITA,IRL,8942
842499,114,106,1410,2001.0,1000815.0,150394.0,2.674032,0.445636,JPN,IRL,8942
842500,121,106,1410,2001.0,92956.0,110016.0,1.436204,0.917057,KOR,IRL,8942
842501,122,106,1410,2001.0,0.0,2886.0,-0.695801,-1.225701,KWT,IRL,8942
842502,124,106,1410,2001.0,0.0,99607.0,0.09267,0.97731,LBN,IRL,8942
842503,128,106,1410,2001.0,35685.0,0.0,-0.43381000000000003,0.057630999999999995,LKA,IRL,8942
842504,130,106,1410,2001.0,0.0,41472.0,0.21069699999999997,0.720384,LTU,IRL,8942
842505,131,106,1410,2001.0,13418.0,91347.0,1.326753,1.2069530000000002,LUX,IRL,8942
842506,132,106,1410,2001.0,32081.0,1108.0,0.31652600000000003,0.523927,LVA,IRL,8942
842507,136,106,1410,2001.0,7099.0,0.0,-1.0624850000000001,-0.695873,MDG,IRL,8942
842508,138,106,1410,2001.0,188205.0,253995.0,1.088661,0.680197,MEX,IRL,8942
842509,142,106,1410,2001.0,0.0,19584.0,1.048708,-0.04453,MLT,IRL,8942
842510,151,106,1410,2001.0,0.0,1090.0,-0.304271,-0.589387,MUS,IRL,8942
842511,153,106,1410,2001.0,281851.0,2227.0,0.894191,0.310677,MYS,IRL,8942
842512,156,106,1410,2001.0,0.0,22475.0,-0.523924,-0.9363049999999999,NCL,IRL,8942
842513,162,106,1410,2001.0,30264406.0,6817956.0,1.299569,1.487015,NLD,IRL,8942
842514,163,106,1410,2001.0,1074194.0,767087.0,0.542366,-0.180336,NOR,IRL,8942
842515,166,106,1410,2001.0,0.0,35475.0,0.220307,0.689625,NZL,IRL,8942
842516,174,106,1410,2001.0,44994.0,0.0,0.153601,-0.174218,PHL,IRL,8942
842517,177,106,1410,2001.0,255537.0,600280.0,0.983238,1.7436209999999999,POL,IRL,8942
842518,178,106,1410,2001.0,37300.0,0.0,0.7188640000000001,1.101559,PRK,IRL,8942
842519,179,106,1410,2001.0,28242.0,7129.0,0.688736,1.326716,PRT,IRL,8942
842520,180,106,1410,2001.0,0.0,25258.0,-0.7430220000000001,-0.8668540000000001,PRY,IRL,8942
842521,182,106,1410,2001.0,0.0,13059.0,0.055376,-0.762668,PYF,IRL,8942
842522,183,106,1410,2001.0,0.0,8390.0,-0.282283,-1.136895,QAT,IRL,8942
842523,185,106,1410,2001.0,16501.0,28355.0,0.465168,1.1029129999999998,ROU,IRL,8942
842524,186,106,1410,2001.0,0.0,900324.0,0.546271,0.195872,RUS,IRL,8942
842525,188,106,1410,2001.0,1001.0,0.0,0.078887,-0.9764430000000001,SAU,IRL,8942
842526,192,106,1410,2001.0,18635.0,143393.0,1.587064,0.639626,SGP,IRL,8942
842527,196,106,1410,2001.0,3963.0,0.0,0.262953,0.30432800000000004,SLE,IRL,8942
842528,206,106,1410,2001.0,29413.0,17419.0,1.310591,1.195523,SVK,IRL,8942
842529,207,106,1410,2001.0,127779.0,120835.0,1.488089,1.0928360000000001,SVN,IRL,8942
842530,208,106,1410,2001.0,85213.0,41623.0,2.01685,0.8233159999999999,SWE,IRL,8942
842531,216,106,1410,2001.0,730446.0,655254.0,0.49264600000000003,1.493471,THA,IRL,8942
842532,223,106,1410,2001.0,0.0,9565.0,0.054524,0.26892699999999997,TUN,IRL,8942
842533,224,106,1410,2001.0,0.0,2801799.0,0.168219,1.989011,TUR,IRL,8942
842534,226,106,1410,2001.0,0.0,4540.0,-1.227071,-0.489829,TZA,IRL,8942
842535,228,106,1410,2001.0,0.0,12801.0,0.642888,1.267971,UKR,IRL,8942
842536,231,106,1410,2001.0,3645071.0,5797044.0,1.96615,-0.12332699999999999,USA,IRL,8942
842537,239,106,1410,2001.0,346274.0,0.0,-0.533978,0.503988,VNM,IRL,8942
842538,246,106,1410,2001.0,3757.0,8708.0,0.249833,2.1142950000000003,ZAF,IRL,8942
842539,249,106,1410,2001.0,808904.0,0.0,1.7270020000000001,1.252843,TWN,IRL,8942
842540,250,106,1410,2001.0,942058.0,0.0,0.947105,-0.529946,ANS,IRL,8942
842541,7,113,1410,2001.0,5415.0,54410.0,-0.217259,-0.613042,ARE,JOR,8942
842542,15,113,1410,2001.0,2610.0,0.0,1.8987740000000002,0.45922700000000005,AUT,JOR,8942
842543,23,113,1410,2001.0,2187.0,0.0,0.46429799999999993,1.7500380000000002,BGR,JOR,8942
842544,39,113,1410,2001.0,2890.0,0.0,0.8899729999999999,1.3778299999999999,CAN,JOR,8942
842545,41,113,1410,2001.0,6684.0,0.0,2.161588,0.8069890000000001,CHE,JOR,8942
842546,43,113,1410,2001.0,1176361.0,0.0,0.535502,2.28778,CHN,JOR,8942
842547,58,113,1410,2001.0,32929.0,30942.0,0.30700500000000003,0.258726,CYP,JOR,8942
842548,61,113,1410,2001.0,61187.0,2031.0,2.335872,-2.09875,DEU,JOR,8942
842549,64,113,1410,2001.0,6338.0,0.0,1.356327,1.3288309999999999,DNK,JOR,8942
842550,66,113,1410,2001.0,0.0,5475.0,-0.9852559999999999,-1.245285,DZA,JOR,8942
842551,71,113,1410,2001.0,120471.0,0.0,1.1380350000000001,1.7870139999999999,ESP,JOR,8942
842552,77,113,1410,2001.0,26408.0,0.0,1.6143809999999998,0.626221,FRA,JOR,8942
842553,81,113,1410,2001.0,314442.0,6376.0,2.1068439999999997,0.658575,GBR,JOR,8942
842554,90,113,1410,2001.0,6750.0,0.0,0.338607,1.506593,GRC,JOR,8942
842555,97,113,1410,2001.0,326601.0,0.0,0.639538,1.5157610000000001,HKG,JOR,8942
842556,102,113,1410,2001.0,47216.0,0.0,1.069245,1.2217069999999999,HUN,JOR,8942
842557,103,113,1410,2001.0,27589.0,0.0,0.039233,1.780659,IDN,JOR,8942
842558,104,113,1410,2001.0,40375.0,0.0,0.382444,2.538934,IND,JOR,8942
842559,108,113,1410,2001.0,0.0,111477.0,-1.310484,-0.976435,IRQ,JOR,8942
842560,110,113,1410,2001.0,0.0,34263.0,1.17675,0.900401,ISR,JOR,8942
842561,111,113,1410,2001.0,148974.0,0.0,1.488545,0.8410610000000001,ITA,JOR,8942
842562,114,113,1410,2001.0,219381.0,0.0,2.674032,0.445636,JPN,JOR,8942
842563,121,113,1410,2001.0,291151.0,0.0,1.436204,0.917057,KOR,JOR,8942
842564,122,113,1410,2001.0,0.0,9356.0,-0.695801,-1.225701,KWT,JOR,8942
842565,124,113,1410,2001.0,47616.0,22165.0,0.09267,0.97731,LBN,JOR,8942
842566,131,113,1410,2001.0,7555.0,0.0,1.326753,1.2069530000000002,LUX,JOR,8942
842567,138,113,1410,2001.0,1406.0,0.0,1.088661,0.680197,MEX,JOR,8942
842568,142,113,1410,2001.0,0.0,12499.0,1.048708,-0.04453,MLT,JOR,8942
842569,153,113,1410,2001.0,32960.0,0.0,0.894191,0.310677,MYS,JOR,8942
842570,162,113,1410,2001.0,52513.0,7733.0,1.299569,1.487015,NLD,JOR,8942
842571,166,113,1410,2001.0,29041.0,0.0,0.220307,0.689625,NZL,JOR,8942
842572,168,113,1410,2001.0,3078.0,0.0,-0.741053,-0.41444,PAK,JOR,8942
842573,174,113,1410,2001.0,4884.0,0.0,0.153601,-0.174218,PHL,JOR,8942
842574,183,113,1410,2001.0,0.0,175817.0,-0.282283,-1.136895,QAT,JOR,8942
842575,188,113,1410,2001.0,2588.0,6475.0,0.078887,-0.9764430000000001,SAU,JOR,8942
842576,190,113,1410,2001.0,0.0,27464.0,-1.7142950000000001,-1.341016,SDN,JOR,8942
842577,192,113,1410,2001.0,2957.0,0.0,1.587064,0.639626,SGP,JOR,8942
842578,212,113,1410,2001.0,22924.0,0.0,-1.138774,-0.839648,SYR,JOR,8942
842579,216,113,1410,2001.0,78272.0,0.0,0.49264600000000003,1.493471,THA,JOR,8942
842580,224,113,1410,2001.0,91046.0,2989.0,0.168219,1.989011,TUR,JOR,8942
842581,231,113,1410,2001.0,326263.0,19902.0,1.96615,-0.12332699999999999,USA,JOR,8942
842582,243,113,1410,2001.0,0.0,1763.0,-1.658584,-1.354606,YEM,JOR,8942
842583,249,113,1410,2001.0,163405.0,0.0,1.7270020000000001,1.252843,TWN,JOR,8942
842584,250,113,1410,2001.0,86928.0,846224.0,0.947105,-0.529946,ANS,JOR,8942
842585,7,115,1410,2001.0,67262.0,0.0,-0.217259,-0.613042,ARE,KAZ,8942
842586,9,115,1410,2001.0,3347.0,0.0,0.62364,0.172704,ARM,KAZ,8942
842587,15,115,1410,2001.0,1650.0,0.0,1.8987740000000002,0.45922700000000005,AUT,KAZ,8942
842588,18,115,1410,2001.0,15194.0,0.0,1.425483,1.3072409999999999,BEL,KAZ,8942
842589,23,115,1410,2001.0,16914.0,0.0,0.46429799999999993,1.7500380000000002,BGR,KAZ,8942
842590,25,115,1410,2001.0,37842.0,0.0,0.37464899999999995,-0.130024,BHS,KAZ,8942
842591,28,115,1410,2001.0,47425.0,0.0,0.78008,1.232713,BLR,KAZ,8942
842592,39,115,1410,2001.0,1191.0,0.0,0.8899729999999999,1.3778299999999999,CAN,KAZ,8942
842593,41,115,1410,2001.0,10153.0,0.0,2.161588,0.8069890000000001,CHE,KAZ,8942
842594,43,115,1410,2001.0,3323065.0,0.0,0.535502,2.28778,CHN,KAZ,8942
842595,58,115,1410,2001.0,131245.0,0.0,0.30700500000000003,0.258726,CYP,KAZ,8942
842596,59,115,1410,2001.0,0.0,20405.0,1.56908,0.860384,CZE,KAZ,8942
842597,61,115,1410,2001.0,494373.0,15573.0,2.335872,-2.09875,DEU,KAZ,8942
842598,64,115,1410,2001.0,24693.0,0.0,1.356327,1.3288309999999999,DNK,KAZ,8942
842599,71,115,1410,2001.0,33055.0,0.0,1.1380350000000001,1.7870139999999999,ESP,KAZ,8942
842600,72,115,1410,2001.0,4888.0,0.0,0.53422,0.9372790000000001,EST,KAZ,8942
842601,74,115,1410,2001.0,8899.0,0.0,1.9661669999999998,1.000436,FIN,KAZ,8942
842602,77,115,1410,2001.0,84396.0,0.0,1.6143809999999998,0.626221,FRA,KAZ,8942
842603,81,115,1410,2001.0,220937.0,0.0,2.1068439999999997,0.658575,GBR,KAZ,8942
842604,82,115,1410,2001.0,0.0,7613.0,0.063126,-0.285493,GEO,KAZ,8942
842605,102,115,1410,2001.0,54815.0,0.0,1.069245,1.2217069999999999,HUN,KAZ,8942
842606,107,115,1410,2001.0,1893.0,0.0,-0.973691,-1.05654,IRN,KAZ,8942
842607,111,115,1410,2001.0,67203.0,0.0,1.488545,0.8410610000000001,ITA,KAZ,8942
842608,114,115,1410,2001.0,37518.0,0.0,2.674032,0.445636,JPN,KAZ,8942
842609,117,115,1410,2001.0,2696.0,8202.0,0.125827,0.431141,KGZ,KAZ,8942
842610,121,115,1410,2001.0,18658.0,0.0,1.436204,0.917057,KOR,KAZ,8942
842611,130,115,1410,2001.0,101416.0,0.0,0.21069699999999997,0.720384,LTU,KAZ,8942
842612,132,115,1410,2001.0,2230.0,0.0,0.31652600000000003,0.523927,LVA,KAZ,8942
842613,153,115,1410,2001.0,4383.0,0.0,0.894191,0.310677,MYS,KAZ,8942
842614,162,115,1410,2001.0,22410.0,0.0,1.299569,1.487015,NLD,KAZ,8942
842615,177,115,1410,2001.0,31278.0,0.0,0.983238,1.7436209999999999,POL,KAZ,8942
842616,186,115,1410,2001.0,511019.0,51731.0,0.546271,0.195872,RUS,KAZ,8942
842617,189,115,1410,2001.0,2207.0,0.0,0.38765,2.769588,SCG,KAZ,8942
842618,207,115,1410,2001.0,37374.0,0.0,1.488089,1.0928360000000001,SVN,KAZ,8942
842619,216,115,1410,2001.0,5317.0,0.0,0.49264600000000003,1.493471,THA,KAZ,8942
842620,224,115,1410,2001.0,25682.0,75605.0,0.168219,1.989011,TUR,KAZ,8942
842621,228,115,1410,2001.0,1247.0,0.0,0.642888,1.267971,UKR,KAZ,8942
842622,231,115,1410,2001.0,71658.0,0.0,1.96615,-0.12332699999999999,USA,KAZ,8942
842623,232,115,1410,2001.0,24009.0,0.0,-0.395015,-0.7717649999999999,UZB,KAZ,8942
842624,249,115,1410,2001.0,6620.0,0.0,1.7270020000000001,1.252843,TWN,KAZ,8942
842625,2,116,1410,2001.0,0.0,11648.0,-2.190929,-1.302123,AGO,KEN,8942
842626,7,116,1410,2001.0,280144.0,0.0,-0.217259,-0.613042,ARE,KEN,8942
842627,14,116,1410,2001.0,3731.0,3307.0,-0.12189000000000001,0.7281770000000001,AUS,KEN,8942
842628,18,116,1410,2001.0,19658.0,0.0,1.425483,1.3072409999999999,BEL,KEN,8942
842629,39,116,1410,2001.0,2669.0,5447.0,0.8899729999999999,1.3778299999999999,CAN,KEN,8942
842630,41,116,1410,2001.0,13039.0,0.0,2.161588,0.8069890000000001,CHE,KEN,8942
842631,43,116,1410,2001.0,310555.0,0.0,0.535502,2.28778,CHN,KEN,8942
842632,61,116,1410,2001.0,22982.0,12805.0,2.335872,-2.09875,DEU,KEN,8942
842633,64,116,1410,2001.0,17982.0,0.0,1.356327,1.3288309999999999,DNK,KEN,8942
842634,71,116,1410,2001.0,16524.0,23497.0,1.1380350000000001,1.7870139999999999,ESP,KEN,8942
842635,74,116,1410,2001.0,0.0,1882.0,1.9661669999999998,1.000436,FIN,KEN,8942
842636,77,116,1410,2001.0,19174.0,1297.0,1.6143809999999998,0.626221,FRA,KEN,8942
842637,81,116,1410,2001.0,351277.0,794539.0,2.1068439999999997,0.658575,GBR,KEN,8942
842638,97,116,1410,2001.0,64522.0,117028.0,0.639538,1.5157610000000001,HKG,KEN,8942
842639,103,116,1410,2001.0,3390.0,0.0,0.039233,1.780659,IDN,KEN,8942
842640,104,116,1410,2001.0,66312.0,0.0,0.382444,2.538934,IND,KEN,8942
842641,110,116,1410,2001.0,1911.0,0.0,1.17675,0.900401,ISR,KEN,8942
842642,111,116,1410,2001.0,40817.0,0.0,1.488545,0.8410610000000001,ITA,KEN,8942
842643,114,116,1410,2001.0,3614.0,0.0,2.674032,0.445636,JPN,KEN,8942
842644,152,116,1410,2001.0,0.0,18439.0,-1.109888,-1.00393,MWI,KEN,8942
842645,153,116,1410,2001.0,10179.0,0.0,0.894191,0.310677,MYS,KEN,8942
842646,159,116,1410,2001.0,4257.0,0.0,-1.9085759999999998,-1.335279,NGA,KEN,8942
842647,162,116,1410,2001.0,49553.0,84891.0,1.299569,1.487015,NLD,KEN,8942
842648,163,116,1410,2001.0,0.0,3956.0,0.542366,-0.180336,NOR,KEN,8942
842649,168,116,1410,2001.0,16874.0,0.0,-0.741053,-0.41444,PAK,KEN,8942
842650,177,116,1410,2001.0,0.0,1122.0,0.983238,1.7436209999999999,POL,KEN,8942
842651,179,116,1410,2001.0,0.0,1036.0,0.688736,1.326716,PRT,KEN,8942
842652,187,116,1410,2001.0,0.0,10859.0,-1.043415,-0.9686870000000001,RWA,KEN,8942
842653,188,116,1410,2001.0,13542.0,0.0,0.078887,-0.9764430000000001,SAU,KEN,8942
842654,190,116,1410,2001.0,0.0,2200.0,-1.7142950000000001,-1.341016,SDN,KEN,8942
842655,192,116,1410,2001.0,19075.0,0.0,1.587064,0.639626,SGP,KEN,8942
842656,208,116,1410,2001.0,5005.0,0.0,2.01685,0.8233159999999999,SWE,KEN,8942
842657,216,116,1410,2001.0,57794.0,0.0,0.49264600000000003,1.493471,THA,KEN,8942
842658,226,116,1410,2001.0,0.0,3064.0,-1.227071,-0.489829,TZA,KEN,8942
842659,227,116,1410,2001.0,0.0,3735.0,-1.1823700000000001,-0.7738619999999999,UGA,KEN,8942
842660,228,116,1410,2001.0,1079.0,0.0,0.642888,1.267971,UKR,KEN,8942
842661,231,116,1410,2001.0,127718.0,496212.0,1.96615,-0.12332699999999999,USA,KEN,8942
842662,246,116,1410,2001.0,248374.0,4428.0,0.249833,2.1142950000000003,ZAF,KEN,8942
842663,249,116,1410,2001.0,56780.0,0.0,1.7270020000000001,1.252843,TWN,KEN,8942
842664,250,116,1410,2001.0,34875.0,0.0,0.947105,-0.529946,ANS,KEN,8942
842665,7,117,1410,2001.0,71078.0,0.0,-0.217259,-0.613042,ARE,KGZ,8942
842666,43,117,1410,2001.0,342173.0,0.0,0.535502,2.28778,CHN,KGZ,8942
842667,61,117,1410,2001.0,4589.0,0.0,2.335872,-2.09875,DEU,KGZ,8942
842668,81,117,1410,2001.0,8160.0,0.0,2.1068439999999997,0.658575,GBR,KGZ,8942
842669,107,117,1410,2001.0,3575.0,0.0,-0.973691,-1.05654,IRN,KGZ,8942
842670,111,117,1410,2001.0,6970.0,0.0,1.488545,0.8410610000000001,ITA,KGZ,8942
842671,115,117,1410,2001.0,8202.0,2696.0,-0.05773,-0.44668500000000005,KAZ,KGZ,8942
842672,186,117,1410,2001.0,3866.0,2436.0,0.546271,0.195872,RUS,KGZ,8942
842673,217,117,1410,2001.0,0.0,6089.0,-0.6847770000000001,-1.076938,TJK,KGZ,8942
842674,224,117,1410,2001.0,4383.0,0.0,0.168219,1.989011,TUR,KGZ,8942
842675,231,117,1410,2001.0,9825.0,4193.0,1.96615,-0.12332699999999999,USA,KGZ,8942
842676,7,132,1410,2001.0,184594.0,0.0,-0.217259,-0.613042,ARE,LVA,8942
842677,14,132,1410,2001.0,1209.0,0.0,-0.12189000000000001,0.7281770000000001,AUS,LVA,8942
842678,15,132,1410,2001.0,1015082.0,26634.0,1.8987740000000002,0.45922700000000005,AUT,LVA,8942
842679,18,132,1410,2001.0,159124.0,69594.0,1.425483,1.3072409999999999,BEL,LVA,8942
842680,23,132,1410,2001.0,6691.0,11467.0,0.46429799999999993,1.7500380000000002,BGR,LVA,8942
842681,28,132,1410,2001.0,82028.0,10790.0,0.78008,1.232713,BLR,LVA,8942
842682,39,132,1410,2001.0,2154.0,2261.0,0.8899729999999999,1.3778299999999999,CAN,LVA,8942
842683,41,132,1410,2001.0,39252.0,3058.0,2.161588,0.8069890000000001,CHE,LVA,8942
842684,43,132,1410,2001.0,960686.0,0.0,0.535502,2.28778,CHN,LVA,8942
842685,59,132,1410,2001.0,189141.0,68178.0,1.56908,0.860384,CZE,LVA,8942
842686,61,132,1410,2001.0,1243072.0,2613875.0,2.335872,-2.09875,DEU,LVA,8942
842687,64,132,1410,2001.0,237312.0,36741.0,1.356327,1.3288309999999999,DNK,LVA,8942
842688,71,132,1410,2001.0,1522890.0,2404.0,1.1380350000000001,1.7870139999999999,ESP,LVA,8942
842689,72,132,1410,2001.0,438455.0,195981.0,0.53422,0.9372790000000001,EST,LVA,8942
842690,74,132,1410,2001.0,409188.0,63457.0,1.9661669999999998,1.000436,FIN,LVA,8942
842691,77,132,1410,2001.0,178499.0,162840.0,1.6143809999999998,0.626221,FRA,LVA,8942
842692,81,132,1410,2001.0,4022226.0,16864.0,2.1068439999999997,0.658575,GBR,LVA,8942
842693,90,132,1410,2001.0,3618.0,0.0,0.338607,1.506593,GRC,LVA,8942
842694,97,132,1410,2001.0,334959.0,0.0,0.639538,1.5157610000000001,HKG,LVA,8942
842695,102,132,1410,2001.0,190633.0,0.0,1.069245,1.2217069999999999,HUN,LVA,8942
842696,103,132,1410,2001.0,12434.0,0.0,0.039233,1.780659,IDN,LVA,8942
842697,106,132,1410,2001.0,1108.0,32081.0,1.751955,0.210628,IRL,LVA,8942
842698,110,132,1410,2001.0,3642.0,6823.0,1.17675,0.900401,ISR,LVA,8942
842699,111,132,1410,2001.0,621834.0,23691.0,1.488545,0.8410610000000001,ITA,LVA,8942
842700,114,132,1410,2001.0,2418.0,0.0,2.674032,0.445636,JPN,LVA,8942
842701,115,132,1410,2001.0,0.0,2230.0,-0.05773,-0.44668500000000005,KAZ,LVA,8942
842702,128,132,1410,2001.0,1304.0,0.0,-0.43381000000000003,0.057630999999999995,LKA,LVA,8942
842703,130,132,1410,2001.0,368828.0,78986.0,0.21069699999999997,0.720384,LTU,LVA,8942
842704,138,132,1410,2001.0,62382.0,0.0,1.088661,0.680197,MEX,LVA,8942
842705,153,132,1410,2001.0,1934.0,1196.0,0.894191,0.310677,MYS,LVA,8942
842706,162,132,1410,2001.0,1086250.0,31302.0,1.299569,1.487015,NLD,LVA,8942
842707,163,132,1410,2001.0,42788.0,23148.0,0.542366,-0.180336,NOR,LVA,8942
842708,177,132,1410,2001.0,874822.0,0.0,0.983238,1.7436209999999999,POL,LVA,8942
842709,179,132,1410,2001.0,0.0,11124.0,0.688736,1.326716,PRT,LVA,8942
842710,186,132,1410,2001.0,35316.0,178164.0,0.546271,0.195872,RUS,LVA,8942
842711,206,132,1410,2001.0,5591.0,0.0,1.310591,1.195523,SVK,LVA,8942
842712,207,132,1410,2001.0,75156.0,0.0,1.488089,1.0928360000000001,SVN,LVA,8942
842713,208,132,1410,2001.0,459502.0,890351.0,2.01685,0.8233159999999999,SWE,LVA,8942
842714,216,132,1410,2001.0,8807.0,0.0,0.49264600000000003,1.493471,THA,LVA,8942
842715,224,132,1410,2001.0,7567.0,0.0,0.168219,1.989011,TUR,LVA,8942
842716,228,132,1410,2001.0,117264.0,311528.0,0.642888,1.267971,UKR,LVA,8942
842717,231,132,1410,2001.0,2455390.0,103026.0,1.96615,-0.12332699999999999,USA,LVA,8942
842718,249,132,1410,2001.0,168012.0,0.0,1.7270020000000001,1.252843,TWN,LVA,8942
842719,39,147,1410,2001.0,9903.0,0.0,0.8899729999999999,1.3778299999999999,CAN,MOZ,8942
842720,43,147,1410,2001.0,57562.0,0.0,0.535502,2.28778,CHN,MOZ,8942
842721,46,147,1410,2001.0,2778.0,0.0,-1.2660959999999999,-1.1988860000000001,COD,MOZ,8942
842722,97,147,1410,2001.0,7808.0,0.0,0.639538,1.5157610000000001,HKG,MOZ,8942
842723,103,147,1410,2001.0,27150.0,0.0,0.039233,1.780659,IDN,MOZ,8942
842724,121,147,1410,2001.0,1819.0,0.0,1.436204,0.917057,KOR,MOZ,8942
842725,152,147,1410,2001.0,1546.0,0.0,-1.109888,-1.00393,MWI,MOZ,8942
842726,155,147,1410,2001.0,5600.0,0.0,-0.536003,-0.7165590000000001,NAM,MOZ,8942
842727,179,147,1410,2001.0,78037.0,0.0,0.688736,1.326716,PRT,MOZ,8942
842728,216,147,1410,2001.0,4536.0,0.0,0.49264600000000003,1.493471,THA,MOZ,8942
842729,231,147,1410,2001.0,6190.0,5653.0,1.96615,-0.12332699999999999,USA,MOZ,8942
842730,246,147,1410,2001.0,253158.0,4229.0,0.249833,2.1142950000000003,ZAF,MOZ,8942
842731,249,147,1410,2001.0,1537.0,0.0,1.7270020000000001,1.252843,TWN,MOZ,8942
842732,250,147,1410,2001.0,14473.0,5799.0,0.947105,-0.529946,ANS,MOZ,8942
842733,7,153,1410,2001.0,25364.0,479750.0,-0.217259,-0.613042,ARE,MYS,8942
842734,8,153,1410,2001.0,1201.0,412806.0,0.11289,0.916845,ARG,MYS,8942
842735,14,153,1410,2001.0,3107143.0,2076739.0,-0.12189000000000001,0.7281770000000001,AUS,MYS,8942
842736,15,153,1410,2001.0,595402.0,586033.0,1.8987740000000002,0.45922700000000005,AUT,MYS,8942
842737,18,153,1410,2001.0,116364.0,2631477.0,1.425483,1.3072409999999999,BEL,MYS,8942
842738,22,153,1410,2001.0,0.0,3939.0,-0.799988,-1.061584,BGD,MYS,8942
842739,24,153,1410,2001.0,0.0,26094.0,-0.11648499999999999,-1.101653,BHR,MYS,8942
842740,31,153,1410,2001.0,0.0,1448.0,-0.614885,-0.5022770000000001,BOL,MYS,8942
842741,32,153,1410,2001.0,0.0,192316.0,0.658473,1.328637,BRA,MYS,8942
842742,34,153,1410,2001.0,9847.0,275831.0,-0.38253899999999996,-0.904789,BRN,MYS,8942
842743,39,153,1410,2001.0,28311.0,4580060.0,0.8899729999999999,1.3778299999999999,CAN,MYS,8942
842744,41,153,1410,2001.0,815558.0,1179820.0,2.161588,0.8069890000000001,CHE,MYS,8942
842745,42,153,1410,2001.0,0.0,20834.0,-0.148124,0.074033,CHL,MYS,8942
842746,43,153,1410,2001.0,15168418.0,606146.0,0.535502,2.28778,CHN,MYS,8942
842747,44,153,1410,2001.0,0.0,1511.0,-0.731178,-0.5734739999999999,CIV,MYS,8942
842748,49,153,1410,2001.0,0.0,128790.0,0.3378,0.479951,COL,MYS,8942
842749,52,153,1410,2001.0,0.0,14888.0,0.07408200000000001,0.126368,CRI,MYS,8942
842750,58,153,1410,2001.0,0.0,8427.0,0.30700500000000003,0.258726,CYP,MYS,8942
842751,59,153,1410,2001.0,13658.0,154454.0,1.56908,0.860384,CZE,MYS,8942
842752,61,153,1410,2001.0,781077.0,4906736.0,2.335872,-2.09875,DEU,MYS,8942
842753,64,153,1410,2001.0,101792.0,662856.0,1.356327,1.3288309999999999,DNK,MYS,8942
842754,65,153,1410,2001.0,0.0,4201.0,-0.55896,-0.517513,DOM,MYS,8942
842755,67,153,1410,2001.0,0.0,62791.0,-0.8668389999999999,-0.891943,ECU,MYS,8942
842756,68,153,1410,2001.0,0.0,36784.0,-0.346794,0.431229,EGY,MYS,8942
842757,71,153,1410,2001.0,155630.0,2738020.0,1.1380350000000001,1.7870139999999999,ESP,MYS,8942
842758,72,153,1410,2001.0,0.0,9699.0,0.53422,0.9372790000000001,EST,MYS,8942
842759,73,153,1410,2001.0,0.0,1995.0,-1.010637,-0.8893280000000001,ETH,MYS,8942
842760,74,153,1410,2001.0,3902.0,591806.0,1.9661669999999998,1.000436,FIN,MYS,8942
842761,75,153,1410,2001.0,0.0,1561.0,-0.9144950000000001,-0.673283,FJI,MYS,8942
842762,77,153,1410,2001.0,370474.0,12006543.0,1.6143809999999998,0.626221,FRA,MYS,8942
842763,81,153,1410,2001.0,192275.0,7071164.0,2.1068439999999997,0.658575,GBR,MYS,8942
842764,83,153,1410,2001.0,0.0,2163.0,-0.7818689999999999,-0.645878,GHA,MYS,8942
842765,90,153,1410,2001.0,1461.0,86327.0,0.338607,1.506593,GRC,MYS,8942
842766,97,153,1410,2001.0,11048865.0,2965593.0,0.639538,1.5157610000000001,HKG,MYS,8942
842767,100,153,1410,2001.0,0.0,7050.0,0.6315729999999999,1.169338,HRV,MYS,8942
842768,102,153,1410,2001.0,0.0,136200.0,1.069245,1.2217069999999999,HUN,MYS,8942
842769,103,153,1410,2001.0,1042247.0,540559.0,0.039233,1.780659,IDN,MYS,8942
842770,104,153,1410,2001.0,128932.0,207914.0,0.382444,2.538934,IND,MYS,8942
842771,106,153,1410,2001.0,2227.0,281851.0,1.751955,0.210628,IRL,MYS,8942
842772,107,153,1410,2001.0,13699.0,91779.0,-0.973691,-1.05654,IRN,MYS,8942
842773,109,153,1410,2001.0,0.0,7781.0,0.049756,-0.496962,ISL,MYS,8942
842774,110,153,1410,2001.0,0.0,79575.0,1.17675,0.900401,ISR,MYS,8942
842775,111,153,1410,2001.0,132942.0,1976636.0,1.488545,0.8410610000000001,ITA,MYS,8942
842776,113,153,1410,2001.0,0.0,32960.0,0.5404760000000001,0.8497170000000001,JOR,MYS,8942
842777,114,153,1410,2001.0,3325188.0,2145307.0,2.674032,0.445636,JPN,MYS,8942
842778,115,153,1410,2001.0,0.0,4383.0,-0.05773,-0.44668500000000005,KAZ,MYS,8942
842779,116,153,1410,2001.0,0.0,10179.0,-0.533651,0.072611,KEN,MYS,8942
842780,118,153,1410,2001.0,0.0,55460.0,-0.8596729999999999,-1.1214979999999999,KHM,MYS,8942
842781,121,153,1410,2001.0,1521727.0,197505.0,1.436204,0.917057,KOR,MYS,8942
842782,122,153,1410,2001.0,0.0,91228.0,-0.695801,-1.225701,KWT,MYS,8942
842783,124,153,1410,2001.0,24210.0,52450.0,0.09267,0.97731,LBN,MYS,8942
842784,128,153,1410,2001.0,20443.0,0.0,-0.43381000000000003,0.057630999999999995,LKA,MYS,8942
842785,130,153,1410,2001.0,0.0,16351.0,0.21069699999999997,0.720384,LTU,MYS,8942
842786,132,153,1410,2001.0,1196.0,1934.0,0.31652600000000003,0.523927,LVA,MYS,8942
842787,136,153,1410,2001.0,0.0,1751.0,-1.0624850000000001,-0.695873,MDG,MYS,8942
842788,137,153,1410,2001.0,0.0,4978.0,-0.957807,-1.0006030000000001,MDV,MYS,8942
842789,138,153,1410,2001.0,74419.0,16164147.0,1.088661,0.680197,MEX,MYS,8942
842790,142,153,1410,2001.0,0.0,17694.0,1.048708,-0.04453,MLT,MYS,8942
842791,143,153,1410,2001.0,44183.0,126480.0,-1.284563,-1.021743,MMR,MYS,8942
842792,151,153,1410,2001.0,0.0,36955.0,-0.304271,-0.589387,MUS,MYS,8942
842793,156,153,1410,2001.0,0.0,8271.0,-0.523924,-0.9363049999999999,NCL,MYS,8942
842794,162,153,1410,2001.0,44979.0,13320050.0,1.299569,1.487015,NLD,MYS,8942
842795,163,153,1410,2001.0,0.0,676734.0,0.542366,-0.180336,NOR,MYS,8942
842796,166,153,1410,2001.0,40586.0,640068.0,0.220307,0.689625,NZL,MYS,8942
842797,167,153,1410,2001.0,0.0,14667.0,-1.4727729999999999,-1.329588,OMN,MYS,8942
842798,168,153,1410,2001.0,1211.0,1316.0,-0.741053,-0.41444,PAK,MYS,8942
842799,169,153,1410,2001.0,0.0,54553.0,0.17863800000000002,0.440159,PAN,MYS,8942
842800,173,153,1410,2001.0,0.0,36043.0,-0.318071,0.116602,PER,MYS,8942
842801,174,153,1410,2001.0,54154.0,1833064.0,0.153601,-0.174218,PHL,MYS,8942
842802,176,153,1410,2001.0,0.0,46170.0,-1.2970270000000002,-1.1991209999999999,PNG,MYS,8942
842803,177,153,1410,2001.0,0.0,238446.0,0.983238,1.7436209999999999,POL,MYS,8942
842804,179,153,1410,2001.0,0.0,235227.0,0.688736,1.326716,PRT,MYS,8942
842805,180,153,1410,2001.0,0.0,19941.0,-0.7430220000000001,-0.8668540000000001,PRY,MYS,8942
842806,182,153,1410,2001.0,0.0,4109.0,0.055376,-0.762668,PYF,MYS,8942
842807,183,153,1410,2001.0,0.0,22649.0,-0.282283,-1.136895,QAT,MYS,8942
842808,185,153,1410,2001.0,4675.0,4453.0,0.465168,1.1029129999999998,ROU,MYS,8942
842809,186,153,1410,2001.0,0.0,99551.0,0.546271,0.195872,RUS,MYS,8942
842810,188,153,1410,2001.0,0.0,362967.0,0.078887,-0.9764430000000001,SAU,MYS,8942
842811,189,153,1410,2001.0,0.0,20112.0,0.38765,2.769588,SCG,MYS,8942
842812,190,153,1410,2001.0,0.0,10429.0,-1.7142950000000001,-1.341016,SDN,MYS,8942
842813,192,153,1410,2001.0,16025791.0,3894114.0,1.587064,0.639626,SGP,MYS,8942
842814,199,153,1410,2001.0,0.0,1318.0,-0.192768,-0.534676,SOM,MYS,8942
842815,206,153,1410,2001.0,0.0,6806.0,1.310591,1.195523,SVK,MYS,8942
842816,207,153,1410,2001.0,0.0,31637.0,1.488089,1.0928360000000001,SVN,MYS,8942
842817,208,153,1410,2001.0,123120.0,389008.0,2.01685,0.8233159999999999,SWE,MYS,8942
842818,216,153,1410,2001.0,3011600.0,4446568.0,0.49264600000000003,1.493471,THA,MYS,8942
842819,222,153,1410,2001.0,0.0,1260.0,0.265201,-0.602807,TTO,MYS,8942
842820,223,153,1410,2001.0,0.0,40252.0,0.054524,0.26892699999999997,TUN,MYS,8942
842821,224,153,1410,2001.0,0.0,88134.0,0.168219,1.989011,TUR,MYS,8942
842822,228,153,1410,2001.0,0.0,30689.0,0.642888,1.267971,UKR,MYS,8942
842823,230,153,1410,2001.0,0.0,127904.0,0.192313,0.401841,URY,MYS,8942
842824,231,153,1410,2001.0,4440724.0,109911808.0,1.96615,-0.12332699999999999,USA,MYS,8942
842825,236,153,1410,2001.0,0.0,186790.0,-0.013877,-0.8582690000000001,VEN,MYS,8942
842826,239,153,1410,2001.0,157443.0,225797.0,-0.533978,0.503988,VNM,MYS,8942
842827,243,153,1410,2001.0,0.0,125346.0,-1.658584,-1.354606,YEM,MYS,8942
842828,246,153,1410,2001.0,0.0,290645.0,0.249833,2.1142950000000003,ZAF,MYS,8942
842829,249,153,1410,2001.0,2804552.0,148632.0,1.7270020000000001,1.252843,TWN,MYS,8942
842830,250,153,1410,2001.0,209881.0,119070.0,0.947105,-0.529946,ANS,MYS,8942
842831,7,167,1410,2001.0,10234690.0,56717.0,-0.217259,-0.613042,ARE,OMN,8942
842832,15,167,1410,2001.0,32972.0,0.0,1.8987740000000002,0.45922700000000005,AUT,OMN,8942
842833,18,167,1410,2001.0,65807.0,0.0,1.425483,1.3072409999999999,BEL,OMN,8942
842834,24,167,1410,2001.0,5765.0,0.0,-0.11648499999999999,-1.101653,BHR,OMN,8942
842835,41,167,1410,2001.0,1773.0,0.0,2.161588,0.8069890000000001,CHE,OMN,8942
842836,43,167,1410,2001.0,431610.0,0.0,0.535502,2.28778,CHN,OMN,8942
842837,61,167,1410,2001.0,166524.0,0.0,2.335872,-2.09875,DEU,OMN,8942
842838,64,167,1410,2001.0,6051.0,0.0,1.356327,1.3288309999999999,DNK,OMN,8942
842839,71,167,1410,2001.0,31728.0,0.0,1.1380350000000001,1.7870139999999999,ESP,OMN,8942
842840,77,167,1410,2001.0,7708.0,0.0,1.6143809999999998,0.626221,FRA,OMN,8942
842841,81,167,1410,2001.0,450277.0,20239.0,2.1068439999999997,0.658575,GBR,OMN,8942
842842,90,167,1410,2001.0,5455.0,0.0,0.338607,1.506593,GRC,OMN,8942
842843,97,167,1410,2001.0,178575.0,0.0,0.639538,1.5157610000000001,HKG,OMN,8942
842844,102,167,1410,2001.0,55432.0,0.0,1.069245,1.2217069999999999,HUN,OMN,8942
842845,103,167,1410,2001.0,7626.0,0.0,0.039233,1.780659,IDN,OMN,8942
842846,104,167,1410,2001.0,62408.0,0.0,0.382444,2.538934,IND,OMN,8942
842847,107,167,1410,2001.0,0.0,650371.0,-0.973691,-1.05654,IRN,OMN,8942
842848,111,167,1410,2001.0,52568.0,0.0,1.488545,0.8410610000000001,ITA,OMN,8942
842849,114,167,1410,2001.0,60181.0,0.0,2.674032,0.445636,JPN,OMN,8942
842850,121,167,1410,2001.0,47045.0,0.0,1.436204,0.917057,KOR,OMN,8942
842851,122,167,1410,2001.0,14002.0,0.0,-0.695801,-1.225701,KWT,OMN,8942
842852,128,167,1410,2001.0,5061.0,0.0,-0.43381000000000003,0.057630999999999995,LKA,OMN,8942
842853,153,167,1410,2001.0,14667.0,0.0,0.894191,0.310677,MYS,OMN,8942
842854,162,167,1410,2001.0,12289.0,0.0,1.299569,1.487015,NLD,OMN,8942
842855,168,167,1410,2001.0,1411.0,0.0,-0.741053,-0.41444,PAK,OMN,8942
842856,174,167,1410,2001.0,11002.0,0.0,0.153601,-0.174218,PHL,OMN,8942
842857,188,167,1410,2001.0,10769.0,0.0,0.078887,-0.9764430000000001,SAU,OMN,8942
842858,212,167,1410,2001.0,112545.0,0.0,-1.138774,-0.839648,SYR,OMN,8942
842859,216,167,1410,2001.0,34243.0,0.0,0.49264600000000003,1.493471,THA,OMN,8942
842860,231,167,1410,2001.0,258252.0,0.0,1.96615,-0.12332699999999999,USA,OMN,8942
842861,249,167,1410,2001.0,58532.0,0.0,1.7270020000000001,1.252843,TWN,OMN,8942
842862,8,177,1410,2001.0,0.0,9589.0,0.11289,0.916845,ARG,POL,8942
842863,14,177,1410,2001.0,67047.0,237408.0,-0.12189000000000001,0.7281770000000001,AUS,POL,8942
842864,15,177,1410,2001.0,3008903.0,1685739.0,1.8987740000000002,0.45922700000000005,AUT,POL,8942
842865,16,177,1410,2001.0,0.0,2711.0,-0.613283,-0.949908,AZE,POL,8942
842866,18,177,1410,2001.0,1318785.0,2887407.0,1.425483,1.3072409999999999,BEL,POL,8942
842867,23,177,1410,2001.0,335863.0,127387.0,0.46429799999999993,1.7500380000000002,BGR,POL,8942
842868,28,177,1410,2001.0,27092.0,221958.0,0.78008,1.232713,BLR,POL,8942
842869,39,177,1410,2001.0,112268.0,439327.0,0.8899729999999999,1.3778299999999999,CAN,POL,8942
842870,41,177,1410,2001.0,3962062.0,842017.0,2.161588,0.8069890000000001,CHE,POL,8942
842871,42,177,1410,2001.0,0.0,18347.0,-0.148124,0.074033,CHL,POL,8942
842872,43,177,1410,2001.0,25927660.0,112113.0,0.535502,2.28778,CHN,POL,8942
842873,45,177,1410,2001.0,60423.0,0.0,-1.4692049999999999,-1.251498,CMR,POL,8942
842874,49,177,1410,2001.0,0.0,42412.0,0.3378,0.479951,COL,POL,8942
842875,52,177,1410,2001.0,0.0,7982.0,0.07408200000000001,0.126368,CRI,POL,8942
842876,58,177,1410,2001.0,0.0,34887.0,0.30700500000000003,0.258726,CYP,POL,8942
842877,59,177,1410,2001.0,1459982.0,2180150.0,1.56908,0.860384,CZE,POL,8942
842878,61,177,1410,2001.0,11762233.0,28044734.0,2.335872,-2.09875,DEU,POL,8942
842879,64,177,1410,2001.0,5444526.0,797133.0,1.356327,1.3288309999999999,DNK,POL,8942
842880,71,177,1410,2001.0,2504975.0,608006.0,1.1380350000000001,1.7870139999999999,ESP,POL,8942
842881,72,177,1410,2001.0,24805.0,408599.0,0.53422,0.9372790000000001,EST,POL,8942
842882,74,177,1410,2001.0,28441.0,102950.0,1.9661669999999998,1.000436,FIN,POL,8942
842883,77,177,1410,2001.0,2422592.0,1964313.0,1.6143809999999998,0.626221,FRA,POL,8942
842884,78,177,1410,2001.0,0.0,1130.0,-0.945048,-0.9974049999999999,FRO,POL,8942
842885,81,177,1410,2001.0,2555937.0,5048744.0,2.1068439999999997,0.658575,GBR,POL,8942
842886,82,177,1410,2001.0,0.0,3948.0,0.063126,-0.285493,GEO,POL,8942
842887,90,177,1410,2001.0,107827.0,179291.0,0.338607,1.506593,GRC,POL,8942
842888,97,177,1410,2001.0,13748294.0,73128.0,0.639538,1.5157610000000001,HKG,POL,8942
842889,100,177,1410,2001.0,32531.0,113367.0,0.6315729999999999,1.169338,HRV,POL,8942
842890,102,177,1410,2001.0,576012.0,586352.0,1.069245,1.2217069999999999,HUN,POL,8942
842891,103,177,1410,2001.0,525358.0,0.0,0.039233,1.780659,IDN,POL,8942
842892,104,177,1410,2001.0,39132.0,0.0,0.382444,2.538934,IND,POL,8942
842893,106,177,1410,2001.0,600280.0,255537.0,1.751955,0.210628,IRL,POL,8942
842894,109,177,1410,2001.0,54765.0,50923.0,0.049756,-0.496962,ISL,POL,8942
842895,110,177,1410,2001.0,33164.0,20565.0,1.17675,0.900401,ISR,POL,8942
842896,111,177,1410,2001.0,16278894.0,1129927.0,1.488545,0.8410610000000001,ITA,POL,8942
842897,114,177,1410,2001.0,876992.0,121205.0,2.674032,0.445636,JPN,POL,8942
842898,115,177,1410,2001.0,0.0,31278.0,-0.05773,-0.44668500000000005,KAZ,POL,8942
842899,116,177,1410,2001.0,1122.0,0.0,-0.533651,0.072611,KEN,POL,8942
842900,121,177,1410,2001.0,199542.0,21419.0,1.436204,0.917057,KOR,POL,8942
842901,124,177,1410,2001.0,0.0,15154.0,0.09267,0.97731,LBN,POL,8942
842902,128,177,1410,2001.0,149808.0,0.0,-0.43381000000000003,0.057630999999999995,LKA,POL,8942
842903,130,177,1410,2001.0,86292.0,1818478.0,0.21069699999999997,0.720384,LTU,POL,8942
842904,131,177,1410,2001.0,134401.0,901587.0,1.326753,1.2069530000000002,LUX,POL,8942
842905,132,177,1410,2001.0,0.0,874822.0,0.31652600000000003,0.523927,LVA,POL,8942
842906,135,177,1410,2001.0,2500.0,10097.0,0.12110699999999999,0.159706,MDA,POL,8942
842907,138,177,1410,2001.0,35531.0,77955.0,1.088661,0.680197,MEX,POL,8942
842908,142,177,1410,2001.0,0.0,12934.0,1.048708,-0.04453,MLT,POL,8942
842909,153,177,1410,2001.0,238446.0,0.0,0.894191,0.310677,MYS,POL,8942
842910,162,177,1410,2001.0,3916733.0,7753072.0,1.299569,1.487015,NLD,POL,8942
842911,163,177,1410,2001.0,65672.0,365380.0,0.542366,-0.180336,NOR,POL,8942
842912,166,177,1410,2001.0,0.0,7182.0,0.220307,0.689625,NZL,POL,8942
842913,173,177,1410,2001.0,0.0,2658.0,-0.318071,0.116602,PER,POL,8942
842914,174,177,1410,2001.0,45451.0,0.0,0.153601,-0.174218,PHL,POL,8942
842915,179,177,1410,2001.0,258302.0,29223.0,0.688736,1.326716,PRT,POL,8942
842916,182,177,1410,2001.0,0.0,4082.0,0.055376,-0.762668,PYF,POL,8942
842917,185,177,1410,2001.0,43019.0,100074.0,0.465168,1.1029129999999998,ROU,POL,8942
842918,186,177,1410,2001.0,108913.0,4062451.0,0.546271,0.195872,RUS,POL,8942
842919,189,177,1410,2001.0,0.0,59619.0,0.38765,2.769588,SCG,POL,8942
842920,192,177,1410,2001.0,0.0,6038.0,1.587064,0.639626,SGP,POL,8942
842921,206,177,1410,2001.0,1057748.0,641478.0,1.310591,1.195523,SVK,POL,8942
842922,207,177,1410,2001.0,232138.0,196087.0,1.488089,1.0928360000000001,SVN,POL,8942
842923,208,177,1410,2001.0,1659732.0,482643.0,2.01685,0.8233159999999999,SWE,POL,8942
842924,216,177,1410,2001.0,523053.0,0.0,0.49264600000000003,1.493471,THA,POL,8942
842925,224,177,1410,2001.0,3573.0,38375.0,0.168219,1.989011,TUR,POL,8942
842926,228,177,1410,2001.0,111231.0,1147392.0,0.642888,1.267971,UKR,POL,8942
842927,231,177,1410,2001.0,1910472.0,32025372.0,1.96615,-0.12332699999999999,USA,POL,8942
842928,236,177,1410,2001.0,48600.0,4933.0,-0.013877,-0.8582690000000001,VEN,POL,8942
842929,239,177,1410,2001.0,864223.0,23151.0,-0.533978,0.503988,VNM,POL,8942
842930,246,177,1410,2001.0,0.0,28663.0,0.249833,2.1142950000000003,ZAF,POL,8942
842931,249,177,1410,2001.0,622488.0,117334.0,1.7270020000000001,1.252843,TWN,POL,8942
842932,2,179,1410,2001.0,0.0,2093192.0,-2.190929,-1.302123,AGO,PRT,8942
842933,5,179,1410,2001.0,0.0,2974.0,0.874555,0.75456,AND,PRT,8942
842934,8,179,1410,2001.0,7277.0,0.0,0.11289,0.916845,ARG,PRT,8942
842935,14,179,1410,2001.0,2490.0,52527.0,-0.12189000000000001,0.7281770000000001,AUS,PRT,8942
842936,15,179,1410,2001.0,3765296.0,345288.0,1.8987740000000002,0.45922700000000005,AUT,PRT,8942
842937,18,179,1410,2001.0,6138863.0,312588.0,1.425483,1.3072409999999999,BEL,PRT,8942
842938,23,179,1410,2001.0,0.0,7483.0,0.46429799999999993,1.7500380000000002,BGR,PRT,8942
842939,32,179,1410,2001.0,130204.0,315696.0,0.658473,1.328637,BRA,PRT,8942
842940,39,179,1410,2001.0,31873.0,52319.0,0.8899729999999999,1.3778299999999999,CAN,PRT,8942
842941,41,179,1410,2001.0,131605.0,148535.0,2.161588,0.8069890000000001,CHE,PRT,8942
842942,42,179,1410,2001.0,0.0,197406.0,-0.148124,0.074033,CHL,PRT,8942
842943,43,179,1410,2001.0,15727189.0,10462.0,0.535502,2.28778,CHN,PRT,8942
842944,46,179,1410,2001.0,0.0,3517.0,-1.2660959999999999,-1.1988860000000001,COD,PRT,8942
842945,47,179,1410,2001.0,0.0,64097.0,-1.5108190000000001,-1.277465,COG,PRT,8942
842946,49,179,1410,2001.0,14037.0,0.0,0.3378,0.479951,COL,PRT,8942
842947,51,179,1410,2001.0,0.0,313951.0,-0.016933,-0.340938,CPV,PRT,8942
842948,58,179,1410,2001.0,0.0,3160.0,0.30700500000000003,0.258726,CYP,PRT,8942
842949,59,179,1410,2001.0,53180.0,12523.0,1.56908,0.860384,CZE,PRT,8942
842950,61,179,1410,2001.0,14202683.0,7746283.0,2.335872,-2.09875,DEU,PRT,8942
842951,63,179,1410,2001.0,0.0,2110.0,0.573546,0.326301,DMA,PRT,8942
842952,64,179,1410,2001.0,1205478.0,176238.0,1.356327,1.3288309999999999,DNK,PRT,8942
842953,68,179,1410,2001.0,2597.0,0.0,-0.346794,0.431229,EGY,PRT,8942
842954,71,179,1410,2001.0,98116128.0,4830198.0,1.1380350000000001,1.7870139999999999,ESP,PRT,8942
842955,74,179,1410,2001.0,52962.0,14575.0,1.9661669999999998,1.000436,FIN,PRT,8942
842956,77,179,1410,2001.0,16761990.0,1765662.0,1.6143809999999998,0.626221,FRA,PRT,8942
842957,78,179,1410,2001.0,0.0,4327.0,-0.945048,-0.9974049999999999,FRO,PRT,8942
842958,80,179,1410,2001.0,0.0,13375.0,-1.603078,-1.308825,GAB,PRT,8942
842959,81,179,1410,2001.0,4506133.0,1110328.0,2.1068439999999997,0.658575,GBR,PRT,8942
842960,83,179,1410,2001.0,0.0,1948.0,-0.7818689999999999,-0.645878,GHA,PRT,8942
842961,88,179,1410,2001.0,0.0,45866.0,-1.30345,-1.0277,GNB,PRT,8942
842962,90,179,1410,2001.0,238327.0,38278.0,0.338607,1.506593,GRC,PRT,8942
842963,97,179,1410,2001.0,1673618.0,86679.0,0.639538,1.5157610000000001,HKG,PRT,8942
842964,102,179,1410,2001.0,30058.0,5260.0,1.069245,1.2217069999999999,HUN,PRT,8942
842965,103,179,1410,2001.0,2812.0,2860.0,0.039233,1.780659,IDN,PRT,8942
842966,104,179,1410,2001.0,18239.0,0.0,0.382444,2.538934,IND,PRT,8942
842967,106,179,1410,2001.0,7129.0,28242.0,1.751955,0.210628,IRL,PRT,8942
842968,109,179,1410,2001.0,14940.0,4027.0,0.049756,-0.496962,ISL,PRT,8942
842969,110,179,1410,2001.0,72712.0,0.0,1.17675,0.900401,ISR,PRT,8942
842970,111,179,1410,2001.0,5794708.0,441370.0,1.488545,0.8410610000000001,ITA,PRT,8942
842971,114,179,1410,2001.0,1100932.0,246633.0,2.674032,0.445636,JPN,PRT,8942
842972,116,179,1410,2001.0,1036.0,0.0,-0.533651,0.072611,KEN,PRT,8942
842973,121,179,1410,2001.0,114917.0,0.0,1.436204,0.917057,KOR,PRT,8942
842974,124,179,1410,2001.0,0.0,2258.0,0.09267,0.97731,LBN,PRT,8942
842975,130,179,1410,2001.0,0.0,2568.0,0.21069699999999997,0.720384,LTU,PRT,8942
842976,131,179,1410,2001.0,68136.0,0.0,1.326753,1.2069530000000002,LUX,PRT,8942
842977,132,179,1410,2001.0,11124.0,0.0,0.31652600000000003,0.523927,LVA,PRT,8942
842978,133,179,1410,2001.0,27909.0,8323.0,-0.250517,-0.589391,MAC,PRT,8942
842979,134,179,1410,2001.0,10150.0,3539.0,-0.616006,-0.340127,MAR,PRT,8942
842980,138,179,1410,2001.0,3404.0,2047.0,1.088661,0.680197,MEX,PRT,8942
842981,142,179,1410,2001.0,8144.0,2036.0,1.048708,-0.04453,MLT,PRT,8942
842982,147,179,1410,2001.0,0.0,78037.0,-1.476933,-1.253628,MOZ,PRT,8942
842983,151,179,1410,2001.0,3817.0,0.0,-0.304271,-0.589387,MUS,PRT,8942
842984,153,179,1410,2001.0,235227.0,0.0,0.894191,0.310677,MYS,PRT,8942
842985,159,179,1410,2001.0,0.0,1036.0,-1.9085759999999998,-1.335279,NGA,PRT,8942
842986,162,179,1410,2001.0,5108780.0,706683.0,1.299569,1.487015,NLD,PRT,8942
842987,163,179,1410,2001.0,10720.0,8086.0,0.542366,-0.180336,NOR,PRT,8942
842988,166,179,1410,2001.0,0.0,11561.0,0.220307,0.689625,NZL,PRT,8942
842989,168,179,1410,2001.0,1671.0,0.0,-0.741053,-0.41444,PAK,PRT,8942
842990,173,179,1410,2001.0,1705.0,0.0,-0.318071,0.116602,PER,PRT,8942
842991,174,179,1410,2001.0,159036.0,3888.0,0.153601,-0.174218,PHL,PRT,8942
842992,177,179,1410,2001.0,29223.0,258302.0,0.983238,1.7436209999999999,POL,PRT,8942
842993,180,179,1410,2001.0,0.0,3296.0,-0.7430220000000001,-0.8668540000000001,PRY,PRT,8942
842994,183,179,1410,2001.0,0.0,5488.0,-0.282283,-1.136895,QAT,PRT,8942
842995,185,179,1410,2001.0,0.0,1141.0,0.465168,1.1029129999999998,ROU,PRT,8942
842996,186,179,1410,2001.0,0.0,27159.0,0.546271,0.195872,RUS,PRT,8942
842997,192,179,1410,2001.0,0.0,55689.0,1.587064,0.639626,SGP,PRT,8942
842998,203,179,1410,2001.0,0.0,47050.0,1.220692,-0.106137,STP,PRT,8942
842999,206,179,1410,2001.0,4333.0,0.0,1.310591,1.195523,SVK,PRT,8942
843000,207,179,1410,2001.0,45730.0,8375.0,1.488089,1.0928360000000001,SVN,PRT,8942
843001,208,179,1410,2001.0,67930.0,3934.0,2.01685,0.8233159999999999,SWE,PRT,8942
843002,216,179,1410,2001.0,377368.0,1429.0,0.49264600000000003,1.493471,THA,PRT,8942
843003,220,179,1410,2001.0,0.0,19624.0,1.37046,-0.133382,TLS,PRT,8942
843004,224,179,1410,2001.0,0.0,2108.0,0.168219,1.989011,TUR,PRT,8942
843005,231,179,1410,2001.0,1954554.0,86318.0,1.96615,-0.12332699999999999,USA,PRT,8942
843006,236,179,1410,2001.0,0.0,13104.0,-0.013877,-0.8582690000000001,VEN,PRT,8942
843007,239,179,1410,2001.0,78086.0,0.0,-0.533978,0.503988,VNM,PRT,8942
843008,246,179,1410,2001.0,4038.0,18221.0,0.249833,2.1142950000000003,ZAF,PRT,8942
843009,249,179,1410,2001.0,476378.0,0.0,1.7270020000000001,1.252843,TWN,PRT,8942
843010,250,179,1410,2001.0,6441.0,0.0,0.947105,-0.529946,ANS,PRT,8942
843011,7,183,1410,2001.0,37288.0,0.0,-0.217259,-0.613042,ARE,QAT,8942
843012,14,183,1410,2001.0,1676.0,0.0,-0.12189000000000001,0.7281770000000001,AUS,QAT,8942
843013,15,183,1410,2001.0,36086.0,0.0,1.8987740000000002,0.45922700000000005,AUT,QAT,8942
843014,18,183,1410,2001.0,11461.0,0.0,1.425483,1.3072409999999999,BEL,QAT,8942
843015,24,183,1410,2001.0,4918.0,0.0,-0.11648499999999999,-1.101653,BHR,QAT,8942
843016,39,183,1410,2001.0,223873.0,0.0,0.8899729999999999,1.3778299999999999,CAN,QAT,8942
843017,41,183,1410,2001.0,4871.0,0.0,2.161588,0.8069890000000001,CHE,QAT,8942
843018,43,183,1410,2001.0,202078.0,0.0,0.535502,2.28778,CHN,QAT,8942
843019,61,183,1410,2001.0,39447.0,0.0,2.335872,-2.09875,DEU,QAT,8942
843020,64,183,1410,2001.0,30802.0,0.0,1.356327,1.3288309999999999,DNK,QAT,8942
843021,68,183,1410,2001.0,10683.0,0.0,-0.346794,0.431229,EGY,QAT,8942
843022,71,183,1410,2001.0,66920.0,0.0,1.1380350000000001,1.7870139999999999,ESP,QAT,8942
843023,77,183,1410,2001.0,52024.0,0.0,1.6143809999999998,0.626221,FRA,QAT,8942
843024,81,183,1410,2001.0,217063.0,3806.0,2.1068439999999997,0.658575,GBR,QAT,8942
843025,90,183,1410,2001.0,7957.0,0.0,0.338607,1.506593,GRC,QAT,8942
843026,97,183,1410,2001.0,191401.0,0.0,0.639538,1.5157610000000001,HKG,QAT,8942
843027,102,183,1410,2001.0,32772.0,0.0,1.069245,1.2217069999999999,HUN,QAT,8942
843028,103,183,1410,2001.0,17705.0,0.0,0.039233,1.780659,IDN,QAT,8942
843029,104,183,1410,2001.0,54009.0,0.0,0.382444,2.538934,IND,QAT,8942
843030,106,183,1410,2001.0,8390.0,0.0,1.751955,0.210628,IRL,QAT,8942
843031,107,183,1410,2001.0,27041.0,0.0,-0.973691,-1.05654,IRN,QAT,8942
843032,111,183,1410,2001.0,449799.0,0.0,1.488545,0.8410610000000001,ITA,QAT,8942
843033,113,183,1410,2001.0,175817.0,0.0,0.5404760000000001,0.8497170000000001,JOR,QAT,8942
843034,114,183,1410,2001.0,116744.0,0.0,2.674032,0.445636,JPN,QAT,8942
843035,121,183,1410,2001.0,134438.0,0.0,1.436204,0.917057,KOR,QAT,8942
843036,122,183,1410,2001.0,13819.0,0.0,-0.695801,-1.225701,KWT,QAT,8942
843037,124,183,1410,2001.0,6070.0,0.0,0.09267,0.97731,LBN,QAT,8942
843038,131,183,1410,2001.0,7892.0,0.0,1.326753,1.2069530000000002,LUX,QAT,8942
843039,138,183,1410,2001.0,11041.0,0.0,1.088661,0.680197,MEX,QAT,8942
843040,153,183,1410,2001.0,22649.0,0.0,0.894191,0.310677,MYS,QAT,8942
843041,162,183,1410,2001.0,27678.0,0.0,1.299569,1.487015,NLD,QAT,8942
843042,163,183,1410,2001.0,1130.0,0.0,0.542366,-0.180336,NOR,QAT,8942
843043,168,183,1410,2001.0,7402.0,0.0,-0.741053,-0.41444,PAK,QAT,8942
843044,174,183,1410,2001.0,6196.0,0.0,0.153601,-0.174218,PHL,QAT,8942
843045,179,183,1410,2001.0,5488.0,0.0,0.688736,1.326716,PRT,QAT,8942
843046,188,183,1410,2001.0,37435.0,0.0,0.078887,-0.9764430000000001,SAU,QAT,8942
843047,192,183,1410,2001.0,23018.0,0.0,1.587064,0.639626,SGP,QAT,8942
843048,212,183,1410,2001.0,7156.0,0.0,-1.138774,-0.839648,SYR,QAT,8942
843049,216,183,1410,2001.0,108848.0,0.0,0.49264600000000003,1.493471,THA,QAT,8942
843050,224,183,1410,2001.0,4167.0,0.0,0.168219,1.989011,TUR,QAT,8942
843051,231,183,1410,2001.0,279496.0,0.0,1.96615,-0.12332699999999999,USA,QAT,8942
843052,239,183,1410,2001.0,1884.0,0.0,-0.533978,0.503988,VNM,QAT,8942
843053,246,183,1410,2001.0,4250.0,0.0,0.249833,2.1142950000000003,ZAF,QAT,8942
843054,249,183,1410,2001.0,148514.0,0.0,1.7270020000000001,1.252843,TWN,QAT,8942
843055,250,183,1410,2001.0,5591.0,0.0,0.947105,-0.529946,ANS,QAT,8942
843056,5,186,1410,2001.0,0.0,1148.0,0.874555,0.75456,AND,RUS,8942
843057,7,186,1410,2001.0,64506.0,54681.0,-0.217259,-0.613042,ARE,RUS,8942
843058,9,186,1410,2001.0,16354.0,4342.0,0.62364,0.172704,ARM,RUS,8942
843059,14,186,1410,2001.0,21177.0,23134.0,-0.12189000000000001,0.7281770000000001,AUS,RUS,8942
843060,15,186,1410,2001.0,20274682.0,27717.0,1.8987740000000002,0.45922700000000005,AUT,RUS,8942
843061,16,186,1410,2001.0,0.0,4946.0,-0.613283,-0.949908,AZE,RUS,8942
843062,18,186,1410,2001.0,3237542.0,6590.0,1.425483,1.3072409999999999,BEL,RUS,8942
843063,23,186,1410,2001.0,111029.0,1423.0,0.46429799999999993,1.7500380000000002,BGR,RUS,8942
843064,28,186,1410,2001.0,4372232.0,2786429.0,0.78008,1.232713,BLR,RUS,8942
843065,39,186,1410,2001.0,107296.0,219791.0,0.8899729999999999,1.3778299999999999,CAN,RUS,8942
843066,41,186,1410,2001.0,1261421.0,7865.0,2.161588,0.8069890000000001,CHE,RUS,8942
843067,43,186,1410,2001.0,43683384.0,20094.0,0.535502,2.28778,CHN,RUS,8942
843068,49,186,1410,2001.0,18825.0,0.0,0.3378,0.479951,COL,RUS,8942
843069,58,186,1410,2001.0,5873.0,11176.0,0.30700500000000003,0.258726,CYP,RUS,8942
843070,59,186,1410,2001.0,462096.0,82350.0,1.56908,0.860384,CZE,RUS,8942
843071,61,186,1410,2001.0,10494773.0,663278.0,2.335872,-2.09875,DEU,RUS,8942
843072,64,186,1410,2001.0,1536660.0,2942.0,1.356327,1.3288309999999999,DNK,RUS,8942
843073,68,186,1410,2001.0,0.0,1499.0,-0.346794,0.431229,EGY,RUS,8942
843074,71,186,1410,2001.0,21410430.0,1681.0,1.1380350000000001,1.7870139999999999,ESP,RUS,8942
843075,72,186,1410,2001.0,6323837.0,39715.0,0.53422,0.9372790000000001,EST,RUS,8942
843076,74,186,1410,2001.0,6822240.0,332274.0,1.9661669999999998,1.000436,FIN,RUS,8942
843077,77,186,1410,2001.0,1741001.0,125251.0,1.6143809999999998,0.626221,FRA,RUS,8942
843078,81,186,1410,2001.0,4343294.0,156312.0,2.1068439999999997,0.658575,GBR,RUS,8942
843079,82,186,1410,2001.0,0.0,13411.0,0.063126,-0.285493,GEO,RUS,8942
843080,90,186,1410,2001.0,270135.0,0.0,0.338607,1.506593,GRC,RUS,8942
843081,97,186,1410,2001.0,9359857.0,8612.0,0.639538,1.5157610000000001,HKG,RUS,8942
843082,100,186,1410,2001.0,45335.0,0.0,0.6315729999999999,1.169338,HRV,RUS,8942
843083,102,186,1410,2001.0,1401557.0,5968.0,1.069245,1.2217069999999999,HUN,RUS,8942
843084,103,186,1410,2001.0,156264.0,0.0,0.039233,1.780659,IDN,RUS,8942
843085,104,186,1410,2001.0,1509120.0,0.0,0.382444,2.538934,IND,RUS,8942
843086,106,186,1410,2001.0,900324.0,0.0,1.751955,0.210628,IRL,RUS,8942
843087,107,186,1410,2001.0,1338.0,0.0,-0.973691,-1.05654,IRN,RUS,8942
843088,109,186,1410,2001.0,7806.0,0.0,0.049756,-0.496962,ISL,RUS,8942
843089,110,186,1410,2001.0,190741.0,17679.0,1.17675,0.900401,ISR,RUS,8942
843090,111,186,1410,2001.0,6887332.0,285756.0,1.488545,0.8410610000000001,ITA,RUS,8942
843091,114,186,1410,2001.0,1085400.0,170038.0,2.674032,0.445636,JPN,RUS,8942
843092,115,186,1410,2001.0,51731.0,511019.0,-0.05773,-0.44668500000000005,KAZ,RUS,8942
843093,117,186,1410,2001.0,2436.0,3866.0,0.125827,0.431141,KGZ,RUS,8942
843094,121,186,1410,2001.0,5069874.0,147100.0,1.436204,0.917057,KOR,RUS,8942
843095,128,186,1410,2001.0,79624.0,0.0,-0.43381000000000003,0.057630999999999995,LKA,RUS,8942
843096,130,186,1410,2001.0,507987.0,100597.0,0.21069699999999997,0.720384,LTU,RUS,8942
843097,131,186,1410,2001.0,73245.0,0.0,1.326753,1.2069530000000002,LUX,RUS,8942
843098,132,186,1410,2001.0,178164.0,35316.0,0.31652600000000003,0.523927,LVA,RUS,8942
843099,135,186,1410,2001.0,48789.0,10009.0,0.12110699999999999,0.159706,MDA,RUS,8942
843100,138,186,1410,2001.0,341593.0,0.0,1.088661,0.680197,MEX,RUS,8942
843101,153,186,1410,2001.0,99551.0,0.0,0.894191,0.310677,MYS,RUS,8942
843102,162,186,1410,2001.0,3201409.0,40146.0,1.299569,1.487015,NLD,RUS,8942
843103,163,186,1410,2001.0,136936.0,13213.0,0.542366,-0.180336,NOR,RUS,8942
843104,168,186,1410,2001.0,3926.0,0.0,-0.741053,-0.41444,PAK,RUS,8942
843105,174,186,1410,2001.0,24761.0,0.0,0.153601,-0.174218,PHL,RUS,8942
843106,177,186,1410,2001.0,4062451.0,108913.0,0.983238,1.7436209999999999,POL,RUS,8942
843107,178,186,1410,2001.0,66953.0,0.0,0.7188640000000001,1.101559,PRK,RUS,8942
843108,179,186,1410,2001.0,27159.0,0.0,0.688736,1.326716,PRT,RUS,8942
843109,185,186,1410,2001.0,4048.0,0.0,0.465168,1.1029129999999998,ROU,RUS,8942
843110,188,186,1410,2001.0,0.0,22517.0,0.078887,-0.9764430000000001,SAU,RUS,8942
843111,189,186,1410,2001.0,21733.0,13237.0,0.38765,2.769588,SCG,RUS,8942
843112,192,186,1410,2001.0,284637.0,0.0,1.587064,0.639626,SGP,RUS,8942
843113,206,186,1410,2001.0,10695.0,0.0,1.310591,1.195523,SVK,RUS,8942
843114,207,186,1410,2001.0,1502260.0,0.0,1.488089,1.0928360000000001,SVN,RUS,8942
843115,208,186,1410,2001.0,551116.0,28827.0,2.01685,0.8233159999999999,SWE,RUS,8942
843116,212,186,1410,2001.0,34713.0,0.0,-1.138774,-0.839648,SYR,RUS,8942
843117,216,186,1410,2001.0,649311.0,0.0,0.49264600000000003,1.493471,THA,RUS,8942
843118,217,186,1410,2001.0,0.0,40873.0,-0.6847770000000001,-1.076938,TJK,RUS,8942
843119,219,186,1410,2001.0,0.0,1446.0,-0.8917290000000001,-1.226342,TKM,RUS,8942
843120,224,186,1410,2001.0,760030.0,3035.0,0.168219,1.989011,TUR,RUS,8942
843121,228,186,1410,2001.0,1762854.0,286395.0,0.642888,1.267971,UKR,RUS,8942
843122,231,186,1410,2001.0,9745198.0,1691876.0,1.96615,-0.12332699999999999,USA,RUS,8942
843123,232,186,1410,2001.0,49229.0,16518.0,-0.395015,-0.7717649999999999,UZB,RUS,8942
843124,239,186,1410,2001.0,607622.0,0.0,-0.533978,0.503988,VNM,RUS,8942
843125,249,186,1410,2001.0,2135508.0,1264.0,1.7270020000000001,1.252843,TWN,RUS,8942
843126,250,186,1410,2001.0,0.0,2069.0,0.947105,-0.529946,ANS,RUS,8942
843127,7,191,1410,2001.0,59926.0,0.0,-0.217259,-0.613042,ARE,SEN,8942
843128,18,191,1410,2001.0,67906.0,0.0,1.425483,1.3072409999999999,BEL,SEN,8942
843129,39,191,1410,2001.0,1884.0,6534.0,0.8899729999999999,1.3778299999999999,CAN,SEN,8942
843130,41,191,1410,2001.0,0.0,12448.0,2.161588,0.8069890000000001,CHE,SEN,8942
843131,43,191,1410,2001.0,272270.0,0.0,0.535502,2.28778,CHN,SEN,8942
843132,51,191,1410,2001.0,0.0,6485.0,-0.016933,-0.340938,CPV,SEN,8942
843133,61,191,1410,2001.0,11119.0,0.0,2.335872,-2.09875,DEU,SEN,8942
843134,71,191,1410,2001.0,25160.0,0.0,1.1380350000000001,1.7870139999999999,ESP,SEN,8942
843135,77,191,1410,2001.0,652330.0,0.0,1.6143809999999998,0.626221,FRA,SEN,8942
843136,81,191,1410,2001.0,19671.0,27645.0,2.1068439999999997,0.658575,GBR,SEN,8942
843137,88,191,1410,2001.0,0.0,3275.0,-1.30345,-1.0277,GNB,SEN,8942
843138,97,191,1410,2001.0,87043.0,0.0,0.639538,1.5157610000000001,HKG,SEN,8942
843139,103,191,1410,2001.0,2752.0,0.0,0.039233,1.780659,IDN,SEN,8942
843140,104,191,1410,2001.0,18576.0,0.0,0.382444,2.538934,IND,SEN,8942
843141,111,191,1410,2001.0,47467.0,0.0,1.488545,0.8410610000000001,ITA,SEN,8942
843142,114,191,1410,2001.0,1293.0,0.0,2.674032,0.445636,JPN,SEN,8942
843143,162,191,1410,2001.0,1632.0,0.0,1.299569,1.487015,NLD,SEN,8942
843144,174,191,1410,2001.0,7562.0,0.0,0.153601,-0.174218,PHL,SEN,8942
843145,192,191,1410,2001.0,3135.0,0.0,1.587064,0.639626,SGP,SEN,8942
843146,224,191,1410,2001.0,1015.0,0.0,0.168219,1.989011,TUR,SEN,8942
843147,231,191,1410,2001.0,114711.0,4622.0,1.96615,-0.12332699999999999,USA,SEN,8942
843148,246,191,1410,2001.0,2151.0,0.0,0.249833,2.1142950000000003,ZAF,SEN,8942
843149,249,191,1410,2001.0,48864.0,0.0,1.7270020000000001,1.252843,TWN,SEN,8942
843150,250,191,1410,2001.0,0.0,18043.0,0.947105,-0.529946,ANS,SEN,8942
843151,7,206,1410,2001.0,0.0,33049.0,-0.217259,-0.613042,ARE,SVK,8942
843152,14,206,1410,2001.0,0.0,28800.0,-0.12189000000000001,0.7281770000000001,AUS,SVK,8942
843153,15,206,1410,2001.0,3910398.0,3568041.0,1.8987740000000002,0.45922700000000005,AUT,SVK,8942
843154,18,206,1410,2001.0,734307.0,74416.0,1.425483,1.3072409999999999,BEL,SVK,8942
843155,23,206,1410,2001.0,1984.0,0.0,0.46429799999999993,1.7500380000000002,BGR,SVK,8942
843156,26,206,1410,2001.0,0.0,17682.0,0.263644,0.44197,BIH,SVK,8942
843157,39,206,1410,2001.0,13176.0,40764.0,0.8899729999999999,1.3778299999999999,CAN,SVK,8942
843158,41,206,1410,2001.0,379730.0,135254.0,2.161588,0.8069890000000001,CHE,SVK,8942
843159,43,206,1410,2001.0,1862568.0,0.0,0.535502,2.28778,CHN,SVK,8942
843160,59,206,1410,2001.0,5099721.0,3051995.0,1.56908,0.860384,CZE,SVK,8942
843161,61,206,1410,2001.0,1307424.0,2367567.0,2.335872,-2.09875,DEU,SVK,8942
843162,64,206,1410,2001.0,463823.0,412347.0,1.356327,1.3288309999999999,DNK,SVK,8942
843163,71,206,1410,2001.0,274667.0,13281.0,1.1380350000000001,1.7870139999999999,ESP,SVK,8942
843164,72,206,1410,2001.0,7289.0,0.0,0.53422,0.9372790000000001,EST,SVK,8942
843165,74,206,1410,2001.0,3307.0,35065.0,1.9661669999999998,1.000436,FIN,SVK,8942
843166,77,206,1410,2001.0,580198.0,1039857.0,1.6143809999999998,0.626221,FRA,SVK,8942
843167,81,206,1410,2001.0,153283.0,151482.0,2.1068439999999997,0.658575,GBR,SVK,8942
843168,90,206,1410,2001.0,9432.0,4679.0,0.338607,1.506593,GRC,SVK,8942
843169,97,206,1410,2001.0,438793.0,74995.0,0.639538,1.5157610000000001,HKG,SVK,8942
843170,100,206,1410,2001.0,32128.0,48961.0,0.6315729999999999,1.169338,HRV,SVK,8942
843171,102,206,1410,2001.0,738715.0,316458.0,1.069245,1.2217069999999999,HUN,SVK,8942
843172,104,206,1410,2001.0,5275.0,0.0,0.382444,2.538934,IND,SVK,8942
843173,106,206,1410,2001.0,17419.0,29413.0,1.751955,0.210628,IRL,SVK,8942
843174,110,206,1410,2001.0,30147.0,1916.0,1.17675,0.900401,ISR,SVK,8942
843175,111,206,1410,2001.0,1370982.0,2757080.0,1.488545,0.8410610000000001,ITA,SVK,8942
843176,114,206,1410,2001.0,449042.0,254457.0,2.674032,0.445636,JPN,SVK,8942
843177,121,206,1410,2001.0,5076.0,0.0,1.436204,0.917057,KOR,SVK,8942
843178,128,206,1410,2001.0,1116.0,0.0,-0.43381000000000003,0.057630999999999995,LKA,SVK,8942
843179,131,206,1410,2001.0,1865.0,0.0,1.326753,1.2069530000000002,LUX,SVK,8942
843180,132,206,1410,2001.0,0.0,5591.0,0.31652600000000003,0.523927,LVA,SVK,8942
843181,135,206,1410,2001.0,0.0,2698.0,0.12110699999999999,0.159706,MDA,SVK,8942
843182,138,206,1410,2001.0,3002.0,1621.0,1.088661,0.680197,MEX,SVK,8942
843183,142,206,1410,2001.0,0.0,7167.0,1.048708,-0.04453,MLT,SVK,8942
843184,153,206,1410,2001.0,6806.0,0.0,0.894191,0.310677,MYS,SVK,8942
843185,162,206,1410,2001.0,1269157.0,1178143.0,1.299569,1.487015,NLD,SVK,8942
843186,163,206,1410,2001.0,0.0,38268.0,0.542366,-0.180336,NOR,SVK,8942
843187,166,206,1410,2001.0,0.0,7879.0,0.220307,0.689625,NZL,SVK,8942
843188,174,206,1410,2001.0,1159.0,0.0,0.153601,-0.174218,PHL,SVK,8942
843189,177,206,1410,2001.0,641478.0,1057748.0,0.983238,1.7436209999999999,POL,SVK,8942
843190,179,206,1410,2001.0,0.0,4333.0,0.688736,1.326716,PRT,SVK,8942
843191,185,206,1410,2001.0,6260.0,23406.0,0.465168,1.1029129999999998,ROU,SVK,8942
843192,186,206,1410,2001.0,0.0,10695.0,0.546271,0.195872,RUS,SVK,8942
843193,189,206,1410,2001.0,22382.0,48779.0,0.38765,2.769588,SCG,SVK,8942
843194,207,206,1410,2001.0,350772.0,2624.0,1.488089,1.0928360000000001,SVN,SVK,8942
843195,208,206,1410,2001.0,55873.0,33727.0,2.01685,0.8233159999999999,SWE,SVK,8942
843196,216,206,1410,2001.0,13568.0,0.0,0.49264600000000003,1.493471,THA,SVK,8942
843197,224,206,1410,2001.0,5371.0,0.0,0.168219,1.989011,TUR,SVK,8942
843198,228,206,1410,2001.0,0.0,152777.0,0.642888,1.267971,UKR,SVK,8942
843199,231,206,1410,2001.0,269518.0,797308.0,1.96615,-0.12332699999999999,USA,SVK,8942
843200,236,206,1410,2001.0,0.0,98546.0,-0.013877,-0.8582690000000001,VEN,SVK,8942
843201,239,206,1410,2001.0,28366.0,0.0,-0.533978,0.503988,VNM,SVK,8942
843202,246,206,1410,2001.0,0.0,6459.0,0.249833,2.1142950000000003,ZAF,SVK,8942
843203,249,206,1410,2001.0,65743.0,4126.0,1.7270020000000001,1.252843,TWN,SVK,8942
843204,250,206,1410,2001.0,99424.0,51096.0,0.947105,-0.529946,ANS,SVK,8942
843205,7,223,1410,2001.0,4920.0,1869.0,-0.217259,-0.613042,ARE,TUN,8942
843206,18,223,1410,2001.0,64871.0,7160.0,1.425483,1.3072409999999999,BEL,TUN,8942
843207,39,223,1410,2001.0,4180.0,1531.0,0.8899729999999999,1.3778299999999999,CAN,TUN,8942
843208,41,223,1410,2001.0,11562.0,0.0,2.161588,0.8069890000000001,CHE,TUN,8942
843209,43,223,1410,2001.0,1240484.0,0.0,0.535502,2.28778,CHN,TUN,8942
843210,44,223,1410,2001.0,0.0,2453.0,-0.731178,-0.5734739999999999,CIV,TUN,8942
843211,61,223,1410,2001.0,739979.0,3853560.0,2.335872,-2.09875,DEU,TUN,8942
843212,64,223,1410,2001.0,5890.0,0.0,1.356327,1.3288309999999999,DNK,TUN,8942
843213,68,223,1410,2001.0,3018.0,0.0,-0.346794,0.431229,EGY,TUN,8942
843214,71,223,1410,2001.0,454751.0,0.0,1.1380350000000001,1.7870139999999999,ESP,TUN,8942
843215,77,223,1410,2001.0,1112283.0,810154.0,1.6143809999999998,0.626221,FRA,TUN,8942
843216,81,223,1410,2001.0,454368.0,0.0,2.1068439999999997,0.658575,GBR,TUN,8942
843217,90,223,1410,2001.0,54137.0,0.0,0.338607,1.506593,GRC,TUN,8942
843218,97,223,1410,2001.0,265749.0,0.0,0.639538,1.5157610000000001,HKG,TUN,8942
843219,102,223,1410,2001.0,81968.0,0.0,1.069245,1.2217069999999999,HUN,TUN,8942
843220,103,223,1410,2001.0,8453.0,0.0,0.039233,1.780659,IDN,TUN,8942
843221,104,223,1410,2001.0,24200.0,0.0,0.382444,2.538934,IND,TUN,8942
843222,106,223,1410,2001.0,9565.0,0.0,1.751955,0.210628,IRL,TUN,8942
843223,111,223,1410,2001.0,837220.0,1030584.0,1.488545,0.8410610000000001,ITA,TUN,8942
843224,114,223,1410,2001.0,120028.0,0.0,2.674032,0.445636,JPN,TUN,8942
843225,121,223,1410,2001.0,8804.0,0.0,1.436204,0.917057,KOR,TUN,8942
843226,126,223,1410,2001.0,0.0,149069.0,-0.9461450000000001,-1.242884,LBY,TUN,8942
843227,131,223,1410,2001.0,1656.0,0.0,1.326753,1.2069530000000002,LUX,TUN,8942
843228,134,223,1410,2001.0,0.0,12535.0,-0.616006,-0.340127,MAR,TUN,8942
843229,153,223,1410,2001.0,40252.0,0.0,0.894191,0.310677,MYS,TUN,8942
843230,159,223,1410,2001.0,0.0,1769.0,-1.9085759999999998,-1.335279,NGA,TUN,8942
843231,162,223,1410,2001.0,38945.0,141526.0,1.299569,1.487015,NLD,TUN,8942
843232,168,223,1410,2001.0,8609.0,0.0,-0.741053,-0.41444,PAK,TUN,8942
843233,208,223,1410,2001.0,3378.0,0.0,2.01685,0.8233159999999999,SWE,TUN,8942
843234,216,223,1410,2001.0,7553.0,0.0,0.49264600000000003,1.493471,THA,TUN,8942
843235,224,223,1410,2001.0,55152.0,0.0,0.168219,1.989011,TUR,TUN,8942
843236,228,223,1410,2001.0,1316.0,0.0,0.642888,1.267971,UKR,TUN,8942
843237,231,223,1410,2001.0,40713.0,1813.0,1.96615,-0.12332699999999999,USA,TUN,8942
843238,246,223,1410,2001.0,6103.0,0.0,0.249833,2.1142950000000003,ZAF,TUN,8942
843239,249,223,1410,2001.0,107289.0,0.0,1.7270020000000001,1.252843,TWN,TUN,8942
843240,250,223,1410,2001.0,10316.0,451646.0,0.947105,-0.529946,ANS,TUN,8942
843241,14,228,1410,2001.0,0.0,3591.0,-0.12189000000000001,0.7281770000000001,AUS,UKR,8942
843242,15,228,1410,2001.0,154978.0,1615.0,1.8987740000000002,0.45922700000000005,AUT,UKR,8942
843243,18,228,1410,2001.0,94016.0,49081.0,1.425483,1.3072409999999999,BEL,UKR,8942
843244,23,228,1410,2001.0,5543.0,2597.0,0.46429799999999993,1.7500380000000002,BGR,UKR,8942
843245,28,228,1410,2001.0,845692.0,2047.0,0.78008,1.232713,BLR,UKR,8942
843246,32,228,1410,2001.0,0.0,220055.0,0.658473,1.328637,BRA,UKR,8942
843247,39,228,1410,2001.0,9297.0,169700.0,0.8899729999999999,1.3778299999999999,CAN,UKR,8942
843248,41,228,1410,2001.0,118801.0,18425.0,2.161588,0.8069890000000001,CHE,UKR,8942
843249,43,228,1410,2001.0,2296753.0,0.0,0.535502,2.28778,CHN,UKR,8942
843250,58,228,1410,2001.0,5851.0,0.0,0.30700500000000003,0.258726,CYP,UKR,8942
843251,59,228,1410,2001.0,252960.0,53436.0,1.56908,0.860384,CZE,UKR,8942
843252,61,228,1410,2001.0,1556768.0,610242.0,2.335872,-2.09875,DEU,UKR,8942
843253,64,228,1410,2001.0,192890.0,0.0,1.356327,1.3288309999999999,DNK,UKR,8942
843254,71,228,1410,2001.0,1127854.0,210000.0,1.1380350000000001,1.7870139999999999,ESP,UKR,8942
843255,72,228,1410,2001.0,33521.0,0.0,0.53422,0.9372790000000001,EST,UKR,8942
843256,73,228,1410,2001.0,0.0,4105.0,-1.010637,-0.8893280000000001,ETH,UKR,8942
843257,74,228,1410,2001.0,768574.0,16739.0,1.9661669999999998,1.000436,FIN,UKR,8942
843258,77,228,1410,2001.0,403432.0,201338.0,1.6143809999999998,0.626221,FRA,UKR,8942
843259,81,228,1410,2001.0,475004.0,118658.0,2.1068439999999997,0.658575,GBR,UKR,8942
843260,90,228,1410,2001.0,205084.0,0.0,0.338607,1.506593,GRC,UKR,8942
843261,97,228,1410,2001.0,1196815.0,0.0,0.639538,1.5157610000000001,HKG,UKR,8942
843262,102,228,1410,2001.0,274482.0,12346.0,1.069245,1.2217069999999999,HUN,UKR,8942
843263,106,228,1410,2001.0,12801.0,0.0,1.751955,0.210628,IRL,UKR,8942
843264,107,228,1410,2001.0,26090.0,0.0,-0.973691,-1.05654,IRN,UKR,8942
843265,110,228,1410,2001.0,1093.0,0.0,1.17675,0.900401,ISR,UKR,8942
843266,111,228,1410,2001.0,2075143.0,148154.0,1.488545,0.8410610000000001,ITA,UKR,8942
843267,114,228,1410,2001.0,74336.0,71913.0,2.674032,0.445636,JPN,UKR,8942
843268,115,228,1410,2001.0,0.0,1247.0,-0.05773,-0.44668500000000005,KAZ,UKR,8942
843269,116,228,1410,2001.0,0.0,1079.0,-0.533651,0.072611,KEN,UKR,8942
843270,121,228,1410,2001.0,43534.0,0.0,1.436204,0.917057,KOR,UKR,8942
843271,124,228,1410,2001.0,9093.0,0.0,0.09267,0.97731,LBN,UKR,8942
843272,130,228,1410,2001.0,160026.0,2881.0,0.21069699999999997,0.720384,LTU,UKR,8942
843273,132,228,1410,2001.0,311528.0,117264.0,0.31652600000000003,0.523927,LVA,UKR,8942
843274,135,228,1410,2001.0,5884.0,17333.0,0.12110699999999999,0.159706,MDA,UKR,8942
843275,138,228,1410,2001.0,24842.0,1648.0,1.088661,0.680197,MEX,UKR,8942
843276,153,228,1410,2001.0,30689.0,0.0,0.894191,0.310677,MYS,UKR,8942
843277,162,228,1410,2001.0,1904778.0,771808.0,1.299569,1.487015,NLD,UKR,8942
843278,163,228,1410,2001.0,1555.0,2432.0,0.542366,-0.180336,NOR,UKR,8942
843279,173,228,1410,2001.0,28402.0,0.0,-0.318071,0.116602,PER,UKR,8942
843280,174,228,1410,2001.0,12979.0,0.0,0.153601,-0.174218,PHL,UKR,8942
843281,177,228,1410,2001.0,1147392.0,111231.0,0.983238,1.7436209999999999,POL,UKR,8942
843282,185,228,1410,2001.0,0.0,6247.0,0.465168,1.1029129999999998,ROU,UKR,8942
843283,186,228,1410,2001.0,286395.0,1762854.0,0.546271,0.195872,RUS,UKR,8942
843284,206,228,1410,2001.0,152777.0,0.0,1.310591,1.195523,SVK,UKR,8942
843285,207,228,1410,2001.0,49056.0,0.0,1.488089,1.0928360000000001,SVN,UKR,8942
843286,208,228,1410,2001.0,28817.0,0.0,2.01685,0.8233159999999999,SWE,UKR,8942
843287,212,228,1410,2001.0,3526.0,0.0,-1.138774,-0.839648,SYR,UKR,8942
843288,216,228,1410,2001.0,52055.0,1857.0,0.49264600000000003,1.493471,THA,UKR,8942
843289,223,228,1410,2001.0,0.0,1316.0,0.054524,0.26892699999999997,TUN,UKR,8942
843290,224,228,1410,2001.0,3473.0,21529.0,0.168219,1.989011,TUR,UKR,8942
843291,231,228,1410,2001.0,866063.0,224919.0,1.96615,-0.12332699999999999,USA,UKR,8942
843292,239,228,1410,2001.0,159499.0,17532.0,-0.533978,0.503988,VNM,UKR,8942
843293,249,228,1410,2001.0,83046.0,0.0,1.7270020000000001,1.252843,TWN,UKR,8942
843294,2,246,1410,2001.0,0.0,510568.0,-2.190929,-1.302123,AGO,ZAF,8942
843295,6,246,1410,2001.0,0.0,3367.0,-0.17823699999999998,-0.814499,ANT,ZAF,8942
843296,7,246,1410,2001.0,100130.0,73078.0,-0.217259,-0.613042,ARE,ZAF,8942
843297,8,246,1410,2001.0,7992.0,301486.0,0.11289,0.916845,ARG,ZAF,8942
843298,14,246,1410,2001.0,1430236.0,86368.0,-0.12189000000000001,0.7281770000000001,AUS,ZAF,8942
843299,15,246,1410,2001.0,650758.0,14570.0,1.8987740000000002,0.45922700000000005,AUT,ZAF,8942
843300,17,246,1410,2001.0,0.0,1532.0,-0.5069600000000001,-0.7808609999999999,BDI,ZAF,8942
843301,18,246,1410,2001.0,207268.0,73825.0,1.425483,1.3072409999999999,BEL,ZAF,8942
843302,23,246,1410,2001.0,0.0,12342.0,0.46429799999999993,1.7500380000000002,BGR,ZAF,8942
843303,24,246,1410,2001.0,0.0,5304.0,-0.11648499999999999,-1.101653,BHR,ZAF,8942
843304,32,246,1410,2001.0,5946.0,0.0,0.658473,1.328637,BRA,ZAF,8942
843305,37,246,1410,2001.0,3447.0,1861841.0,-0.470005,-1.180158,BWA,ZAF,8942
843306,39,246,1410,2001.0,87662.0,29004.0,0.8899729999999999,1.3778299999999999,CAN,ZAF,8942
843307,41,246,1410,2001.0,711726.0,59436.0,2.161588,0.8069890000000001,CHE,ZAF,8942
843308,42,246,1410,2001.0,6159.0,2489.0,-0.148124,0.074033,CHL,ZAF,8942
843309,43,246,1410,2001.0,13245668.0,3896.0,0.535502,2.28778,CHN,ZAF,8942
843310,44,246,1410,2001.0,0.0,8038.0,-0.731178,-0.5734739999999999,CIV,ZAF,8942
843311,45,246,1410,2001.0,0.0,3545.0,-1.4692049999999999,-1.251498,CMR,ZAF,8942
843312,46,246,1410,2001.0,0.0,28792.0,-1.2660959999999999,-1.1988860000000001,COD,ZAF,8942
843313,47,246,1410,2001.0,0.0,6541.0,-1.5108190000000001,-1.277465,COG,ZAF,8942
843314,59,246,1410,2001.0,69087.0,38246.0,1.56908,0.860384,CZE,ZAF,8942
843315,61,246,1410,2001.0,2229437.0,88325.0,2.335872,-2.09875,DEU,ZAF,8942
843316,64,246,1410,2001.0,497529.0,158469.0,1.356327,1.3288309999999999,DNK,ZAF,8942
843317,68,246,1410,2001.0,19050.0,0.0,-0.346794,0.431229,EGY,ZAF,8942
843318,71,246,1410,2001.0,1646762.0,21564.0,1.1380350000000001,1.7870139999999999,ESP,ZAF,8942
843319,73,246,1410,2001.0,0.0,14083.0,-1.010637,-0.8893280000000001,ETH,ZAF,8942
843320,74,246,1410,2001.0,78820.0,0.0,1.9661669999999998,1.000436,FIN,ZAF,8942
843321,77,246,1410,2001.0,342866.0,85394.0,1.6143809999999998,0.626221,FRA,ZAF,8942
843322,81,246,1410,2001.0,1818736.0,315601.0,2.1068439999999997,0.658575,GBR,ZAF,8942
843323,83,246,1410,2001.0,0.0,32633.0,-0.7818689999999999,-0.645878,GHA,ZAF,8942
843324,90,246,1410,2001.0,1920.0,10864.0,0.338607,1.506593,GRC,ZAF,8942
843325,97,246,1410,2001.0,10843721.0,49731.0,0.639538,1.5157610000000001,HKG,ZAF,8942
843326,103,246,1410,2001.0,166166.0,0.0,0.039233,1.780659,IDN,ZAF,8942
843327,104,246,1410,2001.0,168552.0,0.0,0.382444,2.538934,IND,ZAF,8942
843328,106,246,1410,2001.0,8708.0,3757.0,1.751955,0.210628,IRL,ZAF,8942
843329,109,246,1410,2001.0,1403.0,0.0,0.049756,-0.496962,ISL,ZAF,8942
843330,110,246,1410,2001.0,327805.0,39747.0,1.17675,0.900401,ISR,ZAF,8942
843331,111,246,1410,2001.0,479678.0,16621.0,1.488545,0.8410610000000001,ITA,ZAF,8942
843332,112,246,1410,2001.0,0.0,4095.0,-0.562839,-0.9381510000000001,JAM,ZAF,8942
843333,114,246,1410,2001.0,1629072.0,11488.0,2.674032,0.445636,JPN,ZAF,8942
843334,116,246,1410,2001.0,4428.0,248374.0,-0.533651,0.072611,KEN,ZAF,8942
843335,121,246,1410,2001.0,169325.0,30830.0,1.436204,0.917057,KOR,ZAF,8942
843336,124,246,1410,2001.0,1041.0,0.0,0.09267,0.97731,LBN,ZAF,8942
843337,128,246,1410,2001.0,8143.0,0.0,-0.43381000000000003,0.057630999999999995,LKA,ZAF,8942
843338,129,246,1410,2001.0,0.0,67707.0,-0.624448,-0.7844260000000001,LSO,ZAF,8942
843339,131,246,1410,2001.0,1617.0,0.0,1.326753,1.2069530000000002,LUX,ZAF,8942
843340,136,246,1410,2001.0,1148.0,19111.0,-1.0624850000000001,-0.695873,MDG,ZAF,8942
843341,138,246,1410,2001.0,85752.0,0.0,1.088661,0.680197,MEX,ZAF,8942
843342,147,246,1410,2001.0,4229.0,253158.0,-1.476933,-1.253628,MOZ,ZAF,8942
843343,151,246,1410,2001.0,30947.0,474662.0,-0.304271,-0.589387,MUS,ZAF,8942
843344,152,246,1410,2001.0,1248.0,156770.0,-1.109888,-1.00393,MWI,ZAF,8942
843345,153,246,1410,2001.0,290645.0,0.0,0.894191,0.310677,MYS,ZAF,8942
843346,155,246,1410,2001.0,15802.0,2767935.0,-0.536003,-0.7165590000000001,NAM,ZAF,8942
843347,157,246,1410,2001.0,0.0,6915.0,-0.674176,-0.627373,NER,ZAF,8942
843348,159,246,1410,2001.0,0.0,20428.0,-1.9085759999999998,-1.335279,NGA,ZAF,8942
843349,162,246,1410,2001.0,5784918.0,158363.0,1.299569,1.487015,NLD,ZAF,8942
843350,163,246,1410,2001.0,1189.0,0.0,0.542366,-0.180336,NOR,ZAF,8942
843351,166,246,1410,2001.0,119570.0,22702.0,0.220307,0.689625,NZL,ZAF,8942
843352,168,246,1410,2001.0,69818.0,0.0,-0.741053,-0.41444,PAK,ZAF,8942
843353,173,246,1410,2001.0,0.0,23186.0,-0.318071,0.116602,PER,ZAF,8942
843354,174,246,1410,2001.0,44723.0,1250.0,0.153601,-0.174218,PHL,ZAF,8942
843355,177,246,1410,2001.0,28663.0,0.0,0.983238,1.7436209999999999,POL,ZAF,8942
843356,179,246,1410,2001.0,18221.0,4038.0,0.688736,1.326716,PRT,ZAF,8942
843357,183,246,1410,2001.0,0.0,4250.0,-0.282283,-1.136895,QAT,ZAF,8942
843358,185,246,1410,2001.0,15834.0,0.0,0.465168,1.1029129999999998,ROU,ZAF,8942
843359,187,246,1410,2001.0,0.0,12139.0,-1.043415,-0.9686870000000001,RWA,ZAF,8942
843360,188,246,1410,2001.0,3855.0,0.0,0.078887,-0.9764430000000001,SAU,ZAF,8942
843361,189,246,1410,2001.0,0.0,3339.0,0.38765,2.769588,SCG,ZAF,8942
843362,191,246,1410,2001.0,0.0,2151.0,-0.570156,-0.560573,SEN,ZAF,8942
843363,192,246,1410,2001.0,82099.0,10202.0,1.587064,0.639626,SGP,ZAF,8942
843364,194,246,1410,2001.0,0.0,12629.0,1.498329,0.018793999999999998,SHN,ZAF,8942
843365,196,246,1410,2001.0,1647.0,0.0,0.262953,0.30432800000000004,SLE,ZAF,8942
843366,206,246,1410,2001.0,6459.0,0.0,1.310591,1.195523,SVK,ZAF,8942
843367,207,246,1410,2001.0,7331.0,0.0,1.488089,1.0928360000000001,SVN,ZAF,8942
843368,208,246,1410,2001.0,15739.0,3939.0,2.01685,0.8233159999999999,SWE,ZAF,8942
843369,209,246,1410,2001.0,8051.0,688829.0,0.31004299999999996,-0.21159499999999998,SWZ,ZAF,8942
843370,211,246,1410,2001.0,0.0,26966.0,-0.40370700000000004,-0.9052620000000001,SYC,ZAF,8942
843371,216,246,1410,2001.0,1329802.0,0.0,0.49264600000000003,1.493471,THA,ZAF,8942
843372,223,246,1410,2001.0,0.0,6103.0,0.054524,0.26892699999999997,TUN,ZAF,8942
843373,226,246,1410,2001.0,0.0,193172.0,-1.227071,-0.489829,TZA,ZAF,8942
843374,227,246,1410,2001.0,0.0,141237.0,-1.1823700000000001,-0.7738619999999999,UGA,ZAF,8942
843375,231,246,1410,2001.0,15159448.0,718673.0,1.96615,-0.12332699999999999,USA,ZAF,8942
843376,239,246,1410,2001.0,38564.0,0.0,-0.533978,0.503988,VNM,ZAF,8942
843377,247,246,1410,2001.0,0.0,661087.0,-0.8878799999999999,-0.735268,ZMB,ZAF,8942
843378,248,246,1410,2001.0,0.0,248691.0,-0.663155,-0.212796,ZWE,ZAF,8942
843379,249,246,1410,2001.0,2817012.0,26260.0,1.7270020000000001,1.252843,TWN,ZAF,8942
843380,250,246,1410,2001.0,13938.0,0.0,0.947105,-0.529946,ANS,ZAF,8942
843381,18,19,1410,2001.0,8123.0,0.0,1.425483,1.3072409999999999,BEL,BEN,8942
843382,39,19,1410,2001.0,1672.0,0.0,0.8899729999999999,1.3778299999999999,CAN,BEN,8942
843383,43,19,1410,2001.0,531376.0,0.0,0.535502,2.28778,CHN,BEN,8942
843384,44,19,1410,2001.0,2519.0,0.0,-0.731178,-0.5734739999999999,CIV,BEN,8942
843385,61,19,1410,2001.0,15852.0,0.0,2.335872,-2.09875,DEU,BEN,8942
843386,71,19,1410,2001.0,108879.0,0.0,1.1380350000000001,1.7870139999999999,ESP,BEN,8942
843387,77,19,1410,2001.0,136311.0,0.0,1.6143809999999998,0.626221,FRA,BEN,8942
843388,80,19,1410,2001.0,0.0,3026.0,-1.603078,-1.308825,GAB,BEN,8942
843389,81,19,1410,2001.0,44029.0,0.0,2.1068439999999997,0.658575,GBR,BEN,8942
843390,97,19,1410,2001.0,70670.0,0.0,0.639538,1.5157610000000001,HKG,BEN,8942
843391,111,19,1410,2001.0,73858.0,0.0,1.488545,0.8410610000000001,ITA,BEN,8942
843392,121,19,1410,2001.0,3231.0,0.0,1.436204,0.917057,KOR,BEN,8942
843393,124,19,1410,2001.0,5724.0,0.0,0.09267,0.97731,LBN,BEN,8942
843394,159,19,1410,2001.0,1374.0,0.0,-1.9085759999999998,-1.335279,NGA,BEN,8942
843395,162,19,1410,2001.0,17772.0,0.0,1.299569,1.487015,NLD,BEN,8942
843396,178,19,1410,2001.0,1249.0,0.0,0.7188640000000001,1.101559,PRK,BEN,8942
843397,192,19,1410,2001.0,3241.0,0.0,1.587064,0.639626,SGP,BEN,8942
843398,215,19,1410,2001.0,1244.0,0.0,-0.45409399999999994,-0.337055,TGO,BEN,8942
843399,216,19,1410,2001.0,15126.0,0.0,0.49264600000000003,1.493471,THA,BEN,8942
843400,231,19,1410,2001.0,18525.0,0.0,1.96615,-0.12332699999999999,USA,BEN,8942
843401,249,19,1410,2001.0,10256.0,0.0,1.7270020000000001,1.252843,TWN,BEN,8942
843402,7,21,1410,2001.0,5720.0,0.0,-0.217259,-0.613042,ARE,BFA,8942
843403,18,21,1410,2001.0,6050.0,0.0,1.425483,1.3072409999999999,BEL,BFA,8942
843404,39,21,1410,2001.0,8661.0,4533.0,0.8899729999999999,1.3778299999999999,CAN,BFA,8942
843405,43,21,1410,2001.0,4150.0,0.0,0.535502,2.28778,CHN,BFA,8942
843406,44,21,1410,2001.0,35639.0,0.0,-0.731178,-0.5734739999999999,CIV,BFA,8942
843407,71,21,1410,2001.0,5076.0,0.0,1.1380350000000001,1.7870139999999999,ESP,BFA,8942
843408,77,21,1410,2001.0,49347.0,9381.0,1.6143809999999998,0.626221,FRA,BFA,8942
843409,81,21,1410,2001.0,24712.0,0.0,2.1068439999999997,0.658575,GBR,BFA,8942
843410,83,21,1410,2001.0,0.0,4936.0,-0.7818689999999999,-0.645878,GHA,BFA,8942
843411,97,21,1410,2001.0,11484.0,0.0,0.639538,1.5157610000000001,HKG,BFA,8942
843412,111,21,1410,2001.0,8835.0,0.0,1.488545,0.8410610000000001,ITA,BFA,8942
843413,124,21,1410,2001.0,90382.0,0.0,0.09267,0.97731,LBN,BFA,8942
843414,159,21,1410,2001.0,2253.0,0.0,-1.9085759999999998,-1.335279,NGA,BFA,8942
843415,216,21,1410,2001.0,1605.0,0.0,0.49264600000000003,1.493471,THA,BFA,8942
843416,231,21,1410,2001.0,8903.0,0.0,1.96615,-0.12332699999999999,USA,BFA,8942
843417,236,21,1410,2001.0,0.0,114985.0,-0.013877,-0.8582690000000001,VEN,BFA,8942
843418,250,21,1410,2001.0,1166.0,0.0,0.947105,-0.529946,ANS,BFA,8942
843419,14,37,1410,2001.0,24672.0,0.0,-0.12189000000000001,0.7281770000000001,AUS,BWA,8942
843420,43,37,1410,2001.0,29645.0,0.0,0.535502,2.28778,CHN,BWA,8942
843421,81,37,1410,2001.0,6425.0,0.0,2.1068439999999997,0.658575,GBR,BWA,8942
843422,231,37,1410,2001.0,15339.0,0.0,1.96615,-0.12332699999999999,USA,BWA,8942
843423,246,37,1410,2001.0,1861841.0,3447.0,0.249833,2.1142950000000003,ZAF,BWA,8942
843424,247,37,1410,2001.0,5747.0,0.0,-0.8878799999999999,-0.735268,ZMB,BWA,8942
843425,7,44,1410,2001.0,29970.0,0.0,-0.217259,-0.613042,ARE,CIV,8942
843426,18,44,1410,2001.0,116285.0,0.0,1.425483,1.3072409999999999,BEL,CIV,8942
843427,19,44,1410,2001.0,0.0,2519.0,-0.9032530000000001,-0.8979590000000001,BEN,CIV,8942
843428,21,44,1410,2001.0,0.0,35639.0,-0.24546199999999999,0.00141,BFA,CIV,8942
843429,41,44,1410,2001.0,2069.0,0.0,2.161588,0.8069890000000001,CHE,CIV,8942
843430,43,44,1410,2001.0,488747.0,0.0,0.535502,2.28778,CHN,CIV,8942
843431,61,44,1410,2001.0,4423.0,0.0,2.335872,-2.09875,DEU,CIV,8942
843432,64,44,1410,2001.0,5867.0,0.0,1.356327,1.3288309999999999,DNK,CIV,8942
843433,71,44,1410,2001.0,91400.0,0.0,1.1380350000000001,1.7870139999999999,ESP,CIV,8942
843434,77,44,1410,2001.0,646772.0,16840.0,1.6143809999999998,0.626221,FRA,CIV,8942
843435,81,44,1410,2001.0,36728.0,0.0,2.1068439999999997,0.658575,GBR,CIV,8942
843436,83,44,1410,2001.0,0.0,7406.0,-0.7818689999999999,-0.645878,GHA,CIV,8942
843437,90,44,1410,2001.0,1489.0,0.0,0.338607,1.506593,GRC,CIV,8942
843438,97,44,1410,2001.0,384398.0,0.0,0.639538,1.5157610000000001,HKG,CIV,8942
843439,104,44,1410,2001.0,1077.0,0.0,0.382444,2.538934,IND,CIV,8942
843440,111,44,1410,2001.0,183445.0,1075.0,1.488545,0.8410610000000001,ITA,CIV,8942
843441,124,44,1410,2001.0,3304.0,0.0,0.09267,0.97731,LBN,CIV,8942
843442,141,44,1410,2001.0,0.0,22698.0,-0.176802,-0.408531,MLI,CIV,8942
843443,153,44,1410,2001.0,1511.0,0.0,0.894191,0.310677,MYS,CIV,8942
843444,162,44,1410,2001.0,1445.0,0.0,1.299569,1.487015,NLD,CIV,8942
843445,188,44,1410,2001.0,1627.0,0.0,0.078887,-0.9764430000000001,SAU,CIV,8942
843446,215,44,1410,2001.0,0.0,12748.0,-0.45409399999999994,-0.337055,TGO,CIV,8942
843447,216,44,1410,2001.0,104286.0,21225.0,0.49264600000000003,1.493471,THA,CIV,8942
843448,223,44,1410,2001.0,2453.0,0.0,0.054524,0.26892699999999997,TUN,CIV,8942
843449,231,44,1410,2001.0,9938.0,113964.0,1.96615,-0.12332699999999999,USA,CIV,8942
843450,239,44,1410,2001.0,2546.0,0.0,-0.533978,0.503988,VNM,CIV,8942
843451,246,44,1410,2001.0,8038.0,0.0,0.249833,2.1142950000000003,ZAF,CIV,8942
843452,249,44,1410,2001.0,51623.0,0.0,1.7270020000000001,1.252843,TWN,CIV,8942
843453,7,45,1410,2001.0,88514.0,0.0,-0.217259,-0.613042,ARE,CMR,8942
843454,14,45,1410,2001.0,1606.0,3162.0,-0.12189000000000001,0.7281770000000001,AUS,CMR,8942
843455,18,45,1410,2001.0,45180.0,0.0,1.425483,1.3072409999999999,BEL,CMR,8942
843456,39,45,1410,2001.0,3188.0,12818.0,0.8899729999999999,1.3778299999999999,CAN,CMR,8942
843457,41,45,1410,2001.0,24421.0,0.0,2.161588,0.8069890000000001,CHE,CMR,8942
843458,43,45,1410,2001.0,132454.0,0.0,0.535502,2.28778,CHN,CMR,8942
843459,47,45,1410,2001.0,0.0,1071.0,-1.5108190000000001,-1.277465,COG,CMR,8942
843460,61,45,1410,2001.0,3282.0,3310.0,2.335872,-2.09875,DEU,CMR,8942
843461,64,45,1410,2001.0,2257.0,0.0,1.356327,1.3288309999999999,DNK,CMR,8942
843462,71,45,1410,2001.0,39718.0,3961.0,1.1380350000000001,1.7870139999999999,ESP,CMR,8942
843463,77,45,1410,2001.0,552162.0,252083.0,1.6143809999999998,0.626221,FRA,CMR,8942
843464,80,45,1410,2001.0,0.0,1107.0,-1.603078,-1.308825,GAB,CMR,8942
843465,81,45,1410,2001.0,11643.0,0.0,2.1068439999999997,0.658575,GBR,CMR,8942
843466,90,45,1410,2001.0,2303.0,0.0,0.338607,1.506593,GRC,CMR,8942
843467,97,45,1410,2001.0,213041.0,0.0,0.639538,1.5157610000000001,HKG,CMR,8942
843468,103,45,1410,2001.0,37194.0,0.0,0.039233,1.780659,IDN,CMR,8942
843469,111,45,1410,2001.0,88397.0,0.0,1.488545,0.8410610000000001,ITA,CMR,8942
843470,114,45,1410,2001.0,9965.0,0.0,2.674032,0.445636,JPN,CMR,8942
843471,121,45,1410,2001.0,2366.0,0.0,1.436204,0.917057,KOR,CMR,8942
843472,124,45,1410,2001.0,5959.0,0.0,0.09267,0.97731,LBN,CMR,8942
843473,159,45,1410,2001.0,5755.0,0.0,-1.9085759999999998,-1.335279,NGA,CMR,8942
843474,162,45,1410,2001.0,6552.0,0.0,1.299569,1.487015,NLD,CMR,8942
843475,177,45,1410,2001.0,0.0,60423.0,0.983238,1.7436209999999999,POL,CMR,8942
843476,216,45,1410,2001.0,18208.0,0.0,0.49264600000000003,1.493471,THA,CMR,8942
843477,231,45,1410,2001.0,32762.0,81481.0,1.96615,-0.12332699999999999,USA,CMR,8942
843478,246,45,1410,2001.0,3545.0,0.0,0.249833,2.1142950000000003,ZAF,CMR,8942
843479,249,45,1410,2001.0,17806.0,0.0,1.7270020000000001,1.252843,TWN,CMR,8942
843480,250,45,1410,2001.0,78182.0,0.0,0.947105,-0.529946,ANS,CMR,8942
843481,18,51,1410,2001.0,5798.0,0.0,1.425483,1.3072409999999999,BEL,CPV,8942
843482,43,51,1410,2001.0,4578.0,0.0,0.535502,2.28778,CHN,CPV,8942
843483,61,51,1410,2001.0,2136.0,0.0,2.335872,-2.09875,DEU,CPV,8942
843484,65,51,1410,2001.0,8000.0,6803.0,-0.55896,-0.517513,DOM,CPV,8942
843485,71,51,1410,2001.0,23050.0,0.0,1.1380350000000001,1.7870139999999999,ESP,CPV,8942
843486,77,51,1410,2001.0,8311.0,0.0,1.6143809999999998,0.626221,FRA,CPV,8942
843487,111,51,1410,2001.0,7901.0,0.0,1.488545,0.8410610000000001,ITA,CPV,8942
843488,162,51,1410,2001.0,1198.0,0.0,1.299569,1.487015,NLD,CPV,8942
843489,179,51,1410,2001.0,313951.0,0.0,0.688736,1.326716,PRT,CPV,8942
843490,191,51,1410,2001.0,6485.0,0.0,-0.570156,-0.560573,SEN,CPV,8942
843491,231,51,1410,2001.0,5296.0,0.0,1.96615,-0.12332699999999999,USA,CPV,8942
843492,250,51,1410,2001.0,2622.0,0.0,0.947105,-0.529946,ANS,CPV,8942
843493,7,72,1410,2001.0,63820.0,0.0,-0.217259,-0.613042,ARE,EST,8942
843494,8,72,1410,2001.0,0.0,1588.0,0.11289,0.916845,ARG,EST,8942
843495,14,72,1410,2001.0,35159.0,3635.0,-0.12189000000000001,0.7281770000000001,AUS,EST,8942
843496,15,72,1410,2001.0,4228032.0,2985.0,1.8987740000000002,0.45922700000000005,AUT,EST,8942
843497,18,72,1410,2001.0,101256.0,1788.0,1.425483,1.3072409999999999,BEL,EST,8942
843498,23,72,1410,2001.0,0.0,2119.0,0.46429799999999993,1.7500380000000002,BGR,EST,8942
843499,28,72,1410,2001.0,29510.0,9925.0,0.78008,1.232713,BLR,EST,8942
843500,39,72,1410,2001.0,84558.0,0.0,0.8899729999999999,1.3778299999999999,CAN,EST,8942
843501,41,72,1410,2001.0,514524.0,4647.0,2.161588,0.8069890000000001,CHE,EST,8942
843502,43,72,1410,2001.0,782581.0,0.0,0.535502,2.28778,CHN,EST,8942
843503,59,72,1410,2001.0,90661.0,7589.0,1.56908,0.860384,CZE,EST,8942
843504,61,72,1410,2001.0,1113554.0,906244.0,2.335872,-2.09875,DEU,EST,8942
843505,64,72,1410,2001.0,1969599.0,28347.0,1.356327,1.3288309999999999,DNK,EST,8942
843506,67,72,1410,2001.0,0.0,15785.0,-0.8668389999999999,-0.891943,ECU,EST,8942
843507,71,72,1410,2001.0,114280.0,8156.0,1.1380350000000001,1.7870139999999999,ESP,EST,8942
843508,74,72,1410,2001.0,2016697.0,327392.0,1.9661669999999998,1.000436,FIN,EST,8942
843509,77,72,1410,2001.0,175012.0,69491.0,1.6143809999999998,0.626221,FRA,EST,8942
843510,78,72,1410,2001.0,0.0,2997.0,-0.945048,-0.9974049999999999,FRO,EST,8942
843511,81,72,1410,2001.0,374864.0,45372.0,2.1068439999999997,0.658575,GBR,EST,8942
843512,90,72,1410,2001.0,5147.0,0.0,0.338607,1.506593,GRC,EST,8942
843513,97,72,1410,2001.0,532256.0,0.0,0.639538,1.5157610000000001,HKG,EST,8942
843514,102,72,1410,2001.0,119949.0,15213.0,1.069245,1.2217069999999999,HUN,EST,8942
843515,103,72,1410,2001.0,9646.0,0.0,0.039233,1.780659,IDN,EST,8942
843516,104,72,1410,2001.0,8160.0,0.0,0.382444,2.538934,IND,EST,8942
843517,106,72,1410,2001.0,162804.0,65687.0,1.751955,0.210628,IRL,EST,8942
843518,110,72,1410,2001.0,22542.0,0.0,1.17675,0.900401,ISR,EST,8942
843519,111,72,1410,2001.0,451831.0,8076.0,1.488545,0.8410610000000001,ITA,EST,8942
843520,114,72,1410,2001.0,260988.0,31858.0,2.674032,0.445636,JPN,EST,8942
843521,115,72,1410,2001.0,0.0,4888.0,-0.05773,-0.44668500000000005,KAZ,EST,8942
843522,121,72,1410,2001.0,4079.0,0.0,1.436204,0.917057,KOR,EST,8942
843523,124,72,1410,2001.0,0.0,5420.0,0.09267,0.97731,LBN,EST,8942
843524,128,72,1410,2001.0,5224.0,0.0,-0.43381000000000003,0.057630999999999995,LKA,EST,8942
843525,130,72,1410,2001.0,50343.0,287582.0,0.21069699999999997,0.720384,LTU,EST,8942
843526,131,72,1410,2001.0,2085.0,0.0,1.326753,1.2069530000000002,LUX,EST,8942
843527,132,72,1410,2001.0,195981.0,438455.0,0.31652600000000003,0.523927,LVA,EST,8942
843528,153,72,1410,2001.0,9699.0,0.0,0.894191,0.310677,MYS,EST,8942
843529,162,72,1410,2001.0,1739760.0,83988.0,1.299569,1.487015,NLD,EST,8942
843530,163,72,1410,2001.0,67850.0,68329.0,0.542366,-0.180336,NOR,EST,8942
843531,168,72,1410,2001.0,2367.0,0.0,-0.741053,-0.41444,PAK,EST,8942
843532,177,72,1410,2001.0,408599.0,24805.0,0.983238,1.7436209999999999,POL,EST,8942
843533,186,72,1410,2001.0,39715.0,6323837.0,0.546271,0.195872,RUS,EST,8942
843534,206,72,1410,2001.0,0.0,7289.0,1.310591,1.195523,SVK,EST,8942
843535,207,72,1410,2001.0,2600.0,0.0,1.488089,1.0928360000000001,SVN,EST,8942
843536,208,72,1410,2001.0,390864.0,705909.0,2.01685,0.8233159999999999,SWE,EST,8942
843537,216,72,1410,2001.0,22131.0,0.0,0.49264600000000003,1.493471,THA,EST,8942
843538,228,72,1410,2001.0,0.0,33521.0,0.642888,1.267971,UKR,EST,8942
843539,231,72,1410,2001.0,2101548.0,274864.0,1.96615,-0.12332699999999999,USA,EST,8942
843540,239,72,1410,2001.0,9211.0,0.0,-0.533978,0.503988,VNM,EST,8942
843541,249,72,1410,2001.0,44242.0,1231.0,1.7270020000000001,1.252843,TWN,EST,8942
843542,250,72,1410,2001.0,2060169.0,0.0,0.947105,-0.529946,ANS,EST,8942
843543,7,80,1410,2001.0,27744.0,0.0,-0.217259,-0.613042,ARE,GAB,8942
843544,15,80,1410,2001.0,0.0,27888.0,1.8987740000000002,0.45922700000000005,AUT,GAB,8942
843545,18,80,1410,2001.0,14674.0,0.0,1.425483,1.3072409999999999,BEL,GAB,8942
843546,19,80,1410,2001.0,3026.0,0.0,-0.9032530000000001,-0.8979590000000001,BEN,GAB,8942
843547,43,80,1410,2001.0,109693.0,0.0,0.535502,2.28778,CHN,GAB,8942
843548,45,80,1410,2001.0,1107.0,0.0,-1.4692049999999999,-1.251498,CMR,GAB,8942
843549,61,80,1410,2001.0,6451.0,1563.0,2.335872,-2.09875,DEU,GAB,8942
843550,71,80,1410,2001.0,46157.0,0.0,1.1380350000000001,1.7870139999999999,ESP,GAB,8942
843551,77,80,1410,2001.0,878561.0,6738.0,1.6143809999999998,0.626221,FRA,GAB,8942
843552,81,80,1410,2001.0,9284.0,0.0,2.1068439999999997,0.658575,GBR,GAB,8942
843553,97,80,1410,2001.0,96294.0,0.0,0.639538,1.5157610000000001,HKG,GAB,8942
843554,103,80,1410,2001.0,1319.0,0.0,0.039233,1.780659,IDN,GAB,8942
843555,104,80,1410,2001.0,2042.0,0.0,0.382444,2.538934,IND,GAB,8942
843556,106,80,1410,2001.0,1212.0,0.0,1.751955,0.210628,IRL,GAB,8942
843557,110,80,1410,2001.0,2281.0,0.0,1.17675,0.900401,ISR,GAB,8942
843558,111,80,1410,2001.0,25690.0,0.0,1.488545,0.8410610000000001,ITA,GAB,8942
843559,114,80,1410,2001.0,5770.0,0.0,2.674032,0.445636,JPN,GAB,8942
843560,124,80,1410,2001.0,19617.0,0.0,0.09267,0.97731,LBN,GAB,8942
843561,159,80,1410,2001.0,3184.0,0.0,-1.9085759999999998,-1.335279,NGA,GAB,8942
843562,162,80,1410,2001.0,6529.0,0.0,1.299569,1.487015,NLD,GAB,8942
843563,179,80,1410,2001.0,13375.0,0.0,0.688736,1.326716,PRT,GAB,8942
843564,216,80,1410,2001.0,242317.0,0.0,0.49264600000000003,1.493471,THA,GAB,8942
843565,231,80,1410,2001.0,26860.0,0.0,1.96615,-0.12332699999999999,USA,GAB,8942
843566,239,80,1410,2001.0,1008.0,0.0,-0.533978,0.503988,VNM,GAB,8942
843567,249,80,1410,2001.0,2403.0,0.0,1.7270020000000001,1.252843,TWN,GAB,8942
843568,250,80,1410,2001.0,52207.0,0.0,0.947105,-0.529946,ANS,GAB,8942
843569,18,85,1410,2001.0,168368.0,0.0,1.425483,1.3072409999999999,BEL,GIN,8942
843570,39,85,1410,2001.0,17494.0,0.0,0.8899729999999999,1.3778299999999999,CAN,GIN,8942
843571,43,85,1410,2001.0,12648.0,0.0,0.535502,2.28778,CHN,GIN,8942
843572,61,85,1410,2001.0,1867.0,0.0,2.335872,-2.09875,DEU,GIN,8942
843573,64,85,1410,2001.0,1352.0,0.0,1.356327,1.3288309999999999,DNK,GIN,8942
843574,71,85,1410,2001.0,3576.0,0.0,1.1380350000000001,1.7870139999999999,ESP,GIN,8942
843575,77,85,1410,2001.0,90182.0,0.0,1.6143809999999998,0.626221,FRA,GIN,8942
843576,81,85,1410,2001.0,3996.0,0.0,2.1068439999999997,0.658575,GBR,GIN,8942
843577,97,85,1410,2001.0,68993.0,0.0,0.639538,1.5157610000000001,HKG,GIN,8942
843578,114,85,1410,2001.0,1075.0,0.0,2.674032,0.445636,JPN,GIN,8942
843579,124,85,1410,2001.0,3218.0,0.0,0.09267,0.97731,LBN,GIN,8942
843580,192,85,1410,2001.0,1570.0,0.0,1.587064,0.639626,SGP,GIN,8942
843581,216,85,1410,2001.0,3061.0,0.0,0.49264600000000003,1.493471,THA,GIN,8942
843582,231,85,1410,2001.0,5475.0,1945.0,1.96615,-0.12332699999999999,USA,GIN,8942
843583,250,85,1410,2001.0,1559.0,0.0,0.947105,-0.529946,ANS,GIN,8942
843584,4,102,1410,2001.0,0.0,9608.0,-0.137138,0.120093,ALB,HUN,8942
843585,7,102,1410,2001.0,0.0,101297.0,-0.217259,-0.613042,ARE,HUN,8942
843586,8,102,1410,2001.0,0.0,77503.0,0.11289,0.916845,ARG,HUN,8942
843587,14,102,1410,2001.0,68738.0,6986.0,-0.12189000000000001,0.7281770000000001,AUS,HUN,8942
843588,15,102,1410,2001.0,30498994.0,5322861.0,1.8987740000000002,0.45922700000000005,AUT,HUN,8942
843589,18,102,1410,2001.0,1429534.0,449465.0,1.425483,1.3072409999999999,BEL,HUN,8942
843590,23,102,1410,2001.0,34948.0,266896.0,0.46429799999999993,1.7500380000000002,BGR,HUN,8942
843591,26,102,1410,2001.0,0.0,109000.0,0.263644,0.44197,BIH,HUN,8942
843592,28,102,1410,2001.0,51047.0,5545.0,0.78008,1.232713,BLR,HUN,8942
843593,32,102,1410,2001.0,3263.0,0.0,0.658473,1.328637,BRA,HUN,8942
843594,39,102,1410,2001.0,43966.0,234005.0,0.8899729999999999,1.3778299999999999,CAN,HUN,8942
843595,41,102,1410,2001.0,1017720.0,1442083.0,2.161588,0.8069890000000001,CHE,HUN,8942
843596,42,102,1410,2001.0,0.0,31613.0,-0.148124,0.074033,CHL,HUN,8942
843597,43,102,1410,2001.0,6045794.0,590264.0,0.535502,2.28778,CHN,HUN,8942
843598,49,102,1410,2001.0,0.0,30846.0,0.3378,0.479951,COL,HUN,8942
843599,58,102,1410,2001.0,0.0,93986.0,0.30700500000000003,0.258726,CYP,HUN,8942
843600,59,102,1410,2001.0,362552.0,613692.0,1.56908,0.860384,CZE,HUN,8942
843601,61,102,1410,2001.0,19076052.0,20761732.0,2.335872,-2.09875,DEU,HUN,8942
843602,64,102,1410,2001.0,1969896.0,98393.0,1.356327,1.3288309999999999,DNK,HUN,8942
843603,65,102,1410,2001.0,0.0,12588.0,-0.55896,-0.517513,DOM,HUN,8942
843604,68,102,1410,2001.0,50895.0,4662.0,-0.346794,0.431229,EGY,HUN,8942
843605,71,102,1410,2001.0,857718.0,452766.0,1.1380350000000001,1.7870139999999999,ESP,HUN,8942
843606,72,102,1410,2001.0,15213.0,119949.0,0.53422,0.9372790000000001,EST,HUN,8942
843607,74,102,1410,2001.0,23343.0,42197.0,1.9661669999999998,1.000436,FIN,HUN,8942
843608,77,102,1410,2001.0,1626025.0,656023.0,1.6143809999999998,0.626221,FRA,HUN,8942
843609,81,102,1410,2001.0,2813236.0,3250217.0,2.1068439999999997,0.658575,GBR,HUN,8942
843610,82,102,1410,2001.0,0.0,13967.0,0.063126,-0.285493,GEO,HUN,8942
843611,90,102,1410,2001.0,52200.0,468236.0,0.338607,1.506593,GRC,HUN,8942
843612,97,102,1410,2001.0,3713228.0,57631.0,0.639538,1.5157610000000001,HKG,HUN,8942
843613,100,102,1410,2001.0,0.0,205976.0,0.6315729999999999,1.169338,HRV,HUN,8942
843614,103,102,1410,2001.0,87064.0,0.0,0.039233,1.780659,IDN,HUN,8942
843615,104,102,1410,2001.0,43934.0,55750.0,0.382444,2.538934,IND,HUN,8942
843616,106,102,1410,2001.0,304392.0,76891.0,1.751955,0.210628,IRL,HUN,8942
843617,107,102,1410,2001.0,22571.0,0.0,-0.973691,-1.05654,IRN,HUN,8942
843618,110,102,1410,2001.0,85061.0,64593.0,1.17675,0.900401,ISR,HUN,8942
843619,111,102,1410,2001.0,21147092.0,9883013.0,1.488545,0.8410610000000001,ITA,HUN,8942
843620,113,102,1410,2001.0,0.0,47216.0,0.5404760000000001,0.8497170000000001,JOR,HUN,8942
843621,114,102,1410,2001.0,271970.0,749287.0,2.674032,0.445636,JPN,HUN,8942
843622,115,102,1410,2001.0,0.0,54815.0,-0.05773,-0.44668500000000005,KAZ,HUN,8942
843623,121,102,1410,2001.0,95674.0,7232.0,1.436204,0.917057,KOR,HUN,8942
843624,126,102,1410,2001.0,0.0,11000.0,-0.9461450000000001,-1.242884,LBY,HUN,8942
843625,128,102,1410,2001.0,5434.0,0.0,-0.43381000000000003,0.057630999999999995,LKA,HUN,8942
843626,130,102,1410,2001.0,1422.0,46707.0,0.21069699999999997,0.720384,LTU,HUN,8942
843627,131,102,1410,2001.0,29524.0,0.0,1.326753,1.2069530000000002,LUX,HUN,8942
843628,132,102,1410,2001.0,0.0,190633.0,0.31652600000000003,0.523927,LVA,HUN,8942
843629,134,102,1410,2001.0,0.0,2340.0,-0.616006,-0.340127,MAR,HUN,8942
843630,135,102,1410,2001.0,0.0,104174.0,0.12110699999999999,0.159706,MDA,HUN,8942
843631,138,102,1410,2001.0,13971.0,90842.0,1.088661,0.680197,MEX,HUN,8942
843632,140,102,1410,2001.0,0.0,10145.0,0.085844,0.413947,MKD,HUN,8942
843633,142,102,1410,2001.0,176092.0,0.0,1.048708,-0.04453,MLT,HUN,8942
843634,153,102,1410,2001.0,136200.0,0.0,0.894191,0.310677,MYS,HUN,8942
843635,159,102,1410,2001.0,0.0,6165.0,-1.9085759999999998,-1.335279,NGA,HUN,8942
843636,162,102,1410,2001.0,7975150.0,644349.0,1.299569,1.487015,NLD,HUN,8942
843637,163,102,1410,2001.0,0.0,366412.0,0.542366,-0.180336,NOR,HUN,8942
843638,164,102,1410,2001.0,2886.0,0.0,-0.34213699999999997,0.100496,NPL,HUN,8942
843639,167,102,1410,2001.0,0.0,55432.0,-1.4727729999999999,-1.329588,OMN,HUN,8942
843640,168,102,1410,2001.0,2543.0,81000.0,-0.741053,-0.41444,PAK,HUN,8942
843641,174,102,1410,2001.0,2216.0,180798.0,0.153601,-0.174218,PHL,HUN,8942
843642,177,102,1410,2001.0,586352.0,576012.0,0.983238,1.7436209999999999,POL,HUN,8942
843643,179,102,1410,2001.0,5260.0,30058.0,0.688736,1.326716,PRT,HUN,8942
843644,183,102,1410,2001.0,0.0,32772.0,-0.282283,-1.136895,QAT,HUN,8942
843645,185,102,1410,2001.0,4323132.0,1625236.0,0.465168,1.1029129999999998,ROU,HUN,8942
843646,186,102,1410,2001.0,5968.0,1401557.0,0.546271,0.195872,RUS,HUN,8942
843647,188,102,1410,2001.0,0.0,64648.0,0.078887,-0.9764430000000001,SAU,HUN,8942
843648,189,102,1410,2001.0,3444.0,140797.0,0.38765,2.769588,SCG,HUN,8942
843649,192,102,1410,2001.0,29514.0,140846.0,1.587064,0.639626,SGP,HUN,8942
843650,206,102,1410,2001.0,316458.0,738715.0,1.310591,1.195523,SVK,HUN,8942
843651,207,102,1410,2001.0,3033587.0,79836.0,1.488089,1.0928360000000001,SVN,HUN,8942
843652,208,102,1410,2001.0,175570.0,403018.0,2.01685,0.8233159999999999,SWE,HUN,8942
843653,216,102,1410,2001.0,154310.0,200141.0,0.49264600000000003,1.493471,THA,HUN,8942
843654,223,102,1410,2001.0,0.0,81968.0,0.054524,0.26892699999999997,TUN,HUN,8942
843655,224,102,1410,2001.0,5287.0,442019.0,0.168219,1.989011,TUR,HUN,8942
843656,228,102,1410,2001.0,12346.0,274482.0,0.642888,1.267971,UKR,HUN,8942
843657,231,102,1410,2001.0,1319006.0,125574864.0,1.96615,-0.12332699999999999,USA,HUN,8942
843658,239,102,1410,2001.0,224754.0,0.0,-0.533978,0.503988,VNM,HUN,8942
843659,249,102,1410,2001.0,260215.0,15408.0,1.7270020000000001,1.252843,TWN,HUN,8942
843660,7,128,1410,2001.0,172840.0,263002.0,-0.217259,-0.613042,ARE,LKA,8942
843661,8,128,1410,2001.0,0.0,13255.0,0.11289,0.916845,ARG,LKA,8942
843662,14,128,1410,2001.0,1708.0,388370.0,-0.12189000000000001,0.7281770000000001,AUS,LKA,8942
843663,15,128,1410,2001.0,0.0,224458.0,1.8987740000000002,0.45922700000000005,AUT,LKA,8942
843664,18,128,1410,2001.0,0.0,442009.0,1.425483,1.3072409999999999,BEL,LKA,8942
843665,24,128,1410,2001.0,0.0,1575.0,-0.11648499999999999,-1.101653,BHR,LKA,8942
843666,39,128,1410,2001.0,0.0,732429.0,0.8899729999999999,1.3778299999999999,CAN,LKA,8942
843667,41,128,1410,2001.0,0.0,61039.0,2.161588,0.8069890000000001,CHE,LKA,8942
843668,42,128,1410,2001.0,0.0,21313.0,-0.148124,0.074033,CHL,LKA,8942
843669,43,128,1410,2001.0,755310.0,7806.0,0.535502,2.28778,CHN,LKA,8942
843670,58,128,1410,2001.0,0.0,12166.0,0.30700500000000003,0.258726,CYP,LKA,8942
843671,59,128,1410,2001.0,0.0,51700.0,1.56908,0.860384,CZE,LKA,8942
843672,61,128,1410,2001.0,54753.0,6267897.0,2.335872,-2.09875,DEU,LKA,8942
843673,64,128,1410,2001.0,2013.0,128942.0,1.356327,1.3288309999999999,DNK,LKA,8942
843674,68,128,1410,2001.0,0.0,30469.0,-0.346794,0.431229,EGY,LKA,8942
843675,71,128,1410,2001.0,0.0,199294.0,1.1380350000000001,1.7870139999999999,ESP,LKA,8942
843676,72,128,1410,2001.0,0.0,5224.0,0.53422,0.9372790000000001,EST,LKA,8942
843677,74,128,1410,2001.0,0.0,50719.0,1.9661669999999998,1.000436,FIN,LKA,8942
843678,77,128,1410,2001.0,3394.0,3447281.0,1.6143809999999998,0.626221,FRA,LKA,8942
843679,81,128,1410,2001.0,115508.0,3622658.0,2.1068439999999997,0.658575,GBR,LKA,8942
843680,97,128,1410,2001.0,1337414.0,18352.0,0.639538,1.5157610000000001,HKG,LKA,8942
843681,100,128,1410,2001.0,0.0,14696.0,0.6315729999999999,1.169338,HRV,LKA,8942
843682,102,128,1410,2001.0,0.0,5434.0,1.069245,1.2217069999999999,HUN,LKA,8942
843683,103,128,1410,2001.0,297792.0,0.0,0.039233,1.780659,IDN,LKA,8942
843684,104,128,1410,2001.0,76798.0,26737.0,0.382444,2.538934,IND,LKA,8942
843685,106,128,1410,2001.0,0.0,35685.0,1.751955,0.210628,IRL,LKA,8942
843686,109,128,1410,2001.0,0.0,3335.0,0.049756,-0.496962,ISL,LKA,8942
843687,110,128,1410,2001.0,1637.0,26071.0,1.17675,0.900401,ISR,LKA,8942
843688,111,128,1410,2001.0,3694.0,803062.0,1.488545,0.8410610000000001,ITA,LKA,8942
843689,114,128,1410,2001.0,0.0,341230.0,2.674032,0.445636,JPN,LKA,8942
843690,121,128,1410,2001.0,845525.0,20237.0,1.436204,0.917057,KOR,LKA,8942
843691,122,128,1410,2001.0,3926.0,0.0,-0.695801,-1.225701,KWT,LKA,8942
843692,124,128,1410,2001.0,0.0,7620.0,0.09267,0.97731,LBN,LKA,8942
843693,130,128,1410,2001.0,0.0,1301.0,0.21069699999999997,0.720384,LTU,LKA,8942
843694,132,128,1410,2001.0,0.0,1304.0,0.31652600000000003,0.523927,LVA,LKA,8942
843695,137,128,1410,2001.0,0.0,24383.0,-0.957807,-1.0006030000000001,MDV,LKA,8942
843696,138,128,1410,2001.0,0.0,337874.0,1.088661,0.680197,MEX,LKA,8942
843697,153,128,1410,2001.0,0.0,20443.0,0.894191,0.310677,MYS,LKA,8942
843698,162,128,1410,2001.0,59623.0,626926.0,1.299569,1.487015,NLD,LKA,8942
843699,163,128,1410,2001.0,0.0,67862.0,0.542366,-0.180336,NOR,LKA,8942
843700,166,128,1410,2001.0,0.0,48564.0,0.220307,0.689625,NZL,LKA,8942
843701,167,128,1410,2001.0,0.0,5061.0,-1.4727729999999999,-1.329588,OMN,LKA,8942
843702,168,128,1410,2001.0,1130.0,1987.0,-0.741053,-0.41444,PAK,LKA,8942
843703,174,128,1410,2001.0,8340.0,0.0,0.153601,-0.174218,PHL,LKA,8942
843704,177,128,1410,2001.0,0.0,149808.0,0.983238,1.7436209999999999,POL,LKA,8942
843705,186,128,1410,2001.0,0.0,79624.0,0.546271,0.195872,RUS,LKA,8942
843706,188,128,1410,2001.0,0.0,7804.0,0.078887,-0.9764430000000001,SAU,LKA,8942
843707,192,128,1410,2001.0,112342.0,13946.0,1.587064,0.639626,SGP,LKA,8942
843708,206,128,1410,2001.0,0.0,1116.0,1.310591,1.195523,SVK,LKA,8942
843709,208,128,1410,2001.0,0.0,317109.0,2.01685,0.8233159999999999,SWE,LKA,8942
843710,216,128,1410,2001.0,112284.0,0.0,0.49264600000000003,1.493471,THA,LKA,8942
843711,231,128,1410,2001.0,125181.0,13083136.0,1.96615,-0.12332699999999999,USA,LKA,8942
843712,246,128,1410,2001.0,0.0,8143.0,0.249833,2.1142950000000003,ZAF,LKA,8942
843713,249,128,1410,2001.0,217533.0,21995.0,1.7270020000000001,1.252843,TWN,LKA,8942
843714,15,130,1410,2001.0,271526.0,4566.0,1.8987740000000002,0.45922700000000005,AUT,LTU,8942
843715,18,130,1410,2001.0,138517.0,6563.0,1.425483,1.3072409999999999,BEL,LTU,8942
843716,28,130,1410,2001.0,91703.0,82440.0,0.78008,1.232713,BLR,LTU,8942
843717,32,130,1410,2001.0,9508.0,0.0,0.658473,1.328637,BRA,LTU,8942
843718,39,130,1410,2001.0,6401.0,0.0,0.8899729999999999,1.3778299999999999,CAN,LTU,8942
843719,41,130,1410,2001.0,27441.0,1180.0,2.161588,0.8069890000000001,CHE,LTU,8942
843720,43,130,1410,2001.0,2531960.0,0.0,0.535502,2.28778,CHN,LTU,8942
843721,59,130,1410,2001.0,182114.0,15453.0,1.56908,0.860384,CZE,LTU,8942
843722,61,130,1410,2001.0,1600546.0,421233.0,2.335872,-2.09875,DEU,LTU,8942
843723,64,130,1410,2001.0,199062.0,21524.0,1.356327,1.3288309999999999,DNK,LTU,8942
843724,68,130,1410,2001.0,8626.0,0.0,-0.346794,0.431229,EGY,LTU,8942
843725,71,130,1410,2001.0,922728.0,69157.0,1.1380350000000001,1.7870139999999999,ESP,LTU,8942
843726,72,130,1410,2001.0,287582.0,50343.0,0.53422,0.9372790000000001,EST,LTU,8942
843727,74,130,1410,2001.0,205719.0,0.0,1.9661669999999998,1.000436,FIN,LTU,8942
843728,77,130,1410,2001.0,263824.0,44409.0,1.6143809999999998,0.626221,FRA,LTU,8942
843729,81,130,1410,2001.0,364807.0,6162.0,2.1068439999999997,0.658575,GBR,LTU,8942
843730,82,130,1410,2001.0,0.0,3417.0,0.063126,-0.285493,GEO,LTU,8942
843731,90,130,1410,2001.0,7457.0,19706.0,0.338607,1.506593,GRC,LTU,8942
843732,97,130,1410,2001.0,535360.0,0.0,0.639538,1.5157610000000001,HKG,LTU,8942
843733,102,130,1410,2001.0,46707.0,1422.0,1.069245,1.2217069999999999,HUN,LTU,8942
843734,103,130,1410,2001.0,70361.0,0.0,0.039233,1.780659,IDN,LTU,8942
843735,106,130,1410,2001.0,41472.0,0.0,1.751955,0.210628,IRL,LTU,8942
843736,111,130,1410,2001.0,633476.0,7594.0,1.488545,0.8410610000000001,ITA,LTU,8942
843737,114,130,1410,2001.0,44014.0,0.0,2.674032,0.445636,JPN,LTU,8942
843738,115,130,1410,2001.0,0.0,101416.0,-0.05773,-0.44668500000000005,KAZ,LTU,8942
843739,121,130,1410,2001.0,33336.0,0.0,1.436204,0.917057,KOR,LTU,8942
843740,128,130,1410,2001.0,1301.0,0.0,-0.43381000000000003,0.057630999999999995,LKA,LTU,8942
843741,132,130,1410,2001.0,78986.0,368828.0,0.31652600000000003,0.523927,LVA,LTU,8942
843742,138,130,1410,2001.0,2666.0,0.0,1.088661,0.680197,MEX,LTU,8942
843743,153,130,1410,2001.0,16351.0,0.0,0.894191,0.310677,MYS,LTU,8942
843744,162,130,1410,2001.0,593305.0,47301.0,1.299569,1.487015,NLD,LTU,8942
843745,163,130,1410,2001.0,18840.0,36319.0,0.542366,-0.180336,NOR,LTU,8942
843746,174,130,1410,2001.0,0.0,8959.0,0.153601,-0.174218,PHL,LTU,8942
843747,177,130,1410,2001.0,1818478.0,86292.0,0.983238,1.7436209999999999,POL,LTU,8942
843748,178,130,1410,2001.0,17707.0,0.0,0.7188640000000001,1.101559,PRK,LTU,8942
843749,179,130,1410,2001.0,2568.0,0.0,0.688736,1.326716,PRT,LTU,8942
843750,185,130,1410,2001.0,1654.0,0.0,0.465168,1.1029129999999998,ROU,LTU,8942
843751,186,130,1410,2001.0,100597.0,507987.0,0.546271,0.195872,RUS,LTU,8942
843752,207,130,1410,2001.0,1043.0,0.0,1.488089,1.0928360000000001,SVN,LTU,8942
843753,208,130,1410,2001.0,174606.0,205309.0,2.01685,0.8233159999999999,SWE,LTU,8942
843754,216,130,1410,2001.0,35603.0,0.0,0.49264600000000003,1.493471,THA,LTU,8942
843755,224,130,1410,2001.0,11392.0,17819.0,0.168219,1.989011,TUR,LTU,8942
843756,228,130,1410,2001.0,2881.0,160026.0,0.642888,1.267971,UKR,LTU,8942
843757,231,130,1410,2001.0,516716.0,331461.0,1.96615,-0.12332699999999999,USA,LTU,8942
843758,239,130,1410,2001.0,8519.0,0.0,-0.533978,0.503988,VNM,LTU,8942
843759,249,130,1410,2001.0,103529.0,0.0,1.7270020000000001,1.252843,TWN,LTU,8942
843760,5,131,1410,2001.0,0.0,7941.0,0.874555,0.75456,AND,LUX,8942
843761,7,131,1410,2001.0,0.0,55751.0,-0.217259,-0.613042,ARE,LUX,8942
843762,15,131,1410,2001.0,32577.0,112228.0,1.8987740000000002,0.45922700000000005,AUT,LUX,8942
843763,18,131,1410,2001.0,13427091.0,2530297.0,1.425483,1.3072409999999999,BEL,LUX,8942
843764,39,131,1410,2001.0,18472.0,15313.0,0.8899729999999999,1.3778299999999999,CAN,LUX,8942
843765,41,131,1410,2001.0,78607.0,143893.0,2.161588,0.8069890000000001,CHE,LUX,8942
843766,43,131,1410,2001.0,165182.0,0.0,0.535502,2.28778,CHN,LUX,8942
843767,58,131,1410,2001.0,0.0,6107.0,0.30700500000000003,0.258726,CYP,LUX,8942
843768,59,131,1410,2001.0,21043.0,0.0,1.56908,0.860384,CZE,LUX,8942
843769,61,131,1410,2001.0,7778754.0,2719600.0,2.335872,-2.09875,DEU,LUX,8942
843770,64,131,1410,2001.0,30594.0,543477.0,1.356327,1.3288309999999999,DNK,LUX,8942
843771,71,131,1410,2001.0,444623.0,1666682.0,1.1380350000000001,1.7870139999999999,ESP,LUX,8942
843772,72,131,1410,2001.0,0.0,2085.0,0.53422,0.9372790000000001,EST,LUX,8942
843773,74,131,1410,2001.0,25040.0,154658.0,1.9661669999999998,1.000436,FIN,LUX,8942
843774,77,131,1410,2001.0,6964954.0,2059483.0,1.6143809999999998,0.626221,FRA,LUX,8942
843775,81,131,1410,2001.0,378863.0,1981591.0,2.1068439999999997,0.658575,GBR,LUX,8942
843776,90,131,1410,2001.0,40090.0,200913.0,0.338607,1.506593,GRC,LUX,8942
843777,97,131,1410,2001.0,605301.0,0.0,0.639538,1.5157610000000001,HKG,LUX,8942
843778,100,131,1410,2001.0,0.0,1490.0,0.6315729999999999,1.169338,HRV,LUX,8942
843779,102,131,1410,2001.0,0.0,29524.0,1.069245,1.2217069999999999,HUN,LUX,8942
843780,106,131,1410,2001.0,91347.0,13418.0,1.751955,0.210628,IRL,LUX,8942
843781,109,131,1410,2001.0,0.0,2776.0,0.049756,-0.496962,ISL,LUX,8942
843782,110,131,1410,2001.0,0.0,171496.0,1.17675,0.900401,ISR,LUX,8942
843783,111,131,1410,2001.0,1436752.0,1184480.0,1.488545,0.8410610000000001,ITA,LUX,8942
843784,113,131,1410,2001.0,0.0,7555.0,0.5404760000000001,0.8497170000000001,JOR,LUX,8942
843785,114,131,1410,2001.0,3791988.0,100039.0,2.674032,0.445636,JPN,LUX,8942
843786,121,131,1410,2001.0,11171.0,0.0,1.436204,0.917057,KOR,LUX,8942
843787,122,131,1410,2001.0,0.0,23302.0,-0.695801,-1.225701,KWT,LUX,8942
843788,134,131,1410,2001.0,0.0,6816.0,-0.616006,-0.340127,MAR,LUX,8942
843789,142,131,1410,2001.0,0.0,2193.0,1.048708,-0.04453,MLT,LUX,8942
843790,151,131,1410,2001.0,0.0,1875.0,-0.304271,-0.589387,MUS,LUX,8942
843791,162,131,1410,2001.0,2512362.0,1325481.0,1.299569,1.487015,NLD,LUX,8942
843792,163,131,1410,2001.0,10799.0,77189.0,0.542366,-0.180336,NOR,LUX,8942
843793,166,131,1410,2001.0,0.0,14693.0,0.220307,0.689625,NZL,LUX,8942
843794,177,131,1410,2001.0,901587.0,134401.0,0.983238,1.7436209999999999,POL,LUX,8942
843795,179,131,1410,2001.0,0.0,68136.0,0.688736,1.326716,PRT,LUX,8942
843796,182,131,1410,2001.0,0.0,3323.0,0.055376,-0.762668,PYF,LUX,8942
843797,183,131,1410,2001.0,0.0,7892.0,-0.282283,-1.136895,QAT,LUX,8942
843798,185,131,1410,2001.0,0.0,5809.0,0.465168,1.1029129999999998,ROU,LUX,8942
843799,186,131,1410,2001.0,0.0,73245.0,0.546271,0.195872,RUS,LUX,8942
843800,188,131,1410,2001.0,0.0,12118.0,0.078887,-0.9764430000000001,SAU,LUX,8942
843801,189,131,1410,2001.0,0.0,2166.0,0.38765,2.769588,SCG,LUX,8942
843802,192,131,1410,2001.0,0.0,61607.0,1.587064,0.639626,SGP,LUX,8942
843803,206,131,1410,2001.0,0.0,1865.0,1.310591,1.195523,SVK,LUX,8942
843804,207,131,1410,2001.0,0.0,15020.0,1.488089,1.0928360000000001,SVN,LUX,8942
843805,208,131,1410,2001.0,5735.0,191799.0,2.01685,0.8233159999999999,SWE,LUX,8942
843806,212,131,1410,2001.0,0.0,18682.0,-1.138774,-0.839648,SYR,LUX,8942
843807,223,131,1410,2001.0,0.0,1656.0,0.054524,0.26892699999999997,TUN,LUX,8942
843808,224,131,1410,2001.0,0.0,26750.0,0.168219,1.989011,TUR,LUX,8942
843809,231,131,1410,2001.0,4218555.0,255890.0,1.96615,-0.12332699999999999,USA,LUX,8942
843810,239,131,1410,2001.0,1697.0,0.0,-0.533978,0.503988,VNM,LUX,8942
843811,246,131,1410,2001.0,0.0,1617.0,0.249833,2.1142950000000003,ZAF,LUX,8942
843812,249,131,1410,2001.0,17647.0,0.0,1.7270020000000001,1.252843,TWN,LUX,8942
843813,250,131,1410,2001.0,3237.0,1128.0,0.947105,-0.529946,ANS,LUX,8942
843814,7,134,1410,2001.0,200626.0,1476.0,-0.217259,-0.613042,ARE,MAR,8942
843815,14,134,1410,2001.0,0.0,7164.0,-0.12189000000000001,0.7281770000000001,AUS,MAR,8942
843816,15,134,1410,2001.0,34480.0,0.0,1.8987740000000002,0.45922700000000005,AUT,MAR,8942
843817,18,134,1410,2001.0,395647.0,3495.0,1.425483,1.3072409999999999,BEL,MAR,8942
843818,23,134,1410,2001.0,0.0,5286.0,0.46429799999999993,1.7500380000000002,BGR,MAR,8942
843819,39,134,1410,2001.0,0.0,10014.0,0.8899729999999999,1.3778299999999999,CAN,MAR,8942
843820,41,134,1410,2001.0,5762.0,22288.0,2.161588,0.8069890000000001,CHE,MAR,8942
843821,43,134,1410,2001.0,3549752.0,0.0,0.535502,2.28778,CHN,MAR,8942
843822,59,134,1410,2001.0,3306.0,0.0,1.56908,0.860384,CZE,MAR,8942
843823,61,134,1410,2001.0,74322.0,14868.0,2.335872,-2.09875,DEU,MAR,8942
843824,66,134,1410,2001.0,0.0,3051.0,-0.9852559999999999,-1.245285,DZA,MAR,8942
843825,68,134,1410,2001.0,5282.0,0.0,-0.346794,0.431229,EGY,MAR,8942
843826,71,134,1410,2001.0,1095639.0,411633.0,1.1380350000000001,1.7870139999999999,ESP,MAR,8942
843827,74,134,1410,2001.0,0.0,3598.0,1.9661669999999998,1.000436,FIN,MAR,8942
843828,77,134,1410,2001.0,1694479.0,86994.0,1.6143809999999998,0.626221,FRA,MAR,8942
843829,81,134,1410,2001.0,557661.0,27042.0,2.1068439999999997,0.658575,GBR,MAR,8942
843830,90,134,1410,2001.0,229936.0,3982.0,0.338607,1.506593,GRC,MAR,8942
843831,97,134,1410,2001.0,2665033.0,0.0,0.639538,1.5157610000000001,HKG,MAR,8942
843832,102,134,1410,2001.0,2340.0,0.0,1.069245,1.2217069999999999,HUN,MAR,8942
843833,103,134,1410,2001.0,1071.0,0.0,0.039233,1.780659,IDN,MAR,8942
843834,104,134,1410,2001.0,1723.0,0.0,0.382444,2.538934,IND,MAR,8942
843835,111,134,1410,2001.0,820723.0,2681.0,1.488545,0.8410610000000001,ITA,MAR,8942
843836,114,134,1410,2001.0,74010.0,9161.0,2.674032,0.445636,JPN,MAR,8942
843837,121,134,1410,2001.0,53612.0,0.0,1.436204,0.917057,KOR,MAR,8942
843838,131,134,1410,2001.0,6816.0,0.0,1.326753,1.2069530000000002,LUX,MAR,8942
843839,162,134,1410,2001.0,125314.0,1439.0,1.299569,1.487015,NLD,MAR,8942
843840,163,134,1410,2001.0,0.0,4191.0,0.542366,-0.180336,NOR,MAR,8942
843841,166,134,1410,2001.0,0.0,1052.0,0.220307,0.689625,NZL,MAR,8942
843842,174,134,1410,2001.0,6393.0,0.0,0.153601,-0.174218,PHL,MAR,8942
843843,179,134,1410,2001.0,3539.0,10150.0,0.688736,1.326716,PRT,MAR,8942
843844,185,134,1410,2001.0,0.0,2873.0,0.465168,1.1029129999999998,ROU,MAR,8942
843845,188,134,1410,2001.0,2203.0,0.0,0.078887,-0.9764430000000001,SAU,MAR,8942
843846,189,134,1410,2001.0,0.0,2754.0,0.38765,2.769588,SCG,MAR,8942
843847,192,134,1410,2001.0,3857.0,0.0,1.587064,0.639626,SGP,MAR,8942
843848,208,134,1410,2001.0,9568.0,8912.0,2.01685,0.8233159999999999,SWE,MAR,8942
843849,212,134,1410,2001.0,1014.0,0.0,-1.138774,-0.839648,SYR,MAR,8942
843850,216,134,1410,2001.0,11897.0,0.0,0.49264600000000003,1.493471,THA,MAR,8942
843851,223,134,1410,2001.0,12535.0,0.0,0.054524,0.26892699999999997,TUN,MAR,8942
843852,224,134,1410,2001.0,36658.0,0.0,0.168219,1.989011,TUR,MAR,8942
843853,231,134,1410,2001.0,439141.0,163448.0,1.96615,-0.12332699999999999,USA,MAR,8942
843854,239,134,1410,2001.0,16262.0,0.0,-0.533978,0.503988,VNM,MAR,8942
843855,249,134,1410,2001.0,270809.0,0.0,1.7270020000000001,1.252843,TWN,MAR,8942
843856,250,134,1410,2001.0,2593.0,71164.0,0.947105,-0.529946,ANS,MAR,8942
843857,7,135,1410,2001.0,10721.0,0.0,-0.217259,-0.613042,ARE,MDA,8942
843858,15,135,1410,2001.0,0.0,25249.0,1.8987740000000002,0.45922700000000005,AUT,MDA,8942
843859,18,135,1410,2001.0,3479.0,97671.0,1.425483,1.3072409999999999,BEL,MDA,8942
843860,23,135,1410,2001.0,5131.0,0.0,0.46429799999999993,1.7500380000000002,BGR,MDA,8942
843861,28,135,1410,2001.0,26740.0,0.0,0.78008,1.232713,BLR,MDA,8942
843862,39,135,1410,2001.0,0.0,1882.0,0.8899729999999999,1.3778299999999999,CAN,MDA,8942
843863,43,135,1410,2001.0,20238.0,0.0,0.535502,2.28778,CHN,MDA,8942
843864,59,135,1410,2001.0,12311.0,0.0,1.56908,0.860384,CZE,MDA,8942
843865,61,135,1410,2001.0,54921.0,296501.0,2.335872,-2.09875,DEU,MDA,8942
843866,64,135,1410,2001.0,7961.0,0.0,1.356327,1.3288309999999999,DNK,MDA,8942
843867,71,135,1410,2001.0,0.0,2773.0,1.1380350000000001,1.7870139999999999,ESP,MDA,8942
843868,77,135,1410,2001.0,15841.0,0.0,1.6143809999999998,0.626221,FRA,MDA,8942
843869,81,135,1410,2001.0,11325.0,0.0,2.1068439999999997,0.658575,GBR,MDA,8942
843870,102,135,1410,2001.0,104174.0,0.0,1.069245,1.2217069999999999,HUN,MDA,8942
843871,110,135,1410,2001.0,0.0,10003.0,1.17675,0.900401,ISR,MDA,8942
843872,111,135,1410,2001.0,15539.0,17787.0,1.488545,0.8410610000000001,ITA,MDA,8942
843873,121,135,1410,2001.0,2557.0,0.0,1.436204,0.917057,KOR,MDA,8942
843874,162,135,1410,2001.0,161299.0,0.0,1.299569,1.487015,NLD,MDA,8942
843875,177,135,1410,2001.0,10097.0,2500.0,0.983238,1.7436209999999999,POL,MDA,8942
843876,185,135,1410,2001.0,16125.0,27316.0,0.465168,1.1029129999999998,ROU,MDA,8942
843877,186,135,1410,2001.0,10009.0,48789.0,0.546271,0.195872,RUS,MDA,8942
843878,206,135,1410,2001.0,2698.0,0.0,1.310591,1.195523,SVK,MDA,8942
843879,207,135,1410,2001.0,3135.0,0.0,1.488089,1.0928360000000001,SVN,MDA,8942
843880,224,135,1410,2001.0,13550.0,0.0,0.168219,1.989011,TUR,MDA,8942
843881,228,135,1410,2001.0,17333.0,5884.0,0.642888,1.267971,UKR,MDA,8942
843882,231,135,1410,2001.0,16801.0,0.0,1.96615,-0.12332699999999999,USA,MDA,8942
843883,239,135,1410,2001.0,3044.0,0.0,-0.533978,0.503988,VNM,MDA,8942
843884,7,142,1410,2001.0,10648.0,189512.0,-0.217259,-0.613042,ARE,MLT,8942
843885,8,142,1410,2001.0,5503.0,0.0,0.11289,0.916845,ARG,MLT,8942
843886,14,142,1410,2001.0,0.0,1254.0,-0.12189000000000001,0.7281770000000001,AUS,MLT,8942
843887,15,142,1410,2001.0,198028.0,1063562.0,1.8987740000000002,0.45922700000000005,AUT,MLT,8942
843888,18,142,1410,2001.0,145777.0,0.0,1.425483,1.3072409999999999,BEL,MLT,8942
843889,23,142,1410,2001.0,2856.0,0.0,0.46429799999999993,1.7500380000000002,BGR,MLT,8942
843890,39,142,1410,2001.0,6079.0,315435.0,0.8899729999999999,1.3778299999999999,CAN,MLT,8942
843891,41,142,1410,2001.0,19278.0,1897.0,2.161588,0.8069890000000001,CHE,MLT,8942
843892,43,142,1410,2001.0,1022205.0,9854.0,0.535502,2.28778,CHN,MLT,8942
843893,58,142,1410,2001.0,6922.0,10571.0,0.30700500000000003,0.258726,CYP,MLT,8942
843894,59,142,1410,2001.0,3394.0,0.0,1.56908,0.860384,CZE,MLT,8942
843895,61,142,1410,2001.0,1759806.0,39404068.0,2.335872,-2.09875,DEU,MLT,8942
843896,64,142,1410,2001.0,36813.0,0.0,1.356327,1.3288309999999999,DNK,MLT,8942
843897,71,142,1410,2001.0,609224.0,1264734.0,1.1380350000000001,1.7870139999999999,ESP,MLT,8942
843898,74,142,1410,2001.0,3241.0,0.0,1.9661669999999998,1.000436,FIN,MLT,8942
843899,77,142,1410,2001.0,231010.0,4517380.0,1.6143809999999998,0.626221,FRA,MLT,8942
843900,81,142,1410,2001.0,1602572.0,129481.0,2.1068439999999997,0.658575,GBR,MLT,8942
843901,90,142,1410,2001.0,70408.0,91027.0,0.338607,1.506593,GRC,MLT,8942
843902,97,142,1410,2001.0,1779205.0,0.0,0.639538,1.5157610000000001,HKG,MLT,8942
843903,102,142,1410,2001.0,0.0,176092.0,1.069245,1.2217069999999999,HUN,MLT,8942
843904,103,142,1410,2001.0,5557.0,0.0,0.039233,1.780659,IDN,MLT,8942
843905,104,142,1410,2001.0,6688.0,0.0,0.382444,2.538934,IND,MLT,8942
843906,106,142,1410,2001.0,19584.0,0.0,1.751955,0.210628,IRL,MLT,8942
843907,109,142,1410,2001.0,0.0,36944.0,0.049756,-0.496962,ISL,MLT,8942
843908,110,142,1410,2001.0,24863.0,0.0,1.17675,0.900401,ISR,MLT,8942
843909,111,142,1410,2001.0,840519.0,27272.0,1.488545,0.8410610000000001,ITA,MLT,8942
843910,113,142,1410,2001.0,12499.0,0.0,0.5404760000000001,0.8497170000000001,JOR,MLT,8942
843911,114,142,1410,2001.0,1019749.0,667199.0,2.674032,0.445636,JPN,MLT,8942
843912,121,142,1410,2001.0,6931.0,0.0,1.436204,0.917057,KOR,MLT,8942
843913,124,142,1410,2001.0,0.0,6230.0,0.09267,0.97731,LBN,MLT,8942
843914,126,142,1410,2001.0,0.0,8895.0,-0.9461450000000001,-1.242884,LBY,MLT,8942
843915,131,142,1410,2001.0,2193.0,0.0,1.326753,1.2069530000000002,LUX,MLT,8942
843916,138,142,1410,2001.0,0.0,1297.0,1.088661,0.680197,MEX,MLT,8942
843917,153,142,1410,2001.0,17694.0,0.0,0.894191,0.310677,MYS,MLT,8942
843918,162,142,1410,2001.0,401392.0,150172.0,1.299569,1.487015,NLD,MLT,8942
843919,163,142,1410,2001.0,0.0,23746.0,0.542366,-0.180336,NOR,MLT,8942
843920,166,142,1410,2001.0,0.0,4756.0,0.220307,0.689625,NZL,MLT,8942
843921,174,142,1410,2001.0,13878.0,0.0,0.153601,-0.174218,PHL,MLT,8942
843922,177,142,1410,2001.0,12934.0,0.0,0.983238,1.7436209999999999,POL,MLT,8942
843923,179,142,1410,2001.0,2036.0,8144.0,0.688736,1.326716,PRT,MLT,8942
843924,192,142,1410,2001.0,54476.0,0.0,1.587064,0.639626,SGP,MLT,8942
843925,206,142,1410,2001.0,7167.0,0.0,1.310591,1.195523,SVK,MLT,8942
843926,207,142,1410,2001.0,1999.0,1556.0,1.488089,1.0928360000000001,SVN,MLT,8942
843927,208,142,1410,2001.0,1685.0,0.0,2.01685,0.8233159999999999,SWE,MLT,8942
843928,216,142,1410,2001.0,56878.0,0.0,0.49264600000000003,1.493471,THA,MLT,8942
843929,224,142,1410,2001.0,12709.0,0.0,0.168219,1.989011,TUR,MLT,8942
843930,231,142,1410,2001.0,353426.0,2196712.0,1.96615,-0.12332699999999999,USA,MLT,8942
843931,239,142,1410,2001.0,10798.0,0.0,-0.533978,0.503988,VNM,MLT,8942
843932,249,142,1410,2001.0,125945.0,15134.0,1.7270020000000001,1.252843,TWN,MLT,8942
843933,250,142,1410,2001.0,14841.0,0.0,0.947105,-0.529946,ANS,MLT,8942
843934,2,155,1410,2001.0,7653.0,121085.0,-2.190929,-1.302123,AGO,NAM,8942
843935,15,155,1410,2001.0,0.0,1443.0,1.8987740000000002,0.45922700000000005,AUT,NAM,8942
843936,43,155,1410,2001.0,25900.0,0.0,0.535502,2.28778,CHN,NAM,8942
843937,46,155,1410,2001.0,0.0,66157.0,-1.2660959999999999,-1.1988860000000001,COD,NAM,8942
843938,61,155,1410,2001.0,40026.0,16356.0,2.335872,-2.09875,DEU,NAM,8942
843939,77,155,1410,2001.0,1987.0,0.0,1.6143809999999998,0.626221,FRA,NAM,8942
843940,81,155,1410,2001.0,5514.0,0.0,2.1068439999999997,0.658575,GBR,NAM,8942
843941,97,155,1410,2001.0,8229.0,0.0,0.639538,1.5157610000000001,HKG,NAM,8942
843942,111,155,1410,2001.0,27292.0,0.0,1.488545,0.8410610000000001,ITA,NAM,8942
843943,114,155,1410,2001.0,0.0,12661.0,2.674032,0.445636,JPN,NAM,8942
843944,147,155,1410,2001.0,0.0,5600.0,-1.476933,-1.253628,MOZ,NAM,8942
843945,162,155,1410,2001.0,2052.0,0.0,1.299569,1.487015,NLD,NAM,8942
843946,231,155,1410,2001.0,79271.0,0.0,1.96615,-0.12332699999999999,USA,NAM,8942
843947,246,155,1410,2001.0,2767935.0,15802.0,0.249833,2.1142950000000003,ZAF,NAM,8942
843948,249,155,1410,2001.0,17515.0,0.0,1.7270020000000001,1.252843,TWN,NAM,8942
843949,4,188,1410,2001.0,0.0,1465.0,-0.137138,0.120093,ALB,SAU,8942
843950,7,188,1410,2001.0,0.0,954805.0,-0.217259,-0.613042,ARE,SAU,8942
843951,14,188,1410,2001.0,1422.0,0.0,-0.12189000000000001,0.7281770000000001,AUS,SAU,8942
843952,15,188,1410,2001.0,122352.0,5502.0,1.8987740000000002,0.45922700000000005,AUT,SAU,8942
843953,18,188,1410,2001.0,313642.0,3156.0,1.425483,1.3072409999999999,BEL,SAU,8942
843954,24,188,1410,2001.0,116075.0,42617.0,-0.11648499999999999,-1.101653,BHR,SAU,8942
843955,39,188,1410,2001.0,269952.0,0.0,0.8899729999999999,1.3778299999999999,CAN,SAU,8942
843956,41,188,1410,2001.0,317717.0,49895.0,2.161588,0.8069890000000001,CHE,SAU,8942
843957,43,188,1410,2001.0,15572590.0,0.0,0.535502,2.28778,CHN,SAU,8942
843958,44,188,1410,2001.0,0.0,1627.0,-0.731178,-0.5734739999999999,CIV,SAU,8942
843959,58,188,1410,2001.0,5785.0,7588.0,0.30700500000000003,0.258726,CYP,SAU,8942
843960,61,188,1410,2001.0,698341.0,0.0,2.335872,-2.09875,DEU,SAU,8942
843961,64,188,1410,2001.0,7091.0,5459.0,1.356327,1.3288309999999999,DNK,SAU,8942
843962,68,188,1410,2001.0,108338.0,25214.0,-0.346794,0.431229,EGY,SAU,8942
843963,71,188,1410,2001.0,936845.0,0.0,1.1380350000000001,1.7870139999999999,ESP,SAU,8942
843964,73,188,1410,2001.0,0.0,1683.0,-1.010637,-0.8893280000000001,ETH,SAU,8942
843965,77,188,1410,2001.0,1060443.0,2240.0,1.6143809999999998,0.626221,FRA,SAU,8942
843966,81,188,1410,2001.0,859821.0,22773.0,2.1068439999999997,0.658575,GBR,SAU,8942
843967,83,188,1410,2001.0,0.0,7976.0,-0.7818689999999999,-0.645878,GHA,SAU,8942
843968,90,188,1410,2001.0,105214.0,0.0,0.338607,1.506593,GRC,SAU,8942
843969,97,188,1410,2001.0,3728467.0,69565.0,0.639538,1.5157610000000001,HKG,SAU,8942
843970,102,188,1410,2001.0,64648.0,0.0,1.069245,1.2217069999999999,HUN,SAU,8942
843971,103,188,1410,2001.0,193342.0,0.0,0.039233,1.780659,IDN,SAU,8942
843972,104,188,1410,2001.0,394583.0,0.0,0.382444,2.538934,IND,SAU,8942
843973,106,188,1410,2001.0,0.0,1001.0,1.751955,0.210628,IRL,SAU,8942
843974,111,188,1410,2001.0,2514667.0,18931.0,1.488545,0.8410610000000001,ITA,SAU,8942
843975,113,188,1410,2001.0,6475.0,2588.0,0.5404760000000001,0.8497170000000001,JOR,SAU,8942
843976,114,188,1410,2001.0,1739075.0,0.0,2.674032,0.445636,JPN,SAU,8942
843977,116,188,1410,2001.0,0.0,13542.0,-0.533651,0.072611,KEN,SAU,8942
843978,121,188,1410,2001.0,2679787.0,23090.0,1.436204,0.917057,KOR,SAU,8942
843979,122,188,1410,2001.0,15339.0,73427.0,-0.695801,-1.225701,KWT,SAU,8942
843980,124,188,1410,2001.0,105815.0,7159.0,0.09267,0.97731,LBN,SAU,8942
843981,128,188,1410,2001.0,7804.0,0.0,-0.43381000000000003,0.057630999999999995,LKA,SAU,8942
843982,131,188,1410,2001.0,12118.0,0.0,1.326753,1.2069530000000002,LUX,SAU,8942
843983,134,188,1410,2001.0,0.0,2203.0,-0.616006,-0.340127,MAR,SAU,8942
843984,138,188,1410,2001.0,59918.0,0.0,1.088661,0.680197,MEX,SAU,8942
843985,141,188,1410,2001.0,0.0,11223.0,-0.176802,-0.408531,MLI,SAU,8942
843986,148,188,1410,2001.0,0.0,7215.0,-1.112149,-1.292716,MRT,SAU,8942
843987,153,188,1410,2001.0,362967.0,0.0,0.894191,0.310677,MYS,SAU,8942
843988,159,188,1410,2001.0,0.0,6846.0,-1.9085759999999998,-1.335279,NGA,SAU,8942
843989,162,188,1410,2001.0,206894.0,0.0,1.299569,1.487015,NLD,SAU,8942
843990,167,188,1410,2001.0,0.0,10769.0,-1.4727729999999999,-1.329588,OMN,SAU,8942
843991,174,188,1410,2001.0,89846.0,6695.0,0.153601,-0.174218,PHL,SAU,8942
843992,183,188,1410,2001.0,0.0,37435.0,-0.282283,-1.136895,QAT,SAU,8942
843993,186,188,1410,2001.0,22517.0,0.0,0.546271,0.195872,RUS,SAU,8942
843994,190,188,1410,2001.0,0.0,119753.0,-1.7142950000000001,-1.341016,SDN,SAU,8942
843995,192,188,1410,2001.0,268712.0,0.0,1.587064,0.639626,SGP,SAU,8942
843996,208,188,1410,2001.0,116000.0,0.0,2.01685,0.8233159999999999,SWE,SAU,8942
843997,212,188,1410,2001.0,26222.0,0.0,-1.138774,-0.839648,SYR,SAU,8942
843998,216,188,1410,2001.0,1253849.0,0.0,0.49264600000000003,1.493471,THA,SAU,8942
843999,224,188,1410,2001.0,122010.0,0.0,0.168219,1.989011,TUR,SAU,8942
844000,231,188,1410,2001.0,7396047.0,0.0,1.96615,-0.12332699999999999,USA,SAU,8942
844001,246,188,1410,2001.0,0.0,3855.0,0.249833,2.1142950000000003,ZAF,SAU,8942
844002,249,188,1410,2001.0,3472312.0,0.0,1.7270020000000001,1.252843,TWN,SAU,8942
844003,250,188,1410,2001.0,96674.0,0.0,0.947105,-0.529946,ANS,SAU,8942
844004,4,189,1410,2001.0,1558.0,7270.0,-0.137138,0.120093,ALB,SCG,8942
844005,14,189,1410,2001.0,16633.0,0.0,-0.12189000000000001,0.7281770000000001,AUS,SCG,8942
844006,15,189,1410,2001.0,576246.0,0.0,1.8987740000000002,0.45922700000000005,AUT,SCG,8942
844007,18,189,1410,2001.0,83977.0,0.0,1.425483,1.3072409999999999,BEL,SCG,8942
844008,23,189,1410,2001.0,92570.0,3000.0,0.46429799999999993,1.7500380000000002,BGR,SCG,8942
844009,26,189,1410,2001.0,11886.0,278237.0,0.263644,0.44197,BIH,SCG,8942
844010,39,189,1410,2001.0,6251.0,4577.0,0.8899729999999999,1.3778299999999999,CAN,SCG,8942
844011,41,189,1410,2001.0,65861.0,0.0,2.161588,0.8069890000000001,CHE,SCG,8942
844012,43,189,1410,2001.0,1117394.0,0.0,0.535502,2.28778,CHN,SCG,8942
844013,58,189,1410,2001.0,2599.0,0.0,0.30700500000000003,0.258726,CYP,SCG,8942
844014,59,189,1410,2001.0,123407.0,12641.0,1.56908,0.860384,CZE,SCG,8942
844015,61,189,1410,2001.0,571808.0,61065.0,2.335872,-2.09875,DEU,SCG,8942
844016,64,189,1410,2001.0,303280.0,0.0,1.356327,1.3288309999999999,DNK,SCG,8942
844017,71,189,1410,2001.0,270902.0,1451.0,1.1380350000000001,1.7870139999999999,ESP,SCG,8942
844018,77,189,1410,2001.0,78005.0,0.0,1.6143809999999998,0.626221,FRA,SCG,8942
844019,81,189,1410,2001.0,106533.0,6819.0,2.1068439999999997,0.658575,GBR,SCG,8942
844020,90,189,1410,2001.0,431055.0,0.0,0.338607,1.506593,GRC,SCG,8942
844021,97,189,1410,2001.0,524834.0,0.0,0.639538,1.5157610000000001,HKG,SCG,8942
844022,100,189,1410,2001.0,80594.0,0.0,0.6315729999999999,1.169338,HRV,SCG,8942
844023,102,189,1410,2001.0,140797.0,3444.0,1.069245,1.2217069999999999,HUN,SCG,8942
844024,103,189,1410,2001.0,1141.0,0.0,0.039233,1.780659,IDN,SCG,8942
844025,111,189,1410,2001.0,3522508.0,2018.0,1.488545,0.8410610000000001,ITA,SCG,8942
844026,114,189,1410,2001.0,4683.0,0.0,2.674032,0.445636,JPN,SCG,8942
844027,115,189,1410,2001.0,0.0,2207.0,-0.05773,-0.44668500000000005,KAZ,SCG,8942
844028,121,189,1410,2001.0,11360.0,0.0,1.436204,0.917057,KOR,SCG,8942
844029,131,189,1410,2001.0,2166.0,0.0,1.326753,1.2069530000000002,LUX,SCG,8942
844030,134,189,1410,2001.0,2754.0,0.0,-0.616006,-0.340127,MAR,SCG,8942
844031,140,189,1410,2001.0,153235.0,67241.0,0.085844,0.413947,MKD,SCG,8942
844032,153,189,1410,2001.0,20112.0,0.0,0.894191,0.310677,MYS,SCG,8942
844033,162,189,1410,2001.0,123954.0,0.0,1.299569,1.487015,NLD,SCG,8942
844034,177,189,1410,2001.0,59619.0,0.0,0.983238,1.7436209999999999,POL,SCG,8942
844035,186,189,1410,2001.0,13237.0,21733.0,0.546271,0.195872,RUS,SCG,8942
844036,192,189,1410,2001.0,2367.0,0.0,1.587064,0.639626,SGP,SCG,8942
844037,206,189,1410,2001.0,48779.0,22382.0,1.310591,1.195523,SVK,SCG,8942
844038,207,189,1410,2001.0,243101.0,19883.0,1.488089,1.0928360000000001,SVN,SCG,8942
844039,208,189,1410,2001.0,13295.0,1698.0,2.01685,0.8233159999999999,SWE,SCG,8942
844040,216,189,1410,2001.0,35105.0,0.0,0.49264600000000003,1.493471,THA,SCG,8942
844041,224,189,1410,2001.0,2277324.0,2703.0,0.168219,1.989011,TUR,SCG,8942
844042,231,189,1410,2001.0,48855.0,1450.0,1.96615,-0.12332699999999999,USA,SCG,8942
844043,239,189,1410,2001.0,17276.0,0.0,-0.533978,0.503988,VNM,SCG,8942
844044,246,189,1410,2001.0,3339.0,0.0,0.249833,2.1142950000000003,ZAF,SCG,8942
844045,249,189,1410,2001.0,68652.0,0.0,1.7270020000000001,1.252843,TWN,SCG,8942
844046,250,189,1410,2001.0,6337.0,0.0,0.947105,-0.529946,ANS,SCG,8942
844047,179,203,1410,2001.0,47050.0,0.0,0.688736,1.326716,PRT,STP,8942
844048,231,203,1410,2001.0,4484.0,0.0,1.96615,-0.12332699999999999,USA,STP,8942
844049,39,209,1410,2001.0,5179.0,0.0,0.8899729999999999,1.3778299999999999,CAN,SWZ,8942
844050,81,209,1410,2001.0,1101.0,0.0,2.1068439999999997,0.658575,GBR,SWZ,8942
844051,97,209,1410,2001.0,231584.0,0.0,0.639538,1.5157610000000001,HKG,SWZ,8942
844052,111,209,1410,2001.0,2201.0,0.0,1.488545,0.8410610000000001,ITA,SWZ,8942
844053,121,209,1410,2001.0,274486.0,0.0,1.436204,0.917057,KOR,SWZ,8942
844054,151,209,1410,2001.0,0.0,1773.0,-0.304271,-0.589387,MUS,SWZ,8942
844055,192,209,1410,2001.0,2415.0,0.0,1.587064,0.639626,SGP,SWZ,8942
844056,216,209,1410,2001.0,18056.0,0.0,0.49264600000000003,1.493471,THA,SWZ,8942
844057,246,209,1410,2001.0,688829.0,8051.0,0.249833,2.1142950000000003,ZAF,SWZ,8942
844058,249,209,1410,2001.0,3243.0,0.0,1.7270020000000001,1.252843,TWN,SWZ,8942
844059,7,226,1410,2001.0,99917.0,0.0,-0.217259,-0.613042,ARE,TZA,8942
844060,14,226,1410,2001.0,3448.0,0.0,-0.12189000000000001,0.7281770000000001,AUS,TZA,8942
844061,15,226,1410,2001.0,43571.0,0.0,1.8987740000000002,0.45922700000000005,AUT,TZA,8942
844062,39,226,1410,2001.0,4652.0,0.0,0.8899729999999999,1.3778299999999999,CAN,TZA,8942
844063,41,226,1410,2001.0,3067.0,0.0,2.161588,0.8069890000000001,CHE,TZA,8942
844064,43,226,1410,2001.0,204694.0,0.0,0.535502,2.28778,CHN,TZA,8942
844065,58,226,1410,2001.0,2130.0,0.0,0.30700500000000003,0.258726,CYP,TZA,8942
844066,61,226,1410,2001.0,10730.0,0.0,2.335872,-2.09875,DEU,TZA,8942
844067,64,226,1410,2001.0,1276.0,0.0,1.356327,1.3288309999999999,DNK,TZA,8942
844068,71,226,1410,2001.0,38778.0,0.0,1.1380350000000001,1.7870139999999999,ESP,TZA,8942
844069,77,226,1410,2001.0,17004.0,0.0,1.6143809999999998,0.626221,FRA,TZA,8942
844070,81,226,1410,2001.0,102446.0,0.0,2.1068439999999997,0.658575,GBR,TZA,8942
844071,97,226,1410,2001.0,5993.0,0.0,0.639538,1.5157610000000001,HKG,TZA,8942
844072,104,226,1410,2001.0,49757.0,0.0,0.382444,2.538934,IND,TZA,8942
844073,106,226,1410,2001.0,4540.0,0.0,1.751955,0.210628,IRL,TZA,8942
844074,107,226,1410,2001.0,3755.0,0.0,-0.973691,-1.05654,IRN,TZA,8942
844075,111,226,1410,2001.0,14506.0,0.0,1.488545,0.8410610000000001,ITA,TZA,8942
844076,116,226,1410,2001.0,3064.0,0.0,-0.533651,0.072611,KEN,TZA,8942
844077,121,226,1410,2001.0,28248.0,0.0,1.436204,0.917057,KOR,TZA,8942
844078,162,226,1410,2001.0,71090.0,5573.0,1.299569,1.487015,NLD,TZA,8942
844079,216,226,1410,2001.0,13100.0,0.0,0.49264600000000003,1.493471,THA,TZA,8942
844080,227,226,1410,2001.0,2868.0,0.0,-1.1823700000000001,-0.7738619999999999,UGA,TZA,8942
844081,231,226,1410,2001.0,10166.0,19696.0,1.96615,-0.12332699999999999,USA,TZA,8942
844082,246,226,1410,2001.0,193172.0,0.0,0.249833,2.1142950000000003,ZAF,TZA,8942
844083,249,226,1410,2001.0,3273.0,0.0,1.7270020000000001,1.252843,TWN,TZA,8942
844084,8,230,1410,2001.0,1490836.0,322682.0,0.11289,0.916845,ARG,URY,8942
844085,14,230,1410,2001.0,8961.0,0.0,-0.12189000000000001,0.7281770000000001,AUS,URY,8942
844086,15,230,1410,2001.0,1194.0,0.0,1.8987740000000002,0.45922700000000005,AUT,URY,8942
844087,18,230,1410,2001.0,445117.0,4235.0,1.425483,1.3072409999999999,BEL,URY,8942
844088,31,230,1410,2001.0,0.0,8696.0,-0.614885,-0.5022770000000001,BOL,URY,8942
844089,32,230,1410,2001.0,594271.0,53523.0,0.658473,1.328637,BRA,URY,8942
844090,39,230,1410,2001.0,6635.0,0.0,0.8899729999999999,1.3778299999999999,CAN,URY,8942
844091,41,230,1410,2001.0,0.0,5460.0,2.161588,0.8069890000000001,CHE,URY,8942
844092,42,230,1410,2001.0,117119.0,32890.0,-0.148124,0.074033,CHL,URY,8942
844093,43,230,1410,2001.0,5704684.0,0.0,0.535502,2.28778,CHN,URY,8942
844094,49,230,1410,2001.0,150702.0,0.0,0.3378,0.479951,COL,URY,8942
844095,59,230,1410,2001.0,1313.0,0.0,1.56908,0.860384,CZE,URY,8942
844096,61,230,1410,2001.0,39073.0,0.0,2.335872,-2.09875,DEU,URY,8942
844097,64,230,1410,2001.0,1202.0,0.0,1.356327,1.3288309999999999,DNK,URY,8942
844098,71,230,1410,2001.0,710321.0,1957.0,1.1380350000000001,1.7870139999999999,ESP,URY,8942
844099,77,230,1410,2001.0,19953.0,0.0,1.6143809999999998,0.626221,FRA,URY,8942
844100,81,230,1410,2001.0,46532.0,0.0,2.1068439999999997,0.658575,GBR,URY,8942
844101,97,230,1410,2001.0,4797173.0,0.0,0.639538,1.5157610000000001,HKG,URY,8942
844102,103,230,1410,2001.0,95817.0,0.0,0.039233,1.780659,IDN,URY,8942
844103,110,230,1410,2001.0,31509.0,0.0,1.17675,0.900401,ISR,URY,8942
844104,111,230,1410,2001.0,755831.0,1820.0,1.488545,0.8410610000000001,ITA,URY,8942
844105,114,230,1410,2001.0,193501.0,0.0,2.674032,0.445636,JPN,URY,8942
844106,121,230,1410,2001.0,82714.0,0.0,1.436204,0.917057,KOR,URY,8942
844107,138,230,1410,2001.0,36201.0,0.0,1.088661,0.680197,MEX,URY,8942
844108,153,230,1410,2001.0,127904.0,0.0,0.894191,0.310677,MYS,URY,8942
844109,162,230,1410,2001.0,56799.0,0.0,1.299569,1.487015,NLD,URY,8942
844110,166,230,1410,2001.0,11714.0,0.0,0.220307,0.689625,NZL,URY,8942
844111,168,230,1410,2001.0,5540.0,0.0,-0.741053,-0.41444,PAK,URY,8942
844112,169,230,1410,2001.0,161725.0,0.0,0.17863800000000002,0.440159,PAN,URY,8942
844113,173,230,1410,2001.0,0.0,51038.0,-0.318071,0.116602,PER,URY,8942
844114,174,230,1410,2001.0,12442.0,0.0,0.153601,-0.174218,PHL,URY,8942
844115,178,230,1410,2001.0,2478.0,0.0,0.7188640000000001,1.101559,PRK,URY,8942
844116,180,230,1410,2001.0,0.0,17045.0,-0.7430220000000001,-0.8668540000000001,PRY,URY,8942
844117,216,230,1410,2001.0,250481.0,0.0,0.49264600000000003,1.493471,THA,URY,8942
844118,231,230,1410,2001.0,6108982.0,501948.0,1.96615,-0.12332699999999999,USA,URY,8942
844119,239,230,1410,2001.0,19576.0,0.0,-0.533978,0.503988,VNM,URY,8942
844120,249,230,1410,2001.0,327201.0,0.0,1.7270020000000001,1.252843,TWN,URY,8942
844121,250,230,1410,2001.0,21855.0,1756.0,0.947105,-0.529946,ANS,URY,8942
844122,7,248,1410,2001.0,5286.0,0.0,-0.217259,-0.613042,ARE,ZWE,8942
844123,14,248,1410,2001.0,0.0,13641.0,-0.12189000000000001,0.7281770000000001,AUS,ZWE,8942
844124,15,248,1410,2001.0,0.0,1031.0,1.8987740000000002,0.45922700000000005,AUT,ZWE,8942
844125,18,248,1410,2001.0,0.0,1700.0,1.425483,1.3072409999999999,BEL,ZWE,8942
844126,39,248,1410,2001.0,0.0,15200.0,0.8899729999999999,1.3778299999999999,CAN,ZWE,8942
844127,43,248,1410,2001.0,46370.0,0.0,0.535502,2.28778,CHN,ZWE,8942
844128,64,248,1410,2001.0,15413.0,0.0,1.356327,1.3288309999999999,DNK,ZWE,8942
844129,77,248,1410,2001.0,0.0,3298.0,1.6143809999999998,0.626221,FRA,ZWE,8942
844130,81,248,1410,2001.0,43477.0,8709.0,2.1068439999999997,0.658575,GBR,ZWE,8942
844131,97,248,1410,2001.0,77402.0,0.0,0.639538,1.5157610000000001,HKG,ZWE,8942
844132,111,248,1410,2001.0,5591.0,0.0,1.488545,0.8410610000000001,ITA,ZWE,8942
844133,121,248,1410,2001.0,2297.0,0.0,1.436204,0.917057,KOR,ZWE,8942
844134,162,248,1410,2001.0,21825.0,1397.0,1.299569,1.487015,NLD,ZWE,8942
844135,216,248,1410,2001.0,5200.0,0.0,0.49264600000000003,1.493471,THA,ZWE,8942
844136,231,248,1410,2001.0,27535.0,370665.0,1.96615,-0.12332699999999999,USA,ZWE,8942
844137,246,248,1410,2001.0,248691.0,0.0,0.249833,2.1142950000000003,ZAF,ZWE,8942
844138,249,248,1410,2001.0,1053.0,0.0,1.7270020000000001,1.252843,TWN,ZWE,8942
844139,39,13,1410,2001.0,31763.0,0.0,0.8899729999999999,1.3778299999999999,CAN,ATG,8942
844140,43,13,1410,2001.0,5964.0,0.0,0.535502,2.28778,CHN,ATG,8942
844141,81,13,1410,2001.0,68643.0,0.0,2.1068439999999997,0.658575,GBR,ATG,8942
844142,112,13,1410,2001.0,1891.0,0.0,-0.562839,-0.9381510000000001,JAM,ATG,8942
844143,222,13,1410,2001.0,17046.0,0.0,0.265201,-0.602807,TTO,ATG,8942
844144,231,13,1410,2001.0,187222.0,0.0,1.96615,-0.12332699999999999,USA,ATG,8942
844145,6,120,1410,2001.0,10276.0,0.0,-0.17823699999999998,-0.814499,ANT,KNA,8942
844146,39,120,1410,2001.0,10026.0,0.0,0.8899729999999999,1.3778299999999999,CAN,KNA,8942
844147,43,120,1410,2001.0,1233.0,0.0,0.535502,2.28778,CHN,KNA,8942
844148,49,120,1410,2001.0,103626.0,0.0,0.3378,0.479951,COL,KNA,8942
844149,77,120,1410,2001.0,9423.0,0.0,1.6143809999999998,0.626221,FRA,KNA,8942
844150,81,120,1410,2001.0,7015.0,0.0,2.1068439999999997,0.658575,GBR,KNA,8942
844151,91,120,1410,2001.0,1235.0,0.0,0.405462,-0.304177,GRD,KNA,8942
844152,169,120,1410,2001.0,9308.0,0.0,0.17863800000000002,0.440159,PAN,KNA,8942
844153,222,120,1410,2001.0,2878.0,0.0,0.265201,-0.602807,TTO,KNA,8942
844154,231,120,1410,2001.0,165599.0,0.0,1.96615,-0.12332699999999999,USA,KNA,8942
844155,236,120,1410,2001.0,83923.0,0.0,-0.013877,-0.8582690000000001,VEN,KNA,8942
844156,25,237,1410,2001.0,117821.0,0.0,0.37464899999999995,-0.130024,BHS,VGB,8942
844157,32,237,1410,2001.0,0.0,390132.0,0.658473,1.328637,BRA,VGB,8942
844158,61,237,1410,2001.0,6000.0,0.0,2.335872,-2.09875,DEU,VGB,8942
844159,81,237,1410,2001.0,4426.0,0.0,2.1068439999999997,0.658575,GBR,VGB,8942
844160,103,237,1410,2001.0,51131.0,0.0,0.039233,1.780659,IDN,VGB,8942
844161,111,237,1410,2001.0,2155.0,0.0,1.488545,0.8410610000000001,ITA,VGB,8942
844162,222,237,1410,2001.0,26292.0,0.0,0.265201,-0.602807,TTO,VGB,8942
844163,231,237,1410,2001.0,72141.0,0.0,1.96615,-0.12332699999999999,USA,VGB,8942
844164,249,237,1410,2001.0,74928.0,0.0,1.7270020000000001,1.252843,TWN,VGB,8942
844165,8,7,1410,2001.0,3384.0,0.0,0.11289,0.916845,ARG,ARE,8942
844166,9,7,1410,2001.0,0.0,564164.0,0.62364,0.172704,ARM,ARE,8942
844167,14,7,1410,2001.0,84177.0,0.0,-0.12189000000000001,0.7281770000000001,AUS,ARE,8942
844168,15,7,1410,2001.0,1013765.0,3210.0,1.8987740000000002,0.45922700000000005,AUT,ARE,8942
844169,16,7,1410,2001.0,0.0,791142.0,-0.613283,-0.949908,AZE,ARE,8942
844170,18,7,1410,2001.0,2475066.0,3352.0,1.425483,1.3072409999999999,BEL,ARE,8942
844171,21,7,1410,2001.0,0.0,5720.0,-0.24546199999999999,0.00141,BFA,ARE,8942
844172,22,7,1410,2001.0,0.0,722842.0,-0.799988,-1.061584,BGD,ARE,8942
844173,23,7,1410,2001.0,0.0,120784.0,0.46429799999999993,1.7500380000000002,BGR,ARE,8942
844174,24,7,1410,2001.0,45904.0,25620.0,-0.11648499999999999,-1.101653,BHR,ARE,8942
844175,34,7,1410,2001.0,0.0,17768.0,-0.38253899999999996,-0.904789,BRN,ARE,8942
844176,39,7,1410,2001.0,26017.0,6057.0,0.8899729999999999,1.3778299999999999,CAN,ARE,8942
844177,41,7,1410,2001.0,5866.0,206286.0,2.161588,0.8069890000000001,CHE,ARE,8942
844178,43,7,1410,2001.0,40367312.0,4959.0,0.535502,2.28778,CHN,ARE,8942
844179,44,7,1410,2001.0,0.0,29970.0,-0.731178,-0.5734739999999999,CIV,ARE,8942
844180,45,7,1410,2001.0,0.0,88514.0,-1.4692049999999999,-1.251498,CMR,ARE,8942
844181,58,7,1410,2001.0,0.0,23297.0,0.30700500000000003,0.258726,CYP,ARE,8942
844182,59,7,1410,2001.0,1287.0,0.0,1.56908,0.860384,CZE,ARE,8942
844183,61,7,1410,2001.0,1071994.0,16069.0,2.335872,-2.09875,DEU,ARE,8942
844184,64,7,1410,2001.0,324250.0,25720.0,1.356327,1.3288309999999999,DNK,ARE,8942
844185,66,7,1410,2001.0,0.0,174098.0,-0.9852559999999999,-1.245285,DZA,ARE,8942
844186,68,7,1410,2001.0,200122.0,216426.0,-0.346794,0.431229,EGY,ARE,8942
844187,71,7,1410,2001.0,3023497.0,5170.0,1.1380350000000001,1.7870139999999999,ESP,ARE,8942
844188,72,7,1410,2001.0,0.0,63820.0,0.53422,0.9372790000000001,EST,ARE,8942
844189,73,7,1410,2001.0,0.0,143353.0,-1.010637,-0.8893280000000001,ETH,ARE,8942
844190,77,7,1410,2001.0,1352788.0,5110.0,1.6143809999999998,0.626221,FRA,ARE,8942
844191,80,7,1410,2001.0,0.0,27744.0,-1.603078,-1.308825,GAB,ARE,8942
844192,81,7,1410,2001.0,4660080.0,3303018.0,2.1068439999999997,0.658575,GBR,ARE,8942
844193,82,7,1410,2001.0,0.0,26480.0,0.063126,-0.285493,GEO,ARE,8942
844194,83,7,1410,2001.0,0.0,92177.0,-0.7818689999999999,-0.645878,GHA,ARE,8942
844195,87,7,1410,2001.0,0.0,10758.0,0.161174,-0.019187,GMB,ARE,8942
844196,90,7,1410,2001.0,1289973.0,0.0,0.338607,1.506593,GRC,ARE,8942
844197,97,7,1410,2001.0,23943714.0,1891892.0,0.639538,1.5157610000000001,HKG,ARE,8942
844198,100,7,1410,2001.0,0.0,13918.0,0.6315729999999999,1.169338,HRV,ARE,8942
844199,102,7,1410,2001.0,101297.0,0.0,1.069245,1.2217069999999999,HUN,ARE,8942
844200,103,7,1410,2001.0,147197.0,0.0,0.039233,1.780659,IDN,ARE,8942
844201,104,7,1410,2001.0,996229.0,361137.0,0.382444,2.538934,IND,ARE,8942
844202,106,7,1410,2001.0,114199.0,0.0,1.751955,0.210628,IRL,ARE,8942
844203,107,7,1410,2001.0,91249.0,190341.0,-0.973691,-1.05654,IRN,ARE,8942
844204,111,7,1410,2001.0,2347798.0,4309.0,1.488545,0.8410610000000001,ITA,ARE,8942
844205,113,7,1410,2001.0,54410.0,5415.0,0.5404760000000001,0.8497170000000001,JOR,ARE,8942
844206,114,7,1410,2001.0,3315886.0,7764.0,2.674032,0.445636,JPN,ARE,8942
844207,115,7,1410,2001.0,0.0,67262.0,-0.05773,-0.44668500000000005,KAZ,ARE,8942
844208,116,7,1410,2001.0,0.0,280144.0,-0.533651,0.072611,KEN,ARE,8942
844209,117,7,1410,2001.0,0.0,71078.0,0.125827,0.431141,KGZ,ARE,8942
844210,121,7,1410,2001.0,2336154.0,6406.0,1.436204,0.917057,KOR,ARE,8942
844211,122,7,1410,2001.0,32614.0,0.0,-0.695801,-1.225701,KWT,ARE,8942
844212,124,7,1410,2001.0,130458.0,35935.0,0.09267,0.97731,LBN,ARE,8942
844213,128,7,1410,2001.0,263002.0,172840.0,-0.43381000000000003,0.057630999999999995,LKA,ARE,8942
844214,131,7,1410,2001.0,55751.0,0.0,1.326753,1.2069530000000002,LUX,ARE,8942
844215,132,7,1410,2001.0,0.0,184594.0,0.31652600000000003,0.523927,LVA,ARE,8942
844216,134,7,1410,2001.0,1476.0,200626.0,-0.616006,-0.340127,MAR,ARE,8942
844217,135,7,1410,2001.0,0.0,10721.0,0.12110699999999999,0.159706,MDA,ARE,8942
844218,136,7,1410,2001.0,0.0,8757.0,-1.0624850000000001,-0.695873,MDG,ARE,8942
844219,137,7,1410,2001.0,0.0,98669.0,-0.957807,-1.0006030000000001,MDV,ARE,8942
844220,138,7,1410,2001.0,478022.0,69372.0,1.088661,0.680197,MEX,ARE,8942
844221,140,7,1410,2001.0,0.0,41543.0,0.085844,0.413947,MKD,ARE,8942
844222,141,7,1410,2001.0,0.0,234149.0,-0.176802,-0.408531,MLI,ARE,8942
844223,142,7,1410,2001.0,189512.0,10648.0,1.048708,-0.04453,MLT,ARE,8942
844224,148,7,1410,2001.0,0.0,59344.0,-1.112149,-1.292716,MRT,ARE,8942
844225,152,7,1410,2001.0,0.0,19989.0,-1.109888,-1.00393,MWI,ARE,8942
844226,153,7,1410,2001.0,479750.0,25364.0,0.894191,0.310677,MYS,ARE,8942
844227,154,7,1410,2001.0,0.0,8997.0,1.9170209999999999,0.08771799999999999,MYT,ARE,8942
844228,159,7,1410,2001.0,0.0,1064505.0,-1.9085759999999998,-1.335279,NGA,ARE,8942
844229,162,7,1410,2001.0,1714456.0,100266.0,1.299569,1.487015,NLD,ARE,8942
844230,163,7,1410,2001.0,202999.0,7120.0,0.542366,-0.180336,NOR,ARE,8942
844231,166,7,1410,2001.0,55314.0,0.0,0.220307,0.689625,NZL,ARE,8942
844232,167,7,1410,2001.0,56717.0,10234690.0,-1.4727729999999999,-1.329588,OMN,ARE,8942
844233,174,7,1410,2001.0,699239.0,0.0,0.153601,-0.174218,PHL,ARE,8942
844234,183,7,1410,2001.0,0.0,37288.0,-0.282283,-1.136895,QAT,ARE,8942
844235,185,7,1410,2001.0,0.0,36327.0,0.465168,1.1029129999999998,ROU,ARE,8942
844236,186,7,1410,2001.0,54681.0,64506.0,0.546271,0.195872,RUS,ARE,8942
844237,187,7,1410,2001.0,0.0,20156.0,-1.043415,-0.9686870000000001,RWA,ARE,8942
844238,188,7,1410,2001.0,954805.0,0.0,0.078887,-0.9764430000000001,SAU,ARE,8942
844239,190,7,1410,2001.0,0.0,725836.0,-1.7142950000000001,-1.341016,SDN,ARE,8942
844240,191,7,1410,2001.0,0.0,59926.0,-0.570156,-0.560573,SEN,ARE,8942
844241,192,7,1410,2001.0,1600317.0,0.0,1.587064,0.639626,SGP,ARE,8942
844242,206,7,1410,2001.0,33049.0,0.0,1.310591,1.195523,SVK,ARE,8942
844243,208,7,1410,2001.0,187314.0,30746.0,2.01685,0.8233159999999999,SWE,ARE,8942
844244,211,7,1410,2001.0,0.0,23000.0,-0.40370700000000004,-0.9052620000000001,SYC,ARE,8942
844245,216,7,1410,2001.0,2103591.0,0.0,0.49264600000000003,1.493471,THA,ARE,8942
844246,223,7,1410,2001.0,1869.0,4920.0,0.054524,0.26892699999999997,TUN,ARE,8942
844247,224,7,1410,2001.0,79618.0,0.0,0.168219,1.989011,TUR,ARE,8942
844248,226,7,1410,2001.0,0.0,99917.0,-1.227071,-0.489829,TZA,ARE,8942
844249,227,7,1410,2001.0,0.0,112514.0,-1.1823700000000001,-0.7738619999999999,UGA,ARE,8942
844250,231,7,1410,2001.0,8220288.0,18444.0,1.96615,-0.12332699999999999,USA,ARE,8942
844251,239,7,1410,2001.0,4314.0,0.0,-0.533978,0.503988,VNM,ARE,8942
844252,246,7,1410,2001.0,73078.0,100130.0,0.249833,2.1142950000000003,ZAF,ARE,8942
844253,247,7,1410,2001.0,0.0,58349.0,-0.8878799999999999,-0.735268,ZMB,ARE,8942
844254,248,7,1410,2001.0,0.0,5286.0,-0.663155,-0.212796,ZWE,ARE,8942
844255,249,7,1410,2001.0,4934478.0,0.0,1.7270020000000001,1.252843,TWN,ARE,8942
844256,7,58,1410,2001.0,23297.0,0.0,-0.217259,-0.613042,ARE,CYP,8942
844257,9,58,1410,2001.0,0.0,4494.0,0.62364,0.172704,ARM,CYP,8942
844258,14,58,1410,2001.0,5941.0,0.0,-0.12189000000000001,0.7281770000000001,AUS,CYP,8942
844259,15,58,1410,2001.0,2222237.0,0.0,1.8987740000000002,0.45922700000000005,AUT,CYP,8942
844260,18,58,1410,2001.0,180501.0,0.0,1.425483,1.3072409999999999,BEL,CYP,8942
844261,23,58,1410,2001.0,1382.0,13315.0,0.46429799999999993,1.7500380000000002,BGR,CYP,8942
844262,24,58,1410,2001.0,0.0,8150.0,-0.11648499999999999,-1.101653,BHR,CYP,8942
844263,39,58,1410,2001.0,27293.0,0.0,0.8899729999999999,1.3778299999999999,CAN,CYP,8942
844264,41,58,1410,2001.0,73057.0,0.0,2.161588,0.8069890000000001,CHE,CYP,8942
844265,43,58,1410,2001.0,2119977.0,0.0,0.535502,2.28778,CHN,CYP,8942
844266,59,58,1410,2001.0,31114.0,29802.0,1.56908,0.860384,CZE,CYP,8942
844267,61,58,1410,2001.0,427536.0,0.0,2.335872,-2.09875,DEU,CYP,8942
844268,64,58,1410,2001.0,96687.0,0.0,1.356327,1.3288309999999999,DNK,CYP,8942
844269,68,58,1410,2001.0,6044.0,1680.0,-0.346794,0.431229,EGY,CYP,8942
844270,71,58,1410,2001.0,637383.0,0.0,1.1380350000000001,1.7870139999999999,ESP,CYP,8942
844271,74,58,1410,2001.0,8599.0,0.0,1.9661669999999998,1.000436,FIN,CYP,8942
844272,77,58,1410,2001.0,680331.0,14499.0,1.6143809999999998,0.626221,FRA,CYP,8942
844273,81,58,1410,2001.0,4227346.0,35648.0,2.1068439999999997,0.658575,GBR,CYP,8942
844274,83,58,1410,2001.0,0.0,3069.0,-0.7818689999999999,-0.645878,GHA,CYP,8942
844275,90,58,1410,2001.0,14265295.0,818943.0,0.338607,1.506593,GRC,CYP,8942
844276,97,58,1410,2001.0,3142854.0,27069.0,0.639538,1.5157610000000001,HKG,CYP,8942
844277,102,58,1410,2001.0,93986.0,0.0,1.069245,1.2217069999999999,HUN,CYP,8942
844278,103,58,1410,2001.0,46520.0,0.0,0.039233,1.780659,IDN,CYP,8942
844279,104,58,1410,2001.0,31680.0,0.0,0.382444,2.538934,IND,CYP,8942
844280,106,58,1410,2001.0,45961.0,2223.0,1.751955,0.210628,IRL,CYP,8942
844281,110,58,1410,2001.0,135630.0,30898.0,1.17675,0.900401,ISR,CYP,8942
844282,111,58,1410,2001.0,1111131.0,11882.0,1.488545,0.8410610000000001,ITA,CYP,8942
844283,113,58,1410,2001.0,30942.0,32929.0,0.5404760000000001,0.8497170000000001,JOR,CYP,8942
844284,114,58,1410,2001.0,497761.0,0.0,2.674032,0.445636,JPN,CYP,8942
844285,115,58,1410,2001.0,0.0,131245.0,-0.05773,-0.44668500000000005,KAZ,CYP,8942
844286,121,58,1410,2001.0,100879.0,13584.0,1.436204,0.917057,KOR,CYP,8942
844287,124,58,1410,2001.0,0.0,24796.0,0.09267,0.97731,LBN,CYP,8942
844288,128,58,1410,2001.0,12166.0,0.0,-0.43381000000000003,0.057630999999999995,LKA,CYP,8942
844289,131,58,1410,2001.0,6107.0,0.0,1.326753,1.2069530000000002,LUX,CYP,8942
844290,138,58,1410,2001.0,20250.0,0.0,1.088661,0.680197,MEX,CYP,8942
844291,142,58,1410,2001.0,10571.0,6922.0,1.048708,-0.04453,MLT,CYP,8942
844292,153,58,1410,2001.0,8427.0,0.0,0.894191,0.310677,MYS,CYP,8942
844293,162,58,1410,2001.0,450551.0,0.0,1.299569,1.487015,NLD,CYP,8942
844294,163,58,1410,2001.0,1572.0,0.0,0.542366,-0.180336,NOR,CYP,8942
844295,168,58,1410,2001.0,5916.0,0.0,-0.741053,-0.41444,PAK,CYP,8942
844296,174,58,1410,2001.0,45026.0,0.0,0.153601,-0.174218,PHL,CYP,8942
844297,177,58,1410,2001.0,34887.0,0.0,0.983238,1.7436209999999999,POL,CYP,8942
844298,179,58,1410,2001.0,3160.0,0.0,0.688736,1.326716,PRT,CYP,8942
844299,185,58,1410,2001.0,5997.0,0.0,0.465168,1.1029129999999998,ROU,CYP,8942
844300,186,58,1410,2001.0,11176.0,5873.0,0.546271,0.195872,RUS,CYP,8942
844301,188,58,1410,2001.0,7588.0,5785.0,0.078887,-0.9764430000000001,SAU,CYP,8942
844302,189,58,1410,2001.0,0.0,2599.0,0.38765,2.769588,SCG,CYP,8942
844303,192,58,1410,2001.0,53171.0,0.0,1.587064,0.639626,SGP,CYP,8942
844304,207,58,1410,2001.0,42762.0,0.0,1.488089,1.0928360000000001,SVN,CYP,8942
844305,208,58,1410,2001.0,6359.0,0.0,2.01685,0.8233159999999999,SWE,CYP,8942
844306,212,58,1410,2001.0,3547.0,0.0,-1.138774,-0.839648,SYR,CYP,8942
844307,216,58,1410,2001.0,103882.0,0.0,0.49264600000000003,1.493471,THA,CYP,8942
844308,222,58,1410,2001.0,2042.0,0.0,0.265201,-0.602807,TTO,CYP,8942
844309,224,58,1410,2001.0,190401.0,0.0,0.168219,1.989011,TUR,CYP,8942
844310,226,58,1410,2001.0,0.0,2130.0,-1.227071,-0.489829,TZA,CYP,8942
844311,228,58,1410,2001.0,0.0,5851.0,0.642888,1.267971,UKR,CYP,8942
844312,231,58,1410,2001.0,729144.0,3231.0,1.96615,-0.12332699999999999,USA,CYP,8942
844313,232,58,1410,2001.0,0.0,2855.0,-0.395015,-0.7717649999999999,UZB,CYP,8942
844314,236,58,1410,2001.0,0.0,10354.0,-0.013877,-0.8582690000000001,VEN,CYP,8942
844315,239,58,1410,2001.0,47452.0,0.0,-0.533978,0.503988,VNM,CYP,8942
844316,249,58,1410,2001.0,423676.0,0.0,1.7270020000000001,1.252843,TWN,CYP,8942
844317,7,66,1410,2001.0,174098.0,0.0,-0.217259,-0.613042,ARE,DZA,8942
844318,18,66,1410,2001.0,47094.0,0.0,1.425483,1.3072409999999999,BEL,DZA,8942
844319,39,66,1410,2001.0,10400.0,0.0,0.8899729999999999,1.3778299999999999,CAN,DZA,8942
844320,41,66,1410,2001.0,3462.0,0.0,2.161588,0.8069890000000001,CHE,DZA,8942
844321,43,66,1410,2001.0,791756.0,0.0,0.535502,2.28778,CHN,DZA,8942
844322,61,66,1410,2001.0,3517.0,0.0,2.335872,-2.09875,DEU,DZA,8942
844323,71,66,1410,2001.0,1752074.0,0.0,1.1380350000000001,1.7870139999999999,ESP,DZA,8942
844324,77,66,1410,2001.0,853044.0,1596.0,1.6143809999999998,0.626221,FRA,DZA,8942
844325,81,66,1410,2001.0,118762.0,0.0,2.1068439999999997,0.658575,GBR,DZA,8942
844326,90,66,1410,2001.0,362182.0,0.0,0.338607,1.506593,GRC,DZA,8942
844327,97,66,1410,2001.0,102138.0,0.0,0.639538,1.5157610000000001,HKG,DZA,8942
844328,111,66,1410,2001.0,201125.0,0.0,1.488545,0.8410610000000001,ITA,DZA,8942
844329,113,66,1410,2001.0,5475.0,0.0,0.5404760000000001,0.8497170000000001,JOR,DZA,8942
844330,114,66,1410,2001.0,14064.0,0.0,2.674032,0.445636,JPN,DZA,8942
844331,124,66,1410,2001.0,3674.0,0.0,0.09267,0.97731,LBN,DZA,8942
844332,134,66,1410,2001.0,3051.0,0.0,-0.616006,-0.340127,MAR,DZA,8942
844333,162,66,1410,2001.0,7566.0,0.0,1.299569,1.487015,NLD,DZA,8942
844334,212,66,1410,2001.0,1819.0,0.0,-1.138774,-0.839648,SYR,DZA,8942
844335,216,66,1410,2001.0,27813.0,0.0,0.49264600000000003,1.493471,THA,DZA,8942
844336,224,66,1410,2001.0,28986.0,0.0,0.168219,1.989011,TUR,DZA,8942
844337,231,66,1410,2001.0,49721.0,0.0,1.96615,-0.12332699999999999,USA,DZA,8942
844338,249,66,1410,2001.0,22017.0,0.0,1.7270020000000001,1.252843,TWN,DZA,8942
844339,4,100,1410,2001.0,0.0,22083.0,-0.137138,0.120093,ALB,HRV,8942
844340,7,100,1410,2001.0,13918.0,0.0,-0.217259,-0.613042,ARE,HRV,8942
844341,14,100,1410,2001.0,20136.0,2025.0,-0.12189000000000001,0.7281770000000001,AUS,HRV,8942
844342,15,100,1410,2001.0,1531920.0,54115.0,1.8987740000000002,0.45922700000000005,AUT,HRV,8942
844343,18,100,1410,2001.0,1027782.0,8999.0,1.425483,1.3072409999999999,BEL,HRV,8942
844344,26,100,1410,2001.0,93270.0,464295.0,0.263644,0.44197,BIH,HRV,8942
844345,30,100,1410,2001.0,4101.0,0.0,1.070437,-0.50948,BMU,HRV,8942
844346,39,100,1410,2001.0,32752.0,0.0,0.8899729999999999,1.3778299999999999,CAN,HRV,8942
844347,41,100,1410,2001.0,132367.0,29420.0,2.161588,0.8069890000000001,CHE,HRV,8942
844348,43,100,1410,2001.0,2740235.0,0.0,0.535502,2.28778,CHN,HRV,8942
844349,59,100,1410,2001.0,53454.0,73924.0,1.56908,0.860384,CZE,HRV,8942
844350,61,100,1410,2001.0,2025704.0,36365.0,2.335872,-2.09875,DEU,HRV,8942
844351,64,100,1410,2001.0,279171.0,0.0,1.356327,1.3288309999999999,DNK,HRV,8942
844352,71,100,1410,2001.0,266833.0,1550.0,1.1380350000000001,1.7870139999999999,ESP,HRV,8942
844353,74,100,1410,2001.0,31180.0,0.0,1.9661669999999998,1.000436,FIN,HRV,8942
844354,77,100,1410,2001.0,917698.0,6746.0,1.6143809999999998,0.626221,FRA,HRV,8942
844355,81,100,1410,2001.0,323483.0,0.0,2.1068439999999997,0.658575,GBR,HRV,8942
844356,90,100,1410,2001.0,8616.0,0.0,0.338607,1.506593,GRC,HRV,8942
844357,97,100,1410,2001.0,1947292.0,0.0,0.639538,1.5157610000000001,HKG,HRV,8942
844358,102,100,1410,2001.0,205976.0,0.0,1.069245,1.2217069999999999,HUN,HRV,8942
844359,103,100,1410,2001.0,11080.0,0.0,0.039233,1.780659,IDN,HRV,8942
844360,104,100,1410,2001.0,1717.0,0.0,0.382444,2.538934,IND,HRV,8942
844361,106,100,1410,2001.0,182293.0,0.0,1.751955,0.210628,IRL,HRV,8942
844362,111,100,1410,2001.0,8607849.0,1543340.0,1.488545,0.8410610000000001,ITA,HRV,8942
844363,114,100,1410,2001.0,211772.0,0.0,2.674032,0.445636,JPN,HRV,8942
844364,121,100,1410,2001.0,13302.0,0.0,1.436204,0.917057,KOR,HRV,8942
844365,128,100,1410,2001.0,14696.0,0.0,-0.43381000000000003,0.057630999999999995,LKA,HRV,8942
844366,131,100,1410,2001.0,1490.0,0.0,1.326753,1.2069530000000002,LUX,HRV,8942
844367,140,100,1410,2001.0,25933.0,82707.0,0.085844,0.413947,MKD,HRV,8942
844368,153,100,1410,2001.0,7050.0,0.0,0.894191,0.310677,MYS,HRV,8942
844369,162,100,1410,2001.0,731536.0,62541.0,1.299569,1.487015,NLD,HRV,8942
844370,163,100,1410,2001.0,0.0,3960.0,0.542366,-0.180336,NOR,HRV,8942
844371,168,100,1410,2001.0,71614.0,0.0,-0.741053,-0.41444,PAK,HRV,8942
844372,174,100,1410,2001.0,24822.0,0.0,0.153601,-0.174218,PHL,HRV,8942
844373,177,100,1410,2001.0,113367.0,32531.0,0.983238,1.7436209999999999,POL,HRV,8942
844374,185,100,1410,2001.0,16128.0,0.0,0.465168,1.1029129999999998,ROU,HRV,8942
844375,186,100,1410,2001.0,0.0,45335.0,0.546271,0.195872,RUS,HRV,8942
844376,189,100,1410,2001.0,0.0,80594.0,0.38765,2.769588,SCG,HRV,8942
844377,206,100,1410,2001.0,48961.0,32128.0,1.310591,1.195523,SVK,HRV,8942
844378,207,100,1410,2001.0,723079.0,184111.0,1.488089,1.0928360000000001,SVN,HRV,8942
844379,208,100,1410,2001.0,10898.0,0.0,2.01685,0.8233159999999999,SWE,HRV,8942
844380,216,100,1410,2001.0,57114.0,0.0,0.49264600000000003,1.493471,THA,HRV,8942
844381,224,100,1410,2001.0,198674.0,0.0,0.168219,1.989011,TUR,HRV,8942
844382,231,100,1410,2001.0,320232.0,6177.0,1.96615,-0.12332699999999999,USA,HRV,8942
844383,249,100,1410,2001.0,132172.0,0.0,1.7270020000000001,1.252843,TWN,HRV,8942
844384,7,122,1410,2001.0,0.0,32614.0,-0.217259,-0.613042,ARE,KWT,8942
844385,15,122,1410,2001.0,33374.0,0.0,1.8987740000000002,0.45922700000000005,AUT,KWT,8942
844386,18,122,1410,2001.0,72795.0,0.0,1.425483,1.3072409999999999,BEL,KWT,8942
844387,39,122,1410,2001.0,37686.0,0.0,0.8899729999999999,1.3778299999999999,CAN,KWT,8942
844388,43,122,1410,2001.0,1901190.0,0.0,0.535502,2.28778,CHN,KWT,8942
844389,59,122,1410,2001.0,21135.0,0.0,1.56908,0.860384,CZE,KWT,8942
844390,61,122,1410,2001.0,272486.0,0.0,2.335872,-2.09875,DEU,KWT,8942
844391,64,122,1410,2001.0,10737.0,0.0,1.356327,1.3288309999999999,DNK,KWT,8942
844392,68,122,1410,2001.0,18340.0,20911.0,-0.346794,0.431229,EGY,KWT,8942
844393,71,122,1410,2001.0,192610.0,0.0,1.1380350000000001,1.7870139999999999,ESP,KWT,8942
844394,77,122,1410,2001.0,191881.0,0.0,1.6143809999999998,0.626221,FRA,KWT,8942
844395,81,122,1410,2001.0,800605.0,89410.0,2.1068439999999997,0.658575,GBR,KWT,8942
844396,90,122,1410,2001.0,8570.0,0.0,0.338607,1.506593,GRC,KWT,8942
844397,97,122,1410,2001.0,3270302.0,21972.0,0.639538,1.5157610000000001,HKG,KWT,8942
844398,103,122,1410,2001.0,52474.0,0.0,0.039233,1.780659,IDN,KWT,8942
844399,104,122,1410,2001.0,118764.0,0.0,0.382444,2.538934,IND,KWT,8942
844400,106,122,1410,2001.0,2886.0,0.0,1.751955,0.210628,IRL,KWT,8942
844401,107,122,1410,2001.0,17213.0,0.0,-0.973691,-1.05654,IRN,KWT,8942
844402,111,122,1410,2001.0,709243.0,0.0,1.488545,0.8410610000000001,ITA,KWT,8942
844403,113,122,1410,2001.0,9356.0,0.0,0.5404760000000001,0.8497170000000001,JOR,KWT,8942
844404,114,122,1410,2001.0,267227.0,0.0,2.674032,0.445636,JPN,KWT,8942
844405,121,122,1410,2001.0,258885.0,0.0,1.436204,0.917057,KOR,KWT,8942
844406,124,122,1410,2001.0,13933.0,29620.0,0.09267,0.97731,LBN,KWT,8942
844407,128,122,1410,2001.0,0.0,3926.0,-0.43381000000000003,0.057630999999999995,LKA,KWT,8942
844408,131,122,1410,2001.0,23302.0,0.0,1.326753,1.2069530000000002,LUX,KWT,8942
844409,138,122,1410,2001.0,5780.0,1437.0,1.088661,0.680197,MEX,KWT,8942
844410,153,122,1410,2001.0,91228.0,0.0,0.894191,0.310677,MYS,KWT,8942
844411,159,122,1410,2001.0,0.0,1180.0,-1.9085759999999998,-1.335279,NGA,KWT,8942
844412,162,122,1410,2001.0,152506.0,0.0,1.299569,1.487015,NLD,KWT,8942
844413,166,122,1410,2001.0,1452.0,5366.0,0.220307,0.689625,NZL,KWT,8942
844414,167,122,1410,2001.0,0.0,14002.0,-1.4727729999999999,-1.329588,OMN,KWT,8942
844415,168,122,1410,2001.0,7913.0,0.0,-0.741053,-0.41444,PAK,KWT,8942
844416,174,122,1410,2001.0,61504.0,0.0,0.153601,-0.174218,PHL,KWT,8942
844417,183,122,1410,2001.0,0.0,13819.0,-0.282283,-1.136895,QAT,KWT,8942
844418,188,122,1410,2001.0,73427.0,15339.0,0.078887,-0.9764430000000001,SAU,KWT,8942
844419,192,122,1410,2001.0,25722.0,0.0,1.587064,0.639626,SGP,KWT,8942
844420,208,122,1410,2001.0,63860.0,0.0,2.01685,0.8233159999999999,SWE,KWT,8942
844421,212,122,1410,2001.0,9549.0,0.0,-1.138774,-0.839648,SYR,KWT,8942
844422,216,122,1410,2001.0,292567.0,0.0,0.49264600000000003,1.493471,THA,KWT,8942
844423,224,122,1410,2001.0,30903.0,0.0,0.168219,1.989011,TUR,KWT,8942
844424,231,122,1410,2001.0,2262742.0,0.0,1.96615,-0.12332699999999999,USA,KWT,8942
844425,239,122,1410,2001.0,3697.0,0.0,-0.533978,0.503988,VNM,KWT,8942
844426,249,122,1410,2001.0,1044981.0,0.0,1.7270020000000001,1.252843,TWN,KWT,8942
844427,4,140,1410,2001.0,0.0,1054.0,-0.137138,0.120093,ALB,MKD,8942
844428,7,140,1410,2001.0,41543.0,0.0,-0.217259,-0.613042,ARE,MKD,8942
844429,15,140,1410,2001.0,7657.0,0.0,1.8987740000000002,0.45922700000000005,AUT,MKD,8942
844430,18,140,1410,2001.0,1380.0,0.0,1.425483,1.3072409999999999,BEL,MKD,8942
844431,23,140,1410,2001.0,146647.0,21156.0,0.46429799999999993,1.7500380000000002,BGR,MKD,8942
844432,33,140,1410,2001.0,0.0,1190.0,0.418462,-0.020000999999999998,BRB,MKD,8942
844433,41,140,1410,2001.0,4224.0,0.0,2.161588,0.8069890000000001,CHE,MKD,8942
844434,43,140,1410,2001.0,130632.0,0.0,0.535502,2.28778,CHN,MKD,8942
844435,59,140,1410,2001.0,22372.0,0.0,1.56908,0.860384,CZE,MKD,8942
844436,61,140,1410,2001.0,274833.0,3900.0,2.335872,-2.09875,DEU,MKD,8942
844437,64,140,1410,2001.0,7626.0,0.0,1.356327,1.3288309999999999,DNK,MKD,8942
844438,71,140,1410,2001.0,9099.0,0.0,1.1380350000000001,1.7870139999999999,ESP,MKD,8942
844439,77,140,1410,2001.0,339680.0,0.0,1.6143809999999998,0.626221,FRA,MKD,8942
844440,81,140,1410,2001.0,11418.0,0.0,2.1068439999999997,0.658575,GBR,MKD,8942
844441,90,140,1410,2001.0,675807.0,1428.0,0.338607,1.506593,GRC,MKD,8942
844442,97,140,1410,2001.0,55249.0,0.0,0.639538,1.5157610000000001,HKG,MKD,8942
844443,100,140,1410,2001.0,82707.0,25933.0,0.6315729999999999,1.169338,HRV,MKD,8942
844444,102,140,1410,2001.0,10145.0,0.0,1.069245,1.2217069999999999,HUN,MKD,8942
844445,103,140,1410,2001.0,4433.0,0.0,0.039233,1.780659,IDN,MKD,8942
844446,111,140,1410,2001.0,193565.0,0.0,1.488545,0.8410610000000001,ITA,MKD,8942
844447,162,140,1410,2001.0,215890.0,5493.0,1.299569,1.487015,NLD,MKD,8942
844448,163,140,1410,2001.0,8069.0,0.0,0.542366,-0.180336,NOR,MKD,8942
844449,189,140,1410,2001.0,67241.0,153235.0,0.38765,2.769588,SCG,MKD,8942
844450,207,140,1410,2001.0,129897.0,0.0,1.488089,1.0928360000000001,SVN,MKD,8942
844451,216,140,1410,2001.0,1698.0,0.0,0.49264600000000003,1.493471,THA,MKD,8942
844452,224,140,1410,2001.0,570723.0,0.0,0.168219,1.989011,TUR,MKD,8942
844453,231,140,1410,2001.0,134886.0,0.0,1.96615,-0.12332699999999999,USA,MKD,8942
844454,239,140,1410,2001.0,1832.0,0.0,-0.533978,0.503988,VNM,MKD,8942
844455,249,140,1410,2001.0,10122.0,0.0,1.7270020000000001,1.252843,TWN,MKD,8942
844456,14,178,1410,2001.0,0.0,73802.0,-0.12189000000000001,0.7281770000000001,AUS,PRK,8942
844457,19,178,1410,2001.0,0.0,1249.0,-0.9032530000000001,-0.8979590000000001,BEN,PRK,8942
844458,23,178,1410,2001.0,0.0,4420.0,0.46429799999999993,1.7500380000000002,BGR,PRK,8942
844459,43,178,1410,2001.0,45473.0,1400.0,0.535502,2.28778,CHN,PRK,8942
844460,52,178,1410,2001.0,0.0,1372.0,0.07408200000000001,0.126368,CRI,PRK,8942
844461,59,178,1410,2001.0,0.0,38278.0,1.56908,0.860384,CZE,PRK,8942
844462,61,178,1410,2001.0,233000.0,3206.0,2.335872,-2.09875,DEU,PRK,8942
844463,64,178,1410,2001.0,13526.0,11272.0,1.356327,1.3288309999999999,DNK,PRK,8942
844464,71,178,1410,2001.0,4756.0,5619.0,1.1380350000000001,1.7870139999999999,ESP,PRK,8942
844465,77,178,1410,2001.0,8975.0,74677.0,1.6143809999999998,0.626221,FRA,PRK,8942
844466,97,178,1410,2001.0,493914.0,81894.0,0.639538,1.5157610000000001,HKG,PRK,8942
844467,104,178,1410,2001.0,4670.0,0.0,0.382444,2.538934,IND,PRK,8942
844468,106,178,1410,2001.0,0.0,37300.0,1.751955,0.210628,IRL,PRK,8942
844469,111,178,1410,2001.0,6301.0,31534.0,1.488545,0.8410610000000001,ITA,PRK,8942
844470,114,178,1410,2001.0,1500.0,1931.0,2.674032,0.445636,JPN,PRK,8942
844471,124,178,1410,2001.0,0.0,84265.0,0.09267,0.97731,LBN,PRK,8942
844472,130,178,1410,2001.0,0.0,17707.0,0.21069699999999997,0.720384,LTU,PRK,8942
844473,138,178,1410,2001.0,0.0,95534.0,1.088661,0.680197,MEX,PRK,8942
844474,173,178,1410,2001.0,0.0,3236.0,-0.318071,0.116602,PER,PRK,8942
844475,180,178,1410,2001.0,0.0,4878.0,-0.7430220000000001,-0.8668540000000001,PRY,PRK,8942
844476,185,178,1410,2001.0,0.0,2462.0,0.465168,1.1029129999999998,ROU,PRK,8942
844477,186,178,1410,2001.0,0.0,66953.0,0.546271,0.195872,RUS,PRK,8942
844478,216,178,1410,2001.0,169024.0,0.0,0.49264600000000003,1.493471,THA,PRK,8942
844479,230,178,1410,2001.0,0.0,2478.0,0.192313,0.401841,URY,PRK,8942
844480,5,207,1410,2001.0,0.0,1005.0,0.874555,0.75456,AND,SVN,8942
844481,8,207,1410,2001.0,0.0,80631.0,0.11289,0.916845,ARG,SVN,8942
844482,14,207,1410,2001.0,4402.0,22750.0,-0.12189000000000001,0.7281770000000001,AUS,SVN,8942
844483,15,207,1410,2001.0,3615497.0,1863364.0,1.8987740000000002,0.45922700000000005,AUT,SVN,8942
844484,18,207,1410,2001.0,164062.0,304711.0,1.425483,1.3072409999999999,BEL,SVN,8942
844485,23,207,1410,2001.0,3602.0,60755.0,0.46429799999999993,1.7500380000000002,BGR,SVN,8942
844486,26,207,1410,2001.0,2753.0,205894.0,0.263644,0.44197,BIH,SVN,8942
844487,39,207,1410,2001.0,25794.0,401313.0,0.8899729999999999,1.3778299999999999,CAN,SVN,8942
844488,41,207,1410,2001.0,458109.0,89175.0,2.161588,0.8069890000000001,CHE,SVN,8942
844489,43,207,1410,2001.0,1719324.0,0.0,0.535502,2.28778,CHN,SVN,8942
844490,58,207,1410,2001.0,0.0,42762.0,0.30700500000000003,0.258726,CYP,SVN,8942
844491,59,207,1410,2001.0,123647.0,529912.0,1.56908,0.860384,CZE,SVN,8942
844492,61,207,1410,2001.0,3303749.0,3365302.0,2.335872,-2.09875,DEU,SVN,8942
844493,64,207,1410,2001.0,606482.0,148866.0,1.356327,1.3288309999999999,DNK,SVN,8942
844494,71,207,1410,2001.0,1125010.0,788542.0,1.1380350000000001,1.7870139999999999,ESP,SVN,8942
844495,72,207,1410,2001.0,0.0,2600.0,0.53422,0.9372790000000001,EST,SVN,8942
844496,74,207,1410,2001.0,26367.0,227039.0,1.9661669999999998,1.000436,FIN,SVN,8942
844497,77,207,1410,2001.0,1254125.0,2742216.0,1.6143809999999998,0.626221,FRA,SVN,8942
844498,81,207,1410,2001.0,924174.0,1751336.0,2.1068439999999997,0.658575,GBR,SVN,8942
844499,90,207,1410,2001.0,12966.0,134591.0,0.338607,1.506593,GRC,SVN,8942
844500,97,207,1410,2001.0,988302.0,0.0,0.639538,1.5157610000000001,HKG,SVN,8942
844501,100,207,1410,2001.0,184111.0,723079.0,0.6315729999999999,1.169338,HRV,SVN,8942
844502,102,207,1410,2001.0,79836.0,3033587.0,1.069245,1.2217069999999999,HUN,SVN,8942
844503,103,207,1410,2001.0,34993.0,0.0,0.039233,1.780659,IDN,SVN,8942
844504,104,207,1410,2001.0,17229.0,0.0,0.382444,2.538934,IND,SVN,8942
844505,106,207,1410,2001.0,120835.0,127779.0,1.751955,0.210628,IRL,SVN,8942
844506,109,207,1410,2001.0,3067.0,0.0,0.049756,-0.496962,ISL,SVN,8942
844507,110,207,1410,2001.0,19493.0,0.0,1.17675,0.900401,ISR,SVN,8942
844508,111,207,1410,2001.0,5890114.0,1762572.0,1.488545,0.8410610000000001,ITA,SVN,8942
844509,114,207,1410,2001.0,133464.0,0.0,2.674032,0.445636,JPN,SVN,8942
844510,115,207,1410,2001.0,0.0,37374.0,-0.05773,-0.44668500000000005,KAZ,SVN,8942
844511,121,207,1410,2001.0,36611.0,0.0,1.436204,0.917057,KOR,SVN,8942
844512,130,207,1410,2001.0,0.0,1043.0,0.21069699999999997,0.720384,LTU,SVN,8942
844513,131,207,1410,2001.0,15020.0,0.0,1.326753,1.2069530000000002,LUX,SVN,8942
844514,132,207,1410,2001.0,0.0,75156.0,0.31652600000000003,0.523927,LVA,SVN,8942
844515,135,207,1410,2001.0,0.0,3135.0,0.12110699999999999,0.159706,MDA,SVN,8942
844516,138,207,1410,2001.0,1087.0,142378.0,1.088661,0.680197,MEX,SVN,8942
844517,140,207,1410,2001.0,0.0,129897.0,0.085844,0.413947,MKD,SVN,8942
844518,142,207,1410,2001.0,1556.0,1999.0,1.048708,-0.04453,MLT,SVN,8942
844519,153,207,1410,2001.0,31637.0,0.0,0.894191,0.310677,MYS,SVN,8942
844520,162,207,1410,2001.0,1344926.0,4882386.0,1.299569,1.487015,NLD,SVN,8942
844521,163,207,1410,2001.0,14128.0,60796.0,0.542366,-0.180336,NOR,SVN,8942
844522,174,207,1410,2001.0,2172.0,0.0,0.153601,-0.174218,PHL,SVN,8942
844523,177,207,1410,2001.0,196087.0,232138.0,0.983238,1.7436209999999999,POL,SVN,8942
844524,179,207,1410,2001.0,8375.0,45730.0,0.688736,1.326716,PRT,SVN,8942
844525,185,207,1410,2001.0,1135762.0,530290.0,0.465168,1.1029129999999998,ROU,SVN,8942
844526,186,207,1410,2001.0,0.0,1502260.0,0.546271,0.195872,RUS,SVN,8942
844527,189,207,1410,2001.0,19883.0,243101.0,0.38765,2.769588,SCG,SVN,8942
844528,206,207,1410,2001.0,2624.0,350772.0,1.310591,1.195523,SVK,SVN,8942
844529,208,207,1410,2001.0,199005.0,92312.0,2.01685,0.8233159999999999,SWE,SVN,8942
844530,216,207,1410,2001.0,98272.0,6999.0,0.49264600000000003,1.493471,THA,SVN,8942
844531,224,207,1410,2001.0,14653.0,0.0,0.168219,1.989011,TUR,SVN,8942
844532,228,207,1410,2001.0,0.0,49056.0,0.642888,1.267971,UKR,SVN,8942
844533,231,207,1410,2001.0,686906.0,1042357.0,1.96615,-0.12332699999999999,USA,SVN,8942
844534,236,207,1410,2001.0,0.0,262583.0,-0.013877,-0.8582690000000001,VEN,SVN,8942
844535,239,207,1410,2001.0,1124.0,0.0,-0.533978,0.503988,VNM,SVN,8942
844536,246,207,1410,2001.0,0.0,7331.0,0.249833,2.1142950000000003,ZAF,SVN,8942
844537,249,207,1410,2001.0,165578.0,3035.0,1.7270020000000001,1.252843,TWN,SVN,8942
844538,9,212,1410,2001.0,0.0,14545.0,0.62364,0.172704,ARM,SYR,8942
844539,15,212,1410,2001.0,2030.0,0.0,1.8987740000000002,0.45922700000000005,AUT,SYR,8942
844540,23,212,1410,2001.0,0.0,1735.0,0.46429799999999993,1.7500380000000002,BGR,SYR,8942
844541,39,212,1410,2001.0,0.0,3890.0,0.8899729999999999,1.3778299999999999,CAN,SYR,8942
844542,42,212,1410,2001.0,0.0,1206.0,-0.148124,0.074033,CHL,SYR,8942
844543,43,212,1410,2001.0,480604.0,0.0,0.535502,2.28778,CHN,SYR,8942
844544,58,212,1410,2001.0,0.0,3547.0,0.30700500000000003,0.258726,CYP,SYR,8942
844545,61,212,1410,2001.0,11462.0,0.0,2.335872,-2.09875,DEU,SYR,8942
844546,66,212,1410,2001.0,0.0,1819.0,-0.9852559999999999,-1.245285,DZA,SYR,8942
844547,68,212,1410,2001.0,16692.0,34339.0,-0.346794,0.431229,EGY,SYR,8942
844548,71,212,1410,2001.0,7475.0,0.0,1.1380350000000001,1.7870139999999999,ESP,SYR,8942
844549,77,212,1410,2001.0,40197.0,0.0,1.6143809999999998,0.626221,FRA,SYR,8942
844550,81,212,1410,2001.0,29563.0,13657.0,2.1068439999999997,0.658575,GBR,SYR,8942
844551,90,212,1410,2001.0,0.0,2359.0,0.338607,1.506593,GRC,SYR,8942
844552,97,212,1410,2001.0,382603.0,0.0,0.639538,1.5157610000000001,HKG,SYR,8942
844553,104,212,1410,2001.0,167034.0,0.0,0.382444,2.538934,IND,SYR,8942
844554,111,212,1410,2001.0,340133.0,0.0,1.488545,0.8410610000000001,ITA,SYR,8942
844555,113,212,1410,2001.0,0.0,22924.0,0.5404760000000001,0.8497170000000001,JOR,SYR,8942
844556,121,212,1410,2001.0,7537.0,0.0,1.436204,0.917057,KOR,SYR,8942
844557,122,212,1410,2001.0,0.0,9549.0,-0.695801,-1.225701,KWT,SYR,8942
844558,124,212,1410,2001.0,15372.0,246737.0,0.09267,0.97731,LBN,SYR,8942
844559,131,212,1410,2001.0,18682.0,0.0,1.326753,1.2069530000000002,LUX,SYR,8942
844560,134,212,1410,2001.0,0.0,1014.0,-0.616006,-0.340127,MAR,SYR,8942
844561,162,212,1410,2001.0,16896.0,0.0,1.299569,1.487015,NLD,SYR,8942
844562,167,212,1410,2001.0,0.0,112545.0,-1.4727729999999999,-1.329588,OMN,SYR,8942
844563,183,212,1410,2001.0,0.0,7156.0,-0.282283,-1.136895,QAT,SYR,8942
844564,185,212,1410,2001.0,0.0,27406.0,0.465168,1.1029129999999998,ROU,SYR,8942
844565,186,212,1410,2001.0,0.0,34713.0,0.546271,0.195872,RUS,SYR,8942
844566,188,212,1410,2001.0,0.0,26222.0,0.078887,-0.9764430000000001,SAU,SYR,8942
844567,190,212,1410,2001.0,0.0,22906.0,-1.7142950000000001,-1.341016,SDN,SYR,8942
844568,224,212,1410,2001.0,11565.0,12138.0,0.168219,1.989011,TUR,SYR,8942
844569,228,212,1410,2001.0,0.0,3526.0,0.642888,1.267971,UKR,SYR,8942
844570,231,212,1410,2001.0,41704.0,69925.0,1.96615,-0.12332699999999999,USA,SYR,8942
844571,249,212,1410,2001.0,43583.0,0.0,1.7270020000000001,1.252843,TWN,SYR,8942
844572,43,219,1410,2001.0,4807.0,0.0,0.535502,2.28778,CHN,TKM,8942
844573,61,219,1410,2001.0,11000.0,4322.0,2.335872,-2.09875,DEU,TKM,8942
844574,77,219,1410,2001.0,2688.0,0.0,1.6143809999999998,0.626221,FRA,TKM,8942
844575,104,219,1410,2001.0,9778.0,0.0,0.382444,2.538934,IND,TKM,8942
844576,107,219,1410,2001.0,66522.0,0.0,-0.973691,-1.05654,IRN,TKM,8942
844577,111,219,1410,2001.0,67603.0,0.0,1.488545,0.8410610000000001,ITA,TKM,8942
844578,114,219,1410,2001.0,3294.0,0.0,2.674032,0.445636,JPN,TKM,8942
844579,121,219,1410,2001.0,31721.0,0.0,1.436204,0.917057,KOR,TKM,8942
844580,186,219,1410,2001.0,1446.0,0.0,0.546271,0.195872,RUS,TKM,8942
844581,192,219,1410,2001.0,4924.0,0.0,1.587064,0.639626,SGP,TKM,8942
844582,224,219,1410,2001.0,35677.0,2626.0,0.168219,1.989011,TUR,TKM,8942
844583,231,219,1410,2001.0,28423.0,0.0,1.96615,-0.12332699999999999,USA,TKM,8942
844584,18,232,1410,2001.0,19827.0,0.0,1.425483,1.3072409999999999,BEL,UZB,8942
844585,43,232,1410,2001.0,29732.0,0.0,0.535502,2.28778,CHN,UZB,8942
844586,58,232,1410,2001.0,2855.0,0.0,0.30700500000000003,0.258726,CYP,UZB,8942
844587,61,232,1410,2001.0,11000.0,0.0,2.335872,-2.09875,DEU,UZB,8942
844588,77,232,1410,2001.0,3583.0,0.0,1.6143809999999998,0.626221,FRA,UZB,8942
844589,81,232,1410,2001.0,1800.0,0.0,2.1068439999999997,0.658575,GBR,UZB,8942
844590,97,232,1410,2001.0,40871.0,0.0,0.639538,1.5157610000000001,HKG,UZB,8942
844591,107,232,1410,2001.0,1014938.0,0.0,-0.973691,-1.05654,IRN,UZB,8942
844592,111,232,1410,2001.0,29631.0,0.0,1.488545,0.8410610000000001,ITA,UZB,8942
844593,115,232,1410,2001.0,0.0,24009.0,-0.05773,-0.44668500000000005,KAZ,UZB,8942
844594,121,232,1410,2001.0,522866.0,0.0,1.436204,0.917057,KOR,UZB,8942
844595,186,232,1410,2001.0,16518.0,49229.0,0.546271,0.195872,RUS,UZB,8942
844596,192,232,1410,2001.0,14683.0,0.0,1.587064,0.639626,SGP,UZB,8942
844597,224,232,1410,2001.0,4715.0,0.0,0.168219,1.989011,TUR,UZB,8942
844598,231,232,1410,2001.0,41472.0,1607.0,1.96615,-0.12332699999999999,USA,UZB,8942
844599,249,232,1410,2001.0,8521.0,0.0,1.7270020000000001,1.252843,TWN,UZB,8942
844600,14,133,1410,2001.0,39701.0,5059.0,-0.12189000000000001,0.7281770000000001,AUS,MAC,8942
844601,15,133,1410,2001.0,17496.0,0.0,1.8987740000000002,0.45922700000000005,AUT,MAC,8942
844602,32,133,1410,2001.0,0.0,166623.0,0.658473,1.328637,BRA,MAC,8942
844603,39,133,1410,2001.0,0.0,26971.0,0.8899729999999999,1.3778299999999999,CAN,MAC,8942
844604,41,133,1410,2001.0,0.0,1070.0,2.161588,0.8069890000000001,CHE,MAC,8942
844605,43,133,1410,2001.0,550015.0,285128.0,0.535502,2.28778,CHN,MAC,8942
844606,59,133,1410,2001.0,0.0,10065.0,1.56908,0.860384,CZE,MAC,8942
844607,61,133,1410,2001.0,1758.0,15061.0,2.335872,-2.09875,DEU,MAC,8942
844608,64,133,1410,2001.0,0.0,6502.0,1.356327,1.3288309999999999,DNK,MAC,8942
844609,71,133,1410,2001.0,86217.0,0.0,1.1380350000000001,1.7870139999999999,ESP,MAC,8942
844610,74,133,1410,2001.0,0.0,25903.0,1.9661669999999998,1.000436,FIN,MAC,8942
844611,77,133,1410,2001.0,267563.0,172244.0,1.6143809999999998,0.626221,FRA,MAC,8942
844612,81,133,1410,2001.0,69892.0,19115.0,2.1068439999999997,0.658575,GBR,MAC,8942
844613,97,133,1410,2001.0,5735176.0,330977.0,0.639538,1.5157610000000001,HKG,MAC,8942
844614,103,133,1410,2001.0,1553.0,0.0,0.039233,1.780659,IDN,MAC,8942
844615,114,133,1410,2001.0,1729171.0,109710.0,2.674032,0.445636,JPN,MAC,8942
844616,121,133,1410,2001.0,12847.0,0.0,1.436204,0.917057,KOR,MAC,8942
844617,138,133,1410,2001.0,0.0,1650.0,1.088661,0.680197,MEX,MAC,8942
844618,162,133,1410,2001.0,7802.0,54269.0,1.299569,1.487015,NLD,MAC,8942
844619,179,133,1410,2001.0,8323.0,27909.0,0.688736,1.326716,PRT,MAC,8942
844620,192,133,1410,2001.0,5492.0,88249.0,1.587064,0.639626,SGP,MAC,8942
844621,231,133,1410,2001.0,924755.0,907759.0,1.96615,-0.12332699999999999,USA,MAC,8942
844622,249,133,1410,2001.0,115137.0,6009.0,1.7270020000000001,1.252843,TWN,MAC,8942
844623,8,168,1410,2001.0,0.0,120229.0,0.11289,0.916845,ARG,PAK,8942
844624,14,168,1410,2001.0,15096.0,272166.0,-0.12189000000000001,0.7281770000000001,AUS,PAK,8942
844625,15,168,1410,2001.0,0.0,21014.0,1.8987740000000002,0.45922700000000005,AUT,PAK,8942
844626,18,168,1410,2001.0,96599.0,59400.0,1.425483,1.3072409999999999,BEL,PAK,8942
844627,24,168,1410,2001.0,0.0,5808.0,-0.11648499999999999,-1.101653,BHR,PAK,8942
844628,39,168,1410,2001.0,0.0,81533.0,0.8899729999999999,1.3778299999999999,CAN,PAK,8942
844629,41,168,1410,2001.0,0.0,1094.0,2.161588,0.8069890000000001,CHE,PAK,8942
844630,43,168,1410,2001.0,877223.0,12105.0,0.535502,2.28778,CHN,PAK,8942
844631,58,168,1410,2001.0,0.0,5916.0,0.30700500000000003,0.258726,CYP,PAK,8942
844632,61,168,1410,2001.0,72000.0,251782.0,2.335872,-2.09875,DEU,PAK,8942
844633,64,168,1410,2001.0,0.0,41639.0,1.356327,1.3288309999999999,DNK,PAK,8942
844634,71,168,1410,2001.0,0.0,113356.0,1.1380350000000001,1.7870139999999999,ESP,PAK,8942
844635,72,168,1410,2001.0,0.0,2367.0,0.53422,0.9372790000000001,EST,PAK,8942
844636,77,168,1410,2001.0,15225.0,36982.0,1.6143809999999998,0.626221,FRA,PAK,8942
844637,81,168,1410,2001.0,259686.0,178001.0,2.1068439999999997,0.658575,GBR,PAK,8942
844638,90,168,1410,2001.0,0.0,10412.0,0.338607,1.506593,GRC,PAK,8942
844639,97,168,1410,2001.0,1175722.0,1906.0,0.639538,1.5157610000000001,HKG,PAK,8942
844640,100,168,1410,2001.0,0.0,71614.0,0.6315729999999999,1.169338,HRV,PAK,8942
844641,102,168,1410,2001.0,81000.0,2543.0,1.069245,1.2217069999999999,HUN,PAK,8942
844642,103,168,1410,2001.0,0.0,9572.0,0.039233,1.780659,IDN,PAK,8942
844643,104,168,1410,2001.0,1304.0,0.0,0.382444,2.538934,IND,PAK,8942
844644,107,168,1410,2001.0,11905.0,0.0,-0.973691,-1.05654,IRN,PAK,8942
844645,109,168,1410,2001.0,0.0,4695.0,0.049756,-0.496962,ISL,PAK,8942
844646,111,168,1410,2001.0,25494.0,7766.0,1.488545,0.8410610000000001,ITA,PAK,8942
844647,113,168,1410,2001.0,0.0,3078.0,0.5404760000000001,0.8497170000000001,JOR,PAK,8942
844648,114,168,1410,2001.0,90709.0,3265.0,2.674032,0.445636,JPN,PAK,8942
844649,116,168,1410,2001.0,0.0,16874.0,-0.533651,0.072611,KEN,PAK,8942
844650,121,168,1410,2001.0,404017.0,0.0,1.436204,0.917057,KOR,PAK,8942
844651,122,168,1410,2001.0,0.0,7913.0,-0.695801,-1.225701,KWT,PAK,8942
844652,124,168,1410,2001.0,0.0,2473.0,0.09267,0.97731,LBN,PAK,8942
844653,128,168,1410,2001.0,1987.0,1130.0,-0.43381000000000003,0.057630999999999995,LKA,PAK,8942
844654,136,168,1410,2001.0,0.0,1063.0,-1.0624850000000001,-0.695873,MDG,PAK,8942
844655,138,168,1410,2001.0,0.0,14601.0,1.088661,0.680197,MEX,PAK,8942
844656,151,168,1410,2001.0,0.0,10425.0,-0.304271,-0.589387,MUS,PAK,8942
844657,153,168,1410,2001.0,1316.0,1211.0,0.894191,0.310677,MYS,PAK,8942
844658,162,168,1410,2001.0,7169.0,18558.0,1.299569,1.487015,NLD,PAK,8942
844659,166,168,1410,2001.0,76827.0,34527.0,0.220307,0.689625,NZL,PAK,8942
844660,167,168,1410,2001.0,0.0,1411.0,-1.4727729999999999,-1.329588,OMN,PAK,8942
844661,179,168,1410,2001.0,0.0,1671.0,0.688736,1.326716,PRT,PAK,8942
844662,183,168,1410,2001.0,0.0,7402.0,-0.282283,-1.136895,QAT,PAK,8942
844663,186,168,1410,2001.0,0.0,3926.0,0.546271,0.195872,RUS,PAK,8942
844664,192,168,1410,2001.0,225570.0,15698.0,1.587064,0.639626,SGP,PAK,8942
844665,208,168,1410,2001.0,0.0,17247.0,2.01685,0.8233159999999999,SWE,PAK,8942
844666,216,168,1410,2001.0,240096.0,0.0,0.49264600000000003,1.493471,THA,PAK,8942
844667,223,168,1410,2001.0,0.0,8609.0,0.054524,0.26892699999999997,TUN,PAK,8942
844668,227,168,1410,2001.0,0.0,1772.0,-1.1823700000000001,-0.7738619999999999,UGA,PAK,8942
844669,230,168,1410,2001.0,0.0,5540.0,0.192313,0.401841,URY,PAK,8942
844670,231,168,1410,2001.0,50799.0,445512.0,1.96615,-0.12332699999999999,USA,PAK,8942
844671,239,168,1410,2001.0,22351.0,0.0,-0.533978,0.503988,VNM,PAK,8942
844672,246,168,1410,2001.0,0.0,69818.0,0.249833,2.1142950000000003,ZAF,PAK,8942
844673,249,168,1410,2001.0,115732.0,0.0,1.7270020000000001,1.252843,TWN,PAK,8942
844674,7,227,1410,2001.0,112514.0,0.0,-0.217259,-0.613042,ARE,UGA,8942
844675,18,227,1410,2001.0,25721.0,0.0,1.425483,1.3072409999999999,BEL,UGA,8942
844676,39,227,1410,2001.0,1318.0,0.0,0.8899729999999999,1.3778299999999999,CAN,UGA,8942
844677,41,227,1410,2001.0,2181.0,0.0,2.161588,0.8069890000000001,CHE,UGA,8942
844678,43,227,1410,2001.0,51682.0,0.0,0.535502,2.28778,CHN,UGA,8942
844679,46,227,1410,2001.0,0.0,1899.0,-1.2660959999999999,-1.1988860000000001,COD,UGA,8942
844680,61,227,1410,2001.0,7147.0,0.0,2.335872,-2.09875,DEU,UGA,8942
844681,71,227,1410,2001.0,22681.0,0.0,1.1380350000000001,1.7870139999999999,ESP,UGA,8942
844682,81,227,1410,2001.0,66033.0,0.0,2.1068439999999997,0.658575,GBR,UGA,8942
844683,90,227,1410,2001.0,1184.0,0.0,0.338607,1.506593,GRC,UGA,8942
844684,97,227,1410,2001.0,29195.0,0.0,0.639538,1.5157610000000001,HKG,UGA,8942
844685,104,227,1410,2001.0,11208.0,0.0,0.382444,2.538934,IND,UGA,8942
844686,116,227,1410,2001.0,3735.0,0.0,-0.533651,0.072611,KEN,UGA,8942
844687,162,227,1410,2001.0,24148.0,0.0,1.299569,1.487015,NLD,UGA,8942
844688,168,227,1410,2001.0,1772.0,0.0,-0.741053,-0.41444,PAK,UGA,8942
844689,185,227,1410,2001.0,4093.0,0.0,0.465168,1.1029129999999998,ROU,UGA,8942
844690,192,227,1410,2001.0,8683.0,0.0,1.587064,0.639626,SGP,UGA,8942
844691,216,227,1410,2001.0,8346.0,0.0,0.49264600000000003,1.493471,THA,UGA,8942
844692,226,227,1410,2001.0,0.0,2868.0,-1.227071,-0.489829,TZA,UGA,8942
844693,231,227,1410,2001.0,17598.0,0.0,1.96615,-0.12332699999999999,USA,UGA,8942
844694,246,227,1410,2001.0,141237.0,0.0,0.249833,2.1142950000000003,ZAF,UGA,8942
844695,8,250,1410,2001.0,0.0,119462.0,0.11289,0.916845,ARG,ANS,8942
844696,14,250,1410,2001.0,3974.0,5378.0,-0.12189000000000001,0.7281770000000001,AUS,ANS,8942
844697,18,250,1410,2001.0,10625.0,0.0,1.425483,1.3072409999999999,BEL,ANS,8942
844698,21,250,1410,2001.0,0.0,1166.0,-0.24546199999999999,0.00141,BFA,ANS,8942
844699,23,250,1410,2001.0,1567.0,7510.0,0.46429799999999993,1.7500380000000002,BGR,ANS,8942
844700,25,250,1410,2001.0,0.0,5311.0,0.37464899999999995,-0.130024,BHS,ANS,8942
844701,28,250,1410,2001.0,2101.0,0.0,0.78008,1.232713,BLR,ANS,8942
844702,31,250,1410,2001.0,12830.0,4799.0,-0.614885,-0.5022770000000001,BOL,ANS,8942
844703,34,250,1410,2001.0,0.0,11687.0,-0.38253899999999996,-0.904789,BRN,ANS,8942
844704,42,250,1410,2001.0,0.0,2142688.0,-0.148124,0.074033,CHL,ANS,8942
844705,43,250,1410,2001.0,51138.0,0.0,0.535502,2.28778,CHN,ANS,8942
844706,45,250,1410,2001.0,0.0,78182.0,-1.4692049999999999,-1.251498,CMR,ANS,8942
844707,49,250,1410,2001.0,288112.0,0.0,0.3378,0.479951,COL,ANS,8942
844708,51,250,1410,2001.0,0.0,2622.0,-0.016933,-0.340938,CPV,ANS,8942
844709,52,250,1410,2001.0,0.0,26766.0,0.07408200000000001,0.126368,CRI,ANS,8942
844710,54,250,1410,2001.0,0.0,14475.0,-0.889919,-1.137994,CUB,ANS,8942
844711,59,250,1410,2001.0,1423126.0,426986.0,1.56908,0.860384,CZE,ANS,8942
844712,61,250,1410,2001.0,2614000.0,40488348.0,2.335872,-2.09875,DEU,ANS,8942
844713,64,250,1410,2001.0,0.0,156918.0,1.356327,1.3288309999999999,DNK,ANS,8942
844714,65,250,1410,2001.0,0.0,54061.0,-0.55896,-0.517513,DOM,ANS,8942
844715,67,250,1410,2001.0,0.0,40967.0,-0.8668389999999999,-0.891943,ECU,ANS,8942
844716,68,250,1410,2001.0,0.0,17114.0,-0.346794,0.431229,EGY,ANS,8942
844717,71,250,1410,2001.0,616140.0,0.0,1.1380350000000001,1.7870139999999999,ESP,ANS,8942
844718,72,250,1410,2001.0,0.0,2060169.0,0.53422,0.9372790000000001,EST,ANS,8942
844719,73,250,1410,2001.0,0.0,6967.0,-1.010637,-0.8893280000000001,ETH,ANS,8942
844720,77,250,1410,2001.0,2686.0,186592.0,1.6143809999999998,0.626221,FRA,ANS,8942
844721,78,250,1410,2001.0,0.0,6965.0,-0.945048,-0.9974049999999999,FRO,ANS,8942
844722,80,250,1410,2001.0,0.0,52207.0,-1.603078,-1.308825,GAB,ANS,8942
844723,83,250,1410,2001.0,0.0,13805.0,-0.7818689999999999,-0.645878,GHA,ANS,8942
844724,85,250,1410,2001.0,0.0,1559.0,-1.2887950000000001,-1.195448,GIN,ANS,8942
844725,91,250,1410,2001.0,0.0,13604.0,0.405462,-0.304177,GRD,ANS,8942
844726,92,250,1410,2001.0,0.0,430460.0,-0.19784100000000002,-0.772099,GRL,ANS,8942
844727,93,250,1410,2001.0,40864.0,11936.0,-0.43618199999999996,0.135535,GTM,ANS,8942
844728,97,250,1410,2001.0,1627902.0,4542.0,0.639538,1.5157610000000001,HKG,ANS,8942
844729,99,250,1410,2001.0,0.0,6312.0,-0.6886899999999999,-0.49161400000000005,HND,ANS,8942
844730,103,250,1410,2001.0,21196.0,0.0,0.039233,1.780659,IDN,ANS,8942
844731,104,250,1410,2001.0,0.0,2402.0,0.382444,2.538934,IND,ANS,8942
844732,106,250,1410,2001.0,0.0,942058.0,1.751955,0.210628,IRL,ANS,8942
844733,110,250,1410,2001.0,2000.0,0.0,1.17675,0.900401,ISR,ANS,8942
844734,111,250,1410,2001.0,759536.0,0.0,1.488545,0.8410610000000001,ITA,ANS,8942
844735,112,250,1410,2001.0,0.0,138626.0,-0.562839,-0.9381510000000001,JAM,ANS,8942
844736,113,250,1410,2001.0,846224.0,86928.0,0.5404760000000001,0.8497170000000001,JOR,ANS,8942
844737,116,250,1410,2001.0,0.0,34875.0,-0.533651,0.072611,KEN,ANS,8942
844738,118,250,1410,2001.0,0.0,36467.0,-0.8596729999999999,-1.1214979999999999,KHM,ANS,8942
844739,121,250,1410,2001.0,21402.0,0.0,1.436204,0.917057,KOR,ANS,8942
844740,124,250,1410,2001.0,17818.0,11835.0,0.09267,0.97731,LBN,ANS,8942
844741,127,250,1410,2001.0,2333.0,0.0,0.064826,-0.521713,LCA,ANS,8942
844742,131,250,1410,2001.0,1128.0,3237.0,1.326753,1.2069530000000002,LUX,ANS,8942
844743,134,250,1410,2001.0,71164.0,2593.0,-0.616006,-0.340127,MAR,ANS,8942
844744,136,250,1410,2001.0,1609.0,243638.0,-1.0624850000000001,-0.695873,MDG,ANS,8942
844745,137,250,1410,2001.0,0.0,23194.0,-0.957807,-1.0006030000000001,MDV,ANS,8942
844746,138,250,1410,2001.0,693731.0,41860.0,1.088661,0.680197,MEX,ANS,8942
844747,142,250,1410,2001.0,0.0,14841.0,1.048708,-0.04453,MLT,ANS,8942
844748,147,250,1410,2001.0,5799.0,14473.0,-1.476933,-1.253628,MOZ,ANS,8942
844749,151,250,1410,2001.0,0.0,14219.0,-0.304271,-0.589387,MUS,ANS,8942
844750,153,250,1410,2001.0,119070.0,209881.0,0.894191,0.310677,MYS,ANS,8942
844751,156,250,1410,2001.0,0.0,31824.0,-0.523924,-0.9363049999999999,NCL,ANS,8942
844752,160,250,1410,2001.0,0.0,3754.0,-0.865941,-0.617108,NIC,ANS,8942
844753,162,250,1410,2001.0,137484.0,14322.0,1.299569,1.487015,NLD,ANS,8942
844754,166,250,1410,2001.0,0.0,161052.0,0.220307,0.689625,NZL,ANS,8942
844755,169,250,1410,2001.0,29041.0,4349431.0,0.17863800000000002,0.440159,PAN,ANS,8942
844756,179,250,1410,2001.0,0.0,6441.0,0.688736,1.326716,PRT,ANS,8942
844757,182,250,1410,2001.0,0.0,34426.0,0.055376,-0.762668,PYF,ANS,8942
844758,183,250,1410,2001.0,0.0,5591.0,-0.282283,-1.136895,QAT,ANS,8942
844759,185,250,1410,2001.0,2070.0,150183.0,0.465168,1.1029129999999998,ROU,ANS,8942
844760,186,250,1410,2001.0,2069.0,0.0,0.546271,0.195872,RUS,ANS,8942
844761,188,250,1410,2001.0,0.0,96674.0,0.078887,-0.9764430000000001,SAU,ANS,8942
844762,189,250,1410,2001.0,0.0,6337.0,0.38765,2.769588,SCG,ANS,8942
844763,191,250,1410,2001.0,18043.0,0.0,-0.570156,-0.560573,SEN,ANS,8942
844764,206,250,1410,2001.0,51096.0,99424.0,1.310591,1.195523,SVK,ANS,8942
844765,222,250,1410,2001.0,1534.0,100005.0,0.265201,-0.602807,TTO,ANS,8942
844766,223,250,1410,2001.0,451646.0,10316.0,0.054524,0.26892699999999997,TUN,ANS,8942
844767,224,250,1410,2001.0,453284.0,7214.0,0.168219,1.989011,TUR,ANS,8942
844768,230,250,1410,2001.0,1756.0,21855.0,0.192313,0.401841,URY,ANS,8942
844769,236,250,1410,2001.0,0.0,296473.0,-0.013877,-0.8582690000000001,VEN,ANS,8942
844770,246,250,1410,2001.0,0.0,13938.0,0.249833,2.1142950000000003,ZAF,ANS,8942
844771,249,250,1410,2001.0,120962.0,474037.0,1.7270020000000001,1.252843,TWN,ANS,8942
844772,43,0,1410,2001.0,7463.0,0.0,0.535502,2.28778,CHN,ABW,8942
844773,49,0,1410,2001.0,17544.0,3511.0,0.3378,0.479951,COL,ABW,8942
844774,61,0,1410,2001.0,7000.0,0.0,2.335872,-2.09875,DEU,ABW,8942
844775,71,0,1410,2001.0,0.0,1207.0,1.1380350000000001,1.7870139999999999,ESP,ABW,8942
844776,81,0,1410,2001.0,8105.0,21338.0,2.1068439999999997,0.658575,GBR,ABW,8942
844777,97,0,1410,2001.0,83994.0,0.0,0.639538,1.5157610000000001,HKG,ABW,8942
844778,138,0,1410,2001.0,21627.0,17163.0,1.088661,0.680197,MEX,ABW,8942
844779,162,0,1410,2001.0,735185.0,0.0,1.299569,1.487015,NLD,ABW,8942
844780,169,0,1410,2001.0,0.0,2995.0,0.17863800000000002,0.440159,PAN,ABW,8942
844781,208,0,1410,2001.0,4369.0,0.0,2.01685,0.8233159999999999,SWE,ABW,8942
844782,222,0,1410,2001.0,12749.0,0.0,0.265201,-0.602807,TTO,ABW,8942
844783,231,0,1410,2001.0,1725734.0,0.0,1.96615,-0.12332699999999999,USA,ABW,8942
844784,236,0,1410,2001.0,0.0,4582.0,-0.013877,-0.8582690000000001,VEN,ABW,8942
844785,6,3,1410,2001.0,1583.0,0.0,-0.17823699999999998,-0.814499,ANT,AIA,8942
844786,81,3,1410,2001.0,10103.0,0.0,2.1068439999999997,0.658575,GBR,AIA,8942
844787,222,3,1410,2001.0,6596.0,0.0,0.265201,-0.602807,TTO,AIA,8942
844788,231,3,1410,2001.0,66216.0,0.0,1.96615,-0.12332699999999999,USA,AIA,8942
844789,6,29,1410,2001.0,38426.0,0.0,-0.17823699999999998,-0.814499,ANT,BLZ,8942
844790,39,29,1410,2001.0,2259.0,0.0,0.8899729999999999,1.3778299999999999,CAN,BLZ,8942
844791,41,29,1410,2001.0,1654.0,0.0,2.161588,0.8069890000000001,CHE,BLZ,8942
844792,43,29,1410,2001.0,67419.0,0.0,0.535502,2.28778,CHN,BLZ,8942
844793,52,29,1410,2001.0,0.0,6097.0,0.07408200000000001,0.126368,CRI,BLZ,8942
844794,59,29,1410,2001.0,14138.0,0.0,1.56908,0.860384,CZE,BLZ,8942
844795,81,29,1410,2001.0,6009.0,0.0,2.1068439999999997,0.658575,GBR,BLZ,8942
844796,93,29,1410,2001.0,3083.0,0.0,-0.43618199999999996,0.135535,GTM,BLZ,8942
844797,97,29,1410,2001.0,82537.0,0.0,0.639538,1.5157610000000001,HKG,BLZ,8942
844798,103,29,1410,2001.0,29189.0,0.0,0.039233,1.780659,IDN,BLZ,8942
844799,112,29,1410,2001.0,1051.0,0.0,-0.562839,-0.9381510000000001,JAM,BLZ,8942
844800,162,29,1410,2001.0,2409.0,0.0,1.299569,1.487015,NLD,BLZ,8942
844801,216,29,1410,2001.0,1350.0,0.0,0.49264600000000003,1.493471,THA,BLZ,8942
844802,222,29,1410,2001.0,1173.0,0.0,0.265201,-0.602807,TTO,BLZ,8942
844803,231,29,1410,2001.0,703850.0,1025.0,1.96615,-0.12332699999999999,USA,BLZ,8942
844804,249,29,1410,2001.0,2182.0,0.0,1.7270020000000001,1.252843,TWN,BLZ,8942
844805,8,31,1410,2001.0,430738.0,3065.0,0.11289,0.916845,ARG,BOL,8942
844806,18,31,1410,2001.0,4419.0,0.0,1.425483,1.3072409999999999,BEL,BOL,8942
844807,32,31,1410,2001.0,398144.0,0.0,0.658473,1.328637,BRA,BOL,8942
844808,39,31,1410,2001.0,12549.0,0.0,0.8899729999999999,1.3778299999999999,CAN,BOL,8942
844809,41,31,1410,2001.0,1480.0,0.0,2.161588,0.8069890000000001,CHE,BOL,8942
844810,42,31,1410,2001.0,348512.0,13860.0,-0.148124,0.074033,CHL,BOL,8942
844811,43,31,1410,2001.0,589656.0,0.0,0.535502,2.28778,CHN,BOL,8942
844812,49,31,1410,2001.0,182620.0,0.0,0.3378,0.479951,COL,BOL,8942
844813,61,31,1410,2001.0,29872.0,0.0,2.335872,-2.09875,DEU,BOL,8942
844814,67,31,1410,2001.0,13730.0,0.0,-0.8668389999999999,-0.891943,ECU,BOL,8942
844815,71,31,1410,2001.0,216039.0,0.0,1.1380350000000001,1.7870139999999999,ESP,BOL,8942
844816,77,31,1410,2001.0,30651.0,0.0,1.6143809999999998,0.626221,FRA,BOL,8942
844817,81,31,1410,2001.0,23025.0,0.0,2.1068439999999997,0.658575,GBR,BOL,8942
844818,97,31,1410,2001.0,307390.0,0.0,0.639538,1.5157610000000001,HKG,BOL,8942
844819,110,31,1410,2001.0,0.0,1726.0,1.17675,0.900401,ISR,BOL,8942
844820,111,31,1410,2001.0,30185.0,2055.0,1.488545,0.8410610000000001,ITA,BOL,8942
844821,114,31,1410,2001.0,24523.0,5127.0,2.674032,0.445636,JPN,BOL,8942
844822,121,31,1410,2001.0,51899.0,0.0,1.436204,0.917057,KOR,BOL,8942
844823,138,31,1410,2001.0,368941.0,0.0,1.088661,0.680197,MEX,BOL,8942
844824,153,31,1410,2001.0,1448.0,0.0,0.894191,0.310677,MYS,BOL,8942
844825,169,31,1410,2001.0,1491.0,0.0,0.17863800000000002,0.440159,PAN,BOL,8942
844826,173,31,1410,2001.0,54400.0,0.0,-0.318071,0.116602,PER,BOL,8942
844827,180,31,1410,2001.0,6652.0,1632.0,-0.7430220000000001,-0.8668540000000001,PRY,BOL,8942
844828,192,31,1410,2001.0,3176.0,0.0,1.587064,0.639626,SGP,BOL,8942
844829,208,31,1410,2001.0,1890.0,1167.0,2.01685,0.8233159999999999,SWE,BOL,8942
844830,216,31,1410,2001.0,2507.0,0.0,0.49264600000000003,1.493471,THA,BOL,8942
844831,230,31,1410,2001.0,8696.0,0.0,0.192313,0.401841,URY,BOL,8942
844832,231,31,1410,2001.0,580432.0,37112.0,1.96615,-0.12332699999999999,USA,BOL,8942
844833,236,31,1410,2001.0,4557.0,0.0,-0.013877,-0.8582690000000001,VEN,BOL,8942
844834,249,31,1410,2001.0,65861.0,0.0,1.7270020000000001,1.252843,TWN,BOL,8942
844835,250,31,1410,2001.0,4799.0,12830.0,0.947105,-0.529946,ANS,BOL,8942
844836,7,73,1410,2001.0,143353.0,0.0,-0.217259,-0.613042,ARE,ETH,8942
844837,15,73,1410,2001.0,141586.0,0.0,1.8987740000000002,0.45922700000000005,AUT,ETH,8942
844838,18,73,1410,2001.0,11578.0,0.0,1.425483,1.3072409999999999,BEL,ETH,8942
844839,43,73,1410,2001.0,154474.0,0.0,0.535502,2.28778,CHN,ETH,8942
844840,61,73,1410,2001.0,8358.0,0.0,2.335872,-2.09875,DEU,ETH,8942
844841,62,73,1410,2001.0,2769.0,0.0,0.0005070000000000001,0.229221,DJI,ETH,8942
844842,64,73,1410,2001.0,3364.0,0.0,1.356327,1.3288309999999999,DNK,ETH,8942
844843,68,73,1410,2001.0,1340.0,0.0,-0.346794,0.431229,EGY,ETH,8942
844844,81,73,1410,2001.0,2887.0,0.0,2.1068439999999997,0.658575,GBR,ETH,8942
844845,90,73,1410,2001.0,2320.0,0.0,0.338607,1.506593,GRC,ETH,8942
844846,104,73,1410,2001.0,23750.0,0.0,0.382444,2.538934,IND,ETH,8942
844847,111,73,1410,2001.0,62796.0,0.0,1.488545,0.8410610000000001,ITA,ETH,8942
844848,114,73,1410,2001.0,3334.0,0.0,2.674032,0.445636,JPN,ETH,8942
844849,121,73,1410,2001.0,1370.0,0.0,1.436204,0.917057,KOR,ETH,8942
844850,153,73,1410,2001.0,1995.0,0.0,0.894191,0.310677,MYS,ETH,8942
844851,162,73,1410,2001.0,2477.0,0.0,1.299569,1.487015,NLD,ETH,8942
844852,185,73,1410,2001.0,1562.0,0.0,0.465168,1.1029129999999998,ROU,ETH,8942
844853,188,73,1410,2001.0,1683.0,0.0,0.078887,-0.9764430000000001,SAU,ETH,8942
844854,216,73,1410,2001.0,9002.0,0.0,0.49264600000000003,1.493471,THA,ETH,8942
844855,228,73,1410,2001.0,4105.0,0.0,0.642888,1.267971,UKR,ETH,8942
844856,231,73,1410,2001.0,104638.0,0.0,1.96615,-0.12332699999999999,USA,ETH,8942
844857,243,73,1410,2001.0,2662.0,0.0,-1.658584,-1.354606,YEM,ETH,8942
844858,246,73,1410,2001.0,14083.0,0.0,0.249833,2.1142950000000003,ZAF,ETH,8942
844859,250,73,1410,2001.0,6967.0,0.0,0.947105,-0.529946,ANS,ETH,8942
844860,6,91,1410,2001.0,1925.0,0.0,-0.17823699999999998,-0.814499,ANT,GRD,8942
844861,43,91,1410,2001.0,5900.0,0.0,0.535502,2.28778,CHN,GRD,8942
844862,61,91,1410,2001.0,1476.0,0.0,2.335872,-2.09875,DEU,GRD,8942
844863,63,91,1410,2001.0,3369.0,0.0,0.573546,0.326301,DMA,GRD,8942
844864,81,91,1410,2001.0,24820.0,0.0,2.1068439999999997,0.658575,GBR,GRD,8942
844865,97,91,1410,2001.0,8084.0,0.0,0.639538,1.5157610000000001,HKG,GRD,8942
844866,120,91,1410,2001.0,0.0,1235.0,0.650191,-0.487457,KNA,GRD,8942
844867,159,91,1410,2001.0,0.0,6632.0,-1.9085759999999998,-1.335279,NGA,GRD,8942
844868,162,91,1410,2001.0,6833.0,1792.0,1.299569,1.487015,NLD,GRD,8942
844869,169,91,1410,2001.0,3678.0,0.0,0.17863800000000002,0.440159,PAN,GRD,8942
844870,222,91,1410,2001.0,46693.0,0.0,0.265201,-0.602807,TTO,GRD,8942
844871,231,91,1410,2001.0,147275.0,4232.0,1.96615,-0.12332699999999999,USA,GRD,8942
844872,249,91,1410,2001.0,3124.0,0.0,1.7270020000000001,1.252843,TWN,GRD,8942
844873,250,91,1410,2001.0,13604.0,0.0,0.947105,-0.529946,ANS,GRD,8942
844874,18,99,1410,2001.0,1725.0,0.0,1.425483,1.3072409999999999,BEL,HND,8942
844875,39,99,1410,2001.0,10500.0,0.0,0.8899729999999999,1.3778299999999999,CAN,HND,8942
844876,41,99,1410,2001.0,17134.0,0.0,2.161588,0.8069890000000001,CHE,HND,8942
844877,43,99,1410,2001.0,986111.0,0.0,0.535502,2.28778,CHN,HND,8942
844878,49,99,1410,2001.0,72716.0,0.0,0.3378,0.479951,COL,HND,8942
844879,52,99,1410,2001.0,27505.0,5484.0,0.07408200000000001,0.126368,CRI,HND,8942
844880,61,99,1410,2001.0,17670.0,0.0,2.335872,-2.09875,DEU,HND,8942
844881,67,99,1410,2001.0,0.0,6231.0,-0.8668389999999999,-0.891943,ECU,HND,8942
844882,71,99,1410,2001.0,168013.0,0.0,1.1380350000000001,1.7870139999999999,ESP,HND,8942
844883,81,99,1410,2001.0,3558.0,2531.0,2.1068439999999997,0.658575,GBR,HND,8942
844884,93,99,1410,2001.0,107918.0,132401.0,-0.43618199999999996,0.135535,GTM,HND,8942
844885,97,99,1410,2001.0,1437153.0,8447.0,0.639538,1.5157610000000001,HKG,HND,8942
844886,103,99,1410,2001.0,1594.0,0.0,0.039233,1.780659,IDN,HND,8942
844887,111,99,1410,2001.0,79116.0,8755.0,1.488545,0.8410610000000001,ITA,HND,8942
844888,114,99,1410,2001.0,4196.0,0.0,2.674032,0.445636,JPN,HND,8942
844889,138,99,1410,2001.0,625496.0,31429.0,1.088661,0.680197,MEX,HND,8942
844890,160,99,1410,2001.0,0.0,6905.0,-0.865941,-0.617108,NIC,HND,8942
844891,169,99,1410,2001.0,1118818.0,1902.0,0.17863800000000002,0.440159,PAN,HND,8942
844892,174,99,1410,2001.0,17811.0,0.0,0.153601,-0.174218,PHL,HND,8942
844893,197,99,1410,2001.0,54258.0,25844.0,-0.123958,-0.103849,SLV,HND,8942
844894,216,99,1410,2001.0,10295.0,0.0,0.49264600000000003,1.493471,THA,HND,8942
844895,231,99,1410,2001.0,2474712.0,451070.0,1.96615,-0.12332699999999999,USA,HND,8942
844896,239,99,1410,2001.0,6303.0,0.0,-0.533978,0.503988,VNM,HND,8942
844897,249,99,1410,2001.0,272407.0,0.0,1.7270020000000001,1.252843,TWN,HND,8942
844898,250,99,1410,2001.0,6312.0,0.0,0.947105,-0.529946,ANS,HND,8942
844899,12,151,1410,2001.0,0.0,1658.0,1.4293799999999999,-0.7069989999999999,ATF,MUS,8942
844900,14,151,1410,2001.0,86035.0,15942.0,-0.12189000000000001,0.7281770000000001,AUS,MUS,8942
844901,15,151,1410,2001.0,0.0,1413.0,1.8987740000000002,0.45922700000000005,AUT,MUS,8942
844902,18,151,1410,2001.0,4928.0,13845.0,1.425483,1.3072409999999999,BEL,MUS,8942
844903,39,151,1410,2001.0,0.0,11686.0,0.8899729999999999,1.3778299999999999,CAN,MUS,8942
844904,41,151,1410,2001.0,1888.0,3491.0,2.161588,0.8069890000000001,CHE,MUS,8942
844905,43,151,1410,2001.0,680750.0,0.0,0.535502,2.28778,CHN,MUS,8942
844906,61,151,1410,2001.0,248611.0,931817.0,2.335872,-2.09875,DEU,MUS,8942
844907,64,151,1410,2001.0,4874.0,4087.0,1.356327,1.3288309999999999,DNK,MUS,8942
844908,68,151,1410,2001.0,6858.0,0.0,-0.346794,0.431229,EGY,MUS,8942
844909,71,151,1410,2001.0,30786.0,1834.0,1.1380350000000001,1.7870139999999999,ESP,MUS,8942
844910,77,151,1410,2001.0,479620.0,3537922.0,1.6143809999999998,0.626221,FRA,MUS,8942
844911,81,151,1410,2001.0,29596.0,82643.0,2.1068439999999997,0.658575,GBR,MUS,8942
844912,97,151,1410,2001.0,568315.0,0.0,0.639538,1.5157610000000001,HKG,MUS,8942
844913,103,151,1410,2001.0,35669.0,0.0,0.039233,1.780659,IDN,MUS,8942
844914,104,151,1410,2001.0,96271.0,0.0,0.382444,2.538934,IND,MUS,8942
844915,106,151,1410,2001.0,1090.0,0.0,1.751955,0.210628,IRL,MUS,8942
844916,111,151,1410,2001.0,18839.0,8028.0,1.488545,0.8410610000000001,ITA,MUS,8942
844917,114,151,1410,2001.0,85266.0,30047.0,2.674032,0.445636,JPN,MUS,8942
844918,121,151,1410,2001.0,6268.0,0.0,1.436204,0.917057,KOR,MUS,8942
844919,131,151,1410,2001.0,1875.0,0.0,1.326753,1.2069530000000002,LUX,MUS,8942
844920,136,151,1410,2001.0,5121.0,12921.0,-1.0624850000000001,-0.695873,MDG,MUS,8942
844921,153,151,1410,2001.0,36955.0,0.0,0.894191,0.310677,MYS,MUS,8942
844922,162,151,1410,2001.0,23698.0,13498.0,1.299569,1.487015,NLD,MUS,8942
844923,168,151,1410,2001.0,10425.0,0.0,-0.741053,-0.41444,PAK,MUS,8942
844924,179,151,1410,2001.0,0.0,3817.0,0.688736,1.326716,PRT,MUS,8942
844925,192,151,1410,2001.0,20704.0,2306.0,1.587064,0.639626,SGP,MUS,8942
844926,208,151,1410,2001.0,0.0,5091.0,2.01685,0.8233159999999999,SWE,MUS,8942
844927,209,151,1410,2001.0,1773.0,0.0,0.31004299999999996,-0.21159499999999998,SWZ,MUS,8942
844928,211,151,1410,2001.0,0.0,3380.0,-0.40370700000000004,-0.9052620000000001,SYC,MUS,8942
844929,216,151,1410,2001.0,106822.0,0.0,0.49264600000000003,1.493471,THA,MUS,8942
844930,231,151,1410,2001.0,236457.0,766497.0,1.96615,-0.12332699999999999,USA,MUS,8942
844931,246,151,1410,2001.0,474662.0,30947.0,0.249833,2.1142950000000003,ZAF,MUS,8942
844932,249,151,1410,2001.0,313397.0,0.0,1.7270020000000001,1.252843,TWN,MUS,8942
844933,250,151,1410,2001.0,14219.0,0.0,0.947105,-0.529946,ANS,MUS,8942
844934,14,176,1410,2001.0,109904.0,0.0,-0.12189000000000001,0.7281770000000001,AUS,PNG,8942
844935,39,176,1410,2001.0,3287.0,0.0,0.8899729999999999,1.3778299999999999,CAN,PNG,8942
844936,41,176,1410,2001.0,2332.0,0.0,2.161588,0.8069890000000001,CHE,PNG,8942
844937,43,176,1410,2001.0,211495.0,0.0,0.535502,2.28778,CHN,PNG,8942
844938,61,176,1410,2001.0,1412.0,0.0,2.335872,-2.09875,DEU,PNG,8942
844939,81,176,1410,2001.0,3868.0,0.0,2.1068439999999997,0.658575,GBR,PNG,8942
844940,97,176,1410,2001.0,248022.0,0.0,0.639538,1.5157610000000001,HKG,PNG,8942
844941,103,176,1410,2001.0,38180.0,0.0,0.039233,1.780659,IDN,PNG,8942
844942,114,176,1410,2001.0,5527.0,0.0,2.674032,0.445636,JPN,PNG,8942
844943,153,176,1410,2001.0,46170.0,0.0,0.894191,0.310677,MYS,PNG,8942
844944,166,176,1410,2001.0,19403.0,0.0,0.220307,0.689625,NZL,PNG,8942
844945,192,176,1410,2001.0,44186.0,0.0,1.587064,0.639626,SGP,PNG,8942
844946,216,176,1410,2001.0,64540.0,0.0,0.49264600000000003,1.493471,THA,PNG,8942
844947,231,176,1410,2001.0,36476.0,0.0,1.96615,-0.12332699999999999,USA,PNG,8942
844948,249,176,1410,2001.0,46103.0,0.0,1.7270020000000001,1.252843,TWN,PNG,8942
844949,6,234,1410,2001.0,8771.0,0.0,-0.17823699999999998,-0.814499,ANT,VCT,8942
844950,33,234,1410,2001.0,37176.0,0.0,0.418462,-0.020000999999999998,BRB,VCT,8942
844951,39,234,1410,2001.0,2806.0,0.0,0.8899729999999999,1.3778299999999999,CAN,VCT,8942
844952,41,234,1410,2001.0,1244.0,0.0,2.161588,0.8069890000000001,CHE,VCT,8942
844953,43,234,1410,2001.0,29170.0,0.0,0.535502,2.28778,CHN,VCT,8942
844954,61,234,1410,2001.0,30016.0,0.0,2.335872,-2.09875,DEU,VCT,8942
844955,63,234,1410,2001.0,6706.0,0.0,0.573546,0.326301,DMA,VCT,8942
844956,77,234,1410,2001.0,1159.0,0.0,1.6143809999999998,0.626221,FRA,VCT,8942
844957,81,234,1410,2001.0,9217.0,0.0,2.1068439999999997,0.658575,GBR,VCT,8942
844958,97,234,1410,2001.0,5481.0,0.0,0.639538,1.5157610000000001,HKG,VCT,8942
844959,162,234,1410,2001.0,6781.0,0.0,1.299569,1.487015,NLD,VCT,8942
844960,169,234,1410,2001.0,32896.0,0.0,0.17863800000000002,0.440159,PAN,VCT,8942
844961,222,234,1410,2001.0,8565.0,0.0,0.265201,-0.602807,TTO,VCT,8942
844962,231,234,1410,2001.0,73987.0,0.0,1.96615,-0.12332699999999999,USA,VCT,8942
844963,249,234,1410,2001.0,16365.0,0.0,1.7270020000000001,1.252843,TWN,VCT,8942
844964,7,247,1410,2001.0,58349.0,0.0,-0.217259,-0.613042,ARE,ZMB,8942
844965,14,247,1410,2001.0,8431.0,0.0,-0.12189000000000001,0.7281770000000001,AUS,ZMB,8942
844966,37,247,1410,2001.0,0.0,5747.0,-0.470005,-1.180158,BWA,ZMB,8942
844967,39,247,1410,2001.0,12885.0,0.0,0.8899729999999999,1.3778299999999999,CAN,ZMB,8942
844968,43,247,1410,2001.0,7001.0,0.0,0.535502,2.28778,CHN,ZMB,8942
844969,46,247,1410,2001.0,0.0,4103.0,-1.2660959999999999,-1.1988860000000001,COD,ZMB,8942
844970,61,247,1410,2001.0,1314.0,0.0,2.335872,-2.09875,DEU,ZMB,8942
844971,64,247,1410,2001.0,1052.0,0.0,1.356327,1.3288309999999999,DNK,ZMB,8942
844972,77,247,1410,2001.0,2263.0,0.0,1.6143809999999998,0.626221,FRA,ZMB,8942
844973,81,247,1410,2001.0,62033.0,0.0,2.1068439999999997,0.658575,GBR,ZMB,8942
844974,97,247,1410,2001.0,4652.0,0.0,0.639538,1.5157610000000001,HKG,ZMB,8942
844975,104,247,1410,2001.0,3702.0,0.0,0.382444,2.538934,IND,ZMB,8942
844976,121,247,1410,2001.0,28531.0,0.0,1.436204,0.917057,KOR,ZMB,8942
844977,162,247,1410,2001.0,13020.0,0.0,1.299569,1.487015,NLD,ZMB,8942
844978,216,247,1410,2001.0,2328.0,0.0,0.49264600000000003,1.493471,THA,ZMB,8942
844979,246,247,1410,2001.0,661087.0,0.0,0.249833,2.1142950000000003,ZAF,ZMB,8942
844980,15,4,1410,2001.0,29021.0,0.0,1.8987740000000002,0.45922700000000005,AUT,ALB,8942
844981,18,4,1410,2001.0,11017.0,46341.0,1.425483,1.3072409999999999,BEL,ALB,8942
844982,23,4,1410,2001.0,25751.0,0.0,0.46429799999999993,1.7500380000000002,BGR,ALB,8942
844983,41,4,1410,2001.0,1300.0,0.0,2.161588,0.8069890000000001,CHE,ALB,8942
844984,43,4,1410,2001.0,507699.0,0.0,0.535502,2.28778,CHN,ALB,8942
844985,61,4,1410,2001.0,24910.0,20763.0,2.335872,-2.09875,DEU,ALB,8942
844986,68,4,1410,2001.0,0.0,1018.0,-0.346794,0.431229,EGY,ALB,8942
844987,71,4,1410,2001.0,56396.0,0.0,1.1380350000000001,1.7870139999999999,ESP,ALB,8942
844988,77,4,1410,2001.0,2395.0,0.0,1.6143809999999998,0.626221,FRA,ALB,8942
844989,81,4,1410,2001.0,8900.0,0.0,2.1068439999999997,0.658575,GBR,ALB,8942
844990,90,4,1410,2001.0,163702.0,0.0,0.338607,1.506593,GRC,ALB,8942
844991,97,4,1410,2001.0,17119.0,0.0,0.639538,1.5157610000000001,HKG,ALB,8942
844992,100,4,1410,2001.0,22083.0,0.0,0.6315729999999999,1.169338,HRV,ALB,8942
844993,102,4,1410,2001.0,9608.0,0.0,1.069245,1.2217069999999999,HUN,ALB,8942
844994,111,4,1410,2001.0,1365585.0,965374.0,1.488545,0.8410610000000001,ITA,ALB,8942
844995,121,4,1410,2001.0,14054.0,0.0,1.436204,0.917057,KOR,ALB,8942
844996,140,4,1410,2001.0,1054.0,0.0,0.085844,0.413947,MKD,ALB,8942
844997,188,4,1410,2001.0,1465.0,0.0,0.078887,-0.9764430000000001,SAU,ALB,8942
844998,189,4,1410,2001.0,7270.0,1558.0,0.38765,2.769588,SCG,ALB,8942
844999,216,4,1410,2001.0,11680.0,0.0,0.49264600000000003,1.493471,THA,ALB,8942
845000,224,4,1410,2001.0,171055.0,0.0,0.168219,1.989011,TUR,ALB,8942
845001,231,4,1410,2001.0,69438.0,0.0,1.96615,-0.12332699999999999,USA,ALB,8942
845002,15,5,1410,2001.0,46103.0,0.0,1.8987740000000002,0.45922700000000005,AUT,AND,8942
845003,18,5,1410,2001.0,14412.0,0.0,1.425483,1.3072409999999999,BEL,AND,8942
845004,41,5,1410,2001.0,46226.0,0.0,2.161588,0.8069890000000001,CHE,AND,8942
845005,43,5,1410,2001.0,8474.0,0.0,0.535502,2.28778,CHN,AND,8942
845006,59,5,1410,2001.0,13622.0,0.0,1.56908,0.860384,CZE,AND,8942
845007,61,5,1410,2001.0,1039746.0,0.0,2.335872,-2.09875,DEU,AND,8942
845008,64,5,1410,2001.0,11809.0,0.0,1.356327,1.3288309999999999,DNK,AND,8942
845009,71,5,1410,2001.0,11214842.0,141820.0,1.1380350000000001,1.7870139999999999,ESP,AND,8942
845010,74,5,1410,2001.0,2170.0,0.0,1.9661669999999998,1.000436,FIN,AND,8942
845011,77,5,1410,2001.0,1503744.0,164142.0,1.6143809999999998,0.626221,FRA,AND,8942
845012,81,5,1410,2001.0,55866.0,0.0,2.1068439999999997,0.658575,GBR,AND,8942
845013,97,5,1410,2001.0,62412.0,907457.0,0.639538,1.5157610000000001,HKG,AND,8942
845014,104,5,1410,2001.0,7827.0,0.0,0.382444,2.538934,IND,AND,8942
845015,111,5,1410,2001.0,126768.0,0.0,1.488545,0.8410610000000001,ITA,AND,8942
845016,114,5,1410,2001.0,230587.0,0.0,2.674032,0.445636,JPN,AND,8942
845017,121,5,1410,2001.0,14653.0,0.0,1.436204,0.917057,KOR,AND,8942
845018,131,5,1410,2001.0,7941.0,0.0,1.326753,1.2069530000000002,LUX,AND,8942
845019,162,5,1410,2001.0,6656.0,0.0,1.299569,1.487015,NLD,AND,8942
845020,179,5,1410,2001.0,2974.0,0.0,0.688736,1.326716,PRT,AND,8942
845021,186,5,1410,2001.0,1148.0,0.0,0.546271,0.195872,RUS,AND,8942
845022,207,5,1410,2001.0,1005.0,0.0,1.488089,1.0928360000000001,SVN,AND,8942
845023,208,5,1410,2001.0,3929.0,0.0,2.01685,0.8233159999999999,SWE,AND,8942
845024,231,5,1410,2001.0,30923.0,36210.0,1.96615,-0.12332699999999999,USA,AND,8942
845025,249,5,1410,2001.0,10731.0,0.0,1.7270020000000001,1.252843,TWN,AND,8942
845026,7,9,1410,2001.0,564164.0,0.0,-0.217259,-0.613042,ARE,ARM,8942
845027,23,9,1410,2001.0,1307.0,0.0,0.46429799999999993,1.7500380000000002,BGR,ARM,8942
845028,28,9,1410,2001.0,2087.0,0.0,0.78008,1.232713,BLR,ARM,8942
845029,43,9,1410,2001.0,60625.0,0.0,0.535502,2.28778,CHN,ARM,8942
845030,58,9,1410,2001.0,4494.0,0.0,0.30700500000000003,0.258726,CYP,ARM,8942
845031,61,9,1410,2001.0,43073.0,0.0,2.335872,-2.09875,DEU,ARM,8942
845032,64,9,1410,2001.0,39055.0,0.0,1.356327,1.3288309999999999,DNK,ARM,8942
845033,71,9,1410,2001.0,5072.0,0.0,1.1380350000000001,1.7870139999999999,ESP,ARM,8942
845034,74,9,1410,2001.0,20574.0,0.0,1.9661669999999998,1.000436,FIN,ARM,8942
845035,77,9,1410,2001.0,9613.0,0.0,1.6143809999999998,0.626221,FRA,ARM,8942
845036,81,9,1410,2001.0,4900.0,0.0,2.1068439999999997,0.658575,GBR,ARM,8942
845037,82,9,1410,2001.0,0.0,6512.0,0.063126,-0.285493,GEO,ARM,8942
845038,90,9,1410,2001.0,40436.0,0.0,0.338607,1.506593,GRC,ARM,8942
845039,107,9,1410,2001.0,154088.0,0.0,-0.973691,-1.05654,IRN,ARM,8942
845040,111,9,1410,2001.0,39943.0,0.0,1.488545,0.8410610000000001,ITA,ARM,8942
845041,114,9,1410,2001.0,1841.0,0.0,2.674032,0.445636,JPN,ARM,8942
845042,115,9,1410,2001.0,0.0,3347.0,-0.05773,-0.44668500000000005,KAZ,ARM,8942
845043,121,9,1410,2001.0,72770.0,0.0,1.436204,0.917057,KOR,ARM,8942
845044,162,9,1410,2001.0,4653.0,0.0,1.299569,1.487015,NLD,ARM,8942
845045,186,9,1410,2001.0,4342.0,16354.0,0.546271,0.195872,RUS,ARM,8942
845046,212,9,1410,2001.0,14545.0,0.0,-1.138774,-0.839648,SYR,ARM,8942
845047,224,9,1410,2001.0,6760.0,0.0,0.168219,1.989011,TUR,ARM,8942
845048,231,9,1410,2001.0,61082.0,24021.0,1.96615,-0.12332699999999999,USA,ARM,8942
845049,18,17,1410,2001.0,14291.0,0.0,1.425483,1.3072409999999999,BEL,BDI,8942
845050,61,17,1410,2001.0,2274.0,0.0,2.335872,-2.09875,DEU,BDI,8942
845051,64,17,1410,2001.0,4598.0,0.0,1.356327,1.3288309999999999,DNK,BDI,8942
845052,71,17,1410,2001.0,87232.0,0.0,1.1380350000000001,1.7870139999999999,ESP,BDI,8942
845053,231,17,1410,2001.0,2547.0,0.0,1.96615,-0.12332699999999999,USA,BDI,8942
845054,246,17,1410,2001.0,1532.0,0.0,0.249833,2.1142950000000003,ZAF,BDI,8942
845055,7,24,1410,2001.0,25620.0,45904.0,-0.217259,-0.613042,ARE,BHR,8942
845056,18,24,1410,2001.0,59994.0,0.0,1.425483,1.3072409999999999,BEL,BHR,8942
845057,39,24,1410,2001.0,15795.0,0.0,0.8899729999999999,1.3778299999999999,CAN,BHR,8942
845058,41,24,1410,2001.0,7928.0,0.0,2.161588,0.8069890000000001,CHE,BHR,8942
845059,43,24,1410,2001.0,825175.0,0.0,0.535502,2.28778,CHN,BHR,8942
845060,58,24,1410,2001.0,8150.0,0.0,0.30700500000000003,0.258726,CYP,BHR,8942
845061,61,24,1410,2001.0,72678.0,0.0,2.335872,-2.09875,DEU,BHR,8942
845062,64,24,1410,2001.0,98506.0,0.0,1.356327,1.3288309999999999,DNK,BHR,8942
845063,68,24,1410,2001.0,5850.0,0.0,-0.346794,0.431229,EGY,BHR,8942
845064,71,24,1410,2001.0,92613.0,0.0,1.1380350000000001,1.7870139999999999,ESP,BHR,8942
845065,77,24,1410,2001.0,27736.0,0.0,1.6143809999999998,0.626221,FRA,BHR,8942
845066,81,24,1410,2001.0,442418.0,2568.0,2.1068439999999997,0.658575,GBR,BHR,8942
845067,90,24,1410,2001.0,5835.0,0.0,0.338607,1.506593,GRC,BHR,8942
845068,97,24,1410,2001.0,501364.0,0.0,0.639538,1.5157610000000001,HKG,BHR,8942
845069,103,24,1410,2001.0,22567.0,0.0,0.039233,1.780659,IDN,BHR,8942
845070,104,24,1410,2001.0,27651.0,0.0,0.382444,2.538934,IND,BHR,8942
845071,106,24,1410,2001.0,11491.0,0.0,1.751955,0.210628,IRL,BHR,8942
845072,107,24,1410,2001.0,16740.0,0.0,-0.973691,-1.05654,IRN,BHR,8942
845073,111,24,1410,2001.0,166326.0,0.0,1.488545,0.8410610000000001,ITA,BHR,8942
845074,114,24,1410,2001.0,45559.0,0.0,2.674032,0.445636,JPN,BHR,8942
845075,121,24,1410,2001.0,60406.0,0.0,1.436204,0.917057,KOR,BHR,8942
845076,124,24,1410,2001.0,10014.0,0.0,0.09267,0.97731,LBN,BHR,8942
845077,128,24,1410,2001.0,1575.0,0.0,-0.43381000000000003,0.057630999999999995,LKA,BHR,8942
845078,138,24,1410,2001.0,1361.0,0.0,1.088661,0.680197,MEX,BHR,8942
845079,153,24,1410,2001.0,26094.0,0.0,0.894191,0.310677,MYS,BHR,8942
845080,162,24,1410,2001.0,34669.0,1774.0,1.299569,1.487015,NLD,BHR,8942
845081,167,24,1410,2001.0,0.0,5765.0,-1.4727729999999999,-1.329588,OMN,BHR,8942
845082,168,24,1410,2001.0,5808.0,0.0,-0.741053,-0.41444,PAK,BHR,8942
845083,174,24,1410,2001.0,3892.0,0.0,0.153601,-0.174218,PHL,BHR,8942
845084,183,24,1410,2001.0,0.0,4918.0,-0.282283,-1.136895,QAT,BHR,8942
845085,188,24,1410,2001.0,42617.0,116075.0,0.078887,-0.9764430000000001,SAU,BHR,8942
845086,192,24,1410,2001.0,12032.0,0.0,1.587064,0.639626,SGP,BHR,8942
845087,208,24,1410,2001.0,10806.0,0.0,2.01685,0.8233159999999999,SWE,BHR,8942
845088,216,24,1410,2001.0,171442.0,0.0,0.49264600000000003,1.493471,THA,BHR,8942
845089,224,24,1410,2001.0,2847.0,0.0,0.168219,1.989011,TUR,BHR,8942
845090,231,24,1410,2001.0,1053654.0,33840.0,1.96615,-0.12332699999999999,USA,BHR,8942
845091,246,24,1410,2001.0,5304.0,0.0,0.249833,2.1142950000000003,ZAF,BHR,8942
845092,249,24,1410,2001.0,114343.0,0.0,1.7270020000000001,1.252843,TWN,BHR,8942
845093,7,34,1410,2001.0,17768.0,0.0,-0.217259,-0.613042,ARE,BRN,8942
845094,14,34,1410,2001.0,12052.0,0.0,-0.12189000000000001,0.7281770000000001,AUS,BRN,8942
845095,41,34,1410,2001.0,2457.0,0.0,2.161588,0.8069890000000001,CHE,BRN,8942
845096,43,34,1410,2001.0,145706.0,0.0,0.535502,2.28778,CHN,BRN,8942
845097,61,34,1410,2001.0,8061.0,0.0,2.335872,-2.09875,DEU,BRN,8942
845098,64,34,1410,2001.0,1172.0,0.0,1.356327,1.3288309999999999,DNK,BRN,8942
845099,71,34,1410,2001.0,8388.0,0.0,1.1380350000000001,1.7870139999999999,ESP,BRN,8942
845100,77,34,1410,2001.0,17770.0,0.0,1.6143809999999998,0.626221,FRA,BRN,8942
845101,81,34,1410,2001.0,54045.0,0.0,2.1068439999999997,0.658575,GBR,BRN,8942
845102,97,34,1410,2001.0,238311.0,0.0,0.639538,1.5157610000000001,HKG,BRN,8942
845103,103,34,1410,2001.0,31077.0,1963.0,0.039233,1.780659,IDN,BRN,8942
845104,111,34,1410,2001.0,8243.0,0.0,1.488545,0.8410610000000001,ITA,BRN,8942
845105,114,34,1410,2001.0,46525.0,0.0,2.674032,0.445636,JPN,BRN,8942
845106,121,34,1410,2001.0,36837.0,0.0,1.436204,0.917057,KOR,BRN,8942
845107,153,34,1410,2001.0,275831.0,9847.0,0.894191,0.310677,MYS,BRN,8942
845108,162,34,1410,2001.0,7989.0,0.0,1.299569,1.487015,NLD,BRN,8942
845109,174,34,1410,2001.0,20711.0,0.0,0.153601,-0.174218,PHL,BRN,8942
845110,192,34,1410,2001.0,3937096.0,5358.0,1.587064,0.639626,SGP,BRN,8942
845111,216,34,1410,2001.0,36686.0,0.0,0.49264600000000003,1.493471,THA,BRN,8942
845112,231,34,1410,2001.0,76167.0,0.0,1.96615,-0.12332699999999999,USA,BRN,8942
845113,249,34,1410,2001.0,45395.0,0.0,1.7270020000000001,1.252843,TWN,BRN,8942
845114,250,34,1410,2001.0,11687.0,0.0,0.947105,-0.529946,ANS,BRN,8942
845115,77,50,1410,2001.0,4133.0,0.0,1.6143809999999998,0.626221,FRA,COM,8942
845116,136,50,1410,2001.0,1029.0,0.0,-1.0624850000000001,-0.695873,MDG,COM,8942
845117,192,50,1410,2001.0,1268.0,0.0,1.587064,0.639626,SGP,COM,8942
845118,33,63,1410,2001.0,0.0,4549.0,0.418462,-0.020000999999999998,BRB,DMA,8942
845119,43,63,1410,2001.0,1825758.0,0.0,0.535502,2.28778,CHN,DMA,8942
845120,61,63,1410,2001.0,11550.0,0.0,2.335872,-2.09875,DEU,DMA,8942
845121,77,63,1410,2001.0,2529.0,0.0,1.6143809999999998,0.626221,FRA,DMA,8942
845122,91,63,1410,2001.0,0.0,3369.0,0.405462,-0.304177,GRD,DMA,8942
845123,97,63,1410,2001.0,7970.0,0.0,0.639538,1.5157610000000001,HKG,DMA,8942
845124,103,63,1410,2001.0,45083.0,0.0,0.039233,1.780659,IDN,DMA,8942
845125,112,63,1410,2001.0,2304.0,24920.0,-0.562839,-0.9381510000000001,JAM,DMA,8942
845126,114,63,1410,2001.0,44653.0,2018.0,2.674032,0.445636,JPN,DMA,8942
845127,127,63,1410,2001.0,0.0,4424.0,0.064826,-0.521713,LCA,DMA,8942
845128,162,63,1410,2001.0,0.0,1460.0,1.299569,1.487015,NLD,DMA,8942
845129,173,63,1410,2001.0,0.0,2366.0,-0.318071,0.116602,PER,DMA,8942
845130,179,63,1410,2001.0,2110.0,0.0,0.688736,1.326716,PRT,DMA,8942
845131,222,63,1410,2001.0,6044.0,0.0,0.265201,-0.602807,TTO,DMA,8942
845132,231,63,1410,2001.0,269847.0,10809.0,1.96615,-0.12332699999999999,USA,DMA,8942
845133,234,63,1410,2001.0,0.0,6706.0,-0.318918,-0.764984,VCT,DMA,8942
845134,249,63,1410,2001.0,17886.0,0.0,1.7270020000000001,1.252843,TWN,DMA,8942
845135,7,82,1410,2001.0,26480.0,0.0,-0.217259,-0.613042,ARE,GEO,8942
845136,9,82,1410,2001.0,6512.0,0.0,0.62364,0.172704,ARM,GEO,8942
845137,15,82,1410,2001.0,3150.0,0.0,1.8987740000000002,0.45922700000000005,AUT,GEO,8942
845138,16,82,1410,2001.0,0.0,39222.0,-0.613283,-0.949908,AZE,GEO,8942
845139,18,82,1410,2001.0,1414.0,0.0,1.425483,1.3072409999999999,BEL,GEO,8942
845140,23,82,1410,2001.0,10524.0,0.0,0.46429799999999993,1.7500380000000002,BGR,GEO,8942
845141,43,82,1410,2001.0,24021.0,0.0,0.535502,2.28778,CHN,GEO,8942
845142,59,82,1410,2001.0,29891.0,0.0,1.56908,0.860384,CZE,GEO,8942
845143,61,82,1410,2001.0,84432.0,0.0,2.335872,-2.09875,DEU,GEO,8942
845144,64,82,1410,2001.0,4361.0,0.0,1.356327,1.3288309999999999,DNK,GEO,8942
845145,71,82,1410,2001.0,12981.0,0.0,1.1380350000000001,1.7870139999999999,ESP,GEO,8942
845146,74,82,1410,2001.0,1426.0,0.0,1.9661669999999998,1.000436,FIN,GEO,8942
845147,77,82,1410,2001.0,0.0,106669.0,1.6143809999999998,0.626221,FRA,GEO,8942
845148,81,82,1410,2001.0,19878.0,0.0,2.1068439999999997,0.658575,GBR,GEO,8942
845149,90,82,1410,2001.0,9623.0,0.0,0.338607,1.506593,GRC,GEO,8942
845150,97,82,1410,2001.0,29070.0,0.0,0.639538,1.5157610000000001,HKG,GEO,8942
845151,102,82,1410,2001.0,13967.0,0.0,1.069245,1.2217069999999999,HUN,GEO,8942
845152,107,82,1410,2001.0,66462.0,0.0,-0.973691,-1.05654,IRN,GEO,8942
845153,111,82,1410,2001.0,24446.0,0.0,1.488545,0.8410610000000001,ITA,GEO,8942
845154,114,82,1410,2001.0,0.0,8991.0,2.674032,0.445636,JPN,GEO,8942
845155,115,82,1410,2001.0,7613.0,0.0,-0.05773,-0.44668500000000005,KAZ,GEO,8942
845156,121,82,1410,2001.0,8261.0,0.0,1.436204,0.917057,KOR,GEO,8942
845157,130,82,1410,2001.0,3417.0,0.0,0.21069699999999997,0.720384,LTU,GEO,8942
845158,162,82,1410,2001.0,67473.0,0.0,1.299569,1.487015,NLD,GEO,8942
845159,177,82,1410,2001.0,3948.0,0.0,0.983238,1.7436209999999999,POL,GEO,8942
845160,186,82,1410,2001.0,13411.0,0.0,0.546271,0.195872,RUS,GEO,8942
845161,224,82,1410,2001.0,19643.0,0.0,0.168219,1.989011,TUR,GEO,8942
845162,231,82,1410,2001.0,241550.0,1054.0,1.96615,-0.12332699999999999,USA,GEO,8942
845163,239,82,1410,2001.0,27718.0,0.0,-0.533978,0.503988,VNM,GEO,8942
845164,7,87,1410,2001.0,10758.0,0.0,-0.217259,-0.613042,ARE,GMB,8942
845165,18,87,1410,2001.0,24710.0,0.0,1.425483,1.3072409999999999,BEL,GMB,8942
845166,41,87,1410,2001.0,1639.0,0.0,2.161588,0.8069890000000001,CHE,GMB,8942
845167,43,87,1410,2001.0,1182.0,0.0,0.535502,2.28778,CHN,GMB,8942
845168,61,87,1410,2001.0,32744.0,0.0,2.335872,-2.09875,DEU,GMB,8942
845169,71,87,1410,2001.0,18415.0,0.0,1.1380350000000001,1.7870139999999999,ESP,GMB,8942
845170,77,87,1410,2001.0,63981.0,0.0,1.6143809999999998,0.626221,FRA,GMB,8942
845171,81,87,1410,2001.0,245388.0,0.0,2.1068439999999997,0.658575,GBR,GMB,8942
845172,97,87,1410,2001.0,57364.0,0.0,0.639538,1.5157610000000001,HKG,GMB,8942
845173,124,87,1410,2001.0,1409.0,0.0,0.09267,0.97731,LBN,GMB,8942
845174,162,87,1410,2001.0,19110.0,0.0,1.299569,1.487015,NLD,GMB,8942
845175,208,87,1410,2001.0,1908.0,0.0,2.01685,0.8233159999999999,SWE,GMB,8942
845176,216,87,1410,2001.0,7369.0,0.0,0.49264600000000003,1.493471,THA,GMB,8942
845177,231,87,1410,2001.0,28031.0,0.0,1.96615,-0.12332699999999999,USA,GMB,8942
845178,43,108,1410,2001.0,174264.0,0.0,0.535502,2.28778,CHN,IRQ,8942
845179,64,108,1410,2001.0,1846.0,0.0,1.356327,1.3288309999999999,DNK,IRQ,8942
845180,81,108,1410,2001.0,270977.0,0.0,2.1068439999999997,0.658575,GBR,IRQ,8942
845181,107,108,1410,2001.0,517082.0,0.0,-0.973691,-1.05654,IRN,IRQ,8942
845182,113,108,1410,2001.0,111477.0,0.0,0.5404760000000001,0.8497170000000001,JOR,IRQ,8942
845183,15,109,1410,2001.0,119149.0,0.0,1.8987740000000002,0.45922700000000005,AUT,ISL,8942
845184,18,109,1410,2001.0,68263.0,0.0,1.425483,1.3072409999999999,BEL,ISL,8942
845185,39,109,1410,2001.0,42225.0,0.0,0.8899729999999999,1.3778299999999999,CAN,ISL,8942
845186,41,109,1410,2001.0,70823.0,25931.0,2.161588,0.8069890000000001,CHE,ISL,8942
845187,43,109,1410,2001.0,854860.0,0.0,0.535502,2.28778,CHN,ISL,8942
845188,59,109,1410,2001.0,16446.0,0.0,1.56908,0.860384,CZE,ISL,8942
845189,61,109,1410,2001.0,1297981.0,0.0,2.335872,-2.09875,DEU,ISL,8942
845190,64,109,1410,2001.0,1205849.0,7504.0,1.356327,1.3288309999999999,DNK,ISL,8942
845191,71,109,1410,2001.0,95500.0,0.0,1.1380350000000001,1.7870139999999999,ESP,ISL,8942
845192,74,109,1410,2001.0,48375.0,0.0,1.9661669999999998,1.000436,FIN,ISL,8942
845193,77,109,1410,2001.0,173431.0,0.0,1.6143809999999998,0.626221,FRA,ISL,8942
845194,78,109,1410,2001.0,0.0,13001.0,-0.945048,-0.9974049999999999,FRO,ISL,8942
845195,81,109,1410,2001.0,1424891.0,10124.0,2.1068439999999997,0.658575,GBR,ISL,8942
845196,90,109,1410,2001.0,9026.0,0.0,0.338607,1.506593,GRC,ISL,8942
845197,97,109,1410,2001.0,361833.0,0.0,0.639538,1.5157610000000001,HKG,ISL,8942
845198,103,109,1410,2001.0,17163.0,0.0,0.039233,1.780659,IDN,ISL,8942
845199,104,109,1410,2001.0,3675.0,0.0,0.382444,2.538934,IND,ISL,8942
845200,106,109,1410,2001.0,99519.0,1785.0,1.751955,0.210628,IRL,ISL,8942
845201,110,109,1410,2001.0,6179.0,0.0,1.17675,0.900401,ISR,ISL,8942
845202,111,109,1410,2001.0,182944.0,0.0,1.488545,0.8410610000000001,ITA,ISL,8942
845203,114,109,1410,2001.0,205496.0,2018.0,2.674032,0.445636,JPN,ISL,8942
845204,121,109,1410,2001.0,19582.0,0.0,1.436204,0.917057,KOR,ISL,8942
845205,128,109,1410,2001.0,3335.0,0.0,-0.43381000000000003,0.057630999999999995,LKA,ISL,8942
845206,131,109,1410,2001.0,2776.0,0.0,1.326753,1.2069530000000002,LUX,ISL,8942
845207,138,109,1410,2001.0,1996.0,0.0,1.088661,0.680197,MEX,ISL,8942
845208,142,109,1410,2001.0,36944.0,0.0,1.048708,-0.04453,MLT,ISL,8942
845209,153,109,1410,2001.0,7781.0,0.0,0.894191,0.310677,MYS,ISL,8942
845210,162,109,1410,2001.0,1127380.0,0.0,1.299569,1.487015,NLD,ISL,8942
845211,163,109,1410,2001.0,65525.0,4400.0,0.542366,-0.180336,NOR,ISL,8942
845212,168,109,1410,2001.0,4695.0,0.0,-0.741053,-0.41444,PAK,ISL,8942
845213,174,109,1410,2001.0,2327.0,0.0,0.153601,-0.174218,PHL,ISL,8942
845214,177,109,1410,2001.0,50923.0,54765.0,0.983238,1.7436209999999999,POL,ISL,8942
845215,179,109,1410,2001.0,4027.0,14940.0,0.688736,1.326716,PRT,ISL,8942
845216,186,109,1410,2001.0,0.0,7806.0,0.546271,0.195872,RUS,ISL,8942
845217,207,109,1410,2001.0,0.0,3067.0,1.488089,1.0928360000000001,SVN,ISL,8942
845218,208,109,1410,2001.0,609724.0,4786.0,2.01685,0.8233159999999999,SWE,ISL,8942
845219,216,109,1410,2001.0,41485.0,0.0,0.49264600000000003,1.493471,THA,ISL,8942
845220,231,109,1410,2001.0,2744284.0,68302.0,1.96615,-0.12332699999999999,USA,ISL,8942
845221,239,109,1410,2001.0,33887.0,0.0,-0.533978,0.503988,VNM,ISL,8942
845222,246,109,1410,2001.0,0.0,1403.0,0.249833,2.1142950000000003,ZAF,ISL,8942
845223,249,109,1410,2001.0,42564.0,0.0,1.7270020000000001,1.252843,TWN,ISL,8942
845224,14,118,1410,2001.0,136821.0,4008.0,-0.12189000000000001,0.7281770000000001,AUS,KHM,8942
845225,18,118,1410,2001.0,18030.0,0.0,1.425483,1.3072409999999999,BEL,KHM,8942
845226,39,118,1410,2001.0,1777.0,1683.0,0.8899729999999999,1.3778299999999999,CAN,KHM,8942
845227,41,118,1410,2001.0,3607.0,0.0,2.161588,0.8069890000000001,CHE,KHM,8942
845228,43,118,1410,2001.0,160803.0,0.0,0.535502,2.28778,CHN,KHM,8942
845229,77,118,1410,2001.0,72221.0,0.0,1.6143809999999998,0.626221,FRA,KHM,8942
845230,81,118,1410,2001.0,5766.0,0.0,2.1068439999999997,0.658575,GBR,KHM,8942
845231,97,118,1410,2001.0,98832.0,0.0,0.639538,1.5157610000000001,HKG,KHM,8942
845232,103,118,1410,2001.0,3374.0,0.0,0.039233,1.780659,IDN,KHM,8942
845233,114,118,1410,2001.0,387431.0,0.0,2.674032,0.445636,JPN,KHM,8942
845234,121,118,1410,2001.0,4851.0,0.0,1.436204,0.917057,KOR,KHM,8942
845235,153,118,1410,2001.0,55460.0,0.0,0.894191,0.310677,MYS,KHM,8942
845236,162,118,1410,2001.0,2298.0,0.0,1.299569,1.487015,NLD,KHM,8942
845237,174,118,1410,2001.0,201476.0,0.0,0.153601,-0.174218,PHL,KHM,8942
845238,192,118,1410,2001.0,198615.0,12665.0,1.587064,0.639626,SGP,KHM,8942
845239,216,118,1410,2001.0,1540673.0,0.0,0.49264600000000003,1.493471,THA,KHM,8942
845240,231,118,1410,2001.0,159703.0,316966.0,1.96615,-0.12332699999999999,USA,KHM,8942
845241,249,118,1410,2001.0,727789.0,4310.0,1.7270020000000001,1.252843,TWN,KHM,8942
845242,250,118,1410,2001.0,36467.0,0.0,0.947105,-0.529946,ANS,KHM,8942
845243,43,126,1410,2001.0,161944.0,0.0,0.535502,2.28778,CHN,LBY,8942
845244,61,126,1410,2001.0,18000.0,0.0,2.335872,-2.09875,DEU,LBY,8942
845245,68,126,1410,2001.0,259678.0,0.0,-0.346794,0.431229,EGY,LBY,8942
845246,71,126,1410,2001.0,16011.0,0.0,1.1380350000000001,1.7870139999999999,ESP,LBY,8942
845247,81,126,1410,2001.0,8320.0,28318.0,2.1068439999999997,0.658575,GBR,LBY,8942
845248,102,126,1410,2001.0,11000.0,0.0,1.069245,1.2217069999999999,HUN,LBY,8942
845249,111,126,1410,2001.0,175113.0,0.0,1.488545,0.8410610000000001,ITA,LBY,8942
845250,121,126,1410,2001.0,3669.0,0.0,1.436204,0.917057,KOR,LBY,8942
845251,142,126,1410,2001.0,8895.0,0.0,1.048708,-0.04453,MLT,LBY,8942
845252,162,126,1410,2001.0,1793.0,0.0,1.299569,1.487015,NLD,LBY,8942
845253,216,126,1410,2001.0,22567.0,0.0,0.49264600000000003,1.493471,THA,LBY,8942
845254,223,126,1410,2001.0,149069.0,0.0,0.054524,0.26892699999999997,TUN,LBY,8942
845255,224,126,1410,2001.0,122164.0,0.0,0.168219,1.989011,TUR,LBY,8942
845256,249,126,1410,2001.0,90298.0,0.0,1.7270020000000001,1.252843,TWN,LBY,8942
845257,7,136,1410,2001.0,8757.0,0.0,-0.217259,-0.613042,ARE,MDG,8942
845258,15,136,1410,2001.0,1710.0,0.0,1.8987740000000002,0.45922700000000005,AUT,MDG,8942
845259,18,136,1410,2001.0,8198.0,0.0,1.425483,1.3072409999999999,BEL,MDG,8942
845260,39,136,1410,2001.0,0.0,2524.0,0.8899729999999999,1.3778299999999999,CAN,MDG,8942
845261,41,136,1410,2001.0,0.0,1909.0,2.161588,0.8069890000000001,CHE,MDG,8942
845262,43,136,1410,2001.0,208153.0,0.0,0.535502,2.28778,CHN,MDG,8942
845263,50,136,1410,2001.0,0.0,1029.0,0.060207000000000004,-0.91817,COM,MDG,8942
845264,61,136,1410,2001.0,1671.0,54852.0,2.335872,-2.09875,DEU,MDG,8942
845265,71,136,1410,2001.0,103042.0,77991.0,1.1380350000000001,1.7870139999999999,ESP,MDG,8942
845266,77,136,1410,2001.0,519736.0,494162.0,1.6143809999999998,0.626221,FRA,MDG,8942
845267,81,136,1410,2001.0,30020.0,73029.0,2.1068439999999997,0.658575,GBR,MDG,8942
845268,97,136,1410,2001.0,763329.0,0.0,0.639538,1.5157610000000001,HKG,MDG,8942
845269,103,136,1410,2001.0,4731.0,0.0,0.039233,1.780659,IDN,MDG,8942
845270,104,136,1410,2001.0,1557.0,0.0,0.382444,2.538934,IND,MDG,8942
845271,106,136,1410,2001.0,0.0,7099.0,1.751955,0.210628,IRL,MDG,8942
845272,111,136,1410,2001.0,8136.0,31290.0,1.488545,0.8410610000000001,ITA,MDG,8942
845273,114,136,1410,2001.0,5995.0,3312.0,2.674032,0.445636,JPN,MDG,8942
845274,151,136,1410,2001.0,12921.0,5121.0,-0.304271,-0.589387,MUS,MDG,8942
845275,153,136,1410,2001.0,1751.0,0.0,0.894191,0.310677,MYS,MDG,8942
845276,163,136,1410,2001.0,1775.0,0.0,0.542366,-0.180336,NOR,MDG,8942
845277,168,136,1410,2001.0,1063.0,0.0,-0.741053,-0.41444,PAK,MDG,8942
845278,192,136,1410,2001.0,47959.0,0.0,1.587064,0.639626,SGP,MDG,8942
845279,211,136,1410,2001.0,0.0,3635.0,-0.40370700000000004,-0.9052620000000001,SYC,MDG,8942
845280,216,136,1410,2001.0,43146.0,0.0,0.49264600000000003,1.493471,THA,MDG,8942
845281,231,136,1410,2001.0,4337.0,179680.0,1.96615,-0.12332699999999999,USA,MDG,8942
845282,246,136,1410,2001.0,19111.0,1148.0,0.249833,2.1142950000000003,ZAF,MDG,8942
845283,249,136,1410,2001.0,9148.0,0.0,1.7270020000000001,1.252843,TWN,MDG,8942
845284,250,136,1410,2001.0,243638.0,1609.0,0.947105,-0.529946,ANS,MDG,8942
845285,7,137,1410,2001.0,98669.0,0.0,-0.217259,-0.613042,ARE,MDV,8942
845286,14,137,1410,2001.0,10293.0,0.0,-0.12189000000000001,0.7281770000000001,AUS,MDV,8942
845287,43,137,1410,2001.0,19806.0,0.0,0.535502,2.28778,CHN,MDV,8942
845288,61,137,1410,2001.0,16335.0,0.0,2.335872,-2.09875,DEU,MDV,8942
845289,77,137,1410,2001.0,1605.0,0.0,1.6143809999999998,0.626221,FRA,MDV,8942
845290,81,137,1410,2001.0,28812.0,0.0,2.1068439999999997,0.658575,GBR,MDV,8942
845291,97,137,1410,2001.0,6681.0,0.0,0.639538,1.5157610000000001,HKG,MDV,8942
845292,103,137,1410,2001.0,14667.0,0.0,0.039233,1.780659,IDN,MDV,8942
845293,104,137,1410,2001.0,58711.0,0.0,0.382444,2.538934,IND,MDV,8942
845294,111,137,1410,2001.0,9678.0,0.0,1.488545,0.8410610000000001,ITA,MDV,8942
845295,128,137,1410,2001.0,24383.0,0.0,-0.43381000000000003,0.057630999999999995,LKA,MDV,8942
845296,153,137,1410,2001.0,4978.0,0.0,0.894191,0.310677,MYS,MDV,8942
845297,162,137,1410,2001.0,2528.0,0.0,1.299569,1.487015,NLD,MDV,8942
845298,174,137,1410,2001.0,5015.0,0.0,0.153601,-0.174218,PHL,MDV,8942
845299,192,137,1410,2001.0,104572.0,0.0,1.587064,0.639626,SGP,MDV,8942
845300,216,137,1410,2001.0,138187.0,0.0,0.49264600000000003,1.493471,THA,MDV,8942
845301,231,137,1410,2001.0,3514.0,0.0,1.96615,-0.12332699999999999,USA,MDV,8942
845302,249,137,1410,2001.0,9638.0,0.0,1.7270020000000001,1.252843,TWN,MDV,8942
845303,250,137,1410,2001.0,23194.0,0.0,0.947105,-0.529946,ANS,MDV,8942
845304,7,141,1410,2001.0,234149.0,0.0,-0.217259,-0.613042,ARE,MLI,8942
845305,18,141,1410,2001.0,1596.0,1299.0,1.425483,1.3072409999999999,BEL,MLI,8942
845306,39,141,1410,2001.0,1158.0,2139.0,0.8899729999999999,1.3778299999999999,CAN,MLI,8942
845307,43,141,1410,2001.0,3634.0,0.0,0.535502,2.28778,CHN,MLI,8942
845308,44,141,1410,2001.0,22698.0,0.0,-0.731178,-0.5734739999999999,CIV,MLI,8942
845309,61,141,1410,2001.0,3596.0,3092.0,2.335872,-2.09875,DEU,MLI,8942
845310,71,141,1410,2001.0,6985.0,1789.0,1.1380350000000001,1.7870139999999999,ESP,MLI,8942
845311,77,141,1410,2001.0,84943.0,8065.0,1.6143809999999998,0.626221,FRA,MLI,8942
845312,81,141,1410,2001.0,4784.0,2217.0,2.1068439999999997,0.658575,GBR,MLI,8942
845313,97,141,1410,2001.0,10080.0,0.0,0.639538,1.5157610000000001,HKG,MLI,8942
845314,103,141,1410,2001.0,12505.0,0.0,0.039233,1.780659,IDN,MLI,8942
845315,111,141,1410,2001.0,17458.0,2042.0,1.488545,0.8410610000000001,ITA,MLI,8942
845316,124,141,1410,2001.0,13827.0,0.0,0.09267,0.97731,LBN,MLI,8942
845317,188,141,1410,2001.0,11223.0,0.0,0.078887,-0.9764430000000001,SAU,MLI,8942
845318,231,141,1410,2001.0,4621.0,421369.0,1.96615,-0.12332699999999999,USA,MLI,8942
845319,22,143,1410,2001.0,4065.0,9824.0,-0.799988,-1.061584,BGD,MMR,8942
845320,43,143,1410,2001.0,1110105.0,0.0,0.535502,2.28778,CHN,MMR,8942
845321,77,143,1410,2001.0,1688.0,5733.0,1.6143809999999998,0.626221,FRA,MMR,8942
845322,81,143,1410,2001.0,3986.0,5137.0,2.1068439999999997,0.658575,GBR,MMR,8942
845323,97,143,1410,2001.0,35730.0,0.0,0.639538,1.5157610000000001,HKG,MMR,8942
845324,103,143,1410,2001.0,39631.0,0.0,0.039233,1.780659,IDN,MMR,8942
845325,114,143,1410,2001.0,398578.0,0.0,2.674032,0.445636,JPN,MMR,8942
845326,121,143,1410,2001.0,2914.0,0.0,1.436204,0.917057,KOR,MMR,8942
845327,153,143,1410,2001.0,126480.0,44183.0,0.894191,0.310677,MYS,MMR,8942
845328,174,143,1410,2001.0,5637.0,0.0,0.153601,-0.174218,PHL,MMR,8942
845329,192,143,1410,2001.0,517167.0,21597.0,1.587064,0.639626,SGP,MMR,8942
845330,216,143,1410,2001.0,279812.0,0.0,0.49264600000000003,1.493471,THA,MMR,8942
845331,231,143,1410,2001.0,0.0,2688.0,1.96615,-0.12332699999999999,USA,MMR,8942
845332,249,143,1410,2001.0,18869.0,0.0,1.7270020000000001,1.252843,TWN,MMR,8942
845333,14,145,1410,2001.0,3734.0,0.0,-0.12189000000000001,0.7281770000000001,AUS,MNG,8942
845334,43,145,1410,2001.0,49578.0,0.0,0.535502,2.28778,CHN,MNG,8942
845335,61,145,1410,2001.0,2203.0,0.0,2.335872,-2.09875,DEU,MNG,8942
845336,77,145,1410,2001.0,2600.0,1338.0,1.6143809999999998,0.626221,FRA,MNG,8942
845337,81,145,1410,2001.0,12632.0,0.0,2.1068439999999997,0.658575,GBR,MNG,8942
845338,97,145,1410,2001.0,2694.0,0.0,0.639538,1.5157610000000001,HKG,MNG,8942
845339,114,145,1410,2001.0,2281.0,0.0,2.674032,0.445636,JPN,MNG,8942
845340,121,145,1410,2001.0,112657.0,0.0,1.436204,0.917057,KOR,MNG,8942
845341,192,145,1410,2001.0,6865.0,0.0,1.587064,0.639626,SGP,MNG,8942
845342,231,145,1410,2001.0,1510.0,34438.0,1.96615,-0.12332699999999999,USA,MNG,8942
845343,7,148,1410,2001.0,59344.0,0.0,-0.217259,-0.613042,ARE,MRT,8942
845344,39,148,1410,2001.0,0.0,2353.0,0.8899729999999999,1.3778299999999999,CAN,MRT,8942
845345,43,148,1410,2001.0,42336.0,0.0,0.535502,2.28778,CHN,MRT,8942
845346,64,148,1410,2001.0,3520.0,0.0,1.356327,1.3288309999999999,DNK,MRT,8942
845347,71,148,1410,2001.0,30362.0,0.0,1.1380350000000001,1.7870139999999999,ESP,MRT,8942
845348,77,148,1410,2001.0,33763.0,0.0,1.6143809999999998,0.626221,FRA,MRT,8942
845349,81,148,1410,2001.0,9516.0,0.0,2.1068439999999997,0.658575,GBR,MRT,8942
845350,97,148,1410,2001.0,8239.0,0.0,0.639538,1.5157610000000001,HKG,MRT,8942
845351,104,148,1410,2001.0,4220.0,0.0,0.382444,2.538934,IND,MRT,8942
845352,111,148,1410,2001.0,4163.0,0.0,1.488545,0.8410610000000001,ITA,MRT,8942
845353,138,148,1410,2001.0,0.0,2723.0,1.088661,0.680197,MEX,MRT,8942
845354,188,148,1410,2001.0,7215.0,0.0,0.078887,-0.9764430000000001,SAU,MRT,8942
845355,192,148,1410,2001.0,4857.0,0.0,1.587064,0.639626,SGP,MRT,8942
845356,7,152,1410,2001.0,19989.0,0.0,-0.217259,-0.613042,ARE,MWI,8942
845357,18,152,1410,2001.0,1670.0,0.0,1.425483,1.3072409999999999,BEL,MWI,8942
845358,43,152,1410,2001.0,14309.0,0.0,0.535502,2.28778,CHN,MWI,8942
845359,61,152,1410,2001.0,1408.0,0.0,2.335872,-2.09875,DEU,MWI,8942
845360,81,152,1410,2001.0,4763.0,0.0,2.1068439999999997,0.658575,GBR,MWI,8942
845361,97,152,1410,2001.0,11648.0,0.0,0.639538,1.5157610000000001,HKG,MWI,8942
845362,104,152,1410,2001.0,3155.0,0.0,0.382444,2.538934,IND,MWI,8942
845363,116,152,1410,2001.0,18439.0,0.0,-0.533651,0.072611,KEN,MWI,8942
845364,147,152,1410,2001.0,0.0,1546.0,-1.476933,-1.253628,MOZ,MWI,8942
845365,231,152,1410,2001.0,31430.0,0.0,1.96615,-0.12332699999999999,USA,MWI,8942
845366,246,152,1410,2001.0,156770.0,1248.0,0.249833,2.1142950000000003,ZAF,MWI,8942
845367,7,154,1410,2001.0,8997.0,0.0,-0.217259,-0.613042,ARE,MYT,8942
845368,18,154,1410,2001.0,5220.0,0.0,1.425483,1.3072409999999999,BEL,MYT,8942
845369,43,154,1410,2001.0,95290.0,0.0,0.535502,2.28778,CHN,MYT,8942
845370,61,154,1410,2001.0,1286.0,0.0,2.335872,-2.09875,DEU,MYT,8942
845371,77,154,1410,2001.0,346592.0,0.0,1.6143809999999998,0.626221,FRA,MYT,8942
845372,97,154,1410,2001.0,5234.0,0.0,0.639538,1.5157610000000001,HKG,MYT,8942
845373,103,154,1410,2001.0,2117.0,0.0,0.039233,1.780659,IDN,MYT,8942
845374,104,154,1410,2001.0,1564.0,0.0,0.382444,2.538934,IND,MYT,8942
845375,111,154,1410,2001.0,1587.0,0.0,1.488545,0.8410610000000001,ITA,MYT,8942
845376,114,154,1410,2001.0,29948.0,0.0,2.674032,0.445636,JPN,MYT,8942
845377,192,154,1410,2001.0,5137.0,0.0,1.587064,0.639626,SGP,MYT,8942
845378,216,154,1410,2001.0,15769.0,0.0,0.49264600000000003,1.493471,THA,MYT,8942
845379,249,154,1410,2001.0,11069.0,0.0,1.7270020000000001,1.252843,TWN,MYT,8942
845380,15,157,1410,2001.0,1902.0,0.0,1.8987740000000002,0.45922700000000005,AUT,NER,8942
845381,18,157,1410,2001.0,9782.0,0.0,1.425483,1.3072409999999999,BEL,NER,8942
845382,71,157,1410,2001.0,4611.0,0.0,1.1380350000000001,1.7870139999999999,ESP,NER,8942
845383,77,157,1410,2001.0,62504.0,0.0,1.6143809999999998,0.626221,FRA,NER,8942
845384,97,157,1410,2001.0,1786.0,0.0,0.639538,1.5157610000000001,HKG,NER,8942
845385,103,157,1410,2001.0,88020.0,0.0,0.039233,1.780659,IDN,NER,8942
845386,104,157,1410,2001.0,4914.0,0.0,0.382444,2.538934,IND,NER,8942
845387,107,157,1410,2001.0,3960.0,0.0,-0.973691,-1.05654,IRN,NER,8942
845388,111,157,1410,2001.0,3333.0,0.0,1.488545,0.8410610000000001,ITA,NER,8942
845389,159,157,1410,2001.0,11385.0,0.0,-1.9085759999999998,-1.335279,NGA,NER,8942
845390,215,157,1410,2001.0,1978.0,0.0,-0.45409399999999994,-0.337055,TGO,NER,8942
845391,246,157,1410,2001.0,6915.0,0.0,0.249833,2.1142950000000003,ZAF,NER,8942
845392,14,182,1410,2001.0,50050.0,0.0,-0.12189000000000001,0.7281770000000001,AUS,PYF,8942
845393,18,182,1410,2001.0,54274.0,0.0,1.425483,1.3072409999999999,BEL,PYF,8942
845394,39,182,1410,2001.0,17316.0,0.0,0.8899729999999999,1.3778299999999999,CAN,PYF,8942
845395,41,182,1410,2001.0,1690.0,0.0,2.161588,0.8069890000000001,CHE,PYF,8942
845396,42,182,1410,2001.0,4807.0,0.0,-0.148124,0.074033,CHL,PYF,8942
845397,43,182,1410,2001.0,200231.0,0.0,0.535502,2.28778,CHN,PYF,8942
845398,61,182,1410,2001.0,37546.0,0.0,2.335872,-2.09875,DEU,PYF,8942
845399,64,182,1410,2001.0,10553.0,0.0,1.356327,1.3288309999999999,DNK,PYF,8942
845400,71,182,1410,2001.0,42167.0,0.0,1.1380350000000001,1.7870139999999999,ESP,PYF,8942
845401,77,182,1410,2001.0,2376324.0,0.0,1.6143809999999998,0.626221,FRA,PYF,8942
845402,81,182,1410,2001.0,18399.0,0.0,2.1068439999999997,0.658575,GBR,PYF,8942
845403,97,182,1410,2001.0,212818.0,0.0,0.639538,1.5157610000000001,HKG,PYF,8942
845404,103,182,1410,2001.0,2943.0,0.0,0.039233,1.780659,IDN,PYF,8942
845405,106,182,1410,2001.0,13059.0,0.0,1.751955,0.210628,IRL,PYF,8942
845406,111,182,1410,2001.0,100152.0,0.0,1.488545,0.8410610000000001,ITA,PYF,8942
845407,114,182,1410,2001.0,79299.0,0.0,2.674032,0.445636,JPN,PYF,8942
845408,121,182,1410,2001.0,3136.0,0.0,1.436204,0.917057,KOR,PYF,8942
845409,131,182,1410,2001.0,3323.0,0.0,1.326753,1.2069530000000002,LUX,PYF,8942
845410,153,182,1410,2001.0,4109.0,0.0,0.894191,0.310677,MYS,PYF,8942
845411,162,182,1410,2001.0,8088.0,0.0,1.299569,1.487015,NLD,PYF,8942
845412,166,182,1410,2001.0,37391.0,6040.0,0.220307,0.689625,NZL,PYF,8942
845413,174,182,1410,2001.0,1423.0,0.0,0.153601,-0.174218,PHL,PYF,8942
845414,177,182,1410,2001.0,4082.0,0.0,0.983238,1.7436209999999999,POL,PYF,8942
845415,192,182,1410,2001.0,41173.0,0.0,1.587064,0.639626,SGP,PYF,8942
845416,216,182,1410,2001.0,16087.0,0.0,0.49264600000000003,1.493471,THA,PYF,8942
845417,231,182,1410,2001.0,164157.0,17220.0,1.96615,-0.12332699999999999,USA,PYF,8942
845418,239,182,1410,2001.0,3941.0,0.0,-0.533978,0.503988,VNM,PYF,8942
845419,242,182,1410,2001.0,0.0,17071.0,-0.45074200000000003,-0.7984439999999999,WSM,PYF,8942
845420,249,182,1410,2001.0,34251.0,0.0,1.7270020000000001,1.252843,TWN,PYF,8942
845421,250,182,1410,2001.0,34426.0,0.0,0.947105,-0.529946,ANS,PYF,8942
845422,7,187,1410,2001.0,20156.0,0.0,-0.217259,-0.613042,ARE,RWA,8942
845423,18,187,1410,2001.0,3833.0,0.0,1.425483,1.3072409999999999,BEL,RWA,8942
845424,43,187,1410,2001.0,6549.0,0.0,0.535502,2.28778,CHN,RWA,8942
845425,61,187,1410,2001.0,1893.0,0.0,2.335872,-2.09875,DEU,RWA,8942
845426,77,187,1410,2001.0,0.0,1993.0,1.6143809999999998,0.626221,FRA,RWA,8942
845427,81,187,1410,2001.0,2160.0,0.0,2.1068439999999997,0.658575,GBR,RWA,8942
845428,110,187,1410,2001.0,1331.0,0.0,1.17675,0.900401,ISR,RWA,8942
845429,114,187,1410,2001.0,2947.0,0.0,2.674032,0.445636,JPN,RWA,8942
845430,116,187,1410,2001.0,10859.0,0.0,-0.533651,0.072611,KEN,RWA,8942
845431,231,187,1410,2001.0,3084.0,0.0,1.96615,-0.12332699999999999,USA,RWA,8942
845432,246,187,1410,2001.0,12139.0,0.0,0.249833,2.1142950000000003,ZAF,RWA,8942
845433,7,190,1410,2001.0,725836.0,0.0,-0.217259,-0.613042,ARE,SDN,8942
845434,41,190,1410,2001.0,18937.0,0.0,2.161588,0.8069890000000001,CHE,SDN,8942
845435,43,190,1410,2001.0,240320.0,0.0,0.535502,2.28778,CHN,SDN,8942
845436,61,190,1410,2001.0,6716.0,0.0,2.335872,-2.09875,DEU,SDN,8942
845437,68,190,1410,2001.0,2493.0,0.0,-0.346794,0.431229,EGY,SDN,8942
845438,81,190,1410,2001.0,103362.0,0.0,2.1068439999999997,0.658575,GBR,SDN,8942
845439,97,190,1410,2001.0,2176.0,0.0,0.639538,1.5157610000000001,HKG,SDN,8942
845440,103,190,1410,2001.0,3822.0,0.0,0.039233,1.780659,IDN,SDN,8942
845441,104,190,1410,2001.0,22353.0,0.0,0.382444,2.538934,IND,SDN,8942
845442,111,190,1410,2001.0,2912.0,0.0,1.488545,0.8410610000000001,ITA,SDN,8942
845443,113,190,1410,2001.0,27464.0,0.0,0.5404760000000001,0.8497170000000001,JOR,SDN,8942
845444,114,190,1410,2001.0,6638.0,0.0,2.674032,0.445636,JPN,SDN,8942
845445,116,190,1410,2001.0,2200.0,0.0,-0.533651,0.072611,KEN,SDN,8942
845446,153,190,1410,2001.0,10429.0,0.0,0.894191,0.310677,MYS,SDN,8942
845447,188,190,1410,2001.0,119753.0,0.0,0.078887,-0.9764430000000001,SAU,SDN,8942
845448,192,190,1410,2001.0,7560.0,0.0,1.587064,0.639626,SGP,SDN,8942
845449,212,190,1410,2001.0,22906.0,0.0,-1.138774,-0.839648,SYR,SDN,8942
845450,216,190,1410,2001.0,4254.0,0.0,0.49264600000000003,1.493471,THA,SDN,8942
845451,224,190,1410,2001.0,44481.0,0.0,0.168219,1.989011,TUR,SDN,8942
845452,239,190,1410,2001.0,3400.0,0.0,-0.533978,0.503988,VNM,SDN,8942
845453,249,190,1410,2001.0,17583.0,0.0,1.7270020000000001,1.252843,TWN,SDN,8942
845454,7,211,1410,2001.0,23000.0,0.0,-0.217259,-0.613042,ARE,SYC,8942
845455,14,211,1410,2001.0,0.0,2184.0,-0.12189000000000001,0.7281770000000001,AUS,SYC,8942
845456,43,211,1410,2001.0,16315.0,0.0,0.535502,2.28778,CHN,SYC,8942
845457,59,211,1410,2001.0,2584.0,0.0,1.56908,0.860384,CZE,SYC,8942
845458,61,211,1410,2001.0,30029.0,0.0,2.335872,-2.09875,DEU,SYC,8942
845459,71,211,1410,2001.0,2134.0,0.0,1.1380350000000001,1.7870139999999999,ESP,SYC,8942
845460,77,211,1410,2001.0,9368.0,0.0,1.6143809999999998,0.626221,FRA,SYC,8942
845461,81,211,1410,2001.0,61184.0,0.0,2.1068439999999997,0.658575,GBR,SYC,8942
845462,97,211,1410,2001.0,10816.0,0.0,0.639538,1.5157610000000001,HKG,SYC,8942
845463,103,211,1410,2001.0,4406.0,0.0,0.039233,1.780659,IDN,SYC,8942
845464,111,211,1410,2001.0,8102.0,0.0,1.488545,0.8410610000000001,ITA,SYC,8942
845465,136,211,1410,2001.0,3635.0,0.0,-1.0624850000000001,-0.695873,MDG,SYC,8942
845466,151,211,1410,2001.0,3380.0,0.0,-0.304271,-0.589387,MUS,SYC,8942
845467,192,211,1410,2001.0,59496.0,0.0,1.587064,0.639626,SGP,SYC,8942
845468,216,211,1410,2001.0,18674.0,0.0,0.49264600000000003,1.493471,THA,SYC,8942
845469,231,211,1410,2001.0,2271.0,4461.0,1.96615,-0.12332699999999999,USA,SYC,8942
845470,246,211,1410,2001.0,26966.0,0.0,0.249833,2.1142950000000003,ZAF,SYC,8942
845471,249,211,1410,2001.0,17506.0,0.0,1.7270020000000001,1.252843,TWN,SYC,8942
845472,18,215,1410,2001.0,12244.0,0.0,1.425483,1.3072409999999999,BEL,TGO,8942
845473,19,215,1410,2001.0,0.0,1244.0,-0.9032530000000001,-0.8979590000000001,BEN,TGO,8942
845474,41,215,1410,2001.0,1007.0,0.0,2.161588,0.8069890000000001,CHE,TGO,8942
845475,43,215,1410,2001.0,160064.0,0.0,0.535502,2.28778,CHN,TGO,8942
845476,44,215,1410,2001.0,12748.0,0.0,-0.731178,-0.5734739999999999,CIV,TGO,8942
845477,61,215,1410,2001.0,8188.0,1376.0,2.335872,-2.09875,DEU,TGO,8942
845478,71,215,1410,2001.0,41515.0,0.0,1.1380350000000001,1.7870139999999999,ESP,TGO,8942
845479,77,215,1410,2001.0,141880.0,1984.0,1.6143809999999998,0.626221,FRA,TGO,8942
845480,81,215,1410,2001.0,35720.0,0.0,2.1068439999999997,0.658575,GBR,TGO,8942
845481,83,215,1410,2001.0,5922.0,0.0,-0.7818689999999999,-0.645878,GHA,TGO,8942
845482,97,215,1410,2001.0,9520.0,0.0,0.639538,1.5157610000000001,HKG,TGO,8942
845483,157,215,1410,2001.0,0.0,1978.0,-0.674176,-0.627373,NER,TGO,8942
845484,159,215,1410,2001.0,0.0,1484.0,-1.9085759999999998,-1.335279,NGA,TGO,8942
845485,192,215,1410,2001.0,8018.0,0.0,1.587064,0.639626,SGP,TGO,8942
845486,231,215,1410,2001.0,11996.0,0.0,1.96615,-0.12332699999999999,USA,TGO,8942
845487,43,243,1410,2001.0,338853.0,0.0,0.535502,2.28778,CHN,YEM,8942
845488,61,243,1410,2001.0,8000.0,0.0,2.335872,-2.09875,DEU,YEM,8942
845489,65,243,1410,2001.0,0.0,27536.0,-0.55896,-0.517513,DOM,YEM,8942
845490,68,243,1410,2001.0,110948.0,0.0,-0.346794,0.431229,EGY,YEM,8942
845491,73,243,1410,2001.0,0.0,2662.0,-1.010637,-0.8893280000000001,ETH,YEM,8942
845492,81,243,1410,2001.0,13721.0,0.0,2.1068439999999997,0.658575,GBR,YEM,8942
845493,97,243,1410,2001.0,327152.0,0.0,0.639538,1.5157610000000001,HKG,YEM,8942
845494,104,243,1410,2001.0,6471.0,0.0,0.382444,2.538934,IND,YEM,8942
845495,111,243,1410,2001.0,8578.0,0.0,1.488545,0.8410610000000001,ITA,YEM,8942
845496,113,243,1410,2001.0,1763.0,0.0,0.5404760000000001,0.8497170000000001,JOR,YEM,8942
845497,121,243,1410,2001.0,10426.0,0.0,1.436204,0.917057,KOR,YEM,8942
845498,124,243,1410,2001.0,18858.0,0.0,0.09267,0.97731,LBN,YEM,8942
845499,153,243,1410,2001.0,125346.0,0.0,0.894191,0.310677,MYS,YEM,8942
845500,162,243,1410,2001.0,31372.0,0.0,1.299569,1.487015,NLD,YEM,8942
845501,216,243,1410,2001.0,24704.0,0.0,0.49264600000000003,1.493471,THA,YEM,8942
845502,231,243,1410,2001.0,551930.0,0.0,1.96615,-0.12332699999999999,USA,YEM,8942
845503,249,243,1410,2001.0,59999.0,0.0,1.7270020000000001,1.252843,TWN,YEM,8942
845504,18,2,1410,2001.0,10436.0,0.0,1.425483,1.3072409999999999,BEL,AGO,8942
845505,32,2,1410,2001.0,167013.0,0.0,0.658473,1.328637,BRA,AGO,8942
845506,43,2,1410,2001.0,418888.0,0.0,0.535502,2.28778,CHN,AGO,8942
845507,61,2,1410,2001.0,3000.0,0.0,2.335872,-2.09875,DEU,AGO,8942
845508,71,2,1410,2001.0,529511.0,0.0,1.1380350000000001,1.7870139999999999,ESP,AGO,8942
845509,77,2,1410,2001.0,160373.0,0.0,1.6143809999999998,0.626221,FRA,AGO,8942
845510,81,2,1410,2001.0,12796.0,0.0,2.1068439999999997,0.658575,GBR,AGO,8942
845511,97,2,1410,2001.0,107227.0,0.0,0.639538,1.5157610000000001,HKG,AGO,8942
845512,111,2,1410,2001.0,125639.0,0.0,1.488545,0.8410610000000001,ITA,AGO,8942
845513,116,2,1410,2001.0,11648.0,0.0,-0.533651,0.072611,KEN,AGO,8942
845514,124,2,1410,2001.0,7466.0,0.0,0.09267,0.97731,LBN,AGO,8942
845515,155,2,1410,2001.0,121085.0,7653.0,-0.536003,-0.7165590000000001,NAM,AGO,8942
845516,162,2,1410,2001.0,8966.0,0.0,1.299569,1.487015,NLD,AGO,8942
845517,179,2,1410,2001.0,2093192.0,0.0,0.688736,1.326716,PRT,AGO,8942
845518,208,2,1410,2001.0,1846.0,0.0,2.01685,0.8233159999999999,SWE,AGO,8942
845519,216,2,1410,2001.0,44042.0,0.0,0.49264600000000003,1.493471,THA,AGO,8942
845520,231,2,1410,2001.0,17319.0,0.0,1.96615,-0.12332699999999999,USA,AGO,8942
845521,246,2,1410,2001.0,510568.0,0.0,0.249833,2.1142950000000003,ZAF,AGO,8942
845522,249,2,1410,2001.0,12634.0,0.0,1.7270020000000001,1.252843,TWN,AGO,8942
845523,15,26,1410,2001.0,856229.0,1376.0,1.8987740000000002,0.45922700000000005,AUT,BIH,8942
845524,23,26,1410,2001.0,88736.0,2107.0,0.46429799999999993,1.7500380000000002,BGR,BIH,8942
845525,43,26,1410,2001.0,97231.0,0.0,0.535502,2.28778,CHN,BIH,8942
845526,59,26,1410,2001.0,128374.0,0.0,1.56908,0.860384,CZE,BIH,8942
845527,61,26,1410,2001.0,553000.0,55187.0,2.335872,-2.09875,DEU,BIH,8942
845528,64,26,1410,2001.0,15036.0,0.0,1.356327,1.3288309999999999,DNK,BIH,8942
845529,71,26,1410,2001.0,22628.0,0.0,1.1380350000000001,1.7870139999999999,ESP,BIH,8942
845530,74,26,1410,2001.0,95733.0,0.0,1.9661669999999998,1.000436,FIN,BIH,8942
845531,77,26,1410,2001.0,157742.0,1736.0,1.6143809999999998,0.626221,FRA,BIH,8942
845532,81,26,1410,2001.0,21531.0,1992.0,2.1068439999999997,0.658575,GBR,BIH,8942
845533,97,26,1410,2001.0,240187.0,0.0,0.639538,1.5157610000000001,HKG,BIH,8942
845534,100,26,1410,2001.0,464295.0,93270.0,0.6315729999999999,1.169338,HRV,BIH,8942
845535,102,26,1410,2001.0,109000.0,0.0,1.069245,1.2217069999999999,HUN,BIH,8942
845536,111,26,1410,2001.0,1358788.0,4693.0,1.488545,0.8410610000000001,ITA,BIH,8942
845537,162,26,1410,2001.0,214586.0,0.0,1.299569,1.487015,NLD,BIH,8942
845538,163,26,1410,2001.0,28259.0,4750.0,0.542366,-0.180336,NOR,BIH,8942
845539,189,26,1410,2001.0,278237.0,11886.0,0.38765,2.769588,SCG,BIH,8942
845540,192,26,1410,2001.0,0.0,187881.0,1.587064,0.639626,SGP,BIH,8942
845541,206,26,1410,2001.0,17682.0,0.0,1.310591,1.195523,SVK,BIH,8942
845542,207,26,1410,2001.0,205894.0,2753.0,1.488089,1.0928360000000001,SVN,BIH,8942
845543,224,26,1410,2001.0,729106.0,0.0,0.168219,1.989011,TUR,BIH,8942
845544,231,26,1410,2001.0,60567.0,11561.0,1.96615,-0.12332699999999999,USA,BIH,8942
845545,18,46,1410,2001.0,33494.0,0.0,1.425483,1.3072409999999999,BEL,COD,8942
845546,41,46,1410,2001.0,0.0,1589.0,2.161588,0.8069890000000001,CHE,COD,8942
845547,43,46,1410,2001.0,46618.0,0.0,0.535502,2.28778,CHN,COD,8942
845548,61,46,1410,2001.0,1000.0,0.0,2.335872,-2.09875,DEU,COD,8942
845549,77,46,1410,2001.0,5381.0,0.0,1.6143809999999998,0.626221,FRA,COD,8942
845550,97,46,1410,2001.0,2134.0,0.0,0.639538,1.5157610000000001,HKG,COD,8942
845551,147,46,1410,2001.0,0.0,2778.0,-1.476933,-1.253628,MOZ,COD,8942
845552,155,46,1410,2001.0,66157.0,0.0,-0.536003,-0.7165590000000001,NAM,COD,8942
845553,179,46,1410,2001.0,3517.0,0.0,0.688736,1.326716,PRT,COD,8942
845554,227,46,1410,2001.0,1899.0,0.0,-1.1823700000000001,-0.7738619999999999,UGA,COD,8942
845555,246,46,1410,2001.0,28792.0,0.0,0.249833,2.1142950000000003,ZAF,COD,8942
845556,247,46,1410,2001.0,4103.0,0.0,-0.8878799999999999,-0.735268,ZMB,COD,8942
845557,18,47,1410,2001.0,156424.0,0.0,1.425483,1.3072409999999999,BEL,COG,8942
845558,43,47,1410,2001.0,73712.0,0.0,0.535502,2.28778,CHN,COG,8942
845559,45,47,1410,2001.0,1071.0,0.0,-1.4692049999999999,-1.251498,CMR,COG,8942
845560,77,47,1410,2001.0,125445.0,0.0,1.6143809999999998,0.626221,FRA,COG,8942
845561,81,47,1410,2001.0,1477.0,0.0,2.1068439999999997,0.658575,GBR,COG,8942
845562,97,47,1410,2001.0,284186.0,0.0,0.639538,1.5157610000000001,HKG,COG,8942
845563,104,47,1410,2001.0,47684.0,0.0,0.382444,2.538934,IND,COG,8942
845564,111,47,1410,2001.0,10620.0,0.0,1.488545,0.8410610000000001,ITA,COG,8942
845565,114,47,1410,2001.0,0.0,6575.0,2.674032,0.445636,JPN,COG,8942
845566,124,47,1410,2001.0,8140.0,0.0,0.09267,0.97731,LBN,COG,8942
845567,162,47,1410,2001.0,27804.0,0.0,1.299569,1.487015,NLD,COG,8942
845568,179,47,1410,2001.0,64097.0,0.0,0.688736,1.326716,PRT,COG,8942
845569,216,47,1410,2001.0,37458.0,0.0,0.49264600000000003,1.493471,THA,COG,8942
845570,231,47,1410,2001.0,35385.0,5954.0,1.96615,-0.12332699999999999,USA,COG,8942
845571,246,47,1410,2001.0,6541.0,0.0,0.249833,2.1142950000000003,ZAF,COG,8942
845572,14,75,1410,2001.0,178513.0,0.0,-0.12189000000000001,0.7281770000000001,AUS,FJI,8942
845573,43,75,1410,2001.0,62675.0,0.0,0.535502,2.28778,CHN,FJI,8942
845574,61,75,1410,2001.0,3000.0,0.0,2.335872,-2.09875,DEU,FJI,8942
845575,97,75,1410,2001.0,322019.0,0.0,0.639538,1.5157610000000001,HKG,FJI,8942
845576,104,75,1410,2001.0,10272.0,0.0,0.382444,2.538934,IND,FJI,8942
845577,153,75,1410,2001.0,1561.0,0.0,0.894191,0.310677,MYS,FJI,8942
845578,166,75,1410,2001.0,50164.0,0.0,0.220307,0.689625,NZL,FJI,8942
845579,174,75,1410,2001.0,4211.0,0.0,0.153601,-0.174218,PHL,FJI,8942
845580,192,75,1410,2001.0,6641.0,0.0,1.587064,0.639626,SGP,FJI,8942
845581,216,75,1410,2001.0,62104.0,0.0,0.49264600000000003,1.493471,THA,FJI,8942
845582,231,75,1410,2001.0,98239.0,0.0,1.96615,-0.12332699999999999,USA,FJI,8942
845583,242,75,1410,2001.0,0.0,6866.0,-0.45074200000000003,-0.7984439999999999,WSM,FJI,8942
845584,249,75,1410,2001.0,11717.0,0.0,1.7270020000000001,1.252843,TWN,FJI,8942
845585,18,78,1410,2001.0,1155.0,0.0,1.425483,1.3072409999999999,BEL,FRO,8942
845586,39,78,1410,2001.0,1208.0,0.0,0.8899729999999999,1.3778299999999999,CAN,FRO,8942
845587,43,78,1410,2001.0,571557.0,0.0,0.535502,2.28778,CHN,FRO,8942
845588,61,78,1410,2001.0,14535.0,1869.0,2.335872,-2.09875,DEU,FRO,8942
845589,64,78,1410,2001.0,1344278.0,0.0,1.356327,1.3288309999999999,DNK,FRO,8942
845590,71,78,1410,2001.0,5322.0,0.0,1.1380350000000001,1.7870139999999999,ESP,FRO,8942
845591,72,78,1410,2001.0,2997.0,0.0,0.53422,0.9372790000000001,EST,FRO,8942
845592,81,78,1410,2001.0,93662.0,0.0,2.1068439999999997,0.658575,GBR,FRO,8942
845593,97,78,1410,2001.0,13981.0,0.0,0.639538,1.5157610000000001,HKG,FRO,8942
845594,103,78,1410,2001.0,70225.0,0.0,0.039233,1.780659,IDN,FRO,8942
845595,109,78,1410,2001.0,13001.0,0.0,0.049756,-0.496962,ISL,FRO,8942
845596,111,78,1410,2001.0,3389.0,0.0,1.488545,0.8410610000000001,ITA,FRO,8942
845597,114,78,1410,2001.0,15226.0,0.0,2.674032,0.445636,JPN,FRO,8942
845598,162,78,1410,2001.0,8304.0,0.0,1.299569,1.487015,NLD,FRO,8942
845599,163,78,1410,2001.0,4377.0,0.0,0.542366,-0.180336,NOR,FRO,8942
845600,177,78,1410,2001.0,1130.0,0.0,0.983238,1.7436209999999999,POL,FRO,8942
845601,179,78,1410,2001.0,4327.0,0.0,0.688736,1.326716,PRT,FRO,8942
845602,208,78,1410,2001.0,26949.0,0.0,2.01685,0.8233159999999999,SWE,FRO,8942
845603,216,78,1410,2001.0,3337.0,0.0,0.49264600000000003,1.493471,THA,FRO,8942
845604,231,78,1410,2001.0,4765.0,0.0,1.96615,-0.12332699999999999,USA,FRO,8942
845605,249,78,1410,2001.0,14846.0,0.0,1.7270020000000001,1.252843,TWN,FRO,8942
845606,250,78,1410,2001.0,6965.0,0.0,0.947105,-0.529946,ANS,FRO,8942
845607,77,88,1410,2001.0,2714.0,0.0,1.6143809999999998,0.626221,FRA,GNB,8942
845608,97,88,1410,2001.0,32562.0,0.0,0.639538,1.5157610000000001,HKG,GNB,8942
845609,179,88,1410,2001.0,45866.0,0.0,0.688736,1.326716,PRT,GNB,8942
845610,191,88,1410,2001.0,3275.0,0.0,-0.570156,-0.560573,SEN,GNB,8942
845611,18,89,1410,2001.0,8110.0,0.0,1.425483,1.3072409999999999,BEL,GNQ,8942
845612,41,89,1410,2001.0,5142.0,0.0,2.161588,0.8069890000000001,CHE,GNQ,8942
845613,71,89,1410,2001.0,537563.0,0.0,1.1380350000000001,1.7870139999999999,ESP,GNQ,8942
845614,162,89,1410,2001.0,10770.0,0.0,1.299569,1.487015,NLD,GNQ,8942
845615,231,89,1410,2001.0,6424.0,0.0,1.96615,-0.12332699999999999,USA,GNQ,8942
845616,39,101,1410,2001.0,0.0,4462.0,0.8899729999999999,1.3778299999999999,CAN,HTI,8942
845617,43,101,1410,2001.0,119615.0,0.0,0.535502,2.28778,CHN,HTI,8942
845618,65,101,1410,2001.0,15036.0,2000.0,-0.55896,-0.517513,DOM,HTI,8942
845619,81,101,1410,2001.0,2975.0,0.0,2.1068439999999997,0.658575,GBR,HTI,8942
845620,97,101,1410,2001.0,126815.0,0.0,0.639538,1.5157610000000001,HKG,HTI,8942
845621,138,101,1410,2001.0,87244.0,0.0,1.088661,0.680197,MEX,HTI,8942
845622,231,101,1410,2001.0,93792.0,61052.0,1.96615,-0.12332699999999999,USA,HTI,8942
845623,249,101,1410,2001.0,23068.0,0.0,1.7270020000000001,1.252843,TWN,HTI,8942
845624,15,196,1410,2001.0,47070.0,0.0,1.8987740000000002,0.45922700000000005,AUT,SLE,8942
845625,39,196,1410,2001.0,10991.0,0.0,0.8899729999999999,1.3778299999999999,CAN,SLE,8942
845626,43,196,1410,2001.0,2705.0,0.0,0.535502,2.28778,CHN,SLE,8942
845627,59,196,1410,2001.0,0.0,1078.0,1.56908,0.860384,CZE,SLE,8942
845628,61,196,1410,2001.0,15000.0,0.0,2.335872,-2.09875,DEU,SLE,8942
845629,64,196,1410,2001.0,6457.0,0.0,1.356327,1.3288309999999999,DNK,SLE,8942
845630,81,196,1410,2001.0,133874.0,87771.0,2.1068439999999997,0.658575,GBR,SLE,8942
845631,97,196,1410,2001.0,6146.0,0.0,0.639538,1.5157610000000001,HKG,SLE,8942
845632,103,196,1410,2001.0,1062.0,0.0,0.039233,1.780659,IDN,SLE,8942
845633,104,196,1410,2001.0,0.0,2772.0,0.382444,2.538934,IND,SLE,8942
845634,106,196,1410,2001.0,0.0,3963.0,1.751955,0.210628,IRL,SLE,8942
845635,111,196,1410,2001.0,3546.0,0.0,1.488545,0.8410610000000001,ITA,SLE,8942
845636,124,196,1410,2001.0,4173.0,0.0,0.09267,0.97731,LBN,SLE,8942
845637,162,196,1410,2001.0,19750.0,4574.0,1.299569,1.487015,NLD,SLE,8942
845638,192,196,1410,2001.0,6663.0,0.0,1.587064,0.639626,SGP,SLE,8942
845639,208,196,1410,2001.0,5353.0,0.0,2.01685,0.8233159999999999,SWE,SLE,8942
845640,231,196,1410,2001.0,228024.0,19160.0,1.96615,-0.12332699999999999,USA,SLE,8942
845641,246,196,1410,2001.0,0.0,1647.0,0.249833,2.1142950000000003,ZAF,SLE,8942
845642,77,214,1410,2001.0,11648.0,0.0,1.6143809999999998,0.626221,FRA,TCD,8942
845643,15,84,1410,2001.0,245434.0,0.0,1.8987740000000002,0.45922700000000005,AUT,GIB,8942
845644,41,84,1410,2001.0,1899.0,0.0,2.161588,0.8069890000000001,CHE,GIB,8942
845645,43,84,1410,2001.0,22438.0,0.0,0.535502,2.28778,CHN,GIB,8942
845646,71,84,1410,2001.0,983274.0,6078.0,1.1380350000000001,1.7870139999999999,ESP,GIB,8942
845647,77,84,1410,2001.0,15229.0,0.0,1.6143809999999998,0.626221,FRA,GIB,8942
845648,81,84,1410,2001.0,856088.0,7379.0,2.1068439999999997,0.658575,GBR,GIB,8942
845649,97,84,1410,2001.0,3175.0,0.0,0.639538,1.5157610000000001,HKG,GIB,8942
845650,162,84,1410,2001.0,139950.0,0.0,1.299569,1.487015,NLD,GIB,8942
845651,224,84,1410,2001.0,30787.0,0.0,0.168219,1.989011,TUR,GIB,8942
845652,231,84,1410,2001.0,2622.0,0.0,1.96615,-0.12332699999999999,USA,GIB,8942
845653,249,84,1410,2001.0,2701.0,0.0,1.7270020000000001,1.252843,TWN,GIB,8942
845654,43,217,1410,2001.0,165603.0,0.0,0.535502,2.28778,CHN,TJK,8942
845655,61,217,1410,2001.0,0.0,3403.0,2.335872,-2.09875,DEU,TJK,8942
845656,64,217,1410,2001.0,0.0,12928.0,1.356327,1.3288309999999999,DNK,TJK,8942
845657,81,217,1410,2001.0,0.0,1097.0,2.1068439999999997,0.658575,GBR,TJK,8942
845658,107,217,1410,2001.0,78645.0,0.0,-0.973691,-1.05654,IRN,TJK,8942
845659,117,217,1410,2001.0,6089.0,0.0,0.125827,0.431141,KGZ,TJK,8942
845660,162,217,1410,2001.0,2692.0,0.0,1.299569,1.487015,NLD,TJK,8942
845661,186,217,1410,2001.0,40873.0,0.0,0.546271,0.195872,RUS,TJK,8942
845662,224,217,1410,2001.0,1206.0,0.0,0.168219,1.989011,TUR,TJK,8942
845663,231,217,1410,2001.0,93312.0,0.0,1.96615,-0.12332699999999999,USA,TJK,8942
845664,249,217,1410,2001.0,0.0,1308.0,1.7270020000000001,1.252843,TWN,TJK,8942
845665,14,221,1410,2001.0,12144.0,0.0,-0.12189000000000001,0.7281770000000001,AUS,TON,8942
845666,43,221,1410,2001.0,8022.0,0.0,0.535502,2.28778,CHN,TON,8942
845667,97,221,1410,2001.0,3772.0,0.0,0.639538,1.5157610000000001,HKG,TON,8942
845668,166,221,1410,2001.0,8751.0,0.0,0.220307,0.689625,NZL,TON,8942
845669,192,221,1410,2001.0,5239.0,0.0,1.587064,0.639626,SGP,TON,8942
845670,231,221,1410,2001.0,3828.0,0.0,1.96615,-0.12332699999999999,USA,TON,8942
845671,249,221,1410,2001.0,3757.0,0.0,1.7270020000000001,1.252843,TWN,TON,8942
845672,39,127,1410,2001.0,1701.0,4191.0,0.8899729999999999,1.3778299999999999,CAN,LCA,8942
845673,43,127,1410,2001.0,46756.0,0.0,0.535502,2.28778,CHN,LCA,8942
845674,49,127,1410,2001.0,2439.0,0.0,0.3378,0.479951,COL,LCA,8942
845675,61,127,1410,2001.0,2514.0,0.0,2.335872,-2.09875,DEU,LCA,8942
845676,63,127,1410,2001.0,4424.0,0.0,0.573546,0.326301,DMA,LCA,8942
845677,77,127,1410,2001.0,68634.0,0.0,1.6143809999999998,0.626221,FRA,LCA,8942
845678,81,127,1410,2001.0,30521.0,0.0,2.1068439999999997,0.658575,GBR,LCA,8942
845679,97,127,1410,2001.0,22461.0,0.0,0.639538,1.5157610000000001,HKG,LCA,8942
845680,112,127,1410,2001.0,2977.0,0.0,-0.562839,-0.9381510000000001,JAM,LCA,8942
845681,138,127,1410,2001.0,2580.0,3359.0,1.088661,0.680197,MEX,LCA,8942
845682,162,127,1410,2001.0,3434.0,0.0,1.299569,1.487015,NLD,LCA,8942
845683,169,127,1410,2001.0,10194.0,0.0,0.17863800000000002,0.440159,PAN,LCA,8942
845684,222,127,1410,2001.0,30238.0,0.0,0.265201,-0.602807,TTO,LCA,8942
845685,231,127,1410,2001.0,163402.0,112950.0,1.96615,-0.12332699999999999,USA,LCA,8942
845686,250,127,1410,2001.0,0.0,2333.0,0.947105,-0.529946,ANS,LCA,8942
845687,81,149,1410,2001.0,6012.0,0.0,2.1068439999999997,0.658575,GBR,MSR,8942
845688,162,149,1410,2001.0,0.0,45990.0,1.299569,1.487015,NLD,MSR,8942
845689,231,149,1410,2001.0,10165.0,0.0,1.96615,-0.12332699999999999,USA,MSR,8942
845690,32,1,1410,2001.0,0.0,4827.0,0.658473,1.328637,BRA,AFG,8942
845691,61,1,1410,2001.0,12000.0,0.0,2.335872,-2.09875,DEU,AFG,8942
845692,67,1,1410,2001.0,0.0,7196.0,-0.8668389999999999,-0.891943,ECU,AFG,8942
845693,81,1,1410,2001.0,4310.0,0.0,2.1068439999999997,0.658575,GBR,AFG,8942
845694,97,1,1410,2001.0,19404.0,0.0,0.639538,1.5157610000000001,HKG,AFG,8942
845695,107,1,1410,2001.0,7519.0,0.0,-0.973691,-1.05654,IRN,AFG,8942
845696,231,1,1410,2001.0,0.0,1929.0,1.96615,-0.12332699999999999,USA,AFG,8942
845697,14,10,1410,2001.0,1137.0,0.0,-0.12189000000000001,0.7281770000000001,AUS,ASM,8942
845698,22,10,1410,2001.0,0.0,2550.0,-0.799988,-1.061584,BGD,ASM,8942
845699,166,10,1410,2001.0,3937.0,0.0,0.220307,0.689625,NZL,ASM,8942
845700,14,12,1410,2001.0,10205.0,0.0,-0.12189000000000001,0.7281770000000001,AUS,ATF,8942
845701,151,12,1410,2001.0,1658.0,0.0,-0.304271,-0.589387,MUS,ATF,8942
845702,14,30,1410,2001.0,1270.0,0.0,-0.12189000000000001,0.7281770000000001,AUS,BMU,8942
845703,61,30,1410,2001.0,11000.0,0.0,2.335872,-2.09875,DEU,BMU,8942
845704,64,30,1410,2001.0,1578.0,0.0,1.356327,1.3288309999999999,DNK,BMU,8942
845705,81,30,1410,2001.0,25912.0,0.0,2.1068439999999997,0.658575,GBR,BMU,8942
845706,100,30,1410,2001.0,0.0,4101.0,0.6315729999999999,1.169338,HRV,BMU,8942
845707,106,30,1410,2001.0,13194.0,0.0,1.751955,0.210628,IRL,BMU,8942
845708,121,30,1410,2001.0,16002.0,0.0,1.436204,0.917057,KOR,BMU,8942
845709,138,30,1410,2001.0,1662.0,0.0,1.088661,0.680197,MEX,BMU,8942
845710,162,30,1410,2001.0,9022.0,0.0,1.299569,1.487015,NLD,BMU,8942
845711,163,30,1410,2001.0,7771.0,0.0,0.542366,-0.180336,NOR,BMU,8942
845712,222,30,1410,2001.0,24347.0,0.0,0.265201,-0.602807,TTO,BMU,8942
845713,231,30,1410,2001.0,1520593.0,1194.0,1.96615,-0.12332699999999999,USA,BMU,8942
845714,14,40,1410,2001.0,7256.0,0.0,-0.12189000000000001,0.7281770000000001,AUS,CCK,8942
845715,231,40,1410,2001.0,0.0,15302.0,1.96615,-0.12332699999999999,USA,CCK,8942
845716,14,48,1410,2001.0,9368.0,0.0,-0.12189000000000001,0.7281770000000001,AUS,COK,8942
845717,138,48,1410,2001.0,0.0,30848.0,1.088661,0.680197,MEX,COK,8942
845718,166,48,1410,2001.0,69908.0,0.0,0.220307,0.689625,NZL,COK,8942
845719,192,48,1410,2001.0,9601.0,0.0,1.587064,0.639626,SGP,COK,8942
845720,231,48,1410,2001.0,0.0,8086.0,1.96615,-0.12332699999999999,USA,COK,8942
845721,14,56,1410,2001.0,1400.0,0.0,-0.12189000000000001,0.7281770000000001,AUS,CXR,8942
845722,231,56,1410,2001.0,910931.0,19643.0,1.96615,-0.12332699999999999,USA,CXR,8942
845723,77,57,1410,2001.0,1792.0,0.0,1.6143809999999998,0.626221,FRA,CYM,8942
845724,81,57,1410,2001.0,69557.0,0.0,2.1068439999999997,0.658575,GBR,CYM,8942
845725,106,57,1410,2001.0,5245.0,0.0,1.751955,0.210628,IRL,CYM,8942
845726,112,57,1410,2001.0,1204.0,0.0,-0.562839,-0.9381510000000001,JAM,CYM,8942
845727,114,57,1410,2001.0,24095.0,0.0,2.674032,0.445636,JPN,CYM,8942
845728,222,57,1410,2001.0,17352.0,0.0,0.265201,-0.602807,TTO,CYM,8942
845729,231,57,1410,2001.0,310150.0,0.0,1.96615,-0.12332699999999999,USA,CYM,8942
845730,73,62,1410,2001.0,0.0,2769.0,-1.010637,-0.8893280000000001,ETH,DJI,8942
845731,77,62,1410,2001.0,52937.0,1506.0,1.6143809999999998,0.626221,FRA,DJI,8942
845732,103,62,1410,2001.0,17945.0,0.0,0.039233,1.780659,IDN,DJI,8942
845733,104,62,1410,2001.0,1374.0,0.0,0.382444,2.538934,IND,DJI,8942
845734,111,62,1410,2001.0,12626.0,0.0,1.488545,0.8410610000000001,ITA,DJI,8942
845735,18,69,1410,2001.0,3344.0,0.0,1.425483,1.3072409999999999,BEL,ERI,8942
845736,81,69,1410,2001.0,1990.0,0.0,2.1068439999999997,0.658575,GBR,ERI,8942
845737,111,69,1410,2001.0,9632.0,0.0,1.488545,0.8410610000000001,ITA,ERI,8942
845738,162,69,1410,2001.0,17986.0,0.0,1.299569,1.487015,NLD,ERI,8942
845739,231,69,1410,2001.0,6193.0,0.0,1.96615,-0.12332699999999999,USA,ERI,8942
845740,81,76,1410,2001.0,141120.0,0.0,2.1068439999999997,0.658575,GBR,FLK,8942
845741,97,79,1410,2001.0,8426.0,0.0,0.639538,1.5157610000000001,HKG,FSM,8942
845742,166,79,1410,2001.0,1201.0,0.0,0.220307,0.689625,NZL,FSM,8942
845743,174,79,1410,2001.0,1164.0,0.0,0.153601,-0.174218,PHL,FSM,8942
845744,192,79,1410,2001.0,23984.0,0.0,1.587064,0.639626,SGP,FSM,8942
845745,231,79,1410,2001.0,41488.0,0.0,1.96615,-0.12332699999999999,USA,FSM,8942
845746,249,79,1410,2001.0,31491.0,0.0,1.7270020000000001,1.252843,TWN,FSM,8942
845747,39,95,1410,2001.0,0.0,2963.0,0.8899729999999999,1.3778299999999999,CAN,GUM,8942
845748,81,95,1410,2001.0,245273.0,0.0,2.1068439999999997,0.658575,GBR,GUM,8942
845749,103,95,1410,2001.0,11214.0,0.0,0.039233,1.780659,IDN,GUM,8942
845750,114,95,1410,2001.0,30659.0,1805.0,2.674032,0.445636,JPN,GUM,8942
845751,121,95,1410,2001.0,195936.0,0.0,1.436204,0.917057,KOR,GUM,8942
845752,174,95,1410,2001.0,111067.0,0.0,0.153601,-0.174218,PHL,GUM,8942
845753,192,95,1410,2001.0,1766.0,0.0,1.587064,0.639626,SGP,GUM,8942
845754,216,95,1410,2001.0,6666.0,0.0,0.49264600000000003,1.493471,THA,GUM,8942
845755,14,119,1410,2001.0,1092.0,0.0,-0.12189000000000001,0.7281770000000001,AUS,KIR,8942
845756,64,119,1410,2001.0,0.0,53782.0,1.356327,1.3288309999999999,DNK,KIR,8942
845757,97,119,1410,2001.0,12744.0,0.0,0.639538,1.5157610000000001,HKG,KIR,8942
845758,166,119,1410,2001.0,19395.0,0.0,0.220307,0.689625,NZL,KIR,8942
845759,14,123,1410,2001.0,8293.0,0.0,-0.12189000000000001,0.7281770000000001,AUS,LAO,8942
845760,39,123,1410,2001.0,0.0,17167.0,0.8899729999999999,1.3778299999999999,CAN,LAO,8942
845761,43,123,1410,2001.0,159238.0,0.0,0.535502,2.28778,CHN,LAO,8942
845762,64,123,1410,2001.0,1320.0,0.0,1.356327,1.3288309999999999,DNK,LAO,8942
845763,77,123,1410,2001.0,106912.0,0.0,1.6143809999999998,0.626221,FRA,LAO,8942
845764,97,123,1410,2001.0,106442.0,0.0,0.639538,1.5157610000000001,HKG,LAO,8942
845765,111,123,1410,2001.0,4316.0,0.0,1.488545,0.8410610000000001,ITA,LAO,8942
845766,121,123,1410,2001.0,0.0,86680.0,1.436204,0.917057,KOR,LAO,8942
845767,192,123,1410,2001.0,6373.0,0.0,1.587064,0.639626,SGP,LAO,8942
845768,208,123,1410,2001.0,4873.0,0.0,2.01685,0.8233159999999999,SWE,LAO,8942
845769,216,123,1410,2001.0,20412.0,0.0,0.49264600000000003,1.493471,THA,LAO,8942
845770,231,123,1410,2001.0,3456.0,44471.0,1.96615,-0.12332699999999999,USA,LAO,8942
845771,239,123,1410,2001.0,1711.0,0.0,-0.533978,0.503988,VNM,LAO,8942
845772,39,125,1410,2001.0,0.0,12885.0,0.8899729999999999,1.3778299999999999,CAN,LBR,8942
845773,43,125,1410,2001.0,1380.0,0.0,0.535502,2.28778,CHN,LBR,8942
845774,77,125,1410,2001.0,361762.0,0.0,1.6143809999999998,0.626221,FRA,LBR,8942
845775,97,125,1410,2001.0,53814.0,0.0,0.639538,1.5157610000000001,HKG,LBR,8942
845776,124,125,1410,2001.0,5767.0,0.0,0.09267,0.97731,LBN,LBR,8942
845777,231,125,1410,2001.0,31000.0,132873.0,1.96615,-0.12332699999999999,USA,LBR,8942
845778,249,125,1410,2001.0,9998.0,0.0,1.7270020000000001,1.252843,TWN,LBR,8942
845779,43,139,1410,2001.0,13184.0,0.0,0.535502,2.28778,CHN,MHL,8942
845780,231,139,1410,2001.0,138993.0,0.0,1.96615,-0.12332699999999999,USA,MHL,8942
845781,249,139,1410,2001.0,6596.0,0.0,1.7270020000000001,1.252843,TWN,MHL,8942
845782,114,146,1410,2001.0,11974.0,0.0,2.674032,0.445636,JPN,MNP,8942
845783,216,146,1410,2001.0,3541.0,0.0,0.49264600000000003,1.493471,THA,MNP,8942
845784,249,146,1410,2001.0,3765.0,0.0,1.7270020000000001,1.252843,TWN,MNP,8942
845785,14,156,1410,2001.0,361321.0,0.0,-0.12189000000000001,0.7281770000000001,AUS,NCL,8942
845786,15,156,1410,2001.0,4457.0,0.0,1.8987740000000002,0.45922700000000005,AUT,NCL,8942
845787,18,156,1410,2001.0,88819.0,0.0,1.425483,1.3072409999999999,BEL,NCL,8942
845788,39,156,1410,2001.0,2445.0,0.0,0.8899729999999999,1.3778299999999999,CAN,NCL,8942
845789,41,156,1410,2001.0,7377.0,0.0,2.161588,0.8069890000000001,CHE,NCL,8942
845790,43,156,1410,2001.0,138549.0,0.0,0.535502,2.28778,CHN,NCL,8942
845791,61,156,1410,2001.0,35235.0,0.0,2.335872,-2.09875,DEU,NCL,8942
845792,64,156,1410,2001.0,25918.0,0.0,1.356327,1.3288309999999999,DNK,NCL,8942
845793,71,156,1410,2001.0,77420.0,0.0,1.1380350000000001,1.7870139999999999,ESP,NCL,8942
845794,77,156,1410,2001.0,2275644.0,23347.0,1.6143809999999998,0.626221,FRA,NCL,8942
845795,81,156,1410,2001.0,22173.0,0.0,2.1068439999999997,0.658575,GBR,NCL,8942
845796,97,156,1410,2001.0,174825.0,0.0,0.639538,1.5157610000000001,HKG,NCL,8942
845797,103,156,1410,2001.0,14679.0,0.0,0.039233,1.780659,IDN,NCL,8942
845798,104,156,1410,2001.0,1221.0,0.0,0.382444,2.538934,IND,NCL,8942
845799,106,156,1410,2001.0,22475.0,0.0,1.751955,0.210628,IRL,NCL,8942
845800,110,156,1410,2001.0,1040.0,0.0,1.17675,0.900401,ISR,NCL,8942
845801,111,156,1410,2001.0,63870.0,0.0,1.488545,0.8410610000000001,ITA,NCL,8942
845802,114,156,1410,2001.0,295774.0,65548.0,2.674032,0.445636,JPN,NCL,8942
845803,121,156,1410,2001.0,1149.0,3781.0,1.436204,0.917057,KOR,NCL,8942
845804,153,156,1410,2001.0,8271.0,0.0,0.894191,0.310677,MYS,NCL,8942
845805,162,156,1410,2001.0,11199.0,0.0,1.299569,1.487015,NLD,NCL,8942
845806,166,156,1410,2001.0,156814.0,0.0,0.220307,0.689625,NZL,NCL,8942
845807,174,156,1410,2001.0,1043.0,0.0,0.153601,-0.174218,PHL,NCL,8942
845808,192,156,1410,2001.0,37646.0,0.0,1.587064,0.639626,SGP,NCL,8942
845809,216,156,1410,2001.0,52021.0,8889.0,0.49264600000000003,1.493471,THA,NCL,8942
845810,231,156,1410,2001.0,58964.0,0.0,1.96615,-0.12332699999999999,USA,NCL,8942
845811,241,156,1410,2001.0,0.0,25048.0,0.658042,-0.734101,WLF,NCL,8942
845812,249,156,1410,2001.0,35242.0,0.0,1.7270020000000001,1.252843,TWN,NCL,8942
845813,250,156,1410,2001.0,31824.0,0.0,0.947105,-0.529946,ANS,NCL,8942
845814,14,158,1410,2001.0,17639.0,0.0,-0.12189000000000001,0.7281770000000001,AUS,NFK,8942
845815,103,158,1410,2001.0,23229.0,0.0,0.039233,1.780659,IDN,NFK,8942
845816,166,158,1410,2001.0,98503.0,0.0,0.220307,0.689625,NZL,NFK,8942
845817,249,158,1410,2001.0,97625.0,0.0,1.7270020000000001,1.252843,TWN,NFK,8942
845818,14,164,1410,2001.0,0.0,8382.0,-0.12189000000000001,0.7281770000000001,AUS,NPL,8942
845819,39,164,1410,2001.0,0.0,8575.0,0.8899729999999999,1.3778299999999999,CAN,NPL,8942
845820,41,164,1410,2001.0,0.0,10330.0,2.161588,0.8069890000000001,CHE,NPL,8942
845821,43,164,1410,2001.0,1521006.0,0.0,0.535502,2.28778,CHN,NPL,8942
845822,59,164,1410,2001.0,0.0,1191.0,1.56908,0.860384,CZE,NPL,8942
845823,61,164,1410,2001.0,1000.0,4911.0,2.335872,-2.09875,DEU,NPL,8942
845824,71,164,1410,2001.0,0.0,3936.0,1.1380350000000001,1.7870139999999999,ESP,NPL,8942
845825,77,164,1410,2001.0,0.0,24003.0,1.6143809999999998,0.626221,FRA,NPL,8942
845826,81,164,1410,2001.0,2177.0,4090.0,2.1068439999999997,0.658575,GBR,NPL,8942
845827,90,164,1410,2001.0,0.0,9746.0,0.338607,1.506593,GRC,NPL,8942
845828,97,164,1410,2001.0,29464.0,0.0,0.639538,1.5157610000000001,HKG,NPL,8942
845829,102,164,1410,2001.0,0.0,2886.0,1.069245,1.2217069999999999,HUN,NPL,8942
845830,103,164,1410,2001.0,16514.0,0.0,0.039233,1.780659,IDN,NPL,8942
845831,104,164,1410,2001.0,19232.0,0.0,0.382444,2.538934,IND,NPL,8942
845832,111,164,1410,2001.0,0.0,9272.0,1.488545,0.8410610000000001,ITA,NPL,8942
845833,114,164,1410,2001.0,0.0,19678.0,2.674032,0.445636,JPN,NPL,8942
845834,162,164,1410,2001.0,0.0,6615.0,1.299569,1.487015,NLD,NPL,8942
845835,163,164,1410,2001.0,0.0,6646.0,0.542366,-0.180336,NOR,NPL,8942
845836,192,164,1410,2001.0,463449.0,0.0,1.587064,0.639626,SGP,NPL,8942
845837,216,164,1410,2001.0,7065.0,0.0,0.49264600000000003,1.493471,THA,NPL,8942
845838,231,164,1410,2001.0,0.0,40270.0,1.96615,-0.12332699999999999,USA,NPL,8942
845839,14,165,1410,2001.0,29125.0,0.0,-0.12189000000000001,0.7281770000000001,AUS,NRU,8942
845840,97,165,1410,2001.0,1870.0,0.0,0.639538,1.5157610000000001,HKG,NRU,8942
845841,166,165,1410,2001.0,2749.0,0.0,0.220307,0.689625,NZL,NRU,8942
845842,114,175,1410,2001.0,4941.0,0.0,2.674032,0.445636,JPN,PLW,8942
845843,174,175,1410,2001.0,5546.0,0.0,0.153601,-0.174218,PHL,PLW,8942
845844,192,175,1410,2001.0,1142.0,0.0,1.587064,0.639626,SGP,PLW,8942
845845,231,175,1410,2001.0,788185.0,0.0,1.96615,-0.12332699999999999,USA,PLW,8942
845846,249,175,1410,2001.0,12745.0,0.0,1.7270020000000001,1.252843,TWN,PLW,8942
845847,43,181,1410,2001.0,24037.0,0.0,0.535502,2.28778,CHN,PSE,8942
845848,61,181,1410,2001.0,0.0,59190.0,2.335872,-2.09875,DEU,PSE,8942
845849,68,181,1410,2001.0,8283.0,0.0,-0.346794,0.431229,EGY,PSE,8942
845850,111,181,1410,2001.0,0.0,16347.0,1.488545,0.8410610000000001,ITA,PSE,8942
845851,231,181,1410,2001.0,3672.0,0.0,1.96615,-0.12332699999999999,USA,PSE,8942
845852,14,195,1410,2001.0,25704.0,0.0,-0.12189000000000001,0.7281770000000001,AUS,SLB,8942
845853,15,195,1410,2001.0,0.0,3084.0,1.8987740000000002,0.45922700000000005,AUT,SLB,8942
845854,43,195,1410,2001.0,13913.0,0.0,0.535502,2.28778,CHN,SLB,8942
845855,81,195,1410,2001.0,10193.0,0.0,2.1068439999999997,0.658575,GBR,SLB,8942
845856,97,195,1410,2001.0,59127.0,0.0,0.639538,1.5157610000000001,HKG,SLB,8942
845857,114,195,1410,2001.0,0.0,1800.0,2.674032,0.445636,JPN,SLB,8942
845858,192,195,1410,2001.0,29543.0,0.0,1.587064,0.639626,SGP,SLB,8942
845859,216,195,1410,2001.0,1177.0,0.0,0.49264600000000003,1.493471,THA,SLB,8942
845860,231,195,1410,2001.0,8000.0,0.0,1.96615,-0.12332699999999999,USA,SLB,8942
845861,43,199,1410,2001.0,2840.0,0.0,0.535502,2.28778,CHN,SOM,8942
845862,153,199,1410,2001.0,1318.0,0.0,0.894191,0.310677,MYS,SOM,8942
845863,231,199,1410,2001.0,10368.0,0.0,1.96615,-0.12332699999999999,USA,SOM,8942
845864,103,220,1410,2001.0,51020.0,0.0,0.039233,1.780659,IDN,TLS,8942
845865,179,220,1410,2001.0,19624.0,0.0,0.688736,1.326716,PRT,TLS,8942
845866,208,225,1410,2001.0,12759.0,25551.0,2.01685,0.8233159999999999,SWE,TUV,8942
845867,39,229,1410,2001.0,2351.0,0.0,0.8899729999999999,1.3778299999999999,CAN,UMI,8942
845868,97,229,1410,2001.0,735892.0,8772.0,0.639538,1.5157610000000001,HKG,UMI,8942
845869,174,229,1410,2001.0,111036.0,0.0,0.153601,-0.174218,PHL,UMI,8942
845870,14,240,1410,2001.0,47695.0,0.0,-0.12189000000000001,0.7281770000000001,AUS,VUT,8942
845871,18,240,1410,2001.0,3466.0,0.0,1.425483,1.3072409999999999,BEL,VUT,8942
845872,43,240,1410,2001.0,2517.0,0.0,0.535502,2.28778,CHN,VUT,8942
845873,77,240,1410,2001.0,8995.0,0.0,1.6143809999999998,0.626221,FRA,VUT,8942
845874,97,240,1410,2001.0,131072.0,0.0,0.639538,1.5157610000000001,HKG,VUT,8942
845875,166,240,1410,2001.0,17888.0,0.0,0.220307,0.689625,NZL,VUT,8942
845876,192,240,1410,2001.0,16753.0,0.0,1.587064,0.639626,SGP,VUT,8942
845877,216,240,1410,2001.0,7654.0,0.0,0.49264600000000003,1.493471,THA,VUT,8942
845878,43,241,1410,2001.0,40694.0,0.0,0.535502,2.28778,CHN,WLF,8942
845879,77,241,1410,2001.0,13056.0,0.0,1.6143809999999998,0.626221,FRA,WLF,8942
845880,114,241,1410,2001.0,3980.0,0.0,2.674032,0.445636,JPN,WLF,8942
845881,156,241,1410,2001.0,25048.0,0.0,-0.523924,-0.9363049999999999,NCL,WLF,8942
845882,14,242,1410,2001.0,35612.0,0.0,-0.12189000000000001,0.7281770000000001,AUS,WSM,8942
845883,43,242,1410,2001.0,15054.0,0.0,0.535502,2.28778,CHN,WSM,8942
845884,75,242,1410,2001.0,6866.0,0.0,-0.9144950000000001,-0.673283,FJI,WSM,8942
845885,97,242,1410,2001.0,19440.0,0.0,0.639538,1.5157610000000001,HKG,WSM,8942
845886,121,242,1410,2001.0,4184.0,0.0,1.436204,0.917057,KOR,WSM,8942
845887,166,242,1410,2001.0,52904.0,0.0,0.220307,0.689625,NZL,WSM,8942
845888,182,242,1410,2001.0,17071.0,0.0,0.055376,-0.762668,PYF,WSM,8942
845889,192,242,1410,2001.0,7849.0,0.0,1.587064,0.639626,SGP,WSM,8942
845890,216,242,1410,2001.0,7977.0,0.0,0.49264600000000003,1.493471,THA,WSM,8942
845891,231,242,1410,2001.0,55229.0,0.0,1.96615,-0.12332699999999999,USA,WSM,8942
845892,249,242,1410,2001.0,10097.0,0.0,1.7270020000000001,1.252843,TWN,WSM,8942
845893,216,35,1410,2001.0,2073.0,0.0,0.49264600000000003,1.493471,THA,BTN,8942
845894,43,38,1410,2001.0,13085.0,0.0,0.535502,2.28778,CHN,CAF,8942
845895,77,38,1410,2001.0,23192.0,0.0,1.6143809999999998,0.626221,FRA,CAF,8942
845896,111,38,1410,2001.0,2422.0,0.0,1.488545,0.8410610000000001,ITA,CAF,8942
845897,124,38,1410,2001.0,6124.0,0.0,0.09267,0.97731,LBN,CAF,8942
845898,231,171,1410,2001.0,0.0,12100.0,1.96615,-0.12332699999999999,USA,PCN,8942
845899,222,213,1410,2001.0,2467.0,0.0,0.265201,-0.602807,TTO,TCA,8942
845900,231,213,1410,2001.0,236862.0,3329.0,1.96615,-0.12332699999999999,USA,TCA,8942
845901,43,92,1410,2001.0,37399.0,0.0,0.535502,2.28778,CHN,GRL,8942
845902,64,92,1410,2001.0,1626619.0,0.0,1.356327,1.3288309999999999,DNK,GRL,8942
845903,81,92,1410,2001.0,7004.0,0.0,2.1068439999999997,0.658575,GBR,GRL,8942
845904,159,92,1410,2001.0,0.0,4987.0,-1.9085759999999998,-1.335279,NGA,GRL,8942
845905,208,92,1410,2001.0,11973.0,0.0,2.01685,0.8233159999999999,SWE,GRL,8942
845906,250,92,1410,2001.0,430460.0,0.0,0.947105,-0.529946,ANS,GRL,8942
845907,246,129,1410,2001.0,67707.0,0.0,0.249833,2.1142950000000003,ZAF,LSO,8942
845908,18,198,1410,2001.0,0.0,7818.0,1.425483,1.3072409999999999,BEL,SMR,8942
845909,41,198,1410,2001.0,4891.0,4215.0,2.161588,0.8069890000000001,CHE,SMR,8942
845910,71,198,1410,2001.0,81928.0,1502.0,1.1380350000000001,1.7870139999999999,ESP,SMR,8942
845911,81,198,1410,2001.0,8545278.0,136392.0,2.1068439999999997,0.658575,GBR,SMR,8942
845912,208,198,1410,2001.0,47830.0,0.0,2.01685,0.8233159999999999,SWE,SMR,8942
845913,61,200,1410,2001.0,14000.0,0.0,2.335872,-2.09875,DEU,SPM,8942
845914,77,200,1410,2001.0,301396.0,0.0,1.6143809999999998,0.626221,FRA,SPM,8942
845915,111,200,1410,2001.0,14618.0,0.0,1.488545,0.8410610000000001,ITA,SPM,8942
845916,231,233,1410,2001.0,9400.0,10656.0,1.96615,-0.12332699999999999,USA,VAT,8942
845917,81,194,1410,2001.0,61567.0,0.0,2.1068439999999997,0.658575,GBR,SHN,8942
845918,246,194,1410,2001.0,12629.0,0.0,0.249833,2.1142950000000003,ZAF,SHN,8942
845919,61,218,1410,2001.0,1000.0,0.0,2.335872,-2.09875,DEU,TKL,8942
845920,231,218,1410,2001.0,0.0,1399.0,1.96615,-0.12332699999999999,USA,TKL,8942
845921,61,105,1410,2001.0,1000.0,0.0,2.335872,-2.09875,DEU,IOT,8942
845922,231,105,1410,2001.0,75854.0,0.0,1.96615,-0.12332699999999999,USA,IOT,8942
845923,81,161,1410,2001.0,5630.0,0.0,2.1068439999999997,0.658575,GBR,NIU,8942
845924,3,6,1413,2001.0,0.0,10239.0,1.2751139999999999,0.465124,AIA,ANT,8951
845925,61,6,1413,2001.0,3000.0,0.0,2.335872,-2.09875,DEU,ANT,8951
845926,112,6,1413,2001.0,0.0,1087.0,-0.562839,-0.9381510000000001,JAM,ANT,8951
845927,162,6,1413,2001.0,6279.0,0.0,1.299569,1.487015,NLD,ANT,8951
845928,231,6,1413,2001.0,12014.0,0.0,1.96615,-0.12332699999999999,USA,ANT,8951
845929,236,6,1413,2001.0,0.0,18740.0,-0.013877,-0.8582690000000001,VEN,ANT,8951
845930,249,6,1413,2001.0,3252.0,0.0,1.7270020000000001,1.252843,TWN,ANT,8951
845931,18,8,1413,2001.0,5895.0,0.0,1.425483,1.3072409999999999,BEL,ARG,8951
845932,32,8,1413,2001.0,135688.0,141138.0,0.658473,1.328637,BRA,ARG,8951
845933,41,8,1413,2001.0,18812.0,0.0,2.161588,0.8069890000000001,CHE,ARG,8951
845934,42,8,1413,2001.0,1312.0,8546.0,-0.148124,0.074033,CHL,ARG,8951
845935,43,8,1413,2001.0,505281.0,0.0,0.535502,2.28778,CHN,ARG,8951
845936,49,8,1413,2001.0,9148.0,0.0,0.3378,0.479951,COL,ARG,8951
845937,54,8,1413,2001.0,0.0,1444.0,-0.889919,-1.137994,CUB,ARG,8951
845938,61,8,1413,2001.0,39353.0,0.0,2.335872,-2.09875,DEU,ARG,8951
845939,71,8,1413,2001.0,44761.0,0.0,1.1380350000000001,1.7870139999999999,ESP,ARG,8951
845940,77,8,1413,2001.0,35324.0,4661.0,1.6143809999999998,0.626221,FRA,ARG,8951
845941,81,8,1413,2001.0,1557.0,1951.0,2.1068439999999997,0.658575,GBR,ARG,8951
845942,97,8,1413,2001.0,571181.0,0.0,0.639538,1.5157610000000001,HKG,ARG,8951
845943,103,8,1413,2001.0,20293.0,0.0,0.039233,1.780659,IDN,ARG,8951
845944,104,8,1413,2001.0,11344.0,0.0,0.382444,2.538934,IND,ARG,8951
845945,110,8,1413,2001.0,1310.0,0.0,1.17675,0.900401,ISR,ARG,8951
845946,111,8,1413,2001.0,94629.0,0.0,1.488545,0.8410610000000001,ITA,ARG,8951
845947,114,8,1413,2001.0,6627.0,0.0,2.674032,0.445636,JPN,ARG,8951
845948,121,8,1413,2001.0,9938.0,0.0,1.436204,0.917057,KOR,ARG,8951
845949,138,8,1413,2001.0,7721.0,10236.0,1.088661,0.680197,MEX,ARG,8951
845950,162,8,1413,2001.0,2492.0,5911.0,1.299569,1.487015,NLD,ARG,8951
845951,180,8,1413,2001.0,0.0,14252.0,-0.7430220000000001,-0.8668540000000001,PRY,ARG,8951
845952,192,8,1413,2001.0,2729.0,0.0,1.587064,0.639626,SGP,ARG,8951
845953,208,8,1413,2001.0,11092.0,0.0,2.01685,0.8233159999999999,SWE,ARG,8951
845954,216,8,1413,2001.0,1236.0,0.0,0.49264600000000003,1.493471,THA,ARG,8951
845955,230,8,1413,2001.0,0.0,73346.0,0.192313,0.401841,URY,ARG,8951
845956,231,8,1413,2001.0,147282.0,0.0,1.96615,-0.12332699999999999,USA,ARG,8951
845957,236,8,1413,2001.0,0.0,96771.0,-0.013877,-0.8582690000000001,VEN,ARG,8951
845958,249,8,1413,2001.0,192050.0,0.0,1.7270020000000001,1.252843,TWN,ARG,8951
845959,7,14,1413,2001.0,0.0,30874.0,-0.217259,-0.613042,ARE,AUS,8951
845960,10,14,1413,2001.0,0.0,136408.0,1.25061,0.24753699999999998,ASM,AUS,8951
845961,15,14,1413,2001.0,197982.0,0.0,1.8987740000000002,0.45922700000000005,AUT,AUS,8951
845962,18,14,1413,2001.0,2683.0,1082.0,1.425483,1.3072409999999999,BEL,AUS,8951
845963,34,14,1413,2001.0,0.0,1800.0,-0.38253899999999996,-0.904789,BRN,AUS,8951
845964,39,14,1413,2001.0,23359.0,25418.0,0.8899729999999999,1.3778299999999999,CAN,AUS,8951
845965,40,14,1413,2001.0,0.0,3095.0,1.8597130000000002,0.10094299999999999,CCK,AUS,8951
845966,43,14,1413,2001.0,2395081.0,2555.0,0.535502,2.28778,CHN,AUS,8951
845967,56,14,1413,2001.0,0.0,4114.0,0.8829440000000001,-0.79962,CXR,AUS,8951
845968,59,14,1413,2001.0,4311.0,1052.0,1.56908,0.860384,CZE,AUS,8951
845969,61,14,1413,2001.0,560786.0,0.0,2.335872,-2.09875,DEU,AUS,8951
845970,64,14,1413,2001.0,13479.0,5058.0,1.356327,1.3288309999999999,DNK,AUS,8951
845971,71,14,1413,2001.0,33953.0,0.0,1.1380350000000001,1.7870139999999999,ESP,AUS,8951
845972,74,14,1413,2001.0,10221.0,0.0,1.9661669999999998,1.000436,FIN,AUS,8951
845973,75,14,1413,2001.0,0.0,48694.0,-0.9144950000000001,-0.673283,FJI,AUS,8951
845974,77,14,1413,2001.0,62890.0,4322.0,1.6143809999999998,0.626221,FRA,AUS,8951
845975,81,14,1413,2001.0,780496.0,391115.0,2.1068439999999997,0.658575,GBR,AUS,8951
845976,83,14,1413,2001.0,0.0,6624.0,-0.7818689999999999,-0.645878,GHA,AUS,8951
845977,90,14,1413,2001.0,21108.0,0.0,0.338607,1.506593,GRC,AUS,8951
845978,97,14,1413,2001.0,710537.0,67133.0,0.639538,1.5157610000000001,HKG,AUS,8951
845979,100,14,1413,2001.0,0.0,1119.0,0.6315729999999999,1.169338,HRV,AUS,8951
845980,103,14,1413,2001.0,21038.0,28033.0,0.039233,1.780659,IDN,AUS,8951
845981,104,14,1413,2001.0,17765.0,14914.0,0.382444,2.538934,IND,AUS,8951
845982,106,14,1413,2001.0,1281.0,0.0,1.751955,0.210628,IRL,AUS,8951
845983,111,14,1413,2001.0,664355.0,1132.0,1.488545,0.8410610000000001,ITA,AUS,8951
845984,114,14,1413,2001.0,467954.0,11488.0,2.674032,0.445636,JPN,AUS,8951
845985,119,14,1413,2001.0,0.0,5910.0,0.5835560000000001,-0.872135,KIR,AUS,8951
845986,121,14,1413,2001.0,101021.0,3636.0,1.436204,0.917057,KOR,AUS,8951
845987,128,14,1413,2001.0,0.0,1644.0,-0.43381000000000003,0.057630999999999995,LKA,AUS,8951
845988,130,14,1413,2001.0,1867.0,0.0,0.21069699999999997,0.720384,LTU,AUS,8951
845989,138,14,1413,2001.0,9752.0,1052.0,1.088661,0.680197,MEX,AUS,8951
845990,153,14,1413,2001.0,253325.0,10192.0,0.894191,0.310677,MYS,AUS,8951
845991,158,14,1413,2001.0,0.0,4194.0,2.1236029999999997,-0.348056,NFK,AUS,8951
845992,159,14,1413,2001.0,0.0,2005.0,-1.9085759999999998,-1.335279,NGA,AUS,8951
845993,162,14,1413,2001.0,212955.0,6227.0,1.299569,1.487015,NLD,AUS,8951
845994,166,14,1413,2001.0,1296830.0,1152606.0,0.220307,0.689625,NZL,AUS,8951
845995,167,14,1413,2001.0,0.0,17005.0,-1.4727729999999999,-1.329588,OMN,AUS,8951
845996,174,14,1413,2001.0,1932.0,101761.0,0.153601,-0.174218,PHL,AUS,8951
845997,176,14,1413,2001.0,0.0,47434.0,-1.2970270000000002,-1.1991209999999999,PNG,AUS,8951
845998,183,14,1413,2001.0,0.0,12494.0,-0.282283,-1.136895,QAT,AUS,8951
845999,188,14,1413,2001.0,0.0,14894.0,0.078887,-0.9764430000000001,SAU,AUS,8951
846000,192,14,1413,2001.0,106465.0,290617.0,1.587064,0.639626,SGP,AUS,8951
846001,195,14,1413,2001.0,0.0,3626.0,-0.5235810000000001,-0.796198,SLB,AUS,8951
846002,207,14,1413,2001.0,23157.0,0.0,1.488089,1.0928360000000001,SVN,AUS,8951
846003,208,14,1413,2001.0,538966.0,0.0,2.01685,0.8233159999999999,SWE,AUS,8951
846004,216,14,1413,2001.0,120572.0,0.0,0.49264600000000003,1.493471,THA,AUS,8951
846005,221,14,1413,2001.0,0.0,6389.0,-1.14535,-1.031814,TON,AUS,8951
846006,225,14,1413,2001.0,0.0,1431.0,0.179783,0.072198,TUV,AUS,8951
846007,226,14,1413,2001.0,0.0,13773.0,-1.227071,-0.489829,TZA,AUS,8951
846008,231,14,1413,2001.0,2116321.0,70878.0,1.96615,-0.12332699999999999,USA,AUS,8951
846009,239,14,1413,2001.0,0.0,6608.0,-0.533978,0.503988,VNM,AUS,8951
846010,240,14,1413,2001.0,0.0,14851.0,-0.950859,-0.9321309999999999,VUT,AUS,8951
846011,242,14,1413,2001.0,0.0,52330.0,-0.45074200000000003,-0.7984439999999999,WSM,AUS,8951
846012,246,14,1413,2001.0,12295.0,0.0,0.249833,2.1142950000000003,ZAF,AUS,8951
846013,249,14,1413,2001.0,909329.0,0.0,1.7270020000000001,1.252843,TWN,AUS,8951
846014,4,15,1413,2001.0,0.0,2992.0,-0.137138,0.120093,ALB,AUT,8951
846015,7,15,1413,2001.0,0.0,60005.0,-0.217259,-0.613042,ARE,AUT,8951
846016,14,15,1413,2001.0,0.0,197982.0,-0.12189000000000001,0.7281770000000001,AUS,AUT,8951
846017,18,15,1413,2001.0,58986.0,133999.0,1.425483,1.3072409999999999,BEL,AUT,8951
846018,23,15,1413,2001.0,0.0,13451.0,0.46429799999999993,1.7500380000000002,BGR,AUT,8951
846019,24,15,1413,2001.0,0.0,25923.0,-0.11648499999999999,-1.101653,BHR,AUT,8951
846020,26,15,1413,2001.0,0.0,5168.0,0.263644,0.44197,BIH,AUT,8951
846021,28,15,1413,2001.0,0.0,2146.0,0.78008,1.232713,BLR,AUT,8951
846022,32,15,1413,2001.0,0.0,12431.0,0.658473,1.328637,BRA,AUT,8951
846023,39,15,1413,2001.0,0.0,6259.0,0.8899729999999999,1.3778299999999999,CAN,AUT,8951
846024,41,15,1413,2001.0,45893.0,282194.0,2.161588,0.8069890000000001,CHE,AUT,8951
846025,42,15,1413,2001.0,0.0,6015.0,-0.148124,0.074033,CHL,AUT,8951
846026,43,15,1413,2001.0,234558.0,0.0,0.535502,2.28778,CHN,AUT,8951
846027,49,15,1413,2001.0,0.0,11925.0,0.3378,0.479951,COL,AUT,8951
846028,58,15,1413,2001.0,0.0,28129.0,0.30700500000000003,0.258726,CYP,AUT,8951
846029,59,15,1413,2001.0,264695.0,54384.0,1.56908,0.860384,CZE,AUT,8951
846030,61,15,1413,2001.0,3647467.0,4530708.0,2.335872,-2.09875,DEU,AUT,8951
846031,64,15,1413,2001.0,64189.0,1039661.0,1.356327,1.3288309999999999,DNK,AUT,8951
846032,68,15,1413,2001.0,0.0,16457.0,-0.346794,0.431229,EGY,AUT,8951
846033,71,15,1413,2001.0,2460.0,1442079.0,1.1380350000000001,1.7870139999999999,ESP,AUT,8951
846034,72,15,1413,2001.0,0.0,49141.0,0.53422,0.9372790000000001,EST,AUT,8951
846035,74,15,1413,2001.0,0.0,222220.0,1.9661669999999998,1.000436,FIN,AUT,8951
846036,77,15,1413,2001.0,187288.0,2069604.0,1.6143809999999998,0.626221,FRA,AUT,8951
846037,81,15,1413,2001.0,55318.0,2865156.0,2.1068439999999997,0.658575,GBR,AUT,8951
846038,90,15,1413,2001.0,0.0,650171.0,0.338607,1.506593,GRC,AUT,8951
846039,97,15,1413,2001.0,57921.0,9741.0,0.639538,1.5157610000000001,HKG,AUT,8951
846040,100,15,1413,2001.0,3912.0,82031.0,0.6315729999999999,1.169338,HRV,AUT,8951
846041,102,15,1413,2001.0,8887076.0,433425.0,1.069245,1.2217069999999999,HUN,AUT,8951
846042,103,15,1413,2001.0,3760.0,1711.0,0.039233,1.780659,IDN,AUT,8951
846043,104,15,1413,2001.0,3353.0,0.0,0.382444,2.538934,IND,AUT,8951
846044,106,15,1413,2001.0,0.0,114276.0,1.751955,0.210628,IRL,AUT,8951
846045,107,15,1413,2001.0,48648.0,0.0,-0.973691,-1.05654,IRN,AUT,8951
846046,110,15,1413,2001.0,0.0,84834.0,1.17675,0.900401,ISR,AUT,8951
846047,111,15,1413,2001.0,1891262.0,1368829.0,1.488545,0.8410610000000001,ITA,AUT,8951
846048,113,15,1413,2001.0,0.0,29761.0,0.5404760000000001,0.8497170000000001,JOR,AUT,8951
846049,114,15,1413,2001.0,82794.0,294177.0,2.674032,0.445636,JPN,AUT,8951
846050,115,15,1413,2001.0,0.0,1512.0,-0.05773,-0.44668500000000005,KAZ,AUT,8951
846051,121,15,1413,2001.0,4920.0,26322.0,1.436204,0.917057,KOR,AUT,8951
846052,122,15,1413,2001.0,0.0,1111.0,-0.695801,-1.225701,KWT,AUT,8951
846053,124,15,1413,2001.0,0.0,3503.0,0.09267,0.97731,LBN,AUT,8951
846054,126,15,1413,2001.0,0.0,2293.0,-0.9461450000000001,-1.242884,LBY,AUT,8951
846055,130,15,1413,2001.0,0.0,2760.0,0.21069699999999997,0.720384,LTU,AUT,8951
846056,131,15,1413,2001.0,0.0,2615.0,1.326753,1.2069530000000002,LUX,AUT,8951
846057,132,15,1413,2001.0,0.0,9570.0,0.31652600000000003,0.523927,LVA,AUT,8951
846058,134,15,1413,2001.0,0.0,19280.0,-0.616006,-0.340127,MAR,AUT,8951
846059,138,15,1413,2001.0,0.0,14824.0,1.088661,0.680197,MEX,AUT,8951
846060,140,15,1413,2001.0,0.0,1032.0,0.085844,0.413947,MKD,AUT,8951
846061,153,15,1413,2001.0,7284.0,2066.0,0.894191,0.310677,MYS,AUT,8951
846062,162,15,1413,2001.0,642068.0,229927.0,1.299569,1.487015,NLD,AUT,8951
846063,163,15,1413,2001.0,1590.0,266496.0,0.542366,-0.180336,NOR,AUT,8951
846064,166,15,1413,2001.0,0.0,1484.0,0.220307,0.689625,NZL,AUT,8951
846065,167,15,1413,2001.0,0.0,1836.0,-1.4727729999999999,-1.329588,OMN,AUT,8951
846066,177,15,1413,2001.0,18874.0,647297.0,0.983238,1.7436209999999999,POL,AUT,8951
846067,179,15,1413,2001.0,0.0,308152.0,0.688736,1.326716,PRT,AUT,8951
846068,180,15,1413,2001.0,0.0,6129.0,-0.7430220000000001,-0.8668540000000001,PRY,AUT,8951
846069,183,15,1413,2001.0,0.0,1325.0,-0.282283,-1.136895,QAT,AUT,8951
846070,185,15,1413,2001.0,0.0,16863.0,0.465168,1.1029129999999998,ROU,AUT,8951
846071,186,15,1413,2001.0,0.0,11322.0,0.546271,0.195872,RUS,AUT,8951
846072,188,15,1413,2001.0,0.0,2827.0,0.078887,-0.9764430000000001,SAU,AUT,8951
846073,189,15,1413,2001.0,0.0,16311.0,0.38765,2.769588,SCG,AUT,8951
846074,192,15,1413,2001.0,16885.0,0.0,1.587064,0.639626,SGP,AUT,8951
846075,205,15,1413,2001.0,0.0,1061.0,-0.7622359999999999,-0.790158,SUR,AUT,8951
846076,206,15,1413,2001.0,138364.0,169601.0,1.310591,1.195523,SVK,AUT,8951
846077,207,15,1413,2001.0,651834.0,43882.0,1.488089,1.0928360000000001,SVN,AUT,8951
846078,208,15,1413,2001.0,31074.0,266333.0,2.01685,0.8233159999999999,SWE,AUT,8951
846079,223,15,1413,2001.0,0.0,5534.0,0.054524,0.26892699999999997,TUN,AUT,8951
846080,224,15,1413,2001.0,0.0,156855.0,0.168219,1.989011,TUR,AUT,8951
846081,228,15,1413,2001.0,0.0,14095.0,0.642888,1.267971,UKR,AUT,8951
846082,231,15,1413,2001.0,22024.0,2987892.0,1.96615,-0.12332699999999999,USA,AUT,8951
846083,243,15,1413,2001.0,0.0,2026.0,-1.658584,-1.354606,YEM,AUT,8951
846084,246,15,1413,2001.0,0.0,15867.0,0.249833,2.1142950000000003,ZAF,AUT,8951
846085,249,15,1413,2001.0,36819.0,0.0,1.7270020000000001,1.252843,TWN,AUT,8951
846086,7,18,1413,2001.0,0.0,8112.0,-0.217259,-0.613042,ARE,BEL,8951
846087,8,18,1413,2001.0,0.0,5895.0,0.11289,0.916845,ARG,BEL,8951
846088,14,18,1413,2001.0,1082.0,2683.0,-0.12189000000000001,0.7281770000000001,AUS,BEL,8951
846089,15,18,1413,2001.0,133999.0,58986.0,1.8987740000000002,0.45922700000000005,AUT,BEL,8951
846090,23,18,1413,2001.0,0.0,1353.0,0.46429799999999993,1.7500380000000002,BGR,BEL,8951
846091,31,18,1413,2001.0,0.0,1396.0,-0.614885,-0.5022770000000001,BOL,BEL,8951
846092,32,18,1413,2001.0,0.0,13937.0,0.658473,1.328637,BRA,BEL,8951
846093,41,18,1413,2001.0,66345.0,78348.0,2.161588,0.8069890000000001,CHE,BEL,8951
846094,43,18,1413,2001.0,799571.0,90443.0,0.535502,2.28778,CHN,BEL,8951
846095,46,18,1413,2001.0,0.0,6652.0,-1.2660959999999999,-1.1988860000000001,COD,BEL,8951
846096,59,18,1413,2001.0,90065.0,24764.0,1.56908,0.860384,CZE,BEL,8951
846097,61,18,1413,2001.0,1337025.0,371668.0,2.335872,-2.09875,DEU,BEL,8951
846098,64,18,1413,2001.0,33626.0,54854.0,1.356327,1.3288309999999999,DNK,BEL,8951
846099,66,18,1413,2001.0,0.0,7894.0,-0.9852559999999999,-1.245285,DZA,BEL,8951
846100,71,18,1413,2001.0,234615.0,105800.0,1.1380350000000001,1.7870139999999999,ESP,BEL,8951
846101,73,18,1413,2001.0,0.0,10173.0,-1.010637,-0.8893280000000001,ETH,BEL,8951
846102,74,18,1413,2001.0,2882.0,33423.0,1.9661669999999998,1.000436,FIN,BEL,8951
846103,77,18,1413,2001.0,1556694.0,592885.0,1.6143809999999998,0.626221,FRA,BEL,8951
846104,81,18,1413,2001.0,1150399.0,468945.0,2.1068439999999997,0.658575,GBR,BEL,8951
846105,85,18,1413,2001.0,0.0,3772.0,-1.2887950000000001,-1.195448,GIN,BEL,8951
846106,87,18,1413,2001.0,0.0,9657.0,0.161174,-0.019187,GMB,BEL,8951
846107,90,18,1413,2001.0,4428.0,65963.0,0.338607,1.506593,GRC,BEL,8951
846108,97,18,1413,2001.0,354643.0,29924.0,0.639538,1.5157610000000001,HKG,BEL,8951
846109,100,18,1413,2001.0,0.0,9538.0,0.6315729999999999,1.169338,HRV,BEL,8951
846110,102,18,1413,2001.0,0.0,74776.0,1.069245,1.2217069999999999,HUN,BEL,8951
846111,103,18,1413,2001.0,1305.0,31080.0,0.039233,1.780659,IDN,BEL,8951
846112,104,18,1413,2001.0,39836.0,0.0,0.382444,2.538934,IND,BEL,8951
846113,106,18,1413,2001.0,0.0,9920.0,1.751955,0.210628,IRL,BEL,8951
846114,110,18,1413,2001.0,0.0,14779.0,1.17675,0.900401,ISR,BEL,8951
846115,111,18,1413,2001.0,668114.0,34476.0,1.488545,0.8410610000000001,ITA,BEL,8951
846116,114,18,1413,2001.0,198713.0,8264.0,2.674032,0.445636,JPN,BEL,8951
846117,121,18,1413,2001.0,36595.0,3024.0,1.436204,0.917057,KOR,BEL,8951
846118,122,18,1413,2001.0,0.0,27291.0,-0.695801,-1.225701,KWT,BEL,8951
846119,124,18,1413,2001.0,0.0,1512.0,0.09267,0.97731,LBN,BEL,8951
846120,126,18,1413,2001.0,0.0,26756.0,-0.9461450000000001,-1.242884,LBY,BEL,8951
846121,130,18,1413,2001.0,0.0,12921.0,0.21069699999999997,0.720384,LTU,BEL,8951
846122,131,18,1413,2001.0,55248.0,273052.0,1.326753,1.2069530000000002,LUX,BEL,8951
846123,132,18,1413,2001.0,0.0,1652.0,0.31652600000000003,0.523927,LVA,BEL,8951
846124,135,18,1413,2001.0,0.0,5683.0,0.12110699999999999,0.159706,MDA,BEL,8951
846125,138,18,1413,2001.0,25240.0,4783.0,1.088661,0.680197,MEX,BEL,8951
846126,148,18,1413,2001.0,0.0,7630.0,-1.112149,-1.292716,MRT,BEL,8951
846127,153,18,1413,2001.0,1293.0,0.0,0.894191,0.310677,MYS,BEL,8951
846128,159,18,1413,2001.0,0.0,7327.0,-1.9085759999999998,-1.335279,NGA,BEL,8951
846129,162,18,1413,2001.0,3054630.0,3089679.0,1.299569,1.487015,NLD,BEL,8951
846130,163,18,1413,2001.0,15989.0,43459.0,0.542366,-0.180336,NOR,BEL,8951
846131,174,18,1413,2001.0,7131.0,0.0,0.153601,-0.174218,PHL,BEL,8951
846132,177,18,1413,2001.0,0.0,28553.0,0.983238,1.7436209999999999,POL,BEL,8951
846133,179,18,1413,2001.0,1303.0,65399.0,0.688736,1.326716,PRT,BEL,8951
846134,185,18,1413,2001.0,0.0,10254.0,0.465168,1.1029129999999998,ROU,BEL,8951
846135,186,18,1413,2001.0,0.0,34914.0,0.546271,0.195872,RUS,BEL,8951
846136,187,18,1413,2001.0,0.0,13501.0,-1.043415,-0.9686870000000001,RWA,BEL,8951
846137,189,18,1413,2001.0,1726.0,9660.0,0.38765,2.769588,SCG,BEL,8951
846138,191,18,1413,2001.0,0.0,12456.0,-0.570156,-0.560573,SEN,BEL,8951
846139,192,18,1413,2001.0,18648.0,220860.0,1.587064,0.639626,SGP,BEL,8951
846140,206,18,1413,2001.0,0.0,199541.0,1.310591,1.195523,SVK,BEL,8951
846141,207,18,1413,2001.0,584095.0,53751.0,1.488089,1.0928360000000001,SVN,BEL,8951
846142,208,18,1413,2001.0,76080.0,102136.0,2.01685,0.8233159999999999,SWE,BEL,8951
846143,216,18,1413,2001.0,1880.0,23062.0,0.49264600000000003,1.493471,THA,BEL,8951
846144,223,18,1413,2001.0,0.0,24859.0,0.054524,0.26892699999999997,TUN,BEL,8951
846145,224,18,1413,2001.0,0.0,10243.0,0.168219,1.989011,TUR,BEL,8951
846146,227,18,1413,2001.0,0.0,192632.0,-1.1823700000000001,-0.7738619999999999,UGA,BEL,8951
846147,228,18,1413,2001.0,0.0,1177.0,0.642888,1.267971,UKR,BEL,8951
846148,230,18,1413,2001.0,0.0,3552.0,0.192313,0.401841,URY,BEL,8951
846149,231,18,1413,2001.0,166253.0,655716.0,1.96615,-0.12332699999999999,USA,BEL,8951
846150,236,18,1413,2001.0,0.0,8104.0,-0.013877,-0.8582690000000001,VEN,BEL,8951
846151,239,18,1413,2001.0,7533.0,7310.0,-0.533978,0.503988,VNM,BEL,8951
846152,246,18,1413,2001.0,2195.0,0.0,0.249833,2.1142950000000003,ZAF,BEL,8951
846153,249,18,1413,2001.0,167827.0,2441.0,1.7270020000000001,1.252843,TWN,BEL,8951
846154,43,22,1413,2001.0,263307.0,0.0,0.535502,2.28778,CHN,BGD,8951
846155,61,22,1413,2001.0,3281.0,0.0,2.335872,-2.09875,DEU,BGD,8951
846156,81,22,1413,2001.0,3483.0,0.0,2.1068439999999997,0.658575,GBR,BGD,8951
846157,97,22,1413,2001.0,51188.0,0.0,0.639538,1.5157610000000001,HKG,BGD,8951
846158,103,22,1413,2001.0,7091.0,0.0,0.039233,1.780659,IDN,BGD,8951
846159,104,22,1413,2001.0,18249.0,0.0,0.382444,2.538934,IND,BGD,8951
846160,114,22,1413,2001.0,2216.0,0.0,2.674032,0.445636,JPN,BGD,8951
846161,121,22,1413,2001.0,5312.0,0.0,1.436204,0.917057,KOR,BGD,8951
846162,153,22,1413,2001.0,12829.0,0.0,0.894191,0.310677,MYS,BGD,8951
846163,192,22,1413,2001.0,18626.0,0.0,1.587064,0.639626,SGP,BGD,8951
846164,216,22,1413,2001.0,13381.0,0.0,0.49264600000000003,1.493471,THA,BGD,8951
846165,249,22,1413,2001.0,48661.0,0.0,1.7270020000000001,1.252843,TWN,BGD,8951
846166,39,25,1413,2001.0,2703.0,0.0,0.8899729999999999,1.3778299999999999,CAN,BHS,8951
846167,97,25,1413,2001.0,1617.0,0.0,0.639538,1.5157610000000001,HKG,BHS,8951
846168,162,25,1413,2001.0,10600.0,0.0,1.299569,1.487015,NLD,BHS,8951
846169,163,25,1413,2001.0,1201.0,0.0,0.542366,-0.180336,NOR,BHS,8951
846170,208,25,1413,2001.0,1955.0,0.0,2.01685,0.8233159999999999,SWE,BHS,8951
846171,222,25,1413,2001.0,0.0,5016.0,0.265201,-0.602807,TTO,BHS,8951
846172,231,25,1413,2001.0,212154.0,41743.0,1.96615,-0.12332699999999999,USA,BHS,8951
846173,250,25,1413,2001.0,5190.0,0.0,0.947105,-0.529946,ANS,BHS,8951
846174,2,32,1413,2001.0,0.0,2010.0,-2.190929,-1.302123,AGO,BRA,8951
846175,8,32,1413,2001.0,141138.0,135688.0,0.11289,0.916845,ARG,BRA,8951
846176,15,32,1413,2001.0,12431.0,0.0,1.8987740000000002,0.45922700000000005,AUT,BRA,8951
846177,18,32,1413,2001.0,13937.0,0.0,1.425483,1.3072409999999999,BEL,BRA,8951
846178,31,32,1413,2001.0,0.0,44700.0,-0.614885,-0.5022770000000001,BOL,BRA,8951
846179,39,32,1413,2001.0,0.0,4470.0,0.8899729999999999,1.3778299999999999,CAN,BRA,8951
846180,41,32,1413,2001.0,2453.0,0.0,2.161588,0.8069890000000001,CHE,BRA,8951
846181,42,32,1413,2001.0,1724.0,1376.0,-0.148124,0.074033,CHL,BRA,8951
846182,43,32,1413,2001.0,797796.0,0.0,0.535502,2.28778,CHN,BRA,8951
846183,49,32,1413,2001.0,55533.0,0.0,0.3378,0.479951,COL,BRA,8951
846184,52,32,1413,2001.0,2045.0,0.0,0.07408200000000001,0.126368,CRI,BRA,8951
846185,59,32,1413,2001.0,9306.0,0.0,1.56908,0.860384,CZE,BRA,8951
846186,61,32,1413,2001.0,99058.0,0.0,2.335872,-2.09875,DEU,BRA,8951
846187,65,32,1413,2001.0,0.0,4165.0,-0.55896,-0.517513,DOM,BRA,8951
846188,71,32,1413,2001.0,29126.0,0.0,1.1380350000000001,1.7870139999999999,ESP,BRA,8951
846189,77,32,1413,2001.0,45947.0,0.0,1.6143809999999998,0.626221,FRA,BRA,8951
846190,81,32,1413,2001.0,43923.0,0.0,2.1068439999999997,0.658575,GBR,BRA,8951
846191,97,32,1413,2001.0,1249846.0,0.0,0.639538,1.5157610000000001,HKG,BRA,8951
846192,104,32,1413,2001.0,2087.0,0.0,0.382444,2.538934,IND,BRA,8951
846193,110,32,1413,2001.0,0.0,4263.0,1.17675,0.900401,ISR,BRA,8951
846194,111,32,1413,2001.0,132572.0,0.0,1.488545,0.8410610000000001,ITA,BRA,8951
846195,114,32,1413,2001.0,40172.0,0.0,2.674032,0.445636,JPN,BRA,8951
846196,121,32,1413,2001.0,52767.0,0.0,1.436204,0.917057,KOR,BRA,8951
846197,122,32,1413,2001.0,0.0,1457.0,-0.695801,-1.225701,KWT,BRA,8951
846198,138,32,1413,2001.0,36576.0,22057.0,1.088661,0.680197,MEX,BRA,8951
846199,153,32,1413,2001.0,25025.0,0.0,0.894191,0.310677,MYS,BRA,8951
846200,162,32,1413,2001.0,93392.0,0.0,1.299569,1.487015,NLD,BRA,8951
846201,163,32,1413,2001.0,0.0,1376.0,0.542366,-0.180336,NOR,BRA,8951
846202,173,32,1413,2001.0,0.0,19580.0,-0.318071,0.116602,PER,BRA,8951
846203,178,32,1413,2001.0,1361.0,0.0,0.7188640000000001,1.101559,PRK,BRA,8951
846204,179,32,1413,2001.0,0.0,1635.0,0.688736,1.326716,PRT,BRA,8951
846205,180,32,1413,2001.0,0.0,30355.0,-0.7430220000000001,-0.8668540000000001,PRY,BRA,8951
846206,208,32,1413,2001.0,20631.0,0.0,2.01685,0.8233159999999999,SWE,BRA,8951
846207,216,32,1413,2001.0,1483.0,0.0,0.49264600000000003,1.493471,THA,BRA,8951
846208,226,32,1413,2001.0,0.0,3018.0,-1.227071,-0.489829,TZA,BRA,8951
846209,230,32,1413,2001.0,0.0,8441.0,0.192313,0.401841,URY,BRA,8951
846210,231,32,1413,2001.0,676317.0,57938.0,1.96615,-0.12332699999999999,USA,BRA,8951
846211,236,32,1413,2001.0,0.0,1529.0,-0.013877,-0.8582690000000001,VEN,BRA,8951
846212,249,32,1413,2001.0,162217.0,0.0,1.7270020000000001,1.252843,TWN,BRA,8951
846213,39,33,1413,2001.0,23278.0,0.0,0.8899729999999999,1.3778299999999999,CAN,BRB,8951
846214,81,33,1413,2001.0,13192.0,0.0,2.1068439999999997,0.658575,GBR,BRB,8951
846215,103,33,1413,2001.0,8759.0,0.0,0.039233,1.780659,IDN,BRB,8951
846216,114,33,1413,2001.0,1282.0,0.0,2.674032,0.445636,JPN,BRB,8951
846217,138,33,1413,2001.0,2650.0,0.0,1.088661,0.680197,MEX,BRB,8951
846218,208,33,1413,2001.0,1134.0,0.0,2.01685,0.8233159999999999,SWE,BRB,8951
846219,222,33,1413,2001.0,23768.0,2722.0,0.265201,-0.602807,TTO,BRB,8951
846220,231,33,1413,2001.0,67331.0,0.0,1.96615,-0.12332699999999999,USA,BRB,8951
846221,7,39,1413,2001.0,0.0,1612.0,-0.217259,-0.613042,ARE,CAN,8951
846222,14,39,1413,2001.0,25418.0,23359.0,-0.12189000000000001,0.7281770000000001,AUS,CAN,8951
846223,15,39,1413,2001.0,6259.0,0.0,1.8987740000000002,0.45922700000000005,AUT,CAN,8951
846224,25,39,1413,2001.0,0.0,2703.0,0.37464899999999995,-0.130024,BHS,CAN,8951
846225,29,39,1413,2001.0,0.0,3052.0,-0.356917,-0.73121,BLZ,CAN,8951
846226,30,39,1413,2001.0,0.0,3263.0,1.070437,-0.50948,BMU,CAN,8951
846227,32,39,1413,2001.0,4470.0,0.0,0.658473,1.328637,BRA,CAN,8951
846228,33,39,1413,2001.0,0.0,23278.0,0.418462,-0.020000999999999998,BRB,CAN,8951
846229,41,39,1413,2001.0,1402.0,1604.0,2.161588,0.8069890000000001,CHE,CAN,8951
846230,43,39,1413,2001.0,7703403.0,6979.0,0.535502,2.28778,CHN,CAN,8951
846231,45,39,1413,2001.0,0.0,2300.0,-1.4692049999999999,-1.251498,CMR,CAN,8951
846232,49,39,1413,2001.0,250433.0,0.0,0.3378,0.479951,COL,CAN,8951
846233,54,39,1413,2001.0,0.0,35025.0,-0.889919,-1.137994,CUB,CAN,8951
846234,57,39,1413,2001.0,0.0,2814.0,0.421799,-0.713411,CYM,CAN,8951
846235,59,39,1413,2001.0,11530.0,0.0,1.56908,0.860384,CZE,CAN,8951
846236,61,39,1413,2001.0,182072.0,0.0,2.335872,-2.09875,DEU,CAN,8951
846237,64,39,1413,2001.0,8680.0,1065.0,1.356327,1.3288309999999999,DNK,CAN,8951
846238,65,39,1413,2001.0,6473.0,0.0,-0.55896,-0.517513,DOM,CAN,8951
846239,71,39,1413,2001.0,32575.0,2530.0,1.1380350000000001,1.7870139999999999,ESP,CAN,8951
846240,74,39,1413,2001.0,5659.0,0.0,1.9661669999999998,1.000436,FIN,CAN,8951
846241,77,39,1413,2001.0,61786.0,2711.0,1.6143809999999998,0.626221,FRA,CAN,8951
846242,81,39,1413,2001.0,252539.0,59514.0,2.1068439999999997,0.658575,GBR,CAN,8951
846243,83,39,1413,2001.0,0.0,7882.0,-0.7818689999999999,-0.645878,GHA,CAN,8951
846244,85,39,1413,2001.0,0.0,47713.0,-1.2887950000000001,-1.195448,GIN,CAN,8951
846245,93,39,1413,2001.0,0.0,8709.0,-0.43618199999999996,0.135535,GTM,CAN,8951
846246,96,39,1413,2001.0,0.0,6334.0,-1.026002,-0.937657,GUY,CAN,8951
846247,97,39,1413,2001.0,569685.0,14100.0,0.639538,1.5157610000000001,HKG,CAN,8951
846248,99,39,1413,2001.0,2067.0,45594.0,-0.6886899999999999,-0.49161400000000005,HND,CAN,8951
846249,100,39,1413,2001.0,0.0,1330.0,0.6315729999999999,1.169338,HRV,CAN,8951
846250,102,39,1413,2001.0,17406.0,0.0,1.069245,1.2217069999999999,HUN,CAN,8951
846251,103,39,1413,2001.0,0.0,2203.0,0.039233,1.780659,IDN,CAN,8951
846252,104,39,1413,2001.0,10842.0,3089.0,0.382444,2.538934,IND,CAN,8951
846253,106,39,1413,2001.0,0.0,37984.0,1.751955,0.210628,IRL,CAN,8951
846254,109,39,1413,2001.0,0.0,10704.0,0.049756,-0.496962,ISL,CAN,8951
846255,111,39,1413,2001.0,460108.0,11960.0,1.488545,0.8410610000000001,ITA,CAN,8951
846256,112,39,1413,2001.0,0.0,62391.0,-0.562839,-0.9381510000000001,JAM,CAN,8951
846257,114,39,1413,2001.0,520725.0,0.0,2.674032,0.445636,JPN,CAN,8951
846258,115,39,1413,2001.0,0.0,2071.0,-0.05773,-0.44668500000000005,KAZ,CAN,8951
846259,120,39,1413,2001.0,0.0,1109.0,0.650191,-0.487457,KNA,CAN,8951
846260,121,39,1413,2001.0,133563.0,0.0,1.436204,0.917057,KOR,CAN,8951
846261,138,39,1413,2001.0,628863.0,51590.0,1.088661,0.680197,MEX,CAN,8951
846262,153,39,1413,2001.0,1207.0,0.0,0.894191,0.310677,MYS,CAN,8951
846263,162,39,1413,2001.0,140196.0,6954.0,1.299569,1.487015,NLD,CAN,8951
846264,163,39,1413,2001.0,0.0,148518.0,0.542366,-0.180336,NOR,CAN,8951
846265,166,39,1413,2001.0,4035.0,0.0,0.220307,0.689625,NZL,CAN,8951
846266,169,39,1413,2001.0,0.0,85241.0,0.17863800000000002,0.440159,PAN,CAN,8951
846267,176,39,1413,2001.0,0.0,4439.0,-1.2970270000000002,-1.1991209999999999,PNG,CAN,8951
846268,179,39,1413,2001.0,1728.0,0.0,0.688736,1.326716,PRT,CAN,8951
846269,182,39,1413,2001.0,0.0,1437.0,0.055376,-0.762668,PYF,CAN,8951
846270,192,39,1413,2001.0,33396.0,31426.0,1.587064,0.639626,SGP,CAN,8951
846271,197,39,1413,2001.0,0.0,1122.0,-0.123958,-0.103849,SLV,CAN,8951
846272,208,39,1413,2001.0,1030051.0,1759.0,2.01685,0.8233159999999999,SWE,CAN,8951
846273,216,39,1413,2001.0,10915.0,0.0,0.49264600000000003,1.493471,THA,CAN,8951
846274,222,39,1413,2001.0,0.0,269590.0,0.265201,-0.602807,TTO,CAN,8951
846275,226,39,1413,2001.0,0.0,1285.0,-1.227071,-0.489829,TZA,CAN,8951
846276,231,39,1413,2001.0,19002202.0,1583730.0,1.96615,-0.12332699999999999,USA,CAN,8951
846277,246,39,1413,2001.0,1294.0,0.0,0.249833,2.1142950000000003,ZAF,CAN,8951
846278,249,39,1413,2001.0,663508.0,0.0,1.7270020000000001,1.252843,TWN,CAN,8951
846279,2,41,1413,2001.0,0.0,1973.0,-2.190929,-1.302123,AGO,CHE,8951
846280,7,41,1413,2001.0,0.0,1956.0,-0.217259,-0.613042,ARE,CHE,8951
846281,8,41,1413,2001.0,0.0,18812.0,0.11289,0.916845,ARG,CHE,8951
846282,15,41,1413,2001.0,282194.0,45893.0,1.8987740000000002,0.45922700000000005,AUT,CHE,8951
846283,18,41,1413,2001.0,78348.0,66345.0,1.425483,1.3072409999999999,BEL,CHE,8951
846284,23,41,1413,2001.0,0.0,2645.0,0.46429799999999993,1.7500380000000002,BGR,CHE,8951
846285,32,41,1413,2001.0,0.0,2453.0,0.658473,1.328637,BRA,CHE,8951
846286,39,41,1413,2001.0,1604.0,1402.0,0.8899729999999999,1.3778299999999999,CAN,CHE,8951
846287,43,41,1413,2001.0,144679.0,31046.0,0.535502,2.28778,CHN,CHE,8951
846288,58,41,1413,2001.0,0.0,1243.0,0.30700500000000003,0.258726,CYP,CHE,8951
846289,59,41,1413,2001.0,49679.0,5526.0,1.56908,0.860384,CZE,CHE,8951
846290,61,41,1413,2001.0,3271487.0,109488.0,2.335872,-2.09875,DEU,CHE,8951
846291,64,41,1413,2001.0,67905.0,2384.0,1.356327,1.3288309999999999,DNK,CHE,8951
846292,65,41,1413,2001.0,0.0,1653.0,-0.55896,-0.517513,DOM,CHE,8951
846293,67,41,1413,2001.0,0.0,2834.0,-0.8668389999999999,-0.891943,ECU,CHE,8951
846294,71,41,1413,2001.0,30613.0,7379.0,1.1380350000000001,1.7870139999999999,ESP,CHE,8951
846295,73,41,1413,2001.0,0.0,1287.0,-1.010637,-0.8893280000000001,ETH,CHE,8951
846296,74,41,1413,2001.0,11969.0,0.0,1.9661669999999998,1.000436,FIN,CHE,8951
846297,77,41,1413,2001.0,298289.0,61828.0,1.6143809999999998,0.626221,FRA,CHE,8951
846298,81,41,1413,2001.0,323718.0,14489.0,2.1068439999999997,0.658575,GBR,CHE,8951
846299,90,41,1413,2001.0,1528.0,57010.0,0.338607,1.506593,GRC,CHE,8951
846300,97,41,1413,2001.0,86134.0,45188.0,0.639538,1.5157610000000001,HKG,CHE,8951
846301,100,41,1413,2001.0,0.0,1721.0,0.6315729999999999,1.169338,HRV,CHE,8951
846302,102,41,1413,2001.0,0.0,8974.0,1.069245,1.2217069999999999,HUN,CHE,8951
846303,103,41,1413,2001.0,3391.0,1259.0,0.039233,1.780659,IDN,CHE,8951
846304,104,41,1413,2001.0,18861.0,0.0,0.382444,2.538934,IND,CHE,8951
846305,106,41,1413,2001.0,1858.0,1131.0,1.751955,0.210628,IRL,CHE,8951
846306,107,41,1413,2001.0,25898.0,0.0,-0.973691,-1.05654,IRN,CHE,8951
846307,110,41,1413,2001.0,14900.0,1453.0,1.17675,0.900401,ISR,CHE,8951
846308,111,41,1413,2001.0,886829.0,37165.0,1.488545,0.8410610000000001,ITA,CHE,8951
846309,114,41,1413,2001.0,72919.0,54622.0,2.674032,0.445636,JPN,CHE,8951
846310,121,41,1413,2001.0,16621.0,1626.0,1.436204,0.917057,KOR,CHE,8951
846311,122,41,1413,2001.0,0.0,1741.0,-0.695801,-1.225701,KWT,CHE,8951
846312,125,41,1413,2001.0,0.0,1664.0,-0.558711,-1.1508770000000001,LBR,CHE,8951
846313,131,41,1413,2001.0,2703.0,0.0,1.326753,1.2069530000000002,LUX,CHE,8951
846314,138,41,1413,2001.0,0.0,15527.0,1.088661,0.680197,MEX,CHE,8951
846315,140,41,1413,2001.0,0.0,4406.0,0.085844,0.413947,MKD,CHE,8951
846316,142,41,1413,2001.0,0.0,3136.0,1.048708,-0.04453,MLT,CHE,8951
846317,151,41,1413,2001.0,0.0,1658.0,-0.304271,-0.589387,MUS,CHE,8951
846318,153,41,1413,2001.0,16400.0,4211.0,0.894191,0.310677,MYS,CHE,8951
846319,159,41,1413,2001.0,0.0,7661.0,-1.9085759999999998,-1.335279,NGA,CHE,8951
846320,160,41,1413,2001.0,0.0,1030.0,-0.865941,-0.617108,NIC,CHE,8951
846321,162,41,1413,2001.0,537606.0,21071.0,1.299569,1.487015,NLD,CHE,8951
846322,167,41,1413,2001.0,0.0,10945.0,-1.4727729999999999,-1.329588,OMN,CHE,8951
846323,174,41,1413,2001.0,0.0,5977.0,0.153601,-0.174218,PHL,CHE,8951
846324,185,41,1413,2001.0,0.0,3508.0,0.465168,1.1029129999999998,ROU,CHE,8951
846325,186,41,1413,2001.0,0.0,13394.0,0.546271,0.195872,RUS,CHE,8951
846326,189,41,1413,2001.0,0.0,13663.0,0.38765,2.769588,SCG,CHE,8951
846327,190,41,1413,2001.0,0.0,1932.0,-1.7142950000000001,-1.341016,SDN,CHE,8951
846328,192,41,1413,2001.0,2296.0,0.0,1.587064,0.639626,SGP,CHE,8951
846329,206,41,1413,2001.0,0.0,1605.0,1.310591,1.195523,SVK,CHE,8951
846330,207,41,1413,2001.0,1107669.0,20166.0,1.488089,1.0928360000000001,SVN,CHE,8951
846331,208,41,1413,2001.0,78752.0,3597.0,2.01685,0.8233159999999999,SWE,CHE,8951
846332,216,41,1413,2001.0,6429.0,9371.0,0.49264600000000003,1.493471,THA,CHE,8951
846333,223,41,1413,2001.0,0.0,1620.0,0.054524,0.26892699999999997,TUN,CHE,8951
846334,226,41,1413,2001.0,0.0,14104.0,-1.227071,-0.489829,TZA,CHE,8951
846335,231,41,1413,2001.0,445968.0,68958.0,1.96615,-0.12332699999999999,USA,CHE,8951
846336,239,41,1413,2001.0,8530.0,0.0,-0.533978,0.503988,VNM,CHE,8951
846337,249,41,1413,2001.0,126704.0,1291.0,1.7270020000000001,1.252843,TWN,CHE,8951
846338,8,42,1413,2001.0,8546.0,1312.0,0.11289,0.916845,ARG,CHL,8951
846339,15,42,1413,2001.0,6015.0,0.0,1.8987740000000002,0.45922700000000005,AUT,CHL,8951
846340,31,42,1413,2001.0,0.0,4304.0,-0.614885,-0.5022770000000001,BOL,CHL,8951
846341,32,42,1413,2001.0,1376.0,1724.0,0.658473,1.328637,BRA,CHL,8951
846342,43,42,1413,2001.0,454643.0,0.0,0.535502,2.28778,CHN,CHL,8951
846343,49,42,1413,2001.0,219247.0,0.0,0.3378,0.479951,COL,CHL,8951
846344,61,42,1413,2001.0,156176.0,0.0,2.335872,-2.09875,DEU,CHL,8951
846345,64,42,1413,2001.0,2047.0,0.0,1.356327,1.3288309999999999,DNK,CHL,8951
846346,67,42,1413,2001.0,0.0,31462.0,-0.8668389999999999,-0.891943,ECU,CHL,8951
846347,71,42,1413,2001.0,95904.0,0.0,1.1380350000000001,1.7870139999999999,ESP,CHL,8951
846348,77,42,1413,2001.0,10653.0,0.0,1.6143809999999998,0.626221,FRA,CHL,8951
846349,81,42,1413,2001.0,8112.0,0.0,2.1068439999999997,0.658575,GBR,CHL,8951
846350,97,42,1413,2001.0,492830.0,0.0,0.639538,1.5157610000000001,HKG,CHL,8951
846351,104,42,1413,2001.0,4167.0,0.0,0.382444,2.538934,IND,CHL,8951
846352,111,42,1413,2001.0,8481.0,0.0,1.488545,0.8410610000000001,ITA,CHL,8951
846353,114,42,1413,2001.0,7266.0,0.0,2.674032,0.445636,JPN,CHL,8951
846354,121,42,1413,2001.0,7599.0,0.0,1.436204,0.917057,KOR,CHL,8951
846355,138,42,1413,2001.0,59179.0,0.0,1.088661,0.680197,MEX,CHL,8951
846356,166,42,1413,2001.0,10901.0,0.0,0.220307,0.689625,NZL,CHL,8951
846357,173,42,1413,2001.0,0.0,29434.0,-0.318071,0.116602,PER,CHL,8951
846358,180,42,1413,2001.0,0.0,98010.0,-0.7430220000000001,-0.8668540000000001,PRY,CHL,8951
846359,208,42,1413,2001.0,9708.0,0.0,2.01685,0.8233159999999999,SWE,CHL,8951
846360,231,42,1413,2001.0,1861697.0,6795.0,1.96615,-0.12332699999999999,USA,CHL,8951
846361,236,42,1413,2001.0,34343.0,0.0,-0.013877,-0.8582690000000001,VEN,CHL,8951
846362,249,42,1413,2001.0,304095.0,0.0,1.7270020000000001,1.252843,TWN,CHL,8951
846363,250,42,1413,2001.0,24140.0,0.0,0.947105,-0.529946,ANS,CHL,8951
846364,7,43,1413,2001.0,0.0,641001.0,-0.217259,-0.613042,ARE,CHN,8951
846365,8,43,1413,2001.0,0.0,505281.0,0.11289,0.916845,ARG,CHN,8951
846366,14,43,1413,2001.0,2555.0,2395081.0,-0.12189000000000001,0.7281770000000001,AUS,CHN,8951
846367,15,43,1413,2001.0,0.0,234558.0,1.8987740000000002,0.45922700000000005,AUT,CHN,8951
846368,18,43,1413,2001.0,90443.0,799571.0,1.425483,1.3072409999999999,BEL,CHN,8951
846369,19,43,1413,2001.0,0.0,20566.0,-0.9032530000000001,-0.8979590000000001,BEN,CHN,8951
846370,22,43,1413,2001.0,0.0,263307.0,-0.799988,-1.061584,BGD,CHN,8951
846371,23,43,1413,2001.0,0.0,20186.0,0.46429799999999993,1.7500380000000002,BGR,CHN,8951
846372,24,43,1413,2001.0,0.0,49288.0,-0.11648499999999999,-1.101653,BHR,CHN,8951
846373,28,43,1413,2001.0,0.0,2742.0,0.78008,1.232713,BLR,CHN,8951
846374,31,43,1413,2001.0,0.0,11487.0,-0.614885,-0.5022770000000001,BOL,CHN,8951
846375,32,43,1413,2001.0,0.0,797796.0,0.658473,1.328637,BRA,CHN,8951
846376,34,43,1413,2001.0,0.0,8440.0,-0.38253899999999996,-0.904789,BRN,CHN,8951
846377,37,43,1413,2001.0,0.0,2978.0,-0.470005,-1.180158,BWA,CHN,8951
846378,39,43,1413,2001.0,6979.0,7703403.0,0.8899729999999999,1.3778299999999999,CAN,CHN,8951
846379,41,43,1413,2001.0,31046.0,144679.0,2.161588,0.8069890000000001,CHE,CHN,8951
846380,42,43,1413,2001.0,0.0,454643.0,-0.148124,0.074033,CHL,CHN,8951
846381,44,43,1413,2001.0,0.0,17939.0,-0.731178,-0.5734739999999999,CIV,CHN,8951
846382,45,43,1413,2001.0,0.0,1510.0,-1.4692049999999999,-1.251498,CMR,CHN,8951
846383,46,43,1413,2001.0,0.0,20666.0,-1.2660959999999999,-1.1988860000000001,COD,CHN,8951
846384,49,43,1413,2001.0,0.0,271065.0,0.3378,0.479951,COL,CHN,8951
846385,52,43,1413,2001.0,0.0,76918.0,0.07408200000000001,0.126368,CRI,CHN,8951
846386,54,43,1413,2001.0,0.0,48900.0,-0.889919,-1.137994,CUB,CHN,8951
846387,58,43,1413,2001.0,0.0,24744.0,0.30700500000000003,0.258726,CYP,CHN,8951
846388,59,43,1413,2001.0,0.0,59187.0,1.56908,0.860384,CZE,CHN,8951
846389,61,43,1413,2001.0,99890.0,8279642.0,2.335872,-2.09875,DEU,CHN,8951
846390,62,43,1413,2001.0,0.0,6340.0,0.0005070000000000001,0.229221,DJI,CHN,8951
846391,63,43,1413,2001.0,0.0,27150.0,0.573546,0.326301,DMA,CHN,8951
846392,64,43,1413,2001.0,1010.0,1177166.0,1.356327,1.3288309999999999,DNK,CHN,8951
846393,65,43,1413,2001.0,0.0,36741.0,-0.55896,-0.517513,DOM,CHN,8951
846394,66,43,1413,2001.0,0.0,93563.0,-0.9852559999999999,-1.245285,DZA,CHN,8951
846395,67,43,1413,2001.0,0.0,117688.0,-0.8668389999999999,-0.891943,ECU,CHN,8951
846396,68,43,1413,2001.0,0.0,287710.0,-0.346794,0.431229,EGY,CHN,8951
846397,71,43,1413,2001.0,1220.0,1404971.0,1.1380350000000001,1.7870139999999999,ESP,CHN,8951
846398,72,43,1413,2001.0,0.0,47204.0,0.53422,0.9372790000000001,EST,CHN,8951
846399,73,43,1413,2001.0,0.0,6607.0,-1.010637,-0.8893280000000001,ETH,CHN,8951
846400,74,43,1413,2001.0,0.0,479890.0,1.9661669999999998,1.000436,FIN,CHN,8951
846401,77,43,1413,2001.0,13962.0,3435156.0,1.6143809999999998,0.626221,FRA,CHN,8951
846402,80,43,1413,2001.0,0.0,2194.0,-1.603078,-1.308825,GAB,CHN,8951
846403,81,43,1413,2001.0,30276.0,5425714.0,2.1068439999999997,0.658575,GBR,CHN,8951
846404,82,43,1413,2001.0,0.0,5365.0,0.063126,-0.285493,GEO,CHN,8951
846405,83,43,1413,2001.0,0.0,10263.0,-0.7818689999999999,-0.645878,GHA,CHN,8951
846406,90,43,1413,2001.0,0.0,196174.0,0.338607,1.506593,GRC,CHN,8951
846407,93,43,1413,2001.0,0.0,66415.0,-0.43618199999999996,0.135535,GTM,CHN,8951
846408,97,43,1413,2001.0,1803405.0,37057600.0,0.639538,1.5157610000000001,HKG,CHN,8951
846409,99,43,1413,2001.0,0.0,44764.0,-0.6886899999999999,-0.49161400000000005,HND,CHN,8951
846410,100,43,1413,2001.0,0.0,25136.0,0.6315729999999999,1.169338,HRV,CHN,8951
846411,102,43,1413,2001.0,0.0,132826.0,1.069245,1.2217069999999999,HUN,CHN,8951
846412,103,43,1413,2001.0,0.0,2305891.0,0.039233,1.780659,IDN,CHN,8951
846413,104,43,1413,2001.0,0.0,1156834.0,0.382444,2.538934,IND,CHN,8951
846414,106,43,1413,2001.0,0.0,36569.0,1.751955,0.210628,IRL,CHN,8951
846415,107,43,1413,2001.0,0.0,292110.0,-0.973691,-1.05654,IRN,CHN,8951
846416,109,43,1413,2001.0,0.0,38441.0,0.049756,-0.496962,ISL,CHN,8951
846417,110,43,1413,2001.0,0.0,282819.0,1.17675,0.900401,ISR,CHN,8951
846418,111,43,1413,2001.0,133517.0,2655887.0,1.488545,0.8410610000000001,ITA,CHN,8951
846419,112,43,1413,2001.0,0.0,6056.0,-0.562839,-0.9381510000000001,JAM,CHN,8951
846420,113,43,1413,2001.0,4650.0,96810.0,0.5404760000000001,0.8497170000000001,JOR,CHN,8951
846421,114,43,1413,2001.0,321516.0,10208976.0,2.674032,0.445636,JPN,CHN,8951
846422,115,43,1413,2001.0,0.0,37968.0,-0.05773,-0.44668500000000005,KAZ,CHN,8951
846423,116,43,1413,2001.0,0.0,39744.0,-0.533651,0.072611,KEN,CHN,8951
846424,118,43,1413,2001.0,0.0,3388.0,-0.8596729999999999,-1.1214979999999999,KHM,CHN,8951
846425,121,43,1413,2001.0,103884.0,1887469.0,1.436204,0.917057,KOR,CHN,8951
846426,122,43,1413,2001.0,0.0,64259.0,-0.695801,-1.225701,KWT,CHN,8951
846427,124,43,1413,2001.0,0.0,99702.0,0.09267,0.97731,LBN,CHN,8951
846428,126,43,1413,2001.0,0.0,4624.0,-0.9461450000000001,-1.242884,LBY,CHN,8951
846429,128,43,1413,2001.0,0.0,78284.0,-0.43381000000000003,0.057630999999999995,LKA,CHN,8951
846430,130,43,1413,2001.0,0.0,55241.0,0.21069699999999997,0.720384,LTU,CHN,8951
846431,132,43,1413,2001.0,0.0,16457.0,0.31652600000000003,0.523927,LVA,CHN,8951
846432,133,43,1413,2001.0,0.0,32840.0,-0.250517,-0.589391,MAC,CHN,8951
846433,134,43,1413,2001.0,0.0,74419.0,-0.616006,-0.340127,MAR,CHN,8951
846434,136,43,1413,2001.0,0.0,16234.0,-1.0624850000000001,-0.695873,MDG,CHN,8951
846435,138,43,1413,2001.0,0.0,2150886.0,1.088661,0.680197,MEX,CHN,8951
846436,142,43,1413,2001.0,0.0,3538.0,1.048708,-0.04453,MLT,CHN,8951
846437,143,43,1413,2001.0,0.0,59169.0,-1.284563,-1.021743,MMR,CHN,8951
846438,145,43,1413,2001.0,0.0,8548.0,-0.619765,-0.967515,MNG,CHN,8951
846439,147,43,1413,2001.0,0.0,10872.0,-1.476933,-1.253628,MOZ,CHN,8951
846440,151,43,1413,2001.0,0.0,21645.0,-0.304271,-0.589387,MUS,CHN,8951
846441,153,43,1413,2001.0,157925.0,1003862.0,0.894191,0.310677,MYS,CHN,8951
846442,156,43,1413,2001.0,0.0,1849.0,-0.523924,-0.9363049999999999,NCL,CHN,8951
846443,159,43,1413,2001.0,0.0,168838.0,-1.9085759999999998,-1.335279,NGA,CHN,8951
846444,160,43,1413,2001.0,0.0,12019.0,-0.865941,-0.617108,NIC,CHN,8951
846445,162,43,1413,2001.0,24997.0,2722154.0,1.299569,1.487015,NLD,CHN,8951
846446,163,43,1413,2001.0,0.0,368882.0,0.542366,-0.180336,NOR,CHN,8951
846447,166,43,1413,2001.0,0.0,296736.0,0.220307,0.689625,NZL,CHN,8951
846448,167,43,1413,2001.0,0.0,21127.0,-1.4727729999999999,-1.329588,OMN,CHN,8951
846449,168,43,1413,2001.0,0.0,208164.0,-0.741053,-0.41444,PAK,CHN,8951
846450,169,43,1413,2001.0,0.0,220742.0,0.17863800000000002,0.440159,PAN,CHN,8951
846451,173,43,1413,2001.0,0.0,276457.0,-0.318071,0.116602,PER,CHN,8951
846452,174,43,1413,2001.0,4355.0,614998.0,0.153601,-0.174218,PHL,CHN,8951
846453,176,43,1413,2001.0,0.0,4595.0,-1.2970270000000002,-1.1991209999999999,PNG,CHN,8951
846454,177,43,1413,2001.0,0.0,1166678.0,0.983238,1.7436209999999999,POL,CHN,8951
846455,178,43,1413,2001.0,0.0,115114.0,0.7188640000000001,1.101559,PRK,CHN,8951
846456,179,43,1413,2001.0,0.0,92492.0,0.688736,1.326716,PRT,CHN,8951
846457,180,43,1413,2001.0,0.0,145284.0,-0.7430220000000001,-0.8668540000000001,PRY,CHN,8951
846458,185,43,1413,2001.0,0.0,86078.0,0.465168,1.1029129999999998,ROU,CHN,8951
846459,186,43,1413,2001.0,0.0,522133.0,0.546271,0.195872,RUS,CHN,8951
846460,187,43,1413,2001.0,0.0,2276.0,-1.043415,-0.9686870000000001,RWA,CHN,8951
846461,188,43,1413,2001.0,0.0,483015.0,0.078887,-0.9764430000000001,SAU,CHN,8951
846462,189,43,1413,2001.0,0.0,22137.0,0.38765,2.769588,SCG,CHN,8951
846463,190,43,1413,2001.0,0.0,122624.0,-1.7142950000000001,-1.341016,SDN,CHN,8951
846464,191,43,1413,2001.0,0.0,15542.0,-0.570156,-0.560573,SEN,CHN,8951
846465,192,43,1413,2001.0,107980.0,783629.0,1.587064,0.639626,SGP,CHN,8951
846466,197,43,1413,2001.0,0.0,18060.0,-0.123958,-0.103849,SLV,CHN,8951
846467,205,43,1413,2001.0,0.0,7573.0,-0.7622359999999999,-0.790158,SUR,CHN,8951
846468,206,43,1413,2001.0,0.0,41751.0,1.310591,1.195523,SVK,CHN,8951
846469,207,43,1413,2001.0,0.0,28641.0,1.488089,1.0928360000000001,SVN,CHN,8951
846470,208,43,1413,2001.0,67880.0,417384.0,2.01685,0.8233159999999999,SWE,CHN,8951
846471,212,43,1413,2001.0,0.0,40095.0,-1.138774,-0.839648,SYR,CHN,8951
846472,216,43,1413,2001.0,22811.0,1294200.0,0.49264600000000003,1.493471,THA,CHN,8951
846473,217,43,1413,2001.0,0.0,6970.0,-0.6847770000000001,-1.076938,TJK,CHN,8951
846474,222,43,1413,2001.0,0.0,24759.0,0.265201,-0.602807,TTO,CHN,8951
846475,223,43,1413,2001.0,0.0,34836.0,0.054524,0.26892699999999997,TUN,CHN,8951
846476,224,43,1413,2001.0,0.0,445555.0,0.168219,1.989011,TUR,CHN,8951
846477,226,43,1413,2001.0,0.0,25609.0,-1.227071,-0.489829,TZA,CHN,8951
846478,228,43,1413,2001.0,0.0,63721.0,0.642888,1.267971,UKR,CHN,8951
846479,230,43,1413,2001.0,0.0,127969.0,0.192313,0.401841,URY,CHN,8951
846480,231,43,1413,2001.0,458486.0,75835952.0,1.96615,-0.12332699999999999,USA,CHN,8951
846481,236,43,1413,2001.0,0.0,255466.0,-0.013877,-0.8582690000000001,VEN,CHN,8951
846482,239,43,1413,2001.0,0.0,185657.0,-0.533978,0.503988,VNM,CHN,8951
846483,243,43,1413,2001.0,0.0,5781.0,-1.658584,-1.354606,YEM,CHN,8951
846484,246,43,1413,2001.0,0.0,791825.0,0.249833,2.1142950000000003,ZAF,CHN,8951
846485,247,43,1413,2001.0,0.0,7478.0,-0.8878799999999999,-0.735268,ZMB,CHN,8951
846486,248,43,1413,2001.0,0.0,2068.0,-0.663155,-0.212796,ZWE,CHN,8951
846487,249,43,1413,2001.0,306255.0,2512592.0,1.7270020000000001,1.252843,TWN,CHN,8951
846488,8,49,1413,2001.0,0.0,9148.0,0.11289,0.916845,ARG,COL,8951
846489,15,49,1413,2001.0,11925.0,0.0,1.8987740000000002,0.45922700000000005,AUT,COL,8951
846490,31,49,1413,2001.0,0.0,2550.0,-0.614885,-0.5022770000000001,BOL,COL,8951
846491,32,49,1413,2001.0,0.0,55533.0,0.658473,1.328637,BRA,COL,8951
846492,39,49,1413,2001.0,0.0,250433.0,0.8899729999999999,1.3778299999999999,CAN,COL,8951
846493,42,49,1413,2001.0,0.0,219247.0,-0.148124,0.074033,CHL,COL,8951
846494,43,49,1413,2001.0,271065.0,0.0,0.535502,2.28778,CHN,COL,8951
846495,52,49,1413,2001.0,0.0,7370.0,0.07408200000000001,0.126368,CRI,COL,8951
846496,61,49,1413,2001.0,16991.0,47020.0,2.335872,-2.09875,DEU,COL,8951
846497,65,49,1413,2001.0,0.0,14501.0,-0.55896,-0.517513,DOM,COL,8951
846498,67,49,1413,2001.0,0.0,158107.0,-0.8668389999999999,-0.891943,ECU,COL,8951
846499,71,49,1413,2001.0,24753.0,0.0,1.1380350000000001,1.7870139999999999,ESP,COL,8951
846500,81,49,1413,2001.0,2464.0,0.0,2.1068439999999997,0.658575,GBR,COL,8951
846501,93,49,1413,2001.0,0.0,49063.0,-0.43618199999999996,0.135535,GTM,COL,8951
846502,97,49,1413,2001.0,299746.0,0.0,0.639538,1.5157610000000001,HKG,COL,8951
846503,99,49,1413,2001.0,0.0,1267.0,-0.6886899999999999,-0.49161400000000005,HND,COL,8951
846504,103,49,1413,2001.0,1227.0,0.0,0.039233,1.780659,IDN,COL,8951
846505,111,49,1413,2001.0,17655.0,0.0,1.488545,0.8410610000000001,ITA,COL,8951
846506,112,49,1413,2001.0,0.0,7333.0,-0.562839,-0.9381510000000001,JAM,COL,8951
846507,114,49,1413,2001.0,1632.0,0.0,2.674032,0.445636,JPN,COL,8951
846508,138,49,1413,2001.0,10172.0,54312.0,1.088661,0.680197,MEX,COL,8951
846509,169,49,1413,2001.0,0.0,2662.0,0.17863800000000002,0.440159,PAN,COL,8951
846510,173,49,1413,2001.0,0.0,621070.0,-0.318071,0.116602,PER,COL,8951
846511,180,49,1413,2001.0,0.0,27786.0,-0.7430220000000001,-0.8668540000000001,PRY,COL,8951
846512,197,49,1413,2001.0,0.0,7365.0,-0.123958,-0.103849,SLV,COL,8951
846513,222,49,1413,2001.0,0.0,1464.0,0.265201,-0.602807,TTO,COL,8951
846514,231,49,1413,2001.0,176986.0,1018250.0,1.96615,-0.12332699999999999,USA,COL,8951
846515,236,49,1413,2001.0,9509.0,382830.0,-0.013877,-0.8582690000000001,VEN,COL,8951
846516,249,49,1413,2001.0,36899.0,0.0,1.7270020000000001,1.252843,TWN,COL,8951
846517,32,52,1413,2001.0,0.0,2045.0,0.658473,1.328637,BRA,CRI,8951
846518,43,52,1413,2001.0,76918.0,0.0,0.535502,2.28778,CHN,CRI,8951
846519,49,52,1413,2001.0,7370.0,0.0,0.3378,0.479951,COL,CRI,8951
846520,59,52,1413,2001.0,4907.0,0.0,1.56908,0.860384,CZE,CRI,8951
846521,65,52,1413,2001.0,0.0,25749.0,-0.55896,-0.517513,DOM,CRI,8951
846522,71,52,1413,2001.0,10849.0,0.0,1.1380350000000001,1.7870139999999999,ESP,CRI,8951
846523,77,52,1413,2001.0,2903.0,0.0,1.6143809999999998,0.626221,FRA,CRI,8951
846524,81,52,1413,2001.0,8033.0,0.0,2.1068439999999997,0.658575,GBR,CRI,8951
846525,93,52,1413,2001.0,0.0,296372.0,-0.43618199999999996,0.135535,GTM,CRI,8951
846526,97,52,1413,2001.0,130405.0,0.0,0.639538,1.5157610000000001,HKG,CRI,8951
846527,99,52,1413,2001.0,0.0,44113.0,-0.6886899999999999,-0.49161400000000005,HND,CRI,8951
846528,111,52,1413,2001.0,54018.0,0.0,1.488545,0.8410610000000001,ITA,CRI,8951
846529,114,52,1413,2001.0,6244.0,0.0,2.674032,0.445636,JPN,CRI,8951
846530,121,52,1413,2001.0,19168.0,0.0,1.436204,0.917057,KOR,CRI,8951
846531,138,52,1413,2001.0,59356.0,12644.0,1.088661,0.680197,MEX,CRI,8951
846532,160,52,1413,2001.0,0.0,33059.0,-0.865941,-0.617108,NIC,CRI,8951
846533,162,52,1413,2001.0,16015.0,0.0,1.299569,1.487015,NLD,CRI,8951
846534,169,52,1413,2001.0,4923.0,50879.0,0.17863800000000002,0.440159,PAN,CRI,8951
846535,197,52,1413,2001.0,0.0,120180.0,-0.123958,-0.103849,SLV,CRI,8951
846536,208,52,1413,2001.0,7142.0,0.0,2.01685,0.8233159999999999,SWE,CRI,8951
846537,231,52,1413,2001.0,175946.0,0.0,1.96615,-0.12332699999999999,USA,CRI,8951
846538,236,52,1413,2001.0,10451.0,0.0,-0.013877,-0.8582690000000001,VEN,CRI,8951
846539,249,52,1413,2001.0,24724.0,0.0,1.7270020000000001,1.252843,TWN,CRI,8951
846540,8,54,1413,2001.0,1444.0,0.0,0.11289,0.916845,ARG,CUB,8951
846541,39,54,1413,2001.0,35025.0,0.0,0.8899729999999999,1.3778299999999999,CAN,CUB,8951
846542,43,54,1413,2001.0,48900.0,0.0,0.535502,2.28778,CHN,CUB,8951
846543,59,54,1413,2001.0,1070.0,0.0,1.56908,0.860384,CZE,CUB,8951
846544,71,54,1413,2001.0,403909.0,0.0,1.1380350000000001,1.7870139999999999,ESP,CUB,8951
846545,77,54,1413,2001.0,3563.0,0.0,1.6143809999999998,0.626221,FRA,CUB,8951
846546,81,54,1413,2001.0,9144.0,0.0,2.1068439999999997,0.658575,GBR,CUB,8951
846547,111,54,1413,2001.0,21785.0,0.0,1.488545,0.8410610000000001,ITA,CUB,8951
846548,114,54,1413,2001.0,1648.0,0.0,2.674032,0.445636,JPN,CUB,8951
846549,121,54,1413,2001.0,31131.0,0.0,1.436204,0.917057,KOR,CUB,8951
846550,138,54,1413,2001.0,48298.0,0.0,1.088661,0.680197,MEX,CUB,8951
846551,153,54,1413,2001.0,8938.0,0.0,0.894191,0.310677,MYS,CUB,8951
846552,162,54,1413,2001.0,5566.0,0.0,1.299569,1.487015,NLD,CUB,8951
846553,179,54,1413,2001.0,3481.0,0.0,0.688736,1.326716,PRT,CUB,8951
846554,249,54,1413,2001.0,16454.0,0.0,1.7270020000000001,1.252843,TWN,CUB,8951
846555,250,54,1413,2001.0,2674.0,0.0,0.947105,-0.529946,ANS,CUB,8951
846556,14,59,1413,2001.0,1052.0,4311.0,-0.12189000000000001,0.7281770000000001,AUS,CZE,8951
846557,15,59,1413,2001.0,54384.0,264695.0,1.8987740000000002,0.45922700000000005,AUT,CZE,8951
846558,18,59,1413,2001.0,24764.0,90065.0,1.425483,1.3072409999999999,BEL,CZE,8951
846559,23,59,1413,2001.0,0.0,8688.0,0.46429799999999993,1.7500380000000002,BGR,CZE,8951
846560,28,59,1413,2001.0,0.0,3115.0,0.78008,1.232713,BLR,CZE,8951
846561,32,59,1413,2001.0,0.0,9306.0,0.658473,1.328637,BRA,CZE,8951
846562,39,59,1413,2001.0,0.0,11530.0,0.8899729999999999,1.3778299999999999,CAN,CZE,8951
846563,41,59,1413,2001.0,5526.0,49679.0,2.161588,0.8069890000000001,CHE,CZE,8951
846564,43,59,1413,2001.0,59187.0,0.0,0.535502,2.28778,CHN,CZE,8951
846565,52,59,1413,2001.0,0.0,4907.0,0.07408200000000001,0.126368,CRI,CZE,8951
846566,54,59,1413,2001.0,0.0,1070.0,-0.889919,-1.137994,CUB,CZE,8951
846567,58,59,1413,2001.0,0.0,29689.0,0.30700500000000003,0.258726,CYP,CZE,8951
846568,61,59,1413,2001.0,1136094.0,4290710.0,2.335872,-2.09875,DEU,CZE,8951
846569,64,59,1413,2001.0,15785.0,0.0,1.356327,1.3288309999999999,DNK,CZE,8951
846570,68,59,1413,2001.0,0.0,7907.0,-0.346794,0.431229,EGY,CZE,8951
846571,71,59,1413,2001.0,12796.0,1567.0,1.1380350000000001,1.7870139999999999,ESP,CZE,8951
846572,72,59,1413,2001.0,0.0,2639.0,0.53422,0.9372790000000001,EST,CZE,8951
846573,74,59,1413,2001.0,16149.0,24328.0,1.9661669999999998,1.000436,FIN,CZE,8951
846574,77,59,1413,2001.0,66116.0,16235.0,1.6143809999999998,0.626221,FRA,CZE,8951
846575,81,59,1413,2001.0,298986.0,82674.0,2.1068439999999997,0.658575,GBR,CZE,8951
846576,90,59,1413,2001.0,2733.0,0.0,0.338607,1.506593,GRC,CZE,8951
846577,97,59,1413,2001.0,172693.0,0.0,0.639538,1.5157610000000001,HKG,CZE,8951
846578,100,59,1413,2001.0,0.0,9276.0,0.6315729999999999,1.169338,HRV,CZE,8951
846579,102,59,1413,2001.0,115122.0,72346.0,1.069245,1.2217069999999999,HUN,CZE,8951
846580,104,59,1413,2001.0,57787.0,0.0,0.382444,2.538934,IND,CZE,8951
846581,106,59,1413,2001.0,43729.0,0.0,1.751955,0.210628,IRL,CZE,8951
846582,107,59,1413,2001.0,4616.0,7820.0,-0.973691,-1.05654,IRN,CZE,8951
846583,109,59,1413,2001.0,0.0,1342.0,0.049756,-0.496962,ISL,CZE,8951
846584,110,59,1413,2001.0,0.0,28940.0,1.17675,0.900401,ISR,CZE,8951
846585,111,59,1413,2001.0,669025.0,21496.0,1.488545,0.8410610000000001,ITA,CZE,8951
846586,114,59,1413,2001.0,33713.0,0.0,2.674032,0.445636,JPN,CZE,8951
846587,115,59,1413,2001.0,0.0,4563.0,-0.05773,-0.44668500000000005,KAZ,CZE,8951
846588,124,59,1413,2001.0,0.0,1616.0,0.09267,0.97731,LBN,CZE,8951
846589,130,59,1413,2001.0,0.0,18868.0,0.21069699999999997,0.720384,LTU,CZE,8951
846590,131,59,1413,2001.0,1578.0,0.0,1.326753,1.2069530000000002,LUX,CZE,8951
846591,132,59,1413,2001.0,10788.0,13820.0,0.31652600000000003,0.523927,LVA,CZE,8951
846592,138,59,1413,2001.0,4568.0,0.0,1.088661,0.680197,MEX,CZE,8951
846593,162,59,1413,2001.0,467169.0,41814.0,1.299569,1.487015,NLD,CZE,8951
846594,173,59,1413,2001.0,0.0,20092.0,-0.318071,0.116602,PER,CZE,8951
846595,177,59,1413,2001.0,76742.0,1570169.0,0.983238,1.7436209999999999,POL,CZE,8951
846596,180,59,1413,2001.0,0.0,4725.0,-0.7430220000000001,-0.8668540000000001,PRY,CZE,8951
846597,185,59,1413,2001.0,2013.0,11792.0,0.465168,1.1029129999999998,ROU,CZE,8951
846598,186,59,1413,2001.0,0.0,45848.0,0.546271,0.195872,RUS,CZE,8951
846599,196,59,1413,2001.0,1351.0,0.0,0.262953,0.30432800000000004,SLE,CZE,8951
846600,206,59,1413,2001.0,33815.0,765581.0,1.310591,1.195523,SVK,CZE,8951
846601,207,59,1413,2001.0,770489.0,40207.0,1.488089,1.0928360000000001,SVN,CZE,8951
846602,208,59,1413,2001.0,111258.0,36693.0,2.01685,0.8233159999999999,SWE,CZE,8951
846603,212,59,1413,2001.0,0.0,47117.0,-1.138774,-0.839648,SYR,CZE,8951
846604,216,59,1413,2001.0,6645.0,0.0,0.49264600000000003,1.493471,THA,CZE,8951
846605,223,59,1413,2001.0,0.0,13019.0,0.054524,0.26892699999999997,TUN,CZE,8951
846606,224,59,1413,2001.0,0.0,92964.0,0.168219,1.989011,TUR,CZE,8951
846607,228,59,1413,2001.0,0.0,80824.0,0.642888,1.267971,UKR,CZE,8951
846608,231,59,1413,2001.0,8161.0,132464.0,1.96615,-0.12332699999999999,USA,CZE,8951
846609,237,59,1413,2001.0,0.0,21618.0,0.5442279999999999,-0.228149,VGB,CZE,8951
846610,249,59,1413,2001.0,12576.0,0.0,1.7270020000000001,1.252843,TWN,CZE,8951
846611,250,59,1413,2001.0,96513.0,0.0,0.947105,-0.529946,ANS,CZE,8951
846612,2,61,1413,2001.0,0.0,1000.0,-2.190929,-1.302123,AGO,DEU,8951
846613,4,61,1413,2001.0,1483.0,2274.0,-0.137138,0.120093,ALB,DEU,8951
846614,6,61,1413,2001.0,0.0,3000.0,-0.17823699999999998,-0.814499,ANT,DEU,8951
846615,7,61,1413,2001.0,0.0,129999.0,-0.217259,-0.613042,ARE,DEU,8951
846616,8,61,1413,2001.0,0.0,39353.0,0.11289,0.916845,ARG,DEU,8951
846617,9,61,1413,2001.0,0.0,3198.0,0.62364,0.172704,ARM,DEU,8951
846618,14,61,1413,2001.0,0.0,560786.0,-0.12189000000000001,0.7281770000000001,AUS,DEU,8951
846619,15,61,1413,2001.0,4530708.0,3647467.0,1.8987740000000002,0.45922700000000005,AUT,DEU,8951
846620,18,61,1413,2001.0,371668.0,1337025.0,1.425483,1.3072409999999999,BEL,DEU,8951
846621,19,61,1413,2001.0,0.0,20083.0,-0.9032530000000001,-0.8979590000000001,BEN,DEU,8951
846622,21,61,1413,2001.0,0.0,14717.0,-0.24546199999999999,0.00141,BFA,DEU,8951
846623,22,61,1413,2001.0,0.0,3281.0,-0.799988,-1.061584,BGD,DEU,8951
846624,23,61,1413,2001.0,0.0,61478.0,0.46429799999999993,1.7500380000000002,BGR,DEU,8951
846625,24,61,1413,2001.0,0.0,4555.0,-0.11648499999999999,-1.101653,BHR,DEU,8951
846626,26,61,1413,2001.0,0.0,28000.0,0.263644,0.44197,BIH,DEU,8951
846627,28,61,1413,2001.0,0.0,42850.0,0.78008,1.232713,BLR,DEU,8951
846628,29,61,1413,2001.0,0.0,7699.0,-0.356917,-0.73121,BLZ,DEU,8951
846629,31,61,1413,2001.0,0.0,3761.0,-0.614885,-0.5022770000000001,BOL,DEU,8951
846630,32,61,1413,2001.0,0.0,99058.0,0.658473,1.328637,BRA,DEU,8951
846631,34,61,1413,2001.0,0.0,3307.0,-0.38253899999999996,-0.904789,BRN,DEU,8951
846632,39,61,1413,2001.0,0.0,182072.0,0.8899729999999999,1.3778299999999999,CAN,DEU,8951
846633,41,61,1413,2001.0,109488.0,3271487.0,2.161588,0.8069890000000001,CHE,DEU,8951
846634,42,61,1413,2001.0,0.0,156176.0,-0.148124,0.074033,CHL,DEU,8951
846635,43,61,1413,2001.0,8279642.0,99890.0,0.535502,2.28778,CHN,DEU,8951
846636,44,61,1413,2001.0,0.0,3538.0,-0.731178,-0.5734739999999999,CIV,DEU,8951
846637,45,61,1413,2001.0,0.0,18259.0,-1.4692049999999999,-1.251498,CMR,DEU,8951
846638,49,61,1413,2001.0,47020.0,16991.0,0.3378,0.479951,COL,DEU,8951
846639,58,61,1413,2001.0,44209.0,49818.0,0.30700500000000003,0.258726,CYP,DEU,8951
846640,59,61,1413,2001.0,4290710.0,1136094.0,1.56908,0.860384,CZE,DEU,8951
846641,64,61,1413,2001.0,843086.0,1294311.0,1.356327,1.3288309999999999,DNK,DEU,8951
846642,66,61,1413,2001.0,0.0,23625.0,-0.9852559999999999,-1.245285,DZA,DEU,8951
846643,67,61,1413,2001.0,0.0,28895.0,-0.8668389999999999,-0.891943,ECU,DEU,8951
846644,68,61,1413,2001.0,0.0,61288.0,-0.346794,0.431229,EGY,DEU,8951
846645,71,61,1413,2001.0,381391.0,1632843.0,1.1380350000000001,1.7870139999999999,ESP,DEU,8951
846646,72,61,1413,2001.0,0.0,127153.0,0.53422,0.9372790000000001,EST,DEU,8951
846647,73,61,1413,2001.0,0.0,7754.0,-1.010637,-0.8893280000000001,ETH,DEU,8951
846648,74,61,1413,2001.0,34921.0,424080.0,1.9661669999999998,1.000436,FIN,DEU,8951
846649,75,61,1413,2001.0,0.0,2000.0,-0.9144950000000001,-0.673283,FJI,DEU,8951
846650,77,61,1413,2001.0,1528720.0,4618116.0,1.6143809999999998,0.626221,FRA,DEU,8951
846651,78,61,1413,2001.0,0.0,1815.0,-0.945048,-0.9974049999999999,FRO,DEU,8951
846652,80,61,1413,2001.0,0.0,6674.0,-1.603078,-1.308825,GAB,DEU,8951
846653,81,61,1413,2001.0,1935314.0,2282949.0,2.1068439999999997,0.658575,GBR,DEU,8951
846654,82,61,1413,2001.0,0.0,5370.0,0.063126,-0.285493,GEO,DEU,8951
846655,83,61,1413,2001.0,0.0,3364.0,-0.7818689999999999,-0.645878,GHA,DEU,8951
846656,87,61,1413,2001.0,0.0,1550.0,0.161174,-0.019187,GMB,DEU,8951
846657,88,61,1413,2001.0,0.0,1000.0,-1.30345,-1.0277,GNB,DEU,8951
846658,90,61,1413,2001.0,0.0,266138.0,0.338607,1.506593,GRC,DEU,8951
846659,93,61,1413,2001.0,0.0,21137.0,-0.43618199999999996,0.135535,GTM,DEU,8951
846660,96,61,1413,2001.0,0.0,1350.0,-1.026002,-0.937657,GUY,DEU,8951
846661,97,61,1413,2001.0,484705.0,185115.0,0.639538,1.5157610000000001,HKG,DEU,8951
846662,99,61,1413,2001.0,0.0,3534.0,-0.6886899999999999,-0.49161400000000005,HND,DEU,8951
846663,100,61,1413,2001.0,52447.0,130341.0,0.6315729999999999,1.169338,HRV,DEU,8951
846664,102,61,1413,2001.0,324980.0,404517.0,1.069245,1.2217069999999999,HUN,DEU,8951
846665,103,61,1413,2001.0,64863.0,85627.0,0.039233,1.780659,IDN,DEU,8951
846666,104,61,1413,2001.0,31728.0,37951.0,0.382444,2.538934,IND,DEU,8951
846667,106,61,1413,2001.0,20273.0,237809.0,1.751955,0.210628,IRL,DEU,8951
846668,107,61,1413,2001.0,0.0,130766.0,-0.973691,-1.05654,IRN,DEU,8951
846669,109,61,1413,2001.0,0.0,60857.0,0.049756,-0.496962,ISL,DEU,8951
846670,110,61,1413,2001.0,0.0,71043.0,1.17675,0.900401,ISR,DEU,8951
846671,111,61,1413,2001.0,5669825.0,2774332.0,1.488545,0.8410610000000001,ITA,DEU,8951
846672,113,61,1413,2001.0,0.0,66708.0,0.5404760000000001,0.8497170000000001,JOR,DEU,8951
846673,114,61,1413,2001.0,1161234.0,1023325.0,2.674032,0.445636,JPN,DEU,8951
846674,115,61,1413,2001.0,0.0,21617.0,-0.05773,-0.44668500000000005,KAZ,DEU,8951
846675,117,61,1413,2001.0,0.0,4466.0,0.125827,0.431141,KGZ,DEU,8951
846676,121,61,1413,2001.0,190190.0,3773.0,1.436204,0.917057,KOR,DEU,8951
846677,122,61,1413,2001.0,0.0,136798.0,-0.695801,-1.225701,KWT,DEU,8951
846678,124,61,1413,2001.0,0.0,60805.0,0.09267,0.97731,LBN,DEU,8951
846679,126,61,1413,2001.0,0.0,6000.0,-0.9461450000000001,-1.242884,LBY,DEU,8951
846680,128,61,1413,2001.0,0.0,56781.0,-0.43381000000000003,0.057630999999999995,LKA,DEU,8951
846681,130,61,1413,2001.0,0.0,85367.0,0.21069699999999997,0.720384,LTU,DEU,8951
846682,131,61,1413,2001.0,0.0,98332.0,1.326753,1.2069530000000002,LUX,DEU,8951
846683,132,61,1413,2001.0,0.0,98858.0,0.31652600000000003,0.523927,LVA,DEU,8951
846684,134,61,1413,2001.0,0.0,7953.0,-0.616006,-0.340127,MAR,DEU,8951
846685,135,61,1413,2001.0,0.0,10610.0,0.12110699999999999,0.159706,MDA,DEU,8951
846686,136,61,1413,2001.0,0.0,17356.0,-1.0624850000000001,-0.695873,MDG,DEU,8951
846687,138,61,1413,2001.0,64089.0,126298.0,1.088661,0.680197,MEX,DEU,8951
846688,140,61,1413,2001.0,0.0,7499.0,0.085844,0.413947,MKD,DEU,8951
846689,141,61,1413,2001.0,0.0,6994.0,-0.176802,-0.408531,MLI,DEU,8951
846690,142,61,1413,2001.0,0.0,24205.0,1.048708,-0.04453,MLT,DEU,8951
846691,151,61,1413,2001.0,0.0,16145.0,-0.304271,-0.589387,MUS,DEU,8951
846692,152,61,1413,2001.0,0.0,10074.0,-1.109888,-1.00393,MWI,DEU,8951
846693,153,61,1413,2001.0,10367.0,53595.0,0.894191,0.310677,MYS,DEU,8951
846694,156,61,1413,2001.0,0.0,11595.0,-0.523924,-0.9363049999999999,NCL,DEU,8951
846695,159,61,1413,2001.0,0.0,24108.0,-1.9085759999999998,-1.335279,NGA,DEU,8951
846696,162,61,1413,2001.0,6215412.0,5156528.0,1.299569,1.487015,NLD,DEU,8951
846697,163,61,1413,2001.0,8267.0,427627.0,0.542366,-0.180336,NOR,DEU,8951
846698,164,61,1413,2001.0,0.0,5000.0,-0.34213699999999997,0.100496,NPL,DEU,8951
846699,166,61,1413,2001.0,4280.0,98600.0,0.220307,0.689625,NZL,DEU,8951
846700,167,61,1413,2001.0,0.0,111113.0,-1.4727729999999999,-1.329588,OMN,DEU,8951
846701,168,61,1413,2001.0,0.0,5000.0,-0.741053,-0.41444,PAK,DEU,8951
846702,169,61,1413,2001.0,0.0,6337.0,0.17863800000000002,0.440159,PAN,DEU,8951
846703,173,61,1413,2001.0,0.0,25661.0,-0.318071,0.116602,PER,DEU,8951
846704,174,61,1413,2001.0,4013.0,5643.0,0.153601,-0.174218,PHL,DEU,8951
846705,177,61,1413,2001.0,688722.0,1295499.0,0.983238,1.7436209999999999,POL,DEU,8951
846706,179,61,1413,2001.0,32542.0,479949.0,0.688736,1.326716,PRT,DEU,8951
846707,180,61,1413,2001.0,0.0,77618.0,-0.7430220000000001,-0.8668540000000001,PRY,DEU,8951
846708,182,61,1413,2001.0,0.0,17628.0,0.055376,-0.762668,PYF,DEU,8951
846709,183,61,1413,2001.0,0.0,6512.0,-0.282283,-1.136895,QAT,DEU,8951
846710,185,61,1413,2001.0,0.0,508867.0,0.465168,1.1029129999999998,ROU,DEU,8951
846711,186,61,1413,2001.0,0.0,1260231.0,0.546271,0.195872,RUS,DEU,8951
846712,187,61,1413,2001.0,0.0,17289.0,-1.043415,-0.9686870000000001,RWA,DEU,8951
846713,188,61,1413,2001.0,0.0,406103.0,0.078887,-0.9764430000000001,SAU,DEU,8951
846714,189,61,1413,2001.0,0.0,26034.0,0.38765,2.769588,SCG,DEU,8951
846715,190,61,1413,2001.0,0.0,40516.0,-1.7142950000000001,-1.341016,SDN,DEU,8951
846716,191,61,1413,2001.0,0.0,2965.0,-0.570156,-0.560573,SEN,DEU,8951
846717,192,61,1413,2001.0,44136.0,163091.0,1.587064,0.639626,SGP,DEU,8951
846718,197,61,1413,2001.0,0.0,4150.0,-0.123958,-0.103849,SLV,DEU,8951
846719,205,61,1413,2001.0,0.0,2712.0,-0.7622359999999999,-0.790158,SUR,DEU,8951
846720,206,61,1413,2001.0,636415.0,242221.0,1.310591,1.195523,SVK,DEU,8951
846721,207,61,1413,2001.0,4579837.0,329861.0,1.488089,1.0928360000000001,SVN,DEU,8951
846722,208,61,1413,2001.0,1891127.0,661716.0,2.01685,0.8233159999999999,SWE,DEU,8951
846723,211,61,1413,2001.0,0.0,3033.0,-0.40370700000000004,-0.9052620000000001,SYC,DEU,8951
846724,212,61,1413,2001.0,0.0,75323.0,-1.138774,-0.839648,SYR,DEU,8951
846725,215,61,1413,2001.0,0.0,4094.0,-0.45409399999999994,-0.337055,TGO,DEU,8951
846726,216,61,1413,2001.0,441153.0,52176.0,0.49264600000000003,1.493471,THA,DEU,8951
846727,222,61,1413,2001.0,0.0,21233.0,0.265201,-0.602807,TTO,DEU,8951
846728,223,61,1413,2001.0,58317.0,82958.0,0.054524,0.26892699999999997,TUN,DEU,8951
846729,224,61,1413,2001.0,46505.0,493764.0,0.168219,1.989011,TUR,DEU,8951
846730,226,61,1413,2001.0,0.0,4136.0,-1.227071,-0.489829,TZA,DEU,8951
846731,227,61,1413,2001.0,0.0,1327.0,-1.1823700000000001,-0.7738619999999999,UGA,DEU,8951
846732,228,61,1413,2001.0,16062.0,112386.0,0.642888,1.267971,UKR,DEU,8951
846733,230,61,1413,2001.0,0.0,18078.0,0.192313,0.401841,URY,DEU,8951
846734,231,61,1413,2001.0,830777.0,7271146.0,1.96615,-0.12332699999999999,USA,DEU,8951
846735,232,61,1413,2001.0,0.0,4000.0,-0.395015,-0.7717649999999999,UZB,DEU,8951
846736,236,61,1413,2001.0,0.0,66414.0,-0.013877,-0.8582690000000001,VEN,DEU,8951
846737,239,61,1413,2001.0,1636.0,0.0,-0.533978,0.503988,VNM,DEU,8951
846738,240,61,1413,2001.0,0.0,1000.0,-0.950859,-0.9321309999999999,VUT,DEU,8951
846739,246,61,1413,2001.0,16230.0,184445.0,0.249833,2.1142950000000003,ZAF,DEU,8951
846740,248,61,1413,2001.0,0.0,1792.0,-0.663155,-0.212796,ZWE,DEU,8951
846741,249,61,1413,2001.0,2344316.0,11177.0,1.7270020000000001,1.252843,TWN,DEU,8951
846742,250,61,1413,2001.0,0.0,28000.0,0.947105,-0.529946,ANS,DEU,8951
846743,2,64,1413,2001.0,0.0,2078.0,-2.190929,-1.302123,AGO,DNK,8951
846744,14,64,1413,2001.0,5058.0,13479.0,-0.12189000000000001,0.7281770000000001,AUS,DNK,8951
846745,15,64,1413,2001.0,1039661.0,64189.0,1.8987740000000002,0.45922700000000005,AUT,DNK,8951
846746,18,64,1413,2001.0,54854.0,33626.0,1.425483,1.3072409999999999,BEL,DNK,8951
846747,23,64,1413,2001.0,0.0,3259.0,0.46429799999999993,1.7500380000000002,BGR,DNK,8951
846748,28,64,1413,2001.0,0.0,8760.0,0.78008,1.232713,BLR,DNK,8951
846749,39,64,1413,2001.0,1065.0,8680.0,0.8899729999999999,1.3778299999999999,CAN,DNK,8951
846750,41,64,1413,2001.0,2384.0,67905.0,2.161588,0.8069890000000001,CHE,DNK,8951
846751,42,64,1413,2001.0,0.0,2047.0,-0.148124,0.074033,CHL,DNK,8951
846752,43,64,1413,2001.0,1177166.0,1010.0,0.535502,2.28778,CHN,DNK,8951
846753,51,64,1413,2001.0,0.0,1058.0,-0.016933,-0.340938,CPV,DNK,8951
846754,58,64,1413,2001.0,0.0,8993.0,0.30700500000000003,0.258726,CYP,DNK,8951
846755,59,64,1413,2001.0,0.0,15785.0,1.56908,0.860384,CZE,DNK,8951
846756,61,64,1413,2001.0,1294311.0,843086.0,2.335872,-2.09875,DEU,DNK,8951
846757,71,64,1413,2001.0,104135.0,30115.0,1.1380350000000001,1.7870139999999999,ESP,DNK,8951
846758,72,64,1413,2001.0,1436.0,7154.0,0.53422,0.9372790000000001,EST,DNK,8951
846759,73,64,1413,2001.0,0.0,3772.0,-1.010637,-0.8893280000000001,ETH,DNK,8951
846760,74,64,1413,2001.0,40048.0,56680.0,1.9661669999999998,1.000436,FIN,DNK,8951
846761,77,64,1413,2001.0,174772.0,99370.0,1.6143809999999998,0.626221,FRA,DNK,8951
846762,78,64,1413,2001.0,0.0,111243.0,-0.945048,-0.9974049999999999,FRO,DNK,8951
846763,81,64,1413,2001.0,290877.0,198281.0,2.1068439999999997,0.658575,GBR,DNK,8951
846764,83,64,1413,2001.0,0.0,1515.0,-0.7818689999999999,-0.645878,GHA,DNK,8951
846765,90,64,1413,2001.0,0.0,4113.0,0.338607,1.506593,GRC,DNK,8951
846766,92,64,1413,2001.0,0.0,183803.0,-0.19784100000000002,-0.772099,GRL,DNK,8951
846767,97,64,1413,2001.0,241872.0,7052.0,0.639538,1.5157610000000001,HKG,DNK,8951
846768,100,64,1413,2001.0,0.0,4028.0,0.6315729999999999,1.169338,HRV,DNK,8951
846769,102,64,1413,2001.0,0.0,70845.0,1.069245,1.2217069999999999,HUN,DNK,8951
846770,103,64,1413,2001.0,135684.0,0.0,0.039233,1.780659,IDN,DNK,8951
846771,104,64,1413,2001.0,138820.0,0.0,0.382444,2.538934,IND,DNK,8951
846772,106,64,1413,2001.0,1620.0,1116.0,1.751955,0.210628,IRL,DNK,8951
846773,109,64,1413,2001.0,0.0,28437.0,0.049756,-0.496962,ISL,DNK,8951
846774,110,64,1413,2001.0,0.0,1336.0,1.17675,0.900401,ISR,DNK,8951
846775,111,64,1413,2001.0,289326.0,16766.0,1.488545,0.8410610000000001,ITA,DNK,8951
846776,114,64,1413,2001.0,37788.0,23767.0,2.674032,0.445636,JPN,DNK,8951
846777,115,64,1413,2001.0,0.0,1286.0,-0.05773,-0.44668500000000005,KAZ,DNK,8951
846778,116,64,1413,2001.0,0.0,1492.0,-0.533651,0.072611,KEN,DNK,8951
846779,121,64,1413,2001.0,199801.0,1799.0,1.436204,0.917057,KOR,DNK,8951
846780,122,64,1413,2001.0,0.0,4686.0,-0.695801,-1.225701,KWT,DNK,8951
846781,130,64,1413,2001.0,0.0,78892.0,0.21069699999999997,0.720384,LTU,DNK,8951
846782,131,64,1413,2001.0,0.0,16895.0,1.326753,1.2069530000000002,LUX,DNK,8951
846783,132,64,1413,2001.0,6587.0,23955.0,0.31652600000000003,0.523927,LVA,DNK,8951
846784,138,64,1413,2001.0,5410.0,10510.0,1.088661,0.680197,MEX,DNK,8951
846785,147,64,1413,2001.0,0.0,16725.0,-1.476933,-1.253628,MOZ,DNK,8951
846786,153,64,1413,2001.0,5258.0,4031.0,0.894191,0.310677,MYS,DNK,8951
846787,162,64,1413,2001.0,781140.0,192152.0,1.299569,1.487015,NLD,DNK,8951
846788,163,64,1413,2001.0,44702.0,380393.0,0.542366,-0.180336,NOR,DNK,8951
846789,166,64,1413,2001.0,0.0,1492.0,0.220307,0.689625,NZL,DNK,8951
846790,173,64,1413,2001.0,0.0,1838.0,-0.318071,0.116602,PER,DNK,8951
846791,174,64,1413,2001.0,3113.0,0.0,0.153601,-0.174218,PHL,DNK,8951
846792,177,64,1413,2001.0,154575.0,639490.0,0.983238,1.7436209999999999,POL,DNK,8951
846793,178,64,1413,2001.0,17834.0,0.0,0.7188640000000001,1.101559,PRK,DNK,8951
846794,179,64,1413,2001.0,0.0,24801.0,0.688736,1.326716,PRT,DNK,8951
846795,185,64,1413,2001.0,0.0,9014.0,0.465168,1.1029129999999998,ROU,DNK,8951
846796,186,64,1413,2001.0,0.0,5169.0,0.546271,0.195872,RUS,DNK,8951
846797,188,64,1413,2001.0,0.0,193166.0,0.078887,-0.9764430000000001,SAU,DNK,8951
846798,189,64,1413,2001.0,0.0,182281.0,0.38765,2.769588,SCG,DNK,8951
846799,190,64,1413,2001.0,0.0,37943.0,-1.7142950000000001,-1.341016,SDN,DNK,8951
846800,192,64,1413,2001.0,0.0,22517.0,1.587064,0.639626,SGP,DNK,8951
846801,206,64,1413,2001.0,0.0,8750.0,1.310591,1.195523,SVK,DNK,8951
846802,207,64,1413,2001.0,0.0,4385.0,1.488089,1.0928360000000001,SVN,DNK,8951
846803,208,64,1413,2001.0,814612.0,44324.0,2.01685,0.8233159999999999,SWE,DNK,8951
846804,216,64,1413,2001.0,13291.0,4774.0,0.49264600000000003,1.493471,THA,DNK,8951
846805,224,64,1413,2001.0,0.0,9246.0,0.168219,1.989011,TUR,DNK,8951
846806,227,64,1413,2001.0,0.0,7917.0,-1.1823700000000001,-0.7738619999999999,UGA,DNK,8951
846807,231,64,1413,2001.0,990354.0,137441.0,1.96615,-0.12332699999999999,USA,DNK,8951
846808,236,64,1413,2001.0,0.0,1949.0,-0.013877,-0.8582690000000001,VEN,DNK,8951
846809,249,64,1413,2001.0,83004.0,0.0,1.7270020000000001,1.252843,TWN,DNK,8951
846810,32,65,1413,2001.0,4165.0,0.0,0.658473,1.328637,BRA,DOM,8951
846811,39,65,1413,2001.0,0.0,6473.0,0.8899729999999999,1.3778299999999999,CAN,DOM,8951
846812,41,65,1413,2001.0,1653.0,0.0,2.161588,0.8069890000000001,CHE,DOM,8951
846813,43,65,1413,2001.0,36741.0,0.0,0.535502,2.28778,CHN,DOM,8951
846814,49,65,1413,2001.0,14501.0,0.0,0.3378,0.479951,COL,DOM,8951
846815,51,65,1413,2001.0,0.0,3000.0,-0.016933,-0.340938,CPV,DOM,8951
846816,52,65,1413,2001.0,25749.0,0.0,0.07408200000000001,0.126368,CRI,DOM,8951
846817,71,65,1413,2001.0,27853.0,0.0,1.1380350000000001,1.7870139999999999,ESP,DOM,8951
846818,77,65,1413,2001.0,2383.0,0.0,1.6143809999999998,0.626221,FRA,DOM,8951
846819,97,65,1413,2001.0,9136.0,0.0,0.639538,1.5157610000000001,HKG,DOM,8951
846820,111,65,1413,2001.0,4632.0,0.0,1.488545,0.8410610000000001,ITA,DOM,8951
846821,112,65,1413,2001.0,1980.0,0.0,-0.562839,-0.9381510000000001,JAM,DOM,8951
846822,114,65,1413,2001.0,12583.0,0.0,2.674032,0.445636,JPN,DOM,8951
846823,138,65,1413,2001.0,81976.0,36683.0,1.088661,0.680197,MEX,DOM,8951
846824,163,65,1413,2001.0,5745.0,0.0,0.542366,-0.180336,NOR,DOM,8951
846825,169,65,1413,2001.0,4776.0,0.0,0.17863800000000002,0.440159,PAN,DOM,8951
846826,231,65,1413,2001.0,111986.0,1754046.0,1.96615,-0.12332699999999999,USA,DOM,8951
846827,249,65,1413,2001.0,28388.0,0.0,1.7270020000000001,1.252843,TWN,DOM,8951
846828,250,65,1413,2001.0,5068.0,0.0,0.947105,-0.529946,ANS,DOM,8951
846829,41,67,1413,2001.0,2834.0,0.0,2.161588,0.8069890000000001,CHE,ECU,8951
846830,42,67,1413,2001.0,31462.0,0.0,-0.148124,0.074033,CHL,ECU,8951
846831,43,67,1413,2001.0,117688.0,0.0,0.535502,2.28778,CHN,ECU,8951
846832,49,67,1413,2001.0,158107.0,0.0,0.3378,0.479951,COL,ECU,8951
846833,61,67,1413,2001.0,28895.0,0.0,2.335872,-2.09875,DEU,ECU,8951
846834,71,67,1413,2001.0,39955.0,0.0,1.1380350000000001,1.7870139999999999,ESP,ECU,8951
846835,81,67,1413,2001.0,21377.0,0.0,2.1068439999999997,0.658575,GBR,ECU,8951
846836,97,67,1413,2001.0,145544.0,0.0,0.639538,1.5157610000000001,HKG,ECU,8951
846837,111,67,1413,2001.0,83044.0,0.0,1.488545,0.8410610000000001,ITA,ECU,8951
846838,114,67,1413,2001.0,9172.0,0.0,2.674032,0.445636,JPN,ECU,8951
846839,121,67,1413,2001.0,15988.0,0.0,1.436204,0.917057,KOR,ECU,8951
846840,138,67,1413,2001.0,8264.0,0.0,1.088661,0.680197,MEX,ECU,8951
846841,162,67,1413,2001.0,3767.0,0.0,1.299569,1.487015,NLD,ECU,8951
846842,169,67,1413,2001.0,5378.0,0.0,0.17863800000000002,0.440159,PAN,ECU,8951
846843,173,67,1413,2001.0,1975.0,0.0,-0.318071,0.116602,PER,ECU,8951
846844,208,67,1413,2001.0,12120.0,0.0,2.01685,0.8233159999999999,SWE,ECU,8951
846845,231,67,1413,2001.0,98822.0,0.0,1.96615,-0.12332699999999999,USA,ECU,8951
846846,249,67,1413,2001.0,60593.0,0.0,1.7270020000000001,1.252843,TWN,ECU,8951
846847,5,71,1413,2001.0,0.0,15322.0,0.874555,0.75456,AND,ESP,8951
846848,7,71,1413,2001.0,0.0,20763.0,-0.217259,-0.613042,ARE,ESP,8951
846849,8,71,1413,2001.0,0.0,44761.0,0.11289,0.916845,ARG,ESP,8951
846850,14,71,1413,2001.0,0.0,33953.0,-0.12189000000000001,0.7281770000000001,AUS,ESP,8951
846851,15,71,1413,2001.0,1442079.0,2460.0,1.8987740000000002,0.45922700000000005,AUT,ESP,8951
846852,18,71,1413,2001.0,105800.0,234615.0,1.425483,1.3072409999999999,BEL,ESP,8951
846853,23,71,1413,2001.0,0.0,3746.0,0.46429799999999993,1.7500380000000002,BGR,ESP,8951
846854,28,71,1413,2001.0,0.0,1045.0,0.78008,1.232713,BLR,ESP,8951
846855,31,71,1413,2001.0,0.0,68598.0,-0.614885,-0.5022770000000001,BOL,ESP,8951
846856,32,71,1413,2001.0,0.0,29126.0,0.658473,1.328637,BRA,ESP,8951
846857,39,71,1413,2001.0,2530.0,32575.0,0.8899729999999999,1.3778299999999999,CAN,ESP,8951
846858,41,71,1413,2001.0,7379.0,30613.0,2.161588,0.8069890000000001,CHE,ESP,8951
846859,42,71,1413,2001.0,0.0,95904.0,-0.148124,0.074033,CHL,ESP,8951
846860,43,71,1413,2001.0,1404971.0,1220.0,0.535502,2.28778,CHN,ESP,8951
846861,44,71,1413,2001.0,0.0,4818.0,-0.731178,-0.5734739999999999,CIV,ESP,8951
846862,45,71,1413,2001.0,0.0,8047.0,-1.4692049999999999,-1.251498,CMR,ESP,8951
846863,49,71,1413,2001.0,0.0,24753.0,0.3378,0.479951,COL,ESP,8951
846864,52,71,1413,2001.0,0.0,10849.0,0.07408200000000001,0.126368,CRI,ESP,8951
846865,54,71,1413,2001.0,0.0,403909.0,-0.889919,-1.137994,CUB,ESP,8951
846866,58,71,1413,2001.0,0.0,9810.0,0.30700500000000003,0.258726,CYP,ESP,8951
846867,59,71,1413,2001.0,1567.0,12796.0,1.56908,0.860384,CZE,ESP,8951
846868,61,71,1413,2001.0,1632843.0,381391.0,2.335872,-2.09875,DEU,ESP,8951
846869,64,71,1413,2001.0,30115.0,104135.0,1.356327,1.3288309999999999,DNK,ESP,8951
846870,65,71,1413,2001.0,0.0,27853.0,-0.55896,-0.517513,DOM,ESP,8951
846871,66,71,1413,2001.0,0.0,12924.0,-0.9852559999999999,-1.245285,DZA,ESP,8951
846872,67,71,1413,2001.0,0.0,39955.0,-0.8668389999999999,-0.891943,ECU,ESP,8951
846873,68,71,1413,2001.0,0.0,12227.0,-0.346794,0.431229,EGY,ESP,8951
846874,72,71,1413,2001.0,0.0,6008.0,0.53422,0.9372790000000001,EST,ESP,8951
846875,74,71,1413,2001.0,80979.0,13498.0,1.9661669999999998,1.000436,FIN,ESP,8951
846876,77,71,1413,2001.0,1274896.0,1014204.0,1.6143809999999998,0.626221,FRA,ESP,8951
846877,80,71,1413,2001.0,0.0,1283.0,-1.603078,-1.308825,GAB,ESP,8951
846878,81,71,1413,2001.0,106073.0,588281.0,2.1068439999999997,0.658575,GBR,ESP,8951
846879,84,71,1413,2001.0,0.0,1363.0,0.720621,-0.320641,GIB,ESP,8951
846880,85,71,1413,2001.0,0.0,4720.0,-1.2887950000000001,-1.195448,GIN,ESP,8951
846881,89,71,1413,2001.0,0.0,5898.0,-2.167184,-1.051131,GNQ,ESP,8951
846882,90,71,1413,2001.0,2757.0,44044.0,0.338607,1.506593,GRC,ESP,8951
846883,93,71,1413,2001.0,0.0,24577.0,-0.43618199999999996,0.135535,GTM,ESP,8951
846884,97,71,1413,2001.0,252000.0,2730.0,0.639538,1.5157610000000001,HKG,ESP,8951
846885,100,71,1413,2001.0,0.0,3483.0,0.6315729999999999,1.169338,HRV,ESP,8951
846886,102,71,1413,2001.0,0.0,45694.0,1.069245,1.2217069999999999,HUN,ESP,8951
846887,103,71,1413,2001.0,63187.0,0.0,0.039233,1.780659,IDN,ESP,8951
846888,104,71,1413,2001.0,563327.0,0.0,0.382444,2.538934,IND,ESP,8951
846889,106,71,1413,2001.0,0.0,97857.0,1.751955,0.210628,IRL,ESP,8951
846890,107,71,1413,2001.0,0.0,71091.0,-0.973691,-1.05654,IRN,ESP,8951
846891,109,71,1413,2001.0,0.0,6457.0,0.049756,-0.496962,ISL,ESP,8951
846892,110,71,1413,2001.0,6591.0,31499.0,1.17675,0.900401,ISR,ESP,8951
846893,111,71,1413,2001.0,4021001.0,394611.0,1.488545,0.8410610000000001,ITA,ESP,8951
846894,113,71,1413,2001.0,0.0,3054.0,0.5404760000000001,0.8497170000000001,JOR,ESP,8951
846895,114,71,1413,2001.0,180232.0,10430.0,2.674032,0.445636,JPN,ESP,8951
846896,121,71,1413,2001.0,56032.0,16560.0,1.436204,0.917057,KOR,ESP,8951
846897,122,71,1413,2001.0,0.0,19934.0,-0.695801,-1.225701,KWT,ESP,8951
846898,124,71,1413,2001.0,0.0,2527.0,0.09267,0.97731,LBN,ESP,8951
846899,126,71,1413,2001.0,0.0,11438.0,-0.9461450000000001,-1.242884,LBY,ESP,8951
846900,130,71,1413,2001.0,0.0,1658.0,0.21069699999999997,0.720384,LTU,ESP,8951
846901,131,71,1413,2001.0,0.0,5152.0,1.326753,1.2069530000000002,LUX,ESP,8951
846902,132,71,1413,2001.0,0.0,1203.0,0.31652600000000003,0.523927,LVA,ESP,8951
846903,133,71,1413,2001.0,0.0,11591.0,-0.250517,-0.589391,MAC,ESP,8951
846904,134,71,1413,2001.0,0.0,5683.0,-0.616006,-0.340127,MAR,ESP,8951
846905,135,71,1413,2001.0,0.0,7983.0,0.12110699999999999,0.159706,MDA,ESP,8951
846906,138,71,1413,2001.0,1327.0,87860.0,1.088661,0.680197,MEX,ESP,8951
846907,142,71,1413,2001.0,0.0,47257.0,1.048708,-0.04453,MLT,ESP,8951
846908,147,71,1413,2001.0,0.0,1630.0,-1.476933,-1.253628,MOZ,ESP,8951
846909,148,71,1413,2001.0,0.0,26071.0,-1.112149,-1.292716,MRT,ESP,8951
846910,153,71,1413,2001.0,9812.0,0.0,0.894191,0.310677,MYS,ESP,8951
846911,160,71,1413,2001.0,0.0,12810.0,-0.865941,-0.617108,NIC,ESP,8951
846912,162,71,1413,2001.0,555291.0,373103.0,1.299569,1.487015,NLD,ESP,8951
846913,163,71,1413,2001.0,3656.0,8050.0,0.542366,-0.180336,NOR,ESP,8951
846914,166,71,1413,2001.0,0.0,6075.0,0.220307,0.689625,NZL,ESP,8951
846915,168,71,1413,2001.0,0.0,2608.0,-0.741053,-0.41444,PAK,ESP,8951
846916,169,71,1413,2001.0,0.0,45965.0,0.17863800000000002,0.440159,PAN,ESP,8951
846917,173,71,1413,2001.0,0.0,26053.0,-0.318071,0.116602,PER,ESP,8951
846918,174,71,1413,2001.0,0.0,10765.0,0.153601,-0.174218,PHL,ESP,8951
846919,177,71,1413,2001.0,13843.0,32498.0,0.983238,1.7436209999999999,POL,ESP,8951
846920,179,71,1413,2001.0,48392.0,669858.0,0.688736,1.326716,PRT,ESP,8951
846921,180,71,1413,2001.0,0.0,4472.0,-0.7430220000000001,-0.8668540000000001,PRY,ESP,8951
846922,182,71,1413,2001.0,0.0,3737.0,0.055376,-0.762668,PYF,ESP,8951
846923,183,71,1413,2001.0,0.0,5824.0,-0.282283,-1.136895,QAT,ESP,8951
846924,185,71,1413,2001.0,0.0,9058.0,0.465168,1.1029129999999998,ROU,ESP,8951
846925,186,71,1413,2001.0,0.0,137478.0,0.546271,0.195872,RUS,ESP,8951
846926,188,71,1413,2001.0,0.0,55011.0,0.078887,-0.9764430000000001,SAU,ESP,8951
846927,191,71,1413,2001.0,0.0,1847.0,-0.570156,-0.560573,SEN,ESP,8951
846928,192,71,1413,2001.0,11631.0,21524.0,1.587064,0.639626,SGP,ESP,8951
846929,197,71,1413,2001.0,0.0,1173.0,-0.123958,-0.103849,SLV,ESP,8951
846930,206,71,1413,2001.0,0.0,3627.0,1.310591,1.195523,SVK,ESP,8951
846931,207,71,1413,2001.0,325995.0,6074.0,1.488089,1.0928360000000001,SVN,ESP,8951
846932,208,71,1413,2001.0,324245.0,53960.0,2.01685,0.8233159999999999,SWE,ESP,8951
846933,212,71,1413,2001.0,0.0,5267.0,-1.138774,-0.839648,SYR,ESP,8951
846934,216,71,1413,2001.0,90552.0,29741.0,0.49264600000000003,1.493471,THA,ESP,8951
846935,223,71,1413,2001.0,0.0,11422.0,0.054524,0.26892699999999997,TUN,ESP,8951
846936,224,71,1413,2001.0,0.0,2317.0,0.168219,1.989011,TUR,ESP,8951
846937,228,71,1413,2001.0,0.0,20253.0,0.642888,1.267971,UKR,ESP,8951
846938,230,71,1413,2001.0,0.0,56471.0,0.192313,0.401841,URY,ESP,8951
846939,231,71,1413,2001.0,106963.0,519173.0,1.96615,-0.12332699999999999,USA,ESP,8951
846940,236,71,1413,2001.0,35351.0,15684.0,-0.013877,-0.8582690000000001,VEN,ESP,8951
846941,239,71,1413,2001.0,23609.0,0.0,-0.533978,0.503988,VNM,ESP,8951
846942,246,71,1413,2001.0,0.0,17818.0,0.249833,2.1142950000000003,ZAF,ESP,8951
846943,249,71,1413,2001.0,212930.0,13510.0,1.7270020000000001,1.252843,TWN,ESP,8951
846944,14,74,1413,2001.0,0.0,10221.0,-0.12189000000000001,0.7281770000000001,AUS,FIN,8951
846945,15,74,1413,2001.0,222220.0,0.0,1.8987740000000002,0.45922700000000005,AUT,FIN,8951
846946,18,74,1413,2001.0,33423.0,2882.0,1.425483,1.3072409999999999,BEL,FIN,8951
846947,39,74,1413,2001.0,0.0,5659.0,0.8899729999999999,1.3778299999999999,CAN,FIN,8951
846948,41,74,1413,2001.0,0.0,11969.0,2.161588,0.8069890000000001,CHE,FIN,8951
846949,43,74,1413,2001.0,479890.0,0.0,0.535502,2.28778,CHN,FIN,8951
846950,59,74,1413,2001.0,24328.0,16149.0,1.56908,0.860384,CZE,FIN,8951
846951,61,74,1413,2001.0,424080.0,34921.0,2.335872,-2.09875,DEU,FIN,8951
846952,64,74,1413,2001.0,56680.0,40048.0,1.356327,1.3288309999999999,DNK,FIN,8951
846953,68,74,1413,2001.0,0.0,4502.0,-0.346794,0.431229,EGY,FIN,8951
846954,71,74,1413,2001.0,13498.0,80979.0,1.1380350000000001,1.7870139999999999,ESP,FIN,8951
846955,72,74,1413,2001.0,7053.0,167939.0,0.53422,0.9372790000000001,EST,FIN,8951
846956,77,74,1413,2001.0,34769.0,33332.0,1.6143809999999998,0.626221,FRA,FIN,8951
846957,81,74,1413,2001.0,93087.0,64428.0,2.1068439999999997,0.658575,GBR,FIN,8951
846958,97,74,1413,2001.0,785138.0,0.0,0.639538,1.5157610000000001,HKG,FIN,8951
846959,103,74,1413,2001.0,25472.0,0.0,0.039233,1.780659,IDN,FIN,8951
846960,104,74,1413,2001.0,36143.0,0.0,0.382444,2.538934,IND,FIN,8951
846961,110,74,1413,2001.0,0.0,2890.0,1.17675,0.900401,ISR,FIN,8951
846962,111,74,1413,2001.0,474505.0,3607.0,1.488545,0.8410610000000001,ITA,FIN,8951
846963,113,74,1413,2001.0,0.0,5938.0,0.5404760000000001,0.8497170000000001,JOR,FIN,8951
846964,114,74,1413,2001.0,43012.0,27548.0,2.674032,0.445636,JPN,FIN,8951
846965,115,74,1413,2001.0,0.0,1803.0,-0.05773,-0.44668500000000005,KAZ,FIN,8951
846966,121,74,1413,2001.0,12543.0,0.0,1.436204,0.917057,KOR,FIN,8951
846967,130,74,1413,2001.0,0.0,10186.0,0.21069699999999997,0.720384,LTU,FIN,8951
846968,132,74,1413,2001.0,0.0,9279.0,0.31652600000000003,0.523927,LVA,FIN,8951
846969,153,74,1413,2001.0,0.0,3197.0,0.894191,0.310677,MYS,FIN,8951
846970,162,74,1413,2001.0,690275.0,33455.0,1.299569,1.487015,NLD,FIN,8951
846971,163,74,1413,2001.0,39876.0,22023.0,0.542366,-0.180336,NOR,FIN,8951
846972,166,74,1413,2001.0,0.0,9618.0,0.220307,0.689625,NZL,FIN,8951
846973,177,74,1413,2001.0,0.0,1483.0,0.983238,1.7436209999999999,POL,FIN,8951
846974,183,74,1413,2001.0,0.0,1346.0,-0.282283,-1.136895,QAT,FIN,8951
846975,185,74,1413,2001.0,0.0,3223.0,0.465168,1.1029129999999998,ROU,FIN,8951
846976,186,74,1413,2001.0,0.0,323278.0,0.546271,0.195872,RUS,FIN,8951
846977,192,74,1413,2001.0,0.0,11702.0,1.587064,0.639626,SGP,FIN,8951
846978,208,74,1413,2001.0,961452.0,147296.0,2.01685,0.8233159999999999,SWE,FIN,8951
846979,224,74,1413,2001.0,5829.0,0.0,0.168219,1.989011,TUR,FIN,8951
846980,228,74,1413,2001.0,0.0,2860.0,0.642888,1.267971,UKR,FIN,8951
846981,231,74,1413,2001.0,13301.0,102460.0,1.96615,-0.12332699999999999,USA,FIN,8951
846982,249,74,1413,2001.0,143150.0,0.0,1.7270020000000001,1.252843,TWN,FIN,8951
846983,2,77,1413,2001.0,0.0,9856.0,-2.190929,-1.302123,AGO,FRA,8951
846984,4,77,1413,2001.0,0.0,4226.0,-0.137138,0.120093,ALB,FRA,8951
846985,5,77,1413,2001.0,0.0,5904.0,0.874555,0.75456,AND,FRA,8951
846986,7,77,1413,2001.0,0.0,4476.0,-0.217259,-0.613042,ARE,FRA,8951
846987,8,77,1413,2001.0,4661.0,35324.0,0.11289,0.916845,ARG,FRA,8951
846988,13,77,1413,2001.0,0.0,3615.0,-0.178808,-0.795151,ATG,FRA,8951
846989,14,77,1413,2001.0,4322.0,62890.0,-0.12189000000000001,0.7281770000000001,AUS,FRA,8951
846990,15,77,1413,2001.0,2069604.0,187288.0,1.8987740000000002,0.45922700000000005,AUT,FRA,8951
846991,18,77,1413,2001.0,592885.0,1556694.0,1.425483,1.3072409999999999,BEL,FRA,8951
846992,19,77,1413,2001.0,0.0,16565.0,-0.9032530000000001,-0.8979590000000001,BEN,FRA,8951
846993,21,77,1413,2001.0,0.0,21418.0,-0.24546199999999999,0.00141,BFA,FRA,8951
846994,23,77,1413,2001.0,0.0,3412.0,0.46429799999999993,1.7500380000000002,BGR,FRA,8951
846995,28,77,1413,2001.0,0.0,8692.0,0.78008,1.232713,BLR,FRA,8951
846996,31,77,1413,2001.0,0.0,3291.0,-0.614885,-0.5022770000000001,BOL,FRA,8951
846997,32,77,1413,2001.0,0.0,45947.0,0.658473,1.328637,BRA,FRA,8951
846998,38,77,1413,2001.0,0.0,13377.0,-0.656133,-0.8365530000000001,CAF,FRA,8951
846999,39,77,1413,2001.0,2711.0,61786.0,0.8899729999999999,1.3778299999999999,CAN,FRA,8951
847000,41,77,1413,2001.0,61828.0,298289.0,2.161588,0.8069890000000001,CHE,FRA,8951
847001,42,77,1413,2001.0,0.0,10653.0,-0.148124,0.074033,CHL,FRA,8951
847002,43,77,1413,2001.0,3435156.0,13962.0,0.535502,2.28778,CHN,FRA,8951
847003,44,77,1413,2001.0,2925.0,47303.0,-0.731178,-0.5734739999999999,CIV,FRA,8951
847004,45,77,1413,2001.0,0.0,60205.0,-1.4692049999999999,-1.251498,CMR,FRA,8951
847005,46,77,1413,2001.0,0.0,1794.0,-1.2660959999999999,-1.1988860000000001,COD,FRA,8951
847006,47,77,1413,2001.0,0.0,25088.0,-1.5108190000000001,-1.277465,COG,FRA,8951
847007,50,77,1413,2001.0,0.0,7185.0,0.060207000000000004,-0.91817,COM,FRA,8951
847008,51,77,1413,2001.0,0.0,4784.0,-0.016933,-0.340938,CPV,FRA,8951
847009,52,77,1413,2001.0,0.0,2903.0,0.07408200000000001,0.126368,CRI,FRA,8951
847010,54,77,1413,2001.0,0.0,3563.0,-0.889919,-1.137994,CUB,FRA,8951
847011,58,77,1413,2001.0,0.0,5796.0,0.30700500000000003,0.258726,CYP,FRA,8951
847012,59,77,1413,2001.0,16235.0,66116.0,1.56908,0.860384,CZE,FRA,8951
847013,61,77,1413,2001.0,4618116.0,1528720.0,2.335872,-2.09875,DEU,FRA,8951
847014,62,77,1413,2001.0,0.0,2691.0,0.0005070000000000001,0.229221,DJI,FRA,8951
847015,64,77,1413,2001.0,99370.0,174772.0,1.356327,1.3288309999999999,DNK,FRA,8951
847016,65,77,1413,2001.0,0.0,2383.0,-0.55896,-0.517513,DOM,FRA,8951
847017,66,77,1413,2001.0,0.0,44730.0,-0.9852559999999999,-1.245285,DZA,FRA,8951
847018,68,77,1413,2001.0,0.0,11532.0,-0.346794,0.431229,EGY,FRA,8951
847019,71,77,1413,2001.0,1014204.0,1274896.0,1.1380350000000001,1.7870139999999999,ESP,FRA,8951
847020,72,77,1413,2001.0,0.0,5192.0,0.53422,0.9372790000000001,EST,FRA,8951
847021,73,77,1413,2001.0,0.0,1324.0,-1.010637,-0.8893280000000001,ETH,FRA,8951
847022,74,77,1413,2001.0,33332.0,34769.0,1.9661669999999998,1.000436,FIN,FRA,8951
847023,80,77,1413,2001.0,0.0,86405.0,-1.603078,-1.308825,GAB,FRA,8951
847024,81,77,1413,2001.0,972079.0,1206482.0,2.1068439999999997,0.658575,GBR,FRA,8951
847025,83,77,1413,2001.0,0.0,330476.0,-0.7818689999999999,-0.645878,GHA,FRA,8951
847026,85,77,1413,2001.0,0.0,22410.0,-1.2887950000000001,-1.195448,GIN,FRA,8951
847027,90,77,1413,2001.0,0.0,105215.0,0.338607,1.506593,GRC,FRA,8951
847028,93,77,1413,2001.0,0.0,2709.0,-0.43618199999999996,0.135535,GTM,FRA,8951
847029,97,77,1413,2001.0,213441.0,176288.0,0.639538,1.5157610000000001,HKG,FRA,8951
847030,100,77,1413,2001.0,0.0,12996.0,0.6315729999999999,1.169338,HRV,FRA,8951
847031,102,77,1413,2001.0,5244.0,56886.0,1.069245,1.2217069999999999,HUN,FRA,8951
847032,103,77,1413,2001.0,136942.0,37313.0,0.039233,1.780659,IDN,FRA,8951
847033,104,77,1413,2001.0,69194.0,2756.0,0.382444,2.538934,IND,FRA,8951
847034,106,77,1413,2001.0,32571.0,28199.0,1.751955,0.210628,IRL,FRA,8951
847035,107,77,1413,2001.0,4365.0,0.0,-0.973691,-1.05654,IRN,FRA,8951
847036,109,77,1413,2001.0,0.0,13507.0,0.049756,-0.496962,ISL,FRA,8951
847037,110,77,1413,2001.0,0.0,195431.0,1.17675,0.900401,ISR,FRA,8951
847038,111,77,1413,2001.0,2380594.0,700529.0,1.488545,0.8410610000000001,ITA,FRA,8951
847039,113,77,1413,2001.0,0.0,3825.0,0.5404760000000001,0.8497170000000001,JOR,FRA,8951
847040,114,77,1413,2001.0,428157.0,103856.0,2.674032,0.445636,JPN,FRA,8951
847041,115,77,1413,2001.0,0.0,1850.0,-0.05773,-0.44668500000000005,KAZ,FRA,8951
847042,121,77,1413,2001.0,165254.0,124201.0,1.436204,0.917057,KOR,FRA,8951
847043,122,77,1413,2001.0,0.0,25483.0,-0.695801,-1.225701,KWT,FRA,8951
847044,124,77,1413,2001.0,1616.0,20901.0,0.09267,0.97731,LBN,FRA,8951
847045,128,77,1413,2001.0,0.0,1554.0,-0.43381000000000003,0.057630999999999995,LKA,FRA,8951
847046,130,77,1413,2001.0,0.0,20991.0,0.21069699999999997,0.720384,LTU,FRA,8951
847047,131,77,1413,2001.0,0.0,81219.0,1.326753,1.2069530000000002,LUX,FRA,8951
847048,132,77,1413,2001.0,0.0,12995.0,0.31652600000000003,0.523927,LVA,FRA,8951
847049,134,77,1413,2001.0,34574.0,265426.0,-0.616006,-0.340127,MAR,FRA,8951
847050,135,77,1413,2001.0,0.0,3971.0,0.12110699999999999,0.159706,MDA,FRA,8951
847051,136,77,1413,2001.0,22135.0,19203.0,-1.0624850000000001,-0.695873,MDG,FRA,8951
847052,138,77,1413,2001.0,0.0,21015.0,1.088661,0.680197,MEX,FRA,8951
847053,141,77,1413,2001.0,0.0,12901.0,-0.176802,-0.408531,MLI,FRA,8951
847054,142,77,1413,2001.0,0.0,12005.0,1.048708,-0.04453,MLT,FRA,8951
847055,151,77,1413,2001.0,0.0,5587.0,-0.304271,-0.589387,MUS,FRA,8951
847056,153,77,1413,2001.0,52247.0,36932.0,0.894191,0.310677,MYS,FRA,8951
847057,154,77,1413,2001.0,0.0,42902.0,1.9170209999999999,0.08771799999999999,MYT,FRA,8951
847058,156,77,1413,2001.0,0.0,80869.0,-0.523924,-0.9363049999999999,NCL,FRA,8951
847059,157,77,1413,2001.0,0.0,12907.0,-0.674176,-0.627373,NER,FRA,8951
847060,159,77,1413,2001.0,0.0,41108.0,-1.9085759999999998,-1.335279,NGA,FRA,8951
847061,162,77,1413,2001.0,3953517.0,976821.0,1.299569,1.487015,NLD,FRA,8951
847062,163,77,1413,2001.0,102100.0,40013.0,0.542366,-0.180336,NOR,FRA,8951
847063,166,77,1413,2001.0,8993.0,64367.0,0.220307,0.689625,NZL,FRA,8951
847064,169,77,1413,2001.0,0.0,12974.0,0.17863800000000002,0.440159,PAN,FRA,8951
847065,173,77,1413,2001.0,0.0,2671.0,-0.318071,0.116602,PER,FRA,8951
847066,174,77,1413,2001.0,13472.0,1679.0,0.153601,-0.174218,PHL,FRA,8951
847067,177,77,1413,2001.0,0.0,169997.0,0.983238,1.7436209999999999,POL,FRA,8951
847068,179,77,1413,2001.0,1159.0,668896.0,0.688736,1.326716,PRT,FRA,8951
847069,182,77,1413,2001.0,0.0,62506.0,0.055376,-0.762668,PYF,FRA,8951
847070,183,77,1413,2001.0,0.0,53161.0,-0.282283,-1.136895,QAT,FRA,8951
847071,185,77,1413,2001.0,8730.0,12822.0,0.465168,1.1029129999999998,ROU,FRA,8951
847072,186,77,1413,2001.0,0.0,152957.0,0.546271,0.195872,RUS,FRA,8951
847073,188,77,1413,2001.0,0.0,91308.0,0.078887,-0.9764430000000001,SAU,FRA,8951
847074,189,77,1413,2001.0,0.0,6123.0,0.38765,2.769588,SCG,FRA,8951
847075,190,77,1413,2001.0,0.0,5508.0,-1.7142950000000001,-1.341016,SDN,FRA,8951
847076,191,77,1413,2001.0,8233.0,76660.0,-0.570156,-0.560573,SEN,FRA,8951
847077,192,77,1413,2001.0,149222.0,107289.0,1.587064,0.639626,SGP,FRA,8951
847078,200,77,1413,2001.0,0.0,4498.0,-0.17763800000000002,-0.9136620000000001,SPM,FRA,8951
847079,206,77,1413,2001.0,0.0,26030.0,1.310591,1.195523,SVK,FRA,8951
847080,207,77,1413,2001.0,94681.0,19699.0,1.488089,1.0928360000000001,SVN,FRA,8951
847081,208,77,1413,2001.0,231661.0,5718114.0,2.01685,0.8233159999999999,SWE,FRA,8951
847082,212,77,1413,2001.0,10854.0,21195.0,-1.138774,-0.839648,SYR,FRA,8951
847083,214,77,1413,2001.0,0.0,2688.0,-0.263125,-0.8669950000000001,TCD,FRA,8951
847084,215,77,1413,2001.0,0.0,10787.0,-0.45409399999999994,-0.337055,TGO,FRA,8951
847085,216,77,1413,2001.0,330176.0,17556.0,0.49264600000000003,1.493471,THA,FRA,8951
847086,223,77,1413,2001.0,5517.0,144630.0,0.054524,0.26892699999999997,TUN,FRA,8951
847087,224,77,1413,2001.0,9793.0,23734.0,0.168219,1.989011,TUR,FRA,8951
847088,227,77,1413,2001.0,0.0,10600.0,-1.1823700000000001,-0.7738619999999999,UGA,FRA,8951
847089,228,77,1413,2001.0,0.0,18939.0,0.642888,1.267971,UKR,FRA,8951
847090,230,77,1413,2001.0,0.0,1981.0,0.192313,0.401841,URY,FRA,8951
847091,231,77,1413,2001.0,1100068.0,212628.0,1.96615,-0.12332699999999999,USA,FRA,8951
847092,236,77,1413,2001.0,0.0,31179.0,-0.013877,-0.8582690000000001,VEN,FRA,8951
847093,241,77,1413,2001.0,0.0,1184.0,0.658042,-0.734101,WLF,FRA,8951
847094,246,77,1413,2001.0,4688.0,40795.0,0.249833,2.1142950000000003,ZAF,FRA,8951
847095,249,77,1413,2001.0,564352.0,95995.0,1.7270020000000001,1.252843,TWN,FRA,8951
847096,250,77,1413,2001.0,5288.0,0.0,0.947105,-0.529946,ANS,FRA,8951
847097,0,81,1413,2001.0,0.0,5436.0,-0.500051,-0.8763299999999999,ABW,GBR,8951
847098,2,81,1413,2001.0,0.0,3913.0,-2.190929,-1.302123,AGO,GBR,8951
847099,7,81,1413,2001.0,6014.0,851982.0,-0.217259,-0.613042,ARE,GBR,8951
847100,8,81,1413,2001.0,1951.0,1557.0,0.11289,0.916845,ARG,GBR,8951
847101,13,81,1413,2001.0,0.0,3831.0,-0.178808,-0.795151,ATG,GBR,8951
847102,14,81,1413,2001.0,391115.0,780496.0,-0.12189000000000001,0.7281770000000001,AUS,GBR,8951
847103,15,81,1413,2001.0,2865156.0,55318.0,1.8987740000000002,0.45922700000000005,AUT,GBR,8951
847104,16,81,1413,2001.0,0.0,12684.0,-0.613283,-0.949908,AZE,GBR,8951
847105,18,81,1413,2001.0,468945.0,1150399.0,1.425483,1.3072409999999999,BEL,GBR,8951
847106,22,81,1413,2001.0,0.0,3483.0,-0.799988,-1.061584,BGD,GBR,8951
847107,23,81,1413,2001.0,0.0,181541.0,0.46429799999999993,1.7500380000000002,BGR,GBR,8951
847108,24,81,1413,2001.0,0.0,68511.0,-0.11648499999999999,-1.101653,BHR,GBR,8951
847109,26,81,1413,2001.0,0.0,11586.0,0.263644,0.44197,BIH,GBR,8951
847110,29,81,1413,2001.0,0.0,7171.0,-0.356917,-0.73121,BLZ,GBR,8951
847111,30,81,1413,2001.0,0.0,2125.0,1.070437,-0.50948,BMU,GBR,8951
847112,32,81,1413,2001.0,0.0,43923.0,0.658473,1.328637,BRA,GBR,8951
847113,33,81,1413,2001.0,0.0,13192.0,0.418462,-0.020000999999999998,BRB,GBR,8951
847114,34,81,1413,2001.0,0.0,1368.0,-0.38253899999999996,-0.904789,BRN,GBR,8951
847115,35,81,1413,2001.0,0.0,4296.0,0.126585,-0.577447,BTN,GBR,8951
847116,37,81,1413,2001.0,0.0,5323.0,-0.470005,-1.180158,BWA,GBR,8951
847117,39,81,1413,2001.0,59514.0,252539.0,0.8899729999999999,1.3778299999999999,CAN,GBR,8951
847118,41,81,1413,2001.0,14489.0,323718.0,2.161588,0.8069890000000001,CHE,GBR,8951
847119,42,81,1413,2001.0,0.0,8112.0,-0.148124,0.074033,CHL,GBR,8951
847120,43,81,1413,2001.0,5425714.0,30276.0,0.535502,2.28778,CHN,GBR,8951
847121,44,81,1413,2001.0,0.0,30241.0,-0.731178,-0.5734739999999999,CIV,GBR,8951
847122,45,81,1413,2001.0,0.0,2682.0,-1.4692049999999999,-1.251498,CMR,GBR,8951
847123,47,81,1413,2001.0,0.0,4063.0,-1.5108190000000001,-1.277465,COG,GBR,8951
847124,49,81,1413,2001.0,0.0,2464.0,0.3378,0.479951,COL,GBR,8951
847125,52,81,1413,2001.0,0.0,8033.0,0.07408200000000001,0.126368,CRI,GBR,8951
847126,54,81,1413,2001.0,0.0,9144.0,-0.889919,-1.137994,CUB,GBR,8951
847127,58,81,1413,2001.0,0.0,80099.0,0.30700500000000003,0.258726,CYP,GBR,8951
847128,59,81,1413,2001.0,82674.0,298986.0,1.56908,0.860384,CZE,GBR,8951
847129,61,81,1413,2001.0,2282949.0,1935314.0,2.335872,-2.09875,DEU,GBR,8951
847130,63,81,1413,2001.0,0.0,6186.0,0.573546,0.326301,DMA,GBR,8951
847131,64,81,1413,2001.0,198281.0,290877.0,1.356327,1.3288309999999999,DNK,GBR,8951
847132,66,81,1413,2001.0,0.0,16222.0,-0.9852559999999999,-1.245285,DZA,GBR,8951
847133,67,81,1413,2001.0,0.0,21377.0,-0.8668389999999999,-0.891943,ECU,GBR,8951
847134,68,81,1413,2001.0,0.0,73918.0,-0.346794,0.431229,EGY,GBR,8951
847135,71,81,1413,2001.0,588281.0,106073.0,1.1380350000000001,1.7870139999999999,ESP,GBR,8951
847136,72,81,1413,2001.0,0.0,54603.0,0.53422,0.9372790000000001,EST,GBR,8951
847137,73,81,1413,2001.0,0.0,99267.0,-1.010637,-0.8893280000000001,ETH,GBR,8951
847138,74,81,1413,2001.0,64428.0,93087.0,1.9661669999999998,1.000436,FIN,GBR,8951
847139,75,81,1413,2001.0,0.0,6978.0,-0.9144950000000001,-0.673283,FJI,GBR,8951
847140,77,81,1413,2001.0,1206482.0,972079.0,1.6143809999999998,0.626221,FRA,GBR,8951
847141,83,81,1413,2001.0,0.0,269164.0,-0.7818689999999999,-0.645878,GHA,GBR,8951
847142,84,81,1413,2001.0,0.0,3731.0,0.720621,-0.320641,GIB,GBR,8951
847143,85,81,1413,2001.0,0.0,5330.0,-1.2887950000000001,-1.195448,GIN,GBR,8951
847144,87,81,1413,2001.0,0.0,17490.0,0.161174,-0.019187,GMB,GBR,8951
847145,90,81,1413,2001.0,231211.0,90021.0,0.338607,1.506593,GRC,GBR,8951
847146,91,81,1413,2001.0,0.0,9884.0,0.405462,-0.304177,GRD,GBR,8951
847147,93,81,1413,2001.0,0.0,5505.0,-0.43618199999999996,0.135535,GTM,GBR,8951
847148,96,81,1413,2001.0,0.0,3413.0,-1.026002,-0.937657,GUY,GBR,8951
847149,97,81,1413,2001.0,1597460.0,394789.0,0.639538,1.5157610000000001,HKG,GBR,8951
847150,100,81,1413,2001.0,0.0,3955.0,0.6315729999999999,1.169338,HRV,GBR,8951
847151,102,81,1413,2001.0,13062.0,152525.0,1.069245,1.2217069999999999,HUN,GBR,8951
847152,103,81,1413,2001.0,1257813.0,5076.0,0.039233,1.780659,IDN,GBR,8951
847153,104,81,1413,2001.0,1236273.0,10725.0,0.382444,2.538934,IND,GBR,8951
847154,106,81,1413,2001.0,1114016.0,2094451.0,1.751955,0.210628,IRL,GBR,8951
847155,107,81,1413,2001.0,5171.0,178597.0,-0.973691,-1.05654,IRN,GBR,8951
847156,109,81,1413,2001.0,0.0,11324.0,0.049756,-0.496962,ISL,GBR,8951
847157,110,81,1413,2001.0,278137.0,281624.0,1.17675,0.900401,ISR,GBR,8951
847158,111,81,1413,2001.0,2523467.0,477819.0,1.488545,0.8410610000000001,ITA,GBR,8951
847159,112,81,1413,2001.0,0.0,53308.0,-0.562839,-0.9381510000000001,JAM,GBR,8951
847160,113,81,1413,2001.0,0.0,60698.0,0.5404760000000001,0.8497170000000001,JOR,GBR,8951
847161,114,81,1413,2001.0,434937.0,75396.0,2.674032,0.445636,JPN,GBR,8951
847162,115,81,1413,2001.0,0.0,16051.0,-0.05773,-0.44668500000000005,KAZ,GBR,8951
847163,116,81,1413,2001.0,0.0,80803.0,-0.533651,0.072611,KEN,GBR,8951
847164,120,81,1413,2001.0,2606.0,3295.0,0.650191,-0.487457,KNA,GBR,8951
847165,121,81,1413,2001.0,286256.0,75116.0,1.436204,0.917057,KOR,GBR,8951
847166,122,81,1413,2001.0,0.0,344089.0,-0.695801,-1.225701,KWT,GBR,8951
847167,124,81,1413,2001.0,0.0,47167.0,0.09267,0.97731,LBN,GBR,8951
847168,126,81,1413,2001.0,0.0,322836.0,-0.9461450000000001,-1.242884,LBY,GBR,8951
847169,127,81,1413,2001.0,0.0,8534.0,0.064826,-0.521713,LCA,GBR,8951
847170,128,81,1413,2001.0,0.0,8718.0,-0.43381000000000003,0.057630999999999995,LKA,GBR,8951
847171,130,81,1413,2001.0,0.0,14871.0,0.21069699999999997,0.720384,LTU,GBR,8951
847172,131,81,1413,2001.0,0.0,6430.0,1.326753,1.2069530000000002,LUX,GBR,8951
847173,132,81,1413,2001.0,0.0,9779.0,0.31652600000000003,0.523927,LVA,GBR,8951
847174,134,81,1413,2001.0,0.0,34538.0,-0.616006,-0.340127,MAR,GBR,8951
847175,138,81,1413,2001.0,54616.0,86067.0,1.088661,0.680197,MEX,GBR,8951
847176,141,81,1413,2001.0,0.0,24063.0,-0.176802,-0.408531,MLI,GBR,8951
847177,142,81,1413,2001.0,0.0,189954.0,1.048708,-0.04453,MLT,GBR,8951
847178,143,81,1413,2001.0,0.0,28063.0,-1.284563,-1.021743,MMR,GBR,8951
847179,149,81,1413,2001.0,0.0,3578.0,0.841457,-0.287684,MSR,GBR,8951
847180,151,81,1413,2001.0,0.0,26143.0,-0.304271,-0.589387,MUS,GBR,8951
847181,152,81,1413,2001.0,0.0,3204.0,-1.109888,-1.00393,MWI,GBR,8951
847182,153,81,1413,2001.0,108741.0,221577.0,0.894191,0.310677,MYS,GBR,8951
847183,156,81,1413,2001.0,0.0,1196.0,-0.523924,-0.9363049999999999,NCL,GBR,8951
847184,159,81,1413,2001.0,0.0,244705.0,-1.9085759999999998,-1.335279,NGA,GBR,8951
847185,162,81,1413,2001.0,5873490.0,829030.0,1.299569,1.487015,NLD,GBR,8951
847186,163,81,1413,2001.0,80594.0,147748.0,0.542366,-0.180336,NOR,GBR,8951
847187,166,81,1413,2001.0,7663.0,78540.0,0.220307,0.689625,NZL,GBR,8951
847188,167,81,1413,2001.0,0.0,69338.0,-1.4727729999999999,-1.329588,OMN,GBR,8951
847189,168,81,1413,2001.0,0.0,1685.0,-0.741053,-0.41444,PAK,GBR,8951
847190,169,81,1413,2001.0,0.0,2310.0,0.17863800000000002,0.440159,PAN,GBR,8951
847191,173,81,1413,2001.0,0.0,1038.0,-0.318071,0.116602,PER,GBR,8951
847192,174,81,1413,2001.0,10108.0,8658.0,0.153601,-0.174218,PHL,GBR,8951
847193,177,81,1413,2001.0,0.0,217829.0,0.983238,1.7436209999999999,POL,GBR,8951
847194,178,81,1413,2001.0,1303.0,0.0,0.7188640000000001,1.101559,PRK,GBR,8951
847195,179,81,1413,2001.0,0.0,63365.0,0.688736,1.326716,PRT,GBR,8951
847196,183,81,1413,2001.0,0.0,63856.0,-0.282283,-1.136895,QAT,GBR,8951
847197,185,81,1413,2001.0,0.0,22054.0,0.465168,1.1029129999999998,ROU,GBR,8951
847198,186,81,1413,2001.0,0.0,262808.0,0.546271,0.195872,RUS,GBR,8951
847199,188,81,1413,2001.0,8257.0,126824.0,0.078887,-0.9764430000000001,SAU,GBR,8951
847200,190,81,1413,2001.0,0.0,6724.0,-1.7142950000000001,-1.341016,SDN,GBR,8951
847201,192,81,1413,2001.0,63629.0,570036.0,1.587064,0.639626,SGP,GBR,8951
847202,194,81,1413,2001.0,0.0,4618.0,1.498329,0.018793999999999998,SHN,GBR,8951
847203,196,81,1413,2001.0,0.0,110193.0,0.262953,0.30432800000000004,SLE,GBR,8951
847204,197,81,1413,2001.0,0.0,5091.0,-0.123958,-0.103849,SLV,GBR,8951
847205,205,81,1413,2001.0,0.0,1530.0,-0.7622359999999999,-0.790158,SUR,GBR,8951
847206,206,81,1413,2001.0,0.0,24960.0,1.310591,1.195523,SVK,GBR,8951
847207,207,81,1413,2001.0,630555.0,80430.0,1.488089,1.0928360000000001,SVN,GBR,8951
847208,208,81,1413,2001.0,1237273.0,74798.0,2.01685,0.8233159999999999,SWE,GBR,8951
847209,211,81,1413,2001.0,0.0,14279.0,-0.40370700000000004,-0.9052620000000001,SYC,GBR,8951
847210,212,81,1413,2001.0,0.0,23757.0,-1.138774,-0.839648,SYR,GBR,8951
847211,216,81,1413,2001.0,449336.0,103578.0,0.49264600000000003,1.493471,THA,GBR,8951
847212,222,81,1413,2001.0,0.0,112606.0,0.265201,-0.602807,TTO,GBR,8951
847213,223,81,1413,2001.0,0.0,66454.0,0.054524,0.26892699999999997,TUN,GBR,8951
847214,224,81,1413,2001.0,25552.0,45415.0,0.168219,1.989011,TUR,GBR,8951
847215,226,81,1413,2001.0,0.0,37236.0,-1.227071,-0.489829,TZA,GBR,8951
847216,227,81,1413,2001.0,0.0,12265.0,-1.1823700000000001,-0.7738619999999999,UGA,GBR,8951
847217,228,81,1413,2001.0,0.0,216076.0,0.642888,1.267971,UKR,GBR,8951
847218,231,81,1413,2001.0,3145690.0,5059405.0,1.96615,-0.12332699999999999,USA,GBR,8951
847219,239,81,1413,2001.0,17932.0,0.0,-0.533978,0.503988,VNM,GBR,8951
847220,242,81,1413,2001.0,0.0,6115.0,-0.45074200000000003,-0.7984439999999999,WSM,GBR,8951
847221,246,81,1413,2001.0,9592.0,624121.0,0.249833,2.1142950000000003,ZAF,GBR,8951
847222,247,81,1413,2001.0,0.0,15630.0,-0.8878799999999999,-0.735268,ZMB,GBR,8951
847223,248,81,1413,2001.0,0.0,5445.0,-0.663155,-0.212796,ZWE,GBR,8951
847224,249,81,1413,2001.0,2053950.0,56575.0,1.7270020000000001,1.252843,TWN,GBR,8951
847225,7,90,1413,2001.0,0.0,13292.0,-0.217259,-0.613042,ARE,GRC,8951
847226,14,90,1413,2001.0,0.0,21108.0,-0.12189000000000001,0.7281770000000001,AUS,GRC,8951
847227,15,90,1413,2001.0,650171.0,0.0,1.8987740000000002,0.45922700000000005,AUT,GRC,8951
847228,18,90,1413,2001.0,65963.0,4428.0,1.425483,1.3072409999999999,BEL,GRC,8951
847229,23,90,1413,2001.0,0.0,14130.0,0.46429799999999993,1.7500380000000002,BGR,GRC,8951
847230,41,90,1413,2001.0,57010.0,1528.0,2.161588,0.8069890000000001,CHE,GRC,8951
847231,43,90,1413,2001.0,196174.0,0.0,0.535502,2.28778,CHN,GRC,8951
847232,58,90,1413,2001.0,0.0,10860.0,0.30700500000000003,0.258726,CYP,GRC,8951
847233,59,90,1413,2001.0,0.0,2733.0,1.56908,0.860384,CZE,GRC,8951
847234,61,90,1413,2001.0,266138.0,0.0,2.335872,-2.09875,DEU,GRC,8951
847235,64,90,1413,2001.0,4113.0,0.0,1.356327,1.3288309999999999,DNK,GRC,8951
847236,71,90,1413,2001.0,44044.0,2757.0,1.1380350000000001,1.7870139999999999,ESP,GRC,8951
847237,77,90,1413,2001.0,105215.0,0.0,1.6143809999999998,0.626221,FRA,GRC,8951
847238,81,90,1413,2001.0,90021.0,231211.0,2.1068439999999997,0.658575,GBR,GRC,8951
847239,97,90,1413,2001.0,62702.0,0.0,0.639538,1.5157610000000001,HKG,GRC,8951
847240,103,90,1413,2001.0,3316.0,0.0,0.039233,1.780659,IDN,GRC,8951
847241,104,90,1413,2001.0,19639.0,0.0,0.382444,2.538934,IND,GRC,8951
847242,106,90,1413,2001.0,6477.0,0.0,1.751955,0.210628,IRL,GRC,8951
847243,109,90,1413,2001.0,0.0,1215.0,0.049756,-0.496962,ISL,GRC,8951
847244,111,90,1413,2001.0,501212.0,459556.0,1.488545,0.8410610000000001,ITA,GRC,8951
847245,114,90,1413,2001.0,77817.0,1302.0,2.674032,0.445636,JPN,GRC,8951
847246,115,90,1413,2001.0,0.0,2333.0,-0.05773,-0.44668500000000005,KAZ,GRC,8951
847247,121,90,1413,2001.0,43272.0,0.0,1.436204,0.917057,KOR,GRC,8951
847248,122,90,1413,2001.0,0.0,1136.0,-0.695801,-1.225701,KWT,GRC,8951
847249,126,90,1413,2001.0,0.0,1798.0,-0.9461450000000001,-1.242884,LBY,GRC,8951
847250,140,90,1413,2001.0,1553.0,7289.0,0.085844,0.413947,MKD,GRC,8951
847251,153,90,1413,2001.0,5484.0,6274.0,0.894191,0.310677,MYS,GRC,8951
847252,162,90,1413,2001.0,153585.0,0.0,1.299569,1.487015,NLD,GRC,8951
847253,177,90,1413,2001.0,4528.0,0.0,0.983238,1.7436209999999999,POL,GRC,8951
847254,179,90,1413,2001.0,2242.0,23843.0,0.688736,1.326716,PRT,GRC,8951
847255,185,90,1413,2001.0,0.0,1823.0,0.465168,1.1029129999999998,ROU,GRC,8951
847256,186,90,1413,2001.0,0.0,1969.0,0.546271,0.195872,RUS,GRC,8951
847257,192,90,1413,2001.0,12072.0,0.0,1.587064,0.639626,SGP,GRC,8951
847258,196,90,1413,2001.0,38183.0,0.0,0.262953,0.30432800000000004,SLE,GRC,8951
847259,207,90,1413,2001.0,254346.0,8976.0,1.488089,1.0928360000000001,SVN,GRC,8951
847260,208,90,1413,2001.0,79063.0,0.0,2.01685,0.8233159999999999,SWE,GRC,8951
847261,216,90,1413,2001.0,24416.0,0.0,0.49264600000000003,1.493471,THA,GRC,8951
847262,224,90,1413,2001.0,65359.0,14758.0,0.168219,1.989011,TUR,GRC,8951
847263,231,90,1413,2001.0,60566.0,0.0,1.96615,-0.12332699999999999,USA,GRC,8951
847264,249,90,1413,2001.0,39946.0,0.0,1.7270020000000001,1.252843,TWN,GRC,8951
847265,39,93,1413,2001.0,8709.0,0.0,0.8899729999999999,1.3778299999999999,CAN,GTM,8951
847266,43,93,1413,2001.0,66415.0,0.0,0.535502,2.28778,CHN,GTM,8951
847267,49,93,1413,2001.0,49063.0,0.0,0.3378,0.479951,COL,GTM,8951
847268,52,93,1413,2001.0,296372.0,0.0,0.07408200000000001,0.126368,CRI,GTM,8951
847269,61,93,1413,2001.0,21137.0,0.0,2.335872,-2.09875,DEU,GTM,8951
847270,71,93,1413,2001.0,24577.0,0.0,1.1380350000000001,1.7870139999999999,ESP,GTM,8951
847271,77,93,1413,2001.0,2709.0,0.0,1.6143809999999998,0.626221,FRA,GTM,8951
847272,81,93,1413,2001.0,5505.0,0.0,2.1068439999999997,0.658575,GBR,GTM,8951
847273,97,93,1413,2001.0,30552.0,0.0,0.639538,1.5157610000000001,HKG,GTM,8951
847274,99,93,1413,2001.0,0.0,10436.0,-0.6886899999999999,-0.49161400000000005,HND,GTM,8951
847275,111,93,1413,2001.0,24967.0,0.0,1.488545,0.8410610000000001,ITA,GTM,8951
847276,114,93,1413,2001.0,7574.0,0.0,2.674032,0.445636,JPN,GTM,8951
847277,121,93,1413,2001.0,35987.0,0.0,1.436204,0.917057,KOR,GTM,8951
847278,138,93,1413,2001.0,304951.0,0.0,1.088661,0.680197,MEX,GTM,8951
847279,160,93,1413,2001.0,0.0,2693.0,-0.865941,-0.617108,NIC,GTM,8951
847280,162,93,1413,2001.0,5427.0,0.0,1.299569,1.487015,NLD,GTM,8951
847281,197,93,1413,2001.0,67497.0,23948.0,-0.123958,-0.103849,SLV,GTM,8951
847282,208,93,1413,2001.0,13189.0,0.0,2.01685,0.8233159999999999,SWE,GTM,8951
847283,231,93,1413,2001.0,119260.0,0.0,1.96615,-0.12332699999999999,USA,GTM,8951
847284,249,93,1413,2001.0,48120.0,0.0,1.7270020000000001,1.252843,TWN,GTM,8951
847285,250,93,1413,2001.0,1664.0,15308.0,0.947105,-0.529946,ANS,GTM,8951
847286,39,96,1413,2001.0,6334.0,0.0,0.8899729999999999,1.3778299999999999,CAN,GUY,8951
847287,61,96,1413,2001.0,1350.0,0.0,2.335872,-2.09875,DEU,GUY,8951
847288,81,96,1413,2001.0,3413.0,0.0,2.1068439999999997,0.658575,GBR,GUY,8951
847289,103,96,1413,2001.0,7332.0,0.0,0.039233,1.780659,IDN,GUY,8951
847290,222,96,1413,2001.0,7092.0,0.0,0.265201,-0.602807,TTO,GUY,8951
847291,231,96,1413,2001.0,79422.0,0.0,1.96615,-0.12332699999999999,USA,GUY,8951
847292,249,96,1413,2001.0,5825.0,0.0,1.7270020000000001,1.252843,TWN,GUY,8951
847293,7,97,1413,2001.0,0.0,521212.0,-0.217259,-0.613042,ARE,HKG,8951
847294,8,97,1413,2001.0,0.0,571181.0,0.11289,0.916845,ARG,HKG,8951
847295,14,97,1413,2001.0,67133.0,710537.0,-0.12189000000000001,0.7281770000000001,AUS,HKG,8951
847296,15,97,1413,2001.0,9741.0,57921.0,1.8987740000000002,0.45922700000000005,AUT,HKG,8951
847297,18,97,1413,2001.0,29924.0,354643.0,1.425483,1.3072409999999999,BEL,HKG,8951
847298,22,97,1413,2001.0,0.0,51188.0,-0.799988,-1.061584,BGD,HKG,8951
847299,23,97,1413,2001.0,0.0,17342.0,0.46429799999999993,1.7500380000000002,BGR,HKG,8951
847300,24,97,1413,2001.0,0.0,36419.0,-0.11648499999999999,-1.101653,BHR,HKG,8951
847301,25,97,1413,2001.0,0.0,1617.0,0.37464899999999995,-0.130024,BHS,HKG,8951
847302,31,97,1413,2001.0,0.0,35674.0,-0.614885,-0.5022770000000001,BOL,HKG,8951
847303,32,97,1413,2001.0,0.0,1249846.0,0.658473,1.328637,BRA,HKG,8951
847304,34,97,1413,2001.0,0.0,6964.0,-0.38253899999999996,-0.904789,BRN,HKG,8951
847305,39,97,1413,2001.0,14100.0,569685.0,0.8899729999999999,1.3778299999999999,CAN,HKG,8951
847306,41,97,1413,2001.0,45188.0,86134.0,2.161588,0.8069890000000001,CHE,HKG,8951
847307,42,97,1413,2001.0,0.0,492830.0,-0.148124,0.074033,CHL,HKG,8951
847308,43,97,1413,2001.0,37057600.0,1803405.0,0.535502,2.28778,CHN,HKG,8951
847309,49,97,1413,2001.0,0.0,299746.0,0.3378,0.479951,COL,HKG,8951
847310,52,97,1413,2001.0,0.0,130405.0,0.07408200000000001,0.126368,CRI,HKG,8951
847311,58,97,1413,2001.0,0.0,29077.0,0.30700500000000003,0.258726,CYP,HKG,8951
847312,59,97,1413,2001.0,0.0,172693.0,1.56908,0.860384,CZE,HKG,8951
847313,61,97,1413,2001.0,185115.0,484705.0,2.335872,-2.09875,DEU,HKG,8951
847314,64,97,1413,2001.0,7052.0,241872.0,1.356327,1.3288309999999999,DNK,HKG,8951
847315,65,97,1413,2001.0,0.0,9136.0,-0.55896,-0.517513,DOM,HKG,8951
847316,67,97,1413,2001.0,0.0,145544.0,-0.8668389999999999,-0.891943,ECU,HKG,8951
847317,68,97,1413,2001.0,0.0,221698.0,-0.346794,0.431229,EGY,HKG,8951
847318,71,97,1413,2001.0,2730.0,252000.0,1.1380350000000001,1.7870139999999999,ESP,HKG,8951
847319,72,97,1413,2001.0,0.0,75344.0,0.53422,0.9372790000000001,EST,HKG,8951
847320,74,97,1413,2001.0,0.0,785138.0,1.9661669999999998,1.000436,FIN,HKG,8951
847321,75,97,1413,2001.0,0.0,1362.0,-0.9144950000000001,-0.673283,FJI,HKG,8951
847322,77,97,1413,2001.0,176288.0,213441.0,1.6143809999999998,0.626221,FRA,HKG,8951
847323,81,97,1413,2001.0,394789.0,1597460.0,2.1068439999999997,0.658575,GBR,HKG,8951
847324,83,97,1413,2001.0,0.0,53404.0,-0.7818689999999999,-0.645878,GHA,HKG,8951
847325,90,97,1413,2001.0,0.0,62702.0,0.338607,1.506593,GRC,HKG,8951
847326,93,97,1413,2001.0,0.0,30552.0,-0.43618199999999996,0.135535,GTM,HKG,8951
847327,99,97,1413,2001.0,0.0,5034.0,-0.6886899999999999,-0.49161400000000005,HND,HKG,8951
847328,100,97,1413,2001.0,0.0,12082.0,0.6315729999999999,1.169338,HRV,HKG,8951
847329,102,97,1413,2001.0,2507.0,116965.0,1.069245,1.2217069999999999,HUN,HKG,8951
847330,103,97,1413,2001.0,30040.0,763524.0,0.039233,1.780659,IDN,HKG,8951
847331,104,97,1413,2001.0,0.0,580224.0,0.382444,2.538934,IND,HKG,8951
847332,106,97,1413,2001.0,0.0,31716.0,1.751955,0.210628,IRL,HKG,8951
847333,107,97,1413,2001.0,0.0,312252.0,-0.973691,-1.05654,IRN,HKG,8951
847334,109,97,1413,2001.0,0.0,1450.0,0.049756,-0.496962,ISL,HKG,8951
847335,110,97,1413,2001.0,2060.0,187032.0,1.17675,0.900401,ISR,HKG,8951
847336,111,97,1413,2001.0,302491.0,1179392.0,1.488545,0.8410610000000001,ITA,HKG,8951
847337,112,97,1413,2001.0,0.0,6862.0,-0.562839,-0.9381510000000001,JAM,HKG,8951
847338,113,97,1413,2001.0,0.0,23726.0,0.5404760000000001,0.8497170000000001,JOR,HKG,8951
847339,114,97,1413,2001.0,911632.0,287206.0,2.674032,0.445636,JPN,HKG,8951
847340,115,97,1413,2001.0,0.0,2942.0,-0.05773,-0.44668500000000005,KAZ,HKG,8951
847341,116,97,1413,2001.0,0.0,21460.0,-0.533651,0.072611,KEN,HKG,8951
847342,118,97,1413,2001.0,0.0,66110.0,-0.8596729999999999,-1.1214979999999999,KHM,HKG,8951
847343,121,97,1413,2001.0,397568.0,943527.0,1.436204,0.917057,KOR,HKG,8951
847344,122,97,1413,2001.0,0.0,11440.0,-0.695801,-1.225701,KWT,HKG,8951
847345,124,97,1413,2001.0,0.0,93358.0,0.09267,0.97731,LBN,HKG,8951
847346,128,97,1413,2001.0,0.0,95788.0,-0.43381000000000003,0.057630999999999995,LKA,HKG,8951
847347,130,97,1413,2001.0,0.0,31308.0,0.21069699999999997,0.720384,LTU,HKG,8951
847348,132,97,1413,2001.0,0.0,12224.0,0.31652600000000003,0.523927,LVA,HKG,8951
847349,133,97,1413,2001.0,53583.0,65032.0,-0.250517,-0.589391,MAC,HKG,8951
847350,134,97,1413,2001.0,0.0,22223.0,-0.616006,-0.340127,MAR,HKG,8951
847351,136,97,1413,2001.0,0.0,9768.0,-1.0624850000000001,-0.695873,MDG,HKG,8951
847352,138,97,1413,2001.0,0.0,731266.0,1.088661,0.680197,MEX,HKG,8951
847353,143,97,1413,2001.0,0.0,14234.0,-1.284563,-1.021743,MMR,HKG,8951
847354,151,97,1413,2001.0,0.0,75226.0,-0.304271,-0.589387,MUS,HKG,8951
847355,153,97,1413,2001.0,336609.0,3220726.0,0.894191,0.310677,MYS,HKG,8951
847356,157,97,1413,2001.0,0.0,1736.0,-0.674176,-0.627373,NER,HKG,8951
847357,159,97,1413,2001.0,0.0,38563.0,-1.9085759999999998,-1.335279,NGA,HKG,8951
847358,162,97,1413,2001.0,74639.0,480154.0,1.299569,1.487015,NLD,HKG,8951
847359,163,97,1413,2001.0,0.0,228514.0,0.542366,-0.180336,NOR,HKG,8951
847360,166,97,1413,2001.0,10502.0,200732.0,0.220307,0.689625,NZL,HKG,8951
847361,167,97,1413,2001.0,0.0,12093.0,-1.4727729999999999,-1.329588,OMN,HKG,8951
847362,168,97,1413,2001.0,0.0,276896.0,-0.741053,-0.41444,PAK,HKG,8951
847363,169,97,1413,2001.0,0.0,66313.0,0.17863800000000002,0.440159,PAN,HKG,8951
847364,173,97,1413,2001.0,0.0,154051.0,-0.318071,0.116602,PER,HKG,8951
847365,174,97,1413,2001.0,27639.0,915924.0,0.153601,-0.174218,PHL,HKG,8951
847366,176,97,1413,2001.0,0.0,16111.0,-1.2970270000000002,-1.1991209999999999,PNG,HKG,8951
847367,177,97,1413,2001.0,0.0,957822.0,0.983238,1.7436209999999999,POL,HKG,8951
847368,178,97,1413,2001.0,0.0,1881.0,0.7188640000000001,1.101559,PRK,HKG,8951
847369,179,97,1413,2001.0,0.0,114553.0,0.688736,1.326716,PRT,HKG,8951
847370,180,97,1413,2001.0,0.0,30807.0,-0.7430220000000001,-0.8668540000000001,PRY,HKG,8951
847371,183,97,1413,2001.0,0.0,26279.0,-0.282283,-1.136895,QAT,HKG,8951
847372,185,97,1413,2001.0,0.0,9247.0,0.465168,1.1029129999999998,ROU,HKG,8951
847373,186,97,1413,2001.0,0.0,265930.0,0.546271,0.195872,RUS,HKG,8951
847374,188,97,1413,2001.0,0.0,340286.0,0.078887,-0.9764430000000001,SAU,HKG,8951
847375,189,97,1413,2001.0,0.0,3128.0,0.38765,2.769588,SCG,HKG,8951
847376,190,97,1413,2001.0,0.0,17148.0,-1.7142950000000001,-1.341016,SDN,HKG,8951
847377,191,97,1413,2001.0,0.0,1066.0,-0.570156,-0.560573,SEN,HKG,8951
847378,192,97,1413,2001.0,837402.0,2174774.0,1.587064,0.639626,SGP,HKG,8951
847379,197,97,1413,2001.0,0.0,12690.0,-0.123958,-0.103849,SLV,HKG,8951
847380,206,97,1413,2001.0,0.0,4288.0,1.310591,1.195523,SVK,HKG,8951
847381,207,97,1413,2001.0,0.0,57581.0,1.488089,1.0928360000000001,SVN,HKG,8951
847382,208,97,1413,2001.0,31537.0,338788.0,2.01685,0.8233159999999999,SWE,HKG,8951
847383,212,97,1413,2001.0,0.0,32966.0,-1.138774,-0.839648,SYR,HKG,8951
847384,216,97,1413,2001.0,39562.0,374896.0,0.49264600000000003,1.493471,THA,HKG,8951
847385,222,97,1413,2001.0,0.0,12798.0,0.265201,-0.602807,TTO,HKG,8951
847386,223,97,1413,2001.0,0.0,2888.0,0.054524,0.26892699999999997,TUN,HKG,8951
847387,224,97,1413,2001.0,0.0,300175.0,0.168219,1.989011,TUR,HKG,8951
847388,226,97,1413,2001.0,0.0,9167.0,-1.227071,-0.489829,TZA,HKG,8951
847389,227,97,1413,2001.0,0.0,1650.0,-1.1823700000000001,-0.7738619999999999,UGA,HKG,8951
847390,228,97,1413,2001.0,0.0,61808.0,0.642888,1.267971,UKR,HKG,8951
847391,229,97,1413,2001.0,0.0,37714.0,0.22142699999999998,-0.32729899999999995,UMI,HKG,8951
847392,230,97,1413,2001.0,0.0,41483.0,0.192313,0.401841,URY,HKG,8951
847393,231,97,1413,2001.0,1126740.0,1700280.0,1.96615,-0.12332699999999999,USA,HKG,8951
847394,236,97,1413,2001.0,0.0,280519.0,-0.013877,-0.8582690000000001,VEN,HKG,8951
847395,239,97,1413,2001.0,0.0,85743.0,-0.533978,0.503988,VNM,HKG,8951
847396,242,97,1413,2001.0,0.0,3703.0,-0.45074200000000003,-0.7984439999999999,WSM,HKG,8951
847397,246,97,1413,2001.0,2965.0,1552708.0,0.249833,2.1142950000000003,ZAF,HKG,8951
847398,248,97,1413,2001.0,0.0,22724.0,-0.663155,-0.212796,ZWE,HKG,8951
847399,249,97,1413,2001.0,1569288.0,467412.0,1.7270020000000001,1.252843,TWN,HKG,8951
847400,1,103,1413,2001.0,0.0,3430.0,0.110694,-0.372979,AFG,IDN,8951
847401,7,103,1413,2001.0,0.0,28792.0,-0.217259,-0.613042,ARE,IDN,8951
847402,8,103,1413,2001.0,0.0,20293.0,0.11289,0.916845,ARG,IDN,8951
847403,14,103,1413,2001.0,28033.0,21038.0,-0.12189000000000001,0.7281770000000001,AUS,IDN,8951
847404,15,103,1413,2001.0,1711.0,3760.0,1.8987740000000002,0.45922700000000005,AUT,IDN,8951
847405,18,103,1413,2001.0,31080.0,1305.0,1.425483,1.3072409999999999,BEL,IDN,8951
847406,22,103,1413,2001.0,0.0,7091.0,-0.799988,-1.061584,BGD,IDN,8951
847407,23,103,1413,2001.0,0.0,1309.0,0.46429799999999993,1.7500380000000002,BGR,IDN,8951
847408,33,103,1413,2001.0,0.0,8759.0,0.418462,-0.020000999999999998,BRB,IDN,8951
847409,39,103,1413,2001.0,2203.0,0.0,0.8899729999999999,1.3778299999999999,CAN,IDN,8951
847410,41,103,1413,2001.0,1259.0,3391.0,2.161588,0.8069890000000001,CHE,IDN,8951
847411,43,103,1413,2001.0,2305891.0,0.0,0.535502,2.28778,CHN,IDN,8951
847412,49,103,1413,2001.0,0.0,1227.0,0.3378,0.479951,COL,IDN,8951
847413,58,103,1413,2001.0,0.0,1457.0,0.30700500000000003,0.258726,CYP,IDN,8951
847414,61,103,1413,2001.0,85627.0,64863.0,2.335872,-2.09875,DEU,IDN,8951
847415,64,103,1413,2001.0,0.0,135684.0,1.356327,1.3288309999999999,DNK,IDN,8951
847416,71,103,1413,2001.0,0.0,63187.0,1.1380350000000001,1.7870139999999999,ESP,IDN,8951
847417,74,103,1413,2001.0,0.0,25472.0,1.9661669999999998,1.000436,FIN,IDN,8951
847418,77,103,1413,2001.0,37313.0,136942.0,1.6143809999999998,0.626221,FRA,IDN,8951
847419,81,103,1413,2001.0,5076.0,1257813.0,2.1068439999999997,0.658575,GBR,IDN,8951
847420,90,103,1413,2001.0,0.0,3316.0,0.338607,1.506593,GRC,IDN,8951
847421,96,103,1413,2001.0,0.0,7332.0,-1.026002,-0.937657,GUY,IDN,8951
847422,97,103,1413,2001.0,763524.0,30040.0,0.639538,1.5157610000000001,HKG,IDN,8951
847423,104,103,1413,2001.0,10827.0,18075.0,0.382444,2.538934,IND,IDN,8951
847424,111,103,1413,2001.0,148899.0,654846.0,1.488545,0.8410610000000001,ITA,IDN,8951
847425,114,103,1413,2001.0,152600.0,361403.0,2.674032,0.445636,JPN,IDN,8951
847426,116,103,1413,2001.0,0.0,1682.0,-0.533651,0.072611,KEN,IDN,8951
847427,121,103,1413,2001.0,28289.0,23243.0,1.436204,0.917057,KOR,IDN,8951
847428,122,103,1413,2001.0,0.0,16181.0,-0.695801,-1.225701,KWT,IDN,8951
847429,128,103,1413,2001.0,0.0,2165.0,-0.43381000000000003,0.057630999999999995,LKA,IDN,8951
847430,138,103,1413,2001.0,0.0,1094.0,1.088661,0.680197,MEX,IDN,8951
847431,143,103,1413,2001.0,0.0,1609.0,-1.284563,-1.021743,MMR,IDN,8951
847432,153,103,1413,2001.0,151978.0,87253.0,0.894191,0.310677,MYS,IDN,8951
847433,159,103,1413,2001.0,0.0,1895.0,-1.9085759999999998,-1.335279,NGA,IDN,8951
847434,162,103,1413,2001.0,0.0,21066.0,1.299569,1.487015,NLD,IDN,8951
847435,163,103,1413,2001.0,0.0,2831.0,0.542366,-0.180336,NOR,IDN,8951
847436,174,103,1413,2001.0,0.0,1771.0,0.153601,-0.174218,PHL,IDN,8951
847437,179,103,1413,2001.0,0.0,5501.0,0.688736,1.326716,PRT,IDN,8951
847438,183,103,1413,2001.0,0.0,3290.0,-0.282283,-1.136895,QAT,IDN,8951
847439,185,103,1413,2001.0,0.0,1030.0,0.465168,1.1029129999999998,ROU,IDN,8951
847440,191,103,1413,2001.0,0.0,3974.0,-0.570156,-0.560573,SEN,IDN,8951
847441,192,103,1413,2001.0,234915.0,390964.0,1.587064,0.639626,SGP,IDN,8951
847442,208,103,1413,2001.0,3782636.0,19471.0,2.01685,0.8233159999999999,SWE,IDN,8951
847443,216,103,1413,2001.0,280928.0,82385.0,0.49264600000000003,1.493471,THA,IDN,8951
847444,220,103,1413,2001.0,0.0,27837.0,1.37046,-0.133382,TLS,IDN,8951
847445,226,103,1413,2001.0,0.0,13956.0,-1.227071,-0.489829,TZA,IDN,8951
847446,231,103,1413,2001.0,67855.0,210267.0,1.96615,-0.12332699999999999,USA,IDN,8951
847447,239,103,1413,2001.0,12439.0,0.0,-0.533978,0.503988,VNM,IDN,8951
847448,246,103,1413,2001.0,0.0,1279.0,0.249833,2.1142950000000003,ZAF,IDN,8951
847449,249,103,1413,2001.0,95669.0,35278.0,1.7270020000000001,1.252843,TWN,IDN,8951
847450,7,107,1413,2001.0,84446.0,346315.0,-0.217259,-0.613042,ARE,IRN,8951
847451,9,107,1413,2001.0,0.0,2755.0,0.62364,0.172704,ARM,IRN,8951
847452,15,107,1413,2001.0,0.0,48648.0,1.8987740000000002,0.45922700000000005,AUT,IRN,8951
847453,16,107,1413,2001.0,0.0,6396.0,-0.613283,-0.949908,AZE,IRN,8951
847454,24,107,1413,2001.0,0.0,3951.0,-0.11648499999999999,-1.101653,BHR,IRN,8951
847455,41,107,1413,2001.0,0.0,25898.0,2.161588,0.8069890000000001,CHE,IRN,8951
847456,43,107,1413,2001.0,292110.0,0.0,0.535502,2.28778,CHN,IRN,8951
847457,59,107,1413,2001.0,7820.0,4616.0,1.56908,0.860384,CZE,IRN,8951
847458,61,107,1413,2001.0,130766.0,0.0,2.335872,-2.09875,DEU,IRN,8951
847459,71,107,1413,2001.0,71091.0,0.0,1.1380350000000001,1.7870139999999999,ESP,IRN,8951
847460,77,107,1413,2001.0,0.0,4365.0,1.6143809999999998,0.626221,FRA,IRN,8951
847461,81,107,1413,2001.0,178597.0,5171.0,2.1068439999999997,0.658575,GBR,IRN,8951
847462,97,107,1413,2001.0,312252.0,0.0,0.639538,1.5157610000000001,HKG,IRN,8951
847463,104,107,1413,2001.0,31785.0,0.0,0.382444,2.538934,IND,IRN,8951
847464,108,107,1413,2001.0,39259.0,78393.0,-1.310484,-0.976435,IRQ,IRN,8951
847465,111,107,1413,2001.0,416097.0,11460.0,1.488545,0.8410610000000001,ITA,IRN,8951
847466,115,107,1413,2001.0,0.0,11574.0,-0.05773,-0.44668500000000005,KAZ,IRN,8951
847467,121,107,1413,2001.0,21937.0,0.0,1.436204,0.917057,KOR,IRN,8951
847468,122,107,1413,2001.0,0.0,98035.0,-0.695801,-1.225701,KWT,IRN,8951
847469,153,107,1413,2001.0,5466.0,0.0,0.894191,0.310677,MYS,IRN,8951
847470,162,107,1413,2001.0,60315.0,0.0,1.299569,1.487015,NLD,IRN,8951
847471,166,107,1413,2001.0,0.0,16966.0,0.220307,0.689625,NZL,IRN,8951
847472,167,107,1413,2001.0,0.0,47063.0,-1.4727729999999999,-1.329588,OMN,IRN,8951
847473,174,107,1413,2001.0,0.0,8614.0,0.153601,-0.174218,PHL,IRN,8951
847474,183,107,1413,2001.0,0.0,14331.0,-0.282283,-1.136895,QAT,IRN,8951
847475,188,107,1413,2001.0,0.0,38511.0,0.078887,-0.9764430000000001,SAU,IRN,8951
847476,192,107,1413,2001.0,44206.0,0.0,1.587064,0.639626,SGP,IRN,8951
847477,208,107,1413,2001.0,10289.0,0.0,2.01685,0.8233159999999999,SWE,IRN,8951
847478,217,107,1413,2001.0,0.0,2658.0,-0.6847770000000001,-1.076938,TJK,IRN,8951
847479,219,107,1413,2001.0,0.0,25658.0,-0.8917290000000001,-1.226342,TKM,IRN,8951
847480,224,107,1413,2001.0,15100.0,0.0,0.168219,1.989011,TUR,IRN,8951
847481,228,107,1413,2001.0,0.0,9457.0,0.642888,1.267971,UKR,IRN,8951
847482,231,107,1413,2001.0,0.0,1786.0,1.96615,-0.12332699999999999,USA,IRN,8951
847483,232,107,1413,2001.0,0.0,1738.0,-0.395015,-0.7717649999999999,UZB,IRN,8951
847484,249,107,1413,2001.0,64083.0,0.0,1.7270020000000001,1.252843,TWN,IRN,8951
847485,8,110,1413,2001.0,0.0,1310.0,0.11289,0.916845,ARG,ISR,8951
847486,15,110,1413,2001.0,84834.0,0.0,1.8987740000000002,0.45922700000000005,AUT,ISR,8951
847487,18,110,1413,2001.0,14779.0,0.0,1.425483,1.3072409999999999,BEL,ISR,8951
847488,32,110,1413,2001.0,4263.0,0.0,0.658473,1.328637,BRA,ISR,8951
847489,41,110,1413,2001.0,1453.0,14900.0,2.161588,0.8069890000000001,CHE,ISR,8951
847490,43,110,1413,2001.0,282819.0,0.0,0.535502,2.28778,CHN,ISR,8951
847491,58,110,1413,2001.0,0.0,7662.0,0.30700500000000003,0.258726,CYP,ISR,8951
847492,59,110,1413,2001.0,28940.0,0.0,1.56908,0.860384,CZE,ISR,8951
847493,61,110,1413,2001.0,71043.0,0.0,2.335872,-2.09875,DEU,ISR,8951
847494,64,110,1413,2001.0,1336.0,0.0,1.356327,1.3288309999999999,DNK,ISR,8951
847495,71,110,1413,2001.0,31499.0,6591.0,1.1380350000000001,1.7870139999999999,ESP,ISR,8951
847496,74,110,1413,2001.0,2890.0,0.0,1.9661669999999998,1.000436,FIN,ISR,8951
847497,77,110,1413,2001.0,195431.0,0.0,1.6143809999999998,0.626221,FRA,ISR,8951
847498,81,110,1413,2001.0,281624.0,278137.0,2.1068439999999997,0.658575,GBR,ISR,8951
847499,83,110,1413,2001.0,0.0,1692.0,-0.7818689999999999,-0.645878,GHA,ISR,8951
847500,97,110,1413,2001.0,187032.0,2060.0,0.639538,1.5157610000000001,HKG,ISR,8951
847501,102,110,1413,2001.0,24565.0,0.0,1.069245,1.2217069999999999,HUN,ISR,8951
847502,104,110,1413,2001.0,56567.0,0.0,0.382444,2.538934,IND,ISR,8951
847503,111,110,1413,2001.0,716458.0,0.0,1.488545,0.8410610000000001,ITA,ISR,8951
847504,114,110,1413,2001.0,40890.0,0.0,2.674032,0.445636,JPN,ISR,8951
847505,121,110,1413,2001.0,15863.0,0.0,1.436204,0.917057,KOR,ISR,8951
847506,162,110,1413,2001.0,551815.0,4898.0,1.299569,1.487015,NLD,ISR,8951
847507,186,110,1413,2001.0,0.0,1164.0,0.546271,0.195872,RUS,ISR,8951
847508,192,110,1413,2001.0,41718.0,0.0,1.587064,0.639626,SGP,ISR,8951
847509,207,110,1413,2001.0,249418.0,0.0,1.488089,1.0928360000000001,SVN,ISR,8951
847510,208,110,1413,2001.0,53526.0,0.0,2.01685,0.8233159999999999,SWE,ISR,8951
847511,216,110,1413,2001.0,11056.0,0.0,0.49264600000000003,1.493471,THA,ISR,8951
847512,224,110,1413,2001.0,53165.0,0.0,0.168219,1.989011,TUR,ISR,8951
847513,231,110,1413,2001.0,237649.0,1948.0,1.96615,-0.12332699999999999,USA,ISR,8951
847514,249,110,1413,2001.0,84385.0,1283.0,1.7270020000000001,1.252843,TWN,ISR,8951
847515,4,111,1413,2001.0,0.0,168722.0,-0.137138,0.120093,ALB,ITA,8951
847516,5,111,1413,2001.0,0.0,4813.0,0.874555,0.75456,AND,ITA,8951
847517,7,111,1413,2001.0,0.0,340864.0,-0.217259,-0.613042,ARE,ITA,8951
847518,8,111,1413,2001.0,0.0,94629.0,0.11289,0.916845,ARG,ITA,8951
847519,14,111,1413,2001.0,1132.0,664355.0,-0.12189000000000001,0.7281770000000001,AUS,ITA,8951
847520,15,111,1413,2001.0,1368829.0,1891262.0,1.8987740000000002,0.45922700000000005,AUT,ITA,8951
847521,18,111,1413,2001.0,34476.0,668114.0,1.425483,1.3072409999999999,BEL,ITA,8951
847522,23,111,1413,2001.0,0.0,93452.0,0.46429799999999993,1.7500380000000002,BGR,ITA,8951
847523,24,111,1413,2001.0,0.0,93397.0,-0.11648499999999999,-1.101653,BHR,ITA,8951
847524,28,111,1413,2001.0,0.0,1653.0,0.78008,1.232713,BLR,ITA,8951
847525,32,111,1413,2001.0,0.0,132572.0,0.658473,1.328637,BRA,ITA,8951
847526,39,111,1413,2001.0,11960.0,460108.0,0.8899729999999999,1.3778299999999999,CAN,ITA,8951
847527,41,111,1413,2001.0,37165.0,886829.0,2.161588,0.8069890000000001,CHE,ITA,8951
847528,42,111,1413,2001.0,0.0,8481.0,-0.148124,0.074033,CHL,ITA,8951
847529,43,111,1413,2001.0,2655887.0,133517.0,0.535502,2.28778,CHN,ITA,8951
847530,44,111,1413,2001.0,0.0,32246.0,-0.731178,-0.5734739999999999,CIV,ITA,8951
847531,45,111,1413,2001.0,0.0,39481.0,-1.4692049999999999,-1.251498,CMR,ITA,8951
847532,47,111,1413,2001.0,0.0,1872.0,-1.5108190000000001,-1.277465,COG,ITA,8951
847533,49,111,1413,2001.0,0.0,17655.0,0.3378,0.479951,COL,ITA,8951
847534,52,111,1413,2001.0,0.0,54018.0,0.07408200000000001,0.126368,CRI,ITA,8951
847535,54,111,1413,2001.0,0.0,21785.0,-0.889919,-1.137994,CUB,ITA,8951
847536,58,111,1413,2001.0,0.0,68765.0,0.30700500000000003,0.258726,CYP,ITA,8951
847537,59,111,1413,2001.0,21496.0,669025.0,1.56908,0.860384,CZE,ITA,8951
847538,61,111,1413,2001.0,2774332.0,5669825.0,2.335872,-2.09875,DEU,ITA,8951
847539,64,111,1413,2001.0,16766.0,289326.0,1.356327,1.3288309999999999,DNK,ITA,8951
847540,65,111,1413,2001.0,0.0,4632.0,-0.55896,-0.517513,DOM,ITA,8951
847541,66,111,1413,2001.0,0.0,163477.0,-0.9852559999999999,-1.245285,DZA,ITA,8951
847542,67,111,1413,2001.0,0.0,83044.0,-0.8668389999999999,-0.891943,ECU,ITA,8951
847543,68,111,1413,2001.0,0.0,594780.0,-0.346794,0.431229,EGY,ITA,8951
847544,71,111,1413,2001.0,394611.0,4021001.0,1.1380350000000001,1.7870139999999999,ESP,ITA,8951
847545,72,111,1413,2001.0,0.0,19438.0,0.53422,0.9372790000000001,EST,ITA,8951
847546,73,111,1413,2001.0,0.0,11917.0,-1.010637,-0.8893280000000001,ETH,ITA,8951
847547,74,111,1413,2001.0,3607.0,474505.0,1.9661669999999998,1.000436,FIN,ITA,8951
847548,77,111,1413,2001.0,700529.0,2380594.0,1.6143809999999998,0.626221,FRA,ITA,8951
847549,80,111,1413,2001.0,0.0,4513.0,-1.603078,-1.308825,GAB,ITA,8951
847550,81,111,1413,2001.0,477819.0,2523467.0,2.1068439999999997,0.658575,GBR,ITA,8951
847551,82,111,1413,2001.0,3985.0,0.0,0.063126,-0.285493,GEO,ITA,8951
847552,83,111,1413,2001.0,0.0,5228.0,-0.7818689999999999,-0.645878,GHA,ITA,8951
847553,90,111,1413,2001.0,459556.0,501212.0,0.338607,1.506593,GRC,ITA,8951
847554,93,111,1413,2001.0,0.0,24967.0,-0.43618199999999996,0.135535,GTM,ITA,8951
847555,97,111,1413,2001.0,1179392.0,302491.0,0.639538,1.5157610000000001,HKG,ITA,8951
847556,99,111,1413,2001.0,0.0,30206.0,-0.6886899999999999,-0.49161400000000005,HND,ITA,8951
847557,100,111,1413,2001.0,0.0,17084.0,0.6315729999999999,1.169338,HRV,ITA,8951
847558,102,111,1413,2001.0,76706.0,289194.0,1.069245,1.2217069999999999,HUN,ITA,8951
847559,103,111,1413,2001.0,654846.0,148899.0,0.039233,1.780659,IDN,ITA,8951
847560,104,111,1413,2001.0,211036.0,31835.0,0.382444,2.538934,IND,ITA,8951
847561,106,111,1413,2001.0,0.0,119700.0,1.751955,0.210628,IRL,ITA,8951
847562,107,111,1413,2001.0,11460.0,416097.0,-0.973691,-1.05654,IRN,ITA,8951
847563,109,111,1413,2001.0,0.0,8532.0,0.049756,-0.496962,ISL,ITA,8951
847564,110,111,1413,2001.0,0.0,716458.0,1.17675,0.900401,ISR,ITA,8951
847565,113,111,1413,2001.0,0.0,223358.0,0.5404760000000001,0.8497170000000001,JOR,ITA,8951
847566,114,111,1413,2001.0,221741.0,174079.0,2.674032,0.445636,JPN,ITA,8951
847567,116,111,1413,2001.0,0.0,17974.0,-0.533651,0.072611,KEN,ITA,8951
847568,121,111,1413,2001.0,136413.0,108856.0,1.436204,0.917057,KOR,ITA,8951
847569,122,111,1413,2001.0,0.0,155335.0,-0.695801,-1.225701,KWT,ITA,8951
847570,124,111,1413,2001.0,0.0,45570.0,0.09267,0.97731,LBN,ITA,8951
847571,126,111,1413,2001.0,0.0,91123.0,-0.9461450000000001,-1.242884,LBY,ITA,8951
847572,128,111,1413,2001.0,0.0,1569.0,-0.43381000000000003,0.057630999999999995,LKA,ITA,8951
847573,130,111,1413,2001.0,0.0,213387.0,0.21069699999999997,0.720384,LTU,ITA,8951
847574,131,111,1413,2001.0,0.0,20305.0,1.326753,1.2069530000000002,LUX,ITA,8951
847575,132,111,1413,2001.0,0.0,56576.0,0.31652600000000003,0.523927,LVA,ITA,8951
847576,134,111,1413,2001.0,0.0,238692.0,-0.616006,-0.340127,MAR,ITA,8951
847577,135,111,1413,2001.0,0.0,33727.0,0.12110699999999999,0.159706,MDA,ITA,8951
847578,138,111,1413,2001.0,8882.0,218558.0,1.088661,0.680197,MEX,ITA,8951
847579,140,111,1413,2001.0,0.0,26363.0,0.085844,0.413947,MKD,ITA,8951
847580,141,111,1413,2001.0,0.0,13241.0,-0.176802,-0.408531,MLI,ITA,8951
847581,142,111,1413,2001.0,2142.0,15904.0,1.048708,-0.04453,MLT,ITA,8951
847582,147,111,1413,2001.0,0.0,1162.0,-1.476933,-1.253628,MOZ,ITA,8951
847583,151,111,1413,2001.0,0.0,3008.0,-0.304271,-0.589387,MUS,ITA,8951
847584,153,111,1413,2001.0,15797.0,361389.0,0.894191,0.310677,MYS,ITA,8951
847585,156,111,1413,2001.0,0.0,1589.0,-0.523924,-0.9363049999999999,NCL,ITA,8951
847586,157,111,1413,2001.0,0.0,7122.0,-0.674176,-0.627373,NER,ITA,8951
847587,162,111,1413,2001.0,644221.0,2842866.0,1.299569,1.487015,NLD,ITA,8951
847588,163,111,1413,2001.0,2236.0,174250.0,0.542366,-0.180336,NOR,ITA,8951
847589,166,111,1413,2001.0,0.0,28215.0,0.220307,0.689625,NZL,ITA,8951
847590,167,111,1413,2001.0,0.0,41786.0,-1.4727729999999999,-1.329588,OMN,ITA,8951
847591,168,111,1413,2001.0,0.0,1154.0,-0.741053,-0.41444,PAK,ITA,8951
847592,169,111,1413,2001.0,0.0,3743.0,0.17863800000000002,0.440159,PAN,ITA,8951
847593,173,111,1413,2001.0,0.0,67596.0,-0.318071,0.116602,PER,ITA,8951
847594,174,111,1413,2001.0,0.0,9935.0,0.153601,-0.174218,PHL,ITA,8951
847595,177,111,1413,2001.0,2065.0,1044013.0,0.983238,1.7436209999999999,POL,ITA,8951
847596,179,111,1413,2001.0,37788.0,1197314.0,0.688736,1.326716,PRT,ITA,8951
847597,180,111,1413,2001.0,0.0,43516.0,-0.7430220000000001,-0.8668540000000001,PRY,ITA,8951
847598,182,111,1413,2001.0,0.0,2794.0,0.055376,-0.762668,PYF,ITA,8951
847599,183,111,1413,2001.0,0.0,99050.0,-0.282283,-1.136895,QAT,ITA,8951
847600,185,111,1413,2001.0,1123.0,363920.0,0.465168,1.1029129999999998,ROU,ITA,8951
847601,186,111,1413,2001.0,0.0,622688.0,0.546271,0.195872,RUS,ITA,8951
847602,188,111,1413,2001.0,0.0,1128280.0,0.078887,-0.9764430000000001,SAU,ITA,8951
847603,189,111,1413,2001.0,5464.0,34223.0,0.38765,2.769588,SCG,ITA,8951
847604,191,111,1413,2001.0,0.0,27062.0,-0.570156,-0.560573,SEN,ITA,8951
847605,192,111,1413,2001.0,18340.0,685171.0,1.587064,0.639626,SGP,ITA,8951
847606,197,111,1413,2001.0,0.0,2417.0,-0.123958,-0.103849,SLV,ITA,8951
847607,206,111,1413,2001.0,3329.0,109136.0,1.310591,1.195523,SVK,ITA,8951
847608,207,111,1413,2001.0,144419.0,127082.0,1.488089,1.0928360000000001,SVN,ITA,8951
847609,208,111,1413,2001.0,277973.0,296111.0,2.01685,0.8233159999999999,SWE,ITA,8951
847610,212,111,1413,2001.0,0.0,44440.0,-1.138774,-0.839648,SYR,ITA,8951
847611,216,111,1413,2001.0,79812.0,44912.0,0.49264600000000003,1.493471,THA,ITA,8951
847612,223,111,1413,2001.0,3376.0,395078.0,0.054524,0.26892699999999997,TUN,ITA,8951
847613,224,111,1413,2001.0,13123.0,195426.0,0.168219,1.989011,TUR,ITA,8951
847614,226,111,1413,2001.0,0.0,2690.0,-1.227071,-0.489829,TZA,ITA,8951
847615,228,111,1413,2001.0,0.0,14438.0,0.642888,1.267971,UKR,ITA,8951
847616,230,111,1413,2001.0,0.0,3432.0,0.192313,0.401841,URY,ITA,8951
847617,231,111,1413,2001.0,666197.0,1703170.0,1.96615,-0.12332699999999999,USA,ITA,8951
847618,236,111,1413,2001.0,0.0,54069.0,-0.013877,-0.8582690000000001,VEN,ITA,8951
847619,246,111,1413,2001.0,0.0,268696.0,0.249833,2.1142950000000003,ZAF,ITA,8951
847620,248,111,1413,2001.0,0.0,25864.0,-0.663155,-0.212796,ZWE,ITA,8951
847621,249,111,1413,2001.0,284652.0,68534.0,1.7270020000000001,1.252843,TWN,ITA,8951
847622,6,112,1413,2001.0,1087.0,0.0,-0.17823699999999998,-0.814499,ANT,JAM,8951
847623,39,112,1413,2001.0,62391.0,0.0,0.8899729999999999,1.3778299999999999,CAN,JAM,8951
847624,43,112,1413,2001.0,6056.0,0.0,0.535502,2.28778,CHN,JAM,8951
847625,49,112,1413,2001.0,7333.0,0.0,0.3378,0.479951,COL,JAM,8951
847626,65,112,1413,2001.0,0.0,1980.0,-0.55896,-0.517513,DOM,JAM,8951
847627,81,112,1413,2001.0,53308.0,0.0,2.1068439999999997,0.658575,GBR,JAM,8951
847628,97,112,1413,2001.0,6862.0,0.0,0.639538,1.5157610000000001,HKG,JAM,8951
847629,114,112,1413,2001.0,2579.0,0.0,2.674032,0.445636,JPN,JAM,8951
847630,121,112,1413,2001.0,27061.0,0.0,1.436204,0.917057,KOR,JAM,8951
847631,138,112,1413,2001.0,19514.0,0.0,1.088661,0.680197,MEX,JAM,8951
847632,169,112,1413,2001.0,1706.0,0.0,0.17863800000000002,0.440159,PAN,JAM,8951
847633,208,112,1413,2001.0,10145.0,0.0,2.01685,0.8233159999999999,SWE,JAM,8951
847634,222,112,1413,2001.0,71139.0,0.0,0.265201,-0.602807,TTO,JAM,8951
847635,231,112,1413,2001.0,342459.0,1151.0,1.96615,-0.12332699999999999,USA,JAM,8951
847636,249,112,1413,2001.0,47603.0,0.0,1.7270020000000001,1.252843,TWN,JAM,8951
847637,7,114,1413,2001.0,0.0,119092.0,-0.217259,-0.613042,ARE,JPN,8951
847638,8,114,1413,2001.0,0.0,6627.0,0.11289,0.916845,ARG,JPN,8951
847639,14,114,1413,2001.0,11488.0,467954.0,-0.12189000000000001,0.7281770000000001,AUS,JPN,8951
847640,15,114,1413,2001.0,294177.0,82794.0,1.8987740000000002,0.45922700000000005,AUT,JPN,8951
847641,18,114,1413,2001.0,8264.0,198713.0,1.425483,1.3072409999999999,BEL,JPN,8951
847642,22,114,1413,2001.0,0.0,2216.0,-0.799988,-1.061584,BGD,JPN,8951
847643,24,114,1413,2001.0,0.0,11592.0,-0.11648499999999999,-1.101653,BHR,JPN,8951
847644,31,114,1413,2001.0,0.0,3223.0,-0.614885,-0.5022770000000001,BOL,JPN,8951
847645,32,114,1413,2001.0,0.0,40172.0,0.658473,1.328637,BRA,JPN,8951
847646,33,114,1413,2001.0,0.0,1282.0,0.418462,-0.020000999999999998,BRB,JPN,8951
847647,34,114,1413,2001.0,0.0,2138.0,-0.38253899999999996,-0.904789,BRN,JPN,8951
847648,39,114,1413,2001.0,0.0,520725.0,0.8899729999999999,1.3778299999999999,CAN,JPN,8951
847649,41,114,1413,2001.0,54622.0,72919.0,2.161588,0.8069890000000001,CHE,JPN,8951
847650,42,114,1413,2001.0,0.0,7266.0,-0.148124,0.074033,CHL,JPN,8951
847651,43,114,1413,2001.0,10208976.0,321516.0,0.535502,2.28778,CHN,JPN,8951
847652,49,114,1413,2001.0,0.0,1632.0,0.3378,0.479951,COL,JPN,8951
847653,52,114,1413,2001.0,0.0,6244.0,0.07408200000000001,0.126368,CRI,JPN,8951
847654,54,114,1413,2001.0,0.0,1648.0,-0.889919,-1.137994,CUB,JPN,8951
847655,58,114,1413,2001.0,0.0,6668.0,0.30700500000000003,0.258726,CYP,JPN,8951
847656,59,114,1413,2001.0,0.0,33713.0,1.56908,0.860384,CZE,JPN,8951
847657,61,114,1413,2001.0,1023325.0,1161234.0,2.335872,-2.09875,DEU,JPN,8951
847658,64,114,1413,2001.0,23767.0,37788.0,1.356327,1.3288309999999999,DNK,JPN,8951
847659,65,114,1413,2001.0,0.0,12583.0,-0.55896,-0.517513,DOM,JPN,8951
847660,66,114,1413,2001.0,0.0,1576.0,-0.9852559999999999,-1.245285,DZA,JPN,8951
847661,67,114,1413,2001.0,0.0,9172.0,-0.8668389999999999,-0.891943,ECU,JPN,8951
847662,68,114,1413,2001.0,0.0,4664.0,-0.346794,0.431229,EGY,JPN,8951
847663,71,114,1413,2001.0,10430.0,180232.0,1.1380350000000001,1.7870139999999999,ESP,JPN,8951
847664,74,114,1413,2001.0,27548.0,43012.0,1.9661669999999998,1.000436,FIN,JPN,8951
847665,77,114,1413,2001.0,103856.0,428157.0,1.6143809999999998,0.626221,FRA,JPN,8951
847666,81,114,1413,2001.0,75396.0,434937.0,2.1068439999999997,0.658575,GBR,JPN,8951
847667,82,114,1413,2001.0,0.0,2378.0,0.063126,-0.285493,GEO,JPN,8951
847668,90,114,1413,2001.0,1302.0,77817.0,0.338607,1.506593,GRC,JPN,8951
847669,93,114,1413,2001.0,0.0,7574.0,-0.43618199999999996,0.135535,GTM,JPN,8951
847670,97,114,1413,2001.0,287206.0,911632.0,0.639538,1.5157610000000001,HKG,JPN,8951
847671,102,114,1413,2001.0,0.0,38993.0,1.069245,1.2217069999999999,HUN,JPN,8951
847672,103,114,1413,2001.0,361403.0,152600.0,0.039233,1.780659,IDN,JPN,8951
847673,104,114,1413,2001.0,115370.0,233558.0,0.382444,2.538934,IND,JPN,8951
847674,106,114,1413,2001.0,0.0,62005.0,1.751955,0.210628,IRL,JPN,8951
847675,109,114,1413,2001.0,0.0,2214.0,0.049756,-0.496962,ISL,JPN,8951
847676,110,114,1413,2001.0,0.0,40890.0,1.17675,0.900401,ISR,JPN,8951
847677,111,114,1413,2001.0,174079.0,221741.0,1.488545,0.8410610000000001,ITA,JPN,8951
847678,112,114,1413,2001.0,0.0,2579.0,-0.562839,-0.9381510000000001,JAM,JPN,8951
847679,115,114,1413,2001.0,0.0,1566.0,-0.05773,-0.44668500000000005,KAZ,JPN,8951
847680,118,114,1413,2001.0,0.0,2803.0,-0.8596729999999999,-1.1214979999999999,KHM,JPN,8951
847681,121,114,1413,2001.0,3387987.0,508271.0,1.436204,0.917057,KOR,JPN,8951
847682,122,114,1413,2001.0,0.0,12897.0,-0.695801,-1.225701,KWT,JPN,8951
847683,124,114,1413,2001.0,0.0,5747.0,0.09267,0.97731,LBN,JPN,8951
847684,128,114,1413,2001.0,0.0,38934.0,-0.43381000000000003,0.057630999999999995,LKA,JPN,8951
847685,132,114,1413,2001.0,0.0,1632.0,0.31652600000000003,0.523927,LVA,JPN,8951
847686,133,114,1413,2001.0,0.0,2723.0,-0.250517,-0.589391,MAC,JPN,8951
847687,136,114,1413,2001.0,0.0,1523.0,-1.0624850000000001,-0.695873,MDG,JPN,8951
847688,138,114,1413,2001.0,156358.0,79125.0,1.088661,0.680197,MEX,JPN,8951
847689,142,114,1413,2001.0,0.0,8408.0,1.048708,-0.04453,MLT,JPN,8951
847690,143,114,1413,2001.0,0.0,3443.0,-1.284563,-1.021743,MMR,JPN,8951
847691,153,114,1413,2001.0,4211116.0,205030.0,0.894191,0.310677,MYS,JPN,8951
847692,156,114,1413,2001.0,0.0,1075.0,-0.523924,-0.9363049999999999,NCL,JPN,8951
847693,160,114,1413,2001.0,0.0,1390.0,-0.865941,-0.617108,NIC,JPN,8951
847694,162,114,1413,2001.0,27466.0,5026874.0,1.299569,1.487015,NLD,JPN,8951
847695,163,114,1413,2001.0,0.0,63719.0,0.542366,-0.180336,NOR,JPN,8951
847696,164,114,1413,2001.0,0.0,7733.0,-0.34213699999999997,0.100496,NPL,JPN,8951
847697,166,114,1413,2001.0,0.0,69498.0,0.220307,0.689625,NZL,JPN,8951
847698,167,114,1413,2001.0,0.0,3174.0,-1.4727729999999999,-1.329588,OMN,JPN,8951
847699,168,114,1413,2001.0,0.0,40681.0,-0.741053,-0.41444,PAK,JPN,8951
847700,169,114,1413,2001.0,0.0,6689.0,0.17863800000000002,0.440159,PAN,JPN,8951
847701,173,114,1413,2001.0,0.0,4222.0,-0.318071,0.116602,PER,JPN,8951
847702,174,114,1413,2001.0,18643.0,232841.0,0.153601,-0.174218,PHL,JPN,8951
847703,176,114,1413,2001.0,0.0,2084.0,-1.2970270000000002,-1.1991209999999999,PNG,JPN,8951
847704,177,114,1413,2001.0,0.0,1399.0,0.983238,1.7436209999999999,POL,JPN,8951
847705,182,114,1413,2001.0,0.0,2069.0,0.055376,-0.762668,PYF,JPN,8951
847706,183,114,1413,2001.0,0.0,20335.0,-0.282283,-1.136895,QAT,JPN,8951
847707,186,114,1413,2001.0,0.0,15967.0,0.546271,0.195872,RUS,JPN,8951
847708,188,114,1413,2001.0,0.0,73532.0,0.078887,-0.9764430000000001,SAU,JPN,8951
847709,190,114,1413,2001.0,0.0,6076.0,-1.7142950000000001,-1.341016,SDN,JPN,8951
847710,192,114,1413,2001.0,770784.0,751910.0,1.587064,0.639626,SGP,JPN,8951
847711,197,114,1413,2001.0,0.0,9154.0,-0.123958,-0.103849,SLV,JPN,8951
847712,206,114,1413,2001.0,0.0,1344.0,1.310591,1.195523,SVK,JPN,8951
847713,207,114,1413,2001.0,0.0,7084.0,1.488089,1.0928360000000001,SVN,JPN,8951
847714,208,114,1413,2001.0,51030.0,165258.0,2.01685,0.8233159999999999,SWE,JPN,8951
847715,212,114,1413,2001.0,0.0,1963.0,-1.138774,-0.839648,SYR,JPN,8951
847716,216,114,1413,2001.0,456117.0,353457.0,0.49264600000000003,1.493471,THA,JPN,8951
847717,221,114,1413,2001.0,0.0,1016.0,-1.14535,-1.031814,TON,JPN,8951
847718,222,114,1413,2001.0,0.0,2263.0,0.265201,-0.602807,TTO,JPN,8951
847719,224,114,1413,2001.0,0.0,6845.0,0.168219,1.989011,TUR,JPN,8951
847720,230,114,1413,2001.0,0.0,6980.0,0.192313,0.401841,URY,JPN,8951
847721,231,114,1413,2001.0,2297246.0,10900222.0,1.96615,-0.12332699999999999,USA,JPN,8951
847722,236,114,1413,2001.0,0.0,14585.0,-0.013877,-0.8582690000000001,VEN,JPN,8951
847723,239,114,1413,2001.0,1149554.0,33981.0,-0.533978,0.503988,VNM,JPN,8951
847724,243,114,1413,2001.0,0.0,17195.0,-1.658584,-1.354606,YEM,JPN,8951
847725,246,114,1413,2001.0,0.0,63574.0,0.249833,2.1142950000000003,ZAF,JPN,8951
847726,249,114,1413,2001.0,2080080.0,329158.0,1.7270020000000001,1.252843,TWN,JPN,8951
847727,7,121,1413,2001.0,0.0,231636.0,-0.217259,-0.613042,ARE,KOR,8951
847728,8,121,1413,2001.0,0.0,9938.0,0.11289,0.916845,ARG,KOR,8951
847729,14,121,1413,2001.0,3636.0,101021.0,-0.12189000000000001,0.7281770000000001,AUS,KOR,8951
847730,15,121,1413,2001.0,26322.0,4920.0,1.8987740000000002,0.45922700000000005,AUT,KOR,8951
847731,18,121,1413,2001.0,3024.0,36595.0,1.425483,1.3072409999999999,BEL,KOR,8951
847732,22,121,1413,2001.0,0.0,5312.0,-0.799988,-1.061584,BGD,KOR,8951
847733,24,121,1413,2001.0,0.0,17472.0,-0.11648499999999999,-1.101653,BHR,KOR,8951
847734,31,121,1413,2001.0,0.0,3212.0,-0.614885,-0.5022770000000001,BOL,KOR,8951
847735,32,121,1413,2001.0,0.0,52767.0,0.658473,1.328637,BRA,KOR,8951
847736,34,121,1413,2001.0,0.0,2762.0,-0.38253899999999996,-0.904789,BRN,KOR,8951
847737,39,121,1413,2001.0,0.0,133563.0,0.8899729999999999,1.3778299999999999,CAN,KOR,8951
847738,41,121,1413,2001.0,1626.0,16621.0,2.161588,0.8069890000000001,CHE,KOR,8951
847739,42,121,1413,2001.0,0.0,7599.0,-0.148124,0.074033,CHL,KOR,8951
847740,43,121,1413,2001.0,1887469.0,103884.0,0.535502,2.28778,CHN,KOR,8951
847741,52,121,1413,2001.0,0.0,19168.0,0.07408200000000001,0.126368,CRI,KOR,8951
847742,54,121,1413,2001.0,0.0,31131.0,-0.889919,-1.137994,CUB,KOR,8951
847743,58,121,1413,2001.0,0.0,10823.0,0.30700500000000003,0.258726,CYP,KOR,8951
847744,61,121,1413,2001.0,3773.0,190190.0,2.335872,-2.09875,DEU,KOR,8951
847745,64,121,1413,2001.0,1799.0,199801.0,1.356327,1.3288309999999999,DNK,KOR,8951
847746,67,121,1413,2001.0,0.0,15988.0,-0.8668389999999999,-0.891943,ECU,KOR,8951
847747,68,121,1413,2001.0,0.0,97334.0,-0.346794,0.431229,EGY,KOR,8951
847748,71,121,1413,2001.0,16560.0,56032.0,1.1380350000000001,1.7870139999999999,ESP,KOR,8951
847749,74,121,1413,2001.0,0.0,12543.0,1.9661669999999998,1.000436,FIN,KOR,8951
847750,75,121,1413,2001.0,0.0,2657.0,-0.9144950000000001,-0.673283,FJI,KOR,8951
847751,77,121,1413,2001.0,124201.0,165254.0,1.6143809999999998,0.626221,FRA,KOR,8951
847752,81,121,1413,2001.0,75116.0,286256.0,2.1068439999999997,0.658575,GBR,KOR,8951
847753,90,121,1413,2001.0,0.0,43272.0,0.338607,1.506593,GRC,KOR,8951
847754,93,121,1413,2001.0,0.0,35987.0,-0.43618199999999996,0.135535,GTM,KOR,8951
847755,97,121,1413,2001.0,943527.0,397568.0,0.639538,1.5157610000000001,HKG,KOR,8951
847756,100,121,1413,2001.0,0.0,9915.0,0.6315729999999999,1.169338,HRV,KOR,8951
847757,102,121,1413,2001.0,0.0,10821.0,1.069245,1.2217069999999999,HUN,KOR,8951
847758,103,121,1413,2001.0,23243.0,28289.0,0.039233,1.780659,IDN,KOR,8951
847759,104,121,1413,2001.0,45608.0,15775.0,0.382444,2.538934,IND,KOR,8951
847760,106,121,1413,2001.0,0.0,23040.0,1.751955,0.210628,IRL,KOR,8951
847761,107,121,1413,2001.0,0.0,21937.0,-0.973691,-1.05654,IRN,KOR,8951
847762,110,121,1413,2001.0,0.0,15863.0,1.17675,0.900401,ISR,KOR,8951
847763,111,121,1413,2001.0,108856.0,136413.0,1.488545,0.8410610000000001,ITA,KOR,8951
847764,112,121,1413,2001.0,0.0,27061.0,-0.562839,-0.9381510000000001,JAM,KOR,8951
847765,113,121,1413,2001.0,0.0,15794.0,0.5404760000000001,0.8497170000000001,JOR,KOR,8951
847766,114,121,1413,2001.0,508271.0,3387987.0,2.674032,0.445636,JPN,KOR,8951
847767,115,121,1413,2001.0,0.0,18489.0,-0.05773,-0.44668500000000005,KAZ,KOR,8951
847768,116,121,1413,2001.0,0.0,1860.0,-0.533651,0.072611,KEN,KOR,8951
847769,122,121,1413,2001.0,0.0,67834.0,-0.695801,-1.225701,KWT,KOR,8951
847770,124,121,1413,2001.0,0.0,59021.0,0.09267,0.97731,LBN,KOR,8951
847771,128,121,1413,2001.0,0.0,29503.0,-0.43381000000000003,0.057630999999999995,LKA,KOR,8951
847772,134,121,1413,2001.0,0.0,6805.0,-0.616006,-0.340127,MAR,KOR,8951
847773,138,121,1413,2001.0,0.0,88103.0,1.088661,0.680197,MEX,KOR,8951
847774,143,121,1413,2001.0,0.0,3089.0,-1.284563,-1.021743,MMR,KOR,8951
847775,145,121,1413,2001.0,0.0,5876.0,-0.619765,-0.967515,MNG,KOR,8951
847776,146,121,1413,2001.0,0.0,1136.0,-0.295507,-0.8682780000000001,MNP,KOR,8951
847777,153,121,1413,2001.0,1540.0,210682.0,0.894191,0.310677,MYS,KOR,8951
847778,159,121,1413,2001.0,0.0,2984.0,-1.9085759999999998,-1.335279,NGA,KOR,8951
847779,162,121,1413,2001.0,16447.0,50327.0,1.299569,1.487015,NLD,KOR,8951
847780,163,121,1413,2001.0,0.0,7612.0,0.542366,-0.180336,NOR,KOR,8951
847781,166,121,1413,2001.0,6634.0,113024.0,0.220307,0.689625,NZL,KOR,8951
847782,168,121,1413,2001.0,0.0,59450.0,-0.741053,-0.41444,PAK,KOR,8951
847783,169,121,1413,2001.0,0.0,45962.0,0.17863800000000002,0.440159,PAN,KOR,8951
847784,174,121,1413,2001.0,0.0,165466.0,0.153601,-0.174218,PHL,KOR,8951
847785,183,121,1413,2001.0,0.0,3617.0,-0.282283,-1.136895,QAT,KOR,8951
847786,185,121,1413,2001.0,0.0,3636.0,0.465168,1.1029129999999998,ROU,KOR,8951
847787,186,121,1413,2001.0,0.0,64498.0,0.546271,0.195872,RUS,KOR,8951
847788,188,121,1413,2001.0,0.0,235891.0,0.078887,-0.9764430000000001,SAU,KOR,8951
847789,190,121,1413,2001.0,0.0,14397.0,-1.7142950000000001,-1.341016,SDN,KOR,8951
847790,192,121,1413,2001.0,112932.0,112873.0,1.587064,0.639626,SGP,KOR,8951
847791,206,121,1413,2001.0,0.0,6626.0,1.310591,1.195523,SVK,KOR,8951
847792,207,121,1413,2001.0,0.0,18278.0,1.488089,1.0928360000000001,SVN,KOR,8951
847793,208,121,1413,2001.0,18754.0,59472.0,2.01685,0.8233159999999999,SWE,KOR,8951
847794,212,121,1413,2001.0,0.0,3803.0,-1.138774,-0.839648,SYR,KOR,8951
847795,216,121,1413,2001.0,2811.0,25214.0,0.49264600000000003,1.493471,THA,KOR,8951
847796,222,121,1413,2001.0,0.0,8560.0,0.265201,-0.602807,TTO,KOR,8951
847797,224,121,1413,2001.0,0.0,21123.0,0.168219,1.989011,TUR,KOR,8951
847798,226,121,1413,2001.0,0.0,2457.0,-1.227071,-0.489829,TZA,KOR,8951
847799,230,121,1413,2001.0,0.0,6793.0,0.192313,0.401841,URY,KOR,8951
847800,231,121,1413,2001.0,99010.0,2653255.0,1.96615,-0.12332699999999999,USA,KOR,8951
847801,236,121,1413,2001.0,0.0,180644.0,-0.013877,-0.8582690000000001,VEN,KOR,8951
847802,239,121,1413,2001.0,0.0,12552.0,-0.533978,0.503988,VNM,KOR,8951
847803,246,121,1413,2001.0,0.0,32709.0,0.249833,2.1142950000000003,ZAF,KOR,8951
847804,249,121,1413,2001.0,191545.0,46773.0,1.7270020000000001,1.252843,TWN,KOR,8951
847805,250,121,1413,2001.0,0.0,106691.0,0.947105,-0.529946,ANS,KOR,8951
847806,7,124,1413,2001.0,3180.0,0.0,-0.217259,-0.613042,ARE,LBN,8951
847807,15,124,1413,2001.0,3503.0,0.0,1.8987740000000002,0.45922700000000005,AUT,LBN,8951
847808,18,124,1413,2001.0,1512.0,0.0,1.425483,1.3072409999999999,BEL,LBN,8951
847809,24,124,1413,2001.0,0.0,8374.0,-0.11648499999999999,-1.101653,BHR,LBN,8951
847810,43,124,1413,2001.0,99702.0,0.0,0.535502,2.28778,CHN,LBN,8951
847811,59,124,1413,2001.0,1616.0,0.0,1.56908,0.860384,CZE,LBN,8951
847812,61,124,1413,2001.0,60805.0,0.0,2.335872,-2.09875,DEU,LBN,8951
847813,66,124,1413,2001.0,0.0,5045.0,-0.9852559999999999,-1.245285,DZA,LBN,8951
847814,71,124,1413,2001.0,2527.0,0.0,1.1380350000000001,1.7870139999999999,ESP,LBN,8951
847815,77,124,1413,2001.0,20901.0,1616.0,1.6143809999999998,0.626221,FRA,LBN,8951
847816,81,124,1413,2001.0,47167.0,0.0,2.1068439999999997,0.658575,GBR,LBN,8951
847817,97,124,1413,2001.0,93358.0,0.0,0.639538,1.5157610000000001,HKG,LBN,8951
847818,104,124,1413,2001.0,21515.0,0.0,0.382444,2.538934,IND,LBN,8951
847819,111,124,1413,2001.0,45570.0,0.0,1.488545,0.8410610000000001,ITA,LBN,8951
847820,114,124,1413,2001.0,5747.0,0.0,2.674032,0.445636,JPN,LBN,8951
847821,121,124,1413,2001.0,59021.0,0.0,1.436204,0.917057,KOR,LBN,8951
847822,162,124,1413,2001.0,91775.0,0.0,1.299569,1.487015,NLD,LBN,8951
847823,166,124,1413,2001.0,2622.0,0.0,0.220307,0.689625,NZL,LBN,8951
847824,178,124,1413,2001.0,10614.0,0.0,0.7188640000000001,1.101559,PRK,LBN,8951
847825,208,124,1413,2001.0,5338.0,0.0,2.01685,0.8233159999999999,SWE,LBN,8951
847826,216,124,1413,2001.0,21917.0,0.0,0.49264600000000003,1.493471,THA,LBN,8951
847827,224,124,1413,2001.0,11258.0,0.0,0.168219,1.989011,TUR,LBN,8951
847828,231,124,1413,2001.0,33161.0,0.0,1.96615,-0.12332699999999999,USA,LBN,8951
847829,239,124,1413,2001.0,1172.0,0.0,-0.533978,0.503988,VNM,LBN,8951
847830,249,124,1413,2001.0,43585.0,0.0,1.7270020000000001,1.252843,TWN,LBN,8951
847831,8,138,1413,2001.0,10236.0,7721.0,0.11289,0.916845,ARG,MEX,8951
847832,14,138,1413,2001.0,1052.0,9752.0,-0.12189000000000001,0.7281770000000001,AUS,MEX,8951
847833,15,138,1413,2001.0,14824.0,0.0,1.8987740000000002,0.45922700000000005,AUT,MEX,8951
847834,18,138,1413,2001.0,4783.0,25240.0,1.425483,1.3072409999999999,BEL,MEX,8951
847835,31,138,1413,2001.0,0.0,45020.0,-0.614885,-0.5022770000000001,BOL,MEX,8951
847836,32,138,1413,2001.0,22057.0,36576.0,0.658473,1.328637,BRA,MEX,8951
847837,33,138,1413,2001.0,0.0,2650.0,0.418462,-0.020000999999999998,BRB,MEX,8951
847838,39,138,1413,2001.0,51590.0,628863.0,0.8899729999999999,1.3778299999999999,CAN,MEX,8951
847839,41,138,1413,2001.0,15527.0,0.0,2.161588,0.8069890000000001,CHE,MEX,8951
847840,42,138,1413,2001.0,0.0,59179.0,-0.148124,0.074033,CHL,MEX,8951
847841,43,138,1413,2001.0,2150886.0,0.0,0.535502,2.28778,CHN,MEX,8951
847842,49,138,1413,2001.0,54312.0,10172.0,0.3378,0.479951,COL,MEX,8951
847843,52,138,1413,2001.0,12644.0,59356.0,0.07408200000000001,0.126368,CRI,MEX,8951
847844,54,138,1413,2001.0,0.0,48298.0,-0.889919,-1.137994,CUB,MEX,8951
847845,59,138,1413,2001.0,0.0,4568.0,1.56908,0.860384,CZE,MEX,8951
847846,61,138,1413,2001.0,126298.0,64089.0,2.335872,-2.09875,DEU,MEX,8951
847847,64,138,1413,2001.0,10510.0,5410.0,1.356327,1.3288309999999999,DNK,MEX,8951
847848,65,138,1413,2001.0,36683.0,81976.0,-0.55896,-0.517513,DOM,MEX,8951
847849,67,138,1413,2001.0,0.0,8264.0,-0.8668389999999999,-0.891943,ECU,MEX,8951
847850,71,138,1413,2001.0,87860.0,1327.0,1.1380350000000001,1.7870139999999999,ESP,MEX,8951
847851,77,138,1413,2001.0,21015.0,0.0,1.6143809999999998,0.626221,FRA,MEX,8951
847852,81,138,1413,2001.0,86067.0,54616.0,2.1068439999999997,0.658575,GBR,MEX,8951
847853,93,138,1413,2001.0,0.0,304951.0,-0.43618199999999996,0.135535,GTM,MEX,8951
847854,97,138,1413,2001.0,731266.0,0.0,0.639538,1.5157610000000001,HKG,MEX,8951
847855,99,138,1413,2001.0,0.0,65768.0,-0.6886899999999999,-0.49161400000000005,HND,MEX,8951
847856,103,138,1413,2001.0,1094.0,0.0,0.039233,1.780659,IDN,MEX,8951
847857,104,138,1413,2001.0,1669.0,0.0,0.382444,2.538934,IND,MEX,8951
847858,106,138,1413,2001.0,1455.0,0.0,1.751955,0.210628,IRL,MEX,8951
847859,111,138,1413,2001.0,218558.0,8882.0,1.488545,0.8410610000000001,ITA,MEX,8951
847860,112,138,1413,2001.0,0.0,19514.0,-0.562839,-0.9381510000000001,JAM,MEX,8951
847861,114,138,1413,2001.0,79125.0,156358.0,2.674032,0.445636,JPN,MEX,8951
847862,121,138,1413,2001.0,88103.0,0.0,1.436204,0.917057,KOR,MEX,8951
847863,153,138,1413,2001.0,12653.0,1836.0,0.894191,0.310677,MYS,MEX,8951
847864,160,138,1413,2001.0,0.0,73192.0,-0.865941,-0.617108,NIC,MEX,8951
847865,162,138,1413,2001.0,57185.0,0.0,1.299569,1.487015,NLD,MEX,8951
847866,166,138,1413,2001.0,0.0,44103.0,0.220307,0.689625,NZL,MEX,8951
847867,168,138,1413,2001.0,12224.0,0.0,-0.741053,-0.41444,PAK,MEX,8951
847868,169,138,1413,2001.0,0.0,145141.0,0.17863800000000002,0.440159,PAN,MEX,8951
847869,173,138,1413,2001.0,0.0,8611.0,-0.318071,0.116602,PER,MEX,8951
847870,174,138,1413,2001.0,1658.0,0.0,0.153601,-0.174218,PHL,MEX,8951
847871,185,138,1413,2001.0,0.0,7516.0,0.465168,1.1029129999999998,ROU,MEX,8951
847872,192,138,1413,2001.0,8239.0,0.0,1.587064,0.639626,SGP,MEX,8951
847873,197,138,1413,2001.0,0.0,90981.0,-0.123958,-0.103849,SLV,MEX,8951
847874,208,138,1413,2001.0,32300.0,0.0,2.01685,0.8233159999999999,SWE,MEX,8951
847875,216,138,1413,2001.0,2452.0,0.0,0.49264600000000003,1.493471,THA,MEX,8951
847876,230,138,1413,2001.0,0.0,2174.0,0.192313,0.401841,URY,MEX,8951
847877,231,138,1413,2001.0,11091848.0,7943162.0,1.96615,-0.12332699999999999,USA,MEX,8951
847878,236,138,1413,2001.0,19798.0,23809.0,-0.013877,-0.8582690000000001,VEN,MEX,8951
847879,246,138,1413,2001.0,1714.0,0.0,0.249833,2.1142950000000003,ZAF,MEX,8951
847880,249,138,1413,2001.0,277906.0,0.0,1.7270020000000001,1.252843,TWN,MEX,8951
847881,250,138,1413,2001.0,3157.0,9372.0,0.947105,-0.529946,ANS,MEX,8951
847882,14,159,1413,2001.0,2005.0,0.0,-0.12189000000000001,0.7281770000000001,AUS,NGA,8951
847883,18,159,1413,2001.0,7327.0,0.0,1.425483,1.3072409999999999,BEL,NGA,8951
847884,41,159,1413,2001.0,7661.0,0.0,2.161588,0.8069890000000001,CHE,NGA,8951
847885,43,159,1413,2001.0,168838.0,0.0,0.535502,2.28778,CHN,NGA,8951
847886,61,159,1413,2001.0,24108.0,0.0,2.335872,-2.09875,DEU,NGA,8951
847887,77,159,1413,2001.0,41108.0,0.0,1.6143809999999998,0.626221,FRA,NGA,8951
847888,81,159,1413,2001.0,244705.0,0.0,2.1068439999999997,0.658575,GBR,NGA,8951
847889,97,159,1413,2001.0,38563.0,0.0,0.639538,1.5157610000000001,HKG,NGA,8951
847890,103,159,1413,2001.0,1895.0,0.0,0.039233,1.780659,IDN,NGA,8951
847891,104,159,1413,2001.0,8744.0,0.0,0.382444,2.538934,IND,NGA,8951
847892,121,159,1413,2001.0,2984.0,0.0,1.436204,0.917057,KOR,NGA,8951
847893,162,159,1413,2001.0,55237.0,0.0,1.299569,1.487015,NLD,NGA,8951
847894,163,159,1413,2001.0,252294.0,0.0,0.542366,-0.180336,NOR,NGA,8951
847895,192,159,1413,2001.0,8166.0,0.0,1.587064,0.639626,SGP,NGA,8951
847896,231,159,1413,2001.0,39587.0,0.0,1.96615,-0.12332699999999999,USA,NGA,8951
847897,243,159,1413,2001.0,4131.0,0.0,-1.658584,-1.354606,YEM,NGA,8951
847898,246,159,1413,2001.0,22925.0,0.0,0.249833,2.1142950000000003,ZAF,NGA,8951
847899,249,159,1413,2001.0,4518.0,0.0,1.7270020000000001,1.252843,TWN,NGA,8951
847900,41,160,1413,2001.0,1030.0,0.0,2.161588,0.8069890000000001,CHE,NIC,8951
847901,43,160,1413,2001.0,12019.0,0.0,0.535502,2.28778,CHN,NIC,8951
847902,52,160,1413,2001.0,33059.0,0.0,0.07408200000000001,0.126368,CRI,NIC,8951
847903,71,160,1413,2001.0,12810.0,0.0,1.1380350000000001,1.7870139999999999,ESP,NIC,8951
847904,93,160,1413,2001.0,2693.0,0.0,-0.43618199999999996,0.135535,GTM,NIC,8951
847905,114,160,1413,2001.0,1390.0,0.0,2.674032,0.445636,JPN,NIC,8951
847906,138,160,1413,2001.0,73192.0,0.0,1.088661,0.680197,MEX,NIC,8951
847907,169,160,1413,2001.0,9807.0,0.0,0.17863800000000002,0.440159,PAN,NIC,8951
847908,197,160,1413,2001.0,3496.0,0.0,-0.123958,-0.103849,SLV,NIC,8951
847909,231,160,1413,2001.0,109219.0,0.0,1.96615,-0.12332699999999999,USA,NIC,8951
847910,249,160,1413,2001.0,6659.0,0.0,1.7270020000000001,1.252843,TWN,NIC,8951
847911,250,160,1413,2001.0,2132.0,0.0,0.947105,-0.529946,ANS,NIC,8951
847912,0,162,1413,2001.0,0.0,5385.0,-0.500051,-0.8763299999999999,ABW,NLD,8951
847913,6,162,1413,2001.0,0.0,6279.0,-0.17823699999999998,-0.814499,ANT,NLD,8951
847914,7,162,1413,2001.0,0.0,40267.0,-0.217259,-0.613042,ARE,NLD,8951
847915,8,162,1413,2001.0,5911.0,2492.0,0.11289,0.916845,ARG,NLD,8951
847916,14,162,1413,2001.0,6227.0,212955.0,-0.12189000000000001,0.7281770000000001,AUS,NLD,8951
847917,15,162,1413,2001.0,229927.0,642068.0,1.8987740000000002,0.45922700000000005,AUT,NLD,8951
847918,18,162,1413,2001.0,3089679.0,3054630.0,1.425483,1.3072409999999999,BEL,NLD,8951
847919,23,162,1413,2001.0,0.0,4099.0,0.46429799999999993,1.7500380000000002,BGR,NLD,8951
847920,24,162,1413,2001.0,0.0,3386.0,-0.11648499999999999,-1.101653,BHR,NLD,8951
847921,25,162,1413,2001.0,0.0,10600.0,0.37464899999999995,-0.130024,BHS,NLD,8951
847922,32,162,1413,2001.0,0.0,93392.0,0.658473,1.328637,BRA,NLD,8951
847923,34,162,1413,2001.0,0.0,3892.0,-0.38253899999999996,-0.904789,BRN,NLD,8951
847924,39,162,1413,2001.0,6954.0,140196.0,0.8899729999999999,1.3778299999999999,CAN,NLD,8951
847925,41,162,1413,2001.0,21071.0,537606.0,2.161588,0.8069890000000001,CHE,NLD,8951
847926,43,162,1413,2001.0,2722154.0,24997.0,0.535502,2.28778,CHN,NLD,8951
847927,52,162,1413,2001.0,0.0,16015.0,0.07408200000000001,0.126368,CRI,NLD,8951
847928,54,162,1413,2001.0,0.0,5566.0,-0.889919,-1.137994,CUB,NLD,8951
847929,58,162,1413,2001.0,0.0,39714.0,0.30700500000000003,0.258726,CYP,NLD,8951
847930,59,162,1413,2001.0,41814.0,467169.0,1.56908,0.860384,CZE,NLD,8951
847931,61,162,1413,2001.0,5156528.0,6215412.0,2.335872,-2.09875,DEU,NLD,8951
847932,64,162,1413,2001.0,192152.0,781140.0,1.356327,1.3288309999999999,DNK,NLD,8951
847933,67,162,1413,2001.0,0.0,3767.0,-0.8668389999999999,-0.891943,ECU,NLD,8951
847934,68,162,1413,2001.0,0.0,14644.0,-0.346794,0.431229,EGY,NLD,8951
847935,71,162,1413,2001.0,373103.0,555291.0,1.1380350000000001,1.7870139999999999,ESP,NLD,8951
847936,72,162,1413,2001.0,0.0,4786.0,0.53422,0.9372790000000001,EST,NLD,8951
847937,73,162,1413,2001.0,0.0,2421.0,-1.010637,-0.8893280000000001,ETH,NLD,8951
847938,74,162,1413,2001.0,33455.0,690275.0,1.9661669999999998,1.000436,FIN,NLD,8951
847939,77,162,1413,2001.0,976821.0,3953517.0,1.6143809999999998,0.626221,FRA,NLD,8951
847940,80,162,1413,2001.0,0.0,1252.0,-1.603078,-1.308825,GAB,NLD,8951
847941,81,162,1413,2001.0,829030.0,5873490.0,2.1068439999999997,0.658575,GBR,NLD,8951
847942,82,162,1413,2001.0,0.0,9472.0,0.063126,-0.285493,GEO,NLD,8951
847943,83,162,1413,2001.0,0.0,1185.0,-0.7818689999999999,-0.645878,GHA,NLD,8951
847944,84,162,1413,2001.0,0.0,2691.0,0.720621,-0.320641,GIB,NLD,8951
847945,87,162,1413,2001.0,0.0,1277.0,0.161174,-0.019187,GMB,NLD,8951
847946,90,162,1413,2001.0,0.0,153585.0,0.338607,1.506593,GRC,NLD,8951
847947,93,162,1413,2001.0,0.0,5427.0,-0.43618199999999996,0.135535,GTM,NLD,8951
847948,97,162,1413,2001.0,480154.0,74639.0,0.639538,1.5157610000000001,HKG,NLD,8951
847949,100,162,1413,2001.0,0.0,4944.0,0.6315729999999999,1.169338,HRV,NLD,8951
847950,102,162,1413,2001.0,0.0,78356.0,1.069245,1.2217069999999999,HUN,NLD,8951
847951,103,162,1413,2001.0,21066.0,0.0,0.039233,1.780659,IDN,NLD,8951
847952,104,162,1413,2001.0,2732709.0,14734.0,0.382444,2.538934,IND,NLD,8951
847953,106,162,1413,2001.0,0.0,121565.0,1.751955,0.210628,IRL,NLD,8951
847954,107,162,1413,2001.0,0.0,60315.0,-0.973691,-1.05654,IRN,NLD,8951
847955,109,162,1413,2001.0,0.0,31379.0,0.049756,-0.496962,ISL,NLD,8951
847956,110,162,1413,2001.0,4898.0,551815.0,1.17675,0.900401,ISR,NLD,8951
847957,111,162,1413,2001.0,2842866.0,644221.0,1.488545,0.8410610000000001,ITA,NLD,8951
847958,113,162,1413,2001.0,0.0,14564.0,0.5404760000000001,0.8497170000000001,JOR,NLD,8951
847959,114,162,1413,2001.0,5026874.0,27466.0,2.674032,0.445636,JPN,NLD,8951
847960,115,162,1413,2001.0,0.0,4635.0,-0.05773,-0.44668500000000005,KAZ,NLD,8951
847961,116,162,1413,2001.0,0.0,39726.0,-0.533651,0.072611,KEN,NLD,8951
847962,117,162,1413,2001.0,0.0,1336.0,0.125827,0.431141,KGZ,NLD,8951
847963,121,162,1413,2001.0,50327.0,16447.0,1.436204,0.917057,KOR,NLD,8951
847964,122,162,1413,2001.0,0.0,39629.0,-0.695801,-1.225701,KWT,NLD,8951
847965,124,162,1413,2001.0,0.0,91775.0,0.09267,0.97731,LBN,NLD,8951
847966,130,162,1413,2001.0,0.0,28965.0,0.21069699999999997,0.720384,LTU,NLD,8951
847967,131,162,1413,2001.0,4507.0,21183.0,1.326753,1.2069530000000002,LUX,NLD,8951
847968,132,162,1413,2001.0,0.0,36991.0,0.31652600000000003,0.523927,LVA,NLD,8951
847969,134,162,1413,2001.0,0.0,70328.0,-0.616006,-0.340127,MAR,NLD,8951
847970,138,162,1413,2001.0,0.0,57185.0,1.088661,0.680197,MEX,NLD,8951
847971,141,162,1413,2001.0,0.0,1171.0,-0.176802,-0.408531,MLI,NLD,8951
847972,151,162,1413,2001.0,0.0,8285.0,-0.304271,-0.589387,MUS,NLD,8951
847973,153,162,1413,2001.0,102758.0,11372.0,0.894191,0.310677,MYS,NLD,8951
847974,159,162,1413,2001.0,0.0,55237.0,-1.9085759999999998,-1.335279,NGA,NLD,8951
847975,163,162,1413,2001.0,9786.0,207419.0,0.542366,-0.180336,NOR,NLD,8951
847976,166,162,1413,2001.0,0.0,32891.0,0.220307,0.689625,NZL,NLD,8951
847977,167,162,1413,2001.0,0.0,6092.0,-1.4727729999999999,-1.329588,OMN,NLD,8951
847978,168,162,1413,2001.0,0.0,17027.0,-0.741053,-0.41444,PAK,NLD,8951
847979,169,162,1413,2001.0,0.0,16060.0,0.17863800000000002,0.440159,PAN,NLD,8951
847980,173,162,1413,2001.0,0.0,1032.0,-0.318071,0.116602,PER,NLD,8951
847981,174,162,1413,2001.0,0.0,5458.0,0.153601,-0.174218,PHL,NLD,8951
847982,177,162,1413,2001.0,0.0,484799.0,0.983238,1.7436209999999999,POL,NLD,8951
847983,179,162,1413,2001.0,4152.0,222897.0,0.688736,1.326716,PRT,NLD,8951
847984,183,162,1413,2001.0,0.0,4911.0,-0.282283,-1.136895,QAT,NLD,8951
847985,185,162,1413,2001.0,27840.0,7446.0,0.465168,1.1029129999999998,ROU,NLD,8951
847986,186,162,1413,2001.0,0.0,418828.0,0.546271,0.195872,RUS,NLD,8951
847987,187,162,1413,2001.0,0.0,1626.0,-1.043415,-0.9686870000000001,RWA,NLD,8951
847988,188,162,1413,2001.0,0.0,8146.0,0.078887,-0.9764430000000001,SAU,NLD,8951
847989,189,162,1413,2001.0,0.0,3571.0,0.38765,2.769588,SCG,NLD,8951
847990,192,162,1413,2001.0,31680.0,126655.0,1.587064,0.639626,SGP,NLD,8951
847991,197,162,1413,2001.0,0.0,8228.0,-0.123958,-0.103849,SLV,NLD,8951
847992,205,162,1413,2001.0,0.0,10047.0,-0.7622359999999999,-0.790158,SUR,NLD,8951
847993,206,162,1413,2001.0,347296.0,22887.0,1.310591,1.195523,SVK,NLD,8951
847994,207,162,1413,2001.0,11273.0,9026.0,1.488089,1.0928360000000001,SVN,NLD,8951
847995,208,162,1413,2001.0,1536673.0,750892.0,2.01685,0.8233159999999999,SWE,NLD,8951
847996,216,162,1413,2001.0,76375.0,5677.0,0.49264600000000003,1.493471,THA,NLD,8951
847997,224,162,1413,2001.0,4223.0,20452.0,0.168219,1.989011,TUR,NLD,8951
847998,226,162,1413,2001.0,0.0,2888.0,-1.227071,-0.489829,TZA,NLD,8951
847999,227,162,1413,2001.0,0.0,1080.0,-1.1823700000000001,-0.7738619999999999,UGA,NLD,8951
848000,228,162,1413,2001.0,0.0,10825.0,0.642888,1.267971,UKR,NLD,8951
848001,231,162,1413,2001.0,1410058.0,1984316.0,1.96615,-0.12332699999999999,USA,NLD,8951
848002,236,162,1413,2001.0,0.0,28160.0,-0.013877,-0.8582690000000001,VEN,NLD,8951
848003,239,162,1413,2001.0,6970.0,0.0,-0.533978,0.503988,VNM,NLD,8951
848004,246,162,1413,2001.0,0.0,82375.0,0.249833,2.1142950000000003,ZAF,NLD,8951
848005,247,162,1413,2001.0,0.0,1810.0,-0.8878799999999999,-0.735268,ZMB,NLD,8951
848006,248,162,1413,2001.0,0.0,1257.0,-0.663155,-0.212796,ZWE,NLD,8951
848007,249,162,1413,2001.0,762445.0,3173.0,1.7270020000000001,1.252843,TWN,NLD,8951
848008,250,162,1413,2001.0,10064.0,46446.0,0.947105,-0.529946,ANS,NLD,8951
848009,2,163,1413,2001.0,0.0,1458.0,-2.190929,-1.302123,AGO,NOR,8951
848010,15,163,1413,2001.0,266496.0,1590.0,1.8987740000000002,0.45922700000000005,AUT,NOR,8951
848011,18,163,1413,2001.0,43459.0,15989.0,1.425483,1.3072409999999999,BEL,NOR,8951
848012,25,163,1413,2001.0,0.0,1201.0,0.37464899999999995,-0.130024,BHS,NOR,8951
848013,26,163,1413,2001.0,0.0,2157.0,0.263644,0.44197,BIH,NOR,8951
848014,32,163,1413,2001.0,1376.0,0.0,0.658473,1.328637,BRA,NOR,8951
848015,39,163,1413,2001.0,148518.0,0.0,0.8899729999999999,1.3778299999999999,CAN,NOR,8951
848016,43,163,1413,2001.0,368882.0,0.0,0.535502,2.28778,CHN,NOR,8951
848017,61,163,1413,2001.0,427627.0,8267.0,2.335872,-2.09875,DEU,NOR,8951
848018,64,163,1413,2001.0,380393.0,44702.0,1.356327,1.3288309999999999,DNK,NOR,8951
848019,65,163,1413,2001.0,0.0,5745.0,-0.55896,-0.517513,DOM,NOR,8951
848020,71,163,1413,2001.0,8050.0,3656.0,1.1380350000000001,1.7870139999999999,ESP,NOR,8951
848021,72,163,1413,2001.0,0.0,7330.0,0.53422,0.9372790000000001,EST,NOR,8951
848022,74,163,1413,2001.0,22023.0,39876.0,1.9661669999999998,1.000436,FIN,NOR,8951
848023,77,163,1413,2001.0,40013.0,102100.0,1.6143809999999998,0.626221,FRA,NOR,8951
848024,81,163,1413,2001.0,147748.0,80594.0,2.1068439999999997,0.658575,GBR,NOR,8951
848025,97,163,1413,2001.0,228514.0,0.0,0.639538,1.5157610000000001,HKG,NOR,8951
848026,102,163,1413,2001.0,5020.0,0.0,1.069245,1.2217069999999999,HUN,NOR,8951
848027,103,163,1413,2001.0,2831.0,0.0,0.039233,1.780659,IDN,NOR,8951
848028,104,163,1413,2001.0,6823.0,0.0,0.382444,2.538934,IND,NOR,8951
848029,106,163,1413,2001.0,8115.0,0.0,1.751955,0.210628,IRL,NOR,8951
848030,109,163,1413,2001.0,0.0,3307.0,0.049756,-0.496962,ISL,NOR,8951
848031,111,163,1413,2001.0,174250.0,2236.0,1.488545,0.8410610000000001,ITA,NOR,8951
848032,114,163,1413,2001.0,63719.0,0.0,2.674032,0.445636,JPN,NOR,8951
848033,121,163,1413,2001.0,7612.0,0.0,1.436204,0.917057,KOR,NOR,8951
848034,159,163,1413,2001.0,0.0,252294.0,-1.9085759999999998,-1.335279,NGA,NOR,8951
848035,162,163,1413,2001.0,207419.0,9786.0,1.299569,1.487015,NLD,NOR,8951
848036,177,163,1413,2001.0,3155.0,25527.0,0.983238,1.7436209999999999,POL,NOR,8951
848037,179,163,1413,2001.0,1379.0,0.0,0.688736,1.326716,PRT,NOR,8951
848038,186,163,1413,2001.0,0.0,3594.0,0.546271,0.195872,RUS,NOR,8951
848039,189,163,1413,2001.0,0.0,2805.0,0.38765,2.769588,SCG,NOR,8951
848040,190,163,1413,2001.0,0.0,30712.0,-1.7142950000000001,-1.341016,SDN,NOR,8951
848041,192,163,1413,2001.0,1503.0,1338.0,1.587064,0.639626,SGP,NOR,8951
848042,207,163,1413,2001.0,32671.0,0.0,1.488089,1.0928360000000001,SVN,NOR,8951
848043,208,163,1413,2001.0,1304555.0,22833.0,2.01685,0.8233159999999999,SWE,NOR,8951
848044,223,163,1413,2001.0,0.0,26224.0,0.054524,0.26892699999999997,TUN,NOR,8951
848045,226,163,1413,2001.0,0.0,23201.0,-1.227071,-0.489829,TZA,NOR,8951
848046,227,163,1413,2001.0,0.0,19172.0,-1.1823700000000001,-0.7738619999999999,UGA,NOR,8951
848047,228,163,1413,2001.0,0.0,1117.0,0.642888,1.267971,UKR,NOR,8951
848048,231,163,1413,2001.0,18890.0,4500.0,1.96615,-0.12332699999999999,USA,NOR,8951
848049,249,163,1413,2001.0,10230.0,0.0,1.7270020000000001,1.252843,TWN,NOR,8951
848050,14,166,1413,2001.0,1152606.0,1296830.0,-0.12189000000000001,0.7281770000000001,AUS,NZL,8951
848051,15,166,1413,2001.0,1484.0,0.0,1.8987740000000002,0.45922700000000005,AUT,NZL,8951
848052,39,166,1413,2001.0,0.0,4035.0,0.8899729999999999,1.3778299999999999,CAN,NZL,8951
848053,42,166,1413,2001.0,0.0,10901.0,-0.148124,0.074033,CHL,NZL,8951
848054,43,166,1413,2001.0,296736.0,0.0,0.535502,2.28778,CHN,NZL,8951
848055,58,166,1413,2001.0,0.0,10170.0,0.30700500000000003,0.258726,CYP,NZL,8951
848056,61,166,1413,2001.0,98600.0,4280.0,2.335872,-2.09875,DEU,NZL,8951
848057,64,166,1413,2001.0,1492.0,0.0,1.356327,1.3288309999999999,DNK,NZL,8951
848058,71,166,1413,2001.0,6075.0,0.0,1.1380350000000001,1.7870139999999999,ESP,NZL,8951
848059,74,166,1413,2001.0,9618.0,0.0,1.9661669999999998,1.000436,FIN,NZL,8951
848060,75,166,1413,2001.0,0.0,21944.0,-0.9144950000000001,-0.673283,FJI,NZL,8951
848061,77,166,1413,2001.0,64367.0,8993.0,1.6143809999999998,0.626221,FRA,NZL,8951
848062,81,166,1413,2001.0,78540.0,7663.0,2.1068439999999997,0.658575,GBR,NZL,8951
848063,95,166,1413,2001.0,0.0,4500.0,-0.525971,-0.999035,GUM,NZL,8951
848064,97,166,1413,2001.0,200732.0,10502.0,0.639538,1.5157610000000001,HKG,NZL,8951
848065,107,166,1413,2001.0,16966.0,0.0,-0.973691,-1.05654,IRN,NZL,8951
848066,111,166,1413,2001.0,28215.0,0.0,1.488545,0.8410610000000001,ITA,NZL,8951
848067,114,166,1413,2001.0,69498.0,0.0,2.674032,0.445636,JPN,NZL,8951
848068,116,166,1413,2001.0,0.0,1483.0,-0.533651,0.072611,KEN,NZL,8951
848069,121,166,1413,2001.0,113024.0,6634.0,1.436204,0.917057,KOR,NZL,8951
848070,124,166,1413,2001.0,0.0,2622.0,0.09267,0.97731,LBN,NZL,8951
848071,128,166,1413,2001.0,0.0,4930.0,-0.43381000000000003,0.057630999999999995,LKA,NZL,8951
848072,138,166,1413,2001.0,44103.0,0.0,1.088661,0.680197,MEX,NZL,8951
848073,153,166,1413,2001.0,35340.0,0.0,0.894191,0.310677,MYS,NZL,8951
848074,162,166,1413,2001.0,32891.0,0.0,1.299569,1.487015,NLD,NZL,8951
848075,176,166,1413,2001.0,0.0,2753.0,-1.2970270000000002,-1.1991209999999999,PNG,NZL,8951
848076,179,166,1413,2001.0,0.0,1549.0,0.688736,1.326716,PRT,NZL,8951
848077,182,166,1413,2001.0,0.0,6843.0,0.055376,-0.762668,PYF,NZL,8951
848078,192,166,1413,2001.0,6359.0,10029.0,1.587064,0.639626,SGP,NZL,8951
848079,195,166,1413,2001.0,0.0,2836.0,-0.5235810000000001,-0.796198,SLB,NZL,8951
848080,208,166,1413,2001.0,219152.0,0.0,2.01685,0.8233159999999999,SWE,NZL,8951
848081,216,166,1413,2001.0,6602.0,0.0,0.49264600000000003,1.493471,THA,NZL,8951
848082,221,166,1413,2001.0,0.0,7911.0,-1.14535,-1.031814,TON,NZL,8951
848083,231,166,1413,2001.0,37549.0,12184.0,1.96615,-0.12332699999999999,USA,NZL,8951
848084,240,166,1413,2001.0,0.0,6049.0,-0.950859,-0.9321309999999999,VUT,NZL,8951
848085,242,166,1413,2001.0,0.0,18043.0,-0.45074200000000003,-0.7984439999999999,WSM,NZL,8951
848086,246,166,1413,2001.0,6313.0,0.0,0.249833,2.1142950000000003,ZAF,NZL,8951
848087,249,166,1413,2001.0,99868.0,0.0,1.7270020000000001,1.252843,TWN,NZL,8951
848088,39,169,1413,2001.0,85241.0,0.0,0.8899729999999999,1.3778299999999999,CAN,PAN,8951
848089,43,169,1413,2001.0,220742.0,0.0,0.535502,2.28778,CHN,PAN,8951
848090,49,169,1413,2001.0,2662.0,0.0,0.3378,0.479951,COL,PAN,8951
848091,52,169,1413,2001.0,50879.0,4923.0,0.07408200000000001,0.126368,CRI,PAN,8951
848092,61,169,1413,2001.0,6337.0,0.0,2.335872,-2.09875,DEU,PAN,8951
848093,65,169,1413,2001.0,0.0,4776.0,-0.55896,-0.517513,DOM,PAN,8951
848094,67,169,1413,2001.0,0.0,5378.0,-0.8668389999999999,-0.891943,ECU,PAN,8951
848095,71,169,1413,2001.0,45965.0,0.0,1.1380350000000001,1.7870139999999999,ESP,PAN,8951
848096,77,169,1413,2001.0,12974.0,0.0,1.6143809999999998,0.626221,FRA,PAN,8951
848097,81,169,1413,2001.0,2310.0,0.0,2.1068439999999997,0.658575,GBR,PAN,8951
848098,97,169,1413,2001.0,66313.0,0.0,0.639538,1.5157610000000001,HKG,PAN,8951
848099,111,169,1413,2001.0,3743.0,0.0,1.488545,0.8410610000000001,ITA,PAN,8951
848100,112,169,1413,2001.0,0.0,1706.0,-0.562839,-0.9381510000000001,JAM,PAN,8951
848101,114,169,1413,2001.0,6689.0,0.0,2.674032,0.445636,JPN,PAN,8951
848102,121,169,1413,2001.0,45962.0,0.0,1.436204,0.917057,KOR,PAN,8951
848103,138,169,1413,2001.0,145141.0,0.0,1.088661,0.680197,MEX,PAN,8951
848104,160,169,1413,2001.0,0.0,9807.0,-0.865941,-0.617108,NIC,PAN,8951
848105,162,169,1413,2001.0,16060.0,0.0,1.299569,1.487015,NLD,PAN,8951
848106,197,169,1413,2001.0,3881.0,24768.0,-0.123958,-0.103849,SLV,PAN,8951
848107,208,169,1413,2001.0,2796.0,0.0,2.01685,0.8233159999999999,SWE,PAN,8951
848108,231,169,1413,2001.0,288774.0,0.0,1.96615,-0.12332699999999999,USA,PAN,8951
848109,236,169,1413,2001.0,0.0,3477.0,-0.013877,-0.8582690000000001,VEN,PAN,8951
848110,249,169,1413,2001.0,103692.0,0.0,1.7270020000000001,1.252843,TWN,PAN,8951
848111,250,169,1413,2001.0,113143.0,0.0,0.947105,-0.529946,ANS,PAN,8951
848112,32,173,1413,2001.0,19580.0,0.0,0.658473,1.328637,BRA,PER,8951
848113,42,173,1413,2001.0,29434.0,0.0,-0.148124,0.074033,CHL,PER,8951
848114,43,173,1413,2001.0,276457.0,0.0,0.535502,2.28778,CHN,PER,8951
848115,49,173,1413,2001.0,621070.0,0.0,0.3378,0.479951,COL,PER,8951
848116,59,173,1413,2001.0,20092.0,0.0,1.56908,0.860384,CZE,PER,8951
848117,61,173,1413,2001.0,25661.0,0.0,2.335872,-2.09875,DEU,PER,8951
848118,64,173,1413,2001.0,1838.0,0.0,1.356327,1.3288309999999999,DNK,PER,8951
848119,67,173,1413,2001.0,0.0,1975.0,-0.8668389999999999,-0.891943,ECU,PER,8951
848120,71,173,1413,2001.0,26053.0,0.0,1.1380350000000001,1.7870139999999999,ESP,PER,8951
848121,77,173,1413,2001.0,2671.0,0.0,1.6143809999999998,0.626221,FRA,PER,8951
848122,81,173,1413,2001.0,1038.0,0.0,2.1068439999999997,0.658575,GBR,PER,8951
848123,97,173,1413,2001.0,154051.0,0.0,0.639538,1.5157610000000001,HKG,PER,8951
848124,104,173,1413,2001.0,12429.0,0.0,0.382444,2.538934,IND,PER,8951
848125,111,173,1413,2001.0,67596.0,0.0,1.488545,0.8410610000000001,ITA,PER,8951
848126,114,173,1413,2001.0,4222.0,0.0,2.674032,0.445636,JPN,PER,8951
848127,138,173,1413,2001.0,8611.0,0.0,1.088661,0.680197,MEX,PER,8951
848128,162,173,1413,2001.0,1032.0,0.0,1.299569,1.487015,NLD,PER,8951
848129,231,173,1413,2001.0,96752.0,0.0,1.96615,-0.12332699999999999,USA,PER,8951
848130,236,173,1413,2001.0,24490.0,0.0,-0.013877,-0.8582690000000001,VEN,PER,8951
848131,249,173,1413,2001.0,33315.0,0.0,1.7270020000000001,1.252843,TWN,PER,8951
848132,14,174,1413,2001.0,101761.0,1932.0,-0.12189000000000001,0.7281770000000001,AUS,PHL,8951
848133,18,174,1413,2001.0,0.0,7131.0,1.425483,1.3072409999999999,BEL,PHL,8951
848134,41,174,1413,2001.0,5977.0,0.0,2.161588,0.8069890000000001,CHE,PHL,8951
848135,43,174,1413,2001.0,614998.0,4355.0,0.535502,2.28778,CHN,PHL,8951
848136,61,174,1413,2001.0,5643.0,4013.0,2.335872,-2.09875,DEU,PHL,8951
848137,64,174,1413,2001.0,0.0,3113.0,1.356327,1.3288309999999999,DNK,PHL,8951
848138,71,174,1413,2001.0,10765.0,0.0,1.1380350000000001,1.7870139999999999,ESP,PHL,8951
848139,77,174,1413,2001.0,1679.0,13472.0,1.6143809999999998,0.626221,FRA,PHL,8951
848140,81,174,1413,2001.0,8658.0,10108.0,2.1068439999999997,0.658575,GBR,PHL,8951
848141,95,174,1413,2001.0,0.0,1208.0,-0.525971,-0.999035,GUM,PHL,8951
848142,97,174,1413,2001.0,915924.0,27639.0,0.639538,1.5157610000000001,HKG,PHL,8951
848143,103,174,1413,2001.0,1771.0,0.0,0.039233,1.780659,IDN,PHL,8951
848144,107,174,1413,2001.0,8614.0,0.0,-0.973691,-1.05654,IRN,PHL,8951
848145,111,174,1413,2001.0,9935.0,0.0,1.488545,0.8410610000000001,ITA,PHL,8951
848146,114,174,1413,2001.0,232841.0,18643.0,2.674032,0.445636,JPN,PHL,8951
848147,121,174,1413,2001.0,165466.0,0.0,1.436204,0.917057,KOR,PHL,8951
848148,122,174,1413,2001.0,0.0,1822.0,-0.695801,-1.225701,KWT,PHL,8951
848149,138,174,1413,2001.0,0.0,1658.0,1.088661,0.680197,MEX,PHL,8951
848150,153,174,1413,2001.0,670567.0,10954.0,0.894191,0.310677,MYS,PHL,8951
848151,162,174,1413,2001.0,5458.0,0.0,1.299569,1.487015,NLD,PHL,8951
848152,192,174,1413,2001.0,551673.0,6161.0,1.587064,0.639626,SGP,PHL,8951
848153,208,174,1413,2001.0,4888.0,0.0,2.01685,0.8233159999999999,SWE,PHL,8951
848154,216,174,1413,2001.0,7174.0,89060.0,0.49264600000000003,1.493471,THA,PHL,8951
848155,231,174,1413,2001.0,117395.0,11572.0,1.96615,-0.12332699999999999,USA,PHL,8951
848156,249,174,1413,2001.0,325320.0,1804.0,1.7270020000000001,1.252843,TWN,PHL,8951
848157,8,180,1413,2001.0,14252.0,0.0,0.11289,0.916845,ARG,PRY,8951
848158,15,180,1413,2001.0,6129.0,0.0,1.8987740000000002,0.45922700000000005,AUT,PRY,8951
848159,32,180,1413,2001.0,30355.0,0.0,0.658473,1.328637,BRA,PRY,8951
848160,42,180,1413,2001.0,98010.0,0.0,-0.148124,0.074033,CHL,PRY,8951
848161,43,180,1413,2001.0,145284.0,0.0,0.535502,2.28778,CHN,PRY,8951
848162,49,180,1413,2001.0,27786.0,0.0,0.3378,0.479951,COL,PRY,8951
848163,59,180,1413,2001.0,4725.0,0.0,1.56908,0.860384,CZE,PRY,8951
848164,61,180,1413,2001.0,77618.0,0.0,2.335872,-2.09875,DEU,PRY,8951
848165,71,180,1413,2001.0,4472.0,0.0,1.1380350000000001,1.7870139999999999,ESP,PRY,8951
848166,97,180,1413,2001.0,30807.0,0.0,0.639538,1.5157610000000001,HKG,PRY,8951
848167,111,180,1413,2001.0,43516.0,0.0,1.488545,0.8410610000000001,ITA,PRY,8951
848168,231,180,1413,2001.0,7935.0,0.0,1.96615,-0.12332699999999999,USA,PRY,8951
848169,15,185,1413,2001.0,16863.0,0.0,1.8987740000000002,0.45922700000000005,AUT,ROU,8951
848170,18,185,1413,2001.0,10254.0,0.0,1.425483,1.3072409999999999,BEL,ROU,8951
848171,23,185,1413,2001.0,0.0,1034.0,0.46429799999999993,1.7500380000000002,BGR,ROU,8951
848172,41,185,1413,2001.0,3508.0,0.0,2.161588,0.8069890000000001,CHE,ROU,8951
848173,43,185,1413,2001.0,86078.0,0.0,0.535502,2.28778,CHN,ROU,8951
848174,59,185,1413,2001.0,11792.0,2013.0,1.56908,0.860384,CZE,ROU,8951
848175,61,185,1413,2001.0,508867.0,0.0,2.335872,-2.09875,DEU,ROU,8951
848176,64,185,1413,2001.0,9014.0,0.0,1.356327,1.3288309999999999,DNK,ROU,8951
848177,71,185,1413,2001.0,9058.0,0.0,1.1380350000000001,1.7870139999999999,ESP,ROU,8951
848178,74,185,1413,2001.0,3223.0,0.0,1.9661669999999998,1.000436,FIN,ROU,8951
848179,77,185,1413,2001.0,12822.0,8730.0,1.6143809999999998,0.626221,FRA,ROU,8951
848180,81,185,1413,2001.0,22054.0,0.0,2.1068439999999997,0.658575,GBR,ROU,8951
848181,90,185,1413,2001.0,1823.0,0.0,0.338607,1.506593,GRC,ROU,8951
848182,97,185,1413,2001.0,9247.0,0.0,0.639538,1.5157610000000001,HKG,ROU,8951
848183,102,185,1413,2001.0,135577.0,0.0,1.069245,1.2217069999999999,HUN,ROU,8951
848184,103,185,1413,2001.0,1030.0,0.0,0.039233,1.780659,IDN,ROU,8951
848185,111,185,1413,2001.0,363920.0,1123.0,1.488545,0.8410610000000001,ITA,ROU,8951
848186,121,185,1413,2001.0,3636.0,0.0,1.436204,0.917057,KOR,ROU,8951
848187,138,185,1413,2001.0,7516.0,0.0,1.088661,0.680197,MEX,ROU,8951
848188,162,185,1413,2001.0,7446.0,27840.0,1.299569,1.487015,NLD,ROU,8951
848189,177,185,1413,2001.0,12614.0,0.0,0.983238,1.7436209999999999,POL,ROU,8951
848190,179,185,1413,2001.0,1235.0,0.0,0.688736,1.326716,PRT,ROU,8951
848191,206,185,1413,2001.0,1845.0,0.0,1.310591,1.195523,SVK,ROU,8951
848192,207,185,1413,2001.0,10766.0,0.0,1.488089,1.0928360000000001,SVN,ROU,8951
848193,208,185,1413,2001.0,8375.0,0.0,2.01685,0.8233159999999999,SWE,ROU,8951
848194,224,185,1413,2001.0,32731.0,0.0,0.168219,1.989011,TUR,ROU,8951
848195,231,185,1413,2001.0,4566.0,0.0,1.96615,-0.12332699999999999,USA,ROU,8951
848196,249,185,1413,2001.0,2301.0,0.0,1.7270020000000001,1.252843,TWN,ROU,8951
848197,250,185,1413,2001.0,3394.0,0.0,0.947105,-0.529946,ANS,ROU,8951
848198,7,192,1413,2001.0,0.0,21515.0,-0.217259,-0.613042,ARE,SGP,8951
848199,8,192,1413,2001.0,0.0,2729.0,0.11289,0.916845,ARG,SGP,8951
848200,14,192,1413,2001.0,290617.0,106465.0,-0.12189000000000001,0.7281770000000001,AUS,SGP,8951
848201,15,192,1413,2001.0,0.0,16885.0,1.8987740000000002,0.45922700000000005,AUT,SGP,8951
848202,18,192,1413,2001.0,220860.0,18648.0,1.425483,1.3072409999999999,BEL,SGP,8951
848203,22,192,1413,2001.0,0.0,18626.0,-0.799988,-1.061584,BGD,SGP,8951
848204,24,192,1413,2001.0,0.0,3334.0,-0.11648499999999999,-1.101653,BHR,SGP,8951
848205,34,192,1413,2001.0,19975.0,62583.0,-0.38253899999999996,-0.904789,BRN,SGP,8951
848206,39,192,1413,2001.0,31426.0,33396.0,0.8899729999999999,1.3778299999999999,CAN,SGP,8951
848207,41,192,1413,2001.0,0.0,2296.0,2.161588,0.8069890000000001,CHE,SGP,8951
848208,43,192,1413,2001.0,783629.0,107980.0,0.535502,2.28778,CHN,SGP,8951
848209,61,192,1413,2001.0,163091.0,44136.0,2.335872,-2.09875,DEU,SGP,8951
848210,64,192,1413,2001.0,22517.0,0.0,1.356327,1.3288309999999999,DNK,SGP,8951
848211,71,192,1413,2001.0,21524.0,11631.0,1.1380350000000001,1.7870139999999999,ESP,SGP,8951
848212,74,192,1413,2001.0,11702.0,0.0,1.9661669999999998,1.000436,FIN,SGP,8951
848213,77,192,1413,2001.0,107289.0,149222.0,1.6143809999999998,0.626221,FRA,SGP,8951
848214,81,192,1413,2001.0,570036.0,63629.0,2.1068439999999997,0.658575,GBR,SGP,8951
848215,83,192,1413,2001.0,0.0,6444.0,-0.7818689999999999,-0.645878,GHA,SGP,8951
848216,90,192,1413,2001.0,0.0,12072.0,0.338607,1.506593,GRC,SGP,8951
848217,97,192,1413,2001.0,2174774.0,837402.0,0.639538,1.5157610000000001,HKG,SGP,8951
848218,102,192,1413,2001.0,0.0,59066.0,1.069245,1.2217069999999999,HUN,SGP,8951
848219,103,192,1413,2001.0,390964.0,234915.0,0.039233,1.780659,IDN,SGP,8951
848220,104,192,1413,2001.0,85451.0,204707.0,0.382444,2.538934,IND,SGP,8951
848221,106,192,1413,2001.0,52751.0,0.0,1.751955,0.210628,IRL,SGP,8951
848222,107,192,1413,2001.0,0.0,44206.0,-0.973691,-1.05654,IRN,SGP,8951
848223,110,192,1413,2001.0,0.0,41718.0,1.17675,0.900401,ISR,SGP,8951
848224,111,192,1413,2001.0,685171.0,18340.0,1.488545,0.8410610000000001,ITA,SGP,8951
848225,113,192,1413,2001.0,0.0,4996.0,0.5404760000000001,0.8497170000000001,JOR,SGP,8951
848226,114,192,1413,2001.0,751910.0,770784.0,2.674032,0.445636,JPN,SGP,8951
848227,116,192,1413,2001.0,0.0,11391.0,-0.533651,0.072611,KEN,SGP,8951
848228,118,192,1413,2001.0,0.0,13541.0,-0.8596729999999999,-1.1214979999999999,KHM,SGP,8951
848229,121,192,1413,2001.0,112873.0,112932.0,1.436204,0.917057,KOR,SGP,8951
848230,122,192,1413,2001.0,0.0,2464.0,-0.695801,-1.225701,KWT,SGP,8951
848231,128,192,1413,2001.0,0.0,50383.0,-0.43381000000000003,0.057630999999999995,LKA,SGP,8951
848232,129,192,1413,2001.0,0.0,1958.0,-0.624448,-0.7844260000000001,LSO,SGP,8951
848233,137,192,1413,2001.0,0.0,16096.0,-0.957807,-1.0006030000000001,MDV,SGP,8951
848234,138,192,1413,2001.0,0.0,8239.0,1.088661,0.680197,MEX,SGP,8951
848235,143,192,1413,2001.0,0.0,26903.0,-1.284563,-1.021743,MMR,SGP,8951
848236,151,192,1413,2001.0,0.0,6309.0,-0.304271,-0.589387,MUS,SGP,8951
848237,153,192,1413,2001.0,1881899.0,2131696.0,0.894191,0.310677,MYS,SGP,8951
848238,159,192,1413,2001.0,0.0,8166.0,-1.9085759999999998,-1.335279,NGA,SGP,8951
848239,162,192,1413,2001.0,126655.0,31680.0,1.299569,1.487015,NLD,SGP,8951
848240,163,192,1413,2001.0,1338.0,1503.0,0.542366,-0.180336,NOR,SGP,8951
848241,166,192,1413,2001.0,10029.0,6359.0,0.220307,0.689625,NZL,SGP,8951
848242,168,192,1413,2001.0,0.0,21015.0,-0.741053,-0.41444,PAK,SGP,8951
848243,174,192,1413,2001.0,6161.0,551673.0,0.153601,-0.174218,PHL,SGP,8951
848244,176,192,1413,2001.0,0.0,13545.0,-1.2970270000000002,-1.1991209999999999,PNG,SGP,8951
848245,179,192,1413,2001.0,3209.0,0.0,0.688736,1.326716,PRT,SGP,8951
848246,182,192,1413,2001.0,0.0,1216.0,0.055376,-0.762668,PYF,SGP,8951
848247,183,192,1413,2001.0,0.0,1511.0,-0.282283,-1.136895,QAT,SGP,8951
848248,186,192,1413,2001.0,0.0,16161.0,0.546271,0.195872,RUS,SGP,8951
848249,188,192,1413,2001.0,0.0,37503.0,0.078887,-0.9764430000000001,SAU,SGP,8951
848250,189,192,1413,2001.0,0.0,1726.0,0.38765,2.769588,SCG,SGP,8951
848251,208,192,1413,2001.0,158928.0,6509.0,2.01685,0.8233159999999999,SWE,SGP,8951
848252,211,192,1413,2001.0,0.0,27498.0,-0.40370700000000004,-0.9052620000000001,SYC,SGP,8951
848253,216,192,1413,2001.0,1236105.0,1001494.0,0.49264600000000003,1.493471,THA,SGP,8951
848254,220,192,1413,2001.0,0.0,52542.0,1.37046,-0.133382,TLS,SGP,8951
848255,231,192,1413,2001.0,871052.0,91517.0,1.96615,-0.12332699999999999,USA,SGP,8951
848256,239,192,1413,2001.0,427324.0,187667.0,-0.533978,0.503988,VNM,SGP,8951
848257,242,192,1413,2001.0,0.0,1710.0,-0.45074200000000003,-0.7984439999999999,WSM,SGP,8951
848258,246,192,1413,2001.0,0.0,22916.0,0.249833,2.1142950000000003,ZAF,SGP,8951
848259,249,192,1413,2001.0,308235.0,86173.0,1.7270020000000001,1.252843,TWN,SGP,8951
848260,39,197,1413,2001.0,1122.0,0.0,0.8899729999999999,1.3778299999999999,CAN,SLV,8951
848261,43,197,1413,2001.0,18060.0,0.0,0.535502,2.28778,CHN,SLV,8951
848262,49,197,1413,2001.0,7365.0,0.0,0.3378,0.479951,COL,SLV,8951
848263,52,197,1413,2001.0,120180.0,0.0,0.07408200000000001,0.126368,CRI,SLV,8951
848264,61,197,1413,2001.0,4150.0,0.0,2.335872,-2.09875,DEU,SLV,8951
848265,71,197,1413,2001.0,1173.0,0.0,1.1380350000000001,1.7870139999999999,ESP,SLV,8951
848266,81,197,1413,2001.0,5091.0,0.0,2.1068439999999997,0.658575,GBR,SLV,8951
848267,93,197,1413,2001.0,23948.0,67497.0,-0.43618199999999996,0.135535,GTM,SLV,8951
848268,97,197,1413,2001.0,12690.0,0.0,0.639538,1.5157610000000001,HKG,SLV,8951
848269,99,197,1413,2001.0,0.0,3910.0,-0.6886899999999999,-0.49161400000000005,HND,SLV,8951
848270,111,197,1413,2001.0,2417.0,0.0,1.488545,0.8410610000000001,ITA,SLV,8951
848271,114,197,1413,2001.0,9154.0,0.0,2.674032,0.445636,JPN,SLV,8951
848272,138,197,1413,2001.0,90981.0,0.0,1.088661,0.680197,MEX,SLV,8951
848273,160,197,1413,2001.0,0.0,3496.0,-0.865941,-0.617108,NIC,SLV,8951
848274,162,197,1413,2001.0,8228.0,0.0,1.299569,1.487015,NLD,SLV,8951
848275,169,197,1413,2001.0,24768.0,3881.0,0.17863800000000002,0.440159,PAN,SLV,8951
848276,231,197,1413,2001.0,13787.0,0.0,1.96615,-0.12332699999999999,USA,SLV,8951
848277,249,197,1413,2001.0,33000.0,0.0,1.7270020000000001,1.252843,TWN,SLV,8951
848278,250,197,1413,2001.0,1753.0,0.0,0.947105,-0.529946,ANS,SLV,8951
848279,15,205,1413,2001.0,1061.0,0.0,1.8987740000000002,0.45922700000000005,AUT,SUR,8951
848280,43,205,1413,2001.0,7573.0,0.0,0.535502,2.28778,CHN,SUR,8951
848281,61,205,1413,2001.0,2712.0,0.0,2.335872,-2.09875,DEU,SUR,8951
848282,81,205,1413,2001.0,1530.0,0.0,2.1068439999999997,0.658575,GBR,SUR,8951
848283,162,205,1413,2001.0,10047.0,0.0,1.299569,1.487015,NLD,SUR,8951
848284,222,205,1413,2001.0,1376.0,0.0,0.265201,-0.602807,TTO,SUR,8951
848285,231,205,1413,2001.0,12775.0,0.0,1.96615,-0.12332699999999999,USA,SUR,8951
848286,0,208,1413,2001.0,0.0,1359.0,-0.500051,-0.8763299999999999,ABW,SWE,8951
848287,7,208,1413,2001.0,0.0,50875.0,-0.217259,-0.613042,ARE,SWE,8951
848288,8,208,1413,2001.0,0.0,11092.0,0.11289,0.916845,ARG,SWE,8951
848289,14,208,1413,2001.0,0.0,538966.0,-0.12189000000000001,0.7281770000000001,AUS,SWE,8951
848290,15,208,1413,2001.0,266333.0,31074.0,1.8987740000000002,0.45922700000000005,AUT,SWE,8951
848291,18,208,1413,2001.0,102136.0,76080.0,1.425483,1.3072409999999999,BEL,SWE,8951
848292,23,208,1413,2001.0,0.0,90690.0,0.46429799999999993,1.7500380000000002,BGR,SWE,8951
848293,24,208,1413,2001.0,0.0,7732.0,-0.11648499999999999,-1.101653,BHR,SWE,8951
848294,25,208,1413,2001.0,0.0,1955.0,0.37464899999999995,-0.130024,BHS,SWE,8951
848295,28,208,1413,2001.0,0.0,1862.0,0.78008,1.232713,BLR,SWE,8951
848296,31,208,1413,2001.0,0.0,3009.0,-0.614885,-0.5022770000000001,BOL,SWE,8951
848297,32,208,1413,2001.0,0.0,20631.0,0.658473,1.328637,BRA,SWE,8951
848298,33,208,1413,2001.0,0.0,1134.0,0.418462,-0.020000999999999998,BRB,SWE,8951
848299,39,208,1413,2001.0,1759.0,1030051.0,0.8899729999999999,1.3778299999999999,CAN,SWE,8951
848300,41,208,1413,2001.0,3597.0,78752.0,2.161588,0.8069890000000001,CHE,SWE,8951
848301,42,208,1413,2001.0,0.0,9708.0,-0.148124,0.074033,CHL,SWE,8951
848302,43,208,1413,2001.0,417384.0,67880.0,0.535502,2.28778,CHN,SWE,8951
848303,44,208,1413,2001.0,0.0,6126.0,-0.731178,-0.5734739999999999,CIV,SWE,8951
848304,52,208,1413,2001.0,0.0,7142.0,0.07408200000000001,0.126368,CRI,SWE,8951
848305,58,208,1413,2001.0,0.0,2356.0,0.30700500000000003,0.258726,CYP,SWE,8951
848306,59,208,1413,2001.0,36693.0,111258.0,1.56908,0.860384,CZE,SWE,8951
848307,61,208,1413,2001.0,661716.0,1891127.0,2.335872,-2.09875,DEU,SWE,8951
848308,64,208,1413,2001.0,44324.0,814612.0,1.356327,1.3288309999999999,DNK,SWE,8951
848309,67,208,1413,2001.0,0.0,12120.0,-0.8668389999999999,-0.891943,ECU,SWE,8951
848310,68,208,1413,2001.0,0.0,2390.0,-0.346794,0.431229,EGY,SWE,8951
848311,71,208,1413,2001.0,53960.0,324245.0,1.1380350000000001,1.7870139999999999,ESP,SWE,8951
848312,72,208,1413,2001.0,2204.0,435832.0,0.53422,0.9372790000000001,EST,SWE,8951
848313,74,208,1413,2001.0,147296.0,961452.0,1.9661669999999998,1.000436,FIN,SWE,8951
848314,77,208,1413,2001.0,5718114.0,231661.0,1.6143809999999998,0.626221,FRA,SWE,8951
848315,81,208,1413,2001.0,74798.0,1237273.0,2.1068439999999997,0.658575,GBR,SWE,8951
848316,87,208,1413,2001.0,0.0,4912.0,0.161174,-0.019187,GMB,SWE,8951
848317,90,208,1413,2001.0,0.0,79063.0,0.338607,1.506593,GRC,SWE,8951
848318,93,208,1413,2001.0,0.0,13189.0,-0.43618199999999996,0.135535,GTM,SWE,8951
848319,97,208,1413,2001.0,338788.0,31537.0,0.639538,1.5157610000000001,HKG,SWE,8951
848320,100,208,1413,2001.0,0.0,6016.0,0.6315729999999999,1.169338,HRV,SWE,8951
848321,102,208,1413,2001.0,0.0,290513.0,1.069245,1.2217069999999999,HUN,SWE,8951
848322,103,208,1413,2001.0,19471.0,3782636.0,0.039233,1.780659,IDN,SWE,8951
848323,104,208,1413,2001.0,19462.0,0.0,0.382444,2.538934,IND,SWE,8951
848324,106,208,1413,2001.0,0.0,72807.0,1.751955,0.210628,IRL,SWE,8951
848325,107,208,1413,2001.0,0.0,10289.0,-0.973691,-1.05654,IRN,SWE,8951
848326,109,208,1413,2001.0,1356.0,24812.0,0.049756,-0.496962,ISL,SWE,8951
848327,110,208,1413,2001.0,0.0,53526.0,1.17675,0.900401,ISR,SWE,8951
848328,111,208,1413,2001.0,296111.0,277973.0,1.488545,0.8410610000000001,ITA,SWE,8951
848329,112,208,1413,2001.0,0.0,10145.0,-0.562839,-0.9381510000000001,JAM,SWE,8951
848330,113,208,1413,2001.0,0.0,9756.0,0.5404760000000001,0.8497170000000001,JOR,SWE,8951
848331,114,208,1413,2001.0,165258.0,51030.0,2.674032,0.445636,JPN,SWE,8951
848332,115,208,1413,2001.0,0.0,3086.0,-0.05773,-0.44668500000000005,KAZ,SWE,8951
848333,116,208,1413,2001.0,0.0,5633.0,-0.533651,0.072611,KEN,SWE,8951
848334,121,208,1413,2001.0,59472.0,18754.0,1.436204,0.917057,KOR,SWE,8951
848335,122,208,1413,2001.0,0.0,12992.0,-0.695801,-1.225701,KWT,SWE,8951
848336,124,208,1413,2001.0,0.0,5338.0,0.09267,0.97731,LBN,SWE,8951
848337,128,208,1413,2001.0,0.0,21891.0,-0.43381000000000003,0.057630999999999995,LKA,SWE,8951
848338,130,208,1413,2001.0,1960.0,46554.0,0.21069699999999997,0.720384,LTU,SWE,8951
848339,132,208,1413,2001.0,0.0,40682.0,0.31652600000000003,0.523927,LVA,SWE,8951
848340,134,208,1413,2001.0,0.0,12707.0,-0.616006,-0.340127,MAR,SWE,8951
848341,138,208,1413,2001.0,0.0,32300.0,1.088661,0.680197,MEX,SWE,8951
848342,142,208,1413,2001.0,0.0,12457.0,1.048708,-0.04453,MLT,SWE,8951
848343,153,208,1413,2001.0,18208.0,19901.0,0.894191,0.310677,MYS,SWE,8951
848344,162,208,1413,2001.0,750892.0,1536673.0,1.299569,1.487015,NLD,SWE,8951
848345,163,208,1413,2001.0,22833.0,1304555.0,0.542366,-0.180336,NOR,SWE,8951
848346,166,208,1413,2001.0,0.0,219152.0,0.220307,0.689625,NZL,SWE,8951
848347,168,208,1413,2001.0,0.0,2231.0,-0.741053,-0.41444,PAK,SWE,8951
848348,169,208,1413,2001.0,0.0,2796.0,0.17863800000000002,0.440159,PAN,SWE,8951
848349,174,208,1413,2001.0,0.0,4888.0,0.153601,-0.174218,PHL,SWE,8951
848350,176,208,1413,2001.0,0.0,3391.0,-1.2970270000000002,-1.1991209999999999,PNG,SWE,8951
848351,177,208,1413,2001.0,30285.0,1009240.0,0.983238,1.7436209999999999,POL,SWE,8951
848352,179,208,1413,2001.0,1075.0,143026.0,0.688736,1.326716,PRT,SWE,8951
848353,183,208,1413,2001.0,0.0,4489.0,-0.282283,-1.136895,QAT,SWE,8951
848354,185,208,1413,2001.0,0.0,8375.0,0.465168,1.1029129999999998,ROU,SWE,8951
848355,186,208,1413,2001.0,0.0,245073.0,0.546271,0.195872,RUS,SWE,8951
848356,188,208,1413,2001.0,0.0,68233.0,0.078887,-0.9764430000000001,SAU,SWE,8951
848357,192,208,1413,2001.0,6509.0,158928.0,1.587064,0.639626,SGP,SWE,8951
848358,206,208,1413,2001.0,0.0,15708.0,1.310591,1.195523,SVK,SWE,8951
848359,207,208,1413,2001.0,4603.0,6781.0,1.488089,1.0928360000000001,SVN,SWE,8951
848360,211,208,1413,2001.0,0.0,1054.0,-0.40370700000000004,-0.9052620000000001,SYC,SWE,8951
848361,212,208,1413,2001.0,0.0,3393.0,-1.138774,-0.839648,SYR,SWE,8951
848362,216,208,1413,2001.0,0.0,86702.0,0.49264600000000003,1.493471,THA,SWE,8951
848363,222,208,1413,2001.0,0.0,1632.0,0.265201,-0.602807,TTO,SWE,8951
848364,223,208,1413,2001.0,0.0,7194.0,0.054524,0.26892699999999997,TUN,SWE,8951
848365,224,208,1413,2001.0,0.0,29883.0,0.168219,1.989011,TUR,SWE,8951
848366,225,208,1413,2001.0,0.0,25410.0,0.179783,0.072198,TUV,SWE,8951
848367,226,208,1413,2001.0,0.0,1514.0,-1.227071,-0.489829,TZA,SWE,8951
848368,227,208,1413,2001.0,0.0,4380.0,-1.1823700000000001,-0.7738619999999999,UGA,SWE,8951
848369,228,208,1413,2001.0,0.0,22734.0,0.642888,1.267971,UKR,SWE,8951
848370,230,208,1413,2001.0,0.0,5676.0,0.192313,0.401841,URY,SWE,8951
848371,231,208,1413,2001.0,292193.0,4883904.0,1.96615,-0.12332699999999999,USA,SWE,8951
848372,236,208,1413,2001.0,0.0,44006.0,-0.013877,-0.8582690000000001,VEN,SWE,8951
848373,239,208,1413,2001.0,0.0,11051.0,-0.533978,0.503988,VNM,SWE,8951
848374,246,208,1413,2001.0,0.0,17453.0,0.249833,2.1142950000000003,ZAF,SWE,8951
848375,247,208,1413,2001.0,0.0,2624.0,-0.8878799999999999,-0.735268,ZMB,SWE,8951
848376,248,208,1413,2001.0,0.0,1789.0,-0.663155,-0.212796,ZWE,SWE,8951
848377,249,208,1413,2001.0,145169.0,38112.0,1.7270020000000001,1.252843,TWN,SWE,8951
848378,7,216,1413,2001.0,0.0,8395.0,-0.217259,-0.613042,ARE,THA,8951
848379,8,216,1413,2001.0,0.0,1236.0,0.11289,0.916845,ARG,THA,8951
848380,14,216,1413,2001.0,0.0,120572.0,-0.12189000000000001,0.7281770000000001,AUS,THA,8951
848381,18,216,1413,2001.0,23062.0,1880.0,1.425483,1.3072409999999999,BEL,THA,8951
848382,22,216,1413,2001.0,0.0,13381.0,-0.799988,-1.061584,BGD,THA,8951
848383,32,216,1413,2001.0,0.0,1483.0,0.658473,1.328637,BRA,THA,8951
848384,39,216,1413,2001.0,0.0,10915.0,0.8899729999999999,1.3778299999999999,CAN,THA,8951
848385,41,216,1413,2001.0,9371.0,6429.0,2.161588,0.8069890000000001,CHE,THA,8951
848386,43,216,1413,2001.0,1294200.0,22811.0,0.535502,2.28778,CHN,THA,8951
848387,59,216,1413,2001.0,0.0,6645.0,1.56908,0.860384,CZE,THA,8951
848388,61,216,1413,2001.0,52176.0,441153.0,2.335872,-2.09875,DEU,THA,8951
848389,64,216,1413,2001.0,4774.0,13291.0,1.356327,1.3288309999999999,DNK,THA,8951
848390,68,216,1413,2001.0,0.0,10954.0,-0.346794,0.431229,EGY,THA,8951
848391,71,216,1413,2001.0,29741.0,90552.0,1.1380350000000001,1.7870139999999999,ESP,THA,8951
848392,72,216,1413,2001.0,0.0,1011.0,0.53422,0.9372790000000001,EST,THA,8951
848393,77,216,1413,2001.0,17556.0,330176.0,1.6143809999999998,0.626221,FRA,THA,8951
848394,81,216,1413,2001.0,103578.0,449336.0,2.1068439999999997,0.658575,GBR,THA,8951
848395,83,216,1413,2001.0,0.0,13612.0,-0.7818689999999999,-0.645878,GHA,THA,8951
848396,90,216,1413,2001.0,0.0,24416.0,0.338607,1.506593,GRC,THA,8951
848397,97,216,1413,2001.0,374896.0,39562.0,0.639538,1.5157610000000001,HKG,THA,8951
848398,102,216,1413,2001.0,0.0,3338.0,1.069245,1.2217069999999999,HUN,THA,8951
848399,103,216,1413,2001.0,82385.0,280928.0,0.039233,1.780659,IDN,THA,8951
848400,104,216,1413,2001.0,89073.0,5667.0,0.382444,2.538934,IND,THA,8951
848401,110,216,1413,2001.0,0.0,11056.0,1.17675,0.900401,ISR,THA,8951
848402,111,216,1413,2001.0,44912.0,79812.0,1.488545,0.8410610000000001,ITA,THA,8951
848403,114,216,1413,2001.0,353457.0,456117.0,2.674032,0.445636,JPN,THA,8951
848404,115,216,1413,2001.0,0.0,24579.0,-0.05773,-0.44668500000000005,KAZ,THA,8951
848405,118,216,1413,2001.0,0.0,26099.0,-0.8596729999999999,-1.1214979999999999,KHM,THA,8951
848406,121,216,1413,2001.0,25214.0,2811.0,1.436204,0.917057,KOR,THA,8951
848407,122,216,1413,2001.0,0.0,3107.0,-0.695801,-1.225701,KWT,THA,8951
848408,123,216,1413,2001.0,0.0,42221.0,-0.922693,-1.056163,LAO,THA,8951
848409,124,216,1413,2001.0,0.0,21917.0,0.09267,0.97731,LBN,THA,8951
848410,128,216,1413,2001.0,0.0,14061.0,-0.43381000000000003,0.057630999999999995,LKA,THA,8951
848411,130,216,1413,2001.0,0.0,1627.0,0.21069699999999997,0.720384,LTU,THA,8951
848412,132,216,1413,2001.0,0.0,19205.0,0.31652600000000003,0.523927,LVA,THA,8951
848413,137,216,1413,2001.0,0.0,2552.0,-0.957807,-1.0006030000000001,MDV,THA,8951
848414,138,216,1413,2001.0,0.0,2452.0,1.088661,0.680197,MEX,THA,8951
848415,143,216,1413,2001.0,0.0,69397.0,-1.284563,-1.021743,MMR,THA,8951
848416,153,216,1413,2001.0,665838.0,125813.0,0.894191,0.310677,MYS,THA,8951
848417,162,216,1413,2001.0,5677.0,76375.0,1.299569,1.487015,NLD,THA,8951
848418,166,216,1413,2001.0,0.0,6602.0,0.220307,0.689625,NZL,THA,8951
848419,174,216,1413,2001.0,89060.0,7174.0,0.153601,-0.174218,PHL,THA,8951
848420,178,216,1413,2001.0,0.0,1128.0,0.7188640000000001,1.101559,PRK,THA,8951
848421,179,216,1413,2001.0,2744.0,0.0,0.688736,1.326716,PRT,THA,8951
848422,186,216,1413,2001.0,0.0,67692.0,0.546271,0.195872,RUS,THA,8951
848423,188,216,1413,2001.0,0.0,100871.0,0.078887,-0.9764430000000001,SAU,THA,8951
848424,192,216,1413,2001.0,1001494.0,1236105.0,1.587064,0.639626,SGP,THA,8951
848425,208,216,1413,2001.0,86702.0,0.0,2.01685,0.8233159999999999,SWE,THA,8951
848426,226,216,1413,2001.0,0.0,11138.0,-1.227071,-0.489829,TZA,THA,8951
848427,228,216,1413,2001.0,0.0,7370.0,0.642888,1.267971,UKR,THA,8951
848428,231,216,1413,2001.0,34612.0,455810.0,1.96615,-0.12332699999999999,USA,THA,8951
848429,239,216,1413,2001.0,0.0,13146.0,-0.533978,0.503988,VNM,THA,8951
848430,243,216,1413,2001.0,0.0,133877.0,-1.658584,-1.354606,YEM,THA,8951
848431,249,216,1413,2001.0,127246.0,19791.0,1.7270020000000001,1.252843,TWN,THA,8951
848432,25,222,1413,2001.0,5016.0,0.0,0.37464899999999995,-0.130024,BHS,TTO,8951
848433,33,222,1413,2001.0,2722.0,23768.0,0.418462,-0.020000999999999998,BRB,TTO,8951
848434,39,222,1413,2001.0,269590.0,0.0,0.8899729999999999,1.3778299999999999,CAN,TTO,8951
848435,43,222,1413,2001.0,24759.0,0.0,0.535502,2.28778,CHN,TTO,8951
848436,49,222,1413,2001.0,1464.0,0.0,0.3378,0.479951,COL,TTO,8951
848437,61,222,1413,2001.0,21233.0,0.0,2.335872,-2.09875,DEU,TTO,8951
848438,81,222,1413,2001.0,112606.0,0.0,2.1068439999999997,0.658575,GBR,TTO,8951
848439,91,222,1413,2001.0,0.0,9806.0,0.405462,-0.304177,GRD,TTO,8951
848440,96,222,1413,2001.0,0.0,7092.0,-1.026002,-0.937657,GUY,TTO,8951
848441,97,222,1413,2001.0,12798.0,0.0,0.639538,1.5157610000000001,HKG,TTO,8951
848442,112,222,1413,2001.0,0.0,71139.0,-0.562839,-0.9381510000000001,JAM,TTO,8951
848443,114,222,1413,2001.0,2263.0,0.0,2.674032,0.445636,JPN,TTO,8951
848444,120,222,1413,2001.0,0.0,1047.0,0.650191,-0.487457,KNA,TTO,8951
848445,121,222,1413,2001.0,8560.0,0.0,1.436204,0.917057,KOR,TTO,8951
848446,127,222,1413,2001.0,0.0,7315.0,0.064826,-0.521713,LCA,TTO,8951
848447,153,222,1413,2001.0,4985.0,0.0,0.894191,0.310677,MYS,TTO,8951
848448,205,222,1413,2001.0,0.0,1376.0,-0.7622359999999999,-0.790158,SUR,TTO,8951
848449,208,222,1413,2001.0,1632.0,0.0,2.01685,0.8233159999999999,SWE,TTO,8951
848450,231,222,1413,2001.0,50383.0,1802.0,1.96615,-0.12332699999999999,USA,TTO,8951
848451,249,222,1413,2001.0,17807.0,0.0,1.7270020000000001,1.252843,TWN,TTO,8951
848452,4,224,1413,2001.0,0.0,31024.0,-0.137138,0.120093,ALB,TUR,8951
848453,7,224,1413,2001.0,0.0,14026.0,-0.217259,-0.613042,ARE,TUR,8951
848454,9,224,1413,2001.0,0.0,7795.0,0.62364,0.172704,ARM,TUR,8951
848455,15,224,1413,2001.0,156855.0,0.0,1.8987740000000002,0.45922700000000005,AUT,TUR,8951
848456,16,224,1413,2001.0,0.0,17390.0,-0.613283,-0.949908,AZE,TUR,8951
848457,18,224,1413,2001.0,10243.0,0.0,1.425483,1.3072409999999999,BEL,TUR,8951
848458,23,224,1413,2001.0,0.0,45999.0,0.46429799999999993,1.7500380000000002,BGR,TUR,8951
848459,26,224,1413,2001.0,0.0,2028.0,0.263644,0.44197,BIH,TUR,8951
848460,43,224,1413,2001.0,445555.0,0.0,0.535502,2.28778,CHN,TUR,8951
848461,58,224,1413,2001.0,0.0,9953.0,0.30700500000000003,0.258726,CYP,TUR,8951
848462,59,224,1413,2001.0,92964.0,0.0,1.56908,0.860384,CZE,TUR,8951
848463,61,224,1413,2001.0,493764.0,46505.0,2.335872,-2.09875,DEU,TUR,8951
848464,64,224,1413,2001.0,9246.0,0.0,1.356327,1.3288309999999999,DNK,TUR,8951
848465,66,224,1413,2001.0,0.0,31895.0,-0.9852559999999999,-1.245285,DZA,TUR,8951
848466,71,224,1413,2001.0,2317.0,0.0,1.1380350000000001,1.7870139999999999,ESP,TUR,8951
848467,74,224,1413,2001.0,0.0,5829.0,1.9661669999999998,1.000436,FIN,TUR,8951
848468,77,224,1413,2001.0,23734.0,9793.0,1.6143809999999998,0.626221,FRA,TUR,8951
848469,81,224,1413,2001.0,45415.0,25552.0,2.1068439999999997,0.658575,GBR,TUR,8951
848470,82,224,1413,2001.0,0.0,19043.0,0.063126,-0.285493,GEO,TUR,8951
848471,90,224,1413,2001.0,14758.0,65359.0,0.338607,1.506593,GRC,TUR,8951
848472,97,224,1413,2001.0,300175.0,0.0,0.639538,1.5157610000000001,HKG,TUR,8951
848473,100,224,1413,2001.0,0.0,1927.0,0.6315729999999999,1.169338,HRV,TUR,8951
848474,102,224,1413,2001.0,0.0,2643.0,1.069245,1.2217069999999999,HUN,TUR,8951
848475,107,224,1413,2001.0,0.0,15100.0,-0.973691,-1.05654,IRN,TUR,8951
848476,110,224,1413,2001.0,0.0,53165.0,1.17675,0.900401,ISR,TUR,8951
848477,111,224,1413,2001.0,195426.0,13123.0,1.488545,0.8410610000000001,ITA,TUR,8951
848478,113,224,1413,2001.0,0.0,3538.0,0.5404760000000001,0.8497170000000001,JOR,TUR,8951
848479,114,224,1413,2001.0,6845.0,0.0,2.674032,0.445636,JPN,TUR,8951
848480,115,224,1413,2001.0,0.0,1933.0,-0.05773,-0.44668500000000005,KAZ,TUR,8951
848481,121,224,1413,2001.0,21123.0,0.0,1.436204,0.917057,KOR,TUR,8951
848482,122,224,1413,2001.0,0.0,12110.0,-0.695801,-1.225701,KWT,TUR,8951
848483,124,224,1413,2001.0,0.0,11258.0,0.09267,0.97731,LBN,TUR,8951
848484,126,224,1413,2001.0,0.0,5367.0,-0.9461450000000001,-1.242884,LBY,TUR,8951
848485,135,224,1413,2001.0,0.0,3406.0,0.12110699999999999,0.159706,MDA,TUR,8951
848486,140,224,1413,2001.0,0.0,22791.0,0.085844,0.413947,MKD,TUR,8951
848487,142,224,1413,2001.0,0.0,2918.0,1.048708,-0.04453,MLT,TUR,8951
848488,153,224,1413,2001.0,18143.0,0.0,0.894191,0.310677,MYS,TUR,8951
848489,162,224,1413,2001.0,20452.0,4223.0,1.299569,1.487015,NLD,TUR,8951
848490,185,224,1413,2001.0,0.0,32731.0,0.465168,1.1029129999999998,ROU,TUR,8951
848491,186,224,1413,2001.0,0.0,52425.0,0.546271,0.195872,RUS,TUR,8951
848492,188,224,1413,2001.0,0.0,47080.0,0.078887,-0.9764430000000001,SAU,TUR,8951
848493,189,224,1413,2001.0,0.0,25703.0,0.38765,2.769588,SCG,TUR,8951
848494,207,224,1413,2001.0,260601.0,0.0,1.488089,1.0928360000000001,SVN,TUR,8951
848495,208,224,1413,2001.0,29883.0,0.0,2.01685,0.8233159999999999,SWE,TUR,8951
848496,212,224,1413,2001.0,0.0,6080.0,-1.138774,-0.839648,SYR,TUR,8951
848497,219,224,1413,2001.0,0.0,2445.0,-0.8917290000000001,-1.226342,TKM,TUR,8951
848498,228,224,1413,2001.0,0.0,15827.0,0.642888,1.267971,UKR,TUR,8951
848499,231,224,1413,2001.0,59643.0,0.0,1.96615,-0.12332699999999999,USA,TUR,8951
848500,249,224,1413,2001.0,53521.0,0.0,1.7270020000000001,1.252843,TWN,TUR,8951
848501,250,224,1413,2001.0,0.0,9194.0,0.947105,-0.529946,ANS,TUR,8951
848502,0,231,1413,2001.0,0.0,11696.0,-0.500051,-0.8763299999999999,ABW,USA,8951
848503,1,231,1413,2001.0,0.0,40598.0,0.110694,-0.372979,AFG,USA,8951
848504,2,231,1413,2001.0,0.0,8952.0,-2.190929,-1.302123,AGO,USA,8951
848505,3,231,1413,2001.0,0.0,4972.0,1.2751139999999999,0.465124,AIA,USA,8951
848506,6,231,1413,2001.0,0.0,12014.0,-0.17823699999999998,-0.814499,ANT,USA,8951
848507,7,231,1413,2001.0,7420.0,28752.0,-0.217259,-0.613042,ARE,USA,8951
848508,8,231,1413,2001.0,0.0,147282.0,0.11289,0.916845,ARG,USA,8951
848509,13,231,1413,2001.0,0.0,58319.0,-0.178808,-0.795151,ATG,USA,8951
848510,14,231,1413,2001.0,70878.0,2116321.0,-0.12189000000000001,0.7281770000000001,AUS,USA,8951
848511,15,231,1413,2001.0,2987892.0,22024.0,1.8987740000000002,0.45922700000000005,AUT,USA,8951
848512,17,231,1413,2001.0,0.0,2713.0,-0.5069600000000001,-0.7808609999999999,BDI,USA,8951
848513,18,231,1413,2001.0,655716.0,166253.0,1.425483,1.3072409999999999,BEL,USA,8951
848514,19,231,1413,2001.0,0.0,1869.0,-0.9032530000000001,-0.8979590000000001,BEN,USA,8951
848515,23,231,1413,2001.0,4521.0,19482.0,0.46429799999999993,1.7500380000000002,BGR,USA,8951
848516,24,231,1413,2001.0,0.0,16525.0,-0.11648499999999999,-1.101653,BHR,USA,8951
848517,25,231,1413,2001.0,41743.0,212154.0,0.37464899999999995,-0.130024,BHS,USA,8951
848518,29,231,1413,2001.0,0.0,44537.0,-0.356917,-0.73121,BLZ,USA,8951
848519,30,231,1413,2001.0,0.0,8085.0,1.070437,-0.50948,BMU,USA,8951
848520,31,231,1413,2001.0,0.0,11140.0,-0.614885,-0.5022770000000001,BOL,USA,8951
848521,32,231,1413,2001.0,57938.0,676317.0,0.658473,1.328637,BRA,USA,8951
848522,33,231,1413,2001.0,0.0,67331.0,0.418462,-0.020000999999999998,BRB,USA,8951
848523,34,231,1413,2001.0,0.0,12183.0,-0.38253899999999996,-0.904789,BRN,USA,8951
848524,38,231,1413,2001.0,0.0,11459.0,-0.656133,-0.8365530000000001,CAF,USA,8951
848525,39,231,1413,2001.0,1583730.0,19002202.0,0.8899729999999999,1.3778299999999999,CAN,USA,8951
848526,41,231,1413,2001.0,68958.0,445968.0,2.161588,0.8069890000000001,CHE,USA,8951
848527,42,231,1413,2001.0,6795.0,1861697.0,-0.148124,0.074033,CHL,USA,8951
848528,43,231,1413,2001.0,75835952.0,458486.0,0.535502,2.28778,CHN,USA,8951
848529,44,231,1413,2001.0,0.0,6380.0,-0.731178,-0.5734739999999999,CIV,USA,8951
848530,45,231,1413,2001.0,0.0,15464.0,-1.4692049999999999,-1.251498,CMR,USA,8951
848531,49,231,1413,2001.0,1018250.0,176986.0,0.3378,0.479951,COL,USA,8951
848532,52,231,1413,2001.0,0.0,175946.0,0.07408200000000001,0.126368,CRI,USA,8951
848533,57,231,1413,2001.0,0.0,37247.0,0.421799,-0.713411,CYM,USA,8951
848534,58,231,1413,2001.0,0.0,32913.0,0.30700500000000003,0.258726,CYP,USA,8951
848535,59,231,1413,2001.0,132464.0,8161.0,1.56908,0.860384,CZE,USA,8951
848536,61,231,1413,2001.0,7271146.0,830777.0,2.335872,-2.09875,DEU,USA,8951
848537,63,231,1413,2001.0,0.0,10086.0,0.573546,0.326301,DMA,USA,8951
848538,64,231,1413,2001.0,137441.0,990354.0,1.356327,1.3288309999999999,DNK,USA,8951
848539,65,231,1413,2001.0,1754046.0,111986.0,-0.55896,-0.517513,DOM,USA,8951
848540,66,231,1413,2001.0,0.0,9874.0,-0.9852559999999999,-1.245285,DZA,USA,8951
848541,67,231,1413,2001.0,0.0,98822.0,-0.8668389999999999,-0.891943,ECU,USA,8951
848542,68,231,1413,2001.0,0.0,6472.0,-0.346794,0.431229,EGY,USA,8951
848543,71,231,1413,2001.0,519173.0,106963.0,1.1380350000000001,1.7870139999999999,ESP,USA,8951
848544,73,231,1413,2001.0,0.0,88149.0,-1.010637,-0.8893280000000001,ETH,USA,8951
848545,74,231,1413,2001.0,102460.0,13301.0,1.9661669999999998,1.000436,FIN,USA,8951
848546,77,231,1413,2001.0,212628.0,1100068.0,1.6143809999999998,0.626221,FRA,USA,8951
848547,80,231,1413,2001.0,0.0,4838.0,-1.603078,-1.308825,GAB,USA,8951
848548,81,231,1413,2001.0,5059405.0,3145690.0,2.1068439999999997,0.658575,GBR,USA,8951
848549,82,231,1413,2001.0,123179.0,0.0,0.063126,-0.285493,GEO,USA,8951
848550,83,231,1413,2001.0,0.0,38324.0,-0.7818689999999999,-0.645878,GHA,USA,8951
848551,85,231,1413,2001.0,0.0,6330.0,-1.2887950000000001,-1.195448,GIN,USA,8951
848552,90,231,1413,2001.0,0.0,60566.0,0.338607,1.506593,GRC,USA,8951
848553,91,231,1413,2001.0,0.0,26011.0,0.405462,-0.304177,GRD,USA,8951
848554,93,231,1413,2001.0,0.0,119260.0,-0.43618199999999996,0.135535,GTM,USA,8951
848555,96,231,1413,2001.0,0.0,79422.0,-1.026002,-0.937657,GUY,USA,8951
848556,97,231,1413,2001.0,1700280.0,1126740.0,0.639538,1.5157610000000001,HKG,USA,8951
848557,99,231,1413,2001.0,0.0,45543.0,-0.6886899999999999,-0.49161400000000005,HND,USA,8951
848558,100,231,1413,2001.0,0.0,3157.0,0.6315729999999999,1.169338,HRV,USA,8951
848559,101,231,1413,2001.0,0.0,17591.0,-0.8405809999999999,-0.8236399999999999,HTI,USA,8951
848560,102,231,1413,2001.0,445828.0,103070.0,1.069245,1.2217069999999999,HUN,USA,8951
848561,103,231,1413,2001.0,210267.0,67855.0,0.039233,1.780659,IDN,USA,8951
848562,104,231,1413,2001.0,482005.0,55132.0,0.382444,2.538934,IND,USA,8951
848563,106,231,1413,2001.0,2680.0,1400253.0,1.751955,0.210628,IRL,USA,8951
848564,107,231,1413,2001.0,1786.0,0.0,-0.973691,-1.05654,IRN,USA,8951
848565,109,231,1413,2001.0,0.0,20381.0,0.049756,-0.496962,ISL,USA,8951
848566,110,231,1413,2001.0,1948.0,237649.0,1.17675,0.900401,ISR,USA,8951
848567,111,231,1413,2001.0,1703170.0,666197.0,1.488545,0.8410610000000001,ITA,USA,8951
848568,112,231,1413,2001.0,1151.0,342459.0,-0.562839,-0.9381510000000001,JAM,USA,8951
848569,113,231,1413,2001.0,0.0,8887.0,0.5404760000000001,0.8497170000000001,JOR,USA,8951
848570,114,231,1413,2001.0,10900222.0,2297246.0,2.674032,0.445636,JPN,USA,8951
848571,115,231,1413,2001.0,0.0,30792.0,-0.05773,-0.44668500000000005,KAZ,USA,8951
848572,116,231,1413,2001.0,0.0,8501.0,-0.533651,0.072611,KEN,USA,8951
848573,120,231,1413,2001.0,0.0,17318.0,0.650191,-0.487457,KNA,USA,8951
848574,121,231,1413,2001.0,2653255.0,99010.0,1.436204,0.917057,KOR,USA,8951
848575,122,231,1413,2001.0,0.0,73004.0,-0.695801,-1.225701,KWT,USA,8951
848576,124,231,1413,2001.0,0.0,33161.0,0.09267,0.97731,LBN,USA,8951
848577,125,231,1413,2001.0,3032.0,5856.0,-0.558711,-1.1508770000000001,LBR,USA,8951
848578,127,231,1413,2001.0,0.0,147737.0,0.064826,-0.521713,LCA,USA,8951
848579,128,231,1413,2001.0,5838.0,13922.0,-0.43381000000000003,0.057630999999999995,LKA,USA,8951
848580,129,231,1413,2001.0,0.0,2279.0,-0.624448,-0.7844260000000001,LSO,USA,8951
848581,132,231,1413,2001.0,0.0,1029.0,0.31652600000000003,0.523927,LVA,USA,8951
848582,133,231,1413,2001.0,0.0,3732.0,-0.250517,-0.589391,MAC,USA,8951
848583,136,231,1413,2001.0,0.0,2297.0,-1.0624850000000001,-0.695873,MDG,USA,8951
848584,138,231,1413,2001.0,7943162.0,11091848.0,1.088661,0.680197,MEX,USA,8951
848585,141,231,1413,2001.0,0.0,9103.0,-0.176802,-0.408531,MLI,USA,8951
848586,143,231,1413,2001.0,0.0,6566.0,-1.284563,-1.021743,MMR,USA,8951
848587,148,231,1413,2001.0,0.0,1943.0,-1.112149,-1.292716,MRT,USA,8951
848588,149,231,1413,2001.0,0.0,6819.0,0.841457,-0.287684,MSR,USA,8951
848589,153,231,1413,2001.0,84943.0,52933.0,0.894191,0.310677,MYS,USA,8951
848590,159,231,1413,2001.0,0.0,39587.0,-1.9085759999999998,-1.335279,NGA,USA,8951
848591,160,231,1413,2001.0,0.0,109219.0,-0.865941,-0.617108,NIC,USA,8951
848592,162,231,1413,2001.0,1984316.0,1410058.0,1.299569,1.487015,NLD,USA,8951
848593,163,231,1413,2001.0,4500.0,18890.0,0.542366,-0.180336,NOR,USA,8951
848594,166,231,1413,2001.0,12184.0,37549.0,0.220307,0.689625,NZL,USA,8951
848595,167,231,1413,2001.0,5322.0,4546.0,-1.4727729999999999,-1.329588,OMN,USA,8951
848596,168,231,1413,2001.0,6403.0,0.0,-0.741053,-0.41444,PAK,USA,8951
848597,169,231,1413,2001.0,0.0,288774.0,0.17863800000000002,0.440159,PAN,USA,8951
848598,173,231,1413,2001.0,0.0,96752.0,-0.318071,0.116602,PER,USA,8951
848599,174,231,1413,2001.0,11572.0,117395.0,0.153601,-0.174218,PHL,USA,8951
848600,176,231,1413,2001.0,0.0,6968.0,-1.2970270000000002,-1.1991209999999999,PNG,USA,8951
848601,177,231,1413,2001.0,50759.0,17901.0,0.983238,1.7436209999999999,POL,USA,8951
848602,179,231,1413,2001.0,2685.0,50579.0,0.688736,1.326716,PRT,USA,8951
848603,180,231,1413,2001.0,0.0,7935.0,-0.7430220000000001,-0.8668540000000001,PRY,USA,8951
848604,182,231,1413,2001.0,0.0,7523.0,0.055376,-0.762668,PYF,USA,8951
848605,183,231,1413,2001.0,0.0,15344.0,-0.282283,-1.136895,QAT,USA,8951
848606,185,231,1413,2001.0,0.0,4566.0,0.465168,1.1029129999999998,ROU,USA,8951
848607,186,231,1413,2001.0,0.0,54165.0,0.546271,0.195872,RUS,USA,8951
848608,187,231,1413,2001.0,0.0,10552.0,-1.043415,-0.9686870000000001,RWA,USA,8951
848609,188,231,1413,2001.0,0.0,176430.0,0.078887,-0.9764430000000001,SAU,USA,8951
848610,191,231,1413,2001.0,0.0,5756.0,-0.570156,-0.560573,SEN,USA,8951
848611,192,231,1413,2001.0,91517.0,871052.0,1.587064,0.639626,SGP,USA,8951
848612,197,231,1413,2001.0,0.0,13787.0,-0.123958,-0.103849,SLV,USA,8951
848613,205,231,1413,2001.0,0.0,12775.0,-0.7622359999999999,-0.790158,SUR,USA,8951
848614,206,231,1413,2001.0,0.0,2619.0,1.310591,1.195523,SVK,USA,8951
848615,207,231,1413,2001.0,0.0,1668.0,1.488089,1.0928360000000001,SVN,USA,8951
848616,208,231,1413,2001.0,4883904.0,292193.0,2.01685,0.8233159999999999,SWE,USA,8951
848617,212,231,1413,2001.0,0.0,4677.0,-1.138774,-0.839648,SYR,USA,8951
848618,213,231,1413,2001.0,0.0,91639.0,0.231708,-0.150225,TCA,USA,8951
848619,214,231,1413,2001.0,0.0,10262.0,-0.263125,-0.8669950000000001,TCD,USA,8951
848620,215,231,1413,2001.0,0.0,2073.0,-0.45409399999999994,-0.337055,TGO,USA,8951
848621,216,231,1413,2001.0,455810.0,34612.0,0.49264600000000003,1.493471,THA,USA,8951
848622,221,231,1413,2001.0,0.0,1314.0,-1.14535,-1.031814,TON,USA,8951
848623,222,231,1413,2001.0,1802.0,50383.0,0.265201,-0.602807,TTO,USA,8951
848624,223,231,1413,2001.0,0.0,4279.0,0.054524,0.26892699999999997,TUN,USA,8951
848625,224,231,1413,2001.0,0.0,59643.0,0.168219,1.989011,TUR,USA,8951
848626,226,231,1413,2001.0,0.0,61991.0,-1.227071,-0.489829,TZA,USA,8951
848627,227,231,1413,2001.0,0.0,4275.0,-1.1823700000000001,-0.7738619999999999,UGA,USA,8951
848628,228,231,1413,2001.0,0.0,9950.0,0.642888,1.267971,UKR,USA,8951
848629,230,231,1413,2001.0,0.0,23543.0,0.192313,0.401841,URY,USA,8951
848630,234,231,1413,2001.0,0.0,9952.0,-0.318918,-0.764984,VCT,USA,8951
848631,236,231,1413,2001.0,213580.0,1099435.0,-0.013877,-0.8582690000000001,VEN,USA,8951
848632,242,231,1413,2001.0,0.0,6946.0,-0.45074200000000003,-0.7984439999999999,WSM,USA,8951
848633,246,231,1413,2001.0,3048.0,106078.0,0.249833,2.1142950000000003,ZAF,USA,8951
848634,247,231,1413,2001.0,0.0,40509.0,-0.8878799999999999,-0.735268,ZMB,USA,8951
848635,248,231,1413,2001.0,0.0,9240.0,-0.663155,-0.212796,ZWE,USA,8951
848636,249,231,1413,2001.0,10858803.0,314856.0,1.7270020000000001,1.252843,TWN,USA,8951
848637,6,236,1413,2001.0,18740.0,0.0,-0.17823699999999998,-0.814499,ANT,VEN,8951
848638,8,236,1413,2001.0,96771.0,0.0,0.11289,0.916845,ARG,VEN,8951
848639,18,236,1413,2001.0,8104.0,0.0,1.425483,1.3072409999999999,BEL,VEN,8951
848640,32,236,1413,2001.0,1529.0,0.0,0.658473,1.328637,BRA,VEN,8951
848641,42,236,1413,2001.0,0.0,34343.0,-0.148124,0.074033,CHL,VEN,8951
848642,43,236,1413,2001.0,255466.0,0.0,0.535502,2.28778,CHN,VEN,8951
848643,49,236,1413,2001.0,382830.0,9509.0,0.3378,0.479951,COL,VEN,8951
848644,52,236,1413,2001.0,0.0,10451.0,0.07408200000000001,0.126368,CRI,VEN,8951
848645,61,236,1413,2001.0,66414.0,0.0,2.335872,-2.09875,DEU,VEN,8951
848646,64,236,1413,2001.0,1949.0,0.0,1.356327,1.3288309999999999,DNK,VEN,8951
848647,71,236,1413,2001.0,15684.0,35351.0,1.1380350000000001,1.7870139999999999,ESP,VEN,8951
848648,77,236,1413,2001.0,31179.0,0.0,1.6143809999999998,0.626221,FRA,VEN,8951
848649,97,236,1413,2001.0,280519.0,0.0,0.639538,1.5157610000000001,HKG,VEN,8951
848650,111,236,1413,2001.0,54069.0,0.0,1.488545,0.8410610000000001,ITA,VEN,8951
848651,114,236,1413,2001.0,14585.0,0.0,2.674032,0.445636,JPN,VEN,8951
848652,121,236,1413,2001.0,180644.0,0.0,1.436204,0.917057,KOR,VEN,8951
848653,138,236,1413,2001.0,23809.0,19798.0,1.088661,0.680197,MEX,VEN,8951
848654,162,236,1413,2001.0,28160.0,0.0,1.299569,1.487015,NLD,VEN,8951
848655,169,236,1413,2001.0,3477.0,0.0,0.17863800000000002,0.440159,PAN,VEN,8951
848656,173,236,1413,2001.0,0.0,24490.0,-0.318071,0.116602,PER,VEN,8951
848657,208,236,1413,2001.0,44006.0,0.0,2.01685,0.8233159999999999,SWE,VEN,8951
848658,231,236,1413,2001.0,1099435.0,213580.0,1.96615,-0.12332699999999999,USA,VEN,8951
848659,249,236,1413,2001.0,109168.0,0.0,1.7270020000000001,1.252843,TWN,VEN,8951
848660,250,236,1413,2001.0,3113.0,0.0,0.947105,-0.529946,ANS,VEN,8951
848661,14,239,1413,2001.0,6608.0,0.0,-0.12189000000000001,0.7281770000000001,AUS,VNM,8951
848662,18,239,1413,2001.0,7310.0,7533.0,1.425483,1.3072409999999999,BEL,VNM,8951
848663,41,239,1413,2001.0,0.0,8530.0,2.161588,0.8069890000000001,CHE,VNM,8951
848664,43,239,1413,2001.0,185657.0,0.0,0.535502,2.28778,CHN,VNM,8951
848665,58,239,1413,2001.0,3036.0,0.0,0.30700500000000003,0.258726,CYP,VNM,8951
848666,61,239,1413,2001.0,0.0,1636.0,2.335872,-2.09875,DEU,VNM,8951
848667,71,239,1413,2001.0,0.0,23609.0,1.1380350000000001,1.7870139999999999,ESP,VNM,8951
848668,81,239,1413,2001.0,0.0,17932.0,2.1068439999999997,0.658575,GBR,VNM,8951
848669,97,239,1413,2001.0,85743.0,0.0,0.639538,1.5157610000000001,HKG,VNM,8951
848670,103,239,1413,2001.0,0.0,12439.0,0.039233,1.780659,IDN,VNM,8951
848671,104,239,1413,2001.0,14674.0,9944.0,0.382444,2.538934,IND,VNM,8951
848672,106,239,1413,2001.0,16377.0,0.0,1.751955,0.210628,IRL,VNM,8951
848673,114,239,1413,2001.0,33981.0,1149554.0,2.674032,0.445636,JPN,VNM,8951
848674,118,239,1413,2001.0,0.0,2483.0,-0.8596729999999999,-1.1214979999999999,KHM,VNM,8951
848675,121,239,1413,2001.0,12552.0,0.0,1.436204,0.917057,KOR,VNM,8951
848676,122,239,1413,2001.0,0.0,17177.0,-0.695801,-1.225701,KWT,VNM,8951
848677,124,239,1413,2001.0,0.0,1172.0,0.09267,0.97731,LBN,VNM,8951
848678,153,239,1413,2001.0,12147.0,226560.0,0.894191,0.310677,MYS,VNM,8951
848679,162,239,1413,2001.0,0.0,6970.0,1.299569,1.487015,NLD,VNM,8951
848680,167,239,1413,2001.0,0.0,37438.0,-1.4727729999999999,-1.329588,OMN,VNM,8951
848681,179,239,1413,2001.0,0.0,4545.0,0.688736,1.326716,PRT,VNM,8951
848682,192,239,1413,2001.0,187667.0,427324.0,1.587064,0.639626,SGP,VNM,8951
848683,208,239,1413,2001.0,11051.0,0.0,2.01685,0.8233159999999999,SWE,VNM,8951
848684,216,239,1413,2001.0,13146.0,0.0,0.49264600000000003,1.493471,THA,VNM,8951
848685,249,239,1413,2001.0,178164.0,57005.0,1.7270020000000001,1.252843,TWN,VNM,8951
848686,6,249,1413,2001.0,0.0,3252.0,-0.17823699999999998,-0.814499,ANT,TWN,8951
848687,7,249,1413,2001.0,0.0,375139.0,-0.217259,-0.613042,ARE,TWN,8951
848688,8,249,1413,2001.0,0.0,192050.0,0.11289,0.916845,ARG,TWN,8951
848689,14,249,1413,2001.0,0.0,909329.0,-0.12189000000000001,0.7281770000000001,AUS,TWN,8951
848690,15,249,1413,2001.0,0.0,36819.0,1.8987740000000002,0.45922700000000005,AUT,TWN,8951
848691,18,249,1413,2001.0,2441.0,167827.0,1.425483,1.3072409999999999,BEL,TWN,8951
848692,22,249,1413,2001.0,0.0,48661.0,-0.799988,-1.061584,BGD,TWN,8951
848693,23,249,1413,2001.0,0.0,5464.0,0.46429799999999993,1.7500380000000002,BGR,TWN,8951
848694,24,249,1413,2001.0,0.0,11265.0,-0.11648499999999999,-1.101653,BHR,TWN,8951
848695,31,249,1413,2001.0,0.0,5373.0,-0.614885,-0.5022770000000001,BOL,TWN,8951
848696,32,249,1413,2001.0,0.0,162217.0,0.658473,1.328637,BRA,TWN,8951
848697,34,249,1413,2001.0,0.0,17701.0,-0.38253899999999996,-0.904789,BRN,TWN,8951
848698,39,249,1413,2001.0,0.0,663508.0,0.8899729999999999,1.3778299999999999,CAN,TWN,8951
848699,41,249,1413,2001.0,1291.0,126704.0,2.161588,0.8069890000000001,CHE,TWN,8951
848700,42,249,1413,2001.0,0.0,304095.0,-0.148124,0.074033,CHL,TWN,8951
848701,43,249,1413,2001.0,2512592.0,306255.0,0.535502,2.28778,CHN,TWN,8951
848702,49,249,1413,2001.0,0.0,36899.0,0.3378,0.479951,COL,TWN,8951
848703,52,249,1413,2001.0,0.0,24724.0,0.07408200000000001,0.126368,CRI,TWN,8951
848704,54,249,1413,2001.0,0.0,16454.0,-0.889919,-1.137994,CUB,TWN,8951
848705,58,249,1413,2001.0,0.0,31457.0,0.30700500000000003,0.258726,CYP,TWN,8951
848706,59,249,1413,2001.0,0.0,12576.0,1.56908,0.860384,CZE,TWN,8951
848707,61,249,1413,2001.0,11177.0,2344316.0,2.335872,-2.09875,DEU,TWN,8951
848708,64,249,1413,2001.0,0.0,83004.0,1.356327,1.3288309999999999,DNK,TWN,8951
848709,65,249,1413,2001.0,0.0,28388.0,-0.55896,-0.517513,DOM,TWN,8951
848710,67,249,1413,2001.0,0.0,60593.0,-0.8668389999999999,-0.891943,ECU,TWN,8951
848711,68,249,1413,2001.0,0.0,63173.0,-0.346794,0.431229,EGY,TWN,8951
848712,71,249,1413,2001.0,13510.0,212930.0,1.1380350000000001,1.7870139999999999,ESP,TWN,8951
848713,72,249,1413,2001.0,0.0,33619.0,0.53422,0.9372790000000001,EST,TWN,8951
848714,74,249,1413,2001.0,0.0,143150.0,1.9661669999999998,1.000436,FIN,TWN,8951
848715,77,249,1413,2001.0,95995.0,564352.0,1.6143809999999998,0.626221,FRA,TWN,8951
848716,80,249,1413,2001.0,0.0,1121.0,-1.603078,-1.308825,GAB,TWN,8951
848717,81,249,1413,2001.0,56575.0,2053950.0,2.1068439999999997,0.658575,GBR,TWN,8951
848718,90,249,1413,2001.0,0.0,39946.0,0.338607,1.506593,GRC,TWN,8951
848719,93,249,1413,2001.0,0.0,48120.0,-0.43618199999999996,0.135535,GTM,TWN,8951
848720,96,249,1413,2001.0,0.0,5825.0,-1.026002,-0.937657,GUY,TWN,8951
848721,97,249,1413,2001.0,467412.0,1569288.0,0.639538,1.5157610000000001,HKG,TWN,8951
848722,99,249,1413,2001.0,0.0,13563.0,-0.6886899999999999,-0.49161400000000005,HND,TWN,8951
848723,100,249,1413,2001.0,0.0,24958.0,0.6315729999999999,1.169338,HRV,TWN,8951
848724,102,249,1413,2001.0,0.0,31448.0,1.069245,1.2217069999999999,HUN,TWN,8951
848725,103,249,1413,2001.0,35278.0,95669.0,0.039233,1.780659,IDN,TWN,8951
848726,104,249,1413,2001.0,0.0,39271.0,0.382444,2.538934,IND,TWN,8951
848727,106,249,1413,2001.0,0.0,34873.0,1.751955,0.210628,IRL,TWN,8951
848728,107,249,1413,2001.0,0.0,64083.0,-0.973691,-1.05654,IRN,TWN,8951
848729,109,249,1413,2001.0,0.0,1963.0,0.049756,-0.496962,ISL,TWN,8951
848730,110,249,1413,2001.0,1283.0,84385.0,1.17675,0.900401,ISR,TWN,8951
848731,111,249,1413,2001.0,68534.0,284652.0,1.488545,0.8410610000000001,ITA,TWN,8951
848732,112,249,1413,2001.0,0.0,47603.0,-0.562839,-0.9381510000000001,JAM,TWN,8951
848733,113,249,1413,2001.0,0.0,12348.0,0.5404760000000001,0.8497170000000001,JOR,TWN,8951
848734,114,249,1413,2001.0,329158.0,2080080.0,2.674032,0.445636,JPN,TWN,8951
848735,115,249,1413,2001.0,0.0,23899.0,-0.05773,-0.44668500000000005,KAZ,TWN,8951
848736,116,249,1413,2001.0,0.0,4050.0,-0.533651,0.072611,KEN,TWN,8951
848737,118,249,1413,2001.0,0.0,7004.0,-0.8596729999999999,-1.1214979999999999,KHM,TWN,8951
848738,121,249,1413,2001.0,46773.0,191545.0,1.436204,0.917057,KOR,TWN,8951
848739,122,249,1413,2001.0,0.0,33322.0,-0.695801,-1.225701,KWT,TWN,8951
848740,124,249,1413,2001.0,0.0,43585.0,0.09267,0.97731,LBN,TWN,8951
848741,128,249,1413,2001.0,0.0,107796.0,-0.43381000000000003,0.057630999999999995,LKA,TWN,8951
848742,130,249,1413,2001.0,0.0,5422.0,0.21069699999999997,0.720384,LTU,TWN,8951
848743,133,249,1413,2001.0,0.0,1077.0,-0.250517,-0.589391,MAC,TWN,8951
848744,134,249,1413,2001.0,0.0,5571.0,-0.616006,-0.340127,MAR,TWN,8951
848745,136,249,1413,2001.0,0.0,1016.0,-1.0624850000000001,-0.695873,MDG,TWN,8951
848746,138,249,1413,2001.0,0.0,277906.0,1.088661,0.680197,MEX,TWN,8951
848747,142,249,1413,2001.0,0.0,4109.0,1.048708,-0.04453,MLT,TWN,8951
848748,143,249,1413,2001.0,0.0,9641.0,-1.284563,-1.021743,MMR,TWN,8951
848749,151,249,1413,2001.0,0.0,10733.0,-0.304271,-0.589387,MUS,TWN,8951
848750,152,249,1413,2001.0,0.0,1047.0,-1.109888,-1.00393,MWI,TWN,8951
848751,153,249,1413,2001.0,22045.0,221671.0,0.894191,0.310677,MYS,TWN,8951
848752,156,249,1413,2001.0,0.0,1036.0,-0.523924,-0.9363049999999999,NCL,TWN,8951
848753,159,249,1413,2001.0,0.0,4518.0,-1.9085759999999998,-1.335279,NGA,TWN,8951
848754,160,249,1413,2001.0,0.0,6659.0,-0.865941,-0.617108,NIC,TWN,8951
848755,162,249,1413,2001.0,3173.0,762445.0,1.299569,1.487015,NLD,TWN,8951
848756,163,249,1413,2001.0,0.0,10230.0,0.542366,-0.180336,NOR,TWN,8951
848757,166,249,1413,2001.0,0.0,99868.0,0.220307,0.689625,NZL,TWN,8951
848758,168,249,1413,2001.0,0.0,18219.0,-0.741053,-0.41444,PAK,TWN,8951
848759,169,249,1413,2001.0,0.0,103692.0,0.17863800000000002,0.440159,PAN,TWN,8951
848760,173,249,1413,2001.0,0.0,33315.0,-0.318071,0.116602,PER,TWN,8951
848761,174,249,1413,2001.0,1804.0,325320.0,0.153601,-0.174218,PHL,TWN,8951
848762,175,249,1413,2001.0,0.0,2915.0,-0.55548,-0.988116,PLW,TWN,8951
848763,176,249,1413,2001.0,0.0,27789.0,-1.2970270000000002,-1.1991209999999999,PNG,TWN,8951
848764,177,249,1413,2001.0,0.0,39263.0,0.983238,1.7436209999999999,POL,TWN,8951
848765,179,249,1413,2001.0,0.0,79998.0,0.688736,1.326716,PRT,TWN,8951
848766,183,249,1413,2001.0,0.0,4088.0,-0.282283,-1.136895,QAT,TWN,8951
848767,185,249,1413,2001.0,0.0,2301.0,0.465168,1.1029129999999998,ROU,TWN,8951
848768,186,249,1413,2001.0,0.0,130824.0,0.546271,0.195872,RUS,TWN,8951
848769,188,249,1413,2001.0,0.0,264337.0,0.078887,-0.9764430000000001,SAU,TWN,8951
848770,189,249,1413,2001.0,0.0,1063.0,0.38765,2.769588,SCG,TWN,8951
848771,192,249,1413,2001.0,86173.0,308235.0,1.587064,0.639626,SGP,TWN,8951
848772,197,249,1413,2001.0,0.0,33000.0,-0.123958,-0.103849,SLV,TWN,8951
848773,206,249,1413,2001.0,0.0,2636.0,1.310591,1.195523,SVK,TWN,8951
848774,207,249,1413,2001.0,0.0,8643.0,1.488089,1.0928360000000001,SVN,TWN,8951
848775,208,249,1413,2001.0,38112.0,145169.0,2.01685,0.8233159999999999,SWE,TWN,8951
848776,212,249,1413,2001.0,0.0,8198.0,-1.138774,-0.839648,SYR,TWN,8951
848777,216,249,1413,2001.0,19791.0,127246.0,0.49264600000000003,1.493471,THA,TWN,8951
848778,222,249,1413,2001.0,0.0,17807.0,0.265201,-0.602807,TTO,TWN,8951
848779,223,249,1413,2001.0,0.0,24282.0,0.054524,0.26892699999999997,TUN,TWN,8951
848780,224,249,1413,2001.0,0.0,53521.0,0.168219,1.989011,TUR,TWN,8951
848781,228,249,1413,2001.0,0.0,75750.0,0.642888,1.267971,UKR,TWN,8951
848782,230,249,1413,2001.0,0.0,48357.0,0.192313,0.401841,URY,TWN,8951
848783,231,249,1413,2001.0,314856.0,10858803.0,1.96615,-0.12332699999999999,USA,TWN,8951
848784,236,249,1413,2001.0,0.0,109168.0,-0.013877,-0.8582690000000001,VEN,TWN,8951
848785,239,249,1413,2001.0,57005.0,178164.0,-0.533978,0.503988,VNM,TWN,8951
848786,246,249,1413,2001.0,0.0,283621.0,0.249833,2.1142950000000003,ZAF,TWN,8951
848787,248,249,1413,2001.0,0.0,6502.0,-0.663155,-0.212796,ZWE,TWN,8951
848788,250,249,1413,2001.0,13008.0,49230.0,0.947105,-0.529946,ANS,TWN,8951
848789,81,16,1413,2001.0,12684.0,0.0,2.1068439999999997,0.658575,GBR,AZE,8951
848790,107,16,1413,2001.0,6396.0,0.0,-0.973691,-1.05654,IRN,AZE,8951
848791,224,16,1413,2001.0,17390.0,0.0,0.168219,1.989011,TUR,AZE,8951
848792,15,23,1413,2001.0,13451.0,0.0,1.8987740000000002,0.45922700000000005,AUT,BGR,8951
848793,18,23,1413,2001.0,1353.0,0.0,1.425483,1.3072409999999999,BEL,BGR,8951
848794,41,23,1413,2001.0,2645.0,0.0,2.161588,0.8069890000000001,CHE,BGR,8951
848795,43,23,1413,2001.0,20186.0,0.0,0.535502,2.28778,CHN,BGR,8951
848796,59,23,1413,2001.0,8688.0,0.0,1.56908,0.860384,CZE,BGR,8951
848797,61,23,1413,2001.0,61478.0,0.0,2.335872,-2.09875,DEU,BGR,8951
848798,64,23,1413,2001.0,3259.0,0.0,1.356327,1.3288309999999999,DNK,BGR,8951
848799,71,23,1413,2001.0,3746.0,0.0,1.1380350000000001,1.7870139999999999,ESP,BGR,8951
848800,77,23,1413,2001.0,3412.0,0.0,1.6143809999999998,0.626221,FRA,BGR,8951
848801,81,23,1413,2001.0,181541.0,0.0,2.1068439999999997,0.658575,GBR,BGR,8951
848802,82,23,1413,2001.0,0.0,17054.0,0.063126,-0.285493,GEO,BGR,8951
848803,90,23,1413,2001.0,14130.0,0.0,0.338607,1.506593,GRC,BGR,8951
848804,97,23,1413,2001.0,17342.0,0.0,0.639538,1.5157610000000001,HKG,BGR,8951
848805,102,23,1413,2001.0,27450.0,0.0,1.069245,1.2217069999999999,HUN,BGR,8951
848806,103,23,1413,2001.0,1309.0,0.0,0.039233,1.780659,IDN,BGR,8951
848807,111,23,1413,2001.0,93452.0,0.0,1.488545,0.8410610000000001,ITA,BGR,8951
848808,115,23,1413,2001.0,0.0,25492.0,-0.05773,-0.44668500000000005,KAZ,BGR,8951
848809,140,23,1413,2001.0,0.0,1604.0,0.085844,0.413947,MKD,BGR,8951
848810,162,23,1413,2001.0,4099.0,0.0,1.299569,1.487015,NLD,BGR,8951
848811,185,23,1413,2001.0,1034.0,0.0,0.465168,1.1029129999999998,ROU,BGR,8951
848812,189,23,1413,2001.0,0.0,1677.0,0.38765,2.769588,SCG,BGR,8951
848813,208,23,1413,2001.0,90690.0,0.0,2.01685,0.8233159999999999,SWE,BGR,8951
848814,224,23,1413,2001.0,45999.0,0.0,0.168219,1.989011,TUR,BGR,8951
848815,228,23,1413,2001.0,0.0,1404.0,0.642888,1.267971,UKR,BGR,8951
848816,231,23,1413,2001.0,19482.0,4521.0,1.96615,-0.12332699999999999,USA,BGR,8951
848817,249,23,1413,2001.0,5464.0,0.0,1.7270020000000001,1.252843,TWN,BGR,8951
848818,15,28,1413,2001.0,2146.0,0.0,1.8987740000000002,0.45922700000000005,AUT,BLR,8951
848819,43,28,1413,2001.0,2742.0,0.0,0.535502,2.28778,CHN,BLR,8951
848820,59,28,1413,2001.0,3115.0,0.0,1.56908,0.860384,CZE,BLR,8951
848821,61,28,1413,2001.0,42850.0,0.0,2.335872,-2.09875,DEU,BLR,8951
848822,64,28,1413,2001.0,8760.0,0.0,1.356327,1.3288309999999999,DNK,BLR,8951
848823,71,28,1413,2001.0,1045.0,0.0,1.1380350000000001,1.7870139999999999,ESP,BLR,8951
848824,77,28,1413,2001.0,8692.0,0.0,1.6143809999999998,0.626221,FRA,BLR,8951
848825,104,28,1413,2001.0,2043.0,0.0,0.382444,2.538934,IND,BLR,8951
848826,111,28,1413,2001.0,1653.0,0.0,1.488545,0.8410610000000001,ITA,BLR,8951
848827,132,28,1413,2001.0,1001.0,0.0,0.31652600000000003,0.523927,LVA,BLR,8951
848828,177,28,1413,2001.0,128738.0,0.0,0.983238,1.7436209999999999,POL,BLR,8951
848829,186,28,1413,2001.0,66765.0,303828.0,0.546271,0.195872,RUS,BLR,8951
848830,208,28,1413,2001.0,1862.0,0.0,2.01685,0.8233159999999999,SWE,BLR,8951
848831,15,68,1413,2001.0,16457.0,0.0,1.8987740000000002,0.45922700000000005,AUT,EGY,8951
848832,43,68,1413,2001.0,287710.0,0.0,0.535502,2.28778,CHN,EGY,8951
848833,59,68,1413,2001.0,7907.0,0.0,1.56908,0.860384,CZE,EGY,8951
848834,61,68,1413,2001.0,61288.0,0.0,2.335872,-2.09875,DEU,EGY,8951
848835,71,68,1413,2001.0,12227.0,0.0,1.1380350000000001,1.7870139999999999,ESP,EGY,8951
848836,74,68,1413,2001.0,4502.0,0.0,1.9661669999999998,1.000436,FIN,EGY,8951
848837,77,68,1413,2001.0,11532.0,0.0,1.6143809999999998,0.626221,FRA,EGY,8951
848838,81,68,1413,2001.0,73918.0,0.0,2.1068439999999997,0.658575,GBR,EGY,8951
848839,97,68,1413,2001.0,221698.0,0.0,0.639538,1.5157610000000001,HKG,EGY,8951
848840,111,68,1413,2001.0,594780.0,0.0,1.488545,0.8410610000000001,ITA,EGY,8951
848841,114,68,1413,2001.0,4664.0,0.0,2.674032,0.445636,JPN,EGY,8951
848842,121,68,1413,2001.0,97334.0,0.0,1.436204,0.917057,KOR,EGY,8951
848843,122,68,1413,2001.0,6368.0,7145.0,-0.695801,-1.225701,KWT,EGY,8951
848844,153,68,1413,2001.0,17970.0,0.0,0.894191,0.310677,MYS,EGY,8951
848845,162,68,1413,2001.0,14644.0,0.0,1.299569,1.487015,NLD,EGY,8951
848846,188,68,1413,2001.0,0.0,1609.0,0.078887,-0.9764430000000001,SAU,EGY,8951
848847,208,68,1413,2001.0,2390.0,0.0,2.01685,0.8233159999999999,SWE,EGY,8951
848848,216,68,1413,2001.0,10954.0,0.0,0.49264600000000003,1.493471,THA,EGY,8951
848849,231,68,1413,2001.0,6472.0,0.0,1.96615,-0.12332699999999999,USA,EGY,8951
848850,246,68,1413,2001.0,40124.0,0.0,0.249833,2.1142950000000003,ZAF,EGY,8951
848851,249,68,1413,2001.0,63173.0,0.0,1.7270020000000001,1.252843,TWN,EGY,8951
848852,14,83,1413,2001.0,6624.0,0.0,-0.12189000000000001,0.7281770000000001,AUS,GHA,8951
848853,19,83,1413,2001.0,0.0,6851.0,-0.9032530000000001,-0.8979590000000001,BEN,GHA,8951
848854,21,83,1413,2001.0,1539.0,0.0,-0.24546199999999999,0.00141,BFA,GHA,8951
848855,39,83,1413,2001.0,7882.0,0.0,0.8899729999999999,1.3778299999999999,CAN,GHA,8951
848856,43,83,1413,2001.0,10263.0,0.0,0.535502,2.28778,CHN,GHA,8951
848857,61,83,1413,2001.0,3364.0,0.0,2.335872,-2.09875,DEU,GHA,8951
848858,64,83,1413,2001.0,1515.0,0.0,1.356327,1.3288309999999999,DNK,GHA,8951
848859,77,83,1413,2001.0,330476.0,0.0,1.6143809999999998,0.626221,FRA,GHA,8951
848860,81,83,1413,2001.0,269164.0,0.0,2.1068439999999997,0.658575,GBR,GHA,8951
848861,97,83,1413,2001.0,53404.0,0.0,0.639538,1.5157610000000001,HKG,GHA,8951
848862,104,83,1413,2001.0,5599.0,0.0,0.382444,2.538934,IND,GHA,8951
848863,110,83,1413,2001.0,1692.0,0.0,1.17675,0.900401,ISR,GHA,8951
848864,111,83,1413,2001.0,5228.0,0.0,1.488545,0.8410610000000001,ITA,GHA,8951
848865,153,83,1413,2001.0,9462.0,0.0,0.894191,0.310677,MYS,GHA,8951
848866,162,83,1413,2001.0,1185.0,0.0,1.299569,1.487015,NLD,GHA,8951
848867,192,83,1413,2001.0,6444.0,0.0,1.587064,0.639626,SGP,GHA,8951
848868,216,83,1413,2001.0,13612.0,0.0,0.49264600000000003,1.493471,THA,GHA,8951
848869,231,83,1413,2001.0,38324.0,0.0,1.96615,-0.12332699999999999,USA,GHA,8951
848870,246,83,1413,2001.0,1555.0,0.0,0.249833,2.1142950000000003,ZAF,GHA,8951
848871,250,83,1413,2001.0,2204.0,0.0,0.947105,-0.529946,ANS,GHA,8951
848872,7,104,1413,2001.0,3576.0,30499.0,-0.217259,-0.613042,ARE,IND,8951
848873,8,104,1413,2001.0,0.0,11344.0,0.11289,0.916845,ARG,IND,8951
848874,9,104,1413,2001.0,0.0,1218.0,0.62364,0.172704,ARM,IND,8951
848875,14,104,1413,2001.0,14914.0,17765.0,-0.12189000000000001,0.7281770000000001,AUS,IND,8951
848876,15,104,1413,2001.0,0.0,3353.0,1.8987740000000002,0.45922700000000005,AUT,IND,8951
848877,18,104,1413,2001.0,0.0,39836.0,1.425483,1.3072409999999999,BEL,IND,8951
848878,22,104,1413,2001.0,0.0,18249.0,-0.799988,-1.061584,BGD,IND,8951
848879,24,104,1413,2001.0,0.0,44080.0,-0.11648499999999999,-1.101653,BHR,IND,8951
848880,28,104,1413,2001.0,0.0,2043.0,0.78008,1.232713,BLR,IND,8951
848881,32,104,1413,2001.0,0.0,2087.0,0.658473,1.328637,BRA,IND,8951
848882,37,104,1413,2001.0,0.0,4288.0,-0.470005,-1.180158,BWA,IND,8951
848883,39,104,1413,2001.0,3089.0,10842.0,0.8899729999999999,1.3778299999999999,CAN,IND,8951
848884,41,104,1413,2001.0,0.0,18861.0,2.161588,0.8069890000000001,CHE,IND,8951
848885,42,104,1413,2001.0,0.0,4167.0,-0.148124,0.074033,CHL,IND,8951
848886,43,104,1413,2001.0,1156834.0,0.0,0.535502,2.28778,CHN,IND,8951
848887,58,104,1413,2001.0,0.0,1072.0,0.30700500000000003,0.258726,CYP,IND,8951
848888,59,104,1413,2001.0,0.0,57787.0,1.56908,0.860384,CZE,IND,8951
848889,61,104,1413,2001.0,37951.0,31728.0,2.335872,-2.09875,DEU,IND,8951
848890,64,104,1413,2001.0,0.0,138820.0,1.356327,1.3288309999999999,DNK,IND,8951
848891,66,104,1413,2001.0,0.0,7772.0,-0.9852559999999999,-1.245285,DZA,IND,8951
848892,71,104,1413,2001.0,0.0,563327.0,1.1380350000000001,1.7870139999999999,ESP,IND,8951
848893,73,104,1413,2001.0,0.0,18858.0,-1.010637,-0.8893280000000001,ETH,IND,8951
848894,74,104,1413,2001.0,0.0,36143.0,1.9661669999999998,1.000436,FIN,IND,8951
848895,77,104,1413,2001.0,2756.0,69194.0,1.6143809999999998,0.626221,FRA,IND,8951
848896,81,104,1413,2001.0,10725.0,1236273.0,2.1068439999999997,0.658575,GBR,IND,8951
848897,83,104,1413,2001.0,0.0,5599.0,-0.7818689999999999,-0.645878,GHA,IND,8951
848898,90,104,1413,2001.0,0.0,19639.0,0.338607,1.506593,GRC,IND,8951
848899,97,104,1413,2001.0,580224.0,0.0,0.639538,1.5157610000000001,HKG,IND,8951
848900,103,104,1413,2001.0,18075.0,10827.0,0.039233,1.780659,IDN,IND,8951
848901,107,104,1413,2001.0,0.0,31785.0,-0.973691,-1.05654,IRN,IND,8951
848902,109,104,1413,2001.0,0.0,1601.0,0.049756,-0.496962,ISL,IND,8951
848903,110,104,1413,2001.0,0.0,56567.0,1.17675,0.900401,ISR,IND,8951
848904,111,104,1413,2001.0,31835.0,211036.0,1.488545,0.8410610000000001,ITA,IND,8951
848905,113,104,1413,2001.0,0.0,12967.0,0.5404760000000001,0.8497170000000001,JOR,IND,8951
848906,114,104,1413,2001.0,233558.0,115370.0,2.674032,0.445636,JPN,IND,8951
848907,116,104,1413,2001.0,0.0,20831.0,-0.533651,0.072611,KEN,IND,8951
848908,121,104,1413,2001.0,15775.0,45608.0,1.436204,0.917057,KOR,IND,8951
848909,122,104,1413,2001.0,0.0,10411.0,-0.695801,-1.225701,KWT,IND,8951
848910,124,104,1413,2001.0,0.0,21515.0,0.09267,0.97731,LBN,IND,8951
848911,128,104,1413,2001.0,0.0,23336.0,-0.43381000000000003,0.057630999999999995,LKA,IND,8951
848912,134,104,1413,2001.0,0.0,1972.0,-0.616006,-0.340127,MAR,IND,8951
848913,137,104,1413,2001.0,0.0,2150.0,-0.957807,-1.0006030000000001,MDV,IND,8951
848914,138,104,1413,2001.0,0.0,1669.0,1.088661,0.680197,MEX,IND,8951
848915,143,104,1413,2001.0,0.0,2502.0,-1.284563,-1.021743,MMR,IND,8951
848916,153,104,1413,2001.0,390748.0,31363.0,0.894191,0.310677,MYS,IND,8951
848917,159,104,1413,2001.0,0.0,8744.0,-1.9085759999999998,-1.335279,NGA,IND,8951
848918,162,104,1413,2001.0,14734.0,2732709.0,1.299569,1.487015,NLD,IND,8951
848919,163,104,1413,2001.0,0.0,6823.0,0.542366,-0.180336,NOR,IND,8951
848920,167,104,1413,2001.0,0.0,35971.0,-1.4727729999999999,-1.329588,OMN,IND,8951
848921,173,104,1413,2001.0,0.0,12429.0,-0.318071,0.116602,PER,IND,8951
848922,177,104,1413,2001.0,0.0,169035.0,0.983238,1.7436209999999999,POL,IND,8951
848923,178,104,1413,2001.0,0.0,12636.0,0.7188640000000001,1.101559,PRK,IND,8951
848924,179,104,1413,2001.0,3735.0,18853.0,0.688736,1.326716,PRT,IND,8951
848925,183,104,1413,2001.0,0.0,38345.0,-0.282283,-1.136895,QAT,IND,8951
848926,186,104,1413,2001.0,0.0,4237.0,0.546271,0.195872,RUS,IND,8951
848927,188,104,1413,2001.0,0.0,16072.0,0.078887,-0.9764430000000001,SAU,IND,8951
848928,190,104,1413,2001.0,0.0,1071.0,-1.7142950000000001,-1.341016,SDN,IND,8951
848929,192,104,1413,2001.0,204707.0,85451.0,1.587064,0.639626,SGP,IND,8951
848930,206,104,1413,2001.0,0.0,11878.0,1.310591,1.195523,SVK,IND,8951
848931,207,104,1413,2001.0,0.0,5280.0,1.488089,1.0928360000000001,SVN,IND,8951
848932,208,104,1413,2001.0,0.0,19462.0,2.01685,0.8233159999999999,SWE,IND,8951
848933,216,104,1413,2001.0,5667.0,89073.0,0.49264600000000003,1.493471,THA,IND,8951
848934,226,104,1413,2001.0,0.0,56552.0,-1.227071,-0.489829,TZA,IND,8951
848935,227,104,1413,2001.0,0.0,61069.0,-1.1823700000000001,-0.7738619999999999,UGA,IND,8951
848936,231,104,1413,2001.0,55132.0,482005.0,1.96615,-0.12332699999999999,USA,IND,8951
848937,239,104,1413,2001.0,9944.0,14674.0,-0.533978,0.503988,VNM,IND,8951
848938,246,104,1413,2001.0,0.0,15253.0,0.249833,2.1142950000000003,ZAF,IND,8951
848939,247,104,1413,2001.0,0.0,11678.0,-0.8878799999999999,-0.735268,ZMB,IND,8951
848940,248,104,1413,2001.0,0.0,1658.0,-0.663155,-0.212796,ZWE,IND,8951
848941,249,104,1413,2001.0,39271.0,0.0,1.7270020000000001,1.252843,TWN,IND,8951
848942,14,106,1413,2001.0,0.0,1281.0,-0.12189000000000001,0.7281770000000001,AUS,IRL,8951
848943,15,106,1413,2001.0,114276.0,0.0,1.8987740000000002,0.45922700000000005,AUT,IRL,8951
848944,18,106,1413,2001.0,9920.0,0.0,1.425483,1.3072409999999999,BEL,IRL,8951
848945,39,106,1413,2001.0,37984.0,0.0,0.8899729999999999,1.3778299999999999,CAN,IRL,8951
848946,41,106,1413,2001.0,1131.0,1858.0,2.161588,0.8069890000000001,CHE,IRL,8951
848947,43,106,1413,2001.0,36569.0,0.0,0.535502,2.28778,CHN,IRL,8951
848948,59,106,1413,2001.0,0.0,43729.0,1.56908,0.860384,CZE,IRL,8951
848949,61,106,1413,2001.0,237809.0,20273.0,2.335872,-2.09875,DEU,IRL,8951
848950,64,106,1413,2001.0,1116.0,1620.0,1.356327,1.3288309999999999,DNK,IRL,8951
848951,71,106,1413,2001.0,97857.0,0.0,1.1380350000000001,1.7870139999999999,ESP,IRL,8951
848952,77,106,1413,2001.0,28199.0,32571.0,1.6143809999999998,0.626221,FRA,IRL,8951
848953,81,106,1413,2001.0,2094451.0,1114016.0,2.1068439999999997,0.658575,GBR,IRL,8951
848954,90,106,1413,2001.0,0.0,6477.0,0.338607,1.506593,GRC,IRL,8951
848955,97,106,1413,2001.0,31716.0,0.0,0.639538,1.5157610000000001,HKG,IRL,8951
848956,109,106,1413,2001.0,0.0,17547.0,0.049756,-0.496962,ISL,IRL,8951
848957,111,106,1413,2001.0,119700.0,0.0,1.488545,0.8410610000000001,ITA,IRL,8951
848958,114,106,1413,2001.0,62005.0,0.0,2.674032,0.445636,JPN,IRL,8951
848959,121,106,1413,2001.0,23040.0,0.0,1.436204,0.917057,KOR,IRL,8951
848960,122,106,1413,2001.0,0.0,1660.0,-0.695801,-1.225701,KWT,IRL,8951
848961,138,106,1413,2001.0,0.0,1455.0,1.088661,0.680197,MEX,IRL,8951
848962,153,106,1413,2001.0,0.0,3512.0,0.894191,0.310677,MYS,IRL,8951
848963,155,106,1413,2001.0,0.0,4255.0,-0.536003,-0.7165590000000001,NAM,IRL,8951
848964,162,106,1413,2001.0,121565.0,0.0,1.299569,1.487015,NLD,IRL,8951
848965,163,106,1413,2001.0,0.0,8115.0,0.542366,-0.180336,NOR,IRL,8951
848966,177,106,1413,2001.0,0.0,50079.0,0.983238,1.7436209999999999,POL,IRL,8951
848967,192,106,1413,2001.0,0.0,52751.0,1.587064,0.639626,SGP,IRL,8951
848968,208,106,1413,2001.0,72807.0,0.0,2.01685,0.8233159999999999,SWE,IRL,8951
848969,231,106,1413,2001.0,1400253.0,2680.0,1.96615,-0.12332699999999999,USA,IRL,8951
848970,239,106,1413,2001.0,0.0,16377.0,-0.533978,0.503988,VNM,IRL,8951
848971,249,106,1413,2001.0,34873.0,0.0,1.7270020000000001,1.252843,TWN,IRL,8951
848972,250,106,1413,2001.0,1727.0,0.0,0.947105,-0.529946,ANS,IRL,8951
848973,7,113,1413,2001.0,38044.0,3838.0,-0.217259,-0.613042,ARE,JOR,8951
848974,15,113,1413,2001.0,29761.0,0.0,1.8987740000000002,0.45922700000000005,AUT,JOR,8951
848975,24,113,1413,2001.0,0.0,1781.0,-0.11648499999999999,-1.101653,BHR,JOR,8951
848976,43,113,1413,2001.0,96810.0,4650.0,0.535502,2.28778,CHN,JOR,8951
848977,61,113,1413,2001.0,66708.0,0.0,2.335872,-2.09875,DEU,JOR,8951
848978,71,113,1413,2001.0,3054.0,0.0,1.1380350000000001,1.7870139999999999,ESP,JOR,8951
848979,74,113,1413,2001.0,5938.0,0.0,1.9661669999999998,1.000436,FIN,JOR,8951
848980,77,113,1413,2001.0,3825.0,0.0,1.6143809999999998,0.626221,FRA,JOR,8951
848981,81,113,1413,2001.0,60698.0,0.0,2.1068439999999997,0.658575,GBR,JOR,8951
848982,97,113,1413,2001.0,23726.0,0.0,0.639538,1.5157610000000001,HKG,JOR,8951
848983,104,113,1413,2001.0,12967.0,0.0,0.382444,2.538934,IND,JOR,8951
848984,108,113,1413,2001.0,0.0,2918.0,-1.310484,-0.976435,IRQ,JOR,8951
848985,111,113,1413,2001.0,223358.0,0.0,1.488545,0.8410610000000001,ITA,JOR,8951
848986,121,113,1413,2001.0,15794.0,0.0,1.436204,0.917057,KOR,JOR,8951
848987,162,113,1413,2001.0,14564.0,0.0,1.299569,1.487015,NLD,JOR,8951
848988,192,113,1413,2001.0,4996.0,0.0,1.587064,0.639626,SGP,JOR,8951
848989,208,113,1413,2001.0,9756.0,0.0,2.01685,0.8233159999999999,SWE,JOR,8951
848990,224,113,1413,2001.0,3538.0,0.0,0.168219,1.989011,TUR,JOR,8951
848991,231,113,1413,2001.0,8887.0,0.0,1.96615,-0.12332699999999999,USA,JOR,8951
848992,249,113,1413,2001.0,12348.0,0.0,1.7270020000000001,1.252843,TWN,JOR,8951
848993,250,113,1413,2001.0,15117.0,15753.0,0.947105,-0.529946,ANS,JOR,8951
848994,7,115,1413,2001.0,13269.0,0.0,-0.217259,-0.613042,ARE,KAZ,8951
848995,15,115,1413,2001.0,1512.0,0.0,1.8987740000000002,0.45922700000000005,AUT,KAZ,8951
848996,23,115,1413,2001.0,25492.0,0.0,0.46429799999999993,1.7500380000000002,BGR,KAZ,8951
848997,39,115,1413,2001.0,2071.0,0.0,0.8899729999999999,1.3778299999999999,CAN,KAZ,8951
848998,43,115,1413,2001.0,37968.0,0.0,0.535502,2.28778,CHN,KAZ,8951
848999,59,115,1413,2001.0,4563.0,0.0,1.56908,0.860384,CZE,KAZ,8951
849000,61,115,1413,2001.0,21617.0,0.0,2.335872,-2.09875,DEU,KAZ,8951
849001,64,115,1413,2001.0,1286.0,0.0,1.356327,1.3288309999999999,DNK,KAZ,8951
849002,74,115,1413,2001.0,1803.0,0.0,1.9661669999999998,1.000436,FIN,KAZ,8951
849003,77,115,1413,2001.0,1850.0,0.0,1.6143809999999998,0.626221,FRA,KAZ,8951
849004,81,115,1413,2001.0,16051.0,0.0,2.1068439999999997,0.658575,GBR,KAZ,8951
849005,90,115,1413,2001.0,2333.0,0.0,0.338607,1.506593,GRC,KAZ,8951
849006,97,115,1413,2001.0,2942.0,0.0,0.639538,1.5157610000000001,HKG,KAZ,8951
849007,107,115,1413,2001.0,11574.0,0.0,-0.973691,-1.05654,IRN,KAZ,8951
849008,114,115,1413,2001.0,1566.0,0.0,2.674032,0.445636,JPN,KAZ,8951
849009,121,115,1413,2001.0,18489.0,0.0,1.436204,0.917057,KOR,KAZ,8951
849010,162,115,1413,2001.0,4635.0,0.0,1.299569,1.487015,NLD,KAZ,8951
849011,186,115,1413,2001.0,58241.0,0.0,0.546271,0.195872,RUS,KAZ,8951
849012,208,115,1413,2001.0,3086.0,0.0,2.01685,0.8233159999999999,SWE,KAZ,8951
849013,216,115,1413,2001.0,24579.0,0.0,0.49264600000000003,1.493471,THA,KAZ,8951
849014,224,115,1413,2001.0,1933.0,0.0,0.168219,1.989011,TUR,KAZ,8951
849015,231,115,1413,2001.0,30792.0,0.0,1.96615,-0.12332699999999999,USA,KAZ,8951
849016,249,115,1413,2001.0,23899.0,0.0,1.7270020000000001,1.252843,TWN,KAZ,8951
849017,7,116,1413,2001.0,2679.0,0.0,-0.217259,-0.613042,ARE,KEN,8951
849018,17,116,1413,2001.0,0.0,3177.0,-0.5069600000000001,-0.7808609999999999,BDI,KEN,8951
849019,43,116,1413,2001.0,39744.0,0.0,0.535502,2.28778,CHN,KEN,8951
849020,64,116,1413,2001.0,1492.0,0.0,1.356327,1.3288309999999999,DNK,KEN,8951
849021,81,116,1413,2001.0,80803.0,0.0,2.1068439999999997,0.658575,GBR,KEN,8951
849022,97,116,1413,2001.0,21460.0,0.0,0.639538,1.5157610000000001,HKG,KEN,8951
849023,103,116,1413,2001.0,1682.0,0.0,0.039233,1.780659,IDN,KEN,8951
849024,104,116,1413,2001.0,20831.0,0.0,0.382444,2.538934,IND,KEN,8951
849025,111,116,1413,2001.0,17974.0,0.0,1.488545,0.8410610000000001,ITA,KEN,8951
849026,121,116,1413,2001.0,1860.0,0.0,1.436204,0.917057,KOR,KEN,8951
849027,153,116,1413,2001.0,9021.0,0.0,0.894191,0.310677,MYS,KEN,8951
849028,162,116,1413,2001.0,39726.0,0.0,1.299569,1.487015,NLD,KEN,8951
849029,166,116,1413,2001.0,1483.0,0.0,0.220307,0.689625,NZL,KEN,8951
849030,187,116,1413,2001.0,0.0,3359.0,-1.043415,-0.9686870000000001,RWA,KEN,8951
849031,190,116,1413,2001.0,0.0,1095.0,-1.7142950000000001,-1.341016,SDN,KEN,8951
849032,192,116,1413,2001.0,11391.0,0.0,1.587064,0.639626,SGP,KEN,8951
849033,208,116,1413,2001.0,5633.0,0.0,2.01685,0.8233159999999999,SWE,KEN,8951
849034,226,116,1413,2001.0,0.0,4660.0,-1.227071,-0.489829,TZA,KEN,8951
849035,227,116,1413,2001.0,0.0,28638.0,-1.1823700000000001,-0.7738619999999999,UGA,KEN,8951
849036,231,116,1413,2001.0,8501.0,0.0,1.96615,-0.12332699999999999,USA,KEN,8951
849037,246,116,1413,2001.0,18181.0,0.0,0.249833,2.1142950000000003,ZAF,KEN,8951
849038,248,116,1413,2001.0,2030.0,0.0,-0.663155,-0.212796,ZWE,KEN,8951
849039,249,116,1413,2001.0,4050.0,0.0,1.7270020000000001,1.252843,TWN,KEN,8951
849040,250,116,1413,2001.0,5024.0,1087.0,0.947105,-0.529946,ANS,KEN,8951
849041,61,117,1413,2001.0,4466.0,0.0,2.335872,-2.09875,DEU,KGZ,8951
849042,162,117,1413,2001.0,1336.0,0.0,1.299569,1.487015,NLD,KGZ,8951
849043,186,117,1413,2001.0,3815.0,0.0,0.546271,0.195872,RUS,KGZ,8951
849044,15,132,1413,2001.0,9570.0,0.0,1.8987740000000002,0.45922700000000005,AUT,LVA,8951
849045,18,132,1413,2001.0,1652.0,0.0,1.425483,1.3072409999999999,BEL,LVA,8951
849046,28,132,1413,2001.0,0.0,1001.0,0.78008,1.232713,BLR,LVA,8951
849047,43,132,1413,2001.0,16457.0,0.0,0.535502,2.28778,CHN,LVA,8951
849048,59,132,1413,2001.0,13820.0,10788.0,1.56908,0.860384,CZE,LVA,8951
849049,61,132,1413,2001.0,98858.0,0.0,2.335872,-2.09875,DEU,LVA,8951
849050,64,132,1413,2001.0,23955.0,6587.0,1.356327,1.3288309999999999,DNK,LVA,8951
849051,71,132,1413,2001.0,1203.0,0.0,1.1380350000000001,1.7870139999999999,ESP,LVA,8951
849052,72,132,1413,2001.0,6858.0,6720.0,0.53422,0.9372790000000001,EST,LVA,8951
849053,74,132,1413,2001.0,9279.0,0.0,1.9661669999999998,1.000436,FIN,LVA,8951
849054,77,132,1413,2001.0,12995.0,0.0,1.6143809999999998,0.626221,FRA,LVA,8951
849055,81,132,1413,2001.0,9779.0,0.0,2.1068439999999997,0.658575,GBR,LVA,8951
849056,97,132,1413,2001.0,12224.0,0.0,0.639538,1.5157610000000001,HKG,LVA,8951
849057,102,132,1413,2001.0,3711.0,0.0,1.069245,1.2217069999999999,HUN,LVA,8951
849058,111,132,1413,2001.0,56576.0,0.0,1.488545,0.8410610000000001,ITA,LVA,8951
849059,114,132,1413,2001.0,1632.0,0.0,2.674032,0.445636,JPN,LVA,8951
849060,130,132,1413,2001.0,29650.0,8034.0,0.21069699999999997,0.720384,LTU,LVA,8951
849061,162,132,1413,2001.0,36991.0,0.0,1.299569,1.487015,NLD,LVA,8951
849062,177,132,1413,2001.0,123413.0,0.0,0.983238,1.7436209999999999,POL,LVA,8951
849063,186,132,1413,2001.0,0.0,13055.0,0.546271,0.195872,RUS,LVA,8951
849064,206,132,1413,2001.0,13841.0,0.0,1.310591,1.195523,SVK,LVA,8951
849065,208,132,1413,2001.0,40682.0,0.0,2.01685,0.8233159999999999,SWE,LVA,8951
849066,216,132,1413,2001.0,19205.0,0.0,0.49264600000000003,1.493471,THA,LVA,8951
849067,231,132,1413,2001.0,1029.0,0.0,1.96615,-0.12332699999999999,USA,LVA,8951
849068,250,132,1413,2001.0,1237.0,0.0,0.947105,-0.529946,ANS,LVA,8951
849069,7,147,1413,2001.0,6900.0,0.0,-0.217259,-0.613042,ARE,MOZ,8951
849070,43,147,1413,2001.0,10872.0,0.0,0.535502,2.28778,CHN,MOZ,8951
849071,64,147,1413,2001.0,16725.0,0.0,1.356327,1.3288309999999999,DNK,MOZ,8951
849072,71,147,1413,2001.0,1630.0,0.0,1.1380350000000001,1.7870139999999999,ESP,MOZ,8951
849073,111,147,1413,2001.0,1162.0,0.0,1.488545,0.8410610000000001,ITA,MOZ,8951
849074,179,147,1413,2001.0,30724.0,0.0,0.688736,1.326716,PRT,MOZ,8951
849075,246,147,1413,2001.0,51662.0,0.0,0.249833,2.1142950000000003,ZAF,MOZ,8951
849076,7,153,1413,2001.0,0.0,112545.0,-0.217259,-0.613042,ARE,MYS,8951
849077,14,153,1413,2001.0,10192.0,253325.0,-0.12189000000000001,0.7281770000000001,AUS,MYS,8951
849078,15,153,1413,2001.0,2066.0,7284.0,1.8987740000000002,0.45922700000000005,AUT,MYS,8951
849079,18,153,1413,2001.0,0.0,1293.0,1.425483,1.3072409999999999,BEL,MYS,8951
849080,22,153,1413,2001.0,0.0,12829.0,-0.799988,-1.061584,BGD,MYS,8951
849081,24,153,1413,2001.0,0.0,59560.0,-0.11648499999999999,-1.101653,BHR,MYS,8951
849082,32,153,1413,2001.0,0.0,25025.0,0.658473,1.328637,BRA,MYS,8951
849083,34,153,1413,2001.0,0.0,232898.0,-0.38253899999999996,-0.904789,BRN,MYS,8951
849084,39,153,1413,2001.0,0.0,1207.0,0.8899729999999999,1.3778299999999999,CAN,MYS,8951
849085,41,153,1413,2001.0,4211.0,16400.0,2.161588,0.8069890000000001,CHE,MYS,8951
849086,43,153,1413,2001.0,1003862.0,157925.0,0.535502,2.28778,CHN,MYS,8951
849087,54,153,1413,2001.0,0.0,8938.0,-0.889919,-1.137994,CUB,MYS,8951
849088,58,153,1413,2001.0,0.0,7374.0,0.30700500000000003,0.258726,CYP,MYS,8951
849089,61,153,1413,2001.0,53595.0,10367.0,2.335872,-2.09875,DEU,MYS,8951
849090,62,153,1413,2001.0,0.0,10429.0,0.0005070000000000001,0.229221,DJI,MYS,8951
849091,64,153,1413,2001.0,4031.0,5258.0,1.356327,1.3288309999999999,DNK,MYS,8951
849092,68,153,1413,2001.0,0.0,17970.0,-0.346794,0.431229,EGY,MYS,8951
849093,71,153,1413,2001.0,0.0,9812.0,1.1380350000000001,1.7870139999999999,ESP,MYS,8951
849094,73,153,1413,2001.0,0.0,5787.0,-1.010637,-0.8893280000000001,ETH,MYS,8951
849095,74,153,1413,2001.0,3197.0,0.0,1.9661669999999998,1.000436,FIN,MYS,8951
849096,75,153,1413,2001.0,0.0,27163.0,-0.9144950000000001,-0.673283,FJI,MYS,8951
849097,77,153,1413,2001.0,36932.0,52247.0,1.6143809999999998,0.626221,FRA,MYS,8951
849098,81,153,1413,2001.0,221577.0,108741.0,2.1068439999999997,0.658575,GBR,MYS,8951
849099,83,153,1413,2001.0,0.0,9462.0,-0.7818689999999999,-0.645878,GHA,MYS,8951
849100,85,153,1413,2001.0,0.0,3687.0,-1.2887950000000001,-1.195448,GIN,MYS,8951
849101,90,153,1413,2001.0,6274.0,5484.0,0.338607,1.506593,GRC,MYS,8951
849102,97,153,1413,2001.0,3220726.0,336609.0,0.639538,1.5157610000000001,HKG,MYS,8951
849103,102,153,1413,2001.0,0.0,4432.0,1.069245,1.2217069999999999,HUN,MYS,8951
849104,103,153,1413,2001.0,87253.0,151978.0,0.039233,1.780659,IDN,MYS,8951
849105,104,153,1413,2001.0,31363.0,390748.0,0.382444,2.538934,IND,MYS,8951
849106,106,153,1413,2001.0,3512.0,0.0,1.751955,0.210628,IRL,MYS,8951
849107,107,153,1413,2001.0,0.0,5466.0,-0.973691,-1.05654,IRN,MYS,8951
849108,111,153,1413,2001.0,361389.0,15797.0,1.488545,0.8410610000000001,ITA,MYS,8951
849109,114,153,1413,2001.0,205030.0,4211116.0,2.674032,0.445636,JPN,MYS,8951
849110,116,153,1413,2001.0,0.0,9021.0,-0.533651,0.072611,KEN,MYS,8951
849111,121,153,1413,2001.0,210682.0,1540.0,1.436204,0.917057,KOR,MYS,8951
849112,122,153,1413,2001.0,0.0,29340.0,-0.695801,-1.225701,KWT,MYS,8951
849113,123,153,1413,2001.0,0.0,16680.0,-0.922693,-1.056163,LAO,MYS,8951
849114,126,153,1413,2001.0,0.0,139139.0,-0.9461450000000001,-1.242884,LBY,MYS,8951
849115,128,153,1413,2001.0,0.0,5014.0,-0.43381000000000003,0.057630999999999995,LKA,MYS,8951
849116,134,153,1413,2001.0,0.0,16160.0,-0.616006,-0.340127,MAR,MYS,8951
849117,138,153,1413,2001.0,1836.0,12653.0,1.088661,0.680197,MEX,MYS,8951
849118,142,153,1413,2001.0,0.0,1522.0,1.048708,-0.04453,MLT,MYS,8951
849119,143,153,1413,2001.0,0.0,29895.0,-1.284563,-1.021743,MMR,MYS,8951
849120,151,153,1413,2001.0,0.0,8511.0,-0.304271,-0.589387,MUS,MYS,8951
849121,162,153,1413,2001.0,11372.0,102758.0,1.299569,1.487015,NLD,MYS,8951
849122,166,153,1413,2001.0,0.0,35340.0,0.220307,0.689625,NZL,MYS,8951
849123,167,153,1413,2001.0,0.0,14928.0,-1.4727729999999999,-1.329588,OMN,MYS,8951
849124,174,153,1413,2001.0,10954.0,670567.0,0.153601,-0.174218,PHL,MYS,8951
849125,176,153,1413,2001.0,0.0,16155.0,-1.2970270000000002,-1.1991209999999999,PNG,MYS,8951
849126,183,153,1413,2001.0,0.0,23853.0,-0.282283,-1.136895,QAT,MYS,8951
849127,188,153,1413,2001.0,0.0,28190.0,0.078887,-0.9764430000000001,SAU,MYS,8951
849128,190,153,1413,2001.0,0.0,12523.0,-1.7142950000000001,-1.341016,SDN,MYS,8951
849129,192,153,1413,2001.0,2131696.0,1881899.0,1.587064,0.639626,SGP,MYS,8951
849130,208,153,1413,2001.0,19901.0,18208.0,2.01685,0.8233159999999999,SWE,MYS,8951
849131,216,153,1413,2001.0,125813.0,665838.0,0.49264600000000003,1.493471,THA,MYS,8951
849132,222,153,1413,2001.0,0.0,4985.0,0.265201,-0.602807,TTO,MYS,8951
849133,224,153,1413,2001.0,0.0,18143.0,0.168219,1.989011,TUR,MYS,8951
849134,226,153,1413,2001.0,0.0,7156.0,-1.227071,-0.489829,TZA,MYS,8951
849135,230,153,1413,2001.0,0.0,5345.0,0.192313,0.401841,URY,MYS,8951
849136,231,153,1413,2001.0,52933.0,84943.0,1.96615,-0.12332699999999999,USA,MYS,8951
849137,239,153,1413,2001.0,226560.0,12147.0,-0.533978,0.503988,VNM,MYS,8951
849138,246,153,1413,2001.0,0.0,11529.0,0.249833,2.1142950000000003,ZAF,MYS,8951
849139,247,153,1413,2001.0,0.0,2942.0,-0.8878799999999999,-0.735268,ZMB,MYS,8951
849140,248,153,1413,2001.0,0.0,11388.0,-0.663155,-0.212796,ZWE,MYS,8951
849141,249,153,1413,2001.0,221671.0,22045.0,1.7270020000000001,1.252843,TWN,MYS,8951
849142,250,153,1413,2001.0,52758.0,0.0,0.947105,-0.529946,ANS,MYS,8951
849143,7,167,1413,2001.0,12232.0,0.0,-0.217259,-0.613042,ARE,OMN,8951
849144,14,167,1413,2001.0,17005.0,0.0,-0.12189000000000001,0.7281770000000001,AUS,OMN,8951
849145,15,167,1413,2001.0,1836.0,0.0,1.8987740000000002,0.45922700000000005,AUT,OMN,8951
849146,24,167,1413,2001.0,0.0,27904.0,-0.11648499999999999,-1.101653,BHR,OMN,8951
849147,41,167,1413,2001.0,10945.0,0.0,2.161588,0.8069890000000001,CHE,OMN,8951
849148,43,167,1413,2001.0,21127.0,0.0,0.535502,2.28778,CHN,OMN,8951
849149,61,167,1413,2001.0,111113.0,0.0,2.335872,-2.09875,DEU,OMN,8951
849150,81,167,1413,2001.0,69338.0,0.0,2.1068439999999997,0.658575,GBR,OMN,8951
849151,97,167,1413,2001.0,12093.0,0.0,0.639538,1.5157610000000001,HKG,OMN,8951
849152,104,167,1413,2001.0,35971.0,0.0,0.382444,2.538934,IND,OMN,8951
849153,107,167,1413,2001.0,47063.0,0.0,-0.973691,-1.05654,IRN,OMN,8951
849154,111,167,1413,2001.0,41786.0,0.0,1.488545,0.8410610000000001,ITA,OMN,8951
849155,114,167,1413,2001.0,3174.0,0.0,2.674032,0.445636,JPN,OMN,8951
849156,122,167,1413,2001.0,0.0,33640.0,-0.695801,-1.225701,KWT,OMN,8951
849157,153,167,1413,2001.0,14928.0,0.0,0.894191,0.310677,MYS,OMN,8951
849158,162,167,1413,2001.0,6092.0,0.0,1.299569,1.487015,NLD,OMN,8951
849159,183,167,1413,2001.0,0.0,6472.0,-0.282283,-1.136895,QAT,OMN,8951
849160,188,167,1413,2001.0,22470.0,0.0,0.078887,-0.9764430000000001,SAU,OMN,8951
849161,226,167,1413,2001.0,0.0,34109.0,-1.227071,-0.489829,TZA,OMN,8951
849162,231,167,1413,2001.0,4546.0,5322.0,1.96615,-0.12332699999999999,USA,OMN,8951
849163,239,167,1413,2001.0,37438.0,0.0,-0.533978,0.503988,VNM,OMN,8951
849164,15,177,1413,2001.0,647297.0,18874.0,1.8987740000000002,0.45922700000000005,AUT,POL,8951
849165,18,177,1413,2001.0,28553.0,0.0,1.425483,1.3072409999999999,BEL,POL,8951
849166,28,177,1413,2001.0,0.0,128738.0,0.78008,1.232713,BLR,POL,8951
849167,43,177,1413,2001.0,1166678.0,0.0,0.535502,2.28778,CHN,POL,8951
849168,59,177,1413,2001.0,1570169.0,76742.0,1.56908,0.860384,CZE,POL,8951
849169,61,177,1413,2001.0,1295499.0,688722.0,2.335872,-2.09875,DEU,POL,8951
849170,64,177,1413,2001.0,639490.0,154575.0,1.356327,1.3288309999999999,DNK,POL,8951
849171,71,177,1413,2001.0,32498.0,13843.0,1.1380350000000001,1.7870139999999999,ESP,POL,8951
849172,74,177,1413,2001.0,1483.0,0.0,1.9661669999999998,1.000436,FIN,POL,8951
849173,77,177,1413,2001.0,169997.0,0.0,1.6143809999999998,0.626221,FRA,POL,8951
849174,81,177,1413,2001.0,217829.0,0.0,2.1068439999999997,0.658575,GBR,POL,8951
849175,90,177,1413,2001.0,0.0,4528.0,0.338607,1.506593,GRC,POL,8951
849176,97,177,1413,2001.0,957822.0,0.0,0.639538,1.5157610000000001,HKG,POL,8951
849177,102,177,1413,2001.0,251739.0,24084.0,1.069245,1.2217069999999999,HUN,POL,8951
849178,104,177,1413,2001.0,169035.0,0.0,0.382444,2.538934,IND,POL,8951
849179,106,177,1413,2001.0,50079.0,0.0,1.751955,0.210628,IRL,POL,8951
849180,111,177,1413,2001.0,1044013.0,2065.0,1.488545,0.8410610000000001,ITA,POL,8951
849181,114,177,1413,2001.0,1399.0,0.0,2.674032,0.445636,JPN,POL,8951
849182,130,177,1413,2001.0,0.0,300459.0,0.21069699999999997,0.720384,LTU,POL,8951
849183,132,177,1413,2001.0,0.0,123413.0,0.31652600000000003,0.523927,LVA,POL,8951
849184,135,177,1413,2001.0,0.0,3083.0,0.12110699999999999,0.159706,MDA,POL,8951
849185,162,177,1413,2001.0,484799.0,0.0,1.299569,1.487015,NLD,POL,8951
849186,163,177,1413,2001.0,25527.0,3155.0,0.542366,-0.180336,NOR,POL,8951
849187,185,177,1413,2001.0,0.0,12614.0,0.465168,1.1029129999999998,ROU,POL,8951
849188,186,177,1413,2001.0,0.0,207106.0,0.546271,0.195872,RUS,POL,8951
849189,206,177,1413,2001.0,0.0,11630.0,1.310591,1.195523,SVK,POL,8951
849190,207,177,1413,2001.0,304005.0,3574.0,1.488089,1.0928360000000001,SVN,POL,8951
849191,208,177,1413,2001.0,1009240.0,30285.0,2.01685,0.8233159999999999,SWE,POL,8951
849192,228,177,1413,2001.0,0.0,749262.0,0.642888,1.267971,UKR,POL,8951
849193,231,177,1413,2001.0,17901.0,50759.0,1.96615,-0.12332699999999999,USA,POL,8951
849194,249,177,1413,2001.0,39263.0,0.0,1.7270020000000001,1.252843,TWN,POL,8951
849195,2,179,1413,2001.0,0.0,122019.0,-2.190929,-1.302123,AGO,PRT,8951
849196,15,179,1413,2001.0,308152.0,0.0,1.8987740000000002,0.45922700000000005,AUT,PRT,8951
849197,18,179,1413,2001.0,65399.0,1303.0,1.425483,1.3072409999999999,BEL,PRT,8951
849198,32,179,1413,2001.0,1635.0,0.0,0.658473,1.328637,BRA,PRT,8951
849199,39,179,1413,2001.0,0.0,1728.0,0.8899729999999999,1.3778299999999999,CAN,PRT,8951
849200,43,179,1413,2001.0,92492.0,0.0,0.535502,2.28778,CHN,PRT,8951
849201,51,179,1413,2001.0,0.0,43656.0,-0.016933,-0.340938,CPV,PRT,8951
849202,54,179,1413,2001.0,0.0,3481.0,-0.889919,-1.137994,CUB,PRT,8951
849203,61,179,1413,2001.0,479949.0,32542.0,2.335872,-2.09875,DEU,PRT,8951
849204,64,179,1413,2001.0,24801.0,0.0,1.356327,1.3288309999999999,DNK,PRT,8951
849205,71,179,1413,2001.0,669858.0,48392.0,1.1380350000000001,1.7870139999999999,ESP,PRT,8951
849206,77,179,1413,2001.0,668896.0,1159.0,1.6143809999999998,0.626221,FRA,PRT,8951
849207,81,179,1413,2001.0,63365.0,0.0,2.1068439999999997,0.658575,GBR,PRT,8951
849208,88,179,1413,2001.0,0.0,11868.0,-1.30345,-1.0277,GNB,PRT,8951
849209,90,179,1413,2001.0,23843.0,2242.0,0.338607,1.506593,GRC,PRT,8951
849210,97,179,1413,2001.0,114553.0,0.0,0.639538,1.5157610000000001,HKG,PRT,8951
849211,102,179,1413,2001.0,8590.0,1194.0,1.069245,1.2217069999999999,HUN,PRT,8951
849212,103,179,1413,2001.0,5501.0,0.0,0.039233,1.780659,IDN,PRT,8951
849213,104,179,1413,2001.0,18853.0,3735.0,0.382444,2.538934,IND,PRT,8951
849214,111,179,1413,2001.0,1197314.0,37788.0,1.488545,0.8410610000000001,ITA,PRT,8951
849215,122,179,1413,2001.0,0.0,1021.0,-0.695801,-1.225701,KWT,PRT,8951
849216,134,179,1413,2001.0,0.0,5763.0,-0.616006,-0.340127,MAR,PRT,8951
849217,147,179,1413,2001.0,0.0,30724.0,-1.476933,-1.253628,MOZ,PRT,8951
849218,162,179,1413,2001.0,222897.0,4152.0,1.299569,1.487015,NLD,PRT,8951
849219,163,179,1413,2001.0,0.0,1379.0,0.542366,-0.180336,NOR,PRT,8951
849220,166,179,1413,2001.0,1549.0,0.0,0.220307,0.689625,NZL,PRT,8951
849221,185,179,1413,2001.0,0.0,1235.0,0.465168,1.1029129999999998,ROU,PRT,8951
849222,192,179,1413,2001.0,0.0,3209.0,1.587064,0.639626,SGP,PRT,8951
849223,207,179,1413,2001.0,0.0,1135.0,1.488089,1.0928360000000001,SVN,PRT,8951
849224,208,179,1413,2001.0,143026.0,1075.0,2.01685,0.8233159999999999,SWE,PRT,8951
849225,216,179,1413,2001.0,0.0,2744.0,0.49264600000000003,1.493471,THA,PRT,8951
849226,231,179,1413,2001.0,50579.0,2685.0,1.96615,-0.12332699999999999,USA,PRT,8951
849227,239,179,1413,2001.0,4545.0,0.0,-0.533978,0.503988,VNM,PRT,8951
849228,249,179,1413,2001.0,79998.0,0.0,1.7270020000000001,1.252843,TWN,PRT,8951
849229,7,183,1413,2001.0,17297.0,0.0,-0.217259,-0.613042,ARE,QAT,8951
849230,14,183,1413,2001.0,12494.0,0.0,-0.12189000000000001,0.7281770000000001,AUS,QAT,8951
849231,15,183,1413,2001.0,1325.0,0.0,1.8987740000000002,0.45922700000000005,AUT,QAT,8951
849232,58,183,1413,2001.0,4672.0,0.0,0.30700500000000003,0.258726,CYP,QAT,8951
849233,61,183,1413,2001.0,6512.0,0.0,2.335872,-2.09875,DEU,QAT,8951
849234,71,183,1413,2001.0,5824.0,0.0,1.1380350000000001,1.7870139999999999,ESP,QAT,8951
849235,74,183,1413,2001.0,1346.0,0.0,1.9661669999999998,1.000436,FIN,QAT,8951
849236,77,183,1413,2001.0,53161.0,0.0,1.6143809999999998,0.626221,FRA,QAT,8951
849237,81,183,1413,2001.0,63856.0,0.0,2.1068439999999997,0.658575,GBR,QAT,8951
849238,97,183,1413,2001.0,26279.0,0.0,0.639538,1.5157610000000001,HKG,QAT,8951
849239,103,183,1413,2001.0,3290.0,0.0,0.039233,1.780659,IDN,QAT,8951
849240,104,183,1413,2001.0,38345.0,0.0,0.382444,2.538934,IND,QAT,8951
849241,107,183,1413,2001.0,14331.0,0.0,-0.973691,-1.05654,IRN,QAT,8951
849242,111,183,1413,2001.0,99050.0,0.0,1.488545,0.8410610000000001,ITA,QAT,8951
849243,114,183,1413,2001.0,20335.0,0.0,2.674032,0.445636,JPN,QAT,8951
849244,121,183,1413,2001.0,3617.0,0.0,1.436204,0.917057,KOR,QAT,8951
849245,122,183,1413,2001.0,6356.0,0.0,-0.695801,-1.225701,KWT,QAT,8951
849246,153,183,1413,2001.0,23853.0,0.0,0.894191,0.310677,MYS,QAT,8951
849247,162,183,1413,2001.0,4911.0,0.0,1.299569,1.487015,NLD,QAT,8951
849248,167,183,1413,2001.0,6472.0,0.0,-1.4727729999999999,-1.329588,OMN,QAT,8951
849249,192,183,1413,2001.0,1511.0,0.0,1.587064,0.639626,SGP,QAT,8951
849250,208,183,1413,2001.0,4489.0,0.0,2.01685,0.8233159999999999,SWE,QAT,8951
849251,231,183,1413,2001.0,15344.0,0.0,1.96615,-0.12332699999999999,USA,QAT,8951
849252,246,183,1413,2001.0,17582.0,0.0,0.249833,2.1142950000000003,ZAF,QAT,8951
849253,249,183,1413,2001.0,4088.0,0.0,1.7270020000000001,1.252843,TWN,QAT,8951
849254,15,186,1413,2001.0,11322.0,0.0,1.8987740000000002,0.45922700000000005,AUT,RUS,8951
849255,18,186,1413,2001.0,34914.0,0.0,1.425483,1.3072409999999999,BEL,RUS,8951
849256,28,186,1413,2001.0,303828.0,66765.0,0.78008,1.232713,BLR,RUS,8951
849257,41,186,1413,2001.0,13394.0,0.0,2.161588,0.8069890000000001,CHE,RUS,8951
849258,43,186,1413,2001.0,522133.0,0.0,0.535502,2.28778,CHN,RUS,8951
849259,58,186,1413,2001.0,0.0,3704.0,0.30700500000000003,0.258726,CYP,RUS,8951
849260,59,186,1413,2001.0,45848.0,0.0,1.56908,0.860384,CZE,RUS,8951
849261,61,186,1413,2001.0,1260231.0,0.0,2.335872,-2.09875,DEU,RUS,8951
849262,64,186,1413,2001.0,5169.0,0.0,1.356327,1.3288309999999999,DNK,RUS,8951
849263,71,186,1413,2001.0,137478.0,0.0,1.1380350000000001,1.7870139999999999,ESP,RUS,8951
849264,72,186,1413,2001.0,31310.0,0.0,0.53422,0.9372790000000001,EST,RUS,8951
849265,74,186,1413,2001.0,323278.0,0.0,1.9661669999999998,1.000436,FIN,RUS,8951
849266,77,186,1413,2001.0,152957.0,0.0,1.6143809999999998,0.626221,FRA,RUS,8951
849267,81,186,1413,2001.0,262808.0,0.0,2.1068439999999997,0.658575,GBR,RUS,8951
849268,90,186,1413,2001.0,1969.0,0.0,0.338607,1.506593,GRC,RUS,8951
849269,97,186,1413,2001.0,265930.0,0.0,0.639538,1.5157610000000001,HKG,RUS,8951
849270,100,186,1413,2001.0,1114.0,0.0,0.6315729999999999,1.169338,HRV,RUS,8951
849271,102,186,1413,2001.0,30700.0,0.0,1.069245,1.2217069999999999,HUN,RUS,8951
849272,104,186,1413,2001.0,4237.0,0.0,0.382444,2.538934,IND,RUS,8951
849273,109,186,1413,2001.0,1482.0,0.0,0.049756,-0.496962,ISL,RUS,8951
849274,110,186,1413,2001.0,1164.0,0.0,1.17675,0.900401,ISR,RUS,8951
849275,111,186,1413,2001.0,622688.0,0.0,1.488545,0.8410610000000001,ITA,RUS,8951
849276,114,186,1413,2001.0,15967.0,0.0,2.674032,0.445636,JPN,RUS,8951
849277,115,186,1413,2001.0,0.0,58241.0,-0.05773,-0.44668500000000005,KAZ,RUS,8951
849278,117,186,1413,2001.0,0.0,3815.0,0.125827,0.431141,KGZ,RUS,8951
849279,121,186,1413,2001.0,64498.0,0.0,1.436204,0.917057,KOR,RUS,8951
849280,130,186,1413,2001.0,8549.0,1382.0,0.21069699999999997,0.720384,LTU,RUS,8951
849281,132,186,1413,2001.0,13055.0,0.0,0.31652600000000003,0.523927,LVA,RUS,8951
849282,162,186,1413,2001.0,418828.0,0.0,1.299569,1.487015,NLD,RUS,8951
849283,163,186,1413,2001.0,3594.0,0.0,0.542366,-0.180336,NOR,RUS,8951
849284,177,186,1413,2001.0,207106.0,0.0,0.983238,1.7436209999999999,POL,RUS,8951
849285,178,186,1413,2001.0,5865.0,0.0,0.7188640000000001,1.101559,PRK,RUS,8951
849286,192,186,1413,2001.0,16161.0,0.0,1.587064,0.639626,SGP,RUS,8951
849287,207,186,1413,2001.0,12347.0,0.0,1.488089,1.0928360000000001,SVN,RUS,8951
849288,208,186,1413,2001.0,245073.0,0.0,2.01685,0.8233159999999999,SWE,RUS,8951
849289,216,186,1413,2001.0,67692.0,0.0,0.49264600000000003,1.493471,THA,RUS,8951
849290,224,186,1413,2001.0,52425.0,0.0,0.168219,1.989011,TUR,RUS,8951
849291,228,186,1413,2001.0,60963.0,2237.0,0.642888,1.267971,UKR,RUS,8951
849292,231,186,1413,2001.0,54165.0,0.0,1.96615,-0.12332699999999999,USA,RUS,8951
849293,249,186,1413,2001.0,130824.0,0.0,1.7270020000000001,1.252843,TWN,RUS,8951
849294,7,191,1413,2001.0,21439.0,0.0,-0.217259,-0.613042,ARE,SEN,8951
849295,18,191,1413,2001.0,12456.0,0.0,1.425483,1.3072409999999999,BEL,SEN,8951
849296,43,191,1413,2001.0,15542.0,0.0,0.535502,2.28778,CHN,SEN,8951
849297,61,191,1413,2001.0,2965.0,0.0,2.335872,-2.09875,DEU,SEN,8951
849298,71,191,1413,2001.0,1847.0,0.0,1.1380350000000001,1.7870139999999999,ESP,SEN,8951
849299,77,191,1413,2001.0,76660.0,8233.0,1.6143809999999998,0.626221,FRA,SEN,8951
849300,97,191,1413,2001.0,1066.0,0.0,0.639538,1.5157610000000001,HKG,SEN,8951
849301,103,191,1413,2001.0,3974.0,0.0,0.039233,1.780659,IDN,SEN,8951
849302,111,191,1413,2001.0,27062.0,0.0,1.488545,0.8410610000000001,ITA,SEN,8951
849303,141,191,1413,2001.0,0.0,2954.0,-0.176802,-0.408531,MLI,SEN,8951
849304,231,191,1413,2001.0,5756.0,0.0,1.96615,-0.12332699999999999,USA,SEN,8951
849305,15,206,1413,2001.0,169601.0,138364.0,1.8987740000000002,0.45922700000000005,AUT,SVK,8951
849306,18,206,1413,2001.0,199541.0,0.0,1.425483,1.3072409999999999,BEL,SVK,8951
849307,41,206,1413,2001.0,1605.0,0.0,2.161588,0.8069890000000001,CHE,SVK,8951
849308,43,206,1413,2001.0,41751.0,0.0,0.535502,2.28778,CHN,SVK,8951
849309,58,206,1413,2001.0,0.0,6912.0,0.30700500000000003,0.258726,CYP,SVK,8951
849310,59,206,1413,2001.0,765581.0,33815.0,1.56908,0.860384,CZE,SVK,8951
849311,61,206,1413,2001.0,242221.0,636415.0,2.335872,-2.09875,DEU,SVK,8951
849312,64,206,1413,2001.0,8750.0,0.0,1.356327,1.3288309999999999,DNK,SVK,8951
849313,71,206,1413,2001.0,3627.0,0.0,1.1380350000000001,1.7870139999999999,ESP,SVK,8951
849314,77,206,1413,2001.0,26030.0,0.0,1.6143809999999998,0.626221,FRA,SVK,8951
849315,81,206,1413,2001.0,24960.0,0.0,2.1068439999999997,0.658575,GBR,SVK,8951
849316,97,206,1413,2001.0,4288.0,0.0,0.639538,1.5157610000000001,HKG,SVK,8951
849317,100,206,1413,2001.0,0.0,2438.0,0.6315729999999999,1.169338,HRV,SVK,8951
849318,102,206,1413,2001.0,10222.0,4285.0,1.069245,1.2217069999999999,HUN,SVK,8951
849319,104,206,1413,2001.0,11878.0,0.0,0.382444,2.538934,IND,SVK,8951
849320,111,206,1413,2001.0,109136.0,3329.0,1.488545,0.8410610000000001,ITA,SVK,8951
849321,114,206,1413,2001.0,1344.0,0.0,2.674032,0.445636,JPN,SVK,8951
849322,121,206,1413,2001.0,6626.0,0.0,1.436204,0.917057,KOR,SVK,8951
849323,132,206,1413,2001.0,0.0,13841.0,0.31652600000000003,0.523927,LVA,SVK,8951
849324,162,206,1413,2001.0,22887.0,347296.0,1.299569,1.487015,NLD,SVK,8951
849325,177,206,1413,2001.0,11630.0,0.0,0.983238,1.7436209999999999,POL,SVK,8951
849326,185,206,1413,2001.0,0.0,1845.0,0.465168,1.1029129999999998,ROU,SVK,8951
849327,189,206,1413,2001.0,0.0,4991.0,0.38765,2.769588,SCG,SVK,8951
849328,207,206,1413,2001.0,15346.0,0.0,1.488089,1.0928360000000001,SVN,SVK,8951
849329,208,206,1413,2001.0,15708.0,0.0,2.01685,0.8233159999999999,SWE,SVK,8951
849330,228,206,1413,2001.0,7321.0,5481.0,0.642888,1.267971,UKR,SVK,8951
849331,231,206,1413,2001.0,2619.0,0.0,1.96615,-0.12332699999999999,USA,SVK,8951
849332,249,206,1413,2001.0,2636.0,0.0,1.7270020000000001,1.252843,TWN,SVK,8951
849333,15,223,1413,2001.0,5534.0,0.0,1.8987740000000002,0.45922700000000005,AUT,TUN,8951
849334,18,223,1413,2001.0,24859.0,0.0,1.425483,1.3072409999999999,BEL,TUN,8951
849335,41,223,1413,2001.0,1620.0,0.0,2.161588,0.8069890000000001,CHE,TUN,8951
849336,43,223,1413,2001.0,34836.0,0.0,0.535502,2.28778,CHN,TUN,8951
849337,59,223,1413,2001.0,13019.0,0.0,1.56908,0.860384,CZE,TUN,8951
849338,61,223,1413,2001.0,82958.0,58317.0,2.335872,-2.09875,DEU,TUN,8951
849339,71,223,1413,2001.0,11422.0,0.0,1.1380350000000001,1.7870139999999999,ESP,TUN,8951
849340,77,223,1413,2001.0,144630.0,5517.0,1.6143809999999998,0.626221,FRA,TUN,8951
849341,81,223,1413,2001.0,66454.0,0.0,2.1068439999999997,0.658575,GBR,TUN,8951
849342,97,223,1413,2001.0,2888.0,0.0,0.639538,1.5157610000000001,HKG,TUN,8951
849343,111,223,1413,2001.0,395078.0,3376.0,1.488545,0.8410610000000001,ITA,TUN,8951
849344,163,223,1413,2001.0,26224.0,0.0,0.542366,-0.180336,NOR,TUN,8951
849345,208,223,1413,2001.0,7194.0,0.0,2.01685,0.8233159999999999,SWE,TUN,8951
849346,231,223,1413,2001.0,4279.0,0.0,1.96615,-0.12332699999999999,USA,TUN,8951
849347,249,223,1413,2001.0,24282.0,0.0,1.7270020000000001,1.252843,TWN,TUN,8951
849348,250,223,1413,2001.0,0.0,10326.0,0.947105,-0.529946,ANS,TUN,8951
849349,15,228,1413,2001.0,14095.0,0.0,1.8987740000000002,0.45922700000000005,AUT,UKR,8951
849350,18,228,1413,2001.0,1177.0,0.0,1.425483,1.3072409999999999,BEL,UKR,8951
849351,23,228,1413,2001.0,1404.0,0.0,0.46429799999999993,1.7500380000000002,BGR,UKR,8951
849352,43,228,1413,2001.0,63721.0,0.0,0.535502,2.28778,CHN,UKR,8951
849353,59,228,1413,2001.0,80824.0,0.0,1.56908,0.860384,CZE,UKR,8951
849354,61,228,1413,2001.0,112386.0,16062.0,2.335872,-2.09875,DEU,UKR,8951
849355,71,228,1413,2001.0,20253.0,0.0,1.1380350000000001,1.7870139999999999,ESP,UKR,8951
849356,74,228,1413,2001.0,2860.0,0.0,1.9661669999999998,1.000436,FIN,UKR,8951
849357,77,228,1413,2001.0,18939.0,0.0,1.6143809999999998,0.626221,FRA,UKR,8951
849358,81,228,1413,2001.0,216076.0,0.0,2.1068439999999997,0.658575,GBR,UKR,8951
849359,97,228,1413,2001.0,61808.0,0.0,0.639538,1.5157610000000001,HKG,UKR,8951
849360,102,228,1413,2001.0,1580.0,0.0,1.069245,1.2217069999999999,HUN,UKR,8951
849361,107,228,1413,2001.0,9457.0,0.0,-0.973691,-1.05654,IRN,UKR,8951
849362,111,228,1413,2001.0,14438.0,0.0,1.488545,0.8410610000000001,ITA,UKR,8951
849363,135,228,1413,2001.0,0.0,1090.0,0.12110699999999999,0.159706,MDA,UKR,8951
849364,162,228,1413,2001.0,10825.0,0.0,1.299569,1.487015,NLD,UKR,8951
849365,163,228,1413,2001.0,1117.0,0.0,0.542366,-0.180336,NOR,UKR,8951
849366,177,228,1413,2001.0,749262.0,0.0,0.983238,1.7436209999999999,POL,UKR,8951
849367,186,228,1413,2001.0,2237.0,60963.0,0.546271,0.195872,RUS,UKR,8951
849368,206,228,1413,2001.0,5481.0,7321.0,1.310591,1.195523,SVK,UKR,8951
849369,207,228,1413,2001.0,1099.0,0.0,1.488089,1.0928360000000001,SVN,UKR,8951
849370,208,228,1413,2001.0,22734.0,0.0,2.01685,0.8233159999999999,SWE,UKR,8951
849371,216,228,1413,2001.0,7370.0,0.0,0.49264600000000003,1.493471,THA,UKR,8951
849372,224,228,1413,2001.0,15827.0,0.0,0.168219,1.989011,TUR,UKR,8951
849373,231,228,1413,2001.0,9950.0,0.0,1.96615,-0.12332699999999999,USA,UKR,8951
849374,249,228,1413,2001.0,75750.0,0.0,1.7270020000000001,1.252843,TWN,UKR,8951
849375,2,246,1413,2001.0,0.0,31451.0,-2.190929,-1.302123,AGO,ZAF,8951
849376,7,246,1413,2001.0,3024.0,8709.0,-0.217259,-0.613042,ARE,ZAF,8951
849377,13,246,1413,2001.0,0.0,3473.0,-0.178808,-0.795151,ATG,ZAF,8951
849378,14,246,1413,2001.0,0.0,12295.0,-0.12189000000000001,0.7281770000000001,AUS,ZAF,8951
849379,15,246,1413,2001.0,15867.0,0.0,1.8987740000000002,0.45922700000000005,AUT,ZAF,8951
849380,18,246,1413,2001.0,0.0,2195.0,1.425483,1.3072409999999999,BEL,ZAF,8951
849381,24,246,1413,2001.0,0.0,4424.0,-0.11648499999999999,-1.101653,BHR,ZAF,8951
849382,37,246,1413,2001.0,1625.0,380557.0,-0.470005,-1.180158,BWA,ZAF,8951
849383,39,246,1413,2001.0,0.0,1294.0,0.8899729999999999,1.3778299999999999,CAN,ZAF,8951
849384,43,246,1413,2001.0,791825.0,0.0,0.535502,2.28778,CHN,ZAF,8951
849385,47,246,1413,2001.0,0.0,1519.0,-1.5108190000000001,-1.277465,COG,ZAF,8951
849386,61,246,1413,2001.0,184445.0,16230.0,2.335872,-2.09875,DEU,ZAF,8951
849387,68,246,1413,2001.0,0.0,40124.0,-0.346794,0.431229,EGY,ZAF,8951
849388,71,246,1413,2001.0,17818.0,0.0,1.1380350000000001,1.7870139999999999,ESP,ZAF,8951
849389,73,246,1413,2001.0,0.0,17735.0,-1.010637,-0.8893280000000001,ETH,ZAF,8951
849390,77,246,1413,2001.0,40795.0,4688.0,1.6143809999999998,0.626221,FRA,ZAF,8951
849391,81,246,1413,2001.0,624121.0,9592.0,2.1068439999999997,0.658575,GBR,ZAF,8951
849392,83,246,1413,2001.0,0.0,1555.0,-0.7818689999999999,-0.645878,GHA,ZAF,8951
849393,97,246,1413,2001.0,1552708.0,2965.0,0.639538,1.5157610000000001,HKG,ZAF,8951
849394,103,246,1413,2001.0,1279.0,0.0,0.039233,1.780659,IDN,ZAF,8951
849395,104,246,1413,2001.0,15253.0,0.0,0.382444,2.538934,IND,ZAF,8951
849396,111,246,1413,2001.0,268696.0,0.0,1.488545,0.8410610000000001,ITA,ZAF,8951
849397,114,246,1413,2001.0,63574.0,0.0,2.674032,0.445636,JPN,ZAF,8951
849398,116,246,1413,2001.0,0.0,18181.0,-0.533651,0.072611,KEN,ZAF,8951
849399,121,246,1413,2001.0,32709.0,0.0,1.436204,0.917057,KOR,ZAF,8951
849400,129,246,1413,2001.0,0.0,332598.0,-0.624448,-0.7844260000000001,LSO,ZAF,8951
849401,138,246,1413,2001.0,0.0,1714.0,1.088661,0.680197,MEX,ZAF,8951
849402,147,246,1413,2001.0,0.0,51662.0,-1.476933,-1.253628,MOZ,ZAF,8951
849403,151,246,1413,2001.0,0.0,20423.0,-0.304271,-0.589387,MUS,ZAF,8951
849404,152,246,1413,2001.0,0.0,61948.0,-1.109888,-1.00393,MWI,ZAF,8951
849405,153,246,1413,2001.0,11529.0,0.0,0.894191,0.310677,MYS,ZAF,8951
849406,155,246,1413,2001.0,4119.0,367505.0,-0.536003,-0.7165590000000001,NAM,ZAF,8951
849407,159,246,1413,2001.0,0.0,22925.0,-1.9085759999999998,-1.335279,NGA,ZAF,8951
849408,162,246,1413,2001.0,82375.0,0.0,1.299569,1.487015,NLD,ZAF,8951
849409,166,246,1413,2001.0,0.0,6313.0,0.220307,0.689625,NZL,ZAF,8951
849410,183,246,1413,2001.0,0.0,17582.0,-0.282283,-1.136895,QAT,ZAF,8951
849411,192,246,1413,2001.0,22916.0,0.0,1.587064,0.639626,SGP,ZAF,8951
849412,208,246,1413,2001.0,17453.0,0.0,2.01685,0.8233159999999999,SWE,ZAF,8951
849413,209,246,1413,2001.0,0.0,137600.0,0.31004299999999996,-0.21159499999999998,SWZ,ZAF,8951
849414,211,246,1413,2001.0,0.0,6064.0,-0.40370700000000004,-0.9052620000000001,SYC,ZAF,8951
849415,226,246,1413,2001.0,0.0,21203.0,-1.227071,-0.489829,TZA,ZAF,8951
849416,227,246,1413,2001.0,2927.0,12575.0,-1.1823700000000001,-0.7738619999999999,UGA,ZAF,8951
849417,231,246,1413,2001.0,106078.0,3048.0,1.96615,-0.12332699999999999,USA,ZAF,8951
849418,247,246,1413,2001.0,0.0,98149.0,-0.8878799999999999,-0.735268,ZMB,ZAF,8951
849419,248,246,1413,2001.0,2067.0,169727.0,-0.663155,-0.212796,ZWE,ZAF,8951
849420,249,246,1413,2001.0,283621.0,0.0,1.7270020000000001,1.252843,TWN,ZAF,8951
849421,43,19,1413,2001.0,20566.0,0.0,0.535502,2.28778,CHN,BEN,8951
849422,61,19,1413,2001.0,20083.0,0.0,2.335872,-2.09875,DEU,BEN,8951
849423,77,19,1413,2001.0,16565.0,0.0,1.6143809999999998,0.626221,FRA,BEN,8951
849424,83,19,1413,2001.0,6851.0,0.0,-0.7818689999999999,-0.645878,GHA,BEN,8951
849425,231,19,1413,2001.0,1869.0,0.0,1.96615,-0.12332699999999999,USA,BEN,8951
849426,61,21,1413,2001.0,14717.0,0.0,2.335872,-2.09875,DEU,BFA,8951
849427,77,21,1413,2001.0,21418.0,0.0,1.6143809999999998,0.626221,FRA,BFA,8951
849428,83,21,1413,2001.0,0.0,1539.0,-0.7818689999999999,-0.645878,GHA,BFA,8951
849429,43,37,1413,2001.0,2978.0,0.0,0.535502,2.28778,CHN,BWA,8951
849430,81,37,1413,2001.0,5323.0,0.0,2.1068439999999997,0.658575,GBR,BWA,8951
849431,104,37,1413,2001.0,4288.0,0.0,0.382444,2.538934,IND,BWA,8951
849432,246,37,1413,2001.0,380557.0,1625.0,0.249833,2.1142950000000003,ZAF,BWA,8951
849433,248,37,1413,2001.0,0.0,7908.0,-0.663155,-0.212796,ZWE,BWA,8951
849434,43,44,1413,2001.0,17939.0,0.0,0.535502,2.28778,CHN,CIV,8951
849435,61,44,1413,2001.0,3538.0,0.0,2.335872,-2.09875,DEU,CIV,8951
849436,71,44,1413,2001.0,4818.0,0.0,1.1380350000000001,1.7870139999999999,ESP,CIV,8951
849437,77,44,1413,2001.0,47303.0,2925.0,1.6143809999999998,0.626221,FRA,CIV,8951
849438,81,44,1413,2001.0,30241.0,0.0,2.1068439999999997,0.658575,GBR,CIV,8951
849439,111,44,1413,2001.0,32246.0,0.0,1.488545,0.8410610000000001,ITA,CIV,8951
849440,208,44,1413,2001.0,6126.0,0.0,2.01685,0.8233159999999999,SWE,CIV,8951
849441,231,44,1413,2001.0,6380.0,0.0,1.96615,-0.12332699999999999,USA,CIV,8951
849442,39,45,1413,2001.0,2300.0,0.0,0.8899729999999999,1.3778299999999999,CAN,CMR,8951
849443,43,45,1413,2001.0,1510.0,0.0,0.535502,2.28778,CHN,CMR,8951
849444,61,45,1413,2001.0,18259.0,0.0,2.335872,-2.09875,DEU,CMR,8951
849445,71,45,1413,2001.0,8047.0,0.0,1.1380350000000001,1.7870139999999999,ESP,CMR,8951
849446,77,45,1413,2001.0,60205.0,0.0,1.6143809999999998,0.626221,FRA,CMR,8951
849447,81,45,1413,2001.0,2682.0,0.0,2.1068439999999997,0.658575,GBR,CMR,8951
849448,111,45,1413,2001.0,39481.0,0.0,1.488545,0.8410610000000001,ITA,CMR,8951
849449,214,45,1413,2001.0,0.0,15252.0,-0.263125,-0.8669950000000001,TCD,CMR,8951
849450,231,45,1413,2001.0,15464.0,0.0,1.96615,-0.12332699999999999,USA,CMR,8951
849451,250,45,1413,2001.0,9032.0,0.0,0.947105,-0.529946,ANS,CMR,8951
849452,64,51,1413,2001.0,1058.0,0.0,1.356327,1.3288309999999999,DNK,CPV,8951
849453,65,51,1413,2001.0,3000.0,0.0,-0.55896,-0.517513,DOM,CPV,8951
849454,77,51,1413,2001.0,4784.0,0.0,1.6143809999999998,0.626221,FRA,CPV,8951
849455,179,51,1413,2001.0,43656.0,0.0,0.688736,1.326716,PRT,CPV,8951
849456,15,72,1413,2001.0,49141.0,0.0,1.8987740000000002,0.45922700000000005,AUT,EST,8951
849457,43,72,1413,2001.0,47204.0,0.0,0.535502,2.28778,CHN,EST,8951
849458,59,72,1413,2001.0,2639.0,0.0,1.56908,0.860384,CZE,EST,8951
849459,61,72,1413,2001.0,127153.0,0.0,2.335872,-2.09875,DEU,EST,8951
849460,64,72,1413,2001.0,7154.0,1436.0,1.356327,1.3288309999999999,DNK,EST,8951
849461,71,72,1413,2001.0,6008.0,0.0,1.1380350000000001,1.7870139999999999,ESP,EST,8951
849462,74,72,1413,2001.0,167939.0,7053.0,1.9661669999999998,1.000436,FIN,EST,8951
849463,77,72,1413,2001.0,5192.0,0.0,1.6143809999999998,0.626221,FRA,EST,8951
849464,81,72,1413,2001.0,54603.0,0.0,2.1068439999999997,0.658575,GBR,EST,8951
849465,97,72,1413,2001.0,75344.0,0.0,0.639538,1.5157610000000001,HKG,EST,8951
849466,111,72,1413,2001.0,19438.0,0.0,1.488545,0.8410610000000001,ITA,EST,8951
849467,130,72,1413,2001.0,3234.0,0.0,0.21069699999999997,0.720384,LTU,EST,8951
849468,132,72,1413,2001.0,6720.0,6858.0,0.31652600000000003,0.523927,LVA,EST,8951
849469,162,72,1413,2001.0,4786.0,0.0,1.299569,1.487015,NLD,EST,8951
849470,163,72,1413,2001.0,7330.0,0.0,0.542366,-0.180336,NOR,EST,8951
849471,186,72,1413,2001.0,0.0,31310.0,0.546271,0.195872,RUS,EST,8951
849472,208,72,1413,2001.0,435832.0,2204.0,2.01685,0.8233159999999999,SWE,EST,8951
849473,216,72,1413,2001.0,1011.0,0.0,0.49264600000000003,1.493471,THA,EST,8951
849474,249,72,1413,2001.0,33619.0,0.0,1.7270020000000001,1.252843,TWN,EST,8951
849475,250,72,1413,2001.0,301930.0,5606.0,0.947105,-0.529946,ANS,EST,8951
849476,43,80,1413,2001.0,2194.0,0.0,0.535502,2.28778,CHN,GAB,8951
849477,61,80,1413,2001.0,6674.0,0.0,2.335872,-2.09875,DEU,GAB,8951
849478,71,80,1413,2001.0,1283.0,0.0,1.1380350000000001,1.7870139999999999,ESP,GAB,8951
849479,77,80,1413,2001.0,86405.0,0.0,1.6143809999999998,0.626221,FRA,GAB,8951
849480,111,80,1413,2001.0,4513.0,0.0,1.488545,0.8410610000000001,ITA,GAB,8951
849481,162,80,1413,2001.0,1252.0,0.0,1.299569,1.487015,NLD,GAB,8951
849482,231,80,1413,2001.0,4838.0,0.0,1.96615,-0.12332699999999999,USA,GAB,8951
849483,249,80,1413,2001.0,1121.0,0.0,1.7270020000000001,1.252843,TWN,GAB,8951
849484,250,80,1413,2001.0,6698.0,0.0,0.947105,-0.529946,ANS,GAB,8951
849485,18,85,1413,2001.0,3772.0,0.0,1.425483,1.3072409999999999,BEL,GIN,8951
849486,39,85,1413,2001.0,47713.0,0.0,0.8899729999999999,1.3778299999999999,CAN,GIN,8951
849487,71,85,1413,2001.0,4720.0,0.0,1.1380350000000001,1.7870139999999999,ESP,GIN,8951
849488,77,85,1413,2001.0,22410.0,0.0,1.6143809999999998,0.626221,FRA,GIN,8951
849489,81,85,1413,2001.0,5330.0,0.0,2.1068439999999997,0.658575,GBR,GIN,8951
849490,153,85,1413,2001.0,3687.0,0.0,0.894191,0.310677,MYS,GIN,8951
849491,231,85,1413,2001.0,6330.0,0.0,1.96615,-0.12332699999999999,USA,GIN,8951
849492,15,102,1413,2001.0,433425.0,8887076.0,1.8987740000000002,0.45922700000000005,AUT,HUN,8951
849493,18,102,1413,2001.0,74776.0,0.0,1.425483,1.3072409999999999,BEL,HUN,8951
849494,23,102,1413,2001.0,0.0,27450.0,0.46429799999999993,1.7500380000000002,BGR,HUN,8951
849495,26,102,1413,2001.0,0.0,9000.0,0.263644,0.44197,BIH,HUN,8951
849496,39,102,1413,2001.0,0.0,17406.0,0.8899729999999999,1.3778299999999999,CAN,HUN,8951
849497,41,102,1413,2001.0,8974.0,0.0,2.161588,0.8069890000000001,CHE,HUN,8951
849498,43,102,1413,2001.0,132826.0,0.0,0.535502,2.28778,CHN,HUN,8951
849499,59,102,1413,2001.0,72346.0,115122.0,1.56908,0.860384,CZE,HUN,8951
849500,61,102,1413,2001.0,404517.0,324980.0,2.335872,-2.09875,DEU,HUN,8951
849501,64,102,1413,2001.0,70845.0,0.0,1.356327,1.3288309999999999,DNK,HUN,8951
849502,71,102,1413,2001.0,45694.0,0.0,1.1380350000000001,1.7870139999999999,ESP,HUN,8951
849503,77,102,1413,2001.0,56886.0,5244.0,1.6143809999999998,0.626221,FRA,HUN,8951
849504,81,102,1413,2001.0,152525.0,13062.0,2.1068439999999997,0.658575,GBR,HUN,8951
849505,97,102,1413,2001.0,116965.0,2507.0,0.639538,1.5157610000000001,HKG,HUN,8951
849506,100,102,1413,2001.0,0.0,49268.0,0.6315729999999999,1.169338,HRV,HUN,8951
849507,110,102,1413,2001.0,0.0,24565.0,1.17675,0.900401,ISR,HUN,8951
849508,111,102,1413,2001.0,289194.0,76706.0,1.488545,0.8410610000000001,ITA,HUN,8951
849509,114,102,1413,2001.0,38993.0,0.0,2.674032,0.445636,JPN,HUN,8951
849510,121,102,1413,2001.0,10821.0,0.0,1.436204,0.917057,KOR,HUN,8951
849511,130,102,1413,2001.0,0.0,9941.0,0.21069699999999997,0.720384,LTU,HUN,8951
849512,131,102,1413,2001.0,3423.0,0.0,1.326753,1.2069530000000002,LUX,HUN,8951
849513,132,102,1413,2001.0,0.0,3711.0,0.31652600000000003,0.523927,LVA,HUN,8951
849514,153,102,1413,2001.0,4432.0,0.0,0.894191,0.310677,MYS,HUN,8951
849515,162,102,1413,2001.0,78356.0,0.0,1.299569,1.487015,NLD,HUN,8951
849516,163,102,1413,2001.0,0.0,5020.0,0.542366,-0.180336,NOR,HUN,8951
849517,177,102,1413,2001.0,24084.0,251739.0,0.983238,1.7436209999999999,POL,HUN,8951
849518,179,102,1413,2001.0,1194.0,8590.0,0.688736,1.326716,PRT,HUN,8951
849519,185,102,1413,2001.0,0.0,135577.0,0.465168,1.1029129999999998,ROU,HUN,8951
849520,186,102,1413,2001.0,0.0,30700.0,0.546271,0.195872,RUS,HUN,8951
849521,189,102,1413,2001.0,0.0,39071.0,0.38765,2.769588,SCG,HUN,8951
849522,192,102,1413,2001.0,59066.0,0.0,1.587064,0.639626,SGP,HUN,8951
849523,206,102,1413,2001.0,4285.0,10222.0,1.310591,1.195523,SVK,HUN,8951
849524,207,102,1413,2001.0,24327.0,36366.0,1.488089,1.0928360000000001,SVN,HUN,8951
849525,208,102,1413,2001.0,290513.0,0.0,2.01685,0.8233159999999999,SWE,HUN,8951
849526,216,102,1413,2001.0,3338.0,0.0,0.49264600000000003,1.493471,THA,HUN,8951
849527,224,102,1413,2001.0,2643.0,0.0,0.168219,1.989011,TUR,HUN,8951
849528,228,102,1413,2001.0,0.0,1580.0,0.642888,1.267971,UKR,HUN,8951
849529,231,102,1413,2001.0,103070.0,445828.0,1.96615,-0.12332699999999999,USA,HUN,8951
849530,249,102,1413,2001.0,31448.0,0.0,1.7270020000000001,1.252843,TWN,HUN,8951
849531,7,128,1413,2001.0,2141.0,0.0,-0.217259,-0.613042,ARE,LKA,8951
849532,14,128,1413,2001.0,1644.0,0.0,-0.12189000000000001,0.7281770000000001,AUS,LKA,8951
849533,43,128,1413,2001.0,78284.0,0.0,0.535502,2.28778,CHN,LKA,8951
849534,61,128,1413,2001.0,56781.0,0.0,2.335872,-2.09875,DEU,LKA,8951
849535,77,128,1413,2001.0,1554.0,0.0,1.6143809999999998,0.626221,FRA,LKA,8951
849536,81,128,1413,2001.0,8718.0,0.0,2.1068439999999997,0.658575,GBR,LKA,8951
849537,97,128,1413,2001.0,95788.0,0.0,0.639538,1.5157610000000001,HKG,LKA,8951
849538,103,128,1413,2001.0,2165.0,0.0,0.039233,1.780659,IDN,LKA,8951
849539,104,128,1413,2001.0,23336.0,0.0,0.382444,2.538934,IND,LKA,8951
849540,111,128,1413,2001.0,1569.0,0.0,1.488545,0.8410610000000001,ITA,LKA,8951
849541,114,128,1413,2001.0,38934.0,0.0,2.674032,0.445636,JPN,LKA,8951
849542,121,128,1413,2001.0,29503.0,0.0,1.436204,0.917057,KOR,LKA,8951
849543,137,128,1413,2001.0,0.0,1332.0,-0.957807,-1.0006030000000001,MDV,LKA,8951
849544,153,128,1413,2001.0,5014.0,0.0,0.894191,0.310677,MYS,LKA,8951
849545,166,128,1413,2001.0,4930.0,0.0,0.220307,0.689625,NZL,LKA,8951
849546,192,128,1413,2001.0,50383.0,0.0,1.587064,0.639626,SGP,LKA,8951
849547,208,128,1413,2001.0,21891.0,0.0,2.01685,0.8233159999999999,SWE,LKA,8951
849548,216,128,1413,2001.0,14061.0,0.0,0.49264600000000003,1.493471,THA,LKA,8951
849549,231,128,1413,2001.0,13922.0,5838.0,1.96615,-0.12332699999999999,USA,LKA,8951
849550,249,128,1413,2001.0,107796.0,0.0,1.7270020000000001,1.252843,TWN,LKA,8951
849551,14,130,1413,2001.0,0.0,1867.0,-0.12189000000000001,0.7281770000000001,AUS,LTU,8951
849552,15,130,1413,2001.0,2760.0,0.0,1.8987740000000002,0.45922700000000005,AUT,LTU,8951
849553,18,130,1413,2001.0,12921.0,0.0,1.425483,1.3072409999999999,BEL,LTU,8951
849554,43,130,1413,2001.0,55241.0,0.0,0.535502,2.28778,CHN,LTU,8951
849555,59,130,1413,2001.0,18868.0,0.0,1.56908,0.860384,CZE,LTU,8951
849556,61,130,1413,2001.0,85367.0,0.0,2.335872,-2.09875,DEU,LTU,8951
849557,64,130,1413,2001.0,78892.0,0.0,1.356327,1.3288309999999999,DNK,LTU,8951
849558,71,130,1413,2001.0,1658.0,0.0,1.1380350000000001,1.7870139999999999,ESP,LTU,8951
849559,72,130,1413,2001.0,0.0,3234.0,0.53422,0.9372790000000001,EST,LTU,8951
849560,74,130,1413,2001.0,10186.0,0.0,1.9661669999999998,1.000436,FIN,LTU,8951
849561,77,130,1413,2001.0,20991.0,0.0,1.6143809999999998,0.626221,FRA,LTU,8951
849562,81,130,1413,2001.0,14871.0,0.0,2.1068439999999997,0.658575,GBR,LTU,8951
849563,97,130,1413,2001.0,31308.0,0.0,0.639538,1.5157610000000001,HKG,LTU,8951
849564,102,130,1413,2001.0,9941.0,0.0,1.069245,1.2217069999999999,HUN,LTU,8951
849565,111,130,1413,2001.0,213387.0,0.0,1.488545,0.8410610000000001,ITA,LTU,8951
849566,132,130,1413,2001.0,8034.0,29650.0,0.31652600000000003,0.523927,LVA,LTU,8951
849567,162,130,1413,2001.0,28965.0,0.0,1.299569,1.487015,NLD,LTU,8951
849568,177,130,1413,2001.0,300459.0,0.0,0.983238,1.7436209999999999,POL,LTU,8951
849569,186,130,1413,2001.0,1382.0,8549.0,0.546271,0.195872,RUS,LTU,8951
849570,208,130,1413,2001.0,46554.0,1960.0,2.01685,0.8233159999999999,SWE,LTU,8951
849571,216,130,1413,2001.0,1627.0,0.0,0.49264600000000003,1.493471,THA,LTU,8951
849572,249,130,1413,2001.0,5422.0,0.0,1.7270020000000001,1.252843,TWN,LTU,8951
849573,15,131,1413,2001.0,2615.0,0.0,1.8987740000000002,0.45922700000000005,AUT,LUX,8951
849574,18,131,1413,2001.0,273052.0,55248.0,1.425483,1.3072409999999999,BEL,LUX,8951
849575,41,131,1413,2001.0,0.0,2703.0,2.161588,0.8069890000000001,CHE,LUX,8951
849576,59,131,1413,2001.0,0.0,1578.0,1.56908,0.860384,CZE,LUX,8951
849577,61,131,1413,2001.0,98332.0,0.0,2.335872,-2.09875,DEU,LUX,8951
849578,64,131,1413,2001.0,16895.0,0.0,1.356327,1.3288309999999999,DNK,LUX,8951
849579,71,131,1413,2001.0,5152.0,0.0,1.1380350000000001,1.7870139999999999,ESP,LUX,8951
849580,77,131,1413,2001.0,81219.0,0.0,1.6143809999999998,0.626221,FRA,LUX,8951
849581,81,131,1413,2001.0,6430.0,0.0,2.1068439999999997,0.658575,GBR,LUX,8951
849582,102,131,1413,2001.0,0.0,3423.0,1.069245,1.2217069999999999,HUN,LUX,8951
849583,111,131,1413,2001.0,20305.0,0.0,1.488545,0.8410610000000001,ITA,LUX,8951
849584,162,131,1413,2001.0,21183.0,4507.0,1.299569,1.487015,NLD,LUX,8951
849585,15,134,1413,2001.0,19280.0,0.0,1.8987740000000002,0.45922700000000005,AUT,MAR,8951
849586,43,134,1413,2001.0,74419.0,0.0,0.535502,2.28778,CHN,MAR,8951
849587,61,134,1413,2001.0,7953.0,0.0,2.335872,-2.09875,DEU,MAR,8951
849588,71,134,1413,2001.0,5683.0,0.0,1.1380350000000001,1.7870139999999999,ESP,MAR,8951
849589,77,134,1413,2001.0,265426.0,34574.0,1.6143809999999998,0.626221,FRA,MAR,8951
849590,81,134,1413,2001.0,34538.0,0.0,2.1068439999999997,0.658575,GBR,MAR,8951
849591,97,134,1413,2001.0,22223.0,0.0,0.639538,1.5157610000000001,HKG,MAR,8951
849592,104,134,1413,2001.0,1972.0,0.0,0.382444,2.538934,IND,MAR,8951
849593,111,134,1413,2001.0,238692.0,0.0,1.488545,0.8410610000000001,ITA,MAR,8951
849594,121,134,1413,2001.0,6805.0,0.0,1.436204,0.917057,KOR,MAR,8951
849595,153,134,1413,2001.0,16160.0,0.0,0.894191,0.310677,MYS,MAR,8951
849596,162,134,1413,2001.0,70328.0,0.0,1.299569,1.487015,NLD,MAR,8951
849597,179,134,1413,2001.0,5763.0,0.0,0.688736,1.326716,PRT,MAR,8951
849598,208,134,1413,2001.0,12707.0,0.0,2.01685,0.8233159999999999,SWE,MAR,8951
849599,249,134,1413,2001.0,5571.0,0.0,1.7270020000000001,1.252843,TWN,MAR,8951
849600,250,134,1413,2001.0,0.0,1243.0,0.947105,-0.529946,ANS,MAR,8951
849601,18,135,1413,2001.0,5683.0,0.0,1.425483,1.3072409999999999,BEL,MDA,8951
849602,61,135,1413,2001.0,10610.0,0.0,2.335872,-2.09875,DEU,MDA,8951
849603,71,135,1413,2001.0,7983.0,0.0,1.1380350000000001,1.7870139999999999,ESP,MDA,8951
849604,77,135,1413,2001.0,3971.0,0.0,1.6143809999999998,0.626221,FRA,MDA,8951
849605,111,135,1413,2001.0,33727.0,0.0,1.488545,0.8410610000000001,ITA,MDA,8951
849606,177,135,1413,2001.0,3083.0,0.0,0.983238,1.7436209999999999,POL,MDA,8951
849607,224,135,1413,2001.0,3406.0,0.0,0.168219,1.989011,TUR,MDA,8951
849608,228,135,1413,2001.0,1090.0,0.0,0.642888,1.267971,UKR,MDA,8951
849609,41,142,1413,2001.0,3136.0,0.0,2.161588,0.8069890000000001,CHE,MLT,8951
849610,43,142,1413,2001.0,3538.0,0.0,0.535502,2.28778,CHN,MLT,8951
849611,61,142,1413,2001.0,24205.0,0.0,2.335872,-2.09875,DEU,MLT,8951
849612,71,142,1413,2001.0,47257.0,0.0,1.1380350000000001,1.7870139999999999,ESP,MLT,8951
849613,77,142,1413,2001.0,12005.0,0.0,1.6143809999999998,0.626221,FRA,MLT,8951
849614,81,142,1413,2001.0,189954.0,0.0,2.1068439999999997,0.658575,GBR,MLT,8951
849615,111,142,1413,2001.0,15904.0,2142.0,1.488545,0.8410610000000001,ITA,MLT,8951
849616,114,142,1413,2001.0,8408.0,0.0,2.674032,0.445636,JPN,MLT,8951
849617,153,142,1413,2001.0,1522.0,0.0,0.894191,0.310677,MYS,MLT,8951
849618,208,142,1413,2001.0,12457.0,0.0,2.01685,0.8233159999999999,SWE,MLT,8951
849619,224,142,1413,2001.0,2918.0,0.0,0.168219,1.989011,TUR,MLT,8951
849620,249,142,1413,2001.0,4109.0,0.0,1.7270020000000001,1.252843,TWN,MLT,8951
849621,250,142,1413,2001.0,4449.0,0.0,0.947105,-0.529946,ANS,MLT,8951
849622,2,155,1413,2001.0,0.0,12360.0,-2.190929,-1.302123,AGO,NAM,8951
849623,106,155,1413,2001.0,4255.0,0.0,1.751955,0.210628,IRL,NAM,8951
849624,246,155,1413,2001.0,367505.0,4119.0,0.249833,2.1142950000000003,ZAF,NAM,8951
849625,7,188,1413,2001.0,0.0,231242.0,-0.217259,-0.613042,ARE,SAU,8951
849626,14,188,1413,2001.0,14894.0,0.0,-0.12189000000000001,0.7281770000000001,AUS,SAU,8951
849627,15,188,1413,2001.0,2827.0,0.0,1.8987740000000002,0.45922700000000005,AUT,SAU,8951
849628,24,188,1413,2001.0,1613.0,3228.0,-0.11648499999999999,-1.101653,BHR,SAU,8951
849629,43,188,1413,2001.0,483015.0,0.0,0.535502,2.28778,CHN,SAU,8951
849630,58,188,1413,2001.0,31720.0,0.0,0.30700500000000003,0.258726,CYP,SAU,8951
849631,61,188,1413,2001.0,406103.0,0.0,2.335872,-2.09875,DEU,SAU,8951
849632,64,188,1413,2001.0,193166.0,0.0,1.356327,1.3288309999999999,DNK,SAU,8951
849633,68,188,1413,2001.0,1609.0,0.0,-0.346794,0.431229,EGY,SAU,8951
849634,71,188,1413,2001.0,55011.0,0.0,1.1380350000000001,1.7870139999999999,ESP,SAU,8951
849635,73,188,1413,2001.0,0.0,34552.0,-1.010637,-0.8893280000000001,ETH,SAU,8951
849636,77,188,1413,2001.0,91308.0,0.0,1.6143809999999998,0.626221,FRA,SAU,8951
849637,81,188,1413,2001.0,126824.0,8257.0,2.1068439999999997,0.658575,GBR,SAU,8951
849638,97,188,1413,2001.0,340286.0,0.0,0.639538,1.5157610000000001,HKG,SAU,8951
849639,104,188,1413,2001.0,16072.0,0.0,0.382444,2.538934,IND,SAU,8951
849640,107,188,1413,2001.0,38511.0,0.0,-0.973691,-1.05654,IRN,SAU,8951
849641,111,188,1413,2001.0,1128280.0,0.0,1.488545,0.8410610000000001,ITA,SAU,8951
849642,114,188,1413,2001.0,73532.0,0.0,2.674032,0.445636,JPN,SAU,8951
849643,121,188,1413,2001.0,235891.0,0.0,1.436204,0.917057,KOR,SAU,8951
849644,122,188,1413,2001.0,37690.0,1112.0,-0.695801,-1.225701,KWT,SAU,8951
849645,153,188,1413,2001.0,28190.0,0.0,0.894191,0.310677,MYS,SAU,8951
849646,162,188,1413,2001.0,8146.0,0.0,1.299569,1.487015,NLD,SAU,8951
849647,167,188,1413,2001.0,0.0,22470.0,-1.4727729999999999,-1.329588,OMN,SAU,8951
849648,192,188,1413,2001.0,37503.0,0.0,1.587064,0.639626,SGP,SAU,8951
849649,207,188,1413,2001.0,168008.0,0.0,1.488089,1.0928360000000001,SVN,SAU,8951
849650,208,188,1413,2001.0,68233.0,0.0,2.01685,0.8233159999999999,SWE,SAU,8951
849651,216,188,1413,2001.0,100871.0,0.0,0.49264600000000003,1.493471,THA,SAU,8951
849652,224,188,1413,2001.0,47080.0,0.0,0.168219,1.989011,TUR,SAU,8951
849653,226,188,1413,2001.0,0.0,1136.0,-1.227071,-0.489829,TZA,SAU,8951
849654,231,188,1413,2001.0,176430.0,0.0,1.96615,-0.12332699999999999,USA,SAU,8951
849655,249,188,1413,2001.0,264337.0,0.0,1.7270020000000001,1.252843,TWN,SAU,8951
849656,15,189,1413,2001.0,16311.0,0.0,1.8987740000000002,0.45922700000000005,AUT,SCG,8951
849657,18,189,1413,2001.0,9660.0,1726.0,1.425483,1.3072409999999999,BEL,SCG,8951
849658,23,189,1413,2001.0,1677.0,0.0,0.46429799999999993,1.7500380000000002,BGR,SCG,8951
849659,26,189,1413,2001.0,0.0,33762.0,0.263644,0.44197,BIH,SCG,8951
849660,41,189,1413,2001.0,13663.0,0.0,2.161588,0.8069890000000001,CHE,SCG,8951
849661,43,189,1413,2001.0,22137.0,0.0,0.535502,2.28778,CHN,SCG,8951
849662,61,189,1413,2001.0,26034.0,0.0,2.335872,-2.09875,DEU,SCG,8951
849663,64,189,1413,2001.0,182281.0,0.0,1.356327,1.3288309999999999,DNK,SCG,8951
849664,77,189,1413,2001.0,6123.0,0.0,1.6143809999999998,0.626221,FRA,SCG,8951
849665,97,189,1413,2001.0,3128.0,0.0,0.639538,1.5157610000000001,HKG,SCG,8951
849666,100,189,1413,2001.0,1279.0,2744.0,0.6315729999999999,1.169338,HRV,SCG,8951
849667,102,189,1413,2001.0,39071.0,0.0,1.069245,1.2217069999999999,HUN,SCG,8951
849668,111,189,1413,2001.0,34223.0,5464.0,1.488545,0.8410610000000001,ITA,SCG,8951
849669,140,189,1413,2001.0,7075.0,9534.0,0.085844,0.413947,MKD,SCG,8951
849670,162,189,1413,2001.0,3571.0,0.0,1.299569,1.487015,NLD,SCG,8951
849671,163,189,1413,2001.0,2805.0,0.0,0.542366,-0.180336,NOR,SCG,8951
849672,192,189,1413,2001.0,1726.0,0.0,1.587064,0.639626,SGP,SCG,8951
849673,206,189,1413,2001.0,4991.0,0.0,1.310591,1.195523,SVK,SCG,8951
849674,207,189,1413,2001.0,92398.0,0.0,1.488089,1.0928360000000001,SVN,SCG,8951
849675,224,189,1413,2001.0,25703.0,0.0,0.168219,1.989011,TUR,SCG,8951
849676,249,189,1413,2001.0,1063.0,0.0,1.7270020000000001,1.252843,TWN,SCG,8951
849677,250,189,1413,2001.0,5064.0,0.0,0.947105,-0.529946,ANS,SCG,8951
849678,152,209,1413,2001.0,0.0,2331.0,-1.109888,-1.00393,MWI,SWZ,8951
849679,246,209,1413,2001.0,137600.0,0.0,0.249833,2.1142950000000003,ZAF,SWZ,8951
849680,7,226,1413,2001.0,36971.0,0.0,-0.217259,-0.613042,ARE,TZA,8951
849681,14,226,1413,2001.0,13773.0,0.0,-0.12189000000000001,0.7281770000000001,AUS,TZA,8951
849682,32,226,1413,2001.0,3018.0,0.0,0.658473,1.328637,BRA,TZA,8951
849683,39,226,1413,2001.0,1285.0,0.0,0.8899729999999999,1.3778299999999999,CAN,TZA,8951
849684,41,226,1413,2001.0,14104.0,0.0,2.161588,0.8069890000000001,CHE,TZA,8951
849685,43,226,1413,2001.0,25609.0,0.0,0.535502,2.28778,CHN,TZA,8951
849686,61,226,1413,2001.0,4136.0,0.0,2.335872,-2.09875,DEU,TZA,8951
849687,81,226,1413,2001.0,37236.0,0.0,2.1068439999999997,0.658575,GBR,TZA,8951
849688,97,226,1413,2001.0,9167.0,0.0,0.639538,1.5157610000000001,HKG,TZA,8951
849689,103,226,1413,2001.0,13956.0,0.0,0.039233,1.780659,IDN,TZA,8951
849690,104,226,1413,2001.0,56552.0,0.0,0.382444,2.538934,IND,TZA,8951
849691,111,226,1413,2001.0,2690.0,0.0,1.488545,0.8410610000000001,ITA,TZA,8951
849692,116,226,1413,2001.0,4660.0,0.0,-0.533651,0.072611,KEN,TZA,8951
849693,121,226,1413,2001.0,2457.0,0.0,1.436204,0.917057,KOR,TZA,8951
849694,153,226,1413,2001.0,7156.0,0.0,0.894191,0.310677,MYS,TZA,8951
849695,162,226,1413,2001.0,2888.0,0.0,1.299569,1.487015,NLD,TZA,8951
849696,163,226,1413,2001.0,23201.0,0.0,0.542366,-0.180336,NOR,TZA,8951
849697,167,226,1413,2001.0,34109.0,0.0,-1.4727729999999999,-1.329588,OMN,TZA,8951
849698,168,226,1413,2001.0,61631.0,0.0,-0.741053,-0.41444,PAK,TZA,8951
849699,188,226,1413,2001.0,1136.0,0.0,0.078887,-0.9764430000000001,SAU,TZA,8951
849700,208,226,1413,2001.0,1514.0,0.0,2.01685,0.8233159999999999,SWE,TZA,8951
849701,216,226,1413,2001.0,11138.0,0.0,0.49264600000000003,1.493471,THA,TZA,8951
849702,231,226,1413,2001.0,61991.0,0.0,1.96615,-0.12332699999999999,USA,TZA,8951
849703,246,226,1413,2001.0,21203.0,0.0,0.249833,2.1142950000000003,ZAF,TZA,8951
849704,248,226,1413,2001.0,2193.0,0.0,-0.663155,-0.212796,ZWE,TZA,8951
849705,8,230,1413,2001.0,73346.0,0.0,0.11289,0.916845,ARG,URY,8951
849706,18,230,1413,2001.0,3552.0,0.0,1.425483,1.3072409999999999,BEL,URY,8951
849707,32,230,1413,2001.0,8441.0,0.0,0.658473,1.328637,BRA,URY,8951
849708,43,230,1413,2001.0,127969.0,0.0,0.535502,2.28778,CHN,URY,8951
849709,61,230,1413,2001.0,18078.0,0.0,2.335872,-2.09875,DEU,URY,8951
849710,71,230,1413,2001.0,56471.0,0.0,1.1380350000000001,1.7870139999999999,ESP,URY,8951
849711,77,230,1413,2001.0,1981.0,0.0,1.6143809999999998,0.626221,FRA,URY,8951
849712,97,230,1413,2001.0,41483.0,0.0,0.639538,1.5157610000000001,HKG,URY,8951
849713,111,230,1413,2001.0,3432.0,0.0,1.488545,0.8410610000000001,ITA,URY,8951
849714,114,230,1413,2001.0,6980.0,0.0,2.674032,0.445636,JPN,URY,8951
849715,121,230,1413,2001.0,6793.0,0.0,1.436204,0.917057,KOR,URY,8951
849716,138,230,1413,2001.0,2174.0,0.0,1.088661,0.680197,MEX,URY,8951
849717,153,230,1413,2001.0,5345.0,0.0,0.894191,0.310677,MYS,URY,8951
849718,208,230,1413,2001.0,5676.0,0.0,2.01685,0.8233159999999999,SWE,URY,8951
849719,231,230,1413,2001.0,23543.0,0.0,1.96615,-0.12332699999999999,USA,URY,8951
849720,249,230,1413,2001.0,48357.0,0.0,1.7270020000000001,1.252843,TWN,URY,8951
849721,37,248,1413,2001.0,7908.0,0.0,-0.470005,-1.180158,BWA,ZWE,8951
849722,43,248,1413,2001.0,2068.0,0.0,0.535502,2.28778,CHN,ZWE,8951
849723,61,248,1413,2001.0,1792.0,0.0,2.335872,-2.09875,DEU,ZWE,8951
849724,81,248,1413,2001.0,5445.0,0.0,2.1068439999999997,0.658575,GBR,ZWE,8951
849725,97,248,1413,2001.0,22724.0,0.0,0.639538,1.5157610000000001,HKG,ZWE,8951
849726,104,248,1413,2001.0,1658.0,0.0,0.382444,2.538934,IND,ZWE,8951
849727,111,248,1413,2001.0,25864.0,0.0,1.488545,0.8410610000000001,ITA,ZWE,8951
849728,116,248,1413,2001.0,0.0,2030.0,-0.533651,0.072611,KEN,ZWE,8951
849729,152,248,1413,2001.0,0.0,5662.0,-1.109888,-1.00393,MWI,ZWE,8951
849730,153,248,1413,2001.0,11388.0,0.0,0.894191,0.310677,MYS,ZWE,8951
849731,162,248,1413,2001.0,1257.0,0.0,1.299569,1.487015,NLD,ZWE,8951
849732,208,248,1413,2001.0,1789.0,0.0,2.01685,0.8233159999999999,SWE,ZWE,8951
849733,226,248,1413,2001.0,0.0,2193.0,-1.227071,-0.489829,TZA,ZWE,8951
849734,231,248,1413,2001.0,9240.0,0.0,1.96615,-0.12332699999999999,USA,ZWE,8951
849735,246,248,1413,2001.0,169727.0,2067.0,0.249833,2.1142950000000003,ZAF,ZWE,8951
849736,247,248,1413,2001.0,0.0,5792.0,-0.8878799999999999,-0.735268,ZMB,ZWE,8951
849737,249,248,1413,2001.0,6502.0,0.0,1.7270020000000001,1.252843,TWN,ZWE,8951
849738,77,13,1413,2001.0,3615.0,0.0,1.6143809999999998,0.626221,FRA,ATG,8951
849739,81,13,1413,2001.0,3831.0,0.0,2.1068439999999997,0.658575,GBR,ATG,8951
849740,231,13,1413,2001.0,58319.0,0.0,1.96615,-0.12332699999999999,USA,ATG,8951
849741,246,13,1413,2001.0,3473.0,0.0,0.249833,2.1142950000000003,ZAF,ATG,8951
849742,39,120,1413,2001.0,1109.0,0.0,0.8899729999999999,1.3778299999999999,CAN,KNA,8951
849743,57,120,1413,2001.0,1414.0,0.0,0.421799,-0.713411,CYM,KNA,8951
849744,81,120,1413,2001.0,3295.0,2606.0,2.1068439999999997,0.658575,GBR,KNA,8951
849745,222,120,1413,2001.0,1047.0,0.0,0.265201,-0.602807,TTO,KNA,8951
849746,231,120,1413,2001.0,17318.0,0.0,1.96615,-0.12332699999999999,USA,KNA,8951
849747,59,237,1413,2001.0,21618.0,0.0,1.56908,0.860384,CZE,VGB,8951
849748,9,7,1413,2001.0,0.0,8097.0,0.62364,0.172704,ARM,ARE,8951
849749,14,7,1413,2001.0,30874.0,0.0,-0.12189000000000001,0.7281770000000001,AUS,ARE,8951
849750,15,7,1413,2001.0,60005.0,0.0,1.8987740000000002,0.45922700000000005,AUT,ARE,8951
849751,18,7,1413,2001.0,8112.0,0.0,1.425483,1.3072409999999999,BEL,ARE,8951
849752,24,7,1413,2001.0,0.0,23357.0,-0.11648499999999999,-1.101653,BHR,ARE,8951
849753,39,7,1413,2001.0,1612.0,0.0,0.8899729999999999,1.3778299999999999,CAN,ARE,8951
849754,41,7,1413,2001.0,1956.0,0.0,2.161588,0.8069890000000001,CHE,ARE,8951
849755,43,7,1413,2001.0,641001.0,0.0,0.535502,2.28778,CHN,ARE,8951
849756,58,7,1413,2001.0,0.0,2727.0,0.30700500000000003,0.258726,CYP,ARE,8951
849757,61,7,1413,2001.0,129999.0,0.0,2.335872,-2.09875,DEU,ARE,8951
849758,71,7,1413,2001.0,20763.0,0.0,1.1380350000000001,1.7870139999999999,ESP,ARE,8951
849759,73,7,1413,2001.0,0.0,19382.0,-1.010637,-0.8893280000000001,ETH,ARE,8951
849760,77,7,1413,2001.0,4476.0,0.0,1.6143809999999998,0.626221,FRA,ARE,8951
849761,81,7,1413,2001.0,851982.0,6014.0,2.1068439999999997,0.658575,GBR,ARE,8951
849762,90,7,1413,2001.0,13292.0,0.0,0.338607,1.506593,GRC,ARE,8951
849763,97,7,1413,2001.0,521212.0,0.0,0.639538,1.5157610000000001,HKG,ARE,8951
849764,103,7,1413,2001.0,28792.0,0.0,0.039233,1.780659,IDN,ARE,8951
849765,104,7,1413,2001.0,30499.0,3576.0,0.382444,2.538934,IND,ARE,8951
849766,107,7,1413,2001.0,346315.0,84446.0,-0.973691,-1.05654,IRN,ARE,8951
849767,111,7,1413,2001.0,340864.0,0.0,1.488545,0.8410610000000001,ITA,ARE,8951
849768,113,7,1413,2001.0,3838.0,38044.0,0.5404760000000001,0.8497170000000001,JOR,ARE,8951
849769,114,7,1413,2001.0,119092.0,0.0,2.674032,0.445636,JPN,ARE,8951
849770,115,7,1413,2001.0,0.0,13269.0,-0.05773,-0.44668500000000005,KAZ,ARE,8951
849771,116,7,1413,2001.0,0.0,2679.0,-0.533651,0.072611,KEN,ARE,8951
849772,121,7,1413,2001.0,231636.0,0.0,1.436204,0.917057,KOR,ARE,8951
849773,122,7,1413,2001.0,0.0,2600.0,-0.695801,-1.225701,KWT,ARE,8951
849774,124,7,1413,2001.0,0.0,3180.0,0.09267,0.97731,LBN,ARE,8951
849775,128,7,1413,2001.0,0.0,2141.0,-0.43381000000000003,0.057630999999999995,LKA,ARE,8951
849776,147,7,1413,2001.0,0.0,6900.0,-1.476933,-1.253628,MOZ,ARE,8951
849777,153,7,1413,2001.0,112545.0,0.0,0.894191,0.310677,MYS,ARE,8951
849778,162,7,1413,2001.0,40267.0,0.0,1.299569,1.487015,NLD,ARE,8951
849779,167,7,1413,2001.0,0.0,12232.0,-1.4727729999999999,-1.329588,OMN,ARE,8951
849780,183,7,1413,2001.0,0.0,17297.0,-0.282283,-1.136895,QAT,ARE,8951
849781,187,7,1413,2001.0,0.0,10969.0,-1.043415,-0.9686870000000001,RWA,ARE,8951
849782,188,7,1413,2001.0,231242.0,0.0,0.078887,-0.9764430000000001,SAU,ARE,8951
849783,190,7,1413,2001.0,0.0,26477.0,-1.7142950000000001,-1.341016,SDN,ARE,8951
849784,191,7,1413,2001.0,0.0,21439.0,-0.570156,-0.560573,SEN,ARE,8951
849785,192,7,1413,2001.0,21515.0,0.0,1.587064,0.639626,SGP,ARE,8951
849786,208,7,1413,2001.0,50875.0,0.0,2.01685,0.8233159999999999,SWE,ARE,8951
849787,216,7,1413,2001.0,8395.0,0.0,0.49264600000000003,1.493471,THA,ARE,8951
849788,224,7,1413,2001.0,14026.0,0.0,0.168219,1.989011,TUR,ARE,8951
849789,226,7,1413,2001.0,0.0,36971.0,-1.227071,-0.489829,TZA,ARE,8951
849790,227,7,1413,2001.0,0.0,37757.0,-1.1823700000000001,-0.7738619999999999,UGA,ARE,8951
849791,231,7,1413,2001.0,28752.0,7420.0,1.96615,-0.12332699999999999,USA,ARE,8951
849792,246,7,1413,2001.0,8709.0,3024.0,0.249833,2.1142950000000003,ZAF,ARE,8951
849793,247,7,1413,2001.0,0.0,1992.0,-0.8878799999999999,-0.735268,ZMB,ARE,8951
849794,249,7,1413,2001.0,375139.0,0.0,1.7270020000000001,1.252843,TWN,ARE,8951
849795,7,58,1413,2001.0,2727.0,0.0,-0.217259,-0.613042,ARE,CYP,8951
849796,15,58,1413,2001.0,28129.0,0.0,1.8987740000000002,0.45922700000000005,AUT,CYP,8951
849797,41,58,1413,2001.0,1243.0,0.0,2.161588,0.8069890000000001,CHE,CYP,8951
849798,43,58,1413,2001.0,24744.0,0.0,0.535502,2.28778,CHN,CYP,8951
849799,59,58,1413,2001.0,29689.0,0.0,1.56908,0.860384,CZE,CYP,8951
849800,61,58,1413,2001.0,49818.0,44209.0,2.335872,-2.09875,DEU,CYP,8951
849801,64,58,1413,2001.0,8993.0,0.0,1.356327,1.3288309999999999,DNK,CYP,8951
849802,66,58,1413,2001.0,0.0,3205.0,-0.9852559999999999,-1.245285,DZA,CYP,8951
849803,71,58,1413,2001.0,9810.0,0.0,1.1380350000000001,1.7870139999999999,ESP,CYP,8951
849804,77,58,1413,2001.0,5796.0,0.0,1.6143809999999998,0.626221,FRA,CYP,8951
849805,81,58,1413,2001.0,80099.0,0.0,2.1068439999999997,0.658575,GBR,CYP,8951
849806,90,58,1413,2001.0,10860.0,0.0,0.338607,1.506593,GRC,CYP,8951
849807,97,58,1413,2001.0,29077.0,0.0,0.639538,1.5157610000000001,HKG,CYP,8951
849808,103,58,1413,2001.0,1457.0,0.0,0.039233,1.780659,IDN,CYP,8951
849809,104,58,1413,2001.0,1072.0,0.0,0.382444,2.538934,IND,CYP,8951
849810,110,58,1413,2001.0,7662.0,0.0,1.17675,0.900401,ISR,CYP,8951
849811,111,58,1413,2001.0,68765.0,0.0,1.488545,0.8410610000000001,ITA,CYP,8951
849812,114,58,1413,2001.0,6668.0,0.0,2.674032,0.445636,JPN,CYP,8951
849813,121,58,1413,2001.0,10823.0,0.0,1.436204,0.917057,KOR,CYP,8951
849814,122,58,1413,2001.0,0.0,9806.0,-0.695801,-1.225701,KWT,CYP,8951
849815,153,58,1413,2001.0,7374.0,0.0,0.894191,0.310677,MYS,CYP,8951
849816,162,58,1413,2001.0,39714.0,0.0,1.299569,1.487015,NLD,CYP,8951
849817,166,58,1413,2001.0,10170.0,0.0,0.220307,0.689625,NZL,CYP,8951
849818,183,58,1413,2001.0,0.0,4672.0,-0.282283,-1.136895,QAT,CYP,8951
849819,186,58,1413,2001.0,3704.0,0.0,0.546271,0.195872,RUS,CYP,8951
849820,188,58,1413,2001.0,0.0,31720.0,0.078887,-0.9764430000000001,SAU,CYP,8951
849821,206,58,1413,2001.0,6912.0,0.0,1.310591,1.195523,SVK,CYP,8951
849822,208,58,1413,2001.0,2356.0,0.0,2.01685,0.8233159999999999,SWE,CYP,8951
849823,224,58,1413,2001.0,9953.0,0.0,0.168219,1.989011,TUR,CYP,8951
849824,231,58,1413,2001.0,32913.0,0.0,1.96615,-0.12332699999999999,USA,CYP,8951
849825,239,58,1413,2001.0,0.0,3036.0,-0.533978,0.503988,VNM,CYP,8951
849826,249,58,1413,2001.0,31457.0,0.0,1.7270020000000001,1.252843,TWN,CYP,8951
849827,18,66,1413,2001.0,7894.0,0.0,1.425483,1.3072409999999999,BEL,DZA,8951
849828,43,66,1413,2001.0,93563.0,0.0,0.535502,2.28778,CHN,DZA,8951
849829,58,66,1413,2001.0,3205.0,0.0,0.30700500000000003,0.258726,CYP,DZA,8951
849830,61,66,1413,2001.0,23625.0,0.0,2.335872,-2.09875,DEU,DZA,8951
849831,71,66,1413,2001.0,12924.0,0.0,1.1380350000000001,1.7870139999999999,ESP,DZA,8951
849832,77,66,1413,2001.0,44730.0,0.0,1.6143809999999998,0.626221,FRA,DZA,8951
849833,81,66,1413,2001.0,16222.0,0.0,2.1068439999999997,0.658575,GBR,DZA,8951
849834,104,66,1413,2001.0,7772.0,0.0,0.382444,2.538934,IND,DZA,8951
849835,111,66,1413,2001.0,163477.0,0.0,1.488545,0.8410610000000001,ITA,DZA,8951
849836,114,66,1413,2001.0,1576.0,0.0,2.674032,0.445636,JPN,DZA,8951
849837,124,66,1413,2001.0,5045.0,0.0,0.09267,0.97731,LBN,DZA,8951
849838,224,66,1413,2001.0,31895.0,0.0,0.168219,1.989011,TUR,DZA,8951
849839,231,66,1413,2001.0,9874.0,0.0,1.96615,-0.12332699999999999,USA,DZA,8951
849840,14,100,1413,2001.0,1119.0,0.0,-0.12189000000000001,0.7281770000000001,AUS,HRV,8951
849841,15,100,1413,2001.0,82031.0,3912.0,1.8987740000000002,0.45922700000000005,AUT,HRV,8951
849842,18,100,1413,2001.0,9538.0,0.0,1.425483,1.3072409999999999,BEL,HRV,8951
849843,26,100,1413,2001.0,2604.0,104477.0,0.263644,0.44197,BIH,HRV,8951
849844,39,100,1413,2001.0,1330.0,0.0,0.8899729999999999,1.3778299999999999,CAN,HRV,8951
849845,41,100,1413,2001.0,1721.0,0.0,2.161588,0.8069890000000001,CHE,HRV,8951
849846,43,100,1413,2001.0,25136.0,0.0,0.535502,2.28778,CHN,HRV,8951
849847,59,100,1413,2001.0,9276.0,0.0,1.56908,0.860384,CZE,HRV,8951
849848,61,100,1413,2001.0,130341.0,52447.0,2.335872,-2.09875,DEU,HRV,8951
849849,64,100,1413,2001.0,4028.0,0.0,1.356327,1.3288309999999999,DNK,HRV,8951
849850,71,100,1413,2001.0,3483.0,0.0,1.1380350000000001,1.7870139999999999,ESP,HRV,8951
849851,77,100,1413,2001.0,12996.0,0.0,1.6143809999999998,0.626221,FRA,HRV,8951
849852,81,100,1413,2001.0,3955.0,0.0,2.1068439999999997,0.658575,GBR,HRV,8951
849853,97,100,1413,2001.0,12082.0,0.0,0.639538,1.5157610000000001,HKG,HRV,8951
849854,102,100,1413,2001.0,49268.0,0.0,1.069245,1.2217069999999999,HUN,HRV,8951
849855,111,100,1413,2001.0,17084.0,0.0,1.488545,0.8410610000000001,ITA,HRV,8951
849856,121,100,1413,2001.0,9915.0,0.0,1.436204,0.917057,KOR,HRV,8951
849857,140,100,1413,2001.0,0.0,5189.0,0.085844,0.413947,MKD,HRV,8951
849858,162,100,1413,2001.0,4944.0,0.0,1.299569,1.487015,NLD,HRV,8951
849859,186,100,1413,2001.0,0.0,1114.0,0.546271,0.195872,RUS,HRV,8951
849860,189,100,1413,2001.0,2744.0,1279.0,0.38765,2.769588,SCG,HRV,8951
849861,206,100,1413,2001.0,2438.0,0.0,1.310591,1.195523,SVK,HRV,8951
849862,207,100,1413,2001.0,567720.0,16842.0,1.488089,1.0928360000000001,SVN,HRV,8951
849863,208,100,1413,2001.0,6016.0,0.0,2.01685,0.8233159999999999,SWE,HRV,8951
849864,224,100,1413,2001.0,1927.0,0.0,0.168219,1.989011,TUR,HRV,8951
849865,231,100,1413,2001.0,3157.0,0.0,1.96615,-0.12332699999999999,USA,HRV,8951
849866,249,100,1413,2001.0,24958.0,0.0,1.7270020000000001,1.252843,TWN,HRV,8951
849867,7,122,1413,2001.0,2600.0,0.0,-0.217259,-0.613042,ARE,KWT,8951
849868,15,122,1413,2001.0,1111.0,0.0,1.8987740000000002,0.45922700000000005,AUT,KWT,8951
849869,18,122,1413,2001.0,27291.0,0.0,1.425483,1.3072409999999999,BEL,KWT,8951
849870,32,122,1413,2001.0,1457.0,0.0,0.658473,1.328637,BRA,KWT,8951
849871,41,122,1413,2001.0,1741.0,0.0,2.161588,0.8069890000000001,CHE,KWT,8951
849872,43,122,1413,2001.0,64259.0,0.0,0.535502,2.28778,CHN,KWT,8951
849873,58,122,1413,2001.0,9806.0,0.0,0.30700500000000003,0.258726,CYP,KWT,8951
849874,61,122,1413,2001.0,136798.0,0.0,2.335872,-2.09875,DEU,KWT,8951
849875,64,122,1413,2001.0,4686.0,0.0,1.356327,1.3288309999999999,DNK,KWT,8951
849876,68,122,1413,2001.0,7145.0,6368.0,-0.346794,0.431229,EGY,KWT,8951
849877,71,122,1413,2001.0,19934.0,0.0,1.1380350000000001,1.7870139999999999,ESP,KWT,8951
849878,77,122,1413,2001.0,25483.0,0.0,1.6143809999999998,0.626221,FRA,KWT,8951
849879,81,122,1413,2001.0,344089.0,0.0,2.1068439999999997,0.658575,GBR,KWT,8951
849880,90,122,1413,2001.0,1136.0,0.0,0.338607,1.506593,GRC,KWT,8951
849881,97,122,1413,2001.0,11440.0,0.0,0.639538,1.5157610000000001,HKG,KWT,8951
849882,103,122,1413,2001.0,16181.0,0.0,0.039233,1.780659,IDN,KWT,8951
849883,104,122,1413,2001.0,10411.0,0.0,0.382444,2.538934,IND,KWT,8951
849884,106,122,1413,2001.0,1660.0,0.0,1.751955,0.210628,IRL,KWT,8951
849885,107,122,1413,2001.0,98035.0,0.0,-0.973691,-1.05654,IRN,KWT,8951
849886,111,122,1413,2001.0,155335.0,0.0,1.488545,0.8410610000000001,ITA,KWT,8951
849887,114,122,1413,2001.0,12897.0,0.0,2.674032,0.445636,JPN,KWT,8951
849888,121,122,1413,2001.0,67834.0,0.0,1.436204,0.917057,KOR,KWT,8951
849889,153,122,1413,2001.0,29340.0,0.0,0.894191,0.310677,MYS,KWT,8951
849890,162,122,1413,2001.0,39629.0,0.0,1.299569,1.487015,NLD,KWT,8951
849891,167,122,1413,2001.0,33640.0,0.0,-1.4727729999999999,-1.329588,OMN,KWT,8951
849892,168,122,1413,2001.0,2090.0,0.0,-0.741053,-0.41444,PAK,KWT,8951
849893,174,122,1413,2001.0,1822.0,0.0,0.153601,-0.174218,PHL,KWT,8951
849894,179,122,1413,2001.0,1021.0,0.0,0.688736,1.326716,PRT,KWT,8951
849895,183,122,1413,2001.0,0.0,6356.0,-0.282283,-1.136895,QAT,KWT,8951
849896,188,122,1413,2001.0,1112.0,37690.0,0.078887,-0.9764430000000001,SAU,KWT,8951
849897,192,122,1413,2001.0,2464.0,0.0,1.587064,0.639626,SGP,KWT,8951
849898,208,122,1413,2001.0,12992.0,0.0,2.01685,0.8233159999999999,SWE,KWT,8951
849899,212,122,1413,2001.0,1303.0,0.0,-1.138774,-0.839648,SYR,KWT,8951
849900,216,122,1413,2001.0,3107.0,0.0,0.49264600000000003,1.493471,THA,KWT,8951
849901,224,122,1413,2001.0,12110.0,0.0,0.168219,1.989011,TUR,KWT,8951
849902,231,122,1413,2001.0,73004.0,0.0,1.96615,-0.12332699999999999,USA,KWT,8951
849903,239,122,1413,2001.0,17177.0,0.0,-0.533978,0.503988,VNM,KWT,8951
849904,249,122,1413,2001.0,33322.0,0.0,1.7270020000000001,1.252843,TWN,KWT,8951
849905,15,140,1413,2001.0,1032.0,0.0,1.8987740000000002,0.45922700000000005,AUT,MKD,8951
849906,23,140,1413,2001.0,1604.0,0.0,0.46429799999999993,1.7500380000000002,BGR,MKD,8951
849907,41,140,1413,2001.0,4406.0,0.0,2.161588,0.8069890000000001,CHE,MKD,8951
849908,61,140,1413,2001.0,7499.0,0.0,2.335872,-2.09875,DEU,MKD,8951
849909,90,140,1413,2001.0,7289.0,1553.0,0.338607,1.506593,GRC,MKD,8951
849910,100,140,1413,2001.0,5189.0,0.0,0.6315729999999999,1.169338,HRV,MKD,8951
849911,111,140,1413,2001.0,26363.0,0.0,1.488545,0.8410610000000001,ITA,MKD,8951
849912,189,140,1413,2001.0,9534.0,7075.0,0.38765,2.769588,SCG,MKD,8951
849913,207,140,1413,2001.0,37924.0,0.0,1.488089,1.0928360000000001,SVN,MKD,8951
849914,224,140,1413,2001.0,22791.0,0.0,0.168219,1.989011,TUR,MKD,8951
849915,32,178,1413,2001.0,0.0,1361.0,0.658473,1.328637,BRA,PRK,8951
849916,43,178,1413,2001.0,115114.0,0.0,0.535502,2.28778,CHN,PRK,8951
849917,64,178,1413,2001.0,0.0,17834.0,1.356327,1.3288309999999999,DNK,PRK,8951
849918,81,178,1413,2001.0,0.0,1303.0,2.1068439999999997,0.658575,GBR,PRK,8951
849919,97,178,1413,2001.0,1881.0,0.0,0.639538,1.5157610000000001,HKG,PRK,8951
849920,104,178,1413,2001.0,12636.0,0.0,0.382444,2.538934,IND,PRK,8951
849921,124,178,1413,2001.0,0.0,10614.0,0.09267,0.97731,LBN,PRK,8951
849922,186,178,1413,2001.0,0.0,5865.0,0.546271,0.195872,RUS,PRK,8951
849923,216,178,1413,2001.0,1128.0,0.0,0.49264600000000003,1.493471,THA,PRK,8951
849924,14,207,1413,2001.0,0.0,23157.0,-0.12189000000000001,0.7281770000000001,AUS,SVN,8951
849925,15,207,1413,2001.0,43882.0,651834.0,1.8987740000000002,0.45922700000000005,AUT,SVN,8951
849926,18,207,1413,2001.0,53751.0,584095.0,1.425483,1.3072409999999999,BEL,SVN,8951
849927,26,207,1413,2001.0,0.0,98831.0,0.263644,0.44197,BIH,SVN,8951
849928,41,207,1413,2001.0,20166.0,1107669.0,2.161588,0.8069890000000001,CHE,SVN,8951
849929,43,207,1413,2001.0,28641.0,0.0,0.535502,2.28778,CHN,SVN,8951
849930,59,207,1413,2001.0,40207.0,770489.0,1.56908,0.860384,CZE,SVN,8951
849931,61,207,1413,2001.0,329861.0,4579837.0,2.335872,-2.09875,DEU,SVN,8951
849932,64,207,1413,2001.0,4385.0,0.0,1.356327,1.3288309999999999,DNK,SVN,8951
849933,71,207,1413,2001.0,6074.0,325995.0,1.1380350000000001,1.7870139999999999,ESP,SVN,8951
849934,77,207,1413,2001.0,19699.0,94681.0,1.6143809999999998,0.626221,FRA,SVN,8951
849935,81,207,1413,2001.0,80430.0,630555.0,2.1068439999999997,0.658575,GBR,SVN,8951
849936,90,207,1413,2001.0,8976.0,254346.0,0.338607,1.506593,GRC,SVN,8951
849937,97,207,1413,2001.0,57581.0,0.0,0.639538,1.5157610000000001,HKG,SVN,8951
849938,100,207,1413,2001.0,16842.0,567720.0,0.6315729999999999,1.169338,HRV,SVN,8951
849939,102,207,1413,2001.0,36366.0,24327.0,1.069245,1.2217069999999999,HUN,SVN,8951
849940,104,207,1413,2001.0,5280.0,0.0,0.382444,2.538934,IND,SVN,8951
849941,110,207,1413,2001.0,0.0,249418.0,1.17675,0.900401,ISR,SVN,8951
849942,111,207,1413,2001.0,127082.0,144419.0,1.488545,0.8410610000000001,ITA,SVN,8951
849943,114,207,1413,2001.0,7084.0,0.0,2.674032,0.445636,JPN,SVN,8951
849944,121,207,1413,2001.0,18278.0,0.0,1.436204,0.917057,KOR,SVN,8951
849945,140,207,1413,2001.0,0.0,37924.0,0.085844,0.413947,MKD,SVN,8951
849946,162,207,1413,2001.0,9026.0,11273.0,1.299569,1.487015,NLD,SVN,8951
849947,163,207,1413,2001.0,0.0,32671.0,0.542366,-0.180336,NOR,SVN,8951
849948,177,207,1413,2001.0,3574.0,304005.0,0.983238,1.7436209999999999,POL,SVN,8951
849949,179,207,1413,2001.0,1135.0,0.0,0.688736,1.326716,PRT,SVN,8951
849950,185,207,1413,2001.0,0.0,10766.0,0.465168,1.1029129999999998,ROU,SVN,8951
849951,186,207,1413,2001.0,0.0,12347.0,0.546271,0.195872,RUS,SVN,8951
849952,188,207,1413,2001.0,0.0,168008.0,0.078887,-0.9764430000000001,SAU,SVN,8951
849953,189,207,1413,2001.0,0.0,92398.0,0.38765,2.769588,SCG,SVN,8951
849954,206,207,1413,2001.0,0.0,15346.0,1.310591,1.195523,SVK,SVN,8951
849955,208,207,1413,2001.0,6781.0,4603.0,2.01685,0.8233159999999999,SWE,SVN,8951
849956,224,207,1413,2001.0,0.0,260601.0,0.168219,1.989011,TUR,SVN,8951
849957,228,207,1413,2001.0,0.0,1099.0,0.642888,1.267971,UKR,SVN,8951
849958,231,207,1413,2001.0,1668.0,0.0,1.96615,-0.12332699999999999,USA,SVN,8951
849959,249,207,1413,2001.0,8643.0,0.0,1.7270020000000001,1.252843,TWN,SVN,8951
849960,43,212,1413,2001.0,40095.0,0.0,0.535502,2.28778,CHN,SYR,8951
849961,59,212,1413,2001.0,47117.0,0.0,1.56908,0.860384,CZE,SYR,8951
849962,61,212,1413,2001.0,75323.0,0.0,2.335872,-2.09875,DEU,SYR,8951
849963,71,212,1413,2001.0,5267.0,0.0,1.1380350000000001,1.7870139999999999,ESP,SYR,8951
849964,77,212,1413,2001.0,21195.0,10854.0,1.6143809999999998,0.626221,FRA,SYR,8951
849965,81,212,1413,2001.0,23757.0,0.0,2.1068439999999997,0.658575,GBR,SYR,8951
849966,97,212,1413,2001.0,32966.0,0.0,0.639538,1.5157610000000001,HKG,SYR,8951
849967,111,212,1413,2001.0,44440.0,0.0,1.488545,0.8410610000000001,ITA,SYR,8951
849968,114,212,1413,2001.0,1963.0,0.0,2.674032,0.445636,JPN,SYR,8951
849969,121,212,1413,2001.0,3803.0,0.0,1.436204,0.917057,KOR,SYR,8951
849970,122,212,1413,2001.0,0.0,1303.0,-0.695801,-1.225701,KWT,SYR,8951
849971,208,212,1413,2001.0,3393.0,0.0,2.01685,0.8233159999999999,SWE,SYR,8951
849972,224,212,1413,2001.0,6080.0,0.0,0.168219,1.989011,TUR,SYR,8951
849973,231,212,1413,2001.0,4677.0,0.0,1.96615,-0.12332699999999999,USA,SYR,8951
849974,249,212,1413,2001.0,8198.0,0.0,1.7270020000000001,1.252843,TWN,SYR,8951
849975,107,219,1413,2001.0,25658.0,0.0,-0.973691,-1.05654,IRN,TKM,8951
849976,224,219,1413,2001.0,2445.0,0.0,0.168219,1.989011,TUR,TKM,8951
849977,61,232,1413,2001.0,4000.0,0.0,2.335872,-2.09875,DEU,UZB,8951
849978,107,232,1413,2001.0,1738.0,0.0,-0.973691,-1.05654,IRN,UZB,8951
849979,43,133,1413,2001.0,32840.0,0.0,0.535502,2.28778,CHN,MAC,8951
849980,71,133,1413,2001.0,11591.0,0.0,1.1380350000000001,1.7870139999999999,ESP,MAC,8951
849981,97,133,1413,2001.0,65032.0,53583.0,0.639538,1.5157610000000001,HKG,MAC,8951
849982,114,133,1413,2001.0,2723.0,0.0,2.674032,0.445636,JPN,MAC,8951
849983,231,133,1413,2001.0,3732.0,0.0,1.96615,-0.12332699999999999,USA,MAC,8951
849984,249,133,1413,2001.0,1077.0,0.0,1.7270020000000001,1.252843,TWN,MAC,8951
849985,43,168,1413,2001.0,208164.0,0.0,0.535502,2.28778,CHN,PAK,8951
849986,61,168,1413,2001.0,5000.0,0.0,2.335872,-2.09875,DEU,PAK,8951
849987,71,168,1413,2001.0,2608.0,0.0,1.1380350000000001,1.7870139999999999,ESP,PAK,8951
849988,81,168,1413,2001.0,1685.0,0.0,2.1068439999999997,0.658575,GBR,PAK,8951
849989,97,168,1413,2001.0,276896.0,0.0,0.639538,1.5157610000000001,HKG,PAK,8951
849990,111,168,1413,2001.0,1154.0,0.0,1.488545,0.8410610000000001,ITA,PAK,8951
849991,114,168,1413,2001.0,40681.0,0.0,2.674032,0.445636,JPN,PAK,8951
849992,121,168,1413,2001.0,59450.0,0.0,1.436204,0.917057,KOR,PAK,8951
849993,122,168,1413,2001.0,0.0,2090.0,-0.695801,-1.225701,KWT,PAK,8951
849994,138,168,1413,2001.0,0.0,12224.0,1.088661,0.680197,MEX,PAK,8951
849995,162,168,1413,2001.0,17027.0,0.0,1.299569,1.487015,NLD,PAK,8951
849996,192,168,1413,2001.0,21015.0,0.0,1.587064,0.639626,SGP,PAK,8951
849997,208,168,1413,2001.0,2231.0,0.0,2.01685,0.8233159999999999,SWE,PAK,8951
849998,226,168,1413,2001.0,0.0,61631.0,-1.227071,-0.489829,TZA,PAK,8951
