4049999,121,102,6797,2002,1447.0,0.0,1.186816,1.075947,KOR,HUN,401199
4050000,128,102,6797,2002,62917.0,0.0,-0.740927,0.023171,LKA,HUN,401199
4050001,130,102,6797,2002,10152.0,0.0,0.23102399999999998,0.586078,LTU,HUN,401199
4050002,131,102,6797,2002,50618.0,0.0,1.605378,1.152973,LUX,HUN,401199
4050003,132,102,6797,2002,62336.0,0.0,0.45210200000000006,0.515388,LVA,HUN,401199
4050004,134,102,6797,2002,0.0,2575.0,-0.810467,-0.34807899999999997,MAR,HUN,401199
4050005,138,102,6797,2002,3024.0,0.0,0.942061,0.6311260000000001,MEX,HUN,401199
4050006,140,102,6797,2002,0.0,26639.0,-0.030274000000000002,0.359317,MKD,HUN,401199
4050007,142,102,6797,2002,0.0,1367.0,1.12245,0.019001,MLT,HUN,401199
4050008,148,102,6797,2002,0.0,1490.0,-1.27671,-1.218472,MRT,HUN,401199
4050009,153,102,6797,2002,2059.0,0.0,0.704957,0.243398,MYS,HUN,401199
4050010,159,102,6797,2002,0.0,47823.0,-1.8315700000000001,-1.25171,NGA,HUN,401199
4050011,162,102,6797,2002,29674.0,51665.0,1.206176,1.7136360000000002,NLD,HUN,401199
4050012,177,102,6797,2002,2270444.0,282540.0,0.931642,1.721727,POL,HUN,401199
4050013,182,102,6797,2002,0.0,1155.0,0.042936,-0.7421840000000001,PYF,HUN,401199
4050014,185,102,6797,2002,60579.0,82249.0,0.29888200000000004,0.980376,ROU,HUN,401199
4050015,186,102,6797,2002,223349.0,1735.0,1.109397,0.424229,RUS,HUN,401199
4050016,189,102,6797,2002,66435.0,19960.0,0.55781,2.135925,SCG,HUN,401199
4050017,206,102,6797,2002,35746.0,23038.0,1.1907379999999999,1.050649,SVK,HUN,401199
4050018,207,102,6797,2002,37708.0,2730.0,1.5643770000000001,1.043862,SVN,HUN,401199
4050019,208,102,6797,2002,3034.0,188504.0,2.128614,0.7891199999999999,SWE,HUN,401199
4050020,216,102,6797,2002,793.0,0.0,0.432041,1.627953,THA,HUN,401199
4050021,224,102,6797,2002,29408.0,0.0,0.11263699999999999,1.83925,TUR,HUN,401199
4050022,228,102,6797,2002,110948.0,3714.0,0.835485,0.872135,UKR,HUN,401199
4050023,231,102,6797,2002,2334.0,22579.0,1.821594,0.231296,USA,HUN,401199
4050024,249,102,6797,2002,14342.0,22133.0,1.683858,1.333601,TWN,HUN,401199
4050025,1,104,6797,2002,0.0,102092.0,-0.262812,-0.503955,AFG,IND,401199
4050026,6,104,6797,2002,0.0,619077.0,0.346519,-0.631549,ANT,IND,401199
4050027,7,104,6797,2002,6194.0,599870.0,0.044683,-0.247191,ARE,IND,401199
4050028,8,104,6797,2002,0.0,17340.0,0.284536,0.517425,ARG,IND,401199
4050029,14,104,6797,2002,772.0,1089471.0,0.231386,0.771628,AUS,IND,401199
4050030,15,104,6797,2002,0.0,5286.0,1.8651200000000001,0.48423900000000003,AUT,IND,401199
4050031,18,104,6797,2002,6712.0,840104.0,1.4097469999999999,1.440169,BEL,IND,401199
4050032,21,104,6797,2002,0.0,2868.0,-0.477813,-0.647148,BFA,IND,401199
4050033,22,104,6797,2002,0.0,1566800.0,-1.134933,-1.061633,BGD,IND,401199
4050034,24,104,6797,2002,0.0,42999.0,-0.146585,-1.006558,BHR,IND,401199
4050035,29,104,6797,2002,0.0,2919.0,-0.246977,-0.731156,BLZ,IND,401199
4050036,32,104,6797,2002,20855.0,46569.0,0.677883,1.0227190000000002,BRA,IND,401199
4050037,37,104,6797,2002,0.0,1114.0,-0.14025,-1.018399,BWA,IND,401199
4050038,39,104,6797,2002,1357.0,105606.0,0.9963280000000001,1.1922110000000001,CAN,IND,401199
4050039,41,104,6797,2002,0.0,30949.0,2.218095,0.620946,CHE,IND,401199
4050040,42,104,6797,2002,0.0,87717.0,-0.035264,-0.101796,CHL,IND,401199
4050041,43,104,6797,2002,68478.0,101982.0,0.576746,2.7995520000000003,CHN,IND,401199
4050042,44,104,6797,2002,0.0,167581.0,-0.816327,-0.711765,CIV,IND,401199
4050043,45,104,6797,2002,0.0,5583.0,-1.114477,-1.0516510000000001,CMR,IND,401199
4050044,49,104,6797,2002,0.0,4339.0,0.345094,0.37787800000000005,COL,IND,401199
4050045,52,104,6797,2002,0.0,5148.0,0.03619,-0.187718,CRI,IND,401199
4050046,54,104,6797,2002,0.0,709.0,-0.479213,-0.951203,CUB,IND,401199
4050047,59,104,6797,2002,30207.0,21673.0,1.550713,1.037066,CZE,IND,401199
4050048,61,104,6797,2002,1912.0,2431722.0,2.297691,-2.183239,DEU,IND,401199
4050049,62,104,6797,2002,0.0,107784.0,0.416677,-0.052552,DJI,IND,401199
4050050,64,104,6797,2002,0.0,203241.0,1.26594,1.225186,DNK,IND,401199
4050051,65,104,6797,2002,0.0,32493.0,-0.46284899999999995,-0.39210100000000003,DOM,IND,401199
4050052,66,104,6797,2002,0.0,28378.0,-0.912033,-1.1731850000000001,DZA,IND,401199
4050053,67,104,6797,2002,0.0,22193.0,-0.976218,-0.926393,ECU,IND,401199
4050054,68,104,6797,2002,0.0,271491.0,-0.377127,0.549439,EGY,IND,401199
4050055,71,104,6797,2002,123224.0,420964.0,1.012246,2.049594,ESP,IND,401199
4050056,73,104,6797,2002,0.0,66357.0,-1.096371,-0.9566709999999999,ETH,IND,401199
4050057,74,104,6797,2002,0.0,105715.0,2.0234240000000003,0.979141,FIN,IND,401199
4050058,75,104,6797,2002,0.0,3968.0,-0.588136,-0.242883,FJI,IND,401199
4050059,77,104,6797,2002,14749.0,755770.0,1.569367,0.9886360000000001,FRA,IND,401199
4050060,81,104,6797,2002,113847.0,1122338.0,1.893177,0.831382,GBR,IND,401199
4050061,83,104,6797,2002,0.0,34551.0,-1.333425,-1.0709879999999998,GHA,IND,401199
4050062,90,104,6797,2002,0.0,167276.0,0.31858000000000003,1.47417,GRC,IND,401199
4050063,93,104,6797,2002,0.0,23245.0,-0.548834,-0.034464999999999996,GTM,IND,401199
4050064,96,104,6797,2002,0.0,4439.0,-0.9485889999999999,-0.9086489999999999,GUY,IND,401199
4050065,97,104,6797,2002,5004.0,28551.0,0.5701109999999999,1.989357,HKG,IND,401199
4050066,99,104,6797,2002,0.0,81605.0,-0.877043,-0.658185,HND,IND,401199
4050067,100,104,6797,2002,0.0,4909.0,0.591276,1.030723,HRV,IND,401199
4050068,102,104,6797,2002,0.0,58047.0,1.179684,1.0574860000000001,HUN,IND,401199
4050069,103,104,6797,2002,34459.0,0.0,-0.10020499999999999,1.590314,IDN,IND,401199
4050070,106,104,6797,2002,0.0,268662.0,1.7232880000000002,0.091172,IRL,IND,401199
4050071,107,104,6797,2002,0.0,373204.0,-0.5707840000000001,-0.705612,IRN,IND,401199
4050072,109,104,6797,2002,0.0,6055.0,0.23601999999999998,-0.34781,ISL,IND,401199
4050073,110,104,6797,2002,87679.0,0.0,1.334174,0.654331,ISR,IND,401199
4050074,111,104,6797,2002,63451.0,1315978.0,1.377604,1.2470510000000001,ITA,IND,401199
4050075,113,104,6797,2002,0.0,40887.0,0.24197600000000002,0.196635,JOR,IND,401199
4050076,114,104,6797,2002,5175980.0,4926.0,2.556057,0.497673,JPN,IND,401199
4050077,116,104,6797,2002,0.0,252510.0,-0.555812,0.169204,KEN,IND,401199
4050078,118,104,6797,2002,0.0,107212.0,-1.231783,-1.1518700000000002,KHM,IND,401199
4050079,121,104,6797,2002,30214.0,12783.0,1.186816,1.075947,KOR,IND,401199
4050080,122,104,6797,2002,0.0,81315.0,-0.6629550000000001,-1.157214,KWT,IND,401199
4050081,124,104,6797,2002,0.0,92098.0,0.2729,1.254232,LBN,IND,401199
4050082,126,104,6797,2002,0.0,21457.0,-0.568615,-1.172261,LBY,IND,401199
4050083,128,104,6797,2002,0.0,273944.0,-0.740927,0.023171,LKA,IND,401199
4050084,130,104,6797,2002,0.0,7726.0,0.23102399999999998,0.586078,LTU,IND,401199
4050085,132,104,6797,2002,0.0,13366.0,0.45210200000000006,0.515388,LVA,IND,401199
4050086,137,104,6797,2002,0.0,15448.0,-1.3007440000000001,-1.0420120000000002,MDV,IND,401199
4050087,138,104,6797,2002,0.0,54203.0,0.942061,0.6311260000000001,MEX,IND,401199
4050088,142,104,6797,2002,0.0,2283.0,1.12245,0.019001,MLT,IND,401199
4050089,143,104,6797,2002,0.0,243590.0,-1.571568,-1.131512,MMR,IND,401199
4050090,151,104,6797,2002,0.0,23493.0,-0.37937600000000005,-0.388848,MUS,IND,401199
4050091,152,104,6797,2002,0.0,9772.0,-1.441416,-1.214651,MWI,IND,401199
4050092,153,104,6797,2002,162273.0,46464.0,0.704957,0.243398,MYS,IND,401199
4050093,159,104,6797,2002,0.0,135298.0,-1.8315700000000001,-1.25171,NGA,IND,401199
4050094,160,104,6797,2002,0.0,29586.0,-0.677398,-0.564472,NIC,IND,401199
4050095,162,104,6797,2002,1053.0,1967710.0,1.206176,1.7136360000000002,NLD,IND,401199
4050096,163,104,6797,2002,0.0,45510.0,1.110882,0.17164100000000002,NOR,IND,401199
4050097,164,104,6797,2002,4787.0,91729.0,-0.216428,0.44377700000000003,NPL,IND,401199
4050098,166,104,6797,2002,2108.0,327287.0,0.542585,0.854243,NZL,IND,401199
4050099,167,104,6797,2002,0.0,82246.0,-1.238769,-1.225841,OMN,IND,401199
4050100,168,104,6797,2002,0.0,985453.0,-0.877655,-0.322094,PAK,IND,401199
4050101,173,104,6797,2002,0.0,154472.0,-0.6126199999999999,0.085944,PER,IND,401199
4050102,174,104,6797,2002,0.0,515643.0,0.055439999999999996,-0.179809,PHL,IND,401199
4050103,176,104,6797,2002,0.0,5620.0,-1.4572319999999999,-1.159399,PNG,IND,401199
4050104,177,104,6797,2002,0.0,31990.0,0.931642,1.721727,POL,IND,401199
4050105,179,104,6797,2002,0.0,28689.0,0.484407,1.6500080000000001,PRT,IND,401199
4050106,183,104,6797,2002,0.0,36820.0,-0.306052,-1.098296,QAT,IND,401199
4050107,186,104,6797,2002,0.0,176274.0,1.109397,0.424229,RUS,IND,401199
4050108,188,104,6797,2002,0.0,51138.0,0.082107,-0.843317,SAU,IND,401199
4050109,190,104,6797,2002,0.0,1817.0,-1.499925,-1.228374,SDN,IND,401199
4050110,192,104,6797,2002,50431.0,443086.0,1.481857,0.648889,SGP,IND,401199
4050111,196,104,6797,2002,25332.0,0.0,0.397488,-0.027672000000000002,SLE,IND,401199
4050112,197,104,6797,2002,0.0,22153.0,-0.280138,-0.099225,SLV,IND,401199
4050113,206,104,6797,2002,0.0,870.0,1.1907379999999999,1.050649,SVK,IND,401199
4050114,207,104,6797,2002,25712.0,28458.0,1.5643770000000001,1.043862,SVN,IND,401199
4050115,208,104,6797,2002,99416.0,108523.0,2.128614,0.7891199999999999,SWE,IND,401199
4050116,212,104,6797,2002,0.0,76841.0,-1.067974,-0.513309,SYR,IND,401199
4050117,213,104,6797,2002,0.0,10010.0,0.823909,0.075611,TCA,IND,401199
4050118,216,104,6797,2002,44952.0,9633.0,0.432041,1.627953,THA,IND,401199
4050119,222,104,6797,2002,0.0,2175.0,0.074907,-0.8203879999999999,TTO,IND,401199
4050120,223,104,6797,2002,0.0,4447.0,-0.221951,0.325506,TUN,IND,401199
4050121,224,104,6797,2002,1312.0,50013.0,0.11263699999999999,1.83925,TUR,IND,401199
4050122,226,104,6797,2002,0.0,43863.0,-1.189463,-0.48640600000000006,TZA,IND,401199
4050123,227,104,6797,2002,0.0,102733.0,-1.038337,-0.896425,UGA,IND,401199
4050124,231,104,6797,2002,214952.0,9148254.0,1.821594,0.231296,USA,IND,401199
4050125,236,104,6797,2002,0.0,9883.0,0.211536,-0.715675,VEN,IND,401199
4050126,239,104,6797,2002,0.0,330506.0,-0.589665,0.799874,VNM,IND,401199
4050127,246,104,6797,2002,0.0,46907.0,0.395943,2.392458,ZAF,IND,401199
4050128,247,104,6797,2002,0.0,5430.0,-0.654686,-0.545346,ZMB,IND,401199
4050129,248,104,6797,2002,0.0,2646.0,-0.309483,0.271457,ZWE,IND,401199
4050130,249,104,6797,2002,20969.0,14613.0,1.683858,1.333601,TWN,IND,401199
4050131,250,104,6797,2002,67651.0,76101.0,0.734927,-0.40114099999999997,ANS,IND,401199
4050132,18,113,6797,2002,84709.0,0.0,1.4097469999999999,1.440169,BEL,JOR,401199
4050133,43,113,6797,2002,509806.0,0.0,0.576746,2.7995520000000003,CHN,JOR,401199
4050134,59,113,6797,2002,34242.0,0.0,1.550713,1.037066,CZE,JOR,401199
4050135,61,113,6797,2002,43889.0,0.0,2.297691,-2.183239,DEU,JOR,401199
4050136,71,113,6797,2002,403518.0,0.0,1.012246,2.049594,ESP,JOR,401199
4050137,77,113,6797,2002,102457.0,0.0,1.569367,0.9886360000000001,FRA,JOR,401199
4050138,81,113,6797,2002,13671.0,0.0,1.893177,0.831382,GBR,JOR,401199
4050139,103,113,6797,2002,63575.0,0.0,-0.10020499999999999,1.590314,IDN,JOR,401199
4050140,104,113,6797,2002,40887.0,0.0,0.380867,2.608955,IND,JOR,401199
4050141,107,113,6797,2002,4296.0,0.0,-0.5707840000000001,-0.705612,IRN,JOR,401199
4050142,110,113,6797,2002,511.0,0.0,1.334174,0.654331,ISR,JOR,401199
4050143,111,113,6797,2002,204797.0,0.0,1.377604,1.2470510000000001,ITA,JOR,401199
4050144,114,113,6797,2002,487541.0,0.0,2.556057,0.497673,JPN,JOR,401199
4050145,121,113,6797,2002,74598.0,0.0,1.186816,1.075947,KOR,JOR,401199
4050146,126,113,6797,2002,0.0,28401.0,-0.568615,-1.172261,LBY,JOR,401199
4050147,131,113,6797,2002,2696.0,0.0,1.605378,1.152973,LUX,JOR,401199
4050148,153,113,6797,2002,6251.0,0.0,0.704957,0.243398,MYS,JOR,401199
4050149,162,113,6797,2002,6843.0,0.0,1.206176,1.7136360000000002,NLD,JOR,401199
4050150,216,113,6797,2002,7516.0,0.0,0.432041,1.627953,THA,JOR,401199
4050151,224,113,6797,2002,165671.0,0.0,0.11263699999999999,1.83925,TUR,JOR,401199
4050152,231,113,6797,2002,44381.0,0.0,1.821594,0.231296,USA,JOR,401199
4050153,249,113,6797,2002,54160.0,0.0,1.683858,1.333601,TWN,JOR,401199
4050154,250,113,6797,2002,0.0,13603.0,0.734927,-0.40114099999999997,ANS,JOR,401199
4050155,7,115,6797,2002,5640.0,0.0,0.044683,-0.247191,ARE,KAZ,401199
4050156,15,115,6797,2002,2174.0,0.0,1.8651200000000001,0.48423900000000003,AUT,KAZ,401199
4050157,23,115,6797,2002,9668.0,0.0,0.37451100000000004,1.573517,BGR,KAZ,401199
4050158,28,115,6797,2002,1009185.0,0.0,0.825865,1.0148979999999999,BLR,KAZ,401199
4050159,32,115,6797,2002,661.0,0.0,0.677883,1.0227190000000002,BRA,KAZ,401199
4050160,39,115,6797,2002,13778.0,0.0,0.9963280000000001,1.1922110000000001,CAN,KAZ,401199
4050161,43,115,6797,2002,95173.0,0.0,0.576746,2.7995520000000003,CHN,KAZ,401199
4050162,59,115,6797,2002,5303.0,0.0,1.550713,1.037066,CZE,KAZ,401199
4050163,61,115,6797,2002,72592.0,0.0,2.297691,-2.183239,DEU,KAZ,401199
4050164,71,115,6797,2002,87752.0,0.0,1.012246,2.049594,ESP,KAZ,401199
4050165,74,115,6797,2002,833587.0,0.0,2.0234240000000003,0.979141,FIN,KAZ,401199
4050166,77,115,6797,2002,25103.0,0.0,1.569367,0.9886360000000001,FRA,KAZ,401199
4050167,81,115,6797,2002,12034.0,0.0,1.893177,0.831382,GBR,KAZ,401199
4050168,102,115,6797,2002,844.0,0.0,1.179684,1.0574860000000001,HUN,KAZ,401199
4050169,107,115,6797,2002,9224.0,0.0,-0.5707840000000001,-0.705612,IRN,KAZ,401199
4050170,111,115,6797,2002,117648.0,0.0,1.377604,1.2470510000000001,ITA,KAZ,401199
4050171,114,115,6797,2002,1892009.0,0.0,2.556057,0.497673,JPN,KAZ,401199
4050172,128,115,6797,2002,5350.0,0.0,-0.740927,0.023171,LKA,KAZ,401199
4050173,130,115,6797,2002,1080.0,0.0,0.23102399999999998,0.586078,LTU,KAZ,401199
4050174,162,115,6797,2002,6559.0,0.0,1.206176,1.7136360000000002,NLD,KAZ,401199
4050175,177,115,6797,2002,12918.0,0.0,0.931642,1.721727,POL,KAZ,401199
4050176,185,115,6797,2002,889.0,0.0,0.29888200000000004,0.980376,ROU,KAZ,401199
4050177,186,115,6797,2002,2461240.0,0.0,1.109397,0.424229,RUS,KAZ,401199
4050178,206,115,6797,2002,1596.0,0.0,1.1907379999999999,1.050649,SVK,KAZ,401199
4050179,219,115,6797,2002,4001.0,0.0,-1.035248,-1.191624,TKM,KAZ,401199
4050180,224,115,6797,2002,14376.0,0.0,0.11263699999999999,1.83925,TUR,KAZ,401199
4050181,228,115,6797,2002,21755.0,0.0,0.835485,0.872135,UKR,KAZ,401199
4050182,231,115,6797,2002,30885.0,0.0,1.821594,0.231296,USA,KAZ,401199
4050183,249,115,6797,2002,2448.0,0.0,1.683858,1.333601,TWN,KAZ,401199
4050184,7,116,6797,2002,24404.0,0.0,0.044683,-0.247191,ARE,KEN,401199
4050185,14,116,6797,2002,8261.0,0.0,0.231386,0.771628,AUS,KEN,401199
4050186,18,116,6797,2002,1896.0,0.0,1.4097469999999999,1.440169,BEL,KEN,401199
4050187,32,116,6797,2002,12382.0,0.0,0.677883,1.0227190000000002,BRA,KEN,401199
4050188,41,116,6797,2002,49995.0,0.0,2.218095,0.620946,CHE,KEN,401199
4050189,43,116,6797,2002,45039.0,0.0,0.576746,2.7995520000000003,CHN,KEN,401199
4050190,61,116,6797,2002,753.0,0.0,2.297691,-2.183239,DEU,KEN,401199
4050191,74,116,6797,2002,1919.0,0.0,2.0234240000000003,0.979141,FIN,KEN,401199
4050192,77,116,6797,2002,9712.0,0.0,1.569367,0.9886360000000001,FRA,KEN,401199
4050193,81,116,6797,2002,124148.0,0.0,1.893177,0.831382,GBR,KEN,401199
4050194,97,116,6797,2002,2931.0,0.0,0.5701109999999999,1.989357,HKG,KEN,401199
4050195,104,116,6797,2002,252510.0,0.0,0.380867,2.608955,IND,KEN,401199
4050196,110,116,6797,2002,33542.0,0.0,1.334174,0.654331,ISR,KEN,401199
4050197,111,116,6797,2002,28078.0,0.0,1.377604,1.2470510000000001,ITA,KEN,401199
4050198,114,116,6797,2002,87241.0,0.0,2.556057,0.497673,JPN,KEN,401199
4050199,162,116,6797,2002,9975.0,0.0,1.206176,1.7136360000000002,NLD,KEN,401199
4050200,190,116,6797,2002,0.0,2875.0,-1.499925,-1.228374,SDN,KEN,401199
4050201,211,116,6797,2002,0.0,5295.0,-0.977247,-0.927527,SYC,KEN,401199
4050202,226,116,6797,2002,0.0,21874.0,-1.189463,-0.48640600000000006,TZA,KEN,401199
4050203,227,116,6797,2002,0.0,7559.0,-1.038337,-0.896425,UGA,KEN,401199
4050204,231,116,6797,2002,215362.0,0.0,1.821594,0.231296,USA,KEN,401199
4050205,246,116,6797,2002,80753.0,0.0,0.395943,2.392458,ZAF,KEN,401199
4050206,248,116,6797,2002,151512.0,0.0,-0.309483,0.271457,ZWE,KEN,401199
4050207,249,116,6797,2002,4511.0,0.0,1.683858,1.333601,TWN,KEN,401199
4050208,28,117,6797,2002,8878.0,0.0,0.825865,1.0148979999999999,BLR,KGZ,401199
4050209,107,117,6797,2002,15394.0,0.0,-0.5707840000000001,-0.705612,IRN,KGZ,401199
4050210,114,117,6797,2002,500487.0,0.0,2.556057,0.497673,JPN,KGZ,401199
4050211,186,117,6797,2002,61916.0,0.0,1.109397,0.424229,RUS,KGZ,401199
4050212,224,117,6797,2002,51741.0,0.0,0.11263699999999999,1.83925,TUR,KGZ,401199
4050213,32,122,6797,2002,16277.0,0.0,0.677883,1.0227190000000002,BRA,KWT,401199
4050214,39,122,6797,2002,94004.0,0.0,0.9963280000000001,1.1922110000000001,CAN,KWT,401199
4050215,43,122,6797,2002,208681.0,0.0,0.576746,2.7995520000000003,CHN,KWT,401199
4050216,103,122,6797,2002,11232.0,0.0,-0.10020499999999999,1.590314,IDN,KWT,401199
4050217,104,122,6797,2002,81315.0,0.0,0.380867,2.608955,IND,KWT,401199
4050218,111,122,6797,2002,66640.0,0.0,1.377604,1.2470510000000001,ITA,KWT,401199
4050219,114,122,6797,2002,806925.0,0.0,2.556057,0.497673,JPN,KWT,401199
4050220,121,122,6797,2002,64913.0,0.0,1.186816,1.075947,KOR,KWT,401199
4050221,128,122,6797,2002,12420.0,0.0,-0.740927,0.023171,LKA,KWT,401199
4050222,231,122,6797,2002,54134.0,0.0,1.821594,0.231296,USA,KWT,401199
4050223,249,122,6797,2002,42449.0,0.0,1.683858,1.333601,TWN,KWT,401199
4050224,8,124,6797,2002,9507.0,0.0,0.284536,0.517425,ARG,LBN,401199
4050225,32,124,6797,2002,3095.0,0.0,0.677883,1.0227190000000002,BRA,LBN,401199
4050226,43,124,6797,2002,196577.0,0.0,0.576746,2.7995520000000003,CHN,LBN,401199
4050227,59,124,6797,2002,15430.0,0.0,1.550713,1.037066,CZE,LBN,401199
4050228,61,124,6797,2002,4800.0,0.0,2.297691,-2.183239,DEU,LBN,401199
4050229,68,124,6797,2002,2559.0,0.0,-0.377127,0.549439,EGY,LBN,401199
4050230,71,124,6797,2002,0.0,1239.0,1.012246,2.049594,ESP,LBN,401199
4050231,77,124,6797,2002,6475.0,0.0,1.569367,0.9886360000000001,FRA,LBN,401199
4050232,81,124,6797,2002,9636.0,0.0,1.893177,0.831382,GBR,LBN,401199
4050233,83,124,6797,2002,0.0,968.0,-1.333425,-1.0709879999999998,GHA,LBN,401199
4050234,85,124,6797,2002,0.0,1412.0,-1.85329,-1.243105,GIN,LBN,401199
4050235,103,124,6797,2002,40780.0,0.0,-0.10020499999999999,1.590314,IDN,LBN,401199
4050236,104,124,6797,2002,92098.0,0.0,0.380867,2.608955,IND,LBN,401199
4050237,108,124,6797,2002,0.0,5601.0,-0.397477,-0.811214,IRQ,LBN,401199
4050238,111,124,6797,2002,75963.0,0.0,1.377604,1.2470510000000001,ITA,LBN,401199
4050239,114,124,6797,2002,219034.0,0.0,2.556057,0.497673,JPN,LBN,401199
4050240,121,124,6797,2002,41778.0,0.0,1.186816,1.075947,KOR,LBN,401199
4050241,128,124,6797,2002,15096.0,0.0,-0.740927,0.023171,LKA,LBN,401199
4050242,131,124,6797,2002,116544.0,0.0,1.605378,1.152973,LUX,LBN,401199
4050243,153,124,6797,2002,4629.0,0.0,0.704957,0.243398,MYS,LBN,401199
4050244,159,124,6797,2002,0.0,5341.0,-1.8315700000000001,-1.25171,NGA,LBN,401199
4050245,162,124,6797,2002,1763.0,0.0,1.206176,1.7136360000000002,NLD,LBN,401199
4050246,177,124,6797,2002,2654.0,0.0,0.931642,1.721727,POL,LBN,401199
4050247,185,124,6797,2002,69822.0,0.0,0.29888200000000004,0.980376,ROU,LBN,401199
4050248,186,124,6797,2002,27201.0,0.0,1.109397,0.424229,RUS,LBN,401199
4050249,189,124,6797,2002,1258.0,0.0,0.55781,2.135925,SCG,LBN,401199
4050250,212,124,6797,2002,0.0,4611.0,-1.067974,-0.513309,SYR,LBN,401199
4050251,216,124,6797,2002,10148.0,0.0,0.432041,1.627953,THA,LBN,401199
4050252,224,124,6797,2002,10358.0,0.0,0.11263699999999999,1.83925,TUR,LBN,401199
4050253,228,124,6797,2002,4743.0,0.0,0.835485,0.872135,UKR,LBN,401199
4050254,231,124,6797,2002,4091.0,0.0,1.821594,0.231296,USA,LBN,401199
4050255,246,124,6797,2002,4045.0,0.0,0.395943,2.392458,ZAF,LBN,401199
4050256,249,124,6797,2002,41875.0,0.0,1.683858,1.333601,TWN,LBN,401199
4050257,18,130,6797,2002,1074.0,0.0,1.4097469999999999,1.440169,BEL,LTU,401199
4050258,23,130,6797,2002,29778.0,0.0,0.37451100000000004,1.573517,BGR,LTU,401199
4050259,28,130,6797,2002,21164.0,907.0,0.825865,1.0148979999999999,BLR,LTU,401199
4050260,39,130,6797,2002,737.0,0.0,0.9963280000000001,1.1922110000000001,CAN,LTU,401199
4050261,43,130,6797,2002,3102.0,0.0,0.576746,2.7995520000000003,CHN,LTU,401199
4050262,49,130,6797,2002,1926.0,0.0,0.345094,0.37787800000000005,COL,LTU,401199
4050263,59,130,6797,2002,87540.0,0.0,1.550713,1.037066,CZE,LTU,401199
4050264,61,130,6797,2002,17343.0,14122.0,2.297691,-2.183239,DEU,LTU,401199
4050265,64,130,6797,2002,2705.0,0.0,1.26594,1.225186,DNK,LTU,401199
4050266,71,130,6797,2002,3154.0,0.0,1.012246,2.049594,ESP,LTU,401199
4050267,72,130,6797,2002,57328.0,948.0,0.54511,0.9135979999999999,EST,LTU,401199
4050268,74,130,6797,2002,13065.0,0.0,2.0234240000000003,0.979141,FIN,LTU,401199
4050269,77,130,6797,2002,6960.0,1691.0,1.569367,0.9886360000000001,FRA,LTU,401199
4050270,81,130,6797,2002,8851.0,0.0,1.893177,0.831382,GBR,LTU,401199
4050271,102,130,6797,2002,0.0,10152.0,1.179684,1.0574860000000001,HUN,LTU,401199
4050272,103,130,6797,2002,835.0,0.0,-0.10020499999999999,1.590314,IDN,LTU,401199
4050273,104,130,6797,2002,7726.0,0.0,0.380867,2.608955,IND,LTU,401199
4050274,111,130,6797,2002,7632.0,0.0,1.377604,1.2470510000000001,ITA,LTU,401199
4050275,114,130,6797,2002,2446.0,0.0,2.556057,0.497673,JPN,LTU,401199
4050276,115,130,6797,2002,0.0,1080.0,-0.065332,-0.616159,KAZ,LTU,401199
4050277,128,130,6797,2002,95304.0,0.0,-0.740927,0.023171,LKA,LTU,401199
4050278,132,130,6797,2002,27618.0,52607.0,0.45210200000000006,0.515388,LVA,LTU,401199
4050279,162,130,6797,2002,6966.0,0.0,1.206176,1.7136360000000002,NLD,LTU,401199
4050280,163,130,6797,2002,0.0,1519.0,1.110882,0.17164100000000002,NOR,LTU,401199
4050281,177,130,6797,2002,34627.0,8882.0,0.931642,1.721727,POL,LTU,401199
4050282,185,130,6797,2002,708.0,0.0,0.29888200000000004,0.980376,ROU,LTU,401199
4050283,186,130,6797,2002,435485.0,16876.0,1.109397,0.424229,RUS,LTU,401199
4050284,208,130,6797,2002,11731.0,6573.0,2.128614,0.7891199999999999,SWE,LTU,401199
4050285,216,130,6797,2002,2618.0,0.0,0.432041,1.627953,THA,LTU,401199
4050286,228,130,6797,2002,7878.0,0.0,0.835485,0.872135,UKR,LTU,401199
4050287,231,130,6797,2002,5412.0,11791.0,1.821594,0.231296,USA,LTU,401199
4050288,249,130,6797,2002,7141.0,0.0,1.683858,1.333601,TWN,LTU,401199
4050289,15,131,6797,2002,4500.0,47587.0,1.8651200000000001,0.48423900000000003,AUT,LUX,401199
4050290,18,131,6797,2002,476545.0,7343429.0,1.4097469999999999,1.440169,BEL,LUX,401199
4050291,23,131,6797,2002,0.0,756.0,0.37451100000000004,1.573517,BGR,LUX,401199
4050292,32,131,6797,2002,42194.0,0.0,0.677883,1.0227190000000002,BRA,LUX,401199
4050293,39,131,6797,2002,5811.0,1026570.0,0.9963280000000001,1.1922110000000001,CAN,LUX,401199
4050294,41,131,6797,2002,10475.0,41322.0,2.218095,0.620946,CHE,LUX,401199
4050295,42,131,6797,2002,0.0,14441.0,-0.035264,-0.101796,CHL,LUX,401199
4050296,43,131,6797,2002,0.0,22803.0,0.576746,2.7995520000000003,CHN,LUX,401199
4050297,58,131,6797,2002,0.0,28584.0,0.381391,0.40265,CYP,LUX,401199
4050298,59,131,6797,2002,0.0,38875.0,1.550713,1.037066,CZE,LUX,401199
4050299,61,131,6797,2002,90970.0,410503.0,2.297691,-2.183239,DEU,LUX,401199
4050300,64,131,6797,2002,9245.0,45902.0,1.26594,1.225186,DNK,LUX,401199
4050301,66,131,6797,2002,0.0,17384.0,-0.912033,-1.1731850000000001,DZA,LUX,401199
4050302,71,131,6797,2002,9379.0,63222.0,1.012246,2.049594,ESP,LUX,401199
4050303,72,131,6797,2002,0.0,2316.0,0.54511,0.9135979999999999,EST,LUX,401199
4050304,77,131,6797,2002,39896.0,2485918.0,1.569367,0.9886360000000001,FRA,LUX,401199
4050305,81,131,6797,2002,28214.0,78344.0,1.893177,0.831382,GBR,LUX,401199
4050306,83,131,6797,2002,0.0,52139.0,-1.333425,-1.0709879999999998,GHA,LUX,401199
4050307,85,131,6797,2002,0.0,1158.0,-1.85329,-1.243105,GIN,LUX,401199
4050308,90,131,6797,2002,0.0,7910.0,0.31858000000000003,1.47417,GRC,LUX,401199
4050309,100,131,6797,2002,0.0,173628.0,0.591276,1.030723,HRV,LUX,401199
4050310,102,131,6797,2002,0.0,50618.0,1.179684,1.0574860000000001,HUN,LUX,401199
4050311,103,131,6797,2002,10267.0,25703.0,-0.10020499999999999,1.590314,IDN,LUX,401199
4050312,106,131,6797,2002,0.0,387854.0,1.7232880000000002,0.091172,IRL,LUX,401199
4050313,107,131,6797,2002,0.0,134837.0,-0.5707840000000001,-0.705612,IRN,LUX,401199
4050314,109,131,6797,2002,0.0,1421.0,0.23601999999999998,-0.34781,ISL,LUX,401199
4050315,110,131,6797,2002,0.0,43497.0,1.334174,0.654331,ISR,LUX,401199
4050316,111,131,6797,2002,63650.0,1927777.0,1.377604,1.2470510000000001,ITA,LUX,401199
4050317,113,131,6797,2002,0.0,2696.0,0.24197600000000002,0.196635,JOR,LUX,401199
4050318,114,131,6797,2002,76096.0,0.0,2.556057,0.497673,JPN,LUX,401199
4050319,124,131,6797,2002,0.0,116544.0,0.2729,1.254232,LBN,LUX,401199
4050320,126,131,6797,2002,0.0,96921.0,-0.568615,-1.172261,LBY,LUX,401199
4050321,140,131,6797,2002,0.0,4530.0,-0.030274000000000002,0.359317,MKD,LUX,401199
4050322,151,131,6797,2002,0.0,15273.0,-0.37937600000000005,-0.388848,MUS,LUX,401199
4050323,153,131,6797,2002,19077.0,0.0,0.704957,0.243398,MYS,LUX,401199
4050324,156,131,6797,2002,0.0,9472.0,-0.292646,-0.823263,NCL,LUX,401199
4050325,162,131,6797,2002,109291.0,105462.0,1.206176,1.7136360000000002,NLD,LUX,401199
4050326,163,131,6797,2002,0.0,221762.0,1.110882,0.17164100000000002,NOR,LUX,401199
4050327,177,131,6797,2002,232289.0,266186.0,0.931642,1.721727,POL,LUX,401199
4050328,179,131,6797,2002,0.0,13194.0,0.484407,1.6500080000000001,PRT,LUX,401199
4050329,183,131,6797,2002,0.0,6543.0,-0.306052,-1.098296,QAT,LUX,401199
4050330,185,131,6797,2002,0.0,4293.0,0.29888200000000004,0.980376,ROU,LUX,401199
4050331,186,131,6797,2002,0.0,33793.0,1.109397,0.424229,RUS,LUX,401199
4050332,188,131,6797,2002,0.0,18811.0,0.082107,-0.843317,SAU,LUX,401199
4050333,206,131,6797,2002,0.0,83608.0,1.1907379999999999,1.050649,SVK,LUX,401199
4050334,207,131,6797,2002,0.0,174795.0,1.5643770000000001,1.043862,SVN,LUX,401199
4050335,208,131,6797,2002,35572.0,176670.0,2.128614,0.7891199999999999,SWE,LUX,401199
4050336,223,131,6797,2002,0.0,260403.0,-0.221951,0.325506,TUN,LUX,401199
4050337,224,131,6797,2002,597540.0,0.0,0.11263699999999999,1.83925,TUR,LUX,401199
4050338,228,131,6797,2002,0.0,14285.0,0.835485,0.872135,UKR,LUX,401199
4050339,231,131,6797,2002,577826.0,3101880.0,1.821594,0.231296,USA,LUX,401199
4050340,246,131,6797,2002,0.0,1085168.0,0.395943,2.392458,ZAF,LUX,401199
4050341,15,132,6797,2002,1322.0,0.0,1.8651200000000001,0.48423900000000003,AUT,LVA,401199
4050342,18,132,6797,2002,26167.0,0.0,1.4097469999999999,1.440169,BEL,LVA,401199
4050343,23,132,6797,2002,12318.0,0.0,0.37451100000000004,1.573517,BGR,LVA,401199
4050344,28,132,6797,2002,19553.0,0.0,0.825865,1.0148979999999999,BLR,LVA,401199
4050345,59,132,6797,2002,21456.0,0.0,1.550713,1.037066,CZE,LVA,401199
4050346,61,132,6797,2002,88978.0,0.0,2.297691,-2.183239,DEU,LVA,401199
4050347,64,132,6797,2002,175682.0,3361.0,1.26594,1.225186,DNK,LVA,401199
4050348,72,132,6797,2002,33114.0,11047.0,0.54511,0.9135979999999999,EST,LVA,401199
4050349,74,132,6797,2002,60462.0,0.0,2.0234240000000003,0.979141,FIN,LVA,401199
4050350,77,132,6797,2002,3678.0,0.0,1.569367,0.9886360000000001,FRA,LVA,401199
4050351,81,132,6797,2002,2084.0,0.0,1.893177,0.831382,GBR,LVA,401199
4050352,102,132,6797,2002,0.0,62336.0,1.179684,1.0574860000000001,HUN,LVA,401199
4050353,104,132,6797,2002,13366.0,0.0,0.380867,2.608955,IND,LVA,401199
4050354,110,132,6797,2002,10149.0,0.0,1.334174,0.654331,ISR,LVA,401199
4050355,121,132,6797,2002,3009.0,0.0,1.186816,1.075947,KOR,LVA,401199
4050356,130,132,6797,2002,52607.0,27618.0,0.23102399999999998,0.586078,LTU,LVA,401199
4050357,162,132,6797,2002,13873.0,0.0,1.206176,1.7136360000000002,NLD,LVA,401199
4050358,177,132,6797,2002,36086.0,0.0,0.931642,1.721727,POL,LVA,401199
4050359,186,132,6797,2002,44937.0,9438.0,1.109397,0.424229,RUS,LVA,401199
4050360,206,132,6797,2002,1072.0,0.0,1.1907379999999999,1.050649,SVK,LVA,401199
4050361,208,132,6797,2002,20963.0,0.0,2.128614,0.7891199999999999,SWE,LVA,401199
4050362,216,132,6797,2002,66356.0,0.0,0.432041,1.627953,THA,LVA,401199
4050363,231,132,6797,2002,1272.0,0.0,1.821594,0.231296,USA,LVA,401199
4050364,249,132,6797,2002,29836.0,0.0,1.683858,1.333601,TWN,LVA,401199
4050365,7,167,6797,2002,1883.0,0.0,0.044683,-0.247191,ARE,OMN,401199
4050366,14,167,6797,2002,6279.0,0.0,0.231386,0.771628,AUS,OMN,401199
4050367,32,167,6797,2002,4260.0,0.0,0.677883,1.0227190000000002,BRA,OMN,401199
4050368,39,167,6797,2002,1019.0,0.0,0.9963280000000001,1.1922110000000001,CAN,OMN,401199
4050369,43,167,6797,2002,43606.0,0.0,0.576746,2.7995520000000003,CHN,OMN,401199
4050370,61,167,6797,2002,15374.0,0.0,2.297691,-2.183239,DEU,OMN,401199
4050371,103,167,6797,2002,47287.0,0.0,-0.10020499999999999,1.590314,IDN,OMN,401199
4050372,104,167,6797,2002,82246.0,0.0,0.380867,2.608955,IND,OMN,401199
4050373,114,167,6797,2002,1423789.0,0.0,2.556057,0.497673,JPN,OMN,401199
4050374,121,167,6797,2002,26599.0,0.0,1.186816,1.075947,KOR,OMN,401199
4050375,153,167,6797,2002,8719.0,0.0,0.704957,0.243398,MYS,OMN,401199
4050376,162,167,6797,2002,5281.0,0.0,1.206176,1.7136360000000002,NLD,OMN,401199
4050377,216,167,6797,2002,9312.0,0.0,0.432041,1.627953,THA,OMN,401199
4050378,224,167,6797,2002,5943.0,0.0,0.11263699999999999,1.83925,TUR,OMN,401199
4050379,226,167,6797,2002,0.0,4249.0,-1.189463,-0.48640600000000006,TZA,OMN,401199
4050380,231,167,6797,2002,82778.0,0.0,1.821594,0.231296,USA,OMN,401199
4050381,249,167,6797,2002,1478.0,0.0,1.683858,1.333601,TWN,OMN,401199
4050382,8,177,6797,2002,0.0,90732.0,0.284536,0.517425,ARG,POL,401199
4050383,14,177,6797,2002,0.0,139984.0,0.231386,0.771628,AUS,POL,401199
4050384,15,177,6797,2002,0.0,888731.0,1.8651200000000001,0.48423900000000003,AUT,POL,401199
4050385,18,177,6797,2002,762827.0,233302.0,1.4097469999999999,1.440169,BEL,POL,401199
4050386,23,177,6797,2002,106610.0,11931.0,0.37451100000000004,1.573517,BGR,POL,401199
4050387,26,177,6797,2002,0.0,343000.0,0.26339,0.30287,BIH,POL,401199
4050388,28,177,6797,2002,81155.0,0.0,0.825865,1.0148979999999999,BLR,POL,401199
4050389,32,177,6797,2002,0.0,116565.0,0.677883,1.0227190000000002,BRA,POL,401199
4050390,39,177,6797,2002,0.0,530680.0,0.9963280000000001,1.1922110000000001,CAN,POL,401199
4050391,41,177,6797,2002,0.0,508413.0,2.218095,0.620946,CHE,POL,401199
4050392,43,177,6797,2002,117409.0,0.0,0.576746,2.7995520000000003,CHN,POL,401199
4050393,44,177,6797,2002,0.0,45783.0,-0.816327,-0.711765,CIV,POL,401199
4050394,45,177,6797,2002,0.0,12078.0,-1.114477,-1.0516510000000001,CMR,POL,401199
4050395,58,177,6797,2002,0.0,50165.0,0.381391,0.40265,CYP,POL,401199
4050396,59,177,6797,2002,1771163.0,867974.0,1.550713,1.037066,CZE,POL,401199
4050397,61,177,6797,2002,147981.0,1632332.0,2.297691,-2.183239,DEU,POL,401199
4050398,64,177,6797,2002,303412.0,512670.0,1.26594,1.225186,DNK,POL,401199
4050399,66,177,6797,2002,0.0,251851.0,-0.912033,-1.1731850000000001,DZA,POL,401199
4050400,68,177,6797,2002,0.0,28837.0,-0.377127,0.549439,EGY,POL,401199
4050401,71,177,6797,2002,0.0,2825608.0,1.012246,2.049594,ESP,POL,401199
4050402,72,177,6797,2002,0.0,16038.0,0.54511,0.9135979999999999,EST,POL,401199
4050403,74,177,6797,2002,0.0,1684153.0,2.0234240000000003,0.979141,FIN,POL,401199
4050404,77,177,6797,2002,597083.0,4535064.0,1.569367,0.9886360000000001,FRA,POL,401199
4050405,78,177,6797,2002,0.0,1362.0,-0.410455,-0.821335,FRO,POL,401199
4050406,81,177,6797,2002,50033.0,2817776.0,1.893177,0.831382,GBR,POL,401199
4050407,90,177,6797,2002,0.0,486476.0,0.31858000000000003,1.47417,GRC,POL,401199
4050408,100,177,6797,2002,0.0,544489.0,0.591276,1.030723,HRV,POL,401199
4050409,102,177,6797,2002,282540.0,2270444.0,1.179684,1.0574860000000001,HUN,POL,401199
4050410,103,177,6797,2002,16877.0,0.0,-0.10020499999999999,1.590314,IDN,POL,401199
4050411,104,177,6797,2002,31990.0,0.0,0.380867,2.608955,IND,POL,401199
4050412,105,177,6797,2002,0.0,194000.0,-0.262822,-0.787972,IOT,POL,401199
4050413,106,177,6797,2002,0.0,280025.0,1.7232880000000002,0.091172,IRL,POL,401199
4050414,108,177,6797,2002,0.0,792000.0,-0.397477,-0.811214,IRQ,POL,401199
4050415,109,177,6797,2002,0.0,1151.0,0.23601999999999998,-0.34781,ISL,POL,401199
4050416,110,177,6797,2002,0.0,39541.0,1.334174,0.654331,ISR,POL,401199
4050417,111,177,6797,2002,166798.0,2123952.0,1.377604,1.2470510000000001,ITA,POL,401199
4050418,114,177,6797,2002,769722.0,0.0,2.556057,0.497673,JPN,POL,401199
4050419,115,177,6797,2002,0.0,12918.0,-0.065332,-0.616159,KAZ,POL,401199
4050420,124,177,6797,2002,0.0,2654.0,0.2729,1.254232,LBN,POL,401199
4050421,128,177,6797,2002,345407.0,0.0,-0.740927,0.023171,LKA,POL,401199
4050422,130,177,6797,2002,8882.0,34627.0,0.23102399999999998,0.586078,LTU,POL,401199
4050423,131,177,6797,2002,266186.0,232289.0,1.605378,1.152973,LUX,POL,401199
4050424,132,177,6797,2002,0.0,36086.0,0.45210200000000006,0.515388,LVA,POL,401199
4050425,134,177,6797,2002,0.0,6500.0,-0.810467,-0.34807899999999997,MAR,POL,401199
4050426,136,177,6797,2002,0.0,929.0,-1.120167,-0.43338699999999997,MDG,POL,401199
4050427,138,177,6797,2002,0.0,448561.0,0.942061,0.6311260000000001,MEX,POL,401199
4050428,140,177,6797,2002,0.0,177652.0,-0.030274000000000002,0.359317,MKD,POL,401199
4050429,162,177,6797,2002,36544.0,970214.0,1.206176,1.7136360000000002,NLD,POL,401199
4050430,163,177,6797,2002,0.0,89944.0,1.110882,0.17164100000000002,NOR,POL,401199
4050431,166,177,6797,2002,0.0,76276.0,0.542585,0.854243,NZL,POL,401199
4050432,179,177,6797,2002,0.0,60012.0,0.484407,1.6500080000000001,PRT,POL,401199
4050433,185,177,6797,2002,106894.0,193031.0,0.29888200000000004,0.980376,ROU,POL,401199
4050434,186,177,6797,2002,248319.0,0.0,1.109397,0.424229,RUS,POL,401199
4050435,188,177,6797,2002,0.0,358901.0,0.082107,-0.843317,SAU,POL,401199
4050436,189,177,6797,2002,0.0,597909.0,0.55781,2.135925,SCG,POL,401199
4050437,191,177,6797,2002,0.0,4882.0,-0.43679700000000005,-0.484176,SEN,POL,401199
4050438,206,177,6797,2002,102891.0,211266.0,1.1907379999999999,1.050649,SVK,POL,401199
4050439,207,177,6797,2002,3182.0,433837.0,1.5643770000000001,1.043862,SVN,POL,401199
4050440,208,177,6797,2002,15506.0,447933.0,2.128614,0.7891199999999999,SWE,POL,401199
4050441,212,177,6797,2002,0.0,58209.0,-1.067974,-0.513309,SYR,POL,401199
4050442,216,177,6797,2002,50361.0,0.0,0.432041,1.627953,THA,POL,401199
4050443,222,177,6797,2002,0.0,674.0,0.074907,-0.8203879999999999,TTO,POL,401199
4050444,223,177,6797,2002,0.0,35552.0,-0.221951,0.325506,TUN,POL,401199
4050445,224,177,6797,2002,301917.0,657969.0,0.11263699999999999,1.83925,TUR,POL,401199
4050446,227,177,6797,2002,0.0,17943.0,-1.038337,-0.896425,UGA,POL,401199
4050447,228,177,6797,2002,30207.0,7611.0,0.835485,0.872135,UKR,POL,401199
4050448,231,177,6797,2002,134740.0,508881.0,1.821594,0.231296,USA,POL,401199
4050449,239,177,6797,2002,39572.0,0.0,-0.589665,0.799874,VNM,POL,401199
4050450,246,177,6797,2002,0.0,64122.0,0.395943,2.392458,ZAF,POL,401199
4050451,249,177,6797,2002,59951.0,906.0,1.683858,1.333601,TWN,POL,401199
4050452,18,183,6797,2002,1721.0,0.0,1.4097469999999999,1.440169,BEL,QAT,401199
4050453,43,183,6797,2002,120025.0,0.0,0.576746,2.7995520000000003,CHN,QAT,401199
4050454,61,183,6797,2002,3735.0,0.0,2.297691,-2.183239,DEU,QAT,401199
4050455,71,183,6797,2002,2093.0,0.0,1.012246,2.049594,ESP,QAT,401199
4050456,77,183,6797,2002,119049.0,0.0,1.569367,0.9886360000000001,FRA,QAT,401199
4050457,81,183,6797,2002,98568.0,0.0,1.893177,0.831382,GBR,QAT,401199
4050458,103,183,6797,2002,9810.0,0.0,-0.10020499999999999,1.590314,IDN,QAT,401199
4050459,104,183,6797,2002,36820.0,0.0,0.380867,2.608955,IND,QAT,401199
4050460,111,183,6797,2002,44237.0,0.0,1.377604,1.2470510000000001,ITA,QAT,401199
4050461,114,183,6797,2002,262176.0,0.0,2.556057,0.497673,JPN,QAT,401199
4050462,121,183,6797,2002,147663.0,0.0,1.186816,1.075947,KOR,QAT,401199
4050463,131,183,6797,2002,6543.0,0.0,1.605378,1.152973,LUX,QAT,401199
4050464,162,183,6797,2002,6634.0,0.0,1.206176,1.7136360000000002,NLD,QAT,401199
4050465,188,183,6797,2002,0.0,25497.0,0.082107,-0.843317,SAU,QAT,401199
4050466,216,183,6797,2002,20360.0,0.0,0.432041,1.627953,THA,QAT,401199
4050467,224,183,6797,2002,1148.0,0.0,0.11263699999999999,1.83925,TUR,QAT,401199
4050468,231,183,6797,2002,6926.0,0.0,1.821594,0.231296,USA,QAT,401199
4050469,246,183,6797,2002,4706.0,0.0,0.395943,2.392458,ZAF,QAT,401199
4050470,249,183,6797,2002,57662.0,0.0,1.683858,1.333601,TWN,QAT,401199
4050471,4,185,6797,2002,0.0,17708.0,-0.127828,-0.126857,ALB,ROU,401199
4050472,14,185,6797,2002,0.0,48146.0,0.231386,0.771628,AUS,ROU,401199
4050473,15,185,6797,2002,0.0,2211161.0,1.8651200000000001,0.48423900000000003,AUT,ROU,401199
4050474,18,185,6797,2002,16655.0,10898562.0,1.4097469999999999,1.440169,BEL,ROU,401199
4050475,23,185,6797,2002,96811.0,3048.0,0.37451100000000004,1.573517,BGR,ROU,401199
4050476,28,185,6797,2002,2010.0,0.0,0.825865,1.0148979999999999,BLR,ROU,401199
4050477,39,185,6797,2002,0.0,230840.0,0.9963280000000001,1.1922110000000001,CAN,ROU,401199
4050478,41,185,6797,2002,0.0,31969.0,2.218095,0.620946,CHE,ROU,401199
4050479,43,185,6797,2002,8707.0,0.0,0.576746,2.7995520000000003,CHN,ROU,401199
4050480,59,185,6797,2002,301063.0,23794.0,1.550713,1.037066,CZE,ROU,401199
4050481,61,185,6797,2002,31100.0,1752860.0,2.297691,-2.183239,DEU,ROU,401199
4050482,64,185,6797,2002,3123.0,125292.0,1.26594,1.225186,DNK,ROU,401199
4050483,66,185,6797,2002,0.0,21091.0,-0.912033,-1.1731850000000001,DZA,ROU,401199
4050484,68,185,6797,2002,0.0,204898.0,-0.377127,0.549439,EGY,ROU,401199
4050485,71,185,6797,2002,10958.0,140370.0,1.012246,2.049594,ESP,ROU,401199
4050486,74,185,6797,2002,0.0,161691.0,2.0234240000000003,0.979141,FIN,ROU,401199
4050487,77,185,6797,2002,27424.0,1979162.0,1.569367,0.9886360000000001,FRA,ROU,401199
4050488,81,185,6797,2002,12535.0,690687.0,1.893177,0.831382,GBR,ROU,401199
4050489,82,185,6797,2002,0.0,3928.0,0.662382,-0.124825,GEO,ROU,401199
4050490,85,185,6797,2002,0.0,5231.0,-1.85329,-1.243105,GIN,ROU,401199
4050491,90,185,6797,2002,32079.0,462720.0,0.31858000000000003,1.47417,GRC,ROU,401199
4050492,100,185,6797,2002,0.0,873.0,0.591276,1.030723,HRV,ROU,401199
4050493,102,185,6797,2002,82249.0,60579.0,1.179684,1.0574860000000001,HUN,ROU,401199
4050494,109,185,6797,2002,0.0,214.0,0.23601999999999998,-0.34781,ISL,ROU,401199
4050495,110,185,6797,2002,0.0,121603.0,1.334174,0.654331,ISR,ROU,401199
4050496,111,185,6797,2002,171209.0,2263431.0,1.377604,1.2470510000000001,ITA,ROU,401199
4050497,114,185,6797,2002,1051.0,3050.0,2.556057,0.497673,JPN,ROU,401199
4050498,115,185,6797,2002,0.0,889.0,-0.065332,-0.616159,KAZ,ROU,401199
4050499,124,185,6797,2002,0.0,69822.0,0.2729,1.254232,LBN,ROU,401199
4050500,128,185,6797,2002,8772.0,0.0,-0.740927,0.023171,LKA,ROU,401199
4050501,130,185,6797,2002,0.0,708.0,0.23102399999999998,0.586078,LTU,ROU,401199
4050502,131,185,6797,2002,4293.0,0.0,1.605378,1.152973,LUX,ROU,401199
4050503,135,185,6797,2002,1539.0,2291.0,-0.186001,-0.141598,MDA,ROU,401199
4050504,138,185,6797,2002,0.0,22867.0,0.942061,0.6311260000000001,MEX,ROU,401199
4050505,140,185,6797,2002,0.0,76318.0,-0.030274000000000002,0.359317,MKD,ROU,401199
4050506,153,185,6797,2002,1458.0,4636.0,0.704957,0.243398,MYS,ROU,401199
4050507,162,185,6797,2002,7188.0,16629.0,1.206176,1.7136360000000002,NLD,ROU,401199
4050508,163,185,6797,2002,0.0,45902.0,1.110882,0.17164100000000002,NOR,ROU,401199
4050509,166,185,6797,2002,0.0,1981.0,0.542585,0.854243,NZL,ROU,401199
4050510,173,185,6797,2002,0.0,20282.0,-0.6126199999999999,0.085944,PER,ROU,401199
4050511,177,185,6797,2002,193031.0,106894.0,0.931642,1.721727,POL,ROU,401199
4050512,179,185,6797,2002,0.0,32956.0,0.484407,1.6500080000000001,PRT,ROU,401199
4050513,186,185,6797,2002,140113.0,0.0,1.109397,0.424229,RUS,ROU,401199
4050514,188,185,6797,2002,0.0,256654.0,0.082107,-0.843317,SAU,ROU,401199
4050515,189,185,6797,2002,760.0,0.0,0.55781,2.135925,SCG,ROU,401199
4050516,206,185,6797,2002,49444.0,0.0,1.1907379999999999,1.050649,SVK,ROU,401199
4050517,208,185,6797,2002,0.0,303279.0,2.128614,0.7891199999999999,SWE,ROU,401199
4050518,212,185,6797,2002,0.0,678413.0,-1.067974,-0.513309,SYR,ROU,401199
4050519,223,185,6797,2002,0.0,22766.0,-0.221951,0.325506,TUN,ROU,401199
4050520,224,185,6797,2002,9283.0,15934.0,0.11263699999999999,1.83925,TUR,ROU,401199
4050521,228,185,6797,2002,11275.0,3117.0,0.835485,0.872135,UKR,ROU,401199
4050522,231,185,6797,2002,1134.0,970232.0,1.821594,0.231296,USA,ROU,401199
4050523,246,185,6797,2002,0.0,32125.0,0.395943,2.392458,ZAF,ROU,401199
4050524,250,185,6797,2002,61181.0,0.0,0.734927,-0.40114099999999997,ANS,ROU,401199
4050525,1,186,6797,2002,0.0,467939.0,-0.262812,-0.503955,AFG,RUS,401199
4050526,2,186,6797,2002,0.0,8366.0,-2.018135,-1.222751,AGO,RUS,401199
4050527,4,186,6797,2002,0.0,2738.0,-0.127828,-0.126857,ALB,RUS,401199
4050528,7,186,6797,2002,0.0,12620.0,0.044683,-0.247191,ARE,RUS,401199
4050529,9,186,6797,2002,0.0,83974.0,0.710274,-0.11309000000000001,ARM,RUS,401199
4050530,14,186,6797,2002,0.0,19849.0,0.231386,0.771628,AUS,RUS,401199
4050531,15,186,6797,2002,1833.0,9043.0,1.8651200000000001,0.48423900000000003,AUT,RUS,401199
4050532,16,186,6797,2002,0.0,271043.0,-0.41282299999999994,-0.967931,AZE,RUS,401199
4050533,18,186,6797,2002,70359.0,0.0,1.4097469999999999,1.440169,BEL,RUS,401199
4050534,22,186,6797,2002,0.0,881.0,-1.134933,-1.061633,BGD,RUS,401199
4050535,23,186,6797,2002,186975.0,438322.0,0.37451100000000004,1.573517,BGR,RUS,401199
4050536,28,186,6797,2002,7067648.0,4489260.0,0.825865,1.0148979999999999,BLR,RUS,401199
4050537,32,186,6797,2002,11221.0,0.0,0.677883,1.0227190000000002,BRA,RUS,401199
4050538,39,186,6797,2002,10346.0,0.0,0.9963280000000001,1.1922110000000001,CAN,RUS,401199
4050539,41,186,6797,2002,4162.0,0.0,2.218095,0.620946,CHE,RUS,401199
4050540,42,186,6797,2002,0.0,944.0,-0.035264,-0.101796,CHL,RUS,401199
4050541,43,186,6797,2002,61549.0,129463.0,0.576746,2.7995520000000003,CHN,RUS,401199
4050542,54,186,6797,2002,0.0,25172.0,-0.479213,-0.951203,CUB,RUS,401199
4050543,59,186,6797,2002,77836.0,67832.0,1.550713,1.037066,CZE,RUS,401199
4050544,61,186,6797,2002,120644.0,72939.0,2.297691,-2.183239,DEU,RUS,401199
4050545,64,186,6797,2002,3009.0,0.0,1.26594,1.225186,DNK,RUS,401199
4050546,66,186,6797,2002,0.0,910.0,-0.912033,-1.1731850000000001,DZA,RUS,401199
4050547,68,186,6797,2002,0.0,910069.0,-0.377127,0.549439,EGY,RUS,401199
4050548,71,186,6797,2002,60578.0,4484.0,1.012246,2.049594,ESP,RUS,401199
4050549,72,186,6797,2002,23551.0,180272.0,0.54511,0.9135979999999999,EST,RUS,401199
4050550,73,186,6797,2002,0.0,770.0,-1.096371,-0.9566709999999999,ETH,RUS,401199
4050551,74,186,6797,2002,212785.0,40008.0,2.0234240000000003,0.979141,FIN,RUS,401199
4050552,77,186,6797,2002,577745.0,109973.0,1.569367,0.9886360000000001,FRA,RUS,401199
4050553,81,186,6797,2002,12363.0,44416.0,1.893177,0.831382,GBR,RUS,401199
4050554,82,186,6797,2002,0.0,12348.0,0.662382,-0.124825,GEO,RUS,401199
4050555,90,186,6797,2002,0.0,18246.0,0.31858000000000003,1.47417,GRC,RUS,401199
4050556,100,186,6797,2002,0.0,108667.0,0.591276,1.030723,HRV,RUS,401199
4050557,102,186,6797,2002,1735.0,223349.0,1.179684,1.0574860000000001,HUN,RUS,401199
4050558,103,186,6797,2002,14335.0,0.0,-0.10020499999999999,1.590314,IDN,RUS,401199
4050559,104,186,6797,2002,176274.0,0.0,0.380867,2.608955,IND,RUS,401199
4050560,106,186,6797,2002,0.0,1004.0,1.7232880000000002,0.091172,IRL,RUS,401199
4050561,107,186,6797,2002,0.0,21607.0,-0.5707840000000001,-0.705612,IRN,RUS,401199
4050562,108,186,6797,2002,0.0,156457.0,-0.397477,-0.811214,IRQ,RUS,401199
4050563,110,186,6797,2002,9723.0,0.0,1.334174,0.654331,ISR,RUS,401199
4050564,111,186,6797,2002,134948.0,20030.0,1.377604,1.2470510000000001,ITA,RUS,401199
4050565,114,186,6797,2002,24371246.0,0.0,2.556057,0.497673,JPN,RUS,401199
4050566,115,186,6797,2002,0.0,2461240.0,-0.065332,-0.616159,KAZ,RUS,401199
4050567,117,186,6797,2002,0.0,61916.0,0.081807,0.16872,KGZ,RUS,401199
4050568,121,186,6797,2002,13811.0,0.0,1.186816,1.075947,KOR,RUS,401199
4050569,124,186,6797,2002,0.0,27201.0,0.2729,1.254232,LBN,RUS,401199
4050570,128,186,6797,2002,157709.0,0.0,-0.740927,0.023171,LKA,RUS,401199
4050571,130,186,6797,2002,16876.0,435485.0,0.23102399999999998,0.586078,LTU,RUS,401199
4050572,131,186,6797,2002,33793.0,0.0,1.605378,1.152973,LUX,RUS,401199
4050573,132,186,6797,2002,9438.0,44937.0,0.45210200000000006,0.515388,LVA,RUS,401199
4050574,135,186,6797,2002,0.0,218299.0,-0.186001,-0.141598,MDA,RUS,401199
4050575,140,186,6797,2002,0.0,2899.0,-0.030274000000000002,0.359317,MKD,RUS,401199
4050576,145,186,6797,2002,0.0,368226.0,-0.895827,-0.9913799999999999,MNG,RUS,401199
4050577,153,186,6797,2002,2218.0,4225.0,0.704957,0.243398,MYS,RUS,401199
4050578,162,186,6797,2002,39410.0,35618.0,1.206176,1.7136360000000002,NLD,RUS,401199
4050579,163,186,6797,2002,0.0,5073.0,1.110882,0.17164100000000002,NOR,RUS,401199
4050580,168,186,6797,2002,0.0,322080.0,-0.877655,-0.322094,PAK,RUS,401199
4050581,177,186,6797,2002,0.0,248319.0,0.931642,1.721727,POL,RUS,401199
4050582,178,186,6797,2002,2034.0,1576.0,0.43756999999999996,0.744264,PRK,RUS,401199
4050583,185,186,6797,2002,0.0,140113.0,0.29888200000000004,0.980376,ROU,RUS,401199
4050584,189,186,6797,2002,0.0,33281.0,0.55781,2.135925,SCG,RUS,401199
4050585,206,186,6797,2002,11412.0,81854.0,1.1907379999999999,1.050649,SVK,RUS,401199
4050586,207,186,6797,2002,1261.0,26043.0,1.5643770000000001,1.043862,SVN,RUS,401199
4050587,208,186,6797,2002,11142.0,0.0,2.128614,0.7891199999999999,SWE,RUS,401199
4050588,212,186,6797,2002,0.0,71752.0,-1.067974,-0.513309,SYR,RUS,401199
4050589,216,186,6797,2002,82441.0,0.0,0.432041,1.627953,THA,RUS,401199
4050590,217,186,6797,2002,0.0,303823.0,-0.798754,-1.025902,TJK,RUS,401199
4050591,219,186,6797,2002,0.0,262045.0,-1.035248,-1.191624,TKM,RUS,401199
4050592,224,186,6797,2002,4057.0,167083.0,0.11263699999999999,1.83925,TUR,RUS,401199
4050593,228,186,6797,2002,627524.0,1193959.0,0.835485,0.872135,UKR,RUS,401199
4050594,231,186,6797,2002,640148.0,39825.0,1.821594,0.231296,USA,RUS,401199
4050595,232,186,6797,2002,0.0,2406136.0,-0.379765,-0.5965159999999999,UZB,RUS,401199
4050596,239,186,6797,2002,9750.0,24532.0,-0.589665,0.799874,VNM,RUS,401199
4050597,246,186,6797,2002,0.0,14669.0,0.395943,2.392458,ZAF,RUS,401199
4050598,249,186,6797,2002,49488.0,0.0,1.683858,1.333601,TWN,RUS,401199
4050599,250,186,6797,2002,0.0,8535.0,0.734927,-0.40114099999999997,ANS,RUS,401199
4050600,15,188,6797,2002,32292.0,0.0,1.8651200000000001,0.48423900000000003,AUT,SAU,401199
4050601,24,188,6797,2002,5267.0,964.0,-0.146585,-1.006558,BHR,SAU,401199
4050602,39,188,6797,2002,49649.0,0.0,0.9963280000000001,1.1922110000000001,CAN,SAU,401199
4050603,41,188,6797,2002,1764.0,0.0,2.218095,0.620946,CHE,SAU,401199
4050604,43,188,6797,2002,4161266.0,0.0,0.576746,2.7995520000000003,CHN,SAU,401199
4050605,44,188,6797,2002,0.0,16501.0,-0.816327,-0.711765,CIV,SAU,401199
4050606,59,188,6797,2002,78370.0,0.0,1.550713,1.037066,CZE,SAU,401199
4050607,61,188,6797,2002,87627.0,0.0,2.297691,-2.183239,DEU,SAU,401199
4050608,68,188,6797,2002,0.0,1506.0,-0.377127,0.549439,EGY,SAU,401199
4050609,77,188,6797,2002,40365.0,0.0,1.569367,0.9886360000000001,FRA,SAU,401199
4050610,81,188,6797,2002,72925.0,0.0,1.893177,0.831382,GBR,SAU,401199
4050611,103,188,6797,2002,182303.0,0.0,-0.10020499999999999,1.590314,IDN,SAU,401199
4050612,104,188,6797,2002,51138.0,0.0,0.380867,2.608955,IND,SAU,401199
4050613,111,188,6797,2002,64814.0,0.0,1.377604,1.2470510000000001,ITA,SAU,401199
4050614,114,188,6797,2002,5141612.0,0.0,2.556057,0.497673,JPN,SAU,401199
4050615,121,188,6797,2002,1277269.0,0.0,1.186816,1.075947,KOR,SAU,401199
4050616,128,188,6797,2002,37785.0,0.0,-0.740927,0.023171,LKA,SAU,401199
4050617,131,188,6797,2002,18811.0,0.0,1.605378,1.152973,LUX,SAU,401199
4050618,134,188,6797,2002,33340.0,0.0,-0.810467,-0.34807899999999997,MAR,SAU,401199
4050619,162,188,6797,2002,50860.0,0.0,1.206176,1.7136360000000002,NLD,SAU,401199
4050620,177,188,6797,2002,358901.0,0.0,0.931642,1.721727,POL,SAU,401199
4050621,178,188,6797,2002,479713.0,0.0,0.43756999999999996,0.744264,PRK,SAU,401199
4050622,183,188,6797,2002,25497.0,0.0,-0.306052,-1.098296,QAT,SAU,401199
4050623,185,188,6797,2002,256654.0,0.0,0.29888200000000004,0.980376,ROU,SAU,401199
4050624,190,188,6797,2002,0.0,18390.0,-1.499925,-1.228374,SDN,SAU,401199
4050625,216,188,6797,2002,130716.0,0.0,0.432041,1.627953,THA,SAU,401199
4050626,224,188,6797,2002,210431.0,0.0,0.11263699999999999,1.83925,TUR,SAU,401199
4050627,231,188,6797,2002,430842.0,0.0,1.821594,0.231296,USA,SAU,401199
4050628,249,188,6797,2002,227840.0,0.0,1.683858,1.333601,TWN,SAU,401199
4050629,15,206,6797,2002,10495.0,1356.0,1.8651200000000001,0.48423900000000003,AUT,SVK,401199
4050630,23,206,6797,2002,7086.0,33232.0,0.37451100000000004,1.573517,BGR,SVK,401199
4050631,26,206,6797,2002,0.0,26909.0,0.26339,0.30287,BIH,SVK,401199
4050632,32,206,6797,2002,2656.0,0.0,0.677883,1.0227190000000002,BRA,SVK,401199
4050633,43,206,6797,2002,4761.0,0.0,0.576746,2.7995520000000003,CHN,SVK,401199
4050634,59,206,6797,2002,1051920.0,129984.0,1.550713,1.037066,CZE,SVK,401199
4050635,61,206,6797,2002,37235.0,995.0,2.297691,-2.183239,DEU,SVK,401199
4050636,66,206,6797,2002,0.0,9929.0,-0.912033,-1.1731850000000001,DZA,SVK,401199
4050637,68,206,6797,2002,0.0,240171.0,-0.377127,0.549439,EGY,SVK,401199
4050638,74,206,6797,2002,11767.0,0.0,2.0234240000000003,0.979141,FIN,SVK,401199
4050639,77,206,6797,2002,9533.0,6361.0,1.569367,0.9886360000000001,FRA,SVK,401199
4050640,81,206,6797,2002,18451.0,271579.0,1.893177,0.831382,GBR,SVK,401199
4050641,90,206,6797,2002,0.0,239119.0,0.31858000000000003,1.47417,GRC,SVK,401199
4050642,100,206,6797,2002,5152.0,8308.0,0.591276,1.030723,HRV,SVK,401199
4050643,102,206,6797,2002,23038.0,35746.0,1.179684,1.0574860000000001,HUN,SVK,401199
4050644,103,206,6797,2002,125.0,0.0,-0.10020499999999999,1.590314,IDN,SVK,401199
4050645,104,206,6797,2002,870.0,0.0,0.380867,2.608955,IND,SVK,401199
4050646,106,206,6797,2002,0.0,352603.0,1.7232880000000002,0.091172,IRL,SVK,401199
4050647,109,206,6797,2002,0.0,1830.0,0.23601999999999998,-0.34781,ISL,SVK,401199
4050648,110,206,6797,2002,619.0,38564.0,1.334174,0.654331,ISR,SVK,401199
4050649,111,206,6797,2002,93029.0,0.0,1.377604,1.2470510000000001,ITA,SVK,401199
4050650,114,206,6797,2002,2228.0,0.0,2.556057,0.497673,JPN,SVK,401199
4050651,115,206,6797,2002,0.0,1596.0,-0.065332,-0.616159,KAZ,SVK,401199
4050652,128,206,6797,2002,5645.0,0.0,-0.740927,0.023171,LKA,SVK,401199
4050653,131,206,6797,2002,83608.0,0.0,1.605378,1.152973,LUX,SVK,401199
4050654,132,206,6797,2002,0.0,1072.0,0.45210200000000006,0.515388,LVA,SVK,401199
4050655,135,206,6797,2002,0.0,1126.0,-0.186001,-0.141598,MDA,SVK,401199
4050656,162,206,6797,2002,1744.0,0.0,1.206176,1.7136360000000002,NLD,SVK,401199
4050657,163,206,6797,2002,0.0,1928.0,1.110882,0.17164100000000002,NOR,SVK,401199
4050658,169,206,6797,2002,0.0,2772.0,0.134759,0.234258,PAN,SVK,401199
4050659,173,206,6797,2002,0.0,8444.0,-0.6126199999999999,0.085944,PER,SVK,401199
4050660,177,206,6797,2002,211266.0,102891.0,0.931642,1.721727,POL,SVK,401199
4050661,185,206,6797,2002,0.0,49444.0,0.29888200000000004,0.980376,ROU,SVK,401199
4050662,186,206,6797,2002,81854.0,11412.0,1.109397,0.424229,RUS,SVK,401199
4050663,189,206,6797,2002,15543.0,17594.0,0.55781,2.135925,SCG,SVK,401199
4050664,207,206,6797,2002,62543.0,10106.0,1.5643770000000001,1.043862,SVN,SVK,401199
4050665,208,206,6797,2002,3228.0,0.0,2.128614,0.7891199999999999,SWE,SVK,401199
4050666,216,206,6797,2002,312.0,0.0,0.432041,1.627953,THA,SVK,401199
4050667,223,206,6797,2002,0.0,3853.0,-0.221951,0.325506,TUN,SVK,401199
4050668,224,206,6797,2002,12107.0,8405.0,0.11263699999999999,1.83925,TUR,SVK,401199
4050669,228,206,6797,2002,17107.0,9069.0,0.835485,0.872135,UKR,SVK,401199
4050670,231,206,6797,2002,3572.0,45229.0,1.821594,0.231296,USA,SVK,401199
4050671,249,206,6797,2002,3494.0,0.0,1.683858,1.333601,TWN,SVK,401199
4050672,4,207,6797,2002,0.0,38564.0,-0.127828,-0.126857,ALB,SVN,401199
4050673,15,207,6797,2002,18089.0,13695.0,1.8651200000000001,0.48423900000000003,AUT,SVN,401199
4050674,18,207,6797,2002,10031.0,52845.0,1.4097469999999999,1.440169,BEL,SVN,401199
4050675,26,207,6797,2002,0.0,90172.0,0.26339,0.30287,BIH,SVN,401199
4050676,41,207,6797,2002,0.0,26452.0,2.218095,0.620946,CHE,SVN,401199
4050677,42,207,6797,2002,0.0,30932.0,-0.035264,-0.101796,CHL,SVN,401199
4050678,43,207,6797,2002,15812.0,0.0,0.576746,2.7995520000000003,CHN,SVN,401199
4050679,58,207,6797,2002,0.0,8385.0,0.381391,0.40265,CYP,SVN,401199
4050680,59,207,6797,2002,199788.0,7572.0,1.550713,1.037066,CZE,SVN,401199
4050681,61,207,6797,2002,36705.0,175994.0,2.297691,-2.183239,DEU,SVN,401199
4050682,64,207,6797,2002,1992.0,9316.0,1.26594,1.225186,DNK,SVN,401199
4050683,71,207,6797,2002,0.0,2100.0,1.012246,2.049594,ESP,SVN,401199
4050684,74,207,6797,2002,7893.0,922.0,2.0234240000000003,0.979141,FIN,SVN,401199
4050685,77,207,6797,2002,7361.0,43770.0,1.569367,0.9886360000000001,FRA,SVN,401199
4050686,81,207,6797,2002,108470.0,0.0,1.893177,0.831382,GBR,SVN,401199
4050687,90,207,6797,2002,0.0,8485.0,0.31858000000000003,1.47417,GRC,SVN,401199
4050688,100,207,6797,2002,4335.0,381461.0,0.591276,1.030723,HRV,SVN,401199
4050689,102,207,6797,2002,2730.0,37708.0,1.179684,1.0574860000000001,HUN,SVN,401199
4050690,103,207,6797,2002,10097.0,0.0,-0.10020499999999999,1.590314,IDN,SVN,401199
4050691,104,207,6797,2002,28458.0,25712.0,0.380867,2.608955,IND,SVN,401199
4050692,109,207,6797,2002,0.0,1964.0,0.23601999999999998,-0.34781,ISL,SVN,401199
4050693,110,207,6797,2002,20764.0,0.0,1.334174,0.654331,ISR,SVN,401199
4050694,111,207,6797,2002,435744.0,235337.0,1.377604,1.2470510000000001,ITA,SVN,401199
4050695,114,207,6797,2002,64605.0,0.0,2.556057,0.497673,JPN,SVN,401199
4050696,121,207,6797,2002,2416.0,0.0,1.186816,1.075947,KOR,SVN,401199
4050697,128,207,6797,2002,2275.0,0.0,-0.740927,0.023171,LKA,SVN,401199
4050698,131,207,6797,2002,174795.0,0.0,1.605378,1.152973,LUX,SVN,401199
4050699,140,207,6797,2002,0.0,18050.0,-0.030274000000000002,0.359317,MKD,SVN,401199
4050700,153,207,6797,2002,11614.0,0.0,0.704957,0.243398,MYS,SVN,401199
4050701,162,207,6797,2002,44198.0,0.0,1.206176,1.7136360000000002,NLD,SVN,401199
4050702,163,207,6797,2002,0.0,1836.0,1.110882,0.17164100000000002,NOR,SVN,401199
4050703,168,207,6797,2002,33287.0,0.0,-0.877655,-0.322094,PAK,SVN,401199
4050704,177,207,6797,2002,433837.0,3182.0,0.931642,1.721727,POL,SVN,401199
4050705,186,207,6797,2002,26043.0,1261.0,1.109397,0.424229,RUS,SVN,401199
4050706,189,207,6797,2002,107869.0,23762.0,0.55781,2.135925,SCG,SVN,401199
4050707,206,207,6797,2002,10106.0,62543.0,1.1907379999999999,1.050649,SVK,SVN,401199
4050708,216,207,6797,2002,1830.0,0.0,0.432041,1.627953,THA,SVN,401199
4050709,224,207,6797,2002,16314.0,22450.0,0.11263699999999999,1.83925,TUR,SVN,401199
4050710,231,207,6797,2002,7854.0,26602.0,1.821594,0.231296,USA,SVN,401199
4050711,239,207,6797,2002,33038.0,0.0,-0.589665,0.799874,VNM,SVN,401199
4050712,249,207,6797,2002,4224.0,0.0,1.683858,1.333601,TWN,SVN,401199
4050713,15,223,6797,2002,52856.0,0.0,1.8651200000000001,0.48423900000000003,AUT,TUN,401199
4050714,21,223,6797,2002,0.0,5887.0,-0.477813,-0.647148,BFA,TUN,401199
4050715,32,223,6797,2002,8638.0,13179.0,0.677883,1.0227190000000002,BRA,TUN,401199
4050716,39,223,6797,2002,11164.0,0.0,0.9963280000000001,1.1922110000000001,CAN,TUN,401199
4050717,41,223,6797,2002,27228.0,0.0,2.218095,0.620946,CHE,TUN,401199
4050718,43,223,6797,2002,21458.0,0.0,0.576746,2.7995520000000003,CHN,TUN,401199
4050719,45,223,6797,2002,0.0,33567.0,-1.114477,-1.0516510000000001,CMR,TUN,401199
4050720,58,223,6797,2002,0.0,2793.0,0.381391,0.40265,CYP,TUN,401199
4050721,59,223,6797,2002,26657.0,0.0,1.550713,1.037066,CZE,TUN,401199
4050722,61,223,6797,2002,33477.0,0.0,2.297691,-2.183239,DEU,TUN,401199
4050723,66,223,6797,2002,0.0,306681.0,-0.912033,-1.1731850000000001,DZA,TUN,401199
4050724,68,223,6797,2002,16657.0,172088.0,-0.377127,0.549439,EGY,TUN,401199
4050725,71,223,6797,2002,43400.0,0.0,1.012246,2.049594,ESP,TUN,401199
4050726,77,223,6797,2002,97978.0,0.0,1.569367,0.9886360000000001,FRA,TUN,401199
4050727,81,223,6797,2002,3934.0,0.0,1.893177,0.831382,GBR,TUN,401199
4050728,103,223,6797,2002,57804.0,0.0,-0.10020499999999999,1.590314,IDN,TUN,401199
4050729,104,223,6797,2002,4447.0,0.0,0.380867,2.608955,IND,TUN,401199
4050730,111,223,6797,2002,139603.0,30699.0,1.377604,1.2470510000000001,ITA,TUN,401199
4050731,114,223,6797,2002,736011.0,3170.0,2.556057,0.497673,JPN,TUN,401199
4050732,121,223,6797,2002,49294.0,0.0,1.186816,1.075947,KOR,TUN,401199
4050733,126,223,6797,2002,0.0,1079503.0,-0.568615,-1.172261,LBY,TUN,401199
4050734,131,223,6797,2002,260403.0,0.0,1.605378,1.152973,LUX,TUN,401199
4050735,134,223,6797,2002,74285.0,1726257.0,-0.810467,-0.34807899999999997,MAR,TUN,401199
4050736,136,223,6797,2002,0.0,1531.0,-1.120167,-0.43338699999999997,MDG,TUN,401199
4050737,141,223,6797,2002,0.0,94299.0,-0.8948520000000001,-0.863375,MLI,TUN,401199
4050738,157,223,6797,2002,0.0,18894.0,-0.344562,-0.304996,NER,TUN,401199
4050739,162,223,6797,2002,11898.0,28931.0,1.206176,1.7136360000000002,NLD,TUN,401199
4050740,177,223,6797,2002,35552.0,0.0,0.931642,1.721727,POL,TUN,401199
4050741,179,223,6797,2002,2999.0,0.0,0.484407,1.6500080000000001,PRT,TUN,401199
4050742,185,223,6797,2002,22766.0,0.0,0.29888200000000004,0.980376,ROU,TUN,401199
4050743,189,223,6797,2002,6720.0,0.0,0.55781,2.135925,SCG,TUN,401199
4050744,206,223,6797,2002,3853.0,0.0,1.1907379999999999,1.050649,SVK,TUN,401199
4050745,208,223,6797,2002,57733.0,0.0,2.128614,0.7891199999999999,SWE,TUN,401199
4050746,212,223,6797,2002,0.0,9879.0,-1.067974,-0.513309,SYR,TUN,401199
4050747,224,223,6797,2002,4133.0,0.0,0.11263699999999999,1.83925,TUR,TUN,401199
4050748,231,223,6797,2002,3609.0,0.0,1.821594,0.231296,USA,TUN,401199
4050749,246,223,6797,2002,12402.0,0.0,0.395943,2.392458,ZAF,TUN,401199
4050750,249,223,6797,2002,1550.0,1327.0,1.683858,1.333601,TWN,TUN,401199
4050751,250,223,6797,2002,0.0,343850.0,0.734927,-0.40114099999999997,ANS,TUN,401199
4050752,7,226,6797,2002,37472.0,0.0,0.044683,-0.247191,ARE,TZA,401199
4050753,14,226,6797,2002,31003.0,0.0,0.231386,0.771628,AUS,TZA,401199
4050754,15,226,6797,2002,12558.0,0.0,1.8651200000000001,0.48423900000000003,AUT,TZA,401199
4050755,18,226,6797,2002,5963.0,0.0,1.4097469999999999,1.440169,BEL,TZA,401199
4050756,43,226,6797,2002,36109.0,0.0,0.576746,2.7995520000000003,CHN,TZA,401199
4050757,61,226,6797,2002,820.0,0.0,2.297691,-2.183239,DEU,TZA,401199
4050758,64,226,6797,2002,12883.0,0.0,1.26594,1.225186,DNK,TZA,401199
4050759,77,226,6797,2002,455763.0,0.0,1.569367,0.9886360000000001,FRA,TZA,401199
4050760,81,226,6797,2002,46694.0,0.0,1.893177,0.831382,GBR,TZA,401199
4050761,104,226,6797,2002,43863.0,0.0,0.380867,2.608955,IND,TZA,401199
4050762,111,226,6797,2002,14592.0,0.0,1.377604,1.2470510000000001,ITA,TZA,401199
4050763,114,226,6797,2002,92965.0,0.0,2.556057,0.497673,JPN,TZA,401199
4050764,116,226,6797,2002,21874.0,0.0,-0.555812,0.169204,KEN,TZA,401199
4050765,163,226,6797,2002,1163.0,0.0,1.110882,0.17164100000000002,NOR,TZA,401199
4050766,166,226,6797,2002,702.0,0.0,0.542585,0.854243,NZL,TZA,401199
4050767,167,226,6797,2002,4249.0,0.0,-1.238769,-1.225841,OMN,TZA,401199
4050768,208,226,6797,2002,4220.0,0.0,2.128614,0.7891199999999999,SWE,TZA,401199
4050769,228,226,6797,2002,1227.0,0.0,0.835485,0.872135,UKR,TZA,401199
4050770,231,226,6797,2002,154868.0,0.0,1.821594,0.231296,USA,TZA,401199
4050771,246,226,6797,2002,382358.0,0.0,0.395943,2.392458,ZAF,TZA,401199
4050772,8,228,6797,2002,0.0,988.0,0.284536,0.517425,ARG,UKR,401199
4050773,9,228,6797,2002,0.0,82585.0,0.710274,-0.11309000000000001,ARM,UKR,401199
4050774,15,228,6797,2002,0.0,1277.0,1.8651200000000001,0.48423900000000003,AUT,UKR,401199
4050775,16,228,6797,2002,0.0,70470.0,-0.41282299999999994,-0.967931,AZE,UKR,401199
4050776,18,228,6797,2002,2834.0,8033.0,1.4097469999999999,1.440169,BEL,UKR,401199
4050777,22,228,6797,2002,0.0,24160.0,-1.134933,-1.061633,BGD,UKR,401199
4050778,23,228,6797,2002,139236.0,111425.0,0.37451100000000004,1.573517,BGR,UKR,401199
4050779,28,228,6797,2002,163066.0,20629.0,0.825865,1.0148979999999999,BLR,UKR,401199
4050780,39,228,6797,2002,1659.0,0.0,0.9963280000000001,1.1922110000000001,CAN,UKR,401199
4050781,54,228,6797,2002,0.0,1561.0,-0.479213,-0.951203,CUB,UKR,401199
4050782,59,228,6797,2002,68595.0,14231.0,1.550713,1.037066,CZE,UKR,401199
4050783,61,228,6797,2002,43010.0,286411.0,2.297691,-2.183239,DEU,UKR,401199
4050784,64,228,6797,2002,0.0,74298.0,1.26594,1.225186,DNK,UKR,401199
4050785,68,228,6797,2002,0.0,76117.0,-0.377127,0.549439,EGY,UKR,401199
4050786,71,228,6797,2002,352679.0,0.0,1.012246,2.049594,ESP,UKR,401199
4050787,72,228,6797,2002,0.0,44469.0,0.54511,0.9135979999999999,EST,UKR,401199
4050788,74,228,6797,2002,175374.0,23703.0,2.0234240000000003,0.979141,FIN,UKR,401199
4050789,77,228,6797,2002,0.0,279013.0,1.569367,0.9886360000000001,FRA,UKR,401199
4050790,81,228,6797,2002,1224.0,23112.0,1.893177,0.831382,GBR,UKR,401199
4050791,82,228,6797,2002,0.0,74369.0,0.662382,-0.124825,GEO,UKR,401199
4050792,85,228,6797,2002,0.0,26076.0,-1.85329,-1.243105,GIN,UKR,401199
4050793,102,228,6797,2002,3714.0,110948.0,1.179684,1.0574860000000001,HUN,UKR,401199
4050794,107,228,6797,2002,0.0,19153.0,-0.5707840000000001,-0.705612,IRN,UKR,401199
4050795,111,228,6797,2002,34748.0,24026.0,1.377604,1.2470510000000001,ITA,UKR,401199
4050796,114,228,6797,2002,1422715.0,0.0,2.556057,0.497673,JPN,UKR,401199
4050797,115,228,6797,2002,0.0,21755.0,-0.065332,-0.616159,KAZ,UKR,401199
4050798,124,228,6797,2002,0.0,4743.0,0.2729,1.254232,LBN,UKR,401199
4050799,128,228,6797,2002,29116.0,0.0,-0.740927,0.023171,LKA,UKR,401199
4050800,130,228,6797,2002,0.0,7878.0,0.23102399999999998,0.586078,LTU,UKR,401199
4050801,131,228,6797,2002,14285.0,0.0,1.605378,1.152973,LUX,UKR,401199
4050802,135,228,6797,2002,0.0,15664.0,-0.186001,-0.141598,MDA,UKR,401199
4050803,162,228,6797,2002,2546.0,242580.0,1.206176,1.7136360000000002,NLD,UKR,401199
4050804,177,228,6797,2002,7611.0,30207.0,0.931642,1.721727,POL,UKR,401199
4050805,185,228,6797,2002,3117.0,11275.0,0.29888200000000004,0.980376,ROU,UKR,401199
4050806,186,228,6797,2002,1193959.0,627524.0,1.109397,0.424229,RUS,UKR,401199
4050807,206,228,6797,2002,9069.0,17107.0,1.1907379999999999,1.050649,SVK,UKR,401199
4050808,219,228,6797,2002,0.0,80712.0,-1.035248,-1.191624,TKM,UKR,401199
4050809,224,228,6797,2002,1488.0,21009.0,0.11263699999999999,1.83925,TUR,UKR,401199
4050810,226,228,6797,2002,0.0,1227.0,-1.189463,-0.48640600000000006,TZA,UKR,401199
4050811,231,228,6797,2002,1673.0,2301.0,1.821594,0.231296,USA,UKR,401199
4050812,232,228,6797,2002,0.0,181346.0,-0.379765,-0.5965159999999999,UZB,UKR,401199
4050813,239,228,6797,2002,0.0,70682.0,-0.589665,0.799874,VNM,UKR,401199
4050814,243,228,6797,2002,0.0,2730.0,-1.233006,-1.22101,YEM,UKR,401199
4050815,14,8,6797,2002,1594.0,0.0,0.231386,0.771628,AUS,ARG,401199
4050816,31,8,6797,2002,0.0,206294.0,-0.885342,-0.819517,BOL,ARG,401199
4050817,32,8,6797,2002,4025447.0,1096130.0,0.677883,1.0227190000000002,BRA,ARG,401199
4050818,42,8,6797,2002,777922.0,230517.0,-0.035264,-0.101796,CHL,ARG,401199
4050819,43,8,6797,2002,46046.0,0.0,0.576746,2.7995520000000003,CHN,ARG,401199
4050820,49,8,6797,2002,34810.0,0.0,0.345094,0.37787800000000005,COL,ARG,401199
4050821,54,8,6797,2002,0.0,23595.0,-0.479213,-0.951203,CUB,ARG,401199
4050822,58,8,6797,2002,0.0,2539.0,0.381391,0.40265,CYP,ARG,401199
4050823,59,8,6797,2002,6552.0,0.0,1.550713,1.037066,CZE,ARG,401199
4050824,61,8,6797,2002,18893.0,0.0,2.297691,-2.183239,DEU,ARG,401199
4050825,64,8,6797,2002,0.0,51776.0,1.26594,1.225186,DNK,ARG,401199
4050826,71,8,6797,2002,688471.0,5829.0,1.012246,2.049594,ESP,ARG,401199
4050827,77,8,6797,2002,49317.0,0.0,1.569367,0.9886360000000001,FRA,ARG,401199
4050828,81,8,6797,2002,1146.0,3054.0,1.893177,0.831382,GBR,ARG,401199
4050829,104,8,6797,2002,17340.0,0.0,0.380867,2.608955,IND,ARG,401199
4050830,110,8,6797,2002,120212.0,0.0,1.334174,0.654331,ISR,ARG,401199
4050831,111,8,6797,2002,2316.0,1496.0,1.377604,1.2470510000000001,ITA,ARG,401199
4050832,114,8,6797,2002,491900.0,0.0,2.556057,0.497673,JPN,ARG,401199
4050833,121,8,6797,2002,23933.0,0.0,1.186816,1.075947,KOR,ARG,401199
4050834,124,8,6797,2002,0.0,9507.0,0.2729,1.254232,LBN,ARG,401199
4050835,128,8,6797,2002,44480.0,0.0,-0.740927,0.023171,LKA,ARG,401199
4050836,166,8,6797,2002,0.0,9240.0,0.542585,0.854243,NZL,ARG,401199
4050837,173,8,6797,2002,0.0,2892.0,-0.6126199999999999,0.085944,PER,ARG,401199
4050838,177,8,6797,2002,90732.0,0.0,0.931642,1.721727,POL,ARG,401199
4050839,180,8,6797,2002,0.0,258367.0,-0.614282,-0.963832,PRY,ARG,401199
4050840,208,8,6797,2002,33297.0,0.0,2.128614,0.7891199999999999,SWE,ARG,401199
4050841,228,8,6797,2002,988.0,0.0,0.835485,0.872135,UKR,ARG,401199
4050842,230,8,6797,2002,9313.0,206156.0,0.300502,0.16817000000000001,URY,ARG,401199
4050843,231,8,6797,2002,1341477.0,26903.0,1.821594,0.231296,USA,ARG,401199
4050844,236,8,6797,2002,2236.0,22383.0,0.211536,-0.715675,VEN,ARG,401199
4050845,239,8,6797,2002,22541.0,0.0,-0.589665,0.799874,VNM,ARG,401199
4050846,249,8,6797,2002,46089.0,0.0,1.683858,1.333601,TWN,ARG,401199
4050847,250,8,6797,2002,1983.0,0.0,0.734927,-0.40114099999999997,ANS,ARG,401199
4050848,14,37,6797,2002,36706.0,0.0,0.231386,0.771628,AUS,BWA,401199
4050849,81,37,6797,2002,2021.0,0.0,1.893177,0.831382,GBR,BWA,401199
4050850,104,37,6797,2002,1114.0,0.0,0.380867,2.608955,IND,BWA,401199
4050851,111,37,6797,2002,0.0,10470.0,1.377604,1.2470510000000001,ITA,BWA,401199
4050852,114,37,6797,2002,277337.0,0.0,2.556057,0.497673,JPN,BWA,401199
4050853,121,37,6797,2002,3840.0,0.0,1.186816,1.075947,KOR,BWA,401199
4050854,151,37,6797,2002,464169.0,0.0,-0.37937600000000005,-0.388848,MUS,BWA,401199
4050855,231,37,6797,2002,11657.0,0.0,1.821594,0.231296,USA,BWA,401199
4050856,246,37,6797,2002,2310681.0,182.0,0.395943,2.392458,ZAF,BWA,401199
4050857,247,37,6797,2002,10450.0,0.0,-0.654686,-0.545346,ZMB,BWA,401199
4050858,18,44,6797,2002,45543.0,0.0,1.4097469999999999,1.440169,BEL,CIV,401199
4050859,21,44,6797,2002,0.0,19704.0,-0.477813,-0.647148,BFA,CIV,401199
4050860,32,44,6797,2002,21055.0,0.0,0.677883,1.0227190000000002,BRA,CIV,401199
4050861,43,44,6797,2002,47939.0,0.0,0.576746,2.7995520000000003,CHN,CIV,401199
4050862,59,44,6797,2002,5413.0,0.0,1.550713,1.037066,CZE,CIV,401199
4050863,61,44,6797,2002,13788.0,0.0,2.297691,-2.183239,DEU,CIV,401199
4050864,71,44,6797,2002,3576.0,0.0,1.012246,2.049594,ESP,CIV,401199
4050865,74,44,6797,2002,18702.0,0.0,2.0234240000000003,0.979141,FIN,CIV,401199
4050866,77,44,6797,2002,99698.0,0.0,1.569367,0.9886360000000001,FRA,CIV,401199
4050867,81,44,6797,2002,7223.0,0.0,1.893177,0.831382,GBR,CIV,401199
4050868,85,44,6797,2002,0.0,1860.0,-1.85329,-1.243105,GIN,CIV,401199
4050869,103,44,6797,2002,45532.0,0.0,-0.10020499999999999,1.590314,IDN,CIV,401199
4050870,104,44,6797,2002,167581.0,0.0,0.380867,2.608955,IND,CIV,401199
4050871,111,44,6797,2002,36402.0,0.0,1.377604,1.2470510000000001,ITA,CIV,401199
4050872,114,44,6797,2002,179227.0,0.0,2.556057,0.497673,JPN,CIV,401199
4050873,121,44,6797,2002,8565.0,0.0,1.186816,1.075947,KOR,CIV,401199
4050874,125,44,6797,2002,0.0,40805.0,-0.508416,-1.121658,LBR,CIV,401199
4050875,128,44,6797,2002,18366.0,0.0,-0.740927,0.023171,LKA,CIV,401199
4050876,134,44,6797,2002,7262.0,0.0,-0.810467,-0.34807899999999997,MAR,CIV,401199
4050877,153,44,6797,2002,13515.0,0.0,0.704957,0.243398,MYS,CIV,401199
4050878,173,44,6797,2002,9907.0,0.0,-0.6126199999999999,0.085944,PER,CIV,401199
4050879,177,44,6797,2002,45783.0,0.0,0.931642,1.721727,POL,CIV,401199
4050880,188,44,6797,2002,16501.0,0.0,0.082107,-0.843317,SAU,CIV,401199
4050881,191,44,6797,2002,0.0,5617.0,-0.43679700000000005,-0.484176,SEN,CIV,401199
4050882,192,44,6797,2002,8092.0,0.0,1.481857,0.648889,SGP,CIV,401199
4050883,224,44,6797,2002,8818.0,0.0,0.11263699999999999,1.83925,TUR,CIV,401199
4050884,231,44,6797,2002,113849.0,0.0,1.821594,0.231296,USA,CIV,401199
4050885,246,44,6797,2002,6559.0,0.0,0.395943,2.392458,ZAF,CIV,401199
4050886,18,45,6797,2002,26405.0,0.0,1.4097469999999999,1.440169,BEL,CMR,401199
4050887,43,45,6797,2002,14775.0,0.0,0.576746,2.7995520000000003,CHN,CMR,401199
4050888,59,45,6797,2002,7736.0,0.0,1.550713,1.037066,CZE,CMR,401199
4050889,61,45,6797,2002,90098.0,0.0,2.297691,-2.183239,DEU,CMR,401199
4050890,71,45,6797,2002,13919.0,0.0,1.012246,2.049594,ESP,CMR,401199
4050891,74,45,6797,2002,6112.0,0.0,2.0234240000000003,0.979141,FIN,CMR,401199
4050892,77,45,6797,2002,589336.0,0.0,1.569367,0.9886360000000001,FRA,CMR,401199
4050893,81,45,6797,2002,3712.0,0.0,1.893177,0.831382,GBR,CMR,401199
4050894,103,45,6797,2002,22768.0,0.0,-0.10020499999999999,1.590314,IDN,CMR,401199
4050895,104,45,6797,2002,5583.0,0.0,0.380867,2.608955,IND,CMR,401199
4050896,110,45,6797,2002,1515.0,0.0,1.334174,0.654331,ISR,CMR,401199
4050897,111,45,6797,2002,16905.0,0.0,1.377604,1.2470510000000001,ITA,CMR,401199
4050898,114,45,6797,2002,142275.0,0.0,2.556057,0.497673,JPN,CMR,401199
4050899,159,45,6797,2002,6420.0,0.0,-1.8315700000000001,-1.25171,NGA,CMR,401199
4050900,162,45,6797,2002,25151.0,0.0,1.206176,1.7136360000000002,NLD,CMR,401199
4050901,177,45,6797,2002,12078.0,0.0,0.931642,1.721727,POL,CMR,401199
4050902,179,45,6797,2002,3732.0,0.0,0.484407,1.6500080000000001,PRT,CMR,401199
4050903,192,45,6797,2002,1346.0,0.0,1.481857,0.648889,SGP,CMR,401199
4050904,214,45,6797,2002,0.0,29292.0,0.160853,-0.672233,TCD,CMR,401199
4050905,216,45,6797,2002,4652.0,0.0,0.432041,1.627953,THA,CMR,401199
4050906,223,45,6797,2002,33567.0,0.0,-0.221951,0.325506,TUN,CMR,401199
4050907,224,45,6797,2002,13252.0,0.0,0.11263699999999999,1.83925,TUR,CMR,401199
4050908,231,45,6797,2002,3397.0,0.0,1.821594,0.231296,USA,CMR,401199
4050909,246,45,6797,2002,1431.0,0.0,0.395943,2.392458,ZAF,CMR,401199
4050910,249,45,6797,2002,915.0,0.0,1.683858,1.333601,TWN,CMR,401199
4050911,250,45,6797,2002,88062.0,0.0,0.734927,-0.40114099999999997,ANS,CMR,401199
4050912,32,51,6797,2002,10372.0,0.0,0.677883,1.0227190000000002,BRA,CPV,401199
4050913,41,51,6797,2002,892.0,0.0,2.218095,0.620946,CHE,CPV,401199
4050914,111,51,6797,2002,85247.0,0.0,1.377604,1.2470510000000001,ITA,CPV,401199
4050915,162,51,6797,2002,1107.0,0.0,1.206176,1.7136360000000002,NLD,CPV,401199
4050916,179,51,6797,2002,42120.0,0.0,0.484407,1.6500080000000001,PRT,CPV,401199
4050917,220,51,6797,2002,1199.0,0.0,0.363225,-0.536718,TLS,CPV,401199
4050918,231,51,6797,2002,1260.0,0.0,1.821594,0.231296,USA,CPV,401199
4050919,8,58,6797,2002,2539.0,0.0,0.284536,0.517425,ARG,CYP,401199
4050920,14,58,6797,2002,5328.0,0.0,0.231386,0.771628,AUS,CYP,401199
4050921,23,58,6797,2002,1130.0,0.0,0.37451100000000004,1.573517,BGR,CYP,401199
4050922,32,58,6797,2002,4347.0,0.0,0.677883,1.0227190000000002,BRA,CYP,401199
4050923,43,58,6797,2002,68466.0,0.0,0.576746,2.7995520000000003,CHN,CYP,401199
4050924,59,58,6797,2002,33811.0,0.0,1.550713,1.037066,CZE,CYP,401199
4050925,61,58,6797,2002,11505.0,0.0,2.297691,-2.183239,DEU,CYP,401199
4050926,64,58,6797,2002,1217.0,0.0,1.26594,1.225186,DNK,CYP,401199
4050927,71,58,6797,2002,124696.0,0.0,1.012246,2.049594,ESP,CYP,401199
4050928,77,58,6797,2002,3120.0,0.0,1.569367,0.9886360000000001,FRA,CYP,401199
4050929,81,58,6797,2002,18986.0,0.0,1.893177,0.831382,GBR,CYP,401199
4050930,90,58,6797,2002,1678.0,0.0,0.31858000000000003,1.47417,GRC,CYP,401199
4050931,110,58,6797,2002,132631.0,0.0,1.334174,0.654331,ISR,CYP,401199
4050932,111,58,6797,2002,60142.0,0.0,1.377604,1.2470510000000001,ITA,CYP,401199
4050933,114,58,6797,2002,49709.0,0.0,2.556057,0.497673,JPN,CYP,401199
4050934,121,58,6797,2002,9842.0,0.0,1.186816,1.075947,KOR,CYP,401199
4050935,128,58,6797,2002,3890.0,0.0,-0.740927,0.023171,LKA,CYP,401199
4050936,131,58,6797,2002,28584.0,0.0,1.605378,1.152973,LUX,CYP,401199
4050937,153,58,6797,2002,50273.0,0.0,0.704957,0.243398,MYS,CYP,401199
4050938,162,58,6797,2002,1757.0,0.0,1.206176,1.7136360000000002,NLD,CYP,401199
4050939,177,58,6797,2002,50165.0,0.0,0.931642,1.721727,POL,CYP,401199
4050940,189,58,6797,2002,888.0,0.0,0.55781,2.135925,SCG,CYP,401199
4050941,207,58,6797,2002,8385.0,0.0,1.5643770000000001,1.043862,SVN,CYP,401199
4050942,208,58,6797,2002,3197.0,0.0,2.128614,0.7891199999999999,SWE,CYP,401199
4050943,216,58,6797,2002,28989.0,0.0,0.432041,1.627953,THA,CYP,401199
4050944,223,58,6797,2002,2793.0,0.0,-0.221951,0.325506,TUN,CYP,401199
4050945,224,58,6797,2002,35337.0,0.0,0.11263699999999999,1.83925,TUR,CYP,401199
4050946,231,58,6797,2002,5633.0,0.0,1.821594,0.231296,USA,CYP,401199
4050947,246,58,6797,2002,1558.0,0.0,0.395943,2.392458,ZAF,CYP,401199
4050948,249,58,6797,2002,49335.0,0.0,1.683858,1.333601,TWN,CYP,401199
4050949,23,72,6797,2002,5232.0,0.0,0.37451100000000004,1.573517,BGR,EST,401199
4050950,28,72,6797,2002,69160.0,0.0,0.825865,1.0148979999999999,BLR,EST,401199
4050951,32,72,6797,2002,3352.0,0.0,0.677883,1.0227190000000002,BRA,EST,401199
4050952,43,72,6797,2002,12205.0,0.0,0.576746,2.7995520000000003,CHN,EST,401199
4050953,59,72,6797,2002,128228.0,0.0,1.550713,1.037066,CZE,EST,401199
4050954,61,72,6797,2002,29070.0,1675.0,2.297691,-2.183239,DEU,EST,401199
4050955,64,72,6797,2002,18585.0,26280.0,1.26594,1.225186,DNK,EST,401199
4050956,74,72,6797,2002,112331.0,61562.0,2.0234240000000003,0.979141,FIN,EST,401199
4050957,77,72,6797,2002,0.0,13040.0,1.569367,0.9886360000000001,FRA,EST,401199
4050958,81,72,6797,2002,12383.0,118009.0,1.893177,0.831382,GBR,EST,401199
4050959,111,72,6797,2002,16893.0,0.0,1.377604,1.2470510000000001,ITA,EST,401199
4050960,114,72,6797,2002,1382.0,0.0,2.556057,0.497673,JPN,EST,401199
4050961,128,72,6797,2002,62875.0,0.0,-0.740927,0.023171,LKA,EST,401199
4050962,130,72,6797,2002,948.0,57328.0,0.23102399999999998,0.586078,LTU,EST,401199
4050963,131,72,6797,2002,2316.0,0.0,1.605378,1.152973,LUX,EST,401199
4050964,132,72,6797,2002,11047.0,33114.0,0.45210200000000006,0.515388,LVA,EST,401199
4050965,162,72,6797,2002,18025.0,40883.0,1.206176,1.7136360000000002,NLD,EST,401199
4050966,163,72,6797,2002,2208.0,0.0,1.110882,0.17164100000000002,NOR,EST,401199
4050967,177,72,6797,2002,16038.0,0.0,0.931642,1.721727,POL,EST,401199
4050968,186,72,6797,2002,180272.0,23551.0,1.109397,0.424229,RUS,EST,401199
4050969,208,72,6797,2002,36326.0,61850.0,2.128614,0.7891199999999999,SWE,EST,401199
4050970,216,72,6797,2002,735.0,0.0,0.432041,1.627953,THA,EST,401199
4050971,228,72,6797,2002,44469.0,0.0,0.835485,0.872135,UKR,EST,401199
4050972,231,72,6797,2002,1154.0,0.0,1.821594,0.231296,USA,EST,401199
4050973,249,72,6797,2002,17115.0,0.0,1.683858,1.333601,TWN,EST,401199
4050974,250,72,6797,2002,193295.0,0.0,0.734927,-0.40114099999999997,ANS,EST,401199
4050975,18,80,6797,2002,2643.0,0.0,1.4097469999999999,1.440169,BEL,GAB,401199
4050976,43,80,6797,2002,39296.0,0.0,0.576746,2.7995520000000003,CHN,GAB,401199
4050977,77,80,6797,2002,143214.0,0.0,1.569367,0.9886360000000001,FRA,GAB,401199
4050978,85,80,6797,2002,0.0,2835.0,-1.85329,-1.243105,GIN,GAB,401199
4050979,111,80,6797,2002,2261.0,0.0,1.377604,1.2470510000000001,ITA,GAB,401199
4050980,114,80,6797,2002,30118.0,0.0,2.556057,0.497673,JPN,GAB,401199
4050981,162,80,6797,2002,11775.0,0.0,1.206176,1.7136360000000002,NLD,GAB,401199
4050982,203,80,6797,2002,0.0,1326.0,0.47539499999999996,-0.297348,STP,GAB,401199
4050983,14,83,6797,2002,2171.0,0.0,0.231386,0.771628,AUS,GHA,401199
4050984,15,83,6797,2002,5224.0,0.0,1.8651200000000001,0.48423900000000003,AUT,GHA,401199
4050985,18,83,6797,2002,4014.0,0.0,1.4097469999999999,1.440169,BEL,GHA,401199
4050986,21,83,6797,2002,19229.0,2202.0,-0.477813,-0.647148,BFA,GHA,401199
4050987,39,83,6797,2002,960.0,0.0,0.9963280000000001,1.1922110000000001,CAN,GHA,401199
4050988,41,83,6797,2002,2362.0,0.0,2.218095,0.620946,CHE,GHA,401199
4050989,43,83,6797,2002,29308.0,0.0,0.576746,2.7995520000000003,CHN,GHA,401199
4050990,59,83,6797,2002,9396.0,0.0,1.550713,1.037066,CZE,GHA,401199
4050991,61,83,6797,2002,19564.0,0.0,2.297691,-2.183239,DEU,GHA,401199
4050992,64,83,6797,2002,4995.0,0.0,1.26594,1.225186,DNK,GHA,401199
4050993,71,83,6797,2002,39029.0,0.0,1.012246,2.049594,ESP,GHA,401199
4050994,74,83,6797,2002,134042.0,0.0,2.0234240000000003,0.979141,FIN,GHA,401199
4050995,77,83,6797,2002,597499.0,0.0,1.569367,0.9886360000000001,FRA,GHA,401199
4050996,81,83,6797,2002,179206.0,0.0,1.893177,0.831382,GBR,GHA,401199
4050997,85,83,6797,2002,0.0,46653.0,-1.85329,-1.243105,GIN,GHA,401199
4050998,103,83,6797,2002,21387.0,0.0,-0.10020499999999999,1.590314,IDN,GHA,401199
4050999,104,83,6797,2002,34551.0,0.0,0.380867,2.608955,IND,GHA,401199
4051000,110,83,6797,2002,106725.0,0.0,1.334174,0.654331,ISR,GHA,401199
4051001,111,83,6797,2002,88605.0,0.0,1.377604,1.2470510000000001,ITA,GHA,401199
4051002,114,83,6797,2002,1381340.0,0.0,2.556057,0.497673,JPN,GHA,401199
4051003,124,83,6797,2002,968.0,0.0,0.2729,1.254232,LBN,GHA,401199
4051004,131,83,6797,2002,52139.0,0.0,1.605378,1.152973,LUX,GHA,401199
4051005,141,83,6797,2002,171.0,2198.0,-0.8948520000000001,-0.863375,MLI,GHA,401199
4051006,148,83,6797,2002,8959.0,0.0,-1.27671,-1.218472,MRT,GHA,401199
4051007,162,83,6797,2002,33938.0,0.0,1.206176,1.7136360000000002,NLD,GHA,401199
4051008,173,83,6797,2002,25855.0,0.0,-0.6126199999999999,0.085944,PER,GHA,401199
4051009,224,83,6797,2002,24343.0,0.0,0.11263699999999999,1.83925,TUR,GHA,401199
4051010,230,83,6797,2002,1811.0,0.0,0.300502,0.16817000000000001,URY,GHA,401199
4051011,231,83,6797,2002,225708.0,0.0,1.821594,0.231296,USA,GHA,401199
4051012,246,83,6797,2002,28787.0,0.0,0.395943,2.392458,ZAF,GHA,401199
4051013,15,134,6797,2002,0.0,1217.0,1.8651200000000001,0.48423900000000003,AUT,MAR,401199
4051014,18,134,6797,2002,4886.0,0.0,1.4097469999999999,1.440169,BEL,MAR,401199
4051015,32,134,6797,2002,4599.0,0.0,0.677883,1.0227190000000002,BRA,MAR,401199
4051016,43,134,6797,2002,95925.0,0.0,0.576746,2.7995520000000003,CHN,MAR,401199
4051017,44,134,6797,2002,0.0,7262.0,-0.816327,-0.711765,CIV,MAR,401199
4051018,59,134,6797,2002,34718.0,0.0,1.550713,1.037066,CZE,MAR,401199
4051019,61,134,6797,2002,35224.0,0.0,2.297691,-2.183239,DEU,MAR,401199
4051020,71,134,6797,2002,18186.0,0.0,1.012246,2.049594,ESP,MAR,401199
4051021,77,134,6797,2002,89320.0,0.0,1.569367,0.9886360000000001,FRA,MAR,401199
4051022,85,134,6797,2002,0.0,1225.0,-1.85329,-1.243105,GIN,MAR,401199
4051023,102,134,6797,2002,2575.0,0.0,1.179684,1.0574860000000001,HUN,MAR,401199
4051024,103,134,6797,2002,34948.0,0.0,-0.10020499999999999,1.590314,IDN,MAR,401199
4051025,110,134,6797,2002,88000.0,0.0,1.334174,0.654331,ISR,MAR,401199
4051026,111,134,6797,2002,13138.0,0.0,1.377604,1.2470510000000001,ITA,MAR,401199
4051027,114,134,6797,2002,1040070.0,0.0,2.556057,0.497673,JPN,MAR,401199
4051028,121,134,6797,2002,37414.0,0.0,1.186816,1.075947,KOR,MAR,401199
4051029,126,134,6797,2002,0.0,7387.0,-0.568615,-1.172261,LBY,MAR,401199
4051030,128,134,6797,2002,2669.0,0.0,-0.740927,0.023171,LKA,MAR,401199
4051031,162,134,6797,2002,14926.0,0.0,1.206176,1.7136360000000002,NLD,MAR,401199
4051032,177,134,6797,2002,6500.0,0.0,0.931642,1.721727,POL,MAR,401199
4051033,188,134,6797,2002,0.0,33340.0,0.082107,-0.843317,SAU,MAR,401199
4051034,216,134,6797,2002,1379.0,0.0,0.432041,1.627953,THA,MAR,401199
4051035,223,134,6797,2002,1726257.0,74285.0,-0.221951,0.325506,TUN,MAR,401199
4051036,224,134,6797,2002,90288.0,0.0,0.11263699999999999,1.83925,TUR,MAR,401199
4051037,231,134,6797,2002,4792.0,0.0,1.821594,0.231296,USA,MAR,401199
4051038,239,134,6797,2002,53261.0,0.0,-0.589665,0.799874,VNM,MAR,401199
4051039,249,134,6797,2002,25177.0,0.0,1.683858,1.333601,TWN,MAR,401199
4051040,7,141,6797,2002,20028.0,0.0,0.044683,-0.247191,ARE,MLI,401199
4051041,18,141,6797,2002,7365.0,0.0,1.4097469999999999,1.440169,BEL,MLI,401199
4051042,39,141,6797,2002,1150.0,0.0,0.9963280000000001,1.1922110000000001,CAN,MLI,401199
4051043,61,141,6797,2002,21923.0,0.0,2.297691,-2.183239,DEU,MLI,401199
4051044,71,141,6797,2002,2258.0,0.0,1.012246,2.049594,ESP,MLI,401199
4051045,77,141,6797,2002,464119.0,0.0,1.569367,0.9886360000000001,FRA,MLI,401199
4051046,83,141,6797,2002,2198.0,171.0,-1.333425,-1.0709879999999998,GHA,MLI,401199
4051047,106,141,6797,2002,39424.0,0.0,1.7232880000000002,0.091172,IRL,MLI,401199
4051048,111,141,6797,2002,50652.0,0.0,1.377604,1.2470510000000001,ITA,MLI,401199
4051049,114,141,6797,2002,16126.0,0.0,2.556057,0.497673,JPN,MLI,401199
4051050,159,141,6797,2002,5269.0,0.0,-1.8315700000000001,-1.25171,NGA,MLI,401199
4051051,162,141,6797,2002,5767.0,0.0,1.206176,1.7136360000000002,NLD,MLI,401199
4051052,191,141,6797,2002,99553.0,0.0,-0.43679700000000005,-0.484176,SEN,MLI,401199
4051053,223,141,6797,2002,94299.0,0.0,-0.221951,0.325506,TUN,MLI,401199
4051054,231,141,6797,2002,39778.0,0.0,1.821594,0.231296,USA,MLI,401199
4051055,239,141,6797,2002,10610.0,0.0,-0.589665,0.799874,VNM,MLI,401199
4051056,246,141,6797,2002,144589.0,0.0,0.395943,2.392458,ZAF,MLI,401199
4051057,7,147,6797,2002,14862.0,0.0,0.044683,-0.247191,ARE,MOZ,401199
4051058,43,147,6797,2002,10371.0,0.0,0.576746,2.7995520000000003,CHN,MOZ,401199
4051059,74,147,6797,2002,18709.0,0.0,2.0234240000000003,0.979141,FIN,MOZ,401199
4051060,77,147,6797,2002,23192.0,0.0,1.569367,0.9886360000000001,FRA,MOZ,401199
4051061,81,147,6797,2002,13659.0,0.0,1.893177,0.831382,GBR,MOZ,401199
4051062,103,147,6797,2002,1833.0,0.0,-0.10020499999999999,1.590314,IDN,MOZ,401199
4051063,111,147,6797,2002,8960.0,0.0,1.377604,1.2470510000000001,ITA,MOZ,401199
4051064,114,147,6797,2002,713.0,0.0,2.556057,0.497673,JPN,MOZ,401199
4051065,151,147,6797,2002,12334.0,0.0,-0.37937600000000005,-0.388848,MUS,MOZ,401199
4051066,152,147,6797,2002,0.0,1246.0,-1.441416,-1.214651,MWI,MOZ,401199
4051067,162,147,6797,2002,63235.0,0.0,1.206176,1.7136360000000002,NLD,MOZ,401199
4051068,179,147,6797,2002,15660.0,0.0,0.484407,1.6500080000000001,PRT,MOZ,401199
4051069,246,147,6797,2002,235057.0,8780.0,0.395943,2.392458,ZAF,MOZ,401199
4051070,248,147,6797,2002,9617.0,0.0,-0.309483,0.271457,ZWE,MOZ,401199
4051071,2,155,6797,2002,0.0,14699.0,-2.018135,-1.222751,AGO,NAM,401199
4051072,61,155,6797,2002,806.0,0.0,2.297691,-2.183239,DEU,NAM,401199
4051073,114,155,6797,2002,422279.0,0.0,2.556057,0.497673,JPN,NAM,401199
4051074,246,155,6797,2002,289398.0,0.0,0.395943,2.392458,ZAF,NAM,401199
4051075,249,155,6797,2002,4100.0,0.0,1.683858,1.333601,TWN,NAM,401199
4051076,7,159,6797,2002,61858.0,0.0,0.044683,-0.247191,ARE,NGA,401199
4051077,18,159,6797,2002,2414.0,0.0,1.4097469999999999,1.440169,BEL,NGA,401199
4051078,19,159,6797,2002,19536.0,0.0,-0.724829,-0.705625,BEN,NGA,401199
4051079,32,159,6797,2002,27178.0,0.0,0.677883,1.0227190000000002,BRA,NGA,401199
4051080,43,159,6797,2002,60539.0,0.0,0.576746,2.7995520000000003,CHN,NGA,401199
4051081,45,159,6797,2002,0.0,6420.0,-1.114477,-1.0516510000000001,CMR,NGA,401199
4051082,61,159,6797,2002,19602.0,0.0,2.297691,-2.183239,DEU,NGA,401199
4051083,71,159,6797,2002,92313.0,0.0,1.012246,2.049594,ESP,NGA,401199
4051084,77,159,6797,2002,42805.0,0.0,1.569367,0.9886360000000001,FRA,NGA,401199
4051085,78,159,6797,2002,7540.0,0.0,-0.410455,-0.821335,FRO,NGA,401199
4051086,81,159,6797,2002,37606.0,0.0,1.893177,0.831382,GBR,NGA,401199
4051087,90,159,6797,2002,21150.0,0.0,0.31858000000000003,1.47417,GRC,NGA,401199
4051088,97,159,6797,2002,54272.0,0.0,0.5701109999999999,1.989357,HKG,NGA,401199
4051089,102,159,6797,2002,47823.0,0.0,1.179684,1.0574860000000001,HUN,NGA,401199
4051090,103,159,6797,2002,105265.0,0.0,-0.10020499999999999,1.590314,IDN,NGA,401199
4051091,104,159,6797,2002,135298.0,0.0,0.380867,2.608955,IND,NGA,401199
4051092,106,159,6797,2002,8567.0,0.0,1.7232880000000002,0.091172,IRL,NGA,401199
4051093,107,159,6797,2002,20628.0,0.0,-0.5707840000000001,-0.705612,IRN,NGA,401199
4051094,110,159,6797,2002,61995.0,0.0,1.334174,0.654331,ISR,NGA,401199
4051095,111,159,6797,2002,5106.0,0.0,1.377604,1.2470510000000001,ITA,NGA,401199
4051096,114,159,6797,2002,40568.0,0.0,2.556057,0.497673,JPN,NGA,401199
4051097,121,159,6797,2002,2132.0,0.0,1.186816,1.075947,KOR,NGA,401199
4051098,124,159,6797,2002,5341.0,0.0,0.2729,1.254232,LBN,NGA,401199
4051099,128,159,6797,2002,5146.0,0.0,-0.740927,0.023171,LKA,NGA,401199
4051100,141,159,6797,2002,0.0,5269.0,-0.8948520000000001,-0.863375,MLI,NGA,401199
4051101,157,159,6797,2002,0.0,831.0,-0.344562,-0.304996,NER,NGA,401199
4051102,162,159,6797,2002,16565.0,0.0,1.206176,1.7136360000000002,NLD,NGA,401199
4051103,224,159,6797,2002,8963.0,0.0,0.11263699999999999,1.83925,TUR,NGA,401199
4051104,231,159,6797,2002,10189.0,0.0,1.821594,0.231296,USA,NGA,401199
4051105,246,159,6797,2002,12691.0,0.0,0.395943,2.392458,ZAF,NGA,401199
4051106,249,159,6797,2002,7050.0,0.0,1.683858,1.333601,TWN,NGA,401199
4051107,18,191,6797,2002,27230.0,0.0,1.4097469999999999,1.440169,BEL,SEN,401199
4051108,32,191,6797,2002,7559.0,0.0,0.677883,1.0227190000000002,BRA,SEN,401199
4051109,44,191,6797,2002,5617.0,0.0,-0.816327,-0.711765,CIV,SEN,401199
4051110,61,191,6797,2002,1113.0,0.0,2.297691,-2.183239,DEU,SEN,401199
4051111,71,191,6797,2002,941.0,0.0,1.012246,2.049594,ESP,SEN,401199
4051112,77,191,6797,2002,83430.0,0.0,1.569367,0.9886360000000001,FRA,SEN,401199
4051113,81,191,6797,2002,3522.0,0.0,1.893177,0.831382,GBR,SEN,401199
4051114,85,191,6797,2002,0.0,1523.0,-1.85329,-1.243105,GIN,SEN,401199
4051115,87,191,6797,2002,0.0,1536.0,0.075971,-0.068413,GMB,SEN,401199
4051116,88,191,6797,2002,0.0,2162.0,-0.661416,-0.8644870000000001,GNB,SEN,401199
4051117,90,191,6797,2002,1570.0,0.0,0.31858000000000003,1.47417,GRC,SEN,401199
4051118,103,191,6797,2002,17022.0,0.0,-0.10020499999999999,1.590314,IDN,SEN,401199
4051119,111,191,6797,2002,4491.0,0.0,1.377604,1.2470510000000001,ITA,SEN,401199
4051120,114,191,6797,2002,565026.0,0.0,2.556057,0.497673,JPN,SEN,401199
4051121,141,191,6797,2002,0.0,99553.0,-0.8948520000000001,-0.863375,MLI,SEN,401199
4051122,162,191,6797,2002,6217.0,0.0,1.206176,1.7136360000000002,NLD,SEN,401199
4051123,163,191,6797,2002,2279.0,0.0,1.110882,0.17164100000000002,NOR,SEN,401199
4051124,177,191,6797,2002,4882.0,0.0,0.931642,1.721727,POL,SEN,401199
4051125,224,191,6797,2002,3216.0,0.0,0.11263699999999999,1.83925,TUR,SEN,401199
4051126,231,191,6797,2002,1039.0,0.0,1.821594,0.231296,USA,SEN,401199
4051127,246,191,6797,2002,7970.0,0.0,0.395943,2.392458,ZAF,SEN,401199
4051128,249,191,6797,2002,15773.0,0.0,1.683858,1.333601,TWN,SEN,401199
4051129,80,203,6797,2002,1326.0,0.0,-0.830094,-1.149233,GAB,STP,401199
4051130,179,203,6797,2002,25180.0,0.0,0.484407,1.6500080000000001,PRT,STP,401199
4051131,246,203,6797,2002,3376.0,0.0,0.395943,2.392458,ZAF,STP,401199
4051132,19,215,6797,2002,0.0,2332.0,-0.724829,-0.705625,BEN,TGO,401199
4051133,43,215,6797,2002,2461.0,0.0,0.576746,2.7995520000000003,CHN,TGO,401199
4051134,71,215,6797,2002,1307.0,0.0,1.012246,2.049594,ESP,TGO,401199
4051135,77,215,6797,2002,33417.0,0.0,1.569367,0.9886360000000001,FRA,TGO,401199
4051136,162,215,6797,2002,8236.0,0.0,1.206176,1.7136360000000002,NLD,TGO,401199
4051137,239,215,6797,2002,12878.0,0.0,-0.589665,0.799874,VNM,TGO,401199
4051138,249,215,6797,2002,28379.0,0.0,1.683858,1.333601,TWN,TGO,401199
4051139,7,227,6797,2002,16584.0,0.0,0.044683,-0.247191,ARE,UGA,401199
4051140,32,227,6797,2002,3307.0,0.0,0.677883,1.0227190000000002,BRA,UGA,401199
4051141,59,227,6797,2002,5379.0,0.0,1.550713,1.037066,CZE,UGA,401199
4051142,61,227,6797,2002,2072.0,0.0,2.297691,-2.183239,DEU,UGA,401199
4051143,77,227,6797,2002,22015.0,0.0,1.569367,0.9886360000000001,FRA,UGA,401199
4051144,81,227,6797,2002,2365.0,0.0,1.893177,0.831382,GBR,UGA,401199
4051145,104,227,6797,2002,102733.0,0.0,0.380867,2.608955,IND,UGA,401199
4051146,110,227,6797,2002,719.0,0.0,1.334174,0.654331,ISR,UGA,401199
4051147,114,227,6797,2002,54543.0,0.0,2.556057,0.497673,JPN,UGA,401199
4051148,116,227,6797,2002,7559.0,0.0,-0.555812,0.169204,KEN,UGA,401199
4051149,121,227,6797,2002,1061.0,0.0,1.186816,1.075947,KOR,UGA,401199
4051150,162,227,6797,2002,11937.0,0.0,1.206176,1.7136360000000002,NLD,UGA,401199
4051151,177,227,6797,2002,17943.0,0.0,0.931642,1.721727,POL,UGA,401199
4051152,231,227,6797,2002,6587.0,0.0,1.821594,0.231296,USA,UGA,401199
4051153,239,227,6797,2002,1872.0,0.0,-0.589665,0.799874,VNM,UGA,401199
4051154,246,227,6797,2002,6364.0,0.0,0.395943,2.392458,ZAF,UGA,401199
4051155,14,247,6797,2002,1973.0,0.0,0.231386,0.771628,AUS,ZMB,401199
4051156,37,247,6797,2002,0.0,10450.0,-0.14025,-1.018399,BWA,ZMB,401199
4051157,43,247,6797,2002,3909.0,0.0,0.576746,2.7995520000000003,CHN,ZMB,401199
4051158,77,247,6797,2002,94121.0,0.0,1.569367,0.9886360000000001,FRA,ZMB,401199
4051159,81,247,6797,2002,1453.0,0.0,1.893177,0.831382,GBR,ZMB,401199
4051160,104,247,6797,2002,5430.0,0.0,0.380867,2.608955,IND,ZMB,401199
4051161,114,247,6797,2002,200027.0,0.0,2.556057,0.497673,JPN,ZMB,401199
4051162,246,247,6797,2002,3079358.0,17133.0,0.395943,2.392458,ZAF,ZMB,401199
4051163,248,247,6797,2002,82566.0,56198.0,-0.309483,0.271457,ZWE,ZMB,401199
4051164,43,248,6797,2002,57659.0,0.0,0.576746,2.7995520000000003,CHN,ZWE,401199
4051165,61,248,6797,2002,2483.0,0.0,2.297691,-2.183239,DEU,ZWE,401199
4051166,81,248,6797,2002,6038.0,0.0,1.893177,0.831382,GBR,ZWE,401199
4051167,104,248,6797,2002,2646.0,0.0,0.380867,2.608955,IND,ZWE,401199
4051168,114,248,6797,2002,65447.0,0.0,2.556057,0.497673,JPN,ZWE,401199
4051169,116,248,6797,2002,0.0,151512.0,-0.555812,0.169204,KEN,ZWE,401199
4051170,147,248,6797,2002,0.0,9617.0,-0.947259,-1.047883,MOZ,ZWE,401199
4051171,152,248,6797,2002,0.0,31897.0,-1.441416,-1.214651,MWI,ZWE,401199
4051172,162,248,6797,2002,1827.0,0.0,1.206176,1.7136360000000002,NLD,ZWE,401199
4051173,246,248,6797,2002,857718.0,6147.0,0.395943,2.392458,ZAF,ZWE,401199
4051174,247,248,6797,2002,56198.0,82566.0,-0.654686,-0.545346,ZMB,ZWE,401199
4051175,32,120,6797,2002,4414.0,0.0,0.677883,1.0227190000000002,BRA,KNA,401199
4051176,39,120,6797,2002,3001.0,0.0,0.9963280000000001,1.1922110000000001,CAN,KNA,401199
4051177,42,120,6797,2002,1061.0,0.0,-0.035264,-0.101796,CHL,KNA,401199
4051178,43,120,6797,2002,480.0,0.0,0.576746,2.7995520000000003,CHN,KNA,401199
4051179,49,120,6797,2002,3872.0,0.0,0.345094,0.37787800000000005,COL,KNA,401199
4051180,81,120,6797,2002,14242.0,0.0,1.893177,0.831382,GBR,KNA,401199
4051181,112,120,6797,2002,885.0,0.0,-0.604813,-0.9309860000000001,JAM,KNA,401199
4051182,224,120,6797,2002,8715.0,0.0,0.11263699999999999,1.83925,TUR,KNA,401199
4051183,231,120,6797,2002,3448.0,0.0,1.821594,0.231296,USA,KNA,401199
4051184,61,152,6797,2002,1307.0,0.0,2.297691,-2.183239,DEU,MWI,401199
4051185,104,152,6797,2002,9772.0,0.0,0.380867,2.608955,IND,MWI,401199
4051186,147,152,6797,2002,1246.0,0.0,-0.947259,-1.047883,MOZ,MWI,401199
4051187,231,152,6797,2002,3352.0,0.0,1.821594,0.231296,USA,MWI,401199
4051188,246,152,6797,2002,178548.0,0.0,0.395943,2.392458,ZAF,MWI,401199
4051189,248,152,6797,2002,31897.0,0.0,-0.309483,0.271457,ZWE,MWI,401199
4051190,14,176,6797,2002,1385590.0,8384.0,0.231386,0.771628,AUS,PNG,401199
4051191,43,176,6797,2002,30299.0,0.0,0.576746,2.7995520000000003,CHN,PNG,401199
4051192,71,176,6797,2002,11922.0,0.0,1.012246,2.049594,ESP,PNG,401199
4051193,103,176,6797,2002,205913.0,0.0,-0.10020499999999999,1.590314,IDN,PNG,401199
4051194,104,176,6797,2002,5620.0,0.0,0.380867,2.608955,IND,PNG,401199
4051195,114,176,6797,2002,6677886.0,0.0,2.556057,0.497673,JPN,PNG,401199
4051196,121,176,6797,2002,7654.0,0.0,1.186816,1.075947,KOR,PNG,401199
4051197,153,176,6797,2002,1470.0,0.0,0.704957,0.243398,MYS,PNG,401199
4051198,192,176,6797,2002,155379.0,0.0,1.481857,0.648889,SGP,PNG,401199
4051199,216,176,6797,2002,3643.0,0.0,0.432041,1.627953,THA,PNG,401199
4051200,231,176,6797,2002,98471.0,0.0,1.821594,0.231296,USA,PNG,401199
4051201,249,176,6797,2002,12673.0,0.0,1.683858,1.333601,TWN,PNG,401199
4051202,43,234,6797,2002,12675.0,0.0,0.576746,2.7995520000000003,CHN,VCT,401199
4051203,81,234,6797,2002,17888.0,0.0,1.893177,0.831382,GBR,VCT,401199
4051204,93,234,6797,2002,1411.0,0.0,-0.548834,-0.034464999999999996,GTM,VCT,401199
4051205,114,234,6797,2002,8863.0,0.0,2.556057,0.497673,JPN,VCT,401199
4051206,121,234,6797,2002,6784.0,0.0,1.186816,1.075947,KOR,VCT,401199
4051207,179,234,6797,2002,4524.0,0.0,0.484407,1.6500080000000001,PRT,VCT,401199
4051208,192,234,6797,2002,21273.0,0.0,1.481857,0.648889,SGP,VCT,401199
4051209,231,234,6797,2002,111645.0,0.0,1.821594,0.231296,USA,VCT,401199
4051210,249,234,6797,2002,7675.0,0.0,1.683858,1.333601,TWN,VCT,401199
4051211,15,24,6797,2002,913.0,0.0,1.8651200000000001,0.48423900000000003,AUT,BHR,401199
4051212,18,24,6797,2002,1111.0,0.0,1.4097469999999999,1.440169,BEL,BHR,401199
4051213,32,24,6797,2002,2118.0,0.0,0.677883,1.0227190000000002,BRA,BHR,401199
4051214,39,24,6797,2002,2857.0,0.0,0.9963280000000001,1.1922110000000001,CAN,BHR,401199
4051215,43,24,6797,2002,75699.0,0.0,0.576746,2.7995520000000003,CHN,BHR,401199
4051216,59,24,6797,2002,2971.0,0.0,1.550713,1.037066,CZE,BHR,401199
4051217,61,24,6797,2002,13715.0,0.0,2.297691,-2.183239,DEU,BHR,401199
4051218,71,24,6797,2002,19917.0,0.0,1.012246,2.049594,ESP,BHR,401199
4051219,77,24,6797,2002,3503.0,0.0,1.569367,0.9886360000000001,FRA,BHR,401199
4051220,81,24,6797,2002,10568.0,0.0,1.893177,0.831382,GBR,BHR,401199
4051221,103,24,6797,2002,17754.0,0.0,-0.10020499999999999,1.590314,IDN,BHR,401199
4051222,104,24,6797,2002,42999.0,0.0,0.380867,2.608955,IND,BHR,401199
4051223,107,24,6797,2002,31393.0,0.0,-0.5707840000000001,-0.705612,IRN,BHR,401199
4051224,111,24,6797,2002,4753.0,0.0,1.377604,1.2470510000000001,ITA,BHR,401199
4051225,114,24,6797,2002,140659.0,0.0,2.556057,0.497673,JPN,BHR,401199
4051226,121,24,6797,2002,25591.0,0.0,1.186816,1.075947,KOR,BHR,401199
4051227,128,24,6797,2002,24353.0,0.0,-0.740927,0.023171,LKA,BHR,401199
4051228,162,24,6797,2002,4052.0,0.0,1.206176,1.7136360000000002,NLD,BHR,401199
4051229,179,24,6797,2002,1412.0,0.0,0.484407,1.6500080000000001,PRT,BHR,401199
4051230,188,24,6797,2002,964.0,5267.0,0.082107,-0.843317,SAU,BHR,401199
4051231,231,24,6797,2002,5577.0,0.0,1.821594,0.231296,USA,BHR,401199
4051232,249,24,6797,2002,9492.0,0.0,1.683858,1.333601,TWN,BHR,401199
4051233,15,26,6797,2002,0.0,6609.0,1.8651200000000001,0.48423900000000003,AUT,BIH,401199
4051234,59,26,6797,2002,45315.0,0.0,1.550713,1.037066,CZE,BIH,401199
4051235,61,26,6797,2002,7000.0,0.0,2.297691,-2.183239,DEU,BIH,401199
4051236,100,26,6797,2002,28908.0,5589.0,0.591276,1.030723,HRV,BIH,401199
4051237,102,26,6797,2002,3000.0,0.0,1.179684,1.0574860000000001,HUN,BIH,401199
4051238,111,26,6797,2002,183552.0,0.0,1.377604,1.2470510000000001,ITA,BIH,401199
4051239,114,26,6797,2002,429213.0,0.0,2.556057,0.497673,JPN,BIH,401199
4051240,162,26,6797,2002,0.0,11853.0,1.206176,1.7136360000000002,NLD,BIH,401199
4051241,177,26,6797,2002,343000.0,0.0,0.931642,1.721727,POL,BIH,401199
4051242,189,26,6797,2002,27662.0,0.0,0.55781,2.135925,SCG,BIH,401199
4051243,206,26,6797,2002,26909.0,0.0,1.1907379999999999,1.050649,SVK,BIH,401199
4051244,207,26,6797,2002,90172.0,0.0,1.5643770000000001,1.043862,SVN,BIH,401199
4051245,231,26,6797,2002,3000.0,0.0,1.821594,0.231296,USA,BIH,401199
4051246,15,100,6797,2002,46430.0,0.0,1.8651200000000001,0.48423900000000003,AUT,HRV,401199
4051247,23,100,6797,2002,2730.0,0.0,0.37451100000000004,1.573517,BGR,HRV,401199
4051248,26,100,6797,2002,5589.0,28908.0,0.26339,0.30287,BIH,HRV,401199
4051249,39,100,6797,2002,4848.0,0.0,0.9963280000000001,1.1922110000000001,CAN,HRV,401199
4051250,43,100,6797,2002,138069.0,0.0,0.576746,2.7995520000000003,CHN,HRV,401199
4051251,59,100,6797,2002,356831.0,0.0,1.550713,1.037066,CZE,HRV,401199
4051252,61,100,6797,2002,68378.0,13607.0,2.297691,-2.183239,DEU,HRV,401199
4051253,64,100,6797,2002,63709.0,0.0,1.26594,1.225186,DNK,HRV,401199
4051254,74,100,6797,2002,1397.0,0.0,2.0234240000000003,0.979141,FIN,HRV,401199
4051255,77,100,6797,2002,15339.0,0.0,1.569367,0.9886360000000001,FRA,HRV,401199
4051256,81,100,6797,2002,23738.0,0.0,1.893177,0.831382,GBR,HRV,401199
4051257,102,100,6797,2002,6124.0,0.0,1.179684,1.0574860000000001,HUN,HRV,401199
4051258,103,100,6797,2002,35356.0,0.0,-0.10020499999999999,1.590314,IDN,HRV,401199
4051259,104,100,6797,2002,4909.0,0.0,0.380867,2.608955,IND,HRV,401199
4051260,110,100,6797,2002,2982.0,0.0,1.334174,0.654331,ISR,HRV,401199
4051261,111,100,6797,2002,755264.0,798.0,1.377604,1.2470510000000001,ITA,HRV,401199
4051262,114,100,6797,2002,3603.0,0.0,2.556057,0.497673,JPN,HRV,401199
4051263,128,100,6797,2002,26272.0,0.0,-0.740927,0.023171,LKA,HRV,401199
4051264,131,100,6797,2002,173628.0,0.0,1.605378,1.152973,LUX,HRV,401199
4051265,162,100,6797,2002,1746.0,57882.0,1.206176,1.7136360000000002,NLD,HRV,401199
4051266,177,100,6797,2002,544489.0,0.0,0.931642,1.721727,POL,HRV,401199
4051267,185,100,6797,2002,873.0,0.0,0.29888200000000004,0.980376,ROU,HRV,401199
4051268,186,100,6797,2002,108667.0,0.0,1.109397,0.424229,RUS,HRV,401199
4051269,189,100,6797,2002,323044.0,0.0,0.55781,2.135925,SCG,HRV,401199
4051270,206,100,6797,2002,8308.0,5152.0,1.1907379999999999,1.050649,SVK,HRV,401199
4051271,207,100,6797,2002,381461.0,4335.0,1.5643770000000001,1.043862,SVN,HRV,401199
4051272,216,100,6797,2002,7803.0,0.0,0.432041,1.627953,THA,HRV,401199
4051273,224,100,6797,2002,24376.0,0.0,0.11263699999999999,1.83925,TUR,HRV,401199
4051274,231,100,6797,2002,10329.0,0.0,1.821594,0.231296,USA,HRV,401199
4051275,239,100,6797,2002,129831.0,0.0,-0.589665,0.799874,VNM,HRV,401199
4051276,249,100,6797,2002,4156.0,0.0,1.683858,1.333601,TWN,HRV,401199
4051277,18,109,6797,2002,23963.0,0.0,1.4097469999999999,1.440169,BEL,ISL,401199
4051278,32,109,6797,2002,1637.0,0.0,0.677883,1.0227190000000002,BRA,ISL,401199
4051279,39,109,6797,2002,3265.0,0.0,0.9963280000000001,1.1922110000000001,CAN,ISL,401199
4051280,41,109,6797,2002,1582.0,0.0,2.218095,0.620946,CHE,ISL,401199
4051281,43,109,6797,2002,494.0,0.0,0.576746,2.7995520000000003,CHN,ISL,401199
4051282,59,109,6797,2002,7778.0,3550.0,1.550713,1.037066,CZE,ISL,401199
4051283,61,109,6797,2002,1716.0,1951.0,2.297691,-2.183239,DEU,ISL,401199
4051284,64,109,6797,2002,36317.0,0.0,1.26594,1.225186,DNK,ISL,401199
4051285,71,109,6797,2002,18459.0,0.0,1.012246,2.049594,ESP,ISL,401199
4051286,77,109,6797,2002,3734.0,0.0,1.569367,0.9886360000000001,FRA,ISL,401199
4051287,81,109,6797,2002,14503.0,0.0,1.893177,0.831382,GBR,ISL,401199
4051288,102,109,6797,2002,729.0,0.0,1.179684,1.0574860000000001,HUN,ISL,401199
4051289,104,109,6797,2002,6055.0,0.0,0.380867,2.608955,IND,ISL,401199
4051290,110,109,6797,2002,4362.0,0.0,1.334174,0.654331,ISR,ISL,401199
4051291,111,109,6797,2002,5355.0,0.0,1.377604,1.2470510000000001,ITA,ISL,401199
4051292,114,109,6797,2002,7372.0,0.0,2.556057,0.497673,JPN,ISL,401199
4051293,121,109,6797,2002,2866.0,0.0,1.186816,1.075947,KOR,ISL,401199
4051294,131,109,6797,2002,1421.0,0.0,1.605378,1.152973,LUX,ISL,401199
4051295,153,109,6797,2002,6021.0,0.0,0.704957,0.243398,MYS,ISL,401199
4051296,162,109,6797,2002,30450.0,0.0,1.206176,1.7136360000000002,NLD,ISL,401199
4051297,163,109,6797,2002,52225.0,0.0,1.110882,0.17164100000000002,NOR,ISL,401199
4051298,177,109,6797,2002,1151.0,0.0,0.931642,1.721727,POL,ISL,401199
4051299,185,109,6797,2002,214.0,0.0,0.29888200000000004,0.980376,ROU,ISL,401199
4051300,206,109,6797,2002,1830.0,0.0,1.1907379999999999,1.050649,SVK,ISL,401199
4051301,207,109,6797,2002,1964.0,0.0,1.5643770000000001,1.043862,SVN,ISL,401199
4051302,208,109,6797,2002,242979.0,0.0,2.128614,0.7891199999999999,SWE,ISL,401199
4051303,224,109,6797,2002,1148.0,0.0,0.11263699999999999,1.83925,TUR,ISL,401199
4051304,231,109,6797,2002,16867.0,0.0,1.821594,0.231296,USA,ISL,401199
4051305,246,109,6797,2002,911.0,0.0,0.395943,2.392458,ZAF,ISL,401199
4051306,249,109,6797,2002,3869.0,0.0,1.683858,1.333601,TWN,ISL,401199
4051307,39,126,6797,2002,14628.0,0.0,0.9963280000000001,1.1922110000000001,CAN,LBY,401199
4051308,43,126,6797,2002,13204.0,0.0,0.576746,2.7995520000000003,CHN,LBY,401199
4051309,61,126,6797,2002,16000.0,0.0,2.297691,-2.183239,DEU,LBY,401199
4051310,77,126,6797,2002,118032.0,0.0,1.569367,0.9886360000000001,FRA,LBY,401199
4051311,81,126,6797,2002,909553.0,0.0,1.893177,0.831382,GBR,LBY,401199
4051312,104,126,6797,2002,21457.0,0.0,0.380867,2.608955,IND,LBY,401199
4051313,111,126,6797,2002,75427.0,0.0,1.377604,1.2470510000000001,ITA,LBY,401199
4051314,113,126,6797,2002,28401.0,0.0,0.24197600000000002,0.196635,JOR,LBY,401199
4051315,121,126,6797,2002,111339.0,0.0,1.186816,1.075947,KOR,LBY,401199
4051316,131,126,6797,2002,96921.0,0.0,1.605378,1.152973,LUX,LBY,401199
4051317,134,126,6797,2002,7387.0,0.0,-0.810467,-0.34807899999999997,MAR,LBY,401199
4051318,162,126,6797,2002,68059.0,0.0,1.206176,1.7136360000000002,NLD,LBY,401199
4051319,223,126,6797,2002,1079503.0,0.0,-0.221951,0.325506,TUN,LBY,401199
4051320,224,126,6797,2002,48907.0,0.0,0.11263699999999999,1.83925,TUR,LBY,401199
4051321,23,135,6797,2002,7819.0,0.0,0.37451100000000004,1.573517,BGR,MDA,401199
4051322,28,135,6797,2002,1866.0,0.0,0.825865,1.0148979999999999,BLR,MDA,401199
4051323,121,135,6797,2002,606.0,0.0,1.186816,1.075947,KOR,MDA,401199
4051324,185,135,6797,2002,2291.0,1539.0,0.29888200000000004,0.980376,ROU,MDA,401199
4051325,186,135,6797,2002,218299.0,0.0,1.109397,0.424229,RUS,MDA,401199
4051326,206,135,6797,2002,1126.0,0.0,1.1907379999999999,1.050649,SVK,MDA,401199
4051327,224,135,6797,2002,1153.0,0.0,0.11263699999999999,1.83925,TUR,MDA,401199
4051328,228,135,6797,2002,15664.0,0.0,0.835485,0.872135,UKR,MDA,401199
4051329,4,140,6797,2002,0.0,3817.0,-0.127828,-0.126857,ALB,MKD,401199
4051330,15,140,6797,2002,893.0,0.0,1.8651200000000001,0.48423900000000003,AUT,MKD,401199
4051331,23,140,6797,2002,15610.0,0.0,0.37451100000000004,1.573517,BGR,MKD,401199
4051332,59,140,6797,2002,4431.0,0.0,1.550713,1.037066,CZE,MKD,401199
4051333,61,140,6797,2002,4080.0,0.0,2.297691,-2.183239,DEU,MKD,401199
4051334,77,140,6797,2002,14526.0,0.0,1.569367,0.9886360000000001,FRA,MKD,401199
4051335,90,140,6797,2002,23943.0,0.0,0.31858000000000003,1.47417,GRC,MKD,401199
4051336,102,140,6797,2002,26639.0,0.0,1.179684,1.0574860000000001,HUN,MKD,401199
4051337,103,140,6797,2002,284.0,0.0,-0.10020499999999999,1.590314,IDN,MKD,401199
4051338,111,140,6797,2002,2374.0,0.0,1.377604,1.2470510000000001,ITA,MKD,401199
4051339,114,140,6797,2002,59807.0,66781.0,2.556057,0.497673,JPN,MKD,401199
4051340,121,140,6797,2002,11151.0,0.0,1.186816,1.075947,KOR,MKD,401199
4051341,131,140,6797,2002,4530.0,0.0,1.605378,1.152973,LUX,MKD,401199
4051342,177,140,6797,2002,177652.0,0.0,0.931642,1.721727,POL,MKD,401199
4051343,185,140,6797,2002,76318.0,0.0,0.29888200000000004,0.980376,ROU,MKD,401199
4051344,186,140,6797,2002,2899.0,0.0,1.109397,0.424229,RUS,MKD,401199
4051345,189,140,6797,2002,177947.0,0.0,0.55781,2.135925,SCG,MKD,401199
4051346,207,140,6797,2002,18050.0,0.0,1.5643770000000001,1.043862,SVN,MKD,401199
4051347,43,143,6797,2002,246868.0,0.0,0.576746,2.7995520000000003,CHN,MMR,401199
4051348,103,143,6797,2002,32867.0,0.0,-0.10020499999999999,1.590314,IDN,MMR,401199
4051349,104,143,6797,2002,243590.0,0.0,0.380867,2.608955,IND,MMR,401199
4051350,114,143,6797,2002,241166.0,0.0,2.556057,0.497673,JPN,MMR,401199
4051351,121,143,6797,2002,3758.0,0.0,1.186816,1.075947,KOR,MMR,401199
4051352,153,143,6797,2002,7149.0,0.0,0.704957,0.243398,MYS,MMR,401199
4051353,192,143,6797,2002,72301.0,0.0,1.481857,0.648889,SGP,MMR,401199
4051354,216,143,6797,2002,85113.0,0.0,0.432041,1.627953,THA,MMR,401199
4051355,31,178,6797,2002,0.0,89894.0,-0.885342,-0.819517,BOL,PRK,401199
4051356,43,178,6797,2002,1080.0,0.0,0.576746,2.7995520000000003,CHN,PRK,401199
4051357,78,178,6797,2002,0.0,1330.0,-0.410455,-0.821335,FRO,PRK,401199
4051358,99,178,6797,2002,0.0,148153.0,-0.877043,-0.658185,HND,PRK,401199
4051359,114,178,6797,2002,8149.0,0.0,2.556057,0.497673,JPN,PRK,401199
4051360,186,178,6797,2002,1576.0,2034.0,1.109397,0.424229,RUS,PRK,401199
4051361,188,178,6797,2002,0.0,479713.0,0.082107,-0.843317,SAU,PRK,401199
4051362,216,178,6797,2002,7631.0,0.0,0.432041,1.627953,THA,PRK,401199
4051363,222,178,6797,2002,0.0,8043.0,0.074907,-0.8203879999999999,TTO,PRK,401199
4051364,15,189,6797,2002,6118.0,0.0,1.8651200000000001,0.48423900000000003,AUT,SCG,401199
4051365,23,189,6797,2002,10305.0,12468.0,0.37451100000000004,1.573517,BGR,SCG,401199
4051366,26,189,6797,2002,0.0,27662.0,0.26339,0.30287,BIH,SCG,401199
4051367,28,189,6797,2002,1780.0,0.0,0.825865,1.0148979999999999,BLR,SCG,401199
4051368,39,189,6797,2002,0.0,15024.0,0.9963280000000001,1.1922110000000001,CAN,SCG,401199
4051369,41,189,6797,2002,13704.0,0.0,2.218095,0.620946,CHE,SCG,401199
4051370,58,189,6797,2002,0.0,888.0,0.381391,0.40265,CYP,SCG,401199
4051371,59,189,6797,2002,303491.0,84620.0,1.550713,1.037066,CZE,SCG,401199
4051372,61,189,6797,2002,36258.0,232030.0,2.297691,-2.183239,DEU,SCG,401199
4051373,66,189,6797,2002,0.0,19834.0,-0.912033,-1.1731850000000001,DZA,SCG,401199
4051374,71,189,6797,2002,0.0,274126.0,1.012246,2.049594,ESP,SCG,401199
4051375,74,189,6797,2002,0.0,6410.0,2.0234240000000003,0.979141,FIN,SCG,401199
4051376,77,189,6797,2002,7421.0,255596.0,1.569367,0.9886360000000001,FRA,SCG,401199
4051377,81,189,6797,2002,29997.0,84280.0,1.893177,0.831382,GBR,SCG,401199
4051378,90,189,6797,2002,0.0,30707.0,0.31858000000000003,1.47417,GRC,SCG,401199
4051379,100,189,6797,2002,0.0,323044.0,0.591276,1.030723,HRV,SCG,401199
4051380,102,189,6797,2002,19960.0,66435.0,1.179684,1.0574860000000001,HUN,SCG,401199
4051381,110,189,6797,2002,8575.0,0.0,1.334174,0.654331,ISR,SCG,401199
4051382,111,189,6797,2002,370385.0,753675.0,1.377604,1.2470510000000001,ITA,SCG,401199
4051383,114,189,6797,2002,2148.0,0.0,2.556057,0.497673,JPN,SCG,401199
4051384,124,189,6797,2002,0.0,1258.0,0.2729,1.254232,LBN,SCG,401199
4051385,140,189,6797,2002,0.0,177947.0,-0.030274000000000002,0.359317,MKD,SCG,401199
4051386,153,189,6797,2002,3639.0,0.0,0.704957,0.243398,MYS,SCG,401199
4051387,162,189,6797,2002,0.0,42166.0,1.206176,1.7136360000000002,NLD,SCG,401199
4051388,177,189,6797,2002,597909.0,0.0,0.931642,1.721727,POL,SCG,401199
4051389,185,189,6797,2002,0.0,760.0,0.29888200000000004,0.980376,ROU,SCG,401199
4051390,186,189,6797,2002,33281.0,0.0,1.109397,0.424229,RUS,SCG,401199
4051391,206,189,6797,2002,17594.0,15543.0,1.1907379999999999,1.050649,SVK,SCG,401199
4051392,207,189,6797,2002,23762.0,107869.0,1.5643770000000001,1.043862,SVN,SCG,401199
4051393,208,189,6797,2002,0.0,4612.0,2.128614,0.7891199999999999,SWE,SCG,401199
4051394,216,189,6797,2002,612.0,0.0,0.432041,1.627953,THA,SCG,401199
4051395,223,189,6797,2002,0.0,6720.0,-0.221951,0.325506,TUN,SCG,401199
4051396,224,189,6797,2002,2662.0,0.0,0.11263699999999999,1.83925,TUR,SCG,401199
4051397,231,189,6797,2002,1585.0,4407.0,1.821594,0.231296,USA,SCG,401199
4051398,32,212,6797,2002,71284.0,0.0,0.677883,1.0227190000000002,BRA,SYR,401199
4051399,43,212,6797,2002,343941.0,0.0,0.576746,2.7995520000000003,CHN,SYR,401199
4051400,59,212,6797,2002,11228.0,0.0,1.550713,1.037066,CZE,SYR,401199
4051401,61,212,6797,2002,542950.0,0.0,2.297691,-2.183239,DEU,SYR,401199
4051402,77,212,6797,2002,7007.0,0.0,1.569367,0.9886360000000001,FRA,SYR,401199
4051403,103,212,6797,2002,55438.0,0.0,-0.10020499999999999,1.590314,IDN,SYR,401199
4051404,104,212,6797,2002,76841.0,0.0,0.380867,2.608955,IND,SYR,401199
4051405,111,212,6797,2002,2843.0,0.0,1.377604,1.2470510000000001,ITA,SYR,401199
4051406,114,212,6797,2002,445159.0,0.0,2.556057,0.497673,JPN,SYR,401199
4051407,121,212,6797,2002,339218.0,0.0,1.186816,1.075947,KOR,SYR,401199
4051408,124,212,6797,2002,4611.0,0.0,0.2729,1.254232,LBN,SYR,401199
4051409,177,212,6797,2002,58209.0,0.0,0.931642,1.721727,POL,SYR,401199
4051410,185,212,6797,2002,678413.0,0.0,0.29888200000000004,0.980376,ROU,SYR,401199
4051411,186,212,6797,2002,71752.0,0.0,1.109397,0.424229,RUS,SYR,401199
4051412,223,212,6797,2002,9879.0,0.0,-0.221951,0.325506,TUN,SYR,401199
4051413,224,212,6797,2002,41873.0,0.0,0.11263699999999999,1.83925,TUR,SYR,401199
4051414,231,212,6797,2002,1329.0,0.0,1.821594,0.231296,USA,SYR,401199
4051415,249,212,6797,2002,135206.0,0.0,1.683858,1.333601,TWN,SYR,401199
4051416,18,85,6797,2002,93765.0,0.0,1.4097469999999999,1.440169,BEL,GIN,401199
4051417,32,85,6797,2002,3174.0,0.0,0.677883,1.0227190000000002,BRA,GIN,401199
4051418,39,85,6797,2002,2536.0,0.0,0.9963280000000001,1.1922110000000001,CAN,GIN,401199
4051419,43,85,6797,2002,3632.0,0.0,0.576746,2.7995520000000003,CHN,GIN,401199
4051420,44,85,6797,2002,1860.0,0.0,-0.816327,-0.711765,CIV,GIN,401199
4051421,59,85,6797,2002,4606.0,0.0,1.550713,1.037066,CZE,GIN,401199
4051422,77,85,6797,2002,115882.0,0.0,1.569367,0.9886360000000001,FRA,GIN,401199
4051423,80,85,6797,2002,2835.0,0.0,-0.830094,-1.149233,GAB,GIN,401199
4051424,81,85,6797,2002,31072.0,0.0,1.893177,0.831382,GBR,GIN,401199
4051425,83,85,6797,2002,46653.0,0.0,-1.333425,-1.0709879999999998,GHA,GIN,401199
4051426,103,85,6797,2002,14718.0,0.0,-0.10020499999999999,1.590314,IDN,GIN,401199
4051427,111,85,6797,2002,29362.0,0.0,1.377604,1.2470510000000001,ITA,GIN,401199
4051428,114,85,6797,2002,163534.0,0.0,2.556057,0.497673,JPN,GIN,401199
4051429,124,85,6797,2002,1412.0,0.0,0.2729,1.254232,LBN,GIN,401199
4051430,131,85,6797,2002,1158.0,0.0,1.605378,1.152973,LUX,GIN,401199
4051431,134,85,6797,2002,1225.0,0.0,-0.810467,-0.34807899999999997,MAR,GIN,401199
4051432,185,85,6797,2002,5231.0,0.0,0.29888200000000004,0.980376,ROU,GIN,401199
4051433,191,85,6797,2002,1523.0,0.0,-0.43679700000000005,-0.484176,SEN,GIN,401199
4051434,228,85,6797,2002,26076.0,0.0,0.835485,0.872135,UKR,GIN,401199
4051435,231,85,6797,2002,50804.0,0.0,1.821594,0.231296,USA,GIN,401199
4051436,246,85,6797,2002,25483.0,0.0,0.395943,2.392458,ZAF,GIN,401199
4051437,249,85,6797,2002,19526.0,0.0,1.683858,1.333601,TWN,GIN,401199
4051438,77,133,6797,2002,0.0,2255.0,1.569367,0.9886360000000001,FRA,MAC,401199
4051439,81,133,6797,2002,3639.0,0.0,1.893177,0.831382,GBR,MAC,401199
4051440,97,133,6797,2002,20945.0,0.0,0.5701109999999999,1.989357,HKG,MAC,401199
4051441,111,133,6797,2002,115916.0,0.0,1.377604,1.2470510000000001,ITA,MAC,401199
4051442,114,133,6797,2002,2998.0,0.0,2.556057,0.497673,JPN,MAC,401199
4051443,249,133,6797,2002,2653.0,0.0,1.683858,1.333601,TWN,MAC,401199
4051444,28,168,6797,2002,64812.0,0.0,0.825865,1.0148979999999999,BLR,PAK,401199
4051445,43,168,6797,2002,427205.0,0.0,0.576746,2.7995520000000003,CHN,PAK,401199
4051446,59,168,6797,2002,3725.0,0.0,1.550713,1.037066,CZE,PAK,401199
4051447,61,168,6797,2002,0.0,9178.0,2.297691,-2.183239,DEU,PAK,401199
4051448,71,168,6797,2002,0.0,89817.0,1.012246,2.049594,ESP,PAK,401199
4051449,81,168,6797,2002,5886.0,0.0,1.893177,0.831382,GBR,PAK,401199
4051450,103,168,6797,2002,55295.0,0.0,-0.10020499999999999,1.590314,IDN,PAK,401199
4051451,104,168,6797,2002,985453.0,0.0,0.380867,2.608955,IND,PAK,401199
4051452,111,168,6797,2002,0.0,151062.0,1.377604,1.2470510000000001,ITA,PAK,401199
4051453,114,168,6797,2002,518031.0,0.0,2.556057,0.497673,JPN,PAK,401199
4051454,121,168,6797,2002,176020.0,0.0,1.186816,1.075947,KOR,PAK,401199
4051455,128,168,6797,2002,2694.0,0.0,-0.740927,0.023171,LKA,PAK,401199
4051456,162,168,6797,2002,1891.0,0.0,1.206176,1.7136360000000002,NLD,PAK,401199
4051457,186,168,6797,2002,322080.0,0.0,1.109397,0.424229,RUS,PAK,401199
4051458,192,168,6797,2002,26740.0,0.0,1.481857,0.648889,SGP,PAK,401199
4051459,207,168,6797,2002,0.0,33287.0,1.5643770000000001,1.043862,SVN,PAK,401199
4051460,216,168,6797,2002,51063.0,0.0,0.432041,1.627953,THA,PAK,401199
4051461,224,168,6797,2002,5472.0,0.0,0.11263699999999999,1.83925,TUR,PAK,401199
4051462,249,168,6797,2002,50033.0,0.0,1.683858,1.333601,TWN,PAK,401199
4051463,231,0,6797,2002,88720.0,0.0,1.821594,0.231296,USA,ABW,401199
4051464,231,3,6797,2002,8244.0,0.0,1.821594,0.231296,USA,AIA,401199
4051465,42,29,6797,2002,20458.0,0.0,-0.035264,-0.101796,CHL,BLZ,401199
4051466,49,29,6797,2002,1039.0,0.0,0.345094,0.37787800000000005,COL,BLZ,401199
4051467,52,29,6797,2002,19770.0,0.0,0.03619,-0.187718,CRI,BLZ,401199
4051468,93,29,6797,2002,21167.0,0.0,-0.548834,-0.034464999999999996,GTM,BLZ,401199
4051469,96,29,6797,2002,0.0,10299.0,-0.9485889999999999,-0.9086489999999999,GUY,BLZ,401199
4051470,104,29,6797,2002,2919.0,0.0,0.380867,2.608955,IND,BLZ,401199
4051471,121,29,6797,2002,20013.0,0.0,1.186816,1.075947,KOR,BLZ,401199
4051472,138,29,6797,2002,58493.0,0.0,0.942061,0.6311260000000001,MEX,BLZ,401199
4051473,216,29,6797,2002,18741.0,0.0,0.432041,1.627953,THA,BLZ,401199
4051474,231,29,6797,2002,12816.0,0.0,1.821594,0.231296,USA,BLZ,401199
4051475,8,31,6797,2002,206294.0,0.0,0.284536,0.517425,ARG,BOL,401199
4051476,32,31,6797,2002,476503.0,0.0,0.677883,1.0227190000000002,BRA,BOL,401199
4051477,42,31,6797,2002,4322348.0,20609.0,-0.035264,-0.101796,CHL,BOL,401199
4051478,43,31,6797,2002,7280.0,0.0,0.576746,2.7995520000000003,CHN,BOL,401199
4051479,49,31,6797,2002,5800.0,0.0,0.345094,0.37787800000000005,COL,BOL,401199
4051480,67,31,6797,2002,20429.0,0.0,-0.976218,-0.926393,ECU,BOL,401199
4051481,77,31,6797,2002,9846.0,0.0,1.569367,0.9886360000000001,FRA,BOL,401199
4051482,114,31,6797,2002,52926.0,0.0,2.556057,0.497673,JPN,BOL,401199
4051483,121,31,6797,2002,1193.0,0.0,1.186816,1.075947,KOR,BOL,401199
4051484,128,31,6797,2002,18572.0,0.0,-0.740927,0.023171,LKA,BOL,401199
4051485,173,31,6797,2002,86173.0,0.0,-0.6126199999999999,0.085944,PER,BOL,401199
4051486,178,31,6797,2002,89894.0,0.0,0.43756999999999996,0.744264,PRK,BOL,401199
4051487,231,31,6797,2002,3527.0,0.0,1.821594,0.231296,USA,BOL,401199
4051488,236,31,6797,2002,17206.0,0.0,0.211536,-0.715675,VEN,BOL,401199
4051489,249,31,6797,2002,1730.0,0.0,1.683858,1.333601,TWN,BOL,401199
4051490,250,31,6797,2002,37967.0,0.0,0.734927,-0.40114099999999997,ANS,BOL,401199
4051491,18,73,6797,2002,5252.0,0.0,1.4097469999999999,1.440169,BEL,ETH,401199
4051492,43,73,6797,2002,38460.0,0.0,0.576746,2.7995520000000003,CHN,ETH,401199
4051493,61,73,6797,2002,23382.0,0.0,2.297691,-2.183239,DEU,ETH,401199
4051494,77,73,6797,2002,2109.0,0.0,1.569367,0.9886360000000001,FRA,ETH,401199
4051495,81,73,6797,2002,1339.0,0.0,1.893177,0.831382,GBR,ETH,401199
4051496,104,73,6797,2002,66357.0,0.0,0.380867,2.608955,IND,ETH,401199
4051497,110,73,6797,2002,38314.0,0.0,1.334174,0.654331,ISR,ETH,401199
4051498,111,73,6797,2002,4091.0,0.0,1.377604,1.2470510000000001,ITA,ETH,401199
4051499,114,73,6797,2002,25641.0,0.0,2.556057,0.497673,JPN,ETH,401199
4051500,121,73,6797,2002,23803.0,0.0,1.186816,1.075947,KOR,ETH,401199
4051501,162,73,6797,2002,14901.0,0.0,1.206176,1.7136360000000002,NLD,ETH,401199
4051502,186,73,6797,2002,770.0,0.0,1.109397,0.424229,RUS,ETH,401199
4051503,192,73,6797,2002,762.0,0.0,1.481857,0.648889,SGP,ETH,401199
4051504,208,73,6797,2002,15814.0,0.0,2.128614,0.7891199999999999,SWE,ETH,401199
4051505,39,91,6797,2002,1152.0,0.0,0.9963280000000001,1.1922110000000001,CAN,GRD,401199
4051506,81,91,6797,2002,1328.0,0.0,1.893177,0.831382,GBR,GRD,401199
4051507,103,91,6797,2002,893.0,0.0,-0.10020499999999999,1.590314,IDN,GRD,401199
4051508,112,91,6797,2002,9262.0,0.0,-0.604813,-0.9309860000000001,JAM,GRD,401199
4051509,127,91,6797,2002,0.0,2976.0,0.14441700000000002,-0.38146599999999997,LCA,GRD,401199
4051510,222,91,6797,2002,2039.0,0.0,0.074907,-0.8203879999999999,TTO,GRD,401199
4051511,231,91,6797,2002,1923.0,0.0,1.821594,0.231296,USA,GRD,401199
4051512,249,91,6797,2002,1070.0,0.0,1.683858,1.333601,TWN,GRD,401199
4051513,231,149,6797,2002,1305.0,0.0,1.821594,0.231296,USA,MSR,401199
4051514,104,1,6797,2002,102092.0,0.0,0.380867,2.608955,IND,AFG,401199
4051515,107,1,6797,2002,2167.0,0.0,-0.5707840000000001,-0.705612,IRN,AFG,401199
4051516,111,1,6797,2002,62342.0,0.0,1.377604,1.2470510000000001,ITA,AFG,401199
4051517,186,1,6797,2002,467939.0,0.0,1.109397,0.424229,RUS,AFG,401199
4051518,192,1,6797,2002,26563.0,0.0,1.481857,0.648889,SGP,AFG,401199
4051519,224,1,6797,2002,8092.0,0.0,0.11263699999999999,1.83925,TUR,AFG,401199
4051520,23,4,6797,2002,16250.0,0.0,0.37451100000000004,1.573517,BGR,ALB,401199
4051521,43,4,6797,2002,10453.0,0.0,0.576746,2.7995520000000003,CHN,ALB,401199
4051522,59,4,6797,2002,14860.0,0.0,1.550713,1.037066,CZE,ALB,401199
4051523,61,4,6797,2002,14543.0,0.0,2.297691,-2.183239,DEU,ALB,401199
4051524,90,4,6797,2002,4531.0,0.0,0.31858000000000003,1.47417,GRC,ALB,401199
4051525,102,4,6797,2002,16448.0,0.0,1.179684,1.0574860000000001,HUN,ALB,401199
4051526,111,4,6797,2002,45282.0,0.0,1.377604,1.2470510000000001,ITA,ALB,401199
4051527,140,4,6797,2002,3817.0,0.0,-0.030274000000000002,0.359317,MKD,ALB,401199
4051528,185,4,6797,2002,17708.0,0.0,0.29888200000000004,0.980376,ROU,ALB,401199
4051529,186,4,6797,2002,2738.0,0.0,1.109397,0.424229,RUS,ALB,401199
4051530,207,4,6797,2002,38564.0,0.0,1.5643770000000001,1.043862,SVN,ALB,401199
4051531,224,4,6797,2002,22731.0,0.0,0.11263699999999999,1.83925,TUR,ALB,401199
4051532,23,9,6797,2002,3290.0,0.0,0.37451100000000004,1.573517,BGR,ARM,401199
4051533,111,9,6797,2002,1648.0,0.0,1.377604,1.2470510000000001,ITA,ARM,401199
4051534,186,9,6797,2002,83974.0,0.0,1.109397,0.424229,RUS,ARM,401199
4051535,228,9,6797,2002,82585.0,0.0,0.835485,0.872135,UKR,ARM,401199
4051536,231,9,6797,2002,2164.0,13945.0,1.821594,0.231296,USA,ARM,401199
4051537,7,17,6797,2002,622.0,0.0,0.044683,-0.247191,ARE,BDI,401199
4051538,18,17,6797,2002,30854.0,0.0,1.4097469999999999,1.440169,BEL,BDI,401199
4051539,18,21,6797,2002,3971.0,0.0,1.4097469999999999,1.440169,BEL,BFA,401199
4051540,32,21,6797,2002,1799.0,0.0,0.677883,1.0227190000000002,BRA,BFA,401199
4051541,43,21,6797,2002,624.0,0.0,0.576746,2.7995520000000003,CHN,BFA,401199
4051542,44,21,6797,2002,19704.0,0.0,-0.816327,-0.711765,CIV,BFA,401199
4051543,71,21,6797,2002,11628.0,0.0,1.012246,2.049594,ESP,BFA,401199
4051544,77,21,6797,2002,152938.0,0.0,1.569367,0.9886360000000001,FRA,BFA,401199
4051545,83,21,6797,2002,2202.0,19229.0,-1.333425,-1.0709879999999998,GHA,BFA,401199
4051546,102,21,6797,2002,5742.0,0.0,1.179684,1.0574860000000001,HUN,BFA,401199
4051547,104,21,6797,2002,2868.0,0.0,0.380867,2.608955,IND,BFA,401199
4051548,111,21,6797,2002,35020.0,0.0,1.377604,1.2470510000000001,ITA,BFA,401199
4051549,114,21,6797,2002,11725.0,0.0,2.556057,0.497673,JPN,BFA,401199
4051550,162,21,6797,2002,10054.0,0.0,1.206176,1.7136360000000002,NLD,BFA,401199
4051551,223,21,6797,2002,5887.0,0.0,-0.221951,0.325506,TUN,BFA,401199
4051552,43,34,6797,2002,5770.0,0.0,0.576746,2.7995520000000003,CHN,BRN,401199
4051553,114,34,6797,2002,12083.0,0.0,2.556057,0.497673,JPN,BRN,401199
4051554,121,34,6797,2002,1026.0,0.0,1.186816,1.075947,KOR,BRN,401199
4051555,153,34,6797,2002,9034.0,0.0,0.704957,0.243398,MYS,BRN,401199
4051556,192,34,6797,2002,287994.0,0.0,1.481857,0.648889,SGP,BRN,401199
4051557,216,34,6797,2002,21462.0,0.0,0.432041,1.627953,THA,BRN,401199
4051558,7,50,6797,2002,2694.0,0.0,0.044683,-0.247191,ARE,COM,401199
4051559,77,50,6797,2002,12250.0,0.0,1.569367,0.9886360000000001,FRA,COM,401199
4051560,136,50,6797,2002,1132.0,0.0,-1.120167,-0.43338699999999997,MDG,COM,401199
4051561,32,63,6797,2002,1434.0,0.0,0.677883,1.0227190000000002,BRA,DMA,401199
4051562,39,63,6797,2002,3550.0,0.0,0.9963280000000001,1.1922110000000001,CAN,DMA,401199
4051563,43,63,6797,2002,428692.0,0.0,0.576746,2.7995520000000003,CHN,DMA,401199
4051564,77,63,6797,2002,1902.0,0.0,1.569367,0.9886360000000001,FRA,DMA,401199
4051565,81,63,6797,2002,3112.0,0.0,1.893177,0.831382,GBR,DMA,401199
4051566,110,63,6797,2002,1274.0,0.0,1.334174,0.654331,ISR,DMA,401199
4051567,112,63,6797,2002,1511.0,0.0,-0.604813,-0.9309860000000001,JAM,DMA,401199
4051568,231,63,6797,2002,30228.0,0.0,1.821594,0.231296,USA,DMA,401199
4051569,14,75,6797,2002,38344.0,0.0,0.231386,0.771628,AUS,FJI,401199
4051570,97,75,6797,2002,4181.0,0.0,0.5701109999999999,1.989357,HKG,FJI,401199
4051571,104,75,6797,2002,3968.0,0.0,0.380867,2.608955,IND,FJI,401199
4051572,114,75,6797,2002,184348.0,0.0,2.556057,0.497673,JPN,FJI,401199
4051573,121,75,6797,2002,8398.0,0.0,1.186816,1.075947,KOR,FJI,401199
4051574,153,75,6797,2002,7109.0,0.0,0.704957,0.243398,MYS,FJI,401199
4051575,166,75,6797,2002,23888.0,0.0,0.542585,0.854243,NZL,FJI,401199
4051576,192,75,6797,2002,7631.0,0.0,1.481857,0.648889,SGP,FJI,401199
4051577,216,75,6797,2002,13952.0,0.0,0.432041,1.627953,THA,FJI,401199
4051578,225,75,6797,2002,0.0,1070.0,-0.141984,-0.15720399999999998,TUV,FJI,401199
4051579,231,75,6797,2002,1398.0,0.0,1.821594,0.231296,USA,FJI,401199
4051580,249,75,6797,2002,11032.0,0.0,1.683858,1.333601,TWN,FJI,401199
4051581,43,87,6797,2002,7135.0,0.0,0.576746,2.7995520000000003,CHN,GMB,401199
4051582,61,87,6797,2002,2589.0,0.0,2.297691,-2.183239,DEU,GMB,401199
4051583,77,87,6797,2002,14869.0,0.0,1.569367,0.9886360000000001,FRA,GMB,401199
4051584,81,87,6797,2002,30588.0,0.0,1.893177,0.831382,GBR,GMB,401199
4051585,191,87,6797,2002,1536.0,0.0,-0.43679700000000005,-0.484176,SEN,GMB,401199
4051586,28,108,6797,2002,5502.0,0.0,0.825865,1.0148979999999999,BLR,IRQ,401199
4051587,66,108,6797,2002,2461.0,0.0,-0.912033,-1.1731850000000001,DZA,IRQ,401199
4051588,74,108,6797,2002,5994.0,0.0,2.0234240000000003,0.979141,FIN,IRQ,401199
4051589,107,108,6797,2002,1120258.0,8026.0,-0.5707840000000001,-0.705612,IRN,IRQ,401199
4051590,114,108,6797,2002,185721.0,0.0,2.556057,0.497673,JPN,IRQ,401199
4051591,121,108,6797,2002,9264.0,0.0,1.186816,1.075947,KOR,IRQ,401199
4051592,124,108,6797,2002,5601.0,0.0,0.2729,1.254232,LBN,IRQ,401199
4051593,177,108,6797,2002,792000.0,0.0,0.931642,1.721727,POL,IRQ,401199
4051594,186,108,6797,2002,156457.0,0.0,1.109397,0.424229,RUS,IRQ,401199
4051595,77,118,6797,2002,1300.0,0.0,1.569367,0.9886360000000001,FRA,KHM,401199
4051596,104,118,6797,2002,107212.0,0.0,0.380867,2.608955,IND,KHM,401199
4051597,121,118,6797,2002,6420.0,0.0,1.186816,1.075947,KOR,KHM,401199
4051598,153,118,6797,2002,1007.0,0.0,0.704957,0.243398,MYS,KHM,401199
4051599,192,118,6797,2002,15649.0,0.0,1.481857,0.648889,SGP,KHM,401199
4051600,216,118,6797,2002,233508.0,0.0,0.432041,1.627953,THA,KHM,401199
4051601,249,118,6797,2002,1261.0,0.0,1.683858,1.333601,TWN,KHM,401199
4051602,43,136,6797,2002,24983.0,0.0,0.576746,2.7995520000000003,CHN,MDG,401199
4051603,50,136,6797,2002,0.0,1132.0,-0.95335,-0.916942,COM,MDG,401199
4051604,59,136,6797,2002,3006.0,0.0,1.550713,1.037066,CZE,MDG,401199
4051605,61,136,6797,2002,3924.0,0.0,2.297691,-2.183239,DEU,MDG,401199
4051606,71,136,6797,2002,3744.0,0.0,1.012246,2.049594,ESP,MDG,401199
4051607,77,136,6797,2002,107382.0,0.0,1.569367,0.9886360000000001,FRA,MDG,401199
4051608,110,136,6797,2002,19092.0,0.0,1.334174,0.654331,ISR,MDG,401199
4051609,111,136,6797,2002,2877.0,0.0,1.377604,1.2470510000000001,ITA,MDG,401199
4051610,114,136,6797,2002,14729.0,0.0,2.556057,0.497673,JPN,MDG,401199
4051611,162,136,6797,2002,7839.0,0.0,1.206176,1.7136360000000002,NLD,MDG,401199
4051612,177,136,6797,2002,929.0,0.0,0.931642,1.721727,POL,MDG,401199
4051613,223,136,6797,2002,1531.0,0.0,-0.221951,0.325506,TUN,MDG,401199
4051614,224,136,6797,2002,1474.0,0.0,0.11263699999999999,1.83925,TUR,MDG,401199
4051615,231,136,6797,2002,1415.0,0.0,1.821594,0.231296,USA,MDG,401199
4051616,246,136,6797,2002,11215.0,0.0,0.395943,2.392458,ZAF,MDG,401199
4051617,250,136,6797,2002,23540.0,0.0,0.734927,-0.40114099999999997,ANS,MDG,401199
4051618,43,137,6797,2002,3981.0,0.0,0.576746,2.7995520000000003,CHN,MDV,401199
4051619,61,137,6797,2002,7459.0,0.0,2.297691,-2.183239,DEU,MDV,401199
4051620,64,137,6797,2002,397.0,0.0,1.26594,1.225186,DNK,MDV,401199
4051621,81,137,6797,2002,14836.0,0.0,1.893177,0.831382,GBR,MDV,401199
4051622,103,137,6797,2002,2965.0,0.0,-0.10020499999999999,1.590314,IDN,MDV,401199
4051623,104,137,6797,2002,15448.0,0.0,0.380867,2.608955,IND,MDV,401199
4051624,114,137,6797,2002,955.0,0.0,2.556057,0.497673,JPN,MDV,401199
4051625,128,137,6797,2002,3232.0,0.0,-0.740927,0.023171,LKA,MDV,401199
4051626,192,137,6797,2002,11742.0,0.0,1.481857,0.648889,SGP,MDV,401199
4051627,216,137,6797,2002,908.0,0.0,0.432041,1.627953,THA,MDV,401199
4051628,7,148,6797,2002,25892.0,0.0,0.044683,-0.247191,ARE,MRT,401199
4051629,18,148,6797,2002,5289.0,0.0,1.4097469999999999,1.440169,BEL,MRT,401199
4051630,23,148,6797,2002,7487.0,0.0,0.37451100000000004,1.573517,BGR,MRT,401199
4051631,39,148,6797,2002,7820.0,0.0,0.9963280000000001,1.1922110000000001,CAN,MRT,401199
4051632,61,148,6797,2002,74335.0,0.0,2.297691,-2.183239,DEU,MRT,401199
4051633,71,148,6797,2002,586349.0,0.0,1.012246,2.049594,ESP,MRT,401199
4051634,77,148,6797,2002,10860.0,0.0,1.569367,0.9886360000000001,FRA,MRT,401199
4051635,83,148,6797,2002,0.0,8959.0,-1.333425,-1.0709879999999998,GHA,MRT,401199
4051636,102,148,6797,2002,1490.0,0.0,1.179684,1.0574860000000001,HUN,MRT,401199
4051637,114,148,6797,2002,704074.0,0.0,2.556057,0.497673,JPN,MRT,401199
4051638,231,148,6797,2002,135868.0,0.0,1.821594,0.231296,USA,MRT,401199
4051639,250,148,6797,2002,108266.0,0.0,0.734927,-0.40114099999999997,ANS,MRT,401199
4051640,14,151,6797,2002,18235.0,0.0,0.231386,0.771628,AUS,MUS,401199
4051641,18,151,6797,2002,874.0,0.0,1.4097469999999999,1.440169,BEL,MUS,401199
4051642,32,151,6797,2002,50710.0,0.0,0.677883,1.0227190000000002,BRA,MUS,401199
4051643,37,151,6797,2002,0.0,464169.0,-0.14025,-1.018399,BWA,MUS,401199
4051644,43,151,6797,2002,12885.0,0.0,0.576746,2.7995520000000003,CHN,MUS,401199
4051645,59,151,6797,2002,1810.0,0.0,1.550713,1.037066,CZE,MUS,401199
4051646,61,151,6797,2002,5195.0,0.0,2.297691,-2.183239,DEU,MUS,401199
4051647,71,151,6797,2002,3768.0,0.0,1.012246,2.049594,ESP,MUS,401199
4051648,77,151,6797,2002,2558.0,0.0,1.569367,0.9886360000000001,FRA,MUS,401199
4051649,81,151,6797,2002,6960.0,0.0,1.893177,0.831382,GBR,MUS,401199
4051650,103,151,6797,2002,24755.0,0.0,-0.10020499999999999,1.590314,IDN,MUS,401199
4051651,104,151,6797,2002,23493.0,0.0,0.380867,2.608955,IND,MUS,401199
4051652,110,151,6797,2002,35333.0,0.0,1.334174,0.654331,ISR,MUS,401199
4051653,111,151,6797,2002,1229.0,0.0,1.377604,1.2470510000000001,ITA,MUS,401199
4051654,114,151,6797,2002,13260.0,0.0,2.556057,0.497673,JPN,MUS,401199
4051655,131,151,6797,2002,15273.0,0.0,1.605378,1.152973,LUX,MUS,401199
4051656,147,151,6797,2002,0.0,12334.0,-0.947259,-1.047883,MOZ,MUS,401199
4051657,162,151,6797,2002,2614.0,0.0,1.206176,1.7136360000000002,NLD,MUS,401199
4051658,192,151,6797,2002,20155.0,0.0,1.481857,0.648889,SGP,MUS,401199
4051659,211,151,6797,2002,0.0,2438.0,-0.977247,-0.927527,SYC,MUS,401199
4051660,231,151,6797,2002,3335.0,0.0,1.821594,0.231296,USA,MUS,401199
4051661,246,151,6797,2002,70402.0,0.0,0.395943,2.392458,ZAF,MUS,401199
4051662,249,151,6797,2002,16319.0,0.0,1.683858,1.333601,TWN,MUS,401199
4051663,77,154,6797,2002,59823.0,0.0,1.569367,0.9886360000000001,FRA,MYT,401199
4051664,14,156,6797,2002,68335.0,0.0,0.231386,0.771628,AUS,NCL,401199
4051665,18,156,6797,2002,1206.0,0.0,1.4097469999999999,1.440169,BEL,NCL,401199
4051666,43,156,6797,2002,312.0,0.0,0.576746,2.7995520000000003,CHN,NCL,401199
4051667,61,156,6797,2002,2621.0,0.0,2.297691,-2.183239,DEU,NCL,401199
4051668,71,156,6797,2002,55796.0,0.0,1.012246,2.049594,ESP,NCL,401199
4051669,77,156,6797,2002,30622.0,0.0,1.569367,0.9886360000000001,FRA,NCL,401199
4051670,81,156,6797,2002,3493.0,0.0,1.893177,0.831382,GBR,NCL,401199
4051671,103,156,6797,2002,1126.0,0.0,-0.10020499999999999,1.590314,IDN,NCL,401199
4051672,111,156,6797,2002,25127.0,0.0,1.377604,1.2470510000000001,ITA,NCL,401199
4051673,114,156,6797,2002,71313.0,0.0,2.556057,0.497673,JPN,NCL,401199
4051674,121,156,6797,2002,10153.0,0.0,1.186816,1.075947,KOR,NCL,401199
4051675,131,156,6797,2002,9472.0,0.0,1.605378,1.152973,LUX,NCL,401199
4051676,166,156,6797,2002,3280.0,0.0,0.542585,0.854243,NZL,NCL,401199
4051677,208,156,6797,2002,697.0,0.0,2.128614,0.7891199999999999,SWE,NCL,401199
4051678,216,156,6797,2002,7509.0,0.0,0.432041,1.627953,THA,NCL,401199
4051679,231,156,6797,2002,828.0,0.0,1.821594,0.231296,USA,NCL,401199
4051680,241,156,6797,2002,0.0,1345.0,0.5689420000000001,-0.737647,WLF,NCL,401199
4051681,249,156,6797,2002,1121.0,0.0,1.683858,1.333601,TWN,NCL,401199
4051682,43,157,6797,2002,2466.0,0.0,0.576746,2.7995520000000003,CHN,NER,401199
4051683,61,157,6797,2002,5466.0,0.0,2.297691,-2.183239,DEU,NER,401199
4051684,66,157,6797,2002,18163.0,0.0,-0.912033,-1.1731850000000001,DZA,NER,401199
4051685,77,157,6797,2002,454363.0,0.0,1.569367,0.9886360000000001,FRA,NER,401199
4051686,159,157,6797,2002,831.0,0.0,-1.8315700000000001,-1.25171,NGA,NER,401199
4051687,162,157,6797,2002,31354.0,0.0,1.206176,1.7136360000000002,NLD,NER,401199
4051688,223,157,6797,2002,18894.0,0.0,-0.221951,0.325506,TUN,NER,401199
4051689,7,187,6797,2002,2495.0,0.0,0.044683,-0.247191,ARE,RWA,401199
4051690,18,187,6797,2002,2340.0,0.0,1.4097469999999999,1.440169,BEL,RWA,401199
4051691,43,187,6797,2002,651.0,0.0,0.576746,2.7995520000000003,CHN,RWA,401199
4051692,61,187,6797,2002,5254.0,0.0,2.297691,-2.183239,DEU,RWA,401199
4051693,77,187,6797,2002,18759.0,0.0,1.569367,0.9886360000000001,FRA,RWA,401199
4051694,81,187,6797,2002,1442.0,0.0,1.893177,0.831382,GBR,RWA,401199
4051695,246,187,6797,2002,30217.0,0.0,0.395943,2.392458,ZAF,RWA,401199
4051696,18,196,6797,2002,2160.0,0.0,1.4097469999999999,1.440169,BEL,SLE,401199
4051697,43,196,6797,2002,4202.0,0.0,0.576746,2.7995520000000003,CHN,SLE,401199
4051698,104,196,6797,2002,0.0,25332.0,0.380867,2.608955,IND,SLE,401199
4051699,162,196,6797,2002,2550.0,0.0,1.206176,1.7136360000000002,NLD,SLE,401199
4051700,43,199,6797,2002,6936.0,0.0,0.576746,2.7995520000000003,CHN,SOM,401199
4051701,216,209,6797,2002,853.0,0.0,0.432041,1.627953,THA,SWZ,401199
4051702,246,209,6797,2002,242316.0,694.0,0.395943,2.392458,ZAF,SWZ,401199
4051703,7,211,6797,2002,1250.0,0.0,0.044683,-0.247191,ARE,SYC,401199
4051704,77,211,6797,2002,1689.0,0.0,1.569367,0.9886360000000001,FRA,SYC,401199
4051705,81,211,6797,2002,13481.0,0.0,1.893177,0.831382,GBR,SYC,401199
4051706,111,211,6797,2002,6223.0,0.0,1.377604,1.2470510000000001,ITA,SYC,401199
4051707,114,211,6797,2002,3459.0,0.0,2.556057,0.497673,JPN,SYC,401199
4051708,116,211,6797,2002,5295.0,0.0,-0.555812,0.169204,KEN,SYC,401199
4051709,151,211,6797,2002,2438.0,0.0,-0.37937600000000005,-0.388848,MUS,SYC,401199
4051710,153,211,6797,2002,3879.0,0.0,0.704957,0.243398,MYS,SYC,401199
4051711,192,211,6797,2002,83779.0,0.0,1.481857,0.648889,SGP,SYC,401199
4051712,246,211,6797,2002,1500.0,0.0,0.395943,2.392458,ZAF,SYC,401199
4051713,186,217,6797,2002,303823.0,0.0,1.109397,0.424229,RUS,TJK,401199
4051714,14,242,6797,2002,1103.0,0.0,0.231386,0.771628,AUS,WSM,401199
4051715,166,242,6797,2002,16519.0,0.0,0.542585,0.854243,NZL,WSM,401199
4051716,32,243,6797,2002,26419.0,0.0,0.677883,1.0227190000000002,BRA,YEM,401199
4051717,43,243,6797,2002,470582.0,0.0,0.576746,2.7995520000000003,CHN,YEM,401199
4051718,61,243,6797,2002,2000.0,0.0,2.297691,-2.183239,DEU,YEM,401199
4051719,68,243,6797,2002,0.0,8244.0,-0.377127,0.549439,EGY,YEM,401199
4051720,81,243,6797,2002,1119.0,0.0,1.893177,0.831382,GBR,YEM,401199
4051721,103,243,6797,2002,120224.0,0.0,-0.10020499999999999,1.590314,IDN,YEM,401199
4051722,114,243,6797,2002,3831.0,0.0,2.556057,0.497673,JPN,YEM,401199
4051723,121,243,6797,2002,70205.0,0.0,1.186816,1.075947,KOR,YEM,401199
4051724,173,243,6797,2002,20803.0,0.0,-0.6126199999999999,0.085944,PER,YEM,401199
4051725,228,243,6797,2002,2730.0,0.0,0.835485,0.872135,UKR,YEM,401199
4051726,18,2,6797,2002,99703.0,0.0,1.4097469999999999,1.440169,BEL,AGO,401199
4051727,32,2,6797,2002,132620.0,0.0,0.677883,1.0227190000000002,BRA,AGO,401199
4051728,43,2,6797,2002,3985.0,0.0,0.576746,2.7995520000000003,CHN,AGO,401199
4051729,61,2,6797,2002,209000.0,0.0,2.297691,-2.183239,DEU,AGO,401199
4051730,64,2,6797,2002,1402.0,0.0,1.26594,1.225186,DNK,AGO,401199
4051731,77,2,6797,2002,30226.0,0.0,1.569367,0.9886360000000001,FRA,AGO,401199
4051732,81,2,6797,2002,2444.0,0.0,1.893177,0.831382,GBR,AGO,401199
4051733,111,2,6797,2002,283758.0,0.0,1.377604,1.2470510000000001,ITA,AGO,401199
4051734,155,2,6797,2002,14699.0,0.0,-0.314161,-0.521778,NAM,AGO,401199
4051735,162,2,6797,2002,39712.0,0.0,1.206176,1.7136360000000002,NLD,AGO,401199
4051736,163,2,6797,2002,4846.0,0.0,1.110882,0.17164100000000002,NOR,AGO,401199
4051737,179,2,6797,2002,376331.0,0.0,0.484407,1.6500080000000001,PRT,AGO,401199
4051738,186,2,6797,2002,8366.0,0.0,1.109397,0.424229,RUS,AGO,401199
4051739,231,2,6797,2002,5779.0,0.0,1.821594,0.231296,USA,AGO,401199
4051740,246,2,6797,2002,113584.0,0.0,0.395943,2.392458,ZAF,AGO,401199
4051741,18,46,6797,2002,71648.0,4389.0,1.4097469999999999,1.440169,BEL,COD,401199
4051742,61,46,6797,2002,6000.0,0.0,2.297691,-2.183239,DEU,COD,401199
4051743,77,46,6797,2002,1890.0,0.0,1.569367,0.9886360000000001,FRA,COD,401199
4051744,246,46,6797,2002,8739.0,0.0,0.395943,2.392458,ZAF,COD,401199
4051745,18,47,6797,2002,1967.0,0.0,1.4097469999999999,1.440169,BEL,COG,401199
4051746,43,47,6797,2002,37467.0,0.0,0.576746,2.7995520000000003,CHN,COG,401199
4051747,77,47,6797,2002,305109.0,0.0,1.569367,0.9886360000000001,FRA,COG,401199
4051748,111,47,6797,2002,2977.0,0.0,1.377604,1.2470510000000001,ITA,COG,401199
4051749,114,47,6797,2002,39203.0,0.0,2.556057,0.497673,JPN,COG,401199
4051750,246,47,6797,2002,36512.0,0.0,0.395943,2.392458,ZAF,COG,401199
4051751,18,78,6797,2002,1257.0,0.0,1.4097469999999999,1.440169,BEL,FRO,401199
4051752,22,78,6797,2002,525.0,0.0,-1.134933,-1.061633,BGD,FRO,401199
4051753,43,78,6797,2002,7132.0,0.0,0.576746,2.7995520000000003,CHN,FRO,401199
4051754,61,78,6797,2002,2161.0,0.0,2.297691,-2.183239,DEU,FRO,401199
4051755,64,78,6797,2002,92766.0,0.0,1.26594,1.225186,DNK,FRO,401199
4051756,71,78,6797,2002,2478.0,0.0,1.012246,2.049594,ESP,FRO,401199
4051757,77,78,6797,2002,1734.0,0.0,1.569367,0.9886360000000001,FRA,FRO,401199
4051758,81,78,6797,2002,8852.0,0.0,1.893177,0.831382,GBR,FRO,401199
4051759,111,78,6797,2002,0.0,459.0,1.377604,1.2470510000000001,ITA,FRO,401199
4051760,114,78,6797,2002,5593.0,0.0,2.556057,0.497673,JPN,FRO,401199
4051761,121,78,6797,2002,5307.0,0.0,1.186816,1.075947,KOR,FRO,401199
4051762,159,78,6797,2002,0.0,7540.0,-1.8315700000000001,-1.25171,NGA,FRO,401199
4051763,177,78,6797,2002,1362.0,0.0,0.931642,1.721727,POL,FRO,401199
4051764,178,78,6797,2002,1330.0,0.0,0.43756999999999996,0.744264,PRK,FRO,401199
4051765,208,78,6797,2002,855.0,0.0,2.128614,0.7891199999999999,SWE,FRO,401199
4051766,231,78,6797,2002,732.0,0.0,1.821594,0.231296,USA,FRO,401199
4051767,43,89,6797,2002,36592.0,0.0,0.576746,2.7995520000000003,CHN,GNQ,401199
4051768,71,89,6797,2002,108243.0,0.0,1.012246,2.049594,ESP,GNQ,401199
4051769,77,89,6797,2002,41611.0,0.0,1.569367,0.9886360000000001,FRA,GNQ,401199
4051770,81,89,6797,2002,8516.0,0.0,1.893177,0.831382,GBR,GNQ,401199
4051771,110,89,6797,2002,12000.0,0.0,1.334174,0.654331,ISR,GNQ,401199
4051772,111,89,6797,2002,2076.0,0.0,1.377604,1.2470510000000001,ITA,GNQ,401199
4051773,42,101,6797,2002,89914.0,0.0,-0.035264,-0.101796,CHL,HTI,401199
4051774,173,101,6797,2002,42345.0,0.0,-0.6126199999999999,0.085944,PER,HTI,401199
4051775,231,101,6797,2002,24245.0,0.0,1.821594,0.231296,USA,HTI,401199
4051776,22,125,6797,2002,0.0,67.0,-1.134933,-1.061633,BGD,LBR,401199
4051777,44,125,6797,2002,40805.0,0.0,-0.816327,-0.711765,CIV,LBR,401199
4051778,61,125,6797,2002,0.0,3350.0,2.297691,-2.183239,DEU,LBR,401199
4051779,121,125,6797,2002,16801.0,0.0,1.186816,1.075947,KOR,LBR,401199
4051780,39,127,6797,2002,6444.0,0.0,0.9963280000000001,1.1922110000000001,CAN,LCA,401199
4051781,43,127,6797,2002,2589.0,0.0,0.576746,2.7995520000000003,CHN,LCA,401199
4051782,77,127,6797,2002,5586.0,0.0,1.569367,0.9886360000000001,FRA,LCA,401199
4051783,81,127,6797,2002,14420.0,0.0,1.893177,0.831382,GBR,LCA,401199
4051784,91,127,6797,2002,2976.0,0.0,0.552833,-0.283761,GRD,LCA,401199
4051785,112,127,6797,2002,5731.0,0.0,-0.604813,-0.9309860000000001,JAM,LCA,401199
4051786,222,127,6797,2002,2867.0,0.0,0.074907,-0.8203879999999999,TTO,LCA,401199
4051787,231,127,6797,2002,11490.0,0.0,1.821594,0.231296,USA,LCA,401199
4051788,249,127,6797,2002,2373.0,0.0,1.683858,1.333601,TWN,LCA,401199
4051789,14,182,6797,2002,3273.0,0.0,0.231386,0.771628,AUS,PYF,401199
4051790,43,182,6797,2002,404.0,0.0,0.576746,2.7995520000000003,CHN,PYF,401199
4051791,61,182,6797,2002,10051.0,0.0,2.297691,-2.183239,DEU,PYF,401199
4051792,71,182,6797,2002,62717.0,0.0,1.012246,2.049594,ESP,PYF,401199
4051793,77,182,6797,2002,7441.0,0.0,1.569367,0.9886360000000001,FRA,PYF,401199
4051794,81,182,6797,2002,2622.0,0.0,1.893177,0.831382,GBR,PYF,401199
4051795,102,182,6797,2002,1155.0,0.0,1.179684,1.0574860000000001,HUN,PYF,401199
4051796,110,182,6797,2002,1816.0,0.0,1.334174,0.654331,ISR,PYF,401199
4051797,111,182,6797,2002,31856.0,0.0,1.377604,1.2470510000000001,ITA,PYF,401199
4051798,114,182,6797,2002,6353.0,0.0,2.556057,0.497673,JPN,PYF,401199
4051799,121,182,6797,2002,17455.0,0.0,1.186816,1.075947,KOR,PYF,401199
4051800,166,182,6797,2002,13301.0,0.0,0.542585,0.854243,NZL,PYF,401199
4051801,216,182,6797,2002,498.0,0.0,0.432041,1.627953,THA,PYF,401199
4051802,231,182,6797,2002,5005.0,0.0,1.821594,0.231296,USA,PYF,401199
4051803,246,182,6797,2002,716.0,0.0,0.395943,2.392458,ZAF,PYF,401199
4051804,249,182,6797,2002,845.0,0.0,1.683858,1.333601,TWN,PYF,401199
4051805,14,220,6797,2002,35986.0,0.0,0.231386,0.771628,AUS,TLS,401199
4051806,51,220,6797,2002,0.0,1199.0,-0.29720100000000005,-0.703051,CPV,TLS,401199
4051807,61,232,6797,2002,33000.0,0.0,2.297691,-2.183239,DEU,UZB,401199
4051808,77,232,6797,2002,1890.0,0.0,1.569367,0.9886360000000001,FRA,UZB,401199
4051809,81,232,6797,2002,18947.0,0.0,1.893177,0.831382,GBR,UZB,401199
4051810,114,232,6797,2002,5187486.0,0.0,2.556057,0.497673,JPN,UZB,401199
4051811,186,232,6797,2002,2406136.0,0.0,1.109397,0.424229,RUS,UZB,401199
4051812,224,232,6797,2002,5906.0,0.0,0.11263699999999999,1.83925,TUR,UZB,401199
4051813,228,232,6797,2002,181346.0,0.0,0.835485,0.872135,UKR,UZB,401199
4051814,8,250,6797,2002,0.0,1983.0,0.284536,0.517425,ARG,ANS,401199
4051815,23,250,6797,2002,593516.0,0.0,0.37451100000000004,1.573517,BGR,ANS,401199
4051816,31,250,6797,2002,0.0,37967.0,-0.885342,-0.819517,BOL,ANS,401199
4051817,42,250,6797,2002,0.0,149061.0,-0.035264,-0.101796,CHL,ANS,401199
4051818,43,250,6797,2002,5270.0,0.0,0.576746,2.7995520000000003,CHN,ANS,401199
4051819,45,250,6797,2002,0.0,88062.0,-1.114477,-1.0516510000000001,CMR,ANS,401199
4051820,49,250,6797,2002,0.0,138315.0,0.345094,0.37787800000000005,COL,ANS,401199
4051821,59,250,6797,2002,74589.0,32324.0,1.550713,1.037066,CZE,ANS,401199
4051822,61,250,6797,2002,6997.0,2530.0,2.297691,-2.183239,DEU,ANS,401199
4051823,65,250,6797,2002,0.0,8548.0,-0.46284899999999995,-0.39210100000000003,DOM,ANS,401199
4051824,68,250,6797,2002,0.0,81045.0,-0.377127,0.549439,EGY,ANS,401199
4051825,72,250,6797,2002,0.0,193295.0,0.54511,0.9135979999999999,EST,ANS,401199
4051826,77,250,6797,2002,0.0,81193.0,1.569367,0.9886360000000001,FRA,ANS,401199
4051827,92,250,6797,2002,0.0,27733.0,-0.592221,-0.8956799999999999,GRL,ANS,401199
4051828,99,250,6797,2002,0.0,6718.0,-0.877043,-0.658185,HND,ANS,401199
4051829,104,250,6797,2002,76101.0,67651.0,0.380867,2.608955,IND,ANS,401199
4051830,110,250,6797,2002,31000.0,0.0,1.334174,0.654331,ISR,ANS,401199
4051831,113,250,6797,2002,13603.0,0.0,0.24197600000000002,0.196635,JOR,ANS,401199
4051832,136,250,6797,2002,0.0,23540.0,-1.120167,-0.43338699999999997,MDG,ANS,401199
4051833,148,250,6797,2002,0.0,108266.0,-1.27671,-1.218472,MRT,ANS,401199
4051834,153,250,6797,2002,0.0,549812.0,0.704957,0.243398,MYS,ANS,401199
4051835,169,250,6797,2002,0.0,7601.0,0.134759,0.234258,PAN,ANS,401199
4051836,185,250,6797,2002,0.0,61181.0,0.29888200000000004,0.980376,ROU,ANS,401199
4051837,186,250,6797,2002,8535.0,0.0,1.109397,0.424229,RUS,ANS,401199
4051838,223,250,6797,2002,343850.0,0.0,-0.221951,0.325506,TUN,ANS,401199
4051839,224,250,6797,2002,301148.0,92934.0,0.11263699999999999,1.83925,TUR,ANS,401199
4051840,241,250,6797,2002,0.0,7705.0,0.5689420000000001,-0.737647,WLF,ANS,401199
4051841,249,250,6797,2002,6006.0,0.0,1.683858,1.333601,TWN,ANS,401199
4051842,71,84,6797,2002,4271.0,0.0,1.012246,2.049594,ESP,GIB,401199
4051843,74,84,6797,2002,32008.0,0.0,2.0234240000000003,0.979141,FIN,GIB,401199
4051844,77,219,6797,2002,207772.0,0.0,1.569367,0.9886360000000001,FRA,TKM,401199
4051845,107,219,6797,2002,2800.0,0.0,-0.5707840000000001,-0.705612,IRN,TKM,401199
4051846,115,219,6797,2002,0.0,4001.0,-0.065332,-0.616159,KAZ,TKM,401199
4051847,186,219,6797,2002,262045.0,0.0,1.109397,0.424229,RUS,TKM,401199
4051848,224,219,6797,2002,28403.0,0.0,0.11263699999999999,1.83925,TUR,TKM,401199
4051849,228,219,6797,2002,80712.0,0.0,0.835485,0.872135,UKR,TKM,401199
4051850,32,237,6797,2002,1758.0,0.0,0.677883,1.0227190000000002,BRA,VGB,401199
4051851,43,221,6797,2002,918.0,0.0,0.576746,2.7995520000000003,CHN,TON,401199
4051852,166,221,6797,2002,7895.0,0.0,0.542585,0.854243,NZL,TON,401199
4051853,166,10,6797,2002,96390.0,0.0,0.542585,0.854243,NZL,ASM,401199
4051854,25,30,6797,2002,0.0,10179.0,0.641626,-0.37892800000000004,BHS,BMU,401199
4051855,81,30,6797,2002,23214.0,0.0,1.893177,0.831382,GBR,BMU,401199
4051856,93,30,6797,2002,0.0,31717.0,-0.548834,-0.034464999999999996,GTM,BMU,401199
4051857,231,30,6797,2002,69492.0,0.0,1.821594,0.231296,USA,BMU,401199
4051858,249,30,6797,2002,4524.0,0.0,1.683858,1.333601,TWN,BMU,401199
4051859,77,38,6797,2002,49916.0,0.0,1.569367,0.9886360000000001,FRA,CAF,401199
4051860,14,40,6797,2002,2469.0,0.0,0.231386,0.771628,AUS,CCK,401199
4051861,166,48,6797,2002,23685.0,0.0,0.542585,0.854243,NZL,COK,401199
4051862,192,56,6797,2002,1029.0,0.0,1.481857,0.648889,SGP,CXR,401199
4051863,52,57,6797,2002,2100.0,0.0,0.03619,-0.187718,CRI,CYM,401199
4051864,81,57,6797,2002,1973.0,0.0,1.893177,0.831382,GBR,CYM,401199
4051865,112,57,6797,2002,4023.0,0.0,-0.604813,-0.9309860000000001,JAM,CYM,401199
4051866,114,57,6797,2002,7062.0,0.0,2.556057,0.497673,JPN,CYM,401199
4051867,231,57,6797,2002,13256.0,0.0,1.821594,0.231296,USA,CYM,401199
4051868,43,62,6797,2002,6937.0,0.0,0.576746,2.7995520000000003,CHN,DJI,401199
4051869,103,62,6797,2002,50613.0,0.0,-0.10020499999999999,1.590314,IDN,DJI,401199
4051870,104,62,6797,2002,107784.0,0.0,0.380867,2.608955,IND,DJI,401199
4051871,114,62,6797,2002,347313.0,0.0,2.556057,0.497673,JPN,DJI,401199
4051872,192,62,6797,2002,5799.0,0.0,1.481857,0.648889,SGP,DJI,401199
4051873,231,62,6797,2002,66304.0,0.0,1.821594,0.231296,USA,DJI,401199
4051874,110,69,6797,2002,31000.0,0.0,1.334174,0.654331,ISR,ERI,401199
4051875,111,69,6797,2002,2808.0,0.0,1.377604,1.2470510000000001,ITA,ERI,401199
4051876,114,69,6797,2002,22104.0,0.0,2.556057,0.497673,JPN,ERI,401199
4051877,81,76,6797,2002,2868.0,0.0,1.893177,0.831382,GBR,FLK,401199
4051878,114,79,6797,2002,1823.0,0.0,2.556057,0.497673,JPN,FSM,401199
4051879,121,79,6797,2002,1821.0,0.0,1.186816,1.075947,KOR,FSM,401199
4051880,114,95,6797,2002,78229.0,0.0,2.556057,0.497673,JPN,GUM,401199
4051881,121,95,6797,2002,61383.0,0.0,1.186816,1.075947,KOR,GUM,401199
4051882,14,119,6797,2002,7417.0,0.0,0.231386,0.771628,AUS,KIR,401199
4051883,192,119,6797,2002,44871.0,0.0,1.481857,0.648889,SGP,KIR,401199
4051884,43,123,6797,2002,29419.0,0.0,0.576746,2.7995520000000003,CHN,LAO,401199
4051885,216,123,6797,2002,48041.0,0.0,0.432041,1.627953,THA,LAO,401199
4051886,114,139,6797,2002,1743.0,0.0,2.556057,0.497673,JPN,MHL,401199
4051887,28,145,6797,2002,33341.0,0.0,0.825865,1.0148979999999999,BLR,MNG,401199
4051888,43,145,6797,2002,311130.0,0.0,0.576746,2.7995520000000003,CHN,MNG,401199
4051889,114,145,6797,2002,1130742.0,0.0,2.556057,0.497673,JPN,MNG,401199
4051890,121,145,6797,2002,0.0,10408.0,1.186816,1.075947,KOR,MNG,401199
4051891,186,145,6797,2002,368226.0,0.0,1.109397,0.424229,RUS,MNG,401199
4051892,231,145,6797,2002,205200.0,0.0,1.821594,0.231296,USA,MNG,401199
4051893,114,146,6797,2002,36052.0,0.0,2.556057,0.497673,JPN,MNP,401199
4051894,14,158,6797,2002,8273.0,0.0,0.231386,0.771628,AUS,NFK,401199
4051895,103,164,6797,2002,1948.0,0.0,-0.10020499999999999,1.590314,IDN,NPL,401199
4051896,104,164,6797,2002,91729.0,4787.0,0.380867,2.608955,IND,NPL,401199
4051897,14,165,6797,2002,10045.0,0.0,0.231386,0.771628,AUS,NRU,401199
4051898,114,175,6797,2002,6534.0,0.0,2.556057,0.497673,JPN,PLW,401199
4051899,249,175,6797,2002,4702.0,0.0,1.683858,1.333601,TWN,PLW,401199
4051900,14,195,6797,2002,21658.0,0.0,0.231386,0.771628,AUS,SLB,401199
4051901,192,195,6797,2002,21080.0,0.0,1.481857,0.648889,SGP,SLB,401199
4051902,249,195,6797,2002,8668.0,0.0,1.683858,1.333601,TWN,SLB,401199
4051903,45,214,6797,2002,29292.0,0.0,-1.114477,-1.0516510000000001,CMR,TCD,401199
4051904,77,214,6797,2002,86910.0,0.0,1.569367,0.9886360000000001,FRA,TCD,401199
4051905,162,214,6797,2002,2839.0,0.0,1.206176,1.7136360000000002,NLD,TCD,401199
4051906,75,225,6797,2002,1070.0,0.0,-0.588136,-0.242883,FJI,TUV,401199
4051907,208,225,6797,2002,0.0,15173.0,2.128614,0.7891199999999999,SWE,TUV,401199
4051908,14,240,6797,2002,6039.0,0.0,0.231386,0.771628,AUS,VUT,401199
4051909,114,240,6797,2002,2007.0,0.0,2.556057,0.497673,JPN,VUT,401199
4051910,121,240,6797,2002,7620.0,0.0,1.186816,1.075947,KOR,VUT,401199
4051911,166,240,6797,2002,3490.0,0.0,0.542585,0.854243,NZL,VUT,401199
4051912,14,241,6797,2002,2284.0,0.0,0.231386,0.771628,AUS,WLF,401199
4051913,77,241,6797,2002,1476.0,0.0,1.569367,0.9886360000000001,FRA,WLF,401199
4051914,156,241,6797,2002,1345.0,0.0,-0.292646,-0.823263,NCL,WLF,401199
4051915,250,241,6797,2002,7705.0,0.0,0.734927,-0.40114099999999997,ANS,WLF,401199
4051916,71,5,6797,2002,16926.0,0.0,1.012246,2.049594,ESP,AND,401199
4051917,77,5,6797,2002,3753.0,0.0,1.569367,0.9886360000000001,FRA,AND,401199
4051918,64,92,6797,2002,110513.0,0.0,1.26594,1.225186,DNK,GRL,401199
4051919,250,92,6797,2002,27733.0,0.0,0.734927,-0.40114099999999997,ANS,GRL,401199
4051920,104,213,6797,2002,10010.0,0.0,0.380867,2.608955,IND,TCA,401199
4051921,231,213,6797,2002,231875.0,3382.0,1.821594,0.231296,USA,TCA,401199
4051922,71,88,6797,2002,25914.0,0.0,1.012246,2.049594,ESP,GNB,401199
4051923,111,88,6797,2002,13305.0,0.0,1.377604,1.2470510000000001,ITA,GNB,401199
4051924,114,88,6797,2002,37939.0,0.0,2.556057,0.497673,JPN,GNB,401199
4051925,179,88,6797,2002,7588.0,0.0,0.484407,1.6500080000000001,PRT,GNB,401199
4051926,191,88,6797,2002,2162.0,0.0,-0.43679700000000005,-0.484176,SEN,GNB,401199
4051927,177,105,6797,2002,194000.0,0.0,0.931642,1.721727,POL,IOT,401199
4051928,39,200,6797,2002,13517.0,0.0,0.9963280000000001,1.1922110000000001,CAN,SPM,401199
4051929,41,218,6797,2002,0.0,9763.0,2.218095,0.620946,CHE,TKL,401199
4051930,77,218,6797,2002,0.0,3024.0,1.569367,0.9886360000000001,FRA,TKL,401199
4051931,231,218,6797,2002,0.0,31292.0,1.821594,0.231296,USA,TKL,401199
4051932,239,218,6797,2002,20000.0,0.0,-0.589665,0.799874,VNM,TKL,401199
4051933,81,194,6797,2002,3561.0,0.0,1.893177,0.831382,GBR,SHN,401199
4051934,246,194,6797,2002,4733.0,0.0,0.395943,2.392458,ZAF,SHN,401199
4051935,166,161,6797,2002,4992.0,0.0,0.542585,0.854243,NZL,NIU,401199
4051936,52,6,8854,2002,1005.0,0.0,0.03619,-0.187718,CRI,ANT,841899
4051937,61,6,8854,2002,7000.0,0.0,2.297691,-2.183239,DEU,ANT,841899
4051938,64,6,8854,2002,15063.0,0.0,1.26594,1.225186,DNK,ANT,841899
4051939,77,6,8854,2002,5676.0,0.0,1.569367,0.9886360000000001,FRA,ANT,841899
4051940,111,6,8854,2002,11522.0,0.0,1.377604,1.2470510000000001,ITA,ANT,841899
4051941,162,6,8854,2002,38783.0,0.0,1.206176,1.7136360000000002,NLD,ANT,841899
4051942,208,6,8854,2002,7731.0,0.0,2.128614,0.7891199999999999,SWE,ANT,841899
4051943,216,6,8854,2002,10119.0,0.0,0.432041,1.627953,THA,ANT,841899
4051944,222,6,8854,2002,64553.0,0.0,0.074907,-0.8203879999999999,TTO,ANT,841899
4051945,231,6,8854,2002,1175769.0,0.0,1.821594,0.231296,USA,ANT,841899
4051946,77,13,8854,2002,8515.0,0.0,1.569367,0.9886360000000001,FRA,ATG,841899
4051947,111,13,8854,2002,1604.0,0.0,1.377604,1.2470510000000001,ITA,ATG,841899
4051948,222,13,8854,2002,53798.0,0.0,0.074907,-0.8203879999999999,TTO,ATG,841899
4051949,231,13,8854,2002,31912.0,0.0,1.821594,0.231296,USA,ATG,841899
4051950,7,15,8854,2002,0.0,4599.0,0.044683,-0.247191,ARE,AUT,841899
4051951,14,15,8854,2002,31174.0,3114.0,0.231386,0.771628,AUS,AUT,841899
4051952,18,15,8854,2002,694654.0,230582.0,1.4097469999999999,1.440169,BEL,AUT,841899
4051953,23,15,8854,2002,14868.0,714445.0,0.37451100000000004,1.573517,BGR,AUT,841899
4051954,24,15,8854,2002,0.0,2972.0,-0.146585,-1.006558,BHR,AUT,841899
4051955,26,15,8854,2002,0.0,174397.0,0.26339,0.30287,BIH,AUT,841899
4051956,28,15,8854,2002,1604.0,2751.0,0.825865,1.0148979999999999,BLR,AUT,841899
4051957,32,15,8854,2002,0.0,121260.0,0.677883,1.0227190000000002,BRA,AUT,841899
4051958,41,15,8854,2002,125345.0,343386.0,2.218095,0.620946,CHE,AUT,841899
4051959,42,15,8854,2002,0.0,3213.0,-0.035264,-0.101796,CHL,AUT,841899
4051960,43,15,8854,2002,7350.0,25968.0,0.576746,2.7995520000000003,CHN,AUT,841899
4051961,58,15,8854,2002,0.0,2944.0,0.381391,0.40265,CYP,AUT,841899
4051962,59,15,8854,2002,1398830.0,2285758.0,1.550713,1.037066,CZE,AUT,841899
4051963,61,15,8854,2002,16489007.0,9500721.0,2.297691,-2.183239,DEU,AUT,841899
4051964,64,15,8854,2002,1358810.0,23346.0,1.26594,1.225186,DNK,AUT,841899
4051965,66,15,8854,2002,0.0,101190.0,-0.912033,-1.1731850000000001,DZA,AUT,841899
4051966,68,15,8854,2002,0.0,1539.0,-0.377127,0.549439,EGY,AUT,841899
4051967,71,15,8854,2002,34338.0,313679.0,1.012246,2.049594,ESP,AUT,841899
4051968,74,15,8854,2002,2838.0,6363.0,2.0234240000000003,0.979141,FIN,AUT,841899
4051969,77,15,8854,2002,1326894.0,634685.0,1.569367,0.9886360000000001,FRA,AUT,841899
4051970,81,15,8854,2002,146994.0,218473.0,1.893177,0.831382,GBR,AUT,841899
4051971,90,15,8854,2002,1231.0,34180.0,0.31858000000000003,1.47417,GRC,AUT,841899
4051972,93,15,8854,2002,0.0,123357.0,-0.548834,-0.034464999999999996,GTM,AUT,841899
4051973,97,15,8854,2002,2076.0,67824.0,0.5701109999999999,1.989357,HKG,AUT,841899
4051974,100,15,8854,2002,9785.0,181022.0,0.591276,1.030723,HRV,AUT,841899
4051975,102,15,8854,2002,133812.0,297223.0,1.179684,1.0574860000000001,HUN,AUT,841899
4051976,103,15,8854,2002,0.0,8471.0,-0.10020499999999999,1.590314,IDN,AUT,841899
4051977,104,15,8854,2002,0.0,2072.0,0.380867,2.608955,IND,AUT,841899
4051978,106,15,8854,2002,17977.0,17770.0,1.7232880000000002,0.091172,IRL,AUT,841899
4051979,107,15,8854,2002,0.0,67770.0,-0.5707840000000001,-0.705612,IRN,AUT,841899
4051980,110,15,8854,2002,0.0,220474.0,1.334174,0.654331,ISR,AUT,841899
4051981,111,15,8854,2002,10550983.0,1187300.0,1.377604,1.2470510000000001,ITA,AUT,841899
4051982,113,15,8854,2002,0.0,24757.0,0.24197600000000002,0.196635,JOR,AUT,841899
4051983,114,15,8854,2002,395308.0,26020.0,2.556057,0.497673,JPN,AUT,841899
4051984,115,15,8854,2002,0.0,7545.0,-0.065332,-0.616159,KAZ,AUT,841899
4051985,121,15,8854,2002,2120.0,0.0,1.186816,1.075947,KOR,AUT,841899
4051986,122,15,8854,2002,0.0,5609.0,-0.6629550000000001,-1.157214,KWT,AUT,841899
4051987,124,15,8854,2002,0.0,4300.0,0.2729,1.254232,LBN,AUT,841899
4051988,126,15,8854,2002,0.0,35133.0,-0.568615,-1.172261,LBY,AUT,841899
4051989,130,15,8854,2002,1590.0,11190.0,0.23102399999999998,0.586078,LTU,AUT,841899
4051990,131,15,8854,2002,6648.0,64212.0,1.605378,1.152973,LUX,AUT,841899
4051991,132,15,8854,2002,0.0,12675.0,0.45210200000000006,0.515388,LVA,AUT,841899
4051992,134,15,8854,2002,0.0,123419.0,-0.810467,-0.34807899999999997,MAR,AUT,841899
4051993,135,15,8854,2002,0.0,3304.0,-0.186001,-0.141598,MDA,AUT,841899
4051994,138,15,8854,2002,1776.0,1084.0,0.942061,0.6311260000000001,MEX,AUT,841899
4051995,140,15,8854,2002,0.0,5107.0,-0.030274000000000002,0.359317,MKD,AUT,841899
4051996,142,15,8854,2002,0.0,2872.0,1.12245,0.019001,MLT,AUT,841899
4051997,145,15,8854,2002,0.0,2231.0,-0.895827,-0.9913799999999999,MNG,AUT,841899
4051998,153,15,8854,2002,0.0,15223.0,0.704957,0.243398,MYS,AUT,841899
4051999,155,15,8854,2002,0.0,1994.0,-0.314161,-0.521778,NAM,AUT,841899
4052000,159,15,8854,2002,0.0,5571.0,-1.8315700000000001,-1.25171,NGA,AUT,841899
4052001,162,15,8854,2002,1350211.0,606173.0,1.206176,1.7136360000000002,NLD,AUT,841899
4052002,163,15,8854,2002,124179.0,5411.0,1.110882,0.17164100000000002,NOR,AUT,841899
4052003,166,15,8854,2002,0.0,2245.0,0.542585,0.854243,NZL,AUT,841899
4052004,168,15,8854,2002,0.0,4959.0,-0.877655,-0.322094,PAK,AUT,841899
4052005,173,15,8854,2002,0.0,1926.0,-0.6126199999999999,0.085944,PER,AUT,841899
4052006,174,15,8854,2002,0.0,19766.0,0.055439999999999996,-0.179809,PHL,AUT,841899
4052007,177,15,8854,2002,1739.0,107913.0,0.931642,1.721727,POL,AUT,841899
4052008,179,15,8854,2002,13155.0,15544.0,0.484407,1.6500080000000001,PRT,AUT,841899
4052009,185,15,8854,2002,0.0,514035.0,0.29888200000000004,0.980376,ROU,AUT,841899
4052010,186,15,8854,2002,0.0,74646.0,1.109397,0.424229,RUS,AUT,841899
4052011,188,15,8854,2002,2153.0,0.0,0.082107,-0.843317,SAU,AUT,841899
4052012,189,15,8854,2002,0.0,764158.0,0.55781,2.135925,SCG,AUT,841899
4052013,190,15,8854,2002,0.0,240075.0,-1.499925,-1.228374,SDN,AUT,841899
4052014,192,15,8854,2002,3476.0,20336.0,1.481857,0.648889,SGP,AUT,841899
4052015,197,15,8854,2002,0.0,57078.0,-0.280138,-0.099225,SLV,AUT,841899
4052016,206,15,8854,2002,20090.0,99730.0,1.1907379999999999,1.050649,SVK,AUT,841899
4052017,207,15,8854,2002,423430.0,1623396.0,1.5643770000000001,1.043862,SVN,AUT,841899
4052018,208,15,8854,2002,81433.0,264041.0,2.128614,0.7891199999999999,SWE,AUT,841899
4052019,212,15,8854,2002,0.0,4949.0,-1.067974,-0.513309,SYR,AUT,841899
4052020,216,15,8854,2002,0.0,22447.0,0.432041,1.627953,THA,AUT,841899
4052021,224,15,8854,2002,1041065.0,275521.0,0.11263699999999999,1.83925,TUR,AUT,841899
4052022,228,15,8854,2002,0.0,40756.0,0.835485,0.872135,UKR,AUT,841899
4052023,231,15,8854,2002,201627.0,794597.0,1.821594,0.231296,USA,AUT,841899
4052024,236,15,8854,2002,0.0,1857.0,0.211536,-0.715675,VEN,AUT,841899
4052025,246,15,8854,2002,3117.0,44679.0,0.395943,2.392458,ZAF,AUT,841899
4052026,249,15,8854,2002,3019.0,23343.0,1.683858,1.333601,TWN,AUT,841899
4052027,5,18,8854,2002,0.0,1463.0,1.1751610000000001,0.8631700000000001,AND,BEL,841899
4052028,7,18,8854,2002,0.0,93354.0,0.044683,-0.247191,ARE,BEL,841899
4052029,8,18,8854,2002,1329.0,1062.0,0.284536,0.517425,ARG,BEL,841899
4052030,14,18,8854,2002,2897.0,240153.0,0.231386,0.771628,AUS,BEL,841899
4052031,15,18,8854,2002,230582.0,694654.0,1.8651200000000001,0.48423900000000003,AUT,BEL,841899
4052032,17,18,8854,2002,0.0,1955.0,-0.333602,-0.648837,BDI,BEL,841899
4052033,19,18,8854,2002,0.0,268887.0,-0.724829,-0.705625,BEN,BEL,841899
4052034,22,18,8854,2002,0.0,51999.0,-1.134933,-1.061633,BGD,BEL,841899
4052035,23,18,8854,2002,0.0,11894.0,0.37451100000000004,1.573517,BGR,BEL,841899
4052036,24,18,8854,2002,0.0,52228.0,-0.146585,-1.006558,BHR,BEL,841899
4052037,28,18,8854,2002,0.0,13308.0,0.825865,1.0148979999999999,BLR,BEL,841899
4052038,32,18,8854,2002,0.0,10064.0,0.677883,1.0227190000000002,BRA,BEL,841899
4052039,38,18,8854,2002,0.0,2663.0,-0.45315200000000005,-0.764876,CAF,BEL,841899
4052040,39,18,8854,2002,1076.0,36722.0,0.9963280000000001,1.1922110000000001,CAN,BEL,841899
4052041,41,18,8854,2002,90829.0,802113.0,2.218095,0.620946,CHE,BEL,841899
4052042,42,18,8854,2002,2672.0,90161.0,-0.035264,-0.101796,CHL,BEL,841899
4052043,43,18,8854,2002,59139.0,48455.0,0.576746,2.7995520000000003,CHN,BEL,841899
4052044,44,18,8854,2002,0.0,40110.0,-0.816327,-0.711765,CIV,BEL,841899
4052045,45,18,8854,2002,0.0,79479.0,-1.114477,-1.0516510000000001,CMR,BEL,841899
4052046,46,18,8854,2002,0.0,366683.0,-1.2657370000000001,-1.108659,COD,BEL,841899
4052047,47,18,8854,2002,0.0,93832.0,-1.62227,-1.202067,COG,BEL,841899
4052048,49,18,8854,2002,0.0,934.0,0.345094,0.37787800000000005,COL,BEL,841899
4052049,51,18,8854,2002,0.0,11155.0,-0.29720100000000005,-0.703051,CPV,BEL,841899
4052050,52,18,8854,2002,0.0,118856.0,0.03619,-0.187718,CRI,BEL,841899
4052051,54,18,8854,2002,0.0,8124.0,-0.479213,-0.951203,CUB,BEL,841899
4052052,58,18,8854,2002,0.0,16714.0,0.381391,0.40265,CYP,BEL,841899
4052053,59,18,8854,2002,8770163.0,821704.0,1.550713,1.037066,CZE,BEL,841899
4052054,61,18,8854,2002,3646736.0,4676175.0,2.297691,-2.183239,DEU,BEL,841899
4052055,64,18,8854,2002,334204.0,2647730.0,1.26594,1.225186,DNK,BEL,841899
4052056,66,18,8854,2002,0.0,154745.0,-0.912033,-1.1731850000000001,DZA,BEL,841899
4052057,67,18,8854,2002,0.0,70024.0,-0.976218,-0.926393,ECU,BEL,841899
4052058,68,18,8854,2002,0.0,52646.0,-0.377127,0.549439,EGY,BEL,841899
4052059,71,18,8854,2002,559693.0,4809984.0,1.012246,2.049594,ESP,BEL,841899
4052060,74,18,8854,2002,623914.0,202383.0,2.0234240000000003,0.979141,FIN,BEL,841899
4052061,77,18,8854,2002,25649252.0,14189068.0,1.569367,0.9886360000000001,FRA,BEL,841899
4052062,78,18,8854,2002,0.0,1186.0,-0.410455,-0.821335,FRO,BEL,841899
4052063,80,18,8854,2002,0.0,2489.0,-0.830094,-1.149233,GAB,BEL,841899
4052064,81,18,8854,2002,903887.0,2577463.0,1.893177,0.831382,GBR,BEL,841899
4052065,83,18,8854,2002,0.0,5650.0,-1.333425,-1.0709879999999998,GHA,BEL,841899
4052066,85,18,8854,2002,0.0,6647.0,-1.85329,-1.243105,GIN,BEL,841899
4052067,90,18,8854,2002,0.0,787791.0,0.31858000000000003,1.47417,GRC,BEL,841899
4052068,92,18,8854,2002,0.0,3079.0,-0.592221,-0.8956799999999999,GRL,BEL,841899
4052069,97,18,8854,2002,2421.0,34723.0,0.5701109999999999,1.989357,HKG,BEL,841899
4052070,100,18,8854,2002,0.0,91909.0,0.591276,1.030723,HRV,BEL,841899
4052071,101,18,8854,2002,0.0,4584.0,-1.220251,-0.8176859999999999,HTI,BEL,841899
4052072,102,18,8854,2002,13892.0,340922.0,1.179684,1.0574860000000001,HUN,BEL,841899
4052073,103,18,8854,2002,0.0,15697.0,-0.10020499999999999,1.590314,IDN,BEL,841899
4052074,104,18,8854,2002,20238.0,472585.0,0.380867,2.608955,IND,BEL,841899
4052075,106,18,8854,2002,63124.0,326615.0,1.7232880000000002,0.091172,IRL,BEL,841899
4052076,107,18,8854,2002,0.0,933733.0,-0.5707840000000001,-0.705612,IRN,BEL,841899
4052077,108,18,8854,2002,0.0,346023.0,-0.397477,-0.811214,IRQ,BEL,841899
4052078,109,18,8854,2002,0.0,67822.0,0.23601999999999998,-0.34781,ISL,BEL,841899
4052079,110,18,8854,2002,148868.0,211048.0,1.334174,0.654331,ISR,BEL,841899
4052080,111,18,8854,2002,4695258.0,1323812.0,1.377604,1.2470510000000001,ITA,BEL,841899
4052081,113,18,8854,2002,0.0,6263.0,0.24197600000000002,0.196635,JOR,BEL,841899
4052082,114,18,8854,2002,2869738.0,3643.0,2.556057,0.497673,JPN,BEL,841899
4052083,115,18,8854,2002,0.0,14562.0,-0.065332,-0.616159,KAZ,BEL,841899
4052084,121,18,8854,2002,19850.0,25120.0,1.186816,1.075947,KOR,BEL,841899
4052085,122,18,8854,2002,0.0,230237.0,-0.6629550000000001,-1.157214,KWT,BEL,841899
4052086,124,18,8854,2002,0.0,70357.0,0.2729,1.254232,LBN,BEL,841899
4052087,128,18,8854,2002,0.0,2146.0,-0.740927,0.023171,LKA,BEL,841899
4052088,130,18,8854,2002,2834.0,256684.0,0.23102399999999998,0.586078,LTU,BEL,841899
4052089,131,18,8854,2002,118425.0,710661.0,1.605378,1.152973,LUX,BEL,841899
4052090,132,18,8854,2002,0.0,116234.0,0.45210200000000006,0.515388,LVA,BEL,841899
4052091,134,18,8854,2002,0.0,87267.0,-0.810467,-0.34807899999999997,MAR,BEL,841899
4052092,135,18,8854,2002,0.0,53979.0,-0.186001,-0.141598,MDA,BEL,841899
4052093,136,18,8854,2002,0.0,71819.0,-1.120167,-0.43338699999999997,MDG,BEL,841899
4052094,137,18,8854,2002,0.0,682.0,-1.3007440000000001,-1.0420120000000002,MDV,BEL,841899
4052095,138,18,8854,2002,9233.0,0.0,0.942061,0.6311260000000001,MEX,BEL,841899
4052096,141,18,8854,2002,0.0,13209.0,-0.8948520000000001,-0.863375,MLI,BEL,841899
4052097,142,18,8854,2002,0.0,7687.0,1.12245,0.019001,MLT,BEL,841899
4052098,143,18,8854,2002,0.0,11112.0,-1.571568,-1.131512,MMR,BEL,841899
4052099,148,18,8854,2002,0.0,8270.0,-1.27671,-1.218472,MRT,BEL,841899
4052100,153,18,8854,2002,5755.0,1521.0,0.704957,0.243398,MYS,BEL,841899
4052101,156,18,8854,2002,0.0,53130.0,-0.292646,-0.823263,NCL,BEL,841899
4052102,157,18,8854,2002,0.0,3850.0,-0.344562,-0.304996,NER,BEL,841899
4052103,159,18,8854,2002,0.0,112196.0,-1.8315700000000001,-1.25171,NGA,BEL,841899
4052104,162,18,8854,2002,8341342.0,10312854.0,1.206176,1.7136360000000002,NLD,BEL,841899
4052105,163,18,8854,2002,156543.0,744458.0,1.110882,0.17164100000000002,NOR,BEL,841899
4052106,166,18,8854,2002,0.0,18023.0,0.542585,0.854243,NZL,BEL,841899
4052107,167,18,8854,2002,0.0,7858.0,-1.238769,-1.225841,OMN,BEL,841899
4052108,168,18,8854,2002,0.0,2361.0,-0.877655,-0.322094,PAK,BEL,841899
4052109,174,18,8854,2002,31323.0,260704.0,0.055439999999999996,-0.179809,PHL,BEL,841899
4052110,177,18,8854,2002,11575.0,968440.0,0.931642,1.721727,POL,BEL,841899
4052111,179,18,8854,2002,85892.0,380826.0,0.484407,1.6500080000000001,PRT,BEL,841899
4052112,182,18,8854,2002,0.0,88304.0,0.042936,-0.7421840000000001,PYF,BEL,841899
4052113,185,18,8854,2002,0.0,1117199.0,0.29888200000000004,0.980376,ROU,BEL,841899
4052114,186,18,8854,2002,0.0,486106.0,1.109397,0.424229,RUS,BEL,841899
4052115,187,18,8854,2002,0.0,16851.0,-0.553848,-0.757714,RWA,BEL,841899
4052116,188,18,8854,2002,0.0,387047.0,0.082107,-0.843317,SAU,BEL,841899
4052117,189,18,8854,2002,0.0,87682.0,0.55781,2.135925,SCG,BEL,841899
4052118,190,18,8854,2002,0.0,25983.0,-1.499925,-1.228374,SDN,BEL,841899
4052119,191,18,8854,2002,0.0,162308.0,-0.43679700000000005,-0.484176,SEN,BEL,841899
4052120,192,18,8854,2002,99670.0,172580.0,1.481857,0.648889,SGP,BEL,841899
4052121,197,18,8854,2002,0.0,887.0,-0.280138,-0.099225,SLV,BEL,841899
4052122,198,18,8854,2002,16828.0,0.0,1.389807,0.275878,SMR,BEL,841899
4052123,206,18,8854,2002,871.0,97784.0,1.1907379999999999,1.050649,SVK,BEL,841899
4052124,207,18,8854,2002,17563.0,67556.0,1.5643770000000001,1.043862,SVN,BEL,841899
4052125,208,18,8854,2002,1621945.0,898422.0,2.128614,0.7891199999999999,SWE,BEL,841899
4052126,212,18,8854,2002,0.0,3178.0,-1.067974,-0.513309,SYR,BEL,841899
4052127,215,18,8854,2002,0.0,45647.0,-0.6810039999999999,-0.6286930000000001,TGO,BEL,841899
4052128,216,18,8854,2002,39476.0,335983.0,0.432041,1.627953,THA,BEL,841899
4052129,223,18,8854,2002,18558.0,91386.0,-0.221951,0.325506,TUN,BEL,841899
4052130,224,18,8854,2002,150869.0,175095.0,0.11263699999999999,1.83925,TUR,BEL,841899
4052131,226,18,8854,2002,0.0,48487.0,-1.189463,-0.48640600000000006,TZA,BEL,841899
4052132,227,18,8854,2002,0.0,2198.0,-1.038337,-0.896425,UGA,BEL,841899
4052133,228,18,8854,2002,0.0,31926.0,0.835485,0.872135,UKR,BEL,841899
4052134,231,18,8854,2002,14356232.0,67298.0,1.821594,0.231296,USA,BEL,841899
4052135,236,18,8854,2002,0.0,100013.0,0.211536,-0.715675,VEN,BEL,841899
4052136,239,18,8854,2002,0.0,236482.0,-0.589665,0.799874,VNM,BEL,841899
4052137,243,18,8854,2002,0.0,59493.0,-1.233006,-1.22101,YEM,BEL,841899
4052138,246,18,8854,2002,15807.0,16817.0,0.395943,2.392458,ZAF,BEL,841899
4052139,247,18,8854,2002,0.0,725.0,-0.654686,-0.545346,ZMB,BEL,841899
4052140,249,18,8854,2002,45025.0,522675.0,1.683858,1.333601,TWN,BEL,841899
4052141,61,25,8854,2002,20964.0,0.0,2.297691,-2.183239,DEU,BHS,841899
4052142,74,25,8854,2002,91213.0,0.0,2.0234240000000003,0.979141,FIN,BHS,841899
4052143,81,25,8854,2002,3566.0,0.0,1.893177,0.831382,GBR,BHS,841899
4052144,90,25,8854,2002,3965.0,0.0,0.31858000000000003,1.47417,GRC,BHS,841899
4052145,114,25,8854,2002,8815.0,0.0,2.556057,0.497673,JPN,BHS,841899
4052146,162,25,8854,2002,57952.0,0.0,1.206176,1.7136360000000002,NLD,BHS,841899
4052147,163,25,8854,2002,6294.0,0.0,1.110882,0.17164100000000002,NOR,BHS,841899
4052148,208,25,8854,2002,6134.0,0.0,2.128614,0.7891199999999999,SWE,BHS,841899
4052149,231,25,8854,2002,98524.0,43528.0,1.821594,0.231296,USA,BHS,841899
4052150,2,32,8854,2002,0.0,10054.0,-2.018135,-1.222751,AGO,BRA,841899
4052151,7,32,8854,2002,0.0,1100.0,0.044683,-0.247191,ARE,BRA,841899
4052152,8,32,8854,2002,4714982.0,2559605.0,0.284536,0.517425,ARG,BRA,841899
4052153,14,32,8854,2002,24224.0,65179.0,0.231386,0.771628,AUS,BRA,841899
4052154,15,32,8854,2002,121260.0,0.0,1.8651200000000001,0.48423900000000003,AUT,BRA,841899
4052155,18,32,8854,2002,10064.0,0.0,1.4097469999999999,1.440169,BEL,BRA,841899
4052156,24,32,8854,2002,0.0,2894.0,-0.146585,-1.006558,BHR,BRA,841899
4052157,31,32,8854,2002,0.0,58283.0,-0.885342,-0.819517,BOL,BRA,841899
4052158,33,32,8854,2002,0.0,1171.0,0.762217,0.004367,BRB,BRA,841899
4052159,39,32,8854,2002,22774.0,204544.0,0.9963280000000001,1.1922110000000001,CAN,BRA,841899
4052160,41,32,8854,2002,13112.0,10640.0,2.218095,0.620946,CHE,BRA,841899
4052161,42,32,8854,2002,0.0,1760904.0,-0.035264,-0.101796,CHL,BRA,841899
4052162,43,32,8854,2002,153000.0,56351.0,0.576746,2.7995520000000003,CHN,BRA,841899
4052163,44,32,8854,2002,0.0,18171.0,-0.816327,-0.711765,CIV,BRA,841899
4052164,49,32,8854,2002,0.0,67787.0,0.345094,0.37787800000000005,COL,BRA,841899
4052165,51,32,8854,2002,0.0,1754.0,-0.29720100000000005,-0.703051,CPV,BRA,841899
4052166,52,32,8854,2002,0.0,1996.0,0.03619,-0.187718,CRI,BRA,841899
4052167,54,32,8854,2002,0.0,22166.0,-0.479213,-0.951203,CUB,BRA,841899
4052168,59,32,8854,2002,40515.0,744.0,1.550713,1.037066,CZE,BRA,841899
4052169,61,32,8854,2002,5459371.0,28950.0,2.297691,-2.183239,DEU,BRA,841899
4052170,64,32,8854,2002,182878.0,5126.0,1.26594,1.225186,DNK,BRA,841899
4052171,65,32,8854,2002,0.0,2661.0,-0.46284899999999995,-0.39210100000000003,DOM,BRA,841899
4052172,67,32,8854,2002,0.0,288734.0,-0.976218,-0.926393,ECU,BRA,841899
4052173,68,32,8854,2002,0.0,1676587.0,-0.377127,0.549439,EGY,BRA,841899
4052174,71,32,8854,2002,94769.0,18475.0,1.012246,2.049594,ESP,BRA,841899
4052175,74,32,8854,2002,1367196.0,0.0,2.0234240000000003,0.979141,FIN,BRA,841899
4052176,77,32,8854,2002,526096.0,208494.0,1.569367,0.9886360000000001,FRA,BRA,841899
4052177,81,32,8854,2002,81387.0,46673.0,1.893177,0.831382,GBR,BRA,841899
4052178,93,32,8854,2002,0.0,7121.0,-0.548834,-0.034464999999999996,GTM,BRA,841899
4052179,97,32,8854,2002,18715.0,13154.0,0.5701109999999999,1.989357,HKG,BRA,841899
4052180,99,32,8854,2002,0.0,3424.0,-0.877043,-0.658185,HND,BRA,841899
4052181,102,32,8854,2002,3151.0,2812.0,1.179684,1.0574860000000001,HUN,BRA,841899
4052182,104,32,8854,2002,8571.0,3769.0,0.380867,2.608955,IND,BRA,841899
4052183,106,32,8854,2002,1173.0,72174.0,1.7232880000000002,0.091172,IRL,BRA,841899
4052184,107,32,8854,2002,0.0,2485.0,-0.5707840000000001,-0.705612,IRN,BRA,841899
4052185,111,32,8854,2002,2238114.0,52305.0,1.377604,1.2470510000000001,ITA,BRA,841899
4052186,114,32,8854,2002,3464267.0,0.0,2.556057,0.497673,JPN,BRA,841899
4052187,121,32,8854,2002,4023956.0,0.0,1.186816,1.075947,KOR,BRA,841899
4052188,131,32,8854,2002,1863.0,0.0,1.605378,1.152973,LUX,BRA,841899
4052189,138,32,8854,2002,760644.0,2003517.0,0.942061,0.6311260000000001,MEX,BRA,841899
4052190,151,32,8854,2002,0.0,3865.0,-0.37937600000000005,-0.388848,MUS,BRA,841899
4052191,153,32,8854,2002,51152.0,0.0,0.704957,0.243398,MYS,BRA,841899
4052192,162,32,8854,2002,91813.0,16700.0,1.206176,1.7136360000000002,NLD,BRA,841899
4052193,163,32,8854,2002,9272.0,0.0,1.110882,0.17164100000000002,NOR,BRA,841899
4052194,166,32,8854,2002,972.0,23077.0,0.542585,0.854243,NZL,BRA,841899
4052195,169,32,8854,2002,0.0,1632.0,0.134759,0.234258,PAN,BRA,841899
4052196,173,32,8854,2002,0.0,137017.0,-0.6126199999999999,0.085944,PER,BRA,841899
4052197,179,32,8854,2002,544806.0,0.0,0.484407,1.6500080000000001,PRT,BRA,841899
4052198,180,32,8854,2002,0.0,227464.0,-0.614282,-0.963832,PRY,BRA,841899
4052199,188,32,8854,2002,0.0,1076.0,0.082107,-0.843317,SAU,BRA,841899
4052200,197,32,8854,2002,0.0,514563.0,-0.280138,-0.099225,SLV,BRA,841899
4052201,208,32,8854,2002,564746.0,0.0,2.128614,0.7891199999999999,SWE,BRA,841899
4052202,216,32,8854,2002,66943.0,0.0,0.432041,1.627953,THA,BRA,841899
4052203,222,32,8854,2002,45629.0,0.0,0.074907,-0.8203879999999999,TTO,BRA,841899
4052204,224,32,8854,2002,344146.0,57743.0,0.11263699999999999,1.83925,TUR,BRA,841899
4052205,230,32,8854,2002,0.0,196784.0,0.300502,0.16817000000000001,URY,BRA,841899
4052206,231,32,8854,2002,4967916.0,1952273.0,1.821594,0.231296,USA,BRA,841899
4052207,236,32,8854,2002,0.0,178099.0,0.211536,-0.715675,VEN,BRA,841899
4052208,246,32,8854,2002,25343.0,121230.0,0.395943,2.392458,ZAF,BRA,841899
4052209,249,32,8854,2002,57925.0,0.0,1.683858,1.333601,TWN,BRA,841899
4052210,32,33,8854,2002,1171.0,0.0,0.677883,1.0227190000000002,BRA,BRB,841899
4052211,39,33,8854,2002,920.0,0.0,0.9963280000000001,1.1922110000000001,CAN,BRB,841899
4052212,43,33,8854,2002,498.0,0.0,0.576746,2.7995520000000003,CHN,BRB,841899
4052213,61,33,8854,2002,1090.0,0.0,2.297691,-2.183239,DEU,BRB,841899
4052214,64,33,8854,2002,1620.0,1416.0,1.26594,1.225186,DNK,BRB,841899
4052215,77,33,8854,2002,8259.0,0.0,1.569367,0.9886360000000001,FRA,BRB,841899
4052216,81,33,8854,2002,6833.0,0.0,1.893177,0.831382,GBR,BRB,841899
4052217,111,33,8854,2002,983.0,0.0,1.377604,1.2470510000000001,ITA,BRB,841899
4052218,114,33,8854,2002,1775.0,0.0,2.556057,0.497673,JPN,BRB,841899
4052219,138,33,8854,2002,4960.0,0.0,0.942061,0.6311260000000001,MEX,BRB,841899
4052220,162,33,8854,2002,2138.0,0.0,1.206176,1.7136360000000002,NLD,BRB,841899
4052221,222,33,8854,2002,288699.0,0.0,0.074907,-0.8203879999999999,TTO,BRB,841899
4052222,231,33,8854,2002,157574.0,4845.0,1.821594,0.231296,USA,BRB,841899
4052223,8,39,8854,2002,5281.0,0.0,0.284536,0.517425,ARG,CAN,841899
4052224,14,39,8854,2002,159636.0,117849.0,0.231386,0.771628,AUS,CAN,841899
4052225,18,39,8854,2002,36722.0,1076.0,1.4097469999999999,1.440169,BEL,CAN,841899
4052226,22,39,8854,2002,0.0,3657.0,-1.134933,-1.061633,BGD,CAN,841899
4052227,24,39,8854,2002,0.0,2969.0,-0.146585,-1.006558,BHR,CAN,841899
4052228,29,39,8854,2002,0.0,2991.0,-0.246977,-0.731156,BLZ,CAN,841899
4052229,32,39,8854,2002,204544.0,22774.0,0.677883,1.0227190000000002,BRA,CAN,841899
4052230,33,39,8854,2002,0.0,920.0,0.762217,0.004367,BRB,CAN,841899
4052231,41,39,8854,2002,6059.0,2123.0,2.218095,0.620946,CHE,CAN,841899
4052232,42,39,8854,2002,0.0,62882.0,-0.035264,-0.101796,CHL,CAN,841899
4052233,43,39,8854,2002,481814.0,883357.0,0.576746,2.7995520000000003,CHN,CAN,841899
4052234,49,39,8854,2002,7161.0,12988.0,0.345094,0.37787800000000005,COL,CAN,841899
4052235,54,39,8854,2002,1893.0,169543.0,-0.479213,-0.951203,CUB,CAN,841899
4052236,58,39,8854,2002,0.0,7023.0,0.381391,0.40265,CYP,CAN,841899
4052237,59,39,8854,2002,1649.0,0.0,1.550713,1.037066,CZE,CAN,841899
4052238,61,39,8854,2002,244008.0,95627.0,2.297691,-2.183239,DEU,CAN,841899
4052239,64,39,8854,2002,447712.0,5365.0,1.26594,1.225186,DNK,CAN,841899
4052240,67,39,8854,2002,0.0,1862.0,-0.976218,-0.926393,ECU,CAN,841899
4052241,68,39,8854,2002,0.0,219320.0,-0.377127,0.549439,EGY,CAN,841899
4052242,71,39,8854,2002,2627194.0,30343.0,1.012246,2.049594,ESP,CAN,841899
4052243,74,39,8854,2002,5954.0,0.0,2.0234240000000003,0.979141,FIN,CAN,841899
4052244,77,39,8854,2002,172429.0,24587.0,1.569367,0.9886360000000001,FRA,CAN,841899
4052245,81,39,8854,2002,85357.0,155277.0,1.893177,0.831382,GBR,CAN,841899
4052246,90,39,8854,2002,0.0,3916.0,0.31858000000000003,1.47417,GRC,CAN,841899
4052247,97,39,8854,2002,39082.0,6820.0,0.5701109999999999,1.989357,HKG,CAN,841899
4052248,99,39,8854,2002,0.0,1449.0,-0.877043,-0.658185,HND,CAN,841899
4052249,102,39,8854,2002,4241.0,1201.0,1.179684,1.0574860000000001,HUN,CAN,841899
4052250,103,39,8854,2002,0.0,207970.0,-0.10020499999999999,1.590314,IDN,CAN,841899
4052251,104,39,8854,2002,2711.0,0.0,0.380867,2.608955,IND,CAN,841899
4052252,106,39,8854,2002,12293.0,24614.0,1.7232880000000002,0.091172,IRL,CAN,841899
4052253,109,39,8854,2002,7082.0,3307.0,0.23601999999999998,-0.34781,ISL,CAN,841899
4052254,110,39,8854,2002,847.0,57770.0,1.334174,0.654331,ISR,CAN,841899
4052255,111,39,8854,2002,873171.0,3468.0,1.377604,1.2470510000000001,ITA,CAN,841899
4052256,112,39,8854,2002,0.0,6215.0,-0.604813,-0.9309860000000001,JAM,CAN,841899
4052257,114,39,8854,2002,2752076.0,60650.0,2.556057,0.497673,JPN,CAN,841899
4052258,120,39,8854,2002,0.0,2771.0,0.911442,-0.26164899999999996,KNA,CAN,841899
4052259,121,39,8854,2002,151987.0,58053.0,1.186816,1.075947,KOR,CAN,841899
4052260,122,39,8854,2002,0.0,2221.0,-0.6629550000000001,-1.157214,KWT,CAN,841899
4052261,124,39,8854,2002,0.0,4843.0,0.2729,1.254232,LBN,CAN,841899
4052262,130,39,8854,2002,1059.0,0.0,0.23102399999999998,0.586078,LTU,CAN,841899
4052263,137,39,8854,2002,0.0,2032.0,-1.3007440000000001,-1.0420120000000002,MDV,CAN,841899
4052264,138,39,8854,2002,2233188.0,110565.0,0.942061,0.6311260000000001,MEX,CAN,841899
4052265,153,39,8854,2002,34206.0,18905.0,0.704957,0.243398,MYS,CAN,841899
4052266,162,39,8854,2002,117521.0,29370.0,1.206176,1.7136360000000002,NLD,CAN,841899
4052267,163,39,8854,2002,6450.0,2852.0,1.110882,0.17164100000000002,NOR,CAN,841899
4052268,166,39,8854,2002,16756.0,5231.0,0.542585,0.854243,NZL,CAN,841899
4052269,169,39,8854,2002,0.0,4048.0,0.134759,0.234258,PAN,CAN,841899
4052270,174,39,8854,2002,0.0,12128.0,0.055439999999999996,-0.179809,PHL,CAN,841899
4052271,179,39,8854,2002,0.0,1330.0,0.484407,1.6500080000000001,PRT,CAN,841899
4052272,186,39,8854,2002,6375.0,924.0,1.109397,0.424229,RUS,CAN,841899
4052273,188,39,8854,2002,0.0,5626.0,0.082107,-0.843317,SAU,CAN,841899
4052274,192,39,8854,2002,23233.0,26150.0,1.481857,0.648889,SGP,CAN,841899
4052275,200,39,8854,2002,0.0,7314.0,-1.291565,-0.9258290000000001,SPM,CAN,841899
4052276,207,39,8854,2002,20042.0,0.0,1.5643770000000001,1.043862,SVN,CAN,841899
4052277,208,39,8854,2002,209402.0,1556768.0,2.128614,0.7891199999999999,SWE,CAN,841899
4052278,216,39,8854,2002,102436.0,345322.0,0.432041,1.627953,THA,CAN,841899
4052279,222,39,8854,2002,68889.0,12898.0,0.074907,-0.8203879999999999,TTO,CAN,841899
4052280,224,39,8854,2002,0.0,2000.0,0.11263699999999999,1.83925,TUR,CAN,841899
4052281,231,39,8854,2002,51185196.0,52704996.0,1.821594,0.231296,USA,CAN,841899
4052282,236,39,8854,2002,0.0,15502.0,0.211536,-0.715675,VEN,CAN,841899
4052283,239,39,8854,2002,0.0,1949.0,-0.589665,0.799874,VNM,CAN,841899
4052284,246,39,8854,2002,1686.0,7314.0,0.395943,2.392458,ZAF,CAN,841899
4052285,249,39,8854,2002,113099.0,0.0,1.683858,1.333601,TWN,CAN,841899
4052286,8,41,8854,2002,213182.0,66851.0,0.284536,0.517425,ARG,CHE,841899
4052287,15,41,8854,2002,343386.0,125345.0,1.8651200000000001,0.48423900000000003,AUT,CHE,841899
4052288,18,41,8854,2002,802113.0,90829.0,1.4097469999999999,1.440169,BEL,CHE,841899
4052289,23,41,8854,2002,895.0,3033.0,0.37451100000000004,1.573517,BGR,CHE,841899
4052290,24,41,8854,2002,0.0,5369.0,-0.146585,-1.006558,BHR,CHE,841899
4052291,32,41,8854,2002,10640.0,13112.0,0.677883,1.0227190000000002,BRA,CHE,841899
4052292,39,41,8854,2002,2123.0,6059.0,0.9963280000000001,1.1922110000000001,CAN,CHE,841899
4052293,42,41,8854,2002,0.0,33056.0,-0.035264,-0.101796,CHL,CHE,841899
4052294,43,41,8854,2002,20326.0,34284.0,0.576746,2.7995520000000003,CHN,CHE,841899
4052295,49,41,8854,2002,0.0,3530.0,0.345094,0.37787800000000005,COL,CHE,841899
4052296,54,41,8854,2002,0.0,16559.0,-0.479213,-0.951203,CUB,CHE,841899
4052297,59,41,8854,2002,61372.0,6292.0,1.550713,1.037066,CZE,CHE,841899
4052298,61,41,8854,2002,12064134.0,1659287.0,2.297691,-2.183239,DEU,CHE,841899
4052299,64,41,8854,2002,742930.0,13873.0,1.26594,1.225186,DNK,CHE,841899
4052300,66,41,8854,2002,0.0,59126.0,-0.912033,-1.1731850000000001,DZA,CHE,841899
4052301,71,41,8854,2002,82815.0,189431.0,1.012246,2.049594,ESP,CHE,841899
4052302,73,41,8854,2002,0.0,918.0,-1.096371,-0.9566709999999999,ETH,CHE,841899
4052303,74,41,8854,2002,20287.0,9794.0,2.0234240000000003,0.979141,FIN,CHE,841899
4052304,77,41,8854,2002,3370904.0,542246.0,1.569367,0.9886360000000001,FRA,CHE,841899
4052305,81,41,8854,2002,838288.0,203526.0,1.893177,0.831382,GBR,CHE,841899
4052306,90,41,8854,2002,7172.0,94538.0,0.31858000000000003,1.47417,GRC,CHE,841899
4052307,97,41,8854,2002,0.0,1158.0,0.5701109999999999,1.989357,HKG,CHE,841899
4052308,100,41,8854,2002,4072.0,858.0,0.591276,1.030723,HRV,CHE,841899
4052309,102,41,8854,2002,27751.0,10405.0,1.179684,1.0574860000000001,HUN,CHE,841899
4052310,103,41,8854,2002,871.0,0.0,-0.10020499999999999,1.590314,IDN,CHE,841899
4052311,104,41,8854,2002,2453.0,20723.0,0.380867,2.608955,IND,CHE,841899
4052312,106,41,8854,2002,234032.0,12933.0,1.7232880000000002,0.091172,IRL,CHE,841899
4052313,107,41,8854,2002,1363.0,61246.0,-0.5707840000000001,-0.705612,IRN,CHE,841899
4052314,109,41,8854,2002,0.0,7303.0,0.23601999999999998,-0.34781,ISL,CHE,841899
4052315,110,41,8854,2002,5695.0,1931.0,1.334174,0.654331,ISR,CHE,841899
4052316,111,41,8854,2002,6929132.0,287933.0,1.377604,1.2470510000000001,ITA,CHE,841899
4052317,113,41,8854,2002,0.0,9516.0,0.24197600000000002,0.196635,JOR,CHE,841899
4052318,114,41,8854,2002,510430.0,379083.0,2.556057,0.497673,JPN,CHE,841899
4052319,115,41,8854,2002,0.0,6715.0,-0.065332,-0.616159,KAZ,CHE,841899
4052320,121,41,8854,2002,7446.0,0.0,1.186816,1.075947,KOR,CHE,841899
4052321,122,41,8854,2002,0.0,5517.0,-0.6629550000000001,-1.157214,KWT,CHE,841899
4052322,131,41,8854,2002,9794.0,7389.0,1.605378,1.152973,LUX,CHE,841899
4052323,132,41,8854,2002,0.0,15696.0,0.45210200000000006,0.515388,LVA,CHE,841899
4052324,135,41,8854,2002,0.0,2814.0,-0.186001,-0.141598,MDA,CHE,841899
4052325,138,41,8854,2002,0.0,35404.0,0.942061,0.6311260000000001,MEX,CHE,841899
4052326,140,41,8854,2002,0.0,2782.0,-0.030274000000000002,0.359317,MKD,CHE,841899
4052327,153,41,8854,2002,0.0,8311.0,0.704957,0.243398,MYS,CHE,841899
4052328,159,41,8854,2002,0.0,29006.0,-1.8315700000000001,-1.25171,NGA,CHE,841899
4052329,162,41,8854,2002,1506397.0,133783.0,1.206176,1.7136360000000002,NLD,CHE,841899
4052330,163,41,8854,2002,3230.0,13643.0,1.110882,0.17164100000000002,NOR,CHE,841899
4052331,166,41,8854,2002,0.0,2424.0,0.542585,0.854243,NZL,CHE,841899
4052332,167,41,8854,2002,0.0,5614.0,-1.238769,-1.225841,OMN,CHE,841899
4052333,174,41,8854,2002,0.0,1307.0,0.055439999999999996,-0.179809,PHL,CHE,841899
4052334,177,41,8854,2002,7118.0,9619.0,0.931642,1.721727,POL,CHE,841899
4052335,179,41,8854,2002,6398.0,53175.0,0.484407,1.6500080000000001,PRT,CHE,841899
4052336,185,41,8854,2002,0.0,885.0,0.29888200000000004,0.980376,ROU,CHE,841899
4052337,186,41,8854,2002,5662.0,15475.0,1.109397,0.424229,RUS,CHE,841899
4052338,188,41,8854,2002,0.0,34487.0,0.082107,-0.843317,SAU,CHE,841899
4052339,189,41,8854,2002,0.0,1801.0,0.55781,2.135925,SCG,CHE,841899
4052340,190,41,8854,2002,0.0,12165.0,-1.499925,-1.228374,SDN,CHE,841899
4052341,192,41,8854,2002,0.0,21441.0,1.481857,0.648889,SGP,CHE,841899
4052342,206,41,8854,2002,0.0,947.0,1.1907379999999999,1.050649,SVK,CHE,841899
4052343,207,41,8854,2002,15129.0,2741.0,1.5643770000000001,1.043862,SVN,CHE,841899
4052344,208,41,8854,2002,334717.0,94405.0,2.128614,0.7891199999999999,SWE,CHE,841899
4052345,216,41,8854,2002,0.0,3201.0,0.432041,1.627953,THA,CHE,841899
4052346,224,41,8854,2002,173902.0,1894.0,0.11263699999999999,1.83925,TUR,CHE,841899
4052347,231,41,8854,2002,656678.0,172706.0,1.821594,0.231296,USA,CHE,841899
4052348,246,41,8854,2002,0.0,1366.0,0.395943,2.392458,ZAF,CHE,841899
4052349,249,41,8854,2002,6063.0,3484.0,1.683858,1.333601,TWN,CHE,841899
4052350,8,42,8854,2002,1295692.0,66397.0,0.284536,0.517425,ARG,CHL,841899
4052351,15,42,8854,2002,3213.0,0.0,1.8651200000000001,0.48423900000000003,AUT,CHL,841899
4052352,18,42,8854,2002,90161.0,2672.0,1.4097469999999999,1.440169,BEL,CHL,841899
4052353,31,42,8854,2002,0.0,9929.0,-0.885342,-0.819517,BOL,CHL,841899
4052354,32,42,8854,2002,1760904.0,0.0,0.677883,1.0227190000000002,BRA,CHL,841899
4052355,39,42,8854,2002,62882.0,0.0,0.9963280000000001,1.1922110000000001,CAN,CHL,841899
4052356,41,42,8854,2002,33056.0,0.0,2.218095,0.620946,CHE,CHL,841899
4052357,43,42,8854,2002,136312.0,0.0,0.576746,2.7995520000000003,CHN,CHL,841899
4052358,49,42,8854,2002,7564.0,29821.0,0.345094,0.37787800000000005,COL,CHL,841899
4052359,52,42,8854,2002,4829.0,4064.0,0.03619,-0.187718,CRI,CHL,841899
4052360,54,42,8854,2002,0.0,47082.0,-0.479213,-0.951203,CUB,CHL,841899
4052361,61,42,8854,2002,1003284.0,0.0,2.297691,-2.183239,DEU,CHL,841899
4052362,64,42,8854,2002,241409.0,2074.0,1.26594,1.225186,DNK,CHL,841899
4052363,67,42,8854,2002,0.0,64458.0,-0.976218,-0.926393,ECU,CHL,841899
4052364,71,42,8854,2002,241163.0,0.0,1.012246,2.049594,ESP,CHL,841899
4052365,77,42,8854,2002,109618.0,0.0,1.569367,0.9886360000000001,FRA,CHL,841899
4052366,81,42,8854,2002,54793.0,0.0,1.893177,0.831382,GBR,CHL,841899
4052367,93,42,8854,2002,0.0,105245.0,-0.548834,-0.034464999999999996,GTM,CHL,841899
4052368,102,42,8854,2002,12712.0,0.0,1.179684,1.0574860000000001,HUN,CHL,841899
4052369,109,42,8854,2002,4006.0,0.0,0.23601999999999998,-0.34781,ISL,CHL,841899
4052370,111,42,8854,2002,2148992.0,0.0,1.377604,1.2470510000000001,ITA,CHL,841899
4052371,114,42,8854,2002,158144.0,0.0,2.556057,0.497673,JPN,CHL,841899
4052372,121,42,8854,2002,116180.0,0.0,1.186816,1.075947,KOR,CHL,841899
4052373,138,42,8854,2002,288531.0,1116.0,0.942061,0.6311260000000001,MEX,CHL,841899
4052374,162,42,8854,2002,631991.0,28566.0,1.206176,1.7136360000000002,NLD,CHL,841899
4052375,163,42,8854,2002,5777.0,0.0,1.110882,0.17164100000000002,NOR,CHL,841899
4052376,169,42,8854,2002,5150.0,19642.0,0.134759,0.234258,PAN,CHL,841899
4052377,173,42,8854,2002,3058.0,224890.0,-0.6126199999999999,0.085944,PER,CHL,841899
4052378,179,42,8854,2002,1497.0,0.0,0.484407,1.6500080000000001,PRT,CHL,841899
4052379,208,42,8854,2002,126342.0,1207.0,2.128614,0.7891199999999999,SWE,CHL,841899
4052380,216,42,8854,2002,46422.0,0.0,0.432041,1.627953,THA,CHL,841899
4052381,224,42,8854,2002,4410.0,0.0,0.11263699999999999,1.83925,TUR,CHL,841899
4052382,230,42,8854,2002,55739.0,6296.0,0.300502,0.16817000000000001,URY,CHL,841899
4052383,231,42,8854,2002,1634736.0,41361.0,1.821594,0.231296,USA,CHL,841899
4052384,236,42,8854,2002,0.0,11804.0,0.211536,-0.715675,VEN,CHL,841899
4052385,249,42,8854,2002,32022.0,0.0,1.683858,1.333601,TWN,CHL,841899
4052386,250,42,8854,2002,2191.0,0.0,0.734927,-0.40114099999999997,ANS,CHL,841899
4052387,4,43,8854,2002,0.0,20619.0,-0.127828,-0.126857,ALB,CHN,841899
4052388,7,43,8854,2002,0.0,855472.0,0.044683,-0.247191,ARE,CHN,841899
4052389,8,43,8854,2002,0.0,5716.0,0.284536,0.517425,ARG,CHN,841899
4052390,14,43,8854,2002,226432.0,1191318.0,0.231386,0.771628,AUS,CHN,841899
4052391,15,43,8854,2002,25968.0,7350.0,1.8651200000000001,0.48423900000000003,AUT,CHN,841899
4052392,18,43,8854,2002,48455.0,59139.0,1.4097469999999999,1.440169,BEL,CHN,841899
4052393,19,43,8854,2002,0.0,11306.0,-0.724829,-0.705625,BEN,CHN,841899
4052394,22,43,8854,2002,0.0,321053.0,-1.134933,-1.061633,BGD,CHN,841899
4052395,23,43,8854,2002,0.0,58798.0,0.37451100000000004,1.573517,BGR,CHN,841899
4052396,24,43,8854,2002,0.0,29142.0,-0.146585,-1.006558,BHR,CHN,841899
4052397,32,43,8854,2002,56351.0,153000.0,0.677883,1.0227190000000002,BRA,CHN,841899
4052398,33,43,8854,2002,0.0,498.0,0.762217,0.004367,BRB,CHN,841899
4052399,39,43,8854,2002,883357.0,481814.0,0.9963280000000001,1.1922110000000001,CAN,CHN,841899
4052400,41,43,8854,2002,34284.0,20326.0,2.218095,0.620946,CHE,CHN,841899
4052401,42,43,8854,2002,0.0,136312.0,-0.035264,-0.101796,CHL,CHN,841899
4052402,44,43,8854,2002,0.0,4916.0,-0.816327,-0.711765,CIV,CHN,841899
4052403,45,43,8854,2002,0.0,4459.0,-1.114477,-1.0516510000000001,CMR,CHN,841899
4052404,49,43,8854,2002,0.0,8306.0,0.345094,0.37787800000000005,COL,CHN,841899
4052405,52,43,8854,2002,0.0,1462.0,0.03619,-0.187718,CRI,CHN,841899
4052406,54,43,8854,2002,0.0,12028.0,-0.479213,-0.951203,CUB,CHN,841899
4052407,57,43,8854,2002,0.0,3403.0,0.7098220000000001,-0.633359,CYM,CHN,841899
4052408,58,43,8854,2002,0.0,20193.0,0.381391,0.40265,CYP,CHN,841899
4052409,59,43,8854,2002,1062640.0,414228.0,1.550713,1.037066,CZE,CHN,841899
4052410,61,43,8854,2002,23935410.0,1169519.0,2.297691,-2.183239,DEU,CHN,841899
4052411,63,43,8854,2002,0.0,80832.0,0.196298,-0.129221,DMA,CHN,841899
4052412,64,43,8854,2002,1557976.0,457615.0,1.26594,1.225186,DNK,CHN,841899
4052413,65,43,8854,2002,0.0,66074.0,-0.46284899999999995,-0.39210100000000003,DOM,CHN,841899
4052414,66,43,8854,2002,0.0,324478.0,-0.912033,-1.1731850000000001,DZA,CHN,841899
4052415,67,43,8854,2002,0.0,16676.0,-0.976218,-0.926393,ECU,CHN,841899
4052416,68,43,8854,2002,0.0,169893.0,-0.377127,0.549439,EGY,CHN,841899
4052417,71,43,8854,2002,230311.0,83492.0,1.012246,2.049594,ESP,CHN,841899
4052418,74,43,8854,2002,20263.0,6708.0,2.0234240000000003,0.979141,FIN,CHN,841899
4052419,75,43,8854,2002,0.0,3108.0,-0.588136,-0.242883,FJI,CHN,841899
4052420,77,43,8854,2002,591939.0,1277664.0,1.569367,0.9886360000000001,FRA,CHN,841899
4052421,81,43,8854,2002,243729.0,507490.0,1.893177,0.831382,GBR,CHN,841899
4052422,83,43,8854,2002,0.0,26544.0,-1.333425,-1.0709879999999998,GHA,CHN,841899
4052423,90,43,8854,2002,0.0,4968.0,0.31858000000000003,1.47417,GRC,CHN,841899
4052424,97,43,8854,2002,2911462.0,21923062.0,0.5701109999999999,1.989357,HKG,CHN,841899
4052425,100,43,8854,2002,0.0,748.0,0.591276,1.030723,HRV,CHN,841899
4052426,102,43,8854,2002,2757.0,3440.0,1.179684,1.0574860000000001,HUN,CHN,841899
4052427,103,43,8854,2002,726067.0,3049655.0,-0.10020499999999999,1.590314,IDN,CHN,841899
4052428,104,43,8854,2002,11638.0,348428.0,0.380867,2.608955,IND,CHN,841899
4052429,106,43,8854,2002,139176.0,127941.0,1.7232880000000002,0.091172,IRL,CHN,841899
4052430,107,43,8854,2002,0.0,333106.0,-0.5707840000000001,-0.705612,IRN,CHN,841899
4052431,109,43,8854,2002,0.0,6635.0,0.23601999999999998,-0.34781,ISL,CHN,841899
4052432,110,43,8854,2002,229982.0,239947.0,1.334174,0.654331,ISR,CHN,841899
4052433,111,43,8854,2002,1600071.0,3948504.0,1.377604,1.2470510000000001,ITA,CHN,841899
4052434,113,43,8854,2002,0.0,1189189.0,0.24197600000000002,0.196635,JOR,CHN,841899
4052435,114,43,8854,2002,10276078.0,20944364.0,2.556057,0.497673,JPN,CHN,841899
4052436,115,43,8854,2002,0.0,1485.0,-0.065332,-0.616159,KAZ,CHN,841899
4052437,116,43,8854,2002,0.0,2954.0,-0.555812,0.169204,KEN,CHN,841899
4052438,121,43,8854,2002,3305477.0,1877240.0,1.186816,1.075947,KOR,CHN,841899
4052439,122,43,8854,2002,0.0,8892.0,-0.6629550000000001,-1.157214,KWT,CHN,841899
4052440,123,43,8854,2002,0.0,26519.0,-1.255183,-1.163232,LAO,CHN,841899
4052441,124,43,8854,2002,0.0,376169.0,0.2729,1.254232,LBN,CHN,841899
4052442,126,43,8854,2002,0.0,6507.0,-0.568615,-1.172261,LBY,CHN,841899
4052443,128,43,8854,2002,0.0,61334.0,-0.740927,0.023171,LKA,CHN,841899
4052444,131,43,8854,2002,4312.0,0.0,1.605378,1.152973,LUX,CHN,841899
4052445,132,43,8854,2002,0.0,8785.0,0.45210200000000006,0.515388,LVA,CHN,841899
4052446,133,43,8854,2002,0.0,4789.0,-0.360172,-0.359367,MAC,CHN,841899
4052447,134,43,8854,2002,0.0,117101.0,-0.810467,-0.34807899999999997,MAR,CHN,841899
4052448,138,43,8854,2002,126115.0,323637.0,0.942061,0.6311260000000001,MEX,CHN,841899
4052449,141,43,8854,2002,0.0,2132.0,-0.8948520000000001,-0.863375,MLI,CHN,841899
4052450,142,43,8854,2002,2506.0,1432.0,1.12245,0.019001,MLT,CHN,841899
4052451,143,43,8854,2002,0.0,146368.0,-1.571568,-1.131512,MMR,CHN,841899
4052452,147,43,8854,2002,0.0,1213.0,-0.947259,-1.047883,MOZ,CHN,841899
4052453,151,43,8854,2002,0.0,8068.0,-0.37937600000000005,-0.388848,MUS,CHN,841899
4052454,153,43,8854,2002,418175.0,610556.0,0.704957,0.243398,MYS,CHN,841899
4052455,159,43,8854,2002,0.0,3260047.0,-1.8315700000000001,-1.25171,NGA,CHN,841899
4052456,162,43,8854,2002,369336.0,347688.0,1.206176,1.7136360000000002,NLD,CHN,841899
4052457,163,43,8854,2002,0.0,29268.0,1.110882,0.17164100000000002,NOR,CHN,841899
4052458,166,43,8854,2002,1814.0,725747.0,0.542585,0.854243,NZL,CHN,841899
4052459,167,43,8854,2002,0.0,6703.0,-1.238769,-1.225841,OMN,CHN,841899
4052460,168,43,8854,2002,0.0,1925352.0,-0.877655,-0.322094,PAK,CHN,841899
4052461,169,43,8854,2002,0.0,150738.0,0.134759,0.234258,PAN,CHN,841899
4052462,173,43,8854,2002,0.0,4560.0,-0.6126199999999999,0.085944,PER,CHN,841899
4052463,174,43,8854,2002,16833.0,485100.0,0.055439999999999996,-0.179809,PHL,CHN,841899
4052464,176,43,8854,2002,0.0,1062.0,-1.4572319999999999,-1.159399,PNG,CHN,841899
4052465,177,43,8854,2002,0.0,510874.0,0.931642,1.721727,POL,CHN,841899
4052466,178,43,8854,2002,0.0,16533.0,0.43756999999999996,0.744264,PRK,CHN,841899
4052467,179,43,8854,2002,0.0,7605.0,0.484407,1.6500080000000001,PRT,CHN,841899
4052468,181,43,8854,2002,0.0,8666.0,0.394636,-0.286194,PSE,CHN,841899
4052469,183,43,8854,2002,0.0,2729.0,-0.306052,-1.098296,QAT,CHN,841899
4052470,185,43,8854,2002,0.0,1353.0,0.29888200000000004,0.980376,ROU,CHN,841899
4052471,186,43,8854,2002,362430.0,775627.0,1.109397,0.424229,RUS,CHN,841899
4052472,188,43,8854,2002,0.0,323304.0,0.082107,-0.843317,SAU,CHN,841899
4052473,189,43,8854,2002,0.0,1197.0,0.55781,2.135925,SCG,CHN,841899
4052474,190,43,8854,2002,0.0,47453.0,-1.499925,-1.228374,SDN,CHN,841899
4052475,191,43,8854,2002,0.0,66091.0,-0.43679700000000005,-0.484176,SEN,CHN,841899
4052476,192,43,8854,2002,1482226.0,2292377.0,1.481857,0.648889,SGP,CHN,841899
4052477,197,43,8854,2002,0.0,10165.0,-0.280138,-0.099225,SLV,CHN,841899
4052478,205,43,8854,2002,0.0,960.0,-0.9120030000000001,-0.8871020000000001,SUR,CHN,841899
4052479,208,43,8854,2002,138059.0,55405.0,2.128614,0.7891199999999999,SWE,CHN,841899
4052480,212,43,8854,2002,0.0,221595.0,-1.067974,-0.513309,SYR,CHN,841899
4052481,216,43,8854,2002,1093233.0,1737641.0,0.432041,1.627953,THA,CHN,841899
4052482,222,43,8854,2002,0.0,20858.0,0.074907,-0.8203879999999999,TTO,CHN,841899
4052483,223,43,8854,2002,0.0,703924.0,-0.221951,0.325506,TUN,CHN,841899
4052484,224,43,8854,2002,0.0,646876.0,0.11263699999999999,1.83925,TUR,CHN,841899
4052485,226,43,8854,2002,0.0,3817.0,-1.189463,-0.48640600000000006,TZA,CHN,841899
4052486,228,43,8854,2002,22189.0,154786.0,0.835485,0.872135,UKR,CHN,841899
4052487,231,43,8854,2002,10503536.0,15992249.0,1.821594,0.231296,USA,CHN,841899
4052488,236,43,8854,2002,0.0,1471.0,0.211536,-0.715675,VEN,CHN,841899
4052489,239,43,8854,2002,0.0,538167.0,-0.589665,0.799874,VNM,CHN,841899
4052490,243,43,8854,2002,0.0,35309.0,-1.233006,-1.22101,YEM,CHN,841899
4052491,246,43,8854,2002,0.0,187623.0,0.395943,2.392458,ZAF,CHN,841899
4052492,249,43,8854,2002,941293.0,3402832.0,1.683858,1.333601,TWN,CHN,841899
4052493,8,49,8854,2002,39429.0,0.0,0.284536,0.517425,ARG,COL,841899
4052494,18,49,8854,2002,934.0,0.0,1.4097469999999999,1.440169,BEL,COL,841899
4052495,32,49,8854,2002,67787.0,0.0,0.677883,1.0227190000000002,BRA,COL,841899
4052496,39,49,8854,2002,12988.0,7161.0,0.9963280000000001,1.1922110000000001,CAN,COL,841899
4052497,41,49,8854,2002,3530.0,0.0,2.218095,0.620946,CHE,COL,841899
4052498,42,49,8854,2002,29821.0,7564.0,-0.035264,-0.101796,CHL,COL,841899
4052499,43,49,8854,2002,8306.0,0.0,0.576746,2.7995520000000003,CHN,COL,841899
4052500,52,49,8854,2002,0.0,1437662.0,0.03619,-0.187718,CRI,COL,841899
4052501,61,49,8854,2002,69067.0,0.0,2.297691,-2.183239,DEU,COL,841899
4052502,64,49,8854,2002,32832.0,5982.0,1.26594,1.225186,DNK,COL,841899
4052503,65,49,8854,2002,2726.0,8866.0,-0.46284899999999995,-0.39210100000000003,DOM,COL,841899
4052504,67,49,8854,2002,1689.0,940827.0,-0.976218,-0.926393,ECU,COL,841899
4052505,71,49,8854,2002,15043.0,0.0,1.012246,2.049594,ESP,COL,841899
4052506,77,49,8854,2002,34391.0,0.0,1.569367,0.9886360000000001,FRA,COL,841899
4052507,93,49,8854,2002,36125.0,14404.0,-0.548834,-0.034464999999999996,GTM,COL,841899
4052508,99,49,8854,2002,0.0,1037.0,-0.877043,-0.658185,HND,COL,841899
4052509,111,49,8854,2002,355204.0,0.0,1.377604,1.2470510000000001,ITA,COL,841899
4052510,114,49,8854,2002,28557.0,0.0,2.556057,0.497673,JPN,COL,841899
4052511,121,49,8854,2002,295551.0,0.0,1.186816,1.075947,KOR,COL,841899
4052512,138,49,8854,2002,1278622.0,132161.0,0.942061,0.6311260000000001,MEX,COL,841899
4052513,162,49,8854,2002,4691.0,0.0,1.206176,1.7136360000000002,NLD,COL,841899
4052514,169,49,8854,2002,5190.0,150434.0,0.134759,0.234258,PAN,COL,841899
4052515,173,49,8854,2002,0.0,430537.0,-0.6126199999999999,0.085944,PER,COL,841899
4052516,179,49,8854,2002,10260.0,0.0,0.484407,1.6500080000000001,PRT,COL,841899
4052517,197,49,8854,2002,0.0,277027.0,-0.280138,-0.099225,SLV,COL,841899
4052518,206,49,8854,2002,924.0,0.0,1.1907379999999999,1.050649,SVK,COL,841899
4052519,208,49,8854,2002,1040.0,0.0,2.128614,0.7891199999999999,SWE,COL,841899
4052520,216,49,8854,2002,13606.0,0.0,0.432041,1.627953,THA,COL,841899
4052521,222,49,8854,2002,2577.0,0.0,0.074907,-0.8203879999999999,TTO,COL,841899
4052522,224,49,8854,2002,10193.0,0.0,0.11263699999999999,1.83925,TUR,COL,841899
4052523,231,49,8854,2002,1800369.0,15275.0,1.821594,0.231296,USA,COL,841899
4052524,236,49,8854,2002,2622.0,746457.0,0.211536,-0.715675,VEN,COL,841899
4052525,249,49,8854,2002,23910.0,0.0,1.683858,1.333601,TWN,COL,841899
4052526,250,49,8854,2002,149421.0,0.0,0.734927,-0.40114099999999997,ANS,COL,841899
4052527,6,52,8854,2002,0.0,1005.0,0.346519,-0.631549,ANT,CRI,841899
4052528,8,52,8854,2002,689017.0,0.0,0.284536,0.517425,ARG,CRI,841899
4052529,18,52,8854,2002,118856.0,0.0,1.4097469999999999,1.440169,BEL,CRI,841899
4052530,32,52,8854,2002,1996.0,0.0,0.677883,1.0227190000000002,BRA,CRI,841899
4052531,42,52,8854,2002,4064.0,4829.0,-0.035264,-0.101796,CHL,CRI,841899
4052532,43,52,8854,2002,1462.0,0.0,0.576746,2.7995520000000003,CHN,CRI,841899
4052533,49,52,8854,2002,1437662.0,0.0,0.345094,0.37787800000000005,COL,CRI,841899
4052534,61,52,8854,2002,13415.0,0.0,2.297691,-2.183239,DEU,CRI,841899
4052535,64,52,8854,2002,39058.0,0.0,1.26594,1.225186,DNK,CRI,841899
4052536,65,52,8854,2002,0.0,966.0,-0.46284899999999995,-0.39210100000000003,DOM,CRI,841899
4052537,67,52,8854,2002,0.0,8247.0,-0.976218,-0.926393,ECU,CRI,841899
4052538,71,52,8854,2002,86957.0,0.0,1.012246,2.049594,ESP,CRI,841899
4052539,77,52,8854,2002,20553.0,1468.0,1.569367,0.9886360000000001,FRA,CRI,841899
4052540,93,52,8854,2002,116565.0,29142.0,-0.548834,-0.034464999999999996,GTM,CRI,841899
4052541,99,52,8854,2002,0.0,9575.0,-0.877043,-0.658185,HND,CRI,841899
4052542,103,52,8854,2002,0.0,7394.0,-0.10020499999999999,1.590314,IDN,CRI,841899
4052543,111,52,8854,2002,339307.0,0.0,1.377604,1.2470510000000001,ITA,CRI,841899
4052544,114,52,8854,2002,5543.0,0.0,2.556057,0.497673,JPN,CRI,841899
4052545,121,52,8854,2002,1453.0,0.0,1.186816,1.075947,KOR,CRI,841899
4052546,138,52,8854,2002,224321.0,3124.0,0.942061,0.6311260000000001,MEX,CRI,841899
4052547,160,52,8854,2002,2621.0,24256.0,-0.677398,-0.564472,NIC,CRI,841899
4052548,162,52,8854,2002,9969.0,0.0,1.206176,1.7136360000000002,NLD,CRI,841899
4052549,166,52,8854,2002,132163.0,0.0,0.542585,0.854243,NZL,CRI,841899
4052550,169,52,8854,2002,16726.0,26021.0,0.134759,0.234258,PAN,CRI,841899
4052551,174,52,8854,2002,0.0,9771.0,0.055439999999999996,-0.179809,PHL,CRI,841899
4052552,178,52,8854,2002,1603.0,0.0,0.43756999999999996,0.744264,PRK,CRI,841899
4052553,179,52,8854,2002,14898.0,0.0,0.484407,1.6500080000000001,PRT,CRI,841899
4052554,185,52,8854,2002,426.0,0.0,0.29888200000000004,0.980376,ROU,CRI,841899
4052555,197,52,8854,2002,8831.0,11155.0,-0.280138,-0.099225,SLV,CRI,841899
4052556,208,52,8854,2002,57971.0,0.0,2.128614,0.7891199999999999,SWE,CRI,841899
4052557,222,52,8854,2002,121728.0,4385.0,0.074907,-0.8203879999999999,TTO,CRI,841899
4052558,231,52,8854,2002,2927844.0,34132.0,1.821594,0.231296,USA,CRI,841899
4052559,236,52,8854,2002,0.0,36167.0,0.211536,-0.715675,VEN,CRI,841899
4052560,249,52,8854,2002,8089.0,0.0,1.683858,1.333601,TWN,CRI,841899
4052561,8,54,8854,2002,2459.0,0.0,0.284536,0.517425,ARG,CUB,841899
4052562,18,54,8854,2002,8124.0,0.0,1.4097469999999999,1.440169,BEL,CUB,841899
4052563,32,54,8854,2002,22166.0,0.0,0.677883,1.0227190000000002,BRA,CUB,841899
4052564,39,54,8854,2002,169543.0,1893.0,0.9963280000000001,1.1922110000000001,CAN,CUB,841899
4052565,41,54,8854,2002,16559.0,0.0,2.218095,0.620946,CHE,CUB,841899
4052566,42,54,8854,2002,47082.0,0.0,-0.035264,-0.101796,CHL,CUB,841899
4052567,43,54,8854,2002,12028.0,0.0,0.576746,2.7995520000000003,CHN,CUB,841899
4052568,61,54,8854,2002,37145.0,0.0,2.297691,-2.183239,DEU,CUB,841899
4052569,63,54,8854,2002,6121.0,0.0,0.196298,-0.129221,DMA,CUB,841899
4052570,64,54,8854,2002,53238.0,0.0,1.26594,1.225186,DNK,CUB,841899
4052571,71,54,8854,2002,3675156.0,34288.0,1.012246,2.049594,ESP,CUB,841899
4052572,77,54,8854,2002,39333.0,0.0,1.569367,0.9886360000000001,FRA,CUB,841899
4052573,81,54,8854,2002,11283.0,0.0,1.893177,0.831382,GBR,CUB,841899
4052574,90,54,8854,2002,5471.0,0.0,0.31858000000000003,1.47417,GRC,CUB,841899
4052575,93,54,8854,2002,5784.0,0.0,-0.548834,-0.034464999999999996,GTM,CUB,841899
4052576,111,54,8854,2002,1053314.0,0.0,1.377604,1.2470510000000001,ITA,CUB,841899
4052577,114,54,8854,2002,28667.0,0.0,2.556057,0.497673,JPN,CUB,841899
4052578,121,54,8854,2002,62869.0,0.0,1.186816,1.075947,KOR,CUB,841899
4052579,131,54,8854,2002,258352.0,0.0,1.605378,1.152973,LUX,CUB,841899
4052580,138,54,8854,2002,22166.0,0.0,0.942061,0.6311260000000001,MEX,CUB,841899
4052581,162,54,8854,2002,3786.0,0.0,1.206176,1.7136360000000002,NLD,CUB,841899
4052582,169,54,8854,2002,4063.0,0.0,0.134759,0.234258,PAN,CUB,841899
4052583,179,54,8854,2002,62819.0,0.0,0.484407,1.6500080000000001,PRT,CUB,841899
4052584,186,54,8854,2002,0.0,1049.0,1.109397,0.424229,RUS,CUB,841899
4052585,208,54,8854,2002,1681.0,0.0,2.128614,0.7891199999999999,SWE,CUB,841899
4052586,216,54,8854,2002,5942.0,0.0,0.432041,1.627953,THA,CUB,841899
4052587,228,54,8854,2002,18011.0,0.0,0.835485,0.872135,UKR,CUB,841899
4052588,249,54,8854,2002,19355.0,0.0,1.683858,1.333601,TWN,CUB,841899
4052589,0,61,8854,2002,0.0,7000.0,0.017075999999999997,-0.844024,ABW,DEU,841899
4052590,2,61,8854,2002,0.0,4000.0,-2.018135,-1.222751,AGO,DEU,841899
4052591,4,61,8854,2002,0.0,890.0,-0.127828,-0.126857,ALB,DEU,841899
4052592,5,61,8854,2002,0.0,843.0,1.1751610000000001,0.8631700000000001,AND,DEU,841899
4052593,6,61,8854,2002,0.0,7000.0,0.346519,-0.631549,ANT,DEU,841899
4052594,7,61,8854,2002,0.0,858966.0,0.044683,-0.247191,ARE,DEU,841899
4052595,8,61,8854,2002,54726.0,97178.0,0.284536,0.517425,ARG,DEU,841899
4052596,9,61,8854,2002,0.0,882.0,0.710274,-0.11309000000000001,ARM,DEU,841899
4052597,14,61,8854,2002,49390.0,766981.0,0.231386,0.771628,AUS,DEU,841899
4052598,15,61,8854,2002,9500721.0,16489007.0,1.8651200000000001,0.48423900000000003,AUT,DEU,841899
4052599,16,61,8854,2002,0.0,5305.0,-0.41282299999999994,-0.967931,AZE,DEU,841899
4052600,18,61,8854,2002,4676175.0,3646736.0,1.4097469999999999,1.440169,BEL,DEU,841899
4052601,19,61,8854,2002,0.0,9234.0,-0.724829,-0.705625,BEN,DEU,841899
4052602,22,61,8854,2002,0.0,14461.0,-1.134933,-1.061633,BGD,DEU,841899
4052603,23,61,8854,2002,652321.0,1738940.0,0.37451100000000004,1.573517,BGR,DEU,841899
4052604,24,61,8854,2002,0.0,113966.0,-0.146585,-1.006558,BHR,DEU,841899
4052605,25,61,8854,2002,0.0,20964.0,0.641626,-0.37892800000000004,BHS,DEU,841899
4052606,26,61,8854,2002,0.0,134000.0,0.26339,0.30287,BIH,DEU,841899
4052607,28,61,8854,2002,823.0,84358.0,0.825865,1.0148979999999999,BLR,DEU,841899
4052608,30,61,8854,2002,0.0,2000.0,1.129,-0.476633,BMU,DEU,841899
4052609,31,61,8854,2002,0.0,27110.0,-0.885342,-0.819517,BOL,DEU,841899
4052610,32,61,8854,2002,28950.0,5459371.0,0.677883,1.0227190000000002,BRA,DEU,841899
4052611,33,61,8854,2002,0.0,1090.0,0.762217,0.004367,BRB,DEU,841899
4052612,34,61,8854,2002,0.0,1777.0,-1.7894169999999998,-1.034672,BRN,DEU,841899
4052613,39,61,8854,2002,95627.0,244008.0,0.9963280000000001,1.1922110000000001,CAN,DEU,841899
4052614,41,61,8854,2002,1659287.0,12064134.0,2.218095,0.620946,CHE,DEU,841899
4052615,42,61,8854,2002,0.0,1003284.0,-0.035264,-0.101796,CHL,DEU,841899
4052616,43,61,8854,2002,1169519.0,23935410.0,0.576746,2.7995520000000003,CHN,DEU,841899
4052617,44,61,8854,2002,0.0,15727.0,-0.816327,-0.711765,CIV,DEU,841899
4052618,45,61,8854,2002,0.0,1805.0,-1.114477,-1.0516510000000001,CMR,DEU,841899
4052619,46,61,8854,2002,0.0,5000.0,-1.2657370000000001,-1.108659,COD,DEU,841899
4052620,47,61,8854,2002,0.0,7000.0,-1.62227,-1.202067,COG,DEU,841899
4052621,49,61,8854,2002,0.0,69067.0,0.345094,0.37787800000000005,COL,DEU,841899
4052622,51,61,8854,2002,0.0,1562.0,-0.29720100000000005,-0.703051,CPV,DEU,841899
4052623,52,61,8854,2002,0.0,13415.0,0.03619,-0.187718,CRI,DEU,841899
4052624,54,61,8854,2002,0.0,37145.0,-0.479213,-0.951203,CUB,DEU,841899
4052625,57,61,8854,2002,0.0,1000.0,0.7098220000000001,-0.633359,CYM,DEU,841899
4052626,58,61,8854,2002,0.0,211770.0,0.381391,0.40265,CYP,DEU,841899
4052627,59,61,8854,2002,56680312.0,6519934.0,1.550713,1.037066,CZE,DEU,841899
4052628,64,61,8854,2002,2483815.0,4204978.0,1.26594,1.225186,DNK,DEU,841899
4052629,65,61,8854,2002,0.0,14734.0,-0.46284899999999995,-0.39210100000000003,DOM,DEU,841899
4052630,66,61,8854,2002,0.0,37561.0,-0.912033,-1.1731850000000001,DZA,DEU,841899
4052631,67,61,8854,2002,0.0,43073.0,-0.976218,-0.926393,ECU,DEU,841899
4052632,68,61,8854,2002,9913.0,308107.0,-0.377127,0.549439,EGY,DEU,841899
4052633,71,61,8854,2002,3651188.0,9247485.0,1.012246,2.049594,ESP,DEU,841899
4052634,72,61,8854,2002,15529.0,679222.0,0.54511,0.9135979999999999,EST,DEU,841899
4052635,73,61,8854,2002,0.0,37555.0,-1.096371,-0.9566709999999999,ETH,DEU,841899
4052636,74,61,8854,2002,326773.0,1296495.0,2.0234240000000003,0.979141,FIN,DEU,841899
4052637,75,61,8854,2002,0.0,1294.0,-0.588136,-0.242883,FJI,DEU,841899
4052638,77,61,8854,2002,13322457.0,14334903.0,1.569367,0.9886360000000001,FRA,DEU,841899
4052639,78,61,8854,2002,738.0,264.0,-0.410455,-0.821335,FRO,DEU,841899
4052640,80,61,8854,2002,0.0,1540.0,-0.830094,-1.149233,GAB,DEU,841899
4052641,81,61,8854,2002,11387458.0,13917675.0,1.893177,0.831382,GBR,DEU,841899
4052642,82,61,8854,2002,0.0,3658.0,0.662382,-0.124825,GEO,DEU,841899
4052643,83,61,8854,2002,0.0,16896.0,-1.333425,-1.0709879999999998,GHA,DEU,841899
4052644,84,61,8854,2002,0.0,857.0,0.814919,-0.205996,GIB,DEU,841899
4052645,85,61,8854,2002,0.0,12231.0,-1.85329,-1.243105,GIN,DEU,841899
4052646,87,61,8854,2002,0.0,17062.0,0.075971,-0.068413,GMB,DEU,841899
4052647,89,61,8854,2002,0.0,1000.0,-2.3567560000000003,-0.88686,GNQ,DEU,841899
4052648,90,61,8854,2002,153966.0,3145762.0,0.31858000000000003,1.47417,GRC,DEU,841899
4052649,93,61,8854,2002,0.0,172768.0,-0.548834,-0.034464999999999996,GTM,DEU,841899
4052650,96,61,8854,2002,0.0,2551.0,-0.9485889999999999,-0.9086489999999999,GUY,DEU,841899
4052651,97,61,8854,2002,95761.0,644476.0,0.5701109999999999,1.989357,HKG,DEU,841899
4052652,99,61,8854,2002,0.0,1618.0,-0.877043,-0.658185,HND,DEU,841899
4052653,100,61,8854,2002,192632.0,340924.0,0.591276,1.030723,HRV,DEU,841899
4052654,102,61,8854,2002,3236937.0,12141750.0,1.179684,1.0574860000000001,HUN,DEU,841899
4052655,103,61,8854,2002,136767.0,1378277.0,-0.10020499999999999,1.590314,IDN,DEU,841899
4052656,104,61,8854,2002,88463.0,286340.0,0.380867,2.608955,IND,DEU,841899
4052657,106,61,8854,2002,5684736.0,1299394.0,1.7232880000000002,0.091172,IRL,DEU,841899
4052658,107,61,8854,2002,1668.0,1701333.0,-0.5707840000000001,-0.705612,IRN,DEU,841899
4052659,108,61,8854,2002,0.0,4000.0,-0.397477,-0.811214,IRQ,DEU,841899
4052660,109,61,8854,2002,0.0,120114.0,0.23601999999999998,-0.34781,ISL,DEU,841899
4052661,110,61,8854,2002,282822.0,310335.0,1.334174,0.654331,ISR,DEU,841899
4052662,111,61,8854,2002,46703536.0,8475408.0,1.377604,1.2470510000000001,ITA,DEU,841899
4052663,112,61,8854,2002,0.0,571.0,-0.604813,-0.9309860000000001,JAM,DEU,841899
4052664,113,61,8854,2002,0.0,230080.0,0.24197600000000002,0.196635,JOR,DEU,841899
4052665,114,61,8854,2002,28598164.0,2131280.0,2.556057,0.497673,JPN,DEU,841899
4052666,115,61,8854,2002,0.0,367737.0,-0.065332,-0.616159,KAZ,DEU,841899
4052667,116,61,8854,2002,0.0,51725.0,-0.555812,0.169204,KEN,DEU,841899
4052668,121,61,8854,2002,340188.0,588347.0,1.186816,1.075947,KOR,DEU,841899
4052669,122,61,8854,2002,0.0,262353.0,-0.6629550000000001,-1.157214,KWT,DEU,841899
4052670,124,61,8854,2002,11565.0,389821.0,0.2729,1.254232,LBN,DEU,841899
4052671,126,61,8854,2002,0.0,94000.0,-0.568615,-1.172261,LBY,DEU,841899
4052672,128,61,8854,2002,0.0,10365.0,-0.740927,0.023171,LKA,DEU,841899
4052673,130,61,8854,2002,31315.0,1989674.0,0.23102399999999998,0.586078,LTU,DEU,841899
4052674,131,61,8854,2002,110554.0,905866.0,1.605378,1.152973,LUX,DEU,841899
4052675,132,61,8854,2002,0.0,400772.0,0.45210200000000006,0.515388,LVA,DEU,841899
4052676,134,61,8854,2002,0.0,221358.0,-0.810467,-0.34807899999999997,MAR,DEU,841899
4052677,135,61,8854,2002,0.0,94562.0,-0.186001,-0.141598,MDA,DEU,841899
4052678,136,61,8854,2002,0.0,103589.0,-1.120167,-0.43338699999999997,MDG,DEU,841899
4052679,137,61,8854,2002,0.0,2427.0,-1.3007440000000001,-1.0420120000000002,MDV,DEU,841899
4052680,138,61,8854,2002,585014.0,3317924.0,0.942061,0.6311260000000001,MEX,DEU,841899
4052681,140,61,8854,2002,0.0,6648.0,-0.030274000000000002,0.359317,MKD,DEU,841899
4052682,142,61,8854,2002,0.0,78340.0,1.12245,0.019001,MLT,DEU,841899
4052683,143,61,8854,2002,0.0,3000.0,-1.571568,-1.131512,MMR,DEU,841899
4052684,145,61,8854,2002,0.0,12000.0,-0.895827,-0.9913799999999999,MNG,DEU,841899
4052685,151,61,8854,2002,0.0,20777.0,-0.37937600000000005,-0.388848,MUS,DEU,841899
4052686,153,61,8854,2002,3388.0,74507.0,0.704957,0.243398,MYS,DEU,841899
4052687,154,61,8854,2002,0.0,1760.0,0.34587399999999996,-0.537626,MYT,DEU,841899
4052688,156,61,8854,2002,0.0,1756.0,-0.292646,-0.823263,NCL,DEU,841899
4052689,159,61,8854,2002,0.0,1629752.0,-1.8315700000000001,-1.25171,NGA,DEU,841899
4052690,162,61,8854,2002,16423328.0,9603856.0,1.206176,1.7136360000000002,NLD,DEU,841899
4052691,163,61,8854,2002,250652.0,954967.0,1.110882,0.17164100000000002,NOR,DEU,841899
4052692,166,61,8854,2002,2091.0,79065.0,0.542585,0.854243,NZL,DEU,841899
4052693,167,61,8854,2002,0.0,65180.0,-1.238769,-1.225841,OMN,DEU,841899
4052694,168,61,8854,2002,0.0,39000.0,-0.877655,-0.322094,PAK,DEU,841899
4052695,169,61,8854,2002,0.0,17234.0,0.134759,0.234258,PAN,DEU,841899
4052696,173,61,8854,2002,2326.0,248235.0,-0.6126199999999999,0.085944,PER,DEU,841899
4052697,174,61,8854,2002,38998.0,496307.0,0.055439999999999996,-0.179809,PHL,DEU,841899
4052698,177,61,8854,2002,2540783.0,7130738.0,0.931642,1.721727,POL,DEU,841899
4052699,178,61,8854,2002,0.0,459000.0,0.43756999999999996,0.744264,PRK,DEU,841899
4052700,179,61,8854,2002,100919.0,992018.0,0.484407,1.6500080000000001,PRT,DEU,841899
4052701,182,61,8854,2002,0.0,798.0,0.042936,-0.7421840000000001,PYF,DEU,841899
4052702,183,61,8854,2002,0.0,17214.0,-0.306052,-1.098296,QAT,DEU,841899
4052703,185,61,8854,2002,33055.0,1161202.0,0.29888200000000004,0.980376,ROU,DEU,841899
4052704,186,61,8854,2002,8090.0,5489616.0,1.109397,0.424229,RUS,DEU,841899
4052705,188,61,8854,2002,0.0,1255281.0,0.082107,-0.843317,SAU,DEU,841899
4052706,189,61,8854,2002,0.0,120861.0,0.55781,2.135925,SCG,DEU,841899
4052707,190,61,8854,2002,0.0,138629.0,-1.499925,-1.228374,SDN,DEU,841899
4052708,191,61,8854,2002,0.0,1694.0,-0.43679700000000005,-0.484176,SEN,DEU,841899
4052709,192,61,8854,2002,4533.0,870671.0,1.481857,0.648889,SGP,DEU,841899
4052710,196,61,8854,2002,27596.0,23771.0,0.397488,-0.027672000000000002,SLE,DEU,841899
4052711,197,61,8854,2002,0.0,321491.0,-0.280138,-0.099225,SLV,DEU,841899
4052712,203,61,8854,2002,0.0,1983.0,0.47539499999999996,-0.297348,STP,DEU,841899
4052713,206,61,8854,2002,131737.0,426873.0,1.1907379999999999,1.050649,SVK,DEU,841899
4052714,207,61,8854,2002,2025376.0,416067.0,1.5643770000000001,1.043862,SVN,DEU,841899
4052715,208,61,8854,2002,3362729.0,2567922.0,2.128614,0.7891199999999999,SWE,DEU,841899
4052716,211,61,8854,2002,0.0,206.0,-0.977247,-0.927527,SYC,DEU,841899
4052717,212,61,8854,2002,0.0,20185.0,-1.067974,-0.513309,SYR,DEU,841899
4052718,214,61,8854,2002,0.0,15000.0,0.160853,-0.672233,TCD,DEU,841899
4052719,215,61,8854,2002,0.0,823.0,-0.6810039999999999,-0.6286930000000001,TGO,DEU,841899
4052720,216,61,8854,2002,114745.0,608488.0,0.432041,1.627953,THA,DEU,841899
4052721,220,61,8854,2002,0.0,3000.0,0.363225,-0.536718,TLS,DEU,841899
4052722,222,61,8854,2002,0.0,3346.0,0.074907,-0.8203879999999999,TTO,DEU,841899
4052723,223,61,8854,2002,0.0,164438.0,-0.221951,0.325506,TUN,DEU,841899
4052724,224,61,8854,2002,1824676.0,3785124.0,0.11263699999999999,1.83925,TUR,DEU,841899
4052725,226,61,8854,2002,0.0,2451.0,-1.189463,-0.48640600000000006,TZA,DEU,841899
4052726,227,61,8854,2002,0.0,1566.0,-1.038337,-0.896425,UGA,DEU,841899
4052727,228,61,8854,2002,250600.0,1849476.0,0.835485,0.872135,UKR,DEU,841899
4052728,229,61,8854,2002,0.0,1000.0,0.317662,-0.46541000000000005,UMI,DEU,841899
4052729,230,61,8854,2002,0.0,14893.0,0.300502,0.16817000000000001,URY,DEU,841899
4052730,231,61,8854,2002,10153218.0,8580162.0,1.821594,0.231296,USA,DEU,841899
4052731,232,61,8854,2002,0.0,8000.0,-0.379765,-0.5965159999999999,UZB,DEU,841899
4052732,236,61,8854,2002,0.0,965393.0,0.211536,-0.715675,VEN,DEU,841899
4052733,239,61,8854,2002,0.0,120248.0,-0.589665,0.799874,VNM,DEU,841899
4052734,243,61,8854,2002,0.0,374000.0,-1.233006,-1.22101,YEM,DEU,841899
4052735,246,61,8854,2002,2367411.0,2003417.0,0.395943,2.392458,ZAF,DEU,841899
4052736,247,61,8854,2002,0.0,2123.0,-0.654686,-0.545346,ZMB,DEU,841899
4052737,248,61,8854,2002,0.0,1753.0,-0.309483,0.271457,ZWE,DEU,841899
4052738,249,61,8854,2002,121630.0,210829.0,1.683858,1.333601,TWN,DEU,841899
4052739,250,61,8854,2002,21923.0,94961.0,0.734927,-0.40114099999999997,ANS,DEU,841899
4052740,6,64,8854,2002,0.0,15063.0,0.346519,-0.631549,ANT,DNK,841899
4052741,7,64,8854,2002,0.0,1027798.0,0.044683,-0.247191,ARE,DNK,841899
4052742,8,64,8854,2002,342090.0,26321.0,0.284536,0.517425,ARG,DNK,841899
4052743,9,64,8854,2002,0.0,7131.0,0.710274,-0.11309000000000001,ARM,DNK,841899
4052744,14,64,8854,2002,0.0,679900.0,0.231386,0.771628,AUS,DNK,841899
4052745,15,64,8854,2002,23346.0,1358810.0,1.8651200000000001,0.48423900000000003,AUT,DNK,841899
4052746,17,64,8854,2002,0.0,4758.0,-0.333602,-0.648837,BDI,DNK,841899
4052747,18,64,8854,2002,2647730.0,334204.0,1.4097469999999999,1.440169,BEL,DNK,841899
4052748,22,64,8854,2002,0.0,10102.0,-1.134933,-1.061633,BGD,DNK,841899
4052749,23,64,8854,2002,0.0,123907.0,0.37451100000000004,1.573517,BGR,DNK,841899
4052750,24,64,8854,2002,0.0,7400.0,-0.146585,-1.006558,BHR,DNK,841899
4052751,28,64,8854,2002,0.0,3601.0,0.825865,1.0148979999999999,BLR,DNK,841899
4052752,31,64,8854,2002,0.0,18583.0,-0.885342,-0.819517,BOL,DNK,841899
4052753,32,64,8854,2002,5126.0,182878.0,0.677883,1.0227190000000002,BRA,DNK,841899
4052754,33,64,8854,2002,1416.0,1620.0,0.762217,0.004367,BRB,DNK,841899
4052755,39,64,8854,2002,5365.0,447712.0,0.9963280000000001,1.1922110000000001,CAN,DNK,841899
4052756,41,64,8854,2002,13873.0,742930.0,2.218095,0.620946,CHE,DNK,841899
4052757,42,64,8854,2002,2074.0,241409.0,-0.035264,-0.101796,CHL,DNK,841899
4052758,43,64,8854,2002,457615.0,1557976.0,0.576746,2.7995520000000003,CHN,DNK,841899
4052759,45,64,8854,2002,0.0,1482.0,-1.114477,-1.0516510000000001,CMR,DNK,841899
4052760,46,64,8854,2002,0.0,2564.0,-1.2657370000000001,-1.108659,COD,DNK,841899
4052761,49,64,8854,2002,5982.0,32832.0,0.345094,0.37787800000000005,COL,DNK,841899
4052762,52,64,8854,2002,0.0,39058.0,0.03619,-0.187718,CRI,DNK,841899
4052763,54,64,8854,2002,0.0,53238.0,-0.479213,-0.951203,CUB,DNK,841899
4052764,58,64,8854,2002,0.0,9538.0,0.381391,0.40265,CYP,DNK,841899
4052765,59,64,8854,2002,671860.0,173764.0,1.550713,1.037066,CZE,DNK,841899
4052766,61,64,8854,2002,4204978.0,2483815.0,2.297691,-2.183239,DEU,DNK,841899
4052767,65,64,8854,2002,0.0,29384.0,-0.46284899999999995,-0.39210100000000003,DOM,DNK,841899
4052768,66,64,8854,2002,0.0,66177.0,-0.912033,-1.1731850000000001,DZA,DNK,841899
4052769,67,64,8854,2002,0.0,38225.0,-0.976218,-0.926393,ECU,DNK,841899
4052770,68,64,8854,2002,0.0,37989.0,-0.377127,0.549439,EGY,DNK,841899
4052771,69,64,8854,2002,0.0,30599.0,0.831973,-0.050712,ERI,DNK,841899
4052772,71,64,8854,2002,308144.0,722691.0,1.012246,2.049594,ESP,DNK,841899
4052773,72,64,8854,2002,32043.0,425995.0,0.54511,0.9135979999999999,EST,DNK,841899
4052774,73,64,8854,2002,0.0,1023.0,-1.096371,-0.9566709999999999,ETH,DNK,841899
4052775,74,64,8854,2002,372333.0,498718.0,2.0234240000000003,0.979141,FIN,DNK,841899
4052776,75,64,8854,2002,0.0,356.0,-0.588136,-0.242883,FJI,DNK,841899
4052777,77,64,8854,2002,810606.0,1286369.0,1.569367,0.9886360000000001,FRA,DNK,841899
4052778,78,64,8854,2002,0.0,797341.0,-0.410455,-0.821335,FRO,DNK,841899
4052779,81,64,8854,2002,2246130.0,2471231.0,1.893177,0.831382,GBR,DNK,841899
4052780,83,64,8854,2002,0.0,253332.0,-1.333425,-1.0709879999999998,GHA,DNK,841899
4052781,84,64,8854,2002,0.0,1744.0,0.814919,-0.205996,GIB,DNK,841899
4052782,90,64,8854,2002,0.0,237425.0,0.31858000000000003,1.47417,GRC,DNK,841899
4052783,92,64,8854,2002,0.0,1769655.0,-0.592221,-0.8956799999999999,GRL,DNK,841899
4052784,93,64,8854,2002,0.0,14695.0,-0.548834,-0.034464999999999996,GTM,DNK,841899
4052785,97,64,8854,2002,109748.0,186558.0,0.5701109999999999,1.989357,HKG,DNK,841899
4052786,99,64,8854,2002,0.0,4758.0,-0.877043,-0.658185,HND,DNK,841899
4052787,100,64,8854,2002,1140.0,369178.0,0.591276,1.030723,HRV,DNK,841899
4052788,101,64,8854,2002,0.0,6844.0,-1.220251,-0.8176859999999999,HTI,DNK,841899
4052789,102,64,8854,2002,178554.0,378614.0,1.179684,1.0574860000000001,HUN,DNK,841899
4052790,103,64,8854,2002,1184.0,142884.0,-0.10020499999999999,1.590314,IDN,DNK,841899
4052791,104,64,8854,2002,8924.0,227154.0,0.380867,2.608955,IND,DNK,841899
4052792,106,64,8854,2002,103768.0,89653.0,1.7232880000000002,0.091172,IRL,DNK,841899
4052793,107,64,8854,2002,0.0,350036.0,-0.5707840000000001,-0.705612,IRN,DNK,841899
4052794,108,64,8854,2002,0.0,50828.0,-0.397477,-0.811214,IRQ,DNK,841899
4052795,109,64,8854,2002,188748.0,181899.0,0.23601999999999998,-0.34781,ISL,DNK,841899
4052796,110,64,8854,2002,28884.0,211495.0,1.334174,0.654331,ISR,DNK,841899
4052797,111,64,8854,2002,3992656.0,847824.0,1.377604,1.2470510000000001,ITA,DNK,841899
4052798,112,64,8854,2002,0.0,3566.0,-0.604813,-0.9309860000000001,JAM,DNK,841899
4052799,113,64,8854,2002,0.0,68257.0,0.24197600000000002,0.196635,JOR,DNK,841899
4052800,114,64,8854,2002,72181.0,876935.0,2.556057,0.497673,JPN,DNK,841899
4052801,115,64,8854,2002,0.0,137148.0,-0.065332,-0.616159,KAZ,DNK,841899
4052802,116,64,8854,2002,0.0,6966.0,-0.555812,0.169204,KEN,DNK,841899
4052803,117,64,8854,2002,0.0,1339.0,0.081807,0.16872,KGZ,DNK,841899
4052804,119,64,8854,2002,0.0,3377.0,0.016975,-0.791141,KIR,DNK,841899
4052805,121,64,8854,2002,5798.0,461049.0,1.186816,1.075947,KOR,DNK,841899
4052806,122,64,8854,2002,0.0,53866.0,-0.6629550000000001,-1.157214,KWT,DNK,841899
4052807,124,64,8854,2002,0.0,28663.0,0.2729,1.254232,LBN,DNK,841899
4052808,128,64,8854,2002,0.0,10631.0,-0.740927,0.023171,LKA,DNK,841899
4052809,130,64,8854,2002,1111.0,209363.0,0.23102399999999998,0.586078,LTU,DNK,841899
4052810,131,64,8854,2002,14558.0,9644.0,1.605378,1.152973,LUX,DNK,841899
4052811,132,64,8854,2002,0.0,81875.0,0.45210200000000006,0.515388,LVA,DNK,841899
4052812,134,64,8854,2002,0.0,8328.0,-0.810467,-0.34807899999999997,MAR,DNK,841899
4052813,135,64,8854,2002,0.0,55843.0,-0.186001,-0.141598,MDA,DNK,841899
4052814,137,64,8854,2002,0.0,777.0,-1.3007440000000001,-1.0420120000000002,MDV,DNK,841899
4052815,138,64,8854,2002,9852.0,590219.0,0.942061,0.6311260000000001,MEX,DNK,841899
4052816,140,64,8854,2002,0.0,2756.0,-0.030274000000000002,0.359317,MKD,DNK,841899
4052817,141,64,8854,2002,0.0,3173.0,-0.8948520000000001,-0.863375,MLI,DNK,841899
4052818,142,64,8854,2002,0.0,1122.0,1.12245,0.019001,MLT,DNK,841899
4052819,143,64,8854,2002,0.0,62024.0,-1.571568,-1.131512,MMR,DNK,841899
4052820,145,64,8854,2002,0.0,2679.0,-0.895827,-0.9913799999999999,MNG,DNK,841899
4052821,151,64,8854,2002,0.0,16138.0,-0.37937600000000005,-0.388848,MUS,DNK,841899
4052822,152,64,8854,2002,0.0,1536.0,-1.441416,-1.214651,MWI,DNK,841899
4052823,153,64,8854,2002,0.0,107726.0,0.704957,0.243398,MYS,DNK,841899
4052824,156,64,8854,2002,0.0,11048.0,-0.292646,-0.823263,NCL,DNK,841899
4052825,157,64,8854,2002,0.0,3771.0,-0.344562,-0.304996,NER,DNK,841899
4052826,159,64,8854,2002,0.0,194087.0,-1.8315700000000001,-1.25171,NGA,DNK,841899
4052827,162,64,8854,2002,1877205.0,467175.0,1.206176,1.7136360000000002,NLD,DNK,841899
4052828,163,64,8854,2002,388575.0,1772784.0,1.110882,0.17164100000000002,NOR,DNK,841899
4052829,164,64,8854,2002,0.0,3114.0,-0.216428,0.44377700000000003,NPL,DNK,841899
4052830,166,64,8854,2002,10209.0,100919.0,0.542585,0.854243,NZL,DNK,841899
4052831,167,64,8854,2002,0.0,13055.0,-1.238769,-1.225841,OMN,DNK,841899
4052832,168,64,8854,2002,0.0,106557.0,-0.877655,-0.322094,PAK,DNK,841899
4052833,169,64,8854,2002,1499.0,0.0,0.134759,0.234258,PAN,DNK,841899
4052834,173,64,8854,2002,0.0,24538.0,-0.6126199999999999,0.085944,PER,DNK,841899
4052835,174,64,8854,2002,0.0,35154.0,0.055439999999999996,-0.179809,PHL,DNK,841899
4052836,177,64,8854,2002,78111.0,997705.0,0.931642,1.721727,POL,DNK,841899
4052837,178,64,8854,2002,0.0,46207.0,0.43756999999999996,0.744264,PRK,DNK,841899
4052838,179,64,8854,2002,9057.0,81292.0,0.484407,1.6500080000000001,PRT,DNK,841899
4052839,182,64,8854,2002,0.0,5349.0,0.042936,-0.7421840000000001,PYF,DNK,841899
4052840,183,64,8854,2002,0.0,975.0,-0.306052,-1.098296,QAT,DNK,841899
4052841,185,64,8854,2002,4478.0,22608.0,0.29888200000000004,0.980376,ROU,DNK,841899
4052842,186,64,8854,2002,0.0,1516588.0,1.109397,0.424229,RUS,DNK,841899
4052843,188,64,8854,2002,0.0,324737.0,0.082107,-0.843317,SAU,DNK,841899
4052844,189,64,8854,2002,0.0,49975.0,0.55781,2.135925,SCG,DNK,841899
4052845,190,64,8854,2002,0.0,2138.0,-1.499925,-1.228374,SDN,DNK,841899
4052846,191,64,8854,2002,0.0,1524.0,-0.43679700000000005,-0.484176,SEN,DNK,841899
4052847,192,64,8854,2002,19958.0,241566.0,1.481857,0.648889,SGP,DNK,841899
4052848,196,64,8854,2002,0.0,9766.0,0.397488,-0.027672000000000002,SLE,DNK,841899
4052849,197,64,8854,2002,0.0,21645.0,-0.280138,-0.099225,SLV,DNK,841899
4052850,205,64,8854,2002,0.0,4039.0,-0.9120030000000001,-0.8871020000000001,SUR,DNK,841899
4052851,206,64,8854,2002,54811.0,6189.0,1.1907379999999999,1.050649,SVK,DNK,841899
4052852,207,64,8854,2002,141191.0,19417.0,1.5643770000000001,1.043862,SVN,DNK,841899
4052853,208,64,8854,2002,2196556.0,2073722.0,2.128614,0.7891199999999999,SWE,DNK,841899
4052854,211,64,8854,2002,0.0,17991.0,-0.977247,-0.927527,SYC,DNK,841899
4052855,212,64,8854,2002,0.0,1810.0,-1.067974,-0.513309,SYR,DNK,841899
4052856,215,64,8854,2002,0.0,84585.0,-0.6810039999999999,-0.6286930000000001,TGO,DNK,841899
4052857,216,64,8854,2002,23066.0,490691.0,0.432041,1.627953,THA,DNK,841899
4052858,222,64,8854,2002,0.0,448.0,0.074907,-0.8203879999999999,TTO,DNK,841899
4052859,223,64,8854,2002,0.0,118938.0,-0.221951,0.325506,TUN,DNK,841899
4052860,224,64,8854,2002,20583.0,492664.0,0.11263699999999999,1.83925,TUR,DNK,841899
4052861,226,64,8854,2002,0.0,1670.0,-1.189463,-0.48640600000000006,TZA,DNK,841899
4052862,227,64,8854,2002,0.0,85939.0,-1.038337,-0.896425,UGA,DNK,841899
4052863,228,64,8854,2002,0.0,323087.0,0.835485,0.872135,UKR,DNK,841899
4052864,231,64,8854,2002,2039699.0,6593582.0,1.821594,0.231296,USA,DNK,841899
4052865,232,64,8854,2002,0.0,1880.0,-0.379765,-0.5965159999999999,UZB,DNK,841899
4052866,234,64,8854,2002,0.0,3776.0,-0.340281,-0.661246,VCT,DNK,841899
4052867,236,64,8854,2002,0.0,123906.0,0.211536,-0.715675,VEN,DNK,841899
4052868,239,64,8854,2002,0.0,14421.0,-0.589665,0.799874,VNM,DNK,841899
4052869,243,64,8854,2002,0.0,19846.0,-1.233006,-1.22101,YEM,DNK,841899
4052870,246,64,8854,2002,6183.0,97174.0,0.395943,2.392458,ZAF,DNK,841899
4052871,247,64,8854,2002,0.0,24227.0,-0.654686,-0.545346,ZMB,DNK,841899
4052872,248,64,8854,2002,0.0,7909.0,-0.309483,0.271457,ZWE,DNK,841899
4052873,249,64,8854,2002,22031.0,107663.0,1.683858,1.333601,TWN,DNK,841899
4052874,32,65,8854,2002,2661.0,0.0,0.677883,1.0227190000000002,BRA,DOM,841899
4052875,43,65,8854,2002,66074.0,0.0,0.576746,2.7995520000000003,CHN,DOM,841899
4052876,49,65,8854,2002,8866.0,2726.0,0.345094,0.37787800000000005,COL,DOM,841899
4052877,52,65,8854,2002,966.0,0.0,0.03619,-0.187718,CRI,DOM,841899
4052878,61,65,8854,2002,14734.0,0.0,2.297691,-2.183239,DEU,DOM,841899
4052879,64,65,8854,2002,29384.0,0.0,1.26594,1.225186,DNK,DOM,841899
4052880,71,65,8854,2002,482972.0,0.0,1.012246,2.049594,ESP,DOM,841899
4052881,74,65,8854,2002,15330.0,0.0,2.0234240000000003,0.979141,FIN,DOM,841899
4052882,77,65,8854,2002,19637.0,0.0,1.569367,0.9886360000000001,FRA,DOM,841899
4052883,93,65,8854,2002,16562.0,0.0,-0.548834,-0.034464999999999996,GTM,DOM,841899
4052884,97,65,8854,2002,95425.0,0.0,0.5701109999999999,1.989357,HKG,DOM,841899
4052885,106,65,8854,2002,0.0,8242.0,1.7232880000000002,0.091172,IRL,DOM,841899
4052886,111,65,8854,2002,211643.0,0.0,1.377604,1.2470510000000001,ITA,DOM,841899
4052887,112,65,8854,2002,0.0,18992.0,-0.604813,-0.9309860000000001,JAM,DOM,841899
4052888,114,65,8854,2002,11442.0,0.0,2.556057,0.497673,JPN,DOM,841899
4052889,138,65,8854,2002,277479.0,1172.0,0.942061,0.6311260000000001,MEX,DOM,841899
4052890,162,65,8854,2002,3153.0,0.0,1.206176,1.7136360000000002,NLD,DOM,841899
4052891,169,65,8854,2002,4841.0,0.0,0.134759,0.234258,PAN,DOM,841899
4052892,173,65,8854,2002,2607.0,0.0,-0.6126199999999999,0.085944,PER,DOM,841899
4052893,197,65,8854,2002,1898.0,0.0,-0.280138,-0.099225,SLV,DOM,841899
4052894,216,65,8854,2002,4648.0,0.0,0.432041,1.627953,THA,DOM,841899
4052895,222,65,8854,2002,75358.0,0.0,0.074907,-0.8203879999999999,TTO,DOM,841899
4052896,231,65,8854,2002,8638461.0,0.0,1.821594,0.231296,USA,DOM,841899
4052897,236,65,8854,2002,8291.0,0.0,0.211536,-0.715675,VEN,DOM,841899
4052898,249,65,8854,2002,123043.0,0.0,1.683858,1.333601,TWN,DOM,841899
4052899,250,65,8854,2002,1877.0,0.0,0.734927,-0.40114099999999997,ANS,DOM,841899
4052900,8,67,8854,2002,41920.0,0.0,0.284536,0.517425,ARG,ECU,841899
4052901,18,67,8854,2002,70024.0,0.0,1.4097469999999999,1.440169,BEL,ECU,841899
4052902,32,67,8854,2002,288734.0,0.0,0.677883,1.0227190000000002,BRA,ECU,841899
4052903,39,67,8854,2002,1862.0,0.0,0.9963280000000001,1.1922110000000001,CAN,ECU,841899
4052904,42,67,8854,2002,64458.0,0.0,-0.035264,-0.101796,CHL,ECU,841899
4052905,43,67,8854,2002,16676.0,0.0,0.576746,2.7995520000000003,CHN,ECU,841899
4052906,49,67,8854,2002,940827.0,1689.0,0.345094,0.37787800000000005,COL,ECU,841899
4052907,52,67,8854,2002,8247.0,0.0,0.03619,-0.187718,CRI,ECU,841899
4052908,61,67,8854,2002,43073.0,0.0,2.297691,-2.183239,DEU,ECU,841899
4052909,64,67,8854,2002,38225.0,0.0,1.26594,1.225186,DNK,ECU,841899
4052910,71,67,8854,2002,301740.0,0.0,1.012246,2.049594,ESP,ECU,841899
4052911,74,67,8854,2002,1013.0,0.0,2.0234240000000003,0.979141,FIN,ECU,841899
4052912,77,67,8854,2002,242436.0,5987.0,1.569367,0.9886360000000001,FRA,ECU,841899
4052913,81,67,8854,2002,2449.0,0.0,1.893177,0.831382,GBR,ECU,841899
4052914,111,67,8854,2002,884499.0,0.0,1.377604,1.2470510000000001,ITA,ECU,841899
4052915,114,67,8854,2002,20478.0,0.0,2.556057,0.497673,JPN,ECU,841899
4052916,121,67,8854,2002,199516.0,0.0,1.186816,1.075947,KOR,ECU,841899
4052917,131,67,8854,2002,15150.0,0.0,1.605378,1.152973,LUX,ECU,841899
4052918,138,67,8854,2002,76237.0,0.0,0.942061,0.6311260000000001,MEX,ECU,841899
4052919,162,67,8854,2002,236057.0,0.0,1.206176,1.7136360000000002,NLD,ECU,841899
4052920,166,67,8854,2002,0.0,4342.0,0.542585,0.854243,NZL,ECU,841899
4052921,169,67,8854,2002,24105.0,10793.0,0.134759,0.234258,PAN,ECU,841899
4052922,173,67,8854,2002,8014.0,13325.0,-0.6126199999999999,0.085944,PER,ECU,841899
4052923,208,67,8854,2002,4909.0,0.0,2.128614,0.7891199999999999,SWE,ECU,841899
4052924,216,67,8854,2002,17936.0,0.0,0.432041,1.627953,THA,ECU,841899
4052925,226,67,8854,2002,0.0,3201.0,-1.189463,-0.48640600000000006,TZA,ECU,841899
4052926,231,67,8854,2002,3049738.0,6936.0,1.821594,0.231296,USA,ECU,841899
4052927,246,67,8854,2002,0.0,8308.0,0.395943,2.392458,ZAF,ECU,841899
4052928,249,67,8854,2002,1576.0,0.0,1.683858,1.333601,TWN,ECU,841899
4052929,0,71,8854,2002,0.0,6716.0,0.017075999999999997,-0.844024,ABW,ESP,841899
4052930,2,71,8854,2002,0.0,1266.0,-2.018135,-1.222751,AGO,ESP,841899
4052931,5,71,8854,2002,1942.0,223421.0,1.1751610000000001,0.8631700000000001,AND,ESP,841899
4052932,7,71,8854,2002,0.0,200444.0,0.044683,-0.247191,ARE,ESP,841899
4052933,8,71,8854,2002,6279.0,5555.0,0.284536,0.517425,ARG,ESP,841899
4052934,9,71,8854,2002,0.0,4082.0,0.710274,-0.11309000000000001,ARM,ESP,841899
4052935,14,71,8854,2002,74516.0,139981.0,0.231386,0.771628,AUS,ESP,841899
4052936,15,71,8854,2002,313679.0,34338.0,1.8651200000000001,0.48423900000000003,AUT,ESP,841899
4052937,18,71,8854,2002,4809984.0,559693.0,1.4097469999999999,1.440169,BEL,ESP,841899
4052938,19,71,8854,2002,0.0,6175.0,-0.724829,-0.705625,BEN,ESP,841899
4052939,22,71,8854,2002,0.0,5408.0,-1.134933,-1.061633,BGD,ESP,841899
4052940,23,71,8854,2002,0.0,116757.0,0.37451100000000004,1.573517,BGR,ESP,841899
4052941,24,71,8854,2002,0.0,14128.0,-0.146585,-1.006558,BHR,ESP,841899
4052942,28,71,8854,2002,0.0,4980.0,0.825865,1.0148979999999999,BLR,ESP,841899
4052943,31,71,8854,2002,0.0,1094.0,-0.885342,-0.819517,BOL,ESP,841899
4052944,32,71,8854,2002,18475.0,94769.0,0.677883,1.0227190000000002,BRA,ESP,841899
4052945,39,71,8854,2002,30343.0,2627194.0,0.9963280000000001,1.1922110000000001,CAN,ESP,841899
4052946,41,71,8854,2002,189431.0,82815.0,2.218095,0.620946,CHE,ESP,841899
4052947,42,71,8854,2002,0.0,241163.0,-0.035264,-0.101796,CHL,ESP,841899
4052948,43,71,8854,2002,83492.0,230311.0,0.576746,2.7995520000000003,CHN,ESP,841899
4052949,44,71,8854,2002,0.0,5673.0,-0.816327,-0.711765,CIV,ESP,841899
4052950,45,71,8854,2002,0.0,3836.0,-1.114477,-1.0516510000000001,CMR,ESP,841899
4052951,47,71,8854,2002,0.0,16279.0,-1.62227,-1.202067,COG,ESP,841899
4052952,49,71,8854,2002,0.0,15043.0,0.345094,0.37787800000000005,COL,ESP,841899
4052953,52,71,8854,2002,0.0,86957.0,0.03619,-0.187718,CRI,ESP,841899
4052954,54,71,8854,2002,34288.0,3675156.0,-0.479213,-0.951203,CUB,ESP,841899
4052955,58,71,8854,2002,0.0,148600.0,0.381391,0.40265,CYP,ESP,841899
4052956,59,71,8854,2002,1373428.0,672979.0,1.550713,1.037066,CZE,ESP,841899
4052957,61,71,8854,2002,9247485.0,3651188.0,2.297691,-2.183239,DEU,ESP,841899
4052958,64,71,8854,2002,722691.0,308144.0,1.26594,1.225186,DNK,ESP,841899
4052959,65,71,8854,2002,0.0,482972.0,-0.46284899999999995,-0.39210100000000003,DOM,ESP,841899
4052960,66,71,8854,2002,0.0,2063992.0,-0.912033,-1.1731850000000001,DZA,ESP,841899
4052961,67,71,8854,2002,0.0,301740.0,-0.976218,-0.926393,ECU,ESP,841899
4052962,68,71,8854,2002,0.0,1346319.0,-0.377127,0.549439,EGY,ESP,841899
4052963,72,71,8854,2002,0.0,17030.0,0.54511,0.9135979999999999,EST,ESP,841899
4052964,73,71,8854,2002,0.0,6093.0,-1.096371,-0.9566709999999999,ETH,ESP,841899
4052965,74,71,8854,2002,24573.0,448720.0,2.0234240000000003,0.979141,FIN,ESP,841899
4052966,77,71,8854,2002,17149156.0,11448131.0,1.569367,0.9886360000000001,FRA,ESP,841899
4052967,81,71,8854,2002,3277758.0,1947977.0,1.893177,0.831382,GBR,ESP,841899
4052968,84,71,8854,2002,2017.0,321223.0,0.814919,-0.205996,GIB,ESP,841899
4052969,87,71,8854,2002,0.0,6289.0,0.075971,-0.068413,GMB,ESP,841899
4052970,89,71,8854,2002,0.0,9228.0,-2.3567560000000003,-0.88686,GNQ,ESP,841899
4052971,90,71,8854,2002,68985.0,1222299.0,0.31858000000000003,1.47417,GRC,ESP,841899
4052972,93,71,8854,2002,0.0,8294.0,-0.548834,-0.034464999999999996,GTM,ESP,841899
4052973,97,71,8854,2002,13127.0,32570.0,0.5701109999999999,1.989357,HKG,ESP,841899
4052974,100,71,8854,2002,0.0,41340.0,0.591276,1.030723,HRV,ESP,841899
4052975,102,71,8854,2002,94349.0,244636.0,1.179684,1.0574860000000001,HUN,ESP,841899
4052976,103,71,8854,2002,1000.0,59330.0,-0.10020499999999999,1.590314,IDN,ESP,841899
4052977,104,71,8854,2002,39376.0,613444.0,0.380867,2.608955,IND,ESP,841899
4052978,106,71,8854,2002,256651.0,305698.0,1.7232880000000002,0.091172,IRL,ESP,841899
4052979,107,71,8854,2002,0.0,243510.0,-0.5707840000000001,-0.705612,IRN,ESP,841899
4052980,109,71,8854,2002,0.0,12013.0,0.23601999999999998,-0.34781,ISL,ESP,841899
4052981,110,71,8854,2002,366316.0,106891.0,1.334174,0.654331,ISR,ESP,841899
4052982,111,71,8854,2002,34414432.0,5964850.0,1.377604,1.2470510000000001,ITA,ESP,841899
4052983,113,71,8854,2002,0.0,250904.0,0.24197600000000002,0.196635,JOR,ESP,841899
4052984,114,71,8854,2002,1778111.0,18378.0,2.556057,0.497673,JPN,ESP,841899
4052985,115,71,8854,2002,0.0,4388.0,-0.065332,-0.616159,KAZ,ESP,841899
4052986,121,71,8854,2002,4093095.0,55144.0,1.186816,1.075947,KOR,ESP,841899
4052987,122,71,8854,2002,0.0,38703.0,-0.6629550000000001,-1.157214,KWT,ESP,841899
4052988,124,71,8854,2002,0.0,48956.0,0.2729,1.254232,LBN,ESP,841899
4052989,126,71,8854,2002,0.0,8821.0,-0.568615,-1.172261,LBY,ESP,841899
4052990,128,71,8854,2002,0.0,40703.0,-0.740927,0.023171,LKA,ESP,841899
4052991,130,71,8854,2002,0.0,251325.0,0.23102399999999998,0.586078,LTU,ESP,841899
4052992,131,71,8854,2002,49732.0,14951.0,1.605378,1.152973,LUX,ESP,841899
4052993,132,71,8854,2002,0.0,25005.0,0.45210200000000006,0.515388,LVA,ESP,841899
4052994,134,71,8854,2002,5713.0,8064060.0,-0.810467,-0.34807899999999997,MAR,ESP,841899
4052995,138,71,8854,2002,19748.0,894610.0,0.942061,0.6311260000000001,MEX,ESP,841899
4052996,142,71,8854,2002,0.0,11667.0,1.12245,0.019001,MLT,ESP,841899
4052997,148,71,8854,2002,1785.0,90792.0,-1.27671,-1.218472,MRT,ESP,841899
4052998,151,71,8854,2002,0.0,1285.0,-0.37937600000000005,-0.388848,MUS,ESP,841899
4052999,153,71,8854,2002,136349.0,8861.0,0.704957,0.243398,MYS,ESP,841899
4053000,154,71,8854,2002,0.0,17992.0,0.34587399999999996,-0.537626,MYT,ESP,841899
4053001,155,71,8854,2002,0.0,80598.0,-0.314161,-0.521778,NAM,ESP,841899
4053002,156,71,8854,2002,0.0,12489.0,-0.292646,-0.823263,NCL,ESP,841899
4053003,159,71,8854,2002,0.0,34924.0,-1.8315700000000001,-1.25171,NGA,ESP,841899
4053004,162,71,8854,2002,5912604.0,879750.0,1.206176,1.7136360000000002,NLD,ESP,841899
4053005,163,71,8854,2002,637732.0,70986.0,1.110882,0.17164100000000002,NOR,ESP,841899
4053006,166,71,8854,2002,0.0,3265.0,0.542585,0.854243,NZL,ESP,841899
4053007,167,71,8854,2002,0.0,10245.0,-1.238769,-1.225841,OMN,ESP,841899
4053008,169,71,8854,2002,0.0,73053.0,0.134759,0.234258,PAN,ESP,841899
4053009,173,71,8854,2002,0.0,45176.0,-0.6126199999999999,0.085944,PER,ESP,841899
4053010,174,71,8854,2002,0.0,16390.0,0.055439999999999996,-0.179809,PHL,ESP,841899
4053011,177,71,8854,2002,32341.0,635536.0,0.931642,1.721727,POL,ESP,841899
4053012,179,71,8854,2002,988187.0,11595783.0,0.484407,1.6500080000000001,PRT,ESP,841899
4053013,182,71,8854,2002,0.0,1380.0,0.042936,-0.7421840000000001,PYF,ESP,841899
4053014,183,71,8854,2002,0.0,2226.0,-0.306052,-1.098296,QAT,ESP,841899
4053015,185,71,8854,2002,3029.0,50696.0,0.29888200000000004,0.980376,ROU,ESP,841899
4053016,186,71,8854,2002,81722.0,1008932.0,1.109397,0.424229,RUS,ESP,841899
4053017,188,71,8854,2002,0.0,223683.0,0.082107,-0.843317,SAU,ESP,841899
4053018,189,71,8854,2002,0.0,212852.0,0.55781,2.135925,SCG,ESP,841899
4053019,190,71,8854,2002,0.0,59327.0,-1.499925,-1.228374,SDN,ESP,841899
4053020,191,71,8854,2002,0.0,7227.0,-0.43679700000000005,-0.484176,SEN,ESP,841899
4053021,192,71,8854,2002,0.0,156357.0,1.481857,0.648889,SGP,ESP,841899
4053022,197,71,8854,2002,0.0,2314.0,-0.280138,-0.099225,SLV,ESP,841899
4053023,206,71,8854,2002,2749.0,21385.0,1.1907379999999999,1.050649,SVK,ESP,841899
4053024,207,71,8854,2002,123216.0,5509.0,1.5643770000000001,1.043862,SVN,ESP,841899
4053025,208,71,8854,2002,2072087.0,232145.0,2.128614,0.7891199999999999,SWE,ESP,841899
4053026,211,71,8854,2002,0.0,2532.0,-0.977247,-0.927527,SYC,ESP,841899
4053027,212,71,8854,2002,0.0,41498.0,-1.067974,-0.513309,SYR,ESP,841899
4053028,216,71,8854,2002,39384.0,129690.0,0.432041,1.627953,THA,ESP,841899
4053029,223,71,8854,2002,0.0,277004.0,-0.221951,0.325506,TUN,ESP,841899
4053030,224,71,8854,2002,1306095.0,776747.0,0.11263699999999999,1.83925,TUR,ESP,841899
4053031,228,71,8854,2002,0.0,82187.0,0.835485,0.872135,UKR,ESP,841899
4053032,230,71,8854,2002,0.0,40565.0,0.300502,0.16817000000000001,URY,ESP,841899
4053033,231,71,8854,2002,2615022.0,871835.0,1.821594,0.231296,USA,ESP,841899
4053034,236,71,8854,2002,0.0,189305.0,0.211536,-0.715675,VEN,ESP,841899
4053035,246,71,8854,2002,2174.0,336240.0,0.395943,2.392458,ZAF,ESP,841899
4053036,249,71,8854,2002,267078.0,1575.0,1.683858,1.333601,TWN,ESP,841899
4053037,2,77,8854,2002,0.0,97290.0,-2.018135,-1.222751,AGO,FRA,841899
4053038,5,77,8854,2002,0.0,8446.0,1.1751610000000001,0.8631700000000001,AND,FRA,841899
4053039,6,77,8854,2002,0.0,5676.0,0.346519,-0.631549,ANT,FRA,841899
4053040,7,77,8854,2002,0.0,573480.0,0.044683,-0.247191,ARE,FRA,841899
4053041,8,77,8854,2002,0.0,230236.0,0.284536,0.517425,ARG,FRA,841899
4053042,13,77,8854,2002,0.0,8515.0,0.958779,-0.56295,ATG,FRA,841899
4053043,14,77,8854,2002,2735.0,477792.0,0.231386,0.771628,AUS,FRA,841899
4053044,15,77,8854,2002,634685.0,1326894.0,1.8651200000000001,0.48423900000000003,AUT,FRA,841899
4053045,16,77,8854,2002,0.0,17960.0,-0.41282299999999994,-0.967931,AZE,FRA,841899
4053046,17,77,8854,2002,0.0,2647.0,-0.333602,-0.648837,BDI,FRA,841899
4053047,18,77,8854,2002,14189068.0,25649252.0,1.4097469999999999,1.440169,BEL,FRA,841899
4053048,19,77,8854,2002,0.0,81515.0,-0.724829,-0.705625,BEN,FRA,841899
4053049,21,77,8854,2002,0.0,305751.0,-0.477813,-0.647148,BFA,FRA,841899
4053050,22,77,8854,2002,0.0,79130.0,-1.134933,-1.061633,BGD,FRA,841899
4053051,23,77,8854,2002,0.0,32131.0,0.37451100000000004,1.573517,BGR,FRA,841899
4053052,24,77,8854,2002,0.0,226463.0,-0.146585,-1.006558,BHR,FRA,841899
4053053,28,77,8854,2002,3168.0,24250.0,0.825865,1.0148979999999999,BLR,FRA,841899
4053054,32,77,8854,2002,208494.0,526096.0,0.677883,1.0227190000000002,BRA,FRA,841899
4053055,33,77,8854,2002,0.0,8259.0,0.762217,0.004367,BRB,FRA,841899
4053056,38,77,8854,2002,0.0,22462.0,-0.45315200000000005,-0.764876,CAF,FRA,841899
4053057,39,77,8854,2002,24587.0,172429.0,0.9963280000000001,1.1922110000000001,CAN,FRA,841899
4053058,41,77,8854,2002,542246.0,3370904.0,2.218095,0.620946,CHE,FRA,841899
4053059,42,77,8854,2002,0.0,109618.0,-0.035264,-0.101796,CHL,FRA,841899
4053060,43,77,8854,2002,1277664.0,591939.0,0.576746,2.7995520000000003,CHN,FRA,841899
4053061,44,77,8854,2002,0.0,115175.0,-0.816327,-0.711765,CIV,FRA,841899
4053062,45,77,8854,2002,0.0,456144.0,-1.114477,-1.0516510000000001,CMR,FRA,841899
4053063,47,77,8854,2002,0.0,199313.0,-1.62227,-1.202067,COG,FRA,841899
4053064,49,77,8854,2002,0.0,34391.0,0.345094,0.37787800000000005,COL,FRA,841899
4053065,50,77,8854,2002,0.0,11484.0,-0.95335,-0.916942,COM,FRA,841899
4053066,51,77,8854,2002,0.0,30539.0,-0.29720100000000005,-0.703051,CPV,FRA,841899
4053067,52,77,8854,2002,1468.0,20553.0,0.03619,-0.187718,CRI,FRA,841899
4053068,54,77,8854,2002,0.0,39333.0,-0.479213,-0.951203,CUB,FRA,841899
4053069,57,77,8854,2002,0.0,2833.0,0.7098220000000001,-0.633359,CYM,FRA,841899
4053070,58,77,8854,2002,0.0,238222.0,0.381391,0.40265,CYP,FRA,841899
4053071,59,77,8854,2002,5140796.0,3295172.0,1.550713,1.037066,CZE,FRA,841899
4053072,61,77,8854,2002,14334903.0,13322457.0,2.297691,-2.183239,DEU,FRA,841899
4053073,62,77,8854,2002,0.0,38775.0,0.416677,-0.052552,DJI,FRA,841899
4053074,64,77,8854,2002,1286369.0,810606.0,1.26594,1.225186,DNK,FRA,841899
4053075,65,77,8854,2002,0.0,19637.0,-0.46284899999999995,-0.39210100000000003,DOM,FRA,841899
4053076,66,77,8854,2002,1875.0,4174600.0,-0.912033,-1.1731850000000001,DZA,FRA,841899
4053077,67,77,8854,2002,5987.0,242436.0,-0.976218,-0.926393,ECU,FRA,841899
4053078,68,77,8854,2002,34342.0,2171193.0,-0.377127,0.549439,EGY,FRA,841899
4053079,71,77,8854,2002,11448131.0,17149156.0,1.012246,2.049594,ESP,FRA,841899
4053080,72,77,8854,2002,0.0,49798.0,0.54511,0.9135979999999999,EST,FRA,841899
4053081,73,77,8854,2002,0.0,4013.0,-1.096371,-0.9566709999999999,ETH,FRA,841899
4053082,74,77,8854,2002,91712.0,1079302.0,2.0234240000000003,0.979141,FIN,FRA,841899
4053083,80,77,8854,2002,0.0,878039.0,-0.830094,-1.149233,GAB,FRA,841899
4053084,81,77,8854,2002,7376746.0,14294338.0,1.893177,0.831382,GBR,FRA,841899
4053085,82,77,8854,2002,0.0,23045.0,0.662382,-0.124825,GEO,FRA,841899
4053086,83,77,8854,2002,0.0,31130.0,-1.333425,-1.0709879999999998,GHA,FRA,841899
4053087,85,77,8854,2002,0.0,10644.0,-1.85329,-1.243105,GIN,FRA,841899
4053088,89,77,8854,2002,0.0,25534.0,-2.3567560000000003,-0.88686,GNQ,FRA,841899
4053089,90,77,8854,2002,32380.0,2910838.0,0.31858000000000003,1.47417,GRC,FRA,841899
4053090,96,77,8854,2002,0.0,1741.0,-0.9485889999999999,-0.9086489999999999,GUY,FRA,841899
4053091,97,77,8854,2002,99483.0,501416.0,0.5701109999999999,1.989357,HKG,FRA,841899
4053092,99,77,8854,2002,0.0,916.0,-0.877043,-0.658185,HND,FRA,841899
4053093,100,77,8854,2002,0.0,64574.0,0.591276,1.030723,HRV,FRA,841899
4053094,102,77,8854,2002,109631.0,6973340.0,1.179684,1.0574860000000001,HUN,FRA,841899
4053095,103,77,8854,2002,0.0,776014.0,-0.10020499999999999,1.590314,IDN,FRA,841899
4053096,104,77,8854,2002,1213.0,236146.0,0.380867,2.608955,IND,FRA,841899
4053097,106,77,8854,2002,6086078.0,1779927.0,1.7232880000000002,0.091172,IRL,FRA,841899
4053098,107,77,8854,2002,0.0,1131821.0,-0.5707840000000001,-0.705612,IRN,FRA,841899
4053099,109,77,8854,2002,6751.0,44731.0,0.23601999999999998,-0.34781,ISL,FRA,841899
4053100,110,77,8854,2002,733479.0,945655.0,1.334174,0.654331,ISR,FRA,841899
4053101,111,77,8854,2002,43710492.0,20518640.0,1.377604,1.2470510000000001,ITA,FRA,841899
4053102,112,77,8854,2002,0.0,6890.0,-0.604813,-0.9309860000000001,JAM,FRA,841899
4053103,113,77,8854,2002,0.0,6007.0,0.24197600000000002,0.196635,JOR,FRA,841899
4053104,114,77,8854,2002,249401.0,1254002.0,2.556057,0.497673,JPN,FRA,841899
4053105,115,77,8854,2002,0.0,114884.0,-0.065332,-0.616159,KAZ,FRA,841899
4053106,116,77,8854,2002,0.0,48610.0,-0.555812,0.169204,KEN,FRA,841899
4053107,118,77,8854,2002,0.0,45705.0,-1.231783,-1.1518700000000002,KHM,FRA,841899
4053108,121,77,8854,2002,38357.0,186791.0,1.186816,1.075947,KOR,FRA,841899
4053109,122,77,8854,2002,0.0,101952.0,-0.6629550000000001,-1.157214,KWT,FRA,841899
4053110,124,77,8854,2002,0.0,425776.0,0.2729,1.254232,LBN,FRA,841899
4053111,125,77,8854,2002,0.0,152952.0,-0.508416,-1.121658,LBR,FRA,841899
4053112,126,77,8854,2002,0.0,54767.0,-0.568615,-1.172261,LBY,FRA,841899
4053113,128,77,8854,2002,0.0,2468.0,-0.740927,0.023171,LKA,FRA,841899
4053114,130,77,8854,2002,9269.0,1227504.0,0.23102399999999998,0.586078,LTU,FRA,841899
4053115,131,77,8854,2002,122198.0,365451.0,1.605378,1.152973,LUX,FRA,841899
4053116,132,77,8854,2002,0.0,151608.0,0.45210200000000006,0.515388,LVA,FRA,841899
4053117,133,77,8854,2002,0.0,1088.0,-0.360172,-0.359367,MAC,FRA,841899
4053118,134,77,8854,2002,0.0,4416226.0,-0.810467,-0.34807899999999997,MAR,FRA,841899
4053119,135,77,8854,2002,0.0,53156.0,-0.186001,-0.141598,MDA,FRA,841899
4053120,136,77,8854,2002,0.0,860488.0,-1.120167,-0.43338699999999997,MDG,FRA,841899
4053121,138,77,8854,2002,58560.0,554111.0,0.942061,0.6311260000000001,MEX,FRA,841899
4053122,139,77,8854,2002,0.0,16183.0,0.185091,-0.8390989999999999,MHL,FRA,841899
4053123,140,77,8854,2002,0.0,31614.0,-0.030274000000000002,0.359317,MKD,FRA,841899
4053124,141,77,8854,2002,0.0,41249.0,-0.8948520000000001,-0.863375,MLI,FRA,841899
4053125,142,77,8854,2002,0.0,15673.0,1.12245,0.019001,MLT,FRA,841899
4053126,143,77,8854,2002,0.0,7570.0,-1.571568,-1.131512,MMR,FRA,841899
4053127,148,77,8854,2002,0.0,24047.0,-1.27671,-1.218472,MRT,FRA,841899
4053128,151,77,8854,2002,2562.0,403014.0,-0.37937600000000005,-0.388848,MUS,FRA,841899
4053129,153,77,8854,2002,10171.0,858256.0,0.704957,0.243398,MYS,FRA,841899
4053130,154,77,8854,2002,7333.0,52785.0,0.34587399999999996,-0.537626,MYT,FRA,841899
4053131,156,77,8854,2002,0.0,244354.0,-0.292646,-0.823263,NCL,FRA,841899
4053132,157,77,8854,2002,0.0,12278.0,-0.344562,-0.304996,NER,FRA,841899
4053133,159,77,8854,2002,0.0,562104.0,-1.8315700000000001,-1.25171,NGA,FRA,841899
4053134,162,77,8854,2002,22320662.0,12800358.0,1.206176,1.7136360000000002,NLD,FRA,841899
4053135,163,77,8854,2002,172138.0,652855.0,1.110882,0.17164100000000002,NOR,FRA,841899
4053136,166,77,8854,2002,35346.0,209944.0,0.542585,0.854243,NZL,FRA,841899
4053137,167,77,8854,2002,0.0,24565.0,-1.238769,-1.225841,OMN,FRA,841899
4053138,168,77,8854,2002,10138.0,29274.0,-0.877655,-0.322094,PAK,FRA,841899
4053139,169,77,8854,2002,12929.0,13521.0,0.134759,0.234258,PAN,FRA,841899
4053140,173,77,8854,2002,0.0,45123.0,-0.6126199999999999,0.085944,PER,FRA,841899
4053141,174,77,8854,2002,0.0,512992.0,0.055439999999999996,-0.179809,PHL,FRA,841899
4053142,177,77,8854,2002,201641.0,4996882.0,0.931642,1.721727,POL,FRA,841899
4053143,179,77,8854,2002,1120437.0,948915.0,0.484407,1.6500080000000001,PRT,FRA,841899
4053144,182,77,8854,2002,0.0,896545.0,0.042936,-0.7421840000000001,PYF,FRA,841899
4053145,183,77,8854,2002,0.0,291180.0,-0.306052,-1.098296,QAT,FRA,841899
4053146,185,77,8854,2002,19349.0,288902.0,0.29888200000000004,0.980376,ROU,FRA,841899
4053147,186,77,8854,2002,0.0,1645561.0,1.109397,0.424229,RUS,FRA,841899
4053148,188,77,8854,2002,0.0,1192584.0,0.082107,-0.843317,SAU,FRA,841899
4053149,189,77,8854,2002,1481.0,38878.0,0.55781,2.135925,SCG,FRA,841899
4053150,190,77,8854,2002,0.0,27401.0,-1.499925,-1.228374,SDN,FRA,841899
4053151,191,77,8854,2002,0.0,514976.0,-0.43679700000000005,-0.484176,SEN,FRA,841899
4053152,192,77,8854,2002,7046.0,458053.0,1.481857,0.648889,SGP,FRA,841899
4053153,197,77,8854,2002,0.0,8388.0,-0.280138,-0.099225,SLV,FRA,841899
4053154,200,77,8854,2002,0.0,52209.0,-1.291565,-0.9258290000000001,SPM,FRA,841899
4053155,206,77,8854,2002,1852.0,79407.0,1.1907379999999999,1.050649,SVK,FRA,841899
4053156,207,77,8854,2002,247442.0,736914.0,1.5643770000000001,1.043862,SVN,FRA,841899
4053157,208,77,8854,2002,2093969.0,4238592.0,2.128614,0.7891199999999999,SWE,FRA,841899
4053158,209,77,8854,2002,0.0,3810.0,0.49801599999999996,-0.139709,SWZ,FRA,841899
4053159,211,77,8854,2002,0.0,31256.0,-0.977247,-0.927527,SYC,FRA,841899
4053160,212,77,8854,2002,0.0,227392.0,-1.067974,-0.513309,SYR,FRA,841899
4053161,214,77,8854,2002,0.0,44399.0,0.160853,-0.672233,TCD,FRA,841899
4053162,215,77,8854,2002,0.0,28901.0,-0.6810039999999999,-0.6286930000000001,TGO,FRA,841899
4053163,216,77,8854,2002,16017.0,168671.0,0.432041,1.627953,THA,FRA,841899
4053164,219,77,8854,2002,0.0,5667.0,-1.035248,-1.191624,TKM,FRA,841899
4053165,222,77,8854,2002,14737.0,3817.0,0.074907,-0.8203879999999999,TTO,FRA,841899
4053166,223,77,8854,2002,12651.0,2212656.0,-0.221951,0.325506,TUN,FRA,841899
4053167,224,77,8854,2002,197733.0,3970551.0,0.11263699999999999,1.83925,TUR,FRA,841899
4053168,226,77,8854,2002,0.0,22422.0,-1.189463,-0.48640600000000006,TZA,FRA,841899
4053169,228,77,8854,2002,24792.0,197027.0,0.835485,0.872135,UKR,FRA,841899
4053170,230,77,8854,2002,0.0,1322.0,0.300502,0.16817000000000001,URY,FRA,841899
4053171,231,77,8854,2002,8767625.0,2123878.0,1.821594,0.231296,USA,FRA,841899
4053172,234,77,8854,2002,0.0,5979.0,-0.340281,-0.661246,VCT,FRA,841899
4053173,236,77,8854,2002,0.0,6058.0,0.211536,-0.715675,VEN,FRA,841899
4053174,237,77,8854,2002,0.0,1890.0,1.022393,-0.23957399999999998,VGB,FRA,841899
4053175,239,77,8854,2002,0.0,103974.0,-0.589665,0.799874,VNM,FRA,841899
4053176,246,77,8854,2002,29441.0,913904.0,0.395943,2.392458,ZAF,FRA,841899
4053177,248,77,8854,2002,0.0,4702.0,-0.309483,0.271457,ZWE,FRA,841899
4053178,249,77,8854,2002,55456.0,931889.0,1.683858,1.333601,TWN,FRA,841899
4053179,250,77,8854,2002,81193.0,0.0,0.734927,-0.40114099999999997,ANS,FRA,841899
4053180,0,81,8854,2002,0.0,46520.0,0.017075999999999997,-0.844024,ABW,GBR,841899
4053181,2,81,8854,2002,0.0,4342.0,-2.018135,-1.222751,AGO,GBR,841899
4053182,7,81,8854,2002,0.0,619974.0,0.044683,-0.247191,ARE,GBR,841899
4053183,8,81,8854,2002,0.0,21101.0,0.284536,0.517425,ARG,GBR,841899
4053184,14,81,8854,2002,27346.0,574639.0,0.231386,0.771628,AUS,GBR,841899
4053185,15,81,8854,2002,218473.0,146994.0,1.8651200000000001,0.48423900000000003,AUT,GBR,841899
4053186,16,81,8854,2002,0.0,1260.0,-0.41282299999999994,-0.967931,AZE,GBR,841899
4053187,18,81,8854,2002,2577463.0,903887.0,1.4097469999999999,1.440169,BEL,GBR,841899
4053188,22,81,8854,2002,0.0,47233.0,-1.134933,-1.061633,BGD,GBR,841899
4053189,23,81,8854,2002,28658.0,66846.0,0.37451100000000004,1.573517,BGR,GBR,841899
4053190,24,81,8854,2002,0.0,33074.0,-0.146585,-1.006558,BHR,GBR,841899
4053191,25,81,8854,2002,0.0,3566.0,0.641626,-0.37892800000000004,BHS,GBR,841899
4053192,30,81,8854,2002,0.0,1298.0,1.129,-0.476633,BMU,GBR,841899
4053193,32,81,8854,2002,46673.0,81387.0,0.677883,1.0227190000000002,BRA,GBR,841899
4053194,33,81,8854,2002,0.0,6833.0,0.762217,0.004367,BRB,GBR,841899
4053195,34,81,8854,2002,0.0,5714.0,-1.7894169999999998,-1.034672,BRN,GBR,841899
4053196,39,81,8854,2002,155277.0,85357.0,0.9963280000000001,1.1922110000000001,CAN,GBR,841899
4053197,41,81,8854,2002,203526.0,838288.0,2.218095,0.620946,CHE,GBR,841899
4053198,42,81,8854,2002,0.0,54793.0,-0.035264,-0.101796,CHL,GBR,841899
4053199,43,81,8854,2002,507490.0,243729.0,0.576746,2.7995520000000003,CHN,GBR,841899
4053200,44,81,8854,2002,0.0,26919.0,-0.816327,-0.711765,CIV,GBR,841899
4053201,45,81,8854,2002,0.0,10203.0,-1.114477,-1.0516510000000001,CMR,GBR,841899
4053202,54,81,8854,2002,0.0,11283.0,-0.479213,-0.951203,CUB,GBR,841899
4053203,58,81,8854,2002,88361.0,183536.0,0.381391,0.40265,CYP,GBR,841899
4053204,59,81,8854,2002,4158604.0,321119.0,1.550713,1.037066,CZE,GBR,841899
4053205,61,81,8854,2002,13917675.0,11387458.0,2.297691,-2.183239,DEU,GBR,841899
4053206,63,81,8854,2002,0.0,989.0,0.196298,-0.129221,DMA,GBR,841899
4053207,64,81,8854,2002,2471231.0,2246130.0,1.26594,1.225186,DNK,GBR,841899
4053208,66,81,8854,2002,0.0,4951.0,-0.912033,-1.1731850000000001,DZA,GBR,841899
4053209,67,81,8854,2002,0.0,2449.0,-0.976218,-0.926393,ECU,GBR,841899
4053210,68,81,8854,2002,6415.0,171581.0,-0.377127,0.549439,EGY,GBR,841899
4053211,71,81,8854,2002,1947977.0,3277758.0,1.012246,2.049594,ESP,GBR,841899
4053212,72,81,8854,2002,0.0,6214.0,0.54511,0.9135979999999999,EST,GBR,841899
4053213,73,81,8854,2002,0.0,27235.0,-1.096371,-0.9566709999999999,ETH,GBR,841899
4053214,74,81,8854,2002,1699073.0,533328.0,2.0234240000000003,0.979141,FIN,GBR,841899
4053215,77,81,8854,2002,14294338.0,7376746.0,1.569367,0.9886360000000001,FRA,GBR,841899
4053216,78,81,8854,2002,0.0,1906.0,-0.410455,-0.821335,FRO,GBR,841899
4053217,83,81,8854,2002,0.0,202568.0,-1.333425,-1.0709879999999998,GHA,GBR,841899
4053218,84,81,8854,2002,0.0,7374.0,0.814919,-0.205996,GIB,GBR,841899
4053219,87,81,8854,2002,0.0,52508.0,0.075971,-0.068413,GMB,GBR,841899
4053220,90,81,8854,2002,127195.0,305918.0,0.31858000000000003,1.47417,GRC,GBR,841899
4053221,91,81,8854,2002,0.0,4781.0,0.552833,-0.283761,GRD,GBR,841899
4053222,93,81,8854,2002,0.0,20998.0,-0.548834,-0.034464999999999996,GTM,GBR,841899
4053223,96,81,8854,2002,0.0,199564.0,-0.9485889999999999,-0.9086489999999999,GUY,GBR,841899
4053224,97,81,8854,2002,82507.0,445765.0,0.5701109999999999,1.989357,HKG,GBR,841899
4053225,100,81,8854,2002,0.0,15752.0,0.591276,1.030723,HRV,GBR,841899
4053226,101,81,8854,2002,0.0,26439.0,-1.220251,-0.8176859999999999,HTI,GBR,841899
4053227,102,81,8854,2002,74307.0,315428.0,1.179684,1.0574860000000001,HUN,GBR,841899
4053228,103,81,8854,2002,4902.0,363502.0,-0.10020499999999999,1.590314,IDN,GBR,841899
4053229,104,81,8854,2002,76257.0,293576.0,0.380867,2.608955,IND,GBR,841899
4053230,106,81,8854,2002,8368049.0,2309555.0,1.7232880000000002,0.091172,IRL,GBR,841899
4053231,107,81,8854,2002,0.0,83411.0,-0.5707840000000001,-0.705612,IRN,GBR,841899
4053232,109,81,8854,2002,19081.0,32039.0,0.23601999999999998,-0.34781,ISL,GBR,841899
4053233,110,81,8854,2002,1229152.0,141784.0,1.334174,0.654331,ISR,GBR,841899
4053234,111,81,8854,2002,25323862.0,3552724.0,1.377604,1.2470510000000001,ITA,GBR,841899
4053235,112,81,8854,2002,0.0,14018.0,-0.604813,-0.9309860000000001,JAM,GBR,841899
4053236,113,81,8854,2002,19482.0,124481.0,0.24197600000000002,0.196635,JOR,GBR,841899
4053237,114,81,8854,2002,7876102.0,25356.0,2.556057,0.497673,JPN,GBR,841899
4053238,115,81,8854,2002,0.0,141598.0,-0.065332,-0.616159,KAZ,GBR,841899
4053239,116,81,8854,2002,0.0,52680.0,-0.555812,0.169204,KEN,GBR,841899
4053240,120,81,8854,2002,0.0,2131.0,0.911442,-0.26164899999999996,KNA,GBR,841899
4053241,121,81,8854,2002,446268.0,84649.0,1.186816,1.075947,KOR,GBR,841899
4053242,122,81,8854,2002,0.0,8783.0,-0.6629550000000001,-1.157214,KWT,GBR,841899
4053243,124,81,8854,2002,0.0,14548.0,0.2729,1.254232,LBN,GBR,841899
4053244,125,81,8854,2002,0.0,1689.0,-0.508416,-1.121658,LBR,GBR,841899
4053245,126,81,8854,2002,0.0,153408.0,-0.568615,-1.172261,LBY,GBR,841899
4053246,127,81,8854,2002,0.0,1749.0,0.14441700000000002,-0.38146599999999997,LCA,GBR,841899
4053247,128,81,8854,2002,0.0,8215.0,-0.740927,0.023171,LKA,GBR,841899
4053248,130,81,8854,2002,3956.0,1914006.0,0.23102399999999998,0.586078,LTU,GBR,841899
4053249,131,81,8854,2002,9224.0,43337.0,1.605378,1.152973,LUX,GBR,841899
4053250,132,81,8854,2002,0.0,70804.0,0.45210200000000006,0.515388,LVA,GBR,841899
4053251,134,81,8854,2002,0.0,2011.0,-0.810467,-0.34807899999999997,MAR,GBR,841899
4053252,137,81,8854,2002,0.0,1182.0,-1.3007440000000001,-1.0420120000000002,MDV,GBR,841899
4053253,138,81,8854,2002,3691745.0,5124.0,0.942061,0.6311260000000001,MEX,GBR,841899
4053254,142,81,8854,2002,4457.0,112268.0,1.12245,0.019001,MLT,GBR,841899
4053255,151,81,8854,2002,0.0,23570.0,-0.37937600000000005,-0.388848,MUS,GBR,841899
4053256,153,81,8854,2002,38573.0,34946.0,0.704957,0.243398,MYS,GBR,841899
4053257,154,81,8854,2002,0.0,5356.0,0.34587399999999996,-0.537626,MYT,GBR,841899
4053258,155,81,8854,2002,1116.0,13861.0,-0.314161,-0.521778,NAM,GBR,841899
4053259,159,81,8854,2002,1547.0,752088.0,-1.8315700000000001,-1.25171,NGA,GBR,841899
4053260,160,81,8854,2002,0.0,20993.0,-0.677398,-0.564472,NIC,GBR,841899
4053261,162,81,8854,2002,10049529.0,2910078.0,1.206176,1.7136360000000002,NLD,GBR,841899
4053262,163,81,8854,2002,138412.0,6351182.0,1.110882,0.17164100000000002,NOR,GBR,841899
4053263,165,81,8854,2002,0.0,2834.0,0.8975049999999999,-0.494882,NRU,GBR,841899
4053264,166,81,8854,2002,51642.0,200475.0,0.542585,0.854243,NZL,GBR,841899
4053265,167,81,8854,2002,0.0,2568.0,-1.238769,-1.225841,OMN,GBR,841899
4053266,168,81,8854,2002,0.0,574931.0,-0.877655,-0.322094,PAK,GBR,841899
4053267,169,81,8854,2002,0.0,9518.0,0.134759,0.234258,PAN,GBR,841899
4053268,173,81,8854,2002,0.0,15692.0,-0.6126199999999999,0.085944,PER,GBR,841899
4053269,174,81,8854,2002,49551.0,220724.0,0.055439999999999996,-0.179809,PHL,GBR,841899
4053270,177,81,8854,2002,19226.0,3765202.0,0.931642,1.721727,POL,GBR,841899
4053271,179,81,8854,2002,206734.0,406049.0,0.484407,1.6500080000000001,PRT,GBR,841899
4053272,182,81,8854,2002,0.0,1835.0,0.042936,-0.7421840000000001,PYF,GBR,841899
4053273,183,81,8854,2002,0.0,81690.0,-0.306052,-1.098296,QAT,GBR,841899
4053274,185,81,8854,2002,44591.0,22564.0,0.29888200000000004,0.980376,ROU,GBR,841899
4053275,186,81,8854,2002,0.0,630987.0,1.109397,0.424229,RUS,GBR,841899
4053276,188,81,8854,2002,0.0,407627.0,0.082107,-0.843317,SAU,GBR,841899
4053277,189,81,8854,2002,0.0,3626.0,0.55781,2.135925,SCG,GBR,841899
4053278,190,81,8854,2002,0.0,486534.0,-1.499925,-1.228374,SDN,GBR,841899
4053279,192,81,8854,2002,5374.0,586238.0,1.481857,0.648889,SGP,GBR,841899
4053280,196,81,8854,2002,0.0,123153.0,0.397488,-0.027672000000000002,SLE,GBR,841899
4053281,206,81,8854,2002,12634.0,1585.0,1.1907379999999999,1.050649,SVK,GBR,841899
4053282,207,81,8854,2002,259810.0,28638.0,1.5643770000000001,1.043862,SVN,GBR,841899
4053283,208,81,8854,2002,1499711.0,1595668.0,2.128614,0.7891199999999999,SWE,GBR,841899
4053284,211,81,8854,2002,0.0,13409.0,-0.977247,-0.927527,SYC,GBR,841899
4053285,212,81,8854,2002,0.0,49047.0,-1.067974,-0.513309,SYR,GBR,841899
4053286,216,81,8854,2002,65907.0,105807.0,0.432041,1.627953,THA,GBR,841899
4053287,222,81,8854,2002,0.0,42590.0,0.074907,-0.8203879999999999,TTO,GBR,841899
4053288,223,81,8854,2002,0.0,1145.0,-0.221951,0.325506,TUN,GBR,841899
4053289,224,81,8854,2002,1201771.0,223028.0,0.11263699999999999,1.83925,TUR,GBR,841899
4053290,226,81,8854,2002,0.0,8220.0,-1.189463,-0.48640600000000006,TZA,GBR,841899
4053291,227,81,8854,2002,0.0,47090.0,-1.038337,-0.896425,UGA,GBR,841899
4053292,228,81,8854,2002,0.0,55929.0,0.835485,0.872135,UKR,GBR,841899
4053293,230,81,8854,2002,0.0,2491.0,0.300502,0.16817000000000001,URY,GBR,841899
4053294,231,81,8854,2002,29490022.0,2411866.0,1.821594,0.231296,USA,GBR,841899
4053295,234,81,8854,2002,0.0,1674.0,-0.340281,-0.661246,VCT,GBR,841899
4053296,236,81,8854,2002,0.0,23702.0,0.211536,-0.715675,VEN,GBR,841899
4053297,239,81,8854,2002,0.0,13988.0,-0.589665,0.799874,VNM,GBR,841899
4053298,243,81,8854,2002,0.0,7653.0,-1.233006,-1.22101,YEM,GBR,841899
4053299,246,81,8854,2002,2897096.0,389453.0,0.395943,2.392458,ZAF,GBR,841899
4053300,248,81,8854,2002,0.0,21294.0,-0.309483,0.271457,ZWE,GBR,841899
4053301,249,81,8854,2002,474450.0,16132.0,1.683858,1.333601,TWN,GBR,841899
4053302,4,90,8854,2002,0.0,299974.0,-0.127828,-0.126857,ALB,GRC,841899
4053303,7,90,8854,2002,0.0,11020.0,0.044683,-0.247191,ARE,GRC,841899
4053304,9,90,8854,2002,0.0,14169.0,0.710274,-0.11309000000000001,ARM,GRC,841899
4053305,14,90,8854,2002,1778.0,0.0,0.231386,0.771628,AUS,GRC,841899
4053306,15,90,8854,2002,34180.0,1231.0,1.8651200000000001,0.48423900000000003,AUT,GRC,841899
4053307,18,90,8854,2002,787791.0,0.0,1.4097469999999999,1.440169,BEL,GRC,841899
4053308,23,90,8854,2002,8415.0,147233.0,0.37451100000000004,1.573517,BGR,GRC,841899
4053309,25,90,8854,2002,0.0,3965.0,0.641626,-0.37892800000000004,BHS,GRC,841899
4053310,26,90,8854,2002,0.0,21004.0,0.26339,0.30287,BIH,GRC,841899
4053311,39,90,8854,2002,3916.0,0.0,0.9963280000000001,1.1922110000000001,CAN,GRC,841899
4053312,41,90,8854,2002,94538.0,7172.0,2.218095,0.620946,CHE,GRC,841899
4053313,43,90,8854,2002,4968.0,0.0,0.576746,2.7995520000000003,CHN,GRC,841899
4053314,44,90,8854,2002,0.0,3867.0,-0.816327,-0.711765,CIV,GRC,841899
4053315,45,90,8854,2002,0.0,1933.0,-1.114477,-1.0516510000000001,CMR,GRC,841899
4053316,54,90,8854,2002,0.0,5471.0,-0.479213,-0.951203,CUB,GRC,841899
4053317,58,90,8854,2002,1653.0,494047.0,0.381391,0.40265,CYP,GRC,841899
4053318,59,90,8854,2002,47249.0,5047.0,1.550713,1.037066,CZE,GRC,841899
4053319,61,90,8854,2002,3145762.0,153966.0,2.297691,-2.183239,DEU,GRC,841899
4053320,64,90,8854,2002,237425.0,0.0,1.26594,1.225186,DNK,GRC,841899
4053321,66,90,8854,2002,0.0,36548.0,-0.912033,-1.1731850000000001,DZA,GRC,841899
4053322,68,90,8854,2002,0.0,57375.0,-0.377127,0.549439,EGY,GRC,841899
4053323,71,90,8854,2002,1222299.0,68985.0,1.012246,2.049594,ESP,GRC,841899
4053324,74,90,8854,2002,344724.0,0.0,2.0234240000000003,0.979141,FIN,GRC,841899
4053325,77,90,8854,2002,2910838.0,32380.0,1.569367,0.9886360000000001,FRA,GRC,841899
4053326,80,90,8854,2002,0.0,837.0,-0.830094,-1.149233,GAB,GRC,841899
4053327,81,90,8854,2002,305918.0,127195.0,1.893177,0.831382,GBR,GRC,841899
4053328,85,90,8854,2002,0.0,1088.0,-1.85329,-1.243105,GIN,GRC,841899
4053329,97,90,8854,2002,4444.0,0.0,0.5701109999999999,1.989357,HKG,GRC,841899
4053330,100,90,8854,2002,0.0,12205.0,0.591276,1.030723,HRV,GRC,841899
4053331,102,90,8854,2002,34397.0,3164.0,1.179684,1.0574860000000001,HUN,GRC,841899
4053332,103,90,8854,2002,0.0,231654.0,-0.10020499999999999,1.590314,IDN,GRC,841899
4053333,104,90,8854,2002,42175.0,7298.0,0.380867,2.608955,IND,GRC,841899
4053334,106,90,8854,2002,244761.0,27075.0,1.7232880000000002,0.091172,IRL,GRC,841899
4053335,107,90,8854,2002,0.0,29920.0,-0.5707840000000001,-0.705612,IRN,GRC,841899
4053336,110,90,8854,2002,2862.0,18474.0,1.334174,0.654331,ISR,GRC,841899
4053337,111,90,8854,2002,11291770.0,335853.0,1.377604,1.2470510000000001,ITA,GRC,841899
4053338,113,90,8854,2002,0.0,4975.0,0.24197600000000002,0.196635,JOR,GRC,841899
4053339,114,90,8854,2002,12434.0,0.0,2.556057,0.497673,JPN,GRC,841899
4053340,116,90,8854,2002,0.0,39930.0,-0.555812,0.169204,KEN,GRC,841899
4053341,121,90,8854,2002,7857.0,0.0,1.186816,1.075947,KOR,GRC,841899
4053342,122,90,8854,2002,0.0,7429.0,-0.6629550000000001,-1.157214,KWT,GRC,841899
4053343,124,90,8854,2002,0.0,27987.0,0.2729,1.254232,LBN,GRC,841899
4053344,131,90,8854,2002,1025.0,0.0,1.605378,1.152973,LUX,GRC,841899
4053345,134,90,8854,2002,0.0,34524.0,-0.810467,-0.34807899999999997,MAR,GRC,841899
4053346,138,90,8854,2002,6589.0,0.0,0.942061,0.6311260000000001,MEX,GRC,841899
4053347,140,90,8854,2002,0.0,67984.0,-0.030274000000000002,0.359317,MKD,GRC,841899
4053348,142,90,8854,2002,0.0,6195.0,1.12245,0.019001,MLT,GRC,841899
4053349,151,90,8854,2002,0.0,18977.0,-0.37937600000000005,-0.388848,MUS,GRC,841899
4053350,159,90,8854,2002,0.0,220613.0,-1.8315700000000001,-1.25171,NGA,GRC,841899
4053351,162,90,8854,2002,763476.0,1515.0,1.206176,1.7136360000000002,NLD,GRC,841899
4053352,163,90,8854,2002,13227.0,1075.0,1.110882,0.17164100000000002,NOR,GRC,841899
4053353,166,90,8854,2002,38009.0,0.0,0.542585,0.854243,NZL,GRC,841899
4053354,174,90,8854,2002,0.0,1172.0,0.055439999999999996,-0.179809,PHL,GRC,841899
4053355,177,90,8854,2002,17262.0,69209.0,0.931642,1.721727,POL,GRC,841899
4053356,179,90,8854,2002,0.0,250568.0,0.484407,1.6500080000000001,PRT,GRC,841899
4053357,185,90,8854,2002,75055.0,538803.0,0.29888200000000004,0.980376,ROU,GRC,841899
4053358,186,90,8854,2002,0.0,453507.0,1.109397,0.424229,RUS,GRC,841899
4053359,188,90,8854,2002,0.0,5519.0,0.082107,-0.843317,SAU,GRC,841899
4053360,189,90,8854,2002,0.0,278315.0,0.55781,2.135925,SCG,GRC,841899
4053361,190,90,8854,2002,0.0,9314.0,-1.499925,-1.228374,SDN,GRC,841899
4053362,191,90,8854,2002,0.0,615.0,-0.43679700000000005,-0.484176,SEN,GRC,841899
4053363,192,90,8854,2002,13504.0,0.0,1.481857,0.648889,SGP,GRC,841899
4053364,206,90,8854,2002,82254.0,0.0,1.1907379999999999,1.050649,SVK,GRC,841899
4053365,207,90,8854,2002,24745.0,0.0,1.5643770000000001,1.043862,SVN,GRC,841899
4053366,208,90,8854,2002,104955.0,16010.0,2.128614,0.7891199999999999,SWE,GRC,841899
4053367,212,90,8854,2002,408.0,0.0,-1.067974,-0.513309,SYR,GRC,841899
4053368,216,90,8854,2002,20682.0,0.0,0.432041,1.627953,THA,GRC,841899
4053369,224,90,8854,2002,7248454.0,158774.0,0.11263699999999999,1.83925,TUR,GRC,841899
4053370,226,90,8854,2002,0.0,49955.0,-1.189463,-0.48640600000000006,TZA,GRC,841899
4053371,227,90,8854,2002,0.0,16862.0,-1.038337,-0.896425,UGA,GRC,841899
4053372,228,90,8854,2002,1010.0,4763.0,0.835485,0.872135,UKR,GRC,841899
4053373,231,90,8854,2002,699719.0,7404.0,1.821594,0.231296,USA,GRC,841899
4053374,243,90,8854,2002,0.0,2596.0,-1.233006,-1.22101,YEM,GRC,841899
4053375,246,90,8854,2002,0.0,4655.0,0.395943,2.392458,ZAF,GRC,841899
4053376,249,90,8854,2002,139134.0,6761.0,1.683858,1.333601,TWN,GRC,841899
4053377,250,90,8854,2002,0.0,30845.0,0.734927,-0.40114099999999997,ANS,GRC,841899
4053378,7,93,8854,2002,20410.0,0.0,0.044683,-0.247191,ARE,GTM,841899
4053379,15,93,8854,2002,123357.0,0.0,1.8651200000000001,0.48423900000000003,AUT,GTM,841899
4053380,29,93,8854,2002,0.0,3160.0,-0.246977,-0.731156,BLZ,GTM,841899
4053381,32,93,8854,2002,7121.0,0.0,0.677883,1.0227190000000002,BRA,GTM,841899
4053382,42,93,8854,2002,105245.0,0.0,-0.035264,-0.101796,CHL,GTM,841899
4053383,49,93,8854,2002,14404.0,36125.0,0.345094,0.37787800000000005,COL,GTM,841899
4053384,52,93,8854,2002,29142.0,116565.0,0.03619,-0.187718,CRI,GTM,841899
4053385,54,93,8854,2002,0.0,5784.0,-0.479213,-0.951203,CUB,GTM,841899
4053386,61,93,8854,2002,172768.0,0.0,2.297691,-2.183239,DEU,GTM,841899
4053387,64,93,8854,2002,14695.0,0.0,1.26594,1.225186,DNK,GTM,841899
4053388,65,93,8854,2002,0.0,16562.0,-0.46284899999999995,-0.39210100000000003,DOM,GTM,841899
4053389,71,93,8854,2002,8294.0,0.0,1.012246,2.049594,ESP,GTM,841899
4053390,81,93,8854,2002,20998.0,0.0,1.893177,0.831382,GBR,GTM,841899
4053391,97,93,8854,2002,1572.0,0.0,0.5701109999999999,1.989357,HKG,GTM,841899
4053392,99,93,8854,2002,1140.0,105297.0,-0.877043,-0.658185,HND,GTM,841899
4053393,111,93,8854,2002,213407.0,14805.0,1.377604,1.2470510000000001,ITA,GTM,841899
4053394,112,93,8854,2002,0.0,3766.0,-0.604813,-0.9309860000000001,JAM,GTM,841899
4053395,121,93,8854,2002,1698.0,0.0,1.186816,1.075947,KOR,GTM,841899
4053396,138,93,8854,2002,1922096.0,6237.0,0.942061,0.6311260000000001,MEX,GTM,841899
4053397,160,93,8854,2002,28503.0,183468.0,-0.677398,-0.564472,NIC,GTM,841899
4053398,162,93,8854,2002,15385.0,0.0,1.206176,1.7136360000000002,NLD,GTM,841899
4053399,169,93,8854,2002,5382.0,5086.0,0.134759,0.234258,PAN,GTM,841899
4053400,197,93,8854,2002,83378.0,178423.0,-0.280138,-0.099225,SLV,GTM,841899
4053401,207,93,8854,2002,22139.0,0.0,1.5643770000000001,1.043862,SVN,GTM,841899
4053402,208,93,8854,2002,6046.0,0.0,2.128614,0.7891199999999999,SWE,GTM,841899
4053403,222,93,8854,2002,0.0,938.0,0.074907,-0.8203879999999999,TTO,GTM,841899
4053404,231,93,8854,2002,1829846.0,71989.0,1.821594,0.231296,USA,GTM,841899
4053405,249,93,8854,2002,1613.0,0.0,1.683858,1.333601,TWN,GTM,841899
4053406,61,96,8854,2002,2551.0,0.0,2.297691,-2.183239,DEU,GUY,841899
4053407,77,96,8854,2002,1741.0,0.0,1.569367,0.9886360000000001,FRA,GUY,841899
4053408,81,96,8854,2002,199564.0,0.0,1.893177,0.831382,GBR,GUY,841899
4053409,106,96,8854,2002,4497.0,0.0,1.7232880000000002,0.091172,IRL,GUY,841899
4053410,111,96,8854,2002,1152.0,0.0,1.377604,1.2470510000000001,ITA,GUY,841899
4053411,138,96,8854,2002,1472.0,0.0,0.942061,0.6311260000000001,MEX,GUY,841899
4053412,205,96,8854,2002,32.0,0.0,-0.9120030000000001,-0.8871020000000001,SUR,GUY,841899
4053413,222,96,8854,2002,71856.0,0.0,0.074907,-0.8203879999999999,TTO,GUY,841899
4053414,231,96,8854,2002,150372.0,0.0,1.821594,0.231296,USA,GUY,841899
4053415,7,97,8854,2002,0.0,72554.0,0.044683,-0.247191,ARE,HKG,841899
4053416,10,97,8854,2002,2736.0,0.0,1.207516,0.092848,ASM,HKG,841899
4053417,14,97,8854,2002,79512.0,105695.0,0.231386,0.771628,AUS,HKG,841899
4053418,15,97,8854,2002,67824.0,2076.0,1.8651200000000001,0.48423900000000003,AUT,HKG,841899
4053419,18,97,8854,2002,34723.0,2421.0,1.4097469999999999,1.440169,BEL,HKG,841899
4053420,24,97,8854,2002,21363.0,0.0,-0.146585,-1.006558,BHR,HKG,841899
4053421,32,97,8854,2002,13154.0,18715.0,0.677883,1.0227190000000002,BRA,HKG,841899
4053422,39,97,8854,2002,6820.0,39082.0,0.9963280000000001,1.1922110000000001,CAN,HKG,841899
4053423,41,97,8854,2002,1158.0,0.0,2.218095,0.620946,CHE,HKG,841899
4053424,43,97,8854,2002,21923062.0,2911462.0,0.576746,2.7995520000000003,CHN,HKG,841899
4053425,59,97,8854,2002,31057.0,1847.0,1.550713,1.037066,CZE,HKG,841899
4053426,61,97,8854,2002,644476.0,95761.0,2.297691,-2.183239,DEU,HKG,841899
4053427,64,97,8854,2002,186558.0,109748.0,1.26594,1.225186,DNK,HKG,841899
4053428,65,97,8854,2002,0.0,95425.0,-0.46284899999999995,-0.39210100000000003,DOM,HKG,841899
4053429,68,97,8854,2002,0.0,21286.0,-0.377127,0.549439,EGY,HKG,841899
4053430,71,97,8854,2002,32570.0,13127.0,1.012246,2.049594,ESP,HKG,841899
4053431,74,97,8854,2002,63238.0,0.0,2.0234240000000003,0.979141,FIN,HKG,841899
4053432,77,97,8854,2002,501416.0,99483.0,1.569367,0.9886360000000001,FRA,HKG,841899
4053433,81,97,8854,2002,445765.0,82507.0,1.893177,0.831382,GBR,HKG,841899
4053434,83,97,8854,2002,0.0,881.0,-1.333425,-1.0709879999999998,GHA,HKG,841899
4053435,90,97,8854,2002,0.0,4444.0,0.31858000000000003,1.47417,GRC,HKG,841899
4053436,93,97,8854,2002,0.0,1572.0,-0.548834,-0.034464999999999996,GTM,HKG,841899
4053437,95,97,8854,2002,0.0,16461.0,-0.516203,-0.803461,GUM,HKG,841899
4053438,102,97,8854,2002,0.0,4518.0,1.179684,1.0574860000000001,HUN,HKG,841899
4053439,103,97,8854,2002,18135.0,216648.0,-0.10020499999999999,1.590314,IDN,HKG,841899
4053440,104,97,8854,2002,0.0,1841.0,0.380867,2.608955,IND,HKG,841899
4053441,106,97,8854,2002,57770.0,8222.0,1.7232880000000002,0.091172,IRL,HKG,841899
4053442,107,97,8854,2002,0.0,11741.0,-0.5707840000000001,-0.705612,IRN,HKG,841899
4053443,110,97,8854,2002,0.0,2367.0,1.334174,0.654331,ISR,HKG,841899
4053444,111,97,8854,2002,2022405.0,164938.0,1.377604,1.2470510000000001,ITA,HKG,841899
4053445,114,97,8854,2002,1772493.0,86310.0,2.556057,0.497673,JPN,HKG,841899
4053446,121,97,8854,2002,155694.0,205664.0,1.186816,1.075947,KOR,HKG,841899
4053447,128,97,8854,2002,0.0,5457.0,-0.740927,0.023171,LKA,HKG,841899
4053448,133,97,8854,2002,1209.0,31649.0,-0.360172,-0.359367,MAC,HKG,841899
4053449,137,97,8854,2002,0.0,309.0,-1.3007440000000001,-1.0420120000000002,MDV,HKG,841899
4053450,138,97,8854,2002,144213.0,1448876.0,0.942061,0.6311260000000001,MEX,HKG,841899
4053451,146,97,8854,2002,0.0,3707.0,-0.165526,-0.7033010000000001,MNP,HKG,841899
4053452,153,97,8854,2002,121268.0,65422.0,0.704957,0.243398,MYS,HKG,841899
4053453,162,97,8854,2002,325324.0,116410.0,1.206176,1.7136360000000002,NLD,HKG,841899
4053454,163,97,8854,2002,252621.0,2751.0,1.110882,0.17164100000000002,NOR,HKG,841899
4053455,166,97,8854,2002,97078.0,0.0,0.542585,0.854243,NZL,HKG,841899
4053456,167,97,8854,2002,0.0,1356.0,-1.238769,-1.225841,OMN,HKG,841899
4053457,169,97,8854,2002,0.0,34249.0,0.134759,0.234258,PAN,HKG,841899
4053458,174,97,8854,2002,10231.0,143443.0,0.055439999999999996,-0.179809,PHL,HKG,841899
4053459,188,97,8854,2002,0.0,42085.0,0.082107,-0.843317,SAU,HKG,841899
4053460,192,97,8854,2002,3341382.0,297171.0,1.481857,0.648889,SGP,HKG,841899
4053461,207,97,8854,2002,3683.0,0.0,1.5643770000000001,1.043862,SVN,HKG,841899
4053462,208,97,8854,2002,58982.0,10160.0,2.128614,0.7891199999999999,SWE,HKG,841899
4053463,216,97,8854,2002,245089.0,29048.0,0.432041,1.627953,THA,HKG,841899
4053464,223,97,8854,2002,0.0,37324.0,-0.221951,0.325506,TUN,HKG,841899
4053465,224,97,8854,2002,0.0,2430.0,0.11263699999999999,1.83925,TUR,HKG,841899
4053466,226,97,8854,2002,0.0,18033.0,-1.189463,-0.48640600000000006,TZA,HKG,841899
4053467,231,97,8854,2002,6094351.0,1091335.0,1.821594,0.231296,USA,HKG,841899
4053468,236,97,8854,2002,0.0,4404.0,0.211536,-0.715675,VEN,HKG,841899
4053469,239,97,8854,2002,0.0,70757.0,-0.589665,0.799874,VNM,HKG,841899
4053470,246,97,8854,2002,12945.0,0.0,0.395943,2.392458,ZAF,HKG,841899
4053471,249,97,8854,2002,2507121.0,137190.0,1.683858,1.333601,TWN,HKG,841899
4053472,5,99,8854,2002,1132.0,0.0,1.1751610000000001,0.8631700000000001,AND,HND,841899
4053473,8,99,8854,2002,1488.0,0.0,0.284536,0.517425,ARG,HND,841899
4053474,32,99,8854,2002,3424.0,0.0,0.677883,1.0227190000000002,BRA,HND,841899
4053475,39,99,8854,2002,1449.0,0.0,0.9963280000000001,1.1922110000000001,CAN,HND,841899
4053476,49,99,8854,2002,1037.0,0.0,0.345094,0.37787800000000005,COL,HND,841899
4053477,52,99,8854,2002,9575.0,0.0,0.03619,-0.187718,CRI,HND,841899
4053478,61,99,8854,2002,1618.0,0.0,2.297691,-2.183239,DEU,HND,841899
4053479,64,99,8854,2002,4758.0,0.0,1.26594,1.225186,DNK,HND,841899
4053480,77,99,8854,2002,916.0,0.0,1.569367,0.9886360000000001,FRA,HND,841899
4053481,93,99,8854,2002,105297.0,1140.0,-0.548834,-0.034464999999999996,GTM,HND,841899
4053482,111,99,8854,2002,67972.0,0.0,1.377604,1.2470510000000001,ITA,HND,841899
4053483,114,99,8854,2002,3317.0,0.0,2.556057,0.497673,JPN,HND,841899
4053484,138,99,8854,2002,38951.0,0.0,0.942061,0.6311260000000001,MEX,HND,841899
4053485,153,99,8854,2002,1476.0,0.0,0.704957,0.243398,MYS,HND,841899
4053486,160,99,8854,2002,8303.0,0.0,-0.677398,-0.564472,NIC,HND,841899
4053487,162,99,8854,2002,5115.0,0.0,1.206176,1.7136360000000002,NLD,HND,841899
4053488,197,99,8854,2002,17901.0,0.0,-0.280138,-0.099225,SLV,HND,841899
4053489,216,99,8854,2002,99407.0,0.0,0.432041,1.627953,THA,HND,841899
4053490,222,99,8854,2002,8909.0,0.0,0.074907,-0.8203879999999999,TTO,HND,841899
4053491,231,99,8854,2002,131204.0,0.0,1.821594,0.231296,USA,HND,841899
4053492,236,99,8854,2002,5347.0,0.0,0.211536,-0.715675,VEN,HND,841899
4053493,249,99,8854,2002,69399.0,0.0,1.683858,1.333601,TWN,HND,841899
4053494,14,103,8854,2002,362060.0,108617.0,0.231386,0.771628,AUS,IDN,841899
4053495,15,103,8854,2002,8471.0,0.0,1.8651200000000001,0.48423900000000003,AUT,IDN,841899
4053496,18,103,8854,2002,15697.0,0.0,1.4097469999999999,1.440169,BEL,IDN,841899
4053497,39,103,8854,2002,207970.0,0.0,0.9963280000000001,1.1922110000000001,CAN,IDN,841899
4053498,41,103,8854,2002,0.0,871.0,2.218095,0.620946,CHE,IDN,841899
4053499,43,103,8854,2002,3049655.0,726067.0,0.576746,2.7995520000000003,CHN,IDN,841899
4053500,52,103,8854,2002,7394.0,0.0,0.03619,-0.187718,CRI,IDN,841899
4053501,61,103,8854,2002,1378277.0,136767.0,2.297691,-2.183239,DEU,IDN,841899
4053502,64,103,8854,2002,142884.0,1184.0,1.26594,1.225186,DNK,IDN,841899
4053503,68,103,8854,2002,0.0,308487.0,-0.377127,0.549439,EGY,IDN,841899
4053504,71,103,8854,2002,59330.0,1000.0,1.012246,2.049594,ESP,IDN,841899
4053505,74,103,8854,2002,135011.0,0.0,2.0234240000000003,0.979141,FIN,IDN,841899
4053506,77,103,8854,2002,776014.0,0.0,1.569367,0.9886360000000001,FRA,IDN,841899
4053507,81,103,8854,2002,363502.0,4902.0,1.893177,0.831382,GBR,IDN,841899
4053508,85,103,8854,2002,2614.0,0.0,-1.85329,-1.243105,GIN,IDN,841899
4053509,90,103,8854,2002,231654.0,0.0,0.31858000000000003,1.47417,GRC,IDN,841899
4053510,97,103,8854,2002,216648.0,18135.0,0.5701109999999999,1.989357,HKG,IDN,841899
4053511,104,103,8854,2002,26589.0,38896.0,0.380867,2.608955,IND,IDN,841899
4053512,106,103,8854,2002,0.0,6380.0,1.7232880000000002,0.091172,IRL,IDN,841899
4053513,111,103,8854,2002,120633.0,1031.0,1.377604,1.2470510000000001,ITA,IDN,841899
4053514,113,103,8854,2002,10469.0,0.0,0.24197600000000002,0.196635,JOR,IDN,841899
4053515,114,103,8854,2002,5407977.0,931264.0,2.556057,0.497673,JPN,IDN,841899
4053516,121,103,8854,2002,5052092.0,348289.0,1.186816,1.075947,KOR,IDN,841899
4053517,122,103,8854,2002,0.0,901.0,-0.6629550000000001,-1.157214,KWT,IDN,841899
4053518,128,103,8854,2002,0.0,6445.0,-0.740927,0.023171,LKA,IDN,841899
4053519,131,103,8854,2002,904.0,0.0,1.605378,1.152973,LUX,IDN,841899
4053520,138,103,8854,2002,0.0,4563878.0,0.942061,0.6311260000000001,MEX,IDN,841899
4053521,142,103,8854,2002,1100.0,0.0,1.12245,0.019001,MLT,IDN,841899
4053522,153,103,8854,2002,1810185.0,46803.0,0.704957,0.243398,MYS,IDN,841899
4053523,162,103,8854,2002,193878.0,3544.0,1.206176,1.7136360000000002,NLD,IDN,841899
4053524,174,103,8854,2002,56773.0,357486.0,0.055439999999999996,-0.179809,PHL,IDN,841899
4053525,185,103,8854,2002,4851.0,0.0,0.29888200000000004,0.980376,ROU,IDN,841899
4053526,192,103,8854,2002,221910.0,8791832.0,1.481857,0.648889,SGP,IDN,841899
4053527,194,103,8854,2002,9982.0,0.0,1.4834459999999998,0.014774,SHN,IDN,841899
4053528,208,103,8854,2002,37943.0,9841.0,2.128614,0.7891199999999999,SWE,IDN,841899
4053529,216,103,8854,2002,1611912.0,382987.0,0.432041,1.627953,THA,IDN,841899
4053530,220,103,8854,2002,0.0,9554.0,0.363225,-0.536718,TLS,IDN,841899
4053531,224,103,8854,2002,76556.0,0.0,0.11263699999999999,1.83925,TUR,IDN,841899
4053532,231,103,8854,2002,826198.0,12830395.0,1.821594,0.231296,USA,IDN,841899
4053533,239,103,8854,2002,39655.0,93526.0,-0.589665,0.799874,VNM,IDN,841899
4053534,249,103,8854,2002,549840.0,0.0,1.683858,1.333601,TWN,IDN,841899
4053535,7,106,8854,2002,3084.0,14479.0,0.044683,-0.247191,ARE,IRL,841899
4053536,8,106,8854,2002,0.0,20621.0,0.284536,0.517425,ARG,IRL,841899
4053537,14,106,8854,2002,0.0,25209.0,0.231386,0.771628,AUS,IRL,841899
4053538,15,106,8854,2002,17770.0,17977.0,1.8651200000000001,0.48423900000000003,AUT,IRL,841899
4053539,18,106,8854,2002,326615.0,63124.0,1.4097469999999999,1.440169,BEL,IRL,841899
4053540,22,106,8854,2002,0.0,4181.0,-1.134933,-1.061633,BGD,IRL,841899
4053541,23,106,8854,2002,0.0,6992.0,0.37451100000000004,1.573517,BGR,IRL,841899
4053542,24,106,8854,2002,0.0,10535.0,-0.146585,-1.006558,BHR,IRL,841899
4053543,28,106,8854,2002,0.0,1140.0,0.825865,1.0148979999999999,BLR,IRL,841899
4053544,32,106,8854,2002,72174.0,1173.0,0.677883,1.0227190000000002,BRA,IRL,841899
4053545,39,106,8854,2002,24614.0,12293.0,0.9963280000000001,1.1922110000000001,CAN,IRL,841899
4053546,41,106,8854,2002,12933.0,234032.0,2.218095,0.620946,CHE,IRL,841899
4053547,43,106,8854,2002,127941.0,139176.0,0.576746,2.7995520000000003,CHN,IRL,841899
4053548,58,106,8854,2002,0.0,1906.0,0.381391,0.40265,CYP,IRL,841899
4053549,59,106,8854,2002,10541243.0,2373070.0,1.550713,1.037066,CZE,IRL,841899
4053550,61,106,8854,2002,1299394.0,5684736.0,2.297691,-2.183239,DEU,IRL,841899
4053551,64,106,8854,2002,89653.0,103768.0,1.26594,1.225186,DNK,IRL,841899
4053552,65,106,8854,2002,8242.0,0.0,-0.46284899999999995,-0.39210100000000003,DOM,IRL,841899
4053553,66,106,8854,2002,0.0,149445.0,-0.912033,-1.1731850000000001,DZA,IRL,841899
4053554,68,106,8854,2002,0.0,13837.0,-0.377127,0.549439,EGY,IRL,841899
4053555,71,106,8854,2002,305698.0,256651.0,1.012246,2.049594,ESP,IRL,841899
4053556,72,106,8854,2002,0.0,1108.0,0.54511,0.9135979999999999,EST,IRL,841899
4053557,74,106,8854,2002,131735.0,97562.0,2.0234240000000003,0.979141,FIN,IRL,841899
4053558,77,106,8854,2002,1779927.0,6086078.0,1.569367,0.9886360000000001,FRA,IRL,841899
4053559,81,106,8854,2002,2309555.0,8368049.0,1.893177,0.831382,GBR,IRL,841899
4053560,90,106,8854,2002,27075.0,244761.0,0.31858000000000003,1.47417,GRC,IRL,841899
4053561,96,106,8854,2002,0.0,4497.0,-0.9485889999999999,-0.9086489999999999,GUY,IRL,841899
4053562,97,106,8854,2002,8222.0,57770.0,0.5701109999999999,1.989357,HKG,IRL,841899
4053563,100,106,8854,2002,0.0,85088.0,0.591276,1.030723,HRV,IRL,841899
4053564,102,106,8854,2002,25472.0,341900.0,1.179684,1.0574860000000001,HUN,IRL,841899
4053565,103,106,8854,2002,6380.0,0.0,-0.10020499999999999,1.590314,IDN,IRL,841899
4053566,104,106,8854,2002,0.0,2526.0,0.380867,2.608955,IND,IRL,841899
4053567,109,106,8854,2002,18559.0,0.0,0.23601999999999998,-0.34781,ISL,IRL,841899
4053568,110,106,8854,2002,30295.0,59406.0,1.334174,0.654331,ISR,IRL,841899
4053569,111,106,8854,2002,1293066.0,3074985.0,1.377604,1.2470510000000001,ITA,IRL,841899
4053570,113,106,8854,2002,0.0,114852.0,0.24197600000000002,0.196635,JOR,IRL,841899
4053571,114,106,8854,2002,199991.0,49512.0,2.556057,0.497673,JPN,IRL,841899
4053572,115,106,8854,2002,0.0,3366.0,-0.065332,-0.616159,KAZ,IRL,841899
4053573,121,106,8854,2002,29949.0,12981.0,1.186816,1.075947,KOR,IRL,841899
4053574,122,106,8854,2002,0.0,7989.0,-0.6629550000000001,-1.157214,KWT,IRL,841899
4053575,124,106,8854,2002,0.0,5917.0,0.2729,1.254232,LBN,IRL,841899
4053576,126,106,8854,2002,0.0,177017.0,-0.568615,-1.172261,LBY,IRL,841899
4053577,130,106,8854,2002,1120.0,1097.0,0.23102399999999998,0.586078,LTU,IRL,841899
4053578,131,106,8854,2002,0.0,4036.0,1.605378,1.152973,LUX,IRL,841899
4053579,132,106,8854,2002,0.0,7363.0,0.45210200000000006,0.515388,LVA,IRL,841899
4053580,135,106,8854,2002,0.0,10816.0,-0.186001,-0.141598,MDA,IRL,841899
4053581,138,106,8854,2002,13673.0,1208.0,0.942061,0.6311260000000001,MEX,IRL,841899
4053582,140,106,8854,2002,0.0,2524.0,-0.030274000000000002,0.359317,MKD,IRL,841899
4053583,151,106,8854,2002,0.0,1694.0,-0.37937600000000005,-0.388848,MUS,IRL,841899
4053584,153,106,8854,2002,0.0,8247.0,0.704957,0.243398,MYS,IRL,841899
4053585,162,106,8854,2002,1014831.0,1419682.0,1.206176,1.7136360000000002,NLD,IRL,841899
4053586,163,106,8854,2002,1128159.0,1670916.0,1.110882,0.17164100000000002,NOR,IRL,841899
4053587,166,106,8854,2002,0.0,31949.0,0.542585,0.854243,NZL,IRL,841899
4053588,174,106,8854,2002,0.0,5792.0,0.055439999999999996,-0.179809,PHL,IRL,841899
4053589,177,106,8854,2002,43101.0,946009.0,0.931642,1.721727,POL,IRL,841899
4053590,179,106,8854,2002,116282.0,73536.0,0.484407,1.6500080000000001,PRT,IRL,841899
4053591,183,106,8854,2002,0.0,19918.0,-0.306052,-1.098296,QAT,IRL,841899
4053592,185,106,8854,2002,823.0,35312.0,0.29888200000000004,0.980376,ROU,IRL,841899
4053593,186,106,8854,2002,0.0,12279.0,1.109397,0.424229,RUS,IRL,841899
4053594,188,106,8854,2002,0.0,220630.0,0.082107,-0.843317,SAU,IRL,841899
4053595,189,106,8854,2002,0.0,2114.0,0.55781,2.135925,SCG,IRL,841899
4053596,192,106,8854,2002,0.0,31036.0,1.481857,0.648889,SGP,IRL,841899
4053597,196,106,8854,2002,0.0,24466.0,0.397488,-0.027672000000000002,SLE,IRL,841899
4053598,206,106,8854,2002,0.0,6448.0,1.1907379999999999,1.050649,SVK,IRL,841899
4053599,207,106,8854,2002,11239.0,37811.0,1.5643770000000001,1.043862,SVN,IRL,841899
4053600,208,106,8854,2002,151122.0,696677.0,2.128614,0.7891199999999999,SWE,IRL,841899
4053601,212,106,8854,2002,0.0,44818.0,-1.067974,-0.513309,SYR,IRL,841899
4053602,216,106,8854,2002,23920.0,1100.0,0.432041,1.627953,THA,IRL,841899
4053603,224,106,8854,2002,7891.0,56508.0,0.11263699999999999,1.83925,TUR,IRL,841899
4053604,228,106,8854,2002,0.0,3808.0,0.835485,0.872135,UKR,IRL,841899
4053605,231,106,8854,2002,37124952.0,762110.0,1.821594,0.231296,USA,IRL,841899
4053606,232,106,8854,2002,0.0,35452.0,-0.379765,-0.5965159999999999,UZB,IRL,841899
4053607,239,106,8854,2002,0.0,1254.0,-0.589665,0.799874,VNM,IRL,841899
4053608,246,106,8854,2002,2786.0,99877.0,0.395943,2.392458,ZAF,IRL,841899
4053609,249,106,8854,2002,48146.0,2655.0,1.683858,1.333601,TWN,IRL,841899
4053610,250,106,8854,2002,296596.0,84708.0,0.734927,-0.40114099999999997,ANS,IRL,841899
4053611,7,107,8854,2002,1176869.0,139922.0,0.044683,-0.247191,ARE,IRN,841899
4053612,9,107,8854,2002,0.0,380808.0,0.710274,-0.11309000000000001,ARM,IRN,841899
4053613,15,107,8854,2002,67770.0,0.0,1.8651200000000001,0.48423900000000003,AUT,IRN,841899
4053614,16,107,8854,2002,0.0,2201.0,-0.41282299999999994,-0.967931,AZE,IRN,841899
4053615,18,107,8854,2002,933733.0,0.0,1.4097469999999999,1.440169,BEL,IRN,841899
4053616,32,107,8854,2002,2485.0,0.0,0.677883,1.0227190000000002,BRA,IRN,841899
4053617,41,107,8854,2002,61246.0,1363.0,2.218095,0.620946,CHE,IRN,841899
4053618,43,107,8854,2002,333106.0,0.0,0.576746,2.7995520000000003,CHN,IRN,841899
4053619,61,107,8854,2002,1701333.0,1668.0,2.297691,-2.183239,DEU,IRN,841899
4053620,64,107,8854,2002,350036.0,0.0,1.26594,1.225186,DNK,IRN,841899
4053621,71,107,8854,2002,243510.0,0.0,1.012246,2.049594,ESP,IRN,841899
4053622,77,107,8854,2002,1131821.0,0.0,1.569367,0.9886360000000001,FRA,IRN,841899
4053623,81,107,8854,2002,83411.0,0.0,1.893177,0.831382,GBR,IRN,841899
4053624,82,107,8854,2002,8382.0,0.0,0.662382,-0.124825,GEO,IRN,841899
4053625,90,107,8854,2002,29920.0,0.0,0.31858000000000003,1.47417,GRC,IRN,841899
4053626,97,107,8854,2002,11741.0,0.0,0.5701109999999999,1.989357,HKG,IRN,841899
4053627,104,107,8854,2002,28421.0,0.0,0.380867,2.608955,IND,IRN,841899
4053628,108,107,8854,2002,0.0,19773.0,-0.397477,-0.811214,IRQ,IRN,841899
4053629,111,107,8854,2002,1357349.0,0.0,1.377604,1.2470510000000001,ITA,IRN,841899
4053630,114,107,8854,2002,552360.0,0.0,2.556057,0.497673,JPN,IRN,841899
4053631,115,107,8854,2002,0.0,6086.0,-0.065332,-0.616159,KAZ,IRN,841899
4053632,121,107,8854,2002,164025.0,0.0,1.186816,1.075947,KOR,IRN,841899
4053633,122,107,8854,2002,2924.0,0.0,-0.6629550000000001,-1.157214,KWT,IRN,841899
4053634,153,107,8854,2002,19566.0,0.0,0.704957,0.243398,MYS,IRN,841899
4053635,162,107,8854,2002,1173445.0,0.0,1.206176,1.7136360000000002,NLD,IRN,841899
4053636,183,107,8854,2002,0.0,2316.0,-0.306052,-1.098296,QAT,IRN,841899
4053637,190,107,8854,2002,0.0,25497.0,-1.499925,-1.228374,SDN,IRN,841899
4053638,192,107,8854,2002,200111.0,0.0,1.481857,0.648889,SGP,IRN,841899
4053639,207,107,8854,2002,1888.0,0.0,1.5643770000000001,1.043862,SVN,IRN,841899
4053640,208,107,8854,2002,5832.0,984.0,2.128614,0.7891199999999999,SWE,IRN,841899
4053641,216,107,8854,2002,1454.0,0.0,0.432041,1.627953,THA,IRN,841899
4053642,219,107,8854,2002,0.0,15867.0,-1.035248,-1.191624,TKM,IRN,841899
4053643,224,107,8854,2002,50380.0,0.0,0.11263699999999999,1.83925,TUR,IRN,841899
4053644,232,107,8854,2002,0.0,1969.0,-0.379765,-0.5965159999999999,UZB,IRN,841899
4053645,249,107,8854,2002,108328.0,0.0,1.683858,1.333601,TWN,IRN,841899
4053646,14,110,8854,2002,622.0,0.0,0.231386,0.771628,AUS,ISR,841899
4053647,15,110,8854,2002,220474.0,0.0,1.8651200000000001,0.48423900000000003,AUT,ISR,841899
4053648,18,110,8854,2002,211048.0,148868.0,1.4097469999999999,1.440169,BEL,ISR,841899
4053649,23,110,8854,2002,0.0,11260.0,0.37451100000000004,1.573517,BGR,ISR,841899
4053650,39,110,8854,2002,57770.0,847.0,0.9963280000000001,1.1922110000000001,CAN,ISR,841899
4053651,41,110,8854,2002,1931.0,5695.0,2.218095,0.620946,CHE,ISR,841899
4053652,43,110,8854,2002,239947.0,229982.0,0.576746,2.7995520000000003,CHN,ISR,841899
4053653,58,110,8854,2002,0.0,138630.0,0.381391,0.40265,CYP,ISR,841899
4053654,59,110,8854,2002,45231.0,6062.0,1.550713,1.037066,CZE,ISR,841899
4053655,61,110,8854,2002,310335.0,282822.0,2.297691,-2.183239,DEU,ISR,841899
4053656,64,110,8854,2002,211495.0,28884.0,1.26594,1.225186,DNK,ISR,841899
4053657,71,110,8854,2002,106891.0,366316.0,1.012246,2.049594,ESP,ISR,841899
4053658,74,110,8854,2002,0.0,68502.0,2.0234240000000003,0.979141,FIN,ISR,841899
4053659,77,110,8854,2002,945655.0,733479.0,1.569367,0.9886360000000001,FRA,ISR,841899
4053660,81,110,8854,2002,141784.0,1229152.0,1.893177,0.831382,GBR,ISR,841899
4053661,83,110,8854,2002,0.0,9392.0,-1.333425,-1.0709879999999998,GHA,ISR,841899
4053662,90,110,8854,2002,18474.0,2862.0,0.31858000000000003,1.47417,GRC,ISR,841899
4053663,97,110,8854,2002,2367.0,0.0,0.5701109999999999,1.989357,HKG,ISR,841899
4053664,102,110,8854,2002,2567.0,0.0,1.179684,1.0574860000000001,HUN,ISR,841899
4053665,104,110,8854,2002,2341.0,97835.0,0.380867,2.608955,IND,ISR,841899
4053666,106,110,8854,2002,59406.0,30295.0,1.7232880000000002,0.091172,IRL,ISR,841899
4053667,109,110,8854,2002,0.0,2181.0,0.23601999999999998,-0.34781,ISL,ISR,841899
4053668,111,110,8854,2002,2778055.0,273184.0,1.377604,1.2470510000000001,ITA,ISR,841899
4053669,114,110,8854,2002,5017.0,0.0,2.556057,0.497673,JPN,ISR,841899
4053670,121,110,8854,2002,365876.0,23898.0,1.186816,1.075947,KOR,ISR,841899
4053671,142,110,8854,2002,0.0,2374.0,1.12245,0.019001,MLT,ISR,841899
4053672,159,110,8854,2002,0.0,58088.0,-1.8315700000000001,-1.25171,NGA,ISR,841899
4053673,162,110,8854,2002,549541.0,104163.0,1.206176,1.7136360000000002,NLD,ISR,841899
4053674,163,110,8854,2002,0.0,1529.0,1.110882,0.17164100000000002,NOR,ISR,841899
4053675,166,110,8854,2002,2953.0,7356.0,0.542585,0.854243,NZL,ISR,841899
4053676,177,110,8854,2002,1340.0,10188.0,0.931642,1.721727,POL,ISR,841899
4053677,179,110,8854,2002,2033.0,2055.0,0.484407,1.6500080000000001,PRT,ISR,841899
4053678,192,110,8854,2002,1685.0,0.0,1.481857,0.648889,SGP,ISR,841899
4053679,206,110,8854,2002,0.0,551.0,1.1907379999999999,1.050649,SVK,ISR,841899
4053680,207,110,8854,2002,1991.0,0.0,1.5643770000000001,1.043862,SVN,ISR,841899
4053681,208,110,8854,2002,160549.0,102579.0,2.128614,0.7891199999999999,SWE,ISR,841899
4053682,216,110,8854,2002,47880.0,0.0,0.432041,1.627953,THA,ISR,841899
4053683,224,110,8854,2002,577197.0,31114.0,0.11263699999999999,1.83925,TUR,ISR,841899
4053684,228,110,8854,2002,0.0,21200.0,0.835485,0.872135,UKR,ISR,841899
4053685,231,110,8854,2002,1843041.0,645624.0,1.821594,0.231296,USA,ISR,841899
4053686,236,110,8854,2002,0.0,6122.0,0.211536,-0.715675,VEN,ISR,841899
4053687,246,110,8854,2002,942.0,0.0,0.395943,2.392458,ZAF,ISR,841899
4053688,249,110,8854,2002,53981.0,3949.0,1.683858,1.333601,TWN,ISR,841899
4053689,1,111,8854,2002,0.0,2093.0,-0.262812,-0.503955,AFG,ITA,841899
4053690,4,111,8854,2002,0.0,459749.0,-0.127828,-0.126857,ALB,ITA,841899
4053691,5,111,8854,2002,0.0,2534.0,1.1751610000000001,0.8631700000000001,AND,ITA,841899
4053692,6,111,8854,2002,0.0,11522.0,0.346519,-0.631549,ANT,ITA,841899
4053693,7,111,8854,2002,0.0,2654458.0,0.044683,-0.247191,ARE,ITA,841899
4053694,8,111,8854,2002,13118.0,816645.0,0.284536,0.517425,ARG,ITA,841899
4053695,9,111,8854,2002,0.0,9519.0,0.710274,-0.11309000000000001,ARM,ITA,841899
4053696,13,111,8854,2002,0.0,1604.0,0.958779,-0.56295,ATG,ITA,841899
4053697,14,111,8854,2002,30001.0,1448303.0,0.231386,0.771628,AUS,ITA,841899
4053698,15,111,8854,2002,1187300.0,10550983.0,1.8651200000000001,0.48423900000000003,AUT,ITA,841899
4053699,16,111,8854,2002,0.0,9247.0,-0.41282299999999994,-0.967931,AZE,ITA,841899
4053700,18,111,8854,2002,1323812.0,4695258.0,1.4097469999999999,1.440169,BEL,ITA,841899
4053701,19,111,8854,2002,0.0,17686.0,-0.724829,-0.705625,BEN,ITA,841899
4053702,21,111,8854,2002,0.0,1507.0,-0.477813,-0.647148,BFA,ITA,841899
4053703,22,111,8854,2002,0.0,14392.0,-1.134933,-1.061633,BGD,ITA,841899
4053704,23,111,8854,2002,3361.0,1415984.0,0.37451100000000004,1.573517,BGR,ITA,841899
4053705,24,111,8854,2002,0.0,89878.0,-0.146585,-1.006558,BHR,ITA,841899
4053706,26,111,8854,2002,3365.0,1263424.0,0.26339,0.30287,BIH,ITA,841899
4053707,28,111,8854,2002,0.0,135077.0,0.825865,1.0148979999999999,BLR,ITA,841899
4053708,32,111,8854,2002,52305.0,2238114.0,0.677883,1.0227190000000002,BRA,ITA,841899
4053709,33,111,8854,2002,0.0,983.0,0.762217,0.004367,BRB,ITA,841899
4053710,34,111,8854,2002,0.0,1777.0,-1.7894169999999998,-1.034672,BRN,ITA,841899
4053711,39,111,8854,2002,3468.0,873171.0,0.9963280000000001,1.1922110000000001,CAN,ITA,841899
4053712,41,111,8854,2002,287933.0,6929132.0,2.218095,0.620946,CHE,ITA,841899
4053713,42,111,8854,2002,0.0,2148992.0,-0.035264,-0.101796,CHL,ITA,841899
4053714,43,111,8854,2002,3948504.0,1600071.0,0.576746,2.7995520000000003,CHN,ITA,841899
4053715,44,111,8854,2002,0.0,73672.0,-0.816327,-0.711765,CIV,ITA,841899
4053716,45,111,8854,2002,0.0,54394.0,-1.114477,-1.0516510000000001,CMR,ITA,841899
4053717,47,111,8854,2002,0.0,26110.0,-1.62227,-1.202067,COG,ITA,841899
4053718,49,111,8854,2002,0.0,355204.0,0.345094,0.37787800000000005,COL,ITA,841899
4053719,51,111,8854,2002,0.0,4765.0,-0.29720100000000005,-0.703051,CPV,ITA,841899
4053720,52,111,8854,2002,0.0,339307.0,0.03619,-0.187718,CRI,ITA,841899
4053721,54,111,8854,2002,0.0,1053314.0,-0.479213,-0.951203,CUB,ITA,841899
4053722,58,111,8854,2002,0.0,574125.0,0.381391,0.40265,CYP,ITA,841899
4053723,59,111,8854,2002,1296807.0,4192110.0,1.550713,1.037066,CZE,ITA,841899
4053724,61,111,8854,2002,8475408.0,46703536.0,2.297691,-2.183239,DEU,ITA,841899
4053725,64,111,8854,2002,847824.0,3992656.0,1.26594,1.225186,DNK,ITA,841899
4053726,65,111,8854,2002,0.0,211643.0,-0.46284899999999995,-0.39210100000000003,DOM,ITA,841899
4053727,66,111,8854,2002,349.0,2655242.0,-0.912033,-1.1731850000000001,DZA,ITA,841899
4053728,67,111,8854,2002,0.0,884499.0,-0.976218,-0.926393,ECU,ITA,841899
4053729,68,111,8854,2002,1485.0,12872391.0,-0.377127,0.549439,EGY,ITA,841899
4053730,69,111,8854,2002,0.0,5974.0,0.831973,-0.050712,ERI,ITA,841899
4053731,71,111,8854,2002,5964850.0,34414432.0,1.012246,2.049594,ESP,ITA,841899
4053732,72,111,8854,2002,0.0,326904.0,0.54511,0.9135979999999999,EST,ITA,841899
4053733,73,111,8854,2002,0.0,18448.0,-1.096371,-0.9566709999999999,ETH,ITA,841899
4053734,74,111,8854,2002,58315.0,2056697.0,2.0234240000000003,0.979141,FIN,ITA,841899
4053735,75,111,8854,2002,0.0,9306.0,-0.588136,-0.242883,FJI,ITA,841899
4053736,77,111,8854,2002,20518640.0,43710492.0,1.569367,0.9886360000000001,FRA,ITA,841899
4053737,78,111,8854,2002,0.0,8282.0,-0.410455,-0.821335,FRO,ITA,841899
4053738,80,111,8854,2002,0.0,21130.0,-0.830094,-1.149233,GAB,ITA,841899
4053739,81,111,8854,2002,3552724.0,25323862.0,1.893177,0.831382,GBR,ITA,841899
4053740,82,111,8854,2002,0.0,128348.0,0.662382,-0.124825,GEO,ITA,841899
4053741,83,111,8854,2002,0.0,152578.0,-1.333425,-1.0709879999999998,GHA,ITA,841899
4053742,85,111,8854,2002,0.0,7771.0,-1.85329,-1.243105,GIN,ITA,841899
4053743,89,111,8854,2002,0.0,1515.0,-2.3567560000000003,-0.88686,GNQ,ITA,841899
4053744,90,111,8854,2002,335853.0,11291770.0,0.31858000000000003,1.47417,GRC,ITA,841899
4053745,93,111,8854,2002,14805.0,213407.0,-0.548834,-0.034464999999999996,GTM,ITA,841899
4053746,96,111,8854,2002,0.0,1152.0,-0.9485889999999999,-0.9086489999999999,GUY,ITA,841899
4053747,97,111,8854,2002,164938.0,2022405.0,0.5701109999999999,1.989357,HKG,ITA,841899
4053748,99,111,8854,2002,0.0,67972.0,-0.877043,-0.658185,HND,ITA,841899
4053749,100,111,8854,2002,6015.0,3382644.0,0.591276,1.030723,HRV,ITA,841899
4053750,101,111,8854,2002,0.0,8422.0,-1.220251,-0.8176859999999999,HTI,ITA,841899
4053751,102,111,8854,2002,4440207.0,4802522.0,1.179684,1.0574860000000001,HUN,ITA,841899
4053752,103,111,8854,2002,1031.0,120633.0,-0.10020499999999999,1.590314,IDN,ITA,841899
4053753,104,111,8854,2002,133965.0,522762.0,0.380867,2.608955,IND,ITA,841899
4053754,106,111,8854,2002,3074985.0,1293066.0,1.7232880000000002,0.091172,IRL,ITA,841899
4053755,107,111,8854,2002,0.0,1357349.0,-0.5707840000000001,-0.705612,IRN,ITA,841899
4053756,109,111,8854,2002,0.0,195184.0,0.23601999999999998,-0.34781,ISL,ITA,841899
4053757,110,111,8854,2002,273184.0,2778055.0,1.334174,0.654331,ISR,ITA,841899
4053758,112,111,8854,2002,0.0,2279.0,-0.604813,-0.9309860000000001,JAM,ITA,841899
4053759,113,111,8854,2002,908.0,302026.0,0.24197600000000002,0.196635,JOR,ITA,841899
4053760,114,111,8854,2002,1614384.0,918989.0,2.556057,0.497673,JPN,ITA,841899
4053761,115,111,8854,2002,0.0,128037.0,-0.065332,-0.616159,KAZ,ITA,841899
4053762,116,111,8854,2002,0.0,19307.0,-0.555812,0.169204,KEN,ITA,841899
4053763,118,111,8854,2002,0.0,2983.0,-1.231783,-1.1518700000000002,KHM,ITA,841899
4053764,121,111,8854,2002,160139.0,1173748.0,1.186816,1.075947,KOR,ITA,841899
4053765,122,111,8854,2002,0.0,667750.0,-0.6629550000000001,-1.157214,KWT,ITA,841899
4053766,124,111,8854,2002,0.0,1208672.0,0.2729,1.254232,LBN,ITA,841899
4053767,126,111,8854,2002,0.0,1205935.0,-0.568615,-1.172261,LBY,ITA,841899
4053768,127,111,8854,2002,0.0,1912.0,0.14441700000000002,-0.38146599999999997,LCA,ITA,841899
4053769,128,111,8854,2002,0.0,89813.0,-0.740927,0.023171,LKA,ITA,841899
4053770,130,111,8854,2002,939.0,3085690.0,0.23102399999999998,0.586078,LTU,ITA,841899
4053771,131,111,8854,2002,1220.0,1034746.0,1.605378,1.152973,LUX,ITA,841899
4053772,132,111,8854,2002,0.0,598294.0,0.45210200000000006,0.515388,LVA,ITA,841899
4053773,133,111,8854,2002,0.0,641.0,-0.360172,-0.359367,MAC,ITA,841899
4053774,134,111,8854,2002,0.0,2298633.0,-0.810467,-0.34807899999999997,MAR,ITA,841899
4053775,135,111,8854,2002,0.0,53074.0,-0.186001,-0.141598,MDA,ITA,841899
4053776,136,111,8854,2002,0.0,1322.0,-1.120167,-0.43338699999999997,MDG,ITA,841899
4053777,137,111,8854,2002,0.0,31280.0,-1.3007440000000001,-1.0420120000000002,MDV,ITA,841899
4053778,138,111,8854,2002,491772.0,1003930.0,0.942061,0.6311260000000001,MEX,ITA,841899
4053779,140,111,8854,2002,232046.0,606269.0,-0.030274000000000002,0.359317,MKD,ITA,841899
4053780,141,111,8854,2002,0.0,10977.0,-0.8948520000000001,-0.863375,MLI,ITA,841899
4053781,142,111,8854,2002,0.0,457005.0,1.12245,0.019001,MLT,ITA,841899
4053782,148,111,8854,2002,0.0,2017.0,-1.27671,-1.218472,MRT,ITA,841899
4053783,151,111,8854,2002,0.0,62154.0,-0.37937600000000005,-0.388848,MUS,ITA,841899
4053784,153,111,8854,2002,46964.0,913296.0,0.704957,0.243398,MYS,ITA,841899
4053785,154,111,8854,2002,0.0,2861.0,0.34587399999999996,-0.537626,MYT,ITA,841899
4053786,155,111,8854,2002,0.0,802.0,-0.314161,-0.521778,NAM,ITA,841899
4053787,156,111,8854,2002,0.0,88786.0,-0.292646,-0.823263,NCL,ITA,841899
4053788,157,111,8854,2002,0.0,13861.0,-0.344562,-0.304996,NER,ITA,841899
4053789,159,111,8854,2002,0.0,2502124.0,-1.8315700000000001,-1.25171,NGA,ITA,841899
4053790,160,111,8854,2002,0.0,59528.0,-0.677398,-0.564472,NIC,ITA,841899
4053791,162,111,8854,2002,5583062.0,8478195.0,1.206176,1.7136360000000002,NLD,ITA,841899
4053792,163,111,8854,2002,8798.0,2347478.0,1.110882,0.17164100000000002,NOR,ITA,841899
4053793,164,111,8854,2002,0.0,1830.0,-0.216428,0.44377700000000003,NPL,ITA,841899
4053794,166,111,8854,2002,47240.0,434408.0,0.542585,0.854243,NZL,ITA,841899
4053795,167,111,8854,2002,0.0,85476.0,-1.238769,-1.225841,OMN,ITA,841899
4053796,168,111,8854,2002,0.0,5420067.0,-0.877655,-0.322094,PAK,ITA,841899
4053797,169,111,8854,2002,0.0,20522.0,0.134759,0.234258,PAN,ITA,841899
4053798,173,111,8854,2002,0.0,322134.0,-0.6126199999999999,0.085944,PER,ITA,841899
4053799,174,111,8854,2002,0.0,255455.0,0.055439999999999996,-0.179809,PHL,ITA,841899
4053800,176,111,8854,2002,0.0,1998.0,-1.4572319999999999,-1.159399,PNG,ITA,841899
4053801,177,111,8854,2002,519196.0,8675015.0,0.931642,1.721727,POL,ITA,841899
4053802,179,111,8854,2002,962784.0,7194620.0,0.484407,1.6500080000000001,PRT,ITA,841899
4053803,180,111,8854,2002,0.0,5233.0,-0.614282,-0.963832,PRY,ITA,841899
4053804,182,111,8854,2002,0.0,91532.0,0.042936,-0.7421840000000001,PYF,ITA,841899
4053805,183,111,8854,2002,0.0,77641.0,-0.306052,-1.098296,QAT,ITA,841899
4053806,185,111,8854,2002,94016.0,2494712.0,0.29888200000000004,0.980376,ROU,ITA,841899
4053807,186,111,8854,2002,11670.0,4422482.0,1.109397,0.424229,RUS,ITA,841899
4053808,188,111,8854,2002,0.0,2495197.0,0.082107,-0.843317,SAU,ITA,841899
4053809,189,111,8854,2002,0.0,2182124.0,0.55781,2.135925,SCG,ITA,841899
4053810,190,111,8854,2002,0.0,557296.0,-1.499925,-1.228374,SDN,ITA,841899
4053811,191,111,8854,2002,0.0,235720.0,-0.43679700000000005,-0.484176,SEN,ITA,841899
4053812,192,111,8854,2002,178985.0,1055261.0,1.481857,0.648889,SGP,ITA,841899
4053813,197,111,8854,2002,0.0,721282.0,-0.280138,-0.099225,SLV,ITA,841899
4053814,203,111,8854,2002,0.0,6191.0,0.47539499999999996,-0.297348,STP,ITA,841899
4053815,206,111,8854,2002,75638.0,2098614.0,1.1907379999999999,1.050649,SVK,ITA,841899
4053816,207,111,8854,2002,450870.0,4756460.0,1.5643770000000001,1.043862,SVN,ITA,841899
4053817,208,111,8854,2002,2866350.0,5185364.0,2.128614,0.7891199999999999,SWE,ITA,841899
4053818,211,111,8854,2002,0.0,4936.0,-0.977247,-0.927527,SYC,ITA,841899
4053819,212,111,8854,2002,14296.0,5622954.0,-1.067974,-0.513309,SYR,ITA,841899
4053820,215,111,8854,2002,0.0,13786.0,-0.6810039999999999,-0.6286930000000001,TGO,ITA,841899
4053821,216,111,8854,2002,7238.0,1365820.0,0.432041,1.627953,THA,ITA,841899
4053822,221,111,8854,2002,0.0,1162.0,-1.6186639999999999,-1.011606,TON,ITA,841899
4053823,222,111,8854,2002,0.0,54004.0,0.074907,-0.8203879999999999,TTO,ITA,841899
4053824,223,111,8854,2002,7826.0,4968027.0,-0.221951,0.325506,TUN,ITA,841899
4053825,224,111,8854,2002,556340.0,10208367.0,0.11263699999999999,1.83925,TUR,ITA,841899
4053826,226,111,8854,2002,0.0,10090.0,-1.189463,-0.48640600000000006,TZA,ITA,841899
4053827,227,111,8854,2002,0.0,60621.0,-1.038337,-0.896425,UGA,ITA,841899
4053828,228,111,8854,2002,10639.0,779636.0,0.835485,0.872135,UKR,ITA,841899
4053829,230,111,8854,2002,0.0,34551.0,0.300502,0.16817000000000001,URY,ITA,841899
4053830,231,111,8854,2002,5684684.0,5548398.0,1.821594,0.231296,USA,ITA,841899
4053831,232,111,8854,2002,0.0,33611.0,-0.379765,-0.5965159999999999,UZB,ITA,841899
4053832,234,111,8854,2002,0.0,1412.0,-0.340281,-0.661246,VCT,ITA,841899
4053833,236,111,8854,2002,0.0,739832.0,0.211536,-0.715675,VEN,ITA,841899
4053834,239,111,8854,2002,0.0,379290.0,-0.589665,0.799874,VNM,ITA,841899
4053835,243,111,8854,2002,0.0,34046.0,-1.233006,-1.22101,YEM,ITA,841899
4053836,246,111,8854,2002,162109.0,1221280.0,0.395943,2.392458,ZAF,ITA,841899
4053837,248,111,8854,2002,0.0,8995.0,-0.309483,0.271457,ZWE,ITA,841899
4053838,249,111,8854,2002,1332828.0,251069.0,1.683858,1.333601,TWN,ITA,841899
4053839,250,111,8854,2002,0.0,2123575.0,0.734927,-0.40114099999999997,ANS,ITA,841899
4053840,39,112,8854,2002,6215.0,0.0,0.9963280000000001,1.1922110000000001,CAN,JAM,841899
4053841,61,112,8854,2002,571.0,0.0,2.297691,-2.183239,DEU,JAM,841899
4053842,64,112,8854,2002,3566.0,0.0,1.26594,1.225186,DNK,JAM,841899
4053843,65,112,8854,2002,18992.0,0.0,-0.46284899999999995,-0.39210100000000003,DOM,JAM,841899
4053844,77,112,8854,2002,6890.0,0.0,1.569367,0.9886360000000001,FRA,JAM,841899
4053845,81,112,8854,2002,14018.0,0.0,1.893177,0.831382,GBR,JAM,841899
4053846,93,112,8854,2002,3766.0,0.0,-0.548834,-0.034464999999999996,GTM,JAM,841899
4053847,104,112,8854,2002,852.0,0.0,0.380867,2.608955,IND,JAM,841899
4053848,111,112,8854,2002,2279.0,0.0,1.377604,1.2470510000000001,ITA,JAM,841899
4053849,114,112,8854,2002,5600.0,0.0,2.556057,0.497673,JPN,JAM,841899
4053850,120,112,8854,2002,0.0,784.0,0.911442,-0.26164899999999996,KNA,JAM,841899
4053851,121,112,8854,2002,1209.0,0.0,1.186816,1.075947,KOR,JAM,841899
4053852,138,112,8854,2002,4487.0,0.0,0.942061,0.6311260000000001,MEX,JAM,841899
4053853,153,112,8854,2002,716442.0,0.0,0.704957,0.243398,MYS,JAM,841899
4053854,222,112,8854,2002,117342.0,0.0,0.074907,-0.8203879999999999,TTO,JAM,841899
4053855,231,112,8854,2002,951227.0,11469.0,1.821594,0.231296,USA,JAM,841899
4053856,7,114,8854,2002,0.0,238151.0,0.044683,-0.247191,ARE,JPN,841899
4053857,8,114,8854,2002,0.0,179682.0,0.284536,0.517425,ARG,JPN,841899
4053858,14,114,8854,2002,17065.0,5261871.0,0.231386,0.771628,AUS,JPN,841899
4053859,15,114,8854,2002,26020.0,395308.0,1.8651200000000001,0.48423900000000003,AUT,JPN,841899
4053860,18,114,8854,2002,3643.0,2869738.0,1.4097469999999999,1.440169,BEL,JPN,841899
4053861,22,114,8854,2002,0.0,24418.0,-1.134933,-1.061633,BGD,JPN,841899
4053862,23,114,8854,2002,0.0,729.0,0.37451100000000004,1.573517,BGR,JPN,841899
4053863,24,114,8854,2002,0.0,31009.0,-0.146585,-1.006558,BHR,JPN,841899
4053864,25,114,8854,2002,0.0,8815.0,0.641626,-0.37892800000000004,BHS,JPN,841899
4053865,30,114,8854,2002,0.0,13979.0,1.129,-0.476633,BMU,JPN,841899
4053866,32,114,8854,2002,0.0,3464267.0,0.677883,1.0227190000000002,BRA,JPN,841899
4053867,33,114,8854,2002,0.0,1775.0,0.762217,0.004367,BRB,JPN,841899
4053868,34,114,8854,2002,0.0,1709.0,-1.7894169999999998,-1.034672,BRN,JPN,841899
4053869,39,114,8854,2002,60650.0,2752076.0,0.9963280000000001,1.1922110000000001,CAN,JPN,841899
4053870,41,114,8854,2002,379083.0,510430.0,2.218095,0.620946,CHE,JPN,841899
4053871,42,114,8854,2002,0.0,158144.0,-0.035264,-0.101796,CHL,JPN,841899
4053872,43,114,8854,2002,20944364.0,10276078.0,0.576746,2.7995520000000003,CHN,JPN,841899
4053873,45,114,8854,2002,0.0,2127.0,-1.114477,-1.0516510000000001,CMR,JPN,841899
4053874,49,114,8854,2002,0.0,28557.0,0.345094,0.37787800000000005,COL,JPN,841899
4053875,51,114,8854,2002,0.0,2236.0,-0.29720100000000005,-0.703051,CPV,JPN,841899
4053876,52,114,8854,2002,0.0,5543.0,0.03619,-0.187718,CRI,JPN,841899
4053877,54,114,8854,2002,0.0,28667.0,-0.479213,-0.951203,CUB,JPN,841899
4053878,58,114,8854,2002,0.0,12730.0,0.381391,0.40265,CYP,JPN,841899
4053879,59,114,8854,2002,53350.0,40074.0,1.550713,1.037066,CZE,JPN,841899
4053880,61,114,8854,2002,2131280.0,28598164.0,2.297691,-2.183239,DEU,JPN,841899
4053881,64,114,8854,2002,876935.0,72181.0,1.26594,1.225186,DNK,JPN,841899
4053882,65,114,8854,2002,0.0,11442.0,-0.46284899999999995,-0.39210100000000003,DOM,JPN,841899
4053883,66,114,8854,2002,0.0,3045.0,-0.912033,-1.1731850000000001,DZA,JPN,841899
4053884,67,114,8854,2002,0.0,20478.0,-0.976218,-0.926393,ECU,JPN,841899
4053885,68,114,8854,2002,0.0,131880.0,-0.377127,0.549439,EGY,JPN,841899
4053886,71,114,8854,2002,18378.0,1778111.0,1.012246,2.049594,ESP,JPN,841899
4053887,73,114,8854,2002,0.0,1510.0,-1.096371,-0.9566709999999999,ETH,JPN,841899
4053888,74,114,8854,2002,5904.0,3018.0,2.0234240000000003,0.979141,FIN,JPN,841899
4053889,75,114,8854,2002,0.0,14228.0,-0.588136,-0.242883,FJI,JPN,841899
4053890,77,114,8854,2002,1254002.0,249401.0,1.569367,0.9886360000000001,FRA,JPN,841899
4053891,81,114,8854,2002,25356.0,7876102.0,1.893177,0.831382,GBR,JPN,841899
4053892,87,114,8854,2002,0.0,52809.0,0.075971,-0.068413,GMB,JPN,841899
4053893,90,114,8854,2002,0.0,12434.0,0.31858000000000003,1.47417,GRC,JPN,841899
4053894,91,114,8854,2002,0.0,912.0,0.552833,-0.283761,GRD,JPN,841899
4053895,95,114,8854,2002,0.0,9181.0,-0.516203,-0.803461,GUM,JPN,841899
4053896,97,114,8854,2002,86310.0,1772493.0,0.5701109999999999,1.989357,HKG,JPN,841899
4053897,99,114,8854,2002,0.0,3317.0,-0.877043,-0.658185,HND,JPN,841899
4053898,100,114,8854,2002,0.0,2231.0,0.591276,1.030723,HRV,JPN,841899
4053899,102,114,8854,2002,6723.0,576736.0,1.179684,1.0574860000000001,HUN,JPN,841899
4053900,103,114,8854,2002,931264.0,5407977.0,-0.10020499999999999,1.590314,IDN,JPN,841899
4053901,104,114,8854,2002,0.0,1896693.0,0.380867,2.608955,IND,JPN,841899
4053902,106,114,8854,2002,49512.0,199991.0,1.7232880000000002,0.091172,IRL,JPN,841899
4053903,107,114,8854,2002,0.0,552360.0,-0.5707840000000001,-0.705612,IRN,JPN,841899
4053904,108,114,8854,2002,0.0,36588.0,-0.397477,-0.811214,IRQ,JPN,841899
4053905,109,114,8854,2002,0.0,1546.0,0.23601999999999998,-0.34781,ISL,JPN,841899
4053906,110,114,8854,2002,0.0,5017.0,1.334174,0.654331,ISR,JPN,841899
4053907,111,114,8854,2002,918989.0,1614384.0,1.377604,1.2470510000000001,ITA,JPN,841899
4053908,112,114,8854,2002,0.0,5600.0,-0.604813,-0.9309860000000001,JAM,JPN,841899
4053909,113,114,8854,2002,0.0,8805.0,0.24197600000000002,0.196635,JOR,JPN,841899
4053910,115,114,8854,2002,0.0,911.0,-0.065332,-0.616159,KAZ,JPN,841899
4053911,116,114,8854,2002,0.0,4847.0,-0.555812,0.169204,KEN,JPN,841899
4053912,119,114,8854,2002,0.0,4422.0,0.016975,-0.791141,KIR,JPN,841899
4053913,120,114,8854,2002,0.0,2294.0,0.911442,-0.26164899999999996,KNA,JPN,841899
4053914,121,114,8854,2002,2983955.0,1493970.0,1.186816,1.075947,KOR,JPN,841899
4053915,122,114,8854,2002,0.0,54084.0,-0.6629550000000001,-1.157214,KWT,JPN,841899
4053916,124,114,8854,2002,0.0,8096.0,0.2729,1.254232,LBN,JPN,841899
4053917,126,114,8854,2002,0.0,2319.0,-0.568615,-1.172261,LBY,JPN,841899
4053918,127,114,8854,2002,0.0,1061.0,0.14441700000000002,-0.38146599999999997,LCA,JPN,841899
4053919,128,114,8854,2002,0.0,51741.0,-0.740927,0.023171,LKA,JPN,841899
4053920,130,114,8854,2002,0.0,3909.0,0.23102399999999998,0.586078,LTU,JPN,841899
4053921,134,114,8854,2002,0.0,7194.0,-0.810467,-0.34807899999999997,MAR,JPN,841899
4053922,136,114,8854,2002,0.0,20165.0,-1.120167,-0.43338699999999997,MDG,JPN,841899
4053923,137,114,8854,2002,0.0,2069.0,-1.3007440000000001,-1.0420120000000002,MDV,JPN,841899
4053924,138,114,8854,2002,20018.0,1869679.0,0.942061,0.6311260000000001,MEX,JPN,841899
4053925,143,114,8854,2002,0.0,1623.0,-1.571568,-1.131512,MMR,JPN,841899
4053926,147,114,8854,2002,0.0,7989.0,-0.947259,-1.047883,MOZ,JPN,841899
4053927,151,114,8854,2002,0.0,1202.0,-0.37937600000000005,-0.388848,MUS,JPN,841899
4053928,153,114,8854,2002,227657.0,3694072.0,0.704957,0.243398,MYS,JPN,841899
4053929,159,114,8854,2002,0.0,1993.0,-1.8315700000000001,-1.25171,NGA,JPN,841899
4053930,160,114,8854,2002,0.0,1009.0,-0.677398,-0.564472,NIC,JPN,841899
4053931,162,114,8854,2002,646061.0,7599414.0,1.206176,1.7136360000000002,NLD,JPN,841899
4053932,163,114,8854,2002,0.0,14319.0,1.110882,0.17164100000000002,NOR,JPN,841899
4053933,166,114,8854,2002,129441.0,675374.0,0.542585,0.854243,NZL,JPN,841899
4053934,167,114,8854,2002,0.0,190543.0,-1.238769,-1.225841,OMN,JPN,841899
4053935,168,114,8854,2002,0.0,1420923.0,-0.877655,-0.322094,PAK,JPN,841899
4053936,169,114,8854,2002,0.0,59282.0,0.134759,0.234258,PAN,JPN,841899
4053937,173,114,8854,2002,0.0,6024.0,-0.6126199999999999,0.085944,PER,JPN,841899
4053938,174,114,8854,2002,3630918.0,2683899.0,0.055439999999999996,-0.179809,PHL,JPN,841899
4053939,176,114,8854,2002,2283.0,2335.0,-1.4572319999999999,-1.159399,PNG,JPN,841899
4053940,177,114,8854,2002,0.0,586601.0,0.931642,1.721727,POL,JPN,841899
4053941,178,114,8854,2002,0.0,6398.0,0.43756999999999996,0.744264,PRK,JPN,841899
4053942,179,114,8854,2002,0.0,4219.0,0.484407,1.6500080000000001,PRT,JPN,841899
4053943,182,114,8854,2002,0.0,15890.0,0.042936,-0.7421840000000001,PYF,JPN,841899
4053944,183,114,8854,2002,0.0,7090.0,-0.306052,-1.098296,QAT,JPN,841899
4053945,186,114,8854,2002,222113.0,23552.0,1.109397,0.424229,RUS,JPN,841899
4053946,188,114,8854,2002,0.0,310287.0,0.082107,-0.843317,SAU,JPN,841899
4053947,189,114,8854,2002,0.0,438.0,0.55781,2.135925,SCG,JPN,841899
4053948,190,114,8854,2002,0.0,4572.0,-1.499925,-1.228374,SDN,JPN,841899
4053949,192,114,8854,2002,176502.0,2225085.0,1.481857,0.648889,SGP,JPN,841899
4053950,195,114,8854,2002,0.0,1647.0,-0.5305449999999999,-0.8186720000000001,SLB,JPN,841899
4053951,197,114,8854,2002,0.0,1958.0,-0.280138,-0.099225,SLV,JPN,841899
4053952,206,114,8854,2002,0.0,23711.0,1.1907379999999999,1.050649,SVK,JPN,841899
4053953,207,114,8854,2002,0.0,1205.0,1.5643770000000001,1.043862,SVN,JPN,841899
4053954,208,114,8854,2002,393875.0,227109.0,2.128614,0.7891199999999999,SWE,JPN,841899
4053955,212,114,8854,2002,0.0,1604.0,-1.067974,-0.513309,SYR,JPN,841899
4053956,216,114,8854,2002,7574306.0,5483724.0,0.432041,1.627953,THA,JPN,841899
4053957,222,114,8854,2002,0.0,37280.0,0.074907,-0.8203879999999999,TTO,JPN,841899
4053958,223,114,8854,2002,0.0,11094.0,-0.221951,0.325506,TUN,JPN,841899
4053959,224,114,8854,2002,0.0,161186.0,0.11263699999999999,1.83925,TUR,JPN,841899
4053960,226,114,8854,2002,0.0,3640.0,-1.189463,-0.48640600000000006,TZA,JPN,841899
4053961,231,114,8854,2002,10098607.0,8789109.0,1.821594,0.231296,USA,JPN,841899
4053962,236,114,8854,2002,0.0,553005.0,0.211536,-0.715675,VEN,JPN,841899
4053963,239,114,8854,2002,255276.0,273082.0,-0.589665,0.799874,VNM,JPN,841899
4053964,246,114,8854,2002,0.0,868856.0,0.395943,2.392458,ZAF,JPN,841899
4053965,247,114,8854,2002,0.0,55733.0,-0.654686,-0.545346,ZMB,JPN,841899
4053966,249,114,8854,2002,831412.0,5721866.0,1.683858,1.333601,TWN,JPN,841899
4053967,7,121,8854,2002,0.0,294912.0,0.044683,-0.247191,ARE,KOR,841899
4053968,8,121,8854,2002,0.0,1553.0,0.284536,0.517425,ARG,KOR,841899
4053969,14,121,8854,2002,17898.0,923190.0,0.231386,0.771628,AUS,KOR,841899
4053970,15,121,8854,2002,0.0,2120.0,1.8651200000000001,0.48423900000000003,AUT,KOR,841899
4053971,18,121,8854,2002,25120.0,19850.0,1.4097469999999999,1.440169,BEL,KOR,841899
4053972,22,121,8854,2002,0.0,3567.0,-1.134933,-1.061633,BGD,KOR,841899
4053973,23,121,8854,2002,0.0,2297.0,0.37451100000000004,1.573517,BGR,KOR,841899
4053974,24,121,8854,2002,0.0,5981.0,-0.146585,-1.006558,BHR,KOR,841899
4053975,31,121,8854,2002,0.0,1290.0,-0.885342,-0.819517,BOL,KOR,841899
4053976,32,121,8854,2002,0.0,4023956.0,0.677883,1.0227190000000002,BRA,KOR,841899
4053977,39,121,8854,2002,58053.0,151987.0,0.9963280000000001,1.1922110000000001,CAN,KOR,841899
4053978,41,121,8854,2002,0.0,7446.0,2.218095,0.620946,CHE,KOR,841899
4053979,42,121,8854,2002,0.0,116180.0,-0.035264,-0.101796,CHL,KOR,841899
4053980,43,121,8854,2002,1877240.0,3305477.0,0.576746,2.7995520000000003,CHN,KOR,841899
4053981,49,121,8854,2002,0.0,295551.0,0.345094,0.37787800000000005,COL,KOR,841899
4053982,52,121,8854,2002,0.0,1453.0,0.03619,-0.187718,CRI,KOR,841899
4053983,54,121,8854,2002,0.0,62869.0,-0.479213,-0.951203,CUB,KOR,841899
4053984,58,121,8854,2002,0.0,3267.0,0.381391,0.40265,CYP,KOR,841899
4053985,59,121,8854,2002,0.0,3155.0,1.550713,1.037066,CZE,KOR,841899
4053986,61,121,8854,2002,588347.0,340188.0,2.297691,-2.183239,DEU,KOR,841899
4053987,64,121,8854,2002,461049.0,5798.0,1.26594,1.225186,DNK,KOR,841899
4053988,66,121,8854,2002,0.0,168011.0,-0.912033,-1.1731850000000001,DZA,KOR,841899
4053989,67,121,8854,2002,0.0,199516.0,-0.976218,-0.926393,ECU,KOR,841899
4053990,68,121,8854,2002,0.0,11254607.0,-0.377127,0.549439,EGY,KOR,841899
4053991,71,121,8854,2002,55144.0,4093095.0,1.012246,2.049594,ESP,KOR,841899
4053992,74,121,8854,2002,18649.0,1730.0,2.0234240000000003,0.979141,FIN,KOR,841899
4053993,75,121,8854,2002,0.0,3610.0,-0.588136,-0.242883,FJI,KOR,841899
4053994,77,121,8854,2002,186791.0,38357.0,1.569367,0.9886360000000001,FRA,KOR,841899
4053995,81,121,8854,2002,84649.0,446268.0,1.893177,0.831382,GBR,KOR,841899
4053996,85,121,8854,2002,0.0,104786.0,-1.85329,-1.243105,GIN,KOR,841899
4053997,90,121,8854,2002,0.0,7857.0,0.31858000000000003,1.47417,GRC,KOR,841899
4053998,93,121,8854,2002,0.0,1698.0,-0.548834,-0.034464999999999996,GTM,KOR,841899
4053999,97,121,8854,2002,205664.0,155694.0,0.5701109999999999,1.989357,HKG,KOR,841899
4054000,102,121,8854,2002,4144.0,7236.0,1.179684,1.0574860000000001,HUN,KOR,841899
4054001,103,121,8854,2002,348289.0,5052092.0,-0.10020499999999999,1.590314,IDN,KOR,841899
4054002,104,121,8854,2002,8072.0,2262326.0,0.380867,2.608955,IND,KOR,841899
4054003,106,121,8854,2002,12981.0,29949.0,1.7232880000000002,0.091172,IRL,KOR,841899
4054004,107,121,8854,2002,0.0,164025.0,-0.5707840000000001,-0.705612,IRN,KOR,841899
4054005,110,121,8854,2002,23898.0,365876.0,1.334174,0.654331,ISR,KOR,841899
4054006,111,121,8854,2002,1173748.0,160139.0,1.377604,1.2470510000000001,ITA,KOR,841899
4054007,112,121,8854,2002,0.0,1209.0,-0.604813,-0.9309860000000001,JAM,KOR,841899
4054008,113,121,8854,2002,0.0,4221046.0,0.24197600000000002,0.196635,JOR,KOR,841899
4054009,114,121,8854,2002,1493970.0,2983955.0,2.556057,0.497673,JPN,KOR,841899
4054010,115,121,8854,2002,0.0,12714.0,-0.065332,-0.616159,KAZ,KOR,841899
4054011,116,121,8854,2002,0.0,3741.0,-0.555812,0.169204,KEN,KOR,841899
4054012,122,121,8854,2002,0.0,9749.0,-0.6629550000000001,-1.157214,KWT,KOR,841899
4054013,124,121,8854,2002,0.0,286776.0,0.2729,1.254232,LBN,KOR,841899
4054014,126,121,8854,2002,0.0,4873.0,-0.568615,-1.172261,LBY,KOR,841899
4054015,128,121,8854,2002,0.0,9097.0,-0.740927,0.023171,LKA,KOR,841899
4054016,130,121,8854,2002,0.0,7220.0,0.23102399999999998,0.586078,LTU,KOR,841899
4054017,134,121,8854,2002,0.0,16898.0,-0.810467,-0.34807899999999997,MAR,KOR,841899
4054018,138,121,8854,2002,137708.0,21967322.0,0.942061,0.6311260000000001,MEX,KOR,841899
4054019,143,121,8854,2002,0.0,859757.0,-1.571568,-1.131512,MMR,KOR,841899
4054020,145,121,8854,2002,0.0,16181.0,-0.895827,-0.9913799999999999,MNG,KOR,841899
4054021,151,121,8854,2002,0.0,748.0,-0.37937600000000005,-0.388848,MUS,KOR,841899
4054022,153,121,8854,2002,29142.0,1479660.0,0.704957,0.243398,MYS,KOR,841899
4054023,156,121,8854,2002,0.0,807.0,-0.292646,-0.823263,NCL,KOR,841899
4054024,159,121,8854,2002,0.0,2011.0,-1.8315700000000001,-1.25171,NGA,KOR,841899
4054025,160,121,8854,2002,0.0,1921.0,-0.677398,-0.564472,NIC,KOR,841899
4054026,162,121,8854,2002,199593.0,337137.0,1.206176,1.7136360000000002,NLD,KOR,841899
4054027,163,121,8854,2002,16934.0,3627.0,1.110882,0.17164100000000002,NOR,KOR,841899
4054028,166,121,8854,2002,0.0,19573.0,0.542585,0.854243,NZL,KOR,841899
4054029,167,121,8854,2002,0.0,7147.0,-1.238769,-1.225841,OMN,KOR,841899
4054030,168,121,8854,2002,0.0,69204.0,-0.877655,-0.322094,PAK,KOR,841899
4054031,169,121,8854,2002,0.0,98459.0,0.134759,0.234258,PAN,KOR,841899
4054032,173,121,8854,2002,0.0,3805.0,-0.6126199999999999,0.085944,PER,KOR,841899
4054033,174,121,8854,2002,5405.0,520753.0,0.055439999999999996,-0.179809,PHL,KOR,841899
4054034,175,121,8854,2002,0.0,1221.0,-1.4882389999999999,-0.995626,PLW,KOR,841899
4054035,176,121,8854,2002,0.0,1281.0,-1.4572319999999999,-1.159399,PNG,KOR,841899
4054036,179,121,8854,2002,0.0,3232.0,0.484407,1.6500080000000001,PRT,KOR,841899
4054037,182,121,8854,2002,0.0,3755.0,0.042936,-0.7421840000000001,PYF,KOR,841899
4054038,183,121,8854,2002,0.0,6685.0,-0.306052,-1.098296,QAT,KOR,841899
4054039,185,121,8854,2002,0.0,721.0,0.29888200000000004,0.980376,ROU,KOR,841899
4054040,186,121,8854,2002,27418.0,5979536.0,1.109397,0.424229,RUS,KOR,841899
4054041,188,121,8854,2002,0.0,73833.0,0.082107,-0.843317,SAU,KOR,841899
4054042,191,121,8854,2002,0.0,49323.0,-0.43679700000000005,-0.484176,SEN,KOR,841899
4054043,192,121,8854,2002,123848.0,815823.0,1.481857,0.648889,SGP,KOR,841899
4054044,197,121,8854,2002,0.0,1140.0,-0.280138,-0.099225,SLV,KOR,841899
4054045,207,121,8854,2002,0.0,1310.0,1.5643770000000001,1.043862,SVN,KOR,841899
4054046,208,121,8854,2002,109378.0,1631.0,2.128614,0.7891199999999999,SWE,KOR,841899
4054047,212,121,8854,2002,0.0,545392.0,-1.067974,-0.513309,SYR,KOR,841899
4054048,216,121,8854,2002,31116.0,2811254.0,0.432041,1.627953,THA,KOR,841899
4054049,222,121,8854,2002,0.0,2883.0,0.074907,-0.8203879999999999,TTO,KOR,841899
4054050,223,121,8854,2002,0.0,259384.0,-0.221951,0.325506,TUN,KOR,841899
4054051,224,121,8854,2002,0.0,567636.0,0.11263699999999999,1.83925,TUR,KOR,841899
4054052,226,121,8854,2002,0.0,1124.0,-1.189463,-0.48640600000000006,TZA,KOR,841899
4054053,227,121,8854,2002,0.0,732.0,-1.038337,-0.896425,UGA,KOR,841899
4054054,228,121,8854,2002,466340.0,6873.0,0.835485,0.872135,UKR,KOR,841899
4054055,230,121,8854,2002,0.0,3763.0,0.300502,0.16817000000000001,URY,KOR,841899
4054056,231,121,8854,2002,4082190.0,2146014.0,1.821594,0.231296,USA,KOR,841899
4054057,236,121,8854,2002,0.0,59810.0,0.211536,-0.715675,VEN,KOR,841899
4054058,239,121,8854,2002,34758.0,7093899.0,-0.589665,0.799874,VNM,KOR,841899
4054059,246,121,8854,2002,0.0,45651.0,0.395943,2.392458,ZAF,KOR,841899
4054060,249,121,8854,2002,264183.0,181329.0,1.683858,1.333601,TWN,KOR,841899
4054061,250,121,8854,2002,0.0,7697.0,0.734927,-0.40114099999999997,ANS,KOR,841899
4054062,14,128,8854,2002,67389.0,0.0,0.231386,0.771628,AUS,LKA,841899
4054063,18,128,8854,2002,2146.0,0.0,1.4097469999999999,1.440169,BEL,LKA,841899
4054064,43,128,8854,2002,61334.0,0.0,0.576746,2.7995520000000003,CHN,LKA,841899
4054065,61,128,8854,2002,10365.0,0.0,2.297691,-2.183239,DEU,LKA,841899
4054066,64,128,8854,2002,10631.0,0.0,1.26594,1.225186,DNK,LKA,841899
4054067,71,128,8854,2002,40703.0,0.0,1.012246,2.049594,ESP,LKA,841899
4054068,77,128,8854,2002,2468.0,0.0,1.569367,0.9886360000000001,FRA,LKA,841899
4054069,81,128,8854,2002,8215.0,0.0,1.893177,0.831382,GBR,LKA,841899
4054070,97,128,8854,2002,5457.0,0.0,0.5701109999999999,1.989357,HKG,LKA,841899
4054071,103,128,8854,2002,6445.0,0.0,-0.10020499999999999,1.590314,IDN,LKA,841899
4054072,104,128,8854,2002,53935.0,0.0,0.380867,2.608955,IND,LKA,841899
4054073,111,128,8854,2002,89813.0,0.0,1.377604,1.2470510000000001,ITA,LKA,841899
4054074,114,128,8854,2002,51741.0,0.0,2.556057,0.497673,JPN,LKA,841899
4054075,121,128,8854,2002,9097.0,0.0,1.186816,1.075947,KOR,LKA,841899
4054076,137,128,8854,2002,3502.0,1885.0,-1.3007440000000001,-1.0420120000000002,MDV,LKA,841899
4054077,153,128,8854,2002,171797.0,0.0,0.704957,0.243398,MYS,LKA,841899
4054078,162,128,8854,2002,15560.0,0.0,1.206176,1.7136360000000002,NLD,LKA,841899
4054079,192,128,8854,2002,252933.0,0.0,1.481857,0.648889,SGP,LKA,841899
4054080,208,128,8854,2002,750.0,0.0,2.128614,0.7891199999999999,SWE,LKA,841899
4054081,216,128,8854,2002,41069.0,0.0,0.432041,1.627953,THA,LKA,841899
4054082,231,128,8854,2002,57965.0,0.0,1.821594,0.231296,USA,LKA,841899
4054083,249,128,8854,2002,6164.0,0.0,1.683858,1.333601,TWN,LKA,841899
4054084,8,138,8854,2002,108664.0,26806.0,0.284536,0.517425,ARG,MEX,841899
4054085,14,138,8854,2002,16255.0,97262.0,0.231386,0.771628,AUS,MEX,841899
4054086,15,138,8854,2002,1084.0,1776.0,1.8651200000000001,0.48423900000000003,AUT,MEX,841899
4054087,18,138,8854,2002,0.0,9233.0,1.4097469999999999,1.440169,BEL,MEX,841899
4054088,29,138,8854,2002,0.0,2193.0,-0.246977,-0.731156,BLZ,MEX,841899
4054089,32,138,8854,2002,2003517.0,760644.0,0.677883,1.0227190000000002,BRA,MEX,841899
4054090,33,138,8854,2002,0.0,4960.0,0.762217,0.004367,BRB,MEX,841899
4054091,39,138,8854,2002,110565.0,2233188.0,0.9963280000000001,1.1922110000000001,CAN,MEX,841899
4054092,41,138,8854,2002,35404.0,0.0,2.218095,0.620946,CHE,MEX,841899
4054093,42,138,8854,2002,1116.0,288531.0,-0.035264,-0.101796,CHL,MEX,841899
4054094,43,138,8854,2002,323637.0,126115.0,0.576746,2.7995520000000003,CHN,MEX,841899
4054095,49,138,8854,2002,132161.0,1278622.0,0.345094,0.37787800000000005,COL,MEX,841899
4054096,52,138,8854,2002,3124.0,224321.0,0.03619,-0.187718,CRI,MEX,841899
4054097,54,138,8854,2002,0.0,22166.0,-0.479213,-0.951203,CUB,MEX,841899
4054098,61,138,8854,2002,3317924.0,585014.0,2.297691,-2.183239,DEU,MEX,841899
4054099,64,138,8854,2002,590219.0,9852.0,1.26594,1.225186,DNK,MEX,841899
4054100,65,138,8854,2002,1172.0,277479.0,-0.46284899999999995,-0.39210100000000003,DOM,MEX,841899
4054101,67,138,8854,2002,0.0,76237.0,-0.976218,-0.926393,ECU,MEX,841899
4054102,68,138,8854,2002,0.0,8493.0,-0.377127,0.549439,EGY,MEX,841899
4054103,71,138,8854,2002,894610.0,19748.0,1.012246,2.049594,ESP,MEX,841899
4054104,74,138,8854,2002,1253.0,801.0,2.0234240000000003,0.979141,FIN,MEX,841899
4054105,77,138,8854,2002,554111.0,58560.0,1.569367,0.9886360000000001,FRA,MEX,841899
4054106,81,138,8854,2002,5124.0,3691745.0,1.893177,0.831382,GBR,MEX,841899
4054107,90,138,8854,2002,0.0,6589.0,0.31858000000000003,1.47417,GRC,MEX,841899
4054108,93,138,8854,2002,6237.0,1922096.0,-0.548834,-0.034464999999999996,GTM,MEX,841899
4054109,96,138,8854,2002,0.0,1472.0,-0.9485889999999999,-0.9086489999999999,GUY,MEX,841899
4054110,97,138,8854,2002,1448876.0,144213.0,0.5701109999999999,1.989357,HKG,MEX,841899
4054111,99,138,8854,2002,0.0,38951.0,-0.877043,-0.658185,HND,MEX,841899
4054112,102,138,8854,2002,4727.0,0.0,1.179684,1.0574860000000001,HUN,MEX,841899
4054113,103,138,8854,2002,4563878.0,0.0,-0.10020499999999999,1.590314,IDN,MEX,841899
4054114,104,138,8854,2002,44291.0,1574.0,0.380867,2.608955,IND,MEX,841899
4054115,106,138,8854,2002,1208.0,13673.0,1.7232880000000002,0.091172,IRL,MEX,841899
4054116,111,138,8854,2002,1003930.0,491772.0,1.377604,1.2470510000000001,ITA,MEX,841899
4054117,112,138,8854,2002,0.0,4487.0,-0.604813,-0.9309860000000001,JAM,MEX,841899
4054118,114,138,8854,2002,1869679.0,20018.0,2.556057,0.497673,JPN,MEX,841899
4054119,120,138,8854,2002,0.0,641.0,0.911442,-0.26164899999999996,KNA,MEX,841899
4054120,121,138,8854,2002,21967322.0,137708.0,1.186816,1.075947,KOR,MEX,841899
4054121,122,138,8854,2002,0.0,2636.0,-0.6629550000000001,-1.157214,KWT,MEX,841899
4054122,130,138,8854,2002,0.0,768.0,0.23102399999999998,0.586078,LTU,MEX,841899
4054123,153,138,8854,2002,9210.0,0.0,0.704957,0.243398,MYS,MEX,841899
4054124,160,138,8854,2002,0.0,29506.0,-0.677398,-0.564472,NIC,MEX,841899
4054125,162,138,8854,2002,52155.0,0.0,1.206176,1.7136360000000002,NLD,MEX,841899
4054126,163,138,8854,2002,0.0,2183.0,1.110882,0.17164100000000002,NOR,MEX,841899
4054127,166,138,8854,2002,4503.0,79484.0,0.542585,0.854243,NZL,MEX,841899
4054128,169,138,8854,2002,0.0,19218.0,0.134759,0.234258,PAN,MEX,841899
4054129,173,138,8854,2002,0.0,5862.0,-0.6126199999999999,0.085944,PER,MEX,841899
4054130,174,138,8854,2002,20754.0,3369.0,0.055439999999999996,-0.179809,PHL,MEX,841899
4054131,179,138,8854,2002,11904.0,2521.0,0.484407,1.6500080000000001,PRT,MEX,841899
4054132,188,138,8854,2002,0.0,19241.0,0.082107,-0.843317,SAU,MEX,841899
4054133,192,138,8854,2002,77348.0,476087.0,1.481857,0.648889,SGP,MEX,841899
4054134,197,138,8854,2002,0.0,287734.0,-0.280138,-0.099225,SLV,MEX,841899
4054135,205,138,8854,2002,0.0,1035.0,-0.9120030000000001,-0.8871020000000001,SUR,MEX,841899
4054136,206,138,8854,2002,1414.0,704.0,1.1907379999999999,1.050649,SVK,MEX,841899
4054137,207,138,8854,2002,0.0,5099.0,1.5643770000000001,1.043862,SVN,MEX,841899
4054138,208,138,8854,2002,50812.0,828.0,2.128614,0.7891199999999999,SWE,MEX,841899
4054139,216,138,8854,2002,158256.0,0.0,0.432041,1.627953,THA,MEX,841899
4054140,222,138,8854,2002,0.0,4886.0,0.074907,-0.8203879999999999,TTO,MEX,841899
4054141,230,138,8854,2002,0.0,2828.0,0.300502,0.16817000000000001,URY,MEX,841899
4054142,231,138,8854,2002,66831500.0,95524184.0,1.821594,0.231296,USA,MEX,841899
4054143,236,138,8854,2002,0.0,82380.0,0.211536,-0.715675,VEN,MEX,841899
4054144,249,138,8854,2002,167688.0,7513.0,1.683858,1.333601,TWN,MEX,841899
4054145,250,138,8854,2002,24052.0,2475048.0,0.734927,-0.40114099999999997,ANS,MEX,841899
4054146,15,142,8854,2002,2872.0,0.0,1.8651200000000001,0.48423900000000003,AUT,MLT,841899
4054147,18,142,8854,2002,7687.0,0.0,1.4097469999999999,1.440169,BEL,MLT,841899
4054148,43,142,8854,2002,1432.0,2506.0,0.576746,2.7995520000000003,CHN,MLT,841899
4054149,59,142,8854,2002,724.0,0.0,1.550713,1.037066,CZE,MLT,841899
4054150,61,142,8854,2002,78340.0,0.0,2.297691,-2.183239,DEU,MLT,841899
4054151,64,142,8854,2002,1122.0,0.0,1.26594,1.225186,DNK,MLT,841899
4054152,71,142,8854,2002,11667.0,0.0,1.012246,2.049594,ESP,MLT,841899
4054153,74,142,8854,2002,13224.0,0.0,2.0234240000000003,0.979141,FIN,MLT,841899
4054154,77,142,8854,2002,15673.0,0.0,1.569367,0.9886360000000001,FRA,MLT,841899
4054155,81,142,8854,2002,112268.0,4457.0,1.893177,0.831382,GBR,MLT,841899
4054156,90,142,8854,2002,6195.0,0.0,0.31858000000000003,1.47417,GRC,MLT,841899
4054157,103,142,8854,2002,0.0,1100.0,-0.10020499999999999,1.590314,IDN,MLT,841899
4054158,110,142,8854,2002,2374.0,0.0,1.334174,0.654331,ISR,MLT,841899
4054159,111,142,8854,2002,457005.0,0.0,1.377604,1.2470510000000001,ITA,MLT,841899
4054160,162,142,8854,2002,14693.0,0.0,1.206176,1.7136360000000002,NLD,MLT,841899
4054161,177,142,8854,2002,1597.0,0.0,0.931642,1.721727,POL,MLT,841899
4054162,207,142,8854,2002,2804.0,0.0,1.5643770000000001,1.043862,SVN,MLT,841899
4054163,208,142,8854,2002,7315.0,0.0,2.128614,0.7891199999999999,SWE,MLT,841899
4054164,224,142,8854,2002,18053.0,0.0,0.11263699999999999,1.83925,TUR,MLT,841899
4054165,228,142,8854,2002,1606.0,0.0,0.835485,0.872135,UKR,MLT,841899
4054166,231,142,8854,2002,29998.0,0.0,1.821594,0.231296,USA,MLT,841899
4054167,249,142,8854,2002,8146.0,0.0,1.683858,1.333601,TWN,MLT,841899
4054168,250,142,8854,2002,5652.0,0.0,0.734927,-0.40114099999999997,ANS,MLT,841899
4054169,7,153,8854,2002,4140.0,64291.0,0.044683,-0.247191,ARE,MYS,841899
4054170,14,153,8854,2002,25291.0,133031.0,0.231386,0.771628,AUS,MYS,841899
4054171,15,153,8854,2002,15223.0,0.0,1.8651200000000001,0.48423900000000003,AUT,MYS,841899
4054172,18,153,8854,2002,1521.0,5755.0,1.4097469999999999,1.440169,BEL,MYS,841899
4054173,22,153,8854,2002,0.0,14150.0,-1.134933,-1.061633,BGD,MYS,841899
4054174,32,153,8854,2002,0.0,51152.0,0.677883,1.0227190000000002,BRA,MYS,841899
4054175,34,153,8854,2002,0.0,5711.0,-1.7894169999999998,-1.034672,BRN,MYS,841899
4054176,39,153,8854,2002,18905.0,34206.0,0.9963280000000001,1.1922110000000001,CAN,MYS,841899
4054177,41,153,8854,2002,8311.0,0.0,2.218095,0.620946,CHE,MYS,841899
4054178,43,153,8854,2002,610556.0,418175.0,0.576746,2.7995520000000003,CHN,MYS,841899
4054179,58,153,8854,2002,0.0,18909.0,0.381391,0.40265,CYP,MYS,841899
4054180,61,153,8854,2002,74507.0,3388.0,2.297691,-2.183239,DEU,MYS,841899
4054181,64,153,8854,2002,107726.0,0.0,1.26594,1.225186,DNK,MYS,841899
4054182,68,153,8854,2002,0.0,69560.0,-0.377127,0.549439,EGY,MYS,841899
4054183,71,153,8854,2002,8861.0,136349.0,1.012246,2.049594,ESP,MYS,841899
4054184,77,153,8854,2002,858256.0,10171.0,1.569367,0.9886360000000001,FRA,MYS,841899
4054185,81,153,8854,2002,34946.0,38573.0,1.893177,0.831382,GBR,MYS,841899
4054186,87,153,8854,2002,2607.0,0.0,0.075971,-0.068413,GMB,MYS,841899
4054187,97,153,8854,2002,65422.0,121268.0,0.5701109999999999,1.989357,HKG,MYS,841899
4054188,99,153,8854,2002,0.0,1476.0,-0.877043,-0.658185,HND,MYS,841899
4054189,102,153,8854,2002,0.0,4805.0,1.179684,1.0574860000000001,HUN,MYS,841899
4054190,103,153,8854,2002,46803.0,1810185.0,-0.10020499999999999,1.590314,IDN,MYS,841899
4054191,104,153,8854,2002,2478.0,109240.0,0.380867,2.608955,IND,MYS,841899
4054192,106,153,8854,2002,8247.0,0.0,1.7232880000000002,0.091172,IRL,MYS,841899
4054193,107,153,8854,2002,0.0,19566.0,-0.5707840000000001,-0.705612,IRN,MYS,841899
4054194,108,153,8854,2002,0.0,4514.0,-0.397477,-0.811214,IRQ,MYS,841899
4054195,111,153,8854,2002,913296.0,46964.0,1.377604,1.2470510000000001,ITA,MYS,841899
4054196,112,153,8854,2002,0.0,716442.0,-0.604813,-0.9309860000000001,JAM,MYS,841899
4054197,113,153,8854,2002,0.0,5745.0,0.24197600000000002,0.196635,JOR,MYS,841899
4054198,114,153,8854,2002,3694072.0,227657.0,2.556057,0.497673,JPN,MYS,841899
4054199,118,153,8854,2002,0.0,43322.0,-1.231783,-1.1518700000000002,KHM,MYS,841899
4054200,121,153,8854,2002,1479660.0,29142.0,1.186816,1.075947,KOR,MYS,841899
4054201,122,153,8854,2002,0.0,7639.0,-0.6629550000000001,-1.157214,KWT,MYS,841899
4054202,124,153,8854,2002,0.0,21018.0,0.2729,1.254232,LBN,MYS,841899
4054203,128,153,8854,2002,0.0,171797.0,-0.740927,0.023171,LKA,MYS,841899
4054204,131,153,8854,2002,6560.0,0.0,1.605378,1.152973,LUX,MYS,841899
4054205,132,153,8854,2002,0.0,10493.0,0.45210200000000006,0.515388,LVA,MYS,841899
4054206,137,153,8854,2002,0.0,2541.0,-1.3007440000000001,-1.0420120000000002,MDV,MYS,841899
4054207,138,153,8854,2002,0.0,9210.0,0.942061,0.6311260000000001,MEX,MYS,841899
4054208,143,153,8854,2002,0.0,1421.0,-1.571568,-1.131512,MMR,MYS,841899
4054209,151,153,8854,2002,0.0,27799.0,-0.37937600000000005,-0.388848,MUS,MYS,841899
4054210,159,153,8854,2002,0.0,77797.0,-1.8315700000000001,-1.25171,NGA,MYS,841899
4054211,162,153,8854,2002,87396.0,63133.0,1.206176,1.7136360000000002,NLD,MYS,841899
4054212,163,153,8854,2002,0.0,1660.0,1.110882,0.17164100000000002,NOR,MYS,841899
4054213,166,153,8854,2002,10167.0,19641.0,0.542585,0.854243,NZL,MYS,841899
4054214,167,153,8854,2002,0.0,8811.0,-1.238769,-1.225841,OMN,MYS,841899
4054215,168,153,8854,2002,0.0,168776.0,-0.877655,-0.322094,PAK,MYS,841899
4054216,173,153,8854,2002,0.0,1382.0,-0.6126199999999999,0.085944,PER,MYS,841899
4054217,174,153,8854,2002,35034.0,756951.0,0.055439999999999996,-0.179809,PHL,MYS,841899
4054218,176,153,8854,2002,0.0,49255.0,-1.4572319999999999,-1.159399,PNG,MYS,841899
4054219,179,153,8854,2002,0.0,6667.0,0.484407,1.6500080000000001,PRT,MYS,841899
4054220,188,153,8854,2002,0.0,537541.0,0.082107,-0.843317,SAU,MYS,841899
4054221,192,153,8854,2002,5319551.0,14577591.0,1.481857,0.648889,SGP,MYS,841899
4054222,208,153,8854,2002,84931.0,6442.0,2.128614,0.7891199999999999,SWE,MYS,841899
4054223,216,153,8854,2002,6419048.0,4107888.0,0.432041,1.627953,THA,MYS,841899
4054224,223,153,8854,2002,0.0,1477.0,-0.221951,0.325506,TUN,MYS,841899
4054225,224,153,8854,2002,0.0,1190.0,0.11263699999999999,1.83925,TUR,MYS,841899
4054226,231,153,8854,2002,578950.0,178168.0,1.821594,0.231296,USA,MYS,841899
4054227,239,153,8854,2002,28640.0,156490.0,-0.589665,0.799874,VNM,MYS,841899
4054228,246,153,8854,2002,0.0,10090.0,0.395943,2.392458,ZAF,MYS,841899
4054229,249,153,8854,2002,493428.0,119752.0,1.683858,1.333601,TWN,MYS,841899
4054230,250,153,8854,2002,629167.0,0.0,0.734927,-0.40114099999999997,ANS,MYS,841899
4054231,52,160,8854,2002,24256.0,2621.0,0.03619,-0.187718,CRI,NIC,841899
4054232,74,160,8854,2002,4182.0,0.0,2.0234240000000003,0.979141,FIN,NIC,841899
4054233,81,160,8854,2002,20993.0,0.0,1.893177,0.831382,GBR,NIC,841899
4054234,93,160,8854,2002,183468.0,28503.0,-0.548834,-0.034464999999999996,GTM,NIC,841899
4054235,99,160,8854,2002,0.0,8303.0,-0.877043,-0.658185,HND,NIC,841899
4054236,111,160,8854,2002,59528.0,0.0,1.377604,1.2470510000000001,ITA,NIC,841899
4054237,114,160,8854,2002,1009.0,0.0,2.556057,0.497673,JPN,NIC,841899
4054238,121,160,8854,2002,1921.0,0.0,1.186816,1.075947,KOR,NIC,841899
4054239,138,160,8854,2002,29506.0,0.0,0.942061,0.6311260000000001,MEX,NIC,841899
4054240,197,160,8854,2002,11079.0,0.0,-0.280138,-0.099225,SLV,NIC,841899
4054241,222,160,8854,2002,6101.0,0.0,0.074907,-0.8203879999999999,TTO,NIC,841899
4054242,231,160,8854,2002,97338.0,0.0,1.821594,0.231296,USA,NIC,841899
4054243,249,160,8854,2002,11166.0,0.0,1.683858,1.333601,TWN,NIC,841899
4054244,0,162,8854,2002,0.0,20818.0,0.017075999999999997,-0.844024,ABW,NLD,841899
4054245,2,162,8854,2002,0.0,173976.0,-2.018135,-1.222751,AGO,NLD,841899
4054246,6,162,8854,2002,0.0,38783.0,0.346519,-0.631549,ANT,NLD,841899
4054247,7,162,8854,2002,49477.0,1091919.0,0.044683,-0.247191,ARE,NLD,841899
4054248,8,162,8854,2002,0.0,12529.0,0.284536,0.517425,ARG,NLD,841899
4054249,14,162,8854,2002,61967.0,856008.0,0.231386,0.771628,AUS,NLD,841899
4054250,15,162,8854,2002,606173.0,1350211.0,1.8651200000000001,0.48423900000000003,AUT,NLD,841899
4054251,17,162,8854,2002,0.0,2033.0,-0.333602,-0.648837,BDI,NLD,841899
4054252,18,162,8854,2002,10312854.0,8341342.0,1.4097469999999999,1.440169,BEL,NLD,841899
4054253,19,162,8854,2002,0.0,3434.0,-0.724829,-0.705625,BEN,NLD,841899
4054254,22,162,8854,2002,0.0,354636.0,-1.134933,-1.061633,BGD,NLD,841899
4054255,23,162,8854,2002,0.0,298683.0,0.37451100000000004,1.573517,BGR,NLD,841899
4054256,24,162,8854,2002,0.0,30812.0,-0.146585,-1.006558,BHR,NLD,841899
4054257,25,162,8854,2002,0.0,57952.0,0.641626,-0.37892800000000004,BHS,NLD,841899
4054258,28,162,8854,2002,1072.0,2455.0,0.825865,1.0148979999999999,BLR,NLD,841899
4054259,32,162,8854,2002,16700.0,91813.0,0.677883,1.0227190000000002,BRA,NLD,841899
4054260,33,162,8854,2002,0.0,2138.0,0.762217,0.004367,BRB,NLD,841899
4054261,34,162,8854,2002,0.0,1358.0,-1.7894169999999998,-1.034672,BRN,NLD,841899
4054262,39,162,8854,2002,29370.0,117521.0,0.9963280000000001,1.1922110000000001,CAN,NLD,841899
4054263,41,162,8854,2002,133783.0,1506397.0,2.218095,0.620946,CHE,NLD,841899
4054264,42,162,8854,2002,28566.0,631991.0,-0.035264,-0.101796,CHL,NLD,841899
4054265,43,162,8854,2002,347688.0,369336.0,0.576746,2.7995520000000003,CHN,NLD,841899
4054266,44,162,8854,2002,0.0,24785.0,-0.816327,-0.711765,CIV,NLD,841899
4054267,45,162,8854,2002,0.0,32450.0,-1.114477,-1.0516510000000001,CMR,NLD,841899
4054268,46,162,8854,2002,0.0,110680.0,-1.2657370000000001,-1.108659,COD,NLD,841899
4054269,47,162,8854,2002,0.0,188324.0,-1.62227,-1.202067,COG,NLD,841899
4054270,49,162,8854,2002,0.0,4691.0,0.345094,0.37787800000000005,COL,NLD,841899
4054271,51,162,8854,2002,0.0,955.0,-0.29720100000000005,-0.703051,CPV,NLD,841899
4054272,52,162,8854,2002,0.0,9969.0,0.03619,-0.187718,CRI,NLD,841899
4054273,54,162,8854,2002,0.0,3786.0,-0.479213,-0.951203,CUB,NLD,841899
4054274,57,162,8854,2002,0.0,5669.0,0.7098220000000001,-0.633359,CYM,NLD,841899
4054275,58,162,8854,2002,0.0,30716.0,0.381391,0.40265,CYP,NLD,841899
4054276,59,162,8854,2002,1996612.0,1496998.0,1.550713,1.037066,CZE,NLD,841899
4054277,61,162,8854,2002,9603856.0,16423328.0,2.297691,-2.183239,DEU,NLD,841899
4054278,64,162,8854,2002,467175.0,1877205.0,1.26594,1.225186,DNK,NLD,841899
4054279,65,162,8854,2002,0.0,3153.0,-0.46284899999999995,-0.39210100000000003,DOM,NLD,841899
4054280,66,162,8854,2002,0.0,40068.0,-0.912033,-1.1731850000000001,DZA,NLD,841899
4054281,67,162,8854,2002,0.0,236057.0,-0.976218,-0.926393,ECU,NLD,841899
4054282,68,162,8854,2002,7951.0,1034200.0,-0.377127,0.549439,EGY,NLD,841899
4054283,69,162,8854,2002,0.0,14241.0,0.831973,-0.050712,ERI,NLD,841899
4054284,71,162,8854,2002,879750.0,5912604.0,1.012246,2.049594,ESP,NLD,841899
4054285,72,162,8854,2002,16592.0,10653.0,0.54511,0.9135979999999999,EST,NLD,841899
4054286,73,162,8854,2002,0.0,50756.0,-1.096371,-0.9566709999999999,ETH,NLD,841899
4054287,74,162,8854,2002,36811.0,697660.0,2.0234240000000003,0.979141,FIN,NLD,841899
4054288,77,162,8854,2002,12800358.0,22320662.0,1.569367,0.9886360000000001,FRA,NLD,841899
4054289,78,162,8854,2002,0.0,28031.0,-0.410455,-0.821335,FRO,NLD,841899
4054290,81,162,8854,2002,2910078.0,10049529.0,1.893177,0.831382,GBR,NLD,841899
4054291,83,162,8854,2002,0.0,25256.0,-1.333425,-1.0709879999999998,GHA,NLD,841899
4054292,84,162,8854,2002,0.0,9455.0,0.814919,-0.205996,GIB,NLD,841899
4054293,90,162,8854,2002,1515.0,763476.0,0.31858000000000003,1.47417,GRC,NLD,841899
4054294,93,162,8854,2002,0.0,15385.0,-0.548834,-0.034464999999999996,GTM,NLD,841899
4054295,97,162,8854,2002,116410.0,325324.0,0.5701109999999999,1.989357,HKG,NLD,841899
4054296,99,162,8854,2002,0.0,5115.0,-0.877043,-0.658185,HND,NLD,841899
4054297,100,162,8854,2002,0.0,61276.0,0.591276,1.030723,HRV,NLD,841899
4054298,102,162,8854,2002,82621.0,321783.0,1.179684,1.0574860000000001,HUN,NLD,841899
4054299,103,162,8854,2002,3544.0,193878.0,-0.10020499999999999,1.590314,IDN,NLD,841899
4054300,104,162,8854,2002,80091.0,365582.0,0.380867,2.608955,IND,NLD,841899
4054301,106,162,8854,2002,1419682.0,1014831.0,1.7232880000000002,0.091172,IRL,NLD,841899
4054302,107,162,8854,2002,0.0,1173445.0,-0.5707840000000001,-0.705612,IRN,NLD,841899
4054303,108,162,8854,2002,0.0,29292.0,-0.397477,-0.811214,IRQ,NLD,841899
4054304,109,162,8854,2002,1758.0,132239.0,0.23601999999999998,-0.34781,ISL,NLD,841899
4054305,110,162,8854,2002,104163.0,549541.0,1.334174,0.654331,ISR,NLD,841899
4054306,111,162,8854,2002,8478195.0,5583062.0,1.377604,1.2470510000000001,ITA,NLD,841899
4054307,113,162,8854,2002,8181.0,242084.0,0.24197600000000002,0.196635,JOR,NLD,841899
4054308,114,162,8854,2002,7599414.0,646061.0,2.556057,0.497673,JPN,NLD,841899
4054309,115,162,8854,2002,0.0,3154.0,-0.065332,-0.616159,KAZ,NLD,841899
4054310,116,162,8854,2002,0.0,113707.0,-0.555812,0.169204,KEN,NLD,841899
4054311,121,162,8854,2002,337137.0,199593.0,1.186816,1.075947,KOR,NLD,841899
4054312,122,162,8854,2002,7502.0,69100.0,-0.6629550000000001,-1.157214,KWT,NLD,841899
4054313,124,162,8854,2002,0.0,541297.0,0.2729,1.254232,LBN,NLD,841899
4054314,125,162,8854,2002,0.0,15174.0,-0.508416,-1.121658,LBR,NLD,841899
4054315,127,162,8854,2002,0.0,10559.0,0.14441700000000002,-0.38146599999999997,LCA,NLD,841899
4054316,128,162,8854,2002,0.0,15560.0,-0.740927,0.023171,LKA,NLD,841899
4054317,130,162,8854,2002,5753.0,221037.0,0.23102399999999998,0.586078,LTU,NLD,841899
4054318,131,162,8854,2002,5859.0,82681.0,1.605378,1.152973,LUX,NLD,841899
4054319,132,162,8854,2002,0.0,171094.0,0.45210200000000006,0.515388,LVA,NLD,841899
4054320,134,162,8854,2002,0.0,386615.0,-0.810467,-0.34807899999999997,MAR,NLD,841899
4054321,135,162,8854,2002,0.0,117218.0,-0.186001,-0.141598,MDA,NLD,841899
4054322,138,162,8854,2002,0.0,52155.0,0.942061,0.6311260000000001,MEX,NLD,841899
4054323,140,162,8854,2002,0.0,965306.0,-0.030274000000000002,0.359317,MKD,NLD,841899
4054324,142,162,8854,2002,0.0,14693.0,1.12245,0.019001,MLT,NLD,841899
4054325,143,162,8854,2002,0.0,4740.0,-1.571568,-1.131512,MMR,NLD,841899
4054326,147,162,8854,2002,0.0,1360.0,-0.947259,-1.047883,MOZ,NLD,841899
4054327,151,162,8854,2002,0.0,10450.0,-0.37937600000000005,-0.388848,MUS,NLD,841899
4054328,153,162,8854,2002,63133.0,87396.0,0.704957,0.243398,MYS,NLD,841899
4054329,156,162,8854,2002,0.0,13614.0,-0.292646,-0.823263,NCL,NLD,841899
4054330,157,162,8854,2002,0.0,944.0,-0.344562,-0.304996,NER,NLD,841899
4054331,159,162,8854,2002,0.0,2352225.0,-1.8315700000000001,-1.25171,NGA,NLD,841899
4054332,163,162,8854,2002,254516.0,1166592.0,1.110882,0.17164100000000002,NOR,NLD,841899
4054333,166,162,8854,2002,4614.0,69112.0,0.542585,0.854243,NZL,NLD,841899
4054334,167,162,8854,2002,0.0,51219.0,-1.238769,-1.225841,OMN,NLD,841899
4054335,168,162,8854,2002,0.0,97363.0,-0.877655,-0.322094,PAK,NLD,841899
4054336,169,162,8854,2002,18349.0,7792.0,0.134759,0.234258,PAN,NLD,841899
4054337,173,162,8854,2002,0.0,96478.0,-0.6126199999999999,0.085944,PER,NLD,841899
4054338,174,162,8854,2002,0.0,423379.0,0.055439999999999996,-0.179809,PHL,NLD,841899
4054339,177,162,8854,2002,438285.0,2007003.0,0.931642,1.721727,POL,NLD,841899
4054340,178,162,8854,2002,7572.0,0.0,0.43756999999999996,0.744264,PRK,NLD,841899
4054341,179,162,8854,2002,96022.0,1268528.0,0.484407,1.6500080000000001,PRT,NLD,841899
4054342,182,162,8854,2002,0.0,993.0,0.042936,-0.7421840000000001,PYF,NLD,841899
4054343,183,162,8854,2002,0.0,9568.0,-0.306052,-1.098296,QAT,NLD,841899
4054344,185,162,8854,2002,26287.0,395542.0,0.29888200000000004,0.980376,ROU,NLD,841899
4054345,186,162,8854,2002,2321.0,2066014.0,1.109397,0.424229,RUS,NLD,841899
4054346,187,162,8854,2002,0.0,20265.0,-0.553848,-0.757714,RWA,NLD,841899
4054347,188,162,8854,2002,6618.0,1172198.0,0.082107,-0.843317,SAU,NLD,841899
4054348,189,162,8854,2002,0.0,4077.0,0.55781,2.135925,SCG,NLD,841899
4054349,190,162,8854,2002,0.0,55015.0,-1.499925,-1.228374,SDN,NLD,841899
4054350,191,162,8854,2002,0.0,24791.0,-0.43679700000000005,-0.484176,SEN,NLD,841899
4054351,192,162,8854,2002,107677.0,714662.0,1.481857,0.648889,SGP,NLD,841899
4054352,203,162,8854,2002,0.0,5459.0,0.47539499999999996,-0.297348,STP,NLD,841899
4054353,205,162,8854,2002,0.0,85086.0,-0.9120030000000001,-0.8871020000000001,SUR,NLD,841899
4054354,206,162,8854,2002,25303.0,3081128.0,1.1907379999999999,1.050649,SVK,NLD,841899
4054355,207,162,8854,2002,166092.0,124473.0,1.5643770000000001,1.043862,SVN,NLD,841899
4054356,208,162,8854,2002,1266384.0,2242082.0,2.128614,0.7891199999999999,SWE,NLD,841899
4054357,212,162,8854,2002,0.0,129129.0,-1.067974,-0.513309,SYR,NLD,841899
4054358,216,162,8854,2002,4595.0,1439772.0,0.432041,1.627953,THA,NLD,841899
4054359,223,162,8854,2002,0.0,88048.0,-0.221951,0.325506,TUN,NLD,841899
4054360,224,162,8854,2002,277219.0,2626701.0,0.11263699999999999,1.83925,TUR,NLD,841899
4054361,226,162,8854,2002,0.0,10234.0,-1.189463,-0.48640600000000006,TZA,NLD,841899
4054362,227,162,8854,2002,0.0,83480.0,-1.038337,-0.896425,UGA,NLD,841899
4054363,228,162,8854,2002,0.0,888142.0,0.835485,0.872135,UKR,NLD,841899
4054364,230,162,8854,2002,0.0,92181.0,0.300502,0.16817000000000001,URY,NLD,841899
4054365,231,162,8854,2002,6137706.0,2635774.0,1.821594,0.231296,USA,NLD,841899
4054366,232,162,8854,2002,0.0,15158.0,-0.379765,-0.5965159999999999,UZB,NLD,841899
4054367,236,162,8854,2002,0.0,2058.0,0.211536,-0.715675,VEN,NLD,841899
4054368,239,162,8854,2002,0.0,2043474.0,-0.589665,0.799874,VNM,NLD,841899
4054369,243,162,8854,2002,7940.0,589028.0,-1.233006,-1.22101,YEM,NLD,841899
4054370,246,162,8854,2002,80088.0,1750778.0,0.395943,2.392458,ZAF,NLD,841899
4054371,248,162,8854,2002,0.0,2625.0,-0.309483,0.271457,ZWE,NLD,841899
4054372,249,162,8854,2002,341684.0,140263.0,1.683858,1.333601,TWN,NLD,841899
4054373,250,162,8854,2002,0.0,110364.0,0.734927,-0.40114099999999997,ANS,NLD,841899
4054374,14,163,8854,2002,0.0,3072.0,0.231386,0.771628,AUS,NOR,841899
4054375,15,163,8854,2002,5411.0,124179.0,1.8651200000000001,0.48423900000000003,AUT,NOR,841899
4054376,18,163,8854,2002,744458.0,156543.0,1.4097469999999999,1.440169,BEL,NOR,841899
4054377,25,163,8854,2002,0.0,6294.0,0.641626,-0.37892800000000004,BHS,NOR,841899
4054378,32,163,8854,2002,0.0,9272.0,0.677883,1.0227190000000002,BRA,NOR,841899
4054379,39,163,8854,2002,2852.0,6450.0,0.9963280000000001,1.1922110000000001,CAN,NOR,841899
4054380,41,163,8854,2002,13643.0,3230.0,2.218095,0.620946,CHE,NOR,841899
4054381,42,163,8854,2002,0.0,5777.0,-0.035264,-0.101796,CHL,NOR,841899
4054382,43,163,8854,2002,29268.0,0.0,0.576746,2.7995520000000003,CHN,NOR,841899
4054383,59,163,8854,2002,25921.0,2010.0,1.550713,1.037066,CZE,NOR,841899
4054384,61,163,8854,2002,954967.0,250652.0,2.297691,-2.183239,DEU,NOR,841899
4054385,64,163,8854,2002,1772784.0,388575.0,1.26594,1.225186,DNK,NOR,841899
4054386,68,163,8854,2002,2047.0,0.0,-0.377127,0.549439,EGY,NOR,841899
4054387,71,163,8854,2002,70986.0,637732.0,1.012246,2.049594,ESP,NOR,841899
4054388,72,163,8854,2002,9792.0,31102.0,0.54511,0.9135979999999999,EST,NOR,841899
4054389,74,163,8854,2002,2984860.0,90063.0,2.0234240000000003,0.979141,FIN,NOR,841899
4054390,77,163,8854,2002,652855.0,172138.0,1.569367,0.9886360000000001,FRA,NOR,841899
4054391,78,163,8854,2002,0.0,87021.0,-0.410455,-0.821335,FRO,NOR,841899
4054392,81,163,8854,2002,6351182.0,138412.0,1.893177,0.831382,GBR,NOR,841899
4054393,83,163,8854,2002,0.0,730.0,-1.333425,-1.0709879999999998,GHA,NOR,841899
4054394,90,163,8854,2002,1075.0,13227.0,0.31858000000000003,1.47417,GRC,NOR,841899
4054395,92,163,8854,2002,0.0,6260.0,-0.592221,-0.8956799999999999,GRL,NOR,841899
4054396,97,163,8854,2002,2751.0,252621.0,0.5701109999999999,1.989357,HKG,NOR,841899
4054397,100,163,8854,2002,0.0,9457.0,0.591276,1.030723,HRV,NOR,841899
4054398,102,163,8854,2002,46366.0,86979.0,1.179684,1.0574860000000001,HUN,NOR,841899
4054399,104,163,8854,2002,7838.0,4430.0,0.380867,2.608955,IND,NOR,841899
4054400,106,163,8854,2002,1670916.0,1128159.0,1.7232880000000002,0.091172,IRL,NOR,841899
4054401,109,163,8854,2002,0.0,136883.0,0.23601999999999998,-0.34781,ISL,NOR,841899
4054402,110,163,8854,2002,1529.0,0.0,1.334174,0.654331,ISR,NOR,841899
4054403,111,163,8854,2002,2347478.0,8798.0,1.377604,1.2470510000000001,ITA,NOR,841899
4054404,114,163,8854,2002,14319.0,0.0,2.556057,0.497673,JPN,NOR,841899
4054405,116,163,8854,2002,0.0,813.0,-0.555812,0.169204,KEN,NOR,841899
4054406,121,163,8854,2002,3627.0,16934.0,1.186816,1.075947,KOR,NOR,841899
4054407,122,163,8854,2002,0.0,886.0,-0.6629550000000001,-1.157214,KWT,NOR,841899
4054408,125,163,8854,2002,0.0,4444.0,-0.508416,-1.121658,LBR,NOR,841899
4054409,126,163,8854,2002,0.0,5787.0,-0.568615,-1.172261,LBY,NOR,841899
4054410,130,163,8854,2002,4247.0,35688.0,0.23102399999999998,0.586078,LTU,NOR,841899
4054411,131,163,8854,2002,4422.0,0.0,1.605378,1.152973,LUX,NOR,841899
4054412,132,163,8854,2002,0.0,9920.0,0.45210200000000006,0.515388,LVA,NOR,841899
4054413,134,163,8854,2002,0.0,8699.0,-0.810467,-0.34807899999999997,MAR,NOR,841899
4054414,138,163,8854,2002,2183.0,0.0,0.942061,0.6311260000000001,MEX,NOR,841899
4054415,151,163,8854,2002,0.0,1486.0,-0.37937600000000005,-0.388848,MUS,NOR,841899
4054416,153,163,8854,2002,1660.0,0.0,0.704957,0.243398,MYS,NOR,841899
4054417,155,163,8854,2002,0.0,14559.0,-0.314161,-0.521778,NAM,NOR,841899
4054418,162,163,8854,2002,1166592.0,254516.0,1.206176,1.7136360000000002,NLD,NOR,841899
4054419,166,163,8854,2002,3025.0,2720.0,0.542585,0.854243,NZL,NOR,841899
4054420,169,163,8854,2002,0.0,5311.0,0.134759,0.234258,PAN,NOR,841899
4054421,177,163,8854,2002,92855.0,633358.0,0.931642,1.721727,POL,NOR,841899
4054422,179,163,8854,2002,4139.0,9748.0,0.484407,1.6500080000000001,PRT,NOR,841899
4054423,185,163,8854,2002,1800.0,291092.0,0.29888200000000004,0.980376,ROU,NOR,841899
4054424,186,163,8854,2002,0.0,750103.0,1.109397,0.424229,RUS,NOR,841899
4054425,188,163,8854,2002,0.0,2249.0,0.082107,-0.843317,SAU,NOR,841899
4054426,192,163,8854,2002,0.0,16577.0,1.481857,0.648889,SGP,NOR,841899
4054427,207,163,8854,2002,8654.0,613.0,1.5643770000000001,1.043862,SVN,NOR,841899
4054428,208,163,8854,2002,3160110.0,911428.0,2.128614,0.7891199999999999,SWE,NOR,841899
4054429,216,163,8854,2002,1381.0,84616.0,0.432041,1.627953,THA,NOR,841899
4054430,224,163,8854,2002,36873.0,0.0,0.11263699999999999,1.83925,TUR,NOR,841899
4054431,230,163,8854,2002,0.0,1042.0,0.300502,0.16817000000000001,URY,NOR,841899
4054432,231,163,8854,2002,218382.0,38451.0,1.821594,0.231296,USA,NOR,841899
4054433,246,163,8854,2002,0.0,39608.0,0.395943,2.392458,ZAF,NOR,841899
4054434,249,163,8854,2002,8963.0,0.0,1.683858,1.333601,TWN,NOR,841899
4054435,7,166,8854,2002,0.0,17464.0,0.044683,-0.247191,ARE,NZL,841899
4054436,10,166,8854,2002,0.0,29222.0,1.207516,0.092848,ASM,NZL,841899
4054437,14,166,8854,2002,2920619.0,8355498.0,0.231386,0.771628,AUS,NZL,841899
4054438,15,166,8854,2002,2245.0,0.0,1.8651200000000001,0.48423900000000003,AUT,NZL,841899
4054439,18,166,8854,2002,18023.0,0.0,1.4097469999999999,1.440169,BEL,NZL,841899
4054440,22,166,8854,2002,0.0,16282.0,-1.134933,-1.061633,BGD,NZL,841899
4054441,24,166,8854,2002,0.0,1241.0,-0.146585,-1.006558,BHR,NZL,841899
4054442,32,166,8854,2002,23077.0,972.0,0.677883,1.0227190000000002,BRA,NZL,841899
4054443,39,166,8854,2002,5231.0,16756.0,0.9963280000000001,1.1922110000000001,CAN,NZL,841899
4054444,41,166,8854,2002,2424.0,0.0,2.218095,0.620946,CHE,NZL,841899
4054445,43,166,8854,2002,725747.0,1814.0,0.576746,2.7995520000000003,CHN,NZL,841899
4054446,48,166,8854,2002,0.0,55051.0,0.22351300000000002,-0.5197729999999999,COK,NZL,841899
4054447,52,166,8854,2002,0.0,132163.0,0.03619,-0.187718,CRI,NZL,841899
4054448,59,166,8854,2002,899.0,0.0,1.550713,1.037066,CZE,NZL,841899
4054449,61,166,8854,2002,79065.0,2091.0,2.297691,-2.183239,DEU,NZL,841899
4054450,64,166,8854,2002,100919.0,10209.0,1.26594,1.225186,DNK,NZL,841899
4054451,67,166,8854,2002,4342.0,0.0,-0.976218,-0.926393,ECU,NZL,841899
4054452,71,166,8854,2002,3265.0,0.0,1.012246,2.049594,ESP,NZL,841899
4054453,75,166,8854,2002,0.0,302618.0,-0.588136,-0.242883,FJI,NZL,841899
4054454,77,166,8854,2002,209944.0,35346.0,1.569367,0.9886360000000001,FRA,NZL,841899
4054455,81,166,8854,2002,200475.0,51642.0,1.893177,0.831382,GBR,NZL,841899
4054456,90,166,8854,2002,0.0,38009.0,0.31858000000000003,1.47417,GRC,NZL,841899
4054457,95,166,8854,2002,0.0,1199.0,-0.516203,-0.803461,GUM,NZL,841899
4054458,97,166,8854,2002,0.0,97078.0,0.5701109999999999,1.989357,HKG,NZL,841899
4054459,102,166,8854,2002,647.0,0.0,1.179684,1.0574860000000001,HUN,NZL,841899
4054460,104,166,8854,2002,1011.0,144192.0,0.380867,2.608955,IND,NZL,841899
4054461,106,166,8854,2002,31949.0,0.0,1.7232880000000002,0.091172,IRL,NZL,841899
4054462,109,166,8854,2002,2558.0,0.0,0.23601999999999998,-0.34781,ISL,NZL,841899
4054463,110,166,8854,2002,7356.0,2953.0,1.334174,0.654331,ISR,NZL,841899
4054464,111,166,8854,2002,434408.0,47240.0,1.377604,1.2470510000000001,ITA,NZL,841899
4054465,114,166,8854,2002,675374.0,129441.0,2.556057,0.497673,JPN,NZL,841899
4054466,119,166,8854,2002,0.0,14266.0,0.016975,-0.791141,KIR,NZL,841899
4054467,121,166,8854,2002,19573.0,0.0,1.186816,1.075947,KOR,NZL,841899
4054468,124,166,8854,2002,0.0,2270.0,0.2729,1.254232,LBN,NZL,841899
4054469,138,166,8854,2002,79484.0,4503.0,0.942061,0.6311260000000001,MEX,NZL,841899
4054470,153,166,8854,2002,19641.0,10167.0,0.704957,0.243398,MYS,NZL,841899
4054471,156,166,8854,2002,0.0,71276.0,-0.292646,-0.823263,NCL,NZL,841899
4054472,158,166,8854,2002,0.0,6381.0,1.214412,-0.5921069999999999,NFK,NZL,841899
4054473,162,166,8854,2002,69112.0,4614.0,1.206176,1.7136360000000002,NLD,NZL,841899
4054474,163,166,8854,2002,2720.0,3025.0,1.110882,0.17164100000000002,NOR,NZL,841899
4054475,167,166,8854,2002,0.0,15843.0,-1.238769,-1.225841,OMN,NZL,841899
4054476,174,166,8854,2002,2958.0,32705.0,0.055439999999999996,-0.179809,PHL,NZL,841899
4054477,176,166,8854,2002,0.0,123453.0,-1.4572319999999999,-1.159399,PNG,NZL,841899
4054478,177,166,8854,2002,1541.0,0.0,0.931642,1.721727,POL,NZL,841899
4054479,179,166,8854,2002,28865.0,0.0,0.484407,1.6500080000000001,PRT,NZL,841899
4054480,182,166,8854,2002,0.0,20545.0,0.042936,-0.7421840000000001,PYF,NZL,841899
4054481,183,166,8854,2002,0.0,1166.0,-0.306052,-1.098296,QAT,NZL,841899
4054482,186,166,8854,2002,25653.0,0.0,1.109397,0.424229,RUS,NZL,841899
4054483,192,166,8854,2002,43631.0,242572.0,1.481857,0.648889,SGP,NZL,841899
4054484,206,166,8854,2002,51747.0,0.0,1.1907379999999999,1.050649,SVK,NZL,841899
4054485,207,166,8854,2002,1063.0,0.0,1.5643770000000001,1.043862,SVN,NZL,841899
4054486,208,166,8854,2002,88011.0,13074.0,2.128614,0.7891199999999999,SWE,NZL,841899
4054487,216,166,8854,2002,699950.0,220979.0,0.432041,1.627953,THA,NZL,841899
4054488,221,166,8854,2002,0.0,49294.0,-1.6186639999999999,-1.011606,TON,NZL,841899
4054489,224,166,8854,2002,15622.0,0.0,0.11263699999999999,1.83925,TUR,NZL,841899
4054490,231,166,8854,2002,2354706.0,749209.0,1.821594,0.231296,USA,NZL,841899
4054491,240,166,8854,2002,0.0,6335.0,-1.240258,-0.95039,VUT,NZL,841899
4054492,241,166,8854,2002,0.0,5543.0,0.5689420000000001,-0.737647,WLF,NZL,841899
4054493,242,166,8854,2002,0.0,113474.0,-0.053287,-0.5183399999999999,WSM,NZL,841899
4054494,246,166,8854,2002,244675.0,0.0,0.395943,2.392458,ZAF,NZL,841899
4054495,249,166,8854,2002,21087.0,20025.0,1.683858,1.333601,TWN,NZL,841899
4054496,250,166,8854,2002,83084.0,0.0,0.734927,-0.40114099999999997,ANS,NZL,841899
4054497,8,169,8854,2002,5382.0,0.0,0.284536,0.517425,ARG,PAN,841899
4054498,32,169,8854,2002,1632.0,0.0,0.677883,1.0227190000000002,BRA,PAN,841899
4054499,39,169,8854,2002,4048.0,0.0,0.9963280000000001,1.1922110000000001,CAN,PAN,841899
4054500,42,169,8854,2002,19642.0,5150.0,-0.035264,-0.101796,CHL,PAN,841899
4054501,43,169,8854,2002,150738.0,0.0,0.576746,2.7995520000000003,CHN,PAN,841899
4054502,49,169,8854,2002,150434.0,5190.0,0.345094,0.37787800000000005,COL,PAN,841899
4054503,52,169,8854,2002,26021.0,16726.0,0.03619,-0.187718,CRI,PAN,841899
4054504,54,169,8854,2002,0.0,4063.0,-0.479213,-0.951203,CUB,PAN,841899
4054505,61,169,8854,2002,17234.0,0.0,2.297691,-2.183239,DEU,PAN,841899
4054506,64,169,8854,2002,0.0,1499.0,1.26594,1.225186,DNK,PAN,841899
4054507,65,169,8854,2002,0.0,4841.0,-0.46284899999999995,-0.39210100000000003,DOM,PAN,841899
4054508,67,169,8854,2002,10793.0,24105.0,-0.976218,-0.926393,ECU,PAN,841899
4054509,71,169,8854,2002,73053.0,0.0,1.012246,2.049594,ESP,PAN,841899
4054510,77,169,8854,2002,13521.0,12929.0,1.569367,0.9886360000000001,FRA,PAN,841899
4054511,81,169,8854,2002,9518.0,0.0,1.893177,0.831382,GBR,PAN,841899
4054512,93,169,8854,2002,5086.0,5382.0,-0.548834,-0.034464999999999996,GTM,PAN,841899
4054513,97,169,8854,2002,34249.0,0.0,0.5701109999999999,1.989357,HKG,PAN,841899
4054514,111,169,8854,2002,20522.0,0.0,1.377604,1.2470510000000001,ITA,PAN,841899
4054515,114,169,8854,2002,59282.0,0.0,2.556057,0.497673,JPN,PAN,841899
4054516,121,169,8854,2002,98459.0,0.0,1.186816,1.075947,KOR,PAN,841899
4054517,130,169,8854,2002,2663.0,0.0,0.23102399999999998,0.586078,LTU,PAN,841899
4054518,131,169,8854,2002,3288.0,0.0,1.605378,1.152973,LUX,PAN,841899
4054519,132,169,8854,2002,9750.0,0.0,0.45210200000000006,0.515388,LVA,PAN,841899
4054520,138,169,8854,2002,19218.0,0.0,0.942061,0.6311260000000001,MEX,PAN,841899
4054521,162,169,8854,2002,7792.0,18349.0,1.206176,1.7136360000000002,NLD,PAN,841899
4054522,163,169,8854,2002,5311.0,0.0,1.110882,0.17164100000000002,NOR,PAN,841899
4054523,173,169,8854,2002,0.0,2104.0,-0.6126199999999999,0.085944,PER,PAN,841899
4054524,186,169,8854,2002,4909.0,0.0,1.109397,0.424229,RUS,PAN,841899
4054525,197,169,8854,2002,0.0,1516.0,-0.280138,-0.099225,SLV,PAN,841899
4054526,208,169,8854,2002,20218.0,0.0,2.128614,0.7891199999999999,SWE,PAN,841899
4054527,216,169,8854,2002,14230.0,1784.0,0.432041,1.627953,THA,PAN,841899
4054528,222,169,8854,2002,112075.0,1669.0,0.074907,-0.8203879999999999,TTO,PAN,841899
4054529,231,169,8854,2002,1508847.0,3831.0,1.821594,0.231296,USA,PAN,841899
4054530,236,169,8854,2002,19898.0,8167.0,0.211536,-0.715675,VEN,PAN,841899
4054531,249,169,8854,2002,18244.0,0.0,1.683858,1.333601,TWN,PAN,841899
4054532,250,169,8854,2002,48904.0,0.0,0.734927,-0.40114099999999997,ANS,PAN,841899
4054533,5,173,8854,2002,1776.0,0.0,1.1751610000000001,0.8631700000000001,AND,PER,841899
4054534,8,173,8854,2002,569434.0,0.0,0.284536,0.517425,ARG,PER,841899
4054535,15,173,8854,2002,1926.0,0.0,1.8651200000000001,0.48423900000000003,AUT,PER,841899
4054536,32,173,8854,2002,137017.0,0.0,0.677883,1.0227190000000002,BRA,PER,841899
4054537,42,173,8854,2002,224890.0,3058.0,-0.035264,-0.101796,CHL,PER,841899
4054538,43,173,8854,2002,4560.0,0.0,0.576746,2.7995520000000003,CHN,PER,841899
4054539,49,173,8854,2002,430537.0,0.0,0.345094,0.37787800000000005,COL,PER,841899
4054540,61,173,8854,2002,248235.0,2326.0,2.297691,-2.183239,DEU,PER,841899
4054541,64,173,8854,2002,24538.0,0.0,1.26594,1.225186,DNK,PER,841899
4054542,65,173,8854,2002,0.0,2607.0,-0.46284899999999995,-0.39210100000000003,DOM,PER,841899
4054543,67,173,8854,2002,13325.0,8014.0,-0.976218,-0.926393,ECU,PER,841899
4054544,71,173,8854,2002,45176.0,0.0,1.012246,2.049594,ESP,PER,841899
4054545,77,173,8854,2002,45123.0,0.0,1.569367,0.9886360000000001,FRA,PER,841899
4054546,81,173,8854,2002,15692.0,0.0,1.893177,0.831382,GBR,PER,841899
4054547,111,173,8854,2002,322134.0,0.0,1.377604,1.2470510000000001,ITA,PER,841899
4054548,114,173,8854,2002,6024.0,0.0,2.556057,0.497673,JPN,PER,841899
4054549,121,173,8854,2002,3805.0,0.0,1.186816,1.075947,KOR,PER,841899
4054550,138,173,8854,2002,5862.0,0.0,0.942061,0.6311260000000001,MEX,PER,841899
4054551,153,173,8854,2002,1382.0,0.0,0.704957,0.243398,MYS,PER,841899
4054552,162,173,8854,2002,96478.0,0.0,1.206176,1.7136360000000002,NLD,PER,841899
4054553,169,173,8854,2002,2104.0,0.0,0.134759,0.234258,PAN,PER,841899
4054554,208,173,8854,2002,2200.0,0.0,2.128614,0.7891199999999999,SWE,PER,841899
4054555,216,173,8854,2002,62969.0,0.0,0.432041,1.627953,THA,PER,841899
4054556,222,173,8854,2002,41163.0,0.0,0.074907,-0.8203879999999999,TTO,PER,841899
4054557,231,173,8854,2002,3155374.0,0.0,1.821594,0.231296,USA,PER,841899
4054558,249,173,8854,2002,36927.0,0.0,1.683858,1.333601,TWN,PER,841899
4054559,14,174,8854,2002,4662.0,30404.0,0.231386,0.771628,AUS,PHL,841899
4054560,15,174,8854,2002,19766.0,0.0,1.8651200000000001,0.48423900000000003,AUT,PHL,841899
4054561,18,174,8854,2002,260704.0,31323.0,1.4097469999999999,1.440169,BEL,PHL,841899
4054562,39,174,8854,2002,12128.0,0.0,0.9963280000000001,1.1922110000000001,CAN,PHL,841899
4054563,41,174,8854,2002,1307.0,0.0,2.218095,0.620946,CHE,PHL,841899
4054564,43,174,8854,2002,485100.0,16833.0,0.576746,2.7995520000000003,CHN,PHL,841899
4054565,52,174,8854,2002,9771.0,0.0,0.03619,-0.187718,CRI,PHL,841899
4054566,59,174,8854,2002,3378.0,0.0,1.550713,1.037066,CZE,PHL,841899
4054567,61,174,8854,2002,496307.0,38998.0,2.297691,-2.183239,DEU,PHL,841899
4054568,64,174,8854,2002,35154.0,0.0,1.26594,1.225186,DNK,PHL,841899
4054569,71,174,8854,2002,16390.0,0.0,1.012246,2.049594,ESP,PHL,841899
4054570,74,174,8854,2002,150239.0,0.0,2.0234240000000003,0.979141,FIN,PHL,841899
4054571,77,174,8854,2002,512992.0,0.0,1.569367,0.9886360000000001,FRA,PHL,841899
4054572,81,174,8854,2002,220724.0,49551.0,1.893177,0.831382,GBR,PHL,841899
4054573,90,174,8854,2002,1172.0,0.0,0.31858000000000003,1.47417,GRC,PHL,841899
4054574,97,174,8854,2002,143443.0,10231.0,0.5701109999999999,1.989357,HKG,PHL,841899
4054575,102,174,8854,2002,721.0,0.0,1.179684,1.0574860000000001,HUN,PHL,841899
4054576,103,174,8854,2002,357486.0,56773.0,-0.10020499999999999,1.590314,IDN,PHL,841899
4054577,104,174,8854,2002,80173.0,0.0,0.380867,2.608955,IND,PHL,841899
4054578,106,174,8854,2002,5792.0,0.0,1.7232880000000002,0.091172,IRL,PHL,841899
4054579,111,174,8854,2002,255455.0,0.0,1.377604,1.2470510000000001,ITA,PHL,841899
4054580,114,174,8854,2002,2683899.0,3630918.0,2.556057,0.497673,JPN,PHL,841899
4054581,121,174,8854,2002,520753.0,5405.0,1.186816,1.075947,KOR,PHL,841899
4054582,138,174,8854,2002,3369.0,20754.0,0.942061,0.6311260000000001,MEX,PHL,841899
4054583,153,174,8854,2002,756951.0,35034.0,0.704957,0.243398,MYS,PHL,841899
4054584,162,174,8854,2002,423379.0,0.0,1.206176,1.7136360000000002,NLD,PHL,841899
4054585,166,174,8854,2002,32705.0,2958.0,0.542585,0.854243,NZL,PHL,841899
4054586,192,174,8854,2002,413802.0,483544.0,1.481857,0.648889,SGP,PHL,841899
4054587,208,174,8854,2002,29744.0,0.0,2.128614,0.7891199999999999,SWE,PHL,841899
4054588,216,174,8854,2002,672830.0,76265.0,0.432041,1.627953,THA,PHL,841899
4054589,224,174,8854,2002,7788.0,0.0,0.11263699999999999,1.83925,TUR,PHL,841899
4054590,231,174,8854,2002,1861396.0,93928.0,1.821594,0.231296,USA,PHL,841899
4054591,239,174,8854,2002,0.0,157142.0,-0.589665,0.799874,VNM,PHL,841899
4054592,246,174,8854,2002,7722.0,62549.0,0.395943,2.392458,ZAF,PHL,841899
4054593,249,174,8854,2002,578593.0,461528.0,1.683858,1.333601,TWN,PHL,841899
4054594,2,179,8854,2002,0.0,488213.0,-2.018135,-1.222751,AGO,PRT,841899
4054595,14,179,8854,2002,956.0,4342.0,0.231386,0.771628,AUS,PRT,841899
4054596,15,179,8854,2002,15544.0,13155.0,1.8651200000000001,0.48423900000000003,AUT,PRT,841899
4054597,18,179,8854,2002,380826.0,85892.0,1.4097469999999999,1.440169,BEL,PRT,841899
4054598,31,179,8854,2002,0.0,1343.0,-0.885342,-0.819517,BOL,PRT,841899
4054599,32,179,8854,2002,0.0,544806.0,0.677883,1.0227190000000002,BRA,PRT,841899
4054600,39,179,8854,2002,1330.0,0.0,0.9963280000000001,1.1922110000000001,CAN,PRT,841899
4054601,41,179,8854,2002,53175.0,6398.0,2.218095,0.620946,CHE,PRT,841899
4054602,42,179,8854,2002,0.0,1497.0,-0.035264,-0.101796,CHL,PRT,841899
4054603,43,179,8854,2002,7605.0,0.0,0.576746,2.7995520000000003,CHN,PRT,841899
4054604,49,179,8854,2002,0.0,10260.0,0.345094,0.37787800000000005,COL,PRT,841899
4054605,51,179,8854,2002,0.0,133881.0,-0.29720100000000005,-0.703051,CPV,PRT,841899
4054606,52,179,8854,2002,0.0,14898.0,0.03619,-0.187718,CRI,PRT,841899
4054607,54,179,8854,2002,0.0,62819.0,-0.479213,-0.951203,CUB,PRT,841899
4054608,58,179,8854,2002,0.0,1378.0,0.381391,0.40265,CYP,PRT,841899
4054609,59,179,8854,2002,5248.0,38496.0,1.550713,1.037066,CZE,PRT,841899
4054610,61,179,8854,2002,992018.0,100919.0,2.297691,-2.183239,DEU,PRT,841899
4054611,64,179,8854,2002,81292.0,9057.0,1.26594,1.225186,DNK,PRT,841899
4054612,66,179,8854,2002,0.0,246520.0,-0.912033,-1.1731850000000001,DZA,PRT,841899
4054613,68,179,8854,2002,0.0,10496.0,-0.377127,0.549439,EGY,PRT,841899
4054614,71,179,8854,2002,11595783.0,988187.0,1.012246,2.049594,ESP,PRT,841899
4054615,74,179,8854,2002,1808.0,1680.0,2.0234240000000003,0.979141,FIN,PRT,841899
4054616,77,179,8854,2002,948915.0,1120437.0,1.569367,0.9886360000000001,FRA,PRT,841899
4054617,81,179,8854,2002,406049.0,206734.0,1.893177,0.831382,GBR,PRT,841899
4054618,90,179,8854,2002,250568.0,0.0,0.31858000000000003,1.47417,GRC,PRT,841899
4054619,102,179,8854,2002,0.0,791.0,1.179684,1.0574860000000001,HUN,PRT,841899
4054620,106,179,8854,2002,73536.0,116282.0,1.7232880000000002,0.091172,IRL,PRT,841899
4054621,110,179,8854,2002,2055.0,2033.0,1.334174,0.654331,ISR,PRT,841899
4054622,111,179,8854,2002,7194620.0,962784.0,1.377604,1.2470510000000001,ITA,PRT,841899
4054623,114,179,8854,2002,4219.0,0.0,2.556057,0.497673,JPN,PRT,841899
4054624,121,179,8854,2002,3232.0,0.0,1.186816,1.075947,KOR,PRT,841899
4054625,122,179,8854,2002,0.0,3408.0,-0.6629550000000001,-1.157214,KWT,PRT,841899
4054626,130,179,8854,2002,1091.0,0.0,0.23102399999999998,0.586078,LTU,PRT,841899
4054627,131,179,8854,2002,1020.0,0.0,1.605378,1.152973,LUX,PRT,841899
4054628,133,179,8854,2002,1931.0,1458.0,-0.360172,-0.359367,MAC,PRT,841899
4054629,134,179,8854,2002,0.0,17608.0,-0.810467,-0.34807899999999997,MAR,PRT,841899
4054630,138,179,8854,2002,2521.0,11904.0,0.942061,0.6311260000000001,MEX,PRT,841899
4054631,147,179,8854,2002,0.0,6210.0,-0.947259,-1.047883,MOZ,PRT,841899
4054632,148,179,8854,2002,0.0,1765.0,-1.27671,-1.218472,MRT,PRT,841899
4054633,153,179,8854,2002,6667.0,0.0,0.704957,0.243398,MYS,PRT,841899
4054634,162,179,8854,2002,1268528.0,96022.0,1.206176,1.7136360000000002,NLD,PRT,841899
4054635,163,179,8854,2002,9748.0,4139.0,1.110882,0.17164100000000002,NOR,PRT,841899
4054636,166,179,8854,2002,0.0,28865.0,0.542585,0.854243,NZL,PRT,841899
4054637,183,179,8854,2002,0.0,2433.0,-0.306052,-1.098296,QAT,PRT,841899
4054638,186,179,8854,2002,0.0,10514.0,1.109397,0.424229,RUS,PRT,841899
4054639,188,179,8854,2002,0.0,1183.0,0.082107,-0.843317,SAU,PRT,841899
4054640,203,179,8854,2002,0.0,14690.0,0.47539499999999996,-0.297348,STP,PRT,841899
4054641,207,179,8854,2002,5134.0,0.0,1.5643770000000001,1.043862,SVN,PRT,841899
4054642,208,179,8854,2002,56581.0,31945.0,2.128614,0.7891199999999999,SWE,PRT,841899
4054643,216,179,8854,2002,3419.0,0.0,0.432041,1.627953,THA,PRT,841899
4054644,223,179,8854,2002,0.0,177122.0,-0.221951,0.325506,TUN,PRT,841899
4054645,224,179,8854,2002,34385.0,19804.0,0.11263699999999999,1.83925,TUR,PRT,841899
4054646,228,179,8854,2002,0.0,1798.0,0.835485,0.872135,UKR,PRT,841899
4054647,230,179,8854,2002,0.0,8264.0,0.300502,0.16817000000000001,URY,PRT,841899
4054648,231,179,8854,2002,116537.0,226508.0,1.821594,0.231296,USA,PRT,841899
4054649,246,179,8854,2002,3413.0,0.0,0.395943,2.392458,ZAF,PRT,841899
4054650,249,179,8854,2002,32867.0,0.0,1.683858,1.333601,TWN,PRT,841899
4054651,8,180,8854,2002,28680.0,0.0,0.284536,0.517425,ARG,PRY,841899
4054652,32,180,8854,2002,227464.0,0.0,0.677883,1.0227190000000002,BRA,PRY,841899
4054653,111,180,8854,2002,5233.0,0.0,1.377604,1.2470510000000001,ITA,PRY,841899
4054654,208,180,8854,2002,12530.0,0.0,2.128614,0.7891199999999999,SWE,PRY,841899
4054655,231,180,8854,2002,10468.0,0.0,1.821594,0.231296,USA,PRY,841899
4054656,7,190,8854,2002,436880.0,0.0,0.044683,-0.247191,ARE,SDN,841899
4054657,15,190,8854,2002,240075.0,0.0,1.8651200000000001,0.48423900000000003,AUT,SDN,841899
4054658,18,190,8854,2002,25983.0,0.0,1.4097469999999999,1.440169,BEL,SDN,841899
4054659,41,190,8854,2002,12165.0,0.0,2.218095,0.620946,CHE,SDN,841899
4054660,43,190,8854,2002,47453.0,0.0,0.576746,2.7995520000000003,CHN,SDN,841899
4054661,61,190,8854,2002,138629.0,0.0,2.297691,-2.183239,DEU,SDN,841899
4054662,64,190,8854,2002,2138.0,0.0,1.26594,1.225186,DNK,SDN,841899
4054663,68,190,8854,2002,34807.0,0.0,-0.377127,0.549439,EGY,SDN,841899
4054664,71,190,8854,2002,59327.0,0.0,1.012246,2.049594,ESP,SDN,841899
4054665,77,190,8854,2002,27401.0,0.0,1.569367,0.9886360000000001,FRA,SDN,841899
4054666,81,190,8854,2002,486534.0,0.0,1.893177,0.831382,GBR,SDN,841899
4054667,90,190,8854,2002,9314.0,0.0,0.31858000000000003,1.47417,GRC,SDN,841899
4054668,104,190,8854,2002,2252.0,0.0,0.380867,2.608955,IND,SDN,841899
4054669,107,190,8854,2002,25497.0,0.0,-0.5707840000000001,-0.705612,IRN,SDN,841899
4054670,111,190,8854,2002,557296.0,0.0,1.377604,1.2470510000000001,ITA,SDN,841899
4054671,113,190,8854,2002,7375.0,0.0,0.24197600000000002,0.196635,JOR,SDN,841899
4054672,114,190,8854,2002,4572.0,0.0,2.556057,0.497673,JPN,SDN,841899
4054673,134,190,8854,2002,4766.0,0.0,-0.810467,-0.34807899999999997,MAR,SDN,841899
4054674,162,190,8854,2002,55015.0,0.0,1.206176,1.7136360000000002,NLD,SDN,841899
4054675,188,190,8854,2002,112217.0,0.0,0.082107,-0.843317,SAU,SDN,841899
4054676,196,190,8854,2002,58906.0,0.0,0.397488,-0.027672000000000002,SLE,SDN,841899
4054677,212,190,8854,2002,47181.0,0.0,-1.067974,-0.513309,SYR,SDN,841899
4054678,216,190,8854,2002,76506.0,0.0,0.432041,1.627953,THA,SDN,841899
4054679,224,190,8854,2002,25735.0,0.0,0.11263699999999999,1.83925,TUR,SDN,841899
4054680,246,190,8854,2002,53488.0,0.0,0.395943,2.392458,ZAF,SDN,841899
4054681,7,192,8854,2002,0.0,101183.0,0.044683,-0.247191,ARE,SGP,841899
4054682,14,192,8854,2002,424133.0,40971.0,0.231386,0.771628,AUS,SGP,841899
4054683,15,192,8854,2002,20336.0,3476.0,1.8651200000000001,0.48423900000000003,AUT,SGP,841899
4054684,18,192,8854,2002,172580.0,99670.0,1.4097469999999999,1.440169,BEL,SGP,841899
4054685,22,192,8854,2002,0.0,526086.0,-1.134933,-1.061633,BGD,SGP,841899
4054686,24,192,8854,2002,0.0,24380.0,-0.146585,-1.006558,BHR,SGP,841899
4054687,34,192,8854,2002,0.0,190490.0,-1.7894169999999998,-1.034672,BRN,SGP,841899
4054688,39,192,8854,2002,26150.0,23233.0,0.9963280000000001,1.1922110000000001,CAN,SGP,841899
4054689,41,192,8854,2002,21441.0,0.0,2.218095,0.620946,CHE,SGP,841899
4054690,43,192,8854,2002,2292377.0,1482226.0,0.576746,2.7995520000000003,CHN,SGP,841899
4054691,58,192,8854,2002,0.0,8518.0,0.381391,0.40265,CYP,SGP,841899
4054692,61,192,8854,2002,870671.0,4533.0,2.297691,-2.183239,DEU,SGP,841899
4054693,64,192,8854,2002,241566.0,19958.0,1.26594,1.225186,DNK,SGP,841899
4054694,68,192,8854,2002,0.0,5489.0,-0.377127,0.549439,EGY,SGP,841899
4054695,71,192,8854,2002,156357.0,0.0,1.012246,2.049594,ESP,SGP,841899
4054696,74,192,8854,2002,73360.0,0.0,2.0234240000000003,0.979141,FIN,SGP,841899
4054697,75,192,8854,2002,0.0,4571.0,-0.588136,-0.242883,FJI,SGP,841899
4054698,77,192,8854,2002,458053.0,7046.0,1.569367,0.9886360000000001,FRA,SGP,841899
4054699,78,192,8854,2002,0.0,187382.0,-0.410455,-0.821335,FRO,SGP,841899
4054700,81,192,8854,2002,586238.0,5374.0,1.893177,0.831382,GBR,SGP,841899
4054701,90,192,8854,2002,0.0,13504.0,0.31858000000000003,1.47417,GRC,SGP,841899
4054702,95,192,8854,2002,0.0,3570.0,-0.516203,-0.803461,GUM,SGP,841899
4054703,97,192,8854,2002,297171.0,3341382.0,0.5701109999999999,1.989357,HKG,SGP,841899
4054704,102,192,8854,2002,3924.0,0.0,1.179684,1.0574860000000001,HUN,SGP,841899
4054705,103,192,8854,2002,8791832.0,221910.0,-0.10020499999999999,1.590314,IDN,SGP,841899
4054706,104,192,8854,2002,151453.0,438986.0,0.380867,2.608955,IND,SGP,841899
4054707,106,192,8854,2002,31036.0,0.0,1.7232880000000002,0.091172,IRL,SGP,841899
4054708,107,192,8854,2002,0.0,200111.0,-0.5707840000000001,-0.705612,IRN,SGP,841899
4054709,110,192,8854,2002,0.0,1685.0,1.334174,0.654331,ISR,SGP,841899
4054710,111,192,8854,2002,1055261.0,178985.0,1.377604,1.2470510000000001,ITA,SGP,841899
4054711,113,192,8854,2002,0.0,26582.0,0.24197600000000002,0.196635,JOR,SGP,841899
4054712,114,192,8854,2002,2225085.0,176502.0,2.556057,0.497673,JPN,SGP,841899
4054713,118,192,8854,2002,0.0,4246.0,-1.231783,-1.1518700000000002,KHM,SGP,841899
4054714,121,192,8854,2002,815823.0,123848.0,1.186816,1.075947,KOR,SGP,841899
4054715,122,192,8854,2002,0.0,12356.0,-0.6629550000000001,-1.157214,KWT,SGP,841899
4054716,124,192,8854,2002,1005.0,3748.0,0.2729,1.254232,LBN,SGP,841899
4054717,128,192,8854,2002,0.0,252933.0,-0.740927,0.023171,LKA,SGP,841899
4054718,131,192,8854,2002,3476.0,0.0,1.605378,1.152973,LUX,SGP,841899
4054719,137,192,8854,2002,0.0,188963.0,-1.3007440000000001,-1.0420120000000002,MDV,SGP,841899
4054720,138,192,8854,2002,476087.0,77348.0,0.942061,0.6311260000000001,MEX,SGP,841899
4054721,143,192,8854,2002,0.0,1068780.0,-1.571568,-1.131512,MMR,SGP,841899
4054722,151,192,8854,2002,0.0,104503.0,-0.37937600000000005,-0.388848,MUS,SGP,841899
4054723,153,192,8854,2002,14577591.0,5319551.0,0.704957,0.243398,MYS,SGP,841899
4054724,159,192,8854,2002,0.0,1171.0,-1.8315700000000001,-1.25171,NGA,SGP,841899
4054725,162,192,8854,2002,714662.0,107677.0,1.206176,1.7136360000000002,NLD,SGP,841899
4054726,163,192,8854,2002,16577.0,0.0,1.110882,0.17164100000000002,NOR,SGP,841899
4054727,166,192,8854,2002,242572.0,43631.0,0.542585,0.854243,NZL,SGP,841899
4054728,168,192,8854,2002,0.0,52318.0,-0.877655,-0.322094,PAK,SGP,841899
4054729,174,192,8854,2002,483544.0,413802.0,0.055439999999999996,-0.179809,PHL,SGP,841899
4054730,177,192,8854,2002,2097.0,0.0,0.931642,1.721727,POL,SGP,841899
4054731,183,192,8854,2002,0.0,2127.0,-0.306052,-1.098296,QAT,SGP,841899
4054732,186,192,8854,2002,8630.0,2167.0,1.109397,0.424229,RUS,SGP,841899
4054733,188,192,8854,2002,0.0,24431.0,0.082107,-0.843317,SAU,SGP,841899
4054734,195,192,8854,2002,0.0,6919.0,-0.5305449999999999,-0.8186720000000001,SLB,SGP,841899
4054735,208,192,8854,2002,123976.0,0.0,2.128614,0.7891199999999999,SWE,SGP,841899
4054736,211,192,8854,2002,0.0,17795.0,-0.977247,-0.927527,SYC,SGP,841899
4054737,216,192,8854,2002,1863855.0,583679.0,0.432041,1.627953,THA,SGP,841899
4054738,224,192,8854,2002,13452.0,2664.0,0.11263699999999999,1.83925,TUR,SGP,841899
4054739,231,192,8854,2002,8700835.0,1830774.0,1.821594,0.231296,USA,SGP,841899
4054740,239,192,8854,2002,0.0,990879.0,-0.589665,0.799874,VNM,SGP,841899
4054741,246,192,8854,2002,2378.0,44267.0,0.395943,2.392458,ZAF,SGP,841899
4054742,249,192,8854,2002,860108.0,178777.0,1.683858,1.333601,TWN,SGP,841899
4054743,15,197,8854,2002,57078.0,0.0,1.8651200000000001,0.48423900000000003,AUT,SLV,841899
4054744,18,197,8854,2002,887.0,0.0,1.4097469999999999,1.440169,BEL,SLV,841899
4054745,32,197,8854,2002,514563.0,0.0,0.677883,1.0227190000000002,BRA,SLV,841899
4054746,43,197,8854,2002,10165.0,0.0,0.576746,2.7995520000000003,CHN,SLV,841899
4054747,49,197,8854,2002,277027.0,0.0,0.345094,0.37787800000000005,COL,SLV,841899
4054748,52,197,8854,2002,11155.0,8831.0,0.03619,-0.187718,CRI,SLV,841899
4054749,61,197,8854,2002,321491.0,0.0,2.297691,-2.183239,DEU,SLV,841899
4054750,64,197,8854,2002,21645.0,0.0,1.26594,1.225186,DNK,SLV,841899
4054751,65,197,8854,2002,0.0,1898.0,-0.46284899999999995,-0.39210100000000003,DOM,SLV,841899
4054752,71,197,8854,2002,2314.0,0.0,1.012246,2.049594,ESP,SLV,841899
4054753,77,197,8854,2002,8388.0,0.0,1.569367,0.9886360000000001,FRA,SLV,841899
4054754,93,197,8854,2002,178423.0,83378.0,-0.548834,-0.034464999999999996,GTM,SLV,841899
4054755,99,197,8854,2002,0.0,17901.0,-0.877043,-0.658185,HND,SLV,841899
4054756,111,197,8854,2002,721282.0,0.0,1.377604,1.2470510000000001,ITA,SLV,841899
4054757,114,197,8854,2002,1958.0,0.0,2.556057,0.497673,JPN,SLV,841899
4054758,121,197,8854,2002,1140.0,0.0,1.186816,1.075947,KOR,SLV,841899
4054759,131,197,8854,2002,1364.0,0.0,1.605378,1.152973,LUX,SLV,841899
4054760,138,197,8854,2002,287734.0,0.0,0.942061,0.6311260000000001,MEX,SLV,841899
4054761,160,197,8854,2002,0.0,11079.0,-0.677398,-0.564472,NIC,SLV,841899
4054762,169,197,8854,2002,1516.0,0.0,0.134759,0.234258,PAN,SLV,841899
4054763,222,197,8854,2002,16661.0,0.0,0.074907,-0.8203879999999999,TTO,SLV,841899
4054764,231,197,8854,2002,850175.0,1880.0,1.821594,0.231296,USA,SLV,841899
4054765,43,205,8854,2002,960.0,0.0,0.576746,2.7995520000000003,CHN,SUR,841899
4054766,64,205,8854,2002,4039.0,0.0,1.26594,1.225186,DNK,SUR,841899
4054767,96,205,8854,2002,0.0,32.0,-0.9485889999999999,-0.9086489999999999,GUY,SUR,841899
4054768,138,205,8854,2002,1035.0,0.0,0.942061,0.6311260000000001,MEX,SUR,841899
4054769,162,205,8854,2002,85086.0,0.0,1.206176,1.7136360000000002,NLD,SUR,841899
4054770,222,205,8854,2002,53904.0,0.0,0.074907,-0.8203879999999999,TTO,SUR,841899
4054771,231,205,8854,2002,136627.0,20311.0,1.821594,0.231296,USA,SUR,841899
4054772,6,208,8854,2002,0.0,7731.0,0.346519,-0.631549,ANT,SWE,841899
4054773,7,208,8854,2002,4139.0,232755.0,0.044683,-0.247191,ARE,SWE,841899
4054774,8,208,8854,2002,0.0,20932.0,0.284536,0.517425,ARG,SWE,841899
4054775,14,208,8854,2002,0.0,238104.0,0.231386,0.771628,AUS,SWE,841899
4054776,15,208,8854,2002,264041.0,81433.0,1.8651200000000001,0.48423900000000003,AUT,SWE,841899
4054777,18,208,8854,2002,898422.0,1621945.0,1.4097469999999999,1.440169,BEL,SWE,841899
4054778,23,208,8854,2002,0.0,1926.0,0.37451100000000004,1.573517,BGR,SWE,841899
4054779,24,208,8854,2002,0.0,4893.0,-0.146585,-1.006558,BHR,SWE,841899
4054780,25,208,8854,2002,0.0,6134.0,0.641626,-0.37892800000000004,BHS,SWE,841899
4054781,28,208,8854,2002,0.0,2603.0,0.825865,1.0148979999999999,BLR,SWE,841899
4054782,32,208,8854,2002,0.0,564746.0,0.677883,1.0227190000000002,BRA,SWE,841899
4054783,39,208,8854,2002,1556768.0,209402.0,0.9963280000000001,1.1922110000000001,CAN,SWE,841899
4054784,41,208,8854,2002,94405.0,334717.0,2.218095,0.620946,CHE,SWE,841899
4054785,42,208,8854,2002,1207.0,126342.0,-0.035264,-0.101796,CHL,SWE,841899
4054786,43,208,8854,2002,55405.0,138059.0,0.576746,2.7995520000000003,CHN,SWE,841899
4054787,44,208,8854,2002,0.0,2390.0,-0.816327,-0.711765,CIV,SWE,841899
4054788,49,208,8854,2002,0.0,1040.0,0.345094,0.37787800000000005,COL,SWE,841899
4054789,52,208,8854,2002,0.0,57971.0,0.03619,-0.187718,CRI,SWE,841899
4054790,54,208,8854,2002,0.0,1681.0,-0.479213,-0.951203,CUB,SWE,841899
4054791,58,208,8854,2002,0.0,1283.0,0.381391,0.40265,CYP,SWE,841899
4054792,59,208,8854,2002,75974.0,47429.0,1.550713,1.037066,CZE,SWE,841899
4054793,61,208,8854,2002,2567922.0,3362729.0,2.297691,-2.183239,DEU,SWE,841899
4054794,64,208,8854,2002,2073722.0,2196556.0,1.26594,1.225186,DNK,SWE,841899
4054795,66,208,8854,2002,0.0,9697.0,-0.912033,-1.1731850000000001,DZA,SWE,841899
4054796,67,208,8854,2002,0.0,4909.0,-0.976218,-0.926393,ECU,SWE,841899
4054797,68,208,8854,2002,1333.0,59974.0,-0.377127,0.549439,EGY,SWE,841899
4054798,69,208,8854,2002,0.0,2276.0,0.831973,-0.050712,ERI,SWE,841899
4054799,71,208,8854,2002,232145.0,2072087.0,1.012246,2.049594,ESP,SWE,841899
4054800,72,208,8854,2002,1145541.0,524225.0,0.54511,0.9135979999999999,EST,SWE,841899
4054801,73,208,8854,2002,0.0,2468.0,-1.096371,-0.9566709999999999,ETH,SWE,841899
4054802,74,208,8854,2002,2662812.0,2690792.0,2.0234240000000003,0.979141,FIN,SWE,841899
4054803,77,208,8854,2002,4238592.0,2093969.0,1.569367,0.9886360000000001,FRA,SWE,841899
4054804,78,208,8854,2002,0.0,7294.0,-0.410455,-0.821335,FRO,SWE,841899
4054805,81,208,8854,2002,1595668.0,1499711.0,1.893177,0.831382,GBR,SWE,841899
4054806,83,208,8854,2002,0.0,2252.0,-1.333425,-1.0709879999999998,GHA,SWE,841899
4054807,90,208,8854,2002,16010.0,104955.0,0.31858000000000003,1.47417,GRC,SWE,841899
4054808,92,208,8854,2002,0.0,2621.0,-0.592221,-0.8956799999999999,GRL,SWE,841899
4054809,93,208,8854,2002,0.0,6046.0,-0.548834,-0.034464999999999996,GTM,SWE,841899
4054810,97,208,8854,2002,10160.0,58982.0,0.5701109999999999,1.989357,HKG,SWE,841899
4054811,100,208,8854,2002,36190.0,18879.0,0.591276,1.030723,HRV,SWE,841899
4054812,102,208,8854,2002,2088173.0,2624273.0,1.179684,1.0574860000000001,HUN,SWE,841899
4054813,103,208,8854,2002,9841.0,37943.0,-0.10020499999999999,1.590314,IDN,SWE,841899
4054814,104,208,8854,2002,1033.0,109949.0,0.380867,2.608955,IND,SWE,841899
4054815,106,208,8854,2002,696677.0,151122.0,1.7232880000000002,0.091172,IRL,SWE,841899
4054816,107,208,8854,2002,984.0,5832.0,-0.5707840000000001,-0.705612,IRN,SWE,841899
4054817,108,208,8854,2002,0.0,62093.0,-0.397477,-0.811214,IRQ,SWE,841899
4054818,109,208,8854,2002,4306.0,38980.0,0.23601999999999998,-0.34781,ISL,SWE,841899
4054819,110,208,8854,2002,102579.0,160549.0,1.334174,0.654331,ISR,SWE,841899
4054820,111,208,8854,2002,5185364.0,2866350.0,1.377604,1.2470510000000001,ITA,SWE,841899
4054821,114,208,8854,2002,227109.0,393875.0,2.556057,0.497673,JPN,SWE,841899
4054822,115,208,8854,2002,0.0,808.0,-0.065332,-0.616159,KAZ,SWE,841899
4054823,116,208,8854,2002,0.0,970.0,-0.555812,0.169204,KEN,SWE,841899
4054824,121,208,8854,2002,1631.0,109378.0,1.186816,1.075947,KOR,SWE,841899
4054825,122,208,8854,2002,0.0,85098.0,-0.6629550000000001,-1.157214,KWT,SWE,841899
4054826,124,208,8854,2002,0.0,871.0,0.2729,1.254232,LBN,SWE,841899
4054827,126,208,8854,2002,0.0,129892.0,-0.568615,-1.172261,LBY,SWE,841899
4054828,128,208,8854,2002,0.0,750.0,-0.740927,0.023171,LKA,SWE,841899
4054829,130,208,8854,2002,208638.0,18366.0,0.23102399999999998,0.586078,LTU,SWE,841899
4054830,131,208,8854,2002,4071.0,72318.0,1.605378,1.152973,LUX,SWE,841899
4054831,132,208,8854,2002,0.0,85738.0,0.45210200000000006,0.515388,LVA,SWE,841899
4054832,134,208,8854,2002,15953.0,11638.0,-0.810467,-0.34807899999999997,MAR,SWE,841899
4054833,138,208,8854,2002,828.0,50812.0,0.942061,0.6311260000000001,MEX,SWE,841899
4054834,142,208,8854,2002,0.0,7315.0,1.12245,0.019001,MLT,SWE,841899
4054835,147,208,8854,2002,0.0,12732.0,-0.947259,-1.047883,MOZ,SWE,841899
4054836,153,208,8854,2002,6442.0,84931.0,0.704957,0.243398,MYS,SWE,841899
4054837,156,208,8854,2002,0.0,673.0,-0.292646,-0.823263,NCL,SWE,841899
4054838,157,208,8854,2002,0.0,1525.0,-0.344562,-0.304996,NER,SWE,841899
4054839,162,208,8854,2002,2242082.0,1266384.0,1.206176,1.7136360000000002,NLD,SWE,841899
4054840,163,208,8854,2002,911428.0,3160110.0,1.110882,0.17164100000000002,NOR,SWE,841899
4054841,166,208,8854,2002,13074.0,88011.0,0.542585,0.854243,NZL,SWE,841899
4054842,168,208,8854,2002,0.0,8657.0,-0.877655,-0.322094,PAK,SWE,841899
4054843,169,208,8854,2002,0.0,20218.0,0.134759,0.234258,PAN,SWE,841899
4054844,173,208,8854,2002,0.0,2200.0,-0.6126199999999999,0.085944,PER,SWE,841899
4054845,174,208,8854,2002,0.0,29744.0,0.055439999999999996,-0.179809,PHL,SWE,841899
4054846,177,208,8854,2002,212193.0,289232.0,0.931642,1.721727,POL,SWE,841899
4054847,179,208,8854,2002,31945.0,56581.0,0.484407,1.6500080000000001,PRT,SWE,841899
4054848,180,208,8854,2002,0.0,12530.0,-0.614282,-0.963832,PRY,SWE,841899
4054849,182,208,8854,2002,0.0,731.0,0.042936,-0.7421840000000001,PYF,SWE,841899
4054850,185,208,8854,2002,1773.0,8912.0,0.29888200000000004,0.980376,ROU,SWE,841899
4054851,186,208,8854,2002,1019004.0,24827.0,1.109397,0.424229,RUS,SWE,841899
4054852,188,208,8854,2002,0.0,201470.0,0.082107,-0.843317,SAU,SWE,841899
4054853,189,208,8854,2002,8036.0,47191.0,0.55781,2.135925,SCG,SWE,841899
4054854,191,208,8854,2002,0.0,3224.0,-0.43679700000000005,-0.484176,SEN,SWE,841899
4054855,192,208,8854,2002,0.0,123976.0,1.481857,0.648889,SGP,SWE,841899
4054856,206,208,8854,2002,1498.0,32213.0,1.1907379999999999,1.050649,SVK,SWE,841899
4054857,207,208,8854,2002,5340.0,23449.0,1.5643770000000001,1.043862,SVN,SWE,841899
4054858,212,208,8854,2002,0.0,722.0,-1.067974,-0.513309,SYR,SWE,841899
4054859,215,208,8854,2002,0.0,2242.0,-0.6810039999999999,-0.6286930000000001,TGO,SWE,841899
4054860,216,208,8854,2002,6279.0,101948.0,0.432041,1.627953,THA,SWE,841899
4054861,222,208,8854,2002,0.0,622.0,0.074907,-0.8203879999999999,TTO,SWE,841899
4054862,223,208,8854,2002,0.0,7299.0,-0.221951,0.325506,TUN,SWE,841899
4054863,224,208,8854,2002,4197.0,38924.0,0.11263699999999999,1.83925,TUR,SWE,841899
4054864,225,208,8854,2002,2370.0,38944.0,-0.141984,-0.15720399999999998,TUV,SWE,841899
4054865,228,208,8854,2002,0.0,10313.0,0.835485,0.872135,UKR,SWE,841899
4054866,230,208,8854,2002,0.0,1099.0,0.300502,0.16817000000000001,URY,SWE,841899
4054867,231,208,8854,2002,1472636.0,4498163.0,1.821594,0.231296,USA,SWE,841899
4054868,236,208,8854,2002,0.0,62658.0,0.211536,-0.715675,VEN,SWE,841899
4054869,239,208,8854,2002,0.0,13739.0,-0.589665,0.799874,VNM,SWE,841899
4054870,246,208,8854,2002,7840.0,111181.0,0.395943,2.392458,ZAF,SWE,841899
4054871,249,208,8854,2002,29070.0,139244.0,1.683858,1.333601,TWN,SWE,841899
4054872,6,216,8854,2002,0.0,10119.0,0.346519,-0.631549,ANT,THA,841899
4054873,7,216,8854,2002,0.0,910741.0,0.044683,-0.247191,ARE,THA,841899
4054874,14,216,8854,2002,36638.0,608111.0,0.231386,0.771628,AUS,THA,841899
4054875,15,216,8854,2002,22447.0,0.0,1.8651200000000001,0.48423900000000003,AUT,THA,841899
4054876,18,216,8854,2002,335983.0,39476.0,1.4097469999999999,1.440169,BEL,THA,841899
4054877,22,216,8854,2002,0.0,26544.0,-1.134933,-1.061633,BGD,THA,841899
4054878,24,216,8854,2002,0.0,49009.0,-0.146585,-1.006558,BHR,THA,841899
4054879,32,216,8854,2002,0.0,66943.0,0.677883,1.0227190000000002,BRA,THA,841899
4054880,39,216,8854,2002,345322.0,102436.0,0.9963280000000001,1.1922110000000001,CAN,THA,841899
4054881,41,216,8854,2002,3201.0,0.0,2.218095,0.620946,CHE,THA,841899
4054882,42,216,8854,2002,0.0,46422.0,-0.035264,-0.101796,CHL,THA,841899
4054883,43,216,8854,2002,1737641.0,1093233.0,0.576746,2.7995520000000003,CHN,THA,841899
4054884,44,216,8854,2002,0.0,73935.0,-0.816327,-0.711765,CIV,THA,841899
4054885,49,216,8854,2002,0.0,13606.0,0.345094,0.37787800000000005,COL,THA,841899
4054886,54,216,8854,2002,0.0,5942.0,-0.479213,-0.951203,CUB,THA,841899
4054887,58,216,8854,2002,0.0,5405.0,0.381391,0.40265,CYP,THA,841899
4054888,59,216,8854,2002,116300.0,1322.0,1.550713,1.037066,CZE,THA,841899
4054889,61,216,8854,2002,608488.0,114745.0,2.297691,-2.183239,DEU,THA,841899
4054890,64,216,8854,2002,490691.0,23066.0,1.26594,1.225186,DNK,THA,841899
4054891,65,216,8854,2002,0.0,4648.0,-0.46284899999999995,-0.39210100000000003,DOM,THA,841899
4054892,67,216,8854,2002,0.0,17936.0,-0.976218,-0.926393,ECU,THA,841899
4054893,68,216,8854,2002,0.0,414683.0,-0.377127,0.549439,EGY,THA,841899
4054894,71,216,8854,2002,129690.0,39384.0,1.012246,2.049594,ESP,THA,841899
4054895,74,216,8854,2002,8403.0,0.0,2.0234240000000003,0.979141,FIN,THA,841899
4054896,75,216,8854,2002,0.0,1512.0,-0.588136,-0.242883,FJI,THA,841899
4054897,77,216,8854,2002,168671.0,16017.0,1.569367,0.9886360000000001,FRA,THA,841899
4054898,81,216,8854,2002,105807.0,65907.0,1.893177,0.831382,GBR,THA,841899
4054899,83,216,8854,2002,0.0,2011.0,-1.333425,-1.0709879999999998,GHA,THA,841899
4054900,90,216,8854,2002,0.0,20682.0,0.31858000000000003,1.47417,GRC,THA,841899
4054901,97,216,8854,2002,29048.0,245089.0,0.5701109999999999,1.989357,HKG,THA,841899
4054902,99,216,8854,2002,0.0,99407.0,-0.877043,-0.658185,HND,THA,841899
4054903,103,216,8854,2002,382987.0,1611912.0,-0.10020499999999999,1.590314,IDN,THA,841899
4054904,104,216,8854,2002,73063.0,783464.0,0.380867,2.608955,IND,THA,841899
4054905,106,216,8854,2002,1100.0,23920.0,1.7232880000000002,0.091172,IRL,THA,841899
4054906,107,216,8854,2002,0.0,1454.0,-0.5707840000000001,-0.705612,IRN,THA,841899
4054907,110,216,8854,2002,0.0,47880.0,1.334174,0.654331,ISR,THA,841899
4054908,111,216,8854,2002,1365820.0,7238.0,1.377604,1.2470510000000001,ITA,THA,841899
4054909,113,216,8854,2002,0.0,37694.0,0.24197600000000002,0.196635,JOR,THA,841899
4054910,114,216,8854,2002,5483724.0,7574306.0,2.556057,0.497673,JPN,THA,841899
4054911,116,216,8854,2002,0.0,6682.0,-0.555812,0.169204,KEN,THA,841899
4054912,118,216,8854,2002,0.0,38778.0,-1.231783,-1.1518700000000002,KHM,THA,841899
4054913,121,216,8854,2002,2811254.0,31116.0,1.186816,1.075947,KOR,THA,841899
4054914,122,216,8854,2002,0.0,10730.0,-0.6629550000000001,-1.157214,KWT,THA,841899
4054915,123,216,8854,2002,0.0,2750.0,-1.255183,-1.163232,LAO,THA,841899
4054916,124,216,8854,2002,0.0,82235.0,0.2729,1.254232,LBN,THA,841899
4054917,128,216,8854,2002,0.0,41069.0,-0.740927,0.023171,LKA,THA,841899
4054918,131,216,8854,2002,874.0,0.0,1.605378,1.152973,LUX,THA,841899
4054919,132,216,8854,2002,0.0,4954.0,0.45210200000000006,0.515388,LVA,THA,841899
4054920,137,216,8854,2002,0.0,6570.0,-1.3007440000000001,-1.0420120000000002,MDV,THA,841899
4054921,138,216,8854,2002,0.0,158256.0,0.942061,0.6311260000000001,MEX,THA,841899
4054922,143,216,8854,2002,0.0,107453.0,-1.571568,-1.131512,MMR,THA,841899
4054923,151,216,8854,2002,0.0,1154.0,-0.37937600000000005,-0.388848,MUS,THA,841899
4054924,153,216,8854,2002,4107888.0,6419048.0,0.704957,0.243398,MYS,THA,841899
4054925,156,216,8854,2002,0.0,866.0,-0.292646,-0.823263,NCL,THA,841899
4054926,159,216,8854,2002,0.0,428825.0,-1.8315700000000001,-1.25171,NGA,THA,841899
4054927,162,216,8854,2002,1439772.0,4595.0,1.206176,1.7136360000000002,NLD,THA,841899
4054928,163,216,8854,2002,84616.0,1381.0,1.110882,0.17164100000000002,NOR,THA,841899
4054929,166,216,8854,2002,220979.0,699950.0,0.542585,0.854243,NZL,THA,841899
4054930,167,216,8854,2002,0.0,4685.0,-1.238769,-1.225841,OMN,THA,841899
4054931,168,216,8854,2002,0.0,277793.0,-0.877655,-0.322094,PAK,THA,841899
4054932,169,216,8854,2002,1784.0,14230.0,0.134759,0.234258,PAN,THA,841899
4054933,173,216,8854,2002,0.0,62969.0,-0.6126199999999999,0.085944,PER,THA,841899
4054934,174,216,8854,2002,76265.0,672830.0,0.055439999999999996,-0.179809,PHL,THA,841899
4054935,179,216,8854,2002,0.0,3419.0,0.484407,1.6500080000000001,PRT,THA,841899
4054936,183,216,8854,2002,0.0,1451.0,-0.306052,-1.098296,QAT,THA,841899
4054937,188,216,8854,2002,0.0,94848.0,0.082107,-0.843317,SAU,THA,841899
4054938,190,216,8854,2002,0.0,76506.0,-1.499925,-1.228374,SDN,THA,841899
4054939,192,216,8854,2002,583679.0,1863855.0,1.481857,0.648889,SGP,THA,841899
4054940,206,216,8854,2002,0.0,23935.0,1.1907379999999999,1.050649,SVK,THA,841899
4054941,208,216,8854,2002,101948.0,6279.0,2.128614,0.7891199999999999,SWE,THA,841899
4054942,211,216,8854,2002,0.0,1713.0,-0.977247,-0.927527,SYC,THA,841899
4054943,222,216,8854,2002,0.0,140604.0,0.074907,-0.8203879999999999,TTO,THA,841899
4054944,223,216,8854,2002,0.0,32930.0,-0.221951,0.325506,TUN,THA,841899
4054945,224,216,8854,2002,0.0,8081.0,0.11263699999999999,1.83925,TUR,THA,841899
4054946,226,216,8854,2002,0.0,2602.0,-1.189463,-0.48640600000000006,TZA,THA,841899
4054947,231,216,8854,2002,4449655.0,892838.0,1.821594,0.231296,USA,THA,841899
4054948,236,216,8854,2002,0.0,114572.0,0.211536,-0.715675,VEN,THA,841899
4054949,239,216,8854,2002,0.0,822240.0,-0.589665,0.799874,VNM,THA,841899
4054950,246,216,8854,2002,0.0,126971.0,0.395943,2.392458,ZAF,THA,841899
4054951,248,216,8854,2002,0.0,2754.0,-0.309483,0.271457,ZWE,THA,841899
4054952,249,216,8854,2002,247175.0,2386553.0,1.683858,1.333601,TWN,THA,841899
4054953,0,222,8854,2002,0.0,13785.0,0.017075999999999997,-0.844024,ABW,TTO,841899
4054954,3,222,8854,2002,0.0,19620.0,1.801822,0.172557,AIA,TTO,841899
4054955,6,222,8854,2002,0.0,64553.0,0.346519,-0.631549,ANT,TTO,841899
4054956,7,222,8854,2002,0.0,79389.0,0.044683,-0.247191,ARE,TTO,841899
4054957,13,222,8854,2002,0.0,53798.0,0.958779,-0.56295,ATG,TTO,841899
4054958,14,222,8854,2002,2363.0,0.0,0.231386,0.771628,AUS,TTO,841899
4054959,29,222,8854,2002,0.0,1679.0,-0.246977,-0.731156,BLZ,TTO,841899
4054960,31,222,8854,2002,0.0,21292.0,-0.885342,-0.819517,BOL,TTO,841899
4054961,32,222,8854,2002,0.0,45629.0,0.677883,1.0227190000000002,BRA,TTO,841899
4054962,33,222,8854,2002,0.0,288699.0,0.762217,0.004367,BRB,TTO,841899
4054963,39,222,8854,2002,12898.0,68889.0,0.9963280000000001,1.1922110000000001,CAN,TTO,841899
4054964,43,222,8854,2002,20858.0,0.0,0.576746,2.7995520000000003,CHN,TTO,841899
4054965,49,222,8854,2002,0.0,2577.0,0.345094,0.37787800000000005,COL,TTO,841899
4054966,52,222,8854,2002,4385.0,121728.0,0.03619,-0.187718,CRI,TTO,841899
4054967,61,222,8854,2002,3346.0,0.0,2.297691,-2.183239,DEU,TTO,841899
4054968,63,222,8854,2002,0.0,13551.0,0.196298,-0.129221,DMA,TTO,841899
4054969,64,222,8854,2002,448.0,0.0,1.26594,1.225186,DNK,TTO,841899
4054970,65,222,8854,2002,0.0,75358.0,-0.46284899999999995,-0.39210100000000003,DOM,TTO,841899
4054971,77,222,8854,2002,3817.0,14737.0,1.569367,0.9886360000000001,FRA,TTO,841899
4054972,81,222,8854,2002,42590.0,0.0,1.893177,0.831382,GBR,TTO,841899
4054973,91,222,8854,2002,0.0,55560.0,0.552833,-0.283761,GRD,TTO,841899
4054974,93,222,8854,2002,938.0,0.0,-0.548834,-0.034464999999999996,GTM,TTO,841899
4054975,96,222,8854,2002,0.0,71856.0,-0.9485889999999999,-0.9086489999999999,GUY,TTO,841899
4054976,99,222,8854,2002,0.0,8909.0,-0.877043,-0.658185,HND,TTO,841899
4054977,101,222,8854,2002,0.0,23307.0,-1.220251,-0.8176859999999999,HTI,TTO,841899
4054978,111,222,8854,2002,54004.0,0.0,1.377604,1.2470510000000001,ITA,TTO,841899
4054979,112,222,8854,2002,0.0,117342.0,-0.604813,-0.9309860000000001,JAM,TTO,841899
4054980,114,222,8854,2002,37280.0,0.0,2.556057,0.497673,JPN,TTO,841899
4054981,120,222,8854,2002,0.0,24929.0,0.911442,-0.26164899999999996,KNA,TTO,841899
4054982,121,222,8854,2002,2883.0,0.0,1.186816,1.075947,KOR,TTO,841899
4054983,127,222,8854,2002,0.0,47176.0,0.14441700000000002,-0.38146599999999997,LCA,TTO,841899
4054984,138,222,8854,2002,4886.0,0.0,0.942061,0.6311260000000001,MEX,TTO,841899
4054985,149,222,8854,2002,0.0,3063.0,1.4188209999999999,-0.087543,MSR,TTO,841899
4054986,160,222,8854,2002,0.0,6101.0,-0.677398,-0.564472,NIC,TTO,841899
4054987,169,222,8854,2002,1669.0,112075.0,0.134759,0.234258,PAN,TTO,841899
4054988,173,222,8854,2002,0.0,41163.0,-0.6126199999999999,0.085944,PER,TTO,841899
4054989,197,222,8854,2002,0.0,16661.0,-0.280138,-0.099225,SLV,TTO,841899
4054990,205,222,8854,2002,0.0,53904.0,-0.9120030000000001,-0.8871020000000001,SUR,TTO,841899
4054991,208,222,8854,2002,622.0,0.0,2.128614,0.7891199999999999,SWE,TTO,841899
4054992,216,222,8854,2002,140604.0,0.0,0.432041,1.627953,THA,TTO,841899
4054993,231,222,8854,2002,303183.0,180334.0,1.821594,0.231296,USA,TTO,841899
4054994,234,222,8854,2002,0.0,66794.0,-0.340281,-0.661246,VCT,TTO,841899
4054995,236,222,8854,2002,0.0,767986.0,0.211536,-0.715675,VEN,TTO,841899
4054996,237,222,8854,2002,0.0,48930.0,1.022393,-0.23957399999999998,VGB,TTO,841899
4054997,249,222,8854,2002,100322.0,0.0,1.683858,1.333601,TWN,TTO,841899
4054998,4,224,8854,2002,0.0,81570.0,-0.127828,-0.126857,ALB,TUR,841899
4054999,7,224,8854,2002,10671.0,82863.0,0.044683,-0.247191,ARE,TUR,841899
4055000,8,224,8854,2002,0.0,586.0,0.284536,0.517425,ARG,TUR,841899
4055001,9,224,8854,2002,0.0,3425.0,0.710274,-0.11309000000000001,ARM,TUR,841899
4055002,14,224,8854,2002,1736.0,37802.0,0.231386,0.771628,AUS,TUR,841899
4055003,15,224,8854,2002,275521.0,1041065.0,1.8651200000000001,0.48423900000000003,AUT,TUR,841899
4055004,16,224,8854,2002,0.0,106384.0,-0.41282299999999994,-0.967931,AZE,TUR,841899
4055005,18,224,8854,2002,175095.0,150869.0,1.4097469999999999,1.440169,BEL,TUR,841899
4055006,19,224,8854,2002,0.0,752.0,-0.724829,-0.705625,BEN,TUR,841899
4055007,23,224,8854,2002,0.0,995252.0,0.37451100000000004,1.573517,BGR,TUR,841899
4055008,24,224,8854,2002,0.0,8761.0,-0.146585,-1.006558,BHR,TUR,841899
4055009,26,224,8854,2002,0.0,296574.0,0.26339,0.30287,BIH,TUR,841899
4055010,28,224,8854,2002,0.0,1971.0,0.825865,1.0148979999999999,BLR,TUR,841899
4055011,32,224,8854,2002,57743.0,344146.0,0.677883,1.0227190000000002,BRA,TUR,841899
4055012,39,224,8854,2002,2000.0,0.0,0.9963280000000001,1.1922110000000001,CAN,TUR,841899
4055013,41,224,8854,2002,1894.0,173902.0,2.218095,0.620946,CHE,TUR,841899
4055014,42,224,8854,2002,0.0,4410.0,-0.035264,-0.101796,CHL,TUR,841899
4055015,43,224,8854,2002,646876.0,0.0,0.576746,2.7995520000000003,CHN,TUR,841899
4055016,45,224,8854,2002,0.0,22920.0,-1.114477,-1.0516510000000001,CMR,TUR,841899
4055017,49,224,8854,2002,0.0,10193.0,0.345094,0.37787800000000005,COL,TUR,841899
4055018,58,224,8854,2002,0.0,107745.0,0.381391,0.40265,CYP,TUR,841899
4055019,59,224,8854,2002,1087.0,2802.0,1.550713,1.037066,CZE,TUR,841899
4055020,61,224,8854,2002,3785124.0,1824676.0,2.297691,-2.183239,DEU,TUR,841899
4055021,64,224,8854,2002,492664.0,20583.0,1.26594,1.225186,DNK,TUR,841899
4055022,66,224,8854,2002,0.0,17422728.0,-0.912033,-1.1731850000000001,DZA,TUR,841899
4055023,68,224,8854,2002,195683.0,36665.0,-0.377127,0.549439,EGY,TUR,841899
4055024,71,224,8854,2002,776747.0,1306095.0,1.012246,2.049594,ESP,TUR,841899
4055025,72,224,8854,2002,0.0,1826.0,0.54511,0.9135979999999999,EST,TUR,841899
4055026,74,224,8854,2002,64972.0,4498.0,2.0234240000000003,0.979141,FIN,TUR,841899
4055027,77,224,8854,2002,3970551.0,197733.0,1.569367,0.9886360000000001,FRA,TUR,841899
4055028,81,224,8854,2002,223028.0,1201771.0,1.893177,0.831382,GBR,TUR,841899
4055029,82,224,8854,2002,0.0,50882.0,0.662382,-0.124825,GEO,TUR,841899
4055030,90,224,8854,2002,158774.0,7248454.0,0.31858000000000003,1.47417,GRC,TUR,841899
4055031,97,224,8854,2002,2430.0,0.0,0.5701109999999999,1.989357,HKG,TUR,841899
4055032,100,224,8854,2002,58014.0,100863.0,0.591276,1.030723,HRV,TUR,841899
4055033,102,224,8854,2002,582729.0,81583.0,1.179684,1.0574860000000001,HUN,TUR,841899
4055034,103,224,8854,2002,0.0,76556.0,-0.10020499999999999,1.590314,IDN,TUR,841899
4055035,104,224,8854,2002,0.0,43048.0,0.380867,2.608955,IND,TUR,841899
4055036,106,224,8854,2002,56508.0,7891.0,1.7232880000000002,0.091172,IRL,TUR,841899
4055037,107,224,8854,2002,0.0,50380.0,-0.5707840000000001,-0.705612,IRN,TUR,841899
4055038,110,224,8854,2002,31114.0,577197.0,1.334174,0.654331,ISR,TUR,841899
4055039,111,224,8854,2002,10208367.0,556340.0,1.377604,1.2470510000000001,ITA,TUR,841899
4055040,113,224,8854,2002,0.0,525212.0,0.24197600000000002,0.196635,JOR,TUR,841899
4055041,114,224,8854,2002,161186.0,0.0,2.556057,0.497673,JPN,TUR,841899
4055042,115,224,8854,2002,0.0,57620.0,-0.065332,-0.616159,KAZ,TUR,841899
4055043,116,224,8854,2002,0.0,1646.0,-0.555812,0.169204,KEN,TUR,841899
4055044,117,224,8854,2002,0.0,42698.0,0.081807,0.16872,KGZ,TUR,841899
4055045,121,224,8854,2002,567636.0,0.0,1.186816,1.075947,KOR,TUR,841899
4055046,122,224,8854,2002,0.0,10503.0,-0.6629550000000001,-1.157214,KWT,TUR,841899
4055047,124,224,8854,2002,13730.0,28478.0,0.2729,1.254232,LBN,TUR,841899
4055048,126,224,8854,2002,0.0,100227.0,-0.568615,-1.172261,LBY,TUR,841899
4055049,130,224,8854,2002,0.0,7321.0,0.23102399999999998,0.586078,LTU,TUR,841899
4055050,131,224,8854,2002,8100.0,0.0,1.605378,1.152973,LUX,TUR,841899
4055051,134,224,8854,2002,0.0,39834.0,-0.810467,-0.34807899999999997,MAR,TUR,841899
4055052,135,224,8854,2002,0.0,4476.0,-0.186001,-0.141598,MDA,TUR,841899
4055053,140,224,8854,2002,0.0,41357.0,-0.030274000000000002,0.359317,MKD,TUR,841899
4055054,142,224,8854,2002,0.0,18053.0,1.12245,0.019001,MLT,TUR,841899
4055055,153,224,8854,2002,1190.0,0.0,0.704957,0.243398,MYS,TUR,841899
4055056,162,224,8854,2002,2626701.0,277219.0,1.206176,1.7136360000000002,NLD,TUR,841899
4055057,163,224,8854,2002,0.0,36873.0,1.110882,0.17164100000000002,NOR,TUR,841899
4055058,166,224,8854,2002,0.0,15622.0,0.542585,0.854243,NZL,TUR,841899
4055059,167,224,8854,2002,0.0,13302.0,-1.238769,-1.225841,OMN,TUR,841899
4055060,168,224,8854,2002,0.0,7156.0,-0.877655,-0.322094,PAK,TUR,841899
4055061,174,224,8854,2002,0.0,7788.0,0.055439999999999996,-0.179809,PHL,TUR,841899
4055062,177,224,8854,2002,0.0,74872.0,0.931642,1.721727,POL,TUR,841899
4055063,179,224,8854,2002,19804.0,34385.0,0.484407,1.6500080000000001,PRT,TUR,841899
4055064,185,224,8854,2002,14554.0,1707053.0,0.29888200000000004,0.980376,ROU,TUR,841899
4055065,186,224,8854,2002,0.0,672838.0,1.109397,0.424229,RUS,TUR,841899
4055066,188,224,8854,2002,0.0,212956.0,0.082107,-0.843317,SAU,TUR,841899
4055067,189,224,8854,2002,0.0,560091.0,0.55781,2.135925,SCG,TUR,841899
4055068,190,224,8854,2002,0.0,25735.0,-1.499925,-1.228374,SDN,TUR,841899
4055069,192,224,8854,2002,2664.0,13452.0,1.481857,0.648889,SGP,TUR,841899
4055070,206,224,8854,2002,0.0,7282.0,1.1907379999999999,1.050649,SVK,TUR,841899
4055071,207,224,8854,2002,37365.0,0.0,1.5643770000000001,1.043862,SVN,TUR,841899
4055072,208,224,8854,2002,38924.0,4197.0,2.128614,0.7891199999999999,SWE,TUR,841899
4055073,216,224,8854,2002,8081.0,0.0,0.432041,1.627953,THA,TUR,841899
4055074,219,224,8854,2002,0.0,12979.0,-1.035248,-1.191624,TKM,TUR,841899
4055075,223,224,8854,2002,11672.0,1841664.0,-0.221951,0.325506,TUN,TUR,841899
4055076,228,224,8854,2002,0.0,369498.0,0.835485,0.872135,UKR,TUR,841899
4055077,231,224,8854,2002,842378.0,314689.0,1.821594,0.231296,USA,TUR,841899
4055078,232,224,8854,2002,0.0,13042.0,-0.379765,-0.5965159999999999,UZB,TUR,841899
4055079,236,224,8854,2002,0.0,13258.0,0.211536,-0.715675,VEN,TUR,841899
4055080,246,224,8854,2002,0.0,2643.0,0.395943,2.392458,ZAF,TUR,841899
4055081,249,224,8854,2002,96582.0,0.0,1.683858,1.333601,TWN,TUR,841899
4055082,250,224,8854,2002,3024.0,116614.0,0.734927,-0.40114099999999997,ANS,TUR,841899
4055083,8,230,8854,2002,62755.0,1233.0,0.284536,0.517425,ARG,URY,841899
4055084,32,230,8854,2002,196784.0,0.0,0.677883,1.0227190000000002,BRA,URY,841899
4055085,42,230,8854,2002,6296.0,55739.0,-0.035264,-0.101796,CHL,URY,841899
4055086,61,230,8854,2002,14893.0,0.0,2.297691,-2.183239,DEU,URY,841899
4055087,71,230,8854,2002,40565.0,0.0,1.012246,2.049594,ESP,URY,841899
4055088,77,230,8854,2002,1322.0,0.0,1.569367,0.9886360000000001,FRA,URY,841899
4055089,81,230,8854,2002,2491.0,0.0,1.893177,0.831382,GBR,URY,841899
4055090,111,230,8854,2002,34551.0,0.0,1.377604,1.2470510000000001,ITA,URY,841899
4055091,121,230,8854,2002,3763.0,0.0,1.186816,1.075947,KOR,URY,841899
4055092,138,230,8854,2002,2828.0,0.0,0.942061,0.6311260000000001,MEX,URY,841899
4055093,162,230,8854,2002,92181.0,0.0,1.206176,1.7136360000000002,NLD,URY,841899
4055094,163,230,8854,2002,1042.0,0.0,1.110882,0.17164100000000002,NOR,URY,841899
4055095,179,230,8854,2002,8264.0,0.0,0.484407,1.6500080000000001,PRT,URY,841899
4055096,208,230,8854,2002,1099.0,0.0,2.128614,0.7891199999999999,SWE,URY,841899
4055097,231,230,8854,2002,219151.0,0.0,1.821594,0.231296,USA,URY,841899
4055098,249,230,8854,2002,6142.0,0.0,1.683858,1.333601,TWN,URY,841899
4055099,250,230,8854,2002,6007.0,0.0,0.734927,-0.40114099999999997,ANS,URY,841899
4055100,0,231,8854,2002,0.0,437382.0,0.017075999999999997,-0.844024,ABW,USA,841899
4055101,2,231,8854,2002,0.0,34720.0,-2.018135,-1.222751,AGO,USA,841899
4055102,3,231,8854,2002,0.0,2714.0,1.801822,0.172557,AIA,USA,841899
4055103,6,231,8854,2002,0.0,1175769.0,0.346519,-0.631549,ANT,USA,841899
4055104,7,231,8854,2002,0.0,1502372.0,0.044683,-0.247191,ARE,USA,841899
4055105,8,231,8854,2002,58471.0,802020.0,0.284536,0.517425,ARG,USA,841899
4055106,9,231,8854,2002,0.0,3315.0,0.710274,-0.11309000000000001,ARM,USA,841899
4055107,13,231,8854,2002,0.0,31912.0,0.958779,-0.56295,ATG,USA,841899
4055108,14,231,8854,2002,100469.0,10554919.0,0.231386,0.771628,AUS,USA,841899
4055109,15,231,8854,2002,794597.0,201627.0,1.8651200000000001,0.48423900000000003,AUT,USA,841899
4055110,18,231,8854,2002,67298.0,14356232.0,1.4097469999999999,1.440169,BEL,USA,841899
4055111,22,231,8854,2002,0.0,379933.0,-1.134933,-1.061633,BGD,USA,841899
4055112,23,231,8854,2002,0.0,87749.0,0.37451100000000004,1.573517,BGR,USA,841899
4055113,24,231,8854,2002,0.0,298935.0,-0.146585,-1.006558,BHR,USA,841899
4055114,25,231,8854,2002,43528.0,98524.0,0.641626,-0.37892800000000004,BHS,USA,841899
4055115,26,231,8854,2002,0.0,6000.0,0.26339,0.30287,BIH,USA,841899
4055116,29,231,8854,2002,0.0,3366.0,-0.246977,-0.731156,BLZ,USA,841899
4055117,30,231,8854,2002,0.0,1577333.0,1.129,-0.476633,BMU,USA,841899
4055118,31,231,8854,2002,0.0,35209.0,-0.885342,-0.819517,BOL,USA,841899
4055119,32,231,8854,2002,1952273.0,4967916.0,0.677883,1.0227190000000002,BRA,USA,841899
4055120,33,231,8854,2002,4845.0,157574.0,0.762217,0.004367,BRB,USA,841899
4055121,34,231,8854,2002,0.0,4981.0,-1.7894169999999998,-1.034672,BRN,USA,841899
4055122,39,231,8854,2002,52704996.0,51185196.0,0.9963280000000001,1.1922110000000001,CAN,USA,841899
4055123,41,231,8854,2002,172706.0,656678.0,2.218095,0.620946,CHE,USA,841899
4055124,42,231,8854,2002,41361.0,1634736.0,-0.035264,-0.101796,CHL,USA,841899
4055125,43,231,8854,2002,15992249.0,10503536.0,0.576746,2.7995520000000003,CHN,USA,841899
4055126,44,231,8854,2002,0.0,98227.0,-0.816327,-0.711765,CIV,USA,841899
4055127,45,231,8854,2002,0.0,182335.0,-1.114477,-1.0516510000000001,CMR,USA,841899
4055128,49,231,8854,2002,15275.0,1800369.0,0.345094,0.37787800000000005,COL,USA,841899
4055129,52,231,8854,2002,34132.0,2927844.0,0.03619,-0.187718,CRI,USA,841899
4055130,57,231,8854,2002,0.0,36451.0,0.7098220000000001,-0.633359,CYM,USA,841899
4055131,58,231,8854,2002,0.0,125125.0,0.381391,0.40265,CYP,USA,841899
4055132,59,231,8854,2002,1372247.0,1071299.0,1.550713,1.037066,CZE,USA,841899
4055133,61,231,8854,2002,8580162.0,10153218.0,2.297691,-2.183239,DEU,USA,841899
4055134,62,231,8854,2002,0.0,6640.0,0.416677,-0.052552,DJI,USA,841899
4055135,64,231,8854,2002,6593582.0,2039699.0,1.26594,1.225186,DNK,USA,841899
4055136,65,231,8854,2002,0.0,8638461.0,-0.46284899999999995,-0.39210100000000003,DOM,USA,841899
4055137,66,231,8854,2002,0.0,6033.0,-0.912033,-1.1731850000000001,DZA,USA,841899
4055138,67,231,8854,2002,6936.0,3049738.0,-0.976218,-0.926393,ECU,USA,841899
4055139,68,231,8854,2002,0.0,1021011.0,-0.377127,0.549439,EGY,USA,841899
4055140,71,231,8854,2002,871835.0,2615022.0,1.012246,2.049594,ESP,USA,841899
4055141,72,231,8854,2002,0.0,17136.0,0.54511,0.9135979999999999,EST,USA,841899
4055142,73,231,8854,2002,0.0,52944.0,-1.096371,-0.9566709999999999,ETH,USA,841899
4055143,74,231,8854,2002,156942.0,358618.0,2.0234240000000003,0.979141,FIN,USA,841899
4055144,75,231,8854,2002,0.0,18035.0,-0.588136,-0.242883,FJI,USA,841899
4055145,77,231,8854,2002,2123878.0,8767625.0,1.569367,0.9886360000000001,FRA,USA,841899
4055146,79,231,8854,2002,0.0,51000.0,-1.511888,-1.054948,FSM,USA,841899
4055147,81,231,8854,2002,2411866.0,29490022.0,1.893177,0.831382,GBR,USA,841899
4055148,83,231,8854,2002,0.0,32328.0,-1.333425,-1.0709879999999998,GHA,USA,841899
4055149,85,231,8854,2002,0.0,7005.0,-1.85329,-1.243105,GIN,USA,841899
4055150,90,231,8854,2002,7404.0,699719.0,0.31858000000000003,1.47417,GRC,USA,841899
4055151,91,231,8854,2002,0.0,6388.0,0.552833,-0.283761,GRD,USA,841899
4055152,93,231,8854,2002,71989.0,1829846.0,-0.548834,-0.034464999999999996,GTM,USA,841899
4055153,96,231,8854,2002,0.0,150372.0,-0.9485889999999999,-0.9086489999999999,GUY,USA,841899
4055154,97,231,8854,2002,1091335.0,6094351.0,0.5701109999999999,1.989357,HKG,USA,841899
4055155,99,231,8854,2002,0.0,131204.0,-0.877043,-0.658185,HND,USA,841899
4055156,100,231,8854,2002,13130.0,1828.0,0.591276,1.030723,HRV,USA,841899
4055157,101,231,8854,2002,0.0,323312.0,-1.220251,-0.8176859999999999,HTI,USA,841899
4055158,102,231,8854,2002,2880.0,126400.0,1.179684,1.0574860000000001,HUN,USA,841899
4055159,103,231,8854,2002,12830395.0,826198.0,-0.10020499999999999,1.590314,IDN,USA,841899
4055160,104,231,8854,2002,809402.0,1169786.0,0.380867,2.608955,IND,USA,841899
4055161,106,231,8854,2002,762110.0,37124952.0,1.7232880000000002,0.091172,IRL,USA,841899
4055162,109,231,8854,2002,115544.0,15528.0,0.23601999999999998,-0.34781,ISL,USA,841899
4055163,110,231,8854,2002,645624.0,1843041.0,1.334174,0.654331,ISR,USA,841899
4055164,111,231,8854,2002,5548398.0,5684684.0,1.377604,1.2470510000000001,ITA,USA,841899
4055165,112,231,8854,2002,11469.0,951227.0,-0.604813,-0.9309860000000001,JAM,USA,841899
4055166,113,231,8854,2002,0.0,231459.0,0.24197600000000002,0.196635,JOR,USA,841899
4055167,114,231,8854,2002,8789109.0,10098607.0,2.556057,0.497673,JPN,USA,841899
4055168,115,231,8854,2002,0.0,8389.0,-0.065332,-0.616159,KAZ,USA,841899
4055169,116,231,8854,2002,0.0,55940.0,-0.555812,0.169204,KEN,USA,841899
4055170,118,231,8854,2002,0.0,12156.0,-1.231783,-1.1518700000000002,KHM,USA,841899
4055171,120,231,8854,2002,0.0,15316.0,0.911442,-0.26164899999999996,KNA,USA,841899
4055172,121,231,8854,2002,2146014.0,4082190.0,1.186816,1.075947,KOR,USA,841899
4055173,122,231,8854,2002,0.0,429132.0,-0.6629550000000001,-1.157214,KWT,USA,841899
4055174,124,231,8854,2002,0.0,134493.0,0.2729,1.254232,LBN,USA,841899
4055175,127,231,8854,2002,870.0,31279.0,0.14441700000000002,-0.38146599999999997,LCA,USA,841899
4055176,128,231,8854,2002,0.0,57965.0,-0.740927,0.023171,LKA,USA,841899
4055177,130,231,8854,2002,109045.0,271794.0,0.23102399999999998,0.586078,LTU,USA,841899
4055178,131,231,8854,2002,1559.0,23002.0,1.605378,1.152973,LUX,USA,841899
4055179,132,231,8854,2002,0.0,70544.0,0.45210200000000006,0.515388,LVA,USA,841899
4055180,134,231,8854,2002,0.0,3712.0,-0.810467,-0.34807899999999997,MAR,USA,841899
4055181,138,231,8854,2002,95524184.0,66831500.0,0.942061,0.6311260000000001,MEX,USA,841899
4055182,139,231,8854,2002,0.0,5000.0,0.185091,-0.8390989999999999,MHL,USA,841899
4055183,141,231,8854,2002,0.0,21974.0,-0.8948520000000001,-0.863375,MLI,USA,841899
4055184,142,231,8854,2002,0.0,29998.0,1.12245,0.019001,MLT,USA,841899
4055185,149,231,8854,2002,0.0,1294.0,1.4188209999999999,-0.087543,MSR,USA,841899
4055186,151,231,8854,2002,0.0,9696.0,-0.37937600000000005,-0.388848,MUS,USA,841899
4055187,153,231,8854,2002,178168.0,578950.0,0.704957,0.243398,MYS,USA,841899
4055188,155,231,8854,2002,0.0,76900.0,-0.314161,-0.521778,NAM,USA,841899
4055189,156,231,8854,2002,0.0,2777.0,-0.292646,-0.823263,NCL,USA,841899
4055190,159,231,8854,2002,0.0,130580.0,-1.8315700000000001,-1.25171,NGA,USA,841899
4055191,160,231,8854,2002,0.0,97338.0,-0.677398,-0.564472,NIC,USA,841899
4055192,162,231,8854,2002,2635774.0,6137706.0,1.206176,1.7136360000000002,NLD,USA,841899
4055193,163,231,8854,2002,38451.0,218382.0,1.110882,0.17164100000000002,NOR,USA,841899
4055194,166,231,8854,2002,749209.0,2354706.0,0.542585,0.854243,NZL,USA,841899
4055195,167,231,8854,2002,0.0,29084.0,-1.238769,-1.225841,OMN,USA,841899
4055196,168,231,8854,2002,0.0,90075.0,-0.877655,-0.322094,PAK,USA,841899
4055197,169,231,8854,2002,3831.0,1508847.0,0.134759,0.234258,PAN,USA,841899
4055198,173,231,8854,2002,0.0,3155374.0,-0.6126199999999999,0.085944,PER,USA,841899
4055199,174,231,8854,2002,93928.0,1861396.0,0.055439999999999996,-0.179809,PHL,USA,841899
4055200,176,231,8854,2002,0.0,1393.0,-1.4572319999999999,-1.159399,PNG,USA,841899
4055201,177,231,8854,2002,0.0,363444.0,0.931642,1.721727,POL,USA,841899
4055202,179,231,8854,2002,226508.0,116537.0,0.484407,1.6500080000000001,PRT,USA,841899
4055203,180,231,8854,2002,0.0,10468.0,-0.614282,-0.963832,PRY,USA,841899
4055204,182,231,8854,2002,5835.0,174628.0,0.042936,-0.7421840000000001,PYF,USA,841899
4055205,183,231,8854,2002,0.0,41202.0,-0.306052,-1.098296,QAT,USA,841899
4055206,185,231,8854,2002,0.0,20120.0,0.29888200000000004,0.980376,ROU,USA,841899
4055207,186,231,8854,2002,1966.0,439528.0,1.109397,0.424229,RUS,USA,841899
4055208,188,231,8854,2002,0.0,4226872.0,0.082107,-0.843317,SAU,USA,841899
4055209,189,231,8854,2002,0.0,3108.0,0.55781,2.135925,SCG,USA,841899
4055210,191,231,8854,2002,0.0,86175.0,-0.43679700000000005,-0.484176,SEN,USA,841899
4055211,192,231,8854,2002,1830774.0,8700835.0,1.481857,0.648889,SGP,USA,841899
4055212,194,231,8854,2002,0.0,88118.0,1.4834459999999998,0.014774,SHN,USA,841899
4055213,196,231,8854,2002,0.0,6003.0,0.397488,-0.027672000000000002,SLE,USA,841899
4055214,197,231,8854,2002,1880.0,850175.0,-0.280138,-0.099225,SLV,USA,841899
4055215,205,231,8854,2002,20311.0,136627.0,-0.9120030000000001,-0.8871020000000001,SUR,USA,841899
4055216,206,231,8854,2002,371568.0,6861.0,1.1907379999999999,1.050649,SVK,USA,841899
4055217,207,231,8854,2002,11606.0,16358.0,1.5643770000000001,1.043862,SVN,USA,841899
4055218,208,231,8854,2002,4498163.0,1472636.0,2.128614,0.7891199999999999,SWE,USA,841899
4055219,211,231,8854,2002,0.0,15866.0,-0.977247,-0.927527,SYC,USA,841899
4055220,212,231,8854,2002,0.0,586650.0,-1.067974,-0.513309,SYR,USA,841899
4055221,213,231,8854,2002,1251.0,4281.0,0.823909,0.075611,TCA,USA,841899
4055222,214,231,8854,2002,0.0,19608.0,0.160853,-0.672233,TCD,USA,841899
4055223,216,231,8854,2002,892838.0,4449655.0,0.432041,1.627953,THA,USA,841899
4055224,218,231,8854,2002,13027.0,96000.0,0.077717,0.048618,TKL,USA,841899
4055225,222,231,8854,2002,180334.0,303183.0,0.074907,-0.8203879999999999,TTO,USA,841899
4055226,223,231,8854,2002,0.0,4602.0,-0.221951,0.325506,TUN,USA,841899
4055227,224,231,8854,2002,314689.0,842378.0,0.11263699999999999,1.83925,TUR,USA,841899
4055228,226,231,8854,2002,0.0,2336.0,-1.189463,-0.48640600000000006,TZA,USA,841899
4055229,227,231,8854,2002,0.0,9086.0,-1.038337,-0.896425,UGA,USA,841899
4055230,228,231,8854,2002,202150.0,9491.0,0.835485,0.872135,UKR,USA,841899
4055231,230,231,8854,2002,0.0,219151.0,0.300502,0.16817000000000001,URY,USA,841899
4055232,234,231,8854,2002,0.0,4825.0,-0.340281,-0.661246,VCT,USA,841899
4055233,236,231,8854,2002,2728.0,2976505.0,0.211536,-0.715675,VEN,USA,841899
4055234,239,231,8854,2002,30620.0,420579.0,-0.589665,0.799874,VNM,USA,841899
4055235,243,231,8854,2002,0.0,134700.0,-1.233006,-1.22101,YEM,USA,841899
4055236,246,231,8854,2002,86147.0,2052548.0,0.395943,2.392458,ZAF,USA,841899
4055237,247,231,8854,2002,0.0,8716.0,-0.654686,-0.545346,ZMB,USA,841899
4055238,248,231,8854,2002,0.0,27689.0,-0.309483,0.271457,ZWE,USA,841899
4055239,249,231,8854,2002,12635629.0,2547239.0,1.683858,1.333601,TWN,USA,841899
4055240,8,236,8854,2002,48613.0,0.0,0.284536,0.517425,ARG,VEN,841899
4055241,15,236,8854,2002,1857.0,0.0,1.8651200000000001,0.48423900000000003,AUT,VEN,841899
4055242,18,236,8854,2002,100013.0,0.0,1.4097469999999999,1.440169,BEL,VEN,841899
4055243,21,236,8854,2002,3576.0,0.0,-0.477813,-0.647148,BFA,VEN,841899
4055244,32,236,8854,2002,178099.0,0.0,0.677883,1.0227190000000002,BRA,VEN,841899
4055245,39,236,8854,2002,15502.0,0.0,0.9963280000000001,1.1922110000000001,CAN,VEN,841899
4055246,42,236,8854,2002,11804.0,0.0,-0.035264,-0.101796,CHL,VEN,841899
4055247,43,236,8854,2002,1471.0,0.0,0.576746,2.7995520000000003,CHN,VEN,841899
4055248,49,236,8854,2002,746457.0,2622.0,0.345094,0.37787800000000005,COL,VEN,841899
4055249,52,236,8854,2002,36167.0,0.0,0.03619,-0.187718,CRI,VEN,841899
4055250,61,236,8854,2002,965393.0,0.0,2.297691,-2.183239,DEU,VEN,841899
4055251,64,236,8854,2002,123906.0,0.0,1.26594,1.225186,DNK,VEN,841899
4055252,65,236,8854,2002,0.0,8291.0,-0.46284899999999995,-0.39210100000000003,DOM,VEN,841899
4055253,71,236,8854,2002,189305.0,0.0,1.012246,2.049594,ESP,VEN,841899
4055254,74,236,8854,2002,111317.0,0.0,2.0234240000000003,0.979141,FIN,VEN,841899
4055255,77,236,8854,2002,6058.0,0.0,1.569367,0.9886360000000001,FRA,VEN,841899
4055256,81,236,8854,2002,23702.0,0.0,1.893177,0.831382,GBR,VEN,841899
4055257,97,236,8854,2002,4404.0,0.0,0.5701109999999999,1.989357,HKG,VEN,841899
4055258,99,236,8854,2002,0.0,5347.0,-0.877043,-0.658185,HND,VEN,841899
4055259,110,236,8854,2002,6122.0,0.0,1.334174,0.654331,ISR,VEN,841899
4055260,111,236,8854,2002,739832.0,0.0,1.377604,1.2470510000000001,ITA,VEN,841899
4055261,114,236,8854,2002,553005.0,0.0,2.556057,0.497673,JPN,VEN,841899
4055262,121,236,8854,2002,59810.0,0.0,1.186816,1.075947,KOR,VEN,841899
4055263,138,236,8854,2002,82380.0,0.0,0.942061,0.6311260000000001,MEX,VEN,841899
4055264,162,236,8854,2002,2058.0,0.0,1.206176,1.7136360000000002,NLD,VEN,841899
4055265,169,236,8854,2002,8167.0,19898.0,0.134759,0.234258,PAN,VEN,841899
4055266,178,236,8854,2002,1060.0,0.0,0.43756999999999996,0.744264,PRK,VEN,841899
4055267,208,236,8854,2002,62658.0,0.0,2.128614,0.7891199999999999,SWE,VEN,841899
4055268,216,236,8854,2002,114572.0,0.0,0.432041,1.627953,THA,VEN,841899
4055269,222,236,8854,2002,767986.0,0.0,0.074907,-0.8203879999999999,TTO,VEN,841899
4055270,224,236,8854,2002,13258.0,0.0,0.11263699999999999,1.83925,TUR,VEN,841899
4055271,231,236,8854,2002,2976505.0,2728.0,1.821594,0.231296,USA,VEN,841899
4055272,249,236,8854,2002,154871.0,0.0,1.683858,1.333601,TWN,VEN,841899
4055273,14,239,8854,2002,5842.0,4533.0,0.231386,0.771628,AUS,VNM,841899
4055274,18,239,8854,2002,236482.0,0.0,1.4097469999999999,1.440169,BEL,VNM,841899
4055275,39,239,8854,2002,1949.0,0.0,0.9963280000000001,1.1922110000000001,CAN,VNM,841899
4055276,43,239,8854,2002,538167.0,0.0,0.576746,2.7995520000000003,CHN,VNM,841899
4055277,59,239,8854,2002,12646.0,0.0,1.550713,1.037066,CZE,VNM,841899
4055278,61,239,8854,2002,120248.0,0.0,2.297691,-2.183239,DEU,VNM,841899
4055279,64,239,8854,2002,14421.0,0.0,1.26594,1.225186,DNK,VNM,841899
4055280,77,239,8854,2002,103974.0,0.0,1.569367,0.9886360000000001,FRA,VNM,841899
4055281,81,239,8854,2002,13988.0,0.0,1.893177,0.831382,GBR,VNM,841899
4055282,97,239,8854,2002,70757.0,0.0,0.5701109999999999,1.989357,HKG,VNM,841899
4055283,103,239,8854,2002,93526.0,39655.0,-0.10020499999999999,1.590314,IDN,VNM,841899
4055284,104,239,8854,2002,8837.0,0.0,0.380867,2.608955,IND,VNM,841899
4055285,106,239,8854,2002,1254.0,0.0,1.7232880000000002,0.091172,IRL,VNM,841899
4055286,111,239,8854,2002,379290.0,0.0,1.377604,1.2470510000000001,ITA,VNM,841899
4055287,114,239,8854,2002,273082.0,255276.0,2.556057,0.497673,JPN,VNM,841899
4055288,118,239,8854,2002,0.0,42219.0,-1.231783,-1.1518700000000002,KHM,VNM,841899
4055289,121,239,8854,2002,7093899.0,34758.0,1.186816,1.075947,KOR,VNM,841899
4055290,131,239,8854,2002,4906.0,0.0,1.605378,1.152973,LUX,VNM,841899
4055291,153,239,8854,2002,156490.0,28640.0,0.704957,0.243398,MYS,VNM,841899
4055292,162,239,8854,2002,2043474.0,0.0,1.206176,1.7136360000000002,NLD,VNM,841899
4055293,174,239,8854,2002,157142.0,0.0,0.055439999999999996,-0.179809,PHL,VNM,841899
4055294,186,239,8854,2002,21062.0,0.0,1.109397,0.424229,RUS,VNM,841899
4055295,192,239,8854,2002,990879.0,0.0,1.481857,0.648889,SGP,VNM,841899
4055296,208,239,8854,2002,13739.0,0.0,2.128614,0.7891199999999999,SWE,VNM,841899
4055297,216,239,8854,2002,822240.0,0.0,0.432041,1.627953,THA,VNM,841899
4055298,231,239,8854,2002,420579.0,30620.0,1.821594,0.231296,USA,VNM,841899
4055299,249,239,8854,2002,377151.0,3803.0,1.683858,1.333601,TWN,VNM,841899
4055300,2,246,8854,2002,0.0,153237.0,-2.018135,-1.222751,AGO,ZAF,841899
4055301,7,246,8854,2002,2902.0,16731.0,0.044683,-0.247191,ARE,ZAF,841899
4055302,14,246,8854,2002,76851.0,159214.0,0.231386,0.771628,AUS,ZAF,841899
4055303,15,246,8854,2002,44679.0,3117.0,1.8651200000000001,0.48423900000000003,AUT,ZAF,841899
4055304,18,246,8854,2002,16817.0,15807.0,1.4097469999999999,1.440169,BEL,ZAF,841899
4055305,24,246,8854,2002,0.0,2279.0,-0.146585,-1.006558,BHR,ZAF,841899
4055306,32,246,8854,2002,121230.0,25343.0,0.677883,1.0227190000000002,BRA,ZAF,841899
4055307,37,246,8854,2002,0.0,934921.0,-0.14025,-1.018399,BWA,ZAF,841899
4055308,39,246,8854,2002,7314.0,1686.0,0.9963280000000001,1.1922110000000001,CAN,ZAF,841899
4055309,41,246,8854,2002,1366.0,0.0,2.218095,0.620946,CHE,ZAF,841899
4055310,43,246,8854,2002,187623.0,0.0,0.576746,2.7995520000000003,CHN,ZAF,841899
4055311,44,246,8854,2002,0.0,3262.0,-0.816327,-0.711765,CIV,ZAF,841899
4055312,45,246,8854,2002,0.0,9951.0,-1.114477,-1.0516510000000001,CMR,ZAF,841899
4055313,46,246,8854,2002,0.0,83137.0,-1.2657370000000001,-1.108659,COD,ZAF,841899
4055314,47,246,8854,2002,0.0,6620.0,-1.62227,-1.202067,COG,ZAF,841899
4055315,50,246,8854,2002,0.0,1296.0,-0.95335,-0.916942,COM,ZAF,841899
4055316,58,246,8854,2002,0.0,1375.0,0.381391,0.40265,CYP,ZAF,841899
4055317,59,246,8854,2002,10348.0,0.0,1.550713,1.037066,CZE,ZAF,841899
4055318,61,246,8854,2002,2003417.0,2367411.0,2.297691,-2.183239,DEU,ZAF,841899
4055319,64,246,8854,2002,97174.0,6183.0,1.26594,1.225186,DNK,ZAF,841899
4055320,67,246,8854,2002,8308.0,0.0,-0.976218,-0.926393,ECU,ZAF,841899
4055321,68,246,8854,2002,1166.0,0.0,-0.377127,0.549439,EGY,ZAF,841899
4055322,71,246,8854,2002,336240.0,2174.0,1.012246,2.049594,ESP,ZAF,841899
4055323,73,246,8854,2002,0.0,800.0,-1.096371,-0.9566709999999999,ETH,ZAF,841899
4055324,74,246,8854,2002,1577.0,0.0,2.0234240000000003,0.979141,FIN,ZAF,841899
4055325,77,246,8854,2002,913904.0,29441.0,1.569367,0.9886360000000001,FRA,ZAF,841899
4055326,80,246,8854,2002,0.0,1312.0,-0.830094,-1.149233,GAB,ZAF,841899
4055327,81,246,8854,2002,389453.0,2897096.0,1.893177,0.831382,GBR,ZAF,841899
4055328,83,246,8854,2002,0.0,18963.0,-1.333425,-1.0709879999999998,GHA,ZAF,841899
4055329,90,246,8854,2002,4655.0,0.0,0.31858000000000003,1.47417,GRC,ZAF,841899
4055330,97,246,8854,2002,0.0,12945.0,0.5701109999999999,1.989357,HKG,ZAF,841899
4055331,102,246,8854,2002,3108.0,0.0,1.179684,1.0574860000000001,HUN,ZAF,841899
4055332,104,246,8854,2002,10882.0,533.0,0.380867,2.608955,IND,ZAF,841899
4055333,106,246,8854,2002,99877.0,2786.0,1.7232880000000002,0.091172,IRL,ZAF,841899
4055334,110,246,8854,2002,0.0,942.0,1.334174,0.654331,ISR,ZAF,841899
4055335,111,246,8854,2002,1221280.0,162109.0,1.377604,1.2470510000000001,ITA,ZAF,841899
4055336,114,246,8854,2002,868856.0,0.0,2.556057,0.497673,JPN,ZAF,841899
4055337,116,246,8854,2002,0.0,200704.0,-0.555812,0.169204,KEN,ZAF,841899
4055338,121,246,8854,2002,45651.0,0.0,1.186816,1.075947,KOR,ZAF,841899
4055339,122,246,8854,2002,0.0,8341.0,-0.6629550000000001,-1.157214,KWT,ZAF,841899
4055340,126,246,8854,2002,0.0,6745.0,-0.568615,-1.172261,LBY,ZAF,841899
4055341,141,246,8854,2002,0.0,5731.0,-0.8948520000000001,-0.863375,MLI,ZAF,841899
4055342,147,246,8854,2002,0.0,295512.0,-0.947259,-1.047883,MOZ,ZAF,841899
4055343,151,246,8854,2002,0.0,190159.0,-0.37937600000000005,-0.388848,MUS,ZAF,841899
4055344,152,246,8854,2002,0.0,153826.0,-1.441416,-1.214651,MWI,ZAF,841899
4055345,153,246,8854,2002,10090.0,0.0,0.704957,0.243398,MYS,ZAF,841899
4055346,155,246,8854,2002,282.0,798859.0,-0.314161,-0.521778,NAM,ZAF,841899
4055347,159,246,8854,2002,0.0,43103.0,-1.8315700000000001,-1.25171,NGA,ZAF,841899
4055348,162,246,8854,2002,1750778.0,80088.0,1.206176,1.7136360000000002,NLD,ZAF,841899
4055349,163,246,8854,2002,39608.0,0.0,1.110882,0.17164100000000002,NOR,ZAF,841899
4055350,166,246,8854,2002,0.0,244675.0,0.542585,0.854243,NZL,ZAF,841899
4055351,168,246,8854,2002,0.0,6123.0,-0.877655,-0.322094,PAK,ZAF,841899
4055352,174,246,8854,2002,62549.0,7722.0,0.055439999999999996,-0.179809,PHL,ZAF,841899
4055353,179,246,8854,2002,0.0,3413.0,0.484407,1.6500080000000001,PRT,ZAF,841899
4055354,188,246,8854,2002,0.0,322660.0,0.082107,-0.843317,SAU,ZAF,841899
4055355,190,246,8854,2002,0.0,53488.0,-1.499925,-1.228374,SDN,ZAF,841899
4055356,192,246,8854,2002,44267.0,2378.0,1.481857,0.648889,SGP,ZAF,841899
4055357,196,246,8854,2002,0.0,15044.0,0.397488,-0.027672000000000002,SLE,ZAF,841899
4055358,206,246,8854,2002,0.0,10231.0,1.1907379999999999,1.050649,SVK,ZAF,841899
4055359,208,246,8854,2002,111181.0,7840.0,2.128614,0.7891199999999999,SWE,ZAF,841899
4055360,209,246,8854,2002,69262.0,2027580.0,0.49801599999999996,-0.139709,SWZ,ZAF,841899
4055361,211,246,8854,2002,0.0,9432.0,-0.977247,-0.927527,SYC,ZAF,841899
4055362,216,246,8854,2002,126971.0,0.0,0.432041,1.627953,THA,ZAF,841899
4055363,224,246,8854,2002,2643.0,0.0,0.11263699999999999,1.83925,TUR,ZAF,841899
4055364,226,246,8854,2002,0.0,71993.0,-1.189463,-0.48640600000000006,TZA,ZAF,841899
4055365,227,246,8854,2002,0.0,5808.0,-1.038337,-0.896425,UGA,ZAF,841899
4055366,231,246,8854,2002,2052548.0,86147.0,1.821594,0.231296,USA,ZAF,841899
4055367,243,246,8854,2002,0.0,33625.0,-1.233006,-1.22101,YEM,ZAF,841899
4055368,247,246,8854,2002,0.0,432940.0,-0.654686,-0.545346,ZMB,ZAF,841899
4055369,248,246,8854,2002,1489.0,420472.0,-0.309483,0.271457,ZWE,ZAF,841899
4055370,249,246,8854,2002,143552.0,12178.0,1.683858,1.333601,TWN,ZAF,841899
4055371,250,246,8854,2002,1713.0,12972.0,0.734927,-0.40114099999999997,ANS,ZAF,841899
4055372,7,249,8854,2002,0.0,112461.0,0.044683,-0.247191,ARE,TWN,841899
4055373,8,249,8854,2002,0.0,23139.0,0.284536,0.517425,ARG,TWN,841899
4055374,14,249,8854,2002,3959.0,197185.0,0.231386,0.771628,AUS,TWN,841899
4055375,15,249,8854,2002,23343.0,3019.0,1.8651200000000001,0.48423900000000003,AUT,TWN,841899
4055376,18,249,8854,2002,522675.0,45025.0,1.4097469999999999,1.440169,BEL,TWN,841899
4055377,23,249,8854,2002,0.0,30050.0,0.37451100000000004,1.573517,BGR,TWN,841899
4055378,24,249,8854,2002,0.0,8955.0,-0.146585,-1.006558,BHR,TWN,841899
4055379,32,249,8854,2002,0.0,57925.0,0.677883,1.0227190000000002,BRA,TWN,841899
4055380,39,249,8854,2002,0.0,113099.0,0.9963280000000001,1.1922110000000001,CAN,TWN,841899
4055381,41,249,8854,2002,3484.0,6063.0,2.218095,0.620946,CHE,TWN,841899
4055382,42,249,8854,2002,0.0,32022.0,-0.035264,-0.101796,CHL,TWN,841899
4055383,43,249,8854,2002,3402832.0,941293.0,0.576746,2.7995520000000003,CHN,TWN,841899
4055384,44,249,8854,2002,0.0,1660.0,-0.816327,-0.711765,CIV,TWN,841899
4055385,45,249,8854,2002,0.0,2704.0,-1.114477,-1.0516510000000001,CMR,TWN,841899
4055386,49,249,8854,2002,0.0,23910.0,0.345094,0.37787800000000005,COL,TWN,841899
4055387,52,249,8854,2002,0.0,8089.0,0.03619,-0.187718,CRI,TWN,841899
4055388,54,249,8854,2002,0.0,19355.0,-0.479213,-0.951203,CUB,TWN,841899
4055389,58,249,8854,2002,0.0,14215.0,0.381391,0.40265,CYP,TWN,841899
4055390,59,249,8854,2002,11542.0,6782.0,1.550713,1.037066,CZE,TWN,841899
4055391,61,249,8854,2002,210829.0,121630.0,2.297691,-2.183239,DEU,TWN,841899
4055392,63,249,8854,2002,0.0,9577.0,0.196298,-0.129221,DMA,TWN,841899
4055393,64,249,8854,2002,107663.0,22031.0,1.26594,1.225186,DNK,TWN,841899
4055394,65,249,8854,2002,0.0,123043.0,-0.46284899999999995,-0.39210100000000003,DOM,TWN,841899
4055395,67,249,8854,2002,0.0,1576.0,-0.976218,-0.926393,ECU,TWN,841899
4055396,68,249,8854,2002,0.0,57998.0,-0.377127,0.549439,EGY,TWN,841899
4055397,71,249,8854,2002,1575.0,267078.0,1.012246,2.049594,ESP,TWN,841899
4055398,77,249,8854,2002,931889.0,55456.0,1.569367,0.9886360000000001,FRA,TWN,841899
4055399,81,249,8854,2002,16132.0,474450.0,1.893177,0.831382,GBR,TWN,841899
4055400,83,249,8854,2002,0.0,10317.0,-1.333425,-1.0709879999999998,GHA,TWN,841899
4055401,90,249,8854,2002,6761.0,139134.0,0.31858000000000003,1.47417,GRC,TWN,841899
4055402,93,249,8854,2002,0.0,1613.0,-0.548834,-0.034464999999999996,GTM,TWN,841899
4055403,97,249,8854,2002,137190.0,2507121.0,0.5701109999999999,1.989357,HKG,TWN,841899
4055404,99,249,8854,2002,0.0,69399.0,-0.877043,-0.658185,HND,TWN,841899
4055405,102,249,8854,2002,0.0,2661.0,1.179684,1.0574860000000001,HUN,TWN,841899
4055406,103,249,8854,2002,0.0,549840.0,-0.10020499999999999,1.590314,IDN,TWN,841899
4055407,104,249,8854,2002,12522.0,52149.0,0.380867,2.608955,IND,TWN,841899
4055408,106,249,8854,2002,2655.0,48146.0,1.7232880000000002,0.091172,IRL,TWN,841899
4055409,107,249,8854,2002,0.0,108328.0,-0.5707840000000001,-0.705612,IRN,TWN,841899
4055410,110,249,8854,2002,3949.0,53981.0,1.334174,0.654331,ISR,TWN,841899
4055411,111,249,8854,2002,251069.0,1332828.0,1.377604,1.2470510000000001,ITA,TWN,841899
4055412,113,249,8854,2002,0.0,28010.0,0.24197600000000002,0.196635,JOR,TWN,841899
4055413,114,249,8854,2002,5721866.0,831412.0,2.556057,0.497673,JPN,TWN,841899
4055414,115,249,8854,2002,0.0,1306.0,-0.065332,-0.616159,KAZ,TWN,841899
4055415,116,249,8854,2002,0.0,10933.0,-0.555812,0.169204,KEN,TWN,841899
4055416,118,249,8854,2002,0.0,2779.0,-1.231783,-1.1518700000000002,KHM,TWN,841899
4055417,121,249,8854,2002,181329.0,264183.0,1.186816,1.075947,KOR,TWN,841899
4055418,122,249,8854,2002,0.0,431055.0,-0.6629550000000001,-1.157214,KWT,TWN,841899
4055419,124,249,8854,2002,0.0,27015.0,0.2729,1.254232,LBN,TWN,841899
4055420,126,249,8854,2002,0.0,4605.0,-0.568615,-1.172261,LBY,TWN,841899
4055421,128,249,8854,2002,0.0,6164.0,-0.740927,0.023171,LKA,TWN,841899
4055422,130,249,8854,2002,0.0,20406.0,0.23102399999999998,0.586078,LTU,TWN,841899
4055423,132,249,8854,2002,0.0,108195.0,0.45210200000000006,0.515388,LVA,TWN,841899
4055424,134,249,8854,2002,0.0,8283.0,-0.810467,-0.34807899999999997,MAR,TWN,841899
4055425,138,249,8854,2002,7513.0,167688.0,0.942061,0.6311260000000001,MEX,TWN,841899
4055426,139,249,8854,2002,0.0,1523.0,0.185091,-0.8390989999999999,MHL,TWN,841899
4055427,142,249,8854,2002,0.0,8146.0,1.12245,0.019001,MLT,TWN,841899
4055428,153,249,8854,2002,119752.0,493428.0,0.704957,0.243398,MYS,TWN,841899
4055429,156,249,8854,2002,0.0,2607.0,-0.292646,-0.823263,NCL,TWN,841899
4055430,159,249,8854,2002,0.0,23927.0,-1.8315700000000001,-1.25171,NGA,TWN,841899
4055431,160,249,8854,2002,0.0,11166.0,-0.677398,-0.564472,NIC,TWN,841899
4055432,162,249,8854,2002,140263.0,341684.0,1.206176,1.7136360000000002,NLD,TWN,841899
4055433,163,249,8854,2002,0.0,8963.0,1.110882,0.17164100000000002,NOR,TWN,841899
4055434,166,249,8854,2002,20025.0,21087.0,0.542585,0.854243,NZL,TWN,841899
4055435,167,249,8854,2002,0.0,967.0,-1.238769,-1.225841,OMN,TWN,841899
4055436,168,249,8854,2002,0.0,10466.0,-0.877655,-0.322094,PAK,TWN,841899
4055437,169,249,8854,2002,0.0,18244.0,0.134759,0.234258,PAN,TWN,841899
4055438,173,249,8854,2002,0.0,36927.0,-0.6126199999999999,0.085944,PER,TWN,841899
4055439,174,249,8854,2002,461528.0,578593.0,0.055439999999999996,-0.179809,PHL,TWN,841899
4055440,176,249,8854,2002,0.0,2348.0,-1.4572319999999999,-1.159399,PNG,TWN,841899
4055441,179,249,8854,2002,0.0,32867.0,0.484407,1.6500080000000001,PRT,TWN,841899
4055442,183,249,8854,2002,0.0,5354.0,-0.306052,-1.098296,QAT,TWN,841899
4055443,185,249,8854,2002,0.0,1188.0,0.29888200000000004,0.980376,ROU,TWN,841899
4055444,186,249,8854,2002,154684.0,0.0,1.109397,0.424229,RUS,TWN,841899
4055445,188,249,8854,2002,0.0,244080.0,0.082107,-0.843317,SAU,TWN,841899
4055446,189,249,8854,2002,0.0,1746.0,0.55781,2.135925,SCG,TWN,841899
4055447,192,249,8854,2002,178777.0,860108.0,1.481857,0.648889,SGP,TWN,841899
4055448,208,249,8854,2002,139244.0,29070.0,2.128614,0.7891199999999999,SWE,TWN,841899
4055449,212,249,8854,2002,0.0,17153.0,-1.067974,-0.513309,SYR,TWN,841899
4055450,216,249,8854,2002,2386553.0,247175.0,0.432041,1.627953,THA,TWN,841899
4055451,222,249,8854,2002,0.0,100322.0,0.074907,-0.8203879999999999,TTO,TWN,841899
4055452,224,249,8854,2002,0.0,96582.0,0.11263699999999999,1.83925,TUR,TWN,841899
4055453,226,249,8854,2002,0.0,1775.0,-1.189463,-0.48640600000000006,TZA,TWN,841899
4055454,230,249,8854,2002,0.0,6142.0,0.300502,0.16817000000000001,URY,TWN,841899
4055455,231,249,8854,2002,2547239.0,12635629.0,1.821594,0.231296,USA,TWN,841899
4055456,236,249,8854,2002,0.0,154871.0,0.211536,-0.715675,VEN,TWN,841899
4055457,239,249,8854,2002,3803.0,377151.0,-0.589665,0.799874,VNM,TWN,841899
4055458,243,249,8854,2002,0.0,13147.0,-1.233006,-1.22101,YEM,TWN,841899
4055459,246,249,8854,2002,12178.0,143552.0,0.395943,2.392458,ZAF,TWN,841899
4055460,248,249,8854,2002,0.0,3083.0,-0.309483,0.271457,ZWE,TWN,841899
4055461,250,249,8854,2002,7073.0,3036.0,0.734927,-0.40114099999999997,ANS,TWN,841899
4055462,9,7,8854,2002,0.0,2407.0,0.710274,-0.11309000000000001,ARM,ARE,841899
4055463,14,7,8854,2002,3955.0,0.0,0.231386,0.771628,AUS,ARE,841899
4055464,15,7,8854,2002,4599.0,0.0,1.8651200000000001,0.48423900000000003,AUT,ARE,841899
4055465,16,7,8854,2002,0.0,28059.0,-0.41282299999999994,-0.967931,AZE,ARE,841899
4055466,17,7,8854,2002,0.0,481.0,-0.333602,-0.648837,BDI,ARE,841899
4055467,18,7,8854,2002,93354.0,0.0,1.4097469999999999,1.440169,BEL,ARE,841899
4055468,22,7,8854,2002,0.0,1710.0,-1.134933,-1.061633,BGD,ARE,841899
4055469,24,7,8854,2002,0.0,33694.0,-0.146585,-1.006558,BHR,ARE,841899
4055470,32,7,8854,2002,1100.0,0.0,0.677883,1.0227190000000002,BRA,ARE,841899
4055471,43,7,8854,2002,855472.0,0.0,0.576746,2.7995520000000003,CHN,ARE,841899
4055472,44,7,8854,2002,0.0,20239.0,-0.816327,-0.711765,CIV,ARE,841899
4055473,45,7,8854,2002,0.0,1832.0,-1.114477,-1.0516510000000001,CMR,ARE,841899
4055474,58,7,8854,2002,0.0,2845.0,0.381391,0.40265,CYP,ARE,841899
4055475,59,7,8854,2002,8047.0,0.0,1.550713,1.037066,CZE,ARE,841899
4055476,61,7,8854,2002,858966.0,0.0,2.297691,-2.183239,DEU,ARE,841899
4055477,64,7,8854,2002,1027798.0,0.0,1.26594,1.225186,DNK,ARE,841899
4055478,66,7,8854,2002,0.0,72900.0,-0.912033,-1.1731850000000001,DZA,ARE,841899
4055479,71,7,8854,2002,200444.0,0.0,1.012246,2.049594,ESP,ARE,841899
4055480,73,7,8854,2002,0.0,3235.0,-1.096371,-0.9566709999999999,ETH,ARE,841899
4055481,74,7,8854,2002,29612.0,0.0,2.0234240000000003,0.979141,FIN,ARE,841899
4055482,77,7,8854,2002,573480.0,0.0,1.569367,0.9886360000000001,FRA,ARE,841899
4055483,81,7,8854,2002,619974.0,0.0,1.893177,0.831382,GBR,ARE,841899
4055484,82,7,8854,2002,0.0,5279.0,0.662382,-0.124825,GEO,ARE,841899
4055485,83,7,8854,2002,0.0,10603.0,-1.333425,-1.0709879999999998,GHA,ARE,841899
4055486,90,7,8854,2002,11020.0,0.0,0.31858000000000003,1.47417,GRC,ARE,841899
4055487,93,7,8854,2002,0.0,20410.0,-0.548834,-0.034464999999999996,GTM,ARE,841899
4055488,97,7,8854,2002,72554.0,0.0,0.5701109999999999,1.989357,HKG,ARE,841899
4055489,102,7,8854,2002,840.0,0.0,1.179684,1.0574860000000001,HUN,ARE,841899
4055490,104,7,8854,2002,89389.0,52217.0,0.380867,2.608955,IND,ARE,841899
4055491,106,7,8854,2002,14479.0,3084.0,1.7232880000000002,0.091172,IRL,ARE,841899
4055492,107,7,8854,2002,139922.0,1176869.0,-0.5707840000000001,-0.705612,IRN,ARE,841899
4055493,111,7,8854,2002,2654458.0,0.0,1.377604,1.2470510000000001,ITA,ARE,841899
4055494,114,7,8854,2002,238151.0,0.0,2.556057,0.497673,JPN,ARE,841899
4055495,115,7,8854,2002,0.0,13043.0,-0.065332,-0.616159,KAZ,ARE,841899
4055496,116,7,8854,2002,0.0,14151.0,-0.555812,0.169204,KEN,ARE,841899
4055497,117,7,8854,2002,0.0,5040.0,0.081807,0.16872,KGZ,ARE,841899
4055498,121,7,8854,2002,294912.0,0.0,1.186816,1.075947,KOR,ARE,841899
4055499,122,7,8854,2002,51250.0,26149.0,-0.6629550000000001,-1.157214,KWT,ARE,841899
4055500,124,7,8854,2002,20359.0,1862.0,0.2729,1.254232,LBN,ARE,841899
4055501,137,7,8854,2002,0.0,1058.0,-1.3007440000000001,-1.0420120000000002,MDV,ARE,841899
4055502,148,7,8854,2002,0.0,4904.0,-1.27671,-1.218472,MRT,ARE,841899
4055503,153,7,8854,2002,64291.0,4140.0,0.704957,0.243398,MYS,ARE,841899
4055504,162,7,8854,2002,1091919.0,49477.0,1.206176,1.7136360000000002,NLD,ARE,841899
4055505,166,7,8854,2002,17464.0,0.0,0.542585,0.854243,NZL,ARE,841899
4055506,167,7,8854,2002,395.0,83674.0,-1.238769,-1.225841,OMN,ARE,841899
4055507,183,7,8854,2002,0.0,245134.0,-0.306052,-1.098296,QAT,ARE,841899
4055508,188,7,8854,2002,0.0,262396.0,0.082107,-0.843317,SAU,ARE,841899
4055509,190,7,8854,2002,0.0,436880.0,-1.499925,-1.228374,SDN,ARE,841899
4055510,192,7,8854,2002,101183.0,0.0,1.481857,0.648889,SGP,ARE,841899
4055511,196,7,8854,2002,0.0,1461.0,0.397488,-0.027672000000000002,SLE,ARE,841899
4055512,208,7,8854,2002,232755.0,4139.0,2.128614,0.7891199999999999,SWE,ARE,841899
4055513,216,7,8854,2002,910741.0,0.0,0.432041,1.627953,THA,ARE,841899
4055514,222,7,8854,2002,79389.0,0.0,0.074907,-0.8203879999999999,TTO,ARE,841899
4055515,223,7,8854,2002,0.0,3377.0,-0.221951,0.325506,TUN,ARE,841899
4055516,224,7,8854,2002,82863.0,10671.0,0.11263699999999999,1.83925,TUR,ARE,841899
4055517,226,7,8854,2002,0.0,12917.0,-1.189463,-0.48640600000000006,TZA,ARE,841899
4055518,227,7,8854,2002,0.0,13205.0,-1.038337,-0.896425,UGA,ARE,841899
4055519,228,7,8854,2002,803273.0,0.0,0.835485,0.872135,UKR,ARE,841899
4055520,231,7,8854,2002,1502372.0,0.0,1.821594,0.231296,USA,ARE,841899
4055521,246,7,8854,2002,16731.0,2902.0,0.395943,2.392458,ZAF,ARE,841899
4055522,248,7,8854,2002,0.0,18209.0,-0.309483,0.271457,ZWE,ARE,841899
4055523,249,7,8854,2002,112461.0,0.0,1.683858,1.333601,TWN,ARE,841899
4055524,7,14,8854,2002,0.0,3955.0,0.044683,-0.247191,ARE,AUS,841899
4055525,10,14,8854,2002,0.0,1197.0,1.207516,0.092848,ASM,AUS,841899
4055526,15,14,8854,2002,3114.0,31174.0,1.8651200000000001,0.48423900000000003,AUT,AUS,841899
4055527,18,14,8854,2002,240153.0,2897.0,1.4097469999999999,1.440169,BEL,AUS,841899
4055528,24,14,8854,2002,0.0,486.0,-0.146585,-1.006558,BHR,AUS,841899
4055529,32,14,8854,2002,65179.0,24224.0,0.677883,1.0227190000000002,BRA,AUS,841899
4055530,39,14,8854,2002,117849.0,159636.0,0.9963280000000001,1.1922110000000001,CAN,AUS,841899
4055531,43,14,8854,2002,1191318.0,226432.0,0.576746,2.7995520000000003,CHN,AUS,841899
4055532,58,14,8854,2002,0.0,33207.0,0.381391,0.40265,CYP,AUS,841899
4055533,59,14,8854,2002,12608.0,64928.0,1.550713,1.037066,CZE,AUS,841899
4055534,61,14,8854,2002,766981.0,49390.0,2.297691,-2.183239,DEU,AUS,841899
4055535,64,14,8854,2002,679900.0,0.0,1.26594,1.225186,DNK,AUS,841899
4055536,68,14,8854,2002,0.0,121303.0,-0.377127,0.549439,EGY,AUS,841899
4055537,71,14,8854,2002,139981.0,74516.0,1.012246,2.049594,ESP,AUS,841899
4055538,74,14,8854,2002,7241.0,0.0,2.0234240000000003,0.979141,FIN,AUS,841899
4055539,75,14,8854,2002,0.0,126095.0,-0.588136,-0.242883,FJI,AUS,841899
4055540,77,14,8854,2002,477792.0,2735.0,1.569367,0.9886360000000001,FRA,AUS,841899
4055541,81,14,8854,2002,574639.0,27346.0,1.893177,0.831382,GBR,AUS,841899
4055542,90,14,8854,2002,0.0,1778.0,0.31858000000000003,1.47417,GRC,AUS,841899
4055543,95,14,8854,2002,0.0,34407.0,-0.516203,-0.803461,GUM,AUS,841899
4055544,97,14,8854,2002,105695.0,79512.0,0.5701109999999999,1.989357,HKG,AUS,841899
4055545,100,14,8854,2002,0.0,3229.0,0.591276,1.030723,HRV,AUS,841899
4055546,102,14,8854,2002,6006.0,31893.0,1.179684,1.0574860000000001,HUN,AUS,841899
4055547,103,14,8854,2002,108617.0,362060.0,-0.10020499999999999,1.590314,IDN,AUS,841899
4055548,104,14,8854,2002,7784.0,12000.0,0.380867,2.608955,IND,AUS,841899
4055549,106,14,8854,2002,25209.0,0.0,1.7232880000000002,0.091172,IRL,AUS,841899
4055550,110,14,8854,2002,0.0,622.0,1.334174,0.654331,ISR,AUS,841899
4055551,111,14,8854,2002,1448303.0,30001.0,1.377604,1.2470510000000001,ITA,AUS,841899
4055552,114,14,8854,2002,5261871.0,17065.0,2.556057,0.497673,JPN,AUS,841899
4055553,116,14,8854,2002,0.0,1936.0,-0.555812,0.169204,KEN,AUS,841899
4055554,118,14,8854,2002,0.0,3789.0,-1.231783,-1.1518700000000002,KHM,AUS,841899
4055555,121,14,8854,2002,923190.0,17898.0,1.186816,1.075947,KOR,AUS,841899
4055556,128,14,8854,2002,0.0,67389.0,-0.740927,0.023171,LKA,AUS,841899
4055557,130,14,8854,2002,1098.0,470.0,0.23102399999999998,0.586078,LTU,AUS,841899
4055558,137,14,8854,2002,0.0,73158.0,-1.3007440000000001,-1.0420120000000002,MDV,AUS,841899
4055559,138,14,8854,2002,97262.0,16255.0,0.942061,0.6311260000000001,MEX,AUS,841899
4055560,143,14,8854,2002,0.0,20499.0,-1.571568,-1.131512,MMR,AUS,841899
4055561,153,14,8854,2002,133031.0,25291.0,0.704957,0.243398,MYS,AUS,841899
4055562,155,14,8854,2002,0.0,4781.0,-0.314161,-0.521778,NAM,AUS,841899
4055563,156,14,8854,2002,0.0,9375.0,-0.292646,-0.823263,NCL,AUS,841899
4055564,162,14,8854,2002,856008.0,61967.0,1.206176,1.7136360000000002,NLD,AUS,841899
4055565,163,14,8854,2002,3072.0,0.0,1.110882,0.17164100000000002,NOR,AUS,841899
4055566,166,14,8854,2002,8355498.0,2920619.0,0.542585,0.854243,NZL,AUS,841899
4055567,167,14,8854,2002,0.0,24969.0,-1.238769,-1.225841,OMN,AUS,841899
4055568,174,14,8854,2002,30404.0,4662.0,0.055439999999999996,-0.179809,PHL,AUS,841899
4055569,176,14,8854,2002,0.0,971417.0,-1.4572319999999999,-1.159399,PNG,AUS,841899
4055570,178,14,8854,2002,629468.0,0.0,0.43756999999999996,0.744264,PRK,AUS,841899
4055571,179,14,8854,2002,4342.0,956.0,0.484407,1.6500080000000001,PRT,AUS,841899
4055572,182,14,8854,2002,0.0,9070.0,0.042936,-0.7421840000000001,PYF,AUS,841899
4055573,192,14,8854,2002,40971.0,424133.0,1.481857,0.648889,SGP,AUS,841899
4055574,195,14,8854,2002,0.0,14944.0,-0.5305449999999999,-0.8186720000000001,SLB,AUS,841899
4055575,207,14,8854,2002,21404.0,0.0,1.5643770000000001,1.043862,SVN,AUS,841899
4055576,208,14,8854,2002,238104.0,0.0,2.128614,0.7891199999999999,SWE,AUS,841899
4055577,211,14,8854,2002,0.0,1254.0,-0.977247,-0.927527,SYC,AUS,841899
4055578,216,14,8854,2002,608111.0,36638.0,0.432041,1.627953,THA,AUS,841899
4055579,222,14,8854,2002,0.0,2363.0,0.074907,-0.8203879999999999,TTO,AUS,841899
4055580,224,14,8854,2002,37802.0,1736.0,0.11263699999999999,1.83925,TUR,AUS,841899
4055581,226,14,8854,2002,0.0,7601.0,-1.189463,-0.48640600000000006,TZA,AUS,841899
4055582,231,14,8854,2002,10554919.0,100469.0,1.821594,0.231296,USA,AUS,841899
4055583,239,14,8854,2002,4533.0,5842.0,-0.589665,0.799874,VNM,AUS,841899
4055584,240,14,8854,2002,0.0,34978.0,-1.240258,-0.95039,VUT,AUS,841899
4055585,241,14,8854,2002,0.0,3171.0,0.5689420000000001,-0.737647,WLF,AUS,841899
4055586,242,14,8854,2002,0.0,2311.0,-0.053287,-0.5183399999999999,WSM,AUS,841899
4055587,246,14,8854,2002,159214.0,76851.0,0.395943,2.392458,ZAF,AUS,841899
4055588,249,14,8854,2002,197185.0,3959.0,1.683858,1.333601,TWN,AUS,841899
4055589,250,14,8854,2002,274241.0,0.0,0.734927,-0.40114099999999997,ANS,AUS,841899
4055590,7,16,8854,2002,28059.0,0.0,0.044683,-0.247191,ARE,AZE,841899
4055591,61,16,8854,2002,5305.0,0.0,2.297691,-2.183239,DEU,AZE,841899
4055592,74,16,8854,2002,6511.0,0.0,2.0234240000000003,0.979141,FIN,AZE,841899
4055593,77,16,8854,2002,17960.0,0.0,1.569367,0.9886360000000001,FRA,AZE,841899
4055594,81,16,8854,2002,1260.0,0.0,1.893177,0.831382,GBR,AZE,841899
4055595,107,16,8854,2002,2201.0,0.0,-0.5707840000000001,-0.705612,IRN,AZE,841899
4055596,111,16,8854,2002,9247.0,0.0,1.377604,1.2470510000000001,ITA,AZE,841899
4055597,115,16,8854,2002,0.0,6925.0,-0.065332,-0.616159,KAZ,AZE,841899
4055598,186,16,8854,2002,3546.0,0.0,1.109397,0.424229,RUS,AZE,841899
4055599,224,16,8854,2002,106384.0,0.0,0.11263699999999999,1.83925,TUR,AZE,841899
4055600,228,16,8854,2002,2940.0,0.0,0.835485,0.872135,UKR,AZE,841899
4055601,18,19,8854,2002,268887.0,0.0,1.4097469999999999,1.440169,BEL,BEN,841899
4055602,43,19,8854,2002,11306.0,0.0,0.576746,2.7995520000000003,CHN,BEN,841899
4055603,61,19,8854,2002,9234.0,0.0,2.297691,-2.183239,DEU,BEN,841899
4055604,71,19,8854,2002,6175.0,0.0,1.012246,2.049594,ESP,BEN,841899
4055605,77,19,8854,2002,81515.0,0.0,1.569367,0.9886360000000001,FRA,BEN,841899
4055606,111,19,8854,2002,17686.0,0.0,1.377604,1.2470510000000001,ITA,BEN,841899
4055607,124,19,8854,2002,983.0,0.0,0.2729,1.254232,LBN,BEN,841899
4055608,131,19,8854,2002,973.0,0.0,1.605378,1.152973,LUX,BEN,841899
4055609,162,19,8854,2002,3434.0,0.0,1.206176,1.7136360000000002,NLD,BEN,841899
4055610,215,19,8854,2002,6946.0,0.0,-0.6810039999999999,-0.6286930000000001,TGO,BEN,841899
4055611,224,19,8854,2002,752.0,0.0,0.11263699999999999,1.83925,TUR,BEN,841899
4055612,7,22,8854,2002,1710.0,0.0,0.044683,-0.247191,ARE,BGD,841899
4055613,18,22,8854,2002,51999.0,0.0,1.4097469999999999,1.440169,BEL,BGD,841899
4055614,39,22,8854,2002,3657.0,0.0,0.9963280000000001,1.1922110000000001,CAN,BGD,841899
4055615,43,22,8854,2002,321053.0,0.0,0.576746,2.7995520000000003,CHN,BGD,841899
4055616,61,22,8854,2002,14461.0,0.0,2.297691,-2.183239,DEU,BGD,841899
4055617,64,22,8854,2002,10102.0,0.0,1.26594,1.225186,DNK,BGD,841899
4055618,71,22,8854,2002,5408.0,0.0,1.012246,2.049594,ESP,BGD,841899
4055619,74,22,8854,2002,25598.0,0.0,2.0234240000000003,0.979141,FIN,BGD,841899
4055620,77,22,8854,2002,79130.0,0.0,1.569367,0.9886360000000001,FRA,BGD,841899
4055621,81,22,8854,2002,47233.0,0.0,1.893177,0.831382,GBR,BGD,841899
4055622,104,22,8854,2002,45440.0,0.0,0.380867,2.608955,IND,BGD,841899
4055623,106,22,8854,2002,4181.0,0.0,1.7232880000000002,0.091172,IRL,BGD,841899
4055624,111,22,8854,2002,14392.0,0.0,1.377604,1.2470510000000001,ITA,BGD,841899
4055625,114,22,8854,2002,24418.0,0.0,2.556057,0.497673,JPN,BGD,841899
4055626,121,22,8854,2002,3567.0,0.0,1.186816,1.075947,KOR,BGD,841899
4055627,153,22,8854,2002,14150.0,0.0,0.704957,0.243398,MYS,BGD,841899
4055628,162,22,8854,2002,354636.0,0.0,1.206176,1.7136360000000002,NLD,BGD,841899
4055629,166,22,8854,2002,16282.0,0.0,0.542585,0.854243,NZL,BGD,841899
4055630,167,22,8854,2002,1995.0,0.0,-1.238769,-1.225841,OMN,BGD,841899
4055631,192,22,8854,2002,526086.0,0.0,1.481857,0.648889,SGP,BGD,841899
4055632,216,22,8854,2002,26544.0,0.0,0.432041,1.627953,THA,BGD,841899
4055633,231,22,8854,2002,379933.0,0.0,1.821594,0.231296,USA,BGD,841899
4055634,15,23,8854,2002,714445.0,14868.0,1.8651200000000001,0.48423900000000003,AUT,BGR,841899
4055635,18,23,8854,2002,11894.0,0.0,1.4097469999999999,1.440169,BEL,BGR,841899
4055636,41,23,8854,2002,3033.0,895.0,2.218095,0.620946,CHE,BGR,841899
4055637,43,23,8854,2002,58798.0,0.0,0.576746,2.7995520000000003,CHN,BGR,841899
4055638,59,23,8854,2002,176971.0,0.0,1.550713,1.037066,CZE,BGR,841899
4055639,61,23,8854,2002,1738940.0,652321.0,2.297691,-2.183239,DEU,BGR,841899
4055640,64,23,8854,2002,123907.0,0.0,1.26594,1.225186,DNK,BGR,841899
4055641,68,23,8854,2002,0.0,48981.0,-0.377127,0.549439,EGY,BGR,841899
4055642,71,23,8854,2002,116757.0,0.0,1.012246,2.049594,ESP,BGR,841899
4055643,77,23,8854,2002,32131.0,0.0,1.569367,0.9886360000000001,FRA,BGR,841899
4055644,81,23,8854,2002,66846.0,28658.0,1.893177,0.831382,GBR,BGR,841899
4055645,90,23,8854,2002,147233.0,8415.0,0.31858000000000003,1.47417,GRC,BGR,841899
4055646,100,23,8854,2002,802.0,0.0,0.591276,1.030723,HRV,BGR,841899
4055647,102,23,8854,2002,107171.0,0.0,1.179684,1.0574860000000001,HUN,BGR,841899
4055648,106,23,8854,2002,6992.0,0.0,1.7232880000000002,0.091172,IRL,BGR,841899
4055649,110,23,8854,2002,11260.0,0.0,1.334174,0.654331,ISR,BGR,841899
4055650,111,23,8854,2002,1415984.0,3361.0,1.377604,1.2470510000000001,ITA,BGR,841899
4055651,113,23,8854,2002,14333.0,0.0,0.24197600000000002,0.196635,JOR,BGR,841899
4055652,114,23,8854,2002,729.0,0.0,2.556057,0.497673,JPN,BGR,841899
4055653,121,23,8854,2002,2297.0,0.0,1.186816,1.075947,KOR,BGR,841899
4055654,130,23,8854,2002,1417.0,0.0,0.23102399999999998,0.586078,LTU,BGR,841899
4055655,140,23,8854,2002,0.0,1231.0,-0.030274000000000002,0.359317,MKD,BGR,841899
4055656,162,23,8854,2002,298683.0,0.0,1.206176,1.7136360000000002,NLD,BGR,841899
4055657,185,23,8854,2002,15879.0,74931.0,0.29888200000000004,0.980376,ROU,BGR,841899
4055658,186,23,8854,2002,0.0,22750.0,1.109397,0.424229,RUS,BGR,841899
4055659,189,23,8854,2002,3559.0,1524.0,0.55781,2.135925,SCG,BGR,841899
4055660,206,23,8854,2002,9038.0,0.0,1.1907379999999999,1.050649,SVK,BGR,841899
4055661,207,23,8854,2002,37957.0,0.0,1.5643770000000001,1.043862,SVN,BGR,841899
4055662,208,23,8854,2002,1926.0,0.0,2.128614,0.7891199999999999,SWE,BGR,841899
4055663,219,23,8854,2002,10957.0,0.0,-1.035248,-1.191624,TKM,BGR,841899
4055664,224,23,8854,2002,995252.0,0.0,0.11263699999999999,1.83925,TUR,BGR,841899
4055665,228,23,8854,2002,0.0,2085.0,0.835485,0.872135,UKR,BGR,841899
4055666,231,23,8854,2002,87749.0,0.0,1.821594,0.231296,USA,BGR,841899
4055667,249,23,8854,2002,30050.0,0.0,1.683858,1.333601,TWN,BGR,841899
4055668,15,28,8854,2002,2751.0,1604.0,1.8651200000000001,0.48423900000000003,AUT,BLR,841899
4055669,18,28,8854,2002,13308.0,0.0,1.4097469999999999,1.440169,BEL,BLR,841899
4055670,59,28,8854,2002,122269.0,1440.0,1.550713,1.037066,CZE,BLR,841899
4055671,61,28,8854,2002,84358.0,823.0,2.297691,-2.183239,DEU,BLR,841899
4055672,64,28,8854,2002,3601.0,0.0,1.26594,1.225186,DNK,BLR,841899
4055673,71,28,8854,2002,4980.0,0.0,1.012246,2.049594,ESP,BLR,841899
4055674,72,28,8854,2002,0.0,6572.0,0.54511,0.9135979999999999,EST,BLR,841899
4055675,74,28,8854,2002,10762.0,0.0,2.0234240000000003,0.979141,FIN,BLR,841899
4055676,77,28,8854,2002,24250.0,3168.0,1.569367,0.9886360000000001,FRA,BLR,841899
4055677,102,28,8854,2002,2400.0,1962.0,1.179684,1.0574860000000001,HUN,BLR,841899
4055678,106,28,8854,2002,1140.0,0.0,1.7232880000000002,0.091172,IRL,BLR,841899
4055679,111,28,8854,2002,135077.0,0.0,1.377604,1.2470510000000001,ITA,BLR,841899
4055680,115,28,8854,2002,0.0,2996.0,-0.065332,-0.616159,KAZ,BLR,841899
4055681,130,28,8854,2002,686114.0,1294.0,0.23102399999999998,0.586078,LTU,BLR,841899
4055682,132,28,8854,2002,0.0,6829.0,0.45210200000000006,0.515388,LVA,BLR,841899
4055683,135,28,8854,2002,0.0,1461.0,-0.186001,-0.141598,MDA,BLR,841899
4055684,162,28,8854,2002,2455.0,1072.0,1.206176,1.7136360000000002,NLD,BLR,841899
4055685,177,28,8854,2002,397301.0,5798.0,0.931642,1.721727,POL,BLR,841899
4055686,186,28,8854,2002,717683.0,412452.0,1.109397,0.424229,RUS,BLR,841899
4055687,206,28,8854,2002,0.0,1050.0,1.1907379999999999,1.050649,SVK,BLR,841899
4055688,208,28,8854,2002,2603.0,0.0,2.128614,0.7891199999999999,SWE,BLR,841899
4055689,224,28,8854,2002,1971.0,0.0,0.11263699999999999,1.83925,TUR,BLR,841899
4055690,228,28,8854,2002,44146.0,19193.0,0.835485,0.872135,UKR,BLR,841899
4055691,7,59,8854,2002,0.0,8047.0,0.044683,-0.247191,ARE,CZE,841899
4055692,8,59,8854,2002,0.0,9976.0,0.284536,0.517425,ARG,CZE,841899
4055693,14,59,8854,2002,64928.0,12608.0,0.231386,0.771628,AUS,CZE,841899
4055694,15,59,8854,2002,2285758.0,1398830.0,1.8651200000000001,0.48423900000000003,AUT,CZE,841899
4055695,18,59,8854,2002,821704.0,8770163.0,1.4097469999999999,1.440169,BEL,CZE,841899
4055696,23,59,8854,2002,0.0,176971.0,0.37451100000000004,1.573517,BGR,CZE,841899
4055697,28,59,8854,2002,1440.0,122269.0,0.825865,1.0148979999999999,BLR,CZE,841899
4055698,32,59,8854,2002,744.0,40515.0,0.677883,1.0227190000000002,BRA,CZE,841899
4055699,39,59,8854,2002,0.0,1649.0,0.9963280000000001,1.1922110000000001,CAN,CZE,841899
4055700,41,59,8854,2002,6292.0,61372.0,2.218095,0.620946,CHE,CZE,841899
4055701,43,59,8854,2002,414228.0,1062640.0,0.576746,2.7995520000000003,CHN,CZE,841899
4055702,58,59,8854,2002,0.0,931.0,0.381391,0.40265,CYP,CZE,841899
4055703,61,59,8854,2002,6519934.0,56680312.0,2.297691,-2.183239,DEU,CZE,841899
4055704,64,59,8854,2002,173764.0,671860.0,1.26594,1.225186,DNK,CZE,841899
4055705,68,59,8854,2002,0.0,42614.0,-0.377127,0.549439,EGY,CZE,841899
4055706,71,59,8854,2002,672979.0,1373428.0,1.012246,2.049594,ESP,CZE,841899
4055707,72,59,8854,2002,0.0,13841.0,0.54511,0.9135979999999999,EST,CZE,841899
4055708,73,59,8854,2002,0.0,7900.0,-1.096371,-0.9566709999999999,ETH,CZE,841899
4055709,74,59,8854,2002,1708.0,14506.0,2.0234240000000003,0.979141,FIN,CZE,841899
4055710,77,59,8854,2002,3295172.0,5140796.0,1.569367,0.9886360000000001,FRA,CZE,841899
4055711,81,59,8854,2002,321119.0,4158604.0,1.893177,0.831382,GBR,CZE,841899
4055712,90,59,8854,2002,5047.0,47249.0,0.31858000000000003,1.47417,GRC,CZE,841899
4055713,97,59,8854,2002,1847.0,31057.0,0.5701109999999999,1.989357,HKG,CZE,841899
4055714,100,59,8854,2002,0.0,8208.0,0.591276,1.030723,HRV,CZE,841899
4055715,102,59,8854,2002,696095.0,307525.0,1.179684,1.0574860000000001,HUN,CZE,841899
4055716,104,59,8854,2002,0.0,3635.0,0.380867,2.608955,IND,CZE,841899
4055717,106,59,8854,2002,2373070.0,10541243.0,1.7232880000000002,0.091172,IRL,CZE,841899
4055718,110,59,8854,2002,6062.0,45231.0,1.334174,0.654331,ISR,CZE,841899
4055719,111,59,8854,2002,4192110.0,1296807.0,1.377604,1.2470510000000001,ITA,CZE,841899
4055720,114,59,8854,2002,40074.0,53350.0,2.556057,0.497673,JPN,CZE,841899
4055721,115,59,8854,2002,0.0,86141.0,-0.065332,-0.616159,KAZ,CZE,841899
4055722,121,59,8854,2002,3155.0,0.0,1.186816,1.075947,KOR,CZE,841899
4055723,122,59,8854,2002,0.0,1342.0,-0.6629550000000001,-1.157214,KWT,CZE,841899
4055724,130,59,8854,2002,4326.0,18486.0,0.23102399999999998,0.586078,LTU,CZE,841899
4055725,131,59,8854,2002,6683.0,3496.0,1.605378,1.152973,LUX,CZE,841899
4055726,132,59,8854,2002,0.0,2100.0,0.45210200000000006,0.515388,LVA,CZE,841899
4055727,135,59,8854,2002,0.0,1903.0,-0.186001,-0.141598,MDA,CZE,841899
4055728,142,59,8854,2002,0.0,724.0,1.12245,0.019001,MLT,CZE,841899
4055729,145,59,8854,2002,0.0,1102.0,-0.895827,-0.9913799999999999,MNG,CZE,841899
4055730,162,59,8854,2002,1496998.0,1996612.0,1.206176,1.7136360000000002,NLD,CZE,841899
4055731,163,59,8854,2002,2010.0,25921.0,1.110882,0.17164100000000002,NOR,CZE,841899
4055732,166,59,8854,2002,0.0,899.0,0.542585,0.854243,NZL,CZE,841899
4055733,174,59,8854,2002,0.0,3378.0,0.055439999999999996,-0.179809,PHL,CZE,841899
4055734,177,59,8854,2002,71766.0,738365.0,0.931642,1.721727,POL,CZE,841899
4055735,179,59,8854,2002,38496.0,5248.0,0.484407,1.6500080000000001,PRT,CZE,841899
4055736,185,59,8854,2002,4945.0,32069.0,0.29888200000000004,0.980376,ROU,CZE,841899
4055737,186,59,8854,2002,0.0,8067.0,1.109397,0.424229,RUS,CZE,841899
4055738,188,59,8854,2002,0.0,12617.0,0.082107,-0.843317,SAU,CZE,841899
4055739,189,59,8854,2002,0.0,7616.0,0.55781,2.135925,SCG,CZE,841899
4055740,198,59,8854,2002,7410.0,0.0,1.389807,0.275878,SMR,CZE,841899
4055741,206,59,8854,2002,221770.0,2905516.0,1.1907379999999999,1.050649,SVK,CZE,841899
4055742,207,59,8854,2002,50946.0,15115.0,1.5643770000000001,1.043862,SVN,CZE,841899
4055743,208,59,8854,2002,47429.0,75974.0,2.128614,0.7891199999999999,SWE,CZE,841899
4055744,216,59,8854,2002,1322.0,116300.0,0.432041,1.627953,THA,CZE,841899
4055745,224,59,8854,2002,2802.0,1087.0,0.11263699999999999,1.83925,TUR,CZE,841899
4055746,228,59,8854,2002,941967.0,14008.0,0.835485,0.872135,UKR,CZE,841899
4055747,231,59,8854,2002,1071299.0,1372247.0,1.821594,0.231296,USA,CZE,841899
4055748,239,59,8854,2002,0.0,12646.0,-0.589665,0.799874,VNM,CZE,841899
4055749,246,59,8854,2002,0.0,10348.0,0.395943,2.392458,ZAF,CZE,841899
4055750,249,59,8854,2002,6782.0,11542.0,1.683858,1.333601,TWN,CZE,841899
4055751,250,59,8854,2002,0.0,3027.0,0.734927,-0.40114099999999997,ANS,CZE,841899
4055752,7,66,8854,2002,72900.0,0.0,0.044683,-0.247191,ARE,DZA,841899
4055753,15,66,8854,2002,101190.0,0.0,1.8651200000000001,0.48423900000000003,AUT,DZA,841899
4055754,18,66,8854,2002,154745.0,0.0,1.4097469999999999,1.440169,BEL,DZA,841899
4055755,41,66,8854,2002,59126.0,0.0,2.218095,0.620946,CHE,DZA,841899
4055756,43,66,8854,2002,324478.0,0.0,0.576746,2.7995520000000003,CHN,DZA,841899
4055757,61,66,8854,2002,37561.0,0.0,2.297691,-2.183239,DEU,DZA,841899
4055758,64,66,8854,2002,66177.0,0.0,1.26594,1.225186,DNK,DZA,841899
4055759,71,66,8854,2002,2063992.0,0.0,1.012246,2.049594,ESP,DZA,841899
4055760,77,66,8854,2002,4174600.0,1875.0,1.569367,0.9886360000000001,FRA,DZA,841899
4055761,81,66,8854,2002,4951.0,0.0,1.893177,0.831382,GBR,DZA,841899
4055762,90,66,8854,2002,36548.0,0.0,0.31858000000000003,1.47417,GRC,DZA,841899
4055763,102,66,8854,2002,12315.0,0.0,1.179684,1.0574860000000001,HUN,DZA,841899
4055764,106,66,8854,2002,149445.0,0.0,1.7232880000000002,0.091172,IRL,DZA,841899
4055765,111,66,8854,2002,2655242.0,349.0,1.377604,1.2470510000000001,ITA,DZA,841899
4055766,113,66,8854,2002,10349.0,0.0,0.24197600000000002,0.196635,JOR,DZA,841899
4055767,114,66,8854,2002,3045.0,0.0,2.556057,0.497673,JPN,DZA,841899
4055768,121,66,8854,2002,168011.0,0.0,1.186816,1.075947,KOR,DZA,841899
4055769,124,66,8854,2002,88065.0,0.0,0.2729,1.254232,LBN,DZA,841899
4055770,162,66,8854,2002,40068.0,0.0,1.206176,1.7136360000000002,NLD,DZA,841899
4055771,179,66,8854,2002,246520.0,0.0,0.484407,1.6500080000000001,PRT,DZA,841899
4055772,185,66,8854,2002,11841.0,0.0,0.29888200000000004,0.980376,ROU,DZA,841899
4055773,189,66,8854,2002,9884.0,0.0,0.55781,2.135925,SCG,DZA,841899
4055774,208,66,8854,2002,9697.0,0.0,2.128614,0.7891199999999999,SWE,DZA,841899
4055775,223,66,8854,2002,291775.0,0.0,-0.221951,0.325506,TUN,DZA,841899
4055776,224,66,8854,2002,17422728.0,0.0,0.11263699999999999,1.83925,TUR,DZA,841899
4055777,231,66,8854,2002,6033.0,0.0,1.821594,0.231296,USA,DZA,841899
4055778,14,68,8854,2002,121303.0,0.0,0.231386,0.771628,AUS,EGY,841899
4055779,15,68,8854,2002,1539.0,0.0,1.8651200000000001,0.48423900000000003,AUT,EGY,841899
4055780,18,68,8854,2002,52646.0,0.0,1.4097469999999999,1.440169,BEL,EGY,841899
4055781,23,68,8854,2002,48981.0,0.0,0.37451100000000004,1.573517,BGR,EGY,841899
4055782,32,68,8854,2002,1676587.0,0.0,0.677883,1.0227190000000002,BRA,EGY,841899
4055783,39,68,8854,2002,219320.0,0.0,0.9963280000000001,1.1922110000000001,CAN,EGY,841899
4055784,43,68,8854,2002,169893.0,0.0,0.576746,2.7995520000000003,CHN,EGY,841899
4055785,45,68,8854,2002,0.0,1574.0,-1.114477,-1.0516510000000001,CMR,EGY,841899
4055786,59,68,8854,2002,42614.0,0.0,1.550713,1.037066,CZE,EGY,841899
4055787,61,68,8854,2002,308107.0,9913.0,2.297691,-2.183239,DEU,EGY,841899
4055788,64,68,8854,2002,37989.0,0.0,1.26594,1.225186,DNK,EGY,841899
4055789,71,68,8854,2002,1346319.0,0.0,1.012246,2.049594,ESP,EGY,841899
4055790,74,68,8854,2002,8472.0,0.0,2.0234240000000003,0.979141,FIN,EGY,841899
4055791,77,68,8854,2002,2171193.0,34342.0,1.569367,0.9886360000000001,FRA,EGY,841899
4055792,81,68,8854,2002,171581.0,6415.0,1.893177,0.831382,GBR,EGY,841899
4055793,90,68,8854,2002,57375.0,0.0,0.31858000000000003,1.47417,GRC,EGY,841899
4055794,97,68,8854,2002,21286.0,0.0,0.5701109999999999,1.989357,HKG,EGY,841899
4055795,103,68,8854,2002,308487.0,0.0,-0.10020499999999999,1.590314,IDN,EGY,841899
4055796,106,68,8854,2002,13837.0,0.0,1.7232880000000002,0.091172,IRL,EGY,841899
4055797,108,68,8854,2002,0.0,198689.0,-0.397477,-0.811214,IRQ,EGY,841899
4055798,111,68,8854,2002,12872391.0,1485.0,1.377604,1.2470510000000001,ITA,EGY,841899
4055799,113,68,8854,2002,0.0,44853.0,0.24197600000000002,0.196635,JOR,EGY,841899
4055800,114,68,8854,2002,131880.0,0.0,2.556057,0.497673,JPN,EGY,841899
4055801,115,68,8854,2002,0.0,17748.0,-0.065332,-0.616159,KAZ,EGY,841899
4055802,121,68,8854,2002,11254607.0,0.0,1.186816,1.075947,KOR,EGY,841899
4055803,124,68,8854,2002,21431.0,0.0,0.2729,1.254232,LBN,EGY,841899
4055804,126,68,8854,2002,0.0,578318.0,-0.568615,-1.172261,LBY,EGY,841899
4055805,134,68,8854,2002,0.0,50725.0,-0.810467,-0.34807899999999997,MAR,EGY,841899
4055806,138,68,8854,2002,8493.0,0.0,0.942061,0.6311260000000001,MEX,EGY,841899
4055807,143,68,8854,2002,112213.0,0.0,-1.571568,-1.131512,MMR,EGY,841899
4055808,153,68,8854,2002,69560.0,0.0,0.704957,0.243398,MYS,EGY,841899
4055809,162,68,8854,2002,1034200.0,7951.0,1.206176,1.7136360000000002,NLD,EGY,841899
4055810,163,68,8854,2002,0.0,2047.0,1.110882,0.17164100000000002,NOR,EGY,841899
4055811,177,68,8854,2002,33338.0,0.0,0.931642,1.721727,POL,EGY,841899
4055812,179,68,8854,2002,10496.0,0.0,0.484407,1.6500080000000001,PRT,EGY,841899
4055813,190,68,8854,2002,0.0,34807.0,-1.499925,-1.228374,SDN,EGY,841899
4055814,192,68,8854,2002,5489.0,0.0,1.481857,0.648889,SGP,EGY,841899
4055815,206,68,8854,2002,115869.0,0.0,1.1907379999999999,1.050649,SVK,EGY,841899
4055816,207,68,8854,2002,2026126.0,0.0,1.5643770000000001,1.043862,SVN,EGY,841899
4055817,208,68,8854,2002,59974.0,1333.0,2.128614,0.7891199999999999,SWE,EGY,841899
4055818,212,68,8854,2002,0.0,200963.0,-1.067974,-0.513309,SYR,EGY,841899
4055819,216,68,8854,2002,414683.0,0.0,0.432041,1.627953,THA,EGY,841899
4055820,223,68,8854,2002,0.0,42880.0,-0.221951,0.325506,TUN,EGY,841899
4055821,224,68,8854,2002,36665.0,195683.0,0.11263699999999999,1.83925,TUR,EGY,841899
4055822,228,68,8854,2002,0.0,892.0,0.835485,0.872135,UKR,EGY,841899
4055823,231,68,8854,2002,1021011.0,0.0,1.821594,0.231296,USA,EGY,841899
4055824,240,68,8854,2002,411947.0,0.0,-1.240258,-0.95039,VUT,EGY,841899
4055825,243,68,8854,2002,0.0,74537.0,-1.233006,-1.22101,YEM,EGY,841899
4055826,246,68,8854,2002,0.0,1166.0,0.395943,2.392458,ZAF,EGY,841899
4055827,249,68,8854,2002,57998.0,0.0,1.683858,1.333601,TWN,EGY,841899
4055828,250,68,8854,2002,361766.0,0.0,0.734927,-0.40114099999999997,ANS,EGY,841899
4055829,2,74,8854,2002,0.0,2181.0,-2.018135,-1.222751,AGO,FIN,841899
4055830,7,74,8854,2002,0.0,29612.0,0.044683,-0.247191,ARE,FIN,841899
4055831,9,74,8854,2002,0.0,4663.0,0.710274,-0.11309000000000001,ARM,FIN,841899
4055832,14,74,8854,2002,0.0,7241.0,0.231386,0.771628,AUS,FIN,841899
4055833,15,74,8854,2002,6363.0,2838.0,1.8651200000000001,0.48423900000000003,AUT,FIN,841899
4055834,16,74,8854,2002,0.0,6511.0,-0.41282299999999994,-0.967931,AZE,FIN,841899
4055835,18,74,8854,2002,202383.0,623914.0,1.4097469999999999,1.440169,BEL,FIN,841899
4055836,22,74,8854,2002,0.0,25598.0,-1.134933,-1.061633,BGD,FIN,841899
4055837,25,74,8854,2002,0.0,91213.0,0.641626,-0.37892800000000004,BHS,FIN,841899
4055838,28,74,8854,2002,0.0,10762.0,0.825865,1.0148979999999999,BLR,FIN,841899
4055839,31,74,8854,2002,0.0,11856.0,-0.885342,-0.819517,BOL,FIN,841899
4055840,32,74,8854,2002,0.0,1367196.0,0.677883,1.0227190000000002,BRA,FIN,841899
4055841,39,74,8854,2002,0.0,5954.0,0.9963280000000001,1.1922110000000001,CAN,FIN,841899
4055842,41,74,8854,2002,9794.0,20287.0,2.218095,0.620946,CHE,FIN,841899
4055843,43,74,8854,2002,6708.0,20263.0,0.576746,2.7995520000000003,CHN,FIN,841899
4055844,59,74,8854,2002,14506.0,1708.0,1.550713,1.037066,CZE,FIN,841899
4055845,61,74,8854,2002,1296495.0,326773.0,2.297691,-2.183239,DEU,FIN,841899
4055846,64,74,8854,2002,498718.0,372333.0,1.26594,1.225186,DNK,FIN,841899
4055847,65,74,8854,2002,0.0,15330.0,-0.46284899999999995,-0.39210100000000003,DOM,FIN,841899
4055848,67,74,8854,2002,0.0,1013.0,-0.976218,-0.926393,ECU,FIN,841899
4055849,68,74,8854,2002,0.0,8472.0,-0.377127,0.549439,EGY,FIN,841899
4055850,71,74,8854,2002,448720.0,24573.0,1.012246,2.049594,ESP,FIN,841899
4055851,72,74,8854,2002,9379.0,892981.0,0.54511,0.9135979999999999,EST,FIN,841899
4055852,77,74,8854,2002,1079302.0,91712.0,1.569367,0.9886360000000001,FRA,FIN,841899
4055853,78,74,8854,2002,0.0,4549.0,-0.410455,-0.821335,FRO,FIN,841899
4055854,81,74,8854,2002,533328.0,1699073.0,1.893177,0.831382,GBR,FIN,841899
4055855,90,74,8854,2002,0.0,344724.0,0.31858000000000003,1.47417,GRC,FIN,841899
4055856,97,74,8854,2002,0.0,63238.0,0.5701109999999999,1.989357,HKG,FIN,841899
4055857,102,74,8854,2002,196728.0,457874.0,1.179684,1.0574860000000001,HUN,FIN,841899
4055858,103,74,8854,2002,0.0,135011.0,-0.10020499999999999,1.590314,IDN,FIN,841899
4055859,106,74,8854,2002,97562.0,131735.0,1.7232880000000002,0.091172,IRL,FIN,841899
4055860,109,74,8854,2002,0.0,17474.0,0.23601999999999998,-0.34781,ISL,FIN,841899
4055861,110,74,8854,2002,68502.0,0.0,1.334174,0.654331,ISR,FIN,841899
4055862,111,74,8854,2002,2056697.0,58315.0,1.377604,1.2470510000000001,ITA,FIN,841899
4055863,114,74,8854,2002,3018.0,5904.0,2.556057,0.497673,JPN,FIN,841899
4055864,115,74,8854,2002,0.0,8217.0,-0.065332,-0.616159,KAZ,FIN,841899
4055865,121,74,8854,2002,1730.0,18649.0,1.186816,1.075947,KOR,FIN,841899
4055866,122,74,8854,2002,0.0,9676.0,-0.6629550000000001,-1.157214,KWT,FIN,841899
4055867,130,74,8854,2002,1565.0,79190.0,0.23102399999999998,0.586078,LTU,FIN,841899
4055868,131,74,8854,2002,830.0,10677.0,1.605378,1.152973,LUX,FIN,841899
4055869,132,74,8854,2002,0.0,160028.0,0.45210200000000006,0.515388,LVA,FIN,841899
4055870,138,74,8854,2002,801.0,1253.0,0.942061,0.6311260000000001,MEX,FIN,841899
4055871,142,74,8854,2002,0.0,13224.0,1.12245,0.019001,MLT,FIN,841899
4055872,148,74,8854,2002,0.0,4281.0,-1.27671,-1.218472,MRT,FIN,841899
4055873,160,74,8854,2002,0.0,4182.0,-0.677398,-0.564472,NIC,FIN,841899
4055874,162,74,8854,2002,697660.0,36811.0,1.206176,1.7136360000000002,NLD,FIN,841899
4055875,163,74,8854,2002,90063.0,2984860.0,1.110882,0.17164100000000002,NOR,FIN,841899
4055876,164,74,8854,2002,0.0,19142.0,-0.216428,0.44377700000000003,NPL,FIN,841899
4055877,174,74,8854,2002,0.0,150239.0,0.055439999999999996,-0.179809,PHL,FIN,841899
4055878,177,74,8854,2002,23770.0,267286.0,0.931642,1.721727,POL,FIN,841899
4055879,179,74,8854,2002,1680.0,1808.0,0.484407,1.6500080000000001,PRT,FIN,841899
4055880,185,74,8854,2002,3183.0,0.0,0.29888200000000004,0.980376,ROU,FIN,841899
4055881,186,74,8854,2002,0.0,5539668.0,1.109397,0.424229,RUS,FIN,841899
4055882,188,74,8854,2002,0.0,1387.0,0.082107,-0.843317,SAU,FIN,841899
4055883,192,74,8854,2002,0.0,73360.0,1.481857,0.648889,SGP,FIN,841899
4055884,206,74,8854,2002,0.0,12797.0,1.1907379999999999,1.050649,SVK,FIN,841899
4055885,207,74,8854,2002,3949.0,0.0,1.5643770000000001,1.043862,SVN,FIN,841899
4055886,208,74,8854,2002,2690792.0,2662812.0,2.128614,0.7891199999999999,SWE,FIN,841899
4055887,216,74,8854,2002,0.0,8403.0,0.432041,1.627953,THA,FIN,841899
4055888,224,74,8854,2002,4498.0,64972.0,0.11263699999999999,1.83925,TUR,FIN,841899
4055889,226,74,8854,2002,0.0,8527.0,-1.189463,-0.48640600000000006,TZA,FIN,841899
4055890,228,74,8854,2002,0.0,4332.0,0.835485,0.872135,UKR,FIN,841899
4055891,231,74,8854,2002,358618.0,156942.0,1.821594,0.231296,USA,FIN,841899
4055892,236,74,8854,2002,0.0,111317.0,0.211536,-0.715675,VEN,FIN,841899
4055893,243,74,8854,2002,0.0,4823.0,-1.233006,-1.22101,YEM,FIN,841899
4055894,246,74,8854,2002,0.0,1577.0,0.395943,2.392458,ZAF,FIN,841899
4055895,7,82,8854,2002,5279.0,0.0,0.044683,-0.247191,ARE,GEO,841899
4055896,61,82,8854,2002,3658.0,0.0,2.297691,-2.183239,DEU,GEO,841899
4055897,77,82,8854,2002,23045.0,0.0,1.569367,0.9886360000000001,FRA,GEO,841899
4055898,107,82,8854,2002,0.0,8382.0,-0.5707840000000001,-0.705612,IRN,GEO,841899
4055899,111,82,8854,2002,128348.0,0.0,1.377604,1.2470510000000001,ITA,GEO,841899
4055900,224,82,8854,2002,50882.0,0.0,0.11263699999999999,1.83925,TUR,GEO,841899
4055901,7,102,8854,2002,0.0,840.0,0.044683,-0.247191,ARE,HUN,841899
4055902,14,102,8854,2002,31893.0,6006.0,0.231386,0.771628,AUS,HUN,841899
4055903,15,102,8854,2002,297223.0,133812.0,1.8651200000000001,0.48423900000000003,AUT,HUN,841899
4055904,18,102,8854,2002,340922.0,13892.0,1.4097469999999999,1.440169,BEL,HUN,841899
4055905,23,102,8854,2002,0.0,107171.0,0.37451100000000004,1.573517,BGR,HUN,841899
4055906,26,102,8854,2002,0.0,10000.0,0.26339,0.30287,BIH,HUN,841899
4055907,28,102,8854,2002,1962.0,2400.0,0.825865,1.0148979999999999,BLR,HUN,841899
4055908,32,102,8854,2002,2812.0,3151.0,0.677883,1.0227190000000002,BRA,HUN,841899
4055909,39,102,8854,2002,1201.0,4241.0,0.9963280000000001,1.1922110000000001,CAN,HUN,841899
4055910,41,102,8854,2002,10405.0,27751.0,2.218095,0.620946,CHE,HUN,841899
4055911,42,102,8854,2002,0.0,12712.0,-0.035264,-0.101796,CHL,HUN,841899
4055912,43,102,8854,2002,3440.0,2757.0,0.576746,2.7995520000000003,CHN,HUN,841899
4055913,58,102,8854,2002,0.0,1102.0,0.381391,0.40265,CYP,HUN,841899
4055914,59,102,8854,2002,307525.0,696095.0,1.550713,1.037066,CZE,HUN,841899
4055915,61,102,8854,2002,12141750.0,3236937.0,2.297691,-2.183239,DEU,HUN,841899
4055916,64,102,8854,2002,378614.0,178554.0,1.26594,1.225186,DNK,HUN,841899
4055917,66,102,8854,2002,0.0,12315.0,-0.912033,-1.1731850000000001,DZA,HUN,841899
4055918,71,102,8854,2002,244636.0,94349.0,1.012246,2.049594,ESP,HUN,841899
4055919,72,102,8854,2002,58738.0,15288.0,0.54511,0.9135979999999999,EST,HUN,841899
4055920,74,102,8854,2002,457874.0,196728.0,2.0234240000000003,0.979141,FIN,HUN,841899
4055921,77,102,8854,2002,6973340.0,109631.0,1.569367,0.9886360000000001,FRA,HUN,841899
4055922,81,102,8854,2002,315428.0,74307.0,1.893177,0.831382,GBR,HUN,841899
4055923,90,102,8854,2002,3164.0,34397.0,0.31858000000000003,1.47417,GRC,HUN,841899
4055924,97,102,8854,2002,4518.0,0.0,0.5701109999999999,1.989357,HKG,HUN,841899
4055925,100,102,8854,2002,9841.0,21704.0,0.591276,1.030723,HRV,HUN,841899
4055926,104,102,8854,2002,0.0,3719.0,0.380867,2.608955,IND,HUN,841899
4055927,106,102,8854,2002,341900.0,25472.0,1.7232880000000002,0.091172,IRL,HUN,841899
4055928,110,102,8854,2002,0.0,2567.0,1.334174,0.654331,ISR,HUN,841899
4055929,111,102,8854,2002,4802522.0,4440207.0,1.377604,1.2470510000000001,ITA,HUN,841899
4055930,114,102,8854,2002,576736.0,6723.0,2.556057,0.497673,JPN,HUN,841899
4055931,115,102,8854,2002,0.0,1146.0,-0.065332,-0.616159,KAZ,HUN,841899
4055932,121,102,8854,2002,7236.0,4144.0,1.186816,1.075947,KOR,HUN,841899
4055933,124,102,8854,2002,0.0,2351.0,0.2729,1.254232,LBN,HUN,841899
4055934,126,102,8854,2002,0.0,35000.0,-0.568615,-1.172261,LBY,HUN,841899
4055935,130,102,8854,2002,0.0,24954.0,0.23102399999999998,0.586078,LTU,HUN,841899
4055936,131,102,8854,2002,12218.0,308771.0,1.605378,1.152973,LUX,HUN,841899
4055937,138,102,8854,2002,0.0,4727.0,0.942061,0.6311260000000001,MEX,HUN,841899
4055938,153,102,8854,2002,4805.0,0.0,0.704957,0.243398,MYS,HUN,841899
4055939,162,102,8854,2002,321783.0,82621.0,1.206176,1.7136360000000002,NLD,HUN,841899
4055940,163,102,8854,2002,86979.0,46366.0,1.110882,0.17164100000000002,NOR,HUN,841899
4055941,166,102,8854,2002,0.0,647.0,0.542585,0.854243,NZL,HUN,841899
4055942,174,102,8854,2002,0.0,721.0,0.055439999999999996,-0.179809,PHL,HUN,841899
4055943,177,102,8854,2002,16059.0,161823.0,0.931642,1.721727,POL,HUN,841899
4055944,179,102,8854,2002,791.0,0.0,0.484407,1.6500080000000001,PRT,HUN,841899
4055945,185,102,8854,2002,44790.0,831863.0,0.29888200000000004,0.980376,ROU,HUN,841899
4055946,186,102,8854,2002,0.0,64436.0,1.109397,0.424229,RUS,HUN,841899
4055947,188,102,8854,2002,0.0,3237.0,0.082107,-0.843317,SAU,HUN,841899
4055948,189,102,8854,2002,5177.0,24708.0,0.55781,2.135925,SCG,HUN,841899
4055949,192,102,8854,2002,0.0,3924.0,1.481857,0.648889,SGP,HUN,841899
4055950,206,102,8854,2002,411506.0,137521.0,1.1907379999999999,1.050649,SVK,HUN,841899
4055951,207,102,8854,2002,77169.0,198079.0,1.5643770000000001,1.043862,SVN,HUN,841899
4055952,208,102,8854,2002,2624273.0,2088173.0,2.128614,0.7891199999999999,SWE,HUN,841899
4055953,223,102,8854,2002,0.0,2543.0,-0.221951,0.325506,TUN,HUN,841899
4055954,224,102,8854,2002,81583.0,582729.0,0.11263699999999999,1.83925,TUR,HUN,841899
4055955,228,102,8854,2002,0.0,45684.0,0.835485,0.872135,UKR,HUN,841899
4055956,231,102,8854,2002,126400.0,2880.0,1.821594,0.231296,USA,HUN,841899
4055957,246,102,8854,2002,0.0,3108.0,0.395943,2.392458,ZAF,HUN,841899
4055958,249,102,8854,2002,2661.0,0.0,1.683858,1.333601,TWN,HUN,841899
4055959,7,104,8854,2002,52217.0,89389.0,0.044683,-0.247191,ARE,IND,841899
4055960,14,104,8854,2002,12000.0,7784.0,0.231386,0.771628,AUS,IND,841899
4055961,15,104,8854,2002,2072.0,0.0,1.8651200000000001,0.48423900000000003,AUT,IND,841899
4055962,18,104,8854,2002,472585.0,20238.0,1.4097469999999999,1.440169,BEL,IND,841899
4055963,22,104,8854,2002,0.0,45440.0,-1.134933,-1.061633,BGD,IND,841899
4055964,24,104,8854,2002,0.0,1308.0,-0.146585,-1.006558,BHR,IND,841899
4055965,32,104,8854,2002,3769.0,8571.0,0.677883,1.0227190000000002,BRA,IND,841899
4055966,39,104,8854,2002,0.0,2711.0,0.9963280000000001,1.1922110000000001,CAN,IND,841899
4055967,41,104,8854,2002,20723.0,2453.0,2.218095,0.620946,CHE,IND,841899
4055968,43,104,8854,2002,348428.0,11638.0,0.576746,2.7995520000000003,CHN,IND,841899
4055969,59,104,8854,2002,3635.0,0.0,1.550713,1.037066,CZE,IND,841899
4055970,61,104,8854,2002,286340.0,88463.0,2.297691,-2.183239,DEU,IND,841899
4055971,62,104,8854,2002,0.0,1305.0,0.416677,-0.052552,DJI,IND,841899
4055972,64,104,8854,2002,227154.0,8924.0,1.26594,1.225186,DNK,IND,841899
4055973,71,104,8854,2002,613444.0,39376.0,1.012246,2.049594,ESP,IND,841899
4055974,73,104,8854,2002,0.0,5280.0,-1.096371,-0.9566709999999999,ETH,IND,841899
4055975,77,104,8854,2002,236146.0,1213.0,1.569367,0.9886360000000001,FRA,IND,841899
4055976,81,104,8854,2002,293576.0,76257.0,1.893177,0.831382,GBR,IND,841899
4055977,83,104,8854,2002,0.0,1629.0,-1.333425,-1.0709879999999998,GHA,IND,841899
4055978,85,104,8854,2002,0.0,993.0,-1.85329,-1.243105,GIN,IND,841899
4055979,90,104,8854,2002,7298.0,42175.0,0.31858000000000003,1.47417,GRC,IND,841899
4055980,97,104,8854,2002,1841.0,0.0,0.5701109999999999,1.989357,HKG,IND,841899
4055981,102,104,8854,2002,3719.0,0.0,1.179684,1.0574860000000001,HUN,IND,841899
4055982,103,104,8854,2002,38896.0,26589.0,-0.10020499999999999,1.590314,IDN,IND,841899
4055983,106,104,8854,2002,2526.0,0.0,1.7232880000000002,0.091172,IRL,IND,841899
4055984,107,104,8854,2002,0.0,28421.0,-0.5707840000000001,-0.705612,IRN,IND,841899
4055985,110,104,8854,2002,97835.0,2341.0,1.334174,0.654331,ISR,IND,841899
4055986,111,104,8854,2002,522762.0,133965.0,1.377604,1.2470510000000001,ITA,IND,841899
4055987,112,104,8854,2002,0.0,852.0,-0.604813,-0.9309860000000001,JAM,IND,841899
4055988,113,104,8854,2002,0.0,150401.0,0.24197600000000002,0.196635,JOR,IND,841899
4055989,114,104,8854,2002,1896693.0,0.0,2.556057,0.497673,JPN,IND,841899
4055990,116,104,8854,2002,0.0,3959.0,-0.555812,0.169204,KEN,IND,841899
4055991,121,104,8854,2002,2262326.0,8072.0,1.186816,1.075947,KOR,IND,841899
4055992,122,104,8854,2002,0.0,26086.0,-0.6629550000000001,-1.157214,KWT,IND,841899
4055993,126,104,8854,2002,0.0,105062.0,-0.568615,-1.172261,LBY,IND,841899
4055994,128,104,8854,2002,0.0,53935.0,-0.740927,0.023171,LKA,IND,841899
4055995,131,104,8854,2002,1884.0,0.0,1.605378,1.152973,LUX,IND,841899
4055996,137,104,8854,2002,0.0,5883.0,-1.3007440000000001,-1.0420120000000002,MDV,IND,841899
4055997,138,104,8854,2002,1574.0,44291.0,0.942061,0.6311260000000001,MEX,IND,841899
4055998,141,104,8854,2002,0.0,4445.0,-0.8948520000000001,-0.863375,MLI,IND,841899
4055999,143,104,8854,2002,0.0,229617.0,-1.571568,-1.131512,MMR,IND,841899
4056000,153,104,8854,2002,109240.0,2478.0,0.704957,0.243398,MYS,IND,841899
4056001,159,104,8854,2002,3552.0,12904.0,-1.8315700000000001,-1.25171,NGA,IND,841899
4056002,162,104,8854,2002,365582.0,80091.0,1.206176,1.7136360000000002,NLD,IND,841899
4056003,163,104,8854,2002,4430.0,7838.0,1.110882,0.17164100000000002,NOR,IND,841899
4056004,164,104,8854,2002,0.0,14145.0,-0.216428,0.44377700000000003,NPL,IND,841899
4056005,166,104,8854,2002,144192.0,1011.0,0.542585,0.854243,NZL,IND,841899
4056006,167,104,8854,2002,3132.0,20551.0,-1.238769,-1.225841,OMN,IND,841899
4056007,174,104,8854,2002,0.0,80173.0,0.055439999999999996,-0.179809,PHL,IND,841899
4056008,177,104,8854,2002,99083.0,0.0,0.931642,1.721727,POL,IND,841899
4056009,183,104,8854,2002,0.0,815.0,-0.306052,-1.098296,QAT,IND,841899
4056010,186,104,8854,2002,1420.0,0.0,1.109397,0.424229,RUS,IND,841899
4056011,188,104,8854,2002,0.0,14648.0,0.082107,-0.843317,SAU,IND,841899
4056012,190,104,8854,2002,0.0,2252.0,-1.499925,-1.228374,SDN,IND,841899
4056013,192,104,8854,2002,438986.0,151453.0,1.481857,0.648889,SGP,IND,841899
4056014,208,104,8854,2002,109949.0,1033.0,2.128614,0.7891199999999999,SWE,IND,841899
4056015,212,104,8854,2002,0.0,34808.0,-1.067974,-0.513309,SYR,IND,841899
4056016,216,104,8854,2002,783464.0,73063.0,0.432041,1.627953,THA,IND,841899
4056017,224,104,8854,2002,43048.0,0.0,0.11263699999999999,1.83925,TUR,IND,841899
4056018,226,104,8854,2002,0.0,10464.0,-1.189463,-0.48640600000000006,TZA,IND,841899
4056019,227,104,8854,2002,0.0,6959.0,-1.038337,-0.896425,UGA,IND,841899
4056020,231,104,8854,2002,1169786.0,809402.0,1.821594,0.231296,USA,IND,841899
4056021,239,104,8854,2002,0.0,8837.0,-0.589665,0.799874,VNM,IND,841899
4056022,243,104,8854,2002,0.0,27280.0,-1.233006,-1.22101,YEM,IND,841899
4056023,246,104,8854,2002,533.0,10882.0,0.395943,2.392458,ZAF,IND,841899
4056024,249,104,8854,2002,52149.0,12522.0,1.683858,1.333601,TWN,IND,841899
4056025,250,104,8854,2002,35086.0,0.0,0.734927,-0.40114099999999997,ANS,IND,841899
4056026,15,113,8854,2002,24757.0,0.0,1.8651200000000001,0.48423900000000003,AUT,JOR,841899
4056027,18,113,8854,2002,6263.0,0.0,1.4097469999999999,1.440169,BEL,JOR,841899
4056028,23,113,8854,2002,0.0,14333.0,0.37451100000000004,1.573517,BGR,JOR,841899
4056029,41,113,8854,2002,9516.0,0.0,2.218095,0.620946,CHE,JOR,841899
4056030,43,113,8854,2002,1189189.0,0.0,0.576746,2.7995520000000003,CHN,JOR,841899
4056031,61,113,8854,2002,230080.0,0.0,2.297691,-2.183239,DEU,JOR,841899
4056032,64,113,8854,2002,68257.0,0.0,1.26594,1.225186,DNK,JOR,841899
4056033,66,113,8854,2002,0.0,10349.0,-0.912033,-1.1731850000000001,DZA,JOR,841899
4056034,68,113,8854,2002,44853.0,0.0,-0.377127,0.549439,EGY,JOR,841899
4056035,71,113,8854,2002,250904.0,0.0,1.012246,2.049594,ESP,JOR,841899
4056036,77,113,8854,2002,6007.0,0.0,1.569367,0.9886360000000001,FRA,JOR,841899
4056037,81,113,8854,2002,124481.0,19482.0,1.893177,0.831382,GBR,JOR,841899
4056038,90,113,8854,2002,4975.0,0.0,0.31858000000000003,1.47417,GRC,JOR,841899
4056039,103,113,8854,2002,0.0,10469.0,-0.10020499999999999,1.590314,IDN,JOR,841899
4056040,104,113,8854,2002,150401.0,0.0,0.380867,2.608955,IND,JOR,841899
4056041,106,113,8854,2002,114852.0,0.0,1.7232880000000002,0.091172,IRL,JOR,841899
4056042,108,113,8854,2002,0.0,21421.0,-0.397477,-0.811214,IRQ,JOR,841899
4056043,111,113,8854,2002,302026.0,908.0,1.377604,1.2470510000000001,ITA,JOR,841899
4056044,114,113,8854,2002,8805.0,0.0,2.556057,0.497673,JPN,JOR,841899
4056045,121,113,8854,2002,4221046.0,0.0,1.186816,1.075947,KOR,JOR,841899
4056046,124,113,8854,2002,1643.0,0.0,0.2729,1.254232,LBN,JOR,841899
4056047,131,113,8854,2002,5973.0,0.0,1.605378,1.152973,LUX,JOR,841899
4056048,153,113,8854,2002,5745.0,0.0,0.704957,0.243398,MYS,JOR,841899
4056049,162,113,8854,2002,242084.0,8181.0,1.206176,1.7136360000000002,NLD,JOR,841899
4056050,183,113,8854,2002,0.0,16812.0,-0.306052,-1.098296,QAT,JOR,841899
4056051,188,113,8854,2002,0.0,10360.0,0.082107,-0.843317,SAU,JOR,841899
4056052,190,113,8854,2002,0.0,7375.0,-1.499925,-1.228374,SDN,JOR,841899
4056053,192,113,8854,2002,26582.0,0.0,1.481857,0.648889,SGP,JOR,841899
4056054,212,113,8854,2002,1589.0,0.0,-1.067974,-0.513309,SYR,JOR,841899
4056055,216,113,8854,2002,37694.0,0.0,0.432041,1.627953,THA,JOR,841899
4056056,224,113,8854,2002,525212.0,0.0,0.11263699999999999,1.83925,TUR,JOR,841899
4056057,228,113,8854,2002,26175.0,0.0,0.835485,0.872135,UKR,JOR,841899
4056058,231,113,8854,2002,231459.0,0.0,1.821594,0.231296,USA,JOR,841899
4056059,249,113,8854,2002,28010.0,0.0,1.683858,1.333601,TWN,JOR,841899
4056060,250,113,8854,2002,0.0,89898.0,0.734927,-0.40114099999999997,ANS,JOR,841899
4056061,7,115,8854,2002,13043.0,0.0,0.044683,-0.247191,ARE,KAZ,841899
4056062,15,115,8854,2002,7545.0,0.0,1.8651200000000001,0.48423900000000003,AUT,KAZ,841899
4056063,16,115,8854,2002,6925.0,0.0,-0.41282299999999994,-0.967931,AZE,KAZ,841899
4056064,18,115,8854,2002,14562.0,0.0,1.4097469999999999,1.440169,BEL,KAZ,841899
4056065,28,115,8854,2002,2996.0,0.0,0.825865,1.0148979999999999,BLR,KAZ,841899
4056066,41,115,8854,2002,6715.0,0.0,2.218095,0.620946,CHE,KAZ,841899
4056067,43,115,8854,2002,1485.0,0.0,0.576746,2.7995520000000003,CHN,KAZ,841899
4056068,59,115,8854,2002,86141.0,0.0,1.550713,1.037066,CZE,KAZ,841899
4056069,61,115,8854,2002,367737.0,0.0,2.297691,-2.183239,DEU,KAZ,841899
4056070,64,115,8854,2002,137148.0,0.0,1.26594,1.225186,DNK,KAZ,841899
4056071,68,115,8854,2002,17748.0,0.0,-0.377127,0.549439,EGY,KAZ,841899
4056072,71,115,8854,2002,4388.0,0.0,1.012246,2.049594,ESP,KAZ,841899
4056073,74,115,8854,2002,8217.0,0.0,2.0234240000000003,0.979141,FIN,KAZ,841899
4056074,77,115,8854,2002,114884.0,0.0,1.569367,0.9886360000000001,FRA,KAZ,841899
4056075,81,115,8854,2002,141598.0,0.0,1.893177,0.831382,GBR,KAZ,841899
4056076,102,115,8854,2002,1146.0,0.0,1.179684,1.0574860000000001,HUN,KAZ,841899
4056077,106,115,8854,2002,3366.0,0.0,1.7232880000000002,0.091172,IRL,KAZ,841899
4056078,107,115,8854,2002,6086.0,0.0,-0.5707840000000001,-0.705612,IRN,KAZ,841899
4056079,111,115,8854,2002,128037.0,0.0,1.377604,1.2470510000000001,ITA,KAZ,841899
4056080,114,115,8854,2002,911.0,0.0,2.556057,0.497673,JPN,KAZ,841899
4056081,121,115,8854,2002,12714.0,0.0,1.186816,1.075947,KOR,KAZ,841899
4056082,130,115,8854,2002,39745.0,0.0,0.23102399999999998,0.586078,LTU,KAZ,841899
4056083,162,115,8854,2002,3154.0,0.0,1.206176,1.7136360000000002,NLD,KAZ,841899
4056084,177,115,8854,2002,5237.0,0.0,0.931642,1.721727,POL,KAZ,841899
4056085,186,115,8854,2002,62116.0,1181.0,1.109397,0.424229,RUS,KAZ,841899
4056086,208,115,8854,2002,808.0,0.0,2.128614,0.7891199999999999,SWE,KAZ,841899
4056087,224,115,8854,2002,57620.0,0.0,0.11263699999999999,1.83925,TUR,KAZ,841899
4056088,228,115,8854,2002,3556.0,0.0,0.835485,0.872135,UKR,KAZ,841899
4056089,231,115,8854,2002,8389.0,0.0,1.821594,0.231296,USA,KAZ,841899
4056090,232,115,8854,2002,0.0,1801.0,-0.379765,-0.5965159999999999,UZB,KAZ,841899
4056091,249,115,8854,2002,1306.0,0.0,1.683858,1.333601,TWN,KAZ,841899
4056092,7,116,8854,2002,14151.0,0.0,0.044683,-0.247191,ARE,KEN,841899
4056093,14,116,8854,2002,1936.0,0.0,0.231386,0.771628,AUS,KEN,841899
4056094,43,116,8854,2002,2954.0,0.0,0.576746,2.7995520000000003,CHN,KEN,841899
4056095,61,116,8854,2002,51725.0,0.0,2.297691,-2.183239,DEU,KEN,841899
4056096,64,116,8854,2002,6966.0,0.0,1.26594,1.225186,DNK,KEN,841899
4056097,77,116,8854,2002,48610.0,0.0,1.569367,0.9886360000000001,FRA,KEN,841899
4056098,81,116,8854,2002,52680.0,0.0,1.893177,0.831382,GBR,KEN,841899
4056099,90,116,8854,2002,39930.0,0.0,0.31858000000000003,1.47417,GRC,KEN,841899
4056100,104,116,8854,2002,3959.0,0.0,0.380867,2.608955,IND,KEN,841899
4056101,111,116,8854,2002,19307.0,0.0,1.377604,1.2470510000000001,ITA,KEN,841899
4056102,114,116,8854,2002,4847.0,0.0,2.556057,0.497673,JPN,KEN,841899
4056103,121,116,8854,2002,3741.0,0.0,1.186816,1.075947,KOR,KEN,841899
4056104,131,116,8854,2002,983.0,0.0,1.605378,1.152973,LUX,KEN,841899
4056105,162,116,8854,2002,113707.0,0.0,1.206176,1.7136360000000002,NLD,KEN,841899
4056106,163,116,8854,2002,813.0,0.0,1.110882,0.17164100000000002,NOR,KEN,841899
4056107,208,116,8854,2002,970.0,0.0,2.128614,0.7891199999999999,SWE,KEN,841899
4056108,216,116,8854,2002,6682.0,0.0,0.432041,1.627953,THA,KEN,841899
4056109,224,116,8854,2002,1646.0,0.0,0.11263699999999999,1.83925,TUR,KEN,841899
4056110,226,116,8854,2002,0.0,50808.0,-1.189463,-0.48640600000000006,TZA,KEN,841899
4056111,227,116,8854,2002,0.0,11999.0,-1.038337,-0.896425,UGA,KEN,841899
4056112,231,116,8854,2002,55940.0,0.0,1.821594,0.231296,USA,KEN,841899
4056113,246,116,8854,2002,200704.0,0.0,0.395943,2.392458,ZAF,KEN,841899
4056114,249,116,8854,2002,10933.0,0.0,1.683858,1.333601,TWN,KEN,841899
4056115,250,116,8854,2002,1535.0,0.0,0.734927,-0.40114099999999997,ANS,KEN,841899
4056116,7,117,8854,2002,5040.0,0.0,0.044683,-0.247191,ARE,KGZ,841899
4056117,64,117,8854,2002,1339.0,0.0,1.26594,1.225186,DNK,KGZ,841899
4056118,186,117,8854,2002,1298.0,0.0,1.109397,0.424229,RUS,KGZ,841899
4056119,224,117,8854,2002,42698.0,0.0,0.11263699999999999,1.83925,TUR,KGZ,841899
4056120,7,122,8854,2002,26149.0,51250.0,0.044683,-0.247191,ARE,KWT,841899
4056121,8,122,8854,2002,3498.0,0.0,0.284536,0.517425,ARG,KWT,841899
4056122,15,122,8854,2002,5609.0,0.0,1.8651200000000001,0.48423900000000003,AUT,KWT,841899
4056123,18,122,8854,2002,230237.0,0.0,1.4097469999999999,1.440169,BEL,KWT,841899
4056124,24,122,8854,2002,0.0,3198.0,-0.146585,-1.006558,BHR,KWT,841899
4056125,39,122,8854,2002,2221.0,0.0,0.9963280000000001,1.1922110000000001,CAN,KWT,841899
4056126,41,122,8854,2002,5517.0,0.0,2.218095,0.620946,CHE,KWT,841899
4056127,43,122,8854,2002,8892.0,0.0,0.576746,2.7995520000000003,CHN,KWT,841899
4056128,59,122,8854,2002,1342.0,0.0,1.550713,1.037066,CZE,KWT,841899
4056129,61,122,8854,2002,262353.0,0.0,2.297691,-2.183239,DEU,KWT,841899
4056130,64,122,8854,2002,53866.0,0.0,1.26594,1.225186,DNK,KWT,841899
4056131,71,122,8854,2002,38703.0,0.0,1.012246,2.049594,ESP,KWT,841899
4056132,74,122,8854,2002,9676.0,0.0,2.0234240000000003,0.979141,FIN,KWT,841899
4056133,77,122,8854,2002,101952.0,0.0,1.569367,0.9886360000000001,FRA,KWT,841899
4056134,81,122,8854,2002,8783.0,0.0,1.893177,0.831382,GBR,KWT,841899
4056135,90,122,8854,2002,7429.0,0.0,0.31858000000000003,1.47417,GRC,KWT,841899
4056136,103,122,8854,2002,901.0,0.0,-0.10020499999999999,1.590314,IDN,KWT,841899
4056137,104,122,8854,2002,26086.0,0.0,0.380867,2.608955,IND,KWT,841899
4056138,106,122,8854,2002,7989.0,0.0,1.7232880000000002,0.091172,IRL,KWT,841899
4056139,107,122,8854,2002,0.0,2924.0,-0.5707840000000001,-0.705612,IRN,KWT,841899
4056140,111,122,8854,2002,667750.0,0.0,1.377604,1.2470510000000001,ITA,KWT,841899
4056141,114,122,8854,2002,54084.0,0.0,2.556057,0.497673,JPN,KWT,841899
4056142,121,122,8854,2002,9749.0,0.0,1.186816,1.075947,KOR,KWT,841899
4056143,124,122,8854,2002,38075.0,0.0,0.2729,1.254232,LBN,KWT,841899
4056144,138,122,8854,2002,2636.0,0.0,0.942061,0.6311260000000001,MEX,KWT,841899
4056145,153,122,8854,2002,7639.0,0.0,0.704957,0.243398,MYS,KWT,841899
4056146,162,122,8854,2002,69100.0,7502.0,1.206176,1.7136360000000002,NLD,KWT,841899
4056147,163,122,8854,2002,886.0,0.0,1.110882,0.17164100000000002,NOR,KWT,841899
4056148,168,122,8854,2002,2672.0,0.0,-0.877655,-0.322094,PAK,KWT,841899
4056149,177,122,8854,2002,504.0,0.0,0.931642,1.721727,POL,KWT,841899
4056150,179,122,8854,2002,3408.0,0.0,0.484407,1.6500080000000001,PRT,KWT,841899
4056151,186,122,8854,2002,15035.0,0.0,1.109397,0.424229,RUS,KWT,841899
4056152,188,122,8854,2002,5021.0,0.0,0.082107,-0.843317,SAU,KWT,841899
4056153,192,122,8854,2002,12356.0,0.0,1.481857,0.648889,SGP,KWT,841899
4056154,207,122,8854,2002,1017.0,0.0,1.5643770000000001,1.043862,SVN,KWT,841899
4056155,208,122,8854,2002,85098.0,0.0,2.128614,0.7891199999999999,SWE,KWT,841899
4056156,216,122,8854,2002,10730.0,0.0,0.432041,1.627953,THA,KWT,841899
4056157,224,122,8854,2002,10503.0,0.0,0.11263699999999999,1.83925,TUR,KWT,841899
4056158,231,122,8854,2002,429132.0,0.0,1.821594,0.231296,USA,KWT,841899
4056159,246,122,8854,2002,8341.0,0.0,0.395943,2.392458,ZAF,KWT,841899
4056160,249,122,8854,2002,431055.0,0.0,1.683858,1.333601,TWN,KWT,841899
4056161,2,124,8854,2002,0.0,20399.0,-2.018135,-1.222751,AGO,LBN,841899
4056162,7,124,8854,2002,1862.0,20359.0,0.044683,-0.247191,ARE,LBN,841899
4056163,15,124,8854,2002,4300.0,0.0,1.8651200000000001,0.48423900000000003,AUT,LBN,841899
4056164,18,124,8854,2002,70357.0,0.0,1.4097469999999999,1.440169,BEL,LBN,841899
4056165,19,124,8854,2002,0.0,983.0,-0.724829,-0.705625,BEN,LBN,841899
4056166,38,124,8854,2002,0.0,9031.0,-0.45315200000000005,-0.764876,CAF,LBN,841899
4056167,39,124,8854,2002,4843.0,0.0,0.9963280000000001,1.1922110000000001,CAN,LBN,841899
4056168,43,124,8854,2002,376169.0,0.0,0.576746,2.7995520000000003,CHN,LBN,841899
4056169,45,124,8854,2002,0.0,101202.0,-1.114477,-1.0516510000000001,CMR,LBN,841899
4056170,47,124,8854,2002,0.0,3527.0,-1.62227,-1.202067,COG,LBN,841899
4056171,58,124,8854,2002,0.0,8304.0,0.381391,0.40265,CYP,LBN,841899
4056172,61,124,8854,2002,389821.0,11565.0,2.297691,-2.183239,DEU,LBN,841899
4056173,64,124,8854,2002,28663.0,0.0,1.26594,1.225186,DNK,LBN,841899
4056174,66,124,8854,2002,0.0,88065.0,-0.912033,-1.1731850000000001,DZA,LBN,841899
4056175,68,124,8854,2002,0.0,21431.0,-0.377127,0.549439,EGY,LBN,841899
4056176,71,124,8854,2002,48956.0,0.0,1.012246,2.049594,ESP,LBN,841899
4056177,77,124,8854,2002,425776.0,0.0,1.569367,0.9886360000000001,FRA,LBN,841899
4056178,81,124,8854,2002,14548.0,0.0,1.893177,0.831382,GBR,LBN,841899
4056179,85,124,8854,2002,0.0,12882.0,-1.85329,-1.243105,GIN,LBN,841899
4056180,90,124,8854,2002,27987.0,0.0,0.31858000000000003,1.47417,GRC,LBN,841899
4056181,102,124,8854,2002,2351.0,0.0,1.179684,1.0574860000000001,HUN,LBN,841899
4056182,106,124,8854,2002,5917.0,0.0,1.7232880000000002,0.091172,IRL,LBN,841899
4056183,108,124,8854,2002,0.0,483446.0,-0.397477,-0.811214,IRQ,LBN,841899
4056184,111,124,8854,2002,1208672.0,0.0,1.377604,1.2470510000000001,ITA,LBN,841899
4056185,113,124,8854,2002,0.0,1643.0,0.24197600000000002,0.196635,JOR,LBN,841899
4056186,114,124,8854,2002,8096.0,0.0,2.556057,0.497673,JPN,LBN,841899
4056187,121,124,8854,2002,286776.0,0.0,1.186816,1.075947,KOR,LBN,841899
4056188,122,124,8854,2002,0.0,38075.0,-0.6629550000000001,-1.157214,KWT,LBN,841899
4056189,153,124,8854,2002,21018.0,0.0,0.704957,0.243398,MYS,LBN,841899
4056190,162,124,8854,2002,541297.0,0.0,1.206176,1.7136360000000002,NLD,LBN,841899
4056191,166,124,8854,2002,2270.0,0.0,0.542585,0.854243,NZL,LBN,841899
4056192,167,124,8854,2002,0.0,6500.0,-1.238769,-1.225841,OMN,LBN,841899
4056193,168,124,8854,2002,1073.0,0.0,-0.877655,-0.322094,PAK,LBN,841899
4056194,178,124,8854,2002,5224.0,0.0,0.43756999999999996,0.744264,PRK,LBN,841899
4056195,188,124,8854,2002,2761.0,153820.0,0.082107,-0.843317,SAU,LBN,841899
4056196,191,124,8854,2002,0.0,918.0,-0.43679700000000005,-0.484176,SEN,LBN,841899
4056197,192,124,8854,2002,3748.0,1005.0,1.481857,0.648889,SGP,LBN,841899
4056198,196,124,8854,2002,0.0,17988.0,0.397488,-0.027672000000000002,SLE,LBN,841899
4056199,208,124,8854,2002,871.0,0.0,2.128614,0.7891199999999999,SWE,LBN,841899
4056200,212,124,8854,2002,68816.0,334427.0,-1.067974,-0.513309,SYR,LBN,841899
4056201,216,124,8854,2002,82235.0,0.0,0.432041,1.627953,THA,LBN,841899
4056202,224,124,8854,2002,28478.0,13730.0,0.11263699999999999,1.83925,TUR,LBN,841899
4056203,226,124,8854,2002,0.0,9176.0,-1.189463,-0.48640600000000006,TZA,LBN,841899
4056204,231,124,8854,2002,134493.0,0.0,1.821594,0.231296,USA,LBN,841899
4056205,249,124,8854,2002,27015.0,0.0,1.683858,1.333601,TWN,LBN,841899
4056206,250,124,8854,2002,0.0,1721.0,0.734927,-0.40114099999999997,ANS,LBN,841899
4056207,14,130,8854,2002,470.0,1098.0,0.231386,0.771628,AUS,LTU,841899
4056208,15,130,8854,2002,11190.0,1590.0,1.8651200000000001,0.48423900000000003,AUT,LTU,841899
4056209,18,130,8854,2002,256684.0,2834.0,1.4097469999999999,1.440169,BEL,LTU,841899
4056210,23,130,8854,2002,0.0,1417.0,0.37451100000000004,1.573517,BGR,LTU,841899
4056211,28,130,8854,2002,1294.0,686114.0,0.825865,1.0148979999999999,BLR,LTU,841899
4056212,39,130,8854,2002,0.0,1059.0,0.9963280000000001,1.1922110000000001,CAN,LTU,841899
4056213,59,130,8854,2002,18486.0,4326.0,1.550713,1.037066,CZE,LTU,841899
4056214,61,130,8854,2002,1989674.0,31315.0,2.297691,-2.183239,DEU,LTU,841899
4056215,64,130,8854,2002,209363.0,1111.0,1.26594,1.225186,DNK,LTU,841899
4056216,71,130,8854,2002,251325.0,0.0,1.012246,2.049594,ESP,LTU,841899
4056217,72,130,8854,2002,16172.0,14583.0,0.54511,0.9135979999999999,EST,LTU,841899
4056218,74,130,8854,2002,79190.0,1565.0,2.0234240000000003,0.979141,FIN,LTU,841899
4056219,77,130,8854,2002,1227504.0,9269.0,1.569367,0.9886360000000001,FRA,LTU,841899
4056220,81,130,8854,2002,1914006.0,3956.0,1.893177,0.831382,GBR,LTU,841899
4056221,100,130,8854,2002,0.0,21875.0,0.591276,1.030723,HRV,LTU,841899
4056222,102,130,8854,2002,24954.0,0.0,1.179684,1.0574860000000001,HUN,LTU,841899
4056223,106,130,8854,2002,1097.0,1120.0,1.7232880000000002,0.091172,IRL,LTU,841899
4056224,111,130,8854,2002,3085690.0,939.0,1.377604,1.2470510000000001,ITA,LTU,841899
4056225,114,130,8854,2002,3909.0,0.0,2.556057,0.497673,JPN,LTU,841899
4056226,115,130,8854,2002,0.0,39745.0,-0.065332,-0.616159,KAZ,LTU,841899
4056227,121,130,8854,2002,7220.0,0.0,1.186816,1.075947,KOR,LTU,841899
4056228,131,130,8854,2002,13859.0,0.0,1.605378,1.152973,LUX,LTU,841899
4056229,132,130,8854,2002,11536.0,435176.0,0.45210200000000006,0.515388,LVA,LTU,841899
4056230,138,130,8854,2002,768.0,0.0,0.942061,0.6311260000000001,MEX,LTU,841899
4056231,148,130,8854,2002,0.0,1235.0,-1.27671,-1.218472,MRT,LTU,841899
4056232,162,130,8854,2002,221037.0,5753.0,1.206176,1.7136360000000002,NLD,LTU,841899
4056233,163,130,8854,2002,35688.0,4247.0,1.110882,0.17164100000000002,NOR,LTU,841899
4056234,169,130,8854,2002,0.0,2663.0,0.134759,0.234258,PAN,LTU,841899
4056235,177,130,8854,2002,1518965.0,4295.0,0.931642,1.721727,POL,LTU,841899
4056236,179,130,8854,2002,0.0,1091.0,0.484407,1.6500080000000001,PRT,LTU,841899
4056237,186,130,8854,2002,7915.0,220340.0,1.109397,0.424229,RUS,LTU,841899
4056238,206,130,8854,2002,4339.0,962.0,1.1907379999999999,1.050649,SVK,LTU,841899
4056239,207,130,8854,2002,7576.0,0.0,1.5643770000000001,1.043862,SVN,LTU,841899
4056240,208,130,8854,2002,18366.0,208638.0,2.128614,0.7891199999999999,SWE,LTU,841899
4056241,224,130,8854,2002,7321.0,0.0,0.11263699999999999,1.83925,TUR,LTU,841899
4056242,228,130,8854,2002,0.0,7194.0,0.835485,0.872135,UKR,LTU,841899
4056243,231,130,8854,2002,271794.0,109045.0,1.821594,0.231296,USA,LTU,841899
4056244,232,130,8854,2002,0.0,2529.0,-0.379765,-0.5965159999999999,UZB,LTU,841899
4056245,249,130,8854,2002,20406.0,0.0,1.683858,1.333601,TWN,LTU,841899
4056246,1,131,8854,2002,0.0,29164.0,-0.262812,-0.503955,AFG,LUX,841899
4056247,2,131,8854,2002,0.0,23381.0,-2.018135,-1.222751,AGO,LUX,841899
4056248,15,131,8854,2002,64212.0,6648.0,1.8651200000000001,0.48423900000000003,AUT,LUX,841899
4056249,18,131,8854,2002,710661.0,118425.0,1.4097469999999999,1.440169,BEL,LUX,841899
4056250,19,131,8854,2002,0.0,973.0,-0.724829,-0.705625,BEN,LUX,841899
4056251,32,131,8854,2002,0.0,1863.0,0.677883,1.0227190000000002,BRA,LUX,841899
4056252,41,131,8854,2002,7389.0,9794.0,2.218095,0.620946,CHE,LUX,841899
4056253,43,131,8854,2002,0.0,4312.0,0.576746,2.7995520000000003,CHN,LUX,841899
4056254,44,131,8854,2002,0.0,15490.0,-0.816327,-0.711765,CIV,LUX,841899
4056255,47,131,8854,2002,0.0,7932.0,-1.62227,-1.202067,COG,LUX,841899
4056256,54,131,8854,2002,0.0,258352.0,-0.479213,-0.951203,CUB,LUX,841899
4056257,59,131,8854,2002,3496.0,6683.0,1.550713,1.037066,CZE,LUX,841899
4056258,61,131,8854,2002,905866.0,110554.0,2.297691,-2.183239,DEU,LUX,841899
4056259,64,131,8854,2002,9644.0,14558.0,1.26594,1.225186,DNK,LUX,841899
4056260,67,131,8854,2002,0.0,15150.0,-0.976218,-0.926393,ECU,LUX,841899
4056261,71,131,8854,2002,14951.0,49732.0,1.012246,2.049594,ESP,LUX,841899
4056262,74,131,8854,2002,10677.0,830.0,2.0234240000000003,0.979141,FIN,LUX,841899
4056263,77,131,8854,2002,365451.0,122198.0,1.569367,0.9886360000000001,FRA,LUX,841899
4056264,81,131,8854,2002,43337.0,9224.0,1.893177,0.831382,GBR,LUX,841899
4056265,83,131,8854,2002,0.0,460.0,-1.333425,-1.0709879999999998,GHA,LUX,841899
4056266,90,131,8854,2002,0.0,1025.0,0.31858000000000003,1.47417,GRC,LUX,841899
4056267,102,131,8854,2002,308771.0,12218.0,1.179684,1.0574860000000001,HUN,LUX,841899
4056268,103,131,8854,2002,0.0,904.0,-0.10020499999999999,1.590314,IDN,LUX,841899
4056269,104,131,8854,2002,0.0,1884.0,0.380867,2.608955,IND,LUX,841899
4056270,106,131,8854,2002,4036.0,0.0,1.7232880000000002,0.091172,IRL,LUX,841899
4056271,111,131,8854,2002,1034746.0,1220.0,1.377604,1.2470510000000001,ITA,LUX,841899
4056272,113,131,8854,2002,0.0,5973.0,0.24197600000000002,0.196635,JOR,LUX,841899
4056273,116,131,8854,2002,0.0,983.0,-0.555812,0.169204,KEN,LUX,841899
4056274,130,131,8854,2002,0.0,13859.0,0.23102399999999998,0.586078,LTU,LUX,841899
4056275,132,131,8854,2002,0.0,2040.0,0.45210200000000006,0.515388,LVA,LUX,841899
4056276,141,131,8854,2002,0.0,12852.0,-0.8948520000000001,-0.863375,MLI,LUX,841899
4056277,153,131,8854,2002,0.0,6560.0,0.704957,0.243398,MYS,LUX,841899
4056278,159,131,8854,2002,0.0,29891.0,-1.8315700000000001,-1.25171,NGA,LUX,841899
4056279,162,131,8854,2002,82681.0,5859.0,1.206176,1.7136360000000002,NLD,LUX,841899
4056280,163,131,8854,2002,0.0,4422.0,1.110882,0.17164100000000002,NOR,LUX,841899
4056281,168,131,8854,2002,0.0,5833.0,-0.877655,-0.322094,PAK,LUX,841899
4056282,169,131,8854,2002,0.0,3288.0,0.134759,0.234258,PAN,LUX,841899
4056283,179,131,8854,2002,0.0,1020.0,0.484407,1.6500080000000001,PRT,LUX,841899
4056284,183,131,8854,2002,0.0,806.0,-0.306052,-1.098296,QAT,LUX,841899
4056285,186,131,8854,2002,0.0,33668.0,1.109397,0.424229,RUS,LUX,841899
4056286,187,131,8854,2002,0.0,3782.0,-0.553848,-0.757714,RWA,LUX,841899
4056287,191,131,8854,2002,0.0,57642.0,-0.43679700000000005,-0.484176,SEN,LUX,841899
4056288,192,131,8854,2002,0.0,3476.0,1.481857,0.648889,SGP,LUX,841899
4056289,197,131,8854,2002,0.0,1364.0,-0.280138,-0.099225,SLV,LUX,841899
4056290,206,131,8854,2002,0.0,3133.0,1.1907379999999999,1.050649,SVK,LUX,841899
4056291,208,131,8854,2002,72318.0,4071.0,2.128614,0.7891199999999999,SWE,LUX,841899
4056292,209,131,8854,2002,0.0,22705.0,0.49801599999999996,-0.139709,SWZ,LUX,841899
4056293,216,131,8854,2002,0.0,874.0,0.432041,1.627953,THA,LUX,841899
4056294,223,131,8854,2002,0.0,95092.0,-0.221951,0.325506,TUN,LUX,841899
4056295,224,131,8854,2002,0.0,8100.0,0.11263699999999999,1.83925,TUR,LUX,841899
4056296,226,131,8854,2002,0.0,22098.0,-1.189463,-0.48640600000000006,TZA,LUX,841899
4056297,228,131,8854,2002,0.0,9003.0,0.835485,0.872135,UKR,LUX,841899
4056298,231,131,8854,2002,23002.0,1559.0,1.821594,0.231296,USA,LUX,841899
4056299,232,131,8854,2002,0.0,1158.0,-0.379765,-0.5965159999999999,UZB,LUX,841899
4056300,239,131,8854,2002,0.0,4906.0,-0.589665,0.799874,VNM,LUX,841899
4056301,15,132,8854,2002,12675.0,0.0,1.8651200000000001,0.48423900000000003,AUT,LVA,841899
4056302,18,132,8854,2002,116234.0,0.0,1.4097469999999999,1.440169,BEL,LVA,841899
4056303,28,132,8854,2002,6829.0,0.0,0.825865,1.0148979999999999,BLR,LVA,841899
4056304,41,132,8854,2002,15696.0,0.0,2.218095,0.620946,CHE,LVA,841899
4056305,43,132,8854,2002,8785.0,0.0,0.576746,2.7995520000000003,CHN,LVA,841899
4056306,59,132,8854,2002,2100.0,0.0,1.550713,1.037066,CZE,LVA,841899
4056307,61,132,8854,2002,400772.0,0.0,2.297691,-2.183239,DEU,LVA,841899
4056308,64,132,8854,2002,81875.0,0.0,1.26594,1.225186,DNK,LVA,841899
4056309,71,132,8854,2002,25005.0,0.0,1.012246,2.049594,ESP,LVA,841899
4056310,72,132,8854,2002,51171.0,5116.0,0.54511,0.9135979999999999,EST,LVA,841899
4056311,74,132,8854,2002,160028.0,0.0,2.0234240000000003,0.979141,FIN,LVA,841899
4056312,77,132,8854,2002,151608.0,0.0,1.569367,0.9886360000000001,FRA,LVA,841899
4056313,81,132,8854,2002,70804.0,0.0,1.893177,0.831382,GBR,LVA,841899
4056314,106,132,8854,2002,7363.0,0.0,1.7232880000000002,0.091172,IRL,LVA,841899
4056315,109,132,8854,2002,16555.0,0.0,0.23601999999999998,-0.34781,ISL,LVA,841899
4056316,111,132,8854,2002,598294.0,0.0,1.377604,1.2470510000000001,ITA,LVA,841899
4056317,130,132,8854,2002,435176.0,11536.0,0.23102399999999998,0.586078,LTU,LVA,841899
4056318,131,132,8854,2002,2040.0,0.0,1.605378,1.152973,LUX,LVA,841899
4056319,153,132,8854,2002,10493.0,0.0,0.704957,0.243398,MYS,LVA,841899
4056320,162,132,8854,2002,171094.0,0.0,1.206176,1.7136360000000002,NLD,LVA,841899
4056321,163,132,8854,2002,9920.0,0.0,1.110882,0.17164100000000002,NOR,LVA,841899
4056322,169,132,8854,2002,0.0,9750.0,0.134759,0.234258,PAN,LVA,841899
4056323,177,132,8854,2002,24491.0,0.0,0.931642,1.721727,POL,LVA,841899
4056324,186,132,8854,2002,16245.0,0.0,1.109397,0.424229,RUS,LVA,841899
4056325,208,132,8854,2002,85738.0,0.0,2.128614,0.7891199999999999,SWE,LVA,841899
4056326,216,132,8854,2002,4954.0,0.0,0.432041,1.627953,THA,LVA,841899
4056327,228,132,8854,2002,2168324.0,0.0,0.835485,0.872135,UKR,LVA,841899
4056328,231,132,8854,2002,70544.0,0.0,1.821594,0.231296,USA,LVA,841899
4056329,249,132,8854,2002,108195.0,0.0,1.683858,1.333601,TWN,LVA,841899
4056330,7,167,8854,2002,83674.0,395.0,0.044683,-0.247191,ARE,OMN,841899
4056331,14,167,8854,2002,24969.0,0.0,0.231386,0.771628,AUS,OMN,841899
4056332,18,167,8854,2002,7858.0,0.0,1.4097469999999999,1.440169,BEL,OMN,841899
4056333,22,167,8854,2002,0.0,1995.0,-1.134933,-1.061633,BGD,OMN,841899
4056334,41,167,8854,2002,5614.0,0.0,2.218095,0.620946,CHE,OMN,841899
4056335,43,167,8854,2002,6703.0,0.0,0.576746,2.7995520000000003,CHN,OMN,841899
4056336,61,167,8854,2002,65180.0,0.0,2.297691,-2.183239,DEU,OMN,841899
4056337,64,167,8854,2002,13055.0,0.0,1.26594,1.225186,DNK,OMN,841899
4056338,71,167,8854,2002,10245.0,0.0,1.012246,2.049594,ESP,OMN,841899
4056339,77,167,8854,2002,24565.0,0.0,1.569367,0.9886360000000001,FRA,OMN,841899
4056340,81,167,8854,2002,2568.0,0.0,1.893177,0.831382,GBR,OMN,841899
4056341,97,167,8854,2002,1356.0,0.0,0.5701109999999999,1.989357,HKG,OMN,841899
4056342,104,167,8854,2002,20551.0,3132.0,0.380867,2.608955,IND,OMN,841899
4056343,111,167,8854,2002,85476.0,0.0,1.377604,1.2470510000000001,ITA,OMN,841899
4056344,114,167,8854,2002,190543.0,0.0,2.556057,0.497673,JPN,OMN,841899
4056345,121,167,8854,2002,7147.0,0.0,1.186816,1.075947,KOR,OMN,841899
4056346,124,167,8854,2002,6500.0,0.0,0.2729,1.254232,LBN,OMN,841899
4056347,153,167,8854,2002,8811.0,0.0,0.704957,0.243398,MYS,OMN,841899
4056348,162,167,8854,2002,51219.0,0.0,1.206176,1.7136360000000002,NLD,OMN,841899
4056349,166,167,8854,2002,15843.0,0.0,0.542585,0.854243,NZL,OMN,841899
4056350,168,167,8854,2002,4695.0,0.0,-0.877655,-0.322094,PAK,OMN,841899
4056351,216,167,8854,2002,4685.0,0.0,0.432041,1.627953,THA,OMN,841899
4056352,224,167,8854,2002,13302.0,0.0,0.11263699999999999,1.83925,TUR,OMN,841899
4056353,231,167,8854,2002,29084.0,0.0,1.821594,0.231296,USA,OMN,841899
4056354,249,167,8854,2002,967.0,0.0,1.683858,1.333601,TWN,OMN,841899
4056355,8,177,8854,2002,52100.0,0.0,0.284536,0.517425,ARG,POL,841899
4056356,15,177,8854,2002,107913.0,1739.0,1.8651200000000001,0.48423900000000003,AUT,POL,841899
4056357,18,177,8854,2002,968440.0,11575.0,1.4097469999999999,1.440169,BEL,POL,841899
4056358,28,177,8854,2002,5798.0,397301.0,0.825865,1.0148979999999999,BLR,POL,841899
4056359,41,177,8854,2002,9619.0,7118.0,2.218095,0.620946,CHE,POL,841899
4056360,43,177,8854,2002,510874.0,0.0,0.576746,2.7995520000000003,CHN,POL,841899
4056361,59,177,8854,2002,738365.0,71766.0,1.550713,1.037066,CZE,POL,841899
4056362,61,177,8854,2002,7130738.0,2540783.0,2.297691,-2.183239,DEU,POL,841899
4056363,64,177,8854,2002,997705.0,78111.0,1.26594,1.225186,DNK,POL,841899
4056364,68,177,8854,2002,0.0,33338.0,-0.377127,0.549439,EGY,POL,841899
4056365,71,177,8854,2002,635536.0,32341.0,1.012246,2.049594,ESP,POL,841899
4056366,72,177,8854,2002,0.0,4264.0,0.54511,0.9135979999999999,EST,POL,841899
4056367,74,177,8854,2002,267286.0,23770.0,2.0234240000000003,0.979141,FIN,POL,841899
4056368,77,177,8854,2002,4996882.0,201641.0,1.569367,0.9886360000000001,FRA,POL,841899
4056369,81,177,8854,2002,3765202.0,19226.0,1.893177,0.831382,GBR,POL,841899
4056370,90,177,8854,2002,69209.0,17262.0,0.31858000000000003,1.47417,GRC,POL,841899
4056371,102,177,8854,2002,161823.0,16059.0,1.179684,1.0574860000000001,HUN,POL,841899
4056372,104,177,8854,2002,0.0,99083.0,0.380867,2.608955,IND,POL,841899
4056373,106,177,8854,2002,946009.0,43101.0,1.7232880000000002,0.091172,IRL,POL,841899
4056374,110,177,8854,2002,10188.0,1340.0,1.334174,0.654331,ISR,POL,841899
4056375,111,177,8854,2002,8675015.0,519196.0,1.377604,1.2470510000000001,ITA,POL,841899
4056376,114,177,8854,2002,586601.0,0.0,2.556057,0.497673,JPN,POL,841899
4056377,115,177,8854,2002,0.0,5237.0,-0.065332,-0.616159,KAZ,POL,841899
4056378,122,177,8854,2002,0.0,504.0,-0.6629550000000001,-1.157214,KWT,POL,841899
4056379,130,177,8854,2002,4295.0,1518965.0,0.23102399999999998,0.586078,LTU,POL,841899
4056380,132,177,8854,2002,0.0,24491.0,0.45210200000000006,0.515388,LVA,POL,841899
4056381,135,177,8854,2002,0.0,907.0,-0.186001,-0.141598,MDA,POL,841899
4056382,142,177,8854,2002,0.0,1597.0,1.12245,0.019001,MLT,POL,841899
4056383,162,177,8854,2002,2007003.0,438285.0,1.206176,1.7136360000000002,NLD,POL,841899
4056384,163,177,8854,2002,633358.0,92855.0,1.110882,0.17164100000000002,NOR,POL,841899
4056385,166,177,8854,2002,0.0,1541.0,0.542585,0.854243,NZL,POL,841899
4056386,185,177,8854,2002,2377.0,74103.0,0.29888200000000004,0.980376,ROU,POL,841899
4056387,186,177,8854,2002,0.0,309463.0,1.109397,0.424229,RUS,POL,841899
4056388,192,177,8854,2002,0.0,2097.0,1.481857,0.648889,SGP,POL,841899
4056389,206,177,8854,2002,158285.0,31787.0,1.1907379999999999,1.050649,SVK,POL,841899
4056390,207,177,8854,2002,301722.0,24344.0,1.5643770000000001,1.043862,SVN,POL,841899
4056391,208,177,8854,2002,289232.0,212193.0,2.128614,0.7891199999999999,SWE,POL,841899
4056392,224,177,8854,2002,74872.0,0.0,0.11263699999999999,1.83925,TUR,POL,841899
4056393,228,177,8854,2002,1486.0,675653.0,0.835485,0.872135,UKR,POL,841899
4056394,231,177,8854,2002,363444.0,0.0,1.821594,0.231296,USA,POL,841899
4056395,7,183,8854,2002,245134.0,0.0,0.044683,-0.247191,ARE,QAT,841899
4056396,24,183,8854,2002,632.0,0.0,-0.146585,-1.006558,BHR,QAT,841899
4056397,43,183,8854,2002,2729.0,0.0,0.576746,2.7995520000000003,CHN,QAT,841899
4056398,61,183,8854,2002,17214.0,0.0,2.297691,-2.183239,DEU,QAT,841899
4056399,64,183,8854,2002,975.0,0.0,1.26594,1.225186,DNK,QAT,841899
4056400,71,183,8854,2002,2226.0,0.0,1.012246,2.049594,ESP,QAT,841899
4056401,77,183,8854,2002,291180.0,0.0,1.569367,0.9886360000000001,FRA,QAT,841899
4056402,81,183,8854,2002,81690.0,0.0,1.893177,0.831382,GBR,QAT,841899
4056403,104,183,8854,2002,815.0,0.0,0.380867,2.608955,IND,QAT,841899
4056404,106,183,8854,2002,19918.0,0.0,1.7232880000000002,0.091172,IRL,QAT,841899
4056405,107,183,8854,2002,2316.0,0.0,-0.5707840000000001,-0.705612,IRN,QAT,841899
4056406,111,183,8854,2002,77641.0,0.0,1.377604,1.2470510000000001,ITA,QAT,841899
4056407,113,183,8854,2002,16812.0,0.0,0.24197600000000002,0.196635,JOR,QAT,841899
4056408,114,183,8854,2002,7090.0,0.0,2.556057,0.497673,JPN,QAT,841899
4056409,121,183,8854,2002,6685.0,0.0,1.186816,1.075947,KOR,QAT,841899
4056410,131,183,8854,2002,806.0,0.0,1.605378,1.152973,LUX,QAT,841899
4056411,162,183,8854,2002,9568.0,0.0,1.206176,1.7136360000000002,NLD,QAT,841899
4056412,166,183,8854,2002,1166.0,0.0,0.542585,0.854243,NZL,QAT,841899
4056413,168,183,8854,2002,4632.0,0.0,-0.877655,-0.322094,PAK,QAT,841899
4056414,179,183,8854,2002,2433.0,0.0,0.484407,1.6500080000000001,PRT,QAT,841899
4056415,188,183,8854,2002,17210.0,0.0,0.082107,-0.843317,SAU,QAT,841899
4056416,192,183,8854,2002,2127.0,0.0,1.481857,0.648889,SGP,QAT,841899
4056417,216,183,8854,2002,1451.0,0.0,0.432041,1.627953,THA,QAT,841899
4056418,231,183,8854,2002,41202.0,0.0,1.821594,0.231296,USA,QAT,841899
4056419,249,183,8854,2002,5354.0,0.0,1.683858,1.333601,TWN,QAT,841899
4056420,15,185,8854,2002,514035.0,0.0,1.8651200000000001,0.48423900000000003,AUT,ROU,841899
4056421,18,185,8854,2002,1117199.0,0.0,1.4097469999999999,1.440169,BEL,ROU,841899
4056422,23,185,8854,2002,74931.0,15879.0,0.37451100000000004,1.573517,BGR,ROU,841899
4056423,26,185,8854,2002,0.0,1000.0,0.26339,0.30287,BIH,ROU,841899
4056424,41,185,8854,2002,885.0,0.0,2.218095,0.620946,CHE,ROU,841899
4056425,43,185,8854,2002,1353.0,0.0,0.576746,2.7995520000000003,CHN,ROU,841899
4056426,52,185,8854,2002,0.0,426.0,0.03619,-0.187718,CRI,ROU,841899
4056427,59,185,8854,2002,32069.0,4945.0,1.550713,1.037066,CZE,ROU,841899
4056428,61,185,8854,2002,1161202.0,33055.0,2.297691,-2.183239,DEU,ROU,841899
4056429,64,185,8854,2002,22608.0,4478.0,1.26594,1.225186,DNK,ROU,841899
4056430,66,185,8854,2002,0.0,11841.0,-0.912033,-1.1731850000000001,DZA,ROU,841899
4056431,71,185,8854,2002,50696.0,3029.0,1.012246,2.049594,ESP,ROU,841899
4056432,74,185,8854,2002,0.0,3183.0,2.0234240000000003,0.979141,FIN,ROU,841899
4056433,77,185,8854,2002,288902.0,19349.0,1.569367,0.9886360000000001,FRA,ROU,841899
4056434,81,185,8854,2002,22564.0,44591.0,1.893177,0.831382,GBR,ROU,841899
4056435,90,185,8854,2002,538803.0,75055.0,0.31858000000000003,1.47417,GRC,ROU,841899
4056436,100,185,8854,2002,1291.0,2522.0,0.591276,1.030723,HRV,ROU,841899
4056437,102,185,8854,2002,831863.0,44790.0,1.179684,1.0574860000000001,HUN,ROU,841899
4056438,103,185,8854,2002,0.0,4851.0,-0.10020499999999999,1.590314,IDN,ROU,841899
4056439,106,185,8854,2002,35312.0,823.0,1.7232880000000002,0.091172,IRL,ROU,841899
4056440,111,185,8854,2002,2494712.0,94016.0,1.377604,1.2470510000000001,ITA,ROU,841899
4056441,121,185,8854,2002,721.0,0.0,1.186816,1.075947,KOR,ROU,841899
4056442,134,185,8854,2002,0.0,912.0,-0.810467,-0.34807899999999997,MAR,ROU,841899
4056443,135,185,8854,2002,16818.0,4964.0,-0.186001,-0.141598,MDA,ROU,841899
4056444,140,185,8854,2002,0.0,832.0,-0.030274000000000002,0.359317,MKD,ROU,841899
4056445,162,185,8854,2002,395542.0,26287.0,1.206176,1.7136360000000002,NLD,ROU,841899
4056446,163,185,8854,2002,291092.0,1800.0,1.110882,0.17164100000000002,NOR,ROU,841899
4056447,177,185,8854,2002,74103.0,2377.0,0.931642,1.721727,POL,ROU,841899
4056448,186,185,8854,2002,9336.0,0.0,1.109397,0.424229,RUS,ROU,841899
4056449,188,185,8854,2002,0.0,47994.0,0.082107,-0.843317,SAU,ROU,841899
4056450,189,185,8854,2002,0.0,1203.0,0.55781,2.135925,SCG,ROU,841899
4056451,206,185,8854,2002,11083.0,4139.0,1.1907379999999999,1.050649,SVK,ROU,841899
4056452,207,185,8854,2002,5241.0,0.0,1.5643770000000001,1.043862,SVN,ROU,841899
4056453,208,185,8854,2002,8912.0,1773.0,2.128614,0.7891199999999999,SWE,ROU,841899
4056454,224,185,8854,2002,1707053.0,14554.0,0.11263699999999999,1.83925,TUR,ROU,841899
4056455,228,185,8854,2002,0.0,791.0,0.835485,0.872135,UKR,ROU,841899
4056456,231,185,8854,2002,20120.0,0.0,1.821594,0.231296,USA,ROU,841899
4056457,249,185,8854,2002,1188.0,0.0,1.683858,1.333601,TWN,ROU,841899
4056458,250,185,8854,2002,4308.0,0.0,0.734927,-0.40114099999999997,ANS,ROU,841899
4056459,15,186,8854,2002,74646.0,0.0,1.8651200000000001,0.48423900000000003,AUT,RUS,841899
4056460,16,186,8854,2002,0.0,3546.0,-0.41282299999999994,-0.967931,AZE,RUS,841899
4056461,18,186,8854,2002,486106.0,0.0,1.4097469999999999,1.440169,BEL,RUS,841899
4056462,23,186,8854,2002,22750.0,0.0,0.37451100000000004,1.573517,BGR,RUS,841899
4056463,28,186,8854,2002,412452.0,717683.0,0.825865,1.0148979999999999,BLR,RUS,841899
4056464,39,186,8854,2002,924.0,6375.0,0.9963280000000001,1.1922110000000001,CAN,RUS,841899
4056465,41,186,8854,2002,15475.0,5662.0,2.218095,0.620946,CHE,RUS,841899
4056466,43,186,8854,2002,775627.0,362430.0,0.576746,2.7995520000000003,CHN,RUS,841899
4056467,54,186,8854,2002,1049.0,0.0,-0.479213,-0.951203,CUB,RUS,841899
4056468,59,186,8854,2002,8067.0,0.0,1.550713,1.037066,CZE,RUS,841899
4056469,61,186,8854,2002,5489616.0,8090.0,2.297691,-2.183239,DEU,RUS,841899
4056470,64,186,8854,2002,1516588.0,0.0,1.26594,1.225186,DNK,RUS,841899
4056471,71,186,8854,2002,1008932.0,81722.0,1.012246,2.049594,ESP,RUS,841899
4056472,72,186,8854,2002,3607.0,13735.0,0.54511,0.9135979999999999,EST,RUS,841899
4056473,74,186,8854,2002,5539668.0,0.0,2.0234240000000003,0.979141,FIN,RUS,841899
4056474,77,186,8854,2002,1645561.0,0.0,1.569367,0.9886360000000001,FRA,RUS,841899
4056475,81,186,8854,2002,630987.0,0.0,1.893177,0.831382,GBR,RUS,841899
4056476,90,186,8854,2002,453507.0,0.0,0.31858000000000003,1.47417,GRC,RUS,841899
4056477,102,186,8854,2002,64436.0,0.0,1.179684,1.0574860000000001,HUN,RUS,841899
4056478,104,186,8854,2002,0.0,1420.0,0.380867,2.608955,IND,RUS,841899
4056479,106,186,8854,2002,12279.0,0.0,1.7232880000000002,0.091172,IRL,RUS,841899
4056480,111,186,8854,2002,4422482.0,11670.0,1.377604,1.2470510000000001,ITA,RUS,841899
4056481,114,186,8854,2002,23552.0,222113.0,2.556057,0.497673,JPN,RUS,841899
4056482,115,186,8854,2002,1181.0,62116.0,-0.065332,-0.616159,KAZ,RUS,841899
4056483,117,186,8854,2002,0.0,1298.0,0.081807,0.16872,KGZ,RUS,841899
4056484,121,186,8854,2002,5979536.0,27418.0,1.186816,1.075947,KOR,RUS,841899
4056485,122,186,8854,2002,0.0,15035.0,-0.6629550000000001,-1.157214,KWT,RUS,841899
4056486,130,186,8854,2002,220340.0,7915.0,0.23102399999999998,0.586078,LTU,RUS,841899
4056487,131,186,8854,2002,33668.0,0.0,1.605378,1.152973,LUX,RUS,841899
4056488,132,186,8854,2002,0.0,16245.0,0.45210200000000006,0.515388,LVA,RUS,841899
4056489,135,186,8854,2002,3884.0,3749.0,-0.186001,-0.141598,MDA,RUS,841899
4056490,162,186,8854,2002,2066014.0,2321.0,1.206176,1.7136360000000002,NLD,RUS,841899
4056491,163,186,8854,2002,750103.0,0.0,1.110882,0.17164100000000002,NOR,RUS,841899
4056492,166,186,8854,2002,0.0,25653.0,0.542585,0.854243,NZL,RUS,841899
4056493,169,186,8854,2002,0.0,4909.0,0.134759,0.234258,PAN,RUS,841899
4056494,177,186,8854,2002,309463.0,0.0,0.931642,1.721727,POL,RUS,841899
4056495,179,186,8854,2002,10514.0,0.0,0.484407,1.6500080000000001,PRT,RUS,841899
4056496,185,186,8854,2002,0.0,9336.0,0.29888200000000004,0.980376,ROU,RUS,841899
4056497,192,186,8854,2002,2167.0,8630.0,1.481857,0.648889,SGP,RUS,841899
4056498,207,186,8854,2002,5939.0,0.0,1.5643770000000001,1.043862,SVN,RUS,841899
4056499,208,186,8854,2002,24827.0,1019004.0,2.128614,0.7891199999999999,SWE,RUS,841899
4056500,219,186,8854,2002,0.0,73315.0,-1.035248,-1.191624,TKM,RUS,841899
4056501,224,186,8854,2002,672838.0,0.0,0.11263699999999999,1.83925,TUR,RUS,841899
4056502,228,186,8854,2002,1155420.0,2144428.0,0.835485,0.872135,UKR,RUS,841899
4056503,231,186,8854,2002,439528.0,1966.0,1.821594,0.231296,USA,RUS,841899
4056504,232,186,8854,2002,0.0,11145.0,-0.379765,-0.5965159999999999,UZB,RUS,841899
4056505,239,186,8854,2002,0.0,21062.0,-0.589665,0.799874,VNM,RUS,841899
4056506,249,186,8854,2002,0.0,154684.0,1.683858,1.333601,TWN,RUS,841899
4056507,7,188,8854,2002,262396.0,0.0,0.044683,-0.247191,ARE,SAU,841899
4056508,15,188,8854,2002,0.0,2153.0,1.8651200000000001,0.48423900000000003,AUT,SAU,841899
4056509,18,188,8854,2002,387047.0,0.0,1.4097469999999999,1.440169,BEL,SAU,841899
4056510,24,188,8854,2002,172403.0,29962.0,-0.146585,-1.006558,BHR,SAU,841899
4056511,32,188,8854,2002,1076.0,0.0,0.677883,1.0227190000000002,BRA,SAU,841899
4056512,39,188,8854,2002,5626.0,0.0,0.9963280000000001,1.1922110000000001,CAN,SAU,841899
4056513,41,188,8854,2002,34487.0,0.0,2.218095,0.620946,CHE,SAU,841899
4056514,43,188,8854,2002,323304.0,0.0,0.576746,2.7995520000000003,CHN,SAU,841899
4056515,59,188,8854,2002,12617.0,0.0,1.550713,1.037066,CZE,SAU,841899
4056516,61,188,8854,2002,1255281.0,0.0,2.297691,-2.183239,DEU,SAU,841899
4056517,64,188,8854,2002,324737.0,0.0,1.26594,1.225186,DNK,SAU,841899
4056518,71,188,8854,2002,223683.0,0.0,1.012246,2.049594,ESP,SAU,841899
4056519,73,188,8854,2002,0.0,1497.0,-1.096371,-0.9566709999999999,ETH,SAU,841899
4056520,74,188,8854,2002,1387.0,0.0,2.0234240000000003,0.979141,FIN,SAU,841899
4056521,77,188,8854,2002,1192584.0,0.0,1.569367,0.9886360000000001,FRA,SAU,841899
4056522,81,188,8854,2002,407627.0,0.0,1.893177,0.831382,GBR,SAU,841899
4056523,83,188,8854,2002,0.0,231.0,-1.333425,-1.0709879999999998,GHA,SAU,841899
4056524,90,188,8854,2002,5519.0,0.0,0.31858000000000003,1.47417,GRC,SAU,841899
4056525,97,188,8854,2002,42085.0,0.0,0.5701109999999999,1.989357,HKG,SAU,841899
4056526,102,188,8854,2002,3237.0,0.0,1.179684,1.0574860000000001,HUN,SAU,841899
4056527,104,188,8854,2002,14648.0,0.0,0.380867,2.608955,IND,SAU,841899
4056528,106,188,8854,2002,220630.0,0.0,1.7232880000000002,0.091172,IRL,SAU,841899
4056529,111,188,8854,2002,2495197.0,0.0,1.377604,1.2470510000000001,ITA,SAU,841899
4056530,113,188,8854,2002,10360.0,0.0,0.24197600000000002,0.196635,JOR,SAU,841899
4056531,114,188,8854,2002,310287.0,0.0,2.556057,0.497673,JPN,SAU,841899
4056532,121,188,8854,2002,73833.0,0.0,1.186816,1.075947,KOR,SAU,841899
4056533,122,188,8854,2002,0.0,5021.0,-0.6629550000000001,-1.157214,KWT,SAU,841899
4056534,124,188,8854,2002,153820.0,2761.0,0.2729,1.254232,LBN,SAU,841899
4056535,138,188,8854,2002,19241.0,0.0,0.942061,0.6311260000000001,MEX,SAU,841899
4056536,141,188,8854,2002,0.0,626.0,-0.8948520000000001,-0.863375,MLI,SAU,841899
4056537,153,188,8854,2002,537541.0,0.0,0.704957,0.243398,MYS,SAU,841899
4056538,162,188,8854,2002,1172198.0,6618.0,1.206176,1.7136360000000002,NLD,SAU,841899
4056539,163,188,8854,2002,2249.0,0.0,1.110882,0.17164100000000002,NOR,SAU,841899
4056540,168,188,8854,2002,0.0,68000.0,-0.877655,-0.322094,PAK,SAU,841899
4056541,179,188,8854,2002,1183.0,0.0,0.484407,1.6500080000000001,PRT,SAU,841899
4056542,183,188,8854,2002,0.0,17210.0,-0.306052,-1.098296,QAT,SAU,841899
4056543,185,188,8854,2002,47994.0,0.0,0.29888200000000004,0.980376,ROU,SAU,841899
4056544,190,188,8854,2002,0.0,112217.0,-1.499925,-1.228374,SDN,SAU,841899
4056545,192,188,8854,2002,24431.0,0.0,1.481857,0.648889,SGP,SAU,841899
4056546,208,188,8854,2002,201470.0,0.0,2.128614,0.7891199999999999,SWE,SAU,841899
4056547,216,188,8854,2002,94848.0,0.0,0.432041,1.627953,THA,SAU,841899
4056548,224,188,8854,2002,212956.0,0.0,0.11263699999999999,1.83925,TUR,SAU,841899
4056549,231,188,8854,2002,4226872.0,0.0,1.821594,0.231296,USA,SAU,841899
4056550,246,188,8854,2002,322660.0,0.0,0.395943,2.392458,ZAF,SAU,841899
4056551,249,188,8854,2002,244080.0,0.0,1.683858,1.333601,TWN,SAU,841899
4056552,250,188,8854,2002,53295.0,0.0,0.734927,-0.40114099999999997,ANS,SAU,841899
4056553,15,206,8854,2002,99730.0,20090.0,1.8651200000000001,0.48423900000000003,AUT,SVK,841899
4056554,18,206,8854,2002,97784.0,871.0,1.4097469999999999,1.440169,BEL,SVK,841899
4056555,23,206,8854,2002,0.0,9038.0,0.37451100000000004,1.573517,BGR,SVK,841899
4056556,28,206,8854,2002,1050.0,0.0,0.825865,1.0148979999999999,BLR,SVK,841899
4056557,41,206,8854,2002,947.0,0.0,2.218095,0.620946,CHE,SVK,841899
4056558,49,206,8854,2002,0.0,924.0,0.345094,0.37787800000000005,COL,SVK,841899
4056559,59,206,8854,2002,2905516.0,221770.0,1.550713,1.037066,CZE,SVK,841899
4056560,61,206,8854,2002,426873.0,131737.0,2.297691,-2.183239,DEU,SVK,841899
4056561,64,206,8854,2002,6189.0,54811.0,1.26594,1.225186,DNK,SVK,841899
4056562,68,206,8854,2002,0.0,115869.0,-0.377127,0.549439,EGY,SVK,841899
4056563,71,206,8854,2002,21385.0,2749.0,1.012246,2.049594,ESP,SVK,841899
4056564,74,206,8854,2002,12797.0,0.0,2.0234240000000003,0.979141,FIN,SVK,841899
4056565,77,206,8854,2002,79407.0,1852.0,1.569367,0.9886360000000001,FRA,SVK,841899
4056566,81,206,8854,2002,1585.0,12634.0,1.893177,0.831382,GBR,SVK,841899
4056567,90,206,8854,2002,0.0,82254.0,0.31858000000000003,1.47417,GRC,SVK,841899
4056568,100,206,8854,2002,12142.0,62319.0,0.591276,1.030723,HRV,SVK,841899
4056569,102,206,8854,2002,137521.0,411506.0,1.179684,1.0574860000000001,HUN,SVK,841899
4056570,106,206,8854,2002,6448.0,0.0,1.7232880000000002,0.091172,IRL,SVK,841899
4056571,110,206,8854,2002,551.0,0.0,1.334174,0.654331,ISR,SVK,841899
4056572,111,206,8854,2002,2098614.0,75638.0,1.377604,1.2470510000000001,ITA,SVK,841899
4056573,114,206,8854,2002,23711.0,0.0,2.556057,0.497673,JPN,SVK,841899
4056574,130,206,8854,2002,962.0,4339.0,0.23102399999999998,0.586078,LTU,SVK,841899
4056575,131,206,8854,2002,3133.0,0.0,1.605378,1.152973,LUX,SVK,841899
4056576,138,206,8854,2002,704.0,1414.0,0.942061,0.6311260000000001,MEX,SVK,841899
4056577,140,206,8854,2002,0.0,3783.0,-0.030274000000000002,0.359317,MKD,SVK,841899
4056578,162,206,8854,2002,3081128.0,25303.0,1.206176,1.7136360000000002,NLD,SVK,841899
4056579,166,206,8854,2002,0.0,51747.0,0.542585,0.854243,NZL,SVK,841899
4056580,177,206,8854,2002,31787.0,158285.0,0.931642,1.721727,POL,SVK,841899
4056581,185,206,8854,2002,4139.0,11083.0,0.29888200000000004,0.980376,ROU,SVK,841899
4056582,207,206,8854,2002,25709.0,0.0,1.5643770000000001,1.043862,SVN,SVK,841899
4056583,208,206,8854,2002,32213.0,1498.0,2.128614,0.7891199999999999,SWE,SVK,841899
4056584,216,206,8854,2002,23935.0,0.0,0.432041,1.627953,THA,SVK,841899
4056585,224,206,8854,2002,7282.0,0.0,0.11263699999999999,1.83925,TUR,SVK,841899
4056586,228,206,8854,2002,5911.0,103064.0,0.835485,0.872135,UKR,SVK,841899
4056587,231,206,8854,2002,6861.0,371568.0,1.821594,0.231296,USA,SVK,841899
4056588,246,206,8854,2002,10231.0,0.0,0.395943,2.392458,ZAF,SVK,841899
4056589,14,207,8854,2002,0.0,21404.0,0.231386,0.771628,AUS,SVN,841899
4056590,15,207,8854,2002,1623396.0,423430.0,1.8651200000000001,0.48423900000000003,AUT,SVN,841899
4056591,18,207,8854,2002,67556.0,17563.0,1.4097469999999999,1.440169,BEL,SVN,841899
4056592,23,207,8854,2002,0.0,37957.0,0.37451100000000004,1.573517,BGR,SVN,841899
4056593,26,207,8854,2002,0.0,675706.0,0.26339,0.30287,BIH,SVN,841899
4056594,39,207,8854,2002,0.0,20042.0,0.9963280000000001,1.1922110000000001,CAN,SVN,841899
4056595,41,207,8854,2002,2741.0,15129.0,2.218095,0.620946,CHE,SVN,841899
4056596,58,207,8854,2002,0.0,33703.0,0.381391,0.40265,CYP,SVN,841899
4056597,59,207,8854,2002,15115.0,50946.0,1.550713,1.037066,CZE,SVN,841899
4056598,61,207,8854,2002,416067.0,2025376.0,2.297691,-2.183239,DEU,SVN,841899
4056599,64,207,8854,2002,19417.0,141191.0,1.26594,1.225186,DNK,SVN,841899
4056600,68,207,8854,2002,0.0,2026126.0,-0.377127,0.549439,EGY,SVN,841899
4056601,71,207,8854,2002,5509.0,123216.0,1.012246,2.049594,ESP,SVN,841899
4056602,74,207,8854,2002,0.0,3949.0,2.0234240000000003,0.979141,FIN,SVN,841899
4056603,77,207,8854,2002,736914.0,247442.0,1.569367,0.9886360000000001,FRA,SVN,841899
4056604,81,207,8854,2002,28638.0,259810.0,1.893177,0.831382,GBR,SVN,841899
4056605,90,207,8854,2002,0.0,24745.0,0.31858000000000003,1.47417,GRC,SVN,841899
4056606,93,207,8854,2002,0.0,22139.0,-0.548834,-0.034464999999999996,GTM,SVN,841899
4056607,97,207,8854,2002,0.0,3683.0,0.5701109999999999,1.989357,HKG,SVN,841899
4056608,100,207,8854,2002,184579.0,540960.0,0.591276,1.030723,HRV,SVN,841899
4056609,102,207,8854,2002,198079.0,77169.0,1.179684,1.0574860000000001,HUN,SVN,841899
4056610,106,207,8854,2002,37811.0,11239.0,1.7232880000000002,0.091172,IRL,SVN,841899
4056611,107,207,8854,2002,0.0,1888.0,-0.5707840000000001,-0.705612,IRN,SVN,841899
4056612,110,207,8854,2002,0.0,1991.0,1.334174,0.654331,ISR,SVN,841899
4056613,111,207,8854,2002,4756460.0,450870.0,1.377604,1.2470510000000001,ITA,SVN,841899
4056614,114,207,8854,2002,1205.0,0.0,2.556057,0.497673,JPN,SVN,841899
4056615,121,207,8854,2002,1310.0,0.0,1.186816,1.075947,KOR,SVN,841899
4056616,122,207,8854,2002,0.0,1017.0,-0.6629550000000001,-1.157214,KWT,SVN,841899
4056617,130,207,8854,2002,0.0,7576.0,0.23102399999999998,0.586078,LTU,SVN,841899
4056618,138,207,8854,2002,5099.0,0.0,0.942061,0.6311260000000001,MEX,SVN,841899
4056619,140,207,8854,2002,0.0,234344.0,-0.030274000000000002,0.359317,MKD,SVN,841899
4056620,142,207,8854,2002,0.0,2804.0,1.12245,0.019001,MLT,SVN,841899
4056621,162,207,8854,2002,124473.0,166092.0,1.206176,1.7136360000000002,NLD,SVN,841899
4056622,163,207,8854,2002,613.0,8654.0,1.110882,0.17164100000000002,NOR,SVN,841899
4056623,166,207,8854,2002,0.0,1063.0,0.542585,0.854243,NZL,SVN,841899
4056624,177,207,8854,2002,24344.0,301722.0,0.931642,1.721727,POL,SVN,841899
4056625,179,207,8854,2002,0.0,5134.0,0.484407,1.6500080000000001,PRT,SVN,841899
4056626,185,207,8854,2002,0.0,5241.0,0.29888200000000004,0.980376,ROU,SVN,841899
4056627,186,207,8854,2002,0.0,5939.0,1.109397,0.424229,RUS,SVN,841899
4056628,189,207,8854,2002,1490.0,617399.0,0.55781,2.135925,SCG,SVN,841899
4056629,198,207,8854,2002,5735.0,0.0,1.389807,0.275878,SMR,SVN,841899
4056630,206,207,8854,2002,0.0,25709.0,1.1907379999999999,1.050649,SVK,SVN,841899
4056631,208,207,8854,2002,23449.0,5340.0,2.128614,0.7891199999999999,SWE,SVN,841899
4056632,223,207,8854,2002,0.0,112082.0,-0.221951,0.325506,TUN,SVN,841899
4056633,224,207,8854,2002,0.0,37365.0,0.11263699999999999,1.83925,TUR,SVN,841899
4056634,228,207,8854,2002,0.0,1521.0,0.835485,0.872135,UKR,SVN,841899
4056635,231,207,8854,2002,16358.0,11606.0,1.821594,0.231296,USA,SVN,841899
4056636,7,223,8854,2002,3377.0,0.0,0.044683,-0.247191,ARE,TUN,841899
4056637,18,223,8854,2002,91386.0,18558.0,1.4097469999999999,1.440169,BEL,TUN,841899
4056638,43,223,8854,2002,703924.0,0.0,0.576746,2.7995520000000003,CHN,TUN,841899
4056639,61,223,8854,2002,164438.0,0.0,2.297691,-2.183239,DEU,TUN,841899
4056640,64,223,8854,2002,118938.0,0.0,1.26594,1.225186,DNK,TUN,841899
4056641,66,223,8854,2002,0.0,291775.0,-0.912033,-1.1731850000000001,DZA,TUN,841899
4056642,68,223,8854,2002,42880.0,0.0,-0.377127,0.549439,EGY,TUN,841899
4056643,71,223,8854,2002,277004.0,0.0,1.012246,2.049594,ESP,TUN,841899
4056644,77,223,8854,2002,2212656.0,12651.0,1.569367,0.9886360000000001,FRA,TUN,841899
4056645,81,223,8854,2002,1145.0,0.0,1.893177,0.831382,GBR,TUN,841899
4056646,97,223,8854,2002,37324.0,0.0,0.5701109999999999,1.989357,HKG,TUN,841899
4056647,102,223,8854,2002,2543.0,0.0,1.179684,1.0574860000000001,HUN,TUN,841899
4056648,111,223,8854,2002,4968027.0,7826.0,1.377604,1.2470510000000001,ITA,TUN,841899
4056649,114,223,8854,2002,11094.0,0.0,2.556057,0.497673,JPN,TUN,841899
4056650,121,223,8854,2002,259384.0,0.0,1.186816,1.075947,KOR,TUN,841899
4056651,126,223,8854,2002,0.0,192710.0,-0.568615,-1.172261,LBY,TUN,841899
4056652,131,223,8854,2002,95092.0,0.0,1.605378,1.152973,LUX,TUN,841899
4056653,153,223,8854,2002,1477.0,0.0,0.704957,0.243398,MYS,TUN,841899
4056654,162,223,8854,2002,88048.0,0.0,1.206176,1.7136360000000002,NLD,TUN,841899
4056655,179,223,8854,2002,177122.0,0.0,0.484407,1.6500080000000001,PRT,TUN,841899
4056656,207,223,8854,2002,112082.0,0.0,1.5643770000000001,1.043862,SVN,TUN,841899
4056657,208,223,8854,2002,7299.0,0.0,2.128614,0.7891199999999999,SWE,TUN,841899
4056658,216,223,8854,2002,32930.0,0.0,0.432041,1.627953,THA,TUN,841899
4056659,224,223,8854,2002,1841664.0,11672.0,0.11263699999999999,1.83925,TUR,TUN,841899
4056660,231,223,8854,2002,4602.0,0.0,1.821594,0.231296,USA,TUN,841899
4056661,250,223,8854,2002,204785.0,0.0,0.734927,-0.40114099999999997,ANS,TUN,841899
4056662,7,226,8854,2002,12917.0,0.0,0.044683,-0.247191,ARE,TZA,841899
4056663,14,226,8854,2002,7601.0,0.0,0.231386,0.771628,AUS,TZA,841899
4056664,18,226,8854,2002,48487.0,0.0,1.4097469999999999,1.440169,BEL,TZA,841899
4056665,43,226,8854,2002,3817.0,0.0,0.576746,2.7995520000000003,CHN,TZA,841899
4056666,61,226,8854,2002,2451.0,0.0,2.297691,-2.183239,DEU,TZA,841899
4056667,64,226,8854,2002,1670.0,0.0,1.26594,1.225186,DNK,TZA,841899
4056668,67,226,8854,2002,3201.0,0.0,-0.976218,-0.926393,ECU,TZA,841899
4056669,74,226,8854,2002,8527.0,0.0,2.0234240000000003,0.979141,FIN,TZA,841899
4056670,77,226,8854,2002,22422.0,0.0,1.569367,0.9886360000000001,FRA,TZA,841899
4056671,81,226,8854,2002,8220.0,0.0,1.893177,0.831382,GBR,TZA,841899
4056672,90,226,8854,2002,49955.0,0.0,0.31858000000000003,1.47417,GRC,TZA,841899
4056673,97,226,8854,2002,18033.0,0.0,0.5701109999999999,1.989357,HKG,TZA,841899
4056674,104,226,8854,2002,10464.0,0.0,0.380867,2.608955,IND,TZA,841899
4056675,111,226,8854,2002,10090.0,0.0,1.377604,1.2470510000000001,ITA,TZA,841899
4056676,114,226,8854,2002,3640.0,0.0,2.556057,0.497673,JPN,TZA,841899
4056677,116,226,8854,2002,50808.0,0.0,-0.555812,0.169204,KEN,TZA,841899
4056678,121,226,8854,2002,1124.0,0.0,1.186816,1.075947,KOR,TZA,841899
4056679,124,226,8854,2002,9176.0,0.0,0.2729,1.254232,LBN,TZA,841899
4056680,131,226,8854,2002,22098.0,0.0,1.605378,1.152973,LUX,TZA,841899
4056681,151,226,8854,2002,743.0,0.0,-0.37937600000000005,-0.388848,MUS,TZA,841899
4056682,162,226,8854,2002,10234.0,0.0,1.206176,1.7136360000000002,NLD,TZA,841899
4056683,216,226,8854,2002,2602.0,0.0,0.432041,1.627953,THA,TZA,841899
4056684,231,226,8854,2002,2336.0,0.0,1.821594,0.231296,USA,TZA,841899
4056685,246,226,8854,2002,71993.0,0.0,0.395943,2.392458,ZAF,TZA,841899
4056686,248,226,8854,2002,851.0,0.0,-0.309483,0.271457,ZWE,TZA,841899
4056687,249,226,8854,2002,1775.0,0.0,1.683858,1.333601,TWN,TZA,841899
4056688,7,228,8854,2002,0.0,803273.0,0.044683,-0.247191,ARE,UKR,841899
4056689,15,228,8854,2002,40756.0,0.0,1.8651200000000001,0.48423900000000003,AUT,UKR,841899
4056690,16,228,8854,2002,0.0,2940.0,-0.41282299999999994,-0.967931,AZE,UKR,841899
4056691,18,228,8854,2002,31926.0,0.0,1.4097469999999999,1.440169,BEL,UKR,841899
4056692,23,228,8854,2002,2085.0,0.0,0.37451100000000004,1.573517,BGR,UKR,841899
4056693,28,228,8854,2002,19193.0,44146.0,0.825865,1.0148979999999999,BLR,UKR,841899
4056694,43,228,8854,2002,154786.0,22189.0,0.576746,2.7995520000000003,CHN,UKR,841899
4056695,54,228,8854,2002,0.0,18011.0,-0.479213,-0.951203,CUB,UKR,841899
4056696,59,228,8854,2002,14008.0,941967.0,1.550713,1.037066,CZE,UKR,841899
4056697,61,228,8854,2002,1849476.0,250600.0,2.297691,-2.183239,DEU,UKR,841899
4056698,64,228,8854,2002,323087.0,0.0,1.26594,1.225186,DNK,UKR,841899
4056699,68,228,8854,2002,892.0,0.0,-0.377127,0.549439,EGY,UKR,841899
4056700,71,228,8854,2002,82187.0,0.0,1.012246,2.049594,ESP,UKR,841899
4056701,72,228,8854,2002,0.0,32630.0,0.54511,0.9135979999999999,EST,UKR,841899
4056702,74,228,8854,2002,4332.0,0.0,2.0234240000000003,0.979141,FIN,UKR,841899
4056703,77,228,8854,2002,197027.0,24792.0,1.569367,0.9886360000000001,FRA,UKR,841899
4056704,81,228,8854,2002,55929.0,0.0,1.893177,0.831382,GBR,UKR,841899
4056705,90,228,8854,2002,4763.0,1010.0,0.31858000000000003,1.47417,GRC,UKR,841899
4056706,102,228,8854,2002,45684.0,0.0,1.179684,1.0574860000000001,HUN,UKR,841899
4056707,106,228,8854,2002,3808.0,0.0,1.7232880000000002,0.091172,IRL,UKR,841899
4056708,110,228,8854,2002,21200.0,0.0,1.334174,0.654331,ISR,UKR,841899
4056709,111,228,8854,2002,779636.0,10639.0,1.377604,1.2470510000000001,ITA,UKR,841899
4056710,113,228,8854,2002,0.0,26175.0,0.24197600000000002,0.196635,JOR,UKR,841899
4056711,115,228,8854,2002,0.0,3556.0,-0.065332,-0.616159,KAZ,UKR,841899
4056712,121,228,8854,2002,6873.0,466340.0,1.186816,1.075947,KOR,UKR,841899
4056713,130,228,8854,2002,7194.0,0.0,0.23102399999999998,0.586078,LTU,UKR,841899
4056714,131,228,8854,2002,9003.0,0.0,1.605378,1.152973,LUX,UKR,841899
4056715,132,228,8854,2002,0.0,2168324.0,0.45210200000000006,0.515388,LVA,UKR,841899
4056716,135,228,8854,2002,7262.0,31922.0,-0.186001,-0.141598,MDA,UKR,841899
4056717,142,228,8854,2002,0.0,1606.0,1.12245,0.019001,MLT,UKR,841899
4056718,155,228,8854,2002,0.0,27099.0,-0.314161,-0.521778,NAM,UKR,841899
4056719,162,228,8854,2002,888142.0,0.0,1.206176,1.7136360000000002,NLD,UKR,841899
4056720,177,228,8854,2002,675653.0,1486.0,0.931642,1.721727,POL,UKR,841899
4056721,179,228,8854,2002,1798.0,0.0,0.484407,1.6500080000000001,PRT,UKR,841899
4056722,185,228,8854,2002,791.0,0.0,0.29888200000000004,0.980376,ROU,UKR,841899
4056723,186,228,8854,2002,2144428.0,1155420.0,1.109397,0.424229,RUS,UKR,841899
4056724,196,228,8854,2002,0.0,2034.0,0.397488,-0.027672000000000002,SLE,UKR,841899
4056725,206,228,8854,2002,103064.0,5911.0,1.1907379999999999,1.050649,SVK,UKR,841899
4056726,207,228,8854,2002,1521.0,0.0,1.5643770000000001,1.043862,SVN,UKR,841899
4056727,208,228,8854,2002,10313.0,0.0,2.128614,0.7891199999999999,SWE,UKR,841899
4056728,224,228,8854,2002,369498.0,0.0,0.11263699999999999,1.83925,TUR,UKR,841899
4056729,231,228,8854,2002,9491.0,202150.0,1.821594,0.231296,USA,UKR,841899
4056730,18,8,8854,2002,1062.0,1329.0,1.4097469999999999,1.440169,BEL,ARG,841899
4056731,32,8,8854,2002,2559605.0,4714982.0,0.677883,1.0227190000000002,BRA,ARG,841899
4056732,39,8,8854,2002,0.0,5281.0,0.9963280000000001,1.1922110000000001,CAN,ARG,841899
4056733,41,8,8854,2002,66851.0,213182.0,2.218095,0.620946,CHE,ARG,841899
4056734,42,8,8854,2002,66397.0,1295692.0,-0.035264,-0.101796,CHL,ARG,841899
4056735,43,8,8854,2002,5716.0,0.0,0.576746,2.7995520000000003,CHN,ARG,841899
4056736,49,8,8854,2002,0.0,39429.0,0.345094,0.37787800000000005,COL,ARG,841899
4056737,52,8,8854,2002,0.0,689017.0,0.03619,-0.187718,CRI,ARG,841899
4056738,54,8,8854,2002,0.0,2459.0,-0.479213,-0.951203,CUB,ARG,841899
4056739,59,8,8854,2002,9976.0,0.0,1.550713,1.037066,CZE,ARG,841899
4056740,61,8,8854,2002,97178.0,54726.0,2.297691,-2.183239,DEU,ARG,841899
4056741,64,8,8854,2002,26321.0,342090.0,1.26594,1.225186,DNK,ARG,841899
4056742,67,8,8854,2002,0.0,41920.0,-0.976218,-0.926393,ECU,ARG,841899
4056743,71,8,8854,2002,5555.0,6279.0,1.012246,2.049594,ESP,ARG,841899
4056744,77,8,8854,2002,230236.0,0.0,1.569367,0.9886360000000001,FRA,ARG,841899
4056745,81,8,8854,2002,21101.0,0.0,1.893177,0.831382,GBR,ARG,841899
4056746,99,8,8854,2002,0.0,1488.0,-0.877043,-0.658185,HND,ARG,841899
4056747,106,8,8854,2002,20621.0,0.0,1.7232880000000002,0.091172,IRL,ARG,841899
4056748,111,8,8854,2002,816645.0,13118.0,1.377604,1.2470510000000001,ITA,ARG,841899
4056749,114,8,8854,2002,179682.0,0.0,2.556057,0.497673,JPN,ARG,841899
4056750,121,8,8854,2002,1553.0,0.0,1.186816,1.075947,KOR,ARG,841899
4056751,122,8,8854,2002,0.0,3498.0,-0.6629550000000001,-1.157214,KWT,ARG,841899
4056752,138,8,8854,2002,26806.0,108664.0,0.942061,0.6311260000000001,MEX,ARG,841899
4056753,162,8,8854,2002,12529.0,0.0,1.206176,1.7136360000000002,NLD,ARG,841899
4056754,169,8,8854,2002,0.0,5382.0,0.134759,0.234258,PAN,ARG,841899
4056755,173,8,8854,2002,0.0,569434.0,-0.6126199999999999,0.085944,PER,ARG,841899
4056756,177,8,8854,2002,0.0,52100.0,0.931642,1.721727,POL,ARG,841899
4056757,180,8,8854,2002,0.0,28680.0,-0.614282,-0.963832,PRY,ARG,841899
4056758,208,8,8854,2002,20932.0,0.0,2.128614,0.7891199999999999,SWE,ARG,841899
4056759,224,8,8854,2002,586.0,0.0,0.11263699999999999,1.83925,TUR,ARG,841899
4056760,230,8,8854,2002,1233.0,62755.0,0.300502,0.16817000000000001,URY,ARG,841899
4056761,231,8,8854,2002,802020.0,58471.0,1.821594,0.231296,USA,ARG,841899
4056762,236,8,8854,2002,0.0,48613.0,0.211536,-0.715675,VEN,ARG,841899
4056763,249,8,8854,2002,23139.0,0.0,1.683858,1.333601,TWN,ARG,841899
4056764,250,8,8854,2002,753067.0,0.0,0.734927,-0.40114099999999997,ANS,ARG,841899
4056765,155,37,8854,2002,2040.0,0.0,-0.314161,-0.521778,NAM,BWA,841899
4056766,246,37,8854,2002,934921.0,0.0,0.395943,2.392458,ZAF,BWA,841899
4056767,248,37,8854,2002,0.0,2086.0,-0.309483,0.271457,ZWE,BWA,841899
4056768,7,44,8854,2002,20239.0,0.0,0.044683,-0.247191,ARE,CIV,841899
4056769,18,44,8854,2002,40110.0,0.0,1.4097469999999999,1.440169,BEL,CIV,841899
4056770,32,44,8854,2002,18171.0,0.0,0.677883,1.0227190000000002,BRA,CIV,841899
4056771,43,44,8854,2002,4916.0,0.0,0.576746,2.7995520000000003,CHN,CIV,841899
4056772,61,44,8854,2002,15727.0,0.0,2.297691,-2.183239,DEU,CIV,841899
4056773,71,44,8854,2002,5673.0,0.0,1.012246,2.049594,ESP,CIV,841899
4056774,77,44,8854,2002,115175.0,0.0,1.569367,0.9886360000000001,FRA,CIV,841899
4056775,81,44,8854,2002,26919.0,0.0,1.893177,0.831382,GBR,CIV,841899
4056776,90,44,8854,2002,3867.0,0.0,0.31858000000000003,1.47417,GRC,CIV,841899
4056777,111,44,8854,2002,73672.0,0.0,1.377604,1.2470510000000001,ITA,CIV,841899
4056778,131,44,8854,2002,15490.0,0.0,1.605378,1.152973,LUX,CIV,841899
4056779,141,44,8854,2002,544.0,1314.0,-0.8948520000000001,-0.863375,MLI,CIV,841899
4056780,162,44,8854,2002,24785.0,0.0,1.206176,1.7136360000000002,NLD,CIV,841899
4056781,208,44,8854,2002,2390.0,0.0,2.128614,0.7891199999999999,SWE,CIV,841899
4056782,216,44,8854,2002,73935.0,0.0,0.432041,1.627953,THA,CIV,841899
4056783,231,44,8854,2002,98227.0,0.0,1.821594,0.231296,USA,CIV,841899
4056784,246,44,8854,2002,3262.0,0.0,0.395943,2.392458,ZAF,CIV,841899
4056785,249,44,8854,2002,1660.0,0.0,1.683858,1.333601,TWN,CIV,841899
4056786,7,45,8854,2002,1832.0,0.0,0.044683,-0.247191,ARE,CMR,841899
4056787,18,45,8854,2002,79479.0,0.0,1.4097469999999999,1.440169,BEL,CMR,841899
4056788,43,45,8854,2002,4459.0,0.0,0.576746,2.7995520000000003,CHN,CMR,841899
4056789,61,45,8854,2002,1805.0,0.0,2.297691,-2.183239,DEU,CMR,841899
4056790,64,45,8854,2002,1482.0,0.0,1.26594,1.225186,DNK,CMR,841899
4056791,68,45,8854,2002,1574.0,0.0,-0.377127,0.549439,EGY,CMR,841899
4056792,71,45,8854,2002,3836.0,0.0,1.012246,2.049594,ESP,CMR,841899
4056793,77,45,8854,2002,456144.0,0.0,1.569367,0.9886360000000001,FRA,CMR,841899
4056794,81,45,8854,2002,10203.0,0.0,1.893177,0.831382,GBR,CMR,841899
4056795,90,45,8854,2002,1933.0,0.0,0.31858000000000003,1.47417,GRC,CMR,841899
4056796,111,45,8854,2002,54394.0,0.0,1.377604,1.2470510000000001,ITA,CMR,841899
4056797,114,45,8854,2002,2127.0,0.0,2.556057,0.497673,JPN,CMR,841899
4056798,124,45,8854,2002,101202.0,0.0,0.2729,1.254232,LBN,CMR,841899
4056799,162,45,8854,2002,32450.0,0.0,1.206176,1.7136360000000002,NLD,CMR,841899
4056800,224,45,8854,2002,22920.0,0.0,0.11263699999999999,1.83925,TUR,CMR,841899
4056801,231,45,8854,2002,182335.0,0.0,1.821594,0.231296,USA,CMR,841899
4056802,246,45,8854,2002,9951.0,0.0,0.395943,2.392458,ZAF,CMR,841899
4056803,249,45,8854,2002,2704.0,0.0,1.683858,1.333601,TWN,CMR,841899
4056804,250,45,8854,2002,33731.0,0.0,0.734927,-0.40114099999999997,ANS,CMR,841899
4056805,18,51,8854,2002,11155.0,0.0,1.4097469999999999,1.440169,BEL,CPV,841899
4056806,32,51,8854,2002,1754.0,0.0,0.677883,1.0227190000000002,BRA,CPV,841899
4056807,61,51,8854,2002,1562.0,0.0,2.297691,-2.183239,DEU,CPV,841899
4056808,77,51,8854,2002,30539.0,0.0,1.569367,0.9886360000000001,FRA,CPV,841899
4056809,111,51,8854,2002,4765.0,0.0,1.377604,1.2470510000000001,ITA,CPV,841899
4056810,114,51,8854,2002,2236.0,0.0,2.556057,0.497673,JPN,CPV,841899
4056811,162,51,8854,2002,955.0,0.0,1.206176,1.7136360000000002,NLD,CPV,841899
4056812,179,51,8854,2002,133881.0,0.0,0.484407,1.6500080000000001,PRT,CPV,841899
4056813,7,58,8854,2002,2845.0,0.0,0.044683,-0.247191,ARE,CYP,841899
4056814,14,58,8854,2002,33207.0,0.0,0.231386,0.771628,AUS,CYP,841899
4056815,15,58,8854,2002,2944.0,0.0,1.8651200000000001,0.48423900000000003,AUT,CYP,841899
4056816,18,58,8854,2002,16714.0,0.0,1.4097469999999999,1.440169,BEL,CYP,841899
4056817,39,58,8854,2002,7023.0,0.0,0.9963280000000001,1.1922110000000001,CAN,CYP,841899
4056818,43,58,8854,2002,20193.0,0.0,0.576746,2.7995520000000003,CHN,CYP,841899
4056819,59,58,8854,2002,931.0,0.0,1.550713,1.037066,CZE,CYP,841899
4056820,61,58,8854,2002,211770.0,0.0,2.297691,-2.183239,DEU,CYP,841899
4056821,64,58,8854,2002,9538.0,0.0,1.26594,1.225186,DNK,CYP,841899
4056822,71,58,8854,2002,148600.0,0.0,1.012246,2.049594,ESP,CYP,841899
4056823,77,58,8854,2002,238222.0,0.0,1.569367,0.9886360000000001,FRA,CYP,841899
4056824,81,58,8854,2002,183536.0,88361.0,1.893177,0.831382,GBR,CYP,841899
4056825,90,58,8854,2002,494047.0,1653.0,0.31858000000000003,1.47417,GRC,CYP,841899
4056826,102,58,8854,2002,1102.0,0.0,1.179684,1.0574860000000001,HUN,CYP,841899
4056827,106,58,8854,2002,1906.0,0.0,1.7232880000000002,0.091172,IRL,CYP,841899
4056828,110,58,8854,2002,138630.0,0.0,1.334174,0.654331,ISR,CYP,841899
4056829,111,58,8854,2002,574125.0,0.0,1.377604,1.2470510000000001,ITA,CYP,841899
4056830,114,58,8854,2002,12730.0,0.0,2.556057,0.497673,JPN,CYP,841899
4056831,121,58,8854,2002,3267.0,0.0,1.186816,1.075947,KOR,CYP,841899
4056832,124,58,8854,2002,8304.0,0.0,0.2729,1.254232,LBN,CYP,841899
4056833,153,58,8854,2002,18909.0,0.0,0.704957,0.243398,MYS,CYP,841899
4056834,162,58,8854,2002,30716.0,0.0,1.206176,1.7136360000000002,NLD,CYP,841899
4056835,179,58,8854,2002,1378.0,0.0,0.484407,1.6500080000000001,PRT,CYP,841899
4056836,192,58,8854,2002,8518.0,0.0,1.481857,0.648889,SGP,CYP,841899
4056837,207,58,8854,2002,33703.0,0.0,1.5643770000000001,1.043862,SVN,CYP,841899
4056838,208,58,8854,2002,1283.0,0.0,2.128614,0.7891199999999999,SWE,CYP,841899
4056839,216,58,8854,2002,5405.0,0.0,0.432041,1.627953,THA,CYP,841899
4056840,224,58,8854,2002,107745.0,0.0,0.11263699999999999,1.83925,TUR,CYP,841899
4056841,231,58,8854,2002,125125.0,0.0,1.821594,0.231296,USA,CYP,841899
4056842,246,58,8854,2002,1375.0,0.0,0.395943,2.392458,ZAF,CYP,841899
4056843,249,58,8854,2002,14215.0,0.0,1.683858,1.333601,TWN,CYP,841899
4056844,28,72,8854,2002,6572.0,0.0,0.825865,1.0148979999999999,BLR,EST,841899
4056845,59,72,8854,2002,13841.0,0.0,1.550713,1.037066,CZE,EST,841899
4056846,61,72,8854,2002,679222.0,15529.0,2.297691,-2.183239,DEU,EST,841899
4056847,64,72,8854,2002,425995.0,32043.0,1.26594,1.225186,DNK,EST,841899
4056848,71,72,8854,2002,17030.0,0.0,1.012246,2.049594,ESP,EST,841899
4056849,74,72,8854,2002,892981.0,9379.0,2.0234240000000003,0.979141,FIN,EST,841899
4056850,77,72,8854,2002,49798.0,0.0,1.569367,0.9886360000000001,FRA,EST,841899
4056851,81,72,8854,2002,6214.0,0.0,1.893177,0.831382,GBR,EST,841899
4056852,100,72,8854,2002,3475.0,0.0,0.591276,1.030723,HRV,EST,841899
4056853,102,72,8854,2002,15288.0,58738.0,1.179684,1.0574860000000001,HUN,EST,841899
4056854,106,72,8854,2002,1108.0,0.0,1.7232880000000002,0.091172,IRL,EST,841899
4056855,111,72,8854,2002,326904.0,0.0,1.377604,1.2470510000000001,ITA,EST,841899
4056856,130,72,8854,2002,14583.0,16172.0,0.23102399999999998,0.586078,LTU,EST,841899
4056857,132,72,8854,2002,5116.0,51171.0,0.45210200000000006,0.515388,LVA,EST,841899
4056858,162,72,8854,2002,10653.0,16592.0,1.206176,1.7136360000000002,NLD,EST,841899
4056859,163,72,8854,2002,31102.0,9792.0,1.110882,0.17164100000000002,NOR,EST,841899
4056860,177,72,8854,2002,4264.0,0.0,0.931642,1.721727,POL,EST,841899
4056861,186,72,8854,2002,13735.0,3607.0,1.109397,0.424229,RUS,EST,841899
4056862,208,72,8854,2002,524225.0,1145541.0,2.128614,0.7891199999999999,SWE,EST,841899
4056863,224,72,8854,2002,1826.0,0.0,0.11263699999999999,1.83925,TUR,EST,841899
4056864,228,72,8854,2002,32630.0,0.0,0.835485,0.872135,UKR,EST,841899
4056865,231,72,8854,2002,17136.0,0.0,1.821594,0.231296,USA,EST,841899
4056866,250,72,8854,2002,1000636.0,0.0,0.734927,-0.40114099999999997,ANS,EST,841899
4056867,18,80,8854,2002,2489.0,0.0,1.4097469999999999,1.440169,BEL,GAB,841899
4056868,61,80,8854,2002,1540.0,0.0,2.297691,-2.183239,DEU,GAB,841899
4056869,77,80,8854,2002,878039.0,0.0,1.569367,0.9886360000000001,FRA,GAB,841899
4056870,90,80,8854,2002,837.0,0.0,0.31858000000000003,1.47417,GRC,GAB,841899
4056871,111,80,8854,2002,21130.0,0.0,1.377604,1.2470510000000001,ITA,GAB,841899
4056872,246,80,8854,2002,1312.0,0.0,0.395943,2.392458,ZAF,GAB,841899
4056873,7,83,8854,2002,10603.0,0.0,0.044683,-0.247191,ARE,GHA,841899
4056874,18,83,8854,2002,5650.0,0.0,1.4097469999999999,1.440169,BEL,GHA,841899
4056875,43,83,8854,2002,26544.0,0.0,0.576746,2.7995520000000003,CHN,GHA,841899
4056876,61,83,8854,2002,16896.0,0.0,2.297691,-2.183239,DEU,GHA,841899
4056877,64,83,8854,2002,253332.0,0.0,1.26594,1.225186,DNK,GHA,841899
4056878,77,83,8854,2002,31130.0,0.0,1.569367,0.9886360000000001,FRA,GHA,841899
4056879,81,83,8854,2002,202568.0,0.0,1.893177,0.831382,GBR,GHA,841899
4056880,97,83,8854,2002,881.0,0.0,0.5701109999999999,1.989357,HKG,GHA,841899
4056881,104,83,8854,2002,1629.0,0.0,0.380867,2.608955,IND,GHA,841899
4056882,110,83,8854,2002,9392.0,0.0,1.334174,0.654331,ISR,GHA,841899
4056883,111,83,8854,2002,152578.0,0.0,1.377604,1.2470510000000001,ITA,GHA,841899
4056884,131,83,8854,2002,460.0,0.0,1.605378,1.152973,LUX,GHA,841899
4056885,162,83,8854,2002,25256.0,0.0,1.206176,1.7136360000000002,NLD,GHA,841899
4056886,163,83,8854,2002,730.0,0.0,1.110882,0.17164100000000002,NOR,GHA,841899
4056887,188,83,8854,2002,231.0,0.0,0.082107,-0.843317,SAU,GHA,841899
4056888,208,83,8854,2002,2252.0,0.0,2.128614,0.7891199999999999,SWE,GHA,841899
4056889,216,83,8854,2002,2011.0,0.0,0.432041,1.627953,THA,GHA,841899
4056890,231,83,8854,2002,32328.0,0.0,1.821594,0.231296,USA,GHA,841899
4056891,246,83,8854,2002,18963.0,0.0,0.395943,2.392458,ZAF,GHA,841899
4056892,249,83,8854,2002,10317.0,0.0,1.683858,1.333601,TWN,GHA,841899
4056893,250,83,8854,2002,1394.0,0.0,0.734927,-0.40114099999999997,ANS,GHA,841899
4056894,15,134,8854,2002,123419.0,0.0,1.8651200000000001,0.48423900000000003,AUT,MAR,841899
4056895,18,134,8854,2002,87267.0,0.0,1.4097469999999999,1.440169,BEL,MAR,841899
4056896,43,134,8854,2002,117101.0,0.0,0.576746,2.7995520000000003,CHN,MAR,841899
4056897,61,134,8854,2002,221358.0,0.0,2.297691,-2.183239,DEU,MAR,841899
4056898,64,134,8854,2002,8328.0,0.0,1.26594,1.225186,DNK,MAR,841899
4056899,68,134,8854,2002,50725.0,0.0,-0.377127,0.549439,EGY,MAR,841899
4056900,71,134,8854,2002,8064060.0,5713.0,1.012246,2.049594,ESP,MAR,841899
4056901,77,134,8854,2002,4416226.0,0.0,1.569367,0.9886360000000001,FRA,MAR,841899
4056902,81,134,8854,2002,2011.0,0.0,1.893177,0.831382,GBR,MAR,841899
4056903,90,134,8854,2002,34524.0,0.0,0.31858000000000003,1.47417,GRC,MAR,841899
4056904,109,134,8854,2002,25768.0,0.0,0.23601999999999998,-0.34781,ISL,MAR,841899
4056905,111,134,8854,2002,2298633.0,0.0,1.377604,1.2470510000000001,ITA,MAR,841899
4056906,114,134,8854,2002,7194.0,0.0,2.556057,0.497673,JPN,MAR,841899
4056907,121,134,8854,2002,16898.0,0.0,1.186816,1.075947,KOR,MAR,841899
4056908,162,134,8854,2002,386615.0,0.0,1.206176,1.7136360000000002,NLD,MAR,841899
4056909,163,134,8854,2002,8699.0,0.0,1.110882,0.17164100000000002,NOR,MAR,841899
4056910,179,134,8854,2002,17608.0,0.0,0.484407,1.6500080000000001,PRT,MAR,841899
4056911,185,134,8854,2002,912.0,0.0,0.29888200000000004,0.980376,ROU,MAR,841899
4056912,190,134,8854,2002,0.0,4766.0,-1.499925,-1.228374,SDN,MAR,841899
4056913,191,134,8854,2002,0.0,3440.0,-0.43679700000000005,-0.484176,SEN,MAR,841899
4056914,208,134,8854,2002,11638.0,15953.0,2.128614,0.7891199999999999,SWE,MAR,841899
4056915,224,134,8854,2002,39834.0,0.0,0.11263699999999999,1.83925,TUR,MAR,841899
4056916,231,134,8854,2002,3712.0,0.0,1.821594,0.231296,USA,MAR,841899
4056917,249,134,8854,2002,8283.0,0.0,1.683858,1.333601,TWN,MAR,841899
4056918,250,134,8854,2002,0.0,22521.0,0.734927,-0.40114099999999997,ANS,MAR,841899
4056919,18,141,8854,2002,13209.0,0.0,1.4097469999999999,1.440169,BEL,MLI,841899
4056920,21,141,8854,2002,0.0,2145.0,-0.477813,-0.647148,BFA,MLI,841899
4056921,43,141,8854,2002,2132.0,0.0,0.576746,2.7995520000000003,CHN,MLI,841899
4056922,44,141,8854,2002,1314.0,544.0,-0.816327,-0.711765,CIV,MLI,841899
4056923,64,141,8854,2002,3173.0,0.0,1.26594,1.225186,DNK,MLI,841899
4056924,77,141,8854,2002,41249.0,0.0,1.569367,0.9886360000000001,FRA,MLI,841899
4056925,104,141,8854,2002,4445.0,0.0,0.380867,2.608955,IND,MLI,841899
4056926,111,141,8854,2002,10977.0,0.0,1.377604,1.2470510000000001,ITA,MLI,841899
4056927,126,141,8854,2002,1522.0,0.0,-0.568615,-1.172261,LBY,MLI,841899
4056928,131,141,8854,2002,12852.0,0.0,1.605378,1.152973,LUX,MLI,841899
4056929,188,141,8854,2002,626.0,0.0,0.082107,-0.843317,SAU,MLI,841899
4056930,191,141,8854,2002,1598.0,0.0,-0.43679700000000005,-0.484176,SEN,MLI,841899
4056931,231,141,8854,2002,21974.0,0.0,1.821594,0.231296,USA,MLI,841899
4056932,246,141,8854,2002,5731.0,0.0,0.395943,2.392458,ZAF,MLI,841899
4056933,43,147,8854,2002,1213.0,0.0,0.576746,2.7995520000000003,CHN,MOZ,841899
4056934,114,147,8854,2002,7989.0,0.0,2.556057,0.497673,JPN,MOZ,841899
4056935,152,147,8854,2002,0.0,2569.0,-1.441416,-1.214651,MWI,MOZ,841899
4056936,162,147,8854,2002,1360.0,0.0,1.206176,1.7136360000000002,NLD,MOZ,841899
4056937,179,147,8854,2002,6210.0,0.0,0.484407,1.6500080000000001,PRT,MOZ,841899
4056938,208,147,8854,2002,12732.0,0.0,2.128614,0.7891199999999999,SWE,MOZ,841899
4056939,209,147,8854,2002,721.0,0.0,0.49801599999999996,-0.139709,SWZ,MOZ,841899
4056940,246,147,8854,2002,295512.0,0.0,0.395943,2.392458,ZAF,MOZ,841899
4056941,248,147,8854,2002,1243.0,0.0,-0.309483,0.271457,ZWE,MOZ,841899
4056942,250,147,8854,2002,0.0,1704.0,0.734927,-0.40114099999999997,ANS,MOZ,841899
4056943,2,155,8854,2002,0.0,22247.0,-2.018135,-1.222751,AGO,NAM,841899
4056944,14,155,8854,2002,4781.0,0.0,0.231386,0.771628,AUS,NAM,841899
4056945,15,155,8854,2002,1994.0,0.0,1.8651200000000001,0.48423900000000003,AUT,NAM,841899
4056946,37,155,8854,2002,0.0,2040.0,-0.14025,-1.018399,BWA,NAM,841899
4056947,71,155,8854,2002,80598.0,0.0,1.012246,2.049594,ESP,NAM,841899
4056948,81,155,8854,2002,13861.0,1116.0,1.893177,0.831382,GBR,NAM,841899
4056949,111,155,8854,2002,802.0,0.0,1.377604,1.2470510000000001,ITA,NAM,841899
4056950,163,155,8854,2002,14559.0,0.0,1.110882,0.17164100000000002,NOR,NAM,841899
4056951,228,155,8854,2002,27099.0,0.0,0.835485,0.872135,UKR,NAM,841899
4056952,231,155,8854,2002,76900.0,0.0,1.821594,0.231296,USA,NAM,841899
4056953,234,155,8854,2002,0.0,83409.0,-0.340281,-0.661246,VCT,NAM,841899
4056954,246,155,8854,2002,798859.0,282.0,0.395943,2.392458,ZAF,NAM,841899
4056955,250,155,8854,2002,1127.0,0.0,0.734927,-0.40114099999999997,ANS,NAM,841899
4056956,15,159,8854,2002,5571.0,0.0,1.8651200000000001,0.48423900000000003,AUT,NGA,841899
4056957,18,159,8854,2002,112196.0,0.0,1.4097469999999999,1.440169,BEL,NGA,841899
4056958,41,159,8854,2002,29006.0,0.0,2.218095,0.620946,CHE,NGA,841899
4056959,43,159,8854,2002,3260047.0,0.0,0.576746,2.7995520000000003,CHN,NGA,841899
4056960,61,159,8854,2002,1629752.0,0.0,2.297691,-2.183239,DEU,NGA,841899
4056961,64,159,8854,2002,194087.0,0.0,1.26594,1.225186,DNK,NGA,841899
4056962,71,159,8854,2002,34924.0,0.0,1.012246,2.049594,ESP,NGA,841899
4056963,77,159,8854,2002,562104.0,0.0,1.569367,0.9886360000000001,FRA,NGA,841899
4056964,81,159,8854,2002,752088.0,1547.0,1.893177,0.831382,GBR,NGA,841899
4056965,90,159,8854,2002,220613.0,0.0,0.31858000000000003,1.47417,GRC,NGA,841899
4056966,104,159,8854,2002,12904.0,3552.0,0.380867,2.608955,IND,NGA,841899
4056967,110,159,8854,2002,58088.0,0.0,1.334174,0.654331,ISR,NGA,841899
4056968,111,159,8854,2002,2502124.0,0.0,1.377604,1.2470510000000001,ITA,NGA,841899
4056969,114,159,8854,2002,1993.0,0.0,2.556057,0.497673,JPN,NGA,841899
4056970,121,159,8854,2002,2011.0,0.0,1.186816,1.075947,KOR,NGA,841899
4056971,131,159,8854,2002,29891.0,0.0,1.605378,1.152973,LUX,NGA,841899
4056972,153,159,8854,2002,77797.0,0.0,0.704957,0.243398,MYS,NGA,841899
4056973,162,159,8854,2002,2352225.0,0.0,1.206176,1.7136360000000002,NLD,NGA,841899
4056974,192,159,8854,2002,1171.0,0.0,1.481857,0.648889,SGP,NGA,841899
4056975,216,159,8854,2002,428825.0,0.0,0.432041,1.627953,THA,NGA,841899
4056976,231,159,8854,2002,130580.0,0.0,1.821594,0.231296,USA,NGA,841899
4056977,246,159,8854,2002,43103.0,0.0,0.395943,2.392458,ZAF,NGA,841899
4056978,249,159,8854,2002,23927.0,0.0,1.683858,1.333601,TWN,NGA,841899
4056979,18,191,8854,2002,162308.0,0.0,1.4097469999999999,1.440169,BEL,SEN,841899
4056980,43,191,8854,2002,66091.0,0.0,0.576746,2.7995520000000003,CHN,SEN,841899
4056981,61,191,8854,2002,1694.0,0.0,2.297691,-2.183239,DEU,SEN,841899
4056982,64,191,8854,2002,1524.0,0.0,1.26594,1.225186,DNK,SEN,841899
4056983,71,191,8854,2002,7227.0,0.0,1.012246,2.049594,ESP,SEN,841899
4056984,77,191,8854,2002,514976.0,0.0,1.569367,0.9886360000000001,FRA,SEN,841899
4056985,90,191,8854,2002,615.0,0.0,0.31858000000000003,1.47417,GRC,SEN,841899
4056986,111,191,8854,2002,235720.0,0.0,1.377604,1.2470510000000001,ITA,SEN,841899
4056987,121,191,8854,2002,49323.0,0.0,1.186816,1.075947,KOR,SEN,841899
4056988,124,191,8854,2002,918.0,0.0,0.2729,1.254232,LBN,SEN,841899
4056989,131,191,8854,2002,57642.0,0.0,1.605378,1.152973,LUX,SEN,841899
4056990,134,191,8854,2002,3440.0,0.0,-0.810467,-0.34807899999999997,MAR,SEN,841899
4056991,141,191,8854,2002,0.0,1598.0,-0.8948520000000001,-0.863375,MLI,SEN,841899
4056992,162,191,8854,2002,24791.0,0.0,1.206176,1.7136360000000002,NLD,SEN,841899
4056993,208,191,8854,2002,3224.0,0.0,2.128614,0.7891199999999999,SWE,SEN,841899
4056994,231,191,8854,2002,86175.0,0.0,1.821594,0.231296,USA,SEN,841899
4056995,61,203,8854,2002,1983.0,0.0,2.297691,-2.183239,DEU,STP,841899
4056996,111,203,8854,2002,6191.0,0.0,1.377604,1.2470510000000001,ITA,STP,841899
4056997,162,203,8854,2002,5459.0,0.0,1.206176,1.7136360000000002,NLD,STP,841899
4056998,179,203,8854,2002,14690.0,0.0,0.484407,1.6500080000000001,PRT,STP,841899
4056999,18,215,8854,2002,45647.0,0.0,1.4097469999999999,1.440169,BEL,TGO,841899
4057000,19,215,8854,2002,0.0,6946.0,-0.724829,-0.705625,BEN,TGO,841899
4057001,61,215,8854,2002,823.0,0.0,2.297691,-2.183239,DEU,TGO,841899
4057002,64,215,8854,2002,84585.0,0.0,1.26594,1.225186,DNK,TGO,841899
4057003,77,215,8854,2002,28901.0,0.0,1.569367,0.9886360000000001,FRA,TGO,841899
4057004,111,215,8854,2002,13786.0,0.0,1.377604,1.2470510000000001,ITA,TGO,841899
4057005,208,215,8854,2002,2242.0,0.0,2.128614,0.7891199999999999,SWE,TGO,841899
4057006,7,227,8854,2002,13205.0,0.0,0.044683,-0.247191,ARE,UGA,841899
4057007,18,227,8854,2002,2198.0,0.0,1.4097469999999999,1.440169,BEL,UGA,841899
4057008,61,227,8854,2002,1566.0,0.0,2.297691,-2.183239,DEU,UGA,841899
4057009,64,227,8854,2002,85939.0,0.0,1.26594,1.225186,DNK,UGA,841899
4057010,81,227,8854,2002,47090.0,0.0,1.893177,0.831382,GBR,UGA,841899
4057011,90,227,8854,2002,16862.0,0.0,0.31858000000000003,1.47417,GRC,UGA,841899
4057012,104,227,8854,2002,6959.0,0.0,0.380867,2.608955,IND,UGA,841899
4057013,111,227,8854,2002,60621.0,0.0,1.377604,1.2470510000000001,ITA,UGA,841899
4057014,116,227,8854,2002,11999.0,0.0,-0.555812,0.169204,KEN,UGA,841899
4057015,121,227,8854,2002,732.0,0.0,1.186816,1.075947,KOR,UGA,841899
4057016,162,227,8854,2002,83480.0,0.0,1.206176,1.7136360000000002,NLD,UGA,841899
4057017,231,227,8854,2002,9086.0,0.0,1.821594,0.231296,USA,UGA,841899
4057018,246,227,8854,2002,5808.0,0.0,0.395943,2.392458,ZAF,UGA,841899
4057019,18,247,8854,2002,725.0,0.0,1.4097469999999999,1.440169,BEL,ZMB,841899
4057020,61,247,8854,2002,2123.0,0.0,2.297691,-2.183239,DEU,ZMB,841899
4057021,64,247,8854,2002,24227.0,0.0,1.26594,1.225186,DNK,ZMB,841899
4057022,114,247,8854,2002,55733.0,0.0,2.556057,0.497673,JPN,ZMB,841899
4057023,231,247,8854,2002,8716.0,0.0,1.821594,0.231296,USA,ZMB,841899
4057024,246,247,8854,2002,432940.0,0.0,0.395943,2.392458,ZAF,ZMB,841899
4057025,248,247,8854,2002,1411.0,0.0,-0.309483,0.271457,ZWE,ZMB,841899
4057026,7,248,8854,2002,18209.0,0.0,0.044683,-0.247191,ARE,ZWE,841899
4057027,37,248,8854,2002,2086.0,0.0,-0.14025,-1.018399,BWA,ZWE,841899
4057028,61,248,8854,2002,1753.0,0.0,2.297691,-2.183239,DEU,ZWE,841899
4057029,64,248,8854,2002,7909.0,0.0,1.26594,1.225186,DNK,ZWE,841899
4057030,77,248,8854,2002,4702.0,0.0,1.569367,0.9886360000000001,FRA,ZWE,841899
4057031,81,248,8854,2002,21294.0,0.0,1.893177,0.831382,GBR,ZWE,841899
4057032,111,248,8854,2002,8995.0,0.0,1.377604,1.2470510000000001,ITA,ZWE,841899
4057033,147,248,8854,2002,0.0,1243.0,-0.947259,-1.047883,MOZ,ZWE,841899
4057034,162,248,8854,2002,2625.0,0.0,1.206176,1.7136360000000002,NLD,ZWE,841899
4057035,216,248,8854,2002,2754.0,0.0,0.432041,1.627953,THA,ZWE,841899
4057036,226,248,8854,2002,0.0,851.0,-1.189463,-0.48640600000000006,TZA,ZWE,841899
4057037,231,248,8854,2002,27689.0,0.0,1.821594,0.231296,USA,ZWE,841899
4057038,246,248,8854,2002,420472.0,1489.0,0.395943,2.392458,ZAF,ZWE,841899
4057039,247,248,8854,2002,0.0,1411.0,-0.654686,-0.545346,ZMB,ZWE,841899
4057040,249,248,8854,2002,3083.0,0.0,1.683858,1.333601,TWN,ZWE,841899
4057041,39,120,8854,2002,2771.0,0.0,0.9963280000000001,1.1922110000000001,CAN,KNA,841899
4057042,81,120,8854,2002,2131.0,0.0,1.893177,0.831382,GBR,KNA,841899
4057043,112,120,8854,2002,784.0,0.0,-0.604813,-0.9309860000000001,JAM,KNA,841899
4057044,114,120,8854,2002,2294.0,0.0,2.556057,0.497673,JPN,KNA,841899
4057045,138,120,8854,2002,641.0,0.0,0.942061,0.6311260000000001,MEX,KNA,841899
4057046,222,120,8854,2002,24929.0,0.0,0.074907,-0.8203879999999999,TTO,KNA,841899
4057047,231,120,8854,2002,15316.0,0.0,1.821594,0.231296,USA,KNA,841899
4057048,64,152,8854,2002,1536.0,0.0,1.26594,1.225186,DNK,MWI,841899
4057049,147,152,8854,2002,2569.0,0.0,-0.947259,-1.047883,MOZ,MWI,841899
4057050,246,152,8854,2002,153826.0,0.0,0.395943,2.392458,ZAF,MWI,841899
4057051,14,176,8854,2002,971417.0,0.0,0.231386,0.771628,AUS,PNG,841899
4057052,43,176,8854,2002,1062.0,0.0,0.576746,2.7995520000000003,CHN,PNG,841899
4057053,111,176,8854,2002,1998.0,0.0,1.377604,1.2470510000000001,ITA,PNG,841899
4057054,114,176,8854,2002,2335.0,2283.0,2.556057,0.497673,JPN,PNG,841899
4057055,121,176,8854,2002,1281.0,0.0,1.186816,1.075947,KOR,PNG,841899
4057056,153,176,8854,2002,49255.0,0.0,0.704957,0.243398,MYS,PNG,841899
4057057,166,176,8854,2002,123453.0,0.0,0.542585,0.854243,NZL,PNG,841899
4057058,231,176,8854,2002,1393.0,0.0,1.821594,0.231296,USA,PNG,841899
4057059,249,176,8854,2002,2348.0,0.0,1.683858,1.333601,TWN,PNG,841899
4057060,64,234,8854,2002,3776.0,0.0,1.26594,1.225186,DNK,VCT,841899
4057061,77,234,8854,2002,5979.0,0.0,1.569367,0.9886360000000001,FRA,VCT,841899
4057062,81,234,8854,2002,1674.0,0.0,1.893177,0.831382,GBR,VCT,841899
4057063,111,234,8854,2002,1412.0,0.0,1.377604,1.2470510000000001,ITA,VCT,841899
4057064,155,234,8854,2002,83409.0,0.0,-0.314161,-0.521778,NAM,VCT,841899
4057065,222,234,8854,2002,66794.0,0.0,0.074907,-0.8203879999999999,TTO,VCT,841899
4057066,231,234,8854,2002,4825.0,0.0,1.821594,0.231296,USA,VCT,841899
4057067,7,24,8854,2002,33694.0,0.0,0.044683,-0.247191,ARE,BHR,841899
4057068,14,24,8854,2002,486.0,0.0,0.231386,0.771628,AUS,BHR,841899
4057069,15,24,8854,2002,2972.0,0.0,1.8651200000000001,0.48423900000000003,AUT,BHR,841899
4057070,18,24,8854,2002,52228.0,0.0,1.4097469999999999,1.440169,BEL,BHR,841899
4057071,32,24,8854,2002,2894.0,0.0,0.677883,1.0227190000000002,BRA,BHR,841899
4057072,39,24,8854,2002,2969.0,0.0,0.9963280000000001,1.1922110000000001,CAN,BHR,841899
4057073,41,24,8854,2002,5369.0,0.0,2.218095,0.620946,CHE,BHR,841899
4057074,43,24,8854,2002,29142.0,0.0,0.576746,2.7995520000000003,CHN,BHR,841899
4057075,61,24,8854,2002,113966.0,0.0,2.297691,-2.183239,DEU,BHR,841899
4057076,64,24,8854,2002,7400.0,0.0,1.26594,1.225186,DNK,BHR,841899
4057077,71,24,8854,2002,14128.0,0.0,1.012246,2.049594,ESP,BHR,841899
4057078,77,24,8854,2002,226463.0,0.0,1.569367,0.9886360000000001,FRA,BHR,841899
4057079,81,24,8854,2002,33074.0,0.0,1.893177,0.831382,GBR,BHR,841899
4057080,97,24,8854,2002,0.0,21363.0,0.5701109999999999,1.989357,HKG,BHR,841899
4057081,104,24,8854,2002,1308.0,0.0,0.380867,2.608955,IND,BHR,841899
4057082,106,24,8854,2002,10535.0,0.0,1.7232880000000002,0.091172,IRL,BHR,841899
4057083,111,24,8854,2002,89878.0,0.0,1.377604,1.2470510000000001,ITA,BHR,841899
4057084,114,24,8854,2002,31009.0,0.0,2.556057,0.497673,JPN,BHR,841899
4057085,121,24,8854,2002,5981.0,0.0,1.186816,1.075947,KOR,BHR,841899
4057086,122,24,8854,2002,3198.0,0.0,-0.6629550000000001,-1.157214,KWT,BHR,841899
4057087,162,24,8854,2002,30812.0,0.0,1.206176,1.7136360000000002,NLD,BHR,841899
4057088,166,24,8854,2002,1241.0,0.0,0.542585,0.854243,NZL,BHR,841899
4057089,183,24,8854,2002,0.0,632.0,-0.306052,-1.098296,QAT,BHR,841899
4057090,188,24,8854,2002,29962.0,172403.0,0.082107,-0.843317,SAU,BHR,841899
4057091,192,24,8854,2002,24380.0,0.0,1.481857,0.648889,SGP,BHR,841899
4057092,208,24,8854,2002,4893.0,0.0,2.128614,0.7891199999999999,SWE,BHR,841899
4057093,216,24,8854,2002,49009.0,0.0,0.432041,1.627953,THA,BHR,841899
4057094,224,24,8854,2002,8761.0,0.0,0.11263699999999999,1.83925,TUR,BHR,841899
4057095,231,24,8854,2002,298935.0,0.0,1.821594,0.231296,USA,BHR,841899
4057096,246,24,8854,2002,2279.0,0.0,0.395943,2.392458,ZAF,BHR,841899
4057097,249,24,8854,2002,8955.0,0.0,1.683858,1.333601,TWN,BHR,841899
4057098,15,26,8854,2002,174397.0,0.0,1.8651200000000001,0.48423900000000003,AUT,BIH,841899
4057099,61,26,8854,2002,134000.0,0.0,2.297691,-2.183239,DEU,BIH,841899
4057100,90,26,8854,2002,21004.0,0.0,0.31858000000000003,1.47417,GRC,BIH,841899
4057101,100,26,8854,2002,433014.0,32555.0,0.591276,1.030723,HRV,BIH,841899
4057102,102,26,8854,2002,10000.0,0.0,1.179684,1.0574860000000001,HUN,BIH,841899
4057103,111,26,8854,2002,1263424.0,3365.0,1.377604,1.2470510000000001,ITA,BIH,841899
4057104,185,26,8854,2002,1000.0,0.0,0.29888200000000004,0.980376,ROU,BIH,841899
4057105,189,26,8854,2002,28761.0,38489.0,0.55781,2.135925,SCG,BIH,841899
4057106,207,26,8854,2002,675706.0,0.0,1.5643770000000001,1.043862,SVN,BIH,841899
4057107,224,26,8854,2002,296574.0,0.0,0.11263699999999999,1.83925,TUR,BIH,841899
4057108,231,26,8854,2002,6000.0,0.0,1.821594,0.231296,USA,BIH,841899
4057109,14,100,8854,2002,3229.0,0.0,0.231386,0.771628,AUS,HRV,841899
4057110,15,100,8854,2002,181022.0,9785.0,1.8651200000000001,0.48423900000000003,AUT,HRV,841899
4057111,18,100,8854,2002,91909.0,0.0,1.4097469999999999,1.440169,BEL,HRV,841899
4057112,23,100,8854,2002,0.0,802.0,0.37451100000000004,1.573517,BGR,HRV,841899
4057113,26,100,8854,2002,32555.0,433014.0,0.26339,0.30287,BIH,HRV,841899
4057114,41,100,8854,2002,858.0,4072.0,2.218095,0.620946,CHE,HRV,841899
4057115,43,100,8854,2002,748.0,0.0,0.576746,2.7995520000000003,CHN,HRV,841899
4057116,59,100,8854,2002,8208.0,0.0,1.550713,1.037066,CZE,HRV,841899
4057117,61,100,8854,2002,340924.0,192632.0,2.297691,-2.183239,DEU,HRV,841899
4057118,64,100,8854,2002,369178.0,1140.0,1.26594,1.225186,DNK,HRV,841899
4057119,71,100,8854,2002,41340.0,0.0,1.012246,2.049594,ESP,HRV,841899
4057120,72,100,8854,2002,0.0,3475.0,0.54511,0.9135979999999999,EST,HRV,841899
4057121,77,100,8854,2002,64574.0,0.0,1.569367,0.9886360000000001,FRA,HRV,841899
4057122,81,100,8854,2002,15752.0,0.0,1.893177,0.831382,GBR,HRV,841899
4057123,90,100,8854,2002,12205.0,0.0,0.31858000000000003,1.47417,GRC,HRV,841899
4057124,102,100,8854,2002,21704.0,9841.0,1.179684,1.0574860000000001,HUN,HRV,841899
4057125,106,100,8854,2002,85088.0,0.0,1.7232880000000002,0.091172,IRL,HRV,841899
4057126,111,100,8854,2002,3382644.0,6015.0,1.377604,1.2470510000000001,ITA,HRV,841899
4057127,114,100,8854,2002,2231.0,0.0,2.556057,0.497673,JPN,HRV,841899
4057128,130,100,8854,2002,21875.0,0.0,0.23102399999999998,0.586078,LTU,HRV,841899
4057129,140,100,8854,2002,0.0,2211.0,-0.030274000000000002,0.359317,MKD,HRV,841899
4057130,162,100,8854,2002,61276.0,0.0,1.206176,1.7136360000000002,NLD,HRV,841899
4057131,163,100,8854,2002,9457.0,0.0,1.110882,0.17164100000000002,NOR,HRV,841899
4057132,185,100,8854,2002,2522.0,1291.0,0.29888200000000004,0.980376,ROU,HRV,841899
4057133,189,100,8854,2002,1038.0,12768.0,0.55781,2.135925,SCG,HRV,841899
4057134,206,100,8854,2002,62319.0,12142.0,1.1907379999999999,1.050649,SVK,HRV,841899
4057135,207,100,8854,2002,540960.0,184579.0,1.5643770000000001,1.043862,SVN,HRV,841899
4057136,208,100,8854,2002,18879.0,36190.0,2.128614,0.7891199999999999,SWE,HRV,841899
4057137,224,100,8854,2002,100863.0,58014.0,0.11263699999999999,1.83925,TUR,HRV,841899
4057138,231,100,8854,2002,1828.0,13130.0,1.821594,0.231296,USA,HRV,841899
4057139,18,109,8854,2002,67822.0,0.0,1.4097469999999999,1.440169,BEL,ISL,841899
4057140,39,109,8854,2002,3307.0,7082.0,0.9963280000000001,1.1922110000000001,CAN,ISL,841899
4057141,41,109,8854,2002,7303.0,0.0,2.218095,0.620946,CHE,ISL,841899
4057142,42,109,8854,2002,0.0,4006.0,-0.035264,-0.101796,CHL,ISL,841899
4057143,43,109,8854,2002,6635.0,0.0,0.576746,2.7995520000000003,CHN,ISL,841899
4057144,61,109,8854,2002,120114.0,0.0,2.297691,-2.183239,DEU,ISL,841899
4057145,64,109,8854,2002,181899.0,188748.0,1.26594,1.225186,DNK,ISL,841899
4057146,71,109,8854,2002,12013.0,0.0,1.012246,2.049594,ESP,ISL,841899
4057147,74,109,8854,2002,17474.0,0.0,2.0234240000000003,0.979141,FIN,ISL,841899
4057148,77,109,8854,2002,44731.0,6751.0,1.569367,0.9886360000000001,FRA,ISL,841899
4057149,78,109,8854,2002,0.0,2532.0,-0.410455,-0.821335,FRO,ISL,841899
4057150,81,109,8854,2002,32039.0,19081.0,1.893177,0.831382,GBR,ISL,841899
4057151,92,109,8854,2002,0.0,6866.0,-0.592221,-0.8956799999999999,GRL,ISL,841899
4057152,106,109,8854,2002,0.0,18559.0,1.7232880000000002,0.091172,IRL,ISL,841899
4057153,110,109,8854,2002,2181.0,0.0,1.334174,0.654331,ISR,ISL,841899
4057154,111,109,8854,2002,195184.0,0.0,1.377604,1.2470510000000001,ITA,ISL,841899
4057155,114,109,8854,2002,1546.0,0.0,2.556057,0.497673,JPN,ISL,841899
4057156,132,109,8854,2002,0.0,16555.0,0.45210200000000006,0.515388,LVA,ISL,841899
4057157,134,109,8854,2002,0.0,25768.0,-0.810467,-0.34807899999999997,MAR,ISL,841899
4057158,162,109,8854,2002,132239.0,1758.0,1.206176,1.7136360000000002,NLD,ISL,841899
4057159,163,109,8854,2002,136883.0,0.0,1.110882,0.17164100000000002,NOR,ISL,841899
4057160,166,109,8854,2002,0.0,2558.0,0.542585,0.854243,NZL,ISL,841899
4057161,208,109,8854,2002,38980.0,4306.0,2.128614,0.7891199999999999,SWE,ISL,841899
4057162,231,109,8854,2002,15528.0,115544.0,1.821594,0.231296,USA,ISL,841899
4057163,15,126,8854,2002,35133.0,0.0,1.8651200000000001,0.48423900000000003,AUT,LBY,841899
4057164,43,126,8854,2002,6507.0,0.0,0.576746,2.7995520000000003,CHN,LBY,841899
4057165,61,126,8854,2002,94000.0,0.0,2.297691,-2.183239,DEU,LBY,841899
4057166,68,126,8854,2002,578318.0,0.0,-0.377127,0.549439,EGY,LBY,841899
4057167,71,126,8854,2002,8821.0,0.0,1.012246,2.049594,ESP,LBY,841899
4057168,77,126,8854,2002,54767.0,0.0,1.569367,0.9886360000000001,FRA,LBY,841899
4057169,81,126,8854,2002,153408.0,0.0,1.893177,0.831382,GBR,LBY,841899
4057170,102,126,8854,2002,35000.0,0.0,1.179684,1.0574860000000001,HUN,LBY,841899
4057171,104,126,8854,2002,105062.0,0.0,0.380867,2.608955,IND,LBY,841899
4057172,106,126,8854,2002,177017.0,0.0,1.7232880000000002,0.091172,IRL,LBY,841899
4057173,111,126,8854,2002,1205935.0,0.0,1.377604,1.2470510000000001,ITA,LBY,841899
4057174,114,126,8854,2002,2319.0,0.0,2.556057,0.497673,JPN,LBY,841899
4057175,121,126,8854,2002,4873.0,0.0,1.186816,1.075947,KOR,LBY,841899
4057176,141,126,8854,2002,0.0,1522.0,-0.8948520000000001,-0.863375,MLI,LBY,841899
4057177,163,126,8854,2002,5787.0,0.0,1.110882,0.17164100000000002,NOR,LBY,841899
4057178,208,126,8854,2002,129892.0,0.0,2.128614,0.7891199999999999,SWE,LBY,841899
4057179,223,126,8854,2002,192710.0,0.0,-0.221951,0.325506,TUN,LBY,841899
4057180,224,126,8854,2002,100227.0,0.0,0.11263699999999999,1.83925,TUR,LBY,841899
4057181,246,126,8854,2002,6745.0,0.0,0.395943,2.392458,ZAF,LBY,841899
4057182,249,126,8854,2002,4605.0,0.0,1.683858,1.333601,TWN,LBY,841899
4057183,15,135,8854,2002,3304.0,0.0,1.8651200000000001,0.48423900000000003,AUT,MDA,841899
4057184,18,135,8854,2002,53979.0,0.0,1.4097469999999999,1.440169,BEL,MDA,841899
4057185,28,135,8854,2002,1461.0,0.0,0.825865,1.0148979999999999,BLR,MDA,841899
4057186,41,135,8854,2002,2814.0,0.0,2.218095,0.620946,CHE,MDA,841899
4057187,59,135,8854,2002,1903.0,0.0,1.550713,1.037066,CZE,MDA,841899
4057188,61,135,8854,2002,94562.0,0.0,2.297691,-2.183239,DEU,MDA,841899
4057189,64,135,8854,2002,55843.0,0.0,1.26594,1.225186,DNK,MDA,841899
4057190,77,135,8854,2002,53156.0,0.0,1.569367,0.9886360000000001,FRA,MDA,841899
4057191,106,135,8854,2002,10816.0,0.0,1.7232880000000002,0.091172,IRL,MDA,841899
4057192,111,135,8854,2002,53074.0,0.0,1.377604,1.2470510000000001,ITA,MDA,841899
4057193,162,135,8854,2002,117218.0,0.0,1.206176,1.7136360000000002,NLD,MDA,841899
4057194,177,135,8854,2002,907.0,0.0,0.931642,1.721727,POL,MDA,841899
4057195,185,135,8854,2002,4964.0,16818.0,0.29888200000000004,0.980376,ROU,MDA,841899
4057196,186,135,8854,2002,3749.0,3884.0,1.109397,0.424229,RUS,MDA,841899
4057197,224,135,8854,2002,4476.0,0.0,0.11263699999999999,1.83925,TUR,MDA,841899
4057198,228,135,8854,2002,31922.0,7262.0,0.835485,0.872135,UKR,MDA,841899
4057199,15,140,8854,2002,5107.0,0.0,1.8651200000000001,0.48423900000000003,AUT,MKD,841899
4057200,23,140,8854,2002,1231.0,0.0,0.37451100000000004,1.573517,BGR,MKD,841899
4057201,41,140,8854,2002,2782.0,0.0,2.218095,0.620946,CHE,MKD,841899
4057202,61,140,8854,2002,6648.0,0.0,2.297691,-2.183239,DEU,MKD,841899
4057203,64,140,8854,2002,2756.0,0.0,1.26594,1.225186,DNK,MKD,841899
4057204,77,140,8854,2002,31614.0,0.0,1.569367,0.9886360000000001,FRA,MKD,841899
4057205,90,140,8854,2002,67984.0,0.0,0.31858000000000003,1.47417,GRC,MKD,841899
4057206,100,140,8854,2002,2211.0,0.0,0.591276,1.030723,HRV,MKD,841899
4057207,106,140,8854,2002,2524.0,0.0,1.7232880000000002,0.091172,IRL,MKD,841899
4057208,111,140,8854,2002,606269.0,232046.0,1.377604,1.2470510000000001,ITA,MKD,841899
4057209,162,140,8854,2002,965306.0,0.0,1.206176,1.7136360000000002,NLD,MKD,841899
4057210,185,140,8854,2002,832.0,0.0,0.29888200000000004,0.980376,ROU,MKD,841899
4057211,189,140,8854,2002,9519.0,0.0,0.55781,2.135925,SCG,MKD,841899
4057212,206,140,8854,2002,3783.0,0.0,1.1907379999999999,1.050649,SVK,MKD,841899
4057213,207,140,8854,2002,234344.0,0.0,1.5643770000000001,1.043862,SVN,MKD,841899
4057214,224,140,8854,2002,41357.0,0.0,0.11263699999999999,1.83925,TUR,MKD,841899
4057215,14,143,8854,2002,20499.0,0.0,0.231386,0.771628,AUS,MMR,841899
4057216,18,143,8854,2002,11112.0,0.0,1.4097469999999999,1.440169,BEL,MMR,841899
4057217,43,143,8854,2002,146368.0,0.0,0.576746,2.7995520000000003,CHN,MMR,841899
4057218,61,143,8854,2002,3000.0,0.0,2.297691,-2.183239,DEU,MMR,841899
4057219,64,143,8854,2002,62024.0,0.0,1.26594,1.225186,DNK,MMR,841899
4057220,68,143,8854,2002,0.0,112213.0,-0.377127,0.549439,EGY,MMR,841899
4057221,77,143,8854,2002,7570.0,0.0,1.569367,0.9886360000000001,FRA,MMR,841899
4057222,104,143,8854,2002,229617.0,0.0,0.380867,2.608955,IND,MMR,841899
4057223,114,143,8854,2002,1623.0,0.0,2.556057,0.497673,JPN,MMR,841899
4057224,121,143,8854,2002,859757.0,0.0,1.186816,1.075947,KOR,MMR,841899
4057225,153,143,8854,2002,1421.0,0.0,0.704957,0.243398,MYS,MMR,841899
4057226,162,143,8854,2002,4740.0,0.0,1.206176,1.7136360000000002,NLD,MMR,841899
4057227,192,143,8854,2002,1068780.0,0.0,1.481857,0.648889,SGP,MMR,841899
4057228,216,143,8854,2002,107453.0,0.0,0.432041,1.627953,THA,MMR,841899
4057229,14,178,8854,2002,0.0,629468.0,0.231386,0.771628,AUS,PRK,841899
4057230,43,178,8854,2002,16533.0,0.0,0.576746,2.7995520000000003,CHN,PRK,841899
4057231,52,178,8854,2002,0.0,1603.0,0.03619,-0.187718,CRI,PRK,841899
4057232,61,178,8854,2002,459000.0,0.0,2.297691,-2.183239,DEU,PRK,841899
4057233,64,178,8854,2002,46207.0,0.0,1.26594,1.225186,DNK,PRK,841899
4057234,114,178,8854,2002,6398.0,0.0,2.556057,0.497673,JPN,PRK,841899
4057235,124,178,8854,2002,0.0,5224.0,0.2729,1.254232,LBN,PRK,841899
4057236,162,178,8854,2002,0.0,7572.0,1.206176,1.7136360000000002,NLD,PRK,841899
4057237,236,178,8854,2002,0.0,1060.0,0.211536,-0.715675,VEN,PRK,841899
4057238,4,189,8854,2002,1845.0,0.0,-0.127828,-0.126857,ALB,SCG,841899
4057239,15,189,8854,2002,764158.0,0.0,1.8651200000000001,0.48423900000000003,AUT,SCG,841899
4057240,18,189,8854,2002,87682.0,0.0,1.4097469999999999,1.440169,BEL,SCG,841899
4057241,23,189,8854,2002,1524.0,3559.0,0.37451100000000004,1.573517,BGR,SCG,841899
4057242,26,189,8854,2002,38489.0,28761.0,0.26339,0.30287,BIH,SCG,841899
4057243,41,189,8854,2002,1801.0,0.0,2.218095,0.620946,CHE,SCG,841899
4057244,43,189,8854,2002,1197.0,0.0,0.576746,2.7995520000000003,CHN,SCG,841899
4057245,59,189,8854,2002,7616.0,0.0,1.550713,1.037066,CZE,SCG,841899
4057246,61,189,8854,2002,120861.0,0.0,2.297691,-2.183239,DEU,SCG,841899
4057247,64,189,8854,2002,49975.0,0.0,1.26594,1.225186,DNK,SCG,841899
4057248,66,189,8854,2002,0.0,9884.0,-0.912033,-1.1731850000000001,DZA,SCG,841899
4057249,71,189,8854,2002,212852.0,0.0,1.012246,2.049594,ESP,SCG,841899
4057250,77,189,8854,2002,38878.0,1481.0,1.569367,0.9886360000000001,FRA,SCG,841899
4057251,81,189,8854,2002,3626.0,0.0,1.893177,0.831382,GBR,SCG,841899
4057252,90,189,8854,2002,278315.0,0.0,0.31858000000000003,1.47417,GRC,SCG,841899
4057253,100,189,8854,2002,12768.0,1038.0,0.591276,1.030723,HRV,SCG,841899
4057254,102,189,8854,2002,24708.0,5177.0,1.179684,1.0574860000000001,HUN,SCG,841899
4057255,106,189,8854,2002,2114.0,0.0,1.7232880000000002,0.091172,IRL,SCG,841899
4057256,111,189,8854,2002,2182124.0,0.0,1.377604,1.2470510000000001,ITA,SCG,841899
4057257,114,189,8854,2002,438.0,0.0,2.556057,0.497673,JPN,SCG,841899
4057258,140,189,8854,2002,0.0,9519.0,-0.030274000000000002,0.359317,MKD,SCG,841899
4057259,162,189,8854,2002,4077.0,0.0,1.206176,1.7136360000000002,NLD,SCG,841899
4057260,185,189,8854,2002,1203.0,0.0,0.29888200000000004,0.980376,ROU,SCG,841899
4057261,207,189,8854,2002,617399.0,1490.0,1.5643770000000001,1.043862,SVN,SCG,841899
4057262,208,189,8854,2002,47191.0,8036.0,2.128614,0.7891199999999999,SWE,SCG,841899
4057263,224,189,8854,2002,560091.0,0.0,0.11263699999999999,1.83925,TUR,SCG,841899
4057264,231,189,8854,2002,3108.0,0.0,1.821594,0.231296,USA,SCG,841899
4057265,249,189,8854,2002,1746.0,0.0,1.683858,1.333601,TWN,SCG,841899
4057266,250,189,8854,2002,34944.0,0.0,0.734927,-0.40114099999999997,ANS,SCG,841899
4057267,15,212,8854,2002,4949.0,0.0,1.8651200000000001,0.48423900000000003,AUT,SYR,841899
4057268,18,212,8854,2002,3178.0,0.0,1.4097469999999999,1.440169,BEL,SYR,841899
4057269,43,212,8854,2002,221595.0,0.0,0.576746,2.7995520000000003,CHN,SYR,841899
4057270,61,212,8854,2002,20185.0,0.0,2.297691,-2.183239,DEU,SYR,841899
4057271,64,212,8854,2002,1810.0,0.0,1.26594,1.225186,DNK,SYR,841899
4057272,68,212,8854,2002,200963.0,0.0,-0.377127,0.549439,EGY,SYR,841899
4057273,71,212,8854,2002,41498.0,0.0,1.012246,2.049594,ESP,SYR,841899
4057274,77,212,8854,2002,227392.0,0.0,1.569367,0.9886360000000001,FRA,SYR,841899
4057275,81,212,8854,2002,49047.0,0.0,1.893177,0.831382,GBR,SYR,841899
4057276,90,212,8854,2002,0.0,408.0,0.31858000000000003,1.47417,GRC,SYR,841899
4057277,104,212,8854,2002,34808.0,0.0,0.380867,2.608955,IND,SYR,841899
4057278,106,212,8854,2002,44818.0,0.0,1.7232880000000002,0.091172,IRL,SYR,841899
4057279,111,212,8854,2002,5622954.0,14296.0,1.377604,1.2470510000000001,ITA,SYR,841899
4057280,113,212,8854,2002,0.0,1589.0,0.24197600000000002,0.196635,JOR,SYR,841899
4057281,114,212,8854,2002,1604.0,0.0,2.556057,0.497673,JPN,SYR,841899
4057282,121,212,8854,2002,545392.0,0.0,1.186816,1.075947,KOR,SYR,841899
4057283,124,212,8854,2002,334427.0,68816.0,0.2729,1.254232,LBN,SYR,841899
4057284,162,212,8854,2002,129129.0,0.0,1.206176,1.7136360000000002,NLD,SYR,841899
4057285,190,212,8854,2002,0.0,47181.0,-1.499925,-1.228374,SDN,SYR,841899
4057286,208,212,8854,2002,722.0,0.0,2.128614,0.7891199999999999,SWE,SYR,841899
4057287,231,212,8854,2002,586650.0,0.0,1.821594,0.231296,USA,SYR,841899
4057288,249,212,8854,2002,17153.0,0.0,1.683858,1.333601,TWN,SYR,841899
4057289,18,85,8854,2002,6647.0,0.0,1.4097469999999999,1.440169,BEL,GIN,841899
4057290,61,85,8854,2002,12231.0,0.0,2.297691,-2.183239,DEU,GIN,841899
4057291,77,85,8854,2002,10644.0,0.0,1.569367,0.9886360000000001,FRA,GIN,841899
4057292,90,85,8854,2002,1088.0,0.0,0.31858000000000003,1.47417,GRC,GIN,841899
4057293,103,85,8854,2002,0.0,2614.0,-0.10020499999999999,1.590314,IDN,GIN,841899
4057294,104,85,8854,2002,993.0,0.0,0.380867,2.608955,IND,GIN,841899
4057295,111,85,8854,2002,7771.0,0.0,1.377604,1.2470510000000001,ITA,GIN,841899
4057296,121,85,8854,2002,104786.0,0.0,1.186816,1.075947,KOR,GIN,841899
4057297,124,85,8854,2002,12882.0,0.0,0.2729,1.254232,LBN,GIN,841899
4057298,231,85,8854,2002,7005.0,0.0,1.821594,0.231296,USA,GIN,841899
4057299,43,133,8854,2002,4789.0,0.0,0.576746,2.7995520000000003,CHN,MAC,841899
4057300,77,133,8854,2002,1088.0,0.0,1.569367,0.9886360000000001,FRA,MAC,841899
4057301,97,133,8854,2002,31649.0,1209.0,0.5701109999999999,1.989357,HKG,MAC,841899
4057302,111,133,8854,2002,641.0,0.0,1.377604,1.2470510000000001,ITA,MAC,841899
4057303,179,133,8854,2002,1458.0,1931.0,0.484407,1.6500080000000001,PRT,MAC,841899
4057304,15,168,8854,2002,4959.0,0.0,1.8651200000000001,0.48423900000000003,AUT,PAK,841899
4057305,18,168,8854,2002,2361.0,0.0,1.4097469999999999,1.440169,BEL,PAK,841899
4057306,43,168,8854,2002,1925352.0,0.0,0.576746,2.7995520000000003,CHN,PAK,841899
4057307,61,168,8854,2002,39000.0,0.0,2.297691,-2.183239,DEU,PAK,841899
4057308,64,168,8854,2002,106557.0,0.0,1.26594,1.225186,DNK,PAK,841899
4057309,77,168,8854,2002,29274.0,10138.0,1.569367,0.9886360000000001,FRA,PAK,841899
4057310,81,168,8854,2002,574931.0,0.0,1.893177,0.831382,GBR,PAK,841899
4057311,111,168,8854,2002,5420067.0,0.0,1.377604,1.2470510000000001,ITA,PAK,841899
4057312,114,168,8854,2002,1420923.0,0.0,2.556057,0.497673,JPN,PAK,841899
4057313,121,168,8854,2002,69204.0,0.0,1.186816,1.075947,KOR,PAK,841899
4057314,122,168,8854,2002,0.0,2672.0,-0.6629550000000001,-1.157214,KWT,PAK,841899
4057315,124,168,8854,2002,0.0,1073.0,0.2729,1.254232,LBN,PAK,841899
4057316,131,168,8854,2002,5833.0,0.0,1.605378,1.152973,LUX,PAK,841899
4057317,153,168,8854,2002,168776.0,0.0,0.704957,0.243398,MYS,PAK,841899
4057318,162,168,8854,2002,97363.0,0.0,1.206176,1.7136360000000002,NLD,PAK,841899
4057319,167,168,8854,2002,0.0,4695.0,-1.238769,-1.225841,OMN,PAK,841899
4057320,183,168,8854,2002,0.0,4632.0,-0.306052,-1.098296,QAT,PAK,841899
4057321,188,168,8854,2002,68000.0,0.0,0.082107,-0.843317,SAU,PAK,841899
4057322,192,168,8854,2002,52318.0,0.0,1.481857,0.648889,SGP,PAK,841899
4057323,208,168,8854,2002,8657.0,0.0,2.128614,0.7891199999999999,SWE,PAK,841899
4057324,216,168,8854,2002,277793.0,0.0,0.432041,1.627953,THA,PAK,841899
4057325,224,168,8854,2002,7156.0,0.0,0.11263699999999999,1.83925,TUR,PAK,841899
4057326,231,168,8854,2002,90075.0,0.0,1.821594,0.231296,USA,PAK,841899
4057327,246,168,8854,2002,6123.0,0.0,0.395943,2.392458,ZAF,PAK,841899
4057328,249,168,8854,2002,10466.0,0.0,1.683858,1.333601,TWN,PAK,841899
4057329,61,0,8854,2002,7000.0,0.0,2.297691,-2.183239,DEU,ABW,841899
4057330,71,0,8854,2002,6716.0,0.0,1.012246,2.049594,ESP,ABW,841899
4057331,81,0,8854,2002,46520.0,0.0,1.893177,0.831382,GBR,ABW,841899
4057332,162,0,8854,2002,20818.0,0.0,1.206176,1.7136360000000002,NLD,ABW,841899
4057333,222,0,8854,2002,13785.0,0.0,0.074907,-0.8203879999999999,TTO,ABW,841899
4057334,231,0,8854,2002,437382.0,0.0,1.821594,0.231296,USA,ABW,841899
4057335,222,3,8854,2002,19620.0,0.0,0.074907,-0.8203879999999999,TTO,AIA,841899
4057336,231,3,8854,2002,2714.0,0.0,1.821594,0.231296,USA,AIA,841899
4057337,39,29,8854,2002,2991.0,0.0,0.9963280000000001,1.1922110000000001,CAN,BLZ,841899
4057338,93,29,8854,2002,3160.0,0.0,-0.548834,-0.034464999999999996,GTM,BLZ,841899
4057339,138,29,8854,2002,2193.0,0.0,0.942061,0.6311260000000001,MEX,BLZ,841899
4057340,222,29,8854,2002,1679.0,0.0,0.074907,-0.8203879999999999,TTO,BLZ,841899
4057341,231,29,8854,2002,3366.0,0.0,1.821594,0.231296,USA,BLZ,841899
4057342,32,31,8854,2002,58283.0,0.0,0.677883,1.0227190000000002,BRA,BOL,841899
4057343,42,31,8854,2002,9929.0,0.0,-0.035264,-0.101796,CHL,BOL,841899
4057344,61,31,8854,2002,27110.0,0.0,2.297691,-2.183239,DEU,BOL,841899
4057345,64,31,8854,2002,18583.0,0.0,1.26594,1.225186,DNK,BOL,841899
4057346,71,31,8854,2002,1094.0,0.0,1.012246,2.049594,ESP,BOL,841899
4057347,74,31,8854,2002,11856.0,0.0,2.0234240000000003,0.979141,FIN,BOL,841899
4057348,121,31,8854,2002,1290.0,0.0,1.186816,1.075947,KOR,BOL,841899
4057349,179,31,8854,2002,1343.0,0.0,0.484407,1.6500080000000001,PRT,BOL,841899
4057350,222,31,8854,2002,21292.0,0.0,0.074907,-0.8203879999999999,TTO,BOL,841899
4057351,231,31,8854,2002,35209.0,0.0,1.821594,0.231296,USA,BOL,841899
4057352,7,73,8854,2002,3235.0,0.0,0.044683,-0.247191,ARE,ETH,841899
4057353,41,73,8854,2002,918.0,0.0,2.218095,0.620946,CHE,ETH,841899
4057354,59,73,8854,2002,7900.0,0.0,1.550713,1.037066,CZE,ETH,841899
4057355,61,73,8854,2002,37555.0,0.0,2.297691,-2.183239,DEU,ETH,841899
4057356,64,73,8854,2002,1023.0,0.0,1.26594,1.225186,DNK,ETH,841899
4057357,71,73,8854,2002,6093.0,0.0,1.012246,2.049594,ESP,ETH,841899
4057358,77,73,8854,2002,4013.0,0.0,1.569367,0.9886360000000001,FRA,ETH,841899
4057359,81,73,8854,2002,27235.0,0.0,1.893177,0.831382,GBR,ETH,841899
4057360,104,73,8854,2002,5280.0,0.0,0.380867,2.608955,IND,ETH,841899
4057361,111,73,8854,2002,18448.0,0.0,1.377604,1.2470510000000001,ITA,ETH,841899
4057362,114,73,8854,2002,1510.0,0.0,2.556057,0.497673,JPN,ETH,841899
4057363,162,73,8854,2002,50756.0,0.0,1.206176,1.7136360000000002,NLD,ETH,841899
4057364,188,73,8854,2002,1497.0,0.0,0.082107,-0.843317,SAU,ETH,841899
4057365,208,73,8854,2002,2468.0,0.0,2.128614,0.7891199999999999,SWE,ETH,841899
4057366,231,73,8854,2002,52944.0,0.0,1.821594,0.231296,USA,ETH,841899
4057367,246,73,8854,2002,800.0,0.0,0.395943,2.392458,ZAF,ETH,841899
4057368,250,73,8854,2002,1515.0,0.0,0.734927,-0.40114099999999997,ANS,ETH,841899
4057369,81,91,8854,2002,4781.0,0.0,1.893177,0.831382,GBR,GRD,841899
4057370,114,91,8854,2002,912.0,0.0,2.556057,0.497673,JPN,GRD,841899
4057371,222,91,8854,2002,55560.0,0.0,0.074907,-0.8203879999999999,TTO,GRD,841899
4057372,231,91,8854,2002,6388.0,0.0,1.821594,0.231296,USA,GRD,841899
4057373,222,149,8854,2002,3063.0,0.0,0.074907,-0.8203879999999999,TTO,MSR,841899
4057374,231,149,8854,2002,1294.0,0.0,1.821594,0.231296,USA,MSR,841899
4057375,111,1,8854,2002,2093.0,0.0,1.377604,1.2470510000000001,ITA,AFG,841899
4057376,131,1,8854,2002,29164.0,0.0,1.605378,1.152973,LUX,AFG,841899
4057377,43,4,8854,2002,20619.0,0.0,0.576746,2.7995520000000003,CHN,ALB,841899
4057378,61,4,8854,2002,890.0,0.0,2.297691,-2.183239,DEU,ALB,841899
4057379,90,4,8854,2002,299974.0,0.0,0.31858000000000003,1.47417,GRC,ALB,841899
4057380,111,4,8854,2002,459749.0,0.0,1.377604,1.2470510000000001,ITA,ALB,841899
4057381,189,4,8854,2002,0.0,1845.0,0.55781,2.135925,SCG,ALB,841899
4057382,224,4,8854,2002,81570.0,0.0,0.11263699999999999,1.83925,TUR,ALB,841899
4057383,7,9,8854,2002,2407.0,0.0,0.044683,-0.247191,ARE,ARM,841899
4057384,61,9,8854,2002,882.0,0.0,2.297691,-2.183239,DEU,ARM,841899
4057385,64,9,8854,2002,7131.0,0.0,1.26594,1.225186,DNK,ARM,841899
4057386,71,9,8854,2002,4082.0,0.0,1.012246,2.049594,ESP,ARM,841899
4057387,74,9,8854,2002,4663.0,0.0,2.0234240000000003,0.979141,FIN,ARM,841899
4057388,90,9,8854,2002,14169.0,0.0,0.31858000000000003,1.47417,GRC,ARM,841899
4057389,107,9,8854,2002,380808.0,0.0,-0.5707840000000001,-0.705612,IRN,ARM,841899
4057390,111,9,8854,2002,9519.0,0.0,1.377604,1.2470510000000001,ITA,ARM,841899
4057391,224,9,8854,2002,3425.0,0.0,0.11263699999999999,1.83925,TUR,ARM,841899
4057392,231,9,8854,2002,3315.0,0.0,1.821594,0.231296,USA,ARM,841899
4057393,7,17,8854,2002,481.0,0.0,0.044683,-0.247191,ARE,BDI,841899
4057394,18,17,8854,2002,1955.0,0.0,1.4097469999999999,1.440169,BEL,BDI,841899
4057395,64,17,8854,2002,4758.0,0.0,1.26594,1.225186,DNK,BDI,841899
4057396,77,17,8854,2002,2647.0,0.0,1.569367,0.9886360000000001,FRA,BDI,841899
4057397,162,17,8854,2002,2033.0,0.0,1.206176,1.7136360000000002,NLD,BDI,841899
4057398,77,21,8854,2002,305751.0,0.0,1.569367,0.9886360000000001,FRA,BFA,841899
4057399,111,21,8854,2002,1507.0,0.0,1.377604,1.2470510000000001,ITA,BFA,841899
4057400,141,21,8854,2002,2145.0,0.0,-0.8948520000000001,-0.863375,MLI,BFA,841899
4057401,236,21,8854,2002,0.0,3576.0,0.211536,-0.715675,VEN,BFA,841899
4057402,61,34,8854,2002,1777.0,0.0,2.297691,-2.183239,DEU,BRN,841899
4057403,81,34,8854,2002,5714.0,0.0,1.893177,0.831382,GBR,BRN,841899
4057404,111,34,8854,2002,1777.0,0.0,1.377604,1.2470510000000001,ITA,BRN,841899
4057405,114,34,8854,2002,1709.0,0.0,2.556057,0.497673,JPN,BRN,841899
4057406,153,34,8854,2002,5711.0,0.0,0.704957,0.243398,MYS,BRN,841899
4057407,162,34,8854,2002,1358.0,0.0,1.206176,1.7136360000000002,NLD,BRN,841899
4057408,192,34,8854,2002,190490.0,0.0,1.481857,0.648889,SGP,BRN,841899
4057409,231,34,8854,2002,4981.0,0.0,1.821594,0.231296,USA,BRN,841899
4057410,77,50,8854,2002,11484.0,0.0,1.569367,0.9886360000000001,FRA,COM,841899
4057411,246,50,8854,2002,1296.0,0.0,0.395943,2.392458,ZAF,COM,841899
4057412,43,63,8854,2002,80832.0,0.0,0.576746,2.7995520000000003,CHN,DMA,841899
4057413,54,63,8854,2002,0.0,6121.0,-0.479213,-0.951203,CUB,DMA,841899
4057414,81,63,8854,2002,989.0,0.0,1.893177,0.831382,GBR,DMA,841899
4057415,222,63,8854,2002,13551.0,0.0,0.074907,-0.8203879999999999,TTO,DMA,841899
4057416,249,63,8854,2002,9577.0,0.0,1.683858,1.333601,TWN,DMA,841899
4057417,14,75,8854,2002,126095.0,0.0,0.231386,0.771628,AUS,FJI,841899
4057418,43,75,8854,2002,3108.0,0.0,0.576746,2.7995520000000003,CHN,FJI,841899
4057419,61,75,8854,2002,1294.0,0.0,2.297691,-2.183239,DEU,FJI,841899
4057420,64,75,8854,2002,356.0,0.0,1.26594,1.225186,DNK,FJI,841899
4057421,111,75,8854,2002,9306.0,0.0,1.377604,1.2470510000000001,ITA,FJI,841899
4057422,114,75,8854,2002,14228.0,0.0,2.556057,0.497673,JPN,FJI,841899
4057423,121,75,8854,2002,3610.0,0.0,1.186816,1.075947,KOR,FJI,841899
4057424,166,75,8854,2002,302618.0,0.0,0.542585,0.854243,NZL,FJI,841899
4057425,192,75,8854,2002,4571.0,0.0,1.481857,0.648889,SGP,FJI,841899
4057426,216,75,8854,2002,1512.0,0.0,0.432041,1.627953,THA,FJI,841899
4057427,231,75,8854,2002,18035.0,0.0,1.821594,0.231296,USA,FJI,841899
4057428,61,87,8854,2002,17062.0,0.0,2.297691,-2.183239,DEU,GMB,841899
4057429,71,87,8854,2002,6289.0,0.0,1.012246,2.049594,ESP,GMB,841899
4057430,81,87,8854,2002,52508.0,0.0,1.893177,0.831382,GBR,GMB,841899
4057431,114,87,8854,2002,52809.0,0.0,2.556057,0.497673,JPN,GMB,841899
4057432,153,87,8854,2002,0.0,2607.0,0.704957,0.243398,MYS,GMB,841899
4057433,18,108,8854,2002,346023.0,0.0,1.4097469999999999,1.440169,BEL,IRQ,841899
4057434,61,108,8854,2002,4000.0,0.0,2.297691,-2.183239,DEU,IRQ,841899
4057435,64,108,8854,2002,50828.0,0.0,1.26594,1.225186,DNK,IRQ,841899
4057436,68,108,8854,2002,198689.0,0.0,-0.377127,0.549439,EGY,IRQ,841899
4057437,107,108,8854,2002,19773.0,0.0,-0.5707840000000001,-0.705612,IRN,IRQ,841899
4057438,113,108,8854,2002,21421.0,0.0,0.24197600000000002,0.196635,JOR,IRQ,841899
4057439,114,108,8854,2002,36588.0,0.0,2.556057,0.497673,JPN,IRQ,841899
4057440,124,108,8854,2002,483446.0,0.0,0.2729,1.254232,LBN,IRQ,841899
4057441,153,108,8854,2002,4514.0,0.0,0.704957,0.243398,MYS,IRQ,841899
4057442,162,108,8854,2002,29292.0,0.0,1.206176,1.7136360000000002,NLD,IRQ,841899
4057443,208,108,8854,2002,62093.0,0.0,2.128614,0.7891199999999999,SWE,IRQ,841899
4057444,14,118,8854,2002,3789.0,0.0,0.231386,0.771628,AUS,KHM,841899
4057445,77,118,8854,2002,45705.0,0.0,1.569367,0.9886360000000001,FRA,KHM,841899
4057446,111,118,8854,2002,2983.0,0.0,1.377604,1.2470510000000001,ITA,KHM,841899
4057447,153,118,8854,2002,43322.0,0.0,0.704957,0.243398,MYS,KHM,841899
4057448,192,118,8854,2002,4246.0,0.0,1.481857,0.648889,SGP,KHM,841899
4057449,216,118,8854,2002,38778.0,0.0,0.432041,1.627953,THA,KHM,841899
4057450,231,118,8854,2002,12156.0,0.0,1.821594,0.231296,USA,KHM,841899
4057451,239,118,8854,2002,42219.0,0.0,-0.589665,0.799874,VNM,KHM,841899
4057452,249,118,8854,2002,2779.0,0.0,1.683858,1.333601,TWN,KHM,841899
4057453,18,136,8854,2002,71819.0,0.0,1.4097469999999999,1.440169,BEL,MDG,841899
4057454,61,136,8854,2002,103589.0,0.0,2.297691,-2.183239,DEU,MDG,841899
4057455,77,136,8854,2002,860488.0,0.0,1.569367,0.9886360000000001,FRA,MDG,841899
4057456,111,136,8854,2002,1322.0,0.0,1.377604,1.2470510000000001,ITA,MDG,841899
4057457,114,136,8854,2002,20165.0,0.0,2.556057,0.497673,JPN,MDG,841899
4057458,250,136,8854,2002,9689.0,33251.0,0.734927,-0.40114099999999997,ANS,MDG,841899
4057459,7,137,8854,2002,1058.0,0.0,0.044683,-0.247191,ARE,MDV,841899
4057460,14,137,8854,2002,73158.0,0.0,0.231386,0.771628,AUS,MDV,841899
4057461,18,137,8854,2002,682.0,0.0,1.4097469999999999,1.440169,BEL,MDV,841899
4057462,39,137,8854,2002,2032.0,0.0,0.9963280000000001,1.1922110000000001,CAN,MDV,841899
4057463,61,137,8854,2002,2427.0,0.0,2.297691,-2.183239,DEU,MDV,841899
4057464,64,137,8854,2002,777.0,0.0,1.26594,1.225186,DNK,MDV,841899
4057465,81,137,8854,2002,1182.0,0.0,1.893177,0.831382,GBR,MDV,841899
4057466,97,137,8854,2002,309.0,0.0,0.5701109999999999,1.989357,HKG,MDV,841899
4057467,104,137,8854,2002,5883.0,0.0,0.380867,2.608955,IND,MDV,841899
4057468,111,137,8854,2002,31280.0,0.0,1.377604,1.2470510000000001,ITA,MDV,841899
4057469,114,137,8854,2002,2069.0,0.0,2.556057,0.497673,JPN,MDV,841899
4057470,128,137,8854,2002,1885.0,3502.0,-0.740927,0.023171,LKA,MDV,841899
4057471,153,137,8854,2002,2541.0,0.0,0.704957,0.243398,MYS,MDV,841899
4057472,192,137,8854,2002,188963.0,0.0,1.481857,0.648889,SGP,MDV,841899
4057473,216,137,8854,2002,6570.0,0.0,0.432041,1.627953,THA,MDV,841899
4057474,7,148,8854,2002,4904.0,0.0,0.044683,-0.247191,ARE,MRT,841899
4057475,18,148,8854,2002,8270.0,0.0,1.4097469999999999,1.440169,BEL,MRT,841899
4057476,71,148,8854,2002,90792.0,1785.0,1.012246,2.049594,ESP,MRT,841899
4057477,74,148,8854,2002,4281.0,0.0,2.0234240000000003,0.979141,FIN,MRT,841899
4057478,77,148,8854,2002,24047.0,0.0,1.569367,0.9886360000000001,FRA,MRT,841899
4057479,111,148,8854,2002,2017.0,0.0,1.377604,1.2470510000000001,ITA,MRT,841899
4057480,130,148,8854,2002,1235.0,0.0,0.23102399999999998,0.586078,LTU,MRT,841899
4057481,179,148,8854,2002,1765.0,0.0,0.484407,1.6500080000000001,PRT,MRT,841899
4057482,32,151,8854,2002,3865.0,0.0,0.677883,1.0227190000000002,BRA,MUS,841899
4057483,43,151,8854,2002,8068.0,0.0,0.576746,2.7995520000000003,CHN,MUS,841899
4057484,61,151,8854,2002,20777.0,0.0,2.297691,-2.183239,DEU,MUS,841899
4057485,64,151,8854,2002,16138.0,0.0,1.26594,1.225186,DNK,MUS,841899
4057486,71,151,8854,2002,1285.0,0.0,1.012246,2.049594,ESP,MUS,841899
4057487,77,151,8854,2002,403014.0,2562.0,1.569367,0.9886360000000001,FRA,MUS,841899
4057488,81,151,8854,2002,23570.0,0.0,1.893177,0.831382,GBR,MUS,841899
4057489,90,151,8854,2002,18977.0,0.0,0.31858000000000003,1.47417,GRC,MUS,841899
4057490,106,151,8854,2002,1694.0,0.0,1.7232880000000002,0.091172,IRL,MUS,841899
4057491,111,151,8854,2002,62154.0,0.0,1.377604,1.2470510000000001,ITA,MUS,841899
4057492,114,151,8854,2002,1202.0,0.0,2.556057,0.497673,JPN,MUS,841899
4057493,121,151,8854,2002,748.0,0.0,1.186816,1.075947,KOR,MUS,841899
4057494,153,151,8854,2002,27799.0,0.0,0.704957,0.243398,MYS,MUS,841899
4057495,162,151,8854,2002,10450.0,0.0,1.206176,1.7136360000000002,NLD,MUS,841899
4057496,163,151,8854,2002,1486.0,0.0,1.110882,0.17164100000000002,NOR,MUS,841899
4057497,192,151,8854,2002,104503.0,0.0,1.481857,0.648889,SGP,MUS,841899
4057498,211,151,8854,2002,0.0,1238.0,-0.977247,-0.927527,SYC,MUS,841899
4057499,216,151,8854,2002,1154.0,0.0,0.432041,1.627953,THA,MUS,841899
4057500,226,151,8854,2002,0.0,743.0,-1.189463,-0.48640600000000006,TZA,MUS,841899
4057501,231,151,8854,2002,9696.0,0.0,1.821594,0.231296,USA,MUS,841899
4057502,246,151,8854,2002,190159.0,0.0,0.395943,2.392458,ZAF,MUS,841899
4057503,250,151,8854,2002,4100.0,0.0,0.734927,-0.40114099999999997,ANS,MUS,841899
4057504,61,154,8854,2002,1760.0,0.0,2.297691,-2.183239,DEU,MYT,841899
4057505,71,154,8854,2002,17992.0,0.0,1.012246,2.049594,ESP,MYT,841899
4057506,77,154,8854,2002,52785.0,7333.0,1.569367,0.9886360000000001,FRA,MYT,841899
4057507,81,154,8854,2002,5356.0,0.0,1.893177,0.831382,GBR,MYT,841899
4057508,111,154,8854,2002,2861.0,0.0,1.377604,1.2470510000000001,ITA,MYT,841899
4057509,14,156,8854,2002,9375.0,0.0,0.231386,0.771628,AUS,NCL,841899
4057510,18,156,8854,2002,53130.0,0.0,1.4097469999999999,1.440169,BEL,NCL,841899
4057511,61,156,8854,2002,1756.0,0.0,2.297691,-2.183239,DEU,NCL,841899
4057512,64,156,8854,2002,11048.0,0.0,1.26594,1.225186,DNK,NCL,841899
4057513,71,156,8854,2002,12489.0,0.0,1.012246,2.049594,ESP,NCL,841899
4057514,77,156,8854,2002,244354.0,0.0,1.569367,0.9886360000000001,FRA,NCL,841899
4057515,111,156,8854,2002,88786.0,0.0,1.377604,1.2470510000000001,ITA,NCL,841899
4057516,121,156,8854,2002,807.0,0.0,1.186816,1.075947,KOR,NCL,841899
4057517,162,156,8854,2002,13614.0,0.0,1.206176,1.7136360000000002,NLD,NCL,841899
4057518,166,156,8854,2002,71276.0,0.0,0.542585,0.854243,NZL,NCL,841899
4057519,208,156,8854,2002,673.0,0.0,2.128614,0.7891199999999999,SWE,NCL,841899
4057520,216,156,8854,2002,866.0,0.0,0.432041,1.627953,THA,NCL,841899
4057521,231,156,8854,2002,2777.0,0.0,1.821594,0.231296,USA,NCL,841899
4057522,249,156,8854,2002,2607.0,0.0,1.683858,1.333601,TWN,NCL,841899
4057523,250,156,8854,2002,1943.0,0.0,0.734927,-0.40114099999999997,ANS,NCL,841899
4057524,18,157,8854,2002,3850.0,0.0,1.4097469999999999,1.440169,BEL,NER,841899
4057525,64,157,8854,2002,3771.0,0.0,1.26594,1.225186,DNK,NER,841899
4057526,77,157,8854,2002,12278.0,0.0,1.569367,0.9886360000000001,FRA,NER,841899
4057527,111,157,8854,2002,13861.0,0.0,1.377604,1.2470510000000001,ITA,NER,841899
4057528,162,157,8854,2002,944.0,0.0,1.206176,1.7136360000000002,NLD,NER,841899
4057529,208,157,8854,2002,1525.0,0.0,2.128614,0.7891199999999999,SWE,NER,841899
4057530,18,187,8854,2002,16851.0,0.0,1.4097469999999999,1.440169,BEL,RWA,841899
4057531,131,187,8854,2002,3782.0,0.0,1.605378,1.152973,LUX,RWA,841899
4057532,162,187,8854,2002,20265.0,0.0,1.206176,1.7136360000000002,NLD,RWA,841899
4057533,7,196,8854,2002,1461.0,0.0,0.044683,-0.247191,ARE,SLE,841899
4057534,61,196,8854,2002,23771.0,27596.0,2.297691,-2.183239,DEU,SLE,841899
4057535,64,196,8854,2002,9766.0,0.0,1.26594,1.225186,DNK,SLE,841899
4057536,81,196,8854,2002,123153.0,0.0,1.893177,0.831382,GBR,SLE,841899
4057537,106,196,8854,2002,24466.0,0.0,1.7232880000000002,0.091172,IRL,SLE,841899
4057538,124,196,8854,2002,17988.0,0.0,0.2729,1.254232,LBN,SLE,841899
4057539,190,196,8854,2002,0.0,58906.0,-1.499925,-1.228374,SDN,SLE,841899
4057540,228,196,8854,2002,2034.0,0.0,0.835485,0.872135,UKR,SLE,841899
4057541,231,196,8854,2002,6003.0,0.0,1.821594,0.231296,USA,SLE,841899
4057542,246,196,8854,2002,15044.0,0.0,0.395943,2.392458,ZAF,SLE,841899
4057543,77,209,8854,2002,3810.0,0.0,1.569367,0.9886360000000001,FRA,SWZ,841899
4057544,131,209,8854,2002,22705.0,0.0,1.605378,1.152973,LUX,SWZ,841899
4057545,147,209,8854,2002,0.0,721.0,-0.947259,-1.047883,MOZ,SWZ,841899
4057546,246,209,8854,2002,2027580.0,69262.0,0.395943,2.392458,ZAF,SWZ,841899
4057547,14,211,8854,2002,1254.0,0.0,0.231386,0.771628,AUS,SYC,841899
4057548,61,211,8854,2002,206.0,0.0,2.297691,-2.183239,DEU,SYC,841899
4057549,64,211,8854,2002,17991.0,0.0,1.26594,1.225186,DNK,SYC,841899
4057550,71,211,8854,2002,2532.0,0.0,1.012246,2.049594,ESP,SYC,841899
4057551,77,211,8854,2002,31256.0,0.0,1.569367,0.9886360000000001,FRA,SYC,841899
4057552,81,211,8854,2002,13409.0,0.0,1.893177,0.831382,GBR,SYC,841899
4057553,111,211,8854,2002,4936.0,0.0,1.377604,1.2470510000000001,ITA,SYC,841899
4057554,151,211,8854,2002,1238.0,0.0,-0.37937600000000005,-0.388848,MUS,SYC,841899
4057555,192,211,8854,2002,17795.0,0.0,1.481857,0.648889,SGP,SYC,841899
4057556,216,211,8854,2002,1713.0,0.0,0.432041,1.627953,THA,SYC,841899
4057557,231,211,8854,2002,15866.0,0.0,1.821594,0.231296,USA,SYC,841899
4057558,246,211,8854,2002,9432.0,0.0,0.395943,2.392458,ZAF,SYC,841899
4057559,14,242,8854,2002,2311.0,0.0,0.231386,0.771628,AUS,WSM,841899
4057560,166,242,8854,2002,113474.0,0.0,0.542585,0.854243,NZL,WSM,841899
4057561,18,243,8854,2002,59493.0,0.0,1.4097469999999999,1.440169,BEL,YEM,841899
4057562,43,243,8854,2002,35309.0,0.0,0.576746,2.7995520000000003,CHN,YEM,841899
4057563,61,243,8854,2002,374000.0,0.0,2.297691,-2.183239,DEU,YEM,841899
4057564,64,243,8854,2002,19846.0,0.0,1.26594,1.225186,DNK,YEM,841899
4057565,68,243,8854,2002,74537.0,0.0,-0.377127,0.549439,EGY,YEM,841899
4057566,74,243,8854,2002,4823.0,0.0,2.0234240000000003,0.979141,FIN,YEM,841899
4057567,81,243,8854,2002,7653.0,0.0,1.893177,0.831382,GBR,YEM,841899
4057568,90,243,8854,2002,2596.0,0.0,0.31858000000000003,1.47417,GRC,YEM,841899
4057569,104,243,8854,2002,27280.0,0.0,0.380867,2.608955,IND,YEM,841899
4057570,111,243,8854,2002,34046.0,0.0,1.377604,1.2470510000000001,ITA,YEM,841899
4057571,162,243,8854,2002,589028.0,7940.0,1.206176,1.7136360000000002,NLD,YEM,841899
4057572,231,243,8854,2002,134700.0,0.0,1.821594,0.231296,USA,YEM,841899
4057573,246,243,8854,2002,33625.0,0.0,0.395943,2.392458,ZAF,YEM,841899
4057574,249,243,8854,2002,13147.0,0.0,1.683858,1.333601,TWN,YEM,841899
4057575,32,2,8854,2002,10054.0,0.0,0.677883,1.0227190000000002,BRA,AGO,841899
4057576,61,2,8854,2002,4000.0,0.0,2.297691,-2.183239,DEU,AGO,841899
4057577,71,2,8854,2002,1266.0,0.0,1.012246,2.049594,ESP,AGO,841899
4057578,74,2,8854,2002,2181.0,0.0,2.0234240000000003,0.979141,FIN,AGO,841899
4057579,77,2,8854,2002,97290.0,0.0,1.569367,0.9886360000000001,FRA,AGO,841899
4057580,81,2,8854,2002,4342.0,0.0,1.893177,0.831382,GBR,AGO,841899
4057581,124,2,8854,2002,20399.0,0.0,0.2729,1.254232,LBN,AGO,841899
4057582,131,2,8854,2002,23381.0,0.0,1.605378,1.152973,LUX,AGO,841899
4057583,155,2,8854,2002,22247.0,0.0,-0.314161,-0.521778,NAM,AGO,841899
4057584,162,2,8854,2002,173976.0,0.0,1.206176,1.7136360000000002,NLD,AGO,841899
4057585,179,2,8854,2002,488213.0,0.0,0.484407,1.6500080000000001,PRT,AGO,841899
4057586,231,2,8854,2002,34720.0,0.0,1.821594,0.231296,USA,AGO,841899
4057587,246,2,8854,2002,153237.0,0.0,0.395943,2.392458,ZAF,AGO,841899
4057588,18,46,8854,2002,366683.0,0.0,1.4097469999999999,1.440169,BEL,COD,841899
4057589,61,46,8854,2002,5000.0,0.0,2.297691,-2.183239,DEU,COD,841899
4057590,64,46,8854,2002,2564.0,0.0,1.26594,1.225186,DNK,COD,841899
4057591,162,46,8854,2002,110680.0,0.0,1.206176,1.7136360000000002,NLD,COD,841899
4057592,246,46,8854,2002,83137.0,0.0,0.395943,2.392458,ZAF,COD,841899
4057593,18,47,8854,2002,93832.0,0.0,1.4097469999999999,1.440169,BEL,COG,841899
4057594,61,47,8854,2002,7000.0,0.0,2.297691,-2.183239,DEU,COG,841899
4057595,71,47,8854,2002,16279.0,0.0,1.012246,2.049594,ESP,COG,841899
4057596,77,47,8854,2002,199313.0,0.0,1.569367,0.9886360000000001,FRA,COG,841899
4057597,111,47,8854,2002,26110.0,0.0,1.377604,1.2470510000000001,ITA,COG,841899
4057598,124,47,8854,2002,3527.0,0.0,0.2729,1.254232,LBN,COG,841899
4057599,131,47,8854,2002,7932.0,0.0,1.605378,1.152973,LUX,COG,841899
4057600,162,47,8854,2002,188324.0,0.0,1.206176,1.7136360000000002,NLD,COG,841899
4057601,246,47,8854,2002,6620.0,0.0,0.395943,2.392458,ZAF,COG,841899
4057602,18,78,8854,2002,1186.0,0.0,1.4097469999999999,1.440169,BEL,FRO,841899
4057603,61,78,8854,2002,264.0,738.0,2.297691,-2.183239,DEU,FRO,841899
4057604,64,78,8854,2002,797341.0,0.0,1.26594,1.225186,DNK,FRO,841899
4057605,74,78,8854,2002,4549.0,0.0,2.0234240000000003,0.979141,FIN,FRO,841899
4057606,81,78,8854,2002,1906.0,0.0,1.893177,0.831382,GBR,FRO,841899
4057607,109,78,8854,2002,2532.0,0.0,0.23601999999999998,-0.34781,ISL,FRO,841899
4057608,111,78,8854,2002,8282.0,0.0,1.377604,1.2470510000000001,ITA,FRO,841899
4057609,162,78,8854,2002,28031.0,0.0,1.206176,1.7136360000000002,NLD,FRO,841899
4057610,163,78,8854,2002,87021.0,0.0,1.110882,0.17164100000000002,NOR,FRO,841899
4057611,192,78,8854,2002,187382.0,0.0,1.481857,0.648889,SGP,FRO,841899
4057612,208,78,8854,2002,7294.0,0.0,2.128614,0.7891199999999999,SWE,FRO,841899
4057613,61,89,8854,2002,1000.0,0.0,2.297691,-2.183239,DEU,GNQ,841899
4057614,71,89,8854,2002,9228.0,0.0,1.012246,2.049594,ESP,GNQ,841899
4057615,77,89,8854,2002,25534.0,0.0,1.569367,0.9886360000000001,FRA,GNQ,841899
4057616,111,89,8854,2002,1515.0,0.0,1.377604,1.2470510000000001,ITA,GNQ,841899
4057617,18,101,8854,2002,4584.0,0.0,1.4097469999999999,1.440169,BEL,HTI,841899
4057618,64,101,8854,2002,6844.0,0.0,1.26594,1.225186,DNK,HTI,841899
4057619,81,101,8854,2002,26439.0,0.0,1.893177,0.831382,GBR,HTI,841899
4057620,111,101,8854,2002,8422.0,0.0,1.377604,1.2470510000000001,ITA,HTI,841899
4057621,222,101,8854,2002,23307.0,0.0,0.074907,-0.8203879999999999,TTO,HTI,841899
4057622,231,101,8854,2002,323312.0,0.0,1.821594,0.231296,USA,HTI,841899
4057623,77,125,8854,2002,152952.0,0.0,1.569367,0.9886360000000001,FRA,LBR,841899
4057624,81,125,8854,2002,1689.0,0.0,1.893177,0.831382,GBR,LBR,841899
4057625,162,125,8854,2002,15174.0,0.0,1.206176,1.7136360000000002,NLD,LBR,841899
4057626,163,125,8854,2002,4444.0,0.0,1.110882,0.17164100000000002,NOR,LBR,841899
4057627,81,127,8854,2002,1749.0,0.0,1.893177,0.831382,GBR,LCA,841899
4057628,111,127,8854,2002,1912.0,0.0,1.377604,1.2470510000000001,ITA,LCA,841899
4057629,114,127,8854,2002,1061.0,0.0,2.556057,0.497673,JPN,LCA,841899
4057630,162,127,8854,2002,10559.0,0.0,1.206176,1.7136360000000002,NLD,LCA,841899
4057631,222,127,8854,2002,47176.0,0.0,0.074907,-0.8203879999999999,TTO,LCA,841899
4057632,231,127,8854,2002,31279.0,870.0,1.821594,0.231296,USA,LCA,841899
4057633,14,182,8854,2002,9070.0,0.0,0.231386,0.771628,AUS,PYF,841899
4057634,18,182,8854,2002,88304.0,0.0,1.4097469999999999,1.440169,BEL,PYF,841899
4057635,61,182,8854,2002,798.0,0.0,2.297691,-2.183239,DEU,PYF,841899
4057636,64,182,8854,2002,5349.0,0.0,1.26594,1.225186,DNK,PYF,841899
4057637,71,182,8854,2002,1380.0,0.0,1.012246,2.049594,ESP,PYF,841899
4057638,77,182,8854,2002,896545.0,0.0,1.569367,0.9886360000000001,FRA,PYF,841899
4057639,81,182,8854,2002,1835.0,0.0,1.893177,0.831382,GBR,PYF,841899
4057640,111,182,8854,2002,91532.0,0.0,1.377604,1.2470510000000001,ITA,PYF,841899
4057641,114,182,8854,2002,15890.0,0.0,2.556057,0.497673,JPN,PYF,841899
4057642,121,182,8854,2002,3755.0,0.0,1.186816,1.075947,KOR,PYF,841899
4057643,162,182,8854,2002,993.0,0.0,1.206176,1.7136360000000002,NLD,PYF,841899
4057644,166,182,8854,2002,20545.0,0.0,0.542585,0.854243,NZL,PYF,841899
4057645,208,182,8854,2002,731.0,0.0,2.128614,0.7891199999999999,SWE,PYF,841899
4057646,231,182,8854,2002,174628.0,5835.0,1.821594,0.231296,USA,PYF,841899
4057647,61,220,8854,2002,3000.0,0.0,2.297691,-2.183239,DEU,TLS,841899
4057648,103,220,8854,2002,9554.0,0.0,-0.10020499999999999,1.590314,IDN,TLS,841899
4057649,61,232,8854,2002,8000.0,0.0,2.297691,-2.183239,DEU,UZB,841899
4057650,64,232,8854,2002,1880.0,0.0,1.26594,1.225186,DNK,UZB,841899
4057651,106,232,8854,2002,35452.0,0.0,1.7232880000000002,0.091172,IRL,UZB,841899
4057652,107,232,8854,2002,1969.0,0.0,-0.5707840000000001,-0.705612,IRN,UZB,841899
4057653,111,232,8854,2002,33611.0,0.0,1.377604,1.2470510000000001,ITA,UZB,841899
4057654,115,232,8854,2002,1801.0,0.0,-0.065332,-0.616159,KAZ,UZB,841899
4057655,130,232,8854,2002,2529.0,0.0,0.23102399999999998,0.586078,LTU,UZB,841899
4057656,131,232,8854,2002,1158.0,0.0,1.605378,1.152973,LUX,UZB,841899
4057657,162,232,8854,2002,15158.0,0.0,1.206176,1.7136360000000002,NLD,UZB,841899
4057658,186,232,8854,2002,11145.0,0.0,1.109397,0.424229,RUS,UZB,841899
4057659,224,232,8854,2002,13042.0,0.0,0.11263699999999999,1.83925,TUR,UZB,841899
4057660,8,250,8854,2002,0.0,753067.0,0.284536,0.517425,ARG,ANS,841899
4057661,14,250,8854,2002,0.0,274241.0,0.231386,0.771628,AUS,ANS,841899
4057662,42,250,8854,2002,0.0,2191.0,-0.035264,-0.101796,CHL,ANS,841899
4057663,45,250,8854,2002,0.0,33731.0,-1.114477,-1.0516510000000001,CMR,ANS,841899
4057664,49,250,8854,2002,0.0,149421.0,0.345094,0.37787800000000005,COL,ANS,841899
4057665,59,250,8854,2002,3027.0,0.0,1.550713,1.037066,CZE,ANS,841899
4057666,61,250,8854,2002,94961.0,21923.0,2.297691,-2.183239,DEU,ANS,841899
4057667,65,250,8854,2002,0.0,1877.0,-0.46284899999999995,-0.39210100000000003,DOM,ANS,841899
4057668,68,250,8854,2002,0.0,361766.0,-0.377127,0.549439,EGY,ANS,841899
4057669,72,250,8854,2002,0.0,1000636.0,0.54511,0.9135979999999999,EST,ANS,841899
4057670,73,250,8854,2002,0.0,1515.0,-1.096371,-0.9566709999999999,ETH,ANS,841899
4057671,77,250,8854,2002,0.0,81193.0,1.569367,0.9886360000000001,FRA,ANS,841899
4057672,83,250,8854,2002,0.0,1394.0,-1.333425,-1.0709879999999998,GHA,ANS,841899
4057673,90,250,8854,2002,30845.0,0.0,0.31858000000000003,1.47417,GRC,ANS,841899
4057674,92,250,8854,2002,0.0,27222.0,-0.592221,-0.8956799999999999,GRL,ANS,841899
4057675,104,250,8854,2002,0.0,35086.0,0.380867,2.608955,IND,ANS,841899
4057676,106,250,8854,2002,84708.0,296596.0,1.7232880000000002,0.091172,IRL,ANS,841899
4057677,111,250,8854,2002,2123575.0,0.0,1.377604,1.2470510000000001,ITA,ANS,841899
4057678,113,250,8854,2002,89898.0,0.0,0.24197600000000002,0.196635,JOR,ANS,841899
4057679,116,250,8854,2002,0.0,1535.0,-0.555812,0.169204,KEN,ANS,841899
4057680,121,250,8854,2002,7697.0,0.0,1.186816,1.075947,KOR,ANS,841899
4057681,124,250,8854,2002,1721.0,0.0,0.2729,1.254232,LBN,ANS,841899
4057682,134,250,8854,2002,22521.0,0.0,-0.810467,-0.34807899999999997,MAR,ANS,841899
4057683,136,250,8854,2002,33251.0,9689.0,-1.120167,-0.43338699999999997,MDG,ANS,841899
4057684,138,250,8854,2002,2475048.0,24052.0,0.942061,0.6311260000000001,MEX,ANS,841899
4057685,142,250,8854,2002,0.0,5652.0,1.12245,0.019001,MLT,ANS,841899
4057686,147,250,8854,2002,1704.0,0.0,-0.947259,-1.047883,MOZ,ANS,841899
4057687,151,250,8854,2002,0.0,4100.0,-0.37937600000000005,-0.388848,MUS,ANS,841899
4057688,153,250,8854,2002,0.0,629167.0,0.704957,0.243398,MYS,ANS,841899
4057689,155,250,8854,2002,0.0,1127.0,-0.314161,-0.521778,NAM,ANS,841899
4057690,156,250,8854,2002,0.0,1943.0,-0.292646,-0.823263,NCL,ANS,841899
4057691,162,250,8854,2002,110364.0,0.0,1.206176,1.7136360000000002,NLD,ANS,841899
4057692,166,250,8854,2002,0.0,83084.0,0.542585,0.854243,NZL,ANS,841899
4057693,169,250,8854,2002,0.0,48904.0,0.134759,0.234258,PAN,ANS,841899
4057694,185,250,8854,2002,0.0,4308.0,0.29888200000000004,0.980376,ROU,ANS,841899
4057695,188,250,8854,2002,0.0,53295.0,0.082107,-0.843317,SAU,ANS,841899
4057696,189,250,8854,2002,0.0,34944.0,0.55781,2.135925,SCG,ANS,841899
4057697,223,250,8854,2002,0.0,204785.0,-0.221951,0.325506,TUN,ANS,841899
4057698,224,250,8854,2002,116614.0,3024.0,0.11263699999999999,1.83925,TUR,ANS,841899
4057699,230,250,8854,2002,0.0,6007.0,0.300502,0.16817000000000001,URY,ANS,841899
4057700,246,250,8854,2002,12972.0,1713.0,0.395943,2.392458,ZAF,ANS,841899
4057701,249,250,8854,2002,3036.0,7073.0,1.683858,1.333601,TWN,ANS,841899
4057702,61,84,8854,2002,857.0,0.0,2.297691,-2.183239,DEU,GIB,841899
4057703,64,84,8854,2002,1744.0,0.0,1.26594,1.225186,DNK,GIB,841899
4057704,71,84,8854,2002,321223.0,2017.0,1.012246,2.049594,ESP,GIB,841899
4057705,81,84,8854,2002,7374.0,0.0,1.893177,0.831382,GBR,GIB,841899
4057706,162,84,8854,2002,9455.0,0.0,1.206176,1.7136360000000002,NLD,GIB,841899
4057707,23,219,8854,2002,0.0,10957.0,0.37451100000000004,1.573517,BGR,TKM,841899
4057708,77,219,8854,2002,5667.0,0.0,1.569367,0.9886360000000001,FRA,TKM,841899
4057709,107,219,8854,2002,15867.0,0.0,-0.5707840000000001,-0.705612,IRN,TKM,841899
4057710,186,219,8854,2002,73315.0,0.0,1.109397,0.424229,RUS,TKM,841899
4057711,224,219,8854,2002,12979.0,0.0,0.11263699999999999,1.83925,TUR,TKM,841899
4057712,77,237,8854,2002,1890.0,0.0,1.569367,0.9886360000000001,FRA,VGB,841899
4057713,222,237,8854,2002,48930.0,0.0,0.074907,-0.8203879999999999,TTO,VGB,841899
4057714,111,221,8854,2002,1162.0,0.0,1.377604,1.2470510000000001,ITA,TON,841899
4057715,166,221,8854,2002,49294.0,0.0,0.542585,0.854243,NZL,TON,841899
4057716,14,10,8854,2002,1197.0,0.0,0.231386,0.771628,AUS,ASM,841899
4057717,97,10,8854,2002,0.0,2736.0,0.5701109999999999,1.989357,HKG,ASM,841899
4057718,166,10,8854,2002,29222.0,0.0,0.542585,0.854243,NZL,ASM,841899
4057719,61,30,8854,2002,2000.0,0.0,2.297691,-2.183239,DEU,BMU,841899
4057720,81,30,8854,2002,1298.0,0.0,1.893177,0.831382,GBR,BMU,841899
4057721,114,30,8854,2002,13979.0,0.0,2.556057,0.497673,JPN,BMU,841899
4057722,231,30,8854,2002,1577333.0,0.0,1.821594,0.231296,USA,BMU,841899
4057723,18,38,8854,2002,2663.0,0.0,1.4097469999999999,1.440169,BEL,CAF,841899
4057724,77,38,8854,2002,22462.0,0.0,1.569367,0.9886360000000001,FRA,CAF,841899
4057725,124,38,8854,2002,9031.0,0.0,0.2729,1.254232,LBN,CAF,841899
4057726,166,48,8854,2002,55051.0,0.0,0.542585,0.854243,NZL,COK,841899
4057727,43,57,8854,2002,3403.0,0.0,0.576746,2.7995520000000003,CHN,CYM,841899
4057728,61,57,8854,2002,1000.0,0.0,2.297691,-2.183239,DEU,CYM,841899
4057729,77,57,8854,2002,2833.0,0.0,1.569367,0.9886360000000001,FRA,CYM,841899
4057730,162,57,8854,2002,5669.0,0.0,1.206176,1.7136360000000002,NLD,CYM,841899
4057731,231,57,8854,2002,36451.0,0.0,1.821594,0.231296,USA,CYM,841899
4057732,77,62,8854,2002,38775.0,0.0,1.569367,0.9886360000000001,FRA,DJI,841899
4057733,104,62,8854,2002,1305.0,0.0,0.380867,2.608955,IND,DJI,841899
4057734,231,62,8854,2002,6640.0,0.0,1.821594,0.231296,USA,DJI,841899
4057735,64,69,8854,2002,30599.0,0.0,1.26594,1.225186,DNK,ERI,841899
4057736,111,69,8854,2002,5974.0,0.0,1.377604,1.2470510000000001,ITA,ERI,841899
4057737,162,69,8854,2002,14241.0,0.0,1.206176,1.7136360000000002,NLD,ERI,841899
4057738,208,69,8854,2002,2276.0,0.0,2.128614,0.7891199999999999,SWE,ERI,841899
4057739,231,79,8854,2002,51000.0,0.0,1.821594,0.231296,USA,FSM,841899
4057740,14,95,8854,2002,34407.0,0.0,0.231386,0.771628,AUS,GUM,841899
4057741,97,95,8854,2002,16461.0,0.0,0.5701109999999999,1.989357,HKG,GUM,841899
4057742,114,95,8854,2002,9181.0,0.0,2.556057,0.497673,JPN,GUM,841899
4057743,166,95,8854,2002,1199.0,0.0,0.542585,0.854243,NZL,GUM,841899
4057744,192,95,8854,2002,3570.0,0.0,1.481857,0.648889,SGP,GUM,841899
4057745,64,119,8854,2002,3377.0,0.0,1.26594,1.225186,DNK,KIR,841899
4057746,114,119,8854,2002,4422.0,0.0,2.556057,0.497673,JPN,KIR,841899
4057747,166,119,8854,2002,14266.0,0.0,0.542585,0.854243,NZL,KIR,841899
4057748,43,123,8854,2002,26519.0,0.0,0.576746,2.7995520000000003,CHN,LAO,841899
4057749,216,123,8854,2002,2750.0,0.0,0.432041,1.627953,THA,LAO,841899
4057750,77,139,8854,2002,16183.0,0.0,1.569367,0.9886360000000001,FRA,MHL,841899
4057751,231,139,8854,2002,5000.0,0.0,1.821594,0.231296,USA,MHL,841899
4057752,249,139,8854,2002,1523.0,0.0,1.683858,1.333601,TWN,MHL,841899
4057753,15,145,8854,2002,2231.0,0.0,1.8651200000000001,0.48423900000000003,AUT,MNG,841899
4057754,59,145,8854,2002,1102.0,0.0,1.550713,1.037066,CZE,MNG,841899
4057755,61,145,8854,2002,12000.0,0.0,2.297691,-2.183239,DEU,MNG,841899
4057756,64,145,8854,2002,2679.0,0.0,1.26594,1.225186,DNK,MNG,841899
4057757,121,145,8854,2002,16181.0,0.0,1.186816,1.075947,KOR,MNG,841899
4057758,97,146,8854,2002,3707.0,0.0,0.5701109999999999,1.989357,HKG,MNP,841899
4057759,166,158,8854,2002,6381.0,0.0,0.542585,0.854243,NZL,NFK,841899
4057760,64,164,8854,2002,3114.0,0.0,1.26594,1.225186,DNK,NPL,841899
4057761,74,164,8854,2002,19142.0,0.0,2.0234240000000003,0.979141,FIN,NPL,841899
4057762,104,164,8854,2002,14145.0,0.0,0.380867,2.608955,IND,NPL,841899
4057763,111,164,8854,2002,1830.0,0.0,1.377604,1.2470510000000001,ITA,NPL,841899
4057764,81,165,8854,2002,2834.0,0.0,1.893177,0.831382,GBR,NRU,841899
4057765,121,175,8854,2002,1221.0,0.0,1.186816,1.075947,KOR,PLW,841899
4057766,43,181,8854,2002,8666.0,0.0,0.576746,2.7995520000000003,CHN,PSE,841899
4057767,14,195,8854,2002,14944.0,0.0,0.231386,0.771628,AUS,SLB,841899
4057768,114,195,8854,2002,1647.0,0.0,2.556057,0.497673,JPN,SLB,841899
4057769,192,195,8854,2002,6919.0,0.0,1.481857,0.648889,SGP,SLB,841899
4057770,61,214,8854,2002,15000.0,0.0,2.297691,-2.183239,DEU,TCD,841899
4057771,77,214,8854,2002,44399.0,0.0,1.569367,0.9886360000000001,FRA,TCD,841899
4057772,231,214,8854,2002,19608.0,0.0,1.821594,0.231296,USA,TCD,841899
4057773,208,225,8854,2002,38944.0,2370.0,2.128614,0.7891199999999999,SWE,TUV,841899
4057774,61,229,8854,2002,1000.0,0.0,2.297691,-2.183239,DEU,UMI,841899
4057775,14,240,8854,2002,34978.0,0.0,0.231386,0.771628,AUS,VUT,841899
4057776,68,240,8854,2002,0.0,411947.0,-0.377127,0.549439,EGY,VUT,841899
4057777,166,240,8854,2002,6335.0,0.0,0.542585,0.854243,NZL,VUT,841899
4057778,14,241,8854,2002,3171.0,0.0,0.231386,0.771628,AUS,WLF,841899
4057779,166,241,8854,2002,5543.0,0.0,0.542585,0.854243,NZL,WLF,841899
4057780,18,5,8854,2002,1463.0,0.0,1.4097469999999999,1.440169,BEL,AND,841899
4057781,61,5,8854,2002,843.0,0.0,2.297691,-2.183239,DEU,AND,841899
4057782,71,5,8854,2002,223421.0,1942.0,1.012246,2.049594,ESP,AND,841899
4057783,77,5,8854,2002,8446.0,0.0,1.569367,0.9886360000000001,FRA,AND,841899
4057784,99,5,8854,2002,0.0,1132.0,-0.877043,-0.658185,HND,AND,841899
4057785,111,5,8854,2002,2534.0,0.0,1.377604,1.2470510000000001,ITA,AND,841899
4057786,173,5,8854,2002,0.0,1776.0,-0.6126199999999999,0.085944,PER,AND,841899
4057787,18,92,8854,2002,3079.0,0.0,1.4097469999999999,1.440169,BEL,GRL,841899
4057788,64,92,8854,2002,1769655.0,0.0,1.26594,1.225186,DNK,GRL,841899
4057789,109,92,8854,2002,6866.0,0.0,0.23601999999999998,-0.34781,ISL,GRL,841899
4057790,163,92,8854,2002,6260.0,0.0,1.110882,0.17164100000000002,NOR,GRL,841899
4057791,208,92,8854,2002,2621.0,0.0,2.128614,0.7891199999999999,SWE,GRL,841899
4057792,250,92,8854,2002,27222.0,0.0,0.734927,-0.40114099999999997,ANS,GRL,841899
4057793,231,213,8854,2002,4281.0,1251.0,1.821594,0.231296,USA,TCA,841899
4057794,18,198,8854,2002,0.0,16828.0,1.4097469999999999,1.440169,BEL,SMR,841899
4057795,59,198,8854,2002,0.0,7410.0,1.550713,1.037066,CZE,SMR,841899
4057796,207,198,8854,2002,0.0,5735.0,1.5643770000000001,1.043862,SVN,SMR,841899
4057797,39,200,8854,2002,7314.0,0.0,0.9963280000000001,1.1922110000000001,CAN,SPM,841899
4057798,77,200,8854,2002,52209.0,0.0,1.569367,0.9886360000000001,FRA,SPM,841899
4057799,231,218,8854,2002,96000.0,13027.0,1.821594,0.231296,USA,TKL,841899
4057800,103,194,8854,2002,0.0,9982.0,-0.10020499999999999,1.590314,IDN,SHN,841899
4057801,231,194,8854,2002,88118.0,0.0,1.821594,0.231296,USA,SHN,841899
4057802,52,6,9211,2002,1057004.0,2111.0,0.03619,-0.187718,CRI,ANT,847790
4057803,61,6,9211,2002,2000.0,0.0,2.297691,-2.183239,DEU,ANT,847790
4057804,77,6,9211,2002,1892.0,0.0,1.569367,0.9886360000000001,FRA,ANT,847790
4057805,106,6,9211,2002,0.0,105223.0,1.7232880000000002,0.091172,IRL,ANT,847790
4057806,111,6,9211,2002,30389.0,0.0,1.377604,1.2470510000000001,ITA,ANT,847790
4057807,231,6,9211,2002,5121.0,5061.0,1.821594,0.231296,USA,ANT,847790
4057808,249,6,9211,2002,1505.0,0.0,1.683858,1.333601,TWN,ANT,847790
4057809,231,13,9211,2002,83753.0,0.0,1.821594,0.231296,USA,ATG,847790
4057810,2,15,9211,2002,0.0,43689.0,-2.018135,-1.222751,AGO,AUT,847790
4057811,7,15,9211,2002,17886.0,860737.0,0.044683,-0.247191,ARE,AUT,847790
4057812,8,15,9211,2002,2318.0,73325.0,0.284536,0.517425,ARG,AUT,847790
4057813,14,15,9211,2002,14850.0,920939.0,0.231386,0.771628,AUS,AUT,847790
4057814,16,15,9211,2002,5542.0,4537.0,-0.41282299999999994,-0.967931,AZE,AUT,847790
4057815,18,15,9211,2002,1951164.0,1525815.0,1.4097469999999999,1.440169,BEL,AUT,847790
4057816,21,15,9211,2002,0.0,21234.0,-0.477813,-0.647148,BFA,AUT,847790
4057817,23,15,9211,2002,180668.0,94634.0,0.37451100000000004,1.573517,BGR,AUT,847790
4057818,24,15,9211,2002,4933.0,106708.0,-0.146585,-1.006558,BHR,AUT,847790
4057819,26,15,9211,2002,0.0,50404.0,0.26339,0.30287,BIH,AUT,847790
4057820,28,15,9211,2002,0.0,1090.0,0.825865,1.0148979999999999,BLR,AUT,847790
4057821,32,15,9211,2002,766.0,1055032.0,0.677883,1.0227190000000002,BRA,AUT,847790
4057822,39,15,9211,2002,2608901.0,1574113.0,0.9963280000000001,1.1922110000000001,CAN,AUT,847790
4057823,41,15,9211,2002,8136592.0,17794320.0,2.218095,0.620946,CHE,AUT,847790
4057824,42,15,9211,2002,2792.0,988708.0,-0.035264,-0.101796,CHL,AUT,847790
4057825,43,15,9211,2002,87452.0,28038460.0,0.576746,2.7995520000000003,CHN,AUT,847790
4057826,44,15,9211,2002,0.0,65994.0,-0.816327,-0.711765,CIV,AUT,847790
4057827,45,15,9211,2002,0.0,2936.0,-1.114477,-1.0516510000000001,CMR,AUT,847790
4057828,49,15,9211,2002,1985.0,268278.0,0.345094,0.37787800000000005,COL,AUT,847790
4057829,52,15,9211,2002,0.0,1626.0,0.03619,-0.187718,CRI,AUT,847790
4057830,58,15,9211,2002,0.0,10848.0,0.381391,0.40265,CYP,AUT,847790
4057831,59,15,9211,2002,11368718.0,7450028.0,1.550713,1.037066,CZE,AUT,847790
4057832,61,15,9211,2002,29682380.0,34095940.0,2.297691,-2.183239,DEU,AUT,847790
4057833,64,15,9211,2002,126914.0,1120687.0,1.26594,1.225186,DNK,AUT,847790
4057834,65,15,9211,2002,0.0,13560.0,-0.46284899999999995,-0.39210100000000003,DOM,AUT,847790
4057835,66,15,9211,2002,0.0,66014.0,-0.912033,-1.1731850000000001,DZA,AUT,847790
4057836,67,15,9211,2002,0.0,11300.0,-0.976218,-0.926393,ECU,AUT,847790
4057837,68,15,9211,2002,2481.0,208448.0,-0.377127,0.549439,EGY,AUT,847790
4057838,71,15,9211,2002,173114.0,4104076.0,1.012246,2.049594,ESP,AUT,847790
4057839,72,15,9211,2002,3446.0,89268.0,0.54511,0.9135979999999999,EST,AUT,847790
4057840,74,15,9211,2002,5089.0,475049.0,2.0234240000000003,0.979141,FIN,AUT,847790
4057841,77,15,9211,2002,1154249.0,5477672.0,1.569367,0.9886360000000001,FRA,AUT,847790
4057842,81,15,9211,2002,171390.0,8117328.0,1.893177,0.831382,GBR,AUT,847790
4057843,83,15,9211,2002,0.0,96786.0,-1.333425,-1.0709879999999998,GHA,AUT,847790
4057844,90,15,9211,2002,1764.0,210421.0,0.31858000000000003,1.47417,GRC,AUT,847790
4057845,97,15,9211,2002,4942.0,445608.0,0.5701109999999999,1.989357,HKG,AUT,847790
4057846,99,15,9211,2002,0.0,1501.0,-0.877043,-0.658185,HND,AUT,847790
4057847,100,15,9211,2002,83603.0,139742.0,0.591276,1.030723,HRV,AUT,847790
4057848,102,15,9211,2002,1178549.0,3347248.0,1.179684,1.0574860000000001,HUN,AUT,847790
4057849,103,15,9211,2002,1828.0,258499.0,-0.10020499999999999,1.590314,IDN,AUT,847790
4057850,104,15,9211,2002,1809.0,615628.0,0.380867,2.608955,IND,AUT,847790
4057851,106,15,9211,2002,38500.0,336627.0,1.7232880000000002,0.091172,IRL,AUT,847790
4057852,107,15,9211,2002,0.0,1083182.0,-0.5707840000000001,-0.705612,IRN,AUT,847790
4057853,108,15,9211,2002,0.0,674840.0,-0.397477,-0.811214,IRQ,AUT,847790
4057854,109,15,9211,2002,0.0,1830.0,0.23601999999999998,-0.34781,ISL,AUT,847790
4057855,110,15,9211,2002,33256.0,437409.0,1.334174,0.654331,ISR,AUT,847790
4057856,111,15,9211,2002,2179072.0,5873743.0,1.377604,1.2470510000000001,ITA,AUT,847790
4057857,112,15,9211,2002,0.0,1032.0,-0.604813,-0.9309860000000001,JAM,AUT,847790
4057858,113,15,9211,2002,0.0,125695.0,0.24197600000000002,0.196635,JOR,AUT,847790
4057859,114,15,9211,2002,536200.0,2031234.0,2.556057,0.497673,JPN,AUT,847790
4057860,115,15,9211,2002,0.0,529753.0,-0.065332,-0.616159,KAZ,AUT,847790
4057861,116,15,9211,2002,0.0,166459.0,-0.555812,0.169204,KEN,AUT,847790
4057862,121,15,9211,2002,13658.0,2328690.0,1.186816,1.075947,KOR,AUT,847790
4057863,122,15,9211,2002,0.0,58725.0,-0.6629550000000001,-1.157214,KWT,AUT,847790
4057864,124,15,9211,2002,0.0,19937.0,0.2729,1.254232,LBN,AUT,847790
4057865,126,15,9211,2002,0.0,251779.0,-0.568615,-1.172261,LBY,AUT,847790
4057866,128,15,9211,2002,0.0,27730.0,-0.740927,0.023171,LKA,AUT,847790
4057867,130,15,9211,2002,8366.0,0.0,0.23102399999999998,0.586078,LTU,AUT,847790
4057868,131,15,9211,2002,1050722.0,18699.0,1.605378,1.152973,LUX,AUT,847790
4057869,132,15,9211,2002,0.0,2937.0,0.45210200000000006,0.515388,LVA,AUT,847790
4057870,134,15,9211,2002,0.0,63687.0,-0.810467,-0.34807899999999997,MAR,AUT,847790
4057871,135,15,9211,2002,0.0,5167.0,-0.186001,-0.141598,MDA,AUT,847790
4057872,138,15,9211,2002,8725.0,1051798.0,0.942061,0.6311260000000001,MEX,AUT,847790
4057873,140,15,9211,2002,3824.0,54485.0,-0.030274000000000002,0.359317,MKD,AUT,847790
4057874,141,15,9211,2002,0.0,17078.0,-0.8948520000000001,-0.863375,MLI,AUT,847790
4057875,142,15,9211,2002,0.0,28846.0,1.12245,0.019001,MLT,AUT,847790
4057876,151,15,9211,2002,1391.0,13414.0,-0.37937600000000005,-0.388848,MUS,AUT,847790
4057877,152,15,9211,2002,0.0,547.0,-1.441416,-1.214651,MWI,AUT,847790
4057878,153,15,9211,2002,11279.0,229666.0,0.704957,0.243398,MYS,AUT,847790
4057879,156,15,9211,2002,0.0,2650.0,-0.292646,-0.823263,NCL,AUT,847790
4057880,159,15,9211,2002,0.0,280838.0,-1.8315700000000001,-1.25171,NGA,AUT,847790
4057881,162,15,9211,2002,109945.0,1471298.0,1.206176,1.7136360000000002,NLD,AUT,847790
4057882,163,15,9211,2002,10751.0,253039.0,1.110882,0.17164100000000002,NOR,AUT,847790
4057883,164,15,9211,2002,0.0,2814.0,-0.216428,0.44377700000000003,NPL,AUT,847790
4057884,166,15,9211,2002,0.0,105655.0,0.542585,0.854243,NZL,AUT,847790
4057885,167,15,9211,2002,0.0,96147.0,-1.238769,-1.225841,OMN,AUT,847790
4057886,168,15,9211,2002,0.0,59346.0,-0.877655,-0.322094,PAK,AUT,847790
4057887,169,15,9211,2002,0.0,2487.0,0.134759,0.234258,PAN,AUT,847790
4057888,173,15,9211,2002,2206.0,231805.0,-0.6126199999999999,0.085944,PER,AUT,847790
4057889,174,15,9211,2002,0.0,63697.0,0.055439999999999996,-0.179809,PHL,AUT,847790
4057890,177,15,9211,2002,82407.0,2647838.0,0.931642,1.721727,POL,AUT,847790
4057891,179,15,9211,2002,95884.0,444522.0,0.484407,1.6500080000000001,PRT,AUT,847790
4057892,180,15,9211,2002,0.0,1077.0,-0.614282,-0.963832,PRY,AUT,847790
4057893,183,15,9211,2002,0.0,56715.0,-0.306052,-1.098296,QAT,AUT,847790
4057894,185,15,9211,2002,204399.0,449144.0,0.29888200000000004,0.980376,ROU,AUT,847790
4057895,186,15,9211,2002,0.0,2657505.0,1.109397,0.424229,RUS,AUT,847790
4057896,188,15,9211,2002,24326.0,1112549.0,0.082107,-0.843317,SAU,AUT,847790
4057897,189,15,9211,2002,4422.0,51046.0,0.55781,2.135925,SCG,AUT,847790
4057898,190,15,9211,2002,0.0,11871.0,-1.499925,-1.228374,SDN,AUT,847790
4057899,191,15,9211,2002,0.0,2391.0,-0.43679700000000005,-0.484176,SEN,AUT,847790
4057900,192,15,9211,2002,57981.0,321365.0,1.481857,0.648889,SGP,AUT,847790
4057901,206,15,9211,2002,3032351.0,437591.0,1.1907379999999999,1.050649,SVK,AUT,847790
4057902,207,15,9211,2002,902034.0,454899.0,1.5643770000000001,1.043862,SVN,AUT,847790
4057903,208,15,9211,2002,85677.0,1163436.0,2.128614,0.7891199999999999,SWE,AUT,847790
4057904,212,15,9211,2002,0.0,25007.0,-1.067974,-0.513309,SYR,AUT,847790
4057905,216,15,9211,2002,12208.0,316138.0,0.432041,1.627953,THA,AUT,847790
4057906,223,15,9211,2002,0.0,100301.0,-0.221951,0.325506,TUN,AUT,847790
4057907,224,15,9211,2002,42715.0,3462236.0,0.11263699999999999,1.83925,TUR,AUT,847790
4057908,226,15,9211,2002,0.0,19625.0,-1.189463,-0.48640600000000006,TZA,AUT,847790
4057909,227,15,9211,2002,0.0,3973.0,-1.038337,-0.896425,UGA,AUT,847790
4057910,228,15,9211,2002,3318.0,1130718.0,0.835485,0.872135,UKR,AUT,847790
4057911,231,15,9211,2002,1899747.0,20691164.0,1.821594,0.231296,USA,AUT,847790
4057912,236,15,9211,2002,0.0,438124.0,0.211536,-0.715675,VEN,AUT,847790
4057913,239,15,9211,2002,0.0,27725.0,-0.589665,0.799874,VNM,AUT,847790
4057914,243,15,9211,2002,0.0,407008.0,-1.233006,-1.22101,YEM,AUT,847790
4057915,246,15,9211,2002,77448.0,747708.0,0.395943,2.392458,ZAF,AUT,847790
4057916,248,15,9211,2002,0.0,861.0,-0.309483,0.271457,ZWE,AUT,847790
4057917,249,15,9211,2002,60776.0,711479.0,1.683858,1.333601,TWN,AUT,847790
4057918,2,18,9211,2002,0.0,4858.0,-2.018135,-1.222751,AGO,BEL,847790
4057919,8,18,9211,2002,0.0,213446.0,0.284536,0.517425,ARG,BEL,847790
4057920,14,18,9211,2002,6532.0,86667.0,0.231386,0.771628,AUS,BEL,847790
4057921,15,18,9211,2002,1525815.0,1951164.0,1.8651200000000001,0.48423900000000003,AUT,BEL,847790
4057922,17,18,9211,2002,0.0,2119.0,-0.333602,-0.648837,BDI,BEL,847790
4057923,23,18,9211,2002,42349.0,24572.0,0.37451100000000004,1.573517,BGR,BEL,847790
4057924,28,18,9211,2002,0.0,4867.0,0.825865,1.0148979999999999,BLR,BEL,847790
4057925,32,18,9211,2002,40416.0,30061.0,0.677883,1.0227190000000002,BRA,BEL,847790
4057926,39,18,9211,2002,77991.0,43335.0,0.9963280000000001,1.1922110000000001,CAN,BEL,847790
4057927,41,18,9211,2002,2758516.0,1686499.0,2.218095,0.620946,CHE,BEL,847790
4057928,42,18,9211,2002,0.0,5701.0,-0.035264,-0.101796,CHL,BEL,847790
4057929,43,18,9211,2002,14004.0,103090.0,0.576746,2.7995520000000003,CHN,BEL,847790
4057930,44,18,9211,2002,0.0,270878.0,-0.816327,-0.711765,CIV,BEL,847790
4057931,45,18,9211,2002,0.0,33907.0,-1.114477,-1.0516510000000001,CMR,BEL,847790
4057932,46,18,9211,2002,0.0,96792.0,-1.2657370000000001,-1.108659,COD,BEL,847790
4057933,49,18,9211,2002,0.0,15443.0,0.345094,0.37787800000000005,COL,BEL,847790
4057934,52,18,9211,2002,0.0,6006.0,0.03619,-0.187718,CRI,BEL,847790
4057935,54,18,9211,2002,0.0,10259.0,-0.479213,-0.951203,CUB,BEL,847790
4057936,58,18,9211,2002,0.0,4816.0,0.381391,0.40265,CYP,BEL,847790
4057937,59,18,9211,2002,13632.0,65857.0,1.550713,1.037066,CZE,BEL,847790
4057938,61,18,9211,2002,20397432.0,6334446.0,2.297691,-2.183239,DEU,BEL,847790
4057939,64,18,9211,2002,87672.0,67652.0,1.26594,1.225186,DNK,BEL,847790
4057940,65,18,9211,2002,0.0,7718.0,-0.46284899999999995,-0.39210100000000003,DOM,BEL,847790
4057941,66,18,9211,2002,0.0,102537.0,-0.912033,-1.1731850000000001,DZA,BEL,847790
4057942,67,18,9211,2002,0.0,3045.0,-0.976218,-0.926393,ECU,BEL,847790
4057943,68,18,9211,2002,0.0,98805.0,-0.377127,0.549439,EGY,BEL,847790
4057944,71,18,9211,2002,82074.0,886866.0,1.012246,2.049594,ESP,BEL,847790
4057945,72,18,9211,2002,0.0,3789.0,0.54511,0.9135979999999999,EST,BEL,847790
4057946,74,18,9211,2002,3867.0,14540.0,2.0234240000000003,0.979141,FIN,BEL,847790
4057947,77,18,9211,2002,3615635.0,3748645.0,1.569367,0.9886360000000001,FRA,BEL,847790
4057948,80,18,9211,2002,0.0,10325.0,-0.830094,-1.149233,GAB,BEL,847790
4057949,81,18,9211,2002,1925798.0,731121.0,1.893177,0.831382,GBR,BEL,847790
4057950,90,18,9211,2002,4674.0,43092.0,0.31858000000000003,1.47417,GRC,BEL,847790
4057951,93,18,9211,2002,0.0,2415.0,-0.548834,-0.034464999999999996,GTM,BEL,847790
4057952,97,18,9211,2002,0.0,47165.0,0.5701109999999999,1.989357,HKG,BEL,847790
4057953,100,18,9211,2002,0.0,24136.0,0.591276,1.030723,HRV,BEL,847790
4057954,102,18,9211,2002,437022.0,516369.0,1.179684,1.0574860000000001,HUN,BEL,847790
4057955,103,18,9211,2002,0.0,114001.0,-0.10020499999999999,1.590314,IDN,BEL,847790
4057956,104,18,9211,2002,21695.0,226830.0,0.380867,2.608955,IND,BEL,847790
4057957,106,18,9211,2002,8351.0,4150768.0,1.7232880000000002,0.091172,IRL,BEL,847790
4057958,107,18,9211,2002,0.0,183355.0,-0.5707840000000001,-0.705612,IRN,BEL,847790
4057959,110,18,9211,2002,70164.0,89887.0,1.334174,0.654331,ISR,BEL,847790
4057960,111,18,9211,2002,3157290.0,859942.0,1.377604,1.2470510000000001,ITA,BEL,847790
4057961,114,18,9211,2002,1086476.0,162104.0,2.556057,0.497673,JPN,BEL,847790
4057962,116,18,9211,2002,0.0,4731.0,-0.555812,0.169204,KEN,BEL,847790
4057963,121,18,9211,2002,3249.0,7005.0,1.186816,1.075947,KOR,BEL,847790
4057964,122,18,9211,2002,0.0,1602.0,-0.6629550000000001,-1.157214,KWT,BEL,847790
4057965,128,18,9211,2002,0.0,1208649.0,-0.740927,0.023171,LKA,BEL,847790
4057966,130,18,9211,2002,0.0,1153.0,0.23102399999999998,0.586078,LTU,BEL,847790
4057967,131,18,9211,2002,1232548.0,1100896.0,1.605378,1.152973,LUX,BEL,847790
4057968,132,18,9211,2002,12429.0,37677.0,0.45210200000000006,0.515388,LVA,BEL,847790
4057969,134,18,9211,2002,0.0,16758.0,-0.810467,-0.34807899999999997,MAR,BEL,847790
4057970,138,18,9211,2002,0.0,112571.0,0.942061,0.6311260000000001,MEX,BEL,847790
4057971,142,18,9211,2002,0.0,12283.0,1.12245,0.019001,MLT,BEL,847790
4057972,153,18,9211,2002,0.0,13009.0,0.704957,0.243398,MYS,BEL,847790
4057973,159,18,9211,2002,0.0,117141.0,-1.8315700000000001,-1.25171,NGA,BEL,847790
4057974,162,18,9211,2002,2980770.0,17066530.0,1.206176,1.7136360000000002,NLD,BEL,847790
4057975,163,18,9211,2002,4308.0,33654.0,1.110882,0.17164100000000002,NOR,BEL,847790
4057976,166,18,9211,2002,19932.0,24086.0,0.542585,0.854243,NZL,BEL,847790
4057977,167,18,9211,2002,0.0,1349.0,-1.238769,-1.225841,OMN,BEL,847790
4057978,174,18,9211,2002,0.0,8469.0,0.055439999999999996,-0.179809,PHL,BEL,847790
4057979,177,18,9211,2002,54436.0,944930.0,0.931642,1.721727,POL,BEL,847790
4057980,178,18,9211,2002,0.0,1051.0,0.43756999999999996,0.744264,PRK,BEL,847790
4057981,179,18,9211,2002,273200.0,53223.0,0.484407,1.6500080000000001,PRT,BEL,847790
4057982,185,18,9211,2002,31789.0,48959.0,0.29888200000000004,0.980376,ROU,BEL,847790
4057983,186,18,9211,2002,1047.0,353854.0,1.109397,0.424229,RUS,BEL,847790
4057984,187,18,9211,2002,0.0,924.0,-0.553848,-0.757714,RWA,BEL,847790
4057985,188,18,9211,2002,0.0,3444.0,0.082107,-0.843317,SAU,BEL,847790
4057986,189,18,9211,2002,2032.0,1506.0,0.55781,2.135925,SCG,BEL,847790
4057987,191,18,9211,2002,0.0,2739.0,-0.43679700000000005,-0.484176,SEN,BEL,847790
4057988,192,18,9211,2002,187730.0,11579.0,1.481857,0.648889,SGP,BEL,847790
4057989,206,18,9211,2002,112982.0,4996524.0,1.1907379999999999,1.050649,SVK,BEL,847790
4057990,207,18,9211,2002,0.0,3977.0,1.5643770000000001,1.043862,SVN,BEL,847790
4057991,208,18,9211,2002,310322.0,82251.0,2.128614,0.7891199999999999,SWE,BEL,847790
4057992,216,18,9211,2002,0.0,25569.0,0.432041,1.627953,THA,BEL,847790
4057993,223,18,9211,2002,0.0,65341.0,-0.221951,0.325506,TUN,BEL,847790
4057994,224,18,9211,2002,2753.0,97639.0,0.11263699999999999,1.83925,TUR,BEL,847790
4057995,226,18,9211,2002,0.0,5638.0,-1.189463,-0.48640600000000006,TZA,BEL,847790
4057996,228,18,9211,2002,37213.0,0.0,0.835485,0.872135,UKR,BEL,847790
4057997,231,18,9211,2002,3798354.0,7130396.0,1.821594,0.231296,USA,BEL,847790
4057998,236,18,9211,2002,0.0,99830.0,0.211536,-0.715675,VEN,BEL,847790
4057999,239,18,9211,2002,0.0,43988.0,-0.589665,0.799874,VNM,BEL,847790
4058000,243,18,9211,2002,0.0,1105.0,-1.233006,-1.22101,YEM,BEL,847790
4058001,246,18,9211,2002,4924.0,76791.0,0.395943,2.392458,ZAF,BEL,847790
4058002,248,18,9211,2002,0.0,5602.0,-0.309483,0.271457,ZWE,BEL,847790
4058003,249,18,9211,2002,8938.0,12482.0,1.683858,1.333601,TWN,BEL,847790
4058004,39,25,9211,2002,0.0,941.0,0.9963280000000001,1.1922110000000001,CAN,BHS,847790
4058005,61,25,9211,2002,18967.0,0.0,2.297691,-2.183239,DEU,BHS,847790
4058006,111,25,9211,2002,6739.0,0.0,1.377604,1.2470510000000001,ITA,BHS,847790
4058007,208,25,9211,2002,2351.0,0.0,2.128614,0.7891199999999999,SWE,BHS,847790
4058008,231,25,9211,2002,60026.0,6170.0,1.821594,0.231296,USA,BHS,847790
4058009,8,32,9211,2002,101782.0,247652.0,0.284536,0.517425,ARG,BRA,847790
4058010,14,32,9211,2002,1293.0,18635.0,0.231386,0.771628,AUS,BRA,847790
4058011,15,32,9211,2002,1055032.0,766.0,1.8651200000000001,0.48423900000000003,AUT,BRA,847790
4058012,18,32,9211,2002,30061.0,40416.0,1.4097469999999999,1.440169,BEL,BRA,847790
4058013,31,32,9211,2002,0.0,2557.0,-0.885342,-0.819517,BOL,BRA,847790
4058014,39,32,9211,2002,1532061.0,906712.0,0.9963280000000001,1.1922110000000001,CAN,BRA,847790
4058015,41,32,9211,2002,1289432.0,4772.0,2.218095,0.620946,CHE,BRA,847790
4058016,42,32,9211,2002,4852.0,1081090.0,-0.035264,-0.101796,CHL,BRA,847790
4058017,43,32,9211,2002,459881.0,0.0,0.576746,2.7995520000000003,CHN,BRA,847790
4058018,49,32,9211,2002,0.0,267708.0,0.345094,0.37787800000000005,COL,BRA,847790
4058019,52,32,9211,2002,0.0,2010.0,0.03619,-0.187718,CRI,BRA,847790
4058020,61,32,9211,2002,10923873.0,639933.0,2.297691,-2.183239,DEU,BRA,847790
4058021,64,32,9211,2002,6599.0,0.0,1.26594,1.225186,DNK,BRA,847790
4058022,65,32,9211,2002,0.0,6469.0,-0.46284899999999995,-0.39210100000000003,DOM,BRA,847790
4058023,67,32,9211,2002,2473.0,112111.0,-0.976218,-0.926393,ECU,BRA,847790
4058024,71,32,9211,2002,507287.0,147067.0,1.012246,2.049594,ESP,BRA,847790
4058025,77,32,9211,2002,4022247.0,88183.0,1.569367,0.9886360000000001,FRA,BRA,847790
4058026,81,32,9211,2002,681545.0,11997.0,1.893177,0.831382,GBR,BRA,847790
4058027,83,32,9211,2002,0.0,4628.0,-1.333425,-1.0709879999999998,GHA,BRA,847790
4058028,93,32,9211,2002,0.0,1239.0,-0.548834,-0.034464999999999996,GTM,BRA,847790
4058029,97,32,9211,2002,47829.0,20322.0,0.5701109999999999,1.989357,HKG,BRA,847790
4058030,102,32,9211,2002,13726.0,8169.0,1.179684,1.0574860000000001,HUN,BRA,847790
4058031,103,32,9211,2002,0.0,4905.0,-0.10020499999999999,1.590314,IDN,BRA,847790
4058032,104,32,9211,2002,93864.0,5203.0,0.380867,2.608955,IND,BRA,847790
4058033,110,32,9211,2002,3987.0,0.0,1.334174,0.654331,ISR,BRA,847790
4058034,111,32,9211,2002,5348722.0,123179.0,1.377604,1.2470510000000001,ITA,BRA,847790
4058035,114,32,9211,2002,945026.0,2548.0,2.556057,0.497673,JPN,BRA,847790
4058036,121,32,9211,2002,139652.0,0.0,1.186816,1.075947,KOR,BRA,847790
4058037,131,32,9211,2002,5139.0,883.0,1.605378,1.152973,LUX,BRA,847790
4058038,138,32,9211,2002,4723.0,160616.0,0.942061,0.6311260000000001,MEX,BRA,847790
4058039,142,32,9211,2002,5937.0,39828.0,1.12245,0.019001,MLT,BRA,847790
4058040,153,32,9211,2002,4119.0,18980.0,0.704957,0.243398,MYS,BRA,847790
4058041,162,32,9211,2002,173421.0,6848.0,1.206176,1.7136360000000002,NLD,BRA,847790
4058042,163,32,9211,2002,192313.0,0.0,1.110882,0.17164100000000002,NOR,BRA,847790
4058043,164,32,9211,2002,0.0,2094.0,-0.216428,0.44377700000000003,NPL,BRA,847790
4058044,166,32,9211,2002,88846.0,0.0,0.542585,0.854243,NZL,BRA,847790
4058045,169,32,9211,2002,0.0,8202.0,0.134759,0.234258,PAN,BRA,847790
4058046,173,32,9211,2002,0.0,133360.0,-0.6126199999999999,0.085944,PER,BRA,847790
4058047,174,32,9211,2002,0.0,2181.0,0.055439999999999996,-0.179809,PHL,BRA,847790
4058048,179,32,9211,2002,12260.0,0.0,0.484407,1.6500080000000001,PRT,BRA,847790
4058049,180,32,9211,2002,0.0,42086.0,-0.614282,-0.963832,PRY,BRA,847790
4058050,192,32,9211,2002,65285.0,1714.0,1.481857,0.648889,SGP,BRA,847790
4058051,197,32,9211,2002,0.0,2512.0,-0.280138,-0.099225,SLV,BRA,847790
4058052,208,32,9211,2002,50865.0,2210.0,2.128614,0.7891199999999999,SWE,BRA,847790
4058053,216,32,9211,2002,0.0,2119.0,0.432041,1.627953,THA,BRA,847790
4058054,230,32,9211,2002,1953.0,58554.0,0.300502,0.16817000000000001,URY,BRA,847790
4058055,231,32,9211,2002,20920650.0,298665.0,1.821594,0.231296,USA,BRA,847790
4058056,236,32,9211,2002,1544.0,103790.0,0.211536,-0.715675,VEN,BRA,847790
4058057,246,32,9211,2002,0.0,56108.0,0.395943,2.392458,ZAF,BRA,847790
4058058,249,32,9211,2002,155775.0,0.0,1.683858,1.333601,TWN,BRA,847790
4058059,41,33,9211,2002,2616.0,0.0,2.218095,0.620946,CHE,BRB,847790
4058060,43,33,9211,2002,1468.0,0.0,0.576746,2.7995520000000003,CHN,BRB,847790
4058061,61,33,9211,2002,1548.0,0.0,2.297691,-2.183239,DEU,BRB,847790
4058062,81,33,9211,2002,18486.0,0.0,1.893177,0.831382,GBR,BRB,847790
4058063,106,33,9211,2002,1561.0,0.0,1.7232880000000002,0.091172,IRL,BRB,847790
4058064,111,33,9211,2002,3109.0,0.0,1.377604,1.2470510000000001,ITA,BRB,847790
4058065,114,33,9211,2002,1364.0,0.0,2.556057,0.497673,JPN,BRB,847790
4058066,194,33,9211,2002,6491.0,0.0,1.4834459999999998,0.014774,SHN,BRB,847790
4058067,208,33,9211,2002,4840.0,0.0,2.128614,0.7891199999999999,SWE,BRB,847790
4058068,222,33,9211,2002,2730.0,0.0,0.074907,-0.8203879999999999,TTO,BRB,847790
4058069,231,33,9211,2002,30328.0,0.0,1.821594,0.231296,USA,BRB,847790
4058070,249,33,9211,2002,2344.0,0.0,1.683858,1.333601,TWN,BRB,847790
4058071,7,39,9211,2002,0.0,5608.0,0.044683,-0.247191,ARE,CAN,847790
4058072,8,39,9211,2002,95672.0,45462.0,0.284536,0.517425,ARG,CAN,847790
4058073,9,39,9211,2002,0.0,5392.0,0.710274,-0.11309000000000001,ARM,CAN,847790
4058074,14,39,9211,2002,64357.0,1082499.0,0.231386,0.771628,AUS,CAN,847790
4058075,15,39,9211,2002,1574113.0,2608901.0,1.8651200000000001,0.48423900000000003,AUT,CAN,847790
4058076,18,39,9211,2002,43335.0,77991.0,1.4097469999999999,1.440169,BEL,CAN,847790
4058077,22,39,9211,2002,0.0,7093.0,-1.134933,-1.061633,BGD,CAN,847790
4058078,23,39,9211,2002,0.0,74725.0,0.37451100000000004,1.573517,BGR,CAN,847790
4058079,25,39,9211,2002,941.0,0.0,0.641626,-0.37892800000000004,BHS,CAN,847790
4058080,26,39,9211,2002,1658.0,0.0,0.26339,0.30287,BIH,CAN,847790
4058081,28,39,9211,2002,0.0,1714.0,0.825865,1.0148979999999999,BLR,CAN,847790
4058082,32,39,9211,2002,906712.0,1532061.0,0.677883,1.0227190000000002,BRA,CAN,847790
4058083,41,39,9211,2002,1014121.0,17556.0,2.218095,0.620946,CHE,CAN,847790
4058084,42,39,9211,2002,1319.0,219393.0,-0.035264,-0.101796,CHL,CAN,847790
4058085,43,39,9211,2002,1387214.0,3408470.0,0.576746,2.7995520000000003,CHN,CAN,847790
4058086,49,39,9211,2002,0.0,167806.0,0.345094,0.37787800000000005,COL,CAN,847790
4058087,52,39,9211,2002,0.0,39615.0,0.03619,-0.187718,CRI,CAN,847790
4058088,54,39,9211,2002,0.0,1058.0,-0.479213,-0.951203,CUB,CAN,847790
4058089,59,39,9211,2002,64924.0,11905.0,1.550713,1.037066,CZE,CAN,847790
4058090,61,39,9211,2002,5071692.0,6709252.0,2.297691,-2.183239,DEU,CAN,847790
4058091,64,39,9211,2002,24154.0,373685.0,1.26594,1.225186,DNK,CAN,847790
4058092,65,39,9211,2002,0.0,20821.0,-0.46284899999999995,-0.39210100000000003,DOM,CAN,847790
4058093,66,39,9211,2002,0.0,1289.0,-0.912033,-1.1731850000000001,DZA,CAN,847790
4058094,67,39,9211,2002,0.0,13249.0,-0.976218,-0.926393,ECU,CAN,847790
4058095,68,39,9211,2002,0.0,22837.0,-0.377127,0.549439,EGY,CAN,847790
4058096,71,39,9211,2002,79883.0,1123494.0,1.012246,2.049594,ESP,CAN,847790
4058097,72,39,9211,2002,3513.0,14249.0,0.54511,0.9135979999999999,EST,CAN,847790
4058098,74,39,9211,2002,30411.0,798796.0,2.0234240000000003,0.979141,FIN,CAN,847790
4058099,77,39,9211,2002,4866742.0,4252350.0,1.569367,0.9886360000000001,FRA,CAN,847790
4058100,81,39,9211,2002,1944378.0,1909428.0,1.893177,0.831382,GBR,CAN,847790
4058101,82,39,9211,2002,2849.0,0.0,0.662382,-0.124825,GEO,CAN,847790
4058102,90,39,9211,2002,84532.0,341246.0,0.31858000000000003,1.47417,GRC,CAN,847790
4058103,93,39,9211,2002,0.0,12068.0,-0.548834,-0.034464999999999996,GTM,CAN,847790
4058104,97,39,9211,2002,332161.0,3641770.0,0.5701109999999999,1.989357,HKG,CAN,847790
4058105,99,39,9211,2002,0.0,12580.0,-0.877043,-0.658185,HND,CAN,847790
4058106,100,39,9211,2002,0.0,1107.0,0.591276,1.030723,HRV,CAN,847790
4058107,102,39,9211,2002,3229.0,109912.0,1.179684,1.0574860000000001,HUN,CAN,847790
4058108,104,39,9211,2002,64108.0,882472.0,0.380867,2.608955,IND,CAN,847790
4058109,106,39,9211,2002,20395.0,752299.0,1.7232880000000002,0.091172,IRL,CAN,847790
4058110,107,39,9211,2002,0.0,2013.0,-0.5707840000000001,-0.705612,IRN,CAN,847790
4058111,110,39,9211,2002,14490.0,145126.0,1.334174,0.654331,ISR,CAN,847790
4058112,111,39,9211,2002,3842484.0,3578849.0,1.377604,1.2470510000000001,ITA,CAN,847790
4058113,112,39,9211,2002,0.0,7137.0,-0.604813,-0.9309860000000001,JAM,CAN,847790
4058114,113,39,9211,2002,0.0,1775.0,0.24197600000000002,0.196635,JOR,CAN,847790
4058115,114,39,9211,2002,2916770.0,5845143.0,2.556057,0.497673,JPN,CAN,847790
4058116,116,39,9211,2002,0.0,5251.0,-0.555812,0.169204,KEN,CAN,847790
4058117,121,39,9211,2002,51313.0,566171.0,1.186816,1.075947,KOR,CAN,847790
4058118,130,39,9211,2002,0.0,509296.0,0.23102399999999998,0.586078,LTU,CAN,847790
4058119,131,39,9211,2002,1349590.0,1830442.0,1.605378,1.152973,LUX,CAN,847790
4058120,134,39,9211,2002,0.0,4277.0,-0.810467,-0.34807899999999997,MAR,CAN,847790
4058121,138,39,9211,2002,364807.0,2091941.0,0.942061,0.6311260000000001,MEX,CAN,847790
4058122,142,39,9211,2002,0.0,18227.0,1.12245,0.019001,MLT,CAN,847790
4058123,151,39,9211,2002,0.0,919.0,-0.37937600000000005,-0.388848,MUS,CAN,847790
4058124,153,39,9211,2002,50905.0,14656.0,0.704957,0.243398,MYS,CAN,847790
4058125,162,39,9211,2002,766457.0,296545.0,1.206176,1.7136360000000002,NLD,CAN,847790
4058126,163,39,9211,2002,11340.0,5906.0,1.110882,0.17164100000000002,NOR,CAN,847790
4058127,166,39,9211,2002,4730.0,21276.0,0.542585,0.854243,NZL,CAN,847790
4058128,167,39,9211,2002,0.0,2555.0,-1.238769,-1.225841,OMN,CAN,847790
4058129,169,39,9211,2002,0.0,2397.0,0.134759,0.234258,PAN,CAN,847790
4058130,173,39,9211,2002,0.0,57527.0,-0.6126199999999999,0.085944,PER,CAN,847790
4058131,174,39,9211,2002,0.0,2531725.0,0.055439999999999996,-0.179809,PHL,CAN,847790
4058132,177,39,9211,2002,147824.0,79765.0,0.931642,1.721727,POL,CAN,847790
4058133,179,39,9211,2002,77830.0,2838352.0,0.484407,1.6500080000000001,PRT,CAN,847790
4058134,180,39,9211,2002,0.0,451269.0,-0.614282,-0.963832,PRY,CAN,847790
4058135,185,39,9211,2002,133647.0,57199.0,0.29888200000000004,0.980376,ROU,CAN,847790
4058136,186,39,9211,2002,0.0,45072.0,1.109397,0.424229,RUS,CAN,847790
4058137,188,39,9211,2002,0.0,119215.0,0.082107,-0.843317,SAU,CAN,847790
4058138,189,39,9211,2002,0.0,2060.0,0.55781,2.135925,SCG,CAN,847790
4058139,192,39,9211,2002,71171.0,3463767.0,1.481857,0.648889,SGP,CAN,847790
4058140,197,39,9211,2002,0.0,1059.0,-0.280138,-0.099225,SLV,CAN,847790
4058141,206,39,9211,2002,0.0,2376.0,1.1907379999999999,1.050649,SVK,CAN,847790
4058142,207,39,9211,2002,0.0,19080.0,1.5643770000000001,1.043862,SVN,CAN,847790
4058143,208,39,9211,2002,188082.0,150401.0,2.128614,0.7891199999999999,SWE,CAN,847790
4058144,216,39,9211,2002,0.0,253953.0,0.432041,1.627953,THA,CAN,847790
4058145,222,39,9211,2002,4632.0,7282.0,0.074907,-0.8203879999999999,TTO,CAN,847790
4058146,223,39,9211,2002,0.0,33435.0,-0.221951,0.325506,TUN,CAN,847790
4058147,224,39,9211,2002,33610.0,68666.0,0.11263699999999999,1.83925,TUR,CAN,847790
4058148,228,39,9211,2002,0.0,690927.0,0.835485,0.872135,UKR,CAN,847790
4058149,230,39,9211,2002,0.0,3075.0,0.300502,0.16817000000000001,URY,CAN,847790
4058150,231,39,9211,2002,132691576.0,275423200.0,1.821594,0.231296,USA,CAN,847790
4058151,236,39,9211,2002,1591.0,32057.0,0.211536,-0.715675,VEN,CAN,847790
4058152,246,39,9211,2002,0.0,58094.0,0.395943,2.392458,ZAF,CAN,847790
4058153,249,39,9211,2002,487952.0,264769.0,1.683858,1.333601,TWN,CAN,847790
4058154,2,41,9211,2002,0.0,11093.0,-2.018135,-1.222751,AGO,CHE,847790
4058155,5,41,9211,2002,0.0,4310.0,1.1751610000000001,0.8631700000000001,AND,CHE,847790
4058156,7,41,9211,2002,0.0,151194.0,0.044683,-0.247191,ARE,CHE,847790
4058157,8,41,9211,2002,0.0,224198.0,0.284536,0.517425,ARG,CHE,847790
4058158,14,41,9211,2002,3516.0,492710.0,0.231386,0.771628,AUS,CHE,847790
4058159,15,41,9211,2002,17794320.0,8136592.0,1.8651200000000001,0.48423900000000003,AUT,CHE,847790
4058160,18,41,9211,2002,1686499.0,2758516.0,1.4097469999999999,1.440169,BEL,CHE,847790
4058161,22,41,9211,2002,0.0,53006.0,-1.134933,-1.061633,BGD,CHE,847790
4058162,23,41,9211,2002,9550.0,1166314.0,0.37451100000000004,1.573517,BGR,CHE,847790
4058163,24,41,9211,2002,0.0,1391.0,-0.146585,-1.006558,BHR,CHE,847790
4058164,28,41,9211,2002,0.0,15584.0,0.825865,1.0148979999999999,BLR,CHE,847790
4058165,32,41,9211,2002,4772.0,1289432.0,0.677883,1.0227190000000002,BRA,CHE,847790
4058166,33,41,9211,2002,0.0,2616.0,0.762217,0.004367,BRB,CHE,847790
4058167,39,41,9211,2002,17556.0,1014121.0,0.9963280000000001,1.1922110000000001,CAN,CHE,847790
4058168,42,41,9211,2002,0.0,224681.0,-0.035264,-0.101796,CHL,CHE,847790
4058169,43,41,9211,2002,14987.0,2888830.0,0.576746,2.7995520000000003,CHN,CHE,847790
4058170,44,41,9211,2002,0.0,9219.0,-0.816327,-0.711765,CIV,CHE,847790
4058171,45,41,9211,2002,0.0,5864.0,-1.114477,-1.0516510000000001,CMR,CHE,847790
4058172,46,41,9211,2002,0.0,4258.0,-1.2657370000000001,-1.108659,COD,CHE,847790
4058173,49,41,9211,2002,0.0,91534.0,0.345094,0.37787800000000005,COL,CHE,847790
4058174,52,41,9211,2002,0.0,38788.0,0.03619,-0.187718,CRI,CHE,847790
4058175,54,41,9211,2002,0.0,3642.0,-0.479213,-0.951203,CUB,CHE,847790
4058176,58,41,9211,2002,0.0,304195.0,0.381391,0.40265,CYP,CHE,847790
4058177,59,41,9211,2002,607114.0,781740.0,1.550713,1.037066,CZE,CHE,847790
4058178,61,41,9211,2002,27227320.0,42429264.0,2.297691,-2.183239,DEU,CHE,847790
4058179,64,41,9211,2002,1965800.0,656726.0,1.26594,1.225186,DNK,CHE,847790
4058180,65,41,9211,2002,0.0,60026.0,-0.46284899999999995,-0.39210100000000003,DOM,CHE,847790
4058181,66,41,9211,2002,0.0,177843.0,-0.912033,-1.1731850000000001,DZA,CHE,847790
4058182,67,41,9211,2002,0.0,45819.0,-0.976218,-0.926393,ECU,CHE,847790
4058183,68,41,9211,2002,5311.0,194598.0,-0.377127,0.549439,EGY,CHE,847790
4058184,71,41,9211,2002,474648.0,2766804.0,1.012246,2.049594,ESP,CHE,847790
4058185,72,41,9211,2002,0.0,7132.0,0.54511,0.9135979999999999,EST,CHE,847790
4058186,73,41,9211,2002,0.0,15916.0,-1.096371,-0.9566709999999999,ETH,CHE,847790
4058187,74,41,9211,2002,55444.0,946602.0,2.0234240000000003,0.979141,FIN,CHE,847790
4058188,77,41,9211,2002,4905385.0,13432646.0,1.569367,0.9886360000000001,FRA,CHE,847790
4058189,80,41,9211,2002,0.0,4518.0,-0.830094,-1.149233,GAB,CHE,847790
4058190,81,41,9211,2002,1752204.0,5443025.0,1.893177,0.831382,GBR,CHE,847790
4058191,83,41,9211,2002,0.0,17930.0,-1.333425,-1.0709879999999998,GHA,CHE,847790
4058192,85,41,9211,2002,0.0,3991.0,-1.85329,-1.243105,GIN,CHE,847790
4058193,90,41,9211,2002,96089.0,541063.0,0.31858000000000003,1.47417,GRC,CHE,847790
4058194,93,41,9211,2002,0.0,48938.0,-0.548834,-0.034464999999999996,GTM,CHE,847790
4058195,96,41,9211,2002,0.0,2147.0,-0.9485889999999999,-0.9086489999999999,GUY,CHE,847790
4058196,97,41,9211,2002,10577.0,1114138.0,0.5701109999999999,1.989357,HKG,CHE,847790
4058197,99,41,9211,2002,0.0,786.0,-0.877043,-0.658185,HND,CHE,847790
4058198,100,41,9211,2002,157994.0,79761.0,0.591276,1.030723,HRV,CHE,847790
4058199,102,41,9211,2002,54795.0,737615.0,1.179684,1.0574860000000001,HUN,CHE,847790
4058200,103,41,9211,2002,0.0,432503.0,-0.10020499999999999,1.590314,IDN,CHE,847790
4058201,104,41,9211,2002,57432.0,780632.0,0.380867,2.608955,IND,CHE,847790
4058202,106,41,9211,2002,1734568.0,682893.0,1.7232880000000002,0.091172,IRL,CHE,847790
4058203,107,41,9211,2002,998.0,49325.0,-0.5707840000000001,-0.705612,IRN,CHE,847790
4058204,109,41,9211,2002,0.0,4447.0,0.23601999999999998,-0.34781,ISL,CHE,847790
4058205,110,41,9211,2002,172519.0,511021.0,1.334174,0.654331,ISR,CHE,847790
4058206,111,41,9211,2002,13204260.0,9207361.0,1.377604,1.2470510000000001,ITA,CHE,847790
4058207,113,41,9211,2002,0.0,23094.0,0.24197600000000002,0.196635,JOR,CHE,847790
4058208,114,41,9211,2002,77977.0,1384414.0,2.556057,0.497673,JPN,CHE,847790
4058209,115,41,9211,2002,0.0,388511.0,-0.065332,-0.616159,KAZ,CHE,847790
4058210,116,41,9211,2002,0.0,37473.0,-0.555812,0.169204,KEN,CHE,847790
4058211,121,41,9211,2002,1559.0,266760.0,1.186816,1.075947,KOR,CHE,847790
4058212,122,41,9211,2002,0.0,38500.0,-0.6629550000000001,-1.157214,KWT,CHE,847790
4058213,124,41,9211,2002,0.0,20612.0,0.2729,1.254232,LBN,CHE,847790
4058214,128,41,9211,2002,0.0,9090.0,-0.740927,0.023171,LKA,CHE,847790
4058215,130,41,9211,2002,0.0,206214.0,0.23102399999999998,0.586078,LTU,CHE,847790
4058216,131,41,9211,2002,393657.0,1119833.0,1.605378,1.152973,LUX,CHE,847790
4058217,132,41,9211,2002,0.0,48724.0,0.45210200000000006,0.515388,LVA,CHE,847790
4058218,134,41,9211,2002,0.0,76580.0,-0.810467,-0.34807899999999997,MAR,CHE,847790
4058219,136,41,9211,2002,0.0,1451.0,-1.120167,-0.43338699999999997,MDG,CHE,847790
4058220,137,41,9211,2002,0.0,3314.0,-1.3007440000000001,-1.0420120000000002,MDV,CHE,847790
4058221,138,41,9211,2002,94659.0,2698680.0,0.942061,0.6311260000000001,MEX,CHE,847790
4058222,140,41,9211,2002,0.0,5574.0,-0.030274000000000002,0.359317,MKD,CHE,847790
4058223,142,41,9211,2002,0.0,3408.0,1.12245,0.019001,MLT,CHE,847790
4058224,146,41,9211,2002,0.0,5571.0,-0.165526,-0.7033010000000001,MNP,CHE,847790
4058225,147,41,9211,2002,0.0,6182.0,-0.947259,-1.047883,MOZ,CHE,847790
4058226,151,41,9211,2002,0.0,6969.0,-0.37937600000000005,-0.388848,MUS,CHE,847790
4058227,153,41,9211,2002,9829.0,282812.0,0.704957,0.243398,MYS,CHE,847790
4058228,159,41,9211,2002,7316.0,33701.0,-1.8315700000000001,-1.25171,NGA,CHE,847790
4058229,160,41,9211,2002,0.0,27157.0,-0.677398,-0.564472,NIC,CHE,847790
4058230,162,41,9211,2002,559247.0,3263163.0,1.206176,1.7136360000000002,NLD,CHE,847790
4058231,163,41,9211,2002,6495.0,347918.0,1.110882,0.17164100000000002,NOR,CHE,847790
4058232,164,41,9211,2002,0.0,25119.0,-0.216428,0.44377700000000003,NPL,CHE,847790
4058233,166,41,9211,2002,2378.0,120151.0,0.542585,0.854243,NZL,CHE,847790
4058234,167,41,9211,2002,0.0,6632.0,-1.238769,-1.225841,OMN,CHE,847790
4058235,168,41,9211,2002,0.0,43186.0,-0.877655,-0.322094,PAK,CHE,847790
4058236,169,41,9211,2002,0.0,23254.0,0.134759,0.234258,PAN,CHE,847790
4058237,173,41,9211,2002,0.0,43810.0,-0.6126199999999999,0.085944,PER,CHE,847790
4058238,174,41,9211,2002,0.0,68170.0,0.055439999999999996,-0.179809,PHL,CHE,847790
4058239,177,41,9211,2002,20119.0,1116955.0,0.931642,1.721727,POL,CHE,847790
4058240,179,41,9211,2002,11278.0,231301.0,0.484407,1.6500080000000001,PRT,CHE,847790
4058241,180,41,9211,2002,0.0,1130.0,-0.614282,-0.963832,PRY,CHE,847790
4058242,182,41,9211,2002,0.0,1941.0,0.042936,-0.7421840000000001,PYF,CHE,847790
4058243,185,41,9211,2002,7506.0,112865.0,0.29888200000000004,0.980376,ROU,CHE,847790
4058244,186,41,9211,2002,1651.0,1986021.0,1.109397,0.424229,RUS,CHE,847790
4058245,188,41,9211,2002,0.0,494006.0,0.082107,-0.843317,SAU,CHE,847790
4058246,189,41,9211,2002,799.0,424442.0,0.55781,2.135925,SCG,CHE,847790
4058247,192,41,9211,2002,41850.0,1165595.0,1.481857,0.648889,SGP,CHE,847790
4058248,197,41,9211,2002,0.0,4917.0,-0.280138,-0.099225,SLV,CHE,847790
4058249,206,41,9211,2002,3978.0,99169.0,1.1907379999999999,1.050649,SVK,CHE,847790
4058250,207,41,9211,2002,12203.0,43469.0,1.5643770000000001,1.043862,SVN,CHE,847790
4058251,208,41,9211,2002,251054.0,827174.0,2.128614,0.7891199999999999,SWE,CHE,847790
4058252,212,41,9211,2002,0.0,26189.0,-1.067974,-0.513309,SYR,CHE,847790
4058253,216,41,9211,2002,1264031.0,388914.0,0.432041,1.627953,THA,CHE,847790
4058254,222,41,9211,2002,0.0,19178.0,0.074907,-0.8203879999999999,TTO,CHE,847790
4058255,223,41,9211,2002,2718.0,91886.0,-0.221951,0.325506,TUN,CHE,847790
4058256,224,41,9211,2002,25345.0,436186.0,0.11263699999999999,1.83925,TUR,CHE,847790
4058257,228,41,9211,2002,0.0,165590.0,0.835485,0.872135,UKR,CHE,847790
4058258,230,41,9211,2002,0.0,44620.0,0.300502,0.16817000000000001,URY,CHE,847790
4058259,231,41,9211,2002,1887762.0,8613258.0,1.821594,0.231296,USA,CHE,847790
4058260,232,41,9211,2002,0.0,2669.0,-0.379765,-0.5965159999999999,UZB,CHE,847790
4058261,236,41,9211,2002,2160.0,668332.0,0.211536,-0.715675,VEN,CHE,847790
4058262,239,41,9211,2002,0.0,50916.0,-0.589665,0.799874,VNM,CHE,847790
4058263,243,41,9211,2002,0.0,1574112.0,-1.233006,-1.22101,YEM,CHE,847790
4058264,246,41,9211,2002,4605.0,448252.0,0.395943,2.392458,ZAF,CHE,847790
4058265,247,41,9211,2002,0.0,6012.0,-0.654686,-0.545346,ZMB,CHE,847790
4058266,248,41,9211,2002,0.0,15299.0,-0.309483,0.271457,ZWE,CHE,847790
4058267,249,41,9211,2002,60017.0,1194379.0,1.683858,1.333601,TWN,CHE,847790
4058268,8,42,9211,2002,24520.0,2198.0,0.284536,0.517425,ARG,CHL,847790
4058269,14,42,9211,2002,23664.0,4113.0,0.231386,0.771628,AUS,CHL,847790
4058270,15,42,9211,2002,988708.0,2792.0,1.8651200000000001,0.48423900000000003,AUT,CHL,847790
4058271,18,42,9211,2002,5701.0,0.0,1.4097469999999999,1.440169,BEL,CHL,847790
4058272,32,42,9211,2002,1081090.0,4852.0,0.677883,1.0227190000000002,BRA,CHL,847790
4058273,39,42,9211,2002,219393.0,1319.0,0.9963280000000001,1.1922110000000001,CAN,CHL,847790
4058274,41,42,9211,2002,224681.0,0.0,2.218095,0.620946,CHE,CHL,847790
4058275,43,42,9211,2002,16703.0,0.0,0.576746,2.7995520000000003,CHN,CHL,847790
4058276,49,42,9211,2002,0.0,3240.0,0.345094,0.37787800000000005,COL,CHL,847790
4058277,52,42,9211,2002,1213.0,0.0,0.03619,-0.187718,CRI,CHL,847790
4058278,61,42,9211,2002,957086.0,6040.0,2.297691,-2.183239,DEU,CHL,847790
4058279,64,42,9211,2002,19557.0,0.0,1.26594,1.225186,DNK,CHL,847790
4058280,71,42,9211,2002,229644.0,0.0,1.012246,2.049594,ESP,CHL,847790
4058281,74,42,9211,2002,10156.0,0.0,2.0234240000000003,0.979141,FIN,CHL,847790
4058282,77,42,9211,2002,939254.0,3222.0,1.569367,0.9886360000000001,FRA,CHL,847790
4058283,81,42,9211,2002,47767.0,0.0,1.893177,0.831382,GBR,CHL,847790
4058284,97,42,9211,2002,16298.0,0.0,0.5701109999999999,1.989357,HKG,CHL,847790
4058285,104,42,9211,2002,29637.0,0.0,0.380867,2.608955,IND,CHL,847790
4058286,106,42,9211,2002,1216.0,0.0,1.7232880000000002,0.091172,IRL,CHL,847790
4058287,110,42,9211,2002,1292.0,0.0,1.334174,0.654331,ISR,CHL,847790
4058288,111,42,9211,2002,719669.0,13188.0,1.377604,1.2470510000000001,ITA,CHL,847790
4058289,114,42,9211,2002,68299.0,0.0,2.556057,0.497673,JPN,CHL,847790
4058290,121,42,9211,2002,45408.0,0.0,1.186816,1.075947,KOR,CHL,847790
4058291,131,42,9211,2002,7005.0,0.0,1.605378,1.152973,LUX,CHL,847790
4058292,138,42,9211,2002,24662.0,16021.0,0.942061,0.6311260000000001,MEX,CHL,847790
4058293,162,42,9211,2002,4325.0,0.0,1.206176,1.7136360000000002,NLD,CHL,847790
4058294,166,42,9211,2002,14749.0,0.0,0.542585,0.854243,NZL,CHL,847790
4058295,173,42,9211,2002,0.0,22532.0,-0.6126199999999999,0.085944,PER,CHL,847790
4058296,179,42,9211,2002,1243.0,0.0,0.484407,1.6500080000000001,PRT,CHL,847790
4058297,208,42,9211,2002,12198.0,0.0,2.128614,0.7891199999999999,SWE,CHL,847790
4058298,216,42,9211,2002,15913.0,0.0,0.432041,1.627953,THA,CHL,847790
4058299,224,42,9211,2002,770.0,0.0,0.11263699999999999,1.83925,TUR,CHL,847790
4058300,231,42,9211,2002,3095228.0,39146.0,1.821594,0.231296,USA,CHL,847790
4058301,236,42,9211,2002,0.0,37911.0,0.211536,-0.715675,VEN,CHL,847790
4058302,246,42,9211,2002,33233.0,0.0,0.395943,2.392458,ZAF,CHL,847790
4058303,249,42,9211,2002,102855.0,1144.0,1.683858,1.333601,TWN,CHL,847790
4058304,250,42,9211,2002,7149.0,0.0,0.734927,-0.40114099999999997,ANS,CHL,847790
4058305,7,43,9211,2002,0.0,105132.0,0.044683,-0.247191,ARE,CHN,847790
4058306,14,43,9211,2002,185570.0,240326.0,0.231386,0.771628,AUS,CHN,847790
4058307,15,43,9211,2002,28038460.0,87452.0,1.8651200000000001,0.48423900000000003,AUT,CHN,847790
4058308,16,43,9211,2002,0.0,9354.0,-0.41282299999999994,-0.967931,AZE,CHN,847790
4058309,18,43,9211,2002,103090.0,14004.0,1.4097469999999999,1.440169,BEL,CHN,847790
4058310,22,43,9211,2002,0.0,71229.0,-1.134933,-1.061633,BGD,CHN,847790
4058311,23,43,9211,2002,0.0,2652.0,0.37451100000000004,1.573517,BGR,CHN,847790
4058312,24,43,9211,2002,0.0,6645.0,-0.146585,-1.006558,BHR,CHN,847790
4058313,32,43,9211,2002,0.0,459881.0,0.677883,1.0227190000000002,BRA,CHN,847790
4058314,33,43,9211,2002,0.0,1468.0,0.762217,0.004367,BRB,CHN,847790
4058315,39,43,9211,2002,3408470.0,1387214.0,0.9963280000000001,1.1922110000000001,CAN,CHN,847790
4058316,41,43,9211,2002,2888830.0,14987.0,2.218095,0.620946,CHE,CHN,847790
4058317,42,43,9211,2002,0.0,16703.0,-0.035264,-0.101796,CHL,CHN,847790
4058318,44,43,9211,2002,0.0,30359.0,-0.816327,-0.711765,CIV,CHN,847790
4058319,45,43,9211,2002,0.0,16886.0,-1.114477,-1.0516510000000001,CMR,CHN,847790
4058320,49,43,9211,2002,0.0,18704.0,0.345094,0.37787800000000005,COL,CHN,847790
4058321,52,43,9211,2002,0.0,5250.0,0.03619,-0.187718,CRI,CHN,847790
4058322,54,43,9211,2002,0.0,61157.0,-0.479213,-0.951203,CUB,CHN,847790
4058323,59,43,9211,2002,72678.0,82192.0,1.550713,1.037066,CZE,CHN,847790
4058324,61,43,9211,2002,30078570.0,380703.0,2.297691,-2.183239,DEU,CHN,847790
4058325,64,43,9211,2002,14771.0,10352.0,1.26594,1.225186,DNK,CHN,847790
4058326,65,43,9211,2002,0.0,20856.0,-0.46284899999999995,-0.39210100000000003,DOM,CHN,847790
4058327,66,43,9211,2002,0.0,13833.0,-0.912033,-1.1731850000000001,DZA,CHN,847790
4058328,67,43,9211,2002,0.0,5640.0,-0.976218,-0.926393,ECU,CHN,847790
4058329,68,43,9211,2002,0.0,66378.0,-0.377127,0.549439,EGY,CHN,847790
4058330,71,43,9211,2002,10412.0,38252.0,1.012246,2.049594,ESP,CHN,847790
4058331,73,43,9211,2002,0.0,8691.0,-1.096371,-0.9566709999999999,ETH,CHN,847790
4058332,74,43,9211,2002,23964.0,9359.0,2.0234240000000003,0.979141,FIN,CHN,847790
4058333,75,43,9211,2002,0.0,21544.0,-0.588136,-0.242883,FJI,CHN,847790
4058334,77,43,9211,2002,6670822.0,113825.0,1.569367,0.9886360000000001,FRA,CHN,847790
4058335,81,43,9211,2002,3061368.0,117856.0,1.893177,0.831382,GBR,CHN,847790
4058336,83,43,9211,2002,0.0,66744.0,-1.333425,-1.0709879999999998,GHA,CHN,847790
4058337,90,43,9211,2002,423749.0,11370.0,0.31858000000000003,1.47417,GRC,CHN,847790
4058338,93,43,9211,2002,0.0,5665.0,-0.548834,-0.034464999999999996,GTM,CHN,847790
4058339,97,43,9211,2002,6262446.0,5556306.0,0.5701109999999999,1.989357,HKG,CHN,847790
4058340,102,43,9211,2002,14394.0,111067.0,1.179684,1.0574860000000001,HUN,CHN,847790
4058341,103,43,9211,2002,19139.0,1033313.0,-0.10020499999999999,1.590314,IDN,CHN,847790
4058342,104,43,9211,2002,38373.0,215984.0,0.380867,2.608955,IND,CHN,847790
4058343,106,43,9211,2002,11989.0,11343.0,1.7232880000000002,0.091172,IRL,CHN,847790
4058344,107,43,9211,2002,0.0,66543.0,-0.5707840000000001,-0.705612,IRN,CHN,847790
4058345,110,43,9211,2002,16904.0,44326.0,1.334174,0.654331,ISR,CHN,847790
4058346,111,43,9211,2002,6926284.0,528375.0,1.377604,1.2470510000000001,ITA,CHN,847790
4058347,113,43,9211,2002,0.0,3605.0,0.24197600000000002,0.196635,JOR,CHN,847790
4058348,114,43,9211,2002,23382592.0,13783049.0,2.556057,0.497673,JPN,CHN,847790
4058349,115,43,9211,2002,0.0,84727.0,-0.065332,-0.616159,KAZ,CHN,847790
4058350,116,43,9211,2002,0.0,33954.0,-0.555812,0.169204,KEN,CHN,847790
4058351,117,43,9211,2002,0.0,866.0,0.081807,0.16872,KGZ,CHN,847790
4058352,121,43,9211,2002,4253104.0,485269.0,1.186816,1.075947,KOR,CHN,847790
4058353,124,43,9211,2002,0.0,20340.0,0.2729,1.254232,LBN,CHN,847790
4058354,126,43,9211,2002,0.0,5775.0,-0.568615,-1.172261,LBY,CHN,847790
4058355,127,43,9211,2002,0.0,488.0,0.14441700000000002,-0.38146599999999997,LCA,CHN,847790
4058356,128,43,9211,2002,0.0,32792.0,-0.740927,0.023171,LKA,CHN,847790
4058357,131,43,9211,2002,13258.0,1933.0,1.605378,1.152973,LUX,CHN,847790
4058358,133,43,9211,2002,1531.0,3021.0,-0.360172,-0.359367,MAC,CHN,847790
4058359,134,43,9211,2002,0.0,13425.0,-0.810467,-0.34807899999999997,MAR,CHN,847790
4058360,138,43,9211,2002,23139.0,36472.0,0.942061,0.6311260000000001,MEX,CHN,847790
4058361,142,43,9211,2002,0.0,1896.0,1.12245,0.019001,MLT,CHN,847790
4058362,143,43,9211,2002,0.0,18954.0,-1.571568,-1.131512,MMR,CHN,847790
4058363,147,43,9211,2002,0.0,6681.0,-0.947259,-1.047883,MOZ,CHN,847790
4058364,151,43,9211,2002,0.0,4889.0,-0.37937600000000005,-0.388848,MUS,CHN,847790
4058365,153,43,9211,2002,580221.0,315600.0,0.704957,0.243398,MYS,CHN,847790
4058366,159,43,9211,2002,0.0,238926.0,-1.8315700000000001,-1.25171,NGA,CHN,847790
4058367,162,43,9211,2002,1900672.0,250791.0,1.206176,1.7136360000000002,NLD,CHN,847790
4058368,163,43,9211,2002,24662.0,0.0,1.110882,0.17164100000000002,NOR,CHN,847790
4058369,164,43,9211,2002,0.0,92096.0,-0.216428,0.44377700000000003,NPL,CHN,847790
4058370,166,43,9211,2002,52337.0,5728.0,0.542585,0.854243,NZL,CHN,847790
4058371,167,43,9211,2002,0.0,118233.0,-1.238769,-1.225841,OMN,CHN,847790
4058372,168,43,9211,2002,0.0,64581.0,-0.877655,-0.322094,PAK,CHN,847790
4058373,173,43,9211,2002,0.0,10073.0,-0.6126199999999999,0.085944,PER,CHN,847790
4058374,174,43,9211,2002,15812.0,142944.0,0.055439999999999996,-0.179809,PHL,CHN,847790
4058375,177,43,9211,2002,0.0,24545.0,0.931642,1.721727,POL,CHN,847790
4058376,179,43,9211,2002,0.0,2760.0,0.484407,1.6500080000000001,PRT,CHN,847790
4058377,180,43,9211,2002,0.0,11523.0,-0.614282,-0.963832,PRY,CHN,847790
4058378,185,43,9211,2002,0.0,914.0,0.29888200000000004,0.980376,ROU,CHN,847790
4058379,186,43,9211,2002,0.0,161427.0,1.109397,0.424229,RUS,CHN,847790
4058380,188,43,9211,2002,0.0,36476.0,0.082107,-0.843317,SAU,CHN,847790
4058381,189,43,9211,2002,0.0,2053.0,0.55781,2.135925,SCG,CHN,847790
4058382,190,43,9211,2002,0.0,12228.0,-1.499925,-1.228374,SDN,CHN,847790
4058383,191,43,9211,2002,0.0,1554.0,-0.43679700000000005,-0.484176,SEN,CHN,847790
4058384,192,43,9211,2002,2929478.0,1657480.0,1.481857,0.648889,SGP,CHN,847790
4058385,197,43,9211,2002,0.0,1988.0,-0.280138,-0.099225,SLV,CHN,847790
4058386,206,43,9211,2002,31411.0,640.0,1.1907379999999999,1.050649,SVK,CHN,847790
4058387,207,43,9211,2002,0.0,3892.0,1.5643770000000001,1.043862,SVN,CHN,847790
4058388,208,43,9211,2002,169799.0,62882.0,2.128614,0.7891199999999999,SWE,CHN,847790
4058389,212,43,9211,2002,0.0,28443.0,-1.067974,-0.513309,SYR,CHN,847790
4058390,216,43,9211,2002,17482.0,590402.0,0.432041,1.627953,THA,CHN,847790
4058391,223,43,9211,2002,0.0,74070.0,-0.221951,0.325506,TUN,CHN,847790
4058392,224,43,9211,2002,0.0,196832.0,0.11263699999999999,1.83925,TUR,CHN,847790
4058393,226,43,9211,2002,0.0,48941.0,-1.189463,-0.48640600000000006,TZA,CHN,847790
4058394,231,43,9211,2002,21828508.0,1877250.0,1.821594,0.231296,USA,CHN,847790
4058395,232,43,9211,2002,0.0,30032.0,-0.379765,-0.5965159999999999,UZB,CHN,847790
4058396,236,43,9211,2002,0.0,24597.0,0.211536,-0.715675,VEN,CHN,847790
4058397,239,43,9211,2002,0.0,391588.0,-0.589665,0.799874,VNM,CHN,847790
4058398,243,43,9211,2002,0.0,13566.0,-1.233006,-1.22101,YEM,CHN,847790
4058399,246,43,9211,2002,12510.0,43284.0,0.395943,2.392458,ZAF,CHN,847790
4058400,248,43,9211,2002,0.0,1986.0,-0.309483,0.271457,ZWE,CHN,847790
4058401,249,43,9211,2002,15624784.0,3249386.0,1.683858,1.333601,TWN,CHN,847790
4058402,8,49,9211,2002,11370.0,0.0,0.284536,0.517425,ARG,COL,847790
4058403,14,49,9211,2002,15847.0,0.0,0.231386,0.771628,AUS,COL,847790
4058404,15,49,9211,2002,268278.0,1985.0,1.8651200000000001,0.48423900000000003,AUT,COL,847790
4058405,18,49,9211,2002,15443.0,0.0,1.4097469999999999,1.440169,BEL,COL,847790
4058406,32,49,9211,2002,267708.0,0.0,0.677883,1.0227190000000002,BRA,COL,847790
4058407,39,49,9211,2002,167806.0,0.0,0.9963280000000001,1.1922110000000001,CAN,COL,847790
4058408,41,49,9211,2002,91534.0,0.0,2.218095,0.620946,CHE,COL,847790
4058409,42,49,9211,2002,3240.0,0.0,-0.035264,-0.101796,CHL,COL,847790
4058410,43,49,9211,2002,18704.0,0.0,0.576746,2.7995520000000003,CHN,COL,847790
4058411,52,49,9211,2002,5533.0,2526.0,0.03619,-0.187718,CRI,COL,847790
4058412,61,49,9211,2002,1541753.0,118795.0,2.297691,-2.183239,DEU,COL,847790
4058413,64,49,9211,2002,2378.0,0.0,1.26594,1.225186,DNK,COL,847790
4058414,67,49,9211,2002,0.0,3932.0,-0.976218,-0.926393,ECU,COL,847790
4058415,71,49,9211,2002,401501.0,3868.0,1.012246,2.049594,ESP,COL,847790
4058416,77,49,9211,2002,231929.0,0.0,1.569367,0.9886360000000001,FRA,COL,847790
4058417,81,49,9211,2002,241104.0,91815.0,1.893177,0.831382,GBR,COL,847790
4058418,93,49,9211,2002,11415.0,4806.0,-0.548834,-0.034464999999999996,GTM,COL,847790
4058419,97,49,9211,2002,7390.0,0.0,0.5701109999999999,1.989357,HKG,COL,847790
4058420,104,49,9211,2002,2300.0,0.0,0.380867,2.608955,IND,COL,847790
4058421,111,49,9211,2002,1436992.0,3663.0,1.377604,1.2470510000000001,ITA,COL,847790
4058422,112,49,9211,2002,0.0,2126.0,-0.604813,-0.9309860000000001,JAM,COL,847790
4058423,114,49,9211,2002,91491.0,0.0,2.556057,0.497673,JPN,COL,847790
4058424,121,49,9211,2002,22829.0,0.0,1.186816,1.075947,KOR,COL,847790
4058425,138,49,9211,2002,36608.0,82984.0,0.942061,0.6311260000000001,MEX,COL,847790
4058426,153,49,9211,2002,4440.0,0.0,0.704957,0.243398,MYS,COL,847790
4058427,162,49,9211,2002,75505.0,0.0,1.206176,1.7136360000000002,NLD,COL,847790
4058428,163,49,9211,2002,14717.0,0.0,1.110882,0.17164100000000002,NOR,COL,847790
4058429,169,49,9211,2002,1845.0,1881.0,0.134759,0.234258,PAN,COL,847790
4058430,179,49,9211,2002,4630.0,0.0,0.484407,1.6500080000000001,PRT,COL,847790
4058431,185,49,9211,2002,35256.0,0.0,0.29888200000000004,0.980376,ROU,COL,847790
4058432,231,49,9211,2002,2994533.0,105710.0,1.821594,0.231296,USA,COL,847790
4058433,236,49,9211,2002,47073.0,3458.0,0.211536,-0.715675,VEN,COL,847790
4058434,249,49,9211,2002,85612.0,0.0,1.683858,1.333601,TWN,COL,847790
4058435,250,49,9211,2002,102876.0,29293.0,0.734927,-0.40114099999999997,ANS,COL,847790
4058436,6,52,9211,2002,2111.0,1057004.0,0.346519,-0.631549,ANT,CRI,847790
4058437,8,52,9211,2002,3981.0,0.0,0.284536,0.517425,ARG,CRI,847790
4058438,14,52,9211,2002,850.0,0.0,0.231386,0.771628,AUS,CRI,847790
4058439,15,52,9211,2002,1626.0,0.0,1.8651200000000001,0.48423900000000003,AUT,CRI,847790
4058440,18,52,9211,2002,6006.0,0.0,1.4097469999999999,1.440169,BEL,CRI,847790
4058441,32,52,9211,2002,2010.0,0.0,0.677883,1.0227190000000002,BRA,CRI,847790
4058442,39,52,9211,2002,39615.0,0.0,0.9963280000000001,1.1922110000000001,CAN,CRI,847790
4058443,41,52,9211,2002,38788.0,0.0,2.218095,0.620946,CHE,CRI,847790
4058444,42,52,9211,2002,0.0,1213.0,-0.035264,-0.101796,CHL,CRI,847790
4058445,43,52,9211,2002,5250.0,0.0,0.576746,2.7995520000000003,CHN,CRI,847790
4058446,49,52,9211,2002,2526.0,5533.0,0.345094,0.37787800000000005,COL,CRI,847790
4058447,61,52,9211,2002,206416.0,3923.0,2.297691,-2.183239,DEU,CRI,847790
4058448,65,52,9211,2002,0.0,14681.0,-0.46284899999999995,-0.39210100000000003,DOM,CRI,847790
4058449,67,52,9211,2002,0.0,21247.0,-0.976218,-0.926393,ECU,CRI,847790
4058450,71,52,9211,2002,14980.0,6444.0,1.012246,2.049594,ESP,CRI,847790
4058451,77,52,9211,2002,129939.0,0.0,1.569367,0.9886360000000001,FRA,CRI,847790
4058452,81,52,9211,2002,1787.0,3257.0,1.893177,0.831382,GBR,CRI,847790
4058453,93,52,9211,2002,8368.0,14207.0,-0.548834,-0.034464999999999996,GTM,CRI,847790
4058454,97,52,9211,2002,5633.0,0.0,0.5701109999999999,1.989357,HKG,CRI,847790
4058455,99,52,9211,2002,0.0,10385.0,-0.877043,-0.658185,HND,CRI,847790
4058456,102,52,9211,2002,0.0,968.0,1.179684,1.0574860000000001,HUN,CRI,847790
4058457,111,52,9211,2002,296958.0,3703.0,1.377604,1.2470510000000001,ITA,CRI,847790
4058458,114,52,9211,2002,9363.0,0.0,2.556057,0.497673,JPN,CRI,847790
4058459,121,52,9211,2002,11396.0,0.0,1.186816,1.075947,KOR,CRI,847790
4058460,138,52,9211,2002,192337.0,250122.0,0.942061,0.6311260000000001,MEX,CRI,847790
4058461,160,52,9211,2002,0.0,2135.0,-0.677398,-0.564472,NIC,CRI,847790
4058462,162,52,9211,2002,4431.0,0.0,1.206176,1.7136360000000002,NLD,CRI,847790
4058463,163,52,9211,2002,3775.0,0.0,1.110882,0.17164100000000002,NOR,CRI,847790
4058464,166,52,9211,2002,6998.0,0.0,0.542585,0.854243,NZL,CRI,847790
4058465,169,52,9211,2002,0.0,7040.0,0.134759,0.234258,PAN,CRI,847790
4058466,173,52,9211,2002,0.0,2929.0,-0.6126199999999999,0.085944,PER,CRI,847790
4058467,186,52,9211,2002,0.0,2420.0,1.109397,0.424229,RUS,CRI,847790
4058468,197,52,9211,2002,14265.0,937.0,-0.280138,-0.099225,SLV,CRI,847790
4058469,231,52,9211,2002,5754516.0,303726.0,1.821594,0.231296,USA,CRI,847790
4058470,236,52,9211,2002,9260.0,0.0,0.211536,-0.715675,VEN,CRI,847790
4058471,249,52,9211,2002,79470.0,0.0,1.683858,1.333601,TWN,CRI,847790
4058472,250,52,9211,2002,4382.0,0.0,0.734927,-0.40114099999999997,ANS,CRI,847790
4058473,8,54,9211,2002,10761.0,0.0,0.284536,0.517425,ARG,CUB,847790
4058474,18,54,9211,2002,10259.0,0.0,1.4097469999999999,1.440169,BEL,CUB,847790
4058475,39,54,9211,2002,1058.0,0.0,0.9963280000000001,1.1922110000000001,CAN,CUB,847790
4058476,41,54,9211,2002,3642.0,0.0,2.218095,0.620946,CHE,CUB,847790
4058477,43,54,9211,2002,61157.0,0.0,0.576746,2.7995520000000003,CHN,CUB,847790
4058478,61,54,9211,2002,68519.0,0.0,2.297691,-2.183239,DEU,CUB,847790
4058479,71,54,9211,2002,566643.0,0.0,1.012246,2.049594,ESP,CUB,847790
4058480,77,54,9211,2002,21286.0,0.0,1.569367,0.9886360000000001,FRA,CUB,847790
4058481,81,54,9211,2002,3264.0,0.0,1.893177,0.831382,GBR,CUB,847790
4058482,111,54,9211,2002,51646.0,0.0,1.377604,1.2470510000000001,ITA,CUB,847790
4058483,121,54,9211,2002,1940.0,0.0,1.186816,1.075947,KOR,CUB,847790
4058484,131,54,9211,2002,6393.0,0.0,1.605378,1.152973,LUX,CUB,847790
4058485,138,54,9211,2002,70407.0,2815.0,0.942061,0.6311260000000001,MEX,CUB,847790
4058486,173,54,9211,2002,6349.0,0.0,-0.6126199999999999,0.085944,PER,CUB,847790
4058487,177,54,9211,2002,1837.0,0.0,0.931642,1.721727,POL,CUB,847790
4058488,179,54,9211,2002,16572.0,0.0,0.484407,1.6500080000000001,PRT,CUB,847790
4058489,224,54,9211,2002,1432.0,0.0,0.11263699999999999,1.83925,TUR,CUB,847790
4058490,249,54,9211,2002,5314.0,0.0,1.683858,1.333601,TWN,CUB,847790
4058491,4,61,9211,2002,0.0,40923.0,-0.127828,-0.126857,ALB,DEU,847790
4058492,5,61,9211,2002,0.0,1643.0,1.1751610000000001,0.8631700000000001,AND,DEU,847790
4058493,6,61,9211,2002,0.0,2000.0,0.346519,-0.631549,ANT,DEU,847790
4058494,7,61,9211,2002,32162.0,1252950.0,0.044683,-0.247191,ARE,DEU,847790
4058495,8,61,9211,2002,5201.0,2122651.0,0.284536,0.517425,ARG,DEU,847790
4058496,9,61,9211,2002,3216.0,19288.0,0.710274,-0.11309000000000001,ARM,DEU,847790
4058497,14,61,9211,2002,114594.0,4859085.0,0.231386,0.771628,AUS,DEU,847790
4058498,15,61,9211,2002,34095940.0,29682380.0,1.8651200000000001,0.48423900000000003,AUT,DEU,847790
4058499,16,61,9211,2002,0.0,8842.0,-0.41282299999999994,-0.967931,AZE,DEU,847790
4058500,18,61,9211,2002,6334446.0,20397432.0,1.4097469999999999,1.440169,BEL,DEU,847790
4058501,21,61,9211,2002,0.0,1255.0,-0.477813,-0.647148,BFA,DEU,847790
4058502,22,61,9211,2002,0.0,209287.0,-1.134933,-1.061633,BGD,DEU,847790
4058503,23,61,9211,2002,189252.0,559846.0,0.37451100000000004,1.573517,BGR,DEU,847790
4058504,24,61,9211,2002,0.0,113920.0,-0.146585,-1.006558,BHR,DEU,847790
4058505,25,61,9211,2002,0.0,18967.0,0.641626,-0.37892800000000004,BHS,DEU,847790
4058506,26,61,9211,2002,0.0,171000.0,0.26339,0.30287,BIH,DEU,847790
4058507,28,61,9211,2002,17005.0,629171.0,0.825865,1.0148979999999999,BLR,DEU,847790
4058508,31,61,9211,2002,0.0,43055.0,-0.885342,-0.819517,BOL,DEU,847790
4058509,32,61,9211,2002,639933.0,10923873.0,0.677883,1.0227190000000002,BRA,DEU,847790
4058510,33,61,9211,2002,0.0,1548.0,0.762217,0.004367,BRB,DEU,847790
4058511,37,61,9211,2002,0.0,29134.0,-0.14025,-1.018399,BWA,DEU,847790
4058512,39,61,9211,2002,6709252.0,5071692.0,0.9963280000000001,1.1922110000000001,CAN,DEU,847790
4058513,41,61,9211,2002,42429264.0,27227320.0,2.218095,0.620946,CHE,DEU,847790
4058514,42,61,9211,2002,6040.0,957086.0,-0.035264,-0.101796,CHL,DEU,847790
4058515,43,61,9211,2002,380703.0,30078570.0,0.576746,2.7995520000000003,CHN,DEU,847790
4058516,44,61,9211,2002,0.0,146791.0,-0.816327,-0.711765,CIV,DEU,847790
4058517,45,61,9211,2002,3198.0,30653.0,-1.114477,-1.0516510000000001,CMR,DEU,847790
4058518,46,61,9211,2002,0.0,80000.0,-1.2657370000000001,-1.108659,COD,DEU,847790
4058519,47,61,9211,2002,0.0,23000.0,-1.62227,-1.202067,COG,DEU,847790
4058520,49,61,9211,2002,118795.0,1541753.0,0.345094,0.37787800000000005,COL,DEU,847790
4058521,50,61,9211,2002,0.0,35936.0,-0.95335,-0.916942,COM,DEU,847790
4058522,52,61,9211,2002,3923.0,206416.0,0.03619,-0.187718,CRI,DEU,847790
4058523,54,61,9211,2002,0.0,68519.0,-0.479213,-0.951203,CUB,DEU,847790
4058524,56,61,9211,2002,26720.0,0.0,0.46379,-0.7096319999999999,CXR,DEU,847790
4058525,58,61,9211,2002,0.0,134145.0,0.381391,0.40265,CYP,DEU,847790
4058526,59,61,9211,2002,12225407.0,28414886.0,1.550713,1.037066,CZE,DEU,847790
4058527,64,61,9211,2002,2284685.0,11904781.0,1.26594,1.225186,DNK,DEU,847790
4058528,65,61,9211,2002,0.0,4341.0,-0.46284899999999995,-0.39210100000000003,DOM,DEU,847790
4058529,66,61,9211,2002,3730.0,2619298.0,-0.912033,-1.1731850000000001,DZA,DEU,847790
4058530,67,61,9211,2002,12357.0,257528.0,-0.976218,-0.926393,ECU,DEU,847790
4058531,68,61,9211,2002,22304.0,2486561.0,-0.377127,0.549439,EGY,DEU,847790
4058532,71,61,9211,2002,911530.0,45183436.0,1.012246,2.049594,ESP,DEU,847790
4058533,72,61,9211,2002,3880.0,76562.0,0.54511,0.9135979999999999,EST,DEU,847790
4058534,73,61,9211,2002,0.0,103807.0,-1.096371,-0.9566709999999999,ETH,DEU,847790
4058535,74,61,9211,2002,80618.0,5082532.0,2.0234240000000003,0.979141,FIN,DEU,847790
4058536,77,61,9211,2002,24269326.0,54911860.0,1.569367,0.9886360000000001,FRA,DEU,847790
4058537,78,61,9211,2002,2213.0,3427.0,-0.410455,-0.821335,FRO,DEU,847790
4058538,79,61,9211,2002,0.0,1000.0,-1.511888,-1.054948,FSM,DEU,847790
4058539,80,61,9211,2002,0.0,27725.0,-0.830094,-1.149233,GAB,DEU,847790
4058540,81,61,9211,2002,4132210.0,31137948.0,1.893177,0.831382,GBR,DEU,847790
4058541,82,61,9211,2002,5721.0,1829.0,0.662382,-0.124825,GEO,DEU,847790
4058542,83,61,9211,2002,0.0,24010.0,-1.333425,-1.0709879999999998,GHA,DEU,847790
4058543,85,61,9211,2002,0.0,1747.0,-1.85329,-1.243105,GIN,DEU,847790
4058544,87,61,9211,2002,0.0,2399.0,0.075971,-0.068413,GMB,DEU,847790
4058545,90,61,9211,2002,101361.0,5583747.0,0.31858000000000003,1.47417,GRC,DEU,847790
4058546,92,61,9211,2002,0.0,2810.0,-0.592221,-0.8956799999999999,GRL,DEU,847790
4058547,93,61,9211,2002,0.0,194689.0,-0.548834,-0.034464999999999996,GTM,DEU,847790
4058548,97,61,9211,2002,84868.0,8721816.0,0.5701109999999999,1.989357,HKG,DEU,847790
4058549,99,61,9211,2002,0.0,29124.0,-0.877043,-0.658185,HND,DEU,847790
4058550,100,61,9211,2002,3162350.0,5124398.0,0.591276,1.030723,HRV,DEU,847790
4058551,101,61,9211,2002,0.0,31000.0,-1.220251,-0.8176859999999999,HTI,DEU,847790
4058552,102,61,9211,2002,4480286.0,10296115.0,1.179684,1.0574860000000001,HUN,DEU,847790
4058553,103,61,9211,2002,70407.0,3305550.0,-0.10020499999999999,1.590314,IDN,DEU,847790
4058554,104,61,9211,2002,379262.0,3643629.0,0.380867,2.608955,IND,DEU,847790
4058555,106,61,9211,2002,295272.0,2710688.0,1.7232880000000002,0.091172,IRL,DEU,847790
4058556,107,61,9211,2002,45859.0,6168761.0,-0.5707840000000001,-0.705612,IRN,DEU,847790
4058557,109,61,9211,2002,0.0,52335.0,0.23601999999999998,-0.34781,ISL,DEU,847790
4058558,110,61,9211,2002,208675.0,2759671.0,1.334174,0.654331,ISR,DEU,847790
4058559,111,61,9211,2002,33971768.0,39187800.0,1.377604,1.2470510000000001,ITA,DEU,847790
4058560,112,61,9211,2002,0.0,1142.0,-0.604813,-0.9309860000000001,JAM,DEU,847790
4058561,113,61,9211,2002,0.0,217075.0,0.24197600000000002,0.196635,JOR,DEU,847790
4058562,114,61,9211,2002,2898398.0,16686980.0,2.556057,0.497673,JPN,DEU,847790
4058563,115,61,9211,2002,0.0,67817.0,-0.065332,-0.616159,KAZ,DEU,847790
4058564,116,61,9211,2002,0.0,39779.0,-0.555812,0.169204,KEN,DEU,847790
4058565,118,61,9211,2002,0.0,27329.0,-1.231783,-1.1518700000000002,KHM,DEU,847790
4058566,120,61,9211,2002,0.0,2532.0,0.911442,-0.26164899999999996,KNA,DEU,847790
4058567,121,61,9211,2002,1148164.0,9289341.0,1.186816,1.075947,KOR,DEU,847790
4058568,122,61,9211,2002,0.0,214088.0,-0.6629550000000001,-1.157214,KWT,DEU,847790
4058569,124,61,9211,2002,0.0,600056.0,0.2729,1.254232,LBN,DEU,847790
4058570,125,61,9211,2002,0.0,5000.0,-0.508416,-1.121658,LBR,DEU,847790
4058571,126,61,9211,2002,0.0,460000.0,-0.568615,-1.172261,LBY,DEU,847790
4058572,128,61,9211,2002,172984.0,160528.0,-0.740927,0.023171,LKA,DEU,847790
4058573,130,61,9211,2002,24652.0,444218.0,0.23102399999999998,0.586078,LTU,DEU,847790
4058574,131,61,9211,2002,1605393.0,4612641.0,1.605378,1.152973,LUX,DEU,847790
4058575,132,61,9211,2002,5683.0,237569.0,0.45210200000000006,0.515388,LVA,DEU,847790
4058576,133,61,9211,2002,0.0,179843.0,-0.360172,-0.359367,MAC,DEU,847790
4058577,134,61,9211,2002,0.0,171219.0,-0.810467,-0.34807899999999997,MAR,DEU,847790
4058578,137,61,9211,2002,0.0,7282.0,-1.3007440000000001,-1.0420120000000002,MDV,DEU,847790
4058579,138,61,9211,2002,194331.0,10791821.0,0.942061,0.6311260000000001,MEX,DEU,847790
4058580,140,61,9211,2002,4655.0,113966.0,-0.030274000000000002,0.359317,MKD,DEU,847790
4058581,141,61,9211,2002,0.0,23914.0,-0.8948520000000001,-0.863375,MLI,DEU,847790
4058582,142,61,9211,2002,15762.0,560225.0,1.12245,0.019001,MLT,DEU,847790
4058583,145,61,9211,2002,0.0,12000.0,-0.895827,-0.9913799999999999,MNG,DEU,847790
4058584,147,61,9211,2002,0.0,5869.0,-0.947259,-1.047883,MOZ,DEU,847790
4058585,148,61,9211,2002,0.0,14772.0,-1.27671,-1.218472,MRT,DEU,847790
4058586,151,61,9211,2002,0.0,10769.0,-0.37937600000000005,-0.388848,MUS,DEU,847790
4058587,152,61,9211,2002,0.0,50753.0,-1.441416,-1.214651,MWI,DEU,847790
4058588,153,61,9211,2002,237086.0,5876532.0,0.704957,0.243398,MYS,DEU,847790
4058589,155,61,9211,2002,0.0,4029.0,-0.314161,-0.521778,NAM,DEU,847790
4058590,156,61,9211,2002,0.0,10485.0,-0.292646,-0.823263,NCL,DEU,847790
4058591,159,61,9211,2002,4187.0,651438.0,-1.8315700000000001,-1.25171,NGA,DEU,847790
4058592,160,61,9211,2002,0.0,1224.0,-0.677398,-0.564472,NIC,DEU,847790
4058593,162,61,9211,2002,10544896.0,26222100.0,1.206176,1.7136360000000002,NLD,DEU,847790
4058594,163,61,9211,2002,198185.0,2157109.0,1.110882,0.17164100000000002,NOR,DEU,847790
4058595,164,61,9211,2002,0.0,102000.0,-0.216428,0.44377700000000003,NPL,DEU,847790
4058596,165,61,9211,2002,0.0,125000.0,0.8975049999999999,-0.494882,NRU,DEU,847790
4058597,166,61,9211,2002,23908.0,644118.0,0.542585,0.854243,NZL,DEU,847790
4058598,167,61,9211,2002,0.0,230641.0,-1.238769,-1.225841,OMN,DEU,847790
4058599,168,61,9211,2002,0.0,194000.0,-0.877655,-0.322094,PAK,DEU,847790
4058600,169,61,9211,2002,0.0,74680.0,0.134759,0.234258,PAN,DEU,847790
4058601,173,61,9211,2002,6699.0,372477.0,-0.6126199999999999,0.085944,PER,DEU,847790
4058602,174,61,9211,2002,0.0,1143787.0,0.055439999999999996,-0.179809,PHL,DEU,847790
4058603,176,61,9211,2002,0.0,5900.0,-1.4572319999999999,-1.159399,PNG,DEU,847790
4058604,177,61,9211,2002,3850880.0,13722627.0,0.931642,1.721727,POL,DEU,847790
4058605,178,61,9211,2002,0.0,29000.0,0.43756999999999996,0.744264,PRK,DEU,847790
4058606,179,61,9211,2002,1536624.0,14392484.0,0.484407,1.6500080000000001,PRT,DEU,847790
4058607,180,61,9211,2002,0.0,21883.0,-0.614282,-0.963832,PRY,DEU,847790
4058608,182,61,9211,2002,2153.0,39089.0,0.042936,-0.7421840000000001,PYF,DEU,847790
4058609,183,61,9211,2002,0.0,734412.0,-0.306052,-1.098296,QAT,DEU,847790
4058610,185,61,9211,2002,759712.0,3584239.0,0.29888200000000004,0.980376,ROU,DEU,847790
4058611,186,61,9211,2002,195391.0,9832278.0,1.109397,0.424229,RUS,DEU,847790
4058612,187,61,9211,2002,0.0,6662.0,-0.553848,-0.757714,RWA,DEU,847790
4058613,188,61,9211,2002,14245.0,8063577.0,0.082107,-0.843317,SAU,DEU,847790
4058614,189,61,9211,2002,19209.0,460212.0,0.55781,2.135925,SCG,DEU,847790
4058615,190,61,9211,2002,0.0,12192.0,-1.499925,-1.228374,SDN,DEU,847790
4058616,191,61,9211,2002,0.0,31508.0,-0.43679700000000005,-0.484176,SEN,DEU,847790
4058617,192,61,9211,2002,447596.0,6592480.0,1.481857,0.648889,SGP,DEU,847790
4058618,196,61,9211,2002,6690.0,865678.0,0.397488,-0.027672000000000002,SLE,DEU,847790
4058619,197,61,9211,2002,0.0,20345.0,-0.280138,-0.099225,SLV,DEU,847790
4058620,199,61,9211,2002,2495.0,0.0,-0.055408000000000006,-0.5247470000000001,SOM,DEU,847790
4058621,203,61,9211,2002,0.0,36678.0,0.47539499999999996,-0.297348,STP,DEU,847790
4058622,205,61,9211,2002,0.0,28856.0,-0.9120030000000001,-0.8871020000000001,SUR,DEU,847790
4058623,206,61,9211,2002,4092578.0,5880603.0,1.1907379999999999,1.050649,SVK,DEU,847790
4058624,207,61,9211,2002,4474984.0,2598843.0,1.5643770000000001,1.043862,SVN,DEU,847790
4058625,208,61,9211,2002,4050794.0,7105777.0,2.128614,0.7891199999999999,SWE,DEU,847790
4058626,211,61,9211,2002,0.0,302.0,-0.977247,-0.927527,SYC,DEU,847790
4058627,212,61,9211,2002,0.0,216378.0,-1.067974,-0.513309,SYR,DEU,847790
4058628,214,61,9211,2002,0.0,3000.0,0.160853,-0.672233,TCD,DEU,847790
4058629,215,61,9211,2002,0.0,6585.0,-0.6810039999999999,-0.6286930000000001,TGO,DEU,847790
4058630,216,61,9211,2002,658714.0,3905457.0,0.432041,1.627953,THA,DEU,847790
4058631,219,61,9211,2002,0.0,42000.0,-1.035248,-1.191624,TKM,DEU,847790
4058632,221,61,9211,2002,0.0,3850.0,-1.6186639999999999,-1.011606,TON,DEU,847790
4058633,222,61,9211,2002,7399.0,4688.0,0.074907,-0.8203879999999999,TTO,DEU,847790
4058634,223,61,9211,2002,1810.0,1229554.0,-0.221951,0.325506,TUN,DEU,847790
4058635,224,61,9211,2002,291536.0,6780052.0,0.11263699999999999,1.83925,TUR,DEU,847790
4058636,226,61,9211,2002,0.0,25333.0,-1.189463,-0.48640600000000006,TZA,DEU,847790
4058637,227,61,9211,2002,0.0,64966.0,-1.038337,-0.896425,UGA,DEU,847790
4058638,228,61,9211,2002,14594.0,1084200.0,0.835485,0.872135,UKR,DEU,847790
4058639,230,61,9211,2002,5506.0,153074.0,0.300502,0.16817000000000001,URY,DEU,847790
4058640,231,61,9211,2002,29912844.0,111956728.0,1.821594,0.231296,USA,DEU,847790
4058641,232,61,9211,2002,12790.0,838000.0,-0.379765,-0.5965159999999999,UZB,DEU,847790
4058642,236,61,9211,2002,5003.0,392305.0,0.211536,-0.715675,VEN,DEU,847790
4058643,237,61,9211,2002,0.0,3000.0,1.022393,-0.23957399999999998,VGB,DEU,847790
4058644,239,61,9211,2002,0.0,182777.0,-0.589665,0.799874,VNM,DEU,847790
4058645,243,61,9211,2002,1689.0,192000.0,-1.233006,-1.22101,YEM,DEU,847790
4058646,246,61,9211,2002,299559.0,3549667.0,0.395943,2.392458,ZAF,DEU,847790
4058647,247,61,9211,2002,0.0,39615.0,-0.654686,-0.545346,ZMB,DEU,847790
4058648,248,61,9211,2002,0.0,26437.0,-0.309483,0.271457,ZWE,DEU,847790
4058649,249,61,9211,2002,336718.0,6532120.0,1.683858,1.333601,TWN,DEU,847790
4058650,250,61,9211,2002,1686.0,344860.0,0.734927,-0.40114099999999997,ANS,DEU,847790
4058651,7,64,9211,2002,0.0,19200.0,0.044683,-0.247191,ARE,DNK,847790
4058652,8,64,9211,2002,0.0,2045.0,0.284536,0.517425,ARG,DNK,847790
4058653,14,64,9211,2002,8777.0,126299.0,0.231386,0.771628,AUS,DNK,847790
4058654,15,64,9211,2002,1120687.0,126914.0,1.8651200000000001,0.48423900000000003,AUT,DNK,847790
4058655,18,64,9211,2002,67652.0,87672.0,1.4097469999999999,1.440169,BEL,DNK,847790
4058656,24,64,9211,2002,0.0,5154.0,-0.146585,-1.006558,BHR,DNK,847790
4058657,32,64,9211,2002,0.0,6599.0,0.677883,1.0227190000000002,BRA,DNK,847790
4058658,38,64,9211,2002,0.0,743.0,-0.45315200000000005,-0.764876,CAF,DNK,847790
4058659,39,64,9211,2002,373685.0,24154.0,0.9963280000000001,1.1922110000000001,CAN,DNK,847790
4058660,41,64,9211,2002,656726.0,1965800.0,2.218095,0.620946,CHE,DNK,847790
4058661,42,64,9211,2002,0.0,19557.0,-0.035264,-0.101796,CHL,DNK,847790
4058662,43,64,9211,2002,10352.0,14771.0,0.576746,2.7995520000000003,CHN,DNK,847790
4058663,47,64,9211,2002,0.0,1017.0,-1.62227,-1.202067,COG,DNK,847790
4058664,49,64,9211,2002,0.0,2378.0,0.345094,0.37787800000000005,COL,DNK,847790
4058665,58,64,9211,2002,0.0,1727.0,0.381391,0.40265,CYP,DNK,847790
4058666,59,64,9211,2002,57529.0,457886.0,1.550713,1.037066,CZE,DNK,847790
4058667,61,64,9211,2002,11904781.0,2284685.0,2.297691,-2.183239,DEU,DNK,847790
4058668,68,64,9211,2002,0.0,33303.0,-0.377127,0.549439,EGY,DNK,847790
4058669,69,64,9211,2002,0.0,93863.0,0.831973,-0.050712,ERI,DNK,847790
4058670,71,64,9211,2002,177692.0,26691.0,1.012246,2.049594,ESP,DNK,847790
4058671,72,64,9211,2002,61499.0,2484.0,0.54511,0.9135979999999999,EST,DNK,847790
4058672,73,64,9211,2002,0.0,15869.0,-1.096371,-0.9566709999999999,ETH,DNK,847790
4058673,74,64,9211,2002,11450.0,322208.0,2.0234240000000003,0.979141,FIN,DNK,847790
4058674,77,64,9211,2002,84452.0,860401.0,1.569367,0.9886360000000001,FRA,DNK,847790
4058675,78,64,9211,2002,0.0,9234.0,-0.410455,-0.821335,FRO,DNK,847790
4058676,80,64,9211,2002,0.0,961.0,-0.830094,-1.149233,GAB,DNK,847790
4058677,81,64,9211,2002,567130.0,699256.0,1.893177,0.831382,GBR,DNK,847790
4058678,83,64,9211,2002,0.0,4447.0,-1.333425,-1.0709879999999998,GHA,DNK,847790
4058679,85,64,9211,2002,0.0,1796.0,-1.85329,-1.243105,GIN,DNK,847790
4058680,87,64,9211,2002,0.0,2816.0,0.075971,-0.068413,GMB,DNK,847790
4058681,90,64,9211,2002,0.0,49505.0,0.31858000000000003,1.47417,GRC,DNK,847790
4058682,92,64,9211,2002,0.0,2958.0,-0.592221,-0.8956799999999999,GRL,DNK,847790
4058683,93,64,9211,2002,0.0,7144.0,-0.548834,-0.034464999999999996,GTM,DNK,847790
4058684,97,64,9211,2002,0.0,9656.0,0.5701109999999999,1.989357,HKG,DNK,847790
4058685,99,64,9211,2002,0.0,1232.0,-0.877043,-0.658185,HND,DNK,847790
4058686,102,64,9211,2002,0.0,109852.0,1.179684,1.0574860000000001,HUN,DNK,847790
4058687,103,64,9211,2002,0.0,1503.0,-0.10020499999999999,1.590314,IDN,DNK,847790
4058688,104,64,9211,2002,132171.0,6712.0,0.380867,2.608955,IND,DNK,847790
4058689,106,64,9211,2002,0.0,39122.0,1.7232880000000002,0.091172,IRL,DNK,847790
4058690,107,64,9211,2002,0.0,1130.0,-0.5707840000000001,-0.705612,IRN,DNK,847790
4058691,109,64,9211,2002,0.0,4210.0,0.23601999999999998,-0.34781,ISL,DNK,847790
4058692,110,64,9211,2002,5290.0,3737.0,1.334174,0.654331,ISR,DNK,847790
4058693,111,64,9211,2002,962981.0,171193.0,1.377604,1.2470510000000001,ITA,DNK,847790
4058694,113,64,9211,2002,0.0,4767.0,0.24197600000000002,0.196635,JOR,DNK,847790
4058695,114,64,9211,2002,97741.0,19411.0,2.556057,0.497673,JPN,DNK,847790
4058696,116,64,9211,2002,0.0,3293.0,-0.555812,0.169204,KEN,DNK,847790
4058697,121,64,9211,2002,9030.0,38061.0,1.186816,1.075947,KOR,DNK,847790
4058698,122,64,9211,2002,0.0,4688.0,-0.6629550000000001,-1.157214,KWT,DNK,847790
4058699,124,64,9211,2002,0.0,1218.0,0.2729,1.254232,LBN,DNK,847790
4058700,128,64,9211,2002,0.0,1021.0,-0.740927,0.023171,LKA,DNK,847790
4058701,130,64,9211,2002,0.0,40932.0,0.23102399999999998,0.586078,LTU,DNK,847790
4058702,131,64,9211,2002,48945.0,3762.0,1.605378,1.152973,LUX,DNK,847790
4058703,132,64,9211,2002,0.0,1593.0,0.45210200000000006,0.515388,LVA,DNK,847790
4058704,138,64,9211,2002,0.0,41557.0,0.942061,0.6311260000000001,MEX,DNK,847790
4058705,141,64,9211,2002,0.0,3001.0,-0.8948520000000001,-0.863375,MLI,DNK,847790
4058706,142,64,9211,2002,0.0,10862.0,1.12245,0.019001,MLT,DNK,847790
4058707,153,64,9211,2002,0.0,27283.0,0.704957,0.243398,MYS,DNK,847790
4058708,159,64,9211,2002,0.0,2689.0,-1.8315700000000001,-1.25171,NGA,DNK,847790
4058709,162,64,9211,2002,261832.0,671348.0,1.206176,1.7136360000000002,NLD,DNK,847790
4058710,163,64,9211,2002,81515.0,1640194.0,1.110882,0.17164100000000002,NOR,DNK,847790
4058711,166,64,9211,2002,0.0,1464.0,0.542585,0.854243,NZL,DNK,847790
4058712,167,64,9211,2002,0.0,7706.0,-1.238769,-1.225841,OMN,DNK,847790
4058713,168,64,9211,2002,0.0,3092.0,-0.877655,-0.322094,PAK,DNK,847790
4058714,177,64,9211,2002,26952.0,204438.0,0.931642,1.721727,POL,DNK,847790
4058715,179,64,9211,2002,12269.0,24770.0,0.484407,1.6500080000000001,PRT,DNK,847790
4058716,180,64,9211,2002,0.0,2524.0,-0.614282,-0.963832,PRY,DNK,847790
4058717,185,64,9211,2002,0.0,16271.0,0.29888200000000004,0.980376,ROU,DNK,847790
4058718,186,64,9211,2002,0.0,14073.0,1.109397,0.424229,RUS,DNK,847790
4058719,188,64,9211,2002,0.0,50237.0,0.082107,-0.843317,SAU,DNK,847790
4058720,189,64,9211,2002,0.0,3084.0,0.55781,2.135925,SCG,DNK,847790
4058721,192,64,9211,2002,0.0,54358.0,1.481857,0.648889,SGP,DNK,847790
4058722,206,64,9211,2002,2697.0,35088.0,1.1907379999999999,1.050649,SVK,DNK,847790
4058723,207,64,9211,2002,0.0,15550.0,1.5643770000000001,1.043862,SVN,DNK,847790
4058724,208,64,9211,2002,487974.0,3189794.0,2.128614,0.7891199999999999,SWE,DNK,847790
4058725,216,64,9211,2002,9890.0,6162.0,0.432041,1.627953,THA,DNK,847790
4058726,223,64,9211,2002,0.0,395.0,-0.221951,0.325506,TUN,DNK,847790
4058727,224,64,9211,2002,2132.0,243885.0,0.11263699999999999,1.83925,TUR,DNK,847790
4058728,226,64,9211,2002,0.0,1719.0,-1.189463,-0.48640600000000006,TZA,DNK,847790
4058729,227,64,9211,2002,0.0,2243.0,-1.038337,-0.896425,UGA,DNK,847790
4058730,228,64,9211,2002,19637.0,0.0,0.835485,0.872135,UKR,DNK,847790
4058731,230,64,9211,2002,0.0,3659.0,0.300502,0.16817000000000001,URY,DNK,847790
4058732,231,64,9211,2002,1709417.0,1353432.0,1.821594,0.231296,USA,DNK,847790
4058733,239,64,9211,2002,0.0,10214.0,-0.589665,0.799874,VNM,DNK,847790
4058734,243,64,9211,2002,0.0,6926.0,-1.233006,-1.22101,YEM,DNK,847790
4058735,246,64,9211,2002,0.0,7163.0,0.395943,2.392458,ZAF,DNK,847790
4058736,247,64,9211,2002,0.0,1062.0,-0.654686,-0.545346,ZMB,DNK,847790
4058737,248,64,9211,2002,0.0,1287.0,-0.309483,0.271457,ZWE,DNK,847790
4058738,249,64,9211,2002,36506.0,64097.0,1.683858,1.333601,TWN,DNK,847790
4058739,8,65,9211,2002,7209.0,0.0,0.284536,0.517425,ARG,DOM,847790
4058740,15,65,9211,2002,13560.0,0.0,1.8651200000000001,0.48423900000000003,AUT,DOM,847790
4058741,18,65,9211,2002,7718.0,0.0,1.4097469999999999,1.440169,BEL,DOM,847790
4058742,32,65,9211,2002,6469.0,0.0,0.677883,1.0227190000000002,BRA,DOM,847790
4058743,39,65,9211,2002,20821.0,0.0,0.9963280000000001,1.1922110000000001,CAN,DOM,847790
4058744,41,65,9211,2002,60026.0,0.0,2.218095,0.620946,CHE,DOM,847790
4058745,43,65,9211,2002,20856.0,0.0,0.576746,2.7995520000000003,CHN,DOM,847790
4058746,52,65,9211,2002,14681.0,0.0,0.03619,-0.187718,CRI,DOM,847790
4058747,59,65,9211,2002,10125.0,0.0,1.550713,1.037066,CZE,DOM,847790
4058748,61,65,9211,2002,4341.0,0.0,2.297691,-2.183239,DEU,DOM,847790
4058749,71,65,9211,2002,52945.0,16835.0,1.012246,2.049594,ESP,DOM,847790
4058750,77,65,9211,2002,34182.0,0.0,1.569367,0.9886360000000001,FRA,DOM,847790
4058751,93,65,9211,2002,19076.0,0.0,-0.548834,-0.034464999999999996,GTM,DOM,847790
4058752,97,65,9211,2002,954.0,0.0,0.5701109999999999,1.989357,HKG,DOM,847790
4058753,111,65,9211,2002,460975.0,7203.0,1.377604,1.2470510000000001,ITA,DOM,847790
4058754,114,65,9211,2002,69373.0,0.0,2.556057,0.497673,JPN,DOM,847790
4058755,121,65,9211,2002,15178.0,0.0,1.186816,1.075947,KOR,DOM,847790
4058756,131,65,9211,2002,1501.0,0.0,1.605378,1.152973,LUX,DOM,847790
4058757,138,65,9211,2002,71037.0,0.0,0.942061,0.6311260000000001,MEX,DOM,847790
4058758,208,65,9211,2002,1675.0,0.0,2.128614,0.7891199999999999,SWE,DOM,847790
4058759,231,65,9211,2002,1711016.0,143995.0,1.821594,0.231296,USA,DOM,847790
4058760,249,65,9211,2002,131113.0,0.0,1.683858,1.333601,TWN,DOM,847790
4058761,8,67,9211,2002,3369.0,0.0,0.284536,0.517425,ARG,ECU,847790
4058762,15,67,9211,2002,11300.0,0.0,1.8651200000000001,0.48423900000000003,AUT,ECU,847790
4058763,18,67,9211,2002,3045.0,0.0,1.4097469999999999,1.440169,BEL,ECU,847790
4058764,32,67,9211,2002,112111.0,2473.0,0.677883,1.0227190000000002,BRA,ECU,847790
4058765,39,67,9211,2002,13249.0,0.0,0.9963280000000001,1.1922110000000001,CAN,ECU,847790
4058766,41,67,9211,2002,45819.0,0.0,2.218095,0.620946,CHE,ECU,847790
4058767,43,67,9211,2002,5640.0,0.0,0.576746,2.7995520000000003,CHN,ECU,847790
4058768,49,67,9211,2002,3932.0,0.0,0.345094,0.37787800000000005,COL,ECU,847790
4058769,52,67,9211,2002,21247.0,0.0,0.03619,-0.187718,CRI,ECU,847790
4058770,61,67,9211,2002,257528.0,12357.0,2.297691,-2.183239,DEU,ECU,847790
4058771,71,67,9211,2002,30686.0,0.0,1.012246,2.049594,ESP,ECU,847790
4058772,77,67,9211,2002,403714.0,0.0,1.569367,0.9886360000000001,FRA,ECU,847790
4058773,81,67,9211,2002,14065.0,0.0,1.893177,0.831382,GBR,ECU,847790
4058774,97,67,9211,2002,3017.0,0.0,0.5701109999999999,1.989357,HKG,ECU,847790
4058775,111,67,9211,2002,820834.0,6474.0,1.377604,1.2470510000000001,ITA,ECU,847790
4058776,114,67,9211,2002,57337.0,0.0,2.556057,0.497673,JPN,ECU,847790
4058777,138,67,9211,2002,1723.0,0.0,0.942061,0.6311260000000001,MEX,ECU,847790
4058778,162,67,9211,2002,4443.0,0.0,1.206176,1.7136360000000002,NLD,ECU,847790
4058779,169,67,9211,2002,7719.0,0.0,0.134759,0.234258,PAN,ECU,847790
4058780,173,67,9211,2002,5294.0,0.0,-0.6126199999999999,0.085944,PER,ECU,847790
4058781,179,67,9211,2002,890.0,0.0,0.484407,1.6500080000000001,PRT,ECU,847790
4058782,231,67,9211,2002,1713446.0,11309.0,1.821594,0.231296,USA,ECU,847790
4058783,249,67,9211,2002,76608.0,0.0,1.683858,1.333601,TWN,ECU,847790
4058784,8,71,9211,2002,10769.0,10175.0,0.284536,0.517425,ARG,ESP,847790
4058785,14,71,9211,2002,4365.0,11837.0,0.231386,0.771628,AUS,ESP,847790
4058786,15,71,9211,2002,4104076.0,173114.0,1.8651200000000001,0.48423900000000003,AUT,ESP,847790
4058787,18,71,9211,2002,886866.0,82074.0,1.4097469999999999,1.440169,BEL,ESP,847790
4058788,23,71,9211,2002,0.0,1364.0,0.37451100000000004,1.573517,BGR,ESP,847790
4058789,24,71,9211,2002,1639.0,0.0,-0.146585,-1.006558,BHR,ESP,847790
4058790,31,71,9211,2002,0.0,4977.0,-0.885342,-0.819517,BOL,ESP,847790
4058791,32,71,9211,2002,147067.0,507287.0,0.677883,1.0227190000000002,BRA,ESP,847790
4058792,39,71,9211,2002,1123494.0,79883.0,0.9963280000000001,1.1922110000000001,CAN,ESP,847790
4058793,41,71,9211,2002,2766804.0,474648.0,2.218095,0.620946,CHE,ESP,847790
4058794,42,71,9211,2002,0.0,229644.0,-0.035264,-0.101796,CHL,ESP,847790
4058795,43,71,9211,2002,38252.0,10412.0,0.576746,2.7995520000000003,CHN,ESP,847790
4058796,44,71,9211,2002,1644.0,142362.0,-0.816327,-0.711765,CIV,ESP,847790
4058797,45,71,9211,2002,0.0,1946.0,-1.114477,-1.0516510000000001,CMR,ESP,847790
4058798,49,71,9211,2002,3868.0,401501.0,0.345094,0.37787800000000005,COL,ESP,847790
4058799,52,71,9211,2002,6444.0,14980.0,0.03619,-0.187718,CRI,ESP,847790
4058800,54,71,9211,2002,0.0,566643.0,-0.479213,-0.951203,CUB,ESP,847790
4058801,58,71,9211,2002,0.0,2168.0,0.381391,0.40265,CYP,ESP,847790
4058802,59,71,9211,2002,80220.0,9772.0,1.550713,1.037066,CZE,ESP,847790
4058803,61,71,9211,2002,45183436.0,911530.0,2.297691,-2.183239,DEU,ESP,847790
4058804,64,71,9211,2002,26691.0,177692.0,1.26594,1.225186,DNK,ESP,847790
4058805,65,71,9211,2002,16835.0,52945.0,-0.46284899999999995,-0.39210100000000003,DOM,ESP,847790
4058806,66,71,9211,2002,0.0,755610.0,-0.912033,-1.1731850000000001,DZA,ESP,847790
4058807,67,71,9211,2002,0.0,30686.0,-0.976218,-0.926393,ECU,ESP,847790
4058808,68,71,9211,2002,0.0,12438.0,-0.377127,0.549439,EGY,ESP,847790
4058809,74,71,9211,2002,2281.0,48812.0,2.0234240000000003,0.979141,FIN,ESP,847790
4058810,77,71,9211,2002,24108472.0,3163789.0,1.569367,0.9886360000000001,FRA,ESP,847790
4058811,81,71,9211,2002,3023008.0,792879.0,1.893177,0.831382,GBR,ESP,847790
4058812,83,71,9211,2002,0.0,153171.0,-1.333425,-1.0709879999999998,GHA,ESP,847790
4058813,85,71,9211,2002,1670.0,12006.0,-1.85329,-1.243105,GIN,ESP,847790
4058814,90,71,9211,2002,10963.0,35593.0,0.31858000000000003,1.47417,GRC,ESP,847790
4058815,93,71,9211,2002,0.0,75334.0,-0.548834,-0.034464999999999996,GTM,ESP,847790
4058816,97,71,9211,2002,3665.0,23434.0,0.5701109999999999,1.989357,HKG,ESP,847790
4058817,99,71,9211,2002,0.0,8104.0,-0.877043,-0.658185,HND,ESP,847790
4058818,100,71,9211,2002,29132.0,0.0,0.591276,1.030723,HRV,ESP,847790
4058819,102,71,9211,2002,570976.0,86556.0,1.179684,1.0574860000000001,HUN,ESP,847790
4058820,104,71,9211,2002,38585.0,17559.0,0.380867,2.608955,IND,ESP,847790
4058821,106,71,9211,2002,12301.0,1332.0,1.7232880000000002,0.091172,IRL,ESP,847790
4058822,107,71,9211,2002,0.0,9541.0,-0.5707840000000001,-0.705612,IRN,ESP,847790
4058823,109,71,9211,2002,0.0,1949.0,0.23601999999999998,-0.34781,ISL,ESP,847790
4058824,110,71,9211,2002,0.0,16443.0,1.334174,0.654331,ISR,ESP,847790
4058825,111,71,9211,2002,15357259.0,907742.0,1.377604,1.2470510000000001,ITA,ESP,847790
4058826,114,71,9211,2002,930244.0,2044.0,2.556057,0.497673,JPN,ESP,847790
4058827,121,71,9211,2002,9168.0,5403.0,1.186816,1.075947,KOR,ESP,847790
4058828,131,71,9211,2002,403030.0,0.0,1.605378,1.152973,LUX,ESP,847790
4058829,134,71,9211,2002,0.0,1230378.0,-0.810467,-0.34807899999999997,MAR,ESP,847790
4058830,136,71,9211,2002,0.0,4455.0,-1.120167,-0.43338699999999997,MDG,ESP,847790
4058831,138,71,9211,2002,22392.0,594360.0,0.942061,0.6311260000000001,MEX,ESP,847790
4058832,141,71,9211,2002,1417.0,0.0,-0.8948520000000001,-0.863375,MLI,ESP,847790
4058833,142,71,9211,2002,0.0,2656.0,1.12245,0.019001,MLT,ESP,847790
4058834,148,71,9211,2002,0.0,4046.0,-1.27671,-1.218472,MRT,ESP,847790
4058835,151,71,9211,2002,0.0,1705.0,-0.37937600000000005,-0.388848,MUS,ESP,847790
4058836,153,71,9211,2002,6577.0,5746.0,0.704957,0.243398,MYS,ESP,847790
4058837,160,71,9211,2002,0.0,7061.0,-0.677398,-0.564472,NIC,ESP,847790
4058838,162,71,9211,2002,572955.0,8215.0,1.206176,1.7136360000000002,NLD,ESP,847790
4058839,163,71,9211,2002,52722.0,7305.0,1.110882,0.17164100000000002,NOR,ESP,847790
4058840,166,71,9211,2002,6860.0,1770.0,0.542585,0.854243,NZL,ESP,847790
4058841,169,71,9211,2002,0.0,12818.0,0.134759,0.234258,PAN,ESP,847790
4058842,173,71,9211,2002,0.0,1555.0,-0.6126199999999999,0.085944,PER,ESP,847790
4058843,174,71,9211,2002,0.0,8894.0,0.055439999999999996,-0.179809,PHL,ESP,847790
4058844,177,71,9211,2002,61835.0,200978.0,0.931642,1.721727,POL,ESP,847790
4058845,179,71,9211,2002,747110.0,1888732.0,0.484407,1.6500080000000001,PRT,ESP,847790
4058846,185,71,9211,2002,0.0,24761.0,0.29888200000000004,0.980376,ROU,ESP,847790
4058847,186,71,9211,2002,0.0,858151.0,1.109397,0.424229,RUS,ESP,847790
4058848,188,71,9211,2002,0.0,8621.0,0.082107,-0.843317,SAU,ESP,847790
4058849,191,71,9211,2002,0.0,24009.0,-0.43679700000000005,-0.484176,SEN,ESP,847790
4058850,192,71,9211,2002,27766.0,12609.0,1.481857,0.648889,SGP,ESP,847790
4058851,197,71,9211,2002,0.0,1747.0,-0.280138,-0.099225,SLV,ESP,847790
4058852,206,71,9211,2002,0.0,5256.0,1.1907379999999999,1.050649,SVK,ESP,847790
4058853,207,71,9211,2002,0.0,17408.0,1.5643770000000001,1.043862,SVN,ESP,847790
4058854,208,71,9211,2002,227882.0,15997.0,2.128614,0.7891199999999999,SWE,ESP,847790
4058855,212,71,9211,2002,0.0,3156.0,-1.067974,-0.513309,SYR,ESP,847790
4058856,216,71,9211,2002,17478.0,1365.0,0.432041,1.627953,THA,ESP,847790
4058857,223,71,9211,2002,0.0,41227.0,-0.221951,0.325506,TUN,ESP,847790
4058858,224,71,9211,2002,86682.0,84456.0,0.11263699999999999,1.83925,TUR,ESP,847790
4058859,228,71,9211,2002,0.0,32357.0,0.835485,0.872135,UKR,ESP,847790
4058860,230,71,9211,2002,1577.0,1325.0,0.300502,0.16817000000000001,URY,ESP,847790
4058861,231,71,9211,2002,2696081.0,481266.0,1.821594,0.231296,USA,ESP,847790
4058862,236,71,9211,2002,0.0,15722.0,0.211536,-0.715675,VEN,ESP,847790
4058863,239,71,9211,2002,0.0,2686.0,-0.589665,0.799874,VNM,ESP,847790
4058864,246,71,9211,2002,0.0,41325.0,0.395943,2.392458,ZAF,ESP,847790
4058865,247,71,9211,2002,0.0,5748.0,-0.654686,-0.545346,ZMB,ESP,847790
4058866,249,71,9211,2002,158079.0,1272.0,1.683858,1.333601,TWN,ESP,847790
4058867,2,77,9211,2002,0.0,22669.0,-2.018135,-1.222751,AGO,FRA,847790
4058868,4,77,9211,2002,11421.0,34197.0,-0.127828,-0.126857,ALB,FRA,847790
4058869,5,77,9211,2002,0.0,1877.0,1.1751610000000001,0.8631700000000001,AND,FRA,847790
4058870,6,77,9211,2002,0.0,1892.0,0.346519,-0.631549,ANT,FRA,847790
4058871,7,77,9211,2002,14640.0,403699.0,0.044683,-0.247191,ARE,FRA,847790
4058872,8,77,9211,2002,13881.0,296690.0,0.284536,0.517425,ARG,FRA,847790
4058873,9,77,9211,2002,0.0,9461.0,0.710274,-0.11309000000000001,ARM,FRA,847790
4058874,14,77,9211,2002,434212.0,1595764.0,0.231386,0.771628,AUS,FRA,847790
4058875,15,77,9211,2002,5477672.0,1154249.0,1.8651200000000001,0.48423900000000003,AUT,FRA,847790
4058876,16,77,9211,2002,0.0,45313.0,-0.41282299999999994,-0.967931,AZE,FRA,847790
4058877,18,77,9211,2002,3748645.0,3615635.0,1.4097469999999999,1.440169,BEL,FRA,847790
4058878,19,77,9211,2002,0.0,1722.0,-0.724829,-0.705625,BEN,FRA,847790
4058879,21,77,9211,2002,0.0,50122.0,-0.477813,-0.647148,BFA,FRA,847790
4058880,23,77,9211,2002,28639.0,361770.0,0.37451100000000004,1.573517,BGR,FRA,847790
4058881,24,77,9211,2002,0.0,163827.0,-0.146585,-1.006558,BHR,FRA,847790
4058882,26,77,9211,2002,0.0,5670.0,0.26339,0.30287,BIH,FRA,847790
4058883,28,77,9211,2002,0.0,13563.0,0.825865,1.0148979999999999,BLR,FRA,847790
4058884,31,77,9211,2002,0.0,38502.0,-0.885342,-0.819517,BOL,FRA,847790
4058885,32,77,9211,2002,88183.0,4022247.0,0.677883,1.0227190000000002,BRA,FRA,847790
4058886,38,77,9211,2002,0.0,27454.0,-0.45315200000000005,-0.764876,CAF,FRA,847790
4058887,39,77,9211,2002,4252350.0,4866742.0,0.9963280000000001,1.1922110000000001,CAN,FRA,847790
4058888,41,77,9211,2002,13432646.0,4905385.0,2.218095,0.620946,CHE,FRA,847790
4058889,42,77,9211,2002,3222.0,939254.0,-0.035264,-0.101796,CHL,FRA,847790
4058890,43,77,9211,2002,113825.0,6670822.0,0.576746,2.7995520000000003,CHN,FRA,847790
4058891,44,77,9211,2002,9578.0,188676.0,-0.816327,-0.711765,CIV,FRA,847790
4058892,45,77,9211,2002,20581.0,136353.0,-1.114477,-1.0516510000000001,CMR,FRA,847790
4058893,46,77,9211,2002,1592.0,10394.0,-1.2657370000000001,-1.108659,COD,FRA,847790
4058894,49,77,9211,2002,0.0,231929.0,0.345094,0.37787800000000005,COL,FRA,847790
4058895,52,77,9211,2002,0.0,129939.0,0.03619,-0.187718,CRI,FRA,847790
4058896,54,77,9211,2002,0.0,21286.0,-0.479213,-0.951203,CUB,FRA,847790
4058897,58,77,9211,2002,18265.0,96161.0,0.381391,0.40265,CYP,FRA,847790
4058898,59,77,9211,2002,1056020.0,1244844.0,1.550713,1.037066,CZE,FRA,847790
4058899,61,77,9211,2002,54911860.0,24269326.0,2.297691,-2.183239,DEU,FRA,847790
4058900,62,77,9211,2002,0.0,23643.0,0.416677,-0.052552,DJI,FRA,847790
4058901,64,77,9211,2002,860401.0,84452.0,1.26594,1.225186,DNK,FRA,847790
4058902,65,77,9211,2002,0.0,34182.0,-0.46284899999999995,-0.39210100000000003,DOM,FRA,847790
4058903,66,77,9211,2002,0.0,3045640.0,-0.912033,-1.1731850000000001,DZA,FRA,847790
4058904,67,77,9211,2002,0.0,403714.0,-0.976218,-0.926393,ECU,FRA,847790
4058905,68,77,9211,2002,3230.0,624128.0,-0.377127,0.549439,EGY,FRA,847790
4058906,71,77,9211,2002,3163789.0,24108472.0,1.012246,2.049594,ESP,FRA,847790
4058907,72,77,9211,2002,0.0,8882.0,0.54511,0.9135979999999999,EST,FRA,847790
4058908,74,77,9211,2002,53109.0,251377.0,2.0234240000000003,0.979141,FIN,FRA,847790
4058909,75,77,9211,2002,0.0,34175.0,-0.588136,-0.242883,FJI,FRA,847790
4058910,80,77,9211,2002,0.0,67345.0,-0.830094,-1.149233,GAB,FRA,847790
4058911,81,77,9211,2002,14508315.0,12197522.0,1.893177,0.831382,GBR,FRA,847790
4058912,82,77,9211,2002,0.0,43585.0,0.662382,-0.124825,GEO,FRA,847790
4058913,83,77,9211,2002,0.0,72635.0,-1.333425,-1.0709879999999998,GHA,FRA,847790
4058914,85,77,9211,2002,0.0,14056.0,-1.85329,-1.243105,GIN,FRA,847790
4058915,90,77,9211,2002,20237.0,5685626.0,0.31858000000000003,1.47417,GRC,FRA,847790
4058916,93,77,9211,2002,0.0,185164.0,-0.548834,-0.034464999999999996,GTM,FRA,847790
4058917,95,77,9211,2002,0.0,151219.0,-0.516203,-0.803461,GUM,FRA,847790
4058918,97,77,9211,2002,6066.0,6972518.0,0.5701109999999999,1.989357,HKG,FRA,847790
4058919,99,77,9211,2002,0.0,8741.0,-0.877043,-0.658185,HND,FRA,847790
4058920,100,77,9211,2002,13036.0,204348.0,0.591276,1.030723,HRV,FRA,847790
4058921,101,77,9211,2002,0.0,19867.0,-1.220251,-0.8176859999999999,HTI,FRA,847790
4058922,102,77,9211,2002,1257416.0,890628.0,1.179684,1.0574860000000001,HUN,FRA,847790
4058923,103,77,9211,2002,0.0,128098.0,-0.10020499999999999,1.590314,IDN,FRA,847790
4058924,104,77,9211,2002,122664.0,606983.0,0.380867,2.608955,IND,FRA,847790
4058925,106,77,9211,2002,6414.0,755557.0,1.7232880000000002,0.091172,IRL,FRA,847790
4058926,107,77,9211,2002,0.0,419706.0,-0.5707840000000001,-0.705612,IRN,FRA,847790
4058927,109,77,9211,2002,0.0,21188.0,0.23601999999999998,-0.34781,ISL,FRA,847790
4058928,110,77,9211,2002,0.0,505564.0,1.334174,0.654331,ISR,FRA,847790
4058929,111,77,9211,2002,33996328.0,23323022.0,1.377604,1.2470510000000001,ITA,FRA,847790
4058930,112,77,9211,2002,0.0,56734.0,-0.604813,-0.9309860000000001,JAM,FRA,847790
4058931,113,77,9211,2002,0.0,149056.0,0.24197600000000002,0.196635,JOR,FRA,847790
4058932,114,77,9211,2002,1427306.0,4525076.0,2.556057,0.497673,JPN,FRA,847790
4058933,115,77,9211,2002,0.0,18993.0,-0.065332,-0.616159,KAZ,FRA,847790
4058934,116,77,9211,2002,0.0,3239.0,-0.555812,0.169204,KEN,FRA,847790
4058935,121,77,9211,2002,9091.0,459759.0,1.186816,1.075947,KOR,FRA,847790
4058936,122,77,9211,2002,0.0,69832.0,-0.6629550000000001,-1.157214,KWT,FRA,847790
4058937,124,77,9211,2002,24769.0,336254.0,0.2729,1.254232,LBN,FRA,847790
4058938,126,77,9211,2002,0.0,220012.0,-0.568615,-1.172261,LBY,FRA,847790
4058939,128,77,9211,2002,0.0,1523.0,-0.740927,0.023171,LKA,FRA,847790
4058940,130,77,9211,2002,0.0,3554.0,0.23102399999999998,0.586078,LTU,FRA,847790
4058941,131,77,9211,2002,816176.0,561742.0,1.605378,1.152973,LUX,FRA,847790
4058942,132,77,9211,2002,0.0,6066.0,0.45210200000000006,0.515388,LVA,FRA,847790
4058943,133,77,9211,2002,0.0,2176.0,-0.360172,-0.359367,MAC,FRA,847790
4058944,134,77,9211,2002,1841.0,842050.0,-0.810467,-0.34807899999999997,MAR,FRA,847790
4058945,136,77,9211,2002,0.0,18943.0,-1.120167,-0.43338699999999997,MDG,FRA,847790
4058946,138,77,9211,2002,48117.0,7330946.0,0.942061,0.6311260000000001,MEX,FRA,847790
4058947,140,77,9211,2002,0.0,72681.0,-0.030274000000000002,0.359317,MKD,FRA,847790
4058948,141,77,9211,2002,0.0,4963.0,-0.8948520000000001,-0.863375,MLI,FRA,847790
4058949,142,77,9211,2002,0.0,42411.0,1.12245,0.019001,MLT,FRA,847790
4058950,148,77,9211,2002,0.0,34907.0,-1.27671,-1.218472,MRT,FRA,847790
4058951,151,77,9211,2002,13664.0,135465.0,-0.37937600000000005,-0.388848,MUS,FRA,847790
4058952,153,77,9211,2002,621249.0,3991951.0,0.704957,0.243398,MYS,FRA,847790
4058953,154,77,9211,2002,0.0,1035.0,0.34587399999999996,-0.537626,MYT,FRA,847790
4058954,156,77,9211,2002,0.0,13779.0,-0.292646,-0.823263,NCL,FRA,847790
4058955,159,77,9211,2002,0.0,917867.0,-1.8315700000000001,-1.25171,NGA,FRA,847790
4058956,162,77,9211,2002,4249834.0,833893.0,1.206176,1.7136360000000002,NLD,FRA,847790
4058957,163,77,9211,2002,33810.0,92459.0,1.110882,0.17164100000000002,NOR,FRA,847790
4058958,166,77,9211,2002,51757.0,194263.0,0.542585,0.854243,NZL,FRA,847790
4058959,167,77,9211,2002,5583.0,149422.0,-1.238769,-1.225841,OMN,FRA,847790
4058960,168,77,9211,2002,0.0,10388.0,-0.877655,-0.322094,PAK,FRA,847790
4058961,169,77,9211,2002,0.0,164957.0,0.134759,0.234258,PAN,FRA,847790
4058962,173,77,9211,2002,4303.0,384864.0,-0.6126199999999999,0.085944,PER,FRA,847790
4058963,174,77,9211,2002,13105.0,543853.0,0.055439999999999996,-0.179809,PHL,FRA,847790
4058964,176,77,9211,2002,0.0,9363.0,-1.4572319999999999,-1.159399,PNG,FRA,847790
4058965,177,77,9211,2002,237464.0,1851229.0,0.931642,1.721727,POL,FRA,847790
4058966,179,77,9211,2002,1351892.0,438998.0,0.484407,1.6500080000000001,PRT,FRA,847790
4058967,180,77,9211,2002,0.0,23505.0,-0.614282,-0.963832,PRY,FRA,847790
4058968,181,77,9211,2002,0.0,11347.0,0.394636,-0.286194,PSE,FRA,847790
4058969,182,77,9211,2002,0.0,37201.0,0.042936,-0.7421840000000001,PYF,FRA,847790
4058970,183,77,9211,2002,0.0,32348.0,-0.306052,-1.098296,QAT,FRA,847790
4058971,185,77,9211,2002,548860.0,3713908.0,0.29888200000000004,0.980376,ROU,FRA,847790
4058972,186,77,9211,2002,1414.0,733971.0,1.109397,0.424229,RUS,FRA,847790
4058973,187,77,9211,2002,0.0,26571.0,-0.553848,-0.757714,RWA,FRA,847790
4058974,188,77,9211,2002,2369.0,610064.0,0.082107,-0.843317,SAU,FRA,847790
4058975,189,77,9211,2002,2964.0,178784.0,0.55781,2.135925,SCG,FRA,847790
4058976,190,77,9211,2002,0.0,33665.0,-1.499925,-1.228374,SDN,FRA,847790
4058977,191,77,9211,2002,0.0,217935.0,-0.43679700000000005,-0.484176,SEN,FRA,847790
4058978,192,77,9211,2002,46370.0,542919.0,1.481857,0.648889,SGP,FRA,847790
4058979,197,77,9211,2002,0.0,85049.0,-0.280138,-0.099225,SLV,FRA,847790
4058980,206,77,9211,2002,44571.0,953465.0,1.1907379999999999,1.050649,SVK,FRA,847790
4058981,207,77,9211,2002,78519.0,197722.0,1.5643770000000001,1.043862,SVN,FRA,847790
4058982,208,77,9211,2002,683491.0,489239.0,2.128614,0.7891199999999999,SWE,FRA,847790
4058983,212,77,9211,2002,9204.0,73887.0,-1.067974,-0.513309,SYR,FRA,847790
4058984,214,77,9211,2002,0.0,1889.0,0.160853,-0.672233,TCD,FRA,847790
4058985,215,77,9211,2002,0.0,34320.0,-0.6810039999999999,-0.6286930000000001,TGO,FRA,847790
4058986,216,77,9211,2002,40582.0,1994608.0,0.432041,1.627953,THA,FRA,847790
4058987,219,77,9211,2002,0.0,54776.0,-1.035248,-1.191624,TKM,FRA,847790
4058988,222,77,9211,2002,0.0,2432.0,0.074907,-0.8203879999999999,TTO,FRA,847790
4058989,223,77,9211,2002,38062.0,1207210.0,-0.221951,0.325506,TUN,FRA,847790
4058990,224,77,9211,2002,22565.0,3927956.0,0.11263699999999999,1.83925,TUR,FRA,847790
4058991,226,77,9211,2002,0.0,10538.0,-1.189463,-0.48640600000000006,TZA,FRA,847790
4058992,227,77,9211,2002,0.0,4332.0,-1.038337,-0.896425,UGA,FRA,847790
4058993,228,77,9211,2002,2398.0,488490.0,0.835485,0.872135,UKR,FRA,847790
4058994,230,77,9211,2002,5227.0,102861.0,0.300502,0.16817000000000001,URY,FRA,847790
4058995,231,77,9211,2002,6915750.0,44262788.0,1.821594,0.231296,USA,FRA,847790
4058996,232,77,9211,2002,0.0,4725.0,-0.379765,-0.5965159999999999,UZB,FRA,847790
4058997,236,77,9211,2002,4355.0,698628.0,0.211536,-0.715675,VEN,FRA,847790
4058998,239,77,9211,2002,0.0,58573.0,-0.589665,0.799874,VNM,FRA,847790
4058999,243,77,9211,2002,0.0,17943.0,-1.233006,-1.22101,YEM,FRA,847790
4059000,246,77,9211,2002,23543.0,419771.0,0.395943,2.392458,ZAF,FRA,847790
4059001,247,77,9211,2002,0.0,5605.0,-0.654686,-0.545346,ZMB,FRA,847790
4059002,248,77,9211,2002,0.0,4112.0,-0.309483,0.271457,ZWE,FRA,847790
4059003,249,77,9211,2002,147419.0,621767.0,1.683858,1.333601,TWN,FRA,847790
4059004,250,77,9211,2002,14327.0,0.0,0.734927,-0.40114099999999997,ANS,FRA,847790
4059005,2,81,9211,2002,0.0,1038.0,-2.018135,-1.222751,AGO,GBR,847790
4059006,7,81,9211,2002,2907.0,271879.0,0.044683,-0.247191,ARE,GBR,847790
4059007,8,81,9211,2002,0.0,2183.0,0.284536,0.517425,ARG,GBR,847790
4059008,9,81,9211,2002,0.0,2007.0,0.710274,-0.11309000000000001,ARM,GBR,847790
4059009,14,81,9211,2002,106614.0,60353.0,0.231386,0.771628,AUS,GBR,847790
4059010,15,81,9211,2002,8117328.0,171390.0,1.8651200000000001,0.48423900000000003,AUT,GBR,847790
4059011,16,81,9211,2002,0.0,36188.0,-0.41282299999999994,-0.967931,AZE,GBR,847790
4059012,18,81,9211,2002,731121.0,1925798.0,1.4097469999999999,1.440169,BEL,GBR,847790
4059013,19,81,9211,2002,0.0,7999.0,-0.724829,-0.705625,BEN,GBR,847790
4059014,23,81,9211,2002,1026.0,4203.0,0.37451100000000004,1.573517,BGR,GBR,847790
4059015,24,81,9211,2002,0.0,13897.0,-0.146585,-1.006558,BHR,GBR,847790
4059016,28,81,9211,2002,0.0,2091.0,0.825865,1.0148979999999999,BLR,GBR,847790
4059017,31,81,9211,2002,0.0,9227.0,-0.885342,-0.819517,BOL,GBR,847790
4059018,32,81,9211,2002,11997.0,681545.0,0.677883,1.0227190000000002,BRA,GBR,847790
4059019,33,81,9211,2002,0.0,18486.0,0.762217,0.004367,BRB,GBR,847790
4059020,39,81,9211,2002,1909428.0,1944378.0,0.9963280000000001,1.1922110000000001,CAN,GBR,847790
4059021,41,81,9211,2002,5443025.0,1752204.0,2.218095,0.620946,CHE,GBR,847790
4059022,42,81,9211,2002,0.0,47767.0,-0.035264,-0.101796,CHL,GBR,847790
4059023,43,81,9211,2002,117856.0,3061368.0,0.576746,2.7995520000000003,CHN,GBR,847790
4059024,44,81,9211,2002,0.0,3078.0,-0.816327,-0.711765,CIV,GBR,847790
4059025,45,81,9211,2002,0.0,1529.0,-1.114477,-1.0516510000000001,CMR,GBR,847790
4059026,47,81,9211,2002,49244.0,0.0,-1.62227,-1.202067,COG,GBR,847790
4059027,49,81,9211,2002,91815.0,241104.0,0.345094,0.37787800000000005,COL,GBR,847790
4059028,52,81,9211,2002,3257.0,1787.0,0.03619,-0.187718,CRI,GBR,847790
4059029,54,81,9211,2002,0.0,3264.0,-0.479213,-0.951203,CUB,GBR,847790
4059030,58,81,9211,2002,0.0,29877.0,0.381391,0.40265,CYP,GBR,847790
4059031,59,81,9211,2002,83727.0,1983047.0,1.550713,1.037066,CZE,GBR,847790
4059032,61,81,9211,2002,31137948.0,4132210.0,2.297691,-2.183239,DEU,GBR,847790
4059033,64,81,9211,2002,699256.0,567130.0,1.26594,1.225186,DNK,GBR,847790
4059034,66,81,9211,2002,0.0,69388.0,-0.912033,-1.1731850000000001,DZA,GBR,847790
4059035,67,81,9211,2002,0.0,14065.0,-0.976218,-0.926393,ECU,GBR,847790
4059036,68,81,9211,2002,0.0,224820.0,-0.377127,0.549439,EGY,GBR,847790
4059037,71,81,9211,2002,792879.0,3023008.0,1.012246,2.049594,ESP,GBR,847790
4059038,72,81,9211,2002,2526.0,54022.0,0.54511,0.9135979999999999,EST,GBR,847790
4059039,74,81,9211,2002,210323.0,2081432.0,2.0234240000000003,0.979141,FIN,GBR,847790
4059040,77,81,9211,2002,12197522.0,14508315.0,1.569367,0.9886360000000001,FRA,GBR,847790
4059041,80,81,9211,2002,0.0,2712.0,-0.830094,-1.149233,GAB,GBR,847790
4059042,83,81,9211,2002,0.0,82666.0,-1.333425,-1.0709879999999998,GHA,GBR,847790
4059043,90,81,9211,2002,0.0,66061.0,0.31858000000000003,1.47417,GRC,GBR,847790
4059044,91,81,9211,2002,0.0,2069.0,0.552833,-0.283761,GRD,GBR,847790
4059045,93,81,9211,2002,0.0,969.0,-0.548834,-0.034464999999999996,GTM,GBR,847790
4059046,97,81,9211,2002,13551.0,149879.0,0.5701109999999999,1.989357,HKG,GBR,847790
4059047,99,81,9211,2002,0.0,3039.0,-0.877043,-0.658185,HND,GBR,847790
4059048,100,81,9211,2002,1523.0,13326.0,0.591276,1.030723,HRV,GBR,847790
4059049,102,81,9211,2002,510494.0,477173.0,1.179684,1.0574860000000001,HUN,GBR,847790
4059050,103,81,9211,2002,38815.0,245564.0,-0.10020499999999999,1.590314,IDN,GBR,847790
4059051,104,81,9211,2002,362874.0,867848.0,0.380867,2.608955,IND,GBR,847790
4059052,106,81,9211,2002,587200.0,5363000.0,1.7232880000000002,0.091172,IRL,GBR,847790
4059053,107,81,9211,2002,0.0,314528.0,-0.5707840000000001,-0.705612,IRN,GBR,847790
4059054,109,81,9211,2002,0.0,13863.0,0.23601999999999998,-0.34781,ISL,GBR,847790
4059055,110,81,9211,2002,11438.0,860301.0,1.334174,0.654331,ISR,GBR,847790
4059056,111,81,9211,2002,14531489.0,2810308.0,1.377604,1.2470510000000001,ITA,GBR,847790
4059057,112,81,9211,2002,0.0,15757.0,-0.604813,-0.9309860000000001,JAM,GBR,847790
4059058,113,81,9211,2002,0.0,14774.0,0.24197600000000002,0.196635,JOR,GBR,847790
4059059,114,81,9211,2002,2068585.0,554407.0,2.556057,0.497673,JPN,GBR,847790
4059060,116,81,9211,2002,1445.0,10931.0,-0.555812,0.169204,KEN,GBR,847790
4059061,121,81,9211,2002,1178660.0,102744.0,1.186816,1.075947,KOR,GBR,847790
4059062,122,81,9211,2002,0.0,14855.0,-0.6629550000000001,-1.157214,KWT,GBR,847790
4059063,124,81,9211,2002,0.0,30822.0,0.2729,1.254232,LBN,GBR,847790
4059064,128,81,9211,2002,956.0,142350.0,-0.740927,0.023171,LKA,GBR,847790
4059065,130,81,9211,2002,7574.0,4176.0,0.23102399999999998,0.586078,LTU,GBR,847790
4059066,131,81,9211,2002,1179251.0,400010.0,1.605378,1.152973,LUX,GBR,847790
4059067,132,81,9211,2002,157475.0,31438.0,0.45210200000000006,0.515388,LVA,GBR,847790
4059068,134,81,9211,2002,0.0,12177.0,-0.810467,-0.34807899999999997,MAR,GBR,847790
4059069,138,81,9211,2002,12826.0,227120.0,0.942061,0.6311260000000001,MEX,GBR,847790
4059070,139,81,9211,2002,0.0,4444.0,0.185091,-0.8390989999999999,MHL,GBR,847790
4059071,142,81,9211,2002,0.0,197457.0,1.12245,0.019001,MLT,GBR,847790
4059072,151,81,9211,2002,0.0,6114.0,-0.37937600000000005,-0.388848,MUS,GBR,847790
4059073,152,81,9211,2002,0.0,2365.0,-1.441416,-1.214651,MWI,GBR,847790
4059074,153,81,9211,2002,36291.0,695314.0,0.704957,0.243398,MYS,GBR,847790
4059075,156,81,9211,2002,0.0,758.0,-0.292646,-0.823263,NCL,GBR,847790
4059076,159,81,9211,2002,0.0,765118.0,-1.8315700000000001,-1.25171,NGA,GBR,847790
4059077,162,81,9211,2002,2515674.0,2086420.0,1.206176,1.7136360000000002,NLD,GBR,847790
4059078,163,81,9211,2002,61864.0,257193.0,1.110882,0.17164100000000002,NOR,GBR,847790
4059079,166,81,9211,2002,29412.0,9040.0,0.542585,0.854243,NZL,GBR,847790
4059080,167,81,9211,2002,0.0,16234.0,-1.238769,-1.225841,OMN,GBR,847790
4059081,168,81,9211,2002,1614.0,52557.0,-0.877655,-0.322094,PAK,GBR,847790
4059082,173,81,9211,2002,0.0,8694.0,-0.6126199999999999,0.085944,PER,GBR,847790
4059083,174,81,9211,2002,3180.0,151914.0,0.055439999999999996,-0.179809,PHL,GBR,847790
4059084,176,81,9211,2002,0.0,1656.0,-1.4572319999999999,-1.159399,PNG,GBR,847790
4059085,177,81,9211,2002,35361.0,1511484.0,0.931642,1.721727,POL,GBR,847790
4059086,179,81,9211,2002,30443.0,315571.0,0.484407,1.6500080000000001,PRT,GBR,847790
4059087,183,81,9211,2002,0.0,19329.0,-0.306052,-1.098296,QAT,GBR,847790
4059088,185,81,9211,2002,0.0,2802386.0,0.29888200000000004,0.980376,ROU,GBR,847790
4059089,186,81,9211,2002,94477.0,170083.0,1.109397,0.424229,RUS,GBR,847790
4059090,188,81,9211,2002,0.0,451555.0,0.082107,-0.843317,SAU,GBR,847790
4059091,189,81,9211,2002,367679.0,112781.0,0.55781,2.135925,SCG,GBR,847790
4059092,191,81,9211,2002,0.0,1325.0,-0.43679700000000005,-0.484176,SEN,GBR,847790
4059093,192,81,9211,2002,36448.0,394203.0,1.481857,0.648889,SGP,GBR,847790
4059094,197,81,9211,2002,0.0,2463.0,-0.280138,-0.099225,SLV,GBR,847790
4059095,205,81,9211,2002,0.0,24010.0,-0.9120030000000001,-0.8871020000000001,SUR,GBR,847790
4059096,206,81,9211,2002,0.0,13142.0,1.1907379999999999,1.050649,SVK,GBR,847790
4059097,207,81,9211,2002,0.0,35816.0,1.5643770000000001,1.043862,SVN,GBR,847790
4059098,208,81,9211,2002,717466.0,3528206.0,2.128614,0.7891199999999999,SWE,GBR,847790
4059099,212,81,9211,2002,0.0,5461.0,-1.067974,-0.513309,SYR,GBR,847790
4059100,216,81,9211,2002,14769.0,462151.0,0.432041,1.627953,THA,GBR,847790
4059101,222,81,9211,2002,1072.0,1651.0,0.074907,-0.8203879999999999,TTO,GBR,847790
4059102,223,81,9211,2002,0.0,3471.0,-0.221951,0.325506,TUN,GBR,847790
4059103,224,81,9211,2002,21647.0,127016.0,0.11263699999999999,1.83925,TUR,GBR,847790
4059104,226,81,9211,2002,0.0,11581.0,-1.189463,-0.48640600000000006,TZA,GBR,847790
4059105,228,81,9211,2002,0.0,3392.0,0.835485,0.872135,UKR,GBR,847790
4059106,230,81,9211,2002,0.0,31158.0,0.300502,0.16817000000000001,URY,GBR,847790
4059107,231,81,9211,2002,16607657.0,8021693.0,1.821594,0.231296,USA,GBR,847790
4059108,236,81,9211,2002,0.0,20428.0,0.211536,-0.715675,VEN,GBR,847790
4059109,239,81,9211,2002,0.0,6206.0,-0.589665,0.799874,VNM,GBR,847790
4059110,243,81,9211,2002,0.0,14379.0,-1.233006,-1.22101,YEM,GBR,847790
4059111,246,81,9211,2002,19693.0,1034547.0,0.395943,2.392458,ZAF,GBR,847790
4059112,247,81,9211,2002,0.0,46420.0,-0.654686,-0.545346,ZMB,GBR,847790
4059113,248,81,9211,2002,0.0,3284.0,-0.309483,0.271457,ZWE,GBR,847790
4059114,249,81,9211,2002,618542.0,33594.0,1.683858,1.333601,TWN,GBR,847790
4059115,15,90,9211,2002,210421.0,1764.0,1.8651200000000001,0.48423900000000003,AUT,GRC,847790
4059116,18,90,9211,2002,43092.0,4674.0,1.4097469999999999,1.440169,BEL,GRC,847790
4059117,23,90,9211,2002,23837.0,15949.0,0.37451100000000004,1.573517,BGR,GRC,847790
4059118,39,90,9211,2002,341246.0,84532.0,0.9963280000000001,1.1922110000000001,CAN,GRC,847790
4059119,41,90,9211,2002,541063.0,96089.0,2.218095,0.620946,CHE,GRC,847790
4059120,43,90,9211,2002,11370.0,423749.0,0.576746,2.7995520000000003,CHN,GRC,847790
4059121,58,90,9211,2002,185825.0,8253.0,0.381391,0.40265,CYP,GRC,847790
4059122,59,90,9211,2002,33887.0,0.0,1.550713,1.037066,CZE,GRC,847790
4059123,61,90,9211,2002,5583747.0,101361.0,2.297691,-2.183239,DEU,GRC,847790
4059124,64,90,9211,2002,49505.0,0.0,1.26594,1.225186,DNK,GRC,847790
4059125,68,90,9211,2002,4697.0,15430.0,-0.377127,0.549439,EGY,GRC,847790
4059126,71,90,9211,2002,35593.0,10963.0,1.012246,2.049594,ESP,GRC,847790
4059127,77,90,9211,2002,5685626.0,20237.0,1.569367,0.9886360000000001,FRA,GRC,847790
4059128,81,90,9211,2002,66061.0,0.0,1.893177,0.831382,GBR,GRC,847790
4059129,97,90,9211,2002,5728.0,0.0,0.5701109999999999,1.989357,HKG,GRC,847790
4059130,104,90,9211,2002,0.0,747.0,0.380867,2.608955,IND,GRC,847790
4059131,110,90,9211,2002,684021.0,17848.0,1.334174,0.654331,ISR,GRC,847790
4059132,111,90,9211,2002,2576615.0,658725.0,1.377604,1.2470510000000001,ITA,GRC,847790
4059133,113,90,9211,2002,0.0,36868.0,0.24197600000000002,0.196635,JOR,GRC,847790
4059134,114,90,9211,2002,33431.0,0.0,2.556057,0.497673,JPN,GRC,847790
4059135,121,90,9211,2002,19915.0,0.0,1.186816,1.075947,KOR,GRC,847790
4059136,131,90,9211,2002,44387.0,0.0,1.605378,1.152973,LUX,GRC,847790
4059137,162,90,9211,2002,109486.0,12250.0,1.206176,1.7136360000000002,NLD,GRC,847790
4059138,163,90,9211,2002,25051.0,0.0,1.110882,0.17164100000000002,NOR,GRC,847790
4059139,168,90,9211,2002,0.0,33941.0,-0.877655,-0.322094,PAK,GRC,847790
4059140,177,90,9211,2002,0.0,10680.0,0.931642,1.721727,POL,GRC,847790
4059141,185,90,9211,2002,0.0,16571.0,0.29888200000000004,0.980376,ROU,GRC,847790
4059142,189,90,9211,2002,0.0,2713.0,0.55781,2.135925,SCG,GRC,847790
4059143,192,90,9211,2002,58873.0,0.0,1.481857,0.648889,SGP,GRC,847790
4059144,208,90,9211,2002,155561.0,0.0,2.128614,0.7891199999999999,SWE,GRC,847790
4059145,224,90,9211,2002,39354.0,88879.0,0.11263699999999999,1.83925,TUR,GRC,847790
4059146,231,90,9211,2002,92597.0,32273.0,1.821594,0.231296,USA,GRC,847790
4059147,249,90,9211,2002,58421.0,0.0,1.683858,1.333601,TWN,GRC,847790
4059148,250,90,9211,2002,0.0,130.0,0.734927,-0.40114099999999997,ANS,GRC,847790
4059149,8,93,9211,2002,23457.0,0.0,0.284536,0.517425,ARG,GTM,847790
4059150,18,93,9211,2002,2415.0,0.0,1.4097469999999999,1.440169,BEL,GTM,847790
4059151,29,93,9211,2002,0.0,1548.0,-0.246977,-0.731156,BLZ,GTM,847790
4059152,32,93,9211,2002,1239.0,0.0,0.677883,1.0227190000000002,BRA,GTM,847790
4059153,39,93,9211,2002,12068.0,0.0,0.9963280000000001,1.1922110000000001,CAN,GTM,847790
4059154,41,93,9211,2002,48938.0,0.0,2.218095,0.620946,CHE,GTM,847790
4059155,43,93,9211,2002,5665.0,0.0,0.576746,2.7995520000000003,CHN,GTM,847790
4059156,49,93,9211,2002,4806.0,11415.0,0.345094,0.37787800000000005,COL,GTM,847790
4059157,52,93,9211,2002,14207.0,8368.0,0.03619,-0.187718,CRI,GTM,847790
4059158,61,93,9211,2002,194689.0,0.0,2.297691,-2.183239,DEU,GTM,847790
4059159,64,93,9211,2002,7144.0,0.0,1.26594,1.225186,DNK,GTM,847790
4059160,65,93,9211,2002,0.0,19076.0,-0.46284899999999995,-0.39210100000000003,DOM,GTM,847790
4059161,71,93,9211,2002,75334.0,0.0,1.012246,2.049594,ESP,GTM,847790
4059162,77,93,9211,2002,185164.0,0.0,1.569367,0.9886360000000001,FRA,GTM,847790
4059163,81,93,9211,2002,969.0,0.0,1.893177,0.831382,GBR,GTM,847790
4059164,97,93,9211,2002,22956.0,0.0,0.5701109999999999,1.989357,HKG,GTM,847790
4059165,99,93,9211,2002,3392.0,12344.0,-0.877043,-0.658185,HND,GTM,847790
4059166,104,93,9211,2002,18817.0,0.0,0.380867,2.608955,IND,GTM,847790
4059167,106,93,9211,2002,1038.0,0.0,1.7232880000000002,0.091172,IRL,GTM,847790
4059168,110,93,9211,2002,8517.0,0.0,1.334174,0.654331,ISR,GTM,847790
4059169,111,93,9211,2002,549876.0,0.0,1.377604,1.2470510000000001,ITA,GTM,847790
4059170,114,93,9211,2002,4923.0,0.0,2.556057,0.497673,JPN,GTM,847790
4059171,121,93,9211,2002,22824.0,0.0,1.186816,1.075947,KOR,GTM,847790
4059172,138,93,9211,2002,83995.0,2160.0,0.942061,0.6311260000000001,MEX,GTM,847790
4059173,153,93,9211,2002,7264.0,0.0,0.704957,0.243398,MYS,GTM,847790
4059174,160,93,9211,2002,0.0,19076.0,-0.677398,-0.564472,NIC,GTM,847790
4059175,162,93,9211,2002,9223.0,0.0,1.206176,1.7136360000000002,NLD,GTM,847790
4059176,166,93,9211,2002,6458.0,0.0,0.542585,0.854243,NZL,GTM,847790
4059177,197,93,9211,2002,59424.0,9179.0,-0.280138,-0.099225,SLV,GTM,847790
4059178,208,93,9211,2002,990.0,0.0,2.128614,0.7891199999999999,SWE,GTM,847790
4059179,231,93,9211,2002,535140.0,502483.0,1.821594,0.231296,USA,GTM,847790
4059180,249,93,9211,2002,219851.0,0.0,1.683858,1.333601,TWN,GTM,847790
4059181,41,96,9211,2002,2147.0,0.0,2.218095,0.620946,CHE,GUY,847790
4059182,106,96,9211,2002,4104.0,0.0,1.7232880000000002,0.091172,IRL,GUY,847790
4059183,222,96,9211,2002,996.0,0.0,0.074907,-0.8203879999999999,TTO,GUY,847790
4059184,231,96,9211,2002,37272.0,0.0,1.821594,0.231296,USA,GUY,847790
4059185,7,97,9211,2002,0.0,7019.0,0.044683,-0.247191,ARE,HKG,847790
4059186,14,97,9211,2002,29097.0,112315.0,0.231386,0.771628,AUS,HKG,847790
4059187,15,97,9211,2002,445608.0,4942.0,1.8651200000000001,0.48423900000000003,AUT,HKG,847790
4059188,18,97,9211,2002,47165.0,0.0,1.4097469999999999,1.440169,BEL,HKG,847790
4059189,21,97,9211,2002,0.0,12425.0,-0.477813,-0.647148,BFA,HKG,847790
4059190,22,97,9211,2002,0.0,2703.0,-1.134933,-1.061633,BGD,HKG,847790
4059191,32,97,9211,2002,20322.0,47829.0,0.677883,1.0227190000000002,BRA,HKG,847790
4059192,39,97,9211,2002,3641770.0,332161.0,0.9963280000000001,1.1922110000000001,CAN,HKG,847790
4059193,41,97,9211,2002,1114138.0,10577.0,2.218095,0.620946,CHE,HKG,847790
4059194,42,97,9211,2002,0.0,16298.0,-0.035264,-0.101796,CHL,HKG,847790
4059195,43,97,9211,2002,5556306.0,6262446.0,0.576746,2.7995520000000003,CHN,HKG,847790
4059196,44,97,9211,2002,0.0,3937.0,-0.816327,-0.711765,CIV,HKG,847790
4059197,49,97,9211,2002,0.0,7390.0,0.345094,0.37787800000000005,COL,HKG,847790
4059198,52,97,9211,2002,0.0,5633.0,0.03619,-0.187718,CRI,HKG,847790
4059199,58,97,9211,2002,0.0,3691.0,0.381391,0.40265,CYP,HKG,847790
4059200,61,97,9211,2002,8721816.0,84868.0,2.297691,-2.183239,DEU,HKG,847790
4059201,64,97,9211,2002,9656.0,0.0,1.26594,1.225186,DNK,HKG,847790
4059202,65,97,9211,2002,0.0,954.0,-0.46284899999999995,-0.39210100000000003,DOM,HKG,847790
4059203,67,97,9211,2002,0.0,3017.0,-0.976218,-0.926393,ECU,HKG,847790
4059204,68,97,9211,2002,8044.0,0.0,-0.377127,0.549439,EGY,HKG,847790
4059205,71,97,9211,2002,23434.0,3665.0,1.012246,2.049594,ESP,HKG,847790
4059206,74,97,9211,2002,12638.0,2067.0,2.0234240000000003,0.979141,FIN,HKG,847790
4059207,75,97,9211,2002,0.0,11602.0,-0.588136,-0.242883,FJI,HKG,847790
4059208,77,97,9211,2002,6972518.0,6066.0,1.569367,0.9886360000000001,FRA,HKG,847790
4059209,81,97,9211,2002,149879.0,13551.0,1.893177,0.831382,GBR,HKG,847790
4059210,83,97,9211,2002,0.0,4294.0,-1.333425,-1.0709879999999998,GHA,HKG,847790
4059211,90,97,9211,2002,0.0,5728.0,0.31858000000000003,1.47417,GRC,HKG,847790
4059212,93,97,9211,2002,0.0,22956.0,-0.548834,-0.034464999999999996,GTM,HKG,847790
4059213,102,97,9211,2002,0.0,588220.0,1.179684,1.0574860000000001,HUN,HKG,847790
4059214,103,97,9211,2002,4293.0,75457.0,-0.10020499999999999,1.590314,IDN,HKG,847790
4059215,104,97,9211,2002,17484.0,34974.0,0.380867,2.608955,IND,HKG,847790
4059216,106,97,9211,2002,117010.0,456595.0,1.7232880000000002,0.091172,IRL,HKG,847790
4059217,110,97,9211,2002,1923.0,68308.0,1.334174,0.654331,ISR,HKG,847790
4059218,111,97,9211,2002,929034.0,44835.0,1.377604,1.2470510000000001,ITA,HKG,847790
4059219,112,97,9211,2002,0.0,8519.0,-0.604813,-0.9309860000000001,JAM,HKG,847790
4059220,114,97,9211,2002,12289384.0,256611.0,2.556057,0.497673,JPN,HKG,847790
4059221,115,97,9211,2002,0.0,16252.0,-0.065332,-0.616159,KAZ,HKG,847790
4059222,116,97,9211,2002,0.0,6080.0,-0.555812,0.169204,KEN,HKG,847790
4059223,121,97,9211,2002,1338196.0,479784.0,1.186816,1.075947,KOR,HKG,847790
4059224,122,97,9211,2002,0.0,9272.0,-0.6629550000000001,-1.157214,KWT,HKG,847790
4059225,128,97,9211,2002,1908.0,35649.0,-0.740927,0.023171,LKA,HKG,847790
4059226,133,97,9211,2002,3233.0,14264.0,-0.360172,-0.359367,MAC,HKG,847790
4059227,134,97,9211,2002,0.0,9514.0,-0.810467,-0.34807899999999997,MAR,HKG,847790
4059228,138,97,9211,2002,0.0,32687.0,0.942061,0.6311260000000001,MEX,HKG,847790
4059229,141,97,9211,2002,0.0,956.0,-0.8948520000000001,-0.863375,MLI,HKG,847790
4059230,142,97,9211,2002,0.0,4304.0,1.12245,0.019001,MLT,HKG,847790
4059231,151,97,9211,2002,0.0,3367.0,-0.37937600000000005,-0.388848,MUS,HKG,847790
4059232,152,97,9211,2002,0.0,797.0,-1.441416,-1.214651,MWI,HKG,847790
4059233,153,97,9211,2002,369408.0,294863.0,0.704957,0.243398,MYS,HKG,847790
4059234,159,97,9211,2002,0.0,117952.0,-1.8315700000000001,-1.25171,NGA,HKG,847790
4059235,162,97,9211,2002,5106568.0,597612.0,1.206176,1.7136360000000002,NLD,HKG,847790
4059236,163,97,9211,2002,101243.0,2588.0,1.110882,0.17164100000000002,NOR,HKG,847790
4059237,166,97,9211,2002,257262.0,38239.0,0.542585,0.854243,NZL,HKG,847790
4059238,168,97,9211,2002,0.0,25301.0,-0.877655,-0.322094,PAK,HKG,847790
4059239,169,97,9211,2002,0.0,4382.0,0.134759,0.234258,PAN,HKG,847790
4059240,173,97,9211,2002,0.0,10366.0,-0.6126199999999999,0.085944,PER,HKG,847790
4059241,174,97,9211,2002,51469.0,225026.0,0.055439999999999996,-0.179809,PHL,HKG,847790
4059242,176,97,9211,2002,0.0,2909.0,-1.4572319999999999,-1.159399,PNG,HKG,847790
4059243,178,97,9211,2002,0.0,151414.0,0.43756999999999996,0.744264,PRK,HKG,847790
4059244,179,97,9211,2002,33255.0,14898.0,0.484407,1.6500080000000001,PRT,HKG,847790
4059245,186,97,9211,2002,0.0,5429.0,1.109397,0.424229,RUS,HKG,847790
4059246,191,97,9211,2002,0.0,999.0,-0.43679700000000005,-0.484176,SEN,HKG,847790
4059247,192,97,9211,2002,2122376.0,1075751.0,1.481857,0.648889,SGP,HKG,847790
4059248,197,97,9211,2002,0.0,4366.0,-0.280138,-0.099225,SLV,HKG,847790
4059249,208,97,9211,2002,979282.0,59840.0,2.128614,0.7891199999999999,SWE,HKG,847790
4059250,216,97,9211,2002,187486.0,154926.0,0.432041,1.627953,THA,HKG,847790
4059251,222,97,9211,2002,0.0,2088.0,0.074907,-0.8203879999999999,TTO,HKG,847790
4059252,223,97,9211,2002,0.0,2260.0,-0.221951,0.325506,TUN,HKG,847790
4059253,224,97,9211,2002,3808.0,7303.0,0.11263699999999999,1.83925,TUR,HKG,847790
4059254,226,97,9211,2002,0.0,5134.0,-1.189463,-0.48640600000000006,TZA,HKG,847790
4059255,231,97,9211,2002,7341632.0,1456123.0,1.821594,0.231296,USA,HKG,847790
4059256,239,97,9211,2002,0.0,32776.0,-0.589665,0.799874,VNM,HKG,847790
4059257,246,97,9211,2002,10685.0,14666.0,0.395943,2.392458,ZAF,HKG,847790
4059258,247,97,9211,2002,0.0,3232.0,-0.654686,-0.545346,ZMB,HKG,847790
4059259,249,97,9211,2002,20816252.0,1918311.0,1.683858,1.333601,TWN,HKG,847790
4059260,8,99,9211,2002,1700.0,0.0,0.284536,0.517425,ARG,HND,847790
4059261,15,99,9211,2002,1501.0,0.0,1.8651200000000001,0.48423900000000003,AUT,HND,847790
4059262,39,99,9211,2002,12580.0,0.0,0.9963280000000001,1.1922110000000001,CAN,HND,847790
4059263,41,99,9211,2002,786.0,0.0,2.218095,0.620946,CHE,HND,847790
4059264,52,99,9211,2002,10385.0,0.0,0.03619,-0.187718,CRI,HND,847790
4059265,61,99,9211,2002,29124.0,0.0,2.297691,-2.183239,DEU,HND,847790
4059266,64,99,9211,2002,1232.0,0.0,1.26594,1.225186,DNK,HND,847790
4059267,71,99,9211,2002,8104.0,0.0,1.012246,2.049594,ESP,HND,847790
4059268,77,99,9211,2002,8741.0,0.0,1.569367,0.9886360000000001,FRA,HND,847790
4059269,81,99,9211,2002,3039.0,0.0,1.893177,0.831382,GBR,HND,847790
4059270,93,99,9211,2002,12344.0,3392.0,-0.548834,-0.034464999999999996,GTM,HND,847790
4059271,111,99,9211,2002,15166.0,0.0,1.377604,1.2470510000000001,ITA,HND,847790
4059272,138,99,9211,2002,74337.0,0.0,0.942061,0.6311260000000001,MEX,HND,847790
4059273,197,99,9211,2002,21823.0,0.0,-0.280138,-0.099225,SLV,HND,847790
4059274,231,99,9211,2002,102802.0,0.0,1.821594,0.231296,USA,HND,847790
4059275,236,99,9211,2002,0.0,986.0,0.211536,-0.715675,VEN,HND,847790
4059276,249,99,9211,2002,8091.0,0.0,1.683858,1.333601,TWN,HND,847790
4059277,14,103,9211,2002,22193.0,9596.0,0.231386,0.771628,AUS,IDN,847790
4059278,15,103,9211,2002,258499.0,1828.0,1.8651200000000001,0.48423900000000003,AUT,IDN,847790
4059279,18,103,9211,2002,114001.0,0.0,1.4097469999999999,1.440169,BEL,IDN,847790
4059280,32,103,9211,2002,4905.0,0.0,0.677883,1.0227190000000002,BRA,IDN,847790
4059281,41,103,9211,2002,432503.0,0.0,2.218095,0.620946,CHE,IDN,847790
4059282,43,103,9211,2002,1033313.0,19139.0,0.576746,2.7995520000000003,CHN,IDN,847790
4059283,59,103,9211,2002,25493.0,0.0,1.550713,1.037066,CZE,IDN,847790
4059284,61,103,9211,2002,3305550.0,70407.0,2.297691,-2.183239,DEU,IDN,847790
4059285,64,103,9211,2002,1503.0,0.0,1.26594,1.225186,DNK,IDN,847790
4059286,77,103,9211,2002,128098.0,0.0,1.569367,0.9886360000000001,FRA,IDN,847790
4059287,81,103,9211,2002,245564.0,38815.0,1.893177,0.831382,GBR,IDN,847790
4059288,97,103,9211,2002,75457.0,4293.0,0.5701109999999999,1.989357,HKG,IDN,847790
4059289,104,103,9211,2002,60721.0,30414.0,0.380867,2.608955,IND,IDN,847790
4059290,106,103,9211,2002,4424.0,0.0,1.7232880000000002,0.091172,IRL,IDN,847790
4059291,111,103,9211,2002,493016.0,4532.0,1.377604,1.2470510000000001,ITA,IDN,847790
4059292,114,103,9211,2002,6256182.0,422010.0,2.556057,0.497673,JPN,IDN,847790
4059293,121,103,9211,2002,3591279.0,22762.0,1.186816,1.075947,KOR,IDN,847790
4059294,131,103,9211,2002,1303.0,0.0,1.605378,1.152973,LUX,IDN,847790
4059295,138,103,9211,2002,15776.0,0.0,0.942061,0.6311260000000001,MEX,IDN,847790
4059296,153,103,9211,2002,731691.0,141285.0,0.704957,0.243398,MYS,IDN,847790
4059297,159,103,9211,2002,0.0,80876.0,-1.8315700000000001,-1.25171,NGA,IDN,847790
4059298,162,103,9211,2002,281091.0,65576.0,1.206176,1.7136360000000002,NLD,IDN,847790
4059299,163,103,9211,2002,1169.0,0.0,1.110882,0.17164100000000002,NOR,IDN,847790
4059300,166,103,9211,2002,10814.0,0.0,0.542585,0.854243,NZL,IDN,847790
4059301,174,103,9211,2002,1917.0,3103.0,0.055439999999999996,-0.179809,PHL,IDN,847790
4059302,178,103,9211,2002,1684.0,0.0,0.43756999999999996,0.744264,PRK,IDN,847790
4059303,192,103,9211,2002,559210.0,2665202.0,1.481857,0.648889,SGP,IDN,847790
4059304,193,103,9211,2002,0.0,5609.0,1.458389,-0.695846,SGS,IDN,847790
4059305,208,103,9211,2002,139438.0,1816.0,2.128614,0.7891199999999999,SWE,IDN,847790
4059306,216,103,9211,2002,28187.0,32216.0,0.432041,1.627953,THA,IDN,847790
4059307,231,103,9211,2002,5564204.0,11154.0,1.821594,0.231296,USA,IDN,847790
4059308,249,103,9211,2002,1533700.0,189424.0,1.683858,1.333601,TWN,IDN,847790
4059309,6,106,9211,2002,105223.0,0.0,0.346519,-0.631549,ANT,IRL,847790
4059310,7,106,9211,2002,0.0,40971.0,0.044683,-0.247191,ARE,IRL,847790
4059311,14,106,9211,2002,7438.0,69350.0,0.231386,0.771628,AUS,IRL,847790
4059312,15,106,9211,2002,336627.0,38500.0,1.8651200000000001,0.48423900000000003,AUT,IRL,847790
4059313,16,106,9211,2002,0.0,1401.0,-0.41282299999999994,-0.967931,AZE,IRL,847790
4059314,17,106,9211,2002,0.0,4335.0,-0.333602,-0.648837,BDI,IRL,847790
4059315,18,106,9211,2002,4150768.0,8351.0,1.4097469999999999,1.440169,BEL,IRL,847790
4059316,22,106,9211,2002,0.0,6312.0,-1.134933,-1.061633,BGD,IRL,847790
4059317,23,106,9211,2002,0.0,26214.0,0.37451100000000004,1.573517,BGR,IRL,847790
4059318,28,106,9211,2002,0.0,2693.0,0.825865,1.0148979999999999,BLR,IRL,847790
4059319,29,106,9211,2002,0.0,4982.0,-0.246977,-0.731156,BLZ,IRL,847790
4059320,33,106,9211,2002,0.0,1561.0,0.762217,0.004367,BRB,IRL,847790
4059321,39,106,9211,2002,752299.0,20395.0,0.9963280000000001,1.1922110000000001,CAN,IRL,847790
4059322,41,106,9211,2002,682893.0,1734568.0,2.218095,0.620946,CHE,IRL,847790
4059323,42,106,9211,2002,0.0,1216.0,-0.035264,-0.101796,CHL,IRL,847790
4059324,43,106,9211,2002,11343.0,11989.0,0.576746,2.7995520000000003,CHN,IRL,847790
4059325,44,106,9211,2002,0.0,8871.0,-0.816327,-0.711765,CIV,IRL,847790
4059326,59,106,9211,2002,10729.0,186981.0,1.550713,1.037066,CZE,IRL,847790
4059327,61,106,9211,2002,2710688.0,295272.0,2.297691,-2.183239,DEU,IRL,847790
4059328,63,106,9211,2002,0.0,3441.0,0.196298,-0.129221,DMA,IRL,847790
4059329,64,106,9211,2002,39122.0,0.0,1.26594,1.225186,DNK,IRL,847790
4059330,68,106,9211,2002,0.0,2484.0,-0.377127,0.549439,EGY,IRL,847790
4059331,71,106,9211,2002,1332.0,12301.0,1.012246,2.049594,ESP,IRL,847790
4059332,72,106,9211,2002,0.0,362361.0,0.54511,0.9135979999999999,EST,IRL,847790
4059333,74,106,9211,2002,1443.0,16010.0,2.0234240000000003,0.979141,FIN,IRL,847790
4059334,77,106,9211,2002,755557.0,6414.0,1.569367,0.9886360000000001,FRA,IRL,847790
4059335,80,106,9211,2002,0.0,4542.0,-0.830094,-1.149233,GAB,IRL,847790
4059336,81,106,9211,2002,5363000.0,587200.0,1.893177,0.831382,GBR,IRL,847790
4059337,84,106,9211,2002,0.0,18339.0,0.814919,-0.205996,GIB,IRL,847790
4059338,93,106,9211,2002,0.0,1038.0,-0.548834,-0.034464999999999996,GTM,IRL,847790
4059339,96,106,9211,2002,0.0,4104.0,-0.9485889999999999,-0.9086489999999999,GUY,IRL,847790
4059340,97,106,9211,2002,456595.0,117010.0,0.5701109999999999,1.989357,HKG,IRL,847790
4059341,102,106,9211,2002,13481.0,334706.0,1.179684,1.0574860000000001,HUN,IRL,847790
4059342,103,106,9211,2002,0.0,4424.0,-0.10020499999999999,1.590314,IDN,IRL,847790
4059343,104,106,9211,2002,3977.0,4037.0,0.380867,2.608955,IND,IRL,847790
4059344,107,106,9211,2002,0.0,4433.0,-0.5707840000000001,-0.705612,IRN,IRL,847790
4059345,109,106,9211,2002,0.0,1750.0,0.23601999999999998,-0.34781,ISL,IRL,847790
4059346,110,106,9211,2002,1734.0,6548.0,1.334174,0.654331,ISR,IRL,847790
4059347,111,106,9211,2002,1643772.0,18966.0,1.377604,1.2470510000000001,ITA,IRL,847790
4059348,112,106,9211,2002,0.0,1496.0,-0.604813,-0.9309860000000001,JAM,IRL,847790
4059349,114,106,9211,2002,96048.0,39898.0,2.556057,0.497673,JPN,IRL,847790
4059350,116,106,9211,2002,0.0,992.0,-0.555812,0.169204,KEN,IRL,847790
4059351,121,106,9211,2002,10509.0,16541.0,1.186816,1.075947,KOR,IRL,847790
4059352,122,106,9211,2002,0.0,1993.0,-0.6629550000000001,-1.157214,KWT,IRL,847790
4059353,131,106,9211,2002,5112.0,0.0,1.605378,1.152973,LUX,IRL,847790
4059354,132,106,9211,2002,0.0,2090.0,0.45210200000000006,0.515388,LVA,IRL,847790
4059355,134,106,9211,2002,0.0,9973.0,-0.810467,-0.34807899999999997,MAR,IRL,847790
4059356,138,106,9211,2002,0.0,12519.0,0.942061,0.6311260000000001,MEX,IRL,847790
4059357,142,106,9211,2002,0.0,1263.0,1.12245,0.019001,MLT,IRL,847790
4059358,153,106,9211,2002,9819.0,26815.0,0.704957,0.243398,MYS,IRL,847790
4059359,157,106,9211,2002,0.0,4751.0,-0.344562,-0.304996,NER,IRL,847790
4059360,159,106,9211,2002,0.0,15980.0,-1.8315700000000001,-1.25171,NGA,IRL,847790
4059361,162,106,9211,2002,513338.0,79028.0,1.206176,1.7136360000000002,NLD,IRL,847790
4059362,163,106,9211,2002,4290.0,189604.0,1.110882,0.17164100000000002,NOR,IRL,847790
4059363,166,106,9211,2002,1797.0,11329.0,0.542585,0.854243,NZL,IRL,847790
4059364,173,106,9211,2002,0.0,12668.0,-0.6126199999999999,0.085944,PER,IRL,847790
4059365,174,106,9211,2002,0.0,42097.0,0.055439999999999996,-0.179809,PHL,IRL,847790
4059366,177,106,9211,2002,0.0,245225.0,0.931642,1.721727,POL,IRL,847790
4059367,185,106,9211,2002,0.0,155871.0,0.29888200000000004,0.980376,ROU,IRL,847790
4059368,188,106,9211,2002,0.0,15203.0,0.082107,-0.843317,SAU,IRL,847790
4059369,192,106,9211,2002,104900.0,3089.0,1.481857,0.648889,SGP,IRL,847790
4059370,196,106,9211,2002,0.0,117755.0,0.397488,-0.027672000000000002,SLE,IRL,847790
4059371,197,106,9211,2002,0.0,4554.0,-0.280138,-0.099225,SLV,IRL,847790
4059372,206,106,9211,2002,1423.0,173796.0,1.1907379999999999,1.050649,SVK,IRL,847790
4059373,207,106,9211,2002,0.0,21155.0,1.5643770000000001,1.043862,SVN,IRL,847790
4059374,208,106,9211,2002,51192.0,107131.0,2.128614,0.7891199999999999,SWE,IRL,847790
4059375,216,106,9211,2002,0.0,23827.0,0.432041,1.627953,THA,IRL,847790
4059376,222,106,9211,2002,0.0,2637.0,0.074907,-0.8203879999999999,TTO,IRL,847790
4059377,224,106,9211,2002,0.0,21819.0,0.11263699999999999,1.83925,TUR,IRL,847790
4059378,226,106,9211,2002,0.0,70277.0,-1.189463,-0.48640600000000006,TZA,IRL,847790
4059379,227,106,9211,2002,0.0,1677.0,-1.038337,-0.896425,UGA,IRL,847790
4059380,230,106,9211,2002,0.0,18092.0,0.300502,0.16817000000000001,URY,IRL,847790
4059381,231,106,9211,2002,1743317.0,733736.0,1.821594,0.231296,USA,IRL,847790
4059382,236,106,9211,2002,4442.0,0.0,0.211536,-0.715675,VEN,IRL,847790
4059383,246,106,9211,2002,4483.0,318162.0,0.395943,2.392458,ZAF,IRL,847790
4059384,249,106,9211,2002,44204.0,13866.0,1.683858,1.333601,TWN,IRL,847790
4059385,250,106,9211,2002,89716.0,58538.0,0.734927,-0.40114099999999997,ANS,IRL,847790
4059386,7,107,9211,2002,19708.0,0.0,0.044683,-0.247191,ARE,IRN,847790
4059387,9,107,9211,2002,0.0,739.0,0.710274,-0.11309000000000001,ARM,IRN,847790
4059388,15,107,9211,2002,1083182.0,0.0,1.8651200000000001,0.48423900000000003,AUT,IRN,847790
4059389,16,107,9211,2002,1161.0,1016.0,-0.41282299999999994,-0.967931,AZE,IRN,847790
4059390,18,107,9211,2002,183355.0,0.0,1.4097469999999999,1.440169,BEL,IRN,847790
4059391,39,107,9211,2002,2013.0,0.0,0.9963280000000001,1.1922110000000001,CAN,IRN,847790
4059392,41,107,9211,2002,49325.0,998.0,2.218095,0.620946,CHE,IRN,847790
4059393,43,107,9211,2002,66543.0,0.0,0.576746,2.7995520000000003,CHN,IRN,847790
4059394,59,107,9211,2002,426908.0,0.0,1.550713,1.037066,CZE,IRN,847790
4059395,61,107,9211,2002,6168761.0,45859.0,2.297691,-2.183239,DEU,IRN,847790
4059396,64,107,9211,2002,1130.0,0.0,1.26594,1.225186,DNK,IRN,847790
4059397,68,107,9211,2002,0.0,188290.0,-0.377127,0.549439,EGY,IRN,847790
4059398,71,107,9211,2002,9541.0,0.0,1.012246,2.049594,ESP,IRN,847790
4059399,74,107,9211,2002,40200.0,0.0,2.0234240000000003,0.979141,FIN,IRN,847790
4059400,77,107,9211,2002,419706.0,0.0,1.569367,0.9886360000000001,FRA,IRN,847790
4059401,81,107,9211,2002,314528.0,0.0,1.893177,0.831382,GBR,IRN,847790
4059402,82,107,9211,2002,20214.0,0.0,0.662382,-0.124825,GEO,IRN,847790
4059403,104,107,9211,2002,299354.0,0.0,0.380867,2.608955,IND,IRN,847790
4059404,106,107,9211,2002,4433.0,0.0,1.7232880000000002,0.091172,IRL,IRN,847790
4059405,111,107,9211,2002,2018737.0,20553.0,1.377604,1.2470510000000001,ITA,IRN,847790
4059406,114,107,9211,2002,1529971.0,0.0,2.556057,0.497673,JPN,IRN,847790
4059407,115,107,9211,2002,6073.0,0.0,-0.065332,-0.616159,KAZ,IRN,847790
4059408,117,107,9211,2002,81257.0,31387.0,0.081807,0.16872,KGZ,IRN,847790
4059409,121,107,9211,2002,1156060.0,8258.0,1.186816,1.075947,KOR,IRN,847790
4059410,131,107,9211,2002,15451.0,0.0,1.605378,1.152973,LUX,IRN,847790
4059411,153,107,9211,2002,120864.0,0.0,0.704957,0.243398,MYS,IRN,847790
4059412,163,107,9211,2002,9526.0,0.0,1.110882,0.17164100000000002,NOR,IRN,847790
4059413,167,107,9211,2002,0.0,2642.0,-1.238769,-1.225841,OMN,IRN,847790
4059414,185,107,9211,2002,103487.0,0.0,0.29888200000000004,0.980376,ROU,IRN,847790
4059415,188,107,9211,2002,0.0,4936.0,0.082107,-0.843317,SAU,IRN,847790
4059416,192,107,9211,2002,5700.0,0.0,1.481857,0.648889,SGP,IRN,847790
4059417,224,107,9211,2002,171993.0,4727.0,0.11263699999999999,1.83925,TUR,IRN,847790
4059418,231,107,9211,2002,69578.0,0.0,1.821594,0.231296,USA,IRN,847790
4059419,246,107,9211,2002,5169.0,0.0,0.395943,2.392458,ZAF,IRN,847790
4059420,249,107,9211,2002,215085.0,0.0,1.683858,1.333601,TWN,IRN,847790
4059421,14,110,9211,2002,2383.0,24051.0,0.231386,0.771628,AUS,ISR,847790
4059422,15,110,9211,2002,437409.0,33256.0,1.8651200000000001,0.48423900000000003,AUT,ISR,847790
4059423,18,110,9211,2002,89887.0,70164.0,1.4097469999999999,1.440169,BEL,ISR,847790
4059424,23,110,9211,2002,0.0,5905.0,0.37451100000000004,1.573517,BGR,ISR,847790
4059425,32,110,9211,2002,0.0,3987.0,0.677883,1.0227190000000002,BRA,ISR,847790
4059426,39,110,9211,2002,145126.0,14490.0,0.9963280000000001,1.1922110000000001,CAN,ISR,847790
4059427,41,110,9211,2002,511021.0,172519.0,2.218095,0.620946,CHE,ISR,847790
4059428,42,110,9211,2002,0.0,1292.0,-0.035264,-0.101796,CHL,ISR,847790
4059429,43,110,9211,2002,44326.0,16904.0,0.576746,2.7995520000000003,CHN,ISR,847790
4059430,58,110,9211,2002,0.0,8567.0,0.381391,0.40265,CYP,ISR,847790
4059431,59,110,9211,2002,4754.0,15946.0,1.550713,1.037066,CZE,ISR,847790
4059432,61,110,9211,2002,2759671.0,208675.0,2.297691,-2.183239,DEU,ISR,847790
4059433,64,110,9211,2002,3737.0,5290.0,1.26594,1.225186,DNK,ISR,847790
4059434,71,110,9211,2002,16443.0,0.0,1.012246,2.049594,ESP,ISR,847790
4059435,77,110,9211,2002,505564.0,0.0,1.569367,0.9886360000000001,FRA,ISR,847790
4059436,81,110,9211,2002,860301.0,11438.0,1.893177,0.831382,GBR,ISR,847790
4059437,90,110,9211,2002,17848.0,684021.0,0.31858000000000003,1.47417,GRC,ISR,847790
4059438,93,110,9211,2002,0.0,8517.0,-0.548834,-0.034464999999999996,GTM,ISR,847790
4059439,97,110,9211,2002,68308.0,1923.0,0.5701109999999999,1.989357,HKG,ISR,847790
4059440,102,110,9211,2002,29097.0,0.0,1.179684,1.0574860000000001,HUN,ISR,847790
4059441,104,110,9211,2002,31212.0,4941.0,0.380867,2.608955,IND,ISR,847790
4059442,106,110,9211,2002,6548.0,1734.0,1.7232880000000002,0.091172,IRL,ISR,847790
4059443,111,110,9211,2002,1290970.0,188046.0,1.377604,1.2470510000000001,ITA,ISR,847790
4059444,113,110,9211,2002,0.0,35247.0,0.24197600000000002,0.196635,JOR,ISR,847790
4059445,114,110,9211,2002,146710.0,5729.0,2.556057,0.497673,JPN,ISR,847790
4059446,121,110,9211,2002,17117.0,24019.0,1.186816,1.075947,KOR,ISR,847790
4059447,131,110,9211,2002,106023.0,13781.0,1.605378,1.152973,LUX,ISR,847790
4059448,135,110,9211,2002,0.0,26745.0,-0.186001,-0.141598,MDA,ISR,847790
4059449,138,110,9211,2002,0.0,12382.0,0.942061,0.6311260000000001,MEX,ISR,847790
4059450,162,110,9211,2002,119791.0,34213.0,1.206176,1.7136360000000002,NLD,ISR,847790
4059451,163,110,9211,2002,2847.0,2557.0,1.110882,0.17164100000000002,NOR,ISR,847790
4059452,166,110,9211,2002,13292.0,0.0,0.542585,0.854243,NZL,ISR,847790
4059453,179,110,9211,2002,109863.0,3835.0,0.484407,1.6500080000000001,PRT,ISR,847790
4059454,185,110,9211,2002,1609.0,14436.0,0.29888200000000004,0.980376,ROU,ISR,847790
4059455,192,110,9211,2002,116534.0,5508.0,1.481857,0.648889,SGP,ISR,847790
4059456,208,110,9211,2002,18296.0,8480.0,2.128614,0.7891199999999999,SWE,ISR,847790
4059457,216,110,9211,2002,7080.0,0.0,0.432041,1.627953,THA,ISR,847790
4059458,224,110,9211,2002,24502.0,1236.0,0.11263699999999999,1.83925,TUR,ISR,847790
4059459,228,110,9211,2002,0.0,7080.0,0.835485,0.872135,UKR,ISR,847790
4059460,231,110,9211,2002,3129850.0,307240.0,1.821594,0.231296,USA,ISR,847790
4059461,232,110,9211,2002,0.0,1000.0,-0.379765,-0.5965159999999999,UZB,ISR,847790
4059462,246,110,9211,2002,617.0,2396.0,0.395943,2.392458,ZAF,ISR,847790
4059463,249,110,9211,2002,75981.0,4166.0,1.683858,1.333601,TWN,ISR,847790
4059464,2,111,9211,2002,0.0,46908.0,-2.018135,-1.222751,AGO,ITA,847790
4059465,4,111,9211,2002,1809.0,628167.0,-0.127828,-0.126857,ALB,ITA,847790
4059466,6,111,9211,2002,0.0,30389.0,0.346519,-0.631549,ANT,ITA,847790
4059467,7,111,9211,2002,37279.0,1114347.0,0.044683,-0.247191,ARE,ITA,847790
4059468,8,111,9211,2002,9335.0,716273.0,0.284536,0.517425,ARG,ITA,847790
4059469,9,111,9211,2002,0.0,14911.0,0.710274,-0.11309000000000001,ARM,ITA,847790
4059470,14,111,9211,2002,187947.0,1368995.0,0.231386,0.771628,AUS,ITA,847790
4059471,15,111,9211,2002,5873743.0,2179072.0,1.8651200000000001,0.48423900000000003,AUT,ITA,847790
4059472,16,111,9211,2002,0.0,40212.0,-0.41282299999999994,-0.967931,AZE,ITA,847790
4059473,18,111,9211,2002,859942.0,3157290.0,1.4097469999999999,1.440169,BEL,ITA,847790
4059474,21,111,9211,2002,0.0,4197.0,-0.477813,-0.647148,BFA,ITA,847790
4059475,22,111,9211,2002,5654.0,30235.0,-1.134933,-1.061633,BGD,ITA,847790
4059476,23,111,9211,2002,705360.0,261218.0,0.37451100000000004,1.573517,BGR,ITA,847790
4059477,24,111,9211,2002,9746.0,52158.0,-0.146585,-1.006558,BHR,ITA,847790
4059478,25,111,9211,2002,0.0,6739.0,0.641626,-0.37892800000000004,BHS,ITA,847790
4059479,26,111,9211,2002,430222.0,964606.0,0.26339,0.30287,BIH,ITA,847790
4059480,28,111,9211,2002,5683.0,217778.0,0.825865,1.0148979999999999,BLR,ITA,847790
4059481,29,111,9211,2002,0.0,3402.0,-0.246977,-0.731156,BLZ,ITA,847790
4059482,30,111,9211,2002,0.0,4627.0,1.129,-0.476633,BMU,ITA,847790
4059483,31,111,9211,2002,0.0,21391.0,-0.885342,-0.819517,BOL,ITA,847790
4059484,32,111,9211,2002,123179.0,5348722.0,0.677883,1.0227190000000002,BRA,ITA,847790
4059485,33,111,9211,2002,0.0,3109.0,0.762217,0.004367,BRB,ITA,847790
4059486,34,111,9211,2002,0.0,3738.0,-1.7894169999999998,-1.034672,BRN,ITA,847790
4059487,37,111,9211,2002,0.0,29089.0,-0.14025,-1.018399,BWA,ITA,847790
4059488,39,111,9211,2002,3578849.0,3842484.0,0.9963280000000001,1.1922110000000001,CAN,ITA,847790
4059489,41,111,9211,2002,9207361.0,13204260.0,2.218095,0.620946,CHE,ITA,847790
4059490,42,111,9211,2002,13188.0,719669.0,-0.035264,-0.101796,CHL,ITA,847790
4059491,43,111,9211,2002,528375.0,6926284.0,0.576746,2.7995520000000003,CHN,ITA,847790
4059492,44,111,9211,2002,0.0,156288.0,-0.816327,-0.711765,CIV,ITA,847790
4059493,45,111,9211,2002,0.0,72205.0,-1.114477,-1.0516510000000001,CMR,ITA,847790
4059494,46,111,9211,2002,0.0,17572.0,-1.2657370000000001,-1.108659,COD,ITA,847790
4059495,47,111,9211,2002,9381.0,1171.0,-1.62227,-1.202067,COG,ITA,847790
4059496,49,111,9211,2002,3663.0,1436992.0,0.345094,0.37787800000000005,COL,ITA,847790
4059497,52,111,9211,2002,3703.0,296958.0,0.03619,-0.187718,CRI,ITA,847790
4059498,54,111,9211,2002,0.0,51646.0,-0.479213,-0.951203,CUB,ITA,847790
4059499,58,111,9211,2002,1475.0,155816.0,0.381391,0.40265,CYP,ITA,847790
4059500,59,111,9211,2002,583504.0,856998.0,1.550713,1.037066,CZE,ITA,847790
4059501,61,111,9211,2002,39187800.0,33971768.0,2.297691,-2.183239,DEU,ITA,847790
4059502,64,111,9211,2002,171193.0,962981.0,1.26594,1.225186,DNK,ITA,847790
4059503,65,111,9211,2002,7203.0,460975.0,-0.46284899999999995,-0.39210100000000003,DOM,ITA,847790
4059504,66,111,9211,2002,6254.0,531258.0,-0.912033,-1.1731850000000001,DZA,ITA,847790
4059505,67,111,9211,2002,6474.0,820834.0,-0.976218,-0.926393,ECU,ITA,847790
4059506,68,111,9211,2002,37593.0,1248410.0,-0.377127,0.549439,EGY,ITA,847790
4059507,69,111,9211,2002,0.0,75512.0,0.831973,-0.050712,ERI,ITA,847790
4059508,71,111,9211,2002,907742.0,15357259.0,1.012246,2.049594,ESP,ITA,847790
4059509,72,111,9211,2002,1586.0,294200.0,0.54511,0.9135979999999999,EST,ITA,847790
4059510,73,111,9211,2002,0.0,167607.0,-1.096371,-0.9566709999999999,ETH,ITA,847790
4059511,74,111,9211,2002,115192.0,1368816.0,2.0234240000000003,0.979141,FIN,ITA,847790
4059512,75,111,9211,2002,0.0,2831.0,-0.588136,-0.242883,FJI,ITA,847790
4059513,77,111,9211,2002,23323022.0,33996328.0,1.569367,0.9886360000000001,FRA,ITA,847790
4059514,80,111,9211,2002,0.0,10902.0,-0.830094,-1.149233,GAB,ITA,847790
4059515,81,111,9211,2002,2810308.0,14531489.0,1.893177,0.831382,GBR,ITA,847790
4059516,82,111,9211,2002,0.0,53311.0,0.662382,-0.124825,GEO,ITA,847790
4059517,83,111,9211,2002,0.0,182134.0,-1.333425,-1.0709879999999998,GHA,ITA,847790
4059518,84,111,9211,2002,0.0,3776.0,0.814919,-0.205996,GIB,ITA,847790
4059519,85,111,9211,2002,0.0,47088.0,-1.85329,-1.243105,GIN,ITA,847790
4059520,88,111,9211,2002,0.0,3251.0,-0.661416,-0.8644870000000001,GNB,ITA,847790
4059521,89,111,9211,2002,0.0,2091.0,-2.3567560000000003,-0.88686,GNQ,ITA,847790
4059522,90,111,9211,2002,658725.0,2576615.0,0.31858000000000003,1.47417,GRC,ITA,847790
4059523,93,111,9211,2002,0.0,549876.0,-0.548834,-0.034464999999999996,GTM,ITA,847790
4059524,97,111,9211,2002,44835.0,929034.0,0.5701109999999999,1.989357,HKG,ITA,847790
4059525,99,111,9211,2002,0.0,15166.0,-0.877043,-0.658185,HND,ITA,847790
4059526,100,111,9211,2002,43909.0,370255.0,0.591276,1.030723,HRV,ITA,847790
4059527,101,111,9211,2002,0.0,27658.0,-1.220251,-0.8176859999999999,HTI,ITA,847790
4059528,102,111,9211,2002,494136.0,1799505.0,1.179684,1.0574860000000001,HUN,ITA,847790
4059529,103,111,9211,2002,4532.0,493016.0,-0.10020499999999999,1.590314,IDN,ITA,847790
4059530,104,111,9211,2002,54972.0,6925790.0,0.380867,2.608955,IND,ITA,847790
4059531,106,111,9211,2002,18966.0,1643772.0,1.7232880000000002,0.091172,IRL,ITA,847790
4059532,107,111,9211,2002,20553.0,2018737.0,-0.5707840000000001,-0.705612,IRN,ITA,847790
4059533,109,111,9211,2002,0.0,9797.0,0.23601999999999998,-0.34781,ISL,ITA,847790
4059534,110,111,9211,2002,188046.0,1290970.0,1.334174,0.654331,ISR,ITA,847790
4059535,112,111,9211,2002,0.0,19175.0,-0.604813,-0.9309860000000001,JAM,ITA,847790
4059536,113,111,9211,2002,13024.0,208374.0,0.24197600000000002,0.196635,JOR,ITA,847790
4059537,114,111,9211,2002,1006687.0,3377788.0,2.556057,0.497673,JPN,ITA,847790
4059538,115,111,9211,2002,1826.0,20409.0,-0.065332,-0.616159,KAZ,ITA,847790
4059539,116,111,9211,2002,0.0,139304.0,-0.555812,0.169204,KEN,ITA,847790
4059540,117,111,9211,2002,816.0,5344.0,0.081807,0.16872,KGZ,ITA,847790
4059541,121,111,9211,2002,59598.0,1968867.0,1.186816,1.075947,KOR,ITA,847790
4059542,122,111,9211,2002,8067.0,142644.0,-0.6629550000000001,-1.157214,KWT,ITA,847790
4059543,124,111,9211,2002,2365.0,187502.0,0.2729,1.254232,LBN,ITA,847790
4059544,126,111,9211,2002,8223.0,1308666.0,-0.568615,-1.172261,LBY,ITA,847790
4059545,128,111,9211,2002,0.0,39703.0,-0.740927,0.023171,LKA,ITA,847790
4059546,130,111,9211,2002,3868.0,1120667.0,0.23102399999999998,0.586078,LTU,ITA,847790
4059547,131,111,9211,2002,669918.0,597768.0,1.605378,1.152973,LUX,ITA,847790
4059548,132,111,9211,2002,2324.0,29891.0,0.45210200000000006,0.515388,LVA,ITA,847790
4059549,134,111,9211,2002,61881.0,1262279.0,-0.810467,-0.34807899999999997,MAR,ITA,847790
4059550,135,111,9211,2002,0.0,26332.0,-0.186001,-0.141598,MDA,ITA,847790
4059551,138,111,9211,2002,213033.0,7589408.0,0.942061,0.6311260000000001,MEX,ITA,847790
4059552,140,111,9211,2002,0.0,5663.0,-0.030274000000000002,0.359317,MKD,ITA,847790
4059553,141,111,9211,2002,0.0,24720.0,-0.8948520000000001,-0.863375,MLI,ITA,847790
4059554,142,111,9211,2002,1649.0,153357.0,1.12245,0.019001,MLT,ITA,847790
4059555,143,111,9211,2002,0.0,4258.0,-1.571568,-1.131512,MMR,ITA,847790
4059556,151,111,9211,2002,965.0,23270.0,-0.37937600000000005,-0.388848,MUS,ITA,847790
4059557,153,111,9211,2002,50345.0,832434.0,0.704957,0.243398,MYS,ITA,847790
4059558,156,111,9211,2002,0.0,171926.0,-0.292646,-0.823263,NCL,ITA,847790
4059559,159,111,9211,2002,4297.0,905366.0,-1.8315700000000001,-1.25171,NGA,ITA,847790
4059560,162,111,9211,2002,3427244.0,2887778.0,1.206176,1.7136360000000002,NLD,ITA,847790
4059561,163,111,9211,2002,76377.0,283486.0,1.110882,0.17164100000000002,NOR,ITA,847790
4059562,166,111,9211,2002,17189.0,372115.0,0.542585,0.854243,NZL,ITA,847790
4059563,167,111,9211,2002,2084.0,21410.0,-1.238769,-1.225841,OMN,ITA,847790
4059564,168,111,9211,2002,0.0,229149.0,-0.877655,-0.322094,PAK,ITA,847790
4059565,169,111,9211,2002,0.0,17087.0,0.134759,0.234258,PAN,ITA,847790
4059566,173,111,9211,2002,72052.0,1156218.0,-0.6126199999999999,0.085944,PER,ITA,847790
4059567,174,111,9211,2002,0.0,184437.0,0.055439999999999996,-0.179809,PHL,ITA,847790
4059568,177,111,9211,2002,127438.0,3386358.0,0.931642,1.721727,POL,ITA,847790
4059569,179,111,9211,2002,219379.0,4407254.0,0.484407,1.6500080000000001,PRT,ITA,847790
4059570,180,111,9211,2002,0.0,20827.0,-0.614282,-0.963832,PRY,ITA,847790
4059571,181,111,9211,2002,0.0,16630.0,0.394636,-0.286194,PSE,ITA,847790
4059572,182,111,9211,2002,0.0,7890.0,0.042936,-0.7421840000000001,PYF,ITA,847790
4059573,183,111,9211,2002,520.0,34973.0,-0.306052,-1.098296,QAT,ITA,847790
4059574,185,111,9211,2002,540648.0,1772421.0,0.29888200000000004,0.980376,ROU,ITA,847790
4059575,186,111,9211,2002,23317.0,7433100.0,1.109397,0.424229,RUS,ITA,847790
4059576,188,111,9211,2002,38366.0,2141498.0,0.082107,-0.843317,SAU,ITA,847790
4059577,189,111,9211,2002,325075.0,592615.0,0.55781,2.135925,SCG,ITA,847790
4059578,190,111,9211,2002,3727.0,61321.0,-1.499925,-1.228374,SDN,ITA,847790
4059579,191,111,9211,2002,0.0,196207.0,-0.43679700000000005,-0.484176,SEN,ITA,847790
4059580,192,111,9211,2002,35642.0,1488390.0,1.481857,0.648889,SGP,ITA,847790
4059581,197,111,9211,2002,0.0,48245.0,-0.280138,-0.099225,SLV,ITA,847790
4059582,199,111,9211,2002,0.0,2090.0,-0.055408000000000006,-0.5247470000000001,SOM,ITA,847790
4059583,205,111,9211,2002,0.0,11112.0,-0.9120030000000001,-0.8871020000000001,SUR,ITA,847790
4059584,206,111,9211,2002,478008.0,1394103.0,1.1907379999999999,1.050649,SVK,ITA,847790
4059585,207,111,9211,2002,350354.0,701853.0,1.5643770000000001,1.043862,SVN,ITA,847790
4059586,208,111,9211,2002,424517.0,3587000.0,2.128614,0.7891199999999999,SWE,ITA,847790
4059587,211,111,9211,2002,0.0,1065.0,-0.977247,-0.927527,SYC,ITA,847790
4059588,212,111,9211,2002,1082.0,109275.0,-1.067974,-0.513309,SYR,ITA,847790
4059589,214,111,9211,2002,0.0,7839.0,0.160853,-0.672233,TCD,ITA,847790
4059590,215,111,9211,2002,0.0,3888.0,-0.6810039999999999,-0.6286930000000001,TGO,ITA,847790
4059591,216,111,9211,2002,93670.0,778709.0,0.432041,1.627953,THA,ITA,847790
4059592,222,111,9211,2002,1199.0,147134.0,0.074907,-0.8203879999999999,TTO,ITA,847790
4059593,223,111,9211,2002,57012.0,1677610.0,-0.221951,0.325506,TUN,ITA,847790
4059594,224,111,9211,2002,244596.0,4604724.0,0.11263699999999999,1.83925,TUR,ITA,847790
4059595,226,111,9211,2002,0.0,46361.0,-1.189463,-0.48640600000000006,TZA,ITA,847790
4059596,227,111,9211,2002,0.0,1509.0,-1.038337,-0.896425,UGA,ITA,847790
4059597,228,111,9211,2002,11490.0,1644075.0,0.835485,0.872135,UKR,ITA,847790
4059598,230,111,9211,2002,1425.0,60426.0,0.300502,0.16817000000000001,URY,ITA,847790
4059599,231,111,9211,2002,5605988.0,17061510.0,1.821594,0.231296,USA,ITA,847790
4059600,232,111,9211,2002,0.0,27805.0,-0.379765,-0.5965159999999999,UZB,ITA,847790
4059601,236,111,9211,2002,42676.0,1593423.0,0.211536,-0.715675,VEN,ITA,847790
4059602,239,111,9211,2002,11548.0,266278.0,-0.589665,0.799874,VNM,ITA,847790
4059603,243,111,9211,2002,0.0,455674.0,-1.233006,-1.22101,YEM,ITA,847790
4059604,246,111,9211,2002,173443.0,1146710.0,0.395943,2.392458,ZAF,ITA,847790
4059605,247,111,9211,2002,0.0,19107.0,-0.654686,-0.545346,ZMB,ITA,847790
4059606,248,111,9211,2002,0.0,45920.0,-0.309483,0.271457,ZWE,ITA,847790
4059607,249,111,9211,2002,425116.0,1055853.0,1.683858,1.333601,TWN,ITA,847790
4059608,250,111,9211,2002,0.0,923493.0,0.734927,-0.40114099999999997,ANS,ITA,847790
4059609,15,112,9211,2002,1032.0,0.0,1.8651200000000001,0.48423900000000003,AUT,JAM,847790
4059610,39,112,9211,2002,7137.0,0.0,0.9963280000000001,1.1922110000000001,CAN,JAM,847790
4059611,49,112,9211,2002,2126.0,0.0,0.345094,0.37787800000000005,COL,JAM,847790
4059612,61,112,9211,2002,1142.0,0.0,2.297691,-2.183239,DEU,JAM,847790
4059613,77,112,9211,2002,56734.0,0.0,1.569367,0.9886360000000001,FRA,JAM,847790
4059614,81,112,9211,2002,15757.0,0.0,1.893177,0.831382,GBR,JAM,847790
4059615,97,112,9211,2002,8519.0,0.0,0.5701109999999999,1.989357,HKG,JAM,847790
4059616,106,112,9211,2002,1496.0,0.0,1.7232880000000002,0.091172,IRL,JAM,847790
4059617,111,112,9211,2002,19175.0,0.0,1.377604,1.2470510000000001,ITA,JAM,847790
4059618,222,112,9211,2002,1028.0,0.0,0.074907,-0.8203879999999999,TTO,JAM,847790
4059619,231,112,9211,2002,350956.0,0.0,1.821594,0.231296,USA,JAM,847790
4059620,249,112,9211,2002,20480.0,0.0,1.683858,1.333601,TWN,JAM,847790
4059621,7,114,9211,2002,0.0,435200.0,0.044683,-0.247191,ARE,JPN,847790
4059622,8,114,9211,2002,11766.0,36958.0,0.284536,0.517425,ARG,JPN,847790
4059623,14,114,9211,2002,73744.0,1219116.0,0.231386,0.771628,AUS,JPN,847790
4059624,15,114,9211,2002,2031234.0,536200.0,1.8651200000000001,0.48423900000000003,AUT,JPN,847790
4059625,18,114,9211,2002,162104.0,1086476.0,1.4097469999999999,1.440169,BEL,JPN,847790
4059626,22,114,9211,2002,34980.0,21760.0,-1.134933,-1.061633,BGD,JPN,847790
4059627,23,114,9211,2002,0.0,5085.0,0.37451100000000004,1.573517,BGR,JPN,847790
4059628,24,114,9211,2002,7689.0,0.0,-0.146585,-1.006558,BHR,JPN,847790
4059629,28,114,9211,2002,0.0,469.0,0.825865,1.0148979999999999,BLR,JPN,847790
4059630,31,114,9211,2002,0.0,8285.0,-0.885342,-0.819517,BOL,JPN,847790
4059631,32,114,9211,2002,2548.0,945026.0,0.677883,1.0227190000000002,BRA,JPN,847790
4059632,33,114,9211,2002,0.0,1364.0,0.762217,0.004367,BRB,JPN,847790
4059633,34,114,9211,2002,0.0,5405.0,-1.7894169999999998,-1.034672,BRN,JPN,847790
4059634,39,114,9211,2002,5845143.0,2916770.0,0.9963280000000001,1.1922110000000001,CAN,JPN,847790
4059635,41,114,9211,2002,1384414.0,77977.0,2.218095,0.620946,CHE,JPN,847790
4059636,42,114,9211,2002,0.0,68299.0,-0.035264,-0.101796,CHL,JPN,847790
4059637,43,114,9211,2002,13783049.0,23382592.0,0.576746,2.7995520000000003,CHN,JPN,847790
4059638,44,114,9211,2002,0.0,3727.0,-0.816327,-0.711765,CIV,JPN,847790
4059639,45,114,9211,2002,0.0,1662.0,-1.114477,-1.0516510000000001,CMR,JPN,847790
4059640,49,114,9211,2002,0.0,91491.0,0.345094,0.37787800000000005,COL,JPN,847790
4059641,52,114,9211,2002,0.0,9363.0,0.03619,-0.187718,CRI,JPN,847790
4059642,59,114,9211,2002,15221.0,109815.0,1.550713,1.037066,CZE,JPN,847790
4059643,61,114,9211,2002,16686980.0,2898398.0,2.297691,-2.183239,DEU,JPN,847790
4059644,64,114,9211,2002,19411.0,97741.0,1.26594,1.225186,DNK,JPN,847790
4059645,65,114,9211,2002,0.0,69373.0,-0.46284899999999995,-0.39210100000000003,DOM,JPN,847790
4059646,67,114,9211,2002,0.0,57337.0,-0.976218,-0.926393,ECU,JPN,847790
4059647,68,114,9211,2002,114708.0,26225.0,-0.377127,0.549439,EGY,JPN,847790
4059648,71,114,9211,2002,2044.0,930244.0,1.012246,2.049594,ESP,JPN,847790
4059649,74,114,9211,2002,5700.0,359324.0,2.0234240000000003,0.979141,FIN,JPN,847790
4059650,75,114,9211,2002,0.0,3136.0,-0.588136,-0.242883,FJI,JPN,847790
4059651,77,114,9211,2002,4525076.0,1427306.0,1.569367,0.9886360000000001,FRA,JPN,847790
4059652,81,114,9211,2002,554407.0,2068585.0,1.893177,0.831382,GBR,JPN,847790
4059653,82,114,9211,2002,6967.0,0.0,0.662382,-0.124825,GEO,JPN,847790
4059654,90,114,9211,2002,0.0,33431.0,0.31858000000000003,1.47417,GRC,JPN,847790
4059655,93,114,9211,2002,0.0,4923.0,-0.548834,-0.034464999999999996,GTM,JPN,847790
4059656,97,114,9211,2002,256611.0,12289384.0,0.5701109999999999,1.989357,HKG,JPN,847790
4059657,100,114,9211,2002,0.0,247.0,0.591276,1.030723,HRV,JPN,847790
4059658,102,114,9211,2002,26574.0,162953.0,1.179684,1.0574860000000001,HUN,JPN,847790
4059659,103,114,9211,2002,422010.0,6256182.0,-0.10020499999999999,1.590314,IDN,JPN,847790
4059660,104,114,9211,2002,1555322.0,2313962.0,0.380867,2.608955,IND,JPN,847790
4059661,106,114,9211,2002,39898.0,96048.0,1.7232880000000002,0.091172,IRL,JPN,847790
4059662,107,114,9211,2002,0.0,1529971.0,-0.5707840000000001,-0.705612,IRN,JPN,847790
4059663,110,114,9211,2002,5729.0,146710.0,1.334174,0.654331,ISR,JPN,847790
4059664,111,114,9211,2002,3377788.0,1006687.0,1.377604,1.2470510000000001,ITA,JPN,847790
4059665,115,114,9211,2002,0.0,2995.0,-0.065332,-0.616159,KAZ,JPN,847790
4059666,116,114,9211,2002,0.0,29019.0,-0.555812,0.169204,KEN,JPN,847790
4059667,121,114,9211,2002,7531294.0,8128422.0,1.186816,1.075947,KOR,JPN,847790
4059668,122,114,9211,2002,15208.0,122924.0,-0.6629550000000001,-1.157214,KWT,JPN,847790
4059669,124,114,9211,2002,0.0,15787.0,0.2729,1.254232,LBN,JPN,847790
4059670,128,114,9211,2002,0.0,11085.0,-0.740927,0.023171,LKA,JPN,847790
4059671,130,114,9211,2002,0.0,3342.0,0.23102399999999998,0.586078,LTU,JPN,847790
4059672,131,114,9211,2002,4220.0,12843.0,1.605378,1.152973,LUX,JPN,847790
4059673,133,114,9211,2002,0.0,3327.0,-0.360172,-0.359367,MAC,JPN,847790
4059674,134,114,9211,2002,0.0,2867.0,-0.810467,-0.34807899999999997,MAR,JPN,847790
4059675,135,114,9211,2002,0.0,194.0,-0.186001,-0.141598,MDA,JPN,847790
4059676,138,114,9211,2002,2114.0,2160201.0,0.942061,0.6311260000000001,MEX,JPN,847790
4059677,142,114,9211,2002,0.0,2203.0,1.12245,0.019001,MLT,JPN,847790
4059678,143,114,9211,2002,0.0,5598.0,-1.571568,-1.131512,MMR,JPN,847790
4059679,153,114,9211,2002,502778.0,6918996.0,0.704957,0.243398,MYS,JPN,847790
4059680,155,114,9211,2002,0.0,2010.0,-0.314161,-0.521778,NAM,JPN,847790
4059681,159,114,9211,2002,0.0,11278.0,-1.8315700000000001,-1.25171,NGA,JPN,847790
4059682,162,114,9211,2002,1217760.0,2160970.0,1.206176,1.7136360000000002,NLD,JPN,847790
4059683,163,114,9211,2002,6339.0,3801.0,1.110882,0.17164100000000002,NOR,JPN,847790
4059684,164,114,9211,2002,0.0,3655.0,-0.216428,0.44377700000000003,NPL,JPN,847790
4059685,166,114,9211,2002,33654.0,115400.0,0.542585,0.854243,NZL,JPN,847790
4059686,167,114,9211,2002,0.0,2523.0,-1.238769,-1.225841,OMN,JPN,847790
4059687,168,114,9211,2002,0.0,179835.0,-0.877655,-0.322094,PAK,JPN,847790
4059688,169,114,9211,2002,0.0,1999.0,0.134759,0.234258,PAN,JPN,847790
4059689,173,114,9211,2002,0.0,28121.0,-0.6126199999999999,0.085944,PER,JPN,847790
4059690,174,114,9211,2002,1015255.0,4169724.0,0.055439999999999996,-0.179809,PHL,JPN,847790
4059691,177,114,9211,2002,3168.0,250725.0,0.931642,1.721727,POL,JPN,847790
4059692,178,114,9211,2002,0.0,4398.0,0.43756999999999996,0.744264,PRK,JPN,847790
4059693,179,114,9211,2002,0.0,102490.0,0.484407,1.6500080000000001,PRT,JPN,847790
4059694,180,114,9211,2002,0.0,1195.0,-0.614282,-0.963832,PRY,JPN,847790
4059695,183,114,9211,2002,0.0,3788.0,-0.306052,-1.098296,QAT,JPN,847790
4059696,185,114,9211,2002,0.0,2941.0,0.29888200000000004,0.980376,ROU,JPN,847790
4059697,186,114,9211,2002,0.0,138575.0,1.109397,0.424229,RUS,JPN,847790
4059698,188,114,9211,2002,0.0,3597961.0,0.082107,-0.843317,SAU,JPN,847790
4059699,189,114,9211,2002,0.0,8866.0,0.55781,2.135925,SCG,JPN,847790
4059700,192,114,9211,2002,360726.0,7805483.0,1.481857,0.648889,SGP,JPN,847790
4059701,197,114,9211,2002,0.0,48542.0,-0.280138,-0.099225,SLV,JPN,847790
4059702,206,114,9211,2002,4484.0,102702.0,1.1907379999999999,1.050649,SVK,JPN,847790
4059703,207,114,9211,2002,2259.0,6394.0,1.5643770000000001,1.043862,SVN,JPN,847790
4059704,208,114,9211,2002,411598.0,296410.0,2.128614,0.7891199999999999,SWE,JPN,847790
4059705,216,114,9211,2002,4541220.0,10970406.0,0.432041,1.627953,THA,JPN,847790
4059706,223,114,9211,2002,0.0,4910.0,-0.221951,0.325506,TUN,JPN,847790
4059707,224,114,9211,2002,0.0,246041.0,0.11263699999999999,1.83925,TUR,JPN,847790
4059708,226,114,9211,2002,0.0,49750.0,-1.189463,-0.48640600000000006,TZA,JPN,847790
4059709,228,114,9211,2002,0.0,7043.0,0.835485,0.872135,UKR,JPN,847790
4059710,231,114,9211,2002,16931512.0,52770504.0,1.821594,0.231296,USA,JPN,847790
4059711,236,114,9211,2002,0.0,243345.0,0.211536,-0.715675,VEN,JPN,847790
4059712,239,114,9211,2002,591651.0,881064.0,-0.589665,0.799874,VNM,JPN,847790
4059713,246,114,9211,2002,7777.0,345032.0,0.395943,2.392458,ZAF,JPN,847790
4059714,249,114,9211,2002,2441266.0,11515693.0,1.683858,1.333601,TWN,JPN,847790
4059715,7,121,9211,2002,0.0,2629.0,0.044683,-0.247191,ARE,KOR,847790
4059716,8,121,9211,2002,1176.0,6843.0,0.284536,0.517425,ARG,KOR,847790
4059717,14,121,9211,2002,20928.0,103068.0,0.231386,0.771628,AUS,KOR,847790
4059718,15,121,9211,2002,2328690.0,13658.0,1.8651200000000001,0.48423900000000003,AUT,KOR,847790
4059719,18,121,9211,2002,7005.0,3249.0,1.4097469999999999,1.440169,BEL,KOR,847790
4059720,22,121,9211,2002,0.0,67555.0,-1.134933,-1.061633,BGD,KOR,847790
4059721,31,121,9211,2002,0.0,15135.0,-0.885342,-0.819517,BOL,KOR,847790
4059722,32,121,9211,2002,0.0,139652.0,0.677883,1.0227190000000002,BRA,KOR,847790
4059723,39,121,9211,2002,566171.0,51313.0,0.9963280000000001,1.1922110000000001,CAN,KOR,847790
4059724,41,121,9211,2002,266760.0,1559.0,2.218095,0.620946,CHE,KOR,847790
4059725,42,121,9211,2002,0.0,45408.0,-0.035264,-0.101796,CHL,KOR,847790
4059726,43,121,9211,2002,485269.0,4253104.0,0.576746,2.7995520000000003,CHN,KOR,847790
4059727,44,121,9211,2002,0.0,2160.0,-0.816327,-0.711765,CIV,KOR,847790
4059728,45,121,9211,2002,0.0,11902.0,-1.114477,-1.0516510000000001,CMR,KOR,847790
4059729,47,121,9211,2002,0.0,10406.0,-1.62227,-1.202067,COG,KOR,847790
4059730,49,121,9211,2002,0.0,22829.0,0.345094,0.37787800000000005,COL,KOR,847790
4059731,52,121,9211,2002,0.0,11396.0,0.03619,-0.187718,CRI,KOR,847790
4059732,54,121,9211,2002,0.0,1940.0,-0.479213,-0.951203,CUB,KOR,847790
4059733,59,121,9211,2002,0.0,30710.0,1.550713,1.037066,CZE,KOR,847790
4059734,61,121,9211,2002,9289341.0,1148164.0,2.297691,-2.183239,DEU,KOR,847790
4059735,64,121,9211,2002,38061.0,9030.0,1.26594,1.225186,DNK,KOR,847790
4059736,65,121,9211,2002,0.0,15178.0,-0.46284899999999995,-0.39210100000000003,DOM,KOR,847790
4059737,68,121,9211,2002,0.0,30934.0,-0.377127,0.549439,EGY,KOR,847790
4059738,71,121,9211,2002,5403.0,9168.0,1.012246,2.049594,ESP,KOR,847790
4059739,73,121,9211,2002,0.0,14771.0,-1.096371,-0.9566709999999999,ETH,KOR,847790
4059740,74,121,9211,2002,6978.0,31130.0,2.0234240000000003,0.979141,FIN,KOR,847790
4059741,77,121,9211,2002,459759.0,9091.0,1.569367,0.9886360000000001,FRA,KOR,847790
4059742,81,121,9211,2002,102744.0,1178660.0,1.893177,0.831382,GBR,KOR,847790
4059743,82,121,9211,2002,34077.0,0.0,0.662382,-0.124825,GEO,KOR,847790
4059744,83,121,9211,2002,0.0,13753.0,-1.333425,-1.0709879999999998,GHA,KOR,847790
4059745,90,121,9211,2002,0.0,19915.0,0.31858000000000003,1.47417,GRC,KOR,847790
4059746,93,121,9211,2002,0.0,22824.0,-0.548834,-0.034464999999999996,GTM,KOR,847790
4059747,97,121,9211,2002,479784.0,1338196.0,0.5701109999999999,1.989357,HKG,KOR,847790
4059748,102,121,9211,2002,11978.0,58674.0,1.179684,1.0574860000000001,HUN,KOR,847790
4059749,103,121,9211,2002,22762.0,3591279.0,-0.10020499999999999,1.590314,IDN,KOR,847790
4059750,104,121,9211,2002,11499.0,165768.0,0.380867,2.608955,IND,KOR,847790
4059751,106,121,9211,2002,16541.0,10509.0,1.7232880000000002,0.091172,IRL,KOR,847790
4059752,107,121,9211,2002,8258.0,1156060.0,-0.5707840000000001,-0.705612,IRN,KOR,847790
4059753,110,121,9211,2002,24019.0,17117.0,1.334174,0.654331,ISR,KOR,847790
4059754,111,121,9211,2002,1968867.0,59598.0,1.377604,1.2470510000000001,ITA,KOR,847790
4059755,114,121,9211,2002,8128422.0,7531294.0,2.556057,0.497673,JPN,KOR,847790
4059756,115,121,9211,2002,8348.0,0.0,-0.065332,-0.616159,KAZ,KOR,847790
4059757,116,121,9211,2002,0.0,6836.0,-0.555812,0.169204,KEN,KOR,847790
4059758,124,121,9211,2002,0.0,1218.0,0.2729,1.254232,LBN,KOR,847790
4059759,128,121,9211,2002,0.0,11736.0,-0.740927,0.023171,LKA,KOR,847790
4059760,130,121,9211,2002,0.0,74621.0,0.23102399999999998,0.586078,LTU,KOR,847790
4059761,131,121,9211,2002,5637.0,0.0,1.605378,1.152973,LUX,KOR,847790
4059762,134,121,9211,2002,0.0,9035.0,-0.810467,-0.34807899999999997,MAR,KOR,847790
4059763,138,121,9211,2002,2396.0,1312009.0,0.942061,0.6311260000000001,MEX,KOR,847790
4059764,151,121,9211,2002,0.0,1260.0,-0.37937600000000005,-0.388848,MUS,KOR,847790
4059765,153,121,9211,2002,30676.0,219367.0,0.704957,0.243398,MYS,KOR,847790
4059766,159,121,9211,2002,0.0,15044.0,-1.8315700000000001,-1.25171,NGA,KOR,847790
4059767,162,121,9211,2002,333731.0,222100.0,1.206176,1.7136360000000002,NLD,KOR,847790
4059768,163,121,9211,2002,2868.0,103727.0,1.110882,0.17164100000000002,NOR,KOR,847790
4059769,166,121,9211,2002,0.0,6937.0,0.542585,0.854243,NZL,KOR,847790
4059770,168,121,9211,2002,0.0,15921.0,-0.877655,-0.322094,PAK,KOR,847790
4059771,173,121,9211,2002,0.0,1492.0,-0.6126199999999999,0.085944,PER,KOR,847790
4059772,174,121,9211,2002,31181.0,253875.0,0.055439999999999996,-0.179809,PHL,KOR,847790
4059773,177,121,9211,2002,81448.0,54882.0,0.931642,1.721727,POL,KOR,847790
4059774,179,121,9211,2002,0.0,13585.0,0.484407,1.6500080000000001,PRT,KOR,847790
4059775,185,121,9211,2002,0.0,12278.0,0.29888200000000004,0.980376,ROU,KOR,847790
4059776,186,121,9211,2002,0.0,1525473.0,1.109397,0.424229,RUS,KOR,847790
4059777,188,121,9211,2002,1467.0,158584.0,0.082107,-0.843317,SAU,KOR,847790
4059778,189,121,9211,2002,0.0,19167.0,0.55781,2.135925,SCG,KOR,847790
4059779,190,121,9211,2002,0.0,34632.0,-1.499925,-1.228374,SDN,KOR,847790
4059780,192,121,9211,2002,128106.0,142918.0,1.481857,0.648889,SGP,KOR,847790
4059781,206,121,9211,2002,0.0,780.0,1.1907379999999999,1.050649,SVK,KOR,847790
4059782,207,121,9211,2002,5190.0,0.0,1.5643770000000001,1.043862,SVN,KOR,847790
4059783,208,121,9211,2002,39683.0,64625.0,2.128614,0.7891199999999999,SWE,KOR,847790
4059784,212,121,9211,2002,0.0,11402.0,-1.067974,-0.513309,SYR,KOR,847790
4059785,216,121,9211,2002,1859.0,855972.0,0.432041,1.627953,THA,KOR,847790
4059786,223,121,9211,2002,0.0,1786.0,-0.221951,0.325506,TUN,KOR,847790
4059787,224,121,9211,2002,0.0,32233.0,0.11263699999999999,1.83925,TUR,KOR,847790
4059788,226,121,9211,2002,0.0,6683.0,-1.189463,-0.48640600000000006,TZA,KOR,847790
4059789,227,121,9211,2002,0.0,1033.0,-1.038337,-0.896425,UGA,KOR,847790
4059790,228,121,9211,2002,0.0,101492.0,0.835485,0.872135,UKR,KOR,847790
4059791,231,121,9211,2002,3159826.0,1934102.0,1.821594,0.231296,USA,KOR,847790
4059792,232,121,9211,2002,0.0,3004.0,-0.379765,-0.5965159999999999,UZB,KOR,847790
4059793,236,121,9211,2002,0.0,103506.0,0.211536,-0.715675,VEN,KOR,847790
4059794,239,121,9211,2002,3944.0,948264.0,-0.589665,0.799874,VNM,KOR,847790
4059795,246,121,9211,2002,0.0,27969.0,0.395943,2.392458,ZAF,KOR,847790
4059796,249,121,9211,2002,1282194.0,154879.0,1.683858,1.333601,TWN,KOR,847790
4059797,14,128,9211,2002,1238.0,0.0,0.231386,0.771628,AUS,LKA,847790
4059798,15,128,9211,2002,27730.0,0.0,1.8651200000000001,0.48423900000000003,AUT,LKA,847790
4059799,18,128,9211,2002,1208649.0,0.0,1.4097469999999999,1.440169,BEL,LKA,847790
4059800,41,128,9211,2002,9090.0,0.0,2.218095,0.620946,CHE,LKA,847790
4059801,43,128,9211,2002,32792.0,0.0,0.576746,2.7995520000000003,CHN,LKA,847790
4059802,61,128,9211,2002,160528.0,172984.0,2.297691,-2.183239,DEU,LKA,847790
4059803,64,128,9211,2002,1021.0,0.0,1.26594,1.225186,DNK,LKA,847790
4059804,77,128,9211,2002,1523.0,0.0,1.569367,0.9886360000000001,FRA,LKA,847790
4059805,81,128,9211,2002,142350.0,956.0,1.893177,0.831382,GBR,LKA,847790
4059806,97,128,9211,2002,35649.0,1908.0,0.5701109999999999,1.989357,HKG,LKA,847790
4059807,104,128,9211,2002,322387.0,0.0,0.380867,2.608955,IND,LKA,847790
4059808,111,128,9211,2002,39703.0,0.0,1.377604,1.2470510000000001,ITA,LKA,847790
4059809,114,128,9211,2002,11085.0,0.0,2.556057,0.497673,JPN,LKA,847790
4059810,121,128,9211,2002,11736.0,0.0,1.186816,1.075947,KOR,LKA,847790
4059811,137,128,9211,2002,8769.0,0.0,-1.3007440000000001,-1.0420120000000002,MDV,LKA,847790
4059812,153,128,9211,2002,411570.0,19451.0,0.704957,0.243398,MYS,LKA,847790
4059813,162,128,9211,2002,2023.0,0.0,1.206176,1.7136360000000002,NLD,LKA,847790
4059814,168,128,9211,2002,4265.0,0.0,-0.877655,-0.322094,PAK,LKA,847790
4059815,192,128,9211,2002,141349.0,39497.0,1.481857,0.648889,SGP,LKA,847790
4059816,208,128,9211,2002,1576482.0,0.0,2.128614,0.7891199999999999,SWE,LKA,847790
4059817,216,128,9211,2002,21287.0,0.0,0.432041,1.627953,THA,LKA,847790
4059818,228,128,9211,2002,1964.0,0.0,0.835485,0.872135,UKR,LKA,847790
4059819,231,128,9211,2002,106637.0,0.0,1.821594,0.231296,USA,LKA,847790
4059820,249,128,9211,2002,160674.0,3887.0,1.683858,1.333601,TWN,LKA,847790
4059821,8,138,9211,2002,57251.0,7574.0,0.284536,0.517425,ARG,MEX,847790
4059822,14,138,9211,2002,43338.0,0.0,0.231386,0.771628,AUS,MEX,847790
4059823,15,138,9211,2002,1051798.0,8725.0,1.8651200000000001,0.48423900000000003,AUT,MEX,847790
4059824,18,138,9211,2002,112571.0,0.0,1.4097469999999999,1.440169,BEL,MEX,847790
4059825,31,138,9211,2002,0.0,17673.0,-0.885342,-0.819517,BOL,MEX,847790
4059826,32,138,9211,2002,160616.0,4723.0,0.677883,1.0227190000000002,BRA,MEX,847790
4059827,39,138,9211,2002,2091941.0,364807.0,0.9963280000000001,1.1922110000000001,CAN,MEX,847790
4059828,41,138,9211,2002,2698680.0,94659.0,2.218095,0.620946,CHE,MEX,847790
4059829,42,138,9211,2002,16021.0,24662.0,-0.035264,-0.101796,CHL,MEX,847790
4059830,43,138,9211,2002,36472.0,23139.0,0.576746,2.7995520000000003,CHN,MEX,847790
4059831,49,138,9211,2002,82984.0,36608.0,0.345094,0.37787800000000005,COL,MEX,847790
4059832,52,138,9211,2002,250122.0,192337.0,0.03619,-0.187718,CRI,MEX,847790
4059833,54,138,9211,2002,2815.0,70407.0,-0.479213,-0.951203,CUB,MEX,847790
4059834,59,138,9211,2002,29351.0,0.0,1.550713,1.037066,CZE,MEX,847790
4059835,61,138,9211,2002,10791821.0,194331.0,2.297691,-2.183239,DEU,MEX,847790
4059836,64,138,9211,2002,41557.0,0.0,1.26594,1.225186,DNK,MEX,847790
4059837,65,138,9211,2002,0.0,71037.0,-0.46284899999999995,-0.39210100000000003,DOM,MEX,847790
4059838,67,138,9211,2002,0.0,1723.0,-0.976218,-0.926393,ECU,MEX,847790
4059839,71,138,9211,2002,594360.0,22392.0,1.012246,2.049594,ESP,MEX,847790
4059840,74,138,9211,2002,79735.0,0.0,2.0234240000000003,0.979141,FIN,MEX,847790
4059841,77,138,9211,2002,7330946.0,48117.0,1.569367,0.9886360000000001,FRA,MEX,847790
4059842,81,138,9211,2002,227120.0,12826.0,1.893177,0.831382,GBR,MEX,847790
4059843,93,138,9211,2002,2160.0,83995.0,-0.548834,-0.034464999999999996,GTM,MEX,847790
4059844,97,138,9211,2002,32687.0,0.0,0.5701109999999999,1.989357,HKG,MEX,847790
4059845,99,138,9211,2002,0.0,74337.0,-0.877043,-0.658185,HND,MEX,847790
4059846,102,138,9211,2002,52777.0,1814.0,1.179684,1.0574860000000001,HUN,MEX,847790
4059847,103,138,9211,2002,0.0,15776.0,-0.10020499999999999,1.590314,IDN,MEX,847790
4059848,104,138,9211,2002,49970.0,3446.0,0.380867,2.608955,IND,MEX,847790
4059849,106,138,9211,2002,12519.0,0.0,1.7232880000000002,0.091172,IRL,MEX,847790
4059850,110,138,9211,2002,12382.0,0.0,1.334174,0.654331,ISR,MEX,847790
4059851,111,138,9211,2002,7589408.0,213033.0,1.377604,1.2470510000000001,ITA,MEX,847790
4059852,114,138,9211,2002,2160201.0,2114.0,2.556057,0.497673,JPN,MEX,847790
4059853,121,138,9211,2002,1312009.0,2396.0,1.186816,1.075947,KOR,MEX,847790
4059854,130,138,9211,2002,3123.0,0.0,0.23102399999999998,0.586078,LTU,MEX,847790
4059855,131,138,9211,2002,56558.0,0.0,1.605378,1.152973,LUX,MEX,847790
4059856,142,138,9211,2002,1911.0,0.0,1.12245,0.019001,MLT,MEX,847790
4059857,153,138,9211,2002,33615.0,58092.0,0.704957,0.243398,MYS,MEX,847790
4059858,160,138,9211,2002,0.0,185147.0,-0.677398,-0.564472,NIC,MEX,847790
4059859,162,138,9211,2002,103081.0,33764.0,1.206176,1.7136360000000002,NLD,MEX,847790
4059860,166,138,9211,2002,10034.0,0.0,0.542585,0.854243,NZL,MEX,847790
4059861,169,138,9211,2002,1686.0,5627.0,0.134759,0.234258,PAN,MEX,847790
4059862,173,138,9211,2002,8350.0,6058.0,-0.6126199999999999,0.085944,PER,MEX,847790
4059863,174,138,9211,2002,0.0,13076.0,0.055439999999999996,-0.179809,PHL,MEX,847790
4059864,178,138,9211,2002,36925.0,0.0,0.43756999999999996,0.744264,PRK,MEX,847790
4059865,179,138,9211,2002,2665.0,0.0,0.484407,1.6500080000000001,PRT,MEX,847790
4059866,185,138,9211,2002,2494.0,0.0,0.29888200000000004,0.980376,ROU,MEX,847790
4059867,192,138,9211,2002,283262.0,6002.0,1.481857,0.648889,SGP,MEX,847790
4059868,197,138,9211,2002,8504.0,22522.0,-0.280138,-0.099225,SLV,MEX,847790
4059869,208,138,9211,2002,20684.0,828.0,2.128614,0.7891199999999999,SWE,MEX,847790
4059870,216,138,9211,2002,28722.0,0.0,0.432041,1.627953,THA,MEX,847790
4059871,224,138,9211,2002,6194.0,0.0,0.11263699999999999,1.83925,TUR,MEX,847790
4059872,230,138,9211,2002,0.0,4874.0,0.300502,0.16817000000000001,URY,MEX,847790
4059873,231,138,9211,2002,42606036.0,1542607.0,1.821594,0.231296,USA,MEX,847790
4059874,236,138,9211,2002,2113.0,24467.0,0.211536,-0.715675,VEN,MEX,847790
4059875,249,138,9211,2002,764349.0,20478.0,1.683858,1.333601,TWN,MEX,847790
4059876,250,138,9211,2002,106897.0,57500.0,0.734927,-0.40114099999999997,ANS,MEX,847790
4059877,14,142,9211,2002,1182.0,0.0,0.231386,0.771628,AUS,MLT,847790
4059878,15,142,9211,2002,28846.0,0.0,1.8651200000000001,0.48423900000000003,AUT,MLT,847790
4059879,18,142,9211,2002,12283.0,0.0,1.4097469999999999,1.440169,BEL,MLT,847790
4059880,32,142,9211,2002,39828.0,5937.0,0.677883,1.0227190000000002,BRA,MLT,847790
4059881,39,142,9211,2002,18227.0,0.0,0.9963280000000001,1.1922110000000001,CAN,MLT,847790
4059882,41,142,9211,2002,3408.0,0.0,2.218095,0.620946,CHE,MLT,847790
4059883,43,142,9211,2002,1896.0,0.0,0.576746,2.7995520000000003,CHN,MLT,847790
4059884,61,142,9211,2002,560225.0,15762.0,2.297691,-2.183239,DEU,MLT,847790
4059885,64,142,9211,2002,10862.0,0.0,1.26594,1.225186,DNK,MLT,847790
4059886,71,142,9211,2002,2656.0,0.0,1.012246,2.049594,ESP,MLT,847790
4059887,77,142,9211,2002,42411.0,0.0,1.569367,0.9886360000000001,FRA,MLT,847790
4059888,81,142,9211,2002,197457.0,0.0,1.893177,0.831382,GBR,MLT,847790
4059889,97,142,9211,2002,4304.0,0.0,0.5701109999999999,1.989357,HKG,MLT,847790
4059890,106,142,9211,2002,1263.0,0.0,1.7232880000000002,0.091172,IRL,MLT,847790
4059891,111,142,9211,2002,153357.0,1649.0,1.377604,1.2470510000000001,ITA,MLT,847790
4059892,114,142,9211,2002,2203.0,0.0,2.556057,0.497673,JPN,MLT,847790
4059893,138,142,9211,2002,0.0,1911.0,0.942061,0.6311260000000001,MEX,MLT,847790
4059894,162,142,9211,2002,1007279.0,13920.0,1.206176,1.7136360000000002,NLD,MLT,847790
4059895,179,142,9211,2002,5492.0,0.0,0.484407,1.6500080000000001,PRT,MLT,847790
4059896,192,142,9211,2002,4833.0,0.0,1.481857,0.648889,SGP,MLT,847790
4059897,231,142,9211,2002,16485.0,0.0,1.821594,0.231296,USA,MLT,847790
4059898,249,142,9211,2002,50307.0,0.0,1.683858,1.333601,TWN,MLT,847790
4059899,7,153,9211,2002,0.0,78839.0,0.044683,-0.247191,ARE,MYS,847790
4059900,14,153,9211,2002,173923.0,219679.0,0.231386,0.771628,AUS,MYS,847790
4059901,15,153,9211,2002,229666.0,11279.0,1.8651200000000001,0.48423900000000003,AUT,MYS,847790
4059902,18,153,9211,2002,13009.0,0.0,1.4097469999999999,1.440169,BEL,MYS,847790
4059903,22,153,9211,2002,0.0,15787.0,-1.134933,-1.061633,BGD,MYS,847790
4059904,32,153,9211,2002,18980.0,4119.0,0.677883,1.0227190000000002,BRA,MYS,847790
4059905,34,153,9211,2002,0.0,17674.0,-1.7894169999999998,-1.034672,BRN,MYS,847790
4059906,39,153,9211,2002,14656.0,50905.0,0.9963280000000001,1.1922110000000001,CAN,MYS,847790
4059907,41,153,9211,2002,282812.0,9829.0,2.218095,0.620946,CHE,MYS,847790
4059908,43,153,9211,2002,315600.0,580221.0,0.576746,2.7995520000000003,CHN,MYS,847790
4059909,44,153,9211,2002,0.0,106330.0,-0.816327,-0.711765,CIV,MYS,847790
4059910,45,153,9211,2002,0.0,7834.0,-1.114477,-1.0516510000000001,CMR,MYS,847790
4059911,49,153,9211,2002,0.0,4440.0,0.345094,0.37787800000000005,COL,MYS,847790
4059912,61,153,9211,2002,5876532.0,237086.0,2.297691,-2.183239,DEU,MYS,847790
4059913,64,153,9211,2002,27283.0,0.0,1.26594,1.225186,DNK,MYS,847790
4059914,71,153,9211,2002,5746.0,6577.0,1.012246,2.049594,ESP,MYS,847790
4059915,74,153,9211,2002,32701.0,0.0,2.0234240000000003,0.979141,FIN,MYS,847790
4059916,77,153,9211,2002,3991951.0,621249.0,1.569367,0.9886360000000001,FRA,MYS,847790
4059917,81,153,9211,2002,695314.0,36291.0,1.893177,0.831382,GBR,MYS,847790
4059918,85,153,9211,2002,0.0,1086.0,-1.85329,-1.243105,GIN,MYS,847790
4059919,93,153,9211,2002,0.0,7264.0,-0.548834,-0.034464999999999996,GTM,MYS,847790
4059920,97,153,9211,2002,294863.0,369408.0,0.5701109999999999,1.989357,HKG,MYS,847790
4059921,102,153,9211,2002,0.0,13043.0,1.179684,1.0574860000000001,HUN,MYS,847790
4059922,103,153,9211,2002,141285.0,731691.0,-0.10020499999999999,1.590314,IDN,MYS,847790
4059923,104,153,9211,2002,30975.0,57720.0,0.380867,2.608955,IND,MYS,847790
4059924,106,153,9211,2002,26815.0,9819.0,1.7232880000000002,0.091172,IRL,MYS,847790
4059925,107,153,9211,2002,0.0,120864.0,-0.5707840000000001,-0.705612,IRN,MYS,847790
4059926,111,153,9211,2002,832434.0,50345.0,1.377604,1.2470510000000001,ITA,MYS,847790
4059927,113,153,9211,2002,0.0,8647.0,0.24197600000000002,0.196635,JOR,MYS,847790
4059928,114,153,9211,2002,6918996.0,502778.0,2.556057,0.497673,JPN,MYS,847790
4059929,116,153,9211,2002,0.0,1148.0,-0.555812,0.169204,KEN,MYS,847790
4059930,121,153,9211,2002,219367.0,30676.0,1.186816,1.075947,KOR,MYS,847790
4059931,122,153,9211,2002,0.0,1796.0,-0.6629550000000001,-1.157214,KWT,MYS,847790
4059932,125,153,9211,2002,0.0,146460.0,-0.508416,-1.121658,LBR,MYS,847790
4059933,128,153,9211,2002,19451.0,411570.0,-0.740927,0.023171,LKA,MYS,847790
4059934,131,153,9211,2002,5789.0,0.0,1.605378,1.152973,LUX,MYS,847790
4059935,138,153,9211,2002,58092.0,33615.0,0.942061,0.6311260000000001,MEX,MYS,847790
4059936,143,153,9211,2002,0.0,4237.0,-1.571568,-1.131512,MMR,MYS,847790
4059937,151,153,9211,2002,0.0,3633.0,-0.37937600000000005,-0.388848,MUS,MYS,847790
4059938,152,153,9211,2002,0.0,3112.0,-1.441416,-1.214651,MWI,MYS,847790
4059939,162,153,9211,2002,2273702.0,380065.0,1.206176,1.7136360000000002,NLD,MYS,847790
4059940,166,153,9211,2002,53455.0,5193.0,0.542585,0.854243,NZL,MYS,847790
4059941,167,153,9211,2002,0.0,1057.0,-1.238769,-1.225841,OMN,MYS,847790
4059942,168,153,9211,2002,0.0,110598.0,-0.877655,-0.322094,PAK,MYS,847790
4059943,173,153,9211,2002,0.0,282445.0,-0.6126199999999999,0.085944,PER,MYS,847790
4059944,174,153,9211,2002,72960.0,203317.0,0.055439999999999996,-0.179809,PHL,MYS,847790
4059945,176,153,9211,2002,0.0,2825.0,-1.4572319999999999,-1.159399,PNG,MYS,847790
4059946,177,153,9211,2002,0.0,28141.0,0.931642,1.721727,POL,MYS,847790
4059947,179,153,9211,2002,0.0,1173.0,0.484407,1.6500080000000001,PRT,MYS,847790
4059948,181,153,9211,2002,0.0,3756.0,0.394636,-0.286194,PSE,MYS,847790
4059949,183,153,9211,2002,0.0,18353.0,-0.306052,-1.098296,QAT,MYS,847790
4059950,188,153,9211,2002,0.0,95966.0,0.082107,-0.843317,SAU,MYS,847790
4059951,192,153,9211,2002,5571913.0,1952420.0,1.481857,0.648889,SGP,MYS,847790
4059952,206,153,9211,2002,0.0,4084.0,1.1907379999999999,1.050649,SVK,MYS,847790
4059953,208,153,9211,2002,83539.0,0.0,2.128614,0.7891199999999999,SWE,MYS,847790
4059954,216,153,9211,2002,304913.0,2799409.0,0.432041,1.627953,THA,MYS,847790
4059955,224,153,9211,2002,0.0,14080.0,0.11263699999999999,1.83925,TUR,MYS,847790
4059956,231,153,9211,2002,3292203.0,170632.0,1.821594,0.231296,USA,MYS,847790
4059957,239,153,9211,2002,10684.0,92484.0,-0.589665,0.799874,VNM,MYS,847790
4059958,246,153,9211,2002,0.0,43560.0,0.395943,2.392458,ZAF,MYS,847790
4059959,249,153,9211,2002,1456059.0,242672.0,1.683858,1.333601,TWN,MYS,847790
4059960,250,153,9211,2002,59785.0,0.0,0.734927,-0.40114099999999997,ANS,MYS,847790
4059961,41,160,9211,2002,27157.0,0.0,2.218095,0.620946,CHE,NIC,847790
4059962,52,160,9211,2002,2135.0,0.0,0.03619,-0.187718,CRI,NIC,847790
4059963,61,160,9211,2002,1224.0,0.0,2.297691,-2.183239,DEU,NIC,847790
4059964,71,160,9211,2002,7061.0,0.0,1.012246,2.049594,ESP,NIC,847790
4059965,93,160,9211,2002,19076.0,0.0,-0.548834,-0.034464999999999996,GTM,NIC,847790
4059966,138,160,9211,2002,185147.0,0.0,0.942061,0.6311260000000001,MEX,NIC,847790
4059967,197,160,9211,2002,2071.0,0.0,-0.280138,-0.099225,SLV,NIC,847790
4059968,231,160,9211,2002,59987.0,0.0,1.821594,0.231296,USA,NIC,847790
4059969,249,160,9211,2002,802.0,0.0,1.683858,1.333601,TWN,NIC,847790
4059970,4,162,9211,2002,0.0,2613.0,-0.127828,-0.126857,ALB,NLD,847790
4059971,7,162,9211,2002,0.0,16043.0,0.044683,-0.247191,ARE,NLD,847790
4059972,8,162,9211,2002,0.0,14169.0,0.284536,0.517425,ARG,NLD,847790
4059973,14,162,9211,2002,37449.0,105393.0,0.231386,0.771628,AUS,NLD,847790
4059974,15,162,9211,2002,1471298.0,109945.0,1.8651200000000001,0.48423900000000003,AUT,NLD,847790
4059975,18,162,9211,2002,17066530.0,2980770.0,1.4097469999999999,1.440169,BEL,NLD,847790
4059976,23,162,9211,2002,9795.0,37059.0,0.37451100000000004,1.573517,BGR,NLD,847790
4059977,24,162,9211,2002,0.0,17821.0,-0.146585,-1.006558,BHR,NLD,847790
4059978,28,162,9211,2002,0.0,3437.0,0.825865,1.0148979999999999,BLR,NLD,847790
4059979,31,162,9211,2002,0.0,1305.0,-0.885342,-0.819517,BOL,NLD,847790
4059980,32,162,9211,2002,6848.0,173421.0,0.677883,1.0227190000000002,BRA,NLD,847790
4059981,39,162,9211,2002,296545.0,766457.0,0.9963280000000001,1.1922110000000001,CAN,NLD,847790
4059982,41,162,9211,2002,3263163.0,559247.0,2.218095,0.620946,CHE,NLD,847790
4059983,42,162,9211,2002,0.0,4325.0,-0.035264,-0.101796,CHL,NLD,847790
4059984,43,162,9211,2002,250791.0,1900672.0,0.576746,2.7995520000000003,CHN,NLD,847790
4059985,44,162,9211,2002,0.0,7692.0,-0.816327,-0.711765,CIV,NLD,847790
4059986,49,162,9211,2002,0.0,75505.0,0.345094,0.37787800000000005,COL,NLD,847790
4059987,52,162,9211,2002,0.0,4431.0,0.03619,-0.187718,CRI,NLD,847790
4059988,58,162,9211,2002,0.0,12278.0,0.381391,0.40265,CYP,NLD,847790
4059989,59,162,9211,2002,392915.0,265702.0,1.550713,1.037066,CZE,NLD,847790
4059990,61,162,9211,2002,26222100.0,10544896.0,2.297691,-2.183239,DEU,NLD,847790
4059991,64,162,9211,2002,671348.0,261832.0,1.26594,1.225186,DNK,NLD,847790
4059992,66,162,9211,2002,0.0,25775.0,-0.912033,-1.1731850000000001,DZA,NLD,847790
4059993,67,162,9211,2002,0.0,4443.0,-0.976218,-0.926393,ECU,NLD,847790
4059994,68,162,9211,2002,6081.0,47158.0,-0.377127,0.549439,EGY,NLD,847790
4059995,71,162,9211,2002,8215.0,572955.0,1.012246,2.049594,ESP,NLD,847790
4059996,72,162,9211,2002,2484.0,58136.0,0.54511,0.9135979999999999,EST,NLD,847790
4059997,73,162,9211,2002,0.0,8205.0,-1.096371,-0.9566709999999999,ETH,NLD,847790
4059998,74,162,9211,2002,5730.0,191324.0,2.0234240000000003,0.979141,FIN,NLD,847790
