2949999,135,207,1354,2017.0,9922.0,0.0,-0.135731,-0.008816,MDA,SVN,8429
2950000,136,207,1354,2017.0,23521.0,0.0,-1.098631,-0.8503069999999999,MDG,SVN,8429
2950001,140,207,1354,2017.0,29800.0,176542.0,-0.12182799999999999,-0.333793,MKD,SVN,8429
2950002,142,207,1354,2017.0,7932.0,209752.0,0.9943420000000001,0.181922,MLT,SVN,8429
2950003,143,207,1354,2017.0,260802.0,0.0,-0.9113129999999999,-0.21514,MMR,SVN,8429
2950004,144,207,1354,2017.0,0.0,228267.0,0.132462,-0.071601,MNE,SVN,8429
2950005,153,207,1354,2017.0,90884.0,0.0,1.022117,0.6711739999999999,MYS,SVN,8429
2950006,159,207,1354,2017.0,0.0,4404.0,-1.784814,-1.310281,NGA,SVN,8429
2950007,162,207,1354,2017.0,1430107.0,115352.0,1.090805,1.452409,NLD,SVN,8429
2950008,163,207,1354,2017.0,0.0,27089.0,0.393228,0.049788,NOR,SVN,8429
2950009,165,207,1354,2017.0,3923.0,0.0,1.0260129999999998,0.002612,NRU,SVN,8429
2950010,166,207,1354,2017.0,0.0,4738.0,0.154926,0.10981500000000001,NZL,SVN,8429
2950011,168,207,1354,2017.0,121440.0,0.0,-0.737436,0.345773,PAK,SVN,8429
2950012,174,207,1354,2017.0,4581.0,0.0,0.717074,0.224219,PHL,SVN,8429
2950013,177,207,1354,2017.0,364893.0,227437.0,1.212941,0.917751,POL,SVN,8429
2950014,179,207,1354,2017.0,120880.0,25110.0,0.692908,2.05977,PRT,SVN,8429
2950015,183,207,1354,2017.0,0.0,13038.0,-0.42615600000000003,-1.0956489999999999,QAT,SVN,8429
2950016,185,207,1354,2017.0,170790.0,188248.0,1.145161,1.095192,ROU,SVN,8429
2950017,186,207,1354,2017.0,0.0,141602.0,0.07402,0.248236,RUS,SVN,8429
2950018,192,207,1354,2017.0,40435.0,1711.0,1.8943720000000002,0.449316,SGP,SVN,8429
2950019,201,207,1354,2017.0,315977.0,895704.0,0.59312,1.535527,SRB,SVN,8429
2950020,206,207,1354,2017.0,474678.0,54398.0,1.484316,0.811826,SVK,SVN,8429
2950021,208,207,1354,2017.0,148930.0,11049.0,1.695113,0.6885060000000001,SWE,SVN,8429
2950022,216,207,1354,2017.0,283151.0,0.0,1.15791,1.282718,THA,SVN,8429
2950023,223,207,1354,2017.0,18007.0,0.0,0.31342600000000004,1.071153,TUN,SVN,8429
2950024,224,207,1354,2017.0,752046.0,27767.0,0.601079,2.126314,TUR,SVN,8429
2950025,228,207,1354,2017.0,43744.0,3174.0,0.34780900000000003,1.076817,UKR,SVN,8429
2950026,231,207,1354,2017.0,151515.0,16427.0,1.536355,0.23775100000000002,USA,SVN,8429
2950027,239,207,1354,2017.0,1084236.0,0.0,-0.006548999999999999,0.7030420000000001,VNM,SVN,8429
2950028,248,207,1354,2017.0,1032.0,0.0,-1.101034,-1.107705,ZWE,SVN,8429
2950029,249,207,1354,2017.0,25084.0,19324.0,2.003822,1.215216,TWN,SVN,8429
2950030,7,223,1354,2017.0,49359.0,788771.0,0.222875,-0.204271,ARE,TUN,8429
2950031,8,223,1354,2017.0,0.0,71595.0,-0.268441,0.337024,ARG,TUN,8429
2950032,9,223,1354,2017.0,0.0,1716.0,-0.422667,-0.824041,ARM,TUN,8429
2950033,14,223,1354,2017.0,0.0,161830.0,-0.598537,-0.23571,AUS,TUN,8429
2950034,15,223,1354,2017.0,34047.0,901106.0,1.722766,-0.077938,AUT,TUN,8429
2950035,16,223,1354,2017.0,0.0,5955.0,-1.665069,-1.37471,AZE,TUN,8429
2950036,18,223,1354,2017.0,962795.0,36971496.0,1.2396969999999998,1.1699760000000001,BEL,TUN,8429
2950037,21,223,1354,2017.0,0.0,36597.0,-1.0605440000000002,-1.038926,BFA,TUN,8429
2950038,22,223,1354,2017.0,144160.0,0.0,-1.007846,-1.112069,BGD,TUN,8429
2950039,24,223,1354,2017.0,0.0,21530.0,0.160574,-0.708064,BHR,TUN,8429
2950040,26,223,1354,2017.0,0.0,3682.0,0.584825,0.9219,BIH,TUN,8429
2950041,32,223,1354,2017.0,0.0,32031.0,0.103119,0.808438,BRA,TUN,8429
2950042,39,223,1354,2017.0,0.0,160111.0,0.661032,1.331443,CAN,TUN,8429
2950043,41,223,1354,2017.0,0.0,1600431.0,2.2443459999999997,0.836363,CHE,TUN,8429
2950044,42,223,1354,2017.0,0.0,5842.0,-0.282983,-0.33351,CHL,TUN,8429
2950045,43,223,1354,2017.0,3431570.0,547063.0,1.2888030000000001,0.9250700000000001,CHN,TUN,8429
2950046,44,223,1354,2017.0,3022.0,17070.0,-0.991865,-0.9496889999999999,CIV,TUN,8429
2950047,45,223,1354,2017.0,0.0,17954.0,-1.039442,-1.026684,CMR,TUN,8429
2950048,46,223,1354,2017.0,0.0,1268.0,-1.158421,-1.14955,COD,TUN,8429
2950049,47,223,1354,2017.0,0.0,2520.0,-1.076295,-1.109112,COG,TUN,8429
2950050,49,223,1354,2017.0,0.0,6483.0,-0.039238999999999996,-0.246914,COL,TUN,8429
2950051,58,223,1354,2017.0,4861.0,0.0,0.35097399999999995,0.103466,CYP,TUN,8429
2950052,59,223,1354,2017.0,5552.0,765233.0,1.8494680000000001,0.150088,CZE,TUN,8429
2950053,61,223,1354,2017.0,114069.0,13805195.0,2.164026,-2.458307,DEU,TUN,8429
2950054,62,223,1354,2017.0,0.0,2855.0,-0.136228,-0.49436,DJI,TUN,8429
2950055,64,223,1354,2017.0,1969.0,67374.0,1.143276,1.242437,DNK,TUN,8429
2950056,65,223,1354,2017.0,0.0,9866.0,-0.314875,0.125244,DOM,TUN,8429
2950057,66,223,1354,2017.0,0.0,314074.0,-0.918984,-1.177867,DZA,TUN,8429
2950058,68,223,1354,2017.0,31024.0,0.0,-0.09792100000000001,1.9664270000000001,EGY,TUN,8429
2950059,71,223,1354,2017.0,336575.0,14125150.0,0.7720279999999999,2.434042,ESP,TUN,8429
2950060,72,223,1354,2017.0,0.0,6676.0,1.004481,1.311075,EST,TUN,8429
2950061,73,223,1354,2017.0,0.0,4423.0,-0.874714,-0.58418,ETH,TUN,8429
2950062,74,223,1354,2017.0,0.0,248697.0,1.6562990000000002,0.94619,FIN,TUN,8429
2950063,77,223,1354,2017.0,8055926.0,124501024.0,1.3874030000000002,0.8887719999999999,FRA,TUN,8429
2950064,80,223,1354,2017.0,0.0,3034.0,-1.352989,-1.230953,GAB,TUN,8429
2950065,81,223,1354,2017.0,175249.0,1442420.0,1.499843,1.120201,GBR,TUN,8429
2950066,90,223,1354,2017.0,43524.0,166733.0,0.10646300000000002,1.0936290000000002,GRC,TUN,8429
2950067,97,223,1354,2017.0,0.0,44441.0,0.877065,1.1615520000000001,HKG,TUN,8429
2950068,100,223,1354,2017.0,0.0,1550.0,0.8933700000000001,1.4400469999999999,HRV,TUN,8429
2950069,103,223,1354,2017.0,7790.0,2604.0,-0.072977,1.376847,IDN,TUN,8429
2950070,104,223,1354,2017.0,343189.0,7337.0,0.262126,2.8212040000000003,IND,TUN,8429
2950071,106,223,1354,2017.0,0.0,257762.0,1.444823,0.158356,IRL,TUN,8429
2950072,109,223,1354,2017.0,0.0,25186.0,0.279223,-0.34883600000000003,ISL,TUN,8429
2950073,111,223,1354,2017.0,2694264.0,25804560.0,1.4374559999999998,0.21079699999999998,ITA,TUN,8429
2950074,114,223,1354,2017.0,0.0,1729976.0,2.4440779999999998,-0.46107700000000007,JPN,TUN,8429
2950075,115,223,1354,2017.0,0.0,16432.0,-0.47984399999999994,-0.40618699999999996,KAZ,TUN,8429
2950076,118,223,1354,2017.0,10271.0,0.0,-0.654185,-0.655463,KHM,TUN,8429
2950077,121,223,1354,2017.0,0.0,344823.0,2.1277470000000003,0.8218719999999999,KOR,TUN,8429
2950078,122,223,1354,2017.0,0.0,93141.0,-0.264903,-1.112018,KWT,TUN,8429
2950079,124,223,1354,2017.0,13495.0,91751.0,0.437192,1.027289,LBN,TUN,8429
2950080,126,223,1354,2017.0,0.0,264535.0,-1.067632,-1.21154,LBY,TUN,8429
2950081,131,223,1354,2017.0,0.0,280914.0,1.1461629999999998,1.434994,LUX,TUN,8429
2950082,134,223,1354,2017.0,22354.0,123655.0,-0.593987,-0.093414,MAR,TUN,8429
2950083,138,223,1354,2017.0,4795.0,83356.0,1.348763,0.6145010000000001,MEX,TUN,8429
2950084,140,223,1354,2017.0,0.0,1229.0,-0.12182799999999999,-0.333793,MKD,TUN,8429
2950085,142,223,1354,2017.0,6202.0,754628.0,0.9943420000000001,0.181922,MLT,TUN,8429
2950086,144,223,1354,2017.0,0.0,9359.0,0.132462,-0.071601,MNE,TUN,8429
2950087,151,223,1354,2017.0,0.0,31650.0,-0.166097,-0.050332,MUS,TUN,8429
2950088,153,223,1354,2017.0,3036.0,0.0,1.022117,0.6711739999999999,MYS,TUN,8429
2950089,157,223,1354,2017.0,0.0,1252.0,-0.904508,-0.9522940000000001,NER,TUN,8429
2950090,159,223,1354,2017.0,0.0,21738.0,-1.784814,-1.310281,NGA,TUN,8429
2950091,162,223,1354,2017.0,249576.0,19213388.0,1.090805,1.452409,NLD,TUN,8429
2950092,163,223,1354,2017.0,0.0,191998.0,0.393228,0.049788,NOR,TUN,8429
2950093,166,223,1354,2017.0,0.0,25034.0,0.154926,0.10981500000000001,NZL,TUN,8429
2950094,167,223,1354,2017.0,0.0,3613.0,-0.44851199999999997,-0.9820049999999999,OMN,TUN,8429
2950095,168,223,1354,2017.0,18646.0,0.0,-0.737436,0.345773,PAK,TUN,8429
2950096,169,223,1354,2017.0,0.0,2695.0,0.638093,1.01027,PAN,TUN,8429
2950097,173,223,1354,2017.0,0.0,13644.0,-0.8214469999999999,-0.333306,PER,TUN,8429
2950098,174,223,1354,2017.0,4330.0,0.0,0.717074,0.224219,PHL,TUN,8429
2950099,177,223,1354,2017.0,18982.0,541369.0,1.212941,0.917751,POL,TUN,8429
2950100,179,223,1354,2017.0,5928049.0,865277.0,0.692908,2.05977,PRT,TUN,8429
2950101,183,223,1354,2017.0,32863.0,261838.0,-0.42615600000000003,-1.0956489999999999,QAT,TUN,8429
2950102,185,223,1354,2017.0,34056.0,1672.0,1.145161,1.095192,ROU,TUN,8429
2950103,186,223,1354,2017.0,0.0,507010.0,0.07402,0.248236,RUS,TUN,8429
2950104,188,223,1354,2017.0,142606.0,151112.0,0.508031,-0.42373500000000003,SAU,TUN,8429
2950105,190,223,1354,2017.0,0.0,2702.0,-1.488393,-1.236046,SDN,TUN,8429
2950106,191,223,1354,2017.0,0.0,34668.0,-0.604504,-0.228411,SEN,TUN,8429
2950107,192,223,1354,2017.0,0.0,247935.0,1.8943720000000002,0.449316,SGP,TUN,8429
2950108,201,223,1354,2017.0,0.0,11645.0,0.59312,1.535527,SRB,TUN,8429
2950109,206,223,1354,2017.0,3036.0,15226.0,1.484316,0.811826,SVK,TUN,8429
2950110,207,223,1354,2017.0,0.0,18007.0,1.597178,0.753722,SVN,TUN,8429
2950111,208,223,1354,2017.0,0.0,97285.0,1.695113,0.6885060000000001,SWE,TUN,8429
2950112,216,223,1354,2017.0,3456.0,62578.0,1.15791,1.282718,THA,TUN,8429
2950113,224,223,1354,2017.0,643364.0,358519.0,0.601079,2.126314,TUR,TUN,8429
2950114,228,223,1354,2017.0,0.0,8956.0,0.34780900000000003,1.076817,UKR,TUN,8429
2950115,230,223,1354,2017.0,0.0,5577.0,0.09085900000000001,-0.246694,URY,TUN,8429
2950116,231,223,1354,2017.0,25727.0,1888068.0,1.536355,0.23775100000000002,USA,TUN,8429
2950117,239,223,1354,2017.0,48289.0,1568.0,-0.006548999999999999,0.7030420000000001,VNM,TUN,8429
2950118,246,223,1354,2017.0,0.0,70585.0,-0.048668,1.283483,ZAF,TUN,8429
2950119,249,223,1354,2017.0,0.0,54416.0,2.003822,1.215216,TWN,TUN,8429
2950120,250,223,1354,2017.0,2261166.0,740344.0,0.472054,-0.363374,ANS,TUN,8429
2950121,7,232,1354,2017.0,115291.0,0.0,0.222875,-0.204271,ARE,UZB,8429
2950122,15,232,1354,2017.0,8613.0,0.0,1.722766,-0.077938,AUT,UZB,8429
2950123,22,232,1354,2017.0,2644.0,0.0,-1.007846,-1.112069,BGD,UZB,8429
2950124,23,232,1354,2017.0,2257.0,0.0,0.563342,1.744989,BGR,UZB,8429
2950125,28,232,1354,2017.0,0.0,2253.0,0.9188780000000001,0.9998819999999999,BLR,UZB,8429
2950126,41,232,1354,2017.0,16490.0,0.0,2.2443459999999997,0.836363,CHE,UZB,8429
2950127,43,232,1354,2017.0,227047.0,0.0,1.2888030000000001,0.9250700000000001,CHN,UZB,8429
2950128,59,232,1354,2017.0,1015734.0,0.0,1.8494680000000001,0.150088,CZE,UZB,8429
2950129,61,232,1354,2017.0,162202.0,27742.0,2.164026,-2.458307,DEU,UZB,8429
2950130,64,232,1354,2017.0,30558.0,0.0,1.143276,1.242437,DNK,UZB,8429
2950131,77,232,1354,2017.0,15627.0,9924.0,1.3874030000000002,0.8887719999999999,FRA,UZB,8429
2950132,81,232,1354,2017.0,7514.0,0.0,1.499843,1.120201,GBR,UZB,8429
2950133,104,232,1354,2017.0,12057.0,0.0,0.262126,2.8212040000000003,IND,UZB,8429
2950134,111,232,1354,2017.0,550684.0,0.0,1.4374559999999998,0.21079699999999998,ITA,UZB,8429
2950135,115,232,1354,2017.0,3417.0,37129.0,-0.47984399999999994,-0.40618699999999996,KAZ,UZB,8429
2950136,117,232,1354,2017.0,29739.0,80321.0,0.056509000000000004,0.363176,KGZ,UZB,8429
2950137,121,232,1354,2017.0,242405.0,0.0,2.1277470000000003,0.8218719999999999,KOR,UZB,8429
2950138,130,232,1354,2017.0,19203.0,0.0,0.770556,1.555233,LTU,UZB,8429
2950139,162,232,1354,2017.0,1590.0,0.0,1.090805,1.452409,NLD,UZB,8429
2950140,168,232,1354,2017.0,2802.0,0.0,-0.737436,0.345773,PAK,UZB,8429
2950141,177,232,1354,2017.0,0.0,4496.0,1.212941,0.917751,POL,UZB,8429
2950142,186,232,1354,2017.0,931688.0,562284.0,0.07402,0.248236,RUS,UZB,8429
2950143,217,232,1354,2017.0,0.0,139273.0,-0.8504879999999999,-1.074594,TJK,UZB,8429
2950144,219,232,1354,2017.0,0.0,3212.0,-1.358487,-1.29703,TKM,UZB,8429
2950145,224,232,1354,2017.0,88854.0,0.0,0.601079,2.126314,TUR,UZB,8429
2950146,228,232,1354,2017.0,0.0,10237.0,0.34780900000000003,1.076817,UKR,UZB,8429
2950147,239,232,1354,2017.0,1031.0,0.0,-0.006548999999999999,0.7030420000000001,VNM,UZB,8429
2950148,30,13,1354,2017.0,0.0,2166.0,1.16947,-0.302517,BMU,ATG,8429
2950149,43,13,1354,2017.0,48939.0,0.0,1.2888030000000001,0.9250700000000001,CHN,ATG,8429
2950150,61,13,1354,2017.0,6498.0,2090.0,2.164026,-2.458307,DEU,ATG,8429
2950151,71,13,1354,2017.0,2040.0,0.0,0.7720279999999999,2.434042,ESP,ATG,8429
2950152,77,13,1354,2017.0,2472.0,0.0,1.3874030000000002,0.8887719999999999,FRA,ATG,8429
2950153,81,13,1354,2017.0,31361.0,0.0,1.499843,1.120201,GBR,ATG,8429
2950154,93,13,1354,2017.0,2546.0,0.0,-0.40755399999999997,0.63358,GTM,ATG,8429
2950155,97,13,1354,2017.0,6334.0,0.0,0.877065,1.1615520000000001,HKG,ATG,8429
2950156,111,13,1354,2017.0,52090.0,0.0,1.4374559999999998,0.21079699999999998,ITA,ATG,8429
2950157,112,13,1354,2017.0,1327.0,0.0,-0.362252,-0.756476,JAM,ATG,8429
2950158,138,13,1354,2017.0,1639.0,0.0,1.348763,0.6145010000000001,MEX,ATG,8429
2950159,224,13,1354,2017.0,7931.0,0.0,0.601079,2.126314,TUR,ATG,8429
2950160,231,13,1354,2017.0,168252.0,0.0,1.536355,0.23775100000000002,USA,ATG,8429
2950161,234,13,1354,2017.0,3886.0,0.0,0.070659,-0.485245,VCT,ATG,8429
2950162,239,13,1354,2017.0,3867.0,0.0,-0.006548999999999999,0.7030420000000001,VNM,ATG,8429
2950163,250,13,1354,2017.0,0.0,9220.0,0.472054,-0.363374,ANS,ATG,8429
2950164,7,19,1354,2017.0,16408.0,0.0,0.222875,-0.204271,ARE,BEN,8429
2950165,18,19,1354,2017.0,10323.0,0.0,1.2396969999999998,1.1699760000000001,BEL,BEN,8429
2950166,43,19,1354,2017.0,163261.0,0.0,1.2888030000000001,0.9250700000000001,CHN,BEN,8429
2950167,46,19,1354,2017.0,1834.0,1701.0,-1.158421,-1.14955,COD,BEN,8429
2950168,47,19,1354,2017.0,0.0,2647.0,-1.076295,-1.109112,COG,BEN,8429
2950169,66,19,1354,2017.0,2951.0,0.0,-0.918984,-1.177867,DZA,BEN,8429
2950170,68,19,1354,2017.0,6885.0,0.0,-0.09792100000000001,1.9664270000000001,EGY,BEN,8429
2950171,77,19,1354,2017.0,212300.0,3936.0,1.3874030000000002,0.8887719999999999,FRA,BEN,8429
2950172,83,19,1354,2017.0,15366.0,0.0,-0.910444,-0.906315,GHA,BEN,8429
2950173,106,19,1354,2017.0,51786.0,0.0,1.444823,0.158356,IRL,BEN,8429
2950174,111,19,1354,2017.0,78534.0,0.0,1.4374559999999998,0.21079699999999998,ITA,BEN,8429
2950175,124,19,1354,2017.0,11022.0,0.0,0.437192,1.027289,LBN,BEN,8429
2950176,141,19,1354,2017.0,0.0,3046.0,-0.49141,-0.595619,MLI,BEN,8429
2950177,188,19,1354,2017.0,39140.0,0.0,0.508031,-0.42373500000000003,SAU,BEN,8429
2950178,215,19,1354,2017.0,1605.0,0.0,-0.884833,-0.7139220000000001,TGO,BEN,8429
2950179,224,19,1354,2017.0,2489.0,0.0,0.601079,2.126314,TUR,BEN,8429
2950180,231,19,1354,2017.0,69804.0,5200.0,1.536355,0.23775100000000002,USA,BEN,8429
2950181,7,21,1354,2017.0,162178.0,0.0,0.222875,-0.204271,ARE,BFA,8429
2950182,14,21,1354,2017.0,3236.0,0.0,-0.598537,-0.23571,AUS,BFA,8429
2950183,18,21,1354,2017.0,3316.0,0.0,1.2396969999999998,1.1699760000000001,BEL,BFA,8429
2950184,39,21,1354,2017.0,4048.0,0.0,0.661032,1.331443,CAN,BFA,8429
2950185,43,21,1354,2017.0,536560.0,0.0,1.2888030000000001,0.9250700000000001,CHN,BFA,8429
2950186,61,21,1354,2017.0,2265.0,0.0,2.164026,-2.458307,DEU,BFA,8429
2950187,77,21,1354,2017.0,216757.0,9737.0,1.3874030000000002,0.8887719999999999,FRA,BFA,8429
2950188,81,21,1354,2017.0,35105.0,7359.0,1.499843,1.120201,GBR,BFA,8429
2950189,83,21,1354,2017.0,30103.0,0.0,-0.910444,-0.906315,GHA,BFA,8429
2950190,97,21,1354,2017.0,1037.0,0.0,0.877065,1.1615520000000001,HKG,BFA,8429
2950191,111,21,1354,2017.0,2132.0,0.0,1.4374559999999998,0.21079699999999998,ITA,BFA,8429
2950192,118,21,1354,2017.0,20666.0,0.0,-0.654185,-0.655463,KHM,BFA,8429
2950193,124,21,1354,2017.0,1066161.0,0.0,0.437192,1.027289,LBN,BFA,8429
2950194,136,21,1354,2017.0,6583.0,0.0,-1.098631,-0.8503069999999999,MDG,BFA,8429
2950195,143,21,1354,2017.0,3434.0,0.0,-0.9113129999999999,-0.21514,MMR,BFA,8429
2950196,157,21,1354,2017.0,5394.0,0.0,-0.904508,-0.9522940000000001,NER,BFA,8429
2950197,162,21,1354,2017.0,7299.0,0.0,1.090805,1.452409,NLD,BFA,8429
2950198,191,21,1354,2017.0,5190.0,0.0,-0.604504,-0.228411,SEN,BFA,8429
2950199,223,21,1354,2017.0,36597.0,0.0,0.31342600000000004,1.071153,TUN,BFA,8429
2950200,224,21,1354,2017.0,4466.0,0.0,0.601079,2.126314,TUR,BFA,8429
2950201,231,21,1354,2017.0,1636.0,0.0,1.536355,0.23775100000000002,USA,BFA,8429
2950202,246,21,1354,2017.0,41044.0,0.0,-0.048668,1.283483,ZAF,BFA,8429
2950203,4,22,1354,2017.0,0.0,12570.0,-0.351054,-0.193147,ALB,BGD,8429
2950204,5,22,1354,2017.0,0.0,369048.0,1.101312,0.593242,AND,BGD,8429
2950205,7,22,1354,2017.0,408769.0,5328355.0,0.222875,-0.204271,ARE,BGD,8429
2950206,8,22,1354,2017.0,0.0,1361938.0,-0.268441,0.337024,ARG,BGD,8429
2950207,9,22,1354,2017.0,0.0,251575.0,-0.422667,-0.824041,ARM,BGD,8429
2950208,14,22,1354,2017.0,0.0,7249031.0,-0.598537,-0.23571,AUS,BGD,8429
2950209,15,22,1354,2017.0,0.0,9759954.0,1.722766,-0.077938,AUT,BGD,8429
2950210,16,22,1354,2017.0,0.0,238754.0,-1.665069,-1.37471,AZE,BGD,8429
2950211,18,22,1354,2017.0,0.0,6942447.0,1.2396969999999998,1.1699760000000001,BEL,BGD,8429
2950212,23,22,1354,2017.0,0.0,52041.0,0.563342,1.744989,BGR,BGD,8429
2950213,24,22,1354,2017.0,0.0,273770.0,0.160574,-0.708064,BHR,BGD,8429
2950214,26,22,1354,2017.0,0.0,1628376.0,0.584825,0.9219,BIH,BGD,8429
2950215,28,22,1354,2017.0,0.0,617553.0,0.9188780000000001,0.9998819999999999,BLR,BGD,8429
2950216,30,22,1354,2017.0,0.0,7552.0,1.16947,-0.302517,BMU,BGD,8429
2950217,31,22,1354,2017.0,0.0,8713.0,-1.032957,-0.9679840000000001,BOL,BGD,8429
2950218,32,22,1354,2017.0,0.0,1698342.0,0.103119,0.808438,BRA,BGD,8429
2950219,34,22,1354,2017.0,0.0,6533.0,0.13716,-0.783787,BRN,BGD,8429
2950220,39,22,1354,2017.0,0.0,46819384.0,0.661032,1.331443,CAN,BGD,8429
2950221,41,22,1354,2017.0,0.0,10576504.0,2.2443459999999997,0.836363,CHE,BGD,8429
2950222,42,22,1354,2017.0,0.0,1806174.0,-0.282983,-0.33351,CHL,BGD,8429
2950223,43,22,1354,2017.0,3134807.0,19269898.0,1.2888030000000001,0.9250700000000001,CHN,BGD,8429
2950224,44,22,1354,2017.0,0.0,1187.0,-0.991865,-0.9496889999999999,CIV,BGD,8429
2950225,46,22,1354,2017.0,0.0,7520.0,-1.158421,-1.14955,COD,BGD,8429
2950226,49,22,1354,2017.0,0.0,1135604.0,-0.039238999999999996,-0.246914,COL,BGD,8429
2950227,52,22,1354,2017.0,0.0,90839.0,0.288798,0.212928,CRI,BGD,8429
2950228,58,22,1354,2017.0,0.0,8233.0,0.35097399999999995,0.103466,CYP,BGD,8429
2950229,59,22,1354,2017.0,0.0,9890548.0,1.8494680000000001,0.150088,CZE,BGD,8429
2950230,61,22,1354,2017.0,19612.0,117307288.0,2.164026,-2.458307,DEU,BGD,8429
2950231,64,22,1354,2017.0,0.0,8917013.0,1.143276,1.242437,DNK,BGD,8429
2950232,65,22,1354,2017.0,0.0,43886.0,-0.314875,0.125244,DOM,BGD,8429
2950233,66,22,1354,2017.0,0.0,225071.0,-0.918984,-1.177867,DZA,BGD,8429
2950234,67,22,1354,2017.0,0.0,356219.0,-1.109413,-1.1561270000000001,ECU,BGD,8429
2950235,68,22,1354,2017.0,0.0,27046.0,-0.09792100000000001,1.9664270000000001,EGY,BGD,8429
2950236,71,22,1354,2017.0,0.0,75495608.0,0.7720279999999999,2.434042,ESP,BGD,8429
2950237,72,22,1354,2017.0,0.0,399308.0,1.004481,1.311075,EST,BGD,8429
2950238,74,22,1354,2017.0,0.0,3098938.0,1.6562990000000002,0.94619,FIN,BGD,8429
2950239,75,22,1354,2017.0,0.0,69133.0,-0.500896,-0.169256,FJI,BGD,8429
2950240,77,22,1354,2017.0,102927.0,47027872.0,1.3874030000000002,0.8887719999999999,FRA,BGD,8429
2950241,81,22,1354,2017.0,684216.0,37855116.0,1.499843,1.120201,GBR,BGD,8429
2950242,82,22,1354,2017.0,0.0,8491.0,-0.252287,-0.172336,GEO,BGD,8429
2950243,90,22,1354,2017.0,0.0,2869842.0,0.10646300000000002,1.0936290000000002,GRC,BGD,8429
2950244,92,22,1354,2017.0,0.0,15912.0,-1.09962,-1.013198,GRL,BGD,8429
2950245,93,22,1354,2017.0,0.0,2436.0,-0.40755399999999997,0.63358,GTM,BGD,8429
2950246,97,22,1354,2017.0,11980.0,2141952.0,0.877065,1.1615520000000001,HKG,BGD,8429
2950247,99,22,1354,2017.0,0.0,46646.0,-0.44761999999999996,-0.20167100000000002,HND,BGD,8429
2950248,100,22,1354,2017.0,0.0,74722.0,0.8933700000000001,1.4400469999999999,HRV,BGD,8429
2950249,102,22,1354,2017.0,0.0,121365.0,1.6949029999999998,0.723915,HUN,BGD,8429
2950250,103,22,1354,2017.0,0.0,778008.0,-0.072977,1.376847,IDN,BGD,8429
2950251,104,22,1354,2017.0,424125.0,595210.0,0.262126,2.8212040000000003,IND,BGD,8429
2950252,106,22,1354,2017.0,0.0,2484371.0,1.444823,0.158356,IRL,BGD,8429
2950253,109,22,1354,2017.0,0.0,463919.0,0.279223,-0.34883600000000003,ISL,BGD,8429
2950254,110,22,1354,2017.0,0.0,94541.0,1.158779,0.8909020000000001,ISR,BGD,8429
2950255,111,22,1354,2017.0,10281.0,17627428.0,1.4374559999999998,0.21079699999999998,ITA,BGD,8429
2950256,113,22,1354,2017.0,0.0,90120.0,0.079237,0.182893,JOR,BGD,8429
2950257,114,22,1354,2017.0,3718.0,23166062.0,2.4440779999999998,-0.46107700000000007,JPN,BGD,8429
2950258,115,22,1354,2017.0,0.0,1932307.0,-0.47984399999999994,-0.40618699999999996,KAZ,BGD,8429
2950259,116,22,1354,2017.0,0.0,6352.0,-0.549171,0.39358899999999997,KEN,BGD,8429
2950260,117,22,1354,2017.0,0.0,90826.0,0.056509000000000004,0.363176,KGZ,BGD,8429
2950261,121,22,1354,2017.0,0.0,6385362.0,2.1277470000000003,0.8218719999999999,KOR,BGD,8429
2950262,122,22,1354,2017.0,0.0,469004.0,-0.264903,-1.112018,KWT,BGD,8429
2950263,124,22,1354,2017.0,0.0,1013373.0,0.437192,1.027289,LBN,BGD,8429
2950264,130,22,1354,2017.0,0.0,2336.0,0.770556,1.555233,LTU,BGD,8429
2950265,131,22,1354,2017.0,0.0,904899.0,1.1461629999999998,1.434994,LUX,BGD,8429
2950266,134,22,1354,2017.0,0.0,1423859.0,-0.593987,-0.093414,MAR,BGD,8429
2950267,135,22,1354,2017.0,0.0,160217.0,-0.135731,-0.008816,MDA,BGD,8429
2950268,136,22,1354,2017.0,0.0,1247.0,-1.098631,-0.8503069999999999,MDG,BGD,8429
2950269,137,22,1354,2017.0,0.0,4958.0,-0.739309,-0.951202,MDV,BGD,8429
2950270,138,22,1354,2017.0,0.0,8486784.0,1.348763,0.6145010000000001,MEX,BGD,8429
2950271,140,22,1354,2017.0,0.0,606064.0,-0.12182799999999999,-0.333793,MKD,BGD,8429
2950272,144,22,1354,2017.0,0.0,277685.0,0.132462,-0.071601,MNE,BGD,8429
2950273,145,22,1354,2017.0,0.0,195768.0,-1.110506,-1.179734,MNG,BGD,8429
2950274,147,22,1354,2017.0,0.0,3441.0,-1.3967319999999999,-1.1603290000000002,MOZ,BGD,8429
2950275,148,22,1354,2017.0,0.0,5508.0,-1.516459,-1.362156,MRT,BGD,8429
2950276,151,22,1354,2017.0,0.0,4258.0,-0.166097,-0.050332,MUS,BGD,8429
2950277,152,22,1354,2017.0,0.0,7001.0,-0.838501,-0.938642,MWI,BGD,8429
2950278,153,22,1354,2017.0,0.0,942933.0,1.022117,0.6711739999999999,MYS,BGD,8429
2950279,160,22,1354,2017.0,0.0,14394.0,-0.974065,-0.791551,NIC,BGD,8429
2950280,162,22,1354,2017.0,0.0,25508562.0,1.090805,1.452409,NLD,BGD,8429
2950281,163,22,1354,2017.0,0.0,7766261.0,0.393228,0.049788,NOR,BGD,8429
2950282,164,22,1354,2017.0,0.0,31773.0,-0.076879,0.530485,NPL,BGD,8429
2950283,166,22,1354,2017.0,0.0,1072829.0,0.154926,0.10981500000000001,NZL,BGD,8429
2950284,167,22,1354,2017.0,0.0,33037.0,-0.44851199999999997,-0.9820049999999999,OMN,BGD,8429
2950285,168,22,1354,2017.0,0.0,33990.0,-0.737436,0.345773,PAK,BGD,8429
2950286,169,22,1354,2017.0,0.0,89599.0,0.638093,1.01027,PAN,BGD,8429
2950287,173,22,1354,2017.0,0.0,1123985.0,-0.8214469999999999,-0.333306,PER,BGD,8429
2950288,174,22,1354,2017.0,8360.0,382628.0,0.717074,0.224219,PHL,BGD,8429
2950289,177,22,1354,2017.0,0.0,17444530.0,1.212941,0.917751,POL,BGD,8429
2950290,179,22,1354,2017.0,0.0,307801.0,0.692908,2.05977,PRT,BGD,8429
2950291,180,22,1354,2017.0,0.0,70454.0,-0.604205,-0.956699,PRY,BGD,8429
2950292,181,22,1354,2017.0,0.0,3189.0,0.22982199999999997,0.768037,PSE,BGD,8429
2950293,183,22,1354,2017.0,0.0,1425947.0,-0.42615600000000003,-1.0956489999999999,QAT,BGD,8429
2950294,185,22,1354,2017.0,0.0,629490.0,1.145161,1.095192,ROU,BGD,8429
2950295,186,22,1354,2017.0,0.0,23667142.0,0.07402,0.248236,RUS,BGD,8429
2950296,188,22,1354,2017.0,0.0,22340962.0,0.508031,-0.42373500000000003,SAU,BGD,8429
2950297,190,22,1354,2017.0,0.0,136441.0,-1.488393,-1.236046,SDN,BGD,8429
2950298,192,22,1354,2017.0,0.0,1578392.0,1.8943720000000002,0.449316,SGP,BGD,8429
2950299,197,22,1354,2017.0,0.0,62188.0,0.11754,0.363982,SLV,BGD,8429
2950300,201,22,1354,2017.0,0.0,1874460.0,0.59312,1.535527,SRB,BGD,8429
2950301,206,22,1354,2017.0,0.0,2067351.0,1.484316,0.811826,SVK,BGD,8429
2950302,207,22,1354,2017.0,0.0,1203153.0,1.597178,0.753722,SVN,BGD,8429
2950303,208,22,1354,2017.0,0.0,4814334.0,1.695113,0.6885060000000001,SWE,BGD,8429
2950304,211,22,1354,2017.0,0.0,39152.0,-0.116998,-0.7398779999999999,SYC,BGD,8429
2950305,216,22,1354,2017.0,4543.0,327644.0,1.15791,1.282718,THA,BGD,8429
2950306,223,22,1354,2017.0,0.0,144160.0,0.31342600000000004,1.071153,TUN,BGD,8429
2950307,224,22,1354,2017.0,13241.0,35264684.0,0.601079,2.126314,TUR,BGD,8429
2950308,226,22,1354,2017.0,0.0,4156.0,-0.968485,0.137755,TZA,BGD,8429
2950309,228,22,1354,2017.0,0.0,1709357.0,0.34780900000000003,1.076817,UKR,BGD,8429
2950310,230,22,1354,2017.0,0.0,113457.0,0.09085900000000001,-0.246694,URY,BGD,8429
2950311,231,22,1354,2017.0,113386.0,148462064.0,1.536355,0.23775100000000002,USA,BGD,8429
2950312,232,22,1354,2017.0,0.0,2644.0,-0.386302,-0.35475999999999996,UZB,BGD,8429
2950313,239,22,1354,2017.0,0.0,116746.0,-0.006548999999999999,0.7030420000000001,VNM,BGD,8429
2950314,246,22,1354,2017.0,0.0,992900.0,-0.048668,1.283483,ZAF,BGD,8429
2950315,247,22,1354,2017.0,0.0,1675.0,-0.763066,-0.9292530000000001,ZMB,BGD,8429
2950316,249,22,1354,2017.0,29602.0,2704252.0,2.003822,1.215216,TWN,BGD,8429
2950317,14,25,1354,2017.0,0.0,6543.0,-0.598537,-0.23571,AUS,BHS,8429
2950318,43,25,1354,2017.0,320246.0,0.0,1.2888030000000001,0.9250700000000001,CHN,BHS,8429
2950319,61,25,1354,2017.0,4641.0,0.0,2.164026,-2.458307,DEU,BHS,8429
2950320,65,25,1354,2017.0,1439.0,0.0,-0.314875,0.125244,DOM,BHS,8429
2950321,77,25,1354,2017.0,1384.0,0.0,1.3874030000000002,0.8887719999999999,FRA,BHS,8429
2950322,81,25,1354,2017.0,20049.0,0.0,1.499843,1.120201,GBR,BHS,8429
2950323,90,25,1354,2017.0,213339.0,0.0,0.10646300000000002,1.0936290000000002,GRC,BHS,8429
2950324,97,25,1354,2017.0,18370.0,0.0,0.877065,1.1615520000000001,HKG,BHS,8429
2950325,111,25,1354,2017.0,97500.0,0.0,1.4374559999999998,0.21079699999999998,ITA,BHS,8429
2950326,127,25,1354,2017.0,0.0,7800.0,0.543844,0.006412,LCA,BHS,8429
2950327,138,25,1354,2017.0,2701.0,0.0,1.348763,0.6145010000000001,MEX,BHS,8429
2950328,163,25,1354,2017.0,0.0,3078.0,0.393228,0.049788,NOR,BHS,8429
2950329,169,25,1354,2017.0,1969.0,0.0,0.638093,1.01027,PAN,BHS,8429
2950330,174,25,1354,2017.0,2956.0,0.0,0.717074,0.224219,PHL,BHS,8429
2950331,177,25,1354,2017.0,0.0,31873.0,1.212941,0.917751,POL,BHS,8429
2950332,222,25,1354,2017.0,23469.0,0.0,-0.15041300000000002,-1.029801,TTO,BHS,8429
2950333,231,25,1354,2017.0,401582.0,2262.0,1.536355,0.23775100000000002,USA,BHS,8429
2950334,239,25,1354,2017.0,237969.0,0.0,-0.006548999999999999,0.7030420000000001,VNM,BHS,8429
2950335,250,25,1354,2017.0,9092.0,0.0,0.472054,-0.363374,ANS,BHS,8429
2950336,7,37,1354,2017.0,88458.0,23001.0,0.222875,-0.204271,ARE,BWA,8429
2950337,14,37,1354,2017.0,43059.0,0.0,-0.598537,-0.23571,AUS,BWA,8429
2950338,15,37,1354,2017.0,4037.0,0.0,1.722766,-0.077938,AUT,BWA,8429
2950339,18,37,1354,2017.0,1830.0,0.0,1.2396969999999998,1.1699760000000001,BEL,BWA,8429
2950340,32,37,1354,2017.0,1393.0,0.0,0.103119,0.808438,BRA,BWA,8429
2950341,39,37,1354,2017.0,1527.0,0.0,0.661032,1.331443,CAN,BWA,8429
2950342,43,37,1354,2017.0,1930070.0,0.0,1.2888030000000001,0.9250700000000001,CHN,BWA,8429
2950343,61,37,1354,2017.0,6620.0,0.0,2.164026,-2.458307,DEU,BWA,8429
2950344,77,37,1354,2017.0,1348.0,0.0,1.3874030000000002,0.8887719999999999,FRA,BWA,8429
2950345,81,37,1354,2017.0,27115.0,0.0,1.499843,1.120201,GBR,BWA,8429
2950346,97,37,1354,2017.0,3301.0,0.0,0.877065,1.1615520000000001,HKG,BWA,8429
2950347,104,37,1354,2017.0,31011.0,0.0,0.262126,2.8212040000000003,IND,BWA,8429
2950348,106,37,1354,2017.0,1095.0,0.0,1.444823,0.158356,IRL,BWA,8429
2950349,114,37,1354,2017.0,1102.0,17827.0,2.4440779999999998,-0.46107700000000007,JPN,BWA,8429
2950350,116,37,1354,2017.0,5662.0,0.0,-0.549171,0.39358899999999997,KEN,BWA,8429
2950351,121,37,1354,2017.0,2297.0,0.0,2.1277470000000003,0.8218719999999999,KOR,BWA,8429
2950352,162,37,1354,2017.0,7662.0,0.0,1.090805,1.452409,NLD,BWA,8429
2950353,174,37,1354,2017.0,4833.0,0.0,0.717074,0.224219,PHL,BWA,8429
2950354,192,37,1354,2017.0,1823.0,0.0,1.8943720000000002,0.449316,SGP,BWA,8429
2950355,224,37,1354,2017.0,2057.0,0.0,0.601079,2.126314,TUR,BWA,8429
2950356,226,37,1354,2017.0,1650.0,0.0,-0.968485,0.137755,TZA,BWA,8429
2950357,231,37,1354,2017.0,50161.0,1372.0,1.536355,0.23775100000000002,USA,BWA,8429
2950358,246,37,1354,2017.0,1624020.0,65792.0,-0.048668,1.283483,ZAF,BWA,8429
2950359,247,37,1354,2017.0,0.0,11505.0,-0.763066,-0.9292530000000001,ZMB,BWA,8429
2950360,248,37,1354,2017.0,2587.0,9778.0,-1.101034,-1.107705,ZWE,BWA,8429
2950361,2,44,1354,2017.0,1580.0,0.0,-1.580759,-1.2589270000000001,AGO,CIV,8429
2950362,5,44,1354,2017.0,8705.0,0.0,1.101312,0.593242,AND,CIV,8429
2950363,7,44,1354,2017.0,71928.0,0.0,0.222875,-0.204271,ARE,CIV,8429
2950364,14,44,1354,2017.0,7419.0,0.0,-0.598537,-0.23571,AUS,CIV,8429
2950365,18,44,1354,2017.0,139535.0,1761.0,1.2396969999999998,1.1699760000000001,BEL,CIV,8429
2950366,22,44,1354,2017.0,1187.0,0.0,-1.007846,-1.112069,BGD,CIV,8429
2950367,32,44,1354,2017.0,11810.0,0.0,0.103119,0.808438,BRA,CIV,8429
2950368,39,44,1354,2017.0,0.0,3762.0,0.661032,1.331443,CAN,CIV,8429
2950369,41,44,1354,2017.0,3958.0,0.0,2.2443459999999997,0.836363,CHE,CIV,8429
2950370,43,44,1354,2017.0,1626975.0,12024.0,1.2888030000000001,0.9250700000000001,CHN,CIV,8429
2950371,45,44,1354,2017.0,1229.0,4241.0,-1.039442,-1.026684,CMR,CIV,8429
2950372,47,44,1354,2017.0,0.0,1292.0,-1.076295,-1.109112,COG,CIV,8429
2950373,59,44,1354,2017.0,3617.0,0.0,1.8494680000000001,0.150088,CZE,CIV,8429
2950374,61,44,1354,2017.0,7867.0,2990.0,2.164026,-2.458307,DEU,CIV,8429
2950375,64,44,1354,2017.0,3536.0,0.0,1.143276,1.242437,DNK,CIV,8429
2950376,68,44,1354,2017.0,25057.0,1908.0,-0.09792100000000001,1.9664270000000001,EGY,CIV,8429
2950377,71,44,1354,2017.0,20466.0,0.0,0.7720279999999999,2.434042,ESP,CIV,8429
2950378,73,44,1354,2017.0,96103.0,2770.0,-0.874714,-0.58418,ETH,CIV,8429
2950379,77,44,1354,2017.0,397286.0,49620.0,1.3874030000000002,0.8887719999999999,FRA,CIV,8429
2950380,80,44,1354,2017.0,1072.0,0.0,-1.352989,-1.230953,GAB,CIV,8429
2950381,81,44,1354,2017.0,26940.0,4556.0,1.499843,1.120201,GBR,CIV,8429
2950382,83,44,1354,2017.0,7873.0,1076.0,-0.910444,-0.906315,GHA,CIV,8429
2950383,85,44,1354,2017.0,0.0,1090.0,-1.694853,-1.30845,GIN,CIV,8429
2950384,90,44,1354,2017.0,2836.0,0.0,0.10646300000000002,1.0936290000000002,GRC,CIV,8429
2950385,97,44,1354,2017.0,1226.0,0.0,0.877065,1.1615520000000001,HKG,CIV,8429
2950386,100,44,1354,2017.0,10556.0,0.0,0.8933700000000001,1.4400469999999999,HRV,CIV,8429
2950387,104,44,1354,2017.0,0.0,4900.0,0.262126,2.8212040000000003,IND,CIV,8429
2950388,106,44,1354,2017.0,74929.0,0.0,1.444823,0.158356,IRL,CIV,8429
2950389,111,44,1354,2017.0,27506.0,1726.0,1.4374559999999998,0.21079699999999998,ITA,CIV,8429
2950390,116,44,1354,2017.0,23509.0,3215.0,-0.549171,0.39358899999999997,KEN,CIV,8429
2950391,118,44,1354,2017.0,12576.0,0.0,-0.654185,-0.655463,KHM,CIV,8429
2950392,124,44,1354,2017.0,16058.0,0.0,0.437192,1.027289,LBN,CIV,8429
2950393,125,44,1354,2017.0,0.0,39952.0,-0.576946,-1.002322,LBR,CIV,8429
2950394,134,44,1354,2017.0,109015.0,18510.0,-0.593987,-0.093414,MAR,CIV,8429
2950395,136,44,1354,2017.0,1223.0,1648.0,-1.098631,-0.8503069999999999,MDG,CIV,8429
2950396,148,44,1354,2017.0,2988.0,0.0,-1.516459,-1.362156,MRT,CIV,8429
2950397,153,44,1354,2017.0,1592.0,4732.0,1.022117,0.6711739999999999,MYS,CIV,8429
2950398,159,44,1354,2017.0,7945.0,2843.0,-1.784814,-1.310281,NGA,CIV,8429
2950399,162,44,1354,2017.0,3189.0,0.0,1.090805,1.452409,NLD,CIV,8429
2950400,163,44,1354,2017.0,5488.0,0.0,0.393228,0.049788,NOR,CIV,8429
2950401,168,44,1354,2017.0,73227.0,0.0,-0.737436,0.345773,PAK,CIV,8429
2950402,174,44,1354,2017.0,1468.0,0.0,0.717074,0.224219,PHL,CIV,8429
2950403,177,44,1354,2017.0,1772.0,0.0,1.212941,0.917751,POL,CIV,8429
2950404,185,44,1354,2017.0,0.0,3081.0,1.145161,1.095192,ROU,CIV,8429
2950405,187,44,1354,2017.0,0.0,2838.0,-0.731128,-0.64418,RWA,CIV,8429
2950406,188,44,1354,2017.0,3942.0,0.0,0.508031,-0.42373500000000003,SAU,CIV,8429
2950407,191,44,1354,2017.0,65559.0,15202.0,-0.604504,-0.228411,SEN,CIV,8429
2950408,192,44,1354,2017.0,3083.0,0.0,1.8943720000000002,0.449316,SGP,CIV,8429
2950409,196,44,1354,2017.0,0.0,9722.0,-0.5391520000000001,-0.570954,SLE,CIV,8429
2950410,206,44,1354,2017.0,5415.0,0.0,1.484316,0.811826,SVK,CIV,8429
2950411,214,44,1354,2017.0,0.0,6021.0,-2.665337,-1.096819,TCD,CIV,8429
2950412,215,44,1354,2017.0,20837.0,0.0,-0.884833,-0.7139220000000001,TGO,CIV,8429
2950413,223,44,1354,2017.0,17070.0,3022.0,0.31342600000000004,1.071153,TUN,CIV,8429
2950414,224,44,1354,2017.0,5385.0,2055.0,0.601079,2.126314,TUR,CIV,8429
2950415,227,44,1354,2017.0,0.0,1462.0,-0.593232,0.247873,UGA,CIV,8429
2950416,231,44,1354,2017.0,123540.0,8989.0,1.536355,0.23775100000000002,USA,CIV,8429
2950417,239,44,1354,2017.0,14189.0,0.0,-0.006548999999999999,0.7030420000000001,VNM,CIV,8429
2950418,246,44,1354,2017.0,24485.0,0.0,-0.048668,1.283483,ZAF,CIV,8429
2950419,7,45,1354,2017.0,144597.0,7816.0,0.222875,-0.204271,ARE,CMR,8429
2950420,18,45,1354,2017.0,9654.0,0.0,1.2396969999999998,1.1699760000000001,BEL,CMR,8429
2950421,24,45,1354,2017.0,0.0,1520.0,0.160574,-0.708064,BHR,CMR,8429
2950422,38,45,1354,2017.0,0.0,1323.0,-0.206833,-0.598638,CAF,CMR,8429
2950423,39,45,1354,2017.0,23305.0,2382.0,0.661032,1.331443,CAN,CMR,8429
2950424,41,45,1354,2017.0,0.0,11087.0,2.2443459999999997,0.836363,CHE,CMR,8429
2950425,43,45,1354,2017.0,1551111.0,0.0,1.2888030000000001,0.9250700000000001,CHN,CMR,8429
2950426,44,45,1354,2017.0,4241.0,1229.0,-0.991865,-0.9496889999999999,CIV,CMR,8429
2950427,47,45,1354,2017.0,1534.0,2679.0,-1.076295,-1.109112,COG,CMR,8429
2950428,61,45,1354,2017.0,12071.0,0.0,2.164026,-2.458307,DEU,CMR,8429
2950429,64,45,1354,2017.0,3030.0,0.0,1.143276,1.242437,DNK,CMR,8429
2950430,68,45,1354,2017.0,2885.0,0.0,-0.09792100000000001,1.9664270000000001,EGY,CMR,8429
2950431,71,45,1354,2017.0,81226.0,0.0,0.7720279999999999,2.434042,ESP,CMR,8429
2950432,77,45,1354,2017.0,359839.0,0.0,1.3874030000000002,0.8887719999999999,FRA,CMR,8429
2950433,81,45,1354,2017.0,57758.0,3584.0,1.499843,1.120201,GBR,CMR,8429
2950434,93,45,1354,2017.0,1238.0,0.0,-0.40755399999999997,0.63358,GTM,CMR,8429
2950435,97,45,1354,2017.0,3618.0,0.0,0.877065,1.1615520000000001,HKG,CMR,8429
2950436,103,45,1354,2017.0,358752.0,0.0,-0.072977,1.376847,IDN,CMR,8429
2950437,104,45,1354,2017.0,18204.0,0.0,0.262126,2.8212040000000003,IND,CMR,8429
2950438,110,45,1354,2017.0,39768.0,0.0,1.158779,0.8909020000000001,ISR,CMR,8429
2950439,111,45,1354,2017.0,52015.0,115361.0,1.4374559999999998,0.21079699999999998,ITA,CMR,8429
2950440,118,45,1354,2017.0,5800.0,0.0,-0.654185,-0.655463,KHM,CMR,8429
2950441,124,45,1354,2017.0,1200.0,0.0,0.437192,1.027289,LBN,CMR,8429
2950442,134,45,1354,2017.0,29297.0,0.0,-0.593987,-0.093414,MAR,CMR,8429
2950443,138,45,1354,2017.0,6230.0,0.0,1.348763,0.6145010000000001,MEX,CMR,8429
2950444,151,45,1354,2017.0,0.0,5634.0,-0.166097,-0.050332,MUS,CMR,8429
2950445,153,45,1354,2017.0,16496.0,50100.0,1.022117,0.6711739999999999,MYS,CMR,8429
2950446,159,45,1354,2017.0,19252.0,0.0,-1.784814,-1.310281,NGA,CMR,8429
2950447,162,45,1354,2017.0,8534.0,1103.0,1.090805,1.452409,NLD,CMR,8429
2950448,179,45,1354,2017.0,3245.0,0.0,0.692908,2.05977,PRT,CMR,8429
2950449,188,45,1354,2017.0,393564.0,0.0,0.508031,-0.42373500000000003,SAU,CMR,8429
2950450,215,45,1354,2017.0,102339.0,0.0,-0.884833,-0.7139220000000001,TGO,CMR,8429
2950451,216,45,1354,2017.0,5763.0,0.0,1.15791,1.282718,THA,CMR,8429
2950452,223,45,1354,2017.0,17954.0,0.0,0.31342600000000004,1.071153,TUN,CMR,8429
2950453,224,45,1354,2017.0,38414.0,0.0,0.601079,2.126314,TUR,CMR,8429
2950454,231,45,1354,2017.0,46817.0,21565.0,1.536355,0.23775100000000002,USA,CMR,8429
2950455,246,45,1354,2017.0,9832.0,0.0,-0.048668,1.283483,ZAF,CMR,8429
2950456,249,45,1354,2017.0,2304.0,0.0,2.003822,1.215216,TWN,CMR,8429
2950457,2,46,1354,2017.0,0.0,1253.0,-1.580759,-1.2589270000000001,AGO,COD,8429
2950458,7,46,1354,2017.0,64166.0,0.0,0.222875,-0.204271,ARE,COD,8429
2950459,15,46,1354,2017.0,0.0,20091.0,1.722766,-0.077938,AUT,COD,8429
2950460,17,46,1354,2017.0,2030.0,0.0,-0.947315,-1.1084049999999999,BDI,COD,8429
2950461,18,46,1354,2017.0,237535.0,0.0,1.2396969999999998,1.1699760000000001,BEL,COD,8429
2950462,19,46,1354,2017.0,1701.0,1834.0,-0.567589,-0.694574,BEN,COD,8429
2950463,22,46,1354,2017.0,7520.0,0.0,-1.007846,-1.112069,BGD,COD,8429
2950464,41,46,1354,2017.0,3185.0,0.0,2.2443459999999997,0.836363,CHE,COD,8429
2950465,43,46,1354,2017.0,874765.0,0.0,1.2888030000000001,0.9250700000000001,CHN,COD,8429
2950466,71,46,1354,2017.0,3095.0,0.0,0.7720279999999999,2.434042,ESP,COD,8429
2950467,77,46,1354,2017.0,30220.0,0.0,1.3874030000000002,0.8887719999999999,FRA,COD,8429
2950468,81,46,1354,2017.0,6640.0,0.0,1.499843,1.120201,GBR,COD,8429
2950469,90,46,1354,2017.0,13338.0,0.0,0.10646300000000002,1.0936290000000002,GRC,COD,8429
2950470,97,46,1354,2017.0,1008.0,0.0,0.877065,1.1615520000000001,HKG,COD,8429
2950471,104,46,1354,2017.0,79155.0,0.0,0.262126,2.8212040000000003,IND,COD,8429
2950472,111,46,1354,2017.0,88615.0,0.0,1.4374559999999998,0.21079699999999998,ITA,COD,8429
2950473,114,46,1354,2017.0,1724.0,0.0,2.4440779999999998,-0.46107700000000007,JPN,COD,8429
2950474,116,46,1354,2017.0,71959.0,0.0,-0.549171,0.39358899999999997,KEN,COD,8429
2950475,118,46,1354,2017.0,533356.0,0.0,-0.654185,-0.655463,KHM,COD,8429
2950476,129,46,1354,2017.0,10972.0,0.0,-0.8381940000000001,-0.750631,LSO,COD,8429
2950477,131,46,1354,2017.0,0.0,2679.0,1.1461629999999998,1.434994,LUX,COD,8429
2950478,162,46,1354,2017.0,6348.0,0.0,1.090805,1.452409,NLD,COD,8429
2950479,185,46,1354,2017.0,3820.0,0.0,1.145161,1.095192,ROU,COD,8429
2950480,188,46,1354,2017.0,202774.0,0.0,0.508031,-0.42373500000000003,SAU,COD,8429
2950481,191,46,1354,2017.0,2923.0,0.0,-0.604504,-0.228411,SEN,COD,8429
2950482,208,46,1354,2017.0,1094.0,0.0,1.695113,0.6885060000000001,SWE,COD,8429
2950483,223,46,1354,2017.0,1268.0,0.0,0.31342600000000004,1.071153,TUN,COD,8429
2950484,224,46,1354,2017.0,6238.0,0.0,0.601079,2.126314,TUR,COD,8429
2950485,226,46,1354,2017.0,5741.0,0.0,-0.968485,0.137755,TZA,COD,8429
2950486,227,46,1354,2017.0,187304.0,0.0,-0.593232,0.247873,UGA,COD,8429
2950487,239,46,1354,2017.0,13096.0,0.0,-0.006548999999999999,0.7030420000000001,VNM,COD,8429
2950488,246,46,1354,2017.0,468352.0,0.0,-0.048668,1.283483,ZAF,COD,8429
2950489,247,46,1354,2017.0,3329.0,0.0,-0.763066,-0.9292530000000001,ZMB,COD,8429
2950490,248,46,1354,2017.0,3426.0,0.0,-1.101034,-1.107705,ZWE,COD,8429
2950491,2,47,1354,2017.0,13079.0,2667.0,-1.580759,-1.2589270000000001,AGO,COG,8429
2950492,7,47,1354,2017.0,95849.0,0.0,0.222875,-0.204271,ARE,COG,8429
2950493,15,47,1354,2017.0,3852.0,22875.0,1.722766,-0.077938,AUT,COG,8429
2950494,18,47,1354,2017.0,61304.0,0.0,1.2396969999999998,1.1699760000000001,BEL,COG,8429
2950495,19,47,1354,2017.0,2647.0,0.0,-0.567589,-0.694574,BEN,COG,8429
2950496,38,47,1354,2017.0,0.0,4863.0,-0.206833,-0.598638,CAF,COG,8429
2950497,43,47,1354,2017.0,1011021.0,0.0,1.2888030000000001,0.9250700000000001,CHN,COG,8429
2950498,44,47,1354,2017.0,1292.0,0.0,-0.991865,-0.9496889999999999,CIV,COG,8429
2950499,45,47,1354,2017.0,2679.0,1534.0,-1.039442,-1.026684,CMR,COG,8429
2950500,73,47,1354,2017.0,0.0,3697.0,-0.874714,-0.58418,ETH,COG,8429
2950501,77,47,1354,2017.0,872931.0,0.0,1.3874030000000002,0.8887719999999999,FRA,COG,8429
2950502,80,47,1354,2017.0,4385.0,0.0,-1.352989,-1.230953,GAB,COG,8429
2950503,81,47,1354,2017.0,7770.0,0.0,1.499843,1.120201,GBR,COG,8429
2950504,97,47,1354,2017.0,2536.0,0.0,0.877065,1.1615520000000001,HKG,COG,8429
2950505,104,47,1354,2017.0,650811.0,0.0,0.262126,2.8212040000000003,IND,COG,8429
2950506,106,47,1354,2017.0,3328.0,0.0,1.444823,0.158356,IRL,COG,8429
2950507,111,47,1354,2017.0,136542.0,0.0,1.4374559999999998,0.21079699999999998,ITA,COG,8429
2950508,116,47,1354,2017.0,6036.0,0.0,-0.549171,0.39358899999999997,KEN,COG,8429
2950509,124,47,1354,2017.0,7149.0,0.0,0.437192,1.027289,LBN,COG,8429
2950510,134,47,1354,2017.0,1182.0,0.0,-0.593987,-0.093414,MAR,COG,8429
2950511,162,47,1354,2017.0,48986.0,0.0,1.090805,1.452409,NLD,COG,8429
2950512,163,47,1354,2017.0,9517.0,0.0,0.393228,0.049788,NOR,COG,8429
2950513,174,47,1354,2017.0,2602.0,0.0,0.717074,0.224219,PHL,COG,8429
2950514,179,47,1354,2017.0,4729.0,0.0,0.692908,2.05977,PRT,COG,8429
2950515,188,47,1354,2017.0,234722.0,0.0,0.508031,-0.42373500000000003,SAU,COG,8429
2950516,191,47,1354,2017.0,22638.0,0.0,-0.604504,-0.228411,SEN,COG,8429
2950517,192,47,1354,2017.0,6057.0,0.0,1.8943720000000002,0.449316,SGP,COG,8429
2950518,215,47,1354,2017.0,107561.0,0.0,-0.884833,-0.7139220000000001,TGO,COG,8429
2950519,223,47,1354,2017.0,2520.0,0.0,0.31342600000000004,1.071153,TUN,COG,8429
2950520,224,47,1354,2017.0,1843.0,0.0,0.601079,2.126314,TUR,COG,8429
2950521,231,47,1354,2017.0,24015.0,0.0,1.536355,0.23775100000000002,USA,COG,8429
2950522,246,47,1354,2017.0,5796.0,0.0,-0.048668,1.283483,ZAF,COG,8429
2950523,248,47,1354,2017.0,7659.0,0.0,-1.101034,-1.107705,ZWE,COG,8429
2950524,32,51,1354,2017.0,53712.0,0.0,0.103119,0.808438,BRA,CPV,8429
2950525,43,51,1354,2017.0,24412.0,0.0,1.2888030000000001,0.9250700000000001,CHN,CPV,8429
2950526,61,51,1354,2017.0,3069.0,0.0,2.164026,-2.458307,DEU,CPV,8429
2950527,71,51,1354,2017.0,324979.0,0.0,0.7720279999999999,2.434042,ESP,CPV,8429
2950528,111,51,1354,2017.0,1919.0,0.0,1.4374559999999998,0.21079699999999998,ITA,CPV,8429
2950529,134,51,1354,2017.0,1432.0,0.0,-0.593987,-0.093414,MAR,CPV,8429
2950530,162,51,1354,2017.0,10833.0,0.0,1.090805,1.452409,NLD,CPV,8429
2950531,179,51,1354,2017.0,260935.0,1050.0,0.692908,2.05977,PRT,CPV,8429
2950532,250,51,1354,2017.0,8581.0,0.0,0.472054,-0.363374,ANS,CPV,8429
2950533,39,54,1354,2017.0,296148.0,0.0,0.661032,1.331443,CAN,CUB,8429
2950534,43,54,1354,2017.0,528574.0,0.0,1.2888030000000001,0.9250700000000001,CHN,CUB,8429
2950535,61,54,1354,2017.0,8262.0,0.0,2.164026,-2.458307,DEU,CUB,8429
2950536,71,54,1354,2017.0,1692293.0,0.0,0.7720279999999999,2.434042,ESP,CUB,8429
2950537,77,54,1354,2017.0,19836.0,0.0,1.3874030000000002,0.8887719999999999,FRA,CUB,8429
2950538,93,54,1354,2017.0,2058.0,0.0,-0.40755399999999997,0.63358,GTM,CUB,8429
2950539,111,54,1354,2017.0,929555.0,0.0,1.4374559999999998,0.21079699999999998,ITA,CUB,8429
2950540,138,54,1354,2017.0,28378.0,0.0,1.348763,0.6145010000000001,MEX,CUB,8429
2950541,162,54,1354,2017.0,14223.0,0.0,1.090805,1.452409,NLD,CUB,8429
2950542,169,54,1354,2017.0,170664.0,0.0,0.638093,1.01027,PAN,CUB,8429
2950543,177,54,1354,2017.0,1189.0,0.0,1.212941,0.917751,POL,CUB,8429
2950544,179,54,1354,2017.0,11678.0,0.0,0.692908,2.05977,PRT,CUB,8429
2950545,7,62,1354,2017.0,2732762.0,0.0,0.222875,-0.204271,ARE,DJI,8429
2950546,43,62,1354,2017.0,5444255.0,0.0,1.2888030000000001,0.9250700000000001,CHN,DJI,8429
2950547,68,62,1354,2017.0,1529.0,0.0,-0.09792100000000001,1.9664270000000001,EGY,DJI,8429
2950548,77,62,1354,2017.0,14357.0,20673.0,1.3874030000000002,0.8887719999999999,FRA,DJI,8429
2950549,103,62,1354,2017.0,1495888.0,0.0,-0.072977,1.376847,IDN,DJI,8429
2950550,104,62,1354,2017.0,17432.0,0.0,0.262126,2.8212040000000003,IND,DJI,8429
2950551,111,62,1354,2017.0,30461.0,0.0,1.4374559999999998,0.21079699999999998,ITA,DJI,8429
2950552,136,62,1354,2017.0,1781.0,0.0,-1.098631,-0.8503069999999999,MDG,DJI,8429
2950553,174,62,1354,2017.0,1845.0,0.0,0.717074,0.224219,PHL,DJI,8429
2950554,188,62,1354,2017.0,308451.0,0.0,0.508031,-0.42373500000000003,SAU,DJI,8429
2950555,216,62,1354,2017.0,1224.0,0.0,1.15791,1.282718,THA,DJI,8429
2950556,223,62,1354,2017.0,2855.0,0.0,0.31342600000000004,1.071153,TUN,DJI,8429
2950557,224,62,1354,2017.0,20660.0,0.0,0.601079,2.126314,TUR,DJI,8429
2950558,231,62,1354,2017.0,21936.0,0.0,1.536355,0.23775100000000002,USA,DJI,8429
2950559,7,66,1354,2017.0,439914.0,0.0,0.222875,-0.204271,ARE,DZA,8429
2950560,18,66,1354,2017.0,208629.0,0.0,1.2396969999999998,1.1699760000000001,BEL,DZA,8429
2950561,19,66,1354,2017.0,0.0,2951.0,-0.567589,-0.694574,BEN,DZA,8429
2950562,22,66,1354,2017.0,225071.0,0.0,-1.007846,-1.112069,BGD,DZA,8429
2950563,23,66,1354,2017.0,215036.0,0.0,0.563342,1.744989,BGR,DZA,8429
2950564,26,66,1354,2017.0,6515.0,0.0,0.584825,0.9219,BIH,DZA,8429
2950565,39,66,1354,2017.0,55485.0,0.0,0.661032,1.331443,CAN,DZA,8429
2950566,41,66,1354,2017.0,5627.0,0.0,2.2443459999999997,0.836363,CHE,DZA,8429
2950567,43,66,1354,2017.0,57082432.0,0.0,1.2888030000000001,0.9250700000000001,CHN,DZA,8429
2950568,58,66,1354,2017.0,21250.0,0.0,0.35097399999999995,0.103466,CYP,DZA,8429
2950569,61,66,1354,2017.0,203220.0,0.0,2.164026,-2.458307,DEU,DZA,8429
2950570,68,66,1354,2017.0,189982.0,0.0,-0.09792100000000001,1.9664270000000001,EGY,DZA,8429
2950571,71,66,1354,2017.0,912758.0,0.0,0.7720279999999999,2.434042,ESP,DZA,8429
2950572,77,66,1354,2017.0,8359400.0,0.0,1.3874030000000002,0.8887719999999999,FRA,DZA,8429
2950573,81,66,1354,2017.0,89955.0,0.0,1.499843,1.120201,GBR,DZA,8429
2950574,97,66,1354,2017.0,3282.0,0.0,0.877065,1.1615520000000001,HKG,DZA,8429
2950575,103,66,1354,2017.0,346375.0,0.0,-0.072977,1.376847,IDN,DZA,8429
2950576,104,66,1354,2017.0,92134.0,0.0,0.262126,2.8212040000000003,IND,DZA,8429
2950577,106,66,1354,2017.0,12861.0,0.0,1.444823,0.158356,IRL,DZA,8429
2950578,111,66,1354,2017.0,780160.0,0.0,1.4374559999999998,0.21079699999999998,ITA,DZA,8429
2950579,113,66,1354,2017.0,1850.0,0.0,0.079237,0.182893,JOR,DZA,8429
2950580,114,66,1354,2017.0,1022.0,0.0,2.4440779999999998,-0.46107700000000007,JPN,DZA,8429
2950581,118,66,1354,2017.0,206558.0,0.0,-0.654185,-0.655463,KHM,DZA,8429
2950582,121,66,1354,2017.0,118769.0,0.0,2.1277470000000003,0.8218719999999999,KOR,DZA,8429
2950583,128,66,1354,2017.0,3235.0,0.0,-0.506691,0.43309200000000003,LKA,DZA,8429
2950584,131,66,1354,2017.0,1189.0,0.0,1.1461629999999998,1.434994,LUX,DZA,8429
2950585,134,66,1354,2017.0,15520088.0,0.0,-0.593987,-0.093414,MAR,DZA,8429
2950586,138,66,1354,2017.0,201912.0,0.0,1.348763,0.6145010000000001,MEX,DZA,8429
2950587,143,66,1354,2017.0,139154.0,0.0,-0.9113129999999999,-0.21514,MMR,DZA,8429
2950588,153,66,1354,2017.0,74280.0,0.0,1.022117,0.6711739999999999,MYS,DZA,8429
2950589,162,66,1354,2017.0,14977.0,0.0,1.090805,1.452409,NLD,DZA,8429
2950590,163,66,1354,2017.0,0.0,2092.0,0.393228,0.049788,NOR,DZA,8429
2950591,167,66,1354,2017.0,2818.0,0.0,-0.44851199999999997,-0.9820049999999999,OMN,DZA,8429
2950592,168,66,1354,2017.0,443061.0,0.0,-0.737436,0.345773,PAK,DZA,8429
2950593,174,66,1354,2017.0,6407.0,0.0,0.717074,0.224219,PHL,DZA,8429
2950594,177,66,1354,2017.0,14012.0,0.0,1.212941,0.917751,POL,DZA,8429
2950595,179,66,1354,2017.0,46444.0,0.0,0.692908,2.05977,PRT,DZA,8429
2950596,185,66,1354,2017.0,8341.0,0.0,1.145161,1.095192,ROU,DZA,8429
2950597,186,66,1354,2017.0,1011101.0,0.0,0.07402,0.248236,RUS,DZA,8429
2950598,188,66,1354,2017.0,260941.0,0.0,0.508031,-0.42373500000000003,SAU,DZA,8429
2950599,192,66,1354,2017.0,3003.0,0.0,1.8943720000000002,0.449316,SGP,DZA,8429
2950600,201,66,1354,2017.0,1266.0,0.0,0.59312,1.535527,SRB,DZA,8429
2950601,206,66,1354,2017.0,10982.0,0.0,1.484316,0.811826,SVK,DZA,8429
2950602,216,66,1354,2017.0,34289.0,0.0,1.15791,1.282718,THA,DZA,8429
2950603,223,66,1354,2017.0,314074.0,0.0,0.31342600000000004,1.071153,TUN,DZA,8429
2950604,224,66,1354,2017.0,4958960.0,0.0,0.601079,2.126314,TUR,DZA,8429
2950605,230,66,1354,2017.0,45510.0,0.0,0.09085900000000001,-0.246694,URY,DZA,8429
2950606,231,66,1354,2017.0,84343.0,0.0,1.536355,0.23775100000000002,USA,DZA,8429
2950607,239,66,1354,2017.0,393225.0,0.0,-0.006548999999999999,0.7030420000000001,VNM,DZA,8429
2950608,7,73,1354,2017.0,524720.0,3281.0,0.222875,-0.204271,ARE,ETH,8429
2950609,14,73,1354,2017.0,0.0,31732.0,-0.598537,-0.23571,AUS,ETH,8429
2950610,15,73,1354,2017.0,1196.0,114317.0,1.722766,-0.077938,AUT,ETH,8429
2950611,18,73,1354,2017.0,0.0,2228.0,1.2396969999999998,1.1699760000000001,BEL,ETH,8429
2950612,26,73,1354,2017.0,2485.0,0.0,0.584825,0.9219,BIH,ETH,8429
2950613,32,73,1354,2017.0,0.0,52417.0,0.103119,0.808438,BRA,ETH,8429
2950614,39,73,1354,2017.0,0.0,121758.0,0.661032,1.331443,CAN,ETH,8429
2950615,41,73,1354,2017.0,5600.0,8966.0,2.2443459999999997,0.836363,CHE,ETH,8429
2950616,43,73,1354,2017.0,4369911.0,0.0,1.2888030000000001,0.9250700000000001,CHN,ETH,8429
2950617,44,73,1354,2017.0,2770.0,96103.0,-0.991865,-0.9496889999999999,CIV,ETH,8429
2950618,47,73,1354,2017.0,3697.0,0.0,-1.076295,-1.109112,COG,ETH,8429
2950619,59,73,1354,2017.0,4836.0,9130.0,1.8494680000000001,0.150088,CZE,ETH,8429
2950620,61,73,1354,2017.0,36735.0,164595.0,2.164026,-2.458307,DEU,ETH,8429
2950621,67,73,1354,2017.0,1816.0,0.0,-1.109413,-1.1561270000000001,ECU,ETH,8429
2950622,68,73,1354,2017.0,15323.0,0.0,-0.09792100000000001,1.9664270000000001,EGY,ETH,8429
2950623,71,73,1354,2017.0,64874.0,0.0,0.7720279999999999,2.434042,ESP,ETH,8429
2950624,77,73,1354,2017.0,22070.0,26295.0,1.3874030000000002,0.8887719999999999,FRA,ETH,8429
2950625,81,73,1354,2017.0,18292.0,0.0,1.499843,1.120201,GBR,ETH,8429
2950626,83,73,1354,2017.0,0.0,1006.0,-0.910444,-0.906315,GHA,ETH,8429
2950627,103,73,1354,2017.0,147644.0,1086.0,-0.072977,1.376847,IDN,ETH,8429
2950628,104,73,1354,2017.0,42682.0,0.0,0.262126,2.8212040000000003,IND,ETH,8429
2950629,111,73,1354,2017.0,11855.0,876553.0,1.4374559999999998,0.21079699999999998,ITA,ETH,8429
2950630,113,73,1354,2017.0,0.0,1215.0,0.079237,0.182893,JOR,ETH,8429
2950631,114,73,1354,2017.0,1793.0,20581.0,2.4440779999999998,-0.46107700000000007,JPN,ETH,8429
2950632,116,73,1354,2017.0,0.0,23474.0,-0.549171,0.39358899999999997,KEN,ETH,8429
2950633,118,73,1354,2017.0,2313.0,0.0,-0.654185,-0.655463,KHM,ETH,8429
2950634,121,73,1354,2017.0,9092.0,0.0,2.1277470000000003,0.8218719999999999,KOR,ETH,8429
2950635,141,73,1354,2017.0,0.0,2212.0,-0.49141,-0.595619,MLI,ETH,8429
2950636,162,73,1354,2017.0,0.0,38705.0,1.090805,1.452409,NLD,ETH,8429
2950637,163,73,1354,2017.0,2209.0,0.0,0.393228,0.049788,NOR,ETH,8429
2950638,166,73,1354,2017.0,0.0,1370.0,0.154926,0.10981500000000001,NZL,ETH,8429
2950639,174,73,1354,2017.0,5507.0,0.0,0.717074,0.224219,PHL,ETH,8429
2950640,177,73,1354,2017.0,0.0,13403.0,1.212941,0.917751,POL,ETH,8429
2950641,179,73,1354,2017.0,0.0,24648.0,0.692908,2.05977,PRT,ETH,8429
2950642,186,73,1354,2017.0,0.0,7356.0,0.07402,0.248236,RUS,ETH,8429
2950643,188,73,1354,2017.0,64682.0,0.0,0.508031,-0.42373500000000003,SAU,ETH,8429
2950644,192,73,1354,2017.0,0.0,1977.0,1.8943720000000002,0.449316,SGP,ETH,8429
2950645,206,73,1354,2017.0,0.0,3274.0,1.484316,0.811826,SVK,ETH,8429
2950646,207,73,1354,2017.0,0.0,3722.0,1.597178,0.753722,SVN,ETH,8429
2950647,208,73,1354,2017.0,0.0,1639.0,1.695113,0.6885060000000001,SWE,ETH,8429
2950648,216,73,1354,2017.0,6225.0,0.0,1.15791,1.282718,THA,ETH,8429
2950649,223,73,1354,2017.0,4423.0,0.0,0.31342600000000004,1.071153,TUN,ETH,8429
2950650,224,73,1354,2017.0,112093.0,77576.0,0.601079,2.126314,TUR,ETH,8429
2950651,231,73,1354,2017.0,102891.0,305328.0,1.536355,0.23775100000000002,USA,ETH,8429
2950652,239,73,1354,2017.0,2767.0,0.0,-0.006548999999999999,0.7030420000000001,VNM,ETH,8429
2950653,246,73,1354,2017.0,0.0,4464.0,-0.048668,1.283483,ZAF,ETH,8429
2950654,249,73,1354,2017.0,0.0,3668.0,2.003822,1.215216,TWN,ETH,8429
2950655,7,80,1354,2017.0,99590.0,0.0,0.222875,-0.204271,ARE,GAB,8429
2950656,18,80,1354,2017.0,3127.0,0.0,1.2396969999999998,1.1699760000000001,BEL,GAB,8429
2950657,39,80,1354,2017.0,6407.0,0.0,0.661032,1.331443,CAN,GAB,8429
2950658,43,80,1354,2017.0,354842.0,0.0,1.2888030000000001,0.9250700000000001,CHN,GAB,8429
2950659,44,80,1354,2017.0,0.0,1072.0,-0.991865,-0.9496889999999999,CIV,GAB,8429
2950660,47,80,1354,2017.0,0.0,4385.0,-1.076295,-1.109112,COG,GAB,8429
2950661,77,80,1354,2017.0,906530.0,0.0,1.3874030000000002,0.8887719999999999,FRA,GAB,8429
2950662,81,80,1354,2017.0,112365.0,0.0,1.499843,1.120201,GBR,GAB,8429
2950663,97,80,1354,2017.0,12199.0,0.0,0.877065,1.1615520000000001,HKG,GAB,8429
2950664,104,80,1354,2017.0,10426.0,0.0,0.262126,2.8212040000000003,IND,GAB,8429
2950665,106,80,1354,2017.0,6309.0,0.0,1.444823,0.158356,IRL,GAB,8429
2950666,111,80,1354,2017.0,9430.0,0.0,1.4374559999999998,0.21079699999999998,ITA,GAB,8429
2950667,134,80,1354,2017.0,14365.0,0.0,-0.593987,-0.093414,MAR,GAB,8429
2950668,141,80,1354,2017.0,0.0,1536.0,-0.49141,-0.595619,MLI,GAB,8429
2950669,162,80,1354,2017.0,8638.0,0.0,1.090805,1.452409,NLD,GAB,8429
2950670,190,80,1354,2017.0,0.0,5622.0,-1.488393,-1.236046,SDN,GAB,8429
2950671,203,80,1354,2017.0,0.0,1997.0,0.712883,-0.32405900000000004,STP,GAB,8429
2950672,223,80,1354,2017.0,3034.0,0.0,0.31342600000000004,1.071153,TUN,GAB,8429
2950673,231,80,1354,2017.0,12800.0,0.0,1.536355,0.23775100000000002,USA,GAB,8429
2950674,246,80,1354,2017.0,9774.0,0.0,-0.048668,1.283483,ZAF,GAB,8429
2950675,7,83,1354,2017.0,111043.0,0.0,0.222875,-0.204271,ARE,GHA,8429
2950676,14,83,1354,2017.0,16536.0,0.0,-0.598537,-0.23571,AUS,GHA,8429
2950677,15,83,1354,2017.0,34786.0,0.0,1.722766,-0.077938,AUT,GHA,8429
2950678,18,83,1354,2017.0,35110.0,0.0,1.2396969999999998,1.1699760000000001,BEL,GHA,8429
2950679,19,83,1354,2017.0,0.0,15366.0,-0.567589,-0.694574,BEN,GHA,8429
2950680,21,83,1354,2017.0,0.0,30103.0,-1.0605440000000002,-1.038926,BFA,GHA,8429
2950681,32,83,1354,2017.0,1660.0,0.0,0.103119,0.808438,BRA,GHA,8429
2950682,43,83,1354,2017.0,2421947.0,0.0,1.2888030000000001,0.9250700000000001,CHN,GHA,8429
2950683,44,83,1354,2017.0,1076.0,7873.0,-0.991865,-0.9496889999999999,CIV,GHA,8429
2950684,59,83,1354,2017.0,1338.0,0.0,1.8494680000000001,0.150088,CZE,GHA,8429
2950685,61,83,1354,2017.0,18674.0,0.0,2.164026,-2.458307,DEU,GHA,8429
2950686,64,83,1354,2017.0,92482.0,0.0,1.143276,1.242437,DNK,GHA,8429
2950687,71,83,1354,2017.0,5114.0,0.0,0.7720279999999999,2.434042,ESP,GHA,8429
2950688,73,83,1354,2017.0,1006.0,0.0,-0.874714,-0.58418,ETH,GHA,8429
2950689,77,83,1354,2017.0,114350.0,0.0,1.3874030000000002,0.8887719999999999,FRA,GHA,8429
2950690,81,83,1354,2017.0,408458.0,9903.0,1.499843,1.120201,GBR,GHA,8429
2950691,97,83,1354,2017.0,16242.0,0.0,0.877065,1.1615520000000001,HKG,GHA,8429
2950692,104,83,1354,2017.0,55140.0,0.0,0.262126,2.8212040000000003,IND,GHA,8429
2950693,106,83,1354,2017.0,46129.0,0.0,1.444823,0.158356,IRL,GHA,8429
2950694,110,83,1354,2017.0,2309.0,0.0,1.158779,0.8909020000000001,ISR,GHA,8429
2950695,111,83,1354,2017.0,81298.0,0.0,1.4374559999999998,0.21079699999999998,ITA,GHA,8429
2950696,121,83,1354,2017.0,6038.0,0.0,2.1277470000000003,0.8218719999999999,KOR,GHA,8429
2950697,124,83,1354,2017.0,29843.0,0.0,0.437192,1.027289,LBN,GHA,8429
2950698,141,83,1354,2017.0,0.0,1972.0,-0.49141,-0.595619,MLI,GHA,8429
2950699,157,83,1354,2017.0,0.0,13330.0,-0.904508,-0.9522940000000001,NER,GHA,8429
2950700,159,83,1354,2017.0,0.0,8827.0,-1.784814,-1.310281,NGA,GHA,8429
2950701,162,83,1354,2017.0,36744.0,0.0,1.090805,1.452409,NLD,GHA,8429
2950702,163,83,1354,2017.0,1068.0,0.0,0.393228,0.049788,NOR,GHA,8429
2950703,168,83,1354,2017.0,25004.0,0.0,-0.737436,0.345773,PAK,GHA,8429
2950704,174,83,1354,2017.0,10035.0,0.0,0.717074,0.224219,PHL,GHA,8429
2950705,179,83,1354,2017.0,1652.0,0.0,0.692908,2.05977,PRT,GHA,8429
2950706,188,83,1354,2017.0,136823.0,0.0,0.508031,-0.42373500000000003,SAU,GHA,8429
2950707,215,83,1354,2017.0,3266.0,15392.0,-0.884833,-0.7139220000000001,TGO,GHA,8429
2950708,224,83,1354,2017.0,15436.0,0.0,0.601079,2.126314,TUR,GHA,8429
2950709,231,83,1354,2017.0,104689.0,5136.0,1.536355,0.23775100000000002,USA,GHA,8429
2950710,239,83,1354,2017.0,4594.0,0.0,-0.006548999999999999,0.7030420000000001,VNM,GHA,8429
2950711,246,83,1354,2017.0,70379.0,0.0,-0.048668,1.283483,ZAF,GHA,8429
2950712,7,85,1354,2017.0,31890.0,0.0,0.222875,-0.204271,ARE,GIN,8429
2950713,18,85,1354,2017.0,13703.0,0.0,1.2396969999999998,1.1699760000000001,BEL,GIN,8429
2950714,41,85,1354,2017.0,0.0,1753.0,2.2443459999999997,0.836363,CHE,GIN,8429
2950715,43,85,1354,2017.0,984988.0,0.0,1.2888030000000001,0.9250700000000001,CHN,GIN,8429
2950716,44,85,1354,2017.0,1090.0,0.0,-0.991865,-0.9496889999999999,CIV,GIN,8429
2950717,61,85,1354,2017.0,77451.0,0.0,2.164026,-2.458307,DEU,GIN,8429
2950718,68,85,1354,2017.0,74681.0,0.0,-0.09792100000000001,1.9664270000000001,EGY,GIN,8429
2950719,71,85,1354,2017.0,5990.0,0.0,0.7720279999999999,2.434042,ESP,GIN,8429
2950720,77,85,1354,2017.0,111272.0,0.0,1.3874030000000002,0.8887719999999999,FRA,GIN,8429
2950721,104,85,1354,2017.0,7493.0,0.0,0.262126,2.8212040000000003,IND,GIN,8429
2950722,111,85,1354,2017.0,10356.0,0.0,1.4374559999999998,0.21079699999999998,ITA,GIN,8429
2950723,121,85,1354,2017.0,1724.0,0.0,2.1277470000000003,0.8218719999999999,KOR,GIN,8429
2950724,134,85,1354,2017.0,98314.0,0.0,-0.593987,-0.093414,MAR,GIN,8429
2950725,224,85,1354,2017.0,4395.0,0.0,0.601079,2.126314,TUR,GIN,8429
2950726,231,85,1354,2017.0,10248.0,0.0,1.536355,0.23775100000000002,USA,GIN,8429
2950727,246,85,1354,2017.0,31979.0,0.0,-0.048668,1.283483,ZAF,GIN,8429
2950728,43,88,1354,2017.0,11060.0,0.0,1.2888030000000001,0.9250700000000001,CHN,GNB,8429
2950729,179,88,1354,2017.0,30930.0,0.0,0.692908,2.05977,PRT,GNB,8429
2950730,191,88,1354,2017.0,23408.0,0.0,-0.604504,-0.228411,SEN,GNB,8429
2950731,7,89,1354,2017.0,6881.0,0.0,0.222875,-0.204271,ARE,GNQ,8429
2950732,18,89,1354,2017.0,6140.0,0.0,1.2396969999999998,1.1699760000000001,BEL,GNQ,8429
2950733,39,89,1354,2017.0,1841.0,0.0,0.661032,1.331443,CAN,GNQ,8429
2950734,43,89,1354,2017.0,78354.0,0.0,1.2888030000000001,0.9250700000000001,CHN,GNQ,8429
2950735,71,89,1354,2017.0,272493.0,0.0,0.7720279999999999,2.434042,ESP,GNQ,8429
2950736,77,89,1354,2017.0,12879.0,0.0,1.3874030000000002,0.8887719999999999,FRA,GNQ,8429
2950737,81,89,1354,2017.0,104139.0,0.0,1.499843,1.120201,GBR,GNQ,8429
2950738,110,89,1354,2017.0,8000.0,0.0,1.158779,0.8909020000000001,ISR,GNQ,8429
2950739,111,89,1354,2017.0,1574.0,0.0,1.4374559999999998,0.21079699999999998,ITA,GNQ,8429
2950740,124,89,1354,2017.0,1290.0,0.0,0.437192,1.027289,LBN,GNQ,8429
2950741,134,89,1354,2017.0,2377.0,0.0,-0.593987,-0.093414,MAR,GNQ,8429
2950742,162,89,1354,2017.0,19125.0,0.0,1.090805,1.452409,NLD,GNQ,8429
2950743,231,89,1354,2017.0,65159.0,0.0,1.536355,0.23775100000000002,USA,GNQ,8429
2950744,43,125,1354,2017.0,1213035.0,0.0,1.2888030000000001,0.9250700000000001,CHN,LBR,8429
2950745,44,125,1354,2017.0,39952.0,0.0,-0.991865,-0.9496889999999999,CIV,LBR,8429
2950746,61,125,1354,2017.0,38563.0,0.0,2.164026,-2.458307,DEU,LBR,8429
2950747,77,125,1354,2017.0,35882.0,0.0,1.3874030000000002,0.8887719999999999,FRA,LBR,8429
2950748,81,125,1354,2017.0,3264.0,0.0,1.499843,1.120201,GBR,LBR,8429
2950749,90,125,1354,2017.0,134939.0,0.0,0.10646300000000002,1.0936290000000002,GRC,LBR,8429
2950750,104,125,1354,2017.0,2503.0,0.0,0.262126,2.8212040000000003,IND,LBR,8429
2950751,110,125,1354,2017.0,2000.0,0.0,1.158779,0.8909020000000001,ISR,LBR,8429
2950752,111,125,1354,2017.0,17751.0,0.0,1.4374559999999998,0.21079699999999998,ITA,LBR,8429
2950753,124,125,1354,2017.0,29506.0,0.0,0.437192,1.027289,LBN,LBR,8429
2950754,224,125,1354,2017.0,12000.0,0.0,0.601079,2.126314,TUR,LBR,8429
2950755,231,125,1354,2017.0,129253.0,0.0,1.536355,0.23775100000000002,USA,LBR,8429
2950756,246,125,1354,2017.0,2332.0,0.0,-0.048668,1.283483,ZAF,LBR,8429
2950757,7,141,1354,2017.0,1752.0,0.0,0.222875,-0.204271,ARE,MLI,8429
2950758,18,141,1354,2017.0,7167.0,0.0,1.2396969999999998,1.1699760000000001,BEL,MLI,8429
2950759,19,141,1354,2017.0,3046.0,0.0,-0.567589,-0.694574,BEN,MLI,8429
2950760,23,141,1354,2017.0,1472.0,0.0,0.563342,1.744989,BGR,MLI,8429
2950761,39,141,1354,2017.0,0.0,45011.0,0.661032,1.331443,CAN,MLI,8429
2950762,43,141,1354,2017.0,593722.0,0.0,1.2888030000000001,0.9250700000000001,CHN,MLI,8429
2950763,64,141,1354,2017.0,2745.0,0.0,1.143276,1.242437,DNK,MLI,8429
2950764,71,141,1354,2017.0,7291.0,0.0,0.7720279999999999,2.434042,ESP,MLI,8429
2950765,73,141,1354,2017.0,2212.0,0.0,-0.874714,-0.58418,ETH,MLI,8429
2950766,74,141,1354,2017.0,7616.0,0.0,1.6562990000000002,0.94619,FIN,MLI,8429
2950767,77,141,1354,2017.0,313327.0,1651.0,1.3874030000000002,0.8887719999999999,FRA,MLI,8429
2950768,80,141,1354,2017.0,1536.0,0.0,-1.352989,-1.230953,GAB,MLI,8429
2950769,81,141,1354,2017.0,18010.0,0.0,1.499843,1.120201,GBR,MLI,8429
2950770,83,141,1354,2017.0,1972.0,0.0,-0.910444,-0.906315,GHA,MLI,8429
2950771,104,141,1354,2017.0,288768.0,0.0,0.262126,2.8212040000000003,IND,MLI,8429
2950772,111,141,1354,2017.0,47184.0,3429.0,1.4374559999999998,0.21079699999999998,ITA,MLI,8429
2950773,134,141,1354,2017.0,305608.0,0.0,-0.593987,-0.093414,MAR,MLI,8429
2950774,138,141,1354,2017.0,18363.0,0.0,1.348763,0.6145010000000001,MEX,MLI,8429
2950775,148,141,1354,2017.0,2104.0,0.0,-1.516459,-1.362156,MRT,MLI,8429
2950776,162,141,1354,2017.0,9851.0,0.0,1.090805,1.452409,NLD,MLI,8429
2950777,163,141,1354,2017.0,5849.0,0.0,0.393228,0.049788,NOR,MLI,8429
2950778,179,141,1354,2017.0,0.0,1183.0,0.692908,2.05977,PRT,MLI,8429
2950779,191,141,1354,2017.0,4491.0,6094.0,-0.604504,-0.228411,SEN,MLI,8429
2950780,208,141,1354,2017.0,5337.0,0.0,1.695113,0.6885060000000001,SWE,MLI,8429
2950781,224,141,1354,2017.0,13813.0,0.0,0.601079,2.126314,TUR,MLI,8429
2950782,228,141,1354,2017.0,23780.0,0.0,0.34780900000000003,1.076817,UKR,MLI,8429
2950783,231,141,1354,2017.0,259121.0,0.0,1.536355,0.23775100000000002,USA,MLI,8429
2950784,246,141,1354,2017.0,133953.0,0.0,-0.048668,1.283483,ZAF,MLI,8429
2950785,7,148,1354,2017.0,79990.0,0.0,0.222875,-0.204271,ARE,MRT,8429
2950786,14,148,1354,2017.0,1712.0,0.0,-0.598537,-0.23571,AUS,MRT,8429
2950787,18,148,1354,2017.0,107716.0,0.0,1.2396969999999998,1.1699760000000001,BEL,MRT,8429
2950788,22,148,1354,2017.0,5508.0,0.0,-1.007846,-1.112069,BGD,MRT,8429
2950789,41,148,1354,2017.0,0.0,3839.0,2.2443459999999997,0.836363,CHE,MRT,8429
2950790,43,148,1354,2017.0,17355900.0,0.0,1.2888030000000001,0.9250700000000001,CHN,MRT,8429
2950791,44,148,1354,2017.0,0.0,2988.0,-0.991865,-0.9496889999999999,CIV,MRT,8429
2950792,61,148,1354,2017.0,7836.0,1697.0,2.164026,-2.458307,DEU,MRT,8429
2950793,71,148,1354,2017.0,407767.0,1324.0,0.7720279999999999,2.434042,ESP,MRT,8429
2950794,77,148,1354,2017.0,1027647.0,4979.0,1.3874030000000002,0.8887719999999999,FRA,MRT,8429
2950795,81,148,1354,2017.0,13933.0,0.0,1.499843,1.120201,GBR,MRT,8429
2950796,97,148,1354,2017.0,19440.0,0.0,0.877065,1.1615520000000001,HKG,MRT,8429
2950797,103,148,1354,2017.0,9241.0,0.0,-0.072977,1.376847,IDN,MRT,8429
2950798,104,148,1354,2017.0,61055.0,0.0,0.262126,2.8212040000000003,IND,MRT,8429
2950799,111,148,1354,2017.0,31605.0,0.0,1.4374559999999998,0.21079699999999998,ITA,MRT,8429
2950800,124,148,1354,2017.0,5418.0,0.0,0.437192,1.027289,LBN,MRT,8429
2950801,134,148,1354,2017.0,1493394.0,0.0,-0.593987,-0.093414,MAR,MRT,8429
2950802,141,148,1354,2017.0,0.0,2104.0,-0.49141,-0.595619,MLI,MRT,8429
2950803,162,148,1354,2017.0,61611.0,0.0,1.090805,1.452409,NLD,MRT,8429
2950804,179,148,1354,2017.0,4647.0,0.0,0.692908,2.05977,PRT,MRT,8429
2950805,183,148,1354,2017.0,15856.0,0.0,-0.42615600000000003,-1.0956489999999999,QAT,MRT,8429
2950806,188,148,1354,2017.0,383703.0,0.0,0.508031,-0.42373500000000003,SAU,MRT,8429
2950807,191,148,1354,2017.0,1899.0,0.0,-0.604504,-0.228411,SEN,MRT,8429
2950808,209,148,1354,2017.0,4003.0,0.0,-0.0795,-0.5055270000000001,SWZ,MRT,8429
2950809,216,148,1354,2017.0,2811.0,0.0,1.15791,1.282718,THA,MRT,8429
2950810,224,148,1354,2017.0,94670.0,0.0,0.601079,2.126314,TUR,MRT,8429
2950811,231,148,1354,2017.0,80907.0,1272.0,1.536355,0.23775100000000002,USA,MRT,8429
2950812,246,148,1354,2017.0,4923.0,0.0,-0.048668,1.283483,ZAF,MRT,8429
2950813,7,151,1354,2017.0,11650.0,25725.0,0.222875,-0.204271,ARE,MUS,8429
2950814,14,151,1354,2017.0,54845.0,27566.0,-0.598537,-0.23571,AUS,MUS,8429
2950815,15,151,1354,2017.0,15182.0,0.0,1.722766,-0.077938,AUT,MUS,8429
2950816,18,151,1354,2017.0,52035.0,0.0,1.2396969999999998,1.1699760000000001,BEL,MUS,8429
2950817,22,151,1354,2017.0,4258.0,0.0,-1.007846,-1.112069,BGD,MUS,8429
2950818,23,151,1354,2017.0,11701.0,0.0,0.563342,1.744989,BGR,MUS,8429
2950819,28,151,1354,2017.0,0.0,1625.0,0.9188780000000001,0.9998819999999999,BLR,MUS,8429
2950820,39,151,1354,2017.0,0.0,13931.0,0.661032,1.331443,CAN,MUS,8429
2950821,41,151,1354,2017.0,0.0,9285.0,2.2443459999999997,0.836363,CHE,MUS,8429
2950822,43,151,1354,2017.0,929652.0,62433.0,1.2888030000000001,0.9250700000000001,CHN,MUS,8429
2950823,45,151,1354,2017.0,5634.0,0.0,-1.039442,-1.026684,CMR,MUS,8429
2950824,59,151,1354,2017.0,0.0,4723.0,1.8494680000000001,0.150088,CZE,MUS,8429
2950825,61,151,1354,2017.0,18339.0,44971.0,2.164026,-2.458307,DEU,MUS,8429
2950826,71,151,1354,2017.0,10876.0,10210.0,0.7720279999999999,2.434042,ESP,MUS,8429
2950827,77,151,1354,2017.0,324439.0,412664.0,1.3874030000000002,0.8887719999999999,FRA,MUS,8429
2950828,81,151,1354,2017.0,52221.0,212781.0,1.499843,1.120201,GBR,MUS,8429
2950829,90,151,1354,2017.0,4233.0,0.0,0.10646300000000002,1.0936290000000002,GRC,MUS,8429
2950830,97,151,1354,2017.0,12836.0,17629.0,0.877065,1.1615520000000001,HKG,MUS,8429
2950831,102,151,1354,2017.0,11104.0,0.0,1.6949029999999998,0.723915,HUN,MUS,8429
2950832,103,151,1354,2017.0,37283.0,3950.0,-0.072977,1.376847,IDN,MUS,8429
2950833,104,151,1354,2017.0,1523575.0,0.0,0.262126,2.8212040000000003,IND,MUS,8429
2950834,109,151,1354,2017.0,0.0,41653.0,0.279223,-0.34883600000000003,ISL,MUS,8429
2950835,111,151,1354,2017.0,130770.0,37792.0,1.4374559999999998,0.21079699999999998,ITA,MUS,8429
2950836,114,151,1354,2017.0,2249.0,0.0,2.4440779999999998,-0.46107700000000007,JPN,MUS,8429
2950837,118,151,1354,2017.0,20924.0,0.0,-0.654185,-0.655463,KHM,MUS,8429
2950838,122,151,1354,2017.0,0.0,6228.0,-0.264903,-1.112018,KWT,MUS,8429
2950839,128,151,1354,2017.0,3236.0,0.0,-0.506691,0.43309200000000003,LKA,MUS,8429
2950840,134,151,1354,2017.0,7454.0,0.0,-0.593987,-0.093414,MAR,MUS,8429
2950841,136,151,1354,2017.0,29023.0,5734.0,-1.098631,-0.8503069999999999,MDG,MUS,8429
2950842,143,151,1354,2017.0,2551.0,0.0,-0.9113129999999999,-0.21514,MMR,MUS,8429
2950843,144,151,1354,2017.0,0.0,1118.0,0.132462,-0.071601,MNE,MUS,8429
2950844,155,151,1354,2017.0,0.0,4035.0,-0.501017,-0.716238,NAM,MUS,8429
2950845,162,151,1354,2017.0,40358.0,1351.0,1.090805,1.452409,NLD,MUS,8429
2950846,163,151,1354,2017.0,4121.0,0.0,0.393228,0.049788,NOR,MUS,8429
2950847,168,151,1354,2017.0,49176.0,0.0,-0.737436,0.345773,PAK,MUS,8429
2950848,179,151,1354,2017.0,1951.0,0.0,0.692908,2.05977,PRT,MUS,8429
2950849,183,151,1354,2017.0,0.0,2078.0,-0.42615600000000003,-1.0956489999999999,QAT,MUS,8429
2950850,186,151,1354,2017.0,0.0,6787.0,0.07402,0.248236,RUS,MUS,8429
2950851,192,151,1354,2017.0,0.0,12036.0,1.8943720000000002,0.449316,SGP,MUS,8429
2950852,208,151,1354,2017.0,2052.0,0.0,1.695113,0.6885060000000001,SWE,MUS,8429
2950853,211,151,1354,2017.0,0.0,25733.0,-0.116998,-0.7398779999999999,SYC,MUS,8429
2950854,215,151,1354,2017.0,0.0,4023.0,-0.884833,-0.7139220000000001,TGO,MUS,8429
2950855,216,151,1354,2017.0,46643.0,0.0,1.15791,1.282718,THA,MUS,8429
2950856,223,151,1354,2017.0,31650.0,0.0,0.31342600000000004,1.071153,TUN,MUS,8429
2950857,224,151,1354,2017.0,8820.0,1183.0,0.601079,2.126314,TUR,MUS,8429
2950858,228,151,1354,2017.0,2367.0,0.0,0.34780900000000003,1.076817,UKR,MUS,8429
2950859,231,151,1354,2017.0,5840.0,656600.0,1.536355,0.23775100000000002,USA,MUS,8429
2950860,239,151,1354,2017.0,10708.0,2429.0,-0.006548999999999999,0.7030420000000001,VNM,MUS,8429
2950861,246,151,1354,2017.0,95304.0,139025.0,-0.048668,1.283483,ZAF,MUS,8429
2950862,249,151,1354,2017.0,2753.0,8984.0,2.003822,1.215216,TWN,MUS,8429
2950863,7,152,1354,2017.0,80039.0,0.0,0.222875,-0.204271,ARE,MWI,8429
2950864,22,152,1354,2017.0,7001.0,0.0,-1.007846,-1.112069,BGD,MWI,8429
2950865,43,152,1354,2017.0,520644.0,0.0,1.2888030000000001,0.9250700000000001,CHN,MWI,8429
2950866,97,152,1354,2017.0,1828.0,0.0,0.877065,1.1615520000000001,HKG,MWI,8429
2950867,103,152,1354,2017.0,4302.0,0.0,-0.072977,1.376847,IDN,MWI,8429
2950868,104,152,1354,2017.0,7019.0,0.0,0.262126,2.8212040000000003,IND,MWI,8429
2950869,111,152,1354,2017.0,1716.0,0.0,1.4374559999999998,0.21079699999999998,ITA,MWI,8429
2950870,116,152,1354,2017.0,1071.0,0.0,-0.549171,0.39358899999999997,KEN,MWI,8429
2950871,121,152,1354,2017.0,2348.0,0.0,2.1277470000000003,0.8218719999999999,KOR,MWI,8429
2950872,168,152,1354,2017.0,1184.0,0.0,-0.737436,0.345773,PAK,MWI,8429
2950873,179,152,1354,2017.0,2149.0,0.0,0.692908,2.05977,PRT,MWI,8429
2950874,216,152,1354,2017.0,19444.0,0.0,1.15791,1.282718,THA,MWI,8429
2950875,226,152,1354,2017.0,137771.0,0.0,-0.968485,0.137755,TZA,MWI,8429
2950876,231,152,1354,2017.0,1455.0,1898.0,1.536355,0.23775100000000002,USA,MWI,8429
2950877,246,152,1354,2017.0,304372.0,0.0,-0.048668,1.283483,ZAF,MWI,8429
2950878,247,152,1354,2017.0,56223.0,426965.0,-0.763066,-0.9292530000000001,ZMB,MWI,8429
2950879,248,152,1354,2017.0,0.0,2174.0,-1.101034,-1.107705,ZWE,MWI,8429
2950880,2,155,1354,2017.0,0.0,21822.0,-1.580759,-1.2589270000000001,AGO,NAM,8429
2950881,14,155,1354,2017.0,2051.0,0.0,-0.598537,-0.23571,AUS,NAM,8429
2950882,15,155,1354,2017.0,4197.0,0.0,1.722766,-0.077938,AUT,NAM,8429
2950883,43,155,1354,2017.0,39053.0,0.0,1.2888030000000001,0.9250700000000001,CHN,NAM,8429
2950884,61,155,1354,2017.0,8142.0,0.0,2.164026,-2.458307,DEU,NAM,8429
2950885,64,155,1354,2017.0,0.0,4637.0,1.143276,1.242437,DNK,NAM,8429
2950886,71,155,1354,2017.0,14076.0,1798.0,0.7720279999999999,2.434042,ESP,NAM,8429
2950887,74,155,1354,2017.0,0.0,1642.0,1.6562990000000002,0.94619,FIN,NAM,8429
2950888,77,155,1354,2017.0,1946.0,1639.0,1.3874030000000002,0.8887719999999999,FRA,NAM,8429
2950889,81,155,1354,2017.0,8236.0,0.0,1.499843,1.120201,GBR,NAM,8429
2950890,90,155,1354,2017.0,1336.0,0.0,0.10646300000000002,1.0936290000000002,GRC,NAM,8429
2950891,109,155,1354,2017.0,1864.0,0.0,0.279223,-0.34883600000000003,ISL,NAM,8429
2950892,111,155,1354,2017.0,1334.0,0.0,1.4374559999999998,0.21079699999999998,ITA,NAM,8429
2950893,121,155,1354,2017.0,1643.0,0.0,2.1277470000000003,0.8218719999999999,KOR,NAM,8429
2950894,151,155,1354,2017.0,4035.0,0.0,-0.166097,-0.050332,MUS,NAM,8429
2950895,162,155,1354,2017.0,2121.0,0.0,1.090805,1.452409,NLD,NAM,8429
2950896,190,155,1354,2017.0,0.0,17022.0,-1.488393,-1.236046,SDN,NAM,8429
2950897,209,155,1354,2017.0,15041.0,0.0,-0.0795,-0.5055270000000001,SWZ,NAM,8429
2950898,231,155,1354,2017.0,11048.0,0.0,1.536355,0.23775100000000002,USA,NAM,8429
2950899,239,155,1354,2017.0,3581.0,0.0,-0.006548999999999999,0.7030420000000001,VNM,NAM,8429
2950900,246,155,1354,2017.0,2207228.0,9865.0,-0.048668,1.283483,ZAF,NAM,8429
2950901,14,158,1354,2017.0,2526.0,0.0,-0.598537,-0.23571,AUS,NFK,8429
2950902,75,158,1354,2017.0,2001.0,0.0,-0.500896,-0.169256,FJI,NFK,8429
2950903,7,159,1354,2017.0,591757.0,0.0,0.222875,-0.204271,ARE,NGA,8429
2950904,18,159,1354,2017.0,1647.0,0.0,1.2396969999999998,1.1699760000000001,BEL,NGA,8429
2950905,39,159,1354,2017.0,2868.0,0.0,0.661032,1.331443,CAN,NGA,8429
2950906,41,159,1354,2017.0,1019.0,0.0,2.2443459999999997,0.836363,CHE,NGA,8429
2950907,43,159,1354,2017.0,5606455.0,0.0,1.2888030000000001,0.9250700000000001,CHN,NGA,8429
2950908,44,159,1354,2017.0,2843.0,7945.0,-0.991865,-0.9496889999999999,CIV,NGA,8429
2950909,45,159,1354,2017.0,0.0,19252.0,-1.039442,-1.026684,CMR,NGA,8429
2950910,61,159,1354,2017.0,49939.0,0.0,2.164026,-2.458307,DEU,NGA,8429
2950911,68,159,1354,2017.0,64859.0,0.0,-0.09792100000000001,1.9664270000000001,EGY,NGA,8429
2950912,71,159,1354,2017.0,16613.0,1736.0,0.7720279999999999,2.434042,ESP,NGA,8429
2950913,77,159,1354,2017.0,200779.0,0.0,1.3874030000000002,0.8887719999999999,FRA,NGA,8429
2950914,81,159,1354,2017.0,230108.0,0.0,1.499843,1.120201,GBR,NGA,8429
2950915,83,159,1354,2017.0,8827.0,0.0,-0.910444,-0.906315,GHA,NGA,8429
2950916,90,159,1354,2017.0,3597.0,0.0,0.10646300000000002,1.0936290000000002,GRC,NGA,8429
2950917,103,159,1354,2017.0,1160779.0,0.0,-0.072977,1.376847,IDN,NGA,8429
2950918,104,159,1354,2017.0,591118.0,0.0,0.262126,2.8212040000000003,IND,NGA,8429
2950919,106,159,1354,2017.0,3875.0,0.0,1.444823,0.158356,IRL,NGA,8429
2950920,110,159,1354,2017.0,1825.0,0.0,1.158779,0.8909020000000001,ISR,NGA,8429
2950921,111,159,1354,2017.0,524539.0,0.0,1.4374559999999998,0.21079699999999998,ITA,NGA,8429
2950922,114,159,1354,2017.0,0.0,1500.0,2.4440779999999998,-0.46107700000000007,JPN,NGA,8429
2950923,116,159,1354,2017.0,0.0,2234.0,-0.549171,0.39358899999999997,KEN,NGA,8429
2950924,138,159,1354,2017.0,1930.0,0.0,1.348763,0.6145010000000001,MEX,NGA,8429
2950925,157,159,1354,2017.0,0.0,6617.0,-0.904508,-0.9522940000000001,NER,NGA,8429
2950926,162,159,1354,2017.0,53366.0,0.0,1.090805,1.452409,NLD,NGA,8429
2950927,163,159,1354,2017.0,5394.0,0.0,0.393228,0.049788,NOR,NGA,8429
2950928,168,159,1354,2017.0,121907.0,0.0,-0.737436,0.345773,PAK,NGA,8429
2950929,174,159,1354,2017.0,18668.0,0.0,0.717074,0.224219,PHL,NGA,8429
2950930,177,159,1354,2017.0,3194.0,0.0,1.212941,0.917751,POL,NGA,8429
2950931,185,159,1354,2017.0,1462.0,0.0,1.145161,1.095192,ROU,NGA,8429
2950932,188,159,1354,2017.0,252105.0,0.0,0.508031,-0.42373500000000003,SAU,NGA,8429
2950933,191,159,1354,2017.0,7328.0,0.0,-0.604504,-0.228411,SEN,NGA,8429
2950934,192,159,1354,2017.0,12799.0,0.0,1.8943720000000002,0.449316,SGP,NGA,8429
2950935,207,159,1354,2017.0,4404.0,0.0,1.597178,0.753722,SVN,NGA,8429
2950936,216,159,1354,2017.0,11212.0,0.0,1.15791,1.282718,THA,NGA,8429
2950937,223,159,1354,2017.0,21738.0,0.0,0.31342600000000004,1.071153,TUN,NGA,8429
2950938,224,159,1354,2017.0,153066.0,0.0,0.601079,2.126314,TUR,NGA,8429
2950939,231,159,1354,2017.0,177211.0,0.0,1.536355,0.23775100000000002,USA,NGA,8429
2950940,239,159,1354,2017.0,82304.0,0.0,-0.006548999999999999,0.7030420000000001,VNM,NGA,8429
2950941,246,159,1354,2017.0,84065.0,0.0,-0.048668,1.283483,ZAF,NGA,8429
2950942,7,167,1354,2017.0,5956386.0,43535.0,0.222875,-0.204271,ARE,OMN,8429
2950943,15,167,1354,2017.0,37693.0,0.0,1.722766,-0.077938,AUT,OMN,8429
2950944,18,167,1354,2017.0,3751.0,0.0,1.2396969999999998,1.1699760000000001,BEL,OMN,8429
2950945,22,167,1354,2017.0,33037.0,0.0,-1.007846,-1.112069,BGD,OMN,8429
2950946,23,167,1354,2017.0,4881.0,0.0,0.563342,1.744989,BGR,OMN,8429
2950947,24,167,1354,2017.0,11143.0,0.0,0.160574,-0.708064,BHR,OMN,8429
2950948,39,167,1354,2017.0,0.0,1206.0,0.661032,1.331443,CAN,OMN,8429
2950949,41,167,1354,2017.0,3908.0,0.0,2.2443459999999997,0.836363,CHE,OMN,8429
2950950,43,167,1354,2017.0,4978898.0,0.0,1.2888030000000001,0.9250700000000001,CHN,OMN,8429
2950951,61,167,1354,2017.0,21485.0,0.0,2.164026,-2.458307,DEU,OMN,8429
2950952,65,167,1354,2017.0,18248.0,0.0,-0.314875,0.125244,DOM,OMN,8429
2950953,66,167,1354,2017.0,0.0,2818.0,-0.918984,-1.177867,DZA,OMN,8429
2950954,68,167,1354,2017.0,378569.0,0.0,-0.09792100000000001,1.9664270000000001,EGY,OMN,8429
2950955,71,167,1354,2017.0,66900.0,0.0,0.7720279999999999,2.434042,ESP,OMN,8429
2950956,77,167,1354,2017.0,34820.0,0.0,1.3874030000000002,0.8887719999999999,FRA,OMN,8429
2950957,81,167,1354,2017.0,833828.0,0.0,1.499843,1.120201,GBR,OMN,8429
2950958,90,167,1354,2017.0,6101.0,0.0,0.10646300000000002,1.0936290000000002,GRC,OMN,8429
2950959,97,167,1354,2017.0,8003.0,0.0,0.877065,1.1615520000000001,HKG,OMN,8429
2950960,103,167,1354,2017.0,59150.0,0.0,-0.072977,1.376847,IDN,OMN,8429
2950961,104,167,1354,2017.0,889697.0,0.0,0.262126,2.8212040000000003,IND,OMN,8429
2950962,111,167,1354,2017.0,123292.0,0.0,1.4374559999999998,0.21079699999999998,ITA,OMN,8429
2950963,116,167,1354,2017.0,9275.0,0.0,-0.549171,0.39358899999999997,KEN,OMN,8429
2950964,118,167,1354,2017.0,5421.0,0.0,-0.654185,-0.655463,KHM,OMN,8429
2950965,124,167,1354,2017.0,19412.0,0.0,0.437192,1.027289,LBN,OMN,8429
2950966,128,167,1354,2017.0,177028.0,0.0,-0.506691,0.43309200000000003,LKA,OMN,8429
2950967,138,167,1354,2017.0,15862.0,0.0,1.348763,0.6145010000000001,MEX,OMN,8429
2950968,143,167,1354,2017.0,4179.0,0.0,-0.9113129999999999,-0.21514,MMR,OMN,8429
2950969,153,167,1354,2017.0,4348.0,0.0,1.022117,0.6711739999999999,MYS,OMN,8429
2950970,162,167,1354,2017.0,26079.0,0.0,1.090805,1.452409,NLD,OMN,8429
2950971,168,167,1354,2017.0,193325.0,0.0,-0.737436,0.345773,PAK,OMN,8429
2950972,174,167,1354,2017.0,2730.0,0.0,0.717074,0.224219,PHL,OMN,8429
2950973,183,167,1354,2017.0,32478.0,3058646.0,-0.42615600000000003,-1.0956489999999999,QAT,OMN,8429
2950974,185,167,1354,2017.0,1058.0,0.0,1.145161,1.095192,ROU,OMN,8429
2950975,188,167,1354,2017.0,2707414.0,8342.0,0.508031,-0.42373500000000003,SAU,OMN,8429
2950976,192,167,1354,2017.0,9438.0,0.0,1.8943720000000002,0.449316,SGP,OMN,8429
2950977,199,167,1354,2017.0,0.0,2499.0,-1.497791,-1.154636,SOM,OMN,8429
2950978,206,167,1354,2017.0,21798.0,0.0,1.484316,0.811826,SVK,OMN,8429
2950979,212,167,1354,2017.0,77232.0,0.0,-0.65347,0.085392,SYR,OMN,8429
2950980,216,167,1354,2017.0,26986.0,0.0,1.15791,1.282718,THA,OMN,8429
2950981,223,167,1354,2017.0,3613.0,0.0,0.31342600000000004,1.071153,TUN,OMN,8429
2950982,224,167,1354,2017.0,45909.0,0.0,0.601079,2.126314,TUR,OMN,8429
2950983,226,167,1354,2017.0,12835.0,2701.0,-0.968485,0.137755,TZA,OMN,8429
2950984,228,167,1354,2017.0,1368.0,0.0,0.34780900000000003,1.076817,UKR,OMN,8429
2950985,231,167,1354,2017.0,80308.0,2366.0,1.536355,0.23775100000000002,USA,OMN,8429
2950986,239,167,1354,2017.0,10724.0,0.0,-0.006548999999999999,0.7030420000000001,VNM,OMN,8429
2950987,246,167,1354,2017.0,4059.0,0.0,-0.048668,1.283483,ZAF,OMN,8429
2950988,14,176,1354,2017.0,777058.0,0.0,-0.598537,-0.23571,AUS,PNG,8429
2950989,43,176,1354,2017.0,1498506.0,0.0,1.2888030000000001,0.9250700000000001,CHN,PNG,8429
2950990,75,176,1354,2017.0,195310.0,0.0,-0.500896,-0.169256,FJI,PNG,8429
2950991,104,176,1354,2017.0,95007.0,0.0,0.262126,2.8212040000000003,IND,PNG,8429
2950992,153,176,1354,2017.0,17230.0,0.0,1.022117,0.6711739999999999,MYS,PNG,8429
2950993,166,176,1354,2017.0,4470.0,0.0,0.154926,0.10981500000000001,NZL,PNG,8429
2950994,174,176,1354,2017.0,248362.0,0.0,0.717074,0.224219,PHL,PNG,8429
2950995,192,176,1354,2017.0,134576.0,0.0,1.8943720000000002,0.449316,SGP,PNG,8429
2950996,195,176,1354,2017.0,0.0,8448.0,-1.09489,-0.958513,SLB,PNG,8429
2950997,216,176,1354,2017.0,42130.0,0.0,1.15791,1.282718,THA,PNG,8429
2950998,231,176,1354,2017.0,298996.0,0.0,1.536355,0.23775100000000002,USA,PNG,8429
2950999,239,176,1354,2017.0,108992.0,0.0,-0.006548999999999999,0.7030420000000001,VNM,PNG,8429
2951000,246,176,1354,2017.0,50548.0,0.0,-0.048668,1.283483,ZAF,PNG,8429
2951001,249,176,1354,2017.0,13820.0,0.0,2.003822,1.215216,TWN,PNG,8429
2951002,43,178,1354,2017.0,7527801.0,133241480.0,1.2888030000000001,0.9250700000000001,CHN,PRK,8429
2951003,58,178,1354,2017.0,1079.0,0.0,0.35097399999999995,0.103466,CYP,PRK,8429
2951004,71,178,1354,2017.0,0.0,327461.0,0.7720279999999999,2.434042,ESP,PRK,8429
2951005,122,178,1354,2017.0,0.0,4380.0,-0.264903,-1.112018,KWT,PRK,8429
2951006,177,178,1354,2017.0,0.0,3438.0,1.212941,0.917751,POL,PRK,8429
2951007,186,178,1354,2017.0,3293.0,0.0,0.07402,0.248236,RUS,PRK,8429
2951008,216,178,1354,2017.0,4071.0,0.0,1.15791,1.282718,THA,PRK,8429
2951009,249,178,1354,2017.0,0.0,509634.0,2.003822,1.215216,TWN,PRK,8429
2951010,81,194,1354,2017.0,64107.0,22790.0,1.499843,1.120201,GBR,SHN,8429
2951011,246,194,1354,2017.0,6104.0,0.0,-0.048668,1.283483,ZAF,SHN,8429
2951012,7,196,1354,2017.0,3031.0,23729.0,0.222875,-0.204271,ARE,SLE,8429
2951013,14,196,1354,2017.0,0.0,1971.0,-0.598537,-0.23571,AUS,SLE,8429
2951014,18,196,1354,2017.0,3363.0,0.0,1.2396969999999998,1.1699760000000001,BEL,SLE,8429
2951015,43,196,1354,2017.0,199501.0,0.0,1.2888030000000001,0.9250700000000001,CHN,SLE,8429
2951016,44,196,1354,2017.0,9722.0,0.0,-0.991865,-0.9496889999999999,CIV,SLE,8429
2951017,61,196,1354,2017.0,4952.0,0.0,2.164026,-2.458307,DEU,SLE,8429
2951018,77,196,1354,2017.0,0.0,8383.0,1.3874030000000002,0.8887719999999999,FRA,SLE,8429
2951019,81,196,1354,2017.0,106402.0,0.0,1.499843,1.120201,GBR,SLE,8429
2951020,104,196,1354,2017.0,6359.0,0.0,0.262126,2.8212040000000003,IND,SLE,8429
2951021,111,196,1354,2017.0,4810.0,0.0,1.4374559999999998,0.21079699999999998,ITA,SLE,8429
2951022,121,196,1354,2017.0,0.0,1977.0,2.1277470000000003,0.8218719999999999,KOR,SLE,8429
2951023,168,196,1354,2017.0,1564.0,0.0,-0.737436,0.345773,PAK,SLE,8429
2951024,216,196,1354,2017.0,0.0,3811.0,1.15791,1.282718,THA,SLE,8429
2951025,231,196,1354,2017.0,13785.0,2451.0,1.536355,0.23775100000000002,USA,SLE,8429
2951026,246,196,1354,2017.0,22243.0,1380.0,-0.048668,1.283483,ZAF,SLE,8429
2951027,18,203,1354,2017.0,4690.0,0.0,1.2396969999999998,1.1699760000000001,BEL,STP,8429
2951028,43,203,1354,2017.0,16142.0,0.0,1.2888030000000001,0.9250700000000001,CHN,STP,8429
2951029,80,203,1354,2017.0,1997.0,0.0,-1.352989,-1.230953,GAB,STP,8429
2951030,81,203,1354,2017.0,1250.0,0.0,1.499843,1.120201,GBR,STP,8429
2951031,179,203,1354,2017.0,94876.0,0.0,0.692908,2.05977,PRT,STP,8429
2951032,7,209,1354,2017.0,16105.0,0.0,0.222875,-0.204271,ARE,SWZ,8429
2951033,43,209,1354,2017.0,15968.0,0.0,1.2888030000000001,0.9250700000000001,CHN,SWZ,8429
2951034,97,209,1354,2017.0,34583.0,0.0,0.877065,1.1615520000000001,HKG,SWZ,8429
2951035,104,209,1354,2017.0,24459.0,0.0,0.262126,2.8212040000000003,IND,SWZ,8429
2951036,111,209,1354,2017.0,1087.0,0.0,1.4374559999999998,0.21079699999999998,ITA,SWZ,8429
2951037,147,209,1354,2017.0,0.0,5158.0,-1.3967319999999999,-1.1603290000000002,MOZ,SWZ,8429
2951038,148,209,1354,2017.0,0.0,4003.0,-1.516459,-1.362156,MRT,SWZ,8429
2951039,155,209,1354,2017.0,0.0,15041.0,-0.501017,-0.716238,NAM,SWZ,8429
2951040,179,209,1354,2017.0,1814.0,0.0,0.692908,2.05977,PRT,SWZ,8429
2951041,183,209,1354,2017.0,0.0,3053.0,-0.42615600000000003,-1.0956489999999999,QAT,SWZ,8429
2951042,190,209,1354,2017.0,0.0,4256.0,-1.488393,-1.236046,SDN,SWZ,8429
2951043,226,209,1354,2017.0,0.0,2068.0,-0.968485,0.137755,TZA,SWZ,8429
2951044,231,209,1354,2017.0,4287.0,0.0,1.536355,0.23775100000000002,USA,SWZ,8429
2951045,246,209,1354,2017.0,665809.0,10990536.0,-0.048668,1.283483,ZAF,SWZ,8429
2951046,7,214,1354,2017.0,3018.0,0.0,0.222875,-0.204271,ARE,TCD,8429
2951047,38,214,1354,2017.0,0.0,1302.0,-0.206833,-0.598638,CAF,TCD,8429
2951048,39,214,1354,2017.0,0.0,8420.0,0.661032,1.331443,CAN,TCD,8429
2951049,43,214,1354,2017.0,15292.0,0.0,1.2888030000000001,0.9250700000000001,CHN,TCD,8429
2951050,44,214,1354,2017.0,6021.0,0.0,-0.991865,-0.9496889999999999,CIV,TCD,8429
2951051,68,214,1354,2017.0,32623.0,0.0,-0.09792100000000001,1.9664270000000001,EGY,TCD,8429
2951052,77,214,1354,2017.0,78365.0,0.0,1.3874030000000002,0.8887719999999999,FRA,TCD,8429
2951053,81,214,1354,2017.0,16568.0,0.0,1.499843,1.120201,GBR,TCD,8429
2951054,179,214,1354,2017.0,1411.0,0.0,0.692908,2.05977,PRT,TCD,8429
2951055,224,214,1354,2017.0,27687.0,0.0,0.601079,2.126314,TUR,TCD,8429
2951056,231,214,1354,2017.0,34892.0,0.0,1.536355,0.23775100000000002,USA,TCD,8429
2951057,246,214,1354,2017.0,5748.0,0.0,-0.048668,1.283483,ZAF,TCD,8429
2951058,7,215,1354,2017.0,39054.0,0.0,0.222875,-0.204271,ARE,TGO,8429
2951059,18,215,1354,2017.0,3000.0,0.0,1.2396969999999998,1.1699760000000001,BEL,TGO,8429
2951060,19,215,1354,2017.0,0.0,1605.0,-0.567589,-0.694574,BEN,TGO,8429
2951061,38,215,1354,2017.0,0.0,40359.0,-0.206833,-0.598638,CAF,TGO,8429
2951062,43,215,1354,2017.0,1424169.0,0.0,1.2888030000000001,0.9250700000000001,CHN,TGO,8429
2951063,44,215,1354,2017.0,0.0,20837.0,-0.991865,-0.9496889999999999,CIV,TGO,8429
2951064,45,215,1354,2017.0,0.0,102339.0,-1.039442,-1.026684,CMR,TGO,8429
2951065,47,215,1354,2017.0,0.0,107561.0,-1.076295,-1.109112,COG,TGO,8429
2951066,71,215,1354,2017.0,27998.0,0.0,0.7720279999999999,2.434042,ESP,TGO,8429
2951067,77,215,1354,2017.0,128708.0,0.0,1.3874030000000002,0.8887719999999999,FRA,TGO,8429
2951068,81,215,1354,2017.0,1073.0,0.0,1.499843,1.120201,GBR,TGO,8429
2951069,83,215,1354,2017.0,15392.0,3266.0,-0.910444,-0.906315,GHA,TGO,8429
2951070,90,215,1354,2017.0,6607.0,0.0,0.10646300000000002,1.0936290000000002,GRC,TGO,8429
2951071,103,215,1354,2017.0,554905.0,0.0,-0.072977,1.376847,IDN,TGO,8429
2951072,104,215,1354,2017.0,27712.0,0.0,0.262126,2.8212040000000003,IND,TGO,8429
2951073,106,215,1354,2017.0,66043.0,0.0,1.444823,0.158356,IRL,TGO,8429
2951074,124,215,1354,2017.0,3539.0,0.0,0.437192,1.027289,LBN,TGO,8429
2951075,134,215,1354,2017.0,98607.0,0.0,-0.593987,-0.093414,MAR,TGO,8429
2951076,151,215,1354,2017.0,4023.0,0.0,-0.166097,-0.050332,MUS,TGO,8429
2951077,191,215,1354,2017.0,4644.0,0.0,-0.604504,-0.228411,SEN,TGO,8429
2951078,216,215,1354,2017.0,14510.0,0.0,1.15791,1.282718,THA,TGO,8429
2951079,231,215,1354,2017.0,14751.0,0.0,1.536355,0.23775100000000002,USA,TGO,8429
2951080,239,215,1354,2017.0,123849.0,0.0,-0.006548999999999999,0.7030420000000001,VNM,TGO,8429
2951081,7,219,1354,2017.0,223137.0,0.0,0.222875,-0.204271,ARE,TKM,8429
2951082,41,219,1354,2017.0,7161.0,0.0,2.2443459999999997,0.836363,CHE,TKM,8429
2951083,43,219,1354,2017.0,157239.0,0.0,1.2888030000000001,0.9250700000000001,CHN,TKM,8429
2951084,61,219,1354,2017.0,21838.0,0.0,2.164026,-2.458307,DEU,TKM,8429
2951085,74,219,1354,2017.0,6076.0,0.0,1.6562990000000002,0.94619,FIN,TKM,8429
2951086,77,219,1354,2017.0,43940.0,0.0,1.3874030000000002,0.8887719999999999,FRA,TKM,8429
2951087,81,219,1354,2017.0,9865.0,0.0,1.499843,1.120201,GBR,TKM,8429
2951088,111,219,1354,2017.0,435078.0,0.0,1.4374559999999998,0.21079699999999998,ITA,TKM,8429
2951089,117,219,1354,2017.0,11052.0,0.0,0.056509000000000004,0.363176,KGZ,TKM,8429
2951090,121,219,1354,2017.0,31821.0,0.0,2.1277470000000003,0.8218719999999999,KOR,TKM,8429
2951091,186,219,1354,2017.0,52377.0,2138.0,0.07402,0.248236,RUS,TKM,8429
2951092,224,219,1354,2017.0,864087.0,0.0,0.601079,2.126314,TUR,TKM,8429
2951093,228,219,1354,2017.0,6190.0,0.0,0.34780900000000003,1.076817,UKR,TKM,8429
2951094,231,219,1354,2017.0,445618.0,0.0,1.536355,0.23775100000000002,USA,TKM,8429
2951095,232,219,1354,2017.0,3212.0,0.0,-0.386302,-0.35475999999999996,UZB,TKM,8429
2951096,7,226,1354,2017.0,1393844.0,0.0,0.222875,-0.204271,ARE,TZA,8429
2951097,14,226,1354,2017.0,1180.0,0.0,-0.598537,-0.23571,AUS,TZA,8429
2951098,15,226,1354,2017.0,0.0,9377.0,1.722766,-0.077938,AUT,TZA,8429
2951099,17,226,1354,2017.0,0.0,7058.0,-0.947315,-1.1084049999999999,BDI,TZA,8429
2951100,18,226,1354,2017.0,48894.0,0.0,1.2396969999999998,1.1699760000000001,BEL,TZA,8429
2951101,22,226,1354,2017.0,4156.0,0.0,-1.007846,-1.112069,BGD,TZA,8429
2951102,37,226,1354,2017.0,0.0,1650.0,-0.41364700000000004,-1.099512,BWA,TZA,8429
2951103,39,226,1354,2017.0,0.0,1254.0,0.661032,1.331443,CAN,TZA,8429
2951104,43,226,1354,2017.0,1860215.0,0.0,1.2888030000000001,0.9250700000000001,CHN,TZA,8429
2951105,46,226,1354,2017.0,0.0,5741.0,-1.158421,-1.14955,COD,TZA,8429
2951106,50,226,1354,2017.0,0.0,1802.0,-0.395615,-0.921531,COM,TZA,8429
2951107,58,226,1354,2017.0,1502.0,0.0,0.35097399999999995,0.103466,CYP,TZA,8429
2951108,61,226,1354,2017.0,3559.0,30716.0,2.164026,-2.458307,DEU,TZA,8429
2951109,71,226,1354,2017.0,1474.0,0.0,0.7720279999999999,2.434042,ESP,TZA,8429
2951110,77,226,1354,2017.0,4620.0,0.0,1.3874030000000002,0.8887719999999999,FRA,TZA,8429
2951111,81,226,1354,2017.0,24226.0,13962.0,1.499843,1.120201,GBR,TZA,8429
2951112,97,226,1354,2017.0,7266.0,0.0,0.877065,1.1615520000000001,HKG,TZA,8429
2951113,103,226,1354,2017.0,329766.0,0.0,-0.072977,1.376847,IDN,TZA,8429
2951114,104,226,1354,2017.0,1556416.0,0.0,0.262126,2.8212040000000003,IND,TZA,8429
2951115,110,226,1354,2017.0,4793.0,0.0,1.158779,0.8909020000000001,ISR,TZA,8429
2951116,111,226,1354,2017.0,22938.0,0.0,1.4374559999999998,0.21079699999999998,ITA,TZA,8429
2951117,114,226,1354,2017.0,1630.0,0.0,2.4440779999999998,-0.46107700000000007,JPN,TZA,8429
2951118,116,226,1354,2017.0,14608.0,0.0,-0.549171,0.39358899999999997,KEN,TZA,8429
2951119,121,226,1354,2017.0,3260.0,0.0,2.1277470000000003,0.8218719999999999,KOR,TZA,8429
2951120,128,226,1354,2017.0,0.0,4581.0,-0.506691,0.43309200000000003,LKA,TZA,8429
2951121,129,226,1354,2017.0,1860.0,0.0,-0.8381940000000001,-0.750631,LSO,TZA,8429
2951122,152,226,1354,2017.0,0.0,137771.0,-0.838501,-0.938642,MWI,TZA,8429
2951123,167,226,1354,2017.0,2701.0,12835.0,-0.44851199999999997,-0.9820049999999999,OMN,TZA,8429
2951124,168,226,1354,2017.0,44724.0,0.0,-0.737436,0.345773,PAK,TZA,8429
2951125,177,226,1354,2017.0,0.0,1532.0,1.212941,0.917751,POL,TZA,8429
2951126,187,226,1354,2017.0,0.0,39491.0,-0.731128,-0.64418,RWA,TZA,8429
2951127,188,226,1354,2017.0,481419.0,0.0,0.508031,-0.42373500000000003,SAU,TZA,8429
2951128,208,226,1354,2017.0,1079.0,0.0,1.695113,0.6885060000000001,SWE,TZA,8429
2951129,209,226,1354,2017.0,2068.0,0.0,-0.0795,-0.5055270000000001,SWZ,TZA,8429
2951130,224,226,1354,2017.0,49480.0,0.0,0.601079,2.126314,TUR,TZA,8429
2951131,231,226,1354,2017.0,42345.0,0.0,1.536355,0.23775100000000002,USA,TZA,8429
2951132,246,226,1354,2017.0,139797.0,3341.0,-0.048668,1.283483,ZAF,TZA,8429
2951133,247,226,1354,2017.0,12694.0,11039.0,-0.763066,-0.9292530000000001,ZMB,TZA,8429
2951134,7,227,1354,2017.0,39225.0,0.0,0.222875,-0.204271,ARE,UGA,8429
2951135,17,227,1354,2017.0,0.0,104737.0,-0.947315,-1.1084049999999999,BDI,UGA,8429
2951136,26,227,1354,2017.0,0.0,1063.0,0.584825,0.9219,BIH,UGA,8429
2951137,38,227,1354,2017.0,0.0,141038.0,-0.206833,-0.598638,CAF,UGA,8429
2951138,43,227,1354,2017.0,321216.0,0.0,1.2888030000000001,0.9250700000000001,CHN,UGA,8429
2951139,44,227,1354,2017.0,1462.0,0.0,-0.991865,-0.9496889999999999,CIV,UGA,8429
2951140,46,227,1354,2017.0,0.0,187304.0,-1.158421,-1.14955,COD,UGA,8429
2951141,61,227,1354,2017.0,33806.0,0.0,2.164026,-2.458307,DEU,UGA,8429
2951142,64,227,1354,2017.0,45662.0,19017.0,1.143276,1.242437,DNK,UGA,8429
2951143,68,227,1354,2017.0,40448.0,0.0,-0.09792100000000001,1.9664270000000001,EGY,UGA,8429
2951144,77,227,1354,2017.0,10426.0,0.0,1.3874030000000002,0.8887719999999999,FRA,UGA,8429
2951145,81,227,1354,2017.0,13267.0,0.0,1.499843,1.120201,GBR,UGA,8429
2951146,97,227,1354,2017.0,9540.0,0.0,0.877065,1.1615520000000001,HKG,UGA,8429
2951147,104,227,1354,2017.0,79050.0,0.0,0.262126,2.8212040000000003,IND,UGA,8429
2951148,111,227,1354,2017.0,18015.0,0.0,1.4374559999999998,0.21079699999999998,ITA,UGA,8429
2951149,116,227,1354,2017.0,14968.0,0.0,-0.549171,0.39358899999999997,KEN,UGA,8429
2951150,153,227,1354,2017.0,1758.0,0.0,1.022117,0.6711739999999999,MYS,UGA,8429
2951151,162,227,1354,2017.0,34339.0,0.0,1.090805,1.452409,NLD,UGA,8429
2951152,187,227,1354,2017.0,0.0,5328.0,-0.731128,-0.64418,RWA,UGA,8429
2951153,202,227,1354,2017.0,0.0,20264.0,-1.1888,-0.9647969999999999,SSD,UGA,8429
2951154,216,227,1354,2017.0,9238.0,0.0,1.15791,1.282718,THA,UGA,8429
2951155,224,227,1354,2017.0,4983.0,0.0,0.601079,2.126314,TUR,UGA,8429
2951156,231,227,1354,2017.0,25856.0,0.0,1.536355,0.23775100000000002,USA,UGA,8429
2951157,239,227,1354,2017.0,7613.0,0.0,-0.006548999999999999,0.7030420000000001,VNM,UGA,8429
2951158,246,227,1354,2017.0,539209.0,0.0,-0.048668,1.283483,ZAF,UGA,8429
2951159,15,237,1354,2017.0,18131.0,0.0,1.722766,-0.077938,AUT,VGB,8429
2951160,61,237,1354,2017.0,5518.0,0.0,2.164026,-2.458307,DEU,VGB,8429
2951161,77,237,1354,2017.0,0.0,1500.0,1.3874030000000002,0.8887719999999999,FRA,VGB,8429
2951162,81,237,1354,2017.0,39509.0,0.0,1.499843,1.120201,GBR,VGB,8429
2951163,110,237,1354,2017.0,0.0,3202.0,1.158779,0.8909020000000001,ISR,VGB,8429
2951164,111,237,1354,2017.0,12682.0,0.0,1.4374559999999998,0.21079699999999998,ITA,VGB,8429
2951165,177,237,1354,2017.0,0.0,3105.0,1.212941,0.917751,POL,VGB,8429
2951166,186,237,1354,2017.0,2802.0,0.0,0.07402,0.248236,RUS,VGB,8429
2951167,192,237,1354,2017.0,0.0,3381.0,1.8943720000000002,0.449316,SGP,VGB,8429
2951168,231,237,1354,2017.0,2701.0,0.0,1.536355,0.23775100000000002,USA,VGB,8429
2951169,2,239,1354,2017.0,0.0,2883.0,-1.580759,-1.2589270000000001,AGO,VNM,8429
2951170,4,239,1354,2017.0,0.0,9603.0,-0.351054,-0.193147,ALB,VNM,8429
2951171,5,239,1354,2017.0,0.0,487480.0,1.101312,0.593242,AND,VNM,8429
2951172,7,239,1354,2017.0,7365.0,6052563.0,0.222875,-0.204271,ARE,VNM,8429
2951173,8,239,1354,2017.0,0.0,5011120.0,-0.268441,0.337024,ARG,VNM,8429
2951174,9,239,1354,2017.0,0.0,270453.0,-0.422667,-0.824041,ARM,VNM,8429
2951175,13,239,1354,2017.0,0.0,3867.0,0.314372,-0.432988,ATG,VNM,8429
2951176,14,239,1354,2017.0,97895.0,9256114.0,-0.598537,-0.23571,AUS,VNM,8429
2951177,15,239,1354,2017.0,1909.0,5759940.0,1.722766,-0.077938,AUT,VNM,8429
2951178,16,239,1354,2017.0,0.0,163105.0,-1.665069,-1.37471,AZE,VNM,8429
2951179,18,239,1354,2017.0,1696.0,12609405.0,1.2396969999999998,1.1699760000000001,BEL,VNM,8429
2951180,22,239,1354,2017.0,116746.0,0.0,-1.007846,-1.112069,BGD,VNM,8429
2951181,23,239,1354,2017.0,0.0,42473.0,0.563342,1.744989,BGR,VNM,8429
2951182,24,239,1354,2017.0,0.0,129649.0,0.160574,-0.708064,BHR,VNM,8429
2951183,25,239,1354,2017.0,0.0,237969.0,0.677207,-0.45096899999999995,BHS,VNM,8429
2951184,26,239,1354,2017.0,0.0,980209.0,0.584825,0.9219,BIH,VNM,8429
2951185,28,239,1354,2017.0,0.0,47104.0,0.9188780000000001,0.9998819999999999,BLR,VNM,8429
2951186,30,239,1354,2017.0,0.0,1206.0,1.16947,-0.302517,BMU,VNM,8429
2951187,31,239,1354,2017.0,0.0,19424.0,-1.032957,-0.9679840000000001,BOL,VNM,8429
2951188,32,239,1354,2017.0,0.0,3415294.0,0.103119,0.808438,BRA,VNM,8429
2951189,33,239,1354,2017.0,0.0,3487.0,0.47282700000000005,0.088603,BRB,VNM,8429
2951190,34,239,1354,2017.0,0.0,8848.0,0.13716,-0.783787,BRN,VNM,8429
2951191,38,239,1354,2017.0,0.0,2225.0,-0.206833,-0.598638,CAF,VNM,8429
2951192,39,239,1354,2017.0,14025.0,52036504.0,0.661032,1.331443,CAN,VNM,8429
2951193,41,239,1354,2017.0,14299.0,9698488.0,2.2443459999999997,0.836363,CHE,VNM,8429
2951194,42,239,1354,2017.0,0.0,9108818.0,-0.282983,-0.33351,CHL,VNM,8429
2951195,43,239,1354,2017.0,32442466.0,118018816.0,1.2888030000000001,0.9250700000000001,CHN,VNM,8429
2951196,44,239,1354,2017.0,0.0,14189.0,-0.991865,-0.9496889999999999,CIV,VNM,8429
2951197,46,239,1354,2017.0,0.0,13096.0,-1.158421,-1.14955,COD,VNM,8429
2951198,49,239,1354,2017.0,0.0,1297800.0,-0.039238999999999996,-0.246914,COL,VNM,8429
2951199,52,239,1354,2017.0,0.0,256862.0,0.288798,0.212928,CRI,VNM,8429
2951200,58,239,1354,2017.0,0.0,198064.0,0.35097399999999995,0.103466,CYP,VNM,8429
2951201,59,239,1354,2017.0,0.0,1507745.0,1.8494680000000001,0.150088,CZE,VNM,8429
2951202,61,239,1354,2017.0,69037.0,124025664.0,2.164026,-2.458307,DEU,VNM,8429
2951203,64,239,1354,2017.0,15068.0,7436527.0,1.143276,1.242437,DNK,VNM,8429
2951204,65,239,1354,2017.0,0.0,109945.0,-0.314875,0.125244,DOM,VNM,8429
2951205,66,239,1354,2017.0,0.0,393225.0,-0.918984,-1.177867,DZA,VNM,8429
2951206,67,239,1354,2017.0,0.0,253397.0,-1.109413,-1.1561270000000001,ECU,VNM,8429
2951207,68,239,1354,2017.0,20714.0,399782.0,-0.09792100000000001,1.9664270000000001,EGY,VNM,8429
2951208,71,239,1354,2017.0,374850.0,49404688.0,0.7720279999999999,2.434042,ESP,VNM,8429
2951209,72,239,1354,2017.0,0.0,235408.0,1.004481,1.311075,EST,VNM,8429
2951210,73,239,1354,2017.0,0.0,2767.0,-0.874714,-0.58418,ETH,VNM,8429
2951211,74,239,1354,2017.0,0.0,2457517.0,1.6562990000000002,0.94619,FIN,VNM,8429
2951212,77,239,1354,2017.0,30980.0,64356880.0,1.3874030000000002,0.8887719999999999,FRA,VNM,8429
2951213,81,239,1354,2017.0,1396382.0,45674916.0,1.499843,1.120201,GBR,VNM,8429
2951214,82,239,1354,2017.0,0.0,18951.0,-0.252287,-0.172336,GEO,VNM,8429
2951215,83,239,1354,2017.0,0.0,4594.0,-0.910444,-0.906315,GHA,VNM,8429
2951216,90,239,1354,2017.0,3493.0,238975.0,0.10646300000000002,1.0936290000000002,GRC,VNM,8429
2951217,92,239,1354,2017.0,0.0,43967.0,-1.09962,-1.013198,GRL,VNM,8429
2951218,97,239,1354,2017.0,138067.0,13740828.0,0.877065,1.1615520000000001,HKG,VNM,8429
2951219,99,239,1354,2017.0,1871.0,56228.0,-0.44761999999999996,-0.20167100000000002,HND,VNM,8429
2951220,100,239,1354,2017.0,0.0,1035928.0,0.8933700000000001,1.4400469999999999,HRV,VNM,8429
2951221,102,239,1354,2017.0,0.0,168003.0,1.6949029999999998,0.723915,HUN,VNM,8429
2951222,103,239,1354,2017.0,185218.0,2288555.0,-0.072977,1.376847,IDN,VNM,8429
2951223,104,239,1354,2017.0,36252.0,881622.0,0.262126,2.8212040000000003,IND,VNM,8429
2951224,106,239,1354,2017.0,0.0,715791.0,1.444823,0.158356,IRL,VNM,8429
2951225,109,239,1354,2017.0,0.0,804565.0,0.279223,-0.34883600000000003,ISL,VNM,8429
2951226,110,239,1354,2017.0,86223.0,794588.0,1.158779,0.8909020000000001,ISR,VNM,8429
2951227,111,239,1354,2017.0,344670.0,50547440.0,1.4374559999999998,0.21079699999999998,ITA,VNM,8429
2951228,112,239,1354,2017.0,0.0,9109.0,-0.362252,-0.756476,JAM,VNM,8429
2951229,113,239,1354,2017.0,0.0,46958.0,0.079237,0.182893,JOR,VNM,8429
2951230,114,239,1354,2017.0,392102.0,293420192.0,2.4440779999999998,-0.46107700000000007,JPN,VNM,8429
2951231,115,239,1354,2017.0,0.0,680812.0,-0.47984399999999994,-0.40618699999999996,KAZ,VNM,8429
2951232,116,239,1354,2017.0,0.0,107527.0,-0.549171,0.39358899999999997,KEN,VNM,8429
2951233,117,239,1354,2017.0,0.0,63833.0,0.056509000000000004,0.363176,KGZ,VNM,8429
2951234,118,239,1354,2017.0,50588.0,342378.0,-0.654185,-0.655463,KHM,VNM,8429
2951235,121,239,1354,2017.0,2583665.0,508481184.0,2.1277470000000003,0.8218719999999999,KOR,VNM,8429
2951236,122,239,1354,2017.0,0.0,252256.0,-0.264903,-1.112018,KWT,VNM,8429
2951237,123,239,1354,2017.0,0.0,112820.0,-0.733135,-0.482756,LAO,VNM,8429
2951238,124,239,1354,2017.0,0.0,439228.0,0.437192,1.027289,LBN,VNM,8429
2951239,126,239,1354,2017.0,0.0,564636.0,-1.067632,-1.21154,LBY,VNM,8429
2951240,128,239,1354,2017.0,12924.0,366544.0,-0.506691,0.43309200000000003,LKA,VNM,8429
2951241,130,239,1354,2017.0,28639.0,122487.0,0.770556,1.555233,LTU,VNM,8429
2951242,131,239,1354,2017.0,0.0,1480699.0,1.1461629999999998,1.434994,LUX,VNM,8429
2951243,132,239,1354,2017.0,0.0,38262.0,0.644285,1.4304290000000002,LVA,VNM,8429
2951244,133,239,1354,2017.0,0.0,44495.0,0.33025,-0.008723999999999999,MAC,VNM,8429
2951245,134,239,1354,2017.0,18835.0,691164.0,-0.593987,-0.093414,MAR,VNM,8429
2951246,135,239,1354,2017.0,0.0,100503.0,-0.135731,-0.008816,MDA,VNM,8429
2951247,138,239,1354,2017.0,0.0,12826983.0,1.348763,0.6145010000000001,MEX,VNM,8429
2951248,140,239,1354,2017.0,2419.0,469574.0,-0.12182799999999999,-0.333793,MKD,VNM,8429
2951249,142,239,1354,2017.0,0.0,118137.0,0.9943420000000001,0.181922,MLT,VNM,8429
2951250,143,239,1354,2017.0,16605.0,30572.0,-0.9113129999999999,-0.21514,MMR,VNM,8429
2951251,144,239,1354,2017.0,0.0,269485.0,0.132462,-0.071601,MNE,VNM,8429
2951252,145,239,1354,2017.0,0.0,96112.0,-1.110506,-1.179734,MNG,VNM,8429
2951253,147,239,1354,2017.0,0.0,35768.0,-1.3967319999999999,-1.1603290000000002,MOZ,VNM,8429
2951254,151,239,1354,2017.0,2429.0,10708.0,-0.166097,-0.050332,MUS,VNM,8429
2951255,153,239,1354,2017.0,74580.0,3407088.0,1.022117,0.6711739999999999,MYS,VNM,8429
2951256,155,239,1354,2017.0,0.0,3581.0,-0.501017,-0.716238,NAM,VNM,8429
2951257,159,239,1354,2017.0,0.0,82304.0,-1.784814,-1.310281,NGA,VNM,8429
2951258,160,239,1354,2017.0,0.0,7416.0,-0.974065,-0.791551,NIC,VNM,8429
2951259,162,239,1354,2017.0,17104.0,44409296.0,1.090805,1.452409,NLD,VNM,8429
2951260,163,239,1354,2017.0,14665.0,2673371.0,0.393228,0.049788,NOR,VNM,8429
2951261,164,239,1354,2017.0,0.0,49647.0,-0.076879,0.530485,NPL,VNM,8429
2951262,166,239,1354,2017.0,1850.0,2278646.0,0.154926,0.10981500000000001,NZL,VNM,8429
2951263,167,239,1354,2017.0,0.0,10724.0,-0.44851199999999997,-0.9820049999999999,OMN,VNM,8429
2951264,168,239,1354,2017.0,8368.0,74102.0,-0.737436,0.345773,PAK,VNM,8429
2951265,169,239,1354,2017.0,0.0,791390.0,0.638093,1.01027,PAN,VNM,8429
2951266,173,239,1354,2017.0,0.0,1350507.0,-0.8214469999999999,-0.333306,PER,VNM,8429
2951267,174,239,1354,2017.0,161942.0,1654097.0,0.717074,0.224219,PHL,VNM,8429
2951268,176,239,1354,2017.0,0.0,108992.0,-1.600301,-1.287207,PNG,VNM,8429
2951269,177,239,1354,2017.0,0.0,8601324.0,1.212941,0.917751,POL,VNM,8429
2951270,179,239,1354,2017.0,2163.0,311674.0,0.692908,2.05977,PRT,VNM,8429
2951271,180,239,1354,2017.0,0.0,80353.0,-0.604205,-0.956699,PRY,VNM,8429
2951272,181,239,1354,2017.0,0.0,9730.0,0.22982199999999997,0.768037,PSE,VNM,8429
2951273,183,239,1354,2017.0,0.0,498118.0,-0.42615600000000003,-1.0956489999999999,QAT,VNM,8429
2951274,185,239,1354,2017.0,1769.0,73551.0,1.145161,1.095192,ROU,VNM,8429
2951275,186,239,1354,2017.0,696014.0,28099930.0,0.07402,0.248236,RUS,VNM,8429
2951276,188,239,1354,2017.0,0.0,5973206.0,0.508031,-0.42373500000000003,SAU,VNM,8429
2951277,190,239,1354,2017.0,0.0,114043.0,-1.488393,-1.236046,SDN,VNM,8429
2951278,192,239,1354,2017.0,310232.0,3440414.0,1.8943720000000002,0.449316,SGP,VNM,8429
2951279,197,239,1354,2017.0,0.0,354910.0,0.11754,0.363982,SLV,VNM,8429
2951280,201,239,1354,2017.0,0.0,187707.0,0.59312,1.535527,SRB,VNM,8429
2951281,206,239,1354,2017.0,3225.0,2038516.0,1.484316,0.811826,SVK,VNM,8429
2951282,207,239,1354,2017.0,0.0,1084236.0,1.597178,0.753722,SVN,VNM,8429
2951283,208,239,1354,2017.0,136417.0,6888492.0,1.695113,0.6885060000000001,SWE,VNM,8429
2951284,215,239,1354,2017.0,0.0,123849.0,-0.884833,-0.7139220000000001,TGO,VNM,8429
2951285,216,239,1354,2017.0,111068.0,2798449.0,1.15791,1.282718,THA,VNM,8429
2951286,223,239,1354,2017.0,1568.0,48289.0,0.31342600000000004,1.071153,TUN,VNM,8429
2951287,224,239,1354,2017.0,112034.0,12872157.0,0.601079,2.126314,TUR,VNM,8429
2951288,227,239,1354,2017.0,0.0,7613.0,-0.593232,0.247873,UGA,VNM,8429
2951289,228,239,1354,2017.0,0.0,1416816.0,0.34780900000000003,1.076817,UKR,VNM,8429
2951290,230,239,1354,2017.0,0.0,521017.0,0.09085900000000001,-0.246694,URY,VNM,8429
2951291,231,239,1354,2017.0,462014.0,456527296.0,1.536355,0.23775100000000002,USA,VNM,8429
2951292,232,239,1354,2017.0,0.0,1031.0,-0.386302,-0.35475999999999996,UZB,VNM,8429
2951293,236,239,1354,2017.0,0.0,499641.0,-1.191942,-1.245689,VEN,VNM,8429
2951294,243,239,1354,2017.0,0.0,4207.0,-1.1364370000000001,-1.167681,YEM,VNM,8429
2951295,246,239,1354,2017.0,4648.0,1385053.0,-0.048668,1.283483,ZAF,VNM,8429
2951296,249,239,1354,2017.0,68319.0,15299637.0,2.003822,1.215216,TWN,VNM,8429
2951297,250,239,1354,2017.0,1403766.0,152472.0,0.472054,-0.363374,ANS,VNM,8429
2951298,7,247,1354,2017.0,35223.0,0.0,0.222875,-0.204271,ARE,ZMB,8429
2951299,14,247,1354,2017.0,3841.0,0.0,-0.598537,-0.23571,AUS,ZMB,8429
2951300,15,247,1354,2017.0,11654.0,0.0,1.722766,-0.077938,AUT,ZMB,8429
2951301,18,247,1354,2017.0,3273.0,0.0,1.2396969999999998,1.1699760000000001,BEL,ZMB,8429
2951302,22,247,1354,2017.0,1675.0,0.0,-1.007846,-1.112069,BGD,ZMB,8429
2951303,37,247,1354,2017.0,11505.0,0.0,-0.41364700000000004,-1.099512,BWA,ZMB,8429
2951304,43,247,1354,2017.0,207312.0,0.0,1.2888030000000001,0.9250700000000001,CHN,ZMB,8429
2951305,46,247,1354,2017.0,0.0,3329.0,-1.158421,-1.14955,COD,ZMB,8429
2951306,58,247,1354,2017.0,5641.0,0.0,0.35097399999999995,0.103466,CYP,ZMB,8429
2951307,64,247,1354,2017.0,2824.0,0.0,1.143276,1.242437,DNK,ZMB,8429
2951308,71,247,1354,2017.0,30569.0,0.0,0.7720279999999999,2.434042,ESP,ZMB,8429
2951309,81,247,1354,2017.0,709563.0,0.0,1.499843,1.120201,GBR,ZMB,8429
2951310,97,247,1354,2017.0,2750.0,0.0,0.877065,1.1615520000000001,HKG,ZMB,8429
2951311,104,247,1354,2017.0,62025.0,0.0,0.262126,2.8212040000000003,IND,ZMB,8429
2951312,111,247,1354,2017.0,37540.0,0.0,1.4374559999999998,0.21079699999999998,ITA,ZMB,8429
2951313,114,247,1354,2017.0,1209.0,0.0,2.4440779999999998,-0.46107700000000007,JPN,ZMB,8429
2951314,116,247,1354,2017.0,3395.0,2955.0,-0.549171,0.39358899999999997,KEN,ZMB,8429
2951315,152,247,1354,2017.0,426965.0,56223.0,-0.838501,-0.938642,MWI,ZMB,8429
2951316,162,247,1354,2017.0,1352.0,0.0,1.090805,1.452409,NLD,ZMB,8429
2951317,216,247,1354,2017.0,14063.0,0.0,1.15791,1.282718,THA,ZMB,8429
2951318,226,247,1354,2017.0,11039.0,12694.0,-0.968485,0.137755,TZA,ZMB,8429
2951319,231,247,1354,2017.0,10783.0,0.0,1.536355,0.23775100000000002,USA,ZMB,8429
2951320,246,247,1354,2017.0,970705.0,0.0,-0.048668,1.283483,ZAF,ZMB,8429
2951321,248,247,1354,2017.0,144515.0,0.0,-1.101034,-1.107705,ZWE,ZMB,8429
2951322,249,247,1354,2017.0,10095.0,0.0,2.003822,1.215216,TWN,ZMB,8429
2951323,7,248,1354,2017.0,5413.0,0.0,0.222875,-0.204271,ARE,ZWE,8429
2951324,9,248,1354,2017.0,0.0,1689.0,-0.422667,-0.824041,ARM,ZWE,8429
2951325,37,248,1354,2017.0,9778.0,2587.0,-0.41364700000000004,-1.099512,BWA,ZWE,8429
2951326,41,248,1354,2017.0,0.0,13759.0,2.2443459999999997,0.836363,CHE,ZWE,8429
2951327,43,248,1354,2017.0,374713.0,0.0,1.2888030000000001,0.9250700000000001,CHN,ZWE,8429
2951328,46,248,1354,2017.0,0.0,3426.0,-1.158421,-1.14955,COD,ZWE,8429
2951329,47,248,1354,2017.0,0.0,7659.0,-1.076295,-1.109112,COG,ZWE,8429
2951330,61,248,1354,2017.0,0.0,390214.0,2.164026,-2.458307,DEU,ZWE,8429
2951331,68,248,1354,2017.0,154380.0,0.0,-0.09792100000000001,1.9664270000000001,EGY,ZWE,8429
2951332,71,248,1354,2017.0,5209.0,0.0,0.7720279999999999,2.434042,ESP,ZWE,8429
2951333,81,248,1354,2017.0,4964.0,0.0,1.499843,1.120201,GBR,ZWE,8429
2951334,97,248,1354,2017.0,8337.0,0.0,0.877065,1.1615520000000001,HKG,ZWE,8429
2951335,111,248,1354,2017.0,1223.0,0.0,1.4374559999999998,0.21079699999999998,ITA,ZWE,8429
2951336,113,248,1354,2017.0,0.0,6695.0,0.079237,0.182893,JOR,ZWE,8429
2951337,124,248,1354,2017.0,0.0,11468.0,0.437192,1.027289,LBN,ZWE,8429
2951338,128,248,1354,2017.0,0.0,8786.0,-0.506691,0.43309200000000003,LKA,ZWE,8429
2951339,147,248,1354,2017.0,0.0,13712.0,-1.3967319999999999,-1.1603290000000002,MOZ,ZWE,8429
2951340,152,248,1354,2017.0,2174.0,0.0,-0.838501,-0.938642,MWI,ZWE,8429
2951341,190,248,1354,2017.0,0.0,30899.0,-1.488393,-1.236046,SDN,ZWE,8429
2951342,192,248,1354,2017.0,1373.0,0.0,1.8943720000000002,0.449316,SGP,ZWE,8429
2951343,207,248,1354,2017.0,0.0,1032.0,1.597178,0.753722,SVN,ZWE,8429
2951344,208,248,1354,2017.0,1499.0,0.0,1.695113,0.6885060000000001,SWE,ZWE,8429
2951345,224,248,1354,2017.0,5310.0,16068.0,0.601079,2.126314,TUR,ZWE,8429
2951346,231,248,1354,2017.0,0.0,3500.0,1.536355,0.23775100000000002,USA,ZWE,8429
2951347,246,248,1354,2017.0,191491.0,77174.0,-0.048668,1.283483,ZAF,ZWE,8429
2951348,247,248,1354,2017.0,0.0,144515.0,-0.763066,-0.9292530000000001,ZMB,ZWE,8429
2951349,7,9,1354,2017.0,31148.0,67383.0,0.222875,-0.204271,ARE,ARM,8429
2951350,14,9,1354,2017.0,0.0,89519.0,-0.598537,-0.23571,AUS,ARM,8429
2951351,15,9,1354,2017.0,0.0,309149.0,1.722766,-0.077938,AUT,ARM,8429
2951352,18,9,1354,2017.0,3950.0,0.0,1.2396969999999998,1.1699760000000001,BEL,ARM,8429
2951353,22,9,1354,2017.0,251575.0,0.0,-1.007846,-1.112069,BGD,ARM,8429
2951354,32,9,1354,2017.0,0.0,19618.0,0.103119,0.808438,BRA,ARM,8429
2951355,39,9,1354,2017.0,10596.0,1014955.0,0.661032,1.331443,CAN,ARM,8429
2951356,41,9,1354,2017.0,1094.0,144989.0,2.2443459999999997,0.836363,CHE,ARM,8429
2951357,43,9,1354,2017.0,984325.0,990842.0,1.2888030000000001,0.9250700000000001,CHN,ARM,8429
2951358,59,9,1354,2017.0,11054.0,14098.0,1.8494680000000001,0.150088,CZE,ARM,8429
2951359,61,9,1354,2017.0,112530.0,3669246.0,2.164026,-2.458307,DEU,ARM,8429
2951360,71,9,1354,2017.0,124205.0,39017.0,0.7720279999999999,2.434042,ESP,ARM,8429
2951361,74,9,1354,2017.0,4241.0,12499.0,1.6562990000000002,0.94619,FIN,ARM,8429
2951362,77,9,1354,2017.0,75635.0,340169.0,1.3874030000000002,0.8887719999999999,FRA,ARM,8429
2951363,81,9,1354,2017.0,3278.0,21045.0,1.499843,1.120201,GBR,ARM,8429
2951364,82,9,1354,2017.0,88001.0,12024.0,-0.252287,-0.172336,GEO,ARM,8429
2951365,97,9,1354,2017.0,96462.0,0.0,0.877065,1.1615520000000001,HKG,ARM,8429
2951366,102,9,1354,2017.0,0.0,5888.0,1.6949029999999998,0.723915,HUN,ARM,8429
2951367,103,9,1354,2017.0,44078.0,0.0,-0.072977,1.376847,IDN,ARM,8429
2951368,104,9,1354,2017.0,4660.0,0.0,0.262126,2.8212040000000003,IND,ARM,8429
2951369,111,9,1354,2017.0,744872.0,101653.0,1.4374559999999998,0.21079699999999998,ITA,ARM,8429
2951370,114,9,1354,2017.0,0.0,2200763.0,2.4440779999999998,-0.46107700000000007,JPN,ARM,8429
2951371,118,9,1354,2017.0,36399.0,0.0,-0.654185,-0.655463,KHM,ARM,8429
2951372,121,9,1354,2017.0,0.0,875910.0,2.1277470000000003,0.8218719999999999,KOR,ARM,8429
2951373,122,9,1354,2017.0,0.0,12688.0,-0.264903,-1.112018,KWT,ARM,8429
2951374,124,9,1354,2017.0,0.0,20368.0,0.437192,1.027289,LBN,ARM,8429
2951375,128,9,1354,2017.0,2591.0,0.0,-0.506691,0.43309200000000003,LKA,ARM,8429
2951376,130,9,1354,2017.0,164554.0,0.0,0.770556,1.555233,LTU,ARM,8429
2951377,131,9,1354,2017.0,0.0,16567.0,1.1461629999999998,1.434994,LUX,ARM,8429
2951378,134,9,1354,2017.0,1037.0,0.0,-0.593987,-0.093414,MAR,ARM,8429
2951379,135,9,1354,2017.0,1172.0,4390.0,-0.135731,-0.008816,MDA,ARM,8429
2951380,142,9,1354,2017.0,2695.0,0.0,0.9943420000000001,0.181922,MLT,ARM,8429
2951381,143,9,1354,2017.0,38781.0,0.0,-0.9113129999999999,-0.21514,MMR,ARM,8429
2951382,162,9,1354,2017.0,3643.0,0.0,1.090805,1.452409,NLD,ARM,8429
2951383,163,9,1354,2017.0,0.0,38657.0,0.393228,0.049788,NOR,ARM,8429
2951384,177,9,1354,2017.0,26283.0,372646.0,1.212941,0.917751,POL,ARM,8429
2951385,185,9,1354,2017.0,11368.0,0.0,1.145161,1.095192,ROU,ARM,8429
2951386,186,9,1354,2017.0,310366.0,6527827.0,0.07402,0.248236,RUS,ARM,8429
2951387,192,9,1354,2017.0,0.0,63778.0,1.8943720000000002,0.449316,SGP,ARM,8429
2951388,201,9,1354,2017.0,0.0,18645.0,0.59312,1.535527,SRB,ARM,8429
2951389,206,9,1354,2017.0,0.0,13959.0,1.484316,0.811826,SVK,ARM,8429
2951390,207,9,1354,2017.0,0.0,16529.0,1.597178,0.753722,SVN,ARM,8429
2951391,216,9,1354,2017.0,15874.0,3628.0,1.15791,1.282718,THA,ARM,8429
2951392,223,9,1354,2017.0,1716.0,0.0,0.31342600000000004,1.071153,TUN,ARM,8429
2951393,224,9,1354,2017.0,2607.0,599485.0,0.601079,2.126314,TUR,ARM,8429
2951394,228,9,1354,2017.0,3629.0,17859.0,0.34780900000000003,1.076817,UKR,ARM,8429
2951395,231,9,1354,2017.0,8417.0,1191988.0,1.536355,0.23775100000000002,USA,ARM,8429
2951396,239,9,1354,2017.0,270453.0,0.0,-0.006548999999999999,0.7030420000000001,VNM,ARM,8429
2951397,246,9,1354,2017.0,0.0,2148.0,-0.048668,1.283483,ZAF,ARM,8429
2951398,248,9,1354,2017.0,1689.0,0.0,-1.101034,-1.107705,ZWE,ARM,8429
2951399,249,9,1354,2017.0,0.0,217270.0,2.003822,1.215216,TWN,ARM,8429
2951400,250,9,1354,2017.0,9234.0,0.0,0.472054,-0.363374,ANS,ARM,8429
2951401,3,120,1354,2017.0,1247.0,0.0,1.034482,0.266498,AIA,KNA,8429
2951402,33,120,1354,2017.0,3750.0,0.0,0.47282700000000005,0.088603,BRB,KNA,8429
2951403,39,120,1354,2017.0,5351.0,0.0,0.661032,1.331443,CAN,KNA,8429
2951404,43,120,1354,2017.0,10923.0,0.0,1.2888030000000001,0.9250700000000001,CHN,KNA,8429
2951405,55,120,1354,2017.0,2684.0,0.0,-0.146136,-0.780933,CUW,KNA,8429
2951406,65,120,1354,2017.0,18736.0,0.0,-0.314875,0.125244,DOM,KNA,8429
2951407,77,120,1354,2017.0,0.0,25577.0,1.3874030000000002,0.8887719999999999,FRA,KNA,8429
2951408,81,120,1354,2017.0,73114.0,0.0,1.499843,1.120201,GBR,KNA,8429
2951409,90,120,1354,2017.0,1274.0,0.0,0.10646300000000002,1.0936290000000002,GRC,KNA,8429
2951410,104,120,1354,2017.0,6281.0,0.0,0.262126,2.8212040000000003,IND,KNA,8429
2951411,111,120,1354,2017.0,1506.0,0.0,1.4374559999999998,0.21079699999999998,ITA,KNA,8429
2951412,224,120,1354,2017.0,20106.0,0.0,0.601079,2.126314,TUR,KNA,8429
2951413,231,120,1354,2017.0,647533.0,0.0,1.536355,0.23775100000000002,USA,KNA,8429
2951414,81,35,1354,2017.0,2783.0,0.0,1.499843,1.120201,GBR,BTN,8429
2951415,104,35,1354,2017.0,3044.0,0.0,0.262126,2.8212040000000003,IND,BTN,8429
2951416,174,35,1354,2017.0,1036.0,0.0,0.717074,0.224219,PHL,BTN,8429
2951417,216,35,1354,2017.0,4079.0,0.0,1.15791,1.282718,THA,BTN,8429
2951418,15,57,1354,2017.0,88866.0,0.0,1.722766,-0.077938,AUT,CYM,8429
2951419,41,57,1354,2017.0,1576.0,0.0,2.2443459999999997,0.836363,CHE,CYM,8429
2951420,61,57,1354,2017.0,3747.0,0.0,2.164026,-2.458307,DEU,CYM,8429
2951421,77,57,1354,2017.0,8366.0,0.0,1.3874030000000002,0.8887719999999999,FRA,CYM,8429
2951422,81,57,1354,2017.0,23112.0,0.0,1.499843,1.120201,GBR,CYM,8429
2951423,90,57,1354,2017.0,12486.0,0.0,0.10646300000000002,1.0936290000000002,GRC,CYM,8429
2951424,111,57,1354,2017.0,1405.0,0.0,1.4374559999999998,0.21079699999999998,ITA,CYM,8429
2951425,174,57,1354,2017.0,1646.0,0.0,0.717074,0.224219,PHL,CYM,8429
2951426,231,57,1354,2017.0,132386.0,0.0,1.536355,0.23775100000000002,USA,CYM,8429
2951427,71,76,1354,2017.0,4537.0,0.0,0.7720279999999999,2.434042,ESP,FLK,8429
2951428,81,76,1354,2017.0,63492.0,0.0,1.499843,1.120201,GBR,FLK,8429
2951429,5,92,1354,2017.0,1227.0,0.0,1.101312,0.593242,AND,GRL,8429
2951430,18,92,1354,2017.0,1098.0,0.0,1.2396969999999998,1.1699760000000001,BEL,GRL,8429
2951431,22,92,1354,2017.0,15912.0,0.0,-1.007846,-1.112069,BGD,GRL,8429
2951432,39,92,1354,2017.0,230008.0,0.0,0.661032,1.331443,CAN,GRL,8429
2951433,43,92,1354,2017.0,35455.0,0.0,1.2888030000000001,0.9250700000000001,CHN,GRL,8429
2951434,59,92,1354,2017.0,12765.0,0.0,1.8494680000000001,0.150088,CZE,GRL,8429
2951435,61,92,1354,2017.0,24766.0,0.0,2.164026,-2.458307,DEU,GRL,8429
2951436,64,92,1354,2017.0,3764801.0,6958.0,1.143276,1.242437,DNK,GRL,8429
2951437,77,92,1354,2017.0,3219.0,0.0,1.3874030000000002,0.8887719999999999,FRA,GRL,8429
2951438,81,92,1354,2017.0,3535.0,0.0,1.499843,1.120201,GBR,GRL,8429
2951439,109,92,1354,2017.0,3205.0,0.0,0.279223,-0.34883600000000003,ISL,GRL,8429
2951440,111,92,1354,2017.0,21279.0,0.0,1.4374559999999998,0.21079699999999998,ITA,GRL,8429
2951441,130,92,1354,2017.0,1650.0,0.0,0.770556,1.555233,LTU,GRL,8429
2951442,132,92,1354,2017.0,3385.0,0.0,0.644285,1.4304290000000002,LVA,GRL,8429
2951443,143,92,1354,2017.0,37661.0,0.0,-0.9113129999999999,-0.21514,MMR,GRL,8429
2951444,162,92,1354,2017.0,32195.0,0.0,1.090805,1.452409,NLD,GRL,8429
2951445,177,92,1354,2017.0,2758.0,0.0,1.212941,0.917751,POL,GRL,8429
2951446,208,92,1354,2017.0,123587.0,0.0,1.695113,0.6885060000000001,SWE,GRL,8429
2951447,239,92,1354,2017.0,43967.0,0.0,-0.006548999999999999,0.7030420000000001,VNM,GRL,8429
2951448,7,108,1354,2017.0,15065317.0,0.0,0.222875,-0.204271,ARE,IRQ,8429
2951449,14,108,1354,2017.0,11115.0,0.0,-0.598537,-0.23571,AUS,IRQ,8429
2951450,15,108,1354,2017.0,112594.0,0.0,1.722766,-0.077938,AUT,IRQ,8429
2951451,18,108,1354,2017.0,2512.0,0.0,1.2396969999999998,1.1699760000000001,BEL,IRQ,8429
2951452,24,108,1354,2017.0,11468.0,0.0,0.160574,-0.708064,BHR,IRQ,8429
2951453,41,108,1354,2017.0,4691.0,0.0,2.2443459999999997,0.836363,CHE,IRQ,8429
2951454,43,108,1354,2017.0,110721592.0,0.0,1.2888030000000001,0.9250700000000001,CHN,IRQ,8429
2951455,59,108,1354,2017.0,208261.0,0.0,1.8494680000000001,0.150088,CZE,IRQ,8429
2951456,61,108,1354,2017.0,84932.0,0.0,2.164026,-2.458307,DEU,IRQ,8429
2951457,64,108,1354,2017.0,6944.0,0.0,1.143276,1.242437,DNK,IRQ,8429
2951458,68,108,1354,2017.0,2483050.0,0.0,-0.09792100000000001,1.9664270000000001,EGY,IRQ,8429
2951459,77,108,1354,2017.0,3727.0,0.0,1.3874030000000002,0.8887719999999999,FRA,IRQ,8429
2951460,81,108,1354,2017.0,275522.0,1788.0,1.499843,1.120201,GBR,IRQ,8429
2951461,103,108,1354,2017.0,2888.0,0.0,-0.072977,1.376847,IDN,IRQ,8429
2951462,104,108,1354,2017.0,134295.0,0.0,0.262126,2.8212040000000003,IND,IRQ,8429
2951463,107,108,1354,2017.0,2903121.0,0.0,-0.305601,-0.42131899999999994,IRN,IRQ,8429
2951464,111,108,1354,2017.0,966178.0,0.0,1.4374559999999998,0.21079699999999998,ITA,IRQ,8429
2951465,113,108,1354,2017.0,135425.0,0.0,0.079237,0.182893,JOR,IRQ,8429
2951466,121,108,1354,2017.0,82717.0,0.0,2.1277470000000003,0.8218719999999999,KOR,IRQ,8429
2951467,122,108,1354,2017.0,160282.0,0.0,-0.264903,-1.112018,KWT,IRQ,8429
2951468,124,108,1354,2017.0,37439.0,0.0,0.437192,1.027289,LBN,IRQ,8429
2951469,134,108,1354,2017.0,2166.0,0.0,-0.593987,-0.093414,MAR,IRQ,8429
2951470,162,108,1354,2017.0,133912.0,0.0,1.090805,1.452409,NLD,IRQ,8429
2951471,168,108,1354,2017.0,23303.0,0.0,-0.737436,0.345773,PAK,IRQ,8429
2951472,188,108,1354,2017.0,334026.0,0.0,0.508031,-0.42373500000000003,SAU,IRQ,8429
2951473,192,108,1354,2017.0,7282.0,0.0,1.8943720000000002,0.449316,SGP,IRQ,8429
2951474,208,108,1354,2017.0,14535.0,1209.0,1.695113,0.6885060000000001,SWE,IRQ,8429
2951475,216,108,1354,2017.0,24373.0,0.0,1.15791,1.282718,THA,IRQ,8429
2951476,224,108,1354,2017.0,8131419.0,0.0,0.601079,2.126314,TUR,IRQ,8429
2951477,231,108,1354,2017.0,482829.0,0.0,1.536355,0.23775100000000002,USA,IRQ,8429
2951478,7,126,1354,2017.0,163285.0,0.0,0.222875,-0.204271,ARE,LBY,8429
2951479,15,126,1354,2017.0,3076.0,0.0,1.722766,-0.077938,AUT,LBY,8429
2951480,23,126,1354,2017.0,4909.0,0.0,0.563342,1.744989,BGR,LBY,8429
2951481,26,126,1354,2017.0,2618.0,0.0,0.584825,0.9219,BIH,LBY,8429
2951482,43,126,1354,2017.0,35001624.0,0.0,1.2888030000000001,0.9250700000000001,CHN,LBY,8429
2951483,61,126,1354,2017.0,162230.0,0.0,2.164026,-2.458307,DEU,LBY,8429
2951484,68,126,1354,2017.0,439371.0,0.0,-0.09792100000000001,1.9664270000000001,EGY,LBY,8429
2951485,71,126,1354,2017.0,39875.0,0.0,0.7720279999999999,2.434042,ESP,LBY,8429
2951486,77,126,1354,2017.0,27388.0,0.0,1.3874030000000002,0.8887719999999999,FRA,LBY,8429
2951487,81,126,1354,2017.0,108044.0,0.0,1.499843,1.120201,GBR,LBY,8429
2951488,97,126,1354,2017.0,18073.0,0.0,0.877065,1.1615520000000001,HKG,LBY,8429
2951489,104,126,1354,2017.0,77036.0,0.0,0.262126,2.8212040000000003,IND,LBY,8429
2951490,111,126,1354,2017.0,8222278.0,0.0,1.4374559999999998,0.21079699999999998,ITA,LBY,8429
2951491,121,126,1354,2017.0,44743.0,0.0,2.1277470000000003,0.8218719999999999,KOR,LBY,8429
2951492,134,126,1354,2017.0,105492.0,0.0,-0.593987,-0.093414,MAR,LBY,8429
2951493,142,126,1354,2017.0,169254.0,0.0,0.9943420000000001,0.181922,MLT,LBY,8429
2951494,179,126,1354,2017.0,8904.0,0.0,0.692908,2.05977,PRT,LBY,8429
2951495,223,126,1354,2017.0,264535.0,0.0,0.31342600000000004,1.071153,TUN,LBY,8429
2951496,224,126,1354,2017.0,2328022.0,0.0,0.601079,2.126314,TUR,LBY,8429
2951497,231,126,1354,2017.0,364265.0,0.0,1.536355,0.23775100000000002,USA,LBY,8429
2951498,239,126,1354,2017.0,564636.0,0.0,-0.006548999999999999,0.7030420000000001,VNM,LBY,8429
2951499,43,139,1354,2017.0,26400.0,0.0,1.2888030000000001,0.9250700000000001,CHN,MHL,8429
2951500,90,139,1354,2017.0,99023.0,0.0,0.10646300000000002,1.0936290000000002,GRC,MHL,8429
2951501,166,139,1354,2017.0,13809.0,0.0,0.154926,0.10981500000000001,NZL,MHL,8429
2951502,224,139,1354,2017.0,14180.0,0.0,0.601079,2.126314,TUR,MHL,8429
2951503,231,139,1354,2017.0,5697.0,0.0,1.536355,0.23775100000000002,USA,MHL,8429
2951504,249,139,1354,2017.0,1744.0,0.0,2.003822,1.215216,TWN,MHL,8429
2951505,7,140,1354,2017.0,0.0,42338.0,0.222875,-0.204271,ARE,MKD,8429
2951506,14,140,1354,2017.0,0.0,3593.0,-0.598537,-0.23571,AUS,MKD,8429
2951507,15,140,1354,2017.0,17368.0,970878.0,1.722766,-0.077938,AUT,MKD,8429
2951508,18,140,1354,2017.0,13984.0,30850.0,1.2396969999999998,1.1699760000000001,BEL,MKD,8429
2951509,22,140,1354,2017.0,606064.0,0.0,-1.007846,-1.112069,BGD,MKD,8429
2951510,23,140,1354,2017.0,126420.0,0.0,0.563342,1.744989,BGR,MKD,8429
2951511,26,140,1354,2017.0,3837.0,14589.0,0.584825,0.9219,BIH,MKD,8429
2951512,28,140,1354,2017.0,0.0,1550.0,0.9188780000000001,0.9998819999999999,BLR,MKD,8429
2951513,32,140,1354,2017.0,0.0,243772.0,0.103119,0.808438,BRA,MKD,8429
2951514,39,140,1354,2017.0,0.0,16330.0,0.661032,1.331443,CAN,MKD,8429
2951515,41,140,1354,2017.0,8086.0,1891373.0,2.2443459999999997,0.836363,CHE,MKD,8429
2951516,43,140,1354,2017.0,206938.0,28952.0,1.2888030000000001,0.9250700000000001,CHN,MKD,8429
2951517,59,140,1354,2017.0,105106.0,66595.0,1.8494680000000001,0.150088,CZE,MKD,8429
2951518,61,140,1354,2017.0,285879.0,14059251.0,2.164026,-2.458307,DEU,MKD,8429
2951519,64,140,1354,2017.0,24955.0,0.0,1.143276,1.242437,DNK,MKD,8429
2951520,71,140,1354,2017.0,127999.0,83241.0,0.7720279999999999,2.434042,ESP,MKD,8429
2951521,72,140,1354,2017.0,0.0,2055.0,1.004481,1.311075,EST,MKD,8429
2951522,77,140,1354,2017.0,2963.0,138248.0,1.3874030000000002,0.8887719999999999,FRA,MKD,8429
2951523,81,140,1354,2017.0,59240.0,7553.0,1.499843,1.120201,GBR,MKD,8429
2951524,90,140,1354,2017.0,56243.0,0.0,0.10646300000000002,1.0936290000000002,GRC,MKD,8429
2951525,100,140,1354,2017.0,114631.0,121482.0,0.8933700000000001,1.4400469999999999,HRV,MKD,8429
2951526,102,140,1354,2017.0,16873.0,0.0,1.6949029999999998,0.723915,HUN,MKD,8429
2951527,103,140,1354,2017.0,20502.0,0.0,-0.072977,1.376847,IDN,MKD,8429
2951528,104,140,1354,2017.0,7149.0,0.0,0.262126,2.8212040000000003,IND,MKD,8429
2951529,106,140,1354,2017.0,0.0,1477.0,1.444823,0.158356,IRL,MKD,8429
2951530,109,140,1354,2017.0,0.0,22702.0,0.279223,-0.34883600000000003,ISL,MKD,8429
2951531,111,140,1354,2017.0,130777.0,42021.0,1.4374559999999998,0.21079699999999998,ITA,MKD,8429
2951532,114,140,1354,2017.0,0.0,11540.0,2.4440779999999998,-0.46107700000000007,JPN,MKD,8429
2951533,118,140,1354,2017.0,371646.0,0.0,-0.654185,-0.655463,KHM,MKD,8429
2951534,121,140,1354,2017.0,0.0,3132.0,2.1277470000000003,0.8218719999999999,KOR,MKD,8429
2951535,122,140,1354,2017.0,0.0,1870.0,-0.264903,-1.112018,KWT,MKD,8429
2951536,128,140,1354,2017.0,5722.0,0.0,-0.506691,0.43309200000000003,LKA,MKD,8429
2951537,131,140,1354,2017.0,0.0,10408.0,1.1461629999999998,1.434994,LUX,MKD,8429
2951538,134,140,1354,2017.0,1261.0,0.0,-0.593987,-0.093414,MAR,MKD,8429
2951539,135,140,1354,2017.0,2292.0,0.0,-0.135731,-0.008816,MDA,MKD,8429
2951540,143,140,1354,2017.0,35914.0,0.0,-0.9113129999999999,-0.21514,MMR,MKD,8429
2951541,144,140,1354,2017.0,0.0,2989.0,0.132462,-0.071601,MNE,MKD,8429
2951542,153,140,1354,2017.0,8376.0,0.0,1.022117,0.6711739999999999,MYS,MKD,8429
2951543,162,140,1354,2017.0,40732.0,2826211.0,1.090805,1.452409,NLD,MKD,8429
2951544,163,140,1354,2017.0,0.0,8760.0,0.393228,0.049788,NOR,MKD,8429
2951545,168,140,1354,2017.0,1397.0,0.0,-0.737436,0.345773,PAK,MKD,8429
2951546,174,140,1354,2017.0,1093.0,0.0,0.717074,0.224219,PHL,MKD,8429
2951547,177,140,1354,2017.0,17966.0,499147.0,1.212941,0.917751,POL,MKD,8429
2951548,179,140,1354,2017.0,2440.0,0.0,0.692908,2.05977,PRT,MKD,8429
2951549,183,140,1354,2017.0,0.0,1929.0,-0.42615600000000003,-1.0956489999999999,QAT,MKD,8429
2951550,185,140,1354,2017.0,51037.0,0.0,1.145161,1.095192,ROU,MKD,8429
2951551,186,140,1354,2017.0,0.0,201052.0,0.07402,0.248236,RUS,MKD,8429
2951552,192,140,1354,2017.0,0.0,1511.0,1.8943720000000002,0.449316,SGP,MKD,8429
2951553,201,140,1354,2017.0,1156808.0,14840.0,0.59312,1.535527,SRB,MKD,8429
2951554,206,140,1354,2017.0,77357.0,1735712.0,1.484316,0.811826,SVK,MKD,8429
2951555,207,140,1354,2017.0,176542.0,29800.0,1.597178,0.753722,SVN,MKD,8429
2951556,208,140,1354,2017.0,8741.0,8148.0,1.695113,0.6885060000000001,SWE,MKD,8429
2951557,216,140,1354,2017.0,2079.0,0.0,1.15791,1.282718,THA,MKD,8429
2951558,223,140,1354,2017.0,1229.0,0.0,0.31342600000000004,1.071153,TUN,MKD,8429
2951559,224,140,1354,2017.0,1804307.0,85459.0,0.601079,2.126314,TUR,MKD,8429
2951560,228,140,1354,2017.0,6108.0,0.0,0.34780900000000003,1.076817,UKR,MKD,8429
2951561,231,140,1354,2017.0,2889.0,25874.0,1.536355,0.23775100000000002,USA,MKD,8429
2951562,239,140,1354,2017.0,469574.0,2419.0,-0.006548999999999999,0.7030420000000001,VNM,MKD,8429
2951563,249,140,1354,2017.0,0.0,1643.0,2.003822,1.215216,TWN,MKD,8429
2951564,250,140,1354,2017.0,0.0,10328.0,0.472054,-0.363374,ANS,MKD,8429
2951565,14,145,1354,2017.0,2545.0,0.0,-0.598537,-0.23571,AUS,MNG,8429
2951566,15,145,1354,2017.0,1902.0,0.0,1.722766,-0.077938,AUT,MNG,8429
2951567,18,145,1354,2017.0,0.0,4586.0,1.2396969999999998,1.1699760000000001,BEL,MNG,8429
2951568,22,145,1354,2017.0,195768.0,0.0,-1.007846,-1.112069,BGD,MNG,8429
2951569,23,145,1354,2017.0,5062.0,0.0,0.563342,1.744989,BGR,MNG,8429
2951570,39,145,1354,2017.0,50397.0,9239.0,0.661032,1.331443,CAN,MNG,8429
2951571,41,145,1354,2017.0,0.0,13669.0,2.2443459999999997,0.836363,CHE,MNG,8429
2951572,43,145,1354,2017.0,598507.0,101014.0,1.2888030000000001,0.9250700000000001,CHN,MNG,8429
2951573,59,145,1354,2017.0,19191.0,0.0,1.8494680000000001,0.150088,CZE,MNG,8429
2951574,61,145,1354,2017.0,263250.0,0.0,2.164026,-2.458307,DEU,MNG,8429
2951575,71,145,1354,2017.0,5483.0,0.0,0.7720279999999999,2.434042,ESP,MNG,8429
2951576,74,145,1354,2017.0,7012.0,0.0,1.6562990000000002,0.94619,FIN,MNG,8429
2951577,77,145,1354,2017.0,79793.0,0.0,1.3874030000000002,0.8887719999999999,FRA,MNG,8429
2951578,81,145,1354,2017.0,29861.0,0.0,1.499843,1.120201,GBR,MNG,8429
2951579,97,145,1354,2017.0,136417.0,0.0,0.877065,1.1615520000000001,HKG,MNG,8429
2951580,103,145,1354,2017.0,27389.0,0.0,-0.072977,1.376847,IDN,MNG,8429
2951581,104,145,1354,2017.0,1148.0,0.0,0.262126,2.8212040000000003,IND,MNG,8429
2951582,111,145,1354,2017.0,223799.0,164797.0,1.4374559999999998,0.21079699999999998,ITA,MNG,8429
2951583,114,145,1354,2017.0,17234.0,0.0,2.4440779999999998,-0.46107700000000007,JPN,MNG,8429
2951584,118,145,1354,2017.0,36590.0,0.0,-0.654185,-0.655463,KHM,MNG,8429
2951585,121,145,1354,2017.0,91225.0,117140.0,2.1277470000000003,0.8218719999999999,KOR,MNG,8429
2951586,128,145,1354,2017.0,1530.0,0.0,-0.506691,0.43309200000000003,LKA,MNG,8429
2951587,130,145,1354,2017.0,1346.0,0.0,0.770556,1.555233,LTU,MNG,8429
2951588,132,145,1354,2017.0,1740.0,0.0,0.644285,1.4304290000000002,LVA,MNG,8429
2951589,138,145,1354,2017.0,22278.0,0.0,1.348763,0.6145010000000001,MEX,MNG,8429
2951590,143,145,1354,2017.0,22646.0,0.0,-0.9113129999999999,-0.21514,MMR,MNG,8429
2951591,153,145,1354,2017.0,1261.0,0.0,1.022117,0.6711739999999999,MYS,MNG,8429
2951592,162,145,1354,2017.0,8026.0,0.0,1.090805,1.452409,NLD,MNG,8429
2951593,168,145,1354,2017.0,6815.0,0.0,-0.737436,0.345773,PAK,MNG,8429
2951594,174,145,1354,2017.0,4465.0,0.0,0.717074,0.224219,PHL,MNG,8429
2951595,177,145,1354,2017.0,4200.0,0.0,1.212941,0.917751,POL,MNG,8429
2951596,179,145,1354,2017.0,1394.0,0.0,0.692908,2.05977,PRT,MNG,8429
2951597,185,145,1354,2017.0,2936.0,0.0,1.145161,1.095192,ROU,MNG,8429
2951598,186,145,1354,2017.0,43907.0,2260.0,0.07402,0.248236,RUS,MNG,8429
2951599,192,145,1354,2017.0,21138.0,0.0,1.8943720000000002,0.449316,SGP,MNG,8429
2951600,208,145,1354,2017.0,2792.0,0.0,1.695113,0.6885060000000001,SWE,MNG,8429
2951601,216,145,1354,2017.0,86357.0,0.0,1.15791,1.282718,THA,MNG,8429
2951602,224,145,1354,2017.0,6520.0,0.0,0.601079,2.126314,TUR,MNG,8429
2951603,228,145,1354,2017.0,1365.0,0.0,0.34780900000000003,1.076817,UKR,MNG,8429
2951604,231,145,1354,2017.0,101855.0,0.0,1.536355,0.23775100000000002,USA,MNG,8429
2951605,239,145,1354,2017.0,96112.0,0.0,-0.006548999999999999,0.7030420000000001,VNM,MNG,8429
2951606,15,198,1354,2017.0,2752.0,0.0,1.722766,-0.077938,AUT,SMR,8429
2951607,18,198,1354,2017.0,124290.0,0.0,1.2396969999999998,1.1699760000000001,BEL,SMR,8429
2951608,41,198,1354,2017.0,0.0,1010.0,2.2443459999999997,0.836363,CHE,SMR,8429
2951609,59,198,1354,2017.0,12832.0,0.0,1.8494680000000001,0.150088,CZE,SMR,8429
2951610,61,198,1354,2017.0,46481.0,0.0,2.164026,-2.458307,DEU,SMR,8429
2951611,71,198,1354,2017.0,8011.0,0.0,0.7720279999999999,2.434042,ESP,SMR,8429
2951612,77,198,1354,2017.0,7683.0,0.0,1.3874030000000002,0.8887719999999999,FRA,SMR,8429
2951613,81,198,1354,2017.0,43956.0,0.0,1.499843,1.120201,GBR,SMR,8429
2951614,162,198,1354,2017.0,12426.0,0.0,1.090805,1.452409,NLD,SMR,8429
2951615,179,198,1354,2017.0,0.0,1886.0,0.692908,2.05977,PRT,SMR,8429
2951616,208,198,1354,2017.0,87379.0,0.0,1.695113,0.6885060000000001,SWE,SMR,8429
2951617,7,199,1354,2017.0,4795182.0,0.0,0.222875,-0.204271,ARE,SOM,8429
2951618,43,199,1354,2017.0,466891.0,0.0,1.2888030000000001,0.9250700000000001,CHN,SOM,8429
2951619,61,199,1354,2017.0,2271.0,0.0,2.164026,-2.458307,DEU,SOM,8429
2951620,64,199,1354,2017.0,1555.0,0.0,1.143276,1.242437,DNK,SOM,8429
2951621,77,199,1354,2017.0,13668.0,0.0,1.3874030000000002,0.8887719999999999,FRA,SOM,8429
2951622,81,199,1354,2017.0,15174.0,0.0,1.499843,1.120201,GBR,SOM,8429
2951623,103,199,1354,2017.0,3985403.0,0.0,-0.072977,1.376847,IDN,SOM,8429
2951624,104,199,1354,2017.0,9110.0,0.0,0.262126,2.8212040000000003,IND,SOM,8429
2951625,116,199,1354,2017.0,87655.0,0.0,-0.549171,0.39358899999999997,KEN,SOM,8429
2951626,167,199,1354,2017.0,2499.0,0.0,-0.44851199999999997,-0.9820049999999999,OMN,SOM,8429
2951627,188,199,1354,2017.0,168582.0,0.0,0.508031,-0.42373500000000003,SAU,SOM,8429
2951628,208,199,1354,2017.0,8697.0,0.0,1.695113,0.6885060000000001,SWE,SOM,8429
2951629,224,199,1354,2017.0,94434.0,0.0,0.601079,2.126314,TUR,SOM,8429
2951630,231,199,1354,2017.0,11549.0,0.0,1.536355,0.23775100000000002,USA,SOM,8429
2951631,246,199,1354,2017.0,10057.0,0.0,-0.048668,1.283483,ZAF,SOM,8429
2951632,39,0,1354,2017.0,1742.0,0.0,0.661032,1.331443,CAN,ABW,8429
2951633,43,0,1354,2017.0,46633.0,0.0,1.2888030000000001,0.9250700000000001,CHN,ABW,8429
2951634,49,0,1354,2017.0,97242.0,0.0,-0.039238999999999996,-0.246914,COL,ABW,8429
2951635,55,0,1354,2017.0,831726.0,0.0,-0.146136,-0.780933,CUW,ABW,8429
2951636,61,0,1354,2017.0,1245.0,0.0,2.164026,-2.458307,DEU,ABW,8429
2951637,64,0,1354,2017.0,5597.0,0.0,1.143276,1.242437,DNK,ABW,8429
2951638,71,0,1354,2017.0,40779.0,0.0,0.7720279999999999,2.434042,ESP,ABW,8429
2951639,77,0,1354,2017.0,2376.0,0.0,1.3874030000000002,0.8887719999999999,FRA,ABW,8429
2951640,111,0,1354,2017.0,27131.0,0.0,1.4374559999999998,0.21079699999999998,ITA,ABW,8429
2951641,113,0,1354,2017.0,0.0,5413.0,0.079237,0.182893,JOR,ABW,8429
2951642,138,0,1354,2017.0,154773.0,0.0,1.348763,0.6145010000000001,MEX,ABW,8429
2951643,162,0,1354,2017.0,15514.0,0.0,1.090805,1.452409,NLD,ABW,8429
2951644,169,0,1354,2017.0,466795.0,0.0,0.638093,1.01027,PAN,ABW,8429
2951645,173,0,1354,2017.0,2466.0,0.0,-0.8214469999999999,-0.333306,PER,ABW,8429
2951646,190,0,1354,2017.0,0.0,13718.0,-1.488393,-1.236046,SDN,ABW,8429
2951647,208,0,1354,2017.0,0.0,1666.0,1.695113,0.6885060000000001,SWE,ABW,8429
2951648,231,0,1354,2017.0,588767.0,0.0,1.536355,0.23775100000000002,USA,ABW,8429
2951649,250,0,1354,2017.0,855220.0,0.0,0.472054,-0.363374,ANS,ABW,8429
2951650,7,1,1354,2017.0,157000.0,0.0,0.222875,-0.204271,ARE,AFG,8429
2951651,15,1,1354,2017.0,11648.0,0.0,1.722766,-0.077938,AUT,AFG,8429
2951652,18,1,1354,2017.0,22162.0,0.0,1.2396969999999998,1.1699760000000001,BEL,AFG,8429
2951653,41,1,1354,2017.0,2042.0,0.0,2.2443459999999997,0.836363,CHE,AFG,8429
2951654,43,1,1354,2017.0,4144308.0,0.0,1.2888030000000001,0.9250700000000001,CHN,AFG,8429
2951655,61,1,1354,2017.0,25670.0,9185.0,2.164026,-2.458307,DEU,AFG,8429
2951656,77,1,1354,2017.0,7756.0,10584.0,1.3874030000000002,0.8887719999999999,FRA,AFG,8429
2951657,81,1,1354,2017.0,69327.0,0.0,1.499843,1.120201,GBR,AFG,8429
2951658,90,1,1354,2017.0,5514.0,0.0,0.10646300000000002,1.0936290000000002,GRC,AFG,8429
2951659,104,1,1354,2017.0,1006589.0,0.0,0.262126,2.8212040000000003,IND,AFG,8429
2951660,107,1,1354,2017.0,69506.0,0.0,-0.305601,-0.42131899999999994,IRN,AFG,8429
2951661,109,1,1354,2017.0,0.0,3792.0,0.279223,-0.34883600000000003,ISL,AFG,8429
2951662,111,1,1354,2017.0,47901.0,0.0,1.4374559999999998,0.21079699999999998,ITA,AFG,8429
2951663,162,1,1354,2017.0,30548.0,0.0,1.090805,1.452409,NLD,AFG,8429
2951664,168,1,1354,2017.0,55929.0,0.0,-0.737436,0.345773,PAK,AFG,8429
2951665,174,1,1354,2017.0,3889.0,0.0,0.717074,0.224219,PHL,AFG,8429
2951666,177,1,1354,2017.0,15590.0,0.0,1.212941,0.917751,POL,AFG,8429
2951667,206,1,1354,2017.0,102867.0,0.0,1.484316,0.811826,SVK,AFG,8429
2951668,224,1,1354,2017.0,132471.0,0.0,0.601079,2.126314,TUR,AFG,8429
2951669,231,1,1354,2017.0,1681211.0,0.0,1.536355,0.23775100000000002,USA,AFG,8429
2951670,7,2,1354,2017.0,2182504.0,2425.0,0.222875,-0.204271,ARE,AGO,8429
2951671,18,2,1354,2017.0,51020.0,3314.0,1.2396969999999998,1.1699760000000001,BEL,AGO,8429
2951672,32,2,1354,2017.0,160723.0,0.0,0.103119,0.808438,BRA,AGO,8429
2951673,41,2,1354,2017.0,6574.0,0.0,2.2443459999999997,0.836363,CHE,AGO,8429
2951674,43,2,1354,2017.0,1373732.0,0.0,1.2888030000000001,0.9250700000000001,CHN,AGO,8429
2951675,44,2,1354,2017.0,0.0,1580.0,-0.991865,-0.9496889999999999,CIV,AGO,8429
2951676,46,2,1354,2017.0,1253.0,0.0,-1.158421,-1.14955,COD,AGO,8429
2951677,47,2,1354,2017.0,2667.0,13079.0,-1.076295,-1.109112,COG,AGO,8429
2951678,61,2,1354,2017.0,49706.0,0.0,2.164026,-2.458307,DEU,AGO,8429
2951679,64,2,1354,2017.0,7725.0,0.0,1.143276,1.242437,DNK,AGO,8429
2951680,71,2,1354,2017.0,28885.0,0.0,0.7720279999999999,2.434042,ESP,AGO,8429
2951681,77,2,1354,2017.0,453498.0,6601.0,1.3874030000000002,0.8887719999999999,FRA,AGO,8429
2951682,81,2,1354,2017.0,260416.0,0.0,1.499843,1.120201,GBR,AGO,8429
2951683,97,2,1354,2017.0,4629.0,0.0,0.877065,1.1615520000000001,HKG,AGO,8429
2951684,104,2,1354,2017.0,26488.0,0.0,0.262126,2.8212040000000003,IND,AGO,8429
2951685,110,2,1354,2017.0,6241.0,0.0,1.158779,0.8909020000000001,ISR,AGO,8429
2951686,111,2,1354,2017.0,247148.0,0.0,1.4374559999999998,0.21079699999999998,ITA,AGO,8429
2951687,116,2,1354,2017.0,0.0,4454.0,-0.549171,0.39358899999999997,KEN,AGO,8429
2951688,121,2,1354,2017.0,4503.0,0.0,2.1277470000000003,0.8218719999999999,KOR,AGO,8429
2951689,124,2,1354,2017.0,1658.0,0.0,0.437192,1.027289,LBN,AGO,8429
2951690,138,2,1354,2017.0,8116.0,0.0,1.348763,0.6145010000000001,MEX,AGO,8429
2951691,147,2,1354,2017.0,0.0,1133.0,-1.3967319999999999,-1.1603290000000002,MOZ,AGO,8429
2951692,153,2,1354,2017.0,5059.0,0.0,1.022117,0.6711739999999999,MYS,AGO,8429
2951693,155,2,1354,2017.0,21822.0,0.0,-0.501017,-0.716238,NAM,AGO,8429
2951694,162,2,1354,2017.0,57344.0,0.0,1.090805,1.452409,NLD,AGO,8429
2951695,163,2,1354,2017.0,4188.0,0.0,0.393228,0.049788,NOR,AGO,8429
2951696,168,2,1354,2017.0,1406.0,0.0,-0.737436,0.345773,PAK,AGO,8429
2951697,169,2,1354,2017.0,8700.0,0.0,0.638093,1.01027,PAN,AGO,8429
2951698,179,2,1354,2017.0,2912515.0,0.0,0.692908,2.05977,PRT,AGO,8429
2951699,186,2,1354,2017.0,1558805.0,0.0,0.07402,0.248236,RUS,AGO,8429
2951700,188,2,1354,2017.0,132700.0,0.0,0.508031,-0.42373500000000003,SAU,AGO,8429
2951701,192,2,1354,2017.0,51114.0,0.0,1.8943720000000002,0.449316,SGP,AGO,8429
2951702,222,2,1354,2017.0,0.0,6750.0,-0.15041300000000002,-1.029801,TTO,AGO,8429
2951703,224,2,1354,2017.0,59519.0,0.0,0.601079,2.126314,TUR,AGO,8429
2951704,231,2,1354,2017.0,235899.0,7853.0,1.536355,0.23775100000000002,USA,AGO,8429
2951705,239,2,1354,2017.0,2883.0,0.0,-0.006548999999999999,0.7030420000000001,VNM,AGO,8429
2951706,246,2,1354,2017.0,187281.0,3579.0,-0.048668,1.283483,ZAF,AGO,8429
2951707,120,3,1354,2017.0,0.0,1247.0,1.1828530000000002,-0.12344300000000001,KNA,AIA,8429
2951708,7,4,1354,2017.0,41722.0,48539.0,0.222875,-0.204271,ARE,ALB,8429
2951709,14,4,1354,2017.0,0.0,1879.0,-0.598537,-0.23571,AUS,ALB,8429
2951710,15,4,1354,2017.0,0.0,6284.0,1.722766,-0.077938,AUT,ALB,8429
2951711,16,4,1354,2017.0,0.0,11181.0,-1.665069,-1.37471,AZE,ALB,8429
2951712,22,4,1354,2017.0,12570.0,0.0,-1.007846,-1.112069,BGD,ALB,8429
2951713,23,4,1354,2017.0,7570.0,0.0,0.563342,1.744989,BGR,ALB,8429
2951714,26,4,1354,2017.0,15859.0,3191.0,0.584825,0.9219,BIH,ALB,8429
2951715,39,4,1354,2017.0,1003.0,14335.0,0.661032,1.331443,CAN,ALB,8429
2951716,41,4,1354,2017.0,0.0,89256.0,2.2443459999999997,0.836363,CHE,ALB,8429
2951717,43,4,1354,2017.0,1365696.0,125612.0,1.2888030000000001,0.9250700000000001,CHN,ALB,8429
2951718,59,4,1354,2017.0,5901.0,258120.0,1.8494680000000001,0.150088,CZE,ALB,8429
2951719,61,4,1354,2017.0,66693.0,1307920.0,2.164026,-2.458307,DEU,ALB,8429
2951720,64,4,1354,2017.0,19654.0,0.0,1.143276,1.242437,DNK,ALB,8429
2951721,71,4,1354,2017.0,135870.0,4013.0,0.7720279999999999,2.434042,ESP,ALB,8429
2951722,74,4,1354,2017.0,0.0,9177.0,1.6562990000000002,0.94619,FIN,ALB,8429
2951723,77,4,1354,2017.0,2788.0,142422.0,1.3874030000000002,0.8887719999999999,FRA,ALB,8429
2951724,81,4,1354,2017.0,25665.0,0.0,1.499843,1.120201,GBR,ALB,8429
2951725,90,4,1354,2017.0,3385885.0,3888444.0,0.10646300000000002,1.0936290000000002,GRC,ALB,8429
2951726,100,4,1354,2017.0,1526.0,0.0,0.8933700000000001,1.4400469999999999,HRV,ALB,8429
2951727,102,4,1354,2017.0,9782.0,0.0,1.6949029999999998,0.723915,HUN,ALB,8429
2951728,104,4,1354,2017.0,4437.0,0.0,0.262126,2.8212040000000003,IND,ALB,8429
2951729,111,4,1354,2017.0,3737360.0,7305908.0,1.4374559999999998,0.21079699999999998,ITA,ALB,8429
2951730,114,4,1354,2017.0,0.0,36939.0,2.4440779999999998,-0.46107700000000007,JPN,ALB,8429
2951731,115,4,1354,2017.0,0.0,2461.0,-0.47984399999999994,-0.40618699999999996,KAZ,ALB,8429
2951732,121,4,1354,2017.0,0.0,21203.0,2.1277470000000003,0.8218719999999999,KOR,ALB,8429
2951733,122,4,1354,2017.0,0.0,2172.0,-0.264903,-1.112018,KWT,ALB,8429
2951734,124,4,1354,2017.0,0.0,8135.0,0.437192,1.027289,LBN,ALB,8429
2951735,134,4,1354,2017.0,0.0,3866.0,-0.593987,-0.093414,MAR,ALB,8429
2951736,138,4,1354,2017.0,0.0,6987.0,1.348763,0.6145010000000001,MEX,ALB,8429
2951737,144,4,1354,2017.0,0.0,2260.0,0.132462,-0.071601,MNE,ALB,8429
2951738,162,4,1354,2017.0,15602.0,60539.0,1.090805,1.452409,NLD,ALB,8429
2951739,163,4,1354,2017.0,0.0,3137.0,0.393228,0.049788,NOR,ALB,8429
2951740,168,4,1354,2017.0,7442.0,0.0,-0.737436,0.345773,PAK,ALB,8429
2951741,174,4,1354,2017.0,1744.0,0.0,0.717074,0.224219,PHL,ALB,8429
2951742,177,4,1354,2017.0,0.0,342179.0,1.212941,0.917751,POL,ALB,8429
2951743,179,4,1354,2017.0,1614.0,0.0,0.692908,2.05977,PRT,ALB,8429
2951744,183,4,1354,2017.0,0.0,14699.0,-0.42615600000000003,-1.0956489999999999,QAT,ALB,8429
2951745,185,4,1354,2017.0,0.0,139207.0,1.145161,1.095192,ROU,ALB,8429
2951746,186,4,1354,2017.0,0.0,58786.0,0.07402,0.248236,RUS,ALB,8429
2951747,192,4,1354,2017.0,0.0,13795.0,1.8943720000000002,0.449316,SGP,ALB,8429
2951748,201,4,1354,2017.0,34185.0,30456.0,0.59312,1.535527,SRB,ALB,8429
2951749,206,4,1354,2017.0,1035.0,1600.0,1.484316,0.811826,SVK,ALB,8429
2951750,207,4,1354,2017.0,36113.0,5591.0,1.597178,0.753722,SVN,ALB,8429
2951751,216,4,1354,2017.0,0.0,1817.0,1.15791,1.282718,THA,ALB,8429
2951752,224,4,1354,2017.0,319763.0,5904.0,0.601079,2.126314,TUR,ALB,8429
2951753,231,4,1354,2017.0,17787.0,55687.0,1.536355,0.23775100000000002,USA,ALB,8429
2951754,239,4,1354,2017.0,9603.0,0.0,-0.006548999999999999,0.7030420000000001,VNM,ALB,8429
2951755,249,4,1354,2017.0,0.0,2755.0,2.003822,1.215216,TWN,ALB,8429
2951756,15,5,1354,2017.0,15212.0,0.0,1.722766,-0.077938,AUT,AND,8429
2951757,18,5,1354,2017.0,101420.0,0.0,1.2396969999999998,1.1699760000000001,BEL,AND,8429
2951758,22,5,1354,2017.0,369048.0,0.0,-1.007846,-1.112069,BGD,AND,8429
2951759,26,5,1354,2017.0,6975.0,0.0,0.584825,0.9219,BIH,AND,8429
2951760,39,5,1354,2017.0,8879.0,0.0,0.661032,1.331443,CAN,AND,8429
2951761,41,5,1354,2017.0,83074.0,0.0,2.2443459999999997,0.836363,CHE,AND,8429
2951762,43,5,1354,2017.0,82815.0,0.0,1.2888030000000001,0.9250700000000001,CHN,AND,8429
2951763,44,5,1354,2017.0,0.0,8705.0,-0.991865,-0.9496889999999999,CIV,AND,8429
2951764,59,5,1354,2017.0,523650.0,0.0,1.8494680000000001,0.150088,CZE,AND,8429
2951765,61,5,1354,2017.0,473303.0,5572.0,2.164026,-2.458307,DEU,AND,8429
2951766,64,5,1354,2017.0,65244.0,0.0,1.143276,1.242437,DNK,AND,8429
2951767,68,5,1354,2017.0,22959.0,0.0,-0.09792100000000001,1.9664270000000001,EGY,AND,8429
2951768,71,5,1354,2017.0,9285671.0,25502.0,0.7720279999999999,2.434042,ESP,AND,8429
2951769,74,5,1354,2017.0,12604.0,0.0,1.6562990000000002,0.94619,FIN,AND,8429
2951770,77,5,1354,2017.0,2430007.0,77512.0,1.3874030000000002,0.8887719999999999,FRA,AND,8429
2951771,81,5,1354,2017.0,79679.0,1196.0,1.499843,1.120201,GBR,AND,8429
2951772,92,5,1354,2017.0,0.0,1227.0,-1.09962,-1.013198,GRL,AND,8429
2951773,97,5,1354,2017.0,4942.0,0.0,0.877065,1.1615520000000001,HKG,AND,8429
2951774,103,5,1354,2017.0,156820.0,0.0,-0.072977,1.376847,IDN,AND,8429
2951775,104,5,1354,2017.0,8775.0,0.0,0.262126,2.8212040000000003,IND,AND,8429
2951776,106,5,1354,2017.0,1286.0,0.0,1.444823,0.158356,IRL,AND,8429
2951777,111,5,1354,2017.0,1824535.0,8175.0,1.4374559999999998,0.21079699999999998,ITA,AND,8429
2951778,118,5,1354,2017.0,189352.0,0.0,-0.654185,-0.655463,KHM,AND,8429
2951779,121,5,1354,2017.0,1141.0,0.0,2.1277470000000003,0.8218719999999999,KOR,AND,8429
2951780,128,5,1354,2017.0,1147.0,0.0,-0.506691,0.43309200000000003,LKA,AND,8429
2951781,130,5,1354,2017.0,1114.0,0.0,0.770556,1.555233,LTU,AND,8429
2951782,134,5,1354,2017.0,3242.0,0.0,-0.593987,-0.093414,MAR,AND,8429
2951783,143,5,1354,2017.0,57961.0,0.0,-0.9113129999999999,-0.21514,MMR,AND,8429
2951784,162,5,1354,2017.0,753026.0,0.0,1.090805,1.452409,NLD,AND,8429
2951785,177,5,1354,2017.0,2444.0,0.0,1.212941,0.917751,POL,AND,8429
2951786,179,5,1354,2017.0,386697.0,0.0,0.692908,2.05977,PRT,AND,8429
2951787,185,5,1354,2017.0,6017.0,0.0,1.145161,1.095192,ROU,AND,8429
2951788,208,5,1354,2017.0,7369.0,0.0,1.695113,0.6885060000000001,SWE,AND,8429
2951789,224,5,1354,2017.0,8593.0,0.0,0.601079,2.126314,TUR,AND,8429
2951790,239,5,1354,2017.0,487480.0,0.0,-0.006548999999999999,0.7030420000000001,VNM,AND,8429
2951791,250,5,1354,2017.0,106148.0,0.0,0.472054,-0.363374,ANS,AND,8429
2951792,7,17,1354,2017.0,18008.0,0.0,0.222875,-0.204271,ARE,BDI,8429
2951793,18,17,1354,2017.0,4726.0,0.0,1.2396969999999998,1.1699760000000001,BEL,BDI,8429
2951794,38,17,1354,2017.0,86063.0,0.0,-0.206833,-0.598638,CAF,BDI,8429
2951795,41,17,1354,2017.0,2009.0,0.0,2.2443459999999997,0.836363,CHE,BDI,8429
2951796,43,17,1354,2017.0,1338249.0,0.0,1.2888030000000001,0.9250700000000001,CHN,BDI,8429
2951797,46,17,1354,2017.0,0.0,2030.0,-1.158421,-1.14955,COD,BDI,8429
2951798,77,17,1354,2017.0,6929.0,0.0,1.3874030000000002,0.8887719999999999,FRA,BDI,8429
2951799,81,17,1354,2017.0,2403.0,0.0,1.499843,1.120201,GBR,BDI,8429
2951800,104,17,1354,2017.0,4986.0,0.0,0.262126,2.8212040000000003,IND,BDI,8429
2951801,111,17,1354,2017.0,3042.0,0.0,1.4374559999999998,0.21079699999999998,ITA,BDI,8429
2951802,116,17,1354,2017.0,25113.0,0.0,-0.549171,0.39358899999999997,KEN,BDI,8429
2951803,187,17,1354,2017.0,2351.0,0.0,-0.731128,-0.64418,RWA,BDI,8429
2951804,216,17,1354,2017.0,3387.0,0.0,1.15791,1.282718,THA,BDI,8429
2951805,226,17,1354,2017.0,7058.0,0.0,-0.968485,0.137755,TZA,BDI,8429
2951806,227,17,1354,2017.0,104737.0,0.0,-0.593232,0.247873,UGA,BDI,8429
2951807,246,17,1354,2017.0,0.0,2388.0,-0.048668,1.283483,ZAF,BDI,8429
2951808,15,29,1354,2017.0,0.0,2601.0,1.722766,-0.077938,AUT,BLZ,8429
2951809,32,29,1354,2017.0,16258.0,0.0,0.103119,0.808438,BRA,BLZ,8429
2951810,42,29,1354,2017.0,2838.0,0.0,-0.282983,-0.33351,CHL,BLZ,8429
2951811,43,29,1354,2017.0,448281.0,0.0,1.2888030000000001,0.9250700000000001,CHN,BLZ,8429
2951812,61,29,1354,2017.0,0.0,2988.0,2.164026,-2.458307,DEU,BLZ,8429
2951813,71,29,1354,2017.0,12010.0,0.0,0.7720279999999999,2.434042,ESP,BLZ,8429
2951814,77,29,1354,2017.0,0.0,21250.0,1.3874030000000002,0.8887719999999999,FRA,BLZ,8429
2951815,90,29,1354,2017.0,1698.0,0.0,0.10646300000000002,1.0936290000000002,GRC,BLZ,8429
2951816,93,29,1354,2017.0,5987.0,0.0,-0.40755399999999997,0.63358,GTM,BLZ,8429
2951817,99,29,1354,2017.0,1965.0,0.0,-0.44761999999999996,-0.20167100000000002,HND,BLZ,8429
2951818,111,29,1354,2017.0,21748.0,0.0,1.4374559999999998,0.21079699999999998,ITA,BLZ,8429
2951819,169,29,1354,2017.0,69013.0,0.0,0.638093,1.01027,PAN,BLZ,8429
2951820,216,29,1354,2017.0,4035.0,0.0,1.15791,1.282718,THA,BLZ,8429
2951821,231,29,1354,2017.0,83448.0,0.0,1.536355,0.23775100000000002,USA,BLZ,8429
2951822,13,30,1354,2017.0,2166.0,0.0,0.314372,-0.432988,ATG,BMU,8429
2951823,22,30,1354,2017.0,7552.0,0.0,-1.007846,-1.112069,BGD,BMU,8429
2951824,39,30,1354,2017.0,37420.0,0.0,0.661032,1.331443,CAN,BMU,8429
2951825,41,30,1354,2017.0,4089.0,0.0,2.2443459999999997,0.836363,CHE,BMU,8429
2951826,43,30,1354,2017.0,72017.0,0.0,1.2888030000000001,0.9250700000000001,CHN,BMU,8429
2951827,61,30,1354,2017.0,8824.0,2464.0,2.164026,-2.458307,DEU,BMU,8429
2951828,77,30,1354,2017.0,12147.0,0.0,1.3874030000000002,0.8887719999999999,FRA,BMU,8429
2951829,81,30,1354,2017.0,145938.0,0.0,1.499843,1.120201,GBR,BMU,8429
2951830,90,30,1354,2017.0,10710.0,0.0,0.10646300000000002,1.0936290000000002,GRC,BMU,8429
2951831,97,30,1354,2017.0,16606.0,0.0,0.877065,1.1615520000000001,HKG,BMU,8429
2951832,103,30,1354,2017.0,1986.0,0.0,-0.072977,1.376847,IDN,BMU,8429
2951833,111,30,1354,2017.0,40104.0,0.0,1.4374559999999998,0.21079699999999998,ITA,BMU,8429
2951834,162,30,1354,2017.0,109536.0,0.0,1.090805,1.452409,NLD,BMU,8429
2951835,166,30,1354,2017.0,7486.0,0.0,0.154926,0.10981500000000001,NZL,BMU,8429
2951836,169,30,1354,2017.0,23342.0,0.0,0.638093,1.01027,PAN,BMU,8429
2951837,179,30,1354,2017.0,1091.0,0.0,0.692908,2.05977,PRT,BMU,8429
2951838,208,30,1354,2017.0,38562.0,0.0,1.695113,0.6885060000000001,SWE,BMU,8429
2951839,231,30,1354,2017.0,689989.0,0.0,1.536355,0.23775100000000002,USA,BMU,8429
2951840,239,30,1354,2017.0,1206.0,0.0,-0.006548999999999999,0.7030420000000001,VNM,BMU,8429
2951841,7,34,1354,2017.0,31633.0,0.0,0.222875,-0.204271,ARE,BRN,8429
2951842,14,34,1354,2017.0,0.0,59827.0,-0.598537,-0.23571,AUS,BRN,8429
2951843,15,34,1354,2017.0,26506.0,0.0,1.722766,-0.077938,AUT,BRN,8429
2951844,22,34,1354,2017.0,6533.0,0.0,-1.007846,-1.112069,BGD,BRN,8429
2951845,43,34,1354,2017.0,715794.0,0.0,1.2888030000000001,0.9250700000000001,CHN,BRN,8429
2951846,64,34,1354,2017.0,1918.0,0.0,1.143276,1.242437,DNK,BRN,8429
2951847,77,34,1354,2017.0,0.0,1185.0,1.3874030000000002,0.8887719999999999,FRA,BRN,8429
2951848,81,34,1354,2017.0,53154.0,0.0,1.499843,1.120201,GBR,BRN,8429
2951849,97,34,1354,2017.0,65849.0,0.0,0.877065,1.1615520000000001,HKG,BRN,8429
2951850,103,34,1354,2017.0,215384.0,0.0,-0.072977,1.376847,IDN,BRN,8429
2951851,104,34,1354,2017.0,233279.0,0.0,0.262126,2.8212040000000003,IND,BRN,8429
2951852,111,34,1354,2017.0,4798.0,0.0,1.4374559999999998,0.21079699999999998,ITA,BRN,8429
2951853,121,34,1354,2017.0,4693.0,0.0,2.1277470000000003,0.8218719999999999,KOR,BRN,8429
2951854,138,34,1354,2017.0,7083.0,0.0,1.348763,0.6145010000000001,MEX,BRN,8429
2951855,153,34,1354,2017.0,788886.0,106655.0,1.022117,0.6711739999999999,MYS,BRN,8429
2951856,168,34,1354,2017.0,21647.0,0.0,-0.737436,0.345773,PAK,BRN,8429
2951857,174,34,1354,2017.0,26125.0,0.0,0.717074,0.224219,PHL,BRN,8429
2951858,179,34,1354,2017.0,1302.0,0.0,0.692908,2.05977,PRT,BRN,8429
2951859,191,34,1354,2017.0,7763.0,0.0,-0.604504,-0.228411,SEN,BRN,8429
2951860,192,34,1354,2017.0,147618.0,11584.0,1.8943720000000002,0.449316,SGP,BRN,8429
2951861,216,34,1354,2017.0,48452.0,0.0,1.15791,1.282718,THA,BRN,8429
2951862,224,34,1354,2017.0,1180.0,0.0,0.601079,2.126314,TUR,BRN,8429
2951863,231,34,1354,2017.0,31067.0,18131.0,1.536355,0.23775100000000002,USA,BRN,8429
2951864,239,34,1354,2017.0,8848.0,0.0,-0.006548999999999999,0.7030420000000001,VNM,BRN,8429
2951865,250,34,1354,2017.0,2435.0,0.0,0.472054,-0.363374,ANS,BRN,8429
2951866,7,38,1354,2017.0,4368.0,0.0,0.222875,-0.204271,ARE,CAF,8429
2951867,17,38,1354,2017.0,0.0,86063.0,-0.947315,-1.1084049999999999,BDI,CAF,8429
2951868,18,38,1354,2017.0,4402.0,0.0,1.2396969999999998,1.1699760000000001,BEL,CAF,8429
2951869,43,38,1354,2017.0,2993.0,0.0,1.2888030000000001,0.9250700000000001,CHN,CAF,8429
2951870,45,38,1354,2017.0,1323.0,0.0,-1.039442,-1.026684,CMR,CAF,8429
2951871,47,38,1354,2017.0,4863.0,0.0,-1.076295,-1.109112,COG,CAF,8429
2951872,61,38,1354,2017.0,22294.0,0.0,2.164026,-2.458307,DEU,CAF,8429
2951873,77,38,1354,2017.0,197829.0,0.0,1.3874030000000002,0.8887719999999999,FRA,CAF,8429
2951874,186,38,1354,2017.0,1374.0,0.0,0.07402,0.248236,RUS,CAF,8429
2951875,214,38,1354,2017.0,1302.0,0.0,-2.665337,-1.096819,TCD,CAF,8429
2951876,215,38,1354,2017.0,40359.0,0.0,-0.884833,-0.7139220000000001,TGO,CAF,8429
2951877,216,38,1354,2017.0,2773.0,0.0,1.15791,1.282718,THA,CAF,8429
2951878,227,38,1354,2017.0,141038.0,0.0,-0.593232,0.247873,UGA,CAF,8429
2951879,231,38,1354,2017.0,9814.0,0.0,1.536355,0.23775100000000002,USA,CAF,8429
2951880,239,38,1354,2017.0,2225.0,0.0,-0.006548999999999999,0.7030420000000001,VNM,CAF,8429
2951881,7,50,1354,2017.0,33253.0,0.0,0.222875,-0.204271,ARE,COM,8429
2951882,18,50,1354,2017.0,1038.0,0.0,1.2396969999999998,1.1699760000000001,BEL,COM,8429
2951883,43,50,1354,2017.0,130084.0,0.0,1.2888030000000001,0.9250700000000001,CHN,COM,8429
2951884,68,50,1354,2017.0,1325.0,0.0,-0.09792100000000001,1.9664270000000001,EGY,COM,8429
2951885,77,50,1354,2017.0,10877.0,4626.0,1.3874030000000002,0.8887719999999999,FRA,COM,8429
2951886,104,50,1354,2017.0,14066.0,0.0,0.262126,2.8212040000000003,IND,COM,8429
2951887,116,50,1354,2017.0,3419.0,0.0,-0.549171,0.39358899999999997,KEN,COM,8429
2951888,216,50,1354,2017.0,1067.0,0.0,1.15791,1.282718,THA,COM,8429
2951889,226,50,1354,2017.0,1802.0,0.0,-0.968485,0.137755,TZA,COM,8429
2951890,246,50,1354,2017.0,8725.0,0.0,-0.048668,1.283483,ZAF,COM,8429
2951891,15,63,1354,2017.0,1130.0,0.0,1.722766,-0.077938,AUT,DMA,8429
2951892,39,63,1354,2017.0,0.0,2848.0,0.661032,1.331443,CAN,DMA,8429
2951893,43,63,1354,2017.0,2884.0,0.0,1.2888030000000001,0.9250700000000001,CHN,DMA,8429
2951894,81,63,1354,2017.0,1636.0,0.0,1.499843,1.120201,GBR,DMA,8429
2951895,112,63,1354,2017.0,2568.0,0.0,-0.362252,-0.756476,JAM,DMA,8429
2951896,121,63,1354,2017.0,4805.0,0.0,2.1277470000000003,0.8218719999999999,KOR,DMA,8429
2951897,134,63,1354,2017.0,2775.0,0.0,-0.593987,-0.093414,MAR,DMA,8429
2951898,231,63,1354,2017.0,15694.0,0.0,1.536355,0.23775100000000002,USA,DMA,8429
2951899,7,69,1354,2017.0,107948.0,0.0,0.222875,-0.204271,ARE,ERI,8429
2951900,41,69,1354,2017.0,5121.0,0.0,2.2443459999999997,0.836363,CHE,ERI,8429
2951901,43,69,1354,2017.0,1302.0,0.0,1.2888030000000001,0.9250700000000001,CHN,ERI,8429
2951902,111,69,1354,2017.0,22716.0,0.0,1.4374559999999998,0.21079699999999998,ITA,ERI,8429
2951903,208,69,1354,2017.0,1293.0,0.0,1.695113,0.6885060000000001,SWE,ERI,8429
2951904,246,69,1354,2017.0,2393.0,0.0,-0.048668,1.283483,ZAF,ERI,8429
2951905,10,75,1354,2017.0,0.0,3659.0,0.827625,-0.110475,ASM,FJI,8429
2951906,14,75,1354,2017.0,164638.0,3176986.0,-0.598537,-0.23571,AUS,FJI,8429
2951907,22,75,1354,2017.0,69133.0,0.0,-1.007846,-1.112069,BGD,FJI,8429
2951908,43,75,1354,2017.0,610562.0,0.0,1.2888030000000001,0.9250700000000001,CHN,FJI,8429
2951909,48,75,1354,2017.0,0.0,7728.0,0.43066400000000005,-0.639614,COK,FJI,8429
2951910,56,75,1354,2017.0,0.0,1145.0,0.511288,-0.375673,CXR,FJI,8429
2951911,61,75,1354,2017.0,0.0,56708.0,2.164026,-2.458307,DEU,FJI,8429
2951912,77,75,1354,2017.0,3626.0,0.0,1.3874030000000002,0.8887719999999999,FRA,FJI,8429
2951913,81,75,1354,2017.0,2850.0,59571.0,1.499843,1.120201,GBR,FJI,8429
2951914,97,75,1354,2017.0,50089.0,0.0,0.877065,1.1615520000000001,HKG,FJI,8429
2951915,103,75,1354,2017.0,2926.0,0.0,-0.072977,1.376847,IDN,FJI,8429
2951916,104,75,1354,2017.0,252133.0,0.0,0.262126,2.8212040000000003,IND,FJI,8429
2951917,114,75,1354,2017.0,0.0,5132.0,2.4440779999999998,-0.46107700000000007,JPN,FJI,8429
2951918,119,75,1354,2017.0,0.0,5568.0,-0.9456319999999999,-0.95314,KIR,FJI,8429
2951919,121,75,1354,2017.0,2061.0,0.0,2.1277470000000003,0.8218719999999999,KOR,FJI,8429
2951920,153,75,1354,2017.0,8366.0,0.0,1.022117,0.6711739999999999,MYS,FJI,8429
2951921,156,75,1354,2017.0,0.0,4384.0,-0.346671,-0.871627,NCL,FJI,8429
2951922,158,75,1354,2017.0,0.0,2001.0,1.246111,-0.192547,NFK,FJI,8429
2951923,161,75,1354,2017.0,0.0,1872.0,1.250035,-0.65696,NIU,FJI,8429
2951924,165,75,1354,2017.0,0.0,2138.0,1.0260129999999998,0.002612,NRU,FJI,8429
2951925,166,75,1354,2017.0,70482.0,1443128.0,0.154926,0.10981500000000001,NZL,FJI,8429
2951926,168,75,1354,2017.0,1377.0,0.0,-0.737436,0.345773,PAK,FJI,8429
2951927,174,75,1354,2017.0,17266.0,0.0,0.717074,0.224219,PHL,FJI,8429
2951928,176,75,1354,2017.0,0.0,195310.0,-1.600301,-1.287207,PNG,FJI,8429
2951929,182,75,1354,2017.0,0.0,2915.0,-0.25095500000000004,-0.8336620000000001,PYF,FJI,8429
2951930,192,75,1354,2017.0,19724.0,0.0,1.8943720000000002,0.449316,SGP,FJI,8429
2951931,195,75,1354,2017.0,0.0,182054.0,-1.09489,-0.958513,SLB,FJI,8429
2951932,216,75,1354,2017.0,8064.0,0.0,1.15791,1.282718,THA,FJI,8429
2951933,225,75,1354,2017.0,0.0,12732.0,1.4229450000000001,-0.366439,TUV,FJI,8429
2951934,231,75,1354,2017.0,34621.0,30758.0,1.536355,0.23775100000000002,USA,FJI,8429
2951935,240,75,1354,2017.0,0.0,30283.0,-1.161139,-1.018749,VUT,FJI,8429
2951936,242,75,1354,2017.0,0.0,138637.0,0.300202,0.111024,WSM,FJI,8429
2951937,249,75,1354,2017.0,1942.0,0.0,2.003822,1.215216,TWN,FJI,8429
2951938,18,78,1354,2017.0,4336.0,0.0,1.2396969999999998,1.1699760000000001,BEL,FRO,8429
2951939,61,78,1354,2017.0,174780.0,0.0,2.164026,-2.458307,DEU,FRO,8429
2951940,64,78,1354,2017.0,708988.0,0.0,1.143276,1.242437,DNK,FRO,8429
2951941,71,78,1354,2017.0,3489.0,0.0,0.7720279999999999,2.434042,ESP,FRO,8429
2951942,77,78,1354,2017.0,13819.0,0.0,1.3874030000000002,0.8887719999999999,FRA,FRO,8429
2951943,81,78,1354,2017.0,5542.0,0.0,1.499843,1.120201,GBR,FRO,8429
2951944,104,78,1354,2017.0,1675.0,0.0,0.262126,2.8212040000000003,IND,FRO,8429
2951945,109,78,1354,2017.0,29544.0,0.0,0.279223,-0.34883600000000003,ISL,FRO,8429
2951946,111,78,1354,2017.0,1306.0,0.0,1.4374559999999998,0.21079699999999998,ITA,FRO,8429
2951947,162,78,1354,2017.0,102444.0,0.0,1.090805,1.452409,NLD,FRO,8429
2951948,163,78,1354,2017.0,34126.0,0.0,0.393228,0.049788,NOR,FRO,8429
2951949,208,78,1354,2017.0,70333.0,0.0,1.695113,0.6885060000000001,SWE,FRO,8429
2951950,18,84,1354,2017.0,13148.0,0.0,1.2396969999999998,1.1699760000000001,BEL,GIB,8429
2951951,59,84,1354,2017.0,6794.0,0.0,1.8494680000000001,0.150088,CZE,GIB,8429
2951952,61,84,1354,2017.0,12413.0,0.0,2.164026,-2.458307,DEU,GIB,8429
2951953,71,84,1354,2017.0,383822.0,4104.0,0.7720279999999999,2.434042,ESP,GIB,8429
2951954,81,84,1354,2017.0,212680.0,0.0,1.499843,1.120201,GBR,GIB,8429
2951955,90,84,1354,2017.0,3358.0,0.0,0.10646300000000002,1.0936290000000002,GRC,GIB,8429
2951956,111,84,1354,2017.0,62389.0,0.0,1.4374559999999998,0.21079699999999998,ITA,GIB,8429
2951957,162,84,1354,2017.0,73104.0,1795.0,1.090805,1.452409,NLD,GIB,8429
2951958,192,84,1354,2017.0,1811.0,0.0,1.8943720000000002,0.449316,SGP,GIB,8429
2951959,206,84,1354,2017.0,9451.0,0.0,1.484316,0.811826,SVK,GIB,8429
2951960,7,87,1354,2017.0,69290.0,0.0,0.222875,-0.204271,ARE,GMB,8429
2951961,15,87,1354,2017.0,11199.0,0.0,1.722766,-0.077938,AUT,GMB,8429
2951962,43,87,1354,2017.0,59274.0,0.0,1.2888030000000001,0.9250700000000001,CHN,GMB,8429
2951963,61,87,1354,2017.0,30863.0,0.0,2.164026,-2.458307,DEU,GMB,8429
2951964,64,87,1354,2017.0,8278.0,0.0,1.143276,1.242437,DNK,GMB,8429
2951965,97,87,1354,2017.0,1843.0,0.0,0.877065,1.1615520000000001,HKG,GMB,8429
2951966,103,87,1354,2017.0,3533.0,0.0,-0.072977,1.376847,IDN,GMB,8429
2951967,104,87,1354,2017.0,2970.0,0.0,0.262126,2.8212040000000003,IND,GMB,8429
2951968,134,87,1354,2017.0,1001.0,0.0,-0.593987,-0.093414,MAR,GMB,8429
2951969,162,87,1354,2017.0,4399.0,0.0,1.090805,1.452409,NLD,GMB,8429
2951970,168,87,1354,2017.0,1691.0,0.0,-0.737436,0.345773,PAK,GMB,8429
2951971,191,87,1354,2017.0,10781.0,0.0,-0.604504,-0.228411,SEN,GMB,8429
2951972,208,87,1354,2017.0,12235.0,0.0,1.695113,0.6885060000000001,SWE,GMB,8429
2951973,224,87,1354,2017.0,2025.0,0.0,0.601079,2.126314,TUR,GMB,8429
2951974,39,91,1354,2017.0,2202.0,0.0,0.661032,1.331443,CAN,GRD,8429
2951975,43,91,1354,2017.0,14366.0,0.0,1.2888030000000001,0.9250700000000001,CHN,GRD,8429
2951976,55,91,1354,2017.0,20862.0,0.0,-0.146136,-0.780933,CUW,GRD,8429
2951977,81,91,1354,2017.0,7797.0,0.0,1.499843,1.120201,GBR,GRD,8429
2951978,168,91,1354,2017.0,1474.0,0.0,-0.737436,0.345773,PAK,GRD,8429
2951979,169,91,1354,2017.0,7182.0,0.0,0.638093,1.01027,PAN,GRD,8429
2951980,222,91,1354,2017.0,9728.0,0.0,-0.15041300000000002,-1.029801,TTO,GRD,8429
2951981,231,91,1354,2017.0,296082.0,0.0,1.536355,0.23775100000000002,USA,GRD,8429
2951982,234,91,1354,2017.0,1367.0,0.0,0.070659,-0.485245,VCT,GRD,8429
2951983,77,95,1354,2017.0,1356.0,0.0,1.3874030000000002,0.8887719999999999,FRA,GUM,8429
2951984,81,95,1354,2017.0,36248.0,0.0,1.499843,1.120201,GBR,GUM,8429
2951985,97,95,1354,2017.0,79522.0,0.0,0.877065,1.1615520000000001,HKG,GUM,8429
2951986,103,95,1354,2017.0,1858.0,0.0,-0.072977,1.376847,IDN,GUM,8429
2951987,111,95,1354,2017.0,6452.0,0.0,1.4374559999999998,0.21079699999999998,ITA,GUM,8429
2951988,121,95,1354,2017.0,5707.0,0.0,2.1277470000000003,0.8218719999999999,KOR,GUM,8429
2951989,166,95,1354,2017.0,7692.0,0.0,0.154926,0.10981500000000001,NZL,GUM,8429
2951990,174,95,1354,2017.0,114666.0,0.0,0.717074,0.224219,PHL,GUM,8429
2951991,192,95,1354,2017.0,28636.0,0.0,1.8943720000000002,0.449316,SGP,GUM,8429
2951992,216,95,1354,2017.0,8277.0,0.0,1.15791,1.282718,THA,GUM,8429
2951993,18,101,1354,2017.0,5418.0,0.0,1.2396969999999998,1.1699760000000001,BEL,HTI,8429
2951994,39,101,1354,2017.0,1249.0,182963.0,0.661032,1.331443,CAN,HTI,8429
2951995,42,101,1354,2017.0,0.0,1145.0,-0.282983,-0.33351,CHL,HTI,8429
2951996,43,101,1354,2017.0,396247.0,2973.0,1.2888030000000001,0.9250700000000001,CHN,HTI,8429
2951997,49,101,1354,2017.0,2246.0,1116.0,-0.039238999999999996,-0.246914,COL,HTI,8429
2951998,61,101,1354,2017.0,13453.0,0.0,2.164026,-2.458307,DEU,HTI,8429
2951999,67,101,1354,2017.0,5258.0,0.0,-1.109413,-1.1561270000000001,ECU,HTI,8429
2952000,77,101,1354,2017.0,1079.0,0.0,1.3874030000000002,0.8887719999999999,FRA,HTI,8429
2952001,111,101,1354,2017.0,6397.0,0.0,1.4374559999999998,0.21079699999999998,ITA,HTI,8429
2952002,169,101,1354,2017.0,157074.0,0.0,0.638093,1.01027,PAN,HTI,8429
2952003,174,101,1354,2017.0,0.0,10498.0,0.717074,0.224219,PHL,HTI,8429
2952004,183,101,1354,2017.0,0.0,5221.0,-0.42615600000000003,-1.0956489999999999,QAT,HTI,8429
2952005,186,101,1354,2017.0,0.0,1529.0,0.07402,0.248236,RUS,HTI,8429
2952006,224,101,1354,2017.0,5080.0,0.0,0.601079,2.126314,TUR,HTI,8429
2952007,231,101,1354,2017.0,166109.0,3854161.0,1.536355,0.23775100000000002,USA,HTI,8429
2952008,75,119,1354,2017.0,5568.0,0.0,-0.500896,-0.169256,FJI,KIR,8429
2952009,97,119,1354,2017.0,1037.0,0.0,0.877065,1.1615520000000001,HKG,KIR,8429
2952010,174,119,1354,2017.0,2501.0,0.0,0.717074,0.224219,PHL,KIR,8429
2952011,216,119,1354,2017.0,1349.0,0.0,1.15791,1.282718,THA,KIR,8429
2952012,231,119,1354,2017.0,0.0,24980.0,1.536355,0.23775100000000002,USA,KIR,8429
2952013,14,123,1354,2017.0,20416.0,4365.0,-0.598537,-0.23571,AUS,LAO,8429
2952014,15,123,1354,2017.0,0.0,82737.0,1.722766,-0.077938,AUT,LAO,8429
2952015,18,123,1354,2017.0,0.0,19915.0,1.2396969999999998,1.1699760000000001,BEL,LAO,8429
2952016,39,123,1354,2017.0,0.0,1416.0,0.661032,1.331443,CAN,LAO,8429
2952017,41,123,1354,2017.0,0.0,67034.0,2.2443459999999997,0.836363,CHE,LAO,8429
2952018,43,123,1354,2017.0,108853.0,1362.0,1.2888030000000001,0.9250700000000001,CHN,LAO,8429
2952019,59,123,1354,2017.0,0.0,20647.0,1.8494680000000001,0.150088,CZE,LAO,8429
2952020,61,123,1354,2017.0,0.0,1378800.0,2.164026,-2.458307,DEU,LAO,8429
2952021,64,123,1354,2017.0,0.0,94909.0,1.143276,1.242437,DNK,LAO,8429
2952022,71,123,1354,2017.0,0.0,73847.0,0.7720279999999999,2.434042,ESP,LAO,8429
2952023,74,123,1354,2017.0,0.0,25425.0,1.6562990000000002,0.94619,FIN,LAO,8429
2952024,77,123,1354,2017.0,0.0,830426.0,1.3874030000000002,0.8887719999999999,FRA,LAO,8429
2952025,81,123,1354,2017.0,1230.0,2227006.0,1.499843,1.120201,GBR,LAO,8429
2952026,106,123,1354,2017.0,0.0,143500.0,1.444823,0.158356,IRL,LAO,8429
2952027,109,123,1354,2017.0,0.0,528081.0,0.279223,-0.34883600000000003,ISL,LAO,8429
2952028,111,123,1354,2017.0,0.0,8662.0,1.4374559999999998,0.21079699999999998,ITA,LAO,8429
2952029,114,123,1354,2017.0,0.0,408394.0,2.4440779999999998,-0.46107700000000007,JPN,LAO,8429
2952030,115,123,1354,2017.0,0.0,1316.0,-0.47984399999999994,-0.40618699999999996,KAZ,LAO,8429
2952031,121,123,1354,2017.0,18373.0,0.0,2.1277470000000003,0.8218719999999999,KOR,LAO,8429
2952032,162,123,1354,2017.0,0.0,67231.0,1.090805,1.452409,NLD,LAO,8429
2952033,163,123,1354,2017.0,0.0,11645.0,0.393228,0.049788,NOR,LAO,8429
2952034,179,123,1354,2017.0,0.0,103399.0,0.692908,2.05977,PRT,LAO,8429
2952035,186,123,1354,2017.0,0.0,1514.0,0.07402,0.248236,RUS,LAO,8429
2952036,207,123,1354,2017.0,0.0,2217.0,1.597178,0.753722,SVN,LAO,8429
2952037,208,123,1354,2017.0,0.0,61363.0,1.695113,0.6885060000000001,SWE,LAO,8429
2952038,216,123,1354,2017.0,452309.0,73090.0,1.15791,1.282718,THA,LAO,8429
2952039,231,123,1354,2017.0,0.0,40961.0,1.536355,0.23775100000000002,USA,LAO,8429
2952040,239,123,1354,2017.0,112820.0,0.0,-0.006548999999999999,0.7030420000000001,VNM,LAO,8429
2952041,249,123,1354,2017.0,0.0,1902.0,2.003822,1.215216,TWN,LAO,8429
2952042,43,129,1354,2017.0,2351.0,0.0,1.2888030000000001,0.9250700000000001,CHN,LSO,8429
2952043,46,129,1354,2017.0,0.0,10972.0,-1.158421,-1.14955,COD,LSO,8429
2952044,111,129,1354,2017.0,1336.0,0.0,1.4374559999999998,0.21079699999999998,ITA,LSO,8429
2952045,136,129,1354,2017.0,0.0,144601.0,-1.098631,-0.8503069999999999,MDG,LSO,8429
2952046,147,129,1354,2017.0,0.0,3080.0,-1.3967319999999999,-1.1603290000000002,MOZ,LSO,8429
2952047,188,129,1354,2017.0,0.0,33320.0,0.508031,-0.42373500000000003,SAU,LSO,8429
2952048,226,129,1354,2017.0,0.0,1860.0,-0.968485,0.137755,TZA,LSO,8429
2952049,231,129,1354,2017.0,1216.0,80748.0,1.536355,0.23775100000000002,USA,LSO,8429
2952050,246,129,1354,2017.0,453719.0,6679744.0,-0.048668,1.283483,ZAF,LSO,8429
2952051,14,133,1354,2017.0,0.0,2869.0,-0.598537,-0.23571,AUS,MAC,8429
2952052,15,133,1354,2017.0,4399.0,0.0,1.722766,-0.077938,AUT,MAC,8429
2952053,18,133,1354,2017.0,232693.0,0.0,1.2396969999999998,1.1699760000000001,BEL,MAC,8429
2952054,39,133,1354,2017.0,23653.0,3672.0,0.661032,1.331443,CAN,MAC,8429
2952055,41,133,1354,2017.0,62893.0,0.0,2.2443459999999997,0.836363,CHE,MAC,8429
2952056,43,133,1354,2017.0,2365200.0,0.0,1.2888030000000001,0.9250700000000001,CHN,MAC,8429
2952057,61,133,1354,2017.0,407981.0,1660.0,2.164026,-2.458307,DEU,MAC,8429
2952058,64,133,1354,2017.0,14417.0,0.0,1.143276,1.242437,DNK,MAC,8429
2952059,71,133,1354,2017.0,194220.0,0.0,0.7720279999999999,2.434042,ESP,MAC,8429
2952060,77,133,1354,2017.0,324397.0,7931.0,1.3874030000000002,0.8887719999999999,FRA,MAC,8429
2952061,81,133,1354,2017.0,1085604.0,0.0,1.499843,1.120201,GBR,MAC,8429
2952062,97,133,1354,2017.0,12302974.0,2230331.0,0.877065,1.1615520000000001,HKG,MAC,8429
2952063,106,133,1354,2017.0,0.0,10434.0,1.444823,0.158356,IRL,MAC,8429
2952064,111,133,1354,2017.0,12517029.0,8059.0,1.4374559999999998,0.21079699999999998,ITA,MAC,8429
2952065,114,133,1354,2017.0,26323.0,0.0,2.4440779999999998,-0.46107700000000007,JPN,MAC,8429
2952066,121,133,1354,2017.0,18809.0,19176.0,2.1277470000000003,0.8218719999999999,KOR,MAC,8429
2952067,153,133,1354,2017.0,5843.0,0.0,1.022117,0.6711739999999999,MYS,MAC,8429
2952068,174,133,1354,2017.0,23423.0,0.0,0.717074,0.224219,PHL,MAC,8429
2952069,177,133,1354,2017.0,3159.0,0.0,1.212941,0.917751,POL,MAC,8429
2952070,179,133,1354,2017.0,0.0,1974.0,0.692908,2.05977,PRT,MAC,8429
2952071,192,133,1354,2017.0,9695.0,0.0,1.8943720000000002,0.449316,SGP,MAC,8429
2952072,208,133,1354,2017.0,10074.0,0.0,1.695113,0.6885060000000001,SWE,MAC,8429
2952073,231,133,1354,2017.0,38174.0,5095.0,1.536355,0.23775100000000002,USA,MAC,8429
2952074,239,133,1354,2017.0,44495.0,0.0,-0.006548999999999999,0.7030420000000001,VNM,MAC,8429
2952075,249,133,1354,2017.0,32124.0,0.0,2.003822,1.215216,TWN,MAC,8429
2952076,7,137,1354,2017.0,18680.0,2203.0,0.222875,-0.204271,ARE,MDV,8429
2952077,14,137,1354,2017.0,4311.0,0.0,-0.598537,-0.23571,AUS,MDV,8429
2952078,15,137,1354,2017.0,6587.0,0.0,1.722766,-0.077938,AUT,MDV,8429
2952079,18,137,1354,2017.0,6195.0,0.0,1.2396969999999998,1.1699760000000001,BEL,MDV,8429
2952080,22,137,1354,2017.0,4958.0,0.0,-1.007846,-1.112069,BGD,MDV,8429
2952081,39,137,1354,2017.0,0.0,7290.0,0.661032,1.331443,CAN,MDV,8429
2952082,41,137,1354,2017.0,14464.0,0.0,2.2443459999999997,0.836363,CHE,MDV,8429
2952083,43,137,1354,2017.0,338874.0,0.0,1.2888030000000001,0.9250700000000001,CHN,MDV,8429
2952084,61,137,1354,2017.0,18828.0,0.0,2.164026,-2.458307,DEU,MDV,8429
2952085,71,137,1354,2017.0,7798.0,0.0,0.7720279999999999,2.434042,ESP,MDV,8429
2952086,77,137,1354,2017.0,94062.0,0.0,1.3874030000000002,0.8887719999999999,FRA,MDV,8429
2952087,81,137,1354,2017.0,55879.0,0.0,1.499843,1.120201,GBR,MDV,8429
2952088,97,137,1354,2017.0,17746.0,0.0,0.877065,1.1615520000000001,HKG,MDV,8429
2952089,103,137,1354,2017.0,22813.0,0.0,-0.072977,1.376847,IDN,MDV,8429
2952090,104,137,1354,2017.0,72779.0,0.0,0.262126,2.8212040000000003,IND,MDV,8429
2952091,111,137,1354,2017.0,203160.0,0.0,1.4374559999999998,0.21079699999999998,ITA,MDV,8429
2952092,128,137,1354,2017.0,64261.0,0.0,-0.506691,0.43309200000000003,LKA,MDV,8429
2952093,153,137,1354,2017.0,229701.0,0.0,1.022117,0.6711739999999999,MYS,MDV,8429
2952094,162,137,1354,2017.0,2946.0,0.0,1.090805,1.452409,NLD,MDV,8429
2952095,168,137,1354,2017.0,12324.0,0.0,-0.737436,0.345773,PAK,MDV,8429
2952096,174,137,1354,2017.0,1251.0,0.0,0.717074,0.224219,PHL,MDV,8429
2952097,179,137,1354,2017.0,3521.0,0.0,0.692908,2.05977,PRT,MDV,8429
2952098,192,137,1354,2017.0,57635.0,0.0,1.8943720000000002,0.449316,SGP,MDV,8429
2952099,216,137,1354,2017.0,1445175.0,0.0,1.15791,1.282718,THA,MDV,8429
2952100,224,137,1354,2017.0,4977.0,0.0,0.601079,2.126314,TUR,MDV,8429
2952101,231,137,1354,2017.0,23231.0,0.0,1.536355,0.23775100000000002,USA,MDV,8429
2952102,249,137,1354,2017.0,16517.0,0.0,2.003822,1.215216,TWN,MDV,8429
2952103,97,146,1354,2017.0,34290.0,0.0,0.877065,1.1615520000000001,HKG,MNP,8429
2952104,174,146,1354,2017.0,4213.0,0.0,0.717074,0.224219,PHL,MNP,8429
2952105,192,146,1354,2017.0,3240.0,0.0,1.8943720000000002,0.449316,SGP,MNP,8429
2952106,14,156,1354,2017.0,101711.0,0.0,-0.598537,-0.23571,AUS,NCL,8429
2952107,15,156,1354,2017.0,1490.0,0.0,1.722766,-0.077938,AUT,NCL,8429
2952108,43,156,1354,2017.0,151425.0,0.0,1.2888030000000001,0.9250700000000001,CHN,NCL,8429
2952109,61,156,1354,2017.0,4706.0,0.0,2.164026,-2.458307,DEU,NCL,8429
2952110,64,156,1354,2017.0,7493.0,0.0,1.143276,1.242437,DNK,NCL,8429
2952111,75,156,1354,2017.0,4384.0,0.0,-0.500896,-0.169256,FJI,NCL,8429
2952112,77,156,1354,2017.0,764374.0,3643.0,1.3874030000000002,0.8887719999999999,FRA,NCL,8429
2952113,81,156,1354,2017.0,3146.0,0.0,1.499843,1.120201,GBR,NCL,8429
2952114,103,156,1354,2017.0,88263.0,0.0,-0.072977,1.376847,IDN,NCL,8429
2952115,111,156,1354,2017.0,64062.0,0.0,1.4374559999999998,0.21079699999999998,ITA,NCL,8429
2952116,162,156,1354,2017.0,7343.0,0.0,1.090805,1.452409,NLD,NCL,8429
2952117,166,156,1354,2017.0,2859.0,0.0,0.154926,0.10981500000000001,NZL,NCL,8429
2952118,174,156,1354,2017.0,1741.0,0.0,0.717074,0.224219,PHL,NCL,8429
2952119,216,156,1354,2017.0,49377.0,0.0,1.15791,1.282718,THA,NCL,8429
2952120,224,156,1354,2017.0,4414.0,0.0,0.601079,2.126314,TUR,NCL,8429
2952121,231,156,1354,2017.0,11696.0,0.0,1.536355,0.23775100000000002,USA,NCL,8429
2952122,7,157,1354,2017.0,20607.0,0.0,0.222875,-0.204271,ARE,NER,8429
2952123,18,157,1354,2017.0,7144.0,0.0,1.2396969999999998,1.1699760000000001,BEL,NER,8429
2952124,21,157,1354,2017.0,0.0,5394.0,-1.0605440000000002,-1.038926,BFA,NER,8429
2952125,39,157,1354,2017.0,2871.0,0.0,0.661032,1.331443,CAN,NER,8429
2952126,43,157,1354,2017.0,354479.0,0.0,1.2888030000000001,0.9250700000000001,CHN,NER,8429
2952127,64,157,1354,2017.0,11722.0,0.0,1.143276,1.242437,DNK,NER,8429
2952128,68,157,1354,2017.0,3985.0,0.0,-0.09792100000000001,1.9664270000000001,EGY,NER,8429
2952129,71,157,1354,2017.0,28729.0,0.0,0.7720279999999999,2.434042,ESP,NER,8429
2952130,77,157,1354,2017.0,382786.0,2892.0,1.3874030000000002,0.8887719999999999,FRA,NER,8429
2952131,83,157,1354,2017.0,13330.0,0.0,-0.910444,-0.906315,GHA,NER,8429
2952132,104,157,1354,2017.0,14483.0,0.0,0.262126,2.8212040000000003,IND,NER,8429
2952133,111,157,1354,2017.0,1160.0,0.0,1.4374559999999998,0.21079699999999998,ITA,NER,8429
2952134,134,157,1354,2017.0,22627.0,0.0,-0.593987,-0.093414,MAR,NER,8429
2952135,159,157,1354,2017.0,6617.0,0.0,-1.784814,-1.310281,NGA,NER,8429
2952136,188,157,1354,2017.0,11856.0,0.0,0.508031,-0.42373500000000003,SAU,NER,8429
2952137,223,157,1354,2017.0,1252.0,0.0,0.31342600000000004,1.071153,TUN,NER,8429
2952138,224,157,1354,2017.0,10160.0,0.0,0.601079,2.126314,TUR,NER,8429
2952139,231,157,1354,2017.0,147643.0,0.0,1.536355,0.23775100000000002,USA,NER,8429
2952140,246,157,1354,2017.0,4109.0,0.0,-0.048668,1.283483,ZAF,NER,8429
2952141,7,164,1354,2017.0,2877.0,2065.0,0.222875,-0.204271,ARE,NPL,8429
2952142,8,164,1354,2017.0,0.0,65865.0,-0.268441,0.337024,ARG,NPL,8429
2952143,14,164,1354,2017.0,0.0,2260.0,-0.598537,-0.23571,AUS,NPL,8429
2952144,15,164,1354,2017.0,0.0,2291.0,1.722766,-0.077938,AUT,NPL,8429
2952145,22,164,1354,2017.0,31773.0,0.0,-1.007846,-1.112069,BGD,NPL,8429
2952146,39,164,1354,2017.0,63409.0,48025.0,0.661032,1.331443,CAN,NPL,8429
2952147,41,164,1354,2017.0,1063.0,2891.0,2.2443459999999997,0.836363,CHE,NPL,8429
2952148,43,164,1354,2017.0,8507222.0,5576.0,1.2888030000000001,0.9250700000000001,CHN,NPL,8429
2952149,59,164,1354,2017.0,0.0,2842.0,1.8494680000000001,0.150088,CZE,NPL,8429
2952150,61,164,1354,2017.0,8794.0,154244.0,2.164026,-2.458307,DEU,NPL,8429
2952151,64,164,1354,2017.0,0.0,4462.0,1.143276,1.242437,DNK,NPL,8429
2952152,71,164,1354,2017.0,16187.0,14663.0,0.7720279999999999,2.434042,ESP,NPL,8429
2952153,74,164,1354,2017.0,0.0,1001.0,1.6562990000000002,0.94619,FIN,NPL,8429
2952154,77,164,1354,2017.0,0.0,89589.0,1.3874030000000002,0.8887719999999999,FRA,NPL,8429
2952155,81,164,1354,2017.0,0.0,46381.0,1.499843,1.120201,GBR,NPL,8429
2952156,97,164,1354,2017.0,61559.0,0.0,0.877065,1.1615520000000001,HKG,NPL,8429
2952157,103,164,1354,2017.0,8659.0,0.0,-0.072977,1.376847,IDN,NPL,8429
2952158,104,164,1354,2017.0,368983.0,7664.0,0.262126,2.8212040000000003,IND,NPL,8429
2952159,106,164,1354,2017.0,0.0,13678.0,1.444823,0.158356,IRL,NPL,8429
2952160,111,164,1354,2017.0,5994.0,6504.0,1.4374559999999998,0.21079699999999998,ITA,NPL,8429
2952161,114,164,1354,2017.0,0.0,15654.0,2.4440779999999998,-0.46107700000000007,JPN,NPL,8429
2952162,153,164,1354,2017.0,2259.0,0.0,1.022117,0.6711739999999999,MYS,NPL,8429
2952163,162,164,1354,2017.0,107315.0,1318.0,1.090805,1.452409,NLD,NPL,8429
2952164,163,164,1354,2017.0,0.0,1840.0,0.393228,0.049788,NOR,NPL,8429
2952165,166,164,1354,2017.0,0.0,2682.0,0.154926,0.10981500000000001,NZL,NPL,8429
2952166,177,164,1354,2017.0,0.0,1641.0,1.212941,0.917751,POL,NPL,8429
2952167,185,164,1354,2017.0,0.0,6368.0,1.145161,1.095192,ROU,NPL,8429
2952168,208,164,1354,2017.0,5492.0,12387.0,1.695113,0.6885060000000001,SWE,NPL,8429
2952169,216,164,1354,2017.0,76245.0,1404.0,1.15791,1.282718,THA,NPL,8429
2952170,231,164,1354,2017.0,19510.0,87840.0,1.536355,0.23775100000000002,USA,NPL,8429
2952171,239,164,1354,2017.0,49647.0,0.0,-0.006548999999999999,0.7030420000000001,VNM,NPL,8429
2952172,246,164,1354,2017.0,0.0,31939.0,-0.048668,1.283483,ZAF,NPL,8429
2952173,249,164,1354,2017.0,0.0,14005.0,2.003822,1.215216,TWN,NPL,8429
2952174,43,175,1354,2017.0,1777.0,0.0,1.2888030000000001,0.9250700000000001,CHN,PLW,8429
2952175,114,175,1354,2017.0,10924.0,0.0,2.4440779999999998,-0.46107700000000007,JPN,PLW,8429
2952176,174,175,1354,2017.0,15565.0,0.0,0.717074,0.224219,PHL,PLW,8429
2952177,231,175,1354,2017.0,5609.0,0.0,1.536355,0.23775100000000002,USA,PLW,8429
2952178,14,182,1354,2017.0,61604.0,0.0,-0.598537,-0.23571,AUS,PYF,8429
2952179,15,182,1354,2017.0,103181.0,0.0,1.722766,-0.077938,AUT,PYF,8429
2952180,32,182,1354,2017.0,2844.0,0.0,0.103119,0.808438,BRA,PYF,8429
2952181,43,182,1354,2017.0,68958.0,0.0,1.2888030000000001,0.9250700000000001,CHN,PYF,8429
2952182,61,182,1354,2017.0,1472.0,0.0,2.164026,-2.458307,DEU,PYF,8429
2952183,75,182,1354,2017.0,2915.0,0.0,-0.500896,-0.169256,FJI,PYF,8429
2952184,77,182,1354,2017.0,779546.0,0.0,1.3874030000000002,0.8887719999999999,FRA,PYF,8429
2952185,81,182,1354,2017.0,10543.0,0.0,1.499843,1.120201,GBR,PYF,8429
2952186,103,182,1354,2017.0,30157.0,0.0,-0.072977,1.376847,IDN,PYF,8429
2952187,104,182,1354,2017.0,10820.0,0.0,0.262126,2.8212040000000003,IND,PYF,8429
2952188,114,182,1354,2017.0,3210.0,0.0,2.4440779999999998,-0.46107700000000007,JPN,PYF,8429
2952189,153,182,1354,2017.0,6653.0,0.0,1.022117,0.6711739999999999,MYS,PYF,8429
2952190,166,182,1354,2017.0,1332.0,1087.0,0.154926,0.10981500000000001,NZL,PYF,8429
2952191,174,182,1354,2017.0,8803.0,0.0,0.717074,0.224219,PHL,PYF,8429
2952192,177,182,1354,2017.0,1226.0,0.0,1.212941,0.917751,POL,PYF,8429
2952193,179,182,1354,2017.0,1231.0,0.0,0.692908,2.05977,PRT,PYF,8429
2952194,231,182,1354,2017.0,154298.0,0.0,1.536355,0.23775100000000002,USA,PYF,8429
2952195,249,182,1354,2017.0,4639.0,0.0,2.003822,1.215216,TWN,PYF,8429
2952196,14,195,1354,2017.0,54316.0,0.0,-0.598537,-0.23571,AUS,SLB,8429
2952197,43,195,1354,2017.0,39054.0,0.0,1.2888030000000001,0.9250700000000001,CHN,SLB,8429
2952198,75,195,1354,2017.0,182054.0,0.0,-0.500896,-0.169256,FJI,SLB,8429
2952199,97,195,1354,2017.0,2377.0,0.0,0.877065,1.1615520000000001,HKG,SLB,8429
2952200,114,195,1354,2017.0,4486.0,0.0,2.4440779999999998,-0.46107700000000007,JPN,SLB,8429
2952201,166,195,1354,2017.0,6661.0,0.0,0.154926,0.10981500000000001,NZL,SLB,8429
2952202,176,195,1354,2017.0,8448.0,0.0,-1.600301,-1.287207,PNG,SLB,8429
2952203,216,195,1354,2017.0,6587.0,0.0,1.15791,1.282718,THA,SLB,8429
2952204,231,195,1354,2017.0,25366.0,0.0,1.536355,0.23775100000000002,USA,SLB,8429
2952205,18,202,1354,2017.0,5638.0,0.0,1.2396969999999998,1.1699760000000001,BEL,SSD,8429
2952206,43,202,1354,2017.0,39322.0,0.0,1.2888030000000001,0.9250700000000001,CHN,SSD,8429
2952207,61,202,1354,2017.0,6957.0,0.0,2.164026,-2.458307,DEU,SSD,8429
2952208,81,202,1354,2017.0,6207.0,0.0,1.499843,1.120201,GBR,SSD,8429
2952209,111,202,1354,2017.0,3701.0,0.0,1.4374559999999998,0.21079699999999998,ITA,SSD,8429
2952210,116,202,1354,2017.0,9336.0,0.0,-0.549171,0.39358899999999997,KEN,SSD,8429
2952211,227,202,1354,2017.0,20264.0,0.0,-0.593232,0.247873,UGA,SSD,8429
2952212,231,202,1354,2017.0,12780.0,0.0,1.536355,0.23775100000000002,USA,SSD,8429
2952213,7,211,1354,2017.0,16169.0,0.0,0.222875,-0.204271,ARE,SYC,8429
2952214,22,211,1354,2017.0,39152.0,0.0,-1.007846,-1.112069,BGD,SYC,8429
2952215,39,211,1354,2017.0,0.0,1689.0,0.661032,1.331443,CAN,SYC,8429
2952216,43,211,1354,2017.0,56835.0,0.0,1.2888030000000001,0.9250700000000001,CHN,SYC,8429
2952217,77,211,1354,2017.0,114044.0,0.0,1.3874030000000002,0.8887719999999999,FRA,SYC,8429
2952218,81,211,1354,2017.0,30403.0,0.0,1.499843,1.120201,GBR,SYC,8429
2952219,104,211,1354,2017.0,68924.0,0.0,0.262126,2.8212040000000003,IND,SYC,8429
2952220,111,211,1354,2017.0,2920.0,0.0,1.4374559999999998,0.21079699999999998,ITA,SYC,8429
2952221,128,211,1354,2017.0,5082.0,0.0,-0.506691,0.43309200000000003,LKA,SYC,8429
2952222,136,211,1354,2017.0,1183.0,0.0,-1.098631,-0.8503069999999999,MDG,SYC,8429
2952223,151,211,1354,2017.0,25733.0,0.0,-0.166097,-0.050332,MUS,SYC,8429
2952224,177,211,1354,2017.0,1227.0,0.0,1.212941,0.917751,POL,SYC,8429
2952225,192,211,1354,2017.0,14229.0,0.0,1.8943720000000002,0.449316,SGP,SYC,8429
2952226,216,211,1354,2017.0,3097.0,0.0,1.15791,1.282718,THA,SYC,8429
2952227,231,211,1354,2017.0,13974.0,0.0,1.536355,0.23775100000000002,USA,SYC,8429
2952228,246,211,1354,2017.0,32099.0,0.0,-0.048668,1.283483,ZAF,SYC,8429
2952229,7,212,1354,2017.0,55412.0,109869.0,0.222875,-0.204271,ARE,SYR,8429
2952230,15,212,1354,2017.0,0.0,3417.0,1.722766,-0.077938,AUT,SYR,8429
2952231,24,212,1354,2017.0,0.0,13819.0,0.160574,-0.708064,BHR,SYR,8429
2952232,43,212,1354,2017.0,3064107.0,0.0,1.2888030000000001,0.9250700000000001,CHN,SYR,8429
2952233,59,212,1354,2017.0,0.0,3026.0,1.8494680000000001,0.150088,CZE,SYR,8429
2952234,61,212,1354,2017.0,0.0,132761.0,2.164026,-2.458307,DEU,SYR,8429
2952235,68,212,1354,2017.0,101811.0,0.0,-0.09792100000000001,1.9664270000000001,EGY,SYR,8429
2952236,77,212,1354,2017.0,0.0,1384.0,1.3874030000000002,0.8887719999999999,FRA,SYR,8429
2952237,107,212,1354,2017.0,0.0,2041.0,-0.305601,-0.42131899999999994,IRN,SYR,8429
2952238,111,212,1354,2017.0,7784.0,0.0,1.4374559999999998,0.21079699999999998,ITA,SYR,8429
2952239,113,212,1354,2017.0,0.0,70936.0,0.079237,0.182893,JOR,SYR,8429
2952240,122,212,1354,2017.0,12944.0,741731.0,-0.264903,-1.112018,KWT,SYR,8429
2952241,167,212,1354,2017.0,0.0,77232.0,-0.44851199999999997,-0.9820049999999999,OMN,SYR,8429
2952242,177,212,1354,2017.0,0.0,68108.0,1.212941,0.917751,POL,SYR,8429
2952243,183,212,1354,2017.0,0.0,331589.0,-0.42615600000000003,-1.0956489999999999,QAT,SYR,8429
2952244,188,212,1354,2017.0,0.0,1153697.0,0.508031,-0.42373500000000003,SAU,SYR,8429
2952245,190,212,1354,2017.0,0.0,56053.0,-1.488393,-1.236046,SDN,SYR,8429
2952246,208,212,1354,2017.0,1641.0,9022.0,1.695113,0.6885060000000001,SWE,SYR,8429
2952247,224,212,1354,2017.0,1856607.0,0.0,0.601079,2.126314,TUR,SYR,8429
2952248,231,212,1354,2017.0,12500.0,1928.0,1.536355,0.23775100000000002,USA,SYR,8429
2952249,7,217,1354,2017.0,7630.0,0.0,0.222875,-0.204271,ARE,TJK,8429
2952250,43,217,1354,2017.0,24980386.0,0.0,1.2888030000000001,0.9250700000000001,CHN,TJK,8429
2952251,61,217,1354,2017.0,6486.0,0.0,2.164026,-2.458307,DEU,TJK,8429
2952252,71,217,1354,2017.0,1415.0,0.0,0.7720279999999999,2.434042,ESP,TJK,8429
2952253,104,217,1354,2017.0,2015.0,0.0,0.262126,2.8212040000000003,IND,TJK,8429
2952254,111,217,1354,2017.0,86649.0,0.0,1.4374559999999998,0.21079699999999998,ITA,TJK,8429
2952255,115,217,1354,2017.0,0.0,15187.0,-0.47984399999999994,-0.40618699999999996,KAZ,TJK,8429
2952256,117,217,1354,2017.0,3604.0,0.0,0.056509000000000004,0.363176,KGZ,TJK,8429
2952257,135,217,1354,2017.0,3842.0,0.0,-0.135731,-0.008816,MDA,TJK,8429
2952258,186,217,1354,2017.0,8059.0,410123.0,0.07402,0.248236,RUS,TJK,8429
2952259,224,217,1354,2017.0,734234.0,0.0,0.601079,2.126314,TUR,TJK,8429
2952260,231,217,1354,2017.0,15000.0,0.0,1.536355,0.23775100000000002,USA,TJK,8429
2952261,232,217,1354,2017.0,139273.0,0.0,-0.386302,-0.35475999999999996,UZB,TJK,8429
2952262,14,220,1354,2017.0,4495.0,3409.0,-0.598537,-0.23571,AUS,TLS,8429
2952263,43,220,1354,2017.0,507351.0,0.0,1.2888030000000001,0.9250700000000001,CHN,TLS,8429
2952264,81,220,1354,2017.0,2231.0,0.0,1.499843,1.120201,GBR,TLS,8429
2952265,97,220,1354,2017.0,4512.0,0.0,0.877065,1.1615520000000001,HKG,TLS,8429
2952266,103,220,1354,2017.0,166595.0,0.0,-0.072977,1.376847,IDN,TLS,8429
2952267,114,220,1354,2017.0,8378.0,0.0,2.4440779999999998,-0.46107700000000007,JPN,TLS,8429
2952268,121,220,1354,2017.0,2815.0,0.0,2.1277470000000003,0.8218719999999999,KOR,TLS,8429
2952269,153,220,1354,2017.0,0.0,1093.0,1.022117,0.6711739999999999,MYS,TLS,8429
2952270,174,220,1354,2017.0,9142.0,0.0,0.717074,0.224219,PHL,TLS,8429
2952271,179,220,1354,2017.0,5624.0,0.0,0.692908,2.05977,PRT,TLS,8429
2952272,192,220,1354,2017.0,1357.0,0.0,1.8943720000000002,0.449316,SGP,TLS,8429
2952273,14,221,1354,2017.0,5577.0,0.0,-0.598537,-0.23571,AUS,TON,8429
2952274,43,221,1354,2017.0,1015.0,0.0,1.2888030000000001,0.9250700000000001,CHN,TON,8429
2952275,166,221,1354,2017.0,16757.0,0.0,0.154926,0.10981500000000001,NZL,TON,8429
2952276,231,221,1354,2017.0,4596.0,0.0,1.536355,0.23775100000000002,USA,TON,8429
2952277,14,225,1354,2017.0,3380.0,0.0,-0.598537,-0.23571,AUS,TUV,8429
2952278,75,225,1354,2017.0,12732.0,0.0,-0.500896,-0.169256,FJI,TUV,8429
2952279,77,225,1354,2017.0,0.0,222257.0,1.3874030000000002,0.8887719999999999,FRA,TUV,8429
2952280,166,225,1354,2017.0,1179.0,0.0,0.154926,0.10981500000000001,NZL,TUV,8429
2952281,13,234,1354,2017.0,0.0,3886.0,0.314372,-0.432988,ATG,VCT,8429
2952282,39,234,1354,2017.0,1537.0,0.0,0.661032,1.331443,CAN,VCT,8429
2952283,43,234,1354,2017.0,23156.0,0.0,1.2888030000000001,0.9250700000000001,CHN,VCT,8429
2952284,77,234,1354,2017.0,1258.0,0.0,1.3874030000000002,0.8887719999999999,FRA,VCT,8429
2952285,81,234,1354,2017.0,11249.0,0.0,1.499843,1.120201,GBR,VCT,8429
2952286,91,234,1354,2017.0,0.0,1367.0,0.47027399999999997,-0.272036,GRD,VCT,8429
2952287,111,234,1354,2017.0,5977.0,0.0,1.4374559999999998,0.21079699999999998,ITA,VCT,8429
2952288,169,234,1354,2017.0,2311.0,0.0,0.638093,1.01027,PAN,VCT,8429
2952289,190,234,1354,2017.0,0.0,117648.0,-1.488393,-1.236046,SDN,VCT,8429
2952290,205,234,1354,2017.0,1334.0,0.0,-0.426954,-1.022706,SUR,VCT,8429
2952291,231,234,1354,2017.0,12946.0,0.0,1.536355,0.23775100000000002,USA,VCT,8429
2952292,14,240,1354,2017.0,22077.0,0.0,-0.598537,-0.23571,AUS,VUT,8429
2952293,43,240,1354,2017.0,14849.0,0.0,1.2888030000000001,0.9250700000000001,CHN,VUT,8429
2952294,75,240,1354,2017.0,30283.0,0.0,-0.500896,-0.169256,FJI,VUT,8429
2952295,77,240,1354,2017.0,5232.0,0.0,1.3874030000000002,0.8887719999999999,FRA,VUT,8429
2952296,81,240,1354,2017.0,3434.0,0.0,1.499843,1.120201,GBR,VUT,8429
2952297,166,240,1354,2017.0,5457.0,0.0,0.154926,0.10981500000000001,NZL,VUT,8429
2952298,174,240,1354,2017.0,5166.0,0.0,0.717074,0.224219,PHL,VUT,8429
2952299,7,243,1354,2017.0,31147.0,0.0,0.222875,-0.204271,ARE,YEM,8429
2952300,18,243,1354,2017.0,12274.0,0.0,1.2396969999999998,1.1699760000000001,BEL,YEM,8429
2952301,43,243,1354,2017.0,7645934.0,0.0,1.2888030000000001,0.9250700000000001,CHN,YEM,8429
2952302,61,243,1354,2017.0,1794.0,0.0,2.164026,-2.458307,DEU,YEM,8429
2952303,68,243,1354,2017.0,1278634.0,0.0,-0.09792100000000001,1.9664270000000001,EGY,YEM,8429
2952304,81,243,1354,2017.0,2203.0,0.0,1.499843,1.120201,GBR,YEM,8429
2952305,103,243,1354,2017.0,369951.0,0.0,-0.072977,1.376847,IDN,YEM,8429
2952306,104,243,1354,2017.0,1655204.0,0.0,0.262126,2.8212040000000003,IND,YEM,8429
2952307,113,243,1354,2017.0,4636.0,0.0,0.079237,0.182893,JOR,YEM,8429
2952308,168,243,1354,2017.0,4716.0,0.0,-0.737436,0.345773,PAK,YEM,8429
2952309,224,243,1354,2017.0,51858.0,0.0,0.601079,2.126314,TUR,YEM,8429
2952310,239,243,1354,2017.0,4207.0,0.0,-0.006548999999999999,0.7030420000000001,VNM,YEM,8429
2952311,246,243,1354,2017.0,6976.0,0.0,-0.048668,1.283483,ZAF,YEM,8429
2952312,14,242,1354,2017.0,19947.0,21698.0,-0.598537,-0.23571,AUS,WSM,8429
2952313,43,242,1354,2017.0,52653.0,0.0,1.2888030000000001,0.9250700000000001,CHN,WSM,8429
2952314,75,242,1354,2017.0,138637.0,0.0,-0.500896,-0.169256,FJI,WSM,8429
2952315,104,242,1354,2017.0,3436.0,0.0,0.262126,2.8212040000000003,IND,WSM,8429
2952316,114,242,1354,2017.0,0.0,8372.0,2.4440779999999998,-0.46107700000000007,JPN,WSM,8429
2952317,166,242,1354,2017.0,49429.0,0.0,0.154926,0.10981500000000001,NZL,WSM,8429
2952318,192,242,1354,2017.0,3619.0,0.0,1.8943720000000002,0.449316,SGP,WSM,8429
2952319,231,242,1354,2017.0,8626.0,0.0,1.536355,0.23775100000000002,USA,WSM,8429
2952320,81,20,1354,2017.0,1622.0,0.0,1.499843,1.120201,GBR,BES,8429
2952321,162,20,1354,2017.0,49240.0,0.0,1.090805,1.452409,NLD,BES,8429
2952322,179,20,1354,2017.0,4301.0,0.0,0.692908,2.05977,PRT,BES,8429
2952323,41,210,1354,2017.0,0.0,1393.0,2.2443459999999997,0.836363,CHE,SXM,8429
2952324,61,210,1354,2017.0,3681.0,0.0,2.164026,-2.458307,DEU,SXM,8429
2952325,74,210,1354,2017.0,5359.0,0.0,1.6562990000000002,0.94619,FIN,SXM,8429
2952326,77,210,1354,2017.0,1625.0,0.0,1.3874030000000002,0.8887719999999999,FRA,SXM,8429
2952327,81,210,1354,2017.0,98296.0,0.0,1.499843,1.120201,GBR,SXM,8429
2952328,90,210,1354,2017.0,1582.0,0.0,0.10646300000000002,1.0936290000000002,GRC,SXM,8429
2952329,111,210,1354,2017.0,14924.0,0.0,1.4374559999999998,0.21079699999999998,ITA,SXM,8429
2952330,162,210,1354,2017.0,25448.0,1368.0,1.090805,1.452409,NLD,SXM,8429
2952331,169,210,1354,2017.0,11314.0,0.0,0.638093,1.01027,PAN,SXM,8429
2952332,231,210,1354,2017.0,57636.0,0.0,1.536355,0.23775100000000002,USA,SXM,8429
2952333,14,10,1354,2017.0,5000.0,0.0,-0.598537,-0.23571,AUS,ASM,8429
2952334,75,10,1354,2017.0,3659.0,0.0,-0.500896,-0.169256,FJI,ASM,8429
2952335,166,10,1354,2017.0,22833.0,0.0,0.154926,0.10981500000000001,NZL,ASM,8429
2952336,174,10,1354,2017.0,1601.0,0.0,0.717074,0.224219,PHL,ASM,8429
2952337,61,11,1354,2017.0,0.0,2218.0,2.164026,-2.458307,DEU,ATA,8429
2952338,121,11,1354,2017.0,0.0,2981.0,2.1277470000000003,0.8218719999999999,KOR,ATA,8429
2952339,177,11,1354,2017.0,32218.0,0.0,1.212941,0.917751,POL,ATA,8429
2952340,14,40,1354,2017.0,2783.0,0.0,-0.598537,-0.23571,AUS,CCK,8429
2952341,14,48,1354,2017.0,31412.0,0.0,-0.598537,-0.23571,AUS,COK,8429
2952342,75,48,1354,2017.0,7728.0,0.0,-0.500896,-0.169256,FJI,COK,8429
2952343,103,48,1354,2017.0,1771.0,0.0,-0.072977,1.376847,IDN,COK,8429
2952344,166,48,1354,2017.0,38287.0,0.0,0.154926,0.10981500000000001,NZL,COK,8429
2952345,216,48,1354,2017.0,1344.0,0.0,1.15791,1.282718,THA,COK,8429
2952346,231,48,1354,2017.0,7662.0,0.0,1.536355,0.23775100000000002,USA,COK,8429
2952347,14,56,1354,2017.0,3000.0,0.0,-0.598537,-0.23571,AUS,CXR,8429
2952348,75,56,1354,2017.0,1145.0,0.0,-0.500896,-0.169256,FJI,CXR,8429
2952349,43,79,1354,2017.0,5824.0,0.0,1.2888030000000001,0.9250700000000001,CHN,FSM,8429
2952350,81,79,1354,2017.0,1631.0,0.0,1.499843,1.120201,GBR,FSM,8429
2952351,174,79,1354,2017.0,45851.0,0.0,0.717074,0.224219,PHL,FSM,8429
2952352,231,79,1354,2017.0,9520.0,0.0,1.536355,0.23775100000000002,USA,FSM,8429
2952353,75,161,1354,2017.0,1872.0,0.0,-0.500896,-0.169256,FJI,NIU,8429
2952354,14,165,1354,2017.0,7033.0,0.0,-0.598537,-0.23571,AUS,NRU,8429
2952355,75,165,1354,2017.0,2138.0,0.0,-0.500896,-0.169256,FJI,NRU,8429
2952356,77,165,1354,2017.0,0.0,182842.0,1.3874030000000002,0.8887719999999999,FRA,NRU,8429
2952357,121,165,1354,2017.0,0.0,5094.0,2.1277470000000003,0.8218719999999999,KOR,NRU,8429
2952358,192,165,1354,2017.0,2108.0,0.0,1.8943720000000002,0.449316,SGP,NRU,8429
2952359,207,165,1354,2017.0,0.0,3923.0,1.597178,0.753722,SVN,NRU,8429
2952360,174,229,1354,2017.0,7215.0,0.0,0.717074,0.224219,PHL,UMI,8429
2952361,77,241,1354,2017.0,26777.0,0.0,1.3874030000000002,0.8887719999999999,FRA,WLF,8429
2952362,190,233,1354,2017.0,0.0,34268.0,-1.488393,-1.236046,SDN,VAT,8429
2952363,64,12,1354,2017.0,2837.0,0.0,1.143276,1.242437,DNK,ATF,8429
2952364,77,12,1354,2017.0,5226.0,0.0,1.3874030000000002,0.8887719999999999,FRA,ATF,8429
2952365,61,27,1354,2017.0,4590.0,0.0,2.164026,-2.458307,DEU,BLM,8429
2952366,71,27,1354,2017.0,0.0,4410.0,0.7720279999999999,2.434042,ESP,BLM,8429
2952367,77,27,1354,2017.0,56646.0,0.0,1.3874030000000002,0.8887719999999999,FRA,BLM,8429
2952368,111,27,1354,2017.0,135124.0,0.0,1.4374559999999998,0.21079699999999998,ITA,BLM,8429
2952369,39,200,1354,2017.0,25660.0,0.0,0.661032,1.331443,CAN,SPM,8429
2952370,77,200,1354,2017.0,37024.0,1141.0,1.3874030000000002,0.8887719999999999,FRA,SPM,8429
2952371,192,213,1354,2017.0,9728.0,0.0,1.8943720000000002,0.449316,SGP,TCA,8429
2952372,231,213,1354,2017.0,90956.0,0.0,1.536355,0.23775100000000002,USA,TCA,8429
2952373,77,218,1354,2017.0,0.0,3149.0,1.3874030000000002,0.8887719999999999,FRA,TKL,8429
2952374,106,218,1354,2017.0,0.0,8812.0,1.444823,0.158356,IRL,TKL,8429
2952375,169,105,1354,2017.0,17058.0,0.0,0.638093,1.01027,PAN,IOT,8429
2952376,1,7,1355,2017.0,0.0,12067.0,-1.341683,-0.9569620000000001,AFG,ARE,8431
2952377,2,7,1355,2017.0,0.0,73953.0,-1.580759,-1.2589270000000001,AGO,ARE,8431
2952378,4,7,1355,2017.0,17300.0,0.0,-0.351054,-0.193147,ALB,ARE,8431
2952379,9,7,1355,2017.0,31931.0,4474.0,-0.422667,-0.824041,ARM,ARE,8431
2952380,14,7,1355,2017.0,29284.0,97709.0,-0.598537,-0.23571,AUS,ARE,8431
2952381,15,7,1355,2017.0,59911.0,6980.0,1.722766,-0.077938,AUT,ARE,8431
2952382,16,7,1355,2017.0,0.0,11442.0,-1.665069,-1.37471,AZE,ARE,8431
2952383,18,7,1355,2017.0,222121.0,6416.0,1.2396969999999998,1.1699760000000001,BEL,ARE,8431
2952384,19,7,1355,2017.0,0.0,1028.0,-0.567589,-0.694574,BEN,ARE,8431
2952385,22,7,1355,2017.0,2465051.0,0.0,-1.007846,-1.112069,BGD,ARE,8431
2952386,23,7,1355,2017.0,520795.0,0.0,0.563342,1.744989,BGR,ARE,8431
2952387,24,7,1355,2017.0,473632.0,360281.0,0.160574,-0.708064,BHR,ARE,8431
2952388,26,7,1355,2017.0,370562.0,0.0,0.584825,0.9219,BIH,ARE,8431
2952389,28,7,1355,2017.0,12402.0,0.0,0.9188780000000001,0.9998819999999999,BLR,ARE,8431
2952390,31,7,1355,2017.0,3932.0,0.0,-1.032957,-0.9679840000000001,BOL,ARE,8431
2952391,32,7,1355,2017.0,5279.0,44452.0,0.103119,0.808438,BRA,ARE,8431
2952392,34,7,1355,2017.0,0.0,8376.0,0.13716,-0.783787,BRN,ARE,8431
2952393,39,7,1355,2017.0,224923.0,29232.0,0.661032,1.331443,CAN,ARE,8431
2952394,41,7,1355,2017.0,90105.0,112965.0,2.2443459999999997,0.836363,CHE,ARE,8431
2952395,42,7,1355,2017.0,33947.0,0.0,-0.282983,-0.33351,CHL,ARE,8431
2952396,43,7,1355,2017.0,125328696.0,44054.0,1.2888030000000001,0.9250700000000001,CHN,ARE,8431
2952397,44,7,1355,2017.0,0.0,2399.0,-0.991865,-0.9496889999999999,CIV,ARE,8431
2952398,47,7,1355,2017.0,0.0,7632.0,-1.076295,-1.109112,COG,ARE,8431
2952399,49,7,1355,2017.0,9726.0,0.0,-0.039238999999999996,-0.246914,COL,ARE,8431
2952400,58,7,1355,2017.0,2947.0,0.0,0.35097399999999995,0.103466,CYP,ARE,8431
2952401,59,7,1355,2017.0,0.0,3518.0,1.8494680000000001,0.150088,CZE,ARE,8431
2952402,61,7,1355,2017.0,839725.0,44182.0,2.164026,-2.458307,DEU,ARE,8431
2952403,62,7,1355,2017.0,0.0,1301.0,-0.136228,-0.49436,DJI,ARE,8431
2952404,64,7,1355,2017.0,171830.0,9757.0,1.143276,1.242437,DNK,ARE,8431
2952405,66,7,1355,2017.0,0.0,3764.0,-0.918984,-1.177867,DZA,ARE,8431
2952406,68,7,1355,2017.0,203744.0,568008.0,-0.09792100000000001,1.9664270000000001,EGY,ARE,8431
2952407,71,7,1355,2017.0,4622850.0,19651.0,0.7720279999999999,2.434042,ESP,ARE,8431
2952408,72,7,1355,2017.0,1908.0,0.0,1.004481,1.311075,EST,ARE,8431
2952409,73,7,1355,2017.0,0.0,12409.0,-0.874714,-0.58418,ETH,ARE,8431
2952410,74,7,1355,2017.0,8529.0,1756.0,1.6562990000000002,0.94619,FIN,ARE,8431
2952411,77,7,1355,2017.0,3501913.0,202608.0,1.3874030000000002,0.8887719999999999,FRA,ARE,8431
2952412,81,7,1355,2017.0,3614519.0,3197906.0,1.499843,1.120201,GBR,ARE,8431
2952413,82,7,1355,2017.0,11315.0,29871.0,-0.252287,-0.172336,GEO,ARE,8431
2952414,83,7,1355,2017.0,0.0,71078.0,-0.910444,-0.906315,GHA,ARE,8431
2952415,90,7,1355,2017.0,39884.0,2441.0,0.10646300000000002,1.0936290000000002,GRC,ARE,8431
2952416,93,7,1355,2017.0,12535.0,0.0,-0.40755399999999997,0.63358,GTM,ARE,8431
2952417,97,7,1355,2017.0,650315.0,89899.0,0.877065,1.1615520000000001,HKG,ARE,8431
2952418,100,7,1355,2017.0,3865.0,31752.0,0.8933700000000001,1.4400469999999999,HRV,ARE,8431
2952419,102,7,1355,2017.0,238909.0,0.0,1.6949029999999998,0.723915,HUN,ARE,8431
2952420,103,7,1355,2017.0,847707.0,9318.0,-0.072977,1.376847,IDN,ARE,8431
2952421,104,7,1355,2017.0,4802640.0,42633.0,0.262126,2.8212040000000003,IND,ARE,8431
2952422,106,7,1355,2017.0,0.0,1680.0,1.444823,0.158356,IRL,ARE,8431
2952423,107,7,1355,2017.0,0.0,507441.0,-0.305601,-0.42131899999999994,IRN,ARE,8431
2952424,108,7,1355,2017.0,0.0,857658.0,-1.135867,-0.9570700000000001,IRQ,ARE,8431
2952425,111,7,1355,2017.0,5787940.0,92915.0,1.4374559999999998,0.21079699999999998,ITA,ARE,8431
2952426,113,7,1355,2017.0,33797.0,525093.0,0.079237,0.182893,JOR,ARE,8431
2952427,114,7,1355,2017.0,65707.0,221920.0,2.4440779999999998,-0.46107700000000007,JPN,ARE,8431
2952428,115,7,1355,2017.0,0.0,8169.0,-0.47984399999999994,-0.40618699999999996,KAZ,ARE,8431
2952429,116,7,1355,2017.0,0.0,198439.0,-0.549171,0.39358899999999997,KEN,ARE,8431
2952430,118,7,1355,2017.0,500792.0,0.0,-0.654185,-0.655463,KHM,ARE,8431
2952431,121,7,1355,2017.0,43859.0,845374.0,2.1277470000000003,0.8218719999999999,KOR,ARE,8431
2952432,122,7,1355,2017.0,290121.0,1566389.0,-0.264903,-1.112018,KWT,ARE,8431
2952433,123,7,1355,2017.0,248752.0,0.0,-0.733135,-0.482756,LAO,ARE,8431
2952434,124,7,1355,2017.0,173535.0,571818.0,0.437192,1.027289,LBN,ARE,8431
2952435,126,7,1355,2017.0,0.0,26654.0,-1.067632,-1.21154,LBY,ARE,8431
2952436,128,7,1355,2017.0,377111.0,8419.0,-0.506691,0.43309200000000003,LKA,ARE,8431
2952437,130,7,1355,2017.0,127254.0,0.0,0.770556,1.555233,LTU,ARE,8431
2952438,134,7,1355,2017.0,1825672.0,84139.0,-0.593987,-0.093414,MAR,ARE,8431
2952439,135,7,1355,2017.0,71850.0,0.0,-0.135731,-0.008816,MDA,ARE,8431
2952440,136,7,1355,2017.0,5954.0,0.0,-1.098631,-0.8503069999999999,MDG,ARE,8431
2952441,137,7,1355,2017.0,3007.0,1651.0,-0.739309,-0.951202,MDV,ARE,8431
2952442,138,7,1355,2017.0,6397.0,85285.0,1.348763,0.6145010000000001,MEX,ARE,8431
2952443,140,7,1355,2017.0,73840.0,0.0,-0.12182799999999999,-0.333793,MKD,ARE,8431
2952444,143,7,1355,2017.0,1035387.0,0.0,-0.9113129999999999,-0.21514,MMR,ARE,8431
2952445,147,7,1355,2017.0,0.0,3234.0,-1.3967319999999999,-1.1603290000000002,MOZ,ARE,8431
2952446,151,7,1355,2017.0,22916.0,9683.0,-0.166097,-0.050332,MUS,ARE,8431
2952447,153,7,1355,2017.0,163253.0,55173.0,1.022117,0.6711739999999999,MYS,ARE,8431
2952448,159,7,1355,2017.0,0.0,10846.0,-1.784814,-1.310281,NGA,ARE,8431
2952449,160,7,1355,2017.0,1058.0,0.0,-0.974065,-0.791551,NIC,ARE,8431
2952450,162,7,1355,2017.0,99904.0,20134.0,1.090805,1.452409,NLD,ARE,8431
2952451,163,7,1355,2017.0,0.0,29668.0,0.393228,0.049788,NOR,ARE,8431
2952452,166,7,1355,2017.0,23289.0,0.0,0.154926,0.10981500000000001,NZL,ARE,8431
2952453,167,7,1355,2017.0,7917.0,1491511.0,-0.44851199999999997,-0.9820049999999999,OMN,ARE,8431
2952454,168,7,1355,2017.0,583512.0,207940.0,-0.737436,0.345773,PAK,ARE,8431
2952455,173,7,1355,2017.0,46699.0,0.0,-0.8214469999999999,-0.333306,PER,ARE,8431
2952456,174,7,1355,2017.0,71723.0,11957.0,0.717074,0.224219,PHL,ARE,8431
2952457,177,7,1355,2017.0,363221.0,3010.0,1.212941,0.917751,POL,ARE,8431
2952458,179,7,1355,2017.0,492855.0,2375.0,0.692908,2.05977,PRT,ARE,8431
2952459,181,7,1355,2017.0,0.0,1083.0,0.22982199999999997,0.768037,PSE,ARE,8431
2952460,183,7,1355,2017.0,94041.0,386654.0,-0.42615600000000003,-1.0956489999999999,QAT,ARE,8431
2952461,185,7,1355,2017.0,1392058.0,0.0,1.145161,1.095192,ROU,ARE,8431
2952462,186,7,1355,2017.0,33546.0,616622.0,0.07402,0.248236,RUS,ARE,8431
2952463,187,7,1355,2017.0,0.0,2648.0,-0.731128,-0.64418,RWA,ARE,8431
2952464,188,7,1355,2017.0,74681.0,6581219.0,0.508031,-0.42373500000000003,SAU,ARE,8431
2952465,190,7,1355,2017.0,0.0,11126.0,-1.488393,-1.236046,SDN,ARE,8431
2952466,191,7,1355,2017.0,0.0,6856.0,-0.604504,-0.228411,SEN,ARE,8431
2952467,192,7,1355,2017.0,45589.0,84185.0,1.8943720000000002,0.449316,SGP,ARE,8431
2952468,196,7,1355,2017.0,2563.0,0.0,-0.5391520000000001,-0.570954,SLE,ARE,8431
2952469,197,7,1355,2017.0,1944.0,0.0,0.11754,0.363982,SLV,ARE,8431
2952470,201,7,1355,2017.0,58737.0,0.0,0.59312,1.535527,SRB,ARE,8431
2952471,206,7,1355,2017.0,284191.0,0.0,1.484316,0.811826,SVK,ARE,8431
2952472,207,7,1355,2017.0,34414.0,0.0,1.597178,0.753722,SVN,ARE,8431
2952473,208,7,1355,2017.0,17256.0,62089.0,1.695113,0.6885060000000001,SWE,ARE,8431
2952474,212,7,1355,2017.0,99704.0,12426.0,-0.65347,0.085392,SYR,ARE,8431
2952475,216,7,1355,2017.0,303125.0,0.0,1.15791,1.282718,THA,ARE,8431
2952476,219,7,1355,2017.0,1421.0,0.0,-1.358487,-1.29703,TKM,ARE,8431
2952477,223,7,1355,2017.0,107067.0,12528.0,0.31342600000000004,1.071153,TUN,ARE,8431
2952478,224,7,1355,2017.0,2881753.0,6801.0,0.601079,2.126314,TUR,ARE,8431
2952479,226,7,1355,2017.0,0.0,38667.0,-0.968485,0.137755,TZA,ARE,8431
2952480,227,7,1355,2017.0,0.0,7029.0,-0.593232,0.247873,UGA,ARE,8431
2952481,228,7,1355,2017.0,211424.0,0.0,0.34780900000000003,1.076817,UKR,ARE,8431
2952482,231,7,1355,2017.0,268079.0,111342.0,1.536355,0.23775100000000002,USA,ARE,8431
2952483,232,7,1355,2017.0,0.0,87367.0,-0.386302,-0.35475999999999996,UZB,ARE,8431
2952484,239,7,1355,2017.0,3554742.0,0.0,-0.006548999999999999,0.7030420000000001,VNM,ARE,8431
2952485,243,7,1355,2017.0,38648.0,46946.0,-1.1364370000000001,-1.167681,YEM,ARE,8431
2952486,246,7,1355,2017.0,1944.0,102817.0,-0.048668,1.283483,ZAF,ARE,8431
2952487,247,7,1355,2017.0,0.0,2523.0,-0.763066,-0.9292530000000001,ZMB,ARE,8431
2952488,249,7,1355,2017.0,10550.0,0.0,2.003822,1.215216,TWN,ARE,8431
2952489,15,8,1355,2017.0,30726.0,0.0,1.722766,-0.077938,AUT,ARG,8431
2952490,22,8,1355,2017.0,67211.0,0.0,-1.007846,-1.112069,BGD,ARG,8431
2952491,23,8,1355,2017.0,35236.0,0.0,0.563342,1.744989,BGR,ARG,8431
2952492,32,8,1355,2017.0,1986.0,0.0,0.103119,0.808438,BRA,ARG,8431
2952493,41,8,1355,2017.0,0.0,12919.0,2.2443459999999997,0.836363,CHE,ARG,8431
2952494,42,8,1355,2017.0,9702.0,185199.0,-0.282983,-0.33351,CHL,ARG,8431
2952495,43,8,1355,2017.0,12332771.0,0.0,1.2888030000000001,0.9250700000000001,CHN,ARG,8431
2952496,49,8,1355,2017.0,27793.0,2954.0,-0.039238999999999996,-0.246914,COL,ARG,8431
2952497,61,8,1355,2017.0,5307.0,0.0,2.164026,-2.458307,DEU,ARG,8431
2952498,71,8,1355,2017.0,996746.0,4964.0,0.7720279999999999,2.434042,ESP,ARG,8431
2952499,77,8,1355,2017.0,104268.0,1197.0,1.3874030000000002,0.8887719999999999,FRA,ARG,8431
2952500,81,8,1355,2017.0,2053.0,0.0,1.499843,1.120201,GBR,ARG,8431
2952501,97,8,1355,2017.0,10368.0,1929.0,0.877065,1.1615520000000001,HKG,ARG,8431
2952502,103,8,1355,2017.0,36784.0,0.0,-0.072977,1.376847,IDN,ARG,8431
2952503,104,8,1355,2017.0,2554138.0,0.0,0.262126,2.8212040000000003,IND,ARG,8431
2952504,111,8,1355,2017.0,290588.0,1230.0,1.4374559999999998,0.21079699999999998,ITA,ARG,8431
2952505,114,8,1355,2017.0,0.0,9125.0,2.4440779999999998,-0.46107700000000007,JPN,ARG,8431
2952506,118,8,1355,2017.0,14214.0,0.0,-0.654185,-0.655463,KHM,ARG,8431
2952507,121,8,1355,2017.0,0.0,7617.0,2.1277470000000003,0.8218719999999999,KOR,ARG,8431
2952508,122,8,1355,2017.0,0.0,7556.0,-0.264903,-1.112018,KWT,ARG,8431
2952509,128,8,1355,2017.0,158226.0,0.0,-0.506691,0.43309200000000003,LKA,ARG,8431
2952510,133,8,1355,2017.0,1463.0,0.0,0.33025,-0.008723999999999999,MAC,ARG,8431
2952511,134,8,1355,2017.0,416555.0,0.0,-0.593987,-0.093414,MAR,ARG,8431
2952512,138,8,1355,2017.0,0.0,3769.0,1.348763,0.6145010000000001,MEX,ARG,8431
2952513,143,8,1355,2017.0,75696.0,0.0,-0.9113129999999999,-0.21514,MMR,ARG,8431
2952514,159,8,1355,2017.0,0.0,1264.0,-1.784814,-1.310281,NGA,ARG,8431
2952515,162,8,1355,2017.0,10564.0,0.0,1.090805,1.452409,NLD,ARG,8431
2952516,164,8,1355,2017.0,12002.0,0.0,-0.076879,0.530485,NPL,ARG,8431
2952517,168,8,1355,2017.0,14835.0,0.0,-0.737436,0.345773,PAK,ARG,8431
2952518,169,8,1355,2017.0,14587.0,2333.0,0.638093,1.01027,PAN,ARG,8431
2952519,173,8,1355,2017.0,11139.0,1652.0,-0.8214469999999999,-0.333306,PER,ARG,8431
2952520,174,8,1355,2017.0,17390.0,0.0,0.717074,0.224219,PHL,ARG,8431
2952521,177,8,1355,2017.0,9865.0,0.0,1.212941,0.917751,POL,ARG,8431
2952522,180,8,1355,2017.0,10065.0,138483.0,-0.604205,-0.956699,PRY,ARG,8431
2952523,185,8,1355,2017.0,33380.0,0.0,1.145161,1.095192,ROU,ARG,8431
2952524,192,8,1355,2017.0,3950.0,5742.0,1.8943720000000002,0.449316,SGP,ARG,8431
2952525,197,8,1355,2017.0,6542.0,0.0,0.11754,0.363982,SLV,ARG,8431
2952526,216,8,1355,2017.0,7714.0,0.0,1.15791,1.282718,THA,ARG,8431
2952527,224,8,1355,2017.0,19911.0,0.0,0.601079,2.126314,TUR,ARG,8431
2952528,228,8,1355,2017.0,3948.0,0.0,0.34780900000000003,1.076817,UKR,ARG,8431
2952529,230,8,1355,2017.0,1259177.0,226345.0,0.09085900000000001,-0.246694,URY,ARG,8431
2952530,231,8,1355,2017.0,7379.0,11700.0,1.536355,0.23775100000000002,USA,ARG,8431
2952531,239,8,1355,2017.0,1033335.0,0.0,-0.006548999999999999,0.7030420000000001,VNM,ARG,8431
2952532,249,8,1355,2017.0,11385.0,0.0,2.003822,1.215216,TWN,ARG,8431
2952533,4,15,1355,2017.0,42066.0,8900.0,-0.351054,-0.193147,ALB,AUT,8431
2952534,5,15,1355,2017.0,3554.0,26564.0,1.101312,0.593242,AND,AUT,8431
2952535,7,15,1355,2017.0,6980.0,59911.0,0.222875,-0.204271,ARE,AUT,8431
2952536,8,15,1355,2017.0,0.0,30726.0,-0.268441,0.337024,ARG,AUT,8431
2952537,9,15,1355,2017.0,0.0,16415.0,-0.422667,-0.824041,ARM,AUT,8431
2952538,14,15,1355,2017.0,5673.0,93577.0,-0.598537,-0.23571,AUS,AUT,8431
2952539,16,15,1355,2017.0,0.0,44763.0,-1.665069,-1.37471,AZE,AUT,8431
2952540,18,15,1355,2017.0,331720.0,941318.0,1.2396969999999998,1.1699760000000001,BEL,AUT,8431
2952541,22,15,1355,2017.0,2797014.0,0.0,-1.007846,-1.112069,BGD,AUT,8431
2952542,23,15,1355,2017.0,6233230.0,452149.0,0.563342,1.744989,BGR,AUT,8431
2952543,26,15,1355,2017.0,968040.0,37797.0,0.584825,0.9219,BIH,AUT,8431
2952544,28,15,1355,2017.0,242706.0,25175.0,0.9188780000000001,0.9998819999999999,BLR,AUT,8431
2952545,32,15,1355,2017.0,0.0,5345.0,0.103119,0.808438,BRA,AUT,8431
2952546,39,15,1355,2017.0,55181.0,486604.0,0.661032,1.331443,CAN,AUT,8431
2952547,41,15,1355,2017.0,424158.0,3086186.0,2.2443459999999997,0.836363,CHE,AUT,8431
2952548,42,15,1355,2017.0,0.0,80722.0,-0.282983,-0.33351,CHL,AUT,8431
2952549,43,15,1355,2017.0,5831134.0,346113.0,1.2888030000000001,0.9250700000000001,CHN,AUT,8431
2952550,46,15,1355,2017.0,4155.0,0.0,-1.158421,-1.14955,COD,AUT,8431
2952551,49,15,1355,2017.0,1316.0,0.0,-0.039238999999999996,-0.246914,COL,AUT,8431
2952552,58,15,1355,2017.0,67452.0,61760.0,0.35097399999999995,0.103466,CYP,AUT,8431
2952553,59,15,1355,2017.0,3711397.0,3017518.0,1.8494680000000001,0.150088,CZE,AUT,8431
2952554,61,15,1355,2017.0,87235848.0,39195896.0,2.164026,-2.458307,DEU,AUT,8431
2952555,64,15,1355,2017.0,3647678.0,122364.0,1.143276,1.242437,DNK,AUT,8431
2952556,68,15,1355,2017.0,1963.0,3127.0,-0.09792100000000001,1.9664270000000001,EGY,AUT,8431
2952557,71,15,1355,2017.0,11413261.0,1714292.0,0.7720279999999999,2.434042,ESP,AUT,8431
2952558,72,15,1355,2017.0,101335.0,35041.0,1.004481,1.311075,EST,AUT,8431
2952559,74,15,1355,2017.0,47367.0,105952.0,1.6562990000000002,0.94619,FIN,AUT,8431
2952560,77,15,1355,2017.0,5056856.0,3247381.0,1.3874030000000002,0.8887719999999999,FRA,AUT,8431
2952561,81,15,1355,2017.0,4458106.0,1897190.0,1.499843,1.120201,GBR,AUT,8431
2952562,82,15,1355,2017.0,1550.0,10242.0,-0.252287,-0.172336,GEO,AUT,8431
2952563,83,15,1355,2017.0,0.0,1761.0,-0.910444,-0.906315,GHA,AUT,8431
2952564,90,15,1355,2017.0,142284.0,307872.0,0.10646300000000002,1.0936290000000002,GRC,AUT,8431
2952565,93,15,1355,2017.0,1835.0,0.0,-0.40755399999999997,0.63358,GTM,AUT,8431
2952566,97,15,1355,2017.0,575683.0,196167.0,0.877065,1.1615520000000001,HKG,AUT,8431
2952567,100,15,1355,2017.0,2744968.0,1887833.0,0.8933700000000001,1.4400469999999999,HRV,AUT,8431
2952568,102,15,1355,2017.0,3744305.0,2342412.0,1.6949029999999998,0.723915,HUN,AUT,8431
2952569,103,15,1355,2017.0,78310.0,0.0,-0.072977,1.376847,IDN,AUT,8431
2952570,104,15,1355,2017.0,187367.0,0.0,0.262126,2.8212040000000003,IND,AUT,8431
2952571,106,15,1355,2017.0,7572.0,125641.0,1.444823,0.158356,IRL,AUT,8431
2952572,109,15,1355,2017.0,1339.0,25318.0,0.279223,-0.34883600000000003,ISL,AUT,8431
2952573,110,15,1355,2017.0,0.0,32973.0,1.158779,0.8909020000000001,ISR,AUT,8431
2952574,111,15,1355,2017.0,33377166.0,3121568.0,1.4374559999999998,0.21079699999999998,ITA,AUT,8431
2952575,113,15,1355,2017.0,0.0,7144.0,0.079237,0.182893,JOR,AUT,8431
2952576,114,15,1355,2017.0,32044.0,1176281.0,2.4440779999999998,-0.46107700000000007,JPN,AUT,8431
2952577,115,15,1355,2017.0,0.0,131678.0,-0.47984399999999994,-0.40618699999999996,KAZ,AUT,8431
2952578,116,15,1355,2017.0,0.0,2512.0,-0.549171,0.39358899999999997,KEN,AUT,8431
2952579,117,15,1355,2017.0,28965.0,1482.0,0.056509000000000004,0.363176,KGZ,AUT,8431
2952580,118,15,1355,2017.0,308468.0,0.0,-0.654185,-0.655463,KHM,AUT,8431
2952581,121,15,1355,2017.0,46786.0,366543.0,2.1277470000000003,0.8218719999999999,KOR,AUT,8431
2952582,123,15,1355,2017.0,10095.0,0.0,-0.733135,-0.482756,LAO,AUT,8431
2952583,124,15,1355,2017.0,20460.0,61633.0,0.437192,1.027289,LBN,AUT,8431
2952584,128,15,1355,2017.0,78075.0,0.0,-0.506691,0.43309200000000003,LKA,AUT,8431
2952585,130,15,1355,2017.0,277113.0,27031.0,0.770556,1.555233,LTU,AUT,8431
2952586,131,15,1355,2017.0,20513.0,279468.0,1.1461629999999998,1.434994,LUX,AUT,8431
2952587,132,15,1355,2017.0,104865.0,68853.0,0.644285,1.4304290000000002,LVA,AUT,8431
2952588,133,15,1355,2017.0,2927.0,72543.0,0.33025,-0.008723999999999999,MAC,AUT,8431
2952589,134,15,1355,2017.0,1267214.0,0.0,-0.593987,-0.093414,MAR,AUT,8431
2952590,135,15,1355,2017.0,310885.0,1201.0,-0.135731,-0.008816,MDA,AUT,8431
2952591,136,15,1355,2017.0,5737.0,0.0,-1.098631,-0.8503069999999999,MDG,AUT,8431
2952592,138,15,1355,2017.0,1476.0,100813.0,1.348763,0.6145010000000001,MEX,AUT,8431
2952593,140,15,1355,2017.0,2024021.0,1743.0,-0.12182799999999999,-0.333793,MKD,AUT,8431
2952594,143,15,1355,2017.0,2054111.0,0.0,-0.9113129999999999,-0.21514,MMR,AUT,8431
2952595,144,15,1355,2017.0,0.0,2893.0,0.132462,-0.071601,MNE,AUT,8431
2952596,145,15,1355,2017.0,3543.0,45474.0,-1.110506,-1.179734,MNG,AUT,8431
2952597,147,15,1355,2017.0,1659.0,0.0,-1.3967319999999999,-1.1603290000000002,MOZ,AUT,8431
2952598,151,15,1355,2017.0,20616.0,0.0,-0.166097,-0.050332,MUS,AUT,8431
2952599,153,15,1355,2017.0,51614.0,1191.0,1.022117,0.6711739999999999,MYS,AUT,8431
2952600,162,15,1355,2017.0,5711828.0,1379340.0,1.090805,1.452409,NLD,AUT,8431
2952601,163,15,1355,2017.0,6476.0,208608.0,0.393228,0.049788,NOR,AUT,8431
2952602,164,15,1355,2017.0,15338.0,0.0,-0.076879,0.530485,NPL,AUT,8431
2952603,166,15,1355,2017.0,1127.0,3325.0,0.154926,0.10981500000000001,NZL,AUT,8431
2952604,168,15,1355,2017.0,154435.0,0.0,-0.737436,0.345773,PAK,AUT,8431
2952605,173,15,1355,2017.0,3958.0,0.0,-0.8214469999999999,-0.333306,PER,AUT,8431
2952606,174,15,1355,2017.0,23058.0,1928.0,0.717074,0.224219,PHL,AUT,8431
2952607,177,15,1355,2017.0,7893054.0,5524910.0,1.212941,0.917751,POL,AUT,8431
2952608,179,15,1355,2017.0,120956.0,153291.0,0.692908,2.05977,PRT,AUT,8431
2952609,183,15,1355,2017.0,0.0,18313.0,-0.42615600000000003,-1.0956489999999999,QAT,AUT,8431
2952610,185,15,1355,2017.0,3670529.0,2937045.0,1.145161,1.095192,ROU,AUT,8431
2952611,186,15,1355,2017.0,18383.0,3708286.0,0.07402,0.248236,RUS,AUT,8431
2952612,188,15,1355,2017.0,0.0,16195.0,0.508031,-0.42373500000000003,SAU,AUT,8431
2952613,192,15,1355,2017.0,22387.0,4315.0,1.8943720000000002,0.449316,SGP,AUT,8431
2952614,197,15,1355,2017.0,17497.0,0.0,0.11754,0.363982,SLV,AUT,8431
2952615,198,15,1355,2017.0,5252.0,0.0,0.9488219999999999,0.6510199999999999,SMR,AUT,8431
2952616,201,15,1355,2017.0,1360137.0,525079.0,0.59312,1.535527,SRB,AUT,8431
2952617,206,15,1355,2017.0,2192449.0,1373685.0,1.484316,0.811826,SVK,AUT,8431
2952618,207,15,1355,2017.0,3572749.0,1601380.0,1.597178,0.753722,SVN,AUT,8431
2952619,208,15,1355,2017.0,630721.0,363532.0,1.695113,0.6885060000000001,SWE,AUT,8431
2952620,212,15,1355,2017.0,2227.0,1832.0,-0.65347,0.085392,SYR,AUT,8431
2952621,216,15,1355,2017.0,137447.0,0.0,1.15791,1.282718,THA,AUT,8431
2952622,219,15,1355,2017.0,0.0,9578.0,-1.358487,-1.29703,TKM,AUT,8431
2952623,222,15,1355,2017.0,1852.0,0.0,-0.15041300000000002,-1.029801,TTO,AUT,8431
2952624,223,15,1355,2017.0,289876.0,8160.0,0.31342600000000004,1.071153,TUN,AUT,8431
2952625,224,15,1355,2017.0,1268448.0,233920.0,0.601079,2.126314,TUR,AUT,8431
2952626,228,15,1355,2017.0,1561130.0,293868.0,0.34780900000000003,1.076817,UKR,AUT,8431
2952627,231,15,1355,2017.0,109365.0,1733490.0,1.536355,0.23775100000000002,USA,AUT,8431
2952628,232,15,1355,2017.0,0.0,2789.0,-0.386302,-0.35475999999999996,UZB,AUT,8431
2952629,233,15,1355,2017.0,0.0,43511.0,0.779941,0.12943,VAT,AUT,8431
2952630,239,15,1355,2017.0,2495394.0,0.0,-0.006548999999999999,0.7030420000000001,VNM,AUT,8431
2952631,246,15,1355,2017.0,1400.0,15920.0,-0.048668,1.283483,ZAF,AUT,8431
2952632,249,15,1355,2017.0,83910.0,22278.0,2.003822,1.215216,TWN,AUT,8431
2952633,5,18,1355,2017.0,0.0,1322.0,1.101312,0.593242,AND,BEL,8431
2952634,7,18,1355,2017.0,6416.0,222121.0,0.222875,-0.204271,ARE,BEL,8431
2952635,14,18,1355,2017.0,2483.0,170091.0,-0.598537,-0.23571,AUS,BEL,8431
2952636,15,18,1355,2017.0,941318.0,331720.0,1.722766,-0.077938,AUT,BEL,8431
2952637,21,18,1355,2017.0,0.0,1266.0,-1.0605440000000002,-1.038926,BFA,BEL,8431
2952638,22,18,1355,2017.0,219343.0,0.0,-1.007846,-1.112069,BGD,BEL,8431
2952639,23,18,1355,2017.0,2030297.0,605362.0,0.563342,1.744989,BGR,BEL,8431
2952640,26,18,1355,2017.0,0.0,11147.0,0.584825,0.9219,BIH,BEL,8431
2952641,39,18,1355,2017.0,3424.0,243400.0,0.661032,1.331443,CAN,BEL,8431
2952642,41,18,1355,2017.0,99001.0,706173.0,2.2443459999999997,0.836363,CHE,BEL,8431
2952643,42,18,1355,2017.0,0.0,3530.0,-0.282983,-0.33351,CHL,BEL,8431
2952644,43,18,1355,2017.0,85190120.0,128256.0,1.2888030000000001,0.9250700000000001,CHN,BEL,8431
2952645,46,18,1355,2017.0,0.0,12196.0,-1.158421,-1.14955,COD,BEL,8431
2952646,58,18,1355,2017.0,0.0,17390.0,0.35097399999999995,0.103466,CYP,BEL,8431
2952647,59,18,1355,2017.0,314632.0,50757.0,1.8494680000000001,0.150088,CZE,BEL,8431
2952648,61,18,1355,2017.0,24674730.0,3379231.0,2.164026,-2.458307,DEU,BEL,8431
2952649,64,18,1355,2017.0,5494980.0,164750.0,1.143276,1.242437,DNK,BEL,8431
2952650,66,18,1355,2017.0,0.0,1143.0,-0.918984,-1.177867,DZA,BEL,8431
2952651,68,18,1355,2017.0,0.0,1376.0,-0.09792100000000001,1.9664270000000001,EGY,BEL,8431
2952652,71,18,1355,2017.0,18204632.0,1284329.0,0.7720279999999999,2.434042,ESP,BEL,8431
2952653,72,18,1355,2017.0,0.0,50909.0,1.004481,1.311075,EST,BEL,8431
2952654,74,18,1355,2017.0,8794.0,60162.0,1.6562990000000002,0.94619,FIN,BEL,8431
2952655,77,18,1355,2017.0,37010200.0,16408562.0,1.3874030000000002,0.8887719999999999,FRA,BEL,8431
2952656,81,18,1355,2017.0,5162262.0,2971948.0,1.499843,1.120201,GBR,BEL,8431
2952657,82,18,1355,2017.0,0.0,53037.0,-0.252287,-0.172336,GEO,BEL,8431
2952658,90,18,1355,2017.0,12094.0,152679.0,0.10646300000000002,1.0936290000000002,GRC,BEL,8431
2952659,97,18,1355,2017.0,736176.0,339312.0,0.877065,1.1615520000000001,HKG,BEL,8431
2952660,100,18,1355,2017.0,0.0,17474.0,0.8933700000000001,1.4400469999999999,HRV,BEL,8431
2952661,102,18,1355,2017.0,2019445.0,18221.0,1.6949029999999998,0.723915,HUN,BEL,8431
2952662,103,18,1355,2017.0,584512.0,0.0,-0.072977,1.376847,IDN,BEL,8431
2952663,104,18,1355,2017.0,1279736.0,6850.0,0.262126,2.8212040000000003,IND,BEL,8431
2952664,106,18,1355,2017.0,353066.0,346430.0,1.444823,0.158356,IRL,BEL,8431
2952665,109,18,1355,2017.0,2059.0,59859.0,0.279223,-0.34883600000000003,ISL,BEL,8431
2952666,110,18,1355,2017.0,1918.0,74522.0,1.158779,0.8909020000000001,ISR,BEL,8431
2952667,111,18,1355,2017.0,28986570.0,6991512.0,1.4374559999999998,0.21079699999999998,ITA,BEL,8431
2952668,114,18,1355,2017.0,96009.0,1299289.0,2.4440779999999998,-0.46107700000000007,JPN,BEL,8431
2952669,115,18,1355,2017.0,0.0,24822.0,-0.47984399999999994,-0.40618699999999996,KAZ,BEL,8431
2952670,118,18,1355,2017.0,0.0,1491.0,-0.654185,-0.655463,KHM,BEL,8431
2952671,121,18,1355,2017.0,27949.0,704341.0,2.1277470000000003,0.8218719999999999,KOR,BEL,8431
2952672,122,18,1355,2017.0,0.0,137644.0,-0.264903,-1.112018,KWT,BEL,8431
2952673,124,18,1355,2017.0,0.0,39792.0,0.437192,1.027289,LBN,BEL,8431
2952674,128,18,1355,2017.0,643590.0,0.0,-0.506691,0.43309200000000003,LKA,BEL,8431
2952675,130,18,1355,2017.0,1162237.0,69642.0,0.770556,1.555233,LTU,BEL,8431
2952676,131,18,1355,2017.0,197481.0,1913508.0,1.1461629999999998,1.434994,LUX,BEL,8431
2952677,132,18,1355,2017.0,25085.0,31554.0,0.644285,1.4304290000000002,LVA,BEL,8431
2952678,133,18,1355,2017.0,0.0,7464.0,0.33025,-0.008723999999999999,MAC,BEL,8431
2952679,134,18,1355,2017.0,148603.0,4245.0,-0.593987,-0.093414,MAR,BEL,8431
2952680,135,18,1355,2017.0,27645.0,1784.0,-0.135731,-0.008816,MDA,BEL,8431
2952681,136,18,1355,2017.0,18322.0,9089.0,-1.098631,-0.8503069999999999,MDG,BEL,8431
2952682,138,18,1355,2017.0,3905.0,0.0,1.348763,0.6145010000000001,MEX,BEL,8431
2952683,140,18,1355,2017.0,215766.0,0.0,-0.12182799999999999,-0.333793,MKD,BEL,8431
2952684,143,18,1355,2017.0,1199210.0,0.0,-0.9113129999999999,-0.21514,MMR,BEL,8431
2952685,144,18,1355,2017.0,0.0,1149.0,0.132462,-0.071601,MNE,BEL,8431
2952686,145,18,1355,2017.0,1265.0,0.0,-1.110506,-1.179734,MNG,BEL,8431
2952687,151,18,1355,2017.0,107144.0,0.0,-0.166097,-0.050332,MUS,BEL,8431
2952688,153,18,1355,2017.0,0.0,1916.0,1.022117,0.6711739999999999,MYS,BEL,8431
2952689,162,18,1355,2017.0,16238663.0,7271034.0,1.090805,1.452409,NLD,BEL,8431
2952690,163,18,1355,2017.0,2442.0,127184.0,0.393228,0.049788,NOR,BEL,8431
2952691,164,18,1355,2017.0,23417.0,0.0,-0.076879,0.530485,NPL,BEL,8431
2952692,166,18,1355,2017.0,0.0,31017.0,0.154926,0.10981500000000001,NZL,BEL,8431
2952693,168,18,1355,2017.0,391036.0,0.0,-0.737436,0.345773,PAK,BEL,8431
2952694,169,18,1355,2017.0,0.0,29600.0,0.638093,1.01027,PAN,BEL,8431
2952695,177,18,1355,2017.0,921264.0,202805.0,1.212941,0.917751,POL,BEL,8431
2952696,179,18,1355,2017.0,971111.0,107196.0,0.692908,2.05977,PRT,BEL,8431
2952697,183,18,1355,2017.0,0.0,7930.0,-0.42615600000000003,-1.0956489999999999,QAT,BEL,8431
2952698,185,18,1355,2017.0,2326705.0,48448.0,1.145161,1.095192,ROU,BEL,8431
2952699,186,18,1355,2017.0,0.0,111612.0,0.07402,0.248236,RUS,BEL,8431
2952700,187,18,1355,2017.0,0.0,1245.0,-0.731128,-0.64418,RWA,BEL,8431
2952701,188,18,1355,2017.0,0.0,11288.0,0.508031,-0.42373500000000003,SAU,BEL,8431
2952702,192,18,1355,2017.0,0.0,73552.0,1.8943720000000002,0.449316,SGP,BEL,8431
2952703,198,18,1355,2017.0,0.0,104523.0,0.9488219999999999,0.6510199999999999,SMR,BEL,8431
2952704,201,18,1355,2017.0,0.0,2909.0,0.59312,1.535527,SRB,BEL,8431
2952705,206,18,1355,2017.0,8863.0,26559.0,1.484316,0.811826,SVK,BEL,8431
2952706,207,18,1355,2017.0,552820.0,2703.0,1.597178,0.753722,SVN,BEL,8431
2952707,208,18,1355,2017.0,1357873.0,240225.0,1.695113,0.6885060000000001,SWE,BEL,8431
2952708,216,18,1355,2017.0,10264.0,12367.0,1.15791,1.282718,THA,BEL,8431
2952709,223,18,1355,2017.0,1064007.0,4652.0,0.31342600000000004,1.071153,TUN,BEL,8431
2952710,224,18,1355,2017.0,2408655.0,38557.0,0.601079,2.126314,TUR,BEL,8431
2952711,228,18,1355,2017.0,4848294.0,6882.0,0.34780900000000003,1.076817,UKR,BEL,8431
2952712,230,18,1355,2017.0,5422.0,0.0,0.09085900000000001,-0.246694,URY,BEL,8431
2952713,231,18,1355,2017.0,177349.0,2046675.0,1.536355,0.23775100000000002,USA,BEL,8431
2952714,239,18,1355,2017.0,4704588.0,11433.0,-0.006548999999999999,0.7030420000000001,VNM,BEL,8431
2952715,249,18,1355,2017.0,0.0,145693.0,2.003822,1.215216,TWN,BEL,8431
2952716,4,23,1355,2017.0,0.0,1048.0,-0.351054,-0.193147,ALB,BGR,8431
2952717,7,23,1355,2017.0,0.0,520795.0,0.222875,-0.204271,ARE,BGR,8431
2952718,8,23,1355,2017.0,0.0,35236.0,-0.268441,0.337024,ARG,BGR,8431
2952719,9,23,1355,2017.0,0.0,154343.0,-0.422667,-0.824041,ARM,BGR,8431
2952720,14,23,1355,2017.0,0.0,392491.0,-0.598537,-0.23571,AUS,BGR,8431
2952721,15,23,1355,2017.0,452149.0,6233230.0,1.722766,-0.077938,AUT,BGR,8431
2952722,16,23,1355,2017.0,0.0,36448.0,-1.665069,-1.37471,AZE,BGR,8431
2952723,18,23,1355,2017.0,605362.0,2030297.0,1.2396969999999998,1.1699760000000001,BEL,BGR,8431
2952724,24,23,1355,2017.0,0.0,15503.0,0.160574,-0.708064,BHR,BGR,8431
2952725,26,23,1355,2017.0,0.0,56330.0,0.584825,0.9219,BIH,BGR,8431
2952726,28,23,1355,2017.0,0.0,42946.0,0.9188780000000001,0.9998819999999999,BLR,BGR,8431
2952727,32,23,1355,2017.0,0.0,42734.0,0.103119,0.808438,BRA,BGR,8431
2952728,39,23,1355,2017.0,2985.0,1217221.0,0.661032,1.331443,CAN,BGR,8431
2952729,41,23,1355,2017.0,90995.0,1732757.0,2.2443459999999997,0.836363,CHE,BGR,8431
2952730,42,23,1355,2017.0,0.0,7219.0,-0.282983,-0.33351,CHL,BGR,8431
2952731,43,23,1355,2017.0,1033712.0,2592357.0,1.2888030000000001,0.9250700000000001,CHN,BGR,8431
2952732,49,23,1355,2017.0,0.0,26612.0,-0.039238999999999996,-0.246914,COL,BGR,8431
2952733,58,23,1355,2017.0,12620.0,24458.0,0.35097399999999995,0.103466,CYP,BGR,8431
2952734,59,23,1355,2017.0,76378.0,362232.0,1.8494680000000001,0.150088,CZE,BGR,8431
2952735,61,23,1355,2017.0,1589159.0,29623098.0,2.164026,-2.458307,DEU,BGR,8431
2952736,64,23,1355,2017.0,40673.0,3098703.0,1.143276,1.242437,DNK,BGR,8431
2952737,65,23,1355,2017.0,0.0,1883.0,-0.314875,0.125244,DOM,BGR,8431
2952738,66,23,1355,2017.0,0.0,8158.0,-0.918984,-1.177867,DZA,BGR,8431
2952739,67,23,1355,2017.0,0.0,3156.0,-1.109413,-1.1561270000000001,ECU,BGR,8431
2952740,68,23,1355,2017.0,0.0,11884.0,-0.09792100000000001,1.9664270000000001,EGY,BGR,8431
2952741,71,23,1355,2017.0,2430539.0,3001878.0,0.7720279999999999,2.434042,ESP,BGR,8431
2952742,72,23,1355,2017.0,0.0,69707.0,1.004481,1.311075,EST,BGR,8431
2952743,74,23,1355,2017.0,5437.0,367691.0,1.6562990000000002,0.94619,FIN,BGR,8431
2952744,77,23,1355,2017.0,384585.0,20696294.0,1.3874030000000002,0.8887719999999999,FRA,BGR,8431
2952745,81,23,1355,2017.0,1839317.0,5859952.0,1.499843,1.120201,GBR,BGR,8431
2952746,82,23,1355,2017.0,0.0,88063.0,-0.252287,-0.172336,GEO,BGR,8431
2952747,90,23,1355,2017.0,461195.0,1290528.0,0.10646300000000002,1.0936290000000002,GRC,BGR,8431
2952748,97,23,1355,2017.0,1104.0,23564.0,0.877065,1.1615520000000001,HKG,BGR,8431
2952749,100,23,1355,2017.0,2288.0,10417.0,0.8933700000000001,1.4400469999999999,HRV,BGR,8431
2952750,102,23,1355,2017.0,116062.0,10712.0,1.6949029999999998,0.723915,HUN,BGR,8431
2952751,103,23,1355,2017.0,0.0,3311.0,-0.072977,1.376847,IDN,BGR,8431
2952752,104,23,1355,2017.0,30828.0,7181.0,0.262126,2.8212040000000003,IND,BGR,8431
2952753,106,23,1355,2017.0,20077.0,904041.0,1.444823,0.158356,IRL,BGR,8431
2952754,109,23,1355,2017.0,0.0,29350.0,0.279223,-0.34883600000000003,ISL,BGR,8431
2952755,110,23,1355,2017.0,0.0,17283.0,1.158779,0.8909020000000001,ISR,BGR,8431
2952756,111,23,1355,2017.0,3379249.0,16306650.0,1.4374559999999998,0.21079699999999998,ITA,BGR,8431
2952757,113,23,1355,2017.0,0.0,2392.0,0.079237,0.182893,JOR,BGR,8431
2952758,114,23,1355,2017.0,0.0,797971.0,2.4440779999999998,-0.46107700000000007,JPN,BGR,8431
2952759,115,23,1355,2017.0,0.0,52036.0,-0.47984399999999994,-0.40618699999999996,KAZ,BGR,8431
2952760,118,23,1355,2017.0,0.0,1244.0,-0.654185,-0.655463,KHM,BGR,8431
2952761,121,23,1355,2017.0,0.0,1278891.0,2.1277470000000003,0.8218719999999999,KOR,BGR,8431
2952762,122,23,1355,2017.0,0.0,67607.0,-0.264903,-1.112018,KWT,BGR,8431
2952763,124,23,1355,2017.0,0.0,230670.0,0.437192,1.027289,LBN,BGR,8431
2952764,130,23,1355,2017.0,5625.0,1032236.0,0.770556,1.555233,LTU,BGR,8431
2952765,131,23,1355,2017.0,0.0,143262.0,1.1461629999999998,1.434994,LUX,BGR,8431
2952766,132,23,1355,2017.0,0.0,1472.0,0.644285,1.4304290000000002,LVA,BGR,8431
2952767,134,23,1355,2017.0,0.0,54732.0,-0.593987,-0.093414,MAR,BGR,8431
2952768,135,23,1355,2017.0,39103.0,142500.0,-0.135731,-0.008816,MDA,BGR,8431
2952769,138,23,1355,2017.0,0.0,150851.0,1.348763,0.6145010000000001,MEX,BGR,8431
2952770,140,23,1355,2017.0,1903011.0,25410.0,-0.12182799999999999,-0.333793,MKD,BGR,8431
2952771,142,23,1355,2017.0,2633.0,0.0,0.9943420000000001,0.181922,MLT,BGR,8431
2952772,144,23,1355,2017.0,0.0,20594.0,0.132462,-0.071601,MNE,BGR,8431
2952773,145,23,1355,2017.0,0.0,33003.0,-1.110506,-1.179734,MNG,BGR,8431
2952774,153,23,1355,2017.0,0.0,14737.0,1.022117,0.6711739999999999,MYS,BGR,8431
2952775,162,23,1355,2017.0,350172.0,3196334.0,1.090805,1.452409,NLD,BGR,8431
2952776,163,23,1355,2017.0,0.0,505652.0,0.393228,0.049788,NOR,BGR,8431
2952777,166,23,1355,2017.0,0.0,41143.0,0.154926,0.10981500000000001,NZL,BGR,8431
2952778,167,23,1355,2017.0,0.0,5053.0,-0.44851199999999997,-0.9820049999999999,OMN,BGR,8431
2952779,169,23,1355,2017.0,0.0,2180.0,0.638093,1.01027,PAN,BGR,8431
2952780,173,23,1355,2017.0,0.0,15453.0,-0.8214469999999999,-0.333306,PER,BGR,8431
2952781,177,23,1355,2017.0,848009.0,403789.0,1.212941,0.917751,POL,BGR,8431
2952782,179,23,1355,2017.0,1483.0,124573.0,0.692908,2.05977,PRT,BGR,8431
2952783,183,23,1355,2017.0,0.0,69629.0,-0.42615600000000003,-1.0956489999999999,QAT,BGR,8431
2952784,185,23,1355,2017.0,486778.0,822721.0,1.145161,1.095192,ROU,BGR,8431
2952785,186,23,1355,2017.0,0.0,484777.0,0.07402,0.248236,RUS,BGR,8431
2952786,188,23,1355,2017.0,0.0,160508.0,0.508031,-0.42373500000000003,SAU,BGR,8431
2952787,192,23,1355,2017.0,0.0,112321.0,1.8943720000000002,0.449316,SGP,BGR,8431
2952788,198,23,1355,2017.0,1849.0,0.0,0.9488219999999999,0.6510199999999999,SMR,BGR,8431
2952789,201,23,1355,2017.0,1245332.0,238086.0,0.59312,1.535527,SRB,BGR,8431
2952790,206,23,1355,2017.0,48196.0,142429.0,1.484316,0.811826,SVK,BGR,8431
2952791,207,23,1355,2017.0,150407.0,66955.0,1.597178,0.753722,SVN,BGR,8431
2952792,208,23,1355,2017.0,4908.0,229910.0,1.695113,0.6885060000000001,SWE,BGR,8431
2952793,216,23,1355,2017.0,0.0,33419.0,1.15791,1.282718,THA,BGR,8431
2952794,223,23,1355,2017.0,0.0,14516.0,0.31342600000000004,1.071153,TUN,BGR,8431
2952795,224,23,1355,2017.0,1353776.0,321598.0,0.601079,2.126314,TUR,BGR,8431
2952796,228,23,1355,2017.0,1810.0,24528.0,0.34780900000000003,1.076817,UKR,BGR,8431
2952797,230,23,1355,2017.0,0.0,1845.0,0.09085900000000001,-0.246694,URY,BGR,8431
2952798,231,23,1355,2017.0,2109.0,3643520.0,1.536355,0.23775100000000002,USA,BGR,8431
2952799,239,23,1355,2017.0,0.0,28470.0,-0.006548999999999999,0.7030420000000001,VNM,BGR,8431
2952800,246,23,1355,2017.0,0.0,123915.0,-0.048668,1.283483,ZAF,BGR,8431
2952801,249,23,1355,2017.0,0.0,318311.0,2.003822,1.215216,TWN,BGR,8431
2952802,0,32,1355,2017.0,0.0,41327.0,0.8469200000000001,0.12138299999999999,ABW,BRA,8431
2952803,2,32,1355,2017.0,0.0,10784.0,-1.580759,-1.2589270000000001,AGO,BRA,8431
2952804,7,32,1355,2017.0,44452.0,5279.0,0.222875,-0.204271,ARE,BRA,8431
2952805,8,32,1355,2017.0,0.0,1986.0,-0.268441,0.337024,ARG,BRA,8431
2952806,9,32,1355,2017.0,19729.0,0.0,-0.422667,-0.824041,ARM,BRA,8431
2952807,14,32,1355,2017.0,5053.0,2940.0,-0.598537,-0.23571,AUS,BRA,8431
2952808,15,32,1355,2017.0,5345.0,0.0,1.722766,-0.077938,AUT,BRA,8431
2952809,22,32,1355,2017.0,222685.0,0.0,-1.007846,-1.112069,BGD,BRA,8431
2952810,23,32,1355,2017.0,42734.0,0.0,0.563342,1.744989,BGR,BRA,8431
2952811,26,32,1355,2017.0,158718.0,0.0,0.584825,0.9219,BIH,BRA,8431
2952812,31,32,1355,2017.0,0.0,12288.0,-1.032957,-0.9679840000000001,BOL,BRA,8431
2952813,41,32,1355,2017.0,2728.0,1563.0,2.2443459999999997,0.836363,CHE,BRA,8431
2952814,42,32,1355,2017.0,2965.0,16007.0,-0.282983,-0.33351,CHL,BRA,8431
2952815,43,32,1355,2017.0,121858392.0,1037.0,1.2888030000000001,0.9250700000000001,CHN,BRA,8431
2952816,49,32,1355,2017.0,6975.0,4799.0,-0.039238999999999996,-0.246914,COL,BRA,8431
2952817,52,32,1355,2017.0,0.0,4574.0,0.288798,0.212928,CRI,BRA,8431
2952818,61,32,1355,2017.0,102445.0,9772.0,2.164026,-2.458307,DEU,BRA,8431
2952819,65,32,1355,2017.0,0.0,1381.0,-0.314875,0.125244,DOM,BRA,8431
2952820,67,32,1355,2017.0,2062.0,0.0,-1.109413,-1.1561270000000001,ECU,BRA,8431
2952821,71,32,1355,2017.0,3954835.0,0.0,0.7720279999999999,2.434042,ESP,BRA,8431
2952822,73,32,1355,2017.0,10129.0,0.0,-0.874714,-0.58418,ETH,BRA,8431
2952823,77,32,1355,2017.0,457840.0,5499.0,1.3874030000000002,0.8887719999999999,FRA,BRA,8431
2952824,81,32,1355,2017.0,668564.0,4213.0,1.499843,1.120201,GBR,BRA,8431
2952825,82,32,1355,2017.0,2000.0,0.0,-0.252287,-0.172336,GEO,BRA,8431
2952826,93,32,1355,2017.0,0.0,1999.0,-0.40755399999999997,0.63358,GTM,BRA,8431
2952827,97,32,1355,2017.0,304875.0,1983.0,0.877065,1.1615520000000001,HKG,BRA,8431
2952828,100,32,1355,2017.0,12015.0,0.0,0.8933700000000001,1.4400469999999999,HRV,BRA,8431
2952829,102,32,1355,2017.0,3653.0,0.0,1.6949029999999998,0.723915,HUN,BRA,8431
2952830,103,32,1355,2017.0,195484.0,0.0,-0.072977,1.376847,IDN,BRA,8431
2952831,104,32,1355,2017.0,591127.0,0.0,0.262126,2.8212040000000003,IND,BRA,8431
2952832,111,32,1355,2017.0,766042.0,6663.0,1.4374559999999998,0.21079699999999998,ITA,BRA,8431
2952833,114,32,1355,2017.0,0.0,2342.0,2.4440779999999998,-0.46107700000000007,JPN,BRA,8431
2952834,118,32,1355,2017.0,14500.0,0.0,-0.654185,-0.655463,KHM,BRA,8431
2952835,121,32,1355,2017.0,2448.0,2803.0,2.1277470000000003,0.8218719999999999,KOR,BRA,8431
2952836,124,32,1355,2017.0,0.0,4365.0,0.437192,1.027289,LBN,BRA,8431
2952837,128,32,1355,2017.0,511338.0,0.0,-0.506691,0.43309200000000003,LKA,BRA,8431
2952838,130,32,1355,2017.0,2129.0,0.0,0.770556,1.555233,LTU,BRA,8431
2952839,131,32,1355,2017.0,1721.0,0.0,1.1461629999999998,1.434994,LUX,BRA,8431
2952840,134,32,1355,2017.0,2494022.0,0.0,-0.593987,-0.093414,MAR,BRA,8431
2952841,135,32,1355,2017.0,9250.0,0.0,-0.135731,-0.008816,MDA,BRA,8431
2952842,138,32,1355,2017.0,0.0,1682.0,1.348763,0.6145010000000001,MEX,BRA,8431
2952843,140,32,1355,2017.0,2154.0,0.0,-0.12182799999999999,-0.333793,MKD,BRA,8431
2952844,143,32,1355,2017.0,61573.0,0.0,-0.9113129999999999,-0.21514,MMR,BRA,8431
2952845,153,32,1355,2017.0,9894.0,2194.0,1.022117,0.6711739999999999,MYS,BRA,8431
2952846,162,32,1355,2017.0,2626.0,42713.0,1.090805,1.452409,NLD,BRA,8431
2952847,168,32,1355,2017.0,482687.0,0.0,-0.737436,0.345773,PAK,BRA,8431
2952848,169,32,1355,2017.0,12142.0,91828.0,0.638093,1.01027,PAN,BRA,8431
2952849,173,32,1355,2017.0,34524.0,2733.0,-0.8214469999999999,-0.333306,PER,BRA,8431
2952850,177,32,1355,2017.0,102366.0,0.0,1.212941,0.917751,POL,BRA,8431
2952851,179,32,1355,2017.0,69651.0,5295.0,0.692908,2.05977,PRT,BRA,8431
2952852,180,32,1355,2017.0,0.0,184560.0,-0.604205,-0.956699,PRY,BRA,8431
2952853,185,32,1355,2017.0,170793.0,0.0,1.145161,1.095192,ROU,BRA,8431
2952854,186,32,1355,2017.0,0.0,1998.0,0.07402,0.248236,RUS,BRA,8431
2952855,192,32,1355,2017.0,1484121.0,0.0,1.8943720000000002,0.449316,SGP,BRA,8431
2952856,201,32,1355,2017.0,1234.0,0.0,0.59312,1.535527,SRB,BRA,8431
2952857,206,32,1355,2017.0,19718.0,0.0,1.484316,0.811826,SVK,BRA,8431
2952858,207,32,1355,2017.0,5692.0,0.0,1.597178,0.753722,SVN,BRA,8431
2952859,208,32,1355,2017.0,1191.0,0.0,1.695113,0.6885060000000001,SWE,BRA,8431
2952860,216,32,1355,2017.0,114975.0,0.0,1.15791,1.282718,THA,BRA,8431
2952861,224,32,1355,2017.0,95739.0,0.0,0.601079,2.126314,TUR,BRA,8431
2952862,228,32,1355,2017.0,1145.0,0.0,0.34780900000000003,1.076817,UKR,BRA,8431
2952863,230,32,1355,2017.0,369150.0,77715.0,0.09085900000000001,-0.246694,URY,BRA,8431
2952864,231,32,1355,2017.0,51177.0,48807.0,1.536355,0.23775100000000002,USA,BRA,8431
2952865,239,32,1355,2017.0,1648859.0,0.0,-0.006548999999999999,0.7030420000000001,VNM,BRA,8431
2952866,249,32,1355,2017.0,0.0,1449.0,2.003822,1.215216,TWN,BRA,8431
2952867,22,33,1355,2017.0,2786.0,0.0,-1.007846,-1.112069,BGD,BRB,8431
2952868,43,33,1355,2017.0,58333.0,0.0,1.2888030000000001,0.9250700000000001,CHN,BRB,8431
2952869,77,33,1355,2017.0,18244.0,68409.0,1.3874030000000002,0.8887719999999999,FRA,BRB,8431
2952870,81,33,1355,2017.0,9816.0,2688.0,1.499843,1.120201,GBR,BRB,8431
2952871,104,33,1355,2017.0,1475.0,0.0,0.262126,2.8212040000000003,IND,BRB,8431
2952872,111,33,1355,2017.0,1827.0,0.0,1.4374559999999998,0.21079699999999998,ITA,BRB,8431
2952873,112,33,1355,2017.0,38077.0,0.0,-0.362252,-0.756476,JAM,BRB,8431
2952874,169,33,1355,2017.0,4271.0,3614.0,0.638093,1.01027,PAN,BRB,8431
2952875,179,33,1355,2017.0,5373.0,0.0,0.692908,2.05977,PRT,BRB,8431
2952876,222,33,1355,2017.0,153668.0,0.0,-0.15041300000000002,-1.029801,TTO,BRB,8431
2952877,231,33,1355,2017.0,115619.0,30675.0,1.536355,0.23775100000000002,USA,BRB,8431
2952878,239,33,1355,2017.0,3662.0,0.0,-0.006548999999999999,0.7030420000000001,VNM,BRB,8431
2952879,4,39,1355,2017.0,11688.0,0.0,-0.351054,-0.193147,ALB,CAN,8431
2952880,5,39,1355,2017.0,1522.0,8157.0,1.101312,0.593242,AND,CAN,8431
2952881,7,39,1355,2017.0,29232.0,224923.0,0.222875,-0.204271,ARE,CAN,8431
2952882,9,39,1355,2017.0,64295.0,2808.0,-0.422667,-0.824041,ARM,CAN,8431
2952883,13,39,1355,2017.0,0.0,4067.0,0.314372,-0.432988,ATG,CAN,8431
2952884,14,39,1355,2017.0,29328.0,281557.0,-0.598537,-0.23571,AUS,CAN,8431
2952885,15,39,1355,2017.0,486604.0,55181.0,1.722766,-0.077938,AUT,CAN,8431
2952886,18,39,1355,2017.0,243400.0,3424.0,1.2396969999999998,1.1699760000000001,BEL,CAN,8431
2952887,22,39,1355,2017.0,4975474.0,0.0,-1.007846,-1.112069,BGD,CAN,8431
2952888,23,39,1355,2017.0,1217221.0,2985.0,0.563342,1.744989,BGR,CAN,8431
2952889,25,39,1355,2017.0,0.0,1551.0,0.677207,-0.45096899999999995,BHS,CAN,8431
2952890,26,39,1355,2017.0,1315796.0,1726.0,0.584825,0.9219,BIH,CAN,8431
2952891,28,39,1355,2017.0,150400.0,0.0,0.9188780000000001,0.9998819999999999,BLR,CAN,8431
2952892,30,39,1355,2017.0,0.0,1183.0,1.16947,-0.302517,BMU,CAN,8431
2952893,41,39,1355,2017.0,602405.0,332775.0,2.2443459999999997,0.836363,CHE,CAN,8431
2952894,42,39,1355,2017.0,1890.0,36695.0,-0.282983,-0.33351,CHL,CAN,8431
2952895,43,39,1355,2017.0,154195328.0,541087.0,1.2888030000000001,0.9250700000000001,CHN,CAN,8431
2952896,45,39,1355,2017.0,0.0,1290.0,-1.039442,-1.026684,CMR,CAN,8431
2952897,49,39,1355,2017.0,51256.0,0.0,-0.039238999999999996,-0.246914,COL,CAN,8431
2952898,52,39,1355,2017.0,102784.0,0.0,0.288798,0.212928,CRI,CAN,8431
2952899,59,39,1355,2017.0,28173.0,1008.0,1.8494680000000001,0.150088,CZE,CAN,8431
2952900,61,39,1355,2017.0,3276590.0,701894.0,2.164026,-2.458307,DEU,CAN,8431
2952901,64,39,1355,2017.0,345677.0,3235.0,1.143276,1.242437,DNK,CAN,8431
2952902,65,39,1355,2017.0,202941.0,0.0,-0.314875,0.125244,DOM,CAN,8431
2952903,67,39,1355,2017.0,20997.0,0.0,-1.109413,-1.1561270000000001,ECU,CAN,8431
2952904,68,39,1355,2017.0,3555.0,0.0,-0.09792100000000001,1.9664270000000001,EGY,CAN,8431
2952905,71,39,1355,2017.0,7072980.0,107509.0,0.7720279999999999,2.434042,ESP,CAN,8431
2952906,72,39,1355,2017.0,8918.0,32282.0,1.004481,1.311075,EST,CAN,8431
2952907,74,39,1355,2017.0,175534.0,247271.0,1.6562990000000002,0.94619,FIN,CAN,8431
2952908,77,39,1355,2017.0,2531074.0,311387.0,1.3874030000000002,0.8887719999999999,FRA,CAN,8431
2952909,81,39,1355,2017.0,6298221.0,463099.0,1.499843,1.120201,GBR,CAN,8431
2952910,82,39,1355,2017.0,5321.0,1332.0,-0.252287,-0.172336,GEO,CAN,8431
2952911,90,39,1355,2017.0,13272.0,2824.0,0.10646300000000002,1.0936290000000002,GRC,CAN,8431
2952912,92,39,1355,2017.0,0.0,668637.0,-1.09962,-1.013198,GRL,CAN,8431
2952913,93,39,1355,2017.0,383349.0,0.0,-0.40755399999999997,0.63358,GTM,CAN,8431
2952914,97,39,1355,2017.0,1430890.0,390993.0,0.877065,1.1615520000000001,HKG,CAN,8431
2952915,99,39,1355,2017.0,64855.0,0.0,-0.44761999999999996,-0.20167100000000002,HND,CAN,8431
2952916,100,39,1355,2017.0,230381.0,0.0,0.8933700000000001,1.4400469999999999,HRV,CAN,8431
2952917,102,39,1355,2017.0,387377.0,0.0,1.6949029999999998,0.723915,HUN,CAN,8431
2952918,103,39,1355,2017.0,3120008.0,0.0,-0.072977,1.376847,IDN,CAN,8431
2952919,104,39,1355,2017.0,2496129.0,1141.0,0.262126,2.8212040000000003,IND,CAN,8431
2952920,106,39,1355,2017.0,40297.0,3813.0,1.444823,0.158356,IRL,CAN,8431
2952921,109,39,1355,2017.0,0.0,3700.0,0.279223,-0.34883600000000003,ISL,CAN,8431
2952922,110,39,1355,2017.0,24150.0,33178.0,1.158779,0.8909020000000001,ISR,CAN,8431
2952923,111,39,1355,2017.0,12767388.0,65205.0,1.4374559999999998,0.21079699999999998,ITA,CAN,8431
2952924,112,39,1355,2017.0,0.0,2418.0,-0.362252,-0.756476,JAM,CAN,8431
2952925,113,39,1355,2017.0,115343.0,0.0,0.079237,0.182893,JOR,CAN,8431
2952926,114,39,1355,2017.0,585862.0,1157427.0,2.4440779999999998,-0.46107700000000007,JPN,CAN,8431
2952927,118,39,1355,2017.0,2698592.0,0.0,-0.654185,-0.655463,KHM,CAN,8431
2952928,121,39,1355,2017.0,474042.0,1513510.0,2.1277470000000003,0.8218719999999999,KOR,CAN,8431
2952929,122,39,1355,2017.0,0.0,34937.0,-0.264903,-1.112018,KWT,CAN,8431
2952930,124,39,1355,2017.0,3986.0,39023.0,0.437192,1.027289,LBN,CAN,8431
2952931,128,39,1355,2017.0,560315.0,0.0,-0.506691,0.43309200000000003,LKA,CAN,8431
2952932,130,39,1355,2017.0,439861.0,10000.0,0.770556,1.555233,LTU,CAN,8431
2952933,131,39,1355,2017.0,1421.0,9098.0,1.1461629999999998,1.434994,LUX,CAN,8431
2952934,132,39,1355,2017.0,16429.0,0.0,0.644285,1.4304290000000002,LVA,CAN,8431
2952935,133,39,1355,2017.0,10774.0,5141.0,0.33025,-0.008723999999999999,MAC,CAN,8431
2952936,134,39,1355,2017.0,4079940.0,0.0,-0.593987,-0.093414,MAR,CAN,8431
2952937,135,39,1355,2017.0,43148.0,0.0,-0.135731,-0.008816,MDA,CAN,8431
2952938,136,39,1355,2017.0,11263.0,0.0,-1.098631,-0.8503069999999999,MDG,CAN,8431
2952939,137,39,1355,2017.0,2883.0,0.0,-0.739309,-0.951202,MDV,CAN,8431
2952940,138,39,1355,2017.0,64652.0,23142.0,1.348763,0.6145010000000001,MEX,CAN,8431
2952941,140,39,1355,2017.0,76211.0,0.0,-0.12182799999999999,-0.333793,MKD,CAN,8431
2952942,142,39,1355,2017.0,4878.0,0.0,0.9943420000000001,0.181922,MLT,CAN,8431
2952943,143,39,1355,2017.0,2202961.0,0.0,-0.9113129999999999,-0.21514,MMR,CAN,8431
2952944,145,39,1355,2017.0,98871.0,11695.0,-1.110506,-1.179734,MNG,CAN,8431
2952945,151,39,1355,2017.0,70764.0,0.0,-0.166097,-0.050332,MUS,CAN,8431
2952946,153,39,1355,2017.0,56189.0,2484.0,1.022117,0.6711739999999999,MYS,CAN,8431
2952947,159,39,1355,2017.0,0.0,1259.0,-1.784814,-1.310281,NGA,CAN,8431
2952948,162,39,1355,2017.0,276249.0,3545116.0,1.090805,1.452409,NLD,CAN,8431
2952949,163,39,1355,2017.0,1526.0,201180.0,0.393228,0.049788,NOR,CAN,8431
2952950,164,39,1355,2017.0,140248.0,0.0,-0.076879,0.530485,NPL,CAN,8431
2952951,166,39,1355,2017.0,6919.0,70102.0,0.154926,0.10981500000000001,NZL,CAN,8431
2952952,168,39,1355,2017.0,111883.0,1164.0,-0.737436,0.345773,PAK,CAN,8431
2952953,169,39,1355,2017.0,0.0,7335.0,0.638093,1.01027,PAN,CAN,8431
2952954,173,39,1355,2017.0,319025.0,0.0,-0.8214469999999999,-0.333306,PER,CAN,8431
2952955,174,39,1355,2017.0,1406267.0,0.0,0.717074,0.224219,PHL,CAN,8431
2952956,177,39,1355,2017.0,212266.0,7583.0,1.212941,0.917751,POL,CAN,8431
2952957,179,39,1355,2017.0,602405.0,3474.0,0.692908,2.05977,PRT,CAN,8431
2952958,183,39,1355,2017.0,0.0,5667.0,-0.42615600000000003,-1.0956489999999999,QAT,CAN,8431
2952959,185,39,1355,2017.0,1822089.0,0.0,1.145161,1.095192,ROU,CAN,8431
2952960,186,39,1355,2017.0,8391.0,95413.0,0.07402,0.248236,RUS,CAN,8431
2952961,188,39,1355,2017.0,0.0,43056.0,0.508031,-0.42373500000000003,SAU,CAN,8431
2952962,191,39,1355,2017.0,0.0,2275.0,-0.604504,-0.228411,SEN,CAN,8431
2952963,192,39,1355,2017.0,37999.0,14276.0,1.8943720000000002,0.449316,SGP,CAN,8431
2952964,196,39,1355,2017.0,6621.0,0.0,-0.5391520000000001,-0.570954,SLE,CAN,8431
2952965,197,39,1355,2017.0,54680.0,1734.0,0.11754,0.363982,SLV,CAN,8431
2952966,201,39,1355,2017.0,39108.0,0.0,0.59312,1.535527,SRB,CAN,8431
2952967,206,39,1355,2017.0,607660.0,3040.0,1.484316,0.811826,SVK,CAN,8431
2952968,207,39,1355,2017.0,106356.0,5851.0,1.597178,0.753722,SVN,CAN,8431
2952969,208,39,1355,2017.0,727670.0,17385.0,1.695113,0.6885060000000001,SWE,CAN,8431
2952970,216,39,1355,2017.0,113449.0,2817.0,1.15791,1.282718,THA,CAN,8431
2952971,223,39,1355,2017.0,177416.0,0.0,0.31342600000000004,1.071153,TUN,CAN,8431
2952972,224,39,1355,2017.0,755869.0,19908.0,0.601079,2.126314,TUR,CAN,8431
2952973,228,39,1355,2017.0,79231.0,30975.0,0.34780900000000003,1.076817,UKR,CAN,8431
2952974,230,39,1355,2017.0,0.0,23131.0,0.09085900000000001,-0.246694,URY,CAN,8431
2952975,231,39,1355,2017.0,31136098.0,17302990.0,1.536355,0.23775100000000002,USA,CAN,8431
2952976,239,39,1355,2017.0,16203815.0,90804.0,-0.006548999999999999,0.7030420000000001,VNM,CAN,8431
2952977,246,39,1355,2017.0,13769.0,2056.0,-0.048668,1.283483,ZAF,CAN,8431
2952978,249,39,1355,2017.0,15426.0,41783.0,2.003822,1.215216,TWN,CAN,8431
2952979,1,41,1355,2017.0,2739.0,0.0,-1.341683,-0.9569620000000001,AFG,CHE,8431
2952980,2,41,1355,2017.0,0.0,2331.0,-1.580759,-1.2589270000000001,AGO,CHE,8431
2952981,4,41,1355,2017.0,143867.0,0.0,-0.351054,-0.193147,ALB,CHE,8431
2952982,5,41,1355,2017.0,0.0,1980.0,1.101312,0.593242,AND,CHE,8431
2952983,7,41,1355,2017.0,112965.0,90105.0,0.222875,-0.204271,ARE,CHE,8431
2952984,8,41,1355,2017.0,12919.0,0.0,-0.268441,0.337024,ARG,CHE,8431
2952985,9,41,1355,2017.0,67109.0,0.0,-0.422667,-0.824041,ARM,CHE,8431
2952986,14,41,1355,2017.0,15967.0,79673.0,-0.598537,-0.23571,AUS,CHE,8431
2952987,15,41,1355,2017.0,3086186.0,424158.0,1.722766,-0.077938,AUT,CHE,8431
2952988,16,41,1355,2017.0,0.0,2185.0,-1.665069,-1.37471,AZE,CHE,8431
2952989,18,41,1355,2017.0,706173.0,99001.0,1.2396969999999998,1.1699760000000001,BEL,CHE,8431
2952990,22,41,1355,2017.0,2603432.0,0.0,-1.007846,-1.112069,BGD,CHE,8431
2952991,23,41,1355,2017.0,1732757.0,90995.0,0.563342,1.744989,BGR,CHE,8431
2952992,24,41,1355,2017.0,3774.0,38078.0,0.160574,-0.708064,BHR,CHE,8431
2952993,26,41,1355,2017.0,404378.0,0.0,0.584825,0.9219,BIH,CHE,8431
2952994,28,41,1355,2017.0,203716.0,2516.0,0.9188780000000001,0.9998819999999999,BLR,CHE,8431
2952995,31,41,1355,2017.0,6413.0,0.0,-1.032957,-0.9679840000000001,BOL,CHE,8431
2952996,32,41,1355,2017.0,1563.0,2728.0,0.103119,0.808438,BRA,CHE,8431
2952997,39,41,1355,2017.0,332775.0,602405.0,0.661032,1.331443,CAN,CHE,8431
2952998,42,41,1355,2017.0,0.0,6233.0,-0.282983,-0.33351,CHL,CHE,8431
2952999,43,41,1355,2017.0,17361370.0,579504.0,1.2888030000000001,0.9250700000000001,CHN,CHE,8431
2953000,49,41,1355,2017.0,61260.0,0.0,-0.039238999999999996,-0.246914,COL,CHE,8431
2953001,58,41,1355,2017.0,0.0,4889.0,0.35097399999999995,0.103466,CYP,CHE,8431
2953002,59,41,1355,2017.0,282410.0,59514.0,1.8494680000000001,0.150088,CZE,CHE,8431
2953003,61,41,1355,2017.0,128065176.0,25495180.0,2.164026,-2.458307,DEU,CHE,8431
2953004,64,41,1355,2017.0,2554153.0,93668.0,1.143276,1.242437,DNK,CHE,8431
2953005,65,41,1355,2017.0,1441.0,0.0,-0.314875,0.125244,DOM,CHE,8431
2953006,68,41,1355,2017.0,34417.0,1019.0,-0.09792100000000001,1.9664270000000001,EGY,CHE,8431
2953007,71,41,1355,2017.0,9939381.0,692737.0,0.7720279999999999,2.434042,ESP,CHE,8431
2953008,72,41,1355,2017.0,68350.0,75200.0,1.004481,1.311075,EST,CHE,8431
2953009,74,41,1355,2017.0,30131.0,10573.0,1.6562990000000002,0.94619,FIN,CHE,8431
2953010,77,41,1355,2017.0,27455470.0,2956108.0,1.3874030000000002,0.8887719999999999,FRA,CHE,8431
2953011,81,41,1355,2017.0,3602655.0,1052882.0,1.499843,1.120201,GBR,CHE,8431
2953012,82,41,1355,2017.0,56029.0,31201.0,-0.252287,-0.172336,GEO,CHE,8431
2953013,90,41,1355,2017.0,76120.0,12345.0,0.10646300000000002,1.0936290000000002,GRC,CHE,8431
2953014,93,41,1355,2017.0,25215.0,0.0,-0.40755399999999997,0.63358,GTM,CHE,8431
2953015,97,41,1355,2017.0,1097183.0,4289380.0,0.877065,1.1615520000000001,HKG,CHE,8431
2953016,99,41,1355,2017.0,1292.0,0.0,-0.44761999999999996,-0.20167100000000002,HND,CHE,8431
2953017,100,41,1355,2017.0,443174.0,6519.0,0.8933700000000001,1.4400469999999999,HRV,CHE,8431
2953018,102,41,1355,2017.0,489545.0,8939.0,1.6949029999999998,0.723915,HUN,CHE,8431
2953019,103,41,1355,2017.0,415019.0,0.0,-0.072977,1.376847,IDN,CHE,8431
2953020,104,41,1355,2017.0,256534.0,0.0,0.262126,2.8212040000000003,IND,CHE,8431
2953021,106,41,1355,2017.0,65041.0,21174.0,1.444823,0.158356,IRL,CHE,8431
2953022,110,41,1355,2017.0,10421.0,33918.0,1.158779,0.8909020000000001,ISR,CHE,8431
2953023,111,41,1355,2017.0,116125888.0,10619079.0,1.4374559999999998,0.21079699999999998,ITA,CHE,8431
2953024,113,41,1355,2017.0,1316.0,0.0,0.079237,0.182893,JOR,CHE,8431
2953025,114,41,1355,2017.0,263678.0,1320472.0,2.4440779999999998,-0.46107700000000007,JPN,CHE,8431
2953026,115,41,1355,2017.0,0.0,61105.0,-0.47984399999999994,-0.40618699999999996,KAZ,CHE,8431
2953027,117,41,1355,2017.0,0.0,1179.0,0.056509000000000004,0.363176,KGZ,CHE,8431
2953028,118,41,1355,2017.0,419837.0,0.0,-0.654185,-0.655463,KHM,CHE,8431
2953029,121,41,1355,2017.0,56247.0,910698.0,2.1277470000000003,0.8218719999999999,KOR,CHE,8431
2953030,122,41,1355,2017.0,0.0,9043.0,-0.264903,-1.112018,KWT,CHE,8431
2953031,124,41,1355,2017.0,40390.0,354188.0,0.437192,1.027289,LBN,CHE,8431
2953032,128,41,1355,2017.0,158390.0,0.0,-0.506691,0.43309200000000003,LKA,CHE,8431
2953033,130,41,1355,2017.0,417802.0,8435.0,0.770556,1.555233,LTU,CHE,8431
2953034,131,41,1355,2017.0,8044.0,28504.0,1.1461629999999998,1.434994,LUX,CHE,8431
2953035,132,41,1355,2017.0,232157.0,63655.0,0.644285,1.4304290000000002,LVA,CHE,8431
2953036,133,41,1355,2017.0,3036.0,11399.0,0.33025,-0.008723999999999999,MAC,CHE,8431
2953037,134,41,1355,2017.0,6410489.0,1523.0,-0.593987,-0.093414,MAR,CHE,8431
2953038,135,41,1355,2017.0,797548.0,0.0,-0.135731,-0.008816,MDA,CHE,8431
2953039,136,41,1355,2017.0,16875.0,0.0,-1.098631,-0.8503069999999999,MDG,CHE,8431
2953040,138,41,1355,2017.0,2969.0,5720.0,1.348763,0.6145010000000001,MEX,CHE,8431
2953041,140,41,1355,2017.0,4405266.0,0.0,-0.12182799999999999,-0.333793,MKD,CHE,8431
2953042,142,41,1355,2017.0,0.0,25045.0,0.9943420000000001,0.181922,MLT,CHE,8431
2953043,143,41,1355,2017.0,2795454.0,0.0,-0.9113129999999999,-0.21514,MMR,CHE,8431
2953044,145,41,1355,2017.0,35663.0,1636.0,-1.110506,-1.179734,MNG,CHE,8431
2953045,147,41,1355,2017.0,2046.0,0.0,-1.3967319999999999,-1.1603290000000002,MOZ,CHE,8431
2953046,151,41,1355,2017.0,29461.0,0.0,-0.166097,-0.050332,MUS,CHE,8431
2953047,153,41,1355,2017.0,89829.0,34605.0,1.022117,0.6711739999999999,MYS,CHE,8431
2953048,162,41,1355,2017.0,1130584.0,177279.0,1.090805,1.452409,NLD,CHE,8431
2953049,163,41,1355,2017.0,8188.0,27312.0,0.393228,0.049788,NOR,CHE,8431
2953050,164,41,1355,2017.0,40098.0,0.0,-0.076879,0.530485,NPL,CHE,8431
2953051,166,41,1355,2017.0,0.0,8143.0,0.154926,0.10981500000000001,NZL,CHE,8431
2953052,168,41,1355,2017.0,274848.0,0.0,-0.737436,0.345773,PAK,CHE,8431
2953053,173,41,1355,2017.0,40483.0,1081.0,-0.8214469999999999,-0.333306,PER,CHE,8431
2953054,174,41,1355,2017.0,67678.0,0.0,0.717074,0.224219,PHL,CHE,8431
2953055,177,41,1355,2017.0,355668.0,92181.0,1.212941,0.917751,POL,CHE,8431
2953056,179,41,1355,2017.0,695301.0,18199.0,0.692908,2.05977,PRT,CHE,8431
2953057,183,41,1355,2017.0,0.0,11737.0,-0.42615600000000003,-1.0956489999999999,QAT,CHE,8431
2953058,185,41,1355,2017.0,3206678.0,6488.0,1.145161,1.095192,ROU,CHE,8431
2953059,186,41,1355,2017.0,268418.0,876628.0,0.07402,0.248236,RUS,CHE,8431
2953060,188,41,1355,2017.0,1335.0,192764.0,0.508031,-0.42373500000000003,SAU,CHE,8431
2953061,192,41,1355,2017.0,128074.0,36284.0,1.8943720000000002,0.449316,SGP,CHE,8431
2953062,201,41,1355,2017.0,481794.0,0.0,0.59312,1.535527,SRB,CHE,8431
2953063,206,41,1355,2017.0,1172146.0,30820.0,1.484316,0.811826,SVK,CHE,8431
2953064,207,41,1355,2017.0,121554.0,17434.0,1.597178,0.753722,SVN,CHE,8431
2953065,208,41,1355,2017.0,772691.0,64096.0,1.695113,0.6885060000000001,SWE,CHE,8431
2953066,216,41,1355,2017.0,224115.0,30500.0,1.15791,1.282718,THA,CHE,8431
2953067,223,41,1355,2017.0,439590.0,0.0,0.31342600000000004,1.071153,TUN,CHE,8431
2953068,224,41,1355,2017.0,339312.0,13655.0,0.601079,2.126314,TUR,CHE,8431
2953069,228,41,1355,2017.0,1059143.0,9266.0,0.34780900000000003,1.076817,UKR,CHE,8431
2953070,231,41,1355,2017.0,433057.0,2346984.0,1.536355,0.23775100000000002,USA,CHE,8431
2953071,232,41,1355,2017.0,2248.0,0.0,-0.386302,-0.35475999999999996,UZB,CHE,8431
2953072,236,41,1355,2017.0,1198.0,0.0,-1.191942,-1.245689,VEN,CHE,8431
2953073,239,41,1355,2017.0,4972924.0,32389.0,-0.006548999999999999,0.7030420000000001,VNM,CHE,8431
2953074,246,41,1355,2017.0,9409.0,1061.0,-0.048668,1.283483,ZAF,CHE,8431
2953075,249,41,1355,2017.0,350894.0,101477.0,2.003822,1.215216,TWN,CHE,8431
2953076,7,42,1355,2017.0,0.0,33947.0,0.222875,-0.204271,ARE,CHL,8431
2953077,8,42,1355,2017.0,185199.0,9702.0,-0.268441,0.337024,ARG,CHL,8431
2953078,15,42,1355,2017.0,80722.0,0.0,1.722766,-0.077938,AUT,CHL,8431
2953079,18,42,1355,2017.0,3530.0,0.0,1.2396969999999998,1.1699760000000001,BEL,CHL,8431
2953080,22,42,1355,2017.0,373675.0,0.0,-1.007846,-1.112069,BGD,CHL,8431
2953081,23,42,1355,2017.0,7219.0,0.0,0.563342,1.744989,BGR,CHL,8431
2953082,31,42,1355,2017.0,7624.0,1494408.0,-1.032957,-0.9679840000000001,BOL,CHL,8431
2953083,32,42,1355,2017.0,16007.0,2965.0,0.103119,0.808438,BRA,CHL,8431
2953084,39,42,1355,2017.0,36695.0,1890.0,0.661032,1.331443,CAN,CHL,8431
2953085,41,42,1355,2017.0,6233.0,0.0,2.2443459999999997,0.836363,CHE,CHL,8431
2953086,43,42,1355,2017.0,110763192.0,2795.0,1.2888030000000001,0.9250700000000001,CHN,CHL,8431
2953087,49,42,1355,2017.0,77419.0,7712.0,-0.039238999999999996,-0.246914,COL,CHL,8431
2953088,59,42,1355,2017.0,29591.0,0.0,1.8494680000000001,0.150088,CZE,CHL,8431
2953089,61,42,1355,2017.0,131406.0,0.0,2.164026,-2.458307,DEU,CHL,8431
2953090,64,42,1355,2017.0,53622.0,0.0,1.143276,1.242437,DNK,CHL,8431
2953091,67,42,1355,2017.0,62747.0,8984.0,-1.109413,-1.1561270000000001,ECU,CHL,8431
2953092,71,42,1355,2017.0,2633857.0,79722.0,0.7720279999999999,2.434042,ESP,CHL,8431
2953093,74,42,1355,2017.0,2213.0,0.0,1.6562990000000002,0.94619,FIN,CHL,8431
2953094,77,42,1355,2017.0,198758.0,0.0,1.3874030000000002,0.8887719999999999,FRA,CHL,8431
2953095,81,42,1355,2017.0,326074.0,452264.0,1.499843,1.120201,GBR,CHL,8431
2953096,93,42,1355,2017.0,0.0,22073.0,-0.40755399999999997,0.63358,GTM,CHL,8431
2953097,97,42,1355,2017.0,103532.0,4048.0,0.877065,1.1615520000000001,HKG,CHL,8431
2953098,102,42,1355,2017.0,0.0,21943.0,1.6949029999999998,0.723915,HUN,CHL,8431
2953099,103,42,1355,2017.0,100576.0,0.0,-0.072977,1.376847,IDN,CHL,8431
2953100,104,42,1355,2017.0,893726.0,0.0,0.262126,2.8212040000000003,IND,CHL,8431
2953101,106,42,1355,2017.0,0.0,23751.0,1.444823,0.158356,IRL,CHL,8431
2953102,111,42,1355,2017.0,425583.0,0.0,1.4374559999999998,0.21079699999999998,ITA,CHL,8431
2953103,114,42,1355,2017.0,3354.0,0.0,2.4440779999999998,-0.46107700000000007,JPN,CHL,8431
2953104,118,42,1355,2017.0,36394.0,0.0,-0.654185,-0.655463,KHM,CHL,8431
2953105,121,42,1355,2017.0,47368.0,1816.0,2.1277470000000003,0.8218719999999999,KOR,CHL,8431
2953106,128,42,1355,2017.0,47975.0,0.0,-0.506691,0.43309200000000003,LKA,CHL,8431
2953107,130,42,1355,2017.0,9550.0,0.0,0.770556,1.555233,LTU,CHL,8431
2953108,134,42,1355,2017.0,13696.0,0.0,-0.593987,-0.093414,MAR,CHL,8431
2953109,138,42,1355,2017.0,22849.0,0.0,1.348763,0.6145010000000001,MEX,CHL,8431
2953110,143,42,1355,2017.0,119594.0,0.0,-0.9113129999999999,-0.21514,MMR,CHL,8431
2953111,153,42,1355,2017.0,10460.0,0.0,1.022117,0.6711739999999999,MYS,CHL,8431
2953112,162,42,1355,2017.0,2601.0,0.0,1.090805,1.452409,NLD,CHL,8431
2953113,164,42,1355,2017.0,6838.0,0.0,-0.076879,0.530485,NPL,CHL,8431
2953114,168,42,1355,2017.0,45530.0,0.0,-0.737436,0.345773,PAK,CHL,8431
2953115,169,42,1355,2017.0,457091.0,14271.0,0.638093,1.01027,PAN,CHL,8431
2953116,173,42,1355,2017.0,776875.0,3002821.0,-0.8214469999999999,-0.333306,PER,CHL,8431
2953117,174,42,1355,2017.0,8116.0,0.0,0.717074,0.224219,PHL,CHL,8431
2953118,179,42,1355,2017.0,107203.0,0.0,0.692908,2.05977,PRT,CHL,8431
2953119,180,42,1355,2017.0,3322.0,2677822.0,-0.604205,-0.956699,PRY,CHL,8431
2953120,185,42,1355,2017.0,21792.0,0.0,1.145161,1.095192,ROU,CHL,8431
2953121,192,42,1355,2017.0,2759.0,0.0,1.8943720000000002,0.449316,SGP,CHL,8431
2953122,197,42,1355,2017.0,25846.0,0.0,0.11754,0.363982,SLV,CHL,8431
2953123,216,42,1355,2017.0,14977.0,0.0,1.15791,1.282718,THA,CHL,8431
2953124,223,42,1355,2017.0,3139.0,0.0,0.31342600000000004,1.071153,TUN,CHL,8431
2953125,224,42,1355,2017.0,44910.0,0.0,0.601079,2.126314,TUR,CHL,8431
2953126,230,42,1355,2017.0,71565.0,27449.0,0.09085900000000001,-0.246694,URY,CHL,8431
2953127,231,42,1355,2017.0,218925.0,126612.0,1.536355,0.23775100000000002,USA,CHL,8431
2953128,239,42,1355,2017.0,695731.0,0.0,-0.006548999999999999,0.7030420000000001,VNM,CHL,8431
2953129,240,42,1355,2017.0,3212.0,0.0,-1.161139,-1.018749,VUT,CHL,8431
2953130,249,42,1355,2017.0,4349.0,0.0,2.003822,1.215216,TWN,CHL,8431
2953131,250,42,1355,2017.0,5037902.0,273583.0,0.472054,-0.363374,ANS,CHL,8431
2953132,0,43,1355,2017.0,0.0,26673.0,0.8469200000000001,0.12138299999999999,ABW,CHN,8431
2953133,1,43,1355,2017.0,0.0,92536.0,-1.341683,-0.9569620000000001,AFG,CHN,8431
2953134,2,43,1355,2017.0,0.0,6465412.0,-1.580759,-1.2589270000000001,AGO,CHN,8431
2953135,4,43,1355,2017.0,1133206.0,583714.0,-0.351054,-0.193147,ALB,CHN,8431
2953136,5,43,1355,2017.0,0.0,15746.0,1.101312,0.593242,AND,CHN,8431
2953137,7,43,1355,2017.0,44054.0,125328696.0,0.222875,-0.204271,ARE,CHN,8431
2953138,8,43,1355,2017.0,0.0,12332771.0,-0.268441,0.337024,ARG,CHN,8431
2953139,9,43,1355,2017.0,5030240.0,1893817.0,-0.422667,-0.824041,ARM,CHN,8431
2953140,13,43,1355,2017.0,0.0,5165.0,0.314372,-0.432988,ATG,CHN,8431
2953141,14,43,1355,2017.0,123352.0,140791584.0,-0.598537,-0.23571,AUS,CHN,8431
2953142,15,43,1355,2017.0,346113.0,5831134.0,1.722766,-0.077938,AUT,CHN,8431
2953143,16,43,1355,2017.0,0.0,3769357.0,-1.665069,-1.37471,AZE,CHN,8431
2953144,17,43,1355,2017.0,0.0,2880.0,-0.947315,-1.1084049999999999,BDI,CHN,8431
2953145,18,43,1355,2017.0,128256.0,85190120.0,1.2396969999999998,1.1699760000000001,BEL,CHN,8431
2953146,19,43,1355,2017.0,0.0,933909.0,-0.567589,-0.694574,BEN,CHN,8431
2953147,21,43,1355,2017.0,0.0,4271.0,-1.0605440000000002,-1.038926,BFA,CHN,8431
2953148,22,43,1355,2017.0,9121061.0,13188484.0,-1.007846,-1.112069,BGD,CHN,8431
2953149,23,43,1355,2017.0,2592357.0,1033712.0,0.563342,1.744989,BGR,CHN,8431
2953150,24,43,1355,2017.0,0.0,8819915.0,0.160574,-0.708064,BHR,CHN,8431
2953151,25,43,1355,2017.0,0.0,62674.0,0.677207,-0.45096899999999995,BHS,CHN,8431
2953152,26,43,1355,2017.0,6065856.0,727744.0,0.584825,0.9219,BIH,CHN,8431
2953153,28,43,1355,2017.0,74628.0,540919.0,0.9188780000000001,0.9998819999999999,BLR,CHN,8431
2953154,29,43,1355,2017.0,0.0,261242.0,-0.285105,-0.8471270000000001,BLZ,CHN,8431
2953155,30,43,1355,2017.0,0.0,40134.0,1.16947,-0.302517,BMU,CHN,8431
2953156,31,43,1355,2017.0,0.0,671552.0,-1.032957,-0.9679840000000001,BOL,CHN,8431
2953157,32,43,1355,2017.0,1037.0,121858392.0,0.103119,0.808438,BRA,CHN,8431
2953158,33,43,1355,2017.0,0.0,58333.0,0.47282700000000005,0.088603,BRB,CHN,8431
2953159,34,43,1355,2017.0,0.0,1752003.0,0.13716,-0.783787,BRN,CHN,8431
2953160,35,43,1355,2017.0,0.0,45265.0,0.104933,-0.7270270000000001,BTN,CHN,8431
2953161,37,43,1355,2017.0,0.0,665101.0,-0.41364700000000004,-1.099512,BWA,CHN,8431
2953162,39,43,1355,2017.0,541087.0,154195328.0,0.661032,1.331443,CAN,CHN,8431
2953163,41,43,1355,2017.0,579504.0,17361370.0,2.2443459999999997,0.836363,CHE,CHN,8431
2953164,42,43,1355,2017.0,2795.0,110763192.0,-0.282983,-0.33351,CHL,CHN,8431
2953165,44,43,1355,2017.0,0.0,9754197.0,-0.991865,-0.9496889999999999,CIV,CHN,8431
2953166,45,43,1355,2017.0,0.0,6157519.0,-1.039442,-1.026684,CMR,CHN,8431
2953167,46,43,1355,2017.0,0.0,1383641.0,-1.158421,-1.14955,COD,CHN,8431
2953168,47,43,1355,2017.0,0.0,6201410.0,-1.076295,-1.109112,COG,CHN,8431
2953169,49,43,1355,2017.0,22875.0,23591934.0,-0.039238999999999996,-0.246914,COL,CHN,8431
2953170,50,43,1355,2017.0,0.0,1156558.0,-0.395615,-0.921531,COM,CHN,8431
2953171,51,43,1355,2017.0,0.0,13571.0,-0.216675,-0.616004,CPV,CHN,8431
2953172,52,43,1355,2017.0,0.0,862051.0,0.288798,0.212928,CRI,CHN,8431
2953173,54,43,1355,2017.0,0.0,242252.0,-0.975281,-1.263293,CUB,CHN,8431
2953174,55,43,1355,2017.0,0.0,159191.0,-0.146136,-0.780933,CUW,CHN,8431
2953175,58,43,1355,2017.0,8531.0,724314.0,0.35097399999999995,0.103466,CYP,CHN,8431
2953176,59,43,1355,2017.0,7548.0,6582910.0,1.8494680000000001,0.150088,CZE,CHN,8431
2953177,61,43,1355,2017.0,1958448.0,391324832.0,2.164026,-2.458307,DEU,CHN,8431
2953178,62,43,1355,2017.0,0.0,10056341.0,-0.136228,-0.49436,DJI,CHN,8431
2953179,63,43,1355,2017.0,0.0,7537.0,0.12233499999999999,-0.11800799999999999,DMA,CHN,8431
2953180,64,43,1355,2017.0,68230.0,91770472.0,1.143276,1.242437,DNK,CHN,8431
2953181,65,43,1355,2017.0,2287.0,2281568.0,-0.314875,0.125244,DOM,CHN,8431
2953182,66,43,1355,2017.0,0.0,18083662.0,-0.918984,-1.177867,DZA,CHN,8431
2953183,67,43,1355,2017.0,0.0,2067007.0,-1.109413,-1.1561270000000001,ECU,CHN,8431
2953184,68,43,1355,2017.0,155666.0,13764043.0,-0.09792100000000001,1.9664270000000001,EGY,CHN,8431
2953185,71,43,1355,2017.0,24945860.0,223917184.0,0.7720279999999999,2.434042,ESP,CHN,8431
2953186,72,43,1355,2017.0,5614.0,1805748.0,1.004481,1.311075,EST,CHN,8431
2953187,73,43,1355,2017.0,0.0,59664764.0,-0.874714,-0.58418,ETH,CHN,8431
2953188,74,43,1355,2017.0,25629.0,8586894.0,1.6562990000000002,0.94619,FIN,CHN,8431
2953189,75,43,1355,2017.0,0.0,395884.0,-0.500896,-0.169256,FJI,CHN,8431
2953190,77,43,1355,2017.0,12277939.0,267298176.0,1.3874030000000002,0.8887719999999999,FRA,CHN,8431
2953191,78,43,1355,2017.0,0.0,2741.0,-1.0046549999999999,-1.015204,FRO,CHN,8431
2953192,80,43,1355,2017.0,0.0,850705.0,-1.352989,-1.230953,GAB,CHN,8431
2953193,81,43,1355,2017.0,2433238.0,360062944.0,1.499843,1.120201,GBR,CHN,8431
2953194,82,43,1355,2017.0,4360866.0,3501258.0,-0.252287,-0.172336,GEO,CHN,8431
2953195,83,43,1355,2017.0,0.0,22862902.0,-0.910444,-0.906315,GHA,CHN,8431
2953196,84,43,1355,2017.0,0.0,4791.0,0.48612,-0.738929,GIB,CHN,8431
2953197,85,43,1355,2017.0,0.0,10203217.0,-1.694853,-1.30845,GIN,CHN,8431
2953198,87,43,1355,2017.0,0.0,1151784.0,-1.084847,-0.9798549999999999,GMB,CHN,8431
2953199,88,43,1355,2017.0,0.0,17967.0,-2.5138580000000004,-1.0280280000000002,GNB,CHN,8431
2953200,89,43,1355,2017.0,0.0,94321.0,-1.827655,-0.960685,GNQ,CHN,8431
2953201,90,43,1355,2017.0,29391.0,17083860.0,0.10646300000000002,1.0936290000000002,GRC,CHN,8431
2953202,91,43,1355,2017.0,0.0,227905.0,0.47027399999999997,-0.272036,GRD,CHN,8431
2953203,92,43,1355,2017.0,0.0,12548.0,-1.09962,-1.013198,GRL,CHN,8431
2953204,93,43,1355,2017.0,90899.0,4887856.0,-0.40755399999999997,0.63358,GTM,CHN,8431
2953205,96,43,1355,2017.0,0.0,2446974.0,-0.647247,-0.770389,GUY,CHN,8431
2953206,97,43,1355,2017.0,1169300.0,747528000.0,0.877065,1.1615520000000001,HKG,CHN,8431
2953207,99,43,1355,2017.0,2054.0,527075.0,-0.44761999999999996,-0.20167100000000002,HND,CHN,8431
2953208,100,43,1355,2017.0,69481.0,1939221.0,0.8933700000000001,1.4400469999999999,HRV,CHN,8431
2953209,101,43,1355,2017.0,0.0,775011.0,-0.793367,-0.8960459999999999,HTI,CHN,8431
2953210,102,43,1355,2017.0,3256274.0,60749808.0,1.6949029999999998,0.723915,HUN,CHN,8431
2953211,103,43,1355,2017.0,9846866.0,18166964.0,-0.072977,1.376847,IDN,CHN,8431
2953212,104,43,1355,2017.0,811672.0,96399008.0,0.262126,2.8212040000000003,IND,CHN,8431
2953213,106,43,1355,2017.0,16021.0,7591508.0,1.444823,0.158356,IRL,CHN,8431
2953214,107,43,1355,2017.0,0.0,25618930.0,-0.305601,-0.42131899999999994,IRN,CHN,8431
2953215,108,43,1355,2017.0,0.0,44152656.0,-1.135867,-0.9570700000000001,IRQ,CHN,8431
2953216,109,43,1355,2017.0,0.0,415162.0,0.279223,-0.34883600000000003,ISL,CHN,8431
2953217,110,43,1355,2017.0,0.0,58206616.0,1.158779,0.8909020000000001,ISR,CHN,8431
2953218,111,43,1355,2017.0,41810924.0,126207320.0,1.4374559999999998,0.21079699999999998,ITA,CHN,8431
2953219,112,43,1355,2017.0,0.0,1242472.0,-0.362252,-0.756476,JAM,CHN,8431
2953220,113,43,1355,2017.0,0.0,15735734.0,0.079237,0.182893,JOR,CHN,8431
2953221,114,43,1355,2017.0,3029516.0,839692352.0,2.4440779999999998,-0.46107700000000007,JPN,CHN,8431
2953222,115,43,1355,2017.0,0.0,41746224.0,-0.47984399999999994,-0.40618699999999996,KAZ,CHN,8431
2953223,116,43,1355,2017.0,0.0,35581260.0,-0.549171,0.39358899999999997,KEN,CHN,8431
2953224,117,43,1355,2017.0,0.0,104542656.0,0.056509000000000004,0.363176,KGZ,CHN,8431
2953225,118,43,1355,2017.0,1912375.0,4482013.0,-0.654185,-0.655463,KHM,CHN,8431
2953226,120,43,1355,2017.0,0.0,1408.0,1.1828530000000002,-0.12344300000000001,KNA,CHN,8431
2953227,121,43,1355,2017.0,19406428.0,416259904.0,2.1277470000000003,0.8218719999999999,KOR,CHN,8431
2953228,122,43,1355,2017.0,0.0,24123646.0,-0.264903,-1.112018,KWT,CHN,8431
2953229,123,43,1355,2017.0,0.0,106349.0,-0.733135,-0.482756,LAO,CHN,8431
2953230,124,43,1355,2017.0,0.0,30164210.0,0.437192,1.027289,LBN,CHN,8431
2953231,125,43,1355,2017.0,0.0,2670289.0,-0.576946,-1.002322,LBR,CHN,8431
2953232,126,43,1355,2017.0,0.0,5477646.0,-1.067632,-1.21154,LBY,CHN,8431
2953233,127,43,1355,2017.0,0.0,13480.0,0.543844,0.006412,LCA,CHN,8431
2953234,128,43,1355,2017.0,776577.0,10117716.0,-0.506691,0.43309200000000003,LKA,CHN,8431
2953235,130,43,1355,2017.0,591299.0,1687626.0,0.770556,1.555233,LTU,CHN,8431
2953236,131,43,1355,2017.0,6100.0,1756777.0,1.1461629999999998,1.434994,LUX,CHN,8431
2953237,132,43,1355,2017.0,46800.0,1510864.0,0.644285,1.4304290000000002,LVA,CHN,8431
2953238,133,43,1355,2017.0,5186.0,39722376.0,0.33025,-0.008723999999999999,MAC,CHN,8431
2953239,134,43,1355,2017.0,10643849.0,5163462.0,-0.593987,-0.093414,MAR,CHN,8431
2953240,135,43,1355,2017.0,1959598.0,166381.0,-0.135731,-0.008816,MDA,CHN,8431
2953241,136,43,1355,2017.0,715540.0,9071977.0,-1.098631,-0.8503069999999999,MDG,CHN,8431
2953242,137,43,1355,2017.0,0.0,1813530.0,-0.739309,-0.951202,MDV,CHN,8431
2953243,138,43,1355,2017.0,25992.0,36373364.0,1.348763,0.6145010000000001,MEX,CHN,8431
2953244,140,43,1355,2017.0,272283.0,415084.0,-0.12182799999999999,-0.333793,MKD,CHN,8431
2953245,141,43,1355,2017.0,0.0,3159.0,-0.49141,-0.595619,MLI,CHN,8431
2953246,142,43,1355,2017.0,6800.0,2560666.0,0.9943420000000001,0.181922,MLT,CHN,8431
2953247,143,43,1355,2017.0,6249642.0,1668390.0,-0.9113129999999999,-0.21514,MMR,CHN,8431
2953248,144,43,1355,2017.0,0.0,612142.0,0.132462,-0.071601,MNE,CHN,8431
2953249,145,43,1355,2017.0,90855.0,861975.0,-1.110506,-1.179734,MNG,CHN,8431
2953250,147,43,1355,2017.0,0.0,5604422.0,-1.3967319999999999,-1.1603290000000002,MOZ,CHN,8431
2953251,148,43,1355,2017.0,0.0,2635881.0,-1.516459,-1.362156,MRT,CHN,8431
2953252,151,43,1355,2017.0,0.0,4200667.0,-0.166097,-0.050332,MUS,CHN,8431
2953253,152,43,1355,2017.0,0.0,2655142.0,-0.838501,-0.938642,MWI,CHN,8431
2953254,153,43,1355,2017.0,156265.0,125452784.0,1.022117,0.6711739999999999,MYS,CHN,8431
2953255,155,43,1355,2017.0,0.0,380124.0,-0.501017,-0.716238,NAM,CHN,8431
2953256,156,43,1355,2017.0,0.0,50995.0,-0.346671,-0.871627,NCL,CHN,8431
2953257,157,43,1355,2017.0,0.0,7778.0,-0.904508,-0.9522940000000001,NER,CHN,8431
2953258,159,43,1355,2017.0,0.0,255266560.0,-1.784814,-1.310281,NGA,CHN,8431
2953259,160,43,1355,2017.0,1002.0,434742.0,-0.974065,-0.791551,NIC,CHN,8431
2953260,162,43,1355,2017.0,191782.0,203586112.0,1.090805,1.452409,NLD,CHN,8431
2953261,163,43,1355,2017.0,4833.0,14538348.0,0.393228,0.049788,NOR,CHN,8431
2953262,164,43,1355,2017.0,6852.0,53515628.0,-0.076879,0.530485,NPL,CHN,8431
2953263,166,43,1355,2017.0,9182.0,28257384.0,0.154926,0.10981500000000001,NZL,CHN,8431
2953264,167,43,1355,2017.0,0.0,3586204.0,-0.44851199999999997,-0.9820049999999999,OMN,CHN,8431
2953265,168,43,1355,2017.0,501055.0,8425297.0,-0.737436,0.345773,PAK,CHN,8431
2953266,169,43,1355,2017.0,0.0,24915170.0,0.638093,1.01027,PAN,CHN,8431
2953267,173,43,1355,2017.0,11742.0,18462948.0,-0.8214469999999999,-0.333306,PER,CHN,8431
2953268,174,43,1355,2017.0,351836.0,169832144.0,0.717074,0.224219,PHL,CHN,8431
2953269,176,43,1355,2017.0,0.0,168571.0,-1.600301,-1.287207,PNG,CHN,8431
2953270,177,43,1355,2017.0,1129874.0,97770128.0,1.212941,0.917751,POL,CHN,8431
2953271,178,43,1355,2017.0,67033636.0,3305014.0,-0.317963,0.00428,PRK,CHN,8431
2953272,179,43,1355,2017.0,2553228.0,6678458.0,0.692908,2.05977,PRT,CHN,8431
2953273,180,43,1355,2017.0,0.0,655044.0,-0.604205,-0.956699,PRY,CHN,8431
2953274,181,43,1355,2017.0,0.0,1210650.0,0.22982199999999997,0.768037,PSE,CHN,8431
2953275,182,43,1355,2017.0,0.0,12345.0,-0.25095500000000004,-0.8336620000000001,PYF,CHN,8431
2953276,183,43,1355,2017.0,0.0,3148757.0,-0.42615600000000003,-1.0956489999999999,QAT,CHN,8431
2953277,185,43,1355,2017.0,14598472.0,2735692.0,1.145161,1.095192,ROU,CHN,8431
2953278,186,43,1355,2017.0,34644.0,245955200.0,0.07402,0.248236,RUS,CHN,8431
2953279,187,43,1355,2017.0,0.0,248352.0,-0.731128,-0.64418,RWA,CHN,8431
2953280,188,43,1355,2017.0,0.0,252344032.0,0.508031,-0.42373500000000003,SAU,CHN,8431
2953281,190,43,1355,2017.0,0.0,7308348.0,-1.488393,-1.236046,SDN,CHN,8431
2953282,191,43,1355,2017.0,0.0,11191147.0,-0.604504,-0.228411,SEN,CHN,8431
2953283,192,43,1355,2017.0,260300.0,85952080.0,1.8943720000000002,0.449316,SGP,CHN,8431
2953284,195,43,1355,2017.0,0.0,117838.0,-1.09489,-0.958513,SLB,CHN,8431
2953285,196,43,1355,2017.0,0.0,420080.0,-0.5391520000000001,-0.570954,SLE,CHN,8431
2953286,197,43,1355,2017.0,0.0,314349.0,0.11754,0.363982,SLV,CHN,8431
2953287,199,43,1355,2017.0,0.0,577786.0,-1.497791,-1.154636,SOM,CHN,8431
2953288,201,43,1355,2017.0,742768.0,2157320.0,0.59312,1.535527,SRB,CHN,8431
2953289,205,43,1355,2017.0,0.0,1862878.0,-0.426954,-1.022706,SUR,CHN,8431
2953290,206,43,1355,2017.0,1640309.0,3392966.0,1.484316,0.811826,SVK,CHN,8431
2953291,207,43,1355,2017.0,222889.0,7402584.0,1.597178,0.753722,SVN,CHN,8431
2953292,208,43,1355,2017.0,499404.0,50995544.0,1.695113,0.6885060000000001,SWE,CHN,8431
2953293,209,43,1355,2017.0,0.0,21699.0,-0.0795,-0.5055270000000001,SWZ,CHN,8431
2953294,211,43,1355,2017.0,0.0,2965.0,-0.116998,-0.7398779999999999,SYC,CHN,8431
2953295,212,43,1355,2017.0,0.0,3183900.0,-0.65347,0.085392,SYR,CHN,8431
2953296,214,43,1355,2017.0,0.0,519818.0,-2.665337,-1.096819,TCD,CHN,8431
2953297,215,43,1355,2017.0,0.0,22065914.0,-0.884833,-0.7139220000000001,TGO,CHN,8431
2953298,216,43,1355,2017.0,2185021.0,43145744.0,1.15791,1.282718,THA,CHN,8431
2953299,217,43,1355,2017.0,0.0,6376861.0,-0.8504879999999999,-1.074594,TJK,CHN,8431
2953300,219,43,1355,2017.0,0.0,40296.0,-1.358487,-1.29703,TKM,CHN,8431
2953301,220,43,1355,2017.0,0.0,146450.0,-0.44857299999999994,-0.76841,TLS,CHN,8431
2953302,222,43,1355,2017.0,0.0,192821.0,-0.15041300000000002,-1.029801,TTO,CHN,8431
2953303,223,43,1355,2017.0,1013120.0,600526.0,0.31342600000000004,1.071153,TUN,CHN,8431
2953304,224,43,1355,2017.0,942222.0,24907464.0,0.601079,2.126314,TUR,CHN,8431
2953305,225,43,1355,2017.0,0.0,3604.0,1.4229450000000001,-0.366439,TUV,CHN,8431
2953306,226,43,1355,2017.0,0.0,13023064.0,-0.968485,0.137755,TZA,CHN,8431
2953307,227,43,1355,2017.0,0.0,354882.0,-0.593232,0.247873,UGA,CHN,8431
2953308,228,43,1355,2017.0,436038.0,3022958.0,0.34780900000000003,1.076817,UKR,CHN,8431
2953309,230,43,1355,2017.0,0.0,10622787.0,0.09085900000000001,-0.246694,URY,CHN,8431
2953310,231,43,1355,2017.0,1115572.0,504966048.0,1.536355,0.23775100000000002,USA,CHN,8431
2953311,232,43,1355,2017.0,0.0,487701.0,-0.386302,-0.35475999999999996,UZB,CHN,8431
2953312,234,43,1355,2017.0,0.0,6643.0,0.070659,-0.485245,VCT,CHN,8431
2953313,236,43,1355,2017.0,0.0,665273.0,-1.191942,-1.245689,VEN,CHN,8431
2953314,239,43,1355,2017.0,45253300.0,478188288.0,-0.006548999999999999,0.7030420000000001,VNM,CHN,8431
2953315,240,43,1355,2017.0,0.0,85905.0,-1.161139,-1.018749,VUT,CHN,8431
2953316,242,43,1355,2017.0,0.0,19687.0,0.300202,0.111024,WSM,CHN,8431
2953317,243,43,1355,2017.0,0.0,9374486.0,-1.1364370000000001,-1.167681,YEM,CHN,8431
2953318,246,43,1355,2017.0,6889.0,42133464.0,-0.048668,1.283483,ZAF,CHN,8431
2953319,247,43,1355,2017.0,0.0,175355.0,-0.763066,-0.9292530000000001,ZMB,CHN,8431
2953320,248,43,1355,2017.0,0.0,428887.0,-1.101034,-1.107705,ZWE,CHN,8431
2953321,249,43,1355,2017.0,223650.0,90686320.0,2.003822,1.215216,TWN,CHN,8431
2953322,250,43,1355,2017.0,14317.0,0.0,0.472054,-0.363374,ANS,CHN,8431
2953323,0,49,1355,2017.0,0.0,11021.0,0.8469200000000001,0.12138299999999999,ABW,COL,8431
2953324,7,49,1355,2017.0,0.0,9726.0,0.222875,-0.204271,ARE,COL,8431
2953325,8,49,1355,2017.0,2954.0,27793.0,-0.268441,0.337024,ARG,COL,8431
2953326,15,49,1355,2017.0,0.0,1316.0,1.722766,-0.077938,AUT,COL,8431
2953327,22,49,1355,2017.0,225764.0,0.0,-1.007846,-1.112069,BGD,COL,8431
2953328,23,49,1355,2017.0,26612.0,0.0,0.563342,1.744989,BGR,COL,8431
2953329,31,49,1355,2017.0,0.0,29734.0,-1.032957,-0.9679840000000001,BOL,COL,8431
2953330,32,49,1355,2017.0,4799.0,6975.0,0.103119,0.808438,BRA,COL,8431
2953331,39,49,1355,2017.0,0.0,51256.0,0.661032,1.331443,CAN,COL,8431
2953332,41,49,1355,2017.0,0.0,61260.0,2.2443459999999997,0.836363,CHE,COL,8431
2953333,42,49,1355,2017.0,7712.0,77419.0,-0.282983,-0.33351,CHL,COL,8431
2953334,43,49,1355,2017.0,23591934.0,22875.0,1.2888030000000001,0.9250700000000001,CHN,COL,8431
2953335,52,49,1355,2017.0,0.0,112188.0,0.288798,0.212928,CRI,COL,8431
2953336,55,49,1355,2017.0,0.0,21748.0,-0.146136,-0.780933,CUW,COL,8431
2953337,61,49,1355,2017.0,16373.0,67222.0,2.164026,-2.458307,DEU,COL,8431
2953338,64,49,1355,2017.0,4779.0,0.0,1.143276,1.242437,DNK,COL,8431
2953339,65,49,1355,2017.0,3721.0,10872.0,-0.314875,0.125244,DOM,COL,8431
2953340,67,49,1355,2017.0,1286.0,326887.0,-1.109413,-1.1561270000000001,ECU,COL,8431
2953341,68,49,1355,2017.0,1325.0,0.0,-0.09792100000000001,1.9664270000000001,EGY,COL,8431
2953342,71,49,1355,2017.0,2971808.0,18867.0,0.7720279999999999,2.434042,ESP,COL,8431
2953343,77,49,1355,2017.0,40593.0,175985.0,1.3874030000000002,0.8887719999999999,FRA,COL,8431
2953344,81,49,1355,2017.0,1843.0,312488.0,1.499843,1.120201,GBR,COL,8431
2953345,93,49,1355,2017.0,0.0,41075.0,-0.40755399999999997,0.63358,GTM,COL,8431
2953346,97,49,1355,2017.0,93557.0,9777.0,0.877065,1.1615520000000001,HKG,COL,8431
2953347,99,49,1355,2017.0,6702.0,9400.0,-0.44761999999999996,-0.20167100000000002,HND,COL,8431
2953348,102,49,1355,2017.0,1551.0,0.0,1.6949029999999998,0.723915,HUN,COL,8431
2953349,103,49,1355,2017.0,56616.0,0.0,-0.072977,1.376847,IDN,COL,8431
2953350,104,49,1355,2017.0,419927.0,0.0,0.262126,2.8212040000000003,IND,COL,8431
2953351,106,49,1355,2017.0,0.0,16143.0,1.444823,0.158356,IRL,COL,8431
2953352,111,49,1355,2017.0,78046.0,0.0,1.4374559999999998,0.21079699999999998,ITA,COL,8431
2953353,112,49,1355,2017.0,0.0,18023.0,-0.362252,-0.756476,JAM,COL,8431
2953354,114,49,1355,2017.0,0.0,11936.0,2.4440779999999998,-0.46107700000000007,JPN,COL,8431
2953355,118,49,1355,2017.0,103259.0,0.0,-0.654185,-0.655463,KHM,COL,8431
2953356,121,49,1355,2017.0,0.0,5547.0,2.1277470000000003,0.8218719999999999,KOR,COL,8431
2953357,122,49,1355,2017.0,0.0,5764.0,-0.264903,-1.112018,KWT,COL,8431
2953358,124,49,1355,2017.0,0.0,2268.0,0.437192,1.027289,LBN,COL,8431
2953359,128,49,1355,2017.0,21224.0,0.0,-0.506691,0.43309200000000003,LKA,COL,8431
2953360,134,49,1355,2017.0,1184477.0,0.0,-0.593987,-0.093414,MAR,COL,8431
2953361,138,49,1355,2017.0,308152.0,97540.0,1.348763,0.6145010000000001,MEX,COL,8431
2953362,143,49,1355,2017.0,113024.0,0.0,-0.9113129999999999,-0.21514,MMR,COL,8431
2953363,162,49,1355,2017.0,0.0,1100.0,1.090805,1.452409,NLD,COL,8431
2953364,163,49,1355,2017.0,0.0,2551.0,0.393228,0.049788,NOR,COL,8431
2953365,168,49,1355,2017.0,39948.0,0.0,-0.737436,0.345773,PAK,COL,8431
2953366,169,49,1355,2017.0,343341.0,89359.0,0.638093,1.01027,PAN,COL,8431
2953367,173,49,1355,2017.0,25651.0,137938.0,-0.8214469999999999,-0.333306,PER,COL,8431
2953368,174,49,1355,2017.0,3319.0,0.0,0.717074,0.224219,PHL,COL,8431
2953369,177,49,1355,2017.0,1971.0,1236.0,1.212941,0.917751,POL,COL,8431
2953370,179,49,1355,2017.0,139397.0,0.0,0.692908,2.05977,PRT,COL,8431
2953371,180,49,1355,2017.0,0.0,2542.0,-0.604205,-0.956699,PRY,COL,8431
2953372,181,49,1355,2017.0,0.0,1405.0,0.22982199999999997,0.768037,PSE,COL,8431
2953373,183,49,1355,2017.0,0.0,6142.0,-0.42615600000000003,-1.0956489999999999,QAT,COL,8431
2953374,185,49,1355,2017.0,114898.0,0.0,1.145161,1.095192,ROU,COL,8431
2953375,197,49,1355,2017.0,0.0,19547.0,0.11754,0.363982,SLV,COL,8431
2953376,216,49,1355,2017.0,9580.0,0.0,1.15791,1.282718,THA,COL,8431
2953377,223,49,1355,2017.0,1130.0,0.0,0.31342600000000004,1.071153,TUN,COL,8431
2953378,224,49,1355,2017.0,24826.0,0.0,0.601079,2.126314,TUR,COL,8431
2953379,230,49,1355,2017.0,0.0,3699.0,0.09085900000000001,-0.246694,URY,COL,8431
2953380,231,49,1355,2017.0,162952.0,340025.0,1.536355,0.23775100000000002,USA,COL,8431
2953381,236,49,1355,2017.0,0.0,27649.0,-1.191942,-1.245689,VEN,COL,8431
2953382,239,49,1355,2017.0,938562.0,0.0,-0.006548999999999999,0.7030420000000001,VNM,COL,8431
2953383,250,49,1355,2017.0,4928.0,1273.0,0.472054,-0.363374,ANS,COL,8431
2953384,22,52,1355,2017.0,46512.0,0.0,-1.007846,-1.112069,BGD,CRI,8431
2953385,32,52,1355,2017.0,4574.0,0.0,0.103119,0.808438,BRA,CRI,8431
2953386,39,52,1355,2017.0,0.0,102784.0,0.661032,1.331443,CAN,CRI,8431
2953387,43,52,1355,2017.0,862051.0,0.0,1.2888030000000001,0.9250700000000001,CHN,CRI,8431
2953388,49,52,1355,2017.0,112188.0,0.0,-0.039238999999999996,-0.246914,COL,CRI,8431
2953389,61,52,1355,2017.0,2030.0,0.0,2.164026,-2.458307,DEU,CRI,8431
2953390,64,52,1355,2017.0,1564.0,0.0,1.143276,1.242437,DNK,CRI,8431
2953391,65,52,1355,2017.0,2779.0,0.0,-0.314875,0.125244,DOM,CRI,8431
2953392,67,52,1355,2017.0,4684.0,0.0,-1.109413,-1.1561270000000001,ECU,CRI,8431
2953393,71,52,1355,2017.0,292444.0,5301.0,0.7720279999999999,2.434042,ESP,CRI,8431
2953394,77,52,1355,2017.0,1906.0,0.0,1.3874030000000002,0.8887719999999999,FRA,CRI,8431
2953395,93,52,1355,2017.0,36594.0,20751.0,-0.40755399999999997,0.63358,GTM,CRI,8431
2953396,99,52,1355,2017.0,3137.0,0.0,-0.44761999999999996,-0.20167100000000002,HND,CRI,8431
2953397,102,52,1355,2017.0,1254.0,0.0,1.6949029999999998,0.723915,HUN,CRI,8431
2953398,103,52,1355,2017.0,22811.0,0.0,-0.072977,1.376847,IDN,CRI,8431
2953399,104,52,1355,2017.0,11163.0,0.0,0.262126,2.8212040000000003,IND,CRI,8431
2953400,106,52,1355,2017.0,5297.0,0.0,1.444823,0.158356,IRL,CRI,8431
2953401,111,52,1355,2017.0,10059.0,0.0,1.4374559999999998,0.21079699999999998,ITA,CRI,8431
2953402,113,52,1355,2017.0,3347.0,0.0,0.079237,0.182893,JOR,CRI,8431
2953403,118,52,1355,2017.0,20578.0,0.0,-0.654185,-0.655463,KHM,CRI,8431
2953404,122,52,1355,2017.0,0.0,1142.0,-0.264903,-1.112018,KWT,CRI,8431
2953405,128,52,1355,2017.0,1613.0,0.0,-0.506691,0.43309200000000003,LKA,CRI,8431
2953406,134,52,1355,2017.0,91315.0,0.0,-0.593987,-0.093414,MAR,CRI,8431
2953407,138,52,1355,2017.0,40166.0,0.0,1.348763,0.6145010000000001,MEX,CRI,8431
2953408,143,52,1355,2017.0,27049.0,0.0,-0.9113129999999999,-0.21514,MMR,CRI,8431
2953409,162,52,1355,2017.0,4214.0,0.0,1.090805,1.452409,NLD,CRI,8431
2953410,168,52,1355,2017.0,7710.0,0.0,-0.737436,0.345773,PAK,CRI,8431
2953411,169,52,1355,2017.0,205469.0,337693.0,0.638093,1.01027,PAN,CRI,8431
2953412,173,52,1355,2017.0,60367.0,0.0,-0.8214469999999999,-0.333306,PER,CRI,8431
2953413,179,52,1355,2017.0,30404.0,0.0,0.692908,2.05977,PRT,CRI,8431
2953414,185,52,1355,2017.0,6958.0,0.0,1.145161,1.095192,ROU,CRI,8431
2953415,197,52,1355,2017.0,45757.0,0.0,0.11754,0.363982,SLV,CRI,8431
2953416,208,52,1355,2017.0,1037.0,0.0,1.695113,0.6885060000000001,SWE,CRI,8431
2953417,224,52,1355,2017.0,11136.0,0.0,0.601079,2.126314,TUR,CRI,8431
2953418,230,52,1355,2017.0,4947.0,0.0,0.09085900000000001,-0.246694,URY,CRI,8431
2953419,231,52,1355,2017.0,329293.0,1340349.0,1.536355,0.23775100000000002,USA,CRI,8431
2953420,239,52,1355,2017.0,215732.0,0.0,-0.006548999999999999,0.7030420000000001,VNM,CRI,8431
2953421,249,52,1355,2017.0,1221.0,1259.0,2.003822,1.215216,TWN,CRI,8431
2953422,0,55,1355,2017.0,0.0,16360.0,0.8469200000000001,0.12138299999999999,ABW,CUW,8431
2953423,43,55,1355,2017.0,159191.0,0.0,1.2888030000000001,0.9250700000000001,CHN,CUW,8431
2953424,49,55,1355,2017.0,21748.0,0.0,-0.039238999999999996,-0.246914,COL,CUW,8431
2953425,61,55,1355,2017.0,7918.0,0.0,2.164026,-2.458307,DEU,CUW,8431
2953426,91,55,1355,2017.0,0.0,5233.0,0.47027399999999997,-0.272036,GRD,CUW,8431
2953427,104,55,1355,2017.0,144932.0,0.0,0.262126,2.8212040000000003,IND,CUW,8431
2953428,162,55,1355,2017.0,37164.0,0.0,1.090805,1.452409,NLD,CUW,8431
2953429,169,55,1355,2017.0,69804.0,0.0,0.638093,1.01027,PAN,CUW,8431
2953430,7,58,1355,2017.0,0.0,2947.0,0.222875,-0.204271,ARE,CYP,8431
2953431,14,58,1355,2017.0,1442.0,2314.0,-0.598537,-0.23571,AUS,CYP,8431
2953432,15,58,1355,2017.0,61760.0,67452.0,1.722766,-0.077938,AUT,CYP,8431
2953433,18,58,1355,2017.0,17390.0,0.0,1.2396969999999998,1.1699760000000001,BEL,CYP,8431
2953434,23,58,1355,2017.0,24458.0,12620.0,0.563342,1.744989,BGR,CYP,8431
2953435,28,58,1355,2017.0,3194.0,0.0,0.9188780000000001,0.9998819999999999,BLR,CYP,8431
2953436,41,58,1355,2017.0,4889.0,0.0,2.2443459999999997,0.836363,CHE,CYP,8431
2953437,43,58,1355,2017.0,724314.0,8531.0,1.2888030000000001,0.9250700000000001,CHN,CYP,8431
2953438,59,58,1355,2017.0,0.0,22257.0,1.8494680000000001,0.150088,CZE,CYP,8431
2953439,61,58,1355,2017.0,834616.0,59537.0,2.164026,-2.458307,DEU,CYP,8431
2953440,64,58,1355,2017.0,23898.0,56205.0,1.143276,1.242437,DNK,CYP,8431
2953441,71,58,1355,2017.0,2392137.0,1662.0,0.7720279999999999,2.434042,ESP,CYP,8431
2953442,77,58,1355,2017.0,860665.0,10646.0,1.3874030000000002,0.8887719999999999,FRA,CYP,8431
2953443,81,58,1355,2017.0,1266318.0,520460.0,1.499843,1.120201,GBR,CYP,8431
2953444,90,58,1355,2017.0,1658000.0,200781.0,0.10646300000000002,1.0936290000000002,GRC,CYP,8431
2953445,97,58,1355,2017.0,4328.0,2882.0,0.877065,1.1615520000000001,HKG,CYP,8431
2953446,100,58,1355,2017.0,0.0,3905.0,0.8933700000000001,1.4400469999999999,HRV,CYP,8431
2953447,102,58,1355,2017.0,0.0,519098.0,1.6949029999999998,0.723915,HUN,CYP,8431
2953448,104,58,1355,2017.0,3721.0,0.0,0.262126,2.8212040000000003,IND,CYP,8431
2953449,106,58,1355,2017.0,0.0,4323.0,1.444823,0.158356,IRL,CYP,8431
2953450,110,58,1355,2017.0,4636.0,0.0,1.158779,0.8909020000000001,ISR,CYP,8431
2953451,111,58,1355,2017.0,2075140.0,10242.0,1.4374559999999998,0.21079699999999998,ITA,CYP,8431
2953452,122,58,1355,2017.0,0.0,3950.0,-0.264903,-1.112018,KWT,CYP,8431
2953453,124,58,1355,2017.0,1111.0,2343.0,0.437192,1.027289,LBN,CYP,8431
2953454,131,58,1355,2017.0,0.0,2079.0,1.1461629999999998,1.434994,LUX,CYP,8431
2953455,162,58,1355,2017.0,67833.0,8450.0,1.090805,1.452409,NLD,CYP,8431
2953456,168,58,1355,2017.0,12302.0,0.0,-0.737436,0.345773,PAK,CYP,8431
2953457,177,58,1355,2017.0,4672766.0,6340.0,1.212941,0.917751,POL,CYP,8431
2953458,179,58,1355,2017.0,15731.0,0.0,0.692908,2.05977,PRT,CYP,8431
2953459,185,58,1355,2017.0,12846.0,0.0,1.145161,1.095192,ROU,CYP,8431
2953460,186,58,1355,2017.0,16696.0,15740.0,0.07402,0.248236,RUS,CYP,8431
2953461,206,58,1355,2017.0,47945.0,8684.0,1.484316,0.811826,SVK,CYP,8431
2953462,216,58,1355,2017.0,13296.0,0.0,1.15791,1.282718,THA,CYP,8431
2953463,224,58,1355,2017.0,1210480.0,0.0,0.601079,2.126314,TUR,CYP,8431
2953464,231,58,1355,2017.0,5334.0,42775.0,1.536355,0.23775100000000002,USA,CYP,8431
2953465,239,58,1355,2017.0,0.0,2578.0,-0.006548999999999999,0.7030420000000001,VNM,CYP,8431
2953466,249,58,1355,2017.0,0.0,1327.0,2.003822,1.215216,TWN,CYP,8431
2953467,2,61,1355,2017.0,0.0,1211.0,-1.580759,-1.2589270000000001,AGO,DEU,8431
2953468,4,61,1355,2017.0,1097811.0,105258.0,-0.351054,-0.193147,ALB,DEU,8431
2953469,5,61,1355,2017.0,3687.0,111697.0,1.101312,0.593242,AND,DEU,8431
2953470,7,61,1355,2017.0,44182.0,839725.0,0.222875,-0.204271,ARE,DEU,8431
2953471,8,61,1355,2017.0,0.0,5307.0,-0.268441,0.337024,ARG,DEU,8431
2953472,9,61,1355,2017.0,590681.0,177830.0,-0.422667,-0.824041,ARM,DEU,8431
2953473,14,61,1355,2017.0,44981.0,2849730.0,-0.598537,-0.23571,AUS,DEU,8431
2953474,15,61,1355,2017.0,39195896.0,87235848.0,1.722766,-0.077938,AUT,DEU,8431
2953475,16,61,1355,2017.0,3896.0,275667.0,-1.665069,-1.37471,AZE,DEU,8431
2953476,18,61,1355,2017.0,3379231.0,24674730.0,1.2396969999999998,1.1699760000000001,BEL,DEU,8431
2953477,22,61,1355,2017.0,27228856.0,0.0,-1.007846,-1.112069,BGD,DEU,8431
2953478,23,61,1355,2017.0,29623098.0,1589159.0,0.563342,1.744989,BGR,DEU,8431
2953479,24,61,1355,2017.0,0.0,33488.0,0.160574,-0.708064,BHR,DEU,8431
2953480,26,61,1355,2017.0,5326408.0,797167.0,0.584825,0.9219,BIH,DEU,8431
2953481,28,61,1355,2017.0,1599193.0,325940.0,0.9188780000000001,0.9998819999999999,BLR,DEU,8431
2953482,30,61,1355,2017.0,0.0,4750.0,1.16947,-0.302517,BMU,DEU,8431
2953483,31,61,1355,2017.0,2711.0,0.0,-1.032957,-0.9679840000000001,BOL,DEU,8431
2953484,32,61,1355,2017.0,9772.0,102445.0,0.103119,0.808438,BRA,DEU,8431
2953485,34,61,1355,2017.0,2619.0,6810.0,0.13716,-0.783787,BRN,DEU,8431
2953486,39,61,1355,2017.0,701894.0,3276590.0,0.661032,1.331443,CAN,DEU,8431
2953487,41,61,1355,2017.0,25495180.0,128065176.0,2.2443459999999997,0.836363,CHE,DEU,8431
2953488,42,61,1355,2017.0,0.0,131406.0,-0.282983,-0.33351,CHL,DEU,8431
2953489,43,61,1355,2017.0,391324832.0,1958448.0,1.2888030000000001,0.9250700000000001,CHN,DEU,8431
2953490,49,61,1355,2017.0,67222.0,16373.0,-0.039238999999999996,-0.246914,COL,DEU,8431
2953491,52,61,1355,2017.0,0.0,2030.0,0.288798,0.212928,CRI,DEU,8431
2953492,55,61,1355,2017.0,0.0,7918.0,-0.146136,-0.780933,CUW,DEU,8431
2953493,58,61,1355,2017.0,59537.0,834616.0,0.35097399999999995,0.103466,CYP,DEU,8431
2953494,59,61,1355,2017.0,17059264.0,11203525.0,1.8494680000000001,0.150088,CZE,DEU,8431
2953495,64,61,1355,2017.0,41118744.0,8209472.0,1.143276,1.242437,DNK,DEU,8431
2953496,65,61,1355,2017.0,0.0,7589.0,-0.314875,0.125244,DOM,DEU,8431
2953497,66,61,1355,2017.0,0.0,19801.0,-0.918984,-1.177867,DZA,DEU,8431
2953498,67,61,1355,2017.0,3371.0,1496.0,-1.109413,-1.1561270000000001,ECU,DEU,8431
2953499,68,61,1355,2017.0,43234.0,370432.0,-0.09792100000000001,1.9664270000000001,EGY,DEU,8431
2953500,71,61,1355,2017.0,66982156.0,20321708.0,0.7720279999999999,2.434042,ESP,DEU,8431
2953501,72,61,1355,2017.0,517695.0,1302539.0,1.004481,1.311075,EST,DEU,8431
2953502,73,61,1355,2017.0,28087.0,0.0,-0.874714,-0.58418,ETH,DEU,8431
2953503,74,61,1355,2017.0,349893.0,6115329.0,1.6562990000000002,0.94619,FIN,DEU,8431
2953504,75,61,1355,2017.0,0.0,1105.0,-0.500896,-0.169256,FJI,DEU,8431
2953505,77,61,1355,2017.0,52545612.0,58173288.0,1.3874030000000002,0.8887719999999999,FRA,DEU,8431
2953506,78,61,1355,2017.0,0.0,35751.0,-1.0046549999999999,-1.015204,FRO,DEU,8431
2953507,80,61,1355,2017.0,0.0,6921.0,-1.352989,-1.230953,GAB,DEU,8431
2953508,81,61,1355,2017.0,75689424.0,36165616.0,1.499843,1.120201,GBR,DEU,8431
2953509,82,61,1355,2017.0,1169103.0,208816.0,-0.252287,-0.172336,GEO,DEU,8431
2953510,83,61,1355,2017.0,0.0,1446.0,-0.910444,-0.906315,GHA,DEU,8431
2953511,84,61,1355,2017.0,0.0,22286.0,0.48612,-0.738929,GIB,DEU,8431
2953512,90,61,1355,2017.0,1247181.0,2417075.0,0.10646300000000002,1.0936290000000002,GRC,DEU,8431
2953513,92,61,1355,2017.0,0.0,4178.0,-1.09962,-1.013198,GRL,DEU,8431
2953514,93,61,1355,2017.0,74288.0,13450.0,-0.40755399999999997,0.63358,GTM,DEU,8431
2953515,97,61,1355,2017.0,1892504.0,5108230.0,0.877065,1.1615520000000001,HKG,DEU,8431
2953516,99,61,1355,2017.0,3492.0,0.0,-0.44761999999999996,-0.20167100000000002,HND,DEU,8431
2953517,100,61,1355,2017.0,5258334.0,2680799.0,0.8933700000000001,1.4400469999999999,HRV,DEU,8431
2953518,102,61,1355,2017.0,4459566.0,3869764.0,1.6949029999999998,0.723915,HUN,DEU,8431
2953519,103,61,1355,2017.0,4662343.0,18312.0,-0.072977,1.376847,IDN,DEU,8431
2953520,104,61,1355,2017.0,4617076.0,29115.0,0.262126,2.8212040000000003,IND,DEU,8431
2953521,106,61,1355,2017.0,386470.0,3380203.0,1.444823,0.158356,IRL,DEU,8431
2953522,107,61,1355,2017.0,3380.0,36439.0,-0.305601,-0.42131899999999994,IRN,DEU,8431
2953523,108,61,1355,2017.0,0.0,6785.0,-1.135867,-0.9570700000000001,IRQ,DEU,8431
2953524,109,61,1355,2017.0,76906.0,562205.0,0.279223,-0.34883600000000003,ISL,DEU,8431
2953525,110,61,1355,2017.0,53620.0,434280.0,1.158779,0.8909020000000001,ISR,DEU,8431
2953526,111,61,1355,2017.0,152891952.0,28475228.0,1.4374559999999998,0.21079699999999998,ITA,DEU,8431
2953527,113,61,1355,2017.0,0.0,235055.0,0.079237,0.182893,JOR,DEU,8431
2953528,114,61,1355,2017.0,826671.0,2197938.0,2.4440779999999998,-0.46107700000000007,JPN,DEU,8431
2953529,115,61,1355,2017.0,0.0,1334505.0,-0.47984399999999994,-0.40618699999999996,KAZ,DEU,8431
2953530,116,61,1355,2017.0,3809.0,54642.0,-0.549171,0.39358899999999997,KEN,DEU,8431
2953531,117,61,1355,2017.0,104233.0,37640.0,0.056509000000000004,0.363176,KGZ,DEU,8431
2953532,118,61,1355,2017.0,3449528.0,1054.0,-0.654185,-0.655463,KHM,DEU,8431
2953533,120,61,1355,2017.0,1737.0,0.0,1.1828530000000002,-0.12344300000000001,KNA,DEU,8431
2953534,121,61,1355,2017.0,380942.0,2635899.0,2.1277470000000003,0.8218719999999999,KOR,DEU,8431
2953535,122,61,1355,2017.0,0.0,644063.0,-0.264903,-1.112018,KWT,DEU,8431
2953536,123,61,1355,2017.0,314477.0,0.0,-0.733135,-0.482756,LAO,DEU,8431
2953537,124,61,1355,2017.0,5537.0,986736.0,0.437192,1.027289,LBN,DEU,8431
2953538,128,61,1355,2017.0,2019511.0,2174.0,-0.506691,0.43309200000000003,LKA,DEU,8431
2953539,130,61,1355,2017.0,4560166.0,1807592.0,0.770556,1.555233,LTU,DEU,8431
2953540,131,61,1355,2017.0,149946.0,2853662.0,1.1461629999999998,1.434994,LUX,DEU,8431
2953541,132,61,1355,2017.0,534533.0,1576259.0,0.644285,1.4304290000000002,LVA,DEU,8431
2953542,133,61,1355,2017.0,3852.0,981850.0,0.33025,-0.008723999999999999,MAC,DEU,8431
2953543,134,61,1355,2017.0,25985188.0,31577.0,-0.593987,-0.093414,MAR,DEU,8431
2953544,135,61,1355,2017.0,6063273.0,82585.0,-0.135731,-0.008816,MDA,DEU,8431
2953545,136,61,1355,2017.0,120217.0,0.0,-1.098631,-0.8503069999999999,MDG,DEU,8431
2953546,138,61,1355,2017.0,31596.0,197938.0,1.348763,0.6145010000000001,MEX,DEU,8431
2953547,140,61,1355,2017.0,19070126.0,172863.0,-0.12182799999999999,-0.333793,MKD,DEU,8431
2953548,142,61,1355,2017.0,7588.0,94373.0,0.9943420000000001,0.181922,MLT,DEU,8431
2953549,143,61,1355,2017.0,25083796.0,1452.0,-0.9113129999999999,-0.21514,MMR,DEU,8431
2953550,144,61,1355,2017.0,0.0,88081.0,0.132462,-0.071601,MNE,DEU,8431
2953551,145,61,1355,2017.0,111886.0,329301.0,-1.110506,-1.179734,MNG,DEU,8431
2953552,151,61,1355,2017.0,409383.0,7199.0,-0.166097,-0.050332,MUS,DEU,8431
2953553,153,61,1355,2017.0,355362.0,36937.0,1.022117,0.6711739999999999,MYS,DEU,8431
2953554,159,61,1355,2017.0,2465.0,24249.0,-1.784814,-1.310281,NGA,DEU,8431
2953555,162,61,1355,2017.0,74962528.0,60280800.0,1.090805,1.452409,NLD,DEU,8431
2953556,163,61,1355,2017.0,26923.0,8576729.0,0.393228,0.049788,NOR,DEU,8431
2953557,164,61,1355,2017.0,313532.0,0.0,-0.076879,0.530485,NPL,DEU,8431
2953558,166,61,1355,2017.0,8057.0,155945.0,0.154926,0.10981500000000001,NZL,DEU,8431
2953559,167,61,1355,2017.0,0.0,24141.0,-0.44851199999999997,-0.9820049999999999,OMN,DEU,8431
2953560,168,61,1355,2017.0,3360107.0,0.0,-0.737436,0.345773,PAK,DEU,8431
2953561,169,61,1355,2017.0,0.0,25125.0,0.638093,1.01027,PAN,DEU,8431
2953562,173,61,1355,2017.0,132574.0,23788.0,-0.8214469999999999,-0.333306,PER,DEU,8431
2953563,174,61,1355,2017.0,223566.0,4908.0,0.717074,0.224219,PHL,DEU,8431
2953564,177,61,1355,2017.0,85242424.0,56128020.0,1.212941,0.917751,POL,DEU,8431
2953565,179,61,1355,2017.0,4366697.0,1771795.0,0.692908,2.05977,PRT,DEU,8431
2953566,180,61,1355,2017.0,0.0,6412.0,-0.604205,-0.956699,PRY,DEU,8431
2953567,181,61,1355,2017.0,0.0,10289.0,0.22982199999999997,0.768037,PSE,DEU,8431
2953568,183,61,1355,2017.0,1373.0,353443.0,-0.42615600000000003,-1.0956489999999999,QAT,DEU,8431
2953569,185,61,1355,2017.0,47164016.0,1777843.0,1.145161,1.095192,ROU,DEU,8431
2953570,186,61,1355,2017.0,63487.0,23700166.0,0.07402,0.248236,RUS,DEU,8431
2953571,188,61,1355,2017.0,0.0,636995.0,0.508031,-0.42373500000000003,SAU,DEU,8431
2953572,192,61,1355,2017.0,591855.0,208568.0,1.8943720000000002,0.449316,SGP,DEU,8431
2953573,195,61,1355,2017.0,3175.0,0.0,-1.09489,-0.958513,SLB,DEU,8431
2953574,196,61,1355,2017.0,0.0,1538.0,-0.5391520000000001,-0.570954,SLE,DEU,8431
2953575,197,61,1355,2017.0,7407.0,0.0,0.11754,0.363982,SLV,DEU,8431
2953576,198,61,1355,2017.0,0.0,6378.0,0.9488219999999999,0.6510199999999999,SMR,DEU,8431
2953577,201,61,1355,2017.0,1931906.0,1011178.0,0.59312,1.535527,SRB,DEU,8431
2953578,206,61,1355,2017.0,2514603.0,9596094.0,1.484316,0.811826,SVK,DEU,8431
2953579,207,61,1355,2017.0,2465862.0,4712805.0,1.597178,0.753722,SVN,DEU,8431
2953580,208,61,1355,2017.0,10635651.0,10213210.0,1.695113,0.6885060000000001,SWE,DEU,8431
2953581,212,61,1355,2017.0,9976.0,3133.0,-0.65347,0.085392,SYR,DEU,8431
2953582,216,61,1355,2017.0,793990.0,42854.0,1.15791,1.282718,THA,DEU,8431
2953583,217,61,1355,2017.0,0.0,2909.0,-0.8504879999999999,-1.074594,TJK,DEU,8431
2953584,219,61,1355,2017.0,0.0,2499.0,-1.358487,-1.29703,TKM,DEU,8431
2953585,223,61,1355,2017.0,1488715.0,21396.0,0.31342600000000004,1.071153,TUN,DEU,8431
2953586,224,61,1355,2017.0,39578592.0,585043.0,0.601079,2.126314,TUR,DEU,8431
2953587,228,61,1355,2017.0,19500786.0,2744244.0,0.34780900000000003,1.076817,UKR,DEU,8431
2953588,230,61,1355,2017.0,0.0,1172.0,0.09085900000000001,-0.246694,URY,DEU,8431
2953589,231,61,1355,2017.0,540706.0,11258726.0,1.536355,0.23775100000000002,USA,DEU,8431
2953590,232,61,1355,2017.0,137233.0,14238.0,-0.386302,-0.35475999999999996,UZB,DEU,8431
2953591,236,61,1355,2017.0,0.0,7696.0,-1.191942,-1.245689,VEN,DEU,8431
2953592,237,61,1355,2017.0,0.0,2760.0,0.700232,-0.166994,VGB,DEU,8431
2953593,239,61,1355,2017.0,51947488.0,37604.0,-0.006548999999999999,0.7030420000000001,VNM,DEU,8431
2953594,246,61,1355,2017.0,1413.0,380907.0,-0.048668,1.283483,ZAF,DEU,8431
2953595,247,61,1355,2017.0,0.0,12280.0,-0.763066,-0.9292530000000001,ZMB,DEU,8431
2953596,249,61,1355,2017.0,334040.0,899755.0,2.003822,1.215216,TWN,DEU,8431
2953597,250,61,1355,2017.0,0.0,68552.0,0.472054,-0.363374,ANS,DEU,8431
2953598,4,64,1355,2017.0,0.0,15679.0,-0.351054,-0.193147,ALB,DNK,8431
2953599,5,64,1355,2017.0,0.0,4339.0,1.101312,0.593242,AND,DNK,8431
2953600,7,64,1355,2017.0,9757.0,171830.0,0.222875,-0.204271,ARE,DNK,8431
2953601,9,64,1355,2017.0,1204.0,0.0,-0.422667,-0.824041,ARM,DNK,8431
2953602,14,64,1355,2017.0,0.0,186771.0,-0.598537,-0.23571,AUS,DNK,8431
2953603,15,64,1355,2017.0,122364.0,3647678.0,1.722766,-0.077938,AUT,DNK,8431
2953604,18,64,1355,2017.0,164750.0,5494980.0,1.2396969999999998,1.1699760000000001,BEL,DNK,8431
2953605,22,64,1355,2017.0,3282856.0,0.0,-1.007846,-1.112069,BGD,DNK,8431
2953606,23,64,1355,2017.0,3098703.0,40673.0,0.563342,1.744989,BGR,DNK,8431
2953607,26,64,1355,2017.0,0.0,3160.0,0.584825,0.9219,BIH,DNK,8431
2953608,28,64,1355,2017.0,0.0,31679.0,0.9188780000000001,0.9998819999999999,BLR,DNK,8431
2953609,39,64,1355,2017.0,3235.0,345677.0,0.661032,1.331443,CAN,DNK,8431
2953610,41,64,1355,2017.0,93668.0,2554153.0,2.2443459999999997,0.836363,CHE,DNK,8431
2953611,42,64,1355,2017.0,0.0,53622.0,-0.282983,-0.33351,CHL,DNK,8431
2953612,43,64,1355,2017.0,91770472.0,68230.0,1.2888030000000001,0.9250700000000001,CHN,DNK,8431
2953613,49,64,1355,2017.0,0.0,4779.0,-0.039238999999999996,-0.246914,COL,DNK,8431
2953614,52,64,1355,2017.0,0.0,1564.0,0.288798,0.212928,CRI,DNK,8431
2953615,58,64,1355,2017.0,56205.0,23898.0,0.35097399999999995,0.103466,CYP,DNK,8431
2953616,59,64,1355,2017.0,132334.0,557085.0,1.8494680000000001,0.150088,CZE,DNK,8431
2953617,61,64,1355,2017.0,8209472.0,41118744.0,2.164026,-2.458307,DEU,DNK,8431
2953618,67,64,1355,2017.0,0.0,2913.0,-1.109413,-1.1561270000000001,ECU,DNK,8431
2953619,68,64,1355,2017.0,0.0,4584.0,-0.09792100000000001,1.9664270000000001,EGY,DNK,8431
2953620,71,64,1355,2017.0,2813444.0,2290190.0,0.7720279999999999,2.434042,ESP,DNK,8431
2953621,72,64,1355,2017.0,116883.0,293739.0,1.004481,1.311075,EST,DNK,8431
2953622,74,64,1355,2017.0,194662.0,6804286.0,1.6562990000000002,0.94619,FIN,DNK,8431
2953623,77,64,1355,2017.0,2299688.0,5473208.0,1.3874030000000002,0.8887719999999999,FRA,DNK,8431
2953624,78,64,1355,2017.0,0.0,322551.0,-1.0046549999999999,-1.015204,FRO,DNK,8431
2953625,81,64,1355,2017.0,3450856.0,6427631.0,1.499843,1.120201,GBR,DNK,8431
2953626,82,64,1355,2017.0,0.0,1562.0,-0.252287,-0.172336,GEO,DNK,8431
2953627,90,64,1355,2017.0,16024.0,416924.0,0.10646300000000002,1.0936290000000002,GRC,DNK,8431
2953628,92,64,1355,2017.0,0.0,152759.0,-1.09962,-1.013198,GRL,DNK,8431
2953629,93,64,1355,2017.0,0.0,1937.0,-0.40755399999999997,0.63358,GTM,DNK,8431
2953630,97,64,1355,2017.0,450065.0,142662.0,0.877065,1.1615520000000001,HKG,DNK,8431
2953631,100,64,1355,2017.0,54363.0,158895.0,0.8933700000000001,1.4400469999999999,HRV,DNK,8431
2953632,102,64,1355,2017.0,13325.0,55926.0,1.6949029999999998,0.723915,HUN,DNK,8431
2953633,103,64,1355,2017.0,172343.0,3489.0,-0.072977,1.376847,IDN,DNK,8431
2953634,104,64,1355,2017.0,1097292.0,27990.0,0.262126,2.8212040000000003,IND,DNK,8431
2953635,106,64,1355,2017.0,139197.0,1989262.0,1.444823,0.158356,IRL,DNK,8431
2953636,107,64,1355,2017.0,0.0,70564.0,-0.305601,-0.42131899999999994,IRN,DNK,8431
2953637,109,64,1355,2017.0,30933.0,841411.0,0.279223,-0.34883600000000003,ISL,DNK,8431
2953638,110,64,1355,2017.0,0.0,158301.0,1.158779,0.8909020000000001,ISR,DNK,8431
2953639,111,64,1355,2017.0,6095347.0,5485982.0,1.4374559999999998,0.21079699999999998,ITA,DNK,8431
2953640,113,64,1355,2017.0,7576.0,3668.0,0.079237,0.182893,JOR,DNK,8431
2953641,114,64,1355,2017.0,9401.0,179842.0,2.4440779999999998,-0.46107700000000007,JPN,DNK,8431
2953642,115,64,1355,2017.0,0.0,18478.0,-0.47984399999999994,-0.40618699999999996,KAZ,DNK,8431
2953643,116,64,1355,2017.0,3795.0,0.0,-0.549171,0.39358899999999997,KEN,DNK,8431
2953644,118,64,1355,2017.0,2787980.0,0.0,-0.654185,-0.655463,KHM,DNK,8431
2953645,121,64,1355,2017.0,30478.0,93621.0,2.1277470000000003,0.8218719999999999,KOR,DNK,8431
2953646,122,64,1355,2017.0,0.0,9403.0,-0.264903,-1.112018,KWT,DNK,8431
2953647,123,64,1355,2017.0,417239.0,0.0,-0.733135,-0.482756,LAO,DNK,8431
2953648,124,64,1355,2017.0,0.0,43085.0,0.437192,1.027289,LBN,DNK,8431
2953649,130,64,1355,2017.0,1045286.0,435215.0,0.770556,1.555233,LTU,DNK,8431
2953650,131,64,1355,2017.0,24363.0,241822.0,1.1461629999999998,1.434994,LUX,DNK,8431
2953651,132,64,1355,2017.0,1519762.0,112270.0,0.644285,1.4304290000000002,LVA,DNK,8431
2953652,133,64,1355,2017.0,0.0,10905.0,0.33025,-0.008723999999999999,MAC,DNK,8431
2953653,134,64,1355,2017.0,5968.0,3789.0,-0.593987,-0.093414,MAR,DNK,8431
2953654,135,64,1355,2017.0,0.0,8694.0,-0.135731,-0.008816,MDA,DNK,8431
2953655,138,64,1355,2017.0,0.0,16441.0,1.348763,0.6145010000000001,MEX,DNK,8431
2953656,140,64,1355,2017.0,13955.0,0.0,-0.12182799999999999,-0.333793,MKD,DNK,8431
2953657,143,64,1355,2017.0,14085393.0,0.0,-0.9113129999999999,-0.21514,MMR,DNK,8431
2953658,151,64,1355,2017.0,89502.0,0.0,-0.166097,-0.050332,MUS,DNK,8431
2953659,153,64,1355,2017.0,0.0,29370.0,1.022117,0.6711739999999999,MYS,DNK,8431
2953660,162,64,1355,2017.0,3788784.0,18420792.0,1.090805,1.452409,NLD,DNK,8431
2953661,163,64,1355,2017.0,79351.0,9605323.0,0.393228,0.049788,NOR,DNK,8431
2953662,164,64,1355,2017.0,28350.0,0.0,-0.076879,0.530485,NPL,DNK,8431
2953663,166,64,1355,2017.0,0.0,53021.0,0.154926,0.10981500000000001,NZL,DNK,8431
2953664,167,64,1355,2017.0,0.0,1113.0,-0.44851199999999997,-0.9820049999999999,OMN,DNK,8431
2953665,168,64,1355,2017.0,147448.0,0.0,-0.737436,0.345773,PAK,DNK,8431
2953666,169,64,1355,2017.0,0.0,2604.0,0.638093,1.01027,PAN,DNK,8431
2953667,173,64,1355,2017.0,3632.0,5590.0,-0.8214469999999999,-0.333306,PER,DNK,8431
2953668,174,64,1355,2017.0,0.0,1087.0,0.717074,0.224219,PHL,DNK,8431
2953669,177,64,1355,2017.0,483140.0,1763820.0,1.212941,0.917751,POL,DNK,8431
2953670,179,64,1355,2017.0,1037422.0,333037.0,0.692908,2.05977,PRT,DNK,8431
2953671,180,64,1355,2017.0,0.0,3760.0,-0.604205,-0.956699,PRY,DNK,8431
2953672,181,64,1355,2017.0,0.0,6149.0,0.22982199999999997,0.768037,PSE,DNK,8431
2953673,183,64,1355,2017.0,0.0,1896.0,-0.42615600000000003,-1.0956489999999999,QAT,DNK,8431
2953674,185,64,1355,2017.0,2995738.0,95413.0,1.145161,1.095192,ROU,DNK,8431
2953675,186,64,1355,2017.0,0.0,268124.0,0.07402,0.248236,RUS,DNK,8431
2953676,188,64,1355,2017.0,0.0,12999.0,0.508031,-0.42373500000000003,SAU,DNK,8431
2953677,192,64,1355,2017.0,3931.0,27594.0,1.8943720000000002,0.449316,SGP,DNK,8431
2953678,197,64,1355,2017.0,1124.0,0.0,0.11754,0.363982,SLV,DNK,8431
2953679,201,64,1355,2017.0,0.0,27771.0,0.59312,1.535527,SRB,DNK,8431
2953680,206,64,1355,2017.0,169519.0,13282.0,1.484316,0.811826,SVK,DNK,8431
2953681,207,64,1355,2017.0,18087.0,405176.0,1.597178,0.753722,SVN,DNK,8431
2953682,208,64,1355,2017.0,7900533.0,18245980.0,1.695113,0.6885060000000001,SWE,DNK,8431
2953683,216,64,1355,2017.0,485976.0,30831.0,1.15791,1.282718,THA,DNK,8431
2953684,222,64,1355,2017.0,0.0,1520.0,-0.15041300000000002,-1.029801,TTO,DNK,8431
2953685,224,64,1355,2017.0,6176748.0,755730.0,0.601079,2.126314,TUR,DNK,8431
2953686,228,64,1355,2017.0,169206.0,30533.0,0.34780900000000003,1.076817,UKR,DNK,8431
2953687,230,64,1355,2017.0,0.0,21485.0,0.09085900000000001,-0.246694,URY,DNK,8431
2953688,231,64,1355,2017.0,46074.0,264946.0,1.536355,0.23775100000000002,USA,DNK,8431
2953689,232,64,1355,2017.0,0.0,8052.0,-0.386302,-0.35475999999999996,UZB,DNK,8431
2953690,239,64,1355,2017.0,1601135.0,0.0,-0.006548999999999999,0.7030420000000001,VNM,DNK,8431
2953691,246,64,1355,2017.0,0.0,102651.0,-0.048668,1.283483,ZAF,DNK,8431
2953692,249,64,1355,2017.0,2245.0,17438.0,2.003822,1.215216,TWN,DNK,8431
2953693,23,65,1355,2017.0,1883.0,0.0,0.563342,1.744989,BGR,DOM,8431
2953694,25,65,1355,2017.0,0.0,33844.0,0.677207,-0.45096899999999995,BHS,DOM,8431
2953695,32,65,1355,2017.0,1381.0,0.0,0.103119,0.808438,BRA,DOM,8431
2953696,39,65,1355,2017.0,0.0,202941.0,0.661032,1.331443,CAN,DOM,8431
2953697,41,65,1355,2017.0,0.0,1441.0,2.2443459999999997,0.836363,CHE,DOM,8431
2953698,43,65,1355,2017.0,2281568.0,2287.0,1.2888030000000001,0.9250700000000001,CHN,DOM,8431
2953699,49,65,1355,2017.0,10872.0,3721.0,-0.039238999999999996,-0.246914,COL,DOM,8431
2953700,52,65,1355,2017.0,0.0,2779.0,0.288798,0.212928,CRI,DOM,8431
2953701,61,65,1355,2017.0,7589.0,0.0,2.164026,-2.458307,DEU,DOM,8431
2953702,68,65,1355,2017.0,1032.0,0.0,-0.09792100000000001,1.9664270000000001,EGY,DOM,8431
2953703,71,65,1355,2017.0,333451.0,0.0,0.7720279999999999,2.434042,ESP,DOM,8431
2953704,81,65,1355,2017.0,5285.0,0.0,1.499843,1.120201,GBR,DOM,8431
2953705,101,65,1355,2017.0,0.0,27015.0,-0.793367,-0.8960459999999999,HTI,DOM,8431
2953706,103,65,1355,2017.0,7606.0,0.0,-0.072977,1.376847,IDN,DOM,8431
2953707,104,65,1355,2017.0,8432.0,0.0,0.262126,2.8212040000000003,IND,DOM,8431
2953708,111,65,1355,2017.0,20291.0,0.0,1.4374559999999998,0.21079699999999998,ITA,DOM,8431
2953709,118,65,1355,2017.0,6455.0,0.0,-0.654185,-0.655463,KHM,DOM,8431
2953710,121,65,1355,2017.0,0.0,3339.0,2.1277470000000003,0.8218719999999999,KOR,DOM,8431
2953711,122,65,1355,2017.0,0.0,1127.0,-0.264903,-1.112018,KWT,DOM,8431
2953712,134,65,1355,2017.0,104803.0,0.0,-0.593987,-0.093414,MAR,DOM,8431
2953713,138,65,1355,2017.0,22814.0,0.0,1.348763,0.6145010000000001,MEX,DOM,8431
2953714,143,65,1355,2017.0,1830.0,0.0,-0.9113129999999999,-0.21514,MMR,DOM,8431
2953715,160,65,1355,2017.0,0.0,1961.0,-0.974065,-0.791551,NIC,DOM,8431
2953716,169,65,1355,2017.0,306252.0,25611.0,0.638093,1.01027,PAN,DOM,8431
2953717,173,65,1355,2017.0,1496.0,0.0,-0.8214469999999999,-0.333306,PER,DOM,8431
2953718,177,65,1355,2017.0,1229.0,0.0,1.212941,0.917751,POL,DOM,8431
2953719,179,65,1355,2017.0,50829.0,0.0,0.692908,2.05977,PRT,DOM,8431
2953720,185,65,1355,2017.0,10552.0,0.0,1.145161,1.095192,ROU,DOM,8431
2953721,186,65,1355,2017.0,0.0,22345.0,0.07402,0.248236,RUS,DOM,8431
2953722,197,65,1355,2017.0,25184.0,0.0,0.11754,0.363982,SLV,DOM,8431
2953723,224,65,1355,2017.0,3130.0,0.0,0.601079,2.126314,TUR,DOM,8431
2953724,231,65,1355,2017.0,96356.0,16942914.0,1.536355,0.23775100000000002,USA,DOM,8431
2953725,236,65,1355,2017.0,3298.0,0.0,-1.191942,-1.245689,VEN,DOM,8431
2953726,239,65,1355,2017.0,109846.0,0.0,-0.006548999999999999,0.7030420000000001,VNM,DOM,8431
2953727,250,65,1355,2017.0,149899.0,0.0,0.472054,-0.363374,ANS,DOM,8431
2953728,14,67,1355,2017.0,0.0,1362.0,-0.598537,-0.23571,AUS,ECU,8431
2953729,22,67,1355,2017.0,90682.0,0.0,-1.007846,-1.112069,BGD,ECU,8431
2953730,23,67,1355,2017.0,3156.0,0.0,0.563342,1.744989,BGR,ECU,8431
2953731,31,67,1355,2017.0,0.0,14052.0,-1.032957,-0.9679840000000001,BOL,ECU,8431
2953732,32,67,1355,2017.0,0.0,2062.0,0.103119,0.808438,BRA,ECU,8431
2953733,39,67,1355,2017.0,0.0,20997.0,0.661032,1.331443,CAN,ECU,8431
2953734,42,67,1355,2017.0,8984.0,62747.0,-0.282983,-0.33351,CHL,ECU,8431
2953735,43,67,1355,2017.0,2067007.0,0.0,1.2888030000000001,0.9250700000000001,CHN,ECU,8431
2953736,49,67,1355,2017.0,326887.0,1286.0,-0.039238999999999996,-0.246914,COL,ECU,8431
2953737,52,67,1355,2017.0,0.0,4684.0,0.288798,0.212928,CRI,ECU,8431
2953738,61,67,1355,2017.0,1496.0,3371.0,2.164026,-2.458307,DEU,ECU,8431
2953739,64,67,1355,2017.0,2913.0,0.0,1.143276,1.242437,DNK,ECU,8431
2953740,71,67,1355,2017.0,525306.0,27450.0,0.7720279999999999,2.434042,ESP,ECU,8431
2953741,77,67,1355,2017.0,5257.0,4548.0,1.3874030000000002,0.8887719999999999,FRA,ECU,8431
2953742,81,67,1355,2017.0,8597.0,9992.0,1.499843,1.120201,GBR,ECU,8431
2953743,93,67,1355,2017.0,0.0,12158.0,-0.40755399999999997,0.63358,GTM,ECU,8431
2953744,97,67,1355,2017.0,1096.0,0.0,0.877065,1.1615520000000001,HKG,ECU,8431
2953745,99,67,1355,2017.0,1034.0,0.0,-0.44761999999999996,-0.20167100000000002,HND,ECU,8431
2953746,103,67,1355,2017.0,37799.0,0.0,-0.072977,1.376847,IDN,ECU,8431
2953747,104,67,1355,2017.0,9843.0,0.0,0.262126,2.8212040000000003,IND,ECU,8431
2953748,111,67,1355,2017.0,10644.0,1618.0,1.4374559999999998,0.21079699999999998,ITA,ECU,8431
2953749,118,67,1355,2017.0,49362.0,0.0,-0.654185,-0.655463,KHM,ECU,8431
2953750,121,67,1355,2017.0,1716.0,0.0,2.1277470000000003,0.8218719999999999,KOR,ECU,8431
2953751,128,67,1355,2017.0,4276.0,0.0,-0.506691,0.43309200000000003,LKA,ECU,8431
2953752,134,67,1355,2017.0,128890.0,0.0,-0.593987,-0.093414,MAR,ECU,8431
2953753,138,67,1355,2017.0,60127.0,0.0,1.348763,0.6145010000000001,MEX,ECU,8431
2953754,143,67,1355,2017.0,9637.0,0.0,-0.9113129999999999,-0.21514,MMR,ECU,8431
2953755,153,67,1355,2017.0,2689.0,0.0,1.022117,0.6711739999999999,MYS,ECU,8431
2953756,162,67,1355,2017.0,0.0,216075.0,1.090805,1.452409,NLD,ECU,8431
2953757,166,67,1355,2017.0,0.0,4904.0,0.154926,0.10981500000000001,NZL,ECU,8431
2953758,169,67,1355,2017.0,824408.0,16773.0,0.638093,1.01027,PAN,ECU,8431
2953759,173,67,1355,2017.0,82658.0,13682.0,-0.8214469999999999,-0.333306,PER,ECU,8431
2953760,179,67,1355,2017.0,56762.0,0.0,0.692908,2.05977,PRT,ECU,8431
2953761,185,67,1355,2017.0,23958.0,0.0,1.145161,1.095192,ROU,ECU,8431
2953762,186,67,1355,2017.0,0.0,1902.0,0.07402,0.248236,RUS,ECU,8431
2953763,208,67,1355,2017.0,0.0,3058.0,1.695113,0.6885060000000001,SWE,ECU,8431
2953764,224,67,1355,2017.0,15552.0,0.0,0.601079,2.126314,TUR,ECU,8431
2953765,231,67,1355,2017.0,112461.0,158272.0,1.536355,0.23775100000000002,USA,ECU,8431
2953766,239,67,1355,2017.0,322192.0,0.0,-0.006548999999999999,0.7030420000000001,VNM,ECU,8431
2953767,0,71,1355,2017.0,0.0,73408.0,0.8469200000000001,0.12138299999999999,ABW,ESP,8431
2953768,2,71,1355,2017.0,0.0,18125.0,-1.580759,-1.2589270000000001,AGO,ESP,8431
2953769,4,71,1355,2017.0,0.0,465879.0,-0.351054,-0.193147,ALB,ESP,8431
2953770,5,71,1355,2017.0,21928.0,1621152.0,1.101312,0.593242,AND,ESP,8431
2953771,7,71,1355,2017.0,19651.0,4622850.0,0.222875,-0.204271,ARE,ESP,8431
2953772,8,71,1355,2017.0,4964.0,996746.0,-0.268441,0.337024,ARG,ESP,8431
2953773,9,71,1355,2017.0,4525.0,312328.0,-0.422667,-0.824041,ARM,ESP,8431
2953774,13,71,1355,2017.0,0.0,1969.0,0.314372,-0.432988,ATG,ESP,8431
2953775,14,71,1355,2017.0,0.0,3469074.0,-0.598537,-0.23571,AUS,ESP,8431
2953776,15,71,1355,2017.0,1714292.0,11413261.0,1.722766,-0.077938,AUT,ESP,8431
2953777,16,71,1355,2017.0,23741.0,622501.0,-1.665069,-1.37471,AZE,ESP,8431
2953778,18,71,1355,2017.0,1284329.0,18204632.0,1.2396969999999998,1.1699760000000001,BEL,ESP,8431
2953779,21,71,1355,2017.0,0.0,6233.0,-1.0605440000000002,-1.038926,BFA,ESP,8431
2953780,22,71,1355,2017.0,12952950.0,0.0,-1.007846,-1.112069,BGD,ESP,8431
2953781,23,71,1355,2017.0,3001878.0,2430539.0,0.563342,1.744989,BGR,ESP,8431
2953782,24,71,1355,2017.0,4615.0,558195.0,0.160574,-0.708064,BHR,ESP,8431
2953783,25,71,1355,2017.0,0.0,47279.0,0.677207,-0.45096899999999995,BHS,ESP,8431
2953784,26,71,1355,2017.0,2152695.0,684608.0,0.584825,0.9219,BIH,ESP,8431
2953785,28,71,1355,2017.0,6090.0,237850.0,0.9188780000000001,0.9998819999999999,BLR,ESP,8431
2953786,29,71,1355,2017.0,0.0,2437.0,-0.285105,-0.8471270000000001,BLZ,ESP,8431
2953787,30,71,1355,2017.0,0.0,8614.0,1.16947,-0.302517,BMU,ESP,8431
2953788,31,71,1355,2017.0,2917.0,94083.0,-1.032957,-0.9679840000000001,BOL,ESP,8431
2953789,32,71,1355,2017.0,0.0,3954835.0,0.103119,0.808438,BRA,ESP,8431
2953790,39,71,1355,2017.0,107509.0,7072980.0,0.661032,1.331443,CAN,ESP,8431
2953791,41,71,1355,2017.0,692737.0,9939381.0,2.2443459999999997,0.836363,CHE,ESP,8431
2953792,42,71,1355,2017.0,79722.0,2633857.0,-0.282983,-0.33351,CHL,ESP,8431
2953793,43,71,1355,2017.0,223917184.0,24945860.0,1.2888030000000001,0.9250700000000001,CHN,ESP,8431
2953794,44,71,1355,2017.0,0.0,2323.0,-0.991865,-0.9496889999999999,CIV,ESP,8431
2953795,49,71,1355,2017.0,18867.0,2971808.0,-0.039238999999999996,-0.246914,COL,ESP,8431
2953796,51,71,1355,2017.0,0.0,66930.0,-0.216675,-0.616004,CPV,ESP,8431
2953797,52,71,1355,2017.0,5301.0,292444.0,0.288798,0.212928,CRI,ESP,8431
2953798,54,71,1355,2017.0,0.0,13880.0,-0.975281,-1.263293,CUB,ESP,8431
2953799,58,71,1355,2017.0,1662.0,2392137.0,0.35097399999999995,0.103466,CYP,ESP,8431
2953800,59,71,1355,2017.0,223191.0,5385532.0,1.8494680000000001,0.150088,CZE,ESP,8431
2953801,61,71,1355,2017.0,20321708.0,66982156.0,2.164026,-2.458307,DEU,ESP,8431
2953802,64,71,1355,2017.0,2290190.0,2813444.0,1.143276,1.242437,DNK,ESP,8431
2953803,65,71,1355,2017.0,0.0,333451.0,-0.314875,0.125244,DOM,ESP,8431
2953804,66,71,1355,2017.0,0.0,634244.0,-0.918984,-1.177867,DZA,ESP,8431
2953805,67,71,1355,2017.0,27450.0,525306.0,-1.109413,-1.1561270000000001,ECU,ESP,8431
2953806,68,71,1355,2017.0,3059.0,1159739.0,-0.09792100000000001,1.9664270000000001,EGY,ESP,8431
2953807,72,71,1355,2017.0,62493.0,1198540.0,1.004481,1.311075,EST,ESP,8431
2953808,73,71,1355,2017.0,1023.0,0.0,-0.874714,-0.58418,ETH,ESP,8431
2953809,74,71,1355,2017.0,36074.0,2325200.0,1.6562990000000002,0.94619,FIN,ESP,8431
2953810,77,71,1355,2017.0,46950968.0,110959704.0,1.3874030000000002,0.8887719999999999,FRA,ESP,8431
2953811,81,71,1355,2017.0,10982371.0,63108100.0,1.499843,1.120201,GBR,ESP,8431
2953812,82,71,1355,2017.0,12556.0,631314.0,-0.252287,-0.172336,GEO,ESP,8431
2953813,84,71,1355,2017.0,0.0,66646.0,0.48612,-0.738929,GIB,ESP,8431
2953814,90,71,1355,2017.0,366072.0,17375144.0,0.10646300000000002,1.0936290000000002,GRC,ESP,8431
2953815,93,71,1355,2017.0,34196.0,489490.0,-0.40755399999999997,0.63358,GTM,ESP,8431
2953816,97,71,1355,2017.0,452179.0,4240212.0,0.877065,1.1615520000000001,HKG,ESP,8431
2953817,99,71,1355,2017.0,0.0,145019.0,-0.44761999999999996,-0.20167100000000002,HND,ESP,8431
2953818,100,71,1355,2017.0,380801.0,6826358.0,0.8933700000000001,1.4400469999999999,HRV,ESP,8431
2953819,102,71,1355,2017.0,499378.0,4555184.0,1.6949029999999998,0.723915,HUN,ESP,8431
2953820,103,71,1355,2017.0,3756862.0,1870620.0,-0.072977,1.376847,IDN,ESP,8431
2953821,104,71,1355,2017.0,12629894.0,1166060.0,0.262126,2.8212040000000003,IND,ESP,8431
2953822,106,71,1355,2017.0,951441.0,9785595.0,1.444823,0.158356,IRL,ESP,8431
2953823,107,71,1355,2017.0,0.0,182859.0,-0.305601,-0.42131899999999994,IRN,ESP,8431
2953824,109,71,1355,2017.0,0.0,144670.0,0.279223,-0.34883600000000003,ISL,ESP,8431
2953825,110,71,1355,2017.0,43843.0,4076358.0,1.158779,0.8909020000000001,ISR,ESP,8431
2953826,111,71,1355,2017.0,63838012.0,80822832.0,1.4374559999999998,0.21079699999999998,ITA,ESP,8431
2953827,112,71,1355,2017.0,0.0,15078.0,-0.362252,-0.756476,JAM,ESP,8431
2953828,113,71,1355,2017.0,0.0,895222.0,0.079237,0.182893,JOR,ESP,8431
2953829,114,71,1355,2017.0,12585.0,10007212.0,2.4440779999999998,-0.46107700000000007,JPN,ESP,8431
2953830,115,71,1355,2017.0,0.0,1098790.0,-0.47984399999999994,-0.40618699999999996,KAZ,ESP,8431
2953831,117,71,1355,2017.0,0.0,13573.0,0.056509000000000004,0.363176,KGZ,ESP,8431
2953832,118,71,1355,2017.0,11036993.0,3060.0,-0.654185,-0.655463,KHM,ESP,8431
2953833,120,71,1355,2017.0,1114.0,0.0,1.1828530000000002,-0.12344300000000001,KNA,ESP,8431
2953834,121,71,1355,2017.0,57706.0,4678190.0,2.1277470000000003,0.8218719999999999,KOR,ESP,8431
2953835,122,71,1355,2017.0,168336.0,3633404.0,-0.264903,-1.112018,KWT,ESP,8431
2953836,124,71,1355,2017.0,4060.0,2754184.0,0.437192,1.027289,LBN,ESP,8431
2953837,126,71,1355,2017.0,0.0,8294.0,-1.067632,-1.21154,LBY,ESP,8431
2953838,128,71,1355,2017.0,23103.0,0.0,-0.506691,0.43309200000000003,LKA,ESP,8431
2953839,130,71,1355,2017.0,97204.0,2637460.0,0.770556,1.555233,LTU,ESP,8431
2953840,131,71,1355,2017.0,48916.0,1862943.0,1.1461629999999998,1.434994,LUX,ESP,8431
2953841,132,71,1355,2017.0,19891.0,1409616.0,0.644285,1.4304290000000002,LVA,ESP,8431
2953842,133,71,1355,2017.0,0.0,475534.0,0.33025,-0.008723999999999999,MAC,ESP,8431
2953843,134,71,1355,2017.0,255820800.0,1232756.0,-0.593987,-0.093414,MAR,ESP,8431
2953844,135,71,1355,2017.0,12971.0,1361.0,-0.135731,-0.008816,MDA,ESP,8431
2953845,138,71,1355,2017.0,161034.0,12840453.0,1.348763,0.6145010000000001,MEX,ESP,8431
2953846,140,71,1355,2017.0,31305.0,555598.0,-0.12182799999999999,-0.333793,MKD,ESP,8431
2953847,142,71,1355,2017.0,11996.0,957413.0,0.9943420000000001,0.181922,MLT,ESP,8431
2953848,143,71,1355,2017.0,15751497.0,0.0,-0.9113129999999999,-0.21514,MMR,ESP,8431
2953849,144,71,1355,2017.0,2466.0,243690.0,0.132462,-0.071601,MNE,ESP,8431
2953850,145,71,1355,2017.0,5181.0,9071.0,-1.110506,-1.179734,MNG,ESP,8431
2953851,147,71,1355,2017.0,0.0,7806.0,-1.3967319999999999,-1.1603290000000002,MOZ,ESP,8431
2953852,148,71,1355,2017.0,0.0,1270.0,-1.516459,-1.362156,MRT,ESP,8431
2953853,151,71,1355,2017.0,60881.0,21206.0,-0.166097,-0.050332,MUS,ESP,8431
2953854,153,71,1355,2017.0,102974.0,840717.0,1.022117,0.6711739999999999,MYS,ESP,8431
2953855,160,71,1355,2017.0,0.0,47527.0,-0.974065,-0.791551,NIC,ESP,8431
2953856,162,71,1355,2017.0,5099060.0,25754442.0,1.090805,1.452409,NLD,ESP,8431
2953857,163,71,1355,2017.0,1691.0,1975592.0,0.393228,0.049788,NOR,ESP,8431
2953858,164,71,1355,2017.0,78034.0,0.0,-0.076879,0.530485,NPL,ESP,8431
2953859,166,71,1355,2017.0,0.0,285576.0,0.154926,0.10981500000000001,NZL,ESP,8431
2953860,167,71,1355,2017.0,0.0,165393.0,-0.44851199999999997,-0.9820049999999999,OMN,ESP,8431
2953861,168,71,1355,2017.0,1419431.0,21702.0,-0.737436,0.345773,PAK,ESP,8431
2953862,169,71,1355,2017.0,14202.0,360054.0,0.638093,1.01027,PAN,ESP,8431
2953863,173,71,1355,2017.0,49126.0,653253.0,-0.8214469999999999,-0.333306,PER,ESP,8431
2953864,174,71,1355,2017.0,108169.0,750277.0,0.717074,0.224219,PHL,ESP,8431
2953865,177,71,1355,2017.0,3512812.0,56947960.0,1.212941,0.917751,POL,ESP,8431
2953866,178,71,1355,2017.0,1159.0,0.0,-0.317963,0.00428,PRK,ESP,8431
2953867,179,71,1355,2017.0,45416872.0,50201956.0,0.692908,2.05977,PRT,ESP,8431
2953868,180,71,1355,2017.0,20522.0,222832.0,-0.604205,-0.956699,PRY,ESP,8431
2953869,181,71,1355,2017.0,0.0,16320.0,0.22982199999999997,0.768037,PSE,ESP,8431
2953870,183,71,1355,2017.0,0.0,1341197.0,-0.42615600000000003,-1.0956489999999999,QAT,ESP,8431
2953871,185,71,1355,2017.0,8883078.0,10576048.0,1.145161,1.095192,ROU,ESP,8431
2953872,186,71,1355,2017.0,40248.0,15835496.0,0.07402,0.248236,RUS,ESP,8431
2953873,188,71,1355,2017.0,1035.0,2765793.0,0.508031,-0.42373500000000003,SAU,ESP,8431
2953874,191,71,1355,2017.0,2177.0,0.0,-0.604504,-0.228411,SEN,ESP,8431
2953875,192,71,1355,2017.0,1121094.0,1688756.0,1.8943720000000002,0.449316,SGP,ESP,8431
2953876,194,71,1355,2017.0,8152.0,0.0,1.488885,-0.352559,SHN,ESP,8431
2953877,197,71,1355,2017.0,12750.0,91351.0,0.11754,0.363982,SLV,ESP,8431
2953878,201,71,1355,2017.0,23937.0,1500454.0,0.59312,1.535527,SRB,ESP,8431
2953879,206,71,1355,2017.0,152264.0,2211312.0,1.484316,0.811826,SVK,ESP,8431
2953880,207,71,1355,2017.0,375113.0,2323204.0,1.597178,0.753722,SVN,ESP,8431
2953881,208,71,1355,2017.0,587608.0,8087570.0,1.695113,0.6885060000000001,SWE,ESP,8431
2953882,215,71,1355,2017.0,0.0,54145.0,-0.884833,-0.7139220000000001,TGO,ESP,8431
2953883,216,71,1355,2017.0,200948.0,1624139.0,1.15791,1.282718,THA,ESP,8431
2953884,217,71,1355,2017.0,0.0,4563.0,-0.8504879999999999,-1.074594,TJK,ESP,8431
2953885,218,71,1355,2017.0,1900.0,0.0,0.382979,-0.24692399999999998,TKL,ESP,8431
2953886,223,71,1355,2017.0,690775.0,639703.0,0.31342600000000004,1.071153,TUN,ESP,8431
2953887,224,71,1355,2017.0,21266800.0,24005848.0,0.601079,2.126314,TUR,ESP,8431
2953888,228,71,1355,2017.0,189752.0,1421220.0,0.34780900000000003,1.076817,UKR,ESP,8431
2953889,230,71,1355,2017.0,0.0,435632.0,0.09085900000000001,-0.246694,URY,ESP,8431
2953890,231,71,1355,2017.0,68688.0,22088094.0,1.536355,0.23775100000000002,USA,ESP,8431
2953891,232,71,1355,2017.0,0.0,18276.0,-0.386302,-0.35475999999999996,UZB,ESP,8431
2953892,236,71,1355,2017.0,0.0,16188.0,-1.191942,-1.245689,VEN,ESP,8431
2953893,239,71,1355,2017.0,39009804.0,1138377.0,-0.006548999999999999,0.7030420000000001,VNM,ESP,8431
2953894,246,71,1355,2017.0,0.0,855580.0,-0.048668,1.283483,ZAF,ESP,8431
2953895,249,71,1355,2017.0,4036.0,1427613.0,2.003822,1.215216,TWN,ESP,8431
2953896,250,71,1355,2017.0,363079.0,131412.0,0.472054,-0.363374,ANS,ESP,8431
2953897,4,74,1355,2017.0,8096.0,0.0,-0.351054,-0.193147,ALB,FIN,8431
2953898,5,74,1355,2017.0,0.0,1822.0,1.101312,0.593242,AND,FIN,8431
2953899,7,74,1355,2017.0,1756.0,8529.0,0.222875,-0.204271,ARE,FIN,8431
2953900,9,74,1355,2017.0,18872.0,0.0,-0.422667,-0.824041,ARM,FIN,8431
2953901,14,74,1355,2017.0,8599.0,43865.0,-0.598537,-0.23571,AUS,FIN,8431
2953902,15,74,1355,2017.0,105952.0,47367.0,1.722766,-0.077938,AUT,FIN,8431
2953903,18,74,1355,2017.0,60162.0,8794.0,1.2396969999999998,1.1699760000000001,BEL,FIN,8431
2953904,22,74,1355,2017.0,1085218.0,0.0,-1.007846,-1.112069,BGD,FIN,8431
2953905,23,74,1355,2017.0,367691.0,5437.0,0.563342,1.744989,BGR,FIN,8431
2953906,26,74,1355,2017.0,12383.0,2221.0,0.584825,0.9219,BIH,FIN,8431
2953907,28,74,1355,2017.0,439689.0,0.0,0.9188780000000001,0.9998819999999999,BLR,FIN,8431
2953908,39,74,1355,2017.0,247271.0,175534.0,0.661032,1.331443,CAN,FIN,8431
2953909,41,74,1355,2017.0,10573.0,30131.0,2.2443459999999997,0.836363,CHE,FIN,8431
2953910,42,74,1355,2017.0,0.0,2213.0,-0.282983,-0.33351,CHL,FIN,8431
2953911,43,74,1355,2017.0,8586894.0,25629.0,1.2888030000000001,0.9250700000000001,CHN,FIN,8431
2953912,59,74,1355,2017.0,37187.0,22473.0,1.8494680000000001,0.150088,CZE,FIN,8431
2953913,61,74,1355,2017.0,6115329.0,349893.0,2.164026,-2.458307,DEU,FIN,8431
2953914,64,74,1355,2017.0,6804286.0,194662.0,1.143276,1.242437,DNK,FIN,8431
2953915,68,74,1355,2017.0,1412.0,0.0,-0.09792100000000001,1.9664270000000001,EGY,FIN,8431
2953916,71,74,1355,2017.0,2325200.0,36074.0,0.7720279999999999,2.434042,ESP,FIN,8431
2953917,72,74,1355,2017.0,3282922.0,1401819.0,1.004481,1.311075,EST,FIN,8431
2953918,77,74,1355,2017.0,818886.0,185661.0,1.3874030000000002,0.8887719999999999,FRA,FIN,8431
2953919,81,74,1355,2017.0,1398681.0,81420.0,1.499843,1.120201,GBR,FIN,8431
2953920,82,74,1355,2017.0,9114.0,0.0,-0.252287,-0.172336,GEO,FIN,8431
2953921,90,74,1355,2017.0,0.0,2709.0,0.10646300000000002,1.0936290000000002,GRC,FIN,8431
2953922,93,74,1355,2017.0,11110.0,0.0,-0.40755399999999997,0.63358,GTM,FIN,8431
2953923,97,74,1355,2017.0,199846.0,105356.0,0.877065,1.1615520000000001,HKG,FIN,8431
2953924,100,74,1355,2017.0,25054.0,0.0,0.8933700000000001,1.4400469999999999,HRV,FIN,8431
2953925,102,74,1355,2017.0,14746.0,9606.0,1.6949029999999998,0.723915,HUN,FIN,8431
2953926,103,74,1355,2017.0,79968.0,0.0,-0.072977,1.376847,IDN,FIN,8431
2953927,104,74,1355,2017.0,108156.0,0.0,0.262126,2.8212040000000003,IND,FIN,8431
2953928,106,74,1355,2017.0,13886.0,0.0,1.444823,0.158356,IRL,FIN,8431
2953929,109,74,1355,2017.0,2445.0,18169.0,0.279223,-0.34883600000000003,ISL,FIN,8431
2953930,111,74,1355,2017.0,4481043.0,31467.0,1.4374559999999998,0.21079699999999998,ITA,FIN,8431
2953931,114,74,1355,2017.0,3015.0,327379.0,2.4440779999999998,-0.46107700000000007,JPN,FIN,8431
2953932,115,74,1355,2017.0,0.0,19372.0,-0.47984399999999994,-0.40618699999999996,KAZ,FIN,8431
2953933,118,74,1355,2017.0,157059.0,0.0,-0.654185,-0.655463,KHM,FIN,8431
2953934,121,74,1355,2017.0,10884.0,99562.0,2.1277470000000003,0.8218719999999999,KOR,FIN,8431
2953935,122,74,1355,2017.0,0.0,3124.0,-0.264903,-1.112018,KWT,FIN,8431
2953936,128,74,1355,2017.0,25826.0,0.0,-0.506691,0.43309200000000003,LKA,FIN,8431
2953937,130,74,1355,2017.0,448635.0,226249.0,0.770556,1.555233,LTU,FIN,8431
2953938,131,74,1355,2017.0,0.0,11666.0,1.1461629999999998,1.434994,LUX,FIN,8431
2953939,132,74,1355,2017.0,1233574.0,593831.0,0.644285,1.4304290000000002,LVA,FIN,8431
2953940,134,74,1355,2017.0,658301.0,0.0,-0.593987,-0.093414,MAR,FIN,8431
2953941,135,74,1355,2017.0,68805.0,0.0,-0.135731,-0.008816,MDA,FIN,8431
2953942,136,74,1355,2017.0,45287.0,0.0,-1.098631,-0.8503069999999999,MDG,FIN,8431
2953943,138,74,1355,2017.0,4597.0,0.0,1.348763,0.6145010000000001,MEX,FIN,8431
2953944,140,74,1355,2017.0,374128.0,0.0,-0.12182799999999999,-0.333793,MKD,FIN,8431
2953945,143,74,1355,2017.0,710637.0,0.0,-0.9113129999999999,-0.21514,MMR,FIN,8431
2953946,151,74,1355,2017.0,7869.0,0.0,-0.166097,-0.050332,MUS,FIN,8431
2953947,153,74,1355,2017.0,12058.0,0.0,1.022117,0.6711739999999999,MYS,FIN,8431
2953948,162,74,1355,2017.0,2304062.0,256593.0,1.090805,1.452409,NLD,FIN,8431
2953949,163,74,1355,2017.0,15133.0,257967.0,0.393228,0.049788,NOR,FIN,8431
2953950,164,74,1355,2017.0,51005.0,0.0,-0.076879,0.530485,NPL,FIN,8431
2953951,166,74,1355,2017.0,0.0,3099.0,0.154926,0.10981500000000001,NZL,FIN,8431
2953952,168,74,1355,2017.0,51002.0,0.0,-0.737436,0.345773,PAK,FIN,8431
2953953,173,74,1355,2017.0,1427.0,0.0,-0.8214469999999999,-0.333306,PER,FIN,8431
2953954,174,74,1355,2017.0,19814.0,0.0,0.717074,0.224219,PHL,FIN,8431
2953955,177,74,1355,2017.0,1754447.0,2798.0,1.212941,0.917751,POL,FIN,8431
2953956,179,74,1355,2017.0,255975.0,0.0,0.692908,2.05977,PRT,FIN,8431
2953957,185,74,1355,2017.0,1064832.0,1424.0,1.145161,1.095192,ROU,FIN,8431
2953958,186,74,1355,2017.0,222658.0,1550589.0,0.07402,0.248236,RUS,FIN,8431
2953959,206,74,1355,2017.0,34977.0,7377.0,1.484316,0.811826,SVK,FIN,8431
2953960,207,74,1355,2017.0,0.0,4792.0,1.597178,0.753722,SVN,FIN,8431
2953961,208,74,1355,2017.0,6587152.0,3182607.0,1.695113,0.6885060000000001,SWE,FIN,8431
2953962,216,74,1355,2017.0,7545.0,2261.0,1.15791,1.282718,THA,FIN,8431
2953963,223,74,1355,2017.0,11338.0,0.0,0.31342600000000004,1.071153,TUN,FIN,8431
2953964,224,74,1355,2017.0,329131.0,0.0,0.601079,2.126314,TUR,FIN,8431
2953965,228,74,1355,2017.0,490319.0,4646.0,0.34780900000000003,1.076817,UKR,FIN,8431
2953966,230,74,1355,2017.0,0.0,6591.0,0.09085900000000001,-0.246694,URY,FIN,8431
2953967,231,74,1355,2017.0,30833.0,94551.0,1.536355,0.23775100000000002,USA,FIN,8431
2953968,239,74,1355,2017.0,794428.0,0.0,-0.006548999999999999,0.7030420000000001,VNM,FIN,8431
2953969,246,74,1355,2017.0,0.0,1117.0,-0.048668,1.283483,ZAF,FIN,8431
2953970,2,77,1355,2017.0,0.0,5538.0,-1.580759,-1.2589270000000001,AGO,FRA,8431
2953971,4,77,1355,2017.0,13689.0,26242.0,-0.351054,-0.193147,ALB,FRA,8431
2953972,5,77,1355,2017.0,3971.0,84290.0,1.101312,0.593242,AND,FRA,8431
2953973,7,77,1355,2017.0,202608.0,3501913.0,0.222875,-0.204271,ARE,FRA,8431
2953974,8,77,1355,2017.0,1197.0,104268.0,-0.268441,0.337024,ARG,FRA,8431
2953975,9,77,1355,2017.0,42056.0,68829.0,-0.422667,-0.824041,ARM,FRA,8431
2953976,14,77,1355,2017.0,26263.0,1204929.0,-0.598537,-0.23571,AUS,FRA,8431
2953977,15,77,1355,2017.0,3247381.0,5056856.0,1.722766,-0.077938,AUT,FRA,8431
2953978,16,77,1355,2017.0,1691.0,177143.0,-1.665069,-1.37471,AZE,FRA,8431
2953979,17,77,1355,2017.0,0.0,1600.0,-0.947315,-1.1084049999999999,BDI,FRA,8431
2953980,18,77,1355,2017.0,16408562.0,37010200.0,1.2396969999999998,1.1699760000000001,BEL,FRA,8431
2953981,21,77,1355,2017.0,0.0,233965.0,-1.0605440000000002,-1.038926,BFA,FRA,8431
2953982,22,77,1355,2017.0,11927138.0,0.0,-1.007846,-1.112069,BGD,FRA,8431
2953983,23,77,1355,2017.0,20696294.0,384585.0,0.563342,1.744989,BGR,FRA,8431
2953984,24,77,1355,2017.0,0.0,88512.0,0.160574,-0.708064,BHR,FRA,8431
2953985,25,77,1355,2017.0,0.0,1705.0,0.677207,-0.45096899999999995,BHS,FRA,8431
2953986,26,77,1355,2017.0,5608589.0,41264.0,0.584825,0.9219,BIH,FRA,8431
2953987,27,77,1355,2017.0,0.0,31704.0,0.705922,-0.117651,BLM,FRA,8431
2953988,28,77,1355,2017.0,427574.0,5282.0,0.9188780000000001,0.9998819999999999,BLR,FRA,8431
2953989,31,77,1355,2017.0,68568.0,0.0,-1.032957,-0.9679840000000001,BOL,FRA,8431
2953990,32,77,1355,2017.0,5499.0,457840.0,0.103119,0.808438,BRA,FRA,8431
2953991,33,77,1355,2017.0,68409.0,18244.0,0.47282700000000005,0.088603,BRB,FRA,8431
2953992,34,77,1355,2017.0,3353.0,0.0,0.13716,-0.783787,BRN,FRA,8431
2953993,39,77,1355,2017.0,311387.0,2531074.0,0.661032,1.331443,CAN,FRA,8431
2953994,41,77,1355,2017.0,2956108.0,27455470.0,2.2443459999999997,0.836363,CHE,FRA,8431
2953995,42,77,1355,2017.0,0.0,198758.0,-0.282983,-0.33351,CHL,FRA,8431
2953996,43,77,1355,2017.0,267298176.0,12277939.0,1.2888030000000001,0.9250700000000001,CHN,FRA,8431
2953997,44,77,1355,2017.0,98677.0,15773.0,-0.991865,-0.9496889999999999,CIV,FRA,8431
2953998,45,77,1355,2017.0,0.0,11002.0,-1.039442,-1.026684,CMR,FRA,8431
2953999,47,77,1355,2017.0,0.0,40936.0,-1.076295,-1.109112,COG,FRA,8431
2954000,49,77,1355,2017.0,175985.0,40593.0,-0.039238999999999996,-0.246914,COL,FRA,8431
2954001,52,77,1355,2017.0,0.0,1906.0,0.288798,0.212928,CRI,FRA,8431
2954002,58,77,1355,2017.0,10646.0,860665.0,0.35097399999999995,0.103466,CYP,FRA,8431
2954003,59,77,1355,2017.0,250636.0,2871345.0,1.8494680000000001,0.150088,CZE,FRA,8431
2954004,61,77,1355,2017.0,58173288.0,52545612.0,2.164026,-2.458307,DEU,FRA,8431
2954005,64,77,1355,2017.0,5473208.0,2299688.0,1.143276,1.242437,DNK,FRA,8431
2954006,66,77,1355,2017.0,0.0,137155.0,-0.918984,-1.177867,DZA,FRA,8431
2954007,67,77,1355,2017.0,4548.0,5257.0,-1.109413,-1.1561270000000001,ECU,FRA,8431
2954008,68,77,1355,2017.0,30092.0,291020.0,-0.09792100000000001,1.9664270000000001,EGY,FRA,8431
2954009,71,77,1355,2017.0,110959704.0,46950968.0,0.7720279999999999,2.434042,ESP,FRA,8431
2954010,72,77,1355,2017.0,3240.0,416659.0,1.004481,1.311075,EST,FRA,8431
2954011,73,77,1355,2017.0,1301.0,1090.0,-0.874714,-0.58418,ETH,FRA,8431
2954012,74,77,1355,2017.0,185661.0,818886.0,1.6562990000000002,0.94619,FIN,FRA,8431
2954013,80,77,1355,2017.0,0.0,10441.0,-1.352989,-1.230953,GAB,FRA,8431
2954014,81,77,1355,2017.0,29963636.0,78991560.0,1.499843,1.120201,GBR,FRA,8431
2954015,82,77,1355,2017.0,32645.0,145541.0,-0.252287,-0.172336,GEO,FRA,8431
2954016,88,77,1355,2017.0,0.0,3487.0,-2.5138580000000004,-1.0280280000000002,GNB,FRA,8431
2954017,90,77,1355,2017.0,208847.0,3205184.0,0.10646300000000002,1.0936290000000002,GRC,FRA,8431
2954018,93,77,1355,2017.0,13820.0,6863.0,-0.40755399999999997,0.63358,GTM,FRA,8431
2954019,95,77,1355,2017.0,0.0,9909.0,0.584598,-0.07072,GUM,FRA,8431
2954020,97,77,1355,2017.0,1127960.0,27876644.0,0.877065,1.1615520000000001,HKG,FRA,8431
2954021,99,77,1355,2017.0,1049.0,0.0,-0.44761999999999996,-0.20167100000000002,HND,FRA,8431
2954022,100,77,1355,2017.0,502279.0,349523.0,0.8933700000000001,1.4400469999999999,HRV,FRA,8431
2954023,102,77,1355,2017.0,4362024.0,958562.0,1.6949029999999998,0.723915,HUN,FRA,8431
2954024,103,77,1355,2017.0,1651132.0,346444.0,-0.072977,1.376847,IDN,FRA,8431
2954025,104,77,1355,2017.0,5186064.0,143637.0,0.262126,2.8212040000000003,IND,FRA,8431
2954026,106,77,1355,2017.0,541965.0,3140152.0,1.444823,0.158356,IRL,FRA,8431
2954027,107,77,1355,2017.0,0.0,25996.0,-0.305601,-0.42131899999999994,IRN,FRA,8431
2954028,108,77,1355,2017.0,0.0,45289.0,-1.135867,-0.9570700000000001,IRQ,FRA,8431
2954029,109,77,1355,2017.0,3259.0,56598.0,0.279223,-0.34883600000000003,ISL,FRA,8431
2954030,110,77,1355,2017.0,0.0,157355.0,1.158779,0.8909020000000001,ISR,FRA,8431
2954031,111,77,1355,2017.0,150563968.0,69603840.0,1.4374559999999998,0.21079699999999998,ITA,FRA,8431
2954032,113,77,1355,2017.0,3199.0,134209.0,0.079237,0.182893,JOR,FRA,8431
2954033,114,77,1355,2017.0,2091317.0,9124121.0,2.4440779999999998,-0.46107700000000007,JPN,FRA,8431
2954034,115,77,1355,2017.0,59048.0,453981.0,-0.47984399999999994,-0.40618699999999996,KAZ,FRA,8431
2954035,117,77,1355,2017.0,0.0,3106.0,0.056509000000000004,0.363176,KGZ,FRA,8431
2954036,118,77,1355,2017.0,2381730.0,0.0,-0.654185,-0.655463,KHM,FRA,8431
2954037,120,77,1355,2017.0,2934.0,0.0,1.1828530000000002,-0.12344300000000001,KNA,FRA,8431
2954038,121,77,1355,2017.0,278605.0,5909249.0,2.1277470000000003,0.8218719999999999,KOR,FRA,8431
2954039,122,77,1355,2017.0,1270.0,807487.0,-0.264903,-1.112018,KWT,FRA,8431
2954040,123,77,1355,2017.0,1377.0,0.0,-0.733135,-0.482756,LAO,FRA,8431
2954041,124,77,1355,2017.0,171372.0,1303203.0,0.437192,1.027289,LBN,FRA,8431
2954042,128,77,1355,2017.0,632115.0,0.0,-0.506691,0.43309200000000003,LKA,FRA,8431
2954043,130,77,1355,2017.0,3578761.0,478727.0,0.770556,1.555233,LTU,FRA,8431
2954044,131,77,1355,2017.0,302204.0,4524978.0,1.1461629999999998,1.434994,LUX,FRA,8431
2954045,132,77,1355,2017.0,592071.0,384232.0,0.644285,1.4304290000000002,LVA,FRA,8431
2954046,133,77,1355,2017.0,7551.0,1200067.0,0.33025,-0.008723999999999999,MAC,FRA,8431
2954047,134,77,1355,2017.0,59042588.0,682666.0,-0.593987,-0.093414,MAR,FRA,8431
2954048,135,77,1355,2017.0,268706.0,0.0,-0.135731,-0.008816,MDA,FRA,8431
2954049,136,77,1355,2017.0,1702818.0,12701.0,-1.098631,-0.8503069999999999,MDG,FRA,8431
2954050,138,77,1355,2017.0,2090.0,233692.0,1.348763,0.6145010000000001,MEX,FRA,8431
2954051,140,77,1355,2017.0,1029566.0,1102.0,-0.12182799999999999,-0.333793,MKD,FRA,8431
2954052,141,77,1355,2017.0,0.0,4014.0,-0.49141,-0.595619,MLI,FRA,8431
2954053,142,77,1355,2017.0,0.0,316689.0,0.9943420000000001,0.181922,MLT,FRA,8431
2954054,143,77,1355,2017.0,13252830.0,0.0,-0.9113129999999999,-0.21514,MMR,FRA,8431
2954055,144,77,1355,2017.0,0.0,14692.0,0.132462,-0.071601,MNE,FRA,8431
2954056,145,77,1355,2017.0,0.0,54279.0,-1.110506,-1.179734,MNG,FRA,8431
2954057,151,77,1355,2017.0,483161.0,11204.0,-0.166097,-0.050332,MUS,FRA,8431
2954058,153,77,1355,2017.0,139002.0,96753.0,1.022117,0.6711739999999999,MYS,FRA,8431
2954059,156,77,1355,2017.0,0.0,91173.0,-0.346671,-0.871627,NCL,FRA,8431
2954060,157,77,1355,2017.0,0.0,87803.0,-0.904508,-0.9522940000000001,NER,FRA,8431
2954061,161,77,1355,2017.0,1265.0,0.0,1.250035,-0.65696,NIU,FRA,8431
2954062,162,77,1355,2017.0,17962620.0,15394291.0,1.090805,1.452409,NLD,FRA,8431
2954063,163,77,1355,2017.0,4191.0,842150.0,0.393228,0.049788,NOR,FRA,8431
2954064,164,77,1355,2017.0,206369.0,0.0,-0.076879,0.530485,NPL,FRA,8431
2954065,165,77,1355,2017.0,32330.0,0.0,1.0260129999999998,0.002612,NRU,FRA,8431
2954066,166,77,1355,2017.0,15524.0,146325.0,0.154926,0.10981500000000001,NZL,FRA,8431
2954067,167,77,1355,2017.0,0.0,26108.0,-0.44851199999999997,-0.9820049999999999,OMN,FRA,8431
2954068,168,77,1355,2017.0,1935636.0,0.0,-0.737436,0.345773,PAK,FRA,8431
2954069,169,77,1355,2017.0,5031.0,65286.0,0.638093,1.01027,PAN,FRA,8431
2954070,173,77,1355,2017.0,30762.0,20410.0,-0.8214469999999999,-0.333306,PER,FRA,8431
2954071,174,77,1355,2017.0,132701.0,107005.0,0.717074,0.224219,PHL,FRA,8431
2954072,177,77,1355,2017.0,6686589.0,4700218.0,1.212941,0.917751,POL,FRA,8431
2954073,179,77,1355,2017.0,4890328.0,7054280.0,0.692908,2.05977,PRT,FRA,8431
2954074,181,77,1355,2017.0,0.0,1640.0,0.22982199999999997,0.768037,PSE,FRA,8431
2954075,182,77,1355,2017.0,0.0,11679.0,-0.25095500000000004,-0.8336620000000001,PYF,FRA,8431
2954076,183,77,1355,2017.0,0.0,704673.0,-0.42615600000000003,-1.0956489999999999,QAT,FRA,8431
2954077,185,77,1355,2017.0,38866332.0,850822.0,1.145161,1.095192,ROU,FRA,8431
2954078,186,77,1355,2017.0,243755.0,4013287.0,0.07402,0.248236,RUS,FRA,8431
2954079,187,77,1355,2017.0,0.0,18617.0,-0.731128,-0.64418,RWA,FRA,8431
2954080,188,77,1355,2017.0,0.0,1446449.0,0.508031,-0.42373500000000003,SAU,FRA,8431
2954081,191,77,1355,2017.0,0.0,86070.0,-0.604504,-0.228411,SEN,FRA,8431
2954082,192,77,1355,2017.0,354050.0,6937586.0,1.8943720000000002,0.449316,SGP,FRA,8431
2954083,196,77,1355,2017.0,2170.0,0.0,-0.5391520000000001,-0.570954,SLE,FRA,8431
2954084,198,77,1355,2017.0,0.0,67038.0,0.9488219999999999,0.6510199999999999,SMR,FRA,8431
2954085,200,77,1355,2017.0,0.0,10636.0,0.443053,-0.393364,SPM,FRA,8431
2954086,201,77,1355,2017.0,3915593.0,95960.0,0.59312,1.535527,SRB,FRA,8431
2954087,205,77,1355,2017.0,10184.0,0.0,-0.426954,-1.022706,SUR,FRA,8431
2954088,206,77,1355,2017.0,4983156.0,702671.0,1.484316,0.811826,SVK,FRA,8431
2954089,207,77,1355,2017.0,392021.0,374062.0,1.597178,0.753722,SVN,FRA,8431
2954090,208,77,1355,2017.0,389857.0,3036249.0,1.695113,0.6885060000000001,SWE,FRA,8431
2954091,211,77,1355,2017.0,0.0,2231.0,-0.116998,-0.7398779999999999,SYC,FRA,8431
2954092,212,77,1355,2017.0,11122.0,0.0,-0.65347,0.085392,SYR,FRA,8431
2954093,215,77,1355,2017.0,0.0,1536.0,-0.884833,-0.7139220000000001,TGO,FRA,8431
2954094,216,77,1355,2017.0,187336.0,270481.0,1.15791,1.282718,THA,FRA,8431
2954095,218,77,1355,2017.0,8470.0,0.0,0.382979,-0.24692399999999998,TKL,FRA,8431
2954096,219,77,1355,2017.0,0.0,3382.0,-1.358487,-1.29703,TKM,FRA,8431
2954097,223,77,1355,2017.0,13717640.0,530055.0,0.31342600000000004,1.071153,TUN,FRA,8431
2954098,224,77,1355,2017.0,12173809.0,1447653.0,0.601079,2.126314,TUR,FRA,8431
2954099,226,77,1355,2017.0,0.0,19094.0,-0.968485,0.137755,TZA,FRA,8431
2954100,228,77,1355,2017.0,13329972.0,612333.0,0.34780900000000003,1.076817,UKR,FRA,8431
2954101,230,77,1355,2017.0,0.0,81557.0,0.09085900000000001,-0.246694,URY,FRA,8431
2954102,231,77,1355,2017.0,1084480.0,28342594.0,1.536355,0.23775100000000002,USA,FRA,8431
2954103,232,77,1355,2017.0,0.0,174976.0,-0.386302,-0.35475999999999996,UZB,FRA,8431
2954104,239,77,1355,2017.0,20055040.0,159534.0,-0.006548999999999999,0.7030420000000001,VNM,FRA,8431
2954105,246,77,1355,2017.0,3287.0,48829.0,-0.048668,1.283483,ZAF,FRA,8431
2954106,249,77,1355,2017.0,152772.0,688173.0,2.003822,1.215216,TWN,FRA,8431
2954107,250,77,1355,2017.0,6221100.0,1318.0,0.472054,-0.363374,ANS,FRA,8431
2954108,2,81,1355,2017.0,0.0,4438.0,-1.580759,-1.2589270000000001,AGO,GBR,8431
2954109,4,81,1355,2017.0,1931.0,41018.0,-0.351054,-0.193147,ALB,GBR,8431
2954110,5,81,1355,2017.0,1286.0,19857.0,1.101312,0.593242,AND,GBR,8431
2954111,7,81,1355,2017.0,3197906.0,3614519.0,0.222875,-0.204271,ARE,GBR,8431
2954112,8,81,1355,2017.0,0.0,2053.0,-0.268441,0.337024,ARG,GBR,8431
2954113,9,81,1355,2017.0,0.0,7188.0,-0.422667,-0.824041,ARM,GBR,8431
2954114,14,81,1355,2017.0,228422.0,4544737.0,-0.598537,-0.23571,AUS,GBR,8431
2954115,15,81,1355,2017.0,1897190.0,4458106.0,1.722766,-0.077938,AUT,GBR,8431
2954116,16,81,1355,2017.0,1336.0,119390.0,-1.665069,-1.37471,AZE,GBR,8431
2954117,18,81,1355,2017.0,2971948.0,5162262.0,1.2396969999999998,1.1699760000000001,BEL,GBR,8431
2954118,20,81,1355,2017.0,0.0,2896.0,1.24486,-0.704291,BES,GBR,8431
2954119,22,81,1355,2017.0,29622678.0,1288.0,-1.007846,-1.112069,BGD,GBR,8431
2954120,23,81,1355,2017.0,5859952.0,1839317.0,0.563342,1.744989,BGR,GBR,8431
2954121,24,81,1355,2017.0,2290.0,364891.0,0.160574,-0.708064,BHR,GBR,8431
2954122,26,81,1355,2017.0,419653.0,12752.0,0.584825,0.9219,BIH,GBR,8431
2954123,28,81,1355,2017.0,254736.0,17635.0,0.9188780000000001,0.9998819999999999,BLR,GBR,8431
2954124,30,81,1355,2017.0,0.0,61173.0,1.16947,-0.302517,BMU,GBR,8431
2954125,32,81,1355,2017.0,4213.0,668564.0,0.103119,0.808438,BRA,GBR,8431
2954126,33,81,1355,2017.0,2688.0,9816.0,0.47282700000000005,0.088603,BRB,GBR,8431
2954127,34,81,1355,2017.0,3418.0,3843.0,0.13716,-0.783787,BRN,GBR,8431
2954128,39,81,1355,2017.0,463099.0,6298221.0,0.661032,1.331443,CAN,GBR,8431
2954129,41,81,1355,2017.0,1052882.0,3602655.0,2.2443459999999997,0.836363,CHE,GBR,8431
2954130,42,81,1355,2017.0,452264.0,326074.0,-0.282983,-0.33351,CHL,GBR,8431
2954131,43,81,1355,2017.0,360062944.0,2433238.0,1.2888030000000001,0.9250700000000001,CHN,GBR,8431
2954132,44,81,1355,2017.0,0.0,9237.0,-0.991865,-0.9496889999999999,CIV,GBR,8431
2954133,45,81,1355,2017.0,12952.0,1252.0,-1.039442,-1.026684,CMR,GBR,8431
2954134,49,81,1355,2017.0,312488.0,1843.0,-0.039238999999999996,-0.246914,COL,GBR,8431
2954135,58,81,1355,2017.0,520460.0,1266318.0,0.35097399999999995,0.103466,CYP,GBR,8431
2954136,59,81,1355,2017.0,367619.0,3123353.0,1.8494680000000001,0.150088,CZE,GBR,8431
2954137,61,81,1355,2017.0,36165616.0,75689424.0,2.164026,-2.458307,DEU,GBR,8431
2954138,62,81,1355,2017.0,2061.0,0.0,-0.136228,-0.49436,DJI,GBR,8431
2954139,64,81,1355,2017.0,6427631.0,3450856.0,1.143276,1.242437,DNK,GBR,8431
2954140,65,81,1355,2017.0,0.0,5285.0,-0.314875,0.125244,DOM,GBR,8431
2954141,66,81,1355,2017.0,0.0,3606.0,-0.918984,-1.177867,DZA,GBR,8431
2954142,67,81,1355,2017.0,9992.0,8597.0,-1.109413,-1.1561270000000001,ECU,GBR,8431
2954143,68,81,1355,2017.0,0.0,55372.0,-0.09792100000000001,1.9664270000000001,EGY,GBR,8431
2954144,71,81,1355,2017.0,63108100.0,10982371.0,0.7720279999999999,2.434042,ESP,GBR,8431
2954145,72,81,1355,2017.0,45661.0,580740.0,1.004481,1.311075,EST,GBR,8431
2954146,73,81,1355,2017.0,27161.0,6305.0,-0.874714,-0.58418,ETH,GBR,8431
2954147,74,81,1355,2017.0,81420.0,1398681.0,1.6562990000000002,0.94619,FIN,GBR,8431
2954148,77,81,1355,2017.0,78991560.0,29963636.0,1.3874030000000002,0.8887719999999999,FRA,GBR,8431
2954149,82,81,1355,2017.0,2722.0,52159.0,-0.252287,-0.172336,GEO,GBR,8431
2954150,83,81,1355,2017.0,0.0,4730.0,-0.910444,-0.906315,GHA,GBR,8431
2954151,84,81,1355,2017.0,0.0,86036.0,0.48612,-0.738929,GIB,GBR,8431
2954152,90,81,1355,2017.0,472662.0,2984688.0,0.10646300000000002,1.0936290000000002,GRC,GBR,8431
2954153,92,81,1355,2017.0,0.0,3095.0,-1.09962,-1.013198,GRL,GBR,8431
2954154,93,81,1355,2017.0,4240.0,12269.0,-0.40755399999999997,0.63358,GTM,GBR,8431
2954155,95,81,1355,2017.0,0.0,1399.0,0.584598,-0.07072,GUM,GBR,8431
2954156,97,81,1355,2017.0,3288077.0,17406058.0,0.877065,1.1615520000000001,HKG,GBR,8431
2954157,99,81,1355,2017.0,0.0,1046.0,-0.44761999999999996,-0.20167100000000002,HND,GBR,8431
2954158,100,81,1355,2017.0,80725.0,515800.0,0.8933700000000001,1.4400469999999999,HRV,GBR,8431
2954159,101,81,1355,2017.0,0.0,2191.0,-0.793367,-0.8960459999999999,HTI,GBR,8431
2954160,102,81,1355,2017.0,693431.0,1583461.0,1.6949029999999998,0.723915,HUN,GBR,8431
2954161,103,81,1355,2017.0,4170340.0,73548.0,-0.072977,1.376847,IDN,GBR,8431
2954162,104,81,1355,2017.0,9583985.0,186150.0,0.262126,2.8212040000000003,IND,GBR,8431
2954163,106,81,1355,2017.0,5564010.0,41513976.0,1.444823,0.158356,IRL,GBR,8431
2954164,107,81,1355,2017.0,0.0,10236.0,-0.305601,-0.42131899999999994,IRN,GBR,8431
2954165,108,81,1355,2017.0,0.0,2989.0,-1.135867,-0.9570700000000001,IRQ,GBR,8431
2954166,109,81,1355,2017.0,9706.0,353161.0,0.279223,-0.34883600000000003,ISL,GBR,8431
2954167,110,81,1355,2017.0,127318.0,258034.0,1.158779,0.8909020000000001,ISR,GBR,8431
2954168,111,81,1355,2017.0,120821568.0,29260956.0,1.4374559999999998,0.21079699999999998,ITA,GBR,8431
2954169,112,81,1355,2017.0,0.0,1373.0,-0.362252,-0.756476,JAM,GBR,8431
2954170,113,81,1355,2017.0,15018.0,8578.0,0.079237,0.182893,JOR,GBR,8431
2954171,114,81,1355,2017.0,998094.0,4391209.0,2.4440779999999998,-0.46107700000000007,JPN,GBR,8431
2954172,115,81,1355,2017.0,2096.0,166409.0,-0.47984399999999994,-0.40618699999999996,KAZ,GBR,8431
2954173,116,81,1355,2017.0,0.0,10888.0,-0.549171,0.39358899999999997,KEN,GBR,8431
2954174,118,81,1355,2017.0,3640899.0,40317.0,-0.654185,-0.655463,KHM,GBR,8431
2954175,121,81,1355,2017.0,944774.0,6632454.0,2.1277470000000003,0.8218719999999999,KOR,GBR,8431
2954176,122,81,1355,2017.0,182748.0,1452109.0,-0.264903,-1.112018,KWT,GBR,8431
2954177,123,81,1355,2017.0,33254.0,2338.0,-0.733135,-0.482756,LAO,GBR,8431
2954178,124,81,1355,2017.0,137648.0,161341.0,0.437192,1.027289,LBN,GBR,8431
2954179,127,81,1355,2017.0,0.0,6021.0,0.543844,0.006412,LCA,GBR,8431
2954180,128,81,1355,2017.0,5742212.0,0.0,-0.506691,0.43309200000000003,LKA,GBR,8431
2954181,130,81,1355,2017.0,3516436.0,635454.0,0.770556,1.555233,LTU,GBR,8431
2954182,131,81,1355,2017.0,102410.0,430347.0,1.1461629999999998,1.434994,LUX,GBR,8431
2954183,132,81,1355,2017.0,190813.0,853905.0,0.644285,1.4304290000000002,LVA,GBR,8431
2954184,133,81,1355,2017.0,55794.0,897724.0,0.33025,-0.008723999999999999,MAC,GBR,8431
2954185,134,81,1355,2017.0,1832912.0,54725.0,-0.593987,-0.093414,MAR,GBR,8431
2954186,135,81,1355,2017.0,1042913.0,13382.0,-0.135731,-0.008816,MDA,GBR,8431
2954187,136,81,1355,2017.0,4078.0,0.0,-1.098631,-0.8503069999999999,MDG,GBR,8431
2954188,137,81,1355,2017.0,0.0,1124.0,-0.739309,-0.951202,MDV,GBR,8431
2954189,138,81,1355,2017.0,12375.0,318931.0,1.348763,0.6145010000000001,MEX,GBR,8431
2954190,140,81,1355,2017.0,2482292.0,3752.0,-0.12182799999999999,-0.333793,MKD,GBR,8431
2954191,142,81,1355,2017.0,21743.0,1054001.0,0.9943420000000001,0.181922,MLT,GBR,8431
2954192,143,81,1355,2017.0,18516198.0,0.0,-0.9113129999999999,-0.21514,MMR,GBR,8431
2954193,144,81,1355,2017.0,0.0,6829.0,0.132462,-0.071601,MNE,GBR,8431
2954194,145,81,1355,2017.0,0.0,34044.0,-1.110506,-1.179734,MNG,GBR,8431
2954195,151,81,1355,2017.0,228882.0,0.0,-0.166097,-0.050332,MUS,GBR,8431
2954196,153,81,1355,2017.0,111152.0,266097.0,1.022117,0.6711739999999999,MYS,GBR,8431
2954197,156,81,1355,2017.0,0.0,2748.0,-0.346671,-0.871627,NCL,GBR,8431
2954198,159,81,1355,2017.0,0.0,28855.0,-1.784814,-1.310281,NGA,GBR,8431
2954199,160,81,1355,2017.0,2542.0,0.0,-0.974065,-0.791551,NIC,GBR,8431
2954200,162,81,1355,2017.0,20579392.0,11563462.0,1.090805,1.452409,NLD,GBR,8431
2954201,163,81,1355,2017.0,20746.0,449967.0,0.393228,0.049788,NOR,GBR,8431
2954202,164,81,1355,2017.0,307890.0,0.0,-0.076879,0.530485,NPL,GBR,8431
2954203,166,81,1355,2017.0,114571.0,294070.0,0.154926,0.10981500000000001,NZL,GBR,8431
2954204,167,81,1355,2017.0,0.0,29802.0,-0.44851199999999997,-0.9820049999999999,OMN,GBR,8431
2954205,168,81,1355,2017.0,2995127.0,9012.0,-0.737436,0.345773,PAK,GBR,8431
2954206,169,81,1355,2017.0,0.0,2849.0,0.638093,1.01027,PAN,GBR,8431
2954207,173,81,1355,2017.0,139454.0,41882.0,-0.8214469999999999,-0.333306,PER,GBR,8431
2954208,174,81,1355,2017.0,273880.0,34190.0,0.717074,0.224219,PHL,GBR,8431
2954209,176,81,1355,2017.0,0.0,6083.0,-1.600301,-1.287207,PNG,GBR,8431
2954210,177,81,1355,2017.0,6308730.0,5164442.0,1.212941,0.917751,POL,GBR,8431
2954211,179,81,1355,2017.0,6885314.0,1080206.0,0.692908,2.05977,PRT,GBR,8431
2954212,183,81,1355,2017.0,0.0,958206.0,-0.42615600000000003,-1.0956489999999999,QAT,GBR,8431
2954213,185,81,1355,2017.0,28816858.0,2573134.0,1.145161,1.095192,ROU,GBR,8431
2954214,186,81,1355,2017.0,588002.0,2492206.0,0.07402,0.248236,RUS,GBR,8431
2954215,188,81,1355,2017.0,470142.0,1063562.0,0.508031,-0.42373500000000003,SAU,GBR,8431
2954216,192,81,1355,2017.0,1054965.0,702078.0,1.8943720000000002,0.449316,SGP,GBR,8431
2954217,196,81,1355,2017.0,1634.0,0.0,-0.5391520000000001,-0.570954,SLE,GBR,8431
2954218,197,81,1355,2017.0,2264.0,0.0,0.11754,0.363982,SLV,GBR,8431
2954219,198,81,1355,2017.0,1850.0,18075.0,0.9488219999999999,0.6510199999999999,SMR,GBR,8431
2954220,201,81,1355,2017.0,9601.0,55911.0,0.59312,1.535527,SRB,GBR,8431
2954221,206,81,1355,2017.0,178732.0,642228.0,1.484316,0.811826,SVK,GBR,8431
2954222,207,81,1355,2017.0,73177.0,269060.0,1.597178,0.753722,SVN,GBR,8431
2954223,208,81,1355,2017.0,1096318.0,4637754.0,1.695113,0.6885060000000001,SWE,GBR,8431
2954224,211,81,1355,2017.0,0.0,1224.0,-0.116998,-0.7398779999999999,SYC,GBR,8431
2954225,216,81,1355,2017.0,493011.0,426160.0,1.15791,1.282718,THA,GBR,8431
2954226,219,81,1355,2017.0,0.0,32797.0,-1.358487,-1.29703,TKM,GBR,8431
2954227,223,81,1355,2017.0,136646.0,0.0,0.31342600000000004,1.071153,TUN,GBR,8431
2954228,224,81,1355,2017.0,31679636.0,1376415.0,0.601079,2.126314,TUR,GBR,8431
2954229,226,81,1355,2017.0,0.0,7651.0,-0.968485,0.137755,TZA,GBR,8431
2954230,228,81,1355,2017.0,954173.0,217240.0,0.34780900000000003,1.076817,UKR,GBR,8431
2954231,230,81,1355,2017.0,3914.0,5144.0,0.09085900000000001,-0.246694,URY,GBR,8431
2954232,231,81,1355,2017.0,3138477.0,20207054.0,1.536355,0.23775100000000002,USA,GBR,8431
2954233,232,81,1355,2017.0,0.0,1487.0,-0.386302,-0.35475999999999996,UZB,GBR,8431
2954234,239,81,1355,2017.0,75237752.0,94048.0,-0.006548999999999999,0.7030420000000001,VNM,GBR,8431
2954235,246,81,1355,2017.0,530442.0,113713.0,-0.048668,1.283483,ZAF,GBR,8431
2954236,247,81,1355,2017.0,0.0,5437.0,-0.763066,-0.9292530000000001,ZMB,GBR,8431
2954237,249,81,1355,2017.0,374118.0,902842.0,2.003822,1.215216,TWN,GBR,8431
2954238,7,93,1355,2017.0,0.0,12535.0,0.222875,-0.204271,ARE,GTM,8431
2954239,14,93,1355,2017.0,0.0,1606.0,-0.598537,-0.23571,AUS,GTM,8431
2954240,15,93,1355,2017.0,0.0,1835.0,1.722766,-0.077938,AUT,GTM,8431
2954241,32,93,1355,2017.0,1999.0,0.0,0.103119,0.808438,BRA,GTM,8431
2954242,39,93,1355,2017.0,0.0,383349.0,0.661032,1.331443,CAN,GTM,8431
2954243,41,93,1355,2017.0,0.0,25215.0,2.2443459999999997,0.836363,CHE,GTM,8431
2954244,42,93,1355,2017.0,22073.0,0.0,-0.282983,-0.33351,CHL,GTM,8431
2954245,43,93,1355,2017.0,4887856.0,90899.0,1.2888030000000001,0.9250700000000001,CHN,GTM,8431
2954246,49,93,1355,2017.0,41075.0,0.0,-0.039238999999999996,-0.246914,COL,GTM,8431
2954247,52,93,1355,2017.0,20751.0,36594.0,0.288798,0.212928,CRI,GTM,8431
2954248,61,93,1355,2017.0,13450.0,74288.0,2.164026,-2.458307,DEU,GTM,8431
2954249,64,93,1355,2017.0,1937.0,0.0,1.143276,1.242437,DNK,GTM,8431
2954250,67,93,1355,2017.0,12158.0,0.0,-1.109413,-1.1561270000000001,ECU,GTM,8431
2954251,71,93,1355,2017.0,489490.0,34196.0,0.7720279999999999,2.434042,ESP,GTM,8431
2954252,74,93,1355,2017.0,0.0,11110.0,1.6562990000000002,0.94619,FIN,GTM,8431
2954253,77,93,1355,2017.0,6863.0,13820.0,1.3874030000000002,0.8887719999999999,FRA,GTM,8431
2954254,81,93,1355,2017.0,12269.0,4240.0,1.499843,1.120201,GBR,GTM,8431
2954255,97,93,1355,2017.0,27922.0,1320.0,0.877065,1.1615520000000001,HKG,GTM,8431
2954256,99,93,1355,2017.0,16084.0,21496.0,-0.44761999999999996,-0.20167100000000002,HND,GTM,8431
2954257,111,93,1355,2017.0,13671.0,120506.0,1.4374559999999998,0.21079699999999998,ITA,GTM,8431
2954258,114,93,1355,2017.0,0.0,45933.0,2.4440779999999998,-0.46107700000000007,JPN,GTM,8431
2954259,121,93,1355,2017.0,5241.0,2259.0,2.1277470000000003,0.8218719999999999,KOR,GTM,8431
2954260,122,93,1355,2017.0,0.0,5637.0,-0.264903,-1.112018,KWT,GTM,8431
2954261,124,93,1355,2017.0,0.0,2489.0,0.437192,1.027289,LBN,GTM,8431
2954262,138,93,1355,2017.0,71470.0,44401.0,1.348763,0.6145010000000001,MEX,GTM,8431
2954263,160,93,1355,2017.0,0.0,2868.0,-0.974065,-0.791551,NIC,GTM,8431
2954264,162,93,1355,2017.0,7934.0,12653.0,1.090805,1.452409,NLD,GTM,8431
2954265,163,93,1355,2017.0,0.0,7342.0,0.393228,0.049788,NOR,GTM,8431
2954266,169,93,1355,2017.0,176246.0,1550.0,0.638093,1.01027,PAN,GTM,8431
2954267,173,93,1355,2017.0,1295.0,0.0,-0.8214469999999999,-0.333306,PER,GTM,8431
2954268,177,93,1355,2017.0,1712.0,0.0,1.212941,0.917751,POL,GTM,8431
2954269,179,93,1355,2017.0,3200.0,0.0,0.692908,2.05977,PRT,GTM,8431
2954270,186,93,1355,2017.0,0.0,13178.0,0.07402,0.248236,RUS,GTM,8431
2954271,197,93,1355,2017.0,180383.0,38512.0,0.11754,0.363982,SLV,GTM,8431
2954272,224,93,1355,2017.0,0.0,1037.0,0.601079,2.126314,TUR,GTM,8431
2954273,231,93,1355,2017.0,421462.0,15795630.0,1.536355,0.23775100000000002,USA,GTM,8431
2954274,43,96,1355,2017.0,2446974.0,0.0,1.2888030000000001,0.9250700000000001,CHN,GUY,8431
2954275,104,96,1355,2017.0,14256.0,0.0,0.262126,2.8212040000000003,IND,GUY,8431
2954276,169,96,1355,2017.0,42653.0,0.0,0.638093,1.01027,PAN,GUY,8431
2954277,231,96,1355,2017.0,1047.0,0.0,1.536355,0.23775100000000002,USA,GUY,8431
2954278,2,97,1355,2017.0,0.0,2805.0,-1.580759,-1.2589270000000001,AGO,HKG,8431
2954279,5,97,1355,2017.0,0.0,1071.0,1.101312,0.593242,AND,HKG,8431
2954280,7,97,1355,2017.0,89899.0,650315.0,0.222875,-0.204271,ARE,HKG,8431
2954281,8,97,1355,2017.0,1929.0,10368.0,-0.268441,0.337024,ARG,HKG,8431
2954282,9,97,1355,2017.0,0.0,99584.0,-0.422667,-0.824041,ARM,HKG,8431
2954283,14,97,1355,2017.0,609164.0,879738.0,-0.598537,-0.23571,AUS,HKG,8431
2954284,15,97,1355,2017.0,196167.0,575683.0,1.722766,-0.077938,AUT,HKG,8431
2954285,16,97,1355,2017.0,0.0,17036.0,-1.665069,-1.37471,AZE,HKG,8431
2954286,18,97,1355,2017.0,339312.0,736176.0,1.2396969999999998,1.1699760000000001,BEL,HKG,8431
2954287,22,97,1355,2017.0,1155565.0,0.0,-1.007846,-1.112069,BGD,HKG,8431
2954288,23,97,1355,2017.0,23564.0,1104.0,0.563342,1.744989,BGR,HKG,8431
2954289,24,97,1355,2017.0,0.0,35053.0,0.160574,-0.708064,BHR,HKG,8431
2954290,25,97,1355,2017.0,0.0,28068.0,0.677207,-0.45096899999999995,BHS,HKG,8431
2954291,29,97,1355,2017.0,0.0,6966.0,-0.285105,-0.8471270000000001,BLZ,HKG,8431
2954292,32,97,1355,2017.0,1983.0,304875.0,0.103119,0.808438,BRA,HKG,8431
2954293,34,97,1355,2017.0,10653.0,13285.0,0.13716,-0.783787,BRN,HKG,8431
2954294,39,97,1355,2017.0,390993.0,1430890.0,0.661032,1.331443,CAN,HKG,8431
2954295,41,97,1355,2017.0,4289380.0,1097183.0,2.2443459999999997,0.836363,CHE,HKG,8431
2954296,42,97,1355,2017.0,4048.0,103532.0,-0.282983,-0.33351,CHL,HKG,8431
2954297,43,97,1355,2017.0,747528000.0,1169300.0,1.2888030000000001,0.9250700000000001,CHN,HKG,8431
2954298,44,97,1355,2017.0,0.0,1479.0,-0.991865,-0.9496889999999999,CIV,HKG,8431
2954299,49,97,1355,2017.0,9777.0,93557.0,-0.039238999999999996,-0.246914,COL,HKG,8431
2954300,58,97,1355,2017.0,2882.0,4328.0,0.35097399999999995,0.103466,CYP,HKG,8431
2954301,59,97,1355,2017.0,0.0,327609.0,1.8494680000000001,0.150088,CZE,HKG,8431
2954302,61,97,1355,2017.0,5108230.0,1892504.0,2.164026,-2.458307,DEU,HKG,8431
2954303,64,97,1355,2017.0,142662.0,450065.0,1.143276,1.242437,DNK,HKG,8431
2954304,67,97,1355,2017.0,0.0,1096.0,-1.109413,-1.1561270000000001,ECU,HKG,8431
2954305,68,97,1355,2017.0,20450.0,30374.0,-0.09792100000000001,1.9664270000000001,EGY,HKG,8431
2954306,71,97,1355,2017.0,4240212.0,452179.0,0.7720279999999999,2.434042,ESP,HKG,8431
2954307,72,97,1355,2017.0,25010.0,74859.0,1.004481,1.311075,EST,HKG,8431
2954308,74,97,1355,2017.0,105356.0,199846.0,1.6562990000000002,0.94619,FIN,HKG,8431
2954309,77,97,1355,2017.0,27876644.0,1127960.0,1.3874030000000002,0.8887719999999999,FRA,HKG,8431
2954310,81,97,1355,2017.0,17406058.0,3288077.0,1.499843,1.120201,GBR,HKG,8431
2954311,82,97,1355,2017.0,7877.0,12680.0,-0.252287,-0.172336,GEO,HKG,8431
2954312,90,97,1355,2017.0,103976.0,32441.0,0.10646300000000002,1.0936290000000002,GRC,HKG,8431
2954313,92,97,1355,2017.0,0.0,18006.0,-1.09962,-1.013198,GRL,HKG,8431
2954314,93,97,1355,2017.0,1320.0,27922.0,-0.40755399999999997,0.63358,GTM,HKG,8431
2954315,95,97,1355,2017.0,0.0,345755.0,0.584598,-0.07072,GUM,HKG,8431
2954316,99,97,1355,2017.0,0.0,1361.0,-0.44761999999999996,-0.20167100000000002,HND,HKG,8431
2954317,100,97,1355,2017.0,1516.0,0.0,0.8933700000000001,1.4400469999999999,HRV,HKG,8431
2954318,102,97,1355,2017.0,12293.0,719498.0,1.6949029999999998,0.723915,HUN,HKG,8431
2954319,103,97,1355,2017.0,1446553.0,345545.0,-0.072977,1.376847,IDN,HKG,8431
2954320,104,97,1355,2017.0,1153272.0,94465.0,0.262126,2.8212040000000003,IND,HKG,8431
2954321,106,97,1355,2017.0,39810.0,119384.0,1.444823,0.158356,IRL,HKG,8431
2954322,107,97,1355,2017.0,0.0,38968.0,-0.305601,-0.42131899999999994,IRN,HKG,8431
2954323,109,97,1355,2017.0,0.0,217108.0,0.279223,-0.34883600000000003,ISL,HKG,8431
2954324,110,97,1355,2017.0,72230.0,1098038.0,1.158779,0.8909020000000001,ISR,HKG,8431
2954325,111,97,1355,2017.0,74338928.0,1894797.0,1.4374559999999998,0.21079699999999998,ITA,HKG,8431
2954326,112,97,1355,2017.0,0.0,9664.0,-0.362252,-0.756476,JAM,HKG,8431
2954327,113,97,1355,2017.0,0.0,41403.0,0.079237,0.182893,JOR,HKG,8431
2954328,114,97,1355,2017.0,5509374.0,7199958.0,2.4440779999999998,-0.46107700000000007,JPN,HKG,8431
2954329,115,97,1355,2017.0,0.0,21537.0,-0.47984399999999994,-0.40618699999999996,KAZ,HKG,8431
2954330,116,97,1355,2017.0,0.0,3740.0,-0.549171,0.39358899999999997,KEN,HKG,8431
2954331,118,97,1355,2017.0,490148.0,18962.0,-0.654185,-0.655463,KHM,HKG,8431
2954332,121,97,1355,2017.0,3506761.0,1986908.0,2.1277470000000003,0.8218719999999999,KOR,HKG,8431
2954333,122,97,1355,2017.0,0.0,173799.0,-0.264903,-1.112018,KWT,HKG,8431
2954334,124,97,1355,2017.0,9928.0,81458.0,0.437192,1.027289,LBN,HKG,8431
2954335,128,97,1355,2017.0,211748.0,0.0,-0.506691,0.43309200000000003,LKA,HKG,8431
2954336,130,97,1355,2017.0,35543.0,124882.0,0.770556,1.555233,LTU,HKG,8431
2954337,131,97,1355,2017.0,19541.0,78867.0,1.1461629999999998,1.434994,LUX,HKG,8431
2954338,132,97,1355,2017.0,2317.0,10192.0,0.644285,1.4304290000000002,LVA,HKG,8431
2954339,133,97,1355,2017.0,6593330.0,23161596.0,0.33025,-0.008723999999999999,MAC,HKG,8431
2954340,134,97,1355,2017.0,25776.0,8278.0,-0.593987,-0.093414,MAR,HKG,8431
2954341,138,97,1355,2017.0,53005.0,1711564.0,1.348763,0.6145010000000001,MEX,HKG,8431
2954342,140,97,1355,2017.0,1452.0,0.0,-0.12182799999999999,-0.333793,MKD,HKG,8431
2954343,143,97,1355,2017.0,314147.0,10946.0,-0.9113129999999999,-0.21514,MMR,HKG,8431
2954344,145,97,1355,2017.0,0.0,23538.0,-1.110506,-1.179734,MNG,HKG,8431
2954345,146,97,1355,2017.0,0.0,226556.0,1.036635,-0.545188,MNP,HKG,8431
2954346,147,97,1355,2017.0,0.0,1304.0,-1.3967319999999999,-1.1603290000000002,MOZ,HKG,8431
2954347,151,97,1355,2017.0,18401.0,6383.0,-0.166097,-0.050332,MUS,HKG,8431
2954348,153,97,1355,2017.0,1435140.0,650993.0,1.022117,0.6711739999999999,MYS,HKG,8431
2954349,162,97,1355,2017.0,168944.0,5114383.0,1.090805,1.452409,NLD,HKG,8431
2954350,163,97,1355,2017.0,2610.0,457595.0,0.393228,0.049788,NOR,HKG,8431
2954351,164,97,1355,2017.0,7549.0,50234.0,-0.076879,0.530485,NPL,HKG,8431
2954352,166,97,1355,2017.0,65415.0,132637.0,0.154926,0.10981500000000001,NZL,HKG,8431
2954353,167,97,1355,2017.0,0.0,2086.0,-0.44851199999999997,-0.9820049999999999,OMN,HKG,8431
2954354,168,97,1355,2017.0,17594.0,6065.0,-0.737436,0.345773,PAK,HKG,8431
2954355,169,97,1355,2017.0,0.0,542629.0,0.638093,1.01027,PAN,HKG,8431
2954356,173,97,1355,2017.0,4283.0,41984.0,-0.8214469999999999,-0.333306,PER,HKG,8431
2954357,174,97,1355,2017.0,192299.0,199399.0,0.717074,0.224219,PHL,HKG,8431
2954358,177,97,1355,2017.0,6072392.0,65256.0,1.212941,0.917751,POL,HKG,8431
2954359,179,97,1355,2017.0,556863.0,14135.0,0.692908,2.05977,PRT,HKG,8431
2954360,180,97,1355,2017.0,0.0,8116.0,-0.604205,-0.956699,PRY,HKG,8431
2954361,181,97,1355,2017.0,0.0,219686.0,0.22982199999999997,0.768037,PSE,HKG,8431
2954362,183,97,1355,2017.0,1685.0,173235.0,-0.42615600000000003,-1.0956489999999999,QAT,HKG,8431
2954363,185,97,1355,2017.0,1151274.0,10450.0,1.145161,1.095192,ROU,HKG,8431
2954364,186,97,1355,2017.0,87218.0,201432.0,0.07402,0.248236,RUS,HKG,8431
2954365,188,97,1355,2017.0,9193.0,446196.0,0.508031,-0.42373500000000003,SAU,HKG,8431
2954366,192,97,1355,2017.0,1505916.0,1273082.0,1.8943720000000002,0.449316,SGP,HKG,8431
2954367,197,97,1355,2017.0,0.0,1957.0,0.11754,0.363982,SLV,HKG,8431
2954368,198,97,1355,2017.0,11704.0,0.0,0.9488219999999999,0.6510199999999999,SMR,HKG,8431
2954369,201,97,1355,2017.0,22799.0,20181.0,0.59312,1.535527,SRB,HKG,8431
2954370,206,97,1355,2017.0,92203.0,15764.0,1.484316,0.811826,SVK,HKG,8431
2954371,207,97,1355,2017.0,0.0,12653.0,1.597178,0.753722,SVN,HKG,8431
2954372,208,97,1355,2017.0,491778.0,3658793.0,1.695113,0.6885060000000001,SWE,HKG,8431
2954373,216,97,1355,2017.0,2697867.0,163637.0,1.15791,1.282718,THA,HKG,8431
2954374,223,97,1355,2017.0,7231.0,0.0,0.31342600000000004,1.071153,TUN,HKG,8431
2954375,224,97,1355,2017.0,660388.0,109322.0,0.601079,2.126314,TUR,HKG,8431
2954376,228,97,1355,2017.0,6253.0,80740.0,0.34780900000000003,1.076817,UKR,HKG,8431
2954377,230,97,1355,2017.0,0.0,72148.0,0.09085900000000001,-0.246694,URY,HKG,8431
2954378,231,97,1355,2017.0,4121702.0,2785182.0,1.536355,0.23775100000000002,USA,HKG,8431
2954379,236,97,1355,2017.0,0.0,1047.0,-1.191942,-1.245689,VEN,HKG,8431
2954380,239,97,1355,2017.0,3675469.0,339651.0,-0.006548999999999999,0.7030420000000001,VNM,HKG,8431
2954381,246,97,1355,2017.0,0.0,154362.0,-0.048668,1.283483,ZAF,HKG,8431
2954382,249,97,1355,2017.0,2306008.0,1566986.0,2.003822,1.215216,TWN,HKG,8431
2954383,250,97,1355,2017.0,0.0,12438.0,0.472054,-0.363374,ANS,HKG,8431
2954384,22,99,1355,2017.0,18835.0,0.0,-1.007846,-1.112069,BGD,HND,8431
2954385,39,99,1355,2017.0,0.0,64855.0,0.661032,1.331443,CAN,HND,8431
2954386,41,99,1355,2017.0,0.0,1292.0,2.2443459999999997,0.836363,CHE,HND,8431
2954387,43,99,1355,2017.0,527075.0,2054.0,1.2888030000000001,0.9250700000000001,CHN,HND,8431
2954388,49,99,1355,2017.0,9400.0,6702.0,-0.039238999999999996,-0.246914,COL,HND,8431
2954389,52,99,1355,2017.0,0.0,3137.0,0.288798,0.212928,CRI,HND,8431
2954390,61,99,1355,2017.0,0.0,3492.0,2.164026,-2.458307,DEU,HND,8431
2954391,67,99,1355,2017.0,0.0,1034.0,-1.109413,-1.1561270000000001,ECU,HND,8431
2954392,71,99,1355,2017.0,145019.0,0.0,0.7720279999999999,2.434042,ESP,HND,8431
2954393,77,99,1355,2017.0,0.0,1049.0,1.3874030000000002,0.8887719999999999,FRA,HND,8431
2954394,81,99,1355,2017.0,1046.0,0.0,1.499843,1.120201,GBR,HND,8431
2954395,93,99,1355,2017.0,21496.0,16084.0,-0.40755399999999997,0.63358,GTM,HND,8431
2954396,97,99,1355,2017.0,1361.0,0.0,0.877065,1.1615520000000001,HKG,HND,8431
2954397,103,99,1355,2017.0,2979.0,0.0,-0.072977,1.376847,IDN,HND,8431
2954398,104,99,1355,2017.0,1372.0,0.0,0.262126,2.8212040000000003,IND,HND,8431
2954399,106,99,1355,2017.0,0.0,1037.0,1.444823,0.158356,IRL,HND,8431
2954400,111,99,1355,2017.0,1012.0,0.0,1.4374559999999998,0.21079699999999998,ITA,HND,8431
2954401,114,99,1355,2017.0,0.0,2574.0,2.4440779999999998,-0.46107700000000007,JPN,HND,8431
2954402,118,99,1355,2017.0,5129.0,0.0,-0.654185,-0.655463,KHM,HND,8431
2954403,121,99,1355,2017.0,0.0,24427.0,2.1277470000000003,0.8218719999999999,KOR,HND,8431
2954404,134,99,1355,2017.0,22298.0,0.0,-0.593987,-0.093414,MAR,HND,8431
2954405,138,99,1355,2017.0,5057.0,0.0,1.348763,0.6145010000000001,MEX,HND,8431
2954406,143,99,1355,2017.0,5378.0,0.0,-0.9113129999999999,-0.21514,MMR,HND,8431
2954407,160,99,1355,2017.0,0.0,15119.0,-0.974065,-0.791551,NIC,HND,8431
2954408,166,99,1355,2017.0,0.0,5182.0,0.154926,0.10981500000000001,NZL,HND,8431
2954409,169,99,1355,2017.0,287047.0,15094.0,0.638093,1.01027,PAN,HND,8431
2954410,179,99,1355,2017.0,13063.0,4040.0,0.692908,2.05977,PRT,HND,8431
2954411,183,99,1355,2017.0,0.0,12361.0,-0.42615600000000003,-1.0956489999999999,QAT,HND,8431
2954412,185,99,1355,2017.0,1381.0,0.0,1.145161,1.095192,ROU,HND,8431
2954413,188,99,1355,2017.0,0.0,93930.0,0.508031,-0.42373500000000003,SAU,HND,8431
2954414,197,99,1355,2017.0,1496.0,3509.0,0.11754,0.363982,SLV,HND,8431
2954415,216,99,1355,2017.0,1314.0,0.0,1.15791,1.282718,THA,HND,8431
2954416,224,99,1355,2017.0,3749.0,0.0,0.601079,2.126314,TUR,HND,8431
2954417,231,99,1355,2017.0,53283.0,29915.0,1.536355,0.23775100000000002,USA,HND,8431
2954418,239,99,1355,2017.0,49932.0,0.0,-0.006548999999999999,0.7030420000000001,VNM,HND,8431
2954419,250,99,1355,2017.0,2583.0,0.0,0.472054,-0.363374,ANS,HND,8431
2954420,7,102,1355,2017.0,0.0,238909.0,0.222875,-0.204271,ARE,HUN,8431
2954421,9,102,1355,2017.0,4335.0,7469.0,-0.422667,-0.824041,ARM,HUN,8431
2954422,14,102,1355,2017.0,0.0,195564.0,-0.598537,-0.23571,AUS,HUN,8431
2954423,15,102,1355,2017.0,2342412.0,3744305.0,1.722766,-0.077938,AUT,HUN,8431
2954424,16,102,1355,2017.0,0.0,14710.0,-1.665069,-1.37471,AZE,HUN,8431
2954425,18,102,1355,2017.0,18221.0,2019445.0,1.2396969999999998,1.1699760000000001,BEL,HUN,8431
2954426,22,102,1355,2017.0,7832.0,0.0,-1.007846,-1.112069,BGD,HUN,8431
2954427,23,102,1355,2017.0,10712.0,116062.0,0.563342,1.744989,BGR,HUN,8431
2954428,24,102,1355,2017.0,0.0,9001.0,0.160574,-0.708064,BHR,HUN,8431
2954429,26,102,1355,2017.0,0.0,333830.0,0.584825,0.9219,BIH,HUN,8431
2954430,28,102,1355,2017.0,0.0,18341.0,0.9188780000000001,0.9998819999999999,BLR,HUN,8431
2954431,32,102,1355,2017.0,0.0,3653.0,0.103119,0.808438,BRA,HUN,8431
2954432,39,102,1355,2017.0,0.0,387377.0,0.661032,1.331443,CAN,HUN,8431
2954433,41,102,1355,2017.0,8939.0,489545.0,2.2443459999999997,0.836363,CHE,HUN,8431
2954434,42,102,1355,2017.0,21943.0,0.0,-0.282983,-0.33351,CHL,HUN,8431
2954435,43,102,1355,2017.0,60749808.0,3256274.0,1.2888030000000001,0.9250700000000001,CHN,HUN,8431
2954436,49,102,1355,2017.0,0.0,1551.0,-0.039238999999999996,-0.246914,COL,HUN,8431
2954437,52,102,1355,2017.0,0.0,1254.0,0.288798,0.212928,CRI,HUN,8431
2954438,58,102,1355,2017.0,519098.0,0.0,0.35097399999999995,0.103466,CYP,HUN,8431
2954439,59,102,1355,2017.0,225161.0,455774.0,1.8494680000000001,0.150088,CZE,HUN,8431
2954440,61,102,1355,2017.0,3869764.0,4459566.0,2.164026,-2.458307,DEU,HUN,8431
2954441,64,102,1355,2017.0,55926.0,13325.0,1.143276,1.242437,DNK,HUN,8431
2954442,71,102,1355,2017.0,4555184.0,499378.0,0.7720279999999999,2.434042,ESP,HUN,8431
2954443,72,102,1355,2017.0,0.0,21843.0,1.004481,1.311075,EST,HUN,8431
2954444,74,102,1355,2017.0,9606.0,14746.0,1.6562990000000002,0.94619,FIN,HUN,8431
2954445,77,102,1355,2017.0,958562.0,4362024.0,1.3874030000000002,0.8887719999999999,FRA,HUN,8431
2954446,81,102,1355,2017.0,1583461.0,693431.0,1.499843,1.120201,GBR,HUN,8431
2954447,82,102,1355,2017.0,0.0,1931.0,-0.252287,-0.172336,GEO,HUN,8431
2954448,90,102,1355,2017.0,11703.0,285734.0,0.10646300000000002,1.0936290000000002,GRC,HUN,8431
2954449,97,102,1355,2017.0,719498.0,12293.0,0.877065,1.1615520000000001,HKG,HUN,8431
2954450,100,102,1355,2017.0,34119.0,155399.0,0.8933700000000001,1.4400469999999999,HRV,HUN,8431
2954451,103,102,1355,2017.0,32614.0,3154.0,-0.072977,1.376847,IDN,HUN,8431
2954452,104,102,1355,2017.0,36037.0,0.0,0.262126,2.8212040000000003,IND,HUN,8431
2954453,106,102,1355,2017.0,26307.0,10868.0,1.444823,0.158356,IRL,HUN,8431
2954454,109,102,1355,2017.0,0.0,1324.0,0.279223,-0.34883600000000003,ISL,HUN,8431
2954455,111,102,1355,2017.0,2818240.0,3496354.0,1.4374559999999998,0.21079699999999998,ITA,HUN,8431
2954456,114,102,1355,2017.0,0.0,641173.0,2.4440779999999998,-0.46107700000000007,JPN,HUN,8431
2954457,115,102,1355,2017.0,0.0,7681.0,-0.47984399999999994,-0.40618699999999996,KAZ,HUN,8431
2954458,121,102,1355,2017.0,0.0,337173.0,2.1277470000000003,0.8218719999999999,KOR,HUN,8431
2954459,122,102,1355,2017.0,0.0,54655.0,-0.264903,-1.112018,KWT,HUN,8431
2954460,124,102,1355,2017.0,0.0,82092.0,0.437192,1.027289,LBN,HUN,8431
2954461,130,102,1355,2017.0,5566.0,32913.0,0.770556,1.555233,LTU,HUN,8431
2954462,131,102,1355,2017.0,0.0,11979.0,1.1461629999999998,1.434994,LUX,HUN,8431
2954463,132,102,1355,2017.0,0.0,7080.0,0.644285,1.4304290000000002,LVA,HUN,8431
2954464,134,102,1355,2017.0,0.0,16861.0,-0.593987,-0.093414,MAR,HUN,8431
2954465,135,102,1355,2017.0,0.0,5000.0,-0.135731,-0.008816,MDA,HUN,8431
2954466,144,102,1355,2017.0,0.0,19404.0,0.132462,-0.071601,MNE,HUN,8431
2954467,145,102,1355,2017.0,2902.0,0.0,-1.110506,-1.179734,MNG,HUN,8431
2954468,153,102,1355,2017.0,0.0,2276.0,1.022117,0.6711739999999999,MYS,HUN,8431
2954469,162,102,1355,2017.0,284158.0,272182.0,1.090805,1.452409,NLD,HUN,8431
2954470,163,102,1355,2017.0,0.0,50388.0,0.393228,0.049788,NOR,HUN,8431
2954471,164,102,1355,2017.0,40531.0,0.0,-0.076879,0.530485,NPL,HUN,8431
2954472,166,102,1355,2017.0,0.0,7800.0,0.154926,0.10981500000000001,NZL,HUN,8431
2954473,168,102,1355,2017.0,16566.0,0.0,-0.737436,0.345773,PAK,HUN,8431
2954474,177,102,1355,2017.0,4310236.0,115071.0,1.212941,0.917751,POL,HUN,8431
2954475,179,102,1355,2017.0,1283.0,106972.0,0.692908,2.05977,PRT,HUN,8431
2954476,183,102,1355,2017.0,0.0,19565.0,-0.42615600000000003,-1.0956489999999999,QAT,HUN,8431
2954477,185,102,1355,2017.0,1748558.0,346234.0,1.145161,1.095192,ROU,HUN,8431
2954478,186,102,1355,2017.0,0.0,554278.0,0.07402,0.248236,RUS,HUN,8431
2954479,188,102,1355,2017.0,0.0,20392.0,0.508031,-0.42373500000000003,SAU,HUN,8431
2954480,192,102,1355,2017.0,0.0,22445.0,1.8943720000000002,0.449316,SGP,HUN,8431
2954481,201,102,1355,2017.0,59361.0,106923.0,0.59312,1.535527,SRB,HUN,8431
2954482,206,102,1355,2017.0,3281319.0,1159535.0,1.484316,0.811826,SVK,HUN,8431
2954483,207,102,1355,2017.0,0.0,173291.0,1.597178,0.753722,SVN,HUN,8431
2954484,208,102,1355,2017.0,4901.0,3727.0,1.695113,0.6885060000000001,SWE,HUN,8431
2954485,216,102,1355,2017.0,8861.0,31568.0,1.15791,1.282718,THA,HUN,8431
2954486,223,102,1355,2017.0,9512.0,0.0,0.31342600000000004,1.071153,TUN,HUN,8431
2954487,224,102,1355,2017.0,379050.0,220248.0,0.601079,2.126314,TUR,HUN,8431
2954488,228,102,1355,2017.0,1444217.0,16037.0,0.34780900000000003,1.076817,UKR,HUN,8431
2954489,231,102,1355,2017.0,44570.0,2078999.0,1.536355,0.23775100000000002,USA,HUN,8431
2954490,239,102,1355,2017.0,12486.0,3251.0,-0.006548999999999999,0.7030420000000001,VNM,HUN,8431
2954491,246,102,1355,2017.0,0.0,3734.0,-0.048668,1.283483,ZAF,HUN,8431
2954492,249,102,1355,2017.0,0.0,56060.0,2.003822,1.215216,TWN,HUN,8431
2954493,5,103,1355,2017.0,0.0,11146.0,1.101312,0.593242,AND,IDN,8431
2954494,7,103,1355,2017.0,9318.0,847707.0,0.222875,-0.204271,ARE,IDN,8431
2954495,8,103,1355,2017.0,0.0,36784.0,-0.268441,0.337024,ARG,IDN,8431
2954496,9,103,1355,2017.0,0.0,2181.0,-0.422667,-0.824041,ARM,IDN,8431
2954497,14,103,1355,2017.0,10346.0,3450424.0,-0.598537,-0.23571,AUS,IDN,8431
2954498,15,103,1355,2017.0,0.0,78310.0,1.722766,-0.077938,AUT,IDN,8431
2954499,16,103,1355,2017.0,0.0,1790.0,-1.665069,-1.37471,AZE,IDN,8431
2954500,18,103,1355,2017.0,0.0,584512.0,1.2396969999999998,1.1699760000000001,BEL,IDN,8431
2954501,22,103,1355,2017.0,213801.0,0.0,-1.007846,-1.112069,BGD,IDN,8431
2954502,23,103,1355,2017.0,3311.0,0.0,0.563342,1.744989,BGR,IDN,8431
2954503,24,103,1355,2017.0,0.0,39044.0,0.160574,-0.708064,BHR,IDN,8431
2954504,26,103,1355,2017.0,0.0,4135.0,0.584825,0.9219,BIH,IDN,8431
2954505,28,103,1355,2017.0,0.0,3539.0,0.9188780000000001,0.9998819999999999,BLR,IDN,8431
2954506,31,103,1355,2017.0,0.0,3725.0,-1.032957,-0.9679840000000001,BOL,IDN,8431
2954507,32,103,1355,2017.0,0.0,195484.0,0.103119,0.808438,BRA,IDN,8431
2954508,34,103,1355,2017.0,0.0,27620.0,0.13716,-0.783787,BRN,IDN,8431
2954509,39,103,1355,2017.0,0.0,3120008.0,0.661032,1.331443,CAN,IDN,8431
2954510,41,103,1355,2017.0,0.0,415019.0,2.2443459999999997,0.836363,CHE,IDN,8431
2954511,42,103,1355,2017.0,0.0,100576.0,-0.282983,-0.33351,CHL,IDN,8431
2954512,43,103,1355,2017.0,18166964.0,9846866.0,1.2888030000000001,0.9250700000000001,CHN,IDN,8431
2954513,49,103,1355,2017.0,0.0,56616.0,-0.039238999999999996,-0.246914,COL,IDN,8431
2954514,52,103,1355,2017.0,0.0,22811.0,0.288798,0.212928,CRI,IDN,8431
2954515,59,103,1355,2017.0,0.0,231814.0,1.8494680000000001,0.150088,CZE,IDN,8431
2954516,61,103,1355,2017.0,18312.0,4662343.0,2.164026,-2.458307,DEU,IDN,8431
2954517,64,103,1355,2017.0,3489.0,172343.0,1.143276,1.242437,DNK,IDN,8431
2954518,65,103,1355,2017.0,0.0,7606.0,-0.314875,0.125244,DOM,IDN,8431
2954519,66,103,1355,2017.0,0.0,47864.0,-0.918984,-1.177867,DZA,IDN,8431
2954520,67,103,1355,2017.0,0.0,37799.0,-1.109413,-1.1561270000000001,ECU,IDN,8431
2954521,71,103,1355,2017.0,1870620.0,3756862.0,0.7720279999999999,2.434042,ESP,IDN,8431
2954522,72,103,1355,2017.0,0.0,22215.0,1.004481,1.311075,EST,IDN,8431
2954523,74,103,1355,2017.0,0.0,79968.0,1.6562990000000002,0.94619,FIN,IDN,8431
2954524,75,103,1355,2017.0,0.0,13048.0,-0.500896,-0.169256,FJI,IDN,8431
2954525,77,103,1355,2017.0,346444.0,1651132.0,1.3874030000000002,0.8887719999999999,FRA,IDN,8431
2954526,81,103,1355,2017.0,73548.0,4170340.0,1.499843,1.120201,GBR,IDN,8431
2954527,83,103,1355,2017.0,0.0,1942.0,-0.910444,-0.906315,GHA,IDN,8431
2954528,90,103,1355,2017.0,0.0,50128.0,0.10646300000000002,1.0936290000000002,GRC,IDN,8431
2954529,95,103,1355,2017.0,0.0,3164.0,0.584598,-0.07072,GUM,IDN,8431
2954530,97,103,1355,2017.0,345545.0,1446553.0,0.877065,1.1615520000000001,HKG,IDN,8431
2954531,99,103,1355,2017.0,0.0,2979.0,-0.44761999999999996,-0.20167100000000002,HND,IDN,8431
2954532,100,103,1355,2017.0,0.0,30206.0,0.8933700000000001,1.4400469999999999,HRV,IDN,8431
2954533,102,103,1355,2017.0,3154.0,32614.0,1.6949029999999998,0.723915,HUN,IDN,8431
2954534,104,103,1355,2017.0,40723.0,64481.0,0.262126,2.8212040000000003,IND,IDN,8431
2954535,106,103,1355,2017.0,0.0,39754.0,1.444823,0.158356,IRL,IDN,8431
2954536,108,103,1355,2017.0,0.0,112007.0,-1.135867,-0.9570700000000001,IRQ,IDN,8431
2954537,109,103,1355,2017.0,0.0,1615.0,0.279223,-0.34883600000000003,ISL,IDN,8431
2954538,110,103,1355,2017.0,0.0,46239.0,1.158779,0.8909020000000001,ISR,IDN,8431
2954539,111,103,1355,2017.0,170388.0,1664950.0,1.4374559999999998,0.21079699999999998,ITA,IDN,8431
2954540,112,103,1355,2017.0,0.0,1149.0,-0.362252,-0.756476,JAM,IDN,8431
2954541,114,103,1355,2017.0,3687.0,15707530.0,2.4440779999999998,-0.46107700000000007,JPN,IDN,8431
2954542,115,103,1355,2017.0,0.0,17005.0,-0.47984399999999994,-0.40618699999999996,KAZ,IDN,8431
2954543,118,103,1355,2017.0,106046.0,0.0,-0.654185,-0.655463,KHM,IDN,8431
2954544,121,103,1355,2017.0,65892.0,5903678.0,2.1277470000000003,0.8218719999999999,KOR,IDN,8431
2954545,122,103,1355,2017.0,0.0,92603.0,-0.264903,-1.112018,KWT,IDN,8431
2954546,124,103,1355,2017.0,0.0,290056.0,0.437192,1.027289,LBN,IDN,8431
2954547,128,103,1355,2017.0,62912.0,23929.0,-0.506691,0.43309200000000003,LKA,IDN,8431
2954548,131,103,1355,2017.0,0.0,15752.0,1.1461629999999998,1.434994,LUX,IDN,8431
2954549,132,103,1355,2017.0,0.0,1830.0,0.644285,1.4304290000000002,LVA,IDN,8431
2954550,133,103,1355,2017.0,0.0,10156.0,0.33025,-0.008723999999999999,MAC,IDN,8431
2954551,134,103,1355,2017.0,728735.0,29235.0,-0.593987,-0.093414,MAR,IDN,8431
2954552,138,103,1355,2017.0,0.0,376547.0,1.348763,0.6145010000000001,MEX,IDN,8431
2954553,140,103,1355,2017.0,0.0,1751.0,-0.12182799999999999,-0.333793,MKD,IDN,8431
2954554,142,103,1355,2017.0,0.0,2132.0,0.9943420000000001,0.181922,MLT,IDN,8431
2954555,143,103,1355,2017.0,92043.0,0.0,-0.9113129999999999,-0.21514,MMR,IDN,8431
2954556,144,103,1355,2017.0,0.0,6865.0,0.132462,-0.071601,MNE,IDN,8431
2954557,145,103,1355,2017.0,0.0,1036.0,-1.110506,-1.179734,MNG,IDN,8431
2954558,147,103,1355,2017.0,0.0,1651.0,-1.3967319999999999,-1.1603290000000002,MOZ,IDN,8431
2954559,151,103,1355,2017.0,0.0,19022.0,-0.166097,-0.050332,MUS,IDN,8431
2954560,153,103,1355,2017.0,136972.0,1621687.0,1.022117,0.6711739999999999,MYS,IDN,8431
2954561,156,103,1355,2017.0,0.0,10350.0,-0.346671,-0.871627,NCL,IDN,8431
2954562,160,103,1355,2017.0,0.0,1625.0,-0.974065,-0.791551,NIC,IDN,8431
2954563,162,103,1355,2017.0,1195.0,3755839.0,1.090805,1.452409,NLD,IDN,8431
2954564,163,103,1355,2017.0,1137.0,540847.0,0.393228,0.049788,NOR,IDN,8431
2954565,166,103,1355,2017.0,0.0,102953.0,0.154926,0.10981500000000001,NZL,IDN,8431
2954566,167,103,1355,2017.0,0.0,24272.0,-0.44851199999999997,-0.9820049999999999,OMN,IDN,8431
2954567,168,103,1355,2017.0,5204.0,0.0,-0.737436,0.345773,PAK,IDN,8431
2954568,169,103,1355,2017.0,0.0,17956.0,0.638093,1.01027,PAN,IDN,8431
2954569,173,103,1355,2017.0,0.0,58875.0,-0.8214469999999999,-0.333306,PER,IDN,8431
2954570,174,103,1355,2017.0,10883.0,153688.0,0.717074,0.224219,PHL,IDN,8431
2954571,177,103,1355,2017.0,6874.0,882490.0,1.212941,0.917751,POL,IDN,8431
2954572,179,103,1355,2017.0,46171.0,6461.0,0.692908,2.05977,PRT,IDN,8431
2954573,180,103,1355,2017.0,0.0,6410.0,-0.604205,-0.956699,PRY,IDN,8431
2954574,182,103,1355,2017.0,0.0,1910.0,-0.25095500000000004,-0.8336620000000001,PYF,IDN,8431
2954575,183,103,1355,2017.0,0.0,130469.0,-0.42615600000000003,-1.0956489999999999,QAT,IDN,8431
2954576,185,103,1355,2017.0,56141.0,21214.0,1.145161,1.095192,ROU,IDN,8431
2954577,186,103,1355,2017.0,0.0,556223.0,0.07402,0.248236,RUS,IDN,8431
2954578,188,103,1355,2017.0,0.0,135764.0,0.508031,-0.42373500000000003,SAU,IDN,8431
2954579,192,103,1355,2017.0,690880.0,283043.0,1.8943720000000002,0.449316,SGP,IDN,8431
2954580,197,103,1355,2017.0,0.0,2814.0,0.11754,0.363982,SLV,IDN,8431
2954581,201,103,1355,2017.0,0.0,24665.0,0.59312,1.535527,SRB,IDN,8431
2954582,206,103,1355,2017.0,7548.0,26886.0,1.484316,0.811826,SVK,IDN,8431
2954583,207,103,1355,2017.0,0.0,81970.0,1.597178,0.753722,SVN,IDN,8431
2954584,208,103,1355,2017.0,0.0,246106.0,1.695113,0.6885060000000001,SWE,IDN,8431
2954585,216,103,1355,2017.0,15834.0,301492.0,1.15791,1.282718,THA,IDN,8431
2954586,220,103,1355,2017.0,0.0,2354.0,-0.44857299999999994,-0.76841,TLS,IDN,8431
2954587,223,103,1355,2017.0,1625.0,0.0,0.31342600000000004,1.071153,TUN,IDN,8431
2954588,224,103,1355,2017.0,15952.0,214300.0,0.601079,2.126314,TUR,IDN,8431
2954589,228,103,1355,2017.0,3138.0,233097.0,0.34780900000000003,1.076817,UKR,IDN,8431
2954590,230,103,1355,2017.0,0.0,6671.0,0.09085900000000001,-0.246694,URY,IDN,8431
2954591,231,103,1355,2017.0,2429.0,28709716.0,1.536355,0.23775100000000002,USA,IDN,8431
2954592,239,103,1355,2017.0,223785.0,70800.0,-0.006548999999999999,0.7030420000000001,VNM,IDN,8431
2954593,246,103,1355,2017.0,0.0,62619.0,-0.048668,1.283483,ZAF,IDN,8431
2954594,249,103,1355,2017.0,34346.0,363114.0,2.003822,1.215216,TWN,IDN,8431
2954595,1,104,1355,2017.0,0.0,140576.0,-1.341683,-0.9569620000000001,AFG,IND,8431
2954596,7,104,1355,2017.0,42633.0,4802640.0,0.222875,-0.204271,ARE,IND,8431
2954597,8,104,1355,2017.0,0.0,2554138.0,-0.268441,0.337024,ARG,IND,8431
2954598,9,104,1355,2017.0,0.0,5048.0,-0.422667,-0.824041,ARM,IND,8431
2954599,14,104,1355,2017.0,0.0,1554810.0,-0.598537,-0.23571,AUS,IND,8431
2954600,15,104,1355,2017.0,0.0,187367.0,1.722766,-0.077938,AUT,IND,8431
2954601,16,104,1355,2017.0,0.0,7222.0,-1.665069,-1.37471,AZE,IND,8431
2954602,18,104,1355,2017.0,6850.0,1279736.0,1.2396969999999998,1.1699760000000001,BEL,IND,8431
2954603,22,104,1355,2017.0,2985828.0,15988.0,-1.007846,-1.112069,BGD,IND,8431
2954604,23,104,1355,2017.0,7181.0,30828.0,0.563342,1.744989,BGR,IND,8431
2954605,24,104,1355,2017.0,0.0,1526868.0,0.160574,-0.708064,BHR,IND,8431
2954606,26,104,1355,2017.0,0.0,10919.0,0.584825,0.9219,BIH,IND,8431
2954607,28,104,1355,2017.0,0.0,2272.0,0.9188780000000001,0.9998819999999999,BLR,IND,8431
2954608,30,104,1355,2017.0,0.0,1728.0,1.16947,-0.302517,BMU,IND,8431
2954609,31,104,1355,2017.0,0.0,6012.0,-1.032957,-0.9679840000000001,BOL,IND,8431
2954610,32,104,1355,2017.0,0.0,591127.0,0.103119,0.808438,BRA,IND,8431
2954611,33,104,1355,2017.0,0.0,1475.0,0.47282700000000005,0.088603,BRB,IND,8431
2954612,37,104,1355,2017.0,0.0,3307.0,-0.41364700000000004,-1.099512,BWA,IND,8431
2954613,39,104,1355,2017.0,1141.0,2496129.0,0.661032,1.331443,CAN,IND,8431
2954614,41,104,1355,2017.0,0.0,256534.0,2.2443459999999997,0.836363,CHE,IND,8431
2954615,42,104,1355,2017.0,0.0,893726.0,-0.282983,-0.33351,CHL,IND,8431
2954616,43,104,1355,2017.0,96399008.0,811672.0,1.2888030000000001,0.9250700000000001,CHN,IND,8431
2954617,44,104,1355,2017.0,0.0,7008.0,-0.991865,-0.9496889999999999,CIV,IND,8431
2954618,46,104,1355,2017.0,0.0,5228.0,-1.158421,-1.14955,COD,IND,8431
2954619,49,104,1355,2017.0,0.0,419927.0,-0.039238999999999996,-0.246914,COL,IND,8431
2954620,50,104,1355,2017.0,0.0,1393.0,-0.395615,-0.921531,COM,IND,8431
2954621,52,104,1355,2017.0,0.0,11163.0,0.288798,0.212928,CRI,IND,8431
2954622,55,104,1355,2017.0,0.0,144932.0,-0.146136,-0.780933,CUW,IND,8431
2954623,58,104,1355,2017.0,0.0,3721.0,0.35097399999999995,0.103466,CYP,IND,8431
2954624,59,104,1355,2017.0,0.0,119694.0,1.8494680000000001,0.150088,CZE,IND,8431
2954625,61,104,1355,2017.0,29115.0,4617076.0,2.164026,-2.458307,DEU,IND,8431
2954626,64,104,1355,2017.0,27990.0,1097292.0,1.143276,1.242437,DNK,IND,8431
2954627,65,104,1355,2017.0,0.0,8432.0,-0.314875,0.125244,DOM,IND,8431
2954628,66,104,1355,2017.0,0.0,36559.0,-0.918984,-1.177867,DZA,IND,8431
2954629,67,104,1355,2017.0,0.0,9843.0,-1.109413,-1.1561270000000001,ECU,IND,8431
2954630,68,104,1355,2017.0,0.0,126145.0,-0.09792100000000001,1.9664270000000001,EGY,IND,8431
2954631,71,104,1355,2017.0,1166060.0,12629894.0,0.7720279999999999,2.434042,ESP,IND,8431
2954632,72,104,1355,2017.0,0.0,23690.0,1.004481,1.311075,EST,IND,8431
2954633,73,104,1355,2017.0,0.0,3812.0,-0.874714,-0.58418,ETH,IND,8431
2954634,74,104,1355,2017.0,0.0,108156.0,1.6562990000000002,0.94619,FIN,IND,8431
2954635,75,104,1355,2017.0,0.0,23624.0,-0.500896,-0.169256,FJI,IND,8431
2954636,77,104,1355,2017.0,143637.0,5186064.0,1.3874030000000002,0.8887719999999999,FRA,IND,8431
2954637,81,104,1355,2017.0,186150.0,9583985.0,1.499843,1.120201,GBR,IND,8431
2954638,82,104,1355,2017.0,0.0,19559.0,-0.252287,-0.172336,GEO,IND,8431
2954639,83,104,1355,2017.0,0.0,5625.0,-0.910444,-0.906315,GHA,IND,8431
2954640,85,104,1355,2017.0,0.0,7026.0,-1.694853,-1.30845,GIN,IND,8431
2954641,90,104,1355,2017.0,1593.0,102563.0,0.10646300000000002,1.0936290000000002,GRC,IND,8431
2954642,96,104,1355,2017.0,0.0,14256.0,-0.647247,-0.770389,GUY,IND,8431
2954643,97,104,1355,2017.0,94465.0,1153272.0,0.877065,1.1615520000000001,HKG,IND,8431
2954644,99,104,1355,2017.0,0.0,1372.0,-0.44761999999999996,-0.20167100000000002,HND,IND,8431
2954645,100,104,1355,2017.0,0.0,9321.0,0.8933700000000001,1.4400469999999999,HRV,IND,8431
2954646,102,104,1355,2017.0,0.0,36037.0,1.6949029999999998,0.723915,HUN,IND,8431
2954647,103,104,1355,2017.0,64481.0,40723.0,-0.072977,1.376847,IDN,IND,8431
2954648,106,104,1355,2017.0,0.0,149169.0,1.444823,0.158356,IRL,IND,8431
2954649,107,104,1355,2017.0,0.0,2715.0,-0.305601,-0.42131899999999994,IRN,IND,8431
2954650,108,104,1355,2017.0,0.0,42516.0,-1.135867,-0.9570700000000001,IRQ,IND,8431
2954651,109,104,1355,2017.0,0.0,11812.0,0.279223,-0.34883600000000003,ISL,IND,8431
2954652,110,104,1355,2017.0,0.0,305864.0,1.158779,0.8909020000000001,ISR,IND,8431
2954653,111,104,1355,2017.0,433882.0,2142901.0,1.4374559999999998,0.21079699999999998,ITA,IND,8431
2954654,113,104,1355,2017.0,0.0,234002.0,0.079237,0.182893,JOR,IND,8431
2954655,114,104,1355,2017.0,9445.0,2274813.0,2.4440779999999998,-0.46107700000000007,JPN,IND,8431
2954656,115,104,1355,2017.0,0.0,88623.0,-0.47984399999999994,-0.40618699999999996,KAZ,IND,8431
2954657,116,104,1355,2017.0,0.0,28481.0,-0.549171,0.39358899999999997,KEN,IND,8431
2954658,117,104,1355,2017.0,0.0,85734.0,0.056509000000000004,0.363176,KGZ,IND,8431
2954659,118,104,1355,2017.0,151293.0,0.0,-0.654185,-0.655463,KHM,IND,8431
2954660,120,104,1355,2017.0,0.0,1681.0,1.1828530000000002,-0.12344300000000001,KNA,IND,8431
2954661,121,104,1355,2017.0,3999.0,434687.0,2.1277470000000003,0.8218719999999999,KOR,IND,8431
2954662,122,104,1355,2017.0,4549.0,518660.0,-0.264903,-1.112018,KWT,IND,8431
2954663,124,104,1355,2017.0,0.0,416671.0,0.437192,1.027289,LBN,IND,8431
2954664,126,104,1355,2017.0,0.0,8788.0,-1.067632,-1.21154,LBY,IND,8431
2954665,127,104,1355,2017.0,0.0,15688.0,0.543844,0.006412,LCA,IND,8431
2954666,128,104,1355,2017.0,66598.0,96147.0,-0.506691,0.43309200000000003,LKA,IND,8431
2954667,131,104,1355,2017.0,0.0,6653.0,1.1461629999999998,1.434994,LUX,IND,8431
2954668,132,104,1355,2017.0,0.0,8197.0,0.644285,1.4304290000000002,LVA,IND,8431
2954669,134,104,1355,2017.0,0.0,235889.0,-0.593987,-0.093414,MAR,IND,8431
2954670,137,104,1355,2017.0,0.0,4830.0,-0.739309,-0.951202,MDV,IND,8431
2954671,138,104,1355,2017.0,0.0,884320.0,1.348763,0.6145010000000001,MEX,IND,8431
2954672,140,104,1355,2017.0,4124.0,1581.0,-0.12182799999999999,-0.333793,MKD,IND,8431
2954673,143,104,1355,2017.0,176260.0,4523.0,-0.9113129999999999,-0.21514,MMR,IND,8431
2954674,144,104,1355,2017.0,0.0,10273.0,0.132462,-0.071601,MNE,IND,8431
2954675,145,104,1355,2017.0,0.0,1141.0,-1.110506,-1.179734,MNG,IND,8431
2954676,148,104,1355,2017.0,0.0,11096.0,-1.516459,-1.362156,MRT,IND,8431
2954677,151,104,1355,2017.0,0.0,65973.0,-0.166097,-0.050332,MUS,IND,8431
2954678,152,104,1355,2017.0,0.0,10908.0,-0.838501,-0.938642,MWI,IND,8431
2954679,153,104,1355,2017.0,120361.0,97790.0,1.022117,0.6711739999999999,MYS,IND,8431
2954680,159,104,1355,2017.0,0.0,291412.0,-1.784814,-1.310281,NGA,IND,8431
2954681,162,104,1355,2017.0,1001.0,3385610.0,1.090805,1.452409,NLD,IND,8431
2954682,163,104,1355,2017.0,0.0,176473.0,0.393228,0.049788,NOR,IND,8431
2954683,164,104,1355,2017.0,353237.0,48930.0,-0.076879,0.530485,NPL,IND,8431
2954684,166,104,1355,2017.0,0.0,96276.0,0.154926,0.10981500000000001,NZL,IND,8431
2954685,167,104,1355,2017.0,0.0,289440.0,-0.44851199999999997,-0.9820049999999999,OMN,IND,8431
2954686,168,104,1355,2017.0,1997.0,33518.0,-0.737436,0.345773,PAK,IND,8431
2954687,169,104,1355,2017.0,0.0,162880.0,0.638093,1.01027,PAN,IND,8431
2954688,173,104,1355,2017.0,0.0,228751.0,-0.8214469999999999,-0.333306,PER,IND,8431
2954689,174,104,1355,2017.0,0.0,5011.0,0.717074,0.224219,PHL,IND,8431
2954690,177,104,1355,2017.0,5511.0,966002.0,1.212941,0.917751,POL,IND,8431
2954691,178,104,1355,2017.0,0.0,11716.0,-0.317963,0.00428,PRK,IND,8431
2954692,179,104,1355,2017.0,6573.0,138115.0,0.692908,2.05977,PRT,IND,8431
2954693,180,104,1355,2017.0,0.0,42088.0,-0.604205,-0.956699,PRY,IND,8431
2954694,181,104,1355,2017.0,0.0,42392.0,0.22982199999999997,0.768037,PSE,IND,8431
2954695,182,104,1355,2017.0,0.0,1854.0,-0.25095500000000004,-0.8336620000000001,PYF,IND,8431
2954696,183,104,1355,2017.0,0.0,734249.0,-0.42615600000000003,-1.0956489999999999,QAT,IND,8431
2954697,185,104,1355,2017.0,30899.0,53191.0,1.145161,1.095192,ROU,IND,8431
2954698,186,104,1355,2017.0,1938.0,673120.0,0.07402,0.248236,RUS,IND,8431
2954699,188,104,1355,2017.0,0.0,880676.0,0.508031,-0.42373500000000003,SAU,IND,8431
2954700,190,104,1355,2017.0,0.0,1406875.0,-1.488393,-1.236046,SDN,IND,8431
2954701,191,104,1355,2017.0,0.0,3437.0,-0.604504,-0.228411,SEN,IND,8431
2954702,192,104,1355,2017.0,14818.0,189463.0,1.8943720000000002,0.449316,SGP,IND,8431
2954703,199,104,1355,2017.0,0.0,2973.0,-1.497791,-1.154636,SOM,IND,8431
2954704,201,104,1355,2017.0,0.0,9932.0,0.59312,1.535527,SRB,IND,8431
2954705,205,104,1355,2017.0,0.0,6223.0,-0.426954,-1.022706,SUR,IND,8431
2954706,206,104,1355,2017.0,0.0,234147.0,1.484316,0.811826,SVK,IND,8431
2954707,207,104,1355,2017.0,0.0,54434.0,1.597178,0.753722,SVN,IND,8431
2954708,208,104,1355,2017.0,2030.0,1445614.0,1.695113,0.6885060000000001,SWE,IND,8431
2954709,211,104,1355,2017.0,0.0,36160.0,-0.116998,-0.7398779999999999,SYC,IND,8431
2954710,215,104,1355,2017.0,0.0,36583.0,-0.884833,-0.7139220000000001,TGO,IND,8431
2954711,216,104,1355,2017.0,38447.0,65929.0,1.15791,1.282718,THA,IND,8431
2954712,223,104,1355,2017.0,6554.0,3901.0,0.31342600000000004,1.071153,TUN,IND,8431
2954713,224,104,1355,2017.0,30680.0,188201.0,0.601079,2.126314,TUR,IND,8431
2954714,226,104,1355,2017.0,0.0,25952.0,-0.968485,0.137755,TZA,IND,8431
2954715,228,104,1355,2017.0,0.0,32640.0,0.34780900000000003,1.076817,UKR,IND,8431
2954716,230,104,1355,2017.0,0.0,856933.0,0.09085900000000001,-0.246694,URY,IND,8431
2954717,231,104,1355,2017.0,8503.0,30646266.0,1.536355,0.23775100000000002,USA,IND,8431
2954718,232,104,1355,2017.0,0.0,8450.0,-0.386302,-0.35475999999999996,UZB,IND,8431
2954719,239,104,1355,2017.0,255367.0,31287.0,-0.006548999999999999,0.7030420000000001,VNM,IND,8431
2954720,243,104,1355,2017.0,0.0,64763.0,-1.1364370000000001,-1.167681,YEM,IND,8431
2954721,246,104,1355,2017.0,0.0,496485.0,-0.048668,1.283483,ZAF,IND,8431
2954722,247,104,1355,2017.0,0.0,9944.0,-0.763066,-0.9292530000000001,ZMB,IND,8431
2954723,248,104,1355,2017.0,0.0,14209.0,-1.101034,-1.107705,ZWE,IND,8431
2954724,249,104,1355,2017.0,0.0,175493.0,2.003822,1.215216,TWN,IND,8431
2954725,250,104,1355,2017.0,29294.0,0.0,0.472054,-0.363374,ANS,IND,8431
2954726,7,106,1355,2017.0,1680.0,0.0,0.222875,-0.204271,ARE,IRL,8431
2954727,14,106,1355,2017.0,6712.0,5938.0,-0.598537,-0.23571,AUS,IRL,8431
2954728,15,106,1355,2017.0,125641.0,7572.0,1.722766,-0.077938,AUT,IRL,8431
2954729,18,106,1355,2017.0,346430.0,353066.0,1.2396969999999998,1.1699760000000001,BEL,IRL,8431
2954730,22,106,1355,2017.0,1281102.0,0.0,-1.007846,-1.112069,BGD,IRL,8431
2954731,23,106,1355,2017.0,904041.0,20077.0,0.563342,1.744989,BGR,IRL,8431
2954732,26,106,1355,2017.0,97291.0,0.0,0.584825,0.9219,BIH,IRL,8431
2954733,28,106,1355,2017.0,53014.0,0.0,0.9188780000000001,0.9998819999999999,BLR,IRL,8431
2954734,39,106,1355,2017.0,3813.0,40297.0,0.661032,1.331443,CAN,IRL,8431
2954735,41,106,1355,2017.0,21174.0,65041.0,2.2443459999999997,0.836363,CHE,IRL,8431
2954736,42,106,1355,2017.0,23751.0,0.0,-0.282983,-0.33351,CHL,IRL,8431
2954737,43,106,1355,2017.0,7591508.0,16021.0,1.2888030000000001,0.9250700000000001,CHN,IRL,8431
2954738,49,106,1355,2017.0,16143.0,0.0,-0.039238999999999996,-0.246914,COL,IRL,8431
2954739,52,106,1355,2017.0,0.0,5297.0,0.288798,0.212928,CRI,IRL,8431
2954740,58,106,1355,2017.0,4323.0,0.0,0.35097399999999995,0.103466,CYP,IRL,8431
2954741,59,106,1355,2017.0,11516.0,3095.0,1.8494680000000001,0.150088,CZE,IRL,8431
2954742,61,106,1355,2017.0,3380203.0,386470.0,2.164026,-2.458307,DEU,IRL,8431
2954743,64,106,1355,2017.0,1989262.0,139197.0,1.143276,1.242437,DNK,IRL,8431
2954744,68,106,1355,2017.0,4207.0,0.0,-0.09792100000000001,1.9664270000000001,EGY,IRL,8431
2954745,71,106,1355,2017.0,9785595.0,951441.0,0.7720279999999999,2.434042,ESP,IRL,8431
2954746,74,106,1355,2017.0,0.0,13886.0,1.6562990000000002,0.94619,FIN,IRL,8431
2954747,77,106,1355,2017.0,3140152.0,541965.0,1.3874030000000002,0.8887719999999999,FRA,IRL,8431
2954748,81,106,1355,2017.0,41513976.0,5564010.0,1.499843,1.120201,GBR,IRL,8431
2954749,90,106,1355,2017.0,97850.0,0.0,0.10646300000000002,1.0936290000000002,GRC,IRL,8431
2954750,97,106,1355,2017.0,119384.0,39810.0,0.877065,1.1615520000000001,HKG,IRL,8431
2954751,99,106,1355,2017.0,1037.0,0.0,-0.44761999999999996,-0.20167100000000002,HND,IRL,8431
2954752,100,106,1355,2017.0,25242.0,4204.0,0.8933700000000001,1.4400469999999999,HRV,IRL,8431
2954753,102,106,1355,2017.0,10868.0,26307.0,1.6949029999999998,0.723915,HUN,IRL,8431
2954754,103,106,1355,2017.0,39754.0,0.0,-0.072977,1.376847,IDN,IRL,8431
2954755,104,106,1355,2017.0,149169.0,0.0,0.262126,2.8212040000000003,IND,IRL,8431
2954756,107,106,1355,2017.0,0.0,3275.0,-0.305601,-0.42131899999999994,IRN,IRL,8431
2954757,109,106,1355,2017.0,0.0,1859.0,0.279223,-0.34883600000000003,ISL,IRL,8431
2954758,110,106,1355,2017.0,0.0,2292.0,1.158779,0.8909020000000001,ISR,IRL,8431
2954759,111,106,1355,2017.0,3975688.0,171792.0,1.4374559999999998,0.21079699999999998,ITA,IRL,8431
2954760,114,106,1355,2017.0,13533.0,79814.0,2.4440779999999998,-0.46107700000000007,JPN,IRL,8431
2954761,118,106,1355,2017.0,271463.0,0.0,-0.654185,-0.655463,KHM,IRL,8431
2954762,121,106,1355,2017.0,4863.0,2844.0,2.1277470000000003,0.8218719999999999,KOR,IRL,8431
2954763,124,106,1355,2017.0,0.0,1627.0,0.437192,1.027289,LBN,IRL,8431
2954764,128,106,1355,2017.0,142210.0,0.0,-0.506691,0.43309200000000003,LKA,IRL,8431
2954765,130,106,1355,2017.0,134579.0,1940.0,0.770556,1.555233,LTU,IRL,8431
2954766,132,106,1355,2017.0,275227.0,0.0,0.644285,1.4304290000000002,LVA,IRL,8431
2954767,133,106,1355,2017.0,11604.0,0.0,0.33025,-0.008723999999999999,MAC,IRL,8431
2954768,134,106,1355,2017.0,558420.0,1250.0,-0.593987,-0.093414,MAR,IRL,8431
2954769,135,106,1355,2017.0,41886.0,0.0,-0.135731,-0.008816,MDA,IRL,8431
2954770,140,106,1355,2017.0,77820.0,0.0,-0.12182799999999999,-0.333793,MKD,IRL,8431
2954771,142,106,1355,2017.0,0.0,3909.0,0.9943420000000001,0.181922,MLT,IRL,8431
2954772,143,106,1355,2017.0,1352157.0,0.0,-0.9113129999999999,-0.21514,MMR,IRL,8431
2954773,151,106,1355,2017.0,77193.0,0.0,-0.166097,-0.050332,MUS,IRL,8431
2954774,153,106,1355,2017.0,13202.0,0.0,1.022117,0.6711739999999999,MYS,IRL,8431
2954775,162,106,1355,2017.0,1974147.0,339561.0,1.090805,1.452409,NLD,IRL,8431
2954776,163,106,1355,2017.0,2396.0,6722.0,0.393228,0.049788,NOR,IRL,8431
2954777,164,106,1355,2017.0,8181.0,0.0,-0.076879,0.530485,NPL,IRL,8431
2954778,168,106,1355,2017.0,68925.0,0.0,-0.737436,0.345773,PAK,IRL,8431
2954779,174,106,1355,2017.0,3173.0,0.0,0.717074,0.224219,PHL,IRL,8431
2954780,177,106,1355,2017.0,771353.0,81399.0,1.212941,0.917751,POL,IRL,8431
2954781,179,106,1355,2017.0,1070752.0,28824.0,0.692908,2.05977,PRT,IRL,8431
2954782,185,106,1355,2017.0,2753719.0,13973.0,1.145161,1.095192,ROU,IRL,8431
2954783,186,106,1355,2017.0,16767.0,0.0,0.07402,0.248236,RUS,IRL,8431
2954784,201,106,1355,2017.0,28370.0,0.0,0.59312,1.535527,SRB,IRL,8431
2954785,205,106,1355,2017.0,1286.0,0.0,-0.426954,-1.022706,SUR,IRL,8431
2954786,206,106,1355,2017.0,51856.0,3400.0,1.484316,0.811826,SVK,IRL,8431
2954787,207,106,1355,2017.0,1949.0,0.0,1.597178,0.753722,SVN,IRL,8431
2954788,208,106,1355,2017.0,25480.0,15978.0,1.695113,0.6885060000000001,SWE,IRL,8431
2954789,216,106,1355,2017.0,35453.0,0.0,1.15791,1.282718,THA,IRL,8431
2954790,218,106,1355,2017.0,58285.0,0.0,0.382979,-0.24692399999999998,TKL,IRL,8431
2954791,223,106,1355,2017.0,10662.0,0.0,0.31342600000000004,1.071153,TUN,IRL,8431
2954792,224,106,1355,2017.0,1237497.0,9550.0,0.601079,2.126314,TUR,IRL,8431
2954793,228,106,1355,2017.0,336208.0,0.0,0.34780900000000003,1.076817,UKR,IRL,8431
2954794,231,106,1355,2017.0,184304.0,152916.0,1.536355,0.23775100000000002,USA,IRL,8431
2954795,239,106,1355,2017.0,5139236.0,0.0,-0.006548999999999999,0.7030420000000001,VNM,IRL,8431
2954796,246,106,1355,2017.0,1582.0,0.0,-0.048668,1.283483,ZAF,IRL,8431
2954797,249,106,1355,2017.0,18766.0,0.0,2.003822,1.215216,TWN,IRL,8431
2954798,250,106,1355,2017.0,233668.0,409717.0,0.472054,-0.363374,ANS,IRL,8431
2954799,2,110,1355,2017.0,0.0,11254.0,-1.580759,-1.2589270000000001,AGO,ISR,8431
2954800,14,110,1355,2017.0,2240.0,15960.0,-0.598537,-0.23571,AUS,ISR,8431
2954801,15,110,1355,2017.0,32973.0,0.0,1.722766,-0.077938,AUT,ISR,8431
2954802,18,110,1355,2017.0,74522.0,1918.0,1.2396969999999998,1.1699760000000001,BEL,ISR,8431
2954803,23,110,1355,2017.0,17283.0,0.0,0.563342,1.744989,BGR,ISR,8431
2954804,28,110,1355,2017.0,1404.0,0.0,0.9188780000000001,0.9998819999999999,BLR,ISR,8431
2954805,39,110,1355,2017.0,33178.0,24150.0,0.661032,1.331443,CAN,ISR,8431
2954806,41,110,1355,2017.0,33918.0,10421.0,2.2443459999999997,0.836363,CHE,ISR,8431
2954807,43,110,1355,2017.0,58206616.0,0.0,1.2888030000000001,0.9250700000000001,CHN,ISR,8431
2954808,58,110,1355,2017.0,0.0,4636.0,0.35097399999999995,0.103466,CYP,ISR,8431
2954809,59,110,1355,2017.0,5363.0,0.0,1.8494680000000001,0.150088,CZE,ISR,8431
2954810,61,110,1355,2017.0,434280.0,53620.0,2.164026,-2.458307,DEU,ISR,8431
2954811,64,110,1355,2017.0,158301.0,0.0,1.143276,1.242437,DNK,ISR,8431
2954812,68,110,1355,2017.0,1072.0,0.0,-0.09792100000000001,1.9664270000000001,EGY,ISR,8431
2954813,71,110,1355,2017.0,4076358.0,43843.0,0.7720279999999999,2.434042,ESP,ISR,8431
2954814,72,110,1355,2017.0,0.0,4364.0,1.004481,1.311075,EST,ISR,8431
2954815,75,110,1355,2017.0,0.0,19895.0,-0.500896,-0.169256,FJI,ISR,8431
2954816,77,110,1355,2017.0,157355.0,0.0,1.3874030000000002,0.8887719999999999,FRA,ISR,8431
2954817,81,110,1355,2017.0,258034.0,127318.0,1.499843,1.120201,GBR,ISR,8431
2954818,97,110,1355,2017.0,1098038.0,72230.0,0.877065,1.1615520000000001,HKG,ISR,8431
2954819,103,110,1355,2017.0,46239.0,0.0,-0.072977,1.376847,IDN,ISR,8431
2954820,104,110,1355,2017.0,305864.0,0.0,0.262126,2.8212040000000003,IND,ISR,8431
2954821,106,110,1355,2017.0,2292.0,0.0,1.444823,0.158356,IRL,ISR,8431
2954822,111,110,1355,2017.0,949979.0,15531.0,1.4374559999999998,0.21079699999999998,ITA,ISR,8431
2954823,113,110,1355,2017.0,93315.0,0.0,0.079237,0.182893,JOR,ISR,8431
2954824,114,110,1355,2017.0,24998.0,0.0,2.4440779999999998,-0.46107700000000007,JPN,ISR,8431
2954825,121,110,1355,2017.0,17987.0,35217.0,2.1277470000000003,0.8218719999999999,KOR,ISR,8431
2954826,130,110,1355,2017.0,4305.0,0.0,0.770556,1.555233,LTU,ISR,8431
2954827,143,110,1355,2017.0,46619.0,0.0,-0.9113129999999999,-0.21514,MMR,ISR,8431
2954828,159,110,1355,2017.0,0.0,3111.0,-1.784814,-1.310281,NGA,ISR,8431
2954829,162,110,1355,2017.0,64474.0,6058.0,1.090805,1.452409,NLD,ISR,8431
2954830,164,110,1355,2017.0,7557.0,0.0,-0.076879,0.530485,NPL,ISR,8431
2954831,169,110,1355,2017.0,41116.0,0.0,0.638093,1.01027,PAN,ISR,8431
2954832,177,110,1355,2017.0,47528.0,0.0,1.212941,0.917751,POL,ISR,8431
2954833,179,110,1355,2017.0,35669.0,0.0,0.692908,2.05977,PRT,ISR,8431
2954834,181,110,1355,2017.0,197676.0,8259.0,0.22982199999999997,0.768037,PSE,ISR,8431
2954835,185,110,1355,2017.0,79821.0,6178.0,1.145161,1.095192,ROU,ISR,8431
2954836,192,110,1355,2017.0,39361.0,0.0,1.8943720000000002,0.449316,SGP,ISR,8431
2954837,197,110,1355,2017.0,3739.0,0.0,0.11754,0.363982,SLV,ISR,8431
2954838,208,110,1355,2017.0,514078.0,3145.0,1.695113,0.6885060000000001,SWE,ISR,8431
2954839,216,110,1355,2017.0,26237.0,1687.0,1.15791,1.282718,THA,ISR,8431
2954840,224,110,1355,2017.0,16962788.0,1456.0,0.601079,2.126314,TUR,ISR,8431
2954841,230,110,1355,2017.0,0.0,6432.0,0.09085900000000001,-0.246694,URY,ISR,8431
2954842,231,110,1355,2017.0,358250.0,387887.0,1.536355,0.23775100000000002,USA,ISR,8431
2954843,232,110,1355,2017.0,2254.0,0.0,-0.386302,-0.35475999999999996,UZB,ISR,8431
2954844,239,110,1355,2017.0,154698.0,0.0,-0.006548999999999999,0.7030420000000001,VNM,ISR,8431
2954845,246,110,1355,2017.0,4549.0,0.0,-0.048668,1.283483,ZAF,ISR,8431
2954846,249,110,1355,2017.0,4531.0,1238.0,2.003822,1.215216,TWN,ISR,8431
2954847,2,111,1355,2017.0,0.0,8535.0,-1.580759,-1.2589270000000001,AGO,ITA,8431
2954848,4,111,1355,2017.0,5439470.0,747850.0,-0.351054,-0.193147,ALB,ITA,8431
2954849,5,111,1355,2017.0,2208.0,436792.0,1.101312,0.593242,AND,ITA,8431
2954850,7,111,1355,2017.0,92915.0,5787940.0,0.222875,-0.204271,ARE,ITA,8431
2954851,8,111,1355,2017.0,1230.0,290588.0,-0.268441,0.337024,ARG,ITA,8431
2954852,9,111,1355,2017.0,14770290.0,291653.0,-0.422667,-0.824041,ARM,ITA,8431
2954853,14,111,1355,2017.0,43378.0,2927161.0,-0.598537,-0.23571,AUS,ITA,8431
2954854,15,111,1355,2017.0,3121568.0,33377166.0,1.722766,-0.077938,AUT,ITA,8431
2954855,16,111,1355,2017.0,34535.0,1152278.0,-1.665069,-1.37471,AZE,ITA,8431
2954856,18,111,1355,2017.0,6991512.0,28986570.0,1.2396969999999998,1.1699760000000001,BEL,ITA,8431
2954857,22,111,1355,2017.0,3321886.0,0.0,-1.007846,-1.112069,BGD,ITA,8431
2954858,23,111,1355,2017.0,16306650.0,3379249.0,0.563342,1.744989,BGR,ITA,8431
2954859,24,111,1355,2017.0,0.0,306696.0,0.160574,-0.708064,BHR,ITA,8431
2954860,25,111,1355,2017.0,0.0,7420.0,0.677207,-0.45096899999999995,BHS,ITA,8431
2954861,26,111,1355,2017.0,1659419.0,386366.0,0.584825,0.9219,BIH,ITA,8431
2954862,27,111,1355,2017.0,0.0,15189.0,0.705922,-0.117651,BLM,ITA,8431
2954863,28,111,1355,2017.0,0.0,249641.0,0.9188780000000001,0.9998819999999999,BLR,ITA,8431
2954864,29,111,1355,2017.0,0.0,1253.0,-0.285105,-0.8471270000000001,BLZ,ITA,8431
2954865,30,111,1355,2017.0,0.0,46106.0,1.16947,-0.302517,BMU,ITA,8431
2954866,31,111,1355,2017.0,0.0,39674.0,-1.032957,-0.9679840000000001,BOL,ITA,8431
2954867,32,111,1355,2017.0,6663.0,766042.0,0.103119,0.808438,BRA,ITA,8431
2954868,33,111,1355,2017.0,0.0,1827.0,0.47282700000000005,0.088603,BRB,ITA,8431
2954869,34,111,1355,2017.0,0.0,7554.0,0.13716,-0.783787,BRN,ITA,8431
2954870,39,111,1355,2017.0,65205.0,12767388.0,0.661032,1.331443,CAN,ITA,8431
2954871,41,111,1355,2017.0,10619079.0,116125888.0,2.2443459999999997,0.836363,CHE,ITA,8431
2954872,42,111,1355,2017.0,0.0,425583.0,-0.282983,-0.33351,CHL,ITA,8431
2954873,43,111,1355,2017.0,126207320.0,41810924.0,1.2888030000000001,0.9250700000000001,CHN,ITA,8431
2954874,49,111,1355,2017.0,0.0,78046.0,-0.039238999999999996,-0.246914,COL,ITA,8431
2954875,52,111,1355,2017.0,0.0,10059.0,0.288798,0.212928,CRI,ITA,8431
2954876,58,111,1355,2017.0,10242.0,2075140.0,0.35097399999999995,0.103466,CYP,ITA,8431
2954877,59,111,1355,2017.0,546474.0,9404388.0,1.8494680000000001,0.150088,CZE,ITA,8431
2954878,61,111,1355,2017.0,28475228.0,152891952.0,2.164026,-2.458307,DEU,ITA,8431
2954879,64,111,1355,2017.0,5485982.0,6095347.0,1.143276,1.242437,DNK,ITA,8431
2954880,65,111,1355,2017.0,0.0,20291.0,-0.314875,0.125244,DOM,ITA,8431
2954881,66,111,1355,2017.0,0.0,51968.0,-0.918984,-1.177867,DZA,ITA,8431
2954882,67,111,1355,2017.0,1618.0,10644.0,-1.109413,-1.1561270000000001,ECU,ITA,8431
2954883,68,111,1355,2017.0,454874.0,236003.0,-0.09792100000000001,1.9664270000000001,EGY,ITA,8431
2954884,71,111,1355,2017.0,80822832.0,63838012.0,0.7720279999999999,2.434042,ESP,ITA,8431
2954885,72,111,1355,2017.0,28625.0,1721875.0,1.004481,1.311075,EST,ITA,8431
2954886,74,111,1355,2017.0,31467.0,4481043.0,1.6562990000000002,0.94619,FIN,ITA,8431
2954887,77,111,1355,2017.0,69603840.0,150563968.0,1.3874030000000002,0.8887719999999999,FRA,ITA,8431
2954888,81,111,1355,2017.0,29260956.0,120821568.0,1.499843,1.120201,GBR,ITA,8431
2954889,82,111,1355,2017.0,1768386.0,286255.0,-0.252287,-0.172336,GEO,ITA,8431
2954890,83,111,1355,2017.0,0.0,5204.0,-0.910444,-0.906315,GHA,ITA,8431
2954891,85,111,1355,2017.0,0.0,3213.0,-1.694853,-1.30845,GIN,ITA,8431
2954892,90,111,1355,2017.0,542670.0,12238072.0,0.10646300000000002,1.0936290000000002,GRC,ITA,8431
2954893,92,111,1355,2017.0,0.0,22062.0,-1.09962,-1.013198,GRL,ITA,8431
2954894,93,111,1355,2017.0,120506.0,13671.0,-0.40755399999999997,0.63358,GTM,ITA,8431
2954895,97,111,1355,2017.0,1894797.0,74338928.0,0.877065,1.1615520000000001,HKG,ITA,8431
2954896,99,111,1355,2017.0,0.0,1012.0,-0.44761999999999996,-0.20167100000000002,HND,ITA,8431
2954897,100,111,1355,2017.0,361308.0,4162462.0,0.8933700000000001,1.4400469999999999,HRV,ITA,8431
2954898,102,111,1355,2017.0,3496354.0,2818240.0,1.6949029999999998,0.723915,HUN,ITA,8431
2954899,103,111,1355,2017.0,1664950.0,170388.0,-0.072977,1.376847,IDN,ITA,8431
2954900,104,111,1355,2017.0,2142901.0,433882.0,0.262126,2.8212040000000003,IND,ITA,8431
2954901,106,111,1355,2017.0,171792.0,3975688.0,1.444823,0.158356,IRL,ITA,8431
2954902,107,111,1355,2017.0,0.0,853338.0,-0.305601,-0.42131899999999994,IRN,ITA,8431
2954903,108,111,1355,2017.0,0.0,48218.0,-1.135867,-0.9570700000000001,IRQ,ITA,8431
2954904,109,111,1355,2017.0,3062.0,151579.0,0.279223,-0.34883600000000003,ISL,ITA,8431
2954905,110,111,1355,2017.0,15531.0,949979.0,1.158779,0.8909020000000001,ISR,ITA,8431
2954906,113,111,1355,2017.0,0.0,171242.0,0.079237,0.182893,JOR,ITA,8431
2954907,114,111,1355,2017.0,790630.0,58066348.0,2.4440779999999998,-0.46107700000000007,JPN,ITA,8431
2954908,115,111,1355,2017.0,19129.0,2565930.0,-0.47984399999999994,-0.40618699999999996,KAZ,ITA,8431
2954909,116,111,1355,2017.0,0.0,1199.0,-0.549171,0.39358899999999997,KEN,ITA,8431
2954910,117,111,1355,2017.0,0.0,195772.0,0.056509000000000004,0.363176,KGZ,ITA,8431
2954911,118,111,1355,2017.0,1593786.0,1347.0,-0.654185,-0.655463,KHM,ITA,8431
2954912,121,111,1355,2017.0,891640.0,36913840.0,2.1277470000000003,0.8218719999999999,KOR,ITA,8431
2954913,122,111,1355,2017.0,334054.0,2334538.0,-0.264903,-1.112018,KWT,ITA,8431
2954914,124,111,1355,2017.0,72953.0,2520204.0,0.437192,1.027289,LBN,ITA,8431
2954915,126,111,1355,2017.0,0.0,74629.0,-1.067632,-1.21154,LBY,ITA,8431
2954916,128,111,1355,2017.0,7986.0,0.0,-0.506691,0.43309200000000003,LKA,ITA,8431
2954917,130,111,1355,2017.0,38278.0,3699341.0,0.770556,1.555233,LTU,ITA,8431
2954918,131,111,1355,2017.0,61184.0,2328314.0,1.1461629999999998,1.434994,LUX,ITA,8431
2954919,132,111,1355,2017.0,64105.0,2391567.0,0.644285,1.4304290000000002,LVA,ITA,8431
2954920,133,111,1355,2017.0,5909.0,2280183.0,0.33025,-0.008723999999999999,MAC,ITA,8431
2954921,134,111,1355,2017.0,3906612.0,300766.0,-0.593987,-0.093414,MAR,ITA,8431
2954922,135,111,1355,2017.0,5865780.0,184966.0,-0.135731,-0.008816,MDA,ITA,8431
2954923,136,111,1355,2017.0,5306.0,0.0,-1.098631,-0.8503069999999999,MDG,ITA,8431
2954924,137,111,1355,2017.0,0.0,1361.0,-0.739309,-0.951202,MDV,ITA,8431
2954925,138,111,1355,2017.0,87493.0,2739968.0,1.348763,0.6145010000000001,MEX,ITA,8431
2954926,140,111,1355,2017.0,880938.0,176803.0,-0.12182799999999999,-0.333793,MKD,ITA,8431
2954927,142,111,1355,2017.0,12253.0,1023504.0,0.9943420000000001,0.181922,MLT,ITA,8431
2954928,143,111,1355,2017.0,5875542.0,15649.0,-0.9113129999999999,-0.21514,MMR,ITA,8431
2954929,144,111,1355,2017.0,9718.0,721986.0,0.132462,-0.071601,MNE,ITA,8431
2954930,145,111,1355,2017.0,11697.0,550333.0,-1.110506,-1.179734,MNG,ITA,8431
2954931,151,111,1355,2017.0,22683.0,13869.0,-0.166097,-0.050332,MUS,ITA,8431
2954932,153,111,1355,2017.0,561073.0,440731.0,1.022117,0.6711739999999999,MYS,ITA,8431
2954933,155,111,1355,2017.0,1660.0,0.0,-0.501017,-0.716238,NAM,ITA,8431
2954934,159,111,1355,2017.0,0.0,1804.0,-1.784814,-1.310281,NGA,ITA,8431
2954935,160,111,1355,2017.0,0.0,1967.0,-0.974065,-0.791551,NIC,ITA,8431
2954936,162,111,1355,2017.0,7796518.0,30359768.0,1.090805,1.452409,NLD,ITA,8431
2954937,163,111,1355,2017.0,33566.0,2628752.0,0.393228,0.049788,NOR,ITA,8431
2954938,164,111,1355,2017.0,69948.0,0.0,-0.076879,0.530485,NPL,ITA,8431
2954939,166,111,1355,2017.0,3729.0,93137.0,0.154926,0.10981500000000001,NZL,ITA,8431
2954940,167,111,1355,2017.0,0.0,22038.0,-0.44851199999999997,-0.9820049999999999,OMN,ITA,8431
2954941,168,111,1355,2017.0,106757.0,4073.0,-0.737436,0.345773,PAK,ITA,8431
2954942,169,111,1355,2017.0,0.0,232578.0,0.638093,1.01027,PAN,ITA,8431
2954943,173,111,1355,2017.0,11248.0,38176.0,-0.8214469999999999,-0.333306,PER,ITA,8431
2954944,174,111,1355,2017.0,661602.0,34306.0,0.717074,0.224219,PHL,ITA,8431
2954945,177,111,1355,2017.0,17657338.0,15634573.0,1.212941,0.917751,POL,ITA,8431
2954946,179,111,1355,2017.0,1481901.0,11872382.0,0.692908,2.05977,PRT,ITA,8431
2954947,180,111,1355,2017.0,0.0,64275.0,-0.604205,-0.956699,PRY,ITA,8431
2954948,181,111,1355,2017.0,0.0,22062.0,0.22982199999999997,0.768037,PSE,ITA,8431
2954949,183,111,1355,2017.0,82131.0,1415391.0,-0.42615600000000003,-1.0956489999999999,QAT,ITA,8431
2954950,185,111,1355,2017.0,66972288.0,4594734.0,1.145161,1.095192,ROU,ITA,8431
2954951,186,111,1355,2017.0,232366.0,44843256.0,0.07402,0.248236,RUS,ITA,8431
2954952,188,111,1355,2017.0,6926.0,1988853.0,0.508031,-0.42373500000000003,SAU,ITA,8431
2954953,191,111,1355,2017.0,0.0,8414.0,-0.604504,-0.228411,SEN,ITA,8431
2954954,192,111,1355,2017.0,36645.0,1583297.0,1.8943720000000002,0.449316,SGP,ITA,8431
2954955,197,111,1355,2017.0,0.0,1515.0,0.11754,0.363982,SLV,ITA,8431
2954956,201,111,1355,2017.0,529981.0,1344856.0,0.59312,1.535527,SRB,ITA,8431
2954957,206,111,1355,2017.0,383543.0,2576425.0,1.484316,0.811826,SVK,ITA,8431
2954958,207,111,1355,2017.0,989295.0,2996617.0,1.597178,0.753722,SVN,ITA,8431
2954959,208,111,1355,2017.0,494263.0,11336332.0,1.695113,0.6885060000000001,SWE,ITA,8431
2954960,211,111,1355,2017.0,0.0,1019.0,-0.116998,-0.7398779999999999,SYC,ITA,8431
2954961,212,111,1355,2017.0,0.0,1687.0,-0.65347,0.085392,SYR,ITA,8431
2954962,216,111,1355,2017.0,3589083.0,376513.0,1.15791,1.282718,THA,ITA,8431
2954963,217,111,1355,2017.0,5054.0,0.0,-0.8504879999999999,-1.074594,TJK,ITA,8431
2954964,219,111,1355,2017.0,0.0,40508.0,-1.358487,-1.29703,TKM,ITA,8431
2954965,222,111,1355,2017.0,0.0,1721.0,-0.15041300000000002,-1.029801,TTO,ITA,8431
2954966,223,111,1355,2017.0,5474540.0,146318.0,0.31342600000000004,1.071153,TUN,ITA,8431
2954967,224,111,1355,2017.0,7708272.0,8873848.0,0.601079,2.126314,TUR,ITA,8431
2954968,228,111,1355,2017.0,760512.0,5327930.0,0.34780900000000003,1.076817,UKR,ITA,8431
2954969,230,111,1355,2017.0,0.0,177144.0,0.09085900000000001,-0.246694,URY,ITA,8431
2954970,231,111,1355,2017.0,2515212.0,89138504.0,1.536355,0.23775100000000002,USA,ITA,8431
2954971,232,111,1355,2017.0,0.0,746585.0,-0.386302,-0.35475999999999996,UZB,ITA,8431
2954972,236,111,1355,2017.0,0.0,22360.0,-1.191942,-1.245689,VEN,ITA,8431
2954973,239,111,1355,2017.0,10214968.0,293562.0,-0.006548999999999999,0.7030420000000001,VNM,ITA,8431
2954974,246,111,1355,2017.0,0.0,423778.0,-0.048668,1.283483,ZAF,ITA,8431
2954975,249,111,1355,2017.0,90827.0,4497134.0,2.003822,1.215216,TWN,ITA,8431
2954976,250,111,1355,2017.0,2291.0,1231476.0,0.472054,-0.363374,ANS,ITA,8431
2954977,33,112,1355,2017.0,0.0,38077.0,0.47282700000000005,0.088603,BRB,JAM,8431
2954978,39,112,1355,2017.0,2418.0,0.0,0.661032,1.331443,CAN,JAM,8431
2954979,43,112,1355,2017.0,1242472.0,0.0,1.2888030000000001,0.9250700000000001,CHN,JAM,8431
2954980,49,112,1355,2017.0,18023.0,0.0,-0.039238999999999996,-0.246914,COL,JAM,8431
2954981,71,112,1355,2017.0,15078.0,0.0,0.7720279999999999,2.434042,ESP,JAM,8431
2954982,81,112,1355,2017.0,1373.0,0.0,1.499843,1.120201,GBR,JAM,8431
2954983,97,112,1355,2017.0,9664.0,0.0,0.877065,1.1615520000000001,HKG,JAM,8431
2954984,103,112,1355,2017.0,1149.0,0.0,-0.072977,1.376847,IDN,JAM,8431
2954985,127,112,1355,2017.0,0.0,1845.0,0.543844,0.006412,LCA,JAM,8431
2954986,169,112,1355,2017.0,30345.0,0.0,0.638093,1.01027,PAN,JAM,8431
2954987,222,112,1355,2017.0,1268.0,0.0,-0.15041300000000002,-1.029801,TTO,JAM,8431
2954988,231,112,1355,2017.0,115726.0,0.0,1.536355,0.23775100000000002,USA,JAM,8431
2954989,7,113,1355,2017.0,525093.0,33797.0,0.222875,-0.204271,ARE,JOR,8431
2954990,14,113,1355,2017.0,4252.0,2222.0,-0.598537,-0.23571,AUS,JOR,8431
2954991,15,113,1355,2017.0,7144.0,0.0,1.722766,-0.077938,AUT,JOR,8431
2954992,23,113,1355,2017.0,2392.0,0.0,0.563342,1.744989,BGR,JOR,8431
2954993,39,113,1355,2017.0,0.0,115343.0,0.661032,1.331443,CAN,JOR,8431
2954994,41,113,1355,2017.0,0.0,1316.0,2.2443459999999997,0.836363,CHE,JOR,8431
2954995,43,113,1355,2017.0,15735734.0,0.0,1.2888030000000001,0.9250700000000001,CHN,JOR,8431
2954996,52,113,1355,2017.0,0.0,3347.0,0.288798,0.212928,CRI,JOR,8431
2954997,61,113,1355,2017.0,235055.0,0.0,2.164026,-2.458307,DEU,JOR,8431
2954998,64,113,1355,2017.0,3668.0,7576.0,1.143276,1.242437,DNK,JOR,8431
2954999,66,113,1355,2017.0,0.0,12574.0,-0.918984,-1.177867,DZA,JOR,8431
2955000,68,113,1355,2017.0,26395.0,0.0,-0.09792100000000001,1.9664270000000001,EGY,JOR,8431
2955001,71,113,1355,2017.0,895222.0,0.0,0.7720279999999999,2.434042,ESP,JOR,8431
2955002,73,113,1355,2017.0,0.0,25290.0,-0.874714,-0.58418,ETH,JOR,8431
2955003,77,113,1355,2017.0,134209.0,3199.0,1.3874030000000002,0.8887719999999999,FRA,JOR,8431
2955004,81,113,1355,2017.0,8578.0,15018.0,1.499843,1.120201,GBR,JOR,8431
2955005,97,113,1355,2017.0,41403.0,0.0,0.877065,1.1615520000000001,HKG,JOR,8431
2955006,100,113,1355,2017.0,6868.0,0.0,0.8933700000000001,1.4400469999999999,HRV,JOR,8431
2955007,104,113,1355,2017.0,234002.0,0.0,0.262126,2.8212040000000003,IND,JOR,8431
2955008,110,113,1355,2017.0,0.0,93315.0,1.158779,0.8909020000000001,ISR,JOR,8431
2955009,111,113,1355,2017.0,171242.0,0.0,1.4374559999999998,0.21079699999999998,ITA,JOR,8431
2955010,114,113,1355,2017.0,0.0,28746.0,2.4440779999999998,-0.46107700000000007,JPN,JOR,8431
2955011,121,113,1355,2017.0,0.0,1710.0,2.1277470000000003,0.8218719999999999,KOR,JOR,8431
2955012,122,113,1355,2017.0,25295.0,14309.0,-0.264903,-1.112018,KWT,JOR,8431
2955013,124,113,1355,2017.0,53405.0,2118.0,0.437192,1.027289,LBN,JOR,8431
2955014,140,113,1355,2017.0,28009.0,0.0,-0.12182799999999999,-0.333793,MKD,JOR,8431
2955015,162,113,1355,2017.0,0.0,15455.0,1.090805,1.452409,NLD,JOR,8431
2955016,166,113,1355,2017.0,0.0,1288.0,0.154926,0.10981500000000001,NZL,JOR,8431
2955017,167,113,1355,2017.0,0.0,6011.0,-0.44851199999999997,-0.9820049999999999,OMN,JOR,8431
2955018,169,113,1355,2017.0,1067.0,0.0,0.638093,1.01027,PAN,JOR,8431
2955019,173,113,1355,2017.0,0.0,1108.0,-0.8214469999999999,-0.333306,PER,JOR,8431
2955020,177,113,1355,2017.0,11273.0,0.0,1.212941,0.917751,POL,JOR,8431
2955021,181,113,1355,2017.0,0.0,1304219.0,0.22982199999999997,0.768037,PSE,JOR,8431
2955022,183,113,1355,2017.0,0.0,3587.0,-0.42615600000000003,-1.0956489999999999,QAT,JOR,8431
2955023,185,113,1355,2017.0,19320.0,0.0,1.145161,1.095192,ROU,JOR,8431
2955024,186,113,1355,2017.0,0.0,7433.0,0.07402,0.248236,RUS,JOR,8431
2955025,188,113,1355,2017.0,25332.0,31505.0,0.508031,-0.42373500000000003,SAU,JOR,8431
2955026,206,113,1355,2017.0,1812.0,0.0,1.484316,0.811826,SVK,JOR,8431
2955027,224,113,1355,2017.0,4413630.0,0.0,0.601079,2.126314,TUR,JOR,8431
2955028,231,113,1355,2017.0,4234.0,1798481.0,1.536355,0.23775100000000002,USA,JOR,8431
2955029,4,114,1355,2017.0,77461.0,0.0,-0.351054,-0.193147,ALB,JPN,8431
2955030,7,114,1355,2017.0,221920.0,65707.0,0.222875,-0.204271,ARE,JPN,8431
2955031,8,114,1355,2017.0,9125.0,0.0,-0.268441,0.337024,ARG,JPN,8431
2955032,9,114,1355,2017.0,2296447.0,0.0,-0.422667,-0.824041,ARM,JPN,8431
2955033,14,114,1355,2017.0,24853.0,227059.0,-0.598537,-0.23571,AUS,JPN,8431
2955034,15,114,1355,2017.0,1176281.0,32044.0,1.722766,-0.077938,AUT,JPN,8431
2955035,18,114,1355,2017.0,1299289.0,96009.0,1.2396969999999998,1.1699760000000001,BEL,JPN,8431
2955036,22,114,1355,2017.0,15181207.0,0.0,-1.007846,-1.112069,BGD,JPN,8431
2955037,23,114,1355,2017.0,797971.0,0.0,0.563342,1.744989,BGR,JPN,8431
2955038,24,114,1355,2017.0,0.0,10161.0,0.160574,-0.708064,BHR,JPN,8431
2955039,26,114,1355,2017.0,1293850.0,0.0,0.584825,0.9219,BIH,JPN,8431
2955040,28,114,1355,2017.0,121192.0,0.0,0.9188780000000001,0.9998819999999999,BLR,JPN,8431
2955041,32,114,1355,2017.0,2342.0,0.0,0.103119,0.808438,BRA,JPN,8431
2955042,39,114,1355,2017.0,1157427.0,585862.0,0.661032,1.331443,CAN,JPN,8431
2955043,41,114,1355,2017.0,1320472.0,263678.0,2.2443459999999997,0.836363,CHE,JPN,8431
2955044,42,114,1355,2017.0,0.0,3354.0,-0.282983,-0.33351,CHL,JPN,8431
2955045,43,114,1355,2017.0,839692352.0,3029516.0,1.2888030000000001,0.9250700000000001,CHN,JPN,8431
2955046,45,114,1355,2017.0,23227.0,0.0,-1.039442,-1.026684,CMR,JPN,8431
2955047,49,114,1355,2017.0,11936.0,0.0,-0.039238999999999996,-0.246914,COL,JPN,8431
2955048,59,114,1355,2017.0,89345.0,3222.0,1.8494680000000001,0.150088,CZE,JPN,8431
2955049,61,114,1355,2017.0,2197938.0,826671.0,2.164026,-2.458307,DEU,JPN,8431
2955050,64,114,1355,2017.0,179842.0,9401.0,1.143276,1.242437,DNK,JPN,8431
2955051,68,114,1355,2017.0,34167.0,0.0,-0.09792100000000001,1.9664270000000001,EGY,JPN,8431
2955052,71,114,1355,2017.0,10007212.0,12585.0,0.7720279999999999,2.434042,ESP,JPN,8431
2955053,72,114,1355,2017.0,46681.0,15660.0,1.004481,1.311075,EST,JPN,8431
2955054,74,114,1355,2017.0,327379.0,3015.0,1.6562990000000002,0.94619,FIN,JPN,8431
2955055,75,114,1355,2017.0,3234.0,0.0,-0.500896,-0.169256,FJI,JPN,8431
2955056,77,114,1355,2017.0,9124121.0,2091317.0,1.3874030000000002,0.8887719999999999,FRA,JPN,8431
2955057,81,114,1355,2017.0,4391209.0,998094.0,1.499843,1.120201,GBR,JPN,8431
2955058,82,114,1355,2017.0,684057.0,4112.0,-0.252287,-0.172336,GEO,JPN,8431
2955059,90,114,1355,2017.0,33111.0,0.0,0.10646300000000002,1.0936290000000002,GRC,JPN,8431
2955060,93,114,1355,2017.0,45933.0,0.0,-0.40755399999999997,0.63358,GTM,JPN,8431
2955061,97,114,1355,2017.0,7199958.0,5509374.0,0.877065,1.1615520000000001,HKG,JPN,8431
2955062,99,114,1355,2017.0,2574.0,0.0,-0.44761999999999996,-0.20167100000000002,HND,JPN,8431
2955063,100,114,1355,2017.0,224052.0,0.0,0.8933700000000001,1.4400469999999999,HRV,JPN,8431
2955064,102,114,1355,2017.0,641173.0,0.0,1.6949029999999998,0.723915,HUN,JPN,8431
2955065,103,114,1355,2017.0,15707530.0,3687.0,-0.072977,1.376847,IDN,JPN,8431
2955066,104,114,1355,2017.0,2274813.0,9445.0,0.262126,2.8212040000000003,IND,JPN,8431
2955067,106,114,1355,2017.0,79814.0,13533.0,1.444823,0.158356,IRL,JPN,8431
2955068,109,114,1355,2017.0,0.0,4836.0,0.279223,-0.34883600000000003,ISL,JPN,8431
2955069,110,114,1355,2017.0,0.0,24998.0,1.158779,0.8909020000000001,ISR,JPN,8431
2955070,111,114,1355,2017.0,58066348.0,790630.0,1.4374559999999998,0.21079699999999998,ITA,JPN,8431
2955071,113,114,1355,2017.0,28746.0,0.0,0.079237,0.182893,JOR,JPN,8431
2955072,115,114,1355,2017.0,0.0,11729.0,-0.47984399999999994,-0.40618699999999996,KAZ,JPN,8431
2955073,118,114,1355,2017.0,16261666.0,4892.0,-0.654185,-0.655463,KHM,JPN,8431
2955074,121,114,1355,2017.0,2980048.0,4854898.0,2.1277470000000003,0.8218719999999999,KOR,JPN,8431
2955075,122,114,1355,2017.0,0.0,41723.0,-0.264903,-1.112018,KWT,JPN,8431
2955076,123,114,1355,2017.0,165711.0,0.0,-0.733135,-0.482756,LAO,JPN,8431
2955077,124,114,1355,2017.0,0.0,26112.0,0.437192,1.027289,LBN,JPN,8431
2955078,128,114,1355,2017.0,471382.0,0.0,-0.506691,0.43309200000000003,LKA,JPN,8431
2955079,130,114,1355,2017.0,422332.0,14478.0,0.770556,1.555233,LTU,JPN,8431
2955080,131,114,1355,2017.0,196903.0,6000.0,1.1461629999999998,1.434994,LUX,JPN,8431
2955081,132,114,1355,2017.0,11313.0,3446.0,0.644285,1.4304290000000002,LVA,JPN,8431
2955082,133,114,1355,2017.0,27461.0,36176.0,0.33025,-0.008723999999999999,MAC,JPN,8431
2955083,134,114,1355,2017.0,5273425.0,2181.0,-0.593987,-0.093414,MAR,JPN,8431
2955084,135,114,1355,2017.0,1307953.0,0.0,-0.135731,-0.008816,MDA,JPN,8431
2955085,136,114,1355,2017.0,199964.0,0.0,-1.098631,-0.8503069999999999,MDG,JPN,8431
2955086,138,114,1355,2017.0,75886.0,2595.0,1.348763,0.6145010000000001,MEX,JPN,8431
2955087,140,114,1355,2017.0,16255.0,0.0,-0.12182799999999999,-0.333793,MKD,JPN,8431
2955088,143,114,1355,2017.0,40589320.0,4031.0,-0.9113129999999999,-0.21514,MMR,JPN,8431
2955089,145,114,1355,2017.0,156830.0,0.0,-1.110506,-1.179734,MNG,JPN,8431
2955090,151,114,1355,2017.0,1654.0,0.0,-0.166097,-0.050332,MUS,JPN,8431
2955091,153,114,1355,2017.0,124751.0,32006.0,1.022117,0.6711739999999999,MYS,JPN,8431
2955092,162,114,1355,2017.0,279969.0,57087.0,1.090805,1.452409,NLD,JPN,8431
2955093,163,114,1355,2017.0,19605.0,28770.0,0.393228,0.049788,NOR,JPN,8431
2955094,164,114,1355,2017.0,217111.0,0.0,-0.076879,0.530485,NPL,JPN,8431
2955095,166,114,1355,2017.0,24903.0,46001.0,0.154926,0.10981500000000001,NZL,JPN,8431
2955096,168,114,1355,2017.0,148927.0,0.0,-0.737436,0.345773,PAK,JPN,8431
2955097,173,114,1355,2017.0,10073.0,0.0,-0.8214469999999999,-0.333306,PER,JPN,8431
2955098,174,114,1355,2017.0,3470909.0,11671.0,0.717074,0.224219,PHL,JPN,8431
2955099,177,114,1355,2017.0,710774.0,15168.0,1.212941,0.917751,POL,JPN,8431
2955100,179,114,1355,2017.0,389969.0,10317.0,0.692908,2.05977,PRT,JPN,8431
2955101,183,114,1355,2017.0,0.0,17736.0,-0.42615600000000003,-1.0956489999999999,QAT,JPN,8431
2955102,185,114,1355,2017.0,7105960.0,3024.0,1.145161,1.095192,ROU,JPN,8431
2955103,186,114,1355,2017.0,62913.0,73191.0,0.07402,0.248236,RUS,JPN,8431
2955104,188,114,1355,2017.0,0.0,3778.0,0.508031,-0.42373500000000003,SAU,JPN,8431
2955105,192,114,1355,2017.0,2383608.0,305227.0,1.8943720000000002,0.449316,SGP,JPN,8431
2955106,197,114,1355,2017.0,12800.0,0.0,0.11754,0.363982,SLV,JPN,8431
2955107,201,114,1355,2017.0,123643.0,0.0,0.59312,1.535527,SRB,JPN,8431
2955108,206,114,1355,2017.0,492400.0,0.0,1.484316,0.811826,SVK,JPN,8431
2955109,207,114,1355,2017.0,312311.0,0.0,1.597178,0.753722,SVN,JPN,8431
2955110,208,114,1355,2017.0,684061.0,27092.0,1.695113,0.6885060000000001,SWE,JPN,8431
2955111,216,114,1355,2017.0,1600228.0,215002.0,1.15791,1.282718,THA,JPN,8431
2955112,223,114,1355,2017.0,695306.0,0.0,0.31342600000000004,1.071153,TUN,JPN,8431
2955113,224,114,1355,2017.0,311011.0,28065.0,0.601079,2.126314,TUR,JPN,8431
2955114,228,114,1355,2017.0,398094.0,0.0,0.34780900000000003,1.076817,UKR,JPN,8431
2955115,231,114,1355,2017.0,1397956.0,3822076.0,1.536355,0.23775100000000002,USA,JPN,8431
2955116,239,114,1355,2017.0,85295536.0,66120.0,-0.006548999999999999,0.7030420000000001,VNM,JPN,8431
2955117,246,114,1355,2017.0,2974.0,8089.0,-0.048668,1.283483,ZAF,JPN,8431
2955118,249,114,1355,2017.0,137060.0,2789341.0,2.003822,1.215216,TWN,JPN,8431
2955119,4,121,1355,2017.0,35637.0,0.0,-0.351054,-0.193147,ALB,KOR,8431
2955120,5,121,1355,2017.0,2056.0,0.0,1.101312,0.593242,AND,KOR,8431
2955121,7,121,1355,2017.0,845374.0,43859.0,0.222875,-0.204271,ARE,KOR,8431
2955122,8,121,1355,2017.0,7617.0,0.0,-0.268441,0.337024,ARG,KOR,8431
2955123,9,121,1355,2017.0,1342651.0,0.0,-0.422667,-0.824041,ARM,KOR,8431
2955124,10,121,1355,2017.0,0.0,1219.0,0.827625,-0.110475,ASM,KOR,8431
2955125,14,121,1355,2017.0,114163.0,220013.0,-0.598537,-0.23571,AUS,KOR,8431
2955126,15,121,1355,2017.0,366543.0,46786.0,1.722766,-0.077938,AUT,KOR,8431
2955127,16,121,1355,2017.0,0.0,1249.0,-1.665069,-1.37471,AZE,KOR,8431
2955128,18,121,1355,2017.0,704341.0,27949.0,1.2396969999999998,1.1699760000000001,BEL,KOR,8431
2955129,22,121,1355,2017.0,583901.0,0.0,-1.007846,-1.112069,BGD,KOR,8431
2955130,23,121,1355,2017.0,1278891.0,0.0,0.563342,1.744989,BGR,KOR,8431
2955131,24,121,1355,2017.0,0.0,1689.0,0.160574,-0.708064,BHR,KOR,8431
2955132,26,121,1355,2017.0,2777661.0,0.0,0.584825,0.9219,BIH,KOR,8431
2955133,28,121,1355,2017.0,6759.0,0.0,0.9188780000000001,0.9998819999999999,BLR,KOR,8431
2955134,32,121,1355,2017.0,2803.0,2448.0,0.103119,0.808438,BRA,KOR,8431
2955135,34,121,1355,2017.0,0.0,3626.0,0.13716,-0.783787,BRN,KOR,8431
2955136,39,121,1355,2017.0,1513510.0,474042.0,0.661032,1.331443,CAN,KOR,8431
2955137,41,121,1355,2017.0,910698.0,56247.0,2.2443459999999997,0.836363,CHE,KOR,8431
2955138,42,121,1355,2017.0,1816.0,47368.0,-0.282983,-0.33351,CHL,KOR,8431
2955139,43,121,1355,2017.0,416259904.0,19406428.0,1.2888030000000001,0.9250700000000001,CHN,KOR,8431
2955140,49,121,1355,2017.0,5547.0,0.0,-0.039238999999999996,-0.246914,COL,KOR,8431
2955141,59,121,1355,2017.0,25485.0,3251.0,1.8494680000000001,0.150088,CZE,KOR,8431
2955142,61,121,1355,2017.0,2635899.0,380942.0,2.164026,-2.458307,DEU,KOR,8431
2955143,64,121,1355,2017.0,93621.0,30478.0,1.143276,1.242437,DNK,KOR,8431
2955144,65,121,1355,2017.0,3339.0,0.0,-0.314875,0.125244,DOM,KOR,8431
2955145,66,121,1355,2017.0,0.0,10751.0,-0.918984,-1.177867,DZA,KOR,8431
2955146,67,121,1355,2017.0,0.0,1716.0,-1.109413,-1.1561270000000001,ECU,KOR,8431
2955147,68,121,1355,2017.0,1881.0,10294.0,-0.09792100000000001,1.9664270000000001,EGY,KOR,8431
2955148,71,121,1355,2017.0,4678190.0,57706.0,0.7720279999999999,2.434042,ESP,KOR,8431
2955149,72,121,1355,2017.0,39826.0,7832.0,1.004481,1.311075,EST,KOR,8431
2955150,74,121,1355,2017.0,99562.0,10884.0,1.6562990000000002,0.94619,FIN,KOR,8431
2955151,77,121,1355,2017.0,5909249.0,278605.0,1.3874030000000002,0.8887719999999999,FRA,KOR,8431
2955152,81,121,1355,2017.0,6632454.0,944774.0,1.499843,1.120201,GBR,KOR,8431
2955153,82,121,1355,2017.0,1254870.0,6187.0,-0.252287,-0.172336,GEO,KOR,8431
2955154,83,121,1355,2017.0,0.0,3475.0,-0.910444,-0.906315,GHA,KOR,8431
2955155,90,121,1355,2017.0,72184.0,0.0,0.10646300000000002,1.0936290000000002,GRC,KOR,8431
2955156,93,121,1355,2017.0,2259.0,5241.0,-0.40755399999999997,0.63358,GTM,KOR,8431
2955157,97,121,1355,2017.0,1986908.0,3506761.0,0.877065,1.1615520000000001,HKG,KOR,8431
2955158,99,121,1355,2017.0,24427.0,0.0,-0.44761999999999996,-0.20167100000000002,HND,KOR,8431
2955159,100,121,1355,2017.0,98720.0,0.0,0.8933700000000001,1.4400469999999999,HRV,KOR,8431
2955160,102,121,1355,2017.0,337173.0,0.0,1.6949029999999998,0.723915,HUN,KOR,8431
2955161,103,121,1355,2017.0,5903678.0,65892.0,-0.072977,1.376847,IDN,KOR,8431
2955162,104,121,1355,2017.0,434687.0,3999.0,0.262126,2.8212040000000003,IND,KOR,8431
2955163,106,121,1355,2017.0,2844.0,4863.0,1.444823,0.158356,IRL,KOR,8431
2955164,108,121,1355,2017.0,0.0,3111.0,-1.135867,-0.9570700000000001,IRQ,KOR,8431
2955165,109,121,1355,2017.0,0.0,1215.0,0.279223,-0.34883600000000003,ISL,KOR,8431
2955166,110,121,1355,2017.0,35217.0,17987.0,1.158779,0.8909020000000001,ISR,KOR,8431
2955167,111,121,1355,2017.0,36913840.0,891640.0,1.4374559999999998,0.21079699999999998,ITA,KOR,8431
2955168,113,121,1355,2017.0,1710.0,0.0,0.079237,0.182893,JOR,KOR,8431
2955169,114,121,1355,2017.0,4854898.0,2980048.0,2.4440779999999998,-0.46107700000000007,JPN,KOR,8431
2955170,115,121,1355,2017.0,0.0,370470.0,-0.47984399999999994,-0.40618699999999996,KAZ,KOR,8431
2955171,117,121,1355,2017.0,0.0,50061.0,0.056509000000000004,0.363176,KGZ,KOR,8431
2955172,118,121,1355,2017.0,632247.0,9332.0,-0.654185,-0.655463,KHM,KOR,8431
2955173,122,121,1355,2017.0,0.0,51747.0,-0.264903,-1.112018,KWT,KOR,8431
2955174,124,121,1355,2017.0,0.0,21132.0,0.437192,1.027289,LBN,KOR,8431
2955175,126,121,1355,2017.0,0.0,607208.0,-1.067632,-1.21154,LBY,KOR,8431
2955176,128,121,1355,2017.0,530259.0,0.0,-0.506691,0.43309200000000003,LKA,KOR,8431
2955177,130,121,1355,2017.0,968404.0,1398.0,0.770556,1.555233,LTU,KOR,8431
2955178,131,121,1355,2017.0,24104.0,1372.0,1.1461629999999998,1.434994,LUX,KOR,8431
2955179,132,121,1355,2017.0,120694.0,0.0,0.644285,1.4304290000000002,LVA,KOR,8431
2955180,133,121,1355,2017.0,29480.0,32078.0,0.33025,-0.008723999999999999,MAC,KOR,8431
2955181,134,121,1355,2017.0,3133882.0,0.0,-0.593987,-0.093414,MAR,KOR,8431
2955182,135,121,1355,2017.0,697659.0,0.0,-0.135731,-0.008816,MDA,KOR,8431
2955183,136,121,1355,2017.0,69242.0,45052.0,-1.098631,-0.8503069999999999,MDG,KOR,8431
2955184,137,121,1355,2017.0,14997.0,0.0,-0.739309,-0.951202,MDV,KOR,8431
2955185,138,121,1355,2017.0,25110.0,0.0,1.348763,0.6145010000000001,MEX,KOR,8431
2955186,140,121,1355,2017.0,65269.0,0.0,-0.12182799999999999,-0.333793,MKD,KOR,8431
2955187,143,121,1355,2017.0,2706079.0,0.0,-0.9113129999999999,-0.21514,MMR,KOR,8431
2955188,145,121,1355,2017.0,144587.0,170151.0,-1.110506,-1.179734,MNG,KOR,8431
2955189,151,121,1355,2017.0,4080.0,0.0,-0.166097,-0.050332,MUS,KOR,8431
2955190,153,121,1355,2017.0,372731.0,50328.0,1.022117,0.6711739999999999,MYS,KOR,8431
2955191,160,121,1355,2017.0,0.0,3008.0,-0.974065,-0.791551,NIC,KOR,8431
2955192,162,121,1355,2017.0,194008.0,51277.0,1.090805,1.452409,NLD,KOR,8431
2955193,163,121,1355,2017.0,2306.0,171893.0,0.393228,0.049788,NOR,KOR,8431
2955194,164,121,1355,2017.0,22498.0,9108.0,-0.076879,0.530485,NPL,KOR,8431
2955195,166,121,1355,2017.0,9113.0,100871.0,0.154926,0.10981500000000001,NZL,KOR,8431
2955196,168,121,1355,2017.0,23314.0,1678.0,-0.737436,0.345773,PAK,KOR,8431
2955197,169,121,1355,2017.0,7391.0,88448.0,0.638093,1.01027,PAN,KOR,8431
2955198,173,121,1355,2017.0,29547.0,0.0,-0.8214469999999999,-0.333306,PER,KOR,8431
2955199,174,121,1355,2017.0,1575824.0,80007.0,0.717074,0.224219,PHL,KOR,8431
2955200,177,121,1355,2017.0,665657.0,5186.0,1.212941,0.917751,POL,KOR,8431
2955201,179,121,1355,2017.0,534998.0,3230.0,0.692908,2.05977,PRT,KOR,8431
2955202,183,121,1355,2017.0,2081.0,20409.0,-0.42615600000000003,-1.0956489999999999,QAT,KOR,8431
2955203,185,121,1355,2017.0,5602714.0,0.0,1.145161,1.095192,ROU,KOR,8431
2955204,186,121,1355,2017.0,30511.0,168163.0,0.07402,0.248236,RUS,KOR,8431
2955205,188,121,1355,2017.0,0.0,698610.0,0.508031,-0.42373500000000003,SAU,KOR,8431
2955206,192,121,1355,2017.0,1467509.0,460777.0,1.8943720000000002,0.449316,SGP,KOR,8431
2955207,197,121,1355,2017.0,22373.0,0.0,0.11754,0.363982,SLV,KOR,8431
2955208,201,121,1355,2017.0,142401.0,0.0,0.59312,1.535527,SRB,KOR,8431
2955209,206,121,1355,2017.0,853532.0,0.0,1.484316,0.811826,SVK,KOR,8431
2955210,207,121,1355,2017.0,179660.0,0.0,1.597178,0.753722,SVN,KOR,8431
2955211,208,121,1355,2017.0,518332.0,1479455.0,1.695113,0.6885060000000001,SWE,KOR,8431
2955212,209,121,1355,2017.0,0.0,8366.0,-0.0795,-0.5055270000000001,SWZ,KOR,8431
2955213,216,121,1355,2017.0,505163.0,80407.0,1.15791,1.282718,THA,KOR,8431
2955214,223,121,1355,2017.0,649094.0,0.0,0.31342600000000004,1.071153,TUN,KOR,8431
2955215,224,121,1355,2017.0,244109.0,21426.0,0.601079,2.126314,TUR,KOR,8431
2955216,228,121,1355,2017.0,565514.0,3699.0,0.34780900000000003,1.076817,UKR,KOR,8431
2955217,230,121,1355,2017.0,0.0,37212.0,0.09085900000000001,-0.246694,URY,KOR,8431
2955218,231,121,1355,2017.0,1438077.0,2479014.0,1.536355,0.23775100000000002,USA,KOR,8431
2955219,239,121,1355,2017.0,89906480.0,201308.0,-0.006548999999999999,0.7030420000000001,VNM,KOR,8431
2955220,246,121,1355,2017.0,0.0,33240.0,-0.048668,1.283483,ZAF,KOR,8431
2955221,249,121,1355,2017.0,104819.0,353808.0,2.003822,1.215216,TWN,KOR,8431
2955222,4,122,1355,2017.0,11428.0,0.0,-0.351054,-0.193147,ALB,KWT,8431
2955223,7,122,1355,2017.0,1566389.0,290121.0,0.222875,-0.204271,ARE,KWT,8431
2955224,8,122,1355,2017.0,7556.0,0.0,-0.268441,0.337024,ARG,KWT,8431
2955225,14,122,1355,2017.0,29277.0,0.0,-0.598537,-0.23571,AUS,KWT,8431
2955226,18,122,1355,2017.0,137644.0,0.0,1.2396969999999998,1.1699760000000001,BEL,KWT,8431
2955227,22,122,1355,2017.0,262030.0,0.0,-1.007846,-1.112069,BGD,KWT,8431
2955228,23,122,1355,2017.0,67607.0,0.0,0.563342,1.744989,BGR,KWT,8431
2955229,24,122,1355,2017.0,1584400.0,49381.0,0.160574,-0.708064,BHR,KWT,8431
2955230,26,122,1355,2017.0,49725.0,0.0,0.584825,0.9219,BIH,KWT,8431
2955231,39,122,1355,2017.0,34937.0,0.0,0.661032,1.331443,CAN,KWT,8431
2955232,41,122,1355,2017.0,9043.0,0.0,2.2443459999999997,0.836363,CHE,KWT,8431
2955233,43,122,1355,2017.0,24123646.0,0.0,1.2888030000000001,0.9250700000000001,CHN,KWT,8431
2955234,49,122,1355,2017.0,5764.0,0.0,-0.039238999999999996,-0.246914,COL,KWT,8431
2955235,52,122,1355,2017.0,1142.0,0.0,0.288798,0.212928,CRI,KWT,8431
2955236,58,122,1355,2017.0,3950.0,0.0,0.35097399999999995,0.103466,CYP,KWT,8431
2955237,61,122,1355,2017.0,644063.0,0.0,2.164026,-2.458307,DEU,KWT,8431
2955238,64,122,1355,2017.0,9403.0,0.0,1.143276,1.242437,DNK,KWT,8431
2955239,65,122,1355,2017.0,1127.0,0.0,-0.314875,0.125244,DOM,KWT,8431
2955240,68,122,1355,2017.0,718882.0,0.0,-0.09792100000000001,1.9664270000000001,EGY,KWT,8431
2955241,71,122,1355,2017.0,3633404.0,168336.0,0.7720279999999999,2.434042,ESP,KWT,8431
2955242,74,122,1355,2017.0,3124.0,0.0,1.6562990000000002,0.94619,FIN,KWT,8431
2955243,77,122,1355,2017.0,807487.0,1270.0,1.3874030000000002,0.8887719999999999,FRA,KWT,8431
2955244,81,122,1355,2017.0,1452109.0,182748.0,1.499843,1.120201,GBR,KWT,8431
2955245,82,122,1355,2017.0,7899.0,0.0,-0.252287,-0.172336,GEO,KWT,8431
2955246,90,122,1355,2017.0,11524.0,0.0,0.10646300000000002,1.0936290000000002,GRC,KWT,8431
2955247,93,122,1355,2017.0,5637.0,0.0,-0.40755399999999997,0.63358,GTM,KWT,8431
2955248,97,122,1355,2017.0,173799.0,0.0,0.877065,1.1615520000000001,HKG,KWT,8431
2955249,100,122,1355,2017.0,11959.0,0.0,0.8933700000000001,1.4400469999999999,HRV,KWT,8431
2955250,101,122,1355,2017.0,4871.0,0.0,-0.793367,-0.8960459999999999,HTI,KWT,8431
2955251,102,122,1355,2017.0,54655.0,0.0,1.6949029999999998,0.723915,HUN,KWT,8431
2955252,103,122,1355,2017.0,92603.0,0.0,-0.072977,1.376847,IDN,KWT,8431
2955253,104,122,1355,2017.0,518660.0,4549.0,0.262126,2.8212040000000003,IND,KWT,8431
2955254,108,122,1355,2017.0,0.0,127233.0,-1.135867,-0.9570700000000001,IRQ,KWT,8431
2955255,111,122,1355,2017.0,2334538.0,334054.0,1.4374559999999998,0.21079699999999998,ITA,KWT,8431
2955256,113,122,1355,2017.0,14309.0,25295.0,0.079237,0.182893,JOR,KWT,8431
2955257,114,122,1355,2017.0,41723.0,0.0,2.4440779999999998,-0.46107700000000007,JPN,KWT,8431
2955258,118,122,1355,2017.0,87656.0,0.0,-0.654185,-0.655463,KHM,KWT,8431
2955259,121,122,1355,2017.0,51747.0,0.0,2.1277470000000003,0.8218719999999999,KOR,KWT,8431
2955260,124,122,1355,2017.0,69088.0,25625.0,0.437192,1.027289,LBN,KWT,8431
2955261,126,122,1355,2017.0,0.0,27062.0,-1.067632,-1.21154,LBY,KWT,8431
2955262,128,122,1355,2017.0,62723.0,0.0,-0.506691,0.43309200000000003,LKA,KWT,8431
2955263,130,122,1355,2017.0,29170.0,0.0,0.770556,1.555233,LTU,KWT,8431
2955264,131,122,1355,2017.0,1236.0,0.0,1.1461629999999998,1.434994,LUX,KWT,8431
2955265,133,122,1355,2017.0,12707.0,0.0,0.33025,-0.008723999999999999,MAC,KWT,8431
2955266,134,122,1355,2017.0,187543.0,0.0,-0.593987,-0.093414,MAR,KWT,8431
2955267,135,122,1355,2017.0,28332.0,0.0,-0.135731,-0.008816,MDA,KWT,8431
2955268,136,122,1355,2017.0,2899.0,0.0,-1.098631,-0.8503069999999999,MDG,KWT,8431
2955269,138,122,1355,2017.0,6734.0,0.0,1.348763,0.6145010000000001,MEX,KWT,8431
2955270,140,122,1355,2017.0,34588.0,0.0,-0.12182799999999999,-0.333793,MKD,KWT,8431
2955271,143,122,1355,2017.0,99722.0,0.0,-0.9113129999999999,-0.21514,MMR,KWT,8431
2955272,151,122,1355,2017.0,13335.0,0.0,-0.166097,-0.050332,MUS,KWT,8431
2955273,153,122,1355,2017.0,154936.0,0.0,1.022117,0.6711739999999999,MYS,KWT,8431
2955274,162,122,1355,2017.0,16838.0,0.0,1.090805,1.452409,NLD,KWT,8431
2955275,166,122,1355,2017.0,7522.0,0.0,0.154926,0.10981500000000001,NZL,KWT,8431
2955276,167,122,1355,2017.0,0.0,6601.0,-0.44851199999999997,-0.9820049999999999,OMN,KWT,8431
2955277,168,122,1355,2017.0,116522.0,0.0,-0.737436,0.345773,PAK,KWT,8431
2955278,174,122,1355,2017.0,3338.0,0.0,0.717074,0.224219,PHL,KWT,8431
2955279,177,122,1355,2017.0,62160.0,0.0,1.212941,0.917751,POL,KWT,8431
2955280,179,122,1355,2017.0,140998.0,1006.0,0.692908,2.05977,PRT,KWT,8431
2955281,183,122,1355,2017.0,209813.0,239030.0,-0.42615600000000003,-1.0956489999999999,QAT,KWT,8431
2955282,185,122,1355,2017.0,156711.0,0.0,1.145161,1.095192,ROU,KWT,8431
2955283,186,122,1355,2017.0,36329.0,0.0,0.07402,0.248236,RUS,KWT,8431
2955284,188,122,1355,2017.0,329015.0,169596.0,0.508031,-0.42373500000000003,SAU,KWT,8431
2955285,201,122,1355,2017.0,11969.0,0.0,0.59312,1.535527,SRB,KWT,8431
2955286,206,122,1355,2017.0,45349.0,0.0,1.484316,0.811826,SVK,KWT,8431
2955287,207,122,1355,2017.0,14424.0,0.0,1.597178,0.753722,SVN,KWT,8431
2955288,208,122,1355,2017.0,15186.0,0.0,1.695113,0.6885060000000001,SWE,KWT,8431
2955289,212,122,1355,2017.0,234002.0,0.0,-0.65347,0.085392,SYR,KWT,8431
2955290,216,122,1355,2017.0,21222.0,0.0,1.15791,1.282718,THA,KWT,8431
2955291,219,122,1355,2017.0,1538.0,0.0,-1.358487,-1.29703,TKM,KWT,8431
2955292,223,122,1355,2017.0,280015.0,0.0,0.31342600000000004,1.071153,TUN,KWT,8431
2955293,224,122,1355,2017.0,2774396.0,0.0,0.601079,2.126314,TUR,KWT,8431
2955294,228,122,1355,2017.0,61327.0,0.0,0.34780900000000003,1.076817,UKR,KWT,8431
2955295,231,122,1355,2017.0,753210.0,3794.0,1.536355,0.23775100000000002,USA,KWT,8431
2955296,239,122,1355,2017.0,271353.0,0.0,-0.006548999999999999,0.7030420000000001,VNM,KWT,8431
2955297,246,122,1355,2017.0,6635.0,0.0,-0.048668,1.283483,ZAF,KWT,8431
2955298,249,122,1355,2017.0,7546.0,0.0,2.003822,1.215216,TWN,KWT,8431
2955299,250,122,1355,2017.0,8180.0,0.0,0.472054,-0.363374,ANS,KWT,8431
2955300,43,127,1355,2017.0,13480.0,0.0,1.2888030000000001,0.9250700000000001,CHN,LCA,8431
2955301,81,127,1355,2017.0,6021.0,0.0,1.499843,1.120201,GBR,LCA,8431
2955302,104,127,1355,2017.0,15688.0,0.0,0.262126,2.8212040000000003,IND,LCA,8431
2955303,112,127,1355,2017.0,1845.0,0.0,-0.362252,-0.756476,JAM,LCA,8431
2955304,169,127,1355,2017.0,5755.0,0.0,0.638093,1.01027,PAN,LCA,8431
2955305,222,127,1355,2017.0,15244.0,0.0,-0.15041300000000002,-1.029801,TTO,LCA,8431
2955306,231,127,1355,2017.0,66030.0,7261.0,1.536355,0.23775100000000002,USA,LCA,8431
2955307,250,127,1355,2017.0,4721.0,1436.0,0.472054,-0.363374,ANS,LCA,8431
2955308,7,138,1355,2017.0,85285.0,6397.0,0.222875,-0.204271,ARE,MEX,8431
2955309,8,138,1355,2017.0,3769.0,0.0,-0.268441,0.337024,ARG,MEX,8431
2955310,14,138,1355,2017.0,0.0,20413.0,-0.598537,-0.23571,AUS,MEX,8431
2955311,15,138,1355,2017.0,100813.0,1476.0,1.722766,-0.077938,AUT,MEX,8431
2955312,18,138,1355,2017.0,0.0,3905.0,1.2396969999999998,1.1699760000000001,BEL,MEX,8431
2955313,22,138,1355,2017.0,1240894.0,0.0,-1.007846,-1.112069,BGD,MEX,8431
2955314,23,138,1355,2017.0,150851.0,0.0,0.563342,1.744989,BGR,MEX,8431
2955315,26,138,1355,2017.0,65757.0,0.0,0.584825,0.9219,BIH,MEX,8431
2955316,32,138,1355,2017.0,1682.0,0.0,0.103119,0.808438,BRA,MEX,8431
2955317,39,138,1355,2017.0,23142.0,64652.0,0.661032,1.331443,CAN,MEX,8431
2955318,41,138,1355,2017.0,5720.0,2969.0,2.2443459999999997,0.836363,CHE,MEX,8431
2955319,42,138,1355,2017.0,0.0,22849.0,-0.282983,-0.33351,CHL,MEX,8431
2955320,43,138,1355,2017.0,36373364.0,25992.0,1.2888030000000001,0.9250700000000001,CHN,MEX,8431
2955321,49,138,1355,2017.0,97540.0,308152.0,-0.039238999999999996,-0.246914,COL,MEX,8431
2955322,52,138,1355,2017.0,0.0,40166.0,0.288798,0.212928,CRI,MEX,8431
2955323,61,138,1355,2017.0,197938.0,31596.0,2.164026,-2.458307,DEU,MEX,8431
2955324,64,138,1355,2017.0,16441.0,0.0,1.143276,1.242437,DNK,MEX,8431
2955325,65,138,1355,2017.0,0.0,22814.0,-0.314875,0.125244,DOM,MEX,8431
2955326,67,138,1355,2017.0,0.0,60127.0,-1.109413,-1.1561270000000001,ECU,MEX,8431
2955327,71,138,1355,2017.0,12840453.0,161034.0,0.7720279999999999,2.434042,ESP,MEX,8431
2955328,72,138,1355,2017.0,1373.0,0.0,1.004481,1.311075,EST,MEX,8431
2955329,74,138,1355,2017.0,0.0,4597.0,1.6562990000000002,0.94619,FIN,MEX,8431
2955330,77,138,1355,2017.0,233692.0,2090.0,1.3874030000000002,0.8887719999999999,FRA,MEX,8431
2955331,81,138,1355,2017.0,318931.0,12375.0,1.499843,1.120201,GBR,MEX,8431
2955332,93,138,1355,2017.0,44401.0,71470.0,-0.40755399999999997,0.63358,GTM,MEX,8431
2955333,97,138,1355,2017.0,1711564.0,53005.0,0.877065,1.1615520000000001,HKG,MEX,8431
2955334,99,138,1355,2017.0,0.0,5057.0,-0.44761999999999996,-0.20167100000000002,HND,MEX,8431
2955335,100,138,1355,2017.0,2302.0,0.0,0.8933700000000001,1.4400469999999999,HRV,MEX,8431
2955336,103,138,1355,2017.0,376547.0,0.0,-0.072977,1.376847,IDN,MEX,8431
2955337,104,138,1355,2017.0,884320.0,0.0,0.262126,2.8212040000000003,IND,MEX,8431
2955338,111,138,1355,2017.0,2739968.0,87493.0,1.4374559999999998,0.21079699999999998,ITA,MEX,8431
2955339,114,138,1355,2017.0,2595.0,75886.0,2.4440779999999998,-0.46107700000000007,JPN,MEX,8431
2955340,118,138,1355,2017.0,475266.0,0.0,-0.654185,-0.655463,KHM,MEX,8431
2955341,121,138,1355,2017.0,0.0,25110.0,2.1277470000000003,0.8218719999999999,KOR,MEX,8431
2955342,122,138,1355,2017.0,0.0,6734.0,-0.264903,-1.112018,KWT,MEX,8431
2955343,124,138,1355,2017.0,0.0,1157.0,0.437192,1.027289,LBN,MEX,8431
2955344,128,138,1355,2017.0,661780.0,0.0,-0.506691,0.43309200000000003,LKA,MEX,8431
2955345,131,138,1355,2017.0,0.0,2733.0,1.1461629999999998,1.434994,LUX,MEX,8431
2955346,134,138,1355,2017.0,2897437.0,0.0,-0.593987,-0.093414,MAR,MEX,8431
2955347,143,138,1355,2017.0,301851.0,0.0,-0.9113129999999999,-0.21514,MMR,MEX,8431
2955348,151,138,1355,2017.0,2425.0,0.0,-0.166097,-0.050332,MUS,MEX,8431
2955349,153,138,1355,2017.0,10291.0,0.0,1.022117,0.6711739999999999,MYS,MEX,8431
2955350,160,138,1355,2017.0,0.0,4347.0,-0.974065,-0.791551,NIC,MEX,8431
2955351,162,138,1355,2017.0,58766.0,0.0,1.090805,1.452409,NLD,MEX,8431
2955352,164,138,1355,2017.0,1003.0,0.0,-0.076879,0.530485,NPL,MEX,8431
2955353,166,138,1355,2017.0,0.0,4231.0,0.154926,0.10981500000000001,NZL,MEX,8431
2955354,168,138,1355,2017.0,41789.0,0.0,-0.737436,0.345773,PAK,MEX,8431
2955355,169,138,1355,2017.0,36468.0,4444.0,0.638093,1.01027,PAN,MEX,8431
2955356,173,138,1355,2017.0,59122.0,0.0,-0.8214469999999999,-0.333306,PER,MEX,8431
2955357,174,138,1355,2017.0,35383.0,0.0,0.717074,0.224219,PHL,MEX,8431
2955358,177,138,1355,2017.0,180642.0,0.0,1.212941,0.917751,POL,MEX,8431
2955359,179,138,1355,2017.0,399381.0,0.0,0.692908,2.05977,PRT,MEX,8431
2955360,183,138,1355,2017.0,0.0,7331.0,-0.42615600000000003,-1.0956489999999999,QAT,MEX,8431
2955361,185,138,1355,2017.0,520484.0,0.0,1.145161,1.095192,ROU,MEX,8431
2955362,186,138,1355,2017.0,2722.0,0.0,0.07402,0.248236,RUS,MEX,8431
2955363,192,138,1355,2017.0,47266.0,3148.0,1.8943720000000002,0.449316,SGP,MEX,8431
2955364,197,138,1355,2017.0,2544.0,13882.0,0.11754,0.363982,SLV,MEX,8431
2955365,206,138,1355,2017.0,4093.0,0.0,1.484316,0.811826,SVK,MEX,8431
2955366,208,138,1355,2017.0,1577.0,0.0,1.695113,0.6885060000000001,SWE,MEX,8431
2955367,216,138,1355,2017.0,94108.0,1848.0,1.15791,1.282718,THA,MEX,8431
2955368,224,138,1355,2017.0,92663.0,0.0,0.601079,2.126314,TUR,MEX,8431
2955369,230,138,1355,2017.0,0.0,5781.0,0.09085900000000001,-0.246694,URY,MEX,8431
2955370,231,138,1355,2017.0,1847959.0,1968542.0,1.536355,0.23775100000000002,USA,MEX,8431
2955371,239,138,1355,2017.0,2494980.0,0.0,-0.006548999999999999,0.7030420000000001,VNM,MEX,8431
2955372,246,138,1355,2017.0,0.0,4012.0,-0.048668,1.283483,ZAF,MEX,8431
2955373,249,138,1355,2017.0,24416.0,0.0,2.003822,1.215216,TWN,MEX,8431
2955374,5,143,1355,2017.0,0.0,37219.0,1.101312,0.593242,AND,MMR,8431
2955375,7,143,1355,2017.0,0.0,1035387.0,0.222875,-0.204271,ARE,MMR,8431
2955376,8,143,1355,2017.0,0.0,75696.0,-0.268441,0.337024,ARG,MMR,8431
2955377,9,143,1355,2017.0,0.0,45291.0,-0.422667,-0.824041,ARM,MMR,8431
2955378,14,143,1355,2017.0,0.0,239141.0,-0.598537,-0.23571,AUS,MMR,8431
2955379,15,143,1355,2017.0,0.0,2054111.0,1.722766,-0.077938,AUT,MMR,8431
2955380,16,143,1355,2017.0,0.0,36912.0,-1.665069,-1.37471,AZE,MMR,8431
2955381,18,143,1355,2017.0,0.0,1199210.0,1.2396969999999998,1.1699760000000001,BEL,MMR,8431
2955382,22,143,1355,2017.0,6090.0,0.0,-1.007846,-1.112069,BGD,MMR,8431
2955383,24,143,1355,2017.0,0.0,13368.0,0.160574,-0.708064,BHR,MMR,8431
2955384,26,143,1355,2017.0,0.0,44101.0,0.584825,0.9219,BIH,MMR,8431
2955385,28,143,1355,2017.0,0.0,77568.0,0.9188780000000001,0.9998819999999999,BLR,MMR,8431
2955386,32,143,1355,2017.0,0.0,61573.0,0.103119,0.808438,BRA,MMR,8431
2955387,39,143,1355,2017.0,0.0,2202961.0,0.661032,1.331443,CAN,MMR,8431
2955388,41,143,1355,2017.0,0.0,2795454.0,2.2443459999999997,0.836363,CHE,MMR,8431
2955389,42,143,1355,2017.0,0.0,119594.0,-0.282983,-0.33351,CHL,MMR,8431
2955390,43,143,1355,2017.0,1668390.0,6249642.0,1.2888030000000001,0.9250700000000001,CHN,MMR,8431
2955391,49,143,1355,2017.0,0.0,113024.0,-0.039238999999999996,-0.246914,COL,MMR,8431
2955392,52,143,1355,2017.0,0.0,27049.0,0.288798,0.212928,CRI,MMR,8431
2955393,59,143,1355,2017.0,0.0,1987949.0,1.8494680000000001,0.150088,CZE,MMR,8431
2955394,61,143,1355,2017.0,1452.0,25083796.0,2.164026,-2.458307,DEU,MMR,8431
2955395,64,143,1355,2017.0,0.0,14085393.0,1.143276,1.242437,DNK,MMR,8431
2955396,65,143,1355,2017.0,0.0,1830.0,-0.314875,0.125244,DOM,MMR,8431
2955397,66,143,1355,2017.0,0.0,3187.0,-0.918984,-1.177867,DZA,MMR,8431
2955398,67,143,1355,2017.0,0.0,9637.0,-1.109413,-1.1561270000000001,ECU,MMR,8431
2955399,71,143,1355,2017.0,0.0,15751497.0,0.7720279999999999,2.434042,ESP,MMR,8431
2955400,72,143,1355,2017.0,0.0,82435.0,1.004481,1.311075,EST,MMR,8431
2955401,74,143,1355,2017.0,0.0,710637.0,1.6562990000000002,0.94619,FIN,MMR,8431
2955402,77,143,1355,2017.0,0.0,13252830.0,1.3874030000000002,0.8887719999999999,FRA,MMR,8431
2955403,81,143,1355,2017.0,0.0,18516198.0,1.499843,1.120201,GBR,MMR,8431
2955404,92,143,1355,2017.0,0.0,16483.0,-1.09962,-1.013198,GRL,MMR,8431
2955405,97,143,1355,2017.0,10946.0,314147.0,0.877065,1.1615520000000001,HKG,MMR,8431
2955406,99,143,1355,2017.0,0.0,5378.0,-0.44761999999999996,-0.20167100000000002,HND,MMR,8431
2955407,100,143,1355,2017.0,0.0,33804.0,0.8933700000000001,1.4400469999999999,HRV,MMR,8431
2955408,103,143,1355,2017.0,0.0,92043.0,-0.072977,1.376847,IDN,MMR,8431
2955409,104,143,1355,2017.0,4523.0,176260.0,0.262126,2.8212040000000003,IND,MMR,8431
2955410,106,143,1355,2017.0,0.0,1352157.0,1.444823,0.158356,IRL,MMR,8431
2955411,109,143,1355,2017.0,0.0,4186.0,0.279223,-0.34883600000000003,ISL,MMR,8431
2955412,110,143,1355,2017.0,0.0,46619.0,1.158779,0.8909020000000001,ISR,MMR,8431
2955413,111,143,1355,2017.0,15649.0,5875542.0,1.4374559999999998,0.21079699999999998,ITA,MMR,8431
2955414,114,143,1355,2017.0,4031.0,40589320.0,2.4440779999999998,-0.46107700000000007,JPN,MMR,8431
2955415,115,143,1355,2017.0,0.0,77121.0,-0.47984399999999994,-0.40618699999999996,KAZ,MMR,8431
2955416,121,143,1355,2017.0,0.0,2706079.0,2.1277470000000003,0.8218719999999999,KOR,MMR,8431
2955417,122,143,1355,2017.0,0.0,99722.0,-0.264903,-1.112018,KWT,MMR,8431
2955418,124,143,1355,2017.0,0.0,483151.0,0.437192,1.027289,LBN,MMR,8431
2955419,128,143,1355,2017.0,0.0,1672342.0,-0.506691,0.43309200000000003,LKA,MMR,8431
2955420,130,143,1355,2017.0,0.0,9291.0,0.770556,1.555233,LTU,MMR,8431
2955421,131,143,1355,2017.0,0.0,29388.0,1.1461629999999998,1.434994,LUX,MMR,8431
2955422,134,143,1355,2017.0,2602.0,46391.0,-0.593987,-0.093414,MAR,MMR,8431
2955423,135,143,1355,2017.0,0.0,28788.0,-0.135731,-0.008816,MDA,MMR,8431
2955424,138,143,1355,2017.0,0.0,301851.0,1.348763,0.6145010000000001,MEX,MMR,8431
2955425,140,143,1355,2017.0,0.0,50580.0,-0.12182799999999999,-0.333793,MKD,MMR,8431
2955426,144,143,1355,2017.0,0.0,5339.0,0.132462,-0.071601,MNE,MMR,8431
2955427,145,143,1355,2017.0,0.0,17876.0,-1.110506,-1.179734,MNG,MMR,8431
2955428,153,143,1355,2017.0,0.0,420667.0,1.022117,0.6711739999999999,MYS,MMR,8431
2955429,162,143,1355,2017.0,0.0,3466914.0,1.090805,1.452409,NLD,MMR,8431
2955430,163,143,1355,2017.0,0.0,1009296.0,0.393228,0.049788,NOR,MMR,8431
2955431,166,143,1355,2017.0,0.0,27412.0,0.154926,0.10981500000000001,NZL,MMR,8431
2955432,169,143,1355,2017.0,0.0,3159.0,0.638093,1.01027,PAN,MMR,8431
2955433,173,143,1355,2017.0,5725.0,41974.0,-0.8214469999999999,-0.333306,PER,MMR,8431
2955434,174,143,1355,2017.0,0.0,16914.0,0.717074,0.224219,PHL,MMR,8431
2955435,177,143,1355,2017.0,0.0,3956803.0,1.212941,0.917751,POL,MMR,8431
2955436,179,143,1355,2017.0,1069.0,0.0,0.692908,2.05977,PRT,MMR,8431
2955437,183,143,1355,2017.0,0.0,42432.0,-0.42615600000000003,-1.0956489999999999,QAT,MMR,8431
2955438,185,143,1355,2017.0,6969.0,0.0,1.145161,1.095192,ROU,MMR,8431
2955439,186,143,1355,2017.0,0.0,2051746.0,0.07402,0.248236,RUS,MMR,8431
2955440,188,143,1355,2017.0,0.0,31518.0,0.508031,-0.42373500000000003,SAU,MMR,8431
2955441,192,143,1355,2017.0,4796.0,279486.0,1.8943720000000002,0.449316,SGP,MMR,8431
2955442,197,143,1355,2017.0,0.0,2753.0,0.11754,0.363982,SLV,MMR,8431
2955443,201,143,1355,2017.0,0.0,107006.0,0.59312,1.535527,SRB,MMR,8431
2955444,206,143,1355,2017.0,0.0,237406.0,1.484316,0.811826,SVK,MMR,8431
2955445,207,143,1355,2017.0,0.0,518261.0,1.597178,0.753722,SVN,MMR,8431
2955446,208,143,1355,2017.0,0.0,982498.0,1.695113,0.6885060000000001,SWE,MMR,8431
2955447,216,143,1355,2017.0,36369.0,384807.0,1.15791,1.282718,THA,MMR,8431
2955448,223,143,1355,2017.0,2530.0,0.0,0.31342600000000004,1.071153,TUN,MMR,8431
2955449,224,143,1355,2017.0,5595.0,1471993.0,0.601079,2.126314,TUR,MMR,8431
2955450,228,143,1355,2017.0,3022.0,186472.0,0.34780900000000003,1.076817,UKR,MMR,8431
2955451,230,143,1355,2017.0,0.0,14507.0,0.09085900000000001,-0.246694,URY,MMR,8431
2955452,231,143,1355,2017.0,0.0,1853540.0,1.536355,0.23775100000000002,USA,MMR,8431
2955453,236,143,1355,2017.0,0.0,104324.0,-1.191942,-1.245689,VEN,MMR,8431
2955454,239,143,1355,2017.0,58573.0,27119.0,-0.006548999999999999,0.7030420000000001,VNM,MMR,8431
2955455,246,143,1355,2017.0,0.0,55026.0,-0.048668,1.283483,ZAF,MMR,8431
2955456,249,143,1355,2017.0,0.0,359348.0,2.003822,1.215216,TWN,MMR,8431
2955457,250,143,1355,2017.0,0.0,2623.0,0.472054,-0.363374,ANS,MMR,8431
2955458,7,153,1355,2017.0,55173.0,163253.0,0.222875,-0.204271,ARE,MYS,8431
2955459,14,153,1355,2017.0,3027.0,439392.0,-0.598537,-0.23571,AUS,MYS,8431
2955460,15,153,1355,2017.0,1191.0,51614.0,1.722766,-0.077938,AUT,MYS,8431
2955461,16,153,1355,2017.0,0.0,1916.0,-1.665069,-1.37471,AZE,MYS,8431
2955462,18,153,1355,2017.0,1916.0,0.0,1.2396969999999998,1.1699760000000001,BEL,MYS,8431
2955463,22,153,1355,2017.0,779204.0,3860.0,-1.007846,-1.112069,BGD,MYS,8431
2955464,23,153,1355,2017.0,14737.0,0.0,0.563342,1.744989,BGR,MYS,8431
2955465,24,153,1355,2017.0,0.0,80517.0,0.160574,-0.708064,BHR,MYS,8431
2955466,25,153,1355,2017.0,1082.0,0.0,0.677207,-0.45096899999999995,BHS,MYS,8431
2955467,26,153,1355,2017.0,0.0,2741.0,0.584825,0.9219,BIH,MYS,8431
2955468,31,153,1355,2017.0,0.0,4211.0,-1.032957,-0.9679840000000001,BOL,MYS,8431
2955469,32,153,1355,2017.0,2194.0,9894.0,0.103119,0.808438,BRA,MYS,8431
2955470,34,153,1355,2017.0,0.0,4329.0,0.13716,-0.783787,BRN,MYS,8431
2955471,39,153,1355,2017.0,2484.0,56189.0,0.661032,1.331443,CAN,MYS,8431
2955472,41,153,1355,2017.0,34605.0,89829.0,2.2443459999999997,0.836363,CHE,MYS,8431
2955473,42,153,1355,2017.0,0.0,10460.0,-0.282983,-0.33351,CHL,MYS,8431
2955474,43,153,1355,2017.0,125452784.0,156265.0,1.2888030000000001,0.9250700000000001,CHN,MYS,8431
2955475,59,153,1355,2017.0,0.0,5018.0,1.8494680000000001,0.150088,CZE,MYS,8431
2955476,61,153,1355,2017.0,36937.0,355362.0,2.164026,-2.458307,DEU,MYS,8431
2955477,64,153,1355,2017.0,29370.0,0.0,1.143276,1.242437,DNK,MYS,8431
2955478,67,153,1355,2017.0,0.0,2689.0,-1.109413,-1.1561270000000001,ECU,MYS,8431
2955479,68,153,1355,2017.0,15091.0,0.0,-0.09792100000000001,1.9664270000000001,EGY,MYS,8431
2955480,71,153,1355,2017.0,840717.0,102974.0,0.7720279999999999,2.434042,ESP,MYS,8431
2955481,74,153,1355,2017.0,0.0,12058.0,1.6562990000000002,0.94619,FIN,MYS,8431
2955482,77,153,1355,2017.0,96753.0,139002.0,1.3874030000000002,0.8887719999999999,FRA,MYS,8431
2955483,81,153,1355,2017.0,266097.0,111152.0,1.499843,1.120201,GBR,MYS,8431
2955484,82,153,1355,2017.0,1911.0,0.0,-0.252287,-0.172336,GEO,MYS,8431
2955485,97,153,1355,2017.0,650993.0,1435140.0,0.877065,1.1615520000000001,HKG,MYS,8431
2955486,102,153,1355,2017.0,2276.0,0.0,1.6949029999999998,0.723915,HUN,MYS,8431
2955487,103,153,1355,2017.0,1621687.0,136972.0,-0.072977,1.376847,IDN,MYS,8431
2955488,104,153,1355,2017.0,97790.0,120361.0,0.262126,2.8212040000000003,IND,MYS,8431
2955489,106,153,1355,2017.0,0.0,13202.0,1.444823,0.158356,IRL,MYS,8431
2955490,111,153,1355,2017.0,440731.0,561073.0,1.4374559999999998,0.21079699999999998,ITA,MYS,8431
2955491,114,153,1355,2017.0,32006.0,124751.0,2.4440779999999998,-0.46107700000000007,JPN,MYS,8431
2955492,115,153,1355,2017.0,0.0,2227.0,-0.47984399999999994,-0.40618699999999996,KAZ,MYS,8431
2955493,118,153,1355,2017.0,226806.0,0.0,-0.654185,-0.655463,KHM,MYS,8431
2955494,121,153,1355,2017.0,50328.0,372731.0,2.1277470000000003,0.8218719999999999,KOR,MYS,8431
2955495,122,153,1355,2017.0,0.0,154936.0,-0.264903,-1.112018,KWT,MYS,8431
2955496,124,153,1355,2017.0,0.0,12440.0,0.437192,1.027289,LBN,MYS,8431
2955497,128,153,1355,2017.0,66219.0,0.0,-0.506691,0.43309200000000003,LKA,MYS,8431
2955498,134,153,1355,2017.0,299979.0,0.0,-0.593987,-0.093414,MAR,MYS,8431
2955499,137,153,1355,2017.0,0.0,3844.0,-0.739309,-0.951202,MDV,MYS,8431
2955500,138,153,1355,2017.0,0.0,10291.0,1.348763,0.6145010000000001,MEX,MYS,8431
2955501,143,153,1355,2017.0,420667.0,0.0,-0.9113129999999999,-0.21514,MMR,MYS,8431
2955502,145,153,1355,2017.0,0.0,8511.0,-1.110506,-1.179734,MNG,MYS,8431
2955503,162,153,1355,2017.0,5481.0,185010.0,1.090805,1.452409,NLD,MYS,8431
2955504,163,153,1355,2017.0,7282.0,6413.0,0.393228,0.049788,NOR,MYS,8431
2955505,164,153,1355,2017.0,11971.0,0.0,-0.076879,0.530485,NPL,MYS,8431
2955506,166,153,1355,2017.0,0.0,11970.0,0.154926,0.10981500000000001,NZL,MYS,8431
2955507,168,153,1355,2017.0,104249.0,0.0,-0.737436,0.345773,PAK,MYS,8431
2955508,169,153,1355,2017.0,0.0,91536.0,0.638093,1.01027,PAN,MYS,8431
2955509,173,153,1355,2017.0,0.0,15030.0,-0.8214469999999999,-0.333306,PER,MYS,8431
2955510,174,153,1355,2017.0,4780.0,52815.0,0.717074,0.224219,PHL,MYS,8431
2955511,179,153,1355,2017.0,63887.0,0.0,0.692908,2.05977,PRT,MYS,8431
2955512,183,153,1355,2017.0,0.0,67330.0,-0.42615600000000003,-1.0956489999999999,QAT,MYS,8431
2955513,185,153,1355,2017.0,58970.0,6342.0,1.145161,1.095192,ROU,MYS,8431
2955514,186,153,1355,2017.0,0.0,291940.0,0.07402,0.248236,RUS,MYS,8431
2955515,188,153,1355,2017.0,0.0,59394.0,0.508031,-0.42373500000000003,SAU,MYS,8431
2955516,192,153,1355,2017.0,572811.0,392600.0,1.8943720000000002,0.449316,SGP,MYS,8431
2955517,206,153,1355,2017.0,9122.0,0.0,1.484316,0.811826,SVK,MYS,8431
2955518,207,153,1355,2017.0,0.0,1136.0,1.597178,0.753722,SVN,MYS,8431
2955519,216,153,1355,2017.0,97574.0,75297.0,1.15791,1.282718,THA,MYS,8431
2955520,224,153,1355,2017.0,29218.0,3189474.0,0.601079,2.126314,TUR,MYS,8431
2955521,230,153,1355,2017.0,0.0,3553.0,0.09085900000000001,-0.246694,URY,MYS,8431
2955522,231,153,1355,2017.0,18772.0,167684.0,1.536355,0.23775100000000002,USA,MYS,8431
2955523,239,153,1355,2017.0,1040453.0,2166.0,-0.006548999999999999,0.7030420000000001,VNM,MYS,8431
2955524,246,153,1355,2017.0,0.0,2194.0,-0.048668,1.283483,ZAF,MYS,8431
2955525,249,153,1355,2017.0,56240.0,12852.0,2.003822,1.215216,TWN,MYS,8431
2955526,250,153,1355,2017.0,0.0,2325.0,0.472054,-0.363374,ANS,MYS,8431
2955527,7,160,1355,2017.0,0.0,1058.0,0.222875,-0.204271,ARE,NIC,8431
2955528,22,160,1355,2017.0,3433.0,0.0,-1.007846,-1.112069,BGD,NIC,8431
2955529,43,160,1355,2017.0,434742.0,1002.0,1.2888030000000001,0.9250700000000001,CHN,NIC,8431
2955530,65,160,1355,2017.0,1961.0,0.0,-0.314875,0.125244,DOM,NIC,8431
2955531,71,160,1355,2017.0,47527.0,0.0,0.7720279999999999,2.434042,ESP,NIC,8431
2955532,81,160,1355,2017.0,0.0,2542.0,1.499843,1.120201,GBR,NIC,8431
2955533,93,160,1355,2017.0,2868.0,0.0,-0.40755399999999997,0.63358,GTM,NIC,8431
2955534,99,160,1355,2017.0,15119.0,0.0,-0.44761999999999996,-0.20167100000000002,HND,NIC,8431
2955535,103,160,1355,2017.0,1625.0,0.0,-0.072977,1.376847,IDN,NIC,8431
2955536,111,160,1355,2017.0,1967.0,0.0,1.4374559999999998,0.21079699999999998,ITA,NIC,8431
2955537,121,160,1355,2017.0,3008.0,0.0,2.1277470000000003,0.8218719999999999,KOR,NIC,8431
2955538,134,160,1355,2017.0,21998.0,0.0,-0.593987,-0.093414,MAR,NIC,8431
2955539,138,160,1355,2017.0,4347.0,0.0,1.348763,0.6145010000000001,MEX,NIC,8431
2955540,162,160,1355,2017.0,0.0,2320.0,1.090805,1.452409,NLD,NIC,8431
2955541,166,160,1355,2017.0,0.0,3610.0,0.154926,0.10981500000000001,NZL,NIC,8431
2955542,169,160,1355,2017.0,214278.0,0.0,0.638093,1.01027,PAN,NIC,8431
2955543,197,160,1355,2017.0,46249.0,9517.0,0.11754,0.363982,SLV,NIC,8431
2955544,224,160,1355,2017.0,3843.0,0.0,0.601079,2.126314,TUR,NIC,8431
2955545,231,160,1355,2017.0,10020.0,360323.0,1.536355,0.23775100000000002,USA,NIC,8431
2955546,239,160,1355,2017.0,22594.0,0.0,-0.006548999999999999,0.7030420000000001,VNM,NIC,8431
2955547,0,162,1355,2017.0,0.0,7441.0,0.8469200000000001,0.12138299999999999,ABW,NLD,8431
2955548,5,162,1355,2017.0,0.0,52721.0,1.101312,0.593242,AND,NLD,8431
2955549,7,162,1355,2017.0,20134.0,99904.0,0.222875,-0.204271,ARE,NLD,8431
2955550,8,162,1355,2017.0,0.0,10564.0,-0.268441,0.337024,ARG,NLD,8431
2955551,14,162,1355,2017.0,20643.0,110726.0,-0.598537,-0.23571,AUS,NLD,8431
2955552,15,162,1355,2017.0,1379340.0,5711828.0,1.722766,-0.077938,AUT,NLD,8431
2955553,16,162,1355,2017.0,0.0,66772.0,-1.665069,-1.37471,AZE,NLD,8431
2955554,18,162,1355,2017.0,7271034.0,16238663.0,1.2396969999999998,1.1699760000000001,BEL,NLD,8431
2955555,20,162,1355,2017.0,0.0,7357.0,1.24486,-0.704291,BES,NLD,8431
2955556,22,162,1355,2017.0,7881057.0,0.0,-1.007846,-1.112069,BGD,NLD,8431
2955557,23,162,1355,2017.0,3196334.0,350172.0,0.563342,1.744989,BGR,NLD,8431
2955558,26,162,1355,2017.0,5264.0,51267.0,0.584825,0.9219,BIH,NLD,8431
2955559,28,162,1355,2017.0,15274.0,7226.0,0.9188780000000001,0.9998819999999999,BLR,NLD,8431
2955560,30,162,1355,2017.0,0.0,3890.0,1.16947,-0.302517,BMU,NLD,8431
2955561,32,162,1355,2017.0,42713.0,2626.0,0.103119,0.808438,BRA,NLD,8431
2955562,39,162,1355,2017.0,3545116.0,276249.0,0.661032,1.331443,CAN,NLD,8431
2955563,41,162,1355,2017.0,177279.0,1130584.0,2.2443459999999997,0.836363,CHE,NLD,8431
2955564,42,162,1355,2017.0,0.0,2601.0,-0.282983,-0.33351,CHL,NLD,8431
2955565,43,162,1355,2017.0,203586112.0,191782.0,1.2888030000000001,0.9250700000000001,CHN,NLD,8431
2955566,45,162,1355,2017.0,4795.0,0.0,-1.039442,-1.026684,CMR,NLD,8431
2955567,49,162,1355,2017.0,1100.0,0.0,-0.039238999999999996,-0.246914,COL,NLD,8431
2955568,52,162,1355,2017.0,0.0,4214.0,0.288798,0.212928,CRI,NLD,8431
2955569,55,162,1355,2017.0,0.0,37164.0,-0.146136,-0.780933,CUW,NLD,8431
2955570,58,162,1355,2017.0,8450.0,67833.0,0.35097399999999995,0.103466,CYP,NLD,8431
2955571,59,162,1355,2017.0,1092908.0,1993852.0,1.8494680000000001,0.150088,CZE,NLD,8431
2955572,61,162,1355,2017.0,60280800.0,74962528.0,2.164026,-2.458307,DEU,NLD,8431
2955573,64,162,1355,2017.0,18420792.0,3788784.0,1.143276,1.242437,DNK,NLD,8431
2955574,67,162,1355,2017.0,216075.0,0.0,-1.109413,-1.1561270000000001,ECU,NLD,8431
2955575,68,162,1355,2017.0,13327.0,4949.0,-0.09792100000000001,1.9664270000000001,EGY,NLD,8431
2955576,71,162,1355,2017.0,25754442.0,5099060.0,0.7720279999999999,2.434042,ESP,NLD,8431
2955577,72,162,1355,2017.0,34505.0,687187.0,1.004481,1.311075,EST,NLD,8431
2955578,73,162,1355,2017.0,0.0,1800.0,-0.874714,-0.58418,ETH,NLD,8431
2955579,74,162,1355,2017.0,256593.0,2304062.0,1.6562990000000002,0.94619,FIN,NLD,8431
2955580,77,162,1355,2017.0,15394291.0,17962620.0,1.3874030000000002,0.8887719999999999,FRA,NLD,8431
2955581,78,162,1355,2017.0,0.0,5244.0,-1.0046549999999999,-1.015204,FRO,NLD,8431
2955582,81,162,1355,2017.0,11563462.0,20579392.0,1.499843,1.120201,GBR,NLD,8431
2955583,82,162,1355,2017.0,0.0,24448.0,-0.252287,-0.172336,GEO,NLD,8431
2955584,84,162,1355,2017.0,0.0,5761.0,0.48612,-0.738929,GIB,NLD,8431
2955585,90,162,1355,2017.0,74978.0,936045.0,0.10646300000000002,1.0936290000000002,GRC,NLD,8431
2955586,92,162,1355,2017.0,0.0,1963.0,-1.09962,-1.013198,GRL,NLD,8431
2955587,93,162,1355,2017.0,12653.0,7934.0,-0.40755399999999997,0.63358,GTM,NLD,8431
2955588,97,162,1355,2017.0,5114383.0,168944.0,0.877065,1.1615520000000001,HKG,NLD,8431
2955589,100,162,1355,2017.0,17297.0,433134.0,0.8933700000000001,1.4400469999999999,HRV,NLD,8431
2955590,102,162,1355,2017.0,272182.0,284158.0,1.6949029999999998,0.723915,HUN,NLD,8431
2955591,103,162,1355,2017.0,3755839.0,1195.0,-0.072977,1.376847,IDN,NLD,8431
2955592,104,162,1355,2017.0,3385610.0,1001.0,0.262126,2.8212040000000003,IND,NLD,8431
2955593,106,162,1355,2017.0,339561.0,1974147.0,1.444823,0.158356,IRL,NLD,8431
2955594,109,162,1355,2017.0,1125.0,47991.0,0.279223,-0.34883600000000003,ISL,NLD,8431
2955595,110,162,1355,2017.0,6058.0,64474.0,1.158779,0.8909020000000001,ISR,NLD,8431
2955596,111,162,1355,2017.0,30359768.0,7796518.0,1.4374559999999998,0.21079699999999998,ITA,NLD,8431
2955597,113,162,1355,2017.0,15455.0,0.0,0.079237,0.182893,JOR,NLD,8431
2955598,114,162,1355,2017.0,57087.0,279969.0,2.4440779999999998,-0.46107700000000007,JPN,NLD,8431
2955599,115,162,1355,2017.0,0.0,102288.0,-0.47984399999999994,-0.40618699999999996,KAZ,NLD,8431
2955600,118,162,1355,2017.0,177742.0,0.0,-0.654185,-0.655463,KHM,NLD,8431
2955601,121,162,1355,2017.0,51277.0,194008.0,2.1277470000000003,0.8218719999999999,KOR,NLD,8431
2955602,122,162,1355,2017.0,0.0,16838.0,-0.264903,-1.112018,KWT,NLD,8431
2955603,123,162,1355,2017.0,37000.0,0.0,-0.733135,-0.482756,LAO,NLD,8431
2955604,124,162,1355,2017.0,0.0,22767.0,0.437192,1.027289,LBN,NLD,8431
2955605,128,162,1355,2017.0,143032.0,0.0,-0.506691,0.43309200000000003,LKA,NLD,8431
2955606,130,162,1355,2017.0,6258388.0,680023.0,0.770556,1.555233,LTU,NLD,8431
2955607,131,162,1355,2017.0,290143.0,735983.0,1.1461629999999998,1.434994,LUX,NLD,8431
2955608,132,162,1355,2017.0,24033.0,518475.0,0.644285,1.4304290000000002,LVA,NLD,8431
2955609,134,162,1355,2017.0,1069637.0,7136.0,-0.593987,-0.093414,MAR,NLD,8431
2955610,136,162,1355,2017.0,0.0,4817.0,-1.098631,-0.8503069999999999,MDG,NLD,8431
2955611,138,162,1355,2017.0,0.0,58766.0,1.348763,0.6145010000000001,MEX,NLD,8431
2955612,140,162,1355,2017.0,2482583.0,23259.0,-0.12182799999999999,-0.333793,MKD,NLD,8431
2955613,142,162,1355,2017.0,0.0,39209.0,0.9943420000000001,0.181922,MLT,NLD,8431
2955614,143,162,1355,2017.0,3466914.0,0.0,-0.9113129999999999,-0.21514,MMR,NLD,8431
2955615,144,162,1355,2017.0,0.0,19219.0,0.132462,-0.071601,MNE,NLD,8431
2955616,145,162,1355,2017.0,0.0,3132.0,-1.110506,-1.179734,MNG,NLD,8431
2955617,151,162,1355,2017.0,252957.0,1127.0,-0.166097,-0.050332,MUS,NLD,8431
2955618,153,162,1355,2017.0,185010.0,5481.0,1.022117,0.6711739999999999,MYS,NLD,8431
2955619,160,162,1355,2017.0,2320.0,0.0,-0.974065,-0.791551,NIC,NLD,8431
2955620,163,162,1355,2017.0,37191.0,434698.0,0.393228,0.049788,NOR,NLD,8431
2955621,164,162,1355,2017.0,208983.0,0.0,-0.076879,0.530485,NPL,NLD,8431
2955622,166,162,1355,2017.0,2500.0,62458.0,0.154926,0.10981500000000001,NZL,NLD,8431
2955623,168,162,1355,2017.0,111876.0,0.0,-0.737436,0.345773,PAK,NLD,8431
2955624,169,162,1355,2017.0,0.0,111990.0,0.638093,1.01027,PAN,NLD,8431
2955625,173,162,1355,2017.0,11528.0,1934.0,-0.8214469999999999,-0.333306,PER,NLD,8431
2955626,174,162,1355,2017.0,120904.0,0.0,0.717074,0.224219,PHL,NLD,8431
2955627,177,162,1355,2017.0,4178290.0,3910261.0,1.212941,0.917751,POL,NLD,8431
2955628,179,162,1355,2017.0,3981069.0,727207.0,0.692908,2.05977,PRT,NLD,8431
2955629,181,162,1355,2017.0,0.0,2201.0,0.22982199999999997,0.768037,PSE,NLD,8431
2955630,183,162,1355,2017.0,0.0,2494.0,-0.42615600000000003,-1.0956489999999999,QAT,NLD,8431
2955631,185,162,1355,2017.0,1304748.0,254664.0,1.145161,1.095192,ROU,NLD,8431
2955632,186,162,1355,2017.0,72780.0,1075693.0,0.07402,0.248236,RUS,NLD,8431
2955633,188,162,1355,2017.0,0.0,20245.0,0.508031,-0.42373500000000003,SAU,NLD,8431
2955634,192,162,1355,2017.0,100110.0,2767.0,1.8943720000000002,0.449316,SGP,NLD,8431
2955635,197,162,1355,2017.0,56691.0,0.0,0.11754,0.363982,SLV,NLD,8431
2955636,201,162,1355,2017.0,3296.0,89135.0,0.59312,1.535527,SRB,NLD,8431
2955637,206,162,1355,2017.0,3159368.0,228145.0,1.484316,0.811826,SVK,NLD,8431
2955638,207,162,1355,2017.0,56081.0,208639.0,1.597178,0.753722,SVN,NLD,8431
2955639,208,162,1355,2017.0,1282167.0,2946810.0,1.695113,0.6885060000000001,SWE,NLD,8431
2955640,210,162,1355,2017.0,0.0,6770.0,1.0429959999999998,-0.676959,SXM,NLD,8431
2955641,216,162,1355,2017.0,1056913.0,11872.0,1.15791,1.282718,THA,NLD,8431
2955642,223,162,1355,2017.0,814821.0,1395.0,0.31342600000000004,1.071153,TUN,NLD,8431
2955643,224,162,1355,2017.0,15675236.0,4266312.0,0.601079,2.126314,TUR,NLD,8431
2955644,228,162,1355,2017.0,2403777.0,40460.0,0.34780900000000003,1.076817,UKR,NLD,8431
2955645,231,162,1355,2017.0,313407.0,192746.0,1.536355,0.23775100000000002,USA,NLD,8431
2955646,233,162,1355,2017.0,0.0,1102.0,0.779941,0.12943,VAT,NLD,8431
2955647,239,162,1355,2017.0,11771409.0,0.0,-0.006548999999999999,0.7030420000000001,VNM,NLD,8431
2955648,246,162,1355,2017.0,2389.0,24527.0,-0.048668,1.283483,ZAF,NLD,8431
2955649,249,162,1355,2017.0,19820.0,25505.0,2.003822,1.215216,TWN,NLD,8431
2955650,250,162,1355,2017.0,20854.0,10473.0,0.472054,-0.363374,ANS,NLD,8431
2955651,4,163,1355,2017.0,12363.0,0.0,-0.351054,-0.193147,ALB,NOR,8431
2955652,7,163,1355,2017.0,29668.0,0.0,0.222875,-0.204271,ARE,NOR,8431
2955653,9,163,1355,2017.0,7739.0,0.0,-0.422667,-0.824041,ARM,NOR,8431
2955654,14,163,1355,2017.0,1669.0,4135.0,-0.598537,-0.23571,AUS,NOR,8431
2955655,15,163,1355,2017.0,208608.0,6476.0,1.722766,-0.077938,AUT,NOR,8431
2955656,18,163,1355,2017.0,127184.0,2442.0,1.2396969999999998,1.1699760000000001,BEL,NOR,8431
2955657,22,163,1355,2017.0,851734.0,0.0,-1.007846,-1.112069,BGD,NOR,8431
2955658,23,163,1355,2017.0,505652.0,0.0,0.563342,1.744989,BGR,NOR,8431
2955659,26,163,1355,2017.0,60802.0,0.0,0.584825,0.9219,BIH,NOR,8431
2955660,28,163,1355,2017.0,16443.0,0.0,0.9188780000000001,0.9998819999999999,BLR,NOR,8431
2955661,39,163,1355,2017.0,201180.0,1526.0,0.661032,1.331443,CAN,NOR,8431
2955662,41,163,1355,2017.0,27312.0,8188.0,2.2443459999999997,0.836363,CHE,NOR,8431
2955663,43,163,1355,2017.0,14538348.0,4833.0,1.2888030000000001,0.9250700000000001,CHN,NOR,8431
2955664,49,163,1355,2017.0,2551.0,0.0,-0.039238999999999996,-0.246914,COL,NOR,8431
2955665,59,163,1355,2017.0,68063.0,9714.0,1.8494680000000001,0.150088,CZE,NOR,8431
2955666,61,163,1355,2017.0,8576729.0,26923.0,2.164026,-2.458307,DEU,NOR,8431
2955667,64,163,1355,2017.0,9605323.0,79351.0,1.143276,1.242437,DNK,NOR,8431
2955668,68,163,1355,2017.0,8069.0,0.0,-0.09792100000000001,1.9664270000000001,EGY,NOR,8431
2955669,71,163,1355,2017.0,1975592.0,1691.0,0.7720279999999999,2.434042,ESP,NOR,8431
2955670,72,163,1355,2017.0,266991.0,1073.0,1.004481,1.311075,EST,NOR,8431
2955671,74,163,1355,2017.0,257967.0,15133.0,1.6562990000000002,0.94619,FIN,NOR,8431
2955672,77,163,1355,2017.0,842150.0,4191.0,1.3874030000000002,0.8887719999999999,FRA,NOR,8431
2955673,81,163,1355,2017.0,449967.0,20746.0,1.499843,1.120201,GBR,NOR,8431
2955674,82,163,1355,2017.0,2331.0,0.0,-0.252287,-0.172336,GEO,NOR,8431
2955675,90,163,1355,2017.0,35190.0,0.0,0.10646300000000002,1.0936290000000002,GRC,NOR,8431
2955676,93,163,1355,2017.0,7342.0,0.0,-0.40755399999999997,0.63358,GTM,NOR,8431
2955677,97,163,1355,2017.0,457595.0,2610.0,0.877065,1.1615520000000001,HKG,NOR,8431
2955678,100,163,1355,2017.0,40265.0,0.0,0.8933700000000001,1.4400469999999999,HRV,NOR,8431
2955679,102,163,1355,2017.0,50388.0,0.0,1.6949029999999998,0.723915,HUN,NOR,8431
2955680,103,163,1355,2017.0,540847.0,1137.0,-0.072977,1.376847,IDN,NOR,8431
2955681,104,163,1355,2017.0,176473.0,0.0,0.262126,2.8212040000000003,IND,NOR,8431
2955682,106,163,1355,2017.0,6722.0,2396.0,1.444823,0.158356,IRL,NOR,8431
2955683,108,163,1355,2017.0,0.0,5856.0,-1.135867,-0.9570700000000001,IRQ,NOR,8431
2955684,109,163,1355,2017.0,7501.0,127591.0,0.279223,-0.34883600000000003,ISL,NOR,8431
2955685,111,163,1355,2017.0,2628752.0,33566.0,1.4374559999999998,0.21079699999999998,ITA,NOR,8431
2955686,114,163,1355,2017.0,28770.0,19605.0,2.4440779999999998,-0.46107700000000007,JPN,NOR,8431
2955687,118,163,1355,2017.0,133390.0,0.0,-0.654185,-0.655463,KHM,NOR,8431
2955688,121,163,1355,2017.0,171893.0,2306.0,2.1277470000000003,0.8218719999999999,KOR,NOR,8431
2955689,123,163,1355,2017.0,1077.0,0.0,-0.733135,-0.482756,LAO,NOR,8431
2955690,128,163,1355,2017.0,22286.0,0.0,-0.506691,0.43309200000000003,LKA,NOR,8431
2955691,130,163,1355,2017.0,768246.0,0.0,0.770556,1.555233,LTU,NOR,8431
2955692,132,163,1355,2017.0,606550.0,2641.0,0.644285,1.4304290000000002,LVA,NOR,8431
2955693,134,163,1355,2017.0,686682.0,0.0,-0.593987,-0.093414,MAR,NOR,8431
2955694,135,163,1355,2017.0,129934.0,0.0,-0.135731,-0.008816,MDA,NOR,8431
2955695,140,163,1355,2017.0,113141.0,0.0,-0.12182799999999999,-0.333793,MKD,NOR,8431
2955696,143,163,1355,2017.0,1009296.0,0.0,-0.9113129999999999,-0.21514,MMR,NOR,8431
2955697,145,163,1355,2017.0,3335.0,0.0,-1.110506,-1.179734,MNG,NOR,8431
2955698,153,163,1355,2017.0,6413.0,7282.0,1.022117,0.6711739999999999,MYS,NOR,8431
2955699,162,163,1355,2017.0,434698.0,37191.0,1.090805,1.452409,NLD,NOR,8431
2955700,164,163,1355,2017.0,10414.0,0.0,-0.076879,0.530485,NPL,NOR,8431
2955701,168,163,1355,2017.0,663484.0,0.0,-0.737436,0.345773,PAK,NOR,8431
2955702,173,163,1355,2017.0,2136.0,0.0,-0.8214469999999999,-0.333306,PER,NOR,8431
2955703,174,163,1355,2017.0,10095.0,0.0,0.717074,0.224219,PHL,NOR,8431
2955704,177,163,1355,2017.0,529206.0,1481.0,1.212941,0.917751,POL,NOR,8431
2955705,179,163,1355,2017.0,631342.0,2518.0,0.692908,2.05977,PRT,NOR,8431
2955706,185,163,1355,2017.0,465969.0,0.0,1.145161,1.095192,ROU,NOR,8431
2955707,186,163,1355,2017.0,12918.0,22138.0,0.07402,0.248236,RUS,NOR,8431
2955708,192,163,1355,2017.0,3214.0,0.0,1.8943720000000002,0.449316,SGP,NOR,8431
2955709,201,163,1355,2017.0,12762.0,0.0,0.59312,1.535527,SRB,NOR,8431
2955710,206,163,1355,2017.0,513215.0,7031.0,1.484316,0.811826,SVK,NOR,8431
2955711,207,163,1355,2017.0,25557.0,0.0,1.597178,0.753722,SVN,NOR,8431
2955712,208,163,1355,2017.0,10524828.0,2825814.0,1.695113,0.6885060000000001,SWE,NOR,8431
2955713,216,163,1355,2017.0,356095.0,0.0,1.15791,1.282718,THA,NOR,8431
2955714,223,163,1355,2017.0,44839.0,0.0,0.31342600000000004,1.071153,TUN,NOR,8431
2955715,224,163,1355,2017.0,350127.0,0.0,0.601079,2.126314,TUR,NOR,8431
2955716,228,163,1355,2017.0,114937.0,0.0,0.34780900000000003,1.076817,UKR,NOR,8431
2955717,231,163,1355,2017.0,107289.0,11809.0,1.536355,0.23775100000000002,USA,NOR,8431
2955718,239,163,1355,2017.0,768857.0,0.0,-0.006548999999999999,0.7030420000000001,VNM,NOR,8431
2955719,249,163,1355,2017.0,53095.0,0.0,2.003822,1.215216,TWN,NOR,8431
2955720,7,166,1355,2017.0,0.0,23289.0,0.222875,-0.204271,ARE,NZL,8431
2955721,14,166,1355,2017.0,1917033.0,2333066.0,-0.598537,-0.23571,AUS,NZL,8431
2955722,15,166,1355,2017.0,3325.0,1127.0,1.722766,-0.077938,AUT,NZL,8431
2955723,18,166,1355,2017.0,31017.0,0.0,1.2396969999999998,1.1699760000000001,BEL,NZL,8431
2955724,22,166,1355,2017.0,310636.0,0.0,-1.007846,-1.112069,BGD,NZL,8431
2955725,23,166,1355,2017.0,41143.0,0.0,0.563342,1.744989,BGR,NZL,8431
2955726,26,166,1355,2017.0,3622.0,0.0,0.584825,0.9219,BIH,NZL,8431
2955727,39,166,1355,2017.0,70102.0,6919.0,0.661032,1.331443,CAN,NZL,8431
2955728,41,166,1355,2017.0,8143.0,0.0,2.2443459999999997,0.836363,CHE,NZL,8431
2955729,43,166,1355,2017.0,28257384.0,9182.0,1.2888030000000001,0.9250700000000001,CHN,NZL,8431
2955730,59,166,1355,2017.0,4514.0,0.0,1.8494680000000001,0.150088,CZE,NZL,8431
2955731,61,166,1355,2017.0,155945.0,8057.0,2.164026,-2.458307,DEU,NZL,8431
2955732,64,166,1355,2017.0,53021.0,0.0,1.143276,1.242437,DNK,NZL,8431
2955733,67,166,1355,2017.0,4904.0,0.0,-1.109413,-1.1561270000000001,ECU,NZL,8431
2955734,71,166,1355,2017.0,285576.0,0.0,0.7720279999999999,2.434042,ESP,NZL,8431
2955735,74,166,1355,2017.0,3099.0,0.0,1.6562990000000002,0.94619,FIN,NZL,8431
2955736,75,166,1355,2017.0,374913.0,23926.0,-0.500896,-0.169256,FJI,NZL,8431
2955737,77,166,1355,2017.0,146325.0,15524.0,1.3874030000000002,0.8887719999999999,FRA,NZL,8431
2955738,81,166,1355,2017.0,294070.0,114571.0,1.499843,1.120201,GBR,NZL,8431
2955739,82,166,1355,2017.0,7884.0,0.0,-0.252287,-0.172336,GEO,NZL,8431
2955740,90,166,1355,2017.0,2250.0,0.0,0.10646300000000002,1.0936290000000002,GRC,NZL,8431
2955741,97,166,1355,2017.0,132637.0,65415.0,0.877065,1.1615520000000001,HKG,NZL,8431
2955742,99,166,1355,2017.0,5182.0,0.0,-0.44761999999999996,-0.20167100000000002,HND,NZL,8431
2955743,100,166,1355,2017.0,3280.0,0.0,0.8933700000000001,1.4400469999999999,HRV,NZL,8431
2955744,102,166,1355,2017.0,7800.0,0.0,1.6949029999999998,0.723915,HUN,NZL,8431
2955745,103,166,1355,2017.0,102953.0,0.0,-0.072977,1.376847,IDN,NZL,8431
2955746,104,166,1355,2017.0,96276.0,0.0,0.262126,2.8212040000000003,IND,NZL,8431
2955747,111,166,1355,2017.0,93137.0,3729.0,1.4374559999999998,0.21079699999999998,ITA,NZL,8431
2955748,113,166,1355,2017.0,1288.0,0.0,0.079237,0.182893,JOR,NZL,8431
2955749,114,166,1355,2017.0,46001.0,24903.0,2.4440779999999998,-0.46107700000000007,JPN,NZL,8431
2955750,118,166,1355,2017.0,28448.0,0.0,-0.654185,-0.655463,KHM,NZL,8431
2955751,119,166,1355,2017.0,0.0,2682.0,-0.9456319999999999,-0.95314,KIR,NZL,8431
2955752,121,166,1355,2017.0,100871.0,9113.0,2.1277470000000003,0.8218719999999999,KOR,NZL,8431
2955753,122,166,1355,2017.0,0.0,7522.0,-0.264903,-1.112018,KWT,NZL,8431
2955754,128,166,1355,2017.0,92432.0,0.0,-0.506691,0.43309200000000003,LKA,NZL,8431
2955755,130,166,1355,2017.0,6190.0,0.0,0.770556,1.555233,LTU,NZL,8431
2955756,133,166,1355,2017.0,0.0,1055.0,0.33025,-0.008723999999999999,MAC,NZL,8431
2955757,134,166,1355,2017.0,194203.0,0.0,-0.593987,-0.093414,MAR,NZL,8431
2955758,135,166,1355,2017.0,15163.0,0.0,-0.135731,-0.008816,MDA,NZL,8431
2955759,136,166,1355,2017.0,1551.0,0.0,-1.098631,-0.8503069999999999,MDG,NZL,8431
2955760,138,166,1355,2017.0,4231.0,0.0,1.348763,0.6145010000000001,MEX,NZL,8431
2955761,140,166,1355,2017.0,32817.0,0.0,-0.12182799999999999,-0.333793,MKD,NZL,8431
2955762,143,166,1355,2017.0,27412.0,0.0,-0.9113129999999999,-0.21514,MMR,NZL,8431
2955763,153,166,1355,2017.0,11970.0,0.0,1.022117,0.6711739999999999,MYS,NZL,8431
2955764,156,166,1355,2017.0,0.0,1551.0,-0.346671,-0.871627,NCL,NZL,8431
2955765,160,166,1355,2017.0,3610.0,0.0,-0.974065,-0.791551,NIC,NZL,8431
2955766,162,166,1355,2017.0,62458.0,2500.0,1.090805,1.452409,NLD,NZL,8431
2955767,164,166,1355,2017.0,24815.0,0.0,-0.076879,0.530485,NPL,NZL,8431
2955768,168,166,1355,2017.0,28441.0,0.0,-0.737436,0.345773,PAK,NZL,8431
2955769,174,166,1355,2017.0,5670.0,0.0,0.717074,0.224219,PHL,NZL,8431
2955770,177,166,1355,2017.0,45609.0,0.0,1.212941,0.917751,POL,NZL,8431
2955771,179,166,1355,2017.0,16396.0,0.0,0.692908,2.05977,PRT,NZL,8431
2955772,182,166,1355,2017.0,0.0,2691.0,-0.25095500000000004,-0.8336620000000001,PYF,NZL,8431
2955773,185,166,1355,2017.0,76462.0,0.0,1.145161,1.095192,ROU,NZL,8431
2955774,186,166,1355,2017.0,3820.0,0.0,0.07402,0.248236,RUS,NZL,8431
2955775,192,166,1355,2017.0,201525.0,47503.0,1.8943720000000002,0.449316,SGP,NZL,8431
2955776,201,166,1355,2017.0,1034.0,0.0,0.59312,1.535527,SRB,NZL,8431
2955777,206,166,1355,2017.0,27177.0,0.0,1.484316,0.811826,SVK,NZL,8431
2955778,208,166,1355,2017.0,21321.0,1002.0,1.695113,0.6885060000000001,SWE,NZL,8431
2955779,216,166,1355,2017.0,62314.0,0.0,1.15791,1.282718,THA,NZL,8431
2955780,221,166,1355,2017.0,0.0,1639.0,-0.49526499999999996,-0.844199,TON,NZL,8431
2955781,223,166,1355,2017.0,14642.0,0.0,0.31342600000000004,1.071153,TUN,NZL,8431
2955782,224,166,1355,2017.0,48872.0,0.0,0.601079,2.126314,TUR,NZL,8431
2955783,228,166,1355,2017.0,13147.0,0.0,0.34780900000000003,1.076817,UKR,NZL,8431
2955784,230,166,1355,2017.0,0.0,1269.0,0.09085900000000001,-0.246694,URY,NZL,8431
2955785,231,166,1355,2017.0,151066.0,125452.0,1.536355,0.23775100000000002,USA,NZL,8431
2955786,239,166,1355,2017.0,2452122.0,4968.0,-0.006548999999999999,0.7030420000000001,VNM,NZL,8431
2955787,240,166,1355,2017.0,0.0,3208.0,-1.161139,-1.018749,VUT,NZL,8431
2955788,242,166,1355,2017.0,0.0,1532.0,0.300202,0.111024,WSM,NZL,8431
2955789,249,166,1355,2017.0,55607.0,0.0,2.003822,1.215216,TWN,NZL,8431
2955790,7,168,1355,2017.0,207940.0,583512.0,0.222875,-0.204271,ARE,PAK,8431
2955791,8,168,1355,2017.0,0.0,14835.0,-0.268441,0.337024,ARG,PAK,8431
2955792,14,168,1355,2017.0,0.0,534343.0,-0.598537,-0.23571,AUS,PAK,8431
2955793,15,168,1355,2017.0,0.0,154435.0,1.722766,-0.077938,AUT,PAK,8431
2955794,16,168,1355,2017.0,0.0,9644.0,-1.665069,-1.37471,AZE,PAK,8431
2955795,18,168,1355,2017.0,0.0,391036.0,1.2396969999999998,1.1699760000000001,BEL,PAK,8431
2955796,22,168,1355,2017.0,10519.0,5943.0,-1.007846,-1.112069,BGD,PAK,8431
2955797,24,168,1355,2017.0,0.0,53140.0,0.160574,-0.708064,BHR,PAK,8431
2955798,32,168,1355,2017.0,0.0,482687.0,0.103119,0.808438,BRA,PAK,8431
2955799,39,168,1355,2017.0,1164.0,111883.0,0.661032,1.331443,CAN,PAK,8431
2955800,41,168,1355,2017.0,0.0,274848.0,2.2443459999999997,0.836363,CHE,PAK,8431
2955801,42,168,1355,2017.0,0.0,45530.0,-0.282983,-0.33351,CHL,PAK,8431
2955802,43,168,1355,2017.0,8425297.0,501055.0,1.2888030000000001,0.9250700000000001,CHN,PAK,8431
2955803,49,168,1355,2017.0,0.0,39948.0,-0.039238999999999996,-0.246914,COL,PAK,8431
2955804,52,168,1355,2017.0,0.0,7710.0,0.288798,0.212928,CRI,PAK,8431
2955805,58,168,1355,2017.0,0.0,12302.0,0.35097399999999995,0.103466,CYP,PAK,8431
2955806,59,168,1355,2017.0,0.0,138472.0,1.8494680000000001,0.150088,CZE,PAK,8431
2955807,61,168,1355,2017.0,0.0,3360107.0,2.164026,-2.458307,DEU,PAK,8431
2955808,64,168,1355,2017.0,0.0,147448.0,1.143276,1.242437,DNK,PAK,8431
2955809,71,168,1355,2017.0,21702.0,1419431.0,0.7720279999999999,2.434042,ESP,PAK,8431
2955810,72,168,1355,2017.0,0.0,10530.0,1.004481,1.311075,EST,PAK,8431
2955811,74,168,1355,2017.0,0.0,51002.0,1.6562990000000002,0.94619,FIN,PAK,8431
2955812,77,168,1355,2017.0,0.0,1935636.0,1.3874030000000002,0.8887719999999999,FRA,PAK,8431
2955813,81,168,1355,2017.0,9012.0,2995127.0,1.499843,1.120201,GBR,PAK,8431
2955814,90,168,1355,2017.0,0.0,7557.0,0.10646300000000002,1.0936290000000002,GRC,PAK,8431
2955815,97,168,1355,2017.0,6065.0,17594.0,0.877065,1.1615520000000001,HKG,PAK,8431
2955816,100,168,1355,2017.0,0.0,2740.0,0.8933700000000001,1.4400469999999999,HRV,PAK,8431
2955817,102,168,1355,2017.0,0.0,16566.0,1.6949029999999998,0.723915,HUN,PAK,8431
2955818,103,168,1355,2017.0,0.0,5204.0,-0.072977,1.376847,IDN,PAK,8431
2955819,104,168,1355,2017.0,33518.0,1997.0,0.262126,2.8212040000000003,IND,PAK,8431
2955820,106,168,1355,2017.0,0.0,68925.0,1.444823,0.158356,IRL,PAK,8431
2955821,111,168,1355,2017.0,4073.0,106757.0,1.4374559999999998,0.21079699999999998,ITA,PAK,8431
2955822,114,168,1355,2017.0,0.0,148927.0,2.4440779999999998,-0.46107700000000007,JPN,PAK,8431
2955823,115,168,1355,2017.0,0.0,1696.0,-0.47984399999999994,-0.40618699999999996,KAZ,PAK,8431
2955824,121,168,1355,2017.0,1678.0,23314.0,2.1277470000000003,0.8218719999999999,KOR,PAK,8431
2955825,122,168,1355,2017.0,0.0,116522.0,-0.264903,-1.112018,KWT,PAK,8431
2955826,124,168,1355,2017.0,0.0,114905.0,0.437192,1.027289,LBN,PAK,8431
2955827,128,168,1355,2017.0,5172.0,172338.0,-0.506691,0.43309200000000003,LKA,PAK,8431
2955828,130,168,1355,2017.0,0.0,8807.0,0.770556,1.555233,LTU,PAK,8431
2955829,131,168,1355,2017.0,0.0,1462.0,1.1461629999999998,1.434994,LUX,PAK,8431
2955830,134,168,1355,2017.0,13977.0,16978.0,-0.593987,-0.093414,MAR,PAK,8431
2955831,138,168,1355,2017.0,0.0,41789.0,1.348763,0.6145010000000001,MEX,PAK,8431
2955832,144,168,1355,2017.0,0.0,2407.0,0.132462,-0.071601,MNE,PAK,8431
2955833,147,168,1355,2017.0,0.0,16023.0,-1.3967319999999999,-1.1603290000000002,MOZ,PAK,8431
2955834,151,168,1355,2017.0,0.0,5159.0,-0.166097,-0.050332,MUS,PAK,8431
2955835,153,168,1355,2017.0,0.0,104249.0,1.022117,0.6711739999999999,MYS,PAK,8431
2955836,162,168,1355,2017.0,0.0,111876.0,1.090805,1.452409,NLD,PAK,8431
2955837,163,168,1355,2017.0,0.0,663484.0,0.393228,0.049788,NOR,PAK,8431
2955838,166,168,1355,2017.0,0.0,28441.0,0.154926,0.10981500000000001,NZL,PAK,8431
2955839,167,168,1355,2017.0,0.0,83972.0,-0.44851199999999997,-0.9820049999999999,OMN,PAK,8431
2955840,173,168,1355,2017.0,0.0,24410.0,-0.8214469999999999,-0.333306,PER,PAK,8431
2955841,174,168,1355,2017.0,0.0,1931.0,0.717074,0.224219,PHL,PAK,8431
2955842,177,168,1355,2017.0,1127.0,302812.0,1.212941,0.917751,POL,PAK,8431
2955843,179,168,1355,2017.0,0.0,29124.0,0.692908,2.05977,PRT,PAK,8431
2955844,183,168,1355,2017.0,0.0,323375.0,-0.42615600000000003,-1.0956489999999999,QAT,PAK,8431
2955845,185,168,1355,2017.0,0.0,6365.0,1.145161,1.095192,ROU,PAK,8431
2955846,186,168,1355,2017.0,0.0,21566.0,0.07402,0.248236,RUS,PAK,8431
2955847,188,168,1355,2017.0,0.0,422799.0,0.508031,-0.42373500000000003,SAU,PAK,8431
2955848,192,168,1355,2017.0,0.0,52702.0,1.8943720000000002,0.449316,SGP,PAK,8431
2955849,201,168,1355,2017.0,0.0,12938.0,0.59312,1.535527,SRB,PAK,8431
2955850,206,168,1355,2017.0,0.0,12196.0,1.484316,0.811826,SVK,PAK,8431
2955851,207,168,1355,2017.0,0.0,37549.0,1.597178,0.753722,SVN,PAK,8431
2955852,208,168,1355,2017.0,0.0,88238.0,1.695113,0.6885060000000001,SWE,PAK,8431
2955853,216,168,1355,2017.0,13133.0,88081.0,1.15791,1.282718,THA,PAK,8431
2955854,224,168,1355,2017.0,35714.0,25696.0,0.601079,2.126314,TUR,PAK,8431
2955855,228,168,1355,2017.0,0.0,4682.0,0.34780900000000003,1.076817,UKR,PAK,8431
2955856,230,168,1355,2017.0,0.0,7830.0,0.09085900000000001,-0.246694,URY,PAK,8431
2955857,231,168,1355,2017.0,0.0,5356114.0,1.536355,0.23775100000000002,USA,PAK,8431
2955858,239,168,1355,2017.0,37424.0,12513.0,-0.006548999999999999,0.7030420000000001,VNM,PAK,8431
2955859,246,168,1355,2017.0,0.0,63056.0,-0.048668,1.283483,ZAF,PAK,8431
2955860,249,168,1355,2017.0,0.0,3024.0,2.003822,1.215216,TWN,PAK,8431
2955861,0,169,1355,2017.0,0.0,29857.0,0.8469200000000001,0.12138299999999999,ABW,PAN,8431
2955862,8,169,1355,2017.0,2333.0,14587.0,-0.268441,0.337024,ARG,PAN,8431
2955863,18,169,1355,2017.0,29600.0,0.0,1.2396969999999998,1.1699760000000001,BEL,PAN,8431
2955864,22,169,1355,2017.0,23668.0,0.0,-1.007846,-1.112069,BGD,PAN,8431
2955865,23,169,1355,2017.0,2180.0,0.0,0.563342,1.744989,BGR,PAN,8431
2955866,25,169,1355,2017.0,0.0,33014.0,0.677207,-0.45096899999999995,BHS,PAN,8431
2955867,29,169,1355,2017.0,25090.0,59481.0,-0.285105,-0.8471270000000001,BLZ,PAN,8431
2955868,30,169,1355,2017.0,0.0,114886.0,1.16947,-0.302517,BMU,PAN,8431
2955869,31,169,1355,2017.0,0.0,4754.0,-1.032957,-0.9679840000000001,BOL,PAN,8431
2955870,32,169,1355,2017.0,91828.0,12142.0,0.103119,0.808438,BRA,PAN,8431
2955871,33,169,1355,2017.0,3614.0,4271.0,0.47282700000000005,0.088603,BRB,PAN,8431
2955872,39,169,1355,2017.0,7335.0,0.0,0.661032,1.331443,CAN,PAN,8431
2955873,42,169,1355,2017.0,14271.0,457091.0,-0.282983,-0.33351,CHL,PAN,8431
2955874,43,169,1355,2017.0,24915170.0,0.0,1.2888030000000001,0.9250700000000001,CHN,PAN,8431
2955875,49,169,1355,2017.0,89359.0,343341.0,-0.039238999999999996,-0.246914,COL,PAN,8431
2955876,52,169,1355,2017.0,337693.0,205469.0,0.288798,0.212928,CRI,PAN,8431
2955877,54,169,1355,2017.0,0.0,867882.0,-0.975281,-1.263293,CUB,PAN,8431
2955878,55,169,1355,2017.0,0.0,69804.0,-0.146136,-0.780933,CUW,PAN,8431
2955879,61,169,1355,2017.0,25125.0,0.0,2.164026,-2.458307,DEU,PAN,8431
2955880,63,169,1355,2017.0,0.0,1202.0,0.12233499999999999,-0.11800799999999999,DMA,PAN,8431
2955881,64,169,1355,2017.0,2604.0,0.0,1.143276,1.242437,DNK,PAN,8431
2955882,65,169,1355,2017.0,25611.0,306252.0,-0.314875,0.125244,DOM,PAN,8431
2955883,67,169,1355,2017.0,16773.0,824408.0,-1.109413,-1.1561270000000001,ECU,PAN,8431
2955884,71,169,1355,2017.0,360054.0,14202.0,0.7720279999999999,2.434042,ESP,PAN,8431
2955885,77,169,1355,2017.0,65286.0,5031.0,1.3874030000000002,0.8887719999999999,FRA,PAN,8431
2955886,81,169,1355,2017.0,2849.0,0.0,1.499843,1.120201,GBR,PAN,8431
2955887,91,169,1355,2017.0,0.0,5001.0,0.47027399999999997,-0.272036,GRD,PAN,8431
2955888,93,169,1355,2017.0,1550.0,176246.0,-0.40755399999999997,0.63358,GTM,PAN,8431
2955889,96,169,1355,2017.0,0.0,42653.0,-0.647247,-0.770389,GUY,PAN,8431
2955890,97,169,1355,2017.0,542629.0,0.0,0.877065,1.1615520000000001,HKG,PAN,8431
2955891,99,169,1355,2017.0,15094.0,287047.0,-0.44761999999999996,-0.20167100000000002,HND,PAN,8431
2955892,101,169,1355,2017.0,0.0,52624.0,-0.793367,-0.8960459999999999,HTI,PAN,8431
2955893,103,169,1355,2017.0,17956.0,0.0,-0.072977,1.376847,IDN,PAN,8431
2955894,104,169,1355,2017.0,162880.0,0.0,0.262126,2.8212040000000003,IND,PAN,8431
2955895,110,169,1355,2017.0,0.0,41116.0,1.158779,0.8909020000000001,ISR,PAN,8431
2955896,111,169,1355,2017.0,232578.0,0.0,1.4374559999999998,0.21079699999999998,ITA,PAN,8431
2955897,112,169,1355,2017.0,0.0,30345.0,-0.362252,-0.756476,JAM,PAN,8431
2955898,113,169,1355,2017.0,0.0,1067.0,0.079237,0.182893,JOR,PAN,8431
2955899,118,169,1355,2017.0,8310.0,0.0,-0.654185,-0.655463,KHM,PAN,8431
2955900,121,169,1355,2017.0,88448.0,7391.0,2.1277470000000003,0.8218719999999999,KOR,PAN,8431
2955901,124,169,1355,2017.0,1594.0,0.0,0.437192,1.027289,LBN,PAN,8431
2955902,127,169,1355,2017.0,0.0,5755.0,0.543844,0.006412,LCA,PAN,8431
2955903,128,169,1355,2017.0,18716.0,0.0,-0.506691,0.43309200000000003,LKA,PAN,8431
2955904,134,169,1355,2017.0,54067.0,0.0,-0.593987,-0.093414,MAR,PAN,8431
2955905,138,169,1355,2017.0,4444.0,36468.0,1.348763,0.6145010000000001,MEX,PAN,8431
2955906,143,169,1355,2017.0,3159.0,0.0,-0.9113129999999999,-0.21514,MMR,PAN,8431
2955907,151,169,1355,2017.0,3894.0,0.0,-0.166097,-0.050332,MUS,PAN,8431
2955908,153,169,1355,2017.0,91536.0,0.0,1.022117,0.6711739999999999,MYS,PAN,8431
2955909,160,169,1355,2017.0,0.0,214278.0,-0.974065,-0.791551,NIC,PAN,8431
2955910,162,169,1355,2017.0,111990.0,0.0,1.090805,1.452409,NLD,PAN,8431
2955911,173,169,1355,2017.0,18082.0,311613.0,-0.8214469999999999,-0.333306,PER,PAN,8431
2955912,174,169,1355,2017.0,1020.0,0.0,0.717074,0.224219,PHL,PAN,8431
2955913,177,169,1355,2017.0,1535.0,0.0,1.212941,0.917751,POL,PAN,8431
2955914,179,169,1355,2017.0,48889.0,0.0,0.692908,2.05977,PRT,PAN,8431
2955915,180,169,1355,2017.0,0.0,244470.0,-0.604205,-0.956699,PRY,PAN,8431
2955916,185,169,1355,2017.0,22131.0,0.0,1.145161,1.095192,ROU,PAN,8431
2955917,197,169,1355,2017.0,4537.0,1343323.0,0.11754,0.363982,SLV,PAN,8431
2955918,205,169,1355,2017.0,0.0,5875.0,-0.426954,-1.022706,SUR,PAN,8431
2955919,206,169,1355,2017.0,2059.0,0.0,1.484316,0.811826,SVK,PAN,8431
2955920,216,169,1355,2017.0,3368.0,0.0,1.15791,1.282718,THA,PAN,8431
2955921,222,169,1355,2017.0,0.0,136136.0,-0.15041300000000002,-1.029801,TTO,PAN,8431
2955922,224,169,1355,2017.0,15733.0,0.0,0.601079,2.126314,TUR,PAN,8431
2955923,230,169,1355,2017.0,0.0,245934.0,0.09085900000000001,-0.246694,URY,PAN,8431
2955924,231,169,1355,2017.0,496305.0,13709.0,1.536355,0.23775100000000002,USA,PAN,8431
2955925,234,169,1355,2017.0,0.0,1366.0,0.070659,-0.485245,VCT,PAN,8431
2955926,236,169,1355,2017.0,0.0,343885.0,-1.191942,-1.245689,VEN,PAN,8431
2955927,239,169,1355,2017.0,351594.0,0.0,-0.006548999999999999,0.7030420000000001,VNM,PAN,8431
2955928,246,169,1355,2017.0,1563.0,0.0,-0.048668,1.283483,ZAF,PAN,8431
2955929,250,169,1355,2017.0,109386.0,2376014.0,0.472054,-0.363374,ANS,PAN,8431
2955930,0,173,1355,2017.0,0.0,3321.0,0.8469200000000001,0.12138299999999999,ABW,PER,8431
2955931,7,173,1355,2017.0,0.0,46699.0,0.222875,-0.204271,ARE,PER,8431
2955932,8,173,1355,2017.0,1652.0,11139.0,-0.268441,0.337024,ARG,PER,8431
2955933,14,173,1355,2017.0,0.0,181763.0,-0.598537,-0.23571,AUS,PER,8431
2955934,15,173,1355,2017.0,0.0,3958.0,1.722766,-0.077938,AUT,PER,8431
2955935,22,173,1355,2017.0,183308.0,0.0,-1.007846,-1.112069,BGD,PER,8431
2955936,23,173,1355,2017.0,15453.0,0.0,0.563342,1.744989,BGR,PER,8431
2955937,31,173,1355,2017.0,1021.0,104625.0,-1.032957,-0.9679840000000001,BOL,PER,8431
2955938,32,173,1355,2017.0,2733.0,34524.0,0.103119,0.808438,BRA,PER,8431
2955939,39,173,1355,2017.0,0.0,319025.0,0.661032,1.331443,CAN,PER,8431
2955940,41,173,1355,2017.0,1081.0,40483.0,2.2443459999999997,0.836363,CHE,PER,8431
2955941,42,173,1355,2017.0,3002821.0,776875.0,-0.282983,-0.33351,CHL,PER,8431
2955942,43,173,1355,2017.0,18462948.0,11742.0,1.2888030000000001,0.9250700000000001,CHN,PER,8431
2955943,49,173,1355,2017.0,137938.0,25651.0,-0.039238999999999996,-0.246914,COL,PER,8431
2955944,52,173,1355,2017.0,0.0,60367.0,0.288798,0.212928,CRI,PER,8431
2955945,61,173,1355,2017.0,23788.0,132574.0,2.164026,-2.458307,DEU,PER,8431
2955946,64,173,1355,2017.0,5590.0,3632.0,1.143276,1.242437,DNK,PER,8431
2955947,65,173,1355,2017.0,0.0,1496.0,-0.314875,0.125244,DOM,PER,8431
2955948,67,173,1355,2017.0,13682.0,82658.0,-1.109413,-1.1561270000000001,ECU,PER,8431
2955949,71,173,1355,2017.0,653253.0,49126.0,0.7720279999999999,2.434042,ESP,PER,8431
2955950,72,173,1355,2017.0,0.0,1294.0,1.004481,1.311075,EST,PER,8431
2955951,74,173,1355,2017.0,0.0,1427.0,1.6562990000000002,0.94619,FIN,PER,8431
2955952,77,173,1355,2017.0,20410.0,30762.0,1.3874030000000002,0.8887719999999999,FRA,PER,8431
2955953,81,173,1355,2017.0,41882.0,139454.0,1.499843,1.120201,GBR,PER,8431
2955954,93,173,1355,2017.0,0.0,1295.0,-0.40755399999999997,0.63358,GTM,PER,8431
2955955,97,173,1355,2017.0,41984.0,4283.0,0.877065,1.1615520000000001,HKG,PER,8431
2955956,103,173,1355,2017.0,58875.0,0.0,-0.072977,1.376847,IDN,PER,8431
2955957,104,173,1355,2017.0,228751.0,0.0,0.262126,2.8212040000000003,IND,PER,8431
2955958,111,173,1355,2017.0,38176.0,11248.0,1.4374559999999998,0.21079699999999998,ITA,PER,8431
2955959,113,173,1355,2017.0,1108.0,0.0,0.079237,0.182893,JOR,PER,8431
2955960,114,173,1355,2017.0,0.0,10073.0,2.4440779999999998,-0.46107700000000007,JPN,PER,8431
2955961,116,173,1355,2017.0,2301.0,0.0,-0.549171,0.39358899999999997,KEN,PER,8431
2955962,118,173,1355,2017.0,41908.0,0.0,-0.654185,-0.655463,KHM,PER,8431
2955963,121,173,1355,2017.0,0.0,29547.0,2.1277470000000003,0.8218719999999999,KOR,PER,8431
2955964,128,173,1355,2017.0,13476.0,0.0,-0.506691,0.43309200000000003,LKA,PER,8431
2955965,133,173,1355,2017.0,22121.0,0.0,0.33025,-0.008723999999999999,MAC,PER,8431
2955966,134,173,1355,2017.0,297323.0,0.0,-0.593987,-0.093414,MAR,PER,8431
2955967,138,173,1355,2017.0,0.0,59122.0,1.348763,0.6145010000000001,MEX,PER,8431
2955968,140,173,1355,2017.0,6779.0,0.0,-0.12182799999999999,-0.333793,MKD,PER,8431
2955969,143,173,1355,2017.0,41974.0,5725.0,-0.9113129999999999,-0.21514,MMR,PER,8431
2955970,153,173,1355,2017.0,15030.0,0.0,1.022117,0.6711739999999999,MYS,PER,8431
2955971,162,173,1355,2017.0,1934.0,11528.0,1.090805,1.452409,NLD,PER,8431
2955972,163,173,1355,2017.0,0.0,2136.0,0.393228,0.049788,NOR,PER,8431
2955973,168,173,1355,2017.0,24410.0,0.0,-0.737436,0.345773,PAK,PER,8431
2955974,169,173,1355,2017.0,311613.0,18082.0,0.638093,1.01027,PAN,PER,8431
2955975,174,173,1355,2017.0,8950.0,0.0,0.717074,0.224219,PHL,PER,8431
2955976,177,173,1355,2017.0,1790.0,0.0,1.212941,0.917751,POL,PER,8431
2955977,179,173,1355,2017.0,23504.0,2762.0,0.692908,2.05977,PRT,PER,8431
2955978,183,173,1355,2017.0,0.0,42012.0,-0.42615600000000003,-1.0956489999999999,QAT,PER,8431
2955979,185,173,1355,2017.0,26991.0,0.0,1.145161,1.095192,ROU,PER,8431
2955980,186,173,1355,2017.0,0.0,2106.0,0.07402,0.248236,RUS,PER,8431
2955981,192,173,1355,2017.0,0.0,3593.0,1.8943720000000002,0.449316,SGP,PER,8431
2955982,216,173,1355,2017.0,19047.0,0.0,1.15791,1.282718,THA,PER,8431
2955983,223,173,1355,2017.0,1645.0,0.0,0.31342600000000004,1.071153,TUN,PER,8431
2955984,224,173,1355,2017.0,27650.0,0.0,0.601079,2.126314,TUR,PER,8431
2955985,231,173,1355,2017.0,37132.0,2192907.0,1.536355,0.23775100000000002,USA,PER,8431
2955986,236,173,1355,2017.0,0.0,4897.0,-1.191942,-1.245689,VEN,PER,8431
2955987,239,173,1355,2017.0,422439.0,0.0,-0.006548999999999999,0.7030420000000001,VNM,PER,8431
2955988,249,173,1355,2017.0,0.0,57420.0,2.003822,1.215216,TWN,PER,8431
2955989,1,174,1355,2017.0,0.0,124689.0,-1.341683,-0.9569620000000001,AFG,PHL,8431
2955990,7,174,1355,2017.0,11957.0,71723.0,0.222875,-0.204271,ARE,PHL,8431
2955991,8,174,1355,2017.0,0.0,17390.0,-0.268441,0.337024,ARG,PHL,8431
2955992,14,174,1355,2017.0,10318.0,59882.0,-0.598537,-0.23571,AUS,PHL,8431
2955993,15,174,1355,2017.0,1928.0,23058.0,1.722766,-0.077938,AUT,PHL,8431
2955994,22,174,1355,2017.0,149888.0,0.0,-1.007846,-1.112069,BGD,PHL,8431
2955995,31,174,1355,2017.0,0.0,3214.0,-1.032957,-0.9679840000000001,BOL,PHL,8431
2955996,39,174,1355,2017.0,0.0,1406267.0,0.661032,1.331443,CAN,PHL,8431
2955997,41,174,1355,2017.0,0.0,67678.0,2.2443459999999997,0.836363,CHE,PHL,8431
2955998,42,174,1355,2017.0,0.0,8116.0,-0.282983,-0.33351,CHL,PHL,8431
2955999,43,174,1355,2017.0,169832144.0,351836.0,1.2888030000000001,0.9250700000000001,CHN,PHL,8431
2956000,49,174,1355,2017.0,0.0,3319.0,-0.039238999999999996,-0.246914,COL,PHL,8431
2956001,59,174,1355,2017.0,0.0,8453.0,1.8494680000000001,0.150088,CZE,PHL,8431
2956002,61,174,1355,2017.0,4908.0,223566.0,2.164026,-2.458307,DEU,PHL,8431
2956003,64,174,1355,2017.0,1087.0,0.0,1.143276,1.242437,DNK,PHL,8431
2956004,71,174,1355,2017.0,750277.0,108169.0,0.7720279999999999,2.434042,ESP,PHL,8431
2956005,72,174,1355,2017.0,0.0,1173.0,1.004481,1.311075,EST,PHL,8431
2956006,74,174,1355,2017.0,0.0,19814.0,1.6562990000000002,0.94619,FIN,PHL,8431
2956007,77,174,1355,2017.0,107005.0,132701.0,1.3874030000000002,0.8887719999999999,FRA,PHL,8431
2956008,81,174,1355,2017.0,34190.0,273880.0,1.499843,1.120201,GBR,PHL,8431
2956009,95,174,1355,2017.0,0.0,3212.0,0.584598,-0.07072,GUM,PHL,8431
2956010,97,174,1355,2017.0,199399.0,192299.0,0.877065,1.1615520000000001,HKG,PHL,8431
2956011,100,174,1355,2017.0,0.0,4176.0,0.8933700000000001,1.4400469999999999,HRV,PHL,8431
2956012,103,174,1355,2017.0,153688.0,10883.0,-0.072977,1.376847,IDN,PHL,8431
2956013,104,174,1355,2017.0,5011.0,0.0,0.262126,2.8212040000000003,IND,PHL,8431
2956014,106,174,1355,2017.0,0.0,3173.0,1.444823,0.158356,IRL,PHL,8431
2956015,111,174,1355,2017.0,34306.0,661602.0,1.4374559999999998,0.21079699999999998,ITA,PHL,8431
2956016,114,174,1355,2017.0,11671.0,3470909.0,2.4440779999999998,-0.46107700000000007,JPN,PHL,8431
2956017,121,174,1355,2017.0,80007.0,1575824.0,2.1277470000000003,0.8218719999999999,KOR,PHL,8431
2956018,122,174,1355,2017.0,0.0,3338.0,-0.264903,-1.112018,KWT,PHL,8431
2956019,128,174,1355,2017.0,46881.0,0.0,-0.506691,0.43309200000000003,LKA,PHL,8431
2956020,134,174,1355,2017.0,0.0,3764.0,-0.593987,-0.093414,MAR,PHL,8431
2956021,138,174,1355,2017.0,0.0,35383.0,1.348763,0.6145010000000001,MEX,PHL,8431
2956022,143,174,1355,2017.0,16914.0,0.0,-0.9113129999999999,-0.21514,MMR,PHL,8431
2956023,145,174,1355,2017.0,0.0,1284.0,-1.110506,-1.179734,MNG,PHL,8431
2956024,153,174,1355,2017.0,52815.0,4780.0,1.022117,0.6711739999999999,MYS,PHL,8431
2956025,162,174,1355,2017.0,0.0,120904.0,1.090805,1.452409,NLD,PHL,8431
2956026,163,174,1355,2017.0,0.0,10095.0,0.393228,0.049788,NOR,PHL,8431
2956027,166,174,1355,2017.0,0.0,5670.0,0.154926,0.10981500000000001,NZL,PHL,8431
2956028,168,174,1355,2017.0,1931.0,0.0,-0.737436,0.345773,PAK,PHL,8431
2956029,169,174,1355,2017.0,0.0,1020.0,0.638093,1.01027,PAN,PHL,8431
2956030,173,174,1355,2017.0,0.0,8950.0,-0.8214469999999999,-0.333306,PER,PHL,8431
2956031,177,174,1355,2017.0,0.0,12568.0,1.212941,0.917751,POL,PHL,8431
2956032,179,174,1355,2017.0,3065.0,0.0,0.692908,2.05977,PRT,PHL,8431
2956033,183,174,1355,2017.0,0.0,5999.0,-0.42615600000000003,-1.0956489999999999,QAT,PHL,8431
2956034,185,174,1355,2017.0,9747.0,3116.0,1.145161,1.095192,ROU,PHL,8431
2956035,186,174,1355,2017.0,0.0,88304.0,0.07402,0.248236,RUS,PHL,8431
2956036,188,174,1355,2017.0,0.0,112906.0,0.508031,-0.42373500000000003,SAU,PHL,8431
2956037,192,174,1355,2017.0,76577.0,38110.0,1.8943720000000002,0.449316,SGP,PHL,8431
2956038,207,174,1355,2017.0,0.0,1930.0,1.597178,0.753722,SVN,PHL,8431
2956039,208,174,1355,2017.0,0.0,35399.0,1.695113,0.6885060000000001,SWE,PHL,8431
2956040,216,174,1355,2017.0,44865.0,10782.0,1.15791,1.282718,THA,PHL,8431
2956041,224,174,1355,2017.0,4436.0,60714.0,0.601079,2.126314,TUR,PHL,8431
2956042,231,174,1355,2017.0,2767.0,23791188.0,1.536355,0.23775100000000002,USA,PHL,8431
2956043,239,174,1355,2017.0,110487.0,106621.0,-0.006548999999999999,0.7030420000000001,VNM,PHL,8431
2956044,246,174,1355,2017.0,0.0,1098.0,-0.048668,1.283483,ZAF,PHL,8431
2956045,249,174,1355,2017.0,13201.0,29565.0,2.003822,1.215216,TWN,PHL,8431
2956046,4,177,1355,2017.0,17127.0,1226.0,-0.351054,-0.193147,ALB,POL,8431
2956047,5,177,1355,2017.0,0.0,2118.0,1.101312,0.593242,AND,POL,8431
2956048,7,177,1355,2017.0,3010.0,363221.0,0.222875,-0.204271,ARE,POL,8431
2956049,8,177,1355,2017.0,0.0,9865.0,-0.268441,0.337024,ARG,POL,8431
2956050,9,177,1355,2017.0,10596.0,29553.0,-0.422667,-0.824041,ARM,POL,8431
2956051,14,177,1355,2017.0,5197.0,248613.0,-0.598537,-0.23571,AUS,POL,8431
2956052,15,177,1355,2017.0,5524910.0,7893054.0,1.722766,-0.077938,AUT,POL,8431
2956053,16,177,1355,2017.0,0.0,18578.0,-1.665069,-1.37471,AZE,POL,8431
2956054,18,177,1355,2017.0,202805.0,921264.0,1.2396969999999998,1.1699760000000001,BEL,POL,8431
2956055,22,177,1355,2017.0,8527003.0,0.0,-1.007846,-1.112069,BGD,POL,8431
2956056,23,177,1355,2017.0,403789.0,848009.0,0.563342,1.744989,BGR,POL,8431
2956057,24,177,1355,2017.0,0.0,34151.0,0.160574,-0.708064,BHR,POL,8431
2956058,26,177,1355,2017.0,94828.0,61818.0,0.584825,0.9219,BIH,POL,8431
2956059,28,177,1355,2017.0,28480.0,265649.0,0.9188780000000001,0.9998819999999999,BLR,POL,8431
2956060,32,177,1355,2017.0,0.0,102366.0,0.103119,0.808438,BRA,POL,8431
2956061,39,177,1355,2017.0,7583.0,212266.0,0.661032,1.331443,CAN,POL,8431
2956062,41,177,1355,2017.0,92181.0,355668.0,2.2443459999999997,0.836363,CHE,POL,8431
2956063,43,177,1355,2017.0,97770128.0,1129874.0,1.2888030000000001,0.9250700000000001,CHN,POL,8431
2956064,49,177,1355,2017.0,1236.0,1971.0,-0.039238999999999996,-0.246914,COL,POL,8431
2956065,58,177,1355,2017.0,6340.0,4672766.0,0.35097399999999995,0.103466,CYP,POL,8431
2956066,59,177,1355,2017.0,1602693.0,9785368.0,1.8494680000000001,0.150088,CZE,POL,8431
2956067,61,177,1355,2017.0,56128020.0,85242424.0,2.164026,-2.458307,DEU,POL,8431
2956068,64,177,1355,2017.0,1763820.0,483140.0,1.143276,1.242437,DNK,POL,8431
2956069,65,177,1355,2017.0,0.0,1229.0,-0.314875,0.125244,DOM,POL,8431
2956070,68,177,1355,2017.0,0.0,29480.0,-0.09792100000000001,1.9664270000000001,EGY,POL,8431
2956071,71,177,1355,2017.0,56947960.0,3512812.0,0.7720279999999999,2.434042,ESP,POL,8431
2956072,72,177,1355,2017.0,39398.0,1222952.0,1.004481,1.311075,EST,POL,8431
2956073,74,177,1355,2017.0,2798.0,1754447.0,1.6562990000000002,0.94619,FIN,POL,8431
2956074,77,177,1355,2017.0,4700218.0,6686589.0,1.3874030000000002,0.8887719999999999,FRA,POL,8431
2956075,81,177,1355,2017.0,5164442.0,6308730.0,1.499843,1.120201,GBR,POL,8431
2956076,82,177,1355,2017.0,1053.0,9292.0,-0.252287,-0.172336,GEO,POL,8431
2956077,90,177,1355,2017.0,5517.0,39538.0,0.10646300000000002,1.0936290000000002,GRC,POL,8431
2956078,93,177,1355,2017.0,0.0,1712.0,-0.40755399999999997,0.63358,GTM,POL,8431
2956079,97,177,1355,2017.0,65256.0,6072392.0,0.877065,1.1615520000000001,HKG,POL,8431
2956080,100,177,1355,2017.0,49219.0,1000786.0,0.8933700000000001,1.4400469999999999,HRV,POL,8431
2956081,102,177,1355,2017.0,115071.0,4310236.0,1.6949029999999998,0.723915,HUN,POL,8431
2956082,103,177,1355,2017.0,882490.0,6874.0,-0.072977,1.376847,IDN,POL,8431
2956083,104,177,1355,2017.0,966002.0,5511.0,0.262126,2.8212040000000003,IND,POL,8431
2956084,106,177,1355,2017.0,81399.0,771353.0,1.444823,0.158356,IRL,POL,8431
2956085,107,177,1355,2017.0,0.0,7878.0,-0.305601,-0.42131899999999994,IRN,POL,8431
2956086,109,177,1355,2017.0,1198.0,50747.0,0.279223,-0.34883600000000003,ISL,POL,8431
2956087,110,177,1355,2017.0,0.0,47528.0,1.158779,0.8909020000000001,ISR,POL,8431
2956088,111,177,1355,2017.0,15634573.0,17657338.0,1.4374559999999998,0.21079699999999998,ITA,POL,8431
2956089,113,177,1355,2017.0,0.0,11273.0,0.079237,0.182893,JOR,POL,8431
2956090,114,177,1355,2017.0,15168.0,710774.0,2.4440779999999998,-0.46107700000000007,JPN,POL,8431
2956091,115,177,1355,2017.0,0.0,75272.0,-0.47984399999999994,-0.40618699999999996,KAZ,POL,8431
2956092,117,177,1355,2017.0,20915.0,58320.0,0.056509000000000004,0.363176,KGZ,POL,8431
2956093,118,177,1355,2017.0,1283969.0,0.0,-0.654185,-0.655463,KHM,POL,8431
2956094,121,177,1355,2017.0,5186.0,665657.0,2.1277470000000003,0.8218719999999999,KOR,POL,8431
2956095,122,177,1355,2017.0,0.0,62160.0,-0.264903,-1.112018,KWT,POL,8431
2956096,124,177,1355,2017.0,0.0,500013.0,0.437192,1.027289,LBN,POL,8431
2956097,126,177,1355,2017.0,0.0,2130.0,-1.067632,-1.21154,LBY,POL,8431
2956098,128,177,1355,2017.0,54406.0,0.0,-0.506691,0.43309200000000003,LKA,POL,8431
2956099,130,177,1355,2017.0,1012843.0,1975470.0,0.770556,1.555233,LTU,POL,8431
2956100,131,177,1355,2017.0,0.0,55458.0,1.1461629999999998,1.434994,LUX,POL,8431
2956101,132,177,1355,2017.0,16844.0,1407071.0,0.644285,1.4304290000000002,LVA,POL,8431
2956102,133,177,1355,2017.0,9957.0,2666.0,0.33025,-0.008723999999999999,MAC,POL,8431
2956103,134,177,1355,2017.0,9395943.0,55922.0,-0.593987,-0.093414,MAR,POL,8431
2956104,135,177,1355,2017.0,410567.0,36908.0,-0.135731,-0.008816,MDA,POL,8431
2956105,136,177,1355,2017.0,11189.0,0.0,-1.098631,-0.8503069999999999,MDG,POL,8431
2956106,138,177,1355,2017.0,0.0,180642.0,1.348763,0.6145010000000001,MEX,POL,8431
2956107,140,177,1355,2017.0,452182.0,4801.0,-0.12182799999999999,-0.333793,MKD,POL,8431
2956108,142,177,1355,2017.0,0.0,123158.0,0.9943420000000001,0.181922,MLT,POL,8431
2956109,143,177,1355,2017.0,3956803.0,0.0,-0.9113129999999999,-0.21514,MMR,POL,8431
2956110,144,177,1355,2017.0,0.0,10781.0,0.132462,-0.071601,MNE,POL,8431
2956111,145,177,1355,2017.0,5044.0,19012.0,-1.110506,-1.179734,MNG,POL,8431
2956112,162,177,1355,2017.0,3910261.0,4178290.0,1.090805,1.452409,NLD,POL,8431
2956113,163,177,1355,2017.0,1481.0,529206.0,0.393228,0.049788,NOR,POL,8431
2956114,164,177,1355,2017.0,1456.0,0.0,-0.076879,0.530485,NPL,POL,8431
2956115,166,177,1355,2017.0,0.0,45609.0,0.154926,0.10981500000000001,NZL,POL,8431
2956116,168,177,1355,2017.0,302812.0,1127.0,-0.737436,0.345773,PAK,POL,8431
2956117,169,177,1355,2017.0,0.0,1535.0,0.638093,1.01027,PAN,POL,8431
2956118,173,177,1355,2017.0,0.0,1790.0,-0.8214469999999999,-0.333306,PER,POL,8431
2956119,174,177,1355,2017.0,12568.0,0.0,0.717074,0.224219,PHL,POL,8431
2956120,179,177,1355,2017.0,1474718.0,495545.0,0.692908,2.05977,PRT,POL,8431
2956121,181,177,1355,2017.0,0.0,1763.0,0.22982199999999997,0.768037,PSE,POL,8431
2956122,183,177,1355,2017.0,0.0,87391.0,-0.42615600000000003,-1.0956489999999999,QAT,POL,8431
2956123,185,177,1355,2017.0,1490893.0,6119290.0,1.145161,1.095192,ROU,POL,8431
2956124,186,177,1355,2017.0,262814.0,4372509.0,0.07402,0.248236,RUS,POL,8431
2956125,188,177,1355,2017.0,0.0,2867.0,0.508031,-0.42373500000000003,SAU,POL,8431
2956126,192,177,1355,2017.0,1158.0,40205.0,1.8943720000000002,0.449316,SGP,POL,8431
2956127,198,177,1355,2017.0,235628.0,1095087.0,0.9488219999999999,0.6510199999999999,SMR,POL,8431
2956128,201,177,1355,2017.0,0.0,59937.0,0.59312,1.535527,SRB,POL,8431
2956129,206,177,1355,2017.0,3126204.0,5136198.0,1.484316,0.811826,SVK,POL,8431
2956130,207,177,1355,2017.0,1503.0,371793.0,1.597178,0.753722,SVN,POL,8431
2956131,208,177,1355,2017.0,3786314.0,2289738.0,1.695113,0.6885060000000001,SWE,POL,8431
2956132,213,177,1355,2017.0,1241.0,0.0,0.9405479999999999,0.49567,TCA,POL,8431
2956133,216,177,1355,2017.0,457134.0,64351.0,1.15791,1.282718,THA,POL,8431
2956134,223,177,1355,2017.0,120996.0,13901.0,0.31342600000000004,1.071153,TUN,POL,8431
2956135,224,177,1355,2017.0,1816437.0,539448.0,0.601079,2.126314,TUR,POL,8431
2956136,228,177,1355,2017.0,2882658.0,1971776.0,0.34780900000000003,1.076817,UKR,POL,8431
2956137,231,177,1355,2017.0,49278.0,6838972.0,1.536355,0.23775100000000002,USA,POL,8431
2956138,234,177,1355,2017.0,0.0,1120.0,0.070659,-0.485245,VCT,POL,8431
2956139,239,177,1355,2017.0,5076296.0,5613.0,-0.006548999999999999,0.7030420000000001,VNM,POL,8431
2956140,246,177,1355,2017.0,0.0,26570.0,-0.048668,1.283483,ZAF,POL,8431
2956141,249,177,1355,2017.0,4519.0,561776.0,2.003822,1.215216,TWN,POL,8431
2956142,250,177,1355,2017.0,127264.0,72476.0,0.472054,-0.363374,ANS,POL,8431
2956143,2,179,1355,2017.0,0.0,142518.0,-1.580759,-1.2589270000000001,AGO,PRT,8431
2956144,5,179,1355,2017.0,0.0,6435.0,1.101312,0.593242,AND,PRT,8431
2956145,7,179,1355,2017.0,2375.0,492855.0,0.222875,-0.204271,ARE,PRT,8431
2956146,9,179,1355,2017.0,0.0,38791.0,-0.422667,-0.824041,ARM,PRT,8431
2956147,14,179,1355,2017.0,7085.0,195517.0,-0.598537,-0.23571,AUS,PRT,8431
2956148,15,179,1355,2017.0,153291.0,120956.0,1.722766,-0.077938,AUT,PRT,8431
2956149,16,179,1355,2017.0,0.0,33387.0,-1.665069,-1.37471,AZE,PRT,8431
2956150,18,179,1355,2017.0,107196.0,971111.0,1.2396969999999998,1.1699760000000001,BEL,PRT,8431
2956151,22,179,1355,2017.0,190367.0,0.0,-1.007846,-1.112069,BGD,PRT,8431
2956152,23,179,1355,2017.0,124573.0,1483.0,0.563342,1.744989,BGR,PRT,8431
2956153,24,179,1355,2017.0,0.0,35537.0,0.160574,-0.708064,BHR,PRT,8431
2956154,26,179,1355,2017.0,0.0,8351.0,0.584825,0.9219,BIH,PRT,8431
2956155,28,179,1355,2017.0,0.0,20637.0,0.9188780000000001,0.9998819999999999,BLR,PRT,8431
2956156,31,179,1355,2017.0,0.0,1880.0,-1.032957,-0.9679840000000001,BOL,PRT,8431
2956157,32,179,1355,2017.0,5295.0,69651.0,0.103119,0.808438,BRA,PRT,8431
2956158,33,179,1355,2017.0,0.0,5373.0,0.47282700000000005,0.088603,BRB,PRT,8431
2956159,39,179,1355,2017.0,3474.0,602405.0,0.661032,1.331443,CAN,PRT,8431
2956160,41,179,1355,2017.0,18199.0,695301.0,2.2443459999999997,0.836363,CHE,PRT,8431
2956161,42,179,1355,2017.0,0.0,107203.0,-0.282983,-0.33351,CHL,PRT,8431
2956162,43,179,1355,2017.0,6678458.0,2553228.0,1.2888030000000001,0.9250700000000001,CHN,PRT,8431
2956163,49,179,1355,2017.0,0.0,139397.0,-0.039238999999999996,-0.246914,COL,PRT,8431
2956164,51,179,1355,2017.0,0.0,24163.0,-0.216675,-0.616004,CPV,PRT,8431
2956165,52,179,1355,2017.0,0.0,30404.0,0.288798,0.212928,CRI,PRT,8431
2956166,58,179,1355,2017.0,0.0,15731.0,0.35097399999999995,0.103466,CYP,PRT,8431
2956167,59,179,1355,2017.0,6424.0,62618.0,1.8494680000000001,0.150088,CZE,PRT,8431
2956168,61,179,1355,2017.0,1771795.0,4366697.0,2.164026,-2.458307,DEU,PRT,8431
2956169,64,179,1355,2017.0,333037.0,1037422.0,1.143276,1.242437,DNK,PRT,8431
2956170,65,179,1355,2017.0,0.0,50829.0,-0.314875,0.125244,DOM,PRT,8431
2956171,66,179,1355,2017.0,0.0,18607.0,-0.918984,-1.177867,DZA,PRT,8431
2956172,67,179,1355,2017.0,0.0,56762.0,-1.109413,-1.1561270000000001,ECU,PRT,8431
2956173,68,179,1355,2017.0,0.0,1051.0,-0.09792100000000001,1.9664270000000001,EGY,PRT,8431
2956174,71,179,1355,2017.0,50201956.0,45416872.0,0.7720279999999999,2.434042,ESP,PRT,8431
2956175,72,179,1355,2017.0,0.0,93405.0,1.004481,1.311075,EST,PRT,8431
2956176,74,179,1355,2017.0,0.0,255975.0,1.6562990000000002,0.94619,FIN,PRT,8431
2956177,77,179,1355,2017.0,7054280.0,4890328.0,1.3874030000000002,0.8887719999999999,FRA,PRT,8431
2956178,81,179,1355,2017.0,1080206.0,6885314.0,1.499843,1.120201,GBR,PRT,8431
2956179,82,179,1355,2017.0,0.0,10930.0,-0.252287,-0.172336,GEO,PRT,8431
2956180,90,179,1355,2017.0,27923.0,16957.0,0.10646300000000002,1.0936290000000002,GRC,PRT,8431
2956181,93,179,1355,2017.0,0.0,3200.0,-0.40755399999999997,0.63358,GTM,PRT,8431
2956182,97,179,1355,2017.0,14135.0,556863.0,0.877065,1.1615520000000001,HKG,PRT,8431
2956183,99,179,1355,2017.0,4040.0,13063.0,-0.44761999999999996,-0.20167100000000002,HND,PRT,8431
2956184,102,179,1355,2017.0,106972.0,1283.0,1.6949029999999998,0.723915,HUN,PRT,8431
2956185,103,179,1355,2017.0,6461.0,46171.0,-0.072977,1.376847,IDN,PRT,8431
2956186,104,179,1355,2017.0,138115.0,6573.0,0.262126,2.8212040000000003,IND,PRT,8431
2956187,106,179,1355,2017.0,28824.0,1070752.0,1.444823,0.158356,IRL,PRT,8431
2956188,107,179,1355,2017.0,0.0,8711.0,-0.305601,-0.42131899999999994,IRN,PRT,8431
2956189,109,179,1355,2017.0,0.0,297442.0,0.279223,-0.34883600000000003,ISL,PRT,8431
2956190,110,179,1355,2017.0,0.0,35669.0,1.158779,0.8909020000000001,ISR,PRT,8431
2956191,111,179,1355,2017.0,11872382.0,1481901.0,1.4374559999999998,0.21079699999999998,ITA,PRT,8431
2956192,114,179,1355,2017.0,10317.0,389969.0,2.4440779999999998,-0.46107700000000007,JPN,PRT,8431
2956193,115,179,1355,2017.0,0.0,132474.0,-0.47984399999999994,-0.40618699999999996,KAZ,PRT,8431
2956194,121,179,1355,2017.0,3230.0,534998.0,2.1277470000000003,0.8218719999999999,KOR,PRT,8431
2956195,122,179,1355,2017.0,1006.0,140998.0,-0.264903,-1.112018,KWT,PRT,8431
2956196,123,179,1355,2017.0,217818.0,0.0,-0.733135,-0.482756,LAO,PRT,8431
2956197,124,179,1355,2017.0,0.0,249158.0,0.437192,1.027289,LBN,PRT,8431
2956198,130,179,1355,2017.0,27689.0,37837.0,0.770556,1.555233,LTU,PRT,8431
2956199,131,179,1355,2017.0,55447.0,202193.0,1.1461629999999998,1.434994,LUX,PRT,8431
2956200,132,179,1355,2017.0,0.0,56863.0,0.644285,1.4304290000000002,LVA,PRT,8431
2956201,133,179,1355,2017.0,0.0,4209.0,0.33025,-0.008723999999999999,MAC,PRT,8431
2956202,134,179,1355,2017.0,2186137.0,298940.0,-0.593987,-0.093414,MAR,PRT,8431
2956203,136,179,1355,2017.0,204027.0,0.0,-1.098631,-0.8503069999999999,MDG,PRT,8431
2956204,138,179,1355,2017.0,0.0,399381.0,1.348763,0.6145010000000001,MEX,PRT,8431
2956205,140,179,1355,2017.0,0.0,32312.0,-0.12182799999999999,-0.333793,MKD,PRT,8431
2956206,142,179,1355,2017.0,0.0,19224.0,0.9943420000000001,0.181922,MLT,PRT,8431
2956207,143,179,1355,2017.0,0.0,1069.0,-0.9113129999999999,-0.21514,MMR,PRT,8431
2956208,144,179,1355,2017.0,0.0,14940.0,0.132462,-0.071601,MNE,PRT,8431
2956209,145,179,1355,2017.0,0.0,1515.0,-1.110506,-1.179734,MNG,PRT,8431
2956210,147,179,1355,2017.0,0.0,20299.0,-1.3967319999999999,-1.1603290000000002,MOZ,PRT,8431
2956211,151,179,1355,2017.0,0.0,2079.0,-0.166097,-0.050332,MUS,PRT,8431
2956212,153,179,1355,2017.0,0.0,63887.0,1.022117,0.6711739999999999,MYS,PRT,8431
2956213,162,179,1355,2017.0,727207.0,3981069.0,1.090805,1.452409,NLD,PRT,8431
2956214,163,179,1355,2017.0,2518.0,631342.0,0.393228,0.049788,NOR,PRT,8431
2956215,164,179,1355,2017.0,17638.0,0.0,-0.076879,0.530485,NPL,PRT,8431
2956216,166,179,1355,2017.0,0.0,16396.0,0.154926,0.10981500000000001,NZL,PRT,8431
2956217,167,179,1355,2017.0,0.0,1151.0,-0.44851199999999997,-0.9820049999999999,OMN,PRT,8431
2956218,168,179,1355,2017.0,29124.0,0.0,-0.737436,0.345773,PAK,PRT,8431
2956219,169,179,1355,2017.0,0.0,48889.0,0.638093,1.01027,PAN,PRT,8431
2956220,173,179,1355,2017.0,2762.0,23504.0,-0.8214469999999999,-0.333306,PER,PRT,8431
2956221,174,179,1355,2017.0,0.0,3065.0,0.717074,0.224219,PHL,PRT,8431
2956222,177,179,1355,2017.0,495545.0,1474718.0,1.212941,0.917751,POL,PRT,8431
2956223,180,179,1355,2017.0,0.0,4817.0,-0.604205,-0.956699,PRY,PRT,8431
2956224,183,179,1355,2017.0,0.0,497617.0,-0.42615600000000003,-1.0956489999999999,QAT,PRT,8431
2956225,185,179,1355,2017.0,47929.0,1255.0,1.145161,1.095192,ROU,PRT,8431
2956226,186,179,1355,2017.0,2246.0,574670.0,0.07402,0.248236,RUS,PRT,8431
2956227,188,179,1355,2017.0,0.0,68972.0,0.508031,-0.42373500000000003,SAU,PRT,8431
2956228,192,179,1355,2017.0,0.0,44018.0,1.8943720000000002,0.449316,SGP,PRT,8431
2956229,197,179,1355,2017.0,0.0,7244.0,0.11754,0.363982,SLV,PRT,8431
2956230,198,179,1355,2017.0,1879.0,0.0,0.9488219999999999,0.6510199999999999,SMR,PRT,8431
2956231,201,179,1355,2017.0,0.0,139598.0,0.59312,1.535527,SRB,PRT,8431
2956232,206,179,1355,2017.0,0.0,192360.0,1.484316,0.811826,SVK,PRT,8431
2956233,207,179,1355,2017.0,12459.0,54036.0,1.597178,0.753722,SVN,PRT,8431
2956234,208,179,1355,2017.0,52583.0,1926402.0,1.695113,0.6885060000000001,SWE,PRT,8431
2956235,216,179,1355,2017.0,3675.0,108074.0,1.15791,1.282718,THA,PRT,8431
2956236,223,179,1355,2017.0,160963.0,56582.0,0.31342600000000004,1.071153,TUN,PRT,8431
2956237,224,179,1355,2017.0,31604.0,618447.0,0.601079,2.126314,TUR,PRT,8431
2956238,228,179,1355,2017.0,0.0,135267.0,0.34780900000000003,1.076817,UKR,PRT,8431
2956239,230,179,1355,2017.0,0.0,7874.0,0.09085900000000001,-0.246694,URY,PRT,8431
2956240,231,179,1355,2017.0,71368.0,4372590.0,1.536355,0.23775100000000002,USA,PRT,8431
2956241,239,179,1355,2017.0,2316.0,32663.0,-0.006548999999999999,0.7030420000000001,VNM,PRT,8431
2956242,246,179,1355,2017.0,0.0,46449.0,-0.048668,1.283483,ZAF,PRT,8431
2956243,249,179,1355,2017.0,0.0,112642.0,2.003822,1.215216,TWN,PRT,8431
2956244,8,180,1355,2017.0,138483.0,10065.0,-0.268441,0.337024,ARG,PRY,8431
2956245,32,180,1355,2017.0,184560.0,0.0,0.103119,0.808438,BRA,PRY,8431
2956246,42,180,1355,2017.0,2677822.0,3322.0,-0.282983,-0.33351,CHL,PRY,8431
2956247,43,180,1355,2017.0,655044.0,0.0,1.2888030000000001,0.9250700000000001,CHN,PRY,8431
2956248,49,180,1355,2017.0,2542.0,0.0,-0.039238999999999996,-0.246914,COL,PRY,8431
2956249,61,180,1355,2017.0,6412.0,0.0,2.164026,-2.458307,DEU,PRY,8431
2956250,64,180,1355,2017.0,3760.0,0.0,1.143276,1.242437,DNK,PRY,8431
2956251,71,180,1355,2017.0,222832.0,20522.0,0.7720279999999999,2.434042,ESP,PRY,8431
2956252,97,180,1355,2017.0,8116.0,0.0,0.877065,1.1615520000000001,HKG,PRY,8431
2956253,103,180,1355,2017.0,6410.0,0.0,-0.072977,1.376847,IDN,PRY,8431
2956254,104,180,1355,2017.0,42088.0,0.0,0.262126,2.8212040000000003,IND,PRY,8431
2956255,111,180,1355,2017.0,64275.0,0.0,1.4374559999999998,0.21079699999999998,ITA,PRY,8431
2956256,134,180,1355,2017.0,38244.0,0.0,-0.593987,-0.093414,MAR,PRY,8431
2956257,169,180,1355,2017.0,244470.0,0.0,0.638093,1.01027,PAN,PRY,8431
2956258,179,180,1355,2017.0,4817.0,0.0,0.692908,2.05977,PRT,PRY,8431
2956259,185,180,1355,2017.0,1879.0,0.0,1.145161,1.095192,ROU,PRY,8431
2956260,216,180,1355,2017.0,2509.0,0.0,1.15791,1.282718,THA,PRY,8431
2956261,224,180,1355,2017.0,18224.0,0.0,0.601079,2.126314,TUR,PRY,8431
2956262,230,180,1355,2017.0,1214.0,1059.0,0.09085900000000001,-0.246694,URY,PRY,8431
2956263,231,180,1355,2017.0,60105.0,4927.0,1.536355,0.23775100000000002,USA,PRY,8431
2956264,239,180,1355,2017.0,13492.0,0.0,-0.006548999999999999,0.7030420000000001,VNM,PRY,8431
2956265,7,181,1355,2017.0,1083.0,0.0,0.222875,-0.204271,ARE,PSE,8431
2956266,22,181,1355,2017.0,39732.0,0.0,-1.007846,-1.112069,BGD,PSE,8431
2956267,43,181,1355,2017.0,1210650.0,0.0,1.2888030000000001,0.9250700000000001,CHN,PSE,8431
2956268,49,181,1355,2017.0,1405.0,0.0,-0.039238999999999996,-0.246914,COL,PSE,8431
2956269,61,181,1355,2017.0,10289.0,0.0,2.164026,-2.458307,DEU,PSE,8431
2956270,64,181,1355,2017.0,6149.0,0.0,1.143276,1.242437,DNK,PSE,8431
2956271,68,181,1355,2017.0,6403.0,0.0,-0.09792100000000001,1.9664270000000001,EGY,PSE,8431
2956272,71,181,1355,2017.0,16320.0,0.0,0.7720279999999999,2.434042,ESP,PSE,8431
2956273,77,181,1355,2017.0,1640.0,0.0,1.3874030000000002,0.8887719999999999,FRA,PSE,8431
2956274,97,181,1355,2017.0,219686.0,0.0,0.877065,1.1615520000000001,HKG,PSE,8431
2956275,104,181,1355,2017.0,42392.0,0.0,0.262126,2.8212040000000003,IND,PSE,8431
2956276,110,181,1355,2017.0,8259.0,197676.0,1.158779,0.8909020000000001,ISR,PSE,8431
2956277,111,181,1355,2017.0,22062.0,0.0,1.4374559999999998,0.21079699999999998,ITA,PSE,8431
2956278,113,181,1355,2017.0,1304219.0,0.0,0.079237,0.182893,JOR,PSE,8431
2956279,118,181,1355,2017.0,181603.0,0.0,-0.654185,-0.655463,KHM,PSE,8431
2956280,140,181,1355,2017.0,3956.0,0.0,-0.12182799999999999,-0.333793,MKD,PSE,8431
2956281,162,181,1355,2017.0,2201.0,0.0,1.090805,1.452409,NLD,PSE,8431
2956282,177,181,1355,2017.0,1763.0,0.0,1.212941,0.917751,POL,PSE,8431
2956283,216,181,1355,2017.0,1403.0,0.0,1.15791,1.282718,THA,PSE,8431
2956284,224,181,1355,2017.0,671718.0,0.0,0.601079,2.126314,TUR,PSE,8431
2956285,231,181,1355,2017.0,1713.0,0.0,1.536355,0.23775100000000002,USA,PSE,8431
2956286,239,181,1355,2017.0,87501.0,0.0,-0.006548999999999999,0.7030420000000001,VNM,PSE,8431
2956287,4,186,1355,2017.0,222833.0,0.0,-0.351054,-0.193147,ALB,RUS,8431
2956288,7,186,1355,2017.0,616622.0,33546.0,0.222875,-0.204271,ARE,RUS,8431
2956289,9,186,1355,2017.0,6575148.0,74834.0,-0.422667,-0.824041,ARM,RUS,8431
2956290,14,186,1355,2017.0,4342.0,2593.0,-0.598537,-0.23571,AUS,RUS,8431
2956291,15,186,1355,2017.0,3708286.0,18383.0,1.722766,-0.077938,AUT,RUS,8431
2956292,16,186,1355,2017.0,0.0,13820.0,-1.665069,-1.37471,AZE,RUS,8431
2956293,18,186,1355,2017.0,111612.0,0.0,1.2396969999999998,1.1699760000000001,BEL,RUS,8431
2956294,22,186,1355,2017.0,4023928.0,0.0,-1.007846,-1.112069,BGD,RUS,8431
2956295,23,186,1355,2017.0,484777.0,0.0,0.563342,1.744989,BGR,RUS,8431
2956296,24,186,1355,2017.0,0.0,2364.0,0.160574,-0.708064,BHR,RUS,8431
2956297,26,186,1355,2017.0,407888.0,0.0,0.584825,0.9219,BIH,RUS,8431
2956298,28,186,1355,2017.0,13418337.0,4398303.0,0.9188780000000001,0.9998819999999999,BLR,RUS,8431
2956299,32,186,1355,2017.0,1998.0,0.0,0.103119,0.808438,BRA,RUS,8431
2956300,39,186,1355,2017.0,95413.0,8391.0,0.661032,1.331443,CAN,RUS,8431
2956301,41,186,1355,2017.0,876628.0,268418.0,2.2443459999999997,0.836363,CHE,RUS,8431
2956302,43,186,1355,2017.0,245955200.0,34644.0,1.2888030000000001,0.9250700000000001,CHN,RUS,8431
2956303,58,186,1355,2017.0,15740.0,16696.0,0.35097399999999995,0.103466,CYP,RUS,8431
2956304,59,186,1355,2017.0,108492.0,15220.0,1.8494680000000001,0.150088,CZE,RUS,8431
2956305,61,186,1355,2017.0,23700166.0,63487.0,2.164026,-2.458307,DEU,RUS,8431
2956306,64,186,1355,2017.0,268124.0,0.0,1.143276,1.242437,DNK,RUS,8431
2956307,65,186,1355,2017.0,22345.0,0.0,-0.314875,0.125244,DOM,RUS,8431
2956308,67,186,1355,2017.0,1902.0,0.0,-1.109413,-1.1561270000000001,ECU,RUS,8431
2956309,68,186,1355,2017.0,31100.0,0.0,-0.09792100000000001,1.9664270000000001,EGY,RUS,8431
2956310,71,186,1355,2017.0,15835496.0,40248.0,0.7720279999999999,2.434042,ESP,RUS,8431
2956311,72,186,1355,2017.0,1040350.0,39349.0,1.004481,1.311075,EST,RUS,8431
2956312,74,186,1355,2017.0,1550589.0,222658.0,1.6562990000000002,0.94619,FIN,RUS,8431
2956313,77,186,1355,2017.0,4013287.0,243755.0,1.3874030000000002,0.8887719999999999,FRA,RUS,8431
2956314,81,186,1355,2017.0,2492206.0,588002.0,1.499843,1.120201,GBR,RUS,8431
2956315,82,186,1355,2017.0,119466.0,47468.0,-0.252287,-0.172336,GEO,RUS,8431
2956316,90,186,1355,2017.0,353550.0,1508.0,0.10646300000000002,1.0936290000000002,GRC,RUS,8431
2956317,93,186,1355,2017.0,13178.0,0.0,-0.40755399999999997,0.63358,GTM,RUS,8431
2956318,97,186,1355,2017.0,201432.0,87218.0,0.877065,1.1615520000000001,HKG,RUS,8431
2956319,100,186,1355,2017.0,330029.0,19257.0,0.8933700000000001,1.4400469999999999,HRV,RUS,8431
2956320,102,186,1355,2017.0,554278.0,0.0,1.6949029999999998,0.723915,HUN,RUS,8431
2956321,103,186,1355,2017.0,556223.0,0.0,-0.072977,1.376847,IDN,RUS,8431
2956322,104,186,1355,2017.0,673120.0,1938.0,0.262126,2.8212040000000003,IND,RUS,8431
2956323,106,186,1355,2017.0,0.0,16767.0,1.444823,0.158356,IRL,RUS,8431
2956324,111,186,1355,2017.0,44843256.0,232366.0,1.4374559999999998,0.21079699999999998,ITA,RUS,8431
2956325,113,186,1355,2017.0,7433.0,0.0,0.079237,0.182893,JOR,RUS,8431
2956326,114,186,1355,2017.0,73191.0,62913.0,2.4440779999999998,-0.46107700000000007,JPN,RUS,8431
2956327,115,186,1355,2017.0,249714.0,4200375.0,-0.47984399999999994,-0.40618699999999996,KAZ,RUS,8431
2956328,116,186,1355,2017.0,7279.0,0.0,-0.549171,0.39358899999999997,KEN,RUS,8431
2956329,117,186,1355,2017.0,455116.0,71215.0,0.056509000000000004,0.363176,KGZ,RUS,8431
2956330,118,186,1355,2017.0,1358879.0,0.0,-0.654185,-0.655463,KHM,RUS,8431
2956331,121,186,1355,2017.0,168163.0,30511.0,2.1277470000000003,0.8218719999999999,KOR,RUS,8431
2956332,122,186,1355,2017.0,0.0,36329.0,-0.264903,-1.112018,KWT,RUS,8431
2956333,124,186,1355,2017.0,21870.0,1158.0,0.437192,1.027289,LBN,RUS,8431
2956334,128,186,1355,2017.0,242051.0,0.0,-0.506691,0.43309200000000003,LKA,RUS,8431
2956335,130,186,1355,2017.0,5342890.0,314333.0,0.770556,1.555233,LTU,RUS,8431
2956336,131,186,1355,2017.0,5078.0,2632.0,1.1461629999999998,1.434994,LUX,RUS,8431
2956337,132,186,1355,2017.0,320678.0,14207.0,0.644285,1.4304290000000002,LVA,RUS,8431
2956338,134,186,1355,2017.0,7028396.0,0.0,-0.593987,-0.093414,MAR,RUS,8431
2956339,135,186,1355,2017.0,1448906.0,27771.0,-0.135731,-0.008816,MDA,RUS,8431
2956340,136,186,1355,2017.0,20441.0,0.0,-1.098631,-0.8503069999999999,MDG,RUS,8431
2956341,138,186,1355,2017.0,0.0,2722.0,1.348763,0.6145010000000001,MEX,RUS,8431
2956342,140,186,1355,2017.0,359404.0,0.0,-0.12182799999999999,-0.333793,MKD,RUS,8431
2956343,142,186,1355,2017.0,30824.0,0.0,0.9943420000000001,0.181922,MLT,RUS,8431
2956344,143,186,1355,2017.0,2051746.0,0.0,-0.9113129999999999,-0.21514,MMR,RUS,8431
2956345,145,186,1355,2017.0,183850.0,22030.0,-1.110506,-1.179734,MNG,RUS,8431
2956346,151,186,1355,2017.0,1853.0,0.0,-0.166097,-0.050332,MUS,RUS,8431
2956347,153,186,1355,2017.0,291940.0,0.0,1.022117,0.6711739999999999,MYS,RUS,8431
2956348,162,186,1355,2017.0,1075693.0,72780.0,1.090805,1.452409,NLD,RUS,8431
2956349,163,186,1355,2017.0,22138.0,12918.0,0.393228,0.049788,NOR,RUS,8431
2956350,164,186,1355,2017.0,2432.0,0.0,-0.076879,0.530485,NPL,RUS,8431
2956351,166,186,1355,2017.0,0.0,3820.0,0.154926,0.10981500000000001,NZL,RUS,8431
2956352,168,186,1355,2017.0,21566.0,0.0,-0.737436,0.345773,PAK,RUS,8431
2956353,173,186,1355,2017.0,2106.0,0.0,-0.8214469999999999,-0.333306,PER,RUS,8431
2956354,174,186,1355,2017.0,88304.0,0.0,0.717074,0.224219,PHL,RUS,8431
2956355,177,186,1355,2017.0,4372509.0,262814.0,1.212941,0.917751,POL,RUS,8431
2956356,179,186,1355,2017.0,574670.0,2246.0,0.692908,2.05977,PRT,RUS,8431
2956357,183,186,1355,2017.0,0.0,6660.0,-0.42615600000000003,-1.0956489999999999,QAT,RUS,8431
2956358,185,186,1355,2017.0,1906108.0,1026.0,1.145161,1.095192,ROU,RUS,8431
2956359,192,186,1355,2017.0,39023.0,31265.0,1.8943720000000002,0.449316,SGP,RUS,8431
2956360,201,186,1355,2017.0,118484.0,0.0,0.59312,1.535527,SRB,RUS,8431
2956361,206,186,1355,2017.0,447350.0,0.0,1.484316,0.811826,SVK,RUS,8431
2956362,207,186,1355,2017.0,128978.0,1708.0,1.597178,0.753722,SVN,RUS,8431
2956363,208,186,1355,2017.0,123163.0,4381.0,1.695113,0.6885060000000001,SWE,RUS,8431
2956364,216,186,1355,2017.0,203260.0,0.0,1.15791,1.282718,THA,RUS,8431
2956365,217,186,1355,2017.0,0.0,5385.0,-0.8504879999999999,-1.074594,TJK,RUS,8431
2956366,219,186,1355,2017.0,0.0,3098.0,-1.358487,-1.29703,TKM,RUS,8431
2956367,223,186,1355,2017.0,324214.0,0.0,0.31342600000000004,1.071153,TUN,RUS,8431
2956368,224,186,1355,2017.0,4305573.0,22697.0,0.601079,2.126314,TUR,RUS,8431
2956369,228,186,1355,2017.0,313883.0,410467.0,0.34780900000000003,1.076817,UKR,RUS,8431
2956370,231,186,1355,2017.0,94425.0,50195.0,1.536355,0.23775100000000002,USA,RUS,8431
2956371,232,186,1355,2017.0,0.0,1778.0,-0.386302,-0.35475999999999996,UZB,RUS,8431
2956372,239,186,1355,2017.0,10902857.0,0.0,-0.006548999999999999,0.7030420000000001,VNM,RUS,8431
2956373,246,186,1355,2017.0,0.0,2015.0,-0.048668,1.283483,ZAF,RUS,8431
2956374,249,186,1355,2017.0,33165.0,0.0,2.003822,1.215216,TWN,RUS,8431
2956375,250,186,1355,2017.0,56749.0,7695.0,0.472054,-0.363374,ANS,RUS,8431
2956376,4,188,1355,2017.0,28563.0,0.0,-0.351054,-0.193147,ALB,SAU,8431
2956377,7,188,1355,2017.0,6581219.0,74681.0,0.222875,-0.204271,ARE,SAU,8431
2956378,14,188,1355,2017.0,2656.0,0.0,-0.598537,-0.23571,AUS,SAU,8431
2956379,15,188,1355,2017.0,16195.0,0.0,1.722766,-0.077938,AUT,SAU,8431
2956380,18,188,1355,2017.0,11288.0,0.0,1.2396969999999998,1.1699760000000001,BEL,SAU,8431
2956381,22,188,1355,2017.0,1049666.0,0.0,-1.007846,-1.112069,BGD,SAU,8431
2956382,23,188,1355,2017.0,160508.0,0.0,0.563342,1.744989,BGR,SAU,8431
2956383,24,188,1355,2017.0,3739631.0,110244.0,0.160574,-0.708064,BHR,SAU,8431
2956384,39,188,1355,2017.0,43056.0,0.0,0.661032,1.331443,CAN,SAU,8431
2956385,41,188,1355,2017.0,192764.0,1335.0,2.2443459999999997,0.836363,CHE,SAU,8431
2956386,43,188,1355,2017.0,252344032.0,0.0,1.2888030000000001,0.9250700000000001,CHN,SAU,8431
2956387,59,188,1355,2017.0,9786.0,0.0,1.8494680000000001,0.150088,CZE,SAU,8431
2956388,61,188,1355,2017.0,636995.0,0.0,2.164026,-2.458307,DEU,SAU,8431
2956389,64,188,1355,2017.0,12999.0,0.0,1.143276,1.242437,DNK,SAU,8431
2956390,68,188,1355,2017.0,79743.0,16091.0,-0.09792100000000001,1.9664270000000001,EGY,SAU,8431
2956391,71,188,1355,2017.0,2765793.0,1035.0,0.7720279999999999,2.434042,ESP,SAU,8431
2956392,72,188,1355,2017.0,1090.0,0.0,1.004481,1.311075,EST,SAU,8431
2956393,73,188,1355,2017.0,0.0,2218.0,-0.874714,-0.58418,ETH,SAU,8431
2956394,77,188,1355,2017.0,1446449.0,0.0,1.3874030000000002,0.8887719999999999,FRA,SAU,8431
2956395,81,188,1355,2017.0,1063562.0,470142.0,1.499843,1.120201,GBR,SAU,8431
2956396,87,188,1355,2017.0,0.0,76224.0,-1.084847,-0.9798549999999999,GMB,SAU,8431
2956397,90,188,1355,2017.0,1942.0,0.0,0.10646300000000002,1.0936290000000002,GRC,SAU,8431
2956398,97,188,1355,2017.0,446196.0,9193.0,0.877065,1.1615520000000001,HKG,SAU,8431
2956399,99,188,1355,2017.0,93930.0,0.0,-0.44761999999999996,-0.20167100000000002,HND,SAU,8431
2956400,102,188,1355,2017.0,20392.0,0.0,1.6949029999999998,0.723915,HUN,SAU,8431
2956401,103,188,1355,2017.0,135764.0,0.0,-0.072977,1.376847,IDN,SAU,8431
2956402,104,188,1355,2017.0,880676.0,0.0,0.262126,2.8212040000000003,IND,SAU,8431
2956403,111,188,1355,2017.0,1988853.0,6926.0,1.4374559999999998,0.21079699999999998,ITA,SAU,8431
2956404,113,188,1355,2017.0,31505.0,25332.0,0.079237,0.182893,JOR,SAU,8431
2956405,114,188,1355,2017.0,3778.0,0.0,2.4440779999999998,-0.46107700000000007,JPN,SAU,8431
2956406,118,188,1355,2017.0,217825.0,0.0,-0.654185,-0.655463,KHM,SAU,8431
2956407,121,188,1355,2017.0,698610.0,0.0,2.1277470000000003,0.8218719999999999,KOR,SAU,8431
2956408,122,188,1355,2017.0,169596.0,329015.0,-0.264903,-1.112018,KWT,SAU,8431
2956409,124,188,1355,2017.0,24955.0,0.0,0.437192,1.027289,LBN,SAU,8431
2956410,128,188,1355,2017.0,130331.0,0.0,-0.506691,0.43309200000000003,LKA,SAU,8431
2956411,130,188,1355,2017.0,3894.0,0.0,0.770556,1.555233,LTU,SAU,8431
2956412,134,188,1355,2017.0,266107.0,0.0,-0.593987,-0.093414,MAR,SAU,8431
2956413,137,188,1355,2017.0,29282.0,0.0,-0.739309,-0.951202,MDV,SAU,8431
2956414,143,188,1355,2017.0,31518.0,0.0,-0.9113129999999999,-0.21514,MMR,SAU,8431
2956415,151,188,1355,2017.0,122165.0,0.0,-0.166097,-0.050332,MUS,SAU,8431
2956416,153,188,1355,2017.0,59394.0,0.0,1.022117,0.6711739999999999,MYS,SAU,8431
2956417,162,188,1355,2017.0,20245.0,0.0,1.090805,1.452409,NLD,SAU,8431
2956418,167,188,1355,2017.0,0.0,4506.0,-0.44851199999999997,-0.9820049999999999,OMN,SAU,8431
2956419,168,188,1355,2017.0,422799.0,0.0,-0.737436,0.345773,PAK,SAU,8431
2956420,174,188,1355,2017.0,112906.0,0.0,0.717074,0.224219,PHL,SAU,8431
2956421,177,188,1355,2017.0,2867.0,0.0,1.212941,0.917751,POL,SAU,8431
2956422,179,188,1355,2017.0,68972.0,0.0,0.692908,2.05977,PRT,SAU,8431
2956423,183,188,1355,2017.0,63777.0,52306.0,-0.42615600000000003,-1.0956489999999999,QAT,SAU,8431
2956424,185,188,1355,2017.0,618365.0,0.0,1.145161,1.095192,ROU,SAU,8431
2956425,190,188,1355,2017.0,0.0,1703.0,-1.488393,-1.236046,SDN,SAU,8431
2956426,206,188,1355,2017.0,185288.0,0.0,1.484316,0.811826,SVK,SAU,8431
2956427,212,188,1355,2017.0,280550.0,0.0,-0.65347,0.085392,SYR,SAU,8431
2956428,216,188,1355,2017.0,1062.0,0.0,1.15791,1.282718,THA,SAU,8431
2956429,223,188,1355,2017.0,39747.0,0.0,0.31342600000000004,1.071153,TUN,SAU,8431
2956430,224,188,1355,2017.0,2956954.0,27491.0,0.601079,2.126314,TUR,SAU,8431
2956431,228,188,1355,2017.0,2930.0,0.0,0.34780900000000003,1.076817,UKR,SAU,8431
2956432,231,188,1355,2017.0,405175.0,15413.0,1.536355,0.23775100000000002,USA,SAU,8431
2956433,239,188,1355,2017.0,721291.0,0.0,-0.006548999999999999,0.7030420000000001,VNM,SAU,8431
2956434,246,188,1355,2017.0,0.0,1131.0,-0.048668,1.283483,ZAF,SAU,8431
2956435,0,190,1355,2017.0,6181.0,0.0,0.8469200000000001,0.12138299999999999,ABW,SDN,8431
2956436,7,190,1355,2017.0,11126.0,0.0,0.222875,-0.204271,ARE,SDN,8431
2956437,43,190,1355,2017.0,7308348.0,0.0,1.2888030000000001,0.9250700000000001,CHN,SDN,8431
2956438,68,190,1355,2017.0,3484.0,0.0,-0.09792100000000001,1.9664270000000001,EGY,SDN,8431
2956439,73,190,1355,2017.0,0.0,1379.0,-0.874714,-0.58418,ETH,SDN,8431
2956440,104,190,1355,2017.0,1406875.0,0.0,0.262126,2.8212040000000003,IND,SDN,8431
2956441,134,190,1355,2017.0,2794.0,0.0,-0.593987,-0.093414,MAR,SDN,8431
2956442,188,190,1355,2017.0,1703.0,0.0,0.508031,-0.42373500000000003,SAU,SDN,8431
2956443,216,190,1355,2017.0,29648.0,0.0,1.15791,1.282718,THA,SDN,8431
2956444,224,190,1355,2017.0,212659.0,0.0,0.601079,2.126314,TUR,SDN,8431
2956445,239,190,1355,2017.0,7900.0,0.0,-0.006548999999999999,0.7030420000000001,VNM,SDN,8431
2956446,246,190,1355,2017.0,4862.0,0.0,-0.048668,1.283483,ZAF,SDN,8431
2956447,7,192,1355,2017.0,84185.0,45589.0,0.222875,-0.204271,ARE,SGP,8431
2956448,8,192,1355,2017.0,5742.0,3950.0,-0.268441,0.337024,ARG,SGP,8431
2956449,9,192,1355,2017.0,17488.0,0.0,-0.422667,-0.824041,ARM,SGP,8431
2956450,14,192,1355,2017.0,265679.0,685402.0,-0.598537,-0.23571,AUS,SGP,8431
2956451,15,192,1355,2017.0,4315.0,22387.0,1.722766,-0.077938,AUT,SGP,8431
2956452,18,192,1355,2017.0,73552.0,0.0,1.2396969999999998,1.1699760000000001,BEL,SGP,8431
2956453,22,192,1355,2017.0,940986.0,0.0,-1.007846,-1.112069,BGD,SGP,8431
2956454,23,192,1355,2017.0,112321.0,0.0,0.563342,1.744989,BGR,SGP,8431
2956455,26,192,1355,2017.0,23286.0,0.0,0.584825,0.9219,BIH,SGP,8431
2956456,28,192,1355,2017.0,1720.0,0.0,0.9188780000000001,0.9998819999999999,BLR,SGP,8431
2956457,31,192,1355,2017.0,3740.0,0.0,-1.032957,-0.9679840000000001,BOL,SGP,8431
2956458,32,192,1355,2017.0,0.0,1484121.0,0.103119,0.808438,BRA,SGP,8431
2956459,34,192,1355,2017.0,5669.0,3137.0,0.13716,-0.783787,BRN,SGP,8431
2956460,39,192,1355,2017.0,14276.0,37999.0,0.661032,1.331443,CAN,SGP,8431
2956461,41,192,1355,2017.0,36284.0,128074.0,2.2443459999999997,0.836363,CHE,SGP,8431
2956462,42,192,1355,2017.0,0.0,2759.0,-0.282983,-0.33351,CHL,SGP,8431
2956463,43,192,1355,2017.0,85952080.0,260300.0,1.2888030000000001,0.9250700000000001,CHN,SGP,8431
2956464,59,192,1355,2017.0,15051.0,0.0,1.8494680000000001,0.150088,CZE,SGP,8431
2956465,61,192,1355,2017.0,208568.0,591855.0,2.164026,-2.458307,DEU,SGP,8431
2956466,64,192,1355,2017.0,27594.0,3931.0,1.143276,1.242437,DNK,SGP,8431
2956467,68,192,1355,2017.0,4013.0,4167.0,-0.09792100000000001,1.9664270000000001,EGY,SGP,8431
2956468,71,192,1355,2017.0,1688756.0,1121094.0,0.7720279999999999,2.434042,ESP,SGP,8431
2956469,75,192,1355,2017.0,0.0,7644.0,-0.500896,-0.169256,FJI,SGP,8431
2956470,77,192,1355,2017.0,6937586.0,354050.0,1.3874030000000002,0.8887719999999999,FRA,SGP,8431
2956471,81,192,1355,2017.0,702078.0,1054965.0,1.499843,1.120201,GBR,SGP,8431
2956472,82,192,1355,2017.0,33013.0,0.0,-0.252287,-0.172336,GEO,SGP,8431
2956473,90,192,1355,2017.0,0.0,1983.0,0.10646300000000002,1.0936290000000002,GRC,SGP,8431
2956474,97,192,1355,2017.0,1273082.0,1505916.0,0.877065,1.1615520000000001,HKG,SGP,8431
2956475,100,192,1355,2017.0,3437.0,1829.0,0.8933700000000001,1.4400469999999999,HRV,SGP,8431
2956476,102,192,1355,2017.0,22445.0,0.0,1.6949029999999998,0.723915,HUN,SGP,8431
2956477,103,192,1355,2017.0,283043.0,690880.0,-0.072977,1.376847,IDN,SGP,8431
2956478,104,192,1355,2017.0,189463.0,14818.0,0.262126,2.8212040000000003,IND,SGP,8431
2956479,110,192,1355,2017.0,0.0,39361.0,1.158779,0.8909020000000001,ISR,SGP,8431
2956480,111,192,1355,2017.0,1583297.0,36645.0,1.4374559999999998,0.21079699999999998,ITA,SGP,8431
2956481,114,192,1355,2017.0,305227.0,2383608.0,2.4440779999999998,-0.46107700000000007,JPN,SGP,8431
2956482,118,192,1355,2017.0,116227.0,0.0,-0.654185,-0.655463,KHM,SGP,8431
2956483,121,192,1355,2017.0,460777.0,1467509.0,2.1277470000000003,0.8218719999999999,KOR,SGP,8431
2956484,128,192,1355,2017.0,57606.0,2231.0,-0.506691,0.43309200000000003,LKA,SGP,8431
2956485,130,192,1355,2017.0,7037.0,0.0,0.770556,1.555233,LTU,SGP,8431
2956486,133,192,1355,2017.0,97788.0,1510.0,0.33025,-0.008723999999999999,MAC,SGP,8431
2956487,134,192,1355,2017.0,122620.0,0.0,-0.593987,-0.093414,MAR,SGP,8431
2956488,135,192,1355,2017.0,4120.0,0.0,-0.135731,-0.008816,MDA,SGP,8431
2956489,136,192,1355,2017.0,1432.0,0.0,-1.098631,-0.8503069999999999,MDG,SGP,8431
2956490,138,192,1355,2017.0,3148.0,47266.0,1.348763,0.6145010000000001,MEX,SGP,8431
2956491,140,192,1355,2017.0,7994.0,0.0,-0.12182799999999999,-0.333793,MKD,SGP,8431
2956492,143,192,1355,2017.0,279486.0,4796.0,-0.9113129999999999,-0.21514,MMR,SGP,8431
2956493,151,192,1355,2017.0,4619.0,0.0,-0.166097,-0.050332,MUS,SGP,8431
2956494,153,192,1355,2017.0,392600.0,572811.0,1.022117,0.6711739999999999,MYS,SGP,8431
2956495,162,192,1355,2017.0,2767.0,100110.0,1.090805,1.452409,NLD,SGP,8431
2956496,163,192,1355,2017.0,0.0,3214.0,0.393228,0.049788,NOR,SGP,8431
2956497,164,192,1355,2017.0,35090.0,0.0,-0.076879,0.530485,NPL,SGP,8431
2956498,166,192,1355,2017.0,47503.0,201525.0,0.154926,0.10981500000000001,NZL,SGP,8431
2956499,168,192,1355,2017.0,52702.0,0.0,-0.737436,0.345773,PAK,SGP,8431
2956500,173,192,1355,2017.0,3593.0,0.0,-0.8214469999999999,-0.333306,PER,SGP,8431
2956501,174,192,1355,2017.0,38110.0,76577.0,0.717074,0.224219,PHL,SGP,8431
2956502,177,192,1355,2017.0,40205.0,1158.0,1.212941,0.917751,POL,SGP,8431
2956503,179,192,1355,2017.0,44018.0,0.0,0.692908,2.05977,PRT,SGP,8431
2956504,183,192,1355,2017.0,0.0,7188.0,-0.42615600000000003,-1.0956489999999999,QAT,SGP,8431
2956505,185,192,1355,2017.0,138662.0,0.0,1.145161,1.095192,ROU,SGP,8431
2956506,186,192,1355,2017.0,31265.0,39023.0,0.07402,0.248236,RUS,SGP,8431
2956507,201,192,1355,2017.0,7545.0,0.0,0.59312,1.535527,SRB,SGP,8431
2956508,206,192,1355,2017.0,69054.0,0.0,1.484316,0.811826,SVK,SGP,8431
2956509,207,192,1355,2017.0,21445.0,0.0,1.597178,0.753722,SVN,SGP,8431
2956510,208,192,1355,2017.0,7405.0,2404.0,1.695113,0.6885060000000001,SWE,SGP,8431
2956511,216,192,1355,2017.0,155351.0,197224.0,1.15791,1.282718,THA,SGP,8431
2956512,223,192,1355,2017.0,54617.0,0.0,0.31342600000000004,1.071153,TUN,SGP,8431
2956513,224,192,1355,2017.0,82157.0,1536.0,0.601079,2.126314,TUR,SGP,8431
2956514,228,192,1355,2017.0,3946.0,0.0,0.34780900000000003,1.076817,UKR,SGP,8431
2956515,231,192,1355,2017.0,125034.0,206278.0,1.536355,0.23775100000000002,USA,SGP,8431
2956516,236,192,1355,2017.0,2462.0,0.0,-1.191942,-1.245689,VEN,SGP,8431
2956517,239,192,1355,2017.0,1679187.0,54204.0,-0.006548999999999999,0.7030420000000001,VNM,SGP,8431
2956518,246,192,1355,2017.0,0.0,3479.0,-0.048668,1.283483,ZAF,SGP,8431
2956519,249,192,1355,2017.0,16721.0,120247.0,2.003822,1.215216,TWN,SGP,8431
2956520,7,197,1355,2017.0,0.0,1944.0,0.222875,-0.204271,ARE,SLV,8431
2956521,8,197,1355,2017.0,0.0,6542.0,-0.268441,0.337024,ARG,SLV,8431
2956522,14,197,1355,2017.0,0.0,4980.0,-0.598537,-0.23571,AUS,SLV,8431
2956523,15,197,1355,2017.0,0.0,17497.0,1.722766,-0.077938,AUT,SLV,8431
2956524,22,197,1355,2017.0,14074.0,0.0,-1.007846,-1.112069,BGD,SLV,8431
2956525,39,197,1355,2017.0,1734.0,54680.0,0.661032,1.331443,CAN,SLV,8431
2956526,42,197,1355,2017.0,0.0,25846.0,-0.282983,-0.33351,CHL,SLV,8431
2956527,43,197,1355,2017.0,314349.0,0.0,1.2888030000000001,0.9250700000000001,CHN,SLV,8431
2956528,49,197,1355,2017.0,19547.0,0.0,-0.039238999999999996,-0.246914,COL,SLV,8431
2956529,52,197,1355,2017.0,0.0,45757.0,0.288798,0.212928,CRI,SLV,8431
2956530,61,197,1355,2017.0,0.0,7407.0,2.164026,-2.458307,DEU,SLV,8431
2956531,64,197,1355,2017.0,0.0,1124.0,1.143276,1.242437,DNK,SLV,8431
2956532,65,197,1355,2017.0,0.0,25184.0,-0.314875,0.125244,DOM,SLV,8431
2956533,71,197,1355,2017.0,91351.0,12750.0,0.7720279999999999,2.434042,ESP,SLV,8431
2956534,81,197,1355,2017.0,0.0,2264.0,1.499843,1.120201,GBR,SLV,8431
2956535,93,197,1355,2017.0,38512.0,180383.0,-0.40755399999999997,0.63358,GTM,SLV,8431
2956536,97,197,1355,2017.0,1957.0,0.0,0.877065,1.1615520000000001,HKG,SLV,8431
2956537,99,197,1355,2017.0,3509.0,1496.0,-0.44761999999999996,-0.20167100000000002,HND,SLV,8431
2956538,103,197,1355,2017.0,2814.0,0.0,-0.072977,1.376847,IDN,SLV,8431
2956539,110,197,1355,2017.0,0.0,3739.0,1.158779,0.8909020000000001,ISR,SLV,8431
2956540,111,197,1355,2017.0,1515.0,0.0,1.4374559999999998,0.21079699999999998,ITA,SLV,8431
2956541,114,197,1355,2017.0,0.0,12800.0,2.4440779999999998,-0.46107700000000007,JPN,SLV,8431
2956542,118,197,1355,2017.0,8191.0,0.0,-0.654185,-0.655463,KHM,SLV,8431
2956543,121,197,1355,2017.0,0.0,22373.0,2.1277470000000003,0.8218719999999999,KOR,SLV,8431
2956544,134,197,1355,2017.0,27037.0,0.0,-0.593987,-0.093414,MAR,SLV,8431
2956545,138,197,1355,2017.0,13882.0,2544.0,1.348763,0.6145010000000001,MEX,SLV,8431
2956546,143,197,1355,2017.0,2753.0,0.0,-0.9113129999999999,-0.21514,MMR,SLV,8431
2956547,160,197,1355,2017.0,9517.0,46249.0,-0.974065,-0.791551,NIC,SLV,8431
2956548,162,197,1355,2017.0,0.0,56691.0,1.090805,1.452409,NLD,SLV,8431
2956549,169,197,1355,2017.0,1343323.0,4537.0,0.638093,1.01027,PAN,SLV,8431
2956550,179,197,1355,2017.0,7244.0,0.0,0.692908,2.05977,PRT,SLV,8431
2956551,183,197,1355,2017.0,0.0,2626.0,-0.42615600000000003,-1.0956489999999999,QAT,SLV,8431
2956552,224,197,1355,2017.0,2122.0,0.0,0.601079,2.126314,TUR,SLV,8431
2956553,231,197,1355,2017.0,124342.0,1632994.0,1.536355,0.23775100000000002,USA,SLV,8431
2956554,239,197,1355,2017.0,34399.0,0.0,-0.006548999999999999,0.7030420000000001,VNM,SLV,8431
2956555,43,205,1355,2017.0,1862878.0,0.0,1.2888030000000001,0.9250700000000001,CHN,SUR,8431
2956556,77,205,1355,2017.0,0.0,10184.0,1.3874030000000002,0.8887719999999999,FRA,SUR,8431
2956557,104,205,1355,2017.0,6223.0,0.0,0.262126,2.8212040000000003,IND,SUR,8431
2956558,106,205,1355,2017.0,0.0,1286.0,1.444823,0.158356,IRL,SUR,8431
2956559,169,205,1355,2017.0,5875.0,0.0,0.638093,1.01027,PAN,SUR,8431
2956560,231,205,1355,2017.0,0.0,1677.0,1.536355,0.23775100000000002,USA,SUR,8431
2956561,239,205,1355,2017.0,6378.0,0.0,-0.006548999999999999,0.7030420000000001,VNM,SUR,8431
2956562,7,208,1355,2017.0,62089.0,17256.0,0.222875,-0.204271,ARE,SWE,8431
2956563,14,208,1355,2017.0,12873.0,320770.0,-0.598537,-0.23571,AUS,SWE,8431
2956564,15,208,1355,2017.0,363532.0,630721.0,1.722766,-0.077938,AUT,SWE,8431
2956565,18,208,1355,2017.0,240225.0,1357873.0,1.2396969999999998,1.1699760000000001,BEL,SWE,8431
2956566,22,208,1355,2017.0,2058542.0,0.0,-1.007846,-1.112069,BGD,SWE,8431
2956567,23,208,1355,2017.0,229910.0,4908.0,0.563342,1.744989,BGR,SWE,8431
2956568,32,208,1355,2017.0,0.0,1191.0,0.103119,0.808438,BRA,SWE,8431
2956569,39,208,1355,2017.0,17385.0,727670.0,0.661032,1.331443,CAN,SWE,8431
2956570,41,208,1355,2017.0,64096.0,772691.0,2.2443459999999997,0.836363,CHE,SWE,8431
2956571,43,208,1355,2017.0,50995544.0,499404.0,1.2888030000000001,0.9250700000000001,CHN,SWE,8431
2956572,46,208,1355,2017.0,0.0,3134.0,-1.158421,-1.14955,COD,SWE,8431
2956573,52,208,1355,2017.0,0.0,1037.0,0.288798,0.212928,CRI,SWE,8431
2956574,59,208,1355,2017.0,139060.0,471977.0,1.8494680000000001,0.150088,CZE,SWE,8431
2956575,61,208,1355,2017.0,10213210.0,10635651.0,2.164026,-2.458307,DEU,SWE,8431
2956576,64,208,1355,2017.0,18245980.0,7900533.0,1.143276,1.242437,DNK,SWE,8431
2956577,66,208,1355,2017.0,0.0,2605.0,-0.918984,-1.177867,DZA,SWE,8431
2956578,67,208,1355,2017.0,3058.0,0.0,-1.109413,-1.1561270000000001,ECU,SWE,8431
2956579,71,208,1355,2017.0,8087570.0,587608.0,0.7720279999999999,2.434042,ESP,SWE,8431
2956580,72,208,1355,2017.0,762899.0,433143.0,1.004481,1.311075,EST,SWE,8431
2956581,74,208,1355,2017.0,3182607.0,6587152.0,1.6562990000000002,0.94619,FIN,SWE,8431
2956582,77,208,1355,2017.0,3036249.0,389857.0,1.3874030000000002,0.8887719999999999,FRA,SWE,8431
2956583,78,208,1355,2017.0,0.0,1999.0,-1.0046549999999999,-1.015204,FRO,SWE,8431
2956584,81,208,1355,2017.0,4637754.0,1096318.0,1.499843,1.120201,GBR,SWE,8431
2956585,90,208,1355,2017.0,22733.0,82713.0,0.10646300000000002,1.0936290000000002,GRC,SWE,8431
2956586,92,208,1355,2017.0,0.0,67758.0,-1.09962,-1.013198,GRL,SWE,8431
2956587,97,208,1355,2017.0,3658793.0,491778.0,0.877065,1.1615520000000001,HKG,SWE,8431
2956588,100,208,1355,2017.0,18537.0,21544.0,0.8933700000000001,1.4400469999999999,HRV,SWE,8431
2956589,102,208,1355,2017.0,3727.0,4901.0,1.6949029999999998,0.723915,HUN,SWE,8431
2956590,103,208,1355,2017.0,246106.0,0.0,-0.072977,1.376847,IDN,SWE,8431
2956591,104,208,1355,2017.0,1445614.0,2030.0,0.262126,2.8212040000000003,IND,SWE,8431
2956592,106,208,1355,2017.0,15978.0,25480.0,1.444823,0.158356,IRL,SWE,8431
2956593,109,208,1355,2017.0,1251.0,203842.0,0.279223,-0.34883600000000003,ISL,SWE,8431
2956594,110,208,1355,2017.0,3145.0,514078.0,1.158779,0.8909020000000001,ISR,SWE,8431
2956595,111,208,1355,2017.0,11336332.0,494263.0,1.4374559999999998,0.21079699999999998,ITA,SWE,8431
2956596,114,208,1355,2017.0,27092.0,684061.0,2.4440779999999998,-0.46107700000000007,JPN,SWE,8431
2956597,115,208,1355,2017.0,0.0,1900.0,-0.47984399999999994,-0.40618699999999996,KAZ,SWE,8431
2956598,116,208,1355,2017.0,0.0,1806.0,-0.549171,0.39358899999999997,KEN,SWE,8431
2956599,118,208,1355,2017.0,4506.0,0.0,-0.654185,-0.655463,KHM,SWE,8431
2956600,121,208,1355,2017.0,1479455.0,518332.0,2.1277470000000003,0.8218719999999999,KOR,SWE,8431
2956601,122,208,1355,2017.0,0.0,15186.0,-0.264903,-1.112018,KWT,SWE,8431
2956602,123,208,1355,2017.0,2460.0,0.0,-0.733135,-0.482756,LAO,SWE,8431
2956603,124,208,1355,2017.0,1282.0,2528.0,0.437192,1.027289,LBN,SWE,8431
2956604,128,208,1355,2017.0,558192.0,0.0,-0.506691,0.43309200000000003,LKA,SWE,8431
2956605,130,208,1355,2017.0,2429678.0,70663.0,0.770556,1.555233,LTU,SWE,8431
2956606,131,208,1355,2017.0,4934.0,8982.0,1.1461629999999998,1.434994,LUX,SWE,8431
2956607,132,208,1355,2017.0,558968.0,120542.0,0.644285,1.4304290000000002,LVA,SWE,8431
2956608,133,208,1355,2017.0,0.0,6874.0,0.33025,-0.008723999999999999,MAC,SWE,8431
2956609,134,208,1355,2017.0,80779.0,2374.0,-0.593987,-0.093414,MAR,SWE,8431
2956610,138,208,1355,2017.0,0.0,1577.0,1.348763,0.6145010000000001,MEX,SWE,8431
2956611,143,208,1355,2017.0,982498.0,0.0,-0.9113129999999999,-0.21514,MMR,SWE,8431
2956612,145,208,1355,2017.0,0.0,4269.0,-1.110506,-1.179734,MNG,SWE,8431
2956613,162,208,1355,2017.0,2946810.0,1282167.0,1.090805,1.452409,NLD,SWE,8431
2956614,163,208,1355,2017.0,2825814.0,10524828.0,0.393228,0.049788,NOR,SWE,8431
2956615,164,208,1355,2017.0,8409.0,0.0,-0.076879,0.530485,NPL,SWE,8431
2956616,166,208,1355,2017.0,1002.0,21321.0,0.154926,0.10981500000000001,NZL,SWE,8431
2956617,168,208,1355,2017.0,88238.0,0.0,-0.737436,0.345773,PAK,SWE,8431
2956618,174,208,1355,2017.0,35399.0,0.0,0.717074,0.224219,PHL,SWE,8431
2956619,177,208,1355,2017.0,2289738.0,3786314.0,1.212941,0.917751,POL,SWE,8431
2956620,179,208,1355,2017.0,1926402.0,52583.0,0.692908,2.05977,PRT,SWE,8431
2956621,183,208,1355,2017.0,0.0,1953.0,-0.42615600000000003,-1.0956489999999999,QAT,SWE,8431
2956622,185,208,1355,2017.0,790557.0,6586.0,1.145161,1.095192,ROU,SWE,8431
2956623,186,208,1355,2017.0,4381.0,123163.0,0.07402,0.248236,RUS,SWE,8431
2956624,192,208,1355,2017.0,2404.0,7405.0,1.8943720000000002,0.449316,SGP,SWE,8431
2956625,198,208,1355,2017.0,0.0,90669.0,0.9488219999999999,0.6510199999999999,SMR,SWE,8431
2956626,201,208,1355,2017.0,8525.0,18318.0,0.59312,1.535527,SRB,SWE,8431
2956627,206,208,1355,2017.0,12282.0,203976.0,1.484316,0.811826,SVK,SWE,8431
2956628,207,208,1355,2017.0,0.0,4088.0,1.597178,0.753722,SVN,SWE,8431
2956629,216,208,1355,2017.0,113504.0,7751.0,1.15791,1.282718,THA,SWE,8431
2956630,223,208,1355,2017.0,3463.0,0.0,0.31342600000000004,1.071153,TUN,SWE,8431
2956631,224,208,1355,2017.0,1637379.0,48330.0,0.601079,2.126314,TUR,SWE,8431
2956632,228,208,1355,2017.0,2994.0,41788.0,0.34780900000000003,1.076817,UKR,SWE,8431
2956633,231,208,1355,2017.0,164910.0,431134.0,1.536355,0.23775100000000002,USA,SWE,8431
2956634,239,208,1355,2017.0,971498.0,2272.0,-0.006548999999999999,0.7030420000000001,VNM,SWE,8431
2956635,246,208,1355,2017.0,0.0,1237.0,-0.048668,1.283483,ZAF,SWE,8431
2956636,247,208,1355,2017.0,0.0,1986.0,-0.763066,-0.9292530000000001,ZMB,SWE,8431
2956637,249,208,1355,2017.0,50159.0,9840.0,2.003822,1.215216,TWN,SWE,8431
2956638,4,216,1355,2017.0,3366.0,0.0,-0.351054,-0.193147,ALB,THA,8431
2956639,7,216,1355,2017.0,0.0,303125.0,0.222875,-0.204271,ARE,THA,8431
2956640,8,216,1355,2017.0,0.0,7714.0,-0.268441,0.337024,ARG,THA,8431
2956641,9,216,1355,2017.0,27853.0,3840.0,-0.422667,-0.824041,ARM,THA,8431
2956642,14,216,1355,2017.0,22004.0,231316.0,-0.598537,-0.23571,AUS,THA,8431
2956643,15,216,1355,2017.0,0.0,137447.0,1.722766,-0.077938,AUT,THA,8431
2956644,16,216,1355,2017.0,0.0,5456.0,-1.665069,-1.37471,AZE,THA,8431
2956645,18,216,1355,2017.0,12367.0,10264.0,1.2396969999999998,1.1699760000000001,BEL,THA,8431
2956646,22,216,1355,2017.0,382791.0,6441.0,-1.007846,-1.112069,BGD,THA,8431
2956647,23,216,1355,2017.0,33419.0,0.0,0.563342,1.744989,BGR,THA,8431
2956648,24,216,1355,2017.0,0.0,19685.0,0.160574,-0.708064,BHR,THA,8431
2956649,26,216,1355,2017.0,60729.0,0.0,0.584825,0.9219,BIH,THA,8431
2956650,31,216,1355,2017.0,0.0,1173.0,-1.032957,-0.9679840000000001,BOL,THA,8431
2956651,32,216,1355,2017.0,0.0,114975.0,0.103119,0.808438,BRA,THA,8431
2956652,34,216,1355,2017.0,0.0,115252.0,0.13716,-0.783787,BRN,THA,8431
2956653,39,216,1355,2017.0,2817.0,113449.0,0.661032,1.331443,CAN,THA,8431
2956654,41,216,1355,2017.0,30500.0,224115.0,2.2443459999999997,0.836363,CHE,THA,8431
2956655,42,216,1355,2017.0,0.0,14977.0,-0.282983,-0.33351,CHL,THA,8431
2956656,43,216,1355,2017.0,43145744.0,2185021.0,1.2888030000000001,0.9250700000000001,CHN,THA,8431
2956657,44,216,1355,2017.0,0.0,2019.0,-0.991865,-0.9496889999999999,CIV,THA,8431
2956658,49,216,1355,2017.0,0.0,9580.0,-0.039238999999999996,-0.246914,COL,THA,8431
2956659,58,216,1355,2017.0,0.0,13296.0,0.35097399999999995,0.103466,CYP,THA,8431
2956660,59,216,1355,2017.0,3787.0,16150.0,1.8494680000000001,0.150088,CZE,THA,8431
2956661,61,216,1355,2017.0,42854.0,793990.0,2.164026,-2.458307,DEU,THA,8431
2956662,64,216,1355,2017.0,30831.0,485976.0,1.143276,1.242437,DNK,THA,8431
2956663,68,216,1355,2017.0,9135.0,0.0,-0.09792100000000001,1.9664270000000001,EGY,THA,8431
2956664,71,216,1355,2017.0,1624139.0,200948.0,0.7720279999999999,2.434042,ESP,THA,8431
2956665,72,216,1355,2017.0,0.0,15595.0,1.004481,1.311075,EST,THA,8431
2956666,73,216,1355,2017.0,0.0,3143.0,-0.874714,-0.58418,ETH,THA,8431
2956667,74,216,1355,2017.0,2261.0,7545.0,1.6562990000000002,0.94619,FIN,THA,8431
2956668,75,216,1355,2017.0,0.0,2432.0,-0.500896,-0.169256,FJI,THA,8431
2956669,77,216,1355,2017.0,270481.0,187336.0,1.3874030000000002,0.8887719999999999,FRA,THA,8431
2956670,81,216,1355,2017.0,426160.0,493011.0,1.499843,1.120201,GBR,THA,8431
2956671,82,216,1355,2017.0,23594.0,0.0,-0.252287,-0.172336,GEO,THA,8431
2956672,90,216,1355,2017.0,0.0,16678.0,0.10646300000000002,1.0936290000000002,GRC,THA,8431
2956673,97,216,1355,2017.0,163637.0,2697867.0,0.877065,1.1615520000000001,HKG,THA,8431
2956674,99,216,1355,2017.0,0.0,1314.0,-0.44761999999999996,-0.20167100000000002,HND,THA,8431
2956675,102,216,1355,2017.0,31568.0,8861.0,1.6949029999999998,0.723915,HUN,THA,8431
2956676,103,216,1355,2017.0,301492.0,15834.0,-0.072977,1.376847,IDN,THA,8431
2956677,104,216,1355,2017.0,65929.0,38447.0,0.262126,2.8212040000000003,IND,THA,8431
2956678,106,216,1355,2017.0,0.0,35453.0,1.444823,0.158356,IRL,THA,8431
2956679,108,216,1355,2017.0,0.0,5965.0,-1.135867,-0.9570700000000001,IRQ,THA,8431
2956680,109,216,1355,2017.0,0.0,3044.0,0.279223,-0.34883600000000003,ISL,THA,8431
2956681,110,216,1355,2017.0,1687.0,26237.0,1.158779,0.8909020000000001,ISR,THA,8431
2956682,111,216,1355,2017.0,376513.0,3589083.0,1.4374559999999998,0.21079699999999998,ITA,THA,8431
2956683,114,216,1355,2017.0,215002.0,1600228.0,2.4440779999999998,-0.46107700000000007,JPN,THA,8431
2956684,116,216,1355,2017.0,0.0,148359.0,-0.549171,0.39358899999999997,KEN,THA,8431
2956685,118,216,1355,2017.0,96235.0,21758.0,-0.654185,-0.655463,KHM,THA,8431
2956686,121,216,1355,2017.0,80407.0,505163.0,2.1277470000000003,0.8218719999999999,KOR,THA,8431
2956687,122,216,1355,2017.0,0.0,21222.0,-0.264903,-1.112018,KWT,THA,8431
2956688,123,216,1355,2017.0,0.0,19659.0,-0.733135,-0.482756,LAO,THA,8431
2956689,124,216,1355,2017.0,0.0,24441.0,0.437192,1.027289,LBN,THA,8431
2956690,128,216,1355,2017.0,22118.0,252115.0,-0.506691,0.43309200000000003,LKA,THA,8431
2956691,130,216,1355,2017.0,21015.0,2711.0,0.770556,1.555233,LTU,THA,8431
2956692,131,216,1355,2017.0,0.0,1252.0,1.1461629999999998,1.434994,LUX,THA,8431
2956693,133,216,1355,2017.0,0.0,8985.0,0.33025,-0.008723999999999999,MAC,THA,8431
2956694,134,216,1355,2017.0,1046166.0,3346.0,-0.593987,-0.093414,MAR,THA,8431
2956695,135,216,1355,2017.0,27272.0,0.0,-0.135731,-0.008816,MDA,THA,8431
2956696,136,216,1355,2017.0,0.0,18897.0,-1.098631,-0.8503069999999999,MDG,THA,8431
2956697,137,216,1355,2017.0,0.0,6137.0,-0.739309,-0.951202,MDV,THA,8431
2956698,138,216,1355,2017.0,1848.0,94108.0,1.348763,0.6145010000000001,MEX,THA,8431
2956699,142,216,1355,2017.0,0.0,13366.0,0.9943420000000001,0.181922,MLT,THA,8431
2956700,143,216,1355,2017.0,384807.0,36369.0,-0.9113129999999999,-0.21514,MMR,THA,8431
2956701,145,216,1355,2017.0,0.0,22825.0,-1.110506,-1.179734,MNG,THA,8431
2956702,151,216,1355,2017.0,0.0,16329.0,-0.166097,-0.050332,MUS,THA,8431
2956703,153,216,1355,2017.0,75297.0,97574.0,1.022117,0.6711739999999999,MYS,THA,8431
2956704,155,216,1355,2017.0,0.0,14832.0,-0.501017,-0.716238,NAM,THA,8431
2956705,156,216,1355,2017.0,0.0,3380.0,-0.346671,-0.871627,NCL,THA,8431
2956706,162,216,1355,2017.0,11872.0,1056913.0,1.090805,1.452409,NLD,THA,8431
2956707,163,216,1355,2017.0,0.0,356095.0,0.393228,0.049788,NOR,THA,8431
2956708,164,216,1355,2017.0,1207.0,126933.0,-0.076879,0.530485,NPL,THA,8431
2956709,166,216,1355,2017.0,0.0,62314.0,0.154926,0.10981500000000001,NZL,THA,8431
2956710,167,216,1355,2017.0,0.0,1309.0,-0.44851199999999997,-0.9820049999999999,OMN,THA,8431
2956711,168,216,1355,2017.0,88081.0,13133.0,-0.737436,0.345773,PAK,THA,8431
2956712,169,216,1355,2017.0,0.0,3368.0,0.638093,1.01027,PAN,THA,8431
2956713,173,216,1355,2017.0,0.0,19047.0,-0.8214469999999999,-0.333306,PER,THA,8431
2956714,174,216,1355,2017.0,10782.0,44865.0,0.717074,0.224219,PHL,THA,8431
2956715,177,216,1355,2017.0,64351.0,457134.0,1.212941,0.917751,POL,THA,8431
2956716,179,216,1355,2017.0,108074.0,3675.0,0.692908,2.05977,PRT,THA,8431
2956717,180,216,1355,2017.0,0.0,2509.0,-0.604205,-0.956699,PRY,THA,8431
2956718,181,216,1355,2017.0,0.0,1403.0,0.22982199999999997,0.768037,PSE,THA,8431
2956719,183,216,1355,2017.0,0.0,36124.0,-0.42615600000000003,-1.0956489999999999,QAT,THA,8431
2956720,185,216,1355,2017.0,159598.0,19346.0,1.145161,1.095192,ROU,THA,8431
2956721,186,216,1355,2017.0,0.0,203260.0,0.07402,0.248236,RUS,THA,8431
2956722,188,216,1355,2017.0,0.0,1062.0,0.508031,-0.42373500000000003,SAU,THA,8431
2956723,190,216,1355,2017.0,0.0,29648.0,-1.488393,-1.236046,SDN,THA,8431
2956724,192,216,1355,2017.0,197224.0,155351.0,1.8943720000000002,0.449316,SGP,THA,8431
2956725,201,216,1355,2017.0,4105.0,0.0,0.59312,1.535527,SRB,THA,8431
2956726,206,216,1355,2017.0,23119.0,3588.0,1.484316,0.811826,SVK,THA,8431
2956727,207,216,1355,2017.0,0.0,1615.0,1.597178,0.753722,SVN,THA,8431
2956728,208,216,1355,2017.0,7751.0,113504.0,1.695113,0.6885060000000001,SWE,THA,8431
2956729,211,216,1355,2017.0,0.0,13693.0,-0.116998,-0.7398779999999999,SYC,THA,8431
2956730,223,216,1355,2017.0,13292.0,0.0,0.31342600000000004,1.071153,TUN,THA,8431
2956731,224,216,1355,2017.0,34213.0,198820.0,0.601079,2.126314,TUR,THA,8431
2956732,226,216,1355,2017.0,0.0,89512.0,-0.968485,0.137755,TZA,THA,8431
2956733,228,216,1355,2017.0,7073.0,1812.0,0.34780900000000003,1.076817,UKR,THA,8431
2956734,230,216,1355,2017.0,0.0,2231.0,0.09085900000000001,-0.246694,URY,THA,8431
2956735,231,216,1355,2017.0,42674.0,8681136.0,1.536355,0.23775100000000002,USA,THA,8431
2956736,239,216,1355,2017.0,538724.0,67021.0,-0.006548999999999999,0.7030420000000001,VNM,THA,8431
2956737,246,216,1355,2017.0,0.0,66901.0,-0.048668,1.283483,ZAF,THA,8431
2956738,247,216,1355,2017.0,0.0,4079.0,-0.763066,-0.9292530000000001,ZMB,THA,8431
2956739,249,216,1355,2017.0,31544.0,116129.0,2.003822,1.215216,TWN,THA,8431
2956740,13,222,1355,2017.0,0.0,4899.0,0.314372,-0.432988,ATG,TTO,8431
2956741,15,222,1355,2017.0,0.0,1852.0,1.722766,-0.077938,AUT,TTO,8431
2956742,29,222,1355,2017.0,0.0,13842.0,-0.285105,-0.8471270000000001,BLZ,TTO,8431
2956743,33,222,1355,2017.0,0.0,153668.0,0.47282700000000005,0.088603,BRB,TTO,8431
2956744,43,222,1355,2017.0,192821.0,0.0,1.2888030000000001,0.9250700000000001,CHN,TTO,8431
2956745,64,222,1355,2017.0,1520.0,0.0,1.143276,1.242437,DNK,TTO,8431
2956746,91,222,1355,2017.0,0.0,118022.0,0.47027399999999997,-0.272036,GRD,TTO,8431
2956747,111,222,1355,2017.0,1721.0,0.0,1.4374559999999998,0.21079699999999998,ITA,TTO,8431
2956748,112,222,1355,2017.0,0.0,1268.0,-0.362252,-0.756476,JAM,TTO,8431
2956749,120,222,1355,2017.0,0.0,47119.0,1.1828530000000002,-0.12344300000000001,KNA,TTO,8431
2956750,127,222,1355,2017.0,0.0,15244.0,0.543844,0.006412,LCA,TTO,8431
2956751,169,222,1355,2017.0,136136.0,0.0,0.638093,1.01027,PAN,TTO,8431
2956752,231,222,1355,2017.0,23283.0,0.0,1.536355,0.23775100000000002,USA,TTO,8431
2956753,234,222,1355,2017.0,0.0,32859.0,0.070659,-0.485245,VCT,TTO,8431
2956754,1,224,1355,2017.0,0.0,832997.0,-1.341683,-0.9569620000000001,AFG,TUR,8431
2956755,2,224,1355,2017.0,0.0,29503.0,-1.580759,-1.2589270000000001,AGO,TUR,8431
2956756,4,224,1355,2017.0,23373.0,667038.0,-0.351054,-0.193147,ALB,TUR,8431
2956757,7,224,1355,2017.0,6801.0,2881753.0,0.222875,-0.204271,ARE,TUR,8431
2956758,8,224,1355,2017.0,0.0,19911.0,-0.268441,0.337024,ARG,TUR,8431
2956759,9,224,1355,2017.0,129088.0,0.0,-0.422667,-0.824041,ARM,TUR,8431
2956760,14,224,1355,2017.0,5072.0,295725.0,-0.598537,-0.23571,AUS,TUR,8431
2956761,15,224,1355,2017.0,233920.0,1268448.0,1.722766,-0.077938,AUT,TUR,8431
2956762,16,224,1355,2017.0,0.0,1015169.0,-1.665069,-1.37471,AZE,TUR,8431
2956763,17,224,1355,2017.0,0.0,1017.0,-0.947315,-1.1084049999999999,BDI,TUR,8431
2956764,18,224,1355,2017.0,38557.0,2408655.0,1.2396969999999998,1.1699760000000001,BEL,TUR,8431
2956765,19,224,1355,2017.0,0.0,4829.0,-0.567589,-0.694574,BEN,TUR,8431
2956766,21,224,1355,2017.0,0.0,13941.0,-1.0605440000000002,-1.038926,BFA,TUR,8431
2956767,22,224,1355,2017.0,13687228.0,0.0,-1.007846,-1.112069,BGD,TUR,8431
2956768,23,224,1355,2017.0,321598.0,1353776.0,0.563342,1.744989,BGR,TUR,8431
2956769,24,224,1355,2017.0,0.0,324879.0,0.160574,-0.708064,BHR,TUR,8431
2956770,26,224,1355,2017.0,364451.0,779691.0,0.584825,0.9219,BIH,TUR,8431
2956771,28,224,1355,2017.0,2598.0,513542.0,0.9188780000000001,0.9998819999999999,BLR,TUR,8431
2956772,32,224,1355,2017.0,0.0,95739.0,0.103119,0.808438,BRA,TUR,8431
2956773,39,224,1355,2017.0,19908.0,755869.0,0.661032,1.331443,CAN,TUR,8431
2956774,41,224,1355,2017.0,13655.0,339312.0,2.2443459999999997,0.836363,CHE,TUR,8431
2956775,42,224,1355,2017.0,0.0,44910.0,-0.282983,-0.33351,CHL,TUR,8431
2956776,43,224,1355,2017.0,24907464.0,942222.0,1.2888030000000001,0.9250700000000001,CHN,TUR,8431
2956777,44,224,1355,2017.0,0.0,3414.0,-0.991865,-0.9496889999999999,CIV,TUR,8431
2956778,45,224,1355,2017.0,0.0,1126.0,-1.039442,-1.026684,CMR,TUR,8431
2956779,46,224,1355,2017.0,0.0,9627.0,-1.158421,-1.14955,COD,TUR,8431
2956780,47,224,1355,2017.0,0.0,11297.0,-1.076295,-1.109112,COG,TUR,8431
2956781,49,224,1355,2017.0,0.0,24826.0,-0.039238999999999996,-0.246914,COL,TUR,8431
2956782,52,224,1355,2017.0,0.0,11136.0,0.288798,0.212928,CRI,TUR,8431
2956783,58,224,1355,2017.0,0.0,1210480.0,0.35097399999999995,0.103466,CYP,TUR,8431
2956784,59,224,1355,2017.0,19735.0,1739530.0,1.8494680000000001,0.150088,CZE,TUR,8431
2956785,61,224,1355,2017.0,585043.0,39578592.0,2.164026,-2.458307,DEU,TUR,8431
2956786,62,224,1355,2017.0,0.0,19085.0,-0.136228,-0.49436,DJI,TUR,8431
2956787,64,224,1355,2017.0,755730.0,6176748.0,1.143276,1.242437,DNK,TUR,8431
2956788,65,224,1355,2017.0,0.0,3130.0,-0.314875,0.125244,DOM,TUR,8431
2956789,66,224,1355,2017.0,0.0,1675532.0,-0.918984,-1.177867,DZA,TUR,8431
2956790,67,224,1355,2017.0,0.0,15552.0,-1.109413,-1.1561270000000001,ECU,TUR,8431
2956791,68,224,1355,2017.0,65230.0,3279257.0,-0.09792100000000001,1.9664270000000001,EGY,TUR,8431
2956792,69,224,1355,2017.0,0.0,1418.0,-1.534451,-1.098062,ERI,TUR,8431
2956793,71,224,1355,2017.0,24005848.0,21266800.0,0.7720279999999999,2.434042,ESP,TUR,8431
2956794,72,224,1355,2017.0,0.0,34005.0,1.004481,1.311075,EST,TUR,8431
2956795,73,224,1355,2017.0,0.0,1433488.0,-0.874714,-0.58418,ETH,TUR,8431
2956796,74,224,1355,2017.0,0.0,329131.0,1.6562990000000002,0.94619,FIN,TUR,8431
2956797,77,224,1355,2017.0,1447653.0,12173809.0,1.3874030000000002,0.8887719999999999,FRA,TUR,8431
2956798,80,224,1355,2017.0,0.0,1147.0,-1.352989,-1.230953,GAB,TUR,8431
2956799,81,224,1355,2017.0,1376415.0,31679636.0,1.499843,1.120201,GBR,TUR,8431
2956800,82,224,1355,2017.0,143508.0,1578569.0,-0.252287,-0.172336,GEO,TUR,8431
2956801,85,224,1355,2017.0,0.0,217447.0,-1.694853,-1.30845,GIN,TUR,8431
2956802,87,224,1355,2017.0,0.0,5462.0,-1.084847,-0.9798549999999999,GMB,TUR,8431
2956803,90,224,1355,2017.0,7561182.0,612438.0,0.10646300000000002,1.0936290000000002,GRC,TUR,8431
2956804,93,224,1355,2017.0,1037.0,0.0,-0.40755399999999997,0.63358,GTM,TUR,8431
2956805,97,224,1355,2017.0,109322.0,660388.0,0.877065,1.1615520000000001,HKG,TUR,8431
2956806,99,224,1355,2017.0,0.0,3749.0,-0.44761999999999996,-0.20167100000000002,HND,TUR,8431
2956807,100,224,1355,2017.0,43164.0,245366.0,0.8933700000000001,1.4400469999999999,HRV,TUR,8431
2956808,101,224,1355,2017.0,0.0,6094.0,-0.793367,-0.8960459999999999,HTI,TUR,8431
2956809,102,224,1355,2017.0,220248.0,379050.0,1.6949029999999998,0.723915,HUN,TUR,8431
2956810,103,224,1355,2017.0,214300.0,15952.0,-0.072977,1.376847,IDN,TUR,8431
2956811,104,224,1355,2017.0,188201.0,30680.0,0.262126,2.8212040000000003,IND,TUR,8431
2956812,106,224,1355,2017.0,9550.0,1237497.0,1.444823,0.158356,IRL,TUR,8431
2956813,107,224,1355,2017.0,7378.0,2887047.0,-0.305601,-0.42131899999999994,IRN,TUR,8431
2956814,108,224,1355,2017.0,0.0,20990562.0,-1.135867,-0.9570700000000001,IRQ,TUR,8431
2956815,109,224,1355,2017.0,0.0,153506.0,0.279223,-0.34883600000000003,ISL,TUR,8431
2956816,110,224,1355,2017.0,1456.0,16962788.0,1.158779,0.8909020000000001,ISR,TUR,8431
2956817,111,224,1355,2017.0,8873848.0,7708272.0,1.4374559999999998,0.21079699999999998,ITA,TUR,8431
2956818,113,224,1355,2017.0,0.0,4413630.0,0.079237,0.182893,JOR,TUR,8431
2956819,114,224,1355,2017.0,28065.0,311011.0,2.4440779999999998,-0.46107700000000007,JPN,TUR,8431
2956820,115,224,1355,2017.0,0.0,2047472.0,-0.47984399999999994,-0.40618699999999996,KAZ,TUR,8431
2956821,116,224,1355,2017.0,0.0,55919.0,-0.549171,0.39358899999999997,KEN,TUR,8431
2956822,117,224,1355,2017.0,0.0,1312650.0,0.056509000000000004,0.363176,KGZ,TUR,8431
2956823,118,224,1355,2017.0,688148.0,0.0,-0.654185,-0.655463,KHM,TUR,8431
2956824,121,224,1355,2017.0,21426.0,244109.0,2.1277470000000003,0.8218719999999999,KOR,TUR,8431
2956825,122,224,1355,2017.0,0.0,2774396.0,-0.264903,-1.112018,KWT,TUR,8431
2956826,124,224,1355,2017.0,27425.0,2072978.0,0.437192,1.027289,LBN,TUR,8431
2956827,125,224,1355,2017.0,0.0,1104.0,-0.576946,-1.002322,LBR,TUR,8431
2956828,126,224,1355,2017.0,0.0,1301782.0,-1.067632,-1.21154,LBY,TUR,8431
2956829,128,224,1355,2017.0,52545.0,6797.0,-0.506691,0.43309200000000003,LKA,TUR,8431
2956830,130,224,1355,2017.0,41804.0,408929.0,0.770556,1.555233,LTU,TUR,8431
2956831,131,224,1355,2017.0,0.0,99181.0,1.1461629999999998,1.434994,LUX,TUR,8431
2956832,132,224,1355,2017.0,3036.0,112067.0,0.644285,1.4304290000000002,LVA,TUR,8431
2956833,134,224,1355,2017.0,4347488.0,2225978.0,-0.593987,-0.093414,MAR,TUR,8431
2956834,135,224,1355,2017.0,66746.0,249149.0,-0.135731,-0.008816,MDA,TUR,8431
2956835,136,224,1355,2017.0,0.0,8553.0,-1.098631,-0.8503069999999999,MDG,TUR,8431
2956836,138,224,1355,2017.0,0.0,92663.0,1.348763,0.6145010000000001,MEX,TUR,8431
2956837,140,224,1355,2017.0,50454.0,1123802.0,-0.12182799999999999,-0.333793,MKD,TUR,8431
2956838,141,224,1355,2017.0,0.0,18655.0,-0.49141,-0.595619,MLI,TUR,8431
2956839,142,224,1355,2017.0,0.0,36092.0,0.9943420000000001,0.181922,MLT,TUR,8431
2956840,143,224,1355,2017.0,1471993.0,5595.0,-0.9113129999999999,-0.21514,MMR,TUR,8431
2956841,144,224,1355,2017.0,0.0,57499.0,0.132462,-0.071601,MNE,TUR,8431
2956842,145,224,1355,2017.0,0.0,46705.0,-1.110506,-1.179734,MNG,TUR,8431
2956843,147,224,1355,2017.0,0.0,4061.0,-1.3967319999999999,-1.1603290000000002,MOZ,TUR,8431
2956844,148,224,1355,2017.0,0.0,31419.0,-1.516459,-1.362156,MRT,TUR,8431
2956845,151,224,1355,2017.0,1805.0,7245.0,-0.166097,-0.050332,MUS,TUR,8431
2956846,152,224,1355,2017.0,0.0,1400.0,-0.838501,-0.938642,MWI,TUR,8431
2956847,153,224,1355,2017.0,3189474.0,29218.0,1.022117,0.6711739999999999,MYS,TUR,8431
2956848,155,224,1355,2017.0,0.0,1114.0,-0.501017,-0.716238,NAM,TUR,8431
2956849,159,224,1355,2017.0,0.0,58488.0,-1.784814,-1.310281,NGA,TUR,8431
2956850,160,224,1355,2017.0,0.0,3843.0,-0.974065,-0.791551,NIC,TUR,8431
2956851,162,224,1355,2017.0,4266312.0,15675236.0,1.090805,1.452409,NLD,TUR,8431
2956852,163,224,1355,2017.0,0.0,350127.0,0.393228,0.049788,NOR,TUR,8431
2956853,164,224,1355,2017.0,1832.0,0.0,-0.076879,0.530485,NPL,TUR,8431
2956854,166,224,1355,2017.0,0.0,48872.0,0.154926,0.10981500000000001,NZL,TUR,8431
2956855,167,224,1355,2017.0,0.0,54169.0,-0.44851199999999997,-0.9820049999999999,OMN,TUR,8431
2956856,168,224,1355,2017.0,25696.0,35714.0,-0.737436,0.345773,PAK,TUR,8431
2956857,169,224,1355,2017.0,0.0,15733.0,0.638093,1.01027,PAN,TUR,8431
2956858,173,224,1355,2017.0,0.0,27650.0,-0.8214469999999999,-0.333306,PER,TUR,8431
2956859,174,224,1355,2017.0,60714.0,4436.0,0.717074,0.224219,PHL,TUR,8431
2956860,177,224,1355,2017.0,539448.0,1816437.0,1.212941,0.917751,POL,TUR,8431
2956861,179,224,1355,2017.0,618447.0,31604.0,0.692908,2.05977,PRT,TUR,8431
2956862,180,224,1355,2017.0,0.0,18224.0,-0.604205,-0.956699,PRY,TUR,8431
2956863,181,224,1355,2017.0,0.0,671718.0,0.22982199999999997,0.768037,PSE,TUR,8431
2956864,183,224,1355,2017.0,0.0,1627250.0,-0.42615600000000003,-1.0956489999999999,QAT,TUR,8431
2956865,185,224,1355,2017.0,1467152.0,2307105.0,1.145161,1.095192,ROU,TUR,8431
2956866,186,224,1355,2017.0,22697.0,4305573.0,0.07402,0.248236,RUS,TUR,8431
2956867,187,224,1355,2017.0,0.0,10212.0,-0.731128,-0.64418,RWA,TUR,8431
2956868,188,224,1355,2017.0,27491.0,2956954.0,0.508031,-0.42373500000000003,SAU,TUR,8431
2956869,190,224,1355,2017.0,0.0,212659.0,-1.488393,-1.236046,SDN,TUR,8431
2956870,191,224,1355,2017.0,0.0,4501.0,-0.604504,-0.228411,SEN,TUR,8431
2956871,192,224,1355,2017.0,1536.0,82157.0,1.8943720000000002,0.449316,SGP,TUR,8431
2956872,197,224,1355,2017.0,0.0,2122.0,0.11754,0.363982,SLV,TUR,8431
2956873,201,224,1355,2017.0,45597.0,1542934.0,0.59312,1.535527,SRB,TUR,8431
2956874,206,224,1355,2017.0,453362.0,189658.0,1.484316,0.811826,SVK,TUR,8431
2956875,207,224,1355,2017.0,73693.0,83280.0,1.597178,0.753722,SVN,TUR,8431
2956876,208,224,1355,2017.0,48330.0,1637379.0,1.695113,0.6885060000000001,SWE,TUR,8431
2956877,212,224,1355,2017.0,0.0,117773.0,-0.65347,0.085392,SYR,TUR,8431
2956878,214,224,1355,2017.0,0.0,1774.0,-2.665337,-1.096819,TCD,TUR,8431
2956879,216,224,1355,2017.0,198820.0,34213.0,1.15791,1.282718,THA,TUR,8431
2956880,217,224,1355,2017.0,0.0,176157.0,-0.8504879999999999,-1.074594,TJK,TUR,8431
2956881,219,224,1355,2017.0,0.0,278866.0,-1.358487,-1.29703,TKM,TUR,8431
2956882,223,224,1355,2017.0,168608.0,482490.0,0.31342600000000004,1.071153,TUN,TUR,8431
2956883,226,224,1355,2017.0,0.0,9035.0,-0.968485,0.137755,TZA,TUR,8431
2956884,228,224,1355,2017.0,75013.0,2017949.0,0.34780900000000003,1.076817,UKR,TUR,8431
2956885,230,224,1355,2017.0,0.0,17469.0,0.09085900000000001,-0.246694,URY,TUR,8431
2956886,231,224,1355,2017.0,76656.0,8314336.0,1.536355,0.23775100000000002,USA,TUR,8431
2956887,232,224,1355,2017.0,0.0,64715.0,-0.386302,-0.35475999999999996,UZB,TUR,8431
2956888,239,224,1355,2017.0,3149752.0,112467.0,-0.006548999999999999,0.7030420000000001,VNM,TUR,8431
2956889,243,224,1355,2017.0,0.0,9859.0,-1.1364370000000001,-1.167681,YEM,TUR,8431
2956890,246,224,1355,2017.0,0.0,153805.0,-0.048668,1.283483,ZAF,TUR,8431
2956891,247,224,1355,2017.0,0.0,5224.0,-0.763066,-0.9292530000000001,ZMB,TUR,8431
2956892,248,224,1355,2017.0,0.0,7207.0,-1.101034,-1.107705,ZWE,TUR,8431
2956893,249,224,1355,2017.0,0.0,81986.0,2.003822,1.215216,TWN,TUR,8431
2956894,250,224,1355,2017.0,0.0,328965.0,0.472054,-0.363374,ANS,TUR,8431
2956895,7,228,1355,2017.0,0.0,211424.0,0.222875,-0.204271,ARE,UKR,8431
2956896,8,228,1355,2017.0,0.0,3948.0,-0.268441,0.337024,ARG,UKR,8431
2956897,9,228,1355,2017.0,0.0,12106.0,-0.422667,-0.824041,ARM,UKR,8431
2956898,14,228,1355,2017.0,0.0,81501.0,-0.598537,-0.23571,AUS,UKR,8431
2956899,15,228,1355,2017.0,293868.0,1561130.0,1.722766,-0.077938,AUT,UKR,8431
2956900,16,228,1355,2017.0,0.0,8967.0,-1.665069,-1.37471,AZE,UKR,8431
2956901,18,228,1355,2017.0,6882.0,4848294.0,1.2396969999999998,1.1699760000000001,BEL,UKR,8431
2956902,22,228,1355,2017.0,712996.0,0.0,-1.007846,-1.112069,BGD,UKR,8431
2956903,23,228,1355,2017.0,24528.0,1810.0,0.563342,1.744989,BGR,UKR,8431
2956904,24,228,1355,2017.0,0.0,8432.0,0.160574,-0.708064,BHR,UKR,8431
2956905,26,228,1355,2017.0,0.0,32148.0,0.584825,0.9219,BIH,UKR,8431
2956906,28,228,1355,2017.0,22730.0,43181.0,0.9188780000000001,0.9998819999999999,BLR,UKR,8431
2956907,32,228,1355,2017.0,0.0,1145.0,0.103119,0.808438,BRA,UKR,8431
2956908,39,228,1355,2017.0,30975.0,79231.0,0.661032,1.331443,CAN,UKR,8431
2956909,41,228,1355,2017.0,9266.0,1059143.0,2.2443459999999997,0.836363,CHE,UKR,8431
2956910,43,228,1355,2017.0,3022958.0,436038.0,1.2888030000000001,0.9250700000000001,CHN,UKR,8431
2956911,59,228,1355,2017.0,14252.0,364095.0,1.8494680000000001,0.150088,CZE,UKR,8431
2956912,61,228,1355,2017.0,2744244.0,19500786.0,2.164026,-2.458307,DEU,UKR,8431
2956913,64,228,1355,2017.0,30533.0,169206.0,1.143276,1.242437,DNK,UKR,8431
2956914,68,228,1355,2017.0,1721.0,0.0,-0.09792100000000001,1.9664270000000001,EGY,UKR,8431
2956915,71,228,1355,2017.0,1421220.0,189752.0,0.7720279999999999,2.434042,ESP,UKR,8431
2956916,72,228,1355,2017.0,422034.0,20438.0,1.004481,1.311075,EST,UKR,8431
2956917,74,228,1355,2017.0,4646.0,490319.0,1.6562990000000002,0.94619,FIN,UKR,8431
2956918,77,228,1355,2017.0,612333.0,13329972.0,1.3874030000000002,0.8887719999999999,FRA,UKR,8431
2956919,81,228,1355,2017.0,217240.0,954173.0,1.499843,1.120201,GBR,UKR,8431
2956920,82,228,1355,2017.0,0.0,1049.0,-0.252287,-0.172336,GEO,UKR,8431
2956921,90,228,1355,2017.0,26469.0,0.0,0.10646300000000002,1.0936290000000002,GRC,UKR,8431
2956922,97,228,1355,2017.0,80740.0,6253.0,0.877065,1.1615520000000001,HKG,UKR,8431
2956923,100,228,1355,2017.0,13482.0,0.0,0.8933700000000001,1.4400469999999999,HRV,UKR,8431
2956924,102,228,1355,2017.0,16037.0,1444217.0,1.6949029999999998,0.723915,HUN,UKR,8431
2956925,103,228,1355,2017.0,233097.0,3138.0,-0.072977,1.376847,IDN,UKR,8431
2956926,104,228,1355,2017.0,32640.0,0.0,0.262126,2.8212040000000003,IND,UKR,8431
2956927,106,228,1355,2017.0,0.0,336208.0,1.444823,0.158356,IRL,UKR,8431
2956928,109,228,1355,2017.0,0.0,12512.0,0.279223,-0.34883600000000003,ISL,UKR,8431
2956929,111,228,1355,2017.0,5327930.0,760512.0,1.4374559999999998,0.21079699999999998,ITA,UKR,8431
2956930,114,228,1355,2017.0,0.0,398094.0,2.4440779999999998,-0.46107700000000007,JPN,UKR,8431
2956931,115,228,1355,2017.0,0.0,28327.0,-0.47984399999999994,-0.40618699999999996,KAZ,UKR,8431
2956932,118,228,1355,2017.0,98464.0,0.0,-0.654185,-0.655463,KHM,UKR,8431
2956933,121,228,1355,2017.0,3699.0,565514.0,2.1277470000000003,0.8218719999999999,KOR,UKR,8431
2956934,122,228,1355,2017.0,0.0,61327.0,-0.264903,-1.112018,KWT,UKR,8431
2956935,124,228,1355,2017.0,0.0,287227.0,0.437192,1.027289,LBN,UKR,8431
2956936,130,228,1355,2017.0,22529.0,63711.0,0.770556,1.555233,LTU,UKR,8431
2956937,131,228,1355,2017.0,0.0,35531.0,1.1461629999999998,1.434994,LUX,UKR,8431
2956938,132,228,1355,2017.0,0.0,190419.0,0.644285,1.4304290000000002,LVA,UKR,8431
2956939,134,228,1355,2017.0,358172.0,30868.0,-0.593987,-0.093414,MAR,UKR,8431
2956940,135,228,1355,2017.0,0.0,58345.0,-0.135731,-0.008816,MDA,UKR,8431
2956941,136,228,1355,2017.0,22708.0,0.0,-1.098631,-0.8503069999999999,MDG,UKR,8431
2956942,140,228,1355,2017.0,1627.0,12145.0,-0.12182799999999999,-0.333793,MKD,UKR,8431
2956943,143,228,1355,2017.0,186472.0,3022.0,-0.9113129999999999,-0.21514,MMR,UKR,8431
2956944,144,228,1355,2017.0,0.0,1322.0,0.132462,-0.071601,MNE,UKR,8431
2956945,145,228,1355,2017.0,0.0,12932.0,-1.110506,-1.179734,MNG,UKR,8431
2956946,162,228,1355,2017.0,40460.0,2403777.0,1.090805,1.452409,NLD,UKR,8431
2956947,163,228,1355,2017.0,0.0,114937.0,0.393228,0.049788,NOR,UKR,8431
2956948,166,228,1355,2017.0,0.0,13147.0,0.154926,0.10981500000000001,NZL,UKR,8431
2956949,168,228,1355,2017.0,4682.0,0.0,-0.737436,0.345773,PAK,UKR,8431
2956950,177,228,1355,2017.0,1971776.0,2882658.0,1.212941,0.917751,POL,UKR,8431
2956951,179,228,1355,2017.0,135267.0,0.0,0.692908,2.05977,PRT,UKR,8431
2956952,183,228,1355,2017.0,0.0,36654.0,-0.42615600000000003,-1.0956489999999999,QAT,UKR,8431
2956953,185,228,1355,2017.0,211522.0,240010.0,1.145161,1.095192,ROU,UKR,8431
2956954,186,228,1355,2017.0,410467.0,313883.0,0.07402,0.248236,RUS,UKR,8431
2956955,188,228,1355,2017.0,0.0,2930.0,0.508031,-0.42373500000000003,SAU,UKR,8431
2956956,192,228,1355,2017.0,0.0,3946.0,1.8943720000000002,0.449316,SGP,UKR,8431
2956957,201,228,1355,2017.0,0.0,26628.0,0.59312,1.535527,SRB,UKR,8431
2956958,206,228,1355,2017.0,37834.0,253680.0,1.484316,0.811826,SVK,UKR,8431
2956959,207,228,1355,2017.0,0.0,171152.0,1.597178,0.753722,SVN,UKR,8431
2956960,208,228,1355,2017.0,41788.0,2994.0,1.695113,0.6885060000000001,SWE,UKR,8431
2956961,216,228,1355,2017.0,1812.0,7073.0,1.15791,1.282718,THA,UKR,8431
2956962,223,228,1355,2017.0,4048.0,6907.0,0.31342600000000004,1.071153,TUN,UKR,8431
2956963,224,228,1355,2017.0,2017949.0,75013.0,0.601079,2.126314,TUR,UKR,8431
2956964,231,228,1355,2017.0,2526.0,1039879.0,1.536355,0.23775100000000002,USA,UKR,8431
2956965,239,228,1355,2017.0,567623.0,0.0,-0.006548999999999999,0.7030420000000001,VNM,UKR,8431
2956966,246,228,1355,2017.0,0.0,12990.0,-0.048668,1.283483,ZAF,UKR,8431
2956967,249,228,1355,2017.0,0.0,24234.0,2.003822,1.215216,TWN,UKR,8431
2956968,250,228,1355,2017.0,0.0,63631.0,0.472054,-0.363374,ANS,UKR,8431
2956969,8,230,1355,2017.0,226345.0,1259177.0,-0.268441,0.337024,ARG,URY,8431
2956970,18,230,1355,2017.0,0.0,5422.0,1.2396969999999998,1.1699760000000001,BEL,URY,8431
2956971,22,230,1355,2017.0,51212.0,0.0,-1.007846,-1.112069,BGD,URY,8431
2956972,23,230,1355,2017.0,1845.0,0.0,0.563342,1.744989,BGR,URY,8431
2956973,32,230,1355,2017.0,77715.0,369150.0,0.103119,0.808438,BRA,URY,8431
2956974,39,230,1355,2017.0,23131.0,0.0,0.661032,1.331443,CAN,URY,8431
2956975,42,230,1355,2017.0,27449.0,71565.0,-0.282983,-0.33351,CHL,URY,8431
2956976,43,230,1355,2017.0,10622787.0,0.0,1.2888030000000001,0.9250700000000001,CHN,URY,8431
2956977,49,230,1355,2017.0,3699.0,0.0,-0.039238999999999996,-0.246914,COL,URY,8431
2956978,52,230,1355,2017.0,0.0,4947.0,0.288798,0.212928,CRI,URY,8431
2956979,61,230,1355,2017.0,1172.0,0.0,2.164026,-2.458307,DEU,URY,8431
2956980,64,230,1355,2017.0,21485.0,0.0,1.143276,1.242437,DNK,URY,8431
2956981,71,230,1355,2017.0,435632.0,0.0,0.7720279999999999,2.434042,ESP,URY,8431
2956982,74,230,1355,2017.0,6591.0,0.0,1.6562990000000002,0.94619,FIN,URY,8431
2956983,77,230,1355,2017.0,81557.0,0.0,1.3874030000000002,0.8887719999999999,FRA,URY,8431
2956984,81,230,1355,2017.0,5144.0,3914.0,1.499843,1.120201,GBR,URY,8431
2956985,97,230,1355,2017.0,72148.0,0.0,0.877065,1.1615520000000001,HKG,URY,8431
2956986,103,230,1355,2017.0,6671.0,0.0,-0.072977,1.376847,IDN,URY,8431
2956987,104,230,1355,2017.0,856933.0,0.0,0.262126,2.8212040000000003,IND,URY,8431
2956988,110,230,1355,2017.0,6432.0,0.0,1.158779,0.8909020000000001,ISR,URY,8431
2956989,111,230,1355,2017.0,177144.0,0.0,1.4374559999999998,0.21079699999999998,ITA,URY,8431
2956990,118,230,1355,2017.0,5019.0,0.0,-0.654185,-0.655463,KHM,URY,8431
2956991,121,230,1355,2017.0,37212.0,0.0,2.1277470000000003,0.8218719999999999,KOR,URY,8431
2956992,128,230,1355,2017.0,5642.0,0.0,-0.506691,0.43309200000000003,LKA,URY,8431
2956993,134,230,1355,2017.0,224266.0,0.0,-0.593987,-0.093414,MAR,URY,8431
2956994,138,230,1355,2017.0,5781.0,0.0,1.348763,0.6145010000000001,MEX,URY,8431
2956995,143,230,1355,2017.0,14507.0,0.0,-0.9113129999999999,-0.21514,MMR,URY,8431
2956996,153,230,1355,2017.0,3553.0,0.0,1.022117,0.6711739999999999,MYS,URY,8431
2956997,166,230,1355,2017.0,1269.0,0.0,0.154926,0.10981500000000001,NZL,URY,8431
2956998,168,230,1355,2017.0,7830.0,0.0,-0.737436,0.345773,PAK,URY,8431
2956999,169,230,1355,2017.0,245934.0,0.0,0.638093,1.01027,PAN,URY,8431
2957000,178,230,1355,2017.0,15966.0,0.0,-0.317963,0.00428,PRK,URY,8431
2957001,179,230,1355,2017.0,7874.0,0.0,0.692908,2.05977,PRT,URY,8431
2957002,180,230,1355,2017.0,1059.0,1214.0,-0.604205,-0.956699,PRY,URY,8431
2957003,216,230,1355,2017.0,2231.0,0.0,1.15791,1.282718,THA,URY,8431
2957004,224,230,1355,2017.0,17469.0,0.0,0.601079,2.126314,TUR,URY,8431
2957005,231,230,1355,2017.0,209184.0,64809.0,1.536355,0.23775100000000002,USA,URY,8431
2957006,239,230,1355,2017.0,109002.0,0.0,-0.006548999999999999,0.7030420000000001,VNM,URY,8431
2957007,0,231,1355,2017.0,0.0,154687.0,0.8469200000000001,0.12138299999999999,ABW,USA,8431
2957008,1,231,1355,2017.0,0.0,3783.0,-1.341683,-0.9569620000000001,AFG,USA,8431
2957009,2,231,1355,2017.0,0.0,3230.0,-1.580759,-1.2589270000000001,AGO,USA,8431
2957010,4,231,1355,2017.0,16384.0,0.0,-0.351054,-0.193147,ALB,USA,8431
2957011,5,231,1355,2017.0,0.0,4072.0,1.101312,0.593242,AND,USA,8431
2957012,7,231,1355,2017.0,111342.0,268079.0,0.222875,-0.204271,ARE,USA,8431
2957013,8,231,1355,2017.0,11700.0,7379.0,-0.268441,0.337024,ARG,USA,8431
2957014,9,231,1355,2017.0,113458.0,0.0,-0.422667,-0.824041,ARM,USA,8431
2957015,13,231,1355,2017.0,0.0,47909.0,0.314372,-0.432988,ATG,USA,8431
2957016,14,231,1355,2017.0,328497.0,365526.0,-0.598537,-0.23571,AUS,USA,8431
2957017,15,231,1355,2017.0,1733490.0,109365.0,1.722766,-0.077938,AUT,USA,8431
2957018,16,231,1355,2017.0,0.0,31699.0,-1.665069,-1.37471,AZE,USA,8431
2957019,18,231,1355,2017.0,2046675.0,177349.0,1.2396969999999998,1.1699760000000001,BEL,USA,8431
2957020,22,231,1355,2017.0,22009596.0,0.0,-1.007846,-1.112069,BGD,USA,8431
2957021,23,231,1355,2017.0,3643520.0,2109.0,0.563342,1.744989,BGR,USA,8431
2957022,24,231,1355,2017.0,0.0,112748.0,0.160574,-0.708064,BHR,USA,8431
2957023,25,231,1355,2017.0,0.0,829126.0,0.677207,-0.45096899999999995,BHS,USA,8431
2957024,26,231,1355,2017.0,5834730.0,0.0,0.584825,0.9219,BIH,USA,8431
2957025,28,231,1355,2017.0,78848.0,0.0,0.9188780000000001,0.9998819999999999,BLR,USA,8431
2957026,29,231,1355,2017.0,0.0,32544.0,-0.285105,-0.8471270000000001,BLZ,USA,8431
2957027,30,231,1355,2017.0,0.0,224544.0,1.16947,-0.302517,BMU,USA,8431
2957028,31,231,1355,2017.0,0.0,10289.0,-1.032957,-0.9679840000000001,BOL,USA,8431
2957029,32,231,1355,2017.0,48807.0,51177.0,0.103119,0.808438,BRA,USA,8431
2957030,33,231,1355,2017.0,30675.0,115619.0,0.47282700000000005,0.088603,BRB,USA,8431
2957031,34,231,1355,2017.0,110607.0,1899.0,0.13716,-0.783787,BRN,USA,8431
2957032,35,231,1355,2017.0,2104.0,0.0,0.104933,-0.7270270000000001,BTN,USA,8431
2957033,39,231,1355,2017.0,17302990.0,31136098.0,0.661032,1.331443,CAN,USA,8431
2957034,41,231,1355,2017.0,2346984.0,433057.0,2.2443459999999997,0.836363,CHE,USA,8431
2957035,42,231,1355,2017.0,126612.0,218925.0,-0.282983,-0.33351,CHL,USA,8431
2957036,43,231,1355,2017.0,504966048.0,1115572.0,1.2888030000000001,0.9250700000000001,CHN,USA,8431
2957037,49,231,1355,2017.0,340025.0,162952.0,-0.039238999999999996,-0.246914,COL,USA,8431
2957038,52,231,1355,2017.0,1340349.0,329293.0,0.288798,0.212928,CRI,USA,8431
2957039,57,231,1355,2017.0,0.0,4750.0,1.405408,-0.775816,CYM,USA,8431
2957040,58,231,1355,2017.0,42775.0,5334.0,0.35097399999999995,0.103466,CYP,USA,8431
2957041,59,231,1355,2017.0,226130.0,18329.0,1.8494680000000001,0.150088,CZE,USA,8431
2957042,61,231,1355,2017.0,11258726.0,540706.0,2.164026,-2.458307,DEU,USA,8431
2957043,64,231,1355,2017.0,264946.0,46074.0,1.143276,1.242437,DNK,USA,8431
2957044,65,231,1355,2017.0,16942914.0,96356.0,-0.314875,0.125244,DOM,USA,8431
2957045,67,231,1355,2017.0,158272.0,112461.0,-1.109413,-1.1561270000000001,ECU,USA,8431
2957046,68,231,1355,2017.0,223979.0,53064.0,-0.09792100000000001,1.9664270000000001,EGY,USA,8431
2957047,71,231,1355,2017.0,22088094.0,68688.0,0.7720279999999999,2.434042,ESP,USA,8431
2957048,72,231,1355,2017.0,112490.0,13045.0,1.004481,1.311075,EST,USA,8431
2957049,73,231,1355,2017.0,18087.0,2068.0,-0.874714,-0.58418,ETH,USA,8431
2957050,74,231,1355,2017.0,94551.0,30833.0,1.6562990000000002,0.94619,FIN,USA,8431
2957051,75,231,1355,2017.0,11557.0,10199.0,-0.500896,-0.169256,FJI,USA,8431
2957052,77,231,1355,2017.0,28342594.0,1084480.0,1.3874030000000002,0.8887719999999999,FRA,USA,8431
2957053,80,231,1355,2017.0,1955.0,0.0,-1.352989,-1.230953,GAB,USA,8431
2957054,81,231,1355,2017.0,20207054.0,3138477.0,1.499843,1.120201,GBR,USA,8431
2957055,82,231,1355,2017.0,9620.0,43516.0,-0.252287,-0.172336,GEO,USA,8431
2957056,83,231,1355,2017.0,3357.0,0.0,-0.910444,-0.906315,GHA,USA,8431
2957057,89,231,1355,2017.0,0.0,10379.0,-1.827655,-0.960685,GNQ,USA,8431
2957058,90,231,1355,2017.0,98318.0,7668.0,0.10646300000000002,1.0936290000000002,GRC,USA,8431
2957059,91,231,1355,2017.0,0.0,14330.0,0.47027399999999997,-0.272036,GRD,USA,8431
2957060,93,231,1355,2017.0,15795630.0,421462.0,-0.40755399999999997,0.63358,GTM,USA,8431
2957061,96,231,1355,2017.0,0.0,1047.0,-0.647247,-0.770389,GUY,USA,8431
2957062,97,231,1355,2017.0,2785182.0,4121702.0,0.877065,1.1615520000000001,HKG,USA,8431
2957063,99,231,1355,2017.0,29915.0,53283.0,-0.44761999999999996,-0.20167100000000002,HND,USA,8431
2957064,100,231,1355,2017.0,2168210.0,0.0,0.8933700000000001,1.4400469999999999,HRV,USA,8431
2957065,101,231,1355,2017.0,9344.0,0.0,-0.793367,-0.8960459999999999,HTI,USA,8431
2957066,102,231,1355,2017.0,2078999.0,44570.0,1.6949029999999998,0.723915,HUN,USA,8431
2957067,103,231,1355,2017.0,28709716.0,2429.0,-0.072977,1.376847,IDN,USA,8431
2957068,104,231,1355,2017.0,30646266.0,8503.0,0.262126,2.8212040000000003,IND,USA,8431
2957069,106,231,1355,2017.0,152916.0,184304.0,1.444823,0.158356,IRL,USA,8431
2957070,109,231,1355,2017.0,17519.0,95239.0,0.279223,-0.34883600000000003,ISL,USA,8431
2957071,110,231,1355,2017.0,387887.0,358250.0,1.158779,0.8909020000000001,ISR,USA,8431
2957072,111,231,1355,2017.0,89138504.0,2515212.0,1.4374559999999998,0.21079699999999998,ITA,USA,8431
2957073,112,231,1355,2017.0,0.0,115726.0,-0.362252,-0.756476,JAM,USA,8431
2957074,113,231,1355,2017.0,1798481.0,4234.0,0.079237,0.182893,JOR,USA,8431
2957075,114,231,1355,2017.0,3822076.0,1397956.0,2.4440779999999998,-0.46107700000000007,JPN,USA,8431
2957076,115,231,1355,2017.0,0.0,72329.0,-0.47984399999999994,-0.40618699999999996,KAZ,USA,8431
2957077,116,231,1355,2017.0,24499.0,2188.0,-0.549171,0.39358899999999997,KEN,USA,8431
2957078,118,231,1355,2017.0,2618994.0,0.0,-0.654185,-0.655463,KHM,USA,8431
2957079,119,231,1355,2017.0,1352.0,0.0,-0.9456319999999999,-0.95314,KIR,USA,8431
2957080,120,231,1355,2017.0,0.0,25695.0,1.1828530000000002,-0.12344300000000001,KNA,USA,8431
2957081,121,231,1355,2017.0,2479014.0,1438077.0,2.1277470000000003,0.8218719999999999,KOR,USA,8431
2957082,122,231,1355,2017.0,3794.0,753210.0,-0.264903,-1.112018,KWT,USA,8431
2957083,123,231,1355,2017.0,2787.0,0.0,-0.733135,-0.482756,LAO,USA,8431
2957084,124,231,1355,2017.0,62942.0,135758.0,0.437192,1.027289,LBN,USA,8431
2957085,127,231,1355,2017.0,7261.0,66030.0,0.543844,0.006412,LCA,USA,8431
2957086,128,231,1355,2017.0,6907090.0,0.0,-0.506691,0.43309200000000003,LKA,USA,8431
2957087,129,231,1355,2017.0,31643.0,0.0,-0.8381940000000001,-0.750631,LSO,USA,8431
2957088,130,231,1355,2017.0,1812822.0,34533.0,0.770556,1.555233,LTU,USA,8431
2957089,131,231,1355,2017.0,4749.0,88745.0,1.1461629999999998,1.434994,LUX,USA,8431
2957090,132,231,1355,2017.0,57896.0,14349.0,0.644285,1.4304290000000002,LVA,USA,8431
2957091,133,231,1355,2017.0,29447.0,76807.0,0.33025,-0.008723999999999999,MAC,USA,8431
2957092,134,231,1355,2017.0,12011021.0,12130.0,-0.593987,-0.093414,MAR,USA,8431
2957093,135,231,1355,2017.0,183861.0,0.0,-0.135731,-0.008816,MDA,USA,8431
2957094,136,231,1355,2017.0,136819.0,0.0,-1.098631,-0.8503069999999999,MDG,USA,8431
2957095,138,231,1355,2017.0,1968542.0,1847959.0,1.348763,0.6145010000000001,MEX,USA,8431
2957096,140,231,1355,2017.0,172045.0,0.0,-0.12182799999999999,-0.333793,MKD,USA,8431
2957097,141,231,1355,2017.0,0.0,2176.0,-0.49141,-0.595619,MLI,USA,8431
2957098,142,231,1355,2017.0,0.0,2220.0,0.9943420000000001,0.181922,MLT,USA,8431
2957099,143,231,1355,2017.0,1853540.0,0.0,-0.9113129999999999,-0.21514,MMR,USA,8431
2957100,145,231,1355,2017.0,5662.0,0.0,-1.110506,-1.179734,MNG,USA,8431
2957101,151,231,1355,2017.0,67965.0,0.0,-0.166097,-0.050332,MUS,USA,8431
2957102,153,231,1355,2017.0,167684.0,18772.0,1.022117,0.6711739999999999,MYS,USA,8431
2957103,159,231,1355,2017.0,3586.0,90809.0,-1.784814,-1.310281,NGA,USA,8431
2957104,160,231,1355,2017.0,360323.0,10020.0,-0.974065,-0.791551,NIC,USA,8431
2957105,162,231,1355,2017.0,192746.0,313407.0,1.090805,1.452409,NLD,USA,8431
2957106,163,231,1355,2017.0,11809.0,107289.0,0.393228,0.049788,NOR,USA,8431
2957107,164,231,1355,2017.0,247300.0,0.0,-0.076879,0.530485,NPL,USA,8431
2957108,166,231,1355,2017.0,125452.0,151066.0,0.154926,0.10981500000000001,NZL,USA,8431
2957109,167,231,1355,2017.0,12859.0,10621.0,-0.44851199999999997,-0.9820049999999999,OMN,USA,8431
2957110,168,231,1355,2017.0,5356114.0,0.0,-0.737436,0.345773,PAK,USA,8431
2957111,169,231,1355,2017.0,13709.0,496305.0,0.638093,1.01027,PAN,USA,8431
2957112,173,231,1355,2017.0,2192907.0,37132.0,-0.8214469999999999,-0.333306,PER,USA,8431
2957113,174,231,1355,2017.0,23791188.0,2767.0,0.717074,0.224219,PHL,USA,8431
2957114,175,231,1355,2017.0,0.0,2407.0,0.950734,-0.436987,PLW,USA,8431
2957115,177,231,1355,2017.0,6838972.0,49278.0,1.212941,0.917751,POL,USA,8431
2957116,179,231,1355,2017.0,4372590.0,71368.0,0.692908,2.05977,PRT,USA,8431
2957117,180,231,1355,2017.0,4927.0,60105.0,-0.604205,-0.956699,PRY,USA,8431
2957118,181,231,1355,2017.0,0.0,1713.0,0.22982199999999997,0.768037,PSE,USA,8431
2957119,182,231,1355,2017.0,0.0,2962.0,-0.25095500000000004,-0.8336620000000001,PYF,USA,8431
2957120,183,231,1355,2017.0,2235.0,150263.0,-0.42615600000000003,-1.0956489999999999,QAT,USA,8431
2957121,185,231,1355,2017.0,13521453.0,26663.0,1.145161,1.095192,ROU,USA,8431
2957122,186,231,1355,2017.0,50195.0,94425.0,0.07402,0.248236,RUS,USA,8431
2957123,188,231,1355,2017.0,15413.0,405175.0,0.508031,-0.42373500000000003,SAU,USA,8431
2957124,192,231,1355,2017.0,206278.0,125034.0,1.8943720000000002,0.449316,SGP,USA,8431
2957125,196,231,1355,2017.0,14850.0,0.0,-0.5391520000000001,-0.570954,SLE,USA,8431
2957126,197,231,1355,2017.0,1632994.0,124342.0,0.11754,0.363982,SLV,USA,8431
2957127,198,231,1355,2017.0,16590.0,0.0,0.9488219999999999,0.6510199999999999,SMR,USA,8431
2957128,201,231,1355,2017.0,187945.0,0.0,0.59312,1.535527,SRB,USA,8431
2957129,205,231,1355,2017.0,1677.0,0.0,-0.426954,-1.022706,SUR,USA,8431
2957130,206,231,1355,2017.0,2661194.0,4698.0,1.484316,0.811826,SVK,USA,8431
2957131,207,231,1355,2017.0,892268.0,4207.0,1.597178,0.753722,SVN,USA,8431
2957132,208,231,1355,2017.0,431134.0,164910.0,1.695113,0.6885060000000001,SWE,USA,8431
2957133,210,231,1355,2017.0,0.0,4572.0,1.0429959999999998,-0.676959,SXM,USA,8431
2957134,213,231,1355,2017.0,0.0,3292.0,0.9405479999999999,0.49567,TCA,USA,8431
2957135,216,231,1355,2017.0,8681136.0,42674.0,1.15791,1.282718,THA,USA,8431
2957136,222,231,1355,2017.0,0.0,23283.0,-0.15041300000000002,-1.029801,TTO,USA,8431
2957137,223,231,1355,2017.0,534582.0,0.0,0.31342600000000004,1.071153,TUN,USA,8431
2957138,224,231,1355,2017.0,8314336.0,76656.0,0.601079,2.126314,TUR,USA,8431
2957139,228,231,1355,2017.0,1039879.0,2526.0,0.34780900000000003,1.076817,UKR,USA,8431
2957140,230,231,1355,2017.0,64809.0,209184.0,0.09085900000000001,-0.246694,URY,USA,8431
2957141,232,231,1355,2017.0,0.0,17275.0,-0.386302,-0.35475999999999996,UZB,USA,8431
2957142,234,231,1355,2017.0,0.0,5329.0,0.070659,-0.485245,VCT,USA,8431
2957143,236,231,1355,2017.0,0.0,15000.0,-1.191942,-1.245689,VEN,USA,8431
2957144,237,231,1355,2017.0,0.0,15916.0,0.700232,-0.166994,VGB,USA,8431
2957145,239,231,1355,2017.0,124898688.0,32753.0,-0.006548999999999999,0.7030420000000001,VNM,USA,8431
2957146,246,231,1355,2017.0,19111.0,45552.0,-0.048668,1.283483,ZAF,USA,8431
2957147,248,231,1355,2017.0,0.0,2374.0,-1.101034,-1.107705,ZWE,USA,8431
2957148,249,231,1355,2017.0,472359.0,88185.0,2.003822,1.215216,TWN,USA,8431
2957149,41,236,1355,2017.0,0.0,1198.0,2.2443459999999997,0.836363,CHE,VEN,8431
2957150,43,236,1355,2017.0,665273.0,0.0,1.2888030000000001,0.9250700000000001,CHN,VEN,8431
2957151,49,236,1355,2017.0,27649.0,0.0,-0.039238999999999996,-0.246914,COL,VEN,8431
2957152,61,236,1355,2017.0,7696.0,0.0,2.164026,-2.458307,DEU,VEN,8431
2957153,65,236,1355,2017.0,0.0,3298.0,-0.314875,0.125244,DOM,VEN,8431
2957154,71,236,1355,2017.0,16188.0,0.0,0.7720279999999999,2.434042,ESP,VEN,8431
2957155,97,236,1355,2017.0,1047.0,0.0,0.877065,1.1615520000000001,HKG,VEN,8431
2957156,111,236,1355,2017.0,22360.0,0.0,1.4374559999999998,0.21079699999999998,ITA,VEN,8431
2957157,128,236,1355,2017.0,12390.0,0.0,-0.506691,0.43309200000000003,LKA,VEN,8431
2957158,143,236,1355,2017.0,104324.0,0.0,-0.9113129999999999,-0.21514,MMR,VEN,8431
2957159,169,236,1355,2017.0,343885.0,0.0,0.638093,1.01027,PAN,VEN,8431
2957160,173,236,1355,2017.0,4897.0,0.0,-0.8214469999999999,-0.333306,PER,VEN,8431
2957161,192,236,1355,2017.0,0.0,2462.0,1.8943720000000002,0.449316,SGP,VEN,8431
2957162,231,236,1355,2017.0,15000.0,0.0,1.536355,0.23775100000000002,USA,VEN,8431
2957163,239,236,1355,2017.0,986730.0,0.0,-0.006548999999999999,0.7030420000000001,VNM,VEN,8431
2957164,246,236,1355,2017.0,1114.0,0.0,-0.048668,1.283483,ZAF,VEN,8431
2957165,2,246,1355,2017.0,0.0,32274.0,-1.580759,-1.2589270000000001,AGO,ZAF,8431
2957166,4,246,1355,2017.0,2288.0,0.0,-0.351054,-0.193147,ALB,ZAF,8431
2957167,7,246,1355,2017.0,102817.0,1944.0,0.222875,-0.204271,ARE,ZAF,8431
2957168,14,246,1355,2017.0,40554.0,107602.0,-0.598537,-0.23571,AUS,ZAF,8431
2957169,15,246,1355,2017.0,15920.0,1400.0,1.722766,-0.077938,AUT,ZAF,8431
2957170,22,246,1355,2017.0,168356.0,0.0,-1.007846,-1.112069,BGD,ZAF,8431
2957171,23,246,1355,2017.0,123915.0,0.0,0.563342,1.744989,BGR,ZAF,8431
2957172,26,246,1355,2017.0,50877.0,0.0,0.584825,0.9219,BIH,ZAF,8431
2957173,37,246,1355,2017.0,1580.0,1202283.0,-0.41364700000000004,-1.099512,BWA,ZAF,8431
2957174,39,246,1355,2017.0,2056.0,13769.0,0.661032,1.331443,CAN,ZAF,8431
2957175,41,246,1355,2017.0,1061.0,9409.0,2.2443459999999997,0.836363,CHE,ZAF,8431
2957176,43,246,1355,2017.0,42133464.0,6889.0,1.2888030000000001,0.9250700000000001,CHN,ZAF,8431
2957177,44,246,1355,2017.0,0.0,4336.0,-0.991865,-0.9496889999999999,CIV,ZAF,8431
2957178,46,246,1355,2017.0,0.0,18515.0,-1.158421,-1.14955,COD,ZAF,8431
2957179,61,246,1355,2017.0,380907.0,1413.0,2.164026,-2.458307,DEU,ZAF,8431
2957180,64,246,1355,2017.0,102651.0,0.0,1.143276,1.242437,DNK,ZAF,8431
2957181,68,246,1355,2017.0,12369.0,0.0,-0.09792100000000001,1.9664270000000001,EGY,ZAF,8431
2957182,71,246,1355,2017.0,855580.0,0.0,0.7720279999999999,2.434042,ESP,ZAF,8431
2957183,74,246,1355,2017.0,1117.0,0.0,1.6562990000000002,0.94619,FIN,ZAF,8431
2957184,77,246,1355,2017.0,48829.0,3287.0,1.3874030000000002,0.8887719999999999,FRA,ZAF,8431
2957185,81,246,1355,2017.0,113713.0,530442.0,1.499843,1.120201,GBR,ZAF,8431
2957186,83,246,1355,2017.0,0.0,26933.0,-0.910444,-0.906315,GHA,ZAF,8431
2957187,90,246,1355,2017.0,11805.0,0.0,0.10646300000000002,1.0936290000000002,GRC,ZAF,8431
2957188,97,246,1355,2017.0,154362.0,0.0,0.877065,1.1615520000000001,HKG,ZAF,8431
2957189,100,246,1355,2017.0,1073.0,0.0,0.8933700000000001,1.4400469999999999,HRV,ZAF,8431
2957190,102,246,1355,2017.0,3734.0,0.0,1.6949029999999998,0.723915,HUN,ZAF,8431
2957191,103,246,1355,2017.0,62619.0,0.0,-0.072977,1.376847,IDN,ZAF,8431
2957192,104,246,1355,2017.0,496485.0,0.0,0.262126,2.8212040000000003,IND,ZAF,8431
2957193,106,246,1355,2017.0,0.0,1582.0,1.444823,0.158356,IRL,ZAF,8431
2957194,110,246,1355,2017.0,0.0,4549.0,1.158779,0.8909020000000001,ISR,ZAF,8431
2957195,111,246,1355,2017.0,423778.0,0.0,1.4374559999999998,0.21079699999999998,ITA,ZAF,8431
2957196,114,246,1355,2017.0,8089.0,2974.0,2.4440779999999998,-0.46107700000000007,JPN,ZAF,8431
2957197,116,246,1355,2017.0,0.0,110314.0,-0.549171,0.39358899999999997,KEN,ZAF,8431
2957198,118,246,1355,2017.0,16311.0,0.0,-0.654185,-0.655463,KHM,ZAF,8431
2957199,121,246,1355,2017.0,33240.0,0.0,2.1277470000000003,0.8218719999999999,KOR,ZAF,8431
2957200,122,246,1355,2017.0,0.0,6635.0,-0.264903,-1.112018,KWT,ZAF,8431
2957201,128,246,1355,2017.0,82976.0,0.0,-0.506691,0.43309200000000003,LKA,ZAF,8431
2957202,129,246,1355,2017.0,103121.0,477353.0,-0.8381940000000001,-0.750631,LSO,ZAF,8431
2957203,130,246,1355,2017.0,16251.0,0.0,0.770556,1.555233,LTU,ZAF,8431
2957204,132,246,1355,2017.0,1223.0,0.0,0.644285,1.4304290000000002,LVA,ZAF,8431
2957205,134,246,1355,2017.0,441945.0,2143.0,-0.593987,-0.093414,MAR,ZAF,8431
2957206,135,246,1355,2017.0,4275.0,0.0,-0.135731,-0.008816,MDA,ZAF,8431
2957207,136,246,1355,2017.0,8355.0,1207.0,-1.098631,-0.8503069999999999,MDG,ZAF,8431
2957208,138,246,1355,2017.0,4012.0,0.0,1.348763,0.6145010000000001,MEX,ZAF,8431
2957209,140,246,1355,2017.0,8801.0,0.0,-0.12182799999999999,-0.333793,MKD,ZAF,8431
2957210,143,246,1355,2017.0,55026.0,0.0,-0.9113129999999999,-0.21514,MMR,ZAF,8431
2957211,147,246,1355,2017.0,1312.0,78282.0,-1.3967319999999999,-1.1603290000000002,MOZ,ZAF,8431
2957212,151,246,1355,2017.0,72133.0,53977.0,-0.166097,-0.050332,MUS,ZAF,8431
2957213,152,246,1355,2017.0,0.0,12786.0,-0.838501,-0.938642,MWI,ZAF,8431
2957214,153,246,1355,2017.0,2194.0,0.0,1.022117,0.6711739999999999,MYS,ZAF,8431
2957215,155,246,1355,2017.0,37478.0,1842308.0,-0.501017,-0.716238,NAM,ZAF,8431
2957216,159,246,1355,2017.0,0.0,23647.0,-1.784814,-1.310281,NGA,ZAF,8431
2957217,162,246,1355,2017.0,24527.0,2389.0,1.090805,1.452409,NLD,ZAF,8431
2957218,164,246,1355,2017.0,10509.0,0.0,-0.076879,0.530485,NPL,ZAF,8431
2957219,168,246,1355,2017.0,63056.0,0.0,-0.737436,0.345773,PAK,ZAF,8431
2957220,169,246,1355,2017.0,0.0,1563.0,0.638093,1.01027,PAN,ZAF,8431
2957221,174,246,1355,2017.0,1098.0,0.0,0.717074,0.224219,PHL,ZAF,8431
2957222,177,246,1355,2017.0,26570.0,0.0,1.212941,0.917751,POL,ZAF,8431
2957223,179,246,1355,2017.0,46449.0,0.0,0.692908,2.05977,PRT,ZAF,8431
2957224,183,246,1355,2017.0,0.0,9841.0,-0.42615600000000003,-1.0956489999999999,QAT,ZAF,8431
2957225,185,246,1355,2017.0,78663.0,0.0,1.145161,1.095192,ROU,ZAF,8431
2957226,186,246,1355,2017.0,2015.0,0.0,0.07402,0.248236,RUS,ZAF,8431
2957227,188,246,1355,2017.0,1131.0,0.0,0.508031,-0.42373500000000003,SAU,ZAF,8431
2957228,190,246,1355,2017.0,0.0,4862.0,-1.488393,-1.236046,SDN,ZAF,8431
2957229,191,246,1355,2017.0,0.0,23221.0,-0.604504,-0.228411,SEN,ZAF,8431
2957230,192,246,1355,2017.0,3479.0,0.0,1.8943720000000002,0.449316,SGP,ZAF,8431
2957231,206,246,1355,2017.0,10056.0,0.0,1.484316,0.811826,SVK,ZAF,8431
2957232,207,246,1355,2017.0,1079.0,0.0,1.597178,0.753722,SVN,ZAF,8431
2957233,208,246,1355,2017.0,1237.0,0.0,1.695113,0.6885060000000001,SWE,ZAF,8431
2957234,209,246,1355,2017.0,1712590.0,506441.0,-0.0795,-0.5055270000000001,SWZ,ZAF,8431
2957235,216,246,1355,2017.0,66901.0,0.0,1.15791,1.282718,THA,ZAF,8431
2957236,223,246,1355,2017.0,1260.0,0.0,0.31342600000000004,1.071153,TUN,ZAF,8431
2957237,224,246,1355,2017.0,153805.0,0.0,0.601079,2.126314,TUR,ZAF,8431
2957238,226,246,1355,2017.0,0.0,41594.0,-0.968485,0.137755,TZA,ZAF,8431
2957239,227,246,1355,2017.0,0.0,12043.0,-0.593232,0.247873,UGA,ZAF,8431
2957240,228,246,1355,2017.0,12990.0,0.0,0.34780900000000003,1.076817,UKR,ZAF,8431
2957241,231,246,1355,2017.0,45552.0,19111.0,1.536355,0.23775100000000002,USA,ZAF,8431
2957242,236,246,1355,2017.0,0.0,1114.0,-1.191942,-1.245689,VEN,ZAF,8431
2957243,239,246,1355,2017.0,2151687.0,0.0,-0.006548999999999999,0.7030420000000001,VNM,ZAF,8431
2957244,247,246,1355,2017.0,0.0,199569.0,-0.763066,-0.9292530000000001,ZMB,ZAF,8431
2957245,248,246,1355,2017.0,5968.0,106754.0,-1.101034,-1.107705,ZWE,ZAF,8431
2957246,249,246,1355,2017.0,11647.0,0.0,2.003822,1.215216,TWN,ZAF,8431
2957247,250,246,1355,2017.0,135760.0,0.0,0.472054,-0.363374,ANS,ZAF,8431
2957248,4,249,1355,2017.0,70295.0,0.0,-0.351054,-0.193147,ALB,TWN,8431
2957249,7,249,1355,2017.0,0.0,10550.0,0.222875,-0.204271,ARE,TWN,8431
2957250,8,249,1355,2017.0,0.0,11385.0,-0.268441,0.337024,ARG,TWN,8431
2957251,9,249,1355,2017.0,148294.0,0.0,-0.422667,-0.824041,ARM,TWN,8431
2957252,14,249,1355,2017.0,4889.0,66260.0,-0.598537,-0.23571,AUS,TWN,8431
2957253,15,249,1355,2017.0,22278.0,83910.0,1.722766,-0.077938,AUT,TWN,8431
2957254,18,249,1355,2017.0,145693.0,0.0,1.2396969999999998,1.1699760000000001,BEL,TWN,8431
2957255,22,249,1355,2017.0,255586.0,0.0,-1.007846,-1.112069,BGD,TWN,8431
2957256,23,249,1355,2017.0,318311.0,0.0,0.563342,1.744989,BGR,TWN,8431
2957257,26,249,1355,2017.0,778115.0,0.0,0.584825,0.9219,BIH,TWN,8431
2957258,28,249,1355,2017.0,1244.0,1216.0,0.9188780000000001,0.9998819999999999,BLR,TWN,8431
2957259,32,249,1355,2017.0,1449.0,0.0,0.103119,0.808438,BRA,TWN,8431
2957260,39,249,1355,2017.0,41783.0,15426.0,0.661032,1.331443,CAN,TWN,8431
2957261,41,249,1355,2017.0,101477.0,350894.0,2.2443459999999997,0.836363,CHE,TWN,8431
2957262,42,249,1355,2017.0,0.0,4349.0,-0.282983,-0.33351,CHL,TWN,8431
2957263,43,249,1355,2017.0,90686320.0,223650.0,1.2888030000000001,0.9250700000000001,CHN,TWN,8431
2957264,52,249,1355,2017.0,1259.0,1221.0,0.288798,0.212928,CRI,TWN,8431
2957265,58,249,1355,2017.0,1327.0,0.0,0.35097399999999995,0.103466,CYP,TWN,8431
2957266,59,249,1355,2017.0,10583.0,12580.0,1.8494680000000001,0.150088,CZE,TWN,8431
2957267,61,249,1355,2017.0,899755.0,334040.0,2.164026,-2.458307,DEU,TWN,8431
2957268,64,249,1355,2017.0,17438.0,2245.0,1.143276,1.242437,DNK,TWN,8431
2957269,71,249,1355,2017.0,1427613.0,4036.0,0.7720279999999999,2.434042,ESP,TWN,8431
2957270,72,249,1355,2017.0,3097.0,0.0,1.004481,1.311075,EST,TWN,8431
2957271,77,249,1355,2017.0,688173.0,152772.0,1.3874030000000002,0.8887719999999999,FRA,TWN,8431
2957272,81,249,1355,2017.0,902842.0,374118.0,1.499843,1.120201,GBR,TWN,8431
2957273,82,249,1355,2017.0,102465.0,0.0,-0.252287,-0.172336,GEO,TWN,8431
2957274,97,249,1355,2017.0,1566986.0,2306008.0,0.877065,1.1615520000000001,HKG,TWN,8431
2957275,100,249,1355,2017.0,6664.0,1942.0,0.8933700000000001,1.4400469999999999,HRV,TWN,8431
2957276,102,249,1355,2017.0,56060.0,0.0,1.6949029999999998,0.723915,HUN,TWN,8431
2957277,103,249,1355,2017.0,363114.0,34346.0,-0.072977,1.376847,IDN,TWN,8431
2957278,104,249,1355,2017.0,175493.0,0.0,0.262126,2.8212040000000003,IND,TWN,8431
2957279,106,249,1355,2017.0,0.0,18766.0,1.444823,0.158356,IRL,TWN,8431
2957280,110,249,1355,2017.0,1238.0,4531.0,1.158779,0.8909020000000001,ISR,TWN,8431
2957281,111,249,1355,2017.0,4497134.0,90827.0,1.4374559999999998,0.21079699999999998,ITA,TWN,8431
2957282,114,249,1355,2017.0,2789341.0,137060.0,2.4440779999999998,-0.46107700000000007,JPN,TWN,8431
2957283,118,249,1355,2017.0,476176.0,0.0,-0.654185,-0.655463,KHM,TWN,8431
2957284,121,249,1355,2017.0,353808.0,104819.0,2.1277470000000003,0.8218719999999999,KOR,TWN,8431
2957285,122,249,1355,2017.0,0.0,7546.0,-0.264903,-1.112018,KWT,TWN,8431
2957286,126,249,1355,2017.0,0.0,7846.0,-1.067632,-1.21154,LBY,TWN,8431
2957287,128,249,1355,2017.0,47805.0,0.0,-0.506691,0.43309200000000003,LKA,TWN,8431
2957288,130,249,1355,2017.0,63892.0,0.0,0.770556,1.555233,LTU,TWN,8431
2957289,132,249,1355,2017.0,2158.0,0.0,0.644285,1.4304290000000002,LVA,TWN,8431
2957290,133,249,1355,2017.0,0.0,31268.0,0.33025,-0.008723999999999999,MAC,TWN,8431
2957291,134,249,1355,2017.0,795280.0,0.0,-0.593987,-0.093414,MAR,TWN,8431
2957292,135,249,1355,2017.0,62855.0,0.0,-0.135731,-0.008816,MDA,TWN,8431
2957293,136,249,1355,2017.0,8823.0,0.0,-1.098631,-0.8503069999999999,MDG,TWN,8431
2957294,138,249,1355,2017.0,0.0,24416.0,1.348763,0.6145010000000001,MEX,TWN,8431
2957295,140,249,1355,2017.0,15706.0,0.0,-0.12182799999999999,-0.333793,MKD,TWN,8431
2957296,143,249,1355,2017.0,359348.0,0.0,-0.9113129999999999,-0.21514,MMR,TWN,8431
2957297,145,249,1355,2017.0,0.0,1045.0,-1.110506,-1.179734,MNG,TWN,8431
2957298,153,249,1355,2017.0,12852.0,56240.0,1.022117,0.6711739999999999,MYS,TWN,8431
2957299,162,249,1355,2017.0,25505.0,19820.0,1.090805,1.452409,NLD,TWN,8431
2957300,163,249,1355,2017.0,0.0,53095.0,0.393228,0.049788,NOR,TWN,8431
2957301,164,249,1355,2017.0,18199.0,0.0,-0.076879,0.530485,NPL,TWN,8431
2957302,166,249,1355,2017.0,0.0,55607.0,0.154926,0.10981500000000001,NZL,TWN,8431
2957303,168,249,1355,2017.0,3024.0,0.0,-0.737436,0.345773,PAK,TWN,8431
2957304,173,249,1355,2017.0,57420.0,0.0,-0.8214469999999999,-0.333306,PER,TWN,8431
2957305,174,249,1355,2017.0,29565.0,13201.0,0.717074,0.224219,PHL,TWN,8431
2957306,175,249,1355,2017.0,0.0,1675.0,0.950734,-0.436987,PLW,TWN,8431
2957307,176,249,1355,2017.0,0.0,1448.0,-1.600301,-1.287207,PNG,TWN,8431
2957308,177,249,1355,2017.0,561776.0,4519.0,1.212941,0.917751,POL,TWN,8431
2957309,179,249,1355,2017.0,112642.0,0.0,0.692908,2.05977,PRT,TWN,8431
2957310,183,249,1355,2017.0,0.0,15721.0,-0.42615600000000003,-1.0956489999999999,QAT,TWN,8431
2957311,185,249,1355,2017.0,315113.0,0.0,1.145161,1.095192,ROU,TWN,8431
2957312,186,249,1355,2017.0,0.0,33165.0,0.07402,0.248236,RUS,TWN,8431
2957313,192,249,1355,2017.0,120247.0,16721.0,1.8943720000000002,0.449316,SGP,TWN,8431
2957314,201,249,1355,2017.0,46247.0,0.0,0.59312,1.535527,SRB,TWN,8431
2957315,206,249,1355,2017.0,65714.0,0.0,1.484316,0.811826,SVK,TWN,8431
2957316,207,249,1355,2017.0,7671.0,0.0,1.597178,0.753722,SVN,TWN,8431
2957317,208,249,1355,2017.0,9840.0,50159.0,1.695113,0.6885060000000001,SWE,TWN,8431
2957318,216,249,1355,2017.0,116129.0,31544.0,1.15791,1.282718,THA,TWN,8431
2957319,223,249,1355,2017.0,121657.0,0.0,0.31342600000000004,1.071153,TUN,TWN,8431
2957320,224,249,1355,2017.0,81986.0,0.0,0.601079,2.126314,TUR,TWN,8431
2957321,228,249,1355,2017.0,24234.0,0.0,0.34780900000000003,1.076817,UKR,TWN,8431
2957322,231,249,1355,2017.0,88185.0,472359.0,1.536355,0.23775100000000002,USA,TWN,8431
2957323,239,249,1355,2017.0,3985296.0,3114.0,-0.006548999999999999,0.7030420000000001,VNM,TWN,8431
2957324,246,249,1355,2017.0,0.0,11647.0,-0.048668,1.283483,ZAF,TWN,8431
2957325,247,249,1355,2017.0,0.0,4327.0,-0.763066,-0.9292530000000001,ZMB,TWN,8431
2957326,250,249,1355,2017.0,15804.0,0.0,0.472054,-0.363374,ANS,TWN,8431
2957327,0,250,1355,2017.0,35091.0,111911.0,0.8469200000000001,0.12138299999999999,ABW,ANS,8431
2957328,5,250,1355,2017.0,3251.0,4597.0,1.101312,0.593242,AND,ANS,8431
2957329,9,250,1355,2017.0,0.0,1089.0,-0.422667,-0.824041,ARM,ANS,8431
2957330,24,250,1355,2017.0,0.0,1946.0,0.160574,-0.708064,BHR,ANS,8431
2957331,25,250,1355,2017.0,0.0,17735.0,0.677207,-0.45096899999999995,BHS,ANS,8431
2957332,42,250,1355,2017.0,273583.0,5037902.0,-0.282983,-0.33351,CHL,ANS,8431
2957333,43,250,1355,2017.0,0.0,14317.0,1.2888030000000001,0.9250700000000001,CHN,ANS,8431
2957334,49,250,1355,2017.0,1273.0,4928.0,-0.039238999999999996,-0.246914,COL,ANS,8431
2957335,59,250,1355,2017.0,2448.0,97924.0,1.8494680000000001,0.150088,CZE,ANS,8431
2957336,61,250,1355,2017.0,68552.0,0.0,2.164026,-2.458307,DEU,ANS,8431
2957337,65,250,1355,2017.0,0.0,149899.0,-0.314875,0.125244,DOM,ANS,8431
2957338,71,250,1355,2017.0,131412.0,363079.0,0.7720279999999999,2.434042,ESP,ANS,8431
2957339,72,250,1355,2017.0,0.0,634598.0,1.004481,1.311075,EST,ANS,8431
2957340,77,250,1355,2017.0,1318.0,6221100.0,1.3874030000000002,0.8887719999999999,FRA,ANS,8431
2957341,97,250,1355,2017.0,12438.0,0.0,0.877065,1.1615520000000001,HKG,ANS,8431
2957342,99,250,1355,2017.0,0.0,2583.0,-0.44761999999999996,-0.20167100000000002,HND,ANS,8431
2957343,100,250,1355,2017.0,2724.0,118929.0,0.8933700000000001,1.4400469999999999,HRV,ANS,8431
2957344,104,250,1355,2017.0,0.0,29294.0,0.262126,2.8212040000000003,IND,ANS,8431
2957345,106,250,1355,2017.0,409717.0,233668.0,1.444823,0.158356,IRL,ANS,8431
2957346,111,250,1355,2017.0,1231476.0,2291.0,1.4374559999999998,0.21079699999999998,ITA,ANS,8431
2957347,122,250,1355,2017.0,0.0,8180.0,-0.264903,-1.112018,KWT,ANS,8431
2957348,127,250,1355,2017.0,1436.0,4721.0,0.543844,0.006412,LCA,ANS,8431
2957349,131,250,1355,2017.0,0.0,402482.0,1.1461629999999998,1.434994,LUX,ANS,8431
2957350,135,250,1355,2017.0,3814.0,3837.0,-0.135731,-0.008816,MDA,ANS,8431
2957351,140,250,1355,2017.0,13404.0,0.0,-0.12182799999999999,-0.333793,MKD,ANS,8431
2957352,143,250,1355,2017.0,2623.0,0.0,-0.9113129999999999,-0.21514,MMR,ANS,8431
2957353,153,250,1355,2017.0,2325.0,0.0,1.022117,0.6711739999999999,MYS,ANS,8431
2957354,162,250,1355,2017.0,10473.0,20854.0,1.090805,1.452409,NLD,ANS,8431
2957355,169,250,1355,2017.0,2376014.0,109386.0,0.638093,1.01027,PAN,ANS,8431
2957356,177,250,1355,2017.0,72476.0,127264.0,1.212941,0.917751,POL,ANS,8431
2957357,183,250,1355,2017.0,0.0,95700.0,-0.42615600000000003,-1.0956489999999999,QAT,ANS,8431
2957358,185,250,1355,2017.0,2781.0,0.0,1.145161,1.095192,ROU,ANS,8431
2957359,186,250,1355,2017.0,7695.0,56749.0,0.07402,0.248236,RUS,ANS,8431
2957360,206,250,1355,2017.0,0.0,642588.0,1.484316,0.811826,SVK,ANS,8431
2957361,223,250,1355,2017.0,0.0,898850.0,0.31342600000000004,1.071153,TUN,ANS,8431
2957362,224,250,1355,2017.0,328965.0,0.0,0.601079,2.126314,TUR,ANS,8431
2957363,228,250,1355,2017.0,63631.0,0.0,0.34780900000000003,1.076817,UKR,ANS,8431
2957364,239,250,1355,2017.0,1062336.0,370584.0,-0.006548999999999999,0.7030420000000001,VNM,ANS,8431
2957365,246,250,1355,2017.0,0.0,135760.0,-0.048668,1.283483,ZAF,ANS,8431
2957366,248,250,1355,2017.0,10772.0,0.0,-1.101034,-1.107705,ZWE,ANS,8431
2957367,249,250,1355,2017.0,0.0,15804.0,2.003822,1.215216,TWN,ANS,8431
2957368,4,14,1355,2017.0,14108.0,0.0,-0.351054,-0.193147,ALB,AUS,8431
2957369,7,14,1355,2017.0,97709.0,29284.0,0.222875,-0.204271,ARE,AUS,8431
2957370,9,14,1355,2017.0,51687.0,0.0,-0.422667,-0.824041,ARM,AUS,8431
2957371,15,14,1355,2017.0,93577.0,5673.0,1.722766,-0.077938,AUT,AUS,8431
2957372,18,14,1355,2017.0,170091.0,2483.0,1.2396969999999998,1.1699760000000001,BEL,AUS,8431
2957373,22,14,1355,2017.0,1875930.0,0.0,-1.007846,-1.112069,BGD,AUS,8431
2957374,23,14,1355,2017.0,392491.0,0.0,0.563342,1.744989,BGR,AUS,8431
2957375,24,14,1355,2017.0,0.0,4463.0,0.160574,-0.708064,BHR,AUS,8431
2957376,26,14,1355,2017.0,648792.0,0.0,0.584825,0.9219,BIH,AUS,8431
2957377,28,14,1355,2017.0,1361.0,0.0,0.9188780000000001,0.9998819999999999,BLR,AUS,8431
2957378,32,14,1355,2017.0,2940.0,5053.0,0.103119,0.808438,BRA,AUS,8431
2957379,39,14,1355,2017.0,281557.0,29328.0,0.661032,1.331443,CAN,AUS,8431
2957380,41,14,1355,2017.0,79673.0,15967.0,2.2443459999999997,0.836363,CHE,AUS,8431
2957381,43,14,1355,2017.0,140791584.0,123352.0,1.2888030000000001,0.9250700000000001,CHN,AUS,8431
2957382,45,14,1355,2017.0,23013.0,0.0,-1.039442,-1.026684,CMR,AUS,8431
2957383,58,14,1355,2017.0,2314.0,1442.0,0.35097399999999995,0.103466,CYP,AUS,8431
2957384,59,14,1355,2017.0,15147.0,0.0,1.8494680000000001,0.150088,CZE,AUS,8431
2957385,61,14,1355,2017.0,2849730.0,44981.0,2.164026,-2.458307,DEU,AUS,8431
2957386,64,14,1355,2017.0,186771.0,0.0,1.143276,1.242437,DNK,AUS,8431
2957387,67,14,1355,2017.0,1362.0,0.0,-1.109413,-1.1561270000000001,ECU,AUS,8431
2957388,68,14,1355,2017.0,2830.0,0.0,-0.09792100000000001,1.9664270000000001,EGY,AUS,8431
2957389,71,14,1355,2017.0,3469074.0,0.0,0.7720279999999999,2.434042,ESP,AUS,8431
2957390,72,14,1355,2017.0,1254.0,0.0,1.004481,1.311075,EST,AUS,8431
2957391,73,14,1355,2017.0,1239.0,0.0,-0.874714,-0.58418,ETH,AUS,8431
2957392,74,14,1355,2017.0,43865.0,8599.0,1.6562990000000002,0.94619,FIN,AUS,8431
2957393,75,14,1355,2017.0,1141585.0,3005.0,-0.500896,-0.169256,FJI,AUS,8431
2957394,77,14,1355,2017.0,1204929.0,26263.0,1.3874030000000002,0.8887719999999999,FRA,AUS,8431
2957395,81,14,1355,2017.0,4544737.0,228422.0,1.499843,1.120201,GBR,AUS,8431
2957396,82,14,1355,2017.0,51334.0,0.0,-0.252287,-0.172336,GEO,AUS,8431
2957397,83,14,1355,2017.0,0.0,1749.0,-0.910444,-0.906315,GHA,AUS,8431
2957398,90,14,1355,2017.0,44728.0,0.0,0.10646300000000002,1.0936290000000002,GRC,AUS,8431
2957399,93,14,1355,2017.0,1606.0,0.0,-0.40755399999999997,0.63358,GTM,AUS,8431
2957400,97,14,1355,2017.0,879738.0,609164.0,0.877065,1.1615520000000001,HKG,AUS,8431
2957401,100,14,1355,2017.0,124032.0,0.0,0.8933700000000001,1.4400469999999999,HRV,AUS,8431
2957402,102,14,1355,2017.0,195564.0,0.0,1.6949029999999998,0.723915,HUN,AUS,8431
2957403,103,14,1355,2017.0,3450424.0,10346.0,-0.072977,1.376847,IDN,AUS,8431
2957404,104,14,1355,2017.0,1554810.0,0.0,0.262126,2.8212040000000003,IND,AUS,8431
2957405,106,14,1355,2017.0,5938.0,6712.0,1.444823,0.158356,IRL,AUS,8431
2957406,110,14,1355,2017.0,15960.0,2240.0,1.158779,0.8909020000000001,ISR,AUS,8431
2957407,111,14,1355,2017.0,2927161.0,43378.0,1.4374559999999998,0.21079699999999998,ITA,AUS,8431
2957408,113,14,1355,2017.0,2222.0,4252.0,0.079237,0.182893,JOR,AUS,8431
2957409,114,14,1355,2017.0,227059.0,24853.0,2.4440779999999998,-0.46107700000000007,JPN,AUS,8431
2957410,115,14,1355,2017.0,0.0,10119.0,-0.47984399999999994,-0.40618699999999996,KAZ,AUS,8431
2957411,118,14,1355,2017.0,62618.0,0.0,-0.654185,-0.655463,KHM,AUS,8431
2957412,121,14,1355,2017.0,220013.0,114163.0,2.1277470000000003,0.8218719999999999,KOR,AUS,8431
2957413,122,14,1355,2017.0,0.0,29277.0,-0.264903,-1.112018,KWT,AUS,8431
2957414,123,14,1355,2017.0,0.0,3725.0,-0.733135,-0.482756,LAO,AUS,8431
2957415,124,14,1355,2017.0,3984.0,11606.0,0.437192,1.027289,LBN,AUS,8431
2957416,128,14,1355,2017.0,793846.0,0.0,-0.506691,0.43309200000000003,LKA,AUS,8431
2957417,130,14,1355,2017.0,115899.0,0.0,0.770556,1.555233,LTU,AUS,8431
2957418,131,14,1355,2017.0,4971.0,0.0,1.1461629999999998,1.434994,LUX,AUS,8431
2957419,132,14,1355,2017.0,1838.0,0.0,0.644285,1.4304290000000002,LVA,AUS,8431
2957420,133,14,1355,2017.0,3389.0,11171.0,0.33025,-0.008723999999999999,MAC,AUS,8431
2957421,134,14,1355,2017.0,1563173.0,0.0,-0.593987,-0.093414,MAR,AUS,8431
2957422,135,14,1355,2017.0,33996.0,0.0,-0.135731,-0.008816,MDA,AUS,8431
2957423,136,14,1355,2017.0,23191.0,0.0,-1.098631,-0.8503069999999999,MDG,AUS,8431
2957424,138,14,1355,2017.0,20413.0,0.0,1.348763,0.6145010000000001,MEX,AUS,8431
2957425,140,14,1355,2017.0,24503.0,0.0,-0.12182799999999999,-0.333793,MKD,AUS,8431
2957426,143,14,1355,2017.0,239141.0,0.0,-0.9113129999999999,-0.21514,MMR,AUS,8431
2957427,151,14,1355,2017.0,26853.0,0.0,-0.166097,-0.050332,MUS,AUS,8431
2957428,153,14,1355,2017.0,439392.0,3027.0,1.022117,0.6711739999999999,MYS,AUS,8431
2957429,156,14,1355,2017.0,0.0,3279.0,-0.346671,-0.871627,NCL,AUS,8431
2957430,162,14,1355,2017.0,110726.0,20643.0,1.090805,1.452409,NLD,AUS,8431
2957431,163,14,1355,2017.0,4135.0,1669.0,0.393228,0.049788,NOR,AUS,8431
2957432,164,14,1355,2017.0,194075.0,0.0,-0.076879,0.530485,NPL,AUS,8431
2957433,166,14,1355,2017.0,2333066.0,1917033.0,0.154926,0.10981500000000001,NZL,AUS,8431
2957434,168,14,1355,2017.0,534343.0,0.0,-0.737436,0.345773,PAK,AUS,8431
2957435,173,14,1355,2017.0,181763.0,0.0,-0.8214469999999999,-0.333306,PER,AUS,8431
2957436,174,14,1355,2017.0,59882.0,10318.0,0.717074,0.224219,PHL,AUS,8431
2957437,176,14,1355,2017.0,0.0,21315.0,-1.600301,-1.287207,PNG,AUS,8431
2957438,177,14,1355,2017.0,248613.0,5197.0,1.212941,0.917751,POL,AUS,8431
2957439,179,14,1355,2017.0,195517.0,7085.0,0.692908,2.05977,PRT,AUS,8431
2957440,182,14,1355,2017.0,0.0,3379.0,-0.25095500000000004,-0.8336620000000001,PYF,AUS,8431
2957441,183,14,1355,2017.0,0.0,6720.0,-0.42615600000000003,-1.0956489999999999,QAT,AUS,8431
2957442,185,14,1355,2017.0,1112718.0,0.0,1.145161,1.095192,ROU,AUS,8431
2957443,186,14,1355,2017.0,2593.0,4342.0,0.07402,0.248236,RUS,AUS,8431
2957444,188,14,1355,2017.0,0.0,2656.0,0.508031,-0.42373500000000003,SAU,AUS,8431
2957445,192,14,1355,2017.0,685402.0,265679.0,1.8943720000000002,0.449316,SGP,AUS,8431
2957446,195,14,1355,2017.0,0.0,4145.0,-1.09489,-0.958513,SLB,AUS,8431
2957447,196,14,1355,2017.0,53358.0,0.0,-0.5391520000000001,-0.570954,SLE,AUS,8431
2957448,197,14,1355,2017.0,4980.0,0.0,0.11754,0.363982,SLV,AUS,8431
2957449,201,14,1355,2017.0,33101.0,0.0,0.59312,1.535527,SRB,AUS,8431
2957450,206,14,1355,2017.0,1062716.0,0.0,1.484316,0.811826,SVK,AUS,8431
2957451,207,14,1355,2017.0,55517.0,0.0,1.597178,0.753722,SVN,AUS,8431
2957452,208,14,1355,2017.0,320770.0,12873.0,1.695113,0.6885060000000001,SWE,AUS,8431
2957453,216,14,1355,2017.0,231316.0,22004.0,1.15791,1.282718,THA,AUS,8431
2957454,223,14,1355,2017.0,136429.0,0.0,0.31342600000000004,1.071153,TUN,AUS,8431
2957455,224,14,1355,2017.0,295725.0,5072.0,0.601079,2.126314,TUR,AUS,8431
2957456,228,14,1355,2017.0,81501.0,0.0,0.34780900000000003,1.076817,UKR,AUS,8431
2957457,231,14,1355,2017.0,365526.0,328497.0,1.536355,0.23775100000000002,USA,AUS,8431
2957458,239,14,1355,2017.0,8277488.0,6632.0,-0.006548999999999999,0.7030420000000001,VNM,AUS,8431
2957459,246,14,1355,2017.0,107602.0,40554.0,-0.048668,1.283483,ZAF,AUS,8431
2957460,249,14,1355,2017.0,66260.0,4889.0,2.003822,1.215216,TWN,AUS,8431
2957461,4,16,1355,2017.0,5530.0,0.0,-0.351054,-0.193147,ALB,AZE,8431
2957462,7,16,1355,2017.0,11442.0,0.0,0.222875,-0.204271,ARE,AZE,8431
2957463,15,16,1355,2017.0,44763.0,0.0,1.722766,-0.077938,AUT,AZE,8431
2957464,22,16,1355,2017.0,95063.0,0.0,-1.007846,-1.112069,BGD,AZE,8431
2957465,23,16,1355,2017.0,36448.0,0.0,0.563342,1.744989,BGR,AZE,8431
2957466,26,16,1355,2017.0,15760.0,0.0,0.584825,0.9219,BIH,AZE,8431
2957467,28,16,1355,2017.0,1030.0,0.0,0.9188780000000001,0.9998819999999999,BLR,AZE,8431
2957468,41,16,1355,2017.0,2185.0,0.0,2.2443459999999997,0.836363,CHE,AZE,8431
2957469,43,16,1355,2017.0,3769357.0,0.0,1.2888030000000001,0.9250700000000001,CHN,AZE,8431
2957470,59,16,1355,2017.0,1282.0,0.0,1.8494680000000001,0.150088,CZE,AZE,8431
2957471,61,16,1355,2017.0,275667.0,3896.0,2.164026,-2.458307,DEU,AZE,8431
2957472,71,16,1355,2017.0,622501.0,23741.0,0.7720279999999999,2.434042,ESP,AZE,8431
2957473,77,16,1355,2017.0,177143.0,1691.0,1.3874030000000002,0.8887719999999999,FRA,AZE,8431
2957474,81,16,1355,2017.0,119390.0,1336.0,1.499843,1.120201,GBR,AZE,8431
2957475,82,16,1355,2017.0,1987.0,12317.0,-0.252287,-0.172336,GEO,AZE,8431
2957476,97,16,1355,2017.0,17036.0,0.0,0.877065,1.1615520000000001,HKG,AZE,8431
2957477,100,16,1355,2017.0,2898.0,0.0,0.8933700000000001,1.4400469999999999,HRV,AZE,8431
2957478,102,16,1355,2017.0,14710.0,0.0,1.6949029999999998,0.723915,HUN,AZE,8431
2957479,103,16,1355,2017.0,1790.0,0.0,-0.072977,1.376847,IDN,AZE,8431
2957480,104,16,1355,2017.0,7222.0,0.0,0.262126,2.8212040000000003,IND,AZE,8431
2957481,107,16,1355,2017.0,3003.0,0.0,-0.305601,-0.42131899999999994,IRN,AZE,8431
2957482,111,16,1355,2017.0,1152278.0,34535.0,1.4374559999999998,0.21079699999999998,ITA,AZE,8431
2957483,118,16,1355,2017.0,30907.0,0.0,-0.654185,-0.655463,KHM,AZE,8431
2957484,121,16,1355,2017.0,1249.0,0.0,2.1277470000000003,0.8218719999999999,KOR,AZE,8431
2957485,130,16,1355,2017.0,8521.0,0.0,0.770556,1.555233,LTU,AZE,8431
2957486,134,16,1355,2017.0,114254.0,0.0,-0.593987,-0.093414,MAR,AZE,8431
2957487,135,16,1355,2017.0,8875.0,0.0,-0.135731,-0.008816,MDA,AZE,8431
2957488,143,16,1355,2017.0,36912.0,0.0,-0.9113129999999999,-0.21514,MMR,AZE,8431
2957489,153,16,1355,2017.0,1916.0,0.0,1.022117,0.6711739999999999,MYS,AZE,8431
2957490,162,16,1355,2017.0,66772.0,0.0,1.090805,1.452409,NLD,AZE,8431
2957491,168,16,1355,2017.0,9644.0,0.0,-0.737436,0.345773,PAK,AZE,8431
2957492,177,16,1355,2017.0,18578.0,0.0,1.212941,0.917751,POL,AZE,8431
2957493,179,16,1355,2017.0,33387.0,0.0,0.692908,2.05977,PRT,AZE,8431
2957494,185,16,1355,2017.0,141712.0,0.0,1.145161,1.095192,ROU,AZE,8431
2957495,186,16,1355,2017.0,13820.0,0.0,0.07402,0.248236,RUS,AZE,8431
2957496,201,16,1355,2017.0,3799.0,0.0,0.59312,1.535527,SRB,AZE,8431
2957497,206,16,1355,2017.0,17142.0,0.0,1.484316,0.811826,SVK,AZE,8431
2957498,207,16,1355,2017.0,5958.0,0.0,1.597178,0.753722,SVN,AZE,8431
2957499,216,16,1355,2017.0,5456.0,0.0,1.15791,1.282718,THA,AZE,8431
2957500,223,16,1355,2017.0,3122.0,0.0,0.31342600000000004,1.071153,TUN,AZE,8431
2957501,224,16,1355,2017.0,1015169.0,0.0,0.601079,2.126314,TUR,AZE,8431
2957502,228,16,1355,2017.0,8967.0,0.0,0.34780900000000003,1.076817,UKR,AZE,8431
2957503,231,16,1355,2017.0,31699.0,0.0,1.536355,0.23775100000000002,USA,AZE,8431
2957504,239,16,1355,2017.0,90305.0,0.0,-0.006548999999999999,0.7030420000000001,VNM,AZE,8431
2957505,4,24,1355,2017.0,1332.0,0.0,-0.351054,-0.193147,ALB,BHR,8431
2957506,7,24,1355,2017.0,360281.0,473632.0,0.222875,-0.204271,ARE,BHR,8431
2957507,14,24,1355,2017.0,4463.0,0.0,-0.598537,-0.23571,AUS,BHR,8431
2957508,22,24,1355,2017.0,85957.0,0.0,-1.007846,-1.112069,BGD,BHR,8431
2957509,23,24,1355,2017.0,15503.0,0.0,0.563342,1.744989,BGR,BHR,8431
2957510,26,24,1355,2017.0,11296.0,0.0,0.584825,0.9219,BIH,BHR,8431
2957511,41,24,1355,2017.0,38078.0,3774.0,2.2443459999999997,0.836363,CHE,BHR,8431
2957512,43,24,1355,2017.0,8819915.0,0.0,1.2888030000000001,0.9250700000000001,CHN,BHR,8431
2957513,61,24,1355,2017.0,33488.0,0.0,2.164026,-2.458307,DEU,BHR,8431
2957514,68,24,1355,2017.0,8558.0,0.0,-0.09792100000000001,1.9664270000000001,EGY,BHR,8431
2957515,71,24,1355,2017.0,558195.0,4615.0,0.7720279999999999,2.434042,ESP,BHR,8431
2957516,77,24,1355,2017.0,88512.0,0.0,1.3874030000000002,0.8887719999999999,FRA,BHR,8431
2957517,81,24,1355,2017.0,364891.0,2290.0,1.499843,1.120201,GBR,BHR,8431
2957518,90,24,1355,2017.0,2198.0,0.0,0.10646300000000002,1.0936290000000002,GRC,BHR,8431
2957519,97,24,1355,2017.0,35053.0,0.0,0.877065,1.1615520000000001,HKG,BHR,8431
2957520,102,24,1355,2017.0,9001.0,0.0,1.6949029999999998,0.723915,HUN,BHR,8431
2957521,103,24,1355,2017.0,39044.0,0.0,-0.072977,1.376847,IDN,BHR,8431
2957522,104,24,1355,2017.0,1526868.0,0.0,0.262126,2.8212040000000003,IND,BHR,8431
2957523,111,24,1355,2017.0,306696.0,0.0,1.4374559999999998,0.21079699999999998,ITA,BHR,8431
2957524,114,24,1355,2017.0,10161.0,0.0,2.4440779999999998,-0.46107700000000007,JPN,BHR,8431
2957525,118,24,1355,2017.0,19270.0,0.0,-0.654185,-0.655463,KHM,BHR,8431
2957526,121,24,1355,2017.0,1689.0,0.0,2.1277470000000003,0.8218719999999999,KOR,BHR,8431
2957527,122,24,1355,2017.0,49381.0,1584400.0,-0.264903,-1.112018,KWT,BHR,8431
2957528,124,24,1355,2017.0,69575.0,0.0,0.437192,1.027289,LBN,BHR,8431
2957529,128,24,1355,2017.0,6441.0,0.0,-0.506691,0.43309200000000003,LKA,BHR,8431
2957530,134,24,1355,2017.0,77139.0,0.0,-0.593987,-0.093414,MAR,BHR,8431
2957531,135,24,1355,2017.0,21364.0,0.0,-0.135731,-0.008816,MDA,BHR,8431
2957532,140,24,1355,2017.0,5927.0,0.0,-0.12182799999999999,-0.333793,MKD,BHR,8431
2957533,143,24,1355,2017.0,13368.0,0.0,-0.9113129999999999,-0.21514,MMR,BHR,8431
2957534,151,24,1355,2017.0,1660.0,0.0,-0.166097,-0.050332,MUS,BHR,8431
2957535,153,24,1355,2017.0,80517.0,0.0,1.022117,0.6711739999999999,MYS,BHR,8431
2957536,168,24,1355,2017.0,53140.0,0.0,-0.737436,0.345773,PAK,BHR,8431
2957537,177,24,1355,2017.0,34151.0,0.0,1.212941,0.917751,POL,BHR,8431
2957538,179,24,1355,2017.0,35537.0,0.0,0.692908,2.05977,PRT,BHR,8431
2957539,183,24,1355,2017.0,13074.0,993225.0,-0.42615600000000003,-1.0956489999999999,QAT,BHR,8431
2957540,185,24,1355,2017.0,73789.0,0.0,1.145161,1.095192,ROU,BHR,8431
2957541,186,24,1355,2017.0,2364.0,0.0,0.07402,0.248236,RUS,BHR,8431
2957542,188,24,1355,2017.0,110244.0,3739631.0,0.508031,-0.42373500000000003,SAU,BHR,8431
2957543,196,24,1355,2017.0,1772.0,0.0,-0.5391520000000001,-0.570954,SLE,BHR,8431
2957544,206,24,1355,2017.0,11082.0,0.0,1.484316,0.811826,SVK,BHR,8431
2957545,207,24,1355,2017.0,1409.0,0.0,1.597178,0.753722,SVN,BHR,8431
2957546,212,24,1355,2017.0,5327.0,0.0,-0.65347,0.085392,SYR,BHR,8431
2957547,216,24,1355,2017.0,19685.0,0.0,1.15791,1.282718,THA,BHR,8431
2957548,218,24,1355,2017.0,1536.0,0.0,0.382979,-0.24692399999999998,TKL,BHR,8431
2957549,223,24,1355,2017.0,5049.0,0.0,0.31342600000000004,1.071153,TUN,BHR,8431
2957550,224,24,1355,2017.0,324879.0,0.0,0.601079,2.126314,TUR,BHR,8431
2957551,228,24,1355,2017.0,8432.0,0.0,0.34780900000000003,1.076817,UKR,BHR,8431
2957552,231,24,1355,2017.0,112748.0,0.0,1.536355,0.23775100000000002,USA,BHR,8431
2957553,239,24,1355,2017.0,92647.0,0.0,-0.006548999999999999,0.7030420000000001,VNM,BHR,8431
2957554,250,24,1355,2017.0,1946.0,0.0,0.472054,-0.363374,ANS,BHR,8431
2957555,4,26,1355,2017.0,9245.0,0.0,-0.351054,-0.193147,ALB,BIH,8431
2957556,7,26,1355,2017.0,0.0,370562.0,0.222875,-0.204271,ARE,BIH,8431
2957557,9,26,1355,2017.0,0.0,9009.0,-0.422667,-0.824041,ARM,BIH,8431
2957558,14,26,1355,2017.0,0.0,648792.0,-0.598537,-0.23571,AUS,BIH,8431
2957559,15,26,1355,2017.0,37797.0,968040.0,1.722766,-0.077938,AUT,BIH,8431
2957560,16,26,1355,2017.0,0.0,15760.0,-1.665069,-1.37471,AZE,BIH,8431
2957561,18,26,1355,2017.0,11147.0,0.0,1.2396969999999998,1.1699760000000001,BEL,BIH,8431
2957562,22,26,1355,2017.0,290923.0,0.0,-1.007846,-1.112069,BGD,BIH,8431
2957563,23,26,1355,2017.0,56330.0,0.0,0.563342,1.744989,BGR,BIH,8431
2957564,24,26,1355,2017.0,0.0,11296.0,0.160574,-0.708064,BHR,BIH,8431
2957565,28,26,1355,2017.0,17929.0,0.0,0.9188780000000001,0.9998819999999999,BLR,BIH,8431
2957566,32,26,1355,2017.0,0.0,158718.0,0.103119,0.808438,BRA,BIH,8431
2957567,39,26,1355,2017.0,1726.0,1315796.0,0.661032,1.331443,CAN,BIH,8431
2957568,41,26,1355,2017.0,0.0,404378.0,2.2443459999999997,0.836363,CHE,BIH,8431
2957569,43,26,1355,2017.0,727744.0,6065856.0,1.2888030000000001,0.9250700000000001,CHN,BIH,8431
2957570,59,26,1355,2017.0,3796.0,24810.0,1.8494680000000001,0.150088,CZE,BIH,8431
2957571,61,26,1355,2017.0,797167.0,5326408.0,2.164026,-2.458307,DEU,BIH,8431
2957572,64,26,1355,2017.0,3160.0,0.0,1.143276,1.242437,DNK,BIH,8431
2957573,66,26,1355,2017.0,0.0,1831.0,-0.918984,-1.177867,DZA,BIH,8431
2957574,68,26,1355,2017.0,1930.0,0.0,-0.09792100000000001,1.9664270000000001,EGY,BIH,8431
2957575,71,26,1355,2017.0,684608.0,2152695.0,0.7720279999999999,2.434042,ESP,BIH,8431
2957576,72,26,1355,2017.0,0.0,14553.0,1.004481,1.311075,EST,BIH,8431
2957577,74,26,1355,2017.0,2221.0,12383.0,1.6562990000000002,0.94619,FIN,BIH,8431
2957578,77,26,1355,2017.0,41264.0,5608589.0,1.3874030000000002,0.8887719999999999,FRA,BIH,8431
2957579,81,26,1355,2017.0,12752.0,419653.0,1.499843,1.120201,GBR,BIH,8431
2957580,100,26,1355,2017.0,234568.0,78956.0,0.8933700000000001,1.4400469999999999,HRV,BIH,8431
2957581,102,26,1355,2017.0,333830.0,0.0,1.6949029999999998,0.723915,HUN,BIH,8431
2957582,103,26,1355,2017.0,4135.0,0.0,-0.072977,1.376847,IDN,BIH,8431
2957583,104,26,1355,2017.0,10919.0,0.0,0.262126,2.8212040000000003,IND,BIH,8431
2957584,106,26,1355,2017.0,0.0,97291.0,1.444823,0.158356,IRL,BIH,8431
2957585,111,26,1355,2017.0,386366.0,1659419.0,1.4374559999999998,0.21079699999999998,ITA,BIH,8431
2957586,114,26,1355,2017.0,0.0,1293850.0,2.4440779999999998,-0.46107700000000007,JPN,BIH,8431
2957587,115,26,1355,2017.0,0.0,12816.0,-0.47984399999999994,-0.40618699999999996,KAZ,BIH,8431
2957588,118,26,1355,2017.0,28451.0,0.0,-0.654185,-0.655463,KHM,BIH,8431
2957589,121,26,1355,2017.0,0.0,2777661.0,2.1277470000000003,0.8218719999999999,KOR,BIH,8431
2957590,122,26,1355,2017.0,0.0,49725.0,-0.264903,-1.112018,KWT,BIH,8431
2957591,124,26,1355,2017.0,0.0,79811.0,0.437192,1.027289,LBN,BIH,8431
2957592,131,26,1355,2017.0,0.0,9366.0,1.1461629999999998,1.434994,LUX,BIH,8431
2957593,134,26,1355,2017.0,253548.0,0.0,-0.593987,-0.093414,MAR,BIH,8431
2957594,135,26,1355,2017.0,18044.0,0.0,-0.135731,-0.008816,MDA,BIH,8431
2957595,138,26,1355,2017.0,0.0,65757.0,1.348763,0.6145010000000001,MEX,BIH,8431
2957596,140,26,1355,2017.0,64071.0,1286.0,-0.12182799999999999,-0.333793,MKD,BIH,8431
2957597,143,26,1355,2017.0,44101.0,0.0,-0.9113129999999999,-0.21514,MMR,BIH,8431
2957598,144,26,1355,2017.0,0.0,9244.0,0.132462,-0.071601,MNE,BIH,8431
2957599,153,26,1355,2017.0,2741.0,0.0,1.022117,0.6711739999999999,MYS,BIH,8431
2957600,162,26,1355,2017.0,51267.0,5264.0,1.090805,1.452409,NLD,BIH,8431
2957601,163,26,1355,2017.0,0.0,60802.0,0.393228,0.049788,NOR,BIH,8431
2957602,166,26,1355,2017.0,0.0,3622.0,0.154926,0.10981500000000001,NZL,BIH,8431
2957603,177,26,1355,2017.0,61818.0,94828.0,1.212941,0.917751,POL,BIH,8431
2957604,179,26,1355,2017.0,8351.0,0.0,0.692908,2.05977,PRT,BIH,8431
2957605,183,26,1355,2017.0,0.0,60470.0,-0.42615600000000003,-1.0956489999999999,QAT,BIH,8431
2957606,185,26,1355,2017.0,155081.0,158729.0,1.145161,1.095192,ROU,BIH,8431
2957607,186,26,1355,2017.0,0.0,407888.0,0.07402,0.248236,RUS,BIH,8431
2957608,192,26,1355,2017.0,0.0,23286.0,1.8943720000000002,0.449316,SGP,BIH,8431
2957609,201,26,1355,2017.0,1026346.0,34635.0,0.59312,1.535527,SRB,BIH,8431
2957610,206,26,1355,2017.0,29005.0,3303.0,1.484316,0.811826,SVK,BIH,8431
2957611,207,26,1355,2017.0,155650.0,408416.0,1.597178,0.753722,SVN,BIH,8431
2957612,216,26,1355,2017.0,0.0,60729.0,1.15791,1.282718,THA,BIH,8431
2957613,223,26,1355,2017.0,5264.0,14819.0,0.31342600000000004,1.071153,TUN,BIH,8431
2957614,224,26,1355,2017.0,779691.0,364451.0,0.601079,2.126314,TUR,BIH,8431
2957615,228,26,1355,2017.0,32148.0,0.0,0.34780900000000003,1.076817,UKR,BIH,8431
2957616,231,26,1355,2017.0,0.0,5834730.0,1.536355,0.23775100000000002,USA,BIH,8431
2957617,239,26,1355,2017.0,291118.0,0.0,-0.006548999999999999,0.7030420000000001,VNM,BIH,8431
2957618,246,26,1355,2017.0,0.0,50877.0,-0.048668,1.283483,ZAF,BIH,8431
2957619,249,26,1355,2017.0,0.0,778115.0,2.003822,1.215216,TWN,BIH,8431
2957620,4,28,1355,2017.0,11830.0,0.0,-0.351054,-0.193147,ALB,BLR,8431
2957621,7,28,1355,2017.0,0.0,12402.0,0.222875,-0.204271,ARE,BLR,8431
2957622,9,28,1355,2017.0,0.0,5430.0,-0.422667,-0.824041,ARM,BLR,8431
2957623,14,28,1355,2017.0,0.0,1361.0,-0.598537,-0.23571,AUS,BLR,8431
2957624,15,28,1355,2017.0,25175.0,242706.0,1.722766,-0.077938,AUT,BLR,8431
2957625,16,28,1355,2017.0,0.0,1030.0,-1.665069,-1.37471,AZE,BLR,8431
2957626,22,28,1355,2017.0,113555.0,0.0,-1.007846,-1.112069,BGD,BLR,8431
2957627,23,28,1355,2017.0,42946.0,0.0,0.563342,1.744989,BGR,BLR,8431
2957628,26,28,1355,2017.0,0.0,17929.0,0.584825,0.9219,BIH,BLR,8431
2957629,39,28,1355,2017.0,0.0,150400.0,0.661032,1.331443,CAN,BLR,8431
2957630,41,28,1355,2017.0,2516.0,203716.0,2.2443459999999997,0.836363,CHE,BLR,8431
2957631,43,28,1355,2017.0,540919.0,74628.0,1.2888030000000001,0.9250700000000001,CHN,BLR,8431
2957632,58,28,1355,2017.0,0.0,3194.0,0.35097399999999995,0.103466,CYP,BLR,8431
2957633,59,28,1355,2017.0,54931.0,32507.0,1.8494680000000001,0.150088,CZE,BLR,8431
2957634,61,28,1355,2017.0,325940.0,1599193.0,2.164026,-2.458307,DEU,BLR,8431
2957635,64,28,1355,2017.0,31679.0,0.0,1.143276,1.242437,DNK,BLR,8431
2957636,71,28,1355,2017.0,237850.0,6090.0,0.7720279999999999,2.434042,ESP,BLR,8431
2957637,72,28,1355,2017.0,372739.0,60454.0,1.004481,1.311075,EST,BLR,8431
2957638,74,28,1355,2017.0,0.0,439689.0,1.6562990000000002,0.94619,FIN,BLR,8431
2957639,77,28,1355,2017.0,5282.0,427574.0,1.3874030000000002,0.8887719999999999,FRA,BLR,8431
2957640,81,28,1355,2017.0,17635.0,254736.0,1.499843,1.120201,GBR,BLR,8431
2957641,90,28,1355,2017.0,1538.0,0.0,0.10646300000000002,1.0936290000000002,GRC,BLR,8431
2957642,100,28,1355,2017.0,4365.0,0.0,0.8933700000000001,1.4400469999999999,HRV,BLR,8431
2957643,102,28,1355,2017.0,18341.0,0.0,1.6949029999999998,0.723915,HUN,BLR,8431
2957644,103,28,1355,2017.0,3539.0,0.0,-0.072977,1.376847,IDN,BLR,8431
2957645,104,28,1355,2017.0,2272.0,0.0,0.262126,2.8212040000000003,IND,BLR,8431
2957646,106,28,1355,2017.0,0.0,53014.0,1.444823,0.158356,IRL,BLR,8431
2957647,109,28,1355,2017.0,0.0,1062.0,0.279223,-0.34883600000000003,ISL,BLR,8431
2957648,110,28,1355,2017.0,0.0,1404.0,1.158779,0.8909020000000001,ISR,BLR,8431
2957649,111,28,1355,2017.0,249641.0,0.0,1.4374559999999998,0.21079699999999998,ITA,BLR,8431
2957650,114,28,1355,2017.0,0.0,121192.0,2.4440779999999998,-0.46107700000000007,JPN,BLR,8431
2957651,115,28,1355,2017.0,166023.0,80189.0,-0.47984399999999994,-0.40618699999999996,KAZ,BLR,8431
2957652,117,28,1355,2017.0,1127.0,17557.0,0.056509000000000004,0.363176,KGZ,BLR,8431
2957653,118,28,1355,2017.0,26670.0,0.0,-0.654185,-0.655463,KHM,BLR,8431
2957654,121,28,1355,2017.0,0.0,6759.0,2.1277470000000003,0.8218719999999999,KOR,BLR,8431
2957655,124,28,1355,2017.0,0.0,3167.0,0.437192,1.027289,LBN,BLR,8431
2957656,128,28,1355,2017.0,1023.0,0.0,-0.506691,0.43309200000000003,LKA,BLR,8431
2957657,130,28,1355,2017.0,214001.0,1238305.0,0.770556,1.555233,LTU,BLR,8431
2957658,131,28,1355,2017.0,0.0,9400.0,1.1461629999999998,1.434994,LUX,BLR,8431
2957659,132,28,1355,2017.0,23678.0,247822.0,0.644285,1.4304290000000002,LVA,BLR,8431
2957660,134,28,1355,2017.0,88729.0,0.0,-0.593987,-0.093414,MAR,BLR,8431
2957661,135,28,1355,2017.0,24856.0,4963.0,-0.135731,-0.008816,MDA,BLR,8431
2957662,140,28,1355,2017.0,6512.0,0.0,-0.12182799999999999,-0.333793,MKD,BLR,8431
2957663,143,28,1355,2017.0,77568.0,0.0,-0.9113129999999999,-0.21514,MMR,BLR,8431
2957664,144,28,1355,2017.0,0.0,6825.0,0.132462,-0.071601,MNE,BLR,8431
2957665,151,28,1355,2017.0,1529.0,0.0,-0.166097,-0.050332,MUS,BLR,8431
2957666,162,28,1355,2017.0,7226.0,15274.0,1.090805,1.452409,NLD,BLR,8431
2957667,163,28,1355,2017.0,0.0,16443.0,0.393228,0.049788,NOR,BLR,8431
2957668,177,28,1355,2017.0,265649.0,28480.0,1.212941,0.917751,POL,BLR,8431
2957669,179,28,1355,2017.0,20637.0,0.0,0.692908,2.05977,PRT,BLR,8431
2957670,185,28,1355,2017.0,153616.0,0.0,1.145161,1.095192,ROU,BLR,8431
2957671,186,28,1355,2017.0,4398303.0,13418337.0,0.07402,0.248236,RUS,BLR,8431
2957672,192,28,1355,2017.0,0.0,1720.0,1.8943720000000002,0.449316,SGP,BLR,8431
2957673,201,28,1355,2017.0,6828.0,9568.0,0.59312,1.535527,SRB,BLR,8431
2957674,206,28,1355,2017.0,39869.0,4263.0,1.484316,0.811826,SVK,BLR,8431
2957675,207,28,1355,2017.0,0.0,27195.0,1.597178,0.753722,SVN,BLR,8431
2957676,223,28,1355,2017.0,7424.0,0.0,0.31342600000000004,1.071153,TUN,BLR,8431
2957677,224,28,1355,2017.0,513542.0,2598.0,0.601079,2.126314,TUR,BLR,8431
2957678,228,28,1355,2017.0,43181.0,22730.0,0.34780900000000003,1.076817,UKR,BLR,8431
2957679,231,28,1355,2017.0,0.0,78848.0,1.536355,0.23775100000000002,USA,BLR,8431
2957680,239,28,1355,2017.0,89390.0,0.0,-0.006548999999999999,0.7030420000000001,VNM,BLR,8431
2957681,249,28,1355,2017.0,1216.0,1244.0,2.003822,1.215216,TWN,BLR,8431
2957682,7,31,1355,2017.0,0.0,3932.0,0.222875,-0.204271,ARE,BOL,8431
2957683,22,31,1355,2017.0,12452.0,0.0,-1.007846,-1.112069,BGD,BOL,8431
2957684,32,31,1355,2017.0,12288.0,0.0,0.103119,0.808438,BRA,BOL,8431
2957685,41,31,1355,2017.0,0.0,6413.0,2.2443459999999997,0.836363,CHE,BOL,8431
2957686,42,31,1355,2017.0,1494408.0,7624.0,-0.282983,-0.33351,CHL,BOL,8431
2957687,43,31,1355,2017.0,671552.0,0.0,1.2888030000000001,0.9250700000000001,CHN,BOL,8431
2957688,49,31,1355,2017.0,29734.0,0.0,-0.039238999999999996,-0.246914,COL,BOL,8431
2957689,61,31,1355,2017.0,0.0,2711.0,2.164026,-2.458307,DEU,BOL,8431
2957690,67,31,1355,2017.0,14052.0,0.0,-1.109413,-1.1561270000000001,ECU,BOL,8431
2957691,71,31,1355,2017.0,94083.0,2917.0,0.7720279999999999,2.434042,ESP,BOL,8431
2957692,72,31,1355,2017.0,0.0,4180.0,1.004481,1.311075,EST,BOL,8431
2957693,77,31,1355,2017.0,0.0,68568.0,1.3874030000000002,0.8887719999999999,FRA,BOL,8431
2957694,103,31,1355,2017.0,3725.0,0.0,-0.072977,1.376847,IDN,BOL,8431
2957695,104,31,1355,2017.0,6012.0,0.0,0.262126,2.8212040000000003,IND,BOL,8431
2957696,111,31,1355,2017.0,39674.0,0.0,1.4374559999999998,0.21079699999999998,ITA,BOL,8431
2957697,118,31,1355,2017.0,13665.0,0.0,-0.654185,-0.655463,KHM,BOL,8431
2957698,134,31,1355,2017.0,10680.0,0.0,-0.593987,-0.093414,MAR,BOL,8431
2957699,153,31,1355,2017.0,4211.0,0.0,1.022117,0.6711739999999999,MYS,BOL,8431
2957700,169,31,1355,2017.0,4754.0,0.0,0.638093,1.01027,PAN,BOL,8431
2957701,173,31,1355,2017.0,104625.0,1021.0,-0.8214469999999999,-0.333306,PER,BOL,8431
2957702,174,31,1355,2017.0,3214.0,0.0,0.717074,0.224219,PHL,BOL,8431
2957703,179,31,1355,2017.0,1880.0,0.0,0.692908,2.05977,PRT,BOL,8431
2957704,185,31,1355,2017.0,7140.0,0.0,1.145161,1.095192,ROU,BOL,8431
2957705,192,31,1355,2017.0,0.0,3740.0,1.8943720000000002,0.449316,SGP,BOL,8431
2957706,216,31,1355,2017.0,1173.0,0.0,1.15791,1.282718,THA,BOL,8431
2957707,223,31,1355,2017.0,1457.0,0.0,0.31342600000000004,1.071153,TUN,BOL,8431
2957708,231,31,1355,2017.0,10289.0,0.0,1.536355,0.23775100000000002,USA,BOL,8431
2957709,239,31,1355,2017.0,71233.0,0.0,-0.006548999999999999,0.7030420000000001,VNM,BOL,8431
2957710,4,59,1355,2017.0,9982.0,0.0,-0.351054,-0.193147,ALB,CZE,8431
2957711,7,59,1355,2017.0,3518.0,0.0,0.222875,-0.204271,ARE,CZE,8431
2957712,9,59,1355,2017.0,18567.0,1480.0,-0.422667,-0.824041,ARM,CZE,8431
2957713,14,59,1355,2017.0,0.0,15147.0,-0.598537,-0.23571,AUS,CZE,8431
2957714,15,59,1355,2017.0,3017518.0,3711397.0,1.722766,-0.077938,AUT,CZE,8431
2957715,16,59,1355,2017.0,0.0,1282.0,-1.665069,-1.37471,AZE,CZE,8431
2957716,18,59,1355,2017.0,50757.0,314632.0,1.2396969999999998,1.1699760000000001,BEL,CZE,8431
2957717,22,59,1355,2017.0,1918345.0,0.0,-1.007846,-1.112069,BGD,CZE,8431
2957718,23,59,1355,2017.0,362232.0,76378.0,0.563342,1.744989,BGR,CZE,8431
2957719,26,59,1355,2017.0,24810.0,3796.0,0.584825,0.9219,BIH,CZE,8431
2957720,28,59,1355,2017.0,32507.0,54931.0,0.9188780000000001,0.9998819999999999,BLR,CZE,8431
2957721,39,59,1355,2017.0,1008.0,28173.0,0.661032,1.331443,CAN,CZE,8431
2957722,41,59,1355,2017.0,59514.0,282410.0,2.2443459999999997,0.836363,CHE,CZE,8431
2957723,42,59,1355,2017.0,0.0,29591.0,-0.282983,-0.33351,CHL,CZE,8431
2957724,43,59,1355,2017.0,6582910.0,7548.0,1.2888030000000001,0.9250700000000001,CHN,CZE,8431
2957725,58,59,1355,2017.0,22257.0,0.0,0.35097399999999995,0.103466,CYP,CZE,8431
2957726,61,59,1355,2017.0,11203525.0,17059264.0,2.164026,-2.458307,DEU,CZE,8431
2957727,64,59,1355,2017.0,557085.0,132334.0,1.143276,1.242437,DNK,CZE,8431
2957728,68,59,1355,2017.0,3909.0,0.0,-0.09792100000000001,1.9664270000000001,EGY,CZE,8431
2957729,71,59,1355,2017.0,5385532.0,223191.0,0.7720279999999999,2.434042,ESP,CZE,8431
2957730,72,59,1355,2017.0,8341.0,75952.0,1.004481,1.311075,EST,CZE,8431
2957731,74,59,1355,2017.0,22473.0,37187.0,1.6562990000000002,0.94619,FIN,CZE,8431
2957732,77,59,1355,2017.0,2871345.0,250636.0,1.3874030000000002,0.8887719999999999,FRA,CZE,8431
2957733,81,59,1355,2017.0,3123353.0,367619.0,1.499843,1.120201,GBR,CZE,8431
2957734,82,59,1355,2017.0,0.0,12269.0,-0.252287,-0.172336,GEO,CZE,8431
2957735,90,59,1355,2017.0,24326.0,24102.0,0.10646300000000002,1.0936290000000002,GRC,CZE,8431
2957736,97,59,1355,2017.0,327609.0,0.0,0.877065,1.1615520000000001,HKG,CZE,8431
2957737,100,59,1355,2017.0,58107.0,47757.0,0.8933700000000001,1.4400469999999999,HRV,CZE,8431
2957738,102,59,1355,2017.0,455774.0,225161.0,1.6949029999999998,0.723915,HUN,CZE,8431
2957739,103,59,1355,2017.0,231814.0,0.0,-0.072977,1.376847,IDN,CZE,8431
2957740,104,59,1355,2017.0,119694.0,0.0,0.262126,2.8212040000000003,IND,CZE,8431
2957741,106,59,1355,2017.0,3095.0,11516.0,1.444823,0.158356,IRL,CZE,8431
2957742,109,59,1355,2017.0,0.0,15672.0,0.279223,-0.34883600000000003,ISL,CZE,8431
2957743,110,59,1355,2017.0,0.0,5363.0,1.158779,0.8909020000000001,ISR,CZE,8431
2957744,111,59,1355,2017.0,9404388.0,546474.0,1.4374559999999998,0.21079699999999998,ITA,CZE,8431
2957745,114,59,1355,2017.0,3222.0,89345.0,2.4440779999999998,-0.46107700000000007,JPN,CZE,8431
2957746,115,59,1355,2017.0,0.0,21485.0,-0.47984399999999994,-0.40618699999999996,KAZ,CZE,8431
2957747,116,59,1355,2017.0,6372.0,0.0,-0.549171,0.39358899999999997,KEN,CZE,8431
2957748,117,59,1355,2017.0,23552.0,1152.0,0.056509000000000004,0.363176,KGZ,CZE,8431
2957749,118,59,1355,2017.0,604583.0,0.0,-0.654185,-0.655463,KHM,CZE,8431
2957750,121,59,1355,2017.0,3251.0,25485.0,2.1277470000000003,0.8218719999999999,KOR,CZE,8431
2957751,124,59,1355,2017.0,0.0,2220.0,0.437192,1.027289,LBN,CZE,8431
2957752,128,59,1355,2017.0,101393.0,0.0,-0.506691,0.43309200000000003,LKA,CZE,8431
2957753,130,59,1355,2017.0,55669.0,315461.0,0.770556,1.555233,LTU,CZE,8431
2957754,131,59,1355,2017.0,21855.0,13323.0,1.1461629999999998,1.434994,LUX,CZE,8431
2957755,132,59,1355,2017.0,19545.0,180105.0,0.644285,1.4304290000000002,LVA,CZE,8431
2957756,133,59,1355,2017.0,44552.0,0.0,0.33025,-0.008723999999999999,MAC,CZE,8431
2957757,134,59,1355,2017.0,1116192.0,0.0,-0.593987,-0.093414,MAR,CZE,8431
2957758,135,59,1355,2017.0,93867.0,0.0,-0.135731,-0.008816,MDA,CZE,8431
2957759,136,59,1355,2017.0,2345.0,0.0,-1.098631,-0.8503069999999999,MDG,CZE,8431
2957760,140,59,1355,2017.0,179130.0,0.0,-0.12182799999999999,-0.333793,MKD,CZE,8431
2957761,142,59,1355,2017.0,1183.0,0.0,0.9943420000000001,0.181922,MLT,CZE,8431
2957762,143,59,1355,2017.0,1987949.0,0.0,-0.9113129999999999,-0.21514,MMR,CZE,8431
2957763,145,59,1355,2017.0,9631.0,3093.0,-1.110506,-1.179734,MNG,CZE,8431
2957764,151,59,1355,2017.0,4434.0,0.0,-0.166097,-0.050332,MUS,CZE,8431
2957765,153,59,1355,2017.0,5018.0,0.0,1.022117,0.6711739999999999,MYS,CZE,8431
2957766,162,59,1355,2017.0,1993852.0,1092908.0,1.090805,1.452409,NLD,CZE,8431
2957767,163,59,1355,2017.0,9714.0,68063.0,0.393228,0.049788,NOR,CZE,8431
2957768,164,59,1355,2017.0,29224.0,0.0,-0.076879,0.530485,NPL,CZE,8431
2957769,166,59,1355,2017.0,0.0,4514.0,0.154926,0.10981500000000001,NZL,CZE,8431
2957770,168,59,1355,2017.0,138472.0,0.0,-0.737436,0.345773,PAK,CZE,8431
2957771,174,59,1355,2017.0,8453.0,0.0,0.717074,0.224219,PHL,CZE,8431
2957772,177,59,1355,2017.0,9785368.0,1602693.0,1.212941,0.917751,POL,CZE,8431
2957773,179,59,1355,2017.0,62618.0,6424.0,0.692908,2.05977,PRT,CZE,8431
2957774,185,59,1355,2017.0,433320.0,225516.0,1.145161,1.095192,ROU,CZE,8431
2957775,186,59,1355,2017.0,15220.0,108492.0,0.07402,0.248236,RUS,CZE,8431
2957776,188,59,1355,2017.0,0.0,9786.0,0.508031,-0.42373500000000003,SAU,CZE,8431
2957777,192,59,1355,2017.0,0.0,15051.0,1.8943720000000002,0.449316,SGP,CZE,8431
2957778,201,59,1355,2017.0,14980.0,79511.0,0.59312,1.535527,SRB,CZE,8431
2957779,206,59,1355,2017.0,6387388.0,3821197.0,1.484316,0.811826,SVK,CZE,8431
2957780,207,59,1355,2017.0,31084.0,193744.0,1.597178,0.753722,SVN,CZE,8431
2957781,208,59,1355,2017.0,471977.0,139060.0,1.695113,0.6885060000000001,SWE,CZE,8431
2957782,216,59,1355,2017.0,16150.0,3787.0,1.15791,1.282718,THA,CZE,8431
2957783,223,59,1355,2017.0,60937.0,0.0,0.31342600000000004,1.071153,TUN,CZE,8431
2957784,224,59,1355,2017.0,1739530.0,19735.0,0.601079,2.126314,TUR,CZE,8431
2957785,228,59,1355,2017.0,364095.0,14252.0,0.34780900000000003,1.076817,UKR,CZE,8431
2957786,231,59,1355,2017.0,18329.0,226130.0,1.536355,0.23775100000000002,USA,CZE,8431
2957787,232,59,1355,2017.0,15210.0,0.0,-0.386302,-0.35475999999999996,UZB,CZE,8431
2957788,239,59,1355,2017.0,711221.0,0.0,-0.006548999999999999,0.7030420000000001,VNM,CZE,8431
2957789,249,59,1355,2017.0,12580.0,10583.0,2.003822,1.215216,TWN,CZE,8431
2957790,250,59,1355,2017.0,97924.0,2448.0,0.472054,-0.363374,ANS,CZE,8431
2957791,7,68,1355,2017.0,568008.0,203744.0,0.222875,-0.204271,ARE,EGY,8431
2957792,14,68,1355,2017.0,0.0,2830.0,-0.598537,-0.23571,AUS,EGY,8431
2957793,15,68,1355,2017.0,3127.0,1963.0,1.722766,-0.077938,AUT,EGY,8431
2957794,18,68,1355,2017.0,1376.0,0.0,1.2396969999999998,1.1699760000000001,BEL,EGY,8431
2957795,22,68,1355,2017.0,68548.0,0.0,-1.007846,-1.112069,BGD,EGY,8431
2957796,23,68,1355,2017.0,11884.0,0.0,0.563342,1.744989,BGR,EGY,8431
2957797,24,68,1355,2017.0,0.0,8558.0,0.160574,-0.708064,BHR,EGY,8431
2957798,26,68,1355,2017.0,0.0,1930.0,0.584825,0.9219,BIH,EGY,8431
2957799,34,68,1355,2017.0,5811.0,0.0,0.13716,-0.783787,BRN,EGY,8431
2957800,39,68,1355,2017.0,0.0,3555.0,0.661032,1.331443,CAN,EGY,8431
2957801,41,68,1355,2017.0,1019.0,34417.0,2.2443459999999997,0.836363,CHE,EGY,8431
2957802,43,68,1355,2017.0,13764043.0,155666.0,1.2888030000000001,0.9250700000000001,CHN,EGY,8431
2957803,49,68,1355,2017.0,0.0,1325.0,-0.039238999999999996,-0.246914,COL,EGY,8431
2957804,59,68,1355,2017.0,0.0,3909.0,1.8494680000000001,0.150088,CZE,EGY,8431
2957805,61,68,1355,2017.0,370432.0,43234.0,2.164026,-2.458307,DEU,EGY,8431
2957806,64,68,1355,2017.0,4584.0,0.0,1.143276,1.242437,DNK,EGY,8431
2957807,65,68,1355,2017.0,0.0,1032.0,-0.314875,0.125244,DOM,EGY,8431
2957808,66,68,1355,2017.0,0.0,19488.0,-0.918984,-1.177867,DZA,EGY,8431
2957809,71,68,1355,2017.0,1159739.0,3059.0,0.7720279999999999,2.434042,ESP,EGY,8431
2957810,74,68,1355,2017.0,0.0,1412.0,1.6562990000000002,0.94619,FIN,EGY,8431
2957811,77,68,1355,2017.0,291020.0,30092.0,1.3874030000000002,0.8887719999999999,FRA,EGY,8431
2957812,81,68,1355,2017.0,55372.0,0.0,1.499843,1.120201,GBR,EGY,8431
2957813,90,68,1355,2017.0,0.0,72500.0,0.10646300000000002,1.0936290000000002,GRC,EGY,8431
2957814,97,68,1355,2017.0,30374.0,20450.0,0.877065,1.1615520000000001,HKG,EGY,8431
2957815,104,68,1355,2017.0,126145.0,0.0,0.262126,2.8212040000000003,IND,EGY,8431
2957816,106,68,1355,2017.0,0.0,4207.0,1.444823,0.158356,IRL,EGY,8431
2957817,108,68,1355,2017.0,0.0,67849.0,-1.135867,-0.9570700000000001,IRQ,EGY,8431
2957818,110,68,1355,2017.0,0.0,1072.0,1.158779,0.8909020000000001,ISR,EGY,8431
2957819,111,68,1355,2017.0,236003.0,454874.0,1.4374559999999998,0.21079699999999998,ITA,EGY,8431
2957820,113,68,1355,2017.0,0.0,26395.0,0.079237,0.182893,JOR,EGY,8431
2957821,114,68,1355,2017.0,0.0,34167.0,2.4440779999999998,-0.46107700000000007,JPN,EGY,8431
2957822,116,68,1355,2017.0,0.0,6137.0,-0.549171,0.39358899999999997,KEN,EGY,8431
2957823,121,68,1355,2017.0,10294.0,1881.0,2.1277470000000003,0.8218719999999999,KOR,EGY,8431
2957824,122,68,1355,2017.0,0.0,718882.0,-0.264903,-1.112018,KWT,EGY,8431
2957825,124,68,1355,2017.0,3593.0,438744.0,0.437192,1.027289,LBN,EGY,8431
2957826,131,68,1355,2017.0,0.0,1941.0,1.1461629999999998,1.434994,LUX,EGY,8431
2957827,134,68,1355,2017.0,0.0,20562.0,-0.593987,-0.093414,MAR,EGY,8431
2957828,153,68,1355,2017.0,0.0,15091.0,1.022117,0.6711739999999999,MYS,EGY,8431
2957829,159,68,1355,2017.0,0.0,5003.0,-1.784814,-1.310281,NGA,EGY,8431
2957830,162,68,1355,2017.0,4949.0,13327.0,1.090805,1.452409,NLD,EGY,8431
2957831,163,68,1355,2017.0,0.0,8069.0,0.393228,0.049788,NOR,EGY,8431
2957832,167,68,1355,2017.0,0.0,54735.0,-0.44851199999999997,-0.9820049999999999,OMN,EGY,8431
2957833,177,68,1355,2017.0,29480.0,0.0,1.212941,0.917751,POL,EGY,8431
2957834,179,68,1355,2017.0,1051.0,0.0,0.692908,2.05977,PRT,EGY,8431
2957835,181,68,1355,2017.0,0.0,6403.0,0.22982199999999997,0.768037,PSE,EGY,8431
2957836,183,68,1355,2017.0,0.0,178563.0,-0.42615600000000003,-1.0956489999999999,QAT,EGY,8431
2957837,186,68,1355,2017.0,0.0,31100.0,0.07402,0.248236,RUS,EGY,8431
2957838,188,68,1355,2017.0,16091.0,79743.0,0.508031,-0.42373500000000003,SAU,EGY,8431
2957839,190,68,1355,2017.0,0.0,3484.0,-1.488393,-1.236046,SDN,EGY,8431
2957840,192,68,1355,2017.0,4167.0,4013.0,1.8943720000000002,0.449316,SGP,EGY,8431
2957841,207,68,1355,2017.0,0.0,3162.0,1.597178,0.753722,SVN,EGY,8431
2957842,214,68,1355,2017.0,0.0,1589.0,-2.665337,-1.096819,TCD,EGY,8431
2957843,216,68,1355,2017.0,0.0,9135.0,1.15791,1.282718,THA,EGY,8431
2957844,223,68,1355,2017.0,0.0,18737.0,0.31342600000000004,1.071153,TUN,EGY,8431
2957845,224,68,1355,2017.0,3279257.0,65230.0,0.601079,2.126314,TUR,EGY,8431
2957846,227,68,1355,2017.0,0.0,10833.0,-0.593232,0.247873,UGA,EGY,8431
2957847,228,68,1355,2017.0,0.0,1721.0,0.34780900000000003,1.076817,UKR,EGY,8431
2957848,231,68,1355,2017.0,53064.0,223979.0,1.536355,0.23775100000000002,USA,EGY,8431
2957849,239,68,1355,2017.0,6501.0,0.0,-0.006548999999999999,0.7030420000000001,VNM,EGY,8431
2957850,243,68,1355,2017.0,0.0,9353.0,-1.1364370000000001,-1.167681,YEM,EGY,8431
2957851,246,68,1355,2017.0,0.0,12369.0,-0.048668,1.283483,ZAF,EGY,8431
2957852,4,72,1355,2017.0,11397.0,0.0,-0.351054,-0.193147,ALB,EST,8431
2957853,7,72,1355,2017.0,0.0,1908.0,0.222875,-0.204271,ARE,EST,8431
2957854,9,72,1355,2017.0,0.0,4083.0,-0.422667,-0.824041,ARM,EST,8431
2957855,14,72,1355,2017.0,0.0,1254.0,-0.598537,-0.23571,AUS,EST,8431
2957856,15,72,1355,2017.0,35041.0,101335.0,1.722766,-0.077938,AUT,EST,8431
2957857,18,72,1355,2017.0,50909.0,0.0,1.2396969999999998,1.1699760000000001,BEL,EST,8431
2957858,22,72,1355,2017.0,113682.0,0.0,-1.007846,-1.112069,BGD,EST,8431
2957859,23,72,1355,2017.0,69707.0,0.0,0.563342,1.744989,BGR,EST,8431
2957860,26,72,1355,2017.0,14553.0,0.0,0.584825,0.9219,BIH,EST,8431
2957861,28,72,1355,2017.0,60454.0,372739.0,0.9188780000000001,0.9998819999999999,BLR,EST,8431
2957862,31,72,1355,2017.0,4180.0,0.0,-1.032957,-0.9679840000000001,BOL,EST,8431
2957863,39,72,1355,2017.0,32282.0,8918.0,0.661032,1.331443,CAN,EST,8431
2957864,41,72,1355,2017.0,75200.0,68350.0,2.2443459999999997,0.836363,CHE,EST,8431
2957865,43,72,1355,2017.0,1805748.0,5614.0,1.2888030000000001,0.9250700000000001,CHN,EST,8431
2957866,59,72,1355,2017.0,75952.0,8341.0,1.8494680000000001,0.150088,CZE,EST,8431
2957867,61,72,1355,2017.0,1302539.0,517695.0,2.164026,-2.458307,DEU,EST,8431
2957868,64,72,1355,2017.0,293739.0,116883.0,1.143276,1.242437,DNK,EST,8431
2957869,71,72,1355,2017.0,1198540.0,62493.0,0.7720279999999999,2.434042,ESP,EST,8431
2957870,74,72,1355,2017.0,1401819.0,3282922.0,1.6562990000000002,0.94619,FIN,EST,8431
2957871,77,72,1355,2017.0,416659.0,3240.0,1.3874030000000002,0.8887719999999999,FRA,EST,8431
2957872,81,72,1355,2017.0,580740.0,45661.0,1.499843,1.120201,GBR,EST,8431
2957873,90,72,1355,2017.0,0.0,1559.0,0.10646300000000002,1.0936290000000002,GRC,EST,8431
2957874,97,72,1355,2017.0,74859.0,25010.0,0.877065,1.1615520000000001,HKG,EST,8431
2957875,100,72,1355,2017.0,1893.0,0.0,0.8933700000000001,1.4400469999999999,HRV,EST,8431
2957876,102,72,1355,2017.0,21843.0,0.0,1.6949029999999998,0.723915,HUN,EST,8431
2957877,103,72,1355,2017.0,22215.0,0.0,-0.072977,1.376847,IDN,EST,8431
2957878,104,72,1355,2017.0,23690.0,0.0,0.262126,2.8212040000000003,IND,EST,8431
2957879,109,72,1355,2017.0,0.0,6689.0,0.279223,-0.34883600000000003,ISL,EST,8431
2957880,110,72,1355,2017.0,4364.0,0.0,1.158779,0.8909020000000001,ISR,EST,8431
2957881,111,72,1355,2017.0,1721875.0,28625.0,1.4374559999999998,0.21079699999999998,ITA,EST,8431
2957882,114,72,1355,2017.0,15660.0,46681.0,2.4440779999999998,-0.46107700000000007,JPN,EST,8431
2957883,115,72,1355,2017.0,0.0,8271.0,-0.47984399999999994,-0.40618699999999996,KAZ,EST,8431
2957884,117,72,1355,2017.0,1018.0,0.0,0.056509000000000004,0.363176,KGZ,EST,8431
2957885,118,72,1355,2017.0,28046.0,0.0,-0.654185,-0.655463,KHM,EST,8431
2957886,121,72,1355,2017.0,7832.0,39826.0,2.1277470000000003,0.8218719999999999,KOR,EST,8431
2957887,124,72,1355,2017.0,0.0,1533.0,0.437192,1.027289,LBN,EST,8431
2957888,128,72,1355,2017.0,10834.0,0.0,-0.506691,0.43309200000000003,LKA,EST,8431
2957889,130,72,1355,2017.0,669865.0,2038167.0,0.770556,1.555233,LTU,EST,8431
2957890,131,72,1355,2017.0,0.0,2648.0,1.1461629999999998,1.434994,LUX,EST,8431
2957891,132,72,1355,2017.0,1358991.0,2882595.0,0.644285,1.4304290000000002,LVA,EST,8431
2957892,134,72,1355,2017.0,154646.0,0.0,-0.593987,-0.093414,MAR,EST,8431
2957893,135,72,1355,2017.0,31406.0,0.0,-0.135731,-0.008816,MDA,EST,8431
2957894,138,72,1355,2017.0,0.0,1373.0,1.348763,0.6145010000000001,MEX,EST,8431
2957895,140,72,1355,2017.0,24810.0,0.0,-0.12182799999999999,-0.333793,MKD,EST,8431
2957896,143,72,1355,2017.0,82435.0,0.0,-0.9113129999999999,-0.21514,MMR,EST,8431
2957897,162,72,1355,2017.0,687187.0,34505.0,1.090805,1.452409,NLD,EST,8431
2957898,163,72,1355,2017.0,1073.0,266991.0,0.393228,0.049788,NOR,EST,8431
2957899,168,72,1355,2017.0,10530.0,0.0,-0.737436,0.345773,PAK,EST,8431
2957900,173,72,1355,2017.0,1294.0,0.0,-0.8214469999999999,-0.333306,PER,EST,8431
2957901,174,72,1355,2017.0,1173.0,0.0,0.717074,0.224219,PHL,EST,8431
2957902,177,72,1355,2017.0,1222952.0,39398.0,1.212941,0.917751,POL,EST,8431
2957903,179,72,1355,2017.0,93405.0,0.0,0.692908,2.05977,PRT,EST,8431
2957904,183,72,1355,2017.0,0.0,7158.0,-0.42615600000000003,-1.0956489999999999,QAT,EST,8431
2957905,185,72,1355,2017.0,223365.0,6370.0,1.145161,1.095192,ROU,EST,8431
2957906,186,72,1355,2017.0,39349.0,1040350.0,0.07402,0.248236,RUS,EST,8431
2957907,188,72,1355,2017.0,0.0,1090.0,0.508031,-0.42373500000000003,SAU,EST,8431
2957908,201,72,1355,2017.0,0.0,56990.0,0.59312,1.535527,SRB,EST,8431
2957909,206,72,1355,2017.0,14650.0,0.0,1.484316,0.811826,SVK,EST,8431
2957910,207,72,1355,2017.0,0.0,18062.0,1.597178,0.753722,SVN,EST,8431
2957911,208,72,1355,2017.0,433143.0,762899.0,1.695113,0.6885060000000001,SWE,EST,8431
2957912,216,72,1355,2017.0,15595.0,0.0,1.15791,1.282718,THA,EST,8431
2957913,223,72,1355,2017.0,3235.0,0.0,0.31342600000000004,1.071153,TUN,EST,8431
2957914,224,72,1355,2017.0,34005.0,0.0,0.601079,2.126314,TUR,EST,8431
2957915,228,72,1355,2017.0,20438.0,422034.0,0.34780900000000003,1.076817,UKR,EST,8431
2957916,231,72,1355,2017.0,13045.0,112490.0,1.536355,0.23775100000000002,USA,EST,8431
2957917,239,72,1355,2017.0,211430.0,0.0,-0.006548999999999999,0.7030420000000001,VNM,EST,8431
2957918,249,72,1355,2017.0,0.0,3097.0,2.003822,1.215216,TWN,EST,8431
2957919,250,72,1355,2017.0,634598.0,0.0,0.472054,-0.363374,ANS,EST,8431
2957920,7,82,1355,2017.0,29871.0,11315.0,0.222875,-0.204271,ARE,GEO,8431
2957921,9,82,1355,2017.0,12749.0,74335.0,-0.422667,-0.824041,ARM,GEO,8431
2957922,14,82,1355,2017.0,0.0,51334.0,-0.598537,-0.23571,AUS,GEO,8431
2957923,15,82,1355,2017.0,10242.0,1550.0,1.722766,-0.077938,AUT,GEO,8431
2957924,16,82,1355,2017.0,12317.0,1987.0,-1.665069,-1.37471,AZE,GEO,8431
2957925,18,82,1355,2017.0,53037.0,0.0,1.2396969999999998,1.1699760000000001,BEL,GEO,8431
2957926,22,82,1355,2017.0,4048.0,0.0,-1.007846,-1.112069,BGD,GEO,8431
2957927,23,82,1355,2017.0,88063.0,0.0,0.563342,1.744989,BGR,GEO,8431
2957928,32,82,1355,2017.0,0.0,2000.0,0.103119,0.808438,BRA,GEO,8431
2957929,34,82,1355,2017.0,0.0,1136.0,0.13716,-0.783787,BRN,GEO,8431
2957930,39,82,1355,2017.0,1332.0,5321.0,0.661032,1.331443,CAN,GEO,8431
2957931,41,82,1355,2017.0,31201.0,56029.0,2.2443459999999997,0.836363,CHE,GEO,8431
2957932,43,82,1355,2017.0,3501258.0,4360866.0,1.2888030000000001,0.9250700000000001,CHN,GEO,8431
2957933,59,82,1355,2017.0,12269.0,0.0,1.8494680000000001,0.150088,CZE,GEO,8431
2957934,61,82,1355,2017.0,208816.0,1169103.0,2.164026,-2.458307,DEU,GEO,8431
2957935,64,82,1355,2017.0,1562.0,0.0,1.143276,1.242437,DNK,GEO,8431
2957936,71,82,1355,2017.0,631314.0,12556.0,0.7720279999999999,2.434042,ESP,GEO,8431
2957937,74,82,1355,2017.0,0.0,9114.0,1.6562990000000002,0.94619,FIN,GEO,8431
2957938,77,82,1355,2017.0,145541.0,32645.0,1.3874030000000002,0.8887719999999999,FRA,GEO,8431
2957939,81,82,1355,2017.0,52159.0,2722.0,1.499843,1.120201,GBR,GEO,8431
2957940,90,82,1355,2017.0,2736.0,0.0,0.10646300000000002,1.0936290000000002,GRC,GEO,8431
2957941,97,82,1355,2017.0,12680.0,7877.0,0.877065,1.1615520000000001,HKG,GEO,8431
2957942,100,82,1355,2017.0,36358.0,0.0,0.8933700000000001,1.4400469999999999,HRV,GEO,8431
2957943,102,82,1355,2017.0,1931.0,0.0,1.6949029999999998,0.723915,HUN,GEO,8431
2957944,104,82,1355,2017.0,19559.0,0.0,0.262126,2.8212040000000003,IND,GEO,8431
2957945,111,82,1355,2017.0,286255.0,1768386.0,1.4374559999999998,0.21079699999999998,ITA,GEO,8431
2957946,114,82,1355,2017.0,4112.0,684057.0,2.4440779999999998,-0.46107700000000007,JPN,GEO,8431
2957947,115,82,1355,2017.0,1880.0,2906.0,-0.47984399999999994,-0.40618699999999996,KAZ,GEO,8431
2957948,121,82,1355,2017.0,6187.0,1254870.0,2.1277470000000003,0.8218719999999999,KOR,GEO,8431
2957949,122,82,1355,2017.0,0.0,7899.0,-0.264903,-1.112018,KWT,GEO,8431
2957950,124,82,1355,2017.0,0.0,28828.0,0.437192,1.027289,LBN,GEO,8431
2957951,130,82,1355,2017.0,1436.0,0.0,0.770556,1.555233,LTU,GEO,8431
2957952,153,82,1355,2017.0,0.0,1911.0,1.022117,0.6711739999999999,MYS,GEO,8431
2957953,162,82,1355,2017.0,24448.0,0.0,1.090805,1.452409,NLD,GEO,8431
2957954,163,82,1355,2017.0,0.0,2331.0,0.393228,0.049788,NOR,GEO,8431
2957955,166,82,1355,2017.0,0.0,7884.0,0.154926,0.10981500000000001,NZL,GEO,8431
2957956,177,82,1355,2017.0,9292.0,1053.0,1.212941,0.917751,POL,GEO,8431
2957957,179,82,1355,2017.0,10930.0,0.0,0.692908,2.05977,PRT,GEO,8431
2957958,183,82,1355,2017.0,0.0,7174.0,-0.42615600000000003,-1.0956489999999999,QAT,GEO,8431
2957959,185,82,1355,2017.0,5708.0,0.0,1.145161,1.095192,ROU,GEO,8431
2957960,186,82,1355,2017.0,47468.0,119466.0,0.07402,0.248236,RUS,GEO,8431
2957961,192,82,1355,2017.0,0.0,33013.0,1.8943720000000002,0.449316,SGP,GEO,8431
2957962,206,82,1355,2017.0,29142.0,0.0,1.484316,0.811826,SVK,GEO,8431
2957963,207,82,1355,2017.0,0.0,5564.0,1.597178,0.753722,SVN,GEO,8431
2957964,216,82,1355,2017.0,0.0,23594.0,1.15791,1.282718,THA,GEO,8431
2957965,224,82,1355,2017.0,1578569.0,143508.0,0.601079,2.126314,TUR,GEO,8431
2957966,228,82,1355,2017.0,1049.0,0.0,0.34780900000000003,1.076817,UKR,GEO,8431
2957967,231,82,1355,2017.0,43516.0,9620.0,1.536355,0.23775100000000002,USA,GEO,8431
2957968,239,82,1355,2017.0,2702.0,1198.0,-0.006548999999999999,0.7030420000000001,VNM,GEO,8431
2957969,249,82,1355,2017.0,0.0,102465.0,2.003822,1.215216,TWN,GEO,8431
2957970,4,90,1355,2017.0,228132.0,109227.0,-0.351054,-0.193147,ALB,GRC,8431
2957971,7,90,1355,2017.0,2441.0,39884.0,0.222875,-0.204271,ARE,GRC,8431
2957972,14,90,1355,2017.0,0.0,44728.0,-0.598537,-0.23571,AUS,GRC,8431
2957973,15,90,1355,2017.0,307872.0,142284.0,1.722766,-0.077938,AUT,GRC,8431
2957974,18,90,1355,2017.0,152679.0,12094.0,1.2396969999999998,1.1699760000000001,BEL,GRC,8431
2957975,22,90,1355,2017.0,3160404.0,0.0,-1.007846,-1.112069,BGD,GRC,8431
2957976,23,90,1355,2017.0,1290528.0,461195.0,0.563342,1.744989,BGR,GRC,8431
2957977,24,90,1355,2017.0,0.0,2198.0,0.160574,-0.708064,BHR,GRC,8431
2957978,28,90,1355,2017.0,0.0,1538.0,0.9188780000000001,0.9998819999999999,BLR,GRC,8431
2957979,39,90,1355,2017.0,2824.0,13272.0,0.661032,1.331443,CAN,GRC,8431
2957980,41,90,1355,2017.0,12345.0,76120.0,2.2443459999999997,0.836363,CHE,GRC,8431
2957981,43,90,1355,2017.0,17083860.0,29391.0,1.2888030000000001,0.9250700000000001,CHN,GRC,8431
2957982,58,90,1355,2017.0,200781.0,1658000.0,0.35097399999999995,0.103466,CYP,GRC,8431
2957983,59,90,1355,2017.0,24102.0,24326.0,1.8494680000000001,0.150088,CZE,GRC,8431
2957984,61,90,1355,2017.0,2417075.0,1247181.0,2.164026,-2.458307,DEU,GRC,8431
2957985,64,90,1355,2017.0,416924.0,16024.0,1.143276,1.242437,DNK,GRC,8431
2957986,68,90,1355,2017.0,72500.0,0.0,-0.09792100000000001,1.9664270000000001,EGY,GRC,8431
2957987,71,90,1355,2017.0,17375144.0,366072.0,0.7720279999999999,2.434042,ESP,GRC,8431
2957988,72,90,1355,2017.0,1559.0,0.0,1.004481,1.311075,EST,GRC,8431
2957989,74,90,1355,2017.0,2709.0,0.0,1.6562990000000002,0.94619,FIN,GRC,8431
2957990,77,90,1355,2017.0,3205184.0,208847.0,1.3874030000000002,0.8887719999999999,FRA,GRC,8431
2957991,81,90,1355,2017.0,2984688.0,472662.0,1.499843,1.120201,GBR,GRC,8431
2957992,82,90,1355,2017.0,0.0,2736.0,-0.252287,-0.172336,GEO,GRC,8431
2957993,97,90,1355,2017.0,32441.0,103976.0,0.877065,1.1615520000000001,HKG,GRC,8431
2957994,100,90,1355,2017.0,0.0,8439.0,0.8933700000000001,1.4400469999999999,HRV,GRC,8431
2957995,102,90,1355,2017.0,285734.0,11703.0,1.6949029999999998,0.723915,HUN,GRC,8431
2957996,103,90,1355,2017.0,50128.0,0.0,-0.072977,1.376847,IDN,GRC,8431
2957997,104,90,1355,2017.0,102563.0,1593.0,0.262126,2.8212040000000003,IND,GRC,8431
2957998,106,90,1355,2017.0,0.0,97850.0,1.444823,0.158356,IRL,GRC,8431
2957999,109,90,1355,2017.0,1868.0,7003.0,0.279223,-0.34883600000000003,ISL,GRC,8431
2958000,111,90,1355,2017.0,12238072.0,542670.0,1.4374559999999998,0.21079699999999998,ITA,GRC,8431
2958001,114,90,1355,2017.0,0.0,33111.0,2.4440779999999998,-0.46107700000000007,JPN,GRC,8431
2958002,118,90,1355,2017.0,6207.0,0.0,-0.654185,-0.655463,KHM,GRC,8431
2958003,121,90,1355,2017.0,0.0,72184.0,2.1277470000000003,0.8218719999999999,KOR,GRC,8431
2958004,122,90,1355,2017.0,0.0,11524.0,-0.264903,-1.112018,KWT,GRC,8431
2958005,124,90,1355,2017.0,0.0,75292.0,0.437192,1.027289,LBN,GRC,8431
2958006,130,90,1355,2017.0,4848.0,0.0,0.770556,1.555233,LTU,GRC,8431
2958007,131,90,1355,2017.0,0.0,1729.0,1.1461629999999998,1.434994,LUX,GRC,8431
2958008,132,90,1355,2017.0,1125.0,0.0,0.644285,1.4304290000000002,LVA,GRC,8431
2958009,133,90,1355,2017.0,0.0,25275.0,0.33025,-0.008723999999999999,MAC,GRC,8431
2958010,134,90,1355,2017.0,1381.0,0.0,-0.593987,-0.093414,MAR,GRC,8431
2958011,140,90,1355,2017.0,55071.0,24819.0,-0.12182799999999999,-0.333793,MKD,GRC,8431
2958012,142,90,1355,2017.0,0.0,47378.0,0.9943420000000001,0.181922,MLT,GRC,8431
2958013,162,90,1355,2017.0,936045.0,74978.0,1.090805,1.452409,NLD,GRC,8431
2958014,163,90,1355,2017.0,0.0,35190.0,0.393228,0.049788,NOR,GRC,8431
2958015,164,90,1355,2017.0,14001.0,0.0,-0.076879,0.530485,NPL,GRC,8431
2958016,166,90,1355,2017.0,0.0,2250.0,0.154926,0.10981500000000001,NZL,GRC,8431
2958017,168,90,1355,2017.0,7557.0,0.0,-0.737436,0.345773,PAK,GRC,8431
2958018,177,90,1355,2017.0,39538.0,5517.0,1.212941,0.917751,POL,GRC,8431
2958019,179,90,1355,2017.0,16957.0,27923.0,0.692908,2.05977,PRT,GRC,8431
2958020,183,90,1355,2017.0,0.0,6920.0,-0.42615600000000003,-1.0956489999999999,QAT,GRC,8431
2958021,185,90,1355,2017.0,105712.0,654544.0,1.145161,1.095192,ROU,GRC,8431
2958022,186,90,1355,2017.0,1508.0,353550.0,0.07402,0.248236,RUS,GRC,8431
2958023,188,90,1355,2017.0,0.0,1942.0,0.508031,-0.42373500000000003,SAU,GRC,8431
2958024,192,90,1355,2017.0,1983.0,0.0,1.8943720000000002,0.449316,SGP,GRC,8431
2958025,201,90,1355,2017.0,19564.0,21142.0,0.59312,1.535527,SRB,GRC,8431
2958026,206,90,1355,2017.0,15870.0,51270.0,1.484316,0.811826,SVK,GRC,8431
2958027,207,90,1355,2017.0,2057.0,16225.0,1.597178,0.753722,SVN,GRC,8431
2958028,208,90,1355,2017.0,82713.0,22733.0,1.695113,0.6885060000000001,SWE,GRC,8431
2958029,216,90,1355,2017.0,16678.0,0.0,1.15791,1.282718,THA,GRC,8431
2958030,223,90,1355,2017.0,4816.0,0.0,0.31342600000000004,1.071153,TUN,GRC,8431
2958031,224,90,1355,2017.0,612438.0,7561182.0,0.601079,2.126314,TUR,GRC,8431
2958032,228,90,1355,2017.0,0.0,26469.0,0.34780900000000003,1.076817,UKR,GRC,8431
2958033,231,90,1355,2017.0,7668.0,98318.0,1.536355,0.23775100000000002,USA,GRC,8431
2958034,239,90,1355,2017.0,15962.0,0.0,-0.006548999999999999,0.7030420000000001,VNM,GRC,8431
2958035,246,90,1355,2017.0,0.0,11805.0,-0.048668,1.283483,ZAF,GRC,8431
2958036,7,100,1355,2017.0,31752.0,3865.0,0.222875,-0.204271,ARE,HRV,8431
2958037,9,100,1355,2017.0,0.0,1875.0,-0.422667,-0.824041,ARM,HRV,8431
2958038,14,100,1355,2017.0,0.0,124032.0,-0.598537,-0.23571,AUS,HRV,8431
2958039,15,100,1355,2017.0,1887833.0,2744968.0,1.722766,-0.077938,AUT,HRV,8431
2958040,16,100,1355,2017.0,0.0,2898.0,-1.665069,-1.37471,AZE,HRV,8431
2958041,18,100,1355,2017.0,17474.0,0.0,1.2396969999999998,1.1699760000000001,BEL,HRV,8431
2958042,22,100,1355,2017.0,142882.0,0.0,-1.007846,-1.112069,BGD,HRV,8431
2958043,23,100,1355,2017.0,10417.0,2288.0,0.563342,1.744989,BGR,HRV,8431
2958044,26,100,1355,2017.0,78956.0,234568.0,0.584825,0.9219,BIH,HRV,8431
2958045,28,100,1355,2017.0,0.0,4365.0,0.9188780000000001,0.9998819999999999,BLR,HRV,8431
2958046,32,100,1355,2017.0,0.0,12015.0,0.103119,0.808438,BRA,HRV,8431
2958047,39,100,1355,2017.0,0.0,230381.0,0.661032,1.331443,CAN,HRV,8431
2958048,41,100,1355,2017.0,6519.0,443174.0,2.2443459999999997,0.836363,CHE,HRV,8431
2958049,43,100,1355,2017.0,1939221.0,69481.0,1.2888030000000001,0.9250700000000001,CHN,HRV,8431
2958050,58,100,1355,2017.0,3905.0,0.0,0.35097399999999995,0.103466,CYP,HRV,8431
2958051,59,100,1355,2017.0,47757.0,58107.0,1.8494680000000001,0.150088,CZE,HRV,8431
2958052,61,100,1355,2017.0,2680799.0,5258334.0,2.164026,-2.458307,DEU,HRV,8431
2958053,64,100,1355,2017.0,158895.0,54363.0,1.143276,1.242437,DNK,HRV,8431
2958054,71,100,1355,2017.0,6826358.0,380801.0,0.7720279999999999,2.434042,ESP,HRV,8431
2958055,72,100,1355,2017.0,0.0,1893.0,1.004481,1.311075,EST,HRV,8431
2958056,74,100,1355,2017.0,0.0,25054.0,1.6562990000000002,0.94619,FIN,HRV,8431
2958057,77,100,1355,2017.0,349523.0,502279.0,1.3874030000000002,0.8887719999999999,FRA,HRV,8431
2958058,81,100,1355,2017.0,515800.0,80725.0,1.499843,1.120201,GBR,HRV,8431
2958059,82,100,1355,2017.0,0.0,36358.0,-0.252287,-0.172336,GEO,HRV,8431
2958060,90,100,1355,2017.0,8439.0,0.0,0.10646300000000002,1.0936290000000002,GRC,HRV,8431
2958061,97,100,1355,2017.0,0.0,1516.0,0.877065,1.1615520000000001,HKG,HRV,8431
2958062,102,100,1355,2017.0,155399.0,34119.0,1.6949029999999998,0.723915,HUN,HRV,8431
2958063,103,100,1355,2017.0,30206.0,0.0,-0.072977,1.376847,IDN,HRV,8431
2958064,104,100,1355,2017.0,9321.0,0.0,0.262126,2.8212040000000003,IND,HRV,8431
2958065,106,100,1355,2017.0,4204.0,25242.0,1.444823,0.158356,IRL,HRV,8431
2958066,109,100,1355,2017.0,1089.0,5212.0,0.279223,-0.34883600000000003,ISL,HRV,8431
2958067,111,100,1355,2017.0,4162462.0,361308.0,1.4374559999999998,0.21079699999999998,ITA,HRV,8431
2958068,113,100,1355,2017.0,0.0,6868.0,0.079237,0.182893,JOR,HRV,8431
2958069,114,100,1355,2017.0,0.0,224052.0,2.4440779999999998,-0.46107700000000007,JPN,HRV,8431
2958070,115,100,1355,2017.0,0.0,9298.0,-0.47984399999999994,-0.40618699999999996,KAZ,HRV,8431
2958071,121,100,1355,2017.0,0.0,98720.0,2.1277470000000003,0.8218719999999999,KOR,HRV,8431
2958072,122,100,1355,2017.0,0.0,11959.0,-0.264903,-1.112018,KWT,HRV,8431
2958073,124,100,1355,2017.0,0.0,12770.0,0.437192,1.027289,LBN,HRV,8431
2958074,131,100,1355,2017.0,0.0,14213.0,1.1461629999999998,1.434994,LUX,HRV,8431
2958075,134,100,1355,2017.0,1210.0,0.0,-0.593987,-0.093414,MAR,HRV,8431
2958076,135,100,1355,2017.0,0.0,1218.0,-0.135731,-0.008816,MDA,HRV,8431
2958077,138,100,1355,2017.0,0.0,2302.0,1.348763,0.6145010000000001,MEX,HRV,8431
2958078,140,100,1355,2017.0,70880.0,26895.0,-0.12182799999999999,-0.333793,MKD,HRV,8431
2958079,142,100,1355,2017.0,6294.0,0.0,0.9943420000000001,0.181922,MLT,HRV,8431
2958080,143,100,1355,2017.0,33804.0,0.0,-0.9113129999999999,-0.21514,MMR,HRV,8431
2958081,144,100,1355,2017.0,0.0,9857.0,0.132462,-0.071601,MNE,HRV,8431
2958082,145,100,1355,2017.0,0.0,1172.0,-1.110506,-1.179734,MNG,HRV,8431
2958083,162,100,1355,2017.0,433134.0,17297.0,1.090805,1.452409,NLD,HRV,8431
2958084,163,100,1355,2017.0,0.0,40265.0,0.393228,0.049788,NOR,HRV,8431
2958085,164,100,1355,2017.0,14754.0,0.0,-0.076879,0.530485,NPL,HRV,8431
2958086,166,100,1355,2017.0,0.0,3280.0,0.154926,0.10981500000000001,NZL,HRV,8431
2958087,168,100,1355,2017.0,2740.0,0.0,-0.737436,0.345773,PAK,HRV,8431
2958088,174,100,1355,2017.0,4176.0,0.0,0.717074,0.224219,PHL,HRV,8431
2958089,177,100,1355,2017.0,1000786.0,49219.0,1.212941,0.917751,POL,HRV,8431
2958090,185,100,1355,2017.0,17428.0,2855.0,1.145161,1.095192,ROU,HRV,8431
2958091,186,100,1355,2017.0,19257.0,330029.0,0.07402,0.248236,RUS,HRV,8431
2958092,192,100,1355,2017.0,1829.0,3437.0,1.8943720000000002,0.449316,SGP,HRV,8431
2958093,201,100,1355,2017.0,170469.0,36810.0,0.59312,1.535527,SRB,HRV,8431
2958094,206,100,1355,2017.0,239958.0,21038.0,1.484316,0.811826,SVK,HRV,8431
2958095,207,100,1355,2017.0,2314394.0,482806.0,1.597178,0.753722,SVN,HRV,8431
2958096,208,100,1355,2017.0,21544.0,18537.0,1.695113,0.6885060000000001,SWE,HRV,8431
2958097,223,100,1355,2017.0,0.0,2724.0,0.31342600000000004,1.071153,TUN,HRV,8431
2958098,224,100,1355,2017.0,245366.0,43164.0,0.601079,2.126314,TUR,HRV,8431
2958099,228,100,1355,2017.0,0.0,13482.0,0.34780900000000003,1.076817,UKR,HRV,8431
2958100,231,100,1355,2017.0,0.0,2168210.0,1.536355,0.23775100000000002,USA,HRV,8431
2958101,239,100,1355,2017.0,58166.0,3822.0,-0.006548999999999999,0.7030420000000001,VNM,HRV,8431
2958102,246,100,1355,2017.0,0.0,1073.0,-0.048668,1.283483,ZAF,HRV,8431
2958103,249,100,1355,2017.0,1942.0,6664.0,2.003822,1.215216,TWN,HRV,8431
2958104,250,100,1355,2017.0,118929.0,2724.0,0.472054,-0.363374,ANS,HRV,8431
2958105,7,107,1355,2017.0,507441.0,0.0,0.222875,-0.204271,ARE,IRN,8431
2958106,16,107,1355,2017.0,0.0,3003.0,-1.665069,-1.37471,AZE,IRN,8431
2958107,43,107,1355,2017.0,25618930.0,0.0,1.2888030000000001,0.9250700000000001,CHN,IRN,8431
2958108,61,107,1355,2017.0,36439.0,3380.0,2.164026,-2.458307,DEU,IRN,8431
2958109,64,107,1355,2017.0,70564.0,0.0,1.143276,1.242437,DNK,IRN,8431
2958110,71,107,1355,2017.0,182859.0,0.0,0.7720279999999999,2.434042,ESP,IRN,8431
2958111,77,107,1355,2017.0,25996.0,0.0,1.3874030000000002,0.8887719999999999,FRA,IRN,8431
2958112,81,107,1355,2017.0,10236.0,0.0,1.499843,1.120201,GBR,IRN,8431
2958113,97,107,1355,2017.0,38968.0,0.0,0.877065,1.1615520000000001,HKG,IRN,8431
2958114,104,107,1355,2017.0,2715.0,0.0,0.262126,2.8212040000000003,IND,IRN,8431
2958115,106,107,1355,2017.0,3275.0,0.0,1.444823,0.158356,IRL,IRN,8431
2958116,108,107,1355,2017.0,0.0,589650.0,-1.135867,-0.9570700000000001,IRQ,IRN,8431
2958117,111,107,1355,2017.0,853338.0,0.0,1.4374559999999998,0.21079699999999998,ITA,IRN,8431
2958118,177,107,1355,2017.0,7878.0,0.0,1.212941,0.917751,POL,IRN,8431
2958119,179,107,1355,2017.0,8711.0,0.0,0.692908,2.05977,PRT,IRN,8431
2958120,224,107,1355,2017.0,2887047.0,7378.0,0.601079,2.126314,TUR,IRN,8431
2958121,15,109,1355,2017.0,25318.0,1339.0,1.722766,-0.077938,AUT,ISL,8431
2958122,18,109,1355,2017.0,59859.0,2059.0,1.2396969999999998,1.1699760000000001,BEL,ISL,8431
2958123,22,109,1355,2017.0,77417.0,0.0,-1.007846,-1.112069,BGD,ISL,8431
2958124,23,109,1355,2017.0,29350.0,0.0,0.563342,1.744989,BGR,ISL,8431
2958125,28,109,1355,2017.0,1062.0,0.0,0.9188780000000001,0.9998819999999999,BLR,ISL,8431
2958126,39,109,1355,2017.0,3700.0,0.0,0.661032,1.331443,CAN,ISL,8431
2958127,43,109,1355,2017.0,415162.0,0.0,1.2888030000000001,0.9250700000000001,CHN,ISL,8431
2958128,59,109,1355,2017.0,15672.0,0.0,1.8494680000000001,0.150088,CZE,ISL,8431
2958129,61,109,1355,2017.0,562205.0,76906.0,2.164026,-2.458307,DEU,ISL,8431
2958130,64,109,1355,2017.0,841411.0,30933.0,1.143276,1.242437,DNK,ISL,8431
2958131,71,109,1355,2017.0,144670.0,0.0,0.7720279999999999,2.434042,ESP,ISL,8431
2958132,72,109,1355,2017.0,6689.0,0.0,1.004481,1.311075,EST,ISL,8431
2958133,74,109,1355,2017.0,18169.0,2445.0,1.6562990000000002,0.94619,FIN,ISL,8431
2958134,77,109,1355,2017.0,56598.0,3259.0,1.3874030000000002,0.8887719999999999,FRA,ISL,8431
2958135,78,109,1355,2017.0,0.0,15030.0,-1.0046549999999999,-1.015204,FRO,ISL,8431
2958136,81,109,1355,2017.0,353161.0,9706.0,1.499843,1.120201,GBR,ISL,8431
2958137,90,109,1355,2017.0,7003.0,1868.0,0.10646300000000002,1.0936290000000002,GRC,ISL,8431
2958138,97,109,1355,2017.0,217108.0,0.0,0.877065,1.1615520000000001,HKG,ISL,8431
2958139,100,109,1355,2017.0,5212.0,1089.0,0.8933700000000001,1.4400469999999999,HRV,ISL,8431
2958140,102,109,1355,2017.0,1324.0,0.0,1.6949029999999998,0.723915,HUN,ISL,8431
2958141,103,109,1355,2017.0,1615.0,0.0,-0.072977,1.376847,IDN,ISL,8431
2958142,104,109,1355,2017.0,11812.0,0.0,0.262126,2.8212040000000003,IND,ISL,8431
2958143,106,109,1355,2017.0,1859.0,0.0,1.444823,0.158356,IRL,ISL,8431
2958144,111,109,1355,2017.0,151579.0,3062.0,1.4374559999999998,0.21079699999999998,ITA,ISL,8431
2958145,114,109,1355,2017.0,4836.0,0.0,2.4440779999999998,-0.46107700000000007,JPN,ISL,8431
2958146,121,109,1355,2017.0,1215.0,0.0,2.1277470000000003,0.8218719999999999,KOR,ISL,8431
2958147,123,109,1355,2017.0,1841.0,0.0,-0.733135,-0.482756,LAO,ISL,8431
2958148,130,109,1355,2017.0,24732.0,1339.0,0.770556,1.555233,LTU,ISL,8431
2958149,132,109,1355,2017.0,263360.0,1127.0,0.644285,1.4304290000000002,LVA,ISL,8431
2958150,134,109,1355,2017.0,47887.0,0.0,-0.593987,-0.093414,MAR,ISL,8431
2958151,135,109,1355,2017.0,5153.0,0.0,-0.135731,-0.008816,MDA,ISL,8431
2958152,140,109,1355,2017.0,7082.0,0.0,-0.12182799999999999,-0.333793,MKD,ISL,8431
2958153,143,109,1355,2017.0,4186.0,0.0,-0.9113129999999999,-0.21514,MMR,ISL,8431
2958154,162,109,1355,2017.0,47991.0,1125.0,1.090805,1.452409,NLD,ISL,8431
2958155,163,109,1355,2017.0,127591.0,7501.0,0.393228,0.049788,NOR,ISL,8431
2958156,177,109,1355,2017.0,50747.0,1198.0,1.212941,0.917751,POL,ISL,8431
2958157,179,109,1355,2017.0,297442.0,0.0,0.692908,2.05977,PRT,ISL,8431
2958158,185,109,1355,2017.0,56985.0,0.0,1.145161,1.095192,ROU,ISL,8431
2958159,206,109,1355,2017.0,23653.0,0.0,1.484316,0.811826,SVK,ISL,8431
2958160,208,109,1355,2017.0,203842.0,1251.0,1.695113,0.6885060000000001,SWE,ISL,8431
2958161,216,109,1355,2017.0,3044.0,0.0,1.15791,1.282718,THA,ISL,8431
2958162,223,109,1355,2017.0,1915.0,0.0,0.31342600000000004,1.071153,TUN,ISL,8431
2958163,224,109,1355,2017.0,153506.0,0.0,0.601079,2.126314,TUR,ISL,8431
2958164,228,109,1355,2017.0,12512.0,0.0,0.34780900000000003,1.076817,UKR,ISL,8431
2958165,231,109,1355,2017.0,95239.0,17519.0,1.536355,0.23775100000000002,USA,ISL,8431
2958166,239,109,1355,2017.0,172661.0,0.0,-0.006548999999999999,0.7030420000000001,VNM,ISL,8431
2958167,4,115,1355,2017.0,12863.0,0.0,-0.351054,-0.193147,ALB,KAZ,8431
2958168,7,115,1355,2017.0,8169.0,0.0,0.222875,-0.204271,ARE,KAZ,8431
2958169,14,115,1355,2017.0,10119.0,0.0,-0.598537,-0.23571,AUS,KAZ,8431
2958170,15,115,1355,2017.0,131678.0,0.0,1.722766,-0.077938,AUT,KAZ,8431
2958171,18,115,1355,2017.0,24822.0,0.0,1.2396969999999998,1.1699760000000001,BEL,KAZ,8431
2958172,22,115,1355,2017.0,361897.0,0.0,-1.007846,-1.112069,BGD,KAZ,8431
2958173,23,115,1355,2017.0,52036.0,0.0,0.563342,1.744989,BGR,KAZ,8431
2958174,26,115,1355,2017.0,12816.0,0.0,0.584825,0.9219,BIH,KAZ,8431
2958175,28,115,1355,2017.0,80189.0,166023.0,0.9188780000000001,0.9998819999999999,BLR,KAZ,8431
2958176,41,115,1355,2017.0,61105.0,0.0,2.2443459999999997,0.836363,CHE,KAZ,8431
2958177,43,115,1355,2017.0,41746224.0,0.0,1.2888030000000001,0.9250700000000001,CHN,KAZ,8431
2958178,59,115,1355,2017.0,21485.0,0.0,1.8494680000000001,0.150088,CZE,KAZ,8431
2958179,61,115,1355,2017.0,1334505.0,0.0,2.164026,-2.458307,DEU,KAZ,8431
2958180,64,115,1355,2017.0,18478.0,0.0,1.143276,1.242437,DNK,KAZ,8431
2958181,71,115,1355,2017.0,1098790.0,0.0,0.7720279999999999,2.434042,ESP,KAZ,8431
2958182,72,115,1355,2017.0,8271.0,0.0,1.004481,1.311075,EST,KAZ,8431
2958183,74,115,1355,2017.0,19372.0,0.0,1.6562990000000002,0.94619,FIN,KAZ,8431
2958184,77,115,1355,2017.0,453981.0,59048.0,1.3874030000000002,0.8887719999999999,FRA,KAZ,8431
2958185,81,115,1355,2017.0,166409.0,2096.0,1.499843,1.120201,GBR,KAZ,8431
2958186,82,115,1355,2017.0,2906.0,1880.0,-0.252287,-0.172336,GEO,KAZ,8431
2958187,97,115,1355,2017.0,21537.0,0.0,0.877065,1.1615520000000001,HKG,KAZ,8431
2958188,100,115,1355,2017.0,9298.0,0.0,0.8933700000000001,1.4400469999999999,HRV,KAZ,8431
2958189,102,115,1355,2017.0,7681.0,0.0,1.6949029999999998,0.723915,HUN,KAZ,8431
2958190,103,115,1355,2017.0,17005.0,0.0,-0.072977,1.376847,IDN,KAZ,8431
2958191,104,115,1355,2017.0,88623.0,0.0,0.262126,2.8212040000000003,IND,KAZ,8431
2958192,111,115,1355,2017.0,2565930.0,19129.0,1.4374559999999998,0.21079699999999998,ITA,KAZ,8431
2958193,114,115,1355,2017.0,11729.0,0.0,2.4440779999999998,-0.46107700000000007,JPN,KAZ,8431
2958194,117,115,1355,2017.0,37170.0,163682.0,0.056509000000000004,0.363176,KGZ,KAZ,8431
2958195,118,115,1355,2017.0,81711.0,0.0,-0.654185,-0.655463,KHM,KAZ,8431
2958196,121,115,1355,2017.0,370470.0,0.0,2.1277470000000003,0.8218719999999999,KOR,KAZ,8431
2958197,128,115,1355,2017.0,1388.0,0.0,-0.506691,0.43309200000000003,LKA,KAZ,8431
2958198,130,115,1355,2017.0,12406.0,0.0,0.770556,1.555233,LTU,KAZ,8431
2958199,134,115,1355,2017.0,196999.0,0.0,-0.593987,-0.093414,MAR,KAZ,8431
2958200,135,115,1355,2017.0,25318.0,0.0,-0.135731,-0.008816,MDA,KAZ,8431
2958201,140,115,1355,2017.0,4177.0,0.0,-0.12182799999999999,-0.333793,MKD,KAZ,8431
2958202,143,115,1355,2017.0,77121.0,0.0,-0.9113129999999999,-0.21514,MMR,KAZ,8431
2958203,153,115,1355,2017.0,2227.0,0.0,1.022117,0.6711739999999999,MYS,KAZ,8431
2958204,162,115,1355,2017.0,102288.0,0.0,1.090805,1.452409,NLD,KAZ,8431
2958205,168,115,1355,2017.0,1696.0,0.0,-0.737436,0.345773,PAK,KAZ,8431
2958206,177,115,1355,2017.0,75272.0,0.0,1.212941,0.917751,POL,KAZ,8431
2958207,179,115,1355,2017.0,132474.0,0.0,0.692908,2.05977,PRT,KAZ,8431
2958208,185,115,1355,2017.0,315099.0,0.0,1.145161,1.095192,ROU,KAZ,8431
2958209,186,115,1355,2017.0,4200375.0,249714.0,0.07402,0.248236,RUS,KAZ,8431
2958210,201,115,1355,2017.0,20589.0,0.0,0.59312,1.535527,SRB,KAZ,8431
2958211,206,115,1355,2017.0,18555.0,0.0,1.484316,0.811826,SVK,KAZ,8431
2958212,208,115,1355,2017.0,1900.0,0.0,1.695113,0.6885060000000001,SWE,KAZ,8431
2958213,223,115,1355,2017.0,13317.0,0.0,0.31342600000000004,1.071153,TUN,KAZ,8431
2958214,224,115,1355,2017.0,2047472.0,0.0,0.601079,2.126314,TUR,KAZ,8431
2958215,228,115,1355,2017.0,28327.0,0.0,0.34780900000000003,1.076817,UKR,KAZ,8431
2958216,231,115,1355,2017.0,72329.0,0.0,1.536355,0.23775100000000002,USA,KAZ,8431
2958217,232,115,1355,2017.0,187438.0,0.0,-0.386302,-0.35475999999999996,UZB,KAZ,8431
2958218,239,115,1355,2017.0,395787.0,0.0,-0.006548999999999999,0.7030420000000001,VNM,KAZ,8431
2958219,7,116,1355,2017.0,198439.0,0.0,0.222875,-0.204271,ARE,KEN,8431
2958220,15,116,1355,2017.0,2512.0,0.0,1.722766,-0.077938,AUT,KEN,8431
2958221,17,116,1355,2017.0,0.0,7171.0,-0.947315,-1.1084049999999999,BDI,KEN,8431
2958222,22,116,1355,2017.0,46381.0,0.0,-1.007846,-1.112069,BGD,KEN,8431
2958223,43,116,1355,2017.0,35581260.0,0.0,1.2888030000000001,0.9250700000000001,CHN,KEN,8431
2958224,44,116,1355,2017.0,0.0,1454.0,-0.991865,-0.9496889999999999,CIV,KEN,8431
2958225,59,116,1355,2017.0,0.0,6372.0,1.8494680000000001,0.150088,CZE,KEN,8431
2958226,61,116,1355,2017.0,54642.0,3809.0,2.164026,-2.458307,DEU,KEN,8431
2958227,64,116,1355,2017.0,0.0,3795.0,1.143276,1.242437,DNK,KEN,8431
2958228,68,116,1355,2017.0,6137.0,0.0,-0.09792100000000001,1.9664270000000001,EGY,KEN,8431
2958229,81,116,1355,2017.0,10888.0,0.0,1.499843,1.120201,GBR,KEN,8431
2958230,97,116,1355,2017.0,3740.0,0.0,0.877065,1.1615520000000001,HKG,KEN,8431
2958231,104,116,1355,2017.0,28481.0,0.0,0.262126,2.8212040000000003,IND,KEN,8431
2958232,111,116,1355,2017.0,1199.0,0.0,1.4374559999999998,0.21079699999999998,ITA,KEN,8431
2958233,173,116,1355,2017.0,0.0,2301.0,-0.8214469999999999,-0.333306,PER,KEN,8431
2958234,186,116,1355,2017.0,0.0,7279.0,0.07402,0.248236,RUS,KEN,8431
2958235,187,116,1355,2017.0,0.0,177123.0,-0.731128,-0.64418,RWA,KEN,8431
2958236,199,116,1355,2017.0,0.0,7953.0,-1.497791,-1.154636,SOM,KEN,8431
2958237,202,116,1355,2017.0,0.0,10700.0,-1.1888,-0.9647969999999999,SSD,KEN,8431
2958238,206,116,1355,2017.0,8898.0,0.0,1.484316,0.811826,SVK,KEN,8431
2958239,208,116,1355,2017.0,1806.0,0.0,1.695113,0.6885060000000001,SWE,KEN,8431
2958240,216,116,1355,2017.0,148359.0,0.0,1.15791,1.282718,THA,KEN,8431
2958241,224,116,1355,2017.0,55919.0,0.0,0.601079,2.126314,TUR,KEN,8431
2958242,226,116,1355,2017.0,0.0,3372.0,-0.968485,0.137755,TZA,KEN,8431
2958243,227,116,1355,2017.0,0.0,2349.0,-0.593232,0.247873,UGA,KEN,8431
2958244,231,116,1355,2017.0,2188.0,24499.0,1.536355,0.23775100000000002,USA,KEN,8431
2958245,239,116,1355,2017.0,22152.0,0.0,-0.006548999999999999,0.7030420000000001,VNM,KEN,8431
2958246,246,116,1355,2017.0,110314.0,0.0,-0.048668,1.283483,ZAF,KEN,8431
2958247,15,117,1355,2017.0,1482.0,28965.0,1.722766,-0.077938,AUT,KGZ,8431
2958248,22,117,1355,2017.0,49186.0,0.0,-1.007846,-1.112069,BGD,KGZ,8431
2958249,28,117,1355,2017.0,17557.0,1127.0,0.9188780000000001,0.9998819999999999,BLR,KGZ,8431
2958250,41,117,1355,2017.0,1179.0,0.0,2.2443459999999997,0.836363,CHE,KGZ,8431
2958251,43,117,1355,2017.0,104542656.0,0.0,1.2888030000000001,0.9250700000000001,CHN,KGZ,8431
2958252,59,117,1355,2017.0,1152.0,23552.0,1.8494680000000001,0.150088,CZE,KGZ,8431
2958253,61,117,1355,2017.0,37640.0,104233.0,2.164026,-2.458307,DEU,KGZ,8431
2958254,71,117,1355,2017.0,13573.0,0.0,0.7720279999999999,2.434042,ESP,KGZ,8431
2958255,72,117,1355,2017.0,0.0,1018.0,1.004481,1.311075,EST,KGZ,8431
2958256,77,117,1355,2017.0,3106.0,0.0,1.3874030000000002,0.8887719999999999,FRA,KGZ,8431
2958257,104,117,1355,2017.0,85734.0,0.0,0.262126,2.8212040000000003,IND,KGZ,8431
2958258,111,117,1355,2017.0,195772.0,0.0,1.4374559999999998,0.21079699999999998,ITA,KGZ,8431
2958259,115,117,1355,2017.0,163682.0,37170.0,-0.47984399999999994,-0.40618699999999996,KAZ,KGZ,8431
2958260,121,117,1355,2017.0,50061.0,0.0,2.1277470000000003,0.8218719999999999,KOR,KGZ,8431
2958261,130,117,1355,2017.0,29220.0,0.0,0.770556,1.555233,LTU,KGZ,8431
2958262,134,117,1355,2017.0,7084.0,0.0,-0.593987,-0.093414,MAR,KGZ,8431
2958263,177,117,1355,2017.0,58320.0,20915.0,1.212941,0.917751,POL,KGZ,8431
2958264,186,117,1355,2017.0,71215.0,455116.0,0.07402,0.248236,RUS,KGZ,8431
2958265,206,117,1355,2017.0,0.0,70989.0,1.484316,0.811826,SVK,KGZ,8431
2958266,207,117,1355,2017.0,0.0,7568.0,1.597178,0.753722,SVN,KGZ,8431
2958267,224,117,1355,2017.0,1312650.0,0.0,0.601079,2.126314,TUR,KGZ,8431
2958268,232,117,1355,2017.0,623660.0,41093.0,-0.386302,-0.35475999999999996,UZB,KGZ,8431
2958269,239,117,1355,2017.0,9622.0,0.0,-0.006548999999999999,0.7030420000000001,VNM,KGZ,8431
2958270,5,118,1355,2017.0,0.0,9921.0,1.101312,0.593242,AND,KHM,8431
2958271,7,118,1355,2017.0,0.0,500792.0,0.222875,-0.204271,ARE,KHM,8431
2958272,8,118,1355,2017.0,0.0,14214.0,-0.268441,0.337024,ARG,KHM,8431
2958273,9,118,1355,2017.0,0.0,30647.0,-0.422667,-0.824041,ARM,KHM,8431
2958274,14,118,1355,2017.0,0.0,62618.0,-0.598537,-0.23571,AUS,KHM,8431
2958275,15,118,1355,2017.0,0.0,308468.0,1.722766,-0.077938,AUT,KHM,8431
2958276,16,118,1355,2017.0,0.0,30907.0,-1.665069,-1.37471,AZE,KHM,8431
2958277,18,118,1355,2017.0,1491.0,0.0,1.2396969999999998,1.1699760000000001,BEL,KHM,8431
2958278,23,118,1355,2017.0,1244.0,0.0,0.563342,1.744989,BGR,KHM,8431
2958279,24,118,1355,2017.0,0.0,19270.0,0.160574,-0.708064,BHR,KHM,8431
2958280,26,118,1355,2017.0,0.0,28451.0,0.584825,0.9219,BIH,KHM,8431
2958281,28,118,1355,2017.0,0.0,26670.0,0.9188780000000001,0.9998819999999999,BLR,KHM,8431
2958282,30,118,1355,2017.0,0.0,1380.0,1.16947,-0.302517,BMU,KHM,8431
2958283,31,118,1355,2017.0,0.0,13665.0,-1.032957,-0.9679840000000001,BOL,KHM,8431
2958284,32,118,1355,2017.0,0.0,14500.0,0.103119,0.808438,BRA,KHM,8431
2958285,39,118,1355,2017.0,0.0,2698592.0,0.661032,1.331443,CAN,KHM,8431
2958286,41,118,1355,2017.0,0.0,419837.0,2.2443459999999997,0.836363,CHE,KHM,8431
2958287,42,118,1355,2017.0,0.0,36394.0,-0.282983,-0.33351,CHL,KHM,8431
2958288,43,118,1355,2017.0,4482013.0,1912375.0,1.2888030000000001,0.9250700000000001,CHN,KHM,8431
2958289,49,118,1355,2017.0,0.0,103259.0,-0.039238999999999996,-0.246914,COL,KHM,8431
2958290,52,118,1355,2017.0,0.0,20578.0,0.288798,0.212928,CRI,KHM,8431
2958291,59,118,1355,2017.0,0.0,604583.0,1.8494680000000001,0.150088,CZE,KHM,8431
2958292,61,118,1355,2017.0,1054.0,3449528.0,2.164026,-2.458307,DEU,KHM,8431
2958293,64,118,1355,2017.0,0.0,2787980.0,1.143276,1.242437,DNK,KHM,8431
2958294,65,118,1355,2017.0,0.0,6455.0,-0.314875,0.125244,DOM,KHM,8431
2958295,66,118,1355,2017.0,0.0,41593.0,-0.918984,-1.177867,DZA,KHM,8431
2958296,67,118,1355,2017.0,0.0,49362.0,-1.109413,-1.1561270000000001,ECU,KHM,8431
2958297,71,118,1355,2017.0,3060.0,11036993.0,0.7720279999999999,2.434042,ESP,KHM,8431
2958298,72,118,1355,2017.0,0.0,28046.0,1.004481,1.311075,EST,KHM,8431
2958299,74,118,1355,2017.0,0.0,157059.0,1.6562990000000002,0.94619,FIN,KHM,8431
2958300,77,118,1355,2017.0,0.0,2381730.0,1.3874030000000002,0.8887719999999999,FRA,KHM,8431
2958301,81,118,1355,2017.0,40317.0,3640899.0,1.499843,1.120201,GBR,KHM,8431
2958302,90,118,1355,2017.0,0.0,6207.0,0.10646300000000002,1.0936290000000002,GRC,KHM,8431
2958303,97,118,1355,2017.0,18962.0,490148.0,0.877065,1.1615520000000001,HKG,KHM,8431
2958304,99,118,1355,2017.0,0.0,5129.0,-0.44761999999999996,-0.20167100000000002,HND,KHM,8431
2958305,103,118,1355,2017.0,0.0,106046.0,-0.072977,1.376847,IDN,KHM,8431
2958306,104,118,1355,2017.0,0.0,151293.0,0.262126,2.8212040000000003,IND,KHM,8431
2958307,106,118,1355,2017.0,0.0,271463.0,1.444823,0.158356,IRL,KHM,8431
2958308,111,118,1355,2017.0,1347.0,1593786.0,1.4374559999999998,0.21079699999999998,ITA,KHM,8431
2958309,114,118,1355,2017.0,4892.0,16261666.0,2.4440779999999998,-0.46107700000000007,JPN,KHM,8431
2958310,115,118,1355,2017.0,0.0,81711.0,-0.47984399999999994,-0.40618699999999996,KAZ,KHM,8431
2958311,121,118,1355,2017.0,9332.0,632247.0,2.1277470000000003,0.8218719999999999,KOR,KHM,8431
2958312,122,118,1355,2017.0,0.0,87656.0,-0.264903,-1.112018,KWT,KHM,8431
2958313,124,118,1355,2017.0,0.0,327642.0,0.437192,1.027289,LBN,KHM,8431
2958314,131,118,1355,2017.0,0.0,13763.0,1.1461629999999998,1.434994,LUX,KHM,8431
2958315,134,118,1355,2017.0,0.0,72803.0,-0.593987,-0.093414,MAR,KHM,8431
2958316,135,118,1355,2017.0,0.0,5384.0,-0.135731,-0.008816,MDA,KHM,8431
2958317,138,118,1355,2017.0,0.0,475266.0,1.348763,0.6145010000000001,MEX,KHM,8431
2958318,140,118,1355,2017.0,0.0,22099.0,-0.12182799999999999,-0.333793,MKD,KHM,8431
2958319,144,118,1355,2017.0,0.0,16581.0,0.132462,-0.071601,MNE,KHM,8431
2958320,145,118,1355,2017.0,0.0,21131.0,-1.110506,-1.179734,MNG,KHM,8431
2958321,153,118,1355,2017.0,0.0,226806.0,1.022117,0.6711739999999999,MYS,KHM,8431
2958322,162,118,1355,2017.0,0.0,177742.0,1.090805,1.452409,NLD,KHM,8431
2958323,163,118,1355,2017.0,0.0,133390.0,0.393228,0.049788,NOR,KHM,8431
2958324,166,118,1355,2017.0,0.0,28448.0,0.154926,0.10981500000000001,NZL,KHM,8431
2958325,169,118,1355,2017.0,0.0,8310.0,0.638093,1.01027,PAN,KHM,8431
2958326,173,118,1355,2017.0,0.0,41908.0,-0.8214469999999999,-0.333306,PER,KHM,8431
2958327,177,118,1355,2017.0,0.0,1283969.0,1.212941,0.917751,POL,KHM,8431
2958328,181,118,1355,2017.0,0.0,181603.0,0.22982199999999997,0.768037,PSE,KHM,8431
2958329,183,118,1355,2017.0,0.0,142131.0,-0.42615600000000003,-1.0956489999999999,QAT,KHM,8431
2958330,185,118,1355,2017.0,0.0,21131.0,1.145161,1.095192,ROU,KHM,8431
2958331,186,118,1355,2017.0,0.0,1358879.0,0.07402,0.248236,RUS,KHM,8431
2958332,188,118,1355,2017.0,0.0,217825.0,0.508031,-0.42373500000000003,SAU,KHM,8431
2958333,192,118,1355,2017.0,0.0,116227.0,1.8943720000000002,0.449316,SGP,KHM,8431
2958334,197,118,1355,2017.0,0.0,8191.0,0.11754,0.363982,SLV,KHM,8431
2958335,201,118,1355,2017.0,0.0,66541.0,0.59312,1.535527,SRB,KHM,8431
2958336,206,118,1355,2017.0,0.0,534804.0,1.484316,0.811826,SVK,KHM,8431
2958337,207,118,1355,2017.0,0.0,80659.0,1.597178,0.753722,SVN,KHM,8431
2958338,208,118,1355,2017.0,0.0,4506.0,1.695113,0.6885060000000001,SWE,KHM,8431
2958339,216,118,1355,2017.0,21758.0,96235.0,1.15791,1.282718,THA,KHM,8431
2958340,223,118,1355,2017.0,0.0,1467.0,0.31342600000000004,1.071153,TUN,KHM,8431
2958341,224,118,1355,2017.0,0.0,688148.0,0.601079,2.126314,TUR,KHM,8431
2958342,228,118,1355,2017.0,0.0,98464.0,0.34780900000000003,1.076817,UKR,KHM,8431
2958343,230,118,1355,2017.0,0.0,5019.0,0.09085900000000001,-0.246694,URY,KHM,8431
2958344,231,118,1355,2017.0,0.0,2618994.0,1.536355,0.23775100000000002,USA,KHM,8431
2958345,239,118,1355,2017.0,0.0,48721.0,-0.006548999999999999,0.7030420000000001,VNM,KHM,8431
2958346,246,118,1355,2017.0,0.0,16311.0,-0.048668,1.283483,ZAF,KHM,8431
2958347,249,118,1355,2017.0,0.0,476176.0,2.003822,1.215216,TWN,KHM,8431
2958348,4,124,1355,2017.0,25437.0,0.0,-0.351054,-0.193147,ALB,LBN,8431
2958349,7,124,1355,2017.0,571818.0,173535.0,0.222875,-0.204271,ARE,LBN,8431
2958350,9,124,1355,2017.0,1772.0,0.0,-0.422667,-0.824041,ARM,LBN,8431
2958351,14,124,1355,2017.0,11606.0,3984.0,-0.598537,-0.23571,AUS,LBN,8431
2958352,15,124,1355,2017.0,61633.0,20460.0,1.722766,-0.077938,AUT,LBN,8431
2958353,18,124,1355,2017.0,39792.0,0.0,1.2396969999999998,1.1699760000000001,BEL,LBN,8431
2958354,22,124,1355,2017.0,843017.0,0.0,-1.007846,-1.112069,BGD,LBN,8431
2958355,23,124,1355,2017.0,230670.0,0.0,0.563342,1.744989,BGR,LBN,8431
2958356,24,124,1355,2017.0,0.0,69575.0,0.160574,-0.708064,BHR,LBN,8431
2958357,26,124,1355,2017.0,79811.0,0.0,0.584825,0.9219,BIH,LBN,8431
2958358,28,124,1355,2017.0,3167.0,0.0,0.9188780000000001,0.9998819999999999,BLR,LBN,8431
2958359,32,124,1355,2017.0,4365.0,0.0,0.103119,0.808438,BRA,LBN,8431
2958360,39,124,1355,2017.0,39023.0,3986.0,0.661032,1.331443,CAN,LBN,8431
2958361,41,124,1355,2017.0,354188.0,40390.0,2.2443459999999997,0.836363,CHE,LBN,8431
2958362,43,124,1355,2017.0,30164210.0,0.0,1.2888030000000001,0.9250700000000001,CHN,LBN,8431
2958363,49,124,1355,2017.0,2268.0,0.0,-0.039238999999999996,-0.246914,COL,LBN,8431
2958364,58,124,1355,2017.0,2343.0,1111.0,0.35097399999999995,0.103466,CYP,LBN,8431
2958365,59,124,1355,2017.0,2220.0,0.0,1.8494680000000001,0.150088,CZE,LBN,8431
2958366,61,124,1355,2017.0,986736.0,5537.0,2.164026,-2.458307,DEU,LBN,8431
2958367,64,124,1355,2017.0,43085.0,0.0,1.143276,1.242437,DNK,LBN,8431
2958368,68,124,1355,2017.0,438744.0,3593.0,-0.09792100000000001,1.9664270000000001,EGY,LBN,8431
2958369,71,124,1355,2017.0,2754184.0,4060.0,0.7720279999999999,2.434042,ESP,LBN,8431
2958370,72,124,1355,2017.0,1533.0,0.0,1.004481,1.311075,EST,LBN,8431
2958371,77,124,1355,2017.0,1303203.0,171372.0,1.3874030000000002,0.8887719999999999,FRA,LBN,8431
2958372,81,124,1355,2017.0,161341.0,137648.0,1.499843,1.120201,GBR,LBN,8431
2958373,82,124,1355,2017.0,28828.0,0.0,-0.252287,-0.172336,GEO,LBN,8431
2958374,90,124,1355,2017.0,75292.0,0.0,0.10646300000000002,1.0936290000000002,GRC,LBN,8431
2958375,93,124,1355,2017.0,2489.0,0.0,-0.40755399999999997,0.63358,GTM,LBN,8431
2958376,97,124,1355,2017.0,81458.0,9928.0,0.877065,1.1615520000000001,HKG,LBN,8431
2958377,100,124,1355,2017.0,12770.0,0.0,0.8933700000000001,1.4400469999999999,HRV,LBN,8431
2958378,102,124,1355,2017.0,82092.0,0.0,1.6949029999999998,0.723915,HUN,LBN,8431
2958379,103,124,1355,2017.0,290056.0,0.0,-0.072977,1.376847,IDN,LBN,8431
2958380,104,124,1355,2017.0,416671.0,0.0,0.262126,2.8212040000000003,IND,LBN,8431
2958381,106,124,1355,2017.0,1627.0,0.0,1.444823,0.158356,IRL,LBN,8431
2958382,108,124,1355,2017.0,3204.0,0.0,-1.135867,-0.9570700000000001,IRQ,LBN,8431
2958383,111,124,1355,2017.0,2520204.0,72953.0,1.4374559999999998,0.21079699999999998,ITA,LBN,8431
2958384,113,124,1355,2017.0,2118.0,53405.0,0.079237,0.182893,JOR,LBN,8431
2958385,114,124,1355,2017.0,26112.0,0.0,2.4440779999999998,-0.46107700000000007,JPN,LBN,8431
2958386,118,124,1355,2017.0,327642.0,0.0,-0.654185,-0.655463,KHM,LBN,8431
2958387,121,124,1355,2017.0,21132.0,0.0,2.1277470000000003,0.8218719999999999,KOR,LBN,8431
2958388,122,124,1355,2017.0,25625.0,69088.0,-0.264903,-1.112018,KWT,LBN,8431
2958389,125,124,1355,2017.0,0.0,7087.0,-0.576946,-1.002322,LBR,LBN,8431
2958390,128,124,1355,2017.0,16539.0,0.0,-0.506691,0.43309200000000003,LKA,LBN,8431
2958391,130,124,1355,2017.0,38315.0,0.0,0.770556,1.555233,LTU,LBN,8431
2958392,134,124,1355,2017.0,1829608.0,33078.0,-0.593987,-0.093414,MAR,LBN,8431
2958393,135,124,1355,2017.0,31759.0,0.0,-0.135731,-0.008816,MDA,LBN,8431
2958394,136,124,1355,2017.0,1904.0,0.0,-1.098631,-0.8503069999999999,MDG,LBN,8431
2958395,138,124,1355,2017.0,1157.0,0.0,1.348763,0.6145010000000001,MEX,LBN,8431
2958396,140,124,1355,2017.0,30727.0,0.0,-0.12182799999999999,-0.333793,MKD,LBN,8431
2958397,143,124,1355,2017.0,483151.0,0.0,-0.9113129999999999,-0.21514,MMR,LBN,8431
2958398,151,124,1355,2017.0,4729.0,0.0,-0.166097,-0.050332,MUS,LBN,8431
2958399,153,124,1355,2017.0,12440.0,0.0,1.022117,0.6711739999999999,MYS,LBN,8431
2958400,162,124,1355,2017.0,22767.0,0.0,1.090805,1.452409,NLD,LBN,8431
2958401,168,124,1355,2017.0,114905.0,0.0,-0.737436,0.345773,PAK,LBN,8431
2958402,169,124,1355,2017.0,0.0,1594.0,0.638093,1.01027,PAN,LBN,8431
2958403,177,124,1355,2017.0,500013.0,0.0,1.212941,0.917751,POL,LBN,8431
2958404,179,124,1355,2017.0,249158.0,0.0,0.692908,2.05977,PRT,LBN,8431
2958405,183,124,1355,2017.0,0.0,139684.0,-0.42615600000000003,-1.0956489999999999,QAT,LBN,8431
2958406,185,124,1355,2017.0,1091911.0,0.0,1.145161,1.095192,ROU,LBN,8431
2958407,186,124,1355,2017.0,1158.0,21870.0,0.07402,0.248236,RUS,LBN,8431
2958408,188,124,1355,2017.0,0.0,24955.0,0.508031,-0.42373500000000003,SAU,LBN,8431
2958409,201,124,1355,2017.0,32925.0,0.0,0.59312,1.535527,SRB,LBN,8431
2958410,206,124,1355,2017.0,134533.0,0.0,1.484316,0.811826,SVK,LBN,8431
2958411,207,124,1355,2017.0,20218.0,0.0,1.597178,0.753722,SVN,LBN,8431
2958412,208,124,1355,2017.0,2528.0,1282.0,1.695113,0.6885060000000001,SWE,LBN,8431
2958413,216,124,1355,2017.0,24441.0,0.0,1.15791,1.282718,THA,LBN,8431
2958414,223,124,1355,2017.0,113718.0,8406.0,0.31342600000000004,1.071153,TUN,LBN,8431
2958415,224,124,1355,2017.0,2072978.0,27425.0,0.601079,2.126314,TUR,LBN,8431
2958416,228,124,1355,2017.0,287227.0,0.0,0.34780900000000003,1.076817,UKR,LBN,8431
2958417,231,124,1355,2017.0,135758.0,62942.0,1.536355,0.23775100000000002,USA,LBN,8431
2958418,239,124,1355,2017.0,1518193.0,0.0,-0.006548999999999999,0.7030420000000001,VNM,LBN,8431
2958419,7,128,1355,2017.0,8419.0,377111.0,0.222875,-0.204271,ARE,LKA,8431
2958420,8,128,1355,2017.0,0.0,158226.0,-0.268441,0.337024,ARG,LKA,8431
2958421,9,128,1355,2017.0,0.0,3379.0,-0.422667,-0.824041,ARM,LKA,8431
2958422,14,128,1355,2017.0,0.0,793846.0,-0.598537,-0.23571,AUS,LKA,8431
2958423,15,128,1355,2017.0,0.0,78075.0,1.722766,-0.077938,AUT,LKA,8431
2958424,18,128,1355,2017.0,0.0,643590.0,1.2396969999999998,1.1699760000000001,BEL,LKA,8431
2958425,24,128,1355,2017.0,0.0,6441.0,0.160574,-0.708064,BHR,LKA,8431
2958426,28,128,1355,2017.0,0.0,1023.0,0.9188780000000001,0.9998819999999999,BLR,LKA,8431
2958427,32,128,1355,2017.0,0.0,511338.0,0.103119,0.808438,BRA,LKA,8431
2958428,39,128,1355,2017.0,0.0,560315.0,0.661032,1.331443,CAN,LKA,8431
2958429,41,128,1355,2017.0,0.0,158390.0,2.2443459999999997,0.836363,CHE,LKA,8431
2958430,42,128,1355,2017.0,0.0,47975.0,-0.282983,-0.33351,CHL,LKA,8431
2958431,43,128,1355,2017.0,10117716.0,776577.0,1.2888030000000001,0.9250700000000001,CHN,LKA,8431
2958432,49,128,1355,2017.0,0.0,21224.0,-0.039238999999999996,-0.246914,COL,LKA,8431
2958433,52,128,1355,2017.0,0.0,1613.0,0.288798,0.212928,CRI,LKA,8431
2958434,59,128,1355,2017.0,0.0,101393.0,1.8494680000000001,0.150088,CZE,LKA,8431
2958435,61,128,1355,2017.0,2174.0,2019511.0,2.164026,-2.458307,DEU,LKA,8431
2958436,67,128,1355,2017.0,0.0,4276.0,-1.109413,-1.1561270000000001,ECU,LKA,8431
2958437,71,128,1355,2017.0,0.0,23103.0,0.7720279999999999,2.434042,ESP,LKA,8431
2958438,72,128,1355,2017.0,0.0,10834.0,1.004481,1.311075,EST,LKA,8431
2958439,74,128,1355,2017.0,0.0,25826.0,1.6562990000000002,0.94619,FIN,LKA,8431
2958440,77,128,1355,2017.0,0.0,632115.0,1.3874030000000002,0.8887719999999999,FRA,LKA,8431
2958441,81,128,1355,2017.0,0.0,5742212.0,1.499843,1.120201,GBR,LKA,8431
2958442,97,128,1355,2017.0,0.0,211748.0,0.877065,1.1615520000000001,HKG,LKA,8431
2958443,103,128,1355,2017.0,23929.0,62912.0,-0.072977,1.376847,IDN,LKA,8431
2958444,104,128,1355,2017.0,96147.0,66598.0,0.262126,2.8212040000000003,IND,LKA,8431
2958445,106,128,1355,2017.0,0.0,142210.0,1.444823,0.158356,IRL,LKA,8431
2958446,111,128,1355,2017.0,0.0,7986.0,1.4374559999999998,0.21079699999999998,ITA,LKA,8431
2958447,114,128,1355,2017.0,0.0,471382.0,2.4440779999999998,-0.46107700000000007,JPN,LKA,8431
2958448,115,128,1355,2017.0,0.0,1388.0,-0.47984399999999994,-0.40618699999999996,KAZ,LKA,8431
2958449,121,128,1355,2017.0,0.0,530259.0,2.1277470000000003,0.8218719999999999,KOR,LKA,8431
2958450,122,128,1355,2017.0,0.0,62723.0,-0.264903,-1.112018,KWT,LKA,8431
2958451,124,128,1355,2017.0,0.0,16539.0,0.437192,1.027289,LBN,LKA,8431
2958452,126,128,1355,2017.0,0.0,8140.0,-1.067632,-1.21154,LBY,LKA,8431
2958453,134,128,1355,2017.0,13614.0,0.0,-0.593987,-0.093414,MAR,LKA,8431
2958454,135,128,1355,2017.0,0.0,2101.0,-0.135731,-0.008816,MDA,LKA,8431
2958455,137,128,1355,2017.0,0.0,5947.0,-0.739309,-0.951202,MDV,LKA,8431
2958456,138,128,1355,2017.0,0.0,661780.0,1.348763,0.6145010000000001,MEX,LKA,8431
2958457,143,128,1355,2017.0,1672342.0,0.0,-0.9113129999999999,-0.21514,MMR,LKA,8431
2958458,153,128,1355,2017.0,0.0,66219.0,1.022117,0.6711739999999999,MYS,LKA,8431
2958459,162,128,1355,2017.0,0.0,143032.0,1.090805,1.452409,NLD,LKA,8431
2958460,163,128,1355,2017.0,0.0,22286.0,0.393228,0.049788,NOR,LKA,8431
2958461,166,128,1355,2017.0,0.0,92432.0,0.154926,0.10981500000000001,NZL,LKA,8431
2958462,168,128,1355,2017.0,172338.0,5172.0,-0.737436,0.345773,PAK,LKA,8431
2958463,169,128,1355,2017.0,0.0,18716.0,0.638093,1.01027,PAN,LKA,8431
2958464,173,128,1355,2017.0,0.0,13476.0,-0.8214469999999999,-0.333306,PER,LKA,8431
2958465,174,128,1355,2017.0,0.0,46881.0,0.717074,0.224219,PHL,LKA,8431
2958466,177,128,1355,2017.0,0.0,54406.0,1.212941,0.917751,POL,LKA,8431
2958467,183,128,1355,2017.0,0.0,52176.0,-0.42615600000000003,-1.0956489999999999,QAT,LKA,8431
2958468,186,128,1355,2017.0,0.0,242051.0,0.07402,0.248236,RUS,LKA,8431
2958469,188,128,1355,2017.0,0.0,130331.0,0.508031,-0.42373500000000003,SAU,LKA,8431
2958470,192,128,1355,2017.0,2231.0,57606.0,1.8943720000000002,0.449316,SGP,LKA,8431
2958471,201,128,1355,2017.0,0.0,2951.0,0.59312,1.535527,SRB,LKA,8431
2958472,206,128,1355,2017.0,0.0,7763.0,1.484316,0.811826,SVK,LKA,8431
2958473,207,128,1355,2017.0,0.0,11820.0,1.597178,0.753722,SVN,LKA,8431
2958474,208,128,1355,2017.0,0.0,558192.0,1.695113,0.6885060000000001,SWE,LKA,8431
2958475,216,128,1355,2017.0,252115.0,22118.0,1.15791,1.282718,THA,LKA,8431
2958476,224,128,1355,2017.0,6797.0,52545.0,0.601079,2.126314,TUR,LKA,8431
2958477,230,128,1355,2017.0,0.0,5642.0,0.09085900000000001,-0.246694,URY,LKA,8431
2958478,231,128,1355,2017.0,0.0,6907090.0,1.536355,0.23775100000000002,USA,LKA,8431
2958479,236,128,1355,2017.0,0.0,12390.0,-1.191942,-1.245689,VEN,LKA,8431
2958480,239,128,1355,2017.0,426755.0,16276.0,-0.006548999999999999,0.7030420000000001,VNM,LKA,8431
2958481,246,128,1355,2017.0,0.0,82976.0,-0.048668,1.283483,ZAF,LKA,8431
2958482,249,128,1355,2017.0,0.0,47805.0,2.003822,1.215216,TWN,LKA,8431
2958483,7,130,1355,2017.0,0.0,127254.0,0.222875,-0.204271,ARE,LTU,8431
2958484,9,130,1355,2017.0,0.0,192410.0,-0.422667,-0.824041,ARM,LTU,8431
2958485,14,130,1355,2017.0,0.0,115899.0,-0.598537,-0.23571,AUS,LTU,8431
2958486,15,130,1355,2017.0,27031.0,277113.0,1.722766,-0.077938,AUT,LTU,8431
2958487,16,130,1355,2017.0,0.0,8521.0,-1.665069,-1.37471,AZE,LTU,8431
2958488,18,130,1355,2017.0,69642.0,1162237.0,1.2396969999999998,1.1699760000000001,BEL,LTU,8431
2958489,23,130,1355,2017.0,1032236.0,5625.0,0.563342,1.744989,BGR,LTU,8431
2958490,28,130,1355,2017.0,1238305.0,214001.0,0.9188780000000001,0.9998819999999999,BLR,LTU,8431
2958491,32,130,1355,2017.0,0.0,2129.0,0.103119,0.808438,BRA,LTU,8431
2958492,39,130,1355,2017.0,10000.0,439861.0,0.661032,1.331443,CAN,LTU,8431
2958493,41,130,1355,2017.0,8435.0,417802.0,2.2443459999999997,0.836363,CHE,LTU,8431
2958494,42,130,1355,2017.0,0.0,9550.0,-0.282983,-0.33351,CHL,LTU,8431
2958495,43,130,1355,2017.0,1687626.0,591299.0,1.2888030000000001,0.9250700000000001,CHN,LTU,8431
2958496,59,130,1355,2017.0,315461.0,55669.0,1.8494680000000001,0.150088,CZE,LTU,8431
2958497,61,130,1355,2017.0,1807592.0,4560166.0,2.164026,-2.458307,DEU,LTU,8431
2958498,64,130,1355,2017.0,435215.0,1045286.0,1.143276,1.242437,DNK,LTU,8431
2958499,71,130,1355,2017.0,2637460.0,97204.0,0.7720279999999999,2.434042,ESP,LTU,8431
2958500,72,130,1355,2017.0,2038167.0,669865.0,1.004481,1.311075,EST,LTU,8431
2958501,74,130,1355,2017.0,226249.0,448635.0,1.6562990000000002,0.94619,FIN,LTU,8431
2958502,77,130,1355,2017.0,478727.0,3578761.0,1.3874030000000002,0.8887719999999999,FRA,LTU,8431
2958503,81,130,1355,2017.0,635454.0,3516436.0,1.499843,1.120201,GBR,LTU,8431
2958504,82,130,1355,2017.0,0.0,1436.0,-0.252287,-0.172336,GEO,LTU,8431
2958505,90,130,1355,2017.0,0.0,4848.0,0.10646300000000002,1.0936290000000002,GRC,LTU,8431
2958506,97,130,1355,2017.0,124882.0,35543.0,0.877065,1.1615520000000001,HKG,LTU,8431
2958507,102,130,1355,2017.0,32913.0,5566.0,1.6949029999999998,0.723915,HUN,LTU,8431
2958508,106,130,1355,2017.0,1940.0,134579.0,1.444823,0.158356,IRL,LTU,8431
2958509,109,130,1355,2017.0,1339.0,24732.0,0.279223,-0.34883600000000003,ISL,LTU,8431
2958510,110,130,1355,2017.0,0.0,4305.0,1.158779,0.8909020000000001,ISR,LTU,8431
2958511,111,130,1355,2017.0,3699341.0,38278.0,1.4374559999999998,0.21079699999999998,ITA,LTU,8431
2958512,114,130,1355,2017.0,14478.0,422332.0,2.4440779999999998,-0.46107700000000007,JPN,LTU,8431
2958513,115,130,1355,2017.0,0.0,12406.0,-0.47984399999999994,-0.40618699999999996,KAZ,LTU,8431
2958514,117,130,1355,2017.0,0.0,29220.0,0.056509000000000004,0.363176,KGZ,LTU,8431
2958515,121,130,1355,2017.0,1398.0,968404.0,2.1277470000000003,0.8218719999999999,KOR,LTU,8431
2958516,122,130,1355,2017.0,0.0,29170.0,-0.264903,-1.112018,KWT,LTU,8431
2958517,124,130,1355,2017.0,0.0,38315.0,0.437192,1.027289,LBN,LTU,8431
2958518,131,130,1355,2017.0,0.0,25288.0,1.1461629999999998,1.434994,LUX,LTU,8431
2958519,132,130,1355,2017.0,916598.0,2134261.0,0.644285,1.4304290000000002,LVA,LTU,8431
2958520,134,130,1355,2017.0,0.0,1168.0,-0.593987,-0.093414,MAR,LTU,8431
2958521,143,130,1355,2017.0,9291.0,0.0,-0.9113129999999999,-0.21514,MMR,LTU,8431
2958522,144,130,1355,2017.0,0.0,1546.0,0.132462,-0.071601,MNE,LTU,8431
2958523,145,130,1355,2017.0,0.0,6438.0,-1.110506,-1.179734,MNG,LTU,8431
2958524,162,130,1355,2017.0,680023.0,6258388.0,1.090805,1.452409,NLD,LTU,8431
2958525,163,130,1355,2017.0,0.0,768246.0,0.393228,0.049788,NOR,LTU,8431
2958526,166,130,1355,2017.0,0.0,6190.0,0.154926,0.10981500000000001,NZL,LTU,8431
2958527,168,130,1355,2017.0,8807.0,0.0,-0.737436,0.345773,PAK,LTU,8431
2958528,177,130,1355,2017.0,1975470.0,1012843.0,1.212941,0.917751,POL,LTU,8431
2958529,179,130,1355,2017.0,37837.0,27689.0,0.692908,2.05977,PRT,LTU,8431
2958530,183,130,1355,2017.0,0.0,6083.0,-0.42615600000000003,-1.0956489999999999,QAT,LTU,8431
2958531,186,130,1355,2017.0,314333.0,5342890.0,0.07402,0.248236,RUS,LTU,8431
2958532,188,130,1355,2017.0,0.0,3894.0,0.508031,-0.42373500000000003,SAU,LTU,8431
2958533,192,130,1355,2017.0,0.0,7037.0,1.8943720000000002,0.449316,SGP,LTU,8431
2958534,201,130,1355,2017.0,0.0,3829.0,0.59312,1.535527,SRB,LTU,8431
2958535,206,130,1355,2017.0,84644.0,21750.0,1.484316,0.811826,SVK,LTU,8431
2958536,207,130,1355,2017.0,43732.0,12923.0,1.597178,0.753722,SVN,LTU,8431
2958537,208,130,1355,2017.0,70663.0,2429678.0,1.695113,0.6885060000000001,SWE,LTU,8431
2958538,216,130,1355,2017.0,2711.0,21015.0,1.15791,1.282718,THA,LTU,8431
2958539,224,130,1355,2017.0,408929.0,41804.0,0.601079,2.126314,TUR,LTU,8431
2958540,228,130,1355,2017.0,63711.0,22529.0,0.34780900000000003,1.076817,UKR,LTU,8431
2958541,231,130,1355,2017.0,34533.0,1812822.0,1.536355,0.23775100000000002,USA,LTU,8431
2958542,232,130,1355,2017.0,0.0,23663.0,-0.386302,-0.35475999999999996,UZB,LTU,8431
2958543,239,130,1355,2017.0,1893.0,3493.0,-0.006548999999999999,0.7030420000000001,VNM,LTU,8431
2958544,246,130,1355,2017.0,0.0,16251.0,-0.048668,1.283483,ZAF,LTU,8431
2958545,249,130,1355,2017.0,0.0,63892.0,2.003822,1.215216,TWN,LTU,8431
2958546,14,131,1355,2017.0,0.0,4971.0,-0.598537,-0.23571,AUS,LUX,8431
2958547,15,131,1355,2017.0,279468.0,20513.0,1.722766,-0.077938,AUT,LUX,8431
2958548,18,131,1355,2017.0,1913508.0,197481.0,1.2396969999999998,1.1699760000000001,BEL,LUX,8431
2958549,22,131,1355,2017.0,143952.0,0.0,-1.007846,-1.112069,BGD,LUX,8431
2958550,23,131,1355,2017.0,143262.0,0.0,0.563342,1.744989,BGR,LUX,8431
2958551,26,131,1355,2017.0,9366.0,0.0,0.584825,0.9219,BIH,LUX,8431
2958552,28,131,1355,2017.0,9400.0,0.0,0.9188780000000001,0.9998819999999999,BLR,LUX,8431
2958553,32,131,1355,2017.0,0.0,1721.0,0.103119,0.808438,BRA,LUX,8431
2958554,39,131,1355,2017.0,9098.0,1421.0,0.661032,1.331443,CAN,LUX,8431
2958555,41,131,1355,2017.0,28504.0,8044.0,2.2443459999999997,0.836363,CHE,LUX,8431
2958556,43,131,1355,2017.0,1756777.0,6100.0,1.2888030000000001,0.9250700000000001,CHN,LUX,8431
2958557,58,131,1355,2017.0,2079.0,0.0,0.35097399999999995,0.103466,CYP,LUX,8431
2958558,59,131,1355,2017.0,13323.0,21855.0,1.8494680000000001,0.150088,CZE,LUX,8431
2958559,61,131,1355,2017.0,2853662.0,149946.0,2.164026,-2.458307,DEU,LUX,8431
2958560,64,131,1355,2017.0,241822.0,24363.0,1.143276,1.242437,DNK,LUX,8431
2958561,68,131,1355,2017.0,1941.0,0.0,-0.09792100000000001,1.9664270000000001,EGY,LUX,8431
2958562,71,131,1355,2017.0,1862943.0,48916.0,0.7720279999999999,2.434042,ESP,LUX,8431
2958563,72,131,1355,2017.0,2648.0,0.0,1.004481,1.311075,EST,LUX,8431
2958564,74,131,1355,2017.0,11666.0,0.0,1.6562990000000002,0.94619,FIN,LUX,8431
2958565,77,131,1355,2017.0,4524978.0,302204.0,1.3874030000000002,0.8887719999999999,FRA,LUX,8431
2958566,81,131,1355,2017.0,430347.0,102410.0,1.499843,1.120201,GBR,LUX,8431
2958567,90,131,1355,2017.0,1729.0,0.0,0.10646300000000002,1.0936290000000002,GRC,LUX,8431
2958568,97,131,1355,2017.0,78867.0,19541.0,0.877065,1.1615520000000001,HKG,LUX,8431
2958569,100,131,1355,2017.0,14213.0,0.0,0.8933700000000001,1.4400469999999999,HRV,LUX,8431
2958570,102,131,1355,2017.0,11979.0,0.0,1.6949029999999998,0.723915,HUN,LUX,8431
2958571,103,131,1355,2017.0,15752.0,0.0,-0.072977,1.376847,IDN,LUX,8431
2958572,104,131,1355,2017.0,6653.0,0.0,0.262126,2.8212040000000003,IND,LUX,8431
2958573,111,131,1355,2017.0,2328314.0,61184.0,1.4374559999999998,0.21079699999999998,ITA,LUX,8431
2958574,114,131,1355,2017.0,6000.0,196903.0,2.4440779999999998,-0.46107700000000007,JPN,LUX,8431
2958575,118,131,1355,2017.0,13763.0,0.0,-0.654185,-0.655463,KHM,LUX,8431
2958576,121,131,1355,2017.0,1372.0,24104.0,2.1277470000000003,0.8218719999999999,KOR,LUX,8431
2958577,122,131,1355,2017.0,0.0,1236.0,-0.264903,-1.112018,KWT,LUX,8431
2958578,130,131,1355,2017.0,25288.0,0.0,0.770556,1.555233,LTU,LUX,8431
2958579,132,131,1355,2017.0,4585.0,0.0,0.644285,1.4304290000000002,LVA,LUX,8431
2958580,134,131,1355,2017.0,48921.0,0.0,-0.593987,-0.093414,MAR,LUX,8431
2958581,135,131,1355,2017.0,21546.0,0.0,-0.135731,-0.008816,MDA,LUX,8431
2958582,136,131,1355,2017.0,6736.0,0.0,-1.098631,-0.8503069999999999,MDG,LUX,8431
2958583,138,131,1355,2017.0,2733.0,0.0,1.348763,0.6145010000000001,MEX,LUX,8431
2958584,140,131,1355,2017.0,48036.0,0.0,-0.12182799999999999,-0.333793,MKD,LUX,8431
2958585,143,131,1355,2017.0,29388.0,0.0,-0.9113129999999999,-0.21514,MMR,LUX,8431
2958586,151,131,1355,2017.0,2112.0,0.0,-0.166097,-0.050332,MUS,LUX,8431
2958587,162,131,1355,2017.0,735983.0,290143.0,1.090805,1.452409,NLD,LUX,8431
2958588,168,131,1355,2017.0,1462.0,0.0,-0.737436,0.345773,PAK,LUX,8431
2958589,177,131,1355,2017.0,55458.0,0.0,1.212941,0.917751,POL,LUX,8431
2958590,179,131,1355,2017.0,202193.0,55447.0,0.692908,2.05977,PRT,LUX,8431
2958591,185,131,1355,2017.0,329046.0,10929.0,1.145161,1.095192,ROU,LUX,8431
2958592,186,131,1355,2017.0,2632.0,5078.0,0.07402,0.248236,RUS,LUX,8431
2958593,201,131,1355,2017.0,36540.0,0.0,0.59312,1.535527,SRB,LUX,8431
2958594,208,131,1355,2017.0,8982.0,4934.0,1.695113,0.6885060000000001,SWE,LUX,8431
2958595,216,131,1355,2017.0,1252.0,0.0,1.15791,1.282718,THA,LUX,8431
2958596,223,131,1355,2017.0,9117.0,0.0,0.31342600000000004,1.071153,TUN,LUX,8431
2958597,224,131,1355,2017.0,99181.0,0.0,0.601079,2.126314,TUR,LUX,8431
2958598,228,131,1355,2017.0,35531.0,0.0,0.34780900000000003,1.076817,UKR,LUX,8431
2958599,231,131,1355,2017.0,88745.0,4749.0,1.536355,0.23775100000000002,USA,LUX,8431
2958600,239,131,1355,2017.0,214665.0,0.0,-0.006548999999999999,0.7030420000000001,VNM,LUX,8431
2958601,250,131,1355,2017.0,402482.0,0.0,0.472054,-0.363374,ANS,LUX,8431
2958602,14,132,1355,2017.0,0.0,1838.0,-0.598537,-0.23571,AUS,LVA,8431
2958603,15,132,1355,2017.0,68853.0,104865.0,1.722766,-0.077938,AUT,LVA,8431
2958604,18,132,1355,2017.0,31554.0,25085.0,1.2396969999999998,1.1699760000000001,BEL,LVA,8431
2958605,23,132,1355,2017.0,1472.0,0.0,0.563342,1.744989,BGR,LVA,8431
2958606,28,132,1355,2017.0,247822.0,23678.0,0.9188780000000001,0.9998819999999999,BLR,LVA,8431
2958607,39,132,1355,2017.0,0.0,16429.0,0.661032,1.331443,CAN,LVA,8431
2958608,41,132,1355,2017.0,63655.0,232157.0,2.2443459999999997,0.836363,CHE,LVA,8431
2958609,43,132,1355,2017.0,1510864.0,46800.0,1.2888030000000001,0.9250700000000001,CHN,LVA,8431
2958610,59,132,1355,2017.0,180105.0,19545.0,1.8494680000000001,0.150088,CZE,LVA,8431
2958611,61,132,1355,2017.0,1576259.0,534533.0,2.164026,-2.458307,DEU,LVA,8431
2958612,64,132,1355,2017.0,112270.0,1519762.0,1.143276,1.242437,DNK,LVA,8431
2958613,71,132,1355,2017.0,1409616.0,19891.0,0.7720279999999999,2.434042,ESP,LVA,8431
2958614,72,132,1355,2017.0,2882595.0,1358991.0,1.004481,1.311075,EST,LVA,8431
2958615,74,132,1355,2017.0,593831.0,1233574.0,1.6562990000000002,0.94619,FIN,LVA,8431
2958616,77,132,1355,2017.0,384232.0,592071.0,1.3874030000000002,0.8887719999999999,FRA,LVA,8431
2958617,81,132,1355,2017.0,853905.0,190813.0,1.499843,1.120201,GBR,LVA,8431
2958618,90,132,1355,2017.0,0.0,1125.0,0.10646300000000002,1.0936290000000002,GRC,LVA,8431
2958619,97,132,1355,2017.0,10192.0,2317.0,0.877065,1.1615520000000001,HKG,LVA,8431
2958620,102,132,1355,2017.0,7080.0,0.0,1.6949029999999998,0.723915,HUN,LVA,8431
2958621,103,132,1355,2017.0,1830.0,0.0,-0.072977,1.376847,IDN,LVA,8431
2958622,104,132,1355,2017.0,8197.0,0.0,0.262126,2.8212040000000003,IND,LVA,8431
2958623,106,132,1355,2017.0,0.0,275227.0,1.444823,0.158356,IRL,LVA,8431
2958624,109,132,1355,2017.0,1127.0,263360.0,0.279223,-0.34883600000000003,ISL,LVA,8431
2958625,111,132,1355,2017.0,2391567.0,64105.0,1.4374559999999998,0.21079699999999998,ITA,LVA,8431
2958626,114,132,1355,2017.0,3446.0,11313.0,2.4440779999999998,-0.46107700000000007,JPN,LVA,8431
2958627,121,132,1355,2017.0,0.0,120694.0,2.1277470000000003,0.8218719999999999,KOR,LVA,8431
2958628,130,132,1355,2017.0,2134261.0,916598.0,0.770556,1.555233,LTU,LVA,8431
2958629,131,132,1355,2017.0,0.0,4585.0,1.1461629999999998,1.434994,LUX,LVA,8431
2958630,140,132,1355,2017.0,75837.0,0.0,-0.12182799999999999,-0.333793,MKD,LVA,8431
2958631,162,132,1355,2017.0,518475.0,24033.0,1.090805,1.452409,NLD,LVA,8431
2958632,163,132,1355,2017.0,2641.0,606550.0,0.393228,0.049788,NOR,LVA,8431
2958633,177,132,1355,2017.0,1407071.0,16844.0,1.212941,0.917751,POL,LVA,8431
2958634,179,132,1355,2017.0,56863.0,0.0,0.692908,2.05977,PRT,LVA,8431
2958635,183,132,1355,2017.0,0.0,10032.0,-0.42615600000000003,-1.0956489999999999,QAT,LVA,8431
2958636,186,132,1355,2017.0,14207.0,320678.0,0.07402,0.248236,RUS,LVA,8431
2958637,206,132,1355,2017.0,2422.0,2906.0,1.484316,0.811826,SVK,LVA,8431
2958638,207,132,1355,2017.0,0.0,1367.0,1.597178,0.753722,SVN,LVA,8431
2958639,208,132,1355,2017.0,120542.0,558968.0,1.695113,0.6885060000000001,SWE,LVA,8431
2958640,224,132,1355,2017.0,112067.0,3036.0,0.601079,2.126314,TUR,LVA,8431
2958641,228,132,1355,2017.0,190419.0,0.0,0.34780900000000003,1.076817,UKR,LVA,8431
2958642,231,132,1355,2017.0,14349.0,57896.0,1.536355,0.23775100000000002,USA,LVA,8431
2958643,246,132,1355,2017.0,0.0,1223.0,-0.048668,1.283483,ZAF,LVA,8431
2958644,249,132,1355,2017.0,0.0,2158.0,2.003822,1.215216,TWN,LVA,8431
2958645,5,134,1355,2017.0,0.0,1316.0,1.101312,0.593242,AND,MAR,8431
2958646,7,134,1355,2017.0,84139.0,1825672.0,0.222875,-0.204271,ARE,MAR,8431
2958647,8,134,1355,2017.0,0.0,416555.0,-0.268441,0.337024,ARG,MAR,8431
2958648,9,134,1355,2017.0,0.0,43831.0,-0.422667,-0.824041,ARM,MAR,8431
2958649,14,134,1355,2017.0,0.0,1563173.0,-0.598537,-0.23571,AUS,MAR,8431
2958650,15,134,1355,2017.0,0.0,1267214.0,1.722766,-0.077938,AUT,MAR,8431
2958651,16,134,1355,2017.0,0.0,114254.0,-1.665069,-1.37471,AZE,MAR,8431
2958652,18,134,1355,2017.0,4245.0,148603.0,1.2396969999999998,1.1699760000000001,BEL,MAR,8431
2958653,22,134,1355,2017.0,366215.0,0.0,-1.007846,-1.112069,BGD,MAR,8431
2958654,23,134,1355,2017.0,54732.0,0.0,0.563342,1.744989,BGR,MAR,8431
2958655,24,134,1355,2017.0,0.0,77139.0,0.160574,-0.708064,BHR,MAR,8431
2958656,26,134,1355,2017.0,0.0,253548.0,0.584825,0.9219,BIH,MAR,8431
2958657,28,134,1355,2017.0,0.0,88729.0,0.9188780000000001,0.9998819999999999,BLR,MAR,8431
2958658,31,134,1355,2017.0,0.0,10680.0,-1.032957,-0.9679840000000001,BOL,MAR,8431
2958659,32,134,1355,2017.0,0.0,2494022.0,0.103119,0.808438,BRA,MAR,8431
2958660,39,134,1355,2017.0,0.0,4079940.0,0.661032,1.331443,CAN,MAR,8431
2958661,41,134,1355,2017.0,1523.0,6410489.0,2.2443459999999997,0.836363,CHE,MAR,8431
2958662,42,134,1355,2017.0,0.0,13696.0,-0.282983,-0.33351,CHL,MAR,8431
2958663,43,134,1355,2017.0,5163462.0,10643849.0,1.2888030000000001,0.9250700000000001,CHN,MAR,8431
2958664,44,134,1355,2017.0,0.0,6414.0,-0.991865,-0.9496889999999999,CIV,MAR,8431
2958665,49,134,1355,2017.0,0.0,1184477.0,-0.039238999999999996,-0.246914,COL,MAR,8431
2958666,52,134,1355,2017.0,0.0,91315.0,0.288798,0.212928,CRI,MAR,8431
2958667,59,134,1355,2017.0,0.0,1116192.0,1.8494680000000001,0.150088,CZE,MAR,8431
2958668,61,134,1355,2017.0,31577.0,25985188.0,2.164026,-2.458307,DEU,MAR,8431
2958669,64,134,1355,2017.0,3789.0,5968.0,1.143276,1.242437,DNK,MAR,8431
2958670,65,134,1355,2017.0,0.0,104803.0,-0.314875,0.125244,DOM,MAR,8431
2958671,66,134,1355,2017.0,0.0,429180.0,-0.918984,-1.177867,DZA,MAR,8431
2958672,67,134,1355,2017.0,0.0,128890.0,-1.109413,-1.1561270000000001,ECU,MAR,8431
2958673,68,134,1355,2017.0,20562.0,0.0,-0.09792100000000001,1.9664270000000001,EGY,MAR,8431
2958674,71,134,1355,2017.0,1232756.0,255820800.0,0.7720279999999999,2.434042,ESP,MAR,8431
2958675,72,134,1355,2017.0,0.0,154646.0,1.004481,1.311075,EST,MAR,8431
2958676,74,134,1355,2017.0,0.0,658301.0,1.6562990000000002,0.94619,FIN,MAR,8431
2958677,77,134,1355,2017.0,682666.0,59042588.0,1.3874030000000002,0.8887719999999999,FRA,MAR,8431
2958678,81,134,1355,2017.0,54725.0,1832912.0,1.499843,1.120201,GBR,MAR,8431
2958679,85,134,1355,2017.0,0.0,6210.0,-1.694853,-1.30845,GIN,MAR,8431
2958680,90,134,1355,2017.0,0.0,1381.0,0.10646300000000002,1.0936290000000002,GRC,MAR,8431
2958681,97,134,1355,2017.0,8278.0,25776.0,0.877065,1.1615520000000001,HKG,MAR,8431
2958682,99,134,1355,2017.0,0.0,22298.0,-0.44761999999999996,-0.20167100000000002,HND,MAR,8431
2958683,100,134,1355,2017.0,0.0,1210.0,0.8933700000000001,1.4400469999999999,HRV,MAR,8431
2958684,102,134,1355,2017.0,16861.0,0.0,1.6949029999999998,0.723915,HUN,MAR,8431
2958685,103,134,1355,2017.0,29235.0,728735.0,-0.072977,1.376847,IDN,MAR,8431
2958686,104,134,1355,2017.0,235889.0,0.0,0.262126,2.8212040000000003,IND,MAR,8431
2958687,106,134,1355,2017.0,1250.0,558420.0,1.444823,0.158356,IRL,MAR,8431
2958688,109,134,1355,2017.0,0.0,47887.0,0.279223,-0.34883600000000003,ISL,MAR,8431
2958689,111,134,1355,2017.0,300766.0,3906612.0,1.4374559999999998,0.21079699999999998,ITA,MAR,8431
2958690,114,134,1355,2017.0,2181.0,5273425.0,2.4440779999999998,-0.46107700000000007,JPN,MAR,8431
2958691,115,134,1355,2017.0,0.0,196999.0,-0.47984399999999994,-0.40618699999999996,KAZ,MAR,8431
2958692,117,134,1355,2017.0,0.0,7084.0,0.056509000000000004,0.363176,KGZ,MAR,8431
2958693,118,134,1355,2017.0,72803.0,0.0,-0.654185,-0.655463,KHM,MAR,8431
2958694,121,134,1355,2017.0,0.0,3133882.0,2.1277470000000003,0.8218719999999999,KOR,MAR,8431
2958695,122,134,1355,2017.0,0.0,187543.0,-0.264903,-1.112018,KWT,MAR,8431
2958696,124,134,1355,2017.0,33078.0,1829608.0,0.437192,1.027289,LBN,MAR,8431
2958697,126,134,1355,2017.0,0.0,11404.0,-1.067632,-1.21154,LBY,MAR,8431
2958698,128,134,1355,2017.0,0.0,13614.0,-0.506691,0.43309200000000003,LKA,MAR,8431
2958699,130,134,1355,2017.0,1168.0,0.0,0.770556,1.555233,LTU,MAR,8431
2958700,131,134,1355,2017.0,0.0,48921.0,1.1461629999999998,1.434994,LUX,MAR,8431
2958701,135,134,1355,2017.0,0.0,5608.0,-0.135731,-0.008816,MDA,MAR,8431
2958702,138,134,1355,2017.0,0.0,2897437.0,1.348763,0.6145010000000001,MEX,MAR,8431
2958703,140,134,1355,2017.0,1331.0,51506.0,-0.12182799999999999,-0.333793,MKD,MAR,8431
2958704,143,134,1355,2017.0,46391.0,2602.0,-0.9113129999999999,-0.21514,MMR,MAR,8431
2958705,144,134,1355,2017.0,0.0,30009.0,0.132462,-0.071601,MNE,MAR,8431
2958706,145,134,1355,2017.0,0.0,11982.0,-1.110506,-1.179734,MNG,MAR,8431
2958707,151,134,1355,2017.0,0.0,11865.0,-0.166097,-0.050332,MUS,MAR,8431
2958708,153,134,1355,2017.0,0.0,299979.0,1.022117,0.6711739999999999,MYS,MAR,8431
2958709,157,134,1355,2017.0,0.0,8729.0,-0.904508,-0.9522940000000001,NER,MAR,8431
2958710,160,134,1355,2017.0,0.0,21998.0,-0.974065,-0.791551,NIC,MAR,8431
2958711,162,134,1355,2017.0,7136.0,1069637.0,1.090805,1.452409,NLD,MAR,8431
2958712,163,134,1355,2017.0,0.0,686682.0,0.393228,0.049788,NOR,MAR,8431
2958713,166,134,1355,2017.0,0.0,194203.0,0.154926,0.10981500000000001,NZL,MAR,8431
2958714,167,134,1355,2017.0,0.0,30516.0,-0.44851199999999997,-0.9820049999999999,OMN,MAR,8431
2958715,168,134,1355,2017.0,16978.0,13977.0,-0.737436,0.345773,PAK,MAR,8431
2958716,169,134,1355,2017.0,0.0,54067.0,0.638093,1.01027,PAN,MAR,8431
2958717,173,134,1355,2017.0,0.0,297323.0,-0.8214469999999999,-0.333306,PER,MAR,8431
2958718,174,134,1355,2017.0,3764.0,0.0,0.717074,0.224219,PHL,MAR,8431
2958719,177,134,1355,2017.0,55922.0,9395943.0,1.212941,0.917751,POL,MAR,8431
2958720,179,134,1355,2017.0,298940.0,2186137.0,0.692908,2.05977,PRT,MAR,8431
2958721,180,134,1355,2017.0,0.0,38244.0,-0.604205,-0.956699,PRY,MAR,8431
2958722,183,134,1355,2017.0,0.0,530980.0,-0.42615600000000003,-1.0956489999999999,QAT,MAR,8431
2958723,185,134,1355,2017.0,177140.0,0.0,1.145161,1.095192,ROU,MAR,8431
2958724,186,134,1355,2017.0,0.0,7028396.0,0.07402,0.248236,RUS,MAR,8431
2958725,188,134,1355,2017.0,0.0,266107.0,0.508031,-0.42373500000000003,SAU,MAR,8431
2958726,190,134,1355,2017.0,0.0,2794.0,-1.488393,-1.236046,SDN,MAR,8431
2958727,191,134,1355,2017.0,0.0,3062.0,-0.604504,-0.228411,SEN,MAR,8431
2958728,192,134,1355,2017.0,0.0,122620.0,1.8943720000000002,0.449316,SGP,MAR,8431
2958729,197,134,1355,2017.0,0.0,27037.0,0.11754,0.363982,SLV,MAR,8431
2958730,201,134,1355,2017.0,0.0,379564.0,0.59312,1.535527,SRB,MAR,8431
2958731,206,134,1355,2017.0,121063.0,512028.0,1.484316,0.811826,SVK,MAR,8431
2958732,207,134,1355,2017.0,3152.0,443370.0,1.597178,0.753722,SVN,MAR,8431
2958733,208,134,1355,2017.0,2374.0,80779.0,1.695113,0.6885060000000001,SWE,MAR,8431
2958734,216,134,1355,2017.0,3346.0,1046166.0,1.15791,1.282718,THA,MAR,8431
2958735,223,134,1355,2017.0,14439.0,173421.0,0.31342600000000004,1.071153,TUN,MAR,8431
2958736,224,134,1355,2017.0,2225978.0,4347488.0,0.601079,2.126314,TUR,MAR,8431
2958737,228,134,1355,2017.0,30868.0,358172.0,0.34780900000000003,1.076817,UKR,MAR,8431
2958738,230,134,1355,2017.0,0.0,224266.0,0.09085900000000001,-0.246694,URY,MAR,8431
2958739,231,134,1355,2017.0,12130.0,12011021.0,1.536355,0.23775100000000002,USA,MAR,8431
2958740,239,134,1355,2017.0,191012.0,260256.0,-0.006548999999999999,0.7030420000000001,VNM,MAR,8431
2958741,246,134,1355,2017.0,2143.0,441945.0,-0.048668,1.283483,ZAF,MAR,8431
2958742,249,134,1355,2017.0,0.0,795280.0,2.003822,1.215216,TWN,MAR,8431
2958743,4,135,1355,2017.0,1626.0,0.0,-0.351054,-0.193147,ALB,MDA,8431
2958744,7,135,1355,2017.0,0.0,71850.0,0.222875,-0.204271,ARE,MDA,8431
2958745,9,135,1355,2017.0,0.0,22763.0,-0.422667,-0.824041,ARM,MDA,8431
2958746,14,135,1355,2017.0,0.0,33996.0,-0.598537,-0.23571,AUS,MDA,8431
2958747,15,135,1355,2017.0,1201.0,310885.0,1.722766,-0.077938,AUT,MDA,8431
2958748,16,135,1355,2017.0,0.0,8875.0,-1.665069,-1.37471,AZE,MDA,8431
2958749,18,135,1355,2017.0,1784.0,27645.0,1.2396969999999998,1.1699760000000001,BEL,MDA,8431
2958750,22,135,1355,2017.0,54627.0,0.0,-1.007846,-1.112069,BGD,MDA,8431
2958751,23,135,1355,2017.0,142500.0,39103.0,0.563342,1.744989,BGR,MDA,8431
2958752,24,135,1355,2017.0,0.0,21364.0,0.160574,-0.708064,BHR,MDA,8431
2958753,26,135,1355,2017.0,0.0,18044.0,0.584825,0.9219,BIH,MDA,8431
2958754,28,135,1355,2017.0,4963.0,24856.0,0.9188780000000001,0.9998819999999999,BLR,MDA,8431
2958755,32,135,1355,2017.0,0.0,9250.0,0.103119,0.808438,BRA,MDA,8431
2958756,39,135,1355,2017.0,0.0,43148.0,0.661032,1.331443,CAN,MDA,8431
2958757,41,135,1355,2017.0,0.0,797548.0,2.2443459999999997,0.836363,CHE,MDA,8431
2958758,43,135,1355,2017.0,166381.0,1959598.0,1.2888030000000001,0.9250700000000001,CHN,MDA,8431
2958759,59,135,1355,2017.0,0.0,93867.0,1.8494680000000001,0.150088,CZE,MDA,8431
2958760,61,135,1355,2017.0,82585.0,6063273.0,2.164026,-2.458307,DEU,MDA,8431
2958761,64,135,1355,2017.0,8694.0,0.0,1.143276,1.242437,DNK,MDA,8431
2958762,71,135,1355,2017.0,1361.0,12971.0,0.7720279999999999,2.434042,ESP,MDA,8431
2958763,72,135,1355,2017.0,0.0,31406.0,1.004481,1.311075,EST,MDA,8431
2958764,74,135,1355,2017.0,0.0,68805.0,1.6562990000000002,0.94619,FIN,MDA,8431
2958765,77,135,1355,2017.0,0.0,268706.0,1.3874030000000002,0.8887719999999999,FRA,MDA,8431
2958766,81,135,1355,2017.0,13382.0,1042913.0,1.499843,1.120201,GBR,MDA,8431
2958767,100,135,1355,2017.0,1218.0,0.0,0.8933700000000001,1.4400469999999999,HRV,MDA,8431
2958768,102,135,1355,2017.0,5000.0,0.0,1.6949029999999998,0.723915,HUN,MDA,8431
2958769,106,135,1355,2017.0,0.0,41886.0,1.444823,0.158356,IRL,MDA,8431
2958770,109,135,1355,2017.0,0.0,5153.0,0.279223,-0.34883600000000003,ISL,MDA,8431
2958771,111,135,1355,2017.0,184966.0,5865780.0,1.4374559999999998,0.21079699999999998,ITA,MDA,8431
2958772,114,135,1355,2017.0,0.0,1307953.0,2.4440779999999998,-0.46107700000000007,JPN,MDA,8431
2958773,115,135,1355,2017.0,0.0,25318.0,-0.47984399999999994,-0.40618699999999996,KAZ,MDA,8431
2958774,118,135,1355,2017.0,5384.0,0.0,-0.654185,-0.655463,KHM,MDA,8431
2958775,121,135,1355,2017.0,0.0,697659.0,2.1277470000000003,0.8218719999999999,KOR,MDA,8431
2958776,122,135,1355,2017.0,0.0,28332.0,-0.264903,-1.112018,KWT,MDA,8431
2958777,124,135,1355,2017.0,0.0,31759.0,0.437192,1.027289,LBN,MDA,8431
2958778,128,135,1355,2017.0,2101.0,0.0,-0.506691,0.43309200000000003,LKA,MDA,8431
2958779,131,135,1355,2017.0,0.0,21546.0,1.1461629999999998,1.434994,LUX,MDA,8431
2958780,134,135,1355,2017.0,5608.0,0.0,-0.593987,-0.093414,MAR,MDA,8431
2958781,140,135,1355,2017.0,2639.0,6132.0,-0.12182799999999999,-0.333793,MKD,MDA,8431
2958782,143,135,1355,2017.0,28788.0,0.0,-0.9113129999999999,-0.21514,MMR,MDA,8431
2958783,144,135,1355,2017.0,0.0,5972.0,0.132462,-0.071601,MNE,MDA,8431
2958784,145,135,1355,2017.0,0.0,3582.0,-1.110506,-1.179734,MNG,MDA,8431
2958785,163,135,1355,2017.0,0.0,129934.0,0.393228,0.049788,NOR,MDA,8431
2958786,166,135,1355,2017.0,0.0,15163.0,0.154926,0.10981500000000001,NZL,MDA,8431
2958787,177,135,1355,2017.0,36908.0,410567.0,1.212941,0.917751,POL,MDA,8431
2958788,183,135,1355,2017.0,0.0,34939.0,-0.42615600000000003,-1.0956489999999999,QAT,MDA,8431
2958789,185,135,1355,2017.0,39380.0,981519.0,1.145161,1.095192,ROU,MDA,8431
2958790,186,135,1355,2017.0,27771.0,1448906.0,0.07402,0.248236,RUS,MDA,8431
2958791,192,135,1355,2017.0,0.0,4120.0,1.8943720000000002,0.449316,SGP,MDA,8431
2958792,201,135,1355,2017.0,0.0,7336.0,0.59312,1.535527,SRB,MDA,8431
2958793,206,135,1355,2017.0,0.0,8447.0,1.484316,0.811826,SVK,MDA,8431
2958794,207,135,1355,2017.0,0.0,15255.0,1.597178,0.753722,SVN,MDA,8431
2958795,216,135,1355,2017.0,0.0,27272.0,1.15791,1.282718,THA,MDA,8431
2958796,223,135,1355,2017.0,0.0,2319.0,0.31342600000000004,1.071153,TUN,MDA,8431
2958797,224,135,1355,2017.0,249149.0,66746.0,0.601079,2.126314,TUR,MDA,8431
2958798,228,135,1355,2017.0,58345.0,0.0,0.34780900000000003,1.076817,UKR,MDA,8431
2958799,231,135,1355,2017.0,0.0,183861.0,1.536355,0.23775100000000002,USA,MDA,8431
2958800,239,135,1355,2017.0,43106.0,0.0,-0.006548999999999999,0.7030420000000001,VNM,MDA,8431
2958801,246,135,1355,2017.0,0.0,4275.0,-0.048668,1.283483,ZAF,MDA,8431
2958802,249,135,1355,2017.0,0.0,62855.0,2.003822,1.215216,TWN,MDA,8431
2958803,250,135,1355,2017.0,3837.0,3814.0,0.472054,-0.363374,ANS,MDA,8431
2958804,7,136,1355,2017.0,0.0,5954.0,0.222875,-0.204271,ARE,MDG,8431
2958805,14,136,1355,2017.0,0.0,23191.0,-0.598537,-0.23571,AUS,MDG,8431
2958806,15,136,1355,2017.0,0.0,5737.0,1.722766,-0.077938,AUT,MDG,8431
2958807,18,136,1355,2017.0,9089.0,18322.0,1.2396969999999998,1.1699760000000001,BEL,MDG,8431
2958808,39,136,1355,2017.0,0.0,11263.0,0.661032,1.331443,CAN,MDG,8431
2958809,41,136,1355,2017.0,0.0,16875.0,2.2443459999999997,0.836363,CHE,MDG,8431
2958810,43,136,1355,2017.0,9071977.0,715540.0,1.2888030000000001,0.9250700000000001,CHN,MDG,8431
2958811,59,136,1355,2017.0,0.0,2345.0,1.8494680000000001,0.150088,CZE,MDG,8431
2958812,61,136,1355,2017.0,0.0,120217.0,2.164026,-2.458307,DEU,MDG,8431
2958813,74,136,1355,2017.0,0.0,45287.0,1.6562990000000002,0.94619,FIN,MDG,8431
2958814,77,136,1355,2017.0,12701.0,1702818.0,1.3874030000000002,0.8887719999999999,FRA,MDG,8431
2958815,81,136,1355,2017.0,0.0,4078.0,1.499843,1.120201,GBR,MDG,8431
2958816,111,136,1355,2017.0,0.0,5306.0,1.4374559999999998,0.21079699999999998,ITA,MDG,8431
2958817,114,136,1355,2017.0,0.0,199964.0,2.4440779999999998,-0.46107700000000007,JPN,MDG,8431
2958818,121,136,1355,2017.0,45052.0,69242.0,2.1277470000000003,0.8218719999999999,KOR,MDG,8431
2958819,122,136,1355,2017.0,0.0,2899.0,-0.264903,-1.112018,KWT,MDG,8431
2958820,124,136,1355,2017.0,0.0,1904.0,0.437192,1.027289,LBN,MDG,8431
2958821,131,136,1355,2017.0,0.0,6736.0,1.1461629999999998,1.434994,LUX,MDG,8431
2958822,151,136,1355,2017.0,3378.0,15645.0,-0.166097,-0.050332,MUS,MDG,8431
2958823,162,136,1355,2017.0,4817.0,0.0,1.090805,1.452409,NLD,MDG,8431
2958824,166,136,1355,2017.0,0.0,1551.0,0.154926,0.10981500000000001,NZL,MDG,8431
2958825,177,136,1355,2017.0,0.0,11189.0,1.212941,0.917751,POL,MDG,8431
2958826,179,136,1355,2017.0,0.0,204027.0,0.692908,2.05977,PRT,MDG,8431
2958827,183,136,1355,2017.0,0.0,16083.0,-0.42615600000000003,-1.0956489999999999,QAT,MDG,8431
2958828,185,136,1355,2017.0,3742.0,0.0,1.145161,1.095192,ROU,MDG,8431
2958829,186,136,1355,2017.0,0.0,20441.0,0.07402,0.248236,RUS,MDG,8431
2958830,192,136,1355,2017.0,0.0,1432.0,1.8943720000000002,0.449316,SGP,MDG,8431
2958831,201,136,1355,2017.0,0.0,1141.0,0.59312,1.535527,SRB,MDG,8431
2958832,216,136,1355,2017.0,18897.0,0.0,1.15791,1.282718,THA,MDG,8431
2958833,224,136,1355,2017.0,8553.0,0.0,0.601079,2.126314,TUR,MDG,8431
2958834,228,136,1355,2017.0,0.0,22708.0,0.34780900000000003,1.076817,UKR,MDG,8431
2958835,231,136,1355,2017.0,0.0,136819.0,1.536355,0.23775100000000002,USA,MDG,8431
2958836,239,136,1355,2017.0,0.0,5060.0,-0.006548999999999999,0.7030420000000001,VNM,MDG,8431
2958837,246,136,1355,2017.0,1207.0,8355.0,-0.048668,1.283483,ZAF,MDG,8431
2958838,249,136,1355,2017.0,0.0,8823.0,2.003822,1.215216,TWN,MDG,8431
2958839,23,142,1355,2017.0,0.0,2633.0,0.563342,1.744989,BGR,MLT,8431
2958840,39,142,1355,2017.0,0.0,4878.0,0.661032,1.331443,CAN,MLT,8431
2958841,41,142,1355,2017.0,25045.0,0.0,2.2443459999999997,0.836363,CHE,MLT,8431
2958842,43,142,1355,2017.0,2560666.0,6800.0,1.2888030000000001,0.9250700000000001,CHN,MLT,8431
2958843,59,142,1355,2017.0,0.0,1183.0,1.8494680000000001,0.150088,CZE,MLT,8431
2958844,61,142,1355,2017.0,94373.0,7588.0,2.164026,-2.458307,DEU,MLT,8431
2958845,71,142,1355,2017.0,957413.0,11996.0,0.7720279999999999,2.434042,ESP,MLT,8431
2958846,77,142,1355,2017.0,316689.0,0.0,1.3874030000000002,0.8887719999999999,FRA,MLT,8431
2958847,81,142,1355,2017.0,1054001.0,21743.0,1.499843,1.120201,GBR,MLT,8431
2958848,90,142,1355,2017.0,47378.0,0.0,0.10646300000000002,1.0936290000000002,GRC,MLT,8431
2958849,100,142,1355,2017.0,0.0,6294.0,0.8933700000000001,1.4400469999999999,HRV,MLT,8431
2958850,103,142,1355,2017.0,2132.0,0.0,-0.072977,1.376847,IDN,MLT,8431
2958851,106,142,1355,2017.0,3909.0,0.0,1.444823,0.158356,IRL,MLT,8431
2958852,111,142,1355,2017.0,1023504.0,12253.0,1.4374559999999998,0.21079699999999998,ITA,MLT,8431
2958853,162,142,1355,2017.0,39209.0,0.0,1.090805,1.452409,NLD,MLT,8431
2958854,177,142,1355,2017.0,123158.0,0.0,1.212941,0.917751,POL,MLT,8431
2958855,179,142,1355,2017.0,19224.0,0.0,0.692908,2.05977,PRT,MLT,8431
2958856,185,142,1355,2017.0,9893.0,0.0,1.145161,1.095192,ROU,MLT,8431
2958857,186,142,1355,2017.0,0.0,30824.0,0.07402,0.248236,RUS,MLT,8431
2958858,207,142,1355,2017.0,0.0,4197.0,1.597178,0.753722,SVN,MLT,8431
2958859,216,142,1355,2017.0,13366.0,0.0,1.15791,1.282718,THA,MLT,8431
2958860,224,142,1355,2017.0,36092.0,0.0,0.601079,2.126314,TUR,MLT,8431
2958861,231,142,1355,2017.0,2220.0,0.0,1.536355,0.23775100000000002,USA,MLT,8431
2958862,239,142,1355,2017.0,13551.0,0.0,-0.006548999999999999,0.7030420000000001,VNM,MLT,8431
2958863,4,144,1355,2017.0,3643.0,0.0,-0.351054,-0.193147,ALB,MNE,8431
2958864,15,144,1355,2017.0,2893.0,0.0,1.722766,-0.077938,AUT,MNE,8431
2958865,18,144,1355,2017.0,1149.0,0.0,1.2396969999999998,1.1699760000000001,BEL,MNE,8431
2958866,22,144,1355,2017.0,32111.0,0.0,-1.007846,-1.112069,BGD,MNE,8431
2958867,23,144,1355,2017.0,20594.0,0.0,0.563342,1.744989,BGR,MNE,8431
2958868,26,144,1355,2017.0,9244.0,0.0,0.584825,0.9219,BIH,MNE,8431
2958869,28,144,1355,2017.0,6825.0,0.0,0.9188780000000001,0.9998819999999999,BLR,MNE,8431
2958870,43,144,1355,2017.0,612142.0,0.0,1.2888030000000001,0.9250700000000001,CHN,MNE,8431
2958871,61,144,1355,2017.0,88081.0,0.0,2.164026,-2.458307,DEU,MNE,8431
2958872,71,144,1355,2017.0,243690.0,2466.0,0.7720279999999999,2.434042,ESP,MNE,8431
2958873,77,144,1355,2017.0,14692.0,0.0,1.3874030000000002,0.8887719999999999,FRA,MNE,8431
2958874,81,144,1355,2017.0,6829.0,0.0,1.499843,1.120201,GBR,MNE,8431
2958875,100,144,1355,2017.0,9857.0,0.0,0.8933700000000001,1.4400469999999999,HRV,MNE,8431
2958876,102,144,1355,2017.0,19404.0,0.0,1.6949029999999998,0.723915,HUN,MNE,8431
2958877,103,144,1355,2017.0,6865.0,0.0,-0.072977,1.376847,IDN,MNE,8431
2958878,104,144,1355,2017.0,10273.0,0.0,0.262126,2.8212040000000003,IND,MNE,8431
2958879,111,144,1355,2017.0,721986.0,9718.0,1.4374559999999998,0.21079699999999998,ITA,MNE,8431
2958880,118,144,1355,2017.0,16581.0,0.0,-0.654185,-0.655463,KHM,MNE,8431
2958881,130,144,1355,2017.0,1546.0,0.0,0.770556,1.555233,LTU,MNE,8431
2958882,134,144,1355,2017.0,30009.0,0.0,-0.593987,-0.093414,MAR,MNE,8431
2958883,135,144,1355,2017.0,5972.0,0.0,-0.135731,-0.008816,MDA,MNE,8431
2958884,140,144,1355,2017.0,13384.0,0.0,-0.12182799999999999,-0.333793,MKD,MNE,8431
2958885,143,144,1355,2017.0,5339.0,0.0,-0.9113129999999999,-0.21514,MMR,MNE,8431
2958886,151,144,1355,2017.0,3132.0,0.0,-0.166097,-0.050332,MUS,MNE,8431
2958887,162,144,1355,2017.0,19219.0,0.0,1.090805,1.452409,NLD,MNE,8431
2958888,168,144,1355,2017.0,2407.0,0.0,-0.737436,0.345773,PAK,MNE,8431
2958889,177,144,1355,2017.0,10781.0,0.0,1.212941,0.917751,POL,MNE,8431
2958890,179,144,1355,2017.0,14940.0,0.0,0.692908,2.05977,PRT,MNE,8431
2958891,185,144,1355,2017.0,37481.0,0.0,1.145161,1.095192,ROU,MNE,8431
2958892,201,144,1355,2017.0,715001.0,6273.0,0.59312,1.535527,SRB,MNE,8431
2958893,206,144,1355,2017.0,4739.0,0.0,1.484316,0.811826,SVK,MNE,8431
2958894,207,144,1355,2017.0,200431.0,0.0,1.597178,0.753722,SVN,MNE,8431
2958895,223,144,1355,2017.0,3238.0,0.0,0.31342600000000004,1.071153,TUN,MNE,8431
2958896,224,144,1355,2017.0,57499.0,0.0,0.601079,2.126314,TUR,MNE,8431
2958897,228,144,1355,2017.0,1322.0,0.0,0.34780900000000003,1.076817,UKR,MNE,8431
2958898,239,144,1355,2017.0,74826.0,0.0,-0.006548999999999999,0.7030420000000001,VNM,MNE,8431
2958899,7,147,1355,2017.0,3234.0,0.0,0.222875,-0.204271,ARE,MOZ,8431
2958900,15,147,1355,2017.0,0.0,1659.0,1.722766,-0.077938,AUT,MOZ,8431
2958901,22,147,1355,2017.0,4049.0,0.0,-1.007846,-1.112069,BGD,MOZ,8431
2958902,41,147,1355,2017.0,0.0,2046.0,2.2443459999999997,0.836363,CHE,MOZ,8431
2958903,43,147,1355,2017.0,5604422.0,0.0,1.2888030000000001,0.9250700000000001,CHN,MOZ,8431
2958904,71,147,1355,2017.0,7806.0,0.0,0.7720279999999999,2.434042,ESP,MOZ,8431
2958905,97,147,1355,2017.0,1304.0,0.0,0.877065,1.1615520000000001,HKG,MOZ,8431
2958906,103,147,1355,2017.0,1651.0,0.0,-0.072977,1.376847,IDN,MOZ,8431
2958907,151,147,1355,2017.0,1396.0,0.0,-0.166097,-0.050332,MUS,MOZ,8431
2958908,168,147,1355,2017.0,16023.0,0.0,-0.737436,0.345773,PAK,MOZ,8431
2958909,179,147,1355,2017.0,20299.0,0.0,0.692908,2.05977,PRT,MOZ,8431
2958910,209,147,1355,2017.0,1745.0,0.0,-0.0795,-0.5055270000000001,SWZ,MOZ,8431
2958911,224,147,1355,2017.0,4061.0,0.0,0.601079,2.126314,TUR,MOZ,8431
2958912,239,147,1355,2017.0,2776.0,0.0,-0.006548999999999999,0.7030420000000001,VNM,MOZ,8431
2958913,246,147,1355,2017.0,78282.0,1312.0,-0.048668,1.283483,ZAF,MOZ,8431
2958914,4,183,1355,2017.0,23863.0,0.0,-0.351054,-0.193147,ALB,QAT,8431
2958915,7,183,1355,2017.0,386654.0,94041.0,0.222875,-0.204271,ARE,QAT,8431
2958916,9,183,1355,2017.0,1018.0,0.0,-0.422667,-0.824041,ARM,QAT,8431
2958917,14,183,1355,2017.0,6720.0,0.0,-0.598537,-0.23571,AUS,QAT,8431
2958918,15,183,1355,2017.0,18313.0,0.0,1.722766,-0.077938,AUT,QAT,8431
2958919,18,183,1355,2017.0,7930.0,0.0,1.2396969999999998,1.1699760000000001,BEL,QAT,8431
2958920,22,183,1355,2017.0,485560.0,0.0,-1.007846,-1.112069,BGD,QAT,8431
2958921,23,183,1355,2017.0,69629.0,0.0,0.563342,1.744989,BGR,QAT,8431
2958922,24,183,1355,2017.0,993225.0,13074.0,0.160574,-0.708064,BHR,QAT,8431
2958923,26,183,1355,2017.0,60470.0,0.0,0.584825,0.9219,BIH,QAT,8431
2958924,39,183,1355,2017.0,5667.0,0.0,0.661032,1.331443,CAN,QAT,8431
2958925,41,183,1355,2017.0,11737.0,0.0,2.2443459999999997,0.836363,CHE,QAT,8431
2958926,43,183,1355,2017.0,3148757.0,0.0,1.2888030000000001,0.9250700000000001,CHN,QAT,8431
2958927,49,183,1355,2017.0,6142.0,0.0,-0.039238999999999996,-0.246914,COL,QAT,8431
2958928,61,183,1355,2017.0,353443.0,1373.0,2.164026,-2.458307,DEU,QAT,8431
2958929,64,183,1355,2017.0,1896.0,0.0,1.143276,1.242437,DNK,QAT,8431
2958930,68,183,1355,2017.0,178563.0,0.0,-0.09792100000000001,1.9664270000000001,EGY,QAT,8431
2958931,71,183,1355,2017.0,1341197.0,0.0,0.7720279999999999,2.434042,ESP,QAT,8431
2958932,72,183,1355,2017.0,7158.0,0.0,1.004481,1.311075,EST,QAT,8431
2958933,77,183,1355,2017.0,704673.0,0.0,1.3874030000000002,0.8887719999999999,FRA,QAT,8431
2958934,81,183,1355,2017.0,958206.0,0.0,1.499843,1.120201,GBR,QAT,8431
2958935,82,183,1355,2017.0,7174.0,0.0,-0.252287,-0.172336,GEO,QAT,8431
2958936,90,183,1355,2017.0,6920.0,0.0,0.10646300000000002,1.0936290000000002,GRC,QAT,8431
2958937,97,183,1355,2017.0,173235.0,1685.0,0.877065,1.1615520000000001,HKG,QAT,8431
2958938,99,183,1355,2017.0,12361.0,0.0,-0.44761999999999996,-0.20167100000000002,HND,QAT,8431
2958939,102,183,1355,2017.0,19565.0,0.0,1.6949029999999998,0.723915,HUN,QAT,8431
2958940,103,183,1355,2017.0,130469.0,0.0,-0.072977,1.376847,IDN,QAT,8431
2958941,104,183,1355,2017.0,734249.0,0.0,0.262126,2.8212040000000003,IND,QAT,8431
2958942,111,183,1355,2017.0,1415391.0,82131.0,1.4374559999999998,0.21079699999999998,ITA,QAT,8431
2958943,113,183,1355,2017.0,3587.0,0.0,0.079237,0.182893,JOR,QAT,8431
2958944,114,183,1355,2017.0,17736.0,0.0,2.4440779999999998,-0.46107700000000007,JPN,QAT,8431
2958945,118,183,1355,2017.0,142131.0,0.0,-0.654185,-0.655463,KHM,QAT,8431
2958946,121,183,1355,2017.0,20409.0,2081.0,2.1277470000000003,0.8218719999999999,KOR,QAT,8431
2958947,122,183,1355,2017.0,239030.0,209813.0,-0.264903,-1.112018,KWT,QAT,8431
2958948,124,183,1355,2017.0,139684.0,0.0,0.437192,1.027289,LBN,QAT,8431
2958949,128,183,1355,2017.0,52176.0,0.0,-0.506691,0.43309200000000003,LKA,QAT,8431
2958950,130,183,1355,2017.0,6083.0,0.0,0.770556,1.555233,LTU,QAT,8431
2958951,132,183,1355,2017.0,10032.0,0.0,0.644285,1.4304290000000002,LVA,QAT,8431
2958952,134,183,1355,2017.0,530980.0,0.0,-0.593987,-0.093414,MAR,QAT,8431
2958953,135,183,1355,2017.0,34939.0,0.0,-0.135731,-0.008816,MDA,QAT,8431
2958954,136,183,1355,2017.0,16083.0,0.0,-1.098631,-0.8503069999999999,MDG,QAT,8431
2958955,138,183,1355,2017.0,7331.0,0.0,1.348763,0.6145010000000001,MEX,QAT,8431
2958956,140,183,1355,2017.0,46368.0,0.0,-0.12182799999999999,-0.333793,MKD,QAT,8431
2958957,143,183,1355,2017.0,42432.0,0.0,-0.9113129999999999,-0.21514,MMR,QAT,8431
2958958,151,183,1355,2017.0,13750.0,0.0,-0.166097,-0.050332,MUS,QAT,8431
2958959,153,183,1355,2017.0,67330.0,0.0,1.022117,0.6711739999999999,MYS,QAT,8431
2958960,162,183,1355,2017.0,2494.0,0.0,1.090805,1.452409,NLD,QAT,8431
2958961,167,183,1355,2017.0,292321.0,24688.0,-0.44851199999999997,-0.9820049999999999,OMN,QAT,8431
2958962,168,183,1355,2017.0,323375.0,0.0,-0.737436,0.345773,PAK,QAT,8431
2958963,173,183,1355,2017.0,42012.0,0.0,-0.8214469999999999,-0.333306,PER,QAT,8431
2958964,174,183,1355,2017.0,5999.0,0.0,0.717074,0.224219,PHL,QAT,8431
2958965,177,183,1355,2017.0,87391.0,0.0,1.212941,0.917751,POL,QAT,8431
2958966,179,183,1355,2017.0,497617.0,0.0,0.692908,2.05977,PRT,QAT,8431
2958967,185,183,1355,2017.0,205428.0,0.0,1.145161,1.095192,ROU,QAT,8431
2958968,186,183,1355,2017.0,6660.0,0.0,0.07402,0.248236,RUS,QAT,8431
2958969,188,183,1355,2017.0,52306.0,63777.0,0.508031,-0.42373500000000003,SAU,QAT,8431
2958970,192,183,1355,2017.0,7188.0,0.0,1.8943720000000002,0.449316,SGP,QAT,8431
2958971,197,183,1355,2017.0,2626.0,0.0,0.11754,0.363982,SLV,QAT,8431
2958972,201,183,1355,2017.0,15317.0,0.0,0.59312,1.535527,SRB,QAT,8431
2958973,206,183,1355,2017.0,32591.0,0.0,1.484316,0.811826,SVK,QAT,8431
2958974,207,183,1355,2017.0,23766.0,0.0,1.597178,0.753722,SVN,QAT,8431
2958975,208,183,1355,2017.0,1953.0,0.0,1.695113,0.6885060000000001,SWE,QAT,8431
2958976,212,183,1355,2017.0,24683.0,0.0,-0.65347,0.085392,SYR,QAT,8431
2958977,216,183,1355,2017.0,36124.0,0.0,1.15791,1.282718,THA,QAT,8431
2958978,223,183,1355,2017.0,339085.0,0.0,0.31342600000000004,1.071153,TUN,QAT,8431
2958979,224,183,1355,2017.0,1627250.0,0.0,0.601079,2.126314,TUR,QAT,8431
2958980,228,183,1355,2017.0,36654.0,0.0,0.34780900000000003,1.076817,UKR,QAT,8431
2958981,231,183,1355,2017.0,150263.0,2235.0,1.536355,0.23775100000000002,USA,QAT,8431
2958982,239,183,1355,2017.0,387005.0,0.0,-0.006548999999999999,0.7030420000000001,VNM,QAT,8431
2958983,246,183,1355,2017.0,9841.0,0.0,-0.048668,1.283483,ZAF,QAT,8431
2958984,249,183,1355,2017.0,15721.0,0.0,2.003822,1.215216,TWN,QAT,8431
2958985,250,183,1355,2017.0,95700.0,0.0,0.472054,-0.363374,ANS,QAT,8431
2958986,5,185,1355,2017.0,0.0,15610.0,1.101312,0.593242,AND,ROU,8431
2958987,7,185,1355,2017.0,0.0,1392058.0,0.222875,-0.204271,ARE,ROU,8431
2958988,8,185,1355,2017.0,0.0,33380.0,-0.268441,0.337024,ARG,ROU,8431
2958989,9,185,1355,2017.0,0.0,45389.0,-0.422667,-0.824041,ARM,ROU,8431
2958990,14,185,1355,2017.0,0.0,1112718.0,-0.598537,-0.23571,AUS,ROU,8431
2958991,15,185,1355,2017.0,2937045.0,3670529.0,1.722766,-0.077938,AUT,ROU,8431
2958992,16,185,1355,2017.0,0.0,141712.0,-1.665069,-1.37471,AZE,ROU,8431
2958993,18,185,1355,2017.0,48448.0,2326705.0,1.2396969999999998,1.1699760000000001,BEL,ROU,8431
2958994,22,185,1355,2017.0,402845.0,0.0,-1.007846,-1.112069,BGD,ROU,8431
2958995,23,185,1355,2017.0,822721.0,486778.0,0.563342,1.744989,BGR,ROU,8431
2958996,24,185,1355,2017.0,0.0,73789.0,0.160574,-0.708064,BHR,ROU,8431
2958997,26,185,1355,2017.0,158729.0,155081.0,0.584825,0.9219,BIH,ROU,8431
2958998,28,185,1355,2017.0,0.0,153616.0,0.9188780000000001,0.9998819999999999,BLR,ROU,8431
2958999,31,185,1355,2017.0,0.0,7140.0,-1.032957,-0.9679840000000001,BOL,ROU,8431
2959000,32,185,1355,2017.0,0.0,170793.0,0.103119,0.808438,BRA,ROU,8431
2959001,34,185,1355,2017.0,0.0,1524.0,0.13716,-0.783787,BRN,ROU,8431
2959002,39,185,1355,2017.0,0.0,1822089.0,0.661032,1.331443,CAN,ROU,8431
2959003,41,185,1355,2017.0,6488.0,3206678.0,2.2443459999999997,0.836363,CHE,ROU,8431
2959004,42,185,1355,2017.0,0.0,21792.0,-0.282983,-0.33351,CHL,ROU,8431
2959005,43,185,1355,2017.0,2735692.0,14598472.0,1.2888030000000001,0.9250700000000001,CHN,ROU,8431
2959006,49,185,1355,2017.0,0.0,114898.0,-0.039238999999999996,-0.246914,COL,ROU,8431
2959007,52,185,1355,2017.0,0.0,6958.0,0.288798,0.212928,CRI,ROU,8431
2959008,58,185,1355,2017.0,0.0,12846.0,0.35097399999999995,0.103466,CYP,ROU,8431
2959009,59,185,1355,2017.0,225516.0,433320.0,1.8494680000000001,0.150088,CZE,ROU,8431
2959010,61,185,1355,2017.0,1777843.0,47164016.0,2.164026,-2.458307,DEU,ROU,8431
2959011,64,185,1355,2017.0,95413.0,2995738.0,1.143276,1.242437,DNK,ROU,8431
2959012,65,185,1355,2017.0,0.0,10552.0,-0.314875,0.125244,DOM,ROU,8431
2959013,66,185,1355,2017.0,0.0,10769.0,-0.918984,-1.177867,DZA,ROU,8431
2959014,67,185,1355,2017.0,0.0,23958.0,-1.109413,-1.1561270000000001,ECU,ROU,8431
2959015,71,185,1355,2017.0,10576048.0,8883078.0,0.7720279999999999,2.434042,ESP,ROU,8431
2959016,72,185,1355,2017.0,6370.0,223365.0,1.004481,1.311075,EST,ROU,8431
2959017,74,185,1355,2017.0,1424.0,1064832.0,1.6562990000000002,0.94619,FIN,ROU,8431
2959018,77,185,1355,2017.0,850822.0,38866332.0,1.3874030000000002,0.8887719999999999,FRA,ROU,8431
2959019,81,185,1355,2017.0,2573134.0,28816858.0,1.499843,1.120201,GBR,ROU,8431
2959020,82,185,1355,2017.0,0.0,5708.0,-0.252287,-0.172336,GEO,ROU,8431
2959021,90,185,1355,2017.0,654544.0,105712.0,0.10646300000000002,1.0936290000000002,GRC,ROU,8431
2959022,97,185,1355,2017.0,10450.0,1151274.0,0.877065,1.1615520000000001,HKG,ROU,8431
2959023,99,185,1355,2017.0,0.0,1381.0,-0.44761999999999996,-0.20167100000000002,HND,ROU,8431
2959024,100,185,1355,2017.0,2855.0,17428.0,0.8933700000000001,1.4400469999999999,HRV,ROU,8431
2959025,102,185,1355,2017.0,346234.0,1748558.0,1.6949029999999998,0.723915,HUN,ROU,8431
2959026,103,185,1355,2017.0,21214.0,56141.0,-0.072977,1.376847,IDN,ROU,8431
2959027,104,185,1355,2017.0,53191.0,30899.0,0.262126,2.8212040000000003,IND,ROU,8431
2959028,106,185,1355,2017.0,13973.0,2753719.0,1.444823,0.158356,IRL,ROU,8431
2959029,109,185,1355,2017.0,0.0,56985.0,0.279223,-0.34883600000000003,ISL,ROU,8431
2959030,110,185,1355,2017.0,6178.0,79821.0,1.158779,0.8909020000000001,ISR,ROU,8431
2959031,111,185,1355,2017.0,4594734.0,66972288.0,1.4374559999999998,0.21079699999999998,ITA,ROU,8431
2959032,113,185,1355,2017.0,0.0,19320.0,0.079237,0.182893,JOR,ROU,8431
2959033,114,185,1355,2017.0,3024.0,7105960.0,2.4440779999999998,-0.46107700000000007,JPN,ROU,8431
2959034,115,185,1355,2017.0,0.0,315099.0,-0.47984399999999994,-0.40618699999999996,KAZ,ROU,8431
2959035,118,185,1355,2017.0,21131.0,0.0,-0.654185,-0.655463,KHM,ROU,8431
2959036,121,185,1355,2017.0,0.0,5602714.0,2.1277470000000003,0.8218719999999999,KOR,ROU,8431
2959037,122,185,1355,2017.0,0.0,156711.0,-0.264903,-1.112018,KWT,ROU,8431
2959038,124,185,1355,2017.0,0.0,1091911.0,0.437192,1.027289,LBN,ROU,8431
2959039,131,185,1355,2017.0,10929.0,329046.0,1.1461629999999998,1.434994,LUX,ROU,8431
2959040,133,185,1355,2017.0,0.0,29930.0,0.33025,-0.008723999999999999,MAC,ROU,8431
2959041,134,185,1355,2017.0,0.0,177140.0,-0.593987,-0.093414,MAR,ROU,8431
2959042,135,185,1355,2017.0,981519.0,39380.0,-0.135731,-0.008816,MDA,ROU,8431
2959043,136,185,1355,2017.0,0.0,3742.0,-1.098631,-0.8503069999999999,MDG,ROU,8431
2959044,138,185,1355,2017.0,0.0,520484.0,1.348763,0.6145010000000001,MEX,ROU,8431
2959045,140,185,1355,2017.0,0.0,65324.0,-0.12182799999999999,-0.333793,MKD,ROU,8431
2959046,142,185,1355,2017.0,0.0,9893.0,0.9943420000000001,0.181922,MLT,ROU,8431
2959047,143,185,1355,2017.0,0.0,6969.0,-0.9113129999999999,-0.21514,MMR,ROU,8431
2959048,144,185,1355,2017.0,0.0,37481.0,0.132462,-0.071601,MNE,ROU,8431
2959049,145,185,1355,2017.0,0.0,21616.0,-1.110506,-1.179734,MNG,ROU,8431
2959050,153,185,1355,2017.0,6342.0,58970.0,1.022117,0.6711739999999999,MYS,ROU,8431
2959051,162,185,1355,2017.0,254664.0,1304748.0,1.090805,1.452409,NLD,ROU,8431
2959052,163,185,1355,2017.0,0.0,465969.0,0.393228,0.049788,NOR,ROU,8431
2959053,164,185,1355,2017.0,7051.0,0.0,-0.076879,0.530485,NPL,ROU,8431
2959054,166,185,1355,2017.0,0.0,76462.0,0.154926,0.10981500000000001,NZL,ROU,8431
2959055,167,185,1355,2017.0,0.0,30643.0,-0.44851199999999997,-0.9820049999999999,OMN,ROU,8431
2959056,168,185,1355,2017.0,6365.0,0.0,-0.737436,0.345773,PAK,ROU,8431
2959057,169,185,1355,2017.0,0.0,22131.0,0.638093,1.01027,PAN,ROU,8431
2959058,173,185,1355,2017.0,0.0,26991.0,-0.8214469999999999,-0.333306,PER,ROU,8431
2959059,174,185,1355,2017.0,3116.0,9747.0,0.717074,0.224219,PHL,ROU,8431
2959060,177,185,1355,2017.0,6119290.0,1490893.0,1.212941,0.917751,POL,ROU,8431
2959061,179,185,1355,2017.0,1255.0,47929.0,0.692908,2.05977,PRT,ROU,8431
2959062,180,185,1355,2017.0,0.0,1879.0,-0.604205,-0.956699,PRY,ROU,8431
2959063,183,185,1355,2017.0,0.0,205428.0,-0.42615600000000003,-1.0956489999999999,QAT,ROU,8431
2959064,186,185,1355,2017.0,1026.0,1906108.0,0.07402,0.248236,RUS,ROU,8431
2959065,188,185,1355,2017.0,0.0,618365.0,0.508031,-0.42373500000000003,SAU,ROU,8431
2959066,192,185,1355,2017.0,0.0,138662.0,1.8943720000000002,0.449316,SGP,ROU,8431
2959067,198,185,1355,2017.0,24358.0,2461534.0,0.9488219999999999,0.6510199999999999,SMR,ROU,8431
2959068,201,185,1355,2017.0,2528.0,47725.0,0.59312,1.535527,SRB,ROU,8431
2959069,206,185,1355,2017.0,323764.0,700154.0,1.484316,0.811826,SVK,ROU,8431
2959070,207,185,1355,2017.0,52502.0,90840.0,1.597178,0.753722,SVN,ROU,8431
2959071,208,185,1355,2017.0,6586.0,790557.0,1.695113,0.6885060000000001,SWE,ROU,8431
2959072,216,185,1355,2017.0,19346.0,159598.0,1.15791,1.282718,THA,ROU,8431
2959073,223,185,1355,2017.0,0.0,76221.0,0.31342600000000004,1.071153,TUN,ROU,8431
2959074,224,185,1355,2017.0,2307105.0,1467152.0,0.601079,2.126314,TUR,ROU,8431
2959075,228,185,1355,2017.0,240010.0,211522.0,0.34780900000000003,1.076817,UKR,ROU,8431
2959076,231,185,1355,2017.0,26663.0,13521453.0,1.536355,0.23775100000000002,USA,ROU,8431
2959077,239,185,1355,2017.0,110875.0,37673.0,-0.006548999999999999,0.7030420000000001,VNM,ROU,8431
2959078,246,185,1355,2017.0,0.0,78663.0,-0.048668,1.283483,ZAF,ROU,8431
2959079,249,185,1355,2017.0,0.0,315113.0,2.003822,1.215216,TWN,ROU,8431
2959080,250,185,1355,2017.0,0.0,2781.0,0.472054,-0.363374,ANS,ROU,8431
2959081,7,187,1355,2017.0,2648.0,0.0,0.222875,-0.204271,ARE,RWA,8431
2959082,18,187,1355,2017.0,1245.0,0.0,1.2396969999999998,1.1699760000000001,BEL,RWA,8431
2959083,43,187,1355,2017.0,248352.0,0.0,1.2888030000000001,0.9250700000000001,CHN,RWA,8431
2959084,77,187,1355,2017.0,18617.0,0.0,1.3874030000000002,0.8887719999999999,FRA,RWA,8431
2959085,116,187,1355,2017.0,177123.0,0.0,-0.549171,0.39358899999999997,KEN,RWA,8431
2959086,202,187,1355,2017.0,0.0,1081.0,-1.1888,-0.9647969999999999,SSD,RWA,8431
2959087,224,187,1355,2017.0,10212.0,0.0,0.601079,2.126314,TUR,RWA,8431
2959088,7,191,1355,2017.0,6856.0,0.0,0.222875,-0.204271,ARE,SEN,8431
2959089,39,191,1355,2017.0,2275.0,0.0,0.661032,1.331443,CAN,SEN,8431
2959090,43,191,1355,2017.0,11191147.0,0.0,1.2888030000000001,0.9250700000000001,CHN,SEN,8431
2959091,44,191,1355,2017.0,2172.0,0.0,-0.991865,-0.9496889999999999,CIV,SEN,8431
2959092,71,191,1355,2017.0,0.0,2177.0,0.7720279999999999,2.434042,ESP,SEN,8431
2959093,77,191,1355,2017.0,86070.0,0.0,1.3874030000000002,0.8887719999999999,FRA,SEN,8431
2959094,104,191,1355,2017.0,3437.0,0.0,0.262126,2.8212040000000003,IND,SEN,8431
2959095,111,191,1355,2017.0,8414.0,0.0,1.4374559999999998,0.21079699999999998,ITA,SEN,8431
2959096,134,191,1355,2017.0,3062.0,0.0,-0.593987,-0.093414,MAR,SEN,8431
2959097,223,191,1355,2017.0,2092.0,0.0,0.31342600000000004,1.071153,TUN,SEN,8431
2959098,224,191,1355,2017.0,4501.0,0.0,0.601079,2.126314,TUR,SEN,8431
2959099,246,191,1355,2017.0,23221.0,0.0,-0.048668,1.283483,ZAF,SEN,8431
2959100,4,201,1355,2017.0,16147.0,0.0,-0.351054,-0.193147,ALB,SRB,8431
2959101,7,201,1355,2017.0,0.0,58737.0,0.222875,-0.204271,ARE,SRB,8431
2959102,14,201,1355,2017.0,0.0,33101.0,-0.598537,-0.23571,AUS,SRB,8431
2959103,15,201,1355,2017.0,525079.0,1360137.0,1.722766,-0.077938,AUT,SRB,8431
2959104,16,201,1355,2017.0,0.0,3799.0,-1.665069,-1.37471,AZE,SRB,8431
2959105,18,201,1355,2017.0,2909.0,0.0,1.2396969999999998,1.1699760000000001,BEL,SRB,8431
2959106,22,201,1355,2017.0,758529.0,0.0,-1.007846,-1.112069,BGD,SRB,8431
2959107,23,201,1355,2017.0,238086.0,1245332.0,0.563342,1.744989,BGR,SRB,8431
2959108,26,201,1355,2017.0,34635.0,1026346.0,0.584825,0.9219,BIH,SRB,8431
2959109,28,201,1355,2017.0,9568.0,6828.0,0.9188780000000001,0.9998819999999999,BLR,SRB,8431
2959110,32,201,1355,2017.0,0.0,1234.0,0.103119,0.808438,BRA,SRB,8431
2959111,39,201,1355,2017.0,0.0,39108.0,0.661032,1.331443,CAN,SRB,8431
2959112,41,201,1355,2017.0,0.0,481794.0,2.2443459999999997,0.836363,CHE,SRB,8431
2959113,43,201,1355,2017.0,2157320.0,742768.0,1.2888030000000001,0.9250700000000001,CHN,SRB,8431
2959114,59,201,1355,2017.0,79511.0,14980.0,1.8494680000000001,0.150088,CZE,SRB,8431
2959115,61,201,1355,2017.0,1011178.0,1931906.0,2.164026,-2.458307,DEU,SRB,8431
2959116,64,201,1355,2017.0,27771.0,0.0,1.143276,1.242437,DNK,SRB,8431
2959117,71,201,1355,2017.0,1500454.0,23937.0,0.7720279999999999,2.434042,ESP,SRB,8431
2959118,72,201,1355,2017.0,56990.0,0.0,1.004481,1.311075,EST,SRB,8431
2959119,77,201,1355,2017.0,95960.0,3915593.0,1.3874030000000002,0.8887719999999999,FRA,SRB,8431
2959120,81,201,1355,2017.0,55911.0,9601.0,1.499843,1.120201,GBR,SRB,8431
2959121,90,201,1355,2017.0,21142.0,19564.0,0.10646300000000002,1.0936290000000002,GRC,SRB,8431
2959122,97,201,1355,2017.0,20181.0,22799.0,0.877065,1.1615520000000001,HKG,SRB,8431
2959123,100,201,1355,2017.0,36810.0,170469.0,0.8933700000000001,1.4400469999999999,HRV,SRB,8431
2959124,102,201,1355,2017.0,106923.0,59361.0,1.6949029999999998,0.723915,HUN,SRB,8431
2959125,103,201,1355,2017.0,24665.0,0.0,-0.072977,1.376847,IDN,SRB,8431
2959126,104,201,1355,2017.0,9932.0,0.0,0.262126,2.8212040000000003,IND,SRB,8431
2959127,106,201,1355,2017.0,0.0,28370.0,1.444823,0.158356,IRL,SRB,8431
2959128,111,201,1355,2017.0,1344856.0,529981.0,1.4374559999999998,0.21079699999999998,ITA,SRB,8431
2959129,114,201,1355,2017.0,0.0,123643.0,2.4440779999999998,-0.46107700000000007,JPN,SRB,8431
2959130,115,201,1355,2017.0,0.0,20589.0,-0.47984399999999994,-0.40618699999999996,KAZ,SRB,8431
2959131,118,201,1355,2017.0,66541.0,0.0,-0.654185,-0.655463,KHM,SRB,8431
2959132,121,201,1355,2017.0,0.0,142401.0,2.1277470000000003,0.8218719999999999,KOR,SRB,8431
2959133,122,201,1355,2017.0,0.0,11969.0,-0.264903,-1.112018,KWT,SRB,8431
2959134,124,201,1355,2017.0,0.0,32925.0,0.437192,1.027289,LBN,SRB,8431
2959135,128,201,1355,2017.0,2951.0,0.0,-0.506691,0.43309200000000003,LKA,SRB,8431
2959136,130,201,1355,2017.0,3829.0,0.0,0.770556,1.555233,LTU,SRB,8431
2959137,131,201,1355,2017.0,0.0,36540.0,1.1461629999999998,1.434994,LUX,SRB,8431
2959138,134,201,1355,2017.0,379564.0,0.0,-0.593987,-0.093414,MAR,SRB,8431
2959139,135,201,1355,2017.0,7336.0,0.0,-0.135731,-0.008816,MDA,SRB,8431
2959140,136,201,1355,2017.0,1141.0,0.0,-1.098631,-0.8503069999999999,MDG,SRB,8431
2959141,140,201,1355,2017.0,15926.0,99216.0,-0.12182799999999999,-0.333793,MKD,SRB,8431
2959142,143,201,1355,2017.0,107006.0,0.0,-0.9113129999999999,-0.21514,MMR,SRB,8431
2959143,144,201,1355,2017.0,6273.0,715001.0,0.132462,-0.071601,MNE,SRB,8431
2959144,162,201,1355,2017.0,89135.0,3296.0,1.090805,1.452409,NLD,SRB,8431
2959145,163,201,1355,2017.0,0.0,12762.0,0.393228,0.049788,NOR,SRB,8431
2959146,166,201,1355,2017.0,0.0,1034.0,0.154926,0.10981500000000001,NZL,SRB,8431
2959147,168,201,1355,2017.0,12938.0,0.0,-0.737436,0.345773,PAK,SRB,8431
2959148,177,201,1355,2017.0,59937.0,0.0,1.212941,0.917751,POL,SRB,8431
2959149,179,201,1355,2017.0,139598.0,0.0,0.692908,2.05977,PRT,SRB,8431
2959150,183,201,1355,2017.0,0.0,15317.0,-0.42615600000000003,-1.0956489999999999,QAT,SRB,8431
2959151,185,201,1355,2017.0,47725.0,2528.0,1.145161,1.095192,ROU,SRB,8431
2959152,186,201,1355,2017.0,0.0,118484.0,0.07402,0.248236,RUS,SRB,8431
2959153,192,201,1355,2017.0,0.0,7545.0,1.8943720000000002,0.449316,SGP,SRB,8431
2959154,206,201,1355,2017.0,136269.0,3192.0,1.484316,0.811826,SVK,SRB,8431
2959155,207,201,1355,2017.0,533386.0,900768.0,1.597178,0.753722,SVN,SRB,8431
2959156,208,201,1355,2017.0,18318.0,8525.0,1.695113,0.6885060000000001,SWE,SRB,8431
2959157,216,201,1355,2017.0,0.0,4105.0,1.15791,1.282718,THA,SRB,8431
2959158,223,201,1355,2017.0,7757.0,0.0,0.31342600000000004,1.071153,TUN,SRB,8431
2959159,224,201,1355,2017.0,1542934.0,45597.0,0.601079,2.126314,TUR,SRB,8431
2959160,228,201,1355,2017.0,26628.0,0.0,0.34780900000000003,1.076817,UKR,SRB,8431
2959161,231,201,1355,2017.0,0.0,187945.0,1.536355,0.23775100000000002,USA,SRB,8431
2959162,239,201,1355,2017.0,90018.0,0.0,-0.006548999999999999,0.7030420000000001,VNM,SRB,8431
2959163,249,201,1355,2017.0,0.0,46247.0,2.003822,1.215216,TWN,SRB,8431
2959164,7,206,1355,2017.0,0.0,284191.0,0.222875,-0.204271,ARE,SVK,8431
2959165,9,206,1355,2017.0,0.0,82117.0,-0.422667,-0.824041,ARM,SVK,8431
2959166,14,206,1355,2017.0,0.0,1062716.0,-0.598537,-0.23571,AUS,SVK,8431
2959167,15,206,1355,2017.0,1373685.0,2192449.0,1.722766,-0.077938,AUT,SVK,8431
2959168,16,206,1355,2017.0,0.0,17142.0,-1.665069,-1.37471,AZE,SVK,8431
2959169,18,206,1355,2017.0,26559.0,8863.0,1.2396969999999998,1.1699760000000001,BEL,SVK,8431
2959170,22,206,1355,2017.0,948619.0,0.0,-1.007846,-1.112069,BGD,SVK,8431
2959171,23,206,1355,2017.0,142429.0,48196.0,0.563342,1.744989,BGR,SVK,8431
2959172,24,206,1355,2017.0,0.0,11082.0,0.160574,-0.708064,BHR,SVK,8431
2959173,26,206,1355,2017.0,3303.0,29005.0,0.584825,0.9219,BIH,SVK,8431
2959174,28,206,1355,2017.0,4263.0,39869.0,0.9188780000000001,0.9998819999999999,BLR,SVK,8431
2959175,32,206,1355,2017.0,0.0,19718.0,0.103119,0.808438,BRA,SVK,8431
2959176,39,206,1355,2017.0,3040.0,607660.0,0.661032,1.331443,CAN,SVK,8431
2959177,41,206,1355,2017.0,30820.0,1172146.0,2.2443459999999997,0.836363,CHE,SVK,8431
2959178,43,206,1355,2017.0,3392966.0,1640309.0,1.2888030000000001,0.9250700000000001,CHN,SVK,8431
2959179,58,206,1355,2017.0,8684.0,47945.0,0.35097399999999995,0.103466,CYP,SVK,8431
2959180,59,206,1355,2017.0,3821197.0,6387388.0,1.8494680000000001,0.150088,CZE,SVK,8431
2959181,61,206,1355,2017.0,9596094.0,2514603.0,2.164026,-2.458307,DEU,SVK,8431
2959182,64,206,1355,2017.0,13282.0,169519.0,1.143276,1.242437,DNK,SVK,8431
2959183,71,206,1355,2017.0,2211312.0,152264.0,0.7720279999999999,2.434042,ESP,SVK,8431
2959184,72,206,1355,2017.0,0.0,14650.0,1.004481,1.311075,EST,SVK,8431
2959185,74,206,1355,2017.0,7377.0,34977.0,1.6562990000000002,0.94619,FIN,SVK,8431
2959186,77,206,1355,2017.0,702671.0,4983156.0,1.3874030000000002,0.8887719999999999,FRA,SVK,8431
2959187,81,206,1355,2017.0,642228.0,178732.0,1.499843,1.120201,GBR,SVK,8431
2959188,82,206,1355,2017.0,0.0,29142.0,-0.252287,-0.172336,GEO,SVK,8431
2959189,84,206,1355,2017.0,0.0,3264.0,0.48612,-0.738929,GIB,SVK,8431
2959190,90,206,1355,2017.0,51270.0,15870.0,0.10646300000000002,1.0936290000000002,GRC,SVK,8431
2959191,97,206,1355,2017.0,15764.0,92203.0,0.877065,1.1615520000000001,HKG,SVK,8431
2959192,100,206,1355,2017.0,21038.0,239958.0,0.8933700000000001,1.4400469999999999,HRV,SVK,8431
2959193,102,206,1355,2017.0,1159535.0,3281319.0,1.6949029999999998,0.723915,HUN,SVK,8431
2959194,103,206,1355,2017.0,26886.0,7548.0,-0.072977,1.376847,IDN,SVK,8431
2959195,104,206,1355,2017.0,234147.0,0.0,0.262126,2.8212040000000003,IND,SVK,8431
2959196,106,206,1355,2017.0,3400.0,51856.0,1.444823,0.158356,IRL,SVK,8431
2959197,109,206,1355,2017.0,0.0,23653.0,0.279223,-0.34883600000000003,ISL,SVK,8431
2959198,111,206,1355,2017.0,2576425.0,383543.0,1.4374559999999998,0.21079699999999998,ITA,SVK,8431
2959199,113,206,1355,2017.0,0.0,1812.0,0.079237,0.182893,JOR,SVK,8431
2959200,114,206,1355,2017.0,0.0,492400.0,2.4440779999999998,-0.46107700000000007,JPN,SVK,8431
2959201,115,206,1355,2017.0,0.0,18555.0,-0.47984399999999994,-0.40618699999999996,KAZ,SVK,8431
2959202,116,206,1355,2017.0,0.0,8898.0,-0.549171,0.39358899999999997,KEN,SVK,8431
2959203,117,206,1355,2017.0,70989.0,0.0,0.056509000000000004,0.363176,KGZ,SVK,8431
2959204,118,206,1355,2017.0,534804.0,0.0,-0.654185,-0.655463,KHM,SVK,8431
2959205,121,206,1355,2017.0,0.0,853532.0,2.1277470000000003,0.8218719999999999,KOR,SVK,8431
2959206,122,206,1355,2017.0,0.0,45349.0,-0.264903,-1.112018,KWT,SVK,8431
2959207,124,206,1355,2017.0,0.0,134533.0,0.437192,1.027289,LBN,SVK,8431
2959208,128,206,1355,2017.0,7763.0,0.0,-0.506691,0.43309200000000003,LKA,SVK,8431
2959209,130,206,1355,2017.0,21750.0,84644.0,0.770556,1.555233,LTU,SVK,8431
2959210,132,206,1355,2017.0,2906.0,2422.0,0.644285,1.4304290000000002,LVA,SVK,8431
2959211,134,206,1355,2017.0,512028.0,121063.0,-0.593987,-0.093414,MAR,SVK,8431
2959212,135,206,1355,2017.0,8447.0,0.0,-0.135731,-0.008816,MDA,SVK,8431
2959213,138,206,1355,2017.0,0.0,4093.0,1.348763,0.6145010000000001,MEX,SVK,8431
2959214,140,206,1355,2017.0,92416.0,0.0,-0.12182799999999999,-0.333793,MKD,SVK,8431
2959215,143,206,1355,2017.0,237406.0,0.0,-0.9113129999999999,-0.21514,MMR,SVK,8431
2959216,144,206,1355,2017.0,0.0,4739.0,0.132462,-0.071601,MNE,SVK,8431
2959217,145,206,1355,2017.0,0.0,3997.0,-1.110506,-1.179734,MNG,SVK,8431
2959218,153,206,1355,2017.0,0.0,9122.0,1.022117,0.6711739999999999,MYS,SVK,8431
2959219,162,206,1355,2017.0,228145.0,3159368.0,1.090805,1.452409,NLD,SVK,8431
2959220,163,206,1355,2017.0,7031.0,513215.0,0.393228,0.049788,NOR,SVK,8431
2959221,164,206,1355,2017.0,7324.0,0.0,-0.076879,0.530485,NPL,SVK,8431
2959222,166,206,1355,2017.0,0.0,27177.0,0.154926,0.10981500000000001,NZL,SVK,8431
2959223,168,206,1355,2017.0,12196.0,0.0,-0.737436,0.345773,PAK,SVK,8431
2959224,169,206,1355,2017.0,0.0,2059.0,0.638093,1.01027,PAN,SVK,8431
2959225,177,206,1355,2017.0,5136198.0,3126204.0,1.212941,0.917751,POL,SVK,8431
2959226,179,206,1355,2017.0,192360.0,0.0,0.692908,2.05977,PRT,SVK,8431
2959227,183,206,1355,2017.0,0.0,32591.0,-0.42615600000000003,-1.0956489999999999,QAT,SVK,8431
2959228,185,206,1355,2017.0,700154.0,323764.0,1.145161,1.095192,ROU,SVK,8431
2959229,186,206,1355,2017.0,0.0,447350.0,0.07402,0.248236,RUS,SVK,8431
2959230,188,206,1355,2017.0,0.0,185288.0,0.508031,-0.42373500000000003,SAU,SVK,8431
2959231,192,206,1355,2017.0,0.0,69054.0,1.8943720000000002,0.449316,SGP,SVK,8431
2959232,201,206,1355,2017.0,3192.0,136269.0,0.59312,1.535527,SRB,SVK,8431
2959233,207,206,1355,2017.0,5156.0,833234.0,1.597178,0.753722,SVN,SVK,8431
2959234,208,206,1355,2017.0,203976.0,12282.0,1.695113,0.6885060000000001,SWE,SVK,8431
2959235,216,206,1355,2017.0,3588.0,23119.0,1.15791,1.282718,THA,SVK,8431
2959236,223,206,1355,2017.0,2946.0,0.0,0.31342600000000004,1.071153,TUN,SVK,8431
2959237,224,206,1355,2017.0,189658.0,453362.0,0.601079,2.126314,TUR,SVK,8431
2959238,228,206,1355,2017.0,253680.0,37834.0,0.34780900000000003,1.076817,UKR,SVK,8431
2959239,231,206,1355,2017.0,4698.0,2661194.0,1.536355,0.23775100000000002,USA,SVK,8431
2959240,239,206,1355,2017.0,2704079.0,30826.0,-0.006548999999999999,0.7030420000000001,VNM,SVK,8431
2959241,246,206,1355,2017.0,0.0,10056.0,-0.048668,1.283483,ZAF,SVK,8431
2959242,249,206,1355,2017.0,0.0,65714.0,2.003822,1.215216,TWN,SVK,8431
2959243,250,206,1355,2017.0,642588.0,0.0,0.472054,-0.363374,ANS,SVK,8431
2959244,4,207,1355,2017.0,12960.0,9372.0,-0.351054,-0.193147,ALB,SVN,8431
2959245,7,207,1355,2017.0,0.0,34414.0,0.222875,-0.204271,ARE,SVN,8431
2959246,9,207,1355,2017.0,0.0,4583.0,-0.422667,-0.824041,ARM,SVN,8431
2959247,14,207,1355,2017.0,0.0,55517.0,-0.598537,-0.23571,AUS,SVN,8431
2959248,15,207,1355,2017.0,1601380.0,3572749.0,1.722766,-0.077938,AUT,SVN,8431
2959249,16,207,1355,2017.0,0.0,5958.0,-1.665069,-1.37471,AZE,SVN,8431
2959250,18,207,1355,2017.0,2703.0,552820.0,1.2396969999999998,1.1699760000000001,BEL,SVN,8431
2959251,22,207,1355,2017.0,338961.0,0.0,-1.007846,-1.112069,BGD,SVN,8431
2959252,23,207,1355,2017.0,66955.0,150407.0,0.563342,1.744989,BGR,SVN,8431
2959253,24,207,1355,2017.0,0.0,1409.0,0.160574,-0.708064,BHR,SVN,8431
2959254,26,207,1355,2017.0,408416.0,155650.0,0.584825,0.9219,BIH,SVN,8431
2959255,28,207,1355,2017.0,27195.0,0.0,0.9188780000000001,0.9998819999999999,BLR,SVN,8431
2959256,32,207,1355,2017.0,0.0,5692.0,0.103119,0.808438,BRA,SVN,8431
2959257,39,207,1355,2017.0,5851.0,106356.0,0.661032,1.331443,CAN,SVN,8431
2959258,41,207,1355,2017.0,17434.0,121554.0,2.2443459999999997,0.836363,CHE,SVN,8431
2959259,43,207,1355,2017.0,7402584.0,222889.0,1.2888030000000001,0.9250700000000001,CHN,SVN,8431
2959260,59,207,1355,2017.0,193744.0,31084.0,1.8494680000000001,0.150088,CZE,SVN,8431
2959261,61,207,1355,2017.0,4712805.0,2465862.0,2.164026,-2.458307,DEU,SVN,8431
2959262,64,207,1355,2017.0,405176.0,18087.0,1.143276,1.242437,DNK,SVN,8431
2959263,68,207,1355,2017.0,3162.0,0.0,-0.09792100000000001,1.9664270000000001,EGY,SVN,8431
2959264,71,207,1355,2017.0,2323204.0,375113.0,0.7720279999999999,2.434042,ESP,SVN,8431
2959265,72,207,1355,2017.0,18062.0,0.0,1.004481,1.311075,EST,SVN,8431
2959266,74,207,1355,2017.0,4792.0,0.0,1.6562990000000002,0.94619,FIN,SVN,8431
2959267,77,207,1355,2017.0,374062.0,392021.0,1.3874030000000002,0.8887719999999999,FRA,SVN,8431
2959268,81,207,1355,2017.0,269060.0,73177.0,1.499843,1.120201,GBR,SVN,8431
2959269,82,207,1355,2017.0,5564.0,0.0,-0.252287,-0.172336,GEO,SVN,8431
2959270,90,207,1355,2017.0,16225.0,2057.0,0.10646300000000002,1.0936290000000002,GRC,SVN,8431
2959271,97,207,1355,2017.0,12653.0,0.0,0.877065,1.1615520000000001,HKG,SVN,8431
2959272,100,207,1355,2017.0,482806.0,2314394.0,0.8933700000000001,1.4400469999999999,HRV,SVN,8431
2959273,102,207,1355,2017.0,173291.0,0.0,1.6949029999999998,0.723915,HUN,SVN,8431
2959274,103,207,1355,2017.0,81970.0,0.0,-0.072977,1.376847,IDN,SVN,8431
2959275,104,207,1355,2017.0,54434.0,0.0,0.262126,2.8212040000000003,IND,SVN,8431
2959276,106,207,1355,2017.0,0.0,1949.0,1.444823,0.158356,IRL,SVN,8431
2959277,111,207,1355,2017.0,2996617.0,989295.0,1.4374559999999998,0.21079699999999998,ITA,SVN,8431
2959278,114,207,1355,2017.0,0.0,312311.0,2.4440779999999998,-0.46107700000000007,JPN,SVN,8431
2959279,117,207,1355,2017.0,7568.0,0.0,0.056509000000000004,0.363176,KGZ,SVN,8431
2959280,118,207,1355,2017.0,80659.0,0.0,-0.654185,-0.655463,KHM,SVN,8431
2959281,121,207,1355,2017.0,0.0,179660.0,2.1277470000000003,0.8218719999999999,KOR,SVN,8431
2959282,122,207,1355,2017.0,0.0,14424.0,-0.264903,-1.112018,KWT,SVN,8431
2959283,124,207,1355,2017.0,0.0,20218.0,0.437192,1.027289,LBN,SVN,8431
2959284,128,207,1355,2017.0,11820.0,0.0,-0.506691,0.43309200000000003,LKA,SVN,8431
2959285,130,207,1355,2017.0,12923.0,43732.0,0.770556,1.555233,LTU,SVN,8431
2959286,132,207,1355,2017.0,1367.0,0.0,0.644285,1.4304290000000002,LVA,SVN,8431
2959287,133,207,1355,2017.0,4021.0,0.0,0.33025,-0.008723999999999999,MAC,SVN,8431
2959288,134,207,1355,2017.0,443370.0,3152.0,-0.593987,-0.093414,MAR,SVN,8431
2959289,135,207,1355,2017.0,15255.0,0.0,-0.135731,-0.008816,MDA,SVN,8431
2959290,140,207,1355,2017.0,76807.0,12252.0,-0.12182799999999999,-0.333793,MKD,SVN,8431
2959291,142,207,1355,2017.0,4197.0,0.0,0.9943420000000001,0.181922,MLT,SVN,8431
2959292,143,207,1355,2017.0,518261.0,0.0,-0.9113129999999999,-0.21514,MMR,SVN,8431
2959293,144,207,1355,2017.0,0.0,200431.0,0.132462,-0.071601,MNE,SVN,8431
2959294,153,207,1355,2017.0,1136.0,0.0,1.022117,0.6711739999999999,MYS,SVN,8431
2959295,162,207,1355,2017.0,208639.0,56081.0,1.090805,1.452409,NLD,SVN,8431
2959296,163,207,1355,2017.0,0.0,25557.0,0.393228,0.049788,NOR,SVN,8431
2959297,164,207,1355,2017.0,13217.0,0.0,-0.076879,0.530485,NPL,SVN,8431
2959298,165,207,1355,2017.0,5910.0,0.0,1.0260129999999998,0.002612,NRU,SVN,8431
2959299,168,207,1355,2017.0,37549.0,0.0,-0.737436,0.345773,PAK,SVN,8431
2959300,174,207,1355,2017.0,1930.0,0.0,0.717074,0.224219,PHL,SVN,8431
2959301,177,207,1355,2017.0,371793.0,1503.0,1.212941,0.917751,POL,SVN,8431
2959302,179,207,1355,2017.0,54036.0,12459.0,0.692908,2.05977,PRT,SVN,8431
2959303,183,207,1355,2017.0,0.0,23766.0,-0.42615600000000003,-1.0956489999999999,QAT,SVN,8431
2959304,185,207,1355,2017.0,90840.0,52502.0,1.145161,1.095192,ROU,SVN,8431
2959305,186,207,1355,2017.0,1708.0,128978.0,0.07402,0.248236,RUS,SVN,8431
2959306,192,207,1355,2017.0,0.0,21445.0,1.8943720000000002,0.449316,SGP,SVN,8431
2959307,201,207,1355,2017.0,900768.0,533386.0,0.59312,1.535527,SRB,SVN,8431
2959308,206,207,1355,2017.0,833234.0,5156.0,1.484316,0.811826,SVK,SVN,8431
2959309,208,207,1355,2017.0,4088.0,0.0,1.695113,0.6885060000000001,SWE,SVN,8431
2959310,216,207,1355,2017.0,1615.0,0.0,1.15791,1.282718,THA,SVN,8431
2959311,223,207,1355,2017.0,6879.0,0.0,0.31342600000000004,1.071153,TUN,SVN,8431
2959312,224,207,1355,2017.0,83280.0,73693.0,0.601079,2.126314,TUR,SVN,8431
2959313,228,207,1355,2017.0,171152.0,0.0,0.34780900000000003,1.076817,UKR,SVN,8431
2959314,231,207,1355,2017.0,4207.0,892268.0,1.536355,0.23775100000000002,USA,SVN,8431
2959315,239,207,1355,2017.0,1372573.0,0.0,-0.006548999999999999,0.7030420000000001,VNM,SVN,8431
2959316,246,207,1355,2017.0,0.0,1079.0,-0.048668,1.283483,ZAF,SVN,8431
2959317,249,207,1355,2017.0,0.0,7671.0,2.003822,1.215216,TWN,SVN,8431
2959318,7,223,1355,2017.0,12528.0,107067.0,0.222875,-0.204271,ARE,TUN,8431
2959319,9,223,1355,2017.0,0.0,8973.0,-0.422667,-0.824041,ARM,TUN,8431
2959320,14,223,1355,2017.0,0.0,136429.0,-0.598537,-0.23571,AUS,TUN,8431
2959321,15,223,1355,2017.0,8160.0,289876.0,1.722766,-0.077938,AUT,TUN,8431
2959322,16,223,1355,2017.0,0.0,3122.0,-1.665069,-1.37471,AZE,TUN,8431
2959323,18,223,1355,2017.0,4652.0,1064007.0,1.2396969999999998,1.1699760000000001,BEL,TUN,8431
2959324,22,223,1355,2017.0,27089.0,0.0,-1.007846,-1.112069,BGD,TUN,8431
2959325,23,223,1355,2017.0,14516.0,0.0,0.563342,1.744989,BGR,TUN,8431
2959326,24,223,1355,2017.0,0.0,5049.0,0.160574,-0.708064,BHR,TUN,8431
2959327,26,223,1355,2017.0,14819.0,5264.0,0.584825,0.9219,BIH,TUN,8431
2959328,28,223,1355,2017.0,0.0,7424.0,0.9188780000000001,0.9998819999999999,BLR,TUN,8431
2959329,31,223,1355,2017.0,0.0,1457.0,-1.032957,-0.9679840000000001,BOL,TUN,8431
2959330,39,223,1355,2017.0,0.0,177416.0,0.661032,1.331443,CAN,TUN,8431
2959331,41,223,1355,2017.0,0.0,439590.0,2.2443459999999997,0.836363,CHE,TUN,8431
2959332,42,223,1355,2017.0,0.0,3139.0,-0.282983,-0.33351,CHL,TUN,8431
2959333,43,223,1355,2017.0,600526.0,1013120.0,1.2888030000000001,0.9250700000000001,CHN,TUN,8431
2959334,49,223,1355,2017.0,0.0,1130.0,-0.039238999999999996,-0.246914,COL,TUN,8431
2959335,59,223,1355,2017.0,0.0,60937.0,1.8494680000000001,0.150088,CZE,TUN,8431
2959336,61,223,1355,2017.0,21396.0,1488715.0,2.164026,-2.458307,DEU,TUN,8431
2959337,68,223,1355,2017.0,18737.0,0.0,-0.09792100000000001,1.9664270000000001,EGY,TUN,8431
2959338,71,223,1355,2017.0,639703.0,690775.0,0.7720279999999999,2.434042,ESP,TUN,8431
2959339,72,223,1355,2017.0,0.0,3235.0,1.004481,1.311075,EST,TUN,8431
2959340,73,223,1355,2017.0,0.0,1086.0,-0.874714,-0.58418,ETH,TUN,8431
2959341,74,223,1355,2017.0,0.0,11338.0,1.6562990000000002,0.94619,FIN,TUN,8431
2959342,77,223,1355,2017.0,530055.0,13717640.0,1.3874030000000002,0.8887719999999999,FRA,TUN,8431
2959343,81,223,1355,2017.0,0.0,136646.0,1.499843,1.120201,GBR,TUN,8431
2959344,90,223,1355,2017.0,0.0,4816.0,0.10646300000000002,1.0936290000000002,GRC,TUN,8431
2959345,97,223,1355,2017.0,0.0,7231.0,0.877065,1.1615520000000001,HKG,TUN,8431
2959346,100,223,1355,2017.0,2724.0,0.0,0.8933700000000001,1.4400469999999999,HRV,TUN,8431
2959347,102,223,1355,2017.0,0.0,9512.0,1.6949029999999998,0.723915,HUN,TUN,8431
2959348,103,223,1355,2017.0,0.0,1625.0,-0.072977,1.376847,IDN,TUN,8431
2959349,104,223,1355,2017.0,3901.0,6554.0,0.262126,2.8212040000000003,IND,TUN,8431
2959350,106,223,1355,2017.0,0.0,10662.0,1.444823,0.158356,IRL,TUN,8431
2959351,109,223,1355,2017.0,0.0,1915.0,0.279223,-0.34883600000000003,ISL,TUN,8431
2959352,111,223,1355,2017.0,146318.0,5474540.0,1.4374559999999998,0.21079699999999998,ITA,TUN,8431
2959353,114,223,1355,2017.0,0.0,695306.0,2.4440779999999998,-0.46107700000000007,JPN,TUN,8431
2959354,115,223,1355,2017.0,0.0,13317.0,-0.47984399999999994,-0.40618699999999996,KAZ,TUN,8431
2959355,118,223,1355,2017.0,1467.0,0.0,-0.654185,-0.655463,KHM,TUN,8431
2959356,121,223,1355,2017.0,0.0,649094.0,2.1277470000000003,0.8218719999999999,KOR,TUN,8431
2959357,122,223,1355,2017.0,0.0,280015.0,-0.264903,-1.112018,KWT,TUN,8431
2959358,124,223,1355,2017.0,8406.0,113718.0,0.437192,1.027289,LBN,TUN,8431
2959359,126,223,1355,2017.0,0.0,2696.0,-1.067632,-1.21154,LBY,TUN,8431
2959360,131,223,1355,2017.0,0.0,9117.0,1.1461629999999998,1.434994,LUX,TUN,8431
2959361,134,223,1355,2017.0,173421.0,14439.0,-0.593987,-0.093414,MAR,TUN,8431
2959362,135,223,1355,2017.0,2319.0,0.0,-0.135731,-0.008816,MDA,TUN,8431
2959363,143,223,1355,2017.0,0.0,2530.0,-0.9113129999999999,-0.21514,MMR,TUN,8431
2959364,144,223,1355,2017.0,0.0,3238.0,0.132462,-0.071601,MNE,TUN,8431
2959365,162,223,1355,2017.0,1395.0,814821.0,1.090805,1.452409,NLD,TUN,8431
2959366,163,223,1355,2017.0,0.0,44839.0,0.393228,0.049788,NOR,TUN,8431
2959367,166,223,1355,2017.0,0.0,14642.0,0.154926,0.10981500000000001,NZL,TUN,8431
2959368,173,223,1355,2017.0,0.0,1645.0,-0.8214469999999999,-0.333306,PER,TUN,8431
2959369,177,223,1355,2017.0,13901.0,120996.0,1.212941,0.917751,POL,TUN,8431
2959370,179,223,1355,2017.0,56582.0,160963.0,0.692908,2.05977,PRT,TUN,8431
2959371,183,223,1355,2017.0,0.0,339085.0,-0.42615600000000003,-1.0956489999999999,QAT,TUN,8431
2959372,185,223,1355,2017.0,76221.0,0.0,1.145161,1.095192,ROU,TUN,8431
2959373,186,223,1355,2017.0,0.0,324214.0,0.07402,0.248236,RUS,TUN,8431
2959374,188,223,1355,2017.0,0.0,39747.0,0.508031,-0.42373500000000003,SAU,TUN,8431
2959375,191,223,1355,2017.0,0.0,2092.0,-0.604504,-0.228411,SEN,TUN,8431
2959376,192,223,1355,2017.0,0.0,54617.0,1.8943720000000002,0.449316,SGP,TUN,8431
2959377,201,223,1355,2017.0,0.0,7757.0,0.59312,1.535527,SRB,TUN,8431
2959378,206,223,1355,2017.0,0.0,2946.0,1.484316,0.811826,SVK,TUN,8431
2959379,207,223,1355,2017.0,0.0,6879.0,1.597178,0.753722,SVN,TUN,8431
2959380,208,223,1355,2017.0,0.0,3463.0,1.695113,0.6885060000000001,SWE,TUN,8431
2959381,216,223,1355,2017.0,0.0,13292.0,1.15791,1.282718,THA,TUN,8431
2959382,224,223,1355,2017.0,482490.0,168608.0,0.601079,2.126314,TUR,TUN,8431
2959383,228,223,1355,2017.0,6907.0,4048.0,0.34780900000000003,1.076817,UKR,TUN,8431
2959384,231,223,1355,2017.0,0.0,534582.0,1.536355,0.23775100000000002,USA,TUN,8431
2959385,239,223,1355,2017.0,8126.0,1452.0,-0.006548999999999999,0.7030420000000001,VNM,TUN,8431
2959386,246,223,1355,2017.0,0.0,1260.0,-0.048668,1.283483,ZAF,TUN,8431
2959387,249,223,1355,2017.0,0.0,121657.0,2.003822,1.215216,TWN,TUN,8431
2959388,250,223,1355,2017.0,898850.0,0.0,0.472054,-0.363374,ANS,TUN,8431
2959389,7,232,1355,2017.0,87367.0,0.0,0.222875,-0.204271,ARE,UZB,8431
2959390,15,232,1355,2017.0,2789.0,0.0,1.722766,-0.077938,AUT,UZB,8431
2959391,41,232,1355,2017.0,0.0,2248.0,2.2443459999999997,0.836363,CHE,UZB,8431
2959392,43,232,1355,2017.0,487701.0,0.0,1.2888030000000001,0.9250700000000001,CHN,UZB,8431
2959393,59,232,1355,2017.0,0.0,15210.0,1.8494680000000001,0.150088,CZE,UZB,8431
2959394,61,232,1355,2017.0,14238.0,137233.0,2.164026,-2.458307,DEU,UZB,8431
2959395,64,232,1355,2017.0,8052.0,0.0,1.143276,1.242437,DNK,UZB,8431
2959396,71,232,1355,2017.0,18276.0,0.0,0.7720279999999999,2.434042,ESP,UZB,8431
2959397,77,232,1355,2017.0,174976.0,0.0,1.3874030000000002,0.8887719999999999,FRA,UZB,8431
2959398,81,232,1355,2017.0,1487.0,0.0,1.499843,1.120201,GBR,UZB,8431
2959399,104,232,1355,2017.0,8450.0,0.0,0.262126,2.8212040000000003,IND,UZB,8431
2959400,110,232,1355,2017.0,0.0,2254.0,1.158779,0.8909020000000001,ISR,UZB,8431
2959401,111,232,1355,2017.0,746585.0,0.0,1.4374559999999998,0.21079699999999998,ITA,UZB,8431
2959402,115,232,1355,2017.0,0.0,187438.0,-0.47984399999999994,-0.40618699999999996,KAZ,UZB,8431
2959403,117,232,1355,2017.0,41093.0,623660.0,0.056509000000000004,0.363176,KGZ,UZB,8431
2959404,130,232,1355,2017.0,23663.0,0.0,0.770556,1.555233,LTU,UZB,8431
2959405,186,232,1355,2017.0,1778.0,0.0,0.07402,0.248236,RUS,UZB,8431
2959406,217,232,1355,2017.0,0.0,25623.0,-0.8504879999999999,-1.074594,TJK,UZB,8431
2959407,224,232,1355,2017.0,64715.0,0.0,0.601079,2.126314,TUR,UZB,8431
2959408,231,232,1355,2017.0,17275.0,0.0,1.536355,0.23775100000000002,USA,UZB,8431
2959409,239,232,1355,2017.0,21854.0,0.0,-0.006548999999999999,0.7030420000000001,VNM,UZB,8431
2959410,39,13,1355,2017.0,4067.0,0.0,0.661032,1.331443,CAN,ATG,8431
2959411,43,13,1355,2017.0,5165.0,0.0,1.2888030000000001,0.9250700000000001,CHN,ATG,8431
2959412,71,13,1355,2017.0,1969.0,0.0,0.7720279999999999,2.434042,ESP,ATG,8431
2959413,222,13,1355,2017.0,4899.0,0.0,-0.15041300000000002,-1.029801,TTO,ATG,8431
2959414,231,13,1355,2017.0,47909.0,0.0,1.536355,0.23775100000000002,USA,ATG,8431
2959415,7,19,1355,2017.0,1028.0,0.0,0.222875,-0.204271,ARE,BEN,8431
2959416,43,19,1355,2017.0,933909.0,0.0,1.2888030000000001,0.9250700000000001,CHN,BEN,8431
2959417,224,19,1355,2017.0,4829.0,0.0,0.601079,2.126314,TUR,BEN,8431
2959418,18,21,1355,2017.0,1266.0,0.0,1.2396969999999998,1.1699760000000001,BEL,BFA,8431
2959419,22,21,1355,2017.0,3594.0,0.0,-1.007846,-1.112069,BGD,BFA,8431
2959420,43,21,1355,2017.0,4271.0,0.0,1.2888030000000001,0.9250700000000001,CHN,BFA,8431
2959421,71,21,1355,2017.0,6233.0,0.0,0.7720279999999999,2.434042,ESP,BFA,8431
2959422,77,21,1355,2017.0,233965.0,0.0,1.3874030000000002,0.8887719999999999,FRA,BFA,8431
2959423,224,21,1355,2017.0,13941.0,0.0,0.601079,2.126314,TUR,BFA,8431
2959424,5,22,1355,2017.0,0.0,1268.0,1.101312,0.593242,AND,BGD,8431
2959425,7,22,1355,2017.0,0.0,2465051.0,0.222875,-0.204271,ARE,BGD,8431
2959426,8,22,1355,2017.0,0.0,67211.0,-0.268441,0.337024,ARG,BGD,8431
2959427,9,22,1355,2017.0,0.0,47605.0,-0.422667,-0.824041,ARM,BGD,8431
2959428,14,22,1355,2017.0,0.0,1875930.0,-0.598537,-0.23571,AUS,BGD,8431
2959429,15,22,1355,2017.0,0.0,2797014.0,1.722766,-0.077938,AUT,BGD,8431
2959430,16,22,1355,2017.0,0.0,95063.0,-1.665069,-1.37471,AZE,BGD,8431
2959431,18,22,1355,2017.0,0.0,219343.0,1.2396969999999998,1.1699760000000001,BEL,BGD,8431
2959432,21,22,1355,2017.0,0.0,3594.0,-1.0605440000000002,-1.038926,BFA,BGD,8431
2959433,24,22,1355,2017.0,0.0,85957.0,0.160574,-0.708064,BHR,BGD,8431
2959434,26,22,1355,2017.0,0.0,290923.0,0.584825,0.9219,BIH,BGD,8431
2959435,28,22,1355,2017.0,0.0,113555.0,0.9188780000000001,0.9998819999999999,BLR,BGD,8431
2959436,30,22,1355,2017.0,0.0,14526.0,1.16947,-0.302517,BMU,BGD,8431
2959437,31,22,1355,2017.0,0.0,12452.0,-1.032957,-0.9679840000000001,BOL,BGD,8431
2959438,32,22,1355,2017.0,0.0,222685.0,0.103119,0.808438,BRA,BGD,8431
2959439,33,22,1355,2017.0,0.0,2786.0,0.47282700000000005,0.088603,BRB,BGD,8431
2959440,39,22,1355,2017.0,0.0,4975474.0,0.661032,1.331443,CAN,BGD,8431
2959441,41,22,1355,2017.0,0.0,2603432.0,2.2443459999999997,0.836363,CHE,BGD,8431
2959442,42,22,1355,2017.0,0.0,373675.0,-0.282983,-0.33351,CHL,BGD,8431
2959443,43,22,1355,2017.0,13188484.0,9121061.0,1.2888030000000001,0.9250700000000001,CHN,BGD,8431
2959444,45,22,1355,2017.0,0.0,4871.0,-1.039442,-1.026684,CMR,BGD,8431
2959445,49,22,1355,2017.0,0.0,225764.0,-0.039238999999999996,-0.246914,COL,BGD,8431
2959446,52,22,1355,2017.0,0.0,46512.0,0.288798,0.212928,CRI,BGD,8431
2959447,59,22,1355,2017.0,0.0,1918345.0,1.8494680000000001,0.150088,CZE,BGD,8431
2959448,61,22,1355,2017.0,0.0,27228856.0,2.164026,-2.458307,DEU,BGD,8431
2959449,64,22,1355,2017.0,0.0,3282856.0,1.143276,1.242437,DNK,BGD,8431
2959450,66,22,1355,2017.0,0.0,74708.0,-0.918984,-1.177867,DZA,BGD,8431
2959451,67,22,1355,2017.0,0.0,90682.0,-1.109413,-1.1561270000000001,ECU,BGD,8431
2959452,68,22,1355,2017.0,0.0,68548.0,-0.09792100000000001,1.9664270000000001,EGY,BGD,8431
2959453,71,22,1355,2017.0,0.0,12952950.0,0.7720279999999999,2.434042,ESP,BGD,8431
2959454,72,22,1355,2017.0,0.0,113682.0,1.004481,1.311075,EST,BGD,8431
2959455,74,22,1355,2017.0,0.0,1085218.0,1.6562990000000002,0.94619,FIN,BGD,8431
2959456,77,22,1355,2017.0,0.0,11927138.0,1.3874030000000002,0.8887719999999999,FRA,BGD,8431
2959457,81,22,1355,2017.0,1288.0,29622678.0,1.499843,1.120201,GBR,BGD,8431
2959458,82,22,1355,2017.0,0.0,4048.0,-0.252287,-0.172336,GEO,BGD,8431
2959459,90,22,1355,2017.0,0.0,3160404.0,0.10646300000000002,1.0936290000000002,GRC,BGD,8431
2959460,97,22,1355,2017.0,0.0,1155565.0,0.877065,1.1615520000000001,HKG,BGD,8431
2959461,99,22,1355,2017.0,0.0,18835.0,-0.44761999999999996,-0.20167100000000002,HND,BGD,8431
2959462,100,22,1355,2017.0,0.0,142882.0,0.8933700000000001,1.4400469999999999,HRV,BGD,8431
2959463,102,22,1355,2017.0,0.0,7832.0,1.6949029999999998,0.723915,HUN,BGD,8431
2959464,103,22,1355,2017.0,0.0,213801.0,-0.072977,1.376847,IDN,BGD,8431
2959465,104,22,1355,2017.0,15988.0,2985828.0,0.262126,2.8212040000000003,IND,BGD,8431
2959466,106,22,1355,2017.0,0.0,1281102.0,1.444823,0.158356,IRL,BGD,8431
2959467,109,22,1355,2017.0,0.0,77417.0,0.279223,-0.34883600000000003,ISL,BGD,8431
2959468,111,22,1355,2017.0,0.0,3321886.0,1.4374559999999998,0.21079699999999998,ITA,BGD,8431
2959469,114,22,1355,2017.0,0.0,15181207.0,2.4440779999999998,-0.46107700000000007,JPN,BGD,8431
2959470,115,22,1355,2017.0,0.0,361897.0,-0.47984399999999994,-0.40618699999999996,KAZ,BGD,8431
2959471,116,22,1355,2017.0,0.0,46381.0,-0.549171,0.39358899999999997,KEN,BGD,8431
2959472,117,22,1355,2017.0,0.0,49186.0,0.056509000000000004,0.363176,KGZ,BGD,8431
2959473,121,22,1355,2017.0,0.0,583901.0,2.1277470000000003,0.8218719999999999,KOR,BGD,8431
2959474,122,22,1355,2017.0,0.0,262030.0,-0.264903,-1.112018,KWT,BGD,8431
2959475,124,22,1355,2017.0,0.0,843017.0,0.437192,1.027289,LBN,BGD,8431
2959476,131,22,1355,2017.0,0.0,143952.0,1.1461629999999998,1.434994,LUX,BGD,8431
2959477,134,22,1355,2017.0,0.0,366215.0,-0.593987,-0.093414,MAR,BGD,8431
2959478,135,22,1355,2017.0,0.0,54627.0,-0.135731,-0.008816,MDA,BGD,8431
2959479,138,22,1355,2017.0,0.0,1240894.0,1.348763,0.6145010000000001,MEX,BGD,8431
2959480,140,22,1355,2017.0,0.0,159870.0,-0.12182799999999999,-0.333793,MKD,BGD,8431
2959481,143,22,1355,2017.0,0.0,6090.0,-0.9113129999999999,-0.21514,MMR,BGD,8431
2959482,144,22,1355,2017.0,0.0,32111.0,0.132462,-0.071601,MNE,BGD,8431
2959483,145,22,1355,2017.0,0.0,46690.0,-1.110506,-1.179734,MNG,BGD,8431
2959484,147,22,1355,2017.0,0.0,4049.0,-1.3967319999999999,-1.1603290000000002,MOZ,BGD,8431
2959485,151,22,1355,2017.0,0.0,15314.0,-0.166097,-0.050332,MUS,BGD,8431
2959486,153,22,1355,2017.0,3860.0,779204.0,1.022117,0.6711739999999999,MYS,BGD,8431
2959487,160,22,1355,2017.0,0.0,3433.0,-0.974065,-0.791551,NIC,BGD,8431
2959488,162,22,1355,2017.0,0.0,7881057.0,1.090805,1.452409,NLD,BGD,8431
2959489,163,22,1355,2017.0,0.0,851734.0,0.393228,0.049788,NOR,BGD,8431
2959490,164,22,1355,2017.0,0.0,4888.0,-0.076879,0.530485,NPL,BGD,8431
2959491,166,22,1355,2017.0,0.0,310636.0,0.154926,0.10981500000000001,NZL,BGD,8431
2959492,167,22,1355,2017.0,0.0,19499.0,-0.44851199999999997,-0.9820049999999999,OMN,BGD,8431
2959493,168,22,1355,2017.0,5943.0,10519.0,-0.737436,0.345773,PAK,BGD,8431
2959494,169,22,1355,2017.0,0.0,23668.0,0.638093,1.01027,PAN,BGD,8431
2959495,173,22,1355,2017.0,0.0,183308.0,-0.8214469999999999,-0.333306,PER,BGD,8431
2959496,174,22,1355,2017.0,0.0,149888.0,0.717074,0.224219,PHL,BGD,8431
2959497,177,22,1355,2017.0,0.0,8527003.0,1.212941,0.917751,POL,BGD,8431
2959498,179,22,1355,2017.0,0.0,190367.0,0.692908,2.05977,PRT,BGD,8431
2959499,181,22,1355,2017.0,0.0,39732.0,0.22982199999999997,0.768037,PSE,BGD,8431
2959500,183,22,1355,2017.0,0.0,485560.0,-0.42615600000000003,-1.0956489999999999,QAT,BGD,8431
2959501,185,22,1355,2017.0,0.0,402845.0,1.145161,1.095192,ROU,BGD,8431
2959502,186,22,1355,2017.0,0.0,4023928.0,0.07402,0.248236,RUS,BGD,8431
2959503,188,22,1355,2017.0,0.0,1049666.0,0.508031,-0.42373500000000003,SAU,BGD,8431
2959504,192,22,1355,2017.0,0.0,940986.0,1.8943720000000002,0.449316,SGP,BGD,8431
2959505,197,22,1355,2017.0,0.0,14074.0,0.11754,0.363982,SLV,BGD,8431
2959506,201,22,1355,2017.0,0.0,758529.0,0.59312,1.535527,SRB,BGD,8431
2959507,206,22,1355,2017.0,0.0,948619.0,1.484316,0.811826,SVK,BGD,8431
2959508,207,22,1355,2017.0,0.0,338961.0,1.597178,0.753722,SVN,BGD,8431
2959509,208,22,1355,2017.0,0.0,2058542.0,1.695113,0.6885060000000001,SWE,BGD,8431
2959510,216,22,1355,2017.0,6441.0,382791.0,1.15791,1.282718,THA,BGD,8431
2959511,223,22,1355,2017.0,0.0,27089.0,0.31342600000000004,1.071153,TUN,BGD,8431
2959512,224,22,1355,2017.0,0.0,13687228.0,0.601079,2.126314,TUR,BGD,8431
2959513,228,22,1355,2017.0,0.0,712996.0,0.34780900000000003,1.076817,UKR,BGD,8431
2959514,230,22,1355,2017.0,0.0,51212.0,0.09085900000000001,-0.246694,URY,BGD,8431
2959515,231,22,1355,2017.0,0.0,22009596.0,1.536355,0.23775100000000002,USA,BGD,8431
2959516,239,22,1355,2017.0,0.0,29461.0,-0.006548999999999999,0.7030420000000001,VNM,BGD,8431
2959517,246,22,1355,2017.0,0.0,168356.0,-0.048668,1.283483,ZAF,BGD,8431
2959518,249,22,1355,2017.0,0.0,255586.0,2.003822,1.215216,TWN,BGD,8431
2959519,39,25,1355,2017.0,1551.0,0.0,0.661032,1.331443,CAN,BHS,8431
2959520,43,25,1355,2017.0,62674.0,0.0,1.2888030000000001,0.9250700000000001,CHN,BHS,8431
2959521,65,25,1355,2017.0,33844.0,0.0,-0.314875,0.125244,DOM,BHS,8431
2959522,71,25,1355,2017.0,47279.0,0.0,0.7720279999999999,2.434042,ESP,BHS,8431
2959523,77,25,1355,2017.0,1705.0,0.0,1.3874030000000002,0.8887719999999999,FRA,BHS,8431
2959524,97,25,1355,2017.0,28068.0,0.0,0.877065,1.1615520000000001,HKG,BHS,8431
2959525,111,25,1355,2017.0,7420.0,0.0,1.4374559999999998,0.21079699999999998,ITA,BHS,8431
2959526,153,25,1355,2017.0,0.0,1082.0,1.022117,0.6711739999999999,MYS,BHS,8431
2959527,169,25,1355,2017.0,33014.0,0.0,0.638093,1.01027,PAN,BHS,8431
2959528,231,25,1355,2017.0,829126.0,0.0,1.536355,0.23775100000000002,USA,BHS,8431
2959529,239,25,1355,2017.0,1784.0,0.0,-0.006548999999999999,0.7030420000000001,VNM,BHS,8431
2959530,250,25,1355,2017.0,17735.0,0.0,0.472054,-0.363374,ANS,BHS,8431
2959531,43,37,1355,2017.0,665101.0,0.0,1.2888030000000001,0.9250700000000001,CHN,BWA,8431
2959532,104,37,1355,2017.0,3307.0,0.0,0.262126,2.8212040000000003,IND,BWA,8431
2959533,246,37,1355,2017.0,1202283.0,1580.0,-0.048668,1.283483,ZAF,BWA,8431
2959534,247,37,1355,2017.0,3705.0,0.0,-0.763066,-0.9292530000000001,ZMB,BWA,8431
2959535,248,37,1355,2017.0,0.0,1122.0,-1.101034,-1.107705,ZWE,BWA,8431
2959536,7,44,1355,2017.0,2399.0,0.0,0.222875,-0.204271,ARE,CIV,8431
2959537,43,44,1355,2017.0,9754197.0,0.0,1.2888030000000001,0.9250700000000001,CHN,CIV,8431
2959538,71,44,1355,2017.0,2323.0,0.0,0.7720279999999999,2.434042,ESP,CIV,8431
2959539,77,44,1355,2017.0,15773.0,98677.0,1.3874030000000002,0.8887719999999999,FRA,CIV,8431
2959540,81,44,1355,2017.0,9237.0,0.0,1.499843,1.120201,GBR,CIV,8431
2959541,97,44,1355,2017.0,1479.0,0.0,0.877065,1.1615520000000001,HKG,CIV,8431
2959542,104,44,1355,2017.0,7008.0,0.0,0.262126,2.8212040000000003,IND,CIV,8431
2959543,116,44,1355,2017.0,1454.0,0.0,-0.549171,0.39358899999999997,KEN,CIV,8431
2959544,134,44,1355,2017.0,6414.0,0.0,-0.593987,-0.093414,MAR,CIV,8431
2959545,151,44,1355,2017.0,1272.0,0.0,-0.166097,-0.050332,MUS,CIV,8431
2959546,191,44,1355,2017.0,0.0,2172.0,-0.604504,-0.228411,SEN,CIV,8431
2959547,216,44,1355,2017.0,2019.0,0.0,1.15791,1.282718,THA,CIV,8431
2959548,224,44,1355,2017.0,3414.0,0.0,0.601079,2.126314,TUR,CIV,8431
2959549,239,44,1355,2017.0,4020.0,0.0,-0.006548999999999999,0.7030420000000001,VNM,CIV,8431
2959550,246,44,1355,2017.0,4336.0,0.0,-0.048668,1.283483,ZAF,CIV,8431
2959551,14,45,1355,2017.0,0.0,23013.0,-0.598537,-0.23571,AUS,CMR,8431
2959552,22,45,1355,2017.0,4871.0,0.0,-1.007846,-1.112069,BGD,CMR,8431
2959553,39,45,1355,2017.0,1290.0,0.0,0.661032,1.331443,CAN,CMR,8431
2959554,43,45,1355,2017.0,6157519.0,0.0,1.2888030000000001,0.9250700000000001,CHN,CMR,8431
2959555,77,45,1355,2017.0,11002.0,0.0,1.3874030000000002,0.8887719999999999,FRA,CMR,8431
2959556,81,45,1355,2017.0,1252.0,12952.0,1.499843,1.120201,GBR,CMR,8431
2959557,114,45,1355,2017.0,0.0,23227.0,2.4440779999999998,-0.46107700000000007,JPN,CMR,8431
2959558,162,45,1355,2017.0,0.0,4795.0,1.090805,1.452409,NLD,CMR,8431
2959559,224,45,1355,2017.0,1126.0,0.0,0.601079,2.126314,TUR,CMR,8431
2959560,15,46,1355,2017.0,0.0,4155.0,1.722766,-0.077938,AUT,COD,8431
2959561,18,46,1355,2017.0,12196.0,0.0,1.2396969999999998,1.1699760000000001,BEL,COD,8431
2959562,43,46,1355,2017.0,1383641.0,0.0,1.2888030000000001,0.9250700000000001,CHN,COD,8431
2959563,104,46,1355,2017.0,5228.0,0.0,0.262126,2.8212040000000003,IND,COD,8431
2959564,208,46,1355,2017.0,3134.0,0.0,1.695113,0.6885060000000001,SWE,COD,8431
2959565,224,46,1355,2017.0,9627.0,0.0,0.601079,2.126314,TUR,COD,8431
2959566,227,46,1355,2017.0,5274.0,0.0,-0.593232,0.247873,UGA,COD,8431
2959567,246,46,1355,2017.0,18515.0,0.0,-0.048668,1.283483,ZAF,COD,8431
2959568,7,47,1355,2017.0,7632.0,0.0,0.222875,-0.204271,ARE,COG,8431
2959569,43,47,1355,2017.0,6201410.0,0.0,1.2888030000000001,0.9250700000000001,CHN,COG,8431
2959570,77,47,1355,2017.0,40936.0,0.0,1.3874030000000002,0.8887719999999999,FRA,COG,8431
2959571,224,47,1355,2017.0,11297.0,0.0,0.601079,2.126314,TUR,COG,8431
2959572,43,51,1355,2017.0,13571.0,0.0,1.2888030000000001,0.9250700000000001,CHN,CPV,8431
2959573,71,51,1355,2017.0,66930.0,0.0,0.7720279999999999,2.434042,ESP,CPV,8431
2959574,179,51,1355,2017.0,24163.0,0.0,0.692908,2.05977,PRT,CPV,8431
2959575,43,54,1355,2017.0,242252.0,0.0,1.2888030000000001,0.9250700000000001,CHN,CUB,8431
2959576,71,54,1355,2017.0,13880.0,0.0,0.7720279999999999,2.434042,ESP,CUB,8431
2959577,169,54,1355,2017.0,867882.0,0.0,0.638093,1.01027,PAN,CUB,8431
2959578,7,62,1355,2017.0,1301.0,0.0,0.222875,-0.204271,ARE,DJI,8431
2959579,43,62,1355,2017.0,10056341.0,0.0,1.2888030000000001,0.9250700000000001,CHN,DJI,8431
2959580,81,62,1355,2017.0,0.0,2061.0,1.499843,1.120201,GBR,DJI,8431
2959581,224,62,1355,2017.0,19085.0,0.0,0.601079,2.126314,TUR,DJI,8431
2959582,7,66,1355,2017.0,3764.0,0.0,0.222875,-0.204271,ARE,DZA,8431
2959583,18,66,1355,2017.0,1143.0,0.0,1.2396969999999998,1.1699760000000001,BEL,DZA,8431
2959584,22,66,1355,2017.0,74708.0,0.0,-1.007846,-1.112069,BGD,DZA,8431
2959585,23,66,1355,2017.0,8158.0,0.0,0.563342,1.744989,BGR,DZA,8431
2959586,26,66,1355,2017.0,1831.0,0.0,0.584825,0.9219,BIH,DZA,8431
2959587,43,66,1355,2017.0,18083662.0,0.0,1.2888030000000001,0.9250700000000001,CHN,DZA,8431
2959588,61,66,1355,2017.0,19801.0,0.0,2.164026,-2.458307,DEU,DZA,8431
2959589,68,66,1355,2017.0,19488.0,0.0,-0.09792100000000001,1.9664270000000001,EGY,DZA,8431
2959590,71,66,1355,2017.0,634244.0,0.0,0.7720279999999999,2.434042,ESP,DZA,8431
2959591,77,66,1355,2017.0,137155.0,0.0,1.3874030000000002,0.8887719999999999,FRA,DZA,8431
2959592,81,66,1355,2017.0,3606.0,0.0,1.499843,1.120201,GBR,DZA,8431
2959593,103,66,1355,2017.0,47864.0,0.0,-0.072977,1.376847,IDN,DZA,8431
2959594,104,66,1355,2017.0,36559.0,0.0,0.262126,2.8212040000000003,IND,DZA,8431
2959595,111,66,1355,2017.0,51968.0,0.0,1.4374559999999998,0.21079699999999998,ITA,DZA,8431
2959596,113,66,1355,2017.0,12574.0,0.0,0.079237,0.182893,JOR,DZA,8431
2959597,118,66,1355,2017.0,41593.0,0.0,-0.654185,-0.655463,KHM,DZA,8431
2959598,121,66,1355,2017.0,10751.0,0.0,2.1277470000000003,0.8218719999999999,KOR,DZA,8431
2959599,134,66,1355,2017.0,429180.0,0.0,-0.593987,-0.093414,MAR,DZA,8431
2959600,143,66,1355,2017.0,3187.0,0.0,-0.9113129999999999,-0.21514,MMR,DZA,8431
2959601,179,66,1355,2017.0,18607.0,0.0,0.692908,2.05977,PRT,DZA,8431
2959602,185,66,1355,2017.0,10769.0,0.0,1.145161,1.095192,ROU,DZA,8431
2959603,208,66,1355,2017.0,2605.0,0.0,1.695113,0.6885060000000001,SWE,DZA,8431
2959604,217,66,1355,2017.0,13512.0,0.0,-0.8504879999999999,-1.074594,TJK,DZA,8431
2959605,224,66,1355,2017.0,1675532.0,0.0,0.601079,2.126314,TUR,DZA,8431
2959606,239,66,1355,2017.0,76967.0,0.0,-0.006548999999999999,0.7030420000000001,VNM,DZA,8431
2959607,7,73,1355,2017.0,12409.0,0.0,0.222875,-0.204271,ARE,ETH,8431
2959608,14,73,1355,2017.0,0.0,1239.0,-0.598537,-0.23571,AUS,ETH,8431
2959609,32,73,1355,2017.0,0.0,10129.0,0.103119,0.808438,BRA,ETH,8431
2959610,43,73,1355,2017.0,59664764.0,0.0,1.2888030000000001,0.9250700000000001,CHN,ETH,8431
2959611,61,73,1355,2017.0,0.0,28087.0,2.164026,-2.458307,DEU,ETH,8431
2959612,71,73,1355,2017.0,0.0,1023.0,0.7720279999999999,2.434042,ESP,ETH,8431
2959613,77,73,1355,2017.0,1090.0,1301.0,1.3874030000000002,0.8887719999999999,FRA,ETH,8431
2959614,81,73,1355,2017.0,6305.0,27161.0,1.499843,1.120201,GBR,ETH,8431
2959615,104,73,1355,2017.0,3812.0,0.0,0.262126,2.8212040000000003,IND,ETH,8431
2959616,113,73,1355,2017.0,25290.0,0.0,0.079237,0.182893,JOR,ETH,8431
2959617,141,73,1355,2017.0,1948.0,0.0,-0.49141,-0.595619,MLI,ETH,8431
2959618,162,73,1355,2017.0,1800.0,0.0,1.090805,1.452409,NLD,ETH,8431
2959619,188,73,1355,2017.0,2218.0,0.0,0.508031,-0.42373500000000003,SAU,ETH,8431
2959620,190,73,1355,2017.0,1379.0,0.0,-1.488393,-1.236046,SDN,ETH,8431
2959621,216,73,1355,2017.0,3143.0,0.0,1.15791,1.282718,THA,ETH,8431
2959622,223,73,1355,2017.0,1086.0,0.0,0.31342600000000004,1.071153,TUN,ETH,8431
2959623,224,73,1355,2017.0,1433488.0,0.0,0.601079,2.126314,TUR,ETH,8431
2959624,231,73,1355,2017.0,2068.0,18087.0,1.536355,0.23775100000000002,USA,ETH,8431
2959625,43,80,1355,2017.0,850705.0,0.0,1.2888030000000001,0.9250700000000001,CHN,GAB,8431
2959626,61,80,1355,2017.0,6921.0,0.0,2.164026,-2.458307,DEU,GAB,8431
2959627,77,80,1355,2017.0,10441.0,0.0,1.3874030000000002,0.8887719999999999,FRA,GAB,8431
2959628,224,80,1355,2017.0,1147.0,0.0,0.601079,2.126314,TUR,GAB,8431
2959629,231,80,1355,2017.0,0.0,1955.0,1.536355,0.23775100000000002,USA,GAB,8431
2959630,7,83,1355,2017.0,71078.0,0.0,0.222875,-0.204271,ARE,GHA,8431
2959631,14,83,1355,2017.0,1749.0,0.0,-0.598537,-0.23571,AUS,GHA,8431
2959632,15,83,1355,2017.0,1761.0,0.0,1.722766,-0.077938,AUT,GHA,8431
2959633,43,83,1355,2017.0,22862902.0,0.0,1.2888030000000001,0.9250700000000001,CHN,GHA,8431
2959634,61,83,1355,2017.0,1446.0,0.0,2.164026,-2.458307,DEU,GHA,8431
2959635,81,83,1355,2017.0,4730.0,0.0,1.499843,1.120201,GBR,GHA,8431
2959636,103,83,1355,2017.0,1942.0,0.0,-0.072977,1.376847,IDN,GHA,8431
2959637,104,83,1355,2017.0,5625.0,0.0,0.262126,2.8212040000000003,IND,GHA,8431
2959638,111,83,1355,2017.0,5204.0,0.0,1.4374559999999998,0.21079699999999998,ITA,GHA,8431
2959639,121,83,1355,2017.0,3475.0,0.0,2.1277470000000003,0.8218719999999999,KOR,GHA,8431
2959640,215,83,1355,2017.0,2114.0,0.0,-0.884833,-0.7139220000000001,TGO,GHA,8431
2959641,231,83,1355,2017.0,0.0,3357.0,1.536355,0.23775100000000002,USA,GHA,8431
2959642,246,83,1355,2017.0,26933.0,0.0,-0.048668,1.283483,ZAF,GHA,8431
2959643,43,85,1355,2017.0,10203217.0,0.0,1.2888030000000001,0.9250700000000001,CHN,GIN,8431
2959644,104,85,1355,2017.0,7026.0,0.0,0.262126,2.8212040000000003,IND,GIN,8431
2959645,111,85,1355,2017.0,3213.0,0.0,1.4374559999999998,0.21079699999999998,ITA,GIN,8431
2959646,134,85,1355,2017.0,6210.0,0.0,-0.593987,-0.093414,MAR,GIN,8431
2959647,224,85,1355,2017.0,217447.0,0.0,0.601079,2.126314,TUR,GIN,8431
2959648,43,88,1355,2017.0,17967.0,0.0,1.2888030000000001,0.9250700000000001,CHN,GNB,8431
2959649,77,88,1355,2017.0,3487.0,0.0,1.3874030000000002,0.8887719999999999,FRA,GNB,8431
2959650,43,89,1355,2017.0,94321.0,0.0,1.2888030000000001,0.9250700000000001,CHN,GNQ,8431
2959651,231,89,1355,2017.0,10379.0,0.0,1.536355,0.23775100000000002,USA,GNQ,8431
2959652,43,125,1355,2017.0,2670289.0,0.0,1.2888030000000001,0.9250700000000001,CHN,LBR,8431
2959653,124,125,1355,2017.0,7087.0,0.0,0.437192,1.027289,LBN,LBR,8431
2959654,224,125,1355,2017.0,1104.0,0.0,0.601079,2.126314,TUR,LBR,8431
2959655,43,141,1355,2017.0,3159.0,0.0,1.2888030000000001,0.9250700000000001,CHN,MLI,8431
2959656,73,141,1355,2017.0,0.0,1948.0,-0.874714,-0.58418,ETH,MLI,8431
2959657,77,141,1355,2017.0,4014.0,0.0,1.3874030000000002,0.8887719999999999,FRA,MLI,8431
2959658,224,141,1355,2017.0,18655.0,0.0,0.601079,2.126314,TUR,MLI,8431
2959659,231,141,1355,2017.0,2176.0,0.0,1.536355,0.23775100000000002,USA,MLI,8431
2959660,43,148,1355,2017.0,2635881.0,0.0,1.2888030000000001,0.9250700000000001,CHN,MRT,8431
2959661,71,148,1355,2017.0,1270.0,0.0,0.7720279999999999,2.434042,ESP,MRT,8431
2959662,104,148,1355,2017.0,11096.0,0.0,0.262126,2.8212040000000003,IND,MRT,8431
2959663,224,148,1355,2017.0,31419.0,0.0,0.601079,2.126314,TUR,MRT,8431
2959664,7,151,1355,2017.0,9683.0,22916.0,0.222875,-0.204271,ARE,MUS,8431
2959665,9,151,1355,2017.0,0.0,1068.0,-0.422667,-0.824041,ARM,MUS,8431
2959666,14,151,1355,2017.0,0.0,26853.0,-0.598537,-0.23571,AUS,MUS,8431
2959667,15,151,1355,2017.0,0.0,20616.0,1.722766,-0.077938,AUT,MUS,8431
2959668,18,151,1355,2017.0,0.0,107144.0,1.2396969999999998,1.1699760000000001,BEL,MUS,8431
2959669,22,151,1355,2017.0,15314.0,0.0,-1.007846,-1.112069,BGD,MUS,8431
2959670,24,151,1355,2017.0,0.0,1660.0,0.160574,-0.708064,BHR,MUS,8431
2959671,28,151,1355,2017.0,0.0,1529.0,0.9188780000000001,0.9998819999999999,BLR,MUS,8431
2959672,39,151,1355,2017.0,0.0,70764.0,0.661032,1.331443,CAN,MUS,8431
2959673,41,151,1355,2017.0,0.0,29461.0,2.2443459999999997,0.836363,CHE,MUS,8431
2959674,43,151,1355,2017.0,4200667.0,0.0,1.2888030000000001,0.9250700000000001,CHN,MUS,8431
2959675,44,151,1355,2017.0,0.0,1272.0,-0.991865,-0.9496889999999999,CIV,MUS,8431
2959676,59,151,1355,2017.0,0.0,4434.0,1.8494680000000001,0.150088,CZE,MUS,8431
2959677,61,151,1355,2017.0,7199.0,409383.0,2.164026,-2.458307,DEU,MUS,8431
2959678,64,151,1355,2017.0,0.0,89502.0,1.143276,1.242437,DNK,MUS,8431
2959679,71,151,1355,2017.0,21206.0,60881.0,0.7720279999999999,2.434042,ESP,MUS,8431
2959680,74,151,1355,2017.0,0.0,7869.0,1.6562990000000002,0.94619,FIN,MUS,8431
2959681,77,151,1355,2017.0,11204.0,483161.0,1.3874030000000002,0.8887719999999999,FRA,MUS,8431
2959682,81,151,1355,2017.0,0.0,228882.0,1.499843,1.120201,GBR,MUS,8431
2959683,97,151,1355,2017.0,6383.0,18401.0,0.877065,1.1615520000000001,HKG,MUS,8431
2959684,103,151,1355,2017.0,19022.0,0.0,-0.072977,1.376847,IDN,MUS,8431
2959685,104,151,1355,2017.0,65973.0,0.0,0.262126,2.8212040000000003,IND,MUS,8431
2959686,106,151,1355,2017.0,0.0,77193.0,1.444823,0.158356,IRL,MUS,8431
2959687,111,151,1355,2017.0,13869.0,22683.0,1.4374559999999998,0.21079699999999998,ITA,MUS,8431
2959688,114,151,1355,2017.0,0.0,1654.0,2.4440779999999998,-0.46107700000000007,JPN,MUS,8431
2959689,121,151,1355,2017.0,0.0,4080.0,2.1277470000000003,0.8218719999999999,KOR,MUS,8431
2959690,122,151,1355,2017.0,0.0,13335.0,-0.264903,-1.112018,KWT,MUS,8431
2959691,124,151,1355,2017.0,0.0,4729.0,0.437192,1.027289,LBN,MUS,8431
2959692,129,151,1355,2017.0,1528.0,0.0,-0.8381940000000001,-0.750631,LSO,MUS,8431
2959693,131,151,1355,2017.0,0.0,2112.0,1.1461629999999998,1.434994,LUX,MUS,8431
2959694,134,151,1355,2017.0,11865.0,0.0,-0.593987,-0.093414,MAR,MUS,8431
2959695,136,151,1355,2017.0,15645.0,3378.0,-1.098631,-0.8503069999999999,MDG,MUS,8431
2959696,137,151,1355,2017.0,0.0,5209.0,-0.739309,-0.951202,MDV,MUS,8431
2959697,138,151,1355,2017.0,0.0,2425.0,1.348763,0.6145010000000001,MEX,MUS,8431
2959698,144,151,1355,2017.0,0.0,3132.0,0.132462,-0.071601,MNE,MUS,8431
2959699,147,151,1355,2017.0,0.0,1396.0,-1.3967319999999999,-1.1603290000000002,MOZ,MUS,8431
2959700,162,151,1355,2017.0,1127.0,252957.0,1.090805,1.452409,NLD,MUS,8431
2959701,168,151,1355,2017.0,5159.0,0.0,-0.737436,0.345773,PAK,MUS,8431
2959702,169,151,1355,2017.0,0.0,3894.0,0.638093,1.01027,PAN,MUS,8431
2959703,179,151,1355,2017.0,2079.0,0.0,0.692908,2.05977,PRT,MUS,8431
2959704,183,151,1355,2017.0,0.0,13750.0,-0.42615600000000003,-1.0956489999999999,QAT,MUS,8431
2959705,186,151,1355,2017.0,0.0,1853.0,0.07402,0.248236,RUS,MUS,8431
2959706,188,151,1355,2017.0,0.0,122165.0,0.508031,-0.42373500000000003,SAU,MUS,8431
2959707,192,151,1355,2017.0,0.0,4619.0,1.8943720000000002,0.449316,SGP,MUS,8431
2959708,211,151,1355,2017.0,0.0,14731.0,-0.116998,-0.7398779999999999,SYC,MUS,8431
2959709,216,151,1355,2017.0,16329.0,0.0,1.15791,1.282718,THA,MUS,8431
2959710,224,151,1355,2017.0,7245.0,1805.0,0.601079,2.126314,TUR,MUS,8431
2959711,231,151,1355,2017.0,0.0,67965.0,1.536355,0.23775100000000002,USA,MUS,8431
2959712,239,151,1355,2017.0,19382.0,8222.0,-0.006548999999999999,0.7030420000000001,VNM,MUS,8431
2959713,246,151,1355,2017.0,53977.0,72133.0,-0.048668,1.283483,ZAF,MUS,8431
2959714,43,152,1355,2017.0,2655142.0,0.0,1.2888030000000001,0.9250700000000001,CHN,MWI,8431
2959715,104,152,1355,2017.0,10908.0,0.0,0.262126,2.8212040000000003,IND,MWI,8431
2959716,224,152,1355,2017.0,1400.0,0.0,0.601079,2.126314,TUR,MWI,8431
2959717,246,152,1355,2017.0,12786.0,0.0,-0.048668,1.283483,ZAF,MWI,8431
2959718,43,155,1355,2017.0,380124.0,0.0,1.2888030000000001,0.9250700000000001,CHN,NAM,8431
2959719,111,155,1355,2017.0,0.0,1660.0,1.4374559999999998,0.21079699999999998,ITA,NAM,8431
2959720,216,155,1355,2017.0,14832.0,0.0,1.15791,1.282718,THA,NAM,8431
2959721,224,155,1355,2017.0,1114.0,0.0,0.601079,2.126314,TUR,NAM,8431
2959722,239,155,1355,2017.0,3384.0,0.0,-0.006548999999999999,0.7030420000000001,VNM,NAM,8431
2959723,246,155,1355,2017.0,1842308.0,37478.0,-0.048668,1.283483,ZAF,NAM,8431
2959724,7,159,1355,2017.0,10846.0,0.0,0.222875,-0.204271,ARE,NGA,8431
2959725,8,159,1355,2017.0,1264.0,0.0,-0.268441,0.337024,ARG,NGA,8431
2959726,39,159,1355,2017.0,1259.0,0.0,0.661032,1.331443,CAN,NGA,8431
2959727,43,159,1355,2017.0,255266560.0,0.0,1.2888030000000001,0.9250700000000001,CHN,NGA,8431
2959728,61,159,1355,2017.0,24249.0,2465.0,2.164026,-2.458307,DEU,NGA,8431
2959729,68,159,1355,2017.0,5003.0,0.0,-0.09792100000000001,1.9664270000000001,EGY,NGA,8431
2959730,81,159,1355,2017.0,28855.0,0.0,1.499843,1.120201,GBR,NGA,8431
2959731,104,159,1355,2017.0,291412.0,0.0,0.262126,2.8212040000000003,IND,NGA,8431
2959732,110,159,1355,2017.0,3111.0,0.0,1.158779,0.8909020000000001,ISR,NGA,8431
2959733,111,159,1355,2017.0,1804.0,0.0,1.4374559999999998,0.21079699999999998,ITA,NGA,8431
2959734,224,159,1355,2017.0,58488.0,0.0,0.601079,2.126314,TUR,NGA,8431
2959735,231,159,1355,2017.0,90809.0,3586.0,1.536355,0.23775100000000002,USA,NGA,8431
2959736,246,159,1355,2017.0,23647.0,0.0,-0.048668,1.283483,ZAF,NGA,8431
2959737,7,167,1355,2017.0,1491511.0,7917.0,0.222875,-0.204271,ARE,OMN,8431
2959738,22,167,1355,2017.0,19499.0,0.0,-1.007846,-1.112069,BGD,OMN,8431
2959739,23,167,1355,2017.0,5053.0,0.0,0.563342,1.744989,BGR,OMN,8431
2959740,43,167,1355,2017.0,3586204.0,0.0,1.2888030000000001,0.9250700000000001,CHN,OMN,8431
2959741,61,167,1355,2017.0,24141.0,0.0,2.164026,-2.458307,DEU,OMN,8431
2959742,64,167,1355,2017.0,1113.0,0.0,1.143276,1.242437,DNK,OMN,8431
2959743,68,167,1355,2017.0,54735.0,0.0,-0.09792100000000001,1.9664270000000001,EGY,OMN,8431
2959744,71,167,1355,2017.0,165393.0,0.0,0.7720279999999999,2.434042,ESP,OMN,8431
2959745,77,167,1355,2017.0,26108.0,0.0,1.3874030000000002,0.8887719999999999,FRA,OMN,8431
2959746,81,167,1355,2017.0,29802.0,0.0,1.499843,1.120201,GBR,OMN,8431
2959747,97,167,1355,2017.0,2086.0,0.0,0.877065,1.1615520000000001,HKG,OMN,8431
2959748,103,167,1355,2017.0,24272.0,0.0,-0.072977,1.376847,IDN,OMN,8431
2959749,104,167,1355,2017.0,289440.0,0.0,0.262126,2.8212040000000003,IND,OMN,8431
2959750,111,167,1355,2017.0,22038.0,0.0,1.4374559999999998,0.21079699999999998,ITA,OMN,8431
2959751,113,167,1355,2017.0,6011.0,0.0,0.079237,0.182893,JOR,OMN,8431
2959752,122,167,1355,2017.0,6601.0,0.0,-0.264903,-1.112018,KWT,OMN,8431
2959753,134,167,1355,2017.0,30516.0,0.0,-0.593987,-0.093414,MAR,OMN,8431
2959754,168,167,1355,2017.0,83972.0,0.0,-0.737436,0.345773,PAK,OMN,8431
2959755,179,167,1355,2017.0,1151.0,0.0,0.692908,2.05977,PRT,OMN,8431
2959756,183,167,1355,2017.0,24688.0,292321.0,-0.42615600000000003,-1.0956489999999999,QAT,OMN,8431
2959757,185,167,1355,2017.0,30643.0,0.0,1.145161,1.095192,ROU,OMN,8431
2959758,188,167,1355,2017.0,4506.0,0.0,0.508031,-0.42373500000000003,SAU,OMN,8431
2959759,212,167,1355,2017.0,2575.0,0.0,-0.65347,0.085392,SYR,OMN,8431
2959760,216,167,1355,2017.0,1309.0,0.0,1.15791,1.282718,THA,OMN,8431
2959761,224,167,1355,2017.0,54169.0,0.0,0.601079,2.126314,TUR,OMN,8431
2959762,231,167,1355,2017.0,10621.0,12859.0,1.536355,0.23775100000000002,USA,OMN,8431
2959763,239,167,1355,2017.0,11934.0,0.0,-0.006548999999999999,0.7030420000000001,VNM,OMN,8431
2959764,14,176,1355,2017.0,21315.0,0.0,-0.598537,-0.23571,AUS,PNG,8431
2959765,43,176,1355,2017.0,168571.0,0.0,1.2888030000000001,0.9250700000000001,CHN,PNG,8431
2959766,75,176,1355,2017.0,24760.0,0.0,-0.500896,-0.169256,FJI,PNG,8431
2959767,81,176,1355,2017.0,6083.0,0.0,1.499843,1.120201,GBR,PNG,8431
2959768,249,176,1355,2017.0,1448.0,0.0,2.003822,1.215216,TWN,PNG,8431
2959769,43,178,1355,2017.0,3305014.0,67033636.0,1.2888030000000001,0.9250700000000001,CHN,PRK,8431
2959770,71,178,1355,2017.0,0.0,1159.0,0.7720279999999999,2.434042,ESP,PRK,8431
2959771,104,178,1355,2017.0,11716.0,0.0,0.262126,2.8212040000000003,IND,PRK,8431
2959772,230,178,1355,2017.0,0.0,15966.0,0.09085900000000001,-0.246694,URY,PRK,8431
2959773,71,194,1355,2017.0,0.0,8152.0,0.7720279999999999,2.434042,ESP,SHN,8431
2959774,7,196,1355,2017.0,0.0,2563.0,0.222875,-0.204271,ARE,SLE,8431
2959775,14,196,1355,2017.0,0.0,53358.0,-0.598537,-0.23571,AUS,SLE,8431
2959776,24,196,1355,2017.0,0.0,1772.0,0.160574,-0.708064,BHR,SLE,8431
2959777,39,196,1355,2017.0,0.0,6621.0,0.661032,1.331443,CAN,SLE,8431
2959778,43,196,1355,2017.0,420080.0,0.0,1.2888030000000001,0.9250700000000001,CHN,SLE,8431
2959779,61,196,1355,2017.0,1538.0,0.0,2.164026,-2.458307,DEU,SLE,8431
2959780,77,196,1355,2017.0,0.0,2170.0,1.3874030000000002,0.8887719999999999,FRA,SLE,8431
2959781,81,196,1355,2017.0,0.0,1634.0,1.499843,1.120201,GBR,SLE,8431
2959782,231,196,1355,2017.0,0.0,14850.0,1.536355,0.23775100000000002,USA,SLE,8431
2959783,239,196,1355,2017.0,0.0,4328.0,-0.006548999999999999,0.7030420000000001,VNM,SLE,8431
2959784,43,209,1355,2017.0,21699.0,0.0,1.2888030000000001,0.9250700000000001,CHN,SWZ,8431
2959785,121,209,1355,2017.0,8366.0,0.0,2.1277470000000003,0.8218719999999999,KOR,SWZ,8431
2959786,147,209,1355,2017.0,0.0,1745.0,-1.3967319999999999,-1.1603290000000002,MOZ,SWZ,8431
2959787,246,209,1355,2017.0,506441.0,1712590.0,-0.048668,1.283483,ZAF,SWZ,8431
2959788,247,209,1355,2017.0,0.0,7779.0,-0.763066,-0.9292530000000001,ZMB,SWZ,8431
2959789,43,214,1355,2017.0,519818.0,0.0,1.2888030000000001,0.9250700000000001,CHN,TCD,8431
2959790,68,214,1355,2017.0,1589.0,0.0,-0.09792100000000001,1.9664270000000001,EGY,TCD,8431
2959791,224,214,1355,2017.0,1774.0,0.0,0.601079,2.126314,TUR,TCD,8431
2959792,43,215,1355,2017.0,22065914.0,0.0,1.2888030000000001,0.9250700000000001,CHN,TGO,8431
2959793,71,215,1355,2017.0,54145.0,0.0,0.7720279999999999,2.434042,ESP,TGO,8431
2959794,77,215,1355,2017.0,1536.0,0.0,1.3874030000000002,0.8887719999999999,FRA,TGO,8431
2959795,83,215,1355,2017.0,0.0,2114.0,-0.910444,-0.906315,GHA,TGO,8431
2959796,104,215,1355,2017.0,36583.0,0.0,0.262126,2.8212040000000003,IND,TGO,8431
2959797,7,219,1355,2017.0,0.0,1421.0,0.222875,-0.204271,ARE,TKM,8431
2959798,15,219,1355,2017.0,9578.0,0.0,1.722766,-0.077938,AUT,TKM,8431
2959799,43,219,1355,2017.0,40296.0,0.0,1.2888030000000001,0.9250700000000001,CHN,TKM,8431
2959800,61,219,1355,2017.0,2499.0,0.0,2.164026,-2.458307,DEU,TKM,8431
2959801,77,219,1355,2017.0,3382.0,0.0,1.3874030000000002,0.8887719999999999,FRA,TKM,8431
2959802,81,219,1355,2017.0,32797.0,0.0,1.499843,1.120201,GBR,TKM,8431
2959803,111,219,1355,2017.0,40508.0,0.0,1.4374559999999998,0.21079699999999998,ITA,TKM,8431
2959804,122,219,1355,2017.0,0.0,1538.0,-0.264903,-1.112018,KWT,TKM,8431
2959805,186,219,1355,2017.0,3098.0,0.0,0.07402,0.248236,RUS,TKM,8431
2959806,224,219,1355,2017.0,278866.0,0.0,0.601079,2.126314,TUR,TKM,8431
2959807,7,226,1355,2017.0,38667.0,0.0,0.222875,-0.204271,ARE,TZA,8431
2959808,43,226,1355,2017.0,13023064.0,0.0,1.2888030000000001,0.9250700000000001,CHN,TZA,8431
2959809,50,226,1355,2017.0,0.0,15982335.0,-0.395615,-0.921531,COM,TZA,8431
2959810,77,226,1355,2017.0,19094.0,0.0,1.3874030000000002,0.8887719999999999,FRA,TZA,8431
2959811,81,226,1355,2017.0,7651.0,0.0,1.499843,1.120201,GBR,TZA,8431
2959812,104,226,1355,2017.0,25952.0,0.0,0.262126,2.8212040000000003,IND,TZA,8431
2959813,116,226,1355,2017.0,3372.0,0.0,-0.549171,0.39358899999999997,KEN,TZA,8431
2959814,216,226,1355,2017.0,89512.0,0.0,1.15791,1.282718,THA,TZA,8431
2959815,224,226,1355,2017.0,9035.0,0.0,0.601079,2.126314,TUR,TZA,8431
2959816,239,226,1355,2017.0,3912.0,0.0,-0.006548999999999999,0.7030420000000001,VNM,TZA,8431
2959817,246,226,1355,2017.0,41594.0,0.0,-0.048668,1.283483,ZAF,TZA,8431
2959818,7,227,1355,2017.0,7029.0,0.0,0.222875,-0.204271,ARE,UGA,8431
2959819,43,227,1355,2017.0,354882.0,0.0,1.2888030000000001,0.9250700000000001,CHN,UGA,8431
2959820,46,227,1355,2017.0,0.0,5274.0,-1.158421,-1.14955,COD,UGA,8431
2959821,68,227,1355,2017.0,10833.0,0.0,-0.09792100000000001,1.9664270000000001,EGY,UGA,8431
2959822,116,227,1355,2017.0,2349.0,0.0,-0.549171,0.39358899999999997,KEN,UGA,8431
2959823,246,227,1355,2017.0,12043.0,0.0,-0.048668,1.283483,ZAF,UGA,8431
2959824,61,237,1355,2017.0,2760.0,0.0,2.164026,-2.458307,DEU,VGB,8431
2959825,231,237,1355,2017.0,15916.0,0.0,1.536355,0.23775100000000002,USA,VGB,8431
2959826,2,239,1355,2017.0,0.0,1119.0,-1.580759,-1.2589270000000001,AGO,VNM,8431
2959827,5,239,1355,2017.0,0.0,85998.0,1.101312,0.593242,AND,VNM,8431
2959828,7,239,1355,2017.0,0.0,3554742.0,0.222875,-0.204271,ARE,VNM,8431
2959829,8,239,1355,2017.0,0.0,1033335.0,-0.268441,0.337024,ARG,VNM,8431
2959830,9,239,1355,2017.0,0.0,165187.0,-0.422667,-0.824041,ARM,VNM,8431
2959831,14,239,1355,2017.0,6632.0,8277488.0,-0.598537,-0.23571,AUS,VNM,8431
2959832,15,239,1355,2017.0,0.0,2495394.0,1.722766,-0.077938,AUT,VNM,8431
2959833,16,239,1355,2017.0,0.0,90305.0,-1.665069,-1.37471,AZE,VNM,8431
2959834,18,239,1355,2017.0,11433.0,4704588.0,1.2396969999999998,1.1699760000000001,BEL,VNM,8431
2959835,22,239,1355,2017.0,29461.0,0.0,-1.007846,-1.112069,BGD,VNM,8431
2959836,23,239,1355,2017.0,28470.0,0.0,0.563342,1.744989,BGR,VNM,8431
2959837,24,239,1355,2017.0,0.0,92647.0,0.160574,-0.708064,BHR,VNM,8431
2959838,25,239,1355,2017.0,0.0,1784.0,0.677207,-0.45096899999999995,BHS,VNM,8431
2959839,26,239,1355,2017.0,0.0,291118.0,0.584825,0.9219,BIH,VNM,8431
2959840,28,239,1355,2017.0,0.0,89390.0,0.9188780000000001,0.9998819999999999,BLR,VNM,8431
2959841,31,239,1355,2017.0,0.0,71233.0,-1.032957,-0.9679840000000001,BOL,VNM,8431
2959842,32,239,1355,2017.0,0.0,1648859.0,0.103119,0.808438,BRA,VNM,8431
2959843,33,239,1355,2017.0,0.0,3662.0,0.47282700000000005,0.088603,BRB,VNM,8431
2959844,39,239,1355,2017.0,90804.0,16203815.0,0.661032,1.331443,CAN,VNM,8431
2959845,41,239,1355,2017.0,32389.0,4972924.0,2.2443459999999997,0.836363,CHE,VNM,8431
2959846,42,239,1355,2017.0,0.0,695731.0,-0.282983,-0.33351,CHL,VNM,8431
2959847,43,239,1355,2017.0,478188288.0,45253300.0,1.2888030000000001,0.9250700000000001,CHN,VNM,8431
2959848,44,239,1355,2017.0,0.0,4020.0,-0.991865,-0.9496889999999999,CIV,VNM,8431
2959849,49,239,1355,2017.0,0.0,938562.0,-0.039238999999999996,-0.246914,COL,VNM,8431
2959850,52,239,1355,2017.0,0.0,215732.0,0.288798,0.212928,CRI,VNM,8431
2959851,58,239,1355,2017.0,2578.0,0.0,0.35097399999999995,0.103466,CYP,VNM,8431
2959852,59,239,1355,2017.0,0.0,711221.0,1.8494680000000001,0.150088,CZE,VNM,8431
2959853,61,239,1355,2017.0,37604.0,51947488.0,2.164026,-2.458307,DEU,VNM,8431
2959854,64,239,1355,2017.0,0.0,1601135.0,1.143276,1.242437,DNK,VNM,8431
2959855,65,239,1355,2017.0,0.0,109846.0,-0.314875,0.125244,DOM,VNM,8431
2959856,66,239,1355,2017.0,0.0,76967.0,-0.918984,-1.177867,DZA,VNM,8431
2959857,67,239,1355,2017.0,0.0,322192.0,-1.109413,-1.1561270000000001,ECU,VNM,8431
2959858,68,239,1355,2017.0,0.0,6501.0,-0.09792100000000001,1.9664270000000001,EGY,VNM,8431
2959859,71,239,1355,2017.0,1138377.0,39009804.0,0.7720279999999999,2.434042,ESP,VNM,8431
2959860,72,239,1355,2017.0,0.0,211430.0,1.004481,1.311075,EST,VNM,8431
2959861,74,239,1355,2017.0,0.0,794428.0,1.6562990000000002,0.94619,FIN,VNM,8431
2959862,77,239,1355,2017.0,159534.0,20055040.0,1.3874030000000002,0.8887719999999999,FRA,VNM,8431
2959863,81,239,1355,2017.0,94048.0,75237752.0,1.499843,1.120201,GBR,VNM,8431
2959864,82,239,1355,2017.0,1198.0,2702.0,-0.252287,-0.172336,GEO,VNM,8431
2959865,90,239,1355,2017.0,0.0,15962.0,0.10646300000000002,1.0936290000000002,GRC,VNM,8431
2959866,97,239,1355,2017.0,339651.0,3675469.0,0.877065,1.1615520000000001,HKG,VNM,8431
2959867,99,239,1355,2017.0,0.0,49932.0,-0.44761999999999996,-0.20167100000000002,HND,VNM,8431
2959868,100,239,1355,2017.0,3822.0,58166.0,0.8933700000000001,1.4400469999999999,HRV,VNM,8431
2959869,102,239,1355,2017.0,3251.0,12486.0,1.6949029999999998,0.723915,HUN,VNM,8431
2959870,103,239,1355,2017.0,70800.0,223785.0,-0.072977,1.376847,IDN,VNM,8431
2959871,104,239,1355,2017.0,31287.0,255367.0,0.262126,2.8212040000000003,IND,VNM,8431
2959872,106,239,1355,2017.0,0.0,5139236.0,1.444823,0.158356,IRL,VNM,8431
2959873,109,239,1355,2017.0,0.0,172661.0,0.279223,-0.34883600000000003,ISL,VNM,8431
2959874,110,239,1355,2017.0,0.0,154698.0,1.158779,0.8909020000000001,ISR,VNM,8431
2959875,111,239,1355,2017.0,293562.0,10214968.0,1.4374559999999998,0.21079699999999998,ITA,VNM,8431
2959876,114,239,1355,2017.0,66120.0,85295536.0,2.4440779999999998,-0.46107700000000007,JPN,VNM,8431
2959877,115,239,1355,2017.0,0.0,395787.0,-0.47984399999999994,-0.40618699999999996,KAZ,VNM,8431
2959878,116,239,1355,2017.0,0.0,22152.0,-0.549171,0.39358899999999997,KEN,VNM,8431
2959879,117,239,1355,2017.0,0.0,9622.0,0.056509000000000004,0.363176,KGZ,VNM,8431
2959880,118,239,1355,2017.0,48721.0,0.0,-0.654185,-0.655463,KHM,VNM,8431
2959881,121,239,1355,2017.0,201308.0,89906480.0,2.1277470000000003,0.8218719999999999,KOR,VNM,8431
2959882,122,239,1355,2017.0,0.0,271353.0,-0.264903,-1.112018,KWT,VNM,8431
2959883,123,239,1355,2017.0,0.0,193525.0,-0.733135,-0.482756,LAO,VNM,8431
2959884,124,239,1355,2017.0,0.0,1518193.0,0.437192,1.027289,LBN,VNM,8431
2959885,126,239,1355,2017.0,0.0,288559.0,-1.067632,-1.21154,LBY,VNM,8431
2959886,128,239,1355,2017.0,16276.0,426755.0,-0.506691,0.43309200000000003,LKA,VNM,8431
2959887,130,239,1355,2017.0,3493.0,1893.0,0.770556,1.555233,LTU,VNM,8431
2959888,131,239,1355,2017.0,0.0,214665.0,1.1461629999999998,1.434994,LUX,VNM,8431
2959889,133,239,1355,2017.0,1695.0,5627.0,0.33025,-0.008723999999999999,MAC,VNM,8431
2959890,134,239,1355,2017.0,260256.0,191012.0,-0.593987,-0.093414,MAR,VNM,8431
2959891,135,239,1355,2017.0,0.0,43106.0,-0.135731,-0.008816,MDA,VNM,8431
2959892,136,239,1355,2017.0,5060.0,0.0,-1.098631,-0.8503069999999999,MDG,VNM,8431
2959893,138,239,1355,2017.0,0.0,2494980.0,1.348763,0.6145010000000001,MEX,VNM,8431
2959894,140,239,1355,2017.0,3298.0,122520.0,-0.12182799999999999,-0.333793,MKD,VNM,8431
2959895,142,239,1355,2017.0,0.0,13551.0,0.9943420000000001,0.181922,MLT,VNM,8431
2959896,143,239,1355,2017.0,27119.0,58573.0,-0.9113129999999999,-0.21514,MMR,VNM,8431
2959897,144,239,1355,2017.0,0.0,74826.0,0.132462,-0.071601,MNE,VNM,8431
2959898,145,239,1355,2017.0,0.0,156566.0,-1.110506,-1.179734,MNG,VNM,8431
2959899,147,239,1355,2017.0,0.0,2776.0,-1.3967319999999999,-1.1603290000000002,MOZ,VNM,8431
2959900,151,239,1355,2017.0,8222.0,19382.0,-0.166097,-0.050332,MUS,VNM,8431
2959901,153,239,1355,2017.0,2166.0,1040453.0,1.022117,0.6711739999999999,MYS,VNM,8431
2959902,155,239,1355,2017.0,0.0,3384.0,-0.501017,-0.716238,NAM,VNM,8431
2959903,160,239,1355,2017.0,0.0,22594.0,-0.974065,-0.791551,NIC,VNM,8431
2959904,162,239,1355,2017.0,0.0,11771409.0,1.090805,1.452409,NLD,VNM,8431
2959905,163,239,1355,2017.0,0.0,768857.0,0.393228,0.049788,NOR,VNM,8431
2959906,164,239,1355,2017.0,0.0,3806.0,-0.076879,0.530485,NPL,VNM,8431
2959907,166,239,1355,2017.0,4968.0,2452122.0,0.154926,0.10981500000000001,NZL,VNM,8431
2959908,167,239,1355,2017.0,0.0,11934.0,-0.44851199999999997,-0.9820049999999999,OMN,VNM,8431
2959909,168,239,1355,2017.0,12513.0,37424.0,-0.737436,0.345773,PAK,VNM,8431
2959910,169,239,1355,2017.0,0.0,351594.0,0.638093,1.01027,PAN,VNM,8431
2959911,173,239,1355,2017.0,0.0,422439.0,-0.8214469999999999,-0.333306,PER,VNM,8431
2959912,174,239,1355,2017.0,106621.0,110487.0,0.717074,0.224219,PHL,VNM,8431
2959913,177,239,1355,2017.0,5613.0,5076296.0,1.212941,0.917751,POL,VNM,8431
2959914,179,239,1355,2017.0,32663.0,2316.0,0.692908,2.05977,PRT,VNM,8431
2959915,180,239,1355,2017.0,0.0,13492.0,-0.604205,-0.956699,PRY,VNM,8431
2959916,181,239,1355,2017.0,0.0,87501.0,0.22982199999999997,0.768037,PSE,VNM,8431
2959917,183,239,1355,2017.0,0.0,387005.0,-0.42615600000000003,-1.0956489999999999,QAT,VNM,8431
2959918,185,239,1355,2017.0,37673.0,110875.0,1.145161,1.095192,ROU,VNM,8431
2959919,186,239,1355,2017.0,0.0,10902857.0,0.07402,0.248236,RUS,VNM,8431
2959920,188,239,1355,2017.0,0.0,721291.0,0.508031,-0.42373500000000003,SAU,VNM,8431
2959921,190,239,1355,2017.0,0.0,7900.0,-1.488393,-1.236046,SDN,VNM,8431
2959922,192,239,1355,2017.0,54204.0,1679187.0,1.8943720000000002,0.449316,SGP,VNM,8431
2959923,196,239,1355,2017.0,4328.0,0.0,-0.5391520000000001,-0.570954,SLE,VNM,8431
2959924,197,239,1355,2017.0,0.0,34399.0,0.11754,0.363982,SLV,VNM,8431
2959925,201,239,1355,2017.0,0.0,90018.0,0.59312,1.535527,SRB,VNM,8431
2959926,205,239,1355,2017.0,0.0,6378.0,-0.426954,-1.022706,SUR,VNM,8431
2959927,206,239,1355,2017.0,30826.0,2704079.0,1.484316,0.811826,SVK,VNM,8431
2959928,207,239,1355,2017.0,0.0,1372573.0,1.597178,0.753722,SVN,VNM,8431
2959929,208,239,1355,2017.0,2272.0,971498.0,1.695113,0.6885060000000001,SWE,VNM,8431
2959930,216,239,1355,2017.0,67021.0,538724.0,1.15791,1.282718,THA,VNM,8431
2959931,223,239,1355,2017.0,1452.0,8126.0,0.31342600000000004,1.071153,TUN,VNM,8431
2959932,224,239,1355,2017.0,112467.0,3149752.0,0.601079,2.126314,TUR,VNM,8431
2959933,226,239,1355,2017.0,0.0,3912.0,-0.968485,0.137755,TZA,VNM,8431
2959934,228,239,1355,2017.0,0.0,567623.0,0.34780900000000003,1.076817,UKR,VNM,8431
2959935,230,239,1355,2017.0,0.0,109002.0,0.09085900000000001,-0.246694,URY,VNM,8431
2959936,231,239,1355,2017.0,32753.0,124898688.0,1.536355,0.23775100000000002,USA,VNM,8431
2959937,232,239,1355,2017.0,0.0,21854.0,-0.386302,-0.35475999999999996,UZB,VNM,8431
2959938,236,239,1355,2017.0,0.0,986730.0,-1.191942,-1.245689,VEN,VNM,8431
2959939,246,239,1355,2017.0,0.0,2151687.0,-0.048668,1.283483,ZAF,VNM,8431
2959940,249,239,1355,2017.0,3114.0,3985296.0,2.003822,1.215216,TWN,VNM,8431
2959941,250,239,1355,2017.0,370584.0,1062336.0,0.472054,-0.363374,ANS,VNM,8431
2959942,7,247,1355,2017.0,2523.0,0.0,0.222875,-0.204271,ARE,ZMB,8431
2959943,37,247,1355,2017.0,0.0,3705.0,-0.41364700000000004,-1.099512,BWA,ZMB,8431
2959944,43,247,1355,2017.0,175355.0,0.0,1.2888030000000001,0.9250700000000001,CHN,ZMB,8431
2959945,61,247,1355,2017.0,12280.0,0.0,2.164026,-2.458307,DEU,ZMB,8431
2959946,81,247,1355,2017.0,5437.0,0.0,1.499843,1.120201,GBR,ZMB,8431
2959947,104,247,1355,2017.0,9944.0,0.0,0.262126,2.8212040000000003,IND,ZMB,8431
2959948,208,247,1355,2017.0,1986.0,0.0,1.695113,0.6885060000000001,SWE,ZMB,8431
2959949,209,247,1355,2017.0,7779.0,0.0,-0.0795,-0.5055270000000001,SWZ,ZMB,8431
2959950,216,247,1355,2017.0,4079.0,0.0,1.15791,1.282718,THA,ZMB,8431
2959951,224,247,1355,2017.0,5224.0,0.0,0.601079,2.126314,TUR,ZMB,8431
2959952,246,247,1355,2017.0,199569.0,0.0,-0.048668,1.283483,ZAF,ZMB,8431
2959953,248,247,1355,2017.0,8206.0,0.0,-1.101034,-1.107705,ZWE,ZMB,8431
2959954,249,247,1355,2017.0,4327.0,0.0,2.003822,1.215216,TWN,ZMB,8431
2959955,37,248,1355,2017.0,1122.0,0.0,-0.41364700000000004,-1.099512,BWA,ZWE,8431
2959956,43,248,1355,2017.0,428887.0,0.0,1.2888030000000001,0.9250700000000001,CHN,ZWE,8431
2959957,104,248,1355,2017.0,14209.0,0.0,0.262126,2.8212040000000003,IND,ZWE,8431
2959958,224,248,1355,2017.0,7207.0,0.0,0.601079,2.126314,TUR,ZWE,8431
2959959,231,248,1355,2017.0,2374.0,0.0,1.536355,0.23775100000000002,USA,ZWE,8431
2959960,246,248,1355,2017.0,106754.0,5968.0,-0.048668,1.283483,ZAF,ZWE,8431
2959961,247,248,1355,2017.0,0.0,8206.0,-0.763066,-0.9292530000000001,ZMB,ZWE,8431
2959962,250,248,1355,2017.0,0.0,10772.0,0.472054,-0.363374,ANS,ZWE,8431
2959963,4,9,1355,2017.0,18232.0,0.0,-0.351054,-0.193147,ALB,ARM,8431
2959964,7,9,1355,2017.0,4474.0,31931.0,0.222875,-0.204271,ARE,ARM,8431
2959965,14,9,1355,2017.0,0.0,51687.0,-0.598537,-0.23571,AUS,ARM,8431
2959966,15,9,1355,2017.0,16415.0,0.0,1.722766,-0.077938,AUT,ARM,8431
2959967,22,9,1355,2017.0,47605.0,0.0,-1.007846,-1.112069,BGD,ARM,8431
2959968,23,9,1355,2017.0,154343.0,0.0,0.563342,1.744989,BGR,ARM,8431
2959969,26,9,1355,2017.0,9009.0,0.0,0.584825,0.9219,BIH,ARM,8431
2959970,28,9,1355,2017.0,5430.0,0.0,0.9188780000000001,0.9998819999999999,BLR,ARM,8431
2959971,32,9,1355,2017.0,0.0,19729.0,0.103119,0.808438,BRA,ARM,8431
2959972,39,9,1355,2017.0,2808.0,64295.0,0.661032,1.331443,CAN,ARM,8431
2959973,41,9,1355,2017.0,0.0,67109.0,2.2443459999999997,0.836363,CHE,ARM,8431
2959974,43,9,1355,2017.0,1893817.0,5030240.0,1.2888030000000001,0.9250700000000001,CHN,ARM,8431
2959975,59,9,1355,2017.0,1480.0,18567.0,1.8494680000000001,0.150088,CZE,ARM,8431
2959976,61,9,1355,2017.0,177830.0,590681.0,2.164026,-2.458307,DEU,ARM,8431
2959977,64,9,1355,2017.0,0.0,1204.0,1.143276,1.242437,DNK,ARM,8431
2959978,71,9,1355,2017.0,312328.0,4525.0,0.7720279999999999,2.434042,ESP,ARM,8431
2959979,72,9,1355,2017.0,4083.0,0.0,1.004481,1.311075,EST,ARM,8431
2959980,74,9,1355,2017.0,0.0,18872.0,1.6562990000000002,0.94619,FIN,ARM,8431
2959981,77,9,1355,2017.0,68829.0,42056.0,1.3874030000000002,0.8887719999999999,FRA,ARM,8431
2959982,81,9,1355,2017.0,7188.0,0.0,1.499843,1.120201,GBR,ARM,8431
2959983,82,9,1355,2017.0,74335.0,12749.0,-0.252287,-0.172336,GEO,ARM,8431
2959984,97,9,1355,2017.0,99584.0,0.0,0.877065,1.1615520000000001,HKG,ARM,8431
2959985,100,9,1355,2017.0,1875.0,0.0,0.8933700000000001,1.4400469999999999,HRV,ARM,8431
2959986,102,9,1355,2017.0,7469.0,4335.0,1.6949029999999998,0.723915,HUN,ARM,8431
2959987,103,9,1355,2017.0,2181.0,0.0,-0.072977,1.376847,IDN,ARM,8431
2959988,104,9,1355,2017.0,5048.0,0.0,0.262126,2.8212040000000003,IND,ARM,8431
2959989,111,9,1355,2017.0,291653.0,14770290.0,1.4374559999999998,0.21079699999999998,ITA,ARM,8431
2959990,114,9,1355,2017.0,0.0,2296447.0,2.4440779999999998,-0.46107700000000007,JPN,ARM,8431
2959991,118,9,1355,2017.0,30647.0,0.0,-0.654185,-0.655463,KHM,ARM,8431
2959992,121,9,1355,2017.0,0.0,1342651.0,2.1277470000000003,0.8218719999999999,KOR,ARM,8431
2959993,124,9,1355,2017.0,0.0,1772.0,0.437192,1.027289,LBN,ARM,8431
2959994,128,9,1355,2017.0,3379.0,0.0,-0.506691,0.43309200000000003,LKA,ARM,8431
2959995,130,9,1355,2017.0,192410.0,0.0,0.770556,1.555233,LTU,ARM,8431
2959996,134,9,1355,2017.0,43831.0,0.0,-0.593987,-0.093414,MAR,ARM,8431
2959997,135,9,1355,2017.0,22763.0,0.0,-0.135731,-0.008816,MDA,ARM,8431
2959998,140,9,1355,2017.0,5397.0,0.0,-0.12182799999999999,-0.333793,MKD,ARM,8431
