,location_id,partner_id,product_id,year,export_value,import_value,sitc_eci,sitc_coi,location_code,partner_code,sitc_product_code
0,0,15,696,1997.0,0.0,2064.0,-1.338982,-0.866526,ABW,AUT,0484
1,7,15,696,1997.0,0.0,118986.0,-0.317351,-0.8786510000000001,ARE,AUT,0484
2,14,15,696,1997.0,0.0,51429.0,-0.033861,0.647668,AUS,AUT,0484
3,16,15,696,1997.0,0.0,15393.0,0.28532199999999996,-0.00025299999999999997,AZE,AUT,0484
4,18,15,696,1997.0,12923757.0,1450758.0,1.470183,1.312167,BEL,AUT,0484
5,23,15,696,1997.0,6104.0,83747.0,0.523226,1.4133959999999999,BGR,AUT,0484
6,26,15,696,1997.0,0.0,421398.0,0.517231,0.321515,BIH,AUT,0484
7,32,15,696,1997.0,0.0,160126.0,0.805759,1.249182,BRA,AUT,0484
8,39,15,696,1997.0,0.0,408953.0,0.928586,1.3413389999999998,CAN,AUT,0484
9,41,15,696,1997.0,4488312.0,7023014.0,2.327788,0.682804,CHE,AUT,0484
10,42,15,696,1997.0,0.0,2812.0,-0.06841799999999999,-0.21526199999999998,CHL,AUT,0484
11,43,15,696,1997.0,3155.0,5024.0,0.380294,2.389738,CHN,AUT,0484
12,58,15,696,1997.0,0.0,35540.0,0.45144700000000004,0.46707600000000005,CYP,AUT,0484
13,59,15,696,1997.0,1536153.0,2213443.0,1.450452,1.031814,CZE,AUT,0484
14,61,15,696,1997.0,146721152.0,73195168.0,2.360316,-2.655514,DEU,AUT,0484
15,64,15,696,1997.0,738939.0,2416775.0,1.422606,1.395373,DNK,AUT,0484
16,68,15,696,1997.0,0.0,7475.0,-0.34861,0.005477,EGY,AUT,0484
17,71,15,696,1997.0,651538.0,522452.0,1.068989,1.9429439999999998,ESP,AUT,0484
18,72,15,696,1997.0,0.0,149417.0,0.45792,1.148099,EST,AUT,0484
19,74,15,696,1997.0,114144.0,261705.0,1.991377,1.047477,FIN,AUT,0484
20,77,15,696,1997.0,4883144.0,1919375.0,1.6737630000000001,0.7499439999999999,FRA,AUT,0484
21,81,15,696,1997.0,2520198.0,5521774.0,1.9742490000000001,0.7046359999999999,GBR,AUT,0484
22,82,15,696,1997.0,0.0,7966.0,0.347408,0.106341,GEO,AUT,0484
23,90,15,696,1997.0,1040232.0,2874920.0,0.225904,1.291959,GRC,AUT,0484
24,97,15,696,1997.0,0.0,70314.0,0.475945,1.7576919999999998,HKG,AUT,0484
25,100,15,696,1997.0,47582.0,2148761.0,0.61283,1.321775,HRV,AUT,0484
26,102,15,696,1997.0,1682874.0,1322653.0,0.9121799999999999,1.55321,HUN,AUT,0484
27,103,15,696,1997.0,21312.0,1051.0,-0.21049600000000002,1.318692,IDN,AUT,0484
28,106,15,696,1997.0,171843.0,177110.0,1.579974,1.018361,IRL,AUT,0484
29,107,15,696,1997.0,15484.0,0.0,-0.8911190000000001,-1.085849,IRN,AUT,0484
30,109,15,696,1997.0,0.0,8901.0,0.33665700000000004,-0.42348,ISL,AUT,0484
31,110,15,696,1997.0,33098.0,67566.0,1.404901,1.072135,ISR,AUT,0484
32,111,15,696,1997.0,25156008.0,3074738.0,1.596917,0.8313959999999999,ITA,AUT,0484
33,114,15,696,1997.0,6166.0,192605.0,2.771316,0.545821,JPN,AUT,0484
34,115,15,696,1997.0,0.0,2399.0,0.302596,-0.028221,KAZ,AUT,0484
35,121,15,696,1997.0,3910.0,63597.0,1.2642,1.164231,KOR,AUT,0484
36,122,15,696,1997.0,0.0,16298.0,-1.0192139999999998,-1.193627,KWT,AUT,0484
37,124,15,696,1997.0,0.0,22650.0,0.28229299999999996,1.0650549999999999,LBN,AUT,0484
38,130,15,696,1997.0,0.0,29535.0,0.360579,1.382816,LTU,AUT,0484
39,132,15,696,1997.0,0.0,7356.0,0.332958,0.51665,LVA,AUT,0484
40,133,15,696,1997.0,0.0,1028.0,-0.061292,-0.44707399999999997,MAC,AUT,0484
41,140,15,696,1997.0,0.0,25953.0,0.297389,0.735171,MKD,AUT,0484
42,142,15,696,1997.0,0.0,9508.0,1.1063180000000001,0.377209,MLT,AUT,0484
43,153,15,696,1997.0,0.0,18588.0,0.526754,0.33065700000000003,MYS,AUT,0484
44,162,15,696,1997.0,4694803.0,3580631.0,1.327106,1.520932,NLD,AUT,0484
45,163,15,696,1997.0,88516.0,1005061.0,0.857735,0.061844,NOR,AUT,0484
46,167,15,696,1997.0,0.0,23533.0,-0.233342,-0.9922049999999999,OMN,AUT,0484
47,177,15,696,1997.0,1727.0,1220553.0,0.8447319999999999,2.000241,POL,AUT,0484
48,179,15,696,1997.0,560489.0,77847.0,0.496633,1.025231,PRT,AUT,0484
49,185,15,696,1997.0,29751.0,150386.0,0.666251,1.31932,ROU,AUT,0484
50,186,15,696,1997.0,210142.0,1782955.0,0.572773,0.375446,RUS,AUT,0484
51,188,15,696,1997.0,0.0,240017.0,-0.300809,-1.0455,SAU,AUT,0484
52,189,15,696,1997.0,3077.0,536496.0,0.626724,1.7948549999999999,SCG,AUT,0484
53,192,15,696,1997.0,7886.0,0.0,1.1946700000000001,0.30503600000000003,SGP,AUT,0484
54,199,15,696,1997.0,0.0,1913.0,-0.66794,-0.8626299999999999,SOM,AUT,0484
55,206,15,696,1997.0,35557.0,535475.0,1.265691,1.368739,SVK,AUT,0484
56,207,15,696,1997.0,31362.0,3597554.0,1.449492,1.253379,SVN,AUT,0484
57,208,15,696,1997.0,1807836.0,816184.0,2.0806709999999997,0.9541219999999999,SWE,AUT,0484
58,212,15,696,1997.0,5655.0,7686.0,-0.932127,-0.963823,SYR,AUT,0484
59,216,15,696,1997.0,9549.0,0.0,0.216402,1.366618,THA,AUT,0484
60,223,15,696,1997.0,1462.0,0.0,-0.187276,-0.21877600000000003,TUN,AUT,0484
61,224,15,696,1997.0,200537.0,85168.0,0.154428,1.7573880000000002,TUR,AUT,0484
62,228,15,696,1997.0,0.0,46959.0,0.7384539999999999,1.096947,UKR,AUT,0484
63,231,15,696,1997.0,367420.0,2961382.0,1.875847,0.46257299999999996,USA,AUT,0484
64,236,15,696,1997.0,0.0,2889.0,-0.137776,-0.750744,VEN,AUT,0484
65,243,15,696,1997.0,0.0,32760.0,-1.665484,-1.292243,YEM,AUT,0484
66,246,15,696,1997.0,0.0,13635.0,0.29381199999999996,1.276557,ZAF,AUT,0484
67,249,15,696,1997.0,10623.0,207199.0,1.557128,1.434424,TWN,AUT,0484
68,0,18,696,1997.0,0.0,4699.0,-1.338982,-0.866526,ABW,BEL,0484
69,2,18,696,1997.0,0.0,4079.0,-1.800252,-1.237594,AGO,BEL,0484
70,4,18,696,1997.0,0.0,2615.0,-0.375654,-0.124279,ALB,BEL,0484
71,5,18,696,1997.0,0.0,148343.0,1.097696,0.751235,AND,BEL,0484
72,6,18,696,1997.0,0.0,16299.0,-0.027541000000000003,-0.56389,ANT,BEL,0484
73,7,18,696,1997.0,0.0,1312048.0,-0.317351,-0.8786510000000001,ARE,BEL,0484
74,8,18,696,1997.0,0.0,154505.0,0.072589,0.965456,ARG,BEL,0484
75,9,18,696,1997.0,0.0,110795.0,0.818788,0.226075,ARM,BEL,0484
76,14,18,696,1997.0,0.0,9332258.0,-0.033861,0.647668,AUS,BEL,0484
77,15,18,696,1997.0,1450758.0,12923757.0,1.904005,0.445169,AUT,BEL,0484
78,16,18,696,1997.0,0.0,131663.0,0.28532199999999996,-0.00025299999999999997,AZE,BEL,0484
79,17,18,696,1997.0,0.0,28565.0,-1.5636430000000001,-1.0257479999999999,BDI,BEL,0484
80,21,18,696,1997.0,0.0,4064.0,-0.329098,-0.885215,BFA,BEL,0484
81,23,18,696,1997.0,0.0,111335.0,0.523226,1.4133959999999999,BGR,BEL,0484
82,24,18,696,1997.0,0.0,162705.0,-0.44965,-1.035584,BHR,BEL,0484
83,26,18,696,1997.0,0.0,346379.0,0.517231,0.321515,BIH,BEL,0484
84,28,18,696,1997.0,0.0,543035.0,0.716832,0.706486,BLR,BEL,0484
85,32,18,696,1997.0,4554.0,2799872.0,0.805759,1.249182,BRA,BEL,0484
86,34,18,696,1997.0,0.0,14042.0,-0.443665,-0.825732,BRN,BEL,0484
87,39,18,696,1997.0,149425.0,14975223.0,0.928586,1.3413389999999998,CAN,BEL,0484
88,41,18,696,1997.0,1869399.0,2939356.0,2.327788,0.682804,CHE,BEL,0484
89,42,18,696,1997.0,0.0,24703.0,-0.06841799999999999,-0.21526199999999998,CHL,BEL,0484
90,43,18,696,1997.0,57889.0,70226.0,0.380294,2.389738,CHN,BEL,0484
91,44,18,696,1997.0,0.0,57065.0,-0.647407,-0.603726,CIV,BEL,0484
92,45,18,696,1997.0,0.0,48690.0,-1.0663340000000001,-1.047091,CMR,BEL,0484
93,46,18,696,1997.0,0.0,290674.0,-1.092385,-1.074017,COD,BEL,0484
94,47,18,696,1997.0,0.0,30651.0,-1.484108,-1.2106190000000001,COG,BEL,0484
95,49,18,696,1997.0,2995.0,0.0,0.023456,0.057771,COL,BEL,0484
96,50,18,696,1997.0,0.0,2035.0,0.44647200000000004,-0.524514,COM,BEL,0484
97,51,18,696,1997.0,0.0,1902.0,1.1987079999999999,0.084231,CPV,BEL,0484
98,58,18,696,1997.0,0.0,514353.0,0.45144700000000004,0.46707600000000005,CYP,BEL,0484
99,59,18,696,1997.0,474255.0,3461933.0,1.450452,1.031814,CZE,BEL,0484
100,61,18,696,1997.0,71499656.0,115606136.0,2.360316,-2.655514,DEU,BEL,0484
101,62,18,696,1997.0,0.0,297761.0,0.388331,0.05764299999999999,DJI,BEL,0484
102,63,18,696,1997.0,0.0,20947.0,0.786473,0.43483999999999995,DMA,BEL,0484
103,64,18,696,1997.0,2140912.0,5601572.0,1.422606,1.395373,DNK,BEL,0484
104,65,18,696,1997.0,0.0,8438.0,-0.5140170000000001,-0.564107,DOM,BEL,0484
105,66,18,696,1997.0,0.0,14973.0,-0.8557879999999999,-1.150101,DZA,BEL,0484
106,67,18,696,1997.0,0.0,50372.0,-1.124002,-1.0084549999999999,ECU,BEL,0484
107,68,18,696,1997.0,0.0,40882.0,-0.34861,0.005477,EGY,BEL,0484
108,71,18,696,1997.0,6459502.0,9594738.0,1.068989,1.9429439999999998,ESP,BEL,0484
109,72,18,696,1997.0,0.0,1282031.0,0.45792,1.148099,EST,BEL,0484
110,74,18,696,1997.0,224486.0,4248200.0,1.991377,1.047477,FIN,BEL,0484
111,77,18,696,1997.0,159715008.0,200718752.0,1.6737630000000001,0.7499439999999999,FRA,BEL,0484
112,80,18,696,1997.0,0.0,39975.0,-1.277642,-1.178244,GAB,BEL,0484
113,81,18,696,1997.0,21860536.0,87478576.0,1.9742490000000001,0.7046359999999999,GBR,BEL,0484
114,82,18,696,1997.0,0.0,114131.0,0.347408,0.106341,GEO,BEL,0484
115,83,18,696,1997.0,0.0,63616.0,-1.03989,-0.979039,GHA,BEL,0484
116,84,18,696,1997.0,0.0,52227.0,0.643548,-0.164009,GIB,BEL,0484
117,85,18,696,1997.0,0.0,13180.0,-1.223583,-1.14157,GIN,BEL,0484
118,87,18,696,1997.0,0.0,3441.0,-0.686094,-0.8130609999999999,GMB,BEL,0484
119,90,18,696,1997.0,203602.0,2081844.0,0.225904,1.291959,GRC,BEL,0484
120,92,18,696,1997.0,0.0,8121.0,-0.7822520000000001,-0.906492,GRL,BEL,0484
121,97,18,696,1997.0,9725.0,8797751.0,0.475945,1.7576919999999998,HKG,BEL,0484
122,99,18,696,1997.0,13125.0,0.0,-0.7449319999999999,-0.50008,HND,BEL,0484
123,100,18,696,1997.0,0.0,869223.0,0.61283,1.321775,HRV,BEL,0484
124,102,18,696,1997.0,126221.0,1991208.0,0.9121799999999999,1.55321,HUN,BEL,0484
125,103,18,696,1997.0,0.0,100938.0,-0.21049600000000002,1.318692,IDN,BEL,0484
126,104,18,696,1997.0,16311.0,13651.0,0.150788,2.027932,IND,BEL,0484
127,106,18,696,1997.0,1230553.0,4818405.0,1.579974,1.018361,IRL,BEL,0484
128,109,18,696,1997.0,6536.0,831802.0,0.33665700000000004,-0.42348,ISL,BEL,0484
129,110,18,696,1997.0,574344.0,3519356.0,1.404901,1.072135,ISR,BEL,0484
130,111,18,696,1997.0,25529312.0,9551990.0,1.596917,0.8313959999999999,ITA,BEL,0484
131,113,18,696,1997.0,0.0,123249.0,0.641787,0.484512,JOR,BEL,0484
132,114,18,696,1997.0,110420.0,2702977.0,2.771316,0.545821,JPN,BEL,0484
133,115,18,696,1997.0,0.0,1361413.0,0.302596,-0.028221,KAZ,BEL,0484
134,116,18,696,1997.0,0.0,21218.0,-0.363967,0.218183,KEN,BEL,0484
135,118,18,696,1997.0,0.0,58844.0,-1.3386770000000001,-1.2547110000000001,KHM,BEL,0484
136,121,18,696,1997.0,12092.0,6883828.0,1.2642,1.164231,KOR,BEL,0484
137,122,18,696,1997.0,0.0,861700.0,-1.0192139999999998,-1.193627,KWT,BEL,0484
138,124,18,696,1997.0,0.0,1921244.0,0.28229299999999996,1.0650549999999999,LBN,BEL,0484
139,126,18,696,1997.0,0.0,42109.0,-0.662351,-1.1515309999999999,LBY,BEL,0484
140,128,18,696,1997.0,0.0,62335.0,-0.6467470000000001,-0.27831300000000003,LKA,BEL,0484
141,130,18,696,1997.0,0.0,2306789.0,0.360579,1.382816,LTU,BEL,0484
142,132,18,696,1997.0,0.0,714114.0,0.332958,0.51665,LVA,BEL,0484
143,134,18,696,1997.0,2099.0,59755.0,-0.635337,-0.336298,MAR,BEL,0484
144,135,18,696,1997.0,0.0,56526.0,0.14225,-0.250556,MDA,BEL,0484
145,136,18,696,1997.0,0.0,71800.0,-1.090898,-0.605175,MDG,BEL,0484
146,137,18,696,1997.0,0.0,10709.0,-1.0046620000000002,-1.0400340000000001,MDV,BEL,0484
147,138,18,696,1997.0,6185.0,217429.0,0.7735350000000001,0.9161590000000001,MEX,BEL,0484
148,140,18,696,1997.0,0.0,25132.0,0.297389,0.735171,MKD,BEL,0484
149,142,18,696,1997.0,0.0,295221.0,1.1063180000000001,0.377209,MLT,BEL,0484
150,145,18,696,1997.0,0.0,3614.0,-0.569797,-0.9604370000000001,MNG,BEL,0484
151,151,18,696,1997.0,0.0,176697.0,-0.42358999999999997,-0.680841,MUS,BEL,0484
152,153,18,696,1997.0,23902.0,579132.0,0.526754,0.33065700000000003,MYS,BEL,0484
153,156,18,696,1997.0,0.0,133884.0,-0.600665,-0.8788389999999999,NCL,BEL,0484
154,157,18,696,1997.0,0.0,11228.0,-0.31505500000000003,-0.542254,NER,BEL,0484
155,159,18,696,1997.0,0.0,20074.0,-1.8354990000000002,-1.246493,NGA,BEL,0484
156,162,18,696,1997.0,86763648.0,95133752.0,1.327106,1.520932,NLD,BEL,0484
157,163,18,696,1997.0,6178.0,438638.0,0.857735,0.061844,NOR,BEL,0484
158,166,18,696,1997.0,0.0,166400.0,0.372052,0.764854,NZL,BEL,0484
159,167,18,696,1997.0,0.0,50946.0,-0.233342,-0.9922049999999999,OMN,BEL,0484
160,168,18,696,1997.0,0.0,39002.0,-0.844282,-0.602616,PAK,BEL,0484
161,174,18,696,1997.0,2681.0,2888550.0,0.044834,0.024782,PHL,BEL,0484
162,177,18,696,1997.0,64597.0,5569256.0,0.8447319999999999,2.000241,POL,BEL,0484
163,179,18,696,1997.0,135878.0,1731207.0,0.496633,1.025231,PRT,BEL,0484
164,182,18,696,1997.0,0.0,171088.0,0.431432,-0.5432020000000001,PYF,BEL,0484
165,183,18,696,1997.0,0.0,143809.0,-1.1276760000000001,-1.233235,QAT,BEL,0484
166,185,18,696,1997.0,0.0,200857.0,0.666251,1.31932,ROU,BEL,0484
167,186,18,696,1997.0,0.0,41404168.0,0.572773,0.375446,RUS,BEL,0484
168,187,18,696,1997.0,0.0,16251.0,-0.337464,-0.8656,RWA,BEL,0484
169,188,18,696,1997.0,20321.0,4367200.0,-0.300809,-1.0455,SAU,BEL,0484
170,189,18,696,1997.0,0.0,202702.0,0.626724,1.7948549999999999,SCG,BEL,0484
171,190,18,696,1997.0,0.0,1690.0,-1.248538,-1.197904,SDN,BEL,0484
172,191,18,696,1997.0,0.0,29533.0,-0.660837,-0.768874,SEN,BEL,0484
173,192,18,696,1997.0,74353.0,2393232.0,1.1946700000000001,0.30503600000000003,SGP,BEL,0484
174,196,18,696,1997.0,0.0,19142.0,-0.279858,-0.632066,SLE,BEL,0484
175,200,18,696,1997.0,0.0,4852.0,0.514622,-0.220802,SPM,BEL,0484
176,205,18,696,1997.0,0.0,152619.0,-1.125928,-0.980981,SUR,BEL,0484
177,206,18,696,1997.0,16587.0,906390.0,1.265691,1.368739,SVK,BEL,0484
178,207,18,696,1997.0,0.0,742873.0,1.449492,1.253379,SVN,BEL,0484
179,208,18,696,1997.0,1613989.0,6391374.0,2.0806709999999997,0.9541219999999999,SWE,BEL,0484
180,215,18,696,1997.0,0.0,20236.0,-0.881602,-0.81079,TGO,BEL,0484
181,216,18,696,1997.0,21313.0,1992222.0,0.216402,1.366618,THA,BEL,0484
182,219,18,696,1997.0,0.0,213685.0,-0.580361,-1.071587,TKM,BEL,0484
183,223,18,696,1997.0,12734.0,76655.0,-0.187276,-0.21877600000000003,TUN,BEL,0484
184,224,18,696,1997.0,217576.0,3982827.0,0.154428,1.7573880000000002,TUR,BEL,0484
185,226,18,696,1997.0,0.0,6826.0,-1.243443,-0.537161,TZA,BEL,0484
186,227,18,696,1997.0,0.0,5525.0,-1.175585,-1.017807,UGA,BEL,0484
187,228,18,696,1997.0,0.0,1760402.0,0.7384539999999999,1.096947,UKR,BEL,0484
188,231,18,696,1997.0,1772928.0,42466720.0,1.875847,0.46257299999999996,USA,BEL,0484
189,232,18,696,1997.0,0.0,5178.0,-0.134113,-0.791415,UZB,BEL,0484
190,239,18,696,1997.0,164099.0,0.0,-0.67516,0.251436,VNM,BEL,0484
191,243,18,696,1997.0,0.0,50299.0,-1.665484,-1.292243,YEM,BEL,0484
192,246,18,696,1997.0,0.0,4967429.0,0.29381199999999996,1.276557,ZAF,BEL,0484
193,247,18,696,1997.0,0.0,10166.0,-0.8659309999999999,-0.88536,ZMB,BEL,0484
194,249,18,696,1997.0,19656.0,2380791.0,1.557128,1.434424,TWN,BEL,0484
195,250,18,696,1997.0,0.0,30249.0,1.004537,0.782725,ANS,BEL,0484
196,32,25,696,1997.0,0.0,25513.0,0.805759,1.249182,BRA,BHS,0484
197,39,25,696,1997.0,2830.0,0.0,0.928586,1.3413389999999998,CAN,BHS,0484
198,64,25,696,1997.0,100969.0,0.0,1.422606,1.395373,DNK,BHS,0484
199,72,25,696,1997.0,6342.0,0.0,0.45792,1.148099,EST,BHS,0484
200,77,25,696,1997.0,1148.0,0.0,1.6737630000000001,0.7499439999999999,FRA,BHS,0484
201,81,25,696,1997.0,1562262.0,0.0,1.9742490000000001,0.7046359999999999,GBR,BHS,0484
202,90,25,696,1997.0,8851.0,0.0,0.225904,1.291959,GRC,BHS,0484
203,112,25,696,1997.0,6450.0,0.0,-0.6338739999999999,-0.838622,JAM,BHS,0484
204,186,25,696,1997.0,44225.0,0.0,0.572773,0.375446,RUS,BHS,0484
205,231,25,696,1997.0,3496901.0,46197.0,1.875847,0.46257299999999996,USA,BHS,0484
206,39,30,696,1997.0,61188.0,0.0,0.928586,1.3413389999999998,CAN,BMU,0484
207,64,30,696,1997.0,7124.0,0.0,1.422606,1.395373,DNK,BMU,0484
208,77,30,696,1997.0,1242.0,0.0,1.6737630000000001,0.7499439999999999,FRA,BMU,0484
209,81,30,696,1997.0,683732.0,0.0,1.9742490000000001,0.7046359999999999,GBR,BMU,0484
210,97,30,696,1997.0,14053.0,0.0,0.475945,1.7576919999999998,HKG,BMU,0484
211,106,30,696,1997.0,6286.0,0.0,1.579974,1.018361,IRL,BMU,0484
212,111,30,696,1997.0,4303.0,0.0,1.596917,0.8313959999999999,ITA,BMU,0484
213,112,30,696,1997.0,3589.0,0.0,-0.6338739999999999,-0.838622,JAM,BMU,0484
214,162,30,696,1997.0,1455.0,0.0,1.327106,1.520932,NLD,BMU,0484
215,231,30,696,1997.0,13372671.0,0.0,1.875847,0.46257299999999996,USA,BMU,0484
216,3,33,696,1997.0,0.0,48191.0,1.506348,0.734825,AIA,BRB,0484
217,6,33,696,1997.0,0.0,52632.0,-0.027541000000000003,-0.56389,ANT,BRB,0484
218,13,33,696,1997.0,5639.0,370734.0,0.545288,-0.20344500000000001,ATG,BRB,0484
219,29,33,696,1997.0,0.0,31518.0,-0.640252,-0.833937,BLZ,BRB,0484
220,39,33,696,1997.0,50799.0,30304.0,0.928586,1.3413389999999998,CAN,BRB,0484
221,61,33,696,1997.0,0.0,17130.0,2.360316,-2.655514,DEU,BRB,0484
222,63,33,696,1997.0,9749.0,149861.0,0.786473,0.43483999999999995,DMA,BRB,0484
223,64,33,696,1997.0,52317.0,0.0,1.422606,1.395373,DNK,BRB,0484
224,77,33,696,1997.0,8486.0,267109.0,1.6737630000000001,0.7499439999999999,FRA,BRB,0484
225,81,33,696,1997.0,140438.0,0.0,1.9742490000000001,0.7046359999999999,GBR,BRB,0484
226,91,33,696,1997.0,0.0,76569.0,0.235056,-0.254481,GRD,BRB,0484
227,96,33,696,1997.0,0.0,108021.0,-0.5991029999999999,-0.769726,GUY,BRB,0484
228,104,33,696,1997.0,5875.0,0.0,0.150788,2.027932,IND,BRB,0484
229,111,33,696,1997.0,1054.0,0.0,1.596917,0.8313959999999999,ITA,BRB,0484
230,112,33,696,1997.0,228223.0,867129.0,-0.6338739999999999,-0.838622,JAM,BRB,0484
231,120,33,696,1997.0,0.0,30980.0,0.988031,-0.142999,KNA,BRB,0484
232,127,33,696,1997.0,0.0,339648.0,-0.193429,-0.606627,LCA,BRB,0484
233,149,33,696,1997.0,0.0,8893.0,0.65475,-0.492921,MSR,BRB,0484
234,162,33,696,1997.0,17482.0,2792.0,1.327106,1.520932,NLD,BRB,0484
235,222,33,696,1997.0,1556812.0,164580.0,0.051947,-0.405412,TTO,BRB,0484
236,231,33,696,1997.0,128246.0,309011.0,1.875847,0.46257299999999996,USA,BRB,0484
237,234,33,696,1997.0,0.0,140575.0,0.059354,-0.545099,VCT,BRB,0484
238,236,33,696,1997.0,1877.0,0.0,-0.137776,-0.750744,VEN,BRB,0484
239,237,33,696,1997.0,0.0,21385.0,0.295493,-0.444064,VGB,BRB,0484
240,7,43,696,1997.0,5215.0,42769.0,-0.317351,-0.8786510000000001,ARE,CHN,0484
241,8,43,696,1997.0,10275.0,0.0,0.072589,0.965456,ARG,CHN,0484
242,14,43,696,1997.0,104627.0,2023701.0,-0.033861,0.647668,AUS,CHN,0484
243,15,43,696,1997.0,5024.0,3155.0,1.904005,0.445169,AUT,CHN,0484
244,18,43,696,1997.0,70226.0,57889.0,1.470183,1.312167,BEL,CHN,0484
245,34,43,696,1997.0,0.0,4405.0,-0.443665,-0.825732,BRN,CHN,0484
246,39,43,696,1997.0,51569.0,527317.0,0.928586,1.3413389999999998,CAN,CHN,0484
247,41,43,696,1997.0,21732.0,442590.0,2.327788,0.682804,CHE,CHN,0484
248,42,43,696,1997.0,5450.0,0.0,-0.06841799999999999,-0.21526199999999998,CHL,CHN,0484
249,44,43,696,1997.0,0.0,4360.0,-0.647407,-0.603726,CIV,CHN,0484
250,45,43,696,1997.0,0.0,3613.0,-1.0663340000000001,-1.047091,CMR,CHN,0484
251,47,43,696,1997.0,0.0,67402.0,-1.484108,-1.2106190000000001,COG,CHN,0484
252,61,43,696,1997.0,193747.0,163225.0,2.360316,-2.655514,DEU,CHN,0484
253,63,43,696,1997.0,0.0,2964.0,0.786473,0.43483999999999995,DMA,CHN,0484
254,64,43,696,1997.0,119695.0,12411.0,1.422606,1.395373,DNK,CHN,0484
255,67,43,696,1997.0,0.0,10113.0,-1.124002,-1.0084549999999999,ECU,CHN,0484
256,71,43,696,1997.0,38673.0,26324.0,1.068989,1.9429439999999998,ESP,CHN,0484
257,74,43,696,1997.0,1652.0,2647.0,1.991377,1.047477,FIN,CHN,0484
258,77,43,696,1997.0,7707.0,136675.0,1.6737630000000001,0.7499439999999999,FRA,CHN,0484
259,81,43,696,1997.0,468803.0,524019.0,1.9742490000000001,0.7046359999999999,GBR,CHN,0484
260,82,43,696,1997.0,0.0,5418.0,0.347408,0.106341,GEO,CHN,0484
261,90,43,696,1997.0,0.0,135145.0,0.225904,1.291959,GRC,CHN,0484
262,97,43,696,1997.0,5029189.0,27614266.0,0.475945,1.7576919999999998,HKG,CHN,0484
263,102,43,696,1997.0,2562.0,2498.0,0.9121799999999999,1.55321,HUN,CHN,0484
264,103,43,696,1997.0,129150.0,651717.0,-0.21049600000000002,1.318692,IDN,CHN,0484
265,104,43,696,1997.0,2670.0,0.0,0.150788,2.027932,IND,CHN,0484
266,106,43,696,1997.0,0.0,9084.0,1.579974,1.018361,IRL,CHN,0484
267,110,43,696,1997.0,0.0,26668.0,1.404901,1.072135,ISR,CHN,0484
268,111,43,696,1997.0,501866.0,50726.0,1.596917,0.8313959999999999,ITA,CHN,0484
269,114,43,696,1997.0,364130.0,13037404.0,2.771316,0.545821,JPN,CHN,0484
270,115,43,696,1997.0,0.0,13412.0,0.302596,-0.028221,KAZ,CHN,0484
271,118,43,696,1997.0,0.0,3624.0,-1.3386770000000001,-1.2547110000000001,KHM,CHN,0484
272,121,43,696,1997.0,963711.0,2329935.0,1.2642,1.164231,KOR,CHN,0484
273,123,43,696,1997.0,0.0,1500.0,-0.81187,-0.851834,LAO,CHN,0484
274,124,43,696,1997.0,0.0,45701.0,0.28229299999999996,1.0650549999999999,LBN,CHN,0484
275,133,43,696,1997.0,18392.0,902739.0,-0.061292,-0.44707399999999997,MAC,CHN,0484
276,136,43,696,1997.0,0.0,2003.0,-1.090898,-0.605175,MDG,CHN,0484
277,138,43,696,1997.0,0.0,24694.0,0.7735350000000001,0.9161590000000001,MEX,CHN,0484
278,143,43,696,1997.0,0.0,231514.0,-1.222694,-0.9493,MMR,CHN,0484
279,145,43,696,1997.0,0.0,90683.0,-0.569797,-0.9604370000000001,MNG,CHN,0484
280,153,43,696,1997.0,684526.0,283094.0,0.526754,0.33065700000000003,MYS,CHN,0484
281,159,43,696,1997.0,0.0,31125.0,-1.8354990000000002,-1.246493,NGA,CHN,0484
282,162,43,696,1997.0,100079.0,1644746.0,1.327106,1.520932,NLD,CHN,0484
283,163,43,696,1997.0,0.0,6116.0,0.857735,0.061844,NOR,CHN,0484
284,164,43,696,1997.0,117020.0,0.0,-0.282115,-0.237121,NPL,CHN,0484
285,166,43,696,1997.0,9016.0,87844.0,0.372052,0.764854,NZL,CHN,0484
286,167,43,696,1997.0,0.0,11582.0,-0.233342,-0.9922049999999999,OMN,CHN,0484
287,169,43,696,1997.0,0.0,12149.0,0.0038,0.036532999999999996,PAN,CHN,0484
288,173,43,696,1997.0,0.0,8527.0,-0.603019,-0.365845,PER,CHN,0484
289,174,43,696,1997.0,41701.0,3078088.0,0.044834,0.024782,PHL,CHN,0484
290,176,43,696,1997.0,0.0,48027.0,-1.960463,-1.270168,PNG,CHN,0484
291,177,43,696,1997.0,61319.0,0.0,0.8447319999999999,2.000241,POL,CHN,0484
292,178,43,696,1997.0,0.0,1072099.0,0.734805,0.8720889999999999,PRK,CHN,0484
293,180,43,696,1997.0,0.0,4801.0,-0.6051380000000001,-0.708271,PRY,CHN,0484
294,182,43,696,1997.0,0.0,1231.0,0.431432,-0.5432020000000001,PYF,CHN,0484
295,186,43,696,1997.0,0.0,3113282.0,0.572773,0.375446,RUS,CHN,0484
296,188,43,696,1997.0,0.0,115455.0,-0.300809,-1.0455,SAU,CHN,0484
297,190,43,696,1997.0,0.0,14738.0,-1.248538,-1.197904,SDN,CHN,0484
298,191,43,696,1997.0,0.0,41595.0,-0.660837,-0.768874,SEN,CHN,0484
299,192,43,696,1997.0,270041.0,1948364.0,1.1946700000000001,0.30503600000000003,SGP,CHN,0484
300,207,43,696,1997.0,0.0,2170.0,1.449492,1.253379,SVN,CHN,0484
301,208,43,696,1997.0,8491.0,110200.0,2.0806709999999997,0.9541219999999999,SWE,CHN,0484
302,211,43,696,1997.0,0.0,1056.0,-0.547613,-0.8543209999999999,SYC,CHN,0484
303,216,43,696,1997.0,122725.0,223492.0,0.216402,1.366618,THA,CHN,0484
304,222,43,696,1997.0,0.0,4077.0,0.051947,-0.405412,TTO,CHN,0484
305,224,43,696,1997.0,54128.0,5347.0,0.154428,1.7573880000000002,TUR,CHN,0484
306,228,43,696,1997.0,0.0,2501.0,0.7384539999999999,1.096947,UKR,CHN,0484
307,231,43,696,1997.0,433959.0,4697716.0,1.875847,0.46257299999999996,USA,CHN,0484
308,236,43,696,1997.0,0.0,8304.0,-0.137776,-0.750744,VEN,CHN,0484
309,239,43,696,1997.0,10861.0,1070786.0,-0.67516,0.251436,VNM,CHN,0484
310,243,43,696,1997.0,0.0,7077.0,-1.665484,-1.292243,YEM,CHN,0484
311,246,43,696,1997.0,0.0,151426.0,0.29381199999999996,1.276557,ZAF,CHN,0484
312,249,43,696,1997.0,40034.0,44966.0,1.557128,1.434424,TWN,CHN,0484
313,0,49,696,1997.0,0.0,222468.0,-1.338982,-0.866526,ABW,COL,0484
314,6,49,696,1997.0,0.0,371446.0,-0.027541000000000003,-0.56389,ANT,COL,0484
315,8,49,696,1997.0,9462.0,0.0,0.072589,0.965456,ARG,COL,0484
316,13,49,696,1997.0,0.0,39714.0,0.545288,-0.20344500000000001,ATG,COL,0484
317,14,49,696,1997.0,0.0,242162.0,-0.033861,0.647668,AUS,COL,0484
318,18,49,696,1997.0,0.0,2995.0,1.470183,1.312167,BEL,COL,0484
319,31,49,696,1997.0,0.0,377317.0,-0.765684,-0.796686,BOL,COL,0484
320,32,49,696,1997.0,323566.0,504183.0,0.805759,1.249182,BRA,COL,0484
321,39,49,696,1997.0,116656.0,13982.0,0.928586,1.3413389999999998,CAN,COL,0484
322,41,49,696,1997.0,8727.0,0.0,2.327788,0.682804,CHE,COL,0484
323,42,49,696,1997.0,2999462.0,10301.0,-0.06841799999999999,-0.21526199999999998,CHL,COL,0484
324,52,49,696,1997.0,3251.0,67786.0,-0.158667,0.204758,CRI,COL,0484
325,54,49,696,1997.0,0.0,87035.0,-0.793234,-1.169625,CUB,COL,0484
326,61,49,696,1997.0,104160.0,0.0,2.360316,-2.655514,DEU,COL,0484
327,63,49,696,1997.0,0.0,34023.0,0.786473,0.43483999999999995,DMA,COL,0484
328,64,49,696,1997.0,283171.0,0.0,1.422606,1.395373,DNK,COL,0484
329,65,49,696,1997.0,0.0,499199.0,-0.5140170000000001,-0.564107,DOM,COL,0484
330,67,49,696,1997.0,1142048.0,4558618.0,-1.124002,-1.0084549999999999,ECU,COL,0484
331,71,49,696,1997.0,62438.0,10942.0,1.068989,1.9429439999999998,ESP,COL,0484
332,77,49,696,1997.0,84366.0,126416.0,1.6737630000000001,0.7499439999999999,FRA,COL,0484
333,81,49,696,1997.0,240995.0,12052.0,1.9742490000000001,0.7046359999999999,GBR,COL,0484
334,90,49,696,1997.0,5318.0,0.0,0.225904,1.291959,GRC,COL,0484
335,91,49,696,1997.0,0.0,14182.0,0.235056,-0.254481,GRD,COL,0484
336,96,49,696,1997.0,0.0,33318.0,-0.5991029999999999,-0.769726,GUY,COL,0484
337,99,49,696,1997.0,0.0,122465.0,-0.7449319999999999,-0.50008,HND,COL,0484
338,101,49,696,1997.0,0.0,1193597.0,-0.6864100000000001,-0.687077,HTI,COL,0484
339,103,49,696,1997.0,2223.0,0.0,-0.21049600000000002,1.318692,IDN,COL,0484
340,111,49,696,1997.0,237003.0,0.0,1.596917,0.8313959999999999,ITA,COL,0484
341,112,49,696,1997.0,12476.0,105536.0,-0.6338739999999999,-0.838622,JAM,COL,0484
342,114,49,696,1997.0,9703.0,0.0,2.771316,0.545821,JPN,COL,0484
343,127,49,696,1997.0,0.0,145979.0,-0.193429,-0.606627,LCA,COL,0484
344,138,49,696,1997.0,47830.0,14255.0,0.7735350000000001,0.9161590000000001,MEX,COL,0484
345,149,49,696,1997.0,0.0,82367.0,0.65475,-0.492921,MSR,COL,0484
346,159,49,696,1997.0,0.0,19289.0,-1.8354990000000002,-1.246493,NGA,COL,0484
347,160,49,696,1997.0,0.0,38980.0,-0.699387,-0.460178,NIC,COL,0484
348,162,49,696,1997.0,16291.0,1392400.0,1.327106,1.520932,NLD,COL,0484
349,169,49,696,1997.0,0.0,129483.0,0.0038,0.036532999999999996,PAN,COL,0484
350,173,49,696,1997.0,0.0,3919418.0,-0.603019,-0.365845,PER,COL,0484
351,179,49,696,1997.0,0.0,25354.0,0.496633,1.025231,PRT,COL,0484
352,186,49,696,1997.0,0.0,19461.0,0.572773,0.375446,RUS,COL,0484
353,191,49,696,1997.0,0.0,24985.0,-0.660837,-0.768874,SEN,COL,0484
354,197,49,696,1997.0,0.0,98831.0,-0.069039,-0.094938,SLV,COL,0484
355,205,49,696,1997.0,0.0,332097.0,-1.125928,-0.980981,SUR,COL,0484
356,208,49,696,1997.0,1359.0,0.0,2.0806709999999997,0.9541219999999999,SWE,COL,0484
357,222,49,696,1997.0,0.0,4201.0,0.051947,-0.405412,TTO,COL,0484
358,231,49,696,1997.0,3024827.0,2931990.0,1.875847,0.46257299999999996,USA,COL,0484
359,236,49,696,1997.0,10254734.0,9573457.0,-0.137776,-0.750744,VEN,COL,0484
360,246,49,696,1997.0,7814.0,31437.0,0.29381199999999996,1.276557,ZAF,COL,0484
361,250,49,696,1997.0,2009.0,9866.0,1.004537,0.782725,ANS,COL,0484
362,8,52,696,1997.0,34955.0,0.0,0.072589,0.965456,ARG,CRI,0484
363,39,52,696,1997.0,7363.0,50059.0,0.928586,1.3413389999999998,CAN,CRI,0484
364,42,52,696,1997.0,241077.0,0.0,-0.06841799999999999,-0.21526199999999998,CHL,CRI,0484
365,49,52,696,1997.0,67786.0,3251.0,0.023456,0.057771,COL,CRI,0484
366,64,52,696,1997.0,19722.0,0.0,1.422606,1.395373,DNK,CRI,0484
367,65,52,696,1997.0,12244.0,0.0,-0.5140170000000001,-0.564107,DOM,CRI,0484
368,71,52,696,1997.0,115935.0,0.0,1.068989,1.9429439999999998,ESP,CRI,0484
369,77,52,696,1997.0,17773.0,0.0,1.6737630000000001,0.7499439999999999,FRA,CRI,0484
370,81,52,696,1997.0,168062.0,0.0,1.9742490000000001,0.7046359999999999,GBR,CRI,0484
371,93,52,696,1997.0,1439910.0,5690440.0,-0.17965,0.23698200000000003,GTM,CRI,0484
372,97,52,696,1997.0,9156.0,0.0,0.475945,1.7576919999999998,HKG,CRI,0484
373,99,52,696,1997.0,0.0,1005862.0,-0.7449319999999999,-0.50008,HND,CRI,0484
374,101,52,696,1997.0,0.0,1881801.0,-0.6864100000000001,-0.687077,HTI,CRI,0484
375,111,52,696,1997.0,100849.0,0.0,1.596917,0.8313959999999999,ITA,CRI,0484
376,112,52,696,1997.0,0.0,187455.0,-0.6338739999999999,-0.838622,JAM,CRI,0484
377,121,52,696,1997.0,6262.0,0.0,1.2642,1.164231,KOR,CRI,0484
378,138,52,696,1997.0,48212.0,0.0,0.7735350000000001,0.9161590000000001,MEX,CRI,0484
379,160,52,696,1997.0,61517.0,1982533.0,-0.699387,-0.460178,NIC,CRI,0484
380,162,52,696,1997.0,0.0,18634.0,1.327106,1.520932,NLD,CRI,0484
381,169,52,696,1997.0,0.0,2057695.0,0.0038,0.036532999999999996,PAN,CRI,0484
382,173,52,696,1997.0,0.0,38544.0,-0.603019,-0.365845,PER,CRI,0484
383,197,52,696,1997.0,123002.0,2935937.0,-0.069039,-0.094938,SLV,CRI,0484
384,231,52,696,1997.0,1849627.0,150058.0,1.875847,0.46257299999999996,USA,CRI,0484
385,236,52,696,1997.0,117995.0,0.0,-0.137776,-0.750744,VEN,CRI,0484
386,249,52,696,1997.0,2410.0,0.0,1.557128,1.434424,TWN,CRI,0484
387,7,58,696,1997.0,0.0,119428.0,-0.317351,-0.8786510000000001,ARE,CYP,0484
388,14,58,696,1997.0,0.0,17772.0,-0.033861,0.647668,AUS,CYP,0484
389,15,58,696,1997.0,35540.0,0.0,1.904005,0.445169,AUT,CYP,0484
390,18,58,696,1997.0,514353.0,0.0,1.470183,1.312167,BEL,CYP,0484
391,24,58,696,1997.0,0.0,83912.0,-0.44965,-1.035584,BHR,CYP,0484
392,39,58,696,1997.0,5938.0,5804.0,0.928586,1.3413389999999998,CAN,CYP,0484
393,41,58,696,1997.0,30056.0,0.0,2.327788,0.682804,CHE,CYP,0484
394,61,58,696,1997.0,223440.0,0.0,2.360316,-2.655514,DEU,CYP,0484
395,64,58,696,1997.0,87985.0,0.0,1.422606,1.395373,DNK,CYP,0484
396,68,58,696,1997.0,5223.0,0.0,-0.34861,0.005477,EGY,CYP,0484
397,71,58,696,1997.0,113259.0,0.0,1.068989,1.9429439999999998,ESP,CYP,0484
398,74,58,696,1997.0,1386.0,0.0,1.991377,1.047477,FIN,CYP,0484
399,77,58,696,1997.0,665402.0,39236.0,1.6737630000000001,0.7499439999999999,FRA,CYP,0484
400,81,58,696,1997.0,3128873.0,18639.0,1.9742490000000001,0.7046359999999999,GBR,CYP,0484
401,83,58,696,1997.0,0.0,5461.0,-1.03989,-0.979039,GHA,CYP,0484
402,90,58,696,1997.0,2621245.0,56768.0,0.225904,1.291959,GRC,CYP,0484
403,102,58,696,1997.0,7800.0,0.0,0.9121799999999999,1.55321,HUN,CYP,0484
404,106,58,696,1997.0,28892.0,0.0,1.579974,1.018361,IRL,CYP,0484
405,110,58,696,1997.0,8519.0,162905.0,1.404901,1.072135,ISR,CYP,0484
406,111,58,696,1997.0,931326.0,0.0,1.596917,0.8313959999999999,ITA,CYP,0484
407,113,58,696,1997.0,0.0,17615.0,0.641787,0.484512,JOR,CYP,0484
408,115,58,696,1997.0,0.0,3546.0,0.302596,-0.028221,KAZ,CYP,0484
409,122,58,696,1997.0,0.0,150822.0,-1.0192139999999998,-1.193627,KWT,CYP,0484
410,124,58,696,1997.0,0.0,76211.0,0.28229299999999996,1.0650549999999999,LBN,CYP,0484
411,140,58,696,1997.0,0.0,3313.0,0.297389,0.735171,MKD,CYP,0484
412,142,58,696,1997.0,0.0,27310.0,1.1063180000000001,0.377209,MLT,CYP,0484
413,162,58,696,1997.0,373182.0,0.0,1.327106,1.520932,NLD,CYP,0484
414,163,58,696,1997.0,11894.0,0.0,0.857735,0.061844,NOR,CYP,0484
415,167,58,696,1997.0,0.0,30545.0,-0.233342,-0.9922049999999999,OMN,CYP,0484
416,186,58,696,1997.0,0.0,21528.0,0.572773,0.375446,RUS,CYP,0484
417,189,58,696,1997.0,0.0,23171.0,0.626724,1.7948549999999999,SCG,CYP,0484
418,190,58,696,1997.0,0.0,7305.0,-1.248538,-1.197904,SDN,CYP,0484
419,192,58,696,1997.0,98730.0,0.0,1.1946700000000001,0.30503600000000003,SGP,CYP,0484
420,208,58,696,1997.0,18098.0,12981.0,2.0806709999999997,0.9541219999999999,SWE,CYP,0484
421,224,58,696,1997.0,2482182.0,5775.0,0.154428,1.7573880000000002,TUR,CYP,0484
422,231,58,696,1997.0,30434.0,8407.0,1.875847,0.46257299999999996,USA,CYP,0484
423,250,58,696,1997.0,1067.0,60642.0,1.004537,0.782725,ANS,CYP,0484
424,0,61,696,1997.0,0.0,53397.0,-1.338982,-0.866526,ABW,DEU,0484
425,4,61,696,1997.0,0.0,16795.0,-0.375654,-0.124279,ALB,DEU,0484
426,5,61,696,1997.0,0.0,30391.0,1.097696,0.751235,AND,DEU,0484
427,6,61,696,1997.0,0.0,23283.0,-0.027541000000000003,-0.56389,ANT,DEU,0484
428,7,61,696,1997.0,13084.0,863232.0,-0.317351,-0.8786510000000001,ARE,DEU,0484
429,8,61,696,1997.0,1778.0,2216439.0,0.072589,0.965456,ARG,DEU,0484
430,9,61,696,1997.0,0.0,79113.0,0.818788,0.226075,ARM,DEU,0484
431,14,61,696,1997.0,3411.0,2320212.0,-0.033861,0.647668,AUS,DEU,0484
432,15,61,696,1997.0,73195168.0,146721152.0,1.904005,0.445169,AUT,DEU,0484
433,16,61,696,1997.0,0.0,298152.0,0.28532199999999996,-0.00025299999999999997,AZE,DEU,0484
434,18,61,696,1997.0,115606136.0,71499656.0,1.470183,1.312167,BEL,DEU,0484
435,23,61,696,1997.0,25626.0,431574.0,0.523226,1.4133959999999999,BGR,DEU,0484
436,24,61,696,1997.0,0.0,333810.0,-0.44965,-1.035584,BHR,DEU,0484
437,26,61,696,1997.0,0.0,463246.0,0.517231,0.321515,BIH,DEU,0484
438,28,61,696,1997.0,0.0,86056.0,0.716832,0.706486,BLR,DEU,0484
439,31,61,696,1997.0,1009.0,15300.0,-0.765684,-0.796686,BOL,DEU,0484
440,32,61,696,1997.0,16579.0,1962241.0,0.805759,1.249182,BRA,DEU,0484
441,33,61,696,1997.0,17130.0,0.0,0.916416,0.490241,BRB,DEU,0484
442,34,61,696,1997.0,0.0,96847.0,-0.443665,-0.825732,BRN,DEU,0484
443,39,61,696,1997.0,662601.0,4154049.0,0.928586,1.3413389999999998,CAN,DEU,0484
444,41,61,696,1997.0,21096486.0,30967950.0,2.327788,0.682804,CHE,DEU,0484
445,42,61,696,1997.0,0.0,470262.0,-0.06841799999999999,-0.21526199999999998,CHL,DEU,0484
446,43,61,696,1997.0,163225.0,193747.0,0.380294,2.389738,CHN,DEU,0484
447,44,61,696,1997.0,0.0,8081.0,-0.647407,-0.603726,CIV,DEU,0484
448,45,61,696,1997.0,0.0,3125.0,-1.0663340000000001,-1.047091,CMR,DEU,0484
449,49,61,696,1997.0,0.0,104160.0,0.023456,0.057771,COL,DEU,0484
450,54,61,696,1997.0,0.0,28909.0,-0.793234,-1.169625,CUB,DEU,0484
451,58,61,696,1997.0,0.0,223440.0,0.45144700000000004,0.46707600000000005,CYP,DEU,0484
452,59,61,696,1997.0,1694840.0,4771469.0,1.450452,1.031814,CZE,DEU,0484
453,64,61,696,1997.0,42900948.0,26127828.0,1.422606,1.395373,DNK,DEU,0484
454,65,61,696,1997.0,0.0,28840.0,-0.5140170000000001,-0.564107,DOM,DEU,0484
455,66,61,696,1997.0,0.0,128534.0,-0.8557879999999999,-1.150101,DZA,DEU,0484
456,67,61,696,1997.0,0.0,52658.0,-1.124002,-1.0084549999999999,ECU,DEU,0484
457,68,61,696,1997.0,1095.0,103560.0,-0.34861,0.005477,EGY,DEU,0484
458,71,61,696,1997.0,26317044.0,30318160.0,1.068989,1.9429439999999998,ESP,DEU,0484
459,72,61,696,1997.0,4754.0,1769327.0,0.45792,1.148099,EST,DEU,0484
460,73,61,696,1997.0,0.0,16378.0,-1.141928,-1.187119,ETH,DEU,0484
461,74,61,696,1997.0,2216949.0,6656618.0,1.991377,1.047477,FIN,DEU,0484
462,76,61,696,1997.0,0.0,14994.0,1.3654979999999999,-0.407023,FLK,DEU,0484
463,77,61,696,1997.0,179760464.0,203257408.0,1.6737630000000001,0.7499439999999999,FRA,DEU,0484
464,78,61,696,1997.0,0.0,11038.0,-0.530698,-0.7939109999999999,FRO,DEU,0484
465,81,61,696,1997.0,33946044.0,62998708.0,1.9742490000000001,0.7046359999999999,GBR,DEU,0484
466,82,61,696,1997.0,0.0,265834.0,0.347408,0.106341,GEO,DEU,0484
467,83,61,696,1997.0,6202.0,26950.0,-1.03989,-0.979039,GHA,DEU,0484
468,84,61,696,1997.0,0.0,28854.0,0.643548,-0.164009,GIB,DEU,0484
469,85,61,696,1997.0,0.0,20411.0,-1.223583,-1.14157,GIN,DEU,0484
470,87,61,696,1997.0,0.0,9056.0,-0.686094,-0.8130609999999999,GMB,DEU,0484
471,90,61,696,1997.0,11354635.0,8607641.0,0.225904,1.291959,GRC,DEU,0484
472,92,61,696,1997.0,0.0,9262.0,-0.7822520000000001,-0.906492,GRL,DEU,0484
473,93,61,696,1997.0,0.0,6655.0,-0.17965,0.23698200000000003,GTM,DEU,0484
474,97,61,696,1997.0,48177.0,1884156.0,0.475945,1.7576919999999998,HKG,DEU,0484
475,100,61,696,1997.0,538608.0,2187668.0,0.61283,1.321775,HRV,DEU,0484
476,102,61,696,1997.0,1529906.0,2731638.0,0.9121799999999999,1.55321,HUN,DEU,0484
477,103,61,696,1997.0,1807.0,200786.0,-0.21049600000000002,1.318692,IDN,DEU,0484
478,104,61,696,1997.0,47015.0,14676.0,0.150788,2.027932,IND,DEU,0484
479,106,61,696,1997.0,3253243.0,1710352.0,1.579974,1.018361,IRL,DEU,0484
480,107,61,696,1997.0,42916.0,0.0,-0.8911190000000001,-1.085849,IRN,DEU,0484
481,109,61,696,1997.0,0.0,263742.0,0.33665700000000004,-0.42348,ISL,DEU,0484
482,110,61,696,1997.0,2654268.0,1753301.0,1.404901,1.072135,ISR,DEU,0484
483,111,61,696,1997.0,119466880.0,76091920.0,1.596917,0.8313959999999999,ITA,DEU,0484
484,113,61,696,1997.0,0.0,48280.0,0.641787,0.484512,JOR,DEU,0484
485,114,61,696,1997.0,847158.0,4836951.0,2.771316,0.545821,JPN,DEU,0484
486,115,61,696,1997.0,0.0,754200.0,0.302596,-0.028221,KAZ,DEU,0484
487,116,61,696,1997.0,0.0,4970.0,-0.363967,0.218183,KEN,DEU,0484
488,117,61,696,1997.0,0.0,32597.0,0.063303,-0.014279,KGZ,DEU,0484
489,121,61,696,1997.0,207432.0,1572328.0,1.2642,1.164231,KOR,DEU,0484
490,122,61,696,1997.0,0.0,652851.0,-1.0192139999999998,-1.193627,KWT,DEU,0484
491,124,61,696,1997.0,21702.0,276600.0,0.28229299999999996,1.0650549999999999,LBN,DEU,0484
492,125,61,696,1997.0,0.0,25054.0,-0.77544,-1.122642,LBR,DEU,0484
493,126,61,696,1997.0,0.0,20873.0,-0.662351,-1.1515309999999999,LBY,DEU,0484
494,128,61,696,1997.0,17680.0,0.0,-0.6467470000000001,-0.27831300000000003,LKA,DEU,0484
495,130,61,696,1997.0,72334.0,1222202.0,0.360579,1.382816,LTU,DEU,0484
496,132,61,696,1997.0,276813.0,511425.0,0.332958,0.51665,LVA,DEU,0484
497,133,61,696,1997.0,0.0,14218.0,-0.061292,-0.44707399999999997,MAC,DEU,0484
498,134,61,696,1997.0,10990.0,213128.0,-0.635337,-0.336298,MAR,DEU,0484
499,135,61,696,1997.0,41759.0,620351.0,0.14225,-0.250556,MDA,DEU,0484
500,136,61,696,1997.0,0.0,6508.0,-1.090898,-0.605175,MDG,DEU,0484
501,137,61,696,1997.0,0.0,28502.0,-1.0046620000000002,-1.0400340000000001,MDV,DEU,0484
502,138,61,696,1997.0,12699.0,88426.0,0.7735350000000001,0.9161590000000001,MEX,DEU,0484
503,140,61,696,1997.0,0.0,158368.0,0.297389,0.735171,MKD,DEU,0484
504,142,61,696,1997.0,0.0,568016.0,1.1063180000000001,0.377209,MLT,DEU,0484
505,145,61,696,1997.0,0.0,276906.0,-0.569797,-0.9604370000000001,MNG,DEU,0484
506,151,61,696,1997.0,0.0,24337.0,-0.42358999999999997,-0.680841,MUS,DEU,0484
507,153,61,696,1997.0,15442.0,628923.0,0.526754,0.33065700000000003,MYS,DEU,0484
508,157,61,696,1997.0,0.0,1582.0,-0.31505500000000003,-0.542254,NER,DEU,0484
509,159,61,696,1997.0,0.0,15666.0,-1.8354990000000002,-1.246493,NGA,DEU,0484
510,162,61,696,1997.0,150491296.0,100279240.0,1.327106,1.520932,NLD,DEU,0484
511,163,61,696,1997.0,204710.0,4166284.0,0.857735,0.061844,NOR,DEU,0484
512,164,61,696,1997.0,0.0,5800.0,-0.282115,-0.237121,NPL,DEU,0484
513,166,61,696,1997.0,1357.0,131620.0,0.372052,0.764854,NZL,DEU,0484
514,167,61,696,1997.0,164484.0,146404.0,-0.233342,-0.9922049999999999,OMN,DEU,0484
515,168,61,696,1997.0,1479.0,34603.0,-0.844282,-0.602616,PAK,DEU,0484
516,169,61,696,1997.0,0.0,7506.0,0.0038,0.036532999999999996,PAN,DEU,0484
517,173,61,696,1997.0,0.0,171535.0,-0.603019,-0.365845,PER,DEU,0484
518,174,61,696,1997.0,29705.0,187695.0,0.044834,0.024782,PHL,DEU,0484
519,177,61,696,1997.0,2274580.0,3064604.0,0.8447319999999999,2.000241,POL,DEU,0484
520,178,61,696,1997.0,0.0,2331.0,0.734805,0.8720889999999999,PRK,DEU,0484
521,179,61,696,1997.0,2630238.0,9216280.0,0.496633,1.025231,PRT,DEU,0484
522,180,61,696,1997.0,0.0,108775.0,-0.6051380000000001,-0.708271,PRY,DEU,0484
523,182,61,696,1997.0,0.0,111187.0,0.431432,-0.5432020000000001,PYF,DEU,0484
524,183,61,696,1997.0,3537.0,329919.0,-1.1276760000000001,-1.233235,QAT,DEU,0484
525,185,61,696,1997.0,123863.0,799621.0,0.666251,1.31932,ROU,DEU,0484
526,186,61,696,1997.0,57386.0,85948992.0,0.572773,0.375446,RUS,DEU,0484
527,187,61,696,1997.0,0.0,12281.0,-0.337464,-0.8656,RWA,DEU,0484
528,188,61,696,1997.0,57073.0,2629646.0,-0.300809,-1.0455,SAU,DEU,0484
529,189,61,696,1997.0,7986.0,1286750.0,0.626724,1.7948549999999999,SCG,DEU,0484
530,190,61,696,1997.0,0.0,3783.0,-1.248538,-1.197904,SDN,DEU,0484
531,192,61,696,1997.0,8258.0,928802.0,1.1946700000000001,0.30503600000000003,SGP,DEU,0484
532,197,61,696,1997.0,0.0,1347.0,-0.069039,-0.094938,SLV,DEU,0484
533,206,61,696,1997.0,13954.0,2220689.0,1.265691,1.368739,SVK,DEU,0484
534,207,61,696,1997.0,260108.0,3214147.0,1.449492,1.253379,SVN,DEU,0484
535,208,61,696,1997.0,18744528.0,10424363.0,2.0806709999999997,0.9541219999999999,SWE,DEU,0484
536,211,61,696,1997.0,0.0,1637.0,-0.547613,-0.8543209999999999,SYC,DEU,0484
537,212,61,696,1997.0,4694.0,1193.0,-0.932127,-0.963823,SYR,DEU,0484
538,216,61,696,1997.0,303906.0,462087.0,0.216402,1.366618,THA,DEU,0484
539,217,61,696,1997.0,0.0,5215.0,-0.095789,-0.706445,TJK,DEU,0484
540,223,61,696,1997.0,0.0,101779.0,-0.187276,-0.21877600000000003,TUN,DEU,0484
541,224,61,696,1997.0,3172198.0,1819881.0,0.154428,1.7573880000000002,TUR,DEU,0484
542,226,61,696,1997.0,0.0,13668.0,-1.243443,-0.537161,TZA,DEU,0484
543,228,61,696,1997.0,113812.0,7273648.0,0.7384539999999999,1.096947,UKR,DEU,0484
544,230,61,696,1997.0,0.0,462859.0,0.080024,0.669226,URY,DEU,0484
545,231,61,696,1997.0,2523672.0,24973268.0,1.875847,0.46257299999999996,USA,DEU,0484
546,232,61,696,1997.0,0.0,253587.0,-0.134113,-0.791415,UZB,DEU,0484
547,236,61,696,1997.0,0.0,43496.0,-0.137776,-0.750744,VEN,DEU,0484
548,239,61,696,1997.0,22645.0,0.0,-0.67516,0.251436,VNM,DEU,0484
549,243,61,696,1997.0,0.0,92531.0,-1.665484,-1.292243,YEM,DEU,0484
550,246,61,696,1997.0,6199.0,343599.0,0.29381199999999996,1.276557,ZAF,DEU,0484
551,247,61,696,1997.0,0.0,5960.0,-0.8659309999999999,-0.88536,ZMB,DEU,0484
552,248,61,696,1997.0,0.0,53824.0,-0.5328609999999999,-0.509275,ZWE,DEU,0484
553,249,61,696,1997.0,305947.0,158200.0,1.557128,1.434424,TWN,DEU,0484
554,250,61,696,1997.0,0.0,597482.0,1.004537,0.782725,ANS,DEU,0484
555,0,64,696,1997.0,0.0,46572.0,-1.338982,-0.866526,ABW,DNK,0484
556,2,64,696,1997.0,0.0,8661.0,-1.800252,-1.237594,AGO,DNK,0484
557,5,64,696,1997.0,0.0,432450.0,1.097696,0.751235,AND,DNK,0484
558,6,64,696,1997.0,0.0,71083.0,-0.027541000000000003,-0.56389,ANT,DNK,0484
559,7,64,696,1997.0,48021.0,1551939.0,-0.317351,-0.8786510000000001,ARE,DNK,0484
560,8,64,696,1997.0,0.0,701554.0,0.072589,0.965456,ARG,DNK,0484
561,9,64,696,1997.0,0.0,71934.0,0.818788,0.226075,ARM,DNK,0484
562,13,64,696,1997.0,0.0,16888.0,0.545288,-0.20344500000000001,ATG,DNK,0484
563,14,64,696,1997.0,0.0,4095574.0,-0.033861,0.647668,AUS,DNK,0484
564,15,64,696,1997.0,2416775.0,738939.0,1.904005,0.445169,AUT,DNK,0484
565,16,64,696,1997.0,0.0,50146.0,0.28532199999999996,-0.00025299999999999997,AZE,DNK,0484
566,18,64,696,1997.0,5601572.0,2140912.0,1.470183,1.312167,BEL,DNK,0484
567,19,64,696,1997.0,0.0,1840.0,-1.357169,-1.089711,BEN,DNK,0484
568,21,64,696,1997.0,0.0,36135.0,-0.329098,-0.885215,BFA,DNK,0484
569,22,64,696,1997.0,0.0,20596.0,-0.638734,-0.895301,BGD,DNK,0484
570,23,64,696,1997.0,0.0,11469.0,0.523226,1.4133959999999999,BGR,DNK,0484
571,24,64,696,1997.0,0.0,192862.0,-0.44965,-1.035584,BHR,DNK,0484
572,25,64,696,1997.0,0.0,100969.0,0.82352,-0.091626,BHS,DNK,0484
573,26,64,696,1997.0,0.0,222518.0,0.517231,0.321515,BIH,DNK,0484
574,28,64,696,1997.0,0.0,58925.0,0.716832,0.706486,BLR,DNK,0484
575,29,64,696,1997.0,0.0,17000.0,-0.640252,-0.833937,BLZ,DNK,0484
576,30,64,696,1997.0,0.0,7124.0,0.41035200000000005,-0.552818,BMU,DNK,0484
577,31,64,696,1997.0,0.0,28219.0,-0.765684,-0.796686,BOL,DNK,0484
578,32,64,696,1997.0,0.0,2824348.0,0.805759,1.249182,BRA,DNK,0484
579,33,64,696,1997.0,0.0,52317.0,0.916416,0.490241,BRB,DNK,0484
580,34,64,696,1997.0,0.0,103974.0,-0.443665,-0.825732,BRN,DNK,0484
581,39,64,696,1997.0,82561.0,2517851.0,0.928586,1.3413389999999998,CAN,DNK,0484
582,41,64,696,1997.0,612614.0,1632732.0,2.327788,0.682804,CHE,DNK,0484
583,42,64,696,1997.0,0.0,523104.0,-0.06841799999999999,-0.21526199999999998,CHL,DNK,0484
584,43,64,696,1997.0,12411.0,119695.0,0.380294,2.389738,CHN,DNK,0484
585,44,64,696,1997.0,0.0,88109.0,-0.647407,-0.603726,CIV,DNK,0484
586,46,64,696,1997.0,0.0,250463.0,-1.092385,-1.074017,COD,DNK,0484
587,48,64,696,1997.0,0.0,67988.0,0.43473999999999996,-0.195141,COK,DNK,0484
588,49,64,696,1997.0,0.0,283171.0,0.023456,0.057771,COL,DNK,0484
589,51,64,696,1997.0,0.0,20672.0,1.1987079999999999,0.084231,CPV,DNK,0484
590,52,64,696,1997.0,0.0,19722.0,-0.158667,0.204758,CRI,DNK,0484
591,58,64,696,1997.0,0.0,87985.0,0.45144700000000004,0.46707600000000005,CYP,DNK,0484
592,59,64,696,1997.0,0.0,275666.0,1.450452,1.031814,CZE,DNK,0484
593,61,64,696,1997.0,26127828.0,42900948.0,2.360316,-2.655514,DEU,DNK,0484
594,62,64,696,1997.0,0.0,37359.0,0.388331,0.05764299999999999,DJI,DNK,0484
595,65,64,696,1997.0,0.0,219885.0,-0.5140170000000001,-0.564107,DOM,DNK,0484
596,67,64,696,1997.0,0.0,65592.0,-1.124002,-1.0084549999999999,ECU,DNK,0484
597,68,64,696,1997.0,2147.0,85283.0,-0.34861,0.005477,EGY,DNK,0484
598,71,64,696,1997.0,723026.0,8015702.0,1.068989,1.9429439999999998,ESP,DNK,0484
599,72,64,696,1997.0,0.0,425133.0,0.45792,1.148099,EST,DNK,0484
600,73,64,696,1997.0,0.0,11961.0,-1.141928,-1.187119,ETH,DNK,0484
601,74,64,696,1997.0,927701.0,5280134.0,1.991377,1.047477,FIN,DNK,0484
602,77,64,696,1997.0,5728833.0,10278595.0,1.6737630000000001,0.7499439999999999,FRA,DNK,0484
603,78,64,696,1997.0,0.0,1002284.0,-0.530698,-0.7939109999999999,FRO,DNK,0484
604,80,64,696,1997.0,0.0,35045.0,-1.277642,-1.178244,GAB,DNK,0484
605,81,64,696,1997.0,21025636.0,20387800.0,1.9742490000000001,0.7046359999999999,GBR,DNK,0484
606,82,64,696,1997.0,0.0,221127.0,0.347408,0.106341,GEO,DNK,0484
607,83,64,696,1997.0,0.0,471364.0,-1.03989,-0.979039,GHA,DNK,0484
608,87,64,696,1997.0,0.0,30716.0,-0.686094,-0.8130609999999999,GMB,DNK,0484
609,90,64,696,1997.0,468555.0,632718.0,0.225904,1.291959,GRC,DNK,0484
610,91,64,696,1997.0,0.0,1271.0,0.235056,-0.254481,GRD,DNK,0484
611,92,64,696,1997.0,0.0,2804744.0,-0.7822520000000001,-0.906492,GRL,DNK,0484
612,93,64,696,1997.0,0.0,106658.0,-0.17965,0.23698200000000003,GTM,DNK,0484
613,96,64,696,1997.0,0.0,75131.0,-0.5991029999999999,-0.769726,GUY,DNK,0484
614,97,64,696,1997.0,34946.0,18392118.0,0.475945,1.7576919999999998,HKG,DNK,0484
615,100,64,696,1997.0,0.0,49399.0,0.61283,1.321775,HRV,DNK,0484
616,102,64,696,1997.0,0.0,24275.0,0.9121799999999999,1.55321,HUN,DNK,0484
617,103,64,696,1997.0,28696.0,219600.0,-0.21049600000000002,1.318692,IDN,DNK,0484
618,104,64,696,1997.0,2316.0,41462.0,0.150788,2.027932,IND,DNK,0484
619,106,64,696,1997.0,320258.0,1107854.0,1.579974,1.018361,IRL,DNK,0484
620,107,64,696,1997.0,1484.0,0.0,-0.8911190000000001,-1.085849,IRN,DNK,0484
621,108,64,696,1997.0,0.0,377918.0,-2.35787,-0.856008,IRQ,DNK,0484
622,109,64,696,1997.0,6495.0,2032982.0,0.33665700000000004,-0.42348,ISL,DNK,0484
623,110,64,696,1997.0,8527.0,846824.0,1.404901,1.072135,ISR,DNK,0484
624,111,64,696,1997.0,3582248.0,10043825.0,1.596917,0.8313959999999999,ITA,DNK,0484
625,113,64,696,1997.0,7554.0,27373.0,0.641787,0.484512,JOR,DNK,0484
626,114,64,696,1997.0,45679.0,6761529.0,2.771316,0.545821,JPN,DNK,0484
627,115,64,696,1997.0,0.0,169986.0,0.302596,-0.028221,KAZ,DNK,0484
628,116,64,696,1997.0,0.0,194321.0,-0.363967,0.218183,KEN,DNK,0484
629,121,64,696,1997.0,0.0,851300.0,1.2642,1.164231,KOR,DNK,0484
630,122,64,696,1997.0,4364.0,288322.0,-1.0192139999999998,-1.193627,KWT,DNK,0484
631,124,64,696,1997.0,33895.0,339889.0,0.28229299999999996,1.0650549999999999,LBN,DNK,0484
632,125,64,696,1997.0,0.0,25565.0,-0.77544,-1.122642,LBR,DNK,0484
633,127,64,696,1997.0,0.0,1665.0,-0.193429,-0.606627,LCA,DNK,0484
634,128,64,696,1997.0,0.0,29808.0,-0.6467470000000001,-0.27831300000000003,LKA,DNK,0484
635,130,64,696,1997.0,0.0,337886.0,0.360579,1.382816,LTU,DNK,0484
636,132,64,696,1997.0,0.0,190458.0,0.332958,0.51665,LVA,DNK,0484
637,133,64,696,1997.0,0.0,109509.0,-0.061292,-0.44707399999999997,MAC,DNK,0484
638,134,64,696,1997.0,8983.0,53394.0,-0.635337,-0.336298,MAR,DNK,0484
639,135,64,696,1997.0,0.0,102403.0,0.14225,-0.250556,MDA,DNK,0484
640,138,64,696,1997.0,198255.0,323889.0,0.7735350000000001,0.9161590000000001,MEX,DNK,0484
641,142,64,696,1997.0,0.0,231293.0,1.1063180000000001,0.377209,MLT,DNK,0484
642,145,64,696,1997.0,0.0,5612.0,-0.569797,-0.9604370000000001,MNG,DNK,0484
643,148,64,696,1997.0,0.0,53782.0,-1.730246,-1.3439969999999999,MRT,DNK,0484
644,151,64,696,1997.0,0.0,23742.0,-0.42358999999999997,-0.680841,MUS,DNK,0484
645,153,64,696,1997.0,0.0,1016866.0,0.526754,0.33065700000000003,MYS,DNK,0484
646,156,64,696,1997.0,0.0,25546.0,-0.600665,-0.8788389999999999,NCL,DNK,0484
647,159,64,696,1997.0,0.0,253937.0,-1.8354990000000002,-1.246493,NGA,DNK,0484
648,162,64,696,1997.0,8091422.0,3001921.0,1.327106,1.520932,NLD,DNK,0484
649,163,64,696,1997.0,3737874.0,20309724.0,0.857735,0.061844,NOR,DNK,0484
650,166,64,696,1997.0,0.0,374935.0,0.372052,0.764854,NZL,DNK,0484
651,167,64,696,1997.0,0.0,277073.0,-0.233342,-0.9922049999999999,OMN,DNK,0484
652,168,64,696,1997.0,0.0,18371.0,-0.844282,-0.602616,PAK,DNK,0484
653,169,64,696,1997.0,0.0,122552.0,0.0038,0.036532999999999996,PAN,DNK,0484
654,173,64,696,1997.0,0.0,440062.0,-0.603019,-0.365845,PER,DNK,0484
655,174,64,696,1997.0,1576.0,1026313.0,0.044834,0.024782,PHL,DNK,0484
656,177,64,696,1997.0,111431.0,279344.0,0.8447319999999999,2.000241,POL,DNK,0484
657,179,64,696,1997.0,1048062.0,701553.0,0.496633,1.025231,PRT,DNK,0484
658,180,64,696,1997.0,0.0,189139.0,-0.6051380000000001,-0.708271,PRY,DNK,0484
659,182,64,696,1997.0,0.0,14262.0,0.431432,-0.5432020000000001,PYF,DNK,0484
660,183,64,696,1997.0,0.0,109903.0,-1.1276760000000001,-1.233235,QAT,DNK,0484
661,185,64,696,1997.0,0.0,12612.0,0.666251,1.31932,ROU,DNK,0484
662,186,64,696,1997.0,0.0,73632968.0,0.572773,0.375446,RUS,DNK,0484
663,187,64,696,1997.0,0.0,28325.0,-0.337464,-0.8656,RWA,DNK,0484
664,188,64,696,1997.0,47876.0,927814.0,-0.300809,-1.0455,SAU,DNK,0484
665,189,64,696,1997.0,2872.0,4293.0,0.626724,1.7948549999999999,SCG,DNK,0484
666,190,64,696,1997.0,0.0,25867.0,-1.248538,-1.197904,SDN,DNK,0484
667,191,64,696,1997.0,0.0,2720.0,-0.660837,-0.768874,SEN,DNK,0484
668,192,64,696,1997.0,1966.0,1150043.0,1.1946700000000001,0.30503600000000003,SGP,DNK,0484
669,197,64,696,1997.0,0.0,23216.0,-0.069039,-0.094938,SLV,DNK,0484
670,206,64,696,1997.0,0.0,76396.0,1.265691,1.368739,SVK,DNK,0484
671,207,64,696,1997.0,419385.0,43368.0,1.449492,1.253379,SVN,DNK,0484
672,208,64,696,1997.0,14846099.0,16760367.0,2.0806709999999997,0.9541219999999999,SWE,DNK,0484
673,212,64,696,1997.0,2683.0,0.0,-0.932127,-0.963823,SYR,DNK,0484
674,215,64,696,1997.0,0.0,22636.0,-0.881602,-0.81079,TGO,DNK,0484
675,216,64,696,1997.0,74945.0,124594.0,0.216402,1.366618,THA,DNK,0484
676,222,64,696,1997.0,0.0,121889.0,0.051947,-0.405412,TTO,DNK,0484
677,223,64,696,1997.0,0.0,1626.0,-0.187276,-0.21877600000000003,TUN,DNK,0484
678,224,64,696,1997.0,150975.0,182649.0,0.154428,1.7573880000000002,TUR,DNK,0484
679,226,64,696,1997.0,0.0,43344.0,-1.243443,-0.537161,TZA,DNK,0484
680,228,64,696,1997.0,0.0,700061.0,0.7384539999999999,1.096947,UKR,DNK,0484
681,230,64,696,1997.0,0.0,389877.0,0.080024,0.669226,URY,DNK,0484
682,231,64,696,1997.0,510076.0,36466968.0,1.875847,0.46257299999999996,USA,DNK,0484
683,234,64,696,1997.0,0.0,4483.0,0.059354,-0.545099,VCT,DNK,0484
684,236,64,696,1997.0,0.0,63889.0,-0.137776,-0.750744,VEN,DNK,0484
685,239,64,696,1997.0,5213.0,133734.0,-0.67516,0.251436,VNM,DNK,0484
686,243,64,696,1997.0,0.0,27661.0,-1.665484,-1.292243,YEM,DNK,0484
687,246,64,696,1997.0,0.0,290370.0,0.29381199999999996,1.276557,ZAF,DNK,0484
688,247,64,696,1997.0,0.0,8704.0,-0.8659309999999999,-0.88536,ZMB,DNK,0484
689,249,64,696,1997.0,0.0,162414.0,1.557128,1.434424,TWN,DNK,0484
690,250,64,696,1997.0,40785.0,20331.0,1.004537,0.782725,ANS,DNK,0484
691,8,65,696,1997.0,151546.0,0.0,0.072589,0.965456,ARG,DOM,0484
692,18,65,696,1997.0,8438.0,0.0,1.470183,1.312167,BEL,DOM,0484
693,39,65,696,1997.0,10898.0,3953.0,0.928586,1.3413389999999998,CAN,DOM,0484
694,41,65,696,1997.0,10074.0,1132.0,2.327788,0.682804,CHE,DOM,0484
695,42,65,696,1997.0,169761.0,0.0,-0.06841799999999999,-0.21526199999999998,CHL,DOM,0484
696,49,65,696,1997.0,499199.0,0.0,0.023456,0.057771,COL,DOM,0484
697,52,65,696,1997.0,0.0,12244.0,-0.158667,0.204758,CRI,DOM,0484
698,61,65,696,1997.0,28840.0,0.0,2.360316,-2.655514,DEU,DOM,0484
699,64,65,696,1997.0,219885.0,0.0,1.422606,1.395373,DNK,DOM,0484
700,67,65,696,1997.0,21751.0,0.0,-1.124002,-1.0084549999999999,ECU,DOM,0484
701,71,65,696,1997.0,262286.0,0.0,1.068989,1.9429439999999998,ESP,DOM,0484
702,77,65,696,1997.0,0.0,510974.0,1.6737630000000001,0.7499439999999999,FRA,DOM,0484
703,81,65,696,1997.0,111228.0,0.0,1.9742490000000001,0.7046359999999999,GBR,DOM,0484
704,93,65,696,1997.0,26718.0,0.0,-0.17965,0.23698200000000003,GTM,DOM,0484
705,101,65,696,1997.0,0.0,1934461.0,-0.6864100000000001,-0.687077,HTI,DOM,0484
706,111,65,696,1997.0,178407.0,0.0,1.596917,0.8313959999999999,ITA,DOM,0484
707,112,65,696,1997.0,38890.0,10807.0,-0.6338739999999999,-0.838622,JAM,DOM,0484
708,121,65,696,1997.0,2639.0,0.0,1.2642,1.164231,KOR,DOM,0484
709,138,65,696,1997.0,150290.0,0.0,0.7735350000000001,0.9161590000000001,MEX,DOM,0484
710,160,65,696,1997.0,137129.0,0.0,-0.699387,-0.460178,NIC,DOM,0484
711,162,65,696,1997.0,56054.0,0.0,1.327106,1.520932,NLD,DOM,0484
712,179,65,696,1997.0,27799.0,0.0,0.496633,1.025231,PRT,DOM,0484
713,213,65,696,1997.0,0.0,5503.0,0.32590399999999997,-0.406852,TCA,DOM,0484
714,231,65,696,1997.0,7310614.0,1537445.0,1.875847,0.46257299999999996,USA,DOM,0484
715,236,65,696,1997.0,188185.0,0.0,-0.137776,-0.750744,VEN,DOM,0484
716,8,67,696,1997.0,30444.0,0.0,0.072589,0.965456,ARG,ECU,0484
717,18,67,696,1997.0,50372.0,0.0,1.470183,1.312167,BEL,ECU,0484
718,31,67,696,1997.0,0.0,5744.0,-0.765684,-0.796686,BOL,ECU,0484
719,32,67,696,1997.0,49590.0,0.0,0.805759,1.249182,BRA,ECU,0484
720,39,67,696,1997.0,1811.0,0.0,0.928586,1.3413389999999998,CAN,ECU,0484
721,42,67,696,1997.0,1061473.0,0.0,-0.06841799999999999,-0.21526199999999998,CHL,ECU,0484
722,43,67,696,1997.0,10113.0,0.0,0.380294,2.389738,CHN,ECU,0484
723,49,67,696,1997.0,4558618.0,1142048.0,0.023456,0.057771,COL,ECU,0484
724,61,67,696,1997.0,52658.0,0.0,2.360316,-2.655514,DEU,ECU,0484
725,64,67,696,1997.0,65592.0,0.0,1.422606,1.395373,DNK,ECU,0484
726,65,67,696,1997.0,0.0,21751.0,-0.5140170000000001,-0.564107,DOM,ECU,0484
727,71,67,696,1997.0,104249.0,0.0,1.068989,1.9429439999999998,ESP,ECU,0484
728,72,67,696,1997.0,0.0,10061.0,0.45792,1.148099,EST,ECU,0484
729,81,67,696,1997.0,49866.0,0.0,1.9742490000000001,0.7046359999999999,GBR,ECU,0484
730,111,67,696,1997.0,857629.0,1623.0,1.596917,0.8313959999999999,ITA,ECU,0484
731,138,67,696,1997.0,19069.0,1270420.0,0.7735350000000001,0.9161590000000001,MEX,ECU,0484
732,169,67,696,1997.0,2038.0,0.0,0.0038,0.036532999999999996,PAN,ECU,0484
733,173,67,696,1997.0,26395.0,205063.0,-0.603019,-0.365845,PER,ECU,0484
734,185,67,696,1997.0,0.0,4160.0,0.666251,1.31932,ROU,ECU,0484
735,186,67,696,1997.0,0.0,2382.0,0.572773,0.375446,RUS,ECU,0484
736,192,67,696,1997.0,10259.0,0.0,1.1946700000000001,0.30503600000000003,SGP,ECU,0484
737,224,67,696,1997.0,15431.0,0.0,0.154428,1.7573880000000002,TUR,ECU,0484
738,230,67,696,1997.0,3946.0,0.0,0.080024,0.669226,URY,ECU,0484
739,231,67,696,1997.0,1152575.0,35269.0,1.875847,0.46257299999999996,USA,ECU,0484
740,236,67,696,1997.0,521917.0,82614.0,-0.137776,-0.750744,VEN,ECU,0484
741,2,71,696,1997.0,0.0,1301167.0,-1.800252,-1.237594,AGO,ESP,0484
742,4,71,696,1997.0,0.0,9937.0,-0.375654,-0.124279,ALB,ESP,0484
743,5,71,696,1997.0,2816.0,4665518.0,1.097696,0.751235,AND,ESP,0484
744,7,71,696,1997.0,0.0,152518.0,-0.317351,-0.8786510000000001,ARE,ESP,0484
745,8,71,696,1997.0,205657.0,801738.0,0.072589,0.965456,ARG,ESP,0484
746,9,71,696,1997.0,0.0,19762.0,0.818788,0.226075,ARM,ESP,0484
747,14,71,696,1997.0,0.0,77789.0,-0.033861,0.647668,AUS,ESP,0484
748,15,71,696,1997.0,522452.0,651538.0,1.904005,0.445169,AUT,ESP,0484
749,16,71,696,1997.0,0.0,14007.0,0.28532199999999996,-0.00025299999999999997,AZE,ESP,0484
750,17,71,696,1997.0,0.0,14846.0,-1.5636430000000001,-1.0257479999999999,BDI,ESP,0484
751,18,71,696,1997.0,9594738.0,6459502.0,1.470183,1.312167,BEL,ESP,0484
752,19,71,696,1997.0,0.0,36763.0,-1.357169,-1.089711,BEN,ESP,0484
753,21,71,696,1997.0,0.0,1624.0,-0.329098,-0.885215,BFA,ESP,0484
754,23,71,696,1997.0,0.0,26548.0,0.523226,1.4133959999999999,BGR,ESP,0484
755,24,71,696,1997.0,0.0,10124.0,-0.44965,-1.035584,BHR,ESP,0484
756,26,71,696,1997.0,0.0,53445.0,0.517231,0.321515,BIH,ESP,0484
757,31,71,696,1997.0,0.0,4890.0,-0.765684,-0.796686,BOL,ESP,0484
758,32,71,696,1997.0,0.0,197025.0,0.805759,1.249182,BRA,ESP,0484
759,39,71,696,1997.0,0.0,1489031.0,0.928586,1.3413389999999998,CAN,ESP,0484
760,41,71,696,1997.0,308348.0,3216297.0,2.327788,0.682804,CHE,ESP,0484
761,42,71,696,1997.0,0.0,707441.0,-0.06841799999999999,-0.21526199999999998,CHL,ESP,0484
762,43,71,696,1997.0,26324.0,38673.0,0.380294,2.389738,CHN,ESP,0484
763,44,71,696,1997.0,0.0,25833.0,-0.647407,-0.603726,CIV,ESP,0484
764,45,71,696,1997.0,0.0,18778.0,-1.0663340000000001,-1.047091,CMR,ESP,0484
765,46,71,696,1997.0,0.0,11862.0,-1.092385,-1.074017,COD,ESP,0484
766,49,71,696,1997.0,10942.0,62438.0,0.023456,0.057771,COL,ESP,0484
767,51,71,696,1997.0,0.0,15988.0,1.1987079999999999,0.084231,CPV,ESP,0484
768,52,71,696,1997.0,0.0,115935.0,-0.158667,0.204758,CRI,ESP,0484
769,54,71,696,1997.0,0.0,468688.0,-0.793234,-1.169625,CUB,ESP,0484
770,58,71,696,1997.0,0.0,113259.0,0.45144700000000004,0.46707600000000005,CYP,ESP,0484
771,59,71,696,1997.0,0.0,424732.0,1.450452,1.031814,CZE,ESP,0484
772,61,71,696,1997.0,30318160.0,26317044.0,2.360316,-2.655514,DEU,ESP,0484
773,62,71,696,1997.0,0.0,17345.0,0.388331,0.05764299999999999,DJI,ESP,0484
774,64,71,696,1997.0,8015702.0,723026.0,1.422606,1.395373,DNK,ESP,0484
775,65,71,696,1997.0,0.0,262286.0,-0.5140170000000001,-0.564107,DOM,ESP,0484
776,66,71,696,1997.0,6527.0,608272.0,-0.8557879999999999,-1.150101,DZA,ESP,0484
777,67,71,696,1997.0,0.0,104249.0,-1.124002,-1.0084549999999999,ECU,ESP,0484
778,68,71,696,1997.0,0.0,60792.0,-0.34861,0.005477,EGY,ESP,0484
779,72,71,696,1997.0,0.0,48041.0,0.45792,1.148099,EST,ESP,0484
780,73,71,696,1997.0,0.0,34768.0,-1.141928,-1.187119,ETH,ESP,0484
781,74,71,696,1997.0,0.0,893662.0,1.991377,1.047477,FIN,ESP,0484
782,77,71,696,1997.0,70850384.0,33834248.0,1.6737630000000001,0.7499439999999999,FRA,ESP,0484
783,78,71,696,1997.0,0.0,7880.0,-0.530698,-0.7939109999999999,FRO,ESP,0484
784,80,71,696,1997.0,0.0,47633.0,-1.277642,-1.178244,GAB,ESP,0484
785,81,71,696,1997.0,32727292.0,22264940.0,1.9742490000000001,0.7046359999999999,GBR,ESP,0484
786,82,71,696,1997.0,0.0,127428.0,0.347408,0.106341,GEO,ESP,0484
787,83,71,696,1997.0,0.0,8550.0,-1.03989,-0.979039,GHA,ESP,0484
788,84,71,696,1997.0,4782.0,1479733.0,0.643548,-0.164009,GIB,ESP,0484
789,85,71,696,1997.0,0.0,42225.0,-1.223583,-1.14157,GIN,ESP,0484
790,87,71,696,1997.0,0.0,1242.0,-0.686094,-0.8130609999999999,GMB,ESP,0484
791,89,71,696,1997.0,0.0,395765.0,-1.7029490000000003,-0.880605,GNQ,ESP,0484
792,90,71,696,1997.0,112577.0,2711040.0,0.225904,1.291959,GRC,ESP,0484
793,93,71,696,1997.0,0.0,1476.0,-0.17965,0.23698200000000003,GTM,ESP,0484
794,97,71,696,1997.0,0.0,360482.0,0.475945,1.7576919999999998,HKG,ESP,0484
795,100,71,696,1997.0,0.0,4367.0,0.61283,1.321775,HRV,ESP,0484
796,101,71,696,1997.0,0.0,20954.0,-0.6864100000000001,-0.687077,HTI,ESP,0484
797,102,71,696,1997.0,40531.0,94143.0,0.9121799999999999,1.55321,HUN,ESP,0484
798,103,71,696,1997.0,0.0,20633.0,-0.21049600000000002,1.318692,IDN,ESP,0484
799,106,71,696,1997.0,310865.0,389439.0,1.579974,1.018361,IRL,ESP,0484
800,109,71,696,1997.0,0.0,141822.0,0.33665700000000004,-0.42348,ISL,ESP,0484
801,110,71,696,1997.0,410462.0,1171635.0,1.404901,1.072135,ISR,ESP,0484
802,111,71,696,1997.0,46149592.0,14651484.0,1.596917,0.8313959999999999,ITA,ESP,0484
803,113,71,696,1997.0,0.0,48787.0,0.641787,0.484512,JOR,ESP,0484
804,114,71,696,1997.0,323089.0,225909.0,2.771316,0.545821,JPN,ESP,0484
805,115,71,696,1997.0,0.0,362027.0,0.302596,-0.028221,KAZ,ESP,0484
806,116,71,696,1997.0,0.0,6714.0,-0.363967,0.218183,KEN,ESP,0484
807,121,71,696,1997.0,4893.0,256297.0,1.2642,1.164231,KOR,ESP,0484
808,122,71,696,1997.0,0.0,353181.0,-1.0192139999999998,-1.193627,KWT,ESP,0484
809,124,71,696,1997.0,0.0,852170.0,0.28229299999999996,1.0650549999999999,LBN,ESP,0484
810,126,71,696,1997.0,0.0,11852.0,-0.662351,-1.1515309999999999,LBY,ESP,0484
811,130,71,696,1997.0,0.0,206160.0,0.360579,1.382816,LTU,ESP,0484
812,132,71,696,1997.0,0.0,32841.0,0.332958,0.51665,LVA,ESP,0484
813,133,71,696,1997.0,0.0,15129.0,-0.061292,-0.44707399999999997,MAC,ESP,0484
814,134,71,696,1997.0,44246.0,744819.0,-0.635337,-0.336298,MAR,ESP,0484
815,136,71,696,1997.0,0.0,5558.0,-1.090898,-0.605175,MDG,ESP,0484
816,138,71,696,1997.0,38098.0,851966.0,0.7735350000000001,0.9161590000000001,MEX,ESP,0484
817,141,71,696,1997.0,0.0,2331.0,-1.166924,-1.060552,MLI,ESP,0484
818,142,71,696,1997.0,80719.0,221048.0,1.1063180000000001,0.377209,MLT,ESP,0484
819,145,71,696,1997.0,0.0,28945.0,-0.569797,-0.9604370000000001,MNG,ESP,0484
820,148,71,696,1997.0,0.0,213231.0,-1.730246,-1.3439969999999999,MRT,ESP,0484
821,151,71,696,1997.0,0.0,13342.0,-0.42358999999999997,-0.680841,MUS,ESP,0484
822,153,71,696,1997.0,40427.0,6475.0,0.526754,0.33065700000000003,MYS,ESP,0484
823,159,71,696,1997.0,0.0,55954.0,-1.8354990000000002,-1.246493,NGA,ESP,0484
824,162,71,696,1997.0,4378310.0,8170680.0,1.327106,1.520932,NLD,ESP,0484
825,163,71,696,1997.0,23595.0,57679.0,0.857735,0.061844,NOR,ESP,0484
826,166,71,696,1997.0,1516.0,7958.0,0.372052,0.764854,NZL,ESP,0484
827,167,71,696,1997.0,0.0,5390.0,-0.233342,-0.9922049999999999,OMN,ESP,0484
828,169,71,696,1997.0,0.0,3731.0,0.0038,0.036532999999999996,PAN,ESP,0484
829,173,71,696,1997.0,20196.0,33741.0,-0.603019,-0.365845,PER,ESP,0484
830,174,71,696,1997.0,1835.0,38892.0,0.044834,0.024782,PHL,ESP,0484
831,177,71,696,1997.0,0.0,16225.0,0.8447319999999999,2.000241,POL,ESP,0484
832,179,71,696,1997.0,10562852.0,51114200.0,0.496633,1.025231,PRT,ESP,0484
833,180,71,696,1997.0,0.0,24478.0,-0.6051380000000001,-0.708271,PRY,ESP,0484
834,182,71,696,1997.0,0.0,17177.0,0.431432,-0.5432020000000001,PYF,ESP,0484
835,183,71,696,1997.0,0.0,5974.0,-1.1276760000000001,-1.233235,QAT,ESP,0484
836,185,71,696,1997.0,0.0,89911.0,0.666251,1.31932,ROU,ESP,0484
837,186,71,696,1997.0,0.0,19205428.0,0.572773,0.375446,RUS,ESP,0484
838,187,71,696,1997.0,0.0,17171.0,-0.337464,-0.8656,RWA,ESP,0484
839,188,71,696,1997.0,0.0,1427280.0,-0.300809,-1.0455,SAU,ESP,0484
840,189,71,696,1997.0,0.0,64900.0,0.626724,1.7948549999999999,SCG,ESP,0484
841,191,71,696,1997.0,0.0,17010.0,-0.660837,-0.768874,SEN,ESP,0484
842,192,71,696,1997.0,143074.0,5821.0,1.1946700000000001,0.30503600000000003,SGP,ESP,0484
843,196,71,696,1997.0,0.0,25308.0,-0.279858,-0.632066,SLE,ESP,0484
844,197,71,696,1997.0,0.0,2994.0,-0.069039,-0.094938,SLV,ESP,0484
845,205,71,696,1997.0,0.0,1612.0,-1.125928,-0.980981,SUR,ESP,0484
846,206,71,696,1997.0,0.0,11527.0,1.265691,1.368739,SVK,ESP,0484
847,208,71,696,1997.0,1175726.0,338779.0,2.0806709999999997,0.9541219999999999,SWE,ESP,0484
848,215,71,696,1997.0,0.0,7606.0,-0.881602,-0.81079,TGO,ESP,0484
849,216,71,696,1997.0,51163.0,0.0,0.216402,1.366618,THA,ESP,0484
850,222,71,696,1997.0,0.0,2343.0,0.051947,-0.405412,TTO,ESP,0484
851,223,71,696,1997.0,4570.0,373627.0,-0.187276,-0.21877600000000003,TUN,ESP,0484
852,224,71,696,1997.0,5379.0,345999.0,0.154428,1.7573880000000002,TUR,ESP,0484
853,226,71,696,1997.0,0.0,10437.0,-1.243443,-0.537161,TZA,ESP,0484
854,228,71,696,1997.0,0.0,1262169.0,0.7384539999999999,1.096947,UKR,ESP,0484
855,230,71,696,1997.0,1163.0,213434.0,0.080024,0.669226,URY,ESP,0484
856,231,71,696,1997.0,1238851.0,4931524.0,1.875847,0.46257299999999996,USA,ESP,0484
857,236,71,696,1997.0,0.0,105355.0,-0.137776,-0.750744,VEN,ESP,0484
858,239,71,696,1997.0,72393.0,0.0,-0.67516,0.251436,VNM,ESP,0484
859,243,71,696,1997.0,0.0,68256.0,-1.665484,-1.292243,YEM,ESP,0484
860,246,71,696,1997.0,0.0,40114.0,0.29381199999999996,1.276557,ZAF,ESP,0484
861,247,71,696,1997.0,0.0,20943.0,-0.8659309999999999,-0.88536,ZMB,ESP,0484
862,249,71,696,1997.0,39305.0,20992.0,1.557128,1.434424,TWN,ESP,0484
863,250,71,696,1997.0,5984.0,82920.0,1.004537,0.782725,ANS,ESP,0484
864,8,74,696,1997.0,56639.0,0.0,0.072589,0.965456,ARG,FIN,0484
865,14,74,696,1997.0,0.0,92365.0,-0.033861,0.647668,AUS,FIN,0484
866,15,74,696,1997.0,261705.0,114144.0,1.904005,0.445169,AUT,FIN,0484
867,16,74,696,1997.0,0.0,25878.0,0.28532199999999996,-0.00025299999999999997,AZE,FIN,0484
868,18,74,696,1997.0,4248200.0,224486.0,1.470183,1.312167,BEL,FIN,0484
869,28,74,696,1997.0,0.0,8317.0,0.716832,0.706486,BLR,FIN,0484
870,39,74,696,1997.0,84598.0,83307.0,0.928586,1.3413389999999998,CAN,FIN,0484
871,41,74,696,1997.0,73501.0,107802.0,2.327788,0.682804,CHE,FIN,0484
872,43,74,696,1997.0,2647.0,1652.0,0.380294,2.389738,CHN,FIN,0484
873,58,74,696,1997.0,0.0,1386.0,0.45144700000000004,0.46707600000000005,CYP,FIN,0484
874,59,74,696,1997.0,17102.0,108029.0,1.450452,1.031814,CZE,FIN,0484
875,61,74,696,1997.0,6656618.0,2216949.0,2.360316,-2.655514,DEU,FIN,0484
876,64,74,696,1997.0,5280134.0,927701.0,1.422606,1.395373,DNK,FIN,0484
877,71,74,696,1997.0,893662.0,0.0,1.068989,1.9429439999999998,ESP,FIN,0484
878,72,74,696,1997.0,40143.0,3975652.0,0.45792,1.148099,EST,FIN,0484
879,77,74,696,1997.0,5327980.0,587792.0,1.6737630000000001,0.7499439999999999,FRA,FIN,0484
880,78,74,696,1997.0,0.0,1949.0,-0.530698,-0.7939109999999999,FRO,FIN,0484
881,81,74,696,1997.0,6960300.0,2208360.0,1.9742490000000001,0.7046359999999999,GBR,FIN,0484
882,83,74,696,1997.0,0.0,15239.0,-1.03989,-0.979039,GHA,FIN,0484
883,90,74,696,1997.0,74299.0,188653.0,0.225904,1.291959,GRC,FIN,0484
884,100,74,696,1997.0,0.0,62023.0,0.61283,1.321775,HRV,FIN,0484
885,102,74,696,1997.0,0.0,2266.0,0.9121799999999999,1.55321,HUN,FIN,0484
886,106,74,696,1997.0,183356.0,0.0,1.579974,1.018361,IRL,FIN,0484
887,109,74,696,1997.0,0.0,40660.0,0.33665700000000004,-0.42348,ISL,FIN,0484
888,110,74,696,1997.0,14168.0,46847.0,1.404901,1.072135,ISR,FIN,0484
889,111,74,696,1997.0,313110.0,0.0,1.596917,0.8313959999999999,ITA,FIN,0484
890,112,74,696,1997.0,0.0,16647.0,-0.6338739999999999,-0.838622,JAM,FIN,0484
891,114,74,696,1997.0,3193.0,217834.0,2.771316,0.545821,JPN,FIN,0484
892,115,74,696,1997.0,0.0,210680.0,0.302596,-0.028221,KAZ,FIN,0484
893,121,74,696,1997.0,0.0,68749.0,1.2642,1.164231,KOR,FIN,0484
894,130,74,696,1997.0,0.0,67643.0,0.360579,1.382816,LTU,FIN,0484
895,132,74,696,1997.0,0.0,256634.0,0.332958,0.51665,LVA,FIN,0484
896,135,74,696,1997.0,0.0,18269.0,0.14225,-0.250556,MDA,FIN,0484
897,142,74,696,1997.0,0.0,8130.0,1.1063180000000001,0.377209,MLT,FIN,0484
898,145,74,696,1997.0,0.0,1874.0,-0.569797,-0.9604370000000001,MNG,FIN,0484
899,153,74,696,1997.0,7781.0,0.0,0.526754,0.33065700000000003,MYS,FIN,0484
900,162,74,696,1997.0,2593579.0,1481688.0,1.327106,1.520932,NLD,FIN,0484
901,163,74,696,1997.0,4921560.0,1237699.0,0.857735,0.061844,NOR,FIN,0484
902,177,74,696,1997.0,0.0,1113.0,0.8447319999999999,2.000241,POL,FIN,0484
903,179,74,696,1997.0,17004.0,11821.0,0.496633,1.025231,PRT,FIN,0484
904,186,74,696,1997.0,33491.0,4858296.0,0.572773,0.375446,RUS,FIN,0484
905,188,74,696,1997.0,0.0,39213.0,-0.300809,-1.0455,SAU,FIN,0484
906,208,74,696,1997.0,15747271.0,6190214.0,2.0806709999999997,0.9541219999999999,SWE,FIN,0484
907,216,74,696,1997.0,1004.0,0.0,0.216402,1.366618,THA,FIN,0484
908,224,74,696,1997.0,8913.0,0.0,0.154428,1.7573880000000002,TUR,FIN,0484
909,228,74,696,1997.0,0.0,65008.0,0.7384539999999999,1.096947,UKR,FIN,0484
910,231,74,696,1997.0,375234.0,899800.0,1.875847,0.46257299999999996,USA,FIN,0484
911,246,74,696,1997.0,0.0,47484.0,0.29381199999999996,1.276557,ZAF,FIN,0484
912,2,77,696,1997.0,0.0,175560.0,-1.800252,-1.237594,AGO,FRA,0484
913,4,77,696,1997.0,0.0,7253.0,-0.375654,-0.124279,ALB,FRA,0484
914,5,77,696,1997.0,16303.0,1042729.0,1.097696,0.751235,AND,FRA,0484
915,6,77,696,1997.0,0.0,19432.0,-0.027541000000000003,-0.56389,ANT,FRA,0484
916,7,77,696,1997.0,37024.0,1350713.0,-0.317351,-0.8786510000000001,ARE,FRA,0484
917,8,77,696,1997.0,0.0,719031.0,0.072589,0.965456,ARG,FRA,0484
918,9,77,696,1997.0,0.0,27612.0,0.818788,0.226075,ARM,FRA,0484
919,14,77,696,1997.0,66436.0,4278739.0,-0.033861,0.647668,AUS,FRA,0484
920,15,77,696,1997.0,1919375.0,4883144.0,1.904005,0.445169,AUT,FRA,0484
921,16,77,696,1997.0,0.0,62628.0,0.28532199999999996,-0.00025299999999999997,AZE,FRA,0484
922,17,77,696,1997.0,0.0,6343.0,-1.5636430000000001,-1.0257479999999999,BDI,FRA,0484
923,18,77,696,1997.0,200718752.0,159715008.0,1.470183,1.312167,BEL,FRA,0484
924,19,77,696,1997.0,0.0,353510.0,-1.357169,-1.089711,BEN,FRA,0484
925,21,77,696,1997.0,20598.0,76718.0,-0.329098,-0.885215,BFA,FRA,0484
926,23,77,696,1997.0,59341.0,51683.0,0.523226,1.4133959999999999,BGR,FRA,0484
927,24,77,696,1997.0,0.0,31492.0,-0.44965,-1.035584,BHR,FRA,0484
928,25,77,696,1997.0,0.0,1148.0,0.82352,-0.091626,BHS,FRA,0484
929,26,77,696,1997.0,0.0,41698.0,0.517231,0.321515,BIH,FRA,0484
930,30,77,696,1997.0,0.0,1242.0,0.41035200000000005,-0.552818,BMU,FRA,0484
931,31,77,696,1997.0,0.0,5925.0,-0.765684,-0.796686,BOL,FRA,0484
932,32,77,696,1997.0,0.0,1124417.0,0.805759,1.249182,BRA,FRA,0484
933,33,77,696,1997.0,267109.0,8486.0,0.916416,0.490241,BRB,FRA,0484
934,34,77,696,1997.0,0.0,10996.0,-0.443665,-0.825732,BRN,FRA,0484
935,38,77,696,1997.0,0.0,24534.0,-1.590886,-1.038663,CAF,FRA,0484
936,39,77,696,1997.0,292343.0,2410652.0,0.928586,1.3413389999999998,CAN,FRA,0484
937,41,77,696,1997.0,16452688.0,16124679.0,2.327788,0.682804,CHE,FRA,0484
938,42,77,696,1997.0,0.0,25870.0,-0.06841799999999999,-0.21526199999999998,CHL,FRA,0484
939,43,77,696,1997.0,136675.0,7707.0,0.380294,2.389738,CHN,FRA,0484
940,44,77,696,1997.0,0.0,883930.0,-0.647407,-0.603726,CIV,FRA,0484
941,45,77,696,1997.0,0.0,473768.0,-1.0663340000000001,-1.047091,CMR,FRA,0484
942,46,77,696,1997.0,0.0,65071.0,-1.092385,-1.074017,COD,FRA,0484
943,47,77,696,1997.0,0.0,152959.0,-1.484108,-1.2106190000000001,COG,FRA,0484
944,49,77,696,1997.0,126416.0,84366.0,0.023456,0.057771,COL,FRA,0484
945,50,77,696,1997.0,0.0,508552.0,0.44647200000000004,-0.524514,COM,FRA,0484
946,52,77,696,1997.0,0.0,17773.0,-0.158667,0.204758,CRI,FRA,0484
947,54,77,696,1997.0,0.0,54209.0,-0.793234,-1.169625,CUB,FRA,0484
948,58,77,696,1997.0,39236.0,665402.0,0.45144700000000004,0.46707600000000005,CYP,FRA,0484
949,59,77,696,1997.0,13186.0,2016876.0,1.450452,1.031814,CZE,FRA,0484
950,61,77,696,1997.0,203257408.0,179760464.0,2.360316,-2.655514,DEU,FRA,0484
951,62,77,696,1997.0,0.0,530167.0,0.388331,0.05764299999999999,DJI,FRA,0484
952,64,77,696,1997.0,10278595.0,5728833.0,1.422606,1.395373,DNK,FRA,0484
953,65,77,696,1997.0,510974.0,0.0,-0.5140170000000001,-0.564107,DOM,FRA,0484
954,66,77,696,1997.0,0.0,342039.0,-0.8557879999999999,-1.150101,DZA,FRA,0484
955,68,77,696,1997.0,0.0,237783.0,-0.34861,0.005477,EGY,FRA,0484
956,71,77,696,1997.0,33834248.0,70850384.0,1.068989,1.9429439999999998,ESP,FRA,0484
957,72,77,696,1997.0,0.0,349811.0,0.45792,1.148099,EST,FRA,0484
958,73,77,696,1997.0,0.0,9802.0,-1.141928,-1.187119,ETH,FRA,0484
959,74,77,696,1997.0,587792.0,5327980.0,1.991377,1.047477,FIN,FRA,0484
960,80,77,696,1997.0,0.0,1018217.0,-1.277642,-1.178244,GAB,FRA,0484
961,81,77,696,1997.0,75400528.0,91696832.0,1.9742490000000001,0.7046359999999999,GBR,FRA,0484
962,82,77,696,1997.0,0.0,6438.0,0.347408,0.106341,GEO,FRA,0484
963,83,77,696,1997.0,0.0,41773.0,-1.03989,-0.979039,GHA,FRA,0484
964,84,77,696,1997.0,0.0,22824.0,0.643548,-0.164009,GIB,FRA,0484
965,85,77,696,1997.0,0.0,90588.0,-1.223583,-1.14157,GIN,FRA,0484
966,87,77,696,1997.0,0.0,3870.0,-0.686094,-0.8130609999999999,GMB,FRA,0484
967,88,77,696,1997.0,0.0,2413.0,-1.8178439999999998,-1.023784,GNB,FRA,0484
968,89,77,696,1997.0,0.0,44879.0,-1.7029490000000003,-0.880605,GNQ,FRA,0484
969,90,77,696,1997.0,774175.0,4829384.0,0.225904,1.291959,GRC,FRA,0484
970,92,77,696,1997.0,0.0,79896.0,-0.7822520000000001,-0.906492,GRL,FRA,0484
971,93,77,696,1997.0,7155.0,7056.0,-0.17965,0.23698200000000003,GTM,FRA,0484
972,96,77,696,1997.0,0.0,66492.0,-0.5991029999999999,-0.769726,GUY,FRA,0484
973,97,77,696,1997.0,362115.0,1260840.0,0.475945,1.7576919999999998,HKG,FRA,0484
974,100,77,696,1997.0,3570.0,294037.0,0.61283,1.321775,HRV,FRA,0484
975,101,77,696,1997.0,0.0,29111.0,-0.6864100000000001,-0.687077,HTI,FRA,0484
976,102,77,696,1997.0,0.0,95209.0,0.9121799999999999,1.55321,HUN,FRA,0484
977,103,77,696,1997.0,8199.0,66668.0,-0.21049600000000002,1.318692,IDN,FRA,0484
978,104,77,696,1997.0,15390.0,44811.0,0.150788,2.027932,IND,FRA,0484
979,106,77,696,1997.0,2781012.0,6601708.0,1.579974,1.018361,IRL,FRA,0484
980,107,77,696,1997.0,0.0,14565.0,-0.8911190000000001,-1.085849,IRN,FRA,0484
981,109,77,696,1997.0,15476.0,146220.0,0.33665700000000004,-0.42348,ISL,FRA,0484
982,110,77,696,1997.0,2788073.0,636153.0,1.404901,1.072135,ISR,FRA,0484
983,111,77,696,1997.0,129937264.0,65571196.0,1.596917,0.8313959999999999,ITA,FRA,0484
984,112,77,696,1997.0,4964.0,0.0,-0.6338739999999999,-0.838622,JAM,FRA,0484
985,113,77,696,1997.0,0.0,59663.0,0.641787,0.484512,JOR,FRA,0484
986,114,77,696,1997.0,327146.0,7735156.0,2.771316,0.545821,JPN,FRA,0484
987,115,77,696,1997.0,0.0,52466.0,0.302596,-0.028221,KAZ,FRA,0484
988,116,77,696,1997.0,0.0,11834.0,-0.363967,0.218183,KEN,FRA,0484
989,117,77,696,1997.0,0.0,34113.0,0.063303,-0.014279,KGZ,FRA,0484
990,118,77,696,1997.0,0.0,11513.0,-1.3386770000000001,-1.2547110000000001,KHM,FRA,0484
991,121,77,696,1997.0,199600.0,326036.0,1.2642,1.164231,KOR,FRA,0484
992,122,77,696,1997.0,0.0,208295.0,-1.0192139999999998,-1.193627,KWT,FRA,0484
993,124,77,696,1997.0,11720.0,2291842.0,0.28229299999999996,1.0650549999999999,LBN,FRA,0484
994,125,77,696,1997.0,0.0,21457.0,-0.77544,-1.122642,LBR,FRA,0484
995,126,77,696,1997.0,0.0,20309.0,-0.662351,-1.1515309999999999,LBY,FRA,0484
996,127,77,696,1997.0,0.0,1567.0,-0.193429,-0.606627,LCA,FRA,0484
997,128,77,696,1997.0,13570.0,0.0,-0.6467470000000001,-0.27831300000000003,LKA,FRA,0484
998,130,77,696,1997.0,0.0,593654.0,0.360579,1.382816,LTU,FRA,0484
999,132,77,696,1997.0,0.0,213385.0,0.332958,0.51665,LVA,FRA,0484
1000,133,77,696,1997.0,0.0,66518.0,-0.061292,-0.44707399999999997,MAC,FRA,0484
1001,134,77,696,1997.0,162266.0,571145.0,-0.635337,-0.336298,MAR,FRA,0484
1002,135,77,696,1997.0,0.0,242209.0,0.14225,-0.250556,MDA,FRA,0484
1003,136,77,696,1997.0,1085.0,235898.0,-1.090898,-0.605175,MDG,FRA,0484
1004,137,77,696,1997.0,0.0,5447.0,-1.0046620000000002,-1.0400340000000001,MDV,FRA,0484
1005,138,77,696,1997.0,5991.0,154290.0,0.7735350000000001,0.9161590000000001,MEX,FRA,0484
1006,141,77,696,1997.0,0.0,121601.0,-1.166924,-1.060552,MLI,FRA,0484
1007,142,77,696,1997.0,0.0,1272530.0,1.1063180000000001,0.377209,MLT,FRA,0484
1008,145,77,696,1997.0,0.0,28159.0,-0.569797,-0.9604370000000001,MNG,FRA,0484
1009,146,77,696,1997.0,0.0,13898.0,-0.698376,-0.9790459999999999,MNP,FRA,0484
1010,148,77,696,1997.0,0.0,177948.0,-1.730246,-1.3439969999999999,MRT,FRA,0484
1011,151,77,696,1997.0,18849.0,496042.0,-0.42358999999999997,-0.680841,MUS,FRA,0484
1012,153,77,696,1997.0,445182.0,81620.0,0.526754,0.33065700000000003,MYS,FRA,0484
1013,156,77,696,1997.0,0.0,2500420.0,-0.600665,-0.8788389999999999,NCL,FRA,0484
1014,157,77,696,1997.0,0.0,110040.0,-0.31505500000000003,-0.542254,NER,FRA,0484
1015,159,77,696,1997.0,0.0,69960.0,-1.8354990000000002,-1.246493,NGA,FRA,0484
1016,160,77,696,1997.0,0.0,1007.0,-0.699387,-0.460178,NIC,FRA,0484
1017,162,77,696,1997.0,83201832.0,29195210.0,1.327106,1.520932,NLD,FRA,0484
1018,163,77,696,1997.0,102020.0,4293198.0,0.857735,0.061844,NOR,FRA,0484
1019,166,77,696,1997.0,1628.0,580315.0,0.372052,0.764854,NZL,FRA,0484
1020,167,77,696,1997.0,0.0,8364.0,-0.233342,-0.9922049999999999,OMN,FRA,0484
1021,168,77,696,1997.0,3784.0,30718.0,-0.844282,-0.602616,PAK,FRA,0484
1022,169,77,696,1997.0,0.0,35399.0,0.0038,0.036532999999999996,PAN,FRA,0484
1023,173,77,696,1997.0,0.0,27236.0,-0.603019,-0.365845,PER,FRA,0484
1024,174,77,696,1997.0,7721.0,149200.0,0.044834,0.024782,PHL,FRA,0484
1025,177,77,696,1997.0,61559.0,2917906.0,0.8447319999999999,2.000241,POL,FRA,0484
1026,178,77,696,1997.0,0.0,10814.0,0.734805,0.8720889999999999,PRK,FRA,0484
1027,179,77,696,1997.0,2323292.0,16996906.0,0.496633,1.025231,PRT,FRA,0484
1028,180,77,696,1997.0,0.0,24648.0,-0.6051380000000001,-0.708271,PRY,FRA,0484
1029,182,77,696,1997.0,10366.0,1929666.0,0.431432,-0.5432020000000001,PYF,FRA,0484
1030,183,77,696,1997.0,0.0,223104.0,-1.1276760000000001,-1.233235,QAT,FRA,0484
1031,185,77,696,1997.0,0.0,965189.0,0.666251,1.31932,ROU,FRA,0484
1032,186,77,696,1997.0,0.0,21179914.0,0.572773,0.375446,RUS,FRA,0484
1033,187,77,696,1997.0,0.0,13302.0,-0.337464,-0.8656,RWA,FRA,0484
1034,188,77,696,1997.0,0.0,4063763.0,-0.300809,-1.0455,SAU,FRA,0484
1035,189,77,696,1997.0,19437.0,240820.0,0.626724,1.7948549999999999,SCG,FRA,0484
1036,190,77,696,1997.0,0.0,1291.0,-1.248538,-1.197904,SDN,FRA,0484
1037,191,77,696,1997.0,0.0,305347.0,-0.660837,-0.768874,SEN,FRA,0484
1038,192,77,696,1997.0,1165873.0,704726.0,1.1946700000000001,0.30503600000000003,SGP,FRA,0484
1039,200,77,696,1997.0,0.0,133537.0,0.514622,-0.220802,SPM,FRA,0484
1040,206,77,696,1997.0,0.0,434155.0,1.265691,1.368739,SVK,FRA,0484
1041,207,77,696,1997.0,0.0,800426.0,1.449492,1.253379,SVN,FRA,0484
1042,208,77,696,1997.0,20697292.0,8770440.0,2.0806709999999997,0.9541219999999999,SWE,FRA,0484
1043,211,77,696,1997.0,0.0,15825.0,-0.547613,-0.8543209999999999,SYC,FRA,0484
1044,212,77,696,1997.0,2769.0,0.0,-0.932127,-0.963823,SYR,FRA,0484
1045,214,77,696,1997.0,0.0,17279.0,-0.655004,-0.82094,TCD,FRA,0484
1046,215,77,696,1997.0,0.0,185219.0,-0.881602,-0.81079,TGO,FRA,0484
1047,216,77,696,1997.0,1638035.0,414832.0,0.216402,1.366618,THA,FRA,0484
1048,217,77,696,1997.0,0.0,7563.0,-0.095789,-0.706445,TJK,FRA,0484
1049,219,77,696,1997.0,0.0,12004.0,-0.580361,-1.071587,TKM,FRA,0484
1050,222,77,696,1997.0,27804.0,0.0,0.051947,-0.405412,TTO,FRA,0484
1051,223,77,696,1997.0,251778.0,325581.0,-0.187276,-0.21877600000000003,TUN,FRA,0484
1052,224,77,696,1997.0,109892.0,16399.0,0.154428,1.7573880000000002,TUR,FRA,0484
1053,228,77,696,1997.0,0.0,1245765.0,0.7384539999999999,1.096947,UKR,FRA,0484
1054,230,77,696,1997.0,0.0,30267.0,0.080024,0.669226,URY,FRA,0484
1055,231,77,696,1997.0,1694748.0,13851315.0,1.875847,0.46257299999999996,USA,FRA,0484
1056,232,77,696,1997.0,0.0,314630.0,-0.134113,-0.791415,UZB,FRA,0484
1057,236,77,696,1997.0,68529.0,26483.0,-0.137776,-0.750744,VEN,FRA,0484
1058,239,77,696,1997.0,1253754.0,130227.0,-0.67516,0.251436,VNM,FRA,0484
1059,240,77,696,1997.0,0.0,16849.0,-1.04932,-0.982175,VUT,FRA,0484
1060,241,77,696,1997.0,0.0,63821.0,-0.182943,-0.786458,WLF,FRA,0484
1061,243,77,696,1997.0,0.0,36233.0,-1.665484,-1.292243,YEM,FRA,0484
1062,246,77,696,1997.0,338261.0,130049.0,0.29381199999999996,1.276557,ZAF,FRA,0484
1063,249,77,696,1997.0,262556.0,633115.0,1.557128,1.434424,TWN,FRA,0484
1064,250,77,696,1997.0,1953201.0,131216.0,1.004537,0.782725,ANS,FRA,0484
1065,0,81,696,1997.0,0.0,117236.0,-1.338982,-0.866526,ABW,GBR,0484
1066,2,81,696,1997.0,0.0,77639.0,-1.800252,-1.237594,AGO,GBR,0484
1067,3,81,696,1997.0,0.0,2755.0,1.506348,0.734825,AIA,GBR,0484
1068,5,81,696,1997.0,0.0,99963.0,1.097696,0.751235,AND,GBR,0484
1069,6,81,696,1997.0,0.0,186793.0,-0.027541000000000003,-0.56389,ANT,GBR,0484
1070,7,81,696,1997.0,72835.0,16075625.0,-0.317351,-0.8786510000000001,ARE,GBR,0484
1071,8,81,696,1997.0,37086.0,252010.0,0.072589,0.965456,ARG,GBR,0484
1072,9,81,696,1997.0,0.0,40700.0,0.818788,0.226075,ARM,GBR,0484
1073,13,81,696,1997.0,0.0,210298.0,0.545288,-0.20344500000000001,ATG,GBR,0484
1074,14,81,696,1997.0,544700.0,9692071.0,-0.033861,0.647668,AUS,GBR,0484
1075,15,81,696,1997.0,5521774.0,2520198.0,1.904005,0.445169,AUT,GBR,0484
1076,16,81,696,1997.0,0.0,47218.0,0.28532199999999996,-0.00025299999999999997,AZE,GBR,0484
1077,18,81,696,1997.0,87478576.0,21860536.0,1.470183,1.312167,BEL,GBR,0484
1078,19,81,696,1997.0,0.0,3200.0,-1.357169,-1.089711,BEN,GBR,0484
1079,22,81,696,1997.0,9046.0,11393.0,-0.638734,-0.895301,BGD,GBR,0484
1080,23,81,696,1997.0,11981.0,198875.0,0.523226,1.4133959999999999,BGR,GBR,0484
1081,24,81,696,1997.0,0.0,1698899.0,-0.44965,-1.035584,BHR,GBR,0484
1082,25,81,696,1997.0,0.0,1562262.0,0.82352,-0.091626,BHS,GBR,0484
1083,26,81,696,1997.0,0.0,106485.0,0.517231,0.321515,BIH,GBR,0484
1084,28,81,696,1997.0,0.0,159262.0,0.716832,0.706486,BLR,GBR,0484
1085,29,81,696,1997.0,0.0,91754.0,-0.640252,-0.833937,BLZ,GBR,0484
1086,30,81,696,1997.0,0.0,683732.0,0.41035200000000005,-0.552818,BMU,GBR,0484
1087,31,81,696,1997.0,0.0,67580.0,-0.765684,-0.796686,BOL,GBR,0484
1088,32,81,696,1997.0,0.0,961392.0,0.805759,1.249182,BRA,GBR,0484
1089,33,81,696,1997.0,0.0,140438.0,0.916416,0.490241,BRB,GBR,0484
1090,34,81,696,1997.0,0.0,372716.0,-0.443665,-0.825732,BRN,GBR,0484
1091,39,81,696,1997.0,4847210.0,16137127.0,0.928586,1.3413389999999998,CAN,GBR,0484
1092,41,81,696,1997.0,4031116.0,5485218.0,2.327788,0.682804,CHE,GBR,0484
1093,42,81,696,1997.0,0.0,272169.0,-0.06841799999999999,-0.21526199999999998,CHL,GBR,0484
1094,43,81,696,1997.0,524019.0,468803.0,0.380294,2.389738,CHN,GBR,0484
1095,44,81,696,1997.0,2069.0,18427.0,-0.647407,-0.603726,CIV,GBR,0484
1096,46,81,696,1997.0,0.0,32555.0,-1.092385,-1.074017,COD,GBR,0484
1097,48,81,696,1997.0,0.0,21742.0,0.43473999999999996,-0.195141,COK,GBR,0484
1098,49,81,696,1997.0,12052.0,240995.0,0.023456,0.057771,COL,GBR,0484
1099,51,81,696,1997.0,0.0,7521.0,1.1987079999999999,0.084231,CPV,GBR,0484
1100,52,81,696,1997.0,0.0,168062.0,-0.158667,0.204758,CRI,GBR,0484
1101,54,81,696,1997.0,0.0,2014.0,-0.793234,-1.169625,CUB,GBR,0484
1102,57,81,696,1997.0,70150.0,36219.0,0.079987,-0.5574180000000001,CYM,GBR,0484
1103,58,81,696,1997.0,18639.0,3128873.0,0.45144700000000004,0.46707600000000005,CYP,GBR,0484
1104,59,81,696,1997.0,66214.0,1638331.0,1.450452,1.031814,CZE,GBR,0484
1105,61,81,696,1997.0,62998708.0,33946044.0,2.360316,-2.655514,DEU,GBR,0484
1106,63,81,696,1997.0,0.0,47683.0,0.786473,0.43483999999999995,DMA,GBR,0484
1107,64,81,696,1997.0,20387800.0,21025636.0,1.422606,1.395373,DNK,GBR,0484
1108,65,81,696,1997.0,0.0,111228.0,-0.5140170000000001,-0.564107,DOM,GBR,0484
1109,67,81,696,1997.0,0.0,49866.0,-1.124002,-1.0084549999999999,ECU,GBR,0484
1110,68,81,696,1997.0,16543.0,653950.0,-0.34861,0.005477,EGY,GBR,0484
1111,69,81,696,1997.0,0.0,26415.0,0.151598,-0.810869,ERI,GBR,0484
1112,71,81,696,1997.0,22264940.0,32727292.0,1.068989,1.9429439999999998,ESP,GBR,0484
1113,72,81,696,1997.0,159932.0,4023085.0,0.45792,1.148099,EST,GBR,0484
1114,74,81,696,1997.0,2208360.0,6960300.0,1.991377,1.047477,FIN,GBR,0484
1115,75,81,696,1997.0,0.0,9319.0,-0.8839090000000001,-0.9493540000000001,FJI,GBR,0484
1116,76,81,696,1997.0,0.0,89760.0,1.3654979999999999,-0.407023,FLK,GBR,0484
1117,77,81,696,1997.0,91696832.0,75400528.0,1.6737630000000001,0.7499439999999999,FRA,GBR,0484
1118,78,81,696,1997.0,1292.0,660647.0,-0.530698,-0.7939109999999999,FRO,GBR,0484
1119,80,81,696,1997.0,0.0,21395.0,-1.277642,-1.178244,GAB,GBR,0484
1120,82,81,696,1997.0,0.0,22362.0,0.347408,0.106341,GEO,GBR,0484
1121,83,81,696,1997.0,2167.0,1925866.0,-1.03989,-0.979039,GHA,GBR,0484
1122,84,81,696,1997.0,0.0,1550213.0,0.643548,-0.164009,GIB,GBR,0484
1123,85,81,696,1997.0,0.0,1187.0,-1.223583,-1.14157,GIN,GBR,0484
1124,87,81,696,1997.0,0.0,81472.0,-0.686094,-0.8130609999999999,GMB,GBR,0484
1125,90,81,696,1997.0,1305873.0,1042501.0,0.225904,1.291959,GRC,GBR,0484
1126,91,81,696,1997.0,0.0,31409.0,0.235056,-0.254481,GRD,GBR,0484
1127,92,81,696,1997.0,0.0,32664.0,-0.7822520000000001,-0.906492,GRL,GBR,0484
1128,93,81,696,1997.0,0.0,40682.0,-0.17965,0.23698200000000003,GTM,GBR,0484
1129,96,81,696,1997.0,0.0,337543.0,-0.5991029999999999,-0.769726,GUY,GBR,0484
1130,97,81,696,1997.0,2846688.0,7666025.0,0.475945,1.7576919999999998,HKG,GBR,0484
1131,100,81,696,1997.0,2369.0,829144.0,0.61283,1.321775,HRV,GBR,0484
1132,101,81,696,1997.0,0.0,1131.0,-0.6864100000000001,-0.687077,HTI,GBR,0484
1133,102,81,696,1997.0,86170.0,689536.0,0.9121799999999999,1.55321,HUN,GBR,0484
1134,103,81,696,1997.0,362549.0,104073.0,-0.21049600000000002,1.318692,IDN,GBR,0484
1135,104,81,696,1997.0,103310.0,49777.0,0.150788,2.027932,IND,GBR,0484
1136,105,81,696,1997.0,0.0,1139.0,-0.162219,-0.709341,IOT,GBR,0484
1137,106,81,696,1997.0,180480432.0,158158464.0,1.579974,1.018361,IRL,GBR,0484
1138,107,81,696,1997.0,21607.0,0.0,-0.8911190000000001,-1.085849,IRN,GBR,0484
1139,109,81,696,1997.0,0.0,2807104.0,0.33665700000000004,-0.42348,ISL,GBR,0484
1140,110,81,696,1997.0,1738418.0,1995742.0,1.404901,1.072135,ISR,GBR,0484
1141,111,81,696,1997.0,52165064.0,22211132.0,1.596917,0.8313959999999999,ITA,GBR,0484
1142,112,81,696,1997.0,251272.0,358832.0,-0.6338739999999999,-0.838622,JAM,GBR,0484
1143,113,81,696,1997.0,1380.0,199461.0,0.641787,0.484512,JOR,GBR,0484
1144,114,81,696,1997.0,649710.0,6294952.0,2.771316,0.545821,JPN,GBR,0484
1145,115,81,696,1997.0,0.0,63263.0,0.302596,-0.028221,KAZ,GBR,0484
1146,116,81,696,1997.0,0.0,485644.0,-0.363967,0.218183,KEN,GBR,0484
1147,120,81,696,1997.0,0.0,20779.0,0.988031,-0.142999,KNA,GBR,0484
1148,121,81,696,1997.0,73533.0,160169.0,1.2642,1.164231,KOR,GBR,0484
1149,122,81,696,1997.0,0.0,4240566.0,-1.0192139999999998,-1.193627,KWT,GBR,0484
1150,123,81,696,1997.0,0.0,67002.0,-0.81187,-0.851834,LAO,GBR,0484
1151,124,81,696,1997.0,3328.0,3233867.0,0.28229299999999996,1.0650549999999999,LBN,GBR,0484
1152,125,81,696,1997.0,0.0,61307.0,-0.77544,-1.122642,LBR,GBR,0484
1153,127,81,696,1997.0,0.0,186935.0,-0.193429,-0.606627,LCA,GBR,0484
1154,128,81,696,1997.0,0.0,444113.0,-0.6467470000000001,-0.27831300000000003,LKA,GBR,0484
1155,130,81,696,1997.0,0.0,164657.0,0.360579,1.382816,LTU,GBR,0484
1156,132,81,696,1997.0,0.0,254362.0,0.332958,0.51665,LVA,GBR,0484
1157,133,81,696,1997.0,0.0,7968.0,-0.061292,-0.44707399999999997,MAC,GBR,0484
1158,134,81,696,1997.0,2518.0,180694.0,-0.635337,-0.336298,MAR,GBR,0484
1159,135,81,696,1997.0,0.0,9106.0,0.14225,-0.250556,MDA,GBR,0484
1160,136,81,696,1997.0,0.0,15064.0,-1.090898,-0.605175,MDG,GBR,0484
1161,137,81,696,1997.0,0.0,5778.0,-1.0046620000000002,-1.0400340000000001,MDV,GBR,0484
1162,138,81,696,1997.0,116350.0,162231.0,0.7735350000000001,0.9161590000000001,MEX,GBR,0484
1163,141,81,696,1997.0,0.0,13694.0,-1.166924,-1.060552,MLI,GBR,0484
1164,142,81,696,1997.0,0.0,2961861.0,1.1063180000000001,0.377209,MLT,GBR,0484
1165,143,81,696,1997.0,0.0,72353.0,-1.222694,-0.9493,MMR,GBR,0484
1166,145,81,696,1997.0,0.0,240217.0,-0.569797,-0.9604370000000001,MNG,GBR,0484
1167,147,81,696,1997.0,0.0,18618.0,-0.6075229999999999,-0.870957,MOZ,GBR,0484
1168,148,81,696,1997.0,0.0,10442.0,-1.730246,-1.3439969999999999,MRT,GBR,0484
1169,151,81,696,1997.0,0.0,313019.0,-0.42358999999999997,-0.680841,MUS,GBR,0484
1170,152,81,696,1997.0,0.0,30658.0,-1.167342,-1.086488,MWI,GBR,0484
1171,153,81,696,1997.0,286976.0,1957756.0,0.526754,0.33065700000000003,MYS,GBR,0484
1172,156,81,696,1997.0,0.0,27399.0,-0.600665,-0.8788389999999999,NCL,GBR,0484
1173,159,81,696,1997.0,0.0,4210565.0,-1.8354990000000002,-1.246493,NGA,GBR,0484
1174,160,81,696,1997.0,0.0,15252.0,-0.699387,-0.460178,NIC,GBR,0484
1175,162,81,696,1997.0,37249104.0,44542088.0,1.327106,1.520932,NLD,GBR,0484
1176,163,81,696,1997.0,1415519.0,12228720.0,0.857735,0.061844,NOR,GBR,0484
1177,164,81,696,1997.0,0.0,88761.0,-0.282115,-0.237121,NPL,GBR,0484
1178,166,81,696,1997.0,6189.0,534862.0,0.372052,0.764854,NZL,GBR,0484
1179,167,81,696,1997.0,0.0,793657.0,-0.233342,-0.9922049999999999,OMN,GBR,0484
1180,168,81,696,1997.0,7169.0,301651.0,-0.844282,-0.602616,PAK,GBR,0484
1181,169,81,696,1997.0,0.0,147236.0,0.0038,0.036532999999999996,PAN,GBR,0484
1182,173,81,696,1997.0,0.0,62987.0,-0.603019,-0.365845,PER,GBR,0484
1183,174,81,696,1997.0,42798.0,589263.0,0.044834,0.024782,PHL,GBR,0484
1184,176,81,696,1997.0,0.0,8565.0,-1.960463,-1.270168,PNG,GBR,0484
1185,177,81,696,1997.0,470609.0,2060374.0,0.8447319999999999,2.000241,POL,GBR,0484
1186,179,81,696,1997.0,546951.0,6824057.0,0.496633,1.025231,PRT,GBR,0484
1187,180,81,696,1997.0,0.0,7698.0,-0.6051380000000001,-0.708271,PRY,GBR,0484
1188,182,81,696,1997.0,0.0,34490.0,0.431432,-0.5432020000000001,PYF,GBR,0484
1189,183,81,696,1997.0,14534.0,340629.0,-1.1276760000000001,-1.233235,QAT,GBR,0484
1190,185,81,696,1997.0,0.0,46452.0,0.666251,1.31932,ROU,GBR,0484
1191,186,81,696,1997.0,114001.0,16353999.0,0.572773,0.375446,RUS,GBR,0484
1192,188,81,696,1997.0,55778.0,1550883.0,-0.300809,-1.0455,SAU,GBR,0484
1193,189,81,696,1997.0,0.0,42542.0,0.626724,1.7948549999999999,SCG,GBR,0484
1194,190,81,696,1997.0,0.0,31127.0,-1.248538,-1.197904,SDN,GBR,0484
1195,191,81,696,1997.0,0.0,3512.0,-0.660837,-0.768874,SEN,GBR,0484
1196,192,81,696,1997.0,160272.0,3845698.0,1.1946700000000001,0.30503600000000003,SGP,GBR,0484
1197,194,81,696,1997.0,0.0,43551.0,1.40714,0.49499899999999997,SHN,GBR,0484
1198,196,81,696,1997.0,0.0,110340.0,-0.279858,-0.632066,SLE,GBR,0484
1199,197,81,696,1997.0,0.0,5233.0,-0.069039,-0.094938,SLV,GBR,0484
1200,200,81,696,1997.0,0.0,22468.0,0.514622,-0.220802,SPM,GBR,0484
1201,203,81,696,1997.0,0.0,180583.0,0.7727069999999999,-0.372289,STP,GBR,0484
1202,205,81,696,1997.0,0.0,12458.0,-1.125928,-0.980981,SUR,GBR,0484
1203,206,81,696,1997.0,3470.0,87355.0,1.265691,1.368739,SVK,GBR,0484
1204,207,81,696,1997.0,0.0,540712.0,1.449492,1.253379,SVN,GBR,0484
1205,208,81,696,1997.0,4429326.0,15307163.0,2.0806709999999997,0.9541219999999999,SWE,GBR,0484
1206,211,81,696,1997.0,0.0,45436.0,-0.547613,-0.8543209999999999,SYC,GBR,0484
1207,213,81,696,1997.0,0.0,2282.0,0.32590399999999997,-0.406852,TCA,GBR,0484
1208,215,81,696,1997.0,0.0,24182.0,-0.881602,-0.81079,TGO,GBR,0484
1209,216,81,696,1997.0,379450.0,1000334.0,0.216402,1.366618,THA,GBR,0484
1210,217,81,696,1997.0,0.0,14000.0,-0.095789,-0.706445,TJK,GBR,0484
1211,219,81,696,1997.0,0.0,17812.0,-0.580361,-1.071587,TKM,GBR,0484
1212,222,81,696,1997.0,415702.0,494309.0,0.051947,-0.405412,TTO,GBR,0484
1213,223,81,696,1997.0,0.0,40044.0,-0.187276,-0.21877600000000003,TUN,GBR,0484
1214,224,81,696,1997.0,451404.0,1722232.0,0.154428,1.7573880000000002,TUR,GBR,0484
1215,226,81,696,1997.0,0.0,67746.0,-1.243443,-0.537161,TZA,GBR,0484
1216,227,81,696,1997.0,0.0,63000.0,-1.175585,-1.017807,UGA,GBR,0484
1217,228,81,696,1997.0,2268.0,819071.0,0.7384539999999999,1.096947,UKR,GBR,0484
1218,230,81,696,1997.0,0.0,102227.0,0.080024,0.669226,URY,GBR,0484
1219,231,81,696,1997.0,26449826.0,31524608.0,1.875847,0.46257299999999996,USA,GBR,0484
1220,232,81,696,1997.0,0.0,289050.0,-0.134113,-0.791415,UZB,GBR,0484
1221,234,81,696,1997.0,0.0,23101.0,0.059354,-0.545099,VCT,GBR,0484
1222,236,81,696,1997.0,7223.0,80977.0,-0.137776,-0.750744,VEN,GBR,0484
1223,237,81,696,1997.0,0.0,81583.0,0.295493,-0.444064,VGB,GBR,0484
1224,239,81,696,1997.0,16259.0,7536.0,-0.67516,0.251436,VNM,GBR,0484
1225,242,81,696,1997.0,0.0,2824.0,-0.40161199999999997,-0.812819,WSM,GBR,0484
1226,243,81,696,1997.0,0.0,281454.0,-1.665484,-1.292243,YEM,GBR,0484
1227,246,81,696,1997.0,120148.0,3503064.0,0.29381199999999996,1.276557,ZAF,GBR,0484
1228,247,81,696,1997.0,0.0,1199.0,-0.8659309999999999,-0.88536,ZMB,GBR,0484
1229,248,81,696,1997.0,0.0,201684.0,-0.5328609999999999,-0.509275,ZWE,GBR,0484
1230,249,81,696,1997.0,85028.0,1451130.0,1.557128,1.434424,TWN,GBR,0484
1231,250,81,696,1997.0,0.0,129868.0,1.004537,0.782725,ANS,GBR,0484
1232,4,90,696,1997.0,0.0,1050553.0,-0.375654,-0.124279,ALB,GRC,0484
1233,7,90,696,1997.0,0.0,350865.0,-0.317351,-0.8786510000000001,ARE,GRC,0484
1234,8,90,696,1997.0,0.0,126698.0,0.072589,0.965456,ARG,GRC,0484
1235,9,90,696,1997.0,0.0,13857.0,0.818788,0.226075,ARM,GRC,0484
1236,14,90,696,1997.0,6790.0,264321.0,-0.033861,0.647668,AUS,GRC,0484
1237,15,90,696,1997.0,2874920.0,1040232.0,1.904005,0.445169,AUT,GRC,0484
1238,16,90,696,1997.0,0.0,38445.0,0.28532199999999996,-0.00025299999999999997,AZE,GRC,0484
1239,18,90,696,1997.0,2081844.0,203602.0,1.470183,1.312167,BEL,GRC,0484
1240,23,90,696,1997.0,50045.0,333981.0,0.523226,1.4133959999999999,BGR,GRC,0484
1241,25,90,696,1997.0,0.0,8851.0,0.82352,-0.091626,BHS,GRC,0484
1242,28,90,696,1997.0,0.0,2619.0,0.716832,0.706486,BLR,GRC,0484
1243,32,90,696,1997.0,0.0,52690.0,0.805759,1.249182,BRA,GRC,0484
1244,39,90,696,1997.0,0.0,276706.0,0.928586,1.3413389999999998,CAN,GRC,0484
1245,41,90,696,1997.0,171072.0,150136.0,2.327788,0.682804,CHE,GRC,0484
1246,42,90,696,1997.0,0.0,49360.0,-0.06841799999999999,-0.21526199999999998,CHL,GRC,0484
1247,43,90,696,1997.0,135145.0,0.0,0.380294,2.389738,CHN,GRC,0484
1248,49,90,696,1997.0,0.0,5318.0,0.023456,0.057771,COL,GRC,0484
1249,58,90,696,1997.0,56768.0,2621245.0,0.45144700000000004,0.46707600000000005,CYP,GRC,0484
1250,59,90,696,1997.0,2694.0,122375.0,1.450452,1.031814,CZE,GRC,0484
1251,61,90,696,1997.0,8607641.0,11354635.0,2.360316,-2.655514,DEU,GRC,0484
1252,64,90,696,1997.0,632718.0,468555.0,1.422606,1.395373,DNK,GRC,0484
1253,68,90,696,1997.0,0.0,40729.0,-0.34861,0.005477,EGY,GRC,0484
1254,71,90,696,1997.0,2711040.0,112577.0,1.068989,1.9429439999999998,ESP,GRC,0484
1255,74,90,696,1997.0,188653.0,74299.0,1.991377,1.047477,FIN,GRC,0484
1256,77,90,696,1997.0,4829384.0,774175.0,1.6737630000000001,0.7499439999999999,FRA,GRC,0484
1257,81,90,696,1997.0,1042501.0,1305873.0,1.9742490000000001,0.7046359999999999,GBR,GRC,0484
1258,82,90,696,1997.0,0.0,50799.0,0.347408,0.106341,GEO,GRC,0484
1259,99,90,696,1997.0,0.0,15867.0,-0.7449319999999999,-0.50008,HND,GRC,0484
1260,100,90,696,1997.0,0.0,127068.0,0.61283,1.321775,HRV,GRC,0484
1261,102,90,696,1997.0,23920.0,21753.0,0.9121799999999999,1.55321,HUN,GRC,0484
1262,106,90,696,1997.0,242519.0,28346.0,1.579974,1.018361,IRL,GRC,0484
1263,110,90,696,1997.0,10541.0,290287.0,1.404901,1.072135,ISR,GRC,0484
1264,111,90,696,1997.0,15271835.0,5347300.0,1.596917,0.8313959999999999,ITA,GRC,0484
1265,113,90,696,1997.0,0.0,2327.0,0.641787,0.484512,JOR,GRC,0484
1266,114,90,696,1997.0,58476.0,69854.0,2.771316,0.545821,JPN,GRC,0484
1267,115,90,696,1997.0,0.0,37109.0,0.302596,-0.028221,KAZ,GRC,0484
1268,121,90,696,1997.0,60332.0,29471.0,1.2642,1.164231,KOR,GRC,0484
1269,122,90,696,1997.0,0.0,141279.0,-1.0192139999999998,-1.193627,KWT,GRC,0484
1270,124,90,696,1997.0,0.0,368342.0,0.28229299999999996,1.0650549999999999,LBN,GRC,0484
1271,132,90,696,1997.0,1364.0,0.0,0.332958,0.51665,LVA,GRC,0484
1272,135,90,696,1997.0,0.0,80899.0,0.14225,-0.250556,MDA,GRC,0484
1273,138,90,696,1997.0,0.0,100557.0,0.7735350000000001,0.9161590000000001,MEX,GRC,0484
1274,140,90,696,1997.0,168147.0,911517.0,0.297389,0.735171,MKD,GRC,0484
1275,142,90,696,1997.0,0.0,218454.0,1.1063180000000001,0.377209,MLT,GRC,0484
1276,162,90,696,1997.0,1993848.0,288352.0,1.327106,1.520932,NLD,GRC,0484
1277,163,90,696,1997.0,21080.0,70044.0,0.857735,0.061844,NOR,GRC,0484
1278,166,90,696,1997.0,0.0,2987.0,0.372052,0.764854,NZL,GRC,0484
1279,167,90,696,1997.0,0.0,19513.0,-0.233342,-0.9922049999999999,OMN,GRC,0484
1280,169,90,696,1997.0,0.0,3317.0,0.0038,0.036532999999999996,PAN,GRC,0484
1281,174,90,696,1997.0,24725.0,8224.0,0.044834,0.024782,PHL,GRC,0484
1282,177,90,696,1997.0,6954.0,38642.0,0.8447319999999999,2.000241,POL,GRC,0484
1283,179,90,696,1997.0,270326.0,141512.0,0.496633,1.025231,PRT,GRC,0484
1284,180,90,696,1997.0,0.0,57058.0,-0.6051380000000001,-0.708271,PRY,GRC,0484
1285,183,90,696,1997.0,0.0,12328.0,-1.1276760000000001,-1.233235,QAT,GRC,0484
1286,185,90,696,1997.0,2685.0,217493.0,0.666251,1.31932,ROU,GRC,0484
1287,186,90,696,1997.0,2639.0,2166883.0,0.572773,0.375446,RUS,GRC,0484
1288,188,90,696,1997.0,0.0,191611.0,-0.300809,-1.0455,SAU,GRC,0484
1289,189,90,696,1997.0,0.0,286185.0,0.626724,1.7948549999999999,SCG,GRC,0484
1290,192,90,696,1997.0,270328.0,24650.0,1.1946700000000001,0.30503600000000003,SGP,GRC,0484
1291,206,90,696,1997.0,0.0,21302.0,1.265691,1.368739,SVK,GRC,0484
1292,207,90,696,1997.0,0.0,20714.0,1.449492,1.253379,SVN,GRC,0484
1293,208,90,696,1997.0,305597.0,179168.0,2.0806709999999997,0.9541219999999999,SWE,GRC,0484
1294,216,90,696,1997.0,8540.0,0.0,0.216402,1.366618,THA,GRC,0484
1295,224,90,696,1997.0,69083.0,43295.0,0.154428,1.7573880000000002,TUR,GRC,0484
1296,228,90,696,1997.0,11043.0,145107.0,0.7384539999999999,1.096947,UKR,GRC,0484
1297,230,90,696,1997.0,0.0,86961.0,0.080024,0.669226,URY,GRC,0484
1298,231,90,696,1997.0,1038243.0,3748788.0,1.875847,0.46257299999999996,USA,GRC,0484
1299,246,90,696,1997.0,0.0,36649.0,0.29381199999999996,1.276557,ZAF,GRC,0484
1300,247,90,696,1997.0,0.0,7522.0,-0.8659309999999999,-0.88536,ZMB,GRC,0484
1301,248,90,696,1997.0,0.0,16514.0,-0.5328609999999999,-0.509275,ZWE,GRC,0484
1302,249,90,696,1997.0,0.0,38047.0,1.557128,1.434424,TWN,GRC,0484
1303,250,90,696,1997.0,2300.0,786134.0,1.004537,0.782725,ANS,GRC,0484
1304,8,93,696,1997.0,89906.0,0.0,0.072589,0.965456,ARG,GTM,0484
1305,29,93,696,1997.0,0.0,79361.0,-0.640252,-0.833937,BLZ,GTM,0484
1306,32,93,696,1997.0,11428.0,0.0,0.805759,1.249182,BRA,GTM,0484
1307,39,93,696,1997.0,26976.0,4681.0,0.928586,1.3413389999999998,CAN,GTM,0484
1308,42,93,696,1997.0,160112.0,0.0,-0.06841799999999999,-0.21526199999999998,CHL,GTM,0484
1309,52,93,696,1997.0,5690440.0,1439910.0,-0.158667,0.204758,CRI,GTM,0484
1310,61,93,696,1997.0,6655.0,0.0,2.360316,-2.655514,DEU,GTM,0484
1311,64,93,696,1997.0,106658.0,0.0,1.422606,1.395373,DNK,GTM,0484
1312,65,93,696,1997.0,0.0,26718.0,-0.5140170000000001,-0.564107,DOM,GTM,0484
1313,71,93,696,1997.0,1476.0,0.0,1.068989,1.9429439999999998,ESP,GTM,0484
1314,77,93,696,1997.0,7056.0,7155.0,1.6737630000000001,0.7499439999999999,FRA,GTM,0484
1315,81,93,696,1997.0,40682.0,0.0,1.9742490000000001,0.7046359999999999,GBR,GTM,0484
1316,97,93,696,1997.0,3439.0,0.0,0.475945,1.7576919999999998,HKG,GTM,0484
1317,99,93,696,1997.0,106014.0,3895793.0,-0.7449319999999999,-0.50008,HND,GTM,0484
1318,111,93,696,1997.0,55503.0,0.0,1.596917,0.8313959999999999,ITA,GTM,0484
1319,112,93,696,1997.0,0.0,89763.0,-0.6338739999999999,-0.838622,JAM,GTM,0484
1320,121,93,696,1997.0,9417.0,37721.0,1.2642,1.164231,KOR,GTM,0484
1321,138,93,696,1997.0,1835732.0,11527.0,0.7735350000000001,0.9161590000000001,MEX,GTM,0484
1322,160,93,696,1997.0,358887.0,1021732.0,-0.699387,-0.460178,NIC,GTM,0484
1323,162,93,696,1997.0,0.0,16612.0,1.327106,1.520932,NLD,GTM,0484
1324,169,93,696,1997.0,0.0,357186.0,0.0038,0.036532999999999996,PAN,GTM,0484
1325,173,93,696,1997.0,69025.0,9194.0,-0.603019,-0.365845,PER,GTM,0484
1326,197,93,696,1997.0,4308146.0,5278544.0,-0.069039,-0.094938,SLV,GTM,0484
1327,231,93,696,1997.0,967312.0,127464.0,1.875847,0.46257299999999996,USA,GTM,0484
1328,236,93,696,1997.0,163412.0,0.0,-0.137776,-0.750744,VEN,GTM,0484
1329,33,96,696,1997.0,108021.0,0.0,0.916416,0.490241,BRB,GUY,0484
1330,39,96,696,1997.0,46161.0,0.0,0.928586,1.3413389999999998,CAN,GUY,0484
1331,49,96,696,1997.0,33318.0,0.0,0.023456,0.057771,COL,GUY,0484
1332,64,96,696,1997.0,75131.0,0.0,1.422606,1.395373,DNK,GUY,0484
1333,77,96,696,1997.0,66492.0,0.0,1.6737630000000001,0.7499439999999999,FRA,GUY,0484
1334,81,96,696,1997.0,337543.0,0.0,1.9742490000000001,0.7046359999999999,GBR,GUY,0484
1335,112,96,696,1997.0,1053692.0,0.0,-0.6338739999999999,-0.838622,JAM,GUY,0484
1336,122,96,696,1997.0,0.0,2000.0,-1.0192139999999998,-1.193627,KWT,GUY,0484
1337,162,96,696,1997.0,4119.0,0.0,1.327106,1.520932,NLD,GUY,0484
1338,222,96,696,1997.0,3476058.0,5402.0,0.051947,-0.405412,TTO,GUY,0484
1339,231,96,696,1997.0,148741.0,0.0,1.875847,0.46257299999999996,USA,GUY,0484
1340,236,96,696,1997.0,272742.0,0.0,-0.137776,-0.750744,VEN,GUY,0484
1341,6,97,696,1997.0,0.0,1552.0,-0.027541000000000003,-0.56389,ANT,HKG,0484
1342,7,97,696,1997.0,75559.0,260309.0,-0.317351,-0.8786510000000001,ARE,HKG,0484
1343,8,97,696,1997.0,45788.0,0.0,0.072589,0.965456,ARG,HKG,0484
1344,14,97,696,1997.0,5817436.0,1993360.0,-0.033861,0.647668,AUS,HKG,0484
1345,15,97,696,1997.0,70314.0,0.0,1.904005,0.445169,AUT,HKG,0484
1346,18,97,696,1997.0,8797751.0,9725.0,1.470183,1.312167,BEL,HKG,0484
1347,30,97,696,1997.0,0.0,14053.0,0.41035200000000005,-0.552818,BMU,HKG,0484
1348,32,97,696,1997.0,14631.0,76312.0,0.805759,1.249182,BRA,HKG,0484
1349,34,97,696,1997.0,4988.0,39395.0,-0.443665,-0.825732,BRN,HKG,0484
1350,39,97,696,1997.0,875095.0,1962524.0,0.928586,1.3413389999999998,CAN,HKG,0484
1351,41,97,696,1997.0,257986.0,15168.0,2.327788,0.682804,CHE,HKG,0484
1352,43,97,696,1997.0,27614266.0,5029189.0,0.380294,2.389738,CHN,HKG,0484
1353,45,97,696,1997.0,0.0,3481.0,-1.0663340000000001,-1.047091,CMR,HKG,0484
1354,52,97,696,1997.0,0.0,9156.0,-0.158667,0.204758,CRI,HKG,0484
1355,59,97,696,1997.0,0.0,1802.0,1.450452,1.031814,CZE,HKG,0484
1356,61,97,696,1997.0,1884156.0,48177.0,2.360316,-2.655514,DEU,HKG,0484
1357,64,97,696,1997.0,18392118.0,34946.0,1.422606,1.395373,DNK,HKG,0484
1358,71,97,696,1997.0,360482.0,0.0,1.068989,1.9429439999999998,ESP,HKG,0484
1359,77,97,696,1997.0,1260840.0,362115.0,1.6737630000000001,0.7499439999999999,FRA,HKG,0484
1360,81,97,696,1997.0,7666025.0,2846688.0,1.9742490000000001,0.7046359999999999,GBR,HKG,0484
1361,85,97,696,1997.0,0.0,5482.0,-1.223583,-1.14157,GIN,HKG,0484
1362,93,97,696,1997.0,0.0,3439.0,-0.17965,0.23698200000000003,GTM,HKG,0484
1363,102,97,696,1997.0,49082.0,0.0,0.9121799999999999,1.55321,HUN,HKG,0484
1364,103,97,696,1997.0,4103926.0,250591.0,-0.21049600000000002,1.318692,IDN,HKG,0484
1365,104,97,696,1997.0,1579.0,0.0,0.150788,2.027932,IND,HKG,0484
1366,110,97,696,1997.0,11429.0,0.0,1.404901,1.072135,ISR,HKG,0484
1367,111,97,696,1997.0,14888493.0,13234.0,1.596917,0.8313959999999999,ITA,HKG,0484
1368,112,97,696,1997.0,0.0,41316.0,-0.6338739999999999,-0.838622,JAM,HKG,0484
1369,113,97,696,1997.0,150505.0,0.0,0.641787,0.484512,JOR,HKG,0484
1370,114,97,696,1997.0,21537970.0,1365151.0,2.771316,0.545821,JPN,HKG,0484
1371,118,97,696,1997.0,0.0,178680.0,-1.3386770000000001,-1.2547110000000001,KHM,HKG,0484
1372,121,97,696,1997.0,9831216.0,267227.0,1.2642,1.164231,KOR,HKG,0484
1373,125,97,696,1997.0,0.0,8170.0,-0.77544,-1.122642,LBR,HKG,0484
1374,133,97,696,1997.0,150623.0,8321144.0,-0.061292,-0.44707399999999997,MAC,HKG,0484
1375,136,97,696,1997.0,0.0,23566.0,-1.090898,-0.605175,MDG,HKG,0484
1376,137,97,696,1997.0,0.0,35764.0,-1.0046620000000002,-1.0400340000000001,MDV,HKG,0484
1377,138,97,696,1997.0,0.0,2205.0,0.7735350000000001,0.9161590000000001,MEX,HKG,0484
1378,142,97,696,1997.0,4044.0,3136.0,1.1063180000000001,0.377209,MLT,HKG,0484
1379,143,97,696,1997.0,0.0,47748.0,-1.222694,-0.9493,MMR,HKG,0484
1380,151,97,696,1997.0,0.0,48570.0,-0.42358999999999997,-0.680841,MUS,HKG,0484
1381,153,97,696,1997.0,13041074.0,101616.0,0.526754,0.33065700000000003,MYS,HKG,0484
1382,156,97,696,1997.0,0.0,10668.0,-0.600665,-0.8788389999999999,NCL,HKG,0484
1383,159,97,696,1997.0,0.0,21876.0,-1.8354990000000002,-1.246493,NGA,HKG,0484
1384,162,97,696,1997.0,1074145.0,539410.0,1.327106,1.520932,NLD,HKG,0484
1385,163,97,696,1997.0,7723.0,25324.0,0.857735,0.061844,NOR,HKG,0484
1386,164,97,696,1997.0,0.0,51458.0,-0.282115,-0.237121,NPL,HKG,0484
1387,166,97,696,1997.0,63683.0,73423.0,0.372052,0.764854,NZL,HKG,0484
1388,167,97,696,1997.0,0.0,5604.0,-0.233342,-0.9922049999999999,OMN,HKG,0484
1389,169,97,696,1997.0,0.0,63449.0,0.0038,0.036532999999999996,PAN,HKG,0484
1390,173,97,696,1997.0,0.0,5335.0,-0.603019,-0.365845,PER,HKG,0484
1391,174,97,696,1997.0,282749.0,318444.0,0.044834,0.024782,PHL,HKG,0484
1392,176,97,696,1997.0,0.0,6219.0,-1.960463,-1.270168,PNG,HKG,0484
1393,177,97,696,1997.0,56429.0,0.0,0.8447319999999999,2.000241,POL,HKG,0484
1394,178,97,696,1997.0,0.0,123166.0,0.734805,0.8720889999999999,PRK,HKG,0484
1395,180,97,696,1997.0,0.0,5176.0,-0.6051380000000001,-0.708271,PRY,HKG,0484
1396,182,97,696,1997.0,0.0,27625.0,0.431432,-0.5432020000000001,PYF,HKG,0484
1397,183,97,696,1997.0,0.0,12020.0,-1.1276760000000001,-1.233235,QAT,HKG,0484
1398,188,97,696,1997.0,0.0,21226.0,-0.300809,-1.0455,SAU,HKG,0484
1399,191,97,696,1997.0,0.0,3192.0,-0.660837,-0.768874,SEN,HKG,0484
1400,192,97,696,1997.0,3784497.0,1258880.0,1.1946700000000001,0.30503600000000003,SGP,HKG,0484
1401,195,97,696,1997.0,0.0,12940.0,-1.653309,-0.993885,SLB,HKG,0484
1402,205,97,696,1997.0,0.0,2910.0,-1.125928,-0.980981,SUR,HKG,0484
1403,208,97,696,1997.0,125103.0,2352.0,2.0806709999999997,0.9541219999999999,SWE,HKG,0484
1404,211,97,696,1997.0,0.0,152985.0,-0.547613,-0.8543209999999999,SYC,HKG,0484
1405,212,97,696,1997.0,13029.0,0.0,-0.932127,-0.963823,SYR,HKG,0484
1406,216,97,696,1997.0,3575798.0,80345.0,0.216402,1.366618,THA,HKG,0484
1407,222,97,696,1997.0,0.0,5884.0,0.051947,-0.405412,TTO,HKG,0484
1408,224,97,696,1997.0,164828.0,0.0,0.154428,1.7573880000000002,TUR,HKG,0484
1409,231,97,696,1997.0,8550984.0,8078811.0,1.875847,0.46257299999999996,USA,HKG,0484
1410,236,97,696,1997.0,0.0,33324.0,-0.137776,-0.750744,VEN,HKG,0484
1411,239,97,696,1997.0,719900.0,87795.0,-0.67516,0.251436,VNM,HKG,0484
1412,240,97,696,1997.0,0.0,6740.0,-1.04932,-0.982175,VUT,HKG,0484
1413,246,97,696,1997.0,258410.0,27842.0,0.29381199999999996,1.276557,ZAF,HKG,0484
1414,249,97,696,1997.0,6643370.0,1071314.0,1.557128,1.434424,TWN,HKG,0484
1415,250,97,696,1997.0,0.0,387235.0,1.004537,0.782725,ANS,HKG,0484
1416,18,99,696,1997.0,0.0,13125.0,1.470183,1.312167,BEL,HND,0484
1417,29,99,696,1997.0,0.0,15315.0,-0.640252,-0.833937,BLZ,HND,0484
1418,39,99,696,1997.0,17248.0,0.0,0.928586,1.3413389999999998,CAN,HND,0484
1419,42,99,696,1997.0,35097.0,0.0,-0.06841799999999999,-0.21526199999999998,CHL,HND,0484
1420,49,99,696,1997.0,122465.0,0.0,0.023456,0.057771,COL,HND,0484
1421,52,99,696,1997.0,1005862.0,0.0,-0.158667,0.204758,CRI,HND,0484
1422,90,99,696,1997.0,15867.0,0.0,0.225904,1.291959,GRC,HND,0484
1423,93,99,696,1997.0,3895793.0,106014.0,-0.17965,0.23698200000000003,GTM,HND,0484
1424,111,99,696,1997.0,21873.0,0.0,1.596917,0.8313959999999999,ITA,HND,0484
1425,138,99,696,1997.0,1589461.0,3303.0,0.7735350000000001,0.9161590000000001,MEX,HND,0484
1426,153,99,696,1997.0,4718.0,0.0,0.526754,0.33065700000000003,MYS,HND,0484
1427,160,99,696,1997.0,574596.0,253057.0,-0.699387,-0.460178,NIC,HND,0484
1428,192,99,696,1997.0,38857.0,0.0,1.1946700000000001,0.30503600000000003,SGP,HND,0484
1429,197,99,696,1997.0,2652206.0,197180.0,-0.069039,-0.094938,SLV,HND,0484
1430,231,99,696,1997.0,2172760.0,0.0,1.875847,0.46257299999999996,USA,HND,0484
1431,2,103,696,1997.0,0.0,174020.0,-1.800252,-1.237594,AGO,IDN,0484
1432,7,103,696,1997.0,10783.0,144294.0,-0.317351,-0.8786510000000001,ARE,IDN,0484
1433,14,103,696,1997.0,730030.0,1199524.0,-0.033861,0.647668,AUS,IDN,0484
1434,15,103,696,1997.0,1051.0,21312.0,1.904005,0.445169,AUT,IDN,0484
1435,18,103,696,1997.0,100938.0,0.0,1.470183,1.312167,BEL,IDN,0484
1436,22,103,696,1997.0,0.0,73239.0,-0.638734,-0.895301,BGD,IDN,0484
1437,24,103,696,1997.0,0.0,4455.0,-0.44965,-1.035584,BHR,IDN,0484
1438,32,103,696,1997.0,0.0,76475.0,0.805759,1.249182,BRA,IDN,0484
1439,34,103,696,1997.0,1710.0,695805.0,-0.443665,-0.825732,BRN,IDN,0484
1440,39,103,696,1997.0,0.0,23356.0,0.928586,1.3413389999999998,CAN,IDN,0484
1441,41,103,696,1997.0,9834.0,6671.0,2.327788,0.682804,CHE,IDN,0484
1442,43,103,696,1997.0,651717.0,129150.0,0.380294,2.389738,CHN,IDN,0484
1443,44,103,696,1997.0,0.0,9699.0,-0.647407,-0.603726,CIV,IDN,0484
1444,45,103,696,1997.0,0.0,1796.0,-1.0663340000000001,-1.047091,CMR,IDN,0484
1445,49,103,696,1997.0,0.0,2223.0,0.023456,0.057771,COL,IDN,0484
1446,61,103,696,1997.0,200786.0,1807.0,2.360316,-2.655514,DEU,IDN,0484
1447,64,103,696,1997.0,219600.0,28696.0,1.422606,1.395373,DNK,IDN,0484
1448,71,103,696,1997.0,20633.0,0.0,1.068989,1.9429439999999998,ESP,IDN,0484
1449,75,103,696,1997.0,0.0,67481.0,-0.8839090000000001,-0.9493540000000001,FJI,IDN,0484
1450,77,103,696,1997.0,66668.0,8199.0,1.6737630000000001,0.7499439999999999,FRA,IDN,0484
1451,80,103,696,1997.0,0.0,17863.0,-1.277642,-1.178244,GAB,IDN,0484
1452,81,103,696,1997.0,104073.0,362549.0,1.9742490000000001,0.7046359999999999,GBR,IDN,0484
1453,83,103,696,1997.0,0.0,55559.0,-1.03989,-0.979039,GHA,IDN,0484
1454,92,103,696,1997.0,0.0,123783.0,-0.7822520000000001,-0.906492,GRL,IDN,0484
1455,97,103,696,1997.0,250591.0,4103926.0,0.475945,1.7576919999999998,HKG,IDN,0484
1456,102,103,696,1997.0,0.0,22996.0,0.9121799999999999,1.55321,HUN,IDN,0484
1457,104,103,696,1997.0,24792.0,12322.0,0.150788,2.027932,IND,IDN,0484
1458,111,103,696,1997.0,1721755.0,0.0,1.596917,0.8313959999999999,ITA,IDN,0484
1459,114,103,696,1997.0,517240.0,224725.0,2.771316,0.545821,JPN,IDN,0484
1460,116,103,696,1997.0,0.0,4318.0,-0.363967,0.218183,KEN,IDN,0484
1461,118,103,696,1997.0,0.0,170947.0,-1.3386770000000001,-1.2547110000000001,KHM,IDN,0484
1462,121,103,696,1997.0,538291.0,42020.0,1.2642,1.164231,KOR,IDN,0484
1463,122,103,696,1997.0,0.0,68778.0,-1.0192139999999998,-1.193627,KWT,IDN,0484
1464,124,103,696,1997.0,0.0,92929.0,0.28229299999999996,1.0650549999999999,LBN,IDN,0484
1465,128,103,696,1997.0,0.0,7626.0,-0.6467470000000001,-0.27831300000000003,LKA,IDN,0484
1466,133,103,696,1997.0,0.0,61556.0,-0.061292,-0.44707399999999997,MAC,IDN,0484
1467,136,103,696,1997.0,0.0,12464.0,-1.090898,-0.605175,MDG,IDN,0484
1468,137,103,696,1997.0,0.0,56172.0,-1.0046620000000002,-1.0400340000000001,MDV,IDN,0484
1469,138,103,696,1997.0,78815.0,8401.0,0.7735350000000001,0.9161590000000001,MEX,IDN,0484
1470,143,103,696,1997.0,0.0,185027.0,-1.222694,-0.9493,MMR,IDN,0484
1471,147,103,696,1997.0,0.0,30307.0,-0.6075229999999999,-0.870957,MOZ,IDN,0484
1472,148,103,696,1997.0,0.0,40872.0,-1.730246,-1.3439969999999999,MRT,IDN,0484
1473,151,103,696,1997.0,0.0,42550.0,-0.42358999999999997,-0.680841,MUS,IDN,0484
1474,153,103,696,1997.0,3334860.0,1683937.0,0.526754,0.33065700000000003,MYS,IDN,0484
1475,159,103,696,1997.0,0.0,57114.0,-1.8354990000000002,-1.246493,NGA,IDN,0484
1476,162,103,696,1997.0,36481.0,133015.0,1.327106,1.520932,NLD,IDN,0484
1477,163,103,696,1997.0,140373.0,0.0,0.857735,0.061844,NOR,IDN,0484
1478,166,103,696,1997.0,87777.0,16584.0,0.372052,0.764854,NZL,IDN,0484
1479,167,103,696,1997.0,0.0,15377.0,-0.233342,-0.9922049999999999,OMN,IDN,0484
1480,169,103,696,1997.0,0.0,4055.0,0.0038,0.036532999999999996,PAN,IDN,0484
1481,173,103,696,1997.0,0.0,10903.0,-0.603019,-0.365845,PER,IDN,0484
1482,174,103,696,1997.0,10390.0,1007993.0,0.044834,0.024782,PHL,IDN,0484
1483,176,103,696,1997.0,0.0,201063.0,-1.960463,-1.270168,PNG,IDN,0484
1484,180,103,696,1997.0,0.0,26687.0,-0.6051380000000001,-0.708271,PRY,IDN,0484
1485,182,103,696,1997.0,0.0,2808.0,0.431432,-0.5432020000000001,PYF,IDN,0484
1486,183,103,696,1997.0,0.0,20269.0,-1.1276760000000001,-1.233235,QAT,IDN,0484
1487,186,103,696,1997.0,0.0,44963.0,0.572773,0.375446,RUS,IDN,0484
1488,188,103,696,1997.0,0.0,330197.0,-0.300809,-1.0455,SAU,IDN,0484
1489,192,103,696,1997.0,419708.0,7094140.0,1.1946700000000001,0.30503600000000003,SGP,IDN,0484
1490,205,103,696,1997.0,0.0,19273.0,-1.125928,-0.980981,SUR,IDN,0484
1491,208,103,696,1997.0,0.0,13646.0,2.0806709999999997,0.9541219999999999,SWE,IDN,0484
1492,211,103,696,1997.0,0.0,3596.0,-0.547613,-0.8543209999999999,SYC,IDN,0484
1493,216,103,696,1997.0,852230.0,339425.0,0.216402,1.366618,THA,IDN,0484
1494,227,103,696,1997.0,0.0,5239.0,-1.175585,-1.017807,UGA,IDN,0484
1495,231,103,696,1997.0,1044180.0,833979.0,1.875847,0.46257299999999996,USA,IDN,0484
1496,239,103,696,1997.0,0.0,892840.0,-0.67516,0.251436,VNM,IDN,0484
1497,243,103,696,1997.0,0.0,24225.0,-1.665484,-1.292243,YEM,IDN,0484
1498,246,103,696,1997.0,5256.0,22977.0,0.29381199999999996,1.276557,ZAF,IDN,0484
1499,249,103,696,1997.0,219640.0,2363424.0,1.557128,1.434424,TWN,IDN,0484
1500,250,103,696,1997.0,1178.0,56350.0,1.004537,0.782725,ANS,IDN,0484
1501,6,106,696,1997.0,0.0,23477.0,-0.027541000000000003,-0.56389,ANT,IRL,0484
1502,7,106,696,1997.0,0.0,279205.0,-0.317351,-0.8786510000000001,ARE,IRL,0484
1503,14,106,696,1997.0,2876.0,49052.0,-0.033861,0.647668,AUS,IRL,0484
1504,15,106,696,1997.0,177110.0,171843.0,1.904005,0.445169,AUT,IRL,0484
1505,18,106,696,1997.0,4818405.0,1230553.0,1.470183,1.312167,BEL,IRL,0484
1506,23,106,696,1997.0,97238.0,0.0,0.523226,1.4133959999999999,BGR,IRL,0484
1507,24,106,696,1997.0,0.0,75380.0,-0.44965,-1.035584,BHR,IRL,0484
1508,30,106,696,1997.0,0.0,6286.0,0.41035200000000005,-0.552818,BMU,IRL,0484
1509,39,106,696,1997.0,518663.0,6467668.0,0.928586,1.3413389999999998,CAN,IRL,0484
1510,41,106,696,1997.0,30458.0,2729.0,2.327788,0.682804,CHE,IRL,0484
1511,43,106,696,1997.0,9084.0,0.0,0.380294,2.389738,CHN,IRL,0484
1512,58,106,696,1997.0,0.0,28892.0,0.45144700000000004,0.46707600000000005,CYP,IRL,0484
1513,59,106,696,1997.0,28473.0,0.0,1.450452,1.031814,CZE,IRL,0484
1514,61,106,696,1997.0,1710352.0,3253243.0,2.360316,-2.655514,DEU,IRL,0484
1515,64,106,696,1997.0,1107854.0,320258.0,1.422606,1.395373,DNK,IRL,0484
1516,71,106,696,1997.0,389439.0,310865.0,1.068989,1.9429439999999998,ESP,IRL,0484
1517,74,106,696,1997.0,0.0,183356.0,1.991377,1.047477,FIN,IRL,0484
1518,77,106,696,1997.0,6601708.0,2781012.0,1.6737630000000001,0.7499439999999999,FRA,IRL,0484
1519,81,106,696,1997.0,158158464.0,180480432.0,1.9742490000000001,0.7046359999999999,GBR,IRL,0484
1520,90,106,696,1997.0,28346.0,242519.0,0.225904,1.291959,GRC,IRL,0484
1521,91,106,696,1997.0,0.0,5743.0,0.235056,-0.254481,GRD,IRL,0484
1522,102,106,696,1997.0,10963.0,0.0,0.9121799999999999,1.55321,HUN,IRL,0484
1523,109,106,696,1997.0,0.0,9863.0,0.33665700000000004,-0.42348,ISL,IRL,0484
1524,110,106,696,1997.0,0.0,17738.0,1.404901,1.072135,ISR,IRL,0484
1525,111,106,696,1997.0,4133141.0,98959.0,1.596917,0.8313959999999999,ITA,IRL,0484
1526,114,106,696,1997.0,0.0,4744.0,2.771316,0.545821,JPN,IRL,0484
1527,116,106,696,1997.0,0.0,3756.0,-0.363967,0.218183,KEN,IRL,0484
1528,122,106,696,1997.0,0.0,879334.0,-1.0192139999999998,-1.193627,KWT,IRL,0484
1529,124,106,696,1997.0,0.0,86113.0,0.28229299999999996,1.0650549999999999,LBN,IRL,0484
1530,130,106,696,1997.0,0.0,18816.0,0.360579,1.382816,LTU,IRL,0484
1531,132,106,696,1997.0,0.0,9039.0,0.332958,0.51665,LVA,IRL,0484
1532,138,106,696,1997.0,1777.0,0.0,0.7735350000000001,0.9161590000000001,MEX,IRL,0484
1533,142,106,696,1997.0,0.0,11974.0,1.1063180000000001,0.377209,MLT,IRL,0484
1534,162,106,696,1997.0,1871054.0,323147.0,1.327106,1.520932,NLD,IRL,0484
1535,163,106,696,1997.0,375613.0,35532.0,0.857735,0.061844,NOR,IRL,0484
1536,179,106,696,1997.0,33362.0,23217.0,0.496633,1.025231,PRT,IRL,0484
1537,183,106,696,1997.0,0.0,82084.0,-1.1276760000000001,-1.233235,QAT,IRL,0484
1538,186,106,696,1997.0,0.0,220359.0,0.572773,0.375446,RUS,IRL,0484
1539,187,106,696,1997.0,0.0,99906.0,-0.337464,-0.8656,RWA,IRL,0484
1540,188,106,696,1997.0,0.0,1196900.0,-0.300809,-1.0455,SAU,IRL,0484
1541,192,106,696,1997.0,2107.0,34633.0,1.1946700000000001,0.30503600000000003,SGP,IRL,0484
1542,208,106,696,1997.0,226748.0,270432.0,2.0806709999999997,0.9541219999999999,SWE,IRL,0484
1543,224,106,696,1997.0,13318.0,0.0,0.154428,1.7573880000000002,TUR,IRL,0484
1544,231,106,696,1997.0,56635.0,910189.0,1.875847,0.46257299999999996,USA,IRL,0484
1545,249,106,696,1997.0,1664.0,0.0,1.557128,1.434424,TWN,IRL,0484
1546,250,106,696,1997.0,0.0,63919.0,1.004537,0.782725,ANS,IRL,0484
1547,8,110,696,1997.0,71731.0,161542.0,0.072589,0.965456,ARG,ISR,0484
1548,14,110,696,1997.0,0.0,406794.0,-0.033861,0.647668,AUS,ISR,0484
1549,15,110,696,1997.0,67566.0,33098.0,1.904005,0.445169,AUT,ISR,0484
1550,18,110,696,1997.0,3519356.0,574344.0,1.470183,1.312167,BEL,ISR,0484
1551,23,110,696,1997.0,14066.0,14162.0,0.523226,1.4133959999999999,BGR,ISR,0484
1552,28,110,696,1997.0,0.0,15000.0,0.716832,0.706486,BLR,ISR,0484
1553,32,110,696,1997.0,0.0,106993.0,0.805759,1.249182,BRA,ISR,0484
1554,39,110,696,1997.0,80114.0,547910.0,0.928586,1.3413389999999998,CAN,ISR,0484
1555,41,110,696,1997.0,371176.0,38555.0,2.327788,0.682804,CHE,ISR,0484
1556,42,110,696,1997.0,0.0,23786.0,-0.06841799999999999,-0.21526199999999998,CHL,ISR,0484
1557,43,110,696,1997.0,26668.0,0.0,0.380294,2.389738,CHN,ISR,0484
1558,44,110,696,1997.0,0.0,1583.0,-0.647407,-0.603726,CIV,ISR,0484
1559,58,110,696,1997.0,162905.0,8519.0,0.45144700000000004,0.46707600000000005,CYP,ISR,0484
1560,59,110,696,1997.0,0.0,2963.0,1.450452,1.031814,CZE,ISR,0484
1561,61,110,696,1997.0,1753301.0,2654268.0,2.360316,-2.655514,DEU,ISR,0484
1562,64,110,696,1997.0,846824.0,8527.0,1.422606,1.395373,DNK,ISR,0484
1563,68,110,696,1997.0,214872.0,0.0,-0.34861,0.005477,EGY,ISR,0484
1564,71,110,696,1997.0,1171635.0,410462.0,1.068989,1.9429439999999998,ESP,ISR,0484
1565,74,110,696,1997.0,46847.0,14168.0,1.991377,1.047477,FIN,ISR,0484
1566,77,110,696,1997.0,636153.0,2788073.0,1.6737630000000001,0.7499439999999999,FRA,ISR,0484
1567,81,110,696,1997.0,1995742.0,1738418.0,1.9742490000000001,0.7046359999999999,GBR,ISR,0484
1568,82,110,696,1997.0,0.0,35955.0,0.347408,0.106341,GEO,ISR,0484
1569,83,110,696,1997.0,0.0,2123.0,-1.03989,-0.979039,GHA,ISR,0484
1570,90,110,696,1997.0,290287.0,10541.0,0.225904,1.291959,GRC,ISR,0484
1571,97,110,696,1997.0,0.0,11429.0,0.475945,1.7576919999999998,HKG,ISR,0484
1572,100,110,696,1997.0,0.0,25047.0,0.61283,1.321775,HRV,ISR,0484
1573,102,110,696,1997.0,0.0,137982.0,0.9121799999999999,1.55321,HUN,ISR,0484
1574,104,110,696,1997.0,5549.0,0.0,0.150788,2.027932,IND,ISR,0484
1575,106,110,696,1997.0,17738.0,0.0,1.579974,1.018361,IRL,ISR,0484
1576,111,110,696,1997.0,9894097.0,81248.0,1.596917,0.8313959999999999,ITA,ISR,0484
1577,113,110,696,1997.0,77769.0,43178.0,0.641787,0.484512,JOR,ISR,0484
1578,114,110,696,1997.0,64166.0,0.0,2.771316,0.545821,JPN,ISR,0484
1579,115,110,696,1997.0,0.0,23612.0,0.302596,-0.028221,KAZ,ISR,0484
1580,117,110,696,1997.0,0.0,18000.0,0.063303,-0.014279,KGZ,ISR,0484
1581,130,110,696,1997.0,0.0,4503.0,0.360579,1.382816,LTU,ISR,0484
1582,132,110,696,1997.0,4984.0,15142.0,0.332958,0.51665,LVA,ISR,0484
1583,135,110,696,1997.0,0.0,51325.0,0.14225,-0.250556,MDA,ISR,0484
1584,138,110,696,1997.0,6444.0,36799.0,0.7735350000000001,0.9161590000000001,MEX,ISR,0484
1585,142,110,696,1997.0,0.0,10412.0,1.1063180000000001,0.377209,MLT,ISR,0484
1586,159,110,696,1997.0,0.0,1008.0,-1.8354990000000002,-1.246493,NGA,ISR,0484
1587,162,110,696,1997.0,1932866.0,587652.0,1.327106,1.520932,NLD,ISR,0484
1588,163,110,696,1997.0,1724.0,3320.0,0.857735,0.061844,NOR,ISR,0484
1589,166,110,696,1997.0,0.0,9256.0,0.372052,0.764854,NZL,ISR,0484
1590,169,110,696,1997.0,0.0,5962.0,0.0038,0.036532999999999996,PAN,ISR,0484
1591,174,110,696,1997.0,3977.0,29566.0,0.044834,0.024782,PHL,ISR,0484
1592,177,110,696,1997.0,162377.0,8274.0,0.8447319999999999,2.000241,POL,ISR,0484
1593,179,110,696,1997.0,168139.0,0.0,0.496633,1.025231,PRT,ISR,0484
1594,182,110,696,1997.0,0.0,3722.0,0.431432,-0.5432020000000001,PYF,ISR,0484
1595,185,110,696,1997.0,0.0,172150.0,0.666251,1.31932,ROU,ISR,0484
1596,186,110,696,1997.0,125565.0,656517.0,0.572773,0.375446,RUS,ISR,0484
1597,192,110,696,1997.0,23902.0,2621.0,1.1946700000000001,0.30503600000000003,SGP,ISR,0484
1598,206,110,696,1997.0,0.0,4571.0,1.265691,1.368739,SVK,ISR,0484
1599,208,110,696,1997.0,65893.0,9027.0,2.0806709999999997,0.9541219999999999,SWE,ISR,0484
1600,216,110,696,1997.0,122391.0,12593.0,0.216402,1.366618,THA,ISR,0484
1601,224,110,696,1997.0,2140930.0,2402.0,0.154428,1.7573880000000002,TUR,ISR,0484
1602,228,110,696,1997.0,7806.0,135141.0,0.7384539999999999,1.096947,UKR,ISR,0484
1603,230,110,696,1997.0,0.0,22162.0,0.080024,0.669226,URY,ISR,0484
1604,231,110,696,1997.0,3947786.0,8025025.0,1.875847,0.46257299999999996,USA,ISR,0484
1605,232,110,696,1997.0,0.0,18000.0,-0.134113,-0.791415,UZB,ISR,0484
1606,236,110,696,1997.0,0.0,116141.0,-0.137776,-0.750744,VEN,ISR,0484
1607,246,110,696,1997.0,33639.0,271700.0,0.29381199999999996,1.276557,ZAF,ISR,0484
1608,249,110,696,1997.0,0.0,134941.0,1.557128,1.434424,TWN,ISR,0484
1609,250,110,696,1997.0,0.0,183010.0,1.004537,0.782725,ANS,ISR,0484
1610,0,111,696,1997.0,0.0,2695.0,-1.338982,-0.866526,ABW,ITA,0484
1611,2,111,696,1997.0,0.0,214584.0,-1.800252,-1.237594,AGO,ITA,0484
1612,4,111,696,1997.0,0.0,1944485.0,-0.375654,-0.124279,ALB,ITA,0484
1613,5,111,696,1997.0,0.0,248238.0,1.097696,0.751235,AND,ITA,0484
1614,6,111,696,1997.0,0.0,37760.0,-0.027541000000000003,-0.56389,ANT,ITA,0484
1615,7,111,696,1997.0,222038.0,3900934.0,-0.317351,-0.8786510000000001,ARE,ITA,0484
1616,8,111,696,1997.0,12203.0,3329603.0,0.072589,0.965456,ARG,ITA,0484
1617,9,111,696,1997.0,0.0,56563.0,0.818788,0.226075,ARM,ITA,0484
1618,14,111,696,1997.0,2392.0,9608349.0,-0.033861,0.647668,AUS,ITA,0484
1619,15,111,696,1997.0,3074738.0,25156008.0,1.904005,0.445169,AUT,ITA,0484
1620,16,111,696,1997.0,0.0,1337.0,0.28532199999999996,-0.00025299999999999997,AZE,ITA,0484
1621,18,111,696,1997.0,9551990.0,25529312.0,1.470183,1.312167,BEL,ITA,0484
1622,19,111,696,1997.0,0.0,109959.0,-1.357169,-1.089711,BEN,ITA,0484
1623,23,111,696,1997.0,0.0,386386.0,0.523226,1.4133959999999999,BGR,ITA,0484
1624,24,111,696,1997.0,0.0,199485.0,-0.44965,-1.035584,BHR,ITA,0484
1625,26,111,696,1997.0,0.0,1373274.0,0.517231,0.321515,BIH,ITA,0484
1626,28,111,696,1997.0,0.0,189096.0,0.716832,0.706486,BLR,ITA,0484
1627,30,111,696,1997.0,0.0,4303.0,0.41035200000000005,-0.552818,BMU,ITA,0484
1628,31,111,696,1997.0,0.0,4673.0,-0.765684,-0.796686,BOL,ITA,0484
1629,32,111,696,1997.0,17830.0,13755818.0,0.805759,1.249182,BRA,ITA,0484
1630,33,111,696,1997.0,0.0,1054.0,0.916416,0.490241,BRB,ITA,0484
1631,34,111,696,1997.0,0.0,337807.0,-0.443665,-0.825732,BRN,ITA,0484
1632,38,111,696,1997.0,0.0,2714.0,-1.590886,-1.038663,CAF,ITA,0484
1633,39,111,696,1997.0,0.0,9980853.0,0.928586,1.3413389999999998,CAN,ITA,0484
1634,41,111,696,1997.0,4777426.0,22029482.0,2.327788,0.682804,CHE,ITA,0484
1635,42,111,696,1997.0,0.0,133295.0,-0.06841799999999999,-0.21526199999999998,CHL,ITA,0484
1636,43,111,696,1997.0,50726.0,501866.0,0.380294,2.389738,CHN,ITA,0484
1637,44,111,696,1997.0,0.0,28017.0,-0.647407,-0.603726,CIV,ITA,0484
1638,45,111,696,1997.0,0.0,20287.0,-1.0663340000000001,-1.047091,CMR,ITA,0484
1639,46,111,696,1997.0,0.0,29478.0,-1.092385,-1.074017,COD,ITA,0484
1640,47,111,696,1997.0,0.0,32766.0,-1.484108,-1.2106190000000001,COG,ITA,0484
1641,49,111,696,1997.0,0.0,237003.0,0.023456,0.057771,COL,ITA,0484
1642,51,111,696,1997.0,0.0,1433.0,1.1987079999999999,0.084231,CPV,ITA,0484
1643,52,111,696,1997.0,0.0,100849.0,-0.158667,0.204758,CRI,ITA,0484
1644,54,111,696,1997.0,29398.0,158838.0,-0.793234,-1.169625,CUB,ITA,0484
1645,58,111,696,1997.0,0.0,931326.0,0.45144700000000004,0.46707600000000005,CYP,ITA,0484
1646,59,111,696,1997.0,44634.0,5367943.0,1.450452,1.031814,CZE,ITA,0484
1647,61,111,696,1997.0,76091920.0,119466880.0,2.360316,-2.655514,DEU,ITA,0484
1648,62,111,696,1997.0,0.0,2554.0,0.388331,0.05764299999999999,DJI,ITA,0484
1649,64,111,696,1997.0,10043825.0,3582248.0,1.422606,1.395373,DNK,ITA,0484
1650,65,111,696,1997.0,0.0,178407.0,-0.5140170000000001,-0.564107,DOM,ITA,0484
1651,66,111,696,1997.0,0.0,124582.0,-0.8557879999999999,-1.150101,DZA,ITA,0484
1652,67,111,696,1997.0,1623.0,857629.0,-1.124002,-1.0084549999999999,ECU,ITA,0484
1653,68,111,696,1997.0,3697.0,342333.0,-0.34861,0.005477,EGY,ITA,0484
1654,69,111,696,1997.0,0.0,29460.0,0.151598,-0.810869,ERI,ITA,0484
1655,71,111,696,1997.0,14651484.0,46149592.0,1.068989,1.9429439999999998,ESP,ITA,0484
1656,72,111,696,1997.0,0.0,77178.0,0.45792,1.148099,EST,ITA,0484
1657,73,111,696,1997.0,0.0,95237.0,-1.141928,-1.187119,ETH,ITA,0484
1658,74,111,696,1997.0,0.0,313110.0,1.991377,1.047477,FIN,ITA,0484
1659,77,111,696,1997.0,65571196.0,129937264.0,1.6737630000000001,0.7499439999999999,FRA,ITA,0484
1660,80,111,696,1997.0,0.0,27517.0,-1.277642,-1.178244,GAB,ITA,0484
1661,81,111,696,1997.0,22211132.0,52165064.0,1.9742490000000001,0.7046359999999999,GBR,ITA,0484
1662,82,111,696,1997.0,0.0,205832.0,0.347408,0.106341,GEO,ITA,0484
1663,83,111,696,1997.0,0.0,12204.0,-1.03989,-0.979039,GHA,ITA,0484
1664,84,111,696,1997.0,0.0,15788.0,0.643548,-0.164009,GIB,ITA,0484
1665,85,111,696,1997.0,0.0,10903.0,-1.223583,-1.14157,GIN,ITA,0484
1666,87,111,696,1997.0,0.0,4700.0,-0.686094,-0.8130609999999999,GMB,ITA,0484
1667,89,111,696,1997.0,0.0,7789.0,-1.7029490000000003,-0.880605,GNQ,ITA,0484
1668,90,111,696,1997.0,5347300.0,15271835.0,0.225904,1.291959,GRC,ITA,0484
1669,92,111,696,1997.0,0.0,5707.0,-0.7822520000000001,-0.906492,GRL,ITA,0484
1670,93,111,696,1997.0,0.0,55503.0,-0.17965,0.23698200000000003,GTM,ITA,0484
1671,97,111,696,1997.0,13234.0,14888493.0,0.475945,1.7576919999999998,HKG,ITA,0484
1672,99,111,696,1997.0,0.0,21873.0,-0.7449319999999999,-0.50008,HND,ITA,0484
1673,100,111,696,1997.0,0.0,5268542.0,0.61283,1.321775,HRV,ITA,0484
1674,101,111,696,1997.0,0.0,2197.0,-0.6864100000000001,-0.687077,HTI,ITA,0484
1675,102,111,696,1997.0,11406.0,2415024.0,0.9121799999999999,1.55321,HUN,ITA,0484
1676,103,111,696,1997.0,0.0,1721755.0,-0.21049600000000002,1.318692,IDN,ITA,0484
1677,104,111,696,1997.0,0.0,3628.0,0.150788,2.027932,IND,ITA,0484
1678,106,111,696,1997.0,98959.0,4133141.0,1.579974,1.018361,IRL,ITA,0484
1679,109,111,696,1997.0,0.0,101785.0,0.33665700000000004,-0.42348,ISL,ITA,0484
1680,110,111,696,1997.0,81248.0,9894097.0,1.404901,1.072135,ISR,ITA,0484
1681,113,111,696,1997.0,0.0,161319.0,0.641787,0.484512,JOR,ITA,0484
1682,114,111,696,1997.0,9815.0,6956182.0,2.771316,0.545821,JPN,ITA,0484
1683,115,111,696,1997.0,0.0,1170.0,0.302596,-0.028221,KAZ,ITA,0484
1684,116,111,696,1997.0,0.0,57499.0,-0.363967,0.218183,KEN,ITA,0484
1685,117,111,696,1997.0,0.0,10150.0,0.063303,-0.014279,KGZ,ITA,0484
1686,121,111,696,1997.0,0.0,416471.0,1.2642,1.164231,KOR,ITA,0484
1687,122,111,696,1997.0,0.0,2449965.0,-1.0192139999999998,-1.193627,KWT,ITA,0484
1688,124,111,696,1997.0,0.0,2426850.0,0.28229299999999996,1.0650549999999999,LBN,ITA,0484
1689,126,111,696,1997.0,0.0,254125.0,-0.662351,-1.1515309999999999,LBY,ITA,0484
1690,128,111,696,1997.0,2875.0,0.0,-0.6467470000000001,-0.27831300000000003,LKA,ITA,0484
1691,130,111,696,1997.0,0.0,147699.0,0.360579,1.382816,LTU,ITA,0484
1692,132,111,696,1997.0,0.0,97016.0,0.332958,0.51665,LVA,ITA,0484
1693,133,111,696,1997.0,0.0,4722.0,-0.061292,-0.44707399999999997,MAC,ITA,0484
1694,134,111,696,1997.0,0.0,134430.0,-0.635337,-0.336298,MAR,ITA,0484
1695,135,111,696,1997.0,0.0,253884.0,0.14225,-0.250556,MDA,ITA,0484
1696,136,111,696,1997.0,0.0,9491.0,-1.090898,-0.605175,MDG,ITA,0484
1697,137,111,696,1997.0,0.0,3307.0,-1.0046620000000002,-1.0400340000000001,MDV,ITA,0484
1698,138,111,696,1997.0,12644.0,1317689.0,0.7735350000000001,0.9161590000000001,MEX,ITA,0484
1699,140,111,696,1997.0,0.0,84517.0,0.297389,0.735171,MKD,ITA,0484
1700,141,111,696,1997.0,0.0,4714.0,-1.166924,-1.060552,MLI,ITA,0484
1701,142,111,696,1997.0,9456.0,4703308.0,1.1063180000000001,0.377209,MLT,ITA,0484
1702,151,111,696,1997.0,0.0,66739.0,-0.42358999999999997,-0.680841,MUS,ITA,0484
1703,152,111,696,1997.0,0.0,6427.0,-1.167342,-1.086488,MWI,ITA,0484
1704,153,111,696,1997.0,0.0,4724638.0,0.526754,0.33065700000000003,MYS,ITA,0484
1705,156,111,696,1997.0,0.0,9181.0,-0.600665,-0.8788389999999999,NCL,ITA,0484
1706,157,111,696,1997.0,0.0,7832.0,-0.31505500000000003,-0.542254,NER,ITA,0484
1707,159,111,696,1997.0,0.0,114426.0,-1.8354990000000002,-1.246493,NGA,ITA,0484
1708,162,111,696,1997.0,9783654.0,20824614.0,1.327106,1.520932,NLD,ITA,0484
1709,163,111,696,1997.0,4111.0,370829.0,0.857735,0.061844,NOR,ITA,0484
1710,164,111,696,1997.0,0.0,10140.0,-0.282115,-0.237121,NPL,ITA,0484
1711,166,111,696,1997.0,0.0,105186.0,0.372052,0.764854,NZL,ITA,0484
1712,167,111,696,1997.0,44250.0,876266.0,-0.233342,-0.9922049999999999,OMN,ITA,0484
1713,168,111,696,1997.0,0.0,38503.0,-0.844282,-0.602616,PAK,ITA,0484
1714,169,111,696,1997.0,0.0,8798.0,0.0038,0.036532999999999996,PAN,ITA,0484
1715,173,111,696,1997.0,0.0,134323.0,-0.603019,-0.365845,PER,ITA,0484
1716,174,111,696,1997.0,54301.0,286217.0,0.044834,0.024782,PHL,ITA,0484
1717,177,111,696,1997.0,120072.0,2871806.0,0.8447319999999999,2.000241,POL,ITA,0484
1718,178,111,696,1997.0,0.0,90646.0,0.734805,0.8720889999999999,PRK,ITA,0484
1719,179,111,696,1997.0,2901263.0,7437653.0,0.496633,1.025231,PRT,ITA,0484
1720,180,111,696,1997.0,0.0,38209.0,-0.6051380000000001,-0.708271,PRY,ITA,0484
1721,182,111,696,1997.0,0.0,51773.0,0.431432,-0.5432020000000001,PYF,ITA,0484
1722,183,111,696,1997.0,0.0,492441.0,-1.1276760000000001,-1.233235,QAT,ITA,0484
1723,185,111,696,1997.0,80523.0,1816296.0,0.666251,1.31932,ROU,ITA,0484
1724,186,111,696,1997.0,0.0,13493204.0,0.572773,0.375446,RUS,ITA,0484
1725,187,111,696,1997.0,0.0,39420.0,-0.337464,-0.8656,RWA,ITA,0484
1726,188,111,696,1997.0,0.0,4524940.0,-0.300809,-1.0455,SAU,ITA,0484
1727,189,111,696,1997.0,0.0,1102840.0,0.626724,1.7948549999999999,SCG,ITA,0484
1728,191,111,696,1997.0,0.0,14144.0,-0.660837,-0.768874,SEN,ITA,0484
1729,192,111,696,1997.0,1630.0,8752166.0,1.1946700000000001,0.30503600000000003,SGP,ITA,0484
1730,197,111,696,1997.0,0.0,31414.0,-0.069039,-0.094938,SLV,ITA,0484
1731,206,111,696,1997.0,6213.0,1510154.0,1.265691,1.368739,SVK,ITA,0484
1732,207,111,696,1997.0,0.0,10196288.0,1.449492,1.253379,SVN,ITA,0484
1733,208,111,696,1997.0,1694583.0,5733438.0,2.0806709999999997,0.9541219999999999,SWE,ITA,0484
1734,211,111,696,1997.0,0.0,59401.0,-0.547613,-0.8543209999999999,SYC,ITA,0484
1735,215,111,696,1997.0,0.0,12293.0,-0.881602,-0.81079,TGO,ITA,0484
1736,216,111,696,1997.0,2562.0,2087161.0,0.216402,1.366618,THA,ITA,0484
1737,217,111,696,1997.0,0.0,58522.0,-0.095789,-0.706445,TJK,ITA,0484
1738,222,111,696,1997.0,0.0,9306.0,0.051947,-0.405412,TTO,ITA,0484
1739,223,111,696,1997.0,878053.0,272769.0,-0.187276,-0.21877600000000003,TUN,ITA,0484
1740,224,111,696,1997.0,61349.0,1984268.0,0.154428,1.7573880000000002,TUR,ITA,0484
1741,226,111,696,1997.0,0.0,33897.0,-1.243443,-0.537161,TZA,ITA,0484
1742,227,111,696,1997.0,0.0,7556.0,-1.175585,-1.017807,UGA,ITA,0484
1743,228,111,696,1997.0,0.0,1401646.0,0.7384539999999999,1.096947,UKR,ITA,0484
1744,230,111,696,1997.0,0.0,539453.0,0.080024,0.669226,URY,ITA,0484
1745,231,111,696,1997.0,322626.0,46587828.0,1.875847,0.46257299999999996,USA,ITA,0484
1746,232,111,696,1997.0,0.0,257575.0,-0.134113,-0.791415,UZB,ITA,0484
1747,236,111,696,1997.0,0.0,1244339.0,-0.137776,-0.750744,VEN,ITA,0484
1748,239,111,696,1997.0,170466.0,0.0,-0.67516,0.251436,VNM,ITA,0484
1749,243,111,696,1997.0,0.0,144930.0,-1.665484,-1.292243,YEM,ITA,0484
1750,246,111,696,1997.0,0.0,2017271.0,0.29381199999999996,1.276557,ZAF,ITA,0484
1751,247,111,696,1997.0,0.0,1571.0,-0.8659309999999999,-0.88536,ZMB,ITA,0484
1752,248,111,696,1997.0,0.0,18099.0,-0.5328609999999999,-0.509275,ZWE,ITA,0484
1753,249,111,696,1997.0,5829.0,3425096.0,1.557128,1.434424,TWN,ITA,0484
1754,250,111,696,1997.0,0.0,440950.0,1.004537,0.782725,ANS,ITA,0484
1755,7,121,696,1997.0,0.0,346251.0,-0.317351,-0.8786510000000001,ARE,KOR,0484
1756,8,121,696,1997.0,48324.0,26699.0,0.072589,0.965456,ARG,KOR,0484
1757,14,121,696,1997.0,253106.0,813087.0,-0.033861,0.647668,AUS,KOR,0484
1758,15,121,696,1997.0,63597.0,3910.0,1.904005,0.445169,AUT,KOR,0484
1759,18,121,696,1997.0,6883828.0,12092.0,1.470183,1.312167,BEL,KOR,0484
1760,22,121,696,1997.0,1124.0,100029.0,-0.638734,-0.895301,BGD,KOR,0484
1761,24,121,696,1997.0,0.0,51609.0,-0.44965,-1.035584,BHR,KOR,0484
1762,31,121,696,1997.0,0.0,7050.0,-0.765684,-0.796686,BOL,KOR,0484
1763,32,121,696,1997.0,36332.0,180174.0,0.805759,1.249182,BRA,KOR,0484
1764,34,121,696,1997.0,0.0,1241.0,-0.443665,-0.825732,BRN,KOR,0484
1765,39,121,696,1997.0,220329.0,330981.0,0.928586,1.3413389999999998,CAN,KOR,0484
1766,41,121,696,1997.0,16995.0,0.0,2.327788,0.682804,CHE,KOR,0484
1767,42,121,696,1997.0,37921.0,23665.0,-0.06841799999999999,-0.21526199999999998,CHL,KOR,0484
1768,43,121,696,1997.0,2329935.0,963711.0,0.380294,2.389738,CHN,KOR,0484
1769,52,121,696,1997.0,0.0,6262.0,-0.158667,0.204758,CRI,KOR,0484
1770,61,121,696,1997.0,1572328.0,207432.0,2.360316,-2.655514,DEU,KOR,0484
1771,64,121,696,1997.0,851300.0,0.0,1.422606,1.395373,DNK,KOR,0484
1772,65,121,696,1997.0,0.0,2639.0,-0.5140170000000001,-0.564107,DOM,KOR,0484
1773,68,121,696,1997.0,12823.0,0.0,-0.34861,0.005477,EGY,KOR,0484
1774,71,121,696,1997.0,256297.0,4893.0,1.068989,1.9429439999999998,ESP,KOR,0484
1775,72,121,696,1997.0,0.0,28211.0,0.45792,1.148099,EST,KOR,0484
1776,73,121,696,1997.0,0.0,26238.0,-1.141928,-1.187119,ETH,KOR,0484
1777,74,121,696,1997.0,68749.0,0.0,1.991377,1.047477,FIN,KOR,0484
1778,77,121,696,1997.0,326036.0,199600.0,1.6737630000000001,0.7499439999999999,FRA,KOR,0484
1779,80,121,696,1997.0,0.0,29759.0,-1.277642,-1.178244,GAB,KOR,0484
1780,81,121,696,1997.0,160169.0,73533.0,1.9742490000000001,0.7046359999999999,GBR,KOR,0484
1781,83,121,696,1997.0,0.0,6829.0,-1.03989,-0.979039,GHA,KOR,0484
1782,90,121,696,1997.0,29471.0,60332.0,0.225904,1.291959,GRC,KOR,0484
1783,93,121,696,1997.0,37721.0,9417.0,-0.17965,0.23698200000000003,GTM,KOR,0484
1784,97,121,696,1997.0,267227.0,9831216.0,0.475945,1.7576919999999998,HKG,KOR,0484
1785,102,121,696,1997.0,26650.0,48820.0,0.9121799999999999,1.55321,HUN,KOR,0484
1786,103,121,696,1997.0,42020.0,538291.0,-0.21049600000000002,1.318692,IDN,KOR,0484
1787,104,121,696,1997.0,51930.0,333943.0,0.150788,2.027932,IND,KOR,0484
1788,111,121,696,1997.0,416471.0,0.0,1.596917,0.8313959999999999,ITA,KOR,0484
1789,114,121,696,1997.0,758591.0,3258478.0,2.771316,0.545821,JPN,KOR,0484
1790,115,121,696,1997.0,0.0,25508.0,0.302596,-0.028221,KAZ,KOR,0484
1791,118,121,696,1997.0,0.0,1878.0,-1.3386770000000001,-1.2547110000000001,KHM,KOR,0484
1792,122,121,696,1997.0,0.0,89546.0,-1.0192139999999998,-1.193627,KWT,KOR,0484
1793,128,121,696,1997.0,0.0,24746.0,-0.6467470000000001,-0.27831300000000003,LKA,KOR,0484
1794,130,121,696,1997.0,0.0,5204.0,0.360579,1.382816,LTU,KOR,0484
1795,133,121,696,1997.0,0.0,106490.0,-0.061292,-0.44707399999999997,MAC,KOR,0484
1796,138,121,696,1997.0,26931.0,34526.0,0.7735350000000001,0.9161590000000001,MEX,KOR,0484
1797,143,121,696,1997.0,0.0,27754.0,-1.222694,-0.9493,MMR,KOR,0484
1798,145,121,696,1997.0,0.0,197612.0,-0.569797,-0.9604370000000001,MNG,KOR,0484
1799,146,121,696,1997.0,0.0,51945.0,-0.698376,-0.9790459999999999,MNP,KOR,0484
1800,153,121,696,1997.0,411380.0,63634.0,0.526754,0.33065700000000003,MYS,KOR,0484
1801,159,121,696,1997.0,0.0,29386.0,-1.8354990000000002,-1.246493,NGA,KOR,0484
1802,162,121,696,1997.0,192261.0,111452.0,1.327106,1.520932,NLD,KOR,0484
1803,163,121,696,1997.0,39653.0,0.0,0.857735,0.061844,NOR,KOR,0484
1804,164,121,696,1997.0,0.0,7766.0,-0.282115,-0.237121,NPL,KOR,0484
1805,166,121,696,1997.0,0.0,229429.0,0.372052,0.764854,NZL,KOR,0484
1806,173,121,696,1997.0,0.0,10054.0,-0.603019,-0.365845,PER,KOR,0484
1807,174,121,696,1997.0,65500.0,143540.0,0.044834,0.024782,PHL,KOR,0484
1808,176,121,696,1997.0,0.0,26533.0,-1.960463,-1.270168,PNG,KOR,0484
1809,177,121,696,1997.0,113307.0,3852.0,0.8447319999999999,2.000241,POL,KOR,0484
1810,180,121,696,1997.0,0.0,40300.0,-0.6051380000000001,-0.708271,PRY,KOR,0484
1811,185,121,696,1997.0,0.0,4159.0,0.666251,1.31932,ROU,KOR,0484
1812,186,121,696,1997.0,0.0,50815224.0,0.572773,0.375446,RUS,KOR,0484
1813,188,121,696,1997.0,0.0,74057.0,-0.300809,-1.0455,SAU,KOR,0484
1814,192,121,696,1997.0,202727.0,278589.0,1.1946700000000001,0.30503600000000003,SGP,KOR,0484
1815,216,121,696,1997.0,155913.0,103578.0,0.216402,1.366618,THA,KOR,0484
1816,228,121,696,1997.0,0.0,121567.0,0.7384539999999999,1.096947,UKR,KOR,0484
1817,231,121,696,1997.0,7963982.0,6149782.0,1.875847,0.46257299999999996,USA,KOR,0484
1818,232,121,696,1997.0,0.0,9847.0,-0.134113,-0.791415,UZB,KOR,0484
1819,239,121,696,1997.0,62180.0,4218492.0,-0.67516,0.251436,VNM,KOR,0484
1820,243,121,696,1997.0,0.0,16877.0,-1.665484,-1.292243,YEM,KOR,0484
1821,246,121,696,1997.0,172492.0,50654.0,0.29381199999999996,1.276557,ZAF,KOR,0484
1822,249,121,696,1997.0,392763.0,11058898.0,1.557128,1.434424,TWN,KOR,0484
1823,250,121,696,1997.0,0.0,356089.0,1.004537,0.782725,ANS,KOR,0484
1824,2,124,696,1997.0,0.0,72838.0,-1.800252,-1.237594,AGO,LBN,0484
1825,7,124,696,1997.0,103380.0,10420.0,-0.317351,-0.8786510000000001,ARE,LBN,0484
1826,8,124,696,1997.0,15125.0,0.0,0.072589,0.965456,ARG,LBN,0484
1827,13,124,696,1997.0,5735.0,0.0,0.545288,-0.20344500000000001,ATG,LBN,0484
1828,14,124,696,1997.0,7978.0,23333.0,-0.033861,0.647668,AUS,LBN,0484
1829,15,124,696,1997.0,22650.0,0.0,1.904005,0.445169,AUT,LBN,0484
1830,18,124,696,1997.0,1921244.0,0.0,1.470183,1.312167,BEL,LBN,0484
1831,23,124,696,1997.0,17252.0,0.0,0.523226,1.4133959999999999,BGR,LBN,0484
1832,24,124,696,1997.0,0.0,7936.0,-0.44965,-1.035584,BHR,LBN,0484
1833,28,124,696,1997.0,0.0,3523.0,0.716832,0.706486,BLR,LBN,0484
1834,32,124,696,1997.0,44994.0,2363.0,0.805759,1.249182,BRA,LBN,0484
1835,39,124,696,1997.0,3315.0,31717.0,0.928586,1.3413389999999998,CAN,LBN,0484
1836,41,124,696,1997.0,8792.0,5572.0,2.327788,0.682804,CHE,LBN,0484
1837,43,124,696,1997.0,45701.0,0.0,0.380294,2.389738,CHN,LBN,0484
1838,44,124,696,1997.0,0.0,10217.0,-0.647407,-0.603726,CIV,LBN,0484
1839,45,124,696,1997.0,0.0,4777.0,-1.0663340000000001,-1.047091,CMR,LBN,0484
1840,46,124,696,1997.0,0.0,5597.0,-1.092385,-1.074017,COD,LBN,0484
1841,47,124,696,1997.0,0.0,23104.0,-1.484108,-1.2106190000000001,COG,LBN,0484
1842,58,124,696,1997.0,76211.0,0.0,0.45144700000000004,0.46707600000000005,CYP,LBN,0484
1843,61,124,696,1997.0,276600.0,21702.0,2.360316,-2.655514,DEU,LBN,0484
1844,64,124,696,1997.0,339889.0,33895.0,1.422606,1.395373,DNK,LBN,0484
1845,68,124,696,1997.0,359289.0,0.0,-0.34861,0.005477,EGY,LBN,0484
1846,71,124,696,1997.0,852170.0,0.0,1.068989,1.9429439999999998,ESP,LBN,0484
1847,77,124,696,1997.0,2291842.0,11720.0,1.6737630000000001,0.7499439999999999,FRA,LBN,0484
1848,80,124,696,1997.0,0.0,9785.0,-1.277642,-1.178244,GAB,LBN,0484
1849,81,124,696,1997.0,3233867.0,3328.0,1.9742490000000001,0.7046359999999999,GBR,LBN,0484
1850,83,124,696,1997.0,36847.0,1713.0,-1.03989,-0.979039,GHA,LBN,0484
1851,85,124,696,1997.0,0.0,10131.0,-1.223583,-1.14157,GIN,LBN,0484
1852,87,124,696,1997.0,0.0,1672.0,-0.686094,-0.8130609999999999,GMB,LBN,0484
1853,90,124,696,1997.0,368342.0,0.0,0.225904,1.291959,GRC,LBN,0484
1854,102,124,696,1997.0,7996.0,0.0,0.9121799999999999,1.55321,HUN,LBN,0484
1855,103,124,696,1997.0,92929.0,0.0,-0.21049600000000002,1.318692,IDN,LBN,0484
1856,106,124,696,1997.0,86113.0,0.0,1.579974,1.018361,IRL,LBN,0484
1857,107,124,696,1997.0,9133.0,0.0,-0.8911190000000001,-1.085849,IRN,LBN,0484
1858,111,124,696,1997.0,2426850.0,0.0,1.596917,0.8313959999999999,ITA,LBN,0484
1859,113,124,696,1997.0,274457.0,12669.0,0.641787,0.484512,JOR,LBN,0484
1860,114,124,696,1997.0,22019.0,0.0,2.771316,0.545821,JPN,LBN,0484
1861,122,124,696,1997.0,18844.0,15177.0,-1.0192139999999998,-1.193627,KWT,LBN,0484
1862,125,124,696,1997.0,0.0,2389.0,-0.77544,-1.122642,LBR,LBN,0484
1863,128,124,696,1997.0,2893.0,0.0,-0.6467470000000001,-0.27831300000000003,LKA,LBN,0484
1864,134,124,696,1997.0,58905.0,0.0,-0.635337,-0.336298,MAR,LBN,0484
1865,142,124,696,1997.0,26551.0,0.0,1.1063180000000001,0.377209,MLT,LBN,0484
1866,152,124,696,1997.0,0.0,8343.0,-1.167342,-1.086488,MWI,LBN,0484
1867,153,124,696,1997.0,207040.0,0.0,0.526754,0.33065700000000003,MYS,LBN,0484
1868,159,124,696,1997.0,0.0,16312.0,-1.8354990000000002,-1.246493,NGA,LBN,0484
1869,162,124,696,1997.0,1099859.0,0.0,1.327106,1.520932,NLD,LBN,0484
1870,163,124,696,1997.0,16585.0,0.0,0.857735,0.061844,NOR,LBN,0484
1871,174,124,696,1997.0,10214.0,0.0,0.044834,0.024782,PHL,LBN,0484
1872,177,124,696,1997.0,4069.0,0.0,0.8447319999999999,2.000241,POL,LBN,0484
1873,179,124,696,1997.0,14154.0,0.0,0.496633,1.025231,PRT,LBN,0484
1874,180,124,696,1997.0,0.0,1082.0,-0.6051380000000001,-0.708271,PRY,LBN,0484
1875,183,124,696,1997.0,0.0,5897.0,-1.1276760000000001,-1.233235,QAT,LBN,0484
1876,185,124,696,1997.0,0.0,6260.0,0.666251,1.31932,ROU,LBN,0484
1877,186,124,696,1997.0,0.0,11779.0,0.572773,0.375446,RUS,LBN,0484
1878,188,124,696,1997.0,3999449.0,75689.0,-0.300809,-1.0455,SAU,LBN,0484
1879,191,124,696,1997.0,0.0,21832.0,-0.660837,-0.768874,SEN,LBN,0484
1880,192,124,696,1997.0,160303.0,0.0,1.1946700000000001,0.30503600000000003,SGP,LBN,0484
1881,196,124,696,1997.0,0.0,20170.0,-0.279858,-0.632066,SLE,LBN,0484
1882,205,124,696,1997.0,43198.0,0.0,-1.125928,-0.980981,SUR,LBN,0484
1883,208,124,696,1997.0,8846.0,18635.0,2.0806709999999997,0.9541219999999999,SWE,LBN,0484
1884,212,124,696,1997.0,387638.0,0.0,-0.932127,-0.963823,SYR,LBN,0484
1885,216,124,696,1997.0,99209.0,0.0,0.216402,1.366618,THA,LBN,0484
1886,223,124,696,1997.0,196093.0,0.0,-0.187276,-0.21877600000000003,TUN,LBN,0484
1887,224,124,696,1997.0,6402527.0,2783.0,0.154428,1.7573880000000002,TUR,LBN,0484
1888,228,124,696,1997.0,0.0,12267.0,0.7384539999999999,1.096947,UKR,LBN,0484
1889,231,124,696,1997.0,229390.0,98503.0,1.875847,0.46257299999999996,USA,LBN,0484
1890,236,124,696,1997.0,0.0,3936.0,-0.137776,-0.750744,VEN,LBN,0484
1891,243,124,696,1997.0,0.0,8897.0,-1.665484,-1.292243,YEM,LBN,0484
1892,247,124,696,1997.0,0.0,1894.0,-0.8659309999999999,-0.88536,ZMB,LBN,0484
1893,249,124,696,1997.0,3314.0,0.0,1.557128,1.434424,TWN,LBN,0484
1894,250,124,696,1997.0,18915.0,12713.0,1.004537,0.782725,ANS,LBN,0484
1895,15,130,696,1997.0,29535.0,0.0,1.904005,0.445169,AUT,LTU,0484
1896,18,130,696,1997.0,2306789.0,0.0,1.470183,1.312167,BEL,LTU,0484
1897,23,130,696,1997.0,16043.0,0.0,0.523226,1.4133959999999999,BGR,LTU,0484
1898,28,130,696,1997.0,31413.0,593777.0,0.716832,0.706486,BLR,LTU,0484
1899,41,130,696,1997.0,210283.0,0.0,2.327788,0.682804,CHE,LTU,0484
1900,59,130,696,1997.0,911099.0,0.0,1.450452,1.031814,CZE,LTU,0484
1901,61,130,696,1997.0,1222202.0,72334.0,2.360316,-2.655514,DEU,LTU,0484
1902,64,130,696,1997.0,337886.0,0.0,1.422606,1.395373,DNK,LTU,0484
1903,71,130,696,1997.0,206160.0,0.0,1.068989,1.9429439999999998,ESP,LTU,0484
1904,72,130,696,1997.0,19609.0,167871.0,0.45792,1.148099,EST,LTU,0484
1905,74,130,696,1997.0,67643.0,0.0,1.991377,1.047477,FIN,LTU,0484
1906,77,130,696,1997.0,593654.0,0.0,1.6737630000000001,0.7499439999999999,FRA,LTU,0484
1907,81,130,696,1997.0,164657.0,0.0,1.9742490000000001,0.7046359999999999,GBR,LTU,0484
1908,84,130,696,1997.0,9562.0,0.0,0.643548,-0.164009,GIB,LTU,0484
1909,100,130,696,1997.0,2968.0,0.0,0.61283,1.321775,HRV,LTU,0484
1910,102,130,696,1997.0,3189.0,0.0,0.9121799999999999,1.55321,HUN,LTU,0484
1911,106,130,696,1997.0,18816.0,0.0,1.579974,1.018361,IRL,LTU,0484
1912,110,130,696,1997.0,4503.0,0.0,1.404901,1.072135,ISR,LTU,0484
1913,111,130,696,1997.0,147699.0,0.0,1.596917,0.8313959999999999,ITA,LTU,0484
1914,115,130,696,1997.0,0.0,11456.0,0.302596,-0.028221,KAZ,LTU,0484
1915,121,130,696,1997.0,5204.0,0.0,1.2642,1.164231,KOR,LTU,0484
1916,132,130,696,1997.0,108302.0,246088.0,0.332958,0.51665,LVA,LTU,0484
1917,135,130,696,1997.0,0.0,10950.0,0.14225,-0.250556,MDA,LTU,0484
1918,162,130,696,1997.0,469042.0,0.0,1.327106,1.520932,NLD,LTU,0484
1919,163,130,696,1997.0,31694.0,0.0,0.857735,0.061844,NOR,LTU,0484
1920,177,130,696,1997.0,6048410.0,0.0,0.8447319999999999,2.000241,POL,LTU,0484
1921,186,130,696,1997.0,483933.0,1054128.0,0.572773,0.375446,RUS,LTU,0484
1922,206,130,696,1997.0,59809.0,0.0,1.265691,1.368739,SVK,LTU,0484
1923,208,130,696,1997.0,25774.0,1008.0,2.0806709999999997,0.9541219999999999,SWE,LTU,0484
1924,224,130,696,1997.0,940642.0,0.0,0.154428,1.7573880000000002,TUR,LTU,0484
1925,228,130,696,1997.0,0.0,201155.0,0.7384539999999999,1.096947,UKR,LTU,0484
1926,231,130,696,1997.0,0.0,50469.0,1.875847,0.46257299999999996,USA,LTU,0484
1927,232,130,696,1997.0,0.0,27008.0,-0.134113,-0.791415,UZB,LTU,0484
1928,250,130,696,1997.0,0.0,3338.0,1.004537,0.782725,ANS,LTU,0484
1929,8,138,696,1997.0,20822.0,0.0,0.072589,0.965456,ARG,MEX,0484
1930,18,138,696,1997.0,217429.0,6185.0,1.470183,1.312167,BEL,MEX,0484
1931,29,138,696,1997.0,0.0,157318.0,-0.640252,-0.833937,BLZ,MEX,0484
1932,31,138,696,1997.0,0.0,20167.0,-0.765684,-0.796686,BOL,MEX,0484
1933,32,138,696,1997.0,1955446.0,5384.0,0.805759,1.249182,BRA,MEX,0484
1934,39,138,696,1997.0,1908811.0,149126.0,0.928586,1.3413389999999998,CAN,MEX,0484
1935,41,138,696,1997.0,3433.0,0.0,2.327788,0.682804,CHE,MEX,0484
1936,42,138,696,1997.0,19807.0,17763.0,-0.06841799999999999,-0.21526199999999998,CHL,MEX,0484
1937,43,138,696,1997.0,24694.0,0.0,0.380294,2.389738,CHN,MEX,0484
1938,49,138,696,1997.0,14255.0,47830.0,0.023456,0.057771,COL,MEX,0484
1939,52,138,696,1997.0,0.0,48212.0,-0.158667,0.204758,CRI,MEX,0484
1940,54,138,696,1997.0,0.0,604829.0,-0.793234,-1.169625,CUB,MEX,0484
1941,61,138,696,1997.0,88426.0,12699.0,2.360316,-2.655514,DEU,MEX,0484
1942,64,138,696,1997.0,323889.0,198255.0,1.422606,1.395373,DNK,MEX,0484
1943,65,138,696,1997.0,0.0,150290.0,-0.5140170000000001,-0.564107,DOM,MEX,0484
1944,67,138,696,1997.0,1270420.0,19069.0,-1.124002,-1.0084549999999999,ECU,MEX,0484
1945,71,138,696,1997.0,851966.0,38098.0,1.068989,1.9429439999999998,ESP,MEX,0484
1946,73,138,696,1997.0,0.0,25073.0,-1.141928,-1.187119,ETH,MEX,0484
1947,77,138,696,1997.0,154290.0,5991.0,1.6737630000000001,0.7499439999999999,FRA,MEX,0484
1948,81,138,696,1997.0,162231.0,116350.0,1.9742490000000001,0.7046359999999999,GBR,MEX,0484
1949,90,138,696,1997.0,100557.0,0.0,0.225904,1.291959,GRC,MEX,0484
1950,93,138,696,1997.0,11527.0,1835732.0,-0.17965,0.23698200000000003,GTM,MEX,0484
1951,97,138,696,1997.0,2205.0,0.0,0.475945,1.7576919999999998,HKG,MEX,0484
1952,99,138,696,1997.0,3303.0,1589461.0,-0.7449319999999999,-0.50008,HND,MEX,0484
1953,101,138,696,1997.0,0.0,3165.0,-0.6864100000000001,-0.687077,HTI,MEX,0484
1954,103,138,696,1997.0,8401.0,78815.0,-0.21049600000000002,1.318692,IDN,MEX,0484
1955,104,138,696,1997.0,2040.0,0.0,0.150788,2.027932,IND,MEX,0484
1956,106,138,696,1997.0,0.0,1777.0,1.579974,1.018361,IRL,MEX,0484
1957,110,138,696,1997.0,36799.0,6444.0,1.404901,1.072135,ISR,MEX,0484
1958,111,138,696,1997.0,1317689.0,12644.0,1.596917,0.8313959999999999,ITA,MEX,0484
1959,114,138,696,1997.0,63354.0,212313.0,2.771316,0.545821,JPN,MEX,0484
1960,121,138,696,1997.0,34526.0,26931.0,1.2642,1.164231,KOR,MEX,0484
1961,128,138,696,1997.0,1540.0,0.0,-0.6467470000000001,-0.27831300000000003,LKA,MEX,0484
1962,133,138,696,1997.0,1207.0,0.0,-0.061292,-0.44707399999999997,MAC,MEX,0484
1963,134,138,696,1997.0,1443.0,0.0,-0.635337,-0.336298,MAR,MEX,0484
1964,153,138,696,1997.0,1397.0,0.0,0.526754,0.33065700000000003,MYS,MEX,0484
1965,160,138,696,1997.0,0.0,358839.0,-0.699387,-0.460178,NIC,MEX,0484
1966,162,138,696,1997.0,18211.0,3880.0,1.327106,1.520932,NLD,MEX,0484
1967,163,138,696,1997.0,0.0,43383.0,0.857735,0.061844,NOR,MEX,0484
1968,169,138,696,1997.0,0.0,64730.0,0.0038,0.036532999999999996,PAN,MEX,0484
1969,173,138,696,1997.0,0.0,454985.0,-0.603019,-0.365845,PER,MEX,0484
1970,192,138,696,1997.0,0.0,10762.0,1.1946700000000001,0.30503600000000003,SGP,MEX,0484
1971,197,138,696,1997.0,0.0,552572.0,-0.069039,-0.094938,SLV,MEX,0484
1972,207,138,696,1997.0,0.0,1186.0,1.449492,1.253379,SVN,MEX,0484
1973,208,138,696,1997.0,46338.0,0.0,2.0806709999999997,0.9541219999999999,SWE,MEX,0484
1974,216,138,696,1997.0,29813.0,0.0,0.216402,1.366618,THA,MEX,0484
1975,224,138,696,1997.0,1836.0,0.0,0.154428,1.7573880000000002,TUR,MEX,0484
1976,230,138,696,1997.0,63342.0,1538.0,0.080024,0.669226,URY,MEX,0484
1977,231,138,696,1997.0,20982134.0,105726560.0,1.875847,0.46257299999999996,USA,MEX,0484
1978,236,138,696,1997.0,0.0,62766.0,-0.137776,-0.750744,VEN,MEX,0484
1979,249,138,696,1997.0,2208.0,2331.0,1.557128,1.434424,TWN,MEX,0484
1980,250,138,696,1997.0,0.0,1337.0,1.004537,0.782725,ANS,MEX,0484
1981,7,153,696,1997.0,24567.0,802910.0,-0.317351,-0.8786510000000001,ARE,MYS,0484
1982,14,153,696,1997.0,1547377.0,1399554.0,-0.033861,0.647668,AUS,MYS,0484
1983,15,153,696,1997.0,18588.0,0.0,1.904005,0.445169,AUT,MYS,0484
1984,18,153,696,1997.0,579132.0,23902.0,1.470183,1.312167,BEL,MYS,0484
1985,22,153,696,1997.0,0.0,353104.0,-0.638734,-0.895301,BGD,MYS,0484
1986,24,153,696,1997.0,0.0,138491.0,-0.44965,-1.035584,BHR,MYS,0484
1987,32,153,696,1997.0,0.0,46712.0,0.805759,1.249182,BRA,MYS,0484
1988,34,153,696,1997.0,2042.0,3650416.0,-0.443665,-0.825732,BRN,MYS,0484
1989,39,153,696,1997.0,77850.0,380553.0,0.928586,1.3413389999999998,CAN,MYS,0484
1990,41,153,696,1997.0,45456.0,35578.0,2.327788,0.682804,CHE,MYS,0484
1991,42,153,696,1997.0,0.0,44980.0,-0.06841799999999999,-0.21526199999999998,CHL,MYS,0484
1992,43,153,696,1997.0,283094.0,684526.0,0.380294,2.389738,CHN,MYS,0484
1993,45,153,696,1997.0,0.0,10423.0,-1.0663340000000001,-1.047091,CMR,MYS,0484
1994,61,153,696,1997.0,628923.0,15442.0,2.360316,-2.655514,DEU,MYS,0484
1995,64,153,696,1997.0,1016866.0,0.0,1.422606,1.395373,DNK,MYS,0484
1996,68,153,696,1997.0,0.0,24620.0,-0.34861,0.005477,EGY,MYS,0484
1997,71,153,696,1997.0,6475.0,40427.0,1.068989,1.9429439999999998,ESP,MYS,0484
1998,74,153,696,1997.0,0.0,7781.0,1.991377,1.047477,FIN,MYS,0484
1999,75,153,696,1997.0,0.0,19223.0,-0.8839090000000001,-0.9493540000000001,FJI,MYS,0484
2000,77,153,696,1997.0,81620.0,445182.0,1.6737630000000001,0.7499439999999999,FRA,MYS,0484
2001,81,153,696,1997.0,1957756.0,286976.0,1.9742490000000001,0.7046359999999999,GBR,MYS,0484
2002,83,153,696,1997.0,0.0,191612.0,-1.03989,-0.979039,GHA,MYS,0484
2003,87,153,696,1997.0,0.0,2218.0,-0.686094,-0.8130609999999999,GMB,MYS,0484
2004,97,153,696,1997.0,101616.0,13041074.0,0.475945,1.7576919999999998,HKG,MYS,0484
2005,99,153,696,1997.0,0.0,4718.0,-0.7449319999999999,-0.50008,HND,MYS,0484
2006,103,153,696,1997.0,1683937.0,3334860.0,-0.21049600000000002,1.318692,IDN,MYS,0484
2007,104,153,696,1997.0,9807.0,85702.0,0.150788,2.027932,IND,MYS,0484
2008,108,153,696,1997.0,0.0,17737.0,-2.35787,-0.856008,IRQ,MYS,0484
2009,109,153,696,1997.0,0.0,3684.0,0.33665700000000004,-0.42348,ISL,MYS,0484
2010,111,153,696,1997.0,4724638.0,0.0,1.596917,0.8313959999999999,ITA,MYS,0484
2011,113,153,696,1997.0,0.0,33485.0,0.641787,0.484512,JOR,MYS,0484
2012,114,153,696,1997.0,529505.0,826056.0,2.771316,0.545821,JPN,MYS,0484
2013,118,153,696,1997.0,0.0,330881.0,-1.3386770000000001,-1.2547110000000001,KHM,MYS,0484
2014,121,153,696,1997.0,63634.0,411380.0,1.2642,1.164231,KOR,MYS,0484
2015,122,153,696,1997.0,0.0,371127.0,-1.0192139999999998,-1.193627,KWT,MYS,0484
2016,123,153,696,1997.0,0.0,55519.0,-0.81187,-0.851834,LAO,MYS,0484
2017,124,153,696,1997.0,0.0,207040.0,0.28229299999999996,1.0650549999999999,LBN,MYS,0484
2018,128,153,696,1997.0,0.0,259163.0,-0.6467470000000001,-0.27831300000000003,LKA,MYS,0484
2019,133,153,696,1997.0,0.0,123586.0,-0.061292,-0.44707399999999997,MAC,MYS,0484
2020,134,153,696,1997.0,0.0,79693.0,-0.635337,-0.336298,MAR,MYS,0484
2021,136,153,696,1997.0,0.0,6625.0,-1.090898,-0.605175,MDG,MYS,0484
2022,137,153,696,1997.0,0.0,500524.0,-1.0046620000000002,-1.0400340000000001,MDV,MYS,0484
2023,138,153,696,1997.0,0.0,1397.0,0.7735350000000001,0.9161590000000001,MEX,MYS,0484
2024,142,153,696,1997.0,0.0,13138.0,1.1063180000000001,0.377209,MLT,MYS,0484
2025,143,153,696,1997.0,0.0,1480292.0,-1.222694,-0.9493,MMR,MYS,0484
2026,151,153,696,1997.0,0.0,746173.0,-0.42358999999999997,-0.680841,MUS,MYS,0484
2027,159,153,696,1997.0,0.0,76785.0,-1.8354990000000002,-1.246493,NGA,MYS,0484
2028,162,153,696,1997.0,261305.0,24556.0,1.327106,1.520932,NLD,MYS,0484
2029,163,153,696,1997.0,2112.0,0.0,0.857735,0.061844,NOR,MYS,0484
2030,164,153,696,1997.0,0.0,50246.0,-0.282115,-0.237121,NPL,MYS,0484
2031,165,153,696,1997.0,0.0,12064.0,1.272822,-0.382333,NRU,MYS,0484
2032,166,153,696,1997.0,25627.0,163925.0,0.372052,0.764854,NZL,MYS,0484
2033,167,153,696,1997.0,14552.0,340662.0,-0.233342,-0.9922049999999999,OMN,MYS,0484
2034,168,153,696,1997.0,0.0,3412.0,-0.844282,-0.602616,PAK,MYS,0484
2035,169,153,696,1997.0,5351.0,0.0,0.0038,0.036532999999999996,PAN,MYS,0484
2036,174,153,696,1997.0,65385.0,2057941.0,0.044834,0.024782,PHL,MYS,0484
2037,176,153,696,1997.0,0.0,219565.0,-1.960463,-1.270168,PNG,MYS,0484
2038,182,153,696,1997.0,0.0,4942.0,0.431432,-0.5432020000000001,PYF,MYS,0484
2039,183,153,696,1997.0,0.0,68264.0,-1.1276760000000001,-1.233235,QAT,MYS,0484
2040,186,153,696,1997.0,0.0,91609.0,0.572773,0.375446,RUS,MYS,0484
2041,188,153,696,1997.0,0.0,2410244.0,-0.300809,-1.0455,SAU,MYS,0484
2042,189,153,696,1997.0,0.0,4911.0,0.626724,1.7948549999999999,SCG,MYS,0484
2043,191,153,696,1997.0,0.0,21302.0,-0.660837,-0.768874,SEN,MYS,0484
2044,192,153,696,1997.0,4043188.0,29971570.0,1.1946700000000001,0.30503600000000003,SGP,MYS,0484
2045,199,153,696,1997.0,0.0,3591.0,-0.66794,-0.8626299999999999,SOM,MYS,0484
2046,205,153,696,1997.0,0.0,6415.0,-1.125928,-0.980981,SUR,MYS,0484
2047,208,153,696,1997.0,0.0,1983.0,2.0806709999999997,0.9541219999999999,SWE,MYS,0484
2048,211,153,696,1997.0,0.0,9113.0,-0.547613,-0.8543209999999999,SYC,MYS,0484
2049,216,153,696,1997.0,274091.0,2532343.0,0.216402,1.366618,THA,MYS,0484
2050,224,153,696,1997.0,15545.0,0.0,0.154428,1.7573880000000002,TUR,MYS,0484
2051,228,153,696,1997.0,0.0,11746.0,0.7384539999999999,1.096947,UKR,MYS,0484
2052,231,153,696,1997.0,943668.0,3477849.0,1.875847,0.46257299999999996,USA,MYS,0484
2053,236,153,696,1997.0,0.0,7767.0,-0.137776,-0.750744,VEN,MYS,0484
2054,239,153,696,1997.0,47171.0,1583620.0,-0.67516,0.251436,VNM,MYS,0484
2055,243,153,696,1997.0,0.0,104109.0,-1.665484,-1.292243,YEM,MYS,0484
2056,246,153,696,1997.0,21771.0,402291.0,0.29381199999999996,1.276557,ZAF,MYS,0484
2057,249,153,696,1997.0,472066.0,4711991.0,1.557128,1.434424,TWN,MYS,0484
2058,250,153,696,1997.0,0.0,19939.0,1.004537,0.782725,ANS,MYS,0484
2059,0,162,696,1997.0,0.0,450626.0,-1.338982,-0.866526,ABW,NLD,0484
2060,2,162,696,1997.0,0.0,720750.0,-1.800252,-1.237594,AGO,NLD,0484
2061,4,162,696,1997.0,0.0,38798.0,-0.375654,-0.124279,ALB,NLD,0484
2062,5,162,696,1997.0,0.0,16349.0,1.097696,0.751235,AND,NLD,0484
2063,6,162,696,1997.0,0.0,662783.0,-0.027541000000000003,-0.56389,ANT,NLD,0484
2064,7,162,696,1997.0,12893.0,2898224.0,-0.317351,-0.8786510000000001,ARE,NLD,0484
2065,8,162,696,1997.0,18666.0,105296.0,0.072589,0.965456,ARG,NLD,0484
2066,9,162,696,1997.0,0.0,57687.0,0.818788,0.226075,ARM,NLD,0484
2067,14,162,696,1997.0,0.0,2403519.0,-0.033861,0.647668,AUS,NLD,0484
2068,15,162,696,1997.0,3580631.0,4694803.0,1.904005,0.445169,AUT,NLD,0484
2069,16,162,696,1997.0,0.0,50576.0,0.28532199999999996,-0.00025299999999999997,AZE,NLD,0484
2070,17,162,696,1997.0,0.0,3915.0,-1.5636430000000001,-1.0257479999999999,BDI,NLD,0484
2071,18,162,696,1997.0,95133752.0,86763648.0,1.470183,1.312167,BEL,NLD,0484
2072,19,162,696,1997.0,0.0,64153.0,-1.357169,-1.089711,BEN,NLD,0484
2073,21,162,696,1997.0,4438.0,3909.0,-0.329098,-0.885215,BFA,NLD,0484
2074,23,162,696,1997.0,0.0,1116484.0,0.523226,1.4133959999999999,BGR,NLD,0484
2075,24,162,696,1997.0,0.0,65948.0,-0.44965,-1.035584,BHR,NLD,0484
2076,26,162,696,1997.0,0.0,300657.0,0.517231,0.321515,BIH,NLD,0484
2077,28,162,696,1997.0,0.0,63775.0,0.716832,0.706486,BLR,NLD,0484
2078,30,162,696,1997.0,0.0,1455.0,0.41035200000000005,-0.552818,BMU,NLD,0484
2079,32,162,696,1997.0,1407.0,605622.0,0.805759,1.249182,BRA,NLD,0484
2080,33,162,696,1997.0,2792.0,17482.0,0.916416,0.490241,BRB,NLD,0484
2081,34,162,696,1997.0,0.0,20735.0,-0.443665,-0.825732,BRN,NLD,0484
2082,38,162,696,1997.0,0.0,1313.0,-1.590886,-1.038663,CAF,NLD,0484
2083,39,162,696,1997.0,640581.0,4845605.0,0.928586,1.3413389999999998,CAN,NLD,0484
2084,41,162,696,1997.0,266170.0,10031121.0,2.327788,0.682804,CHE,NLD,0484
2085,42,162,696,1997.0,10832.0,14246.0,-0.06841799999999999,-0.21526199999999998,CHL,NLD,0484
2086,43,162,696,1997.0,1644746.0,100079.0,0.380294,2.389738,CHN,NLD,0484
2087,44,162,696,1997.0,0.0,104902.0,-0.647407,-0.603726,CIV,NLD,0484
2088,45,162,696,1997.0,0.0,144207.0,-1.0663340000000001,-1.047091,CMR,NLD,0484
2089,46,162,696,1997.0,0.0,32400.0,-1.092385,-1.074017,COD,NLD,0484
2090,47,162,696,1997.0,0.0,1026.0,-1.484108,-1.2106190000000001,COG,NLD,0484
2091,49,162,696,1997.0,1392400.0,16291.0,0.023456,0.057771,COL,NLD,0484
2092,51,162,696,1997.0,0.0,27424.0,1.1987079999999999,0.084231,CPV,NLD,0484
2093,52,162,696,1997.0,18634.0,0.0,-0.158667,0.204758,CRI,NLD,0484
2094,58,162,696,1997.0,0.0,373182.0,0.45144700000000004,0.46707600000000005,CYP,NLD,0484
2095,59,162,696,1997.0,266765.0,1598278.0,1.450452,1.031814,CZE,NLD,0484
2096,61,162,696,1997.0,100279240.0,150491296.0,2.360316,-2.655514,DEU,NLD,0484
2097,62,162,696,1997.0,0.0,388855.0,0.388331,0.05764299999999999,DJI,NLD,0484
2098,64,162,696,1997.0,3001921.0,8091422.0,1.422606,1.395373,DNK,NLD,0484
2099,65,162,696,1997.0,0.0,56054.0,-0.5140170000000001,-0.564107,DOM,NLD,0484
2100,66,162,696,1997.0,0.0,5670.0,-0.8557879999999999,-1.150101,DZA,NLD,0484
2101,68,162,696,1997.0,0.0,110004.0,-0.34861,0.005477,EGY,NLD,0484
2102,71,162,696,1997.0,8170680.0,4378310.0,1.068989,1.9429439999999998,ESP,NLD,0484
2103,72,162,696,1997.0,0.0,438382.0,0.45792,1.148099,EST,NLD,0484
2104,74,162,696,1997.0,1481688.0,2593579.0,1.991377,1.047477,FIN,NLD,0484
2105,77,162,696,1997.0,29195210.0,83201832.0,1.6737630000000001,0.7499439999999999,FRA,NLD,0484
2106,78,162,696,1997.0,0.0,8428.0,-0.530698,-0.7939109999999999,FRO,NLD,0484
2107,80,162,696,1997.0,0.0,390262.0,-1.277642,-1.178244,GAB,NLD,0484
2108,81,162,696,1997.0,44542088.0,37249104.0,1.9742490000000001,0.7046359999999999,GBR,NLD,0484
2109,82,162,696,1997.0,0.0,31746.0,0.347408,0.106341,GEO,NLD,0484
2110,83,162,696,1997.0,0.0,87215.0,-1.03989,-0.979039,GHA,NLD,0484
2111,84,162,696,1997.0,0.0,18656.0,0.643548,-0.164009,GIB,NLD,0484
2112,85,162,696,1997.0,0.0,70960.0,-1.223583,-1.14157,GIN,NLD,0484
2113,87,162,696,1997.0,0.0,19021.0,-0.686094,-0.8130609999999999,GMB,NLD,0484
2114,88,162,696,1997.0,0.0,158523.0,-1.8178439999999998,-1.023784,GNB,NLD,0484
2115,89,162,696,1997.0,0.0,1027.0,-1.7029490000000003,-0.880605,GNQ,NLD,0484
2116,90,162,696,1997.0,288352.0,1993848.0,0.225904,1.291959,GRC,NLD,0484
2117,92,162,696,1997.0,0.0,18128.0,-0.7822520000000001,-0.906492,GRL,NLD,0484
2118,93,162,696,1997.0,16612.0,0.0,-0.17965,0.23698200000000003,GTM,NLD,0484
2119,96,162,696,1997.0,0.0,4119.0,-0.5991029999999999,-0.769726,GUY,NLD,0484
2120,97,162,696,1997.0,539410.0,1074145.0,0.475945,1.7576919999999998,HKG,NLD,0484
2121,100,162,696,1997.0,18875.0,2357770.0,0.61283,1.321775,HRV,NLD,0484
2122,101,162,696,1997.0,0.0,88325.0,-0.6864100000000001,-0.687077,HTI,NLD,0484
2123,102,162,696,1997.0,202710.0,865989.0,0.9121799999999999,1.55321,HUN,NLD,0484
2124,103,162,696,1997.0,133015.0,36481.0,-0.21049600000000002,1.318692,IDN,NLD,0484
2125,104,162,696,1997.0,6339.0,209656.0,0.150788,2.027932,IND,NLD,0484
2126,106,162,696,1997.0,323147.0,1871054.0,1.579974,1.018361,IRL,NLD,0484
2127,109,162,696,1997.0,0.0,445499.0,0.33665700000000004,-0.42348,ISL,NLD,0484
2128,110,162,696,1997.0,587652.0,1932866.0,1.404901,1.072135,ISR,NLD,0484
2129,111,162,696,1997.0,20824614.0,9783654.0,1.596917,0.8313959999999999,ITA,NLD,0484
2130,112,162,696,1997.0,14044.0,0.0,-0.6338739999999999,-0.838622,JAM,NLD,0484
2131,113,162,696,1997.0,0.0,101545.0,0.641787,0.484512,JOR,NLD,0484
2132,114,162,696,1997.0,3874066.0,1189031.0,2.771316,0.545821,JPN,NLD,0484
2133,115,162,696,1997.0,0.0,57307.0,0.302596,-0.028221,KAZ,NLD,0484
2134,116,162,696,1997.0,0.0,49811.0,-0.363967,0.218183,KEN,NLD,0484
2135,121,162,696,1997.0,111452.0,192261.0,1.2642,1.164231,KOR,NLD,0484
2136,122,162,696,1997.0,0.0,1582515.0,-1.0192139999999998,-1.193627,KWT,NLD,0484
2137,124,162,696,1997.0,0.0,1099859.0,0.28229299999999996,1.0650549999999999,LBN,NLD,0484
2138,125,162,696,1997.0,0.0,73977.0,-0.77544,-1.122642,LBR,NLD,0484
2139,126,162,696,1997.0,0.0,26171.0,-0.662351,-1.1515309999999999,LBY,NLD,0484
2140,128,162,696,1997.0,0.0,4626.0,-0.6467470000000001,-0.27831300000000003,LKA,NLD,0484
2141,130,162,696,1997.0,0.0,469042.0,0.360579,1.382816,LTU,NLD,0484
2142,132,162,696,1997.0,6811.0,779970.0,0.332958,0.51665,LVA,NLD,0484
2143,133,162,696,1997.0,0.0,2844.0,-0.061292,-0.44707399999999997,MAC,NLD,0484
2144,134,162,696,1997.0,1967.0,85663.0,-0.635337,-0.336298,MAR,NLD,0484
2145,135,162,696,1997.0,0.0,18248.0,0.14225,-0.250556,MDA,NLD,0484
2146,136,162,696,1997.0,0.0,44454.0,-1.090898,-0.605175,MDG,NLD,0484
2147,137,162,696,1997.0,0.0,2530.0,-1.0046620000000002,-1.0400340000000001,MDV,NLD,0484
2148,138,162,696,1997.0,3880.0,18211.0,0.7735350000000001,0.9161590000000001,MEX,NLD,0484
2149,140,162,696,1997.0,0.0,60233.0,0.297389,0.735171,MKD,NLD,0484
2150,141,162,696,1997.0,0.0,14686.0,-1.166924,-1.060552,MLI,NLD,0484
2151,142,162,696,1997.0,1246.0,319060.0,1.1063180000000001,0.377209,MLT,NLD,0484
2152,145,162,696,1997.0,0.0,11214.0,-0.569797,-0.9604370000000001,MNG,NLD,0484
2153,148,162,696,1997.0,0.0,3597.0,-1.730246,-1.3439969999999999,MRT,NLD,0484
2154,153,162,696,1997.0,24556.0,261305.0,0.526754,0.33065700000000003,MYS,NLD,0484
2155,156,162,696,1997.0,0.0,12330.0,-0.600665,-0.8788389999999999,NCL,NLD,0484
2156,157,162,696,1997.0,0.0,17164.0,-0.31505500000000003,-0.542254,NER,NLD,0484
2157,159,162,696,1997.0,0.0,122229.0,-1.8354990000000002,-1.246493,NGA,NLD,0484
2158,163,162,696,1997.0,162965.0,4602486.0,0.857735,0.061844,NOR,NLD,0484
2159,164,162,696,1997.0,0.0,3093.0,-0.282115,-0.237121,NPL,NLD,0484
2160,166,162,696,1997.0,0.0,257020.0,0.372052,0.764854,NZL,NLD,0484
2161,167,162,696,1997.0,0.0,128094.0,-0.233342,-0.9922049999999999,OMN,NLD,0484
2162,168,162,696,1997.0,0.0,62618.0,-0.844282,-0.602616,PAK,NLD,0484
2163,173,162,696,1997.0,0.0,1763.0,-0.603019,-0.365845,PER,NLD,0484
2164,174,162,696,1997.0,136450.0,214068.0,0.044834,0.024782,PHL,NLD,0484
2165,177,162,696,1997.0,233814.0,2020041.0,0.8447319999999999,2.000241,POL,NLD,0484
2166,178,162,696,1997.0,0.0,36951.0,0.734805,0.8720889999999999,PRK,NLD,0484
2167,179,162,696,1997.0,1145189.0,2935464.0,0.496633,1.025231,PRT,NLD,0484
2168,182,162,696,1997.0,0.0,4928.0,0.431432,-0.5432020000000001,PYF,NLD,0484
2169,183,162,696,1997.0,0.0,10261.0,-1.1276760000000001,-1.233235,QAT,NLD,0484
2170,185,162,696,1997.0,0.0,440734.0,0.666251,1.31932,ROU,NLD,0484
2171,186,162,696,1997.0,0.0,29428642.0,0.572773,0.375446,RUS,NLD,0484
2172,187,162,696,1997.0,0.0,40997.0,-0.337464,-0.8656,RWA,NLD,0484
2173,188,162,696,1997.0,41482.0,5455608.0,-0.300809,-1.0455,SAU,NLD,0484
2174,189,162,696,1997.0,0.0,594558.0,0.626724,1.7948549999999999,SCG,NLD,0484
2175,190,162,696,1997.0,0.0,40547.0,-1.248538,-1.197904,SDN,NLD,0484
2176,191,162,696,1997.0,0.0,19260.0,-0.660837,-0.768874,SEN,NLD,0484
2177,192,162,696,1997.0,18058.0,233793.0,1.1946700000000001,0.30503600000000003,SGP,NLD,0484
2178,196,162,696,1997.0,0.0,1561.0,-0.279858,-0.632066,SLE,NLD,0484
2179,205,162,696,1997.0,8111.0,735479.0,-1.125928,-0.980981,SUR,NLD,0484
2180,206,162,696,1997.0,0.0,76106.0,1.265691,1.368739,SVK,NLD,0484
2181,207,162,696,1997.0,0.0,1567695.0,1.449492,1.253379,SVN,NLD,0484
2182,208,162,696,1997.0,4848462.0,7813923.0,2.0806709999999997,0.9541219999999999,SWE,NLD,0484
2183,212,162,696,1997.0,0.0,6162.0,-0.932127,-0.963823,SYR,NLD,0484
2184,215,162,696,1997.0,0.0,18813.0,-0.881602,-0.81079,TGO,NLD,0484
2185,216,162,696,1997.0,5713407.0,60930.0,0.216402,1.366618,THA,NLD,0484
2186,217,162,696,1997.0,0.0,1547.0,-0.095789,-0.706445,TJK,NLD,0484
2187,219,162,696,1997.0,0.0,28885.0,-0.580361,-1.071587,TKM,NLD,0484
2188,222,162,696,1997.0,29365.0,12467.0,0.051947,-0.405412,TTO,NLD,0484
2189,223,162,696,1997.0,0.0,30741.0,-0.187276,-0.21877600000000003,TUN,NLD,0484
2190,224,162,696,1997.0,707619.0,516374.0,0.154428,1.7573880000000002,TUR,NLD,0484
2191,227,162,696,1997.0,0.0,68584.0,-1.175585,-1.017807,UGA,NLD,0484
2192,228,162,696,1997.0,0.0,1154835.0,0.7384539999999999,1.096947,UKR,NLD,0484
2193,230,162,696,1997.0,0.0,34696.0,0.080024,0.669226,URY,NLD,0484
2194,231,162,696,1997.0,3255296.0,7266776.0,1.875847,0.46257299999999996,USA,NLD,0484
2195,232,162,696,1997.0,0.0,29254.0,-0.134113,-0.791415,UZB,NLD,0484
2196,239,162,696,1997.0,14210.0,0.0,-0.67516,0.251436,VNM,NLD,0484
2197,243,162,696,1997.0,0.0,100805.0,-1.665484,-1.292243,YEM,NLD,0484
2198,246,162,696,1997.0,0.0,1355710.0,0.29381199999999996,1.276557,ZAF,NLD,0484
2199,249,162,696,1997.0,2681556.0,245098.0,1.557128,1.434424,TWN,NLD,0484
2200,1,163,696,1997.0,0.0,127596.0,-0.111577,-0.408047,AFG,NOR,0484
2201,7,163,696,1997.0,0.0,16898.0,-0.317351,-0.8786510000000001,ARE,NOR,0484
2202,8,163,696,1997.0,21403.0,1862.0,0.072589,0.965456,ARG,NOR,0484
2203,14,163,696,1997.0,0.0,340738.0,-0.033861,0.647668,AUS,NOR,0484
2204,15,163,696,1997.0,1005061.0,88516.0,1.904005,0.445169,AUT,NOR,0484
2205,16,163,696,1997.0,0.0,16398.0,0.28532199999999996,-0.00025299999999999997,AZE,NOR,0484
2206,17,163,696,1997.0,0.0,91661.0,-1.5636430000000001,-1.0257479999999999,BDI,NOR,0484
2207,18,163,696,1997.0,438638.0,6178.0,1.470183,1.312167,BEL,NOR,0484
2208,22,163,696,1997.0,0.0,201533.0,-0.638734,-0.895301,BGD,NOR,0484
2209,24,163,696,1997.0,0.0,68581.0,-0.44965,-1.035584,BHR,NOR,0484
2210,39,163,696,1997.0,0.0,138891.0,0.928586,1.3413389999999998,CAN,NOR,0484
2211,41,163,696,1997.0,567410.0,11134.0,2.327788,0.682804,CHE,NOR,0484
2212,43,163,696,1997.0,6116.0,0.0,0.380294,2.389738,CHN,NOR,0484
2213,46,163,696,1997.0,0.0,1235740.0,-1.092385,-1.074017,COD,NOR,0484
2214,58,163,696,1997.0,0.0,11894.0,0.45144700000000004,0.46707600000000005,CYP,NOR,0484
2215,59,163,696,1997.0,3200.0,11378.0,1.450452,1.031814,CZE,NOR,0484
2216,61,163,696,1997.0,4166284.0,204710.0,2.360316,-2.655514,DEU,NOR,0484
2217,62,163,696,1997.0,0.0,260263.0,0.388331,0.05764299999999999,DJI,NOR,0484
2218,64,163,696,1997.0,20309724.0,3737874.0,1.422606,1.395373,DNK,NOR,0484
2219,68,163,696,1997.0,0.0,5069.0,-0.34861,0.005477,EGY,NOR,0484
2220,71,163,696,1997.0,57679.0,23595.0,1.068989,1.9429439999999998,ESP,NOR,0484
2221,72,163,696,1997.0,0.0,98539.0,0.45792,1.148099,EST,NOR,0484
2222,74,163,696,1997.0,1237699.0,4921560.0,1.991377,1.047477,FIN,NOR,0484
2223,77,163,696,1997.0,4293198.0,102020.0,1.6737630000000001,0.7499439999999999,FRA,NOR,0484
2224,78,163,696,1997.0,0.0,138428.0,-0.530698,-0.7939109999999999,FRO,NOR,0484
2225,81,163,696,1997.0,12228720.0,1415519.0,1.9742490000000001,0.7046359999999999,GBR,NOR,0484
2226,90,163,696,1997.0,70044.0,21080.0,0.225904,1.291959,GRC,NOR,0484
2227,92,163,696,1997.0,0.0,1573.0,-0.7822520000000001,-0.906492,GRL,NOR,0484
2228,97,163,696,1997.0,25324.0,7723.0,0.475945,1.7576919999999998,HKG,NOR,0484
2229,102,163,696,1997.0,4175.0,0.0,0.9121799999999999,1.55321,HUN,NOR,0484
2230,103,163,696,1997.0,0.0,140373.0,-0.21049600000000002,1.318692,IDN,NOR,0484
2231,104,163,696,1997.0,2471.0,78510.0,0.150788,2.027932,IND,NOR,0484
2232,106,163,696,1997.0,35532.0,375613.0,1.579974,1.018361,IRL,NOR,0484
2233,107,163,696,1997.0,2881.0,0.0,-0.8911190000000001,-1.085849,IRN,NOR,0484
2234,109,163,696,1997.0,0.0,274571.0,0.33665700000000004,-0.42348,ISL,NOR,0484
2235,110,163,696,1997.0,3320.0,1724.0,1.404901,1.072135,ISR,NOR,0484
2236,111,163,696,1997.0,370829.0,4111.0,1.596917,0.8313959999999999,ITA,NOR,0484
2237,114,163,696,1997.0,1640.0,167848.0,2.771316,0.545821,JPN,NOR,0484
2238,116,163,696,1997.0,0.0,1526835.0,-0.363967,0.218183,KEN,NOR,0484
2239,121,163,696,1997.0,0.0,39653.0,1.2642,1.164231,KOR,NOR,0484
2240,124,163,696,1997.0,0.0,16585.0,0.28229299999999996,1.0650549999999999,LBN,NOR,0484
2241,128,163,696,1997.0,1520.0,4158.0,-0.6467470000000001,-0.27831300000000003,LKA,NOR,0484
2242,130,163,696,1997.0,0.0,31694.0,0.360579,1.382816,LTU,NOR,0484
2243,138,163,696,1997.0,43383.0,0.0,0.7735350000000001,0.9161590000000001,MEX,NOR,0484
2244,142,163,696,1997.0,0.0,3539.0,1.1063180000000001,0.377209,MLT,NOR,0484
2245,153,163,696,1997.0,0.0,2112.0,0.526754,0.33065700000000003,MYS,NOR,0484
2246,162,163,696,1997.0,4602486.0,162965.0,1.327106,1.520932,NLD,NOR,0484
2247,166,163,696,1997.0,0.0,109751.0,0.372052,0.764854,NZL,NOR,0484
2248,169,163,696,1997.0,0.0,4505.0,0.0038,0.036532999999999996,PAN,NOR,0484
2249,174,163,696,1997.0,6655.0,372654.0,0.044834,0.024782,PHL,NOR,0484
2250,177,163,696,1997.0,0.0,9373.0,0.8447319999999999,2.000241,POL,NOR,0484
2251,178,163,696,1997.0,0.0,615701.0,0.734805,0.8720889999999999,PRK,NOR,0484
2252,179,163,696,1997.0,0.0,24212.0,0.496633,1.025231,PRT,NOR,0484
2253,186,163,696,1997.0,0.0,323408.0,0.572773,0.375446,RUS,NOR,0484
2254,187,163,696,1997.0,0.0,54160.0,-0.337464,-0.8656,RWA,NOR,0484
2255,188,163,696,1997.0,0.0,5043.0,-0.300809,-1.0455,SAU,NOR,0484
2256,192,163,696,1997.0,5498.0,77658.0,1.1946700000000001,0.30503600000000003,SGP,NOR,0484
2257,196,163,696,1997.0,0.0,194386.0,-0.279858,-0.632066,SLE,NOR,0484
2258,199,163,696,1997.0,0.0,263821.0,-0.66794,-0.8626299999999999,SOM,NOR,0484
2259,208,163,696,1997.0,33220284.0,12489098.0,2.0806709999999997,0.9541219999999999,SWE,NOR,0484
2260,216,163,696,1997.0,12335.0,2459.0,0.216402,1.366618,THA,NOR,0484
2261,217,163,696,1997.0,0.0,66189.0,-0.095789,-0.706445,TJK,NOR,0484
2262,224,163,696,1997.0,22494.0,8621.0,0.154428,1.7573880000000002,TUR,NOR,0484
2263,226,163,696,1997.0,0.0,182557.0,-1.243443,-0.537161,TZA,NOR,0484
2264,227,163,696,1997.0,0.0,186882.0,-1.175585,-1.017807,UGA,NOR,0484
2265,230,163,696,1997.0,0.0,3345.0,0.080024,0.669226,URY,NOR,0484
2266,231,163,696,1997.0,2542128.0,688841.0,1.875847,0.46257299999999996,USA,NOR,0484
2267,239,163,696,1997.0,4988.0,0.0,-0.67516,0.251436,VNM,NOR,0484
2268,246,163,696,1997.0,0.0,13031.0,0.29381199999999996,1.276557,ZAF,NOR,0484
2269,249,163,696,1997.0,9489.0,44853.0,1.557128,1.434424,TWN,NOR,0484
2270,7,166,696,1997.0,111539.0,0.0,-0.317351,-0.8786510000000001,ARE,NZL,0484
2271,8,166,696,1997.0,0.0,2735.0,0.072589,0.965456,ARG,NZL,0484
2272,14,166,696,1997.0,40196604.0,18449130.0,-0.033861,0.647668,AUS,NZL,0484
2273,18,166,696,1997.0,166400.0,0.0,1.470183,1.312167,BEL,NZL,0484
2274,24,166,696,1997.0,0.0,33846.0,-0.44965,-1.035584,BHR,NZL,0484
2275,34,166,696,1997.0,0.0,3377.0,-0.443665,-0.825732,BRN,NZL,0484
2276,39,166,696,1997.0,21210.0,33996.0,0.928586,1.3413389999999998,CAN,NZL,0484
2277,43,166,696,1997.0,87844.0,9016.0,0.380294,2.389738,CHN,NZL,0484
2278,48,166,696,1997.0,0.0,221974.0,0.43473999999999996,-0.195141,COK,NZL,0484
2279,61,166,696,1997.0,131620.0,1357.0,2.360316,-2.655514,DEU,NZL,0484
2280,64,166,696,1997.0,374935.0,0.0,1.422606,1.395373,DNK,NZL,0484
2281,71,166,696,1997.0,7958.0,1516.0,1.068989,1.9429439999999998,ESP,NZL,0484
2282,75,166,696,1997.0,576855.0,195847.0,-0.8839090000000001,-0.9493540000000001,FJI,NZL,0484
2283,77,166,696,1997.0,580315.0,1628.0,1.6737630000000001,0.7499439999999999,FRA,NZL,0484
2284,81,166,696,1997.0,534862.0,6189.0,1.9742490000000001,0.7046359999999999,GBR,NZL,0484
2285,90,166,696,1997.0,2987.0,0.0,0.225904,1.291959,GRC,NZL,0484
2286,97,166,696,1997.0,73423.0,63683.0,0.475945,1.7576919999999998,HKG,NZL,0484
2287,100,166,696,1997.0,14312.0,0.0,0.61283,1.321775,HRV,NZL,0484
2288,103,166,696,1997.0,16584.0,87777.0,-0.21049600000000002,1.318692,IDN,NZL,0484
2289,104,166,696,1997.0,13445.0,0.0,0.150788,2.027932,IND,NZL,0484
2290,110,166,696,1997.0,9256.0,0.0,1.404901,1.072135,ISR,NZL,0484
2291,111,166,696,1997.0,105186.0,0.0,1.596917,0.8313959999999999,ITA,NZL,0484
2292,114,166,696,1997.0,848136.0,2992437.0,2.771316,0.545821,JPN,NZL,0484
2293,119,166,696,1997.0,0.0,4158.0,-0.216348,-0.881244,KIR,NZL,0484
2294,121,166,696,1997.0,229429.0,0.0,1.2642,1.164231,KOR,NZL,0484
2295,128,166,696,1997.0,18951.0,0.0,-0.6467470000000001,-0.27831300000000003,LKA,NZL,0484
2296,146,166,696,1997.0,0.0,5331.0,-0.698376,-0.9790459999999999,MNP,NZL,0484
2297,151,166,696,1997.0,0.0,40656.0,-0.42358999999999997,-0.680841,MUS,NZL,0484
2298,153,166,696,1997.0,163925.0,25627.0,0.526754,0.33065700000000003,MYS,NZL,0484
2299,156,166,696,1997.0,0.0,584670.0,-0.600665,-0.8788389999999999,NCL,NZL,0484
2300,158,166,696,1997.0,0.0,21966.0,1.8663610000000002,-0.21939299999999998,NFK,NZL,0484
2301,161,166,696,1997.0,0.0,89991.0,0.623397,-0.614862,NIU,NZL,0484
2302,162,166,696,1997.0,257020.0,0.0,1.327106,1.520932,NLD,NZL,0484
2303,163,166,696,1997.0,109751.0,0.0,0.857735,0.061844,NOR,NZL,0484
2304,174,166,696,1997.0,4953.0,0.0,0.044834,0.024782,PHL,NZL,0484
2305,176,166,696,1997.0,48443.0,36682.0,-1.960463,-1.270168,PNG,NZL,0484
2306,182,166,696,1997.0,0.0,184186.0,0.431432,-0.5432020000000001,PYF,NZL,0484
2307,188,166,696,1997.0,0.0,22937.0,-0.300809,-1.0455,SAU,NZL,0484
2308,192,166,696,1997.0,42029.0,430654.0,1.1946700000000001,0.30503600000000003,SGP,NZL,0484
2309,195,166,696,1997.0,0.0,3474.0,-1.653309,-0.993885,SLB,NZL,0484
2310,216,166,696,1997.0,263488.0,0.0,0.216402,1.366618,THA,NZL,0484
2311,221,166,696,1997.0,12853.0,158286.0,-1.0413940000000002,-0.990821,TON,NZL,0484
2312,231,166,696,1997.0,1546934.0,2115990.0,1.875847,0.46257299999999996,USA,NZL,0484
2313,239,166,696,1997.0,12279.0,0.0,-0.67516,0.251436,VNM,NZL,0484
2314,240,166,696,1997.0,0.0,20416.0,-1.04932,-0.982175,VUT,NZL,0484
2315,241,166,696,1997.0,0.0,105919.0,-0.182943,-0.786458,WLF,NZL,0484
2316,242,166,696,1997.0,0.0,100196.0,-0.40161199999999997,-0.812819,WSM,NZL,0484
2317,246,166,696,1997.0,64708.0,16954.0,0.29381199999999996,1.276557,ZAF,NZL,0484
2318,249,166,696,1997.0,106571.0,0.0,1.557128,1.434424,TWN,NZL,0484
2319,250,166,696,1997.0,3529.0,64385.0,1.004537,0.782725,ANS,NZL,0484
2320,8,169,696,1997.0,102955.0,0.0,0.072589,0.965456,ARG,PAN,0484
2321,39,169,696,1997.0,93812.0,0.0,0.928586,1.3413389999999998,CAN,PAN,0484
2322,41,169,696,1997.0,1355.0,0.0,2.327788,0.682804,CHE,PAN,0484
2323,42,169,696,1997.0,91933.0,0.0,-0.06841799999999999,-0.21526199999999998,CHL,PAN,0484
2324,43,169,696,1997.0,12149.0,0.0,0.380294,2.389738,CHN,PAN,0484
2325,49,169,696,1997.0,129483.0,0.0,0.023456,0.057771,COL,PAN,0484
2326,52,169,696,1997.0,2057695.0,0.0,-0.158667,0.204758,CRI,PAN,0484
2327,61,169,696,1997.0,7506.0,0.0,2.360316,-2.655514,DEU,PAN,0484
2328,64,169,696,1997.0,122552.0,0.0,1.422606,1.395373,DNK,PAN,0484
2329,67,169,696,1997.0,0.0,2038.0,-1.124002,-1.0084549999999999,ECU,PAN,0484
2330,71,169,696,1997.0,3731.0,0.0,1.068989,1.9429439999999998,ESP,PAN,0484
2331,72,169,696,1997.0,2983.0,0.0,0.45792,1.148099,EST,PAN,0484
2332,77,169,696,1997.0,35399.0,0.0,1.6737630000000001,0.7499439999999999,FRA,PAN,0484
2333,81,169,696,1997.0,147236.0,0.0,1.9742490000000001,0.7046359999999999,GBR,PAN,0484
2334,82,169,696,1997.0,0.0,4967.0,0.347408,0.106341,GEO,PAN,0484
2335,90,169,696,1997.0,3317.0,0.0,0.225904,1.291959,GRC,PAN,0484
2336,93,169,696,1997.0,357186.0,0.0,-0.17965,0.23698200000000003,GTM,PAN,0484
2337,97,169,696,1997.0,63449.0,0.0,0.475945,1.7576919999999998,HKG,PAN,0484
2338,103,169,696,1997.0,4055.0,0.0,-0.21049600000000002,1.318692,IDN,PAN,0484
2339,110,169,696,1997.0,5962.0,0.0,1.404901,1.072135,ISR,PAN,0484
2340,111,169,696,1997.0,8798.0,0.0,1.596917,0.8313959999999999,ITA,PAN,0484
2341,114,169,696,1997.0,3092.0,0.0,2.771316,0.545821,JPN,PAN,0484
2342,138,169,696,1997.0,64730.0,0.0,0.7735350000000001,0.9161590000000001,MEX,PAN,0484
2343,153,169,696,1997.0,0.0,5351.0,0.526754,0.33065700000000003,MYS,PAN,0484
2344,160,169,696,1997.0,94536.0,0.0,-0.699387,-0.460178,NIC,PAN,0484
2345,163,169,696,1997.0,4505.0,0.0,0.857735,0.061844,NOR,PAN,0484
2346,186,169,696,1997.0,0.0,5359.0,0.572773,0.375446,RUS,PAN,0484
2347,224,169,696,1997.0,103679.0,0.0,0.154428,1.7573880000000002,TUR,PAN,0484
2348,231,169,696,1997.0,3991005.0,21247.0,1.875847,0.46257299999999996,USA,PAN,0484
2349,236,169,696,1997.0,154228.0,4340.0,-0.137776,-0.750744,VEN,PAN,0484
2350,249,169,696,1997.0,1172.0,0.0,1.557128,1.434424,TWN,PAN,0484
2351,250,169,696,1997.0,145718.0,0.0,1.004537,0.782725,ANS,PAN,0484
2352,7,174,696,1997.0,29632.0,221382.0,-0.317351,-0.8786510000000001,ARE,PHL,0484
2353,14,174,696,1997.0,443682.0,147853.0,-0.033861,0.647668,AUS,PHL,0484
2354,18,174,696,1997.0,2888550.0,2681.0,1.470183,1.312167,BEL,PHL,0484
2355,24,174,696,1997.0,0.0,47189.0,-0.44965,-1.035584,BHR,PHL,0484
2356,34,174,696,1997.0,0.0,17652.0,-0.443665,-0.825732,BRN,PHL,0484
2357,39,174,696,1997.0,186127.0,279942.0,0.928586,1.3413389999999998,CAN,PHL,0484
2358,41,174,696,1997.0,109770.0,6299.0,2.327788,0.682804,CHE,PHL,0484
2359,43,174,696,1997.0,3078088.0,41701.0,0.380294,2.389738,CHN,PHL,0484
2360,61,174,696,1997.0,187695.0,29705.0,2.360316,-2.655514,DEU,PHL,0484
2361,64,174,696,1997.0,1026313.0,1576.0,1.422606,1.395373,DNK,PHL,0484
2362,71,174,696,1997.0,38892.0,1835.0,1.068989,1.9429439999999998,ESP,PHL,0484
2363,77,174,696,1997.0,149200.0,7721.0,1.6737630000000001,0.7499439999999999,FRA,PHL,0484
2364,79,174,696,1997.0,0.0,15225.0,-0.968281,-1.035358,FSM,PHL,0484
2365,81,174,696,1997.0,589263.0,42798.0,1.9742490000000001,0.7046359999999999,GBR,PHL,0484
2366,90,174,696,1997.0,8224.0,24725.0,0.225904,1.291959,GRC,PHL,0484
2367,97,174,696,1997.0,318444.0,282749.0,0.475945,1.7576919999999998,HKG,PHL,0484
2368,103,174,696,1997.0,1007993.0,10390.0,-0.21049600000000002,1.318692,IDN,PHL,0484
2369,110,174,696,1997.0,29566.0,3977.0,1.404901,1.072135,ISR,PHL,0484
2370,111,174,696,1997.0,286217.0,54301.0,1.596917,0.8313959999999999,ITA,PHL,0484
2371,114,174,696,1997.0,121462.0,1819749.0,2.771316,0.545821,JPN,PHL,0484
2372,121,174,696,1997.0,143540.0,65500.0,1.2642,1.164231,KOR,PHL,0484
2373,122,174,696,1997.0,0.0,91526.0,-1.0192139999999998,-1.193627,KWT,PHL,0484
2374,124,174,696,1997.0,0.0,10214.0,0.28229299999999996,1.0650549999999999,LBN,PHL,0484
2375,133,174,696,1997.0,0.0,3578.0,-0.061292,-0.44707399999999997,MAC,PHL,0484
2376,139,174,696,1997.0,0.0,21341.0,-0.30945700000000004,-0.822207,MHL,PHL,0484
2377,153,174,696,1997.0,2057941.0,65385.0,0.526754,0.33065700000000003,MYS,PHL,0484
2378,162,174,696,1997.0,214068.0,136450.0,1.327106,1.520932,NLD,PHL,0484
2379,163,174,696,1997.0,372654.0,6655.0,0.857735,0.061844,NOR,PHL,0484
2380,166,174,696,1997.0,0.0,4953.0,0.372052,0.764854,NZL,PHL,0484
2381,167,174,696,1997.0,0.0,16670.0,-0.233342,-0.9922049999999999,OMN,PHL,0484
2382,175,174,696,1997.0,0.0,183381.0,-0.713743,-0.9035559999999999,PLW,PHL,0484
2383,176,174,696,1997.0,0.0,60336.0,-1.960463,-1.270168,PNG,PHL,0484
2384,177,174,696,1997.0,15448.0,0.0,0.8447319999999999,2.000241,POL,PHL,0484
2385,182,174,696,1997.0,0.0,28855.0,0.431432,-0.5432020000000001,PYF,PHL,0484
2386,183,174,696,1997.0,0.0,56404.0,-1.1276760000000001,-1.233235,QAT,PHL,0484
2387,186,174,696,1997.0,0.0,7273.0,0.572773,0.375446,RUS,PHL,0484
2388,188,174,696,1997.0,0.0,392524.0,-0.300809,-1.0455,SAU,PHL,0484
2389,192,174,696,1997.0,2032659.0,330286.0,1.1946700000000001,0.30503600000000003,SGP,PHL,0484
2390,208,174,696,1997.0,0.0,5110.0,2.0806709999999997,0.9541219999999999,SWE,PHL,0484
2391,216,174,696,1997.0,33048.0,13889.0,0.216402,1.366618,THA,PHL,0484
2392,231,174,696,1997.0,8339615.0,3371534.0,1.875847,0.46257299999999996,USA,PHL,0484
2393,246,174,696,1997.0,55794.0,0.0,0.29381199999999996,1.276557,ZAF,PHL,0484
2394,249,174,696,1997.0,266122.0,5674815.0,1.557128,1.434424,TWN,PHL,0484
2395,250,174,696,1997.0,0.0,304351.0,1.004537,0.782725,ANS,PHL,0484
2396,2,179,696,1997.0,0.0,2023480.0,-1.800252,-1.237594,AGO,PRT,0484
2397,5,179,696,1997.0,0.0,4323.0,1.097696,0.751235,AND,PRT,0484
2398,7,179,696,1997.0,0.0,58216.0,-0.317351,-0.8786510000000001,ARE,PRT,0484
2399,8,179,696,1997.0,0.0,26153.0,0.072589,0.965456,ARG,PRT,0484
2400,15,179,696,1997.0,77847.0,560489.0,1.904005,0.445169,AUT,PRT,0484
2401,18,179,696,1997.0,1731207.0,135878.0,1.470183,1.312167,BEL,PRT,0484
2402,32,179,696,1997.0,564445.0,1762237.0,0.805759,1.249182,BRA,PRT,0484
2403,39,179,696,1997.0,0.0,106046.0,0.928586,1.3413389999999998,CAN,PRT,0484
2404,41,179,696,1997.0,238489.0,223313.0,2.327788,0.682804,CHE,PRT,0484
2405,45,179,696,1997.0,0.0,6696.0,-1.0663340000000001,-1.047091,CMR,PRT,0484
2406,49,179,696,1997.0,25354.0,0.0,0.023456,0.057771,COL,PRT,0484
2407,51,179,696,1997.0,10519.0,349238.0,1.1987079999999999,0.084231,CPV,PRT,0484
2408,61,179,696,1997.0,9216280.0,2630238.0,2.360316,-2.655514,DEU,PRT,0484
2409,64,179,696,1997.0,701553.0,1048062.0,1.422606,1.395373,DNK,PRT,0484
2410,65,179,696,1997.0,0.0,27799.0,-0.5140170000000001,-0.564107,DOM,PRT,0484
2411,71,179,696,1997.0,51114200.0,10562852.0,1.068989,1.9429439999999998,ESP,PRT,0484
2412,72,179,696,1997.0,0.0,84170.0,0.45792,1.148099,EST,PRT,0484
2413,74,179,696,1997.0,11821.0,17004.0,1.991377,1.047477,FIN,PRT,0484
2414,77,179,696,1997.0,16996906.0,2323292.0,1.6737630000000001,0.7499439999999999,FRA,PRT,0484
2415,81,179,696,1997.0,6824057.0,546951.0,1.9742490000000001,0.7046359999999999,GBR,PRT,0484
2416,84,179,696,1997.0,0.0,44197.0,0.643548,-0.164009,GIB,PRT,0484
2417,85,179,696,1997.0,0.0,1827.0,-1.223583,-1.14157,GIN,PRT,0484
2418,87,179,696,1997.0,0.0,5384.0,-0.686094,-0.8130609999999999,GMB,PRT,0484
2419,88,179,696,1997.0,0.0,301544.0,-1.8178439999999998,-1.023784,GNB,PRT,0484
2420,89,179,696,1997.0,0.0,19750.0,-1.7029490000000003,-0.880605,GNQ,PRT,0484
2421,90,179,696,1997.0,141512.0,270326.0,0.225904,1.291959,GRC,PRT,0484
2422,102,179,696,1997.0,52652.0,10096.0,0.9121799999999999,1.55321,HUN,PRT,0484
2423,106,179,696,1997.0,23217.0,33362.0,1.579974,1.018361,IRL,PRT,0484
2424,110,179,696,1997.0,0.0,168139.0,1.404901,1.072135,ISR,PRT,0484
2425,111,179,696,1997.0,7437653.0,2901263.0,1.596917,0.8313959999999999,ITA,PRT,0484
2426,113,179,696,1997.0,0.0,6571.0,0.641787,0.484512,JOR,PRT,0484
2427,114,179,696,1997.0,0.0,563195.0,2.771316,0.545821,JPN,PRT,0484
2428,124,179,696,1997.0,0.0,14154.0,0.28229299999999996,1.0650549999999999,LBN,PRT,0484
2429,133,179,696,1997.0,0.0,8421.0,-0.061292,-0.44707399999999997,MAC,PRT,0484
2430,134,179,696,1997.0,0.0,11932.0,-0.635337,-0.336298,MAR,PRT,0484
2431,142,179,696,1997.0,41432.0,5643.0,1.1063180000000001,0.377209,MLT,PRT,0484
2432,147,179,696,1997.0,0.0,83145.0,-0.6075229999999999,-0.870957,MOZ,PRT,0484
2433,148,179,696,1997.0,0.0,13869.0,-1.730246,-1.3439969999999999,MRT,PRT,0484
2434,162,179,696,1997.0,2935464.0,1145189.0,1.327106,1.520932,NLD,PRT,0484
2435,163,179,696,1997.0,24212.0,0.0,0.857735,0.061844,NOR,PRT,0484
2436,177,179,696,1997.0,119404.0,0.0,0.8447319999999999,2.000241,POL,PRT,0484
2437,185,179,696,1997.0,0.0,28041.0,0.666251,1.31932,ROU,PRT,0484
2438,186,179,696,1997.0,0.0,4324379.0,0.572773,0.375446,RUS,PRT,0484
2439,191,179,696,1997.0,0.0,16113.0,-0.660837,-0.768874,SEN,PRT,0484
2440,203,179,696,1997.0,0.0,187662.0,0.7727069999999999,-0.372289,STP,PRT,0484
2441,208,179,696,1997.0,203822.0,15781.0,2.0806709999999997,0.9541219999999999,SWE,PRT,0484
2442,216,179,696,1997.0,13584.0,0.0,0.216402,1.366618,THA,PRT,0484
2443,224,179,696,1997.0,7347.0,0.0,0.154428,1.7573880000000002,TUR,PRT,0484
2444,228,179,696,1997.0,0.0,5721.0,0.7384539999999999,1.096947,UKR,PRT,0484
2445,231,179,696,1997.0,160042.0,711378.0,1.875847,0.46257299999999996,USA,PRT,0484
2446,246,179,696,1997.0,0.0,20650.0,0.29381199999999996,1.276557,ZAF,PRT,0484
2447,248,179,696,1997.0,0.0,1143.0,-0.5328609999999999,-0.509275,ZWE,PRT,0484
2448,249,179,696,1997.0,9668.0,84630.0,1.557128,1.434424,TWN,PRT,0484
2449,250,179,696,1997.0,0.0,940840.0,1.004537,0.782725,ANS,PRT,0484
2450,7,190,696,1997.0,57615.0,0.0,-0.317351,-0.8786510000000001,ARE,SDN,0484
2451,18,190,696,1997.0,1690.0,0.0,1.470183,1.312167,BEL,SDN,0484
2452,43,190,696,1997.0,14738.0,0.0,0.380294,2.389738,CHN,SDN,0484
2453,58,190,696,1997.0,7305.0,0.0,0.45144700000000004,0.46707600000000005,CYP,SDN,0484
2454,61,190,696,1997.0,3783.0,0.0,2.360316,-2.655514,DEU,SDN,0484
2455,64,190,696,1997.0,25867.0,0.0,1.422606,1.395373,DNK,SDN,0484
2456,77,190,696,1997.0,1291.0,0.0,1.6737630000000001,0.7499439999999999,FRA,SDN,0484
2457,81,190,696,1997.0,31127.0,0.0,1.9742490000000001,0.7046359999999999,GBR,SDN,0484
2458,83,190,696,1997.0,203795.0,0.0,-1.03989,-0.979039,GHA,SDN,0484
2459,113,190,696,1997.0,14991.0,0.0,0.641787,0.484512,JOR,SDN,0484
2460,116,190,696,1997.0,28461.0,0.0,-0.363967,0.218183,KEN,SDN,0484
2461,162,190,696,1997.0,40547.0,0.0,1.327106,1.520932,NLD,SDN,0484
2462,167,190,696,1997.0,7585.0,0.0,-0.233342,-0.9922049999999999,OMN,SDN,0484
2463,188,190,696,1997.0,317721.0,0.0,-0.300809,-1.0455,SAU,SDN,0484
2464,224,190,696,1997.0,13992.0,0.0,0.154428,1.7573880000000002,TUR,SDN,0484
2465,227,190,696,1997.0,2648.0,0.0,-1.175585,-1.017807,UGA,SDN,0484
2466,234,190,696,1997.0,6951.0,0.0,0.059354,-0.545099,VCT,SDN,0484
2467,7,191,696,1997.0,514097.0,0.0,-0.317351,-0.8786510000000001,ARE,SEN,0484
2468,18,191,696,1997.0,29533.0,0.0,1.470183,1.312167,BEL,SEN,0484
2469,19,191,696,1997.0,0.0,9239.0,-1.357169,-1.089711,BEN,SEN,0484
2470,32,191,696,1997.0,2626.0,0.0,0.805759,1.249182,BRA,SEN,0484
2471,43,191,696,1997.0,41595.0,0.0,0.380294,2.389738,CHN,SEN,0484
2472,44,191,696,1997.0,112689.0,0.0,-0.647407,-0.603726,CIV,SEN,0484
2473,49,191,696,1997.0,24985.0,0.0,0.023456,0.057771,COL,SEN,0484
2474,64,191,696,1997.0,2720.0,0.0,1.422606,1.395373,DNK,SEN,0484
2475,71,191,696,1997.0,17010.0,0.0,1.068989,1.9429439999999998,ESP,SEN,0484
2476,77,191,696,1997.0,305347.0,0.0,1.6737630000000001,0.7499439999999999,FRA,SEN,0484
2477,80,191,696,1997.0,0.0,7761.0,-1.277642,-1.178244,GAB,SEN,0484
2478,81,191,696,1997.0,3512.0,0.0,1.9742490000000001,0.7046359999999999,GBR,SEN,0484
2479,85,191,696,1997.0,0.0,5959.0,-1.223583,-1.14157,GIN,SEN,0484
2480,97,191,696,1997.0,3192.0,0.0,0.475945,1.7576919999999998,HKG,SEN,0484
2481,104,191,696,1997.0,56788.0,0.0,0.150788,2.027932,IND,SEN,0484
2482,107,191,696,1997.0,1555.0,0.0,-0.8911190000000001,-1.085849,IRN,SEN,0484
2483,111,191,696,1997.0,14144.0,0.0,1.596917,0.8313959999999999,ITA,SEN,0484
2484,124,191,696,1997.0,21832.0,0.0,0.28229299999999996,1.0650549999999999,LBN,SEN,0484
2485,153,191,696,1997.0,21302.0,0.0,0.526754,0.33065700000000003,MYS,SEN,0484
2486,162,191,696,1997.0,19260.0,0.0,1.327106,1.520932,NLD,SEN,0484
2487,167,191,696,1997.0,8517.0,0.0,-0.233342,-0.9922049999999999,OMN,SEN,0484
2488,168,191,696,1997.0,103919.0,0.0,-0.844282,-0.602616,PAK,SEN,0484
2489,179,191,696,1997.0,16113.0,0.0,0.496633,1.025231,PRT,SEN,0484
2490,223,191,696,1997.0,21757.0,0.0,-0.187276,-0.21877600000000003,TUN,SEN,0484
2491,224,191,696,1997.0,258325.0,0.0,0.154428,1.7573880000000002,TUR,SEN,0484
2492,29,197,696,1997.0,0.0,27715.0,-0.640252,-0.833937,BLZ,SLV,0484
2493,32,197,696,1997.0,77616.0,0.0,0.805759,1.249182,BRA,SLV,0484
2494,39,197,696,1997.0,1035.0,4069.0,0.928586,1.3413389999999998,CAN,SLV,0484
2495,42,197,696,1997.0,178022.0,0.0,-0.06841799999999999,-0.21526199999999998,CHL,SLV,0484
2496,49,197,696,1997.0,98831.0,0.0,0.023456,0.057771,COL,SLV,0484
2497,52,197,696,1997.0,2935937.0,123002.0,-0.158667,0.204758,CRI,SLV,0484
2498,61,197,696,1997.0,1347.0,0.0,2.360316,-2.655514,DEU,SLV,0484
2499,64,197,696,1997.0,23216.0,0.0,1.422606,1.395373,DNK,SLV,0484
2500,71,197,696,1997.0,2994.0,0.0,1.068989,1.9429439999999998,ESP,SLV,0484
2501,81,197,696,1997.0,5233.0,0.0,1.9742490000000001,0.7046359999999999,GBR,SLV,0484
2502,93,197,696,1997.0,5278544.0,4308146.0,-0.17965,0.23698200000000003,GTM,SLV,0484
2503,99,197,696,1997.0,197180.0,2652206.0,-0.7449319999999999,-0.50008,HND,SLV,0484
2504,111,197,696,1997.0,31414.0,0.0,1.596917,0.8313959999999999,ITA,SLV,0484
2505,138,197,696,1997.0,552572.0,0.0,0.7735350000000001,0.9161590000000001,MEX,SLV,0484
2506,160,197,696,1997.0,522494.0,55858.0,-0.699387,-0.460178,NIC,SLV,0484
2507,231,197,696,1997.0,394083.0,617098.0,1.875847,0.46257299999999996,USA,SLV,0484
2508,236,197,696,1997.0,118090.0,0.0,-0.137776,-0.750744,VEN,SLV,0484
2509,5,208,696,1997.0,0.0,1239.0,1.097696,0.751235,AND,SWE,0484
2510,7,208,696,1997.0,0.0,146693.0,-0.317351,-0.8786510000000001,ARE,SWE,0484
2511,8,208,696,1997.0,0.0,1126.0,0.072589,0.965456,ARG,SWE,0484
2512,14,208,696,1997.0,0.0,245146.0,-0.033861,0.647668,AUS,SWE,0484
2513,15,208,696,1997.0,816184.0,1807836.0,1.904005,0.445169,AUT,SWE,0484
2514,18,208,696,1997.0,6391374.0,1613989.0,1.470183,1.312167,BEL,SWE,0484
2515,24,208,696,1997.0,0.0,5565.0,-0.44965,-1.035584,BHR,SWE,0484
2516,26,208,696,1997.0,21774.0,10606.0,0.517231,0.321515,BIH,SWE,0484
2517,32,208,696,1997.0,0.0,32126.0,0.805759,1.249182,BRA,SWE,0484
2518,39,208,696,1997.0,935487.0,750728.0,0.928586,1.3413389999999998,CAN,SWE,0484
2519,41,208,696,1997.0,487510.0,1589305.0,2.327788,0.682804,CHE,SWE,0484
2520,42,208,696,1997.0,14060.0,0.0,-0.06841799999999999,-0.21526199999999998,CHL,SWE,0484
2521,43,208,696,1997.0,110200.0,8491.0,0.380294,2.389738,CHN,SWE,0484
2522,49,208,696,1997.0,0.0,1359.0,0.023456,0.057771,COL,SWE,0484
2523,58,208,696,1997.0,12981.0,18098.0,0.45144700000000004,0.46707600000000005,CYP,SWE,0484
2524,59,208,696,1997.0,46987.0,342038.0,1.450452,1.031814,CZE,SWE,0484
2525,61,208,696,1997.0,10424363.0,18744528.0,2.360316,-2.655514,DEU,SWE,0484
2526,64,208,696,1997.0,16760367.0,14846099.0,1.422606,1.395373,DNK,SWE,0484
2527,68,208,696,1997.0,1112.0,0.0,-0.34861,0.005477,EGY,SWE,0484
2528,71,208,696,1997.0,338779.0,1175726.0,1.068989,1.9429439999999998,ESP,SWE,0484
2529,72,208,696,1997.0,31577.0,198386.0,0.45792,1.148099,EST,SWE,0484
2530,73,208,696,1997.0,0.0,1785.0,-1.141928,-1.187119,ETH,SWE,0484
2531,74,208,696,1997.0,6190214.0,15747271.0,1.991377,1.047477,FIN,SWE,0484
2532,77,208,696,1997.0,8770440.0,20697292.0,1.6737630000000001,0.7499439999999999,FRA,SWE,0484
2533,78,208,696,1997.0,0.0,39699.0,-0.530698,-0.7939109999999999,FRO,SWE,0484
2534,81,208,696,1997.0,15307163.0,4429326.0,1.9742490000000001,0.7046359999999999,GBR,SWE,0484
2535,83,208,696,1997.0,0.0,2326.0,-1.03989,-0.979039,GHA,SWE,0484
2536,90,208,696,1997.0,179168.0,305597.0,0.225904,1.291959,GRC,SWE,0484
2537,92,208,696,1997.0,0.0,6016.0,-0.7822520000000001,-0.906492,GRL,SWE,0484
2538,97,208,696,1997.0,2352.0,125103.0,0.475945,1.7576919999999998,HKG,SWE,0484
2539,100,208,696,1997.0,113728.0,45008.0,0.61283,1.321775,HRV,SWE,0484
2540,102,208,696,1997.0,35367.0,68842.0,0.9121799999999999,1.55321,HUN,SWE,0484
2541,103,208,696,1997.0,13646.0,0.0,-0.21049600000000002,1.318692,IDN,SWE,0484
2542,106,208,696,1997.0,270432.0,226748.0,1.579974,1.018361,IRL,SWE,0484
2543,107,208,696,1997.0,73776.0,0.0,-0.8911190000000001,-1.085849,IRN,SWE,0484
2544,109,208,696,1997.0,21692.0,429269.0,0.33665700000000004,-0.42348,ISL,SWE,0484
2545,110,208,696,1997.0,9027.0,65893.0,1.404901,1.072135,ISR,SWE,0484
2546,111,208,696,1997.0,5733438.0,1694583.0,1.596917,0.8313959999999999,ITA,SWE,0484
2547,113,208,696,1997.0,5188.0,2196.0,0.641787,0.484512,JOR,SWE,0484
2548,114,208,696,1997.0,219596.0,95720.0,2.771316,0.545821,JPN,SWE,0484
2549,124,208,696,1997.0,18635.0,8846.0,0.28229299999999996,1.0650549999999999,LBN,SWE,0484
2550,130,208,696,1997.0,1008.0,25774.0,0.360579,1.382816,LTU,SWE,0484
2551,132,208,696,1997.0,0.0,72409.0,0.332958,0.51665,LVA,SWE,0484
2552,133,208,696,1997.0,0.0,7303.0,-0.061292,-0.44707399999999997,MAC,SWE,0484
2553,138,208,696,1997.0,0.0,46338.0,0.7735350000000001,0.9161590000000001,MEX,SWE,0484
2554,142,208,696,1997.0,0.0,26545.0,1.1063180000000001,0.377209,MLT,SWE,0484
2555,151,208,696,1997.0,20028.0,0.0,-0.42358999999999997,-0.680841,MUS,SWE,0484
2556,153,208,696,1997.0,1983.0,0.0,0.526754,0.33065700000000003,MYS,SWE,0484
2557,162,208,696,1997.0,7813923.0,4848462.0,1.327106,1.520932,NLD,SWE,0484
2558,163,208,696,1997.0,12489098.0,33220284.0,0.857735,0.061844,NOR,SWE,0484
2559,174,208,696,1997.0,5110.0,0.0,0.044834,0.024782,PHL,SWE,0484
2560,177,208,696,1997.0,25340.0,231746.0,0.8447319999999999,2.000241,POL,SWE,0484
2561,179,208,696,1997.0,15781.0,203822.0,0.496633,1.025231,PRT,SWE,0484
2562,182,208,696,1997.0,0.0,3057.0,0.431432,-0.5432020000000001,PYF,SWE,0484
2563,186,208,696,1997.0,0.0,1599909.0,0.572773,0.375446,RUS,SWE,0484
2564,188,208,696,1997.0,48436.0,9810.0,-0.300809,-1.0455,SAU,SWE,0484
2565,189,208,696,1997.0,14917.0,4803.0,0.626724,1.7948549999999999,SCG,SWE,0484
2566,192,208,696,1997.0,6210.0,337898.0,1.1946700000000001,0.30503600000000003,SGP,SWE,0484
2567,206,208,696,1997.0,3606.0,30955.0,1.265691,1.368739,SVK,SWE,0484
2568,207,208,696,1997.0,168106.0,17222.0,1.449492,1.253379,SVN,SWE,0484
2569,212,208,696,1997.0,19165.0,0.0,-0.932127,-0.963823,SYR,SWE,0484
2570,216,208,696,1997.0,14533.0,0.0,0.216402,1.366618,THA,SWE,0484
2571,224,208,696,1997.0,193156.0,129420.0,0.154428,1.7573880000000002,TUR,SWE,0484
2572,228,208,696,1997.0,0.0,29769.0,0.7384539999999999,1.096947,UKR,SWE,0484
2573,231,208,696,1997.0,755937.0,4772912.0,1.875847,0.46257299999999996,USA,SWE,0484
2574,239,208,696,1997.0,4204.0,0.0,-0.67516,0.251436,VNM,SWE,0484
2575,246,208,696,1997.0,2061.0,16898.0,0.29381199999999996,1.276557,ZAF,SWE,0484
2576,249,208,696,1997.0,5473.0,1335.0,1.557128,1.434424,TWN,SWE,0484
2577,250,208,696,1997.0,0.0,2419.0,1.004537,0.782725,ANS,SWE,0484
2578,4,216,696,1997.0,0.0,3076.0,-0.375654,-0.124279,ALB,THA,0484
2579,7,216,696,1997.0,0.0,181015.0,-0.317351,-0.8786510000000001,ARE,THA,0484
2580,14,216,696,1997.0,206429.0,3078858.0,-0.033861,0.647668,AUS,THA,0484
2581,15,216,696,1997.0,0.0,9549.0,1.904005,0.445169,AUT,THA,0484
2582,18,216,696,1997.0,1992222.0,21313.0,1.470183,1.312167,BEL,THA,0484
2583,24,216,696,1997.0,0.0,13479.0,-0.44965,-1.035584,BHR,THA,0484
2584,32,216,696,1997.0,0.0,13377.0,0.805759,1.249182,BRA,THA,0484
2585,34,216,696,1997.0,0.0,36032.0,-0.443665,-0.825732,BRN,THA,0484
2586,39,216,696,1997.0,88417.0,882296.0,0.928586,1.3413389999999998,CAN,THA,0484
2587,41,216,696,1997.0,11380.0,33777.0,2.327788,0.682804,CHE,THA,0484
2588,42,216,696,1997.0,79188.0,0.0,-0.06841799999999999,-0.21526199999999998,CHL,THA,0484
2589,43,216,696,1997.0,223492.0,122725.0,0.380294,2.389738,CHN,THA,0484
2590,50,216,696,1997.0,0.0,5998.0,0.44647200000000004,-0.524514,COM,THA,0484
2591,57,216,696,1997.0,0.0,5334.0,0.079987,-0.5574180000000001,CYM,THA,0484
2592,59,216,696,1997.0,0.0,16455.0,1.450452,1.031814,CZE,THA,0484
2593,61,216,696,1997.0,462087.0,303906.0,2.360316,-2.655514,DEU,THA,0484
2594,64,216,696,1997.0,124594.0,74945.0,1.422606,1.395373,DNK,THA,0484
2595,71,216,696,1997.0,0.0,51163.0,1.068989,1.9429439999999998,ESP,THA,0484
2596,74,216,696,1997.0,0.0,1004.0,1.991377,1.047477,FIN,THA,0484
2597,77,216,696,1997.0,414832.0,1638035.0,1.6737630000000001,0.7499439999999999,FRA,THA,0484
2598,80,216,696,1997.0,0.0,1100.0,-1.277642,-1.178244,GAB,THA,0484
2599,81,216,696,1997.0,1000334.0,379450.0,1.9742490000000001,0.7046359999999999,GBR,THA,0484
2600,90,216,696,1997.0,0.0,8540.0,0.225904,1.291959,GRC,THA,0484
2601,97,216,696,1997.0,80345.0,3575798.0,0.475945,1.7576919999999998,HKG,THA,0484
2602,103,216,696,1997.0,339425.0,852230.0,-0.21049600000000002,1.318692,IDN,THA,0484
2603,104,216,696,1997.0,0.0,13568.0,0.150788,2.027932,IND,THA,0484
2604,109,216,696,1997.0,0.0,9290.0,0.33665700000000004,-0.42348,ISL,THA,0484
2605,110,216,696,1997.0,12593.0,122391.0,1.404901,1.072135,ISR,THA,0484
2606,111,216,696,1997.0,2087161.0,2562.0,1.596917,0.8313959999999999,ITA,THA,0484
2607,112,216,696,1997.0,0.0,1251.0,-0.6338739999999999,-0.838622,JAM,THA,0484
2608,114,216,696,1997.0,344171.0,39216008.0,2.771316,0.545821,JPN,THA,0484
2609,116,216,696,1997.0,11046.0,10513.0,-0.363967,0.218183,KEN,THA,0484
2610,118,216,696,1997.0,0.0,2915400.0,-1.3386770000000001,-1.2547110000000001,KHM,THA,0484
2611,121,216,696,1997.0,103578.0,155913.0,1.2642,1.164231,KOR,THA,0484
2612,122,216,696,1997.0,0.0,27078.0,-1.0192139999999998,-1.193627,KWT,THA,0484
2613,123,216,696,1997.0,0.0,4557009.0,-0.81187,-0.851834,LAO,THA,0484
2614,124,216,696,1997.0,0.0,99209.0,0.28229299999999996,1.0650549999999999,LBN,THA,0484
2615,133,216,696,1997.0,0.0,39552.0,-0.061292,-0.44707399999999997,MAC,THA,0484
2616,134,216,696,1997.0,0.0,14528.0,-0.635337,-0.336298,MAR,THA,0484
2617,136,216,696,1997.0,0.0,3960.0,-1.090898,-0.605175,MDG,THA,0484
2618,138,216,696,1997.0,0.0,29813.0,0.7735350000000001,0.9161590000000001,MEX,THA,0484
2619,143,216,696,1997.0,0.0,3579910.0,-1.222694,-0.9493,MMR,THA,0484
2620,145,216,696,1997.0,0.0,9964.0,-0.569797,-0.9604370000000001,MNG,THA,0484
2621,148,216,696,1997.0,0.0,159994.0,-1.730246,-1.3439969999999999,MRT,THA,0484
2622,151,216,696,1997.0,0.0,2022.0,-0.42358999999999997,-0.680841,MUS,THA,0484
2623,153,216,696,1997.0,2532343.0,274091.0,0.526754,0.33065700000000003,MYS,THA,0484
2624,156,216,696,1997.0,0.0,25567.0,-0.600665,-0.8788389999999999,NCL,THA,0484
2625,162,216,696,1997.0,60930.0,5713407.0,1.327106,1.520932,NLD,THA,0484
2626,163,216,696,1997.0,2459.0,12335.0,0.857735,0.061844,NOR,THA,0484
2627,166,216,696,1997.0,0.0,263488.0,0.372052,0.764854,NZL,THA,0484
2628,167,216,696,1997.0,0.0,26869.0,-0.233342,-0.9922049999999999,OMN,THA,0484
2629,174,216,696,1997.0,13889.0,33048.0,0.044834,0.024782,PHL,THA,0484
2630,177,216,696,1997.0,0.0,6378.0,0.8447319999999999,2.000241,POL,THA,0484
2631,179,216,696,1997.0,0.0,13584.0,0.496633,1.025231,PRT,THA,0484
2632,182,216,696,1997.0,0.0,2729.0,0.431432,-0.5432020000000001,PYF,THA,0484
2633,188,216,696,1997.0,0.0,1149600.0,-0.300809,-1.0455,SAU,THA,0484
2634,192,216,696,1997.0,593031.0,5033790.0,1.1946700000000001,0.30503600000000003,SGP,THA,0484
2635,208,216,696,1997.0,0.0,14533.0,2.0806709999999997,0.9541219999999999,SWE,THA,0484
2636,211,216,696,1997.0,0.0,3919.0,-0.547613,-0.8543209999999999,SYC,THA,0484
2637,228,216,696,1997.0,0.0,4293.0,0.7384539999999999,1.096947,UKR,THA,0484
2638,231,216,696,1997.0,1348960.0,6825342.0,1.875847,0.46257299999999996,USA,THA,0484
2639,239,216,696,1997.0,24980.0,166368.0,-0.67516,0.251436,VNM,THA,0484
2640,246,216,696,1997.0,14501.0,32831.0,0.29381199999999996,1.276557,ZAF,THA,0484
2641,249,216,696,1997.0,36037.0,2951910.0,1.557128,1.434424,TWN,THA,0484
2642,250,216,696,1997.0,0.0,40157.0,1.004537,0.782725,ANS,THA,0484
2643,0,222,696,1997.0,0.0,3597.0,-1.338982,-0.866526,ABW,TTO,0484
2644,6,222,696,1997.0,8850.0,0.0,-0.027541000000000003,-0.56389,ANT,TTO,0484
2645,13,222,696,1997.0,0.0,208092.0,0.545288,-0.20344500000000001,ATG,TTO,0484
2646,29,222,696,1997.0,0.0,94998.0,-0.640252,-0.833937,BLZ,TTO,0484
2647,32,222,696,1997.0,25173.0,18419.0,0.805759,1.249182,BRA,TTO,0484
2648,33,222,696,1997.0,164580.0,1556812.0,0.916416,0.490241,BRB,TTO,0484
2649,39,222,696,1997.0,87524.0,17535.0,0.928586,1.3413389999999998,CAN,TTO,0484
2650,43,222,696,1997.0,4077.0,0.0,0.380294,2.389738,CHN,TTO,0484
2651,49,222,696,1997.0,4201.0,0.0,0.023456,0.057771,COL,TTO,0484
2652,63,222,696,1997.0,0.0,359255.0,0.786473,0.43483999999999995,DMA,TTO,0484
2653,64,222,696,1997.0,121889.0,0.0,1.422606,1.395373,DNK,TTO,0484
2654,71,222,696,1997.0,2343.0,0.0,1.068989,1.9429439999999998,ESP,TTO,0484
2655,77,222,696,1997.0,0.0,27804.0,1.6737630000000001,0.7499439999999999,FRA,TTO,0484
2656,81,222,696,1997.0,494309.0,415702.0,1.9742490000000001,0.7046359999999999,GBR,TTO,0484
2657,91,222,696,1997.0,0.0,1166185.0,0.235056,-0.254481,GRD,TTO,0484
2658,96,222,696,1997.0,5402.0,3476058.0,-0.5991029999999999,-0.769726,GUY,TTO,0484
2659,97,222,696,1997.0,5884.0,0.0,0.475945,1.7576919999999998,HKG,TTO,0484
2660,101,222,696,1997.0,0.0,12525.0,-0.6864100000000001,-0.687077,HTI,TTO,0484
2661,111,222,696,1997.0,9306.0,0.0,1.596917,0.8313959999999999,ITA,TTO,0484
2662,112,222,696,1997.0,155475.0,3625694.0,-0.6338739999999999,-0.838622,JAM,TTO,0484
2663,120,222,696,1997.0,0.0,101554.0,0.988031,-0.142999,KNA,TTO,0484
2664,127,222,696,1997.0,0.0,1683277.0,-0.193429,-0.606627,LCA,TTO,0484
2665,149,222,696,1997.0,0.0,29305.0,0.65475,-0.492921,MSR,TTO,0484
2666,162,222,696,1997.0,12467.0,29365.0,1.327106,1.520932,NLD,TTO,0484
2667,177,222,696,1997.0,6470.0,0.0,0.8447319999999999,2.000241,POL,TTO,0484
2668,205,222,696,1997.0,0.0,559748.0,-1.125928,-0.980981,SUR,TTO,0484
2669,224,222,696,1997.0,52713.0,0.0,0.154428,1.7573880000000002,TUR,TTO,0484
2670,231,222,696,1997.0,309996.0,328957.0,1.875847,0.46257299999999996,USA,TTO,0484
2671,234,222,696,1997.0,0.0,1030487.0,0.059354,-0.545099,VCT,TTO,0484
2672,236,222,696,1997.0,100389.0,40616.0,-0.137776,-0.750744,VEN,TTO,0484
2673,250,222,696,1997.0,0.0,16400.0,1.004537,0.782725,ANS,TTO,0484
2674,1,224,696,1997.0,0.0,54176.0,-0.111577,-0.408047,AFG,TUR,0484
2675,2,224,696,1997.0,0.0,174433.0,-1.800252,-1.237594,AGO,TUR,0484
2676,4,224,696,1997.0,8932.0,4425674.0,-0.375654,-0.124279,ALB,TUR,0484
2677,7,224,696,1997.0,25755.0,2433815.0,-0.317351,-0.8786510000000001,ARE,TUR,0484
2678,8,224,696,1997.0,31264.0,2404.0,0.072589,0.965456,ARG,TUR,0484
2679,9,224,696,1997.0,0.0,121446.0,0.818788,0.226075,ARM,TUR,0484
2680,13,224,696,1997.0,0.0,6015.0,0.545288,-0.20344500000000001,ATG,TUR,0484
2681,14,224,696,1997.0,0.0,88706.0,-0.033861,0.647668,AUS,TUR,0484
2682,15,224,696,1997.0,85168.0,200537.0,1.904005,0.445169,AUT,TUR,0484
2683,16,224,696,1997.0,0.0,6826342.0,0.28532199999999996,-0.00025299999999999997,AZE,TUR,0484
2684,18,224,696,1997.0,3982827.0,217576.0,1.470183,1.312167,BEL,TUR,0484
2685,23,224,696,1997.0,14616.0,6055400.0,0.523226,1.4133959999999999,BGR,TUR,0484
2686,24,224,696,1997.0,0.0,304840.0,-0.44965,-1.035584,BHR,TUR,0484
2687,26,224,696,1997.0,0.0,1729323.0,0.517231,0.321515,BIH,TUR,0484
2688,28,224,696,1997.0,2640.0,1442755.0,0.716832,0.706486,BLR,TUR,0484
2689,32,224,696,1997.0,0.0,4149.0,0.805759,1.249182,BRA,TUR,0484
2690,39,224,696,1997.0,0.0,379548.0,0.928586,1.3413389999999998,CAN,TUR,0484
2691,41,224,696,1997.0,12166.0,37771.0,2.327788,0.682804,CHE,TUR,0484
2692,43,224,696,1997.0,5347.0,54128.0,0.380294,2.389738,CHN,TUR,0484
2693,44,224,696,1997.0,0.0,16247.0,-0.647407,-0.603726,CIV,TUR,0484
2694,45,224,696,1997.0,0.0,107984.0,-1.0663340000000001,-1.047091,CMR,TUR,0484
2695,46,224,696,1997.0,0.0,34128.0,-1.092385,-1.074017,COD,TUR,0484
2696,47,224,696,1997.0,0.0,292620.0,-1.484108,-1.2106190000000001,COG,TUR,0484
2697,58,224,696,1997.0,5775.0,2482182.0,0.45144700000000004,0.46707600000000005,CYP,TUR,0484
2698,59,224,696,1997.0,0.0,727622.0,1.450452,1.031814,CZE,TUR,0484
2699,61,224,696,1997.0,1819881.0,3172198.0,2.360316,-2.655514,DEU,TUR,0484
2700,64,224,696,1997.0,182649.0,150975.0,1.422606,1.395373,DNK,TUR,0484
2701,66,224,696,1997.0,0.0,87636.0,-0.8557879999999999,-1.150101,DZA,TUR,0484
2702,67,224,696,1997.0,0.0,15431.0,-1.124002,-1.0084549999999999,ECU,TUR,0484
2703,68,224,696,1997.0,0.0,55215.0,-0.34861,0.005477,EGY,TUR,0484
2704,71,224,696,1997.0,345999.0,5379.0,1.068989,1.9429439999999998,ESP,TUR,0484
2705,72,224,696,1997.0,0.0,187607.0,0.45792,1.148099,EST,TUR,0484
2706,73,224,696,1997.0,0.0,17874.0,-1.141928,-1.187119,ETH,TUR,0484
2707,74,224,696,1997.0,0.0,8913.0,1.991377,1.047477,FIN,TUR,0484
2708,77,224,696,1997.0,16399.0,109892.0,1.6737630000000001,0.7499439999999999,FRA,TUR,0484
2709,80,224,696,1997.0,0.0,86055.0,-1.277642,-1.178244,GAB,TUR,0484
2710,81,224,696,1997.0,1722232.0,451404.0,1.9742490000000001,0.7046359999999999,GBR,TUR,0484
2711,82,224,696,1997.0,0.0,2989727.0,0.347408,0.106341,GEO,TUR,0484
2712,83,224,696,1997.0,0.0,62866.0,-1.03989,-0.979039,GHA,TUR,0484
2713,85,224,696,1997.0,0.0,77553.0,-1.223583,-1.14157,GIN,TUR,0484
2714,87,224,696,1997.0,0.0,8392.0,-0.686094,-0.8130609999999999,GMB,TUR,0484
2715,90,224,696,1997.0,43295.0,69083.0,0.225904,1.291959,GRC,TUR,0484
2716,97,224,696,1997.0,0.0,164828.0,0.475945,1.7576919999999998,HKG,TUR,0484
2717,100,224,696,1997.0,0.0,714064.0,0.61283,1.321775,HRV,TUR,0484
2718,102,224,696,1997.0,0.0,60635.0,0.9121799999999999,1.55321,HUN,TUR,0484
2719,104,224,696,1997.0,10397.0,11380.0,0.150788,2.027932,IND,TUR,0484
2720,106,224,696,1997.0,0.0,13318.0,1.579974,1.018361,IRL,TUR,0484
2721,107,224,696,1997.0,10860.0,1874025.0,-0.8911190000000001,-1.085849,IRN,TUR,0484
2722,108,224,696,1997.0,0.0,176654.0,-2.35787,-0.856008,IRQ,TUR,0484
2723,110,224,696,1997.0,2402.0,2140930.0,1.404901,1.072135,ISR,TUR,0484
2724,111,224,696,1997.0,1984268.0,61349.0,1.596917,0.8313959999999999,ITA,TUR,0484
2725,113,224,696,1997.0,19596.0,1825580.0,0.641787,0.484512,JOR,TUR,0484
2726,115,224,696,1997.0,0.0,12747907.0,0.302596,-0.028221,KAZ,TUR,0484
2727,117,224,696,1997.0,0.0,5921024.0,0.063303,-0.014279,KGZ,TUR,0484
2728,122,224,696,1997.0,0.0,1082582.0,-1.0192139999999998,-1.193627,KWT,TUR,0484
2729,124,224,696,1997.0,2783.0,6402527.0,0.28229299999999996,1.0650549999999999,LBN,TUR,0484
2730,125,224,696,1997.0,0.0,154108.0,-0.77544,-1.122642,LBR,TUR,0484
2731,126,224,696,1997.0,0.0,18317.0,-0.662351,-1.1515309999999999,LBY,TUR,0484
2732,130,224,696,1997.0,0.0,940642.0,0.360579,1.382816,LTU,TUR,0484
2733,132,224,696,1997.0,0.0,8916.0,0.332958,0.51665,LVA,TUR,0484
2734,134,224,696,1997.0,0.0,72883.0,-0.635337,-0.336298,MAR,TUR,0484
2735,135,224,696,1997.0,0.0,153773.0,0.14225,-0.250556,MDA,TUR,0484
2736,136,224,696,1997.0,0.0,29500.0,-1.090898,-0.605175,MDG,TUR,0484
2737,138,224,696,1997.0,0.0,1836.0,0.7735350000000001,0.9161590000000001,MEX,TUR,0484
2738,140,224,696,1997.0,0.0,3274759.0,0.297389,0.735171,MKD,TUR,0484
2739,141,224,696,1997.0,0.0,5763.0,-1.166924,-1.060552,MLI,TUR,0484
2740,142,224,696,1997.0,0.0,105018.0,1.1063180000000001,0.377209,MLT,TUR,0484
2741,145,224,696,1997.0,0.0,74185.0,-0.569797,-0.9604370000000001,MNG,TUR,0484
2742,148,224,696,1997.0,0.0,3786.0,-1.730246,-1.3439969999999999,MRT,TUR,0484
2743,151,224,696,1997.0,0.0,14587.0,-0.42358999999999997,-0.680841,MUS,TUR,0484
2744,153,224,696,1997.0,0.0,15545.0,0.526754,0.33065700000000003,MYS,TUR,0484
2745,157,224,696,1997.0,0.0,3464.0,-0.31505500000000003,-0.542254,NER,TUR,0484
2746,159,224,696,1997.0,0.0,81049.0,-1.8354990000000002,-1.246493,NGA,TUR,0484
2747,162,224,696,1997.0,516374.0,707619.0,1.327106,1.520932,NLD,TUR,0484
2748,163,224,696,1997.0,8621.0,22494.0,0.857735,0.061844,NOR,TUR,0484
2749,167,224,696,1997.0,0.0,82027.0,-0.233342,-0.9922049999999999,OMN,TUR,0484
2750,168,224,696,1997.0,0.0,41523.0,-0.844282,-0.602616,PAK,TUR,0484
2751,169,224,696,1997.0,0.0,103679.0,0.0038,0.036532999999999996,PAN,TUR,0484
2752,177,224,696,1997.0,14100.0,93595.0,0.8447319999999999,2.000241,POL,TUR,0484
2753,179,224,696,1997.0,0.0,7347.0,0.496633,1.025231,PRT,TUR,0484
2754,182,224,696,1997.0,0.0,7961.0,0.431432,-0.5432020000000001,PYF,TUR,0484
2755,183,224,696,1997.0,0.0,334693.0,-1.1276760000000001,-1.233235,QAT,TUR,0484
2756,185,224,696,1997.0,30687.0,5754108.0,0.666251,1.31932,ROU,TUR,0484
2757,186,224,696,1997.0,15304.0,76709912.0,0.572773,0.375446,RUS,TUR,0484
2758,188,224,696,1997.0,0.0,12357183.0,-0.300809,-1.0455,SAU,TUR,0484
2759,189,224,696,1997.0,0.0,1412407.0,0.626724,1.7948549999999999,SCG,TUR,0484
2760,190,224,696,1997.0,0.0,13992.0,-1.248538,-1.197904,SDN,TUR,0484
2761,191,224,696,1997.0,0.0,258325.0,-0.660837,-0.768874,SEN,TUR,0484
2762,192,224,696,1997.0,32357.0,20892.0,1.1946700000000001,0.30503600000000003,SGP,TUR,0484
2763,206,224,696,1997.0,0.0,158543.0,1.265691,1.368739,SVK,TUR,0484
2764,207,224,696,1997.0,32375.0,57319.0,1.449492,1.253379,SVN,TUR,0484
2765,208,224,696,1997.0,129420.0,193156.0,2.0806709999999997,0.9541219999999999,SWE,TUR,0484
2766,215,224,696,1997.0,0.0,5438.0,-0.881602,-0.81079,TGO,TUR,0484
2767,217,224,696,1997.0,0.0,739512.0,-0.095789,-0.706445,TJK,TUR,0484
2768,219,224,696,1997.0,0.0,4833764.0,-0.580361,-1.071587,TKM,TUR,0484
2769,222,224,696,1997.0,0.0,52713.0,0.051947,-0.405412,TTO,TUR,0484
2770,223,224,696,1997.0,0.0,176648.0,-0.187276,-0.21877600000000003,TUN,TUR,0484
2771,228,224,696,1997.0,114714.0,21906256.0,0.7384539999999999,1.096947,UKR,TUR,0484
2772,231,224,696,1997.0,60723.0,429637.0,1.875847,0.46257299999999996,USA,TUR,0484
2773,232,224,696,1997.0,16319.0,2183131.0,-0.134113,-0.791415,UZB,TUR,0484
2774,236,224,696,1997.0,0.0,15505.0,-0.137776,-0.750744,VEN,TUR,0484
2775,243,224,696,1997.0,0.0,348808.0,-1.665484,-1.292243,YEM,TUR,0484
2776,246,224,696,1997.0,0.0,32225.0,0.29381199999999996,1.276557,ZAF,TUR,0484
2777,249,224,696,1997.0,6439.0,56375.0,1.557128,1.434424,TWN,TUR,0484
2778,250,224,696,1997.0,18250.0,4224670.0,1.004537,0.782725,ANS,TUR,0484
2779,8,230,696,1997.0,8450063.0,4865142.0,0.072589,0.965456,ARG,URY,0484
2780,14,230,696,1997.0,0.0,1063.0,-0.033861,0.647668,AUS,URY,0484
2781,31,230,696,1997.0,0.0,10791.0,-0.765684,-0.796686,BOL,URY,0484
2782,32,230,696,1997.0,2669736.0,9310344.0,0.805759,1.249182,BRA,URY,0484
2783,42,230,696,1997.0,78660.0,22324.0,-0.06841799999999999,-0.21526199999999998,CHL,URY,0484
2784,61,230,696,1997.0,462859.0,0.0,2.360316,-2.655514,DEU,URY,0484
2785,64,230,696,1997.0,389877.0,0.0,1.422606,1.395373,DNK,URY,0484
2786,67,230,696,1997.0,0.0,3946.0,-1.124002,-1.0084549999999999,ECU,URY,0484
2787,71,230,696,1997.0,213434.0,1163.0,1.068989,1.9429439999999998,ESP,URY,0484
2788,77,230,696,1997.0,30267.0,0.0,1.6737630000000001,0.7499439999999999,FRA,URY,0484
2789,81,230,696,1997.0,102227.0,0.0,1.9742490000000001,0.7046359999999999,GBR,URY,0484
2790,90,230,696,1997.0,86961.0,0.0,0.225904,1.291959,GRC,URY,0484
2791,110,230,696,1997.0,22162.0,0.0,1.404901,1.072135,ISR,URY,0484
2792,111,230,696,1997.0,539453.0,0.0,1.596917,0.8313959999999999,ITA,URY,0484
2793,138,230,696,1997.0,1538.0,63342.0,0.7735350000000001,0.9161590000000001,MEX,URY,0484
2794,162,230,696,1997.0,34696.0,0.0,1.327106,1.520932,NLD,URY,0484
2795,163,230,696,1997.0,3345.0,0.0,0.857735,0.061844,NOR,URY,0484
2796,180,230,696,1997.0,0.0,502855.0,-0.6051380000000001,-0.708271,PRY,URY,0484
2797,231,230,696,1997.0,183017.0,20333.0,1.875847,0.46257299999999996,USA,URY,0484
2798,236,230,696,1997.0,0.0,5947.0,-0.137776,-0.750744,VEN,URY,0484
2799,249,230,696,1997.0,2217.0,0.0,1.557128,1.434424,TWN,URY,0484
2800,250,230,696,1997.0,0.0,4412.0,1.004537,0.782725,ANS,URY,0484
2801,0,231,696,1997.0,0.0,1242740.0,-1.338982,-0.866526,ABW,USA,0484
2802,2,231,696,1997.0,0.0,26967.0,-1.800252,-1.237594,AGO,USA,0484
2803,6,231,696,1997.0,0.0,2589652.0,-0.027541000000000003,-0.56389,ANT,USA,0484
2804,7,231,696,1997.0,42534.0,2410604.0,-0.317351,-0.8786510000000001,ARE,USA,0484
2805,8,231,696,1997.0,617965.0,636513.0,0.072589,0.965456,ARG,USA,0484
2806,9,231,696,1997.0,0.0,13080.0,0.818788,0.226075,ARM,USA,0484
2807,13,231,696,1997.0,0.0,152932.0,0.545288,-0.20344500000000001,ATG,USA,0484
2808,14,231,696,1997.0,1782485.0,11947843.0,-0.033861,0.647668,AUS,USA,0484
2809,15,231,696,1997.0,2961382.0,367420.0,1.904005,0.445169,AUT,USA,0484
2810,16,231,696,1997.0,0.0,6876.0,0.28532199999999996,-0.00025299999999999997,AZE,USA,0484
2811,17,231,696,1997.0,0.0,1063.0,-1.5636430000000001,-1.0257479999999999,BDI,USA,0484
2812,18,231,696,1997.0,42466720.0,1772928.0,1.470183,1.312167,BEL,USA,0484
2813,19,231,696,1997.0,0.0,8165.0,-1.357169,-1.089711,BEN,USA,0484
2814,22,231,696,1997.0,88335.0,16030.0,-0.638734,-0.895301,BGD,USA,0484
2815,23,231,696,1997.0,1259.0,0.0,0.523226,1.4133959999999999,BGR,USA,0484
2816,24,231,696,1997.0,0.0,313589.0,-0.44965,-1.035584,BHR,USA,0484
2817,25,231,696,1997.0,46197.0,3496901.0,0.82352,-0.091626,BHS,USA,0484
2818,26,231,696,1997.0,4084.0,0.0,0.517231,0.321515,BIH,USA,0484
2819,29,231,696,1997.0,1163.0,265435.0,-0.640252,-0.833937,BLZ,USA,0484
2820,30,231,696,1997.0,0.0,13372671.0,0.41035200000000005,-0.552818,BMU,USA,0484
2821,31,231,696,1997.0,0.0,43151.0,-0.765684,-0.796686,BOL,USA,0484
2822,32,231,696,1997.0,467110.0,2266006.0,0.805759,1.249182,BRA,USA,0484
2823,33,231,696,1997.0,309011.0,128246.0,0.916416,0.490241,BRB,USA,0484
2824,34,231,696,1997.0,0.0,152993.0,-0.443665,-0.825732,BRN,USA,0484
2825,38,231,696,1997.0,0.0,4858.0,-1.590886,-1.038663,CAF,USA,0484
2826,39,231,696,1997.0,338538016.0,294809152.0,0.928586,1.3413389999999998,CAN,USA,0484
2827,41,231,696,1997.0,3909096.0,839279.0,2.327788,0.682804,CHE,USA,0484
2828,42,231,696,1997.0,618169.0,852212.0,-0.06841799999999999,-0.21526199999999998,CHL,USA,0484
2829,43,231,696,1997.0,4697716.0,433959.0,0.380294,2.389738,CHN,USA,0484
2830,44,231,696,1997.0,0.0,16044.0,-0.647407,-0.603726,CIV,USA,0484
2831,45,231,696,1997.0,0.0,3415.0,-1.0663340000000001,-1.047091,CMR,USA,0484
2832,49,231,696,1997.0,2931990.0,3024827.0,0.023456,0.057771,COL,USA,0484
2833,52,231,696,1997.0,150058.0,1849627.0,-0.158667,0.204758,CRI,USA,0484
2834,57,231,696,1997.0,198189.0,1401897.0,0.079987,-0.5574180000000001,CYM,USA,0484
2835,58,231,696,1997.0,8407.0,30434.0,0.45144700000000004,0.46707600000000005,CYP,USA,0484
2836,59,231,696,1997.0,20145.0,44191.0,1.450452,1.031814,CZE,USA,0484
2837,61,231,696,1997.0,24973268.0,2523672.0,2.360316,-2.655514,DEU,USA,0484
2838,62,231,696,1997.0,0.0,9048.0,0.388331,0.05764299999999999,DJI,USA,0484
2839,63,231,696,1997.0,0.0,75806.0,0.786473,0.43483999999999995,DMA,USA,0484
2840,64,231,696,1997.0,36466968.0,510076.0,1.422606,1.395373,DNK,USA,0484
2841,65,231,696,1997.0,1537445.0,7310614.0,-0.5140170000000001,-0.564107,DOM,USA,0484
2842,66,231,696,1997.0,0.0,141649.0,-0.8557879999999999,-1.150101,DZA,USA,0484
2843,67,231,696,1997.0,35269.0,1152575.0,-1.124002,-1.0084549999999999,ECU,USA,0484
2844,68,231,696,1997.0,36416.0,102914.0,-0.34861,0.005477,EGY,USA,0484
2845,71,231,696,1997.0,4931524.0,1238851.0,1.068989,1.9429439999999998,ESP,USA,0484
2846,72,231,696,1997.0,0.0,190327.0,0.45792,1.148099,EST,USA,0484
2847,73,231,696,1997.0,0.0,2196.0,-1.141928,-1.187119,ETH,USA,0484
2848,74,231,696,1997.0,899800.0,375234.0,1.991377,1.047477,FIN,USA,0484
2849,75,231,696,1997.0,249377.0,11316.0,-0.8839090000000001,-0.9493540000000001,FJI,USA,0484
2850,77,231,696,1997.0,13851315.0,1694748.0,1.6737630000000001,0.7499439999999999,FRA,USA,0484
2851,80,231,696,1997.0,0.0,3932.0,-1.277642,-1.178244,GAB,USA,0484
2852,81,231,696,1997.0,31524608.0,26449826.0,1.9742490000000001,0.7046359999999999,GBR,USA,0484
2853,82,231,696,1997.0,0.0,23355.0,0.347408,0.106341,GEO,USA,0484
2854,83,231,696,1997.0,0.0,70243.0,-1.03989,-0.979039,GHA,USA,0484
2855,85,231,696,1997.0,0.0,15919.0,-1.223583,-1.14157,GIN,USA,0484
2856,87,231,696,1997.0,0.0,11997.0,-0.686094,-0.8130609999999999,GMB,USA,0484
2857,90,231,696,1997.0,3748788.0,1038243.0,0.225904,1.291959,GRC,USA,0484
2858,91,231,696,1997.0,0.0,40758.0,0.235056,-0.254481,GRD,USA,0484
2859,93,231,696,1997.0,127464.0,967312.0,-0.17965,0.23698200000000003,GTM,USA,0484
2860,96,231,696,1997.0,0.0,148741.0,-0.5991029999999999,-0.769726,GUY,USA,0484
2861,97,231,696,1997.0,8078811.0,8550984.0,0.475945,1.7576919999999998,HKG,USA,0484
2862,99,231,696,1997.0,0.0,2172760.0,-0.7449319999999999,-0.50008,HND,USA,0484
2863,100,231,696,1997.0,655035.0,0.0,0.61283,1.321775,HRV,USA,0484
2864,101,231,696,1997.0,0.0,308404.0,-0.6864100000000001,-0.687077,HTI,USA,0484
2865,102,231,696,1997.0,80980.0,21344.0,0.9121799999999999,1.55321,HUN,USA,0484
2866,103,231,696,1997.0,833979.0,1044180.0,-0.21049600000000002,1.318692,IDN,USA,0484
2867,104,231,696,1997.0,926348.0,54954.0,0.150788,2.027932,IND,USA,0484
2868,106,231,696,1997.0,910189.0,56635.0,1.579974,1.018361,IRL,USA,0484
2869,109,231,696,1997.0,210305.0,289663.0,0.33665700000000004,-0.42348,ISL,USA,0484
2870,110,231,696,1997.0,8025025.0,3947786.0,1.404901,1.072135,ISR,USA,0484
2871,111,231,696,1997.0,46587828.0,322626.0,1.596917,0.8313959999999999,ITA,USA,0484
2872,112,231,696,1997.0,2474470.0,2624160.0,-0.6338739999999999,-0.838622,JAM,USA,0484
2873,113,231,696,1997.0,67012.0,106846.0,0.641787,0.484512,JOR,USA,0484
2874,114,231,696,1997.0,18327320.0,25973386.0,2.771316,0.545821,JPN,USA,0484
2875,116,231,696,1997.0,0.0,6768.0,-0.363967,0.218183,KEN,USA,0484
2876,118,231,696,1997.0,0.0,20167.0,-1.3386770000000001,-1.2547110000000001,KHM,USA,0484
2877,119,231,696,1997.0,0.0,9887.0,-0.216348,-0.881244,KIR,USA,0484
2878,120,231,696,1997.0,0.0,81763.0,0.988031,-0.142999,KNA,USA,0484
2879,121,231,696,1997.0,6149782.0,7963982.0,1.2642,1.164231,KOR,USA,0484
2880,122,231,696,1997.0,52031.0,2028613.0,-1.0192139999999998,-1.193627,KWT,USA,0484
2881,124,231,696,1997.0,98503.0,229390.0,0.28229299999999996,1.0650549999999999,LBN,USA,0484
2882,125,231,696,1997.0,0.0,288052.0,-0.77544,-1.122642,LBR,USA,0484
2883,127,231,696,1997.0,0.0,132489.0,-0.193429,-0.606627,LCA,USA,0484
2884,130,231,696,1997.0,50469.0,0.0,0.360579,1.382816,LTU,USA,0484
2885,132,231,696,1997.0,1223.0,41086.0,0.332958,0.51665,LVA,USA,0484
2886,133,231,696,1997.0,28104.0,191854.0,-0.061292,-0.44707399999999997,MAC,USA,0484
2887,134,231,696,1997.0,0.0,176916.0,-0.635337,-0.336298,MAR,USA,0484
2888,135,231,696,1997.0,0.0,5782.0,0.14225,-0.250556,MDA,USA,0484
2889,136,231,696,1997.0,0.0,1253.0,-1.090898,-0.605175,MDG,USA,0484
2890,138,231,696,1997.0,105726560.0,20982134.0,0.7735350000000001,0.9161590000000001,MEX,USA,0484
2891,142,231,696,1997.0,3623.0,18516.0,1.1063180000000001,0.377209,MLT,USA,0484
2892,145,231,696,1997.0,0.0,3544.0,-0.569797,-0.9604370000000001,MNG,USA,0484
2893,151,231,696,1997.0,0.0,10525.0,-0.42358999999999997,-0.680841,MUS,USA,0484
2894,153,231,696,1997.0,3477849.0,943668.0,0.526754,0.33065700000000003,MYS,USA,0484
2895,156,231,696,1997.0,6461.0,630450.0,-0.600665,-0.8788389999999999,NCL,USA,0484
2896,158,231,696,1997.0,0.0,6908.0,1.8663610000000002,-0.21939299999999998,NFK,USA,0484
2897,159,231,696,1997.0,0.0,58298.0,-1.8354990000000002,-1.246493,NGA,USA,0484
2898,160,231,696,1997.0,15101.0,216825.0,-0.699387,-0.460178,NIC,USA,0484
2899,162,231,696,1997.0,7266776.0,3255296.0,1.327106,1.520932,NLD,USA,0484
2900,163,231,696,1997.0,688841.0,2542128.0,0.857735,0.061844,NOR,USA,0484
2901,166,231,696,1997.0,2115990.0,1546934.0,0.372052,0.764854,NZL,USA,0484
2902,167,231,696,1997.0,0.0,117281.0,-0.233342,-0.9922049999999999,OMN,USA,0484
2903,168,231,696,1997.0,25711.0,58408.0,-0.844282,-0.602616,PAK,USA,0484
2904,169,231,696,1997.0,21247.0,3991005.0,0.0038,0.036532999999999996,PAN,USA,0484
2905,173,231,696,1997.0,258694.0,482131.0,-0.603019,-0.365845,PER,USA,0484
2906,174,231,696,1997.0,3371534.0,8339615.0,0.044834,0.024782,PHL,USA,0484
2907,175,231,696,1997.0,0.0,28884.0,-0.713743,-0.9035559999999999,PLW,USA,0484
2908,177,231,696,1997.0,2454357.0,26356.0,0.8447319999999999,2.000241,POL,USA,0484
2909,179,231,696,1997.0,711378.0,160042.0,0.496633,1.025231,PRT,USA,0484
2910,180,231,696,1997.0,0.0,78873.0,-0.6051380000000001,-0.708271,PRY,USA,0484
2911,182,231,696,1997.0,0.0,593014.0,0.431432,-0.5432020000000001,PYF,USA,0484
2912,183,231,696,1997.0,0.0,431471.0,-1.1276760000000001,-1.233235,QAT,USA,0484
2913,185,231,696,1997.0,1739.0,3140.0,0.666251,1.31932,ROU,USA,0484
2914,186,231,696,1997.0,44971.0,3624194.0,0.572773,0.375446,RUS,USA,0484
2915,188,231,696,1997.0,337090.0,10300105.0,-0.300809,-1.0455,SAU,USA,0484
2916,189,231,696,1997.0,29347.0,42501.0,0.626724,1.7948549999999999,SCG,USA,0484
2917,192,231,696,1997.0,5619122.0,5334846.0,1.1946700000000001,0.30503600000000003,SGP,USA,0484
2918,197,231,696,1997.0,617098.0,394083.0,-0.069039,-0.094938,SLV,USA,0484
2919,205,231,696,1997.0,0.0,332006.0,-1.125928,-0.980981,SUR,USA,0484
2920,206,231,696,1997.0,27379.0,0.0,1.265691,1.368739,SVK,USA,0484
2921,207,231,696,1997.0,567151.0,26778.0,1.449492,1.253379,SVN,USA,0484
2922,208,231,696,1997.0,4772912.0,755937.0,2.0806709999999997,0.9541219999999999,SWE,USA,0484
2923,212,231,696,1997.0,19256.0,0.0,-0.932127,-0.963823,SYR,USA,0484
2924,213,231,696,1997.0,0.0,26154.0,0.32590399999999997,-0.406852,TCA,USA,0484
2925,215,231,696,1997.0,0.0,10453.0,-0.881602,-0.81079,TGO,USA,0484
2926,216,231,696,1997.0,6825342.0,1348960.0,0.216402,1.366618,THA,USA,0484
2927,221,231,696,1997.0,0.0,30971.0,-1.0413940000000002,-0.990821,TON,USA,0484
2928,222,231,696,1997.0,328957.0,309996.0,0.051947,-0.405412,TTO,USA,0484
2929,223,231,696,1997.0,0.0,704495.0,-0.187276,-0.21877600000000003,TUN,USA,0484
2930,224,231,696,1997.0,429637.0,60723.0,0.154428,1.7573880000000002,TUR,USA,0484
2931,226,231,696,1997.0,0.0,22053.0,-1.243443,-0.537161,TZA,USA,0484
2932,228,231,696,1997.0,11423.0,17752.0,0.7384539999999999,1.096947,UKR,USA,0484
2933,230,231,696,1997.0,20333.0,183017.0,0.080024,0.669226,URY,USA,0484
2934,234,231,696,1997.0,0.0,30063.0,0.059354,-0.545099,VCT,USA,0484
2935,236,231,696,1997.0,2274544.0,1592447.0,-0.137776,-0.750744,VEN,USA,0484
2936,237,231,696,1997.0,0.0,175862.0,0.295493,-0.444064,VGB,USA,0484
2937,239,231,696,1997.0,258642.0,428655.0,-0.67516,0.251436,VNM,USA,0484
2938,243,231,696,1997.0,56824.0,261635.0,-1.665484,-1.292243,YEM,USA,0484
2939,246,231,696,1997.0,30467.0,1547570.0,0.29381199999999996,1.276557,ZAF,USA,0484
2940,249,231,696,1997.0,9137945.0,5611792.0,1.557128,1.434424,TWN,USA,0484
2941,0,236,696,1997.0,0.0,78185.0,-1.338982,-0.866526,ABW,VEN,0484
2942,6,236,696,1997.0,0.0,376433.0,-0.027541000000000003,-0.56389,ANT,VEN,0484
2943,8,236,696,1997.0,15763.0,0.0,0.072589,0.965456,ARG,VEN,0484
2944,15,236,696,1997.0,2889.0,0.0,1.904005,0.445169,AUT,VEN,0484
2945,21,236,696,1997.0,0.0,95306.0,-0.329098,-0.885215,BFA,VEN,0484
2946,31,236,696,1997.0,0.0,3043.0,-0.765684,-0.796686,BOL,VEN,0484
2947,32,236,696,1997.0,163756.0,58151.0,0.805759,1.249182,BRA,VEN,0484
2948,33,236,696,1997.0,0.0,1877.0,0.916416,0.490241,BRB,VEN,0484
2949,39,236,696,1997.0,95249.0,0.0,0.928586,1.3413389999999998,CAN,VEN,0484
2950,41,236,696,1997.0,3288.0,0.0,2.327788,0.682804,CHE,VEN,0484
2951,42,236,696,1997.0,109014.0,19392.0,-0.06841799999999999,-0.21526199999999998,CHL,VEN,0484
2952,43,236,696,1997.0,8304.0,0.0,0.380294,2.389738,CHN,VEN,0484
2953,49,236,696,1997.0,9573457.0,10254734.0,0.023456,0.057771,COL,VEN,0484
2954,52,236,696,1997.0,0.0,117995.0,-0.158667,0.204758,CRI,VEN,0484
2955,61,236,696,1997.0,43496.0,0.0,2.360316,-2.655514,DEU,VEN,0484
2956,64,236,696,1997.0,63889.0,0.0,1.422606,1.395373,DNK,VEN,0484
2957,65,236,696,1997.0,0.0,188185.0,-0.5140170000000001,-0.564107,DOM,VEN,0484
2958,67,236,696,1997.0,82614.0,521917.0,-1.124002,-1.0084549999999999,ECU,VEN,0484
2959,71,236,696,1997.0,105355.0,0.0,1.068989,1.9429439999999998,ESP,VEN,0484
2960,77,236,696,1997.0,26483.0,68529.0,1.6737630000000001,0.7499439999999999,FRA,VEN,0484
2961,81,236,696,1997.0,80977.0,7223.0,1.9742490000000001,0.7046359999999999,GBR,VEN,0484
2962,93,236,696,1997.0,0.0,163412.0,-0.17965,0.23698200000000003,GTM,VEN,0484
2963,96,236,696,1997.0,0.0,272742.0,-0.5991029999999999,-0.769726,GUY,VEN,0484
2964,97,236,696,1997.0,33324.0,0.0,0.475945,1.7576919999999998,HKG,VEN,0484
2965,110,236,696,1997.0,116141.0,0.0,1.404901,1.072135,ISR,VEN,0484
2966,111,236,696,1997.0,1244339.0,0.0,1.596917,0.8313959999999999,ITA,VEN,0484
2967,112,236,696,1997.0,0.0,27482.0,-0.6338739999999999,-0.838622,JAM,VEN,0484
2968,124,236,696,1997.0,3936.0,0.0,0.28229299999999996,1.0650549999999999,LBN,VEN,0484
2969,138,236,696,1997.0,62766.0,0.0,0.7735350000000001,0.9161590000000001,MEX,VEN,0484
2970,153,236,696,1997.0,7767.0,0.0,0.526754,0.33065700000000003,MYS,VEN,0484
2971,169,236,696,1997.0,4340.0,154228.0,0.0038,0.036532999999999996,PAN,VEN,0484
2972,173,236,696,1997.0,0.0,675553.0,-0.603019,-0.365845,PER,VEN,0484
2973,197,236,696,1997.0,0.0,118090.0,-0.069039,-0.094938,SLV,VEN,0484
2974,222,236,696,1997.0,40616.0,100389.0,0.051947,-0.405412,TTO,VEN,0484
2975,224,236,696,1997.0,15505.0,0.0,0.154428,1.7573880000000002,TUR,VEN,0484
2976,230,236,696,1997.0,5947.0,0.0,0.080024,0.669226,URY,VEN,0484
2977,231,236,696,1997.0,1592447.0,2274544.0,1.875847,0.46257299999999996,USA,VEN,0484
2978,2,246,696,1997.0,0.0,474520.0,-1.800252,-1.237594,AGO,ZAF,0484
2979,7,246,696,1997.0,198463.0,96151.0,-0.317351,-0.8786510000000001,ARE,ZAF,0484
2980,8,246,696,1997.0,26173.0,0.0,0.072589,0.965456,ARG,ZAF,0484
2981,14,246,696,1997.0,351857.0,124195.0,-0.033861,0.647668,AUS,ZAF,0484
2982,15,246,696,1997.0,13635.0,0.0,1.904005,0.445169,AUT,ZAF,0484
2983,17,246,696,1997.0,0.0,4411.0,-1.5636430000000001,-1.0257479999999999,BDI,ZAF,0484
2984,18,246,696,1997.0,4967429.0,0.0,1.470183,1.312167,BEL,ZAF,0484
2985,22,246,696,1997.0,0.0,15214.0,-0.638734,-0.895301,BGD,ZAF,0484
2986,24,246,696,1997.0,0.0,3037.0,-0.44965,-1.035584,BHR,ZAF,0484
2987,32,246,696,1997.0,48620.0,24528.0,0.805759,1.249182,BRA,ZAF,0484
2988,38,246,696,1997.0,0.0,2702.0,-1.590886,-1.038663,CAF,ZAF,0484
2989,39,246,696,1997.0,1692.0,35965.0,0.928586,1.3413389999999998,CAN,ZAF,0484
2990,41,246,696,1997.0,14527.0,0.0,2.327788,0.682804,CHE,ZAF,0484
2991,42,246,696,1997.0,0.0,3715.0,-0.06841799999999999,-0.21526199999999998,CHL,ZAF,0484
2992,43,246,696,1997.0,151426.0,0.0,0.380294,2.389738,CHN,ZAF,0484
2993,44,246,696,1997.0,0.0,1230.0,-0.647407,-0.603726,CIV,ZAF,0484
2994,45,246,696,1997.0,0.0,2754.0,-1.0663340000000001,-1.047091,CMR,ZAF,0484
2995,46,246,696,1997.0,0.0,770349.0,-1.092385,-1.074017,COD,ZAF,0484
2996,47,246,696,1997.0,0.0,93187.0,-1.484108,-1.2106190000000001,COG,ZAF,0484
2997,49,246,696,1997.0,31437.0,7814.0,0.023456,0.057771,COL,ZAF,0484
2998,50,246,696,1997.0,0.0,95795.0,0.44647200000000004,-0.524514,COM,ZAF,0484
2999,59,246,696,1997.0,2418.0,0.0,1.450452,1.031814,CZE,ZAF,0484
3000,61,246,696,1997.0,343599.0,6199.0,2.360316,-2.655514,DEU,ZAF,0484
3001,62,246,696,1997.0,0.0,2890.0,0.388331,0.05764299999999999,DJI,ZAF,0484
3002,64,246,696,1997.0,290370.0,0.0,1.422606,1.395373,DNK,ZAF,0484
3003,71,246,696,1997.0,40114.0,0.0,1.068989,1.9429439999999998,ESP,ZAF,0484
3004,72,246,696,1997.0,0.0,2841.0,0.45792,1.148099,EST,ZAF,0484
3005,73,246,696,1997.0,0.0,11452.0,-1.141928,-1.187119,ETH,ZAF,0484
3006,74,246,696,1997.0,47484.0,0.0,1.991377,1.047477,FIN,ZAF,0484
3007,77,246,696,1997.0,130049.0,338261.0,1.6737630000000001,0.7499439999999999,FRA,ZAF,0484
3008,81,246,696,1997.0,3503064.0,120148.0,1.9742490000000001,0.7046359999999999,GBR,ZAF,0484
3009,83,246,696,1997.0,0.0,65806.0,-1.03989,-0.979039,GHA,ZAF,0484
3010,90,246,696,1997.0,36649.0,0.0,0.225904,1.291959,GRC,ZAF,0484
3011,97,246,696,1997.0,27842.0,258410.0,0.475945,1.7576919999999998,HKG,ZAF,0484
3012,103,246,696,1997.0,22977.0,5256.0,-0.21049600000000002,1.318692,IDN,ZAF,0484
3013,104,246,696,1997.0,56541.0,0.0,0.150788,2.027932,IND,ZAF,0484
3014,110,246,696,1997.0,271700.0,33639.0,1.404901,1.072135,ISR,ZAF,0484
3015,111,246,696,1997.0,2017271.0,0.0,1.596917,0.8313959999999999,ITA,ZAF,0484
3016,114,246,696,1997.0,6597.0,67290.0,2.771316,0.545821,JPN,ZAF,0484
3017,116,246,696,1997.0,19434.0,44443.0,-0.363967,0.218183,KEN,ZAF,0484
3018,121,246,696,1997.0,50654.0,172492.0,1.2642,1.164231,KOR,ZAF,0484
3019,136,246,696,1997.0,0.0,27208.0,-1.090898,-0.605175,MDG,ZAF,0484
3020,137,246,696,1997.0,0.0,1095.0,-1.0046620000000002,-1.0400340000000001,MDV,ZAF,0484
3021,141,246,696,1997.0,0.0,1699.0,-1.166924,-1.060552,MLI,ZAF,0484
3022,147,246,696,1997.0,0.0,3189421.0,-0.6075229999999999,-0.870957,MOZ,ZAF,0484
3023,151,246,696,1997.0,0.0,514939.0,-0.42358999999999997,-0.680841,MUS,ZAF,0484
3024,152,246,696,1997.0,0.0,171596.0,-1.167342,-1.086488,MWI,ZAF,0484
3025,153,246,696,1997.0,402291.0,21771.0,0.526754,0.33065700000000003,MYS,ZAF,0484
3026,157,246,696,1997.0,2804.0,0.0,-0.31505500000000003,-0.542254,NER,ZAF,0484
3027,159,246,696,1997.0,0.0,39210.0,-1.8354990000000002,-1.246493,NGA,ZAF,0484
3028,162,246,696,1997.0,1355710.0,0.0,1.327106,1.520932,NLD,ZAF,0484
3029,163,246,696,1997.0,13031.0,0.0,0.857735,0.061844,NOR,ZAF,0484
3030,166,246,696,1997.0,16954.0,64708.0,0.372052,0.764854,NZL,ZAF,0484
3031,173,246,696,1997.0,19934.0,0.0,-0.603019,-0.365845,PER,ZAF,0484
3032,174,246,696,1997.0,0.0,55794.0,0.044834,0.024782,PHL,ZAF,0484
3033,179,246,696,1997.0,20650.0,0.0,0.496633,1.025231,PRT,ZAF,0484
3034,186,246,696,1997.0,0.0,32369.0,0.572773,0.375446,RUS,ZAF,0484
3035,187,246,696,1997.0,0.0,134535.0,-0.337464,-0.8656,RWA,ZAF,0484
3036,188,246,696,1997.0,11882.0,0.0,-0.300809,-1.0455,SAU,ZAF,0484
3037,192,246,696,1997.0,208543.0,20308.0,1.1946700000000001,0.30503600000000003,SGP,ZAF,0484
3038,194,246,696,1997.0,0.0,22133.0,1.40714,0.49499899999999997,SHN,ZAF,0484
3039,206,246,696,1997.0,1418.0,0.0,1.265691,1.368739,SVK,ZAF,0484
3040,208,246,696,1997.0,16898.0,2061.0,2.0806709999999997,0.9541219999999999,SWE,ZAF,0484
3041,211,246,696,1997.0,0.0,503062.0,-0.547613,-0.8543209999999999,SYC,ZAF,0484
3042,216,246,696,1997.0,32831.0,14501.0,0.216402,1.366618,THA,ZAF,0484
3043,223,246,696,1997.0,0.0,3261.0,-0.187276,-0.21877600000000003,TUN,ZAF,0484
3044,224,246,696,1997.0,32225.0,0.0,0.154428,1.7573880000000002,TUR,ZAF,0484
3045,226,246,696,1997.0,0.0,85561.0,-1.243443,-0.537161,TZA,ZAF,0484
3046,227,246,696,1997.0,0.0,133073.0,-1.175585,-1.017807,UGA,ZAF,0484
3047,231,246,696,1997.0,1547570.0,30467.0,1.875847,0.46257299999999996,USA,ZAF,0484
3048,247,246,696,1997.0,0.0,1220548.0,-0.8659309999999999,-0.88536,ZMB,ZAF,0484
3049,248,246,696,1997.0,30322.0,606977.0,-0.5328609999999999,-0.509275,ZWE,ZAF,0484
3050,249,246,696,1997.0,50887.0,198762.0,1.557128,1.434424,TWN,ZAF,0484
3051,250,246,696,1997.0,2025.0,65286.0,1.004537,0.782725,ANS,ZAF,0484
3052,7,14,696,1997.0,501838.0,211879.0,-0.317351,-0.8786510000000001,ARE,AUS,0484
3053,8,14,696,1997.0,1999.0,2397.0,0.072589,0.965456,ARG,AUS,0484
3054,15,14,696,1997.0,51429.0,0.0,1.904005,0.445169,AUT,AUS,0484
3055,18,14,696,1997.0,9332258.0,0.0,1.470183,1.312167,BEL,AUS,0484
3056,22,14,696,1997.0,0.0,6366.0,-0.638734,-0.895301,BGD,AUS,0484
3057,24,14,696,1997.0,0.0,379259.0,-0.44965,-1.035584,BHR,AUS,0484
3058,32,14,696,1997.0,138036.0,0.0,0.805759,1.249182,BRA,AUS,0484
3059,34,14,696,1997.0,0.0,120401.0,-0.443665,-0.825732,BRN,AUS,0484
3060,39,14,696,1997.0,1482419.0,28111.0,0.928586,1.3413389999999998,CAN,AUS,0484
3061,40,14,696,1997.0,0.0,24267.0,0.992043,-0.30425100000000005,CCK,AUS,0484
3062,41,14,696,1997.0,90473.0,0.0,2.327788,0.682804,CHE,AUS,0484
3063,42,14,696,1997.0,3616.0,1339.0,-0.06841799999999999,-0.21526199999999998,CHL,AUS,0484
3064,43,14,696,1997.0,2023701.0,104627.0,0.380294,2.389738,CHN,AUS,0484
3065,49,14,696,1997.0,242162.0,0.0,0.023456,0.057771,COL,AUS,0484
3066,56,14,696,1997.0,0.0,49716.0,1.19224,-0.445507,CXR,AUS,0484
3067,58,14,696,1997.0,17772.0,0.0,0.45144700000000004,0.46707600000000005,CYP,AUS,0484
3068,61,14,696,1997.0,2320212.0,3411.0,2.360316,-2.655514,DEU,AUS,0484
3069,64,14,696,1997.0,4095574.0,0.0,1.422606,1.395373,DNK,AUS,0484
3070,68,14,696,1997.0,27567.0,10679.0,-0.34861,0.005477,EGY,AUS,0484
3071,71,14,696,1997.0,77789.0,0.0,1.068989,1.9429439999999998,ESP,AUS,0484
3072,74,14,696,1997.0,92365.0,0.0,1.991377,1.047477,FIN,AUS,0484
3073,75,14,696,1997.0,123302.0,883084.0,-0.8839090000000001,-0.9493540000000001,FJI,AUS,0484
3074,77,14,696,1997.0,4278739.0,66436.0,1.6737630000000001,0.7499439999999999,FRA,AUS,0484
3075,79,14,696,1997.0,0.0,14287.0,-0.968281,-1.035358,FSM,AUS,0484
3076,81,14,696,1997.0,9692071.0,544700.0,1.9742490000000001,0.7046359999999999,GBR,AUS,0484
3077,90,14,696,1997.0,264321.0,6790.0,0.225904,1.291959,GRC,AUS,0484
3078,97,14,696,1997.0,1993360.0,5817436.0,0.475945,1.7576919999999998,HKG,AUS,0484
3079,100,14,696,1997.0,642668.0,0.0,0.61283,1.321775,HRV,AUS,0484
3080,102,14,696,1997.0,18213.0,0.0,0.9121799999999999,1.55321,HUN,AUS,0484
3081,103,14,696,1997.0,1199524.0,730030.0,-0.21049600000000002,1.318692,IDN,AUS,0484
3082,104,14,696,1997.0,149217.0,3103.0,0.150788,2.027932,IND,AUS,0484
3083,106,14,696,1997.0,49052.0,2876.0,1.579974,1.018361,IRL,AUS,0484
3084,110,14,696,1997.0,406794.0,0.0,1.404901,1.072135,ISR,AUS,0484
3085,111,14,696,1997.0,9608349.0,2392.0,1.596917,0.8313959999999999,ITA,AUS,0484
3086,113,14,696,1997.0,31110.0,0.0,0.641787,0.484512,JOR,AUS,0484
3087,114,14,696,1997.0,1824178.0,3101354.0,2.771316,0.545821,JPN,AUS,0484
3088,119,14,696,1997.0,0.0,57471.0,-0.216348,-0.881244,KIR,AUS,0484
3089,121,14,696,1997.0,813087.0,253106.0,1.2642,1.164231,KOR,AUS,0484
3090,122,14,696,1997.0,0.0,457305.0,-1.0192139999999998,-1.193627,KWT,AUS,0484
3091,124,14,696,1997.0,23333.0,7978.0,0.28229299999999996,1.0650549999999999,LBN,AUS,0484
3092,128,14,696,1997.0,10390.0,5101.0,-0.6467470000000001,-0.27831300000000003,LKA,AUS,0484
3093,133,14,696,1997.0,107534.0,72675.0,-0.061292,-0.44707399999999997,MAC,AUS,0484
3094,137,14,696,1997.0,0.0,3691.0,-1.0046620000000002,-1.0400340000000001,MDV,AUS,0484
3095,139,14,696,1997.0,0.0,89722.0,-0.30945700000000004,-0.822207,MHL,AUS,0484
3096,140,14,696,1997.0,190178.0,0.0,0.297389,0.735171,MKD,AUS,0484
3097,151,14,696,1997.0,1153.0,65226.0,-0.42358999999999997,-0.680841,MUS,AUS,0484
3098,153,14,696,1997.0,1399554.0,1547377.0,0.526754,0.33065700000000003,MYS,AUS,0484
3099,156,14,696,1997.0,0.0,3366768.0,-0.600665,-0.8788389999999999,NCL,AUS,0484
3100,158,14,696,1997.0,0.0,16255.0,1.8663610000000002,-0.21939299999999998,NFK,AUS,0484
3101,162,14,696,1997.0,2403519.0,0.0,1.327106,1.520932,NLD,AUS,0484
3102,163,14,696,1997.0,340738.0,0.0,0.857735,0.061844,NOR,AUS,0484
3103,165,14,696,1997.0,0.0,75756.0,1.272822,-0.382333,NRU,AUS,0484
3104,166,14,696,1997.0,18449130.0,40196604.0,0.372052,0.764854,NZL,AUS,0484
3105,167,14,696,1997.0,0.0,36371.0,-0.233342,-0.9922049999999999,OMN,AUS,0484
3106,168,14,696,1997.0,9021.0,0.0,-0.844282,-0.602616,PAK,AUS,0484
3107,174,14,696,1997.0,147853.0,443682.0,0.044834,0.024782,PHL,AUS,0484
3108,176,14,696,1997.0,121209.0,2207859.0,-1.960463,-1.270168,PNG,AUS,0484
3109,177,14,696,1997.0,15719.0,0.0,0.8447319999999999,2.000241,POL,AUS,0484
3110,182,14,696,1997.0,0.0,1829607.0,0.431432,-0.5432020000000001,PYF,AUS,0484
3111,183,14,696,1997.0,0.0,48593.0,-1.1276760000000001,-1.233235,QAT,AUS,0484
3112,186,14,696,1997.0,0.0,37201.0,0.572773,0.375446,RUS,AUS,0484
3113,188,14,696,1997.0,20251.0,73323.0,-0.300809,-1.0455,SAU,AUS,0484
3114,189,14,696,1997.0,38662.0,0.0,0.626724,1.7948549999999999,SCG,AUS,0484
3115,192,14,696,1997.0,2207306.0,2723780.0,1.1946700000000001,0.30503600000000003,SGP,AUS,0484
3116,195,14,696,1997.0,0.0,71192.0,-1.653309,-0.993885,SLB,AUS,0484
3117,207,14,696,1997.0,14269.0,0.0,1.449492,1.253379,SVN,AUS,0484
3118,208,14,696,1997.0,245146.0,0.0,2.0806709999999997,0.9541219999999999,SWE,AUS,0484
3119,211,14,696,1997.0,0.0,114623.0,-0.547613,-0.8543209999999999,SYC,AUS,0484
3120,212,14,696,1997.0,1375.0,0.0,-0.932127,-0.963823,SYR,AUS,0484
3121,216,14,696,1997.0,3078858.0,206429.0,0.216402,1.366618,THA,AUS,0484
3122,224,14,696,1997.0,88706.0,0.0,0.154428,1.7573880000000002,TUR,AUS,0484
3123,225,14,696,1997.0,0.0,9279.0,1.177384,-0.5756560000000001,TUV,AUS,0484
3124,230,14,696,1997.0,1063.0,0.0,0.080024,0.669226,URY,AUS,0484
3125,231,14,696,1997.0,11947843.0,1782485.0,1.875847,0.46257299999999996,USA,AUS,0484
3126,239,14,696,1997.0,225248.0,136673.0,-0.67516,0.251436,VNM,AUS,0484
3127,240,14,696,1997.0,0.0,303751.0,-1.04932,-0.982175,VUT,AUS,0484
3128,241,14,696,1997.0,0.0,328458.0,-0.182943,-0.786458,WLF,AUS,0484
3129,242,14,696,1997.0,0.0,56239.0,-0.40161199999999997,-0.812819,WSM,AUS,0484
3130,246,14,696,1997.0,124195.0,351857.0,0.29381199999999996,1.276557,ZAF,AUS,0484
3131,249,14,696,1997.0,1007932.0,2179948.0,1.557128,1.434424,TWN,AUS,0484
3132,250,14,696,1997.0,127677.0,510625.0,1.004537,0.782725,ANS,AUS,0484
3133,7,16,696,1997.0,35379.0,0.0,-0.317351,-0.8786510000000001,ARE,AZE,0484
3134,15,16,696,1997.0,15393.0,0.0,1.904005,0.445169,AUT,AZE,0484
3135,18,16,696,1997.0,131663.0,0.0,1.470183,1.312167,BEL,AZE,0484
3136,61,16,696,1997.0,298152.0,0.0,2.360316,-2.655514,DEU,AZE,0484
3137,64,16,696,1997.0,50146.0,0.0,1.422606,1.395373,DNK,AZE,0484
3138,71,16,696,1997.0,14007.0,0.0,1.068989,1.9429439999999998,ESP,AZE,0484
3139,74,16,696,1997.0,25878.0,0.0,1.991377,1.047477,FIN,AZE,0484
3140,77,16,696,1997.0,62628.0,0.0,1.6737630000000001,0.7499439999999999,FRA,AZE,0484
3141,81,16,696,1997.0,47218.0,0.0,1.9742490000000001,0.7046359999999999,GBR,AZE,0484
3142,90,16,696,1997.0,38445.0,0.0,0.225904,1.291959,GRC,AZE,0484
3143,107,16,696,1997.0,10928785.0,0.0,-0.8911190000000001,-1.085849,IRN,AZE,0484
3144,111,16,696,1997.0,1337.0,0.0,1.596917,0.8313959999999999,ITA,AZE,0484
3145,113,16,696,1997.0,12765.0,0.0,0.641787,0.484512,JOR,AZE,0484
3146,115,16,696,1997.0,0.0,29778.0,0.302596,-0.028221,KAZ,AZE,0484
3147,162,16,696,1997.0,50576.0,0.0,1.327106,1.520932,NLD,AZE,0484
3148,163,16,696,1997.0,16398.0,0.0,0.857735,0.061844,NOR,AZE,0484
3149,168,16,696,1997.0,6828.0,0.0,-0.844282,-0.602616,PAK,AZE,0484
3150,177,16,696,1997.0,820781.0,0.0,0.8447319999999999,2.000241,POL,AZE,0484
3151,186,16,696,1997.0,31675.0,434935.0,0.572773,0.375446,RUS,AZE,0484
3152,189,16,696,1997.0,1035.0,0.0,0.626724,1.7948549999999999,SCG,AZE,0484
3153,207,16,696,1997.0,12767.0,0.0,1.449492,1.253379,SVN,AZE,0484
3154,224,16,696,1997.0,6826342.0,0.0,0.154428,1.7573880000000002,TUR,AZE,0484
3155,231,16,696,1997.0,6876.0,0.0,1.875847,0.46257299999999996,USA,AZE,0484
3156,7,22,696,1997.0,0.0,13940.0,-0.317351,-0.8786510000000001,ARE,BGD,0484
3157,14,22,696,1997.0,6366.0,0.0,-0.033861,0.647668,AUS,BGD,0484
3158,64,22,696,1997.0,20596.0,0.0,1.422606,1.395373,DNK,BGD,0484
3159,81,22,696,1997.0,11393.0,9046.0,1.9742490000000001,0.7046359999999999,GBR,BGD,0484
3160,103,22,696,1997.0,73239.0,0.0,-0.21049600000000002,1.318692,IDN,BGD,0484
3161,104,22,696,1997.0,7568.0,7504.0,0.150788,2.027932,IND,BGD,0484
3162,114,22,696,1997.0,0.0,1281.0,2.771316,0.545821,JPN,BGD,0484
3163,121,22,696,1997.0,100029.0,1124.0,1.2642,1.164231,KOR,BGD,0484
3164,128,22,696,1997.0,4746.0,0.0,-0.6467470000000001,-0.27831300000000003,LKA,BGD,0484
3165,153,22,696,1997.0,353104.0,0.0,0.526754,0.33065700000000003,MYS,BGD,0484
3166,163,22,696,1997.0,201533.0,0.0,0.857735,0.061844,NOR,BGD,0484
3167,168,22,696,1997.0,8485.0,0.0,-0.844282,-0.602616,PAK,BGD,0484
3168,188,22,696,1997.0,6484.0,0.0,-0.300809,-1.0455,SAU,BGD,0484
3169,192,22,696,1997.0,140797.0,0.0,1.1946700000000001,0.30503600000000003,SGP,BGD,0484
3170,231,22,696,1997.0,16030.0,88335.0,1.875847,0.46257299999999996,USA,BGD,0484
3171,246,22,696,1997.0,15214.0,0.0,0.29381199999999996,1.276557,ZAF,BGD,0484
3172,250,22,696,1997.0,1157.0,0.0,1.004537,0.782725,ANS,BGD,0484
3173,4,23,696,1997.0,0.0,253592.0,-0.375654,-0.124279,ALB,BGR,0484
3174,9,23,696,1997.0,0.0,110161.0,0.818788,0.226075,ARM,BGR,0484
3175,15,23,696,1997.0,83747.0,6104.0,1.904005,0.445169,AUT,BGR,0484
3176,18,23,696,1997.0,111335.0,0.0,1.470183,1.312167,BEL,BGR,0484
3177,26,23,696,1997.0,0.0,2273.0,0.517231,0.321515,BIH,BGR,0484
3178,61,23,696,1997.0,431574.0,25626.0,2.360316,-2.655514,DEU,BGR,0484
3179,64,23,696,1997.0,11469.0,0.0,1.422606,1.395373,DNK,BGR,0484
3180,71,23,696,1997.0,26548.0,0.0,1.068989,1.9429439999999998,ESP,BGR,0484
3181,77,23,696,1997.0,51683.0,59341.0,1.6737630000000001,0.7499439999999999,FRA,BGR,0484
3182,81,23,696,1997.0,198875.0,11981.0,1.9742490000000001,0.7046359999999999,GBR,BGR,0484
3183,82,23,696,1997.0,0.0,1047057.0,0.347408,0.106341,GEO,BGR,0484
3184,90,23,696,1997.0,333981.0,50045.0,0.225904,1.291959,GRC,BGR,0484
3185,100,23,696,1997.0,0.0,38713.0,0.61283,1.321775,HRV,BGR,0484
3186,102,23,696,1997.0,552570.0,10885.0,0.9121799999999999,1.55321,HUN,BGR,0484
3187,106,23,696,1997.0,0.0,97238.0,1.579974,1.018361,IRL,BGR,0484
3188,110,23,696,1997.0,14162.0,14066.0,1.404901,1.072135,ISR,BGR,0484
3189,111,23,696,1997.0,386386.0,0.0,1.596917,0.8313959999999999,ITA,BGR,0484
3190,113,23,696,1997.0,5356.0,0.0,0.641787,0.484512,JOR,BGR,0484
3191,114,23,696,1997.0,0.0,3702.0,2.771316,0.545821,JPN,BGR,0484
3192,115,23,696,1997.0,0.0,23421.0,0.302596,-0.028221,KAZ,BGR,0484
3193,124,23,696,1997.0,0.0,17252.0,0.28229299999999996,1.0650549999999999,LBN,BGR,0484
3194,125,23,696,1997.0,0.0,1056.0,-0.77544,-1.122642,LBR,BGR,0484
3195,130,23,696,1997.0,0.0,16043.0,0.360579,1.382816,LTU,BGR,0484
3196,135,23,696,1997.0,0.0,203111.0,0.14225,-0.250556,MDA,BGR,0484
3197,140,23,696,1997.0,0.0,433857.0,0.297389,0.735171,MKD,BGR,0484
3198,142,23,696,1997.0,0.0,1022.0,1.1063180000000001,0.377209,MLT,BGR,0484
3199,145,23,696,1997.0,0.0,41055.0,-0.569797,-0.9604370000000001,MNG,BGR,0484
3200,162,23,696,1997.0,1116484.0,0.0,1.327106,1.520932,NLD,BGR,0484
3201,185,23,696,1997.0,73672.0,272598.0,0.666251,1.31932,ROU,BGR,0484
3202,186,23,696,1997.0,13500.0,3067796.0,0.572773,0.375446,RUS,BGR,0484
3203,189,23,696,1997.0,12289.0,243854.0,0.626724,1.7948549999999999,SCG,BGR,0484
3204,207,23,696,1997.0,0.0,46517.0,1.449492,1.253379,SVN,BGR,0484
3205,217,23,696,1997.0,0.0,1224.0,-0.095789,-0.706445,TJK,BGR,0484
3206,224,23,696,1997.0,6055400.0,14616.0,0.154428,1.7573880000000002,TUR,BGR,0484
3207,228,23,696,1997.0,3596.0,1704492.0,0.7384539999999999,1.096947,UKR,BGR,0484
3208,231,23,696,1997.0,0.0,1259.0,1.875847,0.46257299999999996,USA,BGR,0484
3209,250,23,696,1997.0,0.0,24271.0,1.004537,0.782725,ANS,BGR,0484
3210,2,32,696,1997.0,0.0,96002.0,-1.800252,-1.237594,AGO,BRA,0484
3211,6,32,696,1997.0,0.0,16235.0,-0.027541000000000003,-0.56389,ANT,BRA,0484
3212,8,32,696,1997.0,15867424.0,4274447.0,0.072589,0.965456,ARG,BRA,0484
3213,14,32,696,1997.0,0.0,138036.0,-0.033861,0.647668,AUS,BRA,0484
3214,15,32,696,1997.0,160126.0,0.0,1.904005,0.445169,AUT,BRA,0484
3215,18,32,696,1997.0,2799872.0,4554.0,1.470183,1.312167,BEL,BRA,0484
3216,25,32,696,1997.0,25513.0,0.0,0.82352,-0.091626,BHS,BRA,0484
3217,31,32,696,1997.0,0.0,1065832.0,-0.765684,-0.796686,BOL,BRA,0484
3218,39,32,696,1997.0,181116.0,148545.0,0.928586,1.3413389999999998,CAN,BRA,0484
3219,41,32,696,1997.0,1345900.0,0.0,2.327788,0.682804,CHE,BRA,0484
3220,42,32,696,1997.0,2122277.0,268879.0,-0.06841799999999999,-0.21526199999999998,CHL,BRA,0484
3221,45,32,696,1997.0,0.0,32180.0,-1.0663340000000001,-1.047091,CMR,BRA,0484
3222,49,32,696,1997.0,504183.0,323566.0,0.023456,0.057771,COL,BRA,0484
3223,51,32,696,1997.0,0.0,32216.0,1.1987079999999999,0.084231,CPV,BRA,0484
3224,54,32,696,1997.0,0.0,102330.0,-0.793234,-1.169625,CUB,BRA,0484
3225,57,32,696,1997.0,24109.0,0.0,0.079987,-0.5574180000000001,CYM,BRA,0484
3226,61,32,696,1997.0,1962241.0,16579.0,2.360316,-2.655514,DEU,BRA,0484
3227,64,32,696,1997.0,2824348.0,0.0,1.422606,1.395373,DNK,BRA,0484
3228,67,32,696,1997.0,0.0,49590.0,-1.124002,-1.0084549999999999,ECU,BRA,0484
3229,71,32,696,1997.0,197025.0,0.0,1.068989,1.9429439999999998,ESP,BRA,0484
3230,75,32,696,1997.0,0.0,171975.0,-0.8839090000000001,-0.9493540000000001,FJI,BRA,0484
3231,77,32,696,1997.0,1124417.0,0.0,1.6737630000000001,0.7499439999999999,FRA,BRA,0484
3232,81,32,696,1997.0,961392.0,0.0,1.9742490000000001,0.7046359999999999,GBR,BRA,0484
3233,83,32,696,1997.0,0.0,26283.0,-1.03989,-0.979039,GHA,BRA,0484
3234,84,32,696,1997.0,0.0,12470.0,0.643548,-0.164009,GIB,BRA,0484
3235,85,32,696,1997.0,0.0,20372.0,-1.223583,-1.14157,GIN,BRA,0484
3236,87,32,696,1997.0,0.0,17722.0,-0.686094,-0.8130609999999999,GMB,BRA,0484
3237,90,32,696,1997.0,52690.0,0.0,0.225904,1.291959,GRC,BRA,0484
3238,93,32,696,1997.0,0.0,11428.0,-0.17965,0.23698200000000003,GTM,BRA,0484
3239,97,32,696,1997.0,76312.0,14631.0,0.475945,1.7576919999999998,HKG,BRA,0484
3240,103,32,696,1997.0,76475.0,0.0,-0.21049600000000002,1.318692,IDN,BRA,0484
3241,110,32,696,1997.0,106993.0,0.0,1.404901,1.072135,ISR,BRA,0484
3242,111,32,696,1997.0,13755818.0,17830.0,1.596917,0.8313959999999999,ITA,BRA,0484
3243,114,32,696,1997.0,631578.0,952634.0,2.771316,0.545821,JPN,BRA,0484
3244,121,32,696,1997.0,180174.0,36332.0,1.2642,1.164231,KOR,BRA,0484
3245,124,32,696,1997.0,2363.0,44994.0,0.28229299999999996,1.0650549999999999,LBN,BRA,0484
3246,138,32,696,1997.0,5384.0,1955446.0,0.7735350000000001,0.9161590000000001,MEX,BRA,0484
3247,141,32,696,1997.0,0.0,1166.0,-1.166924,-1.060552,MLI,BRA,0484
3248,147,32,696,1997.0,0.0,21948.0,-0.6075229999999999,-0.870957,MOZ,BRA,0484
3249,148,32,696,1997.0,0.0,53795.0,-1.730246,-1.3439969999999999,MRT,BRA,0484
3250,153,32,696,1997.0,46712.0,0.0,0.526754,0.33065700000000003,MYS,BRA,0484
3251,162,32,696,1997.0,605622.0,1407.0,1.327106,1.520932,NLD,BRA,0484
3252,173,32,696,1997.0,0.0,112930.0,-0.603019,-0.365845,PER,BRA,0484
3253,178,32,696,1997.0,0.0,13229.0,0.734805,0.8720889999999999,PRK,BRA,0484
3254,179,32,696,1997.0,1762237.0,564445.0,0.496633,1.025231,PRT,BRA,0484
3255,180,32,696,1997.0,0.0,6374404.0,-0.6051380000000001,-0.708271,PRY,BRA,0484
3256,186,32,696,1997.0,0.0,333516.0,0.572773,0.375446,RUS,BRA,0484
3257,188,32,696,1997.0,0.0,29328.0,-0.300809,-1.0455,SAU,BRA,0484
3258,189,32,696,1997.0,0.0,4280.0,0.626724,1.7948549999999999,SCG,BRA,0484
3259,191,32,696,1997.0,0.0,2626.0,-0.660837,-0.768874,SEN,BRA,0484
3260,192,32,696,1997.0,1145.0,2769.0,1.1946700000000001,0.30503600000000003,SGP,BRA,0484
3261,197,32,696,1997.0,0.0,77616.0,-0.069039,-0.094938,SLV,BRA,0484
3262,205,32,696,1997.0,0.0,15572.0,-1.125928,-0.980981,SUR,BRA,0484
3263,207,32,696,1997.0,0.0,3676.0,1.449492,1.253379,SVN,BRA,0484
3264,208,32,696,1997.0,32126.0,0.0,2.0806709999999997,0.9541219999999999,SWE,BRA,0484
3265,216,32,696,1997.0,13377.0,0.0,0.216402,1.366618,THA,BRA,0484
3266,222,32,696,1997.0,18419.0,25173.0,0.051947,-0.405412,TTO,BRA,0484
3267,224,32,696,1997.0,4149.0,0.0,0.154428,1.7573880000000002,TUR,BRA,0484
3268,230,32,696,1997.0,9310344.0,2669736.0,0.080024,0.669226,URY,BRA,0484
3269,231,32,696,1997.0,2266006.0,467110.0,1.875847,0.46257299999999996,USA,BRA,0484
3270,236,32,696,1997.0,58151.0,163756.0,-0.137776,-0.750744,VEN,BRA,0484
3271,246,32,696,1997.0,24528.0,48620.0,0.29381199999999996,1.276557,ZAF,BRA,0484
3272,249,32,696,1997.0,90338.0,15589.0,1.557128,1.434424,TWN,BRA,0484
3273,3,39,696,1997.0,0.0,1815.0,1.506348,0.734825,AIA,CAN,0484
3274,6,39,696,1997.0,0.0,38400.0,-0.027541000000000003,-0.56389,ANT,CAN,0484
3275,7,39,696,1997.0,24470.0,208432.0,-0.317351,-0.8786510000000001,ARE,CAN,0484
3276,8,39,696,1997.0,43076.0,23918.0,0.072589,0.965456,ARG,CAN,0484
3277,13,39,696,1997.0,0.0,2841.0,0.545288,-0.20344500000000001,ATG,CAN,0484
3278,14,39,696,1997.0,28111.0,1482419.0,-0.033861,0.647668,AUS,CAN,0484
3279,15,39,696,1997.0,408953.0,0.0,1.904005,0.445169,AUT,CAN,0484
3280,18,39,696,1997.0,14975223.0,149425.0,1.470183,1.312167,BEL,CAN,0484
3281,24,39,696,1997.0,0.0,76514.0,-0.44965,-1.035584,BHR,CAN,0484
3282,25,39,696,1997.0,0.0,2830.0,0.82352,-0.091626,BHS,CAN,0484
3283,30,39,696,1997.0,0.0,61188.0,0.41035200000000005,-0.552818,BMU,CAN,0484
3284,32,39,696,1997.0,148545.0,181116.0,0.805759,1.249182,BRA,CAN,0484
3285,33,39,696,1997.0,30304.0,50799.0,0.916416,0.490241,BRB,CAN,0484
3286,41,39,696,1997.0,763994.0,66125.0,2.327788,0.682804,CHE,CAN,0484
3287,42,39,696,1997.0,1725.0,48654.0,-0.06841799999999999,-0.21526199999999998,CHL,CAN,0484
3288,43,39,696,1997.0,527317.0,51569.0,0.380294,2.389738,CHN,CAN,0484
3289,49,39,696,1997.0,13982.0,116656.0,0.023456,0.057771,COL,CAN,0484
3290,52,39,696,1997.0,50059.0,7363.0,-0.158667,0.204758,CRI,CAN,0484
3291,54,39,696,1997.0,3794.0,53280.0,-0.793234,-1.169625,CUB,CAN,0484
3292,57,39,696,1997.0,0.0,7482.0,0.079987,-0.5574180000000001,CYM,CAN,0484
3293,58,39,696,1997.0,5804.0,5938.0,0.45144700000000004,0.46707600000000005,CYP,CAN,0484
3294,59,39,696,1997.0,2275.0,10203.0,1.450452,1.031814,CZE,CAN,0484
3295,61,39,696,1997.0,4154049.0,662601.0,2.360316,-2.655514,DEU,CAN,0484
3296,64,39,696,1997.0,2517851.0,82561.0,1.422606,1.395373,DNK,CAN,0484
3297,65,39,696,1997.0,3953.0,10898.0,-0.5140170000000001,-0.564107,DOM,CAN,0484
3298,67,39,696,1997.0,0.0,1811.0,-1.124002,-1.0084549999999999,ECU,CAN,0484
3299,68,39,696,1997.0,8720.0,32757.0,-0.34861,0.005477,EGY,CAN,0484
3300,71,39,696,1997.0,1489031.0,0.0,1.068989,1.9429439999999998,ESP,CAN,0484
3301,74,39,696,1997.0,83307.0,84598.0,1.991377,1.047477,FIN,CAN,0484
3302,75,39,696,1997.0,24283.0,0.0,-0.8839090000000001,-0.9493540000000001,FJI,CAN,0484
3303,77,39,696,1997.0,2410652.0,292343.0,1.6737630000000001,0.7499439999999999,FRA,CAN,0484
3304,81,39,696,1997.0,16137127.0,4847210.0,1.9742490000000001,0.7046359999999999,GBR,CAN,0484
3305,90,39,696,1997.0,276706.0,0.0,0.225904,1.291959,GRC,CAN,0484
3306,91,39,696,1997.0,0.0,3114.0,0.235056,-0.254481,GRD,CAN,0484
3307,92,39,696,1997.0,0.0,20546.0,-0.7822520000000001,-0.906492,GRL,CAN,0484
3308,93,39,696,1997.0,4681.0,26976.0,-0.17965,0.23698200000000003,GTM,CAN,0484
3309,96,39,696,1997.0,0.0,46161.0,-0.5991029999999999,-0.769726,GUY,CAN,0484
3310,97,39,696,1997.0,1962524.0,875095.0,0.475945,1.7576919999999998,HKG,CAN,0484
3311,99,39,696,1997.0,0.0,17248.0,-0.7449319999999999,-0.50008,HND,CAN,0484
3312,100,39,696,1997.0,189125.0,0.0,0.61283,1.321775,HRV,CAN,0484
3313,101,39,696,1997.0,0.0,3834.0,-0.6864100000000001,-0.687077,HTI,CAN,0484
3314,102,39,696,1997.0,8358.0,9015.0,0.9121799999999999,1.55321,HUN,CAN,0484
3315,103,39,696,1997.0,23356.0,0.0,-0.21049600000000002,1.318692,IDN,CAN,0484
3316,104,39,696,1997.0,199311.0,0.0,0.150788,2.027932,IND,CAN,0484
3317,106,39,696,1997.0,6467668.0,518663.0,1.579974,1.018361,IRL,CAN,0484
3318,107,39,696,1997.0,14353.0,0.0,-0.8911190000000001,-1.085849,IRN,CAN,0484
3319,109,39,696,1997.0,0.0,21651.0,0.33665700000000004,-0.42348,ISL,CAN,0484
3320,110,39,696,1997.0,547910.0,80114.0,1.404901,1.072135,ISR,CAN,0484
3321,111,39,696,1997.0,9980853.0,0.0,1.596917,0.8313959999999999,ITA,CAN,0484
3322,112,39,696,1997.0,595966.0,72875.0,-0.6338739999999999,-0.838622,JAM,CAN,0484
3323,113,39,696,1997.0,1688.0,6927.0,0.641787,0.484512,JOR,CAN,0484
3324,114,39,696,1997.0,1688548.0,4010156.0,2.771316,0.545821,JPN,CAN,0484
3325,117,39,696,1997.0,0.0,2058.0,0.063303,-0.014279,KGZ,CAN,0484
3326,120,39,696,1997.0,0.0,2463.0,0.988031,-0.142999,KNA,CAN,0484
3327,121,39,696,1997.0,330981.0,220329.0,1.2642,1.164231,KOR,CAN,0484
3328,122,39,696,1997.0,0.0,208733.0,-1.0192139999999998,-1.193627,KWT,CAN,0484
3329,124,39,696,1997.0,31717.0,3315.0,0.28229299999999996,1.0650549999999999,LBN,CAN,0484
3330,127,39,696,1997.0,0.0,67870.0,-0.193429,-0.606627,LCA,CAN,0484
3331,128,39,696,1997.0,155830.0,12397.0,-0.6467470000000001,-0.27831300000000003,LKA,CAN,0484
3332,133,39,696,1997.0,8698.0,0.0,-0.061292,-0.44707399999999997,MAC,CAN,0484
3333,136,39,696,1997.0,0.0,1144.0,-1.090898,-0.605175,MDG,CAN,0484
3334,138,39,696,1997.0,149126.0,1908811.0,0.7735350000000001,0.9161590000000001,MEX,CAN,0484
3335,141,39,696,1997.0,0.0,10950.0,-1.166924,-1.060552,MLI,CAN,0484
3336,142,39,696,1997.0,88024.0,21614.0,1.1063180000000001,0.377209,MLT,CAN,0484
3337,151,39,696,1997.0,0.0,3799.0,-0.42358999999999997,-0.680841,MUS,CAN,0484
3338,153,39,696,1997.0,380553.0,77850.0,0.526754,0.33065700000000003,MYS,CAN,0484
3339,162,39,696,1997.0,4845605.0,640581.0,1.327106,1.520932,NLD,CAN,0484
3340,163,39,696,1997.0,138891.0,0.0,0.857735,0.061844,NOR,CAN,0484
3341,166,39,696,1997.0,33996.0,21210.0,0.372052,0.764854,NZL,CAN,0484
3342,167,39,696,1997.0,0.0,15806.0,-0.233342,-0.9922049999999999,OMN,CAN,0484
3343,168,39,696,1997.0,30290.0,0.0,-0.844282,-0.602616,PAK,CAN,0484
3344,169,39,696,1997.0,0.0,93812.0,0.0038,0.036532999999999996,PAN,CAN,0484
3345,173,39,696,1997.0,0.0,57323.0,-0.603019,-0.365845,PER,CAN,0484
3346,174,39,696,1997.0,279942.0,186127.0,0.044834,0.024782,PHL,CAN,0484
3347,177,39,696,1997.0,806902.0,2918.0,0.8447319999999999,2.000241,POL,CAN,0484
3348,179,39,696,1997.0,106046.0,0.0,0.496633,1.025231,PRT,CAN,0484
3349,182,39,696,1997.0,0.0,7510.0,0.431432,-0.5432020000000001,PYF,CAN,0484
3350,183,39,696,1997.0,0.0,85182.0,-1.1276760000000001,-1.233235,QAT,CAN,0484
3351,186,39,696,1997.0,0.0,46838.0,0.572773,0.375446,RUS,CAN,0484
3352,188,39,696,1997.0,83724.0,381778.0,-0.300809,-1.0455,SAU,CAN,0484
3353,189,39,696,1997.0,2864.0,0.0,0.626724,1.7948549999999999,SCG,CAN,0484
3354,192,39,696,1997.0,646833.0,260062.0,1.1946700000000001,0.30503600000000003,SGP,CAN,0484
3355,197,39,696,1997.0,4069.0,1035.0,-0.069039,-0.094938,SLV,CAN,0484
3356,200,39,696,1997.0,0.0,9817.0,0.514622,-0.220802,SPM,CAN,0484
3357,205,39,696,1997.0,0.0,25314.0,-1.125928,-0.980981,SUR,CAN,0484
3358,207,39,696,1997.0,12920.0,0.0,1.449492,1.253379,SVN,CAN,0484
3359,208,39,696,1997.0,750728.0,935487.0,2.0806709999999997,0.9541219999999999,SWE,CAN,0484
3360,212,39,696,1997.0,2947.0,0.0,-0.932127,-0.963823,SYR,CAN,0484
3361,216,39,696,1997.0,882296.0,88417.0,0.216402,1.366618,THA,CAN,0484
3362,218,39,696,1997.0,0.0,8253.0,0.30748000000000003,-0.136261,TKL,CAN,0484
3363,222,39,696,1997.0,17535.0,87524.0,0.051947,-0.405412,TTO,CAN,0484
3364,223,39,696,1997.0,1710.0,0.0,-0.187276,-0.21877600000000003,TUN,CAN,0484
3365,224,39,696,1997.0,379548.0,0.0,0.154428,1.7573880000000002,TUR,CAN,0484
3366,226,39,696,1997.0,0.0,1741.0,-1.243443,-0.537161,TZA,CAN,0484
3367,228,39,696,1997.0,0.0,1824.0,0.7384539999999999,1.096947,UKR,CAN,0484
3368,231,39,696,1997.0,294809152.0,338538016.0,1.875847,0.46257299999999996,USA,CAN,0484
3369,234,39,696,1997.0,0.0,18893.0,0.059354,-0.545099,VCT,CAN,0484
3370,236,39,696,1997.0,0.0,95249.0,-0.137776,-0.750744,VEN,CAN,0484
3371,239,39,696,1997.0,587283.0,0.0,-0.67516,0.251436,VNM,CAN,0484
3372,246,39,696,1997.0,35965.0,1692.0,0.29381199999999996,1.276557,ZAF,CAN,0484
3373,249,39,696,1997.0,1418460.0,158852.0,1.557128,1.434424,TWN,CAN,0484
3374,250,39,696,1997.0,496243.0,0.0,1.004537,0.782725,ANS,CAN,0484
3375,5,41,696,1997.0,0.0,12705.0,1.097696,0.751235,AND,CHE,0484
3376,6,41,696,1997.0,0.0,11493.0,-0.027541000000000003,-0.56389,ANT,CHE,0484
3377,7,41,696,1997.0,0.0,178030.0,-0.317351,-0.8786510000000001,ARE,CHE,0484
3378,8,41,696,1997.0,0.0,115762.0,0.072589,0.965456,ARG,CHE,0484
3379,9,41,696,1997.0,0.0,1859.0,0.818788,0.226075,ARM,CHE,0484
3380,14,41,696,1997.0,0.0,90473.0,-0.033861,0.647668,AUS,CHE,0484
3381,15,41,696,1997.0,7023014.0,4488312.0,1.904005,0.445169,AUT,CHE,0484
3382,18,41,696,1997.0,2939356.0,1869399.0,1.470183,1.312167,BEL,CHE,0484
3383,19,41,696,1997.0,0.0,1230.0,-1.357169,-1.089711,BEN,CHE,0484
3384,24,41,696,1997.0,0.0,112217.0,-0.44965,-1.035584,BHR,CHE,0484
3385,26,41,696,1997.0,0.0,1911.0,0.517231,0.321515,BIH,CHE,0484
3386,32,41,696,1997.0,0.0,1345900.0,0.805759,1.249182,BRA,CHE,0484
3387,34,41,696,1997.0,0.0,8639.0,-0.443665,-0.825732,BRN,CHE,0484
3388,39,41,696,1997.0,66125.0,763994.0,0.928586,1.3413389999999998,CAN,CHE,0484
3389,43,41,696,1997.0,442590.0,21732.0,0.380294,2.389738,CHN,CHE,0484
3390,49,41,696,1997.0,0.0,8727.0,0.023456,0.057771,COL,CHE,0484
3391,58,41,696,1997.0,0.0,30056.0,0.45144700000000004,0.46707600000000005,CYP,CHE,0484
3392,59,41,696,1997.0,9622.0,7834.0,1.450452,1.031814,CZE,CHE,0484
3393,61,41,696,1997.0,30967950.0,21096486.0,2.360316,-2.655514,DEU,CHE,0484
3394,64,41,696,1997.0,1632732.0,612614.0,1.422606,1.395373,DNK,CHE,0484
3395,65,41,696,1997.0,1132.0,10074.0,-0.5140170000000001,-0.564107,DOM,CHE,0484
3396,71,41,696,1997.0,3216297.0,308348.0,1.068989,1.9429439999999998,ESP,CHE,0484
3397,74,41,696,1997.0,107802.0,73501.0,1.991377,1.047477,FIN,CHE,0484
3398,77,41,696,1997.0,16124679.0,16452688.0,1.6737630000000001,0.7499439999999999,FRA,CHE,0484
3399,81,41,696,1997.0,5485218.0,4031116.0,1.9742490000000001,0.7046359999999999,GBR,CHE,0484
3400,82,41,696,1997.0,0.0,8594.0,0.347408,0.106341,GEO,CHE,0484
3401,90,41,696,1997.0,150136.0,171072.0,0.225904,1.291959,GRC,CHE,0484
3402,97,41,696,1997.0,15168.0,257986.0,0.475945,1.7576919999999998,HKG,CHE,0484
3403,100,41,696,1997.0,64313.0,89710.0,0.61283,1.321775,HRV,CHE,0484
3404,102,41,696,1997.0,155201.0,6409.0,0.9121799999999999,1.55321,HUN,CHE,0484
3405,103,41,696,1997.0,6671.0,9834.0,-0.21049600000000002,1.318692,IDN,CHE,0484
3406,106,41,696,1997.0,2729.0,30458.0,1.579974,1.018361,IRL,CHE,0484
3407,107,41,696,1997.0,4518.0,0.0,-0.8911190000000001,-1.085849,IRN,CHE,0484
3408,110,41,696,1997.0,38555.0,371176.0,1.404901,1.072135,ISR,CHE,0484
3409,111,41,696,1997.0,22029482.0,4777426.0,1.596917,0.8313959999999999,ITA,CHE,0484
3410,113,41,696,1997.0,0.0,22652.0,0.641787,0.484512,JOR,CHE,0484
3411,114,41,696,1997.0,125725.0,1876474.0,2.771316,0.545821,JPN,CHE,0484
3412,121,41,696,1997.0,0.0,16995.0,1.2642,1.164231,KOR,CHE,0484
3413,122,41,696,1997.0,0.0,260155.0,-1.0192139999999998,-1.193627,KWT,CHE,0484
3414,124,41,696,1997.0,5572.0,8792.0,0.28229299999999996,1.0650549999999999,LBN,CHE,0484
3415,128,41,696,1997.0,28308.0,0.0,-0.6467470000000001,-0.27831300000000003,LKA,CHE,0484
3416,130,41,696,1997.0,0.0,210283.0,0.360579,1.382816,LTU,CHE,0484
3417,134,41,696,1997.0,2155.0,25077.0,-0.635337,-0.336298,MAR,CHE,0484
3418,136,41,696,1997.0,0.0,17913.0,-1.090898,-0.605175,MDG,CHE,0484
3419,138,41,696,1997.0,0.0,3433.0,0.7735350000000001,0.9161590000000001,MEX,CHE,0484
3420,140,41,696,1997.0,0.0,7091.0,0.297389,0.735171,MKD,CHE,0484
3421,142,41,696,1997.0,0.0,8919.0,1.1063180000000001,0.377209,MLT,CHE,0484
3422,153,41,696,1997.0,35578.0,45456.0,0.526754,0.33065700000000003,MYS,CHE,0484
3423,162,41,696,1997.0,10031121.0,266170.0,1.327106,1.520932,NLD,CHE,0484
3424,163,41,696,1997.0,11134.0,567410.0,0.857735,0.061844,NOR,CHE,0484
3425,168,41,696,1997.0,0.0,1689.0,-0.844282,-0.602616,PAK,CHE,0484
3426,169,41,696,1997.0,0.0,1355.0,0.0038,0.036532999999999996,PAN,CHE,0484
3427,173,41,696,1997.0,0.0,6604.0,-0.603019,-0.365845,PER,CHE,0484
3428,174,41,696,1997.0,6299.0,109770.0,0.044834,0.024782,PHL,CHE,0484
3429,177,41,696,1997.0,301344.0,15265.0,0.8447319999999999,2.000241,POL,CHE,0484
3430,179,41,696,1997.0,223313.0,238489.0,0.496633,1.025231,PRT,CHE,0484
3431,182,41,696,1997.0,0.0,4380.0,0.431432,-0.5432020000000001,PYF,CHE,0484
3432,183,41,696,1997.0,0.0,75004.0,-1.1276760000000001,-1.233235,QAT,CHE,0484
3433,186,41,696,1997.0,0.0,469856.0,0.572773,0.375446,RUS,CHE,0484
3434,188,41,696,1997.0,0.0,101638.0,-0.300809,-1.0455,SAU,CHE,0484
3435,189,41,696,1997.0,6343.0,0.0,0.626724,1.7948549999999999,SCG,CHE,0484
3436,192,41,696,1997.0,18635.0,246102.0,1.1946700000000001,0.30503600000000003,SGP,CHE,0484
3437,207,41,696,1997.0,0.0,12006.0,1.449492,1.253379,SVN,CHE,0484
3438,208,41,696,1997.0,1589305.0,487510.0,2.0806709999999997,0.9541219999999999,SWE,CHE,0484
3439,216,41,696,1997.0,33777.0,11380.0,0.216402,1.366618,THA,CHE,0484
3440,223,41,696,1997.0,6119.0,7699.0,-0.187276,-0.21877600000000003,TUN,CHE,0484
3441,224,41,696,1997.0,37771.0,12166.0,0.154428,1.7573880000000002,TUR,CHE,0484
3442,228,41,696,1997.0,0.0,25103.0,0.7384539999999999,1.096947,UKR,CHE,0484
3443,231,41,696,1997.0,839279.0,3909096.0,1.875847,0.46257299999999996,USA,CHE,0484
3444,236,41,696,1997.0,0.0,3288.0,-0.137776,-0.750744,VEN,CHE,0484
3445,239,41,696,1997.0,3709.0,0.0,-0.67516,0.251436,VNM,CHE,0484
3446,246,41,696,1997.0,0.0,14527.0,0.29381199999999996,1.276557,ZAF,CHE,0484
3447,249,41,696,1997.0,0.0,45976.0,1.557128,1.434424,TWN,CHE,0484
3448,250,41,696,1997.0,5375.0,0.0,1.004537,0.782725,ANS,CHE,0484
3449,6,42,696,1997.0,0.0,46707.0,-0.027541000000000003,-0.56389,ANT,CHL,0484
3450,8,42,696,1997.0,5325048.0,166314.0,0.072589,0.965456,ARG,CHL,0484
3451,14,42,696,1997.0,1339.0,3616.0,-0.033861,0.647668,AUS,CHL,0484
3452,15,42,696,1997.0,2812.0,0.0,1.904005,0.445169,AUT,CHL,0484
3453,18,42,696,1997.0,24703.0,0.0,1.470183,1.312167,BEL,CHL,0484
3454,31,42,696,1997.0,0.0,1665220.0,-0.765684,-0.796686,BOL,CHL,0484
3455,32,42,696,1997.0,268879.0,2122277.0,0.805759,1.249182,BRA,CHL,0484
3456,39,42,696,1997.0,48654.0,1725.0,0.928586,1.3413389999999998,CAN,CHL,0484
3457,43,42,696,1997.0,0.0,5450.0,0.380294,2.389738,CHN,CHL,0484
3458,49,42,696,1997.0,10301.0,2999462.0,0.023456,0.057771,COL,CHL,0484
3459,52,42,696,1997.0,0.0,241077.0,-0.158667,0.204758,CRI,CHL,0484
3460,54,42,696,1997.0,0.0,327675.0,-0.793234,-1.169625,CUB,CHL,0484
3461,61,42,696,1997.0,470262.0,0.0,2.360316,-2.655514,DEU,CHL,0484
3462,64,42,696,1997.0,523104.0,0.0,1.422606,1.395373,DNK,CHL,0484
3463,65,42,696,1997.0,0.0,169761.0,-0.5140170000000001,-0.564107,DOM,CHL,0484
3464,67,42,696,1997.0,0.0,1061473.0,-1.124002,-1.0084549999999999,ECU,CHL,0484
3465,71,42,696,1997.0,707441.0,0.0,1.068989,1.9429439999999998,ESP,CHL,0484
3466,77,42,696,1997.0,25870.0,0.0,1.6737630000000001,0.7499439999999999,FRA,CHL,0484
3467,81,42,696,1997.0,272169.0,0.0,1.9742490000000001,0.7046359999999999,GBR,CHL,0484
3468,90,42,696,1997.0,49360.0,0.0,0.225904,1.291959,GRC,CHL,0484
3469,93,42,696,1997.0,0.0,160112.0,-0.17965,0.23698200000000003,GTM,CHL,0484
3470,99,42,696,1997.0,0.0,35097.0,-0.7449319999999999,-0.50008,HND,CHL,0484
3471,101,42,696,1997.0,0.0,107328.0,-0.6864100000000001,-0.687077,HTI,CHL,0484
3472,104,42,696,1997.0,12502.0,0.0,0.150788,2.027932,IND,CHL,0484
3473,110,42,696,1997.0,23786.0,0.0,1.404901,1.072135,ISR,CHL,0484
3474,111,42,696,1997.0,133295.0,0.0,1.596917,0.8313959999999999,ITA,CHL,0484
3475,114,42,696,1997.0,1665.0,0.0,2.771316,0.545821,JPN,CHL,0484
3476,121,42,696,1997.0,23665.0,37921.0,1.2642,1.164231,KOR,CHL,0484
3477,138,42,696,1997.0,17763.0,19807.0,0.7735350000000001,0.9161590000000001,MEX,CHL,0484
3478,153,42,696,1997.0,44980.0,0.0,0.526754,0.33065700000000003,MYS,CHL,0484
3479,160,42,696,1997.0,0.0,12597.0,-0.699387,-0.460178,NIC,CHL,0484
3480,162,42,696,1997.0,14246.0,10832.0,1.327106,1.520932,NLD,CHL,0484
3481,169,42,696,1997.0,0.0,91933.0,0.0038,0.036532999999999996,PAN,CHL,0484
3482,173,42,696,1997.0,17256.0,1831874.0,-0.603019,-0.365845,PER,CHL,0484
3483,176,42,696,1997.0,0.0,249549.0,-1.960463,-1.270168,PNG,CHL,0484
3484,180,42,696,1997.0,0.0,603586.0,-0.6051380000000001,-0.708271,PRY,CHL,0484
3485,182,42,696,1997.0,0.0,267819.0,0.431432,-0.5432020000000001,PYF,CHL,0484
3486,186,42,696,1997.0,0.0,20672.0,0.572773,0.375446,RUS,CHL,0484
3487,192,42,696,1997.0,173485.0,0.0,1.1946700000000001,0.30503600000000003,SGP,CHL,0484
3488,197,42,696,1997.0,0.0,178022.0,-0.069039,-0.094938,SLV,CHL,0484
3489,205,42,696,1997.0,0.0,15321.0,-1.125928,-0.980981,SUR,CHL,0484
3490,208,42,696,1997.0,0.0,14060.0,2.0806709999999997,0.9541219999999999,SWE,CHL,0484
3491,216,42,696,1997.0,0.0,79188.0,0.216402,1.366618,THA,CHL,0484
3492,230,42,696,1997.0,22324.0,78660.0,0.080024,0.669226,URY,CHL,0484
3493,231,42,696,1997.0,852212.0,618169.0,1.875847,0.46257299999999996,USA,CHL,0484
3494,236,42,696,1997.0,19392.0,109014.0,-0.137776,-0.750744,VEN,CHL,0484
3495,246,42,696,1997.0,3715.0,0.0,0.29381199999999996,1.276557,ZAF,CHL,0484
3496,249,42,696,1997.0,4340.0,585092.0,1.557128,1.434424,TWN,CHL,0484
3497,250,42,696,1997.0,6183.0,226335.0,1.004537,0.782725,ANS,CHL,0484
3498,7,59,696,1997.0,0.0,16317.0,-0.317351,-0.8786510000000001,ARE,CZE,0484
3499,15,59,696,1997.0,2213443.0,1536153.0,1.904005,0.445169,AUT,CZE,0484
3500,18,59,696,1997.0,3461933.0,474255.0,1.470183,1.312167,BEL,CZE,0484
3501,26,59,696,1997.0,0.0,323799.0,0.517231,0.321515,BIH,CZE,0484
3502,28,59,696,1997.0,0.0,269791.0,0.716832,0.706486,BLR,CZE,0484
3503,39,59,696,1997.0,10203.0,2275.0,0.928586,1.3413389999999998,CAN,CZE,0484
3504,41,59,696,1997.0,7834.0,9622.0,2.327788,0.682804,CHE,CZE,0484
3505,61,59,696,1997.0,4771469.0,1694840.0,2.360316,-2.655514,DEU,CZE,0484
3506,64,59,696,1997.0,275666.0,0.0,1.422606,1.395373,DNK,CZE,0484
3507,71,59,696,1997.0,424732.0,0.0,1.068989,1.9429439999999998,ESP,CZE,0484
3508,72,59,696,1997.0,0.0,116324.0,0.45792,1.148099,EST,CZE,0484
3509,73,59,696,1997.0,10327.0,0.0,-1.141928,-1.187119,ETH,CZE,0484
3510,74,59,696,1997.0,108029.0,17102.0,1.991377,1.047477,FIN,CZE,0484
3511,77,59,696,1997.0,2016876.0,13186.0,1.6737630000000001,0.7499439999999999,FRA,CZE,0484
3512,81,59,696,1997.0,1638331.0,66214.0,1.9742490000000001,0.7046359999999999,GBR,CZE,0484
3513,82,59,696,1997.0,0.0,4729.0,0.347408,0.106341,GEO,CZE,0484
3514,90,59,696,1997.0,122375.0,2694.0,0.225904,1.291959,GRC,CZE,0484
3515,97,59,696,1997.0,1802.0,0.0,0.475945,1.7576919999999998,HKG,CZE,0484
3516,100,59,696,1997.0,397129.0,52453.0,0.61283,1.321775,HRV,CZE,0484
3517,102,59,696,1997.0,2937942.0,2662581.0,0.9121799999999999,1.55321,HUN,CZE,0484
3518,106,59,696,1997.0,0.0,28473.0,1.579974,1.018361,IRL,CZE,0484
3519,110,59,696,1997.0,2963.0,0.0,1.404901,1.072135,ISR,CZE,0484
3520,111,59,696,1997.0,5367943.0,44634.0,1.596917,0.8313959999999999,ITA,CZE,0484
3521,115,59,696,1997.0,0.0,31084.0,0.302596,-0.028221,KAZ,CZE,0484
3522,130,59,696,1997.0,0.0,911099.0,0.360579,1.382816,LTU,CZE,0484
3523,132,59,696,1997.0,0.0,232250.0,0.332958,0.51665,LVA,CZE,0484
3524,135,59,696,1997.0,0.0,101354.0,0.14225,-0.250556,MDA,CZE,0484
3525,145,59,696,1997.0,0.0,890848.0,-0.569797,-0.9604370000000001,MNG,CZE,0484
3526,148,59,696,1997.0,0.0,8446.0,-1.730246,-1.3439969999999999,MRT,CZE,0484
3527,162,59,696,1997.0,1598278.0,266765.0,1.327106,1.520932,NLD,CZE,0484
3528,163,59,696,1997.0,11378.0,3200.0,0.857735,0.061844,NOR,CZE,0484
3529,177,59,696,1997.0,2946002.0,4851956.0,0.8447319999999999,2.000241,POL,CZE,0484
3530,185,59,696,1997.0,0.0,55943.0,0.666251,1.31932,ROU,CZE,0484
3531,186,59,696,1997.0,269172.0,5315506.0,0.572773,0.375446,RUS,CZE,0484
3532,188,59,696,1997.0,0.0,1329450.0,-0.300809,-1.0455,SAU,CZE,0484
3533,189,59,696,1997.0,0.0,30888.0,0.626724,1.7948549999999999,SCG,CZE,0484
3534,196,59,696,1997.0,0.0,10981.0,-0.279858,-0.632066,SLE,CZE,0484
3535,206,59,696,1997.0,10980459.0,19923832.0,1.265691,1.368739,SVK,CZE,0484
3536,207,59,696,1997.0,119108.0,97867.0,1.449492,1.253379,SVN,CZE,0484
3537,208,59,696,1997.0,342038.0,46987.0,2.0806709999999997,0.9541219999999999,SWE,CZE,0484
3538,216,59,696,1997.0,16455.0,0.0,0.216402,1.366618,THA,CZE,0484
3539,219,59,696,1997.0,0.0,8263.0,-0.580361,-1.071587,TKM,CZE,0484
3540,224,59,696,1997.0,727622.0,0.0,0.154428,1.7573880000000002,TUR,CZE,0484
3541,228,59,696,1997.0,26349.0,490465.0,0.7384539999999999,1.096947,UKR,CZE,0484
3542,231,59,696,1997.0,44191.0,20145.0,1.875847,0.46257299999999996,USA,CZE,0484
3543,239,59,696,1997.0,3478.0,0.0,-0.67516,0.251436,VNM,CZE,0484
3544,246,59,696,1997.0,0.0,2418.0,0.29381199999999996,1.276557,ZAF,CZE,0484
3545,250,59,696,1997.0,175711.0,289294.0,1.004537,0.782725,ANS,CZE,0484
3546,7,66,696,1997.0,17962.0,0.0,-0.317351,-0.8786510000000001,ARE,DZA,0484
3547,18,66,696,1997.0,14973.0,0.0,1.470183,1.312167,BEL,DZA,0484
3548,61,66,696,1997.0,128534.0,0.0,2.360316,-2.655514,DEU,DZA,0484
3549,68,66,696,1997.0,422586.0,0.0,-0.34861,0.005477,EGY,DZA,0484
3550,71,66,696,1997.0,608272.0,6527.0,1.068989,1.9429439999999998,ESP,DZA,0484
3551,77,66,696,1997.0,342039.0,0.0,1.6737630000000001,0.7499439999999999,FRA,DZA,0484
3552,111,66,696,1997.0,124582.0,0.0,1.596917,0.8313959999999999,ITA,DZA,0484
3553,162,66,696,1997.0,5670.0,0.0,1.327106,1.520932,NLD,DZA,0484
3554,186,66,696,1997.0,0.0,52286.0,0.572773,0.375446,RUS,DZA,0484
3555,223,66,696,1997.0,2344.0,0.0,-0.187276,-0.21877600000000003,TUN,DZA,0484
3556,224,66,696,1997.0,87636.0,0.0,0.154428,1.7573880000000002,TUR,DZA,0484
3557,231,66,696,1997.0,141649.0,0.0,1.875847,0.46257299999999996,USA,DZA,0484
3558,7,68,696,1997.0,0.0,134678.0,-0.317351,-0.8786510000000001,ARE,EGY,0484
3559,14,68,696,1997.0,10679.0,27567.0,-0.033861,0.647668,AUS,EGY,0484
3560,15,68,696,1997.0,7475.0,0.0,1.904005,0.445169,AUT,EGY,0484
3561,18,68,696,1997.0,40882.0,0.0,1.470183,1.312167,BEL,EGY,0484
3562,19,68,696,1997.0,0.0,9931.0,-1.357169,-1.089711,BEN,EGY,0484
3563,39,68,696,1997.0,32757.0,8720.0,0.928586,1.3413389999999998,CAN,EGY,0484
3564,58,68,696,1997.0,0.0,5223.0,0.45144700000000004,0.46707600000000005,CYP,EGY,0484
3565,61,68,696,1997.0,103560.0,1095.0,2.360316,-2.655514,DEU,EGY,0484
3566,64,68,696,1997.0,85283.0,2147.0,1.422606,1.395373,DNK,EGY,0484
3567,66,68,696,1997.0,0.0,422586.0,-0.8557879999999999,-1.150101,DZA,EGY,0484
3568,71,68,696,1997.0,60792.0,0.0,1.068989,1.9429439999999998,ESP,EGY,0484
3569,77,68,696,1997.0,237783.0,0.0,1.6737630000000001,0.7499439999999999,FRA,EGY,0484
3570,80,68,696,1997.0,0.0,4251.0,-1.277642,-1.178244,GAB,EGY,0484
3571,81,68,696,1997.0,653950.0,16543.0,1.9742490000000001,0.7046359999999999,GBR,EGY,0484
3572,90,68,696,1997.0,40729.0,0.0,0.225904,1.291959,GRC,EGY,0484
3573,110,68,696,1997.0,0.0,214872.0,1.404901,1.072135,ISR,EGY,0484
3574,111,68,696,1997.0,342333.0,3697.0,1.596917,0.8313959999999999,ITA,EGY,0484
3575,113,68,696,1997.0,27866.0,77697.0,0.641787,0.484512,JOR,EGY,0484
3576,116,68,696,1997.0,0.0,5719.0,-0.363967,0.218183,KEN,EGY,0484
3577,121,68,696,1997.0,0.0,12823.0,1.2642,1.164231,KOR,EGY,0484
3578,122,68,696,1997.0,0.0,556293.0,-1.0192139999999998,-1.193627,KWT,EGY,0484
3579,124,68,696,1997.0,0.0,359289.0,0.28229299999999996,1.0650549999999999,LBN,EGY,0484
3580,126,68,696,1997.0,0.0,139444.0,-0.662351,-1.1515309999999999,LBY,EGY,0484
3581,128,68,696,1997.0,4621.0,0.0,-0.6467470000000001,-0.27831300000000003,LKA,EGY,0484
3582,134,68,696,1997.0,0.0,14368.0,-0.635337,-0.336298,MAR,EGY,0484
3583,136,68,696,1997.0,0.0,1138.0,-1.090898,-0.605175,MDG,EGY,0484
3584,153,68,696,1997.0,24620.0,0.0,0.526754,0.33065700000000003,MYS,EGY,0484
3585,162,68,696,1997.0,110004.0,0.0,1.327106,1.520932,NLD,EGY,0484
3586,163,68,696,1997.0,5069.0,0.0,0.857735,0.061844,NOR,EGY,0484
3587,167,68,696,1997.0,0.0,177724.0,-0.233342,-0.9922049999999999,OMN,EGY,0484
3588,183,68,696,1997.0,0.0,19021.0,-1.1276760000000001,-1.233235,QAT,EGY,0484
3589,185,68,696,1997.0,1775.0,7062.0,0.666251,1.31932,ROU,EGY,0484
3590,186,68,696,1997.0,0.0,77295.0,0.572773,0.375446,RUS,EGY,0484
3591,188,68,696,1997.0,138617.0,683386.0,-0.300809,-1.0455,SAU,EGY,0484
3592,192,68,696,1997.0,26262.0,0.0,1.1946700000000001,0.30503600000000003,SGP,EGY,0484
3593,206,68,696,1997.0,0.0,4224.0,1.265691,1.368739,SVK,EGY,0484
3594,208,68,696,1997.0,0.0,1112.0,2.0806709999999997,0.9541219999999999,SWE,EGY,0484
3595,223,68,696,1997.0,36697.0,0.0,-0.187276,-0.21877600000000003,TUN,EGY,0484
3596,224,68,696,1997.0,55215.0,0.0,0.154428,1.7573880000000002,TUR,EGY,0484
3597,227,68,696,1997.0,0.0,3275.0,-1.175585,-1.017807,UGA,EGY,0484
3598,228,68,696,1997.0,0.0,13544.0,0.7384539999999999,1.096947,UKR,EGY,0484
3599,231,68,696,1997.0,102914.0,36416.0,1.875847,0.46257299999999996,USA,EGY,0484
3600,243,68,696,1997.0,0.0,81464.0,-1.665484,-1.292243,YEM,EGY,0484
3601,247,68,696,1997.0,0.0,279657.0,-0.8659309999999999,-0.88536,ZMB,EGY,0484
3602,250,68,696,1997.0,114582.0,30273.0,1.004537,0.782725,ANS,EGY,0484
3603,1,72,696,1997.0,32308.0,0.0,-0.111577,-0.408047,AFG,EST,0484
3604,15,72,696,1997.0,149417.0,0.0,1.904005,0.445169,AUT,EST,0484
3605,18,72,696,1997.0,1282031.0,0.0,1.470183,1.312167,BEL,EST,0484
3606,25,72,696,1997.0,0.0,6342.0,0.82352,-0.091626,BHS,EST,0484
3607,28,72,696,1997.0,0.0,89594.0,0.716832,0.706486,BLR,EST,0484
3608,59,72,696,1997.0,116324.0,0.0,1.450452,1.031814,CZE,EST,0484
3609,61,72,696,1997.0,1769327.0,4754.0,2.360316,-2.655514,DEU,EST,0484
3610,64,72,696,1997.0,425133.0,0.0,1.422606,1.395373,DNK,EST,0484
3611,67,72,696,1997.0,10061.0,0.0,-1.124002,-1.0084549999999999,ECU,EST,0484
3612,71,72,696,1997.0,48041.0,0.0,1.068989,1.9429439999999998,ESP,EST,0484
3613,74,72,696,1997.0,3975652.0,40143.0,1.991377,1.047477,FIN,EST,0484
3614,77,72,696,1997.0,349811.0,0.0,1.6737630000000001,0.7499439999999999,FRA,EST,0484
3615,81,72,696,1997.0,4023085.0,159932.0,1.9742490000000001,0.7046359999999999,GBR,EST,0484
3616,82,72,696,1997.0,0.0,9968.0,0.347408,0.106341,GEO,EST,0484
3617,100,72,696,1997.0,7515.0,0.0,0.61283,1.321775,HRV,EST,0484
3618,102,72,696,1997.0,15297.0,0.0,0.9121799999999999,1.55321,HUN,EST,0484
3619,111,72,696,1997.0,77178.0,0.0,1.596917,0.8313959999999999,ITA,EST,0484
3620,117,72,696,1997.0,0.0,16498.0,0.063303,-0.014279,KGZ,EST,0484
3621,121,72,696,1997.0,28211.0,0.0,1.2642,1.164231,KOR,EST,0484
3622,130,72,696,1997.0,167871.0,19609.0,0.360579,1.382816,LTU,EST,0484
3623,132,72,696,1997.0,82259.0,102244.0,0.332958,0.51665,LVA,EST,0484
3624,145,72,696,1997.0,0.0,27383.0,-0.569797,-0.9604370000000001,MNG,EST,0484
3625,162,72,696,1997.0,438382.0,0.0,1.327106,1.520932,NLD,EST,0484
3626,163,72,696,1997.0,98539.0,0.0,0.857735,0.061844,NOR,EST,0484
3627,169,72,696,1997.0,0.0,2983.0,0.0038,0.036532999999999996,PAN,EST,0484
3628,177,72,696,1997.0,700341.0,174538.0,0.8447319999999999,2.000241,POL,EST,0484
3629,179,72,696,1997.0,84170.0,0.0,0.496633,1.025231,PRT,EST,0484
3630,186,72,696,1997.0,966020.0,657180.0,0.572773,0.375446,RUS,EST,0484
3631,208,72,696,1997.0,198386.0,31577.0,2.0806709999999997,0.9541219999999999,SWE,EST,0484
3632,224,72,696,1997.0,187607.0,0.0,0.154428,1.7573880000000002,TUR,EST,0484
3633,228,72,696,1997.0,20232.0,310109.0,0.7384539999999999,1.096947,UKR,EST,0484
3634,231,72,696,1997.0,190327.0,0.0,1.875847,0.46257299999999996,USA,EST,0484
3635,246,72,696,1997.0,2841.0,0.0,0.29381199999999996,1.276557,ZAF,EST,0484
3636,7,87,696,1997.0,97539.0,0.0,-0.317351,-0.8786510000000001,ARE,GMB,0484
3637,18,87,696,1997.0,3441.0,0.0,1.470183,1.312167,BEL,GMB,0484
3638,32,87,696,1997.0,17722.0,0.0,0.805759,1.249182,BRA,GMB,0484
3639,44,87,696,1997.0,52104.0,0.0,-0.647407,-0.603726,CIV,GMB,0484
3640,61,87,696,1997.0,9056.0,0.0,2.360316,-2.655514,DEU,GMB,0484
3641,64,87,696,1997.0,30716.0,0.0,1.422606,1.395373,DNK,GMB,0484
3642,71,87,696,1997.0,1242.0,0.0,1.068989,1.9429439999999998,ESP,GMB,0484
3643,77,87,696,1997.0,3870.0,0.0,1.6737630000000001,0.7499439999999999,FRA,GMB,0484
3644,81,87,696,1997.0,81472.0,0.0,1.9742490000000001,0.7046359999999999,GBR,GMB,0484
3645,83,87,696,1997.0,6125.0,0.0,-1.03989,-0.979039,GHA,GMB,0484
3646,88,87,696,1997.0,0.0,26733.0,-1.8178439999999998,-1.023784,GNB,GMB,0484
3647,104,87,696,1997.0,21692.0,0.0,0.150788,2.027932,IND,GMB,0484
3648,111,87,696,1997.0,4700.0,0.0,1.596917,0.8313959999999999,ITA,GMB,0484
3649,124,87,696,1997.0,1672.0,0.0,0.28229299999999996,1.0650549999999999,LBN,GMB,0484
3650,153,87,696,1997.0,2218.0,0.0,0.526754,0.33065700000000003,MYS,GMB,0484
3651,162,87,696,1997.0,19021.0,0.0,1.327106,1.520932,NLD,GMB,0484
3652,179,87,696,1997.0,5384.0,0.0,0.496633,1.025231,PRT,GMB,0484
3653,188,87,696,1997.0,109866.0,0.0,-0.300809,-1.0455,SAU,GMB,0484
3654,224,87,696,1997.0,8392.0,0.0,0.154428,1.7573880000000002,TUR,GMB,0484
3655,231,87,696,1997.0,11997.0,0.0,1.875847,0.46257299999999996,USA,GMB,0484
3656,4,102,696,1997.0,0.0,7509.0,-0.375654,-0.124279,ALB,HUN,0484
3657,7,102,696,1997.0,0.0,17000.0,-0.317351,-0.8786510000000001,ARE,HUN,0484
3658,14,102,696,1997.0,0.0,18213.0,-0.033861,0.647668,AUS,HUN,0484
3659,15,102,696,1997.0,1322653.0,1682874.0,1.904005,0.445169,AUT,HUN,0484
3660,18,102,696,1997.0,1991208.0,126221.0,1.470183,1.312167,BEL,HUN,0484
3661,23,102,696,1997.0,10885.0,552570.0,0.523226,1.4133959999999999,BGR,HUN,0484
3662,24,102,696,1997.0,0.0,60000.0,-0.44965,-1.035584,BHR,HUN,0484
3663,26,102,696,1997.0,0.0,166000.0,0.517231,0.321515,BIH,HUN,0484
3664,28,102,696,1997.0,0.0,16000.0,0.716832,0.706486,BLR,HUN,0484
3665,31,102,696,1997.0,0.0,3618.0,-0.765684,-0.796686,BOL,HUN,0484
3666,39,102,696,1997.0,9015.0,8358.0,0.928586,1.3413389999999998,CAN,HUN,0484
3667,41,102,696,1997.0,6409.0,155201.0,2.327788,0.682804,CHE,HUN,0484
3668,43,102,696,1997.0,2498.0,2562.0,0.380294,2.389738,CHN,HUN,0484
3669,58,102,696,1997.0,0.0,7800.0,0.45144700000000004,0.46707600000000005,CYP,HUN,0484
3670,59,102,696,1997.0,2662581.0,2937942.0,1.450452,1.031814,CZE,HUN,0484
3671,61,102,696,1997.0,2731638.0,1529906.0,2.360316,-2.655514,DEU,HUN,0484
3672,64,102,696,1997.0,24275.0,0.0,1.422606,1.395373,DNK,HUN,0484
3673,71,102,696,1997.0,94143.0,40531.0,1.068989,1.9429439999999998,ESP,HUN,0484
3674,72,102,696,1997.0,0.0,15297.0,0.45792,1.148099,EST,HUN,0484
3675,74,102,696,1997.0,2266.0,0.0,1.991377,1.047477,FIN,HUN,0484
3676,77,102,696,1997.0,95209.0,0.0,1.6737630000000001,0.7499439999999999,FRA,HUN,0484
3677,81,102,696,1997.0,689536.0,86170.0,1.9742490000000001,0.7046359999999999,GBR,HUN,0484
3678,90,102,696,1997.0,21753.0,23920.0,0.225904,1.291959,GRC,HUN,0484
3679,97,102,696,1997.0,0.0,49082.0,0.475945,1.7576919999999998,HKG,HUN,0484
3680,100,102,696,1997.0,0.0,678367.0,0.61283,1.321775,HRV,HUN,0484
3681,103,102,696,1997.0,22996.0,0.0,-0.21049600000000002,1.318692,IDN,HUN,0484
3682,106,102,696,1997.0,0.0,10963.0,1.579974,1.018361,IRL,HUN,0484
3683,107,102,696,1997.0,3959.0,0.0,-0.8911190000000001,-1.085849,IRN,HUN,0484
3684,110,102,696,1997.0,137982.0,0.0,1.404901,1.072135,ISR,HUN,0484
3685,111,102,696,1997.0,2415024.0,11406.0,1.596917,0.8313959999999999,ITA,HUN,0484
3686,115,102,696,1997.0,0.0,32381.0,0.302596,-0.028221,KAZ,HUN,0484
3687,121,102,696,1997.0,48820.0,26650.0,1.2642,1.164231,KOR,HUN,0484
3688,122,102,696,1997.0,0.0,7000.0,-1.0192139999999998,-1.193627,KWT,HUN,0484
3689,124,102,696,1997.0,0.0,7996.0,0.28229299999999996,1.0650549999999999,LBN,HUN,0484
3690,126,102,696,1997.0,0.0,17000.0,-0.662351,-1.1515309999999999,LBY,HUN,0484
3691,130,102,696,1997.0,0.0,3189.0,0.360579,1.382816,LTU,HUN,0484
3692,132,102,696,1997.0,8047.0,11728.0,0.332958,0.51665,LVA,HUN,0484
3693,135,102,696,1997.0,0.0,11856.0,0.14225,-0.250556,MDA,HUN,0484
3694,140,102,696,1997.0,0.0,19064.0,0.297389,0.735171,MKD,HUN,0484
3695,145,102,696,1997.0,0.0,102858.0,-0.569797,-0.9604370000000001,MNG,HUN,0484
3696,162,102,696,1997.0,865989.0,202710.0,1.327106,1.520932,NLD,HUN,0484
3697,163,102,696,1997.0,0.0,4175.0,0.857735,0.061844,NOR,HUN,0484
3698,177,102,696,1997.0,2246158.0,7401138.0,0.8447319999999999,2.000241,POL,HUN,0484
3699,179,102,696,1997.0,10096.0,52652.0,0.496633,1.025231,PRT,HUN,0484
3700,183,102,696,1997.0,0.0,11000.0,-1.1276760000000001,-1.233235,QAT,HUN,0484
3701,185,102,696,1997.0,14336.0,1406487.0,0.666251,1.31932,ROU,HUN,0484
3702,186,102,696,1997.0,306792.0,1058471.0,0.572773,0.375446,RUS,HUN,0484
3703,189,102,696,1997.0,0.0,715326.0,0.626724,1.7948549999999999,SCG,HUN,0484
3704,196,102,696,1997.0,0.0,10000.0,-0.279858,-0.632066,SLE,HUN,0484
3705,206,102,696,1997.0,543371.0,1754361.0,1.265691,1.368739,SVK,HUN,0484
3706,207,102,696,1997.0,0.0,277241.0,1.449492,1.253379,SVN,HUN,0484
3707,208,102,696,1997.0,68842.0,35367.0,2.0806709999999997,0.9541219999999999,SWE,HUN,0484
3708,224,102,696,1997.0,60635.0,0.0,0.154428,1.7573880000000002,TUR,HUN,0484
3709,228,102,696,1997.0,0.0,648821.0,0.7384539999999999,1.096947,UKR,HUN,0484
3710,231,102,696,1997.0,21344.0,80980.0,1.875847,0.46257299999999996,USA,HUN,0484
3711,232,102,696,1997.0,0.0,28000.0,-0.134113,-0.791415,UZB,HUN,0484
3712,249,102,696,1997.0,0.0,16608.0,1.557128,1.434424,TWN,HUN,0484
3713,2,104,696,1997.0,0.0,4347842.0,-1.800252,-1.237594,AGO,IND,0484
3714,7,104,696,1997.0,116143.0,260329.0,-0.317351,-0.8786510000000001,ARE,IND,0484
3715,14,104,696,1997.0,3103.0,149217.0,-0.033861,0.647668,AUS,IND,0484
3716,18,104,696,1997.0,13651.0,16311.0,1.470183,1.312167,BEL,IND,0484
3717,21,104,696,1997.0,0.0,11215.0,-0.329098,-0.885215,BFA,IND,0484
3718,22,104,696,1997.0,7504.0,7568.0,-0.638734,-0.895301,BGD,IND,0484
3719,24,104,696,1997.0,0.0,34372.0,-0.44965,-1.035584,BHR,IND,0484
3720,33,104,696,1997.0,0.0,5875.0,0.916416,0.490241,BRB,IND,0484
3721,35,104,696,1997.0,0.0,18417.0,0.337476,-0.47735299999999997,BTN,IND,0484
3722,39,104,696,1997.0,0.0,199311.0,0.928586,1.3413389999999998,CAN,IND,0484
3723,42,104,696,1997.0,0.0,12502.0,-0.06841799999999999,-0.21526199999999998,CHL,IND,0484
3724,43,104,696,1997.0,0.0,2670.0,0.380294,2.389738,CHN,IND,0484
3725,45,104,696,1997.0,0.0,4192.0,-1.0663340000000001,-1.047091,CMR,IND,0484
3726,46,104,696,1997.0,0.0,16282.0,-1.092385,-1.074017,COD,IND,0484
3727,47,104,696,1997.0,0.0,7749.0,-1.484108,-1.2106190000000001,COG,IND,0484
3728,61,104,696,1997.0,14676.0,47015.0,2.360316,-2.655514,DEU,IND,0484
3729,64,104,696,1997.0,41462.0,2316.0,1.422606,1.395373,DNK,IND,0484
3730,73,104,696,1997.0,0.0,2156.0,-1.141928,-1.187119,ETH,IND,0484
3731,75,104,696,1997.0,0.0,8891.0,-0.8839090000000001,-0.9493540000000001,FJI,IND,0484
3732,77,104,696,1997.0,44811.0,15390.0,1.6737630000000001,0.7499439999999999,FRA,IND,0484
3733,81,104,696,1997.0,49777.0,103310.0,1.9742490000000001,0.7046359999999999,GBR,IND,0484
3734,85,104,696,1997.0,0.0,23231.0,-1.223583,-1.14157,GIN,IND,0484
3735,87,104,696,1997.0,0.0,21692.0,-0.686094,-0.8130609999999999,GMB,IND,0484
3736,97,104,696,1997.0,0.0,1579.0,0.475945,1.7576919999999998,HKG,IND,0484
3737,103,104,696,1997.0,12322.0,24792.0,-0.21049600000000002,1.318692,IDN,IND,0484
3738,107,104,696,1997.0,0.0,9534.0,-0.8911190000000001,-1.085849,IRN,IND,0484
3739,110,104,696,1997.0,0.0,5549.0,1.404901,1.072135,ISR,IND,0484
3740,111,104,696,1997.0,3628.0,0.0,1.596917,0.8313959999999999,ITA,IND,0484
3741,114,104,696,1997.0,17689.0,0.0,2.771316,0.545821,JPN,IND,0484
3742,116,104,696,1997.0,0.0,40665.0,-0.363967,0.218183,KEN,IND,0484
3743,121,104,696,1997.0,333943.0,51930.0,1.2642,1.164231,KOR,IND,0484
3744,122,104,696,1997.0,0.0,32437.0,-1.0192139999999998,-1.193627,KWT,IND,0484
3745,125,104,696,1997.0,0.0,25849.0,-0.77544,-1.122642,LBR,IND,0484
3746,128,104,696,1997.0,44830.0,816278.0,-0.6467470000000001,-0.27831300000000003,LKA,IND,0484
3747,134,104,696,1997.0,0.0,1531.0,-0.635337,-0.336298,MAR,IND,0484
3748,136,104,696,1997.0,0.0,5448.0,-1.090898,-0.605175,MDG,IND,0484
3749,137,104,696,1997.0,0.0,1870.0,-1.0046620000000002,-1.0400340000000001,MDV,IND,0484
3750,138,104,696,1997.0,0.0,2040.0,0.7735350000000001,0.9161590000000001,MEX,IND,0484
3751,143,104,696,1997.0,0.0,152514.0,-1.222694,-0.9493,MMR,IND,0484
3752,147,104,696,1997.0,0.0,496795.0,-0.6075229999999999,-0.870957,MOZ,IND,0484
3753,151,104,696,1997.0,0.0,2855.0,-0.42358999999999997,-0.680841,MUS,IND,0484
3754,152,104,696,1997.0,0.0,18768.0,-1.167342,-1.086488,MWI,IND,0484
3755,153,104,696,1997.0,85702.0,9807.0,0.526754,0.33065700000000003,MYS,IND,0484
3756,159,104,696,1997.0,0.0,80666.0,-1.8354990000000002,-1.246493,NGA,IND,0484
3757,162,104,696,1997.0,209656.0,6339.0,1.327106,1.520932,NLD,IND,0484
3758,163,104,696,1997.0,78510.0,2471.0,0.857735,0.061844,NOR,IND,0484
3759,164,104,696,1997.0,903394.0,157625.0,-0.282115,-0.237121,NPL,IND,0484
3760,166,104,696,1997.0,0.0,13445.0,0.372052,0.764854,NZL,IND,0484
3761,167,104,696,1997.0,3630.0,241724.0,-0.233342,-0.9922049999999999,OMN,IND,0484
3762,177,104,696,1997.0,0.0,69817.0,0.8447319999999999,2.000241,POL,IND,0484
3763,180,104,696,1997.0,0.0,10305.0,-0.6051380000000001,-0.708271,PRY,IND,0484
3764,183,104,696,1997.0,0.0,1544.0,-1.1276760000000001,-1.233235,QAT,IND,0484
3765,186,104,696,1997.0,0.0,28928.0,0.572773,0.375446,RUS,IND,0484
3766,188,104,696,1997.0,0.0,55999.0,-0.300809,-1.0455,SAU,IND,0484
3767,191,104,696,1997.0,0.0,56788.0,-0.660837,-0.768874,SEN,IND,0484
3768,192,104,696,1997.0,95427.0,117434.0,1.1946700000000001,0.30503600000000003,SGP,IND,0484
3769,199,104,696,1997.0,0.0,16397.0,-0.66794,-0.8626299999999999,SOM,IND,0484
3770,211,104,696,1997.0,0.0,6122.0,-0.547613,-0.8543209999999999,SYC,IND,0484
3771,216,104,696,1997.0,13568.0,0.0,0.216402,1.366618,THA,IND,0484
3772,224,104,696,1997.0,11380.0,10397.0,0.154428,1.7573880000000002,TUR,IND,0484
3773,226,104,696,1997.0,0.0,8623.0,-1.243443,-0.537161,TZA,IND,0484
3774,227,104,696,1997.0,0.0,220865.0,-1.175585,-1.017807,UGA,IND,0484
3775,231,104,696,1997.0,54954.0,926348.0,1.875847,0.46257299999999996,USA,IND,0484
3776,246,104,696,1997.0,0.0,56541.0,0.29381199999999996,1.276557,ZAF,IND,0484
3777,247,104,696,1997.0,0.0,14776.0,-0.8659309999999999,-0.88536,ZMB,IND,0484
3778,249,104,696,1997.0,0.0,2356.0,1.557128,1.434424,TWN,IND,0484
3779,250,104,696,1997.0,0.0,1206.0,1.004537,0.782725,ANS,IND,0484
3780,1,107,696,1997.0,0.0,242766.0,-0.111577,-0.408047,AFG,IRN,0484
3781,7,107,696,1997.0,0.0,123657.0,-0.317351,-0.8786510000000001,ARE,IRN,0484
3782,9,107,696,1997.0,0.0,1147177.0,0.818788,0.226075,ARM,IRN,0484
3783,15,107,696,1997.0,0.0,15484.0,1.904005,0.445169,AUT,IRN,0484
3784,16,107,696,1997.0,0.0,10928785.0,0.28532199999999996,-0.00025299999999999997,AZE,IRN,0484
3785,24,107,696,1997.0,0.0,52171.0,-0.44965,-1.035584,BHR,IRN,0484
3786,26,107,696,1997.0,0.0,10130.0,0.517231,0.321515,BIH,IRN,0484
3787,39,107,696,1997.0,0.0,14353.0,0.928586,1.3413389999999998,CAN,IRN,0484
3788,41,107,696,1997.0,0.0,4518.0,2.327788,0.682804,CHE,IRN,0484
3789,61,107,696,1997.0,0.0,42916.0,2.360316,-2.655514,DEU,IRN,0484
3790,64,107,696,1997.0,0.0,1484.0,1.422606,1.395373,DNK,IRN,0484
3791,77,107,696,1997.0,14565.0,0.0,1.6737630000000001,0.7499439999999999,FRA,IRN,0484
3792,81,107,696,1997.0,0.0,21607.0,1.9742490000000001,0.7046359999999999,GBR,IRN,0484
3793,82,107,696,1997.0,0.0,220012.0,0.347408,0.106341,GEO,IRN,0484
3794,102,107,696,1997.0,0.0,3959.0,0.9121799999999999,1.55321,HUN,IRN,0484
3795,104,107,696,1997.0,9534.0,0.0,0.150788,2.027932,IND,IRN,0484
3796,115,107,696,1997.0,0.0,4350613.0,0.302596,-0.028221,KAZ,IRN,0484
3797,117,107,696,1997.0,0.0,2263604.0,0.063303,-0.014279,KGZ,IRN,0484
3798,122,107,696,1997.0,0.0,47875.0,-1.0192139999999998,-1.193627,KWT,IRN,0484
3799,124,107,696,1997.0,0.0,9133.0,0.28229299999999996,1.0650549999999999,LBN,IRN,0484
3800,135,107,696,1997.0,0.0,16934.0,0.14225,-0.250556,MDA,IRN,0484
3801,136,107,696,1997.0,0.0,2623.0,-1.090898,-0.605175,MDG,IRN,0484
3802,163,107,696,1997.0,0.0,2881.0,0.857735,0.061844,NOR,IRN,0484
3803,167,107,696,1997.0,1721.0,0.0,-0.233342,-0.9922049999999999,OMN,IRN,0484
3804,168,107,696,1997.0,0.0,13061.0,-0.844282,-0.602616,PAK,IRN,0484
3805,177,107,696,1997.0,0.0,1278.0,0.8447319999999999,2.000241,POL,IRN,0484
3806,183,107,696,1997.0,0.0,18736.0,-1.1276760000000001,-1.233235,QAT,IRN,0484
3807,185,107,696,1997.0,0.0,549599.0,0.666251,1.31932,ROU,IRN,0484
3808,186,107,696,1997.0,0.0,170171.0,0.572773,0.375446,RUS,IRN,0484
3809,188,107,696,1997.0,0.0,12723.0,-0.300809,-1.0455,SAU,IRN,0484
3810,191,107,696,1997.0,0.0,1555.0,-0.660837,-0.768874,SEN,IRN,0484
3811,208,107,696,1997.0,0.0,73776.0,2.0806709999999997,0.9541219999999999,SWE,IRN,0484
3812,217,107,696,1997.0,0.0,5767960.0,-0.095789,-0.706445,TJK,IRN,0484
3813,219,107,696,1997.0,0.0,9919747.0,-0.580361,-1.071587,TKM,IRN,0484
3814,224,107,696,1997.0,1874025.0,10860.0,0.154428,1.7573880000000002,TUR,IRN,0484
3815,228,107,696,1997.0,11242.0,10532.0,0.7384539999999999,1.096947,UKR,IRN,0484
3816,232,107,696,1997.0,0.0,2880256.0,-0.134113,-0.791415,UZB,IRN,0484
3817,243,107,696,1997.0,0.0,78916.0,-1.665484,-1.292243,YEM,IRN,0484
3818,250,107,696,1997.0,0.0,11186.0,1.004537,0.782725,ANS,IRN,0484
3819,7,113,696,1997.0,10845.0,281447.0,-0.317351,-0.8786510000000001,ARE,JOR,0484
3820,14,113,696,1997.0,0.0,31110.0,-0.033861,0.647668,AUS,JOR,0484
3821,16,113,696,1997.0,0.0,12765.0,0.28532199999999996,-0.00025299999999999997,AZE,JOR,0484
3822,18,113,696,1997.0,123249.0,0.0,1.470183,1.312167,BEL,JOR,0484
3823,23,113,696,1997.0,0.0,5356.0,0.523226,1.4133959999999999,BGR,JOR,0484
3824,24,113,696,1997.0,0.0,30777.0,-0.44965,-1.035584,BHR,JOR,0484
3825,39,113,696,1997.0,6927.0,1688.0,0.928586,1.3413389999999998,CAN,JOR,0484
3826,41,113,696,1997.0,22652.0,0.0,2.327788,0.682804,CHE,JOR,0484
3827,58,113,696,1997.0,17615.0,0.0,0.45144700000000004,0.46707600000000005,CYP,JOR,0484
3828,61,113,696,1997.0,48280.0,0.0,2.360316,-2.655514,DEU,JOR,0484
3829,64,113,696,1997.0,27373.0,7554.0,1.422606,1.395373,DNK,JOR,0484
3830,68,113,696,1997.0,77697.0,27866.0,-0.34861,0.005477,EGY,JOR,0484
3831,69,113,696,1997.0,0.0,18922.0,0.151598,-0.810869,ERI,JOR,0484
3832,71,113,696,1997.0,48787.0,0.0,1.068989,1.9429439999999998,ESP,JOR,0484
3833,77,113,696,1997.0,59663.0,0.0,1.6737630000000001,0.7499439999999999,FRA,JOR,0484
3834,81,113,696,1997.0,199461.0,1380.0,1.9742490000000001,0.7046359999999999,GBR,JOR,0484
3835,90,113,696,1997.0,2327.0,0.0,0.225904,1.291959,GRC,JOR,0484
3836,97,113,696,1997.0,0.0,150505.0,0.475945,1.7576919999999998,HKG,JOR,0484
3837,108,113,696,1997.0,0.0,212273.0,-2.35787,-0.856008,IRQ,JOR,0484
3838,110,113,696,1997.0,43178.0,77769.0,1.404901,1.072135,ISR,JOR,0484
3839,111,113,696,1997.0,161319.0,0.0,1.596917,0.8313959999999999,ITA,JOR,0484
3840,122,113,696,1997.0,4310.0,38863.0,-1.0192139999999998,-1.193627,KWT,JOR,0484
3841,124,113,696,1997.0,12669.0,274457.0,0.28229299999999996,1.0650549999999999,LBN,JOR,0484
3842,126,113,696,1997.0,0.0,6449.0,-0.662351,-1.1515309999999999,LBY,JOR,0484
3843,142,113,696,1997.0,44003.0,0.0,1.1063180000000001,0.377209,MLT,JOR,0484
3844,153,113,696,1997.0,33485.0,0.0,0.526754,0.33065700000000003,MYS,JOR,0484
3845,162,113,696,1997.0,101545.0,0.0,1.327106,1.520932,NLD,JOR,0484
3846,167,113,696,1997.0,0.0,34199.0,-0.233342,-0.9922049999999999,OMN,JOR,0484
3847,179,113,696,1997.0,6571.0,0.0,0.496633,1.025231,PRT,JOR,0484
3848,183,113,696,1997.0,0.0,29435.0,-1.1276760000000001,-1.233235,QAT,JOR,0484
3849,188,113,696,1997.0,794300.0,925351.0,-0.300809,-1.0455,SAU,JOR,0484
3850,190,113,696,1997.0,0.0,14991.0,-1.248538,-1.197904,SDN,JOR,0484
3851,192,113,696,1997.0,15697.0,49489.0,1.1946700000000001,0.30503600000000003,SGP,JOR,0484
3852,208,113,696,1997.0,2196.0,5188.0,2.0806709999999997,0.9541219999999999,SWE,JOR,0484
3853,212,113,696,1997.0,34524.0,0.0,-0.932127,-0.963823,SYR,JOR,0484
3854,223,113,696,1997.0,284406.0,0.0,-0.187276,-0.21877600000000003,TUN,JOR,0484
3855,224,113,696,1997.0,1825580.0,19596.0,0.154428,1.7573880000000002,TUR,JOR,0484
3856,228,113,696,1997.0,0.0,3316.0,0.7384539999999999,1.096947,UKR,JOR,0484
3857,231,113,696,1997.0,106846.0,67012.0,1.875847,0.46257299999999996,USA,JOR,0484
3858,232,113,696,1997.0,0.0,29766.0,-0.134113,-0.791415,UZB,JOR,0484
3859,243,113,696,1997.0,12576.0,709343.0,-1.665484,-1.292243,YEM,JOR,0484
3860,249,113,696,1997.0,0.0,39565.0,1.557128,1.434424,TWN,JOR,0484
3861,250,113,696,1997.0,11282.0,55151.0,1.004537,0.782725,ANS,JOR,0484
3862,7,114,696,1997.0,0.0,40371.0,-0.317351,-0.8786510000000001,ARE,JPN,0484
3863,8,114,696,1997.0,38307.0,21903.0,0.072589,0.965456,ARG,JPN,0484
3864,14,114,696,1997.0,3101354.0,1824178.0,-0.033861,0.647668,AUS,JPN,0484
3865,15,114,696,1997.0,192605.0,6166.0,1.904005,0.445169,AUT,JPN,0484
3866,18,114,696,1997.0,2702977.0,110420.0,1.470183,1.312167,BEL,JPN,0484
3867,22,114,696,1997.0,1281.0,0.0,-0.638734,-0.895301,BGD,JPN,0484
3868,23,114,696,1997.0,3702.0,0.0,0.523226,1.4133959999999999,BGR,JPN,0484
3869,24,114,696,1997.0,0.0,347861.0,-0.44965,-1.035584,BHR,JPN,0484
3870,28,114,696,1997.0,0.0,3334.0,0.716832,0.706486,BLR,JPN,0484
3871,31,114,696,1997.0,0.0,1787.0,-0.765684,-0.796686,BOL,JPN,0484
3872,32,114,696,1997.0,952634.0,631578.0,0.805759,1.249182,BRA,JPN,0484
3873,34,114,696,1997.0,0.0,11798.0,-0.443665,-0.825732,BRN,JPN,0484
3874,39,114,696,1997.0,4010156.0,1688548.0,0.928586,1.3413389999999998,CAN,JPN,0484
3875,41,114,696,1997.0,1876474.0,125725.0,2.327788,0.682804,CHE,JPN,0484
3876,42,114,696,1997.0,0.0,1665.0,-0.06841799999999999,-0.21526199999999998,CHL,JPN,0484
3877,43,114,696,1997.0,13037404.0,364130.0,0.380294,2.389738,CHN,JPN,0484
3878,49,114,696,1997.0,0.0,9703.0,0.023456,0.057771,COL,JPN,0484
3879,61,114,696,1997.0,4836951.0,847158.0,2.360316,-2.655514,DEU,JPN,0484
3880,64,114,696,1997.0,6761529.0,45679.0,1.422606,1.395373,DNK,JPN,0484
3881,71,114,696,1997.0,225909.0,323089.0,1.068989,1.9429439999999998,ESP,JPN,0484
3882,74,114,696,1997.0,217834.0,3193.0,1.991377,1.047477,FIN,JPN,0484
3883,77,114,696,1997.0,7735156.0,327146.0,1.6737630000000001,0.7499439999999999,FRA,JPN,0484
3884,79,114,696,1997.0,0.0,99932.0,-0.968281,-1.035358,FSM,JPN,0484
3885,81,114,696,1997.0,6294952.0,649710.0,1.9742490000000001,0.7046359999999999,GBR,JPN,0484
3886,90,114,696,1997.0,69854.0,58476.0,0.225904,1.291959,GRC,JPN,0484
3887,97,114,696,1997.0,1365151.0,21537970.0,0.475945,1.7576919999999998,HKG,JPN,0484
3888,103,114,696,1997.0,224725.0,517240.0,-0.21049600000000002,1.318692,IDN,JPN,0484
3889,104,114,696,1997.0,0.0,17689.0,0.150788,2.027932,IND,JPN,0484
3890,106,114,696,1997.0,4744.0,0.0,1.579974,1.018361,IRL,JPN,0484
3891,110,114,696,1997.0,0.0,64166.0,1.404901,1.072135,ISR,JPN,0484
3892,111,114,696,1997.0,6956182.0,9815.0,1.596917,0.8313959999999999,ITA,JPN,0484
3893,112,114,696,1997.0,0.0,5554.0,-0.6338739999999999,-0.838622,JAM,JPN,0484
3894,116,114,696,1997.0,0.0,3171.0,-0.363967,0.218183,KEN,JPN,0484
3895,121,114,696,1997.0,3258478.0,758591.0,1.2642,1.164231,KOR,JPN,0484
3896,122,114,696,1997.0,0.0,10112.0,-1.0192139999999998,-1.193627,KWT,JPN,0484
3897,123,114,696,1997.0,0.0,2431.0,-0.81187,-0.851834,LAO,JPN,0484
3898,124,114,696,1997.0,0.0,22019.0,0.28229299999999996,1.0650549999999999,LBN,JPN,0484
3899,128,114,696,1997.0,0.0,1753.0,-0.6467470000000001,-0.27831300000000003,LKA,JPN,0484
3900,133,114,696,1997.0,0.0,323812.0,-0.061292,-0.44707399999999997,MAC,JPN,0484
3901,138,114,696,1997.0,212313.0,63354.0,0.7735350000000001,0.9161590000000001,MEX,JPN,0484
3902,139,114,696,1997.0,0.0,40596.0,-0.30945700000000004,-0.822207,MHL,JPN,0484
3903,145,114,696,1997.0,0.0,5491.0,-0.569797,-0.9604370000000001,MNG,JPN,0484
3904,146,114,696,1997.0,24258.0,388955.0,-0.698376,-0.9790459999999999,MNP,JPN,0484
3905,153,114,696,1997.0,826056.0,529505.0,0.526754,0.33065700000000003,MYS,JPN,0484
3906,162,114,696,1997.0,1189031.0,3874066.0,1.327106,1.520932,NLD,JPN,0484
3907,163,114,696,1997.0,167848.0,1640.0,0.857735,0.061844,NOR,JPN,0484
3908,166,114,696,1997.0,2992437.0,848136.0,0.372052,0.764854,NZL,JPN,0484
3909,167,114,696,1997.0,0.0,116524.0,-0.233342,-0.9922049999999999,OMN,JPN,0484
3910,169,114,696,1997.0,0.0,3092.0,0.0038,0.036532999999999996,PAN,JPN,0484
3911,173,114,696,1997.0,35779.0,11195.0,-0.603019,-0.365845,PER,JPN,0484
3912,174,114,696,1997.0,1819749.0,121462.0,0.044834,0.024782,PHL,JPN,0484
3913,175,114,696,1997.0,0.0,154281.0,-0.713743,-0.9035559999999999,PLW,JPN,0484
3914,177,114,696,1997.0,63627.0,0.0,0.8447319999999999,2.000241,POL,JPN,0484
3915,178,114,696,1997.0,0.0,14658.0,0.734805,0.8720889999999999,PRK,JPN,0484
3916,179,114,696,1997.0,563195.0,0.0,0.496633,1.025231,PRT,JPN,0484
3917,180,114,696,1997.0,0.0,9069.0,-0.6051380000000001,-0.708271,PRY,JPN,0484
3918,182,114,696,1997.0,7284.0,0.0,0.431432,-0.5432020000000001,PYF,JPN,0484
3919,186,114,696,1997.0,8013.0,51608.0,0.572773,0.375446,RUS,JPN,0484
3920,188,114,696,1997.0,0.0,3369352.0,-0.300809,-1.0455,SAU,JPN,0484
3921,192,114,696,1997.0,2871207.0,6023902.0,1.1946700000000001,0.30503600000000003,SGP,JPN,0484
3922,207,114,696,1997.0,6057.0,0.0,1.449492,1.253379,SVN,JPN,0484
3923,208,114,696,1997.0,95720.0,219596.0,2.0806709999999997,0.9541219999999999,SWE,JPN,0484
3924,216,114,696,1997.0,39216008.0,344171.0,0.216402,1.366618,THA,JPN,0484
3925,226,114,696,1997.0,0.0,8020.0,-1.243443,-0.537161,TZA,JPN,0484
3926,231,114,696,1997.0,25973386.0,18327320.0,1.875847,0.46257299999999996,USA,JPN,0484
3927,239,114,696,1997.0,92590.0,19900.0,-0.67516,0.251436,VNM,JPN,0484
3928,246,114,696,1997.0,67290.0,6597.0,0.29381199999999996,1.276557,ZAF,JPN,0484
3929,249,114,696,1997.0,4978118.0,22621882.0,1.557128,1.434424,TWN,JPN,0484
3930,250,114,696,1997.0,10458.0,937095.0,1.004537,0.782725,ANS,JPN,0484
3931,7,132,696,1997.0,4783.0,0.0,-0.317351,-0.8786510000000001,ARE,LVA,0484
3932,9,132,696,1997.0,0.0,20083.0,0.818788,0.226075,ARM,LVA,0484
3933,15,132,696,1997.0,7356.0,0.0,1.904005,0.445169,AUT,LVA,0484
3934,18,132,696,1997.0,714114.0,0.0,1.470183,1.312167,BEL,LVA,0484
3935,28,132,696,1997.0,0.0,10604.0,0.716832,0.706486,BLR,LVA,0484
3936,59,132,696,1997.0,232250.0,0.0,1.450452,1.031814,CZE,LVA,0484
3937,61,132,696,1997.0,511425.0,276813.0,2.360316,-2.655514,DEU,LVA,0484
3938,64,132,696,1997.0,190458.0,0.0,1.422606,1.395373,DNK,LVA,0484
3939,71,132,696,1997.0,32841.0,0.0,1.068989,1.9429439999999998,ESP,LVA,0484
3940,72,132,696,1997.0,102244.0,82259.0,0.45792,1.148099,EST,LVA,0484
3941,74,132,696,1997.0,256634.0,0.0,1.991377,1.047477,FIN,LVA,0484
3942,77,132,696,1997.0,213385.0,0.0,1.6737630000000001,0.7499439999999999,FRA,LVA,0484
3943,81,132,696,1997.0,254362.0,0.0,1.9742490000000001,0.7046359999999999,GBR,LVA,0484
3944,90,132,696,1997.0,0.0,1364.0,0.225904,1.291959,GRC,LVA,0484
3945,100,132,696,1997.0,9335.0,0.0,0.61283,1.321775,HRV,LVA,0484
3946,102,132,696,1997.0,11728.0,8047.0,0.9121799999999999,1.55321,HUN,LVA,0484
3947,106,132,696,1997.0,9039.0,0.0,1.579974,1.018361,IRL,LVA,0484
3948,110,132,696,1997.0,15142.0,4984.0,1.404901,1.072135,ISR,LVA,0484
3949,111,132,696,1997.0,97016.0,0.0,1.596917,0.8313959999999999,ITA,LVA,0484
3950,130,132,696,1997.0,246088.0,108302.0,0.360579,1.382816,LTU,LVA,0484
3951,162,132,696,1997.0,779970.0,6811.0,1.327106,1.520932,NLD,LVA,0484
3952,177,132,696,1997.0,2656372.0,0.0,0.8447319999999999,2.000241,POL,LVA,0484
3953,186,132,696,1997.0,472900.0,784960.0,0.572773,0.375446,RUS,LVA,0484
3954,207,132,696,1997.0,32447.0,0.0,1.449492,1.253379,SVN,LVA,0484
3955,208,132,696,1997.0,72409.0,0.0,2.0806709999999997,0.9541219999999999,SWE,LVA,0484
3956,224,132,696,1997.0,8916.0,0.0,0.154428,1.7573880000000002,TUR,LVA,0484
3957,228,132,696,1997.0,13293.0,33289.0,0.7384539999999999,1.096947,UKR,LVA,0484
3958,231,132,696,1997.0,41086.0,1223.0,1.875847,0.46257299999999996,USA,LVA,0484
3959,4,140,696,1997.0,0.0,26018.0,-0.375654,-0.124279,ALB,MKD,0484
3960,14,140,696,1997.0,0.0,190178.0,-0.033861,0.647668,AUS,MKD,0484
3961,15,140,696,1997.0,25953.0,0.0,1.904005,0.445169,AUT,MKD,0484
3962,18,140,696,1997.0,25132.0,0.0,1.470183,1.312167,BEL,MKD,0484
3963,23,140,696,1997.0,433857.0,0.0,0.523226,1.4133959999999999,BGR,MKD,0484
3964,26,140,696,1997.0,18950.0,678045.0,0.517231,0.321515,BIH,MKD,0484
3965,41,140,696,1997.0,7091.0,0.0,2.327788,0.682804,CHE,MKD,0484
3966,58,140,696,1997.0,3313.0,0.0,0.45144700000000004,0.46707600000000005,CYP,MKD,0484
3967,61,140,696,1997.0,158368.0,0.0,2.360316,-2.655514,DEU,MKD,0484
3968,90,140,696,1997.0,911517.0,168147.0,0.225904,1.291959,GRC,MKD,0484
3969,100,140,696,1997.0,1063233.0,197804.0,0.61283,1.321775,HRV,MKD,0484
3970,102,140,696,1997.0,19064.0,0.0,0.9121799999999999,1.55321,HUN,MKD,0484
3971,111,140,696,1997.0,84517.0,0.0,1.596917,0.8313959999999999,ITA,MKD,0484
3972,162,140,696,1997.0,60233.0,0.0,1.327106,1.520932,NLD,MKD,0484
3973,186,140,696,1997.0,0.0,77548.0,0.572773,0.375446,RUS,MKD,0484
3974,189,140,696,1997.0,4109222.0,1229871.0,0.626724,1.7948549999999999,SCG,MKD,0484
3975,207,140,696,1997.0,576142.0,763569.0,1.449492,1.253379,SVN,MKD,0484
3976,224,140,696,1997.0,3274759.0,0.0,0.154428,1.7573880000000002,TUR,MKD,0484
3977,250,140,696,1997.0,10049.0,15867.0,1.004537,0.782725,ANS,MKD,0484
3978,7,159,696,1997.0,48787.0,0.0,-0.317351,-0.8786510000000001,ARE,NGA,0484
3979,18,159,696,1997.0,20074.0,0.0,1.470183,1.312167,BEL,NGA,0484
3980,19,159,696,1997.0,7027.0,0.0,-1.357169,-1.089711,BEN,NGA,0484
3981,43,159,696,1997.0,31125.0,0.0,0.380294,2.389738,CHN,NGA,0484
3982,44,159,696,1997.0,27800.0,3121.0,-0.647407,-0.603726,CIV,NGA,0484
3983,45,159,696,1997.0,0.0,109919.0,-1.0663340000000001,-1.047091,CMR,NGA,0484
3984,49,159,696,1997.0,19289.0,0.0,0.023456,0.057771,COL,NGA,0484
3985,61,159,696,1997.0,15666.0,0.0,2.360316,-2.655514,DEU,NGA,0484
3986,64,159,696,1997.0,253937.0,0.0,1.422606,1.395373,DNK,NGA,0484
3987,71,159,696,1997.0,55954.0,0.0,1.068989,1.9429439999999998,ESP,NGA,0484
3988,77,159,696,1997.0,69960.0,0.0,1.6737630000000001,0.7499439999999999,FRA,NGA,0484
3989,80,159,696,1997.0,0.0,8102.0,-1.277642,-1.178244,GAB,NGA,0484
3990,81,159,696,1997.0,4210565.0,0.0,1.9742490000000001,0.7046359999999999,GBR,NGA,0484
3991,83,159,696,1997.0,9447.0,56486.0,-1.03989,-0.979039,GHA,NGA,0484
3992,97,159,696,1997.0,21876.0,0.0,0.475945,1.7576919999999998,HKG,NGA,0484
3993,103,159,696,1997.0,57114.0,0.0,-0.21049600000000002,1.318692,IDN,NGA,0484
3994,104,159,696,1997.0,80666.0,0.0,0.150788,2.027932,IND,NGA,0484
3995,110,159,696,1997.0,1008.0,0.0,1.404901,1.072135,ISR,NGA,0484
3996,111,159,696,1997.0,114426.0,0.0,1.596917,0.8313959999999999,ITA,NGA,0484
3997,112,159,696,1997.0,51039.0,0.0,-0.6338739999999999,-0.838622,JAM,NGA,0484
3998,121,159,696,1997.0,29386.0,0.0,1.2642,1.164231,KOR,NGA,0484
3999,124,159,696,1997.0,16312.0,0.0,0.28229299999999996,1.0650549999999999,LBN,NGA,0484
4000,142,159,696,1997.0,30691.0,0.0,1.1063180000000001,0.377209,MLT,NGA,0484
4001,153,159,696,1997.0,76785.0,0.0,0.526754,0.33065700000000003,MYS,NGA,0484
4002,157,159,696,1997.0,0.0,6996.0,-0.31505500000000003,-0.542254,NER,NGA,0484
4003,162,159,696,1997.0,122229.0,0.0,1.327106,1.520932,NLD,NGA,0484
4004,188,159,696,1997.0,121795.0,0.0,-0.300809,-1.0455,SAU,NGA,0484
4005,192,159,696,1997.0,68548.0,0.0,1.1946700000000001,0.30503600000000003,SGP,NGA,0484
4006,215,159,696,1997.0,8349.0,162757.0,-0.881602,-0.81079,TGO,NGA,0484
4007,224,159,696,1997.0,81049.0,0.0,0.154428,1.7573880000000002,TUR,NGA,0484
4008,231,159,696,1997.0,58298.0,0.0,1.875847,0.46257299999999996,USA,NGA,0484
4009,246,159,696,1997.0,39210.0,0.0,0.29381199999999996,1.276557,ZAF,NGA,0484
4010,249,159,696,1997.0,14398.0,0.0,1.557128,1.434424,TWN,NGA,0484
4011,250,159,696,1997.0,16459.0,0.0,1.004537,0.782725,ANS,NGA,0484
4012,2,167,696,1997.0,0.0,309726.0,-1.800252,-1.237594,AGO,OMN,0484
4013,7,167,696,1997.0,2224021.0,3556974.0,-0.317351,-0.8786510000000001,ARE,OMN,0484
4014,14,167,696,1997.0,36371.0,0.0,-0.033861,0.647668,AUS,OMN,0484
4015,15,167,696,1997.0,23533.0,0.0,1.904005,0.445169,AUT,OMN,0484
4016,17,167,696,1997.0,0.0,12596.0,-1.5636430000000001,-1.0257479999999999,BDI,OMN,0484
4017,18,167,696,1997.0,50946.0,0.0,1.470183,1.312167,BEL,OMN,0484
4018,24,167,696,1997.0,3922.0,213478.0,-0.44965,-1.035584,BHR,OMN,0484
4019,39,167,696,1997.0,15806.0,0.0,0.928586,1.3413389999999998,CAN,OMN,0484
4020,43,167,696,1997.0,11582.0,0.0,0.380294,2.389738,CHN,OMN,0484
4021,58,167,696,1997.0,30545.0,0.0,0.45144700000000004,0.46707600000000005,CYP,OMN,0484
4022,61,167,696,1997.0,146404.0,164484.0,2.360316,-2.655514,DEU,OMN,0484
4023,62,167,696,1997.0,0.0,4005.0,0.388331,0.05764299999999999,DJI,OMN,0484
4024,64,167,696,1997.0,277073.0,0.0,1.422606,1.395373,DNK,OMN,0484
4025,68,167,696,1997.0,177724.0,0.0,-0.34861,0.005477,EGY,OMN,0484
4026,71,167,696,1997.0,5390.0,0.0,1.068989,1.9429439999999998,ESP,OMN,0484
4027,77,167,696,1997.0,8364.0,0.0,1.6737630000000001,0.7499439999999999,FRA,OMN,0484
4028,81,167,696,1997.0,793657.0,0.0,1.9742490000000001,0.7046359999999999,GBR,OMN,0484
4029,90,167,696,1997.0,19513.0,0.0,0.225904,1.291959,GRC,OMN,0484
4030,97,167,696,1997.0,5604.0,0.0,0.475945,1.7576919999999998,HKG,OMN,0484
4031,103,167,696,1997.0,15377.0,0.0,-0.21049600000000002,1.318692,IDN,OMN,0484
4032,104,167,696,1997.0,241724.0,3630.0,0.150788,2.027932,IND,OMN,0484
4033,107,167,696,1997.0,0.0,1721.0,-0.8911190000000001,-1.085849,IRN,OMN,0484
4034,111,167,696,1997.0,876266.0,44250.0,1.596917,0.8313959999999999,ITA,OMN,0484
4035,113,167,696,1997.0,34199.0,0.0,0.641787,0.484512,JOR,OMN,0484
4036,114,167,696,1997.0,116524.0,0.0,2.771316,0.545821,JPN,OMN,0484
4037,122,167,696,1997.0,310982.0,91546.0,-1.0192139999999998,-1.193627,KWT,OMN,0484
4038,125,167,696,1997.0,0.0,12052.0,-0.77544,-1.122642,LBR,OMN,0484
4039,128,167,696,1997.0,13745.0,0.0,-0.6467470000000001,-0.27831300000000003,LKA,OMN,0484
4040,142,167,696,1997.0,139169.0,0.0,1.1063180000000001,0.377209,MLT,OMN,0484
4041,153,167,696,1997.0,340662.0,14552.0,0.526754,0.33065700000000003,MYS,OMN,0484
4042,162,167,696,1997.0,128094.0,0.0,1.327106,1.520932,NLD,OMN,0484
4043,174,167,696,1997.0,16670.0,0.0,0.044834,0.024782,PHL,OMN,0484
4044,177,167,696,1997.0,13319.0,0.0,0.8447319999999999,2.000241,POL,OMN,0484
4045,183,167,696,1997.0,0.0,306079.0,-1.1276760000000001,-1.233235,QAT,OMN,0484
4046,188,167,696,1997.0,2075765.0,1963558.0,-0.300809,-1.0455,SAU,OMN,0484
4047,190,167,696,1997.0,0.0,7585.0,-1.248538,-1.197904,SDN,OMN,0484
4048,191,167,696,1997.0,0.0,8517.0,-0.660837,-0.768874,SEN,OMN,0484
4049,192,167,696,1997.0,542984.0,0.0,1.1946700000000001,0.30503600000000003,SGP,OMN,0484
4050,199,167,696,1997.0,0.0,16067.0,-0.66794,-0.8626299999999999,SOM,OMN,0484
4051,212,167,696,1997.0,17402.0,0.0,-0.932127,-0.963823,SYR,OMN,0484
4052,216,167,696,1997.0,26869.0,0.0,0.216402,1.366618,THA,OMN,0484
4053,223,167,696,1997.0,44632.0,0.0,-0.187276,-0.21877600000000003,TUN,OMN,0484
4054,224,167,696,1997.0,82027.0,0.0,0.154428,1.7573880000000002,TUR,OMN,0484
4055,226,167,696,1997.0,0.0,13378.0,-1.243443,-0.537161,TZA,OMN,0484
4056,231,167,696,1997.0,117281.0,0.0,1.875847,0.46257299999999996,USA,OMN,0484
4057,243,167,696,1997.0,0.0,79961.0,-1.665484,-1.292243,YEM,OMN,0484
4058,249,167,696,1997.0,48888.0,0.0,1.557128,1.434424,TWN,OMN,0484
4059,250,167,696,1997.0,26311.0,160912.0,1.004537,0.782725,ANS,OMN,0484
4060,5,177,696,1997.0,0.0,20523.0,1.097696,0.751235,AND,POL,0484
4061,7,177,696,1997.0,0.0,63368.0,-0.317351,-0.8786510000000001,ARE,POL,0484
4062,14,177,696,1997.0,0.0,15719.0,-0.033861,0.647668,AUS,POL,0484
4063,15,177,696,1997.0,1220553.0,1727.0,1.904005,0.445169,AUT,POL,0484
4064,16,177,696,1997.0,0.0,820781.0,0.28532199999999996,-0.00025299999999999997,AZE,POL,0484
4065,18,177,696,1997.0,5569256.0,64597.0,1.470183,1.312167,BEL,POL,0484
4066,28,177,696,1997.0,0.0,1389979.0,0.716832,0.706486,BLR,POL,0484
4067,39,177,696,1997.0,2918.0,806902.0,0.928586,1.3413389999999998,CAN,POL,0484
4068,41,177,696,1997.0,15265.0,301344.0,2.327788,0.682804,CHE,POL,0484
4069,43,177,696,1997.0,0.0,61319.0,0.380294,2.389738,CHN,POL,0484
4070,59,177,696,1997.0,4851956.0,2946002.0,1.450452,1.031814,CZE,POL,0484
4071,61,177,696,1997.0,3064604.0,2274580.0,2.360316,-2.655514,DEU,POL,0484
4072,64,177,696,1997.0,279344.0,111431.0,1.422606,1.395373,DNK,POL,0484
4073,71,177,696,1997.0,16225.0,0.0,1.068989,1.9429439999999998,ESP,POL,0484
4074,72,177,696,1997.0,174538.0,700341.0,0.45792,1.148099,EST,POL,0484
4075,74,177,696,1997.0,1113.0,0.0,1.991377,1.047477,FIN,POL,0484
4076,77,177,696,1997.0,2917906.0,61559.0,1.6737630000000001,0.7499439999999999,FRA,POL,0484
4077,81,177,696,1997.0,2060374.0,470609.0,1.9742490000000001,0.7046359999999999,GBR,POL,0484
4078,82,177,696,1997.0,0.0,65151.0,0.347408,0.106341,GEO,POL,0484
4079,90,177,696,1997.0,38642.0,6954.0,0.225904,1.291959,GRC,POL,0484
4080,97,177,696,1997.0,0.0,56429.0,0.475945,1.7576919999999998,HKG,POL,0484
4081,100,177,696,1997.0,0.0,48892.0,0.61283,1.321775,HRV,POL,0484
4082,102,177,696,1997.0,7401138.0,2246158.0,0.9121799999999999,1.55321,HUN,POL,0484
4083,104,177,696,1997.0,69817.0,0.0,0.150788,2.027932,IND,POL,0484
4084,107,177,696,1997.0,1278.0,0.0,-0.8911190000000001,-1.085849,IRN,POL,0484
4085,109,177,696,1997.0,0.0,213448.0,0.33665700000000004,-0.42348,ISL,POL,0484
4086,110,177,696,1997.0,8274.0,162377.0,1.404901,1.072135,ISR,POL,0484
4087,111,177,696,1997.0,2871806.0,120072.0,1.596917,0.8313959999999999,ITA,POL,0484
4088,114,177,696,1997.0,0.0,63627.0,2.771316,0.545821,JPN,POL,0484
4089,115,177,696,1997.0,0.0,251223.0,0.302596,-0.028221,KAZ,POL,0484
4090,117,177,696,1997.0,0.0,60574.0,0.063303,-0.014279,KGZ,POL,0484
4091,121,177,696,1997.0,3852.0,113307.0,1.2642,1.164231,KOR,POL,0484
4092,122,177,696,1997.0,0.0,990553.0,-1.0192139999999998,-1.193627,KWT,POL,0484
4093,124,177,696,1997.0,0.0,4069.0,0.28229299999999996,1.0650549999999999,LBN,POL,0484
4094,130,177,696,1997.0,0.0,6048410.0,0.360579,1.382816,LTU,POL,0484
4095,132,177,696,1997.0,0.0,2656372.0,0.332958,0.51665,LVA,POL,0484
4096,135,177,696,1997.0,0.0,717281.0,0.14225,-0.250556,MDA,POL,0484
4097,145,177,696,1997.0,0.0,194025.0,-0.569797,-0.9604370000000001,MNG,POL,0484
4098,162,177,696,1997.0,2020041.0,233814.0,1.327106,1.520932,NLD,POL,0484
4099,163,177,696,1997.0,9373.0,0.0,0.857735,0.061844,NOR,POL,0484
4100,167,177,696,1997.0,0.0,13319.0,-0.233342,-0.9922049999999999,OMN,POL,0484
4101,174,177,696,1997.0,0.0,15448.0,0.044834,0.024782,PHL,POL,0484
4102,179,177,696,1997.0,0.0,119404.0,0.496633,1.025231,PRT,POL,0484
4103,185,177,696,1997.0,42630.0,917968.0,0.666251,1.31932,ROU,POL,0484
4104,186,177,696,1997.0,849813.0,44216372.0,0.572773,0.375446,RUS,POL,0484
4105,188,177,696,1997.0,0.0,1062107.0,-0.300809,-1.0455,SAU,POL,0484
4106,189,177,696,1997.0,0.0,7658.0,0.626724,1.7948549999999999,SCG,POL,0484
4107,206,177,696,1997.0,46819.0,1429292.0,1.265691,1.368739,SVK,POL,0484
4108,207,177,696,1997.0,0.0,24384.0,1.449492,1.253379,SVN,POL,0484
4109,208,177,696,1997.0,231746.0,25340.0,2.0806709999999997,0.9541219999999999,SWE,POL,0484
4110,216,177,696,1997.0,6378.0,0.0,0.216402,1.366618,THA,POL,0484
4111,219,177,696,1997.0,0.0,73273.0,-0.580361,-1.071587,TKM,POL,0484
4112,222,177,696,1997.0,0.0,6470.0,0.051947,-0.405412,TTO,POL,0484
4113,223,177,696,1997.0,0.0,2686.0,-0.187276,-0.21877600000000003,TUN,POL,0484
4114,224,177,696,1997.0,93595.0,14100.0,0.154428,1.7573880000000002,TUR,POL,0484
4115,226,177,696,1997.0,0.0,1146.0,-1.243443,-0.537161,TZA,POL,0484
4116,228,177,696,1997.0,0.0,16916476.0,0.7384539999999999,1.096947,UKR,POL,0484
4117,231,177,696,1997.0,26356.0,2454357.0,1.875847,0.46257299999999996,USA,POL,0484
4118,232,177,696,1997.0,0.0,117960.0,-0.134113,-0.791415,UZB,POL,0484
4119,243,177,696,1997.0,0.0,136419.0,-1.665484,-1.292243,YEM,POL,0484
4120,250,177,696,1997.0,497597.0,523432.0,1.004537,0.782725,ANS,POL,0484
4121,7,186,696,1997.0,277263.0,0.0,-0.317351,-0.8786510000000001,ARE,RUS,0484
4122,8,186,696,1997.0,149148.0,0.0,0.072589,0.965456,ARG,RUS,0484
4123,9,186,696,1997.0,0.0,27458.0,0.818788,0.226075,ARM,RUS,0484
4124,14,186,696,1997.0,37201.0,0.0,-0.033861,0.647668,AUS,RUS,0484
4125,15,186,696,1997.0,1782955.0,210142.0,1.904005,0.445169,AUT,RUS,0484
4126,16,186,696,1997.0,434935.0,31675.0,0.28532199999999996,-0.00025299999999999997,AZE,RUS,0484
4127,18,186,696,1997.0,41404168.0,0.0,1.470183,1.312167,BEL,RUS,0484
4128,23,186,696,1997.0,3067796.0,13500.0,0.523226,1.4133959999999999,BGR,RUS,0484
4129,25,186,696,1997.0,0.0,44225.0,0.82352,-0.091626,BHS,RUS,0484
4130,32,186,696,1997.0,333516.0,0.0,0.805759,1.249182,BRA,RUS,0484
4131,39,186,696,1997.0,46838.0,0.0,0.928586,1.3413389999999998,CAN,RUS,0484
4132,41,186,696,1997.0,469856.0,0.0,2.327788,0.682804,CHE,RUS,0484
4133,42,186,696,1997.0,20672.0,0.0,-0.06841799999999999,-0.21526199999999998,CHL,RUS,0484
4134,43,186,696,1997.0,3113282.0,0.0,0.380294,2.389738,CHN,RUS,0484
4135,49,186,696,1997.0,19461.0,0.0,0.023456,0.057771,COL,RUS,0484
4136,58,186,696,1997.0,21528.0,0.0,0.45144700000000004,0.46707600000000005,CYP,RUS,0484
4137,59,186,696,1997.0,5315506.0,269172.0,1.450452,1.031814,CZE,RUS,0484
4138,61,186,696,1997.0,85948992.0,57386.0,2.360316,-2.655514,DEU,RUS,0484
4139,64,186,696,1997.0,73632968.0,0.0,1.422606,1.395373,DNK,RUS,0484
4140,66,186,696,1997.0,52286.0,0.0,-0.8557879999999999,-1.150101,DZA,RUS,0484
4141,67,186,696,1997.0,2382.0,0.0,-1.124002,-1.0084549999999999,ECU,RUS,0484
4142,68,186,696,1997.0,77295.0,0.0,-0.34861,0.005477,EGY,RUS,0484
4143,71,186,696,1997.0,19205428.0,0.0,1.068989,1.9429439999999998,ESP,RUS,0484
4144,72,186,696,1997.0,657180.0,966020.0,0.45792,1.148099,EST,RUS,0484
4145,74,186,696,1997.0,4858296.0,33491.0,1.991377,1.047477,FIN,RUS,0484
4146,77,186,696,1997.0,21179914.0,0.0,1.6737630000000001,0.7499439999999999,FRA,RUS,0484
4147,81,186,696,1997.0,16353999.0,114001.0,1.9742490000000001,0.7046359999999999,GBR,RUS,0484
4148,82,186,696,1997.0,0.0,134716.0,0.347408,0.106341,GEO,RUS,0484
4149,90,186,696,1997.0,2166883.0,2639.0,0.225904,1.291959,GRC,RUS,0484
4150,100,186,696,1997.0,442789.0,0.0,0.61283,1.321775,HRV,RUS,0484
4151,102,186,696,1997.0,1058471.0,306792.0,0.9121799999999999,1.55321,HUN,RUS,0484
4152,103,186,696,1997.0,44963.0,0.0,-0.21049600000000002,1.318692,IDN,RUS,0484
4153,104,186,696,1997.0,28928.0,0.0,0.150788,2.027932,IND,RUS,0484
4154,106,186,696,1997.0,220359.0,0.0,1.579974,1.018361,IRL,RUS,0484
4155,107,186,696,1997.0,170171.0,0.0,-0.8911190000000001,-1.085849,IRN,RUS,0484
4156,110,186,696,1997.0,656517.0,125565.0,1.404901,1.072135,ISR,RUS,0484
4157,111,186,696,1997.0,13493204.0,0.0,1.596917,0.8313959999999999,ITA,RUS,0484
4158,114,186,696,1997.0,51608.0,8013.0,2.771316,0.545821,JPN,RUS,0484
4159,115,186,696,1997.0,103969.0,4694040.0,0.302596,-0.028221,KAZ,RUS,0484
4160,117,186,696,1997.0,2312.0,257816.0,0.063303,-0.014279,KGZ,RUS,0484
4161,121,186,696,1997.0,50815224.0,0.0,1.2642,1.164231,KOR,RUS,0484
4162,123,186,696,1997.0,78338.0,0.0,-0.81187,-0.851834,LAO,RUS,0484
4163,124,186,696,1997.0,11779.0,0.0,0.28229299999999996,1.0650549999999999,LBN,RUS,0484
4164,128,186,696,1997.0,43963.0,0.0,-0.6467470000000001,-0.27831300000000003,LKA,RUS,0484
4165,130,186,696,1997.0,1054128.0,483933.0,0.360579,1.382816,LTU,RUS,0484
4166,132,186,696,1997.0,784960.0,472900.0,0.332958,0.51665,LVA,RUS,0484
4167,135,186,696,1997.0,525577.0,27454.0,0.14225,-0.250556,MDA,RUS,0484
4168,140,186,696,1997.0,77548.0,0.0,0.297389,0.735171,MKD,RUS,0484
4169,142,186,696,1997.0,7015.0,0.0,1.1063180000000001,0.377209,MLT,RUS,0484
4170,145,186,696,1997.0,0.0,22411.0,-0.569797,-0.9604370000000001,MNG,RUS,0484
4171,153,186,696,1997.0,91609.0,0.0,0.526754,0.33065700000000003,MYS,RUS,0484
4172,162,186,696,1997.0,29428642.0,0.0,1.327106,1.520932,NLD,RUS,0484
4173,163,186,696,1997.0,323408.0,0.0,0.857735,0.061844,NOR,RUS,0484
4174,169,186,696,1997.0,5359.0,0.0,0.0038,0.036532999999999996,PAN,RUS,0484
4175,174,186,696,1997.0,7273.0,0.0,0.044834,0.024782,PHL,RUS,0484
4176,177,186,696,1997.0,44216372.0,849813.0,0.8447319999999999,2.000241,POL,RUS,0484
4177,178,186,696,1997.0,2776.0,0.0,0.734805,0.8720889999999999,PRK,RUS,0484
4178,179,186,696,1997.0,4324379.0,0.0,0.496633,1.025231,PRT,RUS,0484
4179,185,186,696,1997.0,46779.0,130982.0,0.666251,1.31932,ROU,RUS,0484
4180,188,186,696,1997.0,26562.0,0.0,-0.300809,-1.0455,SAU,RUS,0484
4181,189,186,696,1997.0,254096.0,51355.0,0.626724,1.7948549999999999,SCG,RUS,0484
4182,192,186,696,1997.0,129700.0,0.0,1.1946700000000001,0.30503600000000003,SGP,RUS,0484
4183,206,186,696,1997.0,353816.0,24061.0,1.265691,1.368739,SVK,RUS,0484
4184,207,186,696,1997.0,163832.0,0.0,1.449492,1.253379,SVN,RUS,0484
4185,208,186,696,1997.0,1599909.0,0.0,2.0806709999999997,0.9541219999999999,SWE,RUS,0484
4186,212,186,696,1997.0,384550.0,1204.0,-0.932127,-0.963823,SYR,RUS,0484
4187,217,186,696,1997.0,0.0,118188.0,-0.095789,-0.706445,TJK,RUS,0484
4188,219,186,696,1997.0,0.0,41039.0,-0.580361,-1.071587,TKM,RUS,0484
4189,223,186,696,1997.0,11180.0,0.0,-0.187276,-0.21877600000000003,TUN,RUS,0484
4190,224,186,696,1997.0,76709912.0,15304.0,0.154428,1.7573880000000002,TUR,RUS,0484
4191,228,186,696,1997.0,9179884.0,367498.0,0.7384539999999999,1.096947,UKR,RUS,0484
4192,231,186,696,1997.0,3624194.0,44971.0,1.875847,0.46257299999999996,USA,RUS,0484
4193,232,186,696,1997.0,0.0,246344.0,-0.134113,-0.791415,UZB,RUS,0484
4194,239,186,696,1997.0,6450.0,0.0,-0.67516,0.251436,VNM,RUS,0484
4195,243,186,696,1997.0,22272.0,0.0,-1.665484,-1.292243,YEM,RUS,0484
4196,246,186,696,1997.0,32369.0,0.0,0.29381199999999996,1.276557,ZAF,RUS,0484
4197,249,186,696,1997.0,4705.0,0.0,1.557128,1.434424,TWN,RUS,0484
4198,250,186,696,1997.0,0.0,239379.0,1.004537,0.782725,ANS,RUS,0484
4199,6,192,696,1997.0,0.0,52948.0,-0.027541000000000003,-0.56389,ANT,SGP,0484
4200,7,192,696,1997.0,117492.0,697945.0,-0.317351,-0.8786510000000001,ARE,SGP,0484
4201,8,192,696,1997.0,47692.0,0.0,0.072589,0.965456,ARG,SGP,0484
4202,14,192,696,1997.0,2723780.0,2207306.0,-0.033861,0.647668,AUS,SGP,0484
4203,15,192,696,1997.0,0.0,7886.0,1.904005,0.445169,AUT,SGP,0484
4204,18,192,696,1997.0,2393232.0,74353.0,1.470183,1.312167,BEL,SGP,0484
4205,19,192,696,1997.0,0.0,7631.0,-1.357169,-1.089711,BEN,SGP,0484
4206,22,192,696,1997.0,0.0,140797.0,-0.638734,-0.895301,BGD,SGP,0484
4207,24,192,696,1997.0,0.0,438207.0,-0.44965,-1.035584,BHR,SGP,0484
4208,32,192,696,1997.0,2769.0,1145.0,0.805759,1.249182,BRA,SGP,0484
4209,34,192,696,1997.0,1931.0,3643376.0,-0.443665,-0.825732,BRN,SGP,0484
4210,39,192,696,1997.0,260062.0,646833.0,0.928586,1.3413389999999998,CAN,SGP,0484
4211,41,192,696,1997.0,246102.0,18635.0,2.327788,0.682804,CHE,SGP,0484
4212,42,192,696,1997.0,0.0,173485.0,-0.06841799999999999,-0.21526199999999998,CHL,SGP,0484
4213,43,192,696,1997.0,1948364.0,270041.0,0.380294,2.389738,CHN,SGP,0484
4214,44,192,696,1997.0,0.0,9293.0,-0.647407,-0.603726,CIV,SGP,0484
4215,45,192,696,1997.0,0.0,8911.0,-1.0663340000000001,-1.047091,CMR,SGP,0484
4216,50,192,696,1997.0,0.0,4195.0,0.44647200000000004,-0.524514,COM,SGP,0484
4217,56,192,696,1997.0,0.0,29480.0,1.19224,-0.445507,CXR,SGP,0484
4218,58,192,696,1997.0,0.0,98730.0,0.45144700000000004,0.46707600000000005,CYP,SGP,0484
4219,61,192,696,1997.0,928802.0,8258.0,2.360316,-2.655514,DEU,SGP,0484
4220,62,192,696,1997.0,0.0,5272.0,0.388331,0.05764299999999999,DJI,SGP,0484
4221,64,192,696,1997.0,1150043.0,1966.0,1.422606,1.395373,DNK,SGP,0484
4222,67,192,696,1997.0,0.0,10259.0,-1.124002,-1.0084549999999999,ECU,SGP,0484
4223,68,192,696,1997.0,0.0,26262.0,-0.34861,0.005477,EGY,SGP,0484
4224,71,192,696,1997.0,5821.0,143074.0,1.068989,1.9429439999999998,ESP,SGP,0484
4225,75,192,696,1997.0,0.0,21176.0,-0.8839090000000001,-0.9493540000000001,FJI,SGP,0484
4226,77,192,696,1997.0,704726.0,1165873.0,1.6737630000000001,0.7499439999999999,FRA,SGP,0484
4227,81,192,696,1997.0,3845698.0,160272.0,1.9742490000000001,0.7046359999999999,GBR,SGP,0484
4228,83,192,696,1997.0,0.0,4614.0,-1.03989,-0.979039,GHA,SGP,0484
4229,90,192,696,1997.0,24650.0,270328.0,0.225904,1.291959,GRC,SGP,0484
4230,97,192,696,1997.0,1258880.0,3784497.0,0.475945,1.7576919999999998,HKG,SGP,0484
4231,99,192,696,1997.0,0.0,38857.0,-0.7449319999999999,-0.50008,HND,SGP,0484
4232,103,192,696,1997.0,7094140.0,419708.0,-0.21049600000000002,1.318692,IDN,SGP,0484
4233,104,192,696,1997.0,117434.0,95427.0,0.150788,2.027932,IND,SGP,0484
4234,106,192,696,1997.0,34633.0,2107.0,1.579974,1.018361,IRL,SGP,0484
4235,110,192,696,1997.0,2621.0,23902.0,1.404901,1.072135,ISR,SGP,0484
4236,111,192,696,1997.0,8752166.0,1630.0,1.596917,0.8313959999999999,ITA,SGP,0484
4237,112,192,696,1997.0,94729.0,0.0,-0.6338739999999999,-0.838622,JAM,SGP,0484
4238,113,192,696,1997.0,49489.0,15697.0,0.641787,0.484512,JOR,SGP,0484
4239,114,192,696,1997.0,6023902.0,2871207.0,2.771316,0.545821,JPN,SGP,0484
4240,116,192,696,1997.0,0.0,161015.0,-0.363967,0.218183,KEN,SGP,0484
4241,118,192,696,1997.0,0.0,386752.0,-1.3386770000000001,-1.2547110000000001,KHM,SGP,0484
4242,121,192,696,1997.0,278589.0,202727.0,1.2642,1.164231,KOR,SGP,0484
4243,122,192,696,1997.0,0.0,763883.0,-1.0192139999999998,-1.193627,KWT,SGP,0484
4244,123,192,696,1997.0,0.0,3778.0,-0.81187,-0.851834,LAO,SGP,0484
4245,124,192,696,1997.0,0.0,160303.0,0.28229299999999996,1.0650549999999999,LBN,SGP,0484
4246,128,192,696,1997.0,0.0,129268.0,-0.6467470000000001,-0.27831300000000003,LKA,SGP,0484
4247,133,192,696,1997.0,1635.0,5938.0,-0.061292,-0.44707399999999997,MAC,SGP,0484
4248,136,192,696,1997.0,0.0,9281.0,-1.090898,-0.605175,MDG,SGP,0484
4249,137,192,696,1997.0,0.0,1500559.0,-1.0046620000000002,-1.0400340000000001,MDV,SGP,0484
4250,138,192,696,1997.0,10762.0,0.0,0.7735350000000001,0.9161590000000001,MEX,SGP,0484
4251,139,192,696,1997.0,0.0,1645.0,-0.30945700000000004,-0.822207,MHL,SGP,0484
4252,142,192,696,1997.0,60548.0,0.0,1.1063180000000001,0.377209,MLT,SGP,0484
4253,143,192,696,1997.0,0.0,2067583.0,-1.222694,-0.9493,MMR,SGP,0484
4254,145,192,696,1997.0,0.0,40576.0,-0.569797,-0.9604370000000001,MNG,SGP,0484
4255,146,192,696,1997.0,0.0,3289.0,-0.698376,-0.9790459999999999,MNP,SGP,0484
4256,151,192,696,1997.0,3684.0,273021.0,-0.42358999999999997,-0.680841,MUS,SGP,0484
4257,153,192,696,1997.0,29971570.0,4043188.0,0.526754,0.33065700000000003,MYS,SGP,0484
4258,156,192,696,1997.0,0.0,130048.0,-0.600665,-0.8788389999999999,NCL,SGP,0484
4259,159,192,696,1997.0,0.0,68548.0,-1.8354990000000002,-1.246493,NGA,SGP,0484
4260,162,192,696,1997.0,233793.0,18058.0,1.327106,1.520932,NLD,SGP,0484
4261,163,192,696,1997.0,77658.0,5498.0,0.857735,0.061844,NOR,SGP,0484
4262,164,192,696,1997.0,0.0,11851.0,-0.282115,-0.237121,NPL,SGP,0484
4263,166,192,696,1997.0,430654.0,42029.0,0.372052,0.764854,NZL,SGP,0484
4264,167,192,696,1997.0,0.0,542984.0,-0.233342,-0.9922049999999999,OMN,SGP,0484
4265,168,192,696,1997.0,0.0,28004.0,-0.844282,-0.602616,PAK,SGP,0484
4266,174,192,696,1997.0,330286.0,2032659.0,0.044834,0.024782,PHL,SGP,0484
4267,176,192,696,1997.0,0.0,402586.0,-1.960463,-1.270168,PNG,SGP,0484
4268,178,192,696,1997.0,0.0,18636.0,0.734805,0.8720889999999999,PRK,SGP,0484
4269,182,192,696,1997.0,0.0,179902.0,0.431432,-0.5432020000000001,PYF,SGP,0484
4270,183,192,696,1997.0,0.0,153047.0,-1.1276760000000001,-1.233235,QAT,SGP,0484
4271,185,192,696,1997.0,0.0,20281.0,0.666251,1.31932,ROU,SGP,0484
4272,186,192,696,1997.0,0.0,129700.0,0.572773,0.375446,RUS,SGP,0484
4273,188,192,696,1997.0,0.0,1809647.0,-0.300809,-1.0455,SAU,SGP,0484
4274,195,192,696,1997.0,0.0,190554.0,-1.653309,-0.993885,SLB,SGP,0484
4275,208,192,696,1997.0,337898.0,6210.0,2.0806709999999997,0.9541219999999999,SWE,SGP,0484
4276,211,192,696,1997.0,0.0,367687.0,-0.547613,-0.8543209999999999,SYC,SGP,0484
4277,216,192,696,1997.0,5033790.0,593031.0,0.216402,1.366618,THA,SGP,0484
4278,224,192,696,1997.0,20892.0,32357.0,0.154428,1.7573880000000002,TUR,SGP,0484
4279,231,192,696,1997.0,5334846.0,5619122.0,1.875847,0.46257299999999996,USA,SGP,0484
4280,239,192,696,1997.0,343294.0,2073563.0,-0.67516,0.251436,VNM,SGP,0484
4281,240,192,696,1997.0,0.0,77632.0,-1.04932,-0.982175,VUT,SGP,0484
4282,242,192,696,1997.0,0.0,28545.0,-0.40161199999999997,-0.812819,WSM,SGP,0484
4283,243,192,696,1997.0,0.0,26899.0,-1.665484,-1.292243,YEM,SGP,0484
4284,246,192,696,1997.0,20308.0,208543.0,0.29381199999999996,1.276557,ZAF,SGP,0484
4285,249,192,696,1997.0,2578924.0,1297464.0,1.557128,1.434424,TWN,SGP,0484
4286,250,192,696,1997.0,0.0,162940.0,1.004537,0.782725,ANS,SGP,0484
4287,9,206,696,1997.0,0.0,3284.0,0.818788,0.226075,ARM,SVK,0484
4288,15,206,696,1997.0,535475.0,35557.0,1.904005,0.445169,AUT,SVK,0484
4289,18,206,696,1997.0,906390.0,16587.0,1.470183,1.312167,BEL,SVK,0484
4290,26,206,696,1997.0,0.0,15169.0,0.517231,0.321515,BIH,SVK,0484
4291,59,206,696,1997.0,19923832.0,10980459.0,1.450452,1.031814,CZE,SVK,0484
4292,61,206,696,1997.0,2220689.0,13954.0,2.360316,-2.655514,DEU,SVK,0484
4293,64,206,696,1997.0,76396.0,0.0,1.422606,1.395373,DNK,SVK,0484
4294,68,206,696,1997.0,4224.0,0.0,-0.34861,0.005477,EGY,SVK,0484
4295,71,206,696,1997.0,11527.0,0.0,1.068989,1.9429439999999998,ESP,SVK,0484
4296,77,206,696,1997.0,434155.0,0.0,1.6737630000000001,0.7499439999999999,FRA,SVK,0484
4297,81,206,696,1997.0,87355.0,3470.0,1.9742490000000001,0.7046359999999999,GBR,SVK,0484
4298,90,206,696,1997.0,21302.0,0.0,0.225904,1.291959,GRC,SVK,0484
4299,100,206,696,1997.0,202304.0,11408.0,0.61283,1.321775,HRV,SVK,0484
4300,102,206,696,1997.0,1754361.0,543371.0,0.9121799999999999,1.55321,HUN,SVK,0484
4301,110,206,696,1997.0,4571.0,0.0,1.404901,1.072135,ISR,SVK,0484
4302,111,206,696,1997.0,1510154.0,6213.0,1.596917,0.8313959999999999,ITA,SVK,0484
4303,115,206,696,1997.0,0.0,3689.0,0.302596,-0.028221,KAZ,SVK,0484
4304,130,206,696,1997.0,0.0,59809.0,0.360579,1.382816,LTU,SVK,0484
4305,135,206,696,1997.0,0.0,19395.0,0.14225,-0.250556,MDA,SVK,0484
4306,145,206,696,1997.0,0.0,5574.0,-0.569797,-0.9604370000000001,MNG,SVK,0484
4307,162,206,696,1997.0,76106.0,0.0,1.327106,1.520932,NLD,SVK,0484
4308,177,206,696,1997.0,1429292.0,46819.0,0.8447319999999999,2.000241,POL,SVK,0484
4309,185,206,696,1997.0,0.0,18736.0,0.666251,1.31932,ROU,SVK,0484
4310,186,206,696,1997.0,24061.0,353816.0,0.572773,0.375446,RUS,SVK,0484
4311,189,206,696,1997.0,28534.0,160664.0,0.626724,1.7948549999999999,SCG,SVK,0484
4312,207,206,696,1997.0,26450.0,7655.0,1.449492,1.253379,SVN,SVK,0484
4313,208,206,696,1997.0,30955.0,3606.0,2.0806709999999997,0.9541219999999999,SWE,SVK,0484
4314,219,206,696,1997.0,0.0,42388.0,-0.580361,-1.071587,TKM,SVK,0484
4315,224,206,696,1997.0,158543.0,0.0,0.154428,1.7573880000000002,TUR,SVK,0484
4316,228,206,696,1997.0,5061.0,1247678.0,0.7384539999999999,1.096947,UKR,SVK,0484
4317,231,206,696,1997.0,0.0,27379.0,1.875847,0.46257299999999996,USA,SVK,0484
4318,246,206,696,1997.0,0.0,1418.0,0.29381199999999996,1.276557,ZAF,SVK,0484
4319,250,206,696,1997.0,19955.0,9478.0,1.004537,0.782725,ANS,SVK,0484
4320,4,207,696,1997.0,0.0,4853.0,-0.375654,-0.124279,ALB,SVN,0484
4321,14,207,696,1997.0,0.0,14269.0,-0.033861,0.647668,AUS,SVN,0484
4322,15,207,696,1997.0,3597554.0,31362.0,1.904005,0.445169,AUT,SVN,0484
4323,16,207,696,1997.0,0.0,12767.0,0.28532199999999996,-0.00025299999999999997,AZE,SVN,0484
4324,18,207,696,1997.0,742873.0,0.0,1.470183,1.312167,BEL,SVN,0484
4325,23,207,696,1997.0,46517.0,0.0,0.523226,1.4133959999999999,BGR,SVN,0484
4326,26,207,696,1997.0,32345.0,656979.0,0.517231,0.321515,BIH,SVN,0484
4327,28,207,696,1997.0,0.0,63102.0,0.716832,0.706486,BLR,SVN,0484
4328,32,207,696,1997.0,3676.0,0.0,0.805759,1.249182,BRA,SVN,0484
4329,39,207,696,1997.0,0.0,12920.0,0.928586,1.3413389999999998,CAN,SVN,0484
4330,41,207,696,1997.0,12006.0,0.0,2.327788,0.682804,CHE,SVN,0484
4331,43,207,696,1997.0,2170.0,0.0,0.380294,2.389738,CHN,SVN,0484
4332,59,207,696,1997.0,97867.0,119108.0,1.450452,1.031814,CZE,SVN,0484
4333,61,207,696,1997.0,3214147.0,260108.0,2.360316,-2.655514,DEU,SVN,0484
4334,64,207,696,1997.0,43368.0,419385.0,1.422606,1.395373,DNK,SVN,0484
4335,77,207,696,1997.0,800426.0,0.0,1.6737630000000001,0.7499439999999999,FRA,SVN,0484
4336,81,207,696,1997.0,540712.0,0.0,1.9742490000000001,0.7046359999999999,GBR,SVN,0484
4337,90,207,696,1997.0,20714.0,0.0,0.225904,1.291959,GRC,SVN,0484
4338,100,207,696,1997.0,5848536.0,1252923.0,0.61283,1.321775,HRV,SVN,0484
4339,102,207,696,1997.0,277241.0,0.0,0.9121799999999999,1.55321,HUN,SVN,0484
4340,111,207,696,1997.0,10196288.0,0.0,1.596917,0.8313959999999999,ITA,SVN,0484
4341,114,207,696,1997.0,0.0,6057.0,2.771316,0.545821,JPN,SVN,0484
4342,132,207,696,1997.0,0.0,32447.0,0.332958,0.51665,LVA,SVN,0484
4343,138,207,696,1997.0,1186.0,0.0,0.7735350000000001,0.9161590000000001,MEX,SVN,0484
4344,140,207,696,1997.0,763569.0,576142.0,0.297389,0.735171,MKD,SVN,0484
4345,162,207,696,1997.0,1567695.0,0.0,1.327106,1.520932,NLD,SVN,0484
4346,177,207,696,1997.0,24384.0,0.0,0.8447319999999999,2.000241,POL,SVN,0484
4347,186,207,696,1997.0,0.0,163832.0,0.572773,0.375446,RUS,SVN,0484
4348,189,207,696,1997.0,681235.0,190895.0,0.626724,1.7948549999999999,SCG,SVN,0484
4349,206,207,696,1997.0,7655.0,26450.0,1.265691,1.368739,SVK,SVN,0484
4350,208,207,696,1997.0,17222.0,168106.0,2.0806709999999997,0.9541219999999999,SWE,SVN,0484
4351,224,207,696,1997.0,57319.0,32375.0,0.154428,1.7573880000000002,TUR,SVN,0484
4352,231,207,696,1997.0,26778.0,567151.0,1.875847,0.46257299999999996,USA,SVN,0484
4353,250,207,696,1997.0,0.0,13758.0,1.004537,0.782725,ANS,SVN,0484
4354,7,226,696,1997.0,455768.0,0.0,-0.317351,-0.8786510000000001,ARE,TZA,0484
4355,18,226,696,1997.0,6826.0,0.0,1.470183,1.312167,BEL,TZA,0484
4356,39,226,696,1997.0,1741.0,0.0,0.928586,1.3413389999999998,CAN,TZA,0484
4357,46,226,696,1997.0,0.0,35432.0,-1.092385,-1.074017,COD,TZA,0484
4358,61,226,696,1997.0,13668.0,0.0,2.360316,-2.655514,DEU,TZA,0484
4359,64,226,696,1997.0,43344.0,0.0,1.422606,1.395373,DNK,TZA,0484
4360,71,226,696,1997.0,10437.0,0.0,1.068989,1.9429439999999998,ESP,TZA,0484
4361,81,226,696,1997.0,67746.0,0.0,1.9742490000000001,0.7046359999999999,GBR,TZA,0484
4362,104,226,696,1997.0,8623.0,0.0,0.150788,2.027932,IND,TZA,0484
4363,111,226,696,1997.0,33897.0,0.0,1.596917,0.8313959999999999,ITA,TZA,0484
4364,114,226,696,1997.0,8020.0,0.0,2.771316,0.545821,JPN,TZA,0484
4365,116,226,696,1997.0,669622.0,0.0,-0.363967,0.218183,KEN,TZA,0484
4366,151,226,696,1997.0,2457.0,0.0,-0.42358999999999997,-0.680841,MUS,TZA,0484
4367,152,226,696,1997.0,0.0,12896.0,-1.167342,-1.086488,MWI,TZA,0484
4368,163,226,696,1997.0,182557.0,0.0,0.857735,0.061844,NOR,TZA,0484
4369,167,226,696,1997.0,13378.0,0.0,-0.233342,-0.9922049999999999,OMN,TZA,0484
4370,168,226,696,1997.0,5707.0,0.0,-0.844282,-0.602616,PAK,TZA,0484
4371,177,226,696,1997.0,1146.0,0.0,0.8447319999999999,2.000241,POL,TZA,0484
4372,187,226,696,1997.0,195317.0,25452.0,-0.337464,-0.8656,RWA,TZA,0484
4373,188,226,696,1997.0,19808.0,0.0,-0.300809,-1.0455,SAU,TZA,0484
4374,227,226,696,1997.0,800228.0,12370.0,-1.175585,-1.017807,UGA,TZA,0484
4375,231,226,696,1997.0,22053.0,0.0,1.875847,0.46257299999999996,USA,TZA,0484
4376,246,226,696,1997.0,85561.0,0.0,0.29381199999999996,1.276557,ZAF,TZA,0484
4377,247,226,696,1997.0,0.0,155765.0,-0.8659309999999999,-0.88536,ZMB,TZA,0484
4378,9,228,696,1997.0,0.0,11877.0,0.818788,0.226075,ARM,UKR,0484
4379,15,228,696,1997.0,46959.0,0.0,1.904005,0.445169,AUT,UKR,0484
4380,18,228,696,1997.0,1760402.0,0.0,1.470183,1.312167,BEL,UKR,0484
4381,23,228,696,1997.0,1704492.0,3596.0,0.523226,1.4133959999999999,BGR,UKR,0484
4382,28,228,696,1997.0,0.0,1136015.0,0.716832,0.706486,BLR,UKR,0484
4383,39,228,696,1997.0,1824.0,0.0,0.928586,1.3413389999999998,CAN,UKR,0484
4384,41,228,696,1997.0,25103.0,0.0,2.327788,0.682804,CHE,UKR,0484
4385,43,228,696,1997.0,2501.0,0.0,0.380294,2.389738,CHN,UKR,0484
4386,59,228,696,1997.0,490465.0,26349.0,1.450452,1.031814,CZE,UKR,0484
4387,61,228,696,1997.0,7273648.0,113812.0,2.360316,-2.655514,DEU,UKR,0484
4388,64,228,696,1997.0,700061.0,0.0,1.422606,1.395373,DNK,UKR,0484
4389,68,228,696,1997.0,13544.0,0.0,-0.34861,0.005477,EGY,UKR,0484
4390,71,228,696,1997.0,1262169.0,0.0,1.068989,1.9429439999999998,ESP,UKR,0484
4391,72,228,696,1997.0,310109.0,20232.0,0.45792,1.148099,EST,UKR,0484
4392,74,228,696,1997.0,65008.0,0.0,1.991377,1.047477,FIN,UKR,0484
4393,77,228,696,1997.0,1245765.0,0.0,1.6737630000000001,0.7499439999999999,FRA,UKR,0484
4394,81,228,696,1997.0,819071.0,2268.0,1.9742490000000001,0.7046359999999999,GBR,UKR,0484
4395,82,228,696,1997.0,0.0,4336.0,0.347408,0.106341,GEO,UKR,0484
4396,90,228,696,1997.0,145107.0,11043.0,0.225904,1.291959,GRC,UKR,0484
4397,100,228,696,1997.0,8284.0,0.0,0.61283,1.321775,HRV,UKR,0484
4398,102,228,696,1997.0,648821.0,0.0,0.9121799999999999,1.55321,HUN,UKR,0484
4399,107,228,696,1997.0,10532.0,11242.0,-0.8911190000000001,-1.085849,IRN,UKR,0484
4400,110,228,696,1997.0,135141.0,7806.0,1.404901,1.072135,ISR,UKR,0484
4401,111,228,696,1997.0,1401646.0,0.0,1.596917,0.8313959999999999,ITA,UKR,0484
4402,113,228,696,1997.0,3316.0,0.0,0.641787,0.484512,JOR,UKR,0484
4403,115,228,696,1997.0,0.0,508603.0,0.302596,-0.028221,KAZ,UKR,0484
4404,121,228,696,1997.0,121567.0,0.0,1.2642,1.164231,KOR,UKR,0484
4405,124,228,696,1997.0,12267.0,0.0,0.28229299999999996,1.0650549999999999,LBN,UKR,0484
4406,130,228,696,1997.0,201155.0,0.0,0.360579,1.382816,LTU,UKR,0484
4407,132,228,696,1997.0,33289.0,13293.0,0.332958,0.51665,LVA,UKR,0484
4408,135,228,696,1997.0,84326.0,242514.0,0.14225,-0.250556,MDA,UKR,0484
4409,145,228,696,1997.0,0.0,47205.0,-0.569797,-0.9604370000000001,MNG,UKR,0484
4410,153,228,696,1997.0,11746.0,0.0,0.526754,0.33065700000000003,MYS,UKR,0484
4411,162,228,696,1997.0,1154835.0,0.0,1.327106,1.520932,NLD,UKR,0484
4412,177,228,696,1997.0,16916476.0,0.0,0.8447319999999999,2.000241,POL,UKR,0484
4413,178,228,696,1997.0,46173.0,0.0,0.734805,0.8720889999999999,PRK,UKR,0484
4414,179,228,696,1997.0,5721.0,0.0,0.496633,1.025231,PRT,UKR,0484
4415,185,228,696,1997.0,8806.0,0.0,0.666251,1.31932,ROU,UKR,0484
4416,186,228,696,1997.0,367498.0,9179884.0,0.572773,0.375446,RUS,UKR,0484
4417,206,228,696,1997.0,1247678.0,5061.0,1.265691,1.368739,SVK,UKR,0484
4418,208,228,696,1997.0,29769.0,0.0,2.0806709999999997,0.9541219999999999,SWE,UKR,0484
4419,216,228,696,1997.0,4293.0,0.0,0.216402,1.366618,THA,UKR,0484
4420,219,228,696,1997.0,0.0,28167.0,-0.580361,-1.071587,TKM,UKR,0484
4421,224,228,696,1997.0,21906256.0,114714.0,0.154428,1.7573880000000002,TUR,UKR,0484
4422,231,228,696,1997.0,17752.0,11423.0,1.875847,0.46257299999999996,USA,UKR,0484
4423,7,249,696,1997.0,237125.0,99796.0,-0.317351,-0.8786510000000001,ARE,TWN,0484
4424,8,249,696,1997.0,72751.0,11362.0,0.072589,0.965456,ARG,TWN,0484
4425,14,249,696,1997.0,2179948.0,1007932.0,-0.033861,0.647668,AUS,TWN,0484
4426,15,249,696,1997.0,207199.0,10623.0,1.904005,0.445169,AUT,TWN,0484
4427,18,249,696,1997.0,2380791.0,19656.0,1.470183,1.312167,BEL,TWN,0484
4428,24,249,696,1997.0,0.0,34819.0,-0.44965,-1.035584,BHR,TWN,0484
4429,29,249,696,1997.0,0.0,2719.0,-0.640252,-0.833937,BLZ,TWN,0484
4430,32,249,696,1997.0,15589.0,90338.0,0.805759,1.249182,BRA,TWN,0484
4431,34,249,696,1997.0,0.0,14109.0,-0.443665,-0.825732,BRN,TWN,0484
4432,39,249,696,1997.0,158852.0,1418460.0,0.928586,1.3413389999999998,CAN,TWN,0484
4433,41,249,696,1997.0,45976.0,0.0,2.327788,0.682804,CHE,TWN,0484
4434,42,249,696,1997.0,585092.0,4340.0,-0.06841799999999999,-0.21526199999999998,CHL,TWN,0484
4435,43,249,696,1997.0,44966.0,40034.0,0.380294,2.389738,CHN,TWN,0484
4436,52,249,696,1997.0,0.0,2410.0,-0.158667,0.204758,CRI,TWN,0484
4437,61,249,696,1997.0,158200.0,305947.0,2.360316,-2.655514,DEU,TWN,0484
4438,64,249,696,1997.0,162414.0,0.0,1.422606,1.395373,DNK,TWN,0484
4439,71,249,696,1997.0,20992.0,39305.0,1.068989,1.9429439999999998,ESP,TWN,0484
4440,77,249,696,1997.0,633115.0,262556.0,1.6737630000000001,0.7499439999999999,FRA,TWN,0484
4441,81,249,696,1997.0,1451130.0,85028.0,1.9742490000000001,0.7046359999999999,GBR,TWN,0484
4442,90,249,696,1997.0,38047.0,0.0,0.225904,1.291959,GRC,TWN,0484
4443,97,249,696,1997.0,1071314.0,6643370.0,0.475945,1.7576919999999998,HKG,TWN,0484
4444,102,249,696,1997.0,16608.0,0.0,0.9121799999999999,1.55321,HUN,TWN,0484
4445,103,249,696,1997.0,2363424.0,219640.0,-0.21049600000000002,1.318692,IDN,TWN,0484
4446,104,249,696,1997.0,2356.0,0.0,0.150788,2.027932,IND,TWN,0484
4447,106,249,696,1997.0,0.0,1664.0,1.579974,1.018361,IRL,TWN,0484
4448,110,249,696,1997.0,134941.0,0.0,1.404901,1.072135,ISR,TWN,0484
4449,111,249,696,1997.0,3425096.0,5829.0,1.596917,0.8313959999999999,ITA,TWN,0484
4450,112,249,696,1997.0,0.0,1014.0,-0.6338739999999999,-0.838622,JAM,TWN,0484
4451,113,249,696,1997.0,39565.0,0.0,0.641787,0.484512,JOR,TWN,0484
4452,114,249,696,1997.0,22621882.0,4978118.0,2.771316,0.545821,JPN,TWN,0484
4453,121,249,696,1997.0,11058898.0,392763.0,1.2642,1.164231,KOR,TWN,0484
4454,124,249,696,1997.0,0.0,3314.0,0.28229299999999996,1.0650549999999999,LBN,TWN,0484
4455,133,249,696,1997.0,6040.0,588910.0,-0.061292,-0.44707399999999997,MAC,TWN,0484
4456,138,249,696,1997.0,2331.0,2208.0,0.7735350000000001,0.9161590000000001,MEX,TWN,0484
4457,151,249,696,1997.0,0.0,24798.0,-0.42358999999999997,-0.680841,MUS,TWN,0484
4458,153,249,696,1997.0,4711991.0,472066.0,0.526754,0.33065700000000003,MYS,TWN,0484
4459,159,249,696,1997.0,0.0,14398.0,-1.8354990000000002,-1.246493,NGA,TWN,0484
4460,162,249,696,1997.0,245098.0,2681556.0,1.327106,1.520932,NLD,TWN,0484
4461,163,249,696,1997.0,44853.0,9489.0,0.857735,0.061844,NOR,TWN,0484
4462,166,249,696,1997.0,0.0,106571.0,0.372052,0.764854,NZL,TWN,0484
4463,167,249,696,1997.0,0.0,48888.0,-0.233342,-0.9922049999999999,OMN,TWN,0484
4464,169,249,696,1997.0,0.0,1172.0,0.0038,0.036532999999999996,PAN,TWN,0484
4465,174,249,696,1997.0,5674815.0,266122.0,0.044834,0.024782,PHL,TWN,0484
4466,179,249,696,1997.0,84630.0,9668.0,0.496633,1.025231,PRT,TWN,0484
4467,180,249,696,1997.0,0.0,3508.0,-0.6051380000000001,-0.708271,PRY,TWN,0484
4468,186,249,696,1997.0,0.0,4705.0,0.572773,0.375446,RUS,TWN,0484
4469,188,249,696,1997.0,4986.0,105932.0,-0.300809,-1.0455,SAU,TWN,0484
4470,192,249,696,1997.0,1297464.0,2578924.0,1.1946700000000001,0.30503600000000003,SGP,TWN,0484
4471,208,249,696,1997.0,1335.0,5473.0,2.0806709999999997,0.9541219999999999,SWE,TWN,0484
4472,212,249,696,1997.0,9955.0,0.0,-0.932127,-0.963823,SYR,TWN,0484
4473,216,249,696,1997.0,2951910.0,36037.0,0.216402,1.366618,THA,TWN,0484
4474,224,249,696,1997.0,56375.0,6439.0,0.154428,1.7573880000000002,TUR,TWN,0484
4475,230,249,696,1997.0,0.0,2217.0,0.080024,0.669226,URY,TWN,0484
4476,231,249,696,1997.0,5611792.0,9137945.0,1.875847,0.46257299999999996,USA,TWN,0484
4477,239,249,696,1997.0,220827.0,28844.0,-0.67516,0.251436,VNM,TWN,0484
4478,246,249,696,1997.0,198762.0,50887.0,0.29381199999999996,1.276557,ZAF,TWN,0484
4479,250,249,696,1997.0,0.0,325811.0,1.004537,0.782725,ANS,TWN,0484
4480,2,8,696,1997.0,0.0,541141.0,-1.800252,-1.237594,AGO,ARG,0484
4481,6,8,696,1997.0,0.0,30894.0,-0.027541000000000003,-0.56389,ANT,ARG,0484
4482,14,8,696,1997.0,2397.0,1999.0,-0.033861,0.647668,AUS,ARG,0484
4483,18,8,696,1997.0,154505.0,0.0,1.470183,1.312167,BEL,ARG,0484
4484,31,8,696,1997.0,0.0,4744124.0,-0.765684,-0.796686,BOL,ARG,0484
4485,32,8,696,1997.0,4274447.0,15867424.0,0.805759,1.249182,BRA,ARG,0484
4486,39,8,696,1997.0,23918.0,43076.0,0.928586,1.3413389999999998,CAN,ARG,0484
4487,41,8,696,1997.0,115762.0,0.0,2.327788,0.682804,CHE,ARG,0484
4488,42,8,696,1997.0,166314.0,5325048.0,-0.06841799999999999,-0.21526199999999998,CHL,ARG,0484
4489,43,8,696,1997.0,0.0,10275.0,0.380294,2.389738,CHN,ARG,0484
4490,45,8,696,1997.0,0.0,5089.0,-1.0663340000000001,-1.047091,CMR,ARG,0484
4491,46,8,696,1997.0,0.0,52725.0,-1.092385,-1.074017,COD,ARG,0484
4492,49,8,696,1997.0,0.0,9462.0,0.023456,0.057771,COL,ARG,0484
4493,52,8,696,1997.0,0.0,34955.0,-0.158667,0.204758,CRI,ARG,0484
4494,54,8,696,1997.0,0.0,463437.0,-0.793234,-1.169625,CUB,ARG,0484
4495,61,8,696,1997.0,2216439.0,1778.0,2.360316,-2.655514,DEU,ARG,0484
4496,64,8,696,1997.0,701554.0,0.0,1.422606,1.395373,DNK,ARG,0484
4497,65,8,696,1997.0,0.0,151546.0,-0.5140170000000001,-0.564107,DOM,ARG,0484
4498,67,8,696,1997.0,0.0,30444.0,-1.124002,-1.0084549999999999,ECU,ARG,0484
4499,71,8,696,1997.0,801738.0,205657.0,1.068989,1.9429439999999998,ESP,ARG,0484
4500,74,8,696,1997.0,0.0,56639.0,1.991377,1.047477,FIN,ARG,0484
4501,77,8,696,1997.0,719031.0,0.0,1.6737630000000001,0.7499439999999999,FRA,ARG,0484
4502,80,8,696,1997.0,0.0,7368.0,-1.277642,-1.178244,GAB,ARG,0484
4503,81,8,696,1997.0,252010.0,37086.0,1.9742490000000001,0.7046359999999999,GBR,ARG,0484
4504,83,8,696,1997.0,0.0,24682.0,-1.03989,-0.979039,GHA,ARG,0484
4505,90,8,696,1997.0,126698.0,0.0,0.225904,1.291959,GRC,ARG,0484
4506,93,8,696,1997.0,0.0,89906.0,-0.17965,0.23698200000000003,GTM,ARG,0484
4507,97,8,696,1997.0,0.0,45788.0,0.475945,1.7576919999999998,HKG,ARG,0484
4508,100,8,696,1997.0,1963.0,0.0,0.61283,1.321775,HRV,ARG,0484
4509,101,8,696,1997.0,0.0,21941.0,-0.6864100000000001,-0.687077,HTI,ARG,0484
4510,110,8,696,1997.0,161542.0,71731.0,1.404901,1.072135,ISR,ARG,0484
4511,111,8,696,1997.0,3329603.0,12203.0,1.596917,0.8313959999999999,ITA,ARG,0484
4512,112,8,696,1997.0,0.0,292803.0,-0.6338739999999999,-0.838622,JAM,ARG,0484
4513,114,8,696,1997.0,21903.0,38307.0,2.771316,0.545821,JPN,ARG,0484
4514,121,8,696,1997.0,26699.0,48324.0,1.2642,1.164231,KOR,ARG,0484
4515,124,8,696,1997.0,0.0,15125.0,0.28229299999999996,1.0650549999999999,LBN,ARG,0484
4516,138,8,696,1997.0,0.0,20822.0,0.7735350000000001,0.9161590000000001,MEX,ARG,0484
4517,162,8,696,1997.0,105296.0,18666.0,1.327106,1.520932,NLD,ARG,0484
4518,163,8,696,1997.0,1862.0,21403.0,0.857735,0.061844,NOR,ARG,0484
4519,166,8,696,1997.0,2735.0,0.0,0.372052,0.764854,NZL,ARG,0484
4520,169,8,696,1997.0,0.0,102955.0,0.0038,0.036532999999999996,PAN,ARG,0484
4521,173,8,696,1997.0,0.0,180108.0,-0.603019,-0.365845,PER,ARG,0484
4522,179,8,696,1997.0,26153.0,0.0,0.496633,1.025231,PRT,ARG,0484
4523,180,8,696,1997.0,0.0,12115506.0,-0.6051380000000001,-0.708271,PRY,ARG,0484
4524,186,8,696,1997.0,0.0,149148.0,0.572773,0.375446,RUS,ARG,0484
4525,192,8,696,1997.0,0.0,47692.0,1.1946700000000001,0.30503600000000003,SGP,ARG,0484
4526,205,8,696,1997.0,0.0,83162.0,-1.125928,-0.980981,SUR,ARG,0484
4527,208,8,696,1997.0,1126.0,0.0,2.0806709999999997,0.9541219999999999,SWE,ARG,0484
4528,224,8,696,1997.0,2404.0,31264.0,0.154428,1.7573880000000002,TUR,ARG,0484
4529,230,8,696,1997.0,4865142.0,8450063.0,0.080024,0.669226,URY,ARG,0484
4530,231,8,696,1997.0,636513.0,617965.0,1.875847,0.46257299999999996,USA,ARG,0484
4531,236,8,696,1997.0,0.0,15763.0,-0.137776,-0.750744,VEN,ARG,0484
4532,246,8,696,1997.0,0.0,26173.0,0.29381199999999996,1.276557,ZAF,ARG,0484
4533,249,8,696,1997.0,11362.0,72751.0,1.557128,1.434424,TWN,ARG,0484
4534,250,8,696,1997.0,16357.0,0.0,1.004537,0.782725,ANS,ARG,0484
4535,7,17,696,1997.0,31412.0,0.0,-0.317351,-0.8786510000000001,ARE,BDI,0484
4536,18,17,696,1997.0,28565.0,0.0,1.470183,1.312167,BEL,BDI,0484
4537,71,17,696,1997.0,14846.0,0.0,1.068989,1.9429439999999998,ESP,BDI,0484
4538,77,17,696,1997.0,6343.0,0.0,1.6737630000000001,0.7499439999999999,FRA,BDI,0484
4539,116,17,696,1997.0,26949.0,0.0,-0.363967,0.218183,KEN,BDI,0484
4540,162,17,696,1997.0,3915.0,0.0,1.327106,1.520932,NLD,BDI,0484
4541,163,17,696,1997.0,91661.0,0.0,0.857735,0.061844,NOR,BDI,0484
4542,167,17,696,1997.0,12596.0,0.0,-0.233342,-0.9922049999999999,OMN,BDI,0484
4543,231,17,696,1997.0,1063.0,0.0,1.875847,0.46257299999999996,USA,BDI,0484
4544,246,17,696,1997.0,4411.0,0.0,0.29381199999999996,1.276557,ZAF,BDI,0484
4545,2,44,696,1997.0,0.0,50382.0,-1.800252,-1.237594,AGO,CIV,0484
4546,7,44,696,1997.0,209221.0,0.0,-0.317351,-0.8786510000000001,ARE,CIV,0484
4547,18,44,696,1997.0,57065.0,0.0,1.470183,1.312167,BEL,CIV,0484
4548,19,44,696,1997.0,0.0,20645.0,-1.357169,-1.089711,BEN,CIV,0484
4549,21,44,696,1997.0,0.0,381129.0,-0.329098,-0.885215,BFA,CIV,0484
4550,38,44,696,1997.0,0.0,30721.0,-1.590886,-1.038663,CAF,CIV,0484
4551,43,44,696,1997.0,4360.0,0.0,0.380294,2.389738,CHN,CIV,0484
4552,45,44,696,1997.0,0.0,263098.0,-1.0663340000000001,-1.047091,CMR,CIV,0484
4553,46,44,696,1997.0,0.0,29378.0,-1.092385,-1.074017,COD,CIV,0484
4554,47,44,696,1997.0,0.0,236307.0,-1.484108,-1.2106190000000001,COG,CIV,0484
4555,51,44,696,1997.0,0.0,3425.0,1.1987079999999999,0.084231,CPV,CIV,0484
4556,61,44,696,1997.0,8081.0,0.0,2.360316,-2.655514,DEU,CIV,0484
4557,64,44,696,1997.0,88109.0,0.0,1.422606,1.395373,DNK,CIV,0484
4558,71,44,696,1997.0,25833.0,0.0,1.068989,1.9429439999999998,ESP,CIV,0484
4559,77,44,696,1997.0,883930.0,0.0,1.6737630000000001,0.7499439999999999,FRA,CIV,0484
4560,80,44,696,1997.0,0.0,52613.0,-1.277642,-1.178244,GAB,CIV,0484
4561,81,44,696,1997.0,18427.0,2069.0,1.9742490000000001,0.7046359999999999,GBR,CIV,0484
4562,83,44,696,1997.0,0.0,5086664.0,-1.03989,-0.979039,GHA,CIV,0484
4563,85,44,696,1997.0,0.0,59524.0,-1.223583,-1.14157,GIN,CIV,0484
4564,87,44,696,1997.0,0.0,52104.0,-0.686094,-0.8130609999999999,GMB,CIV,0484
4565,88,44,696,1997.0,0.0,17641.0,-1.8178439999999998,-1.023784,GNB,CIV,0484
4566,103,44,696,1997.0,9699.0,0.0,-0.21049600000000002,1.318692,IDN,CIV,0484
4567,110,44,696,1997.0,1583.0,0.0,1.404901,1.072135,ISR,CIV,0484
4568,111,44,696,1997.0,28017.0,0.0,1.596917,0.8313959999999999,ITA,CIV,0484
4569,124,44,696,1997.0,10217.0,0.0,0.28229299999999996,1.0650549999999999,LBN,CIV,0484
4570,125,44,696,1997.0,0.0,294619.0,-0.77544,-1.122642,LBR,CIV,0484
4571,136,44,696,1997.0,0.0,13354.0,-1.090898,-0.605175,MDG,CIV,0484
4572,141,44,696,1997.0,0.0,236436.0,-1.166924,-1.060552,MLI,CIV,0484
4573,147,44,696,1997.0,0.0,5021.0,-0.6075229999999999,-0.870957,MOZ,CIV,0484
4574,157,44,696,1997.0,0.0,23757.0,-0.31505500000000003,-0.542254,NER,CIV,0484
4575,159,44,696,1997.0,3121.0,27800.0,-1.8354990000000002,-1.246493,NGA,CIV,0484
4576,162,44,696,1997.0,104902.0,0.0,1.327106,1.520932,NLD,CIV,0484
4577,168,44,696,1997.0,4100.0,0.0,-0.844282,-0.602616,PAK,CIV,0484
4578,191,44,696,1997.0,0.0,112689.0,-0.660837,-0.768874,SEN,CIV,0484
4579,192,44,696,1997.0,9293.0,0.0,1.1946700000000001,0.30503600000000003,SGP,CIV,0484
4580,196,44,696,1997.0,0.0,57964.0,-0.279858,-0.632066,SLE,CIV,0484
4581,215,44,696,1997.0,0.0,145434.0,-0.881602,-0.81079,TGO,CIV,0484
4582,223,44,696,1997.0,12174.0,0.0,-0.187276,-0.21877600000000003,TUN,CIV,0484
4583,224,44,696,1997.0,16247.0,0.0,0.154428,1.7573880000000002,TUR,CIV,0484
4584,231,44,696,1997.0,16044.0,0.0,1.875847,0.46257299999999996,USA,CIV,0484
4585,239,44,696,1997.0,10525.0,0.0,-0.67516,0.251436,VNM,CIV,0484
4586,246,44,696,1997.0,1230.0,0.0,0.29381199999999996,1.276557,ZAF,CIV,0484
4587,247,44,696,1997.0,0.0,3620.0,-0.8659309999999999,-0.88536,ZMB,CIV,0484
4588,250,44,696,1997.0,3421.0,7725.0,1.004537,0.782725,ANS,CIV,0484
4589,7,45,696,1997.0,13783.0,0.0,-0.317351,-0.8786510000000001,ARE,CMR,0484
4590,8,45,696,1997.0,5089.0,0.0,0.072589,0.965456,ARG,CMR,0484
4591,18,45,696,1997.0,48690.0,0.0,1.470183,1.312167,BEL,CMR,0484
4592,32,45,696,1997.0,32180.0,0.0,0.805759,1.249182,BRA,CMR,0484
4593,38,45,696,1997.0,0.0,3956.0,-1.590886,-1.038663,CAF,CMR,0484
4594,43,45,696,1997.0,3613.0,0.0,0.380294,2.389738,CHN,CMR,0484
4595,44,45,696,1997.0,263098.0,0.0,-0.647407,-0.603726,CIV,CMR,0484
4596,47,45,696,1997.0,0.0,3443.0,-1.484108,-1.2106190000000001,COG,CMR,0484
4597,61,45,696,1997.0,3125.0,0.0,2.360316,-2.655514,DEU,CMR,0484
4598,71,45,696,1997.0,18778.0,0.0,1.068989,1.9429439999999998,ESP,CMR,0484
4599,77,45,696,1997.0,473768.0,0.0,1.6737630000000001,0.7499439999999999,FRA,CMR,0484
4600,80,45,696,1997.0,0.0,12399.0,-1.277642,-1.178244,GAB,CMR,0484
4601,83,45,696,1997.0,5346.0,0.0,-1.03989,-0.979039,GHA,CMR,0484
4602,89,45,696,1997.0,0.0,16169.0,-1.7029490000000003,-0.880605,GNQ,CMR,0484
4603,97,45,696,1997.0,3481.0,0.0,0.475945,1.7576919999999998,HKG,CMR,0484
4604,103,45,696,1997.0,1796.0,0.0,-0.21049600000000002,1.318692,IDN,CMR,0484
4605,104,45,696,1997.0,4192.0,0.0,0.150788,2.027932,IND,CMR,0484
4606,111,45,696,1997.0,20287.0,0.0,1.596917,0.8313959999999999,ITA,CMR,0484
4607,124,45,696,1997.0,4777.0,0.0,0.28229299999999996,1.0650549999999999,LBN,CMR,0484
4608,153,45,696,1997.0,10423.0,0.0,0.526754,0.33065700000000003,MYS,CMR,0484
4609,159,45,696,1997.0,109919.0,0.0,-1.8354990000000002,-1.246493,NGA,CMR,0484
4610,162,45,696,1997.0,144207.0,0.0,1.327106,1.520932,NLD,CMR,0484
4611,168,45,696,1997.0,22028.0,0.0,-0.844282,-0.602616,PAK,CMR,0484
4612,179,45,696,1997.0,6696.0,0.0,0.496633,1.025231,PRT,CMR,0484
4613,188,45,696,1997.0,117023.0,0.0,-0.300809,-1.0455,SAU,CMR,0484
4614,192,45,696,1997.0,8911.0,0.0,1.1946700000000001,0.30503600000000003,SGP,CMR,0484
4615,214,45,696,1997.0,0.0,1718.0,-0.655004,-0.82094,TCD,CMR,0484
4616,224,45,696,1997.0,107984.0,0.0,0.154428,1.7573880000000002,TUR,CMR,0484
4617,231,45,696,1997.0,3415.0,0.0,1.875847,0.46257299999999996,USA,CMR,0484
4618,246,45,696,1997.0,2754.0,0.0,0.29381199999999996,1.276557,ZAF,CMR,0484
4619,250,45,696,1997.0,7699.0,0.0,1.004537,0.782725,ANS,CMR,0484
4620,18,51,696,1997.0,1902.0,0.0,1.470183,1.312167,BEL,CPV,0484
4621,32,51,696,1997.0,32216.0,0.0,0.805759,1.249182,BRA,CPV,0484
4622,44,51,696,1997.0,3425.0,0.0,-0.647407,-0.603726,CIV,CPV,0484
4623,64,51,696,1997.0,20672.0,0.0,1.422606,1.395373,DNK,CPV,0484
4624,71,51,696,1997.0,15988.0,0.0,1.068989,1.9429439999999998,ESP,CPV,0484
4625,81,51,696,1997.0,7521.0,0.0,1.9742490000000001,0.7046359999999999,GBR,CPV,0484
4626,88,51,696,1997.0,0.0,12192.0,-1.8178439999999998,-1.023784,GNB,CPV,0484
4627,111,51,696,1997.0,1433.0,0.0,1.596917,0.8313959999999999,ITA,CPV,0484
4628,162,51,696,1997.0,27424.0,0.0,1.327106,1.520932,NLD,CPV,0484
4629,179,51,696,1997.0,349238.0,10519.0,0.496633,1.025231,PRT,CPV,0484
4630,7,73,696,1997.0,5948.0,0.0,-0.317351,-0.8786510000000001,ARE,ETH,0484
4631,59,73,696,1997.0,0.0,10327.0,1.450452,1.031814,CZE,ETH,0484
4632,61,73,696,1997.0,16378.0,0.0,2.360316,-2.655514,DEU,ETH,0484
4633,62,73,696,1997.0,0.0,2349.0,0.388331,0.05764299999999999,DJI,ETH,0484
4634,64,73,696,1997.0,11961.0,0.0,1.422606,1.395373,DNK,ETH,0484
4635,71,73,696,1997.0,34768.0,0.0,1.068989,1.9429439999999998,ESP,ETH,0484
4636,77,73,696,1997.0,9802.0,0.0,1.6737630000000001,0.7499439999999999,FRA,ETH,0484
4637,104,73,696,1997.0,2156.0,0.0,0.150788,2.027932,IND,ETH,0484
4638,111,73,696,1997.0,95237.0,0.0,1.596917,0.8313959999999999,ITA,ETH,0484
4639,121,73,696,1997.0,26238.0,0.0,1.2642,1.164231,KOR,ETH,0484
4640,138,73,696,1997.0,25073.0,0.0,0.7735350000000001,0.9161590000000001,MEX,ETH,0484
4641,188,73,696,1997.0,92134.0,168487.0,-0.300809,-1.0455,SAU,ETH,0484
4642,208,73,696,1997.0,1785.0,0.0,2.0806709999999997,0.9541219999999999,SWE,ETH,0484
4643,224,73,696,1997.0,17874.0,0.0,0.154428,1.7573880000000002,TUR,ETH,0484
4644,231,73,696,1997.0,2196.0,0.0,1.875847,0.46257299999999996,USA,ETH,0484
4645,243,73,696,1997.0,437402.0,0.0,-1.665484,-1.292243,YEM,ETH,0484
4646,246,73,696,1997.0,11452.0,0.0,0.29381199999999996,1.276557,ZAF,ETH,0484
4647,7,80,696,1997.0,5638.0,0.0,-0.317351,-0.8786510000000001,ARE,GAB,0484
4648,8,80,696,1997.0,7368.0,0.0,0.072589,0.965456,ARG,GAB,0484
4649,18,80,696,1997.0,39975.0,0.0,1.470183,1.312167,BEL,GAB,0484
4650,44,80,696,1997.0,52613.0,0.0,-0.647407,-0.603726,CIV,GAB,0484
4651,45,80,696,1997.0,12399.0,0.0,-1.0663340000000001,-1.047091,CMR,GAB,0484
4652,64,80,696,1997.0,35045.0,0.0,1.422606,1.395373,DNK,GAB,0484
4653,68,80,696,1997.0,4251.0,0.0,-0.34861,0.005477,EGY,GAB,0484
4654,71,80,696,1997.0,47633.0,0.0,1.068989,1.9429439999999998,ESP,GAB,0484
4655,77,80,696,1997.0,1018217.0,0.0,1.6737630000000001,0.7499439999999999,FRA,GAB,0484
4656,81,80,696,1997.0,21395.0,0.0,1.9742490000000001,0.7046359999999999,GBR,GAB,0484
4657,103,80,696,1997.0,17863.0,0.0,-0.21049600000000002,1.318692,IDN,GAB,0484
4658,111,80,696,1997.0,27517.0,0.0,1.596917,0.8313959999999999,ITA,GAB,0484
4659,121,80,696,1997.0,29759.0,0.0,1.2642,1.164231,KOR,GAB,0484
4660,124,80,696,1997.0,9785.0,0.0,0.28229299999999996,1.0650549999999999,LBN,GAB,0484
4661,159,80,696,1997.0,8102.0,0.0,-1.8354990000000002,-1.246493,NGA,GAB,0484
4662,162,80,696,1997.0,390262.0,0.0,1.327106,1.520932,NLD,GAB,0484
4663,188,80,696,1997.0,37293.0,0.0,-0.300809,-1.0455,SAU,GAB,0484
4664,191,80,696,1997.0,7761.0,0.0,-0.660837,-0.768874,SEN,GAB,0484
4665,215,80,696,1997.0,14090.0,0.0,-0.881602,-0.81079,TGO,GAB,0484
4666,216,80,696,1997.0,1100.0,0.0,0.216402,1.366618,THA,GAB,0484
4667,223,80,696,1997.0,48064.0,0.0,-0.187276,-0.21877600000000003,TUN,GAB,0484
4668,224,80,696,1997.0,86055.0,0.0,0.154428,1.7573880000000002,TUR,GAB,0484
4669,231,80,696,1997.0,3932.0,0.0,1.875847,0.46257299999999996,USA,GAB,0484
4670,2,83,696,1997.0,0.0,99535.0,-1.800252,-1.237594,AGO,GHA,0484
4671,7,83,696,1997.0,228558.0,0.0,-0.317351,-0.8786510000000001,ARE,GHA,0484
4672,8,83,696,1997.0,24682.0,0.0,0.072589,0.965456,ARG,GHA,0484
4673,18,83,696,1997.0,63616.0,0.0,1.470183,1.312167,BEL,GHA,0484
4674,19,83,696,1997.0,0.0,4661.0,-1.357169,-1.089711,BEN,GHA,0484
4675,21,83,696,1997.0,0.0,12932.0,-0.329098,-0.885215,BFA,GHA,0484
4676,32,83,696,1997.0,26283.0,0.0,0.805759,1.249182,BRA,GHA,0484
4677,44,83,696,1997.0,5086664.0,0.0,-0.647407,-0.603726,CIV,GHA,0484
4678,45,83,696,1997.0,0.0,5346.0,-1.0663340000000001,-1.047091,CMR,GHA,0484
4679,58,83,696,1997.0,5461.0,0.0,0.45144700000000004,0.46707600000000005,CYP,GHA,0484
4680,61,83,696,1997.0,26950.0,6202.0,2.360316,-2.655514,DEU,GHA,0484
4681,64,83,696,1997.0,471364.0,0.0,1.422606,1.395373,DNK,GHA,0484
4682,71,83,696,1997.0,8550.0,0.0,1.068989,1.9429439999999998,ESP,GHA,0484
4683,74,83,696,1997.0,15239.0,0.0,1.991377,1.047477,FIN,GHA,0484
4684,77,83,696,1997.0,41773.0,0.0,1.6737630000000001,0.7499439999999999,FRA,GHA,0484
4685,81,83,696,1997.0,1925866.0,2167.0,1.9742490000000001,0.7046359999999999,GBR,GHA,0484
4686,85,83,696,1997.0,0.0,24161.0,-1.223583,-1.14157,GIN,GHA,0484
4687,87,83,696,1997.0,0.0,6125.0,-0.686094,-0.8130609999999999,GMB,GHA,0484
4688,103,83,696,1997.0,55559.0,0.0,-0.21049600000000002,1.318692,IDN,GHA,0484
4689,110,83,696,1997.0,2123.0,0.0,1.404901,1.072135,ISR,GHA,0484
4690,111,83,696,1997.0,12204.0,0.0,1.596917,0.8313959999999999,ITA,GHA,0484
4691,112,83,696,1997.0,41553.0,0.0,-0.6338739999999999,-0.838622,JAM,GHA,0484
4692,121,83,696,1997.0,6829.0,0.0,1.2642,1.164231,KOR,GHA,0484
4693,124,83,696,1997.0,1713.0,36847.0,0.28229299999999996,1.0650549999999999,LBN,GHA,0484
4694,125,83,696,1997.0,0.0,20764.0,-0.77544,-1.122642,LBR,GHA,0484
4695,153,83,696,1997.0,191612.0,0.0,0.526754,0.33065700000000003,MYS,GHA,0484
4696,157,83,696,1997.0,0.0,75965.0,-0.31505500000000003,-0.542254,NER,GHA,0484
4697,159,83,696,1997.0,56486.0,9447.0,-1.8354990000000002,-1.246493,NGA,GHA,0484
4698,162,83,696,1997.0,87215.0,0.0,1.327106,1.520932,NLD,GHA,0484
4699,168,83,696,1997.0,11551.0,0.0,-0.844282,-0.602616,PAK,GHA,0484
4700,188,83,696,1997.0,79872.0,0.0,-0.300809,-1.0455,SAU,GHA,0484
4701,190,83,696,1997.0,0.0,203795.0,-1.248538,-1.197904,SDN,GHA,0484
4702,192,83,696,1997.0,4614.0,0.0,1.1946700000000001,0.30503600000000003,SGP,GHA,0484
4703,196,83,696,1997.0,7558.0,0.0,-0.279858,-0.632066,SLE,GHA,0484
4704,208,83,696,1997.0,2326.0,0.0,2.0806709999999997,0.9541219999999999,SWE,GHA,0484
4705,215,83,696,1997.0,18482.0,57191.0,-0.881602,-0.81079,TGO,GHA,0484
4706,224,83,696,1997.0,62866.0,0.0,0.154428,1.7573880000000002,TUR,GHA,0484
4707,231,83,696,1997.0,70243.0,0.0,1.875847,0.46257299999999996,USA,GHA,0484
4708,243,83,696,1997.0,64316.0,0.0,-1.665484,-1.292243,YEM,GHA,0484
4709,246,83,696,1997.0,65806.0,0.0,0.29381199999999996,1.276557,ZAF,GHA,0484
4710,250,83,696,1997.0,153634.0,0.0,1.004537,0.782725,ANS,GHA,0484
4711,7,116,696,1997.0,60290.0,0.0,-0.317351,-0.8786510000000001,ARE,KEN,0484
4712,17,116,696,1997.0,0.0,26949.0,-1.5636430000000001,-1.0257479999999999,BDI,KEN,0484
4713,18,116,696,1997.0,21218.0,0.0,1.470183,1.312167,BEL,KEN,0484
4714,46,116,696,1997.0,0.0,294000.0,-1.092385,-1.074017,COD,KEN,0484
4715,47,116,696,1997.0,0.0,22741.0,-1.484108,-1.2106190000000001,COG,KEN,0484
4716,50,116,696,1997.0,0.0,1445.0,0.44647200000000004,-0.524514,COM,KEN,0484
4717,61,116,696,1997.0,4970.0,0.0,2.360316,-2.655514,DEU,KEN,0484
4718,64,116,696,1997.0,194321.0,0.0,1.422606,1.395373,DNK,KEN,0484
4719,68,116,696,1997.0,5719.0,0.0,-0.34861,0.005477,EGY,KEN,0484
4720,71,116,696,1997.0,6714.0,0.0,1.068989,1.9429439999999998,ESP,KEN,0484
4721,77,116,696,1997.0,11834.0,0.0,1.6737630000000001,0.7499439999999999,FRA,KEN,0484
4722,81,116,696,1997.0,485644.0,0.0,1.9742490000000001,0.7046359999999999,GBR,KEN,0484
4723,103,116,696,1997.0,4318.0,0.0,-0.21049600000000002,1.318692,IDN,KEN,0484
4724,104,116,696,1997.0,40665.0,0.0,0.150788,2.027932,IND,KEN,0484
4725,106,116,696,1997.0,3756.0,0.0,1.579974,1.018361,IRL,KEN,0484
4726,111,116,696,1997.0,57499.0,0.0,1.596917,0.8313959999999999,ITA,KEN,0484
4727,114,116,696,1997.0,3171.0,0.0,2.771316,0.545821,JPN,KEN,0484
4728,151,116,696,1997.0,46378.0,0.0,-0.42358999999999997,-0.680841,MUS,KEN,0484
4729,162,116,696,1997.0,49811.0,0.0,1.327106,1.520932,NLD,KEN,0484
4730,163,116,696,1997.0,1526835.0,0.0,0.857735,0.061844,NOR,KEN,0484
4731,187,116,696,1997.0,0.0,388495.0,-0.337464,-0.8656,RWA,KEN,0484
4732,188,116,696,1997.0,12760.0,0.0,-0.300809,-1.0455,SAU,KEN,0484
4733,190,116,696,1997.0,0.0,28461.0,-1.248538,-1.197904,SDN,KEN,0484
4734,192,116,696,1997.0,161015.0,0.0,1.1946700000000001,0.30503600000000003,SGP,KEN,0484
4735,199,116,696,1997.0,0.0,305562.0,-0.66794,-0.8626299999999999,SOM,KEN,0484
4736,216,116,696,1997.0,10513.0,11046.0,0.216402,1.366618,THA,KEN,0484
4737,226,116,696,1997.0,0.0,669622.0,-1.243443,-0.537161,TZA,KEN,0484
4738,227,116,696,1997.0,0.0,2499354.0,-1.175585,-1.017807,UGA,KEN,0484
4739,231,116,696,1997.0,6768.0,0.0,1.875847,0.46257299999999996,USA,KEN,0484
4740,246,116,696,1997.0,44443.0,19434.0,0.29381199999999996,1.276557,ZAF,KEN,0484
4741,250,116,696,1997.0,0.0,6051.0,1.004537,0.782725,ANS,KEN,0484
4742,7,134,696,1997.0,0.0,2964.0,-0.317351,-0.8786510000000001,ARE,MAR,0484
4743,18,134,696,1997.0,59755.0,2099.0,1.470183,1.312167,BEL,MAR,0484
4744,41,134,696,1997.0,25077.0,2155.0,2.327788,0.682804,CHE,MAR,0484
4745,47,134,696,1997.0,0.0,13794.0,-1.484108,-1.2106190000000001,COG,MAR,0484
4746,61,134,696,1997.0,213128.0,10990.0,2.360316,-2.655514,DEU,MAR,0484
4747,64,134,696,1997.0,53394.0,8983.0,1.422606,1.395373,DNK,MAR,0484
4748,68,134,696,1997.0,14368.0,0.0,-0.34861,0.005477,EGY,MAR,0484
4749,71,134,696,1997.0,744819.0,44246.0,1.068989,1.9429439999999998,ESP,MAR,0484
4750,77,134,696,1997.0,571145.0,162266.0,1.6737630000000001,0.7499439999999999,FRA,MAR,0484
4751,81,134,696,1997.0,180694.0,2518.0,1.9742490000000001,0.7046359999999999,GBR,MAR,0484
4752,104,134,696,1997.0,1531.0,0.0,0.150788,2.027932,IND,MAR,0484
4753,111,134,696,1997.0,134430.0,0.0,1.596917,0.8313959999999999,ITA,MAR,0484
4754,124,134,696,1997.0,0.0,58905.0,0.28229299999999996,1.0650549999999999,LBN,MAR,0484
4755,126,134,696,1997.0,0.0,13202.0,-0.662351,-1.1515309999999999,LBY,MAR,0484
4756,138,134,696,1997.0,0.0,1443.0,0.7735350000000001,0.9161590000000001,MEX,MAR,0484
4757,148,134,696,1997.0,0.0,6820.0,-1.730246,-1.3439969999999999,MRT,MAR,0484
4758,153,134,696,1997.0,79693.0,0.0,0.526754,0.33065700000000003,MYS,MAR,0484
4759,157,134,696,1997.0,0.0,4480.0,-0.31505500000000003,-0.542254,NER,MAR,0484
4760,162,134,696,1997.0,85663.0,1967.0,1.327106,1.520932,NLD,MAR,0484
4761,179,134,696,1997.0,11932.0,0.0,0.496633,1.025231,PRT,MAR,0484
4762,216,134,696,1997.0,14528.0,0.0,0.216402,1.366618,THA,MAR,0484
4763,223,134,696,1997.0,0.0,55230.0,-0.187276,-0.21877600000000003,TUN,MAR,0484
4764,224,134,696,1997.0,72883.0,0.0,0.154428,1.7573880000000002,TUR,MAR,0484
4765,231,134,696,1997.0,176916.0,0.0,1.875847,0.46257299999999996,USA,MAR,0484
4766,81,152,696,1997.0,30658.0,0.0,1.9742490000000001,0.7046359999999999,GBR,MWI,0484
4767,104,152,696,1997.0,18768.0,0.0,0.150788,2.027932,IND,MWI,0484
4768,111,152,696,1997.0,6427.0,0.0,1.596917,0.8313959999999999,ITA,MWI,0484
4769,124,152,696,1997.0,8343.0,0.0,0.28229299999999996,1.0650549999999999,LBN,MWI,0484
4770,226,152,696,1997.0,12896.0,0.0,-1.243443,-0.537161,TZA,MWI,0484
4771,246,152,696,1997.0,171596.0,0.0,0.29381199999999996,1.276557,ZAF,MWI,0484
4772,247,152,696,1997.0,0.0,17676.0,-0.8659309999999999,-0.88536,ZMB,MWI,0484
4773,8,173,696,1997.0,180108.0,0.0,0.072589,0.965456,ARG,PER,0484
4774,31,173,696,1997.0,0.0,113405.0,-0.765684,-0.796686,BOL,PER,0484
4775,32,173,696,1997.0,112930.0,0.0,0.805759,1.249182,BRA,PER,0484
4776,39,173,696,1997.0,57323.0,0.0,0.928586,1.3413389999999998,CAN,PER,0484
4777,41,173,696,1997.0,6604.0,0.0,2.327788,0.682804,CHE,PER,0484
4778,42,173,696,1997.0,1831874.0,17256.0,-0.06841799999999999,-0.21526199999999998,CHL,PER,0484
4779,43,173,696,1997.0,8527.0,0.0,0.380294,2.389738,CHN,PER,0484
4780,49,173,696,1997.0,3919418.0,0.0,0.023456,0.057771,COL,PER,0484
4781,52,173,696,1997.0,38544.0,0.0,-0.158667,0.204758,CRI,PER,0484
4782,61,173,696,1997.0,171535.0,0.0,2.360316,-2.655514,DEU,PER,0484
4783,64,173,696,1997.0,440062.0,0.0,1.422606,1.395373,DNK,PER,0484
4784,67,173,696,1997.0,205063.0,26395.0,-1.124002,-1.0084549999999999,ECU,PER,0484
4785,71,173,696,1997.0,33741.0,20196.0,1.068989,1.9429439999999998,ESP,PER,0484
4786,77,173,696,1997.0,27236.0,0.0,1.6737630000000001,0.7499439999999999,FRA,PER,0484
4787,81,173,696,1997.0,62987.0,0.0,1.9742490000000001,0.7046359999999999,GBR,PER,0484
4788,93,173,696,1997.0,9194.0,69025.0,-0.17965,0.23698200000000003,GTM,PER,0484
4789,97,173,696,1997.0,5335.0,0.0,0.475945,1.7576919999999998,HKG,PER,0484
4790,103,173,696,1997.0,10903.0,0.0,-0.21049600000000002,1.318692,IDN,PER,0484
4791,111,173,696,1997.0,134323.0,0.0,1.596917,0.8313959999999999,ITA,PER,0484
4792,114,173,696,1997.0,11195.0,35779.0,2.771316,0.545821,JPN,PER,0484
4793,121,173,696,1997.0,10054.0,0.0,1.2642,1.164231,KOR,PER,0484
4794,138,173,696,1997.0,454985.0,0.0,0.7735350000000001,0.9161590000000001,MEX,PER,0484
4795,162,173,696,1997.0,1763.0,0.0,1.327106,1.520932,NLD,PER,0484
4796,231,173,696,1997.0,482131.0,258694.0,1.875847,0.46257299999999996,USA,PER,0484
4797,236,173,696,1997.0,675553.0,0.0,-0.137776,-0.750744,VEN,PER,0484
4798,246,173,696,1997.0,0.0,19934.0,0.29381199999999996,1.276557,ZAF,PER,0484
4799,7,247,696,1997.0,51623.0,0.0,-0.317351,-0.8786510000000001,ARE,ZMB,0484
4800,18,247,696,1997.0,10166.0,0.0,1.470183,1.312167,BEL,ZMB,0484
4801,44,247,696,1997.0,3620.0,0.0,-0.647407,-0.603726,CIV,ZMB,0484
4802,47,247,696,1997.0,0.0,31464.0,-1.484108,-1.2106190000000001,COG,ZMB,0484
4803,61,247,696,1997.0,5960.0,0.0,2.360316,-2.655514,DEU,ZMB,0484
4804,64,247,696,1997.0,8704.0,0.0,1.422606,1.395373,DNK,ZMB,0484
4805,68,247,696,1997.0,279657.0,0.0,-0.34861,0.005477,EGY,ZMB,0484
4806,71,247,696,1997.0,20943.0,0.0,1.068989,1.9429439999999998,ESP,ZMB,0484
4807,81,247,696,1997.0,1199.0,0.0,1.9742490000000001,0.7046359999999999,GBR,ZMB,0484
4808,90,247,696,1997.0,7522.0,0.0,0.225904,1.291959,GRC,ZMB,0484
4809,104,247,696,1997.0,14776.0,0.0,0.150788,2.027932,IND,ZMB,0484
4810,111,247,696,1997.0,1571.0,0.0,1.596917,0.8313959999999999,ITA,ZMB,0484
4811,124,247,696,1997.0,1894.0,0.0,0.28229299999999996,1.0650549999999999,LBN,ZMB,0484
4812,152,247,696,1997.0,17676.0,0.0,-1.167342,-1.086488,MWI,ZMB,0484
4813,168,247,696,1997.0,15364.0,0.0,-0.844282,-0.602616,PAK,ZMB,0484
4814,188,247,696,1997.0,20984.0,0.0,-0.300809,-1.0455,SAU,ZMB,0484
4815,226,247,696,1997.0,155765.0,0.0,-1.243443,-0.537161,TZA,ZMB,0484
4816,246,247,696,1997.0,1220548.0,0.0,0.29381199999999996,1.276557,ZAF,ZMB,0484
4817,248,247,696,1997.0,27290.0,0.0,-0.5328609999999999,-0.509275,ZWE,ZMB,0484
4818,18,9,696,1997.0,110795.0,0.0,1.470183,1.312167,BEL,ARM,0484
4819,23,9,696,1997.0,110161.0,0.0,0.523226,1.4133959999999999,BGR,ARM,0484
4820,28,9,696,1997.0,1388.0,0.0,0.716832,0.706486,BLR,ARM,0484
4821,41,9,696,1997.0,1859.0,0.0,2.327788,0.682804,CHE,ARM,0484
4822,61,9,696,1997.0,79113.0,0.0,2.360316,-2.655514,DEU,ARM,0484
4823,64,9,696,1997.0,71934.0,0.0,1.422606,1.395373,DNK,ARM,0484
4824,71,9,696,1997.0,19762.0,0.0,1.068989,1.9429439999999998,ESP,ARM,0484
4825,77,9,696,1997.0,27612.0,0.0,1.6737630000000001,0.7499439999999999,FRA,ARM,0484
4826,81,9,696,1997.0,40700.0,0.0,1.9742490000000001,0.7046359999999999,GBR,ARM,0484
4827,90,9,696,1997.0,13857.0,0.0,0.225904,1.291959,GRC,ARM,0484
4828,107,9,696,1997.0,1147177.0,0.0,-0.8911190000000001,-1.085849,IRN,ARM,0484
4829,111,9,696,1997.0,56563.0,0.0,1.596917,0.8313959999999999,ITA,ARM,0484
4830,132,9,696,1997.0,20083.0,0.0,0.332958,0.51665,LVA,ARM,0484
4831,162,9,696,1997.0,57687.0,0.0,1.327106,1.520932,NLD,ARM,0484
4832,186,9,696,1997.0,27458.0,0.0,0.572773,0.375446,RUS,ARM,0484
4833,206,9,696,1997.0,3284.0,0.0,1.265691,1.368739,SVK,ARM,0484
4834,224,9,696,1997.0,121446.0,0.0,0.154428,1.7573880000000002,TUR,ARM,0484
4835,228,9,696,1997.0,11877.0,0.0,0.7384539999999999,1.096947,UKR,ARM,0484
4836,231,9,696,1997.0,13080.0,0.0,1.875847,0.46257299999999996,USA,ARM,0484
4837,15,82,696,1997.0,7966.0,0.0,1.904005,0.445169,AUT,GEO,0484
4838,18,82,696,1997.0,114131.0,0.0,1.470183,1.312167,BEL,GEO,0484
4839,23,82,696,1997.0,1047057.0,0.0,0.523226,1.4133959999999999,BGR,GEO,0484
4840,41,82,696,1997.0,8594.0,0.0,2.327788,0.682804,CHE,GEO,0484
4841,43,82,696,1997.0,5418.0,0.0,0.380294,2.389738,CHN,GEO,0484
4842,59,82,696,1997.0,4729.0,0.0,1.450452,1.031814,CZE,GEO,0484
4843,61,82,696,1997.0,265834.0,0.0,2.360316,-2.655514,DEU,GEO,0484
4844,64,82,696,1997.0,221127.0,0.0,1.422606,1.395373,DNK,GEO,0484
4845,71,82,696,1997.0,127428.0,0.0,1.068989,1.9429439999999998,ESP,GEO,0484
4846,72,82,696,1997.0,9968.0,0.0,0.45792,1.148099,EST,GEO,0484
4847,77,82,696,1997.0,6438.0,0.0,1.6737630000000001,0.7499439999999999,FRA,GEO,0484
4848,81,82,696,1997.0,22362.0,0.0,1.9742490000000001,0.7046359999999999,GBR,GEO,0484
4849,90,82,696,1997.0,50799.0,0.0,0.225904,1.291959,GRC,GEO,0484
4850,107,82,696,1997.0,220012.0,0.0,-0.8911190000000001,-1.085849,IRN,GEO,0484
4851,110,82,696,1997.0,35955.0,0.0,1.404901,1.072135,ISR,GEO,0484
4852,111,82,696,1997.0,205832.0,0.0,1.596917,0.8313959999999999,ITA,GEO,0484
4853,162,82,696,1997.0,31746.0,0.0,1.327106,1.520932,NLD,GEO,0484
4854,169,82,696,1997.0,4967.0,0.0,0.0038,0.036532999999999996,PAN,GEO,0484
4855,177,82,696,1997.0,65151.0,0.0,0.8447319999999999,2.000241,POL,GEO,0484
4856,186,82,696,1997.0,134716.0,0.0,0.572773,0.375446,RUS,GEO,0484
4857,212,82,696,1997.0,4666.0,0.0,-0.932127,-0.963823,SYR,GEO,0484
4858,224,82,696,1997.0,2989727.0,0.0,0.154428,1.7573880000000002,TUR,GEO,0484
4859,228,82,696,1997.0,4336.0,0.0,0.7384539999999999,1.096947,UKR,GEO,0484
4860,231,82,696,1997.0,23355.0,0.0,1.875847,0.46257299999999996,USA,GEO,0484
4861,4,100,696,1997.0,0.0,6593.0,-0.375654,-0.124279,ALB,HRV,0484
4862,8,100,696,1997.0,0.0,1963.0,0.072589,0.965456,ARG,HRV,0484
4863,14,100,696,1997.0,0.0,642668.0,-0.033861,0.647668,AUS,HRV,0484
4864,15,100,696,1997.0,2148761.0,47582.0,1.904005,0.445169,AUT,HRV,0484
4865,18,100,696,1997.0,869223.0,0.0,1.470183,1.312167,BEL,HRV,0484
4866,23,100,696,1997.0,38713.0,0.0,0.523226,1.4133959999999999,BGR,HRV,0484
4867,26,100,696,1997.0,609310.0,12455223.0,0.517231,0.321515,BIH,HRV,0484
4868,39,100,696,1997.0,0.0,189125.0,0.928586,1.3413389999999998,CAN,HRV,0484
4869,41,100,696,1997.0,89710.0,64313.0,2.327788,0.682804,CHE,HRV,0484
4870,59,100,696,1997.0,52453.0,397129.0,1.450452,1.031814,CZE,HRV,0484
4871,61,100,696,1997.0,2187668.0,538608.0,2.360316,-2.655514,DEU,HRV,0484
4872,64,100,696,1997.0,49399.0,0.0,1.422606,1.395373,DNK,HRV,0484
4873,71,100,696,1997.0,4367.0,0.0,1.068989,1.9429439999999998,ESP,HRV,0484
4874,72,100,696,1997.0,0.0,7515.0,0.45792,1.148099,EST,HRV,0484
4875,74,100,696,1997.0,62023.0,0.0,1.991377,1.047477,FIN,HRV,0484
4876,77,100,696,1997.0,294037.0,3570.0,1.6737630000000001,0.7499439999999999,FRA,HRV,0484
4877,81,100,696,1997.0,829144.0,2369.0,1.9742490000000001,0.7046359999999999,GBR,HRV,0484
4878,90,100,696,1997.0,127068.0,0.0,0.225904,1.291959,GRC,HRV,0484
4879,102,100,696,1997.0,678367.0,0.0,0.9121799999999999,1.55321,HUN,HRV,0484
4880,110,100,696,1997.0,25047.0,0.0,1.404901,1.072135,ISR,HRV,0484
4881,111,100,696,1997.0,5268542.0,0.0,1.596917,0.8313959999999999,ITA,HRV,0484
4882,130,100,696,1997.0,0.0,2968.0,0.360579,1.382816,LTU,HRV,0484
4883,132,100,696,1997.0,0.0,9335.0,0.332958,0.51665,LVA,HRV,0484
4884,140,100,696,1997.0,197804.0,1063233.0,0.297389,0.735171,MKD,HRV,0484
4885,142,100,696,1997.0,0.0,53509.0,1.1063180000000001,0.377209,MLT,HRV,0484
4886,162,100,696,1997.0,2357770.0,18875.0,1.327106,1.520932,NLD,HRV,0484
4887,166,100,696,1997.0,0.0,14312.0,0.372052,0.764854,NZL,HRV,0484
4888,177,100,696,1997.0,48892.0,0.0,0.8447319999999999,2.000241,POL,HRV,0484
4889,186,100,696,1997.0,0.0,442789.0,0.572773,0.375446,RUS,HRV,0484
4890,188,100,696,1997.0,0.0,1554982.0,-0.300809,-1.0455,SAU,HRV,0484
4891,189,100,696,1997.0,132482.0,15941.0,0.626724,1.7948549999999999,SCG,HRV,0484
4892,206,100,696,1997.0,11408.0,202304.0,1.265691,1.368739,SVK,HRV,0484
4893,207,100,696,1997.0,1252923.0,5848536.0,1.449492,1.253379,SVN,HRV,0484
4894,208,100,696,1997.0,45008.0,113728.0,2.0806709999999997,0.9541219999999999,SWE,HRV,0484
4895,224,100,696,1997.0,714064.0,0.0,0.154428,1.7573880000000002,TUR,HRV,0484
4896,228,100,696,1997.0,0.0,8284.0,0.7384539999999999,1.096947,UKR,HRV,0484
4897,231,100,696,1997.0,0.0,655035.0,1.875847,0.46257299999999996,USA,HRV,0484
4898,18,135,696,1997.0,56526.0,0.0,1.470183,1.312167,BEL,MDA,0484
4899,23,135,696,1997.0,203111.0,0.0,0.523226,1.4133959999999999,BGR,MDA,0484
4900,59,135,696,1997.0,101354.0,0.0,1.450452,1.031814,CZE,MDA,0484
4901,61,135,696,1997.0,620351.0,41759.0,2.360316,-2.655514,DEU,MDA,0484
4902,64,135,696,1997.0,102403.0,0.0,1.422606,1.395373,DNK,MDA,0484
4903,74,135,696,1997.0,18269.0,0.0,1.991377,1.047477,FIN,MDA,0484
4904,77,135,696,1997.0,242209.0,0.0,1.6737630000000001,0.7499439999999999,FRA,MDA,0484
4905,81,135,696,1997.0,9106.0,0.0,1.9742490000000001,0.7046359999999999,GBR,MDA,0484
4906,90,135,696,1997.0,80899.0,0.0,0.225904,1.291959,GRC,MDA,0484
4907,102,135,696,1997.0,11856.0,0.0,0.9121799999999999,1.55321,HUN,MDA,0484
4908,107,135,696,1997.0,16934.0,0.0,-0.8911190000000001,-1.085849,IRN,MDA,0484
4909,110,135,696,1997.0,51325.0,0.0,1.404901,1.072135,ISR,MDA,0484
4910,111,135,696,1997.0,253884.0,0.0,1.596917,0.8313959999999999,ITA,MDA,0484
4911,130,135,696,1997.0,10950.0,0.0,0.360579,1.382816,LTU,MDA,0484
4912,162,135,696,1997.0,18248.0,0.0,1.327106,1.520932,NLD,MDA,0484
4913,177,135,696,1997.0,717281.0,0.0,0.8447319999999999,2.000241,POL,MDA,0484
4914,185,135,696,1997.0,470731.0,53414.0,0.666251,1.31932,ROU,MDA,0484
4915,186,135,696,1997.0,27454.0,525577.0,0.572773,0.375446,RUS,MDA,0484
4916,206,135,696,1997.0,19395.0,0.0,1.265691,1.368739,SVK,MDA,0484
4917,224,135,696,1997.0,153773.0,0.0,0.154428,1.7573880000000002,TUR,MDA,0484
4918,228,135,696,1997.0,242514.0,84326.0,0.7384539999999999,1.096947,UKR,MDA,0484
4919,231,135,696,1997.0,5782.0,0.0,1.875847,0.46257299999999996,USA,MDA,0484
4920,7,142,696,1997.0,15690.0,166558.0,-0.317351,-0.8786510000000001,ARE,MLT,0484
4921,15,142,696,1997.0,9508.0,0.0,1.904005,0.445169,AUT,MLT,0484
4922,18,142,696,1997.0,295221.0,0.0,1.470183,1.312167,BEL,MLT,0484
4923,23,142,696,1997.0,1022.0,0.0,0.523226,1.4133959999999999,BGR,MLT,0484
4924,39,142,696,1997.0,21614.0,88024.0,0.928586,1.3413389999999998,CAN,MLT,0484
4925,41,142,696,1997.0,8919.0,0.0,2.327788,0.682804,CHE,MLT,0484
4926,58,142,696,1997.0,27310.0,0.0,0.45144700000000004,0.46707600000000005,CYP,MLT,0484
4927,61,142,696,1997.0,568016.0,0.0,2.360316,-2.655514,DEU,MLT,0484
4928,64,142,696,1997.0,231293.0,0.0,1.422606,1.395373,DNK,MLT,0484
4929,71,142,696,1997.0,221048.0,80719.0,1.068989,1.9429439999999998,ESP,MLT,0484
4930,74,142,696,1997.0,8130.0,0.0,1.991377,1.047477,FIN,MLT,0484
4931,77,142,696,1997.0,1272530.0,0.0,1.6737630000000001,0.7499439999999999,FRA,MLT,0484
4932,81,142,696,1997.0,2961861.0,0.0,1.9742490000000001,0.7046359999999999,GBR,MLT,0484
4933,90,142,696,1997.0,218454.0,0.0,0.225904,1.291959,GRC,MLT,0484
4934,97,142,696,1997.0,3136.0,4044.0,0.475945,1.7576919999999998,HKG,MLT,0484
4935,100,142,696,1997.0,53509.0,0.0,0.61283,1.321775,HRV,MLT,0484
4936,106,142,696,1997.0,11974.0,0.0,1.579974,1.018361,IRL,MLT,0484
4937,110,142,696,1997.0,10412.0,0.0,1.404901,1.072135,ISR,MLT,0484
4938,111,142,696,1997.0,4703308.0,9456.0,1.596917,0.8313959999999999,ITA,MLT,0484
4939,113,142,696,1997.0,0.0,44003.0,0.641787,0.484512,JOR,MLT,0484
4940,122,142,696,1997.0,0.0,30611.0,-1.0192139999999998,-1.193627,KWT,MLT,0484
4941,124,142,696,1997.0,0.0,26551.0,0.28229299999999996,1.0650549999999999,LBN,MLT,0484
4942,126,142,696,1997.0,0.0,136098.0,-0.662351,-1.1515309999999999,LBY,MLT,0484
4943,153,142,696,1997.0,13138.0,0.0,0.526754,0.33065700000000003,MYS,MLT,0484
4944,159,142,696,1997.0,0.0,30691.0,-1.8354990000000002,-1.246493,NGA,MLT,0484
4945,162,142,696,1997.0,319060.0,1246.0,1.327106,1.520932,NLD,MLT,0484
4946,163,142,696,1997.0,3539.0,0.0,0.857735,0.061844,NOR,MLT,0484
4947,167,142,696,1997.0,0.0,139169.0,-0.233342,-0.9922049999999999,OMN,MLT,0484
4948,179,142,696,1997.0,5643.0,41432.0,0.496633,1.025231,PRT,MLT,0484
4949,183,142,696,1997.0,0.0,56570.0,-1.1276760000000001,-1.233235,QAT,MLT,0484
4950,186,142,696,1997.0,0.0,7015.0,0.572773,0.375446,RUS,MLT,0484
4951,188,142,696,1997.0,0.0,16248.0,-0.300809,-1.0455,SAU,MLT,0484
4952,192,142,696,1997.0,0.0,60548.0,1.1946700000000001,0.30503600000000003,SGP,MLT,0484
4953,208,142,696,1997.0,26545.0,0.0,2.0806709999999997,0.9541219999999999,SWE,MLT,0484
4954,223,142,696,1997.0,0.0,3211.0,-0.187276,-0.21877600000000003,TUN,MLT,0484
4955,224,142,696,1997.0,105018.0,0.0,0.154428,1.7573880000000002,TUR,MLT,0484
4956,231,142,696,1997.0,18516.0,3623.0,1.875847,0.46257299999999996,USA,MLT,0484
4957,250,142,696,1997.0,0.0,7965.0,1.004537,0.782725,ANS,MLT,0484
4958,15,185,696,1997.0,150386.0,29751.0,1.904005,0.445169,AUT,ROU,0484
4959,18,185,696,1997.0,200857.0,0.0,1.470183,1.312167,BEL,ROU,0484
4960,23,185,696,1997.0,272598.0,73672.0,0.523226,1.4133959999999999,BGR,ROU,0484
4961,59,185,696,1997.0,55943.0,0.0,1.450452,1.031814,CZE,ROU,0484
4962,61,185,696,1997.0,799621.0,123863.0,2.360316,-2.655514,DEU,ROU,0484
4963,64,185,696,1997.0,12612.0,0.0,1.422606,1.395373,DNK,ROU,0484
4964,67,185,696,1997.0,4160.0,0.0,-1.124002,-1.0084549999999999,ECU,ROU,0484
4965,68,185,696,1997.0,7062.0,1775.0,-0.34861,0.005477,EGY,ROU,0484
4966,71,185,696,1997.0,89911.0,0.0,1.068989,1.9429439999999998,ESP,ROU,0484
4967,77,185,696,1997.0,965189.0,0.0,1.6737630000000001,0.7499439999999999,FRA,ROU,0484
4968,81,185,696,1997.0,46452.0,0.0,1.9742490000000001,0.7046359999999999,GBR,ROU,0484
4969,90,185,696,1997.0,217493.0,2685.0,0.225904,1.291959,GRC,ROU,0484
4970,102,185,696,1997.0,1406487.0,14336.0,0.9121799999999999,1.55321,HUN,ROU,0484
4971,107,185,696,1997.0,549599.0,0.0,-0.8911190000000001,-1.085849,IRN,ROU,0484
4972,110,185,696,1997.0,172150.0,0.0,1.404901,1.072135,ISR,ROU,0484
4973,111,185,696,1997.0,1816296.0,80523.0,1.596917,0.8313959999999999,ITA,ROU,0484
4974,121,185,696,1997.0,4159.0,0.0,1.2642,1.164231,KOR,ROU,0484
4975,124,185,696,1997.0,6260.0,0.0,0.28229299999999996,1.0650549999999999,LBN,ROU,0484
4976,135,185,696,1997.0,53414.0,470731.0,0.14225,-0.250556,MDA,ROU,0484
4977,162,185,696,1997.0,440734.0,0.0,1.327106,1.520932,NLD,ROU,0484
4978,168,185,696,1997.0,4393.0,0.0,-0.844282,-0.602616,PAK,ROU,0484
4979,177,185,696,1997.0,917968.0,42630.0,0.8447319999999999,2.000241,POL,ROU,0484
4980,179,185,696,1997.0,28041.0,0.0,0.496633,1.025231,PRT,ROU,0484
4981,186,185,696,1997.0,130982.0,46779.0,0.572773,0.375446,RUS,ROU,0484
4982,189,185,696,1997.0,23539.0,0.0,0.626724,1.7948549999999999,SCG,ROU,0484
4983,192,185,696,1997.0,20281.0,0.0,1.1946700000000001,0.30503600000000003,SGP,ROU,0484
4984,206,185,696,1997.0,18736.0,0.0,1.265691,1.368739,SVK,ROU,0484
4985,212,185,696,1997.0,151114.0,0.0,-0.932127,-0.963823,SYR,ROU,0484
4986,224,185,696,1997.0,5754108.0,30687.0,0.154428,1.7573880000000002,TUR,ROU,0484
4987,228,185,696,1997.0,0.0,8806.0,0.7384539999999999,1.096947,UKR,ROU,0484
4988,231,185,696,1997.0,3140.0,1739.0,1.875847,0.46257299999999996,USA,ROU,0484
4989,4,189,696,1997.0,0.0,1195.0,-0.375654,-0.124279,ALB,SCG,0484
4990,14,189,696,1997.0,0.0,38662.0,-0.033861,0.647668,AUS,SCG,0484
4991,15,189,696,1997.0,536496.0,3077.0,1.904005,0.445169,AUT,SCG,0484
4992,16,189,696,1997.0,0.0,1035.0,0.28532199999999996,-0.00025299999999999997,AZE,SCG,0484
4993,18,189,696,1997.0,202702.0,0.0,1.470183,1.312167,BEL,SCG,0484
4994,23,189,696,1997.0,243854.0,12289.0,0.523226,1.4133959999999999,BGR,SCG,0484
4995,26,189,696,1997.0,319942.0,3262336.0,0.517231,0.321515,BIH,SCG,0484
4996,28,189,696,1997.0,0.0,7000.0,0.716832,0.706486,BLR,SCG,0484
4997,32,189,696,1997.0,4280.0,0.0,0.805759,1.249182,BRA,SCG,0484
4998,39,189,696,1997.0,0.0,2864.0,0.928586,1.3413389999999998,CAN,SCG,0484
4999,41,189,696,1997.0,0.0,6343.0,2.327788,0.682804,CHE,SCG,0484
5000,58,189,696,1997.0,23171.0,0.0,0.45144700000000004,0.46707600000000005,CYP,SCG,0484
5001,59,189,696,1997.0,30888.0,0.0,1.450452,1.031814,CZE,SCG,0484
5002,61,189,696,1997.0,1286750.0,7986.0,2.360316,-2.655514,DEU,SCG,0484
5003,64,189,696,1997.0,4293.0,2872.0,1.422606,1.395373,DNK,SCG,0484
5004,71,189,696,1997.0,64900.0,0.0,1.068989,1.9429439999999998,ESP,SCG,0484
5005,77,189,696,1997.0,240820.0,19437.0,1.6737630000000001,0.7499439999999999,FRA,SCG,0484
5006,81,189,696,1997.0,42542.0,0.0,1.9742490000000001,0.7046359999999999,GBR,SCG,0484
5007,90,189,696,1997.0,286185.0,0.0,0.225904,1.291959,GRC,SCG,0484
5008,100,189,696,1997.0,15941.0,132482.0,0.61283,1.321775,HRV,SCG,0484
5009,102,189,696,1997.0,715326.0,0.0,0.9121799999999999,1.55321,HUN,SCG,0484
5010,111,189,696,1997.0,1102840.0,0.0,1.596917,0.8313959999999999,ITA,SCG,0484
5011,115,189,696,1997.0,0.0,69977.0,0.302596,-0.028221,KAZ,SCG,0484
5012,140,189,696,1997.0,1229871.0,4109222.0,0.297389,0.735171,MKD,SCG,0484
5013,153,189,696,1997.0,4911.0,0.0,0.526754,0.33065700000000003,MYS,SCG,0484
5014,162,189,696,1997.0,594558.0,0.0,1.327106,1.520932,NLD,SCG,0484
5015,177,189,696,1997.0,7658.0,0.0,0.8447319999999999,2.000241,POL,SCG,0484
5016,185,189,696,1997.0,0.0,23539.0,0.666251,1.31932,ROU,SCG,0484
5017,186,189,696,1997.0,51355.0,254096.0,0.572773,0.375446,RUS,SCG,0484
5018,206,189,696,1997.0,160664.0,28534.0,1.265691,1.368739,SVK,SCG,0484
5019,207,189,696,1997.0,190895.0,681235.0,1.449492,1.253379,SVN,SCG,0484
5020,208,189,696,1997.0,4803.0,14917.0,2.0806709999999997,0.9541219999999999,SWE,SCG,0484
5021,224,189,696,1997.0,1412407.0,0.0,0.154428,1.7573880000000002,TUR,SCG,0484
5022,231,189,696,1997.0,42501.0,29347.0,1.875847,0.46257299999999996,USA,SCG,0484
5023,243,189,696,1997.0,0.0,780987.0,-1.665484,-1.292243,YEM,SCG,0484
5024,14,212,696,1997.0,0.0,1375.0,-0.033861,0.647668,AUS,SYR,0484
5025,15,212,696,1997.0,7686.0,5655.0,1.904005,0.445169,AUT,SYR,0484
5026,39,212,696,1997.0,0.0,2947.0,0.928586,1.3413389999999998,CAN,SYR,0484
5027,61,212,696,1997.0,1193.0,4694.0,2.360316,-2.655514,DEU,SYR,0484
5028,64,212,696,1997.0,0.0,2683.0,1.422606,1.395373,DNK,SYR,0484
5029,77,212,696,1997.0,0.0,2769.0,1.6737630000000001,0.7499439999999999,FRA,SYR,0484
5030,82,212,696,1997.0,0.0,4666.0,0.347408,0.106341,GEO,SYR,0484
5031,97,212,696,1997.0,0.0,13029.0,0.475945,1.7576919999999998,HKG,SYR,0484
5032,113,212,696,1997.0,0.0,34524.0,0.641787,0.484512,JOR,SYR,0484
5033,124,212,696,1997.0,0.0,387638.0,0.28229299999999996,1.0650549999999999,LBN,SYR,0484
5034,162,212,696,1997.0,6162.0,0.0,1.327106,1.520932,NLD,SYR,0484
5035,167,212,696,1997.0,0.0,17402.0,-0.233342,-0.9922049999999999,OMN,SYR,0484
5036,185,212,696,1997.0,0.0,151114.0,0.666251,1.31932,ROU,SYR,0484
5037,186,212,696,1997.0,1204.0,384550.0,0.572773,0.375446,RUS,SYR,0484
5038,208,212,696,1997.0,0.0,19165.0,2.0806709999999997,0.9541219999999999,SWE,SYR,0484
5039,231,212,696,1997.0,0.0,19256.0,1.875847,0.46257299999999996,USA,SYR,0484
5040,249,212,696,1997.0,0.0,9955.0,1.557128,1.434424,TWN,SYR,0484
5041,7,223,696,1997.0,0.0,1265242.0,-0.317351,-0.8786510000000001,ARE,TUN,0484
5042,15,223,696,1997.0,0.0,1462.0,1.904005,0.445169,AUT,TUN,0484
5043,18,223,696,1997.0,76655.0,12734.0,1.470183,1.312167,BEL,TUN,0484
5044,19,223,696,1997.0,0.0,5446.0,-1.357169,-1.089711,BEN,TUN,0484
5045,24,223,696,1997.0,0.0,373399.0,-0.44965,-1.035584,BHR,TUN,0484
5046,39,223,696,1997.0,0.0,1710.0,0.928586,1.3413389999999998,CAN,TUN,0484
5047,41,223,696,1997.0,7699.0,6119.0,2.327788,0.682804,CHE,TUN,0484
5048,44,223,696,1997.0,0.0,12174.0,-0.647407,-0.603726,CIV,TUN,0484
5049,61,223,696,1997.0,101779.0,0.0,2.360316,-2.655514,DEU,TUN,0484
5050,64,223,696,1997.0,1626.0,0.0,1.422606,1.395373,DNK,TUN,0484
5051,66,223,696,1997.0,0.0,2344.0,-0.8557879999999999,-1.150101,DZA,TUN,0484
5052,68,223,696,1997.0,0.0,36697.0,-0.34861,0.005477,EGY,TUN,0484
5053,71,223,696,1997.0,373627.0,4570.0,1.068989,1.9429439999999998,ESP,TUN,0484
5054,77,223,696,1997.0,325581.0,251778.0,1.6737630000000001,0.7499439999999999,FRA,TUN,0484
5055,80,223,696,1997.0,0.0,48064.0,-1.277642,-1.178244,GAB,TUN,0484
5056,81,223,696,1997.0,40044.0,0.0,1.9742490000000001,0.7046359999999999,GBR,TUN,0484
5057,111,223,696,1997.0,272769.0,878053.0,1.596917,0.8313959999999999,ITA,TUN,0484
5058,113,223,696,1997.0,0.0,284406.0,0.641787,0.484512,JOR,TUN,0484
5059,122,223,696,1997.0,0.0,454639.0,-1.0192139999999998,-1.193627,KWT,TUN,0484
5060,124,223,696,1997.0,0.0,196093.0,0.28229299999999996,1.0650549999999999,LBN,TUN,0484
5061,126,223,696,1997.0,0.0,838025.0,-0.662351,-1.1515309999999999,LBY,TUN,0484
5062,134,223,696,1997.0,55230.0,0.0,-0.635337,-0.336298,MAR,TUN,0484
5063,141,223,696,1997.0,0.0,7210.0,-1.166924,-1.060552,MLI,TUN,0484
5064,142,223,696,1997.0,3211.0,0.0,1.1063180000000001,0.377209,MLT,TUN,0484
5065,157,223,696,1997.0,0.0,5410.0,-0.31505500000000003,-0.542254,NER,TUN,0484
5066,162,223,696,1997.0,30741.0,0.0,1.327106,1.520932,NLD,TUN,0484
5067,167,223,696,1997.0,0.0,44632.0,-0.233342,-0.9922049999999999,OMN,TUN,0484
5068,177,223,696,1997.0,2686.0,0.0,0.8447319999999999,2.000241,POL,TUN,0484
5069,183,223,696,1997.0,0.0,372662.0,-1.1276760000000001,-1.233235,QAT,TUN,0484
5070,186,223,696,1997.0,0.0,11180.0,0.572773,0.375446,RUS,TUN,0484
5071,188,223,696,1997.0,0.0,437231.0,-0.300809,-1.0455,SAU,TUN,0484
5072,191,223,696,1997.0,0.0,21757.0,-0.660837,-0.768874,SEN,TUN,0484
5073,215,223,696,1997.0,0.0,10232.0,-0.881602,-0.81079,TGO,TUN,0484
5074,224,223,696,1997.0,176648.0,0.0,0.154428,1.7573880000000002,TUR,TUN,0484
5075,231,223,696,1997.0,704495.0,0.0,1.875847,0.46257299999999996,USA,TUN,0484
5076,243,223,696,1997.0,0.0,28441.0,-1.665484,-1.292243,YEM,TUN,0484
5077,246,223,696,1997.0,3261.0,0.0,0.29381199999999996,1.276557,ZAF,TUN,0484
5078,250,223,696,1997.0,16715.0,1401684.0,1.004537,0.782725,ANS,TUN,0484
5079,8,250,696,1997.0,0.0,16357.0,0.072589,0.965456,ARG,ANS,0484
5080,14,250,696,1997.0,510625.0,127677.0,-0.033861,0.647668,AUS,ANS,0484
5081,18,250,696,1997.0,30249.0,0.0,1.470183,1.312167,BEL,ANS,0484
5082,21,250,696,1997.0,0.0,1604.0,-0.329098,-0.885215,BFA,ANS,0484
5083,22,250,696,1997.0,0.0,1157.0,-0.638734,-0.895301,BGD,ANS,0484
5084,23,250,696,1997.0,24271.0,0.0,0.523226,1.4133959999999999,BGR,ANS,0484
5085,29,250,696,1997.0,0.0,6280.0,-0.640252,-0.833937,BLZ,ANS,0484
5086,34,250,696,1997.0,0.0,23660.0,-0.443665,-0.825732,BRN,ANS,0484
5087,39,250,696,1997.0,0.0,496243.0,0.928586,1.3413389999999998,CAN,ANS,0484
5088,41,250,696,1997.0,0.0,5375.0,2.327788,0.682804,CHE,ANS,0484
5089,42,250,696,1997.0,226335.0,6183.0,-0.06841799999999999,-0.21526199999999998,CHL,ANS,0484
5090,44,250,696,1997.0,7725.0,3421.0,-0.647407,-0.603726,CIV,ANS,0484
5091,45,250,696,1997.0,0.0,7699.0,-1.0663340000000001,-1.047091,CMR,ANS,0484
5092,49,250,696,1997.0,9866.0,2009.0,0.023456,0.057771,COL,ANS,0484
5093,58,250,696,1997.0,60642.0,1067.0,0.45144700000000004,0.46707600000000005,CYP,ANS,0484
5094,59,250,696,1997.0,289294.0,175711.0,1.450452,1.031814,CZE,ANS,0484
5095,61,250,696,1997.0,597482.0,0.0,2.360316,-2.655514,DEU,ANS,0484
5096,64,250,696,1997.0,20331.0,40785.0,1.422606,1.395373,DNK,ANS,0484
5097,68,250,696,1997.0,30273.0,114582.0,-0.34861,0.005477,EGY,ANS,0484
5098,71,250,696,1997.0,82920.0,5984.0,1.068989,1.9429439999999998,ESP,ANS,0484
5099,77,250,696,1997.0,131216.0,1953201.0,1.6737630000000001,0.7499439999999999,FRA,ANS,0484
5100,78,250,696,1997.0,0.0,3217.0,-0.530698,-0.7939109999999999,FRO,ANS,0484
5101,81,250,696,1997.0,129868.0,0.0,1.9742490000000001,0.7046359999999999,GBR,ANS,0484
5102,83,250,696,1997.0,0.0,153634.0,-1.03989,-0.979039,GHA,ANS,0484
5103,90,250,696,1997.0,786134.0,2300.0,0.225904,1.291959,GRC,ANS,0484
5104,97,250,696,1997.0,387235.0,0.0,0.475945,1.7576919999999998,HKG,ANS,0484
5105,103,250,696,1997.0,56350.0,1178.0,-0.21049600000000002,1.318692,IDN,ANS,0484
5106,104,250,696,1997.0,1206.0,0.0,0.150788,2.027932,IND,ANS,0484
5107,106,250,696,1997.0,63919.0,0.0,1.579974,1.018361,IRL,ANS,0484
5108,107,250,696,1997.0,11186.0,0.0,-0.8911190000000001,-1.085849,IRN,ANS,0484
5109,110,250,696,1997.0,183010.0,0.0,1.404901,1.072135,ISR,ANS,0484
5110,111,250,696,1997.0,440950.0,0.0,1.596917,0.8313959999999999,ITA,ANS,0484
5111,113,250,696,1997.0,55151.0,11282.0,0.641787,0.484512,JOR,ANS,0484
5112,114,250,696,1997.0,937095.0,10458.0,2.771316,0.545821,JPN,ANS,0484
5113,116,250,696,1997.0,6051.0,0.0,-0.363967,0.218183,KEN,ANS,0484
5114,121,250,696,1997.0,356089.0,0.0,1.2642,1.164231,KOR,ANS,0484
5115,124,250,696,1997.0,12713.0,18915.0,0.28229299999999996,1.0650549999999999,LBN,ANS,0484
5116,130,250,696,1997.0,3338.0,0.0,0.360579,1.382816,LTU,ANS,0484
5117,136,250,696,1997.0,0.0,113055.0,-1.090898,-0.605175,MDG,ANS,0484
5118,138,250,696,1997.0,1337.0,0.0,0.7735350000000001,0.9161590000000001,MEX,ANS,0484
5119,140,250,696,1997.0,15867.0,10049.0,0.297389,0.735171,MKD,ANS,0484
5120,142,250,696,1997.0,7965.0,0.0,1.1063180000000001,0.377209,MLT,ANS,0484
5121,153,250,696,1997.0,19939.0,0.0,0.526754,0.33065700000000003,MYS,ANS,0484
5122,157,250,696,1997.0,0.0,2155.0,-0.31505500000000003,-0.542254,NER,ANS,0484
5123,159,250,696,1997.0,0.0,16459.0,-1.8354990000000002,-1.246493,NGA,ANS,0484
5124,160,250,696,1997.0,0.0,6297.0,-0.699387,-0.460178,NIC,ANS,0484
5125,166,250,696,1997.0,64385.0,3529.0,0.372052,0.764854,NZL,ANS,0484
5126,167,250,696,1997.0,160912.0,26311.0,-0.233342,-0.9922049999999999,OMN,ANS,0484
5127,169,250,696,1997.0,0.0,145718.0,0.0038,0.036532999999999996,PAN,ANS,0484
5128,174,250,696,1997.0,304351.0,0.0,0.044834,0.024782,PHL,ANS,0484
5129,177,250,696,1997.0,523432.0,497597.0,0.8447319999999999,2.000241,POL,ANS,0484
5130,179,250,696,1997.0,940840.0,0.0,0.496633,1.025231,PRT,ANS,0484
5131,186,250,696,1997.0,239379.0,0.0,0.572773,0.375446,RUS,ANS,0484
5132,192,250,696,1997.0,162940.0,0.0,1.1946700000000001,0.30503600000000003,SGP,ANS,0484
5133,206,250,696,1997.0,9478.0,19955.0,1.265691,1.368739,SVK,ANS,0484
5134,207,250,696,1997.0,13758.0,0.0,1.449492,1.253379,SVN,ANS,0484
5135,208,250,696,1997.0,2419.0,0.0,2.0806709999999997,0.9541219999999999,SWE,ANS,0484
5136,215,250,696,1997.0,26283.0,16701.0,-0.881602,-0.81079,TGO,ANS,0484
5137,216,250,696,1997.0,40157.0,0.0,0.216402,1.366618,THA,ANS,0484
5138,222,250,696,1997.0,16400.0,0.0,0.051947,-0.405412,TTO,ANS,0484
5139,223,250,696,1997.0,1401684.0,16715.0,-0.187276,-0.21877600000000003,TUN,ANS,0484
5140,224,250,696,1997.0,4224670.0,18250.0,0.154428,1.7573880000000002,TUR,ANS,0484
5141,227,250,696,1997.0,0.0,3993.0,-1.175585,-1.017807,UGA,ANS,0484
5142,230,250,696,1997.0,4412.0,0.0,0.080024,0.669226,URY,ANS,0484
5143,246,250,696,1997.0,65286.0,2025.0,0.29381199999999996,1.276557,ZAF,ANS,0484
5144,249,250,696,1997.0,325811.0,0.0,1.557128,1.434424,TWN,ANS,0484
5145,8,54,696,1997.0,463437.0,0.0,0.072589,0.965456,ARG,CUB,0484
5146,32,54,696,1997.0,102330.0,0.0,0.805759,1.249182,BRA,CUB,0484
5147,39,54,696,1997.0,53280.0,3794.0,0.928586,1.3413389999999998,CAN,CUB,0484
5148,42,54,696,1997.0,327675.0,0.0,-0.06841799999999999,-0.21526199999999998,CHL,CUB,0484
5149,49,54,696,1997.0,87035.0,0.0,0.023456,0.057771,COL,CUB,0484
5150,61,54,696,1997.0,28909.0,0.0,2.360316,-2.655514,DEU,CUB,0484
5151,71,54,696,1997.0,468688.0,0.0,1.068989,1.9429439999999998,ESP,CUB,0484
5152,77,54,696,1997.0,54209.0,0.0,1.6737630000000001,0.7499439999999999,FRA,CUB,0484
5153,81,54,696,1997.0,2014.0,0.0,1.9742490000000001,0.7046359999999999,GBR,CUB,0484
5154,111,54,696,1997.0,158838.0,29398.0,1.596917,0.8313959999999999,ITA,CUB,0484
5155,112,54,696,1997.0,3455.0,0.0,-0.6338739999999999,-0.838622,JAM,CUB,0484
5156,138,54,696,1997.0,604829.0,0.0,0.7735350000000001,0.9161590000000001,MEX,CUB,0484
5157,14,168,696,1997.0,0.0,9021.0,-0.033861,0.647668,AUS,PAK,0484
5158,16,168,696,1997.0,0.0,6828.0,0.28532199999999996,-0.00025299999999999997,AZE,PAK,0484
5159,18,168,696,1997.0,39002.0,0.0,1.470183,1.312167,BEL,PAK,0484
5160,22,168,696,1997.0,0.0,8485.0,-0.638734,-0.895301,BGD,PAK,0484
5161,39,168,696,1997.0,0.0,30290.0,0.928586,1.3413389999999998,CAN,PAK,0484
5162,41,168,696,1997.0,1689.0,0.0,2.327788,0.682804,CHE,PAK,0484
5163,44,168,696,1997.0,0.0,4100.0,-0.647407,-0.603726,CIV,PAK,0484
5164,45,168,696,1997.0,0.0,22028.0,-1.0663340000000001,-1.047091,CMR,PAK,0484
5165,61,168,696,1997.0,34603.0,1479.0,2.360316,-2.655514,DEU,PAK,0484
5166,64,168,696,1997.0,18371.0,0.0,1.422606,1.395373,DNK,PAK,0484
5167,77,168,696,1997.0,30718.0,3784.0,1.6737630000000001,0.7499439999999999,FRA,PAK,0484
5168,81,168,696,1997.0,301651.0,7169.0,1.9742490000000001,0.7046359999999999,GBR,PAK,0484
5169,83,168,696,1997.0,0.0,11551.0,-1.03989,-0.979039,GHA,PAK,0484
5170,85,168,696,1997.0,0.0,47993.0,-1.223583,-1.14157,GIN,PAK,0484
5171,107,168,696,1997.0,13061.0,0.0,-0.8911190000000001,-1.085849,IRN,PAK,0484
5172,111,168,696,1997.0,38503.0,0.0,1.596917,0.8313959999999999,ITA,PAK,0484
5173,151,168,696,1997.0,0.0,295334.0,-0.42358999999999997,-0.680841,MUS,PAK,0484
5174,153,168,696,1997.0,3412.0,0.0,0.526754,0.33065700000000003,MYS,PAK,0484
5175,162,168,696,1997.0,62618.0,0.0,1.327106,1.520932,NLD,PAK,0484
5176,185,168,696,1997.0,0.0,4393.0,0.666251,1.31932,ROU,PAK,0484
5177,191,168,696,1997.0,0.0,103919.0,-0.660837,-0.768874,SEN,PAK,0484
5178,192,168,696,1997.0,28004.0,0.0,1.1946700000000001,0.30503600000000003,SGP,PAK,0484
5179,224,168,696,1997.0,41523.0,0.0,0.154428,1.7573880000000002,TUR,PAK,0484
5180,226,168,696,1997.0,0.0,5707.0,-1.243443,-0.537161,TZA,PAK,0484
5181,227,168,696,1997.0,0.0,15335.0,-1.175585,-1.017807,UGA,PAK,0484
5182,231,168,696,1997.0,58408.0,25711.0,1.875847,0.46257299999999996,USA,PAK,0484
5183,247,168,696,1997.0,0.0,15364.0,-0.8659309999999999,-0.88536,ZMB,PAK,0484
5184,14,239,696,1997.0,136673.0,225248.0,-0.033861,0.647668,AUS,VNM,0484
5185,18,239,696,1997.0,0.0,164099.0,1.470183,1.312167,BEL,VNM,0484
5186,39,239,696,1997.0,0.0,587283.0,0.928586,1.3413389999999998,CAN,VNM,0484
5187,41,239,696,1997.0,0.0,3709.0,2.327788,0.682804,CHE,VNM,0484
5188,43,239,696,1997.0,1070786.0,10861.0,0.380294,2.389738,CHN,VNM,0484
5189,44,239,696,1997.0,0.0,10525.0,-0.647407,-0.603726,CIV,VNM,0484
5190,59,239,696,1997.0,0.0,3478.0,1.450452,1.031814,CZE,VNM,0484
5191,61,239,696,1997.0,0.0,22645.0,2.360316,-2.655514,DEU,VNM,0484
5192,64,239,696,1997.0,133734.0,5213.0,1.422606,1.395373,DNK,VNM,0484
5193,71,239,696,1997.0,0.0,72393.0,1.068989,1.9429439999999998,ESP,VNM,0484
5194,77,239,696,1997.0,130227.0,1253754.0,1.6737630000000001,0.7499439999999999,FRA,VNM,0484
5195,81,239,696,1997.0,7536.0,16259.0,1.9742490000000001,0.7046359999999999,GBR,VNM,0484
5196,97,239,696,1997.0,87795.0,719900.0,0.475945,1.7576919999999998,HKG,VNM,0484
5197,103,239,696,1997.0,892840.0,0.0,-0.21049600000000002,1.318692,IDN,VNM,0484
5198,111,239,696,1997.0,0.0,170466.0,1.596917,0.8313959999999999,ITA,VNM,0484
5199,114,239,696,1997.0,19900.0,92590.0,2.771316,0.545821,JPN,VNM,0484
5200,121,239,696,1997.0,4218492.0,62180.0,1.2642,1.164231,KOR,VNM,0484
5201,151,239,696,1997.0,0.0,4061.0,-0.42358999999999997,-0.680841,MUS,VNM,0484
5202,153,239,696,1997.0,1583620.0,47171.0,0.526754,0.33065700000000003,MYS,VNM,0484
5203,162,239,696,1997.0,0.0,14210.0,1.327106,1.520932,NLD,VNM,0484
5204,163,239,696,1997.0,0.0,4988.0,0.857735,0.061844,NOR,VNM,0484
5205,166,239,696,1997.0,0.0,12279.0,0.372052,0.764854,NZL,VNM,0484
5206,182,239,696,1997.0,0.0,1733.0,0.431432,-0.5432020000000001,PYF,VNM,0484
5207,186,239,696,1997.0,0.0,6450.0,0.572773,0.375446,RUS,VNM,0484
5208,192,239,696,1997.0,2073563.0,343294.0,1.1946700000000001,0.30503600000000003,SGP,VNM,0484
5209,208,239,696,1997.0,0.0,4204.0,2.0806709999999997,0.9541219999999999,SWE,VNM,0484
5210,216,239,696,1997.0,166368.0,24980.0,0.216402,1.366618,THA,VNM,0484
5211,231,239,696,1997.0,428655.0,258642.0,1.875847,0.46257299999999996,USA,VNM,0484
5212,249,239,696,1997.0,28844.0,220827.0,1.557128,1.434424,TWN,VNM,0484
5213,33,29,696,1997.0,31518.0,0.0,0.916416,0.490241,BRB,BLZ,0484
5214,64,29,696,1997.0,17000.0,0.0,1.422606,1.395373,DNK,BLZ,0484
5215,81,29,696,1997.0,91754.0,0.0,1.9742490000000001,0.7046359999999999,GBR,BLZ,0484
5216,93,29,696,1997.0,79361.0,0.0,-0.17965,0.23698200000000003,GTM,BLZ,0484
5217,99,29,696,1997.0,15315.0,0.0,-0.7449319999999999,-0.50008,HND,BLZ,0484
5218,112,29,696,1997.0,29347.0,0.0,-0.6338739999999999,-0.838622,JAM,BLZ,0484
5219,138,29,696,1997.0,157318.0,0.0,0.7735350000000001,0.9161590000000001,MEX,BLZ,0484
5220,197,29,696,1997.0,27715.0,0.0,-0.069039,-0.094938,SLV,BLZ,0484
5221,222,29,696,1997.0,94998.0,0.0,0.051947,-0.405412,TTO,BLZ,0484
5222,231,29,696,1997.0,265435.0,1163.0,1.875847,0.46257299999999996,USA,BLZ,0484
5223,249,29,696,1997.0,2719.0,0.0,1.557128,1.434424,TWN,BLZ,0484
5224,250,29,696,1997.0,6280.0,0.0,1.004537,0.782725,ANS,BLZ,0484
5225,8,31,696,1997.0,4744124.0,0.0,0.072589,0.965456,ARG,BOL,0484
5226,32,31,696,1997.0,1065832.0,0.0,0.805759,1.249182,BRA,BOL,0484
5227,42,31,696,1997.0,1665220.0,0.0,-0.06841799999999999,-0.21526199999999998,CHL,BOL,0484
5228,49,31,696,1997.0,377317.0,0.0,0.023456,0.057771,COL,BOL,0484
5229,61,31,696,1997.0,15300.0,1009.0,2.360316,-2.655514,DEU,BOL,0484
5230,64,31,696,1997.0,28219.0,0.0,1.422606,1.395373,DNK,BOL,0484
5231,67,31,696,1997.0,5744.0,0.0,-1.124002,-1.0084549999999999,ECU,BOL,0484
5232,71,31,696,1997.0,4890.0,0.0,1.068989,1.9429439999999998,ESP,BOL,0484
5233,77,31,696,1997.0,5925.0,0.0,1.6737630000000001,0.7499439999999999,FRA,BOL,0484
5234,81,31,696,1997.0,67580.0,0.0,1.9742490000000001,0.7046359999999999,GBR,BOL,0484
5235,102,31,696,1997.0,3618.0,0.0,0.9121799999999999,1.55321,HUN,BOL,0484
5236,111,31,696,1997.0,4673.0,0.0,1.596917,0.8313959999999999,ITA,BOL,0484
5237,114,31,696,1997.0,1787.0,0.0,2.771316,0.545821,JPN,BOL,0484
5238,121,31,696,1997.0,7050.0,0.0,1.2642,1.164231,KOR,BOL,0484
5239,138,31,696,1997.0,20167.0,0.0,0.7735350000000001,0.9161590000000001,MEX,BOL,0484
5240,173,31,696,1997.0,113405.0,0.0,-0.603019,-0.365845,PER,BOL,0484
5241,230,31,696,1997.0,10791.0,0.0,0.080024,0.669226,URY,BOL,0484
5242,231,31,696,1997.0,43151.0,0.0,1.875847,0.46257299999999996,USA,BOL,0484
5243,236,31,696,1997.0,3043.0,0.0,-0.137776,-0.750744,VEN,BOL,0484
5244,6,63,696,1997.0,2000.0,0.0,-0.027541000000000003,-0.56389,ANT,DMA,0484
5245,18,63,696,1997.0,20947.0,0.0,1.470183,1.312167,BEL,DMA,0484
5246,33,63,696,1997.0,149861.0,9749.0,0.916416,0.490241,BRB,DMA,0484
5247,43,63,696,1997.0,2964.0,0.0,0.380294,2.389738,CHN,DMA,0484
5248,49,63,696,1997.0,34023.0,0.0,0.023456,0.057771,COL,DMA,0484
5249,81,63,696,1997.0,47683.0,0.0,1.9742490000000001,0.7046359999999999,GBR,DMA,0484
5250,112,63,696,1997.0,45356.0,0.0,-0.6338739999999999,-0.838622,JAM,DMA,0484
5251,222,63,696,1997.0,359255.0,0.0,0.051947,-0.405412,TTO,DMA,0484
5252,231,63,696,1997.0,75806.0,0.0,1.875847,0.46257299999999996,USA,DMA,0484
5253,33,91,696,1997.0,76569.0,0.0,0.916416,0.490241,BRB,GRD,0484
5254,39,91,696,1997.0,3114.0,0.0,0.928586,1.3413389999999998,CAN,GRD,0484
5255,49,91,696,1997.0,14182.0,0.0,0.023456,0.057771,COL,GRD,0484
5256,64,91,696,1997.0,1271.0,0.0,1.422606,1.395373,DNK,GRD,0484
5257,81,91,696,1997.0,31409.0,0.0,1.9742490000000001,0.7046359999999999,GBR,GRD,0484
5258,106,91,696,1997.0,5743.0,0.0,1.579974,1.018361,IRL,GRD,0484
5259,112,91,696,1997.0,36654.0,0.0,-0.6338739999999999,-0.838622,JAM,GRD,0484
5260,222,91,696,1997.0,1166185.0,0.0,0.051947,-0.405412,TTO,GRD,0484
5261,231,91,696,1997.0,40758.0,0.0,1.875847,0.46257299999999996,USA,GRD,0484
5262,8,101,696,1997.0,21941.0,0.0,0.072589,0.965456,ARG,HTI,0484
5263,39,101,696,1997.0,3834.0,0.0,0.928586,1.3413389999999998,CAN,HTI,0484
5264,42,101,696,1997.0,107328.0,0.0,-0.06841799999999999,-0.21526199999999998,CHL,HTI,0484
5265,49,101,696,1997.0,1193597.0,0.0,0.023456,0.057771,COL,HTI,0484
5266,52,101,696,1997.0,1881801.0,0.0,-0.158667,0.204758,CRI,HTI,0484
5267,65,101,696,1997.0,1934461.0,0.0,-0.5140170000000001,-0.564107,DOM,HTI,0484
5268,71,101,696,1997.0,20954.0,0.0,1.068989,1.9429439999999998,ESP,HTI,0484
5269,77,101,696,1997.0,29111.0,0.0,1.6737630000000001,0.7499439999999999,FRA,HTI,0484
5270,81,101,696,1997.0,1131.0,0.0,1.9742490000000001,0.7046359999999999,GBR,HTI,0484
5271,111,101,696,1997.0,2197.0,0.0,1.596917,0.8313959999999999,ITA,HTI,0484
5272,112,101,696,1997.0,21685.0,0.0,-0.6338739999999999,-0.838622,JAM,HTI,0484
5273,138,101,696,1997.0,3165.0,0.0,0.7735350000000001,0.9161590000000001,MEX,HTI,0484
5274,160,101,696,1997.0,45227.0,0.0,-0.699387,-0.460178,NIC,HTI,0484
5275,162,101,696,1997.0,88325.0,0.0,1.327106,1.520932,NLD,HTI,0484
5276,222,101,696,1997.0,12525.0,0.0,0.051947,-0.405412,TTO,HTI,0484
5277,231,101,696,1997.0,308404.0,0.0,1.875847,0.46257299999999996,USA,HTI,0484
5278,6,112,696,1997.0,0.0,5516.0,-0.027541000000000003,-0.56389,ANT,JAM,0484
5279,8,112,696,1997.0,292803.0,0.0,0.072589,0.965456,ARG,JAM,0484
5280,13,112,696,1997.0,0.0,66175.0,0.545288,-0.20344500000000001,ATG,JAM,0484
5281,25,112,696,1997.0,0.0,6450.0,0.82352,-0.091626,BHS,JAM,0484
5282,29,112,696,1997.0,0.0,29347.0,-0.640252,-0.833937,BLZ,JAM,0484
5283,30,112,696,1997.0,0.0,3589.0,0.41035200000000005,-0.552818,BMU,JAM,0484
5284,33,112,696,1997.0,867129.0,228223.0,0.916416,0.490241,BRB,JAM,0484
5285,39,112,696,1997.0,72875.0,595966.0,0.928586,1.3413389999999998,CAN,JAM,0484
5286,49,112,696,1997.0,105536.0,12476.0,0.023456,0.057771,COL,JAM,0484
5287,52,112,696,1997.0,187455.0,0.0,-0.158667,0.204758,CRI,JAM,0484
5288,54,112,696,1997.0,0.0,3455.0,-0.793234,-1.169625,CUB,JAM,0484
5289,57,112,696,1997.0,0.0,77956.0,0.079987,-0.5574180000000001,CYM,JAM,0484
5290,63,112,696,1997.0,0.0,45356.0,0.786473,0.43483999999999995,DMA,JAM,0484
5291,65,112,696,1997.0,10807.0,38890.0,-0.5140170000000001,-0.564107,DOM,JAM,0484
5292,74,112,696,1997.0,16647.0,0.0,1.991377,1.047477,FIN,JAM,0484
5293,77,112,696,1997.0,0.0,4964.0,1.6737630000000001,0.7499439999999999,FRA,JAM,0484
5294,81,112,696,1997.0,358832.0,251272.0,1.9742490000000001,0.7046359999999999,GBR,JAM,0484
5295,83,112,696,1997.0,0.0,41553.0,-1.03989,-0.979039,GHA,JAM,0484
5296,91,112,696,1997.0,0.0,36654.0,0.235056,-0.254481,GRD,JAM,0484
5297,93,112,696,1997.0,89763.0,0.0,-0.17965,0.23698200000000003,GTM,JAM,0484
5298,96,112,696,1997.0,0.0,1053692.0,-0.5991029999999999,-0.769726,GUY,JAM,0484
5299,97,112,696,1997.0,41316.0,0.0,0.475945,1.7576919999999998,HKG,JAM,0484
5300,101,112,696,1997.0,0.0,21685.0,-0.6864100000000001,-0.687077,HTI,JAM,0484
5301,114,112,696,1997.0,5554.0,0.0,2.771316,0.545821,JPN,JAM,0484
5302,120,112,696,1997.0,0.0,30502.0,0.988031,-0.142999,KNA,JAM,0484
5303,127,112,696,1997.0,0.0,38001.0,-0.193429,-0.606627,LCA,JAM,0484
5304,149,112,696,1997.0,0.0,4610.0,0.65475,-0.492921,MSR,JAM,0484
5305,159,112,696,1997.0,0.0,51039.0,-1.8354990000000002,-1.246493,NGA,JAM,0484
5306,162,112,696,1997.0,0.0,14044.0,1.327106,1.520932,NLD,JAM,0484
5307,192,112,696,1997.0,0.0,94729.0,1.1946700000000001,0.30503600000000003,SGP,JAM,0484
5308,205,112,696,1997.0,0.0,32132.0,-1.125928,-0.980981,SUR,JAM,0484
5309,213,112,696,1997.0,0.0,4804.0,0.32590399999999997,-0.406852,TCA,JAM,0484
5310,216,112,696,1997.0,1251.0,0.0,0.216402,1.366618,THA,JAM,0484
5311,222,112,696,1997.0,3625694.0,155475.0,0.051947,-0.405412,TTO,JAM,0484
5312,231,112,696,1997.0,2624160.0,2474470.0,1.875847,0.46257299999999996,USA,JAM,0484
5313,234,112,696,1997.0,0.0,7138.0,0.059354,-0.545099,VCT,JAM,0484
5314,236,112,696,1997.0,27482.0,0.0,-0.137776,-0.750744,VEN,JAM,0484
5315,249,112,696,1997.0,1014.0,0.0,1.557128,1.434424,TWN,JAM,0484
5316,6,120,696,1997.0,1217.0,0.0,-0.027541000000000003,-0.56389,ANT,KNA,0484
5317,33,120,696,1997.0,30980.0,0.0,0.916416,0.490241,BRB,KNA,0484
5318,39,120,696,1997.0,2463.0,0.0,0.928586,1.3413389999999998,CAN,KNA,0484
5319,81,120,696,1997.0,20779.0,0.0,1.9742490000000001,0.7046359999999999,GBR,KNA,0484
5320,112,120,696,1997.0,30502.0,0.0,-0.6338739999999999,-0.838622,JAM,KNA,0484
5321,222,120,696,1997.0,101554.0,0.0,0.051947,-0.405412,TTO,KNA,0484
5322,231,120,696,1997.0,81763.0,0.0,1.875847,0.46257299999999996,USA,KNA,0484
5323,42,160,696,1997.0,12597.0,0.0,-0.06841799999999999,-0.21526199999999998,CHL,NIC,0484
5324,49,160,696,1997.0,38980.0,0.0,0.023456,0.057771,COL,NIC,0484
5325,52,160,696,1997.0,1982533.0,61517.0,-0.158667,0.204758,CRI,NIC,0484
5326,65,160,696,1997.0,0.0,137129.0,-0.5140170000000001,-0.564107,DOM,NIC,0484
5327,77,160,696,1997.0,1007.0,0.0,1.6737630000000001,0.7499439999999999,FRA,NIC,0484
5328,81,160,696,1997.0,15252.0,0.0,1.9742490000000001,0.7046359999999999,GBR,NIC,0484
5329,93,160,696,1997.0,1021732.0,358887.0,-0.17965,0.23698200000000003,GTM,NIC,0484
5330,99,160,696,1997.0,253057.0,574596.0,-0.7449319999999999,-0.50008,HND,NIC,0484
5331,101,160,696,1997.0,0.0,45227.0,-0.6864100000000001,-0.687077,HTI,NIC,0484
5332,138,160,696,1997.0,358839.0,0.0,0.7735350000000001,0.9161590000000001,MEX,NIC,0484
5333,169,160,696,1997.0,0.0,94536.0,0.0038,0.036532999999999996,PAN,NIC,0484
5334,197,160,696,1997.0,55858.0,522494.0,-0.069039,-0.094938,SLV,NIC,0484
5335,231,160,696,1997.0,216825.0,15101.0,1.875847,0.46257299999999996,USA,NIC,0484
5336,250,160,696,1997.0,6297.0,0.0,1.004537,0.782725,ANS,NIC,0484
5337,33,234,696,1997.0,140575.0,0.0,0.916416,0.490241,BRB,VCT,0484
5338,39,234,696,1997.0,18893.0,0.0,0.928586,1.3413389999999998,CAN,VCT,0484
5339,64,234,696,1997.0,4483.0,0.0,1.422606,1.395373,DNK,VCT,0484
5340,81,234,696,1997.0,23101.0,0.0,1.9742490000000001,0.7046359999999999,GBR,VCT,0484
5341,112,234,696,1997.0,7138.0,0.0,-0.6338739999999999,-0.838622,JAM,VCT,0484
5342,190,234,696,1997.0,0.0,6951.0,-1.248538,-1.197904,SDN,VCT,0484
5343,222,234,696,1997.0,1030487.0,0.0,0.051947,-0.405412,TTO,VCT,0484
5344,231,234,696,1997.0,30063.0,0.0,1.875847,0.46257299999999996,USA,VCT,0484
5345,7,21,696,1997.0,19539.0,0.0,-0.317351,-0.8786510000000001,ARE,BFA,0484
5346,18,21,696,1997.0,4064.0,0.0,1.470183,1.312167,BEL,BFA,0484
5347,44,21,696,1997.0,381129.0,0.0,-0.647407,-0.603726,CIV,BFA,0484
5348,64,21,696,1997.0,36135.0,0.0,1.422606,1.395373,DNK,BFA,0484
5349,71,21,696,1997.0,1624.0,0.0,1.068989,1.9429439999999998,ESP,BFA,0484
5350,77,21,696,1997.0,76718.0,20598.0,1.6737630000000001,0.7499439999999999,FRA,BFA,0484
5351,83,21,696,1997.0,12932.0,0.0,-1.03989,-0.979039,GHA,BFA,0484
5352,104,21,696,1997.0,11215.0,0.0,0.150788,2.027932,IND,BFA,0484
5353,141,21,696,1997.0,1078.0,0.0,-1.166924,-1.060552,MLI,BFA,0484
5354,162,21,696,1997.0,3909.0,4438.0,1.327106,1.520932,NLD,BFA,0484
5355,188,21,696,1997.0,25778.0,0.0,-0.300809,-1.0455,SAU,BFA,0484
5356,236,21,696,1997.0,95306.0,0.0,-0.137776,-0.750744,VEN,BFA,0484
5357,250,21,696,1997.0,1604.0,0.0,1.004537,0.782725,ANS,BFA,0484
5358,7,34,696,1997.0,4735.0,0.0,-0.317351,-0.8786510000000001,ARE,BRN,0484
5359,14,34,696,1997.0,120401.0,0.0,-0.033861,0.647668,AUS,BRN,0484
5360,18,34,696,1997.0,14042.0,0.0,1.470183,1.312167,BEL,BRN,0484
5361,41,34,696,1997.0,8639.0,0.0,2.327788,0.682804,CHE,BRN,0484
5362,43,34,696,1997.0,4405.0,0.0,0.380294,2.389738,CHN,BRN,0484
5363,61,34,696,1997.0,96847.0,0.0,2.360316,-2.655514,DEU,BRN,0484
5364,64,34,696,1997.0,103974.0,0.0,1.422606,1.395373,DNK,BRN,0484
5365,77,34,696,1997.0,10996.0,0.0,1.6737630000000001,0.7499439999999999,FRA,BRN,0484
5366,81,34,696,1997.0,372716.0,0.0,1.9742490000000001,0.7046359999999999,GBR,BRN,0484
5367,97,34,696,1997.0,39395.0,4988.0,0.475945,1.7576919999999998,HKG,BRN,0484
5368,103,34,696,1997.0,695805.0,1710.0,-0.21049600000000002,1.318692,IDN,BRN,0484
5369,111,34,696,1997.0,337807.0,0.0,1.596917,0.8313959999999999,ITA,BRN,0484
5370,114,34,696,1997.0,11798.0,0.0,2.771316,0.545821,JPN,BRN,0484
5371,121,34,696,1997.0,1241.0,0.0,1.2642,1.164231,KOR,BRN,0484
5372,153,34,696,1997.0,3650416.0,2042.0,0.526754,0.33065700000000003,MYS,BRN,0484
5373,162,34,696,1997.0,20735.0,0.0,1.327106,1.520932,NLD,BRN,0484
5374,166,34,696,1997.0,3377.0,0.0,0.372052,0.764854,NZL,BRN,0484
5375,174,34,696,1997.0,17652.0,0.0,0.044834,0.024782,PHL,BRN,0484
5376,192,34,696,1997.0,3643376.0,1931.0,1.1946700000000001,0.30503600000000003,SGP,BRN,0484
5377,216,34,696,1997.0,36032.0,0.0,0.216402,1.366618,THA,BRN,0484
5378,231,34,696,1997.0,152993.0,0.0,1.875847,0.46257299999999996,USA,BRN,0484
5379,249,34,696,1997.0,14109.0,0.0,1.557128,1.434424,TWN,BRN,0484
5380,250,34,696,1997.0,23660.0,0.0,1.004537,0.782725,ANS,BRN,0484
5381,7,50,696,1997.0,100697.0,0.0,-0.317351,-0.8786510000000001,ARE,COM,0484
5382,18,50,696,1997.0,2035.0,0.0,1.470183,1.312167,BEL,COM,0484
5383,77,50,696,1997.0,508552.0,0.0,1.6737630000000001,0.7499439999999999,FRA,COM,0484
5384,116,50,696,1997.0,1445.0,0.0,-0.363967,0.218183,KEN,COM,0484
5385,151,50,696,1997.0,7458.0,0.0,-0.42358999999999997,-0.680841,MUS,COM,0484
5386,188,50,696,1997.0,14249.0,0.0,-0.300809,-1.0455,SAU,COM,0484
5387,192,50,696,1997.0,4195.0,0.0,1.1946700000000001,0.30503600000000003,SGP,COM,0484
5388,216,50,696,1997.0,5998.0,0.0,0.216402,1.366618,THA,COM,0484
5389,246,50,696,1997.0,95795.0,0.0,0.29381199999999996,1.276557,ZAF,COM,0484
5390,7,85,696,1997.0,40290.0,0.0,-0.317351,-0.8786510000000001,ARE,GIN,0484
5391,18,85,696,1997.0,13180.0,0.0,1.470183,1.312167,BEL,GIN,0484
5392,32,85,696,1997.0,20372.0,0.0,0.805759,1.249182,BRA,GIN,0484
5393,44,85,696,1997.0,59524.0,0.0,-0.647407,-0.603726,CIV,GIN,0484
5394,61,85,696,1997.0,20411.0,0.0,2.360316,-2.655514,DEU,GIN,0484
5395,71,85,696,1997.0,42225.0,0.0,1.068989,1.9429439999999998,ESP,GIN,0484
5396,77,85,696,1997.0,90588.0,0.0,1.6737630000000001,0.7499439999999999,FRA,GIN,0484
5397,81,85,696,1997.0,1187.0,0.0,1.9742490000000001,0.7046359999999999,GBR,GIN,0484
5398,83,85,696,1997.0,24161.0,0.0,-1.03989,-0.979039,GHA,GIN,0484
5399,97,85,696,1997.0,5482.0,0.0,0.475945,1.7576919999999998,HKG,GIN,0484
5400,104,85,696,1997.0,23231.0,0.0,0.150788,2.027932,IND,GIN,0484
5401,111,85,696,1997.0,10903.0,0.0,1.596917,0.8313959999999999,ITA,GIN,0484
5402,124,85,696,1997.0,10131.0,0.0,0.28229299999999996,1.0650549999999999,LBN,GIN,0484
5403,162,85,696,1997.0,70960.0,0.0,1.327106,1.520932,NLD,GIN,0484
5404,168,85,696,1997.0,47993.0,0.0,-0.844282,-0.602616,PAK,GIN,0484
5405,179,85,696,1997.0,1827.0,0.0,0.496633,1.025231,PRT,GIN,0484
5406,188,85,696,1997.0,23829.0,0.0,-0.300809,-1.0455,SAU,GIN,0484
5407,191,85,696,1997.0,5959.0,0.0,-0.660837,-0.768874,SEN,GIN,0484
5408,224,85,696,1997.0,77553.0,0.0,0.154428,1.7573880000000002,TUR,GIN,0484
5409,231,85,696,1997.0,15919.0,0.0,1.875847,0.46257299999999996,USA,GIN,0484
5410,15,109,696,1997.0,8901.0,0.0,1.904005,0.445169,AUT,ISL,0484
5411,18,109,696,1997.0,831802.0,6536.0,1.470183,1.312167,BEL,ISL,0484
5412,39,109,696,1997.0,21651.0,0.0,0.928586,1.3413389999999998,CAN,ISL,0484
5413,61,109,696,1997.0,263742.0,0.0,2.360316,-2.655514,DEU,ISL,0484
5414,64,109,696,1997.0,2032982.0,6495.0,1.422606,1.395373,DNK,ISL,0484
5415,71,109,696,1997.0,141822.0,0.0,1.068989,1.9429439999999998,ESP,ISL,0484
5416,74,109,696,1997.0,40660.0,0.0,1.991377,1.047477,FIN,ISL,0484
5417,77,109,696,1997.0,146220.0,15476.0,1.6737630000000001,0.7499439999999999,FRA,ISL,0484
5418,78,109,696,1997.0,0.0,44271.0,-0.530698,-0.7939109999999999,FRO,ISL,0484
5419,81,109,696,1997.0,2807104.0,0.0,1.9742490000000001,0.7046359999999999,GBR,ISL,0484
5420,92,109,696,1997.0,0.0,3836.0,-0.7822520000000001,-0.906492,GRL,ISL,0484
5421,106,109,696,1997.0,9863.0,0.0,1.579974,1.018361,IRL,ISL,0484
5422,111,109,696,1997.0,101785.0,0.0,1.596917,0.8313959999999999,ITA,ISL,0484
5423,153,109,696,1997.0,3684.0,0.0,0.526754,0.33065700000000003,MYS,ISL,0484
5424,162,109,696,1997.0,445499.0,0.0,1.327106,1.520932,NLD,ISL,0484
5425,163,109,696,1997.0,274571.0,0.0,0.857735,0.061844,NOR,ISL,0484
5426,177,109,696,1997.0,213448.0,0.0,0.8447319999999999,2.000241,POL,ISL,0484
5427,208,109,696,1997.0,429269.0,21692.0,2.0806709999999997,0.9541219999999999,SWE,ISL,0484
5428,216,109,696,1997.0,9290.0,0.0,0.216402,1.366618,THA,ISL,0484
5429,231,109,696,1997.0,289663.0,210305.0,1.875847,0.46257299999999996,USA,ISL,0484
5430,14,133,696,1997.0,72675.0,107534.0,-0.033861,0.647668,AUS,MAC,0484
5431,15,133,696,1997.0,1028.0,0.0,1.904005,0.445169,AUT,MAC,0484
5432,39,133,696,1997.0,0.0,8698.0,0.928586,1.3413389999999998,CAN,MAC,0484
5433,43,133,696,1997.0,902739.0,18392.0,0.380294,2.389738,CHN,MAC,0484
5434,61,133,696,1997.0,14218.0,0.0,2.360316,-2.655514,DEU,MAC,0484
5435,64,133,696,1997.0,109509.0,0.0,1.422606,1.395373,DNK,MAC,0484
5436,71,133,696,1997.0,15129.0,0.0,1.068989,1.9429439999999998,ESP,MAC,0484
5437,77,133,696,1997.0,66518.0,0.0,1.6737630000000001,0.7499439999999999,FRA,MAC,0484
5438,81,133,696,1997.0,7968.0,0.0,1.9742490000000001,0.7046359999999999,GBR,MAC,0484
5439,97,133,696,1997.0,8321144.0,150623.0,0.475945,1.7576919999999998,HKG,MAC,0484
5440,103,133,696,1997.0,61556.0,0.0,-0.21049600000000002,1.318692,IDN,MAC,0484
5441,111,133,696,1997.0,4722.0,0.0,1.596917,0.8313959999999999,ITA,MAC,0484
5442,114,133,696,1997.0,323812.0,0.0,2.771316,0.545821,JPN,MAC,0484
5443,121,133,696,1997.0,106490.0,0.0,1.2642,1.164231,KOR,MAC,0484
5444,138,133,696,1997.0,0.0,1207.0,0.7735350000000001,0.9161590000000001,MEX,MAC,0484
5445,153,133,696,1997.0,123586.0,0.0,0.526754,0.33065700000000003,MYS,MAC,0484
5446,162,133,696,1997.0,2844.0,0.0,1.327106,1.520932,NLD,MAC,0484
5447,174,133,696,1997.0,3578.0,0.0,0.044834,0.024782,PHL,MAC,0484
5448,179,133,696,1997.0,8421.0,0.0,0.496633,1.025231,PRT,MAC,0484
5449,192,133,696,1997.0,5938.0,1635.0,1.1946700000000001,0.30503600000000003,SGP,MAC,0484
5450,208,133,696,1997.0,7303.0,0.0,2.0806709999999997,0.9541219999999999,SWE,MAC,0484
5451,216,133,696,1997.0,39552.0,0.0,0.216402,1.366618,THA,MAC,0484
5452,231,133,696,1997.0,191854.0,28104.0,1.875847,0.46257299999999996,USA,MAC,0484
5453,249,133,696,1997.0,588910.0,6040.0,1.557128,1.434424,TWN,MAC,0484
5454,7,136,696,1997.0,31648.0,0.0,-0.317351,-0.8786510000000001,ARE,MDG,0484
5455,18,136,696,1997.0,71800.0,0.0,1.470183,1.312167,BEL,MDG,0484
5456,39,136,696,1997.0,1144.0,0.0,0.928586,1.3413389999999998,CAN,MDG,0484
5457,41,136,696,1997.0,17913.0,0.0,2.327788,0.682804,CHE,MDG,0484
5458,43,136,696,1997.0,2003.0,0.0,0.380294,2.389738,CHN,MDG,0484
5459,44,136,696,1997.0,13354.0,0.0,-0.647407,-0.603726,CIV,MDG,0484
5460,61,136,696,1997.0,6508.0,0.0,2.360316,-2.655514,DEU,MDG,0484
5461,68,136,696,1997.0,1138.0,0.0,-0.34861,0.005477,EGY,MDG,0484
5462,71,136,696,1997.0,5558.0,0.0,1.068989,1.9429439999999998,ESP,MDG,0484
5463,77,136,696,1997.0,235898.0,1085.0,1.6737630000000001,0.7499439999999999,FRA,MDG,0484
5464,81,136,696,1997.0,15064.0,0.0,1.9742490000000001,0.7046359999999999,GBR,MDG,0484
5465,97,136,696,1997.0,23566.0,0.0,0.475945,1.7576919999999998,HKG,MDG,0484
5466,103,136,696,1997.0,12464.0,0.0,-0.21049600000000002,1.318692,IDN,MDG,0484
5467,104,136,696,1997.0,5448.0,0.0,0.150788,2.027932,IND,MDG,0484
5468,107,136,696,1997.0,2623.0,0.0,-0.8911190000000001,-1.085849,IRN,MDG,0484
5469,111,136,696,1997.0,9491.0,0.0,1.596917,0.8313959999999999,ITA,MDG,0484
5470,151,136,696,1997.0,2341.0,0.0,-0.42358999999999997,-0.680841,MUS,MDG,0484
5471,153,136,696,1997.0,6625.0,0.0,0.526754,0.33065700000000003,MYS,MDG,0484
5472,162,136,696,1997.0,44454.0,0.0,1.327106,1.520932,NLD,MDG,0484
5473,188,136,696,1997.0,30177.0,0.0,-0.300809,-1.0455,SAU,MDG,0484
5474,192,136,696,1997.0,9281.0,0.0,1.1946700000000001,0.30503600000000003,SGP,MDG,0484
5475,216,136,696,1997.0,3960.0,0.0,0.216402,1.366618,THA,MDG,0484
5476,224,136,696,1997.0,29500.0,0.0,0.154428,1.7573880000000002,TUR,MDG,0484
5477,231,136,696,1997.0,1253.0,0.0,1.875847,0.46257299999999996,USA,MDG,0484
5478,246,136,696,1997.0,27208.0,0.0,0.29381199999999996,1.276557,ZAF,MDG,0484
5479,250,136,696,1997.0,113055.0,0.0,1.004537,0.782725,ANS,MDG,0484
5480,7,137,696,1997.0,338920.0,0.0,-0.317351,-0.8786510000000001,ARE,MDV,0484
5481,14,137,696,1997.0,3691.0,0.0,-0.033861,0.647668,AUS,MDV,0484
5482,18,137,696,1997.0,10709.0,0.0,1.470183,1.312167,BEL,MDV,0484
5483,61,137,696,1997.0,28502.0,0.0,2.360316,-2.655514,DEU,MDV,0484
5484,77,137,696,1997.0,5447.0,0.0,1.6737630000000001,0.7499439999999999,FRA,MDV,0484
5485,81,137,696,1997.0,5778.0,0.0,1.9742490000000001,0.7046359999999999,GBR,MDV,0484
5486,97,137,696,1997.0,35764.0,0.0,0.475945,1.7576919999999998,HKG,MDV,0484
5487,103,137,696,1997.0,56172.0,0.0,-0.21049600000000002,1.318692,IDN,MDV,0484
5488,104,137,696,1997.0,1870.0,0.0,0.150788,2.027932,IND,MDV,0484
5489,111,137,696,1997.0,3307.0,0.0,1.596917,0.8313959999999999,ITA,MDV,0484
5490,128,137,696,1997.0,67650.0,0.0,-0.6467470000000001,-0.27831300000000003,LKA,MDV,0484
5491,153,137,696,1997.0,500524.0,0.0,0.526754,0.33065700000000003,MYS,MDV,0484
5492,162,137,696,1997.0,2530.0,0.0,1.327106,1.520932,NLD,MDV,0484
5493,192,137,696,1997.0,1500559.0,0.0,1.1946700000000001,0.30503600000000003,SGP,MDV,0484
5494,246,137,696,1997.0,1095.0,0.0,0.29381199999999996,1.276557,ZAF,MDV,0484
5495,7,141,696,1997.0,17312.0,0.0,-0.317351,-0.8786510000000001,ARE,MLI,0484
5496,21,141,696,1997.0,0.0,1078.0,-0.329098,-0.885215,BFA,MLI,0484
5497,32,141,696,1997.0,1166.0,0.0,0.805759,1.249182,BRA,MLI,0484
5498,39,141,696,1997.0,10950.0,0.0,0.928586,1.3413389999999998,CAN,MLI,0484
5499,44,141,696,1997.0,236436.0,0.0,-0.647407,-0.603726,CIV,MLI,0484
5500,71,141,696,1997.0,2331.0,0.0,1.068989,1.9429439999999998,ESP,MLI,0484
5501,77,141,696,1997.0,121601.0,0.0,1.6737630000000001,0.7499439999999999,FRA,MLI,0484
5502,81,141,696,1997.0,13694.0,0.0,1.9742490000000001,0.7046359999999999,GBR,MLI,0484
5503,111,141,696,1997.0,4714.0,0.0,1.596917,0.8313959999999999,ITA,MLI,0484
5504,162,141,696,1997.0,14686.0,0.0,1.327106,1.520932,NLD,MLI,0484
5505,188,141,696,1997.0,88891.0,0.0,-0.300809,-1.0455,SAU,MLI,0484
5506,223,141,696,1997.0,7210.0,0.0,-0.187276,-0.21877600000000003,TUN,MLI,0484
5507,224,141,696,1997.0,5763.0,0.0,0.154428,1.7573880000000002,TUR,MLI,0484
5508,246,141,696,1997.0,1699.0,0.0,0.29381199999999996,1.276557,ZAF,MLI,0484
5509,7,151,696,1997.0,13575.0,0.0,-0.317351,-0.8786510000000001,ARE,MUS,0484
5510,12,151,696,1997.0,0.0,6934.0,-0.442366,-0.8421489999999999,ATF,MUS,0484
5511,14,151,696,1997.0,65226.0,1153.0,-0.033861,0.647668,AUS,MUS,0484
5512,18,151,696,1997.0,176697.0,0.0,1.470183,1.312167,BEL,MUS,0484
5513,39,151,696,1997.0,3799.0,0.0,0.928586,1.3413389999999998,CAN,MUS,0484
5514,50,151,696,1997.0,0.0,7458.0,0.44647200000000004,-0.524514,COM,MUS,0484
5515,61,151,696,1997.0,24337.0,0.0,2.360316,-2.655514,DEU,MUS,0484
5516,64,151,696,1997.0,23742.0,0.0,1.422606,1.395373,DNK,MUS,0484
5517,71,151,696,1997.0,13342.0,0.0,1.068989,1.9429439999999998,ESP,MUS,0484
5518,77,151,696,1997.0,496042.0,18849.0,1.6737630000000001,0.7499439999999999,FRA,MUS,0484
5519,81,151,696,1997.0,313019.0,0.0,1.9742490000000001,0.7046359999999999,GBR,MUS,0484
5520,97,151,696,1997.0,48570.0,0.0,0.475945,1.7576919999999998,HKG,MUS,0484
5521,103,151,696,1997.0,42550.0,0.0,-0.21049600000000002,1.318692,IDN,MUS,0484
5522,104,151,696,1997.0,2855.0,0.0,0.150788,2.027932,IND,MUS,0484
5523,111,151,696,1997.0,66739.0,0.0,1.596917,0.8313959999999999,ITA,MUS,0484
5524,116,151,696,1997.0,0.0,46378.0,-0.363967,0.218183,KEN,MUS,0484
5525,136,151,696,1997.0,0.0,2341.0,-1.090898,-0.605175,MDG,MUS,0484
5526,153,151,696,1997.0,746173.0,0.0,0.526754,0.33065700000000003,MYS,MUS,0484
5527,166,151,696,1997.0,40656.0,0.0,0.372052,0.764854,NZL,MUS,0484
5528,168,151,696,1997.0,295334.0,0.0,-0.844282,-0.602616,PAK,MUS,0484
5529,188,151,696,1997.0,10972.0,0.0,-0.300809,-1.0455,SAU,MUS,0484
5530,192,151,696,1997.0,273021.0,3684.0,1.1946700000000001,0.30503600000000003,SGP,MUS,0484
5531,208,151,696,1997.0,0.0,20028.0,2.0806709999999997,0.9541219999999999,SWE,MUS,0484
5532,211,151,696,1997.0,0.0,4815.0,-0.547613,-0.8543209999999999,SYC,MUS,0484
5533,216,151,696,1997.0,2022.0,0.0,0.216402,1.366618,THA,MUS,0484
5534,224,151,696,1997.0,14587.0,0.0,0.154428,1.7573880000000002,TUR,MUS,0484
5535,226,151,696,1997.0,0.0,2457.0,-1.243443,-0.537161,TZA,MUS,0484
5536,231,151,696,1997.0,10525.0,0.0,1.875847,0.46257299999999996,USA,MUS,0484
5537,239,151,696,1997.0,4061.0,0.0,-0.67516,0.251436,VNM,MUS,0484
5538,246,151,696,1997.0,514939.0,0.0,0.29381199999999996,1.276557,ZAF,MUS,0484
5539,249,151,696,1997.0,24798.0,0.0,1.557128,1.434424,TWN,MUS,0484
5540,18,157,696,1997.0,11228.0,0.0,1.470183,1.312167,BEL,NER,0484
5541,44,157,696,1997.0,23757.0,0.0,-0.647407,-0.603726,CIV,NER,0484
5542,61,157,696,1997.0,1582.0,0.0,2.360316,-2.655514,DEU,NER,0484
5543,77,157,696,1997.0,110040.0,0.0,1.6737630000000001,0.7499439999999999,FRA,NER,0484
5544,83,157,696,1997.0,75965.0,0.0,-1.03989,-0.979039,GHA,NER,0484
5545,111,157,696,1997.0,7832.0,0.0,1.596917,0.8313959999999999,ITA,NER,0484
5546,134,157,696,1997.0,4480.0,0.0,-0.635337,-0.336298,MAR,NER,0484
5547,159,157,696,1997.0,6996.0,0.0,-1.8354990000000002,-1.246493,NGA,NER,0484
5548,162,157,696,1997.0,17164.0,0.0,1.327106,1.520932,NLD,NER,0484
5549,188,157,696,1997.0,86937.0,0.0,-0.300809,-1.0455,SAU,NER,0484
5550,223,157,696,1997.0,5410.0,0.0,-0.187276,-0.21877600000000003,TUN,NER,0484
5551,224,157,696,1997.0,3464.0,0.0,0.154428,1.7573880000000002,TUR,NER,0484
5552,246,157,696,1997.0,0.0,2804.0,0.29381199999999996,1.276557,ZAF,NER,0484
5553,250,157,696,1997.0,2155.0,0.0,1.004537,0.782725,ANS,NER,0484
5554,14,182,696,1997.0,1829607.0,0.0,-0.033861,0.647668,AUS,PYF,0484
5555,18,182,696,1997.0,171088.0,0.0,1.470183,1.312167,BEL,PYF,0484
5556,39,182,696,1997.0,7510.0,0.0,0.928586,1.3413389999999998,CAN,PYF,0484
5557,41,182,696,1997.0,4380.0,0.0,2.327788,0.682804,CHE,PYF,0484
5558,42,182,696,1997.0,267819.0,0.0,-0.06841799999999999,-0.21526199999999998,CHL,PYF,0484
5559,43,182,696,1997.0,1231.0,0.0,0.380294,2.389738,CHN,PYF,0484
5560,61,182,696,1997.0,111187.0,0.0,2.360316,-2.655514,DEU,PYF,0484
5561,64,182,696,1997.0,14262.0,0.0,1.422606,1.395373,DNK,PYF,0484
5562,71,182,696,1997.0,17177.0,0.0,1.068989,1.9429439999999998,ESP,PYF,0484
5563,75,182,696,1997.0,176310.0,0.0,-0.8839090000000001,-0.9493540000000001,FJI,PYF,0484
5564,77,182,696,1997.0,1929666.0,10366.0,1.6737630000000001,0.7499439999999999,FRA,PYF,0484
5565,81,182,696,1997.0,34490.0,0.0,1.9742490000000001,0.7046359999999999,GBR,PYF,0484
5566,97,182,696,1997.0,27625.0,0.0,0.475945,1.7576919999999998,HKG,PYF,0484
5567,103,182,696,1997.0,2808.0,0.0,-0.21049600000000002,1.318692,IDN,PYF,0484
5568,110,182,696,1997.0,3722.0,0.0,1.404901,1.072135,ISR,PYF,0484
5569,111,182,696,1997.0,51773.0,0.0,1.596917,0.8313959999999999,ITA,PYF,0484
5570,114,182,696,1997.0,0.0,7284.0,2.771316,0.545821,JPN,PYF,0484
5571,153,182,696,1997.0,4942.0,0.0,0.526754,0.33065700000000003,MYS,PYF,0484
5572,162,182,696,1997.0,4928.0,0.0,1.327106,1.520932,NLD,PYF,0484
5573,166,182,696,1997.0,184186.0,0.0,0.372052,0.764854,NZL,PYF,0484
5574,174,182,696,1997.0,28855.0,0.0,0.044834,0.024782,PHL,PYF,0484
5575,176,182,696,1997.0,54957.0,0.0,-1.960463,-1.270168,PNG,PYF,0484
5576,192,182,696,1997.0,179902.0,0.0,1.1946700000000001,0.30503600000000003,SGP,PYF,0484
5577,208,182,696,1997.0,3057.0,0.0,2.0806709999999997,0.9541219999999999,SWE,PYF,0484
5578,216,182,696,1997.0,2729.0,0.0,0.216402,1.366618,THA,PYF,0484
5579,224,182,696,1997.0,7961.0,0.0,0.154428,1.7573880000000002,TUR,PYF,0484
5580,231,182,696,1997.0,593014.0,0.0,1.875847,0.46257299999999996,USA,PYF,0484
5581,239,182,696,1997.0,1733.0,0.0,-0.67516,0.251436,VNM,PYF,0484
5582,7,187,696,1997.0,9916.0,0.0,-0.317351,-0.8786510000000001,ARE,RWA,0484
5583,18,187,696,1997.0,16251.0,0.0,1.470183,1.312167,BEL,RWA,0484
5584,61,187,696,1997.0,12281.0,0.0,2.360316,-2.655514,DEU,RWA,0484
5585,64,187,696,1997.0,28325.0,0.0,1.422606,1.395373,DNK,RWA,0484
5586,71,187,696,1997.0,17171.0,0.0,1.068989,1.9429439999999998,ESP,RWA,0484
5587,77,187,696,1997.0,13302.0,0.0,1.6737630000000001,0.7499439999999999,FRA,RWA,0484
5588,106,187,696,1997.0,99906.0,0.0,1.579974,1.018361,IRL,RWA,0484
5589,111,187,696,1997.0,39420.0,0.0,1.596917,0.8313959999999999,ITA,RWA,0484
5590,116,187,696,1997.0,388495.0,0.0,-0.363967,0.218183,KEN,RWA,0484
5591,162,187,696,1997.0,40997.0,0.0,1.327106,1.520932,NLD,RWA,0484
5592,163,187,696,1997.0,54160.0,0.0,0.857735,0.061844,NOR,RWA,0484
5593,226,187,696,1997.0,25452.0,195317.0,-1.243443,-0.537161,TZA,RWA,0484
5594,227,187,696,1997.0,54579.0,0.0,-1.175585,-1.017807,UGA,RWA,0484
5595,246,187,696,1997.0,134535.0,0.0,0.29381199999999996,1.276557,ZAF,RWA,0484
5596,7,211,696,1997.0,122483.0,0.0,-0.317351,-0.8786510000000001,ARE,SYC,0484
5597,14,211,696,1997.0,114623.0,0.0,-0.033861,0.647668,AUS,SYC,0484
5598,43,211,696,1997.0,1056.0,0.0,0.380294,2.389738,CHN,SYC,0484
5599,61,211,696,1997.0,1637.0,0.0,2.360316,-2.655514,DEU,SYC,0484
5600,77,211,696,1997.0,15825.0,0.0,1.6737630000000001,0.7499439999999999,FRA,SYC,0484
5601,81,211,696,1997.0,45436.0,0.0,1.9742490000000001,0.7046359999999999,GBR,SYC,0484
5602,97,211,696,1997.0,152985.0,0.0,0.475945,1.7576919999999998,HKG,SYC,0484
5603,103,211,696,1997.0,3596.0,0.0,-0.21049600000000002,1.318692,IDN,SYC,0484
5604,104,211,696,1997.0,6122.0,0.0,0.150788,2.027932,IND,SYC,0484
5605,111,211,696,1997.0,59401.0,0.0,1.596917,0.8313959999999999,ITA,SYC,0484
5606,128,211,696,1997.0,108825.0,0.0,-0.6467470000000001,-0.27831300000000003,LKA,SYC,0484
5607,151,211,696,1997.0,4815.0,0.0,-0.42358999999999997,-0.680841,MUS,SYC,0484
5608,153,211,696,1997.0,9113.0,0.0,0.526754,0.33065700000000003,MYS,SYC,0484
5609,192,211,696,1997.0,367687.0,0.0,1.1946700000000001,0.30503600000000003,SGP,SYC,0484
5610,216,211,696,1997.0,3919.0,0.0,0.216402,1.366618,THA,SYC,0484
5611,246,211,696,1997.0,503062.0,0.0,0.29381199999999996,1.276557,ZAF,SYC,0484
5612,18,215,696,1997.0,20236.0,0.0,1.470183,1.312167,BEL,TGO,0484
5613,19,215,696,1997.0,56435.0,1394.0,-1.357169,-1.089711,BEN,TGO,0484
5614,44,215,696,1997.0,145434.0,0.0,-0.647407,-0.603726,CIV,TGO,0484
5615,64,215,696,1997.0,22636.0,0.0,1.422606,1.395373,DNK,TGO,0484
5616,71,215,696,1997.0,7606.0,0.0,1.068989,1.9429439999999998,ESP,TGO,0484
5617,77,215,696,1997.0,185219.0,0.0,1.6737630000000001,0.7499439999999999,FRA,TGO,0484
5618,80,215,696,1997.0,0.0,14090.0,-1.277642,-1.178244,GAB,TGO,0484
5619,81,215,696,1997.0,24182.0,0.0,1.9742490000000001,0.7046359999999999,GBR,TGO,0484
5620,83,215,696,1997.0,57191.0,18482.0,-1.03989,-0.979039,GHA,TGO,0484
5621,111,215,696,1997.0,12293.0,0.0,1.596917,0.8313959999999999,ITA,TGO,0484
5622,159,215,696,1997.0,162757.0,8349.0,-1.8354990000000002,-1.246493,NGA,TGO,0484
5623,162,215,696,1997.0,18813.0,0.0,1.327106,1.520932,NLD,TGO,0484
5624,223,215,696,1997.0,10232.0,0.0,-0.187276,-0.21877600000000003,TUN,TGO,0484
5625,224,215,696,1997.0,5438.0,0.0,0.154428,1.7573880000000002,TUR,TGO,0484
5626,231,215,696,1997.0,10453.0,0.0,1.875847,0.46257299999999996,USA,TGO,0484
5627,250,215,696,1997.0,16701.0,26283.0,1.004537,0.782725,ANS,TGO,0484
5628,7,227,696,1997.0,38505.0,0.0,-0.317351,-0.8786510000000001,ARE,UGA,0484
5629,18,227,696,1997.0,5525.0,0.0,1.470183,1.312167,BEL,UGA,0484
5630,46,227,696,1997.0,0.0,29346.0,-1.092385,-1.074017,COD,UGA,0484
5631,68,227,696,1997.0,3275.0,0.0,-0.34861,0.005477,EGY,UGA,0484
5632,81,227,696,1997.0,63000.0,0.0,1.9742490000000001,0.7046359999999999,GBR,UGA,0484
5633,103,227,696,1997.0,5239.0,0.0,-0.21049600000000002,1.318692,IDN,UGA,0484
5634,104,227,696,1997.0,220865.0,0.0,0.150788,2.027932,IND,UGA,0484
5635,111,227,696,1997.0,7556.0,0.0,1.596917,0.8313959999999999,ITA,UGA,0484
5636,116,227,696,1997.0,2499354.0,0.0,-0.363967,0.218183,KEN,UGA,0484
5637,162,227,696,1997.0,68584.0,0.0,1.327106,1.520932,NLD,UGA,0484
5638,163,227,696,1997.0,186882.0,0.0,0.857735,0.061844,NOR,UGA,0484
5639,168,227,696,1997.0,15335.0,0.0,-0.844282,-0.602616,PAK,UGA,0484
5640,187,227,696,1997.0,0.0,54579.0,-0.337464,-0.8656,RWA,UGA,0484
5641,190,227,696,1997.0,0.0,2648.0,-1.248538,-1.197904,SDN,UGA,0484
5642,226,227,696,1997.0,12370.0,800228.0,-1.243443,-0.537161,TZA,UGA,0484
5643,246,227,696,1997.0,133073.0,0.0,0.29381199999999996,1.276557,ZAF,UGA,0484
5644,250,227,696,1997.0,3993.0,0.0,1.004537,0.782725,ANS,UGA,0484
5645,8,2,696,1997.0,541141.0,0.0,0.072589,0.965456,ARG,AGO,0484
5646,18,2,696,1997.0,4079.0,0.0,1.470183,1.312167,BEL,AGO,0484
5647,32,2,696,1997.0,96002.0,0.0,0.805759,1.249182,BRA,AGO,0484
5648,44,2,696,1997.0,50382.0,0.0,-0.647407,-0.603726,CIV,AGO,0484
5649,64,2,696,1997.0,8661.0,0.0,1.422606,1.395373,DNK,AGO,0484
5650,71,2,696,1997.0,1301167.0,0.0,1.068989,1.9429439999999998,ESP,AGO,0484
5651,77,2,696,1997.0,175560.0,0.0,1.6737630000000001,0.7499439999999999,FRA,AGO,0484
5652,81,2,696,1997.0,77639.0,0.0,1.9742490000000001,0.7046359999999999,GBR,AGO,0484
5653,83,2,696,1997.0,99535.0,0.0,-1.03989,-0.979039,GHA,AGO,0484
5654,103,2,696,1997.0,174020.0,0.0,-0.21049600000000002,1.318692,IDN,AGO,0484
5655,104,2,696,1997.0,4347842.0,0.0,0.150788,2.027932,IND,AGO,0484
5656,111,2,696,1997.0,214584.0,0.0,1.596917,0.8313959999999999,ITA,AGO,0484
5657,124,2,696,1997.0,72838.0,0.0,0.28229299999999996,1.0650549999999999,LBN,AGO,0484
5658,162,2,696,1997.0,720750.0,0.0,1.327106,1.520932,NLD,AGO,0484
5659,167,2,696,1997.0,309726.0,0.0,-0.233342,-0.9922049999999999,OMN,AGO,0484
5660,179,2,696,1997.0,2023480.0,0.0,0.496633,1.025231,PRT,AGO,0484
5661,224,2,696,1997.0,174433.0,0.0,0.154428,1.7573880000000002,TUR,AGO,0484
5662,231,2,696,1997.0,26967.0,0.0,1.875847,0.46257299999999996,USA,AGO,0484
5663,246,2,696,1997.0,474520.0,0.0,0.29381199999999996,1.276557,ZAF,AGO,0484
5664,8,6,696,1997.0,30894.0,0.0,0.072589,0.965456,ARG,ANT,0484
5665,18,6,696,1997.0,16299.0,0.0,1.470183,1.312167,BEL,ANT,0484
5666,32,6,696,1997.0,16235.0,0.0,0.805759,1.249182,BRA,ANT,0484
5667,33,6,696,1997.0,52632.0,0.0,0.916416,0.490241,BRB,ANT,0484
5668,39,6,696,1997.0,38400.0,0.0,0.928586,1.3413389999999998,CAN,ANT,0484
5669,41,6,696,1997.0,11493.0,0.0,2.327788,0.682804,CHE,ANT,0484
5670,42,6,696,1997.0,46707.0,0.0,-0.06841799999999999,-0.21526199999999998,CHL,ANT,0484
5671,49,6,696,1997.0,371446.0,0.0,0.023456,0.057771,COL,ANT,0484
5672,61,6,696,1997.0,23283.0,0.0,2.360316,-2.655514,DEU,ANT,0484
5673,63,6,696,1997.0,0.0,2000.0,0.786473,0.43483999999999995,DMA,ANT,0484
5674,64,6,696,1997.0,71083.0,0.0,1.422606,1.395373,DNK,ANT,0484
5675,77,6,696,1997.0,19432.0,0.0,1.6737630000000001,0.7499439999999999,FRA,ANT,0484
5676,81,6,696,1997.0,186793.0,0.0,1.9742490000000001,0.7046359999999999,GBR,ANT,0484
5677,97,6,696,1997.0,1552.0,0.0,0.475945,1.7576919999999998,HKG,ANT,0484
5678,106,6,696,1997.0,23477.0,0.0,1.579974,1.018361,IRL,ANT,0484
5679,111,6,696,1997.0,37760.0,0.0,1.596917,0.8313959999999999,ITA,ANT,0484
5680,112,6,696,1997.0,5516.0,0.0,-0.6338739999999999,-0.838622,JAM,ANT,0484
5681,120,6,696,1997.0,0.0,1217.0,0.988031,-0.142999,KNA,ANT,0484
5682,162,6,696,1997.0,662783.0,0.0,1.327106,1.520932,NLD,ANT,0484
5683,192,6,696,1997.0,52948.0,0.0,1.1946700000000001,0.30503600000000003,SGP,ANT,0484
5684,222,6,696,1997.0,0.0,8850.0,0.051947,-0.405412,TTO,ANT,0484
5685,231,6,696,1997.0,2589652.0,0.0,1.875847,0.46257299999999996,USA,ANT,0484
5686,236,6,696,1997.0,376433.0,0.0,-0.137776,-0.750744,VEN,ANT,0484
5687,14,7,696,1997.0,211879.0,501838.0,-0.033861,0.647668,AUS,ARE,0484
5688,15,7,696,1997.0,118986.0,0.0,1.904005,0.445169,AUT,ARE,0484
5689,16,7,696,1997.0,0.0,35379.0,0.28532199999999996,-0.00025299999999999997,AZE,ARE,0484
5690,17,7,696,1997.0,0.0,31412.0,-1.5636430000000001,-1.0257479999999999,BDI,ARE,0484
5691,18,7,696,1997.0,1312048.0,0.0,1.470183,1.312167,BEL,ARE,0484
5692,21,7,696,1997.0,0.0,19539.0,-0.329098,-0.885215,BFA,ARE,0484
5693,22,7,696,1997.0,13940.0,0.0,-0.638734,-0.895301,BGD,ARE,0484
5694,34,7,696,1997.0,0.0,4735.0,-0.443665,-0.825732,BRN,ARE,0484
5695,39,7,696,1997.0,208432.0,24470.0,0.928586,1.3413389999999998,CAN,ARE,0484
5696,41,7,696,1997.0,178030.0,0.0,2.327788,0.682804,CHE,ARE,0484
5697,43,7,696,1997.0,42769.0,5215.0,0.380294,2.389738,CHN,ARE,0484
5698,44,7,696,1997.0,0.0,209221.0,-0.647407,-0.603726,CIV,ARE,0484
5699,45,7,696,1997.0,0.0,13783.0,-1.0663340000000001,-1.047091,CMR,ARE,0484
5700,50,7,696,1997.0,0.0,100697.0,0.44647200000000004,-0.524514,COM,ARE,0484
5701,58,7,696,1997.0,119428.0,0.0,0.45144700000000004,0.46707600000000005,CYP,ARE,0484
5702,59,7,696,1997.0,16317.0,0.0,1.450452,1.031814,CZE,ARE,0484
5703,61,7,696,1997.0,863232.0,13084.0,2.360316,-2.655514,DEU,ARE,0484
5704,64,7,696,1997.0,1551939.0,48021.0,1.422606,1.395373,DNK,ARE,0484
5705,66,7,696,1997.0,0.0,17962.0,-0.8557879999999999,-1.150101,DZA,ARE,0484
5706,68,7,696,1997.0,134678.0,0.0,-0.34861,0.005477,EGY,ARE,0484
5707,71,7,696,1997.0,152518.0,0.0,1.068989,1.9429439999999998,ESP,ARE,0484
5708,73,7,696,1997.0,0.0,5948.0,-1.141928,-1.187119,ETH,ARE,0484
5709,77,7,696,1997.0,1350713.0,37024.0,1.6737630000000001,0.7499439999999999,FRA,ARE,0484
5710,80,7,696,1997.0,0.0,5638.0,-1.277642,-1.178244,GAB,ARE,0484
5711,81,7,696,1997.0,16075625.0,72835.0,1.9742490000000001,0.7046359999999999,GBR,ARE,0484
5712,83,7,696,1997.0,0.0,228558.0,-1.03989,-0.979039,GHA,ARE,0484
5713,85,7,696,1997.0,0.0,40290.0,-1.223583,-1.14157,GIN,ARE,0484
5714,87,7,696,1997.0,0.0,97539.0,-0.686094,-0.8130609999999999,GMB,ARE,0484
5715,90,7,696,1997.0,350865.0,0.0,0.225904,1.291959,GRC,ARE,0484
5716,97,7,696,1997.0,260309.0,75559.0,0.475945,1.7576919999999998,HKG,ARE,0484
5717,102,7,696,1997.0,17000.0,0.0,0.9121799999999999,1.55321,HUN,ARE,0484
5718,103,7,696,1997.0,144294.0,10783.0,-0.21049600000000002,1.318692,IDN,ARE,0484
5719,104,7,696,1997.0,260329.0,116143.0,0.150788,2.027932,IND,ARE,0484
5720,106,7,696,1997.0,279205.0,0.0,1.579974,1.018361,IRL,ARE,0484
5721,107,7,696,1997.0,123657.0,0.0,-0.8911190000000001,-1.085849,IRN,ARE,0484
5722,111,7,696,1997.0,3900934.0,222038.0,1.596917,0.8313959999999999,ITA,ARE,0484
5723,113,7,696,1997.0,281447.0,10845.0,0.641787,0.484512,JOR,ARE,0484
5724,114,7,696,1997.0,40371.0,0.0,2.771316,0.545821,JPN,ARE,0484
5725,116,7,696,1997.0,0.0,60290.0,-0.363967,0.218183,KEN,ARE,0484
5726,121,7,696,1997.0,346251.0,0.0,1.2642,1.164231,KOR,ARE,0484
5727,124,7,696,1997.0,10420.0,103380.0,0.28229299999999996,1.0650549999999999,LBN,ARE,0484
5728,132,7,696,1997.0,0.0,4783.0,0.332958,0.51665,LVA,ARE,0484
5729,134,7,696,1997.0,2964.0,0.0,-0.635337,-0.336298,MAR,ARE,0484
5730,136,7,696,1997.0,0.0,31648.0,-1.090898,-0.605175,MDG,ARE,0484
5731,137,7,696,1997.0,0.0,338920.0,-1.0046620000000002,-1.0400340000000001,MDV,ARE,0484
5732,141,7,696,1997.0,0.0,17312.0,-1.166924,-1.060552,MLI,ARE,0484
5733,142,7,696,1997.0,166558.0,15690.0,1.1063180000000001,0.377209,MLT,ARE,0484
5734,151,7,696,1997.0,0.0,13575.0,-0.42358999999999997,-0.680841,MUS,ARE,0484
5735,153,7,696,1997.0,802910.0,24567.0,0.526754,0.33065700000000003,MYS,ARE,0484
5736,159,7,696,1997.0,0.0,48787.0,-1.8354990000000002,-1.246493,NGA,ARE,0484
5737,162,7,696,1997.0,2898224.0,12893.0,1.327106,1.520932,NLD,ARE,0484
5738,163,7,696,1997.0,16898.0,0.0,0.857735,0.061844,NOR,ARE,0484
5739,166,7,696,1997.0,0.0,111539.0,0.372052,0.764854,NZL,ARE,0484
5740,167,7,696,1997.0,3556974.0,2224021.0,-0.233342,-0.9922049999999999,OMN,ARE,0484
5741,174,7,696,1997.0,221382.0,29632.0,0.044834,0.024782,PHL,ARE,0484
5742,177,7,696,1997.0,63368.0,0.0,0.8447319999999999,2.000241,POL,ARE,0484
5743,179,7,696,1997.0,58216.0,0.0,0.496633,1.025231,PRT,ARE,0484
5744,186,7,696,1997.0,0.0,277263.0,0.572773,0.375446,RUS,ARE,0484
5745,187,7,696,1997.0,0.0,9916.0,-0.337464,-0.8656,RWA,ARE,0484
5746,190,7,696,1997.0,0.0,57615.0,-1.248538,-1.197904,SDN,ARE,0484
5747,191,7,696,1997.0,0.0,514097.0,-0.660837,-0.768874,SEN,ARE,0484
5748,192,7,696,1997.0,697945.0,117492.0,1.1946700000000001,0.30503600000000003,SGP,ARE,0484
5749,208,7,696,1997.0,146693.0,0.0,2.0806709999999997,0.9541219999999999,SWE,ARE,0484
5750,211,7,696,1997.0,0.0,122483.0,-0.547613,-0.8543209999999999,SYC,ARE,0484
5751,216,7,696,1997.0,181015.0,0.0,0.216402,1.366618,THA,ARE,0484
5752,223,7,696,1997.0,1265242.0,0.0,-0.187276,-0.21877600000000003,TUN,ARE,0484
5753,224,7,696,1997.0,2433815.0,25755.0,0.154428,1.7573880000000002,TUR,ARE,0484
5754,226,7,696,1997.0,0.0,455768.0,-1.243443,-0.537161,TZA,ARE,0484
5755,227,7,696,1997.0,0.0,38505.0,-1.175585,-1.017807,UGA,ARE,0484
5756,231,7,696,1997.0,2410604.0,42534.0,1.875847,0.46257299999999996,USA,ARE,0484
5757,246,7,696,1997.0,96151.0,198463.0,0.29381199999999996,1.276557,ZAF,ARE,0484
5758,247,7,696,1997.0,0.0,51623.0,-0.8659309999999999,-0.88536,ZMB,ARE,0484
5759,249,7,696,1997.0,99796.0,237125.0,1.557128,1.434424,TWN,ARE,0484
5760,33,13,696,1997.0,370734.0,5639.0,0.916416,0.490241,BRB,ATG,0484
5761,39,13,696,1997.0,2841.0,0.0,0.928586,1.3413389999999998,CAN,ATG,0484
5762,49,13,696,1997.0,39714.0,0.0,0.023456,0.057771,COL,ATG,0484
5763,64,13,696,1997.0,16888.0,0.0,1.422606,1.395373,DNK,ATG,0484
5764,81,13,696,1997.0,210298.0,0.0,1.9742490000000001,0.7046359999999999,GBR,ATG,0484
5765,112,13,696,1997.0,66175.0,0.0,-0.6338739999999999,-0.838622,JAM,ATG,0484
5766,124,13,696,1997.0,0.0,5735.0,0.28229299999999996,1.0650549999999999,LBN,ATG,0484
5767,222,13,696,1997.0,208092.0,0.0,0.051947,-0.405412,TTO,ATG,0484
5768,224,13,696,1997.0,6015.0,0.0,0.154428,1.7573880000000002,TUR,ATG,0484
5769,231,13,696,1997.0,152932.0,0.0,1.875847,0.46257299999999996,USA,ATG,0484
5770,41,19,696,1997.0,1230.0,0.0,2.327788,0.682804,CHE,BEN,0484
5771,44,19,696,1997.0,20645.0,0.0,-0.647407,-0.603726,CIV,BEN,0484
5772,64,19,696,1997.0,1840.0,0.0,1.422606,1.395373,DNK,BEN,0484
5773,68,19,696,1997.0,9931.0,0.0,-0.34861,0.005477,EGY,BEN,0484
5774,71,19,696,1997.0,36763.0,0.0,1.068989,1.9429439999999998,ESP,BEN,0484
5775,77,19,696,1997.0,353510.0,0.0,1.6737630000000001,0.7499439999999999,FRA,BEN,0484
5776,81,19,696,1997.0,3200.0,0.0,1.9742490000000001,0.7046359999999999,GBR,BEN,0484
5777,83,19,696,1997.0,4661.0,0.0,-1.03989,-0.979039,GHA,BEN,0484
5778,111,19,696,1997.0,109959.0,0.0,1.596917,0.8313959999999999,ITA,BEN,0484
5779,159,19,696,1997.0,0.0,7027.0,-1.8354990000000002,-1.246493,NGA,BEN,0484
5780,162,19,696,1997.0,64153.0,0.0,1.327106,1.520932,NLD,BEN,0484
5781,191,19,696,1997.0,9239.0,0.0,-0.660837,-0.768874,SEN,BEN,0484
5782,192,19,696,1997.0,7631.0,0.0,1.1946700000000001,0.30503600000000003,SGP,BEN,0484
5783,215,19,696,1997.0,1394.0,56435.0,-0.881602,-0.81079,TGO,BEN,0484
5784,223,19,696,1997.0,5446.0,0.0,-0.187276,-0.21877600000000003,TUN,BEN,0484
5785,231,19,696,1997.0,8165.0,0.0,1.875847,0.46257299999999996,USA,BEN,0484
5786,14,24,696,1997.0,379259.0,0.0,-0.033861,0.647668,AUS,BHR,0484
5787,18,24,696,1997.0,162705.0,0.0,1.470183,1.312167,BEL,BHR,0484
5788,39,24,696,1997.0,76514.0,0.0,0.928586,1.3413389999999998,CAN,BHR,0484
5789,41,24,696,1997.0,112217.0,0.0,2.327788,0.682804,CHE,BHR,0484
5790,58,24,696,1997.0,83912.0,0.0,0.45144700000000004,0.46707600000000005,CYP,BHR,0484
5791,61,24,696,1997.0,333810.0,0.0,2.360316,-2.655514,DEU,BHR,0484
5792,64,24,696,1997.0,192862.0,0.0,1.422606,1.395373,DNK,BHR,0484
5793,71,24,696,1997.0,10124.0,0.0,1.068989,1.9429439999999998,ESP,BHR,0484
5794,77,24,696,1997.0,31492.0,0.0,1.6737630000000001,0.7499439999999999,FRA,BHR,0484
5795,81,24,696,1997.0,1698899.0,0.0,1.9742490000000001,0.7046359999999999,GBR,BHR,0484
5796,102,24,696,1997.0,60000.0,0.0,0.9121799999999999,1.55321,HUN,BHR,0484
5797,103,24,696,1997.0,4455.0,0.0,-0.21049600000000002,1.318692,IDN,BHR,0484
5798,104,24,696,1997.0,34372.0,0.0,0.150788,2.027932,IND,BHR,0484
5799,106,24,696,1997.0,75380.0,0.0,1.579974,1.018361,IRL,BHR,0484
5800,107,24,696,1997.0,52171.0,0.0,-0.8911190000000001,-1.085849,IRN,BHR,0484
5801,111,24,696,1997.0,199485.0,0.0,1.596917,0.8313959999999999,ITA,BHR,0484
5802,113,24,696,1997.0,30777.0,0.0,0.641787,0.484512,JOR,BHR,0484
5803,114,24,696,1997.0,347861.0,0.0,2.771316,0.545821,JPN,BHR,0484
5804,121,24,696,1997.0,51609.0,0.0,1.2642,1.164231,KOR,BHR,0484
5805,124,24,696,1997.0,7936.0,0.0,0.28229299999999996,1.0650549999999999,LBN,BHR,0484
5806,153,24,696,1997.0,138491.0,0.0,0.526754,0.33065700000000003,MYS,BHR,0484
5807,162,24,696,1997.0,65948.0,0.0,1.327106,1.520932,NLD,BHR,0484
5808,163,24,696,1997.0,68581.0,0.0,0.857735,0.061844,NOR,BHR,0484
5809,166,24,696,1997.0,33846.0,0.0,0.372052,0.764854,NZL,BHR,0484
5810,167,24,696,1997.0,213478.0,3922.0,-0.233342,-0.9922049999999999,OMN,BHR,0484
5811,174,24,696,1997.0,47189.0,0.0,0.044834,0.024782,PHL,BHR,0484
5812,192,24,696,1997.0,438207.0,0.0,1.1946700000000001,0.30503600000000003,SGP,BHR,0484
5813,208,24,696,1997.0,5565.0,0.0,2.0806709999999997,0.9541219999999999,SWE,BHR,0484
5814,216,24,696,1997.0,13479.0,0.0,0.216402,1.366618,THA,BHR,0484
5815,223,24,696,1997.0,373399.0,0.0,-0.187276,-0.21877600000000003,TUN,BHR,0484
5816,224,24,696,1997.0,304840.0,0.0,0.154428,1.7573880000000002,TUR,BHR,0484
5817,231,24,696,1997.0,313589.0,0.0,1.875847,0.46257299999999996,USA,BHR,0484
5818,246,24,696,1997.0,3037.0,0.0,0.29381199999999996,1.276557,ZAF,BHR,0484
5819,249,24,696,1997.0,34819.0,0.0,1.557128,1.434424,TWN,BHR,0484
5820,15,26,696,1997.0,421398.0,0.0,1.904005,0.445169,AUT,BIH,0484
5821,18,26,696,1997.0,346379.0,0.0,1.470183,1.312167,BEL,BIH,0484
5822,23,26,696,1997.0,2273.0,0.0,0.523226,1.4133959999999999,BGR,BIH,0484
5823,41,26,696,1997.0,1911.0,0.0,2.327788,0.682804,CHE,BIH,0484
5824,59,26,696,1997.0,323799.0,0.0,1.450452,1.031814,CZE,BIH,0484
5825,61,26,696,1997.0,463246.0,0.0,2.360316,-2.655514,DEU,BIH,0484
5826,64,26,696,1997.0,222518.0,0.0,1.422606,1.395373,DNK,BIH,0484
5827,71,26,696,1997.0,53445.0,0.0,1.068989,1.9429439999999998,ESP,BIH,0484
5828,77,26,696,1997.0,41698.0,0.0,1.6737630000000001,0.7499439999999999,FRA,BIH,0484
5829,81,26,696,1997.0,106485.0,0.0,1.9742490000000001,0.7046359999999999,GBR,BIH,0484
5830,100,26,696,1997.0,12455223.0,609310.0,0.61283,1.321775,HRV,BIH,0484
5831,102,26,696,1997.0,166000.0,0.0,0.9121799999999999,1.55321,HUN,BIH,0484
5832,107,26,696,1997.0,10130.0,0.0,-0.8911190000000001,-1.085849,IRN,BIH,0484
5833,111,26,696,1997.0,1373274.0,0.0,1.596917,0.8313959999999999,ITA,BIH,0484
5834,140,26,696,1997.0,678045.0,18950.0,0.297389,0.735171,MKD,BIH,0484
5835,162,26,696,1997.0,300657.0,0.0,1.327106,1.520932,NLD,BIH,0484
5836,189,26,696,1997.0,3262336.0,319942.0,0.626724,1.7948549999999999,SCG,BIH,0484
5837,206,26,696,1997.0,15169.0,0.0,1.265691,1.368739,SVK,BIH,0484
5838,207,26,696,1997.0,656979.0,32345.0,1.449492,1.253379,SVN,BIH,0484
5839,208,26,696,1997.0,10606.0,21774.0,2.0806709999999997,0.9541219999999999,SWE,BIH,0484
5840,224,26,696,1997.0,1729323.0,0.0,0.154428,1.7573880000000002,TUR,BIH,0484
5841,231,26,696,1997.0,0.0,4084.0,1.875847,0.46257299999999996,USA,BIH,0484
5842,9,28,696,1997.0,0.0,1388.0,0.818788,0.226075,ARM,BLR,0484
5843,18,28,696,1997.0,543035.0,0.0,1.470183,1.312167,BEL,BLR,0484
5844,59,28,696,1997.0,269791.0,0.0,1.450452,1.031814,CZE,BLR,0484
5845,61,28,696,1997.0,86056.0,0.0,2.360316,-2.655514,DEU,BLR,0484
5846,64,28,696,1997.0,58925.0,0.0,1.422606,1.395373,DNK,BLR,0484
5847,72,28,696,1997.0,89594.0,0.0,0.45792,1.148099,EST,BLR,0484
5848,74,28,696,1997.0,8317.0,0.0,1.991377,1.047477,FIN,BLR,0484
5849,81,28,696,1997.0,159262.0,0.0,1.9742490000000001,0.7046359999999999,GBR,BLR,0484
5850,90,28,696,1997.0,2619.0,0.0,0.225904,1.291959,GRC,BLR,0484
5851,102,28,696,1997.0,16000.0,0.0,0.9121799999999999,1.55321,HUN,BLR,0484
5852,110,28,696,1997.0,15000.0,0.0,1.404901,1.072135,ISR,BLR,0484
5853,111,28,696,1997.0,189096.0,0.0,1.596917,0.8313959999999999,ITA,BLR,0484
5854,114,28,696,1997.0,3334.0,0.0,2.771316,0.545821,JPN,BLR,0484
5855,124,28,696,1997.0,3523.0,0.0,0.28229299999999996,1.0650549999999999,LBN,BLR,0484
5856,130,28,696,1997.0,593777.0,31413.0,0.360579,1.382816,LTU,BLR,0484
5857,132,28,696,1997.0,10604.0,0.0,0.332958,0.51665,LVA,BLR,0484
5858,162,28,696,1997.0,63775.0,0.0,1.327106,1.520932,NLD,BLR,0484
5859,177,28,696,1997.0,1389979.0,0.0,0.8447319999999999,2.000241,POL,BLR,0484
5860,189,28,696,1997.0,7000.0,0.0,0.626724,1.7948549999999999,SCG,BLR,0484
5861,207,28,696,1997.0,63102.0,0.0,1.449492,1.253379,SVN,BLR,0484
5862,224,28,696,1997.0,1442755.0,2640.0,0.154428,1.7573880000000002,TUR,BLR,0484
5863,228,28,696,1997.0,1136015.0,0.0,0.7384539999999999,1.096947,UKR,BLR,0484
5864,8,46,696,1997.0,52725.0,0.0,0.072589,0.965456,ARG,COD,0484
5865,18,46,696,1997.0,290674.0,0.0,1.470183,1.312167,BEL,COD,0484
5866,44,46,696,1997.0,29378.0,0.0,-0.647407,-0.603726,CIV,COD,0484
5867,64,46,696,1997.0,250463.0,0.0,1.422606,1.395373,DNK,COD,0484
5868,71,46,696,1997.0,11862.0,0.0,1.068989,1.9429439999999998,ESP,COD,0484
5869,77,46,696,1997.0,65071.0,0.0,1.6737630000000001,0.7499439999999999,FRA,COD,0484
5870,81,46,696,1997.0,32555.0,0.0,1.9742490000000001,0.7046359999999999,GBR,COD,0484
5871,104,46,696,1997.0,16282.0,0.0,0.150788,2.027932,IND,COD,0484
5872,111,46,696,1997.0,29478.0,0.0,1.596917,0.8313959999999999,ITA,COD,0484
5873,116,46,696,1997.0,294000.0,0.0,-0.363967,0.218183,KEN,COD,0484
5874,124,46,696,1997.0,5597.0,0.0,0.28229299999999996,1.0650549999999999,LBN,COD,0484
5875,162,46,696,1997.0,32400.0,0.0,1.327106,1.520932,NLD,COD,0484
5876,163,46,696,1997.0,1235740.0,0.0,0.857735,0.061844,NOR,COD,0484
5877,224,46,696,1997.0,34128.0,0.0,0.154428,1.7573880000000002,TUR,COD,0484
5878,226,46,696,1997.0,35432.0,0.0,-1.243443,-0.537161,TZA,COD,0484
5879,227,46,696,1997.0,29346.0,0.0,-1.175585,-1.017807,UGA,COD,0484
5880,246,46,696,1997.0,770349.0,0.0,0.29381199999999996,1.276557,ZAF,COD,0484
5881,18,47,696,1997.0,30651.0,0.0,1.470183,1.312167,BEL,COG,0484
5882,43,47,696,1997.0,67402.0,0.0,0.380294,2.389738,CHN,COG,0484
5883,44,47,696,1997.0,236307.0,0.0,-0.647407,-0.603726,CIV,COG,0484
5884,45,47,696,1997.0,3443.0,0.0,-1.0663340000000001,-1.047091,CMR,COG,0484
5885,77,47,696,1997.0,152959.0,0.0,1.6737630000000001,0.7499439999999999,FRA,COG,0484
5886,104,47,696,1997.0,7749.0,0.0,0.150788,2.027932,IND,COG,0484
5887,111,47,696,1997.0,32766.0,0.0,1.596917,0.8313959999999999,ITA,COG,0484
5888,116,47,696,1997.0,22741.0,0.0,-0.363967,0.218183,KEN,COG,0484
5889,124,47,696,1997.0,23104.0,0.0,0.28229299999999996,1.0650549999999999,LBN,COG,0484
5890,134,47,696,1997.0,13794.0,0.0,-0.635337,-0.336298,MAR,COG,0484
5891,162,47,696,1997.0,1026.0,0.0,1.327106,1.520932,NLD,COG,0484
5892,224,47,696,1997.0,292620.0,0.0,0.154428,1.7573880000000002,TUR,COG,0484
5893,246,47,696,1997.0,93187.0,0.0,0.29381199999999996,1.276557,ZAF,COG,0484
5894,247,47,696,1997.0,31464.0,0.0,-0.8659309999999999,-0.88536,ZMB,COG,0484
5895,18,84,696,1997.0,52227.0,0.0,1.470183,1.312167,BEL,GIB,0484
5896,32,84,696,1997.0,12470.0,0.0,0.805759,1.249182,BRA,GIB,0484
5897,61,84,696,1997.0,28854.0,0.0,2.360316,-2.655514,DEU,GIB,0484
5898,71,84,696,1997.0,1479733.0,4782.0,1.068989,1.9429439999999998,ESP,GIB,0484
5899,77,84,696,1997.0,22824.0,0.0,1.6737630000000001,0.7499439999999999,FRA,GIB,0484
5900,81,84,696,1997.0,1550213.0,0.0,1.9742490000000001,0.7046359999999999,GBR,GIB,0484
5901,111,84,696,1997.0,15788.0,0.0,1.596917,0.8313959999999999,ITA,GIB,0484
5902,130,84,696,1997.0,0.0,9562.0,0.360579,1.382816,LTU,GIB,0484
5903,162,84,696,1997.0,18656.0,0.0,1.327106,1.520932,NLD,GIB,0484
5904,179,84,696,1997.0,44197.0,0.0,0.496633,1.025231,PRT,GIB,0484
5905,45,89,696,1997.0,16169.0,0.0,-1.0663340000000001,-1.047091,CMR,GNQ,0484
5906,71,89,696,1997.0,395765.0,0.0,1.068989,1.9429439999999998,ESP,GNQ,0484
5907,77,89,696,1997.0,44879.0,0.0,1.6737630000000001,0.7499439999999999,FRA,GNQ,0484
5908,111,89,696,1997.0,7789.0,0.0,1.596917,0.8313959999999999,ITA,GNQ,0484
5909,162,89,696,1997.0,1027.0,0.0,1.327106,1.520932,NLD,GNQ,0484
5910,179,89,696,1997.0,19750.0,0.0,0.496633,1.025231,PRT,GNQ,0484
5911,64,108,696,1997.0,377918.0,0.0,1.422606,1.395373,DNK,IRQ,0484
5912,113,108,696,1997.0,212273.0,0.0,0.641787,0.484512,JOR,IRQ,0484
5913,153,108,696,1997.0,17737.0,0.0,0.526754,0.33065700000000003,MYS,IRQ,0484
5914,224,108,696,1997.0,176654.0,0.0,0.154428,1.7573880000000002,TUR,IRQ,0484
5915,15,115,696,1997.0,2399.0,0.0,1.904005,0.445169,AUT,KAZ,0484
5916,16,115,696,1997.0,29778.0,0.0,0.28532199999999996,-0.00025299999999999997,AZE,KAZ,0484
5917,18,115,696,1997.0,1361413.0,0.0,1.470183,1.312167,BEL,KAZ,0484
5918,23,115,696,1997.0,23421.0,0.0,0.523226,1.4133959999999999,BGR,KAZ,0484
5919,43,115,696,1997.0,13412.0,0.0,0.380294,2.389738,CHN,KAZ,0484
5920,58,115,696,1997.0,3546.0,0.0,0.45144700000000004,0.46707600000000005,CYP,KAZ,0484
5921,59,115,696,1997.0,31084.0,0.0,1.450452,1.031814,CZE,KAZ,0484
5922,61,115,696,1997.0,754200.0,0.0,2.360316,-2.655514,DEU,KAZ,0484
5923,64,115,696,1997.0,169986.0,0.0,1.422606,1.395373,DNK,KAZ,0484
5924,71,115,696,1997.0,362027.0,0.0,1.068989,1.9429439999999998,ESP,KAZ,0484
5925,74,115,696,1997.0,210680.0,0.0,1.991377,1.047477,FIN,KAZ,0484
5926,77,115,696,1997.0,52466.0,0.0,1.6737630000000001,0.7499439999999999,FRA,KAZ,0484
5927,81,115,696,1997.0,63263.0,0.0,1.9742490000000001,0.7046359999999999,GBR,KAZ,0484
5928,90,115,696,1997.0,37109.0,0.0,0.225904,1.291959,GRC,KAZ,0484
5929,102,115,696,1997.0,32381.0,0.0,0.9121799999999999,1.55321,HUN,KAZ,0484
5930,107,115,696,1997.0,4350613.0,0.0,-0.8911190000000001,-1.085849,IRN,KAZ,0484
5931,110,115,696,1997.0,23612.0,0.0,1.404901,1.072135,ISR,KAZ,0484
5932,111,115,696,1997.0,1170.0,0.0,1.596917,0.8313959999999999,ITA,KAZ,0484
5933,121,115,696,1997.0,25508.0,0.0,1.2642,1.164231,KOR,KAZ,0484
5934,130,115,696,1997.0,11456.0,0.0,0.360579,1.382816,LTU,KAZ,0484
5935,162,115,696,1997.0,57307.0,0.0,1.327106,1.520932,NLD,KAZ,0484
5936,177,115,696,1997.0,251223.0,0.0,0.8447319999999999,2.000241,POL,KAZ,0484
5937,186,115,696,1997.0,4694040.0,103969.0,0.572773,0.375446,RUS,KAZ,0484
5938,189,115,696,1997.0,69977.0,0.0,0.626724,1.7948549999999999,SCG,KAZ,0484
5939,206,115,696,1997.0,3689.0,0.0,1.265691,1.368739,SVK,KAZ,0484
5940,224,115,696,1997.0,12747907.0,0.0,0.154428,1.7573880000000002,TUR,KAZ,0484
5941,228,115,696,1997.0,508603.0,0.0,0.7384539999999999,1.096947,UKR,KAZ,0484
5942,14,122,696,1997.0,457305.0,0.0,-0.033861,0.647668,AUS,KWT,0484
5943,15,122,696,1997.0,16298.0,0.0,1.904005,0.445169,AUT,KWT,0484
5944,18,122,696,1997.0,861700.0,0.0,1.470183,1.312167,BEL,KWT,0484
5945,39,122,696,1997.0,208733.0,0.0,0.928586,1.3413389999999998,CAN,KWT,0484
5946,41,122,696,1997.0,260155.0,0.0,2.327788,0.682804,CHE,KWT,0484
5947,58,122,696,1997.0,150822.0,0.0,0.45144700000000004,0.46707600000000005,CYP,KWT,0484
5948,61,122,696,1997.0,652851.0,0.0,2.360316,-2.655514,DEU,KWT,0484
5949,64,122,696,1997.0,288322.0,4364.0,1.422606,1.395373,DNK,KWT,0484
5950,68,122,696,1997.0,556293.0,0.0,-0.34861,0.005477,EGY,KWT,0484
5951,71,122,696,1997.0,353181.0,0.0,1.068989,1.9429439999999998,ESP,KWT,0484
5952,77,122,696,1997.0,208295.0,0.0,1.6737630000000001,0.7499439999999999,FRA,KWT,0484
5953,81,122,696,1997.0,4240566.0,0.0,1.9742490000000001,0.7046359999999999,GBR,KWT,0484
5954,90,122,696,1997.0,141279.0,0.0,0.225904,1.291959,GRC,KWT,0484
5955,96,122,696,1997.0,2000.0,0.0,-0.5991029999999999,-0.769726,GUY,KWT,0484
5956,102,122,696,1997.0,7000.0,0.0,0.9121799999999999,1.55321,HUN,KWT,0484
5957,103,122,696,1997.0,68778.0,0.0,-0.21049600000000002,1.318692,IDN,KWT,0484
5958,104,122,696,1997.0,32437.0,0.0,0.150788,2.027932,IND,KWT,0484
5959,106,122,696,1997.0,879334.0,0.0,1.579974,1.018361,IRL,KWT,0484
5960,107,122,696,1997.0,47875.0,0.0,-0.8911190000000001,-1.085849,IRN,KWT,0484
5961,111,122,696,1997.0,2449965.0,0.0,1.596917,0.8313959999999999,ITA,KWT,0484
5962,113,122,696,1997.0,38863.0,4310.0,0.641787,0.484512,JOR,KWT,0484
5963,114,122,696,1997.0,10112.0,0.0,2.771316,0.545821,JPN,KWT,0484
5964,121,122,696,1997.0,89546.0,0.0,1.2642,1.164231,KOR,KWT,0484
5965,124,122,696,1997.0,15177.0,18844.0,0.28229299999999996,1.0650549999999999,LBN,KWT,0484
5966,142,122,696,1997.0,30611.0,0.0,1.1063180000000001,0.377209,MLT,KWT,0484
5967,153,122,696,1997.0,371127.0,0.0,0.526754,0.33065700000000003,MYS,KWT,0484
5968,162,122,696,1997.0,1582515.0,0.0,1.327106,1.520932,NLD,KWT,0484
5969,167,122,696,1997.0,91546.0,310982.0,-0.233342,-0.9922049999999999,OMN,KWT,0484
5970,174,122,696,1997.0,91526.0,0.0,0.044834,0.024782,PHL,KWT,0484
5971,177,122,696,1997.0,990553.0,0.0,0.8447319999999999,2.000241,POL,KWT,0484
5972,192,122,696,1997.0,763883.0,0.0,1.1946700000000001,0.30503600000000003,SGP,KWT,0484
5973,216,122,696,1997.0,27078.0,0.0,0.216402,1.366618,THA,KWT,0484
5974,223,122,696,1997.0,454639.0,0.0,-0.187276,-0.21877600000000003,TUN,KWT,0484
5975,224,122,696,1997.0,1082582.0,0.0,0.154428,1.7573880000000002,TUR,KWT,0484
5976,231,122,696,1997.0,2028613.0,52031.0,1.875847,0.46257299999999996,USA,KWT,0484
5977,23,125,696,1997.0,1056.0,0.0,0.523226,1.4133959999999999,BGR,LBR,0484
5978,44,125,696,1997.0,294619.0,0.0,-0.647407,-0.603726,CIV,LBR,0484
5979,61,125,696,1997.0,25054.0,0.0,2.360316,-2.655514,DEU,LBR,0484
5980,64,125,696,1997.0,25565.0,0.0,1.422606,1.395373,DNK,LBR,0484
5981,77,125,696,1997.0,21457.0,0.0,1.6737630000000001,0.7499439999999999,FRA,LBR,0484
5982,81,125,696,1997.0,61307.0,0.0,1.9742490000000001,0.7046359999999999,GBR,LBR,0484
5983,83,125,696,1997.0,20764.0,0.0,-1.03989,-0.979039,GHA,LBR,0484
5984,97,125,696,1997.0,8170.0,0.0,0.475945,1.7576919999999998,HKG,LBR,0484
5985,104,125,696,1997.0,25849.0,0.0,0.150788,2.027932,IND,LBR,0484
5986,124,125,696,1997.0,2389.0,0.0,0.28229299999999996,1.0650549999999999,LBN,LBR,0484
5987,162,125,696,1997.0,73977.0,0.0,1.327106,1.520932,NLD,LBR,0484
5988,167,125,696,1997.0,12052.0,0.0,-0.233342,-0.9922049999999999,OMN,LBR,0484
5989,224,125,696,1997.0,154108.0,0.0,0.154428,1.7573880000000002,TUR,LBR,0484
5990,231,125,696,1997.0,288052.0,0.0,1.875847,0.46257299999999996,USA,LBR,0484
5991,18,126,696,1997.0,42109.0,0.0,1.470183,1.312167,BEL,LBY,0484
5992,61,126,696,1997.0,20873.0,0.0,2.360316,-2.655514,DEU,LBY,0484
5993,68,126,696,1997.0,139444.0,0.0,-0.34861,0.005477,EGY,LBY,0484
5994,71,126,696,1997.0,11852.0,0.0,1.068989,1.9429439999999998,ESP,LBY,0484
5995,77,126,696,1997.0,20309.0,0.0,1.6737630000000001,0.7499439999999999,FRA,LBY,0484
5996,102,126,696,1997.0,17000.0,0.0,0.9121799999999999,1.55321,HUN,LBY,0484
5997,111,126,696,1997.0,254125.0,0.0,1.596917,0.8313959999999999,ITA,LBY,0484
5998,113,126,696,1997.0,6449.0,0.0,0.641787,0.484512,JOR,LBY,0484
5999,134,126,696,1997.0,13202.0,0.0,-0.635337,-0.336298,MAR,LBY,0484
6000,142,126,696,1997.0,136098.0,0.0,1.1063180000000001,0.377209,MLT,LBY,0484
6001,162,126,696,1997.0,26171.0,0.0,1.327106,1.520932,NLD,LBY,0484
6002,223,126,696,1997.0,838025.0,0.0,-0.187276,-0.21877600000000003,TUN,LBY,0484
6003,224,126,696,1997.0,18317.0,0.0,0.154428,1.7573880000000002,TUR,LBY,0484
6004,33,127,696,1997.0,339648.0,0.0,0.916416,0.490241,BRB,LCA,0484
6005,39,127,696,1997.0,67870.0,0.0,0.928586,1.3413389999999998,CAN,LCA,0484
6006,49,127,696,1997.0,145979.0,0.0,0.023456,0.057771,COL,LCA,0484
6007,64,127,696,1997.0,1665.0,0.0,1.422606,1.395373,DNK,LCA,0484
6008,77,127,696,1997.0,1567.0,0.0,1.6737630000000001,0.7499439999999999,FRA,LCA,0484
6009,81,127,696,1997.0,186935.0,0.0,1.9742490000000001,0.7046359999999999,GBR,LCA,0484
6010,112,127,696,1997.0,38001.0,0.0,-0.6338739999999999,-0.838622,JAM,LCA,0484
6011,222,127,696,1997.0,1683277.0,0.0,0.051947,-0.405412,TTO,LCA,0484
6012,231,127,696,1997.0,132489.0,0.0,1.875847,0.46257299999999996,USA,LCA,0484
6013,14,128,696,1997.0,5101.0,10390.0,-0.033861,0.647668,AUS,LKA,0484
6014,18,128,696,1997.0,62335.0,0.0,1.470183,1.312167,BEL,LKA,0484
6015,22,128,696,1997.0,0.0,4746.0,-0.638734,-0.895301,BGD,LKA,0484
6016,39,128,696,1997.0,12397.0,155830.0,0.928586,1.3413389999999998,CAN,LKA,0484
6017,41,128,696,1997.0,0.0,28308.0,2.327788,0.682804,CHE,LKA,0484
6018,61,128,696,1997.0,0.0,17680.0,2.360316,-2.655514,DEU,LKA,0484
6019,64,128,696,1997.0,29808.0,0.0,1.422606,1.395373,DNK,LKA,0484
6020,68,128,696,1997.0,0.0,4621.0,-0.34861,0.005477,EGY,LKA,0484
6021,77,128,696,1997.0,0.0,13570.0,1.6737630000000001,0.7499439999999999,FRA,LKA,0484
6022,81,128,696,1997.0,444113.0,0.0,1.9742490000000001,0.7046359999999999,GBR,LKA,0484
6023,103,128,696,1997.0,7626.0,0.0,-0.21049600000000002,1.318692,IDN,LKA,0484
6024,104,128,696,1997.0,816278.0,44830.0,0.150788,2.027932,IND,LKA,0484
6025,111,128,696,1997.0,0.0,2875.0,1.596917,0.8313959999999999,ITA,LKA,0484
6026,114,128,696,1997.0,1753.0,0.0,2.771316,0.545821,JPN,LKA,0484
6027,121,128,696,1997.0,24746.0,0.0,1.2642,1.164231,KOR,LKA,0484
6028,124,128,696,1997.0,0.0,2893.0,0.28229299999999996,1.0650549999999999,LBN,LKA,0484
6029,137,128,696,1997.0,0.0,67650.0,-1.0046620000000002,-1.0400340000000001,MDV,LKA,0484
6030,138,128,696,1997.0,0.0,1540.0,0.7735350000000001,0.9161590000000001,MEX,LKA,0484
6031,153,128,696,1997.0,259163.0,0.0,0.526754,0.33065700000000003,MYS,LKA,0484
6032,162,128,696,1997.0,4626.0,0.0,1.327106,1.520932,NLD,LKA,0484
6033,163,128,696,1997.0,4158.0,1520.0,0.857735,0.061844,NOR,LKA,0484
6034,166,128,696,1997.0,0.0,18951.0,0.372052,0.764854,NZL,LKA,0484
6035,167,128,696,1997.0,0.0,13745.0,-0.233342,-0.9922049999999999,OMN,LKA,0484
6036,186,128,696,1997.0,0.0,43963.0,0.572773,0.375446,RUS,LKA,0484
6037,192,128,696,1997.0,129268.0,0.0,1.1946700000000001,0.30503600000000003,SGP,LKA,0484
6038,211,128,696,1997.0,0.0,108825.0,-0.547613,-0.8543209999999999,SYC,LKA,0484
6039,43,143,696,1997.0,231514.0,0.0,0.380294,2.389738,CHN,MMR,0484
6040,81,143,696,1997.0,72353.0,0.0,1.9742490000000001,0.7046359999999999,GBR,MMR,0484
6041,97,143,696,1997.0,47748.0,0.0,0.475945,1.7576919999999998,HKG,MMR,0484
6042,103,143,696,1997.0,185027.0,0.0,-0.21049600000000002,1.318692,IDN,MMR,0484
6043,104,143,696,1997.0,152514.0,0.0,0.150788,2.027932,IND,MMR,0484
6044,121,143,696,1997.0,27754.0,0.0,1.2642,1.164231,KOR,MMR,0484
6045,153,143,696,1997.0,1480292.0,0.0,0.526754,0.33065700000000003,MYS,MMR,0484
6046,192,143,696,1997.0,2067583.0,0.0,1.1946700000000001,0.30503600000000003,SGP,MMR,0484
6047,216,143,696,1997.0,3579910.0,0.0,0.216402,1.366618,THA,MMR,0484
6048,32,147,696,1997.0,21948.0,0.0,0.805759,1.249182,BRA,MOZ,0484
6049,44,147,696,1997.0,5021.0,0.0,-0.647407,-0.603726,CIV,MOZ,0484
6050,81,147,696,1997.0,18618.0,0.0,1.9742490000000001,0.7046359999999999,GBR,MOZ,0484
6051,103,147,696,1997.0,30307.0,0.0,-0.21049600000000002,1.318692,IDN,MOZ,0484
6052,104,147,696,1997.0,496795.0,0.0,0.150788,2.027932,IND,MOZ,0484
6053,179,147,696,1997.0,83145.0,0.0,0.496633,1.025231,PRT,MOZ,0484
6054,246,147,696,1997.0,3189421.0,0.0,0.29381199999999996,1.276557,ZAF,MOZ,0484
6055,32,148,696,1997.0,53795.0,0.0,0.805759,1.249182,BRA,MRT,0484
6056,59,148,696,1997.0,8446.0,0.0,1.450452,1.031814,CZE,MRT,0484
6057,64,148,696,1997.0,53782.0,0.0,1.422606,1.395373,DNK,MRT,0484
6058,71,148,696,1997.0,213231.0,0.0,1.068989,1.9429439999999998,ESP,MRT,0484
6059,77,148,696,1997.0,177948.0,0.0,1.6737630000000001,0.7499439999999999,FRA,MRT,0484
6060,81,148,696,1997.0,10442.0,0.0,1.9742490000000001,0.7046359999999999,GBR,MRT,0484
6061,103,148,696,1997.0,40872.0,0.0,-0.21049600000000002,1.318692,IDN,MRT,0484
6062,134,148,696,1997.0,6820.0,0.0,-0.635337,-0.336298,MAR,MRT,0484
6063,162,148,696,1997.0,3597.0,0.0,1.327106,1.520932,NLD,MRT,0484
6064,179,148,696,1997.0,13869.0,0.0,0.496633,1.025231,PRT,MRT,0484
6065,216,148,696,1997.0,159994.0,0.0,0.216402,1.366618,THA,MRT,0484
6066,224,148,696,1997.0,3786.0,0.0,0.154428,1.7573880000000002,TUR,MRT,0484
6067,43,164,696,1997.0,0.0,117020.0,0.380294,2.389738,CHN,NPL,0484
6068,61,164,696,1997.0,5800.0,0.0,2.360316,-2.655514,DEU,NPL,0484
6069,81,164,696,1997.0,88761.0,0.0,1.9742490000000001,0.7046359999999999,GBR,NPL,0484
6070,97,164,696,1997.0,51458.0,0.0,0.475945,1.7576919999999998,HKG,NPL,0484
6071,104,164,696,1997.0,157625.0,903394.0,0.150788,2.027932,IND,NPL,0484
6072,111,164,696,1997.0,10140.0,0.0,1.596917,0.8313959999999999,ITA,NPL,0484
6073,121,164,696,1997.0,7766.0,0.0,1.2642,1.164231,KOR,NPL,0484
6074,153,164,696,1997.0,50246.0,0.0,0.526754,0.33065700000000003,MYS,NPL,0484
6075,162,164,696,1997.0,3093.0,0.0,1.327106,1.520932,NLD,NPL,0484
6076,192,164,696,1997.0,11851.0,0.0,1.1946700000000001,0.30503600000000003,SGP,NPL,0484
6077,8,180,696,1997.0,12115506.0,0.0,0.072589,0.965456,ARG,PRY,0484
6078,32,180,696,1997.0,6374404.0,0.0,0.805759,1.249182,BRA,PRY,0484
6079,42,180,696,1997.0,603586.0,0.0,-0.06841799999999999,-0.21526199999999998,CHL,PRY,0484
6080,43,180,696,1997.0,4801.0,0.0,0.380294,2.389738,CHN,PRY,0484
6081,61,180,696,1997.0,108775.0,0.0,2.360316,-2.655514,DEU,PRY,0484
6082,64,180,696,1997.0,189139.0,0.0,1.422606,1.395373,DNK,PRY,0484
6083,71,180,696,1997.0,24478.0,0.0,1.068989,1.9429439999999998,ESP,PRY,0484
6084,77,180,696,1997.0,24648.0,0.0,1.6737630000000001,0.7499439999999999,FRA,PRY,0484
6085,81,180,696,1997.0,7698.0,0.0,1.9742490000000001,0.7046359999999999,GBR,PRY,0484
6086,90,180,696,1997.0,57058.0,0.0,0.225904,1.291959,GRC,PRY,0484
6087,97,180,696,1997.0,5176.0,0.0,0.475945,1.7576919999999998,HKG,PRY,0484
6088,103,180,696,1997.0,26687.0,0.0,-0.21049600000000002,1.318692,IDN,PRY,0484
6089,104,180,696,1997.0,10305.0,0.0,0.150788,2.027932,IND,PRY,0484
6090,111,180,696,1997.0,38209.0,0.0,1.596917,0.8313959999999999,ITA,PRY,0484
6091,114,180,696,1997.0,9069.0,0.0,2.771316,0.545821,JPN,PRY,0484
6092,121,180,696,1997.0,40300.0,0.0,1.2642,1.164231,KOR,PRY,0484
6093,124,180,696,1997.0,1082.0,0.0,0.28229299999999996,1.0650549999999999,LBN,PRY,0484
6094,230,180,696,1997.0,502855.0,0.0,0.080024,0.669226,URY,PRY,0484
6095,231,180,696,1997.0,78873.0,0.0,1.875847,0.46257299999999996,USA,PRY,0484
6096,249,180,696,1997.0,3508.0,0.0,1.557128,1.434424,TWN,PRY,0484
6097,14,183,696,1997.0,48593.0,0.0,-0.033861,0.647668,AUS,QAT,0484
6098,18,183,696,1997.0,143809.0,0.0,1.470183,1.312167,BEL,QAT,0484
6099,39,183,696,1997.0,85182.0,0.0,0.928586,1.3413389999999998,CAN,QAT,0484
6100,41,183,696,1997.0,75004.0,0.0,2.327788,0.682804,CHE,QAT,0484
6101,61,183,696,1997.0,329919.0,3537.0,2.360316,-2.655514,DEU,QAT,0484
6102,64,183,696,1997.0,109903.0,0.0,1.422606,1.395373,DNK,QAT,0484
6103,68,183,696,1997.0,19021.0,0.0,-0.34861,0.005477,EGY,QAT,0484
6104,71,183,696,1997.0,5974.0,0.0,1.068989,1.9429439999999998,ESP,QAT,0484
6105,77,183,696,1997.0,223104.0,0.0,1.6737630000000001,0.7499439999999999,FRA,QAT,0484
6106,81,183,696,1997.0,340629.0,14534.0,1.9742490000000001,0.7046359999999999,GBR,QAT,0484
6107,90,183,696,1997.0,12328.0,0.0,0.225904,1.291959,GRC,QAT,0484
6108,97,183,696,1997.0,12020.0,0.0,0.475945,1.7576919999999998,HKG,QAT,0484
6109,102,183,696,1997.0,11000.0,0.0,0.9121799999999999,1.55321,HUN,QAT,0484
6110,103,183,696,1997.0,20269.0,0.0,-0.21049600000000002,1.318692,IDN,QAT,0484
6111,104,183,696,1997.0,1544.0,0.0,0.150788,2.027932,IND,QAT,0484
6112,106,183,696,1997.0,82084.0,0.0,1.579974,1.018361,IRL,QAT,0484
6113,107,183,696,1997.0,18736.0,0.0,-0.8911190000000001,-1.085849,IRN,QAT,0484
6114,111,183,696,1997.0,492441.0,0.0,1.596917,0.8313959999999999,ITA,QAT,0484
6115,113,183,696,1997.0,29435.0,0.0,0.641787,0.484512,JOR,QAT,0484
6116,124,183,696,1997.0,5897.0,0.0,0.28229299999999996,1.0650549999999999,LBN,QAT,0484
6117,142,183,696,1997.0,56570.0,0.0,1.1063180000000001,0.377209,MLT,QAT,0484
6118,153,183,696,1997.0,68264.0,0.0,0.526754,0.33065700000000003,MYS,QAT,0484
6119,162,183,696,1997.0,10261.0,0.0,1.327106,1.520932,NLD,QAT,0484
6120,167,183,696,1997.0,306079.0,0.0,-0.233342,-0.9922049999999999,OMN,QAT,0484
6121,174,183,696,1997.0,56404.0,0.0,0.044834,0.024782,PHL,QAT,0484
6122,192,183,696,1997.0,153047.0,0.0,1.1946700000000001,0.30503600000000003,SGP,QAT,0484
6123,223,183,696,1997.0,372662.0,0.0,-0.187276,-0.21877600000000003,TUN,QAT,0484
6124,224,183,696,1997.0,334693.0,0.0,0.154428,1.7573880000000002,TUR,QAT,0484
6125,231,183,696,1997.0,431471.0,0.0,1.875847,0.46257299999999996,USA,QAT,0484
6126,14,188,696,1997.0,73323.0,20251.0,-0.033861,0.647668,AUS,SAU,0484
6127,15,188,696,1997.0,240017.0,0.0,1.904005,0.445169,AUT,SAU,0484
6128,18,188,696,1997.0,4367200.0,20321.0,1.470183,1.312167,BEL,SAU,0484
6129,21,188,696,1997.0,0.0,25778.0,-0.329098,-0.885215,BFA,SAU,0484
6130,22,188,696,1997.0,0.0,6484.0,-0.638734,-0.895301,BGD,SAU,0484
6131,32,188,696,1997.0,29328.0,0.0,0.805759,1.249182,BRA,SAU,0484
6132,39,188,696,1997.0,381778.0,83724.0,0.928586,1.3413389999999998,CAN,SAU,0484
6133,41,188,696,1997.0,101638.0,0.0,2.327788,0.682804,CHE,SAU,0484
6134,43,188,696,1997.0,115455.0,0.0,0.380294,2.389738,CHN,SAU,0484
6135,45,188,696,1997.0,0.0,117023.0,-1.0663340000000001,-1.047091,CMR,SAU,0484
6136,50,188,696,1997.0,0.0,14249.0,0.44647200000000004,-0.524514,COM,SAU,0484
6137,59,188,696,1997.0,1329450.0,0.0,1.450452,1.031814,CZE,SAU,0484
6138,61,188,696,1997.0,2629646.0,57073.0,2.360316,-2.655514,DEU,SAU,0484
6139,64,188,696,1997.0,927814.0,47876.0,1.422606,1.395373,DNK,SAU,0484
6140,68,188,696,1997.0,683386.0,138617.0,-0.34861,0.005477,EGY,SAU,0484
6141,71,188,696,1997.0,1427280.0,0.0,1.068989,1.9429439999999998,ESP,SAU,0484
6142,73,188,696,1997.0,168487.0,92134.0,-1.141928,-1.187119,ETH,SAU,0484
6143,74,188,696,1997.0,39213.0,0.0,1.991377,1.047477,FIN,SAU,0484
6144,77,188,696,1997.0,4063763.0,0.0,1.6737630000000001,0.7499439999999999,FRA,SAU,0484
6145,80,188,696,1997.0,0.0,37293.0,-1.277642,-1.178244,GAB,SAU,0484
6146,81,188,696,1997.0,1550883.0,55778.0,1.9742490000000001,0.7046359999999999,GBR,SAU,0484
6147,83,188,696,1997.0,0.0,79872.0,-1.03989,-0.979039,GHA,SAU,0484
6148,85,188,696,1997.0,0.0,23829.0,-1.223583,-1.14157,GIN,SAU,0484
6149,87,188,696,1997.0,0.0,109866.0,-0.686094,-0.8130609999999999,GMB,SAU,0484
6150,90,188,696,1997.0,191611.0,0.0,0.225904,1.291959,GRC,SAU,0484
6151,97,188,696,1997.0,21226.0,0.0,0.475945,1.7576919999999998,HKG,SAU,0484
6152,100,188,696,1997.0,1554982.0,0.0,0.61283,1.321775,HRV,SAU,0484
6153,103,188,696,1997.0,330197.0,0.0,-0.21049600000000002,1.318692,IDN,SAU,0484
6154,104,188,696,1997.0,55999.0,0.0,0.150788,2.027932,IND,SAU,0484
6155,106,188,696,1997.0,1196900.0,0.0,1.579974,1.018361,IRL,SAU,0484
6156,107,188,696,1997.0,12723.0,0.0,-0.8911190000000001,-1.085849,IRN,SAU,0484
6157,111,188,696,1997.0,4524940.0,0.0,1.596917,0.8313959999999999,ITA,SAU,0484
6158,113,188,696,1997.0,925351.0,794300.0,0.641787,0.484512,JOR,SAU,0484
6159,114,188,696,1997.0,3369352.0,0.0,2.771316,0.545821,JPN,SAU,0484
6160,116,188,696,1997.0,0.0,12760.0,-0.363967,0.218183,KEN,SAU,0484
6161,121,188,696,1997.0,74057.0,0.0,1.2642,1.164231,KOR,SAU,0484
6162,124,188,696,1997.0,75689.0,3999449.0,0.28229299999999996,1.0650549999999999,LBN,SAU,0484
6163,136,188,696,1997.0,0.0,30177.0,-1.090898,-0.605175,MDG,SAU,0484
6164,141,188,696,1997.0,0.0,88891.0,-1.166924,-1.060552,MLI,SAU,0484
6165,142,188,696,1997.0,16248.0,0.0,1.1063180000000001,0.377209,MLT,SAU,0484
6166,151,188,696,1997.0,0.0,10972.0,-0.42358999999999997,-0.680841,MUS,SAU,0484
6167,153,188,696,1997.0,2410244.0,0.0,0.526754,0.33065700000000003,MYS,SAU,0484
6168,157,188,696,1997.0,0.0,86937.0,-0.31505500000000003,-0.542254,NER,SAU,0484
6169,159,188,696,1997.0,0.0,121795.0,-1.8354990000000002,-1.246493,NGA,SAU,0484
6170,162,188,696,1997.0,5455608.0,41482.0,1.327106,1.520932,NLD,SAU,0484
6171,163,188,696,1997.0,5043.0,0.0,0.857735,0.061844,NOR,SAU,0484
6172,166,188,696,1997.0,22937.0,0.0,0.372052,0.764854,NZL,SAU,0484
6173,167,188,696,1997.0,1963558.0,2075765.0,-0.233342,-0.9922049999999999,OMN,SAU,0484
6174,174,188,696,1997.0,392524.0,0.0,0.044834,0.024782,PHL,SAU,0484
6175,177,188,696,1997.0,1062107.0,0.0,0.8447319999999999,2.000241,POL,SAU,0484
6176,186,188,696,1997.0,0.0,26562.0,0.572773,0.375446,RUS,SAU,0484
6177,190,188,696,1997.0,0.0,317721.0,-1.248538,-1.197904,SDN,SAU,0484
6178,192,188,696,1997.0,1809647.0,0.0,1.1946700000000001,0.30503600000000003,SGP,SAU,0484
6179,208,188,696,1997.0,9810.0,48436.0,2.0806709999999997,0.9541219999999999,SWE,SAU,0484
6180,216,188,696,1997.0,1149600.0,0.0,0.216402,1.366618,THA,SAU,0484
6181,223,188,696,1997.0,437231.0,0.0,-0.187276,-0.21877600000000003,TUN,SAU,0484
6182,224,188,696,1997.0,12357183.0,0.0,0.154428,1.7573880000000002,TUR,SAU,0484
6183,226,188,696,1997.0,0.0,19808.0,-1.243443,-0.537161,TZA,SAU,0484
6184,231,188,696,1997.0,10300105.0,337090.0,1.875847,0.46257299999999996,USA,SAU,0484
6185,246,188,696,1997.0,0.0,11882.0,0.29381199999999996,1.276557,ZAF,SAU,0484
6186,247,188,696,1997.0,0.0,20984.0,-0.8659309999999999,-0.88536,ZMB,SAU,0484
6187,249,188,696,1997.0,105932.0,4986.0,1.557128,1.434424,TWN,SAU,0484
6188,18,196,696,1997.0,19142.0,0.0,1.470183,1.312167,BEL,SLE,0484
6189,44,196,696,1997.0,57964.0,0.0,-0.647407,-0.603726,CIV,SLE,0484
6190,59,196,696,1997.0,10981.0,0.0,1.450452,1.031814,CZE,SLE,0484
6191,71,196,696,1997.0,25308.0,0.0,1.068989,1.9429439999999998,ESP,SLE,0484
6192,81,196,696,1997.0,110340.0,0.0,1.9742490000000001,0.7046359999999999,GBR,SLE,0484
6193,83,196,696,1997.0,0.0,7558.0,-1.03989,-0.979039,GHA,SLE,0484
6194,102,196,696,1997.0,10000.0,0.0,0.9121799999999999,1.55321,HUN,SLE,0484
6195,124,196,696,1997.0,20170.0,0.0,0.28229299999999996,1.0650549999999999,LBN,SLE,0484
6196,162,196,696,1997.0,1561.0,0.0,1.327106,1.520932,NLD,SLE,0484
6197,163,196,696,1997.0,194386.0,0.0,0.857735,0.061844,NOR,SLE,0484
6198,8,205,696,1997.0,83162.0,0.0,0.072589,0.965456,ARG,SUR,0484
6199,18,205,696,1997.0,152619.0,0.0,1.470183,1.312167,BEL,SUR,0484
6200,32,205,696,1997.0,15572.0,0.0,0.805759,1.249182,BRA,SUR,0484
6201,39,205,696,1997.0,25314.0,0.0,0.928586,1.3413389999999998,CAN,SUR,0484
6202,42,205,696,1997.0,15321.0,0.0,-0.06841799999999999,-0.21526199999999998,CHL,SUR,0484
6203,49,205,696,1997.0,332097.0,0.0,0.023456,0.057771,COL,SUR,0484
6204,71,205,696,1997.0,1612.0,0.0,1.068989,1.9429439999999998,ESP,SUR,0484
6205,81,205,696,1997.0,12458.0,0.0,1.9742490000000001,0.7046359999999999,GBR,SUR,0484
6206,97,205,696,1997.0,2910.0,0.0,0.475945,1.7576919999999998,HKG,SUR,0484
6207,103,205,696,1997.0,19273.0,0.0,-0.21049600000000002,1.318692,IDN,SUR,0484
6208,112,205,696,1997.0,32132.0,0.0,-0.6338739999999999,-0.838622,JAM,SUR,0484
6209,124,205,696,1997.0,0.0,43198.0,0.28229299999999996,1.0650549999999999,LBN,SUR,0484
6210,153,205,696,1997.0,6415.0,0.0,0.526754,0.33065700000000003,MYS,SUR,0484
6211,162,205,696,1997.0,735479.0,8111.0,1.327106,1.520932,NLD,SUR,0484
6212,222,205,696,1997.0,559748.0,0.0,0.051947,-0.405412,TTO,SUR,0484
6213,231,205,696,1997.0,332006.0,0.0,1.875847,0.46257299999999996,USA,SUR,0484
6214,45,214,696,1997.0,1718.0,0.0,-1.0663340000000001,-1.047091,CMR,TCD,0484
6215,77,214,696,1997.0,17279.0,0.0,1.6737630000000001,0.7499439999999999,FRA,TCD,0484
6216,18,232,696,1997.0,5178.0,0.0,1.470183,1.312167,BEL,UZB,0484
6217,61,232,696,1997.0,253587.0,0.0,2.360316,-2.655514,DEU,UZB,0484
6218,77,232,696,1997.0,314630.0,0.0,1.6737630000000001,0.7499439999999999,FRA,UZB,0484
6219,81,232,696,1997.0,289050.0,0.0,1.9742490000000001,0.7046359999999999,GBR,UZB,0484
6220,102,232,696,1997.0,28000.0,0.0,0.9121799999999999,1.55321,HUN,UZB,0484
6221,107,232,696,1997.0,2880256.0,0.0,-0.8911190000000001,-1.085849,IRN,UZB,0484
6222,110,232,696,1997.0,18000.0,0.0,1.404901,1.072135,ISR,UZB,0484
6223,111,232,696,1997.0,257575.0,0.0,1.596917,0.8313959999999999,ITA,UZB,0484
6224,113,232,696,1997.0,29766.0,0.0,0.641787,0.484512,JOR,UZB,0484
6225,121,232,696,1997.0,9847.0,0.0,1.2642,1.164231,KOR,UZB,0484
6226,130,232,696,1997.0,27008.0,0.0,0.360579,1.382816,LTU,UZB,0484
6227,162,232,696,1997.0,29254.0,0.0,1.327106,1.520932,NLD,UZB,0484
6228,177,232,696,1997.0,117960.0,0.0,0.8447319999999999,2.000241,POL,UZB,0484
6229,186,232,696,1997.0,246344.0,0.0,0.572773,0.375446,RUS,UZB,0484
6230,224,232,696,1997.0,2183131.0,16319.0,0.154428,1.7573880000000002,TUR,UZB,0484
6231,15,243,696,1997.0,32760.0,0.0,1.904005,0.445169,AUT,YEM,0484
6232,18,243,696,1997.0,50299.0,0.0,1.470183,1.312167,BEL,YEM,0484
6233,43,243,696,1997.0,7077.0,0.0,0.380294,2.389738,CHN,YEM,0484
6234,61,243,696,1997.0,92531.0,0.0,2.360316,-2.655514,DEU,YEM,0484
6235,64,243,696,1997.0,27661.0,0.0,1.422606,1.395373,DNK,YEM,0484
6236,68,243,696,1997.0,81464.0,0.0,-0.34861,0.005477,EGY,YEM,0484
6237,71,243,696,1997.0,68256.0,0.0,1.068989,1.9429439999999998,ESP,YEM,0484
6238,73,243,696,1997.0,0.0,437402.0,-1.141928,-1.187119,ETH,YEM,0484
6239,77,243,696,1997.0,36233.0,0.0,1.6737630000000001,0.7499439999999999,FRA,YEM,0484
6240,81,243,696,1997.0,281454.0,0.0,1.9742490000000001,0.7046359999999999,GBR,YEM,0484
6241,83,243,696,1997.0,0.0,64316.0,-1.03989,-0.979039,GHA,YEM,0484
6242,103,243,696,1997.0,24225.0,0.0,-0.21049600000000002,1.318692,IDN,YEM,0484
6243,107,243,696,1997.0,78916.0,0.0,-0.8911190000000001,-1.085849,IRN,YEM,0484
6244,111,243,696,1997.0,144930.0,0.0,1.596917,0.8313959999999999,ITA,YEM,0484
6245,113,243,696,1997.0,709343.0,12576.0,0.641787,0.484512,JOR,YEM,0484
6246,121,243,696,1997.0,16877.0,0.0,1.2642,1.164231,KOR,YEM,0484
6247,124,243,696,1997.0,8897.0,0.0,0.28229299999999996,1.0650549999999999,LBN,YEM,0484
6248,153,243,696,1997.0,104109.0,0.0,0.526754,0.33065700000000003,MYS,YEM,0484
6249,162,243,696,1997.0,100805.0,0.0,1.327106,1.520932,NLD,YEM,0484
6250,167,243,696,1997.0,79961.0,0.0,-0.233342,-0.9922049999999999,OMN,YEM,0484
6251,177,243,696,1997.0,136419.0,0.0,0.8447319999999999,2.000241,POL,YEM,0484
6252,186,243,696,1997.0,0.0,22272.0,0.572773,0.375446,RUS,YEM,0484
6253,189,243,696,1997.0,780987.0,0.0,0.626724,1.7948549999999999,SCG,YEM,0484
6254,192,243,696,1997.0,26899.0,0.0,1.1946700000000001,0.30503600000000003,SGP,YEM,0484
6255,223,243,696,1997.0,28441.0,0.0,-0.187276,-0.21877600000000003,TUN,YEM,0484
6256,224,243,696,1997.0,348808.0,0.0,0.154428,1.7573880000000002,TUR,YEM,0484
6257,231,243,696,1997.0,261635.0,56824.0,1.875847,0.46257299999999996,USA,YEM,0484
6258,61,248,696,1997.0,53824.0,0.0,2.360316,-2.655514,DEU,ZWE,0484
6259,81,248,696,1997.0,201684.0,0.0,1.9742490000000001,0.7046359999999999,GBR,ZWE,0484
6260,90,248,696,1997.0,16514.0,0.0,0.225904,1.291959,GRC,ZWE,0484
6261,111,248,696,1997.0,18099.0,0.0,1.596917,0.8313959999999999,ITA,ZWE,0484
6262,179,248,696,1997.0,1143.0,0.0,0.496633,1.025231,PRT,ZWE,0484
6263,246,248,696,1997.0,606977.0,30322.0,0.29381199999999996,1.276557,ZAF,ZWE,0484
6264,247,248,696,1997.0,0.0,27290.0,-0.8659309999999999,-0.88536,ZMB,ZWE,0484
6265,33,3,696,1997.0,48191.0,0.0,0.916416,0.490241,BRB,AIA,0484
6266,39,3,696,1997.0,1815.0,0.0,0.928586,1.3413389999999998,CAN,AIA,0484
6267,81,3,696,1997.0,2755.0,0.0,1.9742490000000001,0.7046359999999999,GBR,AIA,0484
6268,18,219,696,1997.0,213685.0,0.0,1.470183,1.312167,BEL,TKM,0484
6269,59,219,696,1997.0,8263.0,0.0,1.450452,1.031814,CZE,TKM,0484
6270,77,219,696,1997.0,12004.0,0.0,1.6737630000000001,0.7499439999999999,FRA,TKM,0484
6271,81,219,696,1997.0,17812.0,0.0,1.9742490000000001,0.7046359999999999,GBR,TKM,0484
6272,107,219,696,1997.0,9919747.0,0.0,-0.8911190000000001,-1.085849,IRN,TKM,0484
6273,145,219,696,1997.0,0.0,20604.0,-0.569797,-0.9604370000000001,MNG,TKM,0484
6274,162,219,696,1997.0,28885.0,0.0,1.327106,1.520932,NLD,TKM,0484
6275,177,219,696,1997.0,73273.0,0.0,0.8447319999999999,2.000241,POL,TKM,0484
6276,186,219,696,1997.0,41039.0,0.0,0.572773,0.375446,RUS,TKM,0484
6277,206,219,696,1997.0,42388.0,0.0,1.265691,1.368739,SVK,TKM,0484
6278,224,219,696,1997.0,4833764.0,0.0,0.154428,1.7573880000000002,TUR,TKM,0484
6279,228,219,696,1997.0,28167.0,0.0,0.7384539999999999,1.096947,UKR,TKM,0484
6280,72,1,696,1997.0,0.0,32308.0,0.45792,1.148099,EST,AFG,0484
6281,107,1,696,1997.0,242766.0,0.0,-0.8911190000000001,-1.085849,IRN,AFG,0484
6282,163,1,696,1997.0,127596.0,0.0,0.857735,0.061844,NOR,AFG,0484
6283,224,1,696,1997.0,54176.0,0.0,0.154428,1.7573880000000002,TUR,AFG,0484
6284,18,4,696,1997.0,2615.0,0.0,1.470183,1.312167,BEL,ALB,0484
6285,23,4,696,1997.0,253592.0,0.0,0.523226,1.4133959999999999,BGR,ALB,0484
6286,61,4,696,1997.0,16795.0,0.0,2.360316,-2.655514,DEU,ALB,0484
6287,71,4,696,1997.0,9937.0,0.0,1.068989,1.9429439999999998,ESP,ALB,0484
6288,77,4,696,1997.0,7253.0,0.0,1.6737630000000001,0.7499439999999999,FRA,ALB,0484
6289,90,4,696,1997.0,1050553.0,0.0,0.225904,1.291959,GRC,ALB,0484
6290,100,4,696,1997.0,6593.0,0.0,0.61283,1.321775,HRV,ALB,0484
6291,102,4,696,1997.0,7509.0,0.0,0.9121799999999999,1.55321,HUN,ALB,0484
6292,111,4,696,1997.0,1944485.0,0.0,1.596917,0.8313959999999999,ITA,ALB,0484
6293,140,4,696,1997.0,26018.0,0.0,0.297389,0.735171,MKD,ALB,0484
6294,162,4,696,1997.0,38798.0,0.0,1.327106,1.520932,NLD,ALB,0484
6295,189,4,696,1997.0,1195.0,0.0,0.626724,1.7948549999999999,SCG,ALB,0484
6296,207,4,696,1997.0,4853.0,0.0,1.449492,1.253379,SVN,ALB,0484
6297,216,4,696,1997.0,3076.0,0.0,0.216402,1.366618,THA,ALB,0484
6298,224,4,696,1997.0,4425674.0,8932.0,0.154428,1.7573880000000002,TUR,ALB,0484
6299,18,5,696,1997.0,148343.0,0.0,1.470183,1.312167,BEL,AND,0484
6300,41,5,696,1997.0,12705.0,0.0,2.327788,0.682804,CHE,AND,0484
6301,61,5,696,1997.0,30391.0,0.0,2.360316,-2.655514,DEU,AND,0484
6302,64,5,696,1997.0,432450.0,0.0,1.422606,1.395373,DNK,AND,0484
6303,71,5,696,1997.0,4665518.0,2816.0,1.068989,1.9429439999999998,ESP,AND,0484
6304,77,5,696,1997.0,1042729.0,16303.0,1.6737630000000001,0.7499439999999999,FRA,AND,0484
6305,81,5,696,1997.0,99963.0,0.0,1.9742490000000001,0.7046359999999999,GBR,AND,0484
6306,111,5,696,1997.0,248238.0,0.0,1.596917,0.8313959999999999,ITA,AND,0484
6307,162,5,696,1997.0,16349.0,0.0,1.327106,1.520932,NLD,AND,0484
6308,177,5,696,1997.0,20523.0,0.0,0.8447319999999999,2.000241,POL,AND,0484
6309,179,5,696,1997.0,4323.0,0.0,0.496633,1.025231,PRT,AND,0484
6310,208,5,696,1997.0,1239.0,0.0,2.0806709999999997,0.9541219999999999,SWE,AND,0484
6311,151,12,696,1997.0,6934.0,0.0,-0.42358999999999997,-0.680841,MUS,ATF,0484
6312,104,35,696,1997.0,18417.0,0.0,0.150788,2.027932,IND,BTN,0484
6313,14,40,696,1997.0,24267.0,0.0,-0.033861,0.647668,AUS,CCK,0484
6314,64,48,696,1997.0,67988.0,0.0,1.422606,1.395373,DNK,COK,0484
6315,81,48,696,1997.0,21742.0,0.0,1.9742490000000001,0.7046359999999999,GBR,COK,0484
6316,166,48,696,1997.0,221974.0,0.0,0.372052,0.764854,NZL,COK,0484
6317,14,56,696,1997.0,49716.0,0.0,-0.033861,0.647668,AUS,CXR,0484
6318,192,56,696,1997.0,29480.0,0.0,1.1946700000000001,0.30503600000000003,SGP,CXR,0484
6319,32,57,696,1997.0,0.0,24109.0,0.805759,1.249182,BRA,CYM,0484
6320,39,57,696,1997.0,7482.0,0.0,0.928586,1.3413389999999998,CAN,CYM,0484
6321,81,57,696,1997.0,36219.0,70150.0,1.9742490000000001,0.7046359999999999,GBR,CYM,0484
6322,112,57,696,1997.0,77956.0,0.0,-0.6338739999999999,-0.838622,JAM,CYM,0484
6323,216,57,696,1997.0,5334.0,0.0,0.216402,1.366618,THA,CYM,0484
6324,231,57,696,1997.0,1401897.0,198189.0,1.875847,0.46257299999999996,USA,CYM,0484
6325,18,62,696,1997.0,297761.0,0.0,1.470183,1.312167,BEL,DJI,0484
6326,64,62,696,1997.0,37359.0,0.0,1.422606,1.395373,DNK,DJI,0484
6327,71,62,696,1997.0,17345.0,0.0,1.068989,1.9429439999999998,ESP,DJI,0484
6328,73,62,696,1997.0,2349.0,0.0,-1.141928,-1.187119,ETH,DJI,0484
6329,77,62,696,1997.0,530167.0,0.0,1.6737630000000001,0.7499439999999999,FRA,DJI,0484
6330,111,62,696,1997.0,2554.0,0.0,1.596917,0.8313959999999999,ITA,DJI,0484
6331,162,62,696,1997.0,388855.0,0.0,1.327106,1.520932,NLD,DJI,0484
6332,163,62,696,1997.0,260263.0,0.0,0.857735,0.061844,NOR,DJI,0484
6333,167,62,696,1997.0,4005.0,0.0,-0.233342,-0.9922049999999999,OMN,DJI,0484
6334,192,62,696,1997.0,5272.0,0.0,1.1946700000000001,0.30503600000000003,SGP,DJI,0484
6335,231,62,696,1997.0,9048.0,0.0,1.875847,0.46257299999999996,USA,DJI,0484
6336,246,62,696,1997.0,2890.0,0.0,0.29381199999999996,1.276557,ZAF,DJI,0484
6337,14,75,696,1997.0,883084.0,123302.0,-0.033861,0.647668,AUS,FJI,0484
6338,32,75,696,1997.0,171975.0,0.0,0.805759,1.249182,BRA,FJI,0484
6339,39,75,696,1997.0,0.0,24283.0,0.928586,1.3413389999999998,CAN,FJI,0484
6340,81,75,696,1997.0,9319.0,0.0,1.9742490000000001,0.7046359999999999,GBR,FJI,0484
6341,103,75,696,1997.0,67481.0,0.0,-0.21049600000000002,1.318692,IDN,FJI,0484
6342,104,75,696,1997.0,8891.0,0.0,0.150788,2.027932,IND,FJI,0484
6343,119,75,696,1997.0,0.0,80115.0,-0.216348,-0.881244,KIR,FJI,0484
6344,153,75,696,1997.0,19223.0,0.0,0.526754,0.33065700000000003,MYS,FJI,0484
6345,166,75,696,1997.0,195847.0,576855.0,0.372052,0.764854,NZL,FJI,0484
6346,182,75,696,1997.0,0.0,176310.0,0.431432,-0.5432020000000001,PYF,FJI,0484
6347,192,75,696,1997.0,21176.0,0.0,1.1946700000000001,0.30503600000000003,SGP,FJI,0484
6348,225,75,696,1997.0,0.0,198374.0,1.177384,-0.5756560000000001,TUV,FJI,0484
6349,231,75,696,1997.0,11316.0,249377.0,1.875847,0.46257299999999996,USA,FJI,0484
6350,61,78,696,1997.0,11038.0,0.0,2.360316,-2.655514,DEU,FRO,0484
6351,64,78,696,1997.0,1002284.0,0.0,1.422606,1.395373,DNK,FRO,0484
6352,71,78,696,1997.0,7880.0,0.0,1.068989,1.9429439999999998,ESP,FRO,0484
6353,74,78,696,1997.0,1949.0,0.0,1.991377,1.047477,FIN,FRO,0484
6354,81,78,696,1997.0,660647.0,1292.0,1.9742490000000001,0.7046359999999999,GBR,FRO,0484
6355,109,78,696,1997.0,44271.0,0.0,0.33665700000000004,-0.42348,ISL,FRO,0484
6356,162,78,696,1997.0,8428.0,0.0,1.327106,1.520932,NLD,FRO,0484
6357,163,78,696,1997.0,138428.0,0.0,0.857735,0.061844,NOR,FRO,0484
6358,208,78,696,1997.0,39699.0,0.0,2.0806709999999997,0.9541219999999999,SWE,FRO,0484
6359,250,78,696,1997.0,3217.0,0.0,1.004537,0.782725,ANS,FRO,0484
6360,14,79,696,1997.0,14287.0,0.0,-0.033861,0.647668,AUS,FSM,0484
6361,114,79,696,1997.0,99932.0,0.0,2.771316,0.545821,JPN,FSM,0484
6362,174,79,696,1997.0,15225.0,0.0,0.044834,0.024782,PHL,FSM,0484
6363,39,117,696,1997.0,2058.0,0.0,0.928586,1.3413389999999998,CAN,KGZ,0484
6364,61,117,696,1997.0,32597.0,0.0,2.360316,-2.655514,DEU,KGZ,0484
6365,72,117,696,1997.0,16498.0,0.0,0.45792,1.148099,EST,KGZ,0484
6366,77,117,696,1997.0,34113.0,0.0,1.6737630000000001,0.7499439999999999,FRA,KGZ,0484
6367,107,117,696,1997.0,2263604.0,0.0,-0.8911190000000001,-1.085849,IRN,KGZ,0484
6368,110,117,696,1997.0,18000.0,0.0,1.404901,1.072135,ISR,KGZ,0484
6369,111,117,696,1997.0,10150.0,0.0,1.596917,0.8313959999999999,ITA,KGZ,0484
6370,177,117,696,1997.0,60574.0,0.0,0.8447319999999999,2.000241,POL,KGZ,0484
6371,186,117,696,1997.0,257816.0,2312.0,0.572773,0.375446,RUS,KGZ,0484
6372,224,117,696,1997.0,5921024.0,0.0,0.154428,1.7573880000000002,TUR,KGZ,0484
6373,18,118,696,1997.0,58844.0,0.0,1.470183,1.312167,BEL,KHM,0484
6374,43,118,696,1997.0,3624.0,0.0,0.380294,2.389738,CHN,KHM,0484
6375,77,118,696,1997.0,11513.0,0.0,1.6737630000000001,0.7499439999999999,FRA,KHM,0484
6376,97,118,696,1997.0,178680.0,0.0,0.475945,1.7576919999999998,HKG,KHM,0484
6377,103,118,696,1997.0,170947.0,0.0,-0.21049600000000002,1.318692,IDN,KHM,0484
6378,121,118,696,1997.0,1878.0,0.0,1.2642,1.164231,KOR,KHM,0484
6379,153,118,696,1997.0,330881.0,0.0,0.526754,0.33065700000000003,MYS,KHM,0484
6380,192,118,696,1997.0,386752.0,0.0,1.1946700000000001,0.30503600000000003,SGP,KHM,0484
6381,216,118,696,1997.0,2915400.0,0.0,0.216402,1.366618,THA,KHM,0484
6382,231,118,696,1997.0,20167.0,0.0,1.875847,0.46257299999999996,USA,KHM,0484
6383,14,119,696,1997.0,57471.0,0.0,-0.033861,0.647668,AUS,KIR,0484
6384,75,119,696,1997.0,80115.0,0.0,-0.8839090000000001,-0.9493540000000001,FJI,KIR,0484
6385,166,119,696,1997.0,4158.0,0.0,0.372052,0.764854,NZL,KIR,0484
6386,231,119,696,1997.0,9887.0,0.0,1.875847,0.46257299999999996,USA,KIR,0484
6387,43,123,696,1997.0,1500.0,0.0,0.380294,2.389738,CHN,LAO,0484
6388,81,123,696,1997.0,67002.0,0.0,1.9742490000000001,0.7046359999999999,GBR,LAO,0484
6389,114,123,696,1997.0,2431.0,0.0,2.771316,0.545821,JPN,LAO,0484
6390,153,123,696,1997.0,55519.0,0.0,0.526754,0.33065700000000003,MYS,LAO,0484
6391,186,123,696,1997.0,0.0,78338.0,0.572773,0.375446,RUS,LAO,0484
6392,192,123,696,1997.0,3778.0,0.0,1.1946700000000001,0.30503600000000003,SGP,LAO,0484
6393,216,123,696,1997.0,4557009.0,0.0,0.216402,1.366618,THA,LAO,0484
6394,14,139,696,1997.0,89722.0,0.0,-0.033861,0.647668,AUS,MHL,0484
6395,114,139,696,1997.0,40596.0,0.0,2.771316,0.545821,JPN,MHL,0484
6396,174,139,696,1997.0,21341.0,0.0,0.044834,0.024782,PHL,MHL,0484
6397,192,139,696,1997.0,1645.0,0.0,1.1946700000000001,0.30503600000000003,SGP,MHL,0484
6398,18,145,696,1997.0,3614.0,0.0,1.470183,1.312167,BEL,MNG,0484
6399,23,145,696,1997.0,41055.0,0.0,0.523226,1.4133959999999999,BGR,MNG,0484
6400,43,145,696,1997.0,90683.0,0.0,0.380294,2.389738,CHN,MNG,0484
6401,59,145,696,1997.0,890848.0,0.0,1.450452,1.031814,CZE,MNG,0484
6402,61,145,696,1997.0,276906.0,0.0,2.360316,-2.655514,DEU,MNG,0484
6403,64,145,696,1997.0,5612.0,0.0,1.422606,1.395373,DNK,MNG,0484
6404,71,145,696,1997.0,28945.0,0.0,1.068989,1.9429439999999998,ESP,MNG,0484
6405,72,145,696,1997.0,27383.0,0.0,0.45792,1.148099,EST,MNG,0484
6406,74,145,696,1997.0,1874.0,0.0,1.991377,1.047477,FIN,MNG,0484
6407,77,145,696,1997.0,28159.0,0.0,1.6737630000000001,0.7499439999999999,FRA,MNG,0484
6408,81,145,696,1997.0,240217.0,0.0,1.9742490000000001,0.7046359999999999,GBR,MNG,0484
6409,102,145,696,1997.0,102858.0,0.0,0.9121799999999999,1.55321,HUN,MNG,0484
6410,114,145,696,1997.0,5491.0,0.0,2.771316,0.545821,JPN,MNG,0484
6411,121,145,696,1997.0,197612.0,0.0,1.2642,1.164231,KOR,MNG,0484
6412,162,145,696,1997.0,11214.0,0.0,1.327106,1.520932,NLD,MNG,0484
6413,177,145,696,1997.0,194025.0,0.0,0.8447319999999999,2.000241,POL,MNG,0484
6414,186,145,696,1997.0,22411.0,0.0,0.572773,0.375446,RUS,MNG,0484
6415,192,145,696,1997.0,40576.0,0.0,1.1946700000000001,0.30503600000000003,SGP,MNG,0484
6416,206,145,696,1997.0,5574.0,0.0,1.265691,1.368739,SVK,MNG,0484
6417,216,145,696,1997.0,9964.0,0.0,0.216402,1.366618,THA,MNG,0484
6418,219,145,696,1997.0,20604.0,0.0,-0.580361,-1.071587,TKM,MNG,0484
6419,224,145,696,1997.0,74185.0,0.0,0.154428,1.7573880000000002,TUR,MNG,0484
6420,228,145,696,1997.0,47205.0,0.0,0.7384539999999999,1.096947,UKR,MNG,0484
6421,231,145,696,1997.0,3544.0,0.0,1.875847,0.46257299999999996,USA,MNG,0484
6422,77,146,696,1997.0,13898.0,0.0,1.6737630000000001,0.7499439999999999,FRA,MNP,0484
6423,114,146,696,1997.0,388955.0,24258.0,2.771316,0.545821,JPN,MNP,0484
6424,121,146,696,1997.0,51945.0,0.0,1.2642,1.164231,KOR,MNP,0484
6425,166,146,696,1997.0,5331.0,0.0,0.372052,0.764854,NZL,MNP,0484
6426,192,146,696,1997.0,3289.0,0.0,1.1946700000000001,0.30503600000000003,SGP,MNP,0484
6427,14,156,696,1997.0,3366768.0,0.0,-0.033861,0.647668,AUS,NCL,0484
6428,18,156,696,1997.0,133884.0,0.0,1.470183,1.312167,BEL,NCL,0484
6429,64,156,696,1997.0,25546.0,0.0,1.422606,1.395373,DNK,NCL,0484
6430,77,156,696,1997.0,2500420.0,0.0,1.6737630000000001,0.7499439999999999,FRA,NCL,0484
6431,81,156,696,1997.0,27399.0,0.0,1.9742490000000001,0.7046359999999999,GBR,NCL,0484
6432,97,156,696,1997.0,10668.0,0.0,0.475945,1.7576919999999998,HKG,NCL,0484
6433,111,156,696,1997.0,9181.0,0.0,1.596917,0.8313959999999999,ITA,NCL,0484
6434,162,156,696,1997.0,12330.0,0.0,1.327106,1.520932,NLD,NCL,0484
6435,166,156,696,1997.0,584670.0,0.0,0.372052,0.764854,NZL,NCL,0484
6436,192,156,696,1997.0,130048.0,0.0,1.1946700000000001,0.30503600000000003,SGP,NCL,0484
6437,216,156,696,1997.0,25567.0,0.0,0.216402,1.366618,THA,NCL,0484
6438,231,156,696,1997.0,630450.0,6461.0,1.875847,0.46257299999999996,USA,NCL,0484
6439,14,158,696,1997.0,16255.0,0.0,-0.033861,0.647668,AUS,NFK,0484
6440,166,158,696,1997.0,21966.0,0.0,0.372052,0.764854,NZL,NFK,0484
6441,231,158,696,1997.0,6908.0,0.0,1.875847,0.46257299999999996,USA,NFK,0484
6442,166,161,696,1997.0,89991.0,0.0,0.372052,0.764854,NZL,NIU,0484
6443,14,165,696,1997.0,75756.0,0.0,-0.033861,0.647668,AUS,NRU,0484
6444,153,165,696,1997.0,12064.0,0.0,0.526754,0.33065700000000003,MYS,NRU,0484
6445,114,175,696,1997.0,154281.0,0.0,2.771316,0.545821,JPN,PLW,0484
6446,174,175,696,1997.0,183381.0,0.0,0.044834,0.024782,PHL,PLW,0484
6447,231,175,696,1997.0,28884.0,0.0,1.875847,0.46257299999999996,USA,PLW,0484
6448,14,176,696,1997.0,2207859.0,121209.0,-0.033861,0.647668,AUS,PNG,0484
6449,42,176,696,1997.0,249549.0,0.0,-0.06841799999999999,-0.21526199999999998,CHL,PNG,0484
6450,43,176,696,1997.0,48027.0,0.0,0.380294,2.389738,CHN,PNG,0484
6451,81,176,696,1997.0,8565.0,0.0,1.9742490000000001,0.7046359999999999,GBR,PNG,0484
6452,97,176,696,1997.0,6219.0,0.0,0.475945,1.7576919999999998,HKG,PNG,0484
6453,103,176,696,1997.0,201063.0,0.0,-0.21049600000000002,1.318692,IDN,PNG,0484
6454,121,176,696,1997.0,26533.0,0.0,1.2642,1.164231,KOR,PNG,0484
6455,153,176,696,1997.0,219565.0,0.0,0.526754,0.33065700000000003,MYS,PNG,0484
6456,166,176,696,1997.0,36682.0,48443.0,0.372052,0.764854,NZL,PNG,0484
6457,174,176,696,1997.0,60336.0,0.0,0.044834,0.024782,PHL,PNG,0484
6458,182,176,696,1997.0,0.0,54957.0,0.431432,-0.5432020000000001,PYF,PNG,0484
6459,192,176,696,1997.0,402586.0,0.0,1.1946700000000001,0.30503600000000003,SGP,PNG,0484
6460,32,178,696,1997.0,13229.0,0.0,0.805759,1.249182,BRA,PRK,0484
6461,43,178,696,1997.0,1072099.0,0.0,0.380294,2.389738,CHN,PRK,0484
6462,61,178,696,1997.0,2331.0,0.0,2.360316,-2.655514,DEU,PRK,0484
6463,77,178,696,1997.0,10814.0,0.0,1.6737630000000001,0.7499439999999999,FRA,PRK,0484
6464,97,178,696,1997.0,123166.0,0.0,0.475945,1.7576919999999998,HKG,PRK,0484
6465,111,178,696,1997.0,90646.0,0.0,1.596917,0.8313959999999999,ITA,PRK,0484
6466,114,178,696,1997.0,14658.0,0.0,2.771316,0.545821,JPN,PRK,0484
6467,162,178,696,1997.0,36951.0,0.0,1.327106,1.520932,NLD,PRK,0484
6468,163,178,696,1997.0,615701.0,0.0,0.857735,0.061844,NOR,PRK,0484
6469,186,178,696,1997.0,0.0,2776.0,0.572773,0.375446,RUS,PRK,0484
6470,192,178,696,1997.0,18636.0,0.0,1.1946700000000001,0.30503600000000003,SGP,PRK,0484
6471,228,178,696,1997.0,0.0,46173.0,0.7384539999999999,1.096947,UKR,PRK,0484
6472,14,195,696,1997.0,71192.0,0.0,-0.033861,0.647668,AUS,SLB,0484
6473,97,195,696,1997.0,12940.0,0.0,0.475945,1.7576919999999998,HKG,SLB,0484
6474,166,195,696,1997.0,3474.0,0.0,0.372052,0.764854,NZL,SLB,0484
6475,192,195,696,1997.0,190554.0,0.0,1.1946700000000001,0.30503600000000003,SGP,SLB,0484
6476,166,221,696,1997.0,158286.0,12853.0,0.372052,0.764854,NZL,TON,0484
6477,231,221,696,1997.0,30971.0,0.0,1.875847,0.46257299999999996,USA,TON,0484
6478,14,225,696,1997.0,9279.0,0.0,-0.033861,0.647668,AUS,TUV,0484
6479,75,225,696,1997.0,198374.0,0.0,-0.8839090000000001,-0.9493540000000001,FJI,TUV,0484
6480,14,240,696,1997.0,303751.0,0.0,-0.033861,0.647668,AUS,VUT,0484
6481,77,240,696,1997.0,16849.0,0.0,1.6737630000000001,0.7499439999999999,FRA,VUT,0484
6482,97,240,696,1997.0,6740.0,0.0,0.475945,1.7576919999999998,HKG,VUT,0484
6483,166,240,696,1997.0,20416.0,0.0,0.372052,0.764854,NZL,VUT,0484
6484,192,240,696,1997.0,77632.0,0.0,1.1946700000000001,0.30503600000000003,SGP,VUT,0484
6485,14,241,696,1997.0,328458.0,0.0,-0.033861,0.647668,AUS,WLF,0484
6486,77,241,696,1997.0,63821.0,0.0,1.6737630000000001,0.7499439999999999,FRA,WLF,0484
6487,166,241,696,1997.0,105919.0,0.0,0.372052,0.764854,NZL,WLF,0484
6488,14,242,696,1997.0,56239.0,0.0,-0.033861,0.647668,AUS,WSM,0484
6489,81,242,696,1997.0,2824.0,0.0,1.9742490000000001,0.7046359999999999,GBR,WSM,0484
6490,166,242,696,1997.0,100196.0,0.0,0.372052,0.764854,NZL,WSM,0484
6491,192,242,696,1997.0,28545.0,0.0,1.1946700000000001,0.30503600000000003,SGP,WSM,0484
6492,15,0,696,1997.0,2064.0,0.0,1.904005,0.445169,AUT,ABW,0484
6493,18,0,696,1997.0,4699.0,0.0,1.470183,1.312167,BEL,ABW,0484
6494,49,0,696,1997.0,222468.0,0.0,0.023456,0.057771,COL,ABW,0484
6495,61,0,696,1997.0,53397.0,0.0,2.360316,-2.655514,DEU,ABW,0484
6496,64,0,696,1997.0,46572.0,0.0,1.422606,1.395373,DNK,ABW,0484
6497,81,0,696,1997.0,117236.0,0.0,1.9742490000000001,0.7046359999999999,GBR,ABW,0484
6498,111,0,696,1997.0,2695.0,0.0,1.596917,0.8313959999999999,ITA,ABW,0484
6499,162,0,696,1997.0,450626.0,0.0,1.327106,1.520932,NLD,ABW,0484
6500,222,0,696,1997.0,3597.0,0.0,0.051947,-0.405412,TTO,ABW,0484
6501,231,0,696,1997.0,1242740.0,0.0,1.875847,0.46257299999999996,USA,ABW,0484
6502,236,0,696,1997.0,78185.0,0.0,-0.137776,-0.750744,VEN,ABW,0484
6503,44,38,696,1997.0,30721.0,0.0,-0.647407,-0.603726,CIV,CAF,0484
6504,45,38,696,1997.0,3956.0,0.0,-1.0663340000000001,-1.047091,CMR,CAF,0484
6505,77,38,696,1997.0,24534.0,0.0,1.6737630000000001,0.7499439999999999,FRA,CAF,0484
6506,111,38,696,1997.0,2714.0,0.0,1.596917,0.8313959999999999,ITA,CAF,0484
6507,162,38,696,1997.0,1313.0,0.0,1.327106,1.520932,NLD,CAF,0484
6508,231,38,696,1997.0,4858.0,0.0,1.875847,0.46257299999999996,USA,CAF,0484
6509,246,38,696,1997.0,2702.0,0.0,0.29381199999999996,1.276557,ZAF,CAF,0484
6510,81,69,696,1997.0,26415.0,0.0,1.9742490000000001,0.7046359999999999,GBR,ERI,0484
6511,111,69,696,1997.0,29460.0,0.0,1.596917,0.8313959999999999,ITA,ERI,0484
6512,113,69,696,1997.0,18922.0,0.0,0.641787,0.484512,JOR,ERI,0484
6513,18,92,696,1997.0,8121.0,0.0,1.470183,1.312167,BEL,GRL,0484
6514,39,92,696,1997.0,20546.0,0.0,0.928586,1.3413389999999998,CAN,GRL,0484
6515,61,92,696,1997.0,9262.0,0.0,2.360316,-2.655514,DEU,GRL,0484
6516,64,92,696,1997.0,2804744.0,0.0,1.422606,1.395373,DNK,GRL,0484
6517,77,92,696,1997.0,79896.0,0.0,1.6737630000000001,0.7499439999999999,FRA,GRL,0484
6518,81,92,696,1997.0,32664.0,0.0,1.9742490000000001,0.7046359999999999,GBR,GRL,0484
6519,103,92,696,1997.0,123783.0,0.0,-0.21049600000000002,1.318692,IDN,GRL,0484
6520,109,92,696,1997.0,3836.0,0.0,0.33665700000000004,-0.42348,ISL,GRL,0484
6521,111,92,696,1997.0,5707.0,0.0,1.596917,0.8313959999999999,ITA,GRL,0484
6522,162,92,696,1997.0,18128.0,0.0,1.327106,1.520932,NLD,GRL,0484
6523,163,92,696,1997.0,1573.0,0.0,0.857735,0.061844,NOR,GRL,0484
6524,208,92,696,1997.0,6016.0,0.0,2.0806709999999997,0.9541219999999999,SWE,GRL,0484
6525,81,105,696,1997.0,1139.0,0.0,1.9742490000000001,0.7046359999999999,GBR,IOT,0484
6526,15,199,696,1997.0,1913.0,0.0,1.904005,0.445169,AUT,SOM,0484
6527,104,199,696,1997.0,16397.0,0.0,0.150788,2.027932,IND,SOM,0484
6528,116,199,696,1997.0,305562.0,0.0,-0.363967,0.218183,KEN,SOM,0484
6529,153,199,696,1997.0,3591.0,0.0,0.526754,0.33065700000000003,MYS,SOM,0484
6530,163,199,696,1997.0,263821.0,0.0,0.857735,0.061844,NOR,SOM,0484
6531,167,199,696,1997.0,16067.0,0.0,-0.233342,-0.9922049999999999,OMN,SOM,0484
6532,23,217,696,1997.0,1224.0,0.0,0.523226,1.4133959999999999,BGR,TJK,0484
6533,61,217,696,1997.0,5215.0,0.0,2.360316,-2.655514,DEU,TJK,0484
6534,77,217,696,1997.0,7563.0,0.0,1.6737630000000001,0.7499439999999999,FRA,TJK,0484
6535,81,217,696,1997.0,14000.0,0.0,1.9742490000000001,0.7046359999999999,GBR,TJK,0484
6536,107,217,696,1997.0,5767960.0,0.0,-0.8911190000000001,-1.085849,IRN,TJK,0484
6537,111,217,696,1997.0,58522.0,0.0,1.596917,0.8313959999999999,ITA,TJK,0484
6538,162,217,696,1997.0,1547.0,0.0,1.327106,1.520932,NLD,TJK,0484
6539,163,217,696,1997.0,66189.0,0.0,0.857735,0.061844,NOR,TJK,0484
6540,186,217,696,1997.0,118188.0,0.0,0.572773,0.375446,RUS,TJK,0484
6541,224,217,696,1997.0,739512.0,0.0,0.154428,1.7573880000000002,TUR,TJK,0484
6542,33,237,696,1997.0,21385.0,0.0,0.916416,0.490241,BRB,VGB,0484
6543,81,237,696,1997.0,81583.0,0.0,1.9742490000000001,0.7046359999999999,GBR,VGB,0484
6544,231,237,696,1997.0,175862.0,0.0,1.875847,0.46257299999999996,USA,VGB,0484
6545,44,88,696,1997.0,17641.0,0.0,-0.647407,-0.603726,CIV,GNB,0484
6546,51,88,696,1997.0,12192.0,0.0,1.1987079999999999,0.084231,CPV,GNB,0484
6547,77,88,696,1997.0,2413.0,0.0,1.6737630000000001,0.7499439999999999,FRA,GNB,0484
6548,87,88,696,1997.0,26733.0,0.0,-0.686094,-0.8130609999999999,GMB,GNB,0484
6549,162,88,696,1997.0,158523.0,0.0,1.327106,1.520932,NLD,GNB,0484
6550,179,88,696,1997.0,301544.0,0.0,0.496633,1.025231,PRT,GNB,0484
6551,33,149,696,1997.0,8893.0,0.0,0.916416,0.490241,BRB,MSR,0484
6552,49,149,696,1997.0,82367.0,0.0,0.023456,0.057771,COL,MSR,0484
6553,112,149,696,1997.0,4610.0,0.0,-0.6338739999999999,-0.838622,JAM,MSR,0484
6554,222,149,696,1997.0,29305.0,0.0,0.051947,-0.405412,TTO,MSR,0484
6555,18,200,696,1997.0,4852.0,0.0,1.470183,1.312167,BEL,SPM,0484
6556,39,200,696,1997.0,9817.0,0.0,0.928586,1.3413389999999998,CAN,SPM,0484
6557,77,200,696,1997.0,133537.0,0.0,1.6737630000000001,0.7499439999999999,FRA,SPM,0484
6558,81,200,696,1997.0,22468.0,0.0,1.9742490000000001,0.7046359999999999,GBR,SPM,0484
6559,81,203,696,1997.0,180583.0,0.0,1.9742490000000001,0.7046359999999999,GBR,STP,0484
6560,179,203,696,1997.0,187662.0,0.0,0.496633,1.025231,PRT,STP,0484
6561,65,213,696,1997.0,5503.0,0.0,-0.5140170000000001,-0.564107,DOM,TCA,0484
6562,81,213,696,1997.0,2282.0,0.0,1.9742490000000001,0.7046359999999999,GBR,TCA,0484
6563,112,213,696,1997.0,4804.0,0.0,-0.6338739999999999,-0.838622,JAM,TCA,0484
6564,231,213,696,1997.0,26154.0,0.0,1.875847,0.46257299999999996,USA,TCA,0484
6565,61,76,696,1997.0,14994.0,0.0,2.360316,-2.655514,DEU,FLK,0484
6566,81,76,696,1997.0,89760.0,0.0,1.9742490000000001,0.7046359999999999,GBR,FLK,0484
6567,39,218,696,1997.0,8253.0,0.0,0.928586,1.3413389999999998,CAN,TKL,0484
6568,81,194,696,1997.0,43551.0,0.0,1.9742490000000001,0.7046359999999999,GBR,SHN,0484
6569,246,194,696,1997.0,22133.0,0.0,0.29381199999999996,1.276557,ZAF,SHN,0484
6570,0,15,716,1997.0,0.0,51688.0,-1.338982,-0.866526,ABW,AUT,0583
6571,4,15,716,1997.0,0.0,1257.0,-0.375654,-0.124279,ALB,AUT,0583
6572,7,15,716,1997.0,0.0,10208.0,-0.317351,-0.8786510000000001,ARE,AUT,0583
6573,18,15,716,1997.0,82145.0,26751.0,1.470183,1.312167,BEL,AUT,0583
6574,23,15,716,1997.0,93573.0,33991.0,0.523226,1.4133959999999999,BGR,AUT,0583
6575,26,15,716,1997.0,0.0,30721.0,0.517231,0.321515,BIH,AUT,0583
6576,28,15,716,1997.0,0.0,1491.0,0.716832,0.706486,BLR,AUT,0583
6577,32,15,716,1997.0,0.0,98324.0,0.805759,1.249182,BRA,AUT,0583
6578,39,15,716,1997.0,0.0,84077.0,0.928586,1.3413389999999998,CAN,AUT,0583
6579,41,15,716,1997.0,224527.0,230003.0,2.327788,0.682804,CHE,AUT,0583
6580,43,15,716,1997.0,0.0,6695.0,0.380294,2.389738,CHN,AUT,0583
6581,52,15,716,1997.0,8870.0,0.0,-0.158667,0.204758,CRI,AUT,0583
6582,59,15,716,1997.0,4045.0,164304.0,1.450452,1.031814,CZE,AUT,0583
6583,61,15,716,1997.0,3524609.0,5370866.0,2.360316,-2.655514,DEU,AUT,0583
6584,64,15,716,1997.0,117752.0,0.0,1.422606,1.395373,DNK,AUT,0583
6585,68,15,716,1997.0,9585.0,10421.0,-0.34861,0.005477,EGY,AUT,0583
6586,71,15,716,1997.0,941139.0,0.0,1.068989,1.9429439999999998,ESP,AUT,0583
6587,72,15,716,1997.0,0.0,21339.0,0.45792,1.148099,EST,AUT,0583
6588,73,15,716,1997.0,0.0,17375.0,-1.141928,-1.187119,ETH,AUT,0583
6589,74,15,716,1997.0,0.0,1350.0,1.991377,1.047477,FIN,AUT,0583
6590,77,15,716,1997.0,131710.0,40620.0,1.6737630000000001,0.7499439999999999,FRA,AUT,0583
6591,81,15,716,1997.0,321796.0,24189.0,1.9742490000000001,0.7046359999999999,GBR,AUT,0583
6592,82,15,716,1997.0,0.0,1849.0,0.347408,0.106341,GEO,AUT,0583
6593,97,15,716,1997.0,0.0,227727.0,0.475945,1.7576919999999998,HKG,AUT,0583
6594,100,15,716,1997.0,0.0,977948.0,0.61283,1.321775,HRV,AUT,0583
6595,102,15,716,1997.0,274844.0,60107.0,0.9121799999999999,1.55321,HUN,AUT,0583
6596,103,15,716,1997.0,0.0,5842.0,-0.21049600000000002,1.318692,IDN,AUT,0583
6597,110,15,716,1997.0,0.0,79988.0,1.404901,1.072135,ISR,AUT,0583
6598,111,15,716,1997.0,2833080.0,1079333.0,1.596917,0.8313959999999999,ITA,AUT,0583
6599,113,15,716,1997.0,0.0,19153.0,0.641787,0.484512,JOR,AUT,0583
6600,114,15,716,1997.0,0.0,158577.0,2.771316,0.545821,JPN,AUT,0583
6601,130,15,716,1997.0,0.0,2958.0,0.360579,1.382816,LTU,AUT,0583
6602,133,15,716,1997.0,0.0,8174.0,-0.061292,-0.44707399999999997,MAC,AUT,0583
6603,138,15,716,1997.0,0.0,23220.0,0.7735350000000001,0.9161590000000001,MEX,AUT,0583
6604,140,15,716,1997.0,0.0,19078.0,0.297389,0.735171,MKD,AUT,0583
6605,141,15,716,1997.0,0.0,12005.0,-1.166924,-1.060552,MLI,AUT,0583
6606,151,15,716,1997.0,0.0,1233.0,-0.42358999999999997,-0.680841,MUS,AUT,0583
6607,162,15,716,1997.0,26137.0,20230.0,1.327106,1.520932,NLD,AUT,0583
6608,163,15,716,1997.0,0.0,166856.0,0.857735,0.061844,NOR,AUT,0583
6609,174,15,716,1997.0,0.0,9154.0,0.044834,0.024782,PHL,AUT,0583
6610,177,15,716,1997.0,0.0,26055.0,0.8447319999999999,2.000241,POL,AUT,0583
6611,179,15,716,1997.0,0.0,8347.0,0.496633,1.025231,PRT,AUT,0583
6612,185,15,716,1997.0,101254.0,5544.0,0.666251,1.31932,ROU,AUT,0583
6613,186,15,716,1997.0,0.0,407946.0,0.572773,0.375446,RUS,AUT,0583
6614,189,15,716,1997.0,10169.0,27943.0,0.626724,1.7948549999999999,SCG,AUT,0583
6615,192,15,716,1997.0,0.0,79066.0,1.1946700000000001,0.30503600000000003,SGP,AUT,0583
6616,206,15,716,1997.0,0.0,19062.0,1.265691,1.368739,SVK,AUT,0583
6617,207,15,716,1997.0,0.0,768052.0,1.449492,1.253379,SVN,AUT,0583
6618,208,15,716,1997.0,9169.0,361146.0,2.0806709999999997,0.9541219999999999,SWE,AUT,0583
6619,216,15,716,1997.0,1014.0,0.0,0.216402,1.366618,THA,AUT,0583
6620,224,15,716,1997.0,4481735.0,57226.0,0.154428,1.7573880000000002,TUR,AUT,0583
6621,228,15,716,1997.0,0.0,11040.0,0.7384539999999999,1.096947,UKR,AUT,0583
6622,231,15,716,1997.0,0.0,545218.0,1.875847,0.46257299999999996,USA,AUT,0583
6623,246,15,716,1997.0,23280.0,0.0,0.29381199999999996,1.276557,ZAF,AUT,0583
6624,249,15,716,1997.0,0.0,9004.0,1.557128,1.434424,TWN,AUT,0583
6625,250,15,716,1997.0,0.0,4551.0,1.004537,0.782725,ANS,AUT,0583
6626,2,18,716,1997.0,0.0,1785.0,-1.800252,-1.237594,AGO,BEL,0583
6627,7,18,716,1997.0,0.0,138853.0,-0.317351,-0.8786510000000001,ARE,BEL,0583
6628,8,18,716,1997.0,400074.0,4649.0,0.072589,0.965456,ARG,BEL,0583
6629,14,18,716,1997.0,171976.0,59332.0,-0.033861,0.647668,AUS,BEL,0583
6630,15,18,716,1997.0,26751.0,82145.0,1.904005,0.445169,AUT,BEL,0583
6631,17,18,716,1997.0,0.0,7382.0,-1.5636430000000001,-1.0257479999999999,BDI,BEL,0583
6632,23,18,716,1997.0,3946.0,2610.0,0.523226,1.4133959999999999,BGR,BEL,0583
6633,26,18,716,1997.0,0.0,5304.0,0.517231,0.321515,BIH,BEL,0583
6634,32,18,716,1997.0,0.0,99699.0,0.805759,1.249182,BRA,BEL,0583
6635,39,18,716,1997.0,17311.0,407042.0,0.928586,1.3413389999999998,CAN,BEL,0583
6636,41,18,716,1997.0,8789.0,8428.0,2.327788,0.682804,CHE,BEL,0583
6637,42,18,716,1997.0,27466.0,0.0,-0.06841799999999999,-0.21526199999999998,CHL,BEL,0583
6638,43,18,716,1997.0,15541.0,29656.0,0.380294,2.389738,CHN,BEL,0583
6639,44,18,716,1997.0,0.0,5181.0,-0.647407,-0.603726,CIV,BEL,0583
6640,45,18,716,1997.0,0.0,7620.0,-1.0663340000000001,-1.047091,CMR,BEL,0583
6641,46,18,716,1997.0,0.0,24623.0,-1.092385,-1.074017,COD,BEL,0583
6642,47,18,716,1997.0,0.0,8003.0,-1.484108,-1.2106190000000001,COG,BEL,0583
6643,49,18,716,1997.0,3380.0,0.0,0.023456,0.057771,COL,BEL,0583
6644,50,18,716,1997.0,0.0,1404.0,0.44647200000000004,-0.524514,COM,BEL,0583
6645,52,18,716,1997.0,120895.0,0.0,-0.158667,0.204758,CRI,BEL,0583
6646,58,18,716,1997.0,0.0,59233.0,0.45144700000000004,0.46707600000000005,CYP,BEL,0583
6647,59,18,716,1997.0,0.0,3192.0,1.450452,1.031814,CZE,BEL,0583
6648,61,18,716,1997.0,7683216.0,29166578.0,2.360316,-2.655514,DEU,BEL,0583
6649,62,18,716,1997.0,0.0,49433.0,0.388331,0.05764299999999999,DJI,BEL,0583
6650,64,18,716,1997.0,183206.0,185237.0,1.422606,1.395373,DNK,BEL,0583
6651,66,18,716,1997.0,0.0,38868.0,-0.8557879999999999,-1.150101,DZA,BEL,0583
6652,67,18,716,1997.0,25319.0,2760.0,-1.124002,-1.0084549999999999,ECU,BEL,0583
6653,68,18,716,1997.0,1675.0,1888.0,-0.34861,0.005477,EGY,BEL,0583
6654,71,18,716,1997.0,345204.0,404967.0,1.068989,1.9429439999999998,ESP,BEL,0583
6655,72,18,716,1997.0,0.0,72561.0,0.45792,1.148099,EST,BEL,0583
6656,74,18,716,1997.0,1701.0,15046.0,1.991377,1.047477,FIN,BEL,0583
6657,77,18,716,1997.0,15548694.0,8189310.0,1.6737630000000001,0.7499439999999999,FRA,BEL,0583
6658,80,18,716,1997.0,0.0,19427.0,-1.277642,-1.178244,GAB,BEL,0583
6659,81,18,716,1997.0,931442.0,5002202.0,1.9742490000000001,0.7046359999999999,GBR,BEL,0583
6660,83,18,716,1997.0,2526.0,1306.0,-1.03989,-0.979039,GHA,BEL,0583
6661,85,18,716,1997.0,0.0,10815.0,-1.223583,-1.14157,GIN,BEL,0583
6662,87,18,716,1997.0,0.0,11682.0,-0.686094,-0.8130609999999999,GMB,BEL,0583
6663,90,18,716,1997.0,99743.0,768756.0,0.225904,1.291959,GRC,BEL,0583
6664,97,18,716,1997.0,0.0,64537.0,0.475945,1.7576919999999998,HKG,BEL,0583
6665,99,18,716,1997.0,748124.0,0.0,-0.7449319999999999,-0.50008,HND,BEL,0583
6666,102,18,716,1997.0,46677.0,7481.0,0.9121799999999999,1.55321,HUN,BEL,0583
6667,103,18,716,1997.0,0.0,53696.0,-0.21049600000000002,1.318692,IDN,BEL,0583
6668,104,18,716,1997.0,42649.0,0.0,0.150788,2.027932,IND,BEL,0583
6669,106,18,716,1997.0,36493.0,124025.0,1.579974,1.018361,IRL,BEL,0583
6670,109,18,716,1997.0,0.0,1854.0,0.33665700000000004,-0.42348,ISL,BEL,0583
6671,110,18,716,1997.0,11825.0,21386.0,1.404901,1.072135,ISR,BEL,0583
6672,111,18,716,1997.0,1147294.0,1563973.0,1.596917,0.8313959999999999,ITA,BEL,0583
6673,112,18,716,1997.0,6110.0,0.0,-0.6338739999999999,-0.838622,JAM,BEL,0583
6674,114,18,716,1997.0,0.0,1268313.0,2.771316,0.545821,JPN,BEL,0583
6675,121,18,716,1997.0,0.0,34707.0,1.2642,1.164231,KOR,BEL,0583
6676,122,18,716,1997.0,13043.0,106775.0,-1.0192139999999998,-1.193627,KWT,BEL,0583
6677,124,18,716,1997.0,0.0,73000.0,0.28229299999999996,1.0650549999999999,LBN,BEL,0583
6678,125,18,716,1997.0,0.0,6236.0,-0.77544,-1.122642,LBR,BEL,0583
6679,128,18,716,1997.0,0.0,1855.0,-0.6467470000000001,-0.27831300000000003,LKA,BEL,0583
6680,130,18,716,1997.0,0.0,9376.0,0.360579,1.382816,LTU,BEL,0583
6681,132,18,716,1997.0,0.0,202122.0,0.332958,0.51665,LVA,BEL,0583
6682,134,18,716,1997.0,3526.0,32290.0,-0.635337,-0.336298,MAR,BEL,0583
6683,142,18,716,1997.0,1824.0,18139.0,1.1063180000000001,0.377209,MLT,BEL,0583
6684,145,18,716,1997.0,0.0,16558.0,-0.569797,-0.9604370000000001,MNG,BEL,0583
6685,148,18,716,1997.0,0.0,216646.0,-1.730246,-1.3439969999999999,MRT,BEL,0583
6686,151,18,716,1997.0,0.0,5966.0,-0.42358999999999997,-0.680841,MUS,BEL,0583
6687,153,18,716,1997.0,0.0,250601.0,0.526754,0.33065700000000003,MYS,BEL,0583
6688,156,18,716,1997.0,0.0,16372.0,-0.600665,-0.8788389999999999,NCL,BEL,0583
6689,159,18,716,1997.0,0.0,11433.0,-1.8354990000000002,-1.246493,NGA,BEL,0583
6690,162,18,716,1997.0,16016758.0,16919936.0,1.327106,1.520932,NLD,BEL,0583
6691,163,18,716,1997.0,2439.0,1493.0,0.857735,0.061844,NOR,BEL,0583
6692,166,18,716,1997.0,170647.0,0.0,0.372052,0.764854,NZL,BEL,0583
6693,174,18,716,1997.0,0.0,32574.0,0.044834,0.024782,PHL,BEL,0583
6694,177,18,716,1997.0,48556.0,37266.0,0.8447319999999999,2.000241,POL,BEL,0583
6695,179,18,716,1997.0,20692.0,633933.0,0.496633,1.025231,PRT,BEL,0583
6696,182,18,716,1997.0,0.0,2708.0,0.431432,-0.5432020000000001,PYF,BEL,0583
6697,183,18,716,1997.0,0.0,114028.0,-1.1276760000000001,-1.233235,QAT,BEL,0583
6698,185,18,716,1997.0,0.0,19619.0,0.666251,1.31932,ROU,BEL,0583
6699,186,18,716,1997.0,0.0,433090.0,0.572773,0.375446,RUS,BEL,0583
6700,187,18,716,1997.0,0.0,3626.0,-0.337464,-0.8656,RWA,BEL,0583
6701,188,18,716,1997.0,0.0,279459.0,-0.300809,-1.0455,SAU,BEL,0583
6702,189,18,716,1997.0,0.0,3626.0,0.626724,1.7948549999999999,SCG,BEL,0583
6703,191,18,716,1997.0,0.0,45846.0,-0.660837,-0.768874,SEN,BEL,0583
6704,192,18,716,1997.0,0.0,146935.0,1.1946700000000001,0.30503600000000003,SGP,BEL,0583
6705,205,18,716,1997.0,0.0,19909.0,-1.125928,-0.980981,SUR,BEL,0583
6706,208,18,716,1997.0,2575.0,9778.0,2.0806709999999997,0.9541219999999999,SWE,BEL,0583
6707,222,18,716,1997.0,0.0,1020.0,0.051947,-0.405412,TTO,BEL,0583
6708,223,18,716,1997.0,0.0,2806.0,-0.187276,-0.21877600000000003,TUN,BEL,0583
6709,224,18,716,1997.0,2414344.0,39145.0,0.154428,1.7573880000000002,TUR,BEL,0583
6710,228,18,716,1997.0,0.0,22983.0,0.7384539999999999,1.096947,UKR,BEL,0583
6711,231,18,716,1997.0,56045.0,161065.0,1.875847,0.46257299999999996,USA,BEL,0583
6712,232,18,716,1997.0,0.0,2100.0,-0.134113,-0.791415,UZB,BEL,0583
6713,239,18,716,1997.0,0.0,14534.0,-0.67516,0.251436,VNM,BEL,0583
6714,243,18,716,1997.0,0.0,14898.0,-1.665484,-1.292243,YEM,BEL,0583
6715,246,18,716,1997.0,226296.0,179035.0,0.29381199999999996,1.276557,ZAF,BEL,0583
6716,249,18,716,1997.0,0.0,72980.0,1.557128,1.434424,TWN,BEL,0583
6717,42,25,716,1997.0,2755.0,0.0,-0.06841799999999999,-0.21526199999999998,CHL,BHS,0583
6718,65,25,716,1997.0,3587.0,0.0,-0.5140170000000001,-0.564107,DOM,BHS,0583
6719,72,25,716,1997.0,1340.0,0.0,0.45792,1.148099,EST,BHS,0583
6720,77,25,716,1997.0,1476.0,0.0,1.6737630000000001,0.7499439999999999,FRA,BHS,0583
6721,81,25,716,1997.0,21361.0,0.0,1.9742490000000001,0.7046359999999999,GBR,BHS,0583
6722,90,25,716,1997.0,45602.0,0.0,0.225904,1.291959,GRC,BHS,0583
6723,231,25,716,1997.0,375507.0,0.0,1.875847,0.46257299999999996,USA,BHS,0583
6724,41,30,716,1997.0,15416.0,0.0,2.327788,0.682804,CHE,BMU,0583
6725,81,30,716,1997.0,76175.0,0.0,1.9742490000000001,0.7046359999999999,GBR,BMU,0583
6726,231,30,716,1997.0,45484.0,0.0,1.875847,0.46257299999999996,USA,BMU,0583
6727,32,33,716,1997.0,42002.0,0.0,0.805759,1.249182,BRA,BRB,0583
6728,39,33,716,1997.0,7832.0,1452.0,0.928586,1.3413389999999998,CAN,BRB,0583
6729,77,33,716,1997.0,37592.0,0.0,1.6737630000000001,0.7499439999999999,FRA,BRB,0583
6730,81,33,716,1997.0,28931.0,1575.0,1.9742490000000001,0.7046359999999999,GBR,BRB,0583
6731,96,33,716,1997.0,47151.0,0.0,-0.5991029999999999,-0.769726,GUY,BRB,0583
6732,112,33,716,1997.0,21545.0,0.0,-0.6338739999999999,-0.838622,JAM,BRB,0583
6733,127,33,716,1997.0,0.0,2792.0,-0.193429,-0.606627,LCA,BRB,0583
6734,222,33,716,1997.0,41156.0,3897.0,0.051947,-0.405412,TTO,BRB,0583
6735,231,33,716,1997.0,20349.0,9335.0,1.875847,0.46257299999999996,USA,BRB,0583
6736,234,33,716,1997.0,0.0,1194.0,0.059354,-0.545099,VCT,BRB,0583
6737,236,33,716,1997.0,18103.0,0.0,-0.137776,-0.750744,VEN,BRB,0583
6738,7,43,716,1997.0,0.0,84320.0,-0.317351,-0.8786510000000001,ARE,CHN,0583
6739,14,43,716,1997.0,5748.0,43663.0,-0.033861,0.647668,AUS,CHN,0583
6740,15,43,716,1997.0,6695.0,0.0,1.904005,0.445169,AUT,CHN,0583
6741,18,43,716,1997.0,29656.0,15541.0,1.470183,1.312167,BEL,CHN,0583
6742,31,43,716,1997.0,0.0,1381.0,-0.765684,-0.796686,BOL,CHN,0583
6743,32,43,716,1997.0,58168.0,13021.0,0.805759,1.249182,BRA,CHN,0583
6744,34,43,716,1997.0,0.0,21132.0,-0.443665,-0.825732,BRN,CHN,0583
6745,39,43,716,1997.0,15058.0,99090.0,0.928586,1.3413389999999998,CAN,CHN,0583
6746,41,43,716,1997.0,26871.0,0.0,2.327788,0.682804,CHE,CHN,0583
6747,58,43,716,1997.0,0.0,3454.0,0.45144700000000004,0.46707600000000005,CYP,CHN,0583
6748,61,43,716,1997.0,80660.0,2767.0,2.360316,-2.655514,DEU,CHN,0583
6749,64,43,716,1997.0,21299.0,0.0,1.422606,1.395373,DNK,CHN,0583
6750,68,43,716,1997.0,13341.0,0.0,-0.34861,0.005477,EGY,CHN,0583
6751,75,43,716,1997.0,0.0,1814.0,-0.8839090000000001,-0.9493540000000001,FJI,CHN,0583
6752,77,43,716,1997.0,12416.0,1249.0,1.6737630000000001,0.7499439999999999,FRA,CHN,0583
6753,81,43,716,1997.0,73060.0,10641.0,1.9742490000000001,0.7046359999999999,GBR,CHN,0583
6754,97,43,716,1997.0,338844.0,374836.0,0.475945,1.7576919999999998,HKG,CHN,0583
6755,103,43,716,1997.0,28182.0,11982.0,-0.21049600000000002,1.318692,IDN,CHN,0583
6756,107,43,716,1997.0,0.0,30182.0,-0.8911190000000001,-1.085849,IRN,CHN,0583
6757,110,43,716,1997.0,1526.0,0.0,1.404901,1.072135,ISR,CHN,0583
6758,111,43,716,1997.0,6500.0,4376.0,1.596917,0.8313959999999999,ITA,CHN,0583
6759,114,43,716,1997.0,13615.0,641272.0,2.771316,0.545821,JPN,CHN,0583
6760,121,43,716,1997.0,80160.0,2025729.0,1.2642,1.164231,KOR,CHN,0583
6761,122,43,716,1997.0,0.0,123198.0,-1.0192139999999998,-1.193627,KWT,CHN,0583
6762,133,43,716,1997.0,18173.0,9779.0,-0.061292,-0.44707399999999997,MAC,CHN,0583
6763,136,43,716,1997.0,0.0,2032.0,-1.090898,-0.605175,MDG,CHN,0583
6764,145,43,716,1997.0,0.0,2747.0,-0.569797,-0.9604370000000001,MNG,CHN,0583
6765,153,43,716,1997.0,8754.0,407160.0,0.526754,0.33065700000000003,MYS,CHN,0583
6766,162,43,716,1997.0,5205.0,2781.0,1.327106,1.520932,NLD,CHN,0583
6767,166,43,716,1997.0,110753.0,1237.0,0.372052,0.764854,NZL,CHN,0583
6768,173,43,716,1997.0,0.0,1267.0,-0.603019,-0.365845,PER,CHN,0583
6769,174,43,716,1997.0,193918.0,126656.0,0.044834,0.024782,PHL,CHN,0583
6770,178,43,716,1997.0,0.0,2885.0,0.734805,0.8720889999999999,PRK,CHN,0583
6771,183,43,716,1997.0,0.0,89647.0,-1.1276760000000001,-1.233235,QAT,CHN,0583
6772,186,43,716,1997.0,0.0,149841.0,0.572773,0.375446,RUS,CHN,0583
6773,188,43,716,1997.0,0.0,369548.0,-0.300809,-1.0455,SAU,CHN,0583
6774,192,43,716,1997.0,15697.0,57363.0,1.1946700000000001,0.30503600000000003,SGP,CHN,0583
6775,208,43,716,1997.0,1216.0,0.0,2.0806709999999997,0.9541219999999999,SWE,CHN,0583
6776,216,43,716,1997.0,801006.0,13898.0,0.216402,1.366618,THA,CHN,0583
6777,228,43,716,1997.0,0.0,2448.0,0.7384539999999999,1.096947,UKR,CHN,0583
6778,231,43,716,1997.0,116928.0,218746.0,1.875847,0.46257299999999996,USA,CHN,0583
6779,239,43,716,1997.0,4698.0,0.0,-0.67516,0.251436,VNM,CHN,0583
6780,246,43,716,1997.0,0.0,3197.0,0.29381199999999996,1.276557,ZAF,CHN,0583
6781,249,43,716,1997.0,23523.0,56515.0,1.557128,1.434424,TWN,CHN,0583
6782,250,43,716,1997.0,1570.0,0.0,1.004537,0.782725,ANS,CHN,0583
6783,0,49,716,1997.0,0.0,32679.0,-1.338982,-0.866526,ABW,COL,0583
6784,6,49,716,1997.0,0.0,62883.0,-0.027541000000000003,-0.56389,ANT,COL,0583
6785,18,49,716,1997.0,0.0,3380.0,1.470183,1.312167,BEL,COL,0583
6786,31,49,716,1997.0,0.0,4725.0,-0.765684,-0.796686,BOL,COL,0583
6787,32,49,716,1997.0,1639.0,0.0,0.805759,1.249182,BRA,COL,0583
6788,39,49,716,1997.0,0.0,18137.0,0.928586,1.3413389999999998,CAN,COL,0583
6789,41,49,716,1997.0,110159.0,0.0,2.327788,0.682804,CHE,COL,0583
6790,42,49,716,1997.0,1854515.0,0.0,-0.06841799999999999,-0.21526199999999998,CHL,COL,0583
6791,52,49,716,1997.0,96186.0,0.0,-0.158667,0.204758,CRI,COL,0583
6792,61,49,716,1997.0,8971.0,7628.0,2.360316,-2.655514,DEU,COL,0583
6793,67,49,716,1997.0,5379.0,51522.0,-1.124002,-1.0084549999999999,ECU,COL,0583
6794,71,49,716,1997.0,3877.0,1853.0,1.068989,1.9429439999999998,ESP,COL,0583
6795,99,49,716,1997.0,5385.0,0.0,-0.7449319999999999,-0.50008,HND,COL,0583
6796,111,49,716,1997.0,21266.0,0.0,1.596917,0.8313959999999999,ITA,COL,0583
6797,114,49,716,1997.0,0.0,5355.0,2.771316,0.545821,JPN,COL,0583
6798,124,49,716,1997.0,0.0,13973.0,0.28229299999999996,1.0650549999999999,LBN,COL,0583
6799,138,49,716,1997.0,500189.0,0.0,0.7735350000000001,0.9161590000000001,MEX,COL,0583
6800,162,49,716,1997.0,0.0,11866.0,1.327106,1.520932,NLD,COL,0583
6801,186,49,716,1997.0,0.0,30265.0,0.572773,0.375446,RUS,COL,0583
6802,208,49,716,1997.0,3040.0,0.0,2.0806709999999997,0.9541219999999999,SWE,COL,0583
6803,231,49,716,1997.0,529473.0,798809.0,1.875847,0.46257299999999996,USA,COL,0583
6804,236,49,716,1997.0,2713581.0,97429.0,-0.137776,-0.750744,VEN,COL,0583
6805,250,49,716,1997.0,13209.0,1015.0,1.004537,0.782725,ANS,COL,0583
6806,8,52,716,1997.0,2740.0,51675.0,0.072589,0.965456,ARG,CRI,0583
6807,14,52,716,1997.0,0.0,80081.0,-0.033861,0.647668,AUS,CRI,0583
6808,15,52,716,1997.0,0.0,8870.0,1.904005,0.445169,AUT,CRI,0583
6809,18,52,716,1997.0,0.0,120895.0,1.470183,1.312167,BEL,CRI,0583
6810,23,52,716,1997.0,0.0,9983.0,0.523226,1.4133959999999999,BGR,CRI,0583
6811,32,52,716,1997.0,0.0,10029.0,0.805759,1.249182,BRA,CRI,0583
6812,39,52,716,1997.0,0.0,397033.0,0.928586,1.3413389999999998,CAN,CRI,0583
6813,41,52,716,1997.0,0.0,3120028.0,2.327788,0.682804,CHE,CRI,0583
6814,42,52,716,1997.0,436832.0,29324.0,-0.06841799999999999,-0.21526199999999998,CHL,CRI,0583
6815,49,52,716,1997.0,0.0,96186.0,0.023456,0.057771,COL,CRI,0583
6816,54,52,716,1997.0,0.0,31010.0,-0.793234,-1.169625,CUB,CRI,0583
6817,59,52,716,1997.0,0.0,4501.0,1.450452,1.031814,CZE,CRI,0583
6818,61,52,716,1997.0,36600.0,285640.0,2.360316,-2.655514,DEU,CRI,0583
6819,64,52,716,1997.0,0.0,64909.0,1.422606,1.395373,DNK,CRI,0583
6820,65,52,716,1997.0,0.0,401635.0,-0.5140170000000001,-0.564107,DOM,CRI,0583
6821,71,52,716,1997.0,0.0,84273.0,1.068989,1.9429439999999998,ESP,CRI,0583
6822,74,52,716,1997.0,0.0,202442.0,1.991377,1.047477,FIN,CRI,0583
6823,77,52,716,1997.0,0.0,35610.0,1.6737630000000001,0.7499439999999999,FRA,CRI,0583
6824,81,52,716,1997.0,0.0,131394.0,1.9742490000000001,0.7046359999999999,GBR,CRI,0583
6825,93,52,716,1997.0,0.0,1214986.0,-0.17965,0.23698200000000003,GTM,CRI,0583
6826,97,52,716,1997.0,0.0,5196.0,0.475945,1.7576919999999998,HKG,CRI,0583
6827,99,52,716,1997.0,1727398.0,597474.0,-0.7449319999999999,-0.50008,HND,CRI,0583
6828,102,52,716,1997.0,0.0,59116.0,0.9121799999999999,1.55321,HUN,CRI,0583
6829,110,52,716,1997.0,0.0,231029.0,1.404901,1.072135,ISR,CRI,0583
6830,113,52,716,1997.0,0.0,12934.0,0.641787,0.484512,JOR,CRI,0583
6831,114,52,716,1997.0,0.0,72135.0,2.771316,0.545821,JPN,CRI,0583
6832,124,52,716,1997.0,0.0,77327.0,0.28229299999999996,1.0650549999999999,LBN,CRI,0583
6833,138,52,716,1997.0,73813.0,0.0,0.7735350000000001,0.9161590000000001,MEX,CRI,0583
6834,153,52,716,1997.0,14446.0,0.0,0.526754,0.33065700000000003,MYS,CRI,0583
6835,160,52,716,1997.0,0.0,1353711.0,-0.699387,-0.460178,NIC,CRI,0583
6836,162,52,716,1997.0,0.0,8154076.0,1.327106,1.520932,NLD,CRI,0583
6837,169,52,716,1997.0,0.0,1294223.0,0.0038,0.036532999999999996,PAN,CRI,0583
6838,177,52,716,1997.0,0.0,186529.0,0.8447319999999999,2.000241,POL,CRI,0583
6839,180,52,716,1997.0,0.0,1573.0,-0.6051380000000001,-0.708271,PRY,CRI,0583
6840,197,52,716,1997.0,0.0,1330711.0,-0.069039,-0.094938,SLV,CRI,0583
6841,207,52,716,1997.0,0.0,8819.0,1.449492,1.253379,SVN,CRI,0583
6842,208,52,716,1997.0,0.0,51804.0,2.0806709999999997,0.9541219999999999,SWE,CRI,0583
6843,224,52,716,1997.0,0.0,51125.0,0.154428,1.7573880000000002,TUR,CRI,0583
6844,230,52,716,1997.0,0.0,9727.0,0.080024,0.669226,URY,CRI,0583
6845,231,52,716,1997.0,203615.0,2434107.0,1.875847,0.46257299999999996,USA,CRI,0583
6846,236,52,716,1997.0,0.0,31886.0,-0.137776,-0.750744,VEN,CRI,0583
6847,249,52,716,1997.0,5088.0,0.0,1.557128,1.434424,TWN,CRI,0583
6848,250,52,716,1997.0,0.0,6446.0,1.004537,0.782725,ANS,CRI,0583
6849,7,58,716,1997.0,0.0,27548.0,-0.317351,-0.8786510000000001,ARE,CYP,0583
6850,14,58,716,1997.0,0.0,3576.0,-0.033861,0.647668,AUS,CYP,0583
6851,18,58,716,1997.0,59233.0,0.0,1.470183,1.312167,BEL,CYP,0583
6852,24,58,716,1997.0,0.0,24563.0,-0.44965,-1.035584,BHR,CYP,0583
6853,41,58,716,1997.0,53968.0,0.0,2.327788,0.682804,CHE,CYP,0583
6854,43,58,716,1997.0,3454.0,0.0,0.380294,2.389738,CHN,CYP,0583
6855,61,58,716,1997.0,15657.0,2935.0,2.360316,-2.655514,DEU,CYP,0583
6856,64,58,716,1997.0,42476.0,0.0,1.422606,1.395373,DNK,CYP,0583
6857,71,58,716,1997.0,1052.0,0.0,1.068989,1.9429439999999998,ESP,CYP,0583
6858,72,58,716,1997.0,2746.0,0.0,0.45792,1.148099,EST,CYP,0583
6859,77,58,716,1997.0,78158.0,0.0,1.6737630000000001,0.7499439999999999,FRA,CYP,0583
6860,81,58,716,1997.0,86994.0,12157.0,1.9742490000000001,0.7046359999999999,GBR,CYP,0583
6861,90,58,716,1997.0,100910.0,9082.0,0.225904,1.291959,GRC,CYP,0583
6862,110,58,716,1997.0,0.0,16893.0,1.404901,1.072135,ISR,CYP,0583
6863,111,58,716,1997.0,1044.0,0.0,1.596917,0.8313959999999999,ITA,CYP,0583
6864,122,58,716,1997.0,0.0,55262.0,-1.0192139999999998,-1.193627,KWT,CYP,0583
6865,124,58,716,1997.0,0.0,8378.0,0.28229299999999996,1.0650549999999999,LBN,CYP,0583
6866,162,58,716,1997.0,71029.0,0.0,1.327106,1.520932,NLD,CYP,0583
6867,167,58,716,1997.0,0.0,47675.0,-0.233342,-0.9922049999999999,OMN,CYP,0583
6868,188,58,716,1997.0,0.0,74867.0,-0.300809,-1.0455,SAU,CYP,0583
6869,216,58,716,1997.0,2494.0,0.0,0.216402,1.366618,THA,CYP,0583
6870,224,58,716,1997.0,323270.0,3810.0,0.154428,1.7573880000000002,TUR,CYP,0583
6871,231,58,716,1997.0,167237.0,10578.0,1.875847,0.46257299999999996,USA,CYP,0583
6872,246,58,716,1997.0,40244.0,0.0,0.29381199999999996,1.276557,ZAF,CYP,0583
6873,250,58,716,1997.0,0.0,13934.0,1.004537,0.782725,ANS,CYP,0583
6874,6,61,716,1997.0,0.0,2328.0,-0.027541000000000003,-0.56389,ANT,DEU,0583
6875,7,61,716,1997.0,0.0,26104.0,-0.317351,-0.8786510000000001,ARE,DEU,0583
6876,8,61,716,1997.0,9101.0,381376.0,0.072589,0.965456,ARG,DEU,0583
6877,9,61,716,1997.0,0.0,3961.0,0.818788,0.226075,ARM,DEU,0583
6878,14,61,716,1997.0,96101.0,177769.0,-0.033861,0.647668,AUS,DEU,0583
6879,15,61,716,1997.0,5370866.0,3524609.0,1.904005,0.445169,AUT,DEU,0583
6880,16,61,716,1997.0,0.0,20823.0,0.28532199999999996,-0.00025299999999999997,AZE,DEU,0583
6881,18,61,716,1997.0,29166578.0,7683216.0,1.470183,1.312167,BEL,DEU,0583
6882,23,61,716,1997.0,711511.0,44140.0,0.523226,1.4133959999999999,BGR,DEU,0583
6883,24,61,716,1997.0,0.0,8228.0,-0.44965,-1.035584,BHR,DEU,0583
6884,26,61,716,1997.0,0.0,467418.0,0.517231,0.321515,BIH,DEU,0583
6885,28,61,716,1997.0,0.0,3585.0,0.716832,0.706486,BLR,DEU,0583
6886,31,61,716,1997.0,0.0,1919.0,-0.765684,-0.796686,BOL,DEU,0583
6887,32,61,716,1997.0,12469.0,876483.0,0.805759,1.249182,BRA,DEU,0583
6888,39,61,716,1997.0,10571.0,915782.0,0.928586,1.3413389999999998,CAN,DEU,0583
6889,41,61,716,1997.0,245768.0,652719.0,2.327788,0.682804,CHE,DEU,0583
6890,42,61,716,1997.0,0.0,1133.0,-0.06841799999999999,-0.21526199999999998,CHL,DEU,0583
6891,43,61,716,1997.0,2767.0,80660.0,0.380294,2.389738,CHN,DEU,0583
6892,44,61,716,1997.0,0.0,1558.0,-0.647407,-0.603726,CIV,DEU,0583
6893,49,61,716,1997.0,7628.0,8971.0,0.023456,0.057771,COL,DEU,0583
6894,52,61,716,1997.0,285640.0,36600.0,-0.158667,0.204758,CRI,DEU,0583
6895,58,61,716,1997.0,2935.0,15657.0,0.45144700000000004,0.46707600000000005,CYP,DEU,0583
6896,59,61,716,1997.0,40322.0,708801.0,1.450452,1.031814,CZE,DEU,0583
6897,64,61,716,1997.0,10723270.0,399377.0,1.422606,1.395373,DNK,DEU,0583
6898,67,61,716,1997.0,5079.0,24232.0,-1.124002,-1.0084549999999999,ECU,DEU,0583
6899,68,61,716,1997.0,0.0,31793.0,-0.34861,0.005477,EGY,DEU,0583
6900,71,61,716,1997.0,4302294.0,2302949.0,1.068989,1.9429439999999998,ESP,DEU,0583
6901,72,61,716,1997.0,0.0,33550.0,0.45792,1.148099,EST,DEU,0583
6902,73,61,716,1997.0,0.0,1205.0,-1.141928,-1.187119,ETH,DEU,0583
6903,74,61,716,1997.0,0.0,198056.0,1.991377,1.047477,FIN,DEU,0583
6904,77,61,716,1997.0,19771036.0,13752757.0,1.6737630000000001,0.7499439999999999,FRA,DEU,0583
6905,81,61,716,1997.0,4492551.0,6621507.0,1.9742490000000001,0.7046359999999999,GBR,DEU,0583
6906,82,61,716,1997.0,1322.0,34043.0,0.347408,0.106341,GEO,DEU,0583
6907,84,61,716,1997.0,0.0,4616.0,0.643548,-0.164009,GIB,DEU,0583
6908,87,61,716,1997.0,0.0,9554.0,-0.686094,-0.8130609999999999,GMB,DEU,0583
6909,90,61,716,1997.0,309171.0,363542.0,0.225904,1.291959,GRC,DEU,0583
6910,93,61,716,1997.0,78482.0,0.0,-0.17965,0.23698200000000003,GTM,DEU,0583
6911,97,61,716,1997.0,0.0,48986.0,0.475945,1.7576919999999998,HKG,DEU,0583
6912,99,61,716,1997.0,35087.0,0.0,-0.7449319999999999,-0.50008,HND,DEU,0583
6913,100,61,716,1997.0,5569.0,146928.0,0.61283,1.321775,HRV,DEU,0583
6914,102,61,716,1997.0,2037048.0,329683.0,0.9121799999999999,1.55321,HUN,DEU,0583
6915,103,61,716,1997.0,0.0,16639.0,-0.21049600000000002,1.318692,IDN,DEU,0583
6916,104,61,716,1997.0,118741.0,74511.0,0.150788,2.027932,IND,DEU,0583
6917,106,61,716,1997.0,18420.0,19386.0,1.579974,1.018361,IRL,DEU,0583
6918,107,61,716,1997.0,26269.0,0.0,-0.8911190000000001,-1.085849,IRN,DEU,0583
6919,109,61,716,1997.0,0.0,117476.0,0.33665700000000004,-0.42348,ISL,DEU,0583
6920,110,61,716,1997.0,1055.0,117380.0,1.404901,1.072135,ISR,DEU,0583
6921,111,61,716,1997.0,23557018.0,1679331.0,1.596917,0.8313959999999999,ITA,DEU,0583
6922,114,61,716,1997.0,4706.0,189941.0,2.771316,0.545821,JPN,DEU,0583
6923,115,61,716,1997.0,25415.0,147056.0,0.302596,-0.028221,KAZ,DEU,0583
6924,121,61,716,1997.0,0.0,108879.0,1.2642,1.164231,KOR,DEU,0583
6925,122,61,716,1997.0,0.0,25739.0,-1.0192139999999998,-1.193627,KWT,DEU,0583
6926,124,61,716,1997.0,7193.0,42491.0,0.28229299999999996,1.0650549999999999,LBN,DEU,0583
6927,125,61,716,1997.0,0.0,2443.0,-0.77544,-1.122642,LBR,DEU,0583
6928,126,61,716,1997.0,0.0,20873.0,-0.662351,-1.1515309999999999,LBY,DEU,0583
6929,128,61,716,1997.0,31538.0,0.0,-0.6467470000000001,-0.27831300000000003,LKA,DEU,0583
6930,130,61,716,1997.0,0.0,53850.0,0.360579,1.382816,LTU,DEU,0583
6931,132,61,716,1997.0,17028.0,49641.0,0.332958,0.51665,LVA,DEU,0583
6932,135,61,716,1997.0,272537.0,15673.0,0.14225,-0.250556,MDA,DEU,0583
6933,136,61,716,1997.0,0.0,1099.0,-1.090898,-0.605175,MDG,DEU,0583
6934,137,61,716,1997.0,0.0,2341.0,-1.0046620000000002,-1.0400340000000001,MDV,DEU,0583
6935,138,61,716,1997.0,3611.0,3565.0,0.7735350000000001,0.9161590000000001,MEX,DEU,0583
6936,142,61,716,1997.0,9780.0,16170.0,1.1063180000000001,0.377209,MLT,DEU,0583
6937,145,61,716,1997.0,0.0,116114.0,-0.569797,-0.9604370000000001,MNG,DEU,0583
6938,151,61,716,1997.0,0.0,3223.0,-0.42358999999999997,-0.680841,MUS,DEU,0583
6939,153,61,716,1997.0,308864.0,98980.0,0.526754,0.33065700000000003,MYS,DEU,0583
6940,159,61,716,1997.0,0.0,2443.0,-1.8354990000000002,-1.246493,NGA,DEU,0583
6941,162,61,716,1997.0,17470684.0,10559531.0,1.327106,1.520932,NLD,DEU,0583
6942,163,61,716,1997.0,5561.0,9294.0,0.857735,0.061844,NOR,DEU,0583
6943,166,61,716,1997.0,61339.0,16611.0,0.372052,0.764854,NZL,DEU,0583
6944,173,61,716,1997.0,0.0,4723.0,-0.603019,-0.365845,PER,DEU,0583
6945,174,61,716,1997.0,1026.0,7443.0,0.044834,0.024782,PHL,DEU,0583
6946,177,61,716,1997.0,29836.0,226792.0,0.8447319999999999,2.000241,POL,DEU,0583
6947,178,61,716,1997.0,0.0,66445.0,0.734805,0.8720889999999999,PRK,DEU,0583
6948,179,61,716,1997.0,3609.0,814904.0,0.496633,1.025231,PRT,DEU,0583
6949,180,61,716,1997.0,0.0,3168.0,-0.6051380000000001,-0.708271,PRY,DEU,0583
6950,185,61,716,1997.0,1902557.0,65458.0,0.666251,1.31932,ROU,DEU,0583
6951,186,61,716,1997.0,1134.0,5970597.0,0.572773,0.375446,RUS,DEU,0583
6952,188,61,716,1997.0,0.0,6615.0,-0.300809,-1.0455,SAU,DEU,0583
6953,189,61,716,1997.0,46635.0,13441.0,0.626724,1.7948549999999999,SCG,DEU,0583
6954,192,61,716,1997.0,1720.0,132037.0,1.1946700000000001,0.30503600000000003,SGP,DEU,0583
6955,206,61,716,1997.0,0.0,70406.0,1.265691,1.368739,SVK,DEU,0583
6956,207,61,716,1997.0,0.0,282048.0,1.449492,1.253379,SVN,DEU,0583
6957,208,61,716,1997.0,201769.0,2185215.0,2.0806709999999997,0.9541219999999999,SWE,DEU,0583
6958,212,61,716,1997.0,0.0,5968.0,-0.932127,-0.963823,SYR,DEU,0583
6959,216,61,716,1997.0,8626.0,0.0,0.216402,1.366618,THA,DEU,0583
6960,219,61,716,1997.0,0.0,3556.0,-0.580361,-1.071587,TKM,DEU,0583
6961,224,61,716,1997.0,4742496.0,20468.0,0.154428,1.7573880000000002,TUR,DEU,0583
6962,228,61,716,1997.0,3566.0,167101.0,0.7384539999999999,1.096947,UKR,DEU,0583
6963,230,61,716,1997.0,0.0,43408.0,0.080024,0.669226,URY,DEU,0583
6964,231,61,716,1997.0,392216.0,1662196.0,1.875847,0.46257299999999996,USA,DEU,0583
6965,232,61,716,1997.0,0.0,9345.0,-0.134113,-0.791415,UZB,DEU,0583
6966,236,61,716,1997.0,0.0,5843.0,-0.137776,-0.750744,VEN,DEU,0583
6967,239,61,716,1997.0,0.0,2923.0,-0.67516,0.251436,VNM,DEU,0583
6968,246,61,716,1997.0,1169362.0,77022.0,0.29381199999999996,1.276557,ZAF,DEU,0583
6969,249,61,716,1997.0,0.0,119324.0,1.557128,1.434424,TWN,DEU,0583
6970,250,61,716,1997.0,0.0,68629.0,1.004537,0.782725,ANS,DEU,0583
6971,7,64,716,1997.0,0.0,72367.0,-0.317351,-0.8786510000000001,ARE,DNK,0583
6972,14,64,716,1997.0,0.0,1262127.0,-0.033861,0.647668,AUS,DNK,0583
6973,15,64,716,1997.0,0.0,117752.0,1.904005,0.445169,AUT,DNK,0583
6974,18,64,716,1997.0,185237.0,183206.0,1.470183,1.312167,BEL,DNK,0583
6975,19,64,716,1997.0,0.0,39166.0,-1.357169,-1.089711,BEN,DNK,0583
6976,24,64,716,1997.0,0.0,23207.0,-0.44965,-1.035584,BHR,DNK,0583
6977,32,64,716,1997.0,0.0,783946.0,0.805759,1.249182,BRA,DNK,0583
6978,39,64,716,1997.0,0.0,581224.0,0.928586,1.3413389999999998,CAN,DNK,0583
6979,41,64,716,1997.0,0.0,1084.0,2.327788,0.682804,CHE,DNK,0583
6980,43,64,716,1997.0,0.0,21299.0,0.380294,2.389738,CHN,DNK,0583
6981,52,64,716,1997.0,64909.0,0.0,-0.158667,0.204758,CRI,DNK,0583
6982,58,64,716,1997.0,0.0,42476.0,0.45144700000000004,0.46707600000000005,CYP,DNK,0583
6983,59,64,716,1997.0,143868.0,168470.0,1.450452,1.031814,CZE,DNK,0583
6984,61,64,716,1997.0,399377.0,10723270.0,2.360316,-2.655514,DEU,DNK,0583
6985,71,64,716,1997.0,45233.0,65231.0,1.068989,1.9429439999999998,ESP,DNK,0583
6986,72,64,716,1997.0,0.0,2430.0,0.45792,1.148099,EST,DNK,0583
6987,73,64,716,1997.0,0.0,47923.0,-1.141928,-1.187119,ETH,DNK,0583
6988,74,64,716,1997.0,2247.0,1068778.0,1.991377,1.047477,FIN,DNK,0583
6989,77,64,716,1997.0,1206718.0,36676.0,1.6737630000000001,0.7499439999999999,FRA,DNK,0583
6990,78,64,716,1997.0,0.0,184710.0,-0.530698,-0.7939109999999999,FRO,DNK,0583
6991,81,64,716,1997.0,679826.0,6960710.0,1.9742490000000001,0.7046359999999999,GBR,DNK,0583
6992,90,64,716,1997.0,0.0,67244.0,0.225904,1.291959,GRC,DNK,0583
6993,92,64,716,1997.0,0.0,120253.0,-0.7822520000000001,-0.906492,GRL,DNK,0583
6994,97,64,716,1997.0,0.0,248156.0,0.475945,1.7576919999999998,HKG,DNK,0583
6995,100,64,716,1997.0,0.0,12149.0,0.61283,1.321775,HRV,DNK,0583
6996,106,64,716,1997.0,0.0,515535.0,1.579974,1.018361,IRL,DNK,0583
6997,109,64,716,1997.0,0.0,347827.0,0.33665700000000004,-0.42348,ISL,DNK,0583
6998,110,64,716,1997.0,0.0,96944.0,1.404901,1.072135,ISR,DNK,0583
6999,111,64,716,1997.0,347545.0,240807.0,1.596917,0.8313959999999999,ITA,DNK,0583
7000,113,64,716,1997.0,0.0,12982.0,0.641787,0.484512,JOR,DNK,0583
7001,114,64,716,1997.0,0.0,8113.0,2.771316,0.545821,JPN,DNK,0583
7002,121,64,716,1997.0,0.0,95342.0,1.2642,1.164231,KOR,DNK,0583
7003,122,64,716,1997.0,0.0,27647.0,-1.0192139999999998,-1.193627,KWT,DNK,0583
7004,124,64,716,1997.0,3920.0,0.0,0.28229299999999996,1.0650549999999999,LBN,DNK,0583
7005,130,64,716,1997.0,0.0,25368.0,0.360579,1.382816,LTU,DNK,0583
7006,132,64,716,1997.0,0.0,11271.0,0.332958,0.51665,LVA,DNK,0583
7007,135,64,716,1997.0,0.0,4498.0,0.14225,-0.250556,MDA,DNK,0583
7008,137,64,716,1997.0,0.0,10330.0,-1.0046620000000002,-1.0400340000000001,MDV,DNK,0583
7009,153,64,716,1997.0,0.0,39317.0,0.526754,0.33065700000000003,MYS,DNK,0583
7010,162,64,716,1997.0,376186.0,827561.0,1.327106,1.520932,NLD,DNK,0583
7011,163,64,716,1997.0,97917.0,184411.0,0.857735,0.061844,NOR,DNK,0583
7012,167,64,716,1997.0,0.0,24252.0,-0.233342,-0.9922049999999999,OMN,DNK,0583
7013,174,64,716,1997.0,2339.0,0.0,0.044834,0.024782,PHL,DNK,0583
7014,177,64,716,1997.0,51608.0,27575.0,0.8447319999999999,2.000241,POL,DNK,0583
7015,179,64,716,1997.0,0.0,220124.0,0.496633,1.025231,PRT,DNK,0583
7016,183,64,716,1997.0,0.0,7871.0,-1.1276760000000001,-1.233235,QAT,DNK,0583
7017,186,64,716,1997.0,0.0,395343.0,0.572773,0.375446,RUS,DNK,0583
7018,188,64,716,1997.0,0.0,33570.0,-0.300809,-1.0455,SAU,DNK,0583
7019,192,64,716,1997.0,0.0,18687.0,1.1946700000000001,0.30503600000000003,SGP,DNK,0583
7020,207,64,716,1997.0,0.0,11549.0,1.449492,1.253379,SVN,DNK,0583
7021,208,64,716,1997.0,240705.0,5686172.0,2.0806709999999997,0.9541219999999999,SWE,DNK,0583
7022,223,64,716,1997.0,0.0,24351.0,-0.187276,-0.21877600000000003,TUN,DNK,0583
7023,224,64,716,1997.0,23369.0,0.0,0.154428,1.7573880000000002,TUR,DNK,0583
7024,226,64,716,1997.0,19621.0,0.0,-1.243443,-0.537161,TZA,DNK,0583
7025,227,64,716,1997.0,0.0,1209.0,-1.175585,-1.017807,UGA,DNK,0583
7026,228,64,716,1997.0,0.0,6710.0,0.7384539999999999,1.096947,UKR,DNK,0583
7027,231,64,716,1997.0,7982.0,3506030.0,1.875847,0.46257299999999996,USA,DNK,0583
7028,239,64,716,1997.0,0.0,6243.0,-0.67516,0.251436,VNM,DNK,0583
7029,243,64,716,1997.0,0.0,15903.0,-1.665484,-1.292243,YEM,DNK,0583
7030,246,64,716,1997.0,84629.0,0.0,0.29381199999999996,1.276557,ZAF,DNK,0583
7031,249,64,716,1997.0,0.0,7833.0,1.557128,1.434424,TWN,DNK,0583
7032,250,64,716,1997.0,51436.0,0.0,1.004537,0.782725,ANS,DNK,0583
7033,8,65,716,1997.0,13683.0,0.0,0.072589,0.965456,ARG,DOM,0583
7034,25,65,716,1997.0,0.0,3587.0,0.82352,-0.091626,BHS,DOM,0583
7035,39,65,716,1997.0,0.0,2498.0,0.928586,1.3413389999999998,CAN,DOM,0583
7036,42,65,716,1997.0,67275.0,0.0,-0.06841799999999999,-0.21526199999999998,CHL,DOM,0583
7037,52,65,716,1997.0,401635.0,0.0,-0.158667,0.204758,CRI,DOM,0583
7038,67,65,716,1997.0,3817.0,0.0,-1.124002,-1.0084549999999999,ECU,DOM,0583
7039,71,65,716,1997.0,194125.0,0.0,1.068989,1.9429439999999998,ESP,DOM,0583
7040,77,65,716,1997.0,0.0,9516.0,1.6737630000000001,0.7499439999999999,FRA,DOM,0583
7041,169,65,716,1997.0,0.0,4506.0,0.0038,0.036532999999999996,PAN,DOM,0583
7042,231,65,716,1997.0,1554986.0,1247387.0,1.875847,0.46257299999999996,USA,DOM,0583
7043,236,65,716,1997.0,925306.0,18617.0,-0.137776,-0.750744,VEN,DOM,0583
7044,8,67,716,1997.0,7030.0,274842.0,0.072589,0.965456,ARG,ECU,0583
7045,18,67,716,1997.0,2760.0,25319.0,1.470183,1.312167,BEL,ECU,0583
7046,39,67,716,1997.0,37263.0,145717.0,0.928586,1.3413389999999998,CAN,ECU,0583
7047,42,67,716,1997.0,577247.0,60464.0,-0.06841799999999999,-0.21526199999999998,CHL,ECU,0583
7048,49,67,716,1997.0,51522.0,5379.0,0.023456,0.057771,COL,ECU,0583
7049,61,67,716,1997.0,24232.0,5079.0,2.360316,-2.655514,DEU,ECU,0583
7050,65,67,716,1997.0,0.0,3817.0,-0.5140170000000001,-0.564107,DOM,ECU,0583
7051,71,67,716,1997.0,60769.0,67372.0,1.068989,1.9429439999999998,ESP,ECU,0583
7052,77,67,716,1997.0,0.0,118425.0,1.6737630000000001,0.7499439999999999,FRA,ECU,0583
7053,81,67,716,1997.0,25582.0,4074.0,1.9742490000000001,0.7046359999999999,GBR,ECU,0583
7054,102,67,716,1997.0,0.0,13199.0,0.9121799999999999,1.55321,HUN,ECU,0583
7055,111,67,716,1997.0,1708.0,101147.0,1.596917,0.8313959999999999,ITA,ECU,0583
7056,114,67,716,1997.0,0.0,136366.0,2.771316,0.545821,JPN,ECU,0583
7057,138,67,716,1997.0,76005.0,0.0,0.7735350000000001,0.9161590000000001,MEX,ECU,0583
7058,162,67,716,1997.0,0.0,878367.0,1.327106,1.520932,NLD,ECU,0583
7059,179,67,716,1997.0,0.0,97224.0,0.496633,1.025231,PRT,ECU,0583
7060,208,67,716,1997.0,0.0,16512.0,2.0806709999999997,0.9541219999999999,SWE,ECU,0583
7061,216,67,716,1997.0,0.0,11703.0,0.216402,1.366618,THA,ECU,0583
7062,231,67,716,1997.0,157030.0,1734354.0,1.875847,0.46257299999999996,USA,ECU,0583
7063,236,67,716,1997.0,149196.0,15398.0,-0.137776,-0.750744,VEN,ECU,0583
7064,2,71,716,1997.0,0.0,3486.0,-1.800252,-1.237594,AGO,ESP,0583
7065,5,71,716,1997.0,0.0,194394.0,1.097696,0.751235,AND,ESP,0583
7066,7,71,716,1997.0,0.0,36957.0,-0.317351,-0.8786510000000001,ARE,ESP,0583
7067,8,71,716,1997.0,8093.0,260179.0,0.072589,0.965456,ARG,ESP,0583
7068,14,71,716,1997.0,0.0,5106.0,-0.033861,0.647668,AUS,ESP,0583
7069,15,71,716,1997.0,0.0,941139.0,1.904005,0.445169,AUT,ESP,0583
7070,18,71,716,1997.0,404967.0,345204.0,1.470183,1.312167,BEL,ESP,0583
7071,26,71,716,1997.0,5096.0,16907.0,0.517231,0.321515,BIH,ESP,0583
7072,31,71,716,1997.0,0.0,2528.0,-0.765684,-0.796686,BOL,ESP,0583
7073,32,71,716,1997.0,157263.0,150042.0,0.805759,1.249182,BRA,ESP,0583
7074,39,71,716,1997.0,0.0,56811.0,0.928586,1.3413389999999998,CAN,ESP,0583
7075,41,71,716,1997.0,16823.0,130811.0,2.327788,0.682804,CHE,ESP,0583
7076,42,71,716,1997.0,0.0,12792.0,-0.06841799999999999,-0.21526199999999998,CHL,ESP,0583
7077,49,71,716,1997.0,1853.0,3877.0,0.023456,0.057771,COL,ESP,0583
7078,51,71,716,1997.0,0.0,2399.0,1.1987079999999999,0.084231,CPV,ESP,0583
7079,52,71,716,1997.0,84273.0,0.0,-0.158667,0.204758,CRI,ESP,0583
7080,54,71,716,1997.0,118284.0,265994.0,-0.793234,-1.169625,CUB,ESP,0583
7081,58,71,716,1997.0,0.0,1052.0,0.45144700000000004,0.46707600000000005,CYP,ESP,0583
7082,59,71,716,1997.0,0.0,34052.0,1.450452,1.031814,CZE,ESP,0583
7083,61,71,716,1997.0,2302949.0,4302294.0,2.360316,-2.655514,DEU,ESP,0583
7084,62,71,716,1997.0,1262.0,0.0,0.388331,0.05764299999999999,DJI,ESP,0583
7085,64,71,716,1997.0,65231.0,45233.0,1.422606,1.395373,DNK,ESP,0583
7086,65,71,716,1997.0,0.0,194125.0,-0.5140170000000001,-0.564107,DOM,ESP,0583
7087,66,71,716,1997.0,0.0,207623.0,-0.8557879999999999,-1.150101,DZA,ESP,0583
7088,67,71,716,1997.0,67372.0,60769.0,-1.124002,-1.0084549999999999,ECU,ESP,0583
7089,68,71,716,1997.0,0.0,22178.0,-0.34861,0.005477,EGY,ESP,0583
7090,72,71,716,1997.0,0.0,15617.0,0.45792,1.148099,EST,ESP,0583
7091,74,71,716,1997.0,0.0,1413.0,1.991377,1.047477,FIN,ESP,0583
7092,77,71,716,1997.0,4954170.0,5166590.0,1.6737630000000001,0.7499439999999999,FRA,ESP,0583
7093,80,71,716,1997.0,0.0,2146.0,-1.277642,-1.178244,GAB,ESP,0583
7094,81,71,716,1997.0,1387541.0,185961.0,1.9742490000000001,0.7046359999999999,GBR,ESP,0583
7095,84,71,716,1997.0,0.0,10391.0,0.643548,-0.164009,GIB,ESP,0583
7096,87,71,716,1997.0,0.0,1043.0,-0.686094,-0.8130609999999999,GMB,ESP,0583
7097,90,71,716,1997.0,0.0,72122.0,0.225904,1.291959,GRC,ESP,0583
7098,93,71,716,1997.0,0.0,10195.0,-0.17965,0.23698200000000003,GTM,ESP,0583
7099,99,71,716,1997.0,18168.0,0.0,-0.7449319999999999,-0.50008,HND,ESP,0583
7100,100,71,716,1997.0,0.0,20183.0,0.61283,1.321775,HRV,ESP,0583
7101,102,71,716,1997.0,0.0,58677.0,0.9121799999999999,1.55321,HUN,ESP,0583
7102,103,71,716,1997.0,0.0,45986.0,-0.21049600000000002,1.318692,IDN,ESP,0583
7103,104,71,716,1997.0,0.0,1355.0,0.150788,2.027932,IND,ESP,0583
7104,106,71,716,1997.0,10136.0,303730.0,1.579974,1.018361,IRL,ESP,0583
7105,110,71,716,1997.0,3763.0,38442.0,1.404901,1.072135,ISR,ESP,0583
7106,111,71,716,1997.0,1597747.0,2148540.0,1.596917,0.8313959999999999,ITA,ESP,0583
7107,113,71,716,1997.0,0.0,3555.0,0.641787,0.484512,JOR,ESP,0583
7108,114,71,716,1997.0,0.0,316215.0,2.771316,0.545821,JPN,ESP,0583
7109,122,71,716,1997.0,0.0,93222.0,-1.0192139999999998,-1.193627,KWT,ESP,0583
7110,124,71,716,1997.0,1074.0,0.0,0.28229299999999996,1.0650549999999999,LBN,ESP,0583
7111,130,71,716,1997.0,0.0,6192.0,0.360579,1.382816,LTU,ESP,0583
7112,134,71,716,1997.0,0.0,25735.0,-0.635337,-0.336298,MAR,ESP,0583
7113,137,71,716,1997.0,0.0,1218.0,-1.0046620000000002,-1.0400340000000001,MDV,ESP,0583
7114,138,71,716,1997.0,0.0,21936.0,0.7735350000000001,0.9161590000000001,MEX,ESP,0583
7115,142,71,716,1997.0,0.0,131926.0,1.1063180000000001,0.377209,MLT,ESP,0583
7116,148,71,716,1997.0,0.0,8995.0,-1.730246,-1.3439969999999999,MRT,ESP,0583
7117,151,71,716,1997.0,0.0,4063.0,-0.42358999999999997,-0.680841,MUS,ESP,0583
7118,153,71,716,1997.0,0.0,14908.0,0.526754,0.33065700000000003,MYS,ESP,0583
7119,162,71,716,1997.0,409907.0,443722.0,1.327106,1.520932,NLD,ESP,0583
7120,163,71,716,1997.0,3542.0,76530.0,0.857735,0.061844,NOR,ESP,0583
7121,164,71,716,1997.0,0.0,5391.0,-0.282115,-0.237121,NPL,ESP,0583
7122,166,71,716,1997.0,0.0,8768.0,0.372052,0.764854,NZL,ESP,0583
7123,169,71,716,1997.0,0.0,2384.0,0.0038,0.036532999999999996,PAN,ESP,0583
7124,173,71,716,1997.0,0.0,8965.0,-0.603019,-0.365845,PER,ESP,0583
7125,174,71,716,1997.0,0.0,3740.0,0.044834,0.024782,PHL,ESP,0583
7126,177,71,716,1997.0,1612.0,193378.0,0.8447319999999999,2.000241,POL,ESP,0583
7127,179,71,716,1997.0,184588.0,1587121.0,0.496633,1.025231,PRT,ESP,0583
7128,180,71,716,1997.0,0.0,3976.0,-0.6051380000000001,-0.708271,PRY,ESP,0583
7129,182,71,716,1997.0,0.0,27913.0,0.431432,-0.5432020000000001,PYF,ESP,0583
7130,183,71,716,1997.0,0.0,16666.0,-1.1276760000000001,-1.233235,QAT,ESP,0583
7131,185,71,716,1997.0,0.0,14234.0,0.666251,1.31932,ROU,ESP,0583
7132,186,71,716,1997.0,0.0,20265.0,0.572773,0.375446,RUS,ESP,0583
7133,188,71,716,1997.0,0.0,556828.0,-0.300809,-1.0455,SAU,ESP,0583
7134,191,71,716,1997.0,0.0,6409.0,-0.660837,-0.768874,SEN,ESP,0583
7135,192,71,716,1997.0,0.0,2926.0,1.1946700000000001,0.30503600000000003,SGP,ESP,0583
7136,197,71,716,1997.0,0.0,2011.0,-0.069039,-0.094938,SLV,ESP,0583
7137,206,71,716,1997.0,0.0,3524.0,1.265691,1.368739,SVK,ESP,0583
7138,207,71,716,1997.0,0.0,953722.0,1.449492,1.253379,SVN,ESP,0583
7139,208,71,716,1997.0,23205.0,215219.0,2.0806709999999997,0.9541219999999999,SWE,ESP,0583
7140,223,71,716,1997.0,0.0,1496.0,-0.187276,-0.21877600000000003,TUN,ESP,0583
7141,224,71,716,1997.0,1998056.0,0.0,0.154428,1.7573880000000002,TUR,ESP,0583
7142,228,71,716,1997.0,0.0,1148.0,0.7384539999999999,1.096947,UKR,ESP,0583
7143,230,71,716,1997.0,0.0,7118.0,0.080024,0.669226,URY,ESP,0583
7144,231,71,716,1997.0,25555.0,67864.0,1.875847,0.46257299999999996,USA,ESP,0583
7145,236,71,716,1997.0,0.0,116388.0,-0.137776,-0.750744,VEN,ESP,0583
7146,239,71,716,1997.0,0.0,10281.0,-0.67516,0.251436,VNM,ESP,0583
7147,243,71,716,1997.0,0.0,6352.0,-1.665484,-1.292243,YEM,ESP,0583
7148,246,71,716,1997.0,33926.0,6167.0,0.29381199999999996,1.276557,ZAF,ESP,0583
7149,250,71,716,1997.0,0.0,3993.0,1.004537,0.782725,ANS,ESP,0583
7150,14,74,716,1997.0,0.0,1379.0,-0.033861,0.647668,AUS,FIN,0583
7151,15,74,716,1997.0,1350.0,0.0,1.904005,0.445169,AUT,FIN,0583
7152,18,74,716,1997.0,15046.0,1701.0,1.470183,1.312167,BEL,FIN,0583
7153,28,74,716,1997.0,0.0,13092.0,0.716832,0.706486,BLR,FIN,0583
7154,39,74,716,1997.0,0.0,2492.0,0.928586,1.3413389999999998,CAN,FIN,0583
7155,41,74,716,1997.0,9670.0,0.0,2.327788,0.682804,CHE,FIN,0583
7156,42,74,716,1997.0,247017.0,0.0,-0.06841799999999999,-0.21526199999999998,CHL,FIN,0583
7157,52,74,716,1997.0,202442.0,0.0,-0.158667,0.204758,CRI,FIN,0583
7158,61,74,716,1997.0,198056.0,0.0,2.360316,-2.655514,DEU,FIN,0583
7159,64,74,716,1997.0,1068778.0,2247.0,1.422606,1.395373,DNK,FIN,0583
7160,71,74,716,1997.0,1413.0,0.0,1.068989,1.9429439999999998,ESP,FIN,0583
7161,72,74,716,1997.0,4019.0,258792.0,0.45792,1.148099,EST,FIN,0583
7162,77,74,716,1997.0,76356.0,1129.0,1.6737630000000001,0.7499439999999999,FRA,FIN,0583
7163,81,74,716,1997.0,91393.0,97689.0,1.9742490000000001,0.7046359999999999,GBR,FIN,0583
7164,90,74,716,1997.0,12684.0,0.0,0.225904,1.291959,GRC,FIN,0583
7165,111,74,716,1997.0,214374.0,0.0,1.596917,0.8313959999999999,ITA,FIN,0583
7166,113,74,716,1997.0,0.0,14733.0,0.641787,0.484512,JOR,FIN,0583
7167,114,74,716,1997.0,0.0,25161.0,2.771316,0.545821,JPN,FIN,0583
7168,115,74,716,1997.0,0.0,28547.0,0.302596,-0.028221,KAZ,FIN,0583
7169,130,74,716,1997.0,0.0,80386.0,0.360579,1.382816,LTU,FIN,0583
7170,132,74,716,1997.0,0.0,47437.0,0.332958,0.51665,LVA,FIN,0583
7171,135,74,716,1997.0,0.0,5904.0,0.14225,-0.250556,MDA,FIN,0583
7172,162,74,716,1997.0,149902.0,1743.0,1.327106,1.520932,NLD,FIN,0583
7173,163,74,716,1997.0,14955.0,14071.0,0.857735,0.061844,NOR,FIN,0583
7174,186,74,716,1997.0,5433.0,1941970.0,0.572773,0.375446,RUS,FIN,0583
7175,208,74,716,1997.0,381782.0,90566.0,2.0806709999999997,0.9541219999999999,SWE,FIN,0583
7176,224,74,716,1997.0,28602.0,0.0,0.154428,1.7573880000000002,TUR,FIN,0583
7177,228,74,716,1997.0,0.0,98467.0,0.7384539999999999,1.096947,UKR,FIN,0583
7178,231,74,716,1997.0,49608.0,27332.0,1.875847,0.46257299999999996,USA,FIN,0583
7179,239,74,716,1997.0,7739.0,0.0,-0.67516,0.251436,VNM,FIN,0583
7180,2,77,716,1997.0,0.0,21966.0,-1.800252,-1.237594,AGO,FRA,0583
7181,3,77,716,1997.0,0.0,1372.0,1.506348,0.734825,AIA,FRA,0583
7182,5,77,716,1997.0,0.0,89925.0,1.097696,0.751235,AND,FRA,0583
7183,6,77,716,1997.0,0.0,33704.0,-0.027541000000000003,-0.56389,ANT,FRA,0583
7184,7,77,716,1997.0,0.0,183920.0,-0.317351,-0.8786510000000001,ARE,FRA,0583
7185,8,77,716,1997.0,0.0,524396.0,0.072589,0.965456,ARG,FRA,0583
7186,13,77,716,1997.0,0.0,3778.0,0.545288,-0.20344500000000001,ATG,FRA,0583
7187,14,77,716,1997.0,8133.0,1322380.0,-0.033861,0.647668,AUS,FRA,0583
7188,15,77,716,1997.0,40620.0,131710.0,1.904005,0.445169,AUT,FRA,0583
7189,18,77,716,1997.0,8189310.0,15548694.0,1.470183,1.312167,BEL,FRA,0583
7190,19,77,716,1997.0,0.0,12433.0,-1.357169,-1.089711,BEN,FRA,0583
7191,21,77,716,1997.0,0.0,11766.0,-0.329098,-0.885215,BFA,FRA,0583
7192,23,77,716,1997.0,19212.0,1723.0,0.523226,1.4133959999999999,BGR,FRA,0583
7193,25,77,716,1997.0,0.0,1476.0,0.82352,-0.091626,BHS,FRA,0583
7194,32,77,716,1997.0,36161.0,545825.0,0.805759,1.249182,BRA,FRA,0583
7195,33,77,716,1997.0,0.0,37592.0,0.916416,0.490241,BRB,FRA,0583
7196,34,77,716,1997.0,0.0,1629.0,-0.443665,-0.825732,BRN,FRA,0583
7197,38,77,716,1997.0,0.0,4143.0,-1.590886,-1.038663,CAF,FRA,0583
7198,39,77,716,1997.0,30606.0,1464086.0,0.928586,1.3413389999999998,CAN,FRA,0583
7199,41,77,716,1997.0,19551.0,3216186.0,2.327788,0.682804,CHE,FRA,0583
7200,42,77,716,1997.0,0.0,51021.0,-0.06841799999999999,-0.21526199999999998,CHL,FRA,0583
7201,43,77,716,1997.0,1249.0,12416.0,0.380294,2.389738,CHN,FRA,0583
7202,44,77,716,1997.0,108628.0,152667.0,-0.647407,-0.603726,CIV,FRA,0583
7203,45,77,716,1997.0,0.0,92346.0,-1.0663340000000001,-1.047091,CMR,FRA,0583
7204,47,77,716,1997.0,0.0,15018.0,-1.484108,-1.2106190000000001,COG,FRA,0583
7205,50,77,716,1997.0,0.0,36701.0,0.44647200000000004,-0.524514,COM,FRA,0583
7206,52,77,716,1997.0,35610.0,0.0,-0.158667,0.204758,CRI,FRA,0583
7207,54,77,716,1997.0,0.0,4975.0,-0.793234,-1.169625,CUB,FRA,0583
7208,58,77,716,1997.0,0.0,78158.0,0.45144700000000004,0.46707600000000005,CYP,FRA,0583
7209,59,77,716,1997.0,95313.0,63810.0,1.450452,1.031814,CZE,FRA,0583
7210,61,77,716,1997.0,13752757.0,19771036.0,2.360316,-2.655514,DEU,FRA,0583
7211,62,77,716,1997.0,0.0,82449.0,0.388331,0.05764299999999999,DJI,FRA,0583
7212,64,77,716,1997.0,36676.0,1206718.0,1.422606,1.395373,DNK,FRA,0583
7213,65,77,716,1997.0,9516.0,0.0,-0.5140170000000001,-0.564107,DOM,FRA,0583
7214,66,77,716,1997.0,0.0,161603.0,-0.8557879999999999,-1.150101,DZA,FRA,0583
7215,67,77,716,1997.0,118425.0,0.0,-1.124002,-1.0084549999999999,ECU,FRA,0583
7216,68,77,716,1997.0,2937.0,194281.0,-0.34861,0.005477,EGY,FRA,0583
7217,71,77,716,1997.0,5166590.0,4954170.0,1.068989,1.9429439999999998,ESP,FRA,0583
7218,72,77,716,1997.0,1808.0,0.0,0.45792,1.148099,EST,FRA,0583
7219,73,77,716,1997.0,0.0,2387.0,-1.141928,-1.187119,ETH,FRA,0583
7220,74,77,716,1997.0,1129.0,76356.0,1.991377,1.047477,FIN,FRA,0583
7221,80,77,716,1997.0,0.0,154883.0,-1.277642,-1.178244,GAB,FRA,0583
7222,81,77,716,1997.0,5845795.0,16189329.0,1.9742490000000001,0.7046359999999999,GBR,FRA,0583
7223,83,77,716,1997.0,0.0,13481.0,-1.03989,-0.979039,GHA,FRA,0583
7224,84,77,716,1997.0,0.0,2059.0,0.643548,-0.164009,GIB,FRA,0583
7225,85,77,716,1997.0,0.0,5471.0,-1.223583,-1.14157,GIN,FRA,0583
7226,89,77,716,1997.0,0.0,1719.0,-1.7029490000000003,-0.880605,GNQ,FRA,0583
7227,90,77,716,1997.0,421326.0,2123508.0,0.225904,1.291959,GRC,FRA,0583
7228,92,77,716,1997.0,0.0,8281.0,-0.7822520000000001,-0.906492,GRL,FRA,0583
7229,96,77,716,1997.0,10582.0,0.0,-0.5991029999999999,-0.769726,GUY,FRA,0583
7230,97,77,716,1997.0,0.0,703870.0,0.475945,1.7576919999999998,HKG,FRA,0583
7231,99,77,716,1997.0,58345.0,0.0,-0.7449319999999999,-0.50008,HND,FRA,0583
7232,100,77,716,1997.0,0.0,1666.0,0.61283,1.321775,HRV,FRA,0583
7233,101,77,716,1997.0,0.0,2599.0,-0.6864100000000001,-0.687077,HTI,FRA,0583
7234,102,77,716,1997.0,0.0,3925.0,0.9121799999999999,1.55321,HUN,FRA,0583
7235,103,77,716,1997.0,0.0,45674.0,-0.21049600000000002,1.318692,IDN,FRA,0583
7236,104,77,716,1997.0,68491.0,0.0,0.150788,2.027932,IND,FRA,0583
7237,106,77,716,1997.0,40858.0,409411.0,1.579974,1.018361,IRL,FRA,0583
7238,107,77,716,1997.0,1449.0,0.0,-0.8911190000000001,-1.085849,IRN,FRA,0583
7239,109,77,716,1997.0,139460.0,15850.0,0.33665700000000004,-0.42348,ISL,FRA,0583
7240,110,77,716,1997.0,18173.0,1242638.0,1.404901,1.072135,ISR,FRA,0583
7241,111,77,716,1997.0,12423933.0,4448274.0,1.596917,0.8313959999999999,ITA,FRA,0583
7242,113,77,716,1997.0,0.0,3380.0,0.641787,0.484512,JOR,FRA,0583
7243,114,77,716,1997.0,0.0,9090140.0,2.771316,0.545821,JPN,FRA,0583
7244,118,77,716,1997.0,0.0,9280.0,-1.3386770000000001,-1.2547110000000001,KHM,FRA,0583
7245,121,77,716,1997.0,82663.0,507113.0,1.2642,1.164231,KOR,FRA,0583
7246,122,77,716,1997.0,0.0,136371.0,-1.0192139999999998,-1.193627,KWT,FRA,0583
7247,123,77,716,1997.0,20867.0,0.0,-0.81187,-0.851834,LAO,FRA,0583
7248,124,77,716,1997.0,14103.0,304509.0,0.28229299999999996,1.0650549999999999,LBN,FRA,0583
7249,130,77,716,1997.0,0.0,27569.0,0.360579,1.382816,LTU,FRA,0583
7250,134,77,716,1997.0,4533.0,181872.0,-0.635337,-0.336298,MAR,FRA,0583
7251,136,77,716,1997.0,40689.0,25642.0,-1.090898,-0.605175,MDG,FRA,0583
7252,137,77,716,1997.0,0.0,1600.0,-1.0046620000000002,-1.0400340000000001,MDV,FRA,0583
7253,138,77,716,1997.0,52932.0,64491.0,0.7735350000000001,0.9161590000000001,MEX,FRA,0583
7254,141,77,716,1997.0,0.0,46477.0,-1.166924,-1.060552,MLI,FRA,0583
7255,142,77,716,1997.0,0.0,49200.0,1.1063180000000001,0.377209,MLT,FRA,0583
7256,145,77,716,1997.0,0.0,1067.0,-0.569797,-0.9604370000000001,MNG,FRA,0583
7257,148,77,716,1997.0,0.0,3276.0,-1.730246,-1.3439969999999999,MRT,FRA,0583
7258,151,77,716,1997.0,8557.0,139355.0,-0.42358999999999997,-0.680841,MUS,FRA,0583
7259,153,77,716,1997.0,99134.0,240792.0,0.526754,0.33065700000000003,MYS,FRA,0583
7260,156,77,716,1997.0,0.0,631373.0,-0.600665,-0.8788389999999999,NCL,FRA,0583
7261,157,77,716,1997.0,0.0,19028.0,-0.31505500000000003,-0.542254,NER,FRA,0583
7262,159,77,716,1997.0,0.0,13122.0,-1.8354990000000002,-1.246493,NGA,FRA,0583
7263,162,77,716,1997.0,6809182.0,5309364.0,1.327106,1.520932,NLD,FRA,0583
7264,163,77,716,1997.0,9497.0,142497.0,0.857735,0.061844,NOR,FRA,0583
7265,166,77,716,1997.0,0.0,122220.0,0.372052,0.764854,NZL,FRA,0583
7266,167,77,716,1997.0,0.0,7383.0,-0.233342,-0.9922049999999999,OMN,FRA,0583
7267,169,77,716,1997.0,0.0,34391.0,0.0038,0.036532999999999996,PAN,FRA,0583
7268,173,77,716,1997.0,5044.0,2512.0,-0.603019,-0.365845,PER,FRA,0583
7269,174,77,716,1997.0,17354.0,14147.0,0.044834,0.024782,PHL,FRA,0583
7270,177,77,716,1997.0,0.0,86830.0,0.8447319999999999,2.000241,POL,FRA,0583
7271,179,77,716,1997.0,53638.0,2192705.0,0.496633,1.025231,PRT,FRA,0583
7272,182,77,716,1997.0,17790.0,497587.0,0.431432,-0.5432020000000001,PYF,FRA,0583
7273,183,77,716,1997.0,0.0,2574.0,-1.1276760000000001,-1.233235,QAT,FRA,0583
7274,185,77,716,1997.0,0.0,37960.0,0.666251,1.31932,ROU,FRA,0583
7275,186,77,716,1997.0,0.0,818709.0,0.572773,0.375446,RUS,FRA,0583
7276,188,77,716,1997.0,0.0,333227.0,-0.300809,-1.0455,SAU,FRA,0583
7277,189,77,716,1997.0,0.0,46237.0,0.626724,1.7948549999999999,SCG,FRA,0583
7278,191,77,716,1997.0,0.0,123788.0,-0.660837,-0.768874,SEN,FRA,0583
7279,192,77,716,1997.0,0.0,440031.0,1.1946700000000001,0.30503600000000003,SGP,FRA,0583
7280,200,77,716,1997.0,0.0,6452.0,0.514622,-0.220802,SPM,FRA,0583
7281,207,77,716,1997.0,0.0,1014.0,1.449492,1.253379,SVN,FRA,0583
7282,208,77,716,1997.0,210219.0,582659.0,2.0806709999999997,0.9541219999999999,SWE,FRA,0583
7283,211,77,716,1997.0,0.0,3768.0,-0.547613,-0.8543209999999999,SYC,FRA,0583
7284,214,77,716,1997.0,0.0,7948.0,-0.655004,-0.82094,TCD,FRA,0583
7285,215,77,716,1997.0,0.0,8749.0,-0.881602,-0.81079,TGO,FRA,0583
7286,216,77,716,1997.0,48787.0,91861.0,0.216402,1.366618,THA,FRA,0583
7287,222,77,716,1997.0,5124.0,0.0,0.051947,-0.405412,TTO,FRA,0583
7288,223,77,716,1997.0,8032.0,84704.0,-0.187276,-0.21877600000000003,TUN,FRA,0583
7289,224,77,716,1997.0,3886268.0,28293.0,0.154428,1.7573880000000002,TUR,FRA,0583
7290,228,77,716,1997.0,0.0,21829.0,0.7384539999999999,1.096947,UKR,FRA,0583
7291,230,77,716,1997.0,0.0,30932.0,0.080024,0.669226,URY,FRA,0583
7292,231,77,716,1997.0,27158.0,7835565.0,1.875847,0.46257299999999996,USA,FRA,0583
7293,236,77,716,1997.0,31645.0,0.0,-0.137776,-0.750744,VEN,FRA,0583
7294,239,77,716,1997.0,0.0,53337.0,-0.67516,0.251436,VNM,FRA,0583
7295,240,77,716,1997.0,0.0,3954.0,-1.04932,-0.982175,VUT,FRA,0583
7296,241,77,716,1997.0,0.0,10979.0,-0.182943,-0.786458,WLF,FRA,0583
7297,246,77,716,1997.0,61974.0,86650.0,0.29381199999999996,1.276557,ZAF,FRA,0583
7298,249,77,716,1997.0,7463.0,429927.0,1.557128,1.434424,TWN,FRA,0583
7299,250,77,716,1997.0,1319658.0,40373.0,1.004537,0.782725,ANS,FRA,0583
7300,5,81,716,1997.0,0.0,4738.0,1.097696,0.751235,AND,GBR,0583
7301,6,81,716,1997.0,0.0,11747.0,-0.027541000000000003,-0.56389,ANT,GBR,0583
7302,7,81,716,1997.0,2779.0,170664.0,-0.317351,-0.8786510000000001,ARE,GBR,0583
7303,8,81,716,1997.0,0.0,82884.0,0.072589,0.965456,ARG,GBR,0583
7304,9,81,716,1997.0,0.0,2552.0,0.818788,0.226075,ARM,GBR,0583
7305,14,81,716,1997.0,31977.0,1688070.0,-0.033861,0.647668,AUS,GBR,0583
7306,15,81,716,1997.0,24189.0,321796.0,1.904005,0.445169,AUT,GBR,0583
7307,18,81,716,1997.0,5002202.0,931442.0,1.470183,1.312167,BEL,GBR,0583
7308,22,81,716,1997.0,0.0,18374.0,-0.638734,-0.895301,BGD,GBR,0583
7309,24,81,716,1997.0,0.0,59981.0,-0.44965,-1.035584,BHR,GBR,0583
7310,25,81,716,1997.0,0.0,21361.0,0.82352,-0.091626,BHS,GBR,0583
7311,26,81,716,1997.0,0.0,2273.0,0.517231,0.321515,BIH,GBR,0583
7312,30,81,716,1997.0,0.0,76175.0,0.41035200000000005,-0.552818,BMU,GBR,0583
7313,31,81,716,1997.0,0.0,1168.0,-0.765684,-0.796686,BOL,GBR,0583
7314,32,81,716,1997.0,0.0,29766.0,0.805759,1.249182,BRA,GBR,0583
7315,33,81,716,1997.0,1575.0,28931.0,0.916416,0.490241,BRB,GBR,0583
7316,34,81,716,1997.0,0.0,21135.0,-0.443665,-0.825732,BRN,GBR,0583
7317,39,81,716,1997.0,0.0,2098186.0,0.928586,1.3413389999999998,CAN,GBR,0583
7318,41,81,716,1997.0,0.0,322176.0,2.327788,0.682804,CHE,GBR,0583
7319,42,81,716,1997.0,10855.0,5285.0,-0.06841799999999999,-0.21526199999999998,CHL,GBR,0583
7320,43,81,716,1997.0,10641.0,73060.0,0.380294,2.389738,CHN,GBR,0583
7321,46,81,716,1997.0,0.0,3441.0,-1.092385,-1.074017,COD,GBR,0583
7322,52,81,716,1997.0,131394.0,0.0,-0.158667,0.204758,CRI,GBR,0583
7323,57,81,716,1997.0,0.0,3415.0,0.079987,-0.5574180000000001,CYM,GBR,0583
7324,58,81,716,1997.0,12157.0,86994.0,0.45144700000000004,0.46707600000000005,CYP,GBR,0583
7325,59,81,716,1997.0,1268.0,1645.0,1.450452,1.031814,CZE,GBR,0583
7326,61,81,716,1997.0,6621507.0,4492551.0,2.360316,-2.655514,DEU,GBR,0583
7327,64,81,716,1997.0,6960710.0,679826.0,1.422606,1.395373,DNK,GBR,0583
7328,67,81,716,1997.0,4074.0,25582.0,-1.124002,-1.0084549999999999,ECU,GBR,0583
7329,68,81,716,1997.0,9869.0,8952.0,-0.34861,0.005477,EGY,GBR,0583
7330,71,81,716,1997.0,185961.0,1387541.0,1.068989,1.9429439999999998,ESP,GBR,0583
7331,74,81,716,1997.0,97689.0,91393.0,1.991377,1.047477,FIN,GBR,0583
7332,75,81,716,1997.0,0.0,1169.0,-0.8839090000000001,-0.9493540000000001,FJI,GBR,0583
7333,76,81,716,1997.0,0.0,11658.0,1.3654979999999999,-0.407023,FLK,GBR,0583
7334,77,81,716,1997.0,16189329.0,5845795.0,1.6737630000000001,0.7499439999999999,FRA,GBR,0583
7335,78,81,716,1997.0,0.0,8895.0,-0.530698,-0.7939109999999999,FRO,GBR,0583
7336,83,81,716,1997.0,0.0,86234.0,-1.03989,-0.979039,GHA,GBR,0583
7337,84,81,716,1997.0,0.0,100824.0,0.643548,-0.164009,GIB,GBR,0583
7338,85,81,716,1997.0,0.0,1165.0,-1.223583,-1.14157,GIN,GBR,0583
7339,87,81,716,1997.0,0.0,4893.0,-0.686094,-0.8130609999999999,GMB,GBR,0583
7340,90,81,716,1997.0,72738.0,301036.0,0.225904,1.291959,GRC,GBR,0583
7341,91,81,716,1997.0,0.0,3762.0,0.235056,-0.254481,GRD,GBR,0583
7342,96,81,716,1997.0,0.0,1224.0,-0.5991029999999999,-0.769726,GUY,GBR,0583
7343,97,81,716,1997.0,14828.0,1375241.0,0.475945,1.7576919999999998,HKG,GBR,0583
7344,99,81,716,1997.0,30468.0,0.0,-0.7449319999999999,-0.50008,HND,GBR,0583
7345,100,81,716,1997.0,0.0,7710.0,0.61283,1.321775,HRV,GBR,0583
7346,102,81,716,1997.0,536170.0,0.0,0.9121799999999999,1.55321,HUN,GBR,0583
7347,103,81,716,1997.0,0.0,1078.0,-0.21049600000000002,1.318692,IDN,GBR,0583
7348,104,81,716,1997.0,69067.0,16898.0,0.150788,2.027932,IND,GBR,0583
7349,106,81,716,1997.0,3486661.0,5105070.0,1.579974,1.018361,IRL,GBR,0583
7350,107,81,716,1997.0,7162.0,0.0,-0.8911190000000001,-1.085849,IRN,GBR,0583
7351,109,81,716,1997.0,0.0,45553.0,0.33665700000000004,-0.42348,ISL,GBR,0583
7352,110,81,716,1997.0,64425.0,65718.0,1.404901,1.072135,ISR,GBR,0583
7353,111,81,716,1997.0,4968856.0,1259969.0,1.596917,0.8313959999999999,ITA,GBR,0583
7354,112,81,716,1997.0,38257.0,1895.0,-0.6338739999999999,-0.838622,JAM,GBR,0583
7355,113,81,716,1997.0,0.0,32779.0,0.641787,0.484512,JOR,GBR,0583
7356,114,81,716,1997.0,117267.0,3913660.0,2.771316,0.545821,JPN,GBR,0583
7357,116,81,716,1997.0,0.0,86035.0,-0.363967,0.218183,KEN,GBR,0583
7358,120,81,716,1997.0,0.0,1445.0,0.988031,-0.142999,KNA,GBR,0583
7359,121,81,716,1997.0,0.0,29845.0,1.2642,1.164231,KOR,GBR,0583
7360,122,81,716,1997.0,0.0,94600.0,-1.0192139999999998,-1.193627,KWT,GBR,0583
7361,124,81,716,1997.0,5574.0,104042.0,0.28229299999999996,1.0650549999999999,LBN,GBR,0583
7362,127,81,716,1997.0,0.0,12198.0,-0.193429,-0.606627,LCA,GBR,0583
7363,128,81,716,1997.0,10327.0,0.0,-0.6467470000000001,-0.27831300000000003,LKA,GBR,0583
7364,130,81,716,1997.0,12575.0,19918.0,0.360579,1.382816,LTU,GBR,0583
7365,133,81,716,1997.0,0.0,3132.0,-0.061292,-0.44707399999999997,MAC,GBR,0583
7366,134,81,716,1997.0,0.0,1081.0,-0.635337,-0.336298,MAR,GBR,0583
7367,138,81,716,1997.0,0.0,16014.0,0.7735350000000001,0.9161590000000001,MEX,GBR,0583
7368,142,81,716,1997.0,0.0,150423.0,1.1063180000000001,0.377209,MLT,GBR,0583
7369,143,81,716,1997.0,0.0,3463.0,-1.222694,-0.9493,MMR,GBR,0583
7370,151,81,716,1997.0,1510.0,46573.0,-0.42358999999999997,-0.680841,MUS,GBR,0583
7371,153,81,716,1997.0,10574.0,767296.0,0.526754,0.33065700000000003,MYS,GBR,0583
7372,159,81,716,1997.0,0.0,14551.0,-1.8354990000000002,-1.246493,NGA,GBR,0583
7373,162,81,716,1997.0,1146283.0,2212488.0,1.327106,1.520932,NLD,GBR,0583
7374,163,81,716,1997.0,23764.0,127222.0,0.857735,0.061844,NOR,GBR,0583
7375,164,81,716,1997.0,0.0,2219.0,-0.282115,-0.237121,NPL,GBR,0583
7376,166,81,716,1997.0,22631.0,70753.0,0.372052,0.764854,NZL,GBR,0583
7377,167,81,716,1997.0,0.0,14616.0,-0.233342,-0.9922049999999999,OMN,GBR,0583
7378,168,81,716,1997.0,35614.0,29780.0,-0.844282,-0.602616,PAK,GBR,0583
7379,173,81,716,1997.0,0.0,5043.0,-0.603019,-0.365845,PER,GBR,0583
7380,174,81,716,1997.0,21725.0,4485.0,0.044834,0.024782,PHL,GBR,0583
7381,176,81,716,1997.0,0.0,3103.0,-1.960463,-1.270168,PNG,GBR,0583
7382,177,81,716,1997.0,45205.0,37560.0,0.8447319999999999,2.000241,POL,GBR,0583
7383,178,81,716,1997.0,0.0,24121.0,0.734805,0.8720889999999999,PRK,GBR,0583
7384,179,81,716,1997.0,1214081.0,492002.0,0.496633,1.025231,PRT,GBR,0583
7385,183,81,716,1997.0,0.0,7615.0,-1.1276760000000001,-1.233235,QAT,GBR,0583
7386,185,81,716,1997.0,15990.0,0.0,0.666251,1.31932,ROU,GBR,0583
7387,186,81,716,1997.0,0.0,91604.0,0.572773,0.375446,RUS,GBR,0583
7388,188,81,716,1997.0,2195.0,259148.0,-0.300809,-1.0455,SAU,GBR,0583
7389,190,81,716,1997.0,0.0,18449.0,-1.248538,-1.197904,SDN,GBR,0583
7390,192,81,716,1997.0,2611.0,513734.0,1.1946700000000001,0.30503600000000003,SGP,GBR,0583
7391,196,81,716,1997.0,0.0,9327.0,-0.279858,-0.632066,SLE,GBR,0583
7392,207,81,716,1997.0,0.0,22006.0,1.449492,1.253379,SVN,GBR,0583
7393,208,81,716,1997.0,122077.0,795591.0,2.0806709999999997,0.9541219999999999,SWE,GBR,0583
7394,211,81,716,1997.0,0.0,3385.0,-0.547613,-0.8543209999999999,SYC,GBR,0583
7395,212,81,716,1997.0,13610.0,1487.0,-0.932127,-0.963823,SYR,GBR,0583
7396,216,81,716,1997.0,6543.0,180269.0,0.216402,1.366618,THA,GBR,0583
7397,222,81,716,1997.0,14948.0,12148.0,0.051947,-0.405412,TTO,GBR,0583
7398,224,81,716,1997.0,268671.0,19931.0,0.154428,1.7573880000000002,TUR,GBR,0583
7399,226,81,716,1997.0,0.0,5447.0,-1.243443,-0.537161,TZA,GBR,0583
7400,227,81,716,1997.0,0.0,5339.0,-1.175585,-1.017807,UGA,GBR,0583
7401,228,81,716,1997.0,0.0,51567.0,0.7384539999999999,1.096947,UKR,GBR,0583
7402,230,81,716,1997.0,0.0,25628.0,0.080024,0.669226,URY,GBR,0583
7403,231,81,716,1997.0,209317.0,4415490.0,1.875847,0.46257299999999996,USA,GBR,0583
7404,234,81,716,1997.0,0.0,4283.0,0.059354,-0.545099,VCT,GBR,0583
7405,237,81,716,1997.0,0.0,5805.0,0.295493,-0.444064,VGB,GBR,0583
7406,246,81,716,1997.0,127395.0,110692.0,0.29381199999999996,1.276557,ZAF,GBR,0583
7407,248,81,716,1997.0,0.0,8507.0,-0.5328609999999999,-0.509275,ZWE,GBR,0583
7408,249,81,716,1997.0,24093.0,15287.0,1.557128,1.434424,TWN,GBR,0583
7409,250,81,716,1997.0,0.0,29032.0,1.004537,0.782725,ANS,GBR,0583
7410,4,90,716,1997.0,0.0,11341.0,-0.375654,-0.124279,ALB,GRC,0583
7411,7,90,716,1997.0,0.0,456028.0,-0.317351,-0.8786510000000001,ARE,GRC,0583
7412,14,90,716,1997.0,0.0,30072.0,-0.033861,0.647668,AUS,GRC,0583
7413,18,90,716,1997.0,768756.0,99743.0,1.470183,1.312167,BEL,GRC,0583
7414,23,90,716,1997.0,0.0,478747.0,0.523226,1.4133959999999999,BGR,GRC,0583
7415,24,90,716,1997.0,0.0,40650.0,-0.44965,-1.035584,BHR,GRC,0583
7416,25,90,716,1997.0,0.0,45602.0,0.82352,-0.091626,BHS,GRC,0583
7417,32,90,716,1997.0,0.0,118036.0,0.805759,1.249182,BRA,GRC,0583
7418,39,90,716,1997.0,0.0,23402.0,0.928586,1.3413389999999998,CAN,GRC,0583
7419,41,90,716,1997.0,0.0,7652.0,2.327788,0.682804,CHE,GRC,0583
7420,58,90,716,1997.0,9082.0,100910.0,0.45144700000000004,0.46707600000000005,CYP,GRC,0583
7421,59,90,716,1997.0,2435.0,201209.0,1.450452,1.031814,CZE,GRC,0583
7422,61,90,716,1997.0,363542.0,309171.0,2.360316,-2.655514,DEU,GRC,0583
7423,64,90,716,1997.0,67244.0,0.0,1.422606,1.395373,DNK,GRC,0583
7424,68,90,716,1997.0,4883.0,0.0,-0.34861,0.005477,EGY,GRC,0583
7425,71,90,716,1997.0,72122.0,0.0,1.068989,1.9429439999999998,ESP,GRC,0583
7426,72,90,716,1997.0,0.0,48804.0,0.45792,1.148099,EST,GRC,0583
7427,74,90,716,1997.0,0.0,12684.0,1.991377,1.047477,FIN,GRC,0583
7428,77,90,716,1997.0,2123508.0,421326.0,1.6737630000000001,0.7499439999999999,FRA,GRC,0583
7429,81,90,716,1997.0,301036.0,72738.0,1.9742490000000001,0.7046359999999999,GBR,GRC,0583
7430,82,90,716,1997.0,0.0,1257.0,0.347408,0.106341,GEO,GRC,0583
7431,84,90,716,1997.0,0.0,13544.0,0.643548,-0.164009,GIB,GRC,0583
7432,102,90,716,1997.0,0.0,20507.0,0.9121799999999999,1.55321,HUN,GRC,0583
7433,106,90,716,1997.0,0.0,26843.0,1.579974,1.018361,IRL,GRC,0583
7434,109,90,716,1997.0,0.0,1454.0,0.33665700000000004,-0.42348,ISL,GRC,0583
7435,110,90,716,1997.0,0.0,282330.0,1.404901,1.072135,ISR,GRC,0583
7436,111,90,716,1997.0,1279218.0,1162614.0,1.596917,0.8313959999999999,ITA,GRC,0583
7437,113,90,716,1997.0,0.0,146932.0,0.641787,0.484512,JOR,GRC,0583
7438,114,90,716,1997.0,0.0,68084.0,2.771316,0.545821,JPN,GRC,0583
7439,122,90,716,1997.0,0.0,220746.0,-1.0192139999999998,-1.193627,KWT,GRC,0583
7440,124,90,716,1997.0,21420.0,6540.0,0.28229299999999996,1.0650549999999999,LBN,GRC,0583
7441,125,90,716,1997.0,0.0,5517.0,-0.77544,-1.122642,LBR,GRC,0583
7442,126,90,716,1997.0,0.0,34564.0,-0.662351,-1.1515309999999999,LBY,GRC,0583
7443,130,90,716,1997.0,0.0,21104.0,0.360579,1.382816,LTU,GRC,0583
7444,132,90,716,1997.0,0.0,1398.0,0.332958,0.51665,LVA,GRC,0583
7445,137,90,716,1997.0,0.0,20683.0,-1.0046620000000002,-1.0400340000000001,MDV,GRC,0583
7446,140,90,716,1997.0,0.0,32213.0,0.297389,0.735171,MKD,GRC,0583
7447,142,90,716,1997.0,9771.0,4972.0,1.1063180000000001,0.377209,MLT,GRC,0583
7448,151,90,716,1997.0,0.0,11434.0,-0.42358999999999997,-0.680841,MUS,GRC,0583
7449,153,90,716,1997.0,8396.0,3280.0,0.526754,0.33065700000000003,MYS,GRC,0583
7450,159,90,716,1997.0,0.0,9318.0,-1.8354990000000002,-1.246493,NGA,GRC,0583
7451,162,90,716,1997.0,444660.0,200385.0,1.327106,1.520932,NLD,GRC,0583
7452,167,90,716,1997.0,0.0,43187.0,-0.233342,-0.9922049999999999,OMN,GRC,0583
7453,169,90,716,1997.0,0.0,4217.0,0.0038,0.036532999999999996,PAN,GRC,0583
7454,174,90,716,1997.0,1439.0,0.0,0.044834,0.024782,PHL,GRC,0583
7455,177,90,716,1997.0,7324.0,108952.0,0.8447319999999999,2.000241,POL,GRC,0583
7456,179,90,716,1997.0,0.0,95908.0,0.496633,1.025231,PRT,GRC,0583
7457,183,90,716,1997.0,0.0,31289.0,-1.1276760000000001,-1.233235,QAT,GRC,0583
7458,185,90,716,1997.0,0.0,503610.0,0.666251,1.31932,ROU,GRC,0583
7459,186,90,716,1997.0,2389.0,379594.0,0.572773,0.375446,RUS,GRC,0583
7460,188,90,716,1997.0,0.0,2143406.0,-0.300809,-1.0455,SAU,GRC,0583
7461,189,90,716,1997.0,0.0,16856.0,0.626724,1.7948549999999999,SCG,GRC,0583
7462,190,90,716,1997.0,0.0,5385.0,-1.248538,-1.197904,SDN,GRC,0583
7463,191,90,716,1997.0,0.0,3682.0,-0.660837,-0.768874,SEN,GRC,0583
7464,192,90,716,1997.0,0.0,41564.0,1.1946700000000001,0.30503600000000003,SGP,GRC,0583
7465,199,90,716,1997.0,0.0,19242.0,-0.66794,-0.8626299999999999,SOM,GRC,0583
7466,208,90,716,1997.0,0.0,5948.0,2.0806709999999997,0.9541219999999999,SWE,GRC,0583
7467,223,90,716,1997.0,0.0,50126.0,-0.187276,-0.21877600000000003,TUN,GRC,0583
7468,224,90,716,1997.0,122854.0,0.0,0.154428,1.7573880000000002,TUR,GRC,0583
7469,228,90,716,1997.0,0.0,2332.0,0.7384539999999999,1.096947,UKR,GRC,0583
7470,231,90,716,1997.0,7324.0,206454.0,1.875847,0.46257299999999996,USA,GRC,0583
7471,243,90,716,1997.0,0.0,146979.0,-1.665484,-1.292243,YEM,GRC,0583
7472,246,90,716,1997.0,101145.0,5978.0,0.29381199999999996,1.276557,ZAF,GRC,0583
7473,250,90,716,1997.0,4009.0,24286.0,1.004537,0.782725,ANS,GRC,0583
7474,8,93,716,1997.0,191092.0,0.0,0.072589,0.965456,ARG,GTM,0583
7475,29,93,716,1997.0,0.0,2614.0,-0.640252,-0.833937,BLZ,GTM,0583
7476,39,93,716,1997.0,0.0,1596.0,0.928586,1.3413389999999998,CAN,GTM,0583
7477,42,93,716,1997.0,104909.0,0.0,-0.06841799999999999,-0.21526199999999998,CHL,GTM,0583
7478,52,93,716,1997.0,1214986.0,0.0,-0.158667,0.204758,CRI,GTM,0583
7479,61,93,716,1997.0,0.0,78482.0,2.360316,-2.655514,DEU,GTM,0583
7480,71,93,716,1997.0,10195.0,0.0,1.068989,1.9429439999999998,ESP,GTM,0583
7481,99,93,716,1997.0,862791.0,197007.0,-0.7449319999999999,-0.50008,HND,GTM,0583
7482,114,93,716,1997.0,1720.0,0.0,2.771316,0.545821,JPN,GTM,0583
7483,138,93,716,1997.0,26312.0,2414.0,0.7735350000000001,0.9161590000000001,MEX,GTM,0583
7484,160,93,716,1997.0,0.0,9107.0,-0.699387,-0.460178,NIC,GTM,0583
7485,162,93,716,1997.0,0.0,259185.0,1.327106,1.520932,NLD,GTM,0583
7486,169,93,716,1997.0,9406.0,0.0,0.0038,0.036532999999999996,PAN,GTM,0583
7487,197,93,716,1997.0,42908.0,276696.0,-0.069039,-0.094938,SLV,GTM,0583
7488,231,93,716,1997.0,449221.0,667130.0,1.875847,0.46257299999999996,USA,GTM,0583
7489,236,93,716,1997.0,56101.0,0.0,-0.137776,-0.750744,VEN,GTM,0583
7490,33,96,716,1997.0,0.0,47151.0,0.916416,0.490241,BRB,GUY,0583
7491,39,96,716,1997.0,1550.0,0.0,0.928586,1.3413389999999998,CAN,GUY,0583
7492,77,96,716,1997.0,0.0,10582.0,1.6737630000000001,0.7499439999999999,FRA,GUY,0583
7493,81,96,716,1997.0,1224.0,0.0,1.9742490000000001,0.7046359999999999,GBR,GUY,0583
7494,112,96,716,1997.0,7374.0,0.0,-0.6338739999999999,-0.838622,JAM,GUY,0583
7495,222,96,716,1997.0,14835.0,0.0,0.051947,-0.405412,TTO,GUY,0583
7496,231,96,716,1997.0,83543.0,0.0,1.875847,0.46257299999999996,USA,GUY,0583
7497,236,96,716,1997.0,3253.0,0.0,-0.137776,-0.750744,VEN,GUY,0583
7498,14,97,716,1997.0,154150.0,35184.0,-0.033861,0.647668,AUS,HKG,0583
7499,15,97,716,1997.0,227727.0,0.0,1.904005,0.445169,AUT,HKG,0583
7500,18,97,716,1997.0,64537.0,0.0,1.470183,1.312167,BEL,HKG,0583
7501,32,97,716,1997.0,0.0,1273.0,0.805759,1.249182,BRA,HKG,0583
7502,39,97,716,1997.0,15389.0,47783.0,0.928586,1.3413389999999998,CAN,HKG,0583
7503,41,97,716,1997.0,1179489.0,0.0,2.327788,0.682804,CHE,HKG,0583
7504,43,97,716,1997.0,374836.0,338844.0,0.380294,2.389738,CHN,HKG,0583
7505,52,97,716,1997.0,5196.0,0.0,-0.158667,0.204758,CRI,HKG,0583
7506,61,97,716,1997.0,48986.0,0.0,2.360316,-2.655514,DEU,HKG,0583
7507,64,97,716,1997.0,248156.0,0.0,1.422606,1.395373,DNK,HKG,0583
7508,77,97,716,1997.0,703870.0,0.0,1.6737630000000001,0.7499439999999999,FRA,HKG,0583
7509,81,97,716,1997.0,1375241.0,14828.0,1.9742490000000001,0.7046359999999999,GBR,HKG,0583
7510,103,97,716,1997.0,12483.0,1813.0,-0.21049600000000002,1.318692,IDN,HKG,0583
7511,104,97,716,1997.0,0.0,2595.0,0.150788,2.027932,IND,HKG,0583
7512,110,97,716,1997.0,1914.0,0.0,1.404901,1.072135,ISR,HKG,0583
7513,111,97,716,1997.0,67603.0,0.0,1.596917,0.8313959999999999,ITA,HKG,0583
7514,114,97,716,1997.0,91233.0,129717.0,2.771316,0.545821,JPN,HKG,0583
7515,121,97,716,1997.0,252885.0,1408.0,1.2642,1.164231,KOR,HKG,0583
7516,133,97,716,1997.0,3612.0,665579.0,-0.061292,-0.44707399999999997,MAC,HKG,0583
7517,153,97,716,1997.0,251005.0,126281.0,0.526754,0.33065700000000003,MYS,HKG,0583
7518,162,97,716,1997.0,34318.0,0.0,1.327106,1.520932,NLD,HKG,0583
7519,166,97,716,1997.0,295753.0,0.0,0.372052,0.764854,NZL,HKG,0583
7520,173,97,716,1997.0,0.0,1224.0,-0.603019,-0.365845,PER,HKG,0583
7521,174,97,716,1997.0,532093.0,126121.0,0.044834,0.024782,PHL,HKG,0583
7522,177,97,716,1997.0,0.0,5458.0,0.8447319999999999,2.000241,POL,HKG,0583
7523,178,97,716,1997.0,0.0,12413.0,0.734805,0.8720889999999999,PRK,HKG,0583
7524,192,97,716,1997.0,15302.0,59577.0,1.1946700000000001,0.30503600000000003,SGP,HKG,0583
7525,208,97,716,1997.0,4366.0,0.0,2.0806709999999997,0.9541219999999999,SWE,HKG,0583
7526,216,97,716,1997.0,851453.0,0.0,0.216402,1.366618,THA,HKG,0583
7527,231,97,716,1997.0,1136495.0,32762.0,1.875847,0.46257299999999996,USA,HKG,0583
7528,239,97,716,1997.0,12139.0,1694.0,-0.67516,0.251436,VNM,HKG,0583
7529,246,97,716,1997.0,186343.0,2449.0,0.29381199999999996,1.276557,ZAF,HKG,0583
7530,249,97,716,1997.0,4150792.0,4610.0,1.557128,1.434424,TWN,HKG,0583
7531,6,99,716,1997.0,0.0,358271.0,-0.027541000000000003,-0.56389,ANT,HND,0583
7532,14,99,716,1997.0,0.0,63021.0,-0.033861,0.647668,AUS,HND,0583
7533,18,99,716,1997.0,0.0,748124.0,1.470183,1.312167,BEL,HND,0583
7534,39,99,716,1997.0,0.0,107317.0,0.928586,1.3413389999999998,CAN,HND,0583
7535,42,99,716,1997.0,165657.0,0.0,-0.06841799999999999,-0.21526199999999998,CHL,HND,0583
7536,49,99,716,1997.0,0.0,5385.0,0.023456,0.057771,COL,HND,0583
7537,52,99,716,1997.0,597474.0,1727398.0,-0.158667,0.204758,CRI,HND,0583
7538,61,99,716,1997.0,0.0,35087.0,2.360316,-2.655514,DEU,HND,0583
7539,71,99,716,1997.0,0.0,18168.0,1.068989,1.9429439999999998,ESP,HND,0583
7540,77,99,716,1997.0,0.0,58345.0,1.6737630000000001,0.7499439999999999,FRA,HND,0583
7541,81,99,716,1997.0,0.0,30468.0,1.9742490000000001,0.7046359999999999,GBR,HND,0583
7542,93,99,716,1997.0,197007.0,862791.0,-0.17965,0.23698200000000003,GTM,HND,0583
7543,114,99,716,1997.0,0.0,382592.0,2.771316,0.545821,JPN,HND,0583
7544,138,99,716,1997.0,38287.0,8589.0,0.7735350000000001,0.9161590000000001,MEX,HND,0583
7545,160,99,716,1997.0,0.0,36641.0,-0.699387,-0.460178,NIC,HND,0583
7546,162,99,716,1997.0,0.0,1373243.0,1.327106,1.520932,NLD,HND,0583
7547,192,99,716,1997.0,0.0,1195.0,1.1946700000000001,0.30503600000000003,SGP,HND,0583
7548,197,99,716,1997.0,0.0,406120.0,-0.069039,-0.094938,SLV,HND,0583
7549,231,99,716,1997.0,207422.0,94221.0,1.875847,0.46257299999999996,USA,HND,0583
7550,236,99,716,1997.0,36835.0,0.0,-0.137776,-0.750744,VEN,HND,0583
7551,14,103,716,1997.0,512184.0,6167.0,-0.033861,0.647668,AUS,IDN,0583
7552,15,103,716,1997.0,5842.0,0.0,1.904005,0.445169,AUT,IDN,0583
7553,18,103,716,1997.0,53696.0,0.0,1.470183,1.312167,BEL,IDN,0583
7554,24,103,716,1997.0,0.0,33689.0,-0.44965,-1.035584,BHR,IDN,0583
7555,32,103,716,1997.0,2630.0,0.0,0.805759,1.249182,BRA,IDN,0583
7556,34,103,716,1997.0,0.0,3941.0,-0.443665,-0.825732,BRN,IDN,0583
7557,41,103,716,1997.0,80242.0,0.0,2.327788,0.682804,CHE,IDN,0583
7558,43,103,716,1997.0,11982.0,28182.0,0.380294,2.389738,CHN,IDN,0583
7559,61,103,716,1997.0,16639.0,0.0,2.360316,-2.655514,DEU,IDN,0583
7560,71,103,716,1997.0,45986.0,0.0,1.068989,1.9429439999999998,ESP,IDN,0583
7561,77,103,716,1997.0,45674.0,0.0,1.6737630000000001,0.7499439999999999,FRA,IDN,0583
7562,81,103,716,1997.0,1078.0,0.0,1.9742490000000001,0.7046359999999999,GBR,IDN,0583
7563,97,103,716,1997.0,1813.0,12483.0,0.475945,1.7576919999999998,HKG,IDN,0583
7564,104,103,716,1997.0,23776.0,0.0,0.150788,2.027932,IND,IDN,0583
7565,114,103,716,1997.0,4148.0,23014.0,2.771316,0.545821,JPN,IDN,0583
7566,118,103,716,1997.0,0.0,2797.0,-1.3386770000000001,-1.2547110000000001,KHM,IDN,0583
7567,121,103,716,1997.0,1964.0,0.0,1.2642,1.164231,KOR,IDN,0583
7568,124,103,716,1997.0,0.0,23736.0,0.28229299999999996,1.0650549999999999,LBN,IDN,0583
7569,137,103,716,1997.0,0.0,1282.0,-1.0046620000000002,-1.0400340000000001,MDV,IDN,0583
7570,151,103,716,1997.0,0.0,3180.0,-0.42358999999999997,-0.680841,MUS,IDN,0583
7571,153,103,716,1997.0,23447.0,116081.0,0.526754,0.33065700000000003,MYS,IDN,0583
7572,162,103,716,1997.0,81178.0,27168.0,1.327106,1.520932,NLD,IDN,0583
7573,166,103,716,1997.0,204819.0,0.0,0.372052,0.764854,NZL,IDN,0583
7574,174,103,716,1997.0,11043.0,137492.0,0.044834,0.024782,PHL,IDN,0583
7575,192,103,716,1997.0,23395.0,59088.0,1.1946700000000001,0.30503600000000003,SGP,IDN,0583
7576,216,103,716,1997.0,44122.0,0.0,0.216402,1.366618,THA,IDN,0583
7577,224,103,716,1997.0,4205.0,0.0,0.154428,1.7573880000000002,TUR,IDN,0583
7578,231,103,716,1997.0,279006.0,5840.0,1.875847,0.46257299999999996,USA,IDN,0583
7579,239,103,716,1997.0,0.0,6915.0,-0.67516,0.251436,VNM,IDN,0583
7580,249,103,716,1997.0,17409.0,160608.0,1.557128,1.434424,TWN,IDN,0583
7581,7,106,716,1997.0,0.0,24596.0,-0.317351,-0.8786510000000001,ARE,IRL,0583
7582,8,106,716,1997.0,0.0,5713.0,0.072589,0.965456,ARG,IRL,0583
7583,18,106,716,1997.0,124025.0,36493.0,1.470183,1.312167,BEL,IRL,0583
7584,39,106,716,1997.0,0.0,79613.0,0.928586,1.3413389999999998,CAN,IRL,0583
7585,61,106,716,1997.0,19386.0,18420.0,2.360316,-2.655514,DEU,IRL,0583
7586,64,106,716,1997.0,515535.0,0.0,1.422606,1.395373,DNK,IRL,0583
7587,71,106,716,1997.0,303730.0,10136.0,1.068989,1.9429439999999998,ESP,IRL,0583
7588,77,106,716,1997.0,409411.0,40858.0,1.6737630000000001,0.7499439999999999,FRA,IRL,0583
7589,81,106,716,1997.0,5105070.0,3486661.0,1.9742490000000001,0.7046359999999999,GBR,IRL,0583
7590,90,106,716,1997.0,26843.0,0.0,0.225904,1.291959,GRC,IRL,0583
7591,102,106,716,1997.0,12790.0,0.0,0.9121799999999999,1.55321,HUN,IRL,0583
7592,104,106,716,1997.0,3410.0,0.0,0.150788,2.027932,IND,IRL,0583
7593,111,106,716,1997.0,26948.0,3945.0,1.596917,0.8313959999999999,ITA,IRL,0583
7594,114,106,716,1997.0,0.0,23922.0,2.771316,0.545821,JPN,IRL,0583
7595,124,106,716,1997.0,0.0,9506.0,0.28229299999999996,1.0650549999999999,LBN,IRL,0583
7596,142,106,716,1997.0,0.0,2677.0,1.1063180000000001,0.377209,MLT,IRL,0583
7597,159,106,716,1997.0,0.0,2695.0,-1.8354990000000002,-1.246493,NGA,IRL,0583
7598,162,106,716,1997.0,33075.0,0.0,1.327106,1.520932,NLD,IRL,0583
7599,177,106,716,1997.0,3245.0,0.0,0.8447319999999999,2.000241,POL,IRL,0583
7600,179,106,716,1997.0,0.0,8495.0,0.496633,1.025231,PRT,IRL,0583
7601,186,106,716,1997.0,0.0,37573.0,0.572773,0.375446,RUS,IRL,0583
7602,188,106,716,1997.0,0.0,152557.0,-0.300809,-1.0455,SAU,IRL,0583
7603,192,106,716,1997.0,0.0,6932.0,1.1946700000000001,0.30503600000000003,SGP,IRL,0583
7604,208,106,716,1997.0,0.0,25296.0,2.0806709999999997,0.9541219999999999,SWE,IRL,0583
7605,224,106,716,1997.0,330580.0,0.0,0.154428,1.7573880000000002,TUR,IRL,0583
7606,231,106,716,1997.0,3071.0,71476.0,1.875847,0.46257299999999996,USA,IRL,0583
7607,246,106,716,1997.0,0.0,1298.0,0.29381199999999996,1.276557,ZAF,IRL,0583
7608,8,110,716,1997.0,109694.0,3216.0,0.072589,0.965456,ARG,ISR,0583
7609,14,110,716,1997.0,216748.0,33505.0,-0.033861,0.647668,AUS,ISR,0583
7610,15,110,716,1997.0,79988.0,0.0,1.904005,0.445169,AUT,ISR,0583
7611,18,110,716,1997.0,21386.0,11825.0,1.470183,1.312167,BEL,ISR,0583
7612,23,110,716,1997.0,305791.0,0.0,0.523226,1.4133959999999999,BGR,ISR,0583
7613,32,110,716,1997.0,0.0,1027.0,0.805759,1.249182,BRA,ISR,0583
7614,39,110,716,1997.0,120324.0,63173.0,0.928586,1.3413389999999998,CAN,ISR,0583
7615,41,110,716,1997.0,466963.0,23858.0,2.327788,0.682804,CHE,ISR,0583
7616,43,110,716,1997.0,0.0,1526.0,0.380294,2.389738,CHN,ISR,0583
7617,52,110,716,1997.0,231029.0,0.0,-0.158667,0.204758,CRI,ISR,0583
7618,58,110,716,1997.0,16893.0,0.0,0.45144700000000004,0.46707600000000005,CYP,ISR,0583
7619,59,110,716,1997.0,64496.0,0.0,1.450452,1.031814,CZE,ISR,0583
7620,61,110,716,1997.0,117380.0,1055.0,2.360316,-2.655514,DEU,ISR,0583
7621,64,110,716,1997.0,96944.0,0.0,1.422606,1.395373,DNK,ISR,0583
7622,68,110,716,1997.0,20087.0,10134.0,-0.34861,0.005477,EGY,ISR,0583
7623,71,110,716,1997.0,38442.0,3763.0,1.068989,1.9429439999999998,ESP,ISR,0583
7624,77,110,716,1997.0,1242638.0,18173.0,1.6737630000000001,0.7499439999999999,FRA,ISR,0583
7625,81,110,716,1997.0,65718.0,64425.0,1.9742490000000001,0.7046359999999999,GBR,ISR,0583
7626,82,110,716,1997.0,0.0,6023.0,0.347408,0.106341,GEO,ISR,0583
7627,90,110,716,1997.0,282330.0,0.0,0.225904,1.291959,GRC,ISR,0583
7628,97,110,716,1997.0,0.0,1914.0,0.475945,1.7576919999999998,HKG,ISR,0583
7629,102,110,716,1997.0,0.0,1475.0,0.9121799999999999,1.55321,HUN,ISR,0583
7630,104,110,716,1997.0,194214.0,0.0,0.150788,2.027932,IND,ISR,0583
7631,111,110,716,1997.0,21188.0,14394.0,1.596917,0.8313959999999999,ITA,ISR,0583
7632,113,110,716,1997.0,0.0,1384.0,0.641787,0.484512,JOR,ISR,0583
7633,114,110,716,1997.0,5543.0,0.0,2.771316,0.545821,JPN,ISR,0583
7634,116,110,716,1997.0,0.0,13462.0,-0.363967,0.218183,KEN,ISR,0583
7635,117,110,716,1997.0,0.0,14000.0,0.063303,-0.014279,KGZ,ISR,0583
7636,130,110,716,1997.0,0.0,140478.0,0.360579,1.382816,LTU,ISR,0583
7637,138,110,716,1997.0,59972.0,1192.0,0.7735350000000001,0.9161590000000001,MEX,ISR,0583
7638,142,110,716,1997.0,20860.0,0.0,1.1063180000000001,0.377209,MLT,ISR,0583
7639,162,110,716,1997.0,14628.0,0.0,1.327106,1.520932,NLD,ISR,0583
7640,169,110,716,1997.0,0.0,1691.0,0.0038,0.036532999999999996,PAN,ISR,0583
7641,174,110,716,1997.0,3369.0,0.0,0.044834,0.024782,PHL,ISR,0583
7642,177,110,716,1997.0,238433.0,0.0,0.8447319999999999,2.000241,POL,ISR,0583
7643,185,110,716,1997.0,608407.0,4716.0,0.666251,1.31932,ROU,ISR,0583
7644,186,110,716,1997.0,0.0,36009.0,0.572773,0.375446,RUS,ISR,0583
7645,192,110,716,1997.0,0.0,1119.0,1.1946700000000001,0.30503600000000003,SGP,ISR,0583
7646,206,110,716,1997.0,26768.0,0.0,1.265691,1.368739,SVK,ISR,0583
7647,208,110,716,1997.0,13601.0,0.0,2.0806709999999997,0.9541219999999999,SWE,ISR,0583
7648,216,110,716,1997.0,11938.0,0.0,0.216402,1.366618,THA,ISR,0583
7649,224,110,716,1997.0,255704.0,0.0,0.154428,1.7573880000000002,TUR,ISR,0583
7650,228,110,716,1997.0,0.0,12376.0,0.7384539999999999,1.096947,UKR,ISR,0583
7651,231,110,716,1997.0,2061517.0,666025.0,1.875847,0.46257299999999996,USA,ISR,0583
7652,246,110,716,1997.0,919084.0,52949.0,0.29381199999999996,1.276557,ZAF,ISR,0583
7653,0,111,716,1997.0,0.0,1288.0,-1.338982,-0.866526,ABW,ITA,0583
7654,2,111,716,1997.0,0.0,25475.0,-1.800252,-1.237594,AGO,ITA,0583
7655,4,111,716,1997.0,0.0,18232.0,-0.375654,-0.124279,ALB,ITA,0583
7656,7,111,716,1997.0,0.0,441297.0,-0.317351,-0.8786510000000001,ARE,ITA,0583
7657,8,111,716,1997.0,44146.0,75008.0,0.072589,0.965456,ARG,ITA,0583
7658,14,111,716,1997.0,0.0,107100.0,-0.033861,0.647668,AUS,ITA,0583
7659,15,111,716,1997.0,1079333.0,2833080.0,1.904005,0.445169,AUT,ITA,0583
7660,18,111,716,1997.0,1563973.0,1147294.0,1.470183,1.312167,BEL,ITA,0583
7661,23,111,716,1997.0,0.0,31525.0,0.523226,1.4133959999999999,BGR,ITA,0583
7662,24,111,716,1997.0,0.0,10955.0,-0.44965,-1.035584,BHR,ITA,0583
7663,26,111,716,1997.0,0.0,35169.0,0.517231,0.321515,BIH,ITA,0583
7664,28,111,716,1997.0,0.0,57549.0,0.716832,0.706486,BLR,ITA,0583
7665,31,111,716,1997.0,0.0,1324.0,-0.765684,-0.796686,BOL,ITA,0583
7666,32,111,716,1997.0,2270.0,132393.0,0.805759,1.249182,BRA,ITA,0583
7667,39,111,716,1997.0,0.0,364182.0,0.928586,1.3413389999999998,CAN,ITA,0583
7668,41,111,716,1997.0,25618.0,648457.0,2.327788,0.682804,CHE,ITA,0583
7669,42,111,716,1997.0,0.0,60112.0,-0.06841799999999999,-0.21526199999999998,CHL,ITA,0583
7670,43,111,716,1997.0,4376.0,6500.0,0.380294,2.389738,CHN,ITA,0583
7671,44,111,716,1997.0,63842.0,11140.0,-0.647407,-0.603726,CIV,ITA,0583
7672,49,111,716,1997.0,0.0,21266.0,0.023456,0.057771,COL,ITA,0583
7673,54,111,716,1997.0,0.0,18872.0,-0.793234,-1.169625,CUB,ITA,0583
7674,58,111,716,1997.0,0.0,1044.0,0.45144700000000004,0.46707600000000005,CYP,ITA,0583
7675,59,111,716,1997.0,0.0,1277420.0,1.450452,1.031814,CZE,ITA,0583
7676,61,111,716,1997.0,1679331.0,23557018.0,2.360316,-2.655514,DEU,ITA,0583
7677,64,111,716,1997.0,240807.0,347545.0,1.422606,1.395373,DNK,ITA,0583
7678,66,111,716,1997.0,0.0,14858.0,-0.8557879999999999,-1.150101,DZA,ITA,0583
7679,67,111,716,1997.0,101147.0,1708.0,-1.124002,-1.0084549999999999,ECU,ITA,0583
7680,68,111,716,1997.0,2679.0,26943.0,-0.34861,0.005477,EGY,ITA,0583
7681,71,111,716,1997.0,2148540.0,1597747.0,1.068989,1.9429439999999998,ESP,ITA,0583
7682,73,111,716,1997.0,0.0,5280.0,-1.141928,-1.187119,ETH,ITA,0583
7683,74,111,716,1997.0,0.0,214374.0,1.991377,1.047477,FIN,ITA,0583
7684,77,111,716,1997.0,4448274.0,12423933.0,1.6737630000000001,0.7499439999999999,FRA,ITA,0583
7685,80,111,716,1997.0,0.0,1528.0,-1.277642,-1.178244,GAB,ITA,0583
7686,81,111,716,1997.0,1259969.0,4968856.0,1.9742490000000001,0.7046359999999999,GBR,ITA,0583
7687,82,111,716,1997.0,0.0,5008.0,0.347408,0.106341,GEO,ITA,0583
7688,83,111,716,1997.0,0.0,5628.0,-1.03989,-0.979039,GHA,ITA,0583
7689,85,111,716,1997.0,0.0,1193.0,-1.223583,-1.14157,GIN,ITA,0583
7690,90,111,716,1997.0,1162614.0,1279218.0,0.225904,1.291959,GRC,ITA,0583
7691,97,111,716,1997.0,0.0,67603.0,0.475945,1.7576919999999998,HKG,ITA,0583
7692,100,111,716,1997.0,0.0,232745.0,0.61283,1.321775,HRV,ITA,0583
7693,102,111,716,1997.0,1957.0,490475.0,0.9121799999999999,1.55321,HUN,ITA,0583
7694,104,111,716,1997.0,16888.0,0.0,0.150788,2.027932,IND,ITA,0583
7695,106,111,716,1997.0,3945.0,26948.0,1.579974,1.018361,IRL,ITA,0583
7696,109,111,716,1997.0,0.0,7941.0,0.33665700000000004,-0.42348,ISL,ITA,0583
7697,110,111,716,1997.0,14394.0,21188.0,1.404901,1.072135,ISR,ITA,0583
7698,113,111,716,1997.0,0.0,24651.0,0.641787,0.484512,JOR,ITA,0583
7699,114,111,716,1997.0,0.0,575229.0,2.771316,0.545821,JPN,ITA,0583
7700,116,111,716,1997.0,26631.0,0.0,-0.363967,0.218183,KEN,ITA,0583
7701,121,111,716,1997.0,0.0,50877.0,1.2642,1.164231,KOR,ITA,0583
7702,122,111,716,1997.0,0.0,110549.0,-1.0192139999999998,-1.193627,KWT,ITA,0583
7703,124,111,716,1997.0,0.0,34320.0,0.28229299999999996,1.0650549999999999,LBN,ITA,0583
7704,126,111,716,1997.0,0.0,82856.0,-0.662351,-1.1515309999999999,LBY,ITA,0583
7705,130,111,716,1997.0,0.0,2954.0,0.360579,1.382816,LTU,ITA,0583
7706,134,111,716,1997.0,0.0,177242.0,-0.635337,-0.336298,MAR,ITA,0583
7707,136,111,716,1997.0,0.0,3475.0,-1.090898,-0.605175,MDG,ITA,0583
7708,137,111,716,1997.0,0.0,4873.0,-1.0046620000000002,-1.0400340000000001,MDV,ITA,0583
7709,142,111,716,1997.0,0.0,365562.0,1.1063180000000001,0.377209,MLT,ITA,0583
7710,151,111,716,1997.0,0.0,1727.0,-0.42358999999999997,-0.680841,MUS,ITA,0583
7711,153,111,716,1997.0,6689.0,11216.0,0.526754,0.33065700000000003,MYS,ITA,0583
7712,159,111,716,1997.0,0.0,48687.0,-1.8354990000000002,-1.246493,NGA,ITA,0583
7713,162,111,716,1997.0,1012498.0,2270578.0,1.327106,1.520932,NLD,ITA,0583
7714,163,111,716,1997.0,0.0,116141.0,0.857735,0.061844,NOR,ITA,0583
7715,166,111,716,1997.0,0.0,2163.0,0.372052,0.764854,NZL,ITA,0583
7716,167,111,716,1997.0,0.0,306350.0,-0.233342,-0.9922049999999999,OMN,ITA,0583
7717,169,111,716,1997.0,0.0,1970.0,0.0038,0.036532999999999996,PAN,ITA,0583
7718,174,111,716,1997.0,28690.0,16188.0,0.044834,0.024782,PHL,ITA,0583
7719,177,111,716,1997.0,0.0,757039.0,0.8447319999999999,2.000241,POL,ITA,0583
7720,179,111,716,1997.0,5259.0,207560.0,0.496633,1.025231,PRT,ITA,0583
7721,182,111,716,1997.0,0.0,4190.0,0.431432,-0.5432020000000001,PYF,ITA,0583
7722,183,111,716,1997.0,0.0,17610.0,-1.1276760000000001,-1.233235,QAT,ITA,0583
7723,185,111,716,1997.0,0.0,474794.0,0.666251,1.31932,ROU,ITA,0583
7724,186,111,716,1997.0,0.0,374846.0,0.572773,0.375446,RUS,ITA,0583
7725,188,111,716,1997.0,0.0,411021.0,-0.300809,-1.0455,SAU,ITA,0583
7726,189,111,716,1997.0,0.0,130078.0,0.626724,1.7948549999999999,SCG,ITA,0583
7727,192,111,716,1997.0,0.0,34770.0,1.1946700000000001,0.30503600000000003,SGP,ITA,0583
7728,197,111,716,1997.0,0.0,9168.0,-0.069039,-0.094938,SLV,ITA,0583
7729,203,111,716,1997.0,0.0,4620.0,0.7727069999999999,-0.372289,STP,ITA,0583
7730,206,111,716,1997.0,0.0,9821.0,1.265691,1.368739,SVK,ITA,0583
7731,207,111,716,1997.0,40309.0,1644534.0,1.449492,1.253379,SVN,ITA,0583
7732,208,111,716,1997.0,48770.0,337050.0,2.0806709999999997,0.9541219999999999,SWE,ITA,0583
7733,212,111,716,1997.0,0.0,1450.0,-0.932127,-0.963823,SYR,ITA,0583
7734,216,111,716,1997.0,1770.0,47767.0,0.216402,1.366618,THA,ITA,0583
7735,223,111,716,1997.0,0.0,13216.0,-0.187276,-0.21877600000000003,TUN,ITA,0583
7736,224,111,716,1997.0,1163537.0,15292.0,0.154428,1.7573880000000002,TUR,ITA,0583
7737,226,111,716,1997.0,0.0,2276.0,-1.243443,-0.537161,TZA,ITA,0583
7738,228,111,716,1997.0,0.0,527195.0,0.7384539999999999,1.096947,UKR,ITA,0583
7739,230,111,716,1997.0,0.0,8909.0,0.080024,0.669226,URY,ITA,0583
7740,231,111,716,1997.0,974402.0,1163641.0,1.875847,0.46257299999999996,USA,ITA,0583
7741,232,111,716,1997.0,0.0,2646.0,-0.134113,-0.791415,UZB,ITA,0583
7742,236,111,716,1997.0,0.0,28423.0,-0.137776,-0.750744,VEN,ITA,0583
7743,246,111,716,1997.0,582995.0,5289.0,0.29381199999999996,1.276557,ZAF,ITA,0583
7744,249,111,716,1997.0,3538.0,16726.0,1.557128,1.434424,TWN,ITA,0583
7745,250,111,716,1997.0,0.0,1373.0,1.004537,0.782725,ANS,ITA,0583
7746,8,121,716,1997.0,66223.0,0.0,0.072589,0.965456,ARG,KOR,0583
7747,14,121,716,1997.0,57329.0,0.0,-0.033861,0.647668,AUS,KOR,0583
7748,18,121,716,1997.0,34707.0,0.0,1.470183,1.312167,BEL,KOR,0583
7749,22,121,716,1997.0,0.0,10508.0,-0.638734,-0.895301,BGD,KOR,0583
7750,32,121,716,1997.0,0.0,1290.0,0.805759,1.249182,BRA,KOR,0583
7751,41,121,716,1997.0,49979.0,0.0,2.327788,0.682804,CHE,KOR,0583
7752,43,121,716,1997.0,2025729.0,80160.0,0.380294,2.389738,CHN,KOR,0583
7753,61,121,716,1997.0,108879.0,0.0,2.360316,-2.655514,DEU,KOR,0583
7754,64,121,716,1997.0,95342.0,0.0,1.422606,1.395373,DNK,KOR,0583
7755,77,121,716,1997.0,507113.0,82663.0,1.6737630000000001,0.7499439999999999,FRA,KOR,0583
7756,81,121,716,1997.0,29845.0,0.0,1.9742490000000001,0.7046359999999999,GBR,KOR,0583
7757,97,121,716,1997.0,1408.0,252885.0,0.475945,1.7576919999999998,HKG,KOR,0583
7758,103,121,716,1997.0,0.0,1964.0,-0.21049600000000002,1.318692,IDN,KOR,0583
7759,104,121,716,1997.0,1473.0,0.0,0.150788,2.027932,IND,KOR,0583
7760,111,121,716,1997.0,50877.0,0.0,1.596917,0.8313959999999999,ITA,KOR,0583
7761,114,121,716,1997.0,10750.0,272594.0,2.771316,0.545821,JPN,KOR,0583
7762,126,121,716,1997.0,0.0,79305.0,-0.662351,-1.1515309999999999,LBY,KOR,0583
7763,153,121,716,1997.0,8801.0,0.0,0.526754,0.33065700000000003,MYS,KOR,0583
7764,162,121,716,1997.0,157880.0,0.0,1.327106,1.520932,NLD,KOR,0583
7765,166,121,716,1997.0,0.0,3654.0,0.372052,0.764854,NZL,KOR,0583
7766,167,121,716,1997.0,0.0,13356.0,-0.233342,-0.9922049999999999,OMN,KOR,0583
7767,174,121,716,1997.0,2697.0,2319.0,0.044834,0.024782,PHL,KOR,0583
7768,177,121,716,1997.0,12303.0,0.0,0.8447319999999999,2.000241,POL,KOR,0583
7769,186,121,716,1997.0,0.0,74166.0,0.572773,0.375446,RUS,KOR,0583
7770,192,121,716,1997.0,11390.0,6383.0,1.1946700000000001,0.30503600000000003,SGP,KOR,0583
7771,208,121,716,1997.0,1996.0,0.0,2.0806709999999997,0.9541219999999999,SWE,KOR,0583
7772,216,121,716,1997.0,0.0,24042.0,0.216402,1.366618,THA,KOR,0583
7773,228,121,716,1997.0,0.0,1432.0,0.7384539999999999,1.096947,UKR,KOR,0583
7774,231,121,716,1997.0,1878512.0,104575.0,1.875847,0.46257299999999996,USA,KOR,0583
7775,249,121,716,1997.0,28757.0,193819.0,1.557128,1.434424,TWN,KOR,0583
7776,7,124,716,1997.0,0.0,177062.0,-0.317351,-0.8786510000000001,ARE,LBN,0583
7777,14,124,716,1997.0,10110.0,50550.0,-0.033861,0.647668,AUS,LBN,0583
7778,18,124,716,1997.0,73000.0,0.0,1.470183,1.312167,BEL,LBN,0583
7779,19,124,716,1997.0,0.0,1700.0,-1.357169,-1.089711,BEN,LBN,0583
7780,21,124,716,1997.0,0.0,2310.0,-0.329098,-0.885215,BFA,LBN,0583
7781,23,124,716,1997.0,10186.0,0.0,0.523226,1.4133959999999999,BGR,LBN,0583
7782,24,124,716,1997.0,0.0,13073.0,-0.44965,-1.035584,BHR,LBN,0583
7783,32,124,716,1997.0,0.0,90777.0,0.805759,1.249182,BRA,LBN,0583
7784,39,124,716,1997.0,16354.0,147462.0,0.928586,1.3413389999999998,CAN,LBN,0583
7785,41,124,716,1997.0,14947.0,3128.0,2.327788,0.682804,CHE,LBN,0583
7786,42,124,716,1997.0,0.0,8245.0,-0.06841799999999999,-0.21526199999999998,CHL,LBN,0583
7787,44,124,716,1997.0,0.0,9580.0,-0.647407,-0.603726,CIV,LBN,0583
7788,49,124,716,1997.0,13973.0,0.0,0.023456,0.057771,COL,LBN,0583
7789,52,124,716,1997.0,77327.0,0.0,-0.158667,0.204758,CRI,LBN,0583
7790,58,124,716,1997.0,8378.0,0.0,0.45144700000000004,0.46707600000000005,CYP,LBN,0583
7791,61,124,716,1997.0,42491.0,7193.0,2.360316,-2.655514,DEU,LBN,0583
7792,64,124,716,1997.0,0.0,3920.0,1.422606,1.395373,DNK,LBN,0583
7793,68,124,716,1997.0,156762.0,1469.0,-0.34861,0.005477,EGY,LBN,0583
7794,71,124,716,1997.0,0.0,1074.0,1.068989,1.9429439999999998,ESP,LBN,0583
7795,77,124,716,1997.0,304509.0,14103.0,1.6737630000000001,0.7499439999999999,FRA,LBN,0583
7796,80,124,716,1997.0,0.0,1121.0,-1.277642,-1.178244,GAB,LBN,0583
7797,81,124,716,1997.0,104042.0,5574.0,1.9742490000000001,0.7046359999999999,GBR,LBN,0583
7798,83,124,716,1997.0,0.0,2165.0,-1.03989,-0.979039,GHA,LBN,0583
7799,85,124,716,1997.0,0.0,10684.0,-1.223583,-1.14157,GIN,LBN,0583
7800,90,124,716,1997.0,6540.0,21420.0,0.225904,1.291959,GRC,LBN,0583
7801,103,124,716,1997.0,23736.0,0.0,-0.21049600000000002,1.318692,IDN,LBN,0583
7802,104,124,716,1997.0,481792.0,0.0,0.150788,2.027932,IND,LBN,0583
7803,106,124,716,1997.0,9506.0,0.0,1.579974,1.018361,IRL,LBN,0583
7804,107,124,716,1997.0,18616.0,0.0,-0.8911190000000001,-1.085849,IRN,LBN,0583
7805,111,124,716,1997.0,34320.0,0.0,1.596917,0.8313959999999999,ITA,LBN,0583
7806,113,124,716,1997.0,40226.0,135714.0,0.641787,0.484512,JOR,LBN,0583
7807,122,124,716,1997.0,0.0,58995.0,-1.0192139999999998,-1.193627,KWT,LBN,0583
7808,125,124,716,1997.0,0.0,2595.0,-0.77544,-1.122642,LBR,LBN,0583
7809,138,124,716,1997.0,12466.0,0.0,0.7735350000000001,0.9161590000000001,MEX,LBN,0583
7810,142,124,716,1997.0,5081.0,0.0,1.1063180000000001,0.377209,MLT,LBN,0583
7811,162,124,716,1997.0,78254.0,0.0,1.327106,1.520932,NLD,LBN,0583
7812,166,124,716,1997.0,0.0,5008.0,0.372052,0.764854,NZL,LBN,0583
7813,174,124,716,1997.0,1801.0,0.0,0.044834,0.024782,PHL,LBN,0583
7814,183,124,716,1997.0,0.0,5190.0,-1.1276760000000001,-1.233235,QAT,LBN,0583
7815,185,124,716,1997.0,28826.0,3939.0,0.666251,1.31932,ROU,LBN,0583
7816,188,124,716,1997.0,0.0,662506.0,-0.300809,-1.0455,SAU,LBN,0583
7817,191,124,716,1997.0,0.0,2856.0,-0.660837,-0.768874,SEN,LBN,0583
7818,208,124,716,1997.0,0.0,16131.0,2.0806709999999997,0.9541219999999999,SWE,LBN,0583
7819,212,124,716,1997.0,3021309.0,1650.0,-0.932127,-0.963823,SYR,LBN,0583
7820,224,124,716,1997.0,2078.0,0.0,0.154428,1.7573880000000002,TUR,LBN,0583
7821,226,124,716,1997.0,0.0,1308.0,-1.243443,-0.537161,TZA,LBN,0583
7822,228,124,716,1997.0,0.0,1465.0,0.7384539999999999,1.096947,UKR,LBN,0583
7823,231,124,716,1997.0,32182.0,233238.0,1.875847,0.46257299999999996,USA,LBN,0583
7824,236,124,716,1997.0,0.0,7598.0,-0.137776,-0.750744,VEN,LBN,0583
7825,243,124,716,1997.0,0.0,3243.0,-1.665484,-1.292243,YEM,LBN,0583
7826,247,124,716,1997.0,0.0,1181.0,-0.8659309999999999,-0.88536,ZMB,LBN,0583
7827,250,124,716,1997.0,1805.0,31483.0,1.004537,0.782725,ANS,LBN,0583
7828,15,130,716,1997.0,2958.0,0.0,1.904005,0.445169,AUT,LTU,0583
7829,18,130,716,1997.0,9376.0,0.0,1.470183,1.312167,BEL,LTU,0583
7830,59,130,716,1997.0,83753.0,0.0,1.450452,1.031814,CZE,LTU,0583
7831,61,130,716,1997.0,53850.0,0.0,2.360316,-2.655514,DEU,LTU,0583
7832,64,130,716,1997.0,25368.0,0.0,1.422606,1.395373,DNK,LTU,0583
7833,71,130,716,1997.0,6192.0,0.0,1.068989,1.9429439999999998,ESP,LTU,0583
7834,72,130,716,1997.0,39643.0,7682.0,0.45792,1.148099,EST,LTU,0583
7835,74,130,716,1997.0,80386.0,0.0,1.991377,1.047477,FIN,LTU,0583
7836,77,130,716,1997.0,27569.0,0.0,1.6737630000000001,0.7499439999999999,FRA,LTU,0583
7837,81,130,716,1997.0,19918.0,12575.0,1.9742490000000001,0.7046359999999999,GBR,LTU,0583
7838,90,130,716,1997.0,21104.0,0.0,0.225904,1.291959,GRC,LTU,0583
7839,102,130,716,1997.0,32025.0,0.0,0.9121799999999999,1.55321,HUN,LTU,0583
7840,110,130,716,1997.0,140478.0,0.0,1.404901,1.072135,ISR,LTU,0583
7841,111,130,716,1997.0,2954.0,0.0,1.596917,0.8313959999999999,ITA,LTU,0583
7842,132,130,716,1997.0,120687.0,100843.0,0.332958,0.51665,LVA,LTU,0583
7843,135,130,716,1997.0,2903.0,0.0,0.14225,-0.250556,MDA,LTU,0583
7844,162,130,716,1997.0,6639.0,0.0,1.327106,1.520932,NLD,LTU,0583
7845,177,130,716,1997.0,106982.0,0.0,0.8447319999999999,2.000241,POL,LTU,0583
7846,186,130,716,1997.0,3029.0,48185.0,0.572773,0.375446,RUS,LTU,0583
7847,206,130,716,1997.0,5901.0,0.0,1.265691,1.368739,SVK,LTU,0583
7848,207,130,716,1997.0,11096.0,0.0,1.449492,1.253379,SVN,LTU,0583
7849,208,130,716,1997.0,16118.0,0.0,2.0806709999999997,0.9541219999999999,SWE,LTU,0583
7850,14,138,716,1997.0,0.0,91712.0,-0.033861,0.647668,AUS,MEX,0583
7851,15,138,716,1997.0,23220.0,0.0,1.904005,0.445169,AUT,MEX,0583
7852,29,138,716,1997.0,0.0,12654.0,-0.640252,-0.833937,BLZ,MEX,0583
7853,39,138,716,1997.0,1737.0,100583.0,0.928586,1.3413389999999998,CAN,MEX,0583
7854,41,138,716,1997.0,99616.0,10184.0,2.327788,0.682804,CHE,MEX,0583
7855,42,138,716,1997.0,3469843.0,45897.0,-0.06841799999999999,-0.21526199999999998,CHL,MEX,0583
7856,49,138,716,1997.0,0.0,500189.0,0.023456,0.057771,COL,MEX,0583
7857,51,138,716,1997.0,0.0,6597.0,1.1987079999999999,0.084231,CPV,MEX,0583
7858,52,138,716,1997.0,0.0,73813.0,-0.158667,0.204758,CRI,MEX,0583
7859,54,138,716,1997.0,0.0,110349.0,-0.793234,-1.169625,CUB,MEX,0583
7860,61,138,716,1997.0,3565.0,3611.0,2.360316,-2.655514,DEU,MEX,0583
7861,67,138,716,1997.0,0.0,76005.0,-1.124002,-1.0084549999999999,ECU,MEX,0583
7862,71,138,716,1997.0,21936.0,0.0,1.068989,1.9429439999999998,ESP,MEX,0583
7863,77,138,716,1997.0,64491.0,52932.0,1.6737630000000001,0.7499439999999999,FRA,MEX,0583
7864,81,138,716,1997.0,16014.0,0.0,1.9742490000000001,0.7046359999999999,GBR,MEX,0583
7865,93,138,716,1997.0,2414.0,26312.0,-0.17965,0.23698200000000003,GTM,MEX,0583
7866,99,138,716,1997.0,8589.0,38287.0,-0.7449319999999999,-0.50008,HND,MEX,0583
7867,110,138,716,1997.0,1192.0,59972.0,1.404901,1.072135,ISR,MEX,0583
7868,114,138,716,1997.0,0.0,189442.0,2.771316,0.545821,JPN,MEX,0583
7869,124,138,716,1997.0,0.0,12466.0,0.28229299999999996,1.0650549999999999,LBN,MEX,0583
7870,153,138,716,1997.0,0.0,6431.0,0.526754,0.33065700000000003,MYS,MEX,0583
7871,160,138,716,1997.0,0.0,4933.0,-0.699387,-0.460178,NIC,MEX,0583
7872,162,138,716,1997.0,0.0,178413.0,1.327106,1.520932,NLD,MEX,0583
7873,166,138,716,1997.0,0.0,1313.0,0.372052,0.764854,NZL,MEX,0583
7874,169,138,716,1997.0,0.0,3472.0,0.0038,0.036532999999999996,PAN,MEX,0583
7875,186,138,716,1997.0,0.0,20124.0,0.572773,0.375446,RUS,MEX,0583
7876,197,138,716,1997.0,0.0,22043.0,-0.069039,-0.094938,SLV,MEX,0583
7877,231,138,716,1997.0,4291058.0,1691679.0,1.875847,0.46257299999999996,USA,MEX,0583
7878,236,138,716,1997.0,0.0,2945.0,-0.137776,-0.750744,VEN,MEX,0583
7879,7,153,716,1997.0,0.0,92418.0,-0.317351,-0.8786510000000001,ARE,MYS,0583
7880,8,153,716,1997.0,0.0,59398.0,0.072589,0.965456,ARG,MYS,0583
7881,14,153,716,1997.0,650433.0,88449.0,-0.033861,0.647668,AUS,MYS,0583
7882,18,153,716,1997.0,250601.0,0.0,1.470183,1.312167,BEL,MYS,0583
7883,22,153,716,1997.0,0.0,7842.0,-0.638734,-0.895301,BGD,MYS,0583
7884,24,153,716,1997.0,0.0,10683.0,-0.44965,-1.035584,BHR,MYS,0583
7885,32,153,716,1997.0,0.0,20623.0,0.805759,1.249182,BRA,MYS,0583
7886,34,153,716,1997.0,0.0,218995.0,-0.443665,-0.825732,BRN,MYS,0583
7887,39,153,716,1997.0,36885.0,28031.0,0.928586,1.3413389999999998,CAN,MYS,0583
7888,41,153,716,1997.0,305876.0,0.0,2.327788,0.682804,CHE,MYS,0583
7889,42,153,716,1997.0,0.0,19716.0,-0.06841799999999999,-0.21526199999999998,CHL,MYS,0583
7890,43,153,716,1997.0,407160.0,8754.0,0.380294,2.389738,CHN,MYS,0583
7891,52,153,716,1997.0,0.0,14446.0,-0.158667,0.204758,CRI,MYS,0583
7892,61,153,716,1997.0,98980.0,308864.0,2.360316,-2.655514,DEU,MYS,0583
7893,64,153,716,1997.0,39317.0,0.0,1.422606,1.395373,DNK,MYS,0583
7894,66,153,716,1997.0,0.0,10524.0,-0.8557879999999999,-1.150101,DZA,MYS,0583
7895,71,153,716,1997.0,14908.0,0.0,1.068989,1.9429439999999998,ESP,MYS,0583
7896,77,153,716,1997.0,240792.0,99134.0,1.6737630000000001,0.7499439999999999,FRA,MYS,0583
7897,81,153,716,1997.0,767296.0,10574.0,1.9742490000000001,0.7046359999999999,GBR,MYS,0583
7898,82,153,716,1997.0,0.0,9943.0,0.347408,0.106341,GEO,MYS,0583
7899,90,153,716,1997.0,3280.0,8396.0,0.225904,1.291959,GRC,MYS,0583
7900,97,153,716,1997.0,126281.0,251005.0,0.475945,1.7576919999999998,HKG,MYS,0583
7901,103,153,716,1997.0,116081.0,23447.0,-0.21049600000000002,1.318692,IDN,MYS,0583
7902,104,153,716,1997.0,348762.0,36137.0,0.150788,2.027932,IND,MYS,0583
7903,107,153,716,1997.0,0.0,22473.0,-0.8911190000000001,-1.085849,IRN,MYS,0583
7904,111,153,716,1997.0,11216.0,6689.0,1.596917,0.8313959999999999,ITA,MYS,0583
7905,113,153,716,1997.0,0.0,5221.0,0.641787,0.484512,JOR,MYS,0583
7906,114,153,716,1997.0,118470.0,2741.0,2.771316,0.545821,JPN,MYS,0583
7907,121,153,716,1997.0,0.0,8801.0,1.2642,1.164231,KOR,MYS,0583
7908,122,153,716,1997.0,0.0,30528.0,-1.0192139999999998,-1.193627,KWT,MYS,0583
7909,128,153,716,1997.0,0.0,24487.0,-0.6467470000000001,-0.27831300000000003,LKA,MYS,0583
7910,133,153,716,1997.0,0.0,57286.0,-0.061292,-0.44707399999999997,MAC,MYS,0583
7911,137,153,716,1997.0,0.0,21926.0,-1.0046620000000002,-1.0400340000000001,MDV,MYS,0583
7912,138,153,716,1997.0,6431.0,0.0,0.7735350000000001,0.9161590000000001,MEX,MYS,0583
7913,143,153,716,1997.0,8637.0,54980.0,-1.222694,-0.9493,MMR,MYS,0583
7914,151,153,716,1997.0,0.0,79323.0,-0.42358999999999997,-0.680841,MUS,MYS,0583
7915,162,153,716,1997.0,87551.0,232519.0,1.327106,1.520932,NLD,MYS,0583
7916,163,153,716,1997.0,0.0,3812.0,0.857735,0.061844,NOR,MYS,0583
7917,166,153,716,1997.0,293224.0,11725.0,0.372052,0.764854,NZL,MYS,0583
7918,167,153,716,1997.0,0.0,4519.0,-0.233342,-0.9922049999999999,OMN,MYS,0583
7919,168,153,716,1997.0,0.0,17547.0,-0.844282,-0.602616,PAK,MYS,0583
7920,174,153,716,1997.0,237787.0,0.0,0.044834,0.024782,PHL,MYS,0583
7921,176,153,716,1997.0,0.0,21133.0,-1.960463,-1.270168,PNG,MYS,0583
7922,179,153,716,1997.0,0.0,19114.0,0.496633,1.025231,PRT,MYS,0583
7923,185,153,716,1997.0,0.0,7717.0,0.666251,1.31932,ROU,MYS,0583
7924,186,153,716,1997.0,0.0,7699.0,0.572773,0.375446,RUS,MYS,0583
7925,188,153,716,1997.0,0.0,262698.0,-0.300809,-1.0455,SAU,MYS,0583
7926,192,153,716,1997.0,204412.0,1019480.0,1.1946700000000001,0.30503600000000003,SGP,MYS,0583
7927,208,153,716,1997.0,0.0,11180.0,2.0806709999999997,0.9541219999999999,SWE,MYS,0583
7928,216,153,716,1997.0,996684.0,33672.0,0.216402,1.366618,THA,MYS,0583
7929,224,153,716,1997.0,22348.0,0.0,0.154428,1.7573880000000002,TUR,MYS,0583
7930,230,153,716,1997.0,0.0,13138.0,0.080024,0.669226,URY,MYS,0583
7931,231,153,716,1997.0,753528.0,127894.0,1.875847,0.46257299999999996,USA,MYS,0583
7932,239,153,716,1997.0,32188.0,3746.0,-0.67516,0.251436,VNM,MYS,0583
7933,243,153,716,1997.0,0.0,20104.0,-1.665484,-1.292243,YEM,MYS,0583
7934,246,153,716,1997.0,1019.0,18721.0,0.29381199999999996,1.276557,ZAF,MYS,0583
7935,249,153,716,1997.0,104359.0,141627.0,1.557128,1.434424,TWN,MYS,0583
7936,250,153,716,1997.0,0.0,18473.0,1.004537,0.782725,ANS,MYS,0583
7937,0,162,716,1997.0,0.0,39822.0,-1.338982,-0.866526,ABW,NLD,0583
7938,2,162,716,1997.0,0.0,56995.0,-1.800252,-1.237594,AGO,NLD,0583
7939,6,162,716,1997.0,0.0,156072.0,-0.027541000000000003,-0.56389,ANT,NLD,0583
7940,7,162,716,1997.0,0.0,1977091.0,-0.317351,-0.8786510000000001,ARE,NLD,0583
7941,8,162,716,1997.0,660195.0,0.0,0.072589,0.965456,ARG,NLD,0583
7942,14,162,716,1997.0,60176.0,73502.0,-0.033861,0.647668,AUS,NLD,0583
7943,15,162,716,1997.0,20230.0,26137.0,1.904005,0.445169,AUT,NLD,0583
7944,16,162,716,1997.0,0.0,9239.0,0.28532199999999996,-0.00025299999999999997,AZE,NLD,0583
7945,18,162,716,1997.0,16919936.0,16016758.0,1.470183,1.312167,BEL,NLD,0583
7946,22,162,716,1997.0,0.0,7401.0,-0.638734,-0.895301,BGD,NLD,0583
7947,23,162,716,1997.0,36297.0,13431.0,0.523226,1.4133959999999999,BGR,NLD,0583
7948,24,162,716,1997.0,0.0,231854.0,-0.44965,-1.035584,BHR,NLD,0583
7949,26,162,716,1997.0,0.0,2106.0,0.517231,0.321515,BIH,NLD,0583
7950,32,162,716,1997.0,4971.0,22226.0,0.805759,1.249182,BRA,NLD,0583
7951,34,162,716,1997.0,0.0,1317.0,-0.443665,-0.825732,BRN,NLD,0583
7952,39,162,716,1997.0,0.0,34864.0,0.928586,1.3413389999999998,CAN,NLD,0583
7953,41,162,716,1997.0,6336.0,146899.0,2.327788,0.682804,CHE,NLD,0583
7954,42,162,716,1997.0,273953.0,74196.0,-0.06841799999999999,-0.21526199999999998,CHL,NLD,0583
7955,43,162,716,1997.0,2781.0,5205.0,0.380294,2.389738,CHN,NLD,0583
7956,45,162,716,1997.0,0.0,15887.0,-1.0663340000000001,-1.047091,CMR,NLD,0583
7957,49,162,716,1997.0,11866.0,0.0,0.023456,0.057771,COL,NLD,0583
7958,51,162,716,1997.0,0.0,9703.0,1.1987079999999999,0.084231,CPV,NLD,0583
7959,52,162,716,1997.0,8154076.0,0.0,-0.158667,0.204758,CRI,NLD,0583
7960,58,162,716,1997.0,0.0,71029.0,0.45144700000000004,0.46707600000000005,CYP,NLD,0583
7961,59,162,716,1997.0,3427.0,56081.0,1.450452,1.031814,CZE,NLD,0583
7962,61,162,716,1997.0,10559531.0,17470684.0,2.360316,-2.655514,DEU,NLD,0583
7963,64,162,716,1997.0,827561.0,376186.0,1.422606,1.395373,DNK,NLD,0583
7964,67,162,716,1997.0,878367.0,0.0,-1.124002,-1.0084549999999999,ECU,NLD,0583
7965,68,162,716,1997.0,0.0,11797.0,-0.34861,0.005477,EGY,NLD,0583
7966,71,162,716,1997.0,443722.0,409907.0,1.068989,1.9429439999999998,ESP,NLD,0583
7967,72,162,716,1997.0,0.0,13263.0,0.45792,1.148099,EST,NLD,0583
7968,73,162,716,1997.0,0.0,8455.0,-1.141928,-1.187119,ETH,NLD,0583
7969,74,162,716,1997.0,1743.0,149902.0,1.991377,1.047477,FIN,NLD,0583
7970,75,162,716,1997.0,2470.0,0.0,-0.8839090000000001,-0.9493540000000001,FJI,NLD,0583
7971,77,162,716,1997.0,5309364.0,6809182.0,1.6737630000000001,0.7499439999999999,FRA,NLD,0583
7972,78,162,716,1997.0,0.0,3878.0,-0.530698,-0.7939109999999999,FRO,NLD,0583
7973,81,162,716,1997.0,2212488.0,1146283.0,1.9742490000000001,0.7046359999999999,GBR,NLD,0583
7974,82,162,716,1997.0,0.0,3600.0,0.347408,0.106341,GEO,NLD,0583
7975,83,162,716,1997.0,0.0,5134.0,-1.03989,-0.979039,GHA,NLD,0583
7976,87,162,716,1997.0,0.0,7469.0,-0.686094,-0.8130609999999999,GMB,NLD,0583
7977,90,162,716,1997.0,200385.0,444660.0,0.225904,1.291959,GRC,NLD,0583
7978,92,162,716,1997.0,0.0,3017.0,-0.7822520000000001,-0.906492,GRL,NLD,0583
7979,93,162,716,1997.0,259185.0,0.0,-0.17965,0.23698200000000003,GTM,NLD,0583
7980,97,162,716,1997.0,0.0,34318.0,0.475945,1.7576919999999998,HKG,NLD,0583
7981,99,162,716,1997.0,1373243.0,0.0,-0.7449319999999999,-0.50008,HND,NLD,0583
7982,100,162,716,1997.0,3807.0,61639.0,0.61283,1.321775,HRV,NLD,0583
7983,102,162,716,1997.0,0.0,12261.0,0.9121799999999999,1.55321,HUN,NLD,0583
7984,103,162,716,1997.0,27168.0,81178.0,-0.21049600000000002,1.318692,IDN,NLD,0583
7985,104,162,716,1997.0,1728893.0,9292.0,0.150788,2.027932,IND,NLD,0583
7986,106,162,716,1997.0,0.0,33075.0,1.579974,1.018361,IRL,NLD,0583
7987,109,162,716,1997.0,0.0,15786.0,0.33665700000000004,-0.42348,ISL,NLD,0583
7988,110,162,716,1997.0,0.0,14628.0,1.404901,1.072135,ISR,NLD,0583
7989,111,162,716,1997.0,2270578.0,1012498.0,1.596917,0.8313959999999999,ITA,NLD,0583
7990,112,162,716,1997.0,54444.0,0.0,-0.6338739999999999,-0.838622,JAM,NLD,0583
7991,113,162,716,1997.0,0.0,21904.0,0.641787,0.484512,JOR,NLD,0583
7992,114,162,716,1997.0,14981.0,483365.0,2.771316,0.545821,JPN,NLD,0583
7993,115,162,716,1997.0,0.0,16004.0,0.302596,-0.028221,KAZ,NLD,0583
7994,116,162,716,1997.0,0.0,2075.0,-0.363967,0.218183,KEN,NLD,0583
7995,121,162,716,1997.0,0.0,157880.0,1.2642,1.164231,KOR,NLD,0583
7996,122,162,716,1997.0,0.0,671540.0,-1.0192139999999998,-1.193627,KWT,NLD,0583
7997,124,162,716,1997.0,0.0,78254.0,0.28229299999999996,1.0650549999999999,LBN,NLD,0583
7998,125,162,716,1997.0,0.0,11460.0,-0.77544,-1.122642,LBR,NLD,0583
7999,126,162,716,1997.0,0.0,4618.0,-0.662351,-1.1515309999999999,LBY,NLD,0583
8000,130,162,716,1997.0,0.0,6639.0,0.360579,1.382816,LTU,NLD,0583
8001,132,162,716,1997.0,0.0,22136.0,0.332958,0.51665,LVA,NLD,0583
8002,133,162,716,1997.0,0.0,3585.0,-0.061292,-0.44707399999999997,MAC,NLD,0583
8003,134,162,716,1997.0,0.0,2210.0,-0.635337,-0.336298,MAR,NLD,0583
8004,137,162,716,1997.0,0.0,24670.0,-1.0046620000000002,-1.0400340000000001,MDV,NLD,0583
8005,138,162,716,1997.0,178413.0,0.0,0.7735350000000001,0.9161590000000001,MEX,NLD,0583
8006,142,162,716,1997.0,0.0,65484.0,1.1063180000000001,0.377209,MLT,NLD,0583
8007,147,162,716,1997.0,0.0,7004.0,-0.6075229999999999,-0.870957,MOZ,NLD,0583
8008,153,162,716,1997.0,232519.0,87551.0,0.526754,0.33065700000000003,MYS,NLD,0583
8009,159,162,716,1997.0,0.0,232940.0,-1.8354990000000002,-1.246493,NGA,NLD,0583
8010,163,162,716,1997.0,53164.0,17319.0,0.857735,0.061844,NOR,NLD,0583
8011,166,162,716,1997.0,0.0,1879.0,0.372052,0.764854,NZL,NLD,0583
8012,167,162,716,1997.0,0.0,295532.0,-0.233342,-0.9922049999999999,OMN,NLD,0583
8013,168,162,716,1997.0,0.0,69290.0,-0.844282,-0.602616,PAK,NLD,0583
8014,174,162,716,1997.0,5263.0,19957.0,0.044834,0.024782,PHL,NLD,0583
8015,177,162,716,1997.0,85251.0,41999.0,0.8447319999999999,2.000241,POL,NLD,0583
8016,179,162,716,1997.0,0.0,530110.0,0.496633,1.025231,PRT,NLD,0583
8017,183,162,716,1997.0,0.0,373505.0,-1.1276760000000001,-1.233235,QAT,NLD,0583
8018,185,162,716,1997.0,0.0,10223.0,0.666251,1.31932,ROU,NLD,0583
8019,186,162,716,1997.0,0.0,407635.0,0.572773,0.375446,RUS,NLD,0583
8020,188,162,716,1997.0,0.0,1392375.0,-0.300809,-1.0455,SAU,NLD,0583
8021,189,162,716,1997.0,148444.0,14470.0,0.626724,1.7948549999999999,SCG,NLD,0583
8022,190,162,716,1997.0,0.0,5495.0,-1.248538,-1.197904,SDN,NLD,0583
8023,192,162,716,1997.0,11148.0,89805.0,1.1946700000000001,0.30503600000000003,SGP,NLD,0583
8024,196,162,716,1997.0,0.0,4164.0,-0.279858,-0.632066,SLE,NLD,0583
8025,205,162,716,1997.0,2135.0,44060.0,-1.125928,-0.980981,SUR,NLD,0583
8026,207,162,716,1997.0,0.0,12002.0,1.449492,1.253379,SVN,NLD,0583
8027,208,162,716,1997.0,20879.0,143237.0,2.0806709999999997,0.9541219999999999,SWE,NLD,0583
8028,211,162,716,1997.0,0.0,21373.0,-0.547613,-0.8543209999999999,SYC,NLD,0583
8029,212,162,716,1997.0,0.0,1540.0,-0.932127,-0.963823,SYR,NLD,0583
8030,216,162,716,1997.0,18553.0,56464.0,0.216402,1.366618,THA,NLD,0583
8031,224,162,716,1997.0,3841632.0,1911.0,0.154428,1.7573880000000002,TUR,NLD,0583
8032,228,162,716,1997.0,0.0,8074.0,0.7384539999999999,1.096947,UKR,NLD,0583
8033,231,162,716,1997.0,68049.0,1026408.0,1.875847,0.46257299999999996,USA,NLD,0583
8034,232,162,716,1997.0,0.0,3592.0,-0.134113,-0.791415,UZB,NLD,0583
8035,236,162,716,1997.0,107717.0,1624.0,-0.137776,-0.750744,VEN,NLD,0583
8036,243,162,716,1997.0,0.0,57603.0,-1.665484,-1.292243,YEM,NLD,0583
8037,246,162,716,1997.0,1201161.0,7649.0,0.29381199999999996,1.276557,ZAF,NLD,0583
8038,249,162,716,1997.0,5761.0,23881.0,1.557128,1.434424,TWN,NLD,0583
8039,250,162,716,1997.0,0.0,4102.0,1.004537,0.782725,ANS,NLD,0583
8040,15,163,716,1997.0,166856.0,0.0,1.904005,0.445169,AUT,NOR,0583
8041,18,163,716,1997.0,1493.0,2439.0,1.470183,1.312167,BEL,NOR,0583
8042,26,163,716,1997.0,0.0,6115.0,0.517231,0.321515,BIH,NOR,0583
8043,32,163,716,1997.0,0.0,1453.0,0.805759,1.249182,BRA,NOR,0583
8044,41,163,716,1997.0,1648734.0,4004.0,2.327788,0.682804,CHE,NOR,0583
8045,61,163,716,1997.0,9294.0,5561.0,2.360316,-2.655514,DEU,NOR,0583
8046,64,163,716,1997.0,184411.0,97917.0,1.422606,1.395373,DNK,NOR,0583
8047,71,163,716,1997.0,76530.0,3542.0,1.068989,1.9429439999999998,ESP,NOR,0583
8048,72,163,716,1997.0,1118.0,38800.0,0.45792,1.148099,EST,NOR,0583
8049,74,163,716,1997.0,14071.0,14955.0,1.991377,1.047477,FIN,NOR,0583
8050,77,163,716,1997.0,142497.0,9497.0,1.6737630000000001,0.7499439999999999,FRA,NOR,0583
8051,78,163,716,1997.0,0.0,5004.0,-0.530698,-0.7939109999999999,FRO,NOR,0583
8052,81,163,716,1997.0,127222.0,23764.0,1.9742490000000001,0.7046359999999999,GBR,NOR,0583
8053,109,163,716,1997.0,0.0,28380.0,0.33665700000000004,-0.42348,ISL,NOR,0583
8054,111,163,716,1997.0,116141.0,0.0,1.596917,0.8313959999999999,ITA,NOR,0583
8055,132,163,716,1997.0,0.0,3892.0,0.332958,0.51665,LVA,NOR,0583
8056,153,163,716,1997.0,3812.0,0.0,0.526754,0.33065700000000003,MYS,NOR,0583
8057,162,163,716,1997.0,17319.0,53164.0,1.327106,1.520932,NLD,NOR,0583
8058,177,163,716,1997.0,8176.0,1206.0,0.8447319999999999,2.000241,POL,NOR,0583
8059,179,163,716,1997.0,3414.0,0.0,0.496633,1.025231,PRT,NOR,0583
8060,186,163,716,1997.0,0.0,5738.0,0.572773,0.375446,RUS,NOR,0583
8061,192,163,716,1997.0,0.0,4145.0,1.1946700000000001,0.30503600000000003,SGP,NOR,0583
8062,208,163,716,1997.0,48960.0,360956.0,2.0806709999999997,0.9541219999999999,SWE,NOR,0583
8063,216,163,716,1997.0,5889.0,0.0,0.216402,1.366618,THA,NOR,0583
8064,224,163,716,1997.0,4779.0,0.0,0.154428,1.7573880000000002,TUR,NOR,0583
8065,228,163,716,1997.0,0.0,1285.0,0.7384539999999999,1.096947,UKR,NOR,0583
8066,231,163,716,1997.0,1995.0,39768.0,1.875847,0.46257299999999996,USA,NOR,0583
8067,246,163,716,1997.0,0.0,1106.0,0.29381199999999996,1.276557,ZAF,NOR,0583
8068,249,163,716,1997.0,2320.0,0.0,1.557128,1.434424,TWN,NOR,0583
8069,7,166,716,1997.0,0.0,11468.0,-0.317351,-0.8786510000000001,ARE,NZL,0583
8070,8,166,716,1997.0,48077.0,0.0,0.072589,0.965456,ARG,NZL,0583
8071,14,166,716,1997.0,1689281.0,3407876.0,-0.033861,0.647668,AUS,NZL,0583
8072,18,166,716,1997.0,0.0,170647.0,1.470183,1.312167,BEL,NZL,0583
8073,39,166,716,1997.0,0.0,1985.0,0.928586,1.3413389999999998,CAN,NZL,0583
8074,41,166,716,1997.0,0.0,6612.0,2.327788,0.682804,CHE,NZL,0583
8075,42,166,716,1997.0,91912.0,0.0,-0.06841799999999999,-0.21526199999999998,CHL,NZL,0583
8076,43,166,716,1997.0,1237.0,110753.0,0.380294,2.389738,CHN,NZL,0583
8077,48,166,716,1997.0,0.0,34809.0,0.43473999999999996,-0.195141,COK,NZL,0583
8078,61,166,716,1997.0,16611.0,61339.0,2.360316,-2.655514,DEU,NZL,0583
8079,71,166,716,1997.0,8768.0,0.0,1.068989,1.9429439999999998,ESP,NZL,0583
8080,75,166,716,1997.0,0.0,75390.0,-0.8839090000000001,-0.9493540000000001,FJI,NZL,0583
8081,77,166,716,1997.0,122220.0,0.0,1.6737630000000001,0.7499439999999999,FRA,NZL,0583
8082,81,166,716,1997.0,70753.0,22631.0,1.9742490000000001,0.7046359999999999,GBR,NZL,0583
8083,97,166,716,1997.0,0.0,295753.0,0.475945,1.7576919999999998,HKG,NZL,0583
8084,100,166,716,1997.0,2020.0,0.0,0.61283,1.321775,HRV,NZL,0583
8085,103,166,716,1997.0,0.0,204819.0,-0.21049600000000002,1.318692,IDN,NZL,0583
8086,111,166,716,1997.0,2163.0,0.0,1.596917,0.8313959999999999,ITA,NZL,0583
8087,114,166,716,1997.0,3139.0,1481520.0,2.771316,0.545821,JPN,NZL,0583
8088,119,166,716,1997.0,0.0,2615.0,-0.216348,-0.881244,KIR,NZL,0583
8089,121,166,716,1997.0,3654.0,0.0,1.2642,1.164231,KOR,NZL,0583
8090,124,166,716,1997.0,5008.0,0.0,0.28229299999999996,1.0650549999999999,LBN,NZL,0583
8091,128,166,716,1997.0,0.0,20198.0,-0.6467470000000001,-0.27831300000000003,LKA,NZL,0583
8092,138,166,716,1997.0,1313.0,0.0,0.7735350000000001,0.9161590000000001,MEX,NZL,0583
8093,151,166,716,1997.0,0.0,1351.0,-0.42358999999999997,-0.680841,MUS,NZL,0583
8094,153,166,716,1997.0,11725.0,293224.0,0.526754,0.33065700000000003,MYS,NZL,0583
8095,156,166,716,1997.0,2045.0,0.0,-0.600665,-0.8788389999999999,NCL,NZL,0583
8096,158,166,716,1997.0,0.0,4160.0,1.8663610000000002,-0.21939299999999998,NFK,NZL,0583
8097,161,166,716,1997.0,0.0,1611.0,0.623397,-0.614862,NIU,NZL,0583
8098,162,166,716,1997.0,1879.0,0.0,1.327106,1.520932,NLD,NZL,0583
8099,167,166,716,1997.0,0.0,6153.0,-0.233342,-0.9922049999999999,OMN,NZL,0583
8100,174,166,716,1997.0,132175.0,42336.0,0.044834,0.024782,PHL,NZL,0583
8101,176,166,716,1997.0,0.0,4313.0,-1.960463,-1.270168,PNG,NZL,0583
8102,182,166,716,1997.0,0.0,1418.0,0.431432,-0.5432020000000001,PYF,NZL,0583
8103,186,166,716,1997.0,0.0,190121.0,0.572773,0.375446,RUS,NZL,0583
8104,188,166,716,1997.0,0.0,9038.0,-0.300809,-1.0455,SAU,NZL,0583
8105,192,166,716,1997.0,1735.0,41659.0,1.1946700000000001,0.30503600000000003,SGP,NZL,0583
8106,216,166,716,1997.0,78710.0,135065.0,0.216402,1.366618,THA,NZL,0583
8107,221,166,716,1997.0,0.0,41306.0,-1.0413940000000002,-0.990821,TON,NZL,0583
8108,224,166,716,1997.0,9999.0,0.0,0.154428,1.7573880000000002,TUR,NZL,0583
8109,231,166,716,1997.0,195942.0,22815.0,1.875847,0.46257299999999996,USA,NZL,0583
8110,240,166,716,1997.0,0.0,1766.0,-1.04932,-0.982175,VUT,NZL,0583
8111,242,166,716,1997.0,0.0,24191.0,-0.40161199999999997,-0.812819,WSM,NZL,0583
8112,246,166,716,1997.0,16101.0,10122.0,0.29381199999999996,1.276557,ZAF,NZL,0583
8113,249,166,716,1997.0,13291.0,102587.0,1.557128,1.434424,TWN,NZL,0583
8114,250,166,716,1997.0,15366.0,2861.0,1.004537,0.782725,ANS,NZL,0583
8115,8,169,716,1997.0,229997.0,0.0,0.072589,0.965456,ARG,PAN,0583
8116,42,169,716,1997.0,518261.0,0.0,-0.06841799999999999,-0.21526199999999998,CHL,PAN,0583
8117,52,169,716,1997.0,1294223.0,0.0,-0.158667,0.204758,CRI,PAN,0583
8118,65,169,716,1997.0,4506.0,0.0,-0.5140170000000001,-0.564107,DOM,PAN,0583
8119,71,169,716,1997.0,2384.0,0.0,1.068989,1.9429439999999998,ESP,PAN,0583
8120,72,169,716,1997.0,5581.0,0.0,0.45792,1.148099,EST,PAN,0583
8121,77,169,716,1997.0,34391.0,0.0,1.6737630000000001,0.7499439999999999,FRA,PAN,0583
8122,90,169,716,1997.0,4217.0,0.0,0.225904,1.291959,GRC,PAN,0583
8123,93,169,716,1997.0,0.0,9406.0,-0.17965,0.23698200000000003,GTM,PAN,0583
8124,110,169,716,1997.0,1691.0,0.0,1.404901,1.072135,ISR,PAN,0583
8125,111,169,716,1997.0,1970.0,0.0,1.596917,0.8313959999999999,ITA,PAN,0583
8126,138,169,716,1997.0,3472.0,0.0,0.7735350000000001,0.9161590000000001,MEX,PAN,0583
8127,160,169,716,1997.0,0.0,1252.0,-0.699387,-0.460178,NIC,PAN,0583
8128,231,169,716,1997.0,233815.0,0.0,1.875847,0.46257299999999996,USA,PAN,0583
8129,236,169,716,1997.0,0.0,4531.0,-0.137776,-0.750744,VEN,PAN,0583
8130,250,169,716,1997.0,7246.0,0.0,1.004537,0.782725,ANS,PAN,0583
8131,7,174,716,1997.0,0.0,12668.0,-0.317351,-0.8786510000000001,ARE,PHL,0583
8132,14,174,716,1997.0,40397.0,32187.0,-0.033861,0.647668,AUS,PHL,0583
8133,15,174,716,1997.0,9154.0,0.0,1.904005,0.445169,AUT,PHL,0583
8134,18,174,716,1997.0,32574.0,0.0,1.470183,1.312167,BEL,PHL,0583
8135,24,174,716,1997.0,0.0,5009.0,-0.44965,-1.035584,BHR,PHL,0583
8136,32,174,716,1997.0,0.0,17615.0,0.805759,1.249182,BRA,PHL,0583
8137,34,174,716,1997.0,0.0,1236.0,-0.443665,-0.825732,BRN,PHL,0583
8138,39,174,716,1997.0,8166.0,67069.0,0.928586,1.3413389999999998,CAN,PHL,0583
8139,41,174,716,1997.0,96687.0,2726.0,2.327788,0.682804,CHE,PHL,0583
8140,43,174,716,1997.0,126656.0,193918.0,0.380294,2.389738,CHN,PHL,0583
8141,61,174,716,1997.0,7443.0,1026.0,2.360316,-2.655514,DEU,PHL,0583
8142,64,174,716,1997.0,0.0,2339.0,1.422606,1.395373,DNK,PHL,0583
8143,71,174,716,1997.0,3740.0,0.0,1.068989,1.9429439999999998,ESP,PHL,0583
8144,77,174,716,1997.0,14147.0,17354.0,1.6737630000000001,0.7499439999999999,FRA,PHL,0583
8145,81,174,716,1997.0,4485.0,21725.0,1.9742490000000001,0.7046359999999999,GBR,PHL,0583
8146,90,174,716,1997.0,0.0,1439.0,0.225904,1.291959,GRC,PHL,0583
8147,97,174,716,1997.0,126121.0,532093.0,0.475945,1.7576919999999998,HKG,PHL,0583
8148,103,174,716,1997.0,137492.0,11043.0,-0.21049600000000002,1.318692,IDN,PHL,0583
8149,110,174,716,1997.0,0.0,3369.0,1.404901,1.072135,ISR,PHL,0583
8150,111,174,716,1997.0,16188.0,28690.0,1.596917,0.8313959999999999,ITA,PHL,0583
8151,114,174,716,1997.0,4951.0,264338.0,2.771316,0.545821,JPN,PHL,0583
8152,121,174,716,1997.0,2319.0,2697.0,1.2642,1.164231,KOR,PHL,0583
8153,122,174,716,1997.0,0.0,11907.0,-1.0192139999999998,-1.193627,KWT,PHL,0583
8154,124,174,716,1997.0,0.0,1801.0,0.28229299999999996,1.0650549999999999,LBN,PHL,0583
8155,139,174,716,1997.0,0.0,2835.0,-0.30945700000000004,-0.822207,MHL,PHL,0583
8156,153,174,716,1997.0,0.0,237787.0,0.526754,0.33065700000000003,MYS,PHL,0583
8157,162,174,716,1997.0,19957.0,5263.0,1.327106,1.520932,NLD,PHL,0583
8158,166,174,716,1997.0,42336.0,132175.0,0.372052,0.764854,NZL,PHL,0583
8159,167,174,716,1997.0,0.0,1356.0,-0.233342,-0.9922049999999999,OMN,PHL,0583
8160,168,174,716,1997.0,1122.0,0.0,-0.844282,-0.602616,PAK,PHL,0583
8161,175,174,716,1997.0,0.0,40265.0,-0.713743,-0.9035559999999999,PLW,PHL,0583
8162,176,174,716,1997.0,0.0,4097.0,-1.960463,-1.270168,PNG,PHL,0583
8163,183,174,716,1997.0,0.0,3451.0,-1.1276760000000001,-1.233235,QAT,PHL,0583
8164,185,174,716,1997.0,1118.0,0.0,0.666251,1.31932,ROU,PHL,0583
8165,188,174,716,1997.0,0.0,52133.0,-0.300809,-1.0455,SAU,PHL,0583
8166,192,174,716,1997.0,218525.0,266364.0,1.1946700000000001,0.30503600000000003,SGP,PHL,0583
8167,216,174,716,1997.0,47173.0,0.0,0.216402,1.366618,THA,PHL,0583
8168,231,174,716,1997.0,450831.0,2727350.0,1.875847,0.46257299999999996,USA,PHL,0583
8169,246,174,716,1997.0,2663.0,0.0,0.29381199999999996,1.276557,ZAF,PHL,0583
8170,249,174,716,1997.0,29515.0,46188.0,1.557128,1.434424,TWN,PHL,0583
8171,250,174,716,1997.0,0.0,63360.0,1.004537,0.782725,ANS,PHL,0583
8172,2,179,716,1997.0,0.0,473469.0,-1.800252,-1.237594,AGO,PRT,0583
8173,15,179,716,1997.0,8347.0,0.0,1.904005,0.445169,AUT,PRT,0583
8174,18,179,716,1997.0,633933.0,20692.0,1.470183,1.312167,BEL,PRT,0583
8175,32,179,716,1997.0,154179.0,6827.0,0.805759,1.249182,BRA,PRT,0583
8176,39,179,716,1997.0,0.0,42106.0,0.928586,1.3413389999999998,CAN,PRT,0583
8177,41,179,716,1997.0,0.0,17525.0,2.327788,0.682804,CHE,PRT,0583
8178,44,179,716,1997.0,0.0,1139.0,-0.647407,-0.603726,CIV,PRT,0583
8179,51,179,716,1997.0,0.0,71875.0,1.1987079999999999,0.084231,CPV,PRT,0583
8180,61,179,716,1997.0,814904.0,3609.0,2.360316,-2.655514,DEU,PRT,0583
8181,64,179,716,1997.0,220124.0,0.0,1.422606,1.395373,DNK,PRT,0583
8182,67,179,716,1997.0,97224.0,0.0,-1.124002,-1.0084549999999999,ECU,PRT,0583
8183,71,179,716,1997.0,1587121.0,184588.0,1.068989,1.9429439999999998,ESP,PRT,0583
8184,77,179,716,1997.0,2192705.0,53638.0,1.6737630000000001,0.7499439999999999,FRA,PRT,0583
8185,81,179,716,1997.0,492002.0,1214081.0,1.9742490000000001,0.7046359999999999,GBR,PRT,0583
8186,88,179,716,1997.0,0.0,2550.0,-1.8178439999999998,-1.023784,GNB,PRT,0583
8187,90,179,716,1997.0,95908.0,0.0,0.225904,1.291959,GRC,PRT,0583
8188,104,179,716,1997.0,1342.0,0.0,0.150788,2.027932,IND,PRT,0583
8189,106,179,716,1997.0,8495.0,0.0,1.579974,1.018361,IRL,PRT,0583
8190,111,179,716,1997.0,207560.0,5259.0,1.596917,0.8313959999999999,ITA,PRT,0583
8191,133,179,716,1997.0,0.0,6078.0,-0.061292,-0.44707399999999997,MAC,PRT,0583
8192,147,179,716,1997.0,0.0,2275.0,-0.6075229999999999,-0.870957,MOZ,PRT,0583
8193,153,179,716,1997.0,19114.0,0.0,0.526754,0.33065700000000003,MYS,PRT,0583
8194,162,179,716,1997.0,530110.0,0.0,1.327106,1.520932,NLD,PRT,0583
8195,163,179,716,1997.0,0.0,3414.0,0.857735,0.061844,NOR,PRT,0583
8196,203,179,716,1997.0,0.0,1099.0,0.7727069999999999,-0.372289,STP,PRT,0583
8197,223,179,716,1997.0,0.0,2167.0,-0.187276,-0.21877600000000003,TUN,PRT,0583
8198,231,179,716,1997.0,4136.0,54540.0,1.875847,0.46257299999999996,USA,PRT,0583
8199,236,179,716,1997.0,18637.0,0.0,-0.137776,-0.750744,VEN,PRT,0583
8200,246,179,716,1997.0,0.0,4175.0,0.29381199999999996,1.276557,ZAF,PRT,0583
8201,250,179,716,1997.0,0.0,4236.0,1.004537,0.782725,ANS,PRT,0583
8202,7,190,716,1997.0,7643.0,0.0,-0.317351,-0.8786510000000001,ARE,SDN,0583
8203,68,190,716,1997.0,77001.0,0.0,-0.34861,0.005477,EGY,SDN,0583
8204,81,190,716,1997.0,18449.0,0.0,1.9742490000000001,0.7046359999999999,GBR,SDN,0583
8205,90,190,716,1997.0,5385.0,0.0,0.225904,1.291959,GRC,SDN,0583
8206,142,190,716,1997.0,17981.0,0.0,1.1063180000000001,0.377209,MLT,SDN,0583
8207,162,190,716,1997.0,5495.0,0.0,1.327106,1.520932,NLD,SDN,0583
8208,188,190,716,1997.0,54376.0,0.0,-0.300809,-1.0455,SAU,SDN,0583
8209,212,190,716,1997.0,86207.0,0.0,-0.932127,-0.963823,SYR,SDN,0583
8210,224,190,716,1997.0,1565.0,0.0,0.154428,1.7573880000000002,TUR,SDN,0583
8211,228,190,716,1997.0,6212.0,0.0,0.7384539999999999,1.096947,UKR,SDN,0583
8212,18,191,716,1997.0,45846.0,0.0,1.470183,1.312167,BEL,SEN,0583
8213,71,191,716,1997.0,6409.0,0.0,1.068989,1.9429439999999998,ESP,SEN,0583
8214,77,191,716,1997.0,123788.0,0.0,1.6737630000000001,0.7499439999999999,FRA,SEN,0583
8215,90,191,716,1997.0,3682.0,0.0,0.225904,1.291959,GRC,SEN,0583
8216,124,191,716,1997.0,2856.0,0.0,0.28229299999999996,1.0650549999999999,LBN,SEN,0583
8217,246,191,716,1997.0,61733.0,0.0,0.29381199999999996,1.276557,ZAF,SEN,0583
8218,250,191,716,1997.0,2874.0,0.0,1.004537,0.782725,ANS,SEN,0583
8219,29,197,716,1997.0,1368.0,0.0,-0.640252,-0.833937,BLZ,SLV,0583
8220,42,197,716,1997.0,778916.0,0.0,-0.06841799999999999,-0.21526199999999998,CHL,SLV,0583
8221,52,197,716,1997.0,1330711.0,0.0,-0.158667,0.204758,CRI,SLV,0583
8222,71,197,716,1997.0,2011.0,0.0,1.068989,1.9429439999999998,ESP,SLV,0583
8223,93,197,716,1997.0,276696.0,42908.0,-0.17965,0.23698200000000003,GTM,SLV,0583
8224,99,197,716,1997.0,406120.0,0.0,-0.7449319999999999,-0.50008,HND,SLV,0583
8225,111,197,716,1997.0,9168.0,0.0,1.596917,0.8313959999999999,ITA,SLV,0583
8226,138,197,716,1997.0,22043.0,0.0,0.7735350000000001,0.9161590000000001,MEX,SLV,0583
8227,160,197,716,1997.0,3950.0,2366.0,-0.699387,-0.460178,NIC,SLV,0583
8228,231,197,716,1997.0,112037.0,1361.0,1.875847,0.46257299999999996,USA,SLV,0583
8229,236,197,716,1997.0,111792.0,0.0,-0.137776,-0.750744,VEN,SLV,0583
8230,250,197,716,1997.0,6374.0,0.0,1.004537,0.782725,ANS,SLV,0583
8231,7,208,716,1997.0,0.0,7743.0,-0.317351,-0.8786510000000001,ARE,SWE,0583
8232,14,208,716,1997.0,0.0,9583.0,-0.033861,0.647668,AUS,SWE,0583
8233,15,208,716,1997.0,361146.0,9169.0,1.904005,0.445169,AUT,SWE,0583
8234,18,208,716,1997.0,9778.0,2575.0,1.470183,1.312167,BEL,SWE,0583
8235,26,208,716,1997.0,0.0,2945.0,0.517231,0.321515,BIH,SWE,0583
8236,32,208,716,1997.0,0.0,1011.0,0.805759,1.249182,BRA,SWE,0583
8237,39,208,716,1997.0,0.0,70122.0,0.928586,1.3413389999999998,CAN,SWE,0583
8238,41,208,716,1997.0,38528.0,151840.0,2.327788,0.682804,CHE,SWE,0583
8239,42,208,716,1997.0,30080.0,0.0,-0.06841799999999999,-0.21526199999999998,CHL,SWE,0583
8240,43,208,716,1997.0,0.0,1216.0,0.380294,2.389738,CHN,SWE,0583
8241,49,208,716,1997.0,0.0,3040.0,0.023456,0.057771,COL,SWE,0583
8242,52,208,716,1997.0,51804.0,0.0,-0.158667,0.204758,CRI,SWE,0583
8243,59,208,716,1997.0,0.0,10216.0,1.450452,1.031814,CZE,SWE,0583
8244,61,208,716,1997.0,2185215.0,201769.0,2.360316,-2.655514,DEU,SWE,0583
8245,64,208,716,1997.0,5686172.0,240705.0,1.422606,1.395373,DNK,SWE,0583
8246,67,208,716,1997.0,16512.0,0.0,-1.124002,-1.0084549999999999,ECU,SWE,0583
8247,71,208,716,1997.0,215219.0,23205.0,1.068989,1.9429439999999998,ESP,SWE,0583
8248,72,208,716,1997.0,0.0,122283.0,0.45792,1.148099,EST,SWE,0583
8249,74,208,716,1997.0,90566.0,381782.0,1.991377,1.047477,FIN,SWE,0583
8250,77,208,716,1997.0,582659.0,210219.0,1.6737630000000001,0.7499439999999999,FRA,SWE,0583
8251,81,208,716,1997.0,795591.0,122077.0,1.9742490000000001,0.7046359999999999,GBR,SWE,0583
8252,90,208,716,1997.0,5948.0,0.0,0.225904,1.291959,GRC,SWE,0583
8253,97,208,716,1997.0,0.0,4366.0,0.475945,1.7576919999999998,HKG,SWE,0583
8254,100,208,716,1997.0,4168.0,0.0,0.61283,1.321775,HRV,SWE,0583
8255,102,208,716,1997.0,6646.0,14448.0,0.9121799999999999,1.55321,HUN,SWE,0583
8256,104,208,716,1997.0,3946.0,0.0,0.150788,2.027932,IND,SWE,0583
8257,106,208,716,1997.0,25296.0,0.0,1.579974,1.018361,IRL,SWE,0583
8258,107,208,716,1997.0,24384.0,0.0,-0.8911190000000001,-1.085849,IRN,SWE,0583
8259,109,208,716,1997.0,0.0,48646.0,0.33665700000000004,-0.42348,ISL,SWE,0583
8260,110,208,716,1997.0,0.0,13601.0,1.404901,1.072135,ISR,SWE,0583
8261,111,208,716,1997.0,337050.0,48770.0,1.596917,0.8313959999999999,ITA,SWE,0583
8262,114,208,716,1997.0,0.0,8797.0,2.771316,0.545821,JPN,SWE,0583
8263,121,208,716,1997.0,0.0,1996.0,1.2642,1.164231,KOR,SWE,0583
8264,124,208,716,1997.0,16131.0,0.0,0.28229299999999996,1.0650549999999999,LBN,SWE,0583
8265,130,208,716,1997.0,0.0,16118.0,0.360579,1.382816,LTU,SWE,0583
8266,132,208,716,1997.0,0.0,55048.0,0.332958,0.51665,LVA,SWE,0583
8267,153,208,716,1997.0,11180.0,0.0,0.526754,0.33065700000000003,MYS,SWE,0583
8268,162,208,716,1997.0,143237.0,20879.0,1.327106,1.520932,NLD,SWE,0583
8269,163,208,716,1997.0,360956.0,48960.0,0.857735,0.061844,NOR,SWE,0583
8270,177,208,716,1997.0,7445.0,103369.0,0.8447319999999999,2.000241,POL,SWE,0583
8271,185,208,716,1997.0,0.0,29646.0,0.666251,1.31932,ROU,SWE,0583
8272,186,208,716,1997.0,0.0,43617.0,0.572773,0.375446,RUS,SWE,0583
8273,188,208,716,1997.0,0.0,4204.0,-0.300809,-1.0455,SAU,SWE,0583
8274,192,208,716,1997.0,0.0,27892.0,1.1946700000000001,0.30503600000000003,SGP,SWE,0583
8275,206,208,716,1997.0,0.0,4209.0,1.265691,1.368739,SVK,SWE,0583
8276,216,208,716,1997.0,6297.0,0.0,0.216402,1.366618,THA,SWE,0583
8277,224,208,716,1997.0,463300.0,0.0,0.154428,1.7573880000000002,TUR,SWE,0583
8278,228,208,716,1997.0,0.0,3368.0,0.7384539999999999,1.096947,UKR,SWE,0583
8279,231,208,716,1997.0,1591.0,1223427.0,1.875847,0.46257299999999996,USA,SWE,0583
8280,246,208,716,1997.0,64520.0,0.0,0.29381199999999996,1.276557,ZAF,SWE,0583
8281,248,208,716,1997.0,27092.0,0.0,-0.5328609999999999,-0.509275,ZWE,SWE,0583
8282,249,208,716,1997.0,4471.0,3007.0,1.557128,1.434424,TWN,SWE,0583
8283,250,208,716,1997.0,0.0,2016.0,1.004537,0.782725,ANS,SWE,0583
8284,7,216,716,1997.0,0.0,4888.0,-0.317351,-0.8786510000000001,ARE,THA,0583
8285,8,216,716,1997.0,0.0,169821.0,0.072589,0.965456,ARG,THA,0583
8286,14,216,716,1997.0,40623.0,49540.0,-0.033861,0.647668,AUS,THA,0583
8287,15,216,716,1997.0,0.0,1014.0,1.904005,0.445169,AUT,THA,0583
8288,22,216,716,1997.0,0.0,1106.0,-0.638734,-0.895301,BGD,THA,0583
8289,24,216,716,1997.0,0.0,24341.0,-0.44965,-1.035584,BHR,THA,0583
8290,32,216,716,1997.0,0.0,1902.0,0.805759,1.249182,BRA,THA,0583
8291,34,216,716,1997.0,0.0,31886.0,-0.443665,-0.825732,BRN,THA,0583
8292,39,216,716,1997.0,4212.0,55326.0,0.928586,1.3413389999999998,CAN,THA,0583
8293,41,216,716,1997.0,308804.0,62158.0,2.327788,0.682804,CHE,THA,0583
8294,42,216,716,1997.0,0.0,47398.0,-0.06841799999999999,-0.21526199999999998,CHL,THA,0583
8295,43,216,716,1997.0,13898.0,801006.0,0.380294,2.389738,CHN,THA,0583
8296,45,216,716,1997.0,0.0,18463.0,-1.0663340000000001,-1.047091,CMR,THA,0583
8297,50,216,716,1997.0,0.0,6115.0,0.44647200000000004,-0.524514,COM,THA,0583
8298,51,216,716,1997.0,0.0,1109.0,1.1987079999999999,0.084231,CPV,THA,0583
8299,58,216,716,1997.0,0.0,2494.0,0.45144700000000004,0.46707600000000005,CYP,THA,0583
8300,61,216,716,1997.0,0.0,8626.0,2.360316,-2.655514,DEU,THA,0583
8301,67,216,716,1997.0,11703.0,0.0,-1.124002,-1.0084549999999999,ECU,THA,0583
8302,72,216,716,1997.0,0.0,1718.0,0.45792,1.148099,EST,THA,0583
8303,77,216,716,1997.0,91861.0,48787.0,1.6737630000000001,0.7499439999999999,FRA,THA,0583
8304,80,216,716,1997.0,0.0,2804.0,-1.277642,-1.178244,GAB,THA,0583
8305,81,216,716,1997.0,180269.0,6543.0,1.9742490000000001,0.7046359999999999,GBR,THA,0583
8306,97,216,716,1997.0,0.0,851453.0,0.475945,1.7576919999999998,HKG,THA,0583
8307,103,216,716,1997.0,0.0,44122.0,-0.21049600000000002,1.318692,IDN,THA,0583
8308,104,216,716,1997.0,0.0,25674.0,0.150788,2.027932,IND,THA,0583
8309,110,216,716,1997.0,0.0,11938.0,1.404901,1.072135,ISR,THA,0583
8310,111,216,716,1997.0,47767.0,1770.0,1.596917,0.8313959999999999,ITA,THA,0583
8311,114,216,716,1997.0,96539.0,1093046.0,2.771316,0.545821,JPN,THA,0583
8312,118,216,716,1997.0,0.0,340555.0,-1.3386770000000001,-1.2547110000000001,KHM,THA,0583
8313,121,216,716,1997.0,24042.0,0.0,1.2642,1.164231,KOR,THA,0583
8314,122,216,716,1997.0,0.0,26683.0,-1.0192139999999998,-1.193627,KWT,THA,0583
8315,123,216,716,1997.0,0.0,257347.0,-0.81187,-0.851834,LAO,THA,0583
8316,128,216,716,1997.0,0.0,6438.0,-0.6467470000000001,-0.27831300000000003,LKA,THA,0583
8317,133,216,716,1997.0,0.0,96910.0,-0.061292,-0.44707399999999997,MAC,THA,0583
8318,137,216,716,1997.0,0.0,1072.0,-1.0046620000000002,-1.0400340000000001,MDV,THA,0583
8319,143,216,716,1997.0,0.0,861886.0,-1.222694,-0.9493,MMR,THA,0583
8320,151,216,716,1997.0,0.0,8508.0,-0.42358999999999997,-0.680841,MUS,THA,0583
8321,153,216,716,1997.0,33672.0,996684.0,0.526754,0.33065700000000003,MYS,THA,0583
8322,156,216,716,1997.0,0.0,4684.0,-0.600665,-0.8788389999999999,NCL,THA,0583
8323,162,216,716,1997.0,56464.0,18553.0,1.327106,1.520932,NLD,THA,0583
8324,163,216,716,1997.0,0.0,5889.0,0.857735,0.061844,NOR,THA,0583
8325,164,216,716,1997.0,0.0,23752.0,-0.282115,-0.237121,NPL,THA,0583
8326,166,216,716,1997.0,135065.0,78710.0,0.372052,0.764854,NZL,THA,0583
8327,167,216,716,1997.0,0.0,15728.0,-0.233342,-0.9922049999999999,OMN,THA,0583
8328,168,216,716,1997.0,0.0,29686.0,-0.844282,-0.602616,PAK,THA,0583
8329,174,216,716,1997.0,0.0,47173.0,0.044834,0.024782,PHL,THA,0583
8330,186,216,716,1997.0,0.0,10794.0,0.572773,0.375446,RUS,THA,0583
8331,192,216,716,1997.0,40583.0,569090.0,1.1946700000000001,0.30503600000000003,SGP,THA,0583
8332,208,216,716,1997.0,0.0,6297.0,2.0806709999999997,0.9541219999999999,SWE,THA,0583
8333,222,216,716,1997.0,0.0,3708.0,0.051947,-0.405412,TTO,THA,0583
8334,224,216,716,1997.0,37155.0,0.0,0.154428,1.7573880000000002,TUR,THA,0583
8335,228,216,716,1997.0,0.0,4411.0,0.7384539999999999,1.096947,UKR,THA,0583
8336,230,216,716,1997.0,0.0,24812.0,0.080024,0.669226,URY,THA,0583
8337,231,216,716,1997.0,205355.0,350783.0,1.875847,0.46257299999999996,USA,THA,0583
8338,239,216,716,1997.0,0.0,33602.0,-0.67516,0.251436,VNM,THA,0583
8339,246,216,716,1997.0,0.0,45923.0,0.29381199999999996,1.276557,ZAF,THA,0583
8340,249,216,716,1997.0,104418.0,381412.0,1.557128,1.434424,TWN,THA,0583
8341,250,216,716,1997.0,0.0,1466.0,1.004537,0.782725,ANS,THA,0583
8342,13,222,716,1997.0,0.0,10227.0,0.545288,-0.20344500000000001,ATG,TTO,0583
8343,18,222,716,1997.0,1020.0,0.0,1.470183,1.312167,BEL,TTO,0583
8344,29,222,716,1997.0,0.0,15123.0,-0.640252,-0.833937,BLZ,TTO,0583
8345,32,222,716,1997.0,30663.0,0.0,0.805759,1.249182,BRA,TTO,0583
8346,33,222,716,1997.0,3897.0,41156.0,0.916416,0.490241,BRB,TTO,0583
8347,39,222,716,1997.0,63241.0,8838.0,0.928586,1.3413389999999998,CAN,TTO,0583
8348,63,222,716,1997.0,0.0,1385.0,0.786473,0.43483999999999995,DMA,TTO,0583
8349,77,222,716,1997.0,0.0,5124.0,1.6737630000000001,0.7499439999999999,FRA,TTO,0583
8350,81,222,716,1997.0,12148.0,14948.0,1.9742490000000001,0.7046359999999999,GBR,TTO,0583
8351,91,222,716,1997.0,0.0,4304.0,0.235056,-0.254481,GRD,TTO,0583
8352,96,222,716,1997.0,0.0,14835.0,-0.5991029999999999,-0.769726,GUY,TTO,0583
8353,112,222,716,1997.0,0.0,17499.0,-0.6338739999999999,-0.838622,JAM,TTO,0583
8354,120,222,716,1997.0,0.0,5971.0,0.988031,-0.142999,KNA,TTO,0583
8355,127,222,716,1997.0,0.0,6694.0,-0.193429,-0.606627,LCA,TTO,0583
8356,205,222,716,1997.0,0.0,1701.0,-1.125928,-0.980981,SUR,TTO,0583
8357,216,222,716,1997.0,3708.0,0.0,0.216402,1.366618,THA,TTO,0583
8358,231,222,716,1997.0,55428.0,10147.0,1.875847,0.46257299999999996,USA,TTO,0583
8359,234,222,716,1997.0,0.0,3521.0,0.059354,-0.545099,VCT,TTO,0583
8360,236,222,716,1997.0,1308.0,0.0,-0.137776,-0.750744,VEN,TTO,0583
8361,237,222,716,1997.0,0.0,5638.0,0.295493,-0.444064,VGB,TTO,0583
8362,250,222,716,1997.0,0.0,2011.0,1.004537,0.782725,ANS,TTO,0583
8363,4,224,716,1997.0,0.0,1589.0,-0.375654,-0.124279,ALB,TUR,0583
8364,7,224,716,1997.0,0.0,6258.0,-0.317351,-0.8786510000000001,ARE,TUR,0583
8365,8,224,716,1997.0,303244.0,3325.0,0.072589,0.965456,ARG,TUR,0583
8366,14,224,716,1997.0,0.0,135311.0,-0.033861,0.647668,AUS,TUR,0583
8367,15,224,716,1997.0,57226.0,4481735.0,1.904005,0.445169,AUT,TUR,0583
8368,16,224,716,1997.0,21354.0,38609.0,0.28532199999999996,-0.00025299999999999997,AZE,TUR,0583
8369,18,224,716,1997.0,39145.0,2414344.0,1.470183,1.312167,BEL,TUR,0583
8370,23,224,716,1997.0,0.0,8375.0,0.523226,1.4133959999999999,BGR,TUR,0583
8371,26,224,716,1997.0,0.0,17649.0,0.517231,0.321515,BIH,TUR,0583
8372,39,224,716,1997.0,0.0,86063.0,0.928586,1.3413389999999998,CAN,TUR,0583
8373,41,224,716,1997.0,3619.0,14561.0,2.327788,0.682804,CHE,TUR,0583
8374,42,224,716,1997.0,0.0,2856.0,-0.06841799999999999,-0.21526199999999998,CHL,TUR,0583
8375,52,224,716,1997.0,51125.0,0.0,-0.158667,0.204758,CRI,TUR,0583
8376,58,224,716,1997.0,3810.0,323270.0,0.45144700000000004,0.46707600000000005,CYP,TUR,0583
8377,61,224,716,1997.0,20468.0,4742496.0,2.360316,-2.655514,DEU,TUR,0583
8378,64,224,716,1997.0,0.0,23369.0,1.422606,1.395373,DNK,TUR,0583
8379,66,224,716,1997.0,0.0,1799.0,-0.8557879999999999,-1.150101,DZA,TUR,0583
8380,68,224,716,1997.0,62827.0,92531.0,-0.34861,0.005477,EGY,TUR,0583
8381,71,224,716,1997.0,0.0,1998056.0,1.068989,1.9429439999999998,ESP,TUR,0583
8382,74,224,716,1997.0,0.0,28602.0,1.991377,1.047477,FIN,TUR,0583
8383,77,224,716,1997.0,28293.0,3886268.0,1.6737630000000001,0.7499439999999999,FRA,TUR,0583
8384,81,224,716,1997.0,19931.0,268671.0,1.9742490000000001,0.7046359999999999,GBR,TUR,0583
8385,82,224,716,1997.0,0.0,4276.0,0.347408,0.106341,GEO,TUR,0583
8386,90,224,716,1997.0,0.0,122854.0,0.225904,1.291959,GRC,TUR,0583
8387,103,224,716,1997.0,0.0,4205.0,-0.21049600000000002,1.318692,IDN,TUR,0583
8388,104,224,716,1997.0,0.0,1267.0,0.150788,2.027932,IND,TUR,0583
8389,106,224,716,1997.0,0.0,330580.0,1.579974,1.018361,IRL,TUR,0583
8390,107,224,716,1997.0,0.0,12686.0,-0.8911190000000001,-1.085849,IRN,TUR,0583
8391,108,224,716,1997.0,0.0,7510.0,-2.35787,-0.856008,IRQ,TUR,0583
8392,110,224,716,1997.0,0.0,255704.0,1.404901,1.072135,ISR,TUR,0583
8393,111,224,716,1997.0,15292.0,1163537.0,1.596917,0.8313959999999999,ITA,TUR,0583
8394,113,224,716,1997.0,0.0,15313.0,0.641787,0.484512,JOR,TUR,0583
8395,114,224,716,1997.0,0.0,2101.0,2.771316,0.545821,JPN,TUR,0583
8396,115,224,716,1997.0,0.0,114189.0,0.302596,-0.028221,KAZ,TUR,0583
8397,117,224,716,1997.0,0.0,5826.0,0.063303,-0.014279,KGZ,TUR,0583
8398,122,224,716,1997.0,0.0,2050.0,-1.0192139999999998,-1.193627,KWT,TUR,0583
8399,124,224,716,1997.0,0.0,2078.0,0.28229299999999996,1.0650549999999999,LBN,TUR,0583
8400,126,224,716,1997.0,0.0,44229.0,-0.662351,-1.1515309999999999,LBY,TUR,0583
8401,135,224,716,1997.0,0.0,13970.0,0.14225,-0.250556,MDA,TUR,0583
8402,153,224,716,1997.0,0.0,22348.0,0.526754,0.33065700000000003,MYS,TUR,0583
8403,162,224,716,1997.0,1911.0,3841632.0,1.327106,1.520932,NLD,TUR,0583
8404,163,224,716,1997.0,0.0,4779.0,0.857735,0.061844,NOR,TUR,0583
8405,166,224,716,1997.0,0.0,9999.0,0.372052,0.764854,NZL,TUR,0583
8406,185,224,716,1997.0,0.0,36843.0,0.666251,1.31932,ROU,TUR,0583
8407,186,224,716,1997.0,0.0,531601.0,0.572773,0.375446,RUS,TUR,0583
8408,188,224,716,1997.0,0.0,169574.0,-0.300809,-1.0455,SAU,TUR,0583
8409,189,224,716,1997.0,0.0,2236.0,0.626724,1.7948549999999999,SCG,TUR,0583
8410,190,224,716,1997.0,0.0,1565.0,-1.248538,-1.197904,SDN,TUR,0583
8411,208,224,716,1997.0,0.0,463300.0,2.0806709999999997,0.9541219999999999,SWE,TUR,0583
8412,216,224,716,1997.0,0.0,37155.0,0.216402,1.366618,THA,TUR,0583
8413,219,224,716,1997.0,0.0,83831.0,-0.580361,-1.071587,TKM,TUR,0583
8414,223,224,716,1997.0,0.0,14745.0,-0.187276,-0.21877600000000003,TUN,TUR,0583
8415,228,224,716,1997.0,0.0,200842.0,0.7384539999999999,1.096947,UKR,TUR,0583
8416,231,224,716,1997.0,134126.0,875907.0,1.875847,0.46257299999999996,USA,TUR,0583
8417,232,224,716,1997.0,0.0,33794.0,-0.134113,-0.791415,UZB,TUR,0583
8418,246,224,716,1997.0,1113793.0,0.0,0.29381199999999996,1.276557,ZAF,TUR,0583
8419,250,224,716,1997.0,84667.0,128888.0,1.004537,0.782725,ANS,TUR,0583
8420,8,230,716,1997.0,411109.0,78546.0,0.072589,0.965456,ARG,URY,0583
8421,14,230,716,1997.0,0.0,3245.0,-0.033861,0.647668,AUS,URY,0583
8422,32,230,716,1997.0,212301.0,4348.0,0.805759,1.249182,BRA,URY,0583
8423,42,230,716,1997.0,95724.0,0.0,-0.06841799999999999,-0.21526199999999998,CHL,URY,0583
8424,52,230,716,1997.0,9727.0,0.0,-0.158667,0.204758,CRI,URY,0583
8425,61,230,716,1997.0,43408.0,0.0,2.360316,-2.655514,DEU,URY,0583
8426,71,230,716,1997.0,7118.0,0.0,1.068989,1.9429439999999998,ESP,URY,0583
8427,77,230,716,1997.0,30932.0,0.0,1.6737630000000001,0.7499439999999999,FRA,URY,0583
8428,81,230,716,1997.0,25628.0,0.0,1.9742490000000001,0.7046359999999999,GBR,URY,0583
8429,111,230,716,1997.0,8909.0,0.0,1.596917,0.8313959999999999,ITA,URY,0583
8430,153,230,716,1997.0,13138.0,0.0,0.526754,0.33065700000000003,MYS,URY,0583
8431,180,230,716,1997.0,0.0,19688.0,-0.6051380000000001,-0.708271,PRY,URY,0583
8432,216,230,716,1997.0,24812.0,0.0,0.216402,1.366618,THA,URY,0583
8433,231,230,716,1997.0,113413.0,1421.0,1.875847,0.46257299999999996,USA,URY,0583
8434,236,230,716,1997.0,36331.0,0.0,-0.137776,-0.750744,VEN,URY,0583
8435,246,230,716,1997.0,4028.0,0.0,0.29381199999999996,1.276557,ZAF,URY,0583
8436,250,230,716,1997.0,0.0,1411.0,1.004537,0.782725,ANS,URY,0583
8437,0,231,716,1997.0,0.0,52399.0,-1.338982,-0.866526,ABW,USA,0583
8438,6,231,716,1997.0,0.0,119288.0,-0.027541000000000003,-0.56389,ANT,USA,0583
8439,7,231,716,1997.0,0.0,65616.0,-0.317351,-0.8786510000000001,ARE,USA,0583
8440,8,231,716,1997.0,89071.0,274642.0,0.072589,0.965456,ARG,USA,0583
8441,9,231,716,1997.0,231240.0,18972.0,0.818788,0.226075,ARM,USA,0583
8442,13,231,716,1997.0,0.0,7862.0,0.545288,-0.20344500000000001,ATG,USA,0583
8443,14,231,716,1997.0,307227.0,1207601.0,-0.033861,0.647668,AUS,USA,0583
8444,15,231,716,1997.0,545218.0,0.0,1.904005,0.445169,AUT,USA,0583
8445,16,231,716,1997.0,14572.0,0.0,0.28532199999999996,-0.00025299999999999997,AZE,USA,0583
8446,18,231,716,1997.0,161065.0,56045.0,1.470183,1.312167,BEL,USA,0583
8447,22,231,716,1997.0,0.0,2198.0,-0.638734,-0.895301,BGD,USA,0583
8448,23,231,716,1997.0,353522.0,167034.0,0.523226,1.4133959999999999,BGR,USA,0583
8449,24,231,716,1997.0,0.0,44519.0,-0.44965,-1.035584,BHR,USA,0583
8450,25,231,716,1997.0,0.0,375507.0,0.82352,-0.091626,BHS,USA,0583
8451,29,231,716,1997.0,36883.0,54004.0,-0.640252,-0.833937,BLZ,USA,0583
8452,30,231,716,1997.0,0.0,45484.0,0.41035200000000005,-0.552818,BMU,USA,0583
8453,31,231,716,1997.0,0.0,15581.0,-0.765684,-0.796686,BOL,USA,0583
8454,32,231,716,1997.0,825328.0,395954.0,0.805759,1.249182,BRA,USA,0583
8455,33,231,716,1997.0,9335.0,20349.0,0.916416,0.490241,BRB,USA,0583
8456,34,231,716,1997.0,0.0,5320.0,-0.443665,-0.825732,BRN,USA,0583
8457,39,231,716,1997.0,4587246.0,11063727.0,0.928586,1.3413389999999998,CAN,USA,0583
8458,41,231,716,1997.0,4237062.0,14886.0,2.327788,0.682804,CHE,USA,0583
8459,42,231,716,1997.0,120514.0,108144.0,-0.06841799999999999,-0.21526199999999998,CHL,USA,0583
8460,43,231,716,1997.0,218746.0,116928.0,0.380294,2.389738,CHN,USA,0583
8461,44,231,716,1997.0,29107.0,1389.0,-0.647407,-0.603726,CIV,USA,0583
8462,49,231,716,1997.0,798809.0,529473.0,0.023456,0.057771,COL,USA,0583
8463,52,231,716,1997.0,2434107.0,203615.0,-0.158667,0.204758,CRI,USA,0583
8464,58,231,716,1997.0,10578.0,167237.0,0.45144700000000004,0.46707600000000005,CYP,USA,0583
8465,59,231,716,1997.0,372431.0,10795.0,1.450452,1.031814,CZE,USA,0583
8466,61,231,716,1997.0,1662196.0,392216.0,2.360316,-2.655514,DEU,USA,0583
8467,63,231,716,1997.0,0.0,3509.0,0.786473,0.43483999999999995,DMA,USA,0583
8468,64,231,716,1997.0,3506030.0,7982.0,1.422606,1.395373,DNK,USA,0583
8469,65,231,716,1997.0,1247387.0,1554986.0,-0.5140170000000001,-0.564107,DOM,USA,0583
8470,66,231,716,1997.0,0.0,5592.0,-0.8557879999999999,-1.150101,DZA,USA,0583
8471,67,231,716,1997.0,1734354.0,157030.0,-1.124002,-1.0084549999999999,ECU,USA,0583
8472,68,231,716,1997.0,1427866.0,72125.0,-0.34861,0.005477,EGY,USA,0583
8473,71,231,716,1997.0,67864.0,25555.0,1.068989,1.9429439999999998,ESP,USA,0583
8474,73,231,716,1997.0,0.0,1263.0,-1.141928,-1.187119,ETH,USA,0583
8475,74,231,716,1997.0,27332.0,49608.0,1.991377,1.047477,FIN,USA,0583
8476,75,231,716,1997.0,214903.0,0.0,-0.8839090000000001,-0.9493540000000001,FJI,USA,0583
8477,77,231,716,1997.0,7835565.0,27158.0,1.6737630000000001,0.7499439999999999,FRA,USA,0583
8478,81,231,716,1997.0,4415490.0,209317.0,1.9742490000000001,0.7046359999999999,GBR,USA,0583
8479,82,231,716,1997.0,0.0,9333.0,0.347408,0.106341,GEO,USA,0583
8480,83,231,716,1997.0,0.0,54323.0,-1.03989,-0.979039,GHA,USA,0583
8481,85,231,716,1997.0,0.0,2542.0,-1.223583,-1.14157,GIN,USA,0583
8482,90,231,716,1997.0,206454.0,7324.0,0.225904,1.291959,GRC,USA,0583
8483,91,231,716,1997.0,1730.0,8693.0,0.235056,-0.254481,GRD,USA,0583
8484,93,231,716,1997.0,667130.0,449221.0,-0.17965,0.23698200000000003,GTM,USA,0583
8485,96,231,716,1997.0,0.0,83543.0,-0.5991029999999999,-0.769726,GUY,USA,0583
8486,97,231,716,1997.0,32762.0,1136495.0,0.475945,1.7576919999999998,HKG,USA,0583
8487,99,231,716,1997.0,94221.0,207422.0,-0.7449319999999999,-0.50008,HND,USA,0583
8488,100,231,716,1997.0,42543.0,0.0,0.61283,1.321775,HRV,USA,0583
8489,101,231,716,1997.0,0.0,228438.0,-0.6864100000000001,-0.687077,HTI,USA,0583
8490,102,231,716,1997.0,145585.0,20286.0,0.9121799999999999,1.55321,HUN,USA,0583
8491,103,231,716,1997.0,5840.0,279006.0,-0.21049600000000002,1.318692,IDN,USA,0583
8492,104,231,716,1997.0,1237100.0,2250.0,0.150788,2.027932,IND,USA,0583
8493,106,231,716,1997.0,71476.0,3071.0,1.579974,1.018361,IRL,USA,0583
8494,109,231,716,1997.0,0.0,158737.0,0.33665700000000004,-0.42348,ISL,USA,0583
8495,110,231,716,1997.0,666025.0,2061517.0,1.404901,1.072135,ISR,USA,0583
8496,111,231,716,1997.0,1163641.0,974402.0,1.596917,0.8313959999999999,ITA,USA,0583
8497,112,231,716,1997.0,123983.0,177148.0,-0.6338739999999999,-0.838622,JAM,USA,0583
8498,113,231,716,1997.0,0.0,20201.0,0.641787,0.484512,JOR,USA,0583
8499,114,231,716,1997.0,198241.0,4779937.0,2.771316,0.545821,JPN,USA,0583
8500,119,231,716,1997.0,0.0,11807.0,-0.216348,-0.881244,KIR,USA,0583
8501,120,231,716,1997.0,0.0,17171.0,0.988031,-0.142999,KNA,USA,0583
8502,121,231,716,1997.0,104575.0,1878512.0,1.2642,1.164231,KOR,USA,0583
8503,122,231,716,1997.0,0.0,76966.0,-1.0192139999999998,-1.193627,KWT,USA,0583
8504,124,231,716,1997.0,233238.0,32182.0,0.28229299999999996,1.0650549999999999,LBN,USA,0583
8505,127,231,716,1997.0,0.0,80811.0,-0.193429,-0.606627,LCA,USA,0583
8506,128,231,716,1997.0,0.0,5424.0,-0.6467470000000001,-0.27831300000000003,LKA,USA,0583
8507,132,231,716,1997.0,0.0,3109.0,0.332958,0.51665,LVA,USA,0583
8508,133,231,716,1997.0,0.0,85571.0,-0.061292,-0.44707399999999997,MAC,USA,0583
8509,134,231,716,1997.0,0.0,2096.0,-0.635337,-0.336298,MAR,USA,0583
8510,135,231,716,1997.0,13540.0,8523.0,0.14225,-0.250556,MDA,USA,0583
8511,138,231,716,1997.0,1691679.0,4291058.0,0.7735350000000001,0.9161590000000001,MEX,USA,0583
8512,140,231,716,1997.0,1055.0,0.0,0.297389,0.735171,MKD,USA,0583
8513,142,231,716,1997.0,0.0,13277.0,1.1063180000000001,0.377209,MLT,USA,0583
8514,145,231,716,1997.0,0.0,1520.0,-0.569797,-0.9604370000000001,MNG,USA,0583
8515,153,231,716,1997.0,127894.0,753528.0,0.526754,0.33065700000000003,MYS,USA,0583
8516,160,231,716,1997.0,18687.0,30772.0,-0.699387,-0.460178,NIC,USA,0583
8517,162,231,716,1997.0,1026408.0,68049.0,1.327106,1.520932,NLD,USA,0583
8518,163,231,716,1997.0,39768.0,1995.0,0.857735,0.061844,NOR,USA,0583
8519,164,231,716,1997.0,0.0,11462.0,-0.282115,-0.237121,NPL,USA,0583
8520,166,231,716,1997.0,22815.0,195942.0,0.372052,0.764854,NZL,USA,0583
8521,167,231,716,1997.0,0.0,13289.0,-0.233342,-0.9922049999999999,OMN,USA,0583
8522,168,231,716,1997.0,23589.0,19461.0,-0.844282,-0.602616,PAK,USA,0583
8523,169,231,716,1997.0,0.0,233815.0,0.0038,0.036532999999999996,PAN,USA,0583
8524,173,231,716,1997.0,482097.0,98762.0,-0.603019,-0.365845,PER,USA,0583
8525,174,231,716,1997.0,2727350.0,450831.0,0.044834,0.024782,PHL,USA,0583
8526,177,231,716,1997.0,705527.0,28688.0,0.8447319999999999,2.000241,POL,USA,0583
8527,179,231,716,1997.0,54540.0,4136.0,0.496633,1.025231,PRT,USA,0583
8528,180,231,716,1997.0,0.0,3382.0,-0.6051380000000001,-0.708271,PRY,USA,0583
8529,182,231,716,1997.0,489963.0,126413.0,0.431432,-0.5432020000000001,PYF,USA,0583
8530,185,231,716,1997.0,68468.0,23149.0,0.666251,1.31932,ROU,USA,0583
8531,186,231,716,1997.0,4180.0,302956.0,0.572773,0.375446,RUS,USA,0583
8532,188,231,716,1997.0,6302.0,546085.0,-0.300809,-1.0455,SAU,USA,0583
8533,189,231,716,1997.0,26231.0,0.0,0.626724,1.7948549999999999,SCG,USA,0583
8534,192,231,716,1997.0,27608.0,991226.0,1.1946700000000001,0.30503600000000003,SGP,USA,0583
8535,197,231,716,1997.0,1361.0,112037.0,-0.069039,-0.094938,SLV,USA,0583
8536,208,231,716,1997.0,1223427.0,1591.0,2.0806709999999997,0.9541219999999999,SWE,USA,0583
8537,212,231,716,1997.0,59910.0,0.0,-0.932127,-0.963823,SYR,USA,0583
8538,216,231,716,1997.0,350783.0,205355.0,0.216402,1.366618,THA,USA,0583
8539,222,231,716,1997.0,10147.0,55428.0,0.051947,-0.405412,TTO,USA,0583
8540,223,231,716,1997.0,4067.0,2529884.0,-0.187276,-0.21877600000000003,TUN,USA,0583
8541,224,231,716,1997.0,875907.0,134126.0,0.154428,1.7573880000000002,TUR,USA,0583
8542,227,231,716,1997.0,4939.0,0.0,-1.175585,-1.017807,UGA,USA,0583
8543,228,231,716,1997.0,2206.0,25191.0,0.7384539999999999,1.096947,UKR,USA,0583
8544,230,231,716,1997.0,1421.0,113413.0,0.080024,0.669226,URY,USA,0583
8545,234,231,716,1997.0,0.0,7328.0,0.059354,-0.545099,VCT,USA,0583
8546,236,231,716,1997.0,23322.0,97996.0,-0.137776,-0.750744,VEN,USA,0583
8547,237,231,716,1997.0,0.0,3431.0,0.295493,-0.444064,VGB,USA,0583
8548,243,231,716,1997.0,0.0,4147.0,-1.665484,-1.292243,YEM,USA,0583
8549,246,231,716,1997.0,136894.0,6133.0,0.29381199999999996,1.276557,ZAF,USA,0583
8550,249,231,716,1997.0,853997.0,1874448.0,1.557128,1.434424,TWN,USA,0583
8551,0,236,716,1997.0,0.0,19553.0,-1.338982,-0.866526,ABW,VEN,0583
8552,6,236,716,1997.0,0.0,243461.0,-0.027541000000000003,-0.56389,ANT,VEN,0583
8553,8,236,716,1997.0,68612.0,0.0,0.072589,0.965456,ARG,VEN,0583
8554,21,236,716,1997.0,0.0,148603.0,-0.329098,-0.885215,BFA,VEN,0583
8555,31,236,716,1997.0,0.0,12883.0,-0.765684,-0.796686,BOL,VEN,0583
8556,32,236,716,1997.0,0.0,14872.0,0.805759,1.249182,BRA,VEN,0583
8557,33,236,716,1997.0,0.0,18103.0,0.916416,0.490241,BRB,VEN,0583
8558,41,236,716,1997.0,51358.0,0.0,2.327788,0.682804,CHE,VEN,0583
8559,42,236,716,1997.0,3060042.0,26710.0,-0.06841799999999999,-0.21526199999999998,CHL,VEN,0583
8560,49,236,716,1997.0,97429.0,2713581.0,0.023456,0.057771,COL,VEN,0583
8561,52,236,716,1997.0,31886.0,0.0,-0.158667,0.204758,CRI,VEN,0583
8562,61,236,716,1997.0,5843.0,0.0,2.360316,-2.655514,DEU,VEN,0583
8563,65,236,716,1997.0,18617.0,925306.0,-0.5140170000000001,-0.564107,DOM,VEN,0583
8564,67,236,716,1997.0,15398.0,149196.0,-1.124002,-1.0084549999999999,ECU,VEN,0583
8565,71,236,716,1997.0,116388.0,0.0,1.068989,1.9429439999999998,ESP,VEN,0583
8566,77,236,716,1997.0,0.0,31645.0,1.6737630000000001,0.7499439999999999,FRA,VEN,0583
8567,93,236,716,1997.0,0.0,56101.0,-0.17965,0.23698200000000003,GTM,VEN,0583
8568,96,236,716,1997.0,0.0,3253.0,-0.5991029999999999,-0.769726,GUY,VEN,0583
8569,99,236,716,1997.0,0.0,36835.0,-0.7449319999999999,-0.50008,HND,VEN,0583
8570,100,236,716,1997.0,9008.0,0.0,0.61283,1.321775,HRV,VEN,0583
8571,101,236,716,1997.0,0.0,20214.0,-0.6864100000000001,-0.687077,HTI,VEN,0583
8572,102,236,716,1997.0,15632.0,0.0,0.9121799999999999,1.55321,HUN,VEN,0583
8573,111,236,716,1997.0,28423.0,0.0,1.596917,0.8313959999999999,ITA,VEN,0583
8574,124,236,716,1997.0,7598.0,0.0,0.28229299999999996,1.0650549999999999,LBN,VEN,0583
8575,138,236,716,1997.0,2945.0,0.0,0.7735350000000001,0.9161590000000001,MEX,VEN,0583
8576,160,236,716,1997.0,0.0,12569.0,-0.699387,-0.460178,NIC,VEN,0583
8577,162,236,716,1997.0,1624.0,107717.0,1.327106,1.520932,NLD,VEN,0583
8578,169,236,716,1997.0,4531.0,0.0,0.0038,0.036532999999999996,PAN,VEN,0583
8579,173,236,716,1997.0,0.0,540278.0,-0.603019,-0.365845,PER,VEN,0583
8580,179,236,716,1997.0,0.0,18637.0,0.496633,1.025231,PRT,VEN,0583
8581,197,236,716,1997.0,0.0,111792.0,-0.069039,-0.094938,SLV,VEN,0583
8582,222,236,716,1997.0,0.0,1308.0,0.051947,-0.405412,TTO,VEN,0583
8583,230,236,716,1997.0,0.0,36331.0,0.080024,0.669226,URY,VEN,0583
8584,231,236,716,1997.0,97996.0,23322.0,1.875847,0.46257299999999996,USA,VEN,0583
8585,2,246,716,1997.0,0.0,123732.0,-1.800252,-1.237594,AGO,ZAF,0583
8586,7,246,716,1997.0,0.0,24477.0,-0.317351,-0.8786510000000001,ARE,ZAF,0583
8587,8,246,716,1997.0,0.0,195436.0,0.072589,0.965456,ARG,ZAF,0583
8588,14,246,716,1997.0,2601.0,34328.0,-0.033861,0.647668,AUS,ZAF,0583
8589,15,246,716,1997.0,0.0,23280.0,1.904005,0.445169,AUT,ZAF,0583
8590,17,246,716,1997.0,0.0,1572.0,-1.5636430000000001,-1.0257479999999999,BDI,ZAF,0583
8591,18,246,716,1997.0,179035.0,226296.0,1.470183,1.312167,BEL,ZAF,0583
8592,23,246,716,1997.0,0.0,95662.0,0.523226,1.4133959999999999,BGR,ZAF,0583
8593,38,246,716,1997.0,0.0,2068.0,-1.590886,-1.038663,CAF,ZAF,0583
8594,39,246,716,1997.0,64938.0,17669.0,0.928586,1.3413389999999998,CAN,ZAF,0583
8595,41,246,716,1997.0,16871.0,340154.0,2.327788,0.682804,CHE,ZAF,0583
8596,42,246,716,1997.0,0.0,144894.0,-0.06841799999999999,-0.21526199999999998,CHL,ZAF,0583
8597,43,246,716,1997.0,3197.0,0.0,0.380294,2.389738,CHN,ZAF,0583
8598,44,246,716,1997.0,0.0,486385.0,-0.647407,-0.603726,CIV,ZAF,0583
8599,46,246,716,1997.0,0.0,26956.0,-1.092385,-1.074017,COD,ZAF,0583
8600,47,246,716,1997.0,0.0,10817.0,-1.484108,-1.2106190000000001,COG,ZAF,0583
8601,51,246,716,1997.0,0.0,8975.0,1.1987079999999999,0.084231,CPV,ZAF,0583
8602,58,246,716,1997.0,0.0,40244.0,0.45144700000000004,0.46707600000000005,CYP,ZAF,0583
8603,61,246,716,1997.0,77022.0,1169362.0,2.360316,-2.655514,DEU,ZAF,0583
8604,64,246,716,1997.0,0.0,84629.0,1.422606,1.395373,DNK,ZAF,0583
8605,66,246,716,1997.0,0.0,4995978.0,-0.8557879999999999,-1.150101,DZA,ZAF,0583
8606,71,246,716,1997.0,6167.0,33926.0,1.068989,1.9429439999999998,ESP,ZAF,0583
8607,77,246,716,1997.0,86650.0,61974.0,1.6737630000000001,0.7499439999999999,FRA,ZAF,0583
8608,80,246,716,1997.0,0.0,1820.0,-1.277642,-1.178244,GAB,ZAF,0583
8609,81,246,716,1997.0,110692.0,127395.0,1.9742490000000001,0.7046359999999999,GBR,ZAF,0583
8610,83,246,716,1997.0,0.0,15420.0,-1.03989,-0.979039,GHA,ZAF,0583
8611,90,246,716,1997.0,5978.0,101145.0,0.225904,1.291959,GRC,ZAF,0583
8612,97,246,716,1997.0,2449.0,186343.0,0.475945,1.7576919999999998,HKG,ZAF,0583
8613,100,246,716,1997.0,0.0,1542.0,0.61283,1.321775,HRV,ZAF,0583
8614,102,246,716,1997.0,0.0,39031.0,0.9121799999999999,1.55321,HUN,ZAF,0583
8615,104,246,716,1997.0,10849.0,0.0,0.150788,2.027932,IND,ZAF,0583
8616,106,246,716,1997.0,1298.0,0.0,1.579974,1.018361,IRL,ZAF,0583
8617,109,246,716,1997.0,0.0,36394.0,0.33665700000000004,-0.42348,ISL,ZAF,0583
8618,110,246,716,1997.0,52949.0,919084.0,1.404901,1.072135,ISR,ZAF,0583
8619,111,246,716,1997.0,5289.0,582995.0,1.596917,0.8313959999999999,ITA,ZAF,0583
8620,114,246,716,1997.0,0.0,22116.0,2.771316,0.545821,JPN,ZAF,0583
8621,116,246,716,1997.0,0.0,48062.0,-0.363967,0.218183,KEN,ZAF,0583
8622,126,246,716,1997.0,0.0,269596.0,-0.662351,-1.1515309999999999,LBY,ZAF,0583
8623,134,246,716,1997.0,0.0,24991.0,-0.635337,-0.336298,MAR,ZAF,0583
8624,136,246,716,1997.0,0.0,15860.0,-1.090898,-0.605175,MDG,ZAF,0583
8625,137,246,716,1997.0,0.0,2248.0,-1.0046620000000002,-1.0400340000000001,MDV,ZAF,0583
8626,141,246,716,1997.0,0.0,3296.0,-1.166924,-1.060552,MLI,ZAF,0583
8627,142,246,716,1997.0,0.0,13913.0,1.1063180000000001,0.377209,MLT,ZAF,0583
8628,147,246,716,1997.0,0.0,373554.0,-0.6075229999999999,-0.870957,MOZ,ZAF,0583
8629,151,246,716,1997.0,0.0,121543.0,-0.42358999999999997,-0.680841,MUS,ZAF,0583
8630,152,246,716,1997.0,336370.0,14333.0,-1.167342,-1.086488,MWI,ZAF,0583
8631,153,246,716,1997.0,18721.0,1019.0,0.526754,0.33065700000000003,MYS,ZAF,0583
8632,156,246,716,1997.0,0.0,17169.0,-0.600665,-0.8788389999999999,NCL,ZAF,0583
8633,162,246,716,1997.0,7649.0,1201161.0,1.327106,1.520932,NLD,ZAF,0583
8634,163,246,716,1997.0,1106.0,0.0,0.857735,0.061844,NOR,ZAF,0583
8635,166,246,716,1997.0,10122.0,16101.0,0.372052,0.764854,NZL,ZAF,0583
8636,167,246,716,1997.0,0.0,1940.0,-0.233342,-0.9922049999999999,OMN,ZAF,0583
8637,174,246,716,1997.0,0.0,2663.0,0.044834,0.024782,PHL,ZAF,0583
8638,177,246,716,1997.0,0.0,4582.0,0.8447319999999999,2.000241,POL,ZAF,0583
8639,179,246,716,1997.0,4175.0,0.0,0.496633,1.025231,PRT,ZAF,0583
8640,180,246,716,1997.0,0.0,25728.0,-0.6051380000000001,-0.708271,PRY,ZAF,0583
8641,186,246,716,1997.0,0.0,24540.0,0.572773,0.375446,RUS,ZAF,0583
8642,189,246,716,1997.0,0.0,13807.0,0.626724,1.7948549999999999,SCG,ZAF,0583
8643,191,246,716,1997.0,0.0,61733.0,-0.660837,-0.768874,SEN,ZAF,0583
8644,192,246,716,1997.0,5198.0,20972.0,1.1946700000000001,0.30503600000000003,SGP,ZAF,0583
8645,194,246,716,1997.0,0.0,6079.0,1.40714,0.49499899999999997,SHN,ZAF,0583
8646,208,246,716,1997.0,0.0,64520.0,2.0806709999999997,0.9541219999999999,SWE,ZAF,0583
8647,211,246,716,1997.0,0.0,146702.0,-0.547613,-0.8543209999999999,SYC,ZAF,0583
8648,216,246,716,1997.0,45923.0,0.0,0.216402,1.366618,THA,ZAF,0583
8649,223,246,716,1997.0,0.0,28723.0,-0.187276,-0.21877600000000003,TUN,ZAF,0583
8650,224,246,716,1997.0,0.0,1113793.0,0.154428,1.7573880000000002,TUR,ZAF,0583
8651,226,246,716,1997.0,0.0,23598.0,-1.243443,-0.537161,TZA,ZAF,0583
8652,227,246,716,1997.0,0.0,1774.0,-1.175585,-1.017807,UGA,ZAF,0583
8653,228,246,716,1997.0,0.0,17873.0,0.7384539999999999,1.096947,UKR,ZAF,0583
8654,230,246,716,1997.0,0.0,4028.0,0.080024,0.669226,URY,ZAF,0583
8655,231,246,716,1997.0,6133.0,136894.0,1.875847,0.46257299999999996,USA,ZAF,0583
8656,247,246,716,1997.0,0.0,120598.0,-0.8659309999999999,-0.88536,ZMB,ZAF,0583
8657,248,246,716,1997.0,112080.0,72258.0,-0.5328609999999999,-0.509275,ZWE,ZAF,0583
8658,249,246,716,1997.0,1869.0,19044.0,1.557128,1.434424,TWN,ZAF,0583
8659,250,246,716,1997.0,0.0,7699.0,1.004537,0.782725,ANS,ZAF,0583
8660,7,14,716,1997.0,0.0,5059.0,-0.317351,-0.8786510000000001,ARE,AUS,0583
8661,18,14,716,1997.0,59332.0,171976.0,1.470183,1.312167,BEL,AUS,0583
8662,22,14,716,1997.0,0.0,6370.0,-0.638734,-0.895301,BGD,AUS,0583
8663,23,14,716,1997.0,165551.0,0.0,0.523226,1.4133959999999999,BGR,AUS,0583
8664,32,14,716,1997.0,19881.0,0.0,0.805759,1.249182,BRA,AUS,0583
8665,34,14,716,1997.0,0.0,9879.0,-0.443665,-0.825732,BRN,AUS,0583
8666,39,14,716,1997.0,39864.0,43206.0,0.928586,1.3413389999999998,CAN,AUS,0583
8667,41,14,716,1997.0,3490.0,9732.0,2.327788,0.682804,CHE,AUS,0583
8668,42,14,716,1997.0,20850.0,0.0,-0.06841799999999999,-0.21526199999999998,CHL,AUS,0583
8669,43,14,716,1997.0,43663.0,5748.0,0.380294,2.389738,CHN,AUS,0583
8670,52,14,716,1997.0,80081.0,0.0,-0.158667,0.204758,CRI,AUS,0583
8671,58,14,716,1997.0,3576.0,0.0,0.45144700000000004,0.46707600000000005,CYP,AUS,0583
8672,59,14,716,1997.0,51598.0,68931.0,1.450452,1.031814,CZE,AUS,0583
8673,61,14,716,1997.0,177769.0,96101.0,2.360316,-2.655514,DEU,AUS,0583
8674,64,14,716,1997.0,1262127.0,0.0,1.422606,1.395373,DNK,AUS,0583
8675,68,14,716,1997.0,629044.0,27628.0,-0.34861,0.005477,EGY,AUS,0583
8676,71,14,716,1997.0,5106.0,0.0,1.068989,1.9429439999999998,ESP,AUS,0583
8677,74,14,716,1997.0,1379.0,0.0,1.991377,1.047477,FIN,AUS,0583
8678,75,14,716,1997.0,11568.0,400117.0,-0.8839090000000001,-0.9493540000000001,FJI,AUS,0583
8679,77,14,716,1997.0,1322380.0,8133.0,1.6737630000000001,0.7499439999999999,FRA,AUS,0583
8680,81,14,716,1997.0,1688070.0,31977.0,1.9742490000000001,0.7046359999999999,GBR,AUS,0583
8681,90,14,716,1997.0,30072.0,0.0,0.225904,1.291959,GRC,AUS,0583
8682,97,14,716,1997.0,35184.0,154150.0,0.475945,1.7576919999999998,HKG,AUS,0583
8683,99,14,716,1997.0,63021.0,0.0,-0.7449319999999999,-0.50008,HND,AUS,0583
8684,100,14,716,1997.0,279548.0,0.0,0.61283,1.321775,HRV,AUS,0583
8685,102,14,716,1997.0,330004.0,0.0,0.9121799999999999,1.55321,HUN,AUS,0583
8686,103,14,716,1997.0,6167.0,512184.0,-0.21049600000000002,1.318692,IDN,AUS,0583
8687,104,14,716,1997.0,36268.0,1273.0,0.150788,2.027932,IND,AUS,0583
8688,107,14,716,1997.0,2708.0,0.0,-0.8911190000000001,-1.085849,IRN,AUS,0583
8689,110,14,716,1997.0,33505.0,216748.0,1.404901,1.072135,ISR,AUS,0583
8690,111,14,716,1997.0,107100.0,0.0,1.596917,0.8313959999999999,ITA,AUS,0583
8691,113,14,716,1997.0,0.0,11021.0,0.641787,0.484512,JOR,AUS,0583
8692,114,14,716,1997.0,4074.0,627921.0,2.771316,0.545821,JPN,AUS,0583
8693,118,14,716,1997.0,0.0,1315.0,-1.3386770000000001,-1.2547110000000001,KHM,AUS,0583
8694,119,14,716,1997.0,0.0,12794.0,-0.216348,-0.881244,KIR,AUS,0583
8695,121,14,716,1997.0,0.0,57329.0,1.2642,1.164231,KOR,AUS,0583
8696,122,14,716,1997.0,0.0,8849.0,-1.0192139999999998,-1.193627,KWT,AUS,0583
8697,124,14,716,1997.0,50550.0,10110.0,0.28229299999999996,1.0650549999999999,LBN,AUS,0583
8698,126,14,716,1997.0,0.0,555423.0,-0.662351,-1.1515309999999999,LBY,AUS,0583
8699,128,14,716,1997.0,20935.0,24196.0,-0.6467470000000001,-0.27831300000000003,LKA,AUS,0583
8700,133,14,716,1997.0,0.0,1031.0,-0.061292,-0.44707399999999997,MAC,AUS,0583
8701,137,14,716,1997.0,0.0,175738.0,-1.0046620000000002,-1.0400340000000001,MDV,AUS,0583
8702,138,14,716,1997.0,91712.0,0.0,0.7735350000000001,0.9161590000000001,MEX,AUS,0583
8703,140,14,716,1997.0,3429.0,0.0,0.297389,0.735171,MKD,AUS,0583
8704,142,14,716,1997.0,0.0,153875.0,1.1063180000000001,0.377209,MLT,AUS,0583
8705,151,14,716,1997.0,0.0,13130.0,-0.42358999999999997,-0.680841,MUS,AUS,0583
8706,153,14,716,1997.0,88449.0,650433.0,0.526754,0.33065700000000003,MYS,AUS,0583
8707,156,14,716,1997.0,0.0,159448.0,-0.600665,-0.8788389999999999,NCL,AUS,0583
8708,158,14,716,1997.0,0.0,4377.0,1.8663610000000002,-0.21939299999999998,NFK,AUS,0583
8709,162,14,716,1997.0,73502.0,60176.0,1.327106,1.520932,NLD,AUS,0583
8710,165,14,716,1997.0,0.0,22283.0,1.272822,-0.382333,NRU,AUS,0583
8711,166,14,716,1997.0,3407876.0,1689281.0,0.372052,0.764854,NZL,AUS,0583
8712,174,14,716,1997.0,32187.0,40397.0,0.044834,0.024782,PHL,AUS,0583
8713,176,14,716,1997.0,0.0,136783.0,-1.960463,-1.270168,PNG,AUS,0583
8714,177,14,716,1997.0,29982.0,0.0,0.8447319999999999,2.000241,POL,AUS,0583
8715,182,14,716,1997.0,0.0,3020.0,0.431432,-0.5432020000000001,PYF,AUS,0583
8716,185,14,716,1997.0,16733.0,0.0,0.666251,1.31932,ROU,AUS,0583
8717,186,14,716,1997.0,0.0,20688.0,0.572773,0.375446,RUS,AUS,0583
8718,188,14,716,1997.0,0.0,242454.0,-0.300809,-1.0455,SAU,AUS,0583
8719,189,14,716,1997.0,16569.0,0.0,0.626724,1.7948549999999999,SCG,AUS,0583
8720,192,14,716,1997.0,81803.0,1030193.0,1.1946700000000001,0.30503600000000003,SGP,AUS,0583
8721,208,14,716,1997.0,9583.0,0.0,2.0806709999999997,0.9541219999999999,SWE,AUS,0583
8722,216,14,716,1997.0,49540.0,40623.0,0.216402,1.366618,THA,AUS,0583
8723,221,14,716,1997.0,0.0,10309.0,-1.0413940000000002,-0.990821,TON,AUS,0583
8724,224,14,716,1997.0,135311.0,0.0,0.154428,1.7573880000000002,TUR,AUS,0583
8725,225,14,716,1997.0,0.0,4322.0,1.177384,-0.5756560000000001,TUV,AUS,0583
8726,230,14,716,1997.0,3245.0,0.0,0.080024,0.669226,URY,AUS,0583
8727,231,14,716,1997.0,1207601.0,307227.0,1.875847,0.46257299999999996,USA,AUS,0583
8728,239,14,716,1997.0,19501.0,1391.0,-0.67516,0.251436,VNM,AUS,0583
8729,240,14,716,1997.0,0.0,7272.0,-1.04932,-0.982175,VUT,AUS,0583
8730,246,14,716,1997.0,34328.0,2601.0,0.29381199999999996,1.276557,ZAF,AUS,0583
8731,249,14,716,1997.0,116525.0,36832.0,1.557128,1.434424,TWN,AUS,0583
8732,250,14,716,1997.0,19701.0,15618.0,1.004537,0.782725,ANS,AUS,0583
8733,7,16,716,1997.0,12491.0,0.0,-0.317351,-0.8786510000000001,ARE,AZE,0583
8734,23,16,716,1997.0,6442.0,0.0,0.523226,1.4133959999999999,BGR,AZE,0583
8735,28,16,716,1997.0,0.0,37668.0,0.716832,0.706486,BLR,AZE,0583
8736,41,16,716,1997.0,2548.0,0.0,2.327788,0.682804,CHE,AZE,0583
8737,61,16,716,1997.0,20823.0,0.0,2.360316,-2.655514,DEU,AZE,0583
8738,82,16,716,1997.0,0.0,9698.0,0.347408,0.106341,GEO,AZE,0583
8739,107,16,716,1997.0,80363.0,0.0,-0.8911190000000001,-1.085849,IRN,AZE,0583
8740,115,16,716,1997.0,0.0,100247.0,0.302596,-0.028221,KAZ,AZE,0583
8741,162,16,716,1997.0,9239.0,0.0,1.327106,1.520932,NLD,AZE,0583
8742,177,16,716,1997.0,9806.0,0.0,0.8447319999999999,2.000241,POL,AZE,0583
8743,186,16,716,1997.0,4381.0,318653.0,0.572773,0.375446,RUS,AZE,0583
8744,212,16,716,1997.0,12082.0,0.0,-0.932127,-0.963823,SYR,AZE,0583
8745,224,16,716,1997.0,38609.0,21354.0,0.154428,1.7573880000000002,TUR,AZE,0583
8746,231,16,716,1997.0,0.0,14572.0,1.875847,0.46257299999999996,USA,AZE,0583
8747,14,22,716,1997.0,6370.0,0.0,-0.033861,0.647668,AUS,BGD,0583
8748,81,22,716,1997.0,18374.0,0.0,1.9742490000000001,0.7046359999999999,GBR,BGD,0583
8749,104,22,716,1997.0,3965.0,0.0,0.150788,2.027932,IND,BGD,0583
8750,121,22,716,1997.0,10508.0,0.0,1.2642,1.164231,KOR,BGD,0583
8751,153,22,716,1997.0,7842.0,0.0,0.526754,0.33065700000000003,MYS,BGD,0583
8752,162,22,716,1997.0,7401.0,0.0,1.327106,1.520932,NLD,BGD,0583
8753,168,22,716,1997.0,98622.0,0.0,-0.844282,-0.602616,PAK,BGD,0583
8754,192,22,716,1997.0,20237.0,0.0,1.1946700000000001,0.30503600000000003,SGP,BGD,0583
8755,216,22,716,1997.0,1106.0,0.0,0.216402,1.366618,THA,BGD,0583
8756,231,22,716,1997.0,2198.0,0.0,1.875847,0.46257299999999996,USA,BGD,0583
8757,4,23,716,1997.0,0.0,26900.0,-0.375654,-0.124279,ALB,BGR,0583
8758,9,23,716,1997.0,0.0,4162.0,0.818788,0.226075,ARM,BGR,0583
8759,14,23,716,1997.0,0.0,165551.0,-0.033861,0.647668,AUS,BGR,0583
8760,15,23,716,1997.0,33991.0,93573.0,1.904005,0.445169,AUT,BGR,0583
8761,16,23,716,1997.0,0.0,6442.0,0.28532199999999996,-0.00025299999999999997,AZE,BGR,0583
8762,18,23,716,1997.0,2610.0,3946.0,1.470183,1.312167,BEL,BGR,0583
8763,28,23,716,1997.0,0.0,6862.0,0.716832,0.706486,BLR,BGR,0583
8764,41,23,716,1997.0,1448.0,0.0,2.327788,0.682804,CHE,BGR,0583
8765,52,23,716,1997.0,9983.0,0.0,-0.158667,0.204758,CRI,BGR,0583
8766,59,23,716,1997.0,131868.0,168812.0,1.450452,1.031814,CZE,BGR,0583
8767,61,23,716,1997.0,44140.0,711511.0,2.360316,-2.655514,DEU,BGR,0583
8768,72,23,716,1997.0,0.0,2749.0,0.45792,1.148099,EST,BGR,0583
8769,77,23,716,1997.0,1723.0,19212.0,1.6737630000000001,0.7499439999999999,FRA,BGR,0583
8770,82,23,716,1997.0,0.0,5630.0,0.347408,0.106341,GEO,BGR,0583
8771,83,23,716,1997.0,0.0,2639.0,-1.03989,-0.979039,GHA,BGR,0583
8772,90,23,716,1997.0,478747.0,0.0,0.225904,1.291959,GRC,BGR,0583
8773,100,23,716,1997.0,0.0,50170.0,0.61283,1.321775,HRV,BGR,0583
8774,102,23,716,1997.0,17005.0,9598.0,0.9121799999999999,1.55321,HUN,BGR,0583
8775,110,23,716,1997.0,0.0,305791.0,1.404901,1.072135,ISR,BGR,0583
8776,111,23,716,1997.0,31525.0,0.0,1.596917,0.8313959999999999,ITA,BGR,0583
8777,113,23,716,1997.0,0.0,240930.0,0.641787,0.484512,JOR,BGR,0583
8778,114,23,716,1997.0,0.0,27554.0,2.771316,0.545821,JPN,BGR,0583
8779,115,23,716,1997.0,0.0,45941.0,0.302596,-0.028221,KAZ,BGR,0583
8780,117,23,716,1997.0,0.0,38372.0,0.063303,-0.014279,KGZ,BGR,0583
8781,124,23,716,1997.0,0.0,10186.0,0.28229299999999996,1.0650549999999999,LBN,BGR,0583
8782,126,23,716,1997.0,0.0,11453.0,-0.662351,-1.1515309999999999,LBY,BGR,0583
8783,135,23,716,1997.0,0.0,2250.0,0.14225,-0.250556,MDA,BGR,0583
8784,140,23,716,1997.0,0.0,3460.0,0.297389,0.735171,MKD,BGR,0583
8785,142,23,716,1997.0,0.0,1305.0,1.1063180000000001,0.377209,MLT,BGR,0583
8786,145,23,716,1997.0,0.0,10729.0,-0.569797,-0.9604370000000001,MNG,BGR,0583
8787,162,23,716,1997.0,13431.0,36297.0,1.327106,1.520932,NLD,BGR,0583
8788,185,23,716,1997.0,2763.0,11315.0,0.666251,1.31932,ROU,BGR,0583
8789,186,23,716,1997.0,0.0,2327352.0,0.572773,0.375446,RUS,BGR,0583
8790,189,23,716,1997.0,0.0,4229.0,0.626724,1.7948549999999999,SCG,BGR,0583
8791,224,23,716,1997.0,8375.0,0.0,0.154428,1.7573880000000002,TUR,BGR,0583
8792,228,23,716,1997.0,146818.0,50142.0,0.7384539999999999,1.096947,UKR,BGR,0583
8793,231,23,716,1997.0,167034.0,353522.0,1.875847,0.46257299999999996,USA,BGR,0583
8794,246,23,716,1997.0,95662.0,0.0,0.29381199999999996,1.276557,ZAF,BGR,0583
8795,250,23,716,1997.0,0.0,27310.0,1.004537,0.782725,ANS,BGR,0583
8796,2,32,716,1997.0,0.0,777808.0,-1.800252,-1.237594,AGO,BRA,0583
8797,8,32,716,1997.0,1106047.0,2446.0,0.072589,0.965456,ARG,BRA,0583
8798,14,32,716,1997.0,0.0,19881.0,-0.033861,0.647668,AUS,BRA,0583
8799,15,32,716,1997.0,98324.0,0.0,1.904005,0.445169,AUT,BRA,0583
8800,18,32,716,1997.0,99699.0,0.0,1.470183,1.312167,BEL,BRA,0583
8801,31,32,716,1997.0,13338.0,20335.0,-0.765684,-0.796686,BOL,BRA,0583
8802,33,32,716,1997.0,0.0,42002.0,0.916416,0.490241,BRB,BRA,0583
8803,39,32,716,1997.0,21679.0,0.0,0.928586,1.3413389999999998,CAN,BRA,0583
8804,41,32,716,1997.0,0.0,34842.0,2.327788,0.682804,CHE,BRA,0583
8805,42,32,716,1997.0,933158.0,80074.0,-0.06841799999999999,-0.21526199999999998,CHL,BRA,0583
8806,43,32,716,1997.0,13021.0,58168.0,0.380294,2.389738,CHN,BRA,0583
8807,49,32,716,1997.0,0.0,1639.0,0.023456,0.057771,COL,BRA,0583
8808,51,32,716,1997.0,0.0,164141.0,1.1987079999999999,0.084231,CPV,BRA,0583
8809,52,32,716,1997.0,10029.0,0.0,-0.158667,0.204758,CRI,BRA,0583
8810,54,32,716,1997.0,0.0,143152.0,-0.793234,-1.169625,CUB,BRA,0583
8811,59,32,716,1997.0,0.0,19858.0,1.450452,1.031814,CZE,BRA,0583
8812,61,32,716,1997.0,876483.0,12469.0,2.360316,-2.655514,DEU,BRA,0583
8813,64,32,716,1997.0,783946.0,0.0,1.422606,1.395373,DNK,BRA,0583
8814,68,32,716,1997.0,5304.0,0.0,-0.34861,0.005477,EGY,BRA,0583
8815,71,32,716,1997.0,150042.0,157263.0,1.068989,1.9429439999999998,ESP,BRA,0583
8816,77,32,716,1997.0,545825.0,36161.0,1.6737630000000001,0.7499439999999999,FRA,BRA,0583
8817,81,32,716,1997.0,29766.0,0.0,1.9742490000000001,0.7046359999999999,GBR,BRA,0583
8818,90,32,716,1997.0,118036.0,0.0,0.225904,1.291959,GRC,BRA,0583
8819,97,32,716,1997.0,1273.0,0.0,0.475945,1.7576919999999998,HKG,BRA,0583
8820,102,32,716,1997.0,2022.0,8286.0,0.9121799999999999,1.55321,HUN,BRA,0583
8821,103,32,716,1997.0,0.0,2630.0,-0.21049600000000002,1.318692,IDN,BRA,0583
8822,104,32,716,1997.0,26011.0,0.0,0.150788,2.027932,IND,BRA,0583
8823,110,32,716,1997.0,1027.0,0.0,1.404901,1.072135,ISR,BRA,0583
8824,111,32,716,1997.0,132393.0,2270.0,1.596917,0.8313959999999999,ITA,BRA,0583
8825,112,32,716,1997.0,0.0,4122.0,-0.6338739999999999,-0.838622,JAM,BRA,0583
8826,114,32,716,1997.0,11479.0,29542.0,2.771316,0.545821,JPN,BRA,0583
8827,121,32,716,1997.0,1290.0,0.0,1.2642,1.164231,KOR,BRA,0583
8828,124,32,716,1997.0,90777.0,0.0,0.28229299999999996,1.0650549999999999,LBN,BRA,0583
8829,153,32,716,1997.0,20623.0,0.0,0.526754,0.33065700000000003,MYS,BRA,0583
8830,162,32,716,1997.0,22226.0,4971.0,1.327106,1.520932,NLD,BRA,0583
8831,163,32,716,1997.0,1453.0,0.0,0.857735,0.061844,NOR,BRA,0583
8832,174,32,716,1997.0,17615.0,0.0,0.044834,0.024782,PHL,BRA,0583
8833,179,32,716,1997.0,6827.0,154179.0,0.496633,1.025231,PRT,BRA,0583
8834,180,32,716,1997.0,83947.0,524090.0,-0.6051380000000001,-0.708271,PRY,BRA,0583
8835,182,32,716,1997.0,0.0,1061.0,0.431432,-0.5432020000000001,PYF,BRA,0583
8836,205,32,716,1997.0,0.0,6021.0,-1.125928,-0.980981,SUR,BRA,0583
8837,206,32,716,1997.0,0.0,1731.0,1.265691,1.368739,SVK,BRA,0583
8838,208,32,716,1997.0,1011.0,0.0,2.0806709999999997,0.9541219999999999,SWE,BRA,0583
8839,212,32,716,1997.0,4705.0,0.0,-0.932127,-0.963823,SYR,BRA,0583
8840,216,32,716,1997.0,1902.0,0.0,0.216402,1.366618,THA,BRA,0583
8841,222,32,716,1997.0,0.0,30663.0,0.051947,-0.405412,TTO,BRA,0583
8842,230,32,716,1997.0,4348.0,212301.0,0.080024,0.669226,URY,BRA,0583
8843,231,32,716,1997.0,395954.0,825328.0,1.875847,0.46257299999999996,USA,BRA,0583
8844,236,32,716,1997.0,14872.0,0.0,-0.137776,-0.750744,VEN,BRA,0583
8845,249,32,716,1997.0,15192.0,0.0,1.557128,1.434424,TWN,BRA,0583
8846,250,32,716,1997.0,0.0,1466.0,1.004537,0.782725,ANS,BRA,0583
8847,7,39,716,1997.0,0.0,223231.0,-0.317351,-0.8786510000000001,ARE,CAN,0583
8848,8,39,716,1997.0,16660.0,0.0,0.072589,0.965456,ARG,CAN,0583
8849,14,39,716,1997.0,43206.0,39864.0,-0.033861,0.647668,AUS,CAN,0583
8850,15,39,716,1997.0,84077.0,0.0,1.904005,0.445169,AUT,CAN,0583
8851,18,39,716,1997.0,407042.0,17311.0,1.470183,1.312167,BEL,CAN,0583
8852,24,39,716,1997.0,0.0,13457.0,-0.44965,-1.035584,BHR,CAN,0583
8853,32,39,716,1997.0,0.0,21679.0,0.805759,1.249182,BRA,CAN,0583
8854,33,39,716,1997.0,1452.0,7832.0,0.916416,0.490241,BRB,CAN,0583
8855,41,39,716,1997.0,697999.0,1258.0,2.327788,0.682804,CHE,CAN,0583
8856,42,39,716,1997.0,524864.0,0.0,-0.06841799999999999,-0.21526199999999998,CHL,CAN,0583
8857,43,39,716,1997.0,99090.0,15058.0,0.380294,2.389738,CHN,CAN,0583
8858,44,39,716,1997.0,17528.0,0.0,-0.647407,-0.603726,CIV,CAN,0583
8859,49,39,716,1997.0,18137.0,0.0,0.023456,0.057771,COL,CAN,0583
8860,52,39,716,1997.0,397033.0,0.0,-0.158667,0.204758,CRI,CAN,0583
8861,59,39,716,1997.0,0.0,14845.0,1.450452,1.031814,CZE,CAN,0583
8862,61,39,716,1997.0,915782.0,10571.0,2.360316,-2.655514,DEU,CAN,0583
8863,64,39,716,1997.0,581224.0,0.0,1.422606,1.395373,DNK,CAN,0583
8864,65,39,716,1997.0,2498.0,0.0,-0.5140170000000001,-0.564107,DOM,CAN,0583
8865,67,39,716,1997.0,145717.0,37263.0,-1.124002,-1.0084549999999999,ECU,CAN,0583
8866,68,39,716,1997.0,21235.0,3556.0,-0.34861,0.005477,EGY,CAN,0583
8867,71,39,716,1997.0,56811.0,0.0,1.068989,1.9429439999999998,ESP,CAN,0583
8868,74,39,716,1997.0,2492.0,0.0,1.991377,1.047477,FIN,CAN,0583
8869,77,39,716,1997.0,1464086.0,30606.0,1.6737630000000001,0.7499439999999999,FRA,CAN,0583
8870,81,39,716,1997.0,2098186.0,0.0,1.9742490000000001,0.7046359999999999,GBR,CAN,0583
8871,90,39,716,1997.0,23402.0,0.0,0.225904,1.291959,GRC,CAN,0583
8872,93,39,716,1997.0,1596.0,0.0,-0.17965,0.23698200000000003,GTM,CAN,0583
8873,96,39,716,1997.0,0.0,1550.0,-0.5991029999999999,-0.769726,GUY,CAN,0583
8874,97,39,716,1997.0,47783.0,15389.0,0.475945,1.7576919999999998,HKG,CAN,0583
8875,99,39,716,1997.0,107317.0,0.0,-0.7449319999999999,-0.50008,HND,CAN,0583
8876,100,39,716,1997.0,18903.0,0.0,0.61283,1.321775,HRV,CAN,0583
8877,102,39,716,1997.0,13265.0,8799.0,0.9121799999999999,1.55321,HUN,CAN,0583
8878,104,39,716,1997.0,58517.0,0.0,0.150788,2.027932,IND,CAN,0583
8879,106,39,716,1997.0,79613.0,0.0,1.579974,1.018361,IRL,CAN,0583
8880,107,39,716,1997.0,17864.0,0.0,-0.8911190000000001,-1.085849,IRN,CAN,0583
8881,110,39,716,1997.0,63173.0,120324.0,1.404901,1.072135,ISR,CAN,0583
8882,111,39,716,1997.0,364182.0,0.0,1.596917,0.8313959999999999,ITA,CAN,0583
8883,112,39,716,1997.0,57366.0,1197.0,-0.6338739999999999,-0.838622,JAM,CAN,0583
8884,114,39,716,1997.0,50502.0,1123219.0,2.771316,0.545821,JPN,CAN,0583
8885,115,39,716,1997.0,0.0,8427.0,0.302596,-0.028221,KAZ,CAN,0583
8886,122,39,716,1997.0,0.0,189645.0,-1.0192139999999998,-1.193627,KWT,CAN,0583
8887,124,39,716,1997.0,147462.0,16354.0,0.28229299999999996,1.0650549999999999,LBN,CAN,0583
8888,128,39,716,1997.0,92588.0,0.0,-0.6467470000000001,-0.27831300000000003,LKA,CAN,0583
8889,133,39,716,1997.0,0.0,3018.0,-0.061292,-0.44707399999999997,MAC,CAN,0583
8890,138,39,716,1997.0,100583.0,1737.0,0.7735350000000001,0.9161590000000001,MEX,CAN,0583
8891,142,39,716,1997.0,0.0,22041.0,1.1063180000000001,0.377209,MLT,CAN,0583
8892,151,39,716,1997.0,2746.0,0.0,-0.42358999999999997,-0.680841,MUS,CAN,0583
8893,153,39,716,1997.0,28031.0,36885.0,0.526754,0.33065700000000003,MYS,CAN,0583
8894,162,39,716,1997.0,34864.0,0.0,1.327106,1.520932,NLD,CAN,0583
8895,166,39,716,1997.0,1985.0,0.0,0.372052,0.764854,NZL,CAN,0583
8896,167,39,716,1997.0,0.0,9987.0,-0.233342,-0.9922049999999999,OMN,CAN,0583
8897,168,39,716,1997.0,6705.0,0.0,-0.844282,-0.602616,PAK,CAN,0583
8898,173,39,716,1997.0,16548.0,0.0,-0.603019,-0.365845,PER,CAN,0583
8899,174,39,716,1997.0,67069.0,8166.0,0.044834,0.024782,PHL,CAN,0583
8900,177,39,716,1997.0,252785.0,2774.0,0.8447319999999999,2.000241,POL,CAN,0583
8901,179,39,716,1997.0,42106.0,0.0,0.496633,1.025231,PRT,CAN,0583
8902,183,39,716,1997.0,0.0,24484.0,-1.1276760000000001,-1.233235,QAT,CAN,0583
8903,186,39,716,1997.0,1831.0,2903.0,0.572773,0.375446,RUS,CAN,0583
8904,188,39,716,1997.0,1701.0,252781.0,-0.300809,-1.0455,SAU,CAN,0583
8905,189,39,716,1997.0,14875.0,0.0,0.626724,1.7948549999999999,SCG,CAN,0583
8906,192,39,716,1997.0,22662.0,5502.0,1.1946700000000001,0.30503600000000003,SGP,CAN,0583
8907,208,39,716,1997.0,70122.0,0.0,2.0806709999999997,0.9541219999999999,SWE,CAN,0583
8908,212,39,716,1997.0,4663.0,0.0,-0.932127,-0.963823,SYR,CAN,0583
8909,216,39,716,1997.0,55326.0,4212.0,0.216402,1.366618,THA,CAN,0583
8910,222,39,716,1997.0,8838.0,63241.0,0.051947,-0.405412,TTO,CAN,0583
8911,224,39,716,1997.0,86063.0,0.0,0.154428,1.7573880000000002,TUR,CAN,0583
8912,228,39,716,1997.0,0.0,1141.0,0.7384539999999999,1.096947,UKR,CAN,0583
8913,231,39,716,1997.0,11063727.0,4587246.0,1.875847,0.46257299999999996,USA,CAN,0583
8914,239,39,716,1997.0,7177.0,0.0,-0.67516,0.251436,VNM,CAN,0583
8915,246,39,716,1997.0,17669.0,64938.0,0.29381199999999996,1.276557,ZAF,CAN,0583
8916,249,39,716,1997.0,110271.0,18349.0,1.557128,1.434424,TWN,CAN,0583
8917,250,39,716,1997.0,3399.0,0.0,1.004537,0.782725,ANS,CAN,0583
8918,4,41,716,1997.0,0.0,15135.0,-0.375654,-0.124279,ALB,CHE,0583
8919,7,41,716,1997.0,0.0,277533.0,-0.317351,-0.8786510000000001,ARE,CHE,0583
8920,8,41,716,1997.0,23506.0,77485.0,0.072589,0.965456,ARG,CHE,0583
8921,14,41,716,1997.0,9732.0,3490.0,-0.033861,0.647668,AUS,CHE,0583
8922,15,41,716,1997.0,230003.0,224527.0,1.904005,0.445169,AUT,CHE,0583
8923,16,41,716,1997.0,0.0,2548.0,0.28532199999999996,-0.00025299999999999997,AZE,CHE,0583
8924,18,41,716,1997.0,8428.0,8789.0,1.470183,1.312167,BEL,CHE,0583
8925,23,41,716,1997.0,0.0,1448.0,0.523226,1.4133959999999999,BGR,CHE,0583
8926,24,41,716,1997.0,0.0,61790.0,-0.44965,-1.035584,BHR,CHE,0583
8927,30,41,716,1997.0,0.0,15416.0,0.41035200000000005,-0.552818,BMU,CHE,0583
8928,32,41,716,1997.0,34842.0,0.0,0.805759,1.249182,BRA,CHE,0583
8929,39,41,716,1997.0,1258.0,697999.0,0.928586,1.3413389999999998,CAN,CHE,0583
8930,42,41,716,1997.0,23207.0,14659.0,-0.06841799999999999,-0.21526199999999998,CHL,CHE,0583
8931,43,41,716,1997.0,0.0,26871.0,0.380294,2.389738,CHN,CHE,0583
8932,49,41,716,1997.0,0.0,110159.0,0.023456,0.057771,COL,CHE,0583
8933,52,41,716,1997.0,3120028.0,0.0,-0.158667,0.204758,CRI,CHE,0583
8934,58,41,716,1997.0,0.0,53968.0,0.45144700000000004,0.46707600000000005,CYP,CHE,0583
8935,59,41,716,1997.0,0.0,8948.0,1.450452,1.031814,CZE,CHE,0583
8936,61,41,716,1997.0,652719.0,245768.0,2.360316,-2.655514,DEU,CHE,0583
8937,64,41,716,1997.0,1084.0,0.0,1.422606,1.395373,DNK,CHE,0583
8938,68,41,716,1997.0,0.0,15621.0,-0.34861,0.005477,EGY,CHE,0583
8939,71,41,716,1997.0,130811.0,16823.0,1.068989,1.9429439999999998,ESP,CHE,0583
8940,74,41,716,1997.0,0.0,9670.0,1.991377,1.047477,FIN,CHE,0583
8941,77,41,716,1997.0,3216186.0,19551.0,1.6737630000000001,0.7499439999999999,FRA,CHE,0583
8942,81,41,716,1997.0,322176.0,0.0,1.9742490000000001,0.7046359999999999,GBR,CHE,0583
8943,82,41,716,1997.0,0.0,1137.0,0.347408,0.106341,GEO,CHE,0583
8944,90,41,716,1997.0,7652.0,0.0,0.225904,1.291959,GRC,CHE,0583
8945,97,41,716,1997.0,0.0,1179489.0,0.475945,1.7576919999999998,HKG,CHE,0583
8946,100,41,716,1997.0,2312.0,0.0,0.61283,1.321775,HRV,CHE,0583
8947,102,41,716,1997.0,11783.0,2716.0,0.9121799999999999,1.55321,HUN,CHE,0583
8948,103,41,716,1997.0,0.0,80242.0,-0.21049600000000002,1.318692,IDN,CHE,0583
8949,104,41,716,1997.0,23718.0,0.0,0.150788,2.027932,IND,CHE,0583
8950,109,41,716,1997.0,0.0,20256.0,0.33665700000000004,-0.42348,ISL,CHE,0583
8951,110,41,716,1997.0,23858.0,466963.0,1.404901,1.072135,ISR,CHE,0583
8952,111,41,716,1997.0,648457.0,25618.0,1.596917,0.8313959999999999,ITA,CHE,0583
8953,113,41,716,1997.0,0.0,39089.0,0.641787,0.484512,JOR,CHE,0583
8954,114,41,716,1997.0,2853.0,1265460.0,2.771316,0.545821,JPN,CHE,0583
8955,121,41,716,1997.0,0.0,49979.0,1.2642,1.164231,KOR,CHE,0583
8956,122,41,716,1997.0,0.0,458391.0,-1.0192139999999998,-1.193627,KWT,CHE,0583
8957,124,41,716,1997.0,3128.0,14947.0,0.28229299999999996,1.0650549999999999,LBN,CHE,0583
8958,128,41,716,1997.0,7445.0,0.0,-0.6467470000000001,-0.27831300000000003,LKA,CHE,0583
8959,133,41,716,1997.0,0.0,18146.0,-0.061292,-0.44707399999999997,MAC,CHE,0583
8960,138,41,716,1997.0,10184.0,99616.0,0.7735350000000001,0.9161590000000001,MEX,CHE,0583
8961,151,41,716,1997.0,4817.0,0.0,-0.42358999999999997,-0.680841,MUS,CHE,0583
8962,153,41,716,1997.0,0.0,305876.0,0.526754,0.33065700000000003,MYS,CHE,0583
8963,162,41,716,1997.0,146899.0,6336.0,1.327106,1.520932,NLD,CHE,0583
8964,163,41,716,1997.0,4004.0,1648734.0,0.857735,0.061844,NOR,CHE,0583
8965,166,41,716,1997.0,6612.0,0.0,0.372052,0.764854,NZL,CHE,0583
8966,167,41,716,1997.0,0.0,27382.0,-0.233342,-0.9922049999999999,OMN,CHE,0583
8967,168,41,716,1997.0,0.0,30184.0,-0.844282,-0.602616,PAK,CHE,0583
8968,173,41,716,1997.0,0.0,6231.0,-0.603019,-0.365845,PER,CHE,0583
8969,174,41,716,1997.0,2726.0,96687.0,0.044834,0.024782,PHL,CHE,0583
8970,178,41,716,1997.0,0.0,183788.0,0.734805,0.8720889999999999,PRK,CHE,0583
8971,179,41,716,1997.0,17525.0,0.0,0.496633,1.025231,PRT,CHE,0583
8972,183,41,716,1997.0,0.0,31762.0,-1.1276760000000001,-1.233235,QAT,CHE,0583
8973,186,41,716,1997.0,0.0,50293.0,0.572773,0.375446,RUS,CHE,0583
8974,188,41,716,1997.0,0.0,973876.0,-0.300809,-1.0455,SAU,CHE,0583
8975,192,41,716,1997.0,0.0,574173.0,1.1946700000000001,0.30503600000000003,SGP,CHE,0583
8976,208,41,716,1997.0,151840.0,38528.0,2.0806709999999997,0.9541219999999999,SWE,CHE,0583
8977,216,41,716,1997.0,62158.0,308804.0,0.216402,1.366618,THA,CHE,0583
8978,224,41,716,1997.0,14561.0,3619.0,0.154428,1.7573880000000002,TUR,CHE,0583
8979,228,41,716,1997.0,0.0,1426.0,0.7384539999999999,1.096947,UKR,CHE,0583
8980,231,41,716,1997.0,14886.0,4237062.0,1.875847,0.46257299999999996,USA,CHE,0583
8981,236,41,716,1997.0,0.0,51358.0,-0.137776,-0.750744,VEN,CHE,0583
8982,243,41,716,1997.0,0.0,11421.0,-1.665484,-1.292243,YEM,CHE,0583
8983,246,41,716,1997.0,340154.0,16871.0,0.29381199999999996,1.276557,ZAF,CHE,0583
8984,249,41,716,1997.0,0.0,309168.0,1.557128,1.434424,TWN,CHE,0583
8985,250,41,716,1997.0,0.0,1179.0,1.004537,0.782725,ANS,CHE,0583
8986,8,42,716,1997.0,111215.0,889226.0,0.072589,0.965456,ARG,CHL,0583
8987,14,42,716,1997.0,0.0,20850.0,-0.033861,0.647668,AUS,CHL,0583
8988,18,42,716,1997.0,0.0,27466.0,1.470183,1.312167,BEL,CHL,0583
8989,25,42,716,1997.0,0.0,2755.0,0.82352,-0.091626,BHS,CHL,0583
8990,31,42,716,1997.0,0.0,306054.0,-0.765684,-0.796686,BOL,CHL,0583
8991,32,42,716,1997.0,80074.0,933158.0,0.805759,1.249182,BRA,CHL,0583
8992,39,42,716,1997.0,0.0,524864.0,0.928586,1.3413389999999998,CAN,CHL,0583
8993,41,42,716,1997.0,14659.0,23207.0,2.327788,0.682804,CHE,CHL,0583
8994,49,42,716,1997.0,0.0,1854515.0,0.023456,0.057771,COL,CHL,0583
8995,52,42,716,1997.0,29324.0,436832.0,-0.158667,0.204758,CRI,CHL,0583
8996,54,42,716,1997.0,0.0,916689.0,-0.793234,-1.169625,CUB,CHL,0583
8997,61,42,716,1997.0,1133.0,0.0,2.360316,-2.655514,DEU,CHL,0583
8998,65,42,716,1997.0,0.0,67275.0,-0.5140170000000001,-0.564107,DOM,CHL,0583
8999,67,42,716,1997.0,60464.0,577247.0,-1.124002,-1.0084549999999999,ECU,CHL,0583
9000,71,42,716,1997.0,12792.0,0.0,1.068989,1.9429439999999998,ESP,CHL,0583
9001,74,42,716,1997.0,0.0,247017.0,1.991377,1.047477,FIN,CHL,0583
9002,77,42,716,1997.0,51021.0,0.0,1.6737630000000001,0.7499439999999999,FRA,CHL,0583
9003,81,42,716,1997.0,5285.0,10855.0,1.9742490000000001,0.7046359999999999,GBR,CHL,0583
9004,93,42,716,1997.0,0.0,104909.0,-0.17965,0.23698200000000003,GTM,CHL,0583
9005,99,42,716,1997.0,0.0,165657.0,-0.7449319999999999,-0.50008,HND,CHL,0583
9006,111,42,716,1997.0,60112.0,0.0,1.596917,0.8313959999999999,ITA,CHL,0583
9007,112,42,716,1997.0,0.0,30080.0,-0.6338739999999999,-0.838622,JAM,CHL,0583
9008,114,42,716,1997.0,0.0,231652.0,2.771316,0.545821,JPN,CHL,0583
9009,124,42,716,1997.0,8245.0,0.0,0.28229299999999996,1.0650549999999999,LBN,CHL,0583
9010,138,42,716,1997.0,45897.0,3469843.0,0.7735350000000001,0.9161590000000001,MEX,CHL,0583
9011,153,42,716,1997.0,19716.0,0.0,0.526754,0.33065700000000003,MYS,CHL,0583
9012,162,42,716,1997.0,74196.0,273953.0,1.327106,1.520932,NLD,CHL,0583
9013,166,42,716,1997.0,0.0,91912.0,0.372052,0.764854,NZL,CHL,0583
9014,169,42,716,1997.0,0.0,518261.0,0.0038,0.036532999999999996,PAN,CHL,0583
9015,173,42,716,1997.0,0.0,627003.0,-0.603019,-0.365845,PER,CHL,0583
9016,180,42,716,1997.0,0.0,32644.0,-0.6051380000000001,-0.708271,PRY,CHL,0583
9017,197,42,716,1997.0,0.0,778916.0,-0.069039,-0.094938,SLV,CHL,0583
9018,208,42,716,1997.0,0.0,30080.0,2.0806709999999997,0.9541219999999999,SWE,CHL,0583
9019,216,42,716,1997.0,47398.0,0.0,0.216402,1.366618,THA,CHL,0583
9020,224,42,716,1997.0,2856.0,0.0,0.154428,1.7573880000000002,TUR,CHL,0583
9021,230,42,716,1997.0,0.0,95724.0,0.080024,0.669226,URY,CHL,0583
9022,231,42,716,1997.0,108144.0,120514.0,1.875847,0.46257299999999996,USA,CHL,0583
9023,236,42,716,1997.0,26710.0,3060042.0,-0.137776,-0.750744,VEN,CHL,0583
9024,246,42,716,1997.0,144894.0,0.0,0.29381199999999996,1.276557,ZAF,CHL,0583
9025,250,42,716,1997.0,3116.0,3219.0,1.004537,0.782725,ANS,CHL,0583
9026,8,59,716,1997.0,6931.0,0.0,0.072589,0.965456,ARG,CZE,0583
9027,14,59,716,1997.0,68931.0,51598.0,-0.033861,0.647668,AUS,CZE,0583
9028,15,59,716,1997.0,164304.0,4045.0,1.904005,0.445169,AUT,CZE,0583
9029,18,59,716,1997.0,3192.0,0.0,1.470183,1.312167,BEL,CZE,0583
9030,23,59,716,1997.0,168812.0,131868.0,0.523226,1.4133959999999999,BGR,CZE,0583
9031,28,59,716,1997.0,0.0,43700.0,0.716832,0.706486,BLR,CZE,0583
9032,32,59,716,1997.0,19858.0,0.0,0.805759,1.249182,BRA,CZE,0583
9033,39,59,716,1997.0,14845.0,0.0,0.928586,1.3413389999999998,CAN,CZE,0583
9034,41,59,716,1997.0,8948.0,0.0,2.327788,0.682804,CHE,CZE,0583
9035,52,59,716,1997.0,4501.0,0.0,-0.158667,0.204758,CRI,CZE,0583
9036,61,59,716,1997.0,708801.0,40322.0,2.360316,-2.655514,DEU,CZE,0583
9037,64,59,716,1997.0,168470.0,143868.0,1.422606,1.395373,DNK,CZE,0583
9038,71,59,716,1997.0,34052.0,0.0,1.068989,1.9429439999999998,ESP,CZE,0583
9039,77,59,716,1997.0,63810.0,95313.0,1.6737630000000001,0.7499439999999999,FRA,CZE,0583
9040,81,59,716,1997.0,1645.0,1268.0,1.9742490000000001,0.7046359999999999,GBR,CZE,0583
9041,82,59,716,1997.0,0.0,6104.0,0.347408,0.106341,GEO,CZE,0583
9042,90,59,716,1997.0,201209.0,2435.0,0.225904,1.291959,GRC,CZE,0583
9043,100,59,716,1997.0,1445.0,37507.0,0.61283,1.321775,HRV,CZE,0583
9044,102,59,716,1997.0,56035.0,4880.0,0.9121799999999999,1.55321,HUN,CZE,0583
9045,110,59,716,1997.0,0.0,64496.0,1.404901,1.072135,ISR,CZE,0583
9046,111,59,716,1997.0,1277420.0,0.0,1.596917,0.8313959999999999,ITA,CZE,0583
9047,115,59,716,1997.0,0.0,43317.0,0.302596,-0.028221,KAZ,CZE,0583
9048,130,59,716,1997.0,0.0,83753.0,0.360579,1.382816,LTU,CZE,0583
9049,132,59,716,1997.0,26941.0,3449.0,0.332958,0.51665,LVA,CZE,0583
9050,135,59,716,1997.0,109741.0,18373.0,0.14225,-0.250556,MDA,CZE,0583
9051,142,59,716,1997.0,0.0,2783.0,1.1063180000000001,0.377209,MLT,CZE,0583
9052,145,59,716,1997.0,0.0,8227.0,-0.569797,-0.9604370000000001,MNG,CZE,0583
9053,162,59,716,1997.0,56081.0,3427.0,1.327106,1.520932,NLD,CZE,0583
9054,177,59,716,1997.0,117910.0,1783172.0,0.8447319999999999,2.000241,POL,CZE,0583
9055,185,59,716,1997.0,53430.0,0.0,0.666251,1.31932,ROU,CZE,0583
9056,186,59,716,1997.0,0.0,3876907.0,0.572773,0.375446,RUS,CZE,0583
9057,196,59,716,1997.0,0.0,3571.0,-0.279858,-0.632066,SLE,CZE,0583
9058,206,59,716,1997.0,488318.0,2604467.0,1.265691,1.368739,SVK,CZE,0583
9059,207,59,716,1997.0,0.0,54192.0,1.449492,1.253379,SVN,CZE,0583
9060,208,59,716,1997.0,10216.0,0.0,2.0806709999999997,0.9541219999999999,SWE,CZE,0583
9061,228,59,716,1997.0,10692.0,371130.0,0.7384539999999999,1.096947,UKR,CZE,0583
9062,231,59,716,1997.0,10795.0,372431.0,1.875847,0.46257299999999996,USA,CZE,0583
9063,250,59,716,1997.0,13075.0,13611.0,1.004537,0.782725,ANS,CZE,0583
9064,18,66,716,1997.0,38868.0,0.0,1.470183,1.312167,BEL,DZA,0583
9065,68,66,716,1997.0,21132.0,0.0,-0.34861,0.005477,EGY,DZA,0583
9066,71,66,716,1997.0,207623.0,0.0,1.068989,1.9429439999999998,ESP,DZA,0583
9067,77,66,716,1997.0,161603.0,0.0,1.6737630000000001,0.7499439999999999,FRA,DZA,0583
9068,111,66,716,1997.0,14858.0,0.0,1.596917,0.8313959999999999,ITA,DZA,0583
9069,153,66,716,1997.0,10524.0,0.0,0.526754,0.33065700000000003,MYS,DZA,0583
9070,224,66,716,1997.0,1799.0,0.0,0.154428,1.7573880000000002,TUR,DZA,0583
9071,228,66,716,1997.0,0.0,4259.0,0.7384539999999999,1.096947,UKR,DZA,0583
9072,231,66,716,1997.0,5592.0,0.0,1.875847,0.46257299999999996,USA,DZA,0583
9073,246,66,716,1997.0,4995978.0,0.0,0.29381199999999996,1.276557,ZAF,DZA,0583
9074,7,68,716,1997.0,0.0,94092.0,-0.317351,-0.8786510000000001,ARE,EGY,0583
9075,14,68,716,1997.0,27628.0,629044.0,-0.033861,0.647668,AUS,EGY,0583
9076,15,68,716,1997.0,10421.0,9585.0,1.904005,0.445169,AUT,EGY,0583
9077,18,68,716,1997.0,1888.0,1675.0,1.470183,1.312167,BEL,EGY,0583
9078,24,68,716,1997.0,0.0,22377.0,-0.44965,-1.035584,BHR,EGY,0583
9079,32,68,716,1997.0,0.0,5304.0,0.805759,1.249182,BRA,EGY,0583
9080,39,68,716,1997.0,3556.0,21235.0,0.928586,1.3413389999999998,CAN,EGY,0583
9081,41,68,716,1997.0,15621.0,0.0,2.327788,0.682804,CHE,EGY,0583
9082,43,68,716,1997.0,0.0,13341.0,0.380294,2.389738,CHN,EGY,0583
9083,45,68,716,1997.0,0.0,3668.0,-1.0663340000000001,-1.047091,CMR,EGY,0583
9084,61,68,716,1997.0,31793.0,0.0,2.360316,-2.655514,DEU,EGY,0583
9085,66,68,716,1997.0,0.0,21132.0,-0.8557879999999999,-1.150101,DZA,EGY,0583
9086,71,68,716,1997.0,22178.0,0.0,1.068989,1.9429439999999998,ESP,EGY,0583
9087,73,68,716,1997.0,0.0,10284.0,-1.141928,-1.187119,ETH,EGY,0583
9088,77,68,716,1997.0,194281.0,2937.0,1.6737630000000001,0.7499439999999999,FRA,EGY,0583
9089,81,68,716,1997.0,8952.0,9869.0,1.9742490000000001,0.7046359999999999,GBR,EGY,0583
9090,90,68,716,1997.0,0.0,4883.0,0.225904,1.291959,GRC,EGY,0583
9091,110,68,716,1997.0,10134.0,20087.0,1.404901,1.072135,ISR,EGY,0583
9092,111,68,716,1997.0,26943.0,2679.0,1.596917,0.8313959999999999,ITA,EGY,0583
9093,113,68,716,1997.0,16880.0,74725.0,0.641787,0.484512,JOR,EGY,0583
9094,114,68,716,1997.0,0.0,526220.0,2.771316,0.545821,JPN,EGY,0583
9095,122,68,716,1997.0,0.0,206242.0,-1.0192139999999998,-1.193627,KWT,EGY,0583
9096,124,68,716,1997.0,1469.0,156762.0,0.28229299999999996,1.0650549999999999,LBN,EGY,0583
9097,126,68,716,1997.0,0.0,41324.0,-0.662351,-1.1515309999999999,LBY,EGY,0583
9098,162,68,716,1997.0,11797.0,0.0,1.327106,1.520932,NLD,EGY,0583
9099,167,68,716,1997.0,0.0,8509.0,-0.233342,-0.9922049999999999,OMN,EGY,0583
9100,177,68,716,1997.0,66312.0,0.0,0.8447319999999999,2.000241,POL,EGY,0583
9101,183,68,716,1997.0,0.0,12630.0,-1.1276760000000001,-1.233235,QAT,EGY,0583
9102,185,68,716,1997.0,0.0,4394.0,0.666251,1.31932,ROU,EGY,0583
9103,186,68,716,1997.0,0.0,4069.0,0.572773,0.375446,RUS,EGY,0583
9104,188,68,716,1997.0,6536.0,585835.0,-0.300809,-1.0455,SAU,EGY,0583
9105,190,68,716,1997.0,0.0,77001.0,-1.248538,-1.197904,SDN,EGY,0583
9106,199,68,716,1997.0,0.0,74779.0,-0.66794,-0.8626299999999999,SOM,EGY,0583
9107,212,68,716,1997.0,2583048.0,15946.0,-0.932127,-0.963823,SYR,EGY,0583
9108,224,68,716,1997.0,92531.0,62827.0,0.154428,1.7573880000000002,TUR,EGY,0583
9109,228,68,716,1997.0,0.0,1873.0,0.7384539999999999,1.096947,UKR,EGY,0583
9110,231,68,716,1997.0,72125.0,1427866.0,1.875847,0.46257299999999996,USA,EGY,0583
9111,243,68,716,1997.0,0.0,4418.0,-1.665484,-1.292243,YEM,EGY,0583
9112,247,68,716,1997.0,0.0,86744.0,-0.8659309999999999,-0.88536,ZMB,EGY,0583
9113,250,68,716,1997.0,133116.0,0.0,1.004537,0.782725,ANS,EGY,0583
9114,15,72,716,1997.0,21339.0,0.0,1.904005,0.445169,AUT,EST,0583
9115,18,72,716,1997.0,72561.0,0.0,1.470183,1.312167,BEL,EST,0583
9116,23,72,716,1997.0,2749.0,0.0,0.523226,1.4133959999999999,BGR,EST,0583
9117,25,72,716,1997.0,0.0,1340.0,0.82352,-0.091626,BHS,EST,0583
9118,58,72,716,1997.0,0.0,2746.0,0.45144700000000004,0.46707600000000005,CYP,EST,0583
9119,61,72,716,1997.0,33550.0,0.0,2.360316,-2.655514,DEU,EST,0583
9120,64,72,716,1997.0,2430.0,0.0,1.422606,1.395373,DNK,EST,0583
9121,71,72,716,1997.0,15617.0,0.0,1.068989,1.9429439999999998,ESP,EST,0583
9122,74,72,716,1997.0,258792.0,4019.0,1.991377,1.047477,FIN,EST,0583
9123,77,72,716,1997.0,0.0,1808.0,1.6737630000000001,0.7499439999999999,FRA,EST,0583
9124,90,72,716,1997.0,48804.0,0.0,0.225904,1.291959,GRC,EST,0583
9125,102,72,716,1997.0,16883.0,0.0,0.9121799999999999,1.55321,HUN,EST,0583
9126,125,72,716,1997.0,0.0,4342.0,-0.77544,-1.122642,LBR,EST,0583
9127,130,72,716,1997.0,7682.0,39643.0,0.360579,1.382816,LTU,EST,0583
9128,132,72,716,1997.0,268356.0,8755.0,0.332958,0.51665,LVA,EST,0583
9129,135,72,716,1997.0,6155.0,0.0,0.14225,-0.250556,MDA,EST,0583
9130,142,72,716,1997.0,0.0,1873.0,1.1063180000000001,0.377209,MLT,EST,0583
9131,162,72,716,1997.0,13263.0,0.0,1.327106,1.520932,NLD,EST,0583
9132,163,72,716,1997.0,38800.0,1118.0,0.857735,0.061844,NOR,EST,0583
9133,169,72,716,1997.0,0.0,5581.0,0.0038,0.036532999999999996,PAN,EST,0583
9134,177,72,716,1997.0,13625.0,0.0,0.8447319999999999,2.000241,POL,EST,0583
9135,186,72,716,1997.0,45949.0,22509.0,0.572773,0.375446,RUS,EST,0583
9136,208,72,716,1997.0,122283.0,0.0,2.0806709999999997,0.9541219999999999,SWE,EST,0583
9137,216,72,716,1997.0,1718.0,0.0,0.216402,1.366618,THA,EST,0583
9138,228,72,716,1997.0,73797.0,1558.0,0.7384539999999999,1.096947,UKR,EST,0583
9139,232,72,716,1997.0,25018.0,0.0,-0.134113,-0.791415,UZB,EST,0583
9140,250,72,716,1997.0,4710.0,12782.0,1.004537,0.782725,ANS,EST,0583
9141,7,87,716,1997.0,1234.0,0.0,-0.317351,-0.8786510000000001,ARE,GMB,0583
9142,18,87,716,1997.0,11682.0,0.0,1.470183,1.312167,BEL,GMB,0583
9143,61,87,716,1997.0,9554.0,0.0,2.360316,-2.655514,DEU,GMB,0583
9144,71,87,716,1997.0,1043.0,0.0,1.068989,1.9429439999999998,ESP,GMB,0583
9145,81,87,716,1997.0,4893.0,0.0,1.9742490000000001,0.7046359999999999,GBR,GMB,0583
9146,162,87,716,1997.0,7469.0,0.0,1.327106,1.520932,NLD,GMB,0583
9147,8,102,716,1997.0,4606.0,0.0,0.072589,0.965456,ARG,HUN,0583
9148,14,102,716,1997.0,0.0,330004.0,-0.033861,0.647668,AUS,HUN,0583
9149,15,102,716,1997.0,60107.0,274844.0,1.904005,0.445169,AUT,HUN,0583
9150,18,102,716,1997.0,7481.0,46677.0,1.470183,1.312167,BEL,HUN,0583
9151,23,102,716,1997.0,9598.0,17005.0,0.523226,1.4133959999999999,BGR,HUN,0583
9152,26,102,716,1997.0,0.0,14000.0,0.517231,0.321515,BIH,HUN,0583
9153,28,102,716,1997.0,0.0,12000.0,0.716832,0.706486,BLR,HUN,0583
9154,29,102,716,1997.0,0.0,16000.0,-0.640252,-0.833937,BLZ,HUN,0583
9155,32,102,716,1997.0,8286.0,2022.0,0.805759,1.249182,BRA,HUN,0583
9156,39,102,716,1997.0,8799.0,13265.0,0.928586,1.3413389999999998,CAN,HUN,0583
9157,41,102,716,1997.0,2716.0,11783.0,2.327788,0.682804,CHE,HUN,0583
9158,52,102,716,1997.0,59116.0,0.0,-0.158667,0.204758,CRI,HUN,0583
9159,59,102,716,1997.0,4880.0,56035.0,1.450452,1.031814,CZE,HUN,0583
9160,61,102,716,1997.0,329683.0,2037048.0,2.360316,-2.655514,DEU,HUN,0583
9161,67,102,716,1997.0,13199.0,0.0,-1.124002,-1.0084549999999999,ECU,HUN,0583
9162,71,102,716,1997.0,58677.0,0.0,1.068989,1.9429439999999998,ESP,HUN,0583
9163,72,102,716,1997.0,0.0,16883.0,0.45792,1.148099,EST,HUN,0583
9164,77,102,716,1997.0,3925.0,0.0,1.6737630000000001,0.7499439999999999,FRA,HUN,0583
9165,81,102,716,1997.0,0.0,536170.0,1.9742490000000001,0.7046359999999999,GBR,HUN,0583
9166,90,102,716,1997.0,20507.0,0.0,0.225904,1.291959,GRC,HUN,0583
9167,100,102,716,1997.0,0.0,274861.0,0.61283,1.321775,HRV,HUN,0583
9168,106,102,716,1997.0,0.0,12790.0,1.579974,1.018361,IRL,HUN,0583
9169,110,102,716,1997.0,1475.0,0.0,1.404901,1.072135,ISR,HUN,0583
9170,111,102,716,1997.0,490475.0,1957.0,1.596917,0.8313959999999999,ITA,HUN,0583
9171,114,102,716,1997.0,0.0,38291.0,2.771316,0.545821,JPN,HUN,0583
9172,115,102,716,1997.0,0.0,136835.0,0.302596,-0.028221,KAZ,HUN,0583
9173,130,102,716,1997.0,0.0,32025.0,0.360579,1.382816,LTU,HUN,0583
9174,132,102,716,1997.0,0.0,16759.0,0.332958,0.51665,LVA,HUN,0583
9175,135,102,716,1997.0,0.0,3952.0,0.14225,-0.250556,MDA,HUN,0583
9176,145,102,716,1997.0,0.0,7282.0,-0.569797,-0.9604370000000001,MNG,HUN,0583
9177,162,102,716,1997.0,12261.0,0.0,1.327106,1.520932,NLD,HUN,0583
9178,177,102,716,1997.0,96545.0,150737.0,0.8447319999999999,2.000241,POL,HUN,0583
9179,185,102,716,1997.0,8707.0,171507.0,0.666251,1.31932,ROU,HUN,0583
9180,186,102,716,1997.0,11004.0,2602308.0,0.572773,0.375446,RUS,HUN,0583
9181,189,102,716,1997.0,306699.0,8515.0,0.626724,1.7948549999999999,SCG,HUN,0583
9182,206,102,716,1997.0,15465.0,132214.0,1.265691,1.368739,SVK,HUN,0583
9183,207,102,716,1997.0,24558.0,66271.0,1.449492,1.253379,SVN,HUN,0583
9184,208,102,716,1997.0,14448.0,6646.0,2.0806709999999997,0.9541219999999999,SWE,HUN,0583
9185,211,102,716,1997.0,0.0,11000.0,-0.547613,-0.8543209999999999,SYC,HUN,0583
9186,228,102,716,1997.0,0.0,188355.0,0.7384539999999999,1.096947,UKR,HUN,0583
9187,231,102,716,1997.0,20286.0,145585.0,1.875847,0.46257299999999996,USA,HUN,0583
9188,236,102,716,1997.0,0.0,15632.0,-0.137776,-0.750744,VEN,HUN,0583
9189,246,102,716,1997.0,39031.0,0.0,0.29381199999999996,1.276557,ZAF,HUN,0583
9190,7,104,716,1997.0,2232.0,239691.0,-0.317351,-0.8786510000000001,ARE,IND,0583
9191,8,104,716,1997.0,0.0,8874.0,0.072589,0.965456,ARG,IND,0583
9192,14,104,716,1997.0,1273.0,36268.0,-0.033861,0.647668,AUS,IND,0583
9193,18,104,716,1997.0,0.0,42649.0,1.470183,1.312167,BEL,IND,0583
9194,22,104,716,1997.0,0.0,3965.0,-0.638734,-0.895301,BGD,IND,0583
9195,24,104,716,1997.0,0.0,23946.0,-0.44965,-1.035584,BHR,IND,0583
9196,32,104,716,1997.0,0.0,26011.0,0.805759,1.249182,BRA,IND,0583
9197,39,104,716,1997.0,0.0,58517.0,0.928586,1.3413389999999998,CAN,IND,0583
9198,41,104,716,1997.0,0.0,23718.0,2.327788,0.682804,CHE,IND,0583
9199,61,104,716,1997.0,74511.0,118741.0,2.360316,-2.655514,DEU,IND,0583
9200,71,104,716,1997.0,1355.0,0.0,1.068989,1.9429439999999998,ESP,IND,0583
9201,77,104,716,1997.0,0.0,68491.0,1.6737630000000001,0.7499439999999999,FRA,IND,0583
9202,81,104,716,1997.0,16898.0,69067.0,1.9742490000000001,0.7046359999999999,GBR,IND,0583
9203,97,104,716,1997.0,2595.0,0.0,0.475945,1.7576919999999998,HKG,IND,0583
9204,103,104,716,1997.0,0.0,23776.0,-0.21049600000000002,1.318692,IDN,IND,0583
9205,106,104,716,1997.0,0.0,3410.0,1.579974,1.018361,IRL,IND,0583
9206,110,104,716,1997.0,0.0,194214.0,1.404901,1.072135,ISR,IND,0583
9207,111,104,716,1997.0,0.0,16888.0,1.596917,0.8313959999999999,ITA,IND,0583
9208,112,104,716,1997.0,0.0,5490.0,-0.6338739999999999,-0.838622,JAM,IND,0583
9209,113,104,716,1997.0,0.0,92405.0,0.641787,0.484512,JOR,IND,0583
9210,114,104,716,1997.0,0.0,26916.0,2.771316,0.545821,JPN,IND,0583
9211,116,104,716,1997.0,0.0,1557.0,-0.363967,0.218183,KEN,IND,0583
9212,121,104,716,1997.0,0.0,1473.0,1.2642,1.164231,KOR,IND,0583
9213,124,104,716,1997.0,0.0,481792.0,0.28229299999999996,1.0650549999999999,LBN,IND,0583
9214,137,104,716,1997.0,0.0,1349.0,-1.0046620000000002,-1.0400340000000001,MDV,IND,0583
9215,151,104,716,1997.0,0.0,28968.0,-0.42358999999999997,-0.680841,MUS,IND,0583
9216,153,104,716,1997.0,36137.0,348762.0,0.526754,0.33065700000000003,MYS,IND,0583
9217,162,104,716,1997.0,9292.0,1728893.0,1.327106,1.520932,NLD,IND,0583
9218,164,104,716,1997.0,0.0,6810.0,-0.282115,-0.237121,NPL,IND,0583
9219,167,104,716,1997.0,10779.0,14612.0,-0.233342,-0.9922049999999999,OMN,IND,0583
9220,179,104,716,1997.0,0.0,1342.0,0.496633,1.025231,PRT,IND,0583
9221,186,104,716,1997.0,0.0,101392.0,0.572773,0.375446,RUS,IND,0583
9222,187,104,716,1997.0,0.0,1421.0,-0.337464,-0.8656,RWA,IND,0583
9223,188,104,716,1997.0,0.0,119000.0,-0.300809,-1.0455,SAU,IND,0583
9224,192,104,716,1997.0,14667.0,28403.0,1.1946700000000001,0.30503600000000003,SGP,IND,0583
9225,208,104,716,1997.0,0.0,3946.0,2.0806709999999997,0.9541219999999999,SWE,IND,0583
9226,216,104,716,1997.0,25674.0,0.0,0.216402,1.366618,THA,IND,0583
9227,224,104,716,1997.0,1267.0,0.0,0.154428,1.7573880000000002,TUR,IND,0583
9228,227,104,716,1997.0,0.0,2769.0,-1.175585,-1.017807,UGA,IND,0583
9229,228,104,716,1997.0,0.0,54096.0,0.7384539999999999,1.096947,UKR,IND,0583
9230,231,104,716,1997.0,2250.0,1237100.0,1.875847,0.46257299999999996,USA,IND,0583
9231,243,104,716,1997.0,0.0,13406.0,-1.665484,-1.292243,YEM,IND,0583
9232,246,104,716,1997.0,0.0,10849.0,0.29381199999999996,1.276557,ZAF,IND,0583
9233,7,107,716,1997.0,0.0,7730.0,-0.317351,-0.8786510000000001,ARE,IRN,0583
9234,9,107,716,1997.0,0.0,1956.0,0.818788,0.226075,ARM,IRN,0583
9235,14,107,716,1997.0,0.0,2708.0,-0.033861,0.647668,AUS,IRN,0583
9236,16,107,716,1997.0,0.0,80363.0,0.28532199999999996,-0.00025299999999999997,AZE,IRN,0583
9237,39,107,716,1997.0,0.0,17864.0,0.928586,1.3413389999999998,CAN,IRN,0583
9238,43,107,716,1997.0,30182.0,0.0,0.380294,2.389738,CHN,IRN,0583
9239,61,107,716,1997.0,0.0,26269.0,2.360316,-2.655514,DEU,IRN,0583
9240,77,107,716,1997.0,0.0,1449.0,1.6737630000000001,0.7499439999999999,FRA,IRN,0583
9241,81,107,716,1997.0,0.0,7162.0,1.9742490000000001,0.7046359999999999,GBR,IRN,0583
9242,114,107,716,1997.0,0.0,15682.0,2.771316,0.545821,JPN,IRN,0583
9243,115,107,716,1997.0,0.0,157230.0,0.302596,-0.028221,KAZ,IRN,0583
9244,122,107,716,1997.0,0.0,17219.0,-1.0192139999999998,-1.193627,KWT,IRN,0583
9245,124,107,716,1997.0,0.0,18616.0,0.28229299999999996,1.0650549999999999,LBN,IRN,0583
9246,153,107,716,1997.0,22473.0,0.0,0.526754,0.33065700000000003,MYS,IRN,0583
9247,177,107,716,1997.0,0.0,1302.0,0.8447319999999999,2.000241,POL,IRN,0583
9248,183,107,716,1997.0,0.0,1051.0,-1.1276760000000001,-1.233235,QAT,IRN,0583
9249,186,107,716,1997.0,0.0,11353.0,0.572773,0.375446,RUS,IRN,0583
9250,208,107,716,1997.0,0.0,24384.0,2.0806709999999997,0.9541219999999999,SWE,IRN,0583
9251,217,107,716,1997.0,0.0,3843.0,-0.095789,-0.706445,TJK,IRN,0583
9252,219,107,716,1997.0,0.0,52091.0,-0.580361,-1.071587,TKM,IRN,0583
9253,224,107,716,1997.0,12686.0,0.0,0.154428,1.7573880000000002,TUR,IRN,0583
9254,232,107,716,1997.0,0.0,1701.0,-0.134113,-0.791415,UZB,IRN,0583
9255,250,107,716,1997.0,0.0,1114.0,1.004537,0.782725,ANS,IRN,0583
9256,7,113,716,1997.0,0.0,37635.0,-0.317351,-0.8786510000000001,ARE,JOR,0583
9257,14,113,716,1997.0,11021.0,0.0,-0.033861,0.647668,AUS,JOR,0583
9258,15,113,716,1997.0,19153.0,0.0,1.904005,0.445169,AUT,JOR,0583
9259,23,113,716,1997.0,240930.0,0.0,0.523226,1.4133959999999999,BGR,JOR,0583
9260,41,113,716,1997.0,39089.0,0.0,2.327788,0.682804,CHE,JOR,0583
9261,52,113,716,1997.0,12934.0,0.0,-0.158667,0.204758,CRI,JOR,0583
9262,64,113,716,1997.0,12982.0,0.0,1.422606,1.395373,DNK,JOR,0583
9263,68,113,716,1997.0,74725.0,16880.0,-0.34861,0.005477,EGY,JOR,0583
9264,71,113,716,1997.0,3555.0,0.0,1.068989,1.9429439999999998,ESP,JOR,0583
9265,74,113,716,1997.0,14733.0,0.0,1.991377,1.047477,FIN,JOR,0583
9266,77,113,716,1997.0,3380.0,0.0,1.6737630000000001,0.7499439999999999,FRA,JOR,0583
9267,81,113,716,1997.0,32779.0,0.0,1.9742490000000001,0.7046359999999999,GBR,JOR,0583
9268,90,113,716,1997.0,146932.0,0.0,0.225904,1.291959,GRC,JOR,0583
9269,104,113,716,1997.0,92405.0,0.0,0.150788,2.027932,IND,JOR,0583
9270,110,113,716,1997.0,1384.0,0.0,1.404901,1.072135,ISR,JOR,0583
9271,111,113,716,1997.0,24651.0,0.0,1.596917,0.8313959999999999,ITA,JOR,0583
9272,124,113,716,1997.0,135714.0,40226.0,0.28229299999999996,1.0650549999999999,LBN,JOR,0583
9273,153,113,716,1997.0,5221.0,0.0,0.526754,0.33065700000000003,MYS,JOR,0583
9274,162,113,716,1997.0,21904.0,0.0,1.327106,1.520932,NLD,JOR,0583
9275,167,113,716,1997.0,0.0,1731.0,-0.233342,-0.9922049999999999,OMN,JOR,0583
9276,188,113,716,1997.0,1918.0,0.0,-0.300809,-1.0455,SAU,JOR,0583
9277,212,113,716,1997.0,434698.0,71848.0,-0.932127,-0.963823,SYR,JOR,0583
9278,224,113,716,1997.0,15313.0,0.0,0.154428,1.7573880000000002,TUR,JOR,0583
9279,231,113,716,1997.0,20201.0,0.0,1.875847,0.46257299999999996,USA,JOR,0583
9280,8,114,716,1997.0,7285.0,0.0,0.072589,0.965456,ARG,JPN,0583
9281,14,114,716,1997.0,627921.0,4074.0,-0.033861,0.647668,AUS,JPN,0583
9282,15,114,716,1997.0,158577.0,0.0,1.904005,0.445169,AUT,JPN,0583
9283,18,114,716,1997.0,1268313.0,0.0,1.470183,1.312167,BEL,JPN,0583
9284,23,114,716,1997.0,27554.0,0.0,0.523226,1.4133959999999999,BGR,JPN,0583
9285,32,114,716,1997.0,29542.0,11479.0,0.805759,1.249182,BRA,JPN,0583
9286,34,114,716,1997.0,0.0,1592.0,-0.443665,-0.825732,BRN,JPN,0583
9287,39,114,716,1997.0,1123219.0,50502.0,0.928586,1.3413389999999998,CAN,JPN,0583
9288,41,114,716,1997.0,1265460.0,2853.0,2.327788,0.682804,CHE,JPN,0583
9289,42,114,716,1997.0,231652.0,0.0,-0.06841799999999999,-0.21526199999999998,CHL,JPN,0583
9290,43,114,716,1997.0,641272.0,13615.0,0.380294,2.389738,CHN,JPN,0583
9291,49,114,716,1997.0,5355.0,0.0,0.023456,0.057771,COL,JPN,0583
9292,52,114,716,1997.0,72135.0,0.0,-0.158667,0.204758,CRI,JPN,0583
9293,61,114,716,1997.0,189941.0,4706.0,2.360316,-2.655514,DEU,JPN,0583
9294,64,114,716,1997.0,8113.0,0.0,1.422606,1.395373,DNK,JPN,0583
9295,67,114,716,1997.0,136366.0,0.0,-1.124002,-1.0084549999999999,ECU,JPN,0583
9296,68,114,716,1997.0,526220.0,0.0,-0.34861,0.005477,EGY,JPN,0583
9297,71,114,716,1997.0,316215.0,0.0,1.068989,1.9429439999999998,ESP,JPN,0583
9298,74,114,716,1997.0,25161.0,0.0,1.991377,1.047477,FIN,JPN,0583
9299,77,114,716,1997.0,9090140.0,0.0,1.6737630000000001,0.7499439999999999,FRA,JPN,0583
9300,81,114,716,1997.0,3913660.0,117267.0,1.9742490000000001,0.7046359999999999,GBR,JPN,0583
9301,90,114,716,1997.0,68084.0,0.0,0.225904,1.291959,GRC,JPN,0583
9302,93,114,716,1997.0,0.0,1720.0,-0.17965,0.23698200000000003,GTM,JPN,0583
9303,97,114,716,1997.0,129717.0,91233.0,0.475945,1.7576919999999998,HKG,JPN,0583
9304,99,114,716,1997.0,382592.0,0.0,-0.7449319999999999,-0.50008,HND,JPN,0583
9305,102,114,716,1997.0,38291.0,0.0,0.9121799999999999,1.55321,HUN,JPN,0583
9306,103,114,716,1997.0,23014.0,4148.0,-0.21049600000000002,1.318692,IDN,JPN,0583
9307,104,114,716,1997.0,26916.0,0.0,0.150788,2.027932,IND,JPN,0583
9308,106,114,716,1997.0,23922.0,0.0,1.579974,1.018361,IRL,JPN,0583
9309,107,114,716,1997.0,15682.0,0.0,-0.8911190000000001,-1.085849,IRN,JPN,0583
9310,110,114,716,1997.0,0.0,5543.0,1.404901,1.072135,ISR,JPN,0583
9311,111,114,716,1997.0,575229.0,0.0,1.596917,0.8313959999999999,ITA,JPN,0583
9312,121,114,716,1997.0,272594.0,10750.0,1.2642,1.164231,KOR,JPN,0583
9313,133,114,716,1997.0,0.0,5697.0,-0.061292,-0.44707399999999997,MAC,JPN,0583
9314,138,114,716,1997.0,189442.0,0.0,0.7735350000000001,0.9161590000000001,MEX,JPN,0583
9315,153,114,716,1997.0,2741.0,118470.0,0.526754,0.33065700000000003,MYS,JPN,0583
9316,162,114,716,1997.0,483365.0,14981.0,1.327106,1.520932,NLD,JPN,0583
9317,166,114,716,1997.0,1481520.0,3139.0,0.372052,0.764854,NZL,JPN,0583
9318,174,114,716,1997.0,264338.0,4951.0,0.044834,0.024782,PHL,JPN,0583
9319,175,114,716,1997.0,0.0,3498.0,-0.713743,-0.9035559999999999,PLW,JPN,0583
9320,177,114,716,1997.0,37986.0,0.0,0.8447319999999999,2.000241,POL,JPN,0583
9321,186,114,716,1997.0,2720.0,0.0,0.572773,0.375446,RUS,JPN,0583
9322,192,114,716,1997.0,59619.0,40396.0,1.1946700000000001,0.30503600000000003,SGP,JPN,0583
9323,208,114,716,1997.0,8797.0,0.0,2.0806709999999997,0.9541219999999999,SWE,JPN,0583
9324,216,114,716,1997.0,1093046.0,96539.0,0.216402,1.366618,THA,JPN,0583
9325,224,114,716,1997.0,2101.0,0.0,0.154428,1.7573880000000002,TUR,JPN,0583
9326,231,114,716,1997.0,4779937.0,198241.0,1.875847,0.46257299999999996,USA,JPN,0583
9327,246,114,716,1997.0,22116.0,0.0,0.29381199999999996,1.276557,ZAF,JPN,0583
9328,249,114,716,1997.0,167191.0,342016.0,1.557128,1.434424,TWN,JPN,0583
9329,9,132,716,1997.0,0.0,2894.0,0.818788,0.226075,ARM,LVA,0583
9330,18,132,716,1997.0,202122.0,0.0,1.470183,1.312167,BEL,LVA,0583
9331,28,132,716,1997.0,0.0,13272.0,0.716832,0.706486,BLR,LVA,0583
9332,59,132,716,1997.0,3449.0,26941.0,1.450452,1.031814,CZE,LVA,0583
9333,61,132,716,1997.0,49641.0,17028.0,2.360316,-2.655514,DEU,LVA,0583
9334,64,132,716,1997.0,11271.0,0.0,1.422606,1.395373,DNK,LVA,0583
9335,72,132,716,1997.0,8755.0,268356.0,0.45792,1.148099,EST,LVA,0583
9336,74,132,716,1997.0,47437.0,0.0,1.991377,1.047477,FIN,LVA,0583
9337,90,132,716,1997.0,1398.0,0.0,0.225904,1.291959,GRC,LVA,0583
9338,102,132,716,1997.0,16759.0,0.0,0.9121799999999999,1.55321,HUN,LVA,0583
9339,130,132,716,1997.0,100843.0,120687.0,0.360579,1.382816,LTU,LVA,0583
9340,162,132,716,1997.0,22136.0,0.0,1.327106,1.520932,NLD,LVA,0583
9341,163,132,716,1997.0,3892.0,0.0,0.857735,0.061844,NOR,LVA,0583
9342,177,132,716,1997.0,66275.0,0.0,0.8447319999999999,2.000241,POL,LVA,0583
9343,186,132,716,1997.0,3497.0,10833.0,0.572773,0.375446,RUS,LVA,0583
9344,208,132,716,1997.0,55048.0,0.0,2.0806709999999997,0.9541219999999999,SWE,LVA,0583
9345,228,132,716,1997.0,41383.0,2370.0,0.7384539999999999,1.096947,UKR,LVA,0583
9346,231,132,716,1997.0,3109.0,0.0,1.875847,0.46257299999999996,USA,LVA,0583
9347,4,140,716,1997.0,3893.0,5854.0,-0.375654,-0.124279,ALB,MKD,0583
9348,14,140,716,1997.0,0.0,3429.0,-0.033861,0.647668,AUS,MKD,0583
9349,15,140,716,1997.0,19078.0,0.0,1.904005,0.445169,AUT,MKD,0583
9350,23,140,716,1997.0,3460.0,0.0,0.523226,1.4133959999999999,BGR,MKD,0583
9351,26,140,716,1997.0,213261.0,0.0,0.517231,0.321515,BIH,MKD,0583
9352,90,140,716,1997.0,32213.0,0.0,0.225904,1.291959,GRC,MKD,0583
9353,100,140,716,1997.0,22285.0,9962.0,0.61283,1.321775,HRV,MKD,0583
9354,189,140,716,1997.0,297043.0,3945.0,0.626724,1.7948549999999999,SCG,MKD,0583
9355,207,140,716,1997.0,142331.0,2285.0,1.449492,1.253379,SVN,MKD,0583
9356,231,140,716,1997.0,0.0,1055.0,1.875847,0.46257299999999996,USA,MKD,0583
9357,18,159,716,1997.0,11433.0,0.0,1.470183,1.312167,BEL,NGA,0583
9358,61,159,716,1997.0,2443.0,0.0,2.360316,-2.655514,DEU,NGA,0583
9359,77,159,716,1997.0,13122.0,0.0,1.6737630000000001,0.7499439999999999,FRA,NGA,0583
9360,81,159,716,1997.0,14551.0,0.0,1.9742490000000001,0.7046359999999999,GBR,NGA,0583
9361,90,159,716,1997.0,9318.0,0.0,0.225904,1.291959,GRC,NGA,0583
9362,106,159,716,1997.0,2695.0,0.0,1.579974,1.018361,IRL,NGA,0583
9363,111,159,716,1997.0,48687.0,0.0,1.596917,0.8313959999999999,ITA,NGA,0583
9364,162,159,716,1997.0,232940.0,0.0,1.327106,1.520932,NLD,NGA,0583
9365,7,167,716,1997.0,59810.0,26708.0,-0.317351,-0.8786510000000001,ARE,OMN,0583
9366,39,167,716,1997.0,9987.0,0.0,0.928586,1.3413389999999998,CAN,OMN,0583
9367,41,167,716,1997.0,27382.0,0.0,2.327788,0.682804,CHE,OMN,0583
9368,58,167,716,1997.0,47675.0,0.0,0.45144700000000004,0.46707600000000005,CYP,OMN,0583
9369,64,167,716,1997.0,24252.0,0.0,1.422606,1.395373,DNK,OMN,0583
9370,68,167,716,1997.0,8509.0,0.0,-0.34861,0.005477,EGY,OMN,0583
9371,77,167,716,1997.0,7383.0,0.0,1.6737630000000001,0.7499439999999999,FRA,OMN,0583
9372,81,167,716,1997.0,14616.0,0.0,1.9742490000000001,0.7046359999999999,GBR,OMN,0583
9373,90,167,716,1997.0,43187.0,0.0,0.225904,1.291959,GRC,OMN,0583
9374,104,167,716,1997.0,14612.0,10779.0,0.150788,2.027932,IND,OMN,0583
9375,111,167,716,1997.0,306350.0,0.0,1.596917,0.8313959999999999,ITA,OMN,0583
9376,113,167,716,1997.0,1731.0,0.0,0.641787,0.484512,JOR,OMN,0583
9377,121,167,716,1997.0,13356.0,0.0,1.2642,1.164231,KOR,OMN,0583
9378,128,167,716,1997.0,2697.0,0.0,-0.6467470000000001,-0.27831300000000003,LKA,OMN,0583
9379,142,167,716,1997.0,78098.0,0.0,1.1063180000000001,0.377209,MLT,OMN,0583
9380,153,167,716,1997.0,4519.0,0.0,0.526754,0.33065700000000003,MYS,OMN,0583
9381,162,167,716,1997.0,295532.0,0.0,1.327106,1.520932,NLD,OMN,0583
9382,166,167,716,1997.0,6153.0,0.0,0.372052,0.764854,NZL,OMN,0583
9383,168,167,716,1997.0,10099.0,0.0,-0.844282,-0.602616,PAK,OMN,0583
9384,174,167,716,1997.0,1356.0,0.0,0.044834,0.024782,PHL,OMN,0583
9385,216,167,716,1997.0,15728.0,0.0,0.216402,1.366618,THA,OMN,0583
9386,223,167,716,1997.0,53967.0,0.0,-0.187276,-0.21877600000000003,TUN,OMN,0583
9387,231,167,716,1997.0,13289.0,0.0,1.875847,0.46257299999999996,USA,OMN,0583
9388,243,167,716,1997.0,0.0,15904.0,-1.665484,-1.292243,YEM,OMN,0583
9389,246,167,716,1997.0,1940.0,0.0,0.29381199999999996,1.276557,ZAF,OMN,0583
9390,14,177,716,1997.0,0.0,29982.0,-0.033861,0.647668,AUS,POL,0583
9391,15,177,716,1997.0,26055.0,0.0,1.904005,0.445169,AUT,POL,0583
9392,16,177,716,1997.0,0.0,9806.0,0.28532199999999996,-0.00025299999999999997,AZE,POL,0583
9393,18,177,716,1997.0,37266.0,48556.0,1.470183,1.312167,BEL,POL,0583
9394,28,177,716,1997.0,0.0,579671.0,0.716832,0.706486,BLR,POL,0583
9395,39,177,716,1997.0,2774.0,252785.0,0.928586,1.3413389999999998,CAN,POL,0583
9396,52,177,716,1997.0,186529.0,0.0,-0.158667,0.204758,CRI,POL,0583
9397,59,177,716,1997.0,1783172.0,117910.0,1.450452,1.031814,CZE,POL,0583
9398,61,177,716,1997.0,226792.0,29836.0,2.360316,-2.655514,DEU,POL,0583
9399,64,177,716,1997.0,27575.0,51608.0,1.422606,1.395373,DNK,POL,0583
9400,68,177,716,1997.0,0.0,66312.0,-0.34861,0.005477,EGY,POL,0583
9401,71,177,716,1997.0,193378.0,1612.0,1.068989,1.9429439999999998,ESP,POL,0583
9402,72,177,716,1997.0,0.0,13625.0,0.45792,1.148099,EST,POL,0583
9403,77,177,716,1997.0,86830.0,0.0,1.6737630000000001,0.7499439999999999,FRA,POL,0583
9404,81,177,716,1997.0,37560.0,45205.0,1.9742490000000001,0.7046359999999999,GBR,POL,0583
9405,90,177,716,1997.0,108952.0,7324.0,0.225904,1.291959,GRC,POL,0583
9406,97,177,716,1997.0,5458.0,0.0,0.475945,1.7576919999999998,HKG,POL,0583
9407,100,177,716,1997.0,0.0,13501.0,0.61283,1.321775,HRV,POL,0583
9408,102,177,716,1997.0,150737.0,96545.0,0.9121799999999999,1.55321,HUN,POL,0583
9409,106,177,716,1997.0,0.0,3245.0,1.579974,1.018361,IRL,POL,0583
9410,107,177,716,1997.0,1302.0,0.0,-0.8911190000000001,-1.085849,IRN,POL,0583
9411,110,177,716,1997.0,0.0,238433.0,1.404901,1.072135,ISR,POL,0583
9412,111,177,716,1997.0,757039.0,0.0,1.596917,0.8313959999999999,ITA,POL,0583
9413,114,177,716,1997.0,0.0,37986.0,2.771316,0.545821,JPN,POL,0583
9414,121,177,716,1997.0,0.0,12303.0,1.2642,1.164231,KOR,POL,0583
9415,122,177,716,1997.0,0.0,165065.0,-1.0192139999999998,-1.193627,KWT,POL,0583
9416,130,177,716,1997.0,0.0,106982.0,0.360579,1.382816,LTU,POL,0583
9417,132,177,716,1997.0,0.0,66275.0,0.332958,0.51665,LVA,POL,0583
9418,145,177,716,1997.0,0.0,86683.0,-0.569797,-0.9604370000000001,MNG,POL,0583
9419,162,177,716,1997.0,41999.0,85251.0,1.327106,1.520932,NLD,POL,0583
9420,163,177,716,1997.0,1206.0,8176.0,0.857735,0.061844,NOR,POL,0583
9421,186,177,716,1997.0,5037.0,4797642.0,0.572773,0.375446,RUS,POL,0583
9422,188,177,716,1997.0,0.0,209283.0,-0.300809,-1.0455,SAU,POL,0583
9423,206,177,716,1997.0,0.0,16405.0,1.265691,1.368739,SVK,POL,0583
9424,208,177,716,1997.0,103369.0,7445.0,2.0806709999999997,0.9541219999999999,SWE,POL,0583
9425,228,177,716,1997.0,9044.0,671739.0,0.7384539999999999,1.096947,UKR,POL,0583
9426,231,177,716,1997.0,28688.0,705527.0,1.875847,0.46257299999999996,USA,POL,0583
9427,246,177,716,1997.0,4582.0,0.0,0.29381199999999996,1.276557,ZAF,POL,0583
9428,250,177,716,1997.0,269573.0,246249.0,1.004537,0.782725,ANS,POL,0583
9429,9,186,716,1997.0,43193.0,5155.0,0.818788,0.226075,ARM,RUS,0583
9430,14,186,716,1997.0,20688.0,0.0,-0.033861,0.647668,AUS,RUS,0583
9431,15,186,716,1997.0,407946.0,0.0,1.904005,0.445169,AUT,RUS,0583
9432,16,186,716,1997.0,318653.0,4381.0,0.28532199999999996,-0.00025299999999999997,AZE,RUS,0583
9433,18,186,716,1997.0,433090.0,0.0,1.470183,1.312167,BEL,RUS,0583
9434,23,186,716,1997.0,2327352.0,0.0,0.523226,1.4133959999999999,BGR,RUS,0583
9435,39,186,716,1997.0,2903.0,1831.0,0.928586,1.3413389999999998,CAN,RUS,0583
9436,41,186,716,1997.0,50293.0,0.0,2.327788,0.682804,CHE,RUS,0583
9437,43,186,716,1997.0,149841.0,0.0,0.380294,2.389738,CHN,RUS,0583
9438,49,186,716,1997.0,30265.0,0.0,0.023456,0.057771,COL,RUS,0583
9439,59,186,716,1997.0,3876907.0,0.0,1.450452,1.031814,CZE,RUS,0583
9440,61,186,716,1997.0,5970597.0,1134.0,2.360316,-2.655514,DEU,RUS,0583
9441,64,186,716,1997.0,395343.0,0.0,1.422606,1.395373,DNK,RUS,0583
9442,68,186,716,1997.0,4069.0,0.0,-0.34861,0.005477,EGY,RUS,0583
9443,71,186,716,1997.0,20265.0,0.0,1.068989,1.9429439999999998,ESP,RUS,0583
9444,72,186,716,1997.0,22509.0,45949.0,0.45792,1.148099,EST,RUS,0583
9445,74,186,716,1997.0,1941970.0,5433.0,1.991377,1.047477,FIN,RUS,0583
9446,77,186,716,1997.0,818709.0,0.0,1.6737630000000001,0.7499439999999999,FRA,RUS,0583
9447,81,186,716,1997.0,91604.0,0.0,1.9742490000000001,0.7046359999999999,GBR,RUS,0583
9448,82,186,716,1997.0,83187.0,7842.0,0.347408,0.106341,GEO,RUS,0583
9449,90,186,716,1997.0,379594.0,2389.0,0.225904,1.291959,GRC,RUS,0583
9450,102,186,716,1997.0,2602308.0,11004.0,0.9121799999999999,1.55321,HUN,RUS,0583
9451,104,186,716,1997.0,101392.0,0.0,0.150788,2.027932,IND,RUS,0583
9452,106,186,716,1997.0,37573.0,0.0,1.579974,1.018361,IRL,RUS,0583
9453,107,186,716,1997.0,11353.0,0.0,-0.8911190000000001,-1.085849,IRN,RUS,0583
9454,110,186,716,1997.0,36009.0,0.0,1.404901,1.072135,ISR,RUS,0583
9455,111,186,716,1997.0,374846.0,0.0,1.596917,0.8313959999999999,ITA,RUS,0583
9456,114,186,716,1997.0,0.0,2720.0,2.771316,0.545821,JPN,RUS,0583
9457,115,186,716,1997.0,147275.0,212807.0,0.302596,-0.028221,KAZ,RUS,0583
9458,117,186,716,1997.0,69939.0,5339.0,0.063303,-0.014279,KGZ,RUS,0583
9459,121,186,716,1997.0,74166.0,0.0,1.2642,1.164231,KOR,RUS,0583
9460,130,186,716,1997.0,48185.0,3029.0,0.360579,1.382816,LTU,RUS,0583
9461,132,186,716,1997.0,10833.0,3497.0,0.332958,0.51665,LVA,RUS,0583
9462,135,186,716,1997.0,7808268.0,0.0,0.14225,-0.250556,MDA,RUS,0583
9463,138,186,716,1997.0,20124.0,0.0,0.7735350000000001,0.9161590000000001,MEX,RUS,0583
9464,145,186,716,1997.0,0.0,5216.0,-0.569797,-0.9604370000000001,MNG,RUS,0583
9465,153,186,716,1997.0,7699.0,0.0,0.526754,0.33065700000000003,MYS,RUS,0583
9466,162,186,716,1997.0,407635.0,0.0,1.327106,1.520932,NLD,RUS,0583
9467,163,186,716,1997.0,5738.0,0.0,0.857735,0.061844,NOR,RUS,0583
9468,166,186,716,1997.0,190121.0,0.0,0.372052,0.764854,NZL,RUS,0583
9469,168,186,716,1997.0,2382.0,0.0,-0.844282,-0.602616,PAK,RUS,0583
9470,177,186,716,1997.0,4797642.0,5037.0,0.8447319999999999,2.000241,POL,RUS,0583
9471,185,186,716,1997.0,46706.0,0.0,0.666251,1.31932,ROU,RUS,0583
9472,189,186,716,1997.0,237264.0,0.0,0.626724,1.7948549999999999,SCG,RUS,0583
9473,206,186,716,1997.0,67626.0,0.0,1.265691,1.368739,SVK,RUS,0583
9474,207,186,716,1997.0,862315.0,0.0,1.449492,1.253379,SVN,RUS,0583
9475,208,186,716,1997.0,43617.0,0.0,2.0806709999999997,0.9541219999999999,SWE,RUS,0583
9476,216,186,716,1997.0,10794.0,0.0,0.216402,1.366618,THA,RUS,0583
9477,217,186,716,1997.0,85047.0,2145.0,-0.095789,-0.706445,TJK,RUS,0583
9478,224,186,716,1997.0,531601.0,0.0,0.154428,1.7573880000000002,TUR,RUS,0583
9479,228,186,716,1997.0,6562046.0,7771.0,0.7384539999999999,1.096947,UKR,RUS,0583
9480,231,186,716,1997.0,302956.0,4180.0,1.875847,0.46257299999999996,USA,RUS,0583
9481,232,186,716,1997.0,445496.0,2796.0,-0.134113,-0.791415,UZB,RUS,0583
9482,246,186,716,1997.0,24540.0,0.0,0.29381199999999996,1.276557,ZAF,RUS,0583
9483,250,186,716,1997.0,3419.0,0.0,1.004537,0.782725,ANS,RUS,0583
9484,7,192,716,1997.0,0.0,10411.0,-0.317351,-0.8786510000000001,ARE,SGP,0583
9485,14,192,716,1997.0,1030193.0,81803.0,-0.033861,0.647668,AUS,SGP,0583
9486,15,192,716,1997.0,79066.0,0.0,1.904005,0.445169,AUT,SGP,0583
9487,18,192,716,1997.0,146935.0,0.0,1.470183,1.312167,BEL,SGP,0583
9488,22,192,716,1997.0,0.0,20237.0,-0.638734,-0.895301,BGD,SGP,0583
9489,34,192,716,1997.0,0.0,262575.0,-0.443665,-0.825732,BRN,SGP,0583
9490,39,192,716,1997.0,5502.0,22662.0,0.928586,1.3413389999999998,CAN,SGP,0583
9491,41,192,716,1997.0,574173.0,0.0,2.327788,0.682804,CHE,SGP,0583
9492,43,192,716,1997.0,57363.0,15697.0,0.380294,2.389738,CHN,SGP,0583
9493,50,192,716,1997.0,0.0,1865.0,0.44647200000000004,-0.524514,COM,SGP,0583
9494,61,192,716,1997.0,132037.0,1720.0,2.360316,-2.655514,DEU,SGP,0583
9495,64,192,716,1997.0,18687.0,0.0,1.422606,1.395373,DNK,SGP,0583
9496,71,192,716,1997.0,2926.0,0.0,1.068989,1.9429439999999998,ESP,SGP,0583
9497,75,192,716,1997.0,0.0,10676.0,-0.8839090000000001,-0.9493540000000001,FJI,SGP,0583
9498,77,192,716,1997.0,440031.0,0.0,1.6737630000000001,0.7499439999999999,FRA,SGP,0583
9499,81,192,716,1997.0,513734.0,2611.0,1.9742490000000001,0.7046359999999999,GBR,SGP,0583
9500,90,192,716,1997.0,41564.0,0.0,0.225904,1.291959,GRC,SGP,0583
9501,97,192,716,1997.0,59577.0,15302.0,0.475945,1.7576919999999998,HKG,SGP,0583
9502,99,192,716,1997.0,1195.0,0.0,-0.7449319999999999,-0.50008,HND,SGP,0583
9503,103,192,716,1997.0,59088.0,23395.0,-0.21049600000000002,1.318692,IDN,SGP,0583
9504,104,192,716,1997.0,28403.0,14667.0,0.150788,2.027932,IND,SGP,0583
9505,106,192,716,1997.0,6932.0,0.0,1.579974,1.018361,IRL,SGP,0583
9506,110,192,716,1997.0,1119.0,0.0,1.404901,1.072135,ISR,SGP,0583
9507,111,192,716,1997.0,34770.0,0.0,1.596917,0.8313959999999999,ITA,SGP,0583
9508,114,192,716,1997.0,40396.0,59619.0,2.771316,0.545821,JPN,SGP,0583
9509,118,192,716,1997.0,0.0,17509.0,-1.3386770000000001,-1.2547110000000001,KHM,SGP,0583
9510,121,192,716,1997.0,6383.0,11390.0,1.2642,1.164231,KOR,SGP,0583
9511,122,192,716,1997.0,0.0,53064.0,-1.0192139999999998,-1.193627,KWT,SGP,0583
9512,128,192,716,1997.0,0.0,68378.0,-0.6467470000000001,-0.27831300000000003,LKA,SGP,0583
9513,133,192,716,1997.0,0.0,2190.0,-0.061292,-0.44707399999999997,MAC,SGP,0583
9514,137,192,716,1997.0,0.0,68325.0,-1.0046620000000002,-1.0400340000000001,MDV,SGP,0583
9515,143,192,716,1997.0,0.0,66280.0,-1.222694,-0.9493,MMR,SGP,0583
9516,145,192,716,1997.0,0.0,14249.0,-0.569797,-0.9604370000000001,MNG,SGP,0583
9517,151,192,716,1997.0,0.0,9965.0,-0.42358999999999997,-0.680841,MUS,SGP,0583
9518,153,192,716,1997.0,1019480.0,204412.0,0.526754,0.33065700000000003,MYS,SGP,0583
9519,156,192,716,1997.0,0.0,1115.0,-0.600665,-0.8788389999999999,NCL,SGP,0583
9520,162,192,716,1997.0,89805.0,11148.0,1.327106,1.520932,NLD,SGP,0583
9521,163,192,716,1997.0,4145.0,0.0,0.857735,0.061844,NOR,SGP,0583
9522,166,192,716,1997.0,41659.0,1735.0,0.372052,0.764854,NZL,SGP,0583
9523,168,192,716,1997.0,2461.0,0.0,-0.844282,-0.602616,PAK,SGP,0583
9524,174,192,716,1997.0,266364.0,218525.0,0.044834,0.024782,PHL,SGP,0583
9525,176,192,716,1997.0,0.0,20587.0,-1.960463,-1.270168,PNG,SGP,0583
9526,178,192,716,1997.0,0.0,2743.0,0.734805,0.8720889999999999,PRK,SGP,0583
9527,188,192,716,1997.0,0.0,64203.0,-0.300809,-1.0455,SAU,SGP,0583
9528,208,192,716,1997.0,27892.0,0.0,2.0806709999999997,0.9541219999999999,SWE,SGP,0583
9529,211,192,716,1997.0,0.0,5759.0,-0.547613,-0.8543209999999999,SYC,SGP,0583
9530,216,192,716,1997.0,569090.0,40583.0,0.216402,1.366618,THA,SGP,0583
9531,231,192,716,1997.0,991226.0,27608.0,1.875847,0.46257299999999996,USA,SGP,0583
9532,239,192,716,1997.0,16045.0,138164.0,-0.67516,0.251436,VNM,SGP,0583
9533,240,192,716,1997.0,0.0,4267.0,-1.04932,-0.982175,VUT,SGP,0583
9534,246,192,716,1997.0,20972.0,5198.0,0.29381199999999996,1.276557,ZAF,SGP,0583
9535,249,192,716,1997.0,340282.0,6255.0,1.557128,1.434424,TWN,SGP,0583
9536,250,192,716,1997.0,0.0,1203.0,1.004537,0.782725,ANS,SGP,0583
9537,15,206,716,1997.0,19062.0,0.0,1.904005,0.445169,AUT,SVK,0583
9538,26,206,716,1997.0,0.0,1998.0,0.517231,0.321515,BIH,SVK,0583
9539,28,206,716,1997.0,0.0,3245.0,0.716832,0.706486,BLR,SVK,0583
9540,32,206,716,1997.0,1731.0,0.0,0.805759,1.249182,BRA,SVK,0583
9541,59,206,716,1997.0,2604467.0,488318.0,1.450452,1.031814,CZE,SVK,0583
9542,61,206,716,1997.0,70406.0,0.0,2.360316,-2.655514,DEU,SVK,0583
9543,71,206,716,1997.0,3524.0,0.0,1.068989,1.9429439999999998,ESP,SVK,0583
9544,100,206,716,1997.0,0.0,2277.0,0.61283,1.321775,HRV,SVK,0583
9545,102,206,716,1997.0,132214.0,15465.0,0.9121799999999999,1.55321,HUN,SVK,0583
9546,110,206,716,1997.0,0.0,26768.0,1.404901,1.072135,ISR,SVK,0583
9547,111,206,716,1997.0,9821.0,0.0,1.596917,0.8313959999999999,ITA,SVK,0583
9548,130,206,716,1997.0,0.0,5901.0,0.360579,1.382816,LTU,SVK,0583
9549,135,206,716,1997.0,103170.0,1831.0,0.14225,-0.250556,MDA,SVK,0583
9550,177,206,716,1997.0,16405.0,0.0,0.8447319999999999,2.000241,POL,SVK,0583
9551,186,206,716,1997.0,0.0,67626.0,0.572773,0.375446,RUS,SVK,0583
9552,207,206,716,1997.0,169918.0,0.0,1.449492,1.253379,SVN,SVK,0583
9553,208,206,716,1997.0,4209.0,0.0,2.0806709999999997,0.9541219999999999,SWE,SVK,0583
9554,228,206,716,1997.0,0.0,2904.0,0.7384539999999999,1.096947,UKR,SVK,0583
9555,250,206,716,1997.0,6952.0,0.0,1.004537,0.782725,ANS,SVK,0583
9556,15,207,716,1997.0,768052.0,0.0,1.904005,0.445169,AUT,SVN,0583
9557,26,207,716,1997.0,63969.0,387361.0,0.517231,0.321515,BIH,SVN,0583
9558,52,207,716,1997.0,8819.0,0.0,-0.158667,0.204758,CRI,SVN,0583
9559,59,207,716,1997.0,54192.0,0.0,1.450452,1.031814,CZE,SVN,0583
9560,61,207,716,1997.0,282048.0,0.0,2.360316,-2.655514,DEU,SVN,0583
9561,64,207,716,1997.0,11549.0,0.0,1.422606,1.395373,DNK,SVN,0583
9562,71,207,716,1997.0,953722.0,0.0,1.068989,1.9429439999999998,ESP,SVN,0583
9563,77,207,716,1997.0,1014.0,0.0,1.6737630000000001,0.7499439999999999,FRA,SVN,0583
9564,81,207,716,1997.0,22006.0,0.0,1.9742490000000001,0.7046359999999999,GBR,SVN,0583
9565,100,207,716,1997.0,168252.0,1497748.0,0.61283,1.321775,HRV,SVN,0583
9566,102,207,716,1997.0,66271.0,24558.0,0.9121799999999999,1.55321,HUN,SVN,0583
9567,111,207,716,1997.0,1644534.0,40309.0,1.596917,0.8313959999999999,ITA,SVN,0583
9568,115,207,716,1997.0,0.0,10319.0,0.302596,-0.028221,KAZ,SVN,0583
9569,130,207,716,1997.0,0.0,11096.0,0.360579,1.382816,LTU,SVN,0583
9570,140,207,716,1997.0,2285.0,142331.0,0.297389,0.735171,MKD,SVN,0583
9571,142,207,716,1997.0,10079.0,0.0,1.1063180000000001,0.377209,MLT,SVN,0583
9572,162,207,716,1997.0,12002.0,0.0,1.327106,1.520932,NLD,SVN,0583
9573,186,207,716,1997.0,0.0,862315.0,0.572773,0.375446,RUS,SVN,0583
9574,189,207,716,1997.0,3321.0,279453.0,0.626724,1.7948549999999999,SCG,SVN,0583
9575,206,207,716,1997.0,0.0,169918.0,1.265691,1.368739,SVK,SVN,0583
9576,228,207,716,1997.0,0.0,62144.0,0.7384539999999999,1.096947,UKR,SVN,0583
9577,7,226,716,1997.0,27932.0,0.0,-0.317351,-0.8786510000000001,ARE,TZA,0583
9578,64,226,716,1997.0,0.0,19621.0,1.422606,1.395373,DNK,TZA,0583
9579,81,226,716,1997.0,5447.0,0.0,1.9742490000000001,0.7046359999999999,GBR,TZA,0583
9580,111,226,716,1997.0,2276.0,0.0,1.596917,0.8313959999999999,ITA,TZA,0583
9581,116,226,716,1997.0,89744.0,0.0,-0.363967,0.218183,KEN,TZA,0583
9582,124,226,716,1997.0,1308.0,0.0,0.28229299999999996,1.0650549999999999,LBN,TZA,0583
9583,227,226,716,1997.0,0.0,2822.0,-1.175585,-1.017807,UGA,TZA,0583
9584,246,226,716,1997.0,23598.0,0.0,0.29381199999999996,1.276557,ZAF,TZA,0583
9585,7,228,716,1997.0,11692.0,0.0,-0.317351,-0.8786510000000001,ARE,UKR,0583
9586,15,228,716,1997.0,11040.0,0.0,1.904005,0.445169,AUT,UKR,0583
9587,18,228,716,1997.0,22983.0,0.0,1.470183,1.312167,BEL,UKR,0583
9588,23,228,716,1997.0,50142.0,146818.0,0.523226,1.4133959999999999,BGR,UKR,0583
9589,28,228,716,1997.0,56647.0,194260.0,0.716832,0.706486,BLR,UKR,0583
9590,39,228,716,1997.0,1141.0,0.0,0.928586,1.3413389999999998,CAN,UKR,0583
9591,41,228,716,1997.0,1426.0,0.0,2.327788,0.682804,CHE,UKR,0583
9592,43,228,716,1997.0,2448.0,0.0,0.380294,2.389738,CHN,UKR,0583
9593,59,228,716,1997.0,371130.0,10692.0,1.450452,1.031814,CZE,UKR,0583
9594,61,228,716,1997.0,167101.0,3566.0,2.360316,-2.655514,DEU,UKR,0583
9595,64,228,716,1997.0,6710.0,0.0,1.422606,1.395373,DNK,UKR,0583
9596,66,228,716,1997.0,4259.0,0.0,-0.8557879999999999,-1.150101,DZA,UKR,0583
9597,68,228,716,1997.0,1873.0,0.0,-0.34861,0.005477,EGY,UKR,0583
9598,71,228,716,1997.0,1148.0,0.0,1.068989,1.9429439999999998,ESP,UKR,0583
9599,72,228,716,1997.0,1558.0,73797.0,0.45792,1.148099,EST,UKR,0583
9600,74,228,716,1997.0,98467.0,0.0,1.991377,1.047477,FIN,UKR,0583
9601,77,228,716,1997.0,21829.0,0.0,1.6737630000000001,0.7499439999999999,FRA,UKR,0583
9602,81,228,716,1997.0,51567.0,0.0,1.9742490000000001,0.7046359999999999,GBR,UKR,0583
9603,90,228,716,1997.0,2332.0,0.0,0.225904,1.291959,GRC,UKR,0583
9604,102,228,716,1997.0,188355.0,0.0,0.9121799999999999,1.55321,HUN,UKR,0583
9605,104,228,716,1997.0,54096.0,0.0,0.150788,2.027932,IND,UKR,0583
9606,110,228,716,1997.0,12376.0,0.0,1.404901,1.072135,ISR,UKR,0583
9607,111,228,716,1997.0,527195.0,0.0,1.596917,0.8313959999999999,ITA,UKR,0583
9608,115,228,716,1997.0,0.0,153945.0,0.302596,-0.028221,KAZ,UKR,0583
9609,121,228,716,1997.0,1432.0,0.0,1.2642,1.164231,KOR,UKR,0583
9610,124,228,716,1997.0,1465.0,0.0,0.28229299999999996,1.0650549999999999,LBN,UKR,0583
9611,132,228,716,1997.0,2370.0,41383.0,0.332958,0.51665,LVA,UKR,0583
9612,135,228,716,1997.0,21800.0,0.0,0.14225,-0.250556,MDA,UKR,0583
9613,162,228,716,1997.0,8074.0,0.0,1.327106,1.520932,NLD,UKR,0583
9614,163,228,716,1997.0,1285.0,0.0,0.857735,0.061844,NOR,UKR,0583
9615,177,228,716,1997.0,671739.0,9044.0,0.8447319999999999,2.000241,POL,UKR,0583
9616,185,228,716,1997.0,2642.0,0.0,0.666251,1.31932,ROU,UKR,0583
9617,186,228,716,1997.0,7771.0,6562046.0,0.572773,0.375446,RUS,UKR,0583
9618,190,228,716,1997.0,0.0,6212.0,-1.248538,-1.197904,SDN,UKR,0583
9619,206,228,716,1997.0,2904.0,0.0,1.265691,1.368739,SVK,UKR,0583
9620,207,228,716,1997.0,62144.0,0.0,1.449492,1.253379,SVN,UKR,0583
9621,208,228,716,1997.0,3368.0,0.0,2.0806709999999997,0.9541219999999999,SWE,UKR,0583
9622,212,228,716,1997.0,10776.0,0.0,-0.932127,-0.963823,SYR,UKR,0583
9623,216,228,716,1997.0,4411.0,0.0,0.216402,1.366618,THA,UKR,0583
9624,224,228,716,1997.0,200842.0,0.0,0.154428,1.7573880000000002,TUR,UKR,0583
9625,231,228,716,1997.0,25191.0,2206.0,1.875847,0.46257299999999996,USA,UKR,0583
9626,246,228,716,1997.0,17873.0,0.0,0.29381199999999996,1.276557,ZAF,UKR,0583
9627,8,249,716,1997.0,0.0,8780.0,0.072589,0.965456,ARG,TWN,0583
9628,14,249,716,1997.0,36832.0,116525.0,-0.033861,0.647668,AUS,TWN,0583
9629,15,249,716,1997.0,9004.0,0.0,1.904005,0.445169,AUT,TWN,0583
9630,18,249,716,1997.0,72980.0,0.0,1.470183,1.312167,BEL,TWN,0583
9631,32,249,716,1997.0,0.0,15192.0,0.805759,1.249182,BRA,TWN,0583
9632,34,249,716,1997.0,0.0,2303.0,-0.443665,-0.825732,BRN,TWN,0583
9633,39,249,716,1997.0,18349.0,110271.0,0.928586,1.3413389999999998,CAN,TWN,0583
9634,41,249,716,1997.0,309168.0,0.0,2.327788,0.682804,CHE,TWN,0583
9635,43,249,716,1997.0,56515.0,23523.0,0.380294,2.389738,CHN,TWN,0583
9636,52,249,716,1997.0,0.0,5088.0,-0.158667,0.204758,CRI,TWN,0583
9637,61,249,716,1997.0,119324.0,0.0,2.360316,-2.655514,DEU,TWN,0583
9638,64,249,716,1997.0,7833.0,0.0,1.422606,1.395373,DNK,TWN,0583
9639,77,249,716,1997.0,429927.0,7463.0,1.6737630000000001,0.7499439999999999,FRA,TWN,0583
9640,81,249,716,1997.0,15287.0,24093.0,1.9742490000000001,0.7046359999999999,GBR,TWN,0583
9641,97,249,716,1997.0,4610.0,4150792.0,0.475945,1.7576919999999998,HKG,TWN,0583
9642,103,249,716,1997.0,160608.0,17409.0,-0.21049600000000002,1.318692,IDN,TWN,0583
9643,111,249,716,1997.0,16726.0,3538.0,1.596917,0.8313959999999999,ITA,TWN,0583
9644,114,249,716,1997.0,342016.0,167191.0,2.771316,0.545821,JPN,TWN,0583
9645,121,249,716,1997.0,193819.0,28757.0,1.2642,1.164231,KOR,TWN,0583
9646,133,249,716,1997.0,0.0,98350.0,-0.061292,-0.44707399999999997,MAC,TWN,0583
9647,151,249,716,1997.0,0.0,2132.0,-0.42358999999999997,-0.680841,MUS,TWN,0583
9648,153,249,716,1997.0,141627.0,104359.0,0.526754,0.33065700000000003,MYS,TWN,0583
9649,162,249,716,1997.0,23881.0,5761.0,1.327106,1.520932,NLD,TWN,0583
9650,163,249,716,1997.0,0.0,2320.0,0.857735,0.061844,NOR,TWN,0583
9651,166,249,716,1997.0,102587.0,13291.0,0.372052,0.764854,NZL,TWN,0583
9652,173,249,716,1997.0,9228.0,0.0,-0.603019,-0.365845,PER,TWN,0583
9653,174,249,716,1997.0,46188.0,29515.0,0.044834,0.024782,PHL,TWN,0583
9654,188,249,716,1997.0,0.0,13785.0,-0.300809,-1.0455,SAU,TWN,0583
9655,192,249,716,1997.0,6255.0,340282.0,1.1946700000000001,0.30503600000000003,SGP,TWN,0583
9656,208,249,716,1997.0,3007.0,4471.0,2.0806709999999997,0.9541219999999999,SWE,TWN,0583
9657,216,249,716,1997.0,381412.0,104418.0,0.216402,1.366618,THA,TWN,0583
9658,231,249,716,1997.0,1874448.0,853997.0,1.875847,0.46257299999999996,USA,TWN,0583
9659,246,249,716,1997.0,19044.0,1869.0,0.29381199999999996,1.276557,ZAF,TWN,0583
9660,250,249,716,1997.0,0.0,14437.0,1.004537,0.782725,ANS,TWN,0583
9661,18,8,716,1997.0,4649.0,400074.0,1.470183,1.312167,BEL,ARG,0583
9662,31,8,716,1997.0,0.0,543918.0,-0.765684,-0.796686,BOL,ARG,0583
9663,32,8,716,1997.0,2446.0,1106047.0,0.805759,1.249182,BRA,ARG,0583
9664,39,8,716,1997.0,0.0,16660.0,0.928586,1.3413389999999998,CAN,ARG,0583
9665,41,8,716,1997.0,77485.0,23506.0,2.327788,0.682804,CHE,ARG,0583
9666,42,8,716,1997.0,889226.0,111215.0,-0.06841799999999999,-0.21526199999999998,CHL,ARG,0583
9667,52,8,716,1997.0,51675.0,2740.0,-0.158667,0.204758,CRI,ARG,0583
9668,54,8,716,1997.0,0.0,119739.0,-0.793234,-1.169625,CUB,ARG,0583
9669,59,8,716,1997.0,0.0,6931.0,1.450452,1.031814,CZE,ARG,0583
9670,61,8,716,1997.0,381376.0,9101.0,2.360316,-2.655514,DEU,ARG,0583
9671,65,8,716,1997.0,0.0,13683.0,-0.5140170000000001,-0.564107,DOM,ARG,0583
9672,67,8,716,1997.0,274842.0,7030.0,-1.124002,-1.0084549999999999,ECU,ARG,0583
9673,71,8,716,1997.0,260179.0,8093.0,1.068989,1.9429439999999998,ESP,ARG,0583
9674,77,8,716,1997.0,524396.0,0.0,1.6737630000000001,0.7499439999999999,FRA,ARG,0583
9675,81,8,716,1997.0,82884.0,0.0,1.9742490000000001,0.7046359999999999,GBR,ARG,0583
9676,93,8,716,1997.0,0.0,191092.0,-0.17965,0.23698200000000003,GTM,ARG,0583
9677,100,8,716,1997.0,4092.0,0.0,0.61283,1.321775,HRV,ARG,0583
9678,102,8,716,1997.0,0.0,4606.0,0.9121799999999999,1.55321,HUN,ARG,0583
9679,104,8,716,1997.0,8874.0,0.0,0.150788,2.027932,IND,ARG,0583
9680,106,8,716,1997.0,5713.0,0.0,1.579974,1.018361,IRL,ARG,0583
9681,110,8,716,1997.0,3216.0,109694.0,1.404901,1.072135,ISR,ARG,0583
9682,111,8,716,1997.0,75008.0,44146.0,1.596917,0.8313959999999999,ITA,ARG,0583
9683,112,8,716,1997.0,0.0,12945.0,-0.6338739999999999,-0.838622,JAM,ARG,0583
9684,114,8,716,1997.0,0.0,7285.0,2.771316,0.545821,JPN,ARG,0583
9685,121,8,716,1997.0,0.0,66223.0,1.2642,1.164231,KOR,ARG,0583
9686,153,8,716,1997.0,59398.0,0.0,0.526754,0.33065700000000003,MYS,ARG,0583
9687,162,8,716,1997.0,0.0,660195.0,1.327106,1.520932,NLD,ARG,0583
9688,166,8,716,1997.0,0.0,48077.0,0.372052,0.764854,NZL,ARG,0583
9689,169,8,716,1997.0,0.0,229997.0,0.0038,0.036532999999999996,PAN,ARG,0583
9690,173,8,716,1997.0,0.0,160295.0,-0.603019,-0.365845,PER,ARG,0583
9691,180,8,716,1997.0,0.0,549835.0,-0.6051380000000001,-0.708271,PRY,ARG,0583
9692,188,8,716,1997.0,0.0,38310.0,-0.300809,-1.0455,SAU,ARG,0583
9693,216,8,716,1997.0,169821.0,0.0,0.216402,1.366618,THA,ARG,0583
9694,224,8,716,1997.0,3325.0,303244.0,0.154428,1.7573880000000002,TUR,ARG,0583
9695,230,8,716,1997.0,78546.0,411109.0,0.080024,0.669226,URY,ARG,0583
9696,231,8,716,1997.0,274642.0,89071.0,1.875847,0.46257299999999996,USA,ARG,0583
9697,236,8,716,1997.0,0.0,68612.0,-0.137776,-0.750744,VEN,ARG,0583
9698,246,8,716,1997.0,195436.0,0.0,0.29381199999999996,1.276557,ZAF,ARG,0583
9699,249,8,716,1997.0,8780.0,0.0,1.557128,1.434424,TWN,ARG,0583
9700,250,8,716,1997.0,30889.0,0.0,1.004537,0.782725,ANS,ARG,0583
9701,18,17,716,1997.0,7382.0,0.0,1.470183,1.312167,BEL,BDI,0583
9702,246,17,716,1997.0,1572.0,0.0,0.29381199999999996,1.276557,ZAF,BDI,0583
9703,18,44,716,1997.0,5181.0,0.0,1.470183,1.312167,BEL,CIV,0583
9704,19,44,716,1997.0,0.0,9498.0,-1.357169,-1.089711,BEN,CIV,0583
9705,39,44,716,1997.0,0.0,17528.0,0.928586,1.3413389999999998,CAN,CIV,0583
9706,61,44,716,1997.0,1558.0,0.0,2.360316,-2.655514,DEU,CIV,0583
9707,77,44,716,1997.0,152667.0,108628.0,1.6737630000000001,0.7499439999999999,FRA,CIV,0583
9708,111,44,716,1997.0,11140.0,63842.0,1.596917,0.8313959999999999,ITA,CIV,0583
9709,124,44,716,1997.0,9580.0,0.0,0.28229299999999996,1.0650549999999999,LBN,CIV,0583
9710,179,44,716,1997.0,1139.0,0.0,0.496633,1.025231,PRT,CIV,0583
9711,231,44,716,1997.0,1389.0,29107.0,1.875847,0.46257299999999996,USA,CIV,0583
9712,246,44,716,1997.0,486385.0,0.0,0.29381199999999996,1.276557,ZAF,CIV,0583
9713,250,44,716,1997.0,3771.0,0.0,1.004537,0.782725,ANS,CIV,0583
9714,18,45,716,1997.0,7620.0,0.0,1.470183,1.312167,BEL,CMR,0583
9715,68,45,716,1997.0,3668.0,0.0,-0.34861,0.005477,EGY,CMR,0583
9716,77,45,716,1997.0,92346.0,0.0,1.6737630000000001,0.7499439999999999,FRA,CMR,0583
9717,162,45,716,1997.0,15887.0,0.0,1.327106,1.520932,NLD,CMR,0583
9718,216,45,716,1997.0,18463.0,0.0,0.216402,1.366618,THA,CMR,0583
9719,32,51,716,1997.0,164141.0,0.0,0.805759,1.249182,BRA,CPV,0583
9720,71,51,716,1997.0,2399.0,0.0,1.068989,1.9429439999999998,ESP,CPV,0583
9721,138,51,716,1997.0,6597.0,0.0,0.7735350000000001,0.9161590000000001,MEX,CPV,0583
9722,162,51,716,1997.0,9703.0,0.0,1.327106,1.520932,NLD,CPV,0583
9723,179,51,716,1997.0,71875.0,0.0,0.496633,1.025231,PRT,CPV,0583
9724,216,51,716,1997.0,1109.0,0.0,0.216402,1.366618,THA,CPV,0583
9725,246,51,716,1997.0,8975.0,0.0,0.29381199999999996,1.276557,ZAF,CPV,0583
9726,250,51,716,1997.0,1157.0,0.0,1.004537,0.782725,ANS,CPV,0583
9727,15,73,716,1997.0,17375.0,0.0,1.904005,0.445169,AUT,ETH,0583
9728,61,73,716,1997.0,1205.0,0.0,2.360316,-2.655514,DEU,ETH,0583
9729,62,73,716,1997.0,1750.0,0.0,0.388331,0.05764299999999999,DJI,ETH,0583
9730,64,73,716,1997.0,47923.0,0.0,1.422606,1.395373,DNK,ETH,0583
9731,68,73,716,1997.0,10284.0,0.0,-0.34861,0.005477,EGY,ETH,0583
9732,77,73,716,1997.0,2387.0,0.0,1.6737630000000001,0.7499439999999999,FRA,ETH,0583
9733,111,73,716,1997.0,5280.0,0.0,1.596917,0.8313959999999999,ITA,ETH,0583
9734,142,73,716,1997.0,8386.0,0.0,1.1063180000000001,0.377209,MLT,ETH,0583
9735,162,73,716,1997.0,8455.0,0.0,1.327106,1.520932,NLD,ETH,0583
9736,231,73,716,1997.0,1263.0,0.0,1.875847,0.46257299999999996,USA,ETH,0583
9737,243,73,716,1997.0,15766.0,0.0,-1.665484,-1.292243,YEM,ETH,0583
9738,18,80,716,1997.0,19427.0,0.0,1.470183,1.312167,BEL,GAB,0583
9739,71,80,716,1997.0,2146.0,0.0,1.068989,1.9429439999999998,ESP,GAB,0583
9740,77,80,716,1997.0,154883.0,0.0,1.6737630000000001,0.7499439999999999,FRA,GAB,0583
9741,111,80,716,1997.0,1528.0,0.0,1.596917,0.8313959999999999,ITA,GAB,0583
9742,124,80,716,1997.0,1121.0,0.0,0.28229299999999996,1.0650549999999999,LBN,GAB,0583
9743,216,80,716,1997.0,2804.0,0.0,0.216402,1.366618,THA,GAB,0583
9744,246,80,716,1997.0,1820.0,0.0,0.29381199999999996,1.276557,ZAF,GAB,0583
9745,18,83,716,1997.0,1306.0,2526.0,1.470183,1.312167,BEL,GHA,0583
9746,23,83,716,1997.0,2639.0,0.0,0.523226,1.4133959999999999,BGR,GHA,0583
9747,77,83,716,1997.0,13481.0,0.0,1.6737630000000001,0.7499439999999999,FRA,GHA,0583
9748,81,83,716,1997.0,86234.0,0.0,1.9742490000000001,0.7046359999999999,GBR,GHA,0583
9749,111,83,716,1997.0,5628.0,0.0,1.596917,0.8313959999999999,ITA,GHA,0583
9750,124,83,716,1997.0,2165.0,0.0,0.28229299999999996,1.0650549999999999,LBN,GHA,0583
9751,162,83,716,1997.0,5134.0,0.0,1.327106,1.520932,NLD,GHA,0583
9752,231,83,716,1997.0,54323.0,0.0,1.875847,0.46257299999999996,USA,GHA,0583
9753,246,83,716,1997.0,15420.0,0.0,0.29381199999999996,1.276557,ZAF,GHA,0583
9754,250,83,716,1997.0,1756.0,0.0,1.004537,0.782725,ANS,GHA,0583
9755,81,116,716,1997.0,86035.0,0.0,1.9742490000000001,0.7046359999999999,GBR,KEN,0583
9756,104,116,716,1997.0,1557.0,0.0,0.150788,2.027932,IND,KEN,0583
9757,110,116,716,1997.0,13462.0,0.0,1.404901,1.072135,ISR,KEN,0583
9758,111,116,716,1997.0,0.0,26631.0,1.596917,0.8313959999999999,ITA,KEN,0583
9759,162,116,716,1997.0,2075.0,0.0,1.327106,1.520932,NLD,KEN,0583
9760,168,116,716,1997.0,12281.0,0.0,-0.844282,-0.602616,PAK,KEN,0583
9761,226,116,716,1997.0,0.0,89744.0,-1.243443,-0.537161,TZA,KEN,0583
9762,227,116,716,1997.0,0.0,100285.0,-1.175585,-1.017807,UGA,KEN,0583
9763,246,116,716,1997.0,48062.0,0.0,0.29381199999999996,1.276557,ZAF,KEN,0583
9764,250,116,716,1997.0,0.0,1164.0,1.004537,0.782725,ANS,KEN,0583
9765,18,134,716,1997.0,32290.0,3526.0,1.470183,1.312167,BEL,MAR,0583
9766,71,134,716,1997.0,25735.0,0.0,1.068989,1.9429439999999998,ESP,MAR,0583
9767,77,134,716,1997.0,181872.0,4533.0,1.6737630000000001,0.7499439999999999,FRA,MAR,0583
9768,81,134,716,1997.0,1081.0,0.0,1.9742490000000001,0.7046359999999999,GBR,MAR,0583
9769,111,134,716,1997.0,177242.0,0.0,1.596917,0.8313959999999999,ITA,MAR,0583
9770,162,134,716,1997.0,2210.0,0.0,1.327106,1.520932,NLD,MAR,0583
9771,231,134,716,1997.0,2096.0,0.0,1.875847,0.46257299999999996,USA,MAR,0583
9772,246,134,716,1997.0,24991.0,0.0,0.29381199999999996,1.276557,ZAF,MAR,0583
9773,246,152,716,1997.0,14333.0,336370.0,0.29381199999999996,1.276557,ZAF,MWI,0583
9774,8,173,716,1997.0,160295.0,0.0,0.072589,0.965456,ARG,PER,0583
9775,31,173,716,1997.0,13360.0,101397.0,-0.765684,-0.796686,BOL,PER,0583
9776,39,173,716,1997.0,0.0,16548.0,0.928586,1.3413389999999998,CAN,PER,0583
9777,41,173,716,1997.0,6231.0,0.0,2.327788,0.682804,CHE,PER,0583
9778,42,173,716,1997.0,627003.0,0.0,-0.06841799999999999,-0.21526199999999998,CHL,PER,0583
9779,43,173,716,1997.0,1267.0,0.0,0.380294,2.389738,CHN,PER,0583
9780,61,173,716,1997.0,4723.0,0.0,2.360316,-2.655514,DEU,PER,0583
9781,71,173,716,1997.0,8965.0,0.0,1.068989,1.9429439999999998,ESP,PER,0583
9782,77,173,716,1997.0,2512.0,5044.0,1.6737630000000001,0.7499439999999999,FRA,PER,0583
9783,81,173,716,1997.0,5043.0,0.0,1.9742490000000001,0.7046359999999999,GBR,PER,0583
9784,97,173,716,1997.0,1224.0,0.0,0.475945,1.7576919999999998,HKG,PER,0583
9785,112,173,716,1997.0,0.0,14968.0,-0.6338739999999999,-0.838622,JAM,PER,0583
9786,231,173,716,1997.0,98762.0,482097.0,1.875847,0.46257299999999996,USA,PER,0583
9787,236,173,716,1997.0,540278.0,0.0,-0.137776,-0.750744,VEN,PER,0583
9788,249,173,716,1997.0,0.0,9228.0,1.557128,1.434424,TWN,PER,0583
9789,68,247,716,1997.0,86744.0,0.0,-0.34861,0.005477,EGY,ZMB,0583
9790,124,247,716,1997.0,1181.0,0.0,0.28229299999999996,1.0650549999999999,LBN,ZMB,0583
9791,246,247,716,1997.0,120598.0,0.0,0.29381199999999996,1.276557,ZAF,ZMB,0583
9792,248,247,716,1997.0,27749.0,2616.0,-0.5328609999999999,-0.509275,ZWE,ZMB,0583
9793,7,9,716,1997.0,9239.0,0.0,-0.317351,-0.8786510000000001,ARE,ARM,0583
9794,23,9,716,1997.0,4162.0,0.0,0.523226,1.4133959999999999,BGR,ARM,0583
9795,61,9,716,1997.0,3961.0,0.0,2.360316,-2.655514,DEU,ARM,0583
9796,81,9,716,1997.0,2552.0,0.0,1.9742490000000001,0.7046359999999999,GBR,ARM,0583
9797,82,9,716,1997.0,1281.0,1743.0,0.347408,0.106341,GEO,ARM,0583
9798,107,9,716,1997.0,1956.0,0.0,-0.8911190000000001,-1.085849,IRN,ARM,0583
9799,132,9,716,1997.0,2894.0,0.0,0.332958,0.51665,LVA,ARM,0583
9800,186,9,716,1997.0,5155.0,43193.0,0.572773,0.375446,RUS,ARM,0583
9801,231,9,716,1997.0,18972.0,231240.0,1.875847,0.46257299999999996,USA,ARM,0583
9802,250,9,716,1997.0,489994.0,0.0,1.004537,0.782725,ANS,ARM,0583
9803,7,82,716,1997.0,1567.0,0.0,-0.317351,-0.8786510000000001,ARE,GEO,0583
9804,9,82,716,1997.0,1743.0,1281.0,0.818788,0.226075,ARM,GEO,0583
9805,15,82,716,1997.0,1849.0,0.0,1.904005,0.445169,AUT,GEO,0583
9806,16,82,716,1997.0,9698.0,0.0,0.28532199999999996,-0.00025299999999999997,AZE,GEO,0583
9807,23,82,716,1997.0,5630.0,0.0,0.523226,1.4133959999999999,BGR,GEO,0583
9808,41,82,716,1997.0,1137.0,0.0,2.327788,0.682804,CHE,GEO,0583
9809,59,82,716,1997.0,6104.0,0.0,1.450452,1.031814,CZE,GEO,0583
9810,61,82,716,1997.0,34043.0,1322.0,2.360316,-2.655514,DEU,GEO,0583
9811,90,82,716,1997.0,1257.0,0.0,0.225904,1.291959,GRC,GEO,0583
9812,110,82,716,1997.0,6023.0,0.0,1.404901,1.072135,ISR,GEO,0583
9813,111,82,716,1997.0,5008.0,0.0,1.596917,0.8313959999999999,ITA,GEO,0583
9814,135,82,716,1997.0,27845.0,0.0,0.14225,-0.250556,MDA,GEO,0583
9815,153,82,716,1997.0,9943.0,0.0,0.526754,0.33065700000000003,MYS,GEO,0583
9816,162,82,716,1997.0,3600.0,0.0,1.327106,1.520932,NLD,GEO,0583
9817,186,82,716,1997.0,7842.0,83187.0,0.572773,0.375446,RUS,GEO,0583
9818,224,82,716,1997.0,4276.0,0.0,0.154428,1.7573880000000002,TUR,GEO,0583
9819,231,82,716,1997.0,9333.0,0.0,1.875847,0.46257299999999996,USA,GEO,0583
9820,8,100,716,1997.0,0.0,4092.0,0.072589,0.965456,ARG,HRV,0583
9821,14,100,716,1997.0,0.0,279548.0,-0.033861,0.647668,AUS,HRV,0583
9822,15,100,716,1997.0,977948.0,0.0,1.904005,0.445169,AUT,HRV,0583
9823,23,100,716,1997.0,50170.0,0.0,0.523226,1.4133959999999999,BGR,HRV,0583
9824,26,100,716,1997.0,324768.0,660382.0,0.517231,0.321515,BIH,HRV,0583
9825,39,100,716,1997.0,0.0,18903.0,0.928586,1.3413389999999998,CAN,HRV,0583
9826,41,100,716,1997.0,0.0,2312.0,2.327788,0.682804,CHE,HRV,0583
9827,59,100,716,1997.0,37507.0,1445.0,1.450452,1.031814,CZE,HRV,0583
9828,61,100,716,1997.0,146928.0,5569.0,2.360316,-2.655514,DEU,HRV,0583
9829,64,100,716,1997.0,12149.0,0.0,1.422606,1.395373,DNK,HRV,0583
9830,71,100,716,1997.0,20183.0,0.0,1.068989,1.9429439999999998,ESP,HRV,0583
9831,77,100,716,1997.0,1666.0,0.0,1.6737630000000001,0.7499439999999999,FRA,HRV,0583
9832,81,100,716,1997.0,7710.0,0.0,1.9742490000000001,0.7046359999999999,GBR,HRV,0583
9833,102,100,716,1997.0,274861.0,0.0,0.9121799999999999,1.55321,HUN,HRV,0583
9834,111,100,716,1997.0,232745.0,0.0,1.596917,0.8313959999999999,ITA,HRV,0583
9835,140,100,716,1997.0,9962.0,22285.0,0.297389,0.735171,MKD,HRV,0583
9836,162,100,716,1997.0,61639.0,3807.0,1.327106,1.520932,NLD,HRV,0583
9837,166,100,716,1997.0,0.0,2020.0,0.372052,0.764854,NZL,HRV,0583
9838,177,100,716,1997.0,13501.0,0.0,0.8447319999999999,2.000241,POL,HRV,0583
9839,189,100,716,1997.0,2980.0,0.0,0.626724,1.7948549999999999,SCG,HRV,0583
9840,206,100,716,1997.0,2277.0,0.0,1.265691,1.368739,SVK,HRV,0583
9841,207,100,716,1997.0,1497748.0,168252.0,1.449492,1.253379,SVN,HRV,0583
9842,208,100,716,1997.0,0.0,4168.0,2.0806709999999997,0.9541219999999999,SWE,HRV,0583
9843,231,100,716,1997.0,0.0,42543.0,1.875847,0.46257299999999996,USA,HRV,0583
9844,236,100,716,1997.0,0.0,9008.0,-0.137776,-0.750744,VEN,HRV,0583
9845,246,100,716,1997.0,1542.0,0.0,0.29381199999999996,1.276557,ZAF,HRV,0583
9846,23,135,716,1997.0,2250.0,0.0,0.523226,1.4133959999999999,BGR,MDA,0583
9847,59,135,716,1997.0,18373.0,109741.0,1.450452,1.031814,CZE,MDA,0583
9848,61,135,716,1997.0,15673.0,272537.0,2.360316,-2.655514,DEU,MDA,0583
9849,64,135,716,1997.0,4498.0,0.0,1.422606,1.395373,DNK,MDA,0583
9850,72,135,716,1997.0,0.0,6155.0,0.45792,1.148099,EST,MDA,0583
9851,74,135,716,1997.0,5904.0,0.0,1.991377,1.047477,FIN,MDA,0583
9852,82,135,716,1997.0,0.0,27845.0,0.347408,0.106341,GEO,MDA,0583
9853,102,135,716,1997.0,3952.0,0.0,0.9121799999999999,1.55321,HUN,MDA,0583
9854,130,135,716,1997.0,0.0,2903.0,0.360579,1.382816,LTU,MDA,0583
9855,185,135,716,1997.0,60325.0,519302.0,0.666251,1.31932,ROU,MDA,0583
9856,186,135,716,1997.0,0.0,7808268.0,0.572773,0.375446,RUS,MDA,0583
9857,206,135,716,1997.0,1831.0,103170.0,1.265691,1.368739,SVK,MDA,0583
9858,224,135,716,1997.0,13970.0,0.0,0.154428,1.7573880000000002,TUR,MDA,0583
9859,228,135,716,1997.0,0.0,21800.0,0.7384539999999999,1.096947,UKR,MDA,0583
9860,231,135,716,1997.0,8523.0,13540.0,1.875847,0.46257299999999996,USA,MDA,0583
9861,7,142,716,1997.0,0.0,17770.0,-0.317351,-0.8786510000000001,ARE,MLT,0583
9862,14,142,716,1997.0,153875.0,0.0,-0.033861,0.647668,AUS,MLT,0583
9863,18,142,716,1997.0,18139.0,1824.0,1.470183,1.312167,BEL,MLT,0583
9864,23,142,716,1997.0,1305.0,0.0,0.523226,1.4133959999999999,BGR,MLT,0583
9865,39,142,716,1997.0,22041.0,0.0,0.928586,1.3413389999999998,CAN,MLT,0583
9866,59,142,716,1997.0,2783.0,0.0,1.450452,1.031814,CZE,MLT,0583
9867,61,142,716,1997.0,16170.0,9780.0,2.360316,-2.655514,DEU,MLT,0583
9868,62,142,716,1997.0,0.0,25093.0,0.388331,0.05764299999999999,DJI,MLT,0583
9869,71,142,716,1997.0,131926.0,0.0,1.068989,1.9429439999999998,ESP,MLT,0583
9870,72,142,716,1997.0,1873.0,0.0,0.45792,1.148099,EST,MLT,0583
9871,73,142,716,1997.0,0.0,8386.0,-1.141928,-1.187119,ETH,MLT,0583
9872,77,142,716,1997.0,49200.0,0.0,1.6737630000000001,0.7499439999999999,FRA,MLT,0583
9873,81,142,716,1997.0,150423.0,0.0,1.9742490000000001,0.7046359999999999,GBR,MLT,0583
9874,90,142,716,1997.0,4972.0,9771.0,0.225904,1.291959,GRC,MLT,0583
9875,106,142,716,1997.0,2677.0,0.0,1.579974,1.018361,IRL,MLT,0583
9876,110,142,716,1997.0,0.0,20860.0,1.404901,1.072135,ISR,MLT,0583
9877,111,142,716,1997.0,365562.0,0.0,1.596917,0.8313959999999999,ITA,MLT,0583
9878,124,142,716,1997.0,0.0,5081.0,0.28229299999999996,1.0650549999999999,LBN,MLT,0583
9879,126,142,716,1997.0,0.0,46954.0,-0.662351,-1.1515309999999999,LBY,MLT,0583
9880,162,142,716,1997.0,65484.0,0.0,1.327106,1.520932,NLD,MLT,0583
9881,167,142,716,1997.0,0.0,78098.0,-0.233342,-0.9922049999999999,OMN,MLT,0583
9882,183,142,716,1997.0,0.0,1205.0,-1.1276760000000001,-1.233235,QAT,MLT,0583
9883,190,142,716,1997.0,0.0,17981.0,-1.248538,-1.197904,SDN,MLT,0583
9884,207,142,716,1997.0,0.0,10079.0,1.449492,1.253379,SVN,MLT,0583
9885,231,142,716,1997.0,13277.0,0.0,1.875847,0.46257299999999996,USA,MLT,0583
9886,246,142,716,1997.0,13913.0,0.0,0.29381199999999996,1.276557,ZAF,MLT,0583
9887,14,185,716,1997.0,0.0,16733.0,-0.033861,0.647668,AUS,ROU,0583
9888,15,185,716,1997.0,5544.0,101254.0,1.904005,0.445169,AUT,ROU,0583
9889,18,185,716,1997.0,19619.0,0.0,1.470183,1.312167,BEL,ROU,0583
9890,23,185,716,1997.0,11315.0,2763.0,0.523226,1.4133959999999999,BGR,ROU,0583
9891,59,185,716,1997.0,0.0,53430.0,1.450452,1.031814,CZE,ROU,0583
9892,61,185,716,1997.0,65458.0,1902557.0,2.360316,-2.655514,DEU,ROU,0583
9893,68,185,716,1997.0,4394.0,0.0,-0.34861,0.005477,EGY,ROU,0583
9894,71,185,716,1997.0,14234.0,0.0,1.068989,1.9429439999999998,ESP,ROU,0583
9895,77,185,716,1997.0,37960.0,0.0,1.6737630000000001,0.7499439999999999,FRA,ROU,0583
9896,81,185,716,1997.0,0.0,15990.0,1.9742490000000001,0.7046359999999999,GBR,ROU,0583
9897,90,185,716,1997.0,503610.0,0.0,0.225904,1.291959,GRC,ROU,0583
9898,102,185,716,1997.0,171507.0,8707.0,0.9121799999999999,1.55321,HUN,ROU,0583
9899,110,185,716,1997.0,4716.0,608407.0,1.404901,1.072135,ISR,ROU,0583
9900,111,185,716,1997.0,474794.0,0.0,1.596917,0.8313959999999999,ITA,ROU,0583
9901,124,185,716,1997.0,3939.0,28826.0,0.28229299999999996,1.0650549999999999,LBN,ROU,0583
9902,135,185,716,1997.0,519302.0,60325.0,0.14225,-0.250556,MDA,ROU,0583
9903,153,185,716,1997.0,7717.0,0.0,0.526754,0.33065700000000003,MYS,ROU,0583
9904,162,185,716,1997.0,10223.0,0.0,1.327106,1.520932,NLD,ROU,0583
9905,174,185,716,1997.0,0.0,1118.0,0.044834,0.024782,PHL,ROU,0583
9906,186,185,716,1997.0,0.0,46706.0,0.572773,0.375446,RUS,ROU,0583
9907,208,185,716,1997.0,29646.0,0.0,2.0806709999999997,0.9541219999999999,SWE,ROU,0583
9908,224,185,716,1997.0,36843.0,0.0,0.154428,1.7573880000000002,TUR,ROU,0583
9909,228,185,716,1997.0,0.0,2642.0,0.7384539999999999,1.096947,UKR,ROU,0583
9910,231,185,716,1997.0,23149.0,68468.0,1.875847,0.46257299999999996,USA,ROU,0583
9911,14,189,716,1997.0,0.0,16569.0,-0.033861,0.647668,AUS,SCG,0583
9912,15,189,716,1997.0,27943.0,10169.0,1.904005,0.445169,AUT,SCG,0583
9913,18,189,716,1997.0,3626.0,0.0,1.470183,1.312167,BEL,SCG,0583
9914,23,189,716,1997.0,4229.0,0.0,0.523226,1.4133959999999999,BGR,SCG,0583
9915,26,189,716,1997.0,63467.0,239728.0,0.517231,0.321515,BIH,SCG,0583
9916,39,189,716,1997.0,0.0,14875.0,0.928586,1.3413389999999998,CAN,SCG,0583
9917,61,189,716,1997.0,13441.0,46635.0,2.360316,-2.655514,DEU,SCG,0583
9918,77,189,716,1997.0,46237.0,0.0,1.6737630000000001,0.7499439999999999,FRA,SCG,0583
9919,90,189,716,1997.0,16856.0,0.0,0.225904,1.291959,GRC,SCG,0583
9920,100,189,716,1997.0,0.0,2980.0,0.61283,1.321775,HRV,SCG,0583
9921,102,189,716,1997.0,8515.0,306699.0,0.9121799999999999,1.55321,HUN,SCG,0583
9922,111,189,716,1997.0,130078.0,0.0,1.596917,0.8313959999999999,ITA,SCG,0583
9923,140,189,716,1997.0,3945.0,297043.0,0.297389,0.735171,MKD,SCG,0583
9924,162,189,716,1997.0,14470.0,148444.0,1.327106,1.520932,NLD,SCG,0583
9925,186,189,716,1997.0,0.0,237264.0,0.572773,0.375446,RUS,SCG,0583
9926,207,189,716,1997.0,279453.0,3321.0,1.449492,1.253379,SVN,SCG,0583
9927,224,189,716,1997.0,2236.0,0.0,0.154428,1.7573880000000002,TUR,SCG,0583
9928,231,189,716,1997.0,0.0,26231.0,1.875847,0.46257299999999996,USA,SCG,0583
9929,246,189,716,1997.0,13807.0,0.0,0.29381199999999996,1.276557,ZAF,SCG,0583
9930,16,212,716,1997.0,0.0,12082.0,0.28532199999999996,-0.00025299999999999997,AZE,SYR,0583
9931,32,212,716,1997.0,0.0,4705.0,0.805759,1.249182,BRA,SYR,0583
9932,39,212,716,1997.0,0.0,4663.0,0.928586,1.3413389999999998,CAN,SYR,0583
9933,61,212,716,1997.0,5968.0,0.0,2.360316,-2.655514,DEU,SYR,0583
9934,68,212,716,1997.0,15946.0,2583048.0,-0.34861,0.005477,EGY,SYR,0583
9935,81,212,716,1997.0,1487.0,13610.0,1.9742490000000001,0.7046359999999999,GBR,SYR,0583
9936,111,212,716,1997.0,1450.0,0.0,1.596917,0.8313959999999999,ITA,SYR,0583
9937,113,212,716,1997.0,71848.0,434698.0,0.641787,0.484512,JOR,SYR,0583
9938,124,212,716,1997.0,1650.0,3021309.0,0.28229299999999996,1.0650549999999999,LBN,SYR,0583
9939,162,212,716,1997.0,1540.0,0.0,1.327106,1.520932,NLD,SYR,0583
9940,190,212,716,1997.0,0.0,86207.0,-1.248538,-1.197904,SDN,SYR,0583
9941,228,212,716,1997.0,0.0,10776.0,0.7384539999999999,1.096947,UKR,SYR,0583
9942,231,212,716,1997.0,0.0,59910.0,1.875847,0.46257299999999996,USA,SYR,0583
9943,18,223,716,1997.0,2806.0,0.0,1.470183,1.312167,BEL,TUN,0583
9944,64,223,716,1997.0,24351.0,0.0,1.422606,1.395373,DNK,TUN,0583
9945,71,223,716,1997.0,1496.0,0.0,1.068989,1.9429439999999998,ESP,TUN,0583
9946,77,223,716,1997.0,84704.0,8032.0,1.6737630000000001,0.7499439999999999,FRA,TUN,0583
9947,90,223,716,1997.0,50126.0,0.0,0.225904,1.291959,GRC,TUN,0583
9948,111,223,716,1997.0,13216.0,0.0,1.596917,0.8313959999999999,ITA,TUN,0583
9949,122,223,716,1997.0,0.0,13364.0,-1.0192139999999998,-1.193627,KWT,TUN,0583
9950,126,223,716,1997.0,0.0,33939.0,-0.662351,-1.1515309999999999,LBY,TUN,0583
9951,167,223,716,1997.0,0.0,53967.0,-0.233342,-0.9922049999999999,OMN,TUN,0583
9952,179,223,716,1997.0,2167.0,0.0,0.496633,1.025231,PRT,TUN,0583
9953,224,223,716,1997.0,14745.0,0.0,0.154428,1.7573880000000002,TUR,TUN,0583
9954,231,223,716,1997.0,2529884.0,4067.0,1.875847,0.46257299999999996,USA,TUN,0583
9955,246,223,716,1997.0,28723.0,0.0,0.29381199999999996,1.276557,ZAF,TUN,0583
9956,250,223,716,1997.0,0.0,13978.0,1.004537,0.782725,ANS,TUN,0583
9957,8,250,716,1997.0,0.0,30889.0,0.072589,0.965456,ARG,ANS,0583
9958,9,250,716,1997.0,0.0,489994.0,0.818788,0.226075,ARM,ANS,0583
9959,14,250,716,1997.0,15618.0,19701.0,-0.033861,0.647668,AUS,ANS,0583
9960,15,250,716,1997.0,4551.0,0.0,1.904005,0.445169,AUT,ANS,0583
9961,23,250,716,1997.0,27310.0,0.0,0.523226,1.4133959999999999,BGR,ANS,0583
9962,32,250,716,1997.0,1466.0,0.0,0.805759,1.249182,BRA,ANS,0583
9963,39,250,716,1997.0,0.0,3399.0,0.928586,1.3413389999999998,CAN,ANS,0583
9964,41,250,716,1997.0,1179.0,0.0,2.327788,0.682804,CHE,ANS,0583
9965,42,250,716,1997.0,3219.0,3116.0,-0.06841799999999999,-0.21526199999999998,CHL,ANS,0583
9966,43,250,716,1997.0,0.0,1570.0,0.380294,2.389738,CHN,ANS,0583
9967,44,250,716,1997.0,0.0,3771.0,-0.647407,-0.603726,CIV,ANS,0583
9968,49,250,716,1997.0,1015.0,13209.0,0.023456,0.057771,COL,ANS,0583
9969,51,250,716,1997.0,0.0,1157.0,1.1987079999999999,0.084231,CPV,ANS,0583
9970,52,250,716,1997.0,6446.0,0.0,-0.158667,0.204758,CRI,ANS,0583
9971,58,250,716,1997.0,13934.0,0.0,0.45144700000000004,0.46707600000000005,CYP,ANS,0583
9972,59,250,716,1997.0,13611.0,13075.0,1.450452,1.031814,CZE,ANS,0583
9973,61,250,716,1997.0,68629.0,0.0,2.360316,-2.655514,DEU,ANS,0583
9974,64,250,716,1997.0,0.0,51436.0,1.422606,1.395373,DNK,ANS,0583
9975,68,250,716,1997.0,0.0,133116.0,-0.34861,0.005477,EGY,ANS,0583
9976,71,250,716,1997.0,3993.0,0.0,1.068989,1.9429439999999998,ESP,ANS,0583
9977,72,250,716,1997.0,12782.0,4710.0,0.45792,1.148099,EST,ANS,0583
9978,77,250,716,1997.0,40373.0,1319658.0,1.6737630000000001,0.7499439999999999,FRA,ANS,0583
9979,81,250,716,1997.0,29032.0,0.0,1.9742490000000001,0.7046359999999999,GBR,ANS,0583
9980,83,250,716,1997.0,0.0,1756.0,-1.03989,-0.979039,GHA,ANS,0583
9981,90,250,716,1997.0,24286.0,4009.0,0.225904,1.291959,GRC,ANS,0583
9982,107,250,716,1997.0,1114.0,0.0,-0.8911190000000001,-1.085849,IRN,ANS,0583
9983,111,250,716,1997.0,1373.0,0.0,1.596917,0.8313959999999999,ITA,ANS,0583
9984,112,250,716,1997.0,1623.0,0.0,-0.6338739999999999,-0.838622,JAM,ANS,0583
9985,116,250,716,1997.0,1164.0,0.0,-0.363967,0.218183,KEN,ANS,0583
9986,124,250,716,1997.0,31483.0,1805.0,0.28229299999999996,1.0650549999999999,LBN,ANS,0583
9987,133,250,716,1997.0,0.0,24875.0,-0.061292,-0.44707399999999997,MAC,ANS,0583
9988,136,250,716,1997.0,0.0,10525.0,-1.090898,-0.605175,MDG,ANS,0583
9989,153,250,716,1997.0,18473.0,0.0,0.526754,0.33065700000000003,MYS,ANS,0583
9990,162,250,716,1997.0,4102.0,0.0,1.327106,1.520932,NLD,ANS,0583
9991,166,250,716,1997.0,2861.0,15366.0,0.372052,0.764854,NZL,ANS,0583
9992,169,250,716,1997.0,0.0,7246.0,0.0038,0.036532999999999996,PAN,ANS,0583
9993,174,250,716,1997.0,63360.0,0.0,0.044834,0.024782,PHL,ANS,0583
9994,177,250,716,1997.0,246249.0,269573.0,0.8447319999999999,2.000241,POL,ANS,0583
9995,179,250,716,1997.0,4236.0,0.0,0.496633,1.025231,PRT,ANS,0583
9996,186,250,716,1997.0,0.0,3419.0,0.572773,0.375446,RUS,ANS,0583
9997,191,250,716,1997.0,0.0,2874.0,-0.660837,-0.768874,SEN,ANS,0583
9998,192,250,716,1997.0,1203.0,0.0,1.1946700000000001,0.30503600000000003,SGP,ANS,0583
