19999,97,106,659,2002.0,0.0,415470.0,0.704932,1.291658,HKG,IRL,0114
20000,102,106,659,2002.0,229377.0,33791.0,1.232359,1.064425,HUN,IRL,0114
20001,110,106,659,2002.0,185390.0,0.0,1.257709,0.8318989999999999,ISR,IRL,0114
20002,111,106,659,2002.0,5506201.0,32590.0,1.3944219999999998,1.125362,ITA,IRL,0114
20003,122,106,659,2002.0,0.0,24633.0,-0.794007,-1.192659,KWT,IRL,0114
20004,132,106,659,2002.0,0.0,150089.0,0.41409799999999997,0.6281680000000001,LVA,IRL,0114
20005,135,106,659,2002.0,0.0,18163.0,-0.017383000000000003,0.109124,MDA,IRL,0114
20006,142,106,659,2002.0,0.0,133571.0,0.901235,-0.140261,MLT,IRL,0114
20007,148,106,659,2002.0,0.0,115588.0,-1.053061,-1.221967,MRT,IRL,0114
20008,159,106,659,2002.0,0.0,931856.0,-1.705991,-1.292926,NGA,IRL,0114
20009,160,106,659,2002.0,574431.0,0.0,-0.634946,-0.37966,NIC,IRL,0114
20010,162,106,659,2002.0,53382232.0,2767325.0,1.175777,1.667472,NLD,IRL,0114
20011,163,106,659,2002.0,0.0,11883.0,0.689588,-0.007016,NOR,IRL,0114
20012,177,106,659,2002.0,121212.0,100050.0,0.9449299999999999,1.655764,POL,IRL,0114
20013,179,106,659,2002.0,0.0,96319.0,0.584956,1.377068,PRT,IRL,0114
20014,185,106,659,2002.0,0.0,560122.0,0.549227,1.071998,ROU,IRL,0114
20015,186,106,659,2002.0,0.0,20296.0,0.6051449999999999,0.272307,RUS,IRL,0114
20016,189,106,659,2002.0,0.0,6354.0,0.523459,2.58657,SCG,IRL,0114
20017,191,106,659,2002.0,0.0,69099.0,-0.5424939999999999,-0.554531,SEN,IRL,0114
20018,206,106,659,2002.0,0.0,9558.0,1.269549,1.184774,SVK,IRL,0114
20019,215,106,659,2002.0,0.0,8504.0,-0.688284,-0.5292789999999999,TGO,IRL,0114
20020,216,106,659,2002.0,1113902.0,0.0,0.513887,1.545967,THA,IRL,0114
20021,231,106,659,2002.0,30922.0,0.0,1.853174,0.120986,USA,IRL,0114
20022,239,106,659,2002.0,0.0,14929.0,-0.44170699999999996,0.544708,VNM,IRL,0114
20023,246,106,659,2002.0,0.0,48614.0,0.32760500000000004,2.497746,ZAF,IRL,0114
20024,250,106,659,2002.0,576111.0,136647.0,0.5979300000000001,-0.497816,ANS,IRL,0114
20025,1,107,659,2002.0,0.0,1115190.0,-0.11885899999999999,-0.346093,AFG,IRN,0114
20026,7,107,659,2002.0,544528.0,0.0,-0.288838,-0.640049,ARE,IRN,0114
20027,15,107,659,2002.0,0.0,2435.0,1.866997,0.400527,AUT,IRN,0114
20028,24,107,659,2002.0,0.0,122333.0,-0.31754099999999996,-1.099381,BHR,IRN,0114
20029,32,107,659,2002.0,5990.0,0.0,0.631343,1.249344,BRA,IRN,0114
20030,43,107,659,2002.0,193014.0,2952929.0,0.6181220000000001,1.9636759999999998,CHN,IRN,0114
20031,71,107,659,2002.0,0.0,17560.0,1.054108,1.9357349999999998,ESP,IRN,0114
20032,77,107,659,2002.0,1297850.0,0.0,1.648526,0.6870430000000001,FRA,IRN,0114
20033,97,107,659,2002.0,0.0,2988433.0,0.704932,1.291658,HKG,IRN,0114
20034,122,107,659,2002.0,10432.0,21331.0,-0.794007,-1.192659,KWT,IRN,0114
20035,167,107,659,2002.0,280456.0,0.0,-1.307058,-1.270916,OMN,IRN,0114
20036,239,107,659,2002.0,0.0,186364.0,-0.44170699999999996,0.544708,VNM,IRN,0114
20037,15,110,659,2002.0,0.0,32397.0,1.866997,0.400527,AUT,ISR,0114
20038,18,110,659,2002.0,0.0,778306.0,1.424339,1.372755,BEL,ISR,0114
20039,19,110,659,2002.0,0.0,44399.0,-0.7683840000000001,-0.7984319999999999,BEN,ISR,0114
20040,41,110,659,2002.0,0.0,553451.0,2.205507,0.831836,CHE,ISR,0114
20041,44,110,659,2002.0,0.0,12547.0,-0.803739,-0.752218,CIV,ISR,0114
20042,61,110,659,2002.0,0.0,1873517.0,2.367856,-2.195331,DEU,ISR,0114
20043,74,110,659,2002.0,0.0,59934.0,1.9545119999999998,1.047515,FIN,ISR,0114
20044,77,110,659,2002.0,0.0,838028.0,1.648526,0.6870430000000001,FRA,ISR,0114
20045,81,110,659,2002.0,0.0,158669.0,2.067395,0.7934359999999999,GBR,ISR,0114
20046,106,110,659,2002.0,0.0,185390.0,1.7939310000000002,0.219254,IRL,ISR,0114
20047,114,110,659,2002.0,0.0,41540.0,2.7747580000000003,0.43663199999999996,JPN,ISR,0114
20048,135,110,659,2002.0,0.0,569339.0,-0.017383000000000003,0.109124,MDA,ISR,0114
20049,162,110,659,2002.0,7121.0,0.0,1.175777,1.667472,NLD,ISR,0114
20050,185,110,659,2002.0,0.0,6337.0,0.549227,1.071998,ROU,ISR,0114
20051,215,110,659,2002.0,0.0,10119.0,-0.688284,-0.5292789999999999,TGO,ISR,0114
20052,216,110,659,2002.0,0.0,42010.0,0.513887,1.545967,THA,ISR,0114
20053,224,110,659,2002.0,0.0,1003.0,0.12982,1.8032650000000001,TUR,ISR,0114
20054,231,110,659,2002.0,118438.0,1384635.0,1.853174,0.120986,USA,ISR,0114
20055,246,110,659,2002.0,0.0,569273.0,0.32760500000000004,2.497746,ZAF,ISR,0114
20056,2,111,659,2002.0,0.0,34013.0,-1.8043639999999999,-1.250642,AGO,ITA,0114
20057,4,111,659,2002.0,0.0,2578243.0,-0.05800399999999999,0.042254,ALB,ITA,0114
20058,8,111,659,2002.0,413483.0,0.0,0.045376,0.71768,ARG,ITA,0114
20059,15,111,659,2002.0,217112.0,25919478.0,1.866997,0.400527,AUT,ITA,0114
20060,18,111,659,2002.0,132296.0,3390806.0,1.424339,1.372755,BEL,ITA,0114
20061,19,111,659,2002.0,0.0,7467177.0,-0.7683840000000001,-0.7984319999999999,BEN,ITA,0114
20062,21,111,659,2002.0,0.0,43252.0,-0.5542590000000001,-0.5946060000000001,BFA,ITA,0114
20063,23,111,659,2002.0,0.0,767127.0,0.468058,1.644037,BGR,ITA,0114
20064,24,111,659,2002.0,0.0,23500.0,-0.31754099999999996,-1.099381,BHR,ITA,0114
20065,26,111,659,2002.0,0.0,368199.0,0.223543,0.44595100000000004,BIH,ITA,0114
20066,32,111,659,2002.0,5393224.0,0.0,0.631343,1.249344,BRA,ITA,0114
20067,41,111,659,2002.0,0.0,2353813.0,2.205507,0.831836,CHE,ITA,0114
20068,42,111,659,2002.0,159745.0,0.0,-0.079201,-0.11449200000000001,CHL,ITA,0114
20069,43,111,659,2002.0,0.0,23785.0,0.6181220000000001,1.9636759999999998,CHN,ITA,0114
20070,44,111,659,2002.0,0.0,1050971.0,-0.803739,-0.752218,CIV,ITA,0114
20071,45,111,659,2002.0,0.0,274616.0,-1.188713,-1.109944,CMR,ITA,0114
20072,46,111,659,2002.0,0.0,38912.0,-1.218664,-1.1406120000000002,COD,ITA,0114
20073,47,111,659,2002.0,0.0,382408.0,-1.468836,-1.250484,COG,ITA,0114
20074,51,111,659,2002.0,0.0,45462.0,-0.315184,-0.660522,CPV,ITA,0114
20075,54,111,659,2002.0,0.0,186121.0,-0.896759,-1.079825,CUB,ITA,0114
20076,59,111,659,2002.0,37483.0,301096.0,1.5835139999999999,0.9563010000000001,CZE,ITA,0114
20077,61,111,659,2002.0,5437248.0,66004056.0,2.367856,-2.195331,DEU,ITA,0114
20078,64,111,659,2002.0,3355.0,3673263.0,1.344708,1.321135,DNK,ITA,0114
20079,71,111,659,2002.0,982105.0,6983290.0,1.054108,1.9357349999999998,ESP,ITA,0114
20080,74,111,659,2002.0,0.0,1103.0,1.9545119999999998,1.047515,FIN,ITA,0114
20081,77,111,659,2002.0,8298953.0,12516132.0,1.648526,0.6870430000000001,FRA,ITA,0114
20082,80,111,659,2002.0,0.0,392824.0,-1.34341,-1.238593,GAB,ITA,0114
20083,81,111,659,2002.0,164407.0,32371394.0,2.067395,0.7934359999999999,GBR,ITA,0114
20084,82,111,659,2002.0,0.0,12730.0,0.23526999999999998,-0.156333,GEO,ITA,0114
20085,83,111,659,2002.0,0.0,192670.0,-1.258567,-1.048266,GHA,ITA,0114
20086,85,111,659,2002.0,0.0,92068.0,-1.684157,-1.256743,GIN,ITA,0114
20087,89,111,659,2002.0,0.0,342920.0,-1.8647490000000002,-0.96145,GNQ,ITA,0114
20088,90,111,659,2002.0,63407.0,38278848.0,0.20355399999999998,1.4130200000000002,GRC,ITA,0114
20089,97,111,659,2002.0,0.0,59279.0,0.704932,1.291658,HKG,ITA,0114
20090,100,111,659,2002.0,0.0,291152.0,0.603546,1.273001,HRV,ITA,0114
20091,102,111,659,2002.0,15550534.0,595901.0,1.232359,1.064425,HUN,ITA,0114
20092,106,111,659,2002.0,32590.0,5506201.0,1.7939310000000002,0.219254,IRL,ITA,0114
20093,115,111,659,2002.0,0.0,13385.0,-0.100361,-0.502468,KAZ,ITA,0114
20094,124,111,659,2002.0,13172.0,3992.0,0.220906,1.470297,LBN,ITA,0114
20095,125,111,659,2002.0,0.0,133419.0,-0.683036,-1.158808,LBR,ITA,0114
20096,135,111,659,2002.0,0.0,187501.0,-0.017383000000000003,0.109124,MDA,ITA,0114
20097,140,111,659,2002.0,0.0,257718.0,-0.027727999999999996,0.41846400000000006,MKD,ITA,0114
20098,142,111,659,2002.0,0.0,479555.0,0.901235,-0.140261,MLT,ITA,0114
20099,154,111,659,2002.0,0.0,4677.0,0.752173,-0.5639,MYT,ITA,0114
20100,159,111,659,2002.0,0.0,839244.0,-1.705991,-1.292926,NGA,ITA,0114
20101,162,111,659,2002.0,2147549.0,4621461.0,1.175777,1.667472,NLD,ITA,0114
20102,177,111,659,2002.0,807197.0,1824119.0,0.9449299999999999,1.655764,POL,ITA,0114
20103,179,111,659,2002.0,0.0,2015721.0,0.584956,1.377068,PRT,ITA,0114
20104,185,111,659,2002.0,0.0,3378147.0,0.549227,1.071998,ROU,ITA,0114
20105,186,111,659,2002.0,0.0,6248.0,0.6051449999999999,0.272307,RUS,ITA,0114
20106,189,111,659,2002.0,31017.0,495102.0,0.523459,2.58657,SCG,ITA,0114
20107,191,111,659,2002.0,0.0,82570.0,-0.5424939999999999,-0.554531,SEN,ITA,0114
20108,192,111,659,2002.0,0.0,26716.0,1.7077209999999998,0.683549,SGP,ITA,0114
20109,196,111,659,2002.0,0.0,50854.0,0.29478899999999997,0.055865,SLE,ITA,0114
20110,206,111,659,2002.0,0.0,296562.0,1.269549,1.184774,SVK,ITA,0114
20111,207,111,659,2002.0,4593165.0,2242263.0,1.469681,1.13303,SVN,ITA,0114
20112,208,111,659,2002.0,0.0,159301.0,2.134,0.769413,SWE,ITA,0114
20113,215,111,659,2002.0,0.0,761357.0,-0.688284,-0.5292789999999999,TGO,ITA,0114
20114,216,111,659,2002.0,15424.0,0.0,0.513887,1.545967,THA,ITA,0114
20115,228,111,659,2002.0,0.0,559594.0,0.575372,1.131722,UKR,ITA,0114
20116,231,111,659,2002.0,815906.0,0.0,1.853174,0.120986,USA,ITA,0114
20117,233,111,659,2002.0,0.0,8648.0,1.0090620000000001,-0.47225100000000003,VAT,ITA,0114
20118,39,112,659,2002.0,852757.0,0.0,0.9672360000000001,1.389981,CAN,JAM,0114
20119,49,112,659,2002.0,22453.0,0.0,0.219861,0.45238999999999996,COL,JAM,0114
20120,57,112,659,2002.0,0.0,485973.0,0.570589,-0.692583,CYM,JAM,0114
20121,81,112,659,2002.0,32213.0,0.0,2.067395,0.7934359999999999,GBR,JAM,0114
20122,231,112,659,2002.0,7408148.0,0.0,1.853174,0.120986,USA,JAM,0114
20123,14,114,659,2002.0,119939.0,0.0,-0.052462,0.759617,AUS,JPN,0114
20124,18,114,659,2002.0,15690.0,0.0,1.424339,1.372755,BEL,JPN,0114
20125,32,114,659,2002.0,212946240.0,19383.0,0.631343,1.249344,BRA,JPN,0114
20126,39,114,659,2002.0,274652.0,0.0,0.9672360000000001,1.389981,CAN,JPN,0114
20127,43,114,659,2002.0,189309776.0,322308.0,0.6181220000000001,1.9636759999999998,CHN,JPN,0114
20128,64,114,659,2002.0,540804.0,0.0,1.344708,1.321135,DNK,JPN,0114
20129,71,114,659,2002.0,17788.0,0.0,1.054108,1.9357349999999998,ESP,JPN,0114
20130,77,114,659,2002.0,13410033.0,0.0,1.648526,0.6870430000000001,FRA,JPN,0114
20131,97,114,659,2002.0,0.0,2864743.0,0.704932,1.291658,HKG,JPN,0114
20132,102,114,659,2002.0,1109220.0,0.0,1.232359,1.064425,HUN,JPN,0114
20133,103,114,659,2002.0,4280182.0,2049.0,0.098182,1.7305840000000001,IDN,JPN,0114
20134,110,114,659,2002.0,41540.0,0.0,1.257709,0.8318989999999999,ISR,JPN,0114
20135,121,114,659,2002.0,3903140.0,0.0,1.4172719999999999,0.8763139999999999,KOR,JPN,0114
20136,133,114,659,2002.0,0.0,7127.0,0.005082,-0.328658,MAC,JPN,0114
20137,153,114,659,2002.0,8123358.0,28722.0,0.9987159999999999,0.26558200000000004,MYS,JPN,0114
20138,174,114,659,2002.0,48665.0,41586.0,0.29601,-0.232513,PHL,JPN,0114
20139,177,114,659,2002.0,10047.0,0.0,0.9449299999999999,1.655764,POL,JPN,0114
20140,178,114,659,2002.0,0.0,15195.0,0.629678,1.0153780000000001,PRK,JPN,0114
20141,192,114,659,2002.0,0.0,17939.0,1.7077209999999998,0.683549,SGP,JPN,0114
20142,216,114,659,2002.0,330793984.0,0.0,0.513887,1.545967,THA,JPN,0114
20143,231,114,659,2002.0,45408572.0,201957.0,1.853174,0.120986,USA,JPN,0114
20144,239,114,659,2002.0,957640.0,17735.0,-0.44170699999999996,0.544708,VNM,JPN,0114
20145,249,114,659,2002.0,12908282.0,0.0,1.9084720000000002,1.253714,TWN,JPN,0114
20146,32,121,659,2002.0,326448.0,0.0,0.631343,1.249344,BRA,KOR,0114
20147,39,121,659,2002.0,582703.0,0.0,0.9672360000000001,1.389981,CAN,KOR,0114
20148,43,121,659,2002.0,3104436.0,202956.0,0.6181220000000001,1.9636759999999998,CHN,KOR,0114
20149,61,121,659,2002.0,20951.0,0.0,2.367856,-2.195331,DEU,KOR,0114
20150,64,121,659,2002.0,288094.0,0.0,1.344708,1.321135,DNK,KOR,0114
20151,77,121,659,2002.0,435472.0,0.0,1.648526,0.6870430000000001,FRA,KOR,0114
20152,97,121,659,2002.0,0.0,759574.0,0.704932,1.291658,HKG,KOR,0114
20153,114,121,659,2002.0,0.0,3903140.0,2.7747580000000003,0.43663199999999996,JPN,KOR,0114
20154,174,121,659,2002.0,0.0,59055.0,0.29601,-0.232513,PHL,KOR,0114
20155,215,121,659,2002.0,0.0,7951.0,-0.688284,-0.5292789999999999,TGO,KOR,0114
20156,216,121,659,2002.0,37923152.0,0.0,0.513887,1.545967,THA,KOR,0114
20157,231,121,659,2002.0,73340656.0,0.0,1.853174,0.120986,USA,KOR,0114
20158,249,121,659,2002.0,0.0,9857.0,1.9084720000000002,1.253714,TWN,KOR,0114
20159,14,128,659,2002.0,477343.0,0.0,-0.052462,0.759617,AUS,LKA,0114
20160,32,128,659,2002.0,251701.0,0.0,0.631343,1.249344,BRA,LKA,0114
20161,43,128,659,2002.0,462742.0,0.0,0.6181220000000001,1.9636759999999998,CHN,LKA,0114
20162,77,128,659,2002.0,9901.0,0.0,1.648526,0.6870430000000001,FRA,LKA,0114
20163,81,128,659,2002.0,4648.0,0.0,2.067395,0.7934359999999999,GBR,LKA,0114
20164,137,128,659,2002.0,0.0,228220.0,-1.0471700000000002,-0.976184,MDV,LKA,0114
20165,141,128,659,2002.0,0.0,8977.0,-0.786698,-0.682438,MLI,LKA,0114
20166,188,128,659,2002.0,0.0,123600.0,0.048764,-0.903125,SAU,LKA,0114
20167,192,128,659,2002.0,89465.0,0.0,1.7077209999999998,0.683549,SGP,LKA,0114
20168,216,128,659,2002.0,1082.0,0.0,0.513887,1.545967,THA,LKA,0114
20169,231,128,659,2002.0,68873.0,0.0,1.853174,0.120986,USA,LKA,0114
20170,14,138,659,2002.0,9425.0,14350.0,-0.052462,0.759617,AUS,MEX,0114
20171,18,138,659,2002.0,24696.0,0.0,1.424339,1.372755,BEL,MEX,0114
20172,39,138,659,2002.0,52420.0,0.0,0.9672360000000001,1.389981,CAN,MEX,0114
20173,42,138,659,2002.0,11417977.0,60655.0,-0.079201,-0.11449200000000001,CHL,MEX,0114
20174,44,138,659,2002.0,0.0,31090.0,-0.803739,-0.752218,CIV,MEX,0114
20175,54,138,659,2002.0,0.0,19205.0,-0.896759,-1.079825,CUB,MEX,0114
20176,97,138,659,2002.0,0.0,46250.0,0.704932,1.291658,HKG,MEX,0114
20177,122,138,659,2002.0,0.0,242386.0,-0.794007,-1.192659,KWT,MEX,0114
20178,169,138,659,2002.0,0.0,3779377.0,0.085746,0.21839,PAN,MEX,0114
20179,231,138,659,2002.0,171058608.0,2759750.0,1.853174,0.120986,USA,MEX,0114
20180,18,142,659,2002.0,24650.0,0.0,1.424339,1.372755,BEL,MLT,0114
20181,23,142,659,2002.0,16981.0,0.0,0.468058,1.644037,BGR,MLT,0114
20182,61,142,659,2002.0,144449.0,0.0,2.367856,-2.195331,DEU,MLT,0114
20183,64,142,659,2002.0,35692.0,0.0,1.344708,1.321135,DNK,MLT,0114
20184,71,142,659,2002.0,2577.0,0.0,1.054108,1.9357349999999998,ESP,MLT,0114
20185,72,142,659,2002.0,20473.0,0.0,0.576142,1.168563,EST,MLT,0114
20186,77,142,659,2002.0,428486.0,0.0,1.648526,0.6870430000000001,FRA,MLT,0114
20187,81,142,659,2002.0,29150.0,0.0,2.067395,0.7934359999999999,GBR,MLT,0114
20188,106,142,659,2002.0,133571.0,0.0,1.7939310000000002,0.219254,IRL,MLT,0114
20189,111,142,659,2002.0,479555.0,0.0,1.3944219999999998,1.125362,ITA,MLT,0114
20190,126,142,659,2002.0,0.0,5193.0,-0.692769,-1.188682,LBY,MLT,0114
20191,132,142,659,2002.0,3868.0,0.0,0.41409799999999997,0.6281680000000001,LVA,MLT,0114
20192,162,142,659,2002.0,226793.0,0.0,1.175777,1.667472,NLD,MLT,0114
20193,177,142,659,2002.0,1600.0,0.0,0.9449299999999999,1.655764,POL,MLT,0114
20194,185,142,659,2002.0,12133.0,0.0,0.549227,1.071998,ROU,MLT,0114
20195,188,142,659,2002.0,76411.0,0.0,0.048764,-0.903125,SAU,MLT,0114
20196,231,142,659,2002.0,87441.0,0.0,1.853174,0.120986,USA,MLT,0114
20197,14,153,659,2002.0,34025.0,0.0,-0.052462,0.759617,AUS,MYS,0114
20198,18,153,659,2002.0,279252.0,0.0,1.424339,1.372755,BEL,MYS,0114
20199,22,153,659,2002.0,0.0,5435.0,-0.9509,-1.113308,BGD,MYS,0114
20200,24,153,659,2002.0,0.0,17733.0,-0.31754099999999996,-1.099381,BHR,MYS,0114
20201,32,153,659,2002.0,2796634.0,0.0,0.631343,1.249344,BRA,MYS,0114
20202,34,153,659,2002.0,0.0,209608.0,-1.359507,-1.084339,BRN,MYS,0114
20203,39,153,659,2002.0,64824.0,0.0,0.9672360000000001,1.389981,CAN,MYS,0114
20204,41,153,659,2002.0,0.0,6172.0,2.205507,0.831836,CHE,MYS,0114
20205,43,153,659,2002.0,21108886.0,872112.0,0.6181220000000001,1.9636759999999998,CHN,MYS,0114
20206,61,153,659,2002.0,616305.0,0.0,2.367856,-2.195331,DEU,MYS,0114
20207,64,153,659,2002.0,7772290.0,0.0,1.344708,1.321135,DNK,MYS,0114
20208,77,153,659,2002.0,207380.0,0.0,1.648526,0.6870430000000001,FRA,MYS,0114
20209,81,153,659,2002.0,52345.0,0.0,2.067395,0.7934359999999999,GBR,MYS,0114
20210,97,153,659,2002.0,0.0,774791.0,0.704932,1.291658,HKG,MYS,0114
20211,103,153,659,2002.0,17794.0,130248.0,0.098182,1.7305840000000001,IDN,MYS,0114
20212,104,153,659,2002.0,107374.0,0.0,0.32974000000000003,2.376477,IND,MYS,0114
20213,113,153,659,2002.0,0.0,8005.0,0.34023000000000003,0.264754,JOR,MYS,0114
20214,114,153,659,2002.0,28722.0,8123358.0,2.7747580000000003,0.43663199999999996,JPN,MYS,0114
20215,122,153,659,2002.0,0.0,57014.0,-0.794007,-1.192659,KWT,MYS,0114
20216,162,153,659,2002.0,7456051.0,10654.0,1.175777,1.667472,NLD,MYS,0114
20217,166,153,659,2002.0,53780.0,0.0,0.370673,0.7853829999999999,NZL,MYS,0114
20218,167,153,659,2002.0,35843.0,0.0,-1.307058,-1.270916,OMN,MYS,0114
20219,183,153,659,2002.0,0.0,66589.0,-0.002177,-1.042517,QAT,MYS,0114
20220,192,153,659,2002.0,1197556.0,3315936.0,1.7077209999999998,0.683549,SGP,MYS,0114
20221,208,153,659,2002.0,590503.0,0.0,2.134,0.769413,SWE,MYS,0114
20222,216,153,659,2002.0,8902645.0,36456.0,0.513887,1.545967,THA,MYS,0114
20223,231,153,659,2002.0,2692409.0,0.0,1.853174,0.120986,USA,MYS,0114
20224,239,153,659,2002.0,2172.0,11152.0,-0.44170699999999996,0.544708,VNM,MYS,0114
20225,246,153,659,2002.0,116895.0,0.0,0.32760500000000004,2.497746,ZAF,MYS,0114
20226,250,153,659,2002.0,117329.0,0.0,0.5979300000000001,-0.497816,ANS,MYS,0114
20227,52,160,659,2002.0,2486.0,0.0,0.083983,-0.096237,CRI,NIC,0114
20228,93,160,659,2002.0,0.0,155714.0,-0.49913,-0.038079,GTM,NIC,0114
20229,106,160,659,2002.0,0.0,574431.0,1.7939310000000002,0.219254,IRL,NIC,0114
20230,231,160,659,2002.0,329551.0,0.0,1.853174,0.120986,USA,NIC,0114
20231,0,162,659,2002.0,0.0,45423.0,0.27076100000000003,-0.858951,ABW,NLD,0114
20232,1,162,659,2002.0,0.0,5673.0,-0.11885899999999999,-0.346093,AFG,NLD,0114
20233,2,162,659,2002.0,0.0,901082.0,-1.8043639999999999,-1.250642,AGO,NLD,0114
20234,4,162,659,2002.0,0.0,42660.0,-0.05800399999999999,0.042254,ALB,NLD,0114
20235,6,162,659,2002.0,0.0,169317.0,0.145946,-0.704052,ANT,NLD,0114
20236,7,162,659,2002.0,0.0,275574.0,-0.288838,-0.640049,ARE,NLD,0114
20237,8,162,659,2002.0,1503414.0,0.0,0.045376,0.71768,ARG,NLD,0114
20238,15,162,659,2002.0,859852.0,1554348.0,1.866997,0.400527,AUT,NLD,0114
20239,18,162,659,2002.0,163809872.0,41869228.0,1.424339,1.372755,BEL,NLD,0114
20240,19,162,659,2002.0,16186.0,9483817.0,-0.7683840000000001,-0.7984319999999999,BEN,NLD,0114
20241,23,162,659,2002.0,10478.0,1939790.0,0.468058,1.644037,BGR,NLD,0114
20242,24,162,659,2002.0,0.0,6740.0,-0.31754099999999996,-1.099381,BHR,NLD,0114
20243,26,162,659,2002.0,0.0,2609946.0,0.223543,0.44595100000000004,BIH,NLD,0114
20244,28,162,659,2002.0,0.0,847536.0,0.865742,1.1823860000000002,BLR,NLD,0114
20245,32,162,659,2002.0,108753912.0,0.0,0.631343,1.249344,BRA,NLD,0114
20246,33,162,659,2002.0,0.0,24948.0,0.547024,-0.004036,BRB,NLD,0114
20247,41,162,659,2002.0,0.0,1293100.0,2.205507,0.831836,CHE,NLD,0114
20248,42,162,659,2002.0,172259.0,0.0,-0.079201,-0.11449200000000001,CHL,NLD,0114
20249,43,162,659,2002.0,2729926.0,3607022.0,0.6181220000000001,1.9636759999999998,CHN,NLD,0114
20250,44,162,659,2002.0,0.0,303168.0,-0.803739,-0.752218,CIV,NLD,0114
20251,45,162,659,2002.0,0.0,3864524.0,-1.188713,-1.109944,CMR,NLD,0114
20252,46,162,659,2002.0,0.0,1266673.0,-1.218664,-1.1406120000000002,COD,NLD,0114
20253,47,162,659,2002.0,0.0,3739030.0,-1.468836,-1.250484,COG,NLD,0114
20254,50,162,659,2002.0,0.0,641930.0,-0.634921,-0.9792120000000001,COM,NLD,0114
20255,51,162,659,2002.0,0.0,1633182.0,-0.315184,-0.660522,CPV,NLD,0114
20256,54,162,659,2002.0,0.0,1950384.0,-0.896759,-1.079825,CUB,NLD,0114
20257,58,162,659,2002.0,0.0,62361.0,0.332088,0.50441,CYP,NLD,0114
20258,59,162,659,2002.0,1173855.0,165477.0,1.5835139999999999,0.9563010000000001,CZE,NLD,0114
20259,61,162,659,2002.0,96930952.0,325547168.0,2.367856,-2.195331,DEU,NLD,0114
20260,64,162,659,2002.0,1364744.0,5817183.0,1.344708,1.321135,DNK,NLD,0114
20261,71,162,659,2002.0,4008242.0,13753642.0,1.054108,1.9357349999999998,ESP,NLD,0114
20262,72,162,659,2002.0,1144.0,216200.0,0.576142,1.168563,EST,NLD,0114
20263,74,162,659,2002.0,1817.0,947043.0,1.9545119999999998,1.047515,FIN,NLD,0114
20264,77,162,659,2002.0,36675444.0,52868372.0,1.648526,0.6870430000000001,FRA,NLD,0114
20265,80,162,659,2002.0,0.0,2304884.0,-1.34341,-1.238593,GAB,NLD,0114
20266,81,162,659,2002.0,31070022.0,435137920.0,2.067395,0.7934359999999999,GBR,NLD,0114
20267,82,162,659,2002.0,0.0,23706.0,0.23526999999999998,-0.156333,GEO,NLD,0114
20268,83,162,659,2002.0,0.0,5538064.0,-1.258567,-1.048266,GHA,NLD,0114
20269,85,162,659,2002.0,0.0,1021247.0,-1.684157,-1.256743,GIN,NLD,0114
20270,87,162,659,2002.0,0.0,215009.0,0.266536,0.20776,GMB,NLD,0114
20271,88,162,659,2002.0,0.0,35060.0,-0.30444099999999996,-0.815509,GNB,NLD,0114
20272,89,162,659,2002.0,0.0,1562505.0,-1.8647490000000002,-0.96145,GNQ,NLD,0114
20273,90,162,659,2002.0,666558.0,10756931.0,0.20355399999999998,1.4130200000000002,GRC,NLD,0114
20274,96,162,659,2002.0,0.0,38822.0,-1.050604,-0.9015549999999999,GUY,NLD,0114
20275,97,162,659,2002.0,0.0,4745086.0,0.704932,1.291658,HKG,NLD,0114
20276,100,162,659,2002.0,0.0,220886.0,0.603546,1.273001,HRV,NLD,0114
20277,102,162,659,2002.0,3328086.0,3161730.0,1.232359,1.064425,HUN,NLD,0114
20278,103,162,659,2002.0,0.0,158089.0,0.098182,1.7305840000000001,IDN,NLD,0114
20279,104,162,659,2002.0,0.0,1016.0,0.32974000000000003,2.376477,IND,NLD,0114
20280,106,162,659,2002.0,2767325.0,53382232.0,1.7939310000000002,0.219254,IRL,NLD,0114
20281,109,162,659,2002.0,0.0,6960.0,0.17011700000000002,-0.33925500000000003,ISL,NLD,0114
20282,110,162,659,2002.0,0.0,7121.0,1.257709,0.8318989999999999,ISR,NLD,0114
20283,111,162,659,2002.0,4621461.0,2147549.0,1.3944219999999998,1.125362,ITA,NLD,0114
20284,115,162,659,2002.0,0.0,74073.0,-0.100361,-0.502468,KAZ,NLD,0114
20285,116,162,659,2002.0,0.0,6165.0,-0.59055,0.000731,KEN,NLD,0114
20286,122,162,659,2002.0,0.0,45905.0,-0.794007,-1.192659,KWT,NLD,0114
20287,125,162,659,2002.0,0.0,560463.0,-0.683036,-1.158808,LBR,NLD,0114
20288,130,162,659,2002.0,0.0,1021401.0,0.15796,0.855931,LTU,NLD,0114
20289,131,162,659,2002.0,3906.0,2173695.0,1.396249,1.153017,LUX,NLD,0114
20290,132,162,659,2002.0,11855.0,1010630.0,0.41409799999999997,0.6281680000000001,LVA,NLD,0114
20291,134,162,659,2002.0,0.0,7595.0,-0.690226,-0.42557,MAR,NLD,0114
20292,135,162,659,2002.0,0.0,9601678.0,-0.017383000000000003,0.109124,MDA,NLD,0114
20293,137,162,659,2002.0,0.0,2329.0,-1.0471700000000002,-0.976184,MDV,NLD,0114
20294,140,162,659,2002.0,0.0,1538990.0,-0.027727999999999996,0.41846400000000006,MKD,NLD,0114
20295,142,162,659,2002.0,0.0,226793.0,0.901235,-0.140261,MLT,NLD,0114
20296,148,162,659,2002.0,0.0,2644413.0,-1.053061,-1.221967,MRT,NLD,0114
20297,153,162,659,2002.0,10654.0,7456051.0,0.9987159999999999,0.26558200000000004,MYS,NLD,0114
20298,154,162,659,2002.0,0.0,29788.0,0.752173,-0.5639,MYT,NLD,0114
20299,156,162,659,2002.0,0.0,2723.0,-0.7477739999999999,-1.006248,NCL,NLD,0114
20300,159,162,659,2002.0,0.0,9729637.0,-1.705991,-1.292926,NGA,NLD,0114
20301,163,162,659,2002.0,0.0,29987.0,0.689588,-0.007016,NOR,NLD,0114
20302,167,162,659,2002.0,0.0,11427.0,-1.307058,-1.270916,OMN,NLD,0114
20303,174,162,659,2002.0,0.0,2094.0,0.29601,-0.232513,PHL,NLD,0114
20304,177,162,659,2002.0,2350085.0,9406797.0,0.9449299999999999,1.655764,POL,NLD,0114
20305,179,162,659,2002.0,431724.0,1472095.0,0.584956,1.377068,PRT,NLD,0114
20306,185,162,659,2002.0,49541.0,12732745.0,0.549227,1.071998,ROU,NLD,0114
20307,186,162,659,2002.0,0.0,43788504.0,0.6051449999999999,0.272307,RUS,NLD,0114
20308,187,162,659,2002.0,0.0,13074.0,-0.6278859999999999,-0.832391,RWA,NLD,0114
20309,188,162,659,2002.0,0.0,29208.0,0.048764,-0.903125,SAU,NLD,0114
20310,189,162,659,2002.0,0.0,2804028.0,0.523459,2.58657,SCG,NLD,0114
20311,191,162,659,2002.0,0.0,4042052.0,-0.5424939999999999,-0.554531,SEN,NLD,0114
20312,192,162,659,2002.0,0.0,2114268.0,1.7077209999999998,0.683549,SGP,NLD,0114
20313,196,162,659,2002.0,0.0,569246.0,0.29478899999999997,0.055865,SLE,NLD,0114
20314,198,162,659,2002.0,0.0,53869.0,1.342892,0.48520100000000005,SMR,NLD,0114
20315,203,162,659,2002.0,0.0,191956.0,0.767305,-0.0836,STP,NLD,0114
20316,205,162,659,2002.0,0.0,10313.0,-1.002898,-0.905595,SUR,NLD,0114
20317,206,162,659,2002.0,3807.0,21187.0,1.269549,1.184774,SVK,NLD,0114
20318,207,162,659,2002.0,14612.0,26519.0,1.469681,1.13303,SVN,NLD,0114
20319,208,162,659,2002.0,96065.0,2116567.0,2.134,0.769413,SWE,NLD,0114
20320,214,162,659,2002.0,0.0,17035.0,-0.092619,-0.776712,TCD,NLD,0114
20321,215,162,659,2002.0,0.0,409968.0,-0.688284,-0.5292789999999999,TGO,NLD,0114
20322,216,162,659,2002.0,30816326.0,0.0,0.513887,1.545967,THA,NLD,0114
20323,220,162,659,2002.0,0.0,1942.0,0.5889810000000001,-0.43221400000000004,TLS,NLD,0114
20324,224,162,659,2002.0,0.0,16517.0,0.12982,1.8032650000000001,TUR,NLD,0114
20325,226,162,659,2002.0,0.0,3403.0,-1.234127,-0.421158,TZA,NLD,0114
20326,228,162,659,2002.0,0.0,10755626.0,0.575372,1.131722,UKR,NLD,0114
20327,231,162,659,2002.0,768429.0,0.0,1.853174,0.120986,USA,NLD,0114
20328,232,162,659,2002.0,0.0,216948.0,-0.583861,-0.758266,UZB,NLD,0114
20329,241,162,659,2002.0,0.0,48395.0,0.712441,-0.668211,WLF,NLD,0114
20330,246,162,659,2002.0,51868.0,13617.0,0.32760500000000004,2.497746,ZAF,NLD,0114
20331,248,162,659,2002.0,294792.0,0.0,-0.36033000000000004,0.452182,ZWE,NLD,0114
20332,250,162,659,2002.0,0.0,246724.0,0.5979300000000001,-0.497816,ANS,NLD,0114
20333,18,163,659,2002.0,87105.0,0.0,1.424339,1.372755,BEL,NOR,0114
20334,33,163,659,2002.0,0.0,14801.0,0.547024,-0.004036,BRB,NOR,0114
20335,64,163,659,2002.0,646820.0,38511.0,1.344708,1.321135,DNK,NOR,0114
20336,72,163,659,2002.0,6957.0,13785.0,0.576142,1.168563,EST,NOR,0114
20337,77,163,659,2002.0,103524.0,12619.0,1.648526,0.6870430000000001,FRA,NOR,0114
20338,81,163,659,2002.0,39793.0,0.0,2.067395,0.7934359999999999,GBR,NOR,0114
20339,102,163,659,2002.0,10286.0,0.0,1.232359,1.064425,HUN,NOR,0114
20340,106,163,659,2002.0,11883.0,0.0,1.7939310000000002,0.219254,IRL,NOR,0114
20341,109,163,659,2002.0,0.0,3315.0,0.17011700000000002,-0.33925500000000003,ISL,NOR,0114
20342,122,163,659,2002.0,0.0,4238.0,-0.794007,-1.192659,KWT,NOR,0114
20343,162,163,659,2002.0,29987.0,0.0,1.175777,1.667472,NLD,NOR,0114
20344,206,163,659,2002.0,6793.0,0.0,1.269549,1.184774,SVK,NOR,0114
20345,208,163,659,2002.0,305561.0,18300.0,2.134,0.769413,SWE,NOR,0114
20346,231,163,659,2002.0,9641.0,0.0,1.853174,0.120986,USA,NOR,0114
20347,14,166,659,2002.0,24417.0,1892.0,-0.052462,0.759617,AUS,NZL,0114
20348,16,166,659,2002.0,0.0,3304.0,-0.566735,-1.003158,AZE,NZL,0114
20349,43,166,659,2002.0,0.0,5909.0,0.6181220000000001,1.9636759999999998,CHN,NZL,0114
20350,48,166,659,2002.0,0.0,84256.0,0.595648,-0.301939,COK,NZL,0114
20351,74,166,659,2002.0,0.0,2904.0,1.9545119999999998,1.047515,FIN,NZL,0114
20352,75,166,659,2002.0,1159.0,713808.0,-0.788026,-0.432015,FJI,NZL,0114
20353,122,166,659,2002.0,0.0,9617.0,-0.794007,-1.192659,KWT,NZL,0114
20354,153,166,659,2002.0,0.0,53780.0,0.9987159999999999,0.26558200000000004,MYS,NZL,0114
20355,158,166,659,2002.0,0.0,1711.0,1.214393,-0.442896,NFK,NZL,0114
20356,161,166,659,2002.0,0.0,116675.0,0.891747,-0.5216930000000001,NIU,NZL,0114
20357,167,166,659,2002.0,0.0,108337.0,-1.307058,-1.270916,OMN,NZL,0114
20358,176,166,659,2002.0,0.0,19329.0,-1.430299,-1.172593,PNG,NZL,0114
20359,182,166,659,2002.0,0.0,145857.0,-0.363179,-0.8967450000000001,PYF,NZL,0114
20360,183,166,659,2002.0,0.0,83255.0,-0.002177,-1.042517,QAT,NZL,0114
20361,221,166,659,2002.0,0.0,57510.0,-0.772079,-1.0016479999999999,TON,NZL,0114
20362,231,166,659,2002.0,83161.0,0.0,1.853174,0.120986,USA,NZL,0114
20363,242,166,659,2002.0,0.0,103166.0,-0.09827000000000001,-0.540676,WSM,NZL,0114
20364,6,169,659,2002.0,0.0,84939.0,0.145946,-0.704052,ANT,PAN,0114
20365,23,169,659,2002.0,2519.0,0.0,0.468058,1.644037,BGR,PAN,0114
20366,39,169,659,2002.0,66550.0,0.0,0.9672360000000001,1.389981,CAN,PAN,0114
20367,42,169,659,2002.0,79817.0,0.0,-0.079201,-0.11449200000000001,CHL,PAN,0114
20368,49,169,659,2002.0,0.0,5943.0,0.219861,0.45238999999999996,COL,PAN,0114
20369,52,169,659,2002.0,0.0,4018.0,0.083983,-0.096237,CRI,PAN,0114
20370,61,169,659,2002.0,4787.0,0.0,2.367856,-2.195331,DEU,PAN,0114
20371,72,169,659,2002.0,6912.0,0.0,0.576142,1.168563,EST,PAN,0114
20372,93,169,659,2002.0,0.0,586295.0,-0.49913,-0.038079,GTM,PAN,0114
20373,97,169,659,2002.0,0.0,6171.0,0.704932,1.291658,HKG,PAN,0114
20374,99,169,659,2002.0,0.0,8671.0,-0.637891,-0.564421,HND,PAN,0114
20375,138,169,659,2002.0,3779377.0,0.0,1.2677129999999999,0.599314,MEX,PAN,0114
20376,159,169,659,2002.0,0.0,90213.0,-1.705991,-1.292926,NGA,PAN,0114
20377,185,169,659,2002.0,13790.0,0.0,0.549227,1.071998,ROU,PAN,0114
20378,231,169,659,2002.0,2298373.0,0.0,1.853174,0.120986,USA,PAN,0114
20379,234,169,659,2002.0,0.0,3448.0,-0.268813,-0.67072,VCT,PAN,0114
20380,8,173,659,2002.0,179430.0,0.0,0.045376,0.71768,ARG,PER,0114
20381,15,173,659,2002.0,0.0,44630.0,1.866997,0.400527,AUT,PER,0114
20382,32,173,659,2002.0,1847340.0,0.0,0.631343,1.249344,BRA,PER,0114
20383,39,173,659,2002.0,674317.0,0.0,0.9672360000000001,1.389981,CAN,PER,0114
20384,42,173,659,2002.0,120860.0,0.0,-0.079201,-0.11449200000000001,CHL,PER,0114
20385,67,173,659,2002.0,0.0,369273.0,-0.973858,-0.8924979999999999,ECU,PER,0114
20386,231,173,659,2002.0,521723.0,6762.0,1.853174,0.120986,USA,PER,0114
20387,14,174,659,2002.0,334948.0,0.0,-0.052462,0.759617,AUS,PHL,0114
20388,23,174,659,2002.0,20310.0,0.0,0.468058,1.644037,BGR,PHL,0114
20389,32,174,659,2002.0,277510.0,0.0,0.631343,1.249344,BRA,PHL,0114
20390,39,174,659,2002.0,2426272.0,0.0,0.9672360000000001,1.389981,CAN,PHL,0114
20391,43,174,659,2002.0,826994.0,0.0,0.6181220000000001,1.9636759999999998,CHN,PHL,0114
20392,64,174,659,2002.0,427228.0,0.0,1.344708,1.321135,DNK,PHL,0114
20393,77,174,659,2002.0,64364.0,0.0,1.648526,0.6870430000000001,FRA,PHL,0114
20394,97,174,659,2002.0,68424.0,5531.0,0.704932,1.291658,HKG,PHL,0114
20395,114,174,659,2002.0,41586.0,48665.0,2.7747580000000003,0.43663199999999996,JPN,PHL,0114
20396,121,174,659,2002.0,59055.0,0.0,1.4172719999999999,0.8763139999999999,KOR,PHL,0114
20397,162,174,659,2002.0,2094.0,0.0,1.175777,1.667472,NLD,PHL,0114
20398,192,174,659,2002.0,60441.0,0.0,1.7077209999999998,0.683549,SGP,PHL,0114
20399,216,174,659,2002.0,9256.0,0.0,0.513887,1.545967,THA,PHL,0114
20400,231,174,659,2002.0,6909909.0,0.0,1.853174,0.120986,USA,PHL,0114
20401,249,174,659,2002.0,158626.0,0.0,1.9084720000000002,1.253714,TWN,PHL,0114
20402,2,179,659,2002.0,0.0,449030.0,-1.8043639999999999,-1.250642,AGO,PRT,0114
20403,18,179,659,2002.0,669404.0,10557.0,1.424339,1.372755,BEL,PRT,0114
20404,19,179,659,2002.0,12017.0,57617.0,-0.7683840000000001,-0.7984319999999999,BEN,PRT,0114
20405,23,179,659,2002.0,0.0,16765.0,0.468058,1.644037,BGR,PRT,0114
20406,32,179,659,2002.0,3294925.0,0.0,0.631343,1.249344,BRA,PRT,0114
20407,51,179,659,2002.0,0.0,30432.0,-0.315184,-0.660522,CPV,PRT,0114
20408,61,179,659,2002.0,1114841.0,334175.0,2.367856,-2.195331,DEU,PRT,0114
20409,64,179,659,2002.0,78622.0,29475.0,1.344708,1.321135,DNK,PRT,0114
20410,71,179,659,2002.0,13137485.0,1215453.0,1.054108,1.9357349999999998,ESP,PRT,0114
20411,74,179,659,2002.0,0.0,36709.0,1.9545119999999998,1.047515,FIN,PRT,0114
20412,77,179,659,2002.0,5195230.0,277654.0,1.648526,0.6870430000000001,FRA,PRT,0114
20413,81,179,659,2002.0,140228.0,507292.0,2.067395,0.7934359999999999,GBR,PRT,0114
20414,90,179,659,2002.0,60226.0,12485.0,0.20355399999999998,1.4130200000000002,GRC,PRT,0114
20415,106,179,659,2002.0,96319.0,0.0,1.7939310000000002,0.219254,IRL,PRT,0114
20416,111,179,659,2002.0,2015721.0,0.0,1.3944219999999998,1.125362,ITA,PRT,0114
20417,131,179,659,2002.0,0.0,10794.0,1.396249,1.153017,LUX,PRT,0114
20418,162,179,659,2002.0,1472095.0,431724.0,1.175777,1.667472,NLD,PRT,0114
20419,185,179,659,2002.0,0.0,12745.0,0.549227,1.071998,ROU,PRT,0114
20420,203,179,659,2002.0,0.0,50358.0,0.767305,-0.0836,STP,PRT,0114
20421,220,179,659,2002.0,0.0,1762.0,0.5889810000000001,-0.43221400000000004,TLS,PRT,0114
20422,231,179,659,2002.0,89744.0,0.0,1.853174,0.120986,USA,PRT,0114
20423,250,179,659,2002.0,0.0,204356.0,0.5979300000000001,-0.497816,ANS,PRT,0114
20424,32,180,659,2002.0,111922.0,0.0,0.631343,1.249344,BRA,PRY,0114
20425,122,180,659,2002.0,0.0,55636.0,-0.794007,-1.192659,KWT,PRY,0114
20426,231,180,659,2002.0,3180.0,0.0,1.853174,0.120986,USA,PRY,0114
20427,7,190,659,2002.0,5176.0,0.0,-0.288838,-0.640049,ARE,SDN,0114
20428,32,190,659,2002.0,14876.0,0.0,0.631343,1.249344,BRA,SDN,0114
20429,68,190,659,2002.0,39696.0,0.0,-0.37218,0.634319,EGY,SDN,0114
20430,188,190,659,2002.0,3333.0,0.0,0.048764,-0.903125,SAU,SDN,0114
20431,14,192,659,2002.0,265832.0,1979.0,-0.052462,0.759617,AUS,SGP,0114
20432,18,192,659,2002.0,66353.0,0.0,1.424339,1.372755,BEL,SGP,0114
20433,32,192,659,2002.0,32550288.0,475370.0,0.631343,1.249344,BRA,SGP,0114
20434,34,192,659,2002.0,2939.0,17543.0,-1.359507,-1.084339,BRN,SGP,0114
20435,39,192,659,2002.0,4083.0,0.0,0.9672360000000001,1.389981,CAN,SGP,0114
20436,41,192,659,2002.0,59750.0,0.0,2.205507,0.831836,CHE,SGP,0114
20437,43,192,659,2002.0,12190622.0,410890.0,0.6181220000000001,1.9636759999999998,CHN,SGP,0114
20438,61,192,659,2002.0,123095.0,0.0,2.367856,-2.195331,DEU,SGP,0114
20439,64,192,659,2002.0,932092.0,0.0,1.344708,1.321135,DNK,SGP,0114
20440,77,192,659,2002.0,1526300.0,0.0,1.648526,0.6870430000000001,FRA,SGP,0114
20441,81,192,659,2002.0,859337.0,0.0,2.067395,0.7934359999999999,GBR,SGP,0114
20442,97,192,659,2002.0,0.0,56871.0,0.704932,1.291658,HKG,SGP,0114
20443,103,192,659,2002.0,0.0,10019.0,0.098182,1.7305840000000001,IDN,SGP,0114
20444,104,192,659,2002.0,0.0,5323.0,0.32974000000000003,2.376477,IND,SGP,0114
20445,111,192,659,2002.0,26716.0,0.0,1.3944219999999998,1.125362,ITA,SGP,0114
20446,114,192,659,2002.0,17939.0,0.0,2.7747580000000003,0.43663199999999996,JPN,SGP,0114
20447,118,192,659,2002.0,0.0,24214.0,-0.8577629999999999,-1.071536,KHM,SGP,0114
20448,128,192,659,2002.0,0.0,89465.0,-0.461765,-0.057614,LKA,SGP,0114
20449,137,192,659,2002.0,0.0,274939.0,-1.0471700000000002,-0.976184,MDV,SGP,0114
20450,153,192,659,2002.0,3315936.0,1197556.0,0.9987159999999999,0.26558200000000004,MYS,SGP,0114
20451,162,192,659,2002.0,2114268.0,0.0,1.175777,1.667472,NLD,SGP,0114
20452,164,192,659,2002.0,0.0,1314.0,-0.065582,0.464797,NPL,SGP,0114
20453,174,192,659,2002.0,0.0,60441.0,0.29601,-0.232513,PHL,SGP,0114
20454,185,192,659,2002.0,2405.0,0.0,0.549227,1.071998,ROU,SGP,0114
20455,211,192,659,2002.0,0.0,32888.0,-0.8837229999999999,-0.975607,SYC,SGP,0114
20456,215,192,659,2002.0,2709.0,0.0,-0.688284,-0.5292789999999999,TGO,SGP,0114
20457,216,192,659,2002.0,8532614.0,30128.0,0.513887,1.545967,THA,SGP,0114
20458,220,192,659,2002.0,0.0,466933.0,0.5889810000000001,-0.43221400000000004,TLS,SGP,0114
20459,226,192,659,2002.0,0.0,3881.0,-1.234127,-0.421158,TZA,SGP,0114
20460,231,192,659,2002.0,13822018.0,12273.0,1.853174,0.120986,USA,SGP,0114
20461,239,192,659,2002.0,0.0,22524.0,-0.44170699999999996,0.544708,VNM,SGP,0114
20462,246,192,659,2002.0,0.0,41475.0,0.32760500000000004,2.497746,ZAF,SGP,0114
20463,249,192,659,2002.0,0.0,52338.0,1.9084720000000002,1.253714,TWN,SGP,0114
20464,39,197,659,2002.0,594315.0,0.0,0.9672360000000001,1.389981,CAN,SLV,0114
20465,93,197,659,2002.0,27029.0,239883.0,-0.49913,-0.038079,GTM,SLV,0114
20466,99,197,659,2002.0,52881.0,0.0,-0.637891,-0.564421,HND,SLV,0114
20467,231,197,659,2002.0,67970.0,0.0,1.853174,0.120986,USA,SLV,0114
20468,18,205,659,2002.0,18063.0,0.0,1.424339,1.372755,BEL,SUR,0114
20469,32,205,659,2002.0,744802.0,0.0,0.631343,1.249344,BRA,SUR,0114
20470,33,205,659,2002.0,10251.0,0.0,0.547024,-0.004036,BRB,SUR,0114
20471,58,205,659,2002.0,22048.0,0.0,0.332088,0.50441,CYP,SUR,0114
20472,162,205,659,2002.0,10313.0,0.0,1.175777,1.667472,NLD,SUR,0114
20473,222,205,659,2002.0,162499.0,0.0,-0.056315,-0.803537,TTO,SUR,0114
20474,231,205,659,2002.0,4574793.0,0.0,1.853174,0.120986,USA,SUR,0114
20475,15,208,659,2002.0,117493.0,0.0,1.866997,0.400527,AUT,SWE,0114
20476,18,208,659,2002.0,744041.0,17212.0,1.424339,1.372755,BEL,SWE,0114
20477,32,208,659,2002.0,301514.0,0.0,0.631343,1.249344,BRA,SWE,0114
20478,41,208,659,2002.0,0.0,28519.0,2.205507,0.831836,CHE,SWE,0114
20479,43,208,659,2002.0,0.0,630568.0,0.6181220000000001,1.9636759999999998,CHN,SWE,0114
20480,59,208,659,2002.0,21064.0,19720.0,1.5835139999999999,0.9563010000000001,CZE,SWE,0114
20481,61,208,659,2002.0,2948500.0,1536583.0,2.367856,-2.195331,DEU,SWE,0114
20482,64,208,659,2002.0,50856664.0,3130095.0,1.344708,1.321135,DNK,SWE,0114
20483,71,208,659,2002.0,24497.0,9835.0,1.054108,1.9357349999999998,ESP,SWE,0114
20484,72,208,659,2002.0,1073.0,1381576.0,0.576142,1.168563,EST,SWE,0114
20485,74,208,659,2002.0,389788.0,515865.0,1.9545119999999998,1.047515,FIN,SWE,0114
20486,77,208,659,2002.0,1172299.0,0.0,1.648526,0.6870430000000001,FRA,SWE,0114
20487,78,208,659,2002.0,0.0,76584.0,-0.33811399999999997,-0.8092050000000001,FRO,SWE,0114
20488,81,208,659,2002.0,281786.0,131357.0,2.067395,0.7934359999999999,GBR,SWE,0114
20489,83,208,659,2002.0,0.0,123898.0,-1.258567,-1.048266,GHA,SWE,0114
20490,90,208,659,2002.0,7435.0,30040.0,0.20355399999999998,1.4130200000000002,GRC,SWE,0114
20491,100,208,659,2002.0,107736.0,0.0,0.603546,1.273001,HRV,SWE,0114
20492,109,208,659,2002.0,0.0,140175.0,0.17011700000000002,-0.33925500000000003,ISL,SWE,0114
20493,111,208,659,2002.0,159301.0,0.0,1.3944219999999998,1.125362,ITA,SWE,0114
20494,130,208,659,2002.0,0.0,261345.0,0.15796,0.855931,LTU,SWE,0114
20495,140,208,659,2002.0,0.0,83462.0,-0.027727999999999996,0.41846400000000006,MKD,SWE,0114
20496,153,208,659,2002.0,0.0,590503.0,0.9987159999999999,0.26558200000000004,MYS,SWE,0114
20497,159,208,659,2002.0,0.0,9694.0,-1.705991,-1.292926,NGA,SWE,0114
20498,162,208,659,2002.0,2116567.0,96065.0,1.175777,1.667472,NLD,SWE,0114
20499,163,208,659,2002.0,18300.0,305561.0,0.689588,-0.007016,NOR,SWE,0114
20500,177,208,659,2002.0,365923.0,85678.0,0.9449299999999999,1.655764,POL,SWE,0114
20501,186,208,659,2002.0,0.0,98798.0,0.6051449999999999,0.272307,RUS,SWE,0114
20502,189,208,659,2002.0,0.0,11562.0,0.523459,2.58657,SCG,SWE,0114
20503,206,208,659,2002.0,0.0,4060.0,1.269549,1.184774,SVK,SWE,0114
20504,207,208,659,2002.0,121412.0,0.0,1.469681,1.13303,SVN,SWE,0114
20505,216,208,659,2002.0,5421.0,0.0,0.513887,1.545967,THA,SWE,0114
20506,231,208,659,2002.0,8352.0,0.0,1.853174,0.120986,USA,SWE,0114
20507,0,216,659,2002.0,0.0,165526.0,0.27076100000000003,-0.858951,ABW,THA,0114
20508,7,216,659,2002.0,0.0,1710531.0,-0.288838,-0.640049,ARE,THA,0114
20509,14,216,659,2002.0,15497.0,0.0,-0.052462,0.759617,AUS,THA,0114
20510,15,216,659,2002.0,0.0,183792.0,1.866997,0.400527,AUT,THA,0114
20511,18,216,659,2002.0,0.0,215414.0,1.424339,1.372755,BEL,THA,0114
20512,19,216,659,2002.0,0.0,24649.0,-0.7683840000000001,-0.7984319999999999,BEN,THA,0114
20513,39,216,659,2002.0,0.0,9648.0,0.9672360000000001,1.389981,CAN,THA,0114
20514,41,216,659,2002.0,0.0,137187.0,2.205507,0.831836,CHE,THA,0114
20515,43,216,659,2002.0,0.0,7086294.0,0.6181220000000001,1.9636759999999998,CHN,THA,0114
20516,61,216,659,2002.0,61271.0,33590156.0,2.367856,-2.195331,DEU,THA,0114
20517,64,216,659,2002.0,0.0,1291652.0,1.344708,1.321135,DNK,THA,0114
20518,71,216,659,2002.0,0.0,595736.0,1.054108,1.9357349999999998,ESP,THA,0114
20519,74,216,659,2002.0,0.0,1289290.0,1.9545119999999998,1.047515,FIN,THA,0114
20520,77,216,659,2002.0,7889.0,732667.0,1.648526,0.6870430000000001,FRA,THA,0114
20521,78,216,659,2002.0,0.0,8889.0,-0.33811399999999997,-0.8092050000000001,FRO,THA,0114
20522,81,216,659,2002.0,286967.0,22649492.0,2.067395,0.7934359999999999,GBR,THA,0114
20523,82,216,659,2002.0,0.0,71249.0,0.23526999999999998,-0.156333,GEO,THA,0114
20524,97,216,659,2002.0,0.0,8988042.0,0.704932,1.291658,HKG,THA,0114
20525,103,216,659,2002.0,0.0,1073.0,0.098182,1.7305840000000001,IDN,THA,0114
20526,106,216,659,2002.0,0.0,1113902.0,1.7939310000000002,0.219254,IRL,THA,0114
20527,109,216,659,2002.0,0.0,2124.0,0.17011700000000002,-0.33925500000000003,ISL,THA,0114
20528,110,216,659,2002.0,42010.0,0.0,1.257709,0.8318989999999999,ISR,THA,0114
20529,111,216,659,2002.0,0.0,15424.0,1.3944219999999998,1.125362,ITA,THA,0114
20530,113,216,659,2002.0,0.0,191163.0,0.34023000000000003,0.264754,JOR,THA,0114
20531,114,216,659,2002.0,0.0,330793984.0,2.7747580000000003,0.43663199999999996,JPN,THA,0114
20532,121,216,659,2002.0,0.0,37923152.0,1.4172719999999999,0.8763139999999999,KOR,THA,0114
20533,122,216,659,2002.0,0.0,355635.0,-0.794007,-1.192659,KWT,THA,0114
20534,128,216,659,2002.0,0.0,1082.0,-0.461765,-0.057614,LKA,THA,0114
20535,133,216,659,2002.0,0.0,8537.0,0.005082,-0.328658,MAC,THA,0114
20536,143,216,659,2002.0,0.0,46431.0,-1.251639,-0.994909,MMR,THA,0114
20537,153,216,659,2002.0,36456.0,8902645.0,0.9987159999999999,0.26558200000000004,MYS,THA,0114
20538,156,216,659,2002.0,0.0,17640.0,-0.7477739999999999,-1.006248,NCL,THA,0114
20539,162,216,659,2002.0,0.0,30816326.0,1.175777,1.667472,NLD,THA,0114
20540,167,216,659,2002.0,0.0,102165.0,-1.307058,-1.270916,OMN,THA,0114
20541,174,216,659,2002.0,0.0,9256.0,0.29601,-0.232513,PHL,THA,0114
20542,177,216,659,2002.0,127330.0,0.0,0.9449299999999999,1.655764,POL,THA,0114
20543,178,216,659,2002.0,0.0,4037784.0,0.629678,1.0153780000000001,PRK,THA,0114
20544,183,216,659,2002.0,0.0,4071.0,-0.002177,-1.042517,QAT,THA,0114
20545,185,216,659,2002.0,0.0,169288.0,0.549227,1.071998,ROU,THA,0114
20546,188,216,659,2002.0,0.0,119335.0,0.048764,-0.903125,SAU,THA,0114
20547,192,216,659,2002.0,30128.0,8532614.0,1.7077209999999998,0.683549,SGP,THA,0114
20548,206,216,659,2002.0,0.0,59681.0,1.269549,1.184774,SVK,THA,0114
20549,208,216,659,2002.0,0.0,5421.0,2.134,0.769413,SWE,THA,0114
20550,209,216,659,2002.0,0.0,10127.0,0.409355,-0.047221,SWZ,THA,0114
20551,231,216,659,2002.0,237511.0,0.0,1.853174,0.120986,USA,THA,0114
20552,239,216,659,2002.0,24316.0,700713.0,-0.44170699999999996,0.544708,VNM,THA,0114
20553,246,216,659,2002.0,6269.0,1381986.0,0.32760500000000004,2.497746,ZAF,THA,0114
20554,39,222,659,2002.0,73458.0,0.0,0.9672360000000001,1.389981,CAN,TTO,0114
20555,61,222,659,2002.0,3012.0,0.0,2.367856,-2.195331,DEU,TTO,0114
20556,205,222,659,2002.0,0.0,162499.0,-1.002898,-0.905595,SUR,TTO,0114
20557,231,222,659,2002.0,988017.0,0.0,1.853174,0.120986,USA,TTO,0114
20558,250,222,659,2002.0,0.0,45734.0,0.5979300000000001,-0.497816,ANS,TTO,0114
20559,2,224,659,2002.0,0.0,12904.0,-1.8043639999999999,-1.250642,AGO,TUR,0114
20560,4,224,659,2002.0,0.0,82661.0,-0.05800399999999999,0.042254,ALB,TUR,0114
20561,7,224,659,2002.0,0.0,81041.0,-0.288838,-0.640049,ARE,TUR,0114
20562,15,224,659,2002.0,0.0,127851.0,1.866997,0.400527,AUT,TUR,0114
20563,16,224,659,2002.0,5641.0,3336041.0,-0.566735,-1.003158,AZE,TUR,0114
20564,19,224,659,2002.0,0.0,127695.0,-0.7683840000000001,-0.7984319999999999,BEN,TUR,0114
20565,23,224,659,2002.0,0.0,383253.0,0.468058,1.644037,BGR,TUR,0114
20566,32,224,659,2002.0,91457.0,0.0,0.631343,1.249344,BRA,TUR,0114
20567,39,224,659,2002.0,12620.0,0.0,0.9672360000000001,1.389981,CAN,TUR,0114
20568,43,224,659,2002.0,0.0,2681858.0,0.6181220000000001,1.9636759999999998,CHN,TUR,0114
20569,58,224,659,2002.0,0.0,469179.0,0.332088,0.50441,CYP,TUR,0114
20570,61,224,659,2002.0,4738.0,0.0,2.367856,-2.195331,DEU,TUR,0114
20571,64,224,659,2002.0,11668.0,0.0,1.344708,1.321135,DNK,TUR,0114
20572,77,224,659,2002.0,27217.0,9155.0,1.648526,0.6870430000000001,FRA,TUR,0114
20573,82,224,659,2002.0,0.0,219077.0,0.23526999999999998,-0.156333,GEO,TUR,0114
20574,97,224,659,2002.0,0.0,1988046.0,0.704932,1.291658,HKG,TUR,0114
20575,110,224,659,2002.0,1003.0,0.0,1.257709,0.8318989999999999,ISR,TUR,0114
20576,115,224,659,2002.0,0.0,47472.0,-0.100361,-0.502468,KAZ,TUR,0114
20577,122,224,659,2002.0,0.0,14978.0,-0.794007,-1.192659,KWT,TUR,0114
20578,140,224,659,2002.0,0.0,756338.0,-0.027727999999999996,0.41846400000000006,MKD,TUR,0114
20579,148,224,659,2002.0,0.0,1164.0,-1.053061,-1.221967,MRT,TUR,0114
20580,162,224,659,2002.0,16517.0,0.0,1.175777,1.667472,NLD,TUR,0114
20581,183,224,659,2002.0,0.0,10631.0,-0.002177,-1.042517,QAT,TUR,0114
20582,186,224,659,2002.0,18752.0,21912.0,0.6051449999999999,0.272307,RUS,TUR,0114
20583,189,224,659,2002.0,0.0,87511.0,0.523459,2.58657,SCG,TUR,0114
20584,215,224,659,2002.0,0.0,125160.0,-0.688284,-0.5292789999999999,TGO,TUR,0114
20585,219,224,659,2002.0,0.0,73807.0,-0.9178629999999999,-1.202212,TKM,TUR,0114
20586,231,224,659,2002.0,16201676.0,0.0,1.853174,0.120986,USA,TUR,0114
20587,232,224,659,2002.0,0.0,267062.0,-0.583861,-0.758266,UZB,TUR,0114
20588,250,224,659,2002.0,0.0,91204.0,0.5979300000000001,-0.497816,ANS,TUR,0114
20589,2,230,659,2002.0,0.0,136800.0,-1.8043639999999999,-1.250642,AGO,URY,0114
20590,32,230,659,2002.0,6113.0,0.0,0.631343,1.249344,BRA,URY,0114
20591,39,230,659,2002.0,8175.0,0.0,0.9672360000000001,1.389981,CAN,URY,0114
20592,43,230,659,2002.0,0.0,82349.0,0.6181220000000001,1.9636759999999998,CHN,URY,0114
20593,77,230,659,2002.0,2606.0,8712.0,1.648526,0.6870430000000001,FRA,URY,0114
20594,97,230,659,2002.0,0.0,46856.0,0.704932,1.291658,HKG,URY,0114
20595,183,230,659,2002.0,0.0,43466.0,-0.002177,-1.042517,QAT,URY,0114
20596,188,230,659,2002.0,0.0,694025.0,0.048764,-0.903125,SAU,URY,0114
20597,231,230,659,2002.0,31396.0,0.0,1.853174,0.120986,USA,URY,0114
20598,0,231,659,2002.0,0.0,1924328.0,0.27076100000000003,-0.858951,ABW,USA,0114
20599,2,231,659,2002.0,0.0,23683942.0,-1.8043639999999999,-1.250642,AGO,USA,0114
20600,3,231,659,2002.0,0.0,433078.0,1.822725,0.45911899999999994,AIA,USA,0114
20601,4,231,659,2002.0,0.0,840483.0,-0.05800399999999999,0.042254,ALB,USA,0114
20602,5,231,659,2002.0,0.0,35733.0,1.3229389999999999,0.9635950000000001,AND,USA,0114
20603,6,231,659,2002.0,0.0,5700584.0,0.145946,-0.704052,ANT,USA,0114
20604,7,231,659,2002.0,0.0,8783725.0,-0.288838,-0.640049,ARE,USA,0114
20605,8,231,659,2002.0,0.0,45746.0,0.045376,0.71768,ARG,USA,0114
20606,9,231,659,2002.0,0.0,2072041.0,0.66447,-0.08317000000000001,ARM,USA,0114
20607,12,231,659,2002.0,0.0,9227.0,1.8333270000000002,-0.322675,ATF,USA,0114
20608,13,231,659,2002.0,0.0,2888576.0,0.23995500000000003,-0.754877,ATG,USA,0114
20609,14,231,659,2002.0,52935.0,277361.0,-0.052462,0.759617,AUS,USA,0114
20610,16,231,659,2002.0,0.0,2411526.0,-0.566735,-1.003158,AZE,USA,0114
20611,18,231,659,2002.0,0.0,184593.0,1.424339,1.372755,BEL,USA,0114
20612,19,231,659,2002.0,9534.0,749122.0,-0.7683840000000001,-0.7984319999999999,BEN,USA,0114
20613,21,231,659,2002.0,0.0,7526.0,-0.5542590000000001,-0.5946060000000001,BFA,USA,0114
20614,22,231,659,2002.0,0.0,10060.0,-0.9509,-1.113308,BGD,USA,0114
20615,23,231,659,2002.0,2989.0,1955050.0,0.468058,1.644037,BGR,USA,0114
20616,24,231,659,2002.0,0.0,1778472.0,-0.31754099999999996,-1.099381,BHR,USA,0114
20617,25,231,659,2002.0,70234.0,4861584.0,0.035127,-0.536416,BHS,USA,0114
20618,28,231,659,2002.0,0.0,363244.0,0.865742,1.1823860000000002,BLR,USA,0114
20619,29,231,659,2002.0,0.0,284405.0,-0.553335,-0.753058,BLZ,USA,0114
20620,30,231,659,2002.0,0.0,5536935.0,0.934739,-0.465542,BMU,USA,0114
20621,31,231,659,2002.0,0.0,9505.0,-0.785592,-0.6761119999999999,BOL,USA,0114
20622,32,231,659,2002.0,256766.0,144562.0,0.631343,1.249344,BRA,USA,0114
20623,33,231,659,2002.0,0.0,980370.0,0.547024,-0.004036,BRB,USA,0114
20624,34,231,659,2002.0,0.0,3605.0,-1.359507,-1.084339,BRN,USA,0114
20625,39,231,659,2002.0,32059858.0,159103328.0,0.9672360000000001,1.389981,CAN,USA,0114
20626,41,231,659,2002.0,0.0,1621161.0,2.205507,0.831836,CHE,USA,0114
20627,42,231,659,2002.0,0.0,418373.0,-0.079201,-0.11449200000000001,CHL,USA,0114
20628,43,231,659,2002.0,77286.0,52053796.0,0.6181220000000001,1.9636759999999998,CHN,USA,0114
20629,44,231,659,2002.0,0.0,205192.0,-0.803739,-0.752218,CIV,USA,0114
20630,45,231,659,2002.0,0.0,371116.0,-1.188713,-1.109944,CMR,USA,0114
20631,46,231,659,2002.0,0.0,3039319.0,-1.218664,-1.1406120000000002,COD,USA,0114
20632,47,231,659,2002.0,0.0,520658.0,-1.468836,-1.250484,COG,USA,0114
20633,48,231,659,2002.0,0.0,256169.0,0.595648,-0.301939,COK,USA,0114
20634,49,231,659,2002.0,0.0,5445857.0,0.219861,0.45238999999999996,COL,USA,0114
20635,51,231,659,2002.0,0.0,16891.0,-0.315184,-0.660522,CPV,USA,0114
20636,52,231,659,2002.0,0.0,899792.0,0.083983,-0.096237,CRI,USA,0114
20637,54,231,659,2002.0,0.0,15651912.0,-0.896759,-1.079825,CUB,USA,0114
20638,57,231,659,2002.0,0.0,1852654.0,0.570589,-0.692583,CYM,USA,0114
20639,61,231,659,2002.0,0.0,497161.0,2.367856,-2.195331,DEU,USA,0114
20640,63,231,659,2002.0,0.0,1602259.0,0.212137,-0.112873,DMA,USA,0114
20641,64,231,659,2002.0,12931.0,19666.0,1.344708,1.321135,DNK,USA,0114
20642,65,231,659,2002.0,0.0,3634145.0,-0.43339300000000003,-0.378827,DOM,USA,0114
20643,67,231,659,2002.0,27828.0,650232.0,-0.973858,-0.8924979999999999,ECU,USA,0114
20644,68,231,659,2002.0,0.0,734784.0,-0.37218,0.634319,EGY,USA,0114
20645,71,231,659,2002.0,0.0,519801.0,1.054108,1.9357349999999998,ESP,USA,0114
20646,72,231,659,2002.0,25390.0,1020097.0,0.576142,1.168563,EST,USA,0114
20647,75,231,659,2002.0,0.0,95722.0,-0.788026,-0.432015,FJI,USA,0114
20648,77,231,659,2002.0,651682.0,525206.0,1.648526,0.6870430000000001,FRA,USA,0114
20649,79,231,659,2002.0,0.0,1752018.0,-1.416799,-1.080317,FSM,USA,0114
20650,80,231,659,2002.0,0.0,2381886.0,-1.34341,-1.238593,GAB,USA,0114
20651,81,231,659,2002.0,188214.0,101675.0,2.067395,0.7934359999999999,GBR,USA,0114
20652,82,231,659,2002.0,104117.0,15724328.0,0.23526999999999998,-0.156333,GEO,USA,0114
20653,83,231,659,2002.0,0.0,3303882.0,-1.258567,-1.048266,GHA,USA,0114
20654,85,231,659,2002.0,0.0,21555.0,-1.684157,-1.256743,GIN,USA,0114
20655,87,231,659,2002.0,0.0,1073644.0,0.266536,0.20776,GMB,USA,0114
20656,89,231,659,2002.0,0.0,7648.0,-1.8647490000000002,-0.96145,GNQ,USA,0114
20657,90,231,659,2002.0,0.0,11922442.0,0.20355399999999998,1.4130200000000002,GRC,USA,0114
20658,91,231,659,2002.0,0.0,1341406.0,0.822523,0.032938999999999996,GRD,USA,0114
20659,93,231,659,2002.0,0.0,22138996.0,-0.49913,-0.038079,GTM,USA,0114
20660,96,231,659,2002.0,0.0,1307574.0,-1.050604,-0.9015549999999999,GUY,USA,0114
20661,97,231,659,2002.0,33557.0,250792832.0,0.704932,1.291658,HKG,USA,0114
20662,99,231,659,2002.0,3787.0,1402625.0,-0.637891,-0.564421,HND,USA,0114
20663,100,231,659,2002.0,0.0,19345.0,0.603546,1.273001,HRV,USA,0114
20664,101,231,659,2002.0,0.0,13722183.0,-0.837823,-0.834512,HTI,USA,0114
20665,102,231,659,2002.0,23044.0,84218.0,1.232359,1.064425,HUN,USA,0114
20666,103,231,659,2002.0,0.0,489495.0,0.098182,1.7305840000000001,IDN,USA,0114
20667,104,231,659,2002.0,0.0,475228.0,0.32974000000000003,2.376477,IND,USA,0114
20668,106,231,659,2002.0,0.0,30922.0,1.7939310000000002,0.219254,IRL,USA,0114
20669,109,231,659,2002.0,0.0,77892.0,0.17011700000000002,-0.33925500000000003,ISL,USA,0114
20670,110,231,659,2002.0,1384635.0,118438.0,1.257709,0.8318989999999999,ISR,USA,0114
20671,111,231,659,2002.0,0.0,815906.0,1.3944219999999998,1.125362,ITA,USA,0114
20672,112,231,659,2002.0,0.0,7408148.0,-0.459541,-0.947443,JAM,USA,0114
20673,113,231,659,2002.0,0.0,229028.0,0.34023000000000003,0.264754,JOR,USA,0114
20674,114,231,659,2002.0,201957.0,45408572.0,2.7747580000000003,0.43663199999999996,JPN,USA,0114
20675,115,231,659,2002.0,0.0,3314132.0,-0.100361,-0.502468,KAZ,USA,0114
20676,116,231,659,2002.0,0.0,80514.0,-0.59055,0.000731,KEN,USA,0114
20677,117,231,659,2002.0,0.0,459439.0,-0.094898,0.235639,KGZ,USA,0114
20678,118,231,659,2002.0,0.0,31449.0,-0.8577629999999999,-1.071536,KHM,USA,0114
20679,119,231,659,2002.0,0.0,18882.0,0.347526,-0.822594,KIR,USA,0114
20680,120,231,659,2002.0,0.0,867701.0,0.757789,-0.2968,KNA,USA,0114
20681,121,231,659,2002.0,0.0,73340656.0,1.4172719999999999,0.8763139999999999,KOR,USA,0114
20682,122,231,659,2002.0,0.0,1099873.0,-0.794007,-1.192659,KWT,USA,0114
20683,124,231,659,2002.0,0.0,361643.0,0.220906,1.470297,LBN,USA,0114
20684,125,231,659,2002.0,0.0,348303.0,-0.683036,-1.158808,LBR,USA,0114
20685,127,231,659,2002.0,0.0,2916141.0,0.261861,-0.36480999999999997,LCA,USA,0114
20686,128,231,659,2002.0,0.0,68873.0,-0.461765,-0.057614,LKA,USA,0114
20687,130,231,659,2002.0,30481.0,93306.0,0.15796,0.855931,LTU,USA,0114
20688,132,231,659,2002.0,0.0,14667556.0,0.41409799999999997,0.6281680000000001,LVA,USA,0114
20689,133,231,659,2002.0,0.0,520518.0,0.005082,-0.328658,MAC,USA,0114
20690,134,231,659,2002.0,0.0,59418.0,-0.690226,-0.42557,MAR,USA,0114
20691,135,231,659,2002.0,0.0,6221241.0,-0.017383000000000003,0.109124,MDA,USA,0114
20692,138,231,659,2002.0,2759750.0,171058608.0,1.2677129999999999,0.599314,MEX,USA,0114
20693,139,231,659,2002.0,0.0,1822778.0,0.769126,-0.845166,MHL,USA,0114
20694,140,231,659,2002.0,0.0,3773752.0,-0.027727999999999996,0.41846400000000006,MKD,USA,0114
20695,141,231,659,2002.0,0.0,10320.0,-0.786698,-0.682438,MLI,USA,0114
20696,142,231,659,2002.0,0.0,87441.0,0.901235,-0.140261,MLT,USA,0114
20697,143,231,659,2002.0,0.0,202203.0,-1.251639,-0.994909,MMR,USA,0114
20698,145,231,659,2002.0,0.0,46601.0,-0.711096,-0.9835799999999999,MNG,USA,0114
20699,147,231,659,2002.0,0.0,220036.0,-1.337891,-1.187073,MOZ,USA,0114
20700,148,231,659,2002.0,0.0,10079.0,-1.053061,-1.221967,MRT,USA,0114
20701,149,231,659,2002.0,0.0,91414.0,1.6121860000000001,0.078151,MSR,USA,0114
20702,153,231,659,2002.0,0.0,2692409.0,0.9987159999999999,0.26558200000000004,MYS,USA,0114
20703,155,231,659,2002.0,0.0,318178.0,-0.137725,-0.361452,NAM,USA,0114
20704,156,231,659,2002.0,0.0,1792769.0,-0.7477739999999999,-1.006248,NCL,USA,0114
20705,157,231,659,2002.0,0.0,103535.0,-0.562837,-0.333649,NER,USA,0114
20706,159,231,659,2002.0,0.0,284049.0,-1.705991,-1.292926,NGA,USA,0114
20707,160,231,659,2002.0,0.0,329551.0,-0.634946,-0.37966,NIC,USA,0114
20708,162,231,659,2002.0,0.0,768429.0,1.175777,1.667472,NLD,USA,0114
20709,163,231,659,2002.0,0.0,9641.0,0.689588,-0.007016,NOR,USA,0114
20710,166,231,659,2002.0,0.0,83161.0,0.370673,0.7853829999999999,NZL,USA,0114
20711,167,231,659,2002.0,10781.0,689277.0,-1.307058,-1.270916,OMN,USA,0114
20712,168,231,659,2002.0,0.0,14862.0,-0.7574069999999999,-0.403427,PAK,USA,0114
20713,169,231,659,2002.0,0.0,2298373.0,0.085746,0.21839,PAN,USA,0114
20714,171,231,659,2002.0,0.0,832847.0,0.71062,-0.328077,PCN,USA,0114
20715,173,231,659,2002.0,6762.0,521723.0,-0.456603,0.030838,PER,USA,0114
20716,174,231,659,2002.0,0.0,6909909.0,0.29601,-0.232513,PHL,USA,0114
20717,175,231,659,2002.0,0.0,507981.0,-0.8780950000000001,-1.033134,PLW,USA,0114
20718,177,231,659,2002.0,0.0,21326308.0,0.9449299999999999,1.655764,POL,USA,0114
20719,179,231,659,2002.0,0.0,89744.0,0.584956,1.377068,PRT,USA,0114
20720,180,231,659,2002.0,0.0,3180.0,-0.733796,-0.9001530000000001,PRY,USA,0114
20721,182,231,659,2002.0,0.0,8296626.0,-0.363179,-0.8967450000000001,PYF,USA,0114
20722,183,231,659,2002.0,0.0,1116962.0,-0.002177,-1.042517,QAT,USA,0114
20723,185,231,659,2002.0,0.0,13496067.0,0.549227,1.071998,ROU,USA,0114
20724,186,231,659,2002.0,0.0,348119104.0,0.6051449999999999,0.272307,RUS,USA,0114
20725,188,231,659,2002.0,0.0,568182.0,0.048764,-0.903125,SAU,USA,0114
20726,189,231,659,2002.0,0.0,654147.0,0.523459,2.58657,SCG,USA,0114
20727,191,231,659,2002.0,0.0,137334.0,-0.5424939999999999,-0.554531,SEN,USA,0114
20728,192,231,659,2002.0,12273.0,13822018.0,1.7077209999999998,0.683549,SGP,USA,0114
20729,196,231,659,2002.0,0.0,1062998.0,0.29478899999999997,0.055865,SLE,USA,0114
20730,197,231,659,2002.0,0.0,67970.0,-0.258579,-0.096214,SLV,USA,0114
20731,198,231,659,2002.0,0.0,11320.0,1.342892,0.48520100000000005,SMR,USA,0114
20732,200,231,659,2002.0,0.0,17128.0,-0.791918,-0.965751,SPM,USA,0114
20733,205,231,659,2002.0,0.0,4574793.0,-1.002898,-0.905595,SUR,USA,0114
20734,206,231,659,2002.0,0.0,6959.0,1.269549,1.184774,SVK,USA,0114
20735,208,231,659,2002.0,0.0,8352.0,2.134,0.769413,SWE,USA,0114
20736,213,231,659,2002.0,0.0,165250.0,0.849978,0.260833,TCA,USA,0114
20737,216,231,659,2002.0,0.0,237511.0,0.513887,1.545967,THA,USA,0114
20738,218,231,659,2002.0,0.0,137300.0,0.177449,0.196596,TKL,USA,0114
20739,219,231,659,2002.0,0.0,2018051.0,-0.9178629999999999,-1.202212,TKM,USA,0114
20740,221,231,659,2002.0,0.0,1500584.0,-0.772079,-1.0016479999999999,TON,USA,0114
20741,222,231,659,2002.0,0.0,988017.0,-0.056315,-0.803537,TTO,USA,0114
20742,223,231,659,2002.0,0.0,159253.0,0.059876,0.369032,TUN,USA,0114
20743,224,231,659,2002.0,0.0,16201676.0,0.12982,1.8032650000000001,TUR,USA,0114
20744,226,231,659,2002.0,0.0,16042.0,-1.234127,-0.421158,TZA,USA,0114
20745,228,231,659,2002.0,0.0,627703.0,0.575372,1.131722,UKR,USA,0114
20746,230,231,659,2002.0,0.0,31396.0,0.048498,0.118565,URY,USA,0114
20747,232,231,659,2002.0,0.0,1973523.0,-0.583861,-0.758266,UZB,USA,0114
20748,234,231,659,2002.0,0.0,1475829.0,-0.268813,-0.67072,VCT,USA,0114
20749,236,231,659,2002.0,0.0,19068.0,-0.008877,-0.753486,VEN,USA,0114
20750,237,231,659,2002.0,0.0,1002031.0,0.6891930000000001,-0.27620500000000003,VGB,USA,0114
20751,239,231,659,2002.0,2063.0,207530.0,-0.44170699999999996,0.544708,VNM,USA,0114
20752,242,231,659,2002.0,0.0,1616822.0,-0.09827000000000001,-0.540676,WSM,USA,0114
20753,243,231,659,2002.0,0.0,464728.0,-1.447637,-1.289748,YEM,USA,0114
20754,246,231,659,2002.0,0.0,2393853.0,0.32760500000000004,2.497746,ZAF,USA,0114
20755,249,231,659,2002.0,0.0,22349932.0,1.9084720000000002,1.253714,TWN,USA,0114
20756,42,236,659,2002.0,229682.0,0.0,-0.079201,-0.11449200000000001,CHL,VEN,0114
20757,43,236,659,2002.0,1659636.0,32100.0,0.6181220000000001,1.9636759999999998,CHN,VEN,0114
20758,77,236,659,2002.0,1735.0,0.0,1.648526,0.6870430000000001,FRA,VEN,0114
20759,97,236,659,2002.0,0.0,169520.0,0.704932,1.291658,HKG,VEN,0114
20760,231,236,659,2002.0,19068.0,0.0,1.853174,0.120986,USA,VEN,0114
20761,14,239,659,2002.0,52664.0,0.0,-0.052462,0.759617,AUS,VNM,0114
20762,32,239,659,2002.0,15737.0,0.0,0.631343,1.249344,BRA,VNM,0114
20763,43,239,659,2002.0,837543.0,2587188.0,0.6181220000000001,1.9636759999999998,CHN,VNM,0114
20764,61,239,659,2002.0,0.0,40251.0,2.367856,-2.195331,DEU,VNM,0114
20765,77,239,659,2002.0,19883.0,0.0,1.648526,0.6870430000000001,FRA,VNM,0114
20766,97,239,659,2002.0,3226612.0,4824.0,0.704932,1.291658,HKG,VNM,0114
20767,104,239,659,2002.0,0.0,22192.0,0.32974000000000003,2.376477,IND,VNM,0114
20768,106,239,659,2002.0,14929.0,0.0,1.7939310000000002,0.219254,IRL,VNM,0114
20769,107,239,659,2002.0,186364.0,0.0,-0.665259,-0.840274,IRN,VNM,0114
20770,114,239,659,2002.0,17735.0,957640.0,2.7747580000000003,0.43663199999999996,JPN,VNM,0114
20771,153,239,659,2002.0,11152.0,2172.0,0.9987159999999999,0.26558200000000004,MYS,VNM,0114
20772,192,239,659,2002.0,22524.0,0.0,1.7077209999999998,0.683549,SGP,VNM,0114
20773,216,239,659,2002.0,700713.0,24316.0,0.513887,1.545967,THA,VNM,0114
20774,231,239,659,2002.0,207530.0,2063.0,1.853174,0.120986,USA,VNM,0114
20775,2,246,659,2002.0,0.0,429761.0,-1.8043639999999999,-1.250642,AGO,ZAF,0114
20776,7,246,659,2002.0,0.0,787590.0,-0.288838,-0.640049,ARE,ZAF,0114
20777,8,246,659,2002.0,1824943.0,0.0,0.045376,0.71768,ARG,ZAF,0114
20778,14,246,659,2002.0,2410615.0,0.0,-0.052462,0.759617,AUS,ZAF,0114
20779,18,246,659,2002.0,28246.0,62440.0,1.424339,1.372755,BEL,ZAF,0114
20780,32,246,659,2002.0,16944028.0,0.0,0.631343,1.249344,BRA,ZAF,0114
20781,37,246,659,2002.0,0.0,801323.0,-0.164526,-1.04616,BWA,ZAF,0114
20782,39,246,659,2002.0,4570572.0,0.0,0.9672360000000001,1.389981,CAN,ZAF,0114
20783,42,246,659,2002.0,39224.0,0.0,-0.079201,-0.11449200000000001,CHL,ZAF,0114
20784,43,246,659,2002.0,1425106.0,0.0,0.6181220000000001,1.9636759999999998,CHN,ZAF,0114
20785,44,246,659,2002.0,0.0,29287.0,-0.803739,-0.752218,CIV,ZAF,0114
20786,45,246,659,2002.0,0.0,24844.0,-1.188713,-1.109944,CMR,ZAF,0114
20787,46,246,659,2002.0,0.0,143809.0,-1.218664,-1.1406120000000002,COD,ZAF,0114
20788,47,246,659,2002.0,0.0,9703.0,-1.468836,-1.250484,COG,ZAF,0114
20789,51,246,659,2002.0,0.0,15244.0,-0.315184,-0.660522,CPV,ZAF,0114
20790,63,246,659,2002.0,56111.0,0.0,0.212137,-0.112873,DMA,ZAF,0114
20791,64,246,659,2002.0,24816.0,0.0,1.344708,1.321135,DNK,ZAF,0114
20792,73,246,659,2002.0,0.0,6783.0,-1.289118,-1.0291540000000001,ETH,ZAF,0114
20793,77,246,659,2002.0,410719.0,156362.0,1.648526,0.6870430000000001,FRA,ZAF,0114
20794,81,246,659,2002.0,2906619.0,66813.0,2.067395,0.7934359999999999,GBR,ZAF,0114
20795,83,246,659,2002.0,0.0,128919.0,-1.258567,-1.048266,GHA,ZAF,0114
20796,106,246,659,2002.0,48614.0,0.0,1.7939310000000002,0.219254,IRL,ZAF,0114
20797,110,246,659,2002.0,569273.0,0.0,1.257709,0.8318989999999999,ISR,ZAF,0114
20798,116,246,659,2002.0,0.0,15731.0,-0.59055,0.000731,KEN,ZAF,0114
20799,122,246,659,2002.0,0.0,8642.0,-0.794007,-1.192659,KWT,ZAF,0114
20800,129,246,659,2002.0,2026.0,8772325.0,-1.313698,-1.153109,LSO,ZAF,0114
20801,141,246,659,2002.0,0.0,10536.0,-0.786698,-0.682438,MLI,ZAF,0114
20802,147,246,659,2002.0,0.0,7720548.0,-1.337891,-1.187073,MOZ,ZAF,0114
20803,151,246,659,2002.0,0.0,24776.0,-0.382062,-0.379224,MUS,ZAF,0114
20804,152,246,659,2002.0,0.0,424139.0,-1.431612,-1.234903,MWI,ZAF,0114
20805,153,246,659,2002.0,0.0,116895.0,0.9987159999999999,0.26558200000000004,MYS,ZAF,0114
20806,155,246,659,2002.0,0.0,8124040.0,-0.137725,-0.361452,NAM,ZAF,0114
20807,159,246,659,2002.0,0.0,138573.0,-1.705991,-1.292926,NGA,ZAF,0114
20808,162,246,659,2002.0,13617.0,51868.0,1.175777,1.667472,NLD,ZAF,0114
20809,192,246,659,2002.0,41475.0,0.0,1.7077209999999998,0.683549,SGP,ZAF,0114
20810,194,246,659,2002.0,0.0,42977.0,1.542309,-0.038145,SHN,ZAF,0114
20811,209,246,659,2002.0,0.0,811351.0,0.409355,-0.047221,SWZ,ZAF,0114
20812,211,246,659,2002.0,0.0,14806.0,-0.8837229999999999,-0.975607,SYC,ZAF,0114
20813,214,246,659,2002.0,0.0,11497.0,-0.092619,-0.776712,TCD,ZAF,0114
20814,215,246,659,2002.0,0.0,6081.0,-0.688284,-0.5292789999999999,TGO,ZAF,0114
20815,216,246,659,2002.0,1381986.0,6269.0,0.513887,1.545967,THA,ZAF,0114
20816,226,246,659,2002.0,0.0,210547.0,-1.234127,-0.421158,TZA,ZAF,0114
20817,227,246,659,2002.0,0.0,20341.0,-1.262952,-0.903123,UGA,ZAF,0114
20818,231,246,659,2002.0,2393853.0,0.0,1.853174,0.120986,USA,ZAF,0114
20819,237,246,659,2002.0,49778.0,0.0,0.6891930000000001,-0.27620500000000003,VGB,ZAF,0114
20820,247,246,659,2002.0,0.0,16228.0,-0.840258,-0.639474,ZMB,ZAF,0114
20821,248,246,659,2002.0,501866.0,188312.0,-0.36033000000000004,0.452182,ZWE,ZAF,0114
20822,14,249,659,2002.0,30328.0,0.0,-0.052462,0.759617,AUS,TWN,0114
20823,39,249,659,2002.0,1056858.0,0.0,0.9672360000000001,1.389981,CAN,TWN,0114
20824,43,249,659,2002.0,31676.0,320345.0,0.6181220000000001,1.9636759999999998,CHN,TWN,0114
20825,64,249,659,2002.0,17145.0,0.0,1.344708,1.321135,DNK,TWN,0114
20826,77,249,659,2002.0,84728.0,2115.0,1.648526,0.6870430000000001,FRA,TWN,0114
20827,81,249,659,2002.0,38214.0,0.0,2.067395,0.7934359999999999,GBR,TWN,0114
20828,97,249,659,2002.0,242664.0,173324.0,0.704932,1.291658,HKG,TWN,0114
20829,114,249,659,2002.0,0.0,12908282.0,2.7747580000000003,0.43663199999999996,JPN,TWN,0114
20830,121,249,659,2002.0,9857.0,0.0,1.4172719999999999,0.8763139999999999,KOR,TWN,0114
20831,159,249,659,2002.0,0.0,8120.0,-1.705991,-1.292926,NGA,TWN,0114
20832,174,249,659,2002.0,0.0,158626.0,0.29601,-0.232513,PHL,TWN,0114
20833,192,249,659,2002.0,52338.0,0.0,1.7077209999999998,0.683549,SGP,TWN,0114
20834,231,249,659,2002.0,22349932.0,0.0,1.853174,0.120986,USA,TWN,0114
20835,9,7,659,2002.0,0.0,141137.0,0.66447,-0.08317000000000001,ARM,ARE,0114
20836,16,7,659,2002.0,0.0,100187.0,-0.566735,-1.003158,AZE,ARE,0114
20837,18,7,659,2002.0,12254.0,0.0,1.424339,1.372755,BEL,ARE,0114
20838,24,7,659,2002.0,84973.0,38431.0,-0.31754099999999996,-1.099381,BHR,ARE,0114
20839,32,7,659,2002.0,56365724.0,0.0,0.631343,1.249344,BRA,ARE,0114
20840,39,7,659,2002.0,4527.0,0.0,0.9672360000000001,1.389981,CAN,ARE,0114
20841,43,7,659,2002.0,487180.0,0.0,0.6181220000000001,1.9636759999999998,CHN,ARE,0114
20842,61,7,659,2002.0,156994.0,0.0,2.367856,-2.195331,DEU,ARE,0114
20843,64,7,659,2002.0,16848876.0,0.0,1.344708,1.321135,DNK,ARE,0114
20844,68,7,659,2002.0,184172.0,0.0,-0.37218,0.634319,EGY,ARE,0114
20845,71,7,659,2002.0,26891.0,0.0,1.054108,1.9357349999999998,ESP,ARE,0114
20846,77,7,659,2002.0,13406027.0,0.0,1.648526,0.6870430000000001,FRA,ARE,0114
20847,81,7,659,2002.0,5476.0,0.0,2.067395,0.7934359999999999,GBR,ARE,0114
20848,82,7,659,2002.0,0.0,216023.0,0.23526999999999998,-0.156333,GEO,ARE,0114
20849,104,7,659,2002.0,35728.0,1844.0,0.32974000000000003,2.376477,IND,ARE,0114
20850,107,7,659,2002.0,0.0,544528.0,-0.665259,-0.840274,IRN,ARE,0114
20851,115,7,659,2002.0,0.0,8460.0,-0.100361,-0.502468,KAZ,ARE,0114
20852,122,7,659,2002.0,13211.0,63198.0,-0.794007,-1.192659,KWT,ARE,0114
20853,124,7,659,2002.0,15825.0,0.0,0.220906,1.470297,LBN,ARE,0114
20854,137,7,659,2002.0,0.0,223597.0,-1.0471700000000002,-0.976184,MDV,ARE,0114
20855,162,7,659,2002.0,275574.0,0.0,1.175777,1.667472,NLD,ARE,0114
20856,167,7,659,2002.0,1636119.0,4790844.0,-1.307058,-1.270916,OMN,ARE,0114
20857,183,7,659,2002.0,43235.0,243173.0,-0.002177,-1.042517,QAT,ARE,0114
20858,188,7,659,2002.0,6256007.0,26992.0,0.048764,-0.903125,SAU,ARE,0114
20859,190,7,659,2002.0,0.0,5176.0,-1.336665,-1.19919,SDN,ARE,0114
20860,196,7,659,2002.0,0.0,26605.0,0.29478899999999997,0.055865,SLE,ARE,0114
20861,211,7,659,2002.0,0.0,1378.0,-0.8837229999999999,-0.975607,SYC,ARE,0114
20862,215,7,659,2002.0,0.0,24572.0,-0.688284,-0.5292789999999999,TGO,ARE,0114
20863,216,7,659,2002.0,1710531.0,0.0,0.513887,1.545967,THA,ARE,0114
20864,224,7,659,2002.0,81041.0,0.0,0.12982,1.8032650000000001,TUR,ARE,0114
20865,226,7,659,2002.0,0.0,10972.0,-1.234127,-0.421158,TZA,ARE,0114
20866,231,7,659,2002.0,8783725.0,0.0,1.853174,0.120986,USA,ARE,0114
20867,246,7,659,2002.0,787590.0,0.0,0.32760500000000004,2.497746,ZAF,ARE,0114
20868,4,14,659,2002.0,0.0,2829.0,-0.05800399999999999,0.042254,ALB,AUS,0114
20869,15,14,659,2002.0,0.0,6713.0,1.866997,0.400527,AUT,AUS,0114
20870,16,14,659,2002.0,0.0,4356.0,-0.566735,-1.003158,AZE,AUS,0114
20871,19,14,659,2002.0,0.0,22583.0,-0.7683840000000001,-0.7984319999999999,BEN,AUS,0114
20872,24,14,659,2002.0,0.0,34965.0,-0.31754099999999996,-1.099381,BHR,AUS,0114
20873,40,14,659,2002.0,0.0,8300.0,0.8486940000000001,-0.49132200000000004,CCK,AUS,0114
20874,41,14,659,2002.0,0.0,24102.0,2.205507,0.831836,CHE,AUS,0114
20875,43,14,659,2002.0,243054.0,618265.0,0.6181220000000001,1.9636759999999998,CHN,AUS,0114
20876,45,14,659,2002.0,0.0,212176.0,-1.188713,-1.109944,CMR,AUS,0114
20877,48,14,659,2002.0,0.0,495821.0,0.595648,-0.301939,COK,AUS,0114
20878,56,14,659,2002.0,0.0,34311.0,0.731695,-0.674509,CXR,AUS,0114
20879,61,14,659,2002.0,0.0,18582.0,2.367856,-2.195331,DEU,AUS,0114
20880,64,14,659,2002.0,50322.0,0.0,1.344708,1.321135,DNK,AUS,0114
20881,75,14,659,2002.0,24543.0,12592.0,-0.788026,-0.432015,FJI,AUS,0114
20882,77,14,659,2002.0,59580.0,94819.0,1.648526,0.6870430000000001,FRA,AUS,0114
20883,79,14,659,2002.0,0.0,79336.0,-1.416799,-1.080317,FSM,AUS,0114
20884,81,14,659,2002.0,26178.0,0.0,2.067395,0.7934359999999999,GBR,AUS,0114
20885,83,14,659,2002.0,0.0,13388.0,-1.258567,-1.048266,GHA,AUS,0114
20886,97,14,659,2002.0,166253.0,2064477.0,0.704932,1.291658,HKG,AUS,0114
20887,102,14,659,2002.0,18451.0,0.0,1.232359,1.064425,HUN,AUS,0114
20888,103,14,659,2002.0,0.0,300470.0,0.098182,1.7305840000000001,IDN,AUS,0114
20889,104,14,659,2002.0,0.0,2999.0,0.32974000000000003,2.376477,IND,AUS,0114
20890,114,14,659,2002.0,0.0,119939.0,2.7747580000000003,0.43663199999999996,JPN,AUS,0114
20891,116,14,659,2002.0,0.0,2304.0,-0.59055,0.000731,KEN,AUS,0114
20892,119,14,659,2002.0,0.0,732916.0,0.347526,-0.822594,KIR,AUS,0114
20893,122,14,659,2002.0,0.0,1281.0,-0.794007,-1.192659,KWT,AUS,0114
20894,124,14,659,2002.0,0.0,2734.0,0.220906,1.470297,LBN,AUS,0114
20895,128,14,659,2002.0,0.0,477343.0,-0.461765,-0.057614,LKA,AUS,0114
20896,137,14,659,2002.0,0.0,374220.0,-1.0471700000000002,-0.976184,MDV,AUS,0114
20897,138,14,659,2002.0,14350.0,9425.0,1.2677129999999999,0.599314,MEX,AUS,0114
20898,139,14,659,2002.0,0.0,2703.0,0.769126,-0.845166,MHL,AUS,0114
20899,153,14,659,2002.0,0.0,34025.0,0.9987159999999999,0.26558200000000004,MYS,AUS,0114
20900,156,14,659,2002.0,0.0,28221.0,-0.7477739999999999,-1.006248,NCL,AUS,0114
20901,158,14,659,2002.0,0.0,156778.0,1.214393,-0.442896,NFK,AUS,0114
20902,165,14,659,2002.0,0.0,428182.0,0.9837370000000001,-0.34583400000000003,NRU,AUS,0114
20903,166,14,659,2002.0,1892.0,24417.0,0.370673,0.7853829999999999,NZL,AUS,0114
20904,167,14,659,2002.0,0.0,97137.0,-1.307058,-1.270916,OMN,AUS,0114
20905,174,14,659,2002.0,0.0,334948.0,0.29601,-0.232513,PHL,AUS,0114
20906,176,14,659,2002.0,0.0,24627.0,-1.430299,-1.172593,PNG,AUS,0114
20907,182,14,659,2002.0,0.0,7653.0,-0.363179,-0.8967450000000001,PYF,AUS,0114
20908,183,14,659,2002.0,0.0,21832.0,-0.002177,-1.042517,QAT,AUS,0114
20909,186,14,659,2002.0,0.0,72893.0,0.6051449999999999,0.272307,RUS,AUS,0114
20910,188,14,659,2002.0,0.0,20980.0,0.048764,-0.903125,SAU,AUS,0114
20911,192,14,659,2002.0,1979.0,265832.0,1.7077209999999998,0.683549,SGP,AUS,0114
20912,195,14,659,2002.0,0.0,279729.0,-0.890172,-0.948835,SLB,AUS,0114
20913,216,14,659,2002.0,0.0,15497.0,0.513887,1.545967,THA,AUS,0114
20914,220,14,659,2002.0,0.0,3396.0,0.5889810000000001,-0.43221400000000004,TLS,AUS,0114
20915,221,14,659,2002.0,0.0,430930.0,-0.772079,-1.0016479999999999,TON,AUS,0114
20916,225,14,659,2002.0,0.0,197387.0,0.01488,0.187673,TUV,AUS,0114
20917,231,14,659,2002.0,277361.0,52935.0,1.853174,0.120986,USA,AUS,0114
20918,239,14,659,2002.0,0.0,52664.0,-0.44170699999999996,0.544708,VNM,AUS,0114
20919,240,14,659,2002.0,0.0,753516.0,-1.110093,-1.015554,VUT,AUS,0114
20920,241,14,659,2002.0,0.0,275076.0,0.712441,-0.668211,WLF,AUS,0114
20921,242,14,659,2002.0,0.0,90740.0,-0.09827000000000001,-0.540676,WSM,AUS,0114
20922,246,14,659,2002.0,0.0,2410615.0,0.32760500000000004,2.497746,ZAF,AUS,0114
20923,249,14,659,2002.0,0.0,30328.0,1.9084720000000002,1.253714,TWN,AUS,0114
20924,7,16,659,2002.0,100187.0,0.0,-0.288838,-0.640049,ARE,AZE,0114
20925,14,16,659,2002.0,4356.0,0.0,-0.052462,0.759617,AUS,AZE,0114
20926,18,16,659,2002.0,117031.0,0.0,1.424339,1.372755,BEL,AZE,0114
20927,32,16,659,2002.0,496481.0,0.0,0.631343,1.249344,BRA,AZE,0114
20928,39,16,659,2002.0,29156.0,0.0,0.9672360000000001,1.389981,CAN,AZE,0114
20929,43,16,659,2002.0,208014.0,0.0,0.6181220000000001,1.9636759999999998,CHN,AZE,0114
20930,61,16,659,2002.0,115356.0,0.0,2.367856,-2.195331,DEU,AZE,0114
20931,64,16,659,2002.0,32059.0,0.0,1.344708,1.321135,DNK,AZE,0114
20932,71,16,659,2002.0,11470.0,0.0,1.054108,1.9357349999999998,ESP,AZE,0114
20933,77,16,659,2002.0,718199.0,0.0,1.648526,0.6870430000000001,FRA,AZE,0114
20934,82,16,659,2002.0,250567.0,0.0,0.23526999999999998,-0.156333,GEO,AZE,0114
20935,102,16,659,2002.0,205892.0,0.0,1.232359,1.064425,HUN,AZE,0114
20936,166,16,659,2002.0,3304.0,0.0,0.370673,0.7853829999999999,NZL,AZE,0114
20937,177,16,659,2002.0,150935.0,0.0,0.9449299999999999,1.655764,POL,AZE,0114
20938,186,16,659,2002.0,177206.0,0.0,0.6051449999999999,0.272307,RUS,AZE,0114
20939,224,16,659,2002.0,3336041.0,5641.0,0.12982,1.8032650000000001,TUR,AZE,0114
20940,231,16,659,2002.0,2411526.0,0.0,1.853174,0.120986,USA,AZE,0114
20941,14,19,659,2002.0,22583.0,0.0,-0.052462,0.759617,AUS,BEN,0114
20942,15,19,659,2002.0,27270.0,0.0,1.866997,0.400527,AUT,BEN,0114
20943,18,19,659,2002.0,2242148.0,87490.0,1.424339,1.372755,BEL,BEN,0114
20944,32,19,659,2002.0,518394.0,32093.0,0.631343,1.249344,BRA,BEN,0114
20945,39,19,659,2002.0,1885740.0,0.0,0.9672360000000001,1.389981,CAN,BEN,0114
20946,42,19,659,2002.0,381776.0,0.0,-0.079201,-0.11449200000000001,CHL,BEN,0114
20947,43,19,659,2002.0,35874.0,0.0,0.6181220000000001,1.9636759999999998,CHN,BEN,0114
20948,44,19,659,2002.0,9967.0,0.0,-0.803739,-0.752218,CIV,BEN,0114
20949,59,19,659,2002.0,14050.0,0.0,1.5835139999999999,0.9563010000000001,CZE,BEN,0114
20950,61,19,659,2002.0,2434725.0,34275.0,2.367856,-2.195331,DEU,BEN,0114
20951,64,19,659,2002.0,170864.0,0.0,1.344708,1.321135,DNK,BEN,0114
20952,71,19,659,2002.0,6480646.0,61264.0,1.054108,1.9357349999999998,ESP,BEN,0114
20953,74,19,659,2002.0,23380.0,0.0,1.9545119999999998,1.047515,FIN,BEN,0114
20954,77,19,659,2002.0,22297764.0,302117.0,1.648526,0.6870430000000001,FRA,BEN,0114
20955,81,19,659,2002.0,2579592.0,27009.0,2.067395,0.7934359999999999,GBR,BEN,0114
20956,83,19,659,2002.0,0.0,62622.0,-1.258567,-1.048266,GHA,BEN,0114
20957,90,19,659,2002.0,28710.0,0.0,0.20355399999999998,1.4130200000000002,GRC,BEN,0114
20958,102,19,659,2002.0,106540.0,0.0,1.232359,1.064425,HUN,BEN,0114
20959,106,19,659,2002.0,2695249.0,0.0,1.7939310000000002,0.219254,IRL,BEN,0114
20960,110,19,659,2002.0,44399.0,0.0,1.257709,0.8318989999999999,ISR,BEN,0114
20961,111,19,659,2002.0,7467177.0,0.0,1.3944219999999998,1.125362,ITA,BEN,0114
20962,159,19,659,2002.0,6381.0,1437519.0,-1.705991,-1.292926,NGA,BEN,0114
20963,162,19,659,2002.0,9483817.0,16186.0,1.175777,1.667472,NLD,BEN,0114
20964,177,19,659,2002.0,195318.0,0.0,0.9449299999999999,1.655764,POL,BEN,0114
20965,179,19,659,2002.0,57617.0,12017.0,0.584956,1.377068,PRT,BEN,0114
20966,191,19,659,2002.0,38524.0,0.0,-0.5424939999999999,-0.554531,SEN,BEN,0114
20967,215,19,659,2002.0,202401.0,1018.0,-0.688284,-0.5292789999999999,TGO,BEN,0114
20968,216,19,659,2002.0,24649.0,0.0,0.513887,1.545967,THA,BEN,0114
20969,223,19,659,2002.0,30009.0,0.0,0.059876,0.369032,TUN,BEN,0114
20970,224,19,659,2002.0,127695.0,0.0,0.12982,1.8032650000000001,TUR,BEN,0114
20971,231,19,659,2002.0,749122.0,9534.0,1.853174,0.120986,USA,BEN,0114
20972,32,22,659,2002.0,3678.0,0.0,0.631343,1.249344,BRA,BGD,0114
20973,41,22,659,2002.0,3319.0,0.0,2.205507,0.831836,CHE,BGD,0114
20974,77,22,659,2002.0,0.0,4182.0,1.648526,0.6870430000000001,FRA,BGD,0114
20975,153,22,659,2002.0,5435.0,0.0,0.9987159999999999,0.26558200000000004,MYS,BGD,0114
20976,231,22,659,2002.0,10060.0,0.0,1.853174,0.120986,USA,BGD,0114
20977,4,23,659,2002.0,0.0,14765.0,-0.05800399999999999,0.042254,ALB,BGR,0114
20978,13,23,659,2002.0,0.0,2879.0,0.23995500000000003,-0.754877,ATG,BGR,0114
20979,15,23,659,2002.0,0.0,440106.0,1.866997,0.400527,AUT,BGR,0114
20980,18,23,659,2002.0,2494096.0,680603.0,1.424339,1.372755,BEL,BGR,0114
20981,32,23,659,2002.0,2198842.0,0.0,0.631343,1.249344,BRA,BGR,0114
20982,39,23,659,2002.0,36300.0,0.0,0.9672360000000001,1.389981,CAN,BGR,0114
20983,43,23,659,2002.0,565546.0,0.0,0.6181220000000001,1.9636759999999998,CHN,BGR,0114
20984,44,23,659,2002.0,0.0,10984.0,-0.803739,-0.752218,CIV,BGR,0114
20985,58,23,659,2002.0,60141.0,4023.0,0.332088,0.50441,CYP,BGR,0114
20986,59,23,659,2002.0,7377.0,0.0,1.5835139999999999,0.9563010000000001,CZE,BGR,0114
20987,61,23,659,2002.0,84939.0,178009.0,2.367856,-2.195331,DEU,BGR,0114
20988,64,23,659,2002.0,8477.0,0.0,1.344708,1.321135,DNK,BGR,0114
20989,71,23,659,2002.0,558503.0,11435.0,1.054108,1.9357349999999998,ESP,BGR,0114
20990,77,23,659,2002.0,1589387.0,10390782.0,1.648526,0.6870430000000001,FRA,BGR,0114
20991,81,23,659,2002.0,873152.0,22167.0,2.067395,0.7934359999999999,GBR,BGR,0114
20992,82,23,659,2002.0,0.0,55771.0,0.23526999999999998,-0.156333,GEO,BGR,0114
20993,90,23,659,2002.0,546049.0,0.0,0.20355399999999998,1.4130200000000002,GRC,BGR,0114
20994,97,23,659,2002.0,0.0,8423.0,0.704932,1.291658,HKG,BGR,0114
20995,102,23,659,2002.0,747207.0,28628.0,1.232359,1.064425,HUN,BGR,0114
20996,106,23,659,2002.0,6740.0,0.0,1.7939310000000002,0.219254,IRL,BGR,0114
20997,111,23,659,2002.0,767127.0,0.0,1.3944219999999998,1.125362,ITA,BGR,0114
20998,118,23,659,2002.0,0.0,2085.0,-0.8577629999999999,-1.071536,KHM,BGR,0114
20999,125,23,659,2002.0,0.0,1715.0,-0.683036,-1.158808,LBR,BGR,0114
21000,140,23,659,2002.0,0.0,349775.0,-0.027727999999999996,0.41846400000000006,MKD,BGR,0114
21001,142,23,659,2002.0,0.0,16981.0,0.901235,-0.140261,MLT,BGR,0114
21002,162,23,659,2002.0,1939790.0,10478.0,1.175777,1.667472,NLD,BGR,0114
21003,169,23,659,2002.0,0.0,2519.0,0.085746,0.21839,PAN,BGR,0114
21004,174,23,659,2002.0,0.0,20310.0,0.29601,-0.232513,PHL,BGR,0114
21005,177,23,659,2002.0,68829.0,0.0,0.9449299999999999,1.655764,POL,BGR,0114
21006,179,23,659,2002.0,16765.0,0.0,0.584956,1.377068,PRT,BGR,0114
21007,186,23,659,2002.0,0.0,4600.0,0.6051449999999999,0.272307,RUS,BGR,0114
21008,189,23,659,2002.0,0.0,40317.0,0.523459,2.58657,SCG,BGR,0114
21009,217,23,659,2002.0,6331.0,0.0,-0.8483510000000001,-1.09992,TJK,BGR,0114
21010,224,23,659,2002.0,383253.0,0.0,0.12982,1.8032650000000001,TUR,BGR,0114
21011,228,23,659,2002.0,10469.0,13725.0,0.575372,1.131722,UKR,BGR,0114
21012,231,23,659,2002.0,1955050.0,2989.0,1.853174,0.120986,USA,BGR,0114
21013,234,23,659,2002.0,0.0,9864.0,-0.268813,-0.67072,VCT,BGR,0114
21014,250,23,659,2002.0,6965.0,88992.0,0.5979300000000001,-0.497816,ANS,BGR,0114
21015,15,28,659,2002.0,13734.0,0.0,1.866997,0.400527,AUT,BLR,0114
21016,18,28,659,2002.0,1149797.0,0.0,1.424339,1.372755,BEL,BLR,0114
21017,32,28,659,2002.0,22632.0,0.0,0.631343,1.249344,BRA,BLR,0114
21018,39,28,659,2002.0,10685.0,0.0,0.9672360000000001,1.389981,CAN,BLR,0114
21019,61,28,659,2002.0,539243.0,0.0,2.367856,-2.195331,DEU,BLR,0114
21020,64,28,659,2002.0,44521.0,0.0,1.344708,1.321135,DNK,BLR,0114
21021,77,28,659,2002.0,435414.0,9238.0,1.648526,0.6870430000000001,FRA,BLR,0114
21022,130,28,659,2002.0,152697.0,0.0,0.15796,0.855931,LTU,BLR,0114
21023,162,28,659,2002.0,847536.0,0.0,1.175777,1.667472,NLD,BLR,0114
21024,177,28,659,2002.0,1735081.0,0.0,0.9449299999999999,1.655764,POL,BLR,0114
21025,186,28,659,2002.0,217716.0,5510222.0,0.6051449999999999,0.272307,RUS,BLR,0114
21026,231,28,659,2002.0,363244.0,0.0,1.853174,0.120986,USA,BLR,0114
21027,250,28,659,2002.0,672618.0,0.0,0.5979300000000001,-0.497816,ANS,BLR,0114
21028,15,59,659,2002.0,10824.0,2755693.0,1.866997,0.400527,AUT,CZE,0114
21029,18,59,659,2002.0,390658.0,51045.0,1.424339,1.372755,BEL,CZE,0114
21030,19,59,659,2002.0,0.0,14050.0,-0.7683840000000001,-0.7984319999999999,BEN,CZE,0114
21031,23,59,659,2002.0,0.0,7377.0,0.468058,1.644037,BGR,CZE,0114
21032,26,59,659,2002.0,0.0,52684.0,0.223543,0.44595100000000004,BIH,CZE,0114
21033,32,59,659,2002.0,3772033.0,0.0,0.631343,1.249344,BRA,CZE,0114
21034,41,59,659,2002.0,105754.0,815590.0,2.205507,0.831836,CHE,CZE,0114
21035,54,59,659,2002.0,0.0,18968.0,-0.896759,-1.079825,CUB,CZE,0114
21036,61,59,659,2002.0,506788.0,6915320.0,2.367856,-2.195331,DEU,CZE,0114
21037,64,59,659,2002.0,694082.0,37253.0,1.344708,1.321135,DNK,CZE,0114
21038,71,59,659,2002.0,116809.0,0.0,1.054108,1.9357349999999998,ESP,CZE,0114
21039,72,59,659,2002.0,0.0,76848.0,0.576142,1.168563,EST,CZE,0114
21040,74,59,659,2002.0,8069.0,0.0,1.9545119999999998,1.047515,FIN,CZE,0114
21041,77,59,659,2002.0,4144958.0,0.0,1.648526,0.6870430000000001,FRA,CZE,0114
21042,81,59,659,2002.0,0.0,589723.0,2.067395,0.7934359999999999,GBR,CZE,0114
21043,102,59,659,2002.0,6809024.0,123409.0,1.232359,1.064425,HUN,CZE,0114
21044,106,59,659,2002.0,0.0,4158.0,1.7939310000000002,0.219254,IRL,CZE,0114
21045,111,59,659,2002.0,301096.0,37483.0,1.3944219999999998,1.125362,ITA,CZE,0114
21046,162,59,659,2002.0,165477.0,1173855.0,1.175777,1.667472,NLD,CZE,0114
21047,177,59,659,2002.0,351637.0,99506.0,0.9449299999999999,1.655764,POL,CZE,0114
21048,185,59,659,2002.0,0.0,40724.0,0.549227,1.071998,ROU,CZE,0114
21049,206,59,659,2002.0,4655414.0,7211014.0,1.269549,1.184774,SVK,CZE,0114
21050,208,59,659,2002.0,19720.0,21064.0,2.134,0.769413,SWE,CZE,0114
21051,250,59,659,2002.0,23976.0,0.0,0.5979300000000001,-0.497816,ANS,CZE,0114
21052,77,66,659,2002.0,9250.0,6798.0,1.648526,0.6870430000000001,FRA,DZA,0114
21053,7,68,659,2002.0,0.0,184172.0,-0.288838,-0.640049,ARE,EGY,0114
21054,24,68,659,2002.0,0.0,13286.0,-0.31754099999999996,-1.099381,BHR,EGY,0114
21055,32,68,659,2002.0,2096416.0,0.0,0.631343,1.249344,BRA,EGY,0114
21056,43,68,659,2002.0,383573.0,0.0,0.6181220000000001,1.9636759999999998,CHN,EGY,0114
21057,113,68,659,2002.0,0.0,31807.0,0.34023000000000003,0.264754,JOR,EGY,0114
21058,122,68,659,2002.0,0.0,285247.0,-0.794007,-1.192659,KWT,EGY,0114
21059,124,68,659,2002.0,0.0,2583.0,0.220906,1.470297,LBN,EGY,0114
21060,167,68,659,2002.0,0.0,146119.0,-1.307058,-1.270916,OMN,EGY,0114
21061,181,68,659,2002.0,0.0,172253.0,0.6237199999999999,-0.007998,PSE,EGY,0114
21062,183,68,659,2002.0,1721.0,74743.0,-0.002177,-1.042517,QAT,EGY,0114
21063,188,68,659,2002.0,0.0,231863.0,0.048764,-0.903125,SAU,EGY,0114
21064,190,68,659,2002.0,0.0,39696.0,-1.336665,-1.19919,SDN,EGY,0114
21065,231,68,659,2002.0,734784.0,0.0,1.853174,0.120986,USA,EGY,0114
21066,18,74,659,2002.0,396112.0,65536.0,1.424339,1.372755,BEL,FIN,0114
21067,19,74,659,2002.0,0.0,23380.0,-0.7683840000000001,-0.7984319999999999,BEN,FIN,0114
21068,32,74,659,2002.0,337654.0,0.0,0.631343,1.249344,BRA,FIN,0114
21069,59,74,659,2002.0,0.0,8069.0,1.5835139999999999,0.9563010000000001,CZE,FIN,0114
21070,61,74,659,2002.0,129592.0,60029.0,2.367856,-2.195331,DEU,FIN,0114
21071,64,74,659,2002.0,1462913.0,23846.0,1.344708,1.321135,DNK,FIN,0114
21072,71,74,659,2002.0,31906.0,0.0,1.054108,1.9357349999999998,ESP,FIN,0114
21073,72,74,659,2002.0,0.0,3190626.0,0.576142,1.168563,EST,FIN,0114
21074,77,74,659,2002.0,3239976.0,1628.0,1.648526,0.6870430000000001,FRA,FIN,0114
21075,81,74,659,2002.0,44108.0,5387.0,2.067395,0.7934359999999999,GBR,FIN,0114
21076,90,74,659,2002.0,0.0,53533.0,0.20355399999999998,1.4130200000000002,GRC,FIN,0114
21077,97,74,659,2002.0,0.0,17161.0,0.704932,1.291658,HKG,FIN,0114
21078,109,74,659,2002.0,7249.0,0.0,0.17011700000000002,-0.33925500000000003,ISL,FIN,0114
21079,110,74,659,2002.0,59934.0,0.0,1.257709,0.8318989999999999,ISR,FIN,0114
21080,111,74,659,2002.0,1103.0,0.0,1.3944219999999998,1.125362,ITA,FIN,0114
21081,115,74,659,2002.0,0.0,2345.0,-0.100361,-0.502468,KAZ,FIN,0114
21082,130,74,659,2002.0,0.0,1132402.0,0.15796,0.855931,LTU,FIN,0114
21083,132,74,659,2002.0,0.0,51853.0,0.41409799999999997,0.6281680000000001,LVA,FIN,0114
21084,162,74,659,2002.0,947043.0,1817.0,1.175777,1.667472,NLD,FIN,0114
21085,166,74,659,2002.0,2904.0,0.0,0.370673,0.7853829999999999,NZL,FIN,0114
21086,177,74,659,2002.0,0.0,150930.0,0.9449299999999999,1.655764,POL,FIN,0114
21087,179,74,659,2002.0,36709.0,0.0,0.584956,1.377068,PRT,FIN,0114
21088,185,74,659,2002.0,0.0,9821.0,0.549227,1.071998,ROU,FIN,0114
21089,186,74,659,2002.0,0.0,2681640.0,0.6051449999999999,0.272307,RUS,FIN,0114
21090,208,74,659,2002.0,515865.0,389788.0,2.134,0.769413,SWE,FIN,0114
21091,216,74,659,2002.0,1289290.0,0.0,0.513887,1.545967,THA,FIN,0114
21092,7,82,659,2002.0,216023.0,0.0,-0.288838,-0.640049,ARE,GEO,0114
21093,9,82,659,2002.0,0.0,674734.0,0.66447,-0.08317000000000001,ARM,GEO,0114
21094,16,82,659,2002.0,0.0,250567.0,-0.566735,-1.003158,AZE,GEO,0114
21095,18,82,659,2002.0,23370.0,0.0,1.424339,1.372755,BEL,GEO,0114
21096,23,82,659,2002.0,55771.0,0.0,0.468058,1.644037,BGR,GEO,0114
21097,32,82,659,2002.0,2230502.0,0.0,0.631343,1.249344,BRA,GEO,0114
21098,39,82,659,2002.0,5602.0,0.0,0.9672360000000001,1.389981,CAN,GEO,0114
21099,43,82,659,2002.0,73047.0,0.0,0.6181220000000001,1.9636759999999998,CHN,GEO,0114
21100,61,82,659,2002.0,18580.0,0.0,2.367856,-2.195331,DEU,GEO,0114
21101,71,82,659,2002.0,23910.0,0.0,1.054108,1.9357349999999998,ESP,GEO,0114
21102,77,82,659,2002.0,41194.0,235661.0,1.648526,0.6870430000000001,FRA,GEO,0114
21103,102,82,659,2002.0,48854.0,0.0,1.232359,1.064425,HUN,GEO,0114
21104,111,82,659,2002.0,12730.0,0.0,1.3944219999999998,1.125362,ITA,GEO,0114
21105,161,82,659,2002.0,30041.0,0.0,0.891747,-0.5216930000000001,NIU,GEO,0114
21106,162,82,659,2002.0,23706.0,0.0,1.175777,1.667472,NLD,GEO,0114
21107,185,82,659,2002.0,163185.0,0.0,0.549227,1.071998,ROU,GEO,0114
21108,186,82,659,2002.0,0.0,234970.0,0.6051449999999999,0.272307,RUS,GEO,0114
21109,216,82,659,2002.0,71249.0,0.0,0.513887,1.545967,THA,GEO,0114
21110,219,82,659,2002.0,0.0,196203.0,-0.9178629999999999,-1.202212,TKM,GEO,0114
21111,224,82,659,2002.0,219077.0,0.0,0.12982,1.8032650000000001,TUR,GEO,0114
21112,231,82,659,2002.0,15724328.0,104117.0,1.853174,0.120986,USA,GEO,0114
21113,232,82,659,2002.0,0.0,140114.0,-0.583861,-0.758266,UZB,GEO,0114
21114,4,102,659,2002.0,0.0,2251086.0,-0.05800399999999999,0.042254,ALB,HUN,0114
21115,14,102,659,2002.0,0.0,18451.0,-0.052462,0.759617,AUS,HUN,0114
21116,15,102,659,2002.0,457687.0,18579312.0,1.866997,0.400527,AUT,HUN,0114
21117,16,102,659,2002.0,0.0,205892.0,-0.566735,-1.003158,AZE,HUN,0114
21118,18,102,659,2002.0,859650.0,3582999.0,1.424339,1.372755,BEL,HUN,0114
21119,19,102,659,2002.0,0.0,106540.0,-0.7683840000000001,-0.7984319999999999,BEN,HUN,0114
21120,23,102,659,2002.0,28628.0,747207.0,0.468058,1.644037,BGR,HUN,0114
21121,26,102,659,2002.0,0.0,34000.0,0.223543,0.44595100000000004,BIH,HUN,0114
21122,41,102,659,2002.0,0.0,19791354.0,2.205507,0.831836,CHE,HUN,0114
21123,43,102,659,2002.0,52251.0,899189.0,0.6181220000000001,1.9636759999999998,CHN,HUN,0114
21124,52,102,659,2002.0,0.0,6067.0,0.083983,-0.096237,CRI,HUN,0114
21125,59,102,659,2002.0,123409.0,6809024.0,1.5835139999999999,0.9563010000000001,CZE,HUN,0114
21126,61,102,659,2002.0,1312562.0,113200496.0,2.367856,-2.195331,DEU,HUN,0114
21127,64,102,659,2002.0,805791.0,4523.0,1.344708,1.321135,DNK,HUN,0114
21128,71,102,659,2002.0,13705.0,144193.0,1.054108,1.9357349999999998,ESP,HUN,0114
21129,72,102,659,2002.0,23156.0,1070497.0,0.576142,1.168563,EST,HUN,0114
21130,77,102,659,2002.0,1579910.0,22594676.0,1.648526,0.6870430000000001,FRA,HUN,0114
21131,81,102,659,2002.0,904992.0,7095568.0,2.067395,0.7934359999999999,GBR,HUN,0114
21132,82,102,659,2002.0,0.0,48854.0,0.23526999999999998,-0.156333,GEO,HUN,0114
21133,83,102,659,2002.0,0.0,6483.0,-1.258567,-1.048266,GHA,HUN,0114
21134,90,102,659,2002.0,38755.0,0.0,0.20355399999999998,1.4130200000000002,GRC,HUN,0114
21135,97,102,659,2002.0,0.0,3859156.0,0.704932,1.291658,HKG,HUN,0114
21136,100,102,659,2002.0,2033.0,845264.0,0.603546,1.273001,HRV,HUN,0114
21137,106,102,659,2002.0,33791.0,229377.0,1.7939310000000002,0.219254,IRL,HUN,0114
21138,111,102,659,2002.0,595901.0,15550534.0,1.3944219999999998,1.125362,ITA,HUN,0114
21139,114,102,659,2002.0,0.0,1109220.0,2.7747580000000003,0.43663199999999996,JPN,HUN,0114
21140,115,102,659,2002.0,0.0,2149.0,-0.100361,-0.502468,KAZ,HUN,0114
21141,124,102,659,2002.0,0.0,42939.0,0.220906,1.470297,LBN,HUN,0114
21142,126,102,659,2002.0,0.0,235000.0,-0.692769,-1.188682,LBY,HUN,0114
21143,130,102,659,2002.0,0.0,17208.0,0.15796,0.855931,LTU,HUN,0114
21144,135,102,659,2002.0,0.0,992453.0,-0.017383000000000003,0.109124,MDA,HUN,0114
21145,140,102,659,2002.0,0.0,413566.0,-0.027727999999999996,0.41846400000000006,MKD,HUN,0114
21146,159,102,659,2002.0,0.0,34933.0,-1.705991,-1.292926,NGA,HUN,0114
21147,162,102,659,2002.0,3161730.0,3328086.0,1.175777,1.667472,NLD,HUN,0114
21148,163,102,659,2002.0,0.0,10286.0,0.689588,-0.007016,NOR,HUN,0114
21149,177,102,659,2002.0,0.0,145572.0,0.9449299999999999,1.655764,POL,HUN,0114
21150,185,102,659,2002.0,0.0,3617970.0,0.549227,1.071998,ROU,HUN,0114
21151,186,102,659,2002.0,0.0,2187571.0,0.6051449999999999,0.272307,RUS,HUN,0114
21152,189,102,659,2002.0,0.0,447357.0,0.523459,2.58657,SCG,HUN,0114
21153,206,102,659,2002.0,38959.0,3281809.0,1.269549,1.184774,SVK,HUN,0114
21154,207,102,659,2002.0,14460.0,3045014.0,1.469681,1.13303,SVN,HUN,0114
21155,212,102,659,2002.0,0.0,5677.0,-1.07007,-0.560769,SYR,HUN,0114
21156,228,102,659,2002.0,0.0,1898404.0,0.575372,1.131722,UKR,HUN,0114
21157,231,102,659,2002.0,84218.0,23044.0,1.853174,0.120986,USA,HUN,0114
21158,7,104,659,2002.0,1844.0,35728.0,-0.288838,-0.640049,ARE,IND,0114
21159,14,104,659,2002.0,2999.0,0.0,-0.052462,0.759617,AUS,IND,0114
21160,24,104,659,2002.0,0.0,62354.0,-0.31754099999999996,-1.099381,BHR,IND,0114
21161,61,104,659,2002.0,4944.0,0.0,2.367856,-2.195331,DEU,IND,0114
21162,77,104,659,2002.0,0.0,1405.0,1.648526,0.6870430000000001,FRA,IND,0114
21163,83,104,659,2002.0,0.0,17460.0,-1.258567,-1.048266,GHA,IND,0114
21164,137,104,659,2002.0,0.0,3714.0,-1.0471700000000002,-0.976184,MDV,IND,0114
21165,153,104,659,2002.0,0.0,107374.0,0.9987159999999999,0.26558200000000004,MYS,IND,0114
21166,162,104,659,2002.0,1016.0,0.0,1.175777,1.667472,NLD,IND,0114
21167,167,104,659,2002.0,55754.0,193928.0,-1.307058,-1.270916,OMN,IND,0114
21168,183,104,659,2002.0,0.0,2304.0,-0.002177,-1.042517,QAT,IND,0114
21169,188,104,659,2002.0,0.0,76834.0,0.048764,-0.903125,SAU,IND,0114
21170,192,104,659,2002.0,5323.0,0.0,1.7077209999999998,0.683549,SGP,IND,0114
21171,231,104,659,2002.0,475228.0,0.0,1.853174,0.120986,USA,IND,0114
21172,239,104,659,2002.0,22192.0,0.0,-0.44170699999999996,0.544708,VNM,IND,0114
21173,24,113,659,2002.0,0.0,43437.0,-0.31754099999999996,-1.099381,BHR,JOR,0114
21174,32,113,659,2002.0,471388.0,0.0,0.631343,1.249344,BRA,JOR,0114
21175,39,113,659,2002.0,3859.0,0.0,0.9672360000000001,1.389981,CAN,JOR,0114
21176,43,113,659,2002.0,218847.0,0.0,0.6181220000000001,1.9636759999999998,CHN,JOR,0114
21177,64,113,659,2002.0,2181.0,0.0,1.344708,1.321135,DNK,JOR,0114
21178,68,113,659,2002.0,31807.0,0.0,-0.37218,0.634319,EGY,JOR,0114
21179,77,113,659,2002.0,345845.0,0.0,1.648526,0.6870430000000001,FRA,JOR,0114
21180,81,113,659,2002.0,1400.0,0.0,2.067395,0.7934359999999999,GBR,JOR,0114
21181,122,113,659,2002.0,0.0,18508.0,-0.794007,-1.192659,KWT,JOR,0114
21182,124,113,659,2002.0,8675.0,15390.0,0.220906,1.470297,LBN,JOR,0114
21183,153,113,659,2002.0,8005.0,0.0,0.9987159999999999,0.26558200000000004,MYS,JOR,0114
21184,167,113,659,2002.0,0.0,3941.0,-1.307058,-1.270916,OMN,JOR,0114
21185,181,113,659,2002.0,3775.0,0.0,0.6237199999999999,-0.007998,PSE,JOR,0114
21186,183,113,659,2002.0,0.0,111466.0,-0.002177,-1.042517,QAT,JOR,0114
21187,216,113,659,2002.0,191163.0,0.0,0.513887,1.545967,THA,JOR,0114
21188,231,113,659,2002.0,229028.0,0.0,1.853174,0.120986,USA,JOR,0114
21189,7,115,659,2002.0,8460.0,0.0,-0.288838,-0.640049,ARE,KAZ,0114
21190,18,115,659,2002.0,92264.0,0.0,1.424339,1.372755,BEL,KAZ,0114
21191,32,115,659,2002.0,4924.0,0.0,0.631343,1.249344,BRA,KAZ,0114
21192,39,115,659,2002.0,143620.0,0.0,0.9672360000000001,1.389981,CAN,KAZ,0114
21193,43,115,659,2002.0,1084.0,0.0,0.6181220000000001,1.9636759999999998,CHN,KAZ,0114
21194,61,115,659,2002.0,21972.0,0.0,2.367856,-2.195331,DEU,KAZ,0114
21195,64,115,659,2002.0,3231.0,0.0,1.344708,1.321135,DNK,KAZ,0114
21196,74,115,659,2002.0,2345.0,0.0,1.9545119999999998,1.047515,FIN,KAZ,0114
21197,77,115,659,2002.0,45321.0,0.0,1.648526,0.6870430000000001,FRA,KAZ,0114
21198,81,115,659,2002.0,59770.0,0.0,2.067395,0.7934359999999999,GBR,KAZ,0114
21199,102,115,659,2002.0,2149.0,0.0,1.232359,1.064425,HUN,KAZ,0114
21200,111,115,659,2002.0,13385.0,0.0,1.3944219999999998,1.125362,ITA,KAZ,0114
21201,117,115,659,2002.0,0.0,19855.0,-0.094898,0.235639,KGZ,KAZ,0114
21202,130,115,659,2002.0,807327.0,0.0,0.15796,0.855931,LTU,KAZ,0114
21203,162,115,659,2002.0,74073.0,0.0,1.175777,1.667472,NLD,KAZ,0114
21204,186,115,659,2002.0,427744.0,0.0,0.6051449999999999,0.272307,RUS,KAZ,0114
21205,224,115,659,2002.0,47472.0,0.0,0.12982,1.8032650000000001,TUR,KAZ,0114
21206,231,115,659,2002.0,3314132.0,0.0,1.853174,0.120986,USA,KAZ,0114
21207,4,116,659,2002.0,0.0,32352.0,-0.05800399999999999,0.042254,ALB,KEN,0114
21208,14,116,659,2002.0,2304.0,0.0,-0.052462,0.759617,AUS,KEN,0114
21209,69,116,659,2002.0,0.0,1562.0,1.019399,0.23989899999999997,ERI,KEN,0114
21210,73,116,659,2002.0,0.0,2239.0,-1.289118,-1.0291540000000001,ETH,KEN,0114
21211,81,116,659,2002.0,13140.0,0.0,2.067395,0.7934359999999999,GBR,KEN,0114
21212,162,116,659,2002.0,6165.0,0.0,1.175777,1.667472,NLD,KEN,0114
21213,226,116,659,2002.0,0.0,3695.0,-1.234127,-0.421158,TZA,KEN,0114
21214,227,116,659,2002.0,0.0,2409.0,-1.262952,-0.903123,UGA,KEN,0114
21215,231,116,659,2002.0,80514.0,0.0,1.853174,0.120986,USA,KEN,0114
21216,246,116,659,2002.0,15731.0,0.0,0.32760500000000004,2.497746,ZAF,KEN,0114
21217,250,116,659,2002.0,0.0,29554.0,0.5979300000000001,-0.497816,ANS,KEN,0114
21218,39,117,659,2002.0,6365.0,0.0,0.9672360000000001,1.389981,CAN,KGZ,0114
21219,61,117,659,2002.0,71729.0,0.0,2.367856,-2.195331,DEU,KGZ,0114
21220,115,117,659,2002.0,19855.0,0.0,-0.100361,-0.502468,KAZ,KGZ,0114
21221,130,117,659,2002.0,28562.0,0.0,0.15796,0.855931,LTU,KGZ,0114
21222,186,117,659,2002.0,6919.0,0.0,0.6051449999999999,0.272307,RUS,KGZ,0114
21223,231,117,659,2002.0,459439.0,0.0,1.853174,0.120986,USA,KGZ,0114
21224,232,117,659,2002.0,5448.0,0.0,-0.583861,-0.758266,UZB,KGZ,0114
21225,7,122,659,2002.0,63198.0,13211.0,-0.288838,-0.640049,ARE,KWT,0114
21226,14,122,659,2002.0,1281.0,0.0,-0.052462,0.759617,AUS,KWT,0114
21227,18,122,659,2002.0,61178.0,0.0,1.424339,1.372755,BEL,KWT,0114
21228,24,122,659,2002.0,215242.0,7682.0,-0.31754099999999996,-1.099381,BHR,KWT,0114
21229,32,122,659,2002.0,31050338.0,0.0,0.631343,1.249344,BRA,KWT,0114
21230,39,122,659,2002.0,16669.0,0.0,0.9672360000000001,1.389981,CAN,KWT,0114
21231,43,122,659,2002.0,2146948.0,0.0,0.6181220000000001,1.9636759999999998,CHN,KWT,0114
21232,58,122,659,2002.0,13042.0,0.0,0.332088,0.50441,CYP,KWT,0114
21233,61,122,659,2002.0,525154.0,0.0,2.367856,-2.195331,DEU,KWT,0114
21234,64,122,659,2002.0,2866000.0,0.0,1.344708,1.321135,DNK,KWT,0114
21235,68,122,659,2002.0,285247.0,0.0,-0.37218,0.634319,EGY,KWT,0114
21236,71,122,659,2002.0,18729.0,0.0,1.054108,1.9357349999999998,ESP,KWT,0114
21237,77,122,659,2002.0,1923715.0,0.0,1.648526,0.6870430000000001,FRA,KWT,0114
21238,81,122,659,2002.0,23106.0,0.0,2.067395,0.7934359999999999,GBR,KWT,0114
21239,106,122,659,2002.0,24633.0,0.0,1.7939310000000002,0.219254,IRL,KWT,0114
21240,107,122,659,2002.0,21331.0,10432.0,-0.665259,-0.840274,IRN,KWT,0114
21241,113,122,659,2002.0,18508.0,0.0,0.34023000000000003,0.264754,JOR,KWT,0114
21242,124,122,659,2002.0,16723.0,0.0,0.220906,1.470297,LBN,KWT,0114
21243,138,122,659,2002.0,242386.0,0.0,1.2677129999999999,0.599314,MEX,KWT,0114
21244,153,122,659,2002.0,57014.0,0.0,0.9987159999999999,0.26558200000000004,MYS,KWT,0114
21245,162,122,659,2002.0,45905.0,0.0,1.175777,1.667472,NLD,KWT,0114
21246,163,122,659,2002.0,4238.0,0.0,0.689588,-0.007016,NOR,KWT,0114
21247,166,122,659,2002.0,9617.0,0.0,0.370673,0.7853829999999999,NZL,KWT,0114
21248,180,122,659,2002.0,55636.0,0.0,-0.733796,-0.9001530000000001,PRY,KWT,0114
21249,183,122,659,2002.0,0.0,29515.0,-0.002177,-1.042517,QAT,KWT,0114
21250,188,122,659,2002.0,2986973.0,0.0,0.048764,-0.903125,SAU,KWT,0114
21251,216,122,659,2002.0,355635.0,0.0,0.513887,1.545967,THA,KWT,0114
21252,224,122,659,2002.0,14978.0,0.0,0.12982,1.8032650000000001,TUR,KWT,0114
21253,231,122,659,2002.0,1099873.0,0.0,1.853174,0.120986,USA,KWT,0114
21254,246,122,659,2002.0,8642.0,0.0,0.32760500000000004,2.497746,ZAF,KWT,0114
21255,7,124,659,2002.0,0.0,15825.0,-0.288838,-0.640049,ARE,LBN,0114
21256,14,124,659,2002.0,2734.0,0.0,-0.052462,0.759617,AUS,LBN,0114
21257,24,124,659,2002.0,0.0,5827.0,-0.31754099999999996,-1.099381,BHR,LBN,0114
21258,32,124,659,2002.0,52679.0,0.0,0.631343,1.249344,BRA,LBN,0114
21259,43,124,659,2002.0,3117.0,0.0,0.6181220000000001,1.9636759999999998,CHN,LBN,0114
21260,58,124,659,2002.0,12079.0,0.0,0.332088,0.50441,CYP,LBN,0114
21261,68,124,659,2002.0,2583.0,0.0,-0.37218,0.634319,EGY,LBN,0114
21262,77,124,659,2002.0,237350.0,0.0,1.648526,0.6870430000000001,FRA,LBN,0114
21263,102,124,659,2002.0,42939.0,0.0,1.232359,1.064425,HUN,LBN,0114
21264,111,124,659,2002.0,3992.0,13172.0,1.3944219999999998,1.125362,ITA,LBN,0114
21265,113,124,659,2002.0,15390.0,8675.0,0.34023000000000003,0.264754,JOR,LBN,0114
21266,122,124,659,2002.0,0.0,16723.0,-0.794007,-1.192659,KWT,LBN,0114
21267,125,124,659,2002.0,0.0,14200.0,-0.683036,-1.158808,LBR,LBN,0114
21268,185,124,659,2002.0,0.0,4773.0,0.549227,1.071998,ROU,LBN,0114
21269,188,124,659,2002.0,59241.0,0.0,0.048764,-0.903125,SAU,LBN,0114
21270,231,124,659,2002.0,361643.0,0.0,1.853174,0.120986,USA,LBN,0114
21271,250,124,659,2002.0,0.0,32418.0,0.5979300000000001,-0.497816,ANS,LBN,0114
21272,15,130,659,2002.0,0.0,3579.0,1.866997,0.400527,AUT,LTU,0114
21273,18,130,659,2002.0,940331.0,0.0,1.424339,1.372755,BEL,LTU,0114
21274,28,130,659,2002.0,0.0,152697.0,0.865742,1.1823860000000002,BLR,LTU,0114
21275,32,130,659,2002.0,95371.0,0.0,0.631343,1.249344,BRA,LTU,0114
21276,43,130,659,2002.0,67298.0,0.0,0.6181220000000001,1.9636759999999998,CHN,LTU,0114
21277,61,130,659,2002.0,1055150.0,0.0,2.367856,-2.195331,DEU,LTU,0114
21278,64,130,659,2002.0,3371025.0,0.0,1.344708,1.321135,DNK,LTU,0114
21279,72,130,659,2002.0,1861312.0,124405.0,0.576142,1.168563,EST,LTU,0114
21280,74,130,659,2002.0,1132402.0,0.0,1.9545119999999998,1.047515,FIN,LTU,0114
21281,77,130,659,2002.0,81315.0,0.0,1.648526,0.6870430000000001,FRA,LTU,0114
21282,81,130,659,2002.0,274218.0,0.0,2.067395,0.7934359999999999,GBR,LTU,0114
21283,102,130,659,2002.0,17208.0,0.0,1.232359,1.064425,HUN,LTU,0114
21284,115,130,659,2002.0,0.0,807327.0,-0.100361,-0.502468,KAZ,LTU,0114
21285,117,130,659,2002.0,0.0,28562.0,-0.094898,0.235639,KGZ,LTU,0114
21286,131,130,659,2002.0,15302.0,0.0,1.396249,1.153017,LUX,LTU,0114
21287,132,130,659,2002.0,152189.0,2783894.0,0.41409799999999997,0.6281680000000001,LVA,LTU,0114
21288,135,130,659,2002.0,0.0,80845.0,-0.017383000000000003,0.109124,MDA,LTU,0114
21289,162,130,659,2002.0,1021401.0,0.0,1.175777,1.667472,NLD,LTU,0114
21290,177,130,659,2002.0,0.0,369646.0,0.9449299999999999,1.655764,POL,LTU,0114
21291,186,130,659,2002.0,2048.0,133147.0,0.6051449999999999,0.272307,RUS,LTU,0114
21292,208,130,659,2002.0,261345.0,0.0,2.134,0.769413,SWE,LTU,0114
21293,217,130,659,2002.0,0.0,21442.0,-0.8483510000000001,-1.09992,TJK,LTU,0114
21294,231,130,659,2002.0,93306.0,30481.0,1.853174,0.120986,USA,LTU,0114
21295,232,130,659,2002.0,0.0,1275091.0,-0.583861,-0.758266,UZB,LTU,0114
21296,18,131,659,2002.0,4321896.0,585851.0,1.424339,1.372755,BEL,LUX,0114
21297,58,131,659,2002.0,0.0,17173.0,0.332088,0.50441,CYP,LUX,0114
21298,61,131,659,2002.0,618151.0,138266.0,2.367856,-2.195331,DEU,LUX,0114
21299,77,131,659,2002.0,7839644.0,113903.0,1.648526,0.6870430000000001,FRA,LUX,0114
21300,81,131,659,2002.0,49637.0,0.0,2.067395,0.7934359999999999,GBR,LUX,0114
21301,109,131,659,2002.0,0.0,4519.0,0.17011700000000002,-0.33925500000000003,ISL,LUX,0114
21302,130,131,659,2002.0,0.0,15302.0,0.15796,0.855931,LTU,LUX,0114
21303,132,131,659,2002.0,0.0,16362.0,0.41409799999999997,0.6281680000000001,LVA,LUX,0114
21304,162,131,659,2002.0,2173695.0,3906.0,1.175777,1.667472,NLD,LUX,0114
21305,177,131,659,2002.0,0.0,100208.0,0.9449299999999999,1.655764,POL,LUX,0114
21306,179,131,659,2002.0,10794.0,0.0,0.584956,1.377068,PRT,LUX,0114
21307,228,131,659,2002.0,0.0,67800.0,0.575372,1.131722,UKR,LUX,0114
21308,15,132,659,2002.0,17081.0,0.0,1.866997,0.400527,AUT,LVA,0114
21309,18,132,659,2002.0,3841539.0,7999.0,1.424339,1.372755,BEL,LVA,0114
21310,43,132,659,2002.0,654828.0,0.0,0.6181220000000001,1.9636759999999998,CHN,LVA,0114
21311,61,132,659,2002.0,558311.0,0.0,2.367856,-2.195331,DEU,LVA,0114
21312,64,132,659,2002.0,64523.0,0.0,1.344708,1.321135,DNK,LVA,0114
21313,71,132,659,2002.0,48504.0,0.0,1.054108,1.9357349999999998,ESP,LVA,0114
21314,72,132,659,2002.0,2431993.0,23542.0,0.576142,1.168563,EST,LVA,0114
21315,74,132,659,2002.0,51853.0,0.0,1.9545119999999998,1.047515,FIN,LVA,0114
21316,77,132,659,2002.0,45363.0,0.0,1.648526,0.6870430000000001,FRA,LVA,0114
21317,81,132,659,2002.0,248288.0,0.0,2.067395,0.7934359999999999,GBR,LVA,0114
21318,106,132,659,2002.0,150089.0,0.0,1.7939310000000002,0.219254,IRL,LVA,0114
21319,130,132,659,2002.0,2783894.0,152189.0,0.15796,0.855931,LTU,LVA,0114
21320,131,132,659,2002.0,16362.0,0.0,1.396249,1.153017,LUX,LVA,0114
21321,142,132,659,2002.0,0.0,3868.0,0.901235,-0.140261,MLT,LVA,0114
21322,162,132,659,2002.0,1010630.0,11855.0,1.175777,1.667472,NLD,LVA,0114
21323,177,132,659,2002.0,48312.0,0.0,0.9449299999999999,1.655764,POL,LVA,0114
21324,231,132,659,2002.0,14667556.0,0.0,1.853174,0.120986,USA,LVA,0114
21325,250,132,659,2002.0,0.0,29571.0,0.5979300000000001,-0.497816,ANS,LVA,0114
21326,7,167,659,2002.0,4790844.0,1636119.0,-0.288838,-0.640049,ARE,OMN,0114
21327,14,167,659,2002.0,97137.0,0.0,-0.052462,0.759617,AUS,OMN,0114
21328,32,167,659,2002.0,16816658.0,0.0,0.631343,1.249344,BRA,OMN,0114
21329,43,167,659,2002.0,4207091.0,0.0,0.6181220000000001,1.9636759999999998,CHN,OMN,0114
21330,61,167,659,2002.0,657761.0,0.0,2.367856,-2.195331,DEU,OMN,0114
21331,62,167,659,2002.0,0.0,101821.0,-0.03383,-0.014618,DJI,OMN,0114
21332,64,167,659,2002.0,697513.0,0.0,1.344708,1.321135,DNK,OMN,0114
21333,68,167,659,2002.0,146119.0,0.0,-0.37218,0.634319,EGY,OMN,0114
21334,77,167,659,2002.0,7347516.0,0.0,1.648526,0.6870430000000001,FRA,OMN,0114
21335,81,167,659,2002.0,2577.0,0.0,2.067395,0.7934359999999999,GBR,OMN,0114
21336,104,167,659,2002.0,193928.0,55754.0,0.32974000000000003,2.376477,IND,OMN,0114
21337,107,167,659,2002.0,0.0,280456.0,-0.665259,-0.840274,IRN,OMN,0114
21338,113,167,659,2002.0,3941.0,0.0,0.34023000000000003,0.264754,JOR,OMN,0114
21339,137,167,659,2002.0,0.0,69894.0,-1.0471700000000002,-0.976184,MDV,OMN,0114
21340,153,167,659,2002.0,0.0,35843.0,0.9987159999999999,0.26558200000000004,MYS,OMN,0114
21341,162,167,659,2002.0,11427.0,0.0,1.175777,1.667472,NLD,OMN,0114
21342,166,167,659,2002.0,108337.0,0.0,0.370673,0.7853829999999999,NZL,OMN,0114
21343,188,167,659,2002.0,2108752.0,0.0,0.048764,-0.903125,SAU,OMN,0114
21344,199,167,659,2002.0,18691.0,0.0,-0.145777,-0.512123,SOM,OMN,0114
21345,216,167,659,2002.0,102165.0,0.0,0.513887,1.545967,THA,OMN,0114
21346,226,167,659,2002.0,0.0,8743.0,-1.234127,-0.421158,TZA,OMN,0114
21347,231,167,659,2002.0,689277.0,10781.0,1.853174,0.120986,USA,OMN,0114
21348,243,167,659,2002.0,2994.0,78158.0,-1.447637,-1.289748,YEM,OMN,0114
21349,250,167,659,2002.0,0.0,208130.0,0.5979300000000001,-0.497816,ANS,OMN,0114
21350,15,177,659,2002.0,43993.0,538546.0,1.866997,0.400527,AUT,POL,0114
21351,16,177,659,2002.0,0.0,150935.0,-0.566735,-1.003158,AZE,POL,0114
21352,18,177,659,2002.0,359496.0,188311.0,1.424339,1.372755,BEL,POL,0114
21353,19,177,659,2002.0,0.0,195318.0,-0.7683840000000001,-0.7984319999999999,BEN,POL,0114
21354,23,177,659,2002.0,0.0,68829.0,0.468058,1.644037,BGR,POL,0114
21355,28,177,659,2002.0,0.0,1735081.0,0.865742,1.1823860000000002,BLR,POL,0114
21356,32,177,659,2002.0,82334.0,0.0,0.631343,1.249344,BRA,POL,0114
21357,39,177,659,2002.0,109597.0,0.0,0.9672360000000001,1.389981,CAN,POL,0114
21358,41,177,659,2002.0,0.0,1148605.0,2.205507,0.831836,CHE,POL,0114
21359,43,177,659,2002.0,124999.0,1288911.0,0.6181220000000001,1.9636759999999998,CHN,POL,0114
21360,44,177,659,2002.0,0.0,1015.0,-0.803739,-0.752218,CIV,POL,0114
21361,45,177,659,2002.0,0.0,21213.0,-1.188713,-1.109944,CMR,POL,0114
21362,59,177,659,2002.0,99506.0,351637.0,1.5835139999999999,0.9563010000000001,CZE,POL,0114
21363,61,177,659,2002.0,1147921.0,99558984.0,2.367856,-2.195331,DEU,POL,0114
21364,64,177,659,2002.0,213228.0,309205.0,1.344708,1.321135,DNK,POL,0114
21365,71,177,659,2002.0,174546.0,63968.0,1.054108,1.9357349999999998,ESP,POL,0114
21366,72,177,659,2002.0,0.0,25168.0,0.576142,1.168563,EST,POL,0114
21367,74,177,659,2002.0,150930.0,0.0,1.9545119999999998,1.047515,FIN,POL,0114
21368,77,177,659,2002.0,2144592.0,2704225.0,1.648526,0.6870430000000001,FRA,POL,0114
21369,80,177,659,2002.0,0.0,167000.0,-1.34341,-1.238593,GAB,POL,0114
21370,81,177,659,2002.0,4635570.0,2968564.0,2.067395,0.7934359999999999,GBR,POL,0114
21371,83,177,659,2002.0,0.0,34732.0,-1.258567,-1.048266,GHA,POL,0114
21372,97,177,659,2002.0,0.0,2082308.0,0.704932,1.291658,HKG,POL,0114
21373,102,177,659,2002.0,145572.0,0.0,1.232359,1.064425,HUN,POL,0114
21374,106,177,659,2002.0,100050.0,121212.0,1.7939310000000002,0.219254,IRL,POL,0114
21375,111,177,659,2002.0,1824119.0,807197.0,1.3944219999999998,1.125362,ITA,POL,0114
21376,114,177,659,2002.0,0.0,10047.0,2.7747580000000003,0.43663199999999996,JPN,POL,0114
21377,130,177,659,2002.0,369646.0,0.0,0.15796,0.855931,LTU,POL,0114
21378,131,177,659,2002.0,100208.0,0.0,1.396249,1.153017,LUX,POL,0114
21379,132,177,659,2002.0,0.0,48312.0,0.41409799999999997,0.6281680000000001,LVA,POL,0114
21380,133,177,659,2002.0,0.0,1557.0,0.005082,-0.328658,MAC,POL,0114
21381,135,177,659,2002.0,0.0,391523.0,-0.017383000000000003,0.109124,MDA,POL,0114
21382,142,177,659,2002.0,0.0,1600.0,0.901235,-0.140261,MLT,POL,0114
21383,159,177,659,2002.0,0.0,25845.0,-1.705991,-1.292926,NGA,POL,0114
21384,162,177,659,2002.0,9406797.0,2350085.0,1.175777,1.667472,NLD,POL,0114
21385,185,177,659,2002.0,0.0,318934.0,0.549227,1.071998,ROU,POL,0114
21386,186,177,659,2002.0,0.0,2354184.0,0.6051449999999999,0.272307,RUS,POL,0114
21387,208,177,659,2002.0,85678.0,365923.0,2.134,0.769413,SWE,POL,0114
21388,216,177,659,2002.0,0.0,127330.0,0.513887,1.545967,THA,POL,0114
21389,228,177,659,2002.0,0.0,1425706.0,0.575372,1.131722,UKR,POL,0114
21390,231,177,659,2002.0,21326308.0,0.0,1.853174,0.120986,USA,POL,0114
21391,250,177,659,2002.0,0.0,55000.0,0.5979300000000001,-0.497816,ANS,POL,0114
21392,7,183,659,2002.0,243173.0,43235.0,-0.288838,-0.640049,ARE,QAT,0114
21393,8,183,659,2002.0,94474.0,0.0,0.045376,0.71768,ARG,QAT,0114
21394,14,183,659,2002.0,21832.0,0.0,-0.052462,0.759617,AUS,QAT,0114
21395,24,183,659,2002.0,0.0,15025.0,-0.31754099999999996,-1.099381,BHR,QAT,0114
21396,32,183,659,2002.0,13778329.0,0.0,0.631343,1.249344,BRA,QAT,0114
21397,43,183,659,2002.0,676658.0,0.0,0.6181220000000001,1.9636759999999998,CHN,QAT,0114
21398,64,183,659,2002.0,712836.0,0.0,1.344708,1.321135,DNK,QAT,0114
21399,68,183,659,2002.0,74743.0,1721.0,-0.37218,0.634319,EGY,QAT,0114
21400,77,183,659,2002.0,739311.0,0.0,1.648526,0.6870430000000001,FRA,QAT,0114
21401,81,183,659,2002.0,6019.0,0.0,2.067395,0.7934359999999999,GBR,QAT,0114
21402,104,183,659,2002.0,2304.0,0.0,0.32974000000000003,2.376477,IND,QAT,0114
21403,113,183,659,2002.0,111466.0,0.0,0.34023000000000003,0.264754,JOR,QAT,0114
21404,122,183,659,2002.0,29515.0,0.0,-0.794007,-1.192659,KWT,QAT,0114
21405,153,183,659,2002.0,66589.0,0.0,0.9987159999999999,0.26558200000000004,MYS,QAT,0114
21406,166,183,659,2002.0,83255.0,0.0,0.370673,0.7853829999999999,NZL,QAT,0114
21407,188,183,659,2002.0,2966414.0,16418.0,0.048764,-0.903125,SAU,QAT,0114
21408,216,183,659,2002.0,4071.0,0.0,0.513887,1.545967,THA,QAT,0114
21409,224,183,659,2002.0,10631.0,0.0,0.12982,1.8032650000000001,TUR,QAT,0114
21410,230,183,659,2002.0,43466.0,0.0,0.048498,0.118565,URY,QAT,0114
21411,231,183,659,2002.0,1116962.0,0.0,1.853174,0.120986,USA,QAT,0114
21412,13,185,659,2002.0,0.0,2008.0,0.23995500000000003,-0.754877,ATG,ROU,0114
21413,15,185,659,2002.0,172559.0,0.0,1.866997,0.400527,AUT,ROU,0114
21414,18,185,659,2002.0,5333430.0,6878.0,1.424339,1.372755,BEL,ROU,0114
21415,25,185,659,2002.0,0.0,1000.0,0.035127,-0.536416,BHS,ROU,0114
21416,32,185,659,2002.0,5174922.0,0.0,0.631343,1.249344,BRA,ROU,0114
21417,39,185,659,2002.0,78765.0,0.0,0.9672360000000001,1.389981,CAN,ROU,0114
21418,41,185,659,2002.0,0.0,416843.0,2.205507,0.831836,CHE,ROU,0114
21419,43,185,659,2002.0,183246.0,0.0,0.6181220000000001,1.9636759999999998,CHN,ROU,0114
21420,58,185,659,2002.0,18316.0,3662.0,0.332088,0.50441,CYP,ROU,0114
21421,59,185,659,2002.0,40724.0,0.0,1.5835139999999999,0.9563010000000001,CZE,ROU,0114
21422,61,185,659,2002.0,2976530.0,1500194.0,2.367856,-2.195331,DEU,ROU,0114
21423,64,185,659,2002.0,31535.0,0.0,1.344708,1.321135,DNK,ROU,0114
21424,71,185,659,2002.0,149605.0,0.0,1.054108,1.9357349999999998,ESP,ROU,0114
21425,74,185,659,2002.0,9821.0,0.0,1.9545119999999998,1.047515,FIN,ROU,0114
21426,77,185,659,2002.0,1650345.0,1024517.0,1.648526,0.6870430000000001,FRA,ROU,0114
21427,81,185,659,2002.0,1413163.0,0.0,2.067395,0.7934359999999999,GBR,ROU,0114
21428,82,185,659,2002.0,0.0,163185.0,0.23526999999999998,-0.156333,GEO,ROU,0114
21429,90,185,659,2002.0,69737.0,0.0,0.20355399999999998,1.4130200000000002,GRC,ROU,0114
21430,97,185,659,2002.0,0.0,11014.0,0.704932,1.291658,HKG,ROU,0114
21431,102,185,659,2002.0,3617970.0,0.0,1.232359,1.064425,HUN,ROU,0114
21432,106,185,659,2002.0,560122.0,0.0,1.7939310000000002,0.219254,IRL,ROU,0114
21433,110,185,659,2002.0,6337.0,0.0,1.257709,0.8318989999999999,ISR,ROU,0114
21434,111,185,659,2002.0,3378147.0,0.0,1.3944219999999998,1.125362,ITA,ROU,0114
21435,118,185,659,2002.0,0.0,1746.0,-0.8577629999999999,-1.071536,KHM,ROU,0114
21436,124,185,659,2002.0,4773.0,0.0,0.220906,1.470297,LBN,ROU,0114
21437,125,185,659,2002.0,0.0,30000.0,-0.683036,-1.158808,LBR,ROU,0114
21438,135,185,659,2002.0,0.0,26895.0,-0.017383000000000003,0.109124,MDA,ROU,0114
21439,142,185,659,2002.0,0.0,12133.0,0.901235,-0.140261,MLT,ROU,0114
21440,162,185,659,2002.0,12732745.0,49541.0,1.175777,1.667472,NLD,ROU,0114
21441,169,185,659,2002.0,0.0,13790.0,0.085746,0.21839,PAN,ROU,0114
21442,177,185,659,2002.0,318934.0,0.0,0.9449299999999999,1.655764,POL,ROU,0114
21443,179,185,659,2002.0,12745.0,0.0,0.584956,1.377068,PRT,ROU,0114
21444,192,185,659,2002.0,0.0,2405.0,1.7077209999999998,0.683549,SGP,ROU,0114
21445,207,185,659,2002.0,409018.0,0.0,1.469681,1.13303,SVN,ROU,0114
21446,216,185,659,2002.0,169288.0,0.0,0.513887,1.545967,THA,ROU,0114
21447,231,185,659,2002.0,13496067.0,0.0,1.853174,0.120986,USA,ROU,0114
21448,250,185,659,2002.0,44808.0,0.0,0.5979300000000001,-0.497816,ANS,ROU,0114
21449,8,186,659,2002.0,623045.0,0.0,0.045376,0.71768,ARG,RUS,0114
21450,14,186,659,2002.0,72893.0,0.0,-0.052462,0.759617,AUS,RUS,0114
21451,15,186,659,2002.0,75232.0,0.0,1.866997,0.400527,AUT,RUS,0114
21452,16,186,659,2002.0,0.0,177206.0,-0.566735,-1.003158,AZE,RUS,0114
21453,18,186,659,2002.0,7685698.0,0.0,1.424339,1.372755,BEL,RUS,0114
21454,23,186,659,2002.0,4600.0,0.0,0.468058,1.644037,BGR,RUS,0114
21455,28,186,659,2002.0,5510222.0,217716.0,0.865742,1.1823860000000002,BLR,RUS,0114
21456,32,186,659,2002.0,175198384.0,0.0,0.631343,1.249344,BRA,RUS,0114
21457,39,186,659,2002.0,7600035.0,0.0,0.9672360000000001,1.389981,CAN,RUS,0114
21458,43,186,659,2002.0,30839364.0,0.0,0.6181220000000001,1.9636759999999998,CHN,RUS,0114
21459,61,186,659,2002.0,26293346.0,39238.0,2.367856,-2.195331,DEU,RUS,0114
21460,64,186,659,2002.0,2197992.0,0.0,1.344708,1.321135,DNK,RUS,0114
21461,71,186,659,2002.0,1363531.0,0.0,1.054108,1.9357349999999998,ESP,RUS,0114
21462,72,186,659,2002.0,15134.0,0.0,0.576142,1.168563,EST,RUS,0114
21463,74,186,659,2002.0,2681640.0,0.0,1.9545119999999998,1.047515,FIN,RUS,0114
21464,77,186,659,2002.0,43383484.0,0.0,1.648526,0.6870430000000001,FRA,RUS,0114
21465,81,186,659,2002.0,7785672.0,0.0,2.067395,0.7934359999999999,GBR,RUS,0114
21466,82,186,659,2002.0,234970.0,0.0,0.23526999999999998,-0.156333,GEO,RUS,0114
21467,102,186,659,2002.0,2187571.0,0.0,1.232359,1.064425,HUN,RUS,0114
21468,106,186,659,2002.0,20296.0,0.0,1.7939310000000002,0.219254,IRL,RUS,0114
21469,111,186,659,2002.0,6248.0,0.0,1.3944219999999998,1.125362,ITA,RUS,0114
21470,115,186,659,2002.0,0.0,427744.0,-0.100361,-0.502468,KAZ,RUS,0114
21471,117,186,659,2002.0,0.0,6919.0,-0.094898,0.235639,KGZ,RUS,0114
21472,130,186,659,2002.0,133147.0,2048.0,0.15796,0.855931,LTU,RUS,0114
21473,135,186,659,2002.0,31083.0,0.0,-0.017383000000000003,0.109124,MDA,RUS,0114
21474,145,186,659,2002.0,0.0,143083.0,-0.711096,-0.9835799999999999,MNG,RUS,0114
21475,162,186,659,2002.0,43788504.0,0.0,1.175777,1.667472,NLD,RUS,0114
21476,177,186,659,2002.0,2354184.0,0.0,0.9449299999999999,1.655764,POL,RUS,0114
21477,208,186,659,2002.0,98798.0,0.0,2.134,0.769413,SWE,RUS,0114
21478,217,186,659,2002.0,0.0,6359.0,-0.8483510000000001,-1.09992,TJK,RUS,0114
21479,224,186,659,2002.0,21912.0,18752.0,0.12982,1.8032650000000001,TUR,RUS,0114
21480,228,186,659,2002.0,2960096.0,33619.0,0.575372,1.131722,UKR,RUS,0114
21481,231,186,659,2002.0,348119104.0,0.0,1.853174,0.120986,USA,RUS,0114
21482,250,186,659,2002.0,0.0,53910.0,0.5979300000000001,-0.497816,ANS,RUS,0114
21483,7,188,659,2002.0,26992.0,6256007.0,-0.288838,-0.640049,ARE,SAU,0114
21484,8,188,659,2002.0,221782.0,0.0,0.045376,0.71768,ARG,SAU,0114
21485,14,188,659,2002.0,20980.0,0.0,-0.052462,0.759617,AUS,SAU,0114
21486,24,188,659,2002.0,0.0,1248234.0,-0.31754099999999996,-1.099381,BHR,SAU,0114
21487,31,188,659,2002.0,261365.0,0.0,-0.785592,-0.6761119999999999,BOL,SAU,0114
21488,32,188,659,2002.0,173665664.0,121553.0,0.631343,1.249344,BRA,SAU,0114
21489,39,188,659,2002.0,16913.0,0.0,0.9672360000000001,1.389981,CAN,SAU,0114
21490,43,188,659,2002.0,36238156.0,72852.0,0.6181220000000001,1.9636759999999998,CHN,SAU,0114
21491,61,188,659,2002.0,9422.0,0.0,2.367856,-2.195331,DEU,SAU,0114
21492,64,188,659,2002.0,49188.0,0.0,1.344708,1.321135,DNK,SAU,0114
21493,68,188,659,2002.0,231863.0,0.0,-0.37218,0.634319,EGY,SAU,0114
21494,77,188,659,2002.0,101255648.0,0.0,1.648526,0.6870430000000001,FRA,SAU,0114
21495,104,188,659,2002.0,76834.0,0.0,0.32974000000000003,2.376477,IND,SAU,0114
21496,122,188,659,2002.0,0.0,2986973.0,-0.794007,-1.192659,KWT,SAU,0114
21497,124,188,659,2002.0,0.0,59241.0,0.220906,1.470297,LBN,SAU,0114
21498,128,188,659,2002.0,123600.0,0.0,-0.461765,-0.057614,LKA,SAU,0114
21499,142,188,659,2002.0,0.0,76411.0,0.901235,-0.140261,MLT,SAU,0114
21500,162,188,659,2002.0,29208.0,0.0,1.175777,1.667472,NLD,SAU,0114
21501,167,188,659,2002.0,0.0,2108752.0,-1.307058,-1.270916,OMN,SAU,0114
21502,183,188,659,2002.0,16418.0,2966414.0,-0.002177,-1.042517,QAT,SAU,0114
21503,190,188,659,2002.0,0.0,3333.0,-1.336665,-1.19919,SDN,SAU,0114
21504,216,188,659,2002.0,119335.0,0.0,0.513887,1.545967,THA,SAU,0114
21505,230,188,659,2002.0,694025.0,0.0,0.048498,0.118565,URY,SAU,0114
21506,231,188,659,2002.0,568182.0,0.0,1.853174,0.120986,USA,SAU,0114
21507,250,188,659,2002.0,81404.0,0.0,0.5979300000000001,-0.497816,ANS,SAU,0114
21508,15,206,659,2002.0,0.0,224990.0,1.866997,0.400527,AUT,SVK,0114
21509,18,206,659,2002.0,291727.0,0.0,1.424339,1.372755,BEL,SVK,0114
21510,32,206,659,2002.0,32759.0,0.0,0.631343,1.249344,BRA,SVK,0114
21511,43,206,659,2002.0,3136406.0,0.0,0.6181220000000001,1.9636759999999998,CHN,SVK,0114
21512,59,206,659,2002.0,7211014.0,4655414.0,1.5835139999999999,0.9563010000000001,CZE,SVK,0114
21513,61,206,659,2002.0,182254.0,129971.0,2.367856,-2.195331,DEU,SVK,0114
21514,77,206,659,2002.0,73759.0,0.0,1.648526,0.6870430000000001,FRA,SVK,0114
21515,81,206,659,2002.0,47381.0,56995.0,2.067395,0.7934359999999999,GBR,SVK,0114
21516,102,206,659,2002.0,3281809.0,38959.0,1.232359,1.064425,HUN,SVK,0114
21517,106,206,659,2002.0,9558.0,0.0,1.7939310000000002,0.219254,IRL,SVK,0114
21518,111,206,659,2002.0,296562.0,0.0,1.3944219999999998,1.125362,ITA,SVK,0114
21519,162,206,659,2002.0,21187.0,3807.0,1.175777,1.667472,NLD,SVK,0114
21520,163,206,659,2002.0,0.0,6793.0,0.689588,-0.007016,NOR,SVK,0114
21521,208,206,659,2002.0,4060.0,0.0,2.134,0.769413,SWE,SVK,0114
21522,216,206,659,2002.0,59681.0,0.0,0.513887,1.545967,THA,SVK,0114
21523,231,206,659,2002.0,6959.0,0.0,1.853174,0.120986,USA,SVK,0114
21524,15,207,659,2002.0,9963.0,104218.0,1.866997,0.400527,AUT,SVN,0114
21525,26,207,659,2002.0,0.0,1049025.0,0.223543,0.44595100000000004,BIH,SVN,0114
21526,41,207,659,2002.0,0.0,3481.0,2.205507,0.831836,CHE,SVN,0114
21527,43,207,659,2002.0,171228.0,0.0,0.6181220000000001,1.9636759999999998,CHN,SVN,0114
21528,61,207,659,2002.0,137091.0,25377.0,2.367856,-2.195331,DEU,SVN,0114
21529,77,207,659,2002.0,15368.0,0.0,1.648526,0.6870430000000001,FRA,SVN,0114
21530,81,207,659,2002.0,0.0,37681.0,2.067395,0.7934359999999999,GBR,SVN,0114
21531,100,207,659,2002.0,639945.0,194449.0,0.603546,1.273001,HRV,SVN,0114
21532,102,207,659,2002.0,3045014.0,14460.0,1.232359,1.064425,HUN,SVN,0114
21533,111,207,659,2002.0,2242263.0,4593165.0,1.3944219999999998,1.125362,ITA,SVN,0114
21534,140,207,659,2002.0,0.0,2603698.0,-0.027727999999999996,0.41846400000000006,MKD,SVN,0114
21535,162,207,659,2002.0,26519.0,14612.0,1.175777,1.667472,NLD,SVN,0114
21536,185,207,659,2002.0,0.0,409018.0,0.549227,1.071998,ROU,SVN,0114
21537,189,207,659,2002.0,3838.0,936928.0,0.523459,2.58657,SCG,SVN,0114
21538,208,207,659,2002.0,0.0,121412.0,2.134,0.769413,SWE,SVN,0114
21539,19,223,659,2002.0,0.0,30009.0,-0.7683840000000001,-0.7984319999999999,BEN,TUN,0114
21540,41,223,659,2002.0,0.0,39496.0,2.205507,0.831836,CHE,TUN,0114
21541,71,223,659,2002.0,0.0,88213.0,1.054108,1.9357349999999998,ESP,TUN,0114
21542,77,223,659,2002.0,67343.0,207062.0,1.648526,0.6870430000000001,FRA,TUN,0114
21543,126,223,659,2002.0,0.0,35320.0,-0.692769,-1.188682,LBY,TUN,0114
21544,134,223,659,2002.0,6045.0,104975.0,-0.690226,-0.42557,MAR,TUN,0114
21545,215,223,659,2002.0,0.0,30640.0,-0.688284,-0.5292789999999999,TGO,TUN,0114
21546,231,223,659,2002.0,159253.0,0.0,1.853174,0.120986,USA,TUN,0114
21547,250,223,659,2002.0,6975.0,34159.0,0.5979300000000001,-0.497816,ANS,TUN,0114
21548,7,226,659,2002.0,10972.0,0.0,-0.288838,-0.640049,ARE,TZA,0114
21549,116,226,659,2002.0,3695.0,0.0,-0.59055,0.000731,KEN,TZA,0114
21550,162,226,659,2002.0,3403.0,0.0,1.175777,1.667472,NLD,TZA,0114
21551,167,226,659,2002.0,8743.0,0.0,-1.307058,-1.270916,OMN,TZA,0114
21552,192,226,659,2002.0,3881.0,0.0,1.7077209999999998,0.683549,SGP,TZA,0114
21553,231,226,659,2002.0,16042.0,0.0,1.853174,0.120986,USA,TZA,0114
21554,246,226,659,2002.0,210547.0,0.0,0.32760500000000004,2.497746,ZAF,TZA,0114
21555,15,228,659,2002.0,7986.0,0.0,1.866997,0.400527,AUT,UKR,0114
21556,18,228,659,2002.0,4427302.0,0.0,1.424339,1.372755,BEL,UKR,0114
21557,23,228,659,2002.0,13725.0,10469.0,0.468058,1.644037,BGR,UKR,0114
21558,39,228,659,2002.0,1516427.0,0.0,0.9672360000000001,1.389981,CAN,UKR,0114
21559,43,228,659,2002.0,389332.0,0.0,0.6181220000000001,1.9636759999999998,CHN,UKR,0114
21560,61,228,659,2002.0,3005914.0,0.0,2.367856,-2.195331,DEU,UKR,0114
21561,64,228,659,2002.0,462054.0,0.0,1.344708,1.321135,DNK,UKR,0114
21562,71,228,659,2002.0,153246.0,0.0,1.054108,1.9357349999999998,ESP,UKR,0114
21563,72,228,659,2002.0,1334.0,0.0,0.576142,1.168563,EST,UKR,0114
21564,77,228,659,2002.0,1077294.0,0.0,1.648526,0.6870430000000001,FRA,UKR,0114
21565,81,228,659,2002.0,12064.0,0.0,2.067395,0.7934359999999999,GBR,UKR,0114
21566,102,228,659,2002.0,1898404.0,0.0,1.232359,1.064425,HUN,UKR,0114
21567,111,228,659,2002.0,559594.0,0.0,1.3944219999999998,1.125362,ITA,UKR,0114
21568,131,228,659,2002.0,67800.0,0.0,1.396249,1.153017,LUX,UKR,0114
21569,162,228,659,2002.0,10755626.0,0.0,1.175777,1.667472,NLD,UKR,0114
21570,177,228,659,2002.0,1425706.0,0.0,0.9449299999999999,1.655764,POL,UKR,0114
21571,186,228,659,2002.0,33619.0,2960096.0,0.6051449999999999,0.272307,RUS,UKR,0114
21572,231,228,659,2002.0,627703.0,0.0,1.853174,0.120986,USA,UKR,0114
21573,2,8,659,2002.0,0.0,32404.0,-1.8043639999999999,-1.250642,AGO,ARG,0114
21574,15,8,659,2002.0,0.0,53913.0,1.866997,0.400527,AUT,ARG,0114
21575,32,8,659,2002.0,721851.0,249298.0,0.631343,1.249344,BRA,ARG,0114
21576,42,8,659,2002.0,0.0,65757.0,-0.079201,-0.11449200000000001,CHL,ARG,0114
21577,43,8,659,2002.0,0.0,2864486.0,0.6181220000000001,1.9636759999999998,CHN,ARG,0114
21578,44,8,659,2002.0,0.0,69885.0,-0.803739,-0.752218,CIV,ARG,0114
21579,47,8,659,2002.0,0.0,1062367.0,-1.468836,-1.250484,COG,ARG,0114
21580,61,8,659,2002.0,0.0,3116078.0,2.367856,-2.195331,DEU,ARG,0114
21581,71,8,659,2002.0,0.0,54245.0,1.054108,1.9357349999999998,ESP,ARG,0114
21582,77,8,659,2002.0,0.0,14427.0,1.648526,0.6870430000000001,FRA,ARG,0114
21583,80,8,659,2002.0,0.0,135752.0,-1.34341,-1.238593,GAB,ARG,0114
21584,81,8,659,2002.0,0.0,1175620.0,2.067395,0.7934359999999999,GBR,ARG,0114
21585,90,8,659,2002.0,0.0,46862.0,0.20355399999999998,1.4130200000000002,GRC,ARG,0114
21586,97,8,659,2002.0,0.0,1884694.0,0.704932,1.291658,HKG,ARG,0114
21587,111,8,659,2002.0,0.0,413483.0,1.3944219999999998,1.125362,ITA,ARG,0114
21588,147,8,659,2002.0,0.0,95411.0,-1.337891,-1.187073,MOZ,ARG,0114
21589,162,8,659,2002.0,0.0,1503414.0,1.175777,1.667472,NLD,ARG,0114
21590,173,8,659,2002.0,0.0,179430.0,-0.456603,0.030838,PER,ARG,0114
21591,182,8,659,2002.0,0.0,92480.0,-0.363179,-0.8967450000000001,PYF,ARG,0114
21592,183,8,659,2002.0,0.0,94474.0,-0.002177,-1.042517,QAT,ARG,0114
21593,186,8,659,2002.0,0.0,623045.0,0.6051449999999999,0.272307,RUS,ARG,0114
21594,188,8,659,2002.0,0.0,221782.0,0.048764,-0.903125,SAU,ARG,0114
21595,191,8,659,2002.0,0.0,230336.0,-0.5424939999999999,-0.554531,SEN,ARG,0114
21596,196,8,659,2002.0,0.0,17307.0,0.29478899999999997,0.055865,SLE,ARG,0114
21597,231,8,659,2002.0,45746.0,0.0,1.853174,0.120986,USA,ARG,0114
21598,246,8,659,2002.0,0.0,1824943.0,0.32760500000000004,2.497746,ZAF,ARG,0114
21599,250,8,659,2002.0,0.0,463299.0,0.5979300000000001,-0.497816,ANS,ARG,0114
21600,155,37,659,2002.0,18467.0,0.0,-0.137725,-0.361452,NAM,BWA,0114
21601,246,37,659,2002.0,801323.0,0.0,0.32760500000000004,2.497746,ZAF,BWA,0114
21602,248,37,659,2002.0,7017.0,0.0,-0.36033000000000004,0.452182,ZWE,BWA,0114
21603,8,44,659,2002.0,69885.0,0.0,0.045376,0.71768,ARG,CIV,0114
21604,18,44,659,2002.0,294305.0,0.0,1.424339,1.372755,BEL,CIV,0114
21605,19,44,659,2002.0,0.0,9967.0,-0.7683840000000001,-0.7984319999999999,BEN,CIV,0114
21606,23,44,659,2002.0,10984.0,0.0,0.468058,1.644037,BGR,CIV,0114
21607,32,44,659,2002.0,238049.0,0.0,0.631343,1.249344,BRA,CIV,0114
21608,39,44,659,2002.0,104449.0,0.0,0.9672360000000001,1.389981,CAN,CIV,0114
21609,43,44,659,2002.0,16700.0,0.0,0.6181220000000001,1.9636759999999998,CHN,CIV,0114
21610,61,44,659,2002.0,88978.0,0.0,2.367856,-2.195331,DEU,CIV,0114
21611,71,44,659,2002.0,70731.0,0.0,1.054108,1.9357349999999998,ESP,CIV,0114
21612,77,44,659,2002.0,1961829.0,0.0,1.648526,0.6870430000000001,FRA,CIV,0114
21613,81,44,659,2002.0,127976.0,0.0,2.067395,0.7934359999999999,GBR,CIV,0114
21614,90,44,659,2002.0,6116.0,0.0,0.20355399999999998,1.4130200000000002,GRC,CIV,0114
21615,110,44,659,2002.0,12547.0,0.0,1.257709,0.8318989999999999,ISR,CIV,0114
21616,111,44,659,2002.0,1050971.0,0.0,1.3944219999999998,1.125362,ITA,CIV,0114
21617,138,44,659,2002.0,31090.0,0.0,1.2677129999999999,0.599314,MEX,CIV,0114
21618,162,44,659,2002.0,303168.0,0.0,1.175777,1.667472,NLD,CIV,0114
21619,177,44,659,2002.0,1015.0,0.0,0.9449299999999999,1.655764,POL,CIV,0114
21620,215,44,659,2002.0,2437.0,2259.0,-0.688284,-0.5292789999999999,TGO,CIV,0114
21621,231,44,659,2002.0,205192.0,0.0,1.853174,0.120986,USA,CIV,0114
21622,246,44,659,2002.0,29287.0,0.0,0.32760500000000004,2.497746,ZAF,CIV,0114
21623,250,44,659,2002.0,2454.0,9141.0,0.5979300000000001,-0.497816,ANS,CIV,0114
21624,14,45,659,2002.0,212176.0,0.0,-0.052462,0.759617,AUS,CMR,0114
21625,18,45,659,2002.0,2383407.0,0.0,1.424339,1.372755,BEL,CMR,0114
21626,32,45,659,2002.0,1984308.0,0.0,0.631343,1.249344,BRA,CMR,0114
21627,39,45,659,2002.0,347630.0,0.0,0.9672360000000001,1.389981,CAN,CMR,0114
21628,47,45,659,2002.0,0.0,8334.0,-1.468836,-1.250484,COG,CMR,0114
21629,61,45,659,2002.0,69717.0,0.0,2.367856,-2.195331,DEU,CMR,0114
21630,64,45,659,2002.0,74383.0,0.0,1.344708,1.321135,DNK,CMR,0114
21631,71,45,659,2002.0,314277.0,0.0,1.054108,1.9357349999999998,ESP,CMR,0114
21632,77,45,659,2002.0,1198348.0,0.0,1.648526,0.6870430000000001,FRA,CMR,0114
21633,81,45,659,2002.0,236364.0,0.0,2.067395,0.7934359999999999,GBR,CMR,0114
21634,90,45,659,2002.0,12435.0,0.0,0.20355399999999998,1.4130200000000002,GRC,CMR,0114
21635,106,45,659,2002.0,17865.0,0.0,1.7939310000000002,0.219254,IRL,CMR,0114
21636,111,45,659,2002.0,274616.0,0.0,1.3944219999999998,1.125362,ITA,CMR,0114
21637,162,45,659,2002.0,3864524.0,0.0,1.175777,1.667472,NLD,CMR,0114
21638,177,45,659,2002.0,21213.0,0.0,0.9449299999999999,1.655764,POL,CMR,0114
21639,214,45,659,2002.0,0.0,6244.0,-0.092619,-0.776712,TCD,CMR,0114
21640,231,45,659,2002.0,371116.0,0.0,1.853174,0.120986,USA,CMR,0114
21641,246,45,659,2002.0,24844.0,0.0,0.32760500000000004,2.497746,ZAF,CMR,0114
21642,250,45,659,2002.0,1132000.0,0.0,0.5979300000000001,-0.497816,ANS,CMR,0114
21643,18,51,659,2002.0,58209.0,0.0,1.424339,1.372755,BEL,CPV,0114
21644,32,51,659,2002.0,650641.0,0.0,0.631343,1.249344,BRA,CPV,0114
21645,43,51,659,2002.0,10307.0,0.0,0.6181220000000001,1.9636759999999998,CHN,CPV,0114
21646,54,51,659,2002.0,0.0,61392.0,-0.896759,-1.079825,CUB,CPV,0114
21647,111,51,659,2002.0,45462.0,0.0,1.3944219999999998,1.125362,ITA,CPV,0114
21648,162,51,659,2002.0,1633182.0,0.0,1.175777,1.667472,NLD,CPV,0114
21649,179,51,659,2002.0,30432.0,0.0,0.584956,1.377068,PRT,CPV,0114
21650,231,51,659,2002.0,16891.0,0.0,1.853174,0.120986,USA,CPV,0114
21651,246,51,659,2002.0,15244.0,0.0,0.32760500000000004,2.497746,ZAF,CPV,0114
21652,4,58,659,2002.0,0.0,56361.0,-0.05800399999999999,0.042254,ALB,CYP,0114
21653,18,58,659,2002.0,75843.0,0.0,1.424339,1.372755,BEL,CYP,0114
21654,23,58,659,2002.0,4023.0,60141.0,0.468058,1.644037,BGR,CYP,0114
21655,32,58,659,2002.0,30369.0,0.0,0.631343,1.249344,BRA,CYP,0114
21656,64,58,659,2002.0,12882.0,0.0,1.344708,1.321135,DNK,CYP,0114
21657,72,58,659,2002.0,7316.0,0.0,0.576142,1.168563,EST,CYP,0114
21658,77,58,659,2002.0,335040.0,0.0,1.648526,0.6870430000000001,FRA,CYP,0114
21659,81,58,659,2002.0,40051.0,0.0,2.067395,0.7934359999999999,GBR,CYP,0114
21660,90,58,659,2002.0,0.0,12020.0,0.20355399999999998,1.4130200000000002,GRC,CYP,0114
21661,122,58,659,2002.0,0.0,13042.0,-0.794007,-1.192659,KWT,CYP,0114
21662,124,58,659,2002.0,0.0,12079.0,0.220906,1.470297,LBN,CYP,0114
21663,131,58,659,2002.0,17173.0,0.0,1.396249,1.153017,LUX,CYP,0114
21664,140,58,659,2002.0,0.0,131638.0,-0.027727999999999996,0.41846400000000006,MKD,CYP,0114
21665,162,58,659,2002.0,62361.0,0.0,1.175777,1.667472,NLD,CYP,0114
21666,185,58,659,2002.0,3662.0,18316.0,0.549227,1.071998,ROU,CYP,0114
21667,189,58,659,2002.0,0.0,1777.0,0.523459,2.58657,SCG,CYP,0114
21668,205,58,659,2002.0,0.0,22048.0,-1.002898,-0.905595,SUR,CYP,0114
21669,212,58,659,2002.0,0.0,4802.0,-1.07007,-0.560769,SYR,CYP,0114
21670,224,58,659,2002.0,469179.0,0.0,0.12982,1.8032650000000001,TUR,CYP,0114
21671,18,72,659,2002.0,1444951.0,18680.0,1.424339,1.372755,BEL,EST,0114
21672,25,72,659,2002.0,0.0,1868.0,0.035127,-0.536416,BHS,EST,0114
21673,39,72,659,2002.0,73657.0,0.0,0.9672360000000001,1.389981,CAN,EST,0114
21674,43,72,659,2002.0,11787.0,0.0,0.6181220000000001,1.9636759999999998,CHN,EST,0114
21675,58,72,659,2002.0,0.0,7316.0,0.332088,0.50441,CYP,EST,0114
21676,59,72,659,2002.0,76848.0,0.0,1.5835139999999999,0.9563010000000001,CZE,EST,0114
21677,61,72,659,2002.0,457383.0,5851.0,2.367856,-2.195331,DEU,EST,0114
21678,64,72,659,2002.0,3412094.0,0.0,1.344708,1.321135,DNK,EST,0114
21679,71,72,659,2002.0,42936.0,0.0,1.054108,1.9357349999999998,ESP,EST,0114
21680,74,72,659,2002.0,3190626.0,0.0,1.9545119999999998,1.047515,FIN,EST,0114
21681,77,72,659,2002.0,567042.0,1630.0,1.648526,0.6870430000000001,FRA,EST,0114
21682,81,72,659,2002.0,66327.0,2037.0,2.067395,0.7934359999999999,GBR,EST,0114
21683,102,72,659,2002.0,1070497.0,23156.0,1.232359,1.064425,HUN,EST,0114
21684,106,72,659,2002.0,25875.0,0.0,1.7939310000000002,0.219254,IRL,EST,0114
21685,118,72,659,2002.0,0.0,3049.0,-0.8577629999999999,-1.071536,KHM,EST,0114
21686,125,72,659,2002.0,0.0,10509.0,-0.683036,-1.158808,LBR,EST,0114
21687,130,72,659,2002.0,124405.0,1861312.0,0.15796,0.855931,LTU,EST,0114
21688,132,72,659,2002.0,23542.0,2431993.0,0.41409799999999997,0.6281680000000001,LVA,EST,0114
21689,142,72,659,2002.0,0.0,20473.0,0.901235,-0.140261,MLT,EST,0114
21690,162,72,659,2002.0,216200.0,1144.0,1.175777,1.667472,NLD,EST,0114
21691,163,72,659,2002.0,13785.0,6957.0,0.689588,-0.007016,NOR,EST,0114
21692,169,72,659,2002.0,0.0,6912.0,0.085746,0.21839,PAN,EST,0114
21693,177,72,659,2002.0,25168.0,0.0,0.9449299999999999,1.655764,POL,EST,0114
21694,186,72,659,2002.0,0.0,15134.0,0.6051449999999999,0.272307,RUS,EST,0114
21695,208,72,659,2002.0,1381576.0,1073.0,2.134,0.769413,SWE,EST,0114
21696,228,72,659,2002.0,0.0,1334.0,0.575372,1.131722,UKR,EST,0114
21697,231,72,659,2002.0,1020097.0,25390.0,1.853174,0.120986,USA,EST,0114
21698,250,72,659,2002.0,2948976.0,0.0,0.5979300000000001,-0.497816,ANS,EST,0114
21699,8,80,659,2002.0,135752.0,0.0,0.045376,0.71768,ARG,GAB,0114
21700,18,80,659,2002.0,656068.0,0.0,1.424339,1.372755,BEL,GAB,0114
21701,32,80,659,2002.0,1071854.0,0.0,0.631343,1.249344,BRA,GAB,0114
21702,39,80,659,2002.0,1236689.0,0.0,0.9672360000000001,1.389981,CAN,GAB,0114
21703,42,80,659,2002.0,12705.0,0.0,-0.079201,-0.11449200000000001,CHL,GAB,0114
21704,43,80,659,2002.0,35757.0,0.0,0.6181220000000001,1.9636759999999998,CHN,GAB,0114
21705,61,80,659,2002.0,39980.0,0.0,2.367856,-2.195331,DEU,GAB,0114
21706,64,80,659,2002.0,6291.0,0.0,1.344708,1.321135,DNK,GAB,0114
21707,71,80,659,2002.0,465742.0,0.0,1.054108,1.9357349999999998,ESP,GAB,0114
21708,77,80,659,2002.0,2177196.0,1595.0,1.648526,0.6870430000000001,FRA,GAB,0114
21709,81,80,659,2002.0,161924.0,0.0,2.067395,0.7934359999999999,GBR,GAB,0114
21710,106,80,659,2002.0,83857.0,1247.0,1.7939310000000002,0.219254,IRL,GAB,0114
21711,111,80,659,2002.0,392824.0,0.0,1.3944219999999998,1.125362,ITA,GAB,0114
21712,162,80,659,2002.0,2304884.0,0.0,1.175777,1.667472,NLD,GAB,0114
21713,177,80,659,2002.0,167000.0,0.0,0.9449299999999999,1.655764,POL,GAB,0114
21714,214,80,659,2002.0,0.0,79967.0,-0.092619,-0.776712,TCD,GAB,0114
21715,231,80,659,2002.0,2381886.0,0.0,1.853174,0.120986,USA,GAB,0114
21716,13,83,659,2002.0,41955.0,0.0,0.23995500000000003,-0.754877,ATG,GHA,0114
21717,14,83,659,2002.0,13388.0,0.0,-0.052462,0.759617,AUS,GHA,0114
21718,18,83,659,2002.0,69446.0,0.0,1.424339,1.372755,BEL,GHA,0114
21719,19,83,659,2002.0,62622.0,0.0,-0.7683840000000001,-0.7984319999999999,BEN,GHA,0114
21720,21,83,659,2002.0,4985.0,0.0,-0.5542590000000001,-0.5946060000000001,BFA,GHA,0114
21721,32,83,659,2002.0,625639.0,0.0,0.631343,1.249344,BRA,GHA,0114
21722,39,83,659,2002.0,259313.0,0.0,0.9672360000000001,1.389981,CAN,GHA,0114
21723,41,83,659,2002.0,3703.0,0.0,2.205507,0.831836,CHE,GHA,0114
21724,43,83,659,2002.0,17861.0,0.0,0.6181220000000001,1.9636759999999998,CHN,GHA,0114
21725,61,83,659,2002.0,57802.0,0.0,2.367856,-2.195331,DEU,GHA,0114
21726,64,83,659,2002.0,125103.0,0.0,1.344708,1.321135,DNK,GHA,0114
21727,71,83,659,2002.0,169138.0,0.0,1.054108,1.9357349999999998,ESP,GHA,0114
21728,77,83,659,2002.0,184553.0,0.0,1.648526,0.6870430000000001,FRA,GHA,0114
21729,81,83,659,2002.0,688293.0,0.0,2.067395,0.7934359999999999,GBR,GHA,0114
21730,90,83,659,2002.0,2265.0,0.0,0.20355399999999998,1.4130200000000002,GRC,GHA,0114
21731,102,83,659,2002.0,6483.0,0.0,1.232359,1.064425,HUN,GHA,0114
21732,104,83,659,2002.0,17460.0,0.0,0.32974000000000003,2.376477,IND,GHA,0114
21733,106,83,659,2002.0,133651.0,0.0,1.7939310000000002,0.219254,IRL,GHA,0114
21734,111,83,659,2002.0,192670.0,0.0,1.3944219999999998,1.125362,ITA,GHA,0114
21735,162,83,659,2002.0,5538064.0,0.0,1.175777,1.667472,NLD,GHA,0114
21736,177,83,659,2002.0,34732.0,0.0,0.9449299999999999,1.655764,POL,GHA,0114
21737,208,83,659,2002.0,123898.0,0.0,2.134,0.769413,SWE,GHA,0114
21738,215,83,659,2002.0,769924.0,166064.0,-0.688284,-0.5292789999999999,TGO,GHA,0114
21739,231,83,659,2002.0,3303882.0,0.0,1.853174,0.120986,USA,GHA,0114
21740,246,83,659,2002.0,128919.0,0.0,0.32760500000000004,2.497746,ZAF,GHA,0114
21741,32,134,659,2002.0,199362.0,0.0,0.631343,1.249344,BRA,MAR,0114
21742,71,134,659,2002.0,42442.0,4816.0,1.054108,1.9357349999999998,ESP,MAR,0114
21743,77,134,659,2002.0,1274749.0,0.0,1.648526,0.6870430000000001,FRA,MAR,0114
21744,81,134,659,2002.0,5111.0,0.0,2.067395,0.7934359999999999,GBR,MAR,0114
21745,162,134,659,2002.0,7595.0,0.0,1.175777,1.667472,NLD,MAR,0114
21746,223,134,659,2002.0,104975.0,6045.0,0.059876,0.369032,TUN,MAR,0114
21747,231,134,659,2002.0,59418.0,0.0,1.853174,0.120986,USA,MAR,0114
21748,250,134,659,2002.0,0.0,2510.0,0.5979300000000001,-0.497816,ANS,MAR,0114
21749,128,141,659,2002.0,8977.0,0.0,-0.461765,-0.057614,LKA,MLI,0114
21750,231,141,659,2002.0,10320.0,0.0,1.853174,0.120986,USA,MLI,0114
21751,246,141,659,2002.0,10536.0,0.0,0.32760500000000004,2.497746,ZAF,MLI,0114
21752,8,147,659,2002.0,95411.0,0.0,0.045376,0.71768,ARG,MOZ,0114
21753,32,147,659,2002.0,42649.0,0.0,0.631343,1.249344,BRA,MOZ,0114
21754,209,147,659,2002.0,80553.0,0.0,0.409355,-0.047221,SWZ,MOZ,0114
21755,231,147,659,2002.0,220036.0,0.0,1.853174,0.120986,USA,MOZ,0114
21756,246,147,659,2002.0,7720548.0,0.0,0.32760500000000004,2.497746,ZAF,MOZ,0114
21757,248,147,659,2002.0,43409.0,0.0,-0.36033000000000004,0.452182,ZWE,MOZ,0114
21758,2,155,659,2002.0,0.0,75216.0,-1.8043639999999999,-1.250642,AGO,NAM,0114
21759,32,155,659,2002.0,13243.0,0.0,0.631343,1.249344,BRA,NAM,0114
21760,37,155,659,2002.0,0.0,18467.0,-0.164526,-1.04616,BWA,NAM,0114
21761,231,155,659,2002.0,318178.0,0.0,1.853174,0.120986,USA,NAM,0114
21762,246,155,659,2002.0,8124040.0,0.0,0.32760500000000004,2.497746,ZAF,NAM,0114
21763,248,155,659,2002.0,3294405.0,0.0,-0.36033000000000004,0.452182,ZWE,NAM,0114
21764,18,159,659,2002.0,706468.0,0.0,1.424339,1.372755,BEL,NGA,0114
21765,19,159,659,2002.0,1437519.0,6381.0,-0.7683840000000001,-0.7984319999999999,BEN,NGA,0114
21766,32,159,659,2002.0,94148.0,0.0,0.631343,1.249344,BRA,NGA,0114
21767,39,159,659,2002.0,143886.0,0.0,0.9672360000000001,1.389981,CAN,NGA,0114
21768,61,159,659,2002.0,1047242.0,0.0,2.367856,-2.195331,DEU,NGA,0114
21769,64,159,659,2002.0,62911.0,0.0,1.344708,1.321135,DNK,NGA,0114
21770,71,159,659,2002.0,171364.0,0.0,1.054108,1.9357349999999998,ESP,NGA,0114
21771,77,159,659,2002.0,235419.0,0.0,1.648526,0.6870430000000001,FRA,NGA,0114
21772,81,159,659,2002.0,581765.0,0.0,2.067395,0.7934359999999999,GBR,NGA,0114
21773,102,159,659,2002.0,34933.0,0.0,1.232359,1.064425,HUN,NGA,0114
21774,106,159,659,2002.0,931856.0,0.0,1.7939310000000002,0.219254,IRL,NGA,0114
21775,111,159,659,2002.0,839244.0,0.0,1.3944219999999998,1.125362,ITA,NGA,0114
21776,162,159,659,2002.0,9729637.0,0.0,1.175777,1.667472,NLD,NGA,0114
21777,169,159,659,2002.0,90213.0,0.0,0.085746,0.21839,PAN,NGA,0114
21778,177,159,659,2002.0,25845.0,0.0,0.9449299999999999,1.655764,POL,NGA,0114
21779,208,159,659,2002.0,9694.0,0.0,2.134,0.769413,SWE,NGA,0114
21780,231,159,659,2002.0,284049.0,0.0,1.853174,0.120986,USA,NGA,0114
21781,246,159,659,2002.0,138573.0,0.0,0.32760500000000004,2.497746,ZAF,NGA,0114
21782,249,159,659,2002.0,8120.0,0.0,1.9084720000000002,1.253714,TWN,NGA,0114
21783,8,191,659,2002.0,230336.0,0.0,0.045376,0.71768,ARG,SEN,0114
21784,18,191,659,2002.0,785384.0,0.0,1.424339,1.372755,BEL,SEN,0114
21785,19,191,659,2002.0,0.0,38524.0,-0.7683840000000001,-0.7984319999999999,BEN,SEN,0114
21786,32,191,659,2002.0,490862.0,0.0,0.631343,1.249344,BRA,SEN,0114
21787,39,191,659,2002.0,16709.0,0.0,0.9672360000000001,1.389981,CAN,SEN,0114
21788,41,191,659,2002.0,38482.0,0.0,2.205507,0.831836,CHE,SEN,0114
21789,43,191,659,2002.0,40141.0,0.0,0.6181220000000001,1.9636759999999998,CHN,SEN,0114
21790,61,191,659,2002.0,42595.0,0.0,2.367856,-2.195331,DEU,SEN,0114
21791,64,191,659,2002.0,28569.0,0.0,1.344708,1.321135,DNK,SEN,0114
21792,71,191,659,2002.0,86217.0,0.0,1.054108,1.9357349999999998,ESP,SEN,0114
21793,77,191,659,2002.0,330673.0,0.0,1.648526,0.6870430000000001,FRA,SEN,0114
21794,81,191,659,2002.0,121357.0,0.0,2.067395,0.7934359999999999,GBR,SEN,0114
21795,106,191,659,2002.0,69099.0,0.0,1.7939310000000002,0.219254,IRL,SEN,0114
21796,111,191,659,2002.0,82570.0,0.0,1.3944219999999998,1.125362,ITA,SEN,0114
21797,162,191,659,2002.0,4042052.0,0.0,1.175777,1.667472,NLD,SEN,0114
21798,231,191,659,2002.0,137334.0,0.0,1.853174,0.120986,USA,SEN,0114
21799,250,191,659,2002.0,0.0,86931.0,0.5979300000000001,-0.497816,ANS,SEN,0114
21800,18,203,659,2002.0,70940.0,0.0,1.424339,1.372755,BEL,STP,0114
21801,71,203,659,2002.0,7406.0,0.0,1.054108,1.9357349999999998,ESP,STP,0114
21802,77,203,659,2002.0,134643.0,0.0,1.648526,0.6870430000000001,FRA,STP,0114
21803,81,203,659,2002.0,7604.0,0.0,2.067395,0.7934359999999999,GBR,STP,0114
21804,162,203,659,2002.0,191956.0,0.0,1.175777,1.667472,NLD,STP,0114
21805,179,203,659,2002.0,50358.0,0.0,0.584956,1.377068,PRT,STP,0114
21806,7,215,659,2002.0,24572.0,0.0,-0.288838,-0.640049,ARE,TGO,0114
21807,18,215,659,2002.0,79702.0,0.0,1.424339,1.372755,BEL,TGO,0114
21808,19,215,659,2002.0,1018.0,202401.0,-0.7683840000000001,-0.7984319999999999,BEN,TGO,0114
21809,21,215,659,2002.0,0.0,19951.0,-0.5542590000000001,-0.5946060000000001,BFA,TGO,0114
21810,32,215,659,2002.0,80613.0,0.0,0.631343,1.249344,BRA,TGO,0114
21811,39,215,659,2002.0,22567.0,0.0,0.9672360000000001,1.389981,CAN,TGO,0114
21812,42,215,659,2002.0,123134.0,0.0,-0.079201,-0.11449200000000001,CHL,TGO,0114
21813,44,215,659,2002.0,2259.0,2437.0,-0.803739,-0.752218,CIV,TGO,0114
21814,61,215,659,2002.0,483175.0,0.0,2.367856,-2.195331,DEU,TGO,0114
21815,64,215,659,2002.0,0.0,90814.0,1.344708,1.321135,DNK,TGO,0114
21816,71,215,659,2002.0,518414.0,0.0,1.054108,1.9357349999999998,ESP,TGO,0114
21817,77,215,659,2002.0,3822942.0,0.0,1.648526,0.6870430000000001,FRA,TGO,0114
21818,81,215,659,2002.0,17700.0,0.0,2.067395,0.7934359999999999,GBR,TGO,0114
21819,83,215,659,2002.0,166064.0,769924.0,-1.258567,-1.048266,GHA,TGO,0114
21820,106,215,659,2002.0,8504.0,0.0,1.7939310000000002,0.219254,IRL,TGO,0114
21821,110,215,659,2002.0,10119.0,0.0,1.257709,0.8318989999999999,ISR,TGO,0114
21822,111,215,659,2002.0,761357.0,0.0,1.3944219999999998,1.125362,ITA,TGO,0114
21823,121,215,659,2002.0,7951.0,0.0,1.4172719999999999,0.8763139999999999,KOR,TGO,0114
21824,162,215,659,2002.0,409968.0,0.0,1.175777,1.667472,NLD,TGO,0114
21825,192,215,659,2002.0,0.0,2709.0,1.7077209999999998,0.683549,SGP,TGO,0114
21826,223,215,659,2002.0,30640.0,0.0,0.059876,0.369032,TUN,TGO,0114
21827,224,215,659,2002.0,125160.0,0.0,0.12982,1.8032650000000001,TUR,TGO,0114
21828,246,215,659,2002.0,6081.0,0.0,0.32760500000000004,2.497746,ZAF,TGO,0114
21829,116,227,659,2002.0,2409.0,0.0,-0.59055,0.000731,KEN,UGA,0114
21830,246,227,659,2002.0,20341.0,0.0,0.32760500000000004,2.497746,ZAF,UGA,0114
21831,2,247,659,2002.0,0.0,2831.0,-1.8043639999999999,-1.250642,AGO,ZMB,0114
21832,46,247,659,2002.0,0.0,168969.0,-1.218664,-1.1406120000000002,COD,ZMB,0114
21833,246,247,659,2002.0,16228.0,0.0,0.32760500000000004,2.497746,ZAF,ZMB,0114
21834,248,247,659,2002.0,0.0,46180.0,-0.36033000000000004,0.452182,ZWE,ZMB,0114
21835,18,248,659,2002.0,0.0,685572.0,1.424339,1.372755,BEL,ZWE,0114
21836,37,248,659,2002.0,0.0,7017.0,-0.164526,-1.04616,BWA,ZWE,0114
21837,41,248,659,2002.0,0.0,22508.0,2.205507,0.831836,CHE,ZWE,0114
21838,46,248,659,2002.0,0.0,358605.0,-1.218664,-1.1406120000000002,COD,ZWE,0114
21839,81,248,659,2002.0,64205.0,0.0,2.067395,0.7934359999999999,GBR,ZWE,0114
21840,97,248,659,2002.0,0.0,23458.0,0.704932,1.291658,HKG,ZWE,0114
21841,147,248,659,2002.0,0.0,43409.0,-1.337891,-1.187073,MOZ,ZWE,0114
21842,151,248,659,2002.0,0.0,30824.0,-0.382062,-0.379224,MUS,ZWE,0114
21843,152,248,659,2002.0,0.0,435788.0,-1.431612,-1.234903,MWI,ZWE,0114
21844,155,248,659,2002.0,0.0,3294405.0,-0.137725,-0.361452,NAM,ZWE,0114
21845,162,248,659,2002.0,0.0,294792.0,1.175777,1.667472,NLD,ZWE,0114
21846,246,248,659,2002.0,188312.0,501866.0,0.32760500000000004,2.497746,ZAF,ZWE,0114
21847,247,248,659,2002.0,46180.0,0.0,-0.840258,-0.639474,ZMB,ZWE,0114
21848,25,120,659,2002.0,0.0,11239.0,0.035127,-0.536416,BHS,KNA,0114
21849,39,120,659,2002.0,20672.0,0.0,0.9672360000000001,1.389981,CAN,KNA,0114
21850,81,120,659,2002.0,385643.0,0.0,2.067395,0.7934359999999999,GBR,KNA,0114
21851,231,120,659,2002.0,867701.0,0.0,1.853174,0.120986,USA,KNA,0114
21852,32,152,659,2002.0,2113.0,0.0,0.631343,1.249344,BRA,MWI,0114
21853,246,152,659,2002.0,424139.0,0.0,0.32760500000000004,2.497746,ZAF,MWI,0114
21854,248,152,659,2002.0,435788.0,0.0,-0.36033000000000004,0.452182,ZWE,MWI,0114
21855,14,176,659,2002.0,24627.0,0.0,-0.052462,0.759617,AUS,PNG,0114
21856,166,176,659,2002.0,19329.0,0.0,0.370673,0.7853829999999999,NZL,PNG,0114
21857,13,234,659,2002.0,13508.0,0.0,0.23995500000000003,-0.754877,ATG,VCT,0114
21858,23,234,659,2002.0,9864.0,0.0,0.468058,1.644037,BGR,VCT,0114
21859,39,234,659,2002.0,23598.0,0.0,0.9672360000000001,1.389981,CAN,VCT,0114
21860,81,234,659,2002.0,628980.0,0.0,2.067395,0.7934359999999999,GBR,VCT,0114
21861,127,234,659,2002.0,22817.0,16897.0,0.261861,-0.36480999999999997,LCA,VCT,0114
21862,169,234,659,2002.0,3448.0,0.0,0.085746,0.21839,PAN,VCT,0114
21863,231,234,659,2002.0,1475829.0,0.0,1.853174,0.120986,USA,VCT,0114
21864,7,24,659,2002.0,38431.0,84973.0,-0.288838,-0.640049,ARE,BHR,0114
21865,14,24,659,2002.0,34965.0,0.0,-0.052462,0.759617,AUS,BHR,0114
21866,18,24,659,2002.0,22702.0,0.0,1.424339,1.372755,BEL,BHR,0114
21867,32,24,659,2002.0,9749402.0,0.0,0.631343,1.249344,BRA,BHR,0114
21868,43,24,659,2002.0,2360033.0,0.0,0.6181220000000001,1.9636759999999998,CHN,BHR,0114
21869,61,24,659,2002.0,20700.0,0.0,2.367856,-2.195331,DEU,BHR,0114
21870,64,24,659,2002.0,698650.0,0.0,1.344708,1.321135,DNK,BHR,0114
21871,68,24,659,2002.0,13286.0,0.0,-0.37218,0.634319,EGY,BHR,0114
21872,77,24,659,2002.0,638211.0,0.0,1.648526,0.6870430000000001,FRA,BHR,0114
21873,81,24,659,2002.0,4307.0,0.0,2.067395,0.7934359999999999,GBR,BHR,0114
21874,104,24,659,2002.0,62354.0,0.0,0.32974000000000003,2.376477,IND,BHR,0114
21875,107,24,659,2002.0,122333.0,0.0,-0.665259,-0.840274,IRN,BHR,0114
21876,111,24,659,2002.0,23500.0,0.0,1.3944219999999998,1.125362,ITA,BHR,0114
21877,113,24,659,2002.0,43437.0,0.0,0.34023000000000003,0.264754,JOR,BHR,0114
21878,122,24,659,2002.0,7682.0,215242.0,-0.794007,-1.192659,KWT,BHR,0114
21879,124,24,659,2002.0,5827.0,0.0,0.220906,1.470297,LBN,BHR,0114
21880,153,24,659,2002.0,17733.0,0.0,0.9987159999999999,0.26558200000000004,MYS,BHR,0114
21881,162,24,659,2002.0,6740.0,0.0,1.175777,1.667472,NLD,BHR,0114
21882,183,24,659,2002.0,15025.0,0.0,-0.002177,-1.042517,QAT,BHR,0114
21883,188,24,659,2002.0,1248234.0,0.0,0.048764,-0.903125,SAU,BHR,0114
21884,231,24,659,2002.0,1778472.0,0.0,1.853174,0.120986,USA,BHR,0114
21885,250,24,659,2002.0,0.0,10253.0,0.5979300000000001,-0.497816,ANS,BHR,0114
21886,15,26,659,2002.0,665200.0,0.0,1.866997,0.400527,AUT,BIH,0114
21887,18,26,659,2002.0,219504.0,0.0,1.424339,1.372755,BEL,BIH,0114
21888,43,26,659,2002.0,381392.0,0.0,0.6181220000000001,1.9636759999999998,CHN,BIH,0114
21889,59,26,659,2002.0,52684.0,0.0,1.5835139999999999,0.9563010000000001,CZE,BIH,0114
21890,61,26,659,2002.0,329000.0,53353.0,2.367856,-2.195331,DEU,BIH,0114
21891,77,26,659,2002.0,15119.0,0.0,1.648526,0.6870430000000001,FRA,BIH,0114
21892,81,26,659,2002.0,136183.0,0.0,2.067395,0.7934359999999999,GBR,BIH,0114
21893,100,26,659,2002.0,1839006.0,0.0,0.603546,1.273001,HRV,BIH,0114
21894,102,26,659,2002.0,34000.0,0.0,1.232359,1.064425,HUN,BIH,0114
21895,111,26,659,2002.0,368199.0,0.0,1.3944219999999998,1.125362,ITA,BIH,0114
21896,162,26,659,2002.0,2609946.0,0.0,1.175777,1.667472,NLD,BIH,0114
21897,207,26,659,2002.0,1049025.0,0.0,1.469681,1.13303,SVN,BIH,0114
21898,15,100,659,2002.0,0.0,262300.0,1.866997,0.400527,AUT,HRV,0114
21899,18,100,659,2002.0,66606.0,0.0,1.424339,1.372755,BEL,HRV,0114
21900,26,100,659,2002.0,0.0,1839006.0,0.223543,0.44595100000000004,BIH,HRV,0114
21901,43,100,659,2002.0,73386.0,0.0,0.6181220000000001,1.9636759999999998,CHN,HRV,0114
21902,61,100,659,2002.0,504663.0,0.0,2.367856,-2.195331,DEU,HRV,0114
21903,64,100,659,2002.0,242304.0,0.0,1.344708,1.321135,DNK,HRV,0114
21904,77,100,659,2002.0,609302.0,0.0,1.648526,0.6870430000000001,FRA,HRV,0114
21905,81,100,659,2002.0,0.0,2973.0,2.067395,0.7934359999999999,GBR,HRV,0114
21906,102,100,659,2002.0,845264.0,2033.0,1.232359,1.064425,HUN,HRV,0114
21907,111,100,659,2002.0,291152.0,0.0,1.3944219999999998,1.125362,ITA,HRV,0114
21908,140,100,659,2002.0,0.0,348850.0,-0.027727999999999996,0.41846400000000006,MKD,HRV,0114
21909,162,100,659,2002.0,220886.0,0.0,1.175777,1.667472,NLD,HRV,0114
21910,189,100,659,2002.0,0.0,219958.0,0.523459,2.58657,SCG,HRV,0114
21911,207,100,659,2002.0,194449.0,639945.0,1.469681,1.13303,SVN,HRV,0114
21912,208,100,659,2002.0,0.0,107736.0,2.134,0.769413,SWE,HRV,0114
21913,231,100,659,2002.0,19345.0,0.0,1.853174,0.120986,USA,HRV,0114
21914,32,109,659,2002.0,4563.0,0.0,0.631343,1.249344,BRA,ISL,0114
21915,64,109,659,2002.0,198246.0,0.0,1.344708,1.321135,DNK,ISL,0114
21916,74,109,659,2002.0,0.0,7249.0,1.9545119999999998,1.047515,FIN,ISL,0114
21917,77,109,659,2002.0,41592.0,0.0,1.648526,0.6870430000000001,FRA,ISL,0114
21918,78,109,659,2002.0,0.0,10007.0,-0.33811399999999997,-0.8092050000000001,FRO,ISL,0114
21919,81,109,659,2002.0,32193.0,0.0,2.067395,0.7934359999999999,GBR,ISL,0114
21920,131,109,659,2002.0,4519.0,0.0,1.396249,1.153017,LUX,ISL,0114
21921,162,109,659,2002.0,6960.0,0.0,1.175777,1.667472,NLD,ISL,0114
21922,163,109,659,2002.0,3315.0,0.0,0.689588,-0.007016,NOR,ISL,0114
21923,189,109,659,2002.0,0.0,10211.0,0.523459,2.58657,SCG,ISL,0114
21924,208,109,659,2002.0,140175.0,0.0,2.134,0.769413,SWE,ISL,0114
21925,216,109,659,2002.0,2124.0,0.0,0.513887,1.545967,THA,ISL,0114
21926,231,109,659,2002.0,77892.0,0.0,1.853174,0.120986,USA,ISL,0114
21927,64,126,659,2002.0,37365.0,0.0,1.344708,1.321135,DNK,LBY,0114
21928,102,126,659,2002.0,235000.0,0.0,1.232359,1.064425,HUN,LBY,0114
21929,142,126,659,2002.0,5193.0,0.0,0.901235,-0.140261,MLT,LBY,0114
21930,223,126,659,2002.0,35320.0,0.0,0.059876,0.369032,TUN,LBY,0114
21931,18,135,659,2002.0,570658.0,0.0,1.424339,1.372755,BEL,MDA,0114
21932,32,135,659,2002.0,68926.0,0.0,0.631343,1.249344,BRA,MDA,0114
21933,39,135,659,2002.0,59665.0,0.0,0.9672360000000001,1.389981,CAN,MDA,0114
21934,43,135,659,2002.0,115513.0,0.0,0.6181220000000001,1.9636759999999998,CHN,MDA,0114
21935,61,135,659,2002.0,624692.0,0.0,2.367856,-2.195331,DEU,MDA,0114
21936,64,135,659,2002.0,49965.0,0.0,1.344708,1.321135,DNK,MDA,0114
21937,71,135,659,2002.0,90177.0,0.0,1.054108,1.9357349999999998,ESP,MDA,0114
21938,77,135,659,2002.0,782207.0,0.0,1.648526,0.6870430000000001,FRA,MDA,0114
21939,81,135,659,2002.0,147508.0,0.0,2.067395,0.7934359999999999,GBR,MDA,0114
21940,102,135,659,2002.0,992453.0,0.0,1.232359,1.064425,HUN,MDA,0114
21941,106,135,659,2002.0,18163.0,0.0,1.7939310000000002,0.219254,IRL,MDA,0114
21942,110,135,659,2002.0,569339.0,0.0,1.257709,0.8318989999999999,ISR,MDA,0114
21943,111,135,659,2002.0,187501.0,0.0,1.3944219999999998,1.125362,ITA,MDA,0114
21944,130,135,659,2002.0,80845.0,0.0,0.15796,0.855931,LTU,MDA,0114
21945,162,135,659,2002.0,9601678.0,0.0,1.175777,1.667472,NLD,MDA,0114
21946,177,135,659,2002.0,391523.0,0.0,0.9449299999999999,1.655764,POL,MDA,0114
21947,185,135,659,2002.0,26895.0,0.0,0.549227,1.071998,ROU,MDA,0114
21948,186,135,659,2002.0,0.0,31083.0,0.6051449999999999,0.272307,RUS,MDA,0114
21949,231,135,659,2002.0,6221241.0,0.0,1.853174,0.120986,USA,MDA,0114
21950,4,140,659,2002.0,3178.0,0.0,-0.05800399999999999,0.042254,ALB,MKD,0114
21951,15,140,659,2002.0,5707.0,0.0,1.866997,0.400527,AUT,MKD,0114
21952,18,140,659,2002.0,249139.0,0.0,1.424339,1.372755,BEL,MKD,0114
21953,23,140,659,2002.0,349775.0,0.0,0.468058,1.644037,BGR,MKD,0114
21954,32,140,659,2002.0,515389.0,0.0,0.631343,1.249344,BRA,MKD,0114
21955,39,140,659,2002.0,121393.0,0.0,0.9672360000000001,1.389981,CAN,MKD,0114
21956,41,140,659,2002.0,21462.0,0.0,2.205507,0.831836,CHE,MKD,0114
21957,43,140,659,2002.0,2942202.0,0.0,0.6181220000000001,1.9636759999999998,CHN,MKD,0114
21958,58,140,659,2002.0,131638.0,0.0,0.332088,0.50441,CYP,MKD,0114
21959,61,140,659,2002.0,4749.0,0.0,2.367856,-2.195331,DEU,MKD,0114
21960,64,140,659,2002.0,65136.0,0.0,1.344708,1.321135,DNK,MKD,0114
21961,77,140,659,2002.0,685842.0,1434.0,1.648526,0.6870430000000001,FRA,MKD,0114
21962,81,140,659,2002.0,179816.0,0.0,2.067395,0.7934359999999999,GBR,MKD,0114
21963,90,140,659,2002.0,436426.0,0.0,0.20355399999999998,1.4130200000000002,GRC,MKD,0114
21964,100,140,659,2002.0,348850.0,0.0,0.603546,1.273001,HRV,MKD,0114
21965,102,140,659,2002.0,413566.0,0.0,1.232359,1.064425,HUN,MKD,0114
21966,111,140,659,2002.0,257718.0,0.0,1.3944219999999998,1.125362,ITA,MKD,0114
21967,162,140,659,2002.0,1538990.0,0.0,1.175777,1.667472,NLD,MKD,0114
21968,189,140,659,2002.0,0.0,11982.0,0.523459,2.58657,SCG,MKD,0114
21969,207,140,659,2002.0,2603698.0,0.0,1.469681,1.13303,SVN,MKD,0114
21970,208,140,659,2002.0,83462.0,0.0,2.134,0.769413,SWE,MKD,0114
21971,224,140,659,2002.0,756338.0,0.0,0.12982,1.8032650000000001,TUR,MKD,0114
21972,231,140,659,2002.0,3773752.0,0.0,1.853174,0.120986,USA,MKD,0114
21973,43,143,659,2002.0,0.0,336830.0,0.6181220000000001,1.9636759999999998,CHN,MMR,0114
21974,216,143,659,2002.0,46431.0,0.0,0.513887,1.545967,THA,MMR,0114
21975,231,143,659,2002.0,202203.0,0.0,1.853174,0.120986,USA,MMR,0114
21976,32,178,659,2002.0,218491.0,0.0,0.631343,1.249344,BRA,PRK,0114
21977,43,178,659,2002.0,339556.0,0.0,0.6181220000000001,1.9636759999999998,CHN,PRK,0114
21978,114,178,659,2002.0,15195.0,0.0,2.7747580000000003,0.43663199999999996,JPN,PRK,0114
21979,216,178,659,2002.0,4037784.0,0.0,0.513887,1.545967,THA,PRK,0114
21980,4,189,659,2002.0,2444.0,0.0,-0.05800399999999999,0.042254,ALB,SCG,0114
21981,15,189,659,2002.0,32559.0,0.0,1.866997,0.400527,AUT,SCG,0114
21982,18,189,659,2002.0,330296.0,0.0,1.424339,1.372755,BEL,SCG,0114
21983,23,189,659,2002.0,40317.0,0.0,0.468058,1.644037,BGR,SCG,0114
21984,32,189,659,2002.0,202050.0,0.0,0.631343,1.249344,BRA,SCG,0114
21985,39,189,659,2002.0,28227.0,0.0,0.9672360000000001,1.389981,CAN,SCG,0114
21986,43,189,659,2002.0,837550.0,0.0,0.6181220000000001,1.9636759999999998,CHN,SCG,0114
21987,58,189,659,2002.0,1777.0,0.0,0.332088,0.50441,CYP,SCG,0114
21988,61,189,659,2002.0,511396.0,0.0,2.367856,-2.195331,DEU,SCG,0114
21989,64,189,659,2002.0,103635.0,0.0,1.344708,1.321135,DNK,SCG,0114
21990,77,189,659,2002.0,30525.0,0.0,1.648526,0.6870430000000001,FRA,SCG,0114
21991,81,189,659,2002.0,1597.0,0.0,2.067395,0.7934359999999999,GBR,SCG,0114
21992,100,189,659,2002.0,219958.0,0.0,0.603546,1.273001,HRV,SCG,0114
21993,102,189,659,2002.0,447357.0,0.0,1.232359,1.064425,HUN,SCG,0114
21994,106,189,659,2002.0,6354.0,0.0,1.7939310000000002,0.219254,IRL,SCG,0114
21995,109,189,659,2002.0,10211.0,0.0,0.17011700000000002,-0.33925500000000003,ISL,SCG,0114
21996,111,189,659,2002.0,495102.0,31017.0,1.3944219999999998,1.125362,ITA,SCG,0114
21997,140,189,659,2002.0,11982.0,0.0,-0.027727999999999996,0.41846400000000006,MKD,SCG,0114
21998,162,189,659,2002.0,2804028.0,0.0,1.175777,1.667472,NLD,SCG,0114
21999,207,189,659,2002.0,936928.0,3838.0,1.469681,1.13303,SVN,SCG,0114
22000,208,189,659,2002.0,11562.0,0.0,2.134,0.769413,SWE,SCG,0114
22001,224,189,659,2002.0,87511.0,0.0,0.12982,1.8032650000000001,TUR,SCG,0114
22002,231,189,659,2002.0,654147.0,0.0,1.853174,0.120986,USA,SCG,0114
22003,58,212,659,2002.0,4802.0,0.0,0.332088,0.50441,CYP,SYR,0114
22004,77,212,659,2002.0,33121.0,0.0,1.648526,0.6870430000000001,FRA,SYR,0114
22005,102,212,659,2002.0,5677.0,0.0,1.232359,1.064425,HUN,SYR,0114
22006,18,85,659,2002.0,120441.0,0.0,1.424339,1.372755,BEL,GIN,0114
22007,32,85,659,2002.0,128344.0,0.0,0.631343,1.249344,BRA,GIN,0114
22008,64,85,659,2002.0,9096.0,0.0,1.344708,1.321135,DNK,GIN,0114
22009,77,85,659,2002.0,253881.0,0.0,1.648526,0.6870430000000001,FRA,GIN,0114
22010,111,85,659,2002.0,92068.0,0.0,1.3944219999999998,1.125362,ITA,GIN,0114
22011,162,85,659,2002.0,1021247.0,0.0,1.175777,1.667472,NLD,GIN,0114
22012,231,85,659,2002.0,21555.0,0.0,1.853174,0.120986,USA,GIN,0114
22013,32,133,659,2002.0,104210.0,0.0,0.631343,1.249344,BRA,MAC,0114
22014,43,133,659,2002.0,1302512.0,0.0,0.6181220000000001,1.9636759999999998,CHN,MAC,0114
22015,61,133,659,2002.0,4017.0,0.0,2.367856,-2.195331,DEU,MAC,0114
22016,64,133,659,2002.0,7235.0,0.0,1.344708,1.321135,DNK,MAC,0114
22017,77,133,659,2002.0,3544.0,0.0,1.648526,0.6870430000000001,FRA,MAC,0114
22018,81,133,659,2002.0,1149.0,0.0,2.067395,0.7934359999999999,GBR,MAC,0114
22019,97,133,659,2002.0,9152248.0,45291.0,0.704932,1.291658,HKG,MAC,0114
22020,114,133,659,2002.0,7127.0,0.0,2.7747580000000003,0.43663199999999996,JPN,MAC,0114
22021,177,133,659,2002.0,1557.0,0.0,0.9449299999999999,1.655764,POL,MAC,0114
22022,216,133,659,2002.0,8537.0,0.0,0.513887,1.545967,THA,MAC,0114
22023,231,133,659,2002.0,520518.0,0.0,1.853174,0.120986,USA,MAC,0114
22024,231,168,659,2002.0,14862.0,0.0,1.853174,0.120986,USA,PAK,0114
22025,32,0,659,2002.0,612456.0,0.0,0.631343,1.249344,BRA,ABW,0114
22026,43,0,659,2002.0,1216873.0,0.0,0.6181220000000001,1.9636759999999998,CHN,ABW,0114
22027,162,0,659,2002.0,45423.0,0.0,1.175777,1.667472,NLD,ABW,0114
22028,216,0,659,2002.0,165526.0,0.0,0.513887,1.545967,THA,ABW,0114
22029,231,0,659,2002.0,1924328.0,0.0,1.853174,0.120986,USA,ABW,0114
22030,6,3,659,2002.0,323990.0,0.0,0.145946,-0.704052,ANT,AIA,0114
22031,77,3,659,2002.0,13658.0,0.0,1.648526,0.6870430000000001,FRA,AIA,0114
22032,231,3,659,2002.0,433078.0,0.0,1.853174,0.120986,USA,AIA,0114
22033,231,29,659,2002.0,284405.0,0.0,1.853174,0.120986,USA,BLZ,0114
22034,32,31,659,2002.0,94674.0,0.0,0.631343,1.249344,BRA,BOL,0114
22035,42,31,659,2002.0,150695.0,0.0,-0.079201,-0.11449200000000001,CHL,BOL,0114
22036,67,31,659,2002.0,0.0,17517.0,-0.973858,-0.8924979999999999,ECU,BOL,0114
22037,188,31,659,2002.0,0.0,261365.0,0.048764,-0.903125,SAU,BOL,0114
22038,231,31,659,2002.0,9505.0,0.0,1.853174,0.120986,USA,BOL,0114
22039,61,73,659,2002.0,9573.0,0.0,2.367856,-2.195331,DEU,ETH,0114
22040,62,73,659,2002.0,0.0,9035.0,-0.03383,-0.014618,DJI,ETH,0114
22041,116,73,659,2002.0,2239.0,0.0,-0.59055,0.000731,KEN,ETH,0114
22042,246,73,659,2002.0,6783.0,0.0,0.32760500000000004,2.497746,ZAF,ETH,0114
22043,32,91,659,2002.0,694238.0,0.0,0.631343,1.249344,BRA,GRD,0114
22044,39,91,659,2002.0,6182.0,0.0,0.9672360000000001,1.389981,CAN,GRD,0114
22045,81,91,659,2002.0,205517.0,0.0,2.067395,0.7934359999999999,GBR,GRD,0114
22046,231,91,659,2002.0,1341406.0,0.0,1.853174,0.120986,USA,GRD,0114
22047,231,149,659,2002.0,91414.0,0.0,1.853174,0.120986,USA,MSR,0114
22048,61,1,659,2002.0,7000.0,0.0,2.367856,-2.195331,DEU,AFG,0114
22049,107,1,659,2002.0,1115190.0,0.0,-0.665259,-0.840274,IRN,AFG,0114
22050,162,1,659,2002.0,5673.0,0.0,1.175777,1.667472,NLD,AFG,0114
22051,14,4,659,2002.0,2829.0,0.0,-0.052462,0.759617,AUS,ALB,0114
22052,23,4,659,2002.0,14765.0,0.0,0.468058,1.644037,BGR,ALB,0114
22053,32,4,659,2002.0,1196121.0,0.0,0.631343,1.249344,BRA,ALB,0114
22054,39,4,659,2002.0,14710.0,0.0,0.9672360000000001,1.389981,CAN,ALB,0114
22055,43,4,659,2002.0,389582.0,0.0,0.6181220000000001,1.9636759999999998,CHN,ALB,0114
22056,58,4,659,2002.0,56361.0,0.0,0.332088,0.50441,CYP,ALB,0114
22057,61,4,659,2002.0,34036.0,0.0,2.367856,-2.195331,DEU,ALB,0114
22058,71,4,659,2002.0,33241.0,0.0,1.054108,1.9357349999999998,ESP,ALB,0114
22059,77,4,659,2002.0,138295.0,0.0,1.648526,0.6870430000000001,FRA,ALB,0114
22060,81,4,659,2002.0,10516.0,0.0,2.067395,0.7934359999999999,GBR,ALB,0114
22061,90,4,659,2002.0,308042.0,0.0,0.20355399999999998,1.4130200000000002,GRC,ALB,0114
22062,102,4,659,2002.0,2251086.0,0.0,1.232359,1.064425,HUN,ALB,0114
22063,111,4,659,2002.0,2578243.0,0.0,1.3944219999999998,1.125362,ITA,ALB,0114
22064,116,4,659,2002.0,32352.0,0.0,-0.59055,0.000731,KEN,ALB,0114
22065,140,4,659,2002.0,0.0,3178.0,-0.027727999999999996,0.41846400000000006,MKD,ALB,0114
22066,162,4,659,2002.0,42660.0,0.0,1.175777,1.667472,NLD,ALB,0114
22067,189,4,659,2002.0,0.0,2444.0,0.523459,2.58657,SCG,ALB,0114
22068,224,4,659,2002.0,82661.0,0.0,0.12982,1.8032650000000001,TUR,ALB,0114
22069,231,4,659,2002.0,840483.0,0.0,1.853174,0.120986,USA,ALB,0114
22070,7,9,659,2002.0,141137.0,0.0,-0.288838,-0.640049,ARE,ARM,0114
22071,18,9,659,2002.0,6755.0,0.0,1.424339,1.372755,BEL,ARM,0114
22072,32,9,659,2002.0,139018.0,0.0,0.631343,1.249344,BRA,ARM,0114
22073,41,9,659,2002.0,102763.0,0.0,2.205507,0.831836,CHE,ARM,0114
22074,43,9,659,2002.0,17610.0,0.0,0.6181220000000001,1.9636759999999998,CHN,ARM,0114
22075,65,9,659,2002.0,154320.0,0.0,-0.43339300000000003,-0.378827,DOM,ARM,0114
22076,77,9,659,2002.0,136888.0,0.0,1.648526,0.6870430000000001,FRA,ARM,0114
22077,82,9,659,2002.0,674734.0,0.0,0.23526999999999998,-0.156333,GEO,ARM,0114
22078,231,9,659,2002.0,2072041.0,0.0,1.853174,0.120986,USA,ARM,0114
22079,61,17,659,2002.0,11120.0,0.0,2.367856,-2.195331,DEU,BDI,0114
22080,81,17,659,2002.0,27663.0,0.0,2.067395,0.7934359999999999,GBR,BDI,0114
22081,71,21,659,2002.0,0.0,15625.0,1.054108,1.9357349999999998,ESP,BFA,0114
22082,77,21,659,2002.0,14395.0,0.0,1.648526,0.6870430000000001,FRA,BFA,0114
22083,83,21,659,2002.0,0.0,4985.0,-1.258567,-1.048266,GHA,BFA,0114
22084,111,21,659,2002.0,43252.0,0.0,1.3944219999999998,1.125362,ITA,BFA,0114
22085,215,21,659,2002.0,19951.0,0.0,-0.688284,-0.5292789999999999,TGO,BFA,0114
22086,231,21,659,2002.0,7526.0,0.0,1.853174,0.120986,USA,BFA,0114
22087,43,34,659,2002.0,92652.0,0.0,0.6181220000000001,1.9636759999999998,CHN,BRN,0114
22088,64,34,659,2002.0,13588.0,0.0,1.344708,1.321135,DNK,BRN,0114
22089,77,34,659,2002.0,32518.0,0.0,1.648526,0.6870430000000001,FRA,BRN,0114
22090,81,34,659,2002.0,51063.0,0.0,2.067395,0.7934359999999999,GBR,BRN,0114
22091,97,34,659,2002.0,0.0,2035.0,0.704932,1.291658,HKG,BRN,0114
22092,153,34,659,2002.0,209608.0,0.0,0.9987159999999999,0.26558200000000004,MYS,BRN,0114
22093,192,34,659,2002.0,17543.0,2939.0,1.7077209999999998,0.683549,SGP,BRN,0114
22094,231,34,659,2002.0,3605.0,0.0,1.853174,0.120986,USA,BRN,0114
22095,18,50,659,2002.0,448317.0,0.0,1.424339,1.372755,BEL,COM,0114
22096,71,50,659,2002.0,362242.0,0.0,1.054108,1.9357349999999998,ESP,COM,0114
22097,77,50,659,2002.0,1222699.0,0.0,1.648526,0.6870430000000001,FRA,COM,0114
22098,162,50,659,2002.0,641930.0,0.0,1.175777,1.667472,NLD,COM,0114
22099,39,63,659,2002.0,6833.0,0.0,0.9672360000000001,1.389981,CAN,DMA,0114
22100,81,63,659,2002.0,270878.0,0.0,2.067395,0.7934359999999999,GBR,DMA,0114
22101,231,63,659,2002.0,1602259.0,0.0,1.853174,0.120986,USA,DMA,0114
22102,246,63,659,2002.0,0.0,56111.0,0.32760500000000004,2.497746,ZAF,DMA,0114
22103,14,75,659,2002.0,12592.0,24543.0,-0.052462,0.759617,AUS,FJI,0114
22104,165,75,659,2002.0,0.0,4883.0,0.9837370000000001,-0.34583400000000003,NRU,FJI,0114
22105,166,75,659,2002.0,713808.0,1159.0,0.370673,0.7853829999999999,NZL,FJI,0114
22106,195,75,659,2002.0,0.0,68367.0,-0.890172,-0.948835,SLB,FJI,0114
22107,225,75,659,2002.0,0.0,5071.0,0.01488,0.187673,TUV,FJI,0114
22108,231,75,659,2002.0,95722.0,0.0,1.853174,0.120986,USA,FJI,0114
22109,18,87,659,2002.0,93267.0,0.0,1.424339,1.372755,BEL,GMB,0114
22110,32,87,659,2002.0,492141.0,0.0,0.631343,1.249344,BRA,GMB,0114
22111,61,87,659,2002.0,141041.0,0.0,2.367856,-2.195331,DEU,GMB,0114
22112,64,87,659,2002.0,5953.0,0.0,1.344708,1.321135,DNK,GMB,0114
22113,77,87,659,2002.0,7782.0,0.0,1.648526,0.6870430000000001,FRA,GMB,0114
22114,162,87,659,2002.0,215009.0,0.0,1.175777,1.667472,NLD,GMB,0114
22115,231,87,659,2002.0,1073644.0,0.0,1.853174,0.120986,USA,GMB,0114
22116,23,118,659,2002.0,2085.0,0.0,0.468058,1.644037,BGR,KHM,0114
22117,72,118,659,2002.0,3049.0,0.0,0.576142,1.168563,EST,KHM,0114
22118,185,118,659,2002.0,1746.0,0.0,0.549227,1.071998,ROU,KHM,0114
22119,192,118,659,2002.0,24214.0,0.0,1.7077209999999998,0.683549,SGP,KHM,0114
22120,231,118,659,2002.0,31449.0,0.0,1.853174,0.120986,USA,KHM,0114
22121,32,136,659,2002.0,46321.0,0.0,0.631343,1.249344,BRA,MDG,0114
22122,77,136,659,2002.0,1784.0,0.0,1.648526,0.6870430000000001,FRA,MDG,0114
22123,7,137,659,2002.0,223597.0,0.0,-0.288838,-0.640049,ARE,MDV,0114
22124,14,137,659,2002.0,374220.0,0.0,-0.052462,0.759617,AUS,MDV,0114
22125,32,137,659,2002.0,837920.0,0.0,0.631343,1.249344,BRA,MDV,0114
22126,43,137,659,2002.0,195890.0,0.0,0.6181220000000001,1.9636759999999998,CHN,MDV,0114
22127,104,137,659,2002.0,3714.0,0.0,0.32974000000000003,2.376477,IND,MDV,0114
22128,128,137,659,2002.0,228220.0,0.0,-0.461765,-0.057614,LKA,MDV,0114
22129,162,137,659,2002.0,2329.0,0.0,1.175777,1.667472,NLD,MDV,0114
22130,167,137,659,2002.0,69894.0,0.0,-1.307058,-1.270916,OMN,MDV,0114
22131,192,137,659,2002.0,274939.0,0.0,1.7077209999999998,0.683549,SGP,MDV,0114
22132,18,148,659,2002.0,1104555.0,0.0,1.424339,1.372755,BEL,MRT,0114
22133,32,148,659,2002.0,100723.0,0.0,0.631343,1.249344,BRA,MRT,0114
22134,61,148,659,2002.0,6695.0,0.0,2.367856,-2.195331,DEU,MRT,0114
22135,64,148,659,2002.0,66200.0,0.0,1.344708,1.321135,DNK,MRT,0114
22136,71,148,659,2002.0,367821.0,0.0,1.054108,1.9357349999999998,ESP,MRT,0114
22137,77,148,659,2002.0,191996.0,0.0,1.648526,0.6870430000000001,FRA,MRT,0114
22138,106,148,659,2002.0,115588.0,0.0,1.7939310000000002,0.219254,IRL,MRT,0114
22139,162,148,659,2002.0,2644413.0,0.0,1.175777,1.667472,NLD,MRT,0114
22140,224,148,659,2002.0,1164.0,0.0,0.12982,1.8032650000000001,TUR,MRT,0114
22141,231,148,659,2002.0,10079.0,0.0,1.853174,0.120986,USA,MRT,0114
22142,18,151,659,2002.0,6775.0,0.0,1.424339,1.372755,BEL,MUS,0114
22143,32,151,659,2002.0,5850.0,0.0,0.631343,1.249344,BRA,MUS,0114
22144,77,151,659,2002.0,130184.0,0.0,1.648526,0.6870430000000001,FRA,MUS,0114
22145,246,151,659,2002.0,24776.0,0.0,0.32760500000000004,2.497746,ZAF,MUS,0114
22146,248,151,659,2002.0,30824.0,0.0,-0.36033000000000004,0.452182,ZWE,MUS,0114
22147,18,154,659,2002.0,459948.0,0.0,1.424339,1.372755,BEL,MYT,0114
22148,32,154,659,2002.0,603601.0,0.0,0.631343,1.249344,BRA,MYT,0114
22149,71,154,659,2002.0,19676.0,0.0,1.054108,1.9357349999999998,ESP,MYT,0114
22150,77,154,659,2002.0,3296762.0,0.0,1.648526,0.6870430000000001,FRA,MYT,0114
22151,111,154,659,2002.0,4677.0,0.0,1.3944219999999998,1.125362,ITA,MYT,0114
22152,162,154,659,2002.0,29788.0,0.0,1.175777,1.667472,NLD,MYT,0114
22153,14,156,659,2002.0,28221.0,0.0,-0.052462,0.759617,AUS,NCL,0114
22154,18,156,659,2002.0,47434.0,0.0,1.424339,1.372755,BEL,NCL,0114
22155,32,156,659,2002.0,156058.0,0.0,0.631343,1.249344,BRA,NCL,0114
22156,42,156,659,2002.0,478715.0,0.0,-0.079201,-0.11449200000000001,CHL,NCL,0114
22157,64,156,659,2002.0,84609.0,0.0,1.344708,1.321135,DNK,NCL,0114
22158,77,156,659,2002.0,5407011.0,0.0,1.648526,0.6870430000000001,FRA,NCL,0114
22159,162,156,659,2002.0,2723.0,0.0,1.175777,1.667472,NLD,NCL,0114
22160,216,156,659,2002.0,17640.0,0.0,0.513887,1.545967,THA,NCL,0114
22161,231,156,659,2002.0,1792769.0,0.0,1.853174,0.120986,USA,NCL,0114
22162,240,156,659,2002.0,0.0,1851.0,-1.110093,-1.015554,VUT,NCL,0114
22163,18,157,659,2002.0,27532.0,0.0,1.424339,1.372755,BEL,NER,0114
22164,61,157,659,2002.0,13410.0,0.0,2.367856,-2.195331,DEU,NER,0114
22165,77,157,659,2002.0,15561.0,0.0,1.648526,0.6870430000000001,FRA,NER,0114
22166,231,157,659,2002.0,103535.0,0.0,1.853174,0.120986,USA,NER,0114
22167,18,187,659,2002.0,1129.0,0.0,1.424339,1.372755,BEL,RWA,0114
22168,162,187,659,2002.0,13074.0,0.0,1.175777,1.667472,NLD,RWA,0114
22169,7,196,659,2002.0,26605.0,0.0,-0.288838,-0.640049,ARE,SLE,0114
22170,8,196,659,2002.0,17307.0,0.0,0.045376,0.71768,ARG,SLE,0114
22171,32,196,659,2002.0,543358.0,0.0,0.631343,1.249344,BRA,SLE,0114
22172,64,196,659,2002.0,42996.0,0.0,1.344708,1.321135,DNK,SLE,0114
22173,77,196,659,2002.0,17171.0,0.0,1.648526,0.6870430000000001,FRA,SLE,0114
22174,81,196,659,2002.0,2855.0,0.0,2.067395,0.7934359999999999,GBR,SLE,0114
22175,111,196,659,2002.0,50854.0,0.0,1.3944219999999998,1.125362,ITA,SLE,0114
22176,162,196,659,2002.0,569246.0,0.0,1.175777,1.667472,NLD,SLE,0114
22177,231,196,659,2002.0,1062998.0,0.0,1.853174,0.120986,USA,SLE,0114
22178,167,199,659,2002.0,0.0,18691.0,-1.307058,-1.270916,OMN,SOM,0114
22179,147,209,659,2002.0,0.0,80553.0,-1.337891,-1.187073,MOZ,SWZ,0114
22180,216,209,659,2002.0,10127.0,0.0,0.513887,1.545967,THA,SWZ,0114
22181,246,209,659,2002.0,811351.0,0.0,0.32760500000000004,2.497746,ZAF,SWZ,0114
22182,7,211,659,2002.0,1378.0,0.0,-0.288838,-0.640049,ARE,SYC,0114
22183,64,211,659,2002.0,1044584.0,0.0,1.344708,1.321135,DNK,SYC,0114
22184,77,211,659,2002.0,71536.0,0.0,1.648526,0.6870430000000001,FRA,SYC,0114
22185,192,211,659,2002.0,32888.0,0.0,1.7077209999999998,0.683549,SGP,SYC,0114
22186,246,211,659,2002.0,14806.0,0.0,0.32760500000000004,2.497746,ZAF,SYC,0114
22187,23,217,659,2002.0,0.0,6331.0,0.468058,1.644037,BGR,TJK,0114
22188,130,217,659,2002.0,21442.0,0.0,0.15796,0.855931,LTU,TJK,0114
22189,186,217,659,2002.0,6359.0,0.0,0.6051449999999999,0.272307,RUS,TJK,0114
22190,10,242,659,2002.0,1505.0,0.0,1.002446,0.17447200000000002,ASM,WSM,0114
22191,14,242,659,2002.0,90740.0,0.0,-0.052462,0.759617,AUS,WSM,0114
22192,166,242,659,2002.0,103166.0,0.0,0.370673,0.7853829999999999,NZL,WSM,0114
22193,218,242,659,2002.0,0.0,38494.0,0.177449,0.196596,TKL,WSM,0114
22194,221,242,659,2002.0,0.0,12779.0,-0.772079,-1.0016479999999999,TON,WSM,0114
22195,231,242,659,2002.0,1616822.0,0.0,1.853174,0.120986,USA,WSM,0114
22196,32,243,659,2002.0,32228012.0,0.0,0.631343,1.249344,BRA,YEM,0114
22197,43,243,659,2002.0,28585.0,0.0,0.6181220000000001,1.9636759999999998,CHN,YEM,0114
22198,77,243,659,2002.0,30994870.0,0.0,1.648526,0.6870430000000001,FRA,YEM,0114
22199,167,243,659,2002.0,78158.0,2994.0,-1.307058,-1.270916,OMN,YEM,0114
22200,231,243,659,2002.0,464728.0,0.0,1.853174,0.120986,USA,YEM,0114
22201,8,2,659,2002.0,32404.0,0.0,0.045376,0.71768,ARG,AGO,0114
22202,18,2,659,2002.0,4296404.0,0.0,1.424339,1.372755,BEL,AGO,0114
22203,32,2,659,2002.0,15055494.0,0.0,0.631343,1.249344,BRA,AGO,0114
22204,43,2,659,2002.0,25301.0,0.0,0.6181220000000001,1.9636759999999998,CHN,AGO,0114
22205,61,2,659,2002.0,132000.0,0.0,2.367856,-2.195331,DEU,AGO,0114
22206,64,2,659,2002.0,16705.0,0.0,1.344708,1.321135,DNK,AGO,0114
22207,71,2,659,2002.0,4883.0,0.0,1.054108,1.9357349999999998,ESP,AGO,0114
22208,77,2,659,2002.0,454334.0,0.0,1.648526,0.6870430000000001,FRA,AGO,0114
22209,81,2,659,2002.0,56809.0,0.0,2.067395,0.7934359999999999,GBR,AGO,0114
22210,111,2,659,2002.0,34013.0,0.0,1.3944219999999998,1.125362,ITA,AGO,0114
22211,155,2,659,2002.0,75216.0,0.0,-0.137725,-0.361452,NAM,AGO,0114
22212,162,2,659,2002.0,901082.0,0.0,1.175777,1.667472,NLD,AGO,0114
22213,179,2,659,2002.0,449030.0,0.0,0.584956,1.377068,PRT,AGO,0114
22214,224,2,659,2002.0,12904.0,0.0,0.12982,1.8032650000000001,TUR,AGO,0114
22215,230,2,659,2002.0,136800.0,0.0,0.048498,0.118565,URY,AGO,0114
22216,231,2,659,2002.0,23683942.0,0.0,1.853174,0.120986,USA,AGO,0114
22217,246,2,659,2002.0,429761.0,0.0,0.32760500000000004,2.497746,ZAF,AGO,0114
22218,247,2,659,2002.0,2831.0,0.0,-0.840258,-0.639474,ZMB,AGO,0114
22219,15,46,659,2002.0,24037.0,0.0,1.866997,0.400527,AUT,COD,0114
22220,18,46,659,2002.0,8583497.0,0.0,1.424339,1.372755,BEL,COD,0114
22221,32,46,659,2002.0,262667.0,0.0,0.631343,1.249344,BRA,COD,0114
22222,39,46,659,2002.0,8572.0,0.0,0.9672360000000001,1.389981,CAN,COD,0114
22223,61,46,659,2002.0,1669000.0,0.0,2.367856,-2.195331,DEU,COD,0114
22224,71,46,659,2002.0,31053.0,0.0,1.054108,1.9357349999999998,ESP,COD,0114
22225,77,46,659,2002.0,1383300.0,0.0,1.648526,0.6870430000000001,FRA,COD,0114
22226,81,46,659,2002.0,43173.0,0.0,2.067395,0.7934359999999999,GBR,COD,0114
22227,111,46,659,2002.0,38912.0,0.0,1.3944219999999998,1.125362,ITA,COD,0114
22228,162,46,659,2002.0,1266673.0,0.0,1.175777,1.667472,NLD,COD,0114
22229,231,46,659,2002.0,3039319.0,0.0,1.853174,0.120986,USA,COD,0114
22230,246,46,659,2002.0,143809.0,0.0,0.32760500000000004,2.497746,ZAF,COD,0114
22231,247,46,659,2002.0,168969.0,0.0,-0.840258,-0.639474,ZMB,COD,0114
22232,248,46,659,2002.0,358605.0,0.0,-0.36033000000000004,0.452182,ZWE,COD,0114
22233,8,47,659,2002.0,1062367.0,0.0,0.045376,0.71768,ARG,COG,0114
22234,18,47,659,2002.0,8943346.0,0.0,1.424339,1.372755,BEL,COG,0114
22235,32,47,659,2002.0,285481.0,0.0,0.631343,1.249344,BRA,COG,0114
22236,39,47,659,2002.0,15973.0,0.0,0.9672360000000001,1.389981,CAN,COG,0114
22237,45,47,659,2002.0,8334.0,0.0,-1.188713,-1.109944,CMR,COG,0114
22238,61,47,659,2002.0,61000.0,0.0,2.367856,-2.195331,DEU,COG,0114
22239,71,47,659,2002.0,107647.0,0.0,1.054108,1.9357349999999998,ESP,COG,0114
22240,77,47,659,2002.0,2230227.0,0.0,1.648526,0.6870430000000001,FRA,COG,0114
22241,81,47,659,2002.0,63936.0,0.0,2.067395,0.7934359999999999,GBR,COG,0114
22242,106,47,659,2002.0,1122133.0,0.0,1.7939310000000002,0.219254,IRL,COG,0114
22243,111,47,659,2002.0,382408.0,0.0,1.3944219999999998,1.125362,ITA,COG,0114
22244,162,47,659,2002.0,3739030.0,0.0,1.175777,1.667472,NLD,COG,0114
22245,231,47,659,2002.0,520658.0,0.0,1.853174,0.120986,USA,COG,0114
22246,246,47,659,2002.0,9703.0,0.0,0.32760500000000004,2.497746,ZAF,COG,0114
22247,61,78,659,2002.0,14480.0,0.0,2.367856,-2.195331,DEU,FRO,0114
22248,64,78,659,2002.0,728370.0,0.0,1.344708,1.321135,DNK,FRO,0114
22249,77,78,659,2002.0,1913.0,0.0,1.648526,0.6870430000000001,FRA,FRO,0114
22250,109,78,659,2002.0,10007.0,0.0,0.17011700000000002,-0.33925500000000003,ISL,FRO,0114
22251,208,78,659,2002.0,76584.0,0.0,2.134,0.769413,SWE,FRO,0114
22252,216,78,659,2002.0,8889.0,0.0,0.513887,1.545967,THA,FRO,0114
22253,18,89,659,2002.0,914435.0,0.0,1.424339,1.372755,BEL,GNQ,0114
22254,32,89,659,2002.0,210606.0,0.0,0.631343,1.249344,BRA,GNQ,0114
22255,61,89,659,2002.0,50000.0,0.0,2.367856,-2.195331,DEU,GNQ,0114
22256,71,89,659,2002.0,425852.0,0.0,1.054108,1.9357349999999998,ESP,GNQ,0114
22257,77,89,659,2002.0,2223356.0,0.0,1.648526,0.6870430000000001,FRA,GNQ,0114
22258,81,89,659,2002.0,10954.0,0.0,2.067395,0.7934359999999999,GBR,GNQ,0114
22259,111,89,659,2002.0,342920.0,0.0,1.3944219999999998,1.125362,ITA,GNQ,0114
22260,162,89,659,2002.0,1562505.0,0.0,1.175777,1.667472,NLD,GNQ,0114
22261,231,89,659,2002.0,7648.0,0.0,1.853174,0.120986,USA,GNQ,0114
22262,32,101,659,2002.0,1948954.0,0.0,0.631343,1.249344,BRA,HTI,0114
22263,39,101,659,2002.0,123181.0,0.0,0.9672360000000001,1.389981,CAN,HTI,0114
22264,65,101,659,2002.0,477824.0,0.0,-0.43339300000000003,-0.378827,DOM,HTI,0114
22265,231,101,659,2002.0,13722183.0,0.0,1.853174,0.120986,USA,HTI,0114
22266,23,125,659,2002.0,1715.0,0.0,0.468058,1.644037,BGR,LBR,0114
22267,32,125,659,2002.0,144078.0,0.0,0.631343,1.249344,BRA,LBR,0114
22268,71,125,659,2002.0,53260.0,0.0,1.054108,1.9357349999999998,ESP,LBR,0114
22269,72,125,659,2002.0,10509.0,0.0,0.576142,1.168563,EST,LBR,0114
22270,77,125,659,2002.0,180331.0,0.0,1.648526,0.6870430000000001,FRA,LBR,0114
22271,111,125,659,2002.0,133419.0,0.0,1.3944219999999998,1.125362,ITA,LBR,0114
22272,124,125,659,2002.0,14200.0,0.0,0.220906,1.470297,LBN,LBR,0114
22273,162,125,659,2002.0,560463.0,0.0,1.175777,1.667472,NLD,LBR,0114
22274,185,125,659,2002.0,30000.0,0.0,0.549227,1.071998,ROU,LBR,0114
22275,231,125,659,2002.0,348303.0,0.0,1.853174,0.120986,USA,LBR,0114
22276,18,127,659,2002.0,13382.0,0.0,1.424339,1.372755,BEL,LCA,0114
22277,33,127,659,2002.0,5692.0,0.0,0.547024,-0.004036,BRB,LCA,0114
22278,39,127,659,2002.0,56977.0,0.0,0.9672360000000001,1.389981,CAN,LCA,0114
22279,77,127,659,2002.0,21091.0,0.0,1.648526,0.6870430000000001,FRA,LCA,0114
22280,81,127,659,2002.0,647301.0,23113.0,2.067395,0.7934359999999999,GBR,LCA,0114
22281,231,127,659,2002.0,2916141.0,0.0,1.853174,0.120986,USA,LCA,0114
22282,234,127,659,2002.0,16897.0,22817.0,-0.268813,-0.67072,VCT,LCA,0114
22283,246,129,659,2002.0,8772325.0,2026.0,0.32760500000000004,2.497746,ZAF,LSO,0114
22284,8,182,659,2002.0,92480.0,0.0,0.045376,0.71768,ARG,PYF,0114
22285,14,182,659,2002.0,7653.0,0.0,-0.052462,0.759617,AUS,PYF,0114
22286,39,182,659,2002.0,86138.0,0.0,0.9672360000000001,1.389981,CAN,PYF,0114
22287,42,182,659,2002.0,814495.0,0.0,-0.079201,-0.11449200000000001,CHL,PYF,0114
22288,64,182,659,2002.0,129923.0,0.0,1.344708,1.321135,DNK,PYF,0114
22289,77,182,659,2002.0,952262.0,0.0,1.648526,0.6870430000000001,FRA,PYF,0114
22290,166,182,659,2002.0,145857.0,0.0,0.370673,0.7853829999999999,NZL,PYF,0114
22291,231,182,659,2002.0,8296626.0,0.0,1.853174,0.120986,USA,PYF,0114
22292,14,220,659,2002.0,3396.0,0.0,-0.052462,0.759617,AUS,TLS,0114
22293,162,220,659,2002.0,1942.0,0.0,1.175777,1.667472,NLD,TLS,0114
22294,179,220,659,2002.0,1762.0,0.0,0.584956,1.377068,PRT,TLS,0114
22295,192,220,659,2002.0,466933.0,0.0,1.7077209999999998,0.683549,SGP,TLS,0114
22296,18,232,659,2002.0,29816.0,0.0,1.424339,1.372755,BEL,UZB,0114
22297,39,232,659,2002.0,7179.0,0.0,0.9672360000000001,1.389981,CAN,UZB,0114
22298,61,232,659,2002.0,46000.0,0.0,2.367856,-2.195331,DEU,UZB,0114
22299,64,232,659,2002.0,3427.0,0.0,1.344708,1.321135,DNK,UZB,0114
22300,82,232,659,2002.0,140114.0,0.0,0.23526999999999998,-0.156333,GEO,UZB,0114
22301,117,232,659,2002.0,0.0,5448.0,-0.094898,0.235639,KGZ,UZB,0114
22302,130,232,659,2002.0,1275091.0,0.0,0.15796,0.855931,LTU,UZB,0114
22303,162,232,659,2002.0,216948.0,0.0,1.175777,1.667472,NLD,UZB,0114
22304,224,232,659,2002.0,267062.0,0.0,0.12982,1.8032650000000001,TUR,UZB,0114
22305,231,232,659,2002.0,1973523.0,0.0,1.853174,0.120986,USA,UZB,0114
22306,8,250,659,2002.0,463299.0,0.0,0.045376,0.71768,ARG,ANS,0114
22307,18,250,659,2002.0,89070.0,0.0,1.424339,1.372755,BEL,ANS,0114
22308,23,250,659,2002.0,88992.0,6965.0,0.468058,1.644037,BGR,ANS,0114
22309,24,250,659,2002.0,10253.0,0.0,-0.31754099999999996,-1.099381,BHR,ANS,0114
22310,28,250,659,2002.0,0.0,672618.0,0.865742,1.1823860000000002,BLR,ANS,0114
22311,38,250,659,2002.0,0.0,1469.0,-0.698235,-0.905799,CAF,ANS,0114
22312,42,250,659,2002.0,1135159.0,0.0,-0.079201,-0.11449200000000001,CHL,ANS,0114
22313,44,250,659,2002.0,9141.0,2454.0,-0.803739,-0.752218,CIV,ANS,0114
22314,45,250,659,2002.0,0.0,1132000.0,-1.188713,-1.109944,CMR,ANS,0114
22315,59,250,659,2002.0,0.0,23976.0,1.5835139999999999,0.9563010000000001,CZE,ANS,0114
22316,61,250,659,2002.0,17993.0,166953.0,2.367856,-2.195331,DEU,ANS,0114
22317,64,250,659,2002.0,20594.0,59665.0,1.344708,1.321135,DNK,ANS,0114
22318,71,250,659,2002.0,20497.0,0.0,1.054108,1.9357349999999998,ESP,ANS,0114
22319,72,250,659,2002.0,0.0,2948976.0,0.576142,1.168563,EST,ANS,0114
22320,77,250,659,2002.0,47197.0,19900.0,1.648526,0.6870430000000001,FRA,ANS,0114
22321,90,250,659,2002.0,111710.0,13144.0,0.20355399999999998,1.4130200000000002,GRC,ANS,0114
22322,92,250,659,2002.0,0.0,105173.0,-0.514411,-0.87766,GRL,ANS,0114
22323,106,250,659,2002.0,136647.0,576111.0,1.7939310000000002,0.219254,IRL,ANS,0114
22324,116,250,659,2002.0,29554.0,0.0,-0.59055,0.000731,KEN,ANS,0114
22325,124,250,659,2002.0,32418.0,0.0,0.220906,1.470297,LBN,ANS,0114
22326,132,250,659,2002.0,29571.0,0.0,0.41409799999999997,0.6281680000000001,LVA,ANS,0114
22327,134,250,659,2002.0,2510.0,0.0,-0.690226,-0.42557,MAR,ANS,0114
22328,153,250,659,2002.0,0.0,117329.0,0.9987159999999999,0.26558200000000004,MYS,ANS,0114
22329,162,250,659,2002.0,246724.0,0.0,1.175777,1.667472,NLD,ANS,0114
22330,167,250,659,2002.0,208130.0,0.0,-1.307058,-1.270916,OMN,ANS,0114
22331,177,250,659,2002.0,55000.0,0.0,0.9449299999999999,1.655764,POL,ANS,0114
22332,179,250,659,2002.0,204356.0,0.0,0.584956,1.377068,PRT,ANS,0114
22333,185,250,659,2002.0,0.0,44808.0,0.549227,1.071998,ROU,ANS,0114
22334,186,250,659,2002.0,53910.0,0.0,0.6051449999999999,0.272307,RUS,ANS,0114
22335,188,250,659,2002.0,0.0,81404.0,0.048764,-0.903125,SAU,ANS,0114
22336,191,250,659,2002.0,86931.0,0.0,-0.5424939999999999,-0.554531,SEN,ANS,0114
22337,222,250,659,2002.0,45734.0,0.0,-0.056315,-0.803537,TTO,ANS,0114
22338,223,250,659,2002.0,34159.0,6975.0,0.059876,0.369032,TUN,ANS,0114
22339,224,250,659,2002.0,91204.0,0.0,0.12982,1.8032650000000001,TUR,ANS,0114
22340,241,250,659,2002.0,0.0,23844.0,0.712441,-0.668211,WLF,ANS,0114
22341,64,84,659,2002.0,32004.0,0.0,1.344708,1.321135,DNK,GIB,0114
22342,71,84,659,2002.0,529065.0,0.0,1.054108,1.9357349999999998,ESP,GIB,0114
22343,77,84,659,2002.0,9447.0,0.0,1.648526,0.6870430000000001,FRA,GIB,0114
22344,81,84,659,2002.0,96411.0,0.0,2.067395,0.7934359999999999,GBR,GIB,0114
22345,82,219,659,2002.0,196203.0,0.0,0.23526999999999998,-0.156333,GEO,TKM,0114
22346,224,219,659,2002.0,73807.0,0.0,0.12982,1.8032650000000001,TUR,TKM,0114
22347,231,219,659,2002.0,2018051.0,0.0,1.853174,0.120986,USA,TKM,0114
22348,81,237,659,2002.0,20770.0,0.0,2.067395,0.7934359999999999,GBR,VGB,0114
22349,231,237,659,2002.0,1002031.0,0.0,1.853174,0.120986,USA,VGB,0114
22350,246,237,659,2002.0,0.0,49778.0,0.32760500000000004,2.497746,ZAF,VGB,0114
22351,14,221,659,2002.0,430930.0,0.0,-0.052462,0.759617,AUS,TON,0114
22352,166,221,659,2002.0,57510.0,0.0,0.370673,0.7853829999999999,NZL,TON,0114
22353,231,221,659,2002.0,1500584.0,0.0,1.853174,0.120986,USA,TON,0114
22354,242,221,659,2002.0,12779.0,0.0,-0.09827000000000001,-0.540676,WSM,TON,0114
22355,77,10,659,2002.0,17990.0,0.0,1.648526,0.6870430000000001,FRA,ASM,0114
22356,242,10,659,2002.0,0.0,1505.0,-0.09827000000000001,-0.540676,WSM,ASM,0114
22357,231,12,659,2002.0,9227.0,0.0,1.853174,0.120986,USA,ATF,0114
22358,64,30,659,2002.0,2057.0,0.0,1.344708,1.321135,DNK,BMU,0114
22359,81,30,659,2002.0,40026.0,0.0,2.067395,0.7934359999999999,GBR,BMU,0114
22360,231,30,659,2002.0,5536935.0,0.0,1.853174,0.120986,USA,BMU,0114
22361,32,38,659,2002.0,12386.0,0.0,0.631343,1.249344,BRA,CAF,0114
22362,77,38,659,2002.0,8138.0,0.0,1.648526,0.6870430000000001,FRA,CAF,0114
22363,250,38,659,2002.0,1469.0,0.0,0.5979300000000001,-0.497816,ANS,CAF,0114
22364,14,40,659,2002.0,8300.0,0.0,-0.052462,0.759617,AUS,CCK,0114
22365,14,48,659,2002.0,495821.0,0.0,-0.052462,0.759617,AUS,COK,0114
22366,166,48,659,2002.0,84256.0,0.0,0.370673,0.7853829999999999,NZL,COK,0114
22367,231,48,659,2002.0,256169.0,0.0,1.853174,0.120986,USA,COK,0114
22368,14,56,659,2002.0,34311.0,0.0,-0.052462,0.759617,AUS,CXR,0114
22369,32,57,659,2002.0,2657622.0,0.0,0.631343,1.249344,BRA,CYM,0114
22370,112,57,659,2002.0,485973.0,0.0,-0.459541,-0.947443,JAM,CYM,0114
22371,231,57,659,2002.0,1852654.0,0.0,1.853174,0.120986,USA,CYM,0114
22372,32,62,659,2002.0,132346.0,0.0,0.631343,1.249344,BRA,DJI,0114
22373,73,62,659,2002.0,9035.0,0.0,-1.289118,-1.0291540000000001,ETH,DJI,0114
22374,77,62,659,2002.0,141862.0,0.0,1.648526,0.6870430000000001,FRA,DJI,0114
22375,81,62,659,2002.0,4509.0,0.0,2.067395,0.7934359999999999,GBR,DJI,0114
22376,167,62,659,2002.0,101821.0,0.0,-1.307058,-1.270916,OMN,DJI,0114
22377,116,69,659,2002.0,1562.0,0.0,-0.59055,0.000731,KEN,ERI,0114
22378,81,76,659,2002.0,103020.0,0.0,2.067395,0.7934359999999999,GBR,FLK,0114
22379,14,79,659,2002.0,79336.0,0.0,-0.052462,0.759617,AUS,FSM,0114
22380,231,79,659,2002.0,1752018.0,0.0,1.853174,0.120986,USA,FSM,0114
22381,14,119,659,2002.0,732916.0,0.0,-0.052462,0.759617,AUS,KIR,0114
22382,231,119,659,2002.0,18882.0,0.0,1.853174,0.120986,USA,KIR,0114
22383,43,123,659,2002.0,0.0,19106.0,0.6181220000000001,1.9636759999999998,CHN,LAO,0114
22384,14,139,659,2002.0,2703.0,0.0,-0.052462,0.759617,AUS,MHL,0114
22385,231,139,659,2002.0,1822778.0,0.0,1.853174,0.120986,USA,MHL,0114
22386,186,145,659,2002.0,143083.0,0.0,0.6051449999999999,0.272307,RUS,MNG,0114
22387,231,145,659,2002.0,46601.0,0.0,1.853174,0.120986,USA,MNG,0114
22388,14,158,659,2002.0,156778.0,0.0,-0.052462,0.759617,AUS,NFK,0114
22389,166,158,659,2002.0,1711.0,0.0,0.370673,0.7853829999999999,NZL,NFK,0114
22390,32,164,659,2002.0,12695.0,0.0,0.631343,1.249344,BRA,NPL,0114
22391,43,164,659,2002.0,41904.0,0.0,0.6181220000000001,1.9636759999999998,CHN,NPL,0114
22392,192,164,659,2002.0,1314.0,0.0,1.7077209999999998,0.683549,SGP,NPL,0114
22393,14,165,659,2002.0,428182.0,0.0,-0.052462,0.759617,AUS,NRU,0114
22394,75,165,659,2002.0,4883.0,0.0,-0.788026,-0.432015,FJI,NRU,0114
22395,231,175,659,2002.0,507981.0,0.0,1.853174,0.120986,USA,PLW,0114
22396,68,181,659,2002.0,172253.0,0.0,-0.37218,0.634319,EGY,PSE,0114
22397,113,181,659,2002.0,0.0,3775.0,0.34023000000000003,0.264754,JOR,PSE,0114
22398,14,195,659,2002.0,279729.0,0.0,-0.052462,0.759617,AUS,SLB,0114
22399,75,195,659,2002.0,68367.0,0.0,-0.788026,-0.432015,FJI,SLB,0114
22400,45,214,659,2002.0,6244.0,0.0,-1.188713,-1.109944,CMR,TCD,0114
22401,77,214,659,2002.0,63293.0,0.0,1.648526,0.6870430000000001,FRA,TCD,0114
22402,80,214,659,2002.0,79967.0,0.0,-1.34341,-1.238593,GAB,TCD,0114
22403,162,214,659,2002.0,17035.0,0.0,1.175777,1.667472,NLD,TCD,0114
22404,246,214,659,2002.0,11497.0,0.0,0.32760500000000004,2.497746,ZAF,TCD,0114
22405,14,225,659,2002.0,197387.0,0.0,-0.052462,0.759617,AUS,TUV,0114
22406,75,225,659,2002.0,5071.0,0.0,-0.788026,-0.432015,FJI,TUV,0114
22407,14,240,659,2002.0,753516.0,0.0,-0.052462,0.759617,AUS,VUT,0114
22408,156,240,659,2002.0,1851.0,0.0,-0.7477739999999999,-1.006248,NCL,VUT,0114
22409,14,241,659,2002.0,275076.0,0.0,-0.052462,0.759617,AUS,WLF,0114
22410,77,241,659,2002.0,166966.0,0.0,1.648526,0.6870430000000001,FRA,WLF,0114
22411,162,241,659,2002.0,48395.0,0.0,1.175777,1.667472,NLD,WLF,0114
22412,250,241,659,2002.0,23844.0,0.0,0.5979300000000001,-0.497816,ANS,WLF,0114
22413,61,5,659,2002.0,10332.0,0.0,2.367856,-2.195331,DEU,AND,0114
22414,71,5,659,2002.0,2337714.0,0.0,1.054108,1.9357349999999998,ESP,AND,0114
22415,77,5,659,2002.0,291740.0,0.0,1.648526,0.6870430000000001,FRA,AND,0114
22416,81,5,659,2002.0,6192.0,0.0,2.067395,0.7934359999999999,GBR,AND,0114
22417,106,5,659,2002.0,15452.0,0.0,1.7939310000000002,0.219254,IRL,AND,0114
22418,231,5,659,2002.0,35733.0,0.0,1.853174,0.120986,USA,AND,0114
22419,39,92,659,2002.0,19332.0,0.0,0.9672360000000001,1.389981,CAN,GRL,0114
22420,64,92,659,2002.0,1439910.0,0.0,1.344708,1.321135,DNK,GRL,0114
22421,250,92,659,2002.0,105173.0,0.0,0.5979300000000001,-0.497816,ANS,GRL,0114
22422,231,213,659,2002.0,165250.0,0.0,1.853174,0.120986,USA,TCA,0114
22423,18,88,659,2002.0,39768.0,0.0,1.424339,1.372755,BEL,GNB,0114
22424,32,88,659,2002.0,77808.0,0.0,0.631343,1.249344,BRA,GNB,0114
22425,61,88,659,2002.0,101000.0,0.0,2.367856,-2.195331,DEU,GNB,0114
22426,77,88,659,2002.0,149014.0,0.0,1.648526,0.6870430000000001,FRA,GNB,0114
22427,162,88,659,2002.0,35060.0,0.0,1.175777,1.667472,NLD,GNB,0114
22428,162,198,659,2002.0,53869.0,0.0,1.175777,1.667472,NLD,SMR,0114
22429,231,198,659,2002.0,11320.0,0.0,1.853174,0.120986,USA,SMR,0114
22430,39,200,659,2002.0,25519.0,0.0,0.9672360000000001,1.389981,CAN,SPM,0114
22431,77,200,659,2002.0,13289.0,0.0,1.648526,0.6870430000000001,FRA,SPM,0114
22432,231,200,659,2002.0,17128.0,0.0,1.853174,0.120986,USA,SPM,0114
22433,111,233,659,2002.0,8648.0,0.0,1.3944219999999998,1.125362,ITA,VAT,0114
22434,77,11,659,2002.0,6648.0,0.0,1.648526,0.6870430000000001,FRA,ATA,0114
22435,81,11,659,2002.0,28206.0,0.0,2.067395,0.7934359999999999,GBR,ATA,0114
22436,231,218,659,2002.0,137300.0,0.0,1.853174,0.120986,USA,TKL,0114
22437,242,218,659,2002.0,38494.0,0.0,-0.09827000000000001,-0.540676,WSM,TKL,0114
22438,77,194,659,2002.0,67030.0,0.0,1.648526,0.6870430000000001,FRA,SHN,0114
22439,81,194,659,2002.0,64965.0,0.0,2.067395,0.7934359999999999,GBR,SHN,0114
22440,246,194,659,2002.0,42977.0,0.0,0.32760500000000004,2.497746,ZAF,SHN,0114
22441,231,171,659,2002.0,832847.0,0.0,1.853174,0.120986,USA,PCN,0114
22442,82,161,659,2002.0,0.0,30041.0,0.23526999999999998,-0.156333,GEO,NIU,0114
22443,166,161,659,2002.0,116675.0,0.0,0.370673,0.7853829999999999,NZL,NIU,0114
22444,3,6,661,2002.0,0.0,16540.0,1.822725,0.45911899999999994,AIA,ANT,0116
22445,32,6,661,2002.0,59120.0,0.0,0.631343,1.249344,BRA,ANT,0116
22446,71,6,661,2002.0,6083.0,0.0,1.054108,1.9357349999999998,ESP,ANT,0116
22447,77,6,661,2002.0,312168.0,0.0,1.648526,0.6870430000000001,FRA,ANT,0116
22448,162,6,661,2002.0,129589.0,0.0,1.175777,1.667472,NLD,ANT,0116
22449,169,6,661,2002.0,88871.0,0.0,0.085746,0.21839,PAN,ANT,0116
22450,179,6,661,2002.0,10094.0,0.0,0.584956,1.377068,PRT,ANT,0116
22451,180,6,661,2002.0,8550.0,0.0,-0.733796,-0.9001530000000001,PRY,ANT,0116
22452,230,6,661,2002.0,11466.0,0.0,0.048498,0.118565,URY,ANT,0116
22453,106,13,661,2002.0,107993.0,0.0,1.7939310000000002,0.219254,IRL,ATG,0116
22454,231,13,661,2002.0,2614.0,0.0,1.853174,0.120986,USA,ATG,0116
22455,4,15,661,2002.0,0.0,21896.0,-0.05800399999999999,0.042254,ALB,AUT,0116
22456,18,15,661,2002.0,3767.0,0.0,1.424339,1.372755,BEL,AUT,0116
22457,23,15,661,2002.0,13600.0,212213.0,0.468058,1.644037,BGR,AUT,0116
22458,26,15,661,2002.0,0.0,894873.0,0.223543,0.44595100000000004,BIH,AUT,0116
22459,28,15,661,2002.0,0.0,29620.0,0.865742,1.1823860000000002,BLR,AUT,0116
22460,41,15,661,2002.0,0.0,86086.0,2.205507,0.831836,CHE,AUT,0116
22461,43,15,661,2002.0,0.0,7612.0,0.6181220000000001,1.9636759999999998,CHN,AUT,0116
22462,59,15,661,2002.0,14850.0,2000272.0,1.5835139999999999,0.9563010000000001,CZE,AUT,0116
22463,61,15,661,2002.0,8049519.0,2680140.0,2.367856,-2.195331,DEU,AUT,0116
22464,64,15,661,2002.0,22327.0,33900.0,1.344708,1.321135,DNK,AUT,0116
22465,71,15,661,2002.0,42608.0,134188.0,1.054108,1.9357349999999998,ESP,AUT,0116
22466,77,15,661,2002.0,100168.0,713587.0,1.648526,0.6870430000000001,FRA,AUT,0116
22467,81,15,661,2002.0,1333.0,13284.0,2.067395,0.7934359999999999,GBR,AUT,0116
22468,90,15,661,2002.0,2028.0,16117.0,0.20355399999999998,1.4130200000000002,GRC,AUT,0116
22469,97,15,661,2002.0,0.0,12452.0,0.704932,1.291658,HKG,AUT,0116
22470,100,15,661,2002.0,0.0,301246.0,0.603546,1.273001,HRV,AUT,0116
22471,102,15,661,2002.0,0.0,400382.0,1.232359,1.064425,HUN,AUT,0116
22472,106,15,661,2002.0,0.0,4562.0,1.7939310000000002,0.219254,IRL,AUT,0116
22473,111,15,661,2002.0,250456.0,2262627.0,1.3944219999999998,1.125362,ITA,AUT,0116
22474,112,15,661,2002.0,0.0,20846.0,-0.459541,-0.947443,JAM,AUT,0116
22475,114,15,661,2002.0,0.0,181302.0,2.7747580000000003,0.43663199999999996,JPN,AUT,0116
22476,121,15,661,2002.0,0.0,34538.0,1.4172719999999999,0.8763139999999999,KOR,AUT,0116
22477,130,15,661,2002.0,0.0,5234.0,0.15796,0.855931,LTU,AUT,0116
22478,132,15,661,2002.0,0.0,18958.0,0.41409799999999997,0.6281680000000001,LVA,AUT,0116
22479,135,15,661,2002.0,0.0,40130.0,-0.017383000000000003,0.109124,MDA,AUT,0116
22480,138,15,661,2002.0,0.0,1389.0,1.2677129999999999,0.599314,MEX,AUT,0116
22481,140,15,661,2002.0,0.0,856147.0,-0.027727999999999996,0.41846400000000006,MKD,AUT,0116
22482,162,15,661,2002.0,458416.0,178658.0,1.175777,1.667472,NLD,AUT,0116
22483,166,15,661,2002.0,1509.0,0.0,0.370673,0.7853829999999999,NZL,AUT,0116
22484,177,15,661,2002.0,0.0,266226.0,0.9449299999999999,1.655764,POL,AUT,0116
22485,185,15,661,2002.0,0.0,822954.0,0.549227,1.071998,ROU,AUT,0116
22486,186,15,661,2002.0,7047.0,762348.0,0.6051449999999999,0.272307,RUS,AUT,0116
22487,189,15,661,2002.0,0.0,476873.0,0.523459,2.58657,SCG,AUT,0116
22488,206,15,661,2002.0,0.0,310850.0,1.269549,1.184774,SVK,AUT,0116
22489,207,15,661,2002.0,0.0,440018.0,1.469681,1.13303,SVN,AUT,0116
22490,208,15,661,2002.0,0.0,47571.0,2.134,0.769413,SWE,AUT,0116
22491,222,15,661,2002.0,0.0,3838.0,-0.056315,-0.803537,TTO,AUT,0116
22492,228,15,661,2002.0,0.0,224640.0,0.575372,1.131722,UKR,AUT,0116
22493,2,18,661,2002.0,0.0,35774.0,-1.8043639999999999,-1.250642,AGO,BEL,0116
22494,8,18,661,2002.0,90504.0,0.0,0.045376,0.71768,ARG,BEL,0116
22495,14,18,661,2002.0,7010.0,0.0,-0.052462,0.759617,AUS,BEL,0116
22496,15,18,661,2002.0,0.0,3767.0,1.866997,0.400527,AUT,BEL,0116
22497,23,18,661,2002.0,1819.0,375285.0,0.468058,1.644037,BGR,BEL,0116
22498,28,18,661,2002.0,0.0,148863.0,0.865742,1.1823860000000002,BLR,BEL,0116
22499,32,18,661,2002.0,1359.0,0.0,0.631343,1.249344,BRA,BEL,0116
22500,41,18,661,2002.0,0.0,5574.0,2.205507,0.831836,CHE,BEL,0116
22501,42,18,661,2002.0,13217.0,0.0,-0.079201,-0.11449200000000001,CHL,BEL,0116
22502,43,18,661,2002.0,0.0,2079770.0,0.6181220000000001,1.9636759999999998,CHN,BEL,0116
22503,44,18,661,2002.0,0.0,126559.0,-0.803739,-0.752218,CIV,BEL,0116
22504,45,18,661,2002.0,0.0,380214.0,-1.188713,-1.109944,CMR,BEL,0116
22505,46,18,661,2002.0,0.0,124365.0,-1.218664,-1.1406120000000002,COD,BEL,0116
22506,47,18,661,2002.0,0.0,220536.0,-1.468836,-1.250484,COG,BEL,0116
22507,59,18,661,2002.0,0.0,274493.0,1.5835139999999999,0.9563010000000001,CZE,BEL,0116
22508,61,18,661,2002.0,7531243.0,5070922.0,2.367856,-2.195331,DEU,BEL,0116
22509,64,18,661,2002.0,577811.0,2764530.0,1.344708,1.321135,DNK,BEL,0116
22510,71,18,661,2002.0,281146.0,624359.0,1.054108,1.9357349999999998,ESP,BEL,0116
22511,72,18,661,2002.0,0.0,126622.0,0.576142,1.168563,EST,BEL,0116
22512,74,18,661,2002.0,0.0,6810.0,1.9545119999999998,1.047515,FIN,BEL,0116
22513,77,18,661,2002.0,2506089.0,10518537.0,1.648526,0.6870430000000001,FRA,BEL,0116
22514,80,18,661,2002.0,0.0,9187.0,-1.34341,-1.238593,GAB,BEL,0116
22515,81,18,661,2002.0,511894.0,583499.0,2.067395,0.7934359999999999,GBR,BEL,0116
22516,82,18,661,2002.0,0.0,5738.0,0.23526999999999998,-0.156333,GEO,BEL,0116
22517,83,18,661,2002.0,0.0,267507.0,-1.258567,-1.048266,GHA,BEL,0116
22518,89,18,661,2002.0,0.0,525085.0,-1.8647490000000002,-0.96145,GNQ,BEL,0116
22519,90,18,661,2002.0,0.0,133993.0,0.20355399999999998,1.4130200000000002,GRC,BEL,0116
22520,97,18,661,2002.0,0.0,972190.0,0.704932,1.291658,HKG,BEL,0116
22521,100,18,661,2002.0,0.0,7032.0,0.603546,1.273001,HRV,BEL,0116
22522,101,18,661,2002.0,0.0,99156.0,-0.837823,-0.834512,HTI,BEL,0116
22523,102,18,661,2002.0,0.0,771562.0,1.232359,1.064425,HUN,BEL,0116
22524,106,18,661,2002.0,1366104.0,0.0,1.7939310000000002,0.219254,IRL,BEL,0116
22525,111,18,661,2002.0,333172.0,1895682.0,1.3944219999999998,1.125362,ITA,BEL,0116
22526,114,18,661,2002.0,0.0,200971.0,2.7747580000000003,0.43663199999999996,JPN,BEL,0116
22527,115,18,661,2002.0,0.0,7438.0,-0.100361,-0.502468,KAZ,BEL,0116
22528,121,18,661,2002.0,14084.0,90187.0,1.4172719999999999,0.8763139999999999,KOR,BEL,0116
22529,130,18,661,2002.0,0.0,169209.0,0.15796,0.855931,LTU,BEL,0116
22530,131,18,661,2002.0,46188.0,821761.0,1.396249,1.153017,LUX,BEL,0116
22531,132,18,661,2002.0,0.0,101702.0,0.41409799999999997,0.6281680000000001,LVA,BEL,0116
22532,135,18,661,2002.0,0.0,420845.0,-0.017383000000000003,0.109124,MDA,BEL,0116
22533,140,18,661,2002.0,0.0,77047.0,-0.027727999999999996,0.41846400000000006,MKD,BEL,0116
22534,162,18,661,2002.0,11372695.0,11317150.0,1.175777,1.667472,NLD,BEL,0116
22535,166,18,661,2002.0,571486.0,0.0,0.370673,0.7853829999999999,NZL,BEL,0116
22536,174,18,661,2002.0,0.0,548856.0,0.29601,-0.232513,PHL,BEL,0116
22537,177,18,661,2002.0,0.0,692289.0,0.9449299999999999,1.655764,POL,BEL,0116
22538,179,18,661,2002.0,0.0,269908.0,0.584956,1.377068,PRT,BEL,0116
22539,185,18,661,2002.0,0.0,1417648.0,0.549227,1.071998,ROU,BEL,0116
22540,186,18,661,2002.0,0.0,1882194.0,0.6051449999999999,0.272307,RUS,BEL,0116
22541,189,18,661,2002.0,0.0,93447.0,0.523459,2.58657,SCG,BEL,0116
22542,192,18,661,2002.0,0.0,21752.0,1.7077209999999998,0.683549,SGP,BEL,0116
22543,206,18,661,2002.0,0.0,46180.0,1.269549,1.184774,SVK,BEL,0116
22544,208,18,661,2002.0,0.0,572101.0,2.134,0.769413,SWE,BEL,0116
22545,216,18,661,2002.0,0.0,314007.0,0.513887,1.545967,THA,BEL,0116
22546,228,18,661,2002.0,0.0,773186.0,0.575372,1.131722,UKR,BEL,0116
22547,231,18,661,2002.0,324040.0,24474.0,1.853174,0.120986,USA,BEL,0116
22548,246,18,661,2002.0,0.0,76618.0,0.32760500000000004,2.497746,ZAF,BEL,0116
22549,14,25,661,2002.0,429782.0,0.0,-0.052462,0.759617,AUS,BHS,0116
22550,32,25,661,2002.0,22117.0,0.0,0.631343,1.249344,BRA,BHS,0116
22551,39,25,661,2002.0,57954.0,0.0,0.9672360000000001,1.389981,CAN,BHS,0116
22552,81,25,661,2002.0,4101.0,0.0,2.067395,0.7934359999999999,GBR,BHS,0116
22553,106,25,661,2002.0,109450.0,0.0,1.7939310000000002,0.219254,IRL,BHS,0116
22554,208,25,661,2002.0,362934.0,0.0,2.134,0.769413,SWE,BHS,0116
22555,231,25,661,2002.0,264871.0,0.0,1.853174,0.120986,USA,BHS,0116
22556,0,32,661,2002.0,0.0,33773.0,0.27076100000000003,-0.858951,ABW,BRA,0116
22557,2,32,661,2002.0,0.0,156333.0,-1.8043639999999999,-1.250642,AGO,BRA,0116
22558,6,32,661,2002.0,0.0,59120.0,0.145946,-0.704052,ANT,BRA,0116
22559,7,32,661,2002.0,0.0,241319.0,-0.288838,-0.640049,ARE,BRA,0116
22560,8,32,661,2002.0,2901522.0,133599.0,0.045376,0.71768,ARG,BRA,0116
22561,9,32,661,2002.0,0.0,4865.0,0.66447,-0.08317000000000001,ARM,BRA,0116
22562,18,32,661,2002.0,0.0,1359.0,1.424339,1.372755,BEL,BRA,0116
22563,23,32,661,2002.0,0.0,25973.0,0.468058,1.644037,BGR,BRA,0116
22564,24,32,661,2002.0,0.0,6283.0,-0.31754099999999996,-1.099381,BHR,BRA,0116
22565,25,32,661,2002.0,0.0,22117.0,0.035127,-0.536416,BHS,BRA,0116
22566,41,32,661,2002.0,0.0,592796.0,2.205507,0.831836,CHE,BRA,0116
22567,42,32,661,2002.0,0.0,10569.0,-0.079201,-0.11449200000000001,CHL,BRA,0116
22568,43,32,661,2002.0,0.0,762884.0,0.6181220000000001,1.9636759999999998,CHN,BRA,0116
22569,44,32,661,2002.0,0.0,86326.0,-0.803739,-0.752218,CIV,BRA,0116
22570,47,32,661,2002.0,0.0,16011.0,-1.468836,-1.250484,COG,BRA,0116
22571,54,32,661,2002.0,0.0,23282.0,-0.896759,-1.079825,CUB,BRA,0116
22572,61,32,661,2002.0,0.0,45289.0,2.367856,-2.195331,DEU,BRA,0116
22573,64,32,661,2002.0,0.0,18970.0,1.344708,1.321135,DNK,BRA,0116
22574,71,32,661,2002.0,0.0,118997.0,1.054108,1.9357349999999998,ESP,BRA,0116
22575,77,32,661,2002.0,25887.0,357160.0,1.648526,0.6870430000000001,FRA,BRA,0116
22576,80,32,661,2002.0,0.0,6436.0,-1.34341,-1.238593,GAB,BRA,0116
22577,81,32,661,2002.0,0.0,129750.0,2.067395,0.7934359999999999,GBR,BRA,0116
22578,82,32,661,2002.0,0.0,81250.0,0.23526999999999998,-0.156333,GEO,BRA,0116
22579,90,32,661,2002.0,0.0,95880.0,0.20355399999999998,1.4130200000000002,GRC,BRA,0116
22580,97,32,661,2002.0,0.0,23049952.0,0.704932,1.291658,HKG,BRA,0116
22581,101,32,661,2002.0,0.0,62857.0,-0.837823,-0.834512,HTI,BRA,0116
22582,106,32,661,2002.0,0.0,1066.0,1.7939310000000002,0.219254,IRL,BRA,0116
22583,110,32,661,2002.0,0.0,2445136.0,1.257709,0.8318989999999999,ISR,BRA,0116
22584,111,32,661,2002.0,0.0,84006.0,1.3944219999999998,1.125362,ITA,BRA,0116
22585,114,32,661,2002.0,0.0,52841.0,2.7747580000000003,0.43663199999999996,JPN,BRA,0116
22586,122,32,661,2002.0,0.0,74496.0,-0.794007,-1.192659,KWT,BRA,0116
22587,124,32,661,2002.0,0.0,11693.0,0.220906,1.470297,LBN,BRA,0116
22588,130,32,661,2002.0,0.0,95632.0,0.15796,0.855931,LTU,BRA,0116
22589,133,32,661,2002.0,0.0,22172.0,0.005082,-0.328658,MAC,BRA,0116
22590,140,32,661,2002.0,0.0,85449.0,-0.027727999999999996,0.41846400000000006,MKD,BRA,0116
22591,153,32,661,2002.0,0.0,3557.0,0.9987159999999999,0.26558200000000004,MYS,BRA,0116
22592,154,32,661,2002.0,0.0,9955.0,0.752173,-0.5639,MYT,BRA,0116
22593,162,32,661,2002.0,0.0,368587.0,1.175777,1.667472,NLD,BRA,0116
22594,167,32,661,2002.0,0.0,18090.0,-1.307058,-1.270916,OMN,BRA,0116
22595,173,32,661,2002.0,0.0,2395287.0,-0.456603,0.030838,PER,BRA,0116
22596,174,32,661,2002.0,0.0,46983.0,0.29601,-0.232513,PHL,BRA,0116
22597,179,32,661,2002.0,0.0,15029.0,0.584956,1.377068,PRT,BRA,0116
22598,180,32,661,2002.0,0.0,11147.0,-0.733796,-0.9001530000000001,PRY,BRA,0116
22599,183,32,661,2002.0,0.0,16466.0,-0.002177,-1.042517,QAT,BRA,0116
22600,186,32,661,2002.0,0.0,3367560.0,0.6051449999999999,0.272307,RUS,BRA,0116
22601,188,32,661,2002.0,75786.0,81984.0,0.048764,-0.903125,SAU,BRA,0116
22602,191,32,661,2002.0,0.0,16018.0,-0.5424939999999999,-0.554531,SEN,BRA,0116
22603,192,32,661,2002.0,0.0,234166.0,1.7077209999999998,0.683549,SGP,BRA,0116
22604,230,32,661,2002.0,966734.0,92651.0,0.048498,0.118565,URY,BRA,0116
22605,231,32,661,2002.0,5490.0,20617.0,1.853174,0.120986,USA,BRA,0116
22606,246,32,661,2002.0,0.0,8511.0,0.32760500000000004,2.497746,ZAF,BRA,0116
22607,14,33,661,2002.0,61734.0,0.0,-0.052462,0.759617,AUS,BRB,0116
22608,39,33,661,2002.0,124361.0,0.0,0.9672360000000001,1.389981,CAN,BRB,0116
22609,43,33,661,2002.0,4062.0,0.0,0.6181220000000001,1.9636759999999998,CHN,BRB,0116
22610,166,33,661,2002.0,321308.0,0.0,0.370673,0.7853829999999999,NZL,BRB,0116
22611,231,33,661,2002.0,73734.0,0.0,1.853174,0.120986,USA,BRB,0116
22612,0,39,661,2002.0,0.0,3667.0,0.27076100000000003,-0.858951,ABW,CAN,0116
22613,4,39,661,2002.0,0.0,262571.0,-0.05800399999999999,0.042254,ALB,CAN,0116
22614,7,39,661,2002.0,0.0,37690.0,-0.288838,-0.640049,ARE,CAN,0116
22615,9,39,661,2002.0,0.0,1205.0,0.66447,-0.08317000000000001,ARM,CAN,0116
22616,14,39,661,2002.0,133660.0,1594298.0,-0.052462,0.759617,AUS,CAN,0116
22617,23,39,661,2002.0,0.0,530090.0,0.468058,1.644037,BGR,CAN,0116
22618,25,39,661,2002.0,0.0,57954.0,0.035127,-0.536416,BHS,CAN,0116
22619,28,39,661,2002.0,0.0,10708.0,0.865742,1.1823860000000002,BLR,CAN,0116
22620,29,39,661,2002.0,0.0,1626.0,-0.553335,-0.753058,BLZ,CAN,0116
22621,33,39,661,2002.0,0.0,124361.0,0.547024,-0.004036,BRB,CAN,0116
22622,42,39,661,2002.0,0.0,578247.0,-0.079201,-0.11449200000000001,CHL,CAN,0116
22623,43,39,661,2002.0,0.0,5187000.0,0.6181220000000001,1.9636759999999998,CHN,CAN,0116
22624,44,39,661,2002.0,0.0,139361.0,-0.803739,-0.752218,CIV,CAN,0116
22625,46,39,661,2002.0,0.0,7729.0,-1.218664,-1.1406120000000002,COD,CAN,0116
22626,49,39,661,2002.0,0.0,1614434.0,0.219861,0.45238999999999996,COL,CAN,0116
22627,52,39,661,2002.0,0.0,163781.0,0.083983,-0.096237,CRI,CAN,0116
22628,54,39,661,2002.0,0.0,2310748.0,-0.896759,-1.079825,CUB,CAN,0116
22629,57,39,661,2002.0,0.0,10520.0,0.570589,-0.692583,CYM,CAN,0116
22630,61,39,661,2002.0,9423.0,0.0,2.367856,-2.195331,DEU,CAN,0116
22631,63,39,661,2002.0,0.0,7834.0,0.212137,-0.112873,DMA,CAN,0116
22632,64,39,661,2002.0,117490.0,0.0,1.344708,1.321135,DNK,CAN,0116
22633,65,39,661,2002.0,0.0,22295.0,-0.43339300000000003,-0.378827,DOM,CAN,0116
22634,67,39,661,2002.0,0.0,241063.0,-0.973858,-0.8924979999999999,ECU,CAN,0116
22635,68,39,661,2002.0,0.0,30855.0,-0.37218,0.634319,EGY,CAN,0116
22636,71,39,661,2002.0,0.0,179765.0,1.054108,1.9357349999999998,ESP,CAN,0116
22637,72,39,661,2002.0,0.0,44984.0,0.576142,1.168563,EST,CAN,0116
22638,77,39,661,2002.0,19050.0,84981.0,1.648526,0.6870430000000001,FRA,CAN,0116
22639,80,39,661,2002.0,0.0,8372.0,-1.34341,-1.238593,GAB,CAN,0116
22640,81,39,661,2002.0,0.0,14186.0,2.067395,0.7934359999999999,GBR,CAN,0116
22641,82,39,661,2002.0,0.0,38149.0,0.23526999999999998,-0.156333,GEO,CAN,0116
22642,83,39,661,2002.0,0.0,12285.0,-1.258567,-1.048266,GHA,CAN,0116
22643,90,39,661,2002.0,0.0,56223.0,0.20355399999999998,1.4130200000000002,GRC,CAN,0116
22644,91,39,661,2002.0,0.0,27627.0,0.822523,0.032938999999999996,GRD,CAN,0116
22645,93,39,661,2002.0,0.0,274682.0,-0.49913,-0.038079,GTM,CAN,0116
22646,97,39,661,2002.0,0.0,3051350.0,0.704932,1.291658,HKG,CAN,0116
22647,99,39,661,2002.0,5935.0,62409.0,-0.637891,-0.564421,HND,CAN,0116
22648,101,39,661,2002.0,0.0,1867254.0,-0.837823,-0.834512,HTI,CAN,0116
22649,103,39,661,2002.0,12818.0,358179.0,0.098182,1.7305840000000001,IDN,CAN,0116
22650,111,39,661,2002.0,0.0,1031712.0,1.3944219999999998,1.125362,ITA,CAN,0116
22651,112,39,661,2002.0,0.0,725290.0,-0.459541,-0.947443,JAM,CAN,0116
22652,113,39,661,2002.0,0.0,19025.0,0.34023000000000003,0.264754,JOR,CAN,0116
22653,114,39,661,2002.0,0.0,29447362.0,2.7747580000000003,0.43663199999999996,JPN,CAN,0116
22654,120,39,661,2002.0,0.0,28357.0,0.757789,-0.2968,KNA,CAN,0116
22655,121,39,661,2002.0,0.0,9074718.0,1.4172719999999999,0.8763139999999999,KOR,CAN,0116
22656,127,39,661,2002.0,0.0,14081.0,0.261861,-0.36480999999999997,LCA,CAN,0116
22657,132,39,661,2002.0,0.0,28322.0,0.41409799999999997,0.6281680000000001,LVA,CAN,0116
22658,135,39,661,2002.0,0.0,3213.0,-0.017383000000000003,0.109124,MDA,CAN,0116
22659,138,39,661,2002.0,0.0,16871574.0,1.2677129999999999,0.599314,MEX,CAN,0116
22660,140,39,661,2002.0,0.0,39604.0,-0.027727999999999996,0.41846400000000006,MKD,CAN,0116
22661,153,39,661,2002.0,0.0,4221.0,0.9987159999999999,0.26558200000000004,MYS,CAN,0116
22662,162,39,661,2002.0,0.0,41936.0,1.175777,1.667472,NLD,CAN,0116
22663,166,39,661,2002.0,183702.0,684532.0,0.370673,0.7853829999999999,NZL,CAN,0116
22664,169,39,661,2002.0,0.0,1077537.0,0.085746,0.21839,PAN,CAN,0116
22665,173,39,661,2002.0,0.0,1385364.0,-0.456603,0.030838,PER,CAN,0116
22666,174,39,661,2002.0,0.0,819494.0,0.29601,-0.232513,PHL,CAN,0116
22667,177,39,661,2002.0,0.0,205046.0,0.9449299999999999,1.655764,POL,CAN,0116
22668,182,39,661,2002.0,0.0,14716.0,-0.363179,-0.8967450000000001,PYF,CAN,0116
22669,185,39,661,2002.0,0.0,46884.0,0.549227,1.071998,ROU,CAN,0116
22670,186,39,661,2002.0,0.0,7663387.0,0.6051449999999999,0.272307,RUS,CAN,0116
22671,192,39,661,2002.0,0.0,311136.0,1.7077209999999998,0.683549,SGP,CAN,0116
22672,200,39,661,2002.0,0.0,2925.0,-0.791918,-0.965751,SPM,CAN,0116
22673,205,39,661,2002.0,0.0,39502.0,-1.002898,-0.905595,SUR,CAN,0116
22674,208,39,661,2002.0,0.0,19120.0,2.134,0.769413,SWE,CAN,0116
22675,211,39,661,2002.0,0.0,31923.0,-0.8837229999999999,-0.975607,SYC,CAN,0116
22676,216,39,661,2002.0,0.0,133451.0,0.513887,1.545967,THA,CAN,0116
22677,222,39,661,2002.0,0.0,163980.0,-0.056315,-0.803537,TTO,CAN,0116
22678,231,39,661,2002.0,22934732.0,60573368.0,1.853174,0.120986,USA,CAN,0116
22679,236,39,661,2002.0,0.0,271001.0,-0.008877,-0.753486,VEN,CAN,0116
22680,246,39,661,2002.0,0.0,1103693.0,0.32760500000000004,2.497746,ZAF,CAN,0116
22681,249,39,661,2002.0,0.0,1258870.0,1.9084720000000002,1.253714,TWN,CAN,0116
22682,8,41,661,2002.0,8588.0,0.0,0.045376,0.71768,ARG,CHE,0116
22683,15,41,661,2002.0,86086.0,0.0,1.866997,0.400527,AUT,CHE,0116
22684,18,41,661,2002.0,5574.0,0.0,1.424339,1.372755,BEL,CHE,0116
22685,32,41,661,2002.0,592796.0,0.0,0.631343,1.249344,BRA,CHE,0116
22686,61,41,661,2002.0,2070341.0,361611.0,2.367856,-2.195331,DEU,CHE,0116
22687,64,41,661,2002.0,643220.0,0.0,1.344708,1.321135,DNK,CHE,0116
22688,71,41,661,2002.0,752988.0,0.0,1.054108,1.9357349999999998,ESP,CHE,0116
22689,77,41,661,2002.0,104230.0,5464.0,1.648526,0.6870430000000001,FRA,CHE,0116
22690,111,41,661,2002.0,435457.0,4199.0,1.3944219999999998,1.125362,ITA,CHE,0116
22691,162,41,661,2002.0,113907.0,0.0,1.175777,1.667472,NLD,CHE,0116
22692,166,41,661,2002.0,7864.0,0.0,0.370673,0.7853829999999999,NZL,CHE,0116
22693,180,41,661,2002.0,2415.0,0.0,-0.733796,-0.9001530000000001,PRY,CHE,0116
22694,185,41,661,2002.0,0.0,6127.0,0.549227,1.071998,ROU,CHE,0116
22695,186,41,661,2002.0,0.0,19045.0,0.6051449999999999,0.272307,RUS,CHE,0116
22696,231,41,661,2002.0,59842.0,0.0,1.853174,0.120986,USA,CHE,0116
22697,18,42,661,2002.0,0.0,13217.0,1.424339,1.372755,BEL,CHL,0116
22698,31,42,661,2002.0,0.0,10706.0,-0.785592,-0.6761119999999999,BOL,CHL,0116
22699,32,42,661,2002.0,10569.0,0.0,0.631343,1.249344,BRA,CHL,0116
22700,39,42,661,2002.0,578247.0,0.0,0.9672360000000001,1.389981,CAN,CHL,0116
22701,43,42,661,2002.0,0.0,93712.0,0.6181220000000001,1.9636759999999998,CHN,CHL,0116
22702,49,42,661,2002.0,0.0,650525.0,0.219861,0.45238999999999996,COL,CHL,0116
22703,52,42,661,2002.0,0.0,461657.0,0.083983,-0.096237,CRI,CHL,0116
22704,54,42,661,2002.0,0.0,90718.0,-0.896759,-1.079825,CUB,CHL,0116
22705,61,42,661,2002.0,0.0,18762.0,2.367856,-2.195331,DEU,CHL,0116
22706,67,42,661,2002.0,0.0,634073.0,-0.973858,-0.8924979999999999,ECU,CHL,0116
22707,71,42,661,2002.0,0.0,28133.0,1.054108,1.9357349999999998,ESP,CHL,0116
22708,81,42,661,2002.0,0.0,47784.0,2.067395,0.7934359999999999,GBR,CHL,0116
22709,97,42,661,2002.0,0.0,1008581.0,0.704932,1.291658,HKG,CHL,0116
22710,101,42,661,2002.0,0.0,13655.0,-0.837823,-0.834512,HTI,CHL,0116
22711,110,42,661,2002.0,0.0,30992.0,1.257709,0.8318989999999999,ISR,CHL,0116
22712,114,42,661,2002.0,0.0,1075860.0,2.7747580000000003,0.43663199999999996,JPN,CHL,0116
22713,121,42,661,2002.0,0.0,341721.0,1.4172719999999999,0.8763139999999999,KOR,CHL,0116
22714,138,42,661,2002.0,0.0,732527.0,1.2677129999999999,0.599314,MEX,CHL,0116
22715,162,42,661,2002.0,0.0,9522.0,1.175777,1.667472,NLD,CHL,0116
22716,166,42,661,2002.0,41956.0,0.0,0.370673,0.7853829999999999,NZL,CHL,0116
22717,173,42,661,2002.0,0.0,106010.0,-0.456603,0.030838,PER,CHL,0116
22718,230,42,661,2002.0,0.0,32316.0,0.048498,0.118565,URY,CHL,0116
22719,231,42,661,2002.0,3128.0,42107.0,1.853174,0.120986,USA,CHL,0116
22720,249,42,661,2002.0,0.0,6436.0,1.9084720000000002,1.253714,TWN,CHL,0116
22721,250,42,661,2002.0,0.0,53216.0,0.5979300000000001,-0.497816,ANS,CHL,0116
22722,7,43,661,2002.0,0.0,13554.0,-0.288838,-0.640049,ARE,CHN,0116
22723,14,43,661,2002.0,14390622.0,0.0,-0.052462,0.759617,AUS,CHN,0116
22724,15,43,661,2002.0,7612.0,0.0,1.866997,0.400527,AUT,CHN,0116
22725,18,43,661,2002.0,2079770.0,0.0,1.424339,1.372755,BEL,CHN,0116
22726,23,43,661,2002.0,0.0,1462.0,0.468058,1.644037,BGR,CHN,0116
22727,32,43,661,2002.0,762884.0,0.0,0.631343,1.249344,BRA,CHN,0116
22728,33,43,661,2002.0,0.0,4062.0,0.547024,-0.004036,BRB,CHN,0116
22729,39,43,661,2002.0,5187000.0,0.0,0.9672360000000001,1.389981,CAN,CHN,0116
22730,42,43,661,2002.0,93712.0,0.0,-0.079201,-0.11449200000000001,CHL,CHN,0116
22731,54,43,661,2002.0,0.0,1195.0,-0.896759,-1.079825,CUB,CHN,0116
22732,61,43,661,2002.0,1957326.0,0.0,2.367856,-2.195331,DEU,CHN,0116
22733,64,43,661,2002.0,9349487.0,0.0,1.344708,1.321135,DNK,CHN,0116
22734,71,43,661,2002.0,138387.0,0.0,1.054108,1.9357349999999998,ESP,CHN,0116
22735,74,43,661,2002.0,51738.0,0.0,1.9545119999999998,1.047515,FIN,CHN,0116
22736,77,43,661,2002.0,1761078.0,0.0,1.648526,0.6870430000000001,FRA,CHN,0116
22737,81,43,661,2002.0,272751.0,0.0,2.067395,0.7934359999999999,GBR,CHN,0116
22738,97,43,661,2002.0,176320624.0,673559.0,0.704932,1.291658,HKG,CHN,0116
22739,103,43,661,2002.0,0.0,81520.0,0.098182,1.7305840000000001,IDN,CHN,0116
22740,104,43,661,2002.0,85564.0,0.0,0.32974000000000003,2.376477,IND,CHN,0116
22741,106,43,661,2002.0,5114.0,0.0,1.7939310000000002,0.219254,IRL,CHN,0116
22742,107,43,661,2002.0,569293.0,0.0,-0.665259,-0.840274,IRN,CHN,0116
22743,114,43,661,2002.0,0.0,985724.0,2.7747580000000003,0.43663199999999996,JPN,CHN,0116
22744,115,43,661,2002.0,7872.0,0.0,-0.100361,-0.502468,KAZ,CHN,0116
22745,117,43,661,2002.0,2769.0,0.0,-0.094898,0.235639,KGZ,CHN,0116
22746,121,43,661,2002.0,37249.0,0.0,1.4172719999999999,0.8763139999999999,KOR,CHN,0116
22747,133,43,661,2002.0,0.0,42749.0,0.005082,-0.328658,MAC,CHN,0116
22748,145,43,661,2002.0,50252.0,0.0,-0.711096,-0.9835799999999999,MNG,CHN,0116
22749,162,43,661,2002.0,5877892.0,0.0,1.175777,1.667472,NLD,CHN,0116
22750,166,43,661,2002.0,1648244.0,0.0,0.370673,0.7853829999999999,NZL,CHN,0116
22751,169,43,661,2002.0,221591.0,0.0,0.085746,0.21839,PAN,CHN,0116
22752,174,43,661,2002.0,0.0,18618.0,0.29601,-0.232513,PHL,CHN,0116
22753,178,43,661,2002.0,0.0,4041.0,0.629678,1.0153780000000001,PRK,CHN,0116
22754,186,43,661,2002.0,0.0,249612.0,0.6051449999999999,0.272307,RUS,CHN,0116
22755,208,43,661,2002.0,14170.0,0.0,2.134,0.769413,SWE,CHN,0116
22756,216,43,661,2002.0,0.0,2632.0,0.513887,1.545967,THA,CHN,0116
22757,230,43,661,2002.0,12325.0,0.0,0.048498,0.118565,URY,CHN,0116
22758,231,43,661,2002.0,14136878.0,0.0,1.853174,0.120986,USA,CHN,0116
22759,239,43,661,2002.0,686386.0,0.0,-0.44170699999999996,0.544708,VNM,CHN,0116
22760,39,49,661,2002.0,1614434.0,0.0,0.9672360000000001,1.389981,CAN,COL,0116
22761,42,49,661,2002.0,650525.0,0.0,-0.079201,-0.11449200000000001,CHL,COL,0116
22762,52,49,661,2002.0,62287.0,0.0,0.083983,-0.096237,CRI,COL,0116
22763,97,49,661,2002.0,0.0,34199.0,0.704932,1.291658,HKG,COL,0116
22764,180,49,661,2002.0,928127.0,0.0,-0.733796,-0.9001530000000001,PRY,COL,0116
22765,231,49,661,2002.0,3394934.0,0.0,1.853174,0.120986,USA,COL,0116
22766,236,49,661,2002.0,39265.0,0.0,-0.008877,-0.753486,VEN,COL,0116
22767,8,52,661,2002.0,0.0,36118.0,0.045376,0.71768,ARG,CRI,0116
22768,39,52,661,2002.0,163781.0,0.0,0.9672360000000001,1.389981,CAN,CRI,0116
22769,42,52,661,2002.0,461657.0,0.0,-0.079201,-0.11449200000000001,CHL,CRI,0116
22770,49,52,661,2002.0,0.0,62287.0,0.219861,0.45238999999999996,COL,CRI,0116
22771,97,52,661,2002.0,0.0,85098.0,0.704932,1.291658,HKG,CRI,0116
22772,114,52,661,2002.0,0.0,335554.0,2.7747580000000003,0.43663199999999996,JPN,CRI,0116
22773,121,52,661,2002.0,0.0,1924.0,1.4172719999999999,0.8763139999999999,KOR,CRI,0116
22774,138,52,661,2002.0,0.0,258964.0,1.2677129999999999,0.599314,MEX,CRI,0116
22775,160,52,661,2002.0,139072.0,10793.0,-0.634946,-0.37966,NIC,CRI,0116
22776,169,52,661,2002.0,22868.0,1435.0,0.085746,0.21839,PAN,CRI,0116
22777,231,52,661,2002.0,375179.0,317388.0,1.853174,0.120986,USA,CRI,0116
22778,32,54,661,2002.0,23282.0,0.0,0.631343,1.249344,BRA,CUB,0116
22779,39,54,661,2002.0,2310748.0,0.0,0.9672360000000001,1.389981,CAN,CUB,0116
22780,42,54,661,2002.0,90718.0,0.0,-0.079201,-0.11449200000000001,CHL,CUB,0116
22781,43,54,661,2002.0,1195.0,0.0,0.6181220000000001,1.9636759999999998,CHN,CUB,0116
22782,68,54,661,2002.0,0.0,24622.0,-0.37218,0.634319,EGY,CUB,0116
22783,231,54,661,2002.0,242501.0,0.0,1.853174,0.120986,USA,CUB,0116
22784,2,61,661,2002.0,0.0,7000.0,-1.8043639999999999,-1.250642,AGO,DEU,0116
22785,5,61,661,2002.0,0.0,5080.0,1.3229389999999999,0.9635950000000001,AND,DEU,0116
22786,7,61,661,2002.0,0.0,8000.0,-0.288838,-0.640049,ARE,DEU,0116
22787,8,61,661,2002.0,26147.0,0.0,0.045376,0.71768,ARG,DEU,0116
22788,14,61,661,2002.0,56547.0,0.0,-0.052462,0.759617,AUS,DEU,0116
22789,15,61,661,2002.0,2680140.0,8049519.0,1.866997,0.400527,AUT,DEU,0116
22790,18,61,661,2002.0,5070922.0,7531243.0,1.424339,1.372755,BEL,DEU,0116
22791,22,61,661,2002.0,4164.0,0.0,-0.9509,-1.113308,BGD,DEU,0116
22792,23,61,661,2002.0,0.0,436983.0,0.468058,1.644037,BGR,DEU,0116
22793,24,61,661,2002.0,0.0,3401.0,-0.31754099999999996,-1.099381,BHR,DEU,0116
22794,26,61,661,2002.0,0.0,30000.0,0.223543,0.44595100000000004,BIH,DEU,0116
22795,28,61,661,2002.0,0.0,77714.0,0.865742,1.1823860000000002,BLR,DEU,0116
22796,30,61,661,2002.0,0.0,26000.0,0.934739,-0.465542,BMU,DEU,0116
22797,32,61,661,2002.0,45289.0,0.0,0.631343,1.249344,BRA,DEU,0116
22798,39,61,661,2002.0,0.0,9423.0,0.9672360000000001,1.389981,CAN,DEU,0116
22799,41,61,661,2002.0,361611.0,2070341.0,2.205507,0.831836,CHE,DEU,0116
22800,42,61,661,2002.0,18762.0,0.0,-0.079201,-0.11449200000000001,CHL,DEU,0116
22801,43,61,661,2002.0,0.0,1957326.0,0.6181220000000001,1.9636759999999998,CHN,DEU,0116
22802,44,61,661,2002.0,0.0,474807.0,-0.803739,-0.752218,CIV,DEU,0116
22803,45,61,661,2002.0,0.0,66727.0,-1.188713,-1.109944,CMR,DEU,0116
22804,46,61,661,2002.0,0.0,155000.0,-1.218664,-1.1406120000000002,COD,DEU,0116
22805,47,61,661,2002.0,0.0,194000.0,-1.468836,-1.250484,COG,DEU,0116
22806,59,61,661,2002.0,0.0,1165214.0,1.5835139999999999,0.9563010000000001,CZE,DEU,0116
22807,64,61,661,2002.0,9320673.0,9289269.0,1.344708,1.321135,DNK,DEU,0116
22808,71,61,661,2002.0,2497585.0,1669033.0,1.054108,1.9357349999999998,ESP,DEU,0116
22809,72,61,661,2002.0,1197.0,0.0,0.576142,1.168563,EST,DEU,0116
22810,74,61,661,2002.0,121146.0,15923.0,1.9545119999999998,1.047515,FIN,DEU,0116
22811,77,61,661,2002.0,3825340.0,17183436.0,1.648526,0.6870430000000001,FRA,DEU,0116
22812,80,61,661,2002.0,0.0,17083.0,-1.34341,-1.238593,GAB,DEU,0116
22813,81,61,661,2002.0,570103.0,10953154.0,2.067395,0.7934359999999999,GBR,DEU,0116
22814,82,61,661,2002.0,0.0,22863.0,0.23526999999999998,-0.156333,GEO,DEU,0116
22815,83,61,661,2002.0,0.0,393057.0,-1.258567,-1.048266,GHA,DEU,0116
22816,89,61,661,2002.0,0.0,1000.0,-1.8647490000000002,-0.96145,GNQ,DEU,0116
22817,90,61,661,2002.0,30054.0,466508.0,0.20355399999999998,1.4130200000000002,GRC,DEU,0116
22818,97,61,661,2002.0,0.0,2813926.0,0.704932,1.291658,HKG,DEU,0116
22819,99,61,661,2002.0,7721.0,0.0,-0.637891,-0.564421,HND,DEU,0116
22820,100,61,661,2002.0,9323.0,755039.0,0.603546,1.273001,HRV,DEU,0116
22821,102,61,661,2002.0,22915.0,2593635.0,1.232359,1.064425,HUN,DEU,0116
22822,104,61,661,2002.0,6979.0,0.0,0.32974000000000003,2.376477,IND,DEU,0116
22823,106,61,661,2002.0,793623.0,522529.0,1.7939310000000002,0.219254,IRL,DEU,0116
22824,111,61,661,2002.0,1175347.0,9750092.0,1.3944219999999998,1.125362,ITA,DEU,0116
22825,115,61,661,2002.0,0.0,47763.0,-0.100361,-0.502468,KAZ,DEU,0116
22826,124,61,661,2002.0,0.0,80678.0,0.220906,1.470297,LBN,DEU,0116
22827,130,61,661,2002.0,9166.0,745786.0,0.15796,0.855931,LTU,DEU,0116
22828,131,61,661,2002.0,21733.0,125697.0,1.396249,1.153017,LUX,DEU,0116
22829,132,61,661,2002.0,0.0,161316.0,0.41409799999999997,0.6281680000000001,LVA,DEU,0116
22830,133,61,661,2002.0,0.0,17128.0,0.005082,-0.328658,MAC,DEU,0116
22831,135,61,661,2002.0,0.0,401230.0,-0.017383000000000003,0.109124,MDA,DEU,0116
22832,140,61,661,2002.0,0.0,263440.0,-0.027727999999999996,0.41846400000000006,MKD,DEU,0116
22833,142,61,661,2002.0,0.0,4553.0,0.901235,-0.140261,MLT,DEU,0116
22834,153,61,661,2002.0,0.0,14663.0,0.9987159999999999,0.26558200000000004,MYS,DEU,0116
22835,162,61,661,2002.0,19213308.0,20438686.0,1.175777,1.667472,NLD,DEU,0116
22836,166,61,661,2002.0,483827.0,0.0,0.370673,0.7853829999999999,NZL,DEU,0116
22837,174,61,661,2002.0,0.0,68957.0,0.29601,-0.232513,PHL,DEU,0116
22838,177,61,661,2002.0,36852.0,556004.0,0.9449299999999999,1.655764,POL,DEU,0116
22839,179,61,661,2002.0,20539.0,49445.0,0.584956,1.377068,PRT,DEU,0116
22840,185,61,661,2002.0,0.0,3664143.0,0.549227,1.071998,ROU,DEU,0116
22841,186,61,661,2002.0,0.0,13344201.0,0.6051449999999999,0.272307,RUS,DEU,0116
22842,189,61,661,2002.0,0.0,729368.0,0.523459,2.58657,SCG,DEU,0116
22843,192,61,661,2002.0,0.0,16331.0,1.7077209999999998,0.683549,SGP,DEU,0116
22844,196,61,661,2002.0,0.0,6933.0,0.29478899999999997,0.055865,SLE,DEU,0116
22845,206,61,661,2002.0,18111.0,2052977.0,1.269549,1.184774,SVK,DEU,0116
22846,207,61,661,2002.0,15395.0,91545.0,1.469681,1.13303,SVN,DEU,0116
22847,208,61,661,2002.0,94603.0,567750.0,2.134,0.769413,SWE,DEU,0116
22848,215,61,661,2002.0,0.0,6508.0,-0.688284,-0.5292789999999999,TGO,DEU,0116
22849,216,61,661,2002.0,0.0,111209.0,0.513887,1.545967,THA,DEU,0116
22850,224,61,661,2002.0,0.0,3791.0,0.12982,1.8032650000000001,TUR,DEU,0116
22851,228,61,661,2002.0,0.0,509384.0,0.575372,1.131722,UKR,DEU,0116
22852,230,61,661,2002.0,494767.0,1655.0,0.048498,0.118565,URY,DEU,0116
22853,231,61,661,2002.0,979483.0,0.0,1.853174,0.120986,USA,DEU,0116
22854,239,61,661,2002.0,0.0,87459.0,-0.44170699999999996,0.544708,VNM,DEU,0116
22855,246,61,661,2002.0,0.0,1929.0,0.32760500000000004,2.497746,ZAF,DEU,0116
22856,250,61,661,2002.0,0.0,28988.0,0.5979300000000001,-0.497816,ANS,DEU,0116
22857,2,64,661,2002.0,0.0,37300.0,-1.8043639999999999,-1.250642,AGO,DNK,0116
22858,7,64,661,2002.0,0.0,10973.0,-0.288838,-0.640049,ARE,DNK,0116
22859,8,64,661,2002.0,7899.0,0.0,0.045376,0.71768,ARG,DNK,0116
22860,14,64,661,2002.0,12105.0,104545.0,-0.052462,0.759617,AUS,DNK,0116
22861,15,64,661,2002.0,33900.0,22327.0,1.866997,0.400527,AUT,DNK,0116
22862,18,64,661,2002.0,2764530.0,577811.0,1.424339,1.372755,BEL,DNK,0116
22863,23,64,661,2002.0,0.0,262370.0,0.468058,1.644037,BGR,DNK,0116
22864,24,64,661,2002.0,0.0,2318.0,-0.31754099999999996,-1.099381,BHR,DNK,0116
22865,28,64,661,2002.0,0.0,426080.0,0.865742,1.1823860000000002,BLR,DNK,0116
22866,32,64,661,2002.0,18970.0,0.0,0.631343,1.249344,BRA,DNK,0116
22867,39,64,661,2002.0,0.0,117490.0,0.9672360000000001,1.389981,CAN,DNK,0116
22868,41,64,661,2002.0,0.0,643220.0,2.205507,0.831836,CHE,DNK,0116
22869,43,64,661,2002.0,0.0,9349487.0,0.6181220000000001,1.9636759999999998,CHN,DNK,0116
22870,44,64,661,2002.0,0.0,55273.0,-0.803739,-0.752218,CIV,DNK,0116
22871,59,64,661,2002.0,0.0,281578.0,1.5835139999999999,0.9563010000000001,CZE,DNK,0116
22872,61,64,661,2002.0,9289269.0,9320673.0,2.367856,-2.195331,DEU,DNK,0116
22873,68,64,661,2002.0,2986.0,0.0,-0.37218,0.634319,EGY,DNK,0116
22874,71,64,661,2002.0,1661606.0,409949.0,1.054108,1.9357349999999998,ESP,DNK,0116
22875,72,64,661,2002.0,0.0,644773.0,0.576142,1.168563,EST,DNK,0116
22876,74,64,661,2002.0,446209.0,6492.0,1.9545119999999998,1.047515,FIN,DNK,0116
22877,77,64,661,2002.0,1083564.0,4576253.0,1.648526,0.6870430000000001,FRA,DNK,0116
22878,78,64,661,2002.0,0.0,28920.0,-0.33811399999999997,-0.8092050000000001,FRO,DNK,0116
22879,81,64,661,2002.0,59446.0,9722508.0,2.067395,0.7934359999999999,GBR,DNK,0116
22880,83,64,661,2002.0,0.0,124570.0,-1.258567,-1.048266,GHA,DNK,0116
22881,85,64,661,2002.0,0.0,7990.0,-1.684157,-1.256743,GIN,DNK,0116
22882,90,64,661,2002.0,0.0,618434.0,0.20355399999999998,1.4130200000000002,GRC,DNK,0116
22883,92,64,661,2002.0,0.0,565849.0,-0.514411,-0.87766,GRL,DNK,0116
22884,97,64,661,2002.0,9762.0,11067698.0,0.704932,1.291658,HKG,DNK,0116
22885,100,64,661,2002.0,0.0,100776.0,0.603546,1.273001,HRV,DNK,0116
22886,101,64,661,2002.0,0.0,27612.0,-0.837823,-0.834512,HTI,DNK,0116
22887,102,64,661,2002.0,0.0,3195928.0,1.232359,1.064425,HUN,DNK,0116
22888,106,64,661,2002.0,447256.0,293557.0,1.7939310000000002,0.219254,IRL,DNK,0116
22889,109,64,661,2002.0,2358.0,0.0,0.17011700000000002,-0.33925500000000003,ISL,DNK,0116
22890,111,64,661,2002.0,41277.0,835798.0,1.3944219999999998,1.125362,ITA,DNK,0116
22891,114,64,661,2002.0,0.0,9107581.0,2.7747580000000003,0.43663199999999996,JPN,DNK,0116
22892,119,64,661,2002.0,0.0,11836.0,0.347526,-0.822594,KIR,DNK,0116
22893,121,64,661,2002.0,0.0,870772.0,1.4172719999999999,0.8763139999999999,KOR,DNK,0116
22894,130,64,661,2002.0,0.0,75632.0,0.15796,0.855931,LTU,DNK,0116
22895,132,64,661,2002.0,0.0,59774.0,0.41409799999999997,0.6281680000000001,LVA,DNK,0116
22896,138,64,661,2002.0,0.0,1370728.0,1.2677129999999999,0.599314,MEX,DNK,0116
22897,142,64,661,2002.0,0.0,16576.0,0.901235,-0.140261,MLT,DNK,0116
22898,153,64,661,2002.0,0.0,21669.0,0.9987159999999999,0.26558200000000004,MYS,DNK,0116
22899,162,64,661,2002.0,1444862.0,659971.0,1.175777,1.667472,NLD,DNK,0116
22900,163,64,661,2002.0,101209.0,18918.0,0.689588,-0.007016,NOR,DNK,0116
22901,174,64,661,2002.0,0.0,457458.0,0.29601,-0.232513,PHL,DNK,0116
22902,177,64,661,2002.0,0.0,582389.0,0.9449299999999999,1.655764,POL,DNK,0116
22903,179,64,661,2002.0,0.0,8478.0,0.584956,1.377068,PRT,DNK,0116
22904,182,64,661,2002.0,0.0,1299.0,-0.363179,-0.8967450000000001,PYF,DNK,0116
22905,185,64,661,2002.0,0.0,135982.0,0.549227,1.071998,ROU,DNK,0116
22906,186,64,661,2002.0,0.0,17058684.0,0.6051449999999999,0.272307,RUS,DNK,0116
22907,192,64,661,2002.0,0.0,922645.0,1.7077209999999998,0.683549,SGP,DNK,0116
22908,206,64,661,2002.0,0.0,435809.0,1.269549,1.184774,SVK,DNK,0116
22909,207,64,661,2002.0,0.0,22636.0,1.469681,1.13303,SVN,DNK,0116
22910,208,64,661,2002.0,1136282.0,2847130.0,2.134,0.769413,SWE,DNK,0116
22911,216,64,661,2002.0,0.0,99169.0,0.513887,1.545967,THA,DNK,0116
22912,228,64,661,2002.0,0.0,7601.0,0.575372,1.131722,UKR,DNK,0116
22913,231,64,661,2002.0,28283.0,508530.0,1.853174,0.120986,USA,DNK,0116
22914,236,64,661,2002.0,0.0,2193.0,-0.008877,-0.753486,VEN,DNK,0116
22915,246,64,661,2002.0,0.0,10259.0,0.32760500000000004,2.497746,ZAF,DNK,0116
22916,249,64,661,2002.0,0.0,448852.0,1.9084720000000002,1.253714,TWN,DNK,0116
22917,250,64,661,2002.0,6169.0,0.0,0.5979300000000001,-0.497816,ANS,DNK,0116
22918,39,65,661,2002.0,22295.0,0.0,0.9672360000000001,1.389981,CAN,DOM,0116
22919,231,65,661,2002.0,703252.0,0.0,1.853174,0.120986,USA,DOM,0116
22920,39,67,661,2002.0,241063.0,0.0,0.9672360000000001,1.389981,CAN,ECU,0116
22921,42,67,661,2002.0,634073.0,0.0,-0.079201,-0.11449200000000001,CHL,ECU,0116
22922,231,67,661,2002.0,85891.0,0.0,1.853174,0.120986,USA,ECU,0116
22923,2,71,661,2002.0,0.0,1456.0,-1.8043639999999999,-1.250642,AGO,ESP,0116
22924,4,71,661,2002.0,0.0,8852.0,-0.05800399999999999,0.042254,ALB,ESP,0116
22925,5,71,661,2002.0,1107.0,392697.0,1.3229389999999999,0.9635950000000001,AND,ESP,0116
22926,6,71,661,2002.0,0.0,6083.0,0.145946,-0.704052,ANT,ESP,0116
22927,8,71,661,2002.0,7570.0,0.0,0.045376,0.71768,ARG,ESP,0116
22928,9,71,661,2002.0,0.0,6683.0,0.66447,-0.08317000000000001,ARM,ESP,0116
22929,15,71,661,2002.0,134188.0,42608.0,1.866997,0.400527,AUT,ESP,0116
22930,18,71,661,2002.0,624359.0,281146.0,1.424339,1.372755,BEL,ESP,0116
22931,23,71,661,2002.0,0.0,85653.0,0.468058,1.644037,BGR,ESP,0116
22932,26,71,661,2002.0,0.0,6618.0,0.223543,0.44595100000000004,BIH,ESP,0116
22933,28,71,661,2002.0,58863.0,0.0,0.865742,1.1823860000000002,BLR,ESP,0116
22934,32,71,661,2002.0,118997.0,0.0,0.631343,1.249344,BRA,ESP,0116
22935,39,71,661,2002.0,179765.0,0.0,0.9672360000000001,1.389981,CAN,ESP,0116
22936,41,71,661,2002.0,0.0,752988.0,2.205507,0.831836,CHE,ESP,0116
22937,42,71,661,2002.0,28133.0,0.0,-0.079201,-0.11449200000000001,CHL,ESP,0116
22938,43,71,661,2002.0,0.0,138387.0,0.6181220000000001,1.9636759999999998,CHN,ESP,0116
22939,44,71,661,2002.0,0.0,193099.0,-0.803739,-0.752218,CIV,ESP,0116
22940,47,71,661,2002.0,0.0,11027.0,-1.468836,-1.250484,COG,ESP,0116
22941,59,71,661,2002.0,0.0,657386.0,1.5835139999999999,0.9563010000000001,CZE,ESP,0116
22942,61,71,661,2002.0,1669033.0,2497585.0,2.367856,-2.195331,DEU,ESP,0116
22943,64,71,661,2002.0,409949.0,1661606.0,1.344708,1.321135,DNK,ESP,0116
22944,74,71,661,2002.0,2619.0,5861.0,1.9545119999999998,1.047515,FIN,ESP,0116
22945,77,71,661,2002.0,4173162.0,11344240.0,1.648526,0.6870430000000001,FRA,ESP,0116
22946,80,71,661,2002.0,0.0,7900.0,-1.34341,-1.238593,GAB,ESP,0116
22947,81,71,661,2002.0,314504.0,951879.0,2.067395,0.7934359999999999,GBR,ESP,0116
22948,82,71,661,2002.0,0.0,33275.0,0.23526999999999998,-0.156333,GEO,ESP,0116
22949,83,71,661,2002.0,0.0,16358.0,-1.258567,-1.048266,GHA,ESP,0116
22950,84,71,661,2002.0,0.0,19509.0,0.404483,-0.313042,GIB,ESP,0116
22951,89,71,661,2002.0,0.0,6066.0,-1.8647490000000002,-0.96145,GNQ,ESP,0116
22952,90,71,661,2002.0,0.0,2961390.0,0.20355399999999998,1.4130200000000002,GRC,ESP,0116
22953,97,71,661,2002.0,0.0,212279.0,0.704932,1.291658,HKG,ESP,0116
22954,102,71,661,2002.0,90922.0,604216.0,1.232359,1.064425,HUN,ESP,0116
22955,106,71,661,2002.0,445034.0,67203.0,1.7939310000000002,0.219254,IRL,ESP,0116
22956,110,71,661,2002.0,0.0,83183.0,1.257709,0.8318989999999999,ISR,ESP,0116
22957,111,71,661,2002.0,1656218.0,4235281.0,1.3944219999999998,1.125362,ITA,ESP,0116
22958,121,71,661,2002.0,0.0,11523.0,1.4172719999999999,0.8763139999999999,KOR,ESP,0116
22959,125,71,661,2002.0,0.0,67616.0,-0.683036,-1.158808,LBR,ESP,0116
22960,130,71,661,2002.0,0.0,41738.0,0.15796,0.855931,LTU,ESP,0116
22961,132,71,661,2002.0,0.0,85222.0,0.41409799999999997,0.6281680000000001,LVA,ESP,0116
22962,135,71,661,2002.0,0.0,5613.0,-0.017383000000000003,0.109124,MDA,ESP,0116
22963,140,71,661,2002.0,0.0,61917.0,-0.027727999999999996,0.41846400000000006,MKD,ESP,0116
22964,154,71,661,2002.0,0.0,4387.0,0.752173,-0.5639,MYT,ESP,0116
22965,162,71,661,2002.0,2086206.0,1059411.0,1.175777,1.667472,NLD,ESP,0116
22966,163,71,661,2002.0,60550.0,0.0,0.689588,-0.007016,NOR,ESP,0116
22967,166,71,661,2002.0,243662.0,0.0,0.370673,0.7853829999999999,NZL,ESP,0116
22968,177,71,661,2002.0,17602.0,102205.0,0.9449299999999999,1.655764,POL,ESP,0116
22969,179,71,661,2002.0,430860.0,5315830.0,0.584956,1.377068,PRT,ESP,0116
22970,185,71,661,2002.0,0.0,1138386.0,0.549227,1.071998,ROU,ESP,0116
22971,186,71,661,2002.0,0.0,1780965.0,0.6051449999999999,0.272307,RUS,ESP,0116
22972,189,71,661,2002.0,0.0,64544.0,0.523459,2.58657,SCG,ESP,0116
22973,196,71,661,2002.0,0.0,1076.0,0.29478899999999997,0.055865,SLE,ESP,0116
22974,206,71,661,2002.0,0.0,93016.0,1.269549,1.184774,SVK,ESP,0116
22975,207,71,661,2002.0,0.0,26485.0,1.469681,1.13303,SVN,ESP,0116
22976,208,71,661,2002.0,0.0,84943.0,2.134,0.769413,SWE,ESP,0116
22977,228,71,661,2002.0,0.0,14095.0,0.575372,1.131722,UKR,ESP,0116
22978,230,71,661,2002.0,35624.0,0.0,0.048498,0.118565,URY,ESP,0116
22979,231,71,661,2002.0,73946.0,2451.0,1.853174,0.120986,USA,ESP,0116
22980,250,71,661,2002.0,0.0,4982.0,0.5979300000000001,-0.497816,ANS,ESP,0116
22981,2,77,661,2002.0,0.0,211582.0,-1.8043639999999999,-1.250642,AGO,FRA,0116
22982,4,77,661,2002.0,3514.0,0.0,-0.05800399999999999,0.042254,ALB,FRA,0116
22983,5,77,661,2002.0,0.0,10853.0,1.3229389999999999,0.9635950000000001,AND,FRA,0116
22984,6,77,661,2002.0,0.0,312168.0,0.145946,-0.704052,ANT,FRA,0116
22985,8,77,661,2002.0,244738.0,0.0,0.045376,0.71768,ARG,FRA,0116
22986,9,77,661,2002.0,0.0,24738.0,0.66447,-0.08317000000000001,ARM,FRA,0116
22987,14,77,661,2002.0,41771.0,0.0,-0.052462,0.759617,AUS,FRA,0116
22988,15,77,661,2002.0,713587.0,100168.0,1.866997,0.400527,AUT,FRA,0116
22989,18,77,661,2002.0,10518537.0,2506089.0,1.424339,1.372755,BEL,FRA,0116
22990,23,77,661,2002.0,0.0,292401.0,0.468058,1.644037,BGR,FRA,0116
22991,32,77,661,2002.0,357160.0,25887.0,0.631343,1.249344,BRA,FRA,0116
22992,38,77,661,2002.0,1959.0,13824.0,-0.698235,-0.905799,CAF,FRA,0116
22993,39,77,661,2002.0,84981.0,19050.0,0.9672360000000001,1.389981,CAN,FRA,0116
22994,41,77,661,2002.0,5464.0,104230.0,2.205507,0.831836,CHE,FRA,0116
22995,43,77,661,2002.0,0.0,1761078.0,0.6181220000000001,1.9636759999999998,CHN,FRA,0116
22996,44,77,661,2002.0,5882.0,2142444.0,-0.803739,-0.752218,CIV,FRA,0116
22997,45,77,661,2002.0,0.0,197702.0,-1.188713,-1.109944,CMR,FRA,0116
22998,46,77,661,2002.0,0.0,21732.0,-1.218664,-1.1406120000000002,COD,FRA,0116
22999,47,77,661,2002.0,0.0,562989.0,-1.468836,-1.250484,COG,FRA,0116
23000,50,77,661,2002.0,0.0,32371.0,-0.634921,-0.9792120000000001,COM,FRA,0116
23001,59,77,661,2002.0,0.0,701025.0,1.5835139999999999,0.9563010000000001,CZE,FRA,0116
23002,61,77,661,2002.0,17183436.0,3825340.0,2.367856,-2.195331,DEU,FRA,0116
23003,64,77,661,2002.0,4576253.0,1083564.0,1.344708,1.321135,DNK,FRA,0116
23004,71,77,661,2002.0,11344240.0,4173162.0,1.054108,1.9357349999999998,ESP,FRA,0116
23005,72,77,661,2002.0,0.0,4446.0,0.576142,1.168563,EST,FRA,0116
23006,74,77,661,2002.0,14500.0,17665.0,1.9545119999999998,1.047515,FIN,FRA,0116
23007,80,77,661,2002.0,0.0,269689.0,-1.34341,-1.238593,GAB,FRA,0116
23008,81,77,661,2002.0,1496527.0,2136208.0,2.067395,0.7934359999999999,GBR,FRA,0116
23009,83,77,661,2002.0,0.0,62259.0,-1.258567,-1.048266,GHA,FRA,0116
23010,87,77,661,2002.0,0.0,5109.0,0.266536,0.20776,GMB,FRA,0116
23011,89,77,661,2002.0,0.0,49176.0,-1.8647490000000002,-0.96145,GNQ,FRA,0116
23012,90,77,661,2002.0,6476.0,763610.0,0.20355399999999998,1.4130200000000002,GRC,FRA,0116
23013,97,77,661,2002.0,0.0,2905732.0,0.704932,1.291658,HKG,FRA,0116
23014,101,77,661,2002.0,0.0,32166.0,-0.837823,-0.834512,HTI,FRA,0116
23015,102,77,661,2002.0,21338.0,413426.0,1.232359,1.064425,HUN,FRA,0116
23016,103,77,661,2002.0,3522.0,0.0,0.098182,1.7305840000000001,IDN,FRA,0116
23017,106,77,661,2002.0,11996103.0,304390.0,1.7939310000000002,0.219254,IRL,FRA,0116
23018,110,77,661,2002.0,0.0,26776.0,1.257709,0.8318989999999999,ISR,FRA,0116
23019,111,77,661,2002.0,4152583.0,6143380.0,1.3944219999999998,1.125362,ITA,FRA,0116
23020,114,77,661,2002.0,0.0,18404.0,2.7747580000000003,0.43663199999999996,JPN,FRA,0116
23021,121,77,661,2002.0,0.0,51031.0,1.4172719999999999,0.8763139999999999,KOR,FRA,0116
23022,124,77,661,2002.0,0.0,13782.0,0.220906,1.470297,LBN,FRA,0116
23023,130,77,661,2002.0,0.0,384085.0,0.15796,0.855931,LTU,FRA,0116
23024,131,77,661,2002.0,177938.0,131274.0,1.396249,1.153017,LUX,FRA,0116
23025,132,77,661,2002.0,0.0,12001.0,0.41409799999999997,0.6281680000000001,LVA,FRA,0116
23026,134,77,661,2002.0,0.0,10166.0,-0.690226,-0.42557,MAR,FRA,0116
23027,135,77,661,2002.0,0.0,4685.0,-0.017383000000000003,0.109124,MDA,FRA,0116
23028,138,77,661,2002.0,0.0,33181.0,1.2677129999999999,0.599314,MEX,FRA,0116
23029,141,77,661,2002.0,0.0,1132.0,-0.786698,-0.682438,MLI,FRA,0116
23030,148,77,661,2002.0,155762.0,0.0,-1.053061,-1.221967,MRT,FRA,0116
23031,153,77,661,2002.0,0.0,1115.0,0.9987159999999999,0.26558200000000004,MYS,FRA,0116
23032,154,77,661,2002.0,5133.0,26243.0,0.752173,-0.5639,MYT,FRA,0116
23033,162,77,661,2002.0,25825982.0,2773139.0,1.175777,1.667472,NLD,FRA,0116
23034,163,77,661,2002.0,0.0,1008.0,0.689588,-0.007016,NOR,FRA,0116
23035,166,77,661,2002.0,1265603.0,0.0,0.370673,0.7853829999999999,NZL,FRA,0116
23036,174,77,661,2002.0,0.0,594196.0,0.29601,-0.232513,PHL,FRA,0116
23037,177,77,661,2002.0,34930.0,130994.0,0.9449299999999999,1.655764,POL,FRA,0116
23038,179,77,661,2002.0,17920.0,1383766.0,0.584956,1.377068,PRT,FRA,0116
23039,182,77,661,2002.0,0.0,61382.0,-0.363179,-0.8967450000000001,PYF,FRA,0116
23040,185,77,661,2002.0,0.0,1625925.0,0.549227,1.071998,ROU,FRA,0116
23041,186,77,661,2002.0,0.0,9137174.0,0.6051449999999999,0.272307,RUS,FRA,0116
23042,189,77,661,2002.0,0.0,284670.0,0.523459,2.58657,SCG,FRA,0116
23043,191,77,661,2002.0,40456.0,6260.0,-0.5424939999999999,-0.554531,SEN,FRA,0116
23044,192,77,661,2002.0,0.0,288459.0,1.7077209999999998,0.683549,SGP,FRA,0116
23045,206,77,661,2002.0,0.0,79235.0,1.269549,1.184774,SVK,FRA,0116
23046,208,77,661,2002.0,142718.0,7388.0,2.134,0.769413,SWE,FRA,0116
23047,216,77,661,2002.0,0.0,23742.0,0.513887,1.545967,THA,FRA,0116
23048,222,77,661,2002.0,2119.0,0.0,-0.056315,-0.803537,TTO,FRA,0116
23049,230,77,661,2002.0,107571.0,0.0,0.048498,0.118565,URY,FRA,0116
23050,231,77,661,2002.0,337658.0,13078.0,1.853174,0.120986,USA,FRA,0116
23051,239,77,661,2002.0,0.0,7361.0,-0.44170699999999996,0.544708,VNM,FRA,0116
23052,241,77,661,2002.0,0.0,13965.0,0.712441,-0.668211,WLF,FRA,0116
23053,246,77,661,2002.0,39501.0,103448.0,0.32760500000000004,2.497746,ZAF,FRA,0116
23054,3,81,661,2002.0,0.0,17819.0,1.822725,0.45911899999999994,AIA,GBR,0116
23055,7,81,661,2002.0,0.0,2412.0,-0.288838,-0.640049,ARE,GBR,0116
23056,8,81,661,2002.0,79424.0,0.0,0.045376,0.71768,ARG,GBR,0116
23057,14,81,661,2002.0,724956.0,0.0,-0.052462,0.759617,AUS,GBR,0116
23058,15,81,661,2002.0,13284.0,1333.0,1.866997,0.400527,AUT,GBR,0116
23059,18,81,661,2002.0,583499.0,511894.0,1.424339,1.372755,BEL,GBR,0116
23060,25,81,661,2002.0,0.0,4101.0,0.035127,-0.536416,BHS,GBR,0116
23061,32,81,661,2002.0,129750.0,0.0,0.631343,1.249344,BRA,GBR,0116
23062,39,81,661,2002.0,14186.0,0.0,0.9672360000000001,1.389981,CAN,GBR,0116
23063,42,81,661,2002.0,47784.0,0.0,-0.079201,-0.11449200000000001,CHL,GBR,0116
23064,43,81,661,2002.0,0.0,272751.0,0.6181220000000001,1.9636759999999998,CHN,GBR,0116
23065,61,81,661,2002.0,10953154.0,570103.0,2.367856,-2.195331,DEU,GBR,0116
23066,64,81,661,2002.0,9722508.0,59446.0,1.344708,1.321135,DNK,GBR,0116
23067,71,81,661,2002.0,951879.0,314504.0,1.054108,1.9357349999999998,ESP,GBR,0116
23068,77,81,661,2002.0,2136208.0,1496527.0,1.648526,0.6870430000000001,FRA,GBR,0116
23069,83,81,661,2002.0,0.0,23079.0,-1.258567,-1.048266,GHA,GBR,0116
23070,84,81,661,2002.0,0.0,33748.0,0.404483,-0.313042,GIB,GBR,0116
23071,90,81,661,2002.0,0.0,13731.0,0.20355399999999998,1.4130200000000002,GRC,GBR,0116
23072,91,81,661,2002.0,0.0,1619.0,0.822523,0.032938999999999996,GRD,GBR,0116
23073,97,81,661,2002.0,0.0,1170161.0,0.704932,1.291658,HKG,GBR,0116
23074,102,81,661,2002.0,0.0,15546.0,1.232359,1.064425,HUN,GBR,0116
23075,106,81,661,2002.0,8083386.0,487769.0,1.7939310000000002,0.219254,IRL,GBR,0116
23076,109,81,661,2002.0,26750.0,0.0,0.17011700000000002,-0.33925500000000003,ISL,GBR,0116
23077,110,81,661,2002.0,0.0,746975.0,1.257709,0.8318989999999999,ISR,GBR,0116
23078,111,81,661,2002.0,68756.0,2377470.0,1.3944219999999998,1.125362,ITA,GBR,0116
23079,120,81,661,2002.0,0.0,2744.0,0.757789,-0.2968,KNA,GBR,0116
23080,127,81,661,2002.0,0.0,2698.0,0.261861,-0.36480999999999997,LCA,GBR,0116
23081,153,81,661,2002.0,131243.0,0.0,0.9987159999999999,0.26558200000000004,MYS,GBR,0116
23082,159,81,661,2002.0,0.0,12667.0,-1.705991,-1.292926,NGA,GBR,0116
23083,162,81,661,2002.0,15361262.0,835335.0,1.175777,1.667472,NLD,GBR,0116
23084,163,81,661,2002.0,0.0,26064.0,0.689588,-0.007016,NOR,GBR,0116
23085,166,81,661,2002.0,8699851.0,0.0,0.370673,0.7853829999999999,NZL,GBR,0116
23086,174,81,661,2002.0,0.0,14145.0,0.29601,-0.232513,PHL,GBR,0116
23087,177,81,661,2002.0,59435.0,0.0,0.9449299999999999,1.655764,POL,GBR,0116
23088,179,81,661,2002.0,0.0,14424.0,0.584956,1.377068,PRT,GBR,0116
23089,192,81,661,2002.0,0.0,29418.0,1.7077209999999998,0.683549,SGP,GBR,0116
23090,208,81,661,2002.0,576036.0,0.0,2.134,0.769413,SWE,GBR,0116
23091,230,81,661,2002.0,321601.0,0.0,0.048498,0.118565,URY,GBR,0116
23092,231,81,661,2002.0,871600.0,0.0,1.853174,0.120986,USA,GBR,0116
23093,234,81,661,2002.0,0.0,2008.0,-0.268813,-0.67072,VCT,GBR,0116
23094,246,81,661,2002.0,0.0,30887.0,0.32760500000000004,2.497746,ZAF,GBR,0116
23095,4,90,661,2002.0,0.0,3176.0,-0.05800399999999999,0.042254,ALB,GRC,0116
23096,8,90,661,2002.0,15756.0,0.0,0.045376,0.71768,ARG,GRC,0116
23097,14,90,661,2002.0,6750.0,0.0,-0.052462,0.759617,AUS,GRC,0116
23098,15,90,661,2002.0,16117.0,2028.0,1.866997,0.400527,AUT,GRC,0116
23099,18,90,661,2002.0,133993.0,0.0,1.424339,1.372755,BEL,GRC,0116
23100,23,90,661,2002.0,0.0,325355.0,0.468058,1.644037,BGR,GRC,0116
23101,32,90,661,2002.0,95880.0,0.0,0.631343,1.249344,BRA,GRC,0116
23102,39,90,661,2002.0,56223.0,0.0,0.9672360000000001,1.389981,CAN,GRC,0116
23103,44,90,661,2002.0,0.0,3776.0,-0.803739,-0.752218,CIV,GRC,0116
23104,58,90,661,2002.0,513094.0,0.0,0.332088,0.50441,CYP,GRC,0116
23105,61,90,661,2002.0,466508.0,30054.0,2.367856,-2.195331,DEU,GRC,0116
23106,64,90,661,2002.0,618434.0,0.0,1.344708,1.321135,DNK,GRC,0116
23107,71,90,661,2002.0,2961390.0,0.0,1.054108,1.9357349999999998,ESP,GRC,0116
23108,77,90,661,2002.0,763610.0,6476.0,1.648526,0.6870430000000001,FRA,GRC,0116
23109,81,90,661,2002.0,13731.0,0.0,2.067395,0.7934359999999999,GBR,GRC,0116
23110,111,90,661,2002.0,384538.0,556693.0,1.3944219999999998,1.125362,ITA,GRC,0116
23111,140,90,661,2002.0,3736.0,14154.0,-0.027727999999999996,0.41846400000000006,MKD,GRC,0116
23112,162,90,661,2002.0,990438.0,4543.0,1.175777,1.667472,NLD,GRC,0116
23113,166,90,661,2002.0,64378.0,0.0,0.370673,0.7853829999999999,NZL,GRC,0116
23114,185,90,661,2002.0,0.0,16559.0,0.549227,1.071998,ROU,GRC,0116
23115,224,90,661,2002.0,0.0,2082.0,0.12982,1.8032650000000001,TUR,GRC,0116
23116,231,90,661,2002.0,106759.0,0.0,1.853174,0.120986,USA,GRC,0116
23117,39,93,661,2002.0,274682.0,0.0,0.9672360000000001,1.389981,CAN,GTM,0116
23118,99,93,661,2002.0,53356.0,16543.0,-0.637891,-0.564421,HND,GTM,0116
23119,160,93,661,2002.0,646063.0,4617.0,-0.634946,-0.37966,NIC,GTM,0116
23120,169,93,661,2002.0,4459.0,0.0,0.085746,0.21839,PAN,GTM,0116
23121,197,93,661,2002.0,0.0,6481.0,-0.258579,-0.096214,SLV,GTM,0116
23122,231,93,661,2002.0,511301.0,0.0,1.853174,0.120986,USA,GTM,0116
23123,231,96,661,2002.0,27205.0,0.0,1.853174,0.120986,USA,GUY,0116
23124,8,97,661,2002.0,5015325.0,0.0,0.045376,0.71768,ARG,HKG,0116
23125,14,97,661,2002.0,4723008.0,0.0,-0.052462,0.759617,AUS,HKG,0116
23126,15,97,661,2002.0,12452.0,0.0,1.866997,0.400527,AUT,HKG,0116
23127,18,97,661,2002.0,972190.0,0.0,1.424339,1.372755,BEL,HKG,0116
23128,32,97,661,2002.0,23049952.0,0.0,0.631343,1.249344,BRA,HKG,0116
23129,39,97,661,2002.0,3051350.0,0.0,0.9672360000000001,1.389981,CAN,HKG,0116
23130,42,97,661,2002.0,1008581.0,0.0,-0.079201,-0.11449200000000001,CHL,HKG,0116
23131,43,97,661,2002.0,673559.0,176320624.0,0.6181220000000001,1.9636759999999998,CHN,HKG,0116
23132,49,97,661,2002.0,34199.0,0.0,0.219861,0.45238999999999996,COL,HKG,0116
23133,52,97,661,2002.0,85098.0,0.0,0.083983,-0.096237,CRI,HKG,0116
23134,61,97,661,2002.0,2813926.0,0.0,2.367856,-2.195331,DEU,HKG,0116
23135,64,97,661,2002.0,11067698.0,9762.0,1.344708,1.321135,DNK,HKG,0116
23136,71,97,661,2002.0,212279.0,0.0,1.054108,1.9357349999999998,ESP,HKG,0116
23137,74,97,661,2002.0,286697.0,0.0,1.9545119999999998,1.047515,FIN,HKG,0116
23138,77,97,661,2002.0,2905732.0,0.0,1.648526,0.6870430000000001,FRA,HKG,0116
23139,81,97,661,2002.0,1170161.0,0.0,2.067395,0.7934359999999999,GBR,HKG,0116
23140,102,97,661,2002.0,25311.0,0.0,1.232359,1.064425,HUN,HKG,0116
23141,103,97,661,2002.0,1753.0,27245.0,0.098182,1.7305840000000001,IDN,HKG,0116
23142,104,97,661,2002.0,67808.0,0.0,0.32974000000000003,2.376477,IND,HKG,0116
23143,106,97,661,2002.0,1152066.0,0.0,1.7939310000000002,0.219254,IRL,HKG,0116
23144,107,97,661,2002.0,415261.0,0.0,-0.665259,-0.840274,IRN,HKG,0116
23145,111,97,661,2002.0,201596.0,0.0,1.3944219999999998,1.125362,ITA,HKG,0116
23146,114,97,661,2002.0,129978.0,0.0,2.7747580000000003,0.43663199999999996,JPN,HKG,0116
23147,133,97,661,2002.0,8518.0,952248.0,0.005082,-0.328658,MAC,HKG,0116
23148,162,97,661,2002.0,13624219.0,0.0,1.175777,1.667472,NLD,HKG,0116
23149,163,97,661,2002.0,15086.0,0.0,0.689588,-0.007016,NOR,HKG,0116
23150,166,97,661,2002.0,1076225.0,0.0,0.370673,0.7853829999999999,NZL,HKG,0116
23151,168,97,661,2002.0,690568.0,0.0,-0.7574069999999999,-0.403427,PAK,HKG,0116
23152,169,97,661,2002.0,365660.0,0.0,0.085746,0.21839,PAN,HKG,0116
23153,174,97,661,2002.0,0.0,6999.0,0.29601,-0.232513,PHL,HKG,0116
23154,177,97,661,2002.0,280106.0,0.0,0.9449299999999999,1.655764,POL,HKG,0116
23155,180,97,661,2002.0,35374.0,0.0,-0.733796,-0.9001530000000001,PRY,HKG,0116
23156,192,97,661,2002.0,52966.0,0.0,1.7077209999999998,0.683549,SGP,HKG,0116
23157,208,97,661,2002.0,217332.0,0.0,2.134,0.769413,SWE,HKG,0116
23158,224,97,661,2002.0,14444.0,0.0,0.12982,1.8032650000000001,TUR,HKG,0116
23159,230,97,661,2002.0,1699472.0,0.0,0.048498,0.118565,URY,HKG,0116
23160,231,97,661,2002.0,20578466.0,0.0,1.853174,0.120986,USA,HKG,0116
23161,239,97,661,2002.0,35145.0,116026.0,-0.44170699999999996,0.544708,VNM,HKG,0116
23162,246,97,661,2002.0,71554.0,0.0,0.32760500000000004,2.497746,ZAF,HKG,0116
23163,249,97,661,2002.0,90635.0,118320.0,1.9084720000000002,1.253714,TWN,HKG,0116
23164,5,99,661,2002.0,11210.0,0.0,1.3229389999999999,0.9635950000000001,AND,HND,0116
23165,39,99,661,2002.0,62409.0,5935.0,0.9672360000000001,1.389981,CAN,HND,0116
23166,61,99,661,2002.0,0.0,7721.0,2.367856,-2.195331,DEU,HND,0116
23167,93,99,661,2002.0,16543.0,53356.0,-0.49913,-0.038079,GTM,HND,0116
23168,138,99,661,2002.0,3776.0,159648.0,1.2677129999999999,0.599314,MEX,HND,0116
23169,160,99,661,2002.0,6887.0,0.0,-0.634946,-0.37966,NIC,HND,0116
23170,169,99,661,2002.0,4572.0,0.0,0.085746,0.21839,PAN,HND,0116
23171,197,99,661,2002.0,0.0,50977.0,-0.258579,-0.096214,SLV,HND,0116
23172,231,99,661,2002.0,657624.0,0.0,1.853174,0.120986,USA,HND,0116
23173,14,103,661,2002.0,7464491.0,0.0,-0.052462,0.759617,AUS,IDN,0116
23174,39,103,661,2002.0,358179.0,12818.0,0.9672360000000001,1.389981,CAN,IDN,0116
23175,43,103,661,2002.0,81520.0,0.0,0.6181220000000001,1.9636759999999998,CHN,IDN,0116
23176,77,103,661,2002.0,0.0,3522.0,1.648526,0.6870430000000001,FRA,IDN,0116
23177,97,103,661,2002.0,27245.0,1753.0,0.704932,1.291658,HKG,IDN,0116
23178,114,103,661,2002.0,0.0,77871.0,2.7747580000000003,0.43663199999999996,JPN,IDN,0116
23179,153,103,661,2002.0,10182.0,36928.0,0.9987159999999999,0.26558200000000004,MYS,IDN,0116
23180,159,103,661,2002.0,0.0,8765.0,-1.705991,-1.292926,NGA,IDN,0116
23181,162,103,661,2002.0,1614.0,59589.0,1.175777,1.667472,NLD,IDN,0116
23182,166,103,661,2002.0,3258217.0,0.0,0.370673,0.7853829999999999,NZL,IDN,0116
23183,186,103,661,2002.0,12131.0,0.0,0.6051449999999999,0.272307,RUS,IDN,0116
23184,192,103,661,2002.0,8686.0,0.0,1.7077209999999998,0.683549,SGP,IDN,0116
23185,216,103,661,2002.0,15244.0,0.0,0.513887,1.545967,THA,IDN,0116
23186,231,103,661,2002.0,4044087.0,106254.0,1.853174,0.120986,USA,IDN,0116
23187,239,103,661,2002.0,0.0,21886.0,-0.44170699999999996,0.544708,VNM,IDN,0116
23188,249,103,661,2002.0,10500.0,0.0,1.9084720000000002,1.253714,TWN,IDN,0116
23189,2,106,661,2002.0,0.0,44104.0,-1.8043639999999999,-1.250642,AGO,IRL,0116
23190,13,106,661,2002.0,0.0,107993.0,0.23995500000000003,-0.754877,ATG,IRL,0116
23191,15,106,661,2002.0,4562.0,0.0,1.866997,0.400527,AUT,IRL,0116
23192,18,106,661,2002.0,0.0,1366104.0,1.424339,1.372755,BEL,IRL,0116
23193,25,106,661,2002.0,0.0,109450.0,0.035127,-0.536416,BHS,IRL,0116
23194,32,106,661,2002.0,1066.0,0.0,0.631343,1.249344,BRA,IRL,0116
23195,43,106,661,2002.0,0.0,5114.0,0.6181220000000001,1.9636759999999998,CHN,IRL,0116
23196,50,106,661,2002.0,0.0,5002.0,-0.634921,-0.9792120000000001,COM,IRL,0116
23197,61,106,661,2002.0,522529.0,793623.0,2.367856,-2.195331,DEU,IRL,0116
23198,64,106,661,2002.0,293557.0,447256.0,1.344708,1.321135,DNK,IRL,0116
23199,68,106,661,2002.0,0.0,16597.0,-0.37218,0.634319,EGY,IRL,0116
23200,71,106,661,2002.0,67203.0,445034.0,1.054108,1.9357349999999998,ESP,IRL,0116
23201,74,106,661,2002.0,0.0,5339.0,1.9545119999999998,1.047515,FIN,IRL,0116
23202,77,106,661,2002.0,304390.0,11996103.0,1.648526,0.6870430000000001,FRA,IRL,0116
23203,80,106,661,2002.0,0.0,28461.0,-1.34341,-1.238593,GAB,IRL,0116
23204,81,106,661,2002.0,487769.0,8083386.0,2.067395,0.7934359999999999,GBR,IRL,0116
23205,83,106,661,2002.0,0.0,5856.0,-1.258567,-1.048266,GHA,IRL,0116
23206,84,106,661,2002.0,0.0,5419.0,0.404483,-0.313042,GIB,IRL,0116
23207,97,106,661,2002.0,0.0,1152066.0,0.704932,1.291658,HKG,IRL,0116
23208,101,106,661,2002.0,0.0,9442.0,-0.837823,-0.834512,HTI,IRL,0116
23209,102,106,661,2002.0,0.0,31255.0,1.232359,1.064425,HUN,IRL,0116
23210,111,106,661,2002.0,453899.0,1155052.0,1.3944219999999998,1.125362,ITA,IRL,0116
23211,114,106,661,2002.0,0.0,142532.0,2.7747580000000003,0.43663199999999996,JPN,IRL,0116
23212,115,106,661,2002.0,0.0,1857.0,-0.100361,-0.502468,KAZ,IRL,0116
23213,124,106,661,2002.0,0.0,17842.0,0.220906,1.470297,LBN,IRL,0116
23214,130,106,661,2002.0,0.0,18506.0,0.15796,0.855931,LTU,IRL,0116
23215,135,106,661,2002.0,0.0,28011.0,-0.017383000000000003,0.109124,MDA,IRL,0116
23216,151,106,661,2002.0,0.0,2348.0,-0.382062,-0.379224,MUS,IRL,0116
23217,154,106,661,2002.0,0.0,6556.0,0.752173,-0.5639,MYT,IRL,0116
23218,162,106,661,2002.0,324296.0,1220826.0,1.175777,1.667472,NLD,IRL,0116
23219,163,106,661,2002.0,12623.0,0.0,0.689588,-0.007016,NOR,IRL,0116
23220,166,106,661,2002.0,79795.0,0.0,0.370673,0.7853829999999999,NZL,IRL,0116
23221,174,106,661,2002.0,0.0,4564.0,0.29601,-0.232513,PHL,IRL,0116
23222,177,106,661,2002.0,0.0,27526.0,0.9449299999999999,1.655764,POL,IRL,0116
23223,179,106,661,2002.0,0.0,141465.0,0.584956,1.377068,PRT,IRL,0116
23224,186,106,661,2002.0,0.0,1209634.0,0.6051449999999999,0.272307,RUS,IRL,0116
23225,192,106,661,2002.0,0.0,170186.0,1.7077209999999998,0.683549,SGP,IRL,0116
23226,208,106,661,2002.0,13140.0,957891.0,2.134,0.769413,SWE,IRL,0116
23227,216,106,661,2002.0,0.0,10399.0,0.513887,1.545967,THA,IRL,0116
23228,222,106,661,2002.0,0.0,97705.0,-0.056315,-0.803537,TTO,IRL,0116
23229,228,106,661,2002.0,0.0,4066.0,0.575372,1.131722,UKR,IRL,0116
23230,230,106,661,2002.0,46489.0,0.0,0.048498,0.118565,URY,IRL,0116
23231,231,106,661,2002.0,0.0,14082.0,1.853174,0.120986,USA,IRL,0116
23232,246,106,661,2002.0,0.0,20902.0,0.32760500000000004,2.497746,ZAF,IRL,0116
23233,250,106,661,2002.0,0.0,52561.0,0.5979300000000001,-0.497816,ANS,IRL,0116
23234,9,107,661,2002.0,0.0,5850.0,0.66447,-0.08317000000000001,ARM,IRN,0116
23235,24,107,661,2002.0,0.0,44944.0,-0.31754099999999996,-1.099381,BHR,IRN,0116
23236,43,107,661,2002.0,0.0,569293.0,0.6181220000000001,1.9636759999999998,CHN,IRN,0116
23237,97,107,661,2002.0,0.0,415261.0,0.704932,1.291658,HKG,IRN,0116
23238,154,107,661,2002.0,0.0,10773.0,0.752173,-0.5639,MYT,IRN,0116
23239,239,107,661,2002.0,0.0,31066.0,-0.44170699999999996,0.544708,VNM,IRN,0116
23240,8,110,661,2002.0,55620.0,0.0,0.045376,0.71768,ARG,ISR,0116
23241,14,110,661,2002.0,98352.0,0.0,-0.052462,0.759617,AUS,ISR,0116
23242,32,110,661,2002.0,2445136.0,0.0,0.631343,1.249344,BRA,ISR,0116
23243,42,110,661,2002.0,30992.0,0.0,-0.079201,-0.11449200000000001,CHL,ISR,0116
23244,71,110,661,2002.0,83183.0,0.0,1.054108,1.9357349999999998,ESP,ISR,0116
23245,77,110,661,2002.0,26776.0,0.0,1.648526,0.6870430000000001,FRA,ISR,0116
23246,81,110,661,2002.0,746975.0,0.0,2.067395,0.7934359999999999,GBR,ISR,0116
23247,162,110,661,2002.0,150060.0,0.0,1.175777,1.667472,NLD,ISR,0116
23248,166,110,661,2002.0,17737.0,0.0,0.370673,0.7853829999999999,NZL,ISR,0116
23249,169,110,661,2002.0,46090.0,0.0,0.085746,0.21839,PAN,ISR,0116
23250,230,110,661,2002.0,1374768.0,0.0,0.048498,0.118565,URY,ISR,0116
23251,231,110,661,2002.0,684848.0,0.0,1.853174,0.120986,USA,ISR,0116
23252,2,111,661,2002.0,0.0,436738.0,-1.8043639999999999,-1.250642,AGO,ITA,0116
23253,4,111,661,2002.0,0.0,620375.0,-0.05800399999999999,0.042254,ALB,ITA,0116
23254,8,111,661,2002.0,31756.0,0.0,0.045376,0.71768,ARG,ITA,0116
23255,9,111,661,2002.0,0.0,21540.0,0.66447,-0.08317000000000001,ARM,ITA,0116
23256,14,111,661,2002.0,44546.0,0.0,-0.052462,0.759617,AUS,ITA,0116
23257,15,111,661,2002.0,2262627.0,250456.0,1.866997,0.400527,AUT,ITA,0116
23258,18,111,661,2002.0,1895682.0,333172.0,1.424339,1.372755,BEL,ITA,0116
23259,26,111,661,2002.0,0.0,32170.0,0.223543,0.44595100000000004,BIH,ITA,0116
23260,32,111,661,2002.0,84006.0,0.0,0.631343,1.249344,BRA,ITA,0116
23261,39,111,661,2002.0,1031712.0,0.0,0.9672360000000001,1.389981,CAN,ITA,0116
23262,41,111,661,2002.0,4199.0,435457.0,2.205507,0.831836,CHE,ITA,0116
23263,44,111,661,2002.0,0.0,707982.0,-0.803739,-0.752218,CIV,ITA,0116
23264,46,111,661,2002.0,0.0,17586.0,-1.218664,-1.1406120000000002,COD,ITA,0116
23265,47,111,661,2002.0,0.0,10447.0,-1.468836,-1.250484,COG,ITA,0116
23266,59,111,661,2002.0,0.0,1333194.0,1.5835139999999999,0.9563010000000001,CZE,ITA,0116
23267,61,111,661,2002.0,9750092.0,1175347.0,2.367856,-2.195331,DEU,ITA,0116
23268,64,111,661,2002.0,835798.0,41277.0,1.344708,1.321135,DNK,ITA,0116
23269,66,111,661,2002.0,0.0,1372.0,-0.9281389999999999,-1.19549,DZA,ITA,0116
23270,71,111,661,2002.0,4235281.0,1656218.0,1.054108,1.9357349999999998,ESP,ITA,0116
23271,77,111,661,2002.0,6143380.0,4152583.0,1.648526,0.6870430000000001,FRA,ITA,0116
23272,81,111,661,2002.0,2377470.0,68756.0,2.067395,0.7934359999999999,GBR,ITA,0116
23273,83,111,661,2002.0,0.0,52376.0,-1.258567,-1.048266,GHA,ITA,0116
23274,90,111,661,2002.0,556693.0,384538.0,0.20355399999999998,1.4130200000000002,GRC,ITA,0116
23275,97,111,661,2002.0,0.0,201596.0,0.704932,1.291658,HKG,ITA,0116
23276,100,111,661,2002.0,0.0,30461.0,0.603546,1.273001,HRV,ITA,0116
23277,102,111,661,2002.0,63503.0,2248878.0,1.232359,1.064425,HUN,ITA,0116
23278,106,111,661,2002.0,1155052.0,453899.0,1.7939310000000002,0.219254,IRL,ITA,0116
23279,114,111,661,2002.0,0.0,2585.0,2.7747580000000003,0.43663199999999996,JPN,ITA,0116
23280,125,111,661,2002.0,0.0,11829.0,-0.683036,-1.158808,LBR,ITA,0116
23281,135,111,661,2002.0,0.0,8111.0,-0.017383000000000003,0.109124,MDA,ITA,0116
23282,140,111,661,2002.0,0.0,23164.0,-0.027727999999999996,0.41846400000000006,MKD,ITA,0116
23283,159,111,661,2002.0,0.0,24259.0,-1.705991,-1.292926,NGA,ITA,0116
23284,162,111,661,2002.0,9427288.0,350083.0,1.175777,1.667472,NLD,ITA,0116
23285,166,111,661,2002.0,23707.0,0.0,0.370673,0.7853829999999999,NZL,ITA,0116
23286,174,111,661,2002.0,0.0,8592.0,0.29601,-0.232513,PHL,ITA,0116
23287,177,111,661,2002.0,117836.0,362962.0,0.9449299999999999,1.655764,POL,ITA,0116
23288,179,111,661,2002.0,0.0,76249.0,0.584956,1.377068,PRT,ITA,0116
23289,185,111,661,2002.0,0.0,814228.0,0.549227,1.071998,ROU,ITA,0116
23290,186,111,661,2002.0,0.0,1317069.0,0.6051449999999999,0.272307,RUS,ITA,0116
23291,189,111,661,2002.0,15066.0,122853.0,0.523459,2.58657,SCG,ITA,0116
23292,206,111,661,2002.0,0.0,286280.0,1.269549,1.184774,SVK,ITA,0116
23293,207,111,661,2002.0,30288.0,53073.0,1.469681,1.13303,SVN,ITA,0116
23294,208,111,661,2002.0,306237.0,56624.0,2.134,0.769413,SWE,ITA,0116
23295,215,111,661,2002.0,0.0,12741.0,-0.688284,-0.5292789999999999,TGO,ITA,0116
23296,216,111,661,2002.0,0.0,18527.0,0.513887,1.545967,THA,ITA,0116
23297,224,111,661,2002.0,2554.0,0.0,0.12982,1.8032650000000001,TUR,ITA,0116
23298,230,111,661,2002.0,1286.0,0.0,0.048498,0.118565,URY,ITA,0116
23299,231,111,661,2002.0,19824.0,0.0,1.853174,0.120986,USA,ITA,0116
23300,14,112,661,2002.0,1530500.0,0.0,-0.052462,0.759617,AUS,JAM,0116
23301,15,112,661,2002.0,20846.0,0.0,1.866997,0.400527,AUT,JAM,0116
23302,39,112,661,2002.0,725290.0,0.0,0.9672360000000001,1.389981,CAN,JAM,0116
23303,166,112,661,2002.0,32270.0,0.0,0.370673,0.7853829999999999,NZL,JAM,0116
23304,169,112,661,2002.0,628326.0,0.0,0.085746,0.21839,PAN,JAM,0116
23305,222,112,661,2002.0,0.0,20677.0,-0.056315,-0.803537,TTO,JAM,0116
23306,230,112,661,2002.0,3972.0,0.0,0.048498,0.118565,URY,JAM,0116
23307,231,112,661,2002.0,1577270.0,0.0,1.853174,0.120986,USA,JAM,0116
23308,8,114,661,2002.0,58553.0,0.0,0.045376,0.71768,ARG,JPN,0116
23309,14,114,661,2002.0,22023480.0,0.0,-0.052462,0.759617,AUS,JPN,0116
23310,15,114,661,2002.0,181302.0,0.0,1.866997,0.400527,AUT,JPN,0116
23311,18,114,661,2002.0,200971.0,0.0,1.424339,1.372755,BEL,JPN,0116
23312,32,114,661,2002.0,52841.0,0.0,0.631343,1.249344,BRA,JPN,0116
23313,39,114,661,2002.0,29447362.0,0.0,0.9672360000000001,1.389981,CAN,JPN,0116
23314,42,114,661,2002.0,1075860.0,0.0,-0.079201,-0.11449200000000001,CHL,JPN,0116
23315,43,114,661,2002.0,985724.0,0.0,0.6181220000000001,1.9636759999999998,CHN,JPN,0116
23316,52,114,661,2002.0,335554.0,0.0,0.083983,-0.096237,CRI,JPN,0116
23317,64,114,661,2002.0,9107581.0,0.0,1.344708,1.321135,DNK,JPN,0116
23318,74,114,661,2002.0,40393.0,0.0,1.9545119999999998,1.047515,FIN,JPN,0116
23319,77,114,661,2002.0,18404.0,0.0,1.648526,0.6870430000000001,FRA,JPN,0116
23320,97,114,661,2002.0,0.0,129978.0,0.704932,1.291658,HKG,JPN,0116
23321,102,114,661,2002.0,230710.0,0.0,1.232359,1.064425,HUN,JPN,0116
23322,103,114,661,2002.0,77871.0,0.0,0.098182,1.7305840000000001,IDN,JPN,0116
23323,106,114,661,2002.0,142532.0,0.0,1.7939310000000002,0.219254,IRL,JPN,0116
23324,111,114,661,2002.0,2585.0,0.0,1.3944219999999998,1.125362,ITA,JPN,0116
23325,121,114,661,2002.0,1565.0,0.0,1.4172719999999999,0.8763139999999999,KOR,JPN,0116
23326,133,114,661,2002.0,0.0,2579.0,0.005082,-0.328658,MAC,JPN,0116
23327,138,114,661,2002.0,1677164.0,0.0,1.2677129999999999,0.599314,MEX,JPN,0116
23328,160,114,661,2002.0,189779.0,0.0,-0.634946,-0.37966,NIC,JPN,0116
23329,162,114,661,2002.0,45156.0,0.0,1.175777,1.667472,NLD,JPN,0116
23330,163,114,661,2002.0,274382.0,0.0,0.689588,-0.007016,NOR,JPN,0116
23331,166,114,661,2002.0,3562052.0,0.0,0.370673,0.7853829999999999,NZL,JPN,0116
23332,169,114,661,2002.0,167885.0,1764.0,0.085746,0.21839,PAN,JPN,0116
23333,174,114,661,2002.0,0.0,54128.0,0.29601,-0.232513,PHL,JPN,0116
23334,208,114,661,2002.0,51482.0,0.0,2.134,0.769413,SWE,JPN,0116
23335,216,114,661,2002.0,32012.0,0.0,0.513887,1.545967,THA,JPN,0116
23336,228,114,661,2002.0,8119.0,0.0,0.575372,1.131722,UKR,JPN,0116
23337,231,114,661,2002.0,151650160.0,0.0,1.853174,0.120986,USA,JPN,0116
23338,240,114,661,2002.0,1464.0,0.0,-1.110093,-1.015554,VUT,JPN,0116
23339,249,114,661,2002.0,0.0,51772.0,1.9084720000000002,1.253714,TWN,JPN,0116
23340,14,121,661,2002.0,19803128.0,0.0,-0.052462,0.759617,AUS,KOR,0116
23341,15,121,661,2002.0,34538.0,0.0,1.866997,0.400527,AUT,KOR,0116
23342,18,121,661,2002.0,90187.0,14084.0,1.424339,1.372755,BEL,KOR,0116
23343,39,121,661,2002.0,9074718.0,0.0,0.9672360000000001,1.389981,CAN,KOR,0116
23344,42,121,661,2002.0,341721.0,0.0,-0.079201,-0.11449200000000001,CHL,KOR,0116
23345,43,121,661,2002.0,0.0,37249.0,0.6181220000000001,1.9636759999999998,CHN,KOR,0116
23346,52,121,661,2002.0,1924.0,0.0,0.083983,-0.096237,CRI,KOR,0116
23347,64,121,661,2002.0,870772.0,0.0,1.344708,1.321135,DNK,KOR,0116
23348,71,121,661,2002.0,11523.0,0.0,1.054108,1.9357349999999998,ESP,KOR,0116
23349,74,121,661,2002.0,237719.0,0.0,1.9545119999999998,1.047515,FIN,KOR,0116
23350,77,121,661,2002.0,51031.0,0.0,1.648526,0.6870430000000001,FRA,KOR,0116
23351,102,121,661,2002.0,115930.0,0.0,1.232359,1.064425,HUN,KOR,0116
23352,114,121,661,2002.0,0.0,1565.0,2.7747580000000003,0.43663199999999996,JPN,KOR,0116
23353,145,121,661,2002.0,0.0,37886.0,-0.711096,-0.9835799999999999,MNG,KOR,0116
23354,162,121,661,2002.0,268565.0,0.0,1.175777,1.667472,NLD,KOR,0116
23355,166,121,661,2002.0,5936822.0,0.0,0.370673,0.7853829999999999,NZL,KOR,0116
23356,174,121,661,2002.0,0.0,1005090.0,0.29601,-0.232513,PHL,KOR,0116
23357,177,121,661,2002.0,260500.0,0.0,0.9449299999999999,1.655764,POL,KOR,0116
23358,181,121,661,2002.0,25435.0,0.0,0.6237199999999999,-0.007998,PSE,KOR,0116
23359,186,121,661,2002.0,0.0,10959.0,0.6051449999999999,0.272307,RUS,KOR,0116
23360,188,121,661,2002.0,3766675.0,0.0,0.048764,-0.903125,SAU,KOR,0116
23361,208,121,661,2002.0,143905.0,0.0,2.134,0.769413,SWE,KOR,0116
23362,216,121,661,2002.0,0.0,140619.0,0.513887,1.545967,THA,KOR,0116
23363,231,121,661,2002.0,30627652.0,0.0,1.853174,0.120986,USA,KOR,0116
23364,14,128,661,2002.0,10506.0,0.0,-0.052462,0.759617,AUS,LKA,0116
23365,104,128,661,2002.0,15028.0,0.0,0.32974000000000003,2.376477,IND,LKA,0116
23366,14,138,661,2002.0,2769593.0,0.0,-0.052462,0.759617,AUS,MEX,0116
23367,15,138,661,2002.0,1389.0,0.0,1.866997,0.400527,AUT,MEX,0116
23368,39,138,661,2002.0,16871574.0,0.0,0.9672360000000001,1.389981,CAN,MEX,0116
23369,42,138,661,2002.0,732527.0,0.0,-0.079201,-0.11449200000000001,CHL,MEX,0116
23370,52,138,661,2002.0,258964.0,0.0,0.083983,-0.096237,CRI,MEX,0116
23371,64,138,661,2002.0,1370728.0,0.0,1.344708,1.321135,DNK,MEX,0116
23372,77,138,661,2002.0,33181.0,0.0,1.648526,0.6870430000000001,FRA,MEX,0116
23373,99,138,661,2002.0,159648.0,3776.0,-0.637891,-0.564421,HND,MEX,0116
23374,114,138,661,2002.0,0.0,1677164.0,2.7747580000000003,0.43663199999999996,JPN,MEX,0116
23375,160,138,661,2002.0,531229.0,0.0,-0.634946,-0.37966,NIC,MEX,0116
23376,166,138,661,2002.0,599002.0,0.0,0.370673,0.7853829999999999,NZL,MEX,0116
23377,169,138,661,2002.0,3134880.0,0.0,0.085746,0.21839,PAN,MEX,0116
23378,231,138,661,2002.0,134684896.0,584344.0,1.853174,0.120986,USA,MEX,0116
23379,14,142,661,2002.0,22396.0,0.0,-0.052462,0.759617,AUS,MLT,0116
23380,23,142,661,2002.0,2241.0,0.0,0.468058,1.644037,BGR,MLT,0116
23381,61,142,661,2002.0,4553.0,0.0,2.367856,-2.195331,DEU,MLT,0116
23382,64,142,661,2002.0,16576.0,0.0,1.344708,1.321135,DNK,MLT,0116
23383,72,142,661,2002.0,13152.0,0.0,0.576142,1.168563,EST,MLT,0116
23384,126,142,661,2002.0,0.0,12225.0,-0.692769,-1.188682,LBY,MLT,0116
23385,162,142,661,2002.0,26120.0,0.0,1.175777,1.667472,NLD,MLT,0116
23386,166,142,661,2002.0,4776.0,15561.0,0.370673,0.7853829999999999,NZL,MLT,0116
23387,231,142,661,2002.0,90585.0,0.0,1.853174,0.120986,USA,MLT,0116
23388,14,153,661,2002.0,5400772.0,0.0,-0.052462,0.759617,AUS,MYS,0116
23389,32,153,661,2002.0,3557.0,0.0,0.631343,1.249344,BRA,MYS,0116
23390,34,153,661,2002.0,0.0,114389.0,-1.359507,-1.084339,BRN,MYS,0116
23391,39,153,661,2002.0,4221.0,0.0,0.9672360000000001,1.389981,CAN,MYS,0116
23392,61,153,661,2002.0,14663.0,0.0,2.367856,-2.195331,DEU,MYS,0116
23393,64,153,661,2002.0,21669.0,0.0,1.344708,1.321135,DNK,MYS,0116
23394,74,153,661,2002.0,9976.0,0.0,1.9545119999999998,1.047515,FIN,MYS,0116
23395,77,153,661,2002.0,1115.0,0.0,1.648526,0.6870430000000001,FRA,MYS,0116
23396,81,153,661,2002.0,0.0,131243.0,2.067395,0.7934359999999999,GBR,MYS,0116
23397,103,153,661,2002.0,36928.0,10182.0,0.098182,1.7305840000000001,IDN,MYS,0116
23398,104,153,661,2002.0,1039165.0,0.0,0.32974000000000003,2.376477,IND,MYS,0116
23399,166,153,661,2002.0,3996568.0,0.0,0.370673,0.7853829999999999,NZL,MYS,0116
23400,183,153,661,2002.0,0.0,31867.0,-0.002177,-1.042517,QAT,MYS,0116
23401,192,153,661,2002.0,35269.0,0.0,1.7077209999999998,0.683549,SGP,MYS,0116
23402,208,153,661,2002.0,26448.0,0.0,2.134,0.769413,SWE,MYS,0116
23403,216,153,661,2002.0,218257.0,17247.0,0.513887,1.545967,THA,MYS,0116
23404,230,153,661,2002.0,109677.0,0.0,0.048498,0.118565,URY,MYS,0116
23405,231,153,661,2002.0,186790.0,0.0,1.853174,0.120986,USA,MYS,0116
23406,250,153,661,2002.0,2037.0,0.0,0.5979300000000001,-0.497816,ANS,MYS,0116
23407,52,160,661,2002.0,10793.0,139072.0,0.083983,-0.096237,CRI,NIC,0116
23408,93,160,661,2002.0,4617.0,646063.0,-0.49913,-0.038079,GTM,NIC,0116
23409,99,160,661,2002.0,0.0,6887.0,-0.637891,-0.564421,HND,NIC,0116
23410,114,160,661,2002.0,0.0,189779.0,2.7747580000000003,0.43663199999999996,JPN,NIC,0116
23411,138,160,661,2002.0,0.0,531229.0,1.2677129999999999,0.599314,MEX,NIC,0116
23412,169,160,661,2002.0,0.0,178932.0,0.085746,0.21839,PAN,NIC,0116
23413,197,160,661,2002.0,0.0,1455394.0,-0.258579,-0.096214,SLV,NIC,0116
23414,231,160,661,2002.0,146712.0,275158.0,1.853174,0.120986,USA,NIC,0116
23415,0,162,661,2002.0,0.0,30281.0,0.27076100000000003,-0.858951,ABW,NLD,0116
23416,2,162,661,2002.0,0.0,1449484.0,-1.8043639999999999,-1.250642,AGO,NLD,0116
23417,6,162,661,2002.0,0.0,129589.0,0.145946,-0.704052,ANT,NLD,0116
23418,7,162,661,2002.0,0.0,70781.0,-0.288838,-0.640049,ARE,NLD,0116
23419,8,162,661,2002.0,769537.0,1599527.0,0.045376,0.71768,ARG,NLD,0116
23420,15,162,661,2002.0,178658.0,458416.0,1.866997,0.400527,AUT,NLD,0116
23421,18,162,661,2002.0,11317150.0,11372695.0,1.424339,1.372755,BEL,NLD,0116
23422,23,162,661,2002.0,0.0,618731.0,0.468058,1.644037,BGR,NLD,0116
23423,24,162,661,2002.0,0.0,4862.0,-0.31754099999999996,-1.099381,BHR,NLD,0116
23424,26,162,661,2002.0,0.0,49226.0,0.223543,0.44595100000000004,BIH,NLD,0116
23425,28,162,661,2002.0,0.0,11169.0,0.865742,1.1823860000000002,BLR,NLD,0116
23426,32,162,661,2002.0,368587.0,0.0,0.631343,1.249344,BRA,NLD,0116
23427,34,162,661,2002.0,0.0,34611.0,-1.359507,-1.084339,BRN,NLD,0116
23428,39,162,661,2002.0,41936.0,0.0,0.9672360000000001,1.389981,CAN,NLD,0116
23429,41,162,661,2002.0,0.0,113907.0,2.205507,0.831836,CHE,NLD,0116
23430,42,162,661,2002.0,9522.0,0.0,-0.079201,-0.11449200000000001,CHL,NLD,0116
23431,43,162,661,2002.0,0.0,5877892.0,0.6181220000000001,1.9636759999999998,CHN,NLD,0116
23432,44,162,661,2002.0,0.0,1012691.0,-0.803739,-0.752218,CIV,NLD,0116
23433,45,162,661,2002.0,0.0,158303.0,-1.188713,-1.109944,CMR,NLD,0116
23434,46,162,661,2002.0,0.0,379340.0,-1.218664,-1.1406120000000002,COD,NLD,0116
23435,47,162,661,2002.0,0.0,108830.0,-1.468836,-1.250484,COG,NLD,0116
23436,50,162,661,2002.0,0.0,7376.0,-0.634921,-0.9792120000000001,COM,NLD,0116
23437,51,162,661,2002.0,0.0,1640.0,-0.315184,-0.660522,CPV,NLD,0116
23438,59,162,661,2002.0,0.0,53167.0,1.5835139999999999,0.9563010000000001,CZE,NLD,0116
23439,61,162,661,2002.0,20438686.0,19213308.0,2.367856,-2.195331,DEU,NLD,0116
23440,64,162,661,2002.0,659971.0,1444862.0,1.344708,1.321135,DNK,NLD,0116
23441,71,162,661,2002.0,1059411.0,2086206.0,1.054108,1.9357349999999998,ESP,NLD,0116
23442,72,162,661,2002.0,0.0,3278.0,0.576142,1.168563,EST,NLD,0116
23443,74,162,661,2002.0,0.0,22788.0,1.9545119999999998,1.047515,FIN,NLD,0116
23444,77,162,661,2002.0,2773139.0,25825982.0,1.648526,0.6870430000000001,FRA,NLD,0116
23445,80,162,661,2002.0,0.0,204584.0,-1.34341,-1.238593,GAB,NLD,0116
23446,81,162,661,2002.0,835335.0,15361262.0,2.067395,0.7934359999999999,GBR,NLD,0116
23447,82,162,661,2002.0,0.0,168519.0,0.23526999999999998,-0.156333,GEO,NLD,0116
23448,83,162,661,2002.0,0.0,1337810.0,-1.258567,-1.048266,GHA,NLD,0116
23449,84,162,661,2002.0,0.0,1891.0,0.404483,-0.313042,GIB,NLD,0116
23450,85,162,661,2002.0,0.0,60051.0,-1.684157,-1.256743,GIN,NLD,0116
23451,87,162,661,2002.0,0.0,2643.0,0.266536,0.20776,GMB,NLD,0116
23452,89,162,661,2002.0,0.0,192119.0,-1.8647490000000002,-0.96145,GNQ,NLD,0116
23453,90,162,661,2002.0,4543.0,990438.0,0.20355399999999998,1.4130200000000002,GRC,NLD,0116
23454,97,162,661,2002.0,0.0,13624219.0,0.704932,1.291658,HKG,NLD,0116
23455,100,162,661,2002.0,0.0,299584.0,0.603546,1.273001,HRV,NLD,0116
23456,102,162,661,2002.0,4528.0,1545238.0,1.232359,1.064425,HUN,NLD,0116
23457,103,162,661,2002.0,59589.0,1614.0,0.098182,1.7305840000000001,IDN,NLD,0116
23458,104,162,661,2002.0,0.0,10456.0,0.32974000000000003,2.376477,IND,NLD,0116
23459,106,162,661,2002.0,1220826.0,324296.0,1.7939310000000002,0.219254,IRL,NLD,0116
23460,110,162,661,2002.0,0.0,150060.0,1.257709,0.8318989999999999,ISR,NLD,0116
23461,111,162,661,2002.0,350083.0,9427288.0,1.3944219999999998,1.125362,ITA,NLD,0116
23462,114,162,661,2002.0,0.0,45156.0,2.7747580000000003,0.43663199999999996,JPN,NLD,0116
23463,115,162,661,2002.0,0.0,42589.0,-0.100361,-0.502468,KAZ,NLD,0116
23464,121,162,661,2002.0,0.0,268565.0,1.4172719999999999,0.8763139999999999,KOR,NLD,0116
23465,125,162,661,2002.0,0.0,91040.0,-0.683036,-1.158808,LBR,NLD,0116
23466,130,162,661,2002.0,0.0,130567.0,0.15796,0.855931,LTU,NLD,0116
23467,131,162,661,2002.0,1234.0,114913.0,1.396249,1.153017,LUX,NLD,0116
23468,132,162,661,2002.0,0.0,8684.0,0.41409799999999997,0.6281680000000001,LVA,NLD,0116
23469,133,162,661,2002.0,0.0,2921.0,0.005082,-0.328658,MAC,NLD,0116
23470,134,162,661,2002.0,5104.0,1249.0,-0.690226,-0.42557,MAR,NLD,0116
23471,135,162,661,2002.0,0.0,357528.0,-0.017383000000000003,0.109124,MDA,NLD,0116
23472,140,162,661,2002.0,0.0,18897.0,-0.027727999999999996,0.41846400000000006,MKD,NLD,0116
23473,142,162,661,2002.0,0.0,26120.0,0.901235,-0.140261,MLT,NLD,0116
23474,154,162,661,2002.0,0.0,15043.0,0.752173,-0.5639,MYT,NLD,0116
23475,159,162,661,2002.0,0.0,13939.0,-1.705991,-1.292926,NGA,NLD,0116
23476,163,162,661,2002.0,3280.0,4665.0,0.689588,-0.007016,NOR,NLD,0116
23477,166,162,661,2002.0,282387.0,0.0,0.370673,0.7853829999999999,NZL,NLD,0116
23478,174,162,661,2002.0,0.0,338287.0,0.29601,-0.232513,PHL,NLD,0116
23479,177,162,661,2002.0,0.0,363566.0,0.9449299999999999,1.655764,POL,NLD,0116
23480,179,162,661,2002.0,147201.0,238279.0,0.584956,1.377068,PRT,NLD,0116
23481,185,162,661,2002.0,0.0,638210.0,0.549227,1.071998,ROU,NLD,0116
23482,186,162,661,2002.0,0.0,3952765.0,0.6051449999999999,0.272307,RUS,NLD,0116
23483,189,162,661,2002.0,0.0,229433.0,0.523459,2.58657,SCG,NLD,0116
23484,192,162,661,2002.0,0.0,605942.0,1.7077209999999998,0.683549,SGP,NLD,0116
23485,196,162,661,2002.0,0.0,12754.0,0.29478899999999997,0.055865,SLE,NLD,0116
23486,206,162,661,2002.0,0.0,52093.0,1.269549,1.184774,SVK,NLD,0116
23487,207,162,661,2002.0,0.0,227182.0,1.469681,1.13303,SVN,NLD,0116
23488,208,162,661,2002.0,11707.0,272813.0,2.134,0.769413,SWE,NLD,0116
23489,216,162,661,2002.0,2612.0,751775.0,0.513887,1.545967,THA,NLD,0116
23490,219,162,661,2002.0,0.0,294323.0,-0.9178629999999999,-1.202212,TKM,NLD,0116
23491,224,162,661,2002.0,0.0,1836.0,0.12982,1.8032650000000001,TUR,NLD,0116
23492,228,162,661,2002.0,0.0,339538.0,0.575372,1.131722,UKR,NLD,0116
23493,230,162,661,2002.0,23213.0,0.0,0.048498,0.118565,URY,NLD,0116
23494,231,162,661,2002.0,25842.0,21159.0,1.853174,0.120986,USA,NLD,0116
23495,233,162,661,2002.0,0.0,3781.0,1.0090620000000001,-0.47225100000000003,VAT,NLD,0116
23496,250,162,661,2002.0,0.0,4905.0,0.5979300000000001,-0.497816,ANS,NLD,0116
23497,64,163,661,2002.0,18918.0,101209.0,1.344708,1.321135,DNK,NOR,0116
23498,71,163,661,2002.0,0.0,60550.0,1.054108,1.9357349999999998,ESP,NOR,0116
23499,72,163,661,2002.0,1848.0,21132.0,0.576142,1.168563,EST,NOR,0116
23500,74,163,661,2002.0,12265.0,0.0,1.9545119999999998,1.047515,FIN,NOR,0116
23501,77,163,661,2002.0,1008.0,0.0,1.648526,0.6870430000000001,FRA,NOR,0116
23502,81,163,661,2002.0,26064.0,0.0,2.067395,0.7934359999999999,GBR,NOR,0116
23503,97,163,661,2002.0,0.0,15086.0,0.704932,1.291658,HKG,NOR,0116
23504,102,163,661,2002.0,0.0,2593.0,1.232359,1.064425,HUN,NOR,0116
23505,106,163,661,2002.0,0.0,12623.0,1.7939310000000002,0.219254,IRL,NOR,0116
23506,114,163,661,2002.0,0.0,274382.0,2.7747580000000003,0.43663199999999996,JPN,NOR,0116
23507,130,163,661,2002.0,0.0,21370.0,0.15796,0.855931,LTU,NOR,0116
23508,132,163,661,2002.0,0.0,189708.0,0.41409799999999997,0.6281680000000001,LVA,NOR,0116
23509,162,163,661,2002.0,4665.0,3280.0,1.175777,1.667472,NLD,NOR,0116
23510,186,163,661,2002.0,0.0,241321.0,0.6051449999999999,0.272307,RUS,NOR,0116
23511,208,163,661,2002.0,165115.0,0.0,2.134,0.769413,SWE,NOR,0116
23512,7,166,661,2002.0,0.0,47884.0,-0.288838,-0.640049,ARE,NZL,0116
23513,10,166,661,2002.0,0.0,12751.0,1.002446,0.17447200000000002,ASM,NZL,0116
23514,14,166,661,2002.0,531631.0,52650.0,-0.052462,0.759617,AUS,NZL,0116
23515,15,166,661,2002.0,0.0,1509.0,1.866997,0.400527,AUT,NZL,0116
23516,18,166,661,2002.0,0.0,571486.0,1.424339,1.372755,BEL,NZL,0116
23517,24,166,661,2002.0,0.0,77732.0,-0.31754099999999996,-1.099381,BHR,NZL,0116
23518,30,166,661,2002.0,0.0,83216.0,0.934739,-0.465542,BMU,NZL,0116
23519,33,166,661,2002.0,0.0,321308.0,0.547024,-0.004036,BRB,NZL,0116
23520,39,166,661,2002.0,684532.0,183702.0,0.9672360000000001,1.389981,CAN,NZL,0116
23521,41,166,661,2002.0,0.0,7864.0,2.205507,0.831836,CHE,NZL,0116
23522,42,166,661,2002.0,0.0,41956.0,-0.079201,-0.11449200000000001,CHL,NZL,0116
23523,43,166,661,2002.0,0.0,1648244.0,0.6181220000000001,1.9636759999999998,CHN,NZL,0116
23524,44,166,661,2002.0,0.0,29307.0,-0.803739,-0.752218,CIV,NZL,0116
23525,47,166,661,2002.0,0.0,24108.0,-1.468836,-1.250484,COG,NZL,0116
23526,61,166,661,2002.0,0.0,483827.0,2.367856,-2.195331,DEU,NZL,0116
23527,68,166,661,2002.0,0.0,39039.0,-0.37218,0.634319,EGY,NZL,0116
23528,71,166,661,2002.0,0.0,243662.0,1.054108,1.9357349999999998,ESP,NZL,0116
23529,75,166,661,2002.0,0.0,671812.0,-0.788026,-0.432015,FJI,NZL,0116
23530,77,166,661,2002.0,0.0,1265603.0,1.648526,0.6870430000000001,FRA,NZL,0116
23531,80,166,661,2002.0,0.0,25542.0,-1.34341,-1.238593,GAB,NZL,0116
23532,81,166,661,2002.0,0.0,8699851.0,2.067395,0.7934359999999999,GBR,NZL,0116
23533,90,166,661,2002.0,0.0,64378.0,0.20355399999999998,1.4130200000000002,GRC,NZL,0116
23534,91,166,661,2002.0,0.0,1542.0,0.822523,0.032938999999999996,GRD,NZL,0116
23535,95,166,661,2002.0,0.0,63363.0,-0.5440229999999999,-0.929201,GUM,NZL,0116
23536,97,166,661,2002.0,0.0,1076225.0,0.704932,1.291658,HKG,NZL,0116
23537,102,166,661,2002.0,0.0,1010.0,1.232359,1.064425,HUN,NZL,0116
23538,103,166,661,2002.0,0.0,3258217.0,0.098182,1.7305840000000001,IDN,NZL,0116
23539,106,166,661,2002.0,0.0,79795.0,1.7939310000000002,0.219254,IRL,NZL,0116
23540,110,166,661,2002.0,0.0,17737.0,1.257709,0.8318989999999999,ISR,NZL,0116
23541,111,166,661,2002.0,0.0,23707.0,1.3944219999999998,1.125362,ITA,NZL,0116
23542,112,166,661,2002.0,0.0,32270.0,-0.459541,-0.947443,JAM,NZL,0116
23543,113,166,661,2002.0,0.0,325335.0,0.34023000000000003,0.264754,JOR,NZL,0116
23544,114,166,661,2002.0,0.0,3562052.0,2.7747580000000003,0.43663199999999996,JPN,NZL,0116
23545,116,166,661,2002.0,0.0,9258.0,-0.59055,0.000731,KEN,NZL,0116
23546,121,166,661,2002.0,0.0,5936822.0,1.4172719999999999,0.8763139999999999,KOR,NZL,0116
23547,122,166,661,2002.0,0.0,6874.0,-0.794007,-1.192659,KWT,NZL,0116
23548,123,166,661,2002.0,0.0,13225.0,-0.990957,-1.111048,LAO,NZL,0116
23549,124,166,661,2002.0,0.0,10305.0,0.220906,1.470297,LBN,NZL,0116
23550,130,166,661,2002.0,0.0,51232.0,0.15796,0.855931,LTU,NZL,0116
23551,133,166,661,2002.0,0.0,7501.0,0.005082,-0.328658,MAC,NZL,0116
23552,138,166,661,2002.0,0.0,599002.0,1.2677129999999999,0.599314,MEX,NZL,0116
23553,142,166,661,2002.0,15561.0,4776.0,0.901235,-0.140261,MLT,NZL,0116
23554,151,166,661,2002.0,0.0,146200.0,-0.382062,-0.379224,MUS,NZL,0116
23555,153,166,661,2002.0,0.0,3996568.0,0.9987159999999999,0.26558200000000004,MYS,NZL,0116
23556,156,166,661,2002.0,0.0,55421.0,-0.7477739999999999,-1.006248,NCL,NZL,0116
23557,162,166,661,2002.0,0.0,282387.0,1.175777,1.667472,NLD,NZL,0116
23558,167,166,661,2002.0,0.0,19006.0,-1.307058,-1.270916,OMN,NZL,0116
23559,169,166,661,2002.0,0.0,2926.0,0.085746,0.21839,PAN,NZL,0116
23560,174,166,661,2002.0,0.0,667164.0,0.29601,-0.232513,PHL,NZL,0116
23561,176,166,661,2002.0,0.0,172865.0,-1.430299,-1.172593,PNG,NZL,0116
23562,177,166,661,2002.0,0.0,8231.0,0.9449299999999999,1.655764,POL,NZL,0116
23563,179,166,661,2002.0,0.0,23106.0,0.584956,1.377068,PRT,NZL,0116
23564,182,166,661,2002.0,0.0,779302.0,-0.363179,-0.8967450000000001,PYF,NZL,0116
23565,186,166,661,2002.0,0.0,347140.0,0.6051449999999999,0.272307,RUS,NZL,0116
23566,188,166,661,2002.0,0.0,239718.0,0.048764,-0.903125,SAU,NZL,0116
23567,191,166,661,2002.0,0.0,7488.0,-0.5424939999999999,-0.554531,SEN,NZL,0116
23568,192,166,661,2002.0,0.0,592264.0,1.7077209999999998,0.683549,SGP,NZL,0116
23569,208,166,661,2002.0,0.0,6665.0,2.134,0.769413,SWE,NZL,0116
23570,211,166,661,2002.0,0.0,118690.0,-0.8837229999999999,-0.975607,SYC,NZL,0116
23571,216,166,661,2002.0,0.0,92802.0,0.513887,1.545967,THA,NZL,0116
23572,221,166,661,2002.0,0.0,6742.0,-0.772079,-1.0016479999999999,TON,NZL,0116
23573,222,166,661,2002.0,0.0,68098.0,-0.056315,-0.803537,TTO,NZL,0116
23574,231,166,661,2002.0,19744.0,6310678.0,1.853174,0.120986,USA,NZL,0116
23575,241,166,661,2002.0,0.0,2698.0,0.712441,-0.668211,WLF,NZL,0116
23576,243,166,661,2002.0,0.0,155176.0,-1.447637,-1.289748,YEM,NZL,0116
23577,246,166,661,2002.0,0.0,1126452.0,0.32760500000000004,2.497746,ZAF,NZL,0116
23578,249,166,661,2002.0,0.0,738740.0,1.9084720000000002,1.253714,TWN,NZL,0116
23579,6,169,661,2002.0,0.0,88871.0,0.145946,-0.704052,ANT,PAN,0116
23580,39,169,661,2002.0,1077537.0,0.0,0.9672360000000001,1.389981,CAN,PAN,0116
23581,43,169,661,2002.0,0.0,221591.0,0.6181220000000001,1.9636759999999998,CHN,PAN,0116
23582,52,169,661,2002.0,1435.0,22868.0,0.083983,-0.096237,CRI,PAN,0116
23583,72,169,661,2002.0,1312.0,0.0,0.576142,1.168563,EST,PAN,0116
23584,93,169,661,2002.0,0.0,4459.0,-0.49913,-0.038079,GTM,PAN,0116
23585,97,169,661,2002.0,0.0,365660.0,0.704932,1.291658,HKG,PAN,0116
23586,99,169,661,2002.0,0.0,4572.0,-0.637891,-0.564421,HND,PAN,0116
23587,110,169,661,2002.0,0.0,46090.0,1.257709,0.8318989999999999,ISR,PAN,0116
23588,112,169,661,2002.0,0.0,628326.0,-0.459541,-0.947443,JAM,PAN,0116
23589,114,169,661,2002.0,1764.0,167885.0,2.7747580000000003,0.43663199999999996,JPN,PAN,0116
23590,138,169,661,2002.0,0.0,3134880.0,1.2677129999999999,0.599314,MEX,PAN,0116
23591,160,169,661,2002.0,178932.0,0.0,-0.634946,-0.37966,NIC,PAN,0116
23592,166,169,661,2002.0,2926.0,0.0,0.370673,0.7853829999999999,NZL,PAN,0116
23593,180,169,661,2002.0,10587.0,0.0,-0.733796,-0.9001530000000001,PRY,PAN,0116
23594,197,169,661,2002.0,0.0,6219.0,-0.258579,-0.096214,SLV,PAN,0116
23595,222,169,661,2002.0,0.0,364045.0,-0.056315,-0.803537,TTO,PAN,0116
23596,231,169,661,2002.0,67186.0,0.0,1.853174,0.120986,USA,PAN,0116
23597,249,169,661,2002.0,0.0,8570.0,1.9084720000000002,1.253714,TWN,PAN,0116
23598,8,173,661,2002.0,1212792.0,0.0,0.045376,0.71768,ARG,PER,0116
23599,32,173,661,2002.0,2395287.0,0.0,0.631343,1.249344,BRA,PER,0116
23600,39,173,661,2002.0,1385364.0,0.0,0.9672360000000001,1.389981,CAN,PER,0116
23601,42,173,661,2002.0,106010.0,0.0,-0.079201,-0.11449200000000001,CHL,PER,0116
23602,180,173,661,2002.0,181524.0,0.0,-0.733796,-0.9001530000000001,PRY,PER,0116
23603,230,173,661,2002.0,536931.0,0.0,0.048498,0.118565,URY,PER,0116
23604,231,173,661,2002.0,653804.0,0.0,1.853174,0.120986,USA,PER,0116
23605,14,174,661,2002.0,1946736.0,0.0,-0.052462,0.759617,AUS,PHL,0116
23606,18,174,661,2002.0,548856.0,0.0,1.424339,1.372755,BEL,PHL,0116
23607,23,174,661,2002.0,8912.0,0.0,0.468058,1.644037,BGR,PHL,0116
23608,32,174,661,2002.0,46983.0,0.0,0.631343,1.249344,BRA,PHL,0116
23609,39,174,661,2002.0,819494.0,0.0,0.9672360000000001,1.389981,CAN,PHL,0116
23610,43,174,661,2002.0,18618.0,0.0,0.6181220000000001,1.9636759999999998,CHN,PHL,0116
23611,61,174,661,2002.0,68957.0,0.0,2.367856,-2.195331,DEU,PHL,0116
23612,64,174,661,2002.0,457458.0,0.0,1.344708,1.321135,DNK,PHL,0116
23613,74,174,661,2002.0,11458.0,0.0,1.9545119999999998,1.047515,FIN,PHL,0116
23614,77,174,661,2002.0,594196.0,0.0,1.648526,0.6870430000000001,FRA,PHL,0116
23615,81,174,661,2002.0,14145.0,0.0,2.067395,0.7934359999999999,GBR,PHL,0116
23616,97,174,661,2002.0,6999.0,0.0,0.704932,1.291658,HKG,PHL,0116
23617,102,174,661,2002.0,7778.0,0.0,1.232359,1.064425,HUN,PHL,0116
23618,104,174,661,2002.0,24204.0,0.0,0.32974000000000003,2.376477,IND,PHL,0116
23619,106,174,661,2002.0,4564.0,0.0,1.7939310000000002,0.219254,IRL,PHL,0116
23620,111,174,661,2002.0,8592.0,0.0,1.3944219999999998,1.125362,ITA,PHL,0116
23621,114,174,661,2002.0,54128.0,0.0,2.7747580000000003,0.43663199999999996,JPN,PHL,0116
23622,121,174,661,2002.0,1005090.0,0.0,1.4172719999999999,0.8763139999999999,KOR,PHL,0116
23623,162,174,661,2002.0,338287.0,0.0,1.175777,1.667472,NLD,PHL,0116
23624,166,174,661,2002.0,667164.0,0.0,0.370673,0.7853829999999999,NZL,PHL,0116
23625,192,174,661,2002.0,10576.0,0.0,1.7077209999999998,0.683549,SGP,PHL,0116
23626,208,174,661,2002.0,4612.0,0.0,2.134,0.769413,SWE,PHL,0116
23627,231,174,661,2002.0,346292.0,0.0,1.853174,0.120986,USA,PHL,0116
23628,2,179,661,2002.0,0.0,123899.0,-1.8043639999999999,-1.250642,AGO,PRT,0116
23629,6,179,661,2002.0,0.0,10094.0,0.145946,-0.704052,ANT,PRT,0116
23630,8,179,661,2002.0,3237.0,0.0,0.045376,0.71768,ARG,PRT,0116
23631,18,179,661,2002.0,269908.0,0.0,1.424339,1.372755,BEL,PRT,0116
23632,32,179,661,2002.0,15029.0,0.0,0.631343,1.249344,BRA,PRT,0116
23633,51,179,661,2002.0,0.0,43779.0,-0.315184,-0.660522,CPV,PRT,0116
23634,61,179,661,2002.0,49445.0,20539.0,2.367856,-2.195331,DEU,PRT,0116
23635,64,179,661,2002.0,8478.0,0.0,1.344708,1.321135,DNK,PRT,0116
23636,71,179,661,2002.0,5315830.0,430860.0,1.054108,1.9357349999999998,ESP,PRT,0116
23637,74,179,661,2002.0,2039.0,0.0,1.9545119999999998,1.047515,FIN,PRT,0116
23638,77,179,661,2002.0,1383766.0,17920.0,1.648526,0.6870430000000001,FRA,PRT,0116
23639,81,179,661,2002.0,14424.0,0.0,2.067395,0.7934359999999999,GBR,PRT,0116
23640,106,179,661,2002.0,141465.0,0.0,1.7939310000000002,0.219254,IRL,PRT,0116
23641,111,179,661,2002.0,76249.0,0.0,1.3944219999999998,1.125362,ITA,PRT,0116
23642,162,179,661,2002.0,238279.0,147201.0,1.175777,1.667472,NLD,PRT,0116
23643,166,179,661,2002.0,23106.0,0.0,0.370673,0.7853829999999999,NZL,PRT,0116
23644,231,179,661,2002.0,33608.0,0.0,1.853174,0.120986,USA,PRT,0116
23645,2,180,661,2002.0,0.0,30619.0,-1.8043639999999999,-1.250642,AGO,PRY,0116
23646,6,180,661,2002.0,0.0,8550.0,0.145946,-0.704052,ANT,PRY,0116
23647,32,180,661,2002.0,11147.0,0.0,0.631343,1.249344,BRA,PRY,0116
23648,41,180,661,2002.0,0.0,2415.0,2.205507,0.831836,CHE,PRY,0116
23649,49,180,661,2002.0,0.0,928127.0,0.219861,0.45238999999999996,COL,PRY,0116
23650,97,180,661,2002.0,0.0,35374.0,0.704932,1.291658,HKG,PRY,0116
23651,169,180,661,2002.0,0.0,10587.0,0.085746,0.21839,PAN,PRY,0116
23652,173,180,661,2002.0,0.0,181524.0,-0.456603,0.030838,PER,PRY,0116
23653,186,180,661,2002.0,0.0,86028.0,0.6051449999999999,0.272307,RUS,PRY,0116
23654,188,190,661,2002.0,0.0,247781.0,0.048764,-0.903125,SAU,SDN,0116
23655,14,192,661,2002.0,3442262.0,0.0,-0.052462,0.759617,AUS,SGP,0116
23656,18,192,661,2002.0,21752.0,0.0,1.424339,1.372755,BEL,SGP,0116
23657,32,192,661,2002.0,234166.0,0.0,0.631343,1.249344,BRA,SGP,0116
23658,34,192,661,2002.0,0.0,3114.0,-1.359507,-1.084339,BRN,SGP,0116
23659,39,192,661,2002.0,311136.0,0.0,0.9672360000000001,1.389981,CAN,SGP,0116
23660,61,192,661,2002.0,16331.0,0.0,2.367856,-2.195331,DEU,SGP,0116
23661,64,192,661,2002.0,922645.0,0.0,1.344708,1.321135,DNK,SGP,0116
23662,74,192,661,2002.0,62382.0,0.0,1.9545119999999998,1.047515,FIN,SGP,0116
23663,77,192,661,2002.0,288459.0,0.0,1.648526,0.6870430000000001,FRA,SGP,0116
23664,81,192,661,2002.0,29418.0,0.0,2.067395,0.7934359999999999,GBR,SGP,0116
23665,97,192,661,2002.0,0.0,52966.0,0.704932,1.291658,HKG,SGP,0116
23666,103,192,661,2002.0,0.0,8686.0,0.098182,1.7305840000000001,IDN,SGP,0116
23667,106,192,661,2002.0,170186.0,0.0,1.7939310000000002,0.219254,IRL,SGP,0116
23668,137,192,661,2002.0,0.0,18490.0,-1.0471700000000002,-0.976184,MDV,SGP,0116
23669,153,192,661,2002.0,0.0,35269.0,0.9987159999999999,0.26558200000000004,MYS,SGP,0116
23670,162,192,661,2002.0,605942.0,0.0,1.175777,1.667472,NLD,SGP,0116
23671,166,192,661,2002.0,592264.0,0.0,0.370673,0.7853829999999999,NZL,SGP,0116
23672,174,192,661,2002.0,0.0,10576.0,0.29601,-0.232513,PHL,SGP,0116
23673,208,192,661,2002.0,958277.0,0.0,2.134,0.769413,SWE,SGP,0116
23674,216,192,661,2002.0,0.0,23168.0,0.513887,1.545967,THA,SGP,0116
23675,220,192,661,2002.0,0.0,5934.0,0.5889810000000001,-0.43221400000000004,TLS,SGP,0116
23676,231,192,661,2002.0,142732.0,0.0,1.853174,0.120986,USA,SGP,0116
23677,249,192,661,2002.0,0.0,6818.0,1.9084720000000002,1.253714,TWN,SGP,0116
23678,93,197,661,2002.0,6481.0,0.0,-0.49913,-0.038079,GTM,SLV,0116
23679,99,197,661,2002.0,50977.0,0.0,-0.637891,-0.564421,HND,SLV,0116
23680,160,197,661,2002.0,1455394.0,0.0,-0.634946,-0.37966,NIC,SLV,0116
23681,169,197,661,2002.0,6219.0,0.0,0.085746,0.21839,PAN,SLV,0116
23682,231,197,661,2002.0,7164.0,0.0,1.853174,0.120986,USA,SLV,0116
23683,39,205,661,2002.0,39502.0,0.0,0.9672360000000001,1.389981,CAN,SUR,0116
23684,231,205,661,2002.0,8374.0,0.0,1.853174,0.120986,USA,SUR,0116
23685,15,208,661,2002.0,47571.0,0.0,1.866997,0.400527,AUT,SWE,0116
23686,18,208,661,2002.0,572101.0,0.0,1.424339,1.372755,BEL,SWE,0116
23687,23,208,661,2002.0,0.0,5799.0,0.468058,1.644037,BGR,SWE,0116
23688,25,208,661,2002.0,0.0,362934.0,0.035127,-0.536416,BHS,SWE,0116
23689,39,208,661,2002.0,19120.0,0.0,0.9672360000000001,1.389981,CAN,SWE,0116
23690,43,208,661,2002.0,0.0,14170.0,0.6181220000000001,1.9636759999999998,CHN,SWE,0116
23691,44,208,661,2002.0,0.0,10148.0,-0.803739,-0.752218,CIV,SWE,0116
23692,61,208,661,2002.0,567750.0,94603.0,2.367856,-2.195331,DEU,SWE,0116
23693,64,208,661,2002.0,2847130.0,1136282.0,1.344708,1.321135,DNK,SWE,0116
23694,71,208,661,2002.0,84943.0,0.0,1.054108,1.9357349999999998,ESP,SWE,0116
23695,72,208,661,2002.0,0.0,296020.0,0.576142,1.168563,EST,SWE,0116
23696,74,208,661,2002.0,1045.0,203459.0,1.9545119999999998,1.047515,FIN,SWE,0116
23697,77,208,661,2002.0,7388.0,142718.0,1.648526,0.6870430000000001,FRA,SWE,0116
23698,81,208,661,2002.0,0.0,576036.0,2.067395,0.7934359999999999,GBR,SWE,0116
23699,83,208,661,2002.0,0.0,50050.0,-1.258567,-1.048266,GHA,SWE,0116
23700,97,208,661,2002.0,0.0,217332.0,0.704932,1.291658,HKG,SWE,0116
23701,101,208,661,2002.0,0.0,9256.0,-0.837823,-0.834512,HTI,SWE,0116
23702,102,208,661,2002.0,0.0,60204.0,1.232359,1.064425,HUN,SWE,0116
23703,106,208,661,2002.0,957891.0,13140.0,1.7939310000000002,0.219254,IRL,SWE,0116
23704,109,208,661,2002.0,0.0,1075.0,0.17011700000000002,-0.33925500000000003,ISL,SWE,0116
23705,111,208,661,2002.0,56624.0,306237.0,1.3944219999999998,1.125362,ITA,SWE,0116
23706,114,208,661,2002.0,0.0,51482.0,2.7747580000000003,0.43663199999999996,JPN,SWE,0116
23707,121,208,661,2002.0,0.0,143905.0,1.4172719999999999,0.8763139999999999,KOR,SWE,0116
23708,130,208,661,2002.0,0.0,66731.0,0.15796,0.855931,LTU,SWE,0116
23709,132,208,661,2002.0,0.0,583431.0,0.41409799999999997,0.6281680000000001,LVA,SWE,0116
23710,140,208,661,2002.0,0.0,22214.0,-0.027727999999999996,0.41846400000000006,MKD,SWE,0116
23711,153,208,661,2002.0,0.0,26448.0,0.9987159999999999,0.26558200000000004,MYS,SWE,0116
23712,162,208,661,2002.0,272813.0,11707.0,1.175777,1.667472,NLD,SWE,0116
23713,163,208,661,2002.0,0.0,165115.0,0.689588,-0.007016,NOR,SWE,0116
23714,166,208,661,2002.0,6665.0,0.0,0.370673,0.7853829999999999,NZL,SWE,0116
23715,174,208,661,2002.0,0.0,4612.0,0.29601,-0.232513,PHL,SWE,0116
23716,177,208,661,2002.0,107124.0,25276.0,0.9449299999999999,1.655764,POL,SWE,0116
23717,186,208,661,2002.0,0.0,1361640.0,0.6051449999999999,0.272307,RUS,SWE,0116
23718,192,208,661,2002.0,0.0,958277.0,1.7077209999999998,0.683549,SGP,SWE,0116
23719,249,208,661,2002.0,0.0,28362.0,1.9084720000000002,1.253714,TWN,SWE,0116
23720,14,216,661,2002.0,355861.0,0.0,-0.052462,0.759617,AUS,THA,0116
23721,18,216,661,2002.0,314007.0,0.0,1.424339,1.372755,BEL,THA,0116
23722,21,216,661,2002.0,2435.0,0.0,-0.5542590000000001,-0.5946060000000001,BFA,THA,0116
23723,39,216,661,2002.0,133451.0,0.0,0.9672360000000001,1.389981,CAN,THA,0116
23724,43,216,661,2002.0,2632.0,0.0,0.6181220000000001,1.9636759999999998,CHN,THA,0116
23725,61,216,661,2002.0,111209.0,0.0,2.367856,-2.195331,DEU,THA,0116
23726,64,216,661,2002.0,99169.0,0.0,1.344708,1.321135,DNK,THA,0116
23727,77,216,661,2002.0,23742.0,0.0,1.648526,0.6870430000000001,FRA,THA,0116
23728,103,216,661,2002.0,0.0,15244.0,0.098182,1.7305840000000001,IDN,THA,0116
23729,106,216,661,2002.0,10399.0,0.0,1.7939310000000002,0.219254,IRL,THA,0116
23730,111,216,661,2002.0,18527.0,0.0,1.3944219999999998,1.125362,ITA,THA,0116
23731,114,216,661,2002.0,0.0,32012.0,2.7747580000000003,0.43663199999999996,JPN,THA,0116
23732,121,216,661,2002.0,140619.0,0.0,1.4172719999999999,0.8763139999999999,KOR,THA,0116
23733,123,216,661,2002.0,0.0,11681.0,-0.990957,-1.111048,LAO,THA,0116
23734,153,216,661,2002.0,17247.0,218257.0,0.9987159999999999,0.26558200000000004,MYS,THA,0116
23735,162,216,661,2002.0,751775.0,2612.0,1.175777,1.667472,NLD,THA,0116
23736,166,216,661,2002.0,92802.0,0.0,0.370673,0.7853829999999999,NZL,THA,0116
23737,192,216,661,2002.0,23168.0,0.0,1.7077209999999998,0.683549,SGP,THA,0116
23738,211,216,661,2002.0,0.0,8002.0,-0.8837229999999999,-0.975607,SYC,THA,0116
23739,231,216,661,2002.0,38038.0,0.0,1.853174,0.120986,USA,THA,0116
23740,246,216,661,2002.0,5271.0,0.0,0.32760500000000004,2.497746,ZAF,THA,0116
23741,14,222,661,2002.0,13237.0,0.0,-0.052462,0.759617,AUS,TTO,0116
23742,15,222,661,2002.0,3838.0,0.0,1.866997,0.400527,AUT,TTO,0116
23743,39,222,661,2002.0,163980.0,0.0,0.9672360000000001,1.389981,CAN,TTO,0116
23744,77,222,661,2002.0,0.0,2119.0,1.648526,0.6870430000000001,FRA,TTO,0116
23745,106,222,661,2002.0,97705.0,0.0,1.7939310000000002,0.219254,IRL,TTO,0116
23746,112,222,661,2002.0,20677.0,0.0,-0.459541,-0.947443,JAM,TTO,0116
23747,166,222,661,2002.0,68098.0,0.0,0.370673,0.7853829999999999,NZL,TTO,0116
23748,169,222,661,2002.0,364045.0,0.0,0.085746,0.21839,PAN,TTO,0116
23749,231,222,661,2002.0,51354.0,0.0,1.853174,0.120986,USA,TTO,0116
23750,14,224,661,2002.0,20245.0,0.0,-0.052462,0.759617,AUS,TUR,0116
23751,23,224,661,2002.0,2041.0,0.0,0.468058,1.644037,BGR,TUR,0116
23752,61,224,661,2002.0,3791.0,0.0,2.367856,-2.195331,DEU,TUR,0116
23753,90,224,661,2002.0,2082.0,0.0,0.20355399999999998,1.4130200000000002,GRC,TUR,0116
23754,97,224,661,2002.0,0.0,14444.0,0.704932,1.291658,HKG,TUR,0116
23755,111,224,661,2002.0,0.0,2554.0,1.3944219999999998,1.125362,ITA,TUR,0116
23756,162,224,661,2002.0,1836.0,0.0,1.175777,1.667472,NLD,TUR,0116
23757,231,224,661,2002.0,0.0,5126.0,1.853174,0.120986,USA,TUR,0116
23758,6,230,661,2002.0,0.0,11466.0,0.145946,-0.704052,ANT,URY,0116
23759,8,230,661,2002.0,22345.0,0.0,0.045376,0.71768,ARG,URY,0116
23760,32,230,661,2002.0,92651.0,966734.0,0.631343,1.249344,BRA,URY,0116
23761,42,230,661,2002.0,32316.0,0.0,-0.079201,-0.11449200000000001,CHL,URY,0116
23762,43,230,661,2002.0,0.0,12325.0,0.6181220000000001,1.9636759999999998,CHN,URY,0116
23763,47,230,661,2002.0,0.0,73318.0,-1.468836,-1.250484,COG,URY,0116
23764,61,230,661,2002.0,1655.0,494767.0,2.367856,-2.195331,DEU,URY,0116
23765,68,230,661,2002.0,0.0,27031.0,-0.37218,0.634319,EGY,URY,0116
23766,71,230,661,2002.0,0.0,35624.0,1.054108,1.9357349999999998,ESP,URY,0116
23767,77,230,661,2002.0,0.0,107571.0,1.648526,0.6870430000000001,FRA,URY,0116
23768,81,230,661,2002.0,0.0,321601.0,2.067395,0.7934359999999999,GBR,URY,0116
23769,97,230,661,2002.0,0.0,1699472.0,0.704932,1.291658,HKG,URY,0116
23770,106,230,661,2002.0,0.0,46489.0,1.7939310000000002,0.219254,IRL,URY,0116
23771,110,230,661,2002.0,0.0,1374768.0,1.257709,0.8318989999999999,ISR,URY,0116
23772,111,230,661,2002.0,0.0,1286.0,1.3944219999999998,1.125362,ITA,URY,0116
23773,112,230,661,2002.0,0.0,3972.0,-0.459541,-0.947443,JAM,URY,0116
23774,133,230,661,2002.0,0.0,6614.0,0.005082,-0.328658,MAC,URY,0116
23775,153,230,661,2002.0,0.0,109677.0,0.9987159999999999,0.26558200000000004,MYS,URY,0116
23776,162,230,661,2002.0,0.0,23213.0,1.175777,1.667472,NLD,URY,0116
23777,173,230,661,2002.0,0.0,536931.0,-0.456603,0.030838,PER,URY,0116
23778,231,230,661,2002.0,539894.0,39256.0,1.853174,0.120986,USA,URY,0116
23779,250,230,661,2002.0,0.0,4696.0,0.5979300000000001,-0.497816,ANS,URY,0116
23780,0,231,661,2002.0,0.0,9626.0,0.27076100000000003,-0.858951,ABW,USA,0116
23781,3,231,661,2002.0,0.0,28012.0,1.822725,0.45911899999999994,AIA,USA,0116
23782,5,231,661,2002.0,0.0,46307.0,1.3229389999999999,0.9635950000000001,AND,USA,0116
23783,7,231,661,2002.0,0.0,2655918.0,-0.288838,-0.640049,ARE,USA,0116
23784,8,231,661,2002.0,0.0,4399.0,0.045376,0.71768,ARG,USA,0116
23785,13,231,661,2002.0,0.0,2614.0,0.23995500000000003,-0.754877,ATG,USA,0116
23786,14,231,661,2002.0,18829044.0,18316.0,-0.052462,0.759617,AUS,USA,0116
23787,18,231,661,2002.0,24474.0,324040.0,1.424339,1.372755,BEL,USA,0116
23788,19,231,661,2002.0,0.0,14753.0,-0.7683840000000001,-0.7984319999999999,BEN,USA,0116
23789,23,231,661,2002.0,0.0,273131.0,0.468058,1.644037,BGR,USA,0116
23790,24,231,661,2002.0,0.0,151978.0,-0.31754099999999996,-1.099381,BHR,USA,0116
23791,25,231,661,2002.0,0.0,264871.0,0.035127,-0.536416,BHS,USA,0116
23792,28,231,661,2002.0,0.0,167826.0,0.865742,1.1823860000000002,BLR,USA,0116
23793,29,231,661,2002.0,0.0,4193.0,-0.553335,-0.753058,BLZ,USA,0116
23794,32,231,661,2002.0,20617.0,5490.0,0.631343,1.249344,BRA,USA,0116
23795,33,231,661,2002.0,0.0,73734.0,0.547024,-0.004036,BRB,USA,0116
23796,34,231,661,2002.0,0.0,2704.0,-1.359507,-1.084339,BRN,USA,0116
23797,39,231,661,2002.0,60573368.0,22934732.0,0.9672360000000001,1.389981,CAN,USA,0116
23798,41,231,661,2002.0,0.0,59842.0,2.205507,0.831836,CHE,USA,0116
23799,42,231,661,2002.0,42107.0,3128.0,-0.079201,-0.11449200000000001,CHL,USA,0116
23800,43,231,661,2002.0,0.0,14136878.0,0.6181220000000001,1.9636759999999998,CHN,USA,0116
23801,44,231,661,2002.0,0.0,1279005.0,-0.803739,-0.752218,CIV,USA,0116
23802,47,231,661,2002.0,0.0,23000.0,-1.468836,-1.250484,COG,USA,0116
23803,49,231,661,2002.0,0.0,3394934.0,0.219861,0.45238999999999996,COL,USA,0116
23804,52,231,661,2002.0,317388.0,375179.0,0.083983,-0.096237,CRI,USA,0116
23805,54,231,661,2002.0,0.0,242501.0,-0.896759,-1.079825,CUB,USA,0116
23806,57,231,661,2002.0,0.0,24267.0,0.570589,-0.692583,CYM,USA,0116
23807,61,231,661,2002.0,0.0,979483.0,2.367856,-2.195331,DEU,USA,0116
23808,63,231,661,2002.0,0.0,63950.0,0.212137,-0.112873,DMA,USA,0116
23809,64,231,661,2002.0,508530.0,28283.0,1.344708,1.321135,DNK,USA,0116
23810,65,231,661,2002.0,0.0,703252.0,-0.43339300000000003,-0.378827,DOM,USA,0116
23811,67,231,661,2002.0,0.0,85891.0,-0.973858,-0.8924979999999999,ECU,USA,0116
23812,68,231,661,2002.0,0.0,13429834.0,-0.37218,0.634319,EGY,USA,0116
23813,71,231,661,2002.0,2451.0,73946.0,1.054108,1.9357349999999998,ESP,USA,0116
23814,72,231,661,2002.0,0.0,6025.0,0.576142,1.168563,EST,USA,0116
23815,74,231,661,2002.0,42519.0,0.0,1.9545119999999998,1.047515,FIN,USA,0116
23816,77,231,661,2002.0,13078.0,337658.0,1.648526,0.6870430000000001,FRA,USA,0116
23817,80,231,661,2002.0,0.0,187735.0,-1.34341,-1.238593,GAB,USA,0116
23818,81,231,661,2002.0,0.0,871600.0,2.067395,0.7934359999999999,GBR,USA,0116
23819,83,231,661,2002.0,0.0,8340.0,-1.258567,-1.048266,GHA,USA,0116
23820,90,231,661,2002.0,0.0,106759.0,0.20355399999999998,1.4130200000000002,GRC,USA,0116
23821,91,231,661,2002.0,0.0,18659.0,0.822523,0.032938999999999996,GRD,USA,0116
23822,93,231,661,2002.0,0.0,511301.0,-0.49913,-0.038079,GTM,USA,0116
23823,96,231,661,2002.0,0.0,27205.0,-1.050604,-0.9015549999999999,GUY,USA,0116
23824,97,231,661,2002.0,0.0,20578466.0,0.704932,1.291658,HKG,USA,0116
23825,99,231,661,2002.0,0.0,657624.0,-0.637891,-0.564421,HND,USA,0116
23826,101,231,661,2002.0,0.0,858483.0,-0.837823,-0.834512,HTI,USA,0116
23827,103,231,661,2002.0,106254.0,4044087.0,0.098182,1.7305840000000001,IDN,USA,0116
23828,106,231,661,2002.0,14082.0,0.0,1.7939310000000002,0.219254,IRL,USA,0116
23829,109,231,661,2002.0,75144.0,0.0,0.17011700000000002,-0.33925500000000003,ISL,USA,0116
23830,110,231,661,2002.0,0.0,684848.0,1.257709,0.8318989999999999,ISR,USA,0116
23831,111,231,661,2002.0,0.0,19824.0,1.3944219999999998,1.125362,ITA,USA,0116
23832,112,231,661,2002.0,0.0,1577270.0,-0.459541,-0.947443,JAM,USA,0116
23833,113,231,661,2002.0,0.0,7343.0,0.34023000000000003,0.264754,JOR,USA,0116
23834,114,231,661,2002.0,0.0,151650160.0,2.7747580000000003,0.43663199999999996,JPN,USA,0116
23835,115,231,661,2002.0,0.0,33591.0,-0.100361,-0.502468,KAZ,USA,0116
23836,118,231,661,2002.0,0.0,2182.0,-0.8577629999999999,-1.071536,KHM,USA,0116
23837,120,231,661,2002.0,0.0,72651.0,0.757789,-0.2968,KNA,USA,0116
23838,121,231,661,2002.0,0.0,30627652.0,1.4172719999999999,0.8763139999999999,KOR,USA,0116
23839,122,231,661,2002.0,0.0,146239.0,-0.794007,-1.192659,KWT,USA,0116
23840,124,231,661,2002.0,0.0,3226.0,0.220906,1.470297,LBN,USA,0116
23841,127,231,661,2002.0,0.0,174466.0,0.261861,-0.36480999999999997,LCA,USA,0116
23842,135,231,661,2002.0,0.0,26537.0,-0.017383000000000003,0.109124,MDA,USA,0116
23843,138,231,661,2002.0,584344.0,134684896.0,1.2677129999999999,0.599314,MEX,USA,0116
23844,139,231,661,2002.0,0.0,4595.0,0.769126,-0.845166,MHL,USA,0116
23845,140,231,661,2002.0,0.0,122502.0,-0.027727999999999996,0.41846400000000006,MKD,USA,0116
23846,141,231,661,2002.0,0.0,12719.0,-0.786698,-0.682438,MLI,USA,0116
23847,142,231,661,2002.0,0.0,90585.0,0.901235,-0.140261,MLT,USA,0116
23848,143,231,661,2002.0,0.0,38259.0,-1.251639,-0.994909,MMR,USA,0116
23849,149,231,661,2002.0,0.0,2400.0,1.6121860000000001,0.078151,MSR,USA,0116
23850,153,231,661,2002.0,0.0,186790.0,0.9987159999999999,0.26558200000000004,MYS,USA,0116
23851,160,231,661,2002.0,275158.0,146712.0,-0.634946,-0.37966,NIC,USA,0116
23852,162,231,661,2002.0,21159.0,25842.0,1.175777,1.667472,NLD,USA,0116
23853,166,231,661,2002.0,6310678.0,19744.0,0.370673,0.7853829999999999,NZL,USA,0116
23854,169,231,661,2002.0,0.0,67186.0,0.085746,0.21839,PAN,USA,0116
23855,173,231,661,2002.0,0.0,653804.0,-0.456603,0.030838,PER,USA,0116
23856,174,231,661,2002.0,0.0,346292.0,0.29601,-0.232513,PHL,USA,0116
23857,175,231,661,2002.0,0.0,4147.0,-0.8780950000000001,-1.033134,PLW,USA,0116
23858,177,231,661,2002.0,0.0,1258473.0,0.9449299999999999,1.655764,POL,USA,0116
23859,179,231,661,2002.0,0.0,33608.0,0.584956,1.377068,PRT,USA,0116
23860,182,231,661,2002.0,0.0,26480.0,-0.363179,-0.8967450000000001,PYF,USA,0116
23861,183,231,661,2002.0,0.0,20853.0,-0.002177,-1.042517,QAT,USA,0116
23862,185,231,661,2002.0,0.0,639282.0,0.549227,1.071998,ROU,USA,0116
23863,186,231,661,2002.0,0.0,40858568.0,0.6051449999999999,0.272307,RUS,USA,0116
23864,191,231,661,2002.0,0.0,104681.0,-0.5424939999999999,-0.554531,SEN,USA,0116
23865,192,231,661,2002.0,0.0,142732.0,1.7077209999999998,0.683549,SGP,USA,0116
23866,197,231,661,2002.0,0.0,7164.0,-0.258579,-0.096214,SLV,USA,0116
23867,205,231,661,2002.0,0.0,8374.0,-1.002898,-0.905595,SUR,USA,0116
23868,213,231,661,2002.0,0.0,12339.0,0.849978,0.260833,TCA,USA,0116
23869,216,231,661,2002.0,0.0,38038.0,0.513887,1.545967,THA,USA,0116
23870,222,231,661,2002.0,0.0,51354.0,-0.056315,-0.803537,TTO,USA,0116
23871,224,231,661,2002.0,5126.0,0.0,0.12982,1.8032650000000001,TUR,USA,0116
23872,226,231,661,2002.0,0.0,24927.0,-1.234127,-0.421158,TZA,USA,0116
23873,228,231,661,2002.0,0.0,15905.0,0.575372,1.131722,UKR,USA,0116
23874,230,231,661,2002.0,39256.0,539894.0,0.048498,0.118565,URY,USA,0116
23875,234,231,661,2002.0,0.0,56373.0,-0.268813,-0.67072,VCT,USA,0116
23876,236,231,661,2002.0,0.0,480841.0,-0.008877,-0.753486,VEN,USA,0116
23877,237,231,661,2002.0,0.0,3060.0,0.6891930000000001,-0.27620500000000003,VGB,USA,0116
23878,239,231,661,2002.0,0.0,58504.0,-0.44170699999999996,0.544708,VNM,USA,0116
23879,246,231,661,2002.0,10038.0,202842.0,0.32760500000000004,2.497746,ZAF,USA,0116
23880,248,231,661,2002.0,0.0,2441.0,-0.36033000000000004,0.452182,ZWE,USA,0116
23881,249,231,661,2002.0,0.0,9228297.0,1.9084720000000002,1.253714,TWN,USA,0116
23882,8,236,661,2002.0,2041.0,0.0,0.045376,0.71768,ARG,VEN,0116
23883,39,236,661,2002.0,271001.0,0.0,0.9672360000000001,1.389981,CAN,VEN,0116
23884,49,236,661,2002.0,0.0,39265.0,0.219861,0.45238999999999996,COL,VEN,0116
23885,64,236,661,2002.0,2193.0,0.0,1.344708,1.321135,DNK,VEN,0116
23886,231,236,661,2002.0,480841.0,0.0,1.853174,0.120986,USA,VEN,0116
23887,8,239,661,2002.0,6898.0,0.0,0.045376,0.71768,ARG,VNM,0116
23888,14,239,661,2002.0,11278.0,0.0,-0.052462,0.759617,AUS,VNM,0116
23889,43,239,661,2002.0,0.0,686386.0,0.6181220000000001,1.9636759999999998,CHN,VNM,0116
23890,61,239,661,2002.0,87459.0,0.0,2.367856,-2.195331,DEU,VNM,0116
23891,77,239,661,2002.0,7361.0,0.0,1.648526,0.6870430000000001,FRA,VNM,0116
23892,97,239,661,2002.0,116026.0,35145.0,0.704932,1.291658,HKG,VNM,0116
23893,103,239,661,2002.0,21886.0,0.0,0.098182,1.7305840000000001,IDN,VNM,0116
23894,104,239,661,2002.0,213614.0,0.0,0.32974000000000003,2.376477,IND,VNM,0116
23895,107,239,661,2002.0,31066.0,0.0,-0.665259,-0.840274,IRN,VNM,0116
23896,186,239,661,2002.0,0.0,2308.0,0.6051449999999999,0.272307,RUS,VNM,0116
23897,231,239,661,2002.0,58504.0,0.0,1.853174,0.120986,USA,VNM,0116
23898,2,246,661,2002.0,0.0,197238.0,-1.8043639999999999,-1.250642,AGO,ZAF,0116
23899,8,246,661,2002.0,60808.0,0.0,0.045376,0.71768,ARG,ZAF,0116
23900,14,246,661,2002.0,2622311.0,0.0,-0.052462,0.759617,AUS,ZAF,0116
23901,18,246,661,2002.0,76618.0,0.0,1.424339,1.372755,BEL,ZAF,0116
23902,24,246,661,2002.0,0.0,6137.0,-0.31754099999999996,-1.099381,BHR,ZAF,0116
23903,32,246,661,2002.0,8511.0,0.0,0.631343,1.249344,BRA,ZAF,0116
23904,37,246,661,2002.0,0.0,454666.0,-0.164526,-1.04616,BWA,ZAF,0116
23905,39,246,661,2002.0,1103693.0,0.0,0.9672360000000001,1.389981,CAN,ZAF,0116
23906,45,246,661,2002.0,0.0,8998.0,-1.188713,-1.109944,CMR,ZAF,0116
23907,46,246,661,2002.0,2375.0,34747.0,-1.218664,-1.1406120000000002,COD,ZAF,0116
23908,47,246,661,2002.0,0.0,13436.0,-1.468836,-1.250484,COG,ZAF,0116
23909,61,246,661,2002.0,1929.0,0.0,2.367856,-2.195331,DEU,ZAF,0116
23910,63,246,661,2002.0,6860.0,0.0,0.212137,-0.112873,DMA,ZAF,0116
23911,64,246,661,2002.0,10259.0,0.0,1.344708,1.321135,DNK,ZAF,0116
23912,77,246,661,2002.0,103448.0,39501.0,1.648526,0.6870430000000001,FRA,ZAF,0116
23913,80,246,661,2002.0,1095.0,1429.0,-1.34341,-1.238593,GAB,ZAF,0116
23914,81,246,661,2002.0,30887.0,0.0,2.067395,0.7934359999999999,GBR,ZAF,0116
23915,83,246,661,2002.0,0.0,24001.0,-1.258567,-1.048266,GHA,ZAF,0116
23916,97,246,661,2002.0,0.0,71554.0,0.704932,1.291658,HKG,ZAF,0116
23917,106,246,661,2002.0,20902.0,0.0,1.7939310000000002,0.219254,IRL,ZAF,0116
23918,129,246,661,2002.0,0.0,3110481.0,-1.313698,-1.153109,LSO,ZAF,0116
23919,141,246,661,2002.0,0.0,2211.0,-0.786698,-0.682438,MLI,ZAF,0116
23920,147,246,661,2002.0,6303.0,189752.0,-1.337891,-1.187073,MOZ,ZAF,0116
23921,151,246,661,2002.0,0.0,25243.0,-0.382062,-0.379224,MUS,ZAF,0116
23922,152,246,661,2002.0,0.0,11519.0,-1.431612,-1.234903,MWI,ZAF,0116
23923,155,246,661,2002.0,0.0,137784.0,-0.137725,-0.361452,NAM,ZAF,0116
23924,159,246,661,2002.0,0.0,6715.0,-1.705991,-1.292926,NGA,ZAF,0116
23925,166,246,661,2002.0,1126452.0,0.0,0.370673,0.7853829999999999,NZL,ZAF,0116
23926,194,246,661,2002.0,0.0,19747.0,1.542309,-0.038145,SHN,ZAF,0116
23927,209,246,661,2002.0,23076.0,676438.0,0.409355,-0.047221,SWZ,ZAF,0116
23928,211,246,661,2002.0,0.0,1500.0,-0.8837229999999999,-0.975607,SYC,ZAF,0116
23929,214,246,661,2002.0,0.0,1094.0,-0.092619,-0.776712,TCD,ZAF,0116
23930,216,246,661,2002.0,0.0,5271.0,0.513887,1.545967,THA,ZAF,0116
23931,226,246,661,2002.0,0.0,39736.0,-1.234127,-0.421158,TZA,ZAF,0116
23932,227,246,661,2002.0,0.0,1469.0,-1.262952,-0.903123,UGA,ZAF,0116
23933,231,246,661,2002.0,202842.0,10038.0,1.853174,0.120986,USA,ZAF,0116
23934,247,246,661,2002.0,0.0,8456.0,-0.840258,-0.639474,ZMB,ZAF,0116
23935,248,246,661,2002.0,0.0,1207.0,-0.36033000000000004,0.452182,ZWE,ZAF,0116
23936,14,249,661,2002.0,2438203.0,0.0,-0.052462,0.759617,AUS,TWN,0116
23937,39,249,661,2002.0,1258870.0,0.0,0.9672360000000001,1.389981,CAN,TWN,0116
23938,42,249,661,2002.0,6436.0,0.0,-0.079201,-0.11449200000000001,CHL,TWN,0116
23939,64,249,661,2002.0,448852.0,0.0,1.344708,1.321135,DNK,TWN,0116
23940,97,249,661,2002.0,118320.0,90635.0,0.704932,1.291658,HKG,TWN,0116
23941,102,249,661,2002.0,2232.0,0.0,1.232359,1.064425,HUN,TWN,0116
23942,103,249,661,2002.0,0.0,10500.0,0.098182,1.7305840000000001,IDN,TWN,0116
23943,114,249,661,2002.0,51772.0,0.0,2.7747580000000003,0.43663199999999996,JPN,TWN,0116
23944,166,249,661,2002.0,738740.0,0.0,0.370673,0.7853829999999999,NZL,TWN,0116
23945,169,249,661,2002.0,8570.0,0.0,0.085746,0.21839,PAN,TWN,0116
23946,176,249,661,2002.0,0.0,1082.0,-1.430299,-1.172593,PNG,TWN,0116
23947,192,249,661,2002.0,6818.0,0.0,1.7077209999999998,0.683549,SGP,TWN,0116
23948,208,249,661,2002.0,28362.0,0.0,2.134,0.769413,SWE,TWN,0116
23949,231,249,661,2002.0,9228297.0,0.0,1.853174,0.120986,USA,TWN,0116
23950,14,7,661,2002.0,766584.0,0.0,-0.052462,0.759617,AUS,ARE,0116
23951,24,7,661,2002.0,3590.0,30620.0,-0.31754099999999996,-1.099381,BHR,ARE,0116
23952,32,7,661,2002.0,241319.0,0.0,0.631343,1.249344,BRA,ARE,0116
23953,39,7,661,2002.0,37690.0,0.0,0.9672360000000001,1.389981,CAN,ARE,0116
23954,43,7,661,2002.0,13554.0,0.0,0.6181220000000001,1.9636759999999998,CHN,ARE,0116
23955,58,7,661,2002.0,3274.0,0.0,0.332088,0.50441,CYP,ARE,0116
23956,61,7,661,2002.0,8000.0,0.0,2.367856,-2.195331,DEU,ARE,0116
23957,64,7,661,2002.0,10973.0,0.0,1.344708,1.321135,DNK,ARE,0116
23958,68,7,661,2002.0,6654.0,0.0,-0.37218,0.634319,EGY,ARE,0116
23959,81,7,661,2002.0,2412.0,0.0,2.067395,0.7934359999999999,GBR,ARE,0116
23960,102,7,661,2002.0,1679.0,0.0,1.232359,1.064425,HUN,ARE,0116
23961,104,7,661,2002.0,89234.0,0.0,0.32974000000000003,2.376477,IND,ARE,0116
23962,137,7,661,2002.0,0.0,5111.0,-1.0471700000000002,-0.976184,MDV,ARE,0116
23963,162,7,661,2002.0,70781.0,0.0,1.175777,1.667472,NLD,ARE,0116
23964,166,7,661,2002.0,47884.0,0.0,0.370673,0.7853829999999999,NZL,ARE,0116
23965,167,7,661,2002.0,0.0,329543.0,-1.307058,-1.270916,OMN,ARE,0116
23966,183,7,661,2002.0,9926.0,3695.0,-0.002177,-1.042517,QAT,ARE,0116
23967,188,7,661,2002.0,2038402.0,0.0,0.048764,-0.903125,SAU,ARE,0116
23968,211,7,661,2002.0,0.0,1211.0,-0.8837229999999999,-0.975607,SYC,ARE,0116
23969,231,7,661,2002.0,2655918.0,0.0,1.853174,0.120986,USA,ARE,0116
23970,2,14,661,2002.0,0.0,118205.0,-1.8043639999999999,-1.250642,AGO,AUS,0116
23971,4,14,661,2002.0,0.0,3161.0,-0.05800399999999999,0.042254,ALB,AUS,0116
23972,7,14,661,2002.0,0.0,766584.0,-0.288838,-0.640049,ARE,AUS,0116
23973,16,14,661,2002.0,0.0,5515.0,-0.566735,-1.003158,AZE,AUS,0116
23974,18,14,661,2002.0,0.0,7010.0,1.424339,1.372755,BEL,AUS,0116
23975,23,14,661,2002.0,0.0,19744.0,0.468058,1.644037,BGR,AUS,0116
23976,24,14,661,2002.0,0.0,106294.0,-0.31754099999999996,-1.099381,BHR,AUS,0116
23977,25,14,661,2002.0,0.0,429782.0,0.035127,-0.536416,BHS,AUS,0116
23978,28,14,661,2002.0,0.0,6651.0,0.865742,1.1823860000000002,BLR,AUS,0116
23979,33,14,661,2002.0,0.0,61734.0,0.547024,-0.004036,BRB,AUS,0116
23980,39,14,661,2002.0,1594298.0,133660.0,0.9672360000000001,1.389981,CAN,AUS,0116
23981,43,14,661,2002.0,0.0,14390622.0,0.6181220000000001,1.9636759999999998,CHN,AUS,0116
23982,44,14,661,2002.0,0.0,324591.0,-0.803739,-0.752218,CIV,AUS,0116
23983,47,14,661,2002.0,0.0,25707.0,-1.468836,-1.250484,COG,AUS,0116
23984,59,14,661,2002.0,0.0,283575.0,1.5835139999999999,0.9563010000000001,CZE,AUS,0116
23985,61,14,661,2002.0,0.0,56547.0,2.367856,-2.195331,DEU,AUS,0116
23986,64,14,661,2002.0,104545.0,12105.0,1.344708,1.321135,DNK,AUS,0116
23987,75,14,661,2002.0,0.0,482554.0,-0.788026,-0.432015,FJI,AUS,0116
23988,77,14,661,2002.0,0.0,41771.0,1.648526,0.6870430000000001,FRA,AUS,0116
23989,80,14,661,2002.0,0.0,41356.0,-1.34341,-1.238593,GAB,AUS,0116
23990,81,14,661,2002.0,0.0,724956.0,2.067395,0.7934359999999999,GBR,AUS,0116
23991,90,14,661,2002.0,0.0,6750.0,0.20355399999999998,1.4130200000000002,GRC,AUS,0116
23992,95,14,661,2002.0,0.0,7267.0,-0.5440229999999999,-0.929201,GUM,AUS,0116
23993,97,14,661,2002.0,0.0,4723008.0,0.704932,1.291658,HKG,AUS,0116
23994,100,14,661,2002.0,0.0,98668.0,0.603546,1.273001,HRV,AUS,0116
23995,103,14,661,2002.0,0.0,7464491.0,0.098182,1.7305840000000001,IDN,AUS,0116
23996,110,14,661,2002.0,0.0,98352.0,1.257709,0.8318989999999999,ISR,AUS,0116
23997,111,14,661,2002.0,0.0,44546.0,1.3944219999999998,1.125362,ITA,AUS,0116
23998,112,14,661,2002.0,0.0,1530500.0,-0.459541,-0.947443,JAM,AUS,0116
23999,113,14,661,2002.0,0.0,282493.0,0.34023000000000003,0.264754,JOR,AUS,0116
24000,114,14,661,2002.0,0.0,22023480.0,2.7747580000000003,0.43663199999999996,JPN,AUS,0116
24001,121,14,661,2002.0,0.0,19803128.0,1.4172719999999999,0.8763139999999999,KOR,AUS,0116
24002,122,14,661,2002.0,0.0,160772.0,-0.794007,-1.192659,KWT,AUS,0116
24003,124,14,661,2002.0,0.0,5862.0,0.220906,1.470297,LBN,AUS,0116
24004,126,14,661,2002.0,0.0,105617.0,-0.692769,-1.188682,LBY,AUS,0116
24005,127,14,661,2002.0,0.0,1594.0,0.261861,-0.36480999999999997,LCA,AUS,0116
24006,128,14,661,2002.0,0.0,10506.0,-0.461765,-0.057614,LKA,AUS,0116
24007,132,14,661,2002.0,0.0,201482.0,0.41409799999999997,0.6281680000000001,LVA,AUS,0116
24008,133,14,661,2002.0,0.0,24581.0,0.005082,-0.328658,MAC,AUS,0116
24009,137,14,661,2002.0,0.0,12506.0,-1.0471700000000002,-0.976184,MDV,AUS,0116
24010,138,14,661,2002.0,0.0,2769593.0,1.2677129999999999,0.599314,MEX,AUS,0116
24011,142,14,661,2002.0,0.0,22396.0,0.901235,-0.140261,MLT,AUS,0116
24012,146,14,661,2002.0,0.0,4033.0,0.128484,-0.6369090000000001,MNP,AUS,0116
24013,147,14,661,2002.0,0.0,26840.0,-1.337891,-1.187073,MOZ,AUS,0116
24014,151,14,661,2002.0,0.0,797715.0,-0.382062,-0.379224,MUS,AUS,0116
24015,153,14,661,2002.0,0.0,5400772.0,0.9987159999999999,0.26558200000000004,MYS,AUS,0116
24016,156,14,661,2002.0,0.0,47310.0,-0.7477739999999999,-1.006248,NCL,AUS,0116
24017,158,14,661,2002.0,0.0,2508.0,1.214393,-0.442896,NFK,AUS,0116
24018,165,14,661,2002.0,0.0,22991.0,0.9837370000000001,-0.34583400000000003,NRU,AUS,0116
24019,166,14,661,2002.0,52650.0,531631.0,0.370673,0.7853829999999999,NZL,AUS,0116
24020,167,14,661,2002.0,0.0,144648.0,-1.307058,-1.270916,OMN,AUS,0116
24021,174,14,661,2002.0,0.0,1946736.0,0.29601,-0.232513,PHL,AUS,0116
24022,176,14,661,2002.0,0.0,1719370.0,-1.430299,-1.172593,PNG,AUS,0116
24023,177,14,661,2002.0,0.0,281477.0,0.9449299999999999,1.655764,POL,AUS,0116
24024,182,14,661,2002.0,0.0,30531.0,-0.363179,-0.8967450000000001,PYF,AUS,0116
24025,183,14,661,2002.0,0.0,61528.0,-0.002177,-1.042517,QAT,AUS,0116
24026,185,14,661,2002.0,0.0,13425.0,0.549227,1.071998,ROU,AUS,0116
24027,186,14,661,2002.0,0.0,3758071.0,0.6051449999999999,0.272307,RUS,AUS,0116
24028,188,14,661,2002.0,0.0,327162.0,0.048764,-0.903125,SAU,AUS,0116
24029,191,14,661,2002.0,0.0,9990.0,-0.5424939999999999,-0.554531,SEN,AUS,0116
24030,192,14,661,2002.0,0.0,3442262.0,1.7077209999999998,0.683549,SGP,AUS,0116
24031,211,14,661,2002.0,0.0,420421.0,-0.8837229999999999,-0.975607,SYC,AUS,0116
24032,216,14,661,2002.0,0.0,355861.0,0.513887,1.545967,THA,AUS,0116
24033,222,14,661,2002.0,0.0,13237.0,-0.056315,-0.803537,TTO,AUS,0116
24034,224,14,661,2002.0,0.0,20245.0,0.12982,1.8032650000000001,TUR,AUS,0116
24035,231,14,661,2002.0,18316.0,18829044.0,1.853174,0.120986,USA,AUS,0116
24036,239,14,661,2002.0,0.0,11278.0,-0.44170699999999996,0.544708,VNM,AUS,0116
24037,242,14,661,2002.0,0.0,22059.0,-0.09827000000000001,-0.540676,WSM,AUS,0116
24038,243,14,661,2002.0,0.0,935157.0,-1.447637,-1.289748,YEM,AUS,0116
24039,246,14,661,2002.0,0.0,2622311.0,0.32760500000000004,2.497746,ZAF,AUS,0116
24040,249,14,661,2002.0,0.0,2438203.0,1.9084720000000002,1.253714,TWN,AUS,0116
24041,14,16,661,2002.0,5515.0,0.0,-0.052462,0.759617,AUS,AZE,0116
24042,228,16,661,2002.0,13690.0,0.0,0.575372,1.131722,UKR,AZE,0116
24043,231,19,661,2002.0,14753.0,0.0,1.853174,0.120986,USA,BEN,0116
24044,61,22,661,2002.0,0.0,4164.0,2.367856,-2.195331,DEU,BGD,0116
24045,8,23,661,2002.0,140220.0,0.0,0.045376,0.71768,ARG,BGR,0116
24046,14,23,661,2002.0,19744.0,0.0,-0.052462,0.759617,AUS,BGR,0116
24047,15,23,661,2002.0,212213.0,13600.0,1.866997,0.400527,AUT,BGR,0116
24048,18,23,661,2002.0,375285.0,1819.0,1.424339,1.372755,BEL,BGR,0116
24049,32,23,661,2002.0,25973.0,0.0,0.631343,1.249344,BRA,BGR,0116
24050,39,23,661,2002.0,530090.0,0.0,0.9672360000000001,1.389981,CAN,BGR,0116
24051,43,23,661,2002.0,1462.0,0.0,0.6181220000000001,1.9636759999999998,CHN,BGR,0116
24052,58,23,661,2002.0,39676.0,0.0,0.332088,0.50441,CYP,BGR,0116
24053,61,23,661,2002.0,436983.0,0.0,2.367856,-2.195331,DEU,BGR,0116
24054,64,23,661,2002.0,262370.0,0.0,1.344708,1.321135,DNK,BGR,0116
24055,71,23,661,2002.0,85653.0,0.0,1.054108,1.9357349999999998,ESP,BGR,0116
24056,77,23,661,2002.0,292401.0,0.0,1.648526,0.6870430000000001,FRA,BGR,0116
24057,83,23,661,2002.0,0.0,6797.0,-1.258567,-1.048266,GHA,BGR,0116
24058,90,23,661,2002.0,325355.0,0.0,0.20355399999999998,1.4130200000000002,GRC,BGR,0116
24059,102,23,661,2002.0,67780.0,0.0,1.232359,1.064425,HUN,BGR,0116
24060,142,23,661,2002.0,0.0,2241.0,0.901235,-0.140261,MLT,BGR,0116
24061,162,23,661,2002.0,618731.0,0.0,1.175777,1.667472,NLD,BGR,0116
24062,174,23,661,2002.0,0.0,8912.0,0.29601,-0.232513,PHL,BGR,0116
24063,177,23,661,2002.0,41763.0,0.0,0.9449299999999999,1.655764,POL,BGR,0116
24064,208,23,661,2002.0,5799.0,0.0,2.134,0.769413,SWE,BGR,0116
24065,224,23,661,2002.0,0.0,2041.0,0.12982,1.8032650000000001,TUR,BGR,0116
24066,228,23,661,2002.0,0.0,1186.0,0.575372,1.131722,UKR,BGR,0116
24067,231,23,661,2002.0,273131.0,0.0,1.853174,0.120986,USA,BGR,0116
24068,234,23,661,2002.0,0.0,1482.0,-0.268813,-0.67072,VCT,BGR,0116
24069,250,23,661,2002.0,0.0,19724.0,0.5979300000000001,-0.497816,ANS,BGR,0116
24070,14,28,661,2002.0,6651.0,0.0,-0.052462,0.759617,AUS,BLR,0116
24071,15,28,661,2002.0,29620.0,0.0,1.866997,0.400527,AUT,BLR,0116
24072,18,28,661,2002.0,148863.0,0.0,1.424339,1.372755,BEL,BLR,0116
24073,39,28,661,2002.0,10708.0,0.0,0.9672360000000001,1.389981,CAN,BLR,0116
24074,61,28,661,2002.0,77714.0,0.0,2.367856,-2.195331,DEU,BLR,0116
24075,64,28,661,2002.0,426080.0,0.0,1.344708,1.321135,DNK,BLR,0116
24076,71,28,661,2002.0,0.0,58863.0,1.054108,1.9357349999999998,ESP,BLR,0116
24077,132,28,661,2002.0,0.0,1667.0,0.41409799999999997,0.6281680000000001,LVA,BLR,0116
24078,162,28,661,2002.0,11169.0,0.0,1.175777,1.667472,NLD,BLR,0116
24079,177,28,661,2002.0,513275.0,70653.0,0.9449299999999999,1.655764,POL,BLR,0116
24080,186,28,661,2002.0,6043.0,263052.0,0.6051449999999999,0.272307,RUS,BLR,0116
24081,231,28,661,2002.0,167826.0,0.0,1.853174,0.120986,USA,BLR,0116
24082,250,28,661,2002.0,52875.0,0.0,0.5979300000000001,-0.497816,ANS,BLR,0116
24083,8,59,661,2002.0,45041.0,0.0,0.045376,0.71768,ARG,CZE,0116
24084,14,59,661,2002.0,283575.0,0.0,-0.052462,0.759617,AUS,CZE,0116
24085,15,59,661,2002.0,2000272.0,14850.0,1.866997,0.400527,AUT,CZE,0116
24086,18,59,661,2002.0,274493.0,0.0,1.424339,1.372755,BEL,CZE,0116
24087,61,59,661,2002.0,1165214.0,0.0,2.367856,-2.195331,DEU,CZE,0116
24088,64,59,661,2002.0,281578.0,0.0,1.344708,1.321135,DNK,CZE,0116
24089,71,59,661,2002.0,657386.0,0.0,1.054108,1.9357349999999998,ESP,CZE,0116
24090,77,59,661,2002.0,701025.0,0.0,1.648526,0.6870430000000001,FRA,CZE,0116
24091,102,59,661,2002.0,30777.0,25375.0,1.232359,1.064425,HUN,CZE,0116
24092,111,59,661,2002.0,1333194.0,0.0,1.3944219999999998,1.125362,ITA,CZE,0116
24093,162,59,661,2002.0,53167.0,0.0,1.175777,1.667472,NLD,CZE,0116
24094,185,59,661,2002.0,0.0,126260.0,0.549227,1.071998,ROU,CZE,0116
24095,206,59,661,2002.0,51082.0,228559.0,1.269549,1.184774,SVK,CZE,0116
24096,68,66,661,2002.0,1086.0,0.0,-0.37218,0.634319,EGY,DZA,0116
24097,111,66,661,2002.0,1372.0,0.0,1.3944219999999998,1.125362,ITA,DZA,0116
24098,7,68,661,2002.0,0.0,6654.0,-0.288838,-0.640049,ARE,EGY,0116
24099,39,68,661,2002.0,30855.0,0.0,0.9672360000000001,1.389981,CAN,EGY,0116
24100,54,68,661,2002.0,24622.0,0.0,-0.896759,-1.079825,CUB,EGY,0116
24101,64,68,661,2002.0,0.0,2986.0,1.344708,1.321135,DNK,EGY,0116
24102,66,68,661,2002.0,0.0,1086.0,-0.9281389999999999,-1.19549,DZA,EGY,0116
24103,104,68,661,2002.0,29159.0,0.0,0.32974000000000003,2.376477,IND,EGY,0116
24104,106,68,661,2002.0,16597.0,0.0,1.7939310000000002,0.219254,IRL,EGY,0116
24105,122,68,661,2002.0,0.0,25881.0,-0.794007,-1.192659,KWT,EGY,0116
24106,166,68,661,2002.0,39039.0,0.0,0.370673,0.7853829999999999,NZL,EGY,0116
24107,183,68,661,2002.0,0.0,3759.0,-0.002177,-1.042517,QAT,EGY,0116
24108,230,68,661,2002.0,27031.0,0.0,0.048498,0.118565,URY,EGY,0116
24109,231,68,661,2002.0,13429834.0,0.0,1.853174,0.120986,USA,EGY,0116
24110,18,74,661,2002.0,6810.0,0.0,1.424339,1.372755,BEL,FIN,0116
24111,43,74,661,2002.0,0.0,51738.0,0.6181220000000001,1.9636759999999998,CHN,FIN,0116
24112,61,74,661,2002.0,15923.0,121146.0,2.367856,-2.195331,DEU,FIN,0116
24113,64,74,661,2002.0,6492.0,446209.0,1.344708,1.321135,DNK,FIN,0116
24114,71,74,661,2002.0,5861.0,2619.0,1.054108,1.9357349999999998,ESP,FIN,0116
24115,72,74,661,2002.0,0.0,683156.0,0.576142,1.168563,EST,FIN,0116
24116,77,74,661,2002.0,17665.0,14500.0,1.648526,0.6870430000000001,FRA,FIN,0116
24117,97,74,661,2002.0,0.0,286697.0,0.704932,1.291658,HKG,FIN,0116
24118,106,74,661,2002.0,5339.0,0.0,1.7939310000000002,0.219254,IRL,FIN,0116
24119,114,74,661,2002.0,0.0,40393.0,2.7747580000000003,0.43663199999999996,JPN,FIN,0116
24120,121,74,661,2002.0,0.0,237719.0,1.4172719999999999,0.8763139999999999,KOR,FIN,0116
24121,130,74,661,2002.0,0.0,212316.0,0.15796,0.855931,LTU,FIN,0116
24122,153,74,661,2002.0,0.0,9976.0,0.9987159999999999,0.26558200000000004,MYS,FIN,0116
24123,162,74,661,2002.0,22788.0,0.0,1.175777,1.667472,NLD,FIN,0116
24124,163,74,661,2002.0,0.0,12265.0,0.689588,-0.007016,NOR,FIN,0116
24125,174,74,661,2002.0,0.0,11458.0,0.29601,-0.232513,PHL,FIN,0116
24126,179,74,661,2002.0,0.0,2039.0,0.584956,1.377068,PRT,FIN,0116
24127,185,74,661,2002.0,0.0,1480.0,0.549227,1.071998,ROU,FIN,0116
24128,186,74,661,2002.0,0.0,988239.0,0.6051449999999999,0.272307,RUS,FIN,0116
24129,192,74,661,2002.0,0.0,62382.0,1.7077209999999998,0.683549,SGP,FIN,0116
24130,208,74,661,2002.0,203459.0,1045.0,2.134,0.769413,SWE,FIN,0116
24131,231,74,661,2002.0,0.0,42519.0,1.853174,0.120986,USA,FIN,0116
24132,18,82,661,2002.0,5738.0,0.0,1.424339,1.372755,BEL,GEO,0116
24133,32,82,661,2002.0,81250.0,0.0,0.631343,1.249344,BRA,GEO,0116
24134,39,82,661,2002.0,38149.0,0.0,0.9672360000000001,1.389981,CAN,GEO,0116
24135,61,82,661,2002.0,22863.0,0.0,2.367856,-2.195331,DEU,GEO,0116
24136,71,82,661,2002.0,33275.0,0.0,1.054108,1.9357349999999998,ESP,GEO,0116
24137,162,82,661,2002.0,168519.0,0.0,1.175777,1.667472,NLD,GEO,0116
24138,228,82,661,2002.0,42776.0,0.0,0.575372,1.131722,UKR,GEO,0116
24139,7,102,661,2002.0,0.0,1679.0,-0.288838,-0.640049,ARE,HUN,0116
24140,15,102,661,2002.0,400382.0,0.0,1.866997,0.400527,AUT,HUN,0116
24141,18,102,661,2002.0,771562.0,0.0,1.424339,1.372755,BEL,HUN,0116
24142,23,102,661,2002.0,0.0,67780.0,0.468058,1.644037,BGR,HUN,0116
24143,26,102,661,2002.0,0.0,11000.0,0.223543,0.44595100000000004,BIH,HUN,0116
24144,59,102,661,2002.0,25375.0,30777.0,1.5835139999999999,0.9563010000000001,CZE,HUN,0116
24145,61,102,661,2002.0,2593635.0,22915.0,2.367856,-2.195331,DEU,HUN,0116
24146,64,102,661,2002.0,3195928.0,0.0,1.344708,1.321135,DNK,HUN,0116
24147,71,102,661,2002.0,604216.0,90922.0,1.054108,1.9357349999999998,ESP,HUN,0116
24148,72,102,661,2002.0,49691.0,99426.0,0.576142,1.168563,EST,HUN,0116
24149,77,102,661,2002.0,413426.0,21338.0,1.648526,0.6870430000000001,FRA,HUN,0116
24150,81,102,661,2002.0,15546.0,0.0,2.067395,0.7934359999999999,GBR,HUN,0116
24151,97,102,661,2002.0,0.0,25311.0,0.704932,1.291658,HKG,HUN,0116
24152,100,102,661,2002.0,0.0,44820.0,0.603546,1.273001,HRV,HUN,0116
24153,106,102,661,2002.0,31255.0,0.0,1.7939310000000002,0.219254,IRL,HUN,0116
24154,111,102,661,2002.0,2248878.0,63503.0,1.3944219999999998,1.125362,ITA,HUN,0116
24155,114,102,661,2002.0,0.0,230710.0,2.7747580000000003,0.43663199999999996,JPN,HUN,0116
24156,121,102,661,2002.0,0.0,115930.0,1.4172719999999999,0.8763139999999999,KOR,HUN,0116
24157,135,102,661,2002.0,0.0,38974.0,-0.017383000000000003,0.109124,MDA,HUN,0116
24158,140,102,661,2002.0,0.0,12214.0,-0.027727999999999996,0.41846400000000006,MKD,HUN,0116
24159,162,102,661,2002.0,1545238.0,4528.0,1.175777,1.667472,NLD,HUN,0116
24160,163,102,661,2002.0,2593.0,0.0,0.689588,-0.007016,NOR,HUN,0116
24161,166,102,661,2002.0,1010.0,0.0,0.370673,0.7853829999999999,NZL,HUN,0116
24162,174,102,661,2002.0,0.0,7778.0,0.29601,-0.232513,PHL,HUN,0116
24163,177,102,661,2002.0,0.0,118494.0,0.9449299999999999,1.655764,POL,HUN,0116
24164,185,102,661,2002.0,0.0,1524684.0,0.549227,1.071998,ROU,HUN,0116
24165,186,102,661,2002.0,0.0,272038.0,0.6051449999999999,0.272307,RUS,HUN,0116
24166,189,102,661,2002.0,0.0,108460.0,0.523459,2.58657,SCG,HUN,0116
24167,206,102,661,2002.0,0.0,192347.0,1.269549,1.184774,SVK,HUN,0116
24168,207,102,661,2002.0,0.0,2671.0,1.469681,1.13303,SVN,HUN,0116
24169,208,102,661,2002.0,60204.0,0.0,2.134,0.769413,SWE,HUN,0116
24170,228,102,661,2002.0,0.0,84983.0,0.575372,1.131722,UKR,HUN,0116
24171,249,102,661,2002.0,0.0,2232.0,1.9084720000000002,1.253714,TWN,HUN,0116
24172,7,104,661,2002.0,0.0,89234.0,-0.288838,-0.640049,ARE,IND,0116
24173,24,104,661,2002.0,0.0,1904.0,-0.31754099999999996,-1.099381,BHR,IND,0116
24174,43,104,661,2002.0,0.0,85564.0,0.6181220000000001,1.9636759999999998,CHN,IND,0116
24175,58,104,661,2002.0,0.0,1885.0,0.332088,0.50441,CYP,IND,0116
24176,61,104,661,2002.0,0.0,6979.0,2.367856,-2.195331,DEU,IND,0116
24177,68,104,661,2002.0,0.0,29159.0,-0.37218,0.634319,EGY,IND,0116
24178,85,104,661,2002.0,0.0,29827.0,-1.684157,-1.256743,GIN,IND,0116
24179,97,104,661,2002.0,0.0,67808.0,0.704932,1.291658,HKG,IND,0116
24180,128,104,661,2002.0,0.0,15028.0,-0.461765,-0.057614,LKA,IND,0116
24181,151,104,661,2002.0,0.0,49020.0,-0.382062,-0.379224,MUS,IND,0116
24182,153,104,661,2002.0,0.0,1039165.0,0.9987159999999999,0.26558200000000004,MYS,IND,0116
24183,162,104,661,2002.0,10456.0,0.0,1.175777,1.667472,NLD,IND,0116
24184,167,104,661,2002.0,0.0,22356.0,-1.307058,-1.270916,OMN,IND,0116
24185,174,104,661,2002.0,0.0,24204.0,0.29601,-0.232513,PHL,IND,0116
24186,183,104,661,2002.0,0.0,11684.0,-0.002177,-1.042517,QAT,IND,0116
24187,191,104,661,2002.0,0.0,136956.0,-0.5424939999999999,-0.554531,SEN,IND,0116
24188,239,104,661,2002.0,0.0,213614.0,-0.44170699999999996,0.544708,VNM,IND,0116
24189,14,113,661,2002.0,282493.0,0.0,-0.052462,0.759617,AUS,JOR,0116
24190,24,113,661,2002.0,0.0,45029.0,-0.31754099999999996,-1.099381,BHR,JOR,0116
24191,39,113,661,2002.0,19025.0,0.0,0.9672360000000001,1.389981,CAN,JOR,0116
24192,166,113,661,2002.0,325335.0,0.0,0.370673,0.7853829999999999,NZL,JOR,0116
24193,231,113,661,2002.0,7343.0,0.0,1.853174,0.120986,USA,JOR,0116
24194,18,115,661,2002.0,7438.0,0.0,1.424339,1.372755,BEL,KAZ,0116
24195,43,115,661,2002.0,0.0,7872.0,0.6181220000000001,1.9636759999999998,CHN,KAZ,0116
24196,61,115,661,2002.0,47763.0,0.0,2.367856,-2.195331,DEU,KAZ,0116
24197,106,115,661,2002.0,1857.0,0.0,1.7939310000000002,0.219254,IRL,KAZ,0116
24198,145,115,661,2002.0,22154.0,0.0,-0.711096,-0.9835799999999999,MNG,KAZ,0116
24199,162,115,661,2002.0,42589.0,0.0,1.175777,1.667472,NLD,KAZ,0116
24200,231,115,661,2002.0,33591.0,0.0,1.853174,0.120986,USA,KAZ,0116
24201,166,116,661,2002.0,9258.0,0.0,0.370673,0.7853829999999999,NZL,KEN,0116
24202,43,117,661,2002.0,0.0,2769.0,0.6181220000000001,1.9636759999999998,CHN,KGZ,0116
24203,14,122,661,2002.0,160772.0,0.0,-0.052462,0.759617,AUS,KWT,0116
24204,24,122,661,2002.0,0.0,7122.0,-0.31754099999999996,-1.099381,BHR,KWT,0116
24205,32,122,661,2002.0,74496.0,0.0,0.631343,1.249344,BRA,KWT,0116
24206,68,122,661,2002.0,25881.0,0.0,-0.37218,0.634319,EGY,KWT,0116
24207,166,122,661,2002.0,6874.0,0.0,0.370673,0.7853829999999999,NZL,KWT,0116
24208,183,122,661,2002.0,0.0,18895.0,-0.002177,-1.042517,QAT,KWT,0116
24209,231,122,661,2002.0,146239.0,0.0,1.853174,0.120986,USA,KWT,0116
24210,14,124,661,2002.0,5862.0,0.0,-0.052462,0.759617,AUS,LBN,0116
24211,32,124,661,2002.0,11693.0,0.0,0.631343,1.249344,BRA,LBN,0116
24212,61,124,661,2002.0,80678.0,0.0,2.367856,-2.195331,DEU,LBN,0116
24213,77,124,661,2002.0,13782.0,0.0,1.648526,0.6870430000000001,FRA,LBN,0116
24214,106,124,661,2002.0,17842.0,0.0,1.7939310000000002,0.219254,IRL,LBN,0116
24215,166,124,661,2002.0,10305.0,0.0,0.370673,0.7853829999999999,NZL,LBN,0116
24216,183,124,661,2002.0,2574.0,0.0,-0.002177,-1.042517,QAT,LBN,0116
24217,188,124,661,2002.0,32271.0,0.0,0.048764,-0.903125,SAU,LBN,0116
24218,231,124,661,2002.0,3226.0,0.0,1.853174,0.120986,USA,LBN,0116
24219,250,124,661,2002.0,0.0,30909.0,0.5979300000000001,-0.497816,ANS,LBN,0116
24220,15,130,661,2002.0,5234.0,0.0,1.866997,0.400527,AUT,LTU,0116
24221,18,130,661,2002.0,169209.0,0.0,1.424339,1.372755,BEL,LTU,0116
24222,32,130,661,2002.0,95632.0,0.0,0.631343,1.249344,BRA,LTU,0116
24223,61,130,661,2002.0,745786.0,9166.0,2.367856,-2.195331,DEU,LTU,0116
24224,64,130,661,2002.0,75632.0,0.0,1.344708,1.321135,DNK,LTU,0116
24225,71,130,661,2002.0,41738.0,0.0,1.054108,1.9357349999999998,ESP,LTU,0116
24226,72,130,661,2002.0,9698.0,2221.0,0.576142,1.168563,EST,LTU,0116
24227,74,130,661,2002.0,212316.0,0.0,1.9545119999999998,1.047515,FIN,LTU,0116
24228,77,130,661,2002.0,384085.0,0.0,1.648526,0.6870430000000001,FRA,LTU,0116
24229,106,130,661,2002.0,18506.0,0.0,1.7939310000000002,0.219254,IRL,LTU,0116
24230,132,130,661,2002.0,0.0,12630.0,0.41409799999999997,0.6281680000000001,LVA,LTU,0116
24231,162,130,661,2002.0,130567.0,0.0,1.175777,1.667472,NLD,LTU,0116
24232,163,130,661,2002.0,21370.0,0.0,0.689588,-0.007016,NOR,LTU,0116
24233,166,130,661,2002.0,51232.0,0.0,0.370673,0.7853829999999999,NZL,LTU,0116
24234,186,130,661,2002.0,0.0,68556.0,0.6051449999999999,0.272307,RUS,LTU,0116
24235,208,130,661,2002.0,66731.0,0.0,2.134,0.769413,SWE,LTU,0116
24236,18,131,661,2002.0,821761.0,46188.0,1.424339,1.372755,BEL,LUX,0116
24237,61,131,661,2002.0,125697.0,21733.0,2.367856,-2.195331,DEU,LUX,0116
24238,77,131,661,2002.0,131274.0,177938.0,1.648526,0.6870430000000001,FRA,LUX,0116
24239,162,131,661,2002.0,114913.0,1234.0,1.175777,1.667472,NLD,LUX,0116
24240,14,132,661,2002.0,201482.0,0.0,-0.052462,0.759617,AUS,LVA,0116
24241,15,132,661,2002.0,18958.0,0.0,1.866997,0.400527,AUT,LVA,0116
24242,18,132,661,2002.0,101702.0,0.0,1.424339,1.372755,BEL,LVA,0116
24243,28,132,661,2002.0,1667.0,0.0,0.865742,1.1823860000000002,BLR,LVA,0116
24244,39,132,661,2002.0,28322.0,0.0,0.9672360000000001,1.389981,CAN,LVA,0116
24245,61,132,661,2002.0,161316.0,0.0,2.367856,-2.195331,DEU,LVA,0116
24246,64,132,661,2002.0,59774.0,0.0,1.344708,1.321135,DNK,LVA,0116
24247,71,132,661,2002.0,85222.0,0.0,1.054108,1.9357349999999998,ESP,LVA,0116
24248,72,132,661,2002.0,37310.0,0.0,0.576142,1.168563,EST,LVA,0116
24249,77,132,661,2002.0,12001.0,0.0,1.648526,0.6870430000000001,FRA,LVA,0116
24250,130,132,661,2002.0,12630.0,0.0,0.15796,0.855931,LTU,LVA,0116
24251,162,132,661,2002.0,8684.0,0.0,1.175777,1.667472,NLD,LVA,0116
24252,163,132,661,2002.0,189708.0,0.0,0.689588,-0.007016,NOR,LVA,0116
24253,177,132,661,2002.0,49979.0,0.0,0.9449299999999999,1.655764,POL,LVA,0116
24254,208,132,661,2002.0,583431.0,0.0,2.134,0.769413,SWE,LVA,0116
24255,250,132,661,2002.0,0.0,13798.0,0.5979300000000001,-0.497816,ANS,LVA,0116
24256,7,167,661,2002.0,329543.0,0.0,-0.288838,-0.640049,ARE,OMN,0116
24257,14,167,661,2002.0,144648.0,0.0,-0.052462,0.759617,AUS,OMN,0116
24258,32,167,661,2002.0,18090.0,0.0,0.631343,1.249344,BRA,OMN,0116
24259,104,167,661,2002.0,22356.0,0.0,0.32974000000000003,2.376477,IND,OMN,0116
24260,166,167,661,2002.0,19006.0,0.0,0.370673,0.7853829999999999,NZL,OMN,0116
24261,168,167,661,2002.0,0.0,62323.0,-0.7574069999999999,-0.403427,PAK,OMN,0116
24262,188,167,661,2002.0,106636.0,0.0,0.048764,-0.903125,SAU,OMN,0116
24263,9,177,661,2002.0,0.0,12056.0,0.66447,-0.08317000000000001,ARM,POL,0116
24264,14,177,661,2002.0,281477.0,0.0,-0.052462,0.759617,AUS,POL,0116
24265,15,177,661,2002.0,266226.0,0.0,1.866997,0.400527,AUT,POL,0116
24266,18,177,661,2002.0,692289.0,0.0,1.424339,1.372755,BEL,POL,0116
24267,23,177,661,2002.0,0.0,41763.0,0.468058,1.644037,BGR,POL,0116
24268,28,177,661,2002.0,70653.0,513275.0,0.865742,1.1823860000000002,BLR,POL,0116
24269,39,177,661,2002.0,205046.0,0.0,0.9672360000000001,1.389981,CAN,POL,0116
24270,61,177,661,2002.0,556004.0,36852.0,2.367856,-2.195331,DEU,POL,0116
24271,64,177,661,2002.0,582389.0,0.0,1.344708,1.321135,DNK,POL,0116
24272,71,177,661,2002.0,102205.0,17602.0,1.054108,1.9357349999999998,ESP,POL,0116
24273,72,177,661,2002.0,0.0,96167.0,0.576142,1.168563,EST,POL,0116
24274,77,177,661,2002.0,130994.0,34930.0,1.648526,0.6870430000000001,FRA,POL,0116
24275,81,177,661,2002.0,0.0,59435.0,2.067395,0.7934359999999999,GBR,POL,0116
24276,97,177,661,2002.0,0.0,280106.0,0.704932,1.291658,HKG,POL,0116
24277,102,177,661,2002.0,118494.0,0.0,1.232359,1.064425,HUN,POL,0116
24278,106,177,661,2002.0,27526.0,0.0,1.7939310000000002,0.219254,IRL,POL,0116
24279,111,177,661,2002.0,362962.0,117836.0,1.3944219999999998,1.125362,ITA,POL,0116
24280,121,177,661,2002.0,0.0,260500.0,1.4172719999999999,0.8763139999999999,KOR,POL,0116
24281,132,177,661,2002.0,0.0,49979.0,0.41409799999999997,0.6281680000000001,LVA,POL,0116
24282,135,177,661,2002.0,0.0,199361.0,-0.017383000000000003,0.109124,MDA,POL,0116
24283,140,177,661,2002.0,0.0,10226.0,-0.027727999999999996,0.41846400000000006,MKD,POL,0116
24284,162,177,661,2002.0,363566.0,0.0,1.175777,1.667472,NLD,POL,0116
24285,166,177,661,2002.0,8231.0,0.0,0.370673,0.7853829999999999,NZL,POL,0116
24286,185,177,661,2002.0,0.0,67431.0,0.549227,1.071998,ROU,POL,0116
24287,186,177,661,2002.0,0.0,750293.0,0.6051449999999999,0.272307,RUS,POL,0116
24288,206,177,661,2002.0,236727.0,142298.0,1.269549,1.184774,SVK,POL,0116
24289,208,177,661,2002.0,25276.0,107124.0,2.134,0.769413,SWE,POL,0116
24290,228,177,661,2002.0,49344.0,662774.0,0.575372,1.131722,UKR,POL,0116
24291,231,177,661,2002.0,1258473.0,0.0,1.853174,0.120986,USA,POL,0116
24292,7,183,661,2002.0,3695.0,9926.0,-0.288838,-0.640049,ARE,QAT,0116
24293,14,183,661,2002.0,61528.0,0.0,-0.052462,0.759617,AUS,QAT,0116
24294,24,183,661,2002.0,0.0,2090.0,-0.31754099999999996,-1.099381,BHR,QAT,0116
24295,32,183,661,2002.0,16466.0,0.0,0.631343,1.249344,BRA,QAT,0116
24296,68,183,661,2002.0,3759.0,0.0,-0.37218,0.634319,EGY,QAT,0116
24297,104,183,661,2002.0,11684.0,0.0,0.32974000000000003,2.376477,IND,QAT,0116
24298,122,183,661,2002.0,18895.0,0.0,-0.794007,-1.192659,KWT,QAT,0116
24299,124,183,661,2002.0,0.0,2574.0,0.220906,1.470297,LBN,QAT,0116
24300,153,183,661,2002.0,31867.0,0.0,0.9987159999999999,0.26558200000000004,MYS,QAT,0116
24301,168,183,661,2002.0,0.0,11402.0,-0.7574069999999999,-0.403427,PAK,QAT,0116
24302,188,183,661,2002.0,49107.0,0.0,0.048764,-0.903125,SAU,QAT,0116
24303,231,183,661,2002.0,20853.0,0.0,1.853174,0.120986,USA,QAT,0116
24304,14,185,661,2002.0,13425.0,0.0,-0.052462,0.759617,AUS,ROU,0116
24305,15,185,661,2002.0,822954.0,0.0,1.866997,0.400527,AUT,ROU,0116
24306,18,185,661,2002.0,1417648.0,0.0,1.424339,1.372755,BEL,ROU,0116
24307,39,185,661,2002.0,46884.0,0.0,0.9672360000000001,1.389981,CAN,ROU,0116
24308,41,185,661,2002.0,6127.0,0.0,2.205507,0.831836,CHE,ROU,0116
24309,58,185,661,2002.0,38855.0,0.0,0.332088,0.50441,CYP,ROU,0116
24310,59,185,661,2002.0,126260.0,0.0,1.5835139999999999,0.9563010000000001,CZE,ROU,0116
24311,61,185,661,2002.0,3664143.0,0.0,2.367856,-2.195331,DEU,ROU,0116
24312,64,185,661,2002.0,135982.0,0.0,1.344708,1.321135,DNK,ROU,0116
24313,71,185,661,2002.0,1138386.0,0.0,1.054108,1.9357349999999998,ESP,ROU,0116
24314,74,185,661,2002.0,1480.0,0.0,1.9545119999999998,1.047515,FIN,ROU,0116
24315,77,185,661,2002.0,1625925.0,0.0,1.648526,0.6870430000000001,FRA,ROU,0116
24316,90,185,661,2002.0,16559.0,0.0,0.20355399999999998,1.4130200000000002,GRC,ROU,0116
24317,102,185,661,2002.0,1524684.0,0.0,1.232359,1.064425,HUN,ROU,0116
24318,111,185,661,2002.0,814228.0,0.0,1.3944219999999998,1.125362,ITA,ROU,0116
24319,162,185,661,2002.0,638210.0,0.0,1.175777,1.667472,NLD,ROU,0116
24320,177,185,661,2002.0,67431.0,0.0,0.9449299999999999,1.655764,POL,ROU,0116
24321,207,185,661,2002.0,89586.0,0.0,1.469681,1.13303,SVN,ROU,0116
24322,231,185,661,2002.0,639282.0,0.0,1.853174,0.120986,USA,ROU,0116
24323,8,186,661,2002.0,73059.0,0.0,0.045376,0.71768,ARG,RUS,0116
24324,14,186,661,2002.0,3758071.0,0.0,-0.052462,0.759617,AUS,RUS,0116
24325,15,186,661,2002.0,762348.0,7047.0,1.866997,0.400527,AUT,RUS,0116
24326,18,186,661,2002.0,1882194.0,0.0,1.424339,1.372755,BEL,RUS,0116
24327,28,186,661,2002.0,263052.0,6043.0,0.865742,1.1823860000000002,BLR,RUS,0116
24328,32,186,661,2002.0,3367560.0,0.0,0.631343,1.249344,BRA,RUS,0116
24329,39,186,661,2002.0,7663387.0,0.0,0.9672360000000001,1.389981,CAN,RUS,0116
24330,41,186,661,2002.0,19045.0,0.0,2.205507,0.831836,CHE,RUS,0116
24331,43,186,661,2002.0,249612.0,0.0,0.6181220000000001,1.9636759999999998,CHN,RUS,0116
24332,61,186,661,2002.0,13344201.0,0.0,2.367856,-2.195331,DEU,RUS,0116
24333,64,186,661,2002.0,17058684.0,0.0,1.344708,1.321135,DNK,RUS,0116
24334,71,186,661,2002.0,1780965.0,0.0,1.054108,1.9357349999999998,ESP,RUS,0116
24335,72,186,661,2002.0,27082.0,0.0,0.576142,1.168563,EST,RUS,0116
24336,74,186,661,2002.0,988239.0,0.0,1.9545119999999998,1.047515,FIN,RUS,0116
24337,77,186,661,2002.0,9137174.0,0.0,1.648526,0.6870430000000001,FRA,RUS,0116
24338,102,186,661,2002.0,272038.0,0.0,1.232359,1.064425,HUN,RUS,0116
24339,103,186,661,2002.0,0.0,12131.0,0.098182,1.7305840000000001,IDN,RUS,0116
24340,106,186,661,2002.0,1209634.0,0.0,1.7939310000000002,0.219254,IRL,RUS,0116
24341,111,186,661,2002.0,1317069.0,0.0,1.3944219999999998,1.125362,ITA,RUS,0116
24342,121,186,661,2002.0,10959.0,0.0,1.4172719999999999,0.8763139999999999,KOR,RUS,0116
24343,130,186,661,2002.0,68556.0,0.0,0.15796,0.855931,LTU,RUS,0116
24344,135,186,661,2002.0,11087.0,0.0,-0.017383000000000003,0.109124,MDA,RUS,0116
24345,145,186,661,2002.0,106220.0,0.0,-0.711096,-0.9835799999999999,MNG,RUS,0116
24346,162,186,661,2002.0,3952765.0,0.0,1.175777,1.667472,NLD,RUS,0116
24347,163,186,661,2002.0,241321.0,0.0,0.689588,-0.007016,NOR,RUS,0116
24348,166,186,661,2002.0,347140.0,0.0,0.370673,0.7853829999999999,NZL,RUS,0116
24349,177,186,661,2002.0,750293.0,0.0,0.9449299999999999,1.655764,POL,RUS,0116
24350,180,186,661,2002.0,86028.0,0.0,-0.733796,-0.9001530000000001,PRY,RUS,0116
24351,208,186,661,2002.0,1361640.0,0.0,2.134,0.769413,SWE,RUS,0116
24352,228,186,661,2002.0,2025320.0,0.0,0.575372,1.131722,UKR,RUS,0116
24353,231,186,661,2002.0,40858568.0,0.0,1.853174,0.120986,USA,RUS,0116
24354,239,186,661,2002.0,2308.0,0.0,-0.44170699999999996,0.544708,VNM,RUS,0116
24355,7,188,661,2002.0,0.0,2038402.0,-0.288838,-0.640049,ARE,SAU,0116
24356,14,188,661,2002.0,327162.0,0.0,-0.052462,0.759617,AUS,SAU,0116
24357,24,188,661,2002.0,2213.0,279942.0,-0.31754099999999996,-1.099381,BHR,SAU,0116
24358,32,188,661,2002.0,81984.0,75786.0,0.631343,1.249344,BRA,SAU,0116
24359,121,188,661,2002.0,0.0,3766675.0,1.4172719999999999,0.8763139999999999,KOR,SAU,0116
24360,124,188,661,2002.0,0.0,32271.0,0.220906,1.470297,LBN,SAU,0116
24361,166,188,661,2002.0,239718.0,0.0,0.370673,0.7853829999999999,NZL,SAU,0116
24362,167,188,661,2002.0,0.0,106636.0,-1.307058,-1.270916,OMN,SAU,0116
24363,183,188,661,2002.0,0.0,49107.0,-0.002177,-1.042517,QAT,SAU,0116
24364,190,188,661,2002.0,247781.0,0.0,-1.336665,-1.19919,SDN,SAU,0116
24365,15,206,661,2002.0,310850.0,0.0,1.866997,0.400527,AUT,SVK,0116
24366,18,206,661,2002.0,46180.0,0.0,1.424339,1.372755,BEL,SVK,0116
24367,59,206,661,2002.0,228559.0,51082.0,1.5835139999999999,0.9563010000000001,CZE,SVK,0116
24368,61,206,661,2002.0,2052977.0,18111.0,2.367856,-2.195331,DEU,SVK,0116
24369,64,206,661,2002.0,435809.0,0.0,1.344708,1.321135,DNK,SVK,0116
24370,71,206,661,2002.0,93016.0,0.0,1.054108,1.9357349999999998,ESP,SVK,0116
24371,77,206,661,2002.0,79235.0,0.0,1.648526,0.6870430000000001,FRA,SVK,0116
24372,102,206,661,2002.0,192347.0,0.0,1.232359,1.064425,HUN,SVK,0116
24373,111,206,661,2002.0,286280.0,0.0,1.3944219999999998,1.125362,ITA,SVK,0116
24374,162,206,661,2002.0,52093.0,0.0,1.175777,1.667472,NLD,SVK,0116
24375,177,206,661,2002.0,142298.0,236727.0,0.9449299999999999,1.655764,POL,SVK,0116
24376,15,207,661,2002.0,440018.0,0.0,1.866997,0.400527,AUT,SVN,0116
24377,61,207,661,2002.0,91545.0,15395.0,2.367856,-2.195331,DEU,SVN,0116
24378,64,207,661,2002.0,22636.0,0.0,1.344708,1.321135,DNK,SVN,0116
24379,71,207,661,2002.0,26485.0,0.0,1.054108,1.9357349999999998,ESP,SVN,0116
24380,100,207,661,2002.0,0.0,8630.0,0.603546,1.273001,HRV,SVN,0116
24381,102,207,661,2002.0,2671.0,0.0,1.232359,1.064425,HUN,SVN,0116
24382,111,207,661,2002.0,53073.0,30288.0,1.3944219999999998,1.125362,ITA,SVN,0116
24383,140,207,661,2002.0,0.0,7121.0,-0.027727999999999996,0.41846400000000006,MKD,SVN,0116
24384,162,207,661,2002.0,227182.0,0.0,1.175777,1.667472,NLD,SVN,0116
24385,185,207,661,2002.0,0.0,89586.0,0.549227,1.071998,ROU,SVN,0116
24386,189,207,661,2002.0,12792.0,130927.0,0.523459,2.58657,SCG,SVN,0116
24387,231,226,661,2002.0,24927.0,0.0,1.853174,0.120986,USA,TZA,0116
24388,246,226,661,2002.0,39736.0,0.0,0.32760500000000004,2.497746,ZAF,TZA,0116
24389,15,228,661,2002.0,224640.0,0.0,1.866997,0.400527,AUT,UKR,0116
24390,16,228,661,2002.0,0.0,13690.0,-0.566735,-1.003158,AZE,UKR,0116
24391,18,228,661,2002.0,773186.0,0.0,1.424339,1.372755,BEL,UKR,0116
24392,23,228,661,2002.0,1186.0,0.0,0.468058,1.644037,BGR,UKR,0116
24393,61,228,661,2002.0,509384.0,0.0,2.367856,-2.195331,DEU,UKR,0116
24394,64,228,661,2002.0,7601.0,0.0,1.344708,1.321135,DNK,UKR,0116
24395,71,228,661,2002.0,14095.0,0.0,1.054108,1.9357349999999998,ESP,UKR,0116
24396,82,228,661,2002.0,0.0,42776.0,0.23526999999999998,-0.156333,GEO,UKR,0116
24397,102,228,661,2002.0,84983.0,0.0,1.232359,1.064425,HUN,UKR,0116
24398,106,228,661,2002.0,4066.0,0.0,1.7939310000000002,0.219254,IRL,UKR,0116
24399,114,228,661,2002.0,0.0,8119.0,2.7747580000000003,0.43663199999999996,JPN,UKR,0116
24400,162,228,661,2002.0,339538.0,0.0,1.175777,1.667472,NLD,UKR,0116
24401,177,228,661,2002.0,662774.0,49344.0,0.9449299999999999,1.655764,POL,UKR,0116
24402,186,228,661,2002.0,0.0,2025320.0,0.6051449999999999,0.272307,RUS,UKR,0116
24403,231,228,661,2002.0,15905.0,0.0,1.853174,0.120986,USA,UKR,0116
24404,2,8,661,2002.0,0.0,1468802.0,-1.8043639999999999,-1.250642,AGO,ARG,0116
24405,18,8,661,2002.0,0.0,90504.0,1.424339,1.372755,BEL,ARG,0116
24406,23,8,661,2002.0,0.0,140220.0,0.468058,1.644037,BGR,ARG,0116
24407,32,8,661,2002.0,133599.0,2901522.0,0.631343,1.249344,BRA,ARG,0116
24408,41,8,661,2002.0,0.0,8588.0,2.205507,0.831836,CHE,ARG,0116
24409,44,8,661,2002.0,0.0,168599.0,-0.803739,-0.752218,CIV,ARG,0116
24410,47,8,661,2002.0,0.0,1472356.0,-1.468836,-1.250484,COG,ARG,0116
24411,52,8,661,2002.0,36118.0,0.0,0.083983,-0.096237,CRI,ARG,0116
24412,59,8,661,2002.0,0.0,45041.0,1.5835139999999999,0.9563010000000001,CZE,ARG,0116
24413,61,8,661,2002.0,0.0,26147.0,2.367856,-2.195331,DEU,ARG,0116
24414,64,8,661,2002.0,0.0,7899.0,1.344708,1.321135,DNK,ARG,0116
24415,71,8,661,2002.0,0.0,7570.0,1.054108,1.9357349999999998,ESP,ARG,0116
24416,77,8,661,2002.0,0.0,244738.0,1.648526,0.6870430000000001,FRA,ARG,0116
24417,80,8,661,2002.0,0.0,757041.0,-1.34341,-1.238593,GAB,ARG,0116
24418,81,8,661,2002.0,0.0,79424.0,2.067395,0.7934359999999999,GBR,ARG,0116
24419,85,8,661,2002.0,0.0,30223.0,-1.684157,-1.256743,GIN,ARG,0116
24420,89,8,661,2002.0,0.0,30320.0,-1.8647490000000002,-0.96145,GNQ,ARG,0116
24421,90,8,661,2002.0,0.0,15756.0,0.20355399999999998,1.4130200000000002,GRC,ARG,0116
24422,97,8,661,2002.0,0.0,5015325.0,0.704932,1.291658,HKG,ARG,0116
24423,110,8,661,2002.0,0.0,55620.0,1.257709,0.8318989999999999,ISR,ARG,0116
24424,111,8,661,2002.0,0.0,31756.0,1.3944219999999998,1.125362,ITA,ARG,0116
24425,114,8,661,2002.0,0.0,58553.0,2.7747580000000003,0.43663199999999996,JPN,ARG,0116
24426,133,8,661,2002.0,0.0,159376.0,0.005082,-0.328658,MAC,ARG,0116
24427,155,8,661,2002.0,0.0,1901.0,-0.137725,-0.361452,NAM,ARG,0116
24428,162,8,661,2002.0,1599527.0,769537.0,1.175777,1.667472,NLD,ARG,0116
24429,173,8,661,2002.0,0.0,1212792.0,-0.456603,0.030838,PER,ARG,0116
24430,179,8,661,2002.0,0.0,3237.0,0.584956,1.377068,PRT,ARG,0116
24431,186,8,661,2002.0,0.0,73059.0,0.6051449999999999,0.272307,RUS,ARG,0116
24432,191,8,661,2002.0,0.0,76913.0,-0.5424939999999999,-0.554531,SEN,ARG,0116
24433,230,8,661,2002.0,0.0,22345.0,0.048498,0.118565,URY,ARG,0116
24434,231,8,661,2002.0,4399.0,0.0,1.853174,0.120986,USA,ARG,0116
24435,236,8,661,2002.0,0.0,2041.0,-0.008877,-0.753486,VEN,ARG,0116
24436,239,8,661,2002.0,0.0,6898.0,-0.44170699999999996,0.544708,VNM,ARG,0116
24437,246,8,661,2002.0,0.0,60808.0,0.32760500000000004,2.497746,ZAF,ARG,0116
24438,250,8,661,2002.0,0.0,208748.0,0.5979300000000001,-0.497816,ANS,ARG,0116
24439,246,37,661,2002.0,454666.0,0.0,0.32760500000000004,2.497746,ZAF,BWA,0116
24440,8,44,661,2002.0,168599.0,0.0,0.045376,0.71768,ARG,CIV,0116
24441,14,44,661,2002.0,324591.0,0.0,-0.052462,0.759617,AUS,CIV,0116
24442,18,44,661,2002.0,126559.0,0.0,1.424339,1.372755,BEL,CIV,0116
24443,32,44,661,2002.0,86326.0,0.0,0.631343,1.249344,BRA,CIV,0116
24444,39,44,661,2002.0,139361.0,0.0,0.9672360000000001,1.389981,CAN,CIV,0116
24445,61,44,661,2002.0,474807.0,0.0,2.367856,-2.195331,DEU,CIV,0116
24446,64,44,661,2002.0,55273.0,0.0,1.344708,1.321135,DNK,CIV,0116
24447,71,44,661,2002.0,193099.0,0.0,1.054108,1.9357349999999998,ESP,CIV,0116
24448,77,44,661,2002.0,2142444.0,5882.0,1.648526,0.6870430000000001,FRA,CIV,0116
24449,90,44,661,2002.0,3776.0,0.0,0.20355399999999998,1.4130200000000002,GRC,CIV,0116
24450,111,44,661,2002.0,707982.0,0.0,1.3944219999999998,1.125362,ITA,CIV,0116
24451,141,44,661,2002.0,1797.0,0.0,-0.786698,-0.682438,MLI,CIV,0116
24452,162,44,661,2002.0,1012691.0,0.0,1.175777,1.667472,NLD,CIV,0116
24453,166,44,661,2002.0,29307.0,0.0,0.370673,0.7853829999999999,NZL,CIV,0116
24454,208,44,661,2002.0,10148.0,0.0,2.134,0.769413,SWE,CIV,0116
24455,231,44,661,2002.0,1279005.0,0.0,1.853174,0.120986,USA,CIV,0116
24456,250,44,661,2002.0,3323.0,0.0,0.5979300000000001,-0.497816,ANS,CIV,0116
24457,18,45,661,2002.0,380214.0,0.0,1.424339,1.372755,BEL,CMR,0116
24458,61,45,661,2002.0,66727.0,0.0,2.367856,-2.195331,DEU,CMR,0116
24459,77,45,661,2002.0,197702.0,0.0,1.648526,0.6870430000000001,FRA,CMR,0116
24460,162,45,661,2002.0,158303.0,0.0,1.175777,1.667472,NLD,CMR,0116
24461,246,45,661,2002.0,8998.0,0.0,0.32760500000000004,2.497746,ZAF,CMR,0116
24462,162,51,661,2002.0,1640.0,0.0,1.175777,1.667472,NLD,CPV,0116
24463,179,51,661,2002.0,43779.0,0.0,0.584956,1.377068,PRT,CPV,0116
24464,4,58,661,2002.0,0.0,28820.0,-0.05800399999999999,0.042254,ALB,CYP,0116
24465,7,58,661,2002.0,0.0,3274.0,-0.288838,-0.640049,ARE,CYP,0116
24466,23,58,661,2002.0,0.0,39676.0,0.468058,1.644037,BGR,CYP,0116
24467,72,58,661,2002.0,1557.0,0.0,0.576142,1.168563,EST,CYP,0116
24468,90,58,661,2002.0,0.0,513094.0,0.20355399999999998,1.4130200000000002,GRC,CYP,0116
24469,104,58,661,2002.0,1885.0,0.0,0.32974000000000003,2.376477,IND,CYP,0116
24470,140,58,661,2002.0,0.0,157825.0,-0.027727999999999996,0.41846400000000006,MKD,CYP,0116
24471,185,58,661,2002.0,0.0,38855.0,0.549227,1.071998,ROU,CYP,0116
24472,18,72,661,2002.0,126622.0,0.0,1.424339,1.372755,BEL,EST,0116
24473,39,72,661,2002.0,44984.0,0.0,0.9672360000000001,1.389981,CAN,EST,0116
24474,58,72,661,2002.0,0.0,1557.0,0.332088,0.50441,CYP,EST,0116
24475,61,72,661,2002.0,0.0,1197.0,2.367856,-2.195331,DEU,EST,0116
24476,64,72,661,2002.0,644773.0,0.0,1.344708,1.321135,DNK,EST,0116
24477,74,72,661,2002.0,683156.0,0.0,1.9545119999999998,1.047515,FIN,EST,0116
24478,77,72,661,2002.0,4446.0,0.0,1.648526,0.6870430000000001,FRA,EST,0116
24479,102,72,661,2002.0,99426.0,49691.0,1.232359,1.064425,HUN,EST,0116
24480,125,72,661,2002.0,0.0,3961.0,-0.683036,-1.158808,LBR,EST,0116
24481,130,72,661,2002.0,2221.0,9698.0,0.15796,0.855931,LTU,EST,0116
24482,132,72,661,2002.0,0.0,37310.0,0.41409799999999997,0.6281680000000001,LVA,EST,0116
24483,142,72,661,2002.0,0.0,13152.0,0.901235,-0.140261,MLT,EST,0116
24484,162,72,661,2002.0,3278.0,0.0,1.175777,1.667472,NLD,EST,0116
24485,163,72,661,2002.0,21132.0,1848.0,0.689588,-0.007016,NOR,EST,0116
24486,169,72,661,2002.0,0.0,1312.0,0.085746,0.21839,PAN,EST,0116
24487,177,72,661,2002.0,96167.0,0.0,0.9449299999999999,1.655764,POL,EST,0116
24488,186,72,661,2002.0,0.0,27082.0,0.6051449999999999,0.272307,RUS,EST,0116
24489,208,72,661,2002.0,296020.0,0.0,2.134,0.769413,SWE,EST,0116
24490,231,72,661,2002.0,6025.0,0.0,1.853174,0.120986,USA,EST,0116
24491,250,72,661,2002.0,394252.0,0.0,0.5979300000000001,-0.497816,ANS,EST,0116
24492,8,80,661,2002.0,757041.0,0.0,0.045376,0.71768,ARG,GAB,0116
24493,14,80,661,2002.0,41356.0,0.0,-0.052462,0.759617,AUS,GAB,0116
24494,18,80,661,2002.0,9187.0,0.0,1.424339,1.372755,BEL,GAB,0116
24495,32,80,661,2002.0,6436.0,0.0,0.631343,1.249344,BRA,GAB,0116
24496,39,80,661,2002.0,8372.0,0.0,0.9672360000000001,1.389981,CAN,GAB,0116
24497,61,80,661,2002.0,17083.0,0.0,2.367856,-2.195331,DEU,GAB,0116
24498,71,80,661,2002.0,7900.0,0.0,1.054108,1.9357349999999998,ESP,GAB,0116
24499,77,80,661,2002.0,269689.0,0.0,1.648526,0.6870430000000001,FRA,GAB,0116
24500,106,80,661,2002.0,28461.0,0.0,1.7939310000000002,0.219254,IRL,GAB,0116
24501,162,80,661,2002.0,204584.0,0.0,1.175777,1.667472,NLD,GAB,0116
24502,166,80,661,2002.0,25542.0,0.0,0.370673,0.7853829999999999,NZL,GAB,0116
24503,214,80,661,2002.0,0.0,96120.0,-0.092619,-0.776712,TCD,GAB,0116
24504,231,80,661,2002.0,187735.0,0.0,1.853174,0.120986,USA,GAB,0116
24505,246,80,661,2002.0,1429.0,1095.0,0.32760500000000004,2.497746,ZAF,GAB,0116
24506,18,83,661,2002.0,267507.0,0.0,1.424339,1.372755,BEL,GHA,0116
24507,23,83,661,2002.0,6797.0,0.0,0.468058,1.644037,BGR,GHA,0116
24508,39,83,661,2002.0,12285.0,0.0,0.9672360000000001,1.389981,CAN,GHA,0116
24509,61,83,661,2002.0,393057.0,0.0,2.367856,-2.195331,DEU,GHA,0116
24510,64,83,661,2002.0,124570.0,0.0,1.344708,1.321135,DNK,GHA,0116
24511,71,83,661,2002.0,16358.0,0.0,1.054108,1.9357349999999998,ESP,GHA,0116
24512,77,83,661,2002.0,62259.0,0.0,1.648526,0.6870430000000001,FRA,GHA,0116
24513,81,83,661,2002.0,23079.0,0.0,2.067395,0.7934359999999999,GBR,GHA,0116
24514,106,83,661,2002.0,5856.0,0.0,1.7939310000000002,0.219254,IRL,GHA,0116
24515,111,83,661,2002.0,52376.0,0.0,1.3944219999999998,1.125362,ITA,GHA,0116
24516,162,83,661,2002.0,1337810.0,0.0,1.175777,1.667472,NLD,GHA,0116
24517,208,83,661,2002.0,50050.0,0.0,2.134,0.769413,SWE,GHA,0116
24518,231,83,661,2002.0,8340.0,0.0,1.853174,0.120986,USA,GHA,0116
24519,246,83,661,2002.0,24001.0,0.0,0.32760500000000004,2.497746,ZAF,GHA,0116
24520,77,134,661,2002.0,10166.0,0.0,1.648526,0.6870430000000001,FRA,MAR,0116
24521,162,134,661,2002.0,1249.0,5104.0,1.175777,1.667472,NLD,MAR,0116
24522,44,141,661,2002.0,0.0,1797.0,-0.803739,-0.752218,CIV,MLI,0116
24523,77,141,661,2002.0,1132.0,0.0,1.648526,0.6870430000000001,FRA,MLI,0116
24524,231,141,661,2002.0,12719.0,0.0,1.853174,0.120986,USA,MLI,0116
24525,246,141,661,2002.0,2211.0,0.0,0.32760500000000004,2.497746,ZAF,MLI,0116
24526,14,147,661,2002.0,26840.0,0.0,-0.052462,0.759617,AUS,MOZ,0116
24527,209,147,661,2002.0,14457.0,0.0,0.409355,-0.047221,SWZ,MOZ,0116
24528,246,147,661,2002.0,189752.0,6303.0,0.32760500000000004,2.497746,ZAF,MOZ,0116
24529,248,147,661,2002.0,2090.0,0.0,-0.36033000000000004,0.452182,ZWE,MOZ,0116
24530,2,155,661,2002.0,0.0,13222.0,-1.8043639999999999,-1.250642,AGO,NAM,0116
24531,8,155,661,2002.0,1901.0,0.0,0.045376,0.71768,ARG,NAM,0116
24532,246,155,661,2002.0,137784.0,0.0,0.32760500000000004,2.497746,ZAF,NAM,0116
24533,81,159,661,2002.0,12667.0,0.0,2.067395,0.7934359999999999,GBR,NGA,0116
24534,103,159,661,2002.0,8765.0,0.0,0.098182,1.7305840000000001,IDN,NGA,0116
24535,111,159,661,2002.0,24259.0,0.0,1.3944219999999998,1.125362,ITA,NGA,0116
24536,162,159,661,2002.0,13939.0,0.0,1.175777,1.667472,NLD,NGA,0116
24537,246,159,661,2002.0,6715.0,0.0,0.32760500000000004,2.497746,ZAF,NGA,0116
24538,8,191,661,2002.0,76913.0,0.0,0.045376,0.71768,ARG,SEN,0116
24539,14,191,661,2002.0,9990.0,0.0,-0.052462,0.759617,AUS,SEN,0116
24540,32,191,661,2002.0,16018.0,0.0,0.631343,1.249344,BRA,SEN,0116
24541,77,191,661,2002.0,6260.0,40456.0,1.648526,0.6870430000000001,FRA,SEN,0116
24542,104,191,661,2002.0,136956.0,0.0,0.32974000000000003,2.376477,IND,SEN,0116
24543,166,191,661,2002.0,7488.0,0.0,0.370673,0.7853829999999999,NZL,SEN,0116
24544,231,191,661,2002.0,104681.0,0.0,1.853174,0.120986,USA,SEN,0116
24545,61,215,661,2002.0,6508.0,0.0,2.367856,-2.195331,DEU,TGO,0116
24546,111,215,661,2002.0,12741.0,0.0,1.3944219999999998,1.125362,ITA,TGO,0116
24547,246,227,661,2002.0,1469.0,0.0,0.32760500000000004,2.497746,ZAF,UGA,0116
24548,46,247,661,2002.0,0.0,20136.0,-1.218664,-1.1406120000000002,COD,ZMB,0116
24549,246,247,661,2002.0,8456.0,0.0,0.32760500000000004,2.497746,ZAF,ZMB,0116
24550,46,248,661,2002.0,0.0,18189.0,-1.218664,-1.1406120000000002,COD,ZWE,0116
24551,147,248,661,2002.0,0.0,2090.0,-1.337891,-1.187073,MOZ,ZWE,0116
24552,152,248,661,2002.0,0.0,12434.0,-1.431612,-1.234903,MWI,ZWE,0116
24553,231,248,661,2002.0,2441.0,0.0,1.853174,0.120986,USA,ZWE,0116
24554,246,248,661,2002.0,1207.0,0.0,0.32760500000000004,2.497746,ZAF,ZWE,0116
24555,39,120,661,2002.0,28357.0,0.0,0.9672360000000001,1.389981,CAN,KNA,0116
24556,81,120,661,2002.0,2744.0,0.0,2.067395,0.7934359999999999,GBR,KNA,0116
24557,231,120,661,2002.0,72651.0,0.0,1.853174,0.120986,USA,KNA,0116
24558,246,152,661,2002.0,11519.0,0.0,0.32760500000000004,2.497746,ZAF,MWI,0116
24559,248,152,661,2002.0,12434.0,0.0,-0.36033000000000004,0.452182,ZWE,MWI,0116
24560,14,176,661,2002.0,1719370.0,0.0,-0.052462,0.759617,AUS,PNG,0116
24561,166,176,661,2002.0,172865.0,0.0,0.370673,0.7853829999999999,NZL,PNG,0116
24562,249,176,661,2002.0,1082.0,0.0,1.9084720000000002,1.253714,TWN,PNG,0116
24563,23,234,661,2002.0,1482.0,0.0,0.468058,1.644037,BGR,VCT,0116
24564,81,234,661,2002.0,2008.0,0.0,2.067395,0.7934359999999999,GBR,VCT,0116
24565,231,234,661,2002.0,56373.0,0.0,1.853174,0.120986,USA,VCT,0116
24566,7,24,661,2002.0,30620.0,3590.0,-0.288838,-0.640049,ARE,BHR,0116
24567,14,24,661,2002.0,106294.0,0.0,-0.052462,0.759617,AUS,BHR,0116
24568,32,24,661,2002.0,6283.0,0.0,0.631343,1.249344,BRA,BHR,0116
24569,61,24,661,2002.0,3401.0,0.0,2.367856,-2.195331,DEU,BHR,0116
24570,64,24,661,2002.0,2318.0,0.0,1.344708,1.321135,DNK,BHR,0116
24571,104,24,661,2002.0,1904.0,0.0,0.32974000000000003,2.376477,IND,BHR,0116
24572,107,24,661,2002.0,44944.0,0.0,-0.665259,-0.840274,IRN,BHR,0116
24573,113,24,661,2002.0,45029.0,0.0,0.34023000000000003,0.264754,JOR,BHR,0116
24574,122,24,661,2002.0,7122.0,0.0,-0.794007,-1.192659,KWT,BHR,0116
24575,162,24,661,2002.0,4862.0,0.0,1.175777,1.667472,NLD,BHR,0116
24576,166,24,661,2002.0,77732.0,0.0,0.370673,0.7853829999999999,NZL,BHR,0116
24577,183,24,661,2002.0,2090.0,0.0,-0.002177,-1.042517,QAT,BHR,0116
24578,188,24,661,2002.0,279942.0,2213.0,0.048764,-0.903125,SAU,BHR,0116
24579,231,24,661,2002.0,151978.0,0.0,1.853174,0.120986,USA,BHR,0116
24580,246,24,661,2002.0,6137.0,0.0,0.32760500000000004,2.497746,ZAF,BHR,0116
24581,250,24,661,2002.0,0.0,2470.0,0.5979300000000001,-0.497816,ANS,BHR,0116
24582,15,26,661,2002.0,894873.0,0.0,1.866997,0.400527,AUT,BIH,0116
24583,61,26,661,2002.0,30000.0,0.0,2.367856,-2.195331,DEU,BIH,0116
24584,71,26,661,2002.0,6618.0,0.0,1.054108,1.9357349999999998,ESP,BIH,0116
24585,100,26,661,2002.0,4992.0,0.0,0.603546,1.273001,HRV,BIH,0116
24586,102,26,661,2002.0,11000.0,0.0,1.232359,1.064425,HUN,BIH,0116
24587,111,26,661,2002.0,32170.0,0.0,1.3944219999999998,1.125362,ITA,BIH,0116
24588,162,26,661,2002.0,49226.0,0.0,1.175777,1.667472,NLD,BIH,0116
24589,189,26,661,2002.0,12387.0,0.0,0.523459,2.58657,SCG,BIH,0116
24590,14,100,661,2002.0,98668.0,0.0,-0.052462,0.759617,AUS,HRV,0116
24591,15,100,661,2002.0,301246.0,0.0,1.866997,0.400527,AUT,HRV,0116
24592,18,100,661,2002.0,7032.0,0.0,1.424339,1.372755,BEL,HRV,0116
24593,26,100,661,2002.0,0.0,4992.0,0.223543,0.44595100000000004,BIH,HRV,0116
24594,61,100,661,2002.0,755039.0,9323.0,2.367856,-2.195331,DEU,HRV,0116
24595,64,100,661,2002.0,100776.0,0.0,1.344708,1.321135,DNK,HRV,0116
24596,102,100,661,2002.0,44820.0,0.0,1.232359,1.064425,HUN,HRV,0116
24597,111,100,661,2002.0,30461.0,0.0,1.3944219999999998,1.125362,ITA,HRV,0116
24598,140,100,661,2002.0,22748.0,15724.0,-0.027727999999999996,0.41846400000000006,MKD,HRV,0116
24599,162,100,661,2002.0,299584.0,0.0,1.175777,1.667472,NLD,HRV,0116
24600,207,100,661,2002.0,8630.0,0.0,1.469681,1.13303,SVN,HRV,0116
24601,64,109,661,2002.0,0.0,2358.0,1.344708,1.321135,DNK,ISL,0116
24602,78,109,661,2002.0,0.0,94753.0,-0.33811399999999997,-0.8092050000000001,FRO,ISL,0116
24603,81,109,661,2002.0,0.0,26750.0,2.067395,0.7934359999999999,GBR,ISL,0116
24604,208,109,661,2002.0,1075.0,0.0,2.134,0.769413,SWE,ISL,0116
24605,231,109,661,2002.0,0.0,75144.0,1.853174,0.120986,USA,ISL,0116
24606,14,126,661,2002.0,105617.0,0.0,-0.052462,0.759617,AUS,LBY,0116
24607,142,126,661,2002.0,12225.0,0.0,0.901235,-0.140261,MLT,LBY,0116
24608,15,135,661,2002.0,40130.0,0.0,1.866997,0.400527,AUT,MDA,0116
24609,18,135,661,2002.0,420845.0,0.0,1.424339,1.372755,BEL,MDA,0116
24610,39,135,661,2002.0,3213.0,0.0,0.9672360000000001,1.389981,CAN,MDA,0116
24611,61,135,661,2002.0,401230.0,0.0,2.367856,-2.195331,DEU,MDA,0116
24612,71,135,661,2002.0,5613.0,0.0,1.054108,1.9357349999999998,ESP,MDA,0116
24613,77,135,661,2002.0,4685.0,0.0,1.648526,0.6870430000000001,FRA,MDA,0116
24614,102,135,661,2002.0,38974.0,0.0,1.232359,1.064425,HUN,MDA,0116
24615,106,135,661,2002.0,28011.0,0.0,1.7939310000000002,0.219254,IRL,MDA,0116
24616,111,135,661,2002.0,8111.0,0.0,1.3944219999999998,1.125362,ITA,MDA,0116
24617,162,135,661,2002.0,357528.0,0.0,1.175777,1.667472,NLD,MDA,0116
24618,177,135,661,2002.0,199361.0,0.0,0.9449299999999999,1.655764,POL,MDA,0116
24619,186,135,661,2002.0,0.0,11087.0,0.6051449999999999,0.272307,RUS,MDA,0116
24620,231,135,661,2002.0,26537.0,0.0,1.853174,0.120986,USA,MDA,0116
24621,15,140,661,2002.0,856147.0,0.0,1.866997,0.400527,AUT,MKD,0116
24622,18,140,661,2002.0,77047.0,0.0,1.424339,1.372755,BEL,MKD,0116
24623,32,140,661,2002.0,85449.0,0.0,0.631343,1.249344,BRA,MKD,0116
24624,39,140,661,2002.0,39604.0,0.0,0.9672360000000001,1.389981,CAN,MKD,0116
24625,58,140,661,2002.0,157825.0,0.0,0.332088,0.50441,CYP,MKD,0116
24626,61,140,661,2002.0,263440.0,0.0,2.367856,-2.195331,DEU,MKD,0116
24627,71,140,661,2002.0,61917.0,0.0,1.054108,1.9357349999999998,ESP,MKD,0116
24628,90,140,661,2002.0,14154.0,3736.0,0.20355399999999998,1.4130200000000002,GRC,MKD,0116
24629,100,140,661,2002.0,15724.0,22748.0,0.603546,1.273001,HRV,MKD,0116
24630,102,140,661,2002.0,12214.0,0.0,1.232359,1.064425,HUN,MKD,0116
24631,111,140,661,2002.0,23164.0,0.0,1.3944219999999998,1.125362,ITA,MKD,0116
24632,162,140,661,2002.0,18897.0,0.0,1.175777,1.667472,NLD,MKD,0116
24633,177,140,661,2002.0,10226.0,0.0,0.9449299999999999,1.655764,POL,MKD,0116
24634,189,140,661,2002.0,6016.0,0.0,0.523459,2.58657,SCG,MKD,0116
24635,207,140,661,2002.0,7121.0,0.0,1.469681,1.13303,SVN,MKD,0116
24636,208,140,661,2002.0,22214.0,0.0,2.134,0.769413,SWE,MKD,0116
24637,231,140,661,2002.0,122502.0,0.0,1.853174,0.120986,USA,MKD,0116
24638,231,143,661,2002.0,38259.0,0.0,1.853174,0.120986,USA,MMR,0116
24639,43,178,661,2002.0,4041.0,0.0,0.6181220000000001,1.9636759999999998,CHN,PRK,0116
24640,15,189,661,2002.0,476873.0,0.0,1.866997,0.400527,AUT,SCG,0116
24641,18,189,661,2002.0,93447.0,0.0,1.424339,1.372755,BEL,SCG,0116
24642,26,189,661,2002.0,0.0,12387.0,0.223543,0.44595100000000004,BIH,SCG,0116
24643,61,189,661,2002.0,729368.0,0.0,2.367856,-2.195331,DEU,SCG,0116
24644,71,189,661,2002.0,64544.0,0.0,1.054108,1.9357349999999998,ESP,SCG,0116
24645,77,189,661,2002.0,284670.0,0.0,1.648526,0.6870430000000001,FRA,SCG,0116
24646,102,189,661,2002.0,108460.0,0.0,1.232359,1.064425,HUN,SCG,0116
24647,111,189,661,2002.0,122853.0,15066.0,1.3944219999999998,1.125362,ITA,SCG,0116
24648,140,189,661,2002.0,0.0,6016.0,-0.027727999999999996,0.41846400000000006,MKD,SCG,0116
24649,162,189,661,2002.0,229433.0,0.0,1.175777,1.667472,NLD,SCG,0116
24650,207,189,661,2002.0,130927.0,12792.0,1.469681,1.13303,SVN,SCG,0116
24651,8,85,661,2002.0,30223.0,0.0,0.045376,0.71768,ARG,GIN,0116
24652,64,85,661,2002.0,7990.0,0.0,1.344708,1.321135,DNK,GIN,0116
24653,104,85,661,2002.0,29827.0,0.0,0.32974000000000003,2.376477,IND,GIN,0116
24654,162,85,661,2002.0,60051.0,0.0,1.175777,1.667472,NLD,GIN,0116
24655,8,133,661,2002.0,159376.0,0.0,0.045376,0.71768,ARG,MAC,0116
24656,14,133,661,2002.0,24581.0,0.0,-0.052462,0.759617,AUS,MAC,0116
24657,32,133,661,2002.0,22172.0,0.0,0.631343,1.249344,BRA,MAC,0116
24658,43,133,661,2002.0,42749.0,0.0,0.6181220000000001,1.9636759999999998,CHN,MAC,0116
24659,61,133,661,2002.0,17128.0,0.0,2.367856,-2.195331,DEU,MAC,0116
24660,97,133,661,2002.0,952248.0,8518.0,0.704932,1.291658,HKG,MAC,0116
24661,114,133,661,2002.0,2579.0,0.0,2.7747580000000003,0.43663199999999996,JPN,MAC,0116
24662,162,133,661,2002.0,2921.0,0.0,1.175777,1.667472,NLD,MAC,0116
24663,166,133,661,2002.0,7501.0,0.0,0.370673,0.7853829999999999,NZL,MAC,0116
24664,230,133,661,2002.0,6614.0,0.0,0.048498,0.118565,URY,MAC,0116
24665,97,168,661,2002.0,0.0,690568.0,0.704932,1.291658,HKG,PAK,0116
24666,167,168,661,2002.0,62323.0,0.0,-1.307058,-1.270916,OMN,PAK,0116
24667,183,168,661,2002.0,11402.0,0.0,-0.002177,-1.042517,QAT,PAK,0116
24668,32,0,661,2002.0,33773.0,0.0,0.631343,1.249344,BRA,ABW,0116
24669,39,0,661,2002.0,3667.0,0.0,0.9672360000000001,1.389981,CAN,ABW,0116
24670,162,0,661,2002.0,30281.0,0.0,1.175777,1.667472,NLD,ABW,0116
24671,231,0,661,2002.0,9626.0,0.0,1.853174,0.120986,USA,ABW,0116
24672,6,3,661,2002.0,16540.0,0.0,0.145946,-0.704052,ANT,AIA,0116
24673,81,3,661,2002.0,17819.0,0.0,2.067395,0.7934359999999999,GBR,AIA,0116
24674,231,3,661,2002.0,28012.0,0.0,1.853174,0.120986,USA,AIA,0116
24675,39,29,661,2002.0,1626.0,0.0,0.9672360000000001,1.389981,CAN,BLZ,0116
24676,231,29,661,2002.0,4193.0,0.0,1.853174,0.120986,USA,BLZ,0116
24677,42,31,661,2002.0,10706.0,0.0,-0.079201,-0.11449200000000001,CHL,BOL,0116
24678,243,73,661,2002.0,0.0,28283.0,-1.447637,-1.289748,YEM,ETH,0116
24679,39,91,661,2002.0,27627.0,0.0,0.9672360000000001,1.389981,CAN,GRD,0116
24680,81,91,661,2002.0,1619.0,0.0,2.067395,0.7934359999999999,GBR,GRD,0116
24681,166,91,661,2002.0,1542.0,0.0,0.370673,0.7853829999999999,NZL,GRD,0116
24682,231,91,661,2002.0,18659.0,0.0,1.853174,0.120986,USA,GRD,0116
24683,231,149,661,2002.0,2400.0,0.0,1.853174,0.120986,USA,MSR,0116
24684,14,4,661,2002.0,3161.0,0.0,-0.052462,0.759617,AUS,ALB,0116
24685,15,4,661,2002.0,21896.0,0.0,1.866997,0.400527,AUT,ALB,0116
24686,39,4,661,2002.0,262571.0,0.0,0.9672360000000001,1.389981,CAN,ALB,0116
24687,58,4,661,2002.0,28820.0,0.0,0.332088,0.50441,CYP,ALB,0116
24688,71,4,661,2002.0,8852.0,0.0,1.054108,1.9357349999999998,ESP,ALB,0116
24689,77,4,661,2002.0,0.0,3514.0,1.648526,0.6870430000000001,FRA,ALB,0116
24690,90,4,661,2002.0,3176.0,0.0,0.20355399999999998,1.4130200000000002,GRC,ALB,0116
24691,111,4,661,2002.0,620375.0,0.0,1.3944219999999998,1.125362,ITA,ALB,0116
24692,32,9,661,2002.0,4865.0,0.0,0.631343,1.249344,BRA,ARM,0116
24693,39,9,661,2002.0,1205.0,0.0,0.9672360000000001,1.389981,CAN,ARM,0116
24694,71,9,661,2002.0,6683.0,0.0,1.054108,1.9357349999999998,ESP,ARM,0116
24695,77,9,661,2002.0,24738.0,0.0,1.648526,0.6870430000000001,FRA,ARM,0116
24696,107,9,661,2002.0,5850.0,0.0,-0.665259,-0.840274,IRN,ARM,0116
24697,111,9,661,2002.0,21540.0,0.0,1.3944219999999998,1.125362,ITA,ARM,0116
24698,177,9,661,2002.0,12056.0,0.0,0.9449299999999999,1.655764,POL,ARM,0116
24699,216,21,661,2002.0,0.0,2435.0,0.513887,1.545967,THA,BFA,0116
24700,153,34,661,2002.0,114389.0,0.0,0.9987159999999999,0.26558200000000004,MYS,BRN,0116
24701,162,34,661,2002.0,34611.0,0.0,1.175777,1.667472,NLD,BRN,0116
24702,192,34,661,2002.0,3114.0,0.0,1.7077209999999998,0.683549,SGP,BRN,0116
24703,231,34,661,2002.0,2704.0,0.0,1.853174,0.120986,USA,BRN,0116
24704,77,50,661,2002.0,32371.0,0.0,1.648526,0.6870430000000001,FRA,COM,0116
24705,106,50,661,2002.0,5002.0,0.0,1.7939310000000002,0.219254,IRL,COM,0116
24706,162,50,661,2002.0,7376.0,0.0,1.175777,1.667472,NLD,COM,0116
24707,39,63,661,2002.0,7834.0,0.0,0.9672360000000001,1.389981,CAN,DMA,0116
24708,231,63,661,2002.0,63950.0,0.0,1.853174,0.120986,USA,DMA,0116
24709,246,63,661,2002.0,0.0,6860.0,0.32760500000000004,2.497746,ZAF,DMA,0116
24710,14,75,661,2002.0,482554.0,0.0,-0.052462,0.759617,AUS,FJI,0116
24711,166,75,661,2002.0,671812.0,0.0,0.370673,0.7853829999999999,NZL,FJI,0116
24712,221,75,661,2002.0,0.0,1424.0,-0.772079,-1.0016479999999999,TON,FJI,0116
24713,77,87,661,2002.0,5109.0,0.0,1.648526,0.6870430000000001,FRA,GMB,0116
24714,162,87,661,2002.0,2643.0,0.0,1.175777,1.667472,NLD,GMB,0116
24715,231,118,661,2002.0,2182.0,0.0,1.853174,0.120986,USA,KHM,0116
24716,7,137,661,2002.0,5111.0,0.0,-0.288838,-0.640049,ARE,MDV,0116
24717,14,137,661,2002.0,12506.0,0.0,-0.052462,0.759617,AUS,MDV,0116
24718,192,137,661,2002.0,18490.0,0.0,1.7077209999999998,0.683549,SGP,MDV,0116
24719,77,148,661,2002.0,0.0,155762.0,1.648526,0.6870430000000001,FRA,MRT,0116
24720,14,151,661,2002.0,797715.0,0.0,-0.052462,0.759617,AUS,MUS,0116
24721,104,151,661,2002.0,49020.0,0.0,0.32974000000000003,2.376477,IND,MUS,0116
24722,106,151,661,2002.0,2348.0,0.0,1.7939310000000002,0.219254,IRL,MUS,0116
24723,166,151,661,2002.0,146200.0,0.0,0.370673,0.7853829999999999,NZL,MUS,0116
24724,246,151,661,2002.0,25243.0,0.0,0.32760500000000004,2.497746,ZAF,MUS,0116
24725,32,154,661,2002.0,9955.0,0.0,0.631343,1.249344,BRA,MYT,0116
24726,71,154,661,2002.0,4387.0,0.0,1.054108,1.9357349999999998,ESP,MYT,0116
24727,77,154,661,2002.0,26243.0,5133.0,1.648526,0.6870430000000001,FRA,MYT,0116
24728,106,154,661,2002.0,6556.0,0.0,1.7939310000000002,0.219254,IRL,MYT,0116
24729,107,154,661,2002.0,10773.0,0.0,-0.665259,-0.840274,IRN,MYT,0116
24730,162,154,661,2002.0,15043.0,0.0,1.175777,1.667472,NLD,MYT,0116
24731,14,156,661,2002.0,47310.0,0.0,-0.052462,0.759617,AUS,NCL,0116
24732,166,156,661,2002.0,55421.0,0.0,0.370673,0.7853829999999999,NZL,NCL,0116
24733,61,196,661,2002.0,6933.0,0.0,2.367856,-2.195331,DEU,SLE,0116
24734,71,196,661,2002.0,1076.0,0.0,1.054108,1.9357349999999998,ESP,SLE,0116
24735,162,196,661,2002.0,12754.0,0.0,1.175777,1.667472,NLD,SLE,0116
24736,147,209,661,2002.0,0.0,14457.0,-1.337891,-1.187073,MOZ,SWZ,0116
24737,246,209,661,2002.0,676438.0,23076.0,0.32760500000000004,2.497746,ZAF,SWZ,0116
24738,7,211,661,2002.0,1211.0,0.0,-0.288838,-0.640049,ARE,SYC,0116
24739,14,211,661,2002.0,420421.0,0.0,-0.052462,0.759617,AUS,SYC,0116
24740,39,211,661,2002.0,31923.0,0.0,0.9672360000000001,1.389981,CAN,SYC,0116
24741,166,211,661,2002.0,118690.0,0.0,0.370673,0.7853829999999999,NZL,SYC,0116
24742,216,211,661,2002.0,8002.0,0.0,0.513887,1.545967,THA,SYC,0116
24743,246,211,661,2002.0,1500.0,0.0,0.32760500000000004,2.497746,ZAF,SYC,0116
24744,14,242,661,2002.0,22059.0,0.0,-0.052462,0.759617,AUS,WSM,0116
24745,14,243,661,2002.0,935157.0,0.0,-0.052462,0.759617,AUS,YEM,0116
24746,73,243,661,2002.0,28283.0,0.0,-1.289118,-1.0291540000000001,ETH,YEM,0116
24747,166,243,661,2002.0,155176.0,0.0,0.370673,0.7853829999999999,NZL,YEM,0116
24748,8,2,661,2002.0,1468802.0,0.0,0.045376,0.71768,ARG,AGO,0116
24749,14,2,661,2002.0,118205.0,0.0,-0.052462,0.759617,AUS,AGO,0116
24750,18,2,661,2002.0,35774.0,0.0,1.424339,1.372755,BEL,AGO,0116
24751,32,2,661,2002.0,156333.0,0.0,0.631343,1.249344,BRA,AGO,0116
24752,61,2,661,2002.0,7000.0,0.0,2.367856,-2.195331,DEU,AGO,0116
24753,64,2,661,2002.0,37300.0,0.0,1.344708,1.321135,DNK,AGO,0116
24754,71,2,661,2002.0,1456.0,0.0,1.054108,1.9357349999999998,ESP,AGO,0116
24755,77,2,661,2002.0,211582.0,0.0,1.648526,0.6870430000000001,FRA,AGO,0116
24756,106,2,661,2002.0,44104.0,0.0,1.7939310000000002,0.219254,IRL,AGO,0116
24757,111,2,661,2002.0,436738.0,0.0,1.3944219999999998,1.125362,ITA,AGO,0116
24758,155,2,661,2002.0,13222.0,0.0,-0.137725,-0.361452,NAM,AGO,0116
24759,162,2,661,2002.0,1449484.0,0.0,1.175777,1.667472,NLD,AGO,0116
24760,179,2,661,2002.0,123899.0,0.0,0.584956,1.377068,PRT,AGO,0116
24761,180,2,661,2002.0,30619.0,0.0,-0.733796,-0.9001530000000001,PRY,AGO,0116
24762,246,2,661,2002.0,197238.0,0.0,0.32760500000000004,2.497746,ZAF,AGO,0116
24763,18,46,661,2002.0,124365.0,0.0,1.424339,1.372755,BEL,COD,0116
24764,39,46,661,2002.0,7729.0,0.0,0.9672360000000001,1.389981,CAN,COD,0116
24765,61,46,661,2002.0,155000.0,0.0,2.367856,-2.195331,DEU,COD,0116
24766,77,46,661,2002.0,21732.0,0.0,1.648526,0.6870430000000001,FRA,COD,0116
24767,111,46,661,2002.0,17586.0,0.0,1.3944219999999998,1.125362,ITA,COD,0116
24768,162,46,661,2002.0,379340.0,0.0,1.175777,1.667472,NLD,COD,0116
24769,246,46,661,2002.0,34747.0,2375.0,0.32760500000000004,2.497746,ZAF,COD,0116
24770,247,46,661,2002.0,20136.0,0.0,-0.840258,-0.639474,ZMB,COD,0116
24771,248,46,661,2002.0,18189.0,0.0,-0.36033000000000004,0.452182,ZWE,COD,0116
24772,8,47,661,2002.0,1472356.0,0.0,0.045376,0.71768,ARG,COG,0116
24773,14,47,661,2002.0,25707.0,0.0,-0.052462,0.759617,AUS,COG,0116
24774,18,47,661,2002.0,220536.0,0.0,1.424339,1.372755,BEL,COG,0116
24775,32,47,661,2002.0,16011.0,0.0,0.631343,1.249344,BRA,COG,0116
24776,61,47,661,2002.0,194000.0,0.0,2.367856,-2.195331,DEU,COG,0116
24777,71,47,661,2002.0,11027.0,0.0,1.054108,1.9357349999999998,ESP,COG,0116
24778,77,47,661,2002.0,562989.0,0.0,1.648526,0.6870430000000001,FRA,COG,0116
24779,111,47,661,2002.0,10447.0,0.0,1.3944219999999998,1.125362,ITA,COG,0116
24780,162,47,661,2002.0,108830.0,0.0,1.175777,1.667472,NLD,COG,0116
24781,166,47,661,2002.0,24108.0,0.0,0.370673,0.7853829999999999,NZL,COG,0116
24782,230,47,661,2002.0,73318.0,0.0,0.048498,0.118565,URY,COG,0116
24783,231,47,661,2002.0,23000.0,0.0,1.853174,0.120986,USA,COG,0116
24784,246,47,661,2002.0,13436.0,0.0,0.32760500000000004,2.497746,ZAF,COG,0116
24785,64,78,661,2002.0,28920.0,0.0,1.344708,1.321135,DNK,FRO,0116
24786,109,78,661,2002.0,94753.0,0.0,0.17011700000000002,-0.33925500000000003,ISL,FRO,0116
24787,8,89,661,2002.0,30320.0,0.0,0.045376,0.71768,ARG,GNQ,0116
24788,18,89,661,2002.0,525085.0,0.0,1.424339,1.372755,BEL,GNQ,0116
24789,61,89,661,2002.0,1000.0,0.0,2.367856,-2.195331,DEU,GNQ,0116
24790,71,89,661,2002.0,6066.0,0.0,1.054108,1.9357349999999998,ESP,GNQ,0116
24791,77,89,661,2002.0,49176.0,0.0,1.648526,0.6870430000000001,FRA,GNQ,0116
24792,162,89,661,2002.0,192119.0,0.0,1.175777,1.667472,NLD,GNQ,0116
24793,18,101,661,2002.0,99156.0,0.0,1.424339,1.372755,BEL,HTI,0116
24794,32,101,661,2002.0,62857.0,0.0,0.631343,1.249344,BRA,HTI,0116
24795,39,101,661,2002.0,1867254.0,0.0,0.9672360000000001,1.389981,CAN,HTI,0116
24796,42,101,661,2002.0,13655.0,0.0,-0.079201,-0.11449200000000001,CHL,HTI,0116
24797,64,101,661,2002.0,27612.0,0.0,1.344708,1.321135,DNK,HTI,0116
24798,77,101,661,2002.0,32166.0,0.0,1.648526,0.6870430000000001,FRA,HTI,0116
24799,106,101,661,2002.0,9442.0,0.0,1.7939310000000002,0.219254,IRL,HTI,0116
24800,208,101,661,2002.0,9256.0,0.0,2.134,0.769413,SWE,HTI,0116
24801,231,101,661,2002.0,858483.0,0.0,1.853174,0.120986,USA,HTI,0116
24802,71,125,661,2002.0,67616.0,0.0,1.054108,1.9357349999999998,ESP,LBR,0116
24803,72,125,661,2002.0,3961.0,0.0,0.576142,1.168563,EST,LBR,0116
24804,111,125,661,2002.0,11829.0,0.0,1.3944219999999998,1.125362,ITA,LBR,0116
24805,162,125,661,2002.0,91040.0,0.0,1.175777,1.667472,NLD,LBR,0116
24806,14,127,661,2002.0,1594.0,0.0,-0.052462,0.759617,AUS,LCA,0116
24807,39,127,661,2002.0,14081.0,0.0,0.9672360000000001,1.389981,CAN,LCA,0116
24808,81,127,661,2002.0,2698.0,0.0,2.067395,0.7934359999999999,GBR,LCA,0116
24809,231,127,661,2002.0,174466.0,0.0,1.853174,0.120986,USA,LCA,0116
24810,246,129,661,2002.0,3110481.0,0.0,0.32760500000000004,2.497746,ZAF,LSO,0116
24811,14,182,661,2002.0,30531.0,0.0,-0.052462,0.759617,AUS,PYF,0116
24812,39,182,661,2002.0,14716.0,0.0,0.9672360000000001,1.389981,CAN,PYF,0116
24813,64,182,661,2002.0,1299.0,0.0,1.344708,1.321135,DNK,PYF,0116
24814,77,182,661,2002.0,61382.0,0.0,1.648526,0.6870430000000001,FRA,PYF,0116
24815,166,182,661,2002.0,779302.0,0.0,0.370673,0.7853829999999999,NZL,PYF,0116
24816,231,182,661,2002.0,26480.0,0.0,1.853174,0.120986,USA,PYF,0116
24817,192,220,661,2002.0,5934.0,0.0,1.7077209999999998,0.683549,SGP,TLS,0116
24818,8,250,661,2002.0,208748.0,0.0,0.045376,0.71768,ARG,ANS,0116
24819,23,250,661,2002.0,19724.0,0.0,0.468058,1.644037,BGR,ANS,0116
24820,24,250,661,2002.0,2470.0,0.0,-0.31754099999999996,-1.099381,BHR,ANS,0116
24821,28,250,661,2002.0,0.0,52875.0,0.865742,1.1823860000000002,BLR,ANS,0116
24822,42,250,661,2002.0,53216.0,0.0,-0.079201,-0.11449200000000001,CHL,ANS,0116
24823,44,250,661,2002.0,0.0,3323.0,-0.803739,-0.752218,CIV,ANS,0116
24824,61,250,661,2002.0,28988.0,0.0,2.367856,-2.195331,DEU,ANS,0116
24825,64,250,661,2002.0,0.0,6169.0,1.344708,1.321135,DNK,ANS,0116
24826,71,250,661,2002.0,4982.0,0.0,1.054108,1.9357349999999998,ESP,ANS,0116
24827,72,250,661,2002.0,0.0,394252.0,0.576142,1.168563,EST,ANS,0116
24828,106,250,661,2002.0,52561.0,0.0,1.7939310000000002,0.219254,IRL,ANS,0116
24829,124,250,661,2002.0,30909.0,0.0,0.220906,1.470297,LBN,ANS,0116
24830,132,250,661,2002.0,13798.0,0.0,0.41409799999999997,0.6281680000000001,LVA,ANS,0116
24831,153,250,661,2002.0,0.0,2037.0,0.9987159999999999,0.26558200000000004,MYS,ANS,0116
24832,162,250,661,2002.0,4905.0,0.0,1.175777,1.667472,NLD,ANS,0116
24833,230,250,661,2002.0,4696.0,0.0,0.048498,0.118565,URY,ANS,0116
24834,71,84,661,2002.0,19509.0,0.0,1.054108,1.9357349999999998,ESP,GIB,0116
24835,81,84,661,2002.0,33748.0,0.0,2.067395,0.7934359999999999,GBR,GIB,0116
24836,106,84,661,2002.0,5419.0,0.0,1.7939310000000002,0.219254,IRL,GIB,0116
24837,162,84,661,2002.0,1891.0,0.0,1.175777,1.667472,NLD,GIB,0116
24838,162,219,661,2002.0,294323.0,0.0,1.175777,1.667472,NLD,TKM,0116
24839,231,237,661,2002.0,3060.0,0.0,1.853174,0.120986,USA,VGB,0116
24840,75,221,661,2002.0,1424.0,0.0,-0.788026,-0.432015,FJI,TON,0116
24841,166,221,661,2002.0,6742.0,0.0,0.370673,0.7853829999999999,NZL,TON,0116
24842,166,10,661,2002.0,12751.0,0.0,0.370673,0.7853829999999999,NZL,ASM,0116
24843,61,30,661,2002.0,26000.0,0.0,2.367856,-2.195331,DEU,BMU,0116
24844,166,30,661,2002.0,83216.0,0.0,0.370673,0.7853829999999999,NZL,BMU,0116
24845,77,38,661,2002.0,13824.0,1959.0,1.648526,0.6870430000000001,FRA,CAF,0116
24846,39,57,661,2002.0,10520.0,0.0,0.9672360000000001,1.389981,CAN,CYM,0116
24847,231,57,661,2002.0,24267.0,0.0,1.853174,0.120986,USA,CYM,0116
24848,14,95,661,2002.0,7267.0,0.0,-0.052462,0.759617,AUS,GUM,0116
24849,166,95,661,2002.0,63363.0,0.0,0.370673,0.7853829999999999,NZL,GUM,0116
24850,64,119,661,2002.0,11836.0,0.0,1.344708,1.321135,DNK,KIR,0116
24851,166,123,661,2002.0,13225.0,0.0,0.370673,0.7853829999999999,NZL,LAO,0116
24852,216,123,661,2002.0,11681.0,0.0,0.513887,1.545967,THA,LAO,0116
24853,231,139,661,2002.0,4595.0,0.0,1.853174,0.120986,USA,MHL,0116
24854,43,145,661,2002.0,0.0,50252.0,0.6181220000000001,1.9636759999999998,CHN,MNG,0116
24855,115,145,661,2002.0,0.0,22154.0,-0.100361,-0.502468,KAZ,MNG,0116
24856,121,145,661,2002.0,37886.0,0.0,1.4172719999999999,0.8763139999999999,KOR,MNG,0116
24857,186,145,661,2002.0,0.0,106220.0,0.6051449999999999,0.272307,RUS,MNG,0116
24858,14,146,661,2002.0,4033.0,0.0,-0.052462,0.759617,AUS,MNP,0116
24859,14,158,661,2002.0,2508.0,0.0,-0.052462,0.759617,AUS,NFK,0116
24860,14,165,661,2002.0,22991.0,0.0,-0.052462,0.759617,AUS,NRU,0116
24861,231,175,661,2002.0,4147.0,0.0,1.853174,0.120986,USA,PLW,0116
24862,121,181,661,2002.0,0.0,25435.0,1.4172719999999999,0.8763139999999999,KOR,PSE,0116
24863,80,214,661,2002.0,96120.0,0.0,-1.34341,-1.238593,GAB,TCD,0116
24864,246,214,661,2002.0,1094.0,0.0,0.32760500000000004,2.497746,ZAF,TCD,0116
24865,114,240,661,2002.0,0.0,1464.0,2.7747580000000003,0.43663199999999996,JPN,VUT,0116
24866,77,241,661,2002.0,13965.0,0.0,1.648526,0.6870430000000001,FRA,WLF,0116
24867,166,241,661,2002.0,2698.0,0.0,0.370673,0.7853829999999999,NZL,WLF,0116
24868,61,5,661,2002.0,5080.0,0.0,2.367856,-2.195331,DEU,AND,0116
24869,71,5,661,2002.0,392697.0,1107.0,1.054108,1.9357349999999998,ESP,AND,0116
24870,77,5,661,2002.0,10853.0,0.0,1.648526,0.6870430000000001,FRA,AND,0116
24871,99,5,661,2002.0,0.0,11210.0,-0.637891,-0.564421,HND,AND,0116
24872,231,5,661,2002.0,46307.0,0.0,1.853174,0.120986,USA,AND,0116
24873,64,92,661,2002.0,565849.0,0.0,1.344708,1.321135,DNK,GRL,0116
24874,231,213,661,2002.0,12339.0,0.0,1.853174,0.120986,USA,TCA,0116
24875,39,200,661,2002.0,2925.0,0.0,0.9672360000000001,1.389981,CAN,SPM,0116
24876,162,233,661,2002.0,3781.0,0.0,1.175777,1.667472,NLD,VAT,0116
24877,246,194,661,2002.0,19747.0,0.0,0.32760500000000004,2.497746,ZAF,SHN,0116
24878,3,6,666,2002.0,0.0,5710.0,1.822725,0.45911899999999994,AIA,ANT,0142
24879,32,6,666,2002.0,134736.0,0.0,0.631343,1.249344,BRA,ANT,0142
24880,33,6,666,2002.0,2280.0,0.0,0.547024,-0.004036,BRB,ANT,0142
24881,64,6,666,2002.0,318046.0,0.0,1.344708,1.321135,DNK,ANT,0142
24882,65,6,666,2002.0,23233.0,0.0,-0.43339300000000003,-0.378827,DOM,ANT,0142
24883,71,6,666,2002.0,14083.0,0.0,1.054108,1.9357349999999998,ESP,ANT,0142
24884,81,6,666,2002.0,1027.0,0.0,2.067395,0.7934359999999999,GBR,ANT,0142
24885,111,6,666,2002.0,138290.0,0.0,1.3944219999999998,1.125362,ITA,ANT,0142
24886,112,6,666,2002.0,1903.0,0.0,-0.459541,-0.947443,JAM,ANT,0142
24887,162,6,666,2002.0,843746.0,0.0,1.175777,1.667472,NLD,ANT,0142
24888,179,6,666,2002.0,15711.0,0.0,0.584956,1.377068,PRT,ANT,0142
24889,222,6,666,2002.0,5622.0,0.0,-0.056315,-0.803537,TTO,ANT,0142
24890,231,6,666,2002.0,386226.0,0.0,1.853174,0.120986,USA,ANT,0142
24891,236,6,666,2002.0,2374.0,0.0,-0.008877,-0.753486,VEN,ANT,0142
24892,23,13,666,2002.0,2070.0,0.0,0.468058,1.644037,BGR,ATG,0142
24893,33,13,666,2002.0,36927.0,0.0,0.547024,-0.004036,BRB,ATG,0142
24894,39,13,666,2002.0,3843.0,0.0,0.9672360000000001,1.389981,CAN,ATG,0142
24895,63,13,666,2002.0,0.0,1698.0,0.212137,-0.112873,DMA,ATG,0142
24896,64,13,666,2002.0,102183.0,0.0,1.344708,1.321135,DNK,ATG,0142
24897,72,13,666,2002.0,5117.0,0.0,0.576142,1.168563,EST,ATG,0142
24898,111,13,666,2002.0,1024.0,0.0,1.3944219999999998,1.125362,ITA,ATG,0142
24899,112,13,666,2002.0,18910.0,0.0,-0.459541,-0.947443,JAM,ATG,0142
24900,222,13,666,2002.0,28683.0,0.0,-0.056315,-0.803537,TTO,ATG,0142
24901,231,13,666,2002.0,265873.0,0.0,1.853174,0.120986,USA,ATG,0142
24902,7,15,666,2002.0,0.0,131999.0,-0.288838,-0.640049,ARE,AUT,0142
24903,9,15,666,2002.0,0.0,36394.0,0.66447,-0.08317000000000001,ARM,AUT,0142
24904,16,15,666,2002.0,0.0,26380.0,-0.566735,-1.003158,AZE,AUT,0142
24905,18,15,666,2002.0,48720.0,153434.0,1.424339,1.372755,BEL,AUT,0142
24906,23,15,666,2002.0,30233.0,830594.0,0.468058,1.644037,BGR,AUT,0142
24907,24,15,666,2002.0,0.0,8272.0,-0.31754099999999996,-1.099381,BHR,AUT,0142
24908,26,15,666,2002.0,0.0,405578.0,0.223543,0.44595100000000004,BIH,AUT,0142
24909,32,15,666,2002.0,3560.0,0.0,0.631343,1.249344,BRA,AUT,0142
24910,41,15,666,2002.0,0.0,132837.0,2.205507,0.831836,CHE,AUT,0142
24911,59,15,666,2002.0,1720.0,589521.0,1.5835139999999999,0.9563010000000001,CZE,AUT,0142
24912,61,15,666,2002.0,25303148.0,27818290.0,2.367856,-2.195331,DEU,AUT,0142
24913,64,15,666,2002.0,1740.0,0.0,1.344708,1.321135,DNK,AUT,0142
24914,71,15,666,2002.0,1581752.0,26625.0,1.054108,1.9357349999999998,ESP,AUT,0142
24915,72,15,666,2002.0,0.0,22095.0,0.576142,1.168563,EST,AUT,0142
24916,74,15,666,2002.0,0.0,10263.0,1.9545119999999998,1.047515,FIN,AUT,0142
24917,77,15,666,2002.0,489887.0,113008.0,1.648526,0.6870430000000001,FRA,AUT,0142
24918,81,15,666,2002.0,13270.0,107103.0,2.067395,0.7934359999999999,GBR,AUT,0142
24919,82,15,666,2002.0,0.0,1119333.0,0.23526999999999998,-0.156333,GEO,AUT,0142
24920,90,15,666,2002.0,0.0,60211.0,0.20355399999999998,1.4130200000000002,GRC,AUT,0142
24921,97,15,666,2002.0,0.0,28014.0,0.704932,1.291658,HKG,AUT,0142
24922,100,15,666,2002.0,4382.0,1051867.0,0.603546,1.273001,HRV,AUT,0142
24923,102,15,666,2002.0,1869428.0,716856.0,1.232359,1.064425,HUN,AUT,0142
24924,106,15,666,2002.0,0.0,2466.0,1.7939310000000002,0.219254,IRL,AUT,0142
24925,107,15,666,2002.0,1612.0,0.0,-0.665259,-0.840274,IRN,AUT,0142
24926,111,15,666,2002.0,12494258.0,514407.0,1.3944219999999998,1.125362,ITA,AUT,0142
24927,113,15,666,2002.0,0.0,16422.0,0.34023000000000003,0.264754,JOR,AUT,0142
24928,114,15,666,2002.0,0.0,212198.0,2.7747580000000003,0.43663199999999996,JPN,AUT,0142
24929,115,15,666,2002.0,0.0,1357.0,-0.100361,-0.502468,KAZ,AUT,0142
24930,118,15,666,2002.0,0.0,3860.0,-0.8577629999999999,-1.071536,KHM,AUT,0142
24931,124,15,666,2002.0,0.0,42024.0,0.220906,1.470297,LBN,AUT,0142
24932,132,15,666,2002.0,0.0,17291.0,0.41409799999999997,0.6281680000000001,LVA,AUT,0142
24933,135,15,666,2002.0,0.0,279217.0,-0.017383000000000003,0.109124,MDA,AUT,0142
24934,138,15,666,2002.0,1331.0,0.0,1.2677129999999999,0.599314,MEX,AUT,0142
24935,140,15,666,2002.0,7768.0,15368.0,-0.027727999999999996,0.41846400000000006,MKD,AUT,0142
24936,162,15,666,2002.0,103138.0,177882.0,1.175777,1.667472,NLD,AUT,0142
24937,174,15,666,2002.0,0.0,78570.0,0.29601,-0.232513,PHL,AUT,0142
24938,178,15,666,2002.0,0.0,5123.0,0.629678,1.0153780000000001,PRK,AUT,0142
24939,185,15,666,2002.0,0.0,175754.0,0.549227,1.071998,ROU,AUT,0142
24940,186,15,666,2002.0,0.0,839632.0,0.6051449999999999,0.272307,RUS,AUT,0142
24941,189,15,666,2002.0,0.0,287004.0,0.523459,2.58657,SCG,AUT,0142
24942,206,15,666,2002.0,0.0,25734.0,1.269549,1.184774,SVK,AUT,0142
24943,207,15,666,2002.0,0.0,277120.0,1.469681,1.13303,SVN,AUT,0142
24944,208,15,666,2002.0,6336.0,89965.0,2.134,0.769413,SWE,AUT,0142
24945,212,15,666,2002.0,0.0,16243.0,-1.07007,-0.560769,SYR,AUT,0142
24946,219,15,666,2002.0,0.0,21275.0,-0.9178629999999999,-1.202212,TKM,AUT,0142
24947,228,15,666,2002.0,0.0,3203.0,0.575372,1.131722,UKR,AUT,0142
24948,231,15,666,2002.0,0.0,21200.0,1.853174,0.120986,USA,AUT,0142
24949,2,18,666,2002.0,0.0,73654.0,-1.8043639999999999,-1.250642,AGO,BEL,0142
24950,7,18,666,2002.0,0.0,2970.0,-0.288838,-0.640049,ARE,BEL,0142
24951,15,18,666,2002.0,153434.0,48720.0,1.866997,0.400527,AUT,BEL,0142
24952,19,18,666,2002.0,0.0,12456.0,-0.7683840000000001,-0.7984319999999999,BEN,BEL,0142
24953,23,18,666,2002.0,0.0,63073.0,0.468058,1.644037,BGR,BEL,0142
24954,26,18,666,2002.0,0.0,872289.0,0.223543,0.44595100000000004,BIH,BEL,0142
24955,46,18,666,2002.0,0.0,353666.0,-1.218664,-1.1406120000000002,COD,BEL,0142
24956,47,18,666,2002.0,0.0,124312.0,-1.468836,-1.250484,COG,BEL,0142
24957,51,18,666,2002.0,0.0,1374.0,-0.315184,-0.660522,CPV,BEL,0142
24958,54,18,666,2002.0,0.0,23983.0,-0.896759,-1.079825,CUB,BEL,0142
24959,58,18,666,2002.0,0.0,2871.0,0.332088,0.50441,CYP,BEL,0142
24960,59,18,666,2002.0,0.0,269616.0,1.5835139999999999,0.9563010000000001,CZE,BEL,0142
24961,61,18,666,2002.0,27115326.0,11230869.0,2.367856,-2.195331,DEU,BEL,0142
24962,64,18,666,2002.0,486540.0,299989.0,1.344708,1.321135,DNK,BEL,0142
24963,71,18,666,2002.0,6772995.0,616288.0,1.054108,1.9357349999999998,ESP,BEL,0142
24964,72,18,666,2002.0,0.0,23617.0,0.576142,1.168563,EST,BEL,0142
24965,73,18,666,2002.0,0.0,3587.0,-1.289118,-1.0291540000000001,ETH,BEL,0142
24966,74,18,666,2002.0,2895.0,27932.0,1.9545119999999998,1.047515,FIN,BEL,0142
24967,77,18,666,2002.0,34104756.0,7762512.0,1.648526,0.6870430000000001,FRA,BEL,0142
24968,80,18,666,2002.0,0.0,13626.0,-1.34341,-1.238593,GAB,BEL,0142
24969,81,18,666,2002.0,335615.0,7734285.0,2.067395,0.7934359999999999,GBR,BEL,0142
24970,82,18,666,2002.0,0.0,15104.0,0.23526999999999998,-0.156333,GEO,BEL,0142
24971,83,18,666,2002.0,0.0,2597.0,-1.258567,-1.048266,GHA,BEL,0142
24972,87,18,666,2002.0,0.0,15913.0,0.266536,0.20776,GMB,BEL,0142
24973,90,18,666,2002.0,1317.0,734829.0,0.20355399999999998,1.4130200000000002,GRC,BEL,0142
24974,93,18,666,2002.0,0.0,3564.0,-0.49913,-0.038079,GTM,BEL,0142
24975,97,18,666,2002.0,0.0,8530.0,0.704932,1.291658,HKG,BEL,0142
24976,100,18,666,2002.0,0.0,7525.0,0.603546,1.273001,HRV,BEL,0142
24977,102,18,666,2002.0,5204.0,0.0,1.232359,1.064425,HUN,BEL,0142
24978,106,18,666,2002.0,172715.0,271317.0,1.7939310000000002,0.219254,IRL,BEL,0142
24979,110,18,666,2002.0,173479.0,0.0,1.257709,0.8318989999999999,ISR,BEL,0142
24980,111,18,666,2002.0,9925176.0,48629.0,1.3944219999999998,1.125362,ITA,BEL,0142
24981,124,18,666,2002.0,0.0,7280.0,0.220906,1.470297,LBN,BEL,0142
24982,130,18,666,2002.0,0.0,4566.0,0.15796,0.855931,LTU,BEL,0142
24983,131,18,666,2002.0,1155699.0,6320216.0,1.396249,1.153017,LUX,BEL,0142
24984,135,18,666,2002.0,0.0,12083.0,-0.017383000000000003,0.109124,MDA,BEL,0142
24985,140,18,666,2002.0,0.0,552585.0,-0.027727999999999996,0.41846400000000006,MKD,BEL,0142
24986,142,18,666,2002.0,0.0,58347.0,0.901235,-0.140261,MLT,BEL,0142
24987,147,18,666,2002.0,0.0,13922.0,-1.337891,-1.187073,MOZ,BEL,0142
24988,151,18,666,2002.0,0.0,12733.0,-0.382062,-0.379224,MUS,BEL,0142
24989,162,18,666,2002.0,16643085.0,46145004.0,1.175777,1.667472,NLD,BEL,0142
24990,163,18,666,2002.0,14559.0,0.0,0.689588,-0.007016,NOR,BEL,0142
24991,173,18,666,2002.0,0.0,24804.0,-0.456603,0.030838,PER,BEL,0142
24992,177,18,666,2002.0,151267.0,46218.0,0.9449299999999999,1.655764,POL,BEL,0142
24993,179,18,666,2002.0,71633.0,4781.0,0.584956,1.377068,PRT,BEL,0142
24994,182,18,666,2002.0,0.0,2214.0,-0.363179,-0.8967450000000001,PYF,BEL,0142
24995,183,18,666,2002.0,0.0,3696.0,-0.002177,-1.042517,QAT,BEL,0142
24996,185,18,666,2002.0,0.0,5217.0,0.549227,1.071998,ROU,BEL,0142
24997,186,18,666,2002.0,0.0,1273716.0,0.6051449999999999,0.272307,RUS,BEL,0142
24998,191,18,666,2002.0,0.0,1066.0,-0.5424939999999999,-0.554531,SEN,BEL,0142
24999,203,18,666,2002.0,0.0,2012.0,0.767305,-0.0836,STP,BEL,0142
25000,208,18,666,2002.0,88706.0,230478.0,2.134,0.769413,SWE,BEL,0142
25001,228,18,666,2002.0,0.0,380124.0,0.575372,1.131722,UKR,BEL,0142
25002,239,18,666,2002.0,0.0,2532.0,-0.44170699999999996,0.544708,VNM,BEL,0142
25003,246,18,666,2002.0,0.0,1385.0,0.32760500000000004,2.497746,ZAF,BEL,0142
25004,23,25,666,2002.0,1735.0,0.0,0.468058,1.644037,BGR,BHS,0142
25005,39,25,666,2002.0,271318.0,0.0,0.9672360000000001,1.389981,CAN,BHS,0142
25006,64,25,666,2002.0,206157.0,0.0,1.344708,1.321135,DNK,BHS,0142
25007,71,25,666,2002.0,1074.0,0.0,1.054108,1.9357349999999998,ESP,BHS,0142
25008,72,25,666,2002.0,8968.0,0.0,0.576142,1.168563,EST,BHS,0142
25009,77,25,666,2002.0,1672.0,0.0,1.648526,0.6870430000000001,FRA,BHS,0142
25010,106,25,666,2002.0,8468.0,0.0,1.7939310000000002,0.219254,IRL,BHS,0142
25011,112,25,666,2002.0,1532.0,0.0,-0.459541,-0.947443,JAM,BHS,0142
25012,120,25,666,2002.0,5064.0,0.0,0.757789,-0.2968,KNA,BHS,0142
25013,162,25,666,2002.0,14212.0,0.0,1.175777,1.667472,NLD,BHS,0142
25014,177,25,666,2002.0,61000.0,0.0,0.9449299999999999,1.655764,POL,BHS,0142
25015,185,25,666,2002.0,1000.0,0.0,0.549227,1.071998,ROU,BHS,0142
25016,189,25,666,2002.0,0.0,11833.0,0.523459,2.58657,SCG,BHS,0142
25017,231,25,666,2002.0,1920575.0,0.0,1.853174,0.120986,USA,BHS,0142
25018,0,32,666,2002.0,0.0,5912.0,0.27076100000000003,-0.858951,ABW,BRA,0142
25019,2,32,666,2002.0,0.0,1240428.0,-1.8043639999999999,-1.250642,AGO,BRA,0142
25020,4,32,666,2002.0,0.0,2951.0,-0.05800399999999999,0.042254,ALB,BRA,0142
25021,6,32,666,2002.0,0.0,134736.0,0.145946,-0.704052,ANT,BRA,0142
25022,7,32,666,2002.0,0.0,991396.0,-0.288838,-0.640049,ARE,BRA,0142
25023,8,32,666,2002.0,5704.0,5319.0,0.045376,0.71768,ARG,BRA,0142
25024,9,32,666,2002.0,0.0,29483.0,0.66447,-0.08317000000000001,ARM,BRA,0142
25025,15,32,666,2002.0,0.0,3560.0,1.866997,0.400527,AUT,BRA,0142
25026,16,32,666,2002.0,0.0,34146.0,-0.566735,-1.003158,AZE,BRA,0142
25027,22,32,666,2002.0,0.0,5882.0,-0.9509,-1.113308,BGD,BRA,0142
25028,24,32,666,2002.0,0.0,475313.0,-0.31754099999999996,-1.099381,BHR,BRA,0142
25029,31,32,666,2002.0,0.0,42031.0,-0.785592,-0.6761119999999999,BOL,BRA,0142
25030,39,32,666,2002.0,0.0,5186.0,0.9672360000000001,1.389981,CAN,BRA,0142
25031,46,32,666,2002.0,0.0,33593.0,-1.218664,-1.1406120000000002,COD,BRA,0142
25032,47,32,666,2002.0,0.0,66942.0,-1.468836,-1.250484,COG,BRA,0142
25033,51,32,666,2002.0,0.0,14405.0,-0.315184,-0.660522,CPV,BRA,0142
25034,54,32,666,2002.0,0.0,2142008.0,-0.896759,-1.079825,CUB,BRA,0142
25035,57,32,666,2002.0,0.0,67705.0,0.570589,-0.692583,CYM,BRA,0142
25036,61,32,666,2002.0,122813.0,0.0,2.367856,-2.195331,DEU,BRA,0142
25037,64,32,666,2002.0,1197.0,0.0,1.344708,1.321135,DNK,BRA,0142
25038,71,32,666,2002.0,0.0,8891.0,1.054108,1.9357349999999998,ESP,BRA,0142
25039,74,32,666,2002.0,0.0,7658.0,1.9545119999999998,1.047515,FIN,BRA,0142
25040,77,32,666,2002.0,3091.0,417128.0,1.648526,0.6870430000000001,FRA,BRA,0142
25041,82,32,666,2002.0,0.0,314197.0,0.23526999999999998,-0.156333,GEO,BRA,0142
25042,85,32,666,2002.0,0.0,1548.0,-1.684157,-1.256743,GIN,BRA,0142
25043,87,32,666,2002.0,0.0,5642.0,0.266536,0.20776,GMB,BRA,0142
25044,88,32,666,2002.0,0.0,1400.0,-0.30444099999999996,-0.815509,GNB,BRA,0142
25045,91,32,666,2002.0,0.0,8085.0,0.822523,0.032938999999999996,GRD,BRA,0142
25046,96,32,666,2002.0,0.0,3528.0,-1.050604,-0.9015549999999999,GUY,BRA,0142
25047,97,32,666,2002.0,4719.0,77408.0,0.704932,1.291658,HKG,BRA,0142
25048,101,32,666,2002.0,0.0,74120.0,-0.837823,-0.834512,HTI,BRA,0142
25049,102,32,666,2002.0,2431.0,0.0,1.232359,1.064425,HUN,BRA,0142
25050,111,32,666,2002.0,72600.0,0.0,1.3944219999999998,1.125362,ITA,BRA,0142
25051,113,32,666,2002.0,0.0,73000.0,0.34023000000000003,0.264754,JOR,BRA,0142
25052,114,32,666,2002.0,0.0,83412.0,2.7747580000000003,0.43663199999999996,JPN,BRA,0142
25053,121,32,666,2002.0,0.0,18722.0,1.4172719999999999,0.8763139999999999,KOR,BRA,0142
25054,122,32,666,2002.0,0.0,313509.0,-0.794007,-1.192659,KWT,BRA,0142
25055,124,32,666,2002.0,0.0,79976.0,0.220906,1.470297,LBN,BRA,0142
25056,125,32,666,2002.0,0.0,69285.0,-0.683036,-1.158808,LBR,BRA,0142
25057,128,32,666,2002.0,0.0,12610.0,-0.461765,-0.057614,LKA,BRA,0142
25058,137,32,666,2002.0,0.0,55232.0,-1.0471700000000002,-0.976184,MDV,BRA,0142
25059,156,32,666,2002.0,0.0,7350.0,-0.7477739999999999,-1.006248,NCL,BRA,0142
25060,167,32,666,2002.0,0.0,1408363.0,-1.307058,-1.270916,OMN,BRA,0142
25061,178,32,666,2002.0,0.0,18921.0,0.629678,1.0153780000000001,PRK,BRA,0142
25062,179,32,666,2002.0,19068.0,0.0,0.584956,1.377068,PRT,BRA,0142
25063,180,32,666,2002.0,0.0,163350.0,-0.733796,-0.9001530000000001,PRY,BRA,0142
25064,183,32,666,2002.0,0.0,341694.0,-0.002177,-1.042517,QAT,BRA,0142
25065,185,32,666,2002.0,0.0,1612.0,0.549227,1.071998,ROU,BRA,0142
25066,186,32,666,2002.0,0.0,441676.0,0.6051449999999999,0.272307,RUS,BRA,0142
25067,188,32,666,2002.0,0.0,667827.0,0.048764,-0.903125,SAU,BRA,0142
25068,189,32,666,2002.0,0.0,3575.0,0.523459,2.58657,SCG,BRA,0142
25069,196,32,666,2002.0,0.0,38697.0,0.29478899999999997,0.055865,SLE,BRA,0142
25070,205,32,666,2002.0,0.0,142640.0,-1.002898,-0.905595,SUR,BRA,0142
25071,215,32,666,2002.0,0.0,3386.0,-0.688284,-0.5292789999999999,TGO,BRA,0142
25072,230,32,666,2002.0,0.0,68297.0,0.048498,0.118565,URY,BRA,0142
25073,231,32,666,2002.0,3245.0,39486.0,1.853174,0.120986,USA,BRA,0142
25074,243,32,666,2002.0,0.0,10798.0,-1.447637,-1.289748,YEM,BRA,0142
25075,246,32,666,2002.0,0.0,81344.0,0.32760500000000004,2.497746,ZAF,BRA,0142
25076,6,33,666,2002.0,0.0,2280.0,0.145946,-0.704052,ANT,BRB,0142
25077,13,33,666,2002.0,0.0,36927.0,0.23995500000000003,-0.754877,ATG,BRB,0142
25078,29,33,666,2002.0,0.0,94773.0,-0.553335,-0.753058,BLZ,BRB,0142
25079,39,33,666,2002.0,1650.0,0.0,0.9672360000000001,1.389981,CAN,BRB,0142
25080,63,33,666,2002.0,0.0,32183.0,0.212137,-0.112873,DMA,BRB,0142
25081,81,33,666,2002.0,12694.0,0.0,2.067395,0.7934359999999999,GBR,BRB,0142
25082,91,33,666,2002.0,0.0,113379.0,0.822523,0.032938999999999996,GRD,BRB,0142
25083,96,33,666,2002.0,0.0,56422.0,-1.050604,-0.9015549999999999,GUY,BRB,0142
25084,112,33,666,2002.0,63951.0,473400.0,-0.459541,-0.947443,JAM,BRB,0142
25085,120,33,666,2002.0,0.0,6515.0,0.757789,-0.2968,KNA,BRB,0142
25086,127,33,666,2002.0,0.0,63155.0,0.261861,-0.36480999999999997,LCA,BRB,0142
25087,162,33,666,2002.0,19245.0,0.0,1.175777,1.667472,NLD,BRB,0142
25088,205,33,666,2002.0,0.0,22988.0,-1.002898,-0.905595,SUR,BRB,0142
25089,222,33,666,2002.0,29084.0,85897.0,-0.056315,-0.803537,TTO,BRB,0142
25090,231,33,666,2002.0,48730.0,2557.0,1.853174,0.120986,USA,BRB,0142
25091,234,33,666,2002.0,0.0,65779.0,-0.268813,-0.67072,VCT,BRB,0142
25092,0,39,666,2002.0,0.0,75199.0,0.27076100000000003,-0.858951,ABW,CAN,0142
25093,7,39,666,2002.0,0.0,99015.0,-0.288838,-0.640049,ARE,CAN,0142
25094,9,39,666,2002.0,0.0,392344.0,0.66447,-0.08317000000000001,ARM,CAN,0142
25095,13,39,666,2002.0,0.0,3843.0,0.23995500000000003,-0.754877,ATG,CAN,0142
25096,14,39,666,2002.0,0.0,3402.0,-0.052462,0.759617,AUS,CAN,0142
25097,16,39,666,2002.0,0.0,29985.0,-0.566735,-1.003158,AZE,CAN,0142
25098,23,39,666,2002.0,0.0,99572.0,0.468058,1.644037,BGR,CAN,0142
25099,25,39,666,2002.0,0.0,271318.0,0.035127,-0.536416,BHS,CAN,0142
25100,32,39,666,2002.0,5186.0,0.0,0.631343,1.249344,BRA,CAN,0142
25101,33,39,666,2002.0,0.0,1650.0,0.547024,-0.004036,BRB,CAN,0142
25102,42,39,666,2002.0,0.0,8480.0,-0.079201,-0.11449200000000001,CHL,CAN,0142
25103,43,39,666,2002.0,0.0,169769.0,0.6181220000000001,1.9636759999999998,CHN,CAN,0142
25104,54,39,666,2002.0,0.0,857760.0,-0.896759,-1.079825,CUB,CAN,0142
25105,61,39,666,2002.0,42379.0,0.0,2.367856,-2.195331,DEU,CAN,0142
25106,64,39,666,2002.0,32847.0,0.0,1.344708,1.321135,DNK,CAN,0142
25107,65,39,666,2002.0,0.0,23943.0,-0.43339300000000003,-0.378827,DOM,CAN,0142
25108,77,39,666,2002.0,0.0,1675.0,1.648526,0.6870430000000001,FRA,CAN,0142
25109,81,39,666,2002.0,0.0,260207.0,2.067395,0.7934359999999999,GBR,CAN,0142
25110,91,39,666,2002.0,0.0,2806.0,0.822523,0.032938999999999996,GRD,CAN,0142
25111,97,39,666,2002.0,2187.0,190275.0,0.704932,1.291658,HKG,CAN,0142
25112,99,39,666,2002.0,0.0,19336.0,-0.637891,-0.564421,HND,CAN,0142
25113,111,39,666,2002.0,0.0,2181.0,1.3944219999999998,1.125362,ITA,CAN,0142
25114,112,39,666,2002.0,0.0,36029.0,-0.459541,-0.947443,JAM,CAN,0142
25115,114,39,666,2002.0,0.0,6402158.0,2.7747580000000003,0.43663199999999996,JPN,CAN,0142
25116,117,39,666,2002.0,0.0,1693.0,-0.094898,0.235639,KGZ,CAN,0142
25117,120,39,666,2002.0,0.0,1986.0,0.757789,-0.2968,KNA,CAN,0142
25118,121,39,666,2002.0,0.0,50800.0,1.4172719999999999,0.8763139999999999,KOR,CAN,0142
25119,130,39,666,2002.0,0.0,4119.0,0.15796,0.855931,LTU,CAN,0142
25120,138,39,666,2002.0,0.0,55886.0,1.2677129999999999,0.599314,MEX,CAN,0142
25121,153,39,666,2002.0,7585.0,0.0,0.9987159999999999,0.26558200000000004,MYS,CAN,0142
25122,162,39,666,2002.0,0.0,21364.0,1.175777,1.667472,NLD,CAN,0142
25123,166,39,666,2002.0,0.0,59611.0,0.370673,0.7853829999999999,NZL,CAN,0142
25124,174,39,666,2002.0,0.0,31034.0,0.29601,-0.232513,PHL,CAN,0142
25125,179,39,666,2002.0,14993.0,0.0,0.584956,1.377068,PRT,CAN,0142
25126,182,39,666,2002.0,0.0,22853.0,-0.363179,-0.8967450000000001,PYF,CAN,0142
25127,186,39,666,2002.0,0.0,557566.0,0.6051449999999999,0.272307,RUS,CAN,0142
25128,189,39,666,2002.0,0.0,8433.0,0.523459,2.58657,SCG,CAN,0142
25129,192,39,666,2002.0,0.0,33303.0,1.7077209999999998,0.683549,SGP,CAN,0142
25130,200,39,666,2002.0,0.0,1059.0,-0.791918,-0.965751,SPM,CAN,0142
25131,217,39,666,2002.0,0.0,364373.0,-0.8483510000000001,-1.09992,TJK,CAN,0142
25132,219,39,666,2002.0,0.0,66744.0,-0.9178629999999999,-1.202212,TKM,CAN,0142
25133,222,39,666,2002.0,0.0,44167.0,-0.056315,-0.803537,TTO,CAN,0142
25134,224,39,666,2002.0,1808.0,0.0,0.12982,1.8032650000000001,TUR,CAN,0142
25135,231,39,666,2002.0,52296080.0,12933954.0,1.853174,0.120986,USA,CAN,0142
25136,232,39,666,2002.0,0.0,1032290.0,-0.583861,-0.758266,UZB,CAN,0142
25137,234,39,666,2002.0,0.0,1282.0,-0.268813,-0.67072,VCT,CAN,0142
25138,236,39,666,2002.0,0.0,3335.0,-0.008877,-0.753486,VEN,CAN,0142
25139,246,39,666,2002.0,1169.0,0.0,0.32760500000000004,2.497746,ZAF,CAN,0142
25140,249,39,666,2002.0,0.0,128481.0,1.9084720000000002,1.253714,TWN,CAN,0142
25141,9,41,666,2002.0,0.0,9855.0,0.66447,-0.08317000000000001,ARM,CHE,0142
25142,15,41,666,2002.0,132837.0,0.0,1.866997,0.400527,AUT,CHE,0142
25143,61,41,666,2002.0,637623.0,3516.0,2.367856,-2.195331,DEU,CHE,0142
25144,71,41,666,2002.0,141051.0,0.0,1.054108,1.9357349999999998,ESP,CHE,0142
25145,77,41,666,2002.0,779536.0,20284.0,1.648526,0.6870430000000001,FRA,CHE,0142
25146,97,41,666,2002.0,0.0,7045.0,0.704932,1.291658,HKG,CHE,0142
25147,100,41,666,2002.0,7616.0,0.0,0.603546,1.273001,HRV,CHE,0142
25148,102,41,666,2002.0,160436.0,0.0,1.232359,1.064425,HUN,CHE,0142
25149,111,41,666,2002.0,27245792.0,43708.0,1.3944219999999998,1.125362,ITA,CHE,0142
25150,114,41,666,2002.0,0.0,70205.0,2.7747580000000003,0.43663199999999996,JPN,CHE,0142
25151,174,41,666,2002.0,0.0,28639.0,0.29601,-0.232513,PHL,CHE,0142
25152,179,41,666,2002.0,39916.0,0.0,0.584956,1.377068,PRT,CHE,0142
25153,231,41,666,2002.0,4324.0,0.0,1.853174,0.120986,USA,CHE,0142
25154,236,41,666,2002.0,0.0,1250.0,-0.008877,-0.753486,VEN,CHE,0142
25155,31,42,666,2002.0,0.0,13754.0,-0.785592,-0.6761119999999999,BOL,CHL,0142
25156,39,42,666,2002.0,8480.0,0.0,0.9672360000000001,1.389981,CAN,CHL,0142
25157,54,42,666,2002.0,0.0,745603.0,-0.896759,-1.079825,CUB,CHL,0142
25158,64,42,666,2002.0,1396.0,0.0,1.344708,1.321135,DNK,CHL,0142
25159,71,42,666,2002.0,3750.0,0.0,1.054108,1.9357349999999998,ESP,CHL,0142
25160,111,42,666,2002.0,14731.0,0.0,1.3944219999999998,1.125362,ITA,CHL,0142
25161,173,42,666,2002.0,0.0,219793.0,-0.456603,0.030838,PER,CHL,0142
25162,182,42,666,2002.0,0.0,6130.0,-0.363179,-0.8967450000000001,PYF,CHL,0142
25163,231,42,666,2002.0,42260.0,0.0,1.853174,0.120986,USA,CHL,0142
25164,250,42,666,2002.0,0.0,13623.0,0.5979300000000001,-0.497816,ANS,CHL,0142
25165,0,43,666,2002.0,0.0,1974.0,0.27076100000000003,-0.858951,ABW,CHN,0142
25166,14,43,666,2002.0,17821.0,0.0,-0.052462,0.759617,AUS,CHN,0142
25167,34,43,666,2002.0,0.0,2815.0,-1.359507,-1.084339,BRN,CHN,0142
25168,39,43,666,2002.0,169769.0,0.0,0.9672360000000001,1.389981,CAN,CHN,0142
25169,67,43,666,2002.0,0.0,3563.0,-0.973858,-0.8924979999999999,ECU,CHN,0142
25170,72,43,666,2002.0,2512.0,0.0,0.576142,1.168563,EST,CHN,0142
25171,77,43,666,2002.0,10330.0,0.0,1.648526,0.6870430000000001,FRA,CHN,0142
25172,81,43,666,2002.0,4561.0,0.0,2.067395,0.7934359999999999,GBR,CHN,0142
25173,96,43,666,2002.0,0.0,5780.0,-1.050604,-0.9015549999999999,GUY,CHN,0142
25174,97,43,666,2002.0,2632992.0,13874772.0,0.704932,1.291658,HKG,CHN,0142
25175,103,43,666,2002.0,0.0,32432.0,0.098182,1.7305840000000001,IDN,CHN,0142
25176,104,43,666,2002.0,183023.0,0.0,0.32974000000000003,2.376477,IND,CHN,0142
25177,114,43,666,2002.0,0.0,16940888.0,2.7747580000000003,0.43663199999999996,JPN,CHN,0142
25178,121,43,666,2002.0,0.0,36761.0,1.4172719999999999,0.8763139999999999,KOR,CHN,0142
25179,133,43,666,2002.0,0.0,349245.0,0.005082,-0.328658,MAC,CHN,0142
25180,138,43,666,2002.0,0.0,4638.0,1.2677129999999999,0.599314,MEX,CHN,0142
25181,143,43,666,2002.0,0.0,2658.0,-1.251639,-0.994909,MMR,CHN,0142
25182,147,43,666,2002.0,0.0,1152.0,-1.337891,-1.187073,MOZ,CHN,0142
25183,151,43,666,2002.0,0.0,7725.0,-0.382062,-0.379224,MUS,CHN,0142
25184,153,43,666,2002.0,10793.0,67791.0,0.9987159999999999,0.26558200000000004,MYS,CHN,0142
25185,169,43,666,2002.0,0.0,3765.0,0.085746,0.21839,PAN,CHN,0142
25186,173,43,666,2002.0,0.0,11682.0,-0.456603,0.030838,PER,CHN,0142
25187,174,43,666,2002.0,0.0,143053.0,0.29601,-0.232513,PHL,CHN,0142
25188,178,43,666,2002.0,0.0,103843.0,0.629678,1.0153780000000001,PRK,CHN,0142
25189,192,43,666,2002.0,2789.0,94413.0,1.7077209999999998,0.683549,SGP,CHN,0142
25190,231,43,666,2002.0,190641.0,1071.0,1.853174,0.120986,USA,CHN,0142
25191,236,43,666,2002.0,0.0,16980.0,-0.008877,-0.753486,VEN,CHN,0142
25192,239,43,666,2002.0,156998.0,0.0,-0.44170699999999996,0.544708,VNM,CHN,0142
25193,249,43,666,2002.0,46745.0,0.0,1.9084720000000002,1.253714,TWN,CHN,0142
25194,52,49,666,2002.0,91565.0,0.0,0.083983,-0.096237,CRI,COL,0142
25195,61,49,666,2002.0,13812.0,0.0,2.367856,-2.195331,DEU,COL,0142
25196,64,49,666,2002.0,1875.0,0.0,1.344708,1.321135,DNK,COL,0142
25197,67,49,666,2002.0,136546.0,0.0,-0.973858,-0.8924979999999999,ECU,COL,0142
25198,71,49,666,2002.0,42740.0,0.0,1.054108,1.9357349999999998,ESP,COL,0142
25199,77,49,666,2002.0,13993.0,0.0,1.648526,0.6870430000000001,FRA,COL,0142
25200,111,49,666,2002.0,13488.0,0.0,1.3944219999999998,1.125362,ITA,COL,0142
25201,160,49,666,2002.0,0.0,1168.0,-0.634946,-0.37966,NIC,COL,0142
25202,169,49,666,2002.0,0.0,37415.0,0.085746,0.21839,PAN,COL,0142
25203,231,49,666,2002.0,347394.0,0.0,1.853174,0.120986,USA,COL,0142
25204,236,49,666,2002.0,0.0,1110.0,-0.008877,-0.753486,VEN,COL,0142
25205,49,52,666,2002.0,0.0,91565.0,0.219861,0.45238999999999996,COL,CRI,0142
25206,71,52,666,2002.0,30071.0,0.0,1.054108,1.9357349999999998,ESP,CRI,0142
25207,77,52,666,2002.0,2121.0,0.0,1.648526,0.6870430000000001,FRA,CRI,0142
25208,93,52,666,2002.0,0.0,1512.0,-0.49913,-0.038079,GTM,CRI,0142
25209,99,52,666,2002.0,0.0,210383.0,-0.637891,-0.564421,HND,CRI,0142
25210,111,52,666,2002.0,29616.0,0.0,1.3944219999999998,1.125362,ITA,CRI,0142
25211,138,52,666,2002.0,0.0,4080.0,1.2677129999999999,0.599314,MEX,CRI,0142
25212,160,52,666,2002.0,0.0,801822.0,-0.634946,-0.37966,NIC,CRI,0142
25213,169,52,666,2002.0,0.0,43107.0,0.085746,0.21839,PAN,CRI,0142
25214,197,52,666,2002.0,0.0,1291232.0,-0.258579,-0.096214,SLV,CRI,0142
25215,231,52,666,2002.0,343203.0,62723.0,1.853174,0.120986,USA,CRI,0142
25216,18,54,666,2002.0,23983.0,0.0,1.424339,1.372755,BEL,CUB,0142
25217,32,54,666,2002.0,2142008.0,0.0,0.631343,1.249344,BRA,CUB,0142
25218,39,54,666,2002.0,857760.0,0.0,0.9672360000000001,1.389981,CAN,CUB,0142
25219,42,54,666,2002.0,745603.0,0.0,-0.079201,-0.11449200000000001,CHL,CUB,0142
25220,59,54,666,2002.0,1142.0,0.0,1.5835139999999999,0.9563010000000001,CZE,CUB,0142
25221,64,54,666,2002.0,6148.0,0.0,1.344708,1.321135,DNK,CUB,0142
25222,71,54,666,2002.0,984595.0,0.0,1.054108,1.9357349999999998,ESP,CUB,0142
25223,77,54,666,2002.0,35250.0,0.0,1.648526,0.6870430000000001,FRA,CUB,0142
25224,111,54,666,2002.0,35794.0,0.0,1.3944219999999998,1.125362,ITA,CUB,0142
25225,138,54,666,2002.0,301387.0,0.0,1.2677129999999999,0.599314,MEX,CUB,0142
25226,162,54,666,2002.0,69894.0,0.0,1.175777,1.667472,NLD,CUB,0142
25227,179,54,666,2002.0,18183.0,0.0,0.584956,1.377068,PRT,CUB,0142
25228,1,61,666,2002.0,0.0,143000.0,-0.11885899999999999,-0.346093,AFG,DEU,0142
25229,4,61,666,2002.0,0.0,7117.0,-0.05800399999999999,0.042254,ALB,DEU,0142
25230,5,61,666,2002.0,0.0,93634.0,1.3229389999999999,0.9635950000000001,AND,DEU,0142
25231,7,61,666,2002.0,0.0,69997.0,-0.288838,-0.640049,ARE,DEU,0142
25232,9,61,666,2002.0,0.0,7893.0,0.66447,-0.08317000000000001,ARM,DEU,0142
25233,15,61,666,2002.0,27818290.0,25303148.0,1.866997,0.400527,AUT,DEU,0142
25234,16,61,666,2002.0,0.0,20336.0,-0.566735,-1.003158,AZE,DEU,0142
25235,18,61,666,2002.0,11230869.0,27115326.0,1.424339,1.372755,BEL,DEU,0142
25236,22,61,666,2002.0,0.0,5323.0,-0.9509,-1.113308,BGD,DEU,0142
25237,23,61,666,2002.0,0.0,8775.0,0.468058,1.644037,BGR,DEU,0142
25238,24,61,666,2002.0,0.0,9567.0,-0.31754099999999996,-1.099381,BHR,DEU,0142
25239,26,61,666,2002.0,0.0,457000.0,0.223543,0.44595100000000004,BIH,DEU,0142
25240,32,61,666,2002.0,0.0,122813.0,0.631343,1.249344,BRA,DEU,0142
25241,39,61,666,2002.0,0.0,42379.0,0.9672360000000001,1.389981,CAN,DEU,0142
25242,41,61,666,2002.0,3516.0,637623.0,2.205507,0.831836,CHE,DEU,0142
25243,49,61,666,2002.0,0.0,13812.0,0.219861,0.45238999999999996,COL,DEU,0142
25244,58,61,666,2002.0,0.0,23956.0,0.332088,0.50441,CYP,DEU,0142
25245,59,61,666,2002.0,11117.0,1664208.0,1.5835139999999999,0.9563010000000001,CZE,DEU,0142
25246,64,61,666,2002.0,3729845.0,12052764.0,1.344708,1.321135,DNK,DEU,0142
25247,65,61,666,2002.0,0.0,3467.0,-0.43339300000000003,-0.378827,DOM,DEU,0142
25248,67,61,666,2002.0,0.0,4486.0,-0.973858,-0.8924979999999999,ECU,DEU,0142
25249,68,61,666,2002.0,3304.0,0.0,-0.37218,0.634319,EGY,DEU,0142
25250,69,61,666,2002.0,5143.0,1000.0,1.019399,0.23989899999999997,ERI,DEU,0142
25251,71,61,666,2002.0,7178384.0,13506317.0,1.054108,1.9357349999999998,ESP,DEU,0142
25252,72,61,666,2002.0,12277.0,0.0,0.576142,1.168563,EST,DEU,0142
25253,74,61,666,2002.0,1609.0,2210426.0,1.9545119999999998,1.047515,FIN,DEU,0142
25254,77,61,666,2002.0,35080164.0,32585596.0,1.648526,0.6870430000000001,FRA,DEU,0142
25255,78,61,666,2002.0,0.0,2028.0,-0.33811399999999997,-0.8092050000000001,FRO,DEU,0142
25256,81,61,666,2002.0,406792.0,47574432.0,2.067395,0.7934359999999999,GBR,DEU,0142
25257,82,61,666,2002.0,0.0,17379.0,0.23526999999999998,-0.156333,GEO,DEU,0142
25258,90,61,666,2002.0,239494.0,10132344.0,0.20355399999999998,1.4130200000000002,GRC,DEU,0142
25259,91,61,666,2002.0,0.0,2230.0,0.822523,0.032938999999999996,GRD,DEU,0142
25260,97,61,666,2002.0,0.0,167438.0,0.704932,1.291658,HKG,DEU,0142
25261,99,61,666,2002.0,0.0,1757.0,-0.637891,-0.564421,HND,DEU,0142
25262,100,61,666,2002.0,19663.0,120382.0,0.603546,1.273001,HRV,DEU,0142
25263,102,61,666,2002.0,22648720.0,232575.0,1.232359,1.064425,HUN,DEU,0142
25264,103,61,666,2002.0,22210.0,14963.0,0.098182,1.7305840000000001,IDN,DEU,0142
25265,104,61,666,2002.0,0.0,30235.0,0.32974000000000003,2.376477,IND,DEU,0142
25266,106,61,666,2002.0,1394262.0,2462657.0,1.7939310000000002,0.219254,IRL,DEU,0142
25267,107,61,666,2002.0,1668.0,0.0,-0.665259,-0.840274,IRN,DEU,0142
25268,109,61,666,2002.0,0.0,14585.0,0.17011700000000002,-0.33925500000000003,ISL,DEU,0142
25269,111,61,666,2002.0,40856432.0,12683770.0,1.3944219999999998,1.125362,ITA,DEU,0142
25270,113,61,666,2002.0,0.0,12066.0,0.34023000000000003,0.264754,JOR,DEU,0142
25271,114,61,666,2002.0,3193.0,206337.0,2.7747580000000003,0.43663199999999996,JPN,DEU,0142
25272,115,61,666,2002.0,0.0,4778.0,-0.100361,-0.502468,KAZ,DEU,0142
25273,121,61,666,2002.0,0.0,2854.0,1.4172719999999999,0.8763139999999999,KOR,DEU,0142
25274,122,61,666,2002.0,0.0,32778.0,-0.794007,-1.192659,KWT,DEU,0142
25275,124,61,666,2002.0,0.0,201720.0,0.220906,1.470297,LBN,DEU,0142
25276,130,61,666,2002.0,1912.0,0.0,0.15796,0.855931,LTU,DEU,0142
25277,131,61,666,2002.0,80317.0,1008327.0,1.396249,1.153017,LUX,DEU,0142
25278,137,61,666,2002.0,0.0,25912.0,-1.0471700000000002,-0.976184,MDV,DEU,0142
25279,138,61,666,2002.0,3357.0,2907.0,1.2677129999999999,0.599314,MEX,DEU,0142
25280,140,61,666,2002.0,0.0,14244.0,-0.027727999999999996,0.41846400000000006,MKD,DEU,0142
25281,142,61,666,2002.0,0.0,112956.0,0.901235,-0.140261,MLT,DEU,0142
25282,145,61,666,2002.0,0.0,9000.0,-0.711096,-0.9835799999999999,MNG,DEU,0142
25283,153,61,666,2002.0,0.0,77860.0,0.9987159999999999,0.26558200000000004,MYS,DEU,0142
25284,156,61,666,2002.0,0.0,17385.0,-0.7477739999999999,-1.006248,NCL,DEU,0142
25285,162,61,666,2002.0,10228887.0,35205064.0,1.175777,1.667472,NLD,DEU,0142
25286,163,61,666,2002.0,14788.0,10625.0,0.689588,-0.007016,NOR,DEU,0142
25287,167,61,666,2002.0,0.0,32563.0,-1.307058,-1.270916,OMN,DEU,0142
25288,168,61,666,2002.0,0.0,1000.0,-0.7574069999999999,-0.403427,PAK,DEU,0142
25289,174,61,666,2002.0,1393.0,37145.0,0.29601,-0.232513,PHL,DEU,0142
25290,177,61,666,2002.0,2074529.0,3442206.0,0.9449299999999999,1.655764,POL,DEU,0142
25291,178,61,666,2002.0,0.0,3000.0,0.629678,1.0153780000000001,PRK,DEU,0142
25292,179,61,666,2002.0,104009.0,11180186.0,0.584956,1.377068,PRT,DEU,0142
25293,185,61,666,2002.0,0.0,201140.0,0.549227,1.071998,ROU,DEU,0142
25294,186,61,666,2002.0,0.0,949134.0,0.6051449999999999,0.272307,RUS,DEU,0142
25295,188,61,666,2002.0,0.0,28282.0,0.048764,-0.903125,SAU,DEU,0142
25296,189,61,666,2002.0,0.0,66012.0,0.523459,2.58657,SCG,DEU,0142
25297,192,61,666,2002.0,0.0,59543.0,1.7077209999999998,0.683549,SGP,DEU,0142
25298,206,61,666,2002.0,0.0,68591.0,1.269549,1.184774,SVK,DEU,0142
25299,207,61,666,2002.0,53841.0,0.0,1.469681,1.13303,SVN,DEU,0142
25300,208,61,666,2002.0,882574.0,7561724.0,2.134,0.769413,SWE,DEU,0142
25301,212,61,666,2002.0,0.0,2422.0,-1.07007,-0.560769,SYR,DEU,0142
25302,215,61,666,2002.0,0.0,9878.0,-0.688284,-0.5292789999999999,TGO,DEU,0142
25303,224,61,666,2002.0,7745.0,21797.0,0.12982,1.8032650000000001,TUR,DEU,0142
25304,229,61,666,2002.0,0.0,4000.0,0.613889,-0.1748,UMI,DEU,0142
25305,231,61,666,2002.0,12160.0,256084.0,1.853174,0.120986,USA,DEU,0142
25306,234,61,666,2002.0,0.0,2985.0,-0.268813,-0.67072,VCT,DEU,0142
25307,236,61,666,2002.0,0.0,7033.0,-0.008877,-0.753486,VEN,DEU,0142
25308,239,61,666,2002.0,22840.0,2342.0,-0.44170699999999996,0.544708,VNM,DEU,0142
25309,246,61,666,2002.0,0.0,2893.0,0.32760500000000004,2.497746,ZAF,DEU,0142
25310,249,61,666,2002.0,0.0,54475.0,1.9084720000000002,1.253714,TWN,DEU,0142
25311,250,61,666,2002.0,0.0,140943.0,0.5979300000000001,-0.497816,ANS,DEU,0142
25312,0,64,666,2002.0,0.0,97130.0,0.27076100000000003,-0.858951,ABW,DNK,0142
25313,2,64,666,2002.0,0.0,7107.0,-1.8043639999999999,-1.250642,AGO,DNK,0142
25314,4,64,666,2002.0,0.0,2852.0,-0.05800399999999999,0.042254,ALB,DNK,0142
25315,5,64,666,2002.0,0.0,3890.0,1.3229389999999999,0.9635950000000001,AND,DNK,0142
25316,6,64,666,2002.0,0.0,318046.0,0.145946,-0.704052,ANT,DNK,0142
25317,7,64,666,2002.0,0.0,3162137.0,-0.288838,-0.640049,ARE,DNK,0142
25318,9,64,666,2002.0,0.0,362088.0,0.66447,-0.08317000000000001,ARM,DNK,0142
25319,13,64,666,2002.0,0.0,102183.0,0.23995500000000003,-0.754877,ATG,DNK,0142
25320,14,64,666,2002.0,0.0,5365.0,-0.052462,0.759617,AUS,DNK,0142
25321,15,64,666,2002.0,0.0,1740.0,1.866997,0.400527,AUT,DNK,0142
25322,16,64,666,2002.0,0.0,238072.0,-0.566735,-1.003158,AZE,DNK,0142
25323,18,64,666,2002.0,299989.0,486540.0,1.424339,1.372755,BEL,DNK,0142
25324,22,64,666,2002.0,0.0,6533.0,-0.9509,-1.113308,BGD,DNK,0142
25325,23,64,666,2002.0,0.0,255274.0,0.468058,1.644037,BGR,DNK,0142
25326,24,64,666,2002.0,0.0,221754.0,-0.31754099999999996,-1.099381,BHR,DNK,0142
25327,25,64,666,2002.0,0.0,206157.0,0.035127,-0.536416,BHS,DNK,0142
25328,26,64,666,2002.0,0.0,1367004.0,0.223543,0.44595100000000004,BIH,DNK,0142
25329,29,64,666,2002.0,0.0,63252.0,-0.553335,-0.753058,BLZ,DNK,0142
25330,32,64,666,2002.0,0.0,1197.0,0.631343,1.249344,BRA,DNK,0142
25331,39,64,666,2002.0,0.0,32847.0,0.9672360000000001,1.389981,CAN,DNK,0142
25332,42,64,666,2002.0,0.0,1396.0,-0.079201,-0.11449200000000001,CHL,DNK,0142
25333,46,64,666,2002.0,0.0,15170.0,-1.218664,-1.1406120000000002,COD,DNK,0142
25334,49,64,666,2002.0,0.0,1875.0,0.219861,0.45238999999999996,COL,DNK,0142
25335,51,64,666,2002.0,0.0,2056.0,-0.315184,-0.660522,CPV,DNK,0142
25336,54,64,666,2002.0,0.0,6148.0,-0.896759,-1.079825,CUB,DNK,0142
25337,58,64,666,2002.0,0.0,51174.0,0.332088,0.50441,CYP,DNK,0142
25338,59,64,666,2002.0,0.0,89847.0,1.5835139999999999,0.9563010000000001,CZE,DNK,0142
25339,61,64,666,2002.0,12052764.0,3729845.0,2.367856,-2.195331,DEU,DNK,0142
25340,63,64,666,2002.0,0.0,109091.0,0.212137,-0.112873,DMA,DNK,0142
25341,66,64,666,2002.0,0.0,1026381.0,-0.9281389999999999,-1.19549,DZA,DNK,0142
25342,68,64,666,2002.0,0.0,11237.0,-0.37218,0.634319,EGY,DNK,0142
25343,71,64,666,2002.0,791024.0,3263143.0,1.054108,1.9357349999999998,ESP,DNK,0142
25344,72,64,666,2002.0,8979.0,2078392.0,0.576142,1.168563,EST,DNK,0142
25345,74,64,666,2002.0,153198.0,1008066.0,1.9545119999999998,1.047515,FIN,DNK,0142
25346,77,64,666,2002.0,218049.0,13247900.0,1.648526,0.6870430000000001,FRA,DNK,0142
25347,78,64,666,2002.0,0.0,1015246.0,-0.33811399999999997,-0.8092050000000001,FRO,DNK,0142
25348,81,64,666,2002.0,93061.0,24139094.0,2.067395,0.7934359999999999,GBR,DNK,0142
25349,82,64,666,2002.0,0.0,251304.0,0.23526999999999998,-0.156333,GEO,DNK,0142
25350,83,64,666,2002.0,0.0,52696.0,-1.258567,-1.048266,GHA,DNK,0142
25351,84,64,666,2002.0,0.0,1641.0,0.404483,-0.313042,GIB,DNK,0142
25352,85,64,666,2002.0,0.0,17328.0,-1.684157,-1.256743,GIN,DNK,0142
25353,87,64,666,2002.0,0.0,5007.0,0.266536,0.20776,GMB,DNK,0142
25354,90,64,666,2002.0,20953.0,972186.0,0.20355399999999998,1.4130200000000002,GRC,DNK,0142
25355,91,64,666,2002.0,0.0,267623.0,0.822523,0.032938999999999996,GRD,DNK,0142
25356,92,64,666,2002.0,0.0,2051034.0,-0.514411,-0.87766,GRL,DNK,0142
25357,95,64,666,2002.0,0.0,28945.0,-0.5440229999999999,-0.929201,GUM,DNK,0142
25358,97,64,666,2002.0,0.0,452856.0,0.704932,1.291658,HKG,DNK,0142
25359,100,64,666,2002.0,0.0,472877.0,0.603546,1.273001,HRV,DNK,0142
25360,101,64,666,2002.0,0.0,6002.0,-0.837823,-0.834512,HTI,DNK,0142
25361,102,64,666,2002.0,70565.0,0.0,1.232359,1.064425,HUN,DNK,0142
25362,103,64,666,2002.0,0.0,7944.0,0.098182,1.7305840000000001,IDN,DNK,0142
25363,104,64,666,2002.0,0.0,19929.0,0.32974000000000003,2.376477,IND,DNK,0142
25364,106,64,666,2002.0,105317.0,1268024.0,1.7939310000000002,0.219254,IRL,DNK,0142
25365,109,64,666,2002.0,0.0,34635.0,0.17011700000000002,-0.33925500000000003,ISL,DNK,0142
25366,111,64,666,2002.0,1475917.0,228841.0,1.3944219999999998,1.125362,ITA,DNK,0142
25367,113,64,666,2002.0,0.0,60340.0,0.34023000000000003,0.264754,JOR,DNK,0142
25368,114,64,666,2002.0,0.0,4192243.0,2.7747580000000003,0.43663199999999996,JPN,DNK,0142
25369,115,64,666,2002.0,0.0,16327.0,-0.100361,-0.502468,KAZ,DNK,0142
25370,117,64,666,2002.0,0.0,4933.0,-0.094898,0.235639,KGZ,DNK,0142
25371,118,64,666,2002.0,0.0,4557.0,-0.8577629999999999,-1.071536,KHM,DNK,0142
25372,120,64,666,2002.0,0.0,72295.0,0.757789,-0.2968,KNA,DNK,0142
25373,121,64,666,2002.0,0.0,336013.0,1.4172719999999999,0.8763139999999999,KOR,DNK,0142
25374,122,64,666,2002.0,0.0,518662.0,-0.794007,-1.192659,KWT,DNK,0142
25375,124,64,666,2002.0,0.0,1135520.0,0.220906,1.470297,LBN,DNK,0142
25376,125,64,666,2002.0,0.0,33389.0,-0.683036,-1.158808,LBR,DNK,0142
25377,127,64,666,2002.0,0.0,23683.0,0.261861,-0.36480999999999997,LCA,DNK,0142
25378,128,64,666,2002.0,0.0,8620.0,-0.461765,-0.057614,LKA,DNK,0142
25379,131,64,666,2002.0,0.0,13657.0,1.396249,1.153017,LUX,DNK,0142
25380,132,64,666,2002.0,0.0,34602.0,0.41409799999999997,0.6281680000000001,LVA,DNK,0142
25381,133,64,666,2002.0,0.0,14046.0,0.005082,-0.328658,MAC,DNK,0142
25382,134,64,666,2002.0,0.0,27930.0,-0.690226,-0.42557,MAR,DNK,0142
25383,137,64,666,2002.0,0.0,1090.0,-1.0471700000000002,-0.976184,MDV,DNK,0142
25384,138,64,666,2002.0,0.0,12610.0,1.2677129999999999,0.599314,MEX,DNK,0142
25385,140,64,666,2002.0,0.0,50994.0,-0.027727999999999996,0.41846400000000006,MKD,DNK,0142
25386,142,64,666,2002.0,0.0,576780.0,0.901235,-0.140261,MLT,DNK,0142
25387,149,64,666,2002.0,0.0,6961.0,1.6121860000000001,0.078151,MSR,DNK,0142
25388,151,64,666,2002.0,0.0,192829.0,-0.382062,-0.379224,MUS,DNK,0142
25389,152,64,666,2002.0,0.0,2832.0,-1.431612,-1.234903,MWI,DNK,0142
25390,153,64,666,2002.0,0.0,2600332.0,0.9987159999999999,0.26558200000000004,MYS,DNK,0142
25391,156,64,666,2002.0,0.0,367161.0,-0.7477739999999999,-1.006248,NCL,DNK,0142
25392,159,64,666,2002.0,0.0,24380.0,-1.705991,-1.292926,NGA,DNK,0142
25393,162,64,666,2002.0,68026.0,481143.0,1.175777,1.667472,NLD,DNK,0142
25394,163,64,666,2002.0,455658.0,286736.0,0.689588,-0.007016,NOR,DNK,0142
25395,164,64,666,2002.0,0.0,4014.0,-0.065582,0.464797,NPL,DNK,0142
25396,167,64,666,2002.0,0.0,325159.0,-1.307058,-1.270916,OMN,DNK,0142
25397,173,64,666,2002.0,0.0,37361.0,-0.456603,0.030838,PER,DNK,0142
25398,174,64,666,2002.0,0.0,42124.0,0.29601,-0.232513,PHL,DNK,0142
25399,176,64,666,2002.0,0.0,14040.0,-1.430299,-1.172593,PNG,DNK,0142
25400,177,64,666,2002.0,11329.0,12927.0,0.9449299999999999,1.655764,POL,DNK,0142
25401,179,64,666,2002.0,6091.0,213320.0,0.584956,1.377068,PRT,DNK,0142
25402,182,64,666,2002.0,0.0,73919.0,-0.363179,-0.8967450000000001,PYF,DNK,0142
25403,183,64,666,2002.0,0.0,110250.0,-0.002177,-1.042517,QAT,DNK,0142
25404,185,64,666,2002.0,0.0,3249.0,0.549227,1.071998,ROU,DNK,0142
25405,186,64,666,2002.0,0.0,4677122.0,0.6051449999999999,0.272307,RUS,DNK,0142
25406,188,64,666,2002.0,0.0,731292.0,0.048764,-0.903125,SAU,DNK,0142
25407,189,64,666,2002.0,0.0,6802.0,0.523459,2.58657,SCG,DNK,0142
25408,192,64,666,2002.0,0.0,1901576.0,1.7077209999999998,0.683549,SGP,DNK,0142
25409,196,64,666,2002.0,0.0,28510.0,0.29478899999999997,0.055865,SLE,DNK,0142
25410,197,64,666,2002.0,0.0,2752.0,-0.258579,-0.096214,SLV,DNK,0142
25411,205,64,666,2002.0,0.0,88050.0,-1.002898,-0.905595,SUR,DNK,0142
25412,208,64,666,2002.0,478678.0,14796094.0,2.134,0.769413,SWE,DNK,0142
25413,216,64,666,2002.0,0.0,1282.0,0.513887,1.545967,THA,DNK,0142
25414,223,64,666,2002.0,0.0,3017.0,0.059876,0.369032,TUN,DNK,0142
25415,224,64,666,2002.0,0.0,158870.0,0.12982,1.8032650000000001,TUR,DNK,0142
25416,228,64,666,2002.0,0.0,497573.0,0.575372,1.131722,UKR,DNK,0142
25417,231,64,666,2002.0,2394.0,3326426.0,1.853174,0.120986,USA,DNK,0142
25418,232,64,666,2002.0,0.0,11000.0,-0.583861,-0.758266,UZB,DNK,0142
25419,234,64,666,2002.0,0.0,151262.0,-0.268813,-0.67072,VCT,DNK,0142
25420,239,64,666,2002.0,9078.0,15907.0,-0.44170699999999996,0.544708,VNM,DNK,0142
25421,243,64,666,2002.0,0.0,34352.0,-1.447637,-1.289748,YEM,DNK,0142
25422,250,64,666,2002.0,307844.0,934386.0,0.5979300000000001,-0.497816,ANS,DNK,0142
25423,6,65,666,2002.0,0.0,23233.0,0.145946,-0.704052,ANT,DOM,0142
25424,39,65,666,2002.0,23943.0,0.0,0.9672360000000001,1.389981,CAN,DOM,0142
25425,61,65,666,2002.0,3467.0,0.0,2.367856,-2.195331,DEU,DOM,0142
25426,71,65,666,2002.0,3440.0,0.0,1.054108,1.9357349999999998,ESP,DOM,0142
25427,101,65,666,2002.0,0.0,430766.0,-0.837823,-0.834512,HTI,DOM,0142
25428,112,65,666,2002.0,2869.0,0.0,-0.459541,-0.947443,JAM,DOM,0142
25429,213,65,666,2002.0,0.0,2415.0,0.849978,0.260833,TCA,DOM,0142
25430,231,65,666,2002.0,1827777.0,0.0,1.853174,0.120986,USA,DOM,0142
25431,43,67,666,2002.0,3563.0,0.0,0.6181220000000001,1.9636759999999998,CHN,ECU,0142
25432,49,67,666,2002.0,0.0,136546.0,0.219861,0.45238999999999996,COL,ECU,0142
25433,61,67,666,2002.0,4486.0,0.0,2.367856,-2.195331,DEU,ECU,0142
25434,71,67,666,2002.0,14351.0,0.0,1.054108,1.9357349999999998,ESP,ECU,0142
25435,111,67,666,2002.0,7402.0,0.0,1.3944219999999998,1.125362,ITA,ECU,0142
25436,162,67,666,2002.0,1171.0,0.0,1.175777,1.667472,NLD,ECU,0142
25437,190,67,666,2002.0,0.0,8141.0,-1.336665,-1.19919,SDN,ECU,0142
25438,196,67,666,2002.0,0.0,2661.0,0.29478899999999997,0.055865,SLE,ECU,0142
25439,231,67,666,2002.0,35775.0,5525.0,1.853174,0.120986,USA,ECU,0142
25440,5,71,666,2002.0,2189.0,3073607.0,1.3229389999999999,0.9635950000000001,AND,ESP,0142
25441,6,71,666,2002.0,0.0,14083.0,0.145946,-0.704052,ANT,ESP,0142
25442,15,71,666,2002.0,26625.0,1581752.0,1.866997,0.400527,AUT,ESP,0142
25443,16,71,666,2002.0,0.0,45652.0,-0.566735,-1.003158,AZE,ESP,0142
25444,18,71,666,2002.0,616288.0,6772995.0,1.424339,1.372755,BEL,ESP,0142
25445,23,71,666,2002.0,0.0,452319.0,0.468058,1.644037,BGR,ESP,0142
25446,25,71,666,2002.0,0.0,1074.0,0.035127,-0.536416,BHS,ESP,0142
25447,26,71,666,2002.0,0.0,26542.0,0.223543,0.44595100000000004,BIH,ESP,0142
25448,32,71,666,2002.0,8891.0,0.0,0.631343,1.249344,BRA,ESP,0142
25449,41,71,666,2002.0,0.0,141051.0,2.205507,0.831836,CHE,ESP,0142
25450,42,71,666,2002.0,0.0,3750.0,-0.079201,-0.11449200000000001,CHL,ESP,0142
25451,49,71,666,2002.0,0.0,42740.0,0.219861,0.45238999999999996,COL,ESP,0142
25452,51,71,666,2002.0,0.0,5831.0,-0.315184,-0.660522,CPV,ESP,0142
25453,52,71,666,2002.0,0.0,30071.0,0.083983,-0.096237,CRI,ESP,0142
25454,54,71,666,2002.0,0.0,984595.0,-0.896759,-1.079825,CUB,ESP,0142
25455,58,71,666,2002.0,0.0,28974.0,0.332088,0.50441,CYP,ESP,0142
25456,59,71,666,2002.0,0.0,319275.0,1.5835139999999999,0.9563010000000001,CZE,ESP,0142
25457,61,71,666,2002.0,13506317.0,7178384.0,2.367856,-2.195331,DEU,ESP,0142
25458,64,71,666,2002.0,3263143.0,791024.0,1.344708,1.321135,DNK,ESP,0142
25459,65,71,666,2002.0,0.0,3440.0,-0.43339300000000003,-0.378827,DOM,ESP,0142
25460,66,71,666,2002.0,0.0,81536.0,-0.9281389999999999,-1.19549,DZA,ESP,0142
25461,67,71,666,2002.0,0.0,14351.0,-0.973858,-0.8924979999999999,ECU,ESP,0142
25462,74,71,666,2002.0,12901.0,93253.0,1.9545119999999998,1.047515,FIN,ESP,0142
25463,77,71,666,2002.0,1162821.0,23150390.0,1.648526,0.6870430000000001,FRA,ESP,0142
25464,81,71,666,2002.0,1804364.0,5354853.0,2.067395,0.7934359999999999,GBR,ESP,0142
25465,82,71,666,2002.0,0.0,25623.0,0.23526999999999998,-0.156333,GEO,ESP,0142
25466,84,71,666,2002.0,0.0,147005.0,0.404483,-0.313042,GIB,ESP,0142
25467,87,71,666,2002.0,0.0,2720.0,0.266536,0.20776,GMB,ESP,0142
25468,89,71,666,2002.0,0.0,247482.0,-1.8647490000000002,-0.96145,GNQ,ESP,0142
25469,90,71,666,2002.0,0.0,931440.0,0.20355399999999998,1.4130200000000002,GRC,ESP,0142
25470,93,71,666,2002.0,0.0,74028.0,-0.49913,-0.038079,GTM,ESP,0142
25471,97,71,666,2002.0,0.0,76556.0,0.704932,1.291658,HKG,ESP,0142
25472,99,71,666,2002.0,0.0,11461.0,-0.637891,-0.564421,HND,ESP,0142
25473,100,71,666,2002.0,0.0,1079808.0,0.603546,1.273001,HRV,ESP,0142
25474,102,71,666,2002.0,0.0,13315.0,1.232359,1.064425,HUN,ESP,0142
25475,103,71,666,2002.0,125364.0,0.0,0.098182,1.7305840000000001,IDN,ESP,0142
25476,106,71,666,2002.0,51886.0,111159.0,1.7939310000000002,0.219254,IRL,ESP,0142
25477,110,71,666,2002.0,7017.0,0.0,1.257709,0.8318989999999999,ISR,ESP,0142
25478,111,71,666,2002.0,9148394.0,4230520.0,1.3944219999999998,1.125362,ITA,ESP,0142
25479,113,71,666,2002.0,0.0,21648.0,0.34023000000000003,0.264754,JOR,ESP,0142
25480,115,71,666,2002.0,0.0,18122.0,-0.100361,-0.502468,KAZ,ESP,0142
25481,124,71,666,2002.0,0.0,2624575.0,0.220906,1.470297,LBN,ESP,0142
25482,130,71,666,2002.0,0.0,262061.0,0.15796,0.855931,LTU,ESP,0142
25483,131,71,666,2002.0,0.0,29842.0,1.396249,1.153017,LUX,ESP,0142
25484,132,71,666,2002.0,0.0,25090.0,0.41409799999999997,0.6281680000000001,LVA,ESP,0142
25485,134,71,666,2002.0,0.0,4932.0,-0.690226,-0.42557,MAR,ESP,0142
25486,138,71,666,2002.0,0.0,139237.0,1.2677129999999999,0.599314,MEX,ESP,0142
25487,140,71,666,2002.0,0.0,104549.0,-0.027727999999999996,0.41846400000000006,MKD,ESP,0142
25488,142,71,666,2002.0,0.0,10718.0,0.901235,-0.140261,MLT,ESP,0142
25489,147,71,666,2002.0,0.0,7019.0,-1.337891,-1.187073,MOZ,ESP,0142
25490,148,71,666,2002.0,0.0,2167.0,-1.053061,-1.221967,MRT,ESP,0142
25491,154,71,666,2002.0,0.0,1398.0,0.752173,-0.5639,MYT,ESP,0142
25492,155,71,666,2002.0,4234.0,4006.0,-0.137725,-0.361452,NAM,ESP,0142
25493,159,71,666,2002.0,0.0,21957.0,-1.705991,-1.292926,NGA,ESP,0142
25494,160,71,666,2002.0,0.0,6350.0,-0.634946,-0.37966,NIC,ESP,0142
25495,162,71,666,2002.0,515768.0,3575453.0,1.175777,1.667472,NLD,ESP,0142
25496,163,71,666,2002.0,15522.0,56796.0,0.689588,-0.007016,NOR,ESP,0142
25497,169,71,666,2002.0,0.0,71106.0,0.085746,0.21839,PAN,ESP,0142
25498,173,71,666,2002.0,0.0,55410.0,-0.456603,0.030838,PER,ESP,0142
25499,174,71,666,2002.0,0.0,8508.0,0.29601,-0.232513,PHL,ESP,0142
25500,177,71,666,2002.0,0.0,15106.0,0.9449299999999999,1.655764,POL,ESP,0142
25501,179,71,666,2002.0,539523.0,15428894.0,0.584956,1.377068,PRT,ESP,0142
25502,183,71,666,2002.0,0.0,1241.0,-0.002177,-1.042517,QAT,ESP,0142
25503,185,71,666,2002.0,0.0,708680.0,0.549227,1.071998,ROU,ESP,0142
25504,186,71,666,2002.0,0.0,5623174.0,0.6051449999999999,0.272307,RUS,ESP,0142
25505,189,71,666,2002.0,0.0,116495.0,0.523459,2.58657,SCG,ESP,0142
25506,191,71,666,2002.0,0.0,6552.0,-0.5424939999999999,-0.554531,SEN,ESP,0142
25507,197,71,666,2002.0,0.0,17352.0,-0.258579,-0.096214,SLV,ESP,0142
25508,206,71,666,2002.0,0.0,1216.0,1.269549,1.184774,SVK,ESP,0142
25509,208,71,666,2002.0,251000.0,927314.0,2.134,0.769413,SWE,ESP,0142
25510,211,71,666,2002.0,0.0,1538.0,-0.8837229999999999,-0.975607,SYC,ESP,0142
25511,216,71,666,2002.0,0.0,1375.0,0.513887,1.545967,THA,ESP,0142
25512,231,71,666,2002.0,40473.0,774667.0,1.853174,0.120986,USA,ESP,0142
25513,236,71,666,2002.0,0.0,343110.0,-0.008877,-0.753486,VEN,ESP,0142
25514,250,71,666,2002.0,0.0,3890.0,0.5979300000000001,-0.497816,ANS,ESP,0142
25515,2,77,666,2002.0,0.0,167187.0,-1.8043639999999999,-1.250642,AGO,FRA,0142
25516,5,77,666,2002.0,0.0,3753.0,1.3229389999999999,0.9635950000000001,AND,FRA,0142
25517,7,77,666,2002.0,0.0,857389.0,-0.288838,-0.640049,ARE,FRA,0142
25518,11,77,666,2002.0,0.0,7598.0,1.740389,-0.6239600000000001,ATA,FRA,0142
25519,15,77,666,2002.0,113008.0,489887.0,1.866997,0.400527,AUT,FRA,0142
25520,16,77,666,2002.0,0.0,304183.0,-0.566735,-1.003158,AZE,FRA,0142
25521,18,77,666,2002.0,7762512.0,34104756.0,1.424339,1.372755,BEL,FRA,0142
25522,19,77,666,2002.0,0.0,241134.0,-0.7683840000000001,-0.7984319999999999,BEN,FRA,0142
25523,21,77,666,2002.0,0.0,1744.0,-0.5542590000000001,-0.5946060000000001,BFA,FRA,0142
25524,23,77,666,2002.0,0.0,2306.0,0.468058,1.644037,BGR,FRA,0142
25525,24,77,666,2002.0,0.0,105530.0,-0.31754099999999996,-1.099381,BHR,FRA,0142
25526,25,77,666,2002.0,0.0,1672.0,0.035127,-0.536416,BHS,FRA,0142
25527,32,77,666,2002.0,417128.0,3091.0,0.631343,1.249344,BRA,FRA,0142
25528,34,77,666,2002.0,0.0,12775.0,-1.359507,-1.084339,BRN,FRA,0142
25529,38,77,666,2002.0,0.0,2496.0,-0.698235,-0.905799,CAF,FRA,0142
25530,39,77,666,2002.0,1675.0,0.0,0.9672360000000001,1.389981,CAN,FRA,0142
25531,41,77,666,2002.0,20284.0,779536.0,2.205507,0.831836,CHE,FRA,0142
25532,43,77,666,2002.0,0.0,10330.0,0.6181220000000001,1.9636759999999998,CHN,FRA,0142
25533,44,77,666,2002.0,24263.0,70032.0,-0.803739,-0.752218,CIV,FRA,0142
25534,45,77,666,2002.0,0.0,569979.0,-1.188713,-1.109944,CMR,FRA,0142
25535,46,77,666,2002.0,0.0,81259.0,-1.218664,-1.1406120000000002,COD,FRA,0142
25536,47,77,666,2002.0,0.0,1500042.0,-1.468836,-1.250484,COG,FRA,0142
25537,49,77,666,2002.0,0.0,13993.0,0.219861,0.45238999999999996,COL,FRA,0142
25538,50,77,666,2002.0,0.0,1531.0,-0.634921,-0.9792120000000001,COM,FRA,0142
25539,52,77,666,2002.0,0.0,2121.0,0.083983,-0.096237,CRI,FRA,0142
25540,54,77,666,2002.0,0.0,35250.0,-0.896759,-1.079825,CUB,FRA,0142
25541,58,77,666,2002.0,0.0,2785.0,0.332088,0.50441,CYP,FRA,0142
25542,59,77,666,2002.0,0.0,35524.0,1.5835139999999999,0.9563010000000001,CZE,FRA,0142
25543,61,77,666,2002.0,32585596.0,35080164.0,2.367856,-2.195331,DEU,FRA,0142
25544,62,77,666,2002.0,0.0,187258.0,-0.03383,-0.014618,DJI,FRA,0142
25545,64,77,666,2002.0,13247900.0,218049.0,1.344708,1.321135,DNK,FRA,0142
25546,66,77,666,2002.0,0.0,73813.0,-0.9281389999999999,-1.19549,DZA,FRA,0142
25547,71,77,666,2002.0,23150390.0,1162821.0,1.054108,1.9357349999999998,ESP,FRA,0142
25548,72,77,666,2002.0,2303.0,7363.0,0.576142,1.168563,EST,FRA,0142
25549,74,77,666,2002.0,0.0,29455.0,1.9545119999999998,1.047515,FIN,FRA,0142
25550,80,77,666,2002.0,0.0,1067287.0,-1.34341,-1.238593,GAB,FRA,0142
25551,81,77,666,2002.0,33108.0,15486201.0,2.067395,0.7934359999999999,GBR,FRA,0142
25552,82,77,666,2002.0,0.0,21396.0,0.23526999999999998,-0.156333,GEO,FRA,0142
25553,83,77,666,2002.0,0.0,14083.0,-1.258567,-1.048266,GHA,FRA,0142
25554,84,77,666,2002.0,0.0,8502.0,0.404483,-0.313042,GIB,FRA,0142
25555,85,77,666,2002.0,0.0,7914.0,-1.684157,-1.256743,GIN,FRA,0142
25556,89,77,666,2002.0,0.0,85114.0,-1.8647490000000002,-0.96145,GNQ,FRA,0142
25557,90,77,666,2002.0,0.0,902538.0,0.20355399999999998,1.4130200000000002,GRC,FRA,0142
25558,97,77,666,2002.0,0.0,15118.0,0.704932,1.291658,HKG,FRA,0142
25559,100,77,666,2002.0,0.0,67208.0,0.603546,1.273001,HRV,FRA,0142
25560,101,77,666,2002.0,0.0,48248.0,-0.837823,-0.834512,HTI,FRA,0142
25561,102,77,666,2002.0,140483.0,10925.0,1.232359,1.064425,HUN,FRA,0142
25562,103,77,666,2002.0,0.0,42248.0,0.098182,1.7305840000000001,IDN,FRA,0142
25563,106,77,666,2002.0,46640.0,642876.0,1.7939310000000002,0.219254,IRL,FRA,0142
25564,110,77,666,2002.0,1168304.0,0.0,1.257709,0.8318989999999999,ISR,FRA,0142
25565,111,77,666,2002.0,20418234.0,2088136.0,1.3944219999999998,1.125362,ITA,FRA,0142
25566,112,77,666,2002.0,2598.0,0.0,-0.459541,-0.947443,JAM,FRA,0142
25567,113,77,666,2002.0,0.0,3478.0,0.34023000000000003,0.264754,JOR,FRA,0142
25568,114,77,666,2002.0,0.0,3585.0,2.7747580000000003,0.43663199999999996,JPN,FRA,0142
25569,115,77,666,2002.0,0.0,6594.0,-0.100361,-0.502468,KAZ,FRA,0142
25570,116,77,666,2002.0,1660.0,0.0,-0.59055,0.000731,KEN,FRA,0142
25571,122,77,666,2002.0,0.0,364282.0,-0.794007,-1.192659,KWT,FRA,0142
25572,124,77,666,2002.0,0.0,200670.0,0.220906,1.470297,LBN,FRA,0142
25573,125,77,666,2002.0,0.0,493788.0,-0.683036,-1.158808,LBR,FRA,0142
25574,130,77,666,2002.0,0.0,13945.0,0.15796,0.855931,LTU,FRA,0142
25575,131,77,666,2002.0,393042.0,1307006.0,1.396249,1.153017,LUX,FRA,0142
25576,132,77,666,2002.0,0.0,10566.0,0.41409799999999997,0.6281680000000001,LVA,FRA,0142
25577,134,77,666,2002.0,61762.0,78239.0,-0.690226,-0.42557,MAR,FRA,0142
25578,135,77,666,2002.0,0.0,26578.0,-0.017383000000000003,0.109124,MDA,FRA,0142
25579,136,77,666,2002.0,0.0,59617.0,-1.109564,-0.642039,MDG,FRA,0142
25580,137,77,666,2002.0,0.0,6583.0,-1.0471700000000002,-0.976184,MDV,FRA,0142
25581,138,77,666,2002.0,0.0,61405.0,1.2677129999999999,0.599314,MEX,FRA,0142
25582,140,77,666,2002.0,0.0,96657.0,-0.027727999999999996,0.41846400000000006,MKD,FRA,0142
25583,141,77,666,2002.0,0.0,4126.0,-0.786698,-0.682438,MLI,FRA,0142
25584,142,77,666,2002.0,0.0,3688.0,0.901235,-0.140261,MLT,FRA,0142
25585,148,77,666,2002.0,0.0,10860.0,-1.053061,-1.221967,MRT,FRA,0142
25586,151,77,666,2002.0,0.0,807500.0,-0.382062,-0.379224,MUS,FRA,0142
25587,153,77,666,2002.0,0.0,1208495.0,0.9987159999999999,0.26558200000000004,MYS,FRA,0142
25588,154,77,666,2002.0,8799.0,196185.0,0.752173,-0.5639,MYT,FRA,0142
25589,156,77,666,2002.0,0.0,547499.0,-0.7477739999999999,-1.006248,NCL,FRA,0142
25590,157,77,666,2002.0,0.0,1644.0,-0.562837,-0.333649,NER,FRA,0142
25591,159,77,666,2002.0,0.0,2935.0,-1.705991,-1.292926,NGA,FRA,0142
25592,162,77,666,2002.0,1586962.0,1721717.0,1.175777,1.667472,NLD,FRA,0142
25593,163,77,666,2002.0,0.0,30728.0,0.689588,-0.007016,NOR,FRA,0142
25594,164,77,666,2002.0,0.0,1890.0,-0.065582,0.464797,NPL,FRA,0142
25595,167,77,666,2002.0,0.0,191184.0,-1.307058,-1.270916,OMN,FRA,0142
25596,173,77,666,2002.0,0.0,6731.0,-0.456603,0.030838,PER,FRA,0142
25597,174,77,666,2002.0,0.0,4590.0,0.29601,-0.232513,PHL,FRA,0142
25598,177,77,666,2002.0,22061.0,222490.0,0.9449299999999999,1.655764,POL,FRA,0142
25599,179,77,666,2002.0,913421.0,1267506.0,0.584956,1.377068,PRT,FRA,0142
25600,182,77,666,2002.0,0.0,1063950.0,-0.363179,-0.8967450000000001,PYF,FRA,0142
25601,183,77,666,2002.0,0.0,41975.0,-0.002177,-1.042517,QAT,FRA,0142
25602,185,77,666,2002.0,0.0,6276.0,0.549227,1.071998,ROU,FRA,0142
25603,186,77,666,2002.0,0.0,2049660.0,0.6051449999999999,0.272307,RUS,FRA,0142
25604,188,77,666,2002.0,28204.0,1858426.0,0.048764,-0.903125,SAU,FRA,0142
25605,189,77,666,2002.0,0.0,112073.0,0.523459,2.58657,SCG,FRA,0142
25606,191,77,666,2002.0,0.0,74397.0,-0.5424939999999999,-0.554531,SEN,FRA,0142
25607,192,77,666,2002.0,0.0,1517146.0,1.7077209999999998,0.683549,SGP,FRA,0142
25608,200,77,666,2002.0,0.0,97773.0,-0.791918,-0.965751,SPM,FRA,0142
25609,208,77,666,2002.0,55961.0,578415.0,2.134,0.769413,SWE,FRA,0142
25610,214,77,666,2002.0,0.0,33063.0,-0.092619,-0.776712,TCD,FRA,0142
25611,215,77,666,2002.0,0.0,137279.0,-0.688284,-0.5292789999999999,TGO,FRA,0142
25612,216,77,666,2002.0,0.0,2842.0,0.513887,1.545967,THA,FRA,0142
25613,223,77,666,2002.0,12569.0,0.0,0.059876,0.369032,TUN,FRA,0142
25614,224,77,666,2002.0,308773.0,0.0,0.12982,1.8032650000000001,TUR,FRA,0142
25615,226,77,666,2002.0,0.0,1252.0,-1.234127,-0.421158,TZA,FRA,0142
25616,228,77,666,2002.0,0.0,2528.0,0.575372,1.131722,UKR,FRA,0142
25617,230,77,666,2002.0,0.0,5282.0,0.048498,0.118565,URY,FRA,0142
25618,231,77,666,2002.0,0.0,246746.0,1.853174,0.120986,USA,FRA,0142
25619,236,77,666,2002.0,82014.0,1735.0,-0.008877,-0.753486,VEN,FRA,0142
25620,239,77,666,2002.0,0.0,15475.0,-0.44170699999999996,0.544708,VNM,FRA,0142
25621,240,77,666,2002.0,0.0,4782.0,-1.110093,-1.015554,VUT,FRA,0142
25622,241,77,666,2002.0,0.0,87842.0,0.712441,-0.668211,WLF,FRA,0142
25623,243,77,666,2002.0,0.0,50994.0,-1.447637,-1.289748,YEM,FRA,0142
25624,246,77,666,2002.0,0.0,2722.0,0.32760500000000004,2.497746,ZAF,FRA,0142
25625,250,77,666,2002.0,6368.0,21711.0,0.5979300000000001,-0.497816,ANS,FRA,0142
25626,6,81,666,2002.0,0.0,1027.0,0.145946,-0.704052,ANT,GBR,0142
25627,7,81,666,2002.0,0.0,35019.0,-0.288838,-0.640049,ARE,GBR,0142
25628,11,81,666,2002.0,0.0,1388.0,1.740389,-0.6239600000000001,ATA,GBR,0142
25629,15,81,666,2002.0,107103.0,13270.0,1.866997,0.400527,AUT,GBR,0142
25630,18,81,666,2002.0,7734285.0,335615.0,1.424339,1.372755,BEL,GBR,0142
25631,24,81,666,2002.0,0.0,18693.0,-0.31754099999999996,-1.099381,BHR,GBR,0142
25632,29,81,666,2002.0,0.0,1331.0,-0.553335,-0.753058,BLZ,GBR,0142
25633,30,81,666,2002.0,0.0,83740.0,0.934739,-0.465542,BMU,GBR,0142
25634,33,81,666,2002.0,0.0,12694.0,0.547024,-0.004036,BRB,GBR,0142
25635,34,81,666,2002.0,0.0,1806.0,-1.359507,-1.084339,BRN,GBR,0142
25636,39,81,666,2002.0,260207.0,0.0,0.9672360000000001,1.389981,CAN,GBR,0142
25637,43,81,666,2002.0,0.0,4561.0,0.6181220000000001,1.9636759999999998,CHN,GBR,0142
25638,46,81,666,2002.0,0.0,2884.0,-1.218664,-1.1406120000000002,COD,GBR,0142
25639,57,81,666,2002.0,0.0,8197.0,0.570589,-0.692583,CYM,GBR,0142
25640,58,81,666,2002.0,0.0,4405.0,0.332088,0.50441,CYP,GBR,0142
25641,61,81,666,2002.0,47574432.0,406792.0,2.367856,-2.195331,DEU,GBR,0142
25642,63,81,666,2002.0,0.0,1214.0,0.212137,-0.112873,DMA,GBR,0142
25643,64,81,666,2002.0,24139094.0,93061.0,1.344708,1.321135,DNK,GBR,0142
25644,69,81,666,2002.0,0.0,11444.0,1.019399,0.23989899999999997,ERI,GBR,0142
25645,71,81,666,2002.0,5354853.0,1804364.0,1.054108,1.9357349999999998,ESP,GBR,0142
25646,72,81,666,2002.0,23445.0,0.0,0.576142,1.168563,EST,GBR,0142
25647,73,81,666,2002.0,0.0,2059.0,-1.289118,-1.0291540000000001,ETH,GBR,0142
25648,74,81,666,2002.0,4151.0,0.0,1.9545119999999998,1.047515,FIN,GBR,0142
25649,76,81,666,2002.0,0.0,25630.0,-0.395335,-0.942025,FLK,GBR,0142
25650,77,81,666,2002.0,15486201.0,33108.0,1.648526,0.6870430000000001,FRA,GBR,0142
25651,80,81,666,2002.0,0.0,1280.0,-1.34341,-1.238593,GAB,GBR,0142
25652,83,81,666,2002.0,0.0,15512.0,-1.258567,-1.048266,GHA,GBR,0142
25653,84,81,666,2002.0,0.0,123815.0,0.404483,-0.313042,GIB,GBR,0142
25654,85,81,666,2002.0,0.0,10429.0,-1.684157,-1.256743,GIN,GBR,0142
25655,87,81,666,2002.0,0.0,4371.0,0.266536,0.20776,GMB,GBR,0142
25656,90,81,666,2002.0,67438.0,68735.0,0.20355399999999998,1.4130200000000002,GRC,GBR,0142
25657,91,81,666,2002.0,0.0,2899.0,0.822523,0.032938999999999996,GRD,GBR,0142
25658,96,81,666,2002.0,0.0,32580.0,-1.050604,-0.9015549999999999,GUY,GBR,0142
25659,97,81,666,2002.0,0.0,150383.0,0.704932,1.291658,HKG,GBR,0142
25660,100,81,666,2002.0,0.0,5031.0,0.603546,1.273001,HRV,GBR,0142
25661,102,81,666,2002.0,2184528.0,12438.0,1.232359,1.064425,HUN,GBR,0142
25662,104,81,666,2002.0,0.0,1950.0,0.32974000000000003,2.376477,IND,GBR,0142
25663,106,81,666,2002.0,19812246.0,3197279.0,1.7939310000000002,0.219254,IRL,GBR,0142
25664,111,81,666,2002.0,17350516.0,9374.0,1.3944219999999998,1.125362,ITA,GBR,0142
25665,112,81,666,2002.0,2738.0,10203.0,-0.459541,-0.947443,JAM,GBR,0142
25666,113,81,666,2002.0,0.0,6012.0,0.34023000000000003,0.264754,JOR,GBR,0142
25667,115,81,666,2002.0,0.0,5348.0,-0.100361,-0.502468,KAZ,GBR,0142
25668,120,81,666,2002.0,0.0,1940.0,0.757789,-0.2968,KNA,GBR,0142
25669,122,81,666,2002.0,0.0,14375.0,-0.794007,-1.192659,KWT,GBR,0142
25670,127,81,666,2002.0,0.0,6438.0,0.261861,-0.36480999999999997,LCA,GBR,0142
25671,142,81,666,2002.0,0.0,28845.0,0.901235,-0.140261,MLT,GBR,0142
25672,159,81,666,2002.0,0.0,37593.0,-1.705991,-1.292926,NGA,GBR,0142
25673,162,81,666,2002.0,30211242.0,362345.0,1.175777,1.667472,NLD,GBR,0142
25674,163,81,666,2002.0,0.0,7745.0,0.689588,-0.007016,NOR,GBR,0142
25675,167,81,666,2002.0,0.0,32076.0,-1.307058,-1.270916,OMN,GBR,0142
25676,168,81,666,2002.0,0.0,4870.0,-0.7574069999999999,-0.403427,PAK,GBR,0142
25677,177,81,666,2002.0,1402418.0,0.0,0.9449299999999999,1.655764,POL,GBR,0142
25678,179,81,666,2002.0,312273.0,278080.0,0.584956,1.377068,PRT,GBR,0142
25679,183,81,666,2002.0,0.0,10263.0,-0.002177,-1.042517,QAT,GBR,0142
25680,192,81,666,2002.0,0.0,21978.0,1.7077209999999998,0.683549,SGP,GBR,0142
25681,194,81,666,2002.0,0.0,15532.0,1.542309,-0.038145,SHN,GBR,0142
25682,196,81,666,2002.0,0.0,12865.0,0.29478899999999997,0.055865,SLE,GBR,0142
25683,203,81,666,2002.0,0.0,4303.0,0.767305,-0.0836,STP,GBR,0142
25684,208,81,666,2002.0,641952.0,7034.0,2.134,0.769413,SWE,GBR,0142
25685,215,81,666,2002.0,0.0,1204.0,-0.688284,-0.5292789999999999,TGO,GBR,0142
25686,216,81,666,2002.0,12734.0,0.0,0.513887,1.545967,THA,GBR,0142
25687,222,81,666,2002.0,0.0,3993.0,-0.056315,-0.803537,TTO,GBR,0142
25688,231,81,666,2002.0,0.0,4370.0,1.853174,0.120986,USA,GBR,0142
25689,234,81,666,2002.0,0.0,2569.0,-0.268813,-0.67072,VCT,GBR,0142
25690,4,90,666,2002.0,0.0,372738.0,-0.05800399999999999,0.042254,ALB,GRC,0142
25691,15,90,666,2002.0,60211.0,0.0,1.866997,0.400527,AUT,GRC,0142
25692,18,90,666,2002.0,734829.0,1317.0,1.424339,1.372755,BEL,GRC,0142
25693,23,90,666,2002.0,6621.0,32418.0,0.468058,1.644037,BGR,GRC,0142
25694,58,90,666,2002.0,0.0,48139.0,0.332088,0.50441,CYP,GRC,0142
25695,59,90,666,2002.0,2712.0,0.0,1.5835139999999999,0.9563010000000001,CZE,GRC,0142
25696,61,90,666,2002.0,10132344.0,239494.0,2.367856,-2.195331,DEU,GRC,0142
25697,64,90,666,2002.0,972186.0,20953.0,1.344708,1.321135,DNK,GRC,0142
25698,71,90,666,2002.0,931440.0,0.0,1.054108,1.9357349999999998,ESP,GRC,0142
25699,72,90,666,2002.0,4633.0,0.0,0.576142,1.168563,EST,GRC,0142
25700,73,90,666,2002.0,0.0,6528.0,-1.289118,-1.0291540000000001,ETH,GRC,0142
25701,77,90,666,2002.0,902538.0,0.0,1.648526,0.6870430000000001,FRA,GRC,0142
25702,81,90,666,2002.0,68735.0,67438.0,2.067395,0.7934359999999999,GBR,GRC,0142
25703,102,90,666,2002.0,107395.0,0.0,1.232359,1.064425,HUN,GRC,0142
25704,106,90,666,2002.0,36341.0,0.0,1.7939310000000002,0.219254,IRL,GRC,0142
25705,111,90,666,2002.0,4091892.0,2650.0,1.3944219999999998,1.125362,ITA,GRC,0142
25706,140,90,666,2002.0,0.0,142848.0,-0.027727999999999996,0.41846400000000006,MKD,GRC,0142
25707,162,90,666,2002.0,127862.0,33598.0,1.175777,1.667472,NLD,GRC,0142
25708,189,90,666,2002.0,0.0,59454.0,0.523459,2.58657,SCG,GRC,0142
25709,208,90,666,2002.0,1472.0,13077.0,2.134,0.769413,SWE,GRC,0142
25710,250,90,666,2002.0,2383.0,3054.0,0.5979300000000001,-0.497816,ANS,GRC,0142
25711,18,93,666,2002.0,3564.0,0.0,1.424339,1.372755,BEL,GTM,0142
25712,52,93,666,2002.0,1512.0,0.0,0.083983,-0.096237,CRI,GTM,0142
25713,71,93,666,2002.0,74028.0,0.0,1.054108,1.9357349999999998,ESP,GTM,0142
25714,99,93,666,2002.0,0.0,1000587.0,-0.637891,-0.564421,HND,GTM,0142
25715,111,93,666,2002.0,7217.0,0.0,1.3944219999999998,1.125362,ITA,GTM,0142
25716,138,93,666,2002.0,2876572.0,22148.0,1.2677129999999999,0.599314,MEX,GTM,0142
25717,169,93,666,2002.0,2721.0,423632.0,0.085746,0.21839,PAN,GTM,0142
25718,179,93,666,2002.0,3618.0,0.0,0.584956,1.377068,PRT,GTM,0142
25719,197,93,666,2002.0,128059.0,870052.0,-0.258579,-0.096214,SLV,GTM,0142
25720,231,93,666,2002.0,410120.0,131774.0,1.853174,0.120986,USA,GTM,0142
25721,32,96,666,2002.0,3528.0,0.0,0.631343,1.249344,BRA,GUY,0142
25722,33,96,666,2002.0,56422.0,0.0,0.547024,-0.004036,BRB,GUY,0142
25723,43,96,666,2002.0,5780.0,0.0,0.6181220000000001,1.9636759999999998,CHN,GUY,0142
25724,81,96,666,2002.0,32580.0,0.0,2.067395,0.7934359999999999,GBR,GUY,0142
25725,112,96,666,2002.0,73576.0,0.0,-0.459541,-0.947443,JAM,GUY,0142
25726,205,96,666,2002.0,1054.0,0.0,-1.002898,-0.905595,SUR,GUY,0142
25727,222,96,666,2002.0,225736.0,0.0,-0.056315,-0.803537,TTO,GUY,0142
25728,231,96,666,2002.0,190265.0,0.0,1.853174,0.120986,USA,GUY,0142
25729,8,97,666,2002.0,1224.0,0.0,0.045376,0.71768,ARG,HKG,0142
25730,14,97,666,2002.0,62806.0,0.0,-0.052462,0.759617,AUS,HKG,0142
25731,15,97,666,2002.0,28014.0,0.0,1.866997,0.400527,AUT,HKG,0142
25732,18,97,666,2002.0,8530.0,0.0,1.424339,1.372755,BEL,HKG,0142
25733,29,97,666,2002.0,0.0,1436.0,-0.553335,-0.753058,BLZ,HKG,0142
25734,32,97,666,2002.0,77408.0,4719.0,0.631343,1.249344,BRA,HKG,0142
25735,34,97,666,2002.0,0.0,4885.0,-1.359507,-1.084339,BRN,HKG,0142
25736,39,97,666,2002.0,190275.0,2187.0,0.9672360000000001,1.389981,CAN,HKG,0142
25737,41,97,666,2002.0,7045.0,0.0,2.205507,0.831836,CHE,HKG,0142
25738,43,97,666,2002.0,13874772.0,2632992.0,0.6181220000000001,1.9636759999999998,CHN,HKG,0142
25739,61,97,666,2002.0,167438.0,0.0,2.367856,-2.195331,DEU,HKG,0142
25740,64,97,666,2002.0,452856.0,0.0,1.344708,1.321135,DNK,HKG,0142
25741,71,97,666,2002.0,76556.0,0.0,1.054108,1.9357349999999998,ESP,HKG,0142
25742,77,97,666,2002.0,15118.0,0.0,1.648526,0.6870430000000001,FRA,HKG,0142
25743,81,97,666,2002.0,150383.0,0.0,2.067395,0.7934359999999999,GBR,HKG,0142
25744,103,97,666,2002.0,0.0,25041.0,0.098182,1.7305840000000001,IDN,HKG,0142
25745,104,97,666,2002.0,34468.0,0.0,0.32974000000000003,2.376477,IND,HKG,0142
25746,106,97,666,2002.0,13506.0,0.0,1.7939310000000002,0.219254,IRL,HKG,0142
25747,110,97,666,2002.0,13574.0,0.0,1.257709,0.8318989999999999,ISR,HKG,0142
25748,111,97,666,2002.0,544250.0,0.0,1.3944219999999998,1.125362,ITA,HKG,0142
25749,114,97,666,2002.0,172991.0,0.0,2.7747580000000003,0.43663199999999996,JPN,HKG,0142
25750,118,97,666,2002.0,0.0,7928.0,-0.8577629999999999,-1.071536,KHM,HKG,0142
25751,121,97,666,2002.0,18694.0,0.0,1.4172719999999999,0.8763139999999999,KOR,HKG,0142
25752,128,97,666,2002.0,0.0,2050.0,-0.461765,-0.057614,LKA,HKG,0142
25753,133,97,666,2002.0,3374.0,1906303.0,0.005082,-0.328658,MAC,HKG,0142
25754,148,97,666,2002.0,0.0,1483.0,-1.053061,-1.221967,MRT,HKG,0142
25755,151,97,666,2002.0,0.0,6494.0,-0.382062,-0.379224,MUS,HKG,0142
25756,153,97,666,2002.0,3244.0,80551.0,0.9987159999999999,0.26558200000000004,MYS,HKG,0142
25757,162,97,666,2002.0,81885.0,0.0,1.175777,1.667472,NLD,HKG,0142
25758,173,97,666,2002.0,0.0,1670.0,-0.456603,0.030838,PER,HKG,0142
25759,174,97,666,2002.0,36833.0,1670.0,0.29601,-0.232513,PHL,HKG,0142
25760,179,97,666,2002.0,5264.0,0.0,0.584956,1.377068,PRT,HKG,0142
25761,192,97,666,2002.0,11530.0,6955.0,1.7077209999999998,0.683549,SGP,HKG,0142
25762,208,97,666,2002.0,16978.0,0.0,2.134,0.769413,SWE,HKG,0142
25763,216,97,666,2002.0,14149.0,0.0,0.513887,1.545967,THA,HKG,0142
25764,231,97,666,2002.0,14271784.0,0.0,1.853174,0.120986,USA,HKG,0142
25765,239,97,666,2002.0,142536.0,0.0,-0.44170699999999996,0.544708,VNM,HKG,0142
25766,249,97,666,2002.0,119246.0,0.0,1.9084720000000002,1.253714,TWN,HKG,0142
25767,39,99,666,2002.0,19336.0,0.0,0.9672360000000001,1.389981,CAN,HND,0142
25768,52,99,666,2002.0,210383.0,0.0,0.083983,-0.096237,CRI,HND,0142
25769,61,99,666,2002.0,1757.0,0.0,2.367856,-2.195331,DEU,HND,0142
25770,71,99,666,2002.0,11461.0,0.0,1.054108,1.9357349999999998,ESP,HND,0142
25771,93,99,666,2002.0,1000587.0,0.0,-0.49913,-0.038079,GTM,HND,0142
25772,138,99,666,2002.0,67485.0,0.0,1.2677129999999999,0.599314,MEX,HND,0142
25773,197,99,666,2002.0,1015486.0,0.0,-0.258579,-0.096214,SLV,HND,0142
25774,231,99,666,2002.0,514427.0,0.0,1.853174,0.120986,USA,HND,0142
25775,14,103,666,2002.0,510124.0,0.0,-0.052462,0.759617,AUS,IDN,0142
25776,43,103,666,2002.0,32432.0,0.0,0.6181220000000001,1.9636759999999998,CHN,IDN,0142
25777,61,103,666,2002.0,14963.0,22210.0,2.367856,-2.195331,DEU,IDN,0142
25778,64,103,666,2002.0,7944.0,0.0,1.344708,1.321135,DNK,IDN,0142
25779,69,103,666,2002.0,0.0,1231.0,1.019399,0.23989899999999997,ERI,IDN,0142
25780,71,103,666,2002.0,0.0,125364.0,1.054108,1.9357349999999998,ESP,IDN,0142
25781,77,103,666,2002.0,42248.0,0.0,1.648526,0.6870430000000001,FRA,IDN,0142
25782,97,103,666,2002.0,25041.0,0.0,0.704932,1.291658,HKG,IDN,0142
25783,104,103,666,2002.0,0.0,50501.0,0.32974000000000003,2.376477,IND,IDN,0142
25784,114,103,666,2002.0,13552.0,32273.0,2.7747580000000003,0.43663199999999996,JPN,IDN,0142
25785,121,103,666,2002.0,1874.0,2923.0,1.4172719999999999,0.8763139999999999,KOR,IDN,0142
25786,153,103,666,2002.0,145703.0,51643.0,0.9987159999999999,0.26558200000000004,MYS,IDN,0142
25787,162,103,666,2002.0,4033.0,26356.0,1.175777,1.667472,NLD,IDN,0142
25788,166,103,666,2002.0,2624.0,0.0,0.370673,0.7853829999999999,NZL,IDN,0142
25789,174,103,666,2002.0,0.0,1039.0,0.29601,-0.232513,PHL,IDN,0142
25790,192,103,666,2002.0,8748.0,170423.0,1.7077209999999998,0.683549,SGP,IDN,0142
25791,216,103,666,2002.0,4909.0,0.0,0.513887,1.545967,THA,IDN,0142
25792,231,103,666,2002.0,2689.0,0.0,1.853174,0.120986,USA,IDN,0142
25793,249,103,666,2002.0,0.0,12282.0,1.9084720000000002,1.253714,TWN,IDN,0142
25794,7,106,666,2002.0,0.0,29856.0,-0.288838,-0.640049,ARE,IRL,0142
25795,15,106,666,2002.0,2466.0,0.0,1.866997,0.400527,AUT,IRL,0142
25796,18,106,666,2002.0,271317.0,172715.0,1.424339,1.372755,BEL,IRL,0142
25797,24,106,666,2002.0,0.0,148481.0,-0.31754099999999996,-1.099381,BHR,IRL,0142
25798,25,106,666,2002.0,0.0,8468.0,0.035127,-0.536416,BHS,IRL,0142
25799,30,106,666,2002.0,0.0,111737.0,0.934739,-0.465542,BMU,IRL,0142
25800,58,106,666,2002.0,0.0,4754.0,0.332088,0.50441,CYP,IRL,0142
25801,61,106,666,2002.0,2462657.0,1394262.0,2.367856,-2.195331,DEU,IRL,0142
25802,64,106,666,2002.0,1268024.0,105317.0,1.344708,1.321135,DNK,IRL,0142
25803,71,106,666,2002.0,111159.0,51886.0,1.054108,1.9357349999999998,ESP,IRL,0142
25804,77,106,666,2002.0,642876.0,46640.0,1.648526,0.6870430000000001,FRA,IRL,0142
25805,81,106,666,2002.0,3197279.0,19812246.0,2.067395,0.7934359999999999,GBR,IRL,0142
25806,84,106,666,2002.0,0.0,96902.0,0.404483,-0.313042,GIB,IRL,0142
25807,90,106,666,2002.0,0.0,36341.0,0.20355399999999998,1.4130200000000002,GRC,IRL,0142
25808,97,106,666,2002.0,0.0,13506.0,0.704932,1.291658,HKG,IRL,0142
25809,104,106,666,2002.0,0.0,16298.0,0.32974000000000003,2.376477,IND,IRL,0142
25810,111,106,666,2002.0,243845.0,1233.0,1.3944219999999998,1.125362,ITA,IRL,0142
25811,122,106,666,2002.0,0.0,30832.0,-0.794007,-1.192659,KWT,IRL,0142
25812,130,106,666,2002.0,24382.0,0.0,0.15796,0.855931,LTU,IRL,0142
25813,142,106,666,2002.0,0.0,16540.0,0.901235,-0.140261,MLT,IRL,0142
25814,162,106,666,2002.0,828689.0,44321.0,1.175777,1.667472,NLD,IRL,0142
25815,179,106,666,2002.0,3574.0,0.0,0.584956,1.377068,PRT,IRL,0142
25816,183,106,666,2002.0,0.0,20837.0,-0.002177,-1.042517,QAT,IRL,0142
25817,188,106,666,2002.0,0.0,9475.0,0.048764,-0.903125,SAU,IRL,0142
25818,208,106,666,2002.0,0.0,197973.0,2.134,0.769413,SWE,IRL,0142
25819,231,106,666,2002.0,0.0,314616.0,1.853174,0.120986,USA,IRL,0142
25820,246,106,666,2002.0,0.0,7021.0,0.32760500000000004,2.497746,ZAF,IRL,0142
25821,1,107,666,2002.0,0.0,15625.0,-0.11885899999999999,-0.346093,AFG,IRN,0142
25822,7,107,666,2002.0,4414.0,0.0,-0.288838,-0.640049,ARE,IRN,0142
25823,15,107,666,2002.0,0.0,1612.0,1.866997,0.400527,AUT,IRN,0142
25824,24,107,666,2002.0,0.0,29719.0,-0.31754099999999996,-1.099381,BHR,IRN,0142
25825,61,107,666,2002.0,0.0,1668.0,2.367856,-2.195331,DEU,IRN,0142
25826,108,107,666,2002.0,0.0,10465.0,-1.008202,-0.9532209999999999,IRQ,IRN,0142
25827,115,107,666,2002.0,0.0,2949.0,-0.100361,-0.502468,KAZ,IRN,0142
25828,183,107,666,2002.0,0.0,4021.0,-0.002177,-1.042517,QAT,IRN,0142
25829,208,107,666,2002.0,1436.0,0.0,2.134,0.769413,SWE,IRN,0142
25830,18,110,666,2002.0,0.0,173479.0,1.424339,1.372755,BEL,ISR,0142
25831,71,110,666,2002.0,0.0,7017.0,1.054108,1.9357349999999998,ESP,ISR,0142
25832,77,110,666,2002.0,0.0,1168304.0,1.648526,0.6870430000000001,FRA,ISR,0142
25833,82,110,666,2002.0,0.0,2583.0,0.23526999999999998,-0.156333,GEO,ISR,0142
25834,97,110,666,2002.0,0.0,13574.0,0.704932,1.291658,HKG,ISR,0142
25835,102,110,666,2002.0,30809.0,2865.0,1.232359,1.064425,HUN,ISR,0142
25836,111,110,666,2002.0,0.0,6503.0,1.3944219999999998,1.125362,ITA,ISR,0142
25837,130,110,666,2002.0,4155.0,0.0,0.15796,0.855931,LTU,ISR,0142
25838,162,110,666,2002.0,14242.0,0.0,1.175777,1.667472,NLD,ISR,0142
25839,186,110,666,2002.0,0.0,1677.0,0.6051449999999999,0.272307,RUS,ISR,0142
25840,208,110,666,2002.0,0.0,23824.0,2.134,0.769413,SWE,ISR,0142
25841,231,110,666,2002.0,0.0,36115.0,1.853174,0.120986,USA,ISR,0142
25842,249,110,666,2002.0,0.0,17566.0,1.9084720000000002,1.253714,TWN,ISR,0142
25843,2,111,666,2002.0,0.0,590723.0,-1.8043639999999999,-1.250642,AGO,ITA,0142
25844,4,111,666,2002.0,0.0,229748.0,-0.05800399999999999,0.042254,ALB,ITA,0142
25845,5,111,666,2002.0,0.0,8868.0,1.3229389999999999,0.9635950000000001,AND,ITA,0142
25846,6,111,666,2002.0,0.0,138290.0,0.145946,-0.704052,ANT,ITA,0142
25847,7,111,666,2002.0,0.0,66269.0,-0.288838,-0.640049,ARE,ITA,0142
25848,8,111,666,2002.0,0.0,19420.0,0.045376,0.71768,ARG,ITA,0142
25849,9,111,666,2002.0,0.0,1286.0,0.66447,-0.08317000000000001,ARM,ITA,0142
25850,13,111,666,2002.0,0.0,1024.0,0.23995500000000003,-0.754877,ATG,ITA,0142
25851,15,111,666,2002.0,514407.0,12494258.0,1.866997,0.400527,AUT,ITA,0142
25852,16,111,666,2002.0,0.0,4544.0,-0.566735,-1.003158,AZE,ITA,0142
25853,18,111,666,2002.0,48629.0,9925176.0,1.424339,1.372755,BEL,ITA,0142
25854,23,111,666,2002.0,0.0,1434.0,0.468058,1.644037,BGR,ITA,0142
25855,26,111,666,2002.0,0.0,504615.0,0.223543,0.44595100000000004,BIH,ITA,0142
25856,32,111,666,2002.0,0.0,72600.0,0.631343,1.249344,BRA,ITA,0142
25857,39,111,666,2002.0,2181.0,0.0,0.9672360000000001,1.389981,CAN,ITA,0142
25858,41,111,666,2002.0,43708.0,27245792.0,2.205507,0.831836,CHE,ITA,0142
25859,42,111,666,2002.0,0.0,14731.0,-0.079201,-0.11449200000000001,CHL,ITA,0142
25860,45,111,666,2002.0,0.0,8122.0,-1.188713,-1.109944,CMR,ITA,0142
25861,47,111,666,2002.0,0.0,18614.0,-1.468836,-1.250484,COG,ITA,0142
25862,49,111,666,2002.0,0.0,13488.0,0.219861,0.45238999999999996,COL,ITA,0142
25863,51,111,666,2002.0,0.0,4794.0,-0.315184,-0.660522,CPV,ITA,0142
25864,52,111,666,2002.0,0.0,29616.0,0.083983,-0.096237,CRI,ITA,0142
25865,54,111,666,2002.0,0.0,35794.0,-0.896759,-1.079825,CUB,ITA,0142
25866,58,111,666,2002.0,0.0,34852.0,0.332088,0.50441,CYP,ITA,0142
25867,59,111,666,2002.0,0.0,372909.0,1.5835139999999999,0.9563010000000001,CZE,ITA,0142
25868,61,111,666,2002.0,12683770.0,40856432.0,2.367856,-2.195331,DEU,ITA,0142
25869,64,111,666,2002.0,228841.0,1475917.0,1.344708,1.321135,DNK,ITA,0142
25870,66,111,666,2002.0,0.0,2994.0,-0.9281389999999999,-1.19549,DZA,ITA,0142
25871,67,111,666,2002.0,0.0,7402.0,-0.973858,-0.8924979999999999,ECU,ITA,0142
25872,69,111,666,2002.0,0.0,9026.0,1.019399,0.23989899999999997,ERI,ITA,0142
25873,71,111,666,2002.0,4230520.0,9148394.0,1.054108,1.9357349999999998,ESP,ITA,0142
25874,73,111,666,2002.0,0.0,16119.0,-1.289118,-1.0291540000000001,ETH,ITA,0142
25875,74,111,666,2002.0,0.0,133446.0,1.9545119999999998,1.047515,FIN,ITA,0142
25876,77,111,666,2002.0,2088136.0,20418234.0,1.648526,0.6870430000000001,FRA,ITA,0142
25877,81,111,666,2002.0,9374.0,17350516.0,2.067395,0.7934359999999999,GBR,ITA,0142
25878,84,111,666,2002.0,0.0,45493.0,0.404483,-0.313042,GIB,ITA,0142
25879,90,111,666,2002.0,2650.0,4091892.0,0.20355399999999998,1.4130200000000002,GRC,ITA,0142
25880,93,111,666,2002.0,0.0,7217.0,-0.49913,-0.038079,GTM,ITA,0142
25881,97,111,666,2002.0,0.0,544250.0,0.704932,1.291658,HKG,ITA,0142
25882,100,111,666,2002.0,23626.0,2111126.0,0.603546,1.273001,HRV,ITA,0142
25883,102,111,666,2002.0,404652.0,272838.0,1.232359,1.064425,HUN,ITA,0142
25884,104,111,666,2002.0,0.0,1659.0,0.32974000000000003,2.376477,IND,ITA,0142
25885,106,111,666,2002.0,1233.0,243845.0,1.7939310000000002,0.219254,IRL,ITA,0142
25886,109,111,666,2002.0,0.0,1450.0,0.17011700000000002,-0.33925500000000003,ISL,ITA,0142
25887,110,111,666,2002.0,6503.0,0.0,1.257709,0.8318989999999999,ISR,ITA,0142
25888,113,111,666,2002.0,0.0,13698.0,0.34023000000000003,0.264754,JOR,ITA,0142
25889,114,111,666,2002.0,0.0,2816630.0,2.7747580000000003,0.43663199999999996,JPN,ITA,0142
25890,115,111,666,2002.0,0.0,5857.0,-0.100361,-0.502468,KAZ,ITA,0142
25891,116,111,666,2002.0,0.0,30013.0,-0.59055,0.000731,KEN,ITA,0142
25892,121,111,666,2002.0,0.0,2093.0,1.4172719999999999,0.8763139999999999,KOR,ITA,0142
25893,124,111,666,2002.0,0.0,2363077.0,0.220906,1.470297,LBN,ITA,0142
25894,125,111,666,2002.0,0.0,89644.0,-0.683036,-1.158808,LBR,ITA,0142
25895,131,111,666,2002.0,1331.0,1485547.0,1.396249,1.153017,LUX,ITA,0142
25896,133,111,666,2002.0,0.0,10832.0,0.005082,-0.328658,MAC,ITA,0142
25897,134,111,666,2002.0,0.0,3241.0,-0.690226,-0.42557,MAR,ITA,0142
25898,137,111,666,2002.0,0.0,2715.0,-1.0471700000000002,-0.976184,MDV,ITA,0142
25899,138,111,666,2002.0,0.0,25035.0,1.2677129999999999,0.599314,MEX,ITA,0142
25900,140,111,666,2002.0,0.0,149916.0,-0.027727999999999996,0.41846400000000006,MKD,ITA,0142
25901,142,111,666,2002.0,0.0,1333973.0,0.901235,-0.140261,MLT,ITA,0142
25902,151,111,666,2002.0,0.0,12179.0,-0.382062,-0.379224,MUS,ITA,0142
25903,159,111,666,2002.0,0.0,47043.0,-1.705991,-1.292926,NGA,ITA,0142
25904,162,111,666,2002.0,60042.0,2694782.0,1.175777,1.667472,NLD,ITA,0142
25905,163,111,666,2002.0,0.0,133194.0,0.689588,-0.007016,NOR,ITA,0142
25906,173,111,666,2002.0,0.0,30766.0,-0.456603,0.030838,PER,ITA,0142
25907,174,111,666,2002.0,3495.0,19022.0,0.29601,-0.232513,PHL,ITA,0142
25908,177,111,666,2002.0,34618.0,208051.0,0.9449299999999999,1.655764,POL,ITA,0142
25909,179,111,666,2002.0,1177.0,251792.0,0.584956,1.377068,PRT,ITA,0142
25910,185,111,666,2002.0,0.0,12678.0,0.549227,1.071998,ROU,ITA,0142
25911,186,111,666,2002.0,0.0,493762.0,0.6051449999999999,0.272307,RUS,ITA,0142
25912,189,111,666,2002.0,0.0,903208.0,0.523459,2.58657,SCG,ITA,0142
25913,196,111,666,2002.0,0.0,6726.0,0.29478899999999997,0.055865,SLE,ITA,0142
25914,197,111,666,2002.0,0.0,10366.0,-0.258579,-0.096214,SLV,ITA,0142
25915,206,111,666,2002.0,0.0,128799.0,1.269549,1.184774,SVK,ITA,0142
25916,207,111,666,2002.0,18118.0,283052.0,1.469681,1.13303,SVN,ITA,0142
25917,208,111,666,2002.0,39064.0,2773770.0,2.134,0.769413,SWE,ITA,0142
25918,215,111,666,2002.0,0.0,13275.0,-0.688284,-0.5292789999999999,TGO,ITA,0142
25919,216,111,666,2002.0,0.0,69409.0,0.513887,1.545967,THA,ITA,0142
25920,219,111,666,2002.0,0.0,11003.0,-0.9178629999999999,-1.202212,TKM,ITA,0142
25921,224,111,666,2002.0,5535.0,4661.0,0.12982,1.8032650000000001,TUR,ITA,0142
25922,227,111,666,2002.0,0.0,1548.0,-1.262952,-0.903123,UGA,ITA,0142
25923,228,111,666,2002.0,0.0,18644.0,0.575372,1.131722,UKR,ITA,0142
25924,231,111,666,2002.0,5461.0,957345.0,1.853174,0.120986,USA,ITA,0142
25925,233,111,666,2002.0,0.0,11713.0,1.0090620000000001,-0.47225100000000003,VAT,ITA,0142
25926,236,111,666,2002.0,0.0,95838.0,-0.008877,-0.753486,VEN,ITA,0142
25927,246,111,666,2002.0,0.0,219949.0,0.32760500000000004,2.497746,ZAF,ITA,0142
25928,247,111,666,2002.0,0.0,1547.0,-0.840258,-0.639474,ZMB,ITA,0142
25929,249,111,666,2002.0,0.0,2645.0,1.9084720000000002,1.253714,TWN,ITA,0142
25930,250,111,666,2002.0,0.0,565627.0,0.5979300000000001,-0.497816,ANS,ITA,0142
25931,6,112,666,2002.0,0.0,1903.0,0.145946,-0.704052,ANT,JAM,0142
25932,13,112,666,2002.0,0.0,18910.0,0.23995500000000003,-0.754877,ATG,JAM,0142
25933,25,112,666,2002.0,0.0,1532.0,0.035127,-0.536416,BHS,JAM,0142
25934,29,112,666,2002.0,0.0,408860.0,-0.553335,-0.753058,BLZ,JAM,0142
25935,30,112,666,2002.0,0.0,10506.0,0.934739,-0.465542,BMU,JAM,0142
25936,33,112,666,2002.0,473400.0,63951.0,0.547024,-0.004036,BRB,JAM,0142
25937,39,112,666,2002.0,36029.0,0.0,0.9672360000000001,1.389981,CAN,JAM,0142
25938,57,112,666,2002.0,0.0,14720.0,0.570589,-0.692583,CYM,JAM,0142
25939,63,112,666,2002.0,0.0,10826.0,0.212137,-0.112873,DMA,JAM,0142
25940,65,112,666,2002.0,0.0,2869.0,-0.43339300000000003,-0.378827,DOM,JAM,0142
25941,77,112,666,2002.0,0.0,2598.0,1.648526,0.6870430000000001,FRA,JAM,0142
25942,81,112,666,2002.0,10203.0,2738.0,2.067395,0.7934359999999999,GBR,JAM,0142
25943,91,112,666,2002.0,0.0,5297.0,0.822523,0.032938999999999996,GRD,JAM,0142
25944,96,112,666,2002.0,0.0,73576.0,-1.050604,-0.9015549999999999,GUY,JAM,0142
25945,120,112,666,2002.0,0.0,10188.0,0.757789,-0.2968,KNA,JAM,0142
25946,127,112,666,2002.0,0.0,19301.0,0.261861,-0.36480999999999997,LCA,JAM,0142
25947,205,112,666,2002.0,0.0,11109.0,-1.002898,-0.905595,SUR,JAM,0142
25948,222,112,666,2002.0,511617.0,21403.0,-0.056315,-0.803537,TTO,JAM,0142
25949,231,112,666,2002.0,187882.0,0.0,1.853174,0.120986,USA,JAM,0142
25950,234,112,666,2002.0,0.0,30486.0,-0.268813,-0.67072,VCT,JAM,0142
25951,237,112,666,2002.0,0.0,1658.0,0.6891930000000001,-0.27620500000000003,VGB,JAM,0142
25952,14,114,666,2002.0,7332773.0,0.0,-0.052462,0.759617,AUS,JPN,0142
25953,15,114,666,2002.0,212198.0,0.0,1.866997,0.400527,AUT,JPN,0142
25954,32,114,666,2002.0,83412.0,0.0,0.631343,1.249344,BRA,JPN,0142
25955,39,114,666,2002.0,6402158.0,0.0,0.9672360000000001,1.389981,CAN,JPN,0142
25956,41,114,666,2002.0,70205.0,0.0,2.205507,0.831836,CHE,JPN,0142
25957,43,114,666,2002.0,16940888.0,0.0,0.6181220000000001,1.9636759999999998,CHN,JPN,0142
25958,61,114,666,2002.0,206337.0,3193.0,2.367856,-2.195331,DEU,JPN,0142
25959,64,114,666,2002.0,4192243.0,0.0,1.344708,1.321135,DNK,JPN,0142
25960,77,114,666,2002.0,3585.0,0.0,1.648526,0.6870430000000001,FRA,JPN,0142
25961,97,114,666,2002.0,0.0,172991.0,0.704932,1.291658,HKG,JPN,0142
25962,102,114,666,2002.0,2549.0,0.0,1.232359,1.064425,HUN,JPN,0142
25963,103,114,666,2002.0,32273.0,13552.0,0.098182,1.7305840000000001,IDN,JPN,0142
25964,111,114,666,2002.0,2816630.0,0.0,1.3944219999999998,1.125362,ITA,JPN,0142
25965,121,114,666,2002.0,41954.0,16476.0,1.4172719999999999,0.8763139999999999,KOR,JPN,0142
25966,133,114,666,2002.0,0.0,6957.0,0.005082,-0.328658,MAC,JPN,0142
25967,138,114,666,2002.0,276975.0,0.0,1.2677129999999999,0.599314,MEX,JPN,0142
25968,163,114,666,2002.0,5537.0,0.0,0.689588,-0.007016,NOR,JPN,0142
25969,174,114,666,2002.0,20446.0,0.0,0.29601,-0.232513,PHL,JPN,0142
25970,178,114,666,2002.0,0.0,3895.0,0.629678,1.0153780000000001,PRK,JPN,0142
25971,216,114,666,2002.0,1360658.0,35989.0,0.513887,1.545967,THA,JPN,0142
25972,222,114,666,2002.0,101080.0,0.0,-0.056315,-0.803537,TTO,JPN,0142
25973,231,114,666,2002.0,57818940.0,5783.0,1.853174,0.120986,USA,JPN,0142
25974,239,114,666,2002.0,830275.0,0.0,-0.44170699999999996,0.544708,VNM,JPN,0142
25975,249,114,666,2002.0,2139638.0,7883.0,1.9084720000000002,1.253714,TWN,JPN,0142
25976,14,121,666,2002.0,34844.0,0.0,-0.052462,0.759617,AUS,KOR,0142
25977,24,121,666,2002.0,0.0,2036.0,-0.31754099999999996,-1.099381,BHR,KOR,0142
25978,32,121,666,2002.0,18722.0,0.0,0.631343,1.249344,BRA,KOR,0142
25979,39,121,666,2002.0,50800.0,0.0,0.9672360000000001,1.389981,CAN,KOR,0142
25980,43,121,666,2002.0,36761.0,0.0,0.6181220000000001,1.9636759999999998,CHN,KOR,0142
25981,61,121,666,2002.0,2854.0,0.0,2.367856,-2.195331,DEU,KOR,0142
25982,64,121,666,2002.0,336013.0,0.0,1.344708,1.321135,DNK,KOR,0142
25983,74,121,666,2002.0,1399.0,0.0,1.9545119999999998,1.047515,FIN,KOR,0142
25984,97,121,666,2002.0,0.0,18694.0,0.704932,1.291658,HKG,KOR,0142
25985,103,121,666,2002.0,2923.0,1874.0,0.098182,1.7305840000000001,IDN,KOR,0142
25986,111,121,666,2002.0,2093.0,0.0,1.3944219999999998,1.125362,ITA,KOR,0142
25987,114,121,666,2002.0,16476.0,41954.0,2.7747580000000003,0.43663199999999996,JPN,KOR,0142
25988,126,121,666,2002.0,0.0,73388.0,-0.692769,-1.188682,LBY,KOR,0142
25989,159,121,666,2002.0,0.0,5940.0,-1.705991,-1.292926,NGA,KOR,0142
25990,174,121,666,2002.0,0.0,104815.0,0.29601,-0.232513,PHL,KOR,0142
25991,186,121,666,2002.0,0.0,86643.0,0.6051449999999999,0.272307,RUS,KOR,0142
25992,231,121,666,2002.0,13873881.0,12653.0,1.853174,0.120986,USA,KOR,0142
25993,239,121,666,2002.0,68249.0,0.0,-0.44170699999999996,0.544708,VNM,KOR,0142
25994,7,128,666,2002.0,8014.0,32745.0,-0.288838,-0.640049,ARE,LKA,0142
25995,22,128,666,2002.0,0.0,2022.0,-0.9509,-1.113308,BGD,LKA,0142
25996,32,128,666,2002.0,12610.0,0.0,0.631343,1.249344,BRA,LKA,0142
25997,64,128,666,2002.0,8620.0,0.0,1.344708,1.321135,DNK,LKA,0142
25998,97,128,666,2002.0,2050.0,0.0,0.704932,1.291658,HKG,LKA,0142
25999,104,128,666,2002.0,0.0,38933.0,0.32974000000000003,2.376477,IND,LKA,0142
26000,137,128,666,2002.0,0.0,19155.0,-1.0471700000000002,-0.976184,MDV,LKA,0142
26001,15,138,666,2002.0,0.0,1331.0,1.866997,0.400527,AUT,MEX,0142
26002,29,138,666,2002.0,0.0,1552.0,-0.553335,-0.753058,BLZ,MEX,0142
26003,39,138,666,2002.0,55886.0,0.0,0.9672360000000001,1.389981,CAN,MEX,0142
26004,43,138,666,2002.0,4638.0,0.0,0.6181220000000001,1.9636759999999998,CHN,MEX,0142
26005,52,138,666,2002.0,4080.0,0.0,0.083983,-0.096237,CRI,MEX,0142
26006,54,138,666,2002.0,0.0,301387.0,-0.896759,-1.079825,CUB,MEX,0142
26007,61,138,666,2002.0,2907.0,3357.0,2.367856,-2.195331,DEU,MEX,0142
26008,64,138,666,2002.0,12610.0,0.0,1.344708,1.321135,DNK,MEX,0142
26009,71,138,666,2002.0,139237.0,0.0,1.054108,1.9357349999999998,ESP,MEX,0142
26010,77,138,666,2002.0,61405.0,0.0,1.648526,0.6870430000000001,FRA,MEX,0142
26011,93,138,666,2002.0,22148.0,2876572.0,-0.49913,-0.038079,GTM,MEX,0142
26012,99,138,666,2002.0,0.0,67485.0,-0.637891,-0.564421,HND,MEX,0142
26013,104,138,666,2002.0,5774.0,0.0,0.32974000000000003,2.376477,IND,MEX,0142
26014,111,138,666,2002.0,25035.0,0.0,1.3944219999999998,1.125362,ITA,MEX,0142
26015,114,138,666,2002.0,0.0,276975.0,2.7747580000000003,0.43663199999999996,JPN,MEX,0142
26016,174,138,666,2002.0,3039.0,0.0,0.29601,-0.232513,PHL,MEX,0142
26017,197,138,666,2002.0,0.0,928536.0,-0.258579,-0.096214,SLV,MEX,0142
26018,216,138,666,2002.0,10303.0,0.0,0.513887,1.545967,THA,MEX,0142
26019,231,138,666,2002.0,29455572.0,1585552.0,1.853174,0.120986,USA,MEX,0142
26020,18,142,666,2002.0,58347.0,0.0,1.424339,1.372755,BEL,MLT,0142
26021,23,142,666,2002.0,15154.0,0.0,0.468058,1.644037,BGR,MLT,0142
26022,61,142,666,2002.0,112956.0,0.0,2.367856,-2.195331,DEU,MLT,0142
26023,64,142,666,2002.0,576780.0,0.0,1.344708,1.321135,DNK,MLT,0142
26024,71,142,666,2002.0,10718.0,0.0,1.054108,1.9357349999999998,ESP,MLT,0142
26025,72,142,666,2002.0,125148.0,0.0,0.576142,1.168563,EST,MLT,0142
26026,77,142,666,2002.0,3688.0,0.0,1.648526,0.6870430000000001,FRA,MLT,0142
26027,81,142,666,2002.0,28845.0,0.0,2.067395,0.7934359999999999,GBR,MLT,0142
26028,106,142,666,2002.0,16540.0,0.0,1.7939310000000002,0.219254,IRL,MLT,0142
26029,111,142,666,2002.0,1333973.0,0.0,1.3944219999999998,1.125362,ITA,MLT,0142
26030,132,142,666,2002.0,4351.0,0.0,0.41409799999999997,0.6281680000000001,LVA,MLT,0142
26031,162,142,666,2002.0,477519.0,0.0,1.175777,1.667472,NLD,MLT,0142
26032,179,142,666,2002.0,21052.0,14557.0,0.584956,1.377068,PRT,MLT,0142
26033,185,142,666,2002.0,4667.0,0.0,0.549227,1.071998,ROU,MLT,0142
26034,231,142,666,2002.0,1517.0,0.0,1.853174,0.120986,USA,MLT,0142
26035,7,153,666,2002.0,35674.0,0.0,-0.288838,-0.640049,ARE,MYS,0142
26036,14,153,666,2002.0,4673.0,6077.0,-0.052462,0.759617,AUS,MYS,0142
26037,22,153,666,2002.0,0.0,3214.0,-0.9509,-1.113308,BGD,MYS,0142
26038,24,153,666,2002.0,0.0,3670.0,-0.31754099999999996,-1.099381,BHR,MYS,0142
26039,34,153,666,2002.0,0.0,115323.0,-1.359507,-1.084339,BRN,MYS,0142
26040,39,153,666,2002.0,0.0,7585.0,0.9672360000000001,1.389981,CAN,MYS,0142
26041,43,153,666,2002.0,67791.0,10793.0,0.6181220000000001,1.9636759999999998,CHN,MYS,0142
26042,61,153,666,2002.0,77860.0,0.0,2.367856,-2.195331,DEU,MYS,0142
26043,64,153,666,2002.0,2600332.0,0.0,1.344708,1.321135,DNK,MYS,0142
26044,77,153,666,2002.0,1208495.0,0.0,1.648526,0.6870430000000001,FRA,MYS,0142
26045,97,153,666,2002.0,80551.0,3244.0,0.704932,1.291658,HKG,MYS,0142
26046,103,153,666,2002.0,51643.0,145703.0,0.098182,1.7305840000000001,IDN,MYS,0142
26047,104,153,666,2002.0,0.0,38736.0,0.32974000000000003,2.376477,IND,MYS,0142
26048,118,153,666,2002.0,0.0,1814.0,-0.8577629999999999,-1.071536,KHM,MYS,0142
26049,162,153,666,2002.0,3627.0,149951.0,1.175777,1.667472,NLD,MYS,0142
26050,192,153,666,2002.0,116163.0,300484.0,1.7077209999999998,0.683549,SGP,MYS,0142
26051,216,153,666,2002.0,24273.0,0.0,0.513887,1.545967,THA,MYS,0142
26052,231,153,666,2002.0,217103.0,107233.0,1.853174,0.120986,USA,MYS,0142
26053,236,153,666,2002.0,4859.0,0.0,-0.008877,-0.753486,VEN,MYS,0142
26054,250,153,666,2002.0,168091.0,0.0,0.5979300000000001,-0.497816,ANS,MYS,0142
26055,22,160,666,2002.0,0.0,1112.0,-0.9509,-1.113308,BGD,NIC,0142
26056,49,160,666,2002.0,1168.0,0.0,0.219861,0.45238999999999996,COL,NIC,0142
26057,52,160,666,2002.0,801822.0,0.0,0.083983,-0.096237,CRI,NIC,0142
26058,71,160,666,2002.0,6350.0,0.0,1.054108,1.9357349999999998,ESP,NIC,0142
26059,169,160,666,2002.0,0.0,23313.0,0.085746,0.21839,PAN,NIC,0142
26060,197,160,666,2002.0,3829.0,87928.0,-0.258579,-0.096214,SLV,NIC,0142
26061,231,160,666,2002.0,52665.0,0.0,1.853174,0.120986,USA,NIC,0142
26062,0,162,666,2002.0,0.0,372838.0,0.27076100000000003,-0.858951,ABW,NLD,0142
26063,1,162,666,2002.0,0.0,1891.0,-0.11885899999999999,-0.346093,AFG,NLD,0142
26064,2,162,666,2002.0,0.0,31202.0,-1.8043639999999999,-1.250642,AGO,NLD,0142
26065,6,162,666,2002.0,0.0,843746.0,0.145946,-0.704052,ANT,NLD,0142
26066,7,162,666,2002.0,0.0,539825.0,-0.288838,-0.640049,ARE,NLD,0142
26067,14,162,666,2002.0,0.0,521638.0,-0.052462,0.759617,AUS,NLD,0142
26068,15,162,666,2002.0,177882.0,103138.0,1.866997,0.400527,AUT,NLD,0142
26069,18,162,666,2002.0,46145004.0,16643085.0,1.424339,1.372755,BEL,NLD,0142
26070,21,162,666,2002.0,0.0,8507.0,-0.5542590000000001,-0.5946060000000001,BFA,NLD,0142
26071,22,162,666,2002.0,0.0,2766.0,-0.9509,-1.113308,BGD,NLD,0142
26072,23,162,666,2002.0,0.0,7962.0,0.468058,1.644037,BGR,NLD,0142
26073,24,162,666,2002.0,0.0,45414.0,-0.31754099999999996,-1.099381,BHR,NLD,0142
26074,25,162,666,2002.0,0.0,14212.0,0.035127,-0.536416,BHS,NLD,0142
26075,26,162,666,2002.0,0.0,53960.0,0.223543,0.44595100000000004,BIH,NLD,0142
26076,28,162,666,2002.0,0.0,20619.0,0.865742,1.1823860000000002,BLR,NLD,0142
26077,29,162,666,2002.0,0.0,11424.0,-0.553335,-0.753058,BLZ,NLD,0142
26078,33,162,666,2002.0,0.0,19245.0,0.547024,-0.004036,BRB,NLD,0142
26079,39,162,666,2002.0,21364.0,0.0,0.9672360000000001,1.389981,CAN,NLD,0142
26080,44,162,666,2002.0,0.0,11110.0,-0.803739,-0.752218,CIV,NLD,0142
26081,45,162,666,2002.0,0.0,8924.0,-1.188713,-1.109944,CMR,NLD,0142
26082,46,162,666,2002.0,0.0,17027.0,-1.218664,-1.1406120000000002,COD,NLD,0142
26083,47,162,666,2002.0,0.0,19874.0,-1.468836,-1.250484,COG,NLD,0142
26084,51,162,666,2002.0,0.0,31152.0,-0.315184,-0.660522,CPV,NLD,0142
26085,54,162,666,2002.0,0.0,69894.0,-0.896759,-1.079825,CUB,NLD,0142
26086,58,162,666,2002.0,0.0,58784.0,0.332088,0.50441,CYP,NLD,0142
26087,59,162,666,2002.0,0.0,193929.0,1.5835139999999999,0.9563010000000001,CZE,NLD,0142
26088,61,162,666,2002.0,35205064.0,10228887.0,2.367856,-2.195331,DEU,NLD,0142
26089,63,162,666,2002.0,0.0,1605.0,0.212137,-0.112873,DMA,NLD,0142
26090,64,162,666,2002.0,481143.0,68026.0,1.344708,1.321135,DNK,NLD,0142
26091,67,162,666,2002.0,0.0,1171.0,-0.973858,-0.8924979999999999,ECU,NLD,0142
26092,68,162,666,2002.0,0.0,29988.0,-0.37218,0.634319,EGY,NLD,0142
26093,69,162,666,2002.0,0.0,11393.0,1.019399,0.23989899999999997,ERI,NLD,0142
26094,71,162,666,2002.0,3575453.0,515768.0,1.054108,1.9357349999999998,ESP,NLD,0142
26095,72,162,666,2002.0,2896.0,6555.0,0.576142,1.168563,EST,NLD,0142
26096,74,162,666,2002.0,525973.0,43166.0,1.9545119999999998,1.047515,FIN,NLD,0142
26097,77,162,666,2002.0,1721717.0,1586962.0,1.648526,0.6870430000000001,FRA,NLD,0142
26098,80,162,666,2002.0,0.0,72856.0,-1.34341,-1.238593,GAB,NLD,0142
26099,81,162,666,2002.0,362345.0,30211242.0,2.067395,0.7934359999999999,GBR,NLD,0142
26100,82,162,666,2002.0,0.0,1405.0,0.23526999999999998,-0.156333,GEO,NLD,0142
26101,83,162,666,2002.0,0.0,3157.0,-1.258567,-1.048266,GHA,NLD,0142
26102,84,162,666,2002.0,0.0,19856.0,0.404483,-0.313042,GIB,NLD,0142
26103,85,162,666,2002.0,0.0,16779.0,-1.684157,-1.256743,GIN,NLD,0142
26104,87,162,666,2002.0,0.0,305925.0,0.266536,0.20776,GMB,NLD,0142
26105,89,162,666,2002.0,0.0,22714.0,-1.8647490000000002,-0.96145,GNQ,NLD,0142
26106,90,162,666,2002.0,33598.0,127862.0,0.20355399999999998,1.4130200000000002,GRC,NLD,0142
26107,97,162,666,2002.0,0.0,81885.0,0.704932,1.291658,HKG,NLD,0142
26108,100,162,666,2002.0,0.0,31127.0,0.603546,1.273001,HRV,NLD,0142
26109,102,162,666,2002.0,491082.0,0.0,1.232359,1.064425,HUN,NLD,0142
26110,103,162,666,2002.0,26356.0,4033.0,0.098182,1.7305840000000001,IDN,NLD,0142
26111,104,162,666,2002.0,0.0,16555.0,0.32974000000000003,2.376477,IND,NLD,0142
26112,106,162,666,2002.0,44321.0,828689.0,1.7939310000000002,0.219254,IRL,NLD,0142
26113,109,162,666,2002.0,0.0,3480.0,0.17011700000000002,-0.33925500000000003,ISL,NLD,0142
26114,110,162,666,2002.0,0.0,14242.0,1.257709,0.8318989999999999,ISR,NLD,0142
26115,111,162,666,2002.0,2694782.0,60042.0,1.3944219999999998,1.125362,ITA,NLD,0142
26116,113,162,666,2002.0,0.0,339603.0,0.34023000000000003,0.264754,JOR,NLD,0142
26117,115,162,666,2002.0,0.0,83590.0,-0.100361,-0.502468,KAZ,NLD,0142
26118,122,162,666,2002.0,0.0,24202.0,-0.794007,-1.192659,KWT,NLD,0142
26119,124,162,666,2002.0,0.0,648954.0,0.220906,1.470297,LBN,NLD,0142
26120,125,162,666,2002.0,0.0,3793.0,-0.683036,-1.158808,LBR,NLD,0142
26121,126,162,666,2002.0,0.0,12288.0,-0.692769,-1.188682,LBY,NLD,0142
26122,127,162,666,2002.0,0.0,1508.0,0.261861,-0.36480999999999997,LCA,NLD,0142
26123,131,162,666,2002.0,456027.0,1901.0,1.396249,1.153017,LUX,NLD,0142
26124,135,162,666,2002.0,0.0,63704.0,-0.017383000000000003,0.109124,MDA,NLD,0142
26125,136,162,666,2002.0,0.0,11402.0,-1.109564,-0.642039,MDG,NLD,0142
26126,137,162,666,2002.0,0.0,14994.0,-1.0471700000000002,-0.976184,MDV,NLD,0142
26127,140,162,666,2002.0,0.0,3436.0,-0.027727999999999996,0.41846400000000006,MKD,NLD,0142
26128,142,162,666,2002.0,0.0,477519.0,0.901235,-0.140261,MLT,NLD,0142
26129,145,162,666,2002.0,0.0,1903.0,-0.711096,-0.9835799999999999,MNG,NLD,0142
26130,147,162,666,2002.0,0.0,24478.0,-1.337891,-1.187073,MOZ,NLD,0142
26131,151,162,666,2002.0,0.0,7329.0,-0.382062,-0.379224,MUS,NLD,0142
26132,153,162,666,2002.0,149951.0,3627.0,0.9987159999999999,0.26558200000000004,MYS,NLD,0142
26133,156,162,666,2002.0,0.0,84949.0,-0.7477739999999999,-1.006248,NCL,NLD,0142
26134,159,162,666,2002.0,0.0,18295.0,-1.705991,-1.292926,NGA,NLD,0142
26135,163,162,666,2002.0,119210.0,5979.0,0.689588,-0.007016,NOR,NLD,0142
26136,166,162,666,2002.0,0.0,3983.0,0.370673,0.7853829999999999,NZL,NLD,0142
26137,167,162,666,2002.0,0.0,9066.0,-1.307058,-1.270916,OMN,NLD,0142
26138,174,162,666,2002.0,0.0,1410.0,0.29601,-0.232513,PHL,NLD,0142
26139,178,162,666,2002.0,0.0,1667041.0,0.629678,1.0153780000000001,PRK,NLD,0142
26140,179,162,666,2002.0,30482.0,581048.0,0.584956,1.377068,PRT,NLD,0142
26141,182,162,666,2002.0,0.0,47700.0,-0.363179,-0.8967450000000001,PYF,NLD,0142
26142,183,162,666,2002.0,0.0,23591.0,-0.002177,-1.042517,QAT,NLD,0142
26143,185,162,666,2002.0,0.0,3573.0,0.549227,1.071998,ROU,NLD,0142
26144,186,162,666,2002.0,0.0,1257069.0,0.6051449999999999,0.272307,RUS,NLD,0142
26145,188,162,666,2002.0,8089.0,73019.0,0.048764,-0.903125,SAU,NLD,0142
26146,189,162,666,2002.0,0.0,26910.0,0.523459,2.58657,SCG,NLD,0142
26147,190,162,666,2002.0,0.0,6725.0,-1.336665,-1.19919,SDN,NLD,0142
26148,191,162,666,2002.0,0.0,15082.0,-0.5424939999999999,-0.554531,SEN,NLD,0142
26149,192,162,666,2002.0,0.0,9205.0,1.7077209999999998,0.683549,SGP,NLD,0142
26150,196,162,666,2002.0,0.0,94319.0,0.29478899999999997,0.055865,SLE,NLD,0142
26151,200,162,666,2002.0,0.0,6653.0,-0.791918,-0.965751,SPM,NLD,0142
26152,205,162,666,2002.0,0.0,285336.0,-1.002898,-0.905595,SUR,NLD,0142
26153,206,162,666,2002.0,0.0,10609.0,1.269549,1.184774,SVK,NLD,0142
26154,208,162,666,2002.0,77236.0,456313.0,2.134,0.769413,SWE,NLD,0142
26155,215,162,666,2002.0,0.0,44840.0,-0.688284,-0.5292789999999999,TGO,NLD,0142
26156,222,162,666,2002.0,0.0,1176.0,-0.056315,-0.803537,TTO,NLD,0142
26157,224,162,666,2002.0,0.0,46797.0,0.12982,1.8032650000000001,TUR,NLD,0142
26158,228,162,666,2002.0,0.0,11884.0,0.575372,1.131722,UKR,NLD,0142
26159,231,162,666,2002.0,9924.0,294226.0,1.853174,0.120986,USA,NLD,0142
26160,241,162,666,2002.0,0.0,14433.0,0.712441,-0.668211,WLF,NLD,0142
26161,243,162,666,2002.0,0.0,15128.0,-1.447637,-1.289748,YEM,NLD,0142
26162,246,162,666,2002.0,0.0,10894.0,0.32760500000000004,2.497746,ZAF,NLD,0142
26163,250,162,666,2002.0,0.0,20601.0,0.5979300000000001,-0.497816,ANS,NLD,0142
26164,18,163,666,2002.0,0.0,14559.0,1.424339,1.372755,BEL,NOR,0142
26165,26,163,666,2002.0,0.0,2732.0,0.223543,0.44595100000000004,BIH,NOR,0142
26166,61,163,666,2002.0,10625.0,14788.0,2.367856,-2.195331,DEU,NOR,0142
26167,64,163,666,2002.0,286736.0,455658.0,1.344708,1.321135,DNK,NOR,0142
26168,71,163,666,2002.0,56796.0,15522.0,1.054108,1.9357349999999998,ESP,NOR,0142
26169,72,163,666,2002.0,19582.0,0.0,0.576142,1.168563,EST,NOR,0142
26170,77,163,666,2002.0,30728.0,0.0,1.648526,0.6870430000000001,FRA,NOR,0142
26171,81,163,666,2002.0,7745.0,0.0,2.067395,0.7934359999999999,GBR,NOR,0142
26172,111,163,666,2002.0,133194.0,0.0,1.3944219999999998,1.125362,ITA,NOR,0142
26173,114,163,666,2002.0,0.0,5537.0,2.7747580000000003,0.43663199999999996,JPN,NOR,0142
26174,162,163,666,2002.0,5979.0,119210.0,1.175777,1.667472,NLD,NOR,0142
26175,186,163,666,2002.0,0.0,3655.0,0.6051449999999999,0.272307,RUS,NOR,0142
26176,192,163,666,2002.0,0.0,4579.0,1.7077209999999998,0.683549,SGP,NOR,0142
26177,208,163,666,2002.0,92255.0,3643218.0,2.134,0.769413,SWE,NOR,0142
26178,246,163,666,2002.0,0.0,2187.0,0.32760500000000004,2.497746,ZAF,NOR,0142
26179,10,166,666,2002.0,0.0,2807.0,1.002446,0.17447200000000002,ASM,NZL,0142
26180,14,166,666,2002.0,952127.0,1893012.0,-0.052462,0.759617,AUS,NZL,0142
26181,39,166,666,2002.0,59611.0,0.0,0.9672360000000001,1.389981,CAN,NZL,0142
26182,48,166,666,2002.0,0.0,212027.0,0.595648,-0.301939,COK,NZL,0142
26183,103,166,666,2002.0,0.0,2624.0,0.098182,1.7305840000000001,IDN,NZL,0142
26184,156,166,666,2002.0,0.0,1384.0,-0.7477739999999999,-1.006248,NCL,NZL,0142
26185,158,166,666,2002.0,0.0,5804.0,1.214393,-0.442896,NFK,NZL,0142
26186,161,166,666,2002.0,0.0,13061.0,0.891747,-0.5216930000000001,NIU,NZL,0142
26187,162,166,666,2002.0,3983.0,0.0,1.175777,1.667472,NLD,NZL,0142
26188,174,166,666,2002.0,1080.0,0.0,0.29601,-0.232513,PHL,NZL,0142
26189,176,166,666,2002.0,0.0,18577.0,-1.430299,-1.172593,PNG,NZL,0142
26190,182,166,666,2002.0,0.0,14100.0,-0.363179,-0.8967450000000001,PYF,NZL,0142
26191,221,166,666,2002.0,0.0,9806.0,-0.772079,-1.0016479999999999,TON,NZL,0142
26192,231,166,666,2002.0,17551.0,0.0,1.853174,0.120986,USA,NZL,0142
26193,240,166,666,2002.0,0.0,2404.0,-1.110093,-1.015554,VUT,NZL,0142
26194,242,166,666,2002.0,0.0,6101.0,-0.09827000000000001,-0.540676,WSM,NZL,0142
26195,23,169,666,2002.0,1735.0,0.0,0.468058,1.644037,BGR,PAN,0142
26196,43,169,666,2002.0,3765.0,0.0,0.6181220000000001,1.9636759999999998,CHN,PAN,0142
26197,49,169,666,2002.0,37415.0,0.0,0.219861,0.45238999999999996,COL,PAN,0142
26198,52,169,666,2002.0,43107.0,0.0,0.083983,-0.096237,CRI,PAN,0142
26199,71,169,666,2002.0,71106.0,0.0,1.054108,1.9357349999999998,ESP,PAN,0142
26200,72,169,666,2002.0,24910.0,0.0,0.576142,1.168563,EST,PAN,0142
26201,93,169,666,2002.0,423632.0,2721.0,-0.49913,-0.038079,GTM,PAN,0142
26202,132,169,666,2002.0,2007.0,0.0,0.41409799999999997,0.6281680000000001,LVA,PAN,0142
26203,160,169,666,2002.0,23313.0,0.0,-0.634946,-0.37966,NIC,PAN,0142
26204,222,169,666,2002.0,15855.0,0.0,-0.056315,-0.803537,TTO,PAN,0142
26205,231,169,666,2002.0,769400.0,0.0,1.853174,0.120986,USA,PAN,0142
26206,250,169,666,2002.0,4355.0,0.0,0.5979300000000001,-0.497816,ANS,PAN,0142
26207,8,173,666,2002.0,6623.0,0.0,0.045376,0.71768,ARG,PER,0142
26208,18,173,666,2002.0,24804.0,0.0,1.424339,1.372755,BEL,PER,0142
26209,42,173,666,2002.0,219793.0,0.0,-0.079201,-0.11449200000000001,CHL,PER,0142
26210,43,173,666,2002.0,11682.0,0.0,0.6181220000000001,1.9636759999999998,CHN,PER,0142
26211,64,173,666,2002.0,37361.0,0.0,1.344708,1.321135,DNK,PER,0142
26212,71,173,666,2002.0,55410.0,0.0,1.054108,1.9357349999999998,ESP,PER,0142
26213,77,173,666,2002.0,6731.0,0.0,1.648526,0.6870430000000001,FRA,PER,0142
26214,97,173,666,2002.0,1670.0,0.0,0.704932,1.291658,HKG,PER,0142
26215,111,173,666,2002.0,30766.0,0.0,1.3944219999999998,1.125362,ITA,PER,0142
26216,208,173,666,2002.0,1468.0,0.0,2.134,0.769413,SWE,PER,0142
26217,231,173,666,2002.0,112971.0,0.0,1.853174,0.120986,USA,PER,0142
26218,7,174,666,2002.0,7895.0,72883.0,-0.288838,-0.640049,ARE,PHL,0142
26219,8,174,666,2002.0,35375.0,0.0,0.045376,0.71768,ARG,PHL,0142
26220,14,174,666,2002.0,135450.0,1077.0,-0.052462,0.759617,AUS,PHL,0142
26221,15,174,666,2002.0,78570.0,0.0,1.866997,0.400527,AUT,PHL,0142
26222,24,174,666,2002.0,0.0,10211.0,-0.31754099999999996,-1.099381,BHR,PHL,0142
26223,34,174,666,2002.0,0.0,7423.0,-1.359507,-1.084339,BRN,PHL,0142
26224,39,174,666,2002.0,31034.0,0.0,0.9672360000000001,1.389981,CAN,PHL,0142
26225,41,174,666,2002.0,28639.0,0.0,2.205507,0.831836,CHE,PHL,0142
26226,43,174,666,2002.0,143053.0,0.0,0.6181220000000001,1.9636759999999998,CHN,PHL,0142
26227,61,174,666,2002.0,37145.0,1393.0,2.367856,-2.195331,DEU,PHL,0142
26228,64,174,666,2002.0,42124.0,0.0,1.344708,1.321135,DNK,PHL,0142
26229,71,174,666,2002.0,8508.0,0.0,1.054108,1.9357349999999998,ESP,PHL,0142
26230,72,174,666,2002.0,1043.0,0.0,0.576142,1.168563,EST,PHL,0142
26231,77,174,666,2002.0,4590.0,0.0,1.648526,0.6870430000000001,FRA,PHL,0142
26232,95,174,666,2002.0,0.0,1210.0,-0.5440229999999999,-0.929201,GUM,PHL,0142
26233,97,174,666,2002.0,1670.0,36833.0,0.704932,1.291658,HKG,PHL,0142
26234,103,174,666,2002.0,1039.0,0.0,0.098182,1.7305840000000001,IDN,PHL,0142
26235,111,174,666,2002.0,19022.0,3495.0,1.3944219999999998,1.125362,ITA,PHL,0142
26236,114,174,666,2002.0,0.0,20446.0,2.7747580000000003,0.43663199999999996,JPN,PHL,0142
26237,121,174,666,2002.0,104815.0,0.0,1.4172719999999999,0.8763139999999999,KOR,PHL,0142
26238,138,174,666,2002.0,0.0,3039.0,1.2677129999999999,0.599314,MEX,PHL,0142
26239,162,174,666,2002.0,1410.0,0.0,1.175777,1.667472,NLD,PHL,0142
26240,166,174,666,2002.0,0.0,1080.0,0.370673,0.7853829999999999,NZL,PHL,0142
26241,192,174,666,2002.0,2071.0,1745.0,1.7077209999999998,0.683549,SGP,PHL,0142
26242,231,174,666,2002.0,5131575.0,0.0,1.853174,0.120986,USA,PHL,0142
26243,239,174,666,2002.0,0.0,1013.0,-0.44170699999999996,0.544708,VNM,PHL,0142
26244,249,174,666,2002.0,25291.0,0.0,1.9084720000000002,1.253714,TWN,PHL,0142
26245,2,179,666,2002.0,0.0,15696454.0,-1.8043639999999999,-1.250642,AGO,PRT,0142
26246,5,179,666,2002.0,0.0,25505.0,1.3229389999999999,0.9635950000000001,AND,PRT,0142
26247,6,179,666,2002.0,0.0,15711.0,0.145946,-0.704052,ANT,PRT,0142
26248,18,179,666,2002.0,4781.0,71633.0,1.424339,1.372755,BEL,PRT,0142
26249,32,179,666,2002.0,0.0,19068.0,0.631343,1.249344,BRA,PRT,0142
26250,39,179,666,2002.0,0.0,14993.0,0.9672360000000001,1.389981,CAN,PRT,0142
26251,41,179,666,2002.0,0.0,39916.0,2.205507,0.831836,CHE,PRT,0142
26252,46,179,666,2002.0,0.0,2549.0,-1.218664,-1.1406120000000002,COD,PRT,0142
26253,47,179,666,2002.0,0.0,8515.0,-1.468836,-1.250484,COG,PRT,0142
26254,51,179,666,2002.0,0.0,936235.0,-0.315184,-0.660522,CPV,PRT,0142
26255,54,179,666,2002.0,0.0,18183.0,-0.896759,-1.079825,CUB,PRT,0142
26256,58,179,666,2002.0,0.0,40805.0,0.332088,0.50441,CYP,PRT,0142
26257,61,179,666,2002.0,11180186.0,104009.0,2.367856,-2.195331,DEU,PRT,0142
26258,64,179,666,2002.0,213320.0,6091.0,1.344708,1.321135,DNK,PRT,0142
26259,71,179,666,2002.0,15428894.0,539523.0,1.054108,1.9357349999999998,ESP,PRT,0142
26260,77,179,666,2002.0,1267506.0,913421.0,1.648526,0.6870430000000001,FRA,PRT,0142
26261,81,179,666,2002.0,278080.0,312273.0,2.067395,0.7934359999999999,GBR,PRT,0142
26262,88,179,666,2002.0,0.0,17209.0,-0.30444099999999996,-0.815509,GNB,PRT,0142
26263,93,179,666,2002.0,0.0,3618.0,-0.49913,-0.038079,GTM,PRT,0142
26264,97,179,666,2002.0,0.0,5264.0,0.704932,1.291658,HKG,PRT,0142
26265,106,179,666,2002.0,0.0,3574.0,1.7939310000000002,0.219254,IRL,PRT,0142
26266,111,179,666,2002.0,251792.0,1177.0,1.3944219999999998,1.125362,ITA,PRT,0142
26267,131,179,666,2002.0,2087.0,215924.0,1.396249,1.153017,LUX,PRT,0142
26268,133,179,666,2002.0,0.0,168578.0,0.005082,-0.328658,MAC,PRT,0142
26269,142,179,666,2002.0,14557.0,21052.0,0.901235,-0.140261,MLT,PRT,0142
26270,147,179,666,2002.0,0.0,73530.0,-1.337891,-1.187073,MOZ,PRT,0142
26271,155,179,666,2002.0,0.0,64285.0,-0.137725,-0.361452,NAM,PRT,0142
26272,162,179,666,2002.0,581048.0,30482.0,1.175777,1.667472,NLD,PRT,0142
26273,199,179,666,2002.0,0.0,24184.0,-0.145777,-0.512123,SOM,PRT,0142
26274,203,179,666,2002.0,0.0,491724.0,0.767305,-0.0836,STP,PRT,0142
26275,208,179,666,2002.0,33625.0,0.0,2.134,0.769413,SWE,PRT,0142
26276,220,179,666,2002.0,0.0,25325.0,0.5889810000000001,-0.43221400000000004,TLS,PRT,0142
26277,231,179,666,2002.0,0.0,8936.0,1.853174,0.120986,USA,PRT,0142
26278,246,179,666,2002.0,0.0,22131.0,0.32760500000000004,2.497746,ZAF,PRT,0142
26279,250,179,666,2002.0,0.0,26765.0,0.5979300000000001,-0.497816,ANS,PRT,0142
26280,8,180,666,2002.0,4315.0,0.0,0.045376,0.71768,ARG,PRY,0142
26281,32,180,666,2002.0,163350.0,0.0,0.631343,1.249344,BRA,PRY,0142
26282,231,180,666,2002.0,1082.0,0.0,1.853174,0.120986,USA,PRY,0142
26283,67,190,666,2002.0,8141.0,0.0,-0.973858,-0.8924979999999999,ECU,SDN,0142
26284,162,190,666,2002.0,6725.0,0.0,1.175777,1.667472,NLD,SDN,0142
26285,14,192,666,2002.0,155412.0,0.0,-0.052462,0.759617,AUS,SGP,0142
26286,22,192,666,2002.0,0.0,5097.0,-0.9509,-1.113308,BGD,SGP,0142
26287,34,192,666,2002.0,0.0,4687.0,-1.359507,-1.084339,BRN,SGP,0142
26288,39,192,666,2002.0,33303.0,0.0,0.9672360000000001,1.389981,CAN,SGP,0142
26289,43,192,666,2002.0,94413.0,2789.0,0.6181220000000001,1.9636759999999998,CHN,SGP,0142
26290,61,192,666,2002.0,59543.0,0.0,2.367856,-2.195331,DEU,SGP,0142
26291,64,192,666,2002.0,1901576.0,0.0,1.344708,1.321135,DNK,SGP,0142
26292,72,192,666,2002.0,2289.0,0.0,0.576142,1.168563,EST,SGP,0142
26293,77,192,666,2002.0,1517146.0,0.0,1.648526,0.6870430000000001,FRA,SGP,0142
26294,81,192,666,2002.0,21978.0,0.0,2.067395,0.7934359999999999,GBR,SGP,0142
26295,97,192,666,2002.0,6955.0,11530.0,0.704932,1.291658,HKG,SGP,0142
26296,103,192,666,2002.0,170423.0,8748.0,0.098182,1.7305840000000001,IDN,SGP,0142
26297,104,192,666,2002.0,0.0,2008.0,0.32974000000000003,2.376477,IND,SGP,0142
26298,118,192,666,2002.0,0.0,4594.0,-0.8577629999999999,-1.071536,KHM,SGP,0142
26299,137,192,666,2002.0,0.0,31534.0,-1.0471700000000002,-0.976184,MDV,SGP,0142
26300,153,192,666,2002.0,300484.0,116163.0,0.9987159999999999,0.26558200000000004,MYS,SGP,0142
26301,159,192,666,2002.0,0.0,3131.0,-1.705991,-1.292926,NGA,SGP,0142
26302,162,192,666,2002.0,9205.0,0.0,1.175777,1.667472,NLD,SGP,0142
26303,163,192,666,2002.0,4579.0,0.0,0.689588,-0.007016,NOR,SGP,0142
26304,174,192,666,2002.0,1745.0,2071.0,0.29601,-0.232513,PHL,SGP,0142
26305,208,192,666,2002.0,1950.0,0.0,2.134,0.769413,SWE,SGP,0142
26306,216,192,666,2002.0,0.0,1446.0,0.513887,1.545967,THA,SGP,0142
26307,220,192,666,2002.0,0.0,19648.0,0.5889810000000001,-0.43221400000000004,TLS,SGP,0142
26308,231,192,666,2002.0,2889762.0,0.0,1.853174,0.120986,USA,SGP,0142
26309,239,192,666,2002.0,26032.0,0.0,-0.44170699999999996,0.544708,VNM,SGP,0142
26310,249,192,666,2002.0,1862.0,18104.0,1.9084720000000002,1.253714,TWN,SGP,0142
26311,52,197,666,2002.0,1291232.0,0.0,0.083983,-0.096237,CRI,SLV,0142
26312,64,197,666,2002.0,2752.0,0.0,1.344708,1.321135,DNK,SLV,0142
26313,71,197,666,2002.0,17352.0,0.0,1.054108,1.9357349999999998,ESP,SLV,0142
26314,93,197,666,2002.0,870052.0,128059.0,-0.49913,-0.038079,GTM,SLV,0142
26315,99,197,666,2002.0,0.0,1015486.0,-0.637891,-0.564421,HND,SLV,0142
26316,111,197,666,2002.0,10366.0,0.0,1.3944219999999998,1.125362,ITA,SLV,0142
26317,138,197,666,2002.0,928536.0,0.0,1.2677129999999999,0.599314,MEX,SLV,0142
26318,160,197,666,2002.0,87928.0,3829.0,-0.634946,-0.37966,NIC,SLV,0142
26319,231,197,666,2002.0,171288.0,0.0,1.853174,0.120986,USA,SLV,0142
26320,32,205,666,2002.0,142640.0,0.0,0.631343,1.249344,BRA,SUR,0142
26321,33,205,666,2002.0,22988.0,0.0,0.547024,-0.004036,BRB,SUR,0142
26322,64,205,666,2002.0,88050.0,0.0,1.344708,1.321135,DNK,SUR,0142
26323,96,205,666,2002.0,0.0,1054.0,-1.050604,-0.9015549999999999,GUY,SUR,0142
26324,112,205,666,2002.0,11109.0,0.0,-0.459541,-0.947443,JAM,SUR,0142
26325,162,205,666,2002.0,285336.0,0.0,1.175777,1.667472,NLD,SUR,0142
26326,222,205,666,2002.0,35784.0,0.0,-0.056315,-0.803537,TTO,SUR,0142
26327,231,205,666,2002.0,51831.0,0.0,1.853174,0.120986,USA,SUR,0142
26328,15,208,666,2002.0,89965.0,6336.0,1.866997,0.400527,AUT,SWE,0142
26329,18,208,666,2002.0,230478.0,88706.0,1.424339,1.372755,BEL,SWE,0142
26330,61,208,666,2002.0,7561724.0,882574.0,2.367856,-2.195331,DEU,SWE,0142
26331,64,208,666,2002.0,14796094.0,478678.0,1.344708,1.321135,DNK,SWE,0142
26332,71,208,666,2002.0,927314.0,251000.0,1.054108,1.9357349999999998,ESP,SWE,0142
26333,72,208,666,2002.0,29070.0,248466.0,0.576142,1.168563,EST,SWE,0142
26334,74,208,666,2002.0,4635652.0,1020122.0,1.9545119999999998,1.047515,FIN,SWE,0142
26335,77,208,666,2002.0,578415.0,55961.0,1.648526,0.6870430000000001,FRA,SWE,0142
26336,81,208,666,2002.0,7034.0,641952.0,2.067395,0.7934359999999999,GBR,SWE,0142
26337,90,208,666,2002.0,13077.0,1472.0,0.20355399999999998,1.4130200000000002,GRC,SWE,0142
26338,97,208,666,2002.0,0.0,16978.0,0.704932,1.291658,HKG,SWE,0142
26339,100,208,666,2002.0,96100.0,7172.0,0.603546,1.273001,HRV,SWE,0142
26340,102,208,666,2002.0,1845844.0,0.0,1.232359,1.064425,HUN,SWE,0142
26341,106,208,666,2002.0,197973.0,0.0,1.7939310000000002,0.219254,IRL,SWE,0142
26342,107,208,666,2002.0,0.0,1436.0,-0.665259,-0.840274,IRN,SWE,0142
26343,110,208,666,2002.0,23824.0,0.0,1.257709,0.8318989999999999,ISR,SWE,0142
26344,111,208,666,2002.0,2773770.0,39064.0,1.3944219999999998,1.125362,ITA,SWE,0142
26345,130,208,666,2002.0,0.0,119398.0,0.15796,0.855931,LTU,SWE,0142
26346,131,208,666,2002.0,15244.0,8623.0,1.396249,1.153017,LUX,SWE,0142
26347,132,208,666,2002.0,0.0,161588.0,0.41409799999999997,0.6281680000000001,LVA,SWE,0142
26348,162,208,666,2002.0,456313.0,77236.0,1.175777,1.667472,NLD,SWE,0142
26349,163,208,666,2002.0,3643218.0,92255.0,0.689588,-0.007016,NOR,SWE,0142
26350,173,208,666,2002.0,0.0,1468.0,-0.456603,0.030838,PER,SWE,0142
26351,177,208,666,2002.0,160316.0,0.0,0.9449299999999999,1.655764,POL,SWE,0142
26352,179,208,666,2002.0,0.0,33625.0,0.584956,1.377068,PRT,SWE,0142
26353,186,208,666,2002.0,0.0,9601.0,0.6051449999999999,0.272307,RUS,SWE,0142
26354,192,208,666,2002.0,0.0,1950.0,1.7077209999999998,0.683549,SGP,SWE,0142
26355,207,208,666,2002.0,535692.0,0.0,1.469681,1.13303,SVN,SWE,0142
26356,216,208,666,2002.0,14735.0,0.0,0.513887,1.545967,THA,SWE,0142
26357,14,216,666,2002.0,3770.0,18862.0,-0.052462,0.759617,AUS,THA,0142
26358,34,216,666,2002.0,0.0,1015.0,-1.359507,-1.084339,BRN,THA,0142
26359,64,216,666,2002.0,1282.0,0.0,1.344708,1.321135,DNK,THA,0142
26360,71,216,666,2002.0,1375.0,0.0,1.054108,1.9357349999999998,ESP,THA,0142
26361,77,216,666,2002.0,2842.0,0.0,1.648526,0.6870430000000001,FRA,THA,0142
26362,81,216,666,2002.0,0.0,12734.0,2.067395,0.7934359999999999,GBR,THA,0142
26363,97,216,666,2002.0,0.0,14149.0,0.704932,1.291658,HKG,THA,0142
26364,102,216,666,2002.0,4921.0,0.0,1.232359,1.064425,HUN,THA,0142
26365,103,216,666,2002.0,0.0,4909.0,0.098182,1.7305840000000001,IDN,THA,0142
26366,104,216,666,2002.0,0.0,3820.0,0.32974000000000003,2.376477,IND,THA,0142
26367,111,216,666,2002.0,69409.0,0.0,1.3944219999999998,1.125362,ITA,THA,0142
26368,114,216,666,2002.0,35989.0,1360658.0,2.7747580000000003,0.43663199999999996,JPN,THA,0142
26369,122,216,666,2002.0,0.0,5413.0,-0.794007,-1.192659,KWT,THA,0142
26370,124,216,666,2002.0,0.0,6183.0,0.220906,1.470297,LBN,THA,0142
26371,138,216,666,2002.0,0.0,10303.0,1.2677129999999999,0.599314,MEX,THA,0142
26372,143,216,666,2002.0,0.0,2092.0,-1.251639,-0.994909,MMR,THA,0142
26373,153,216,666,2002.0,0.0,24273.0,0.9987159999999999,0.26558200000000004,MYS,THA,0142
26374,192,216,666,2002.0,1446.0,0.0,1.7077209999999998,0.683549,SGP,THA,0142
26375,208,216,666,2002.0,0.0,14735.0,2.134,0.769413,SWE,THA,0142
26376,231,216,666,2002.0,150835.0,0.0,1.853174,0.120986,USA,THA,0142
26377,239,216,666,2002.0,0.0,10427.0,-0.44170699999999996,0.544708,VNM,THA,0142
26378,249,216,666,2002.0,0.0,11527.0,1.9084720000000002,1.253714,TWN,THA,0142
26379,6,222,666,2002.0,0.0,5622.0,0.145946,-0.704052,ANT,TTO,0142
26380,13,222,666,2002.0,0.0,28683.0,0.23995500000000003,-0.754877,ATG,TTO,0142
26381,29,222,666,2002.0,0.0,13568.0,-0.553335,-0.753058,BLZ,TTO,0142
26382,33,222,666,2002.0,85897.0,29084.0,0.547024,-0.004036,BRB,TTO,0142
26383,39,222,666,2002.0,44167.0,0.0,0.9672360000000001,1.389981,CAN,TTO,0142
26384,63,222,666,2002.0,0.0,65879.0,0.212137,-0.112873,DMA,TTO,0142
26385,81,222,666,2002.0,3993.0,0.0,2.067395,0.7934359999999999,GBR,TTO,0142
26386,91,222,666,2002.0,0.0,111292.0,0.822523,0.032938999999999996,GRD,TTO,0142
26387,96,222,666,2002.0,0.0,225736.0,-1.050604,-0.9015549999999999,GUY,TTO,0142
26388,112,222,666,2002.0,21403.0,511617.0,-0.459541,-0.947443,JAM,TTO,0142
26389,114,222,666,2002.0,0.0,101080.0,2.7747580000000003,0.43663199999999996,JPN,TTO,0142
26390,120,222,666,2002.0,0.0,4425.0,0.757789,-0.2968,KNA,TTO,0142
26391,127,222,666,2002.0,0.0,31683.0,0.261861,-0.36480999999999997,LCA,TTO,0142
26392,162,222,666,2002.0,1176.0,0.0,1.175777,1.667472,NLD,TTO,0142
26393,169,222,666,2002.0,0.0,15855.0,0.085746,0.21839,PAN,TTO,0142
26394,205,222,666,2002.0,0.0,35784.0,-1.002898,-0.905595,SUR,TTO,0142
26395,231,222,666,2002.0,67763.0,0.0,1.853174,0.120986,USA,TTO,0142
26396,234,222,666,2002.0,0.0,76712.0,-0.268813,-0.67072,VCT,TTO,0142
26397,237,222,666,2002.0,0.0,1929.0,0.6891930000000001,-0.27620500000000003,VGB,TTO,0142
26398,250,222,666,2002.0,0.0,12108.0,0.5979300000000001,-0.497816,ANS,TTO,0142
26399,16,224,666,2002.0,0.0,92528.0,-0.566735,-1.003158,AZE,TUR,0142
26400,23,224,666,2002.0,55752.0,0.0,0.468058,1.644037,BGR,TUR,0142
26401,24,224,666,2002.0,0.0,1916.0,-0.31754099999999996,-1.099381,BHR,TUR,0142
26402,39,224,666,2002.0,0.0,1808.0,0.9672360000000001,1.389981,CAN,TUR,0142
26403,58,224,666,2002.0,0.0,139373.0,0.332088,0.50441,CYP,TUR,0142
26404,61,224,666,2002.0,21797.0,7745.0,2.367856,-2.195331,DEU,TUR,0142
26405,64,224,666,2002.0,158870.0,0.0,1.344708,1.321135,DNK,TUR,0142
26406,77,224,666,2002.0,0.0,308773.0,1.648526,0.6870430000000001,FRA,TUR,0142
26407,82,224,666,2002.0,0.0,73212.0,0.23526999999999998,-0.156333,GEO,TUR,0142
26408,102,224,666,2002.0,55614.0,0.0,1.232359,1.064425,HUN,TUR,0142
26409,111,224,666,2002.0,4661.0,5535.0,1.3944219999999998,1.125362,ITA,TUR,0142
26410,140,224,666,2002.0,0.0,27570.0,-0.027727999999999996,0.41846400000000006,MKD,TUR,0142
26411,162,224,666,2002.0,46797.0,0.0,1.175777,1.667472,NLD,TUR,0142
26412,183,224,666,2002.0,0.0,1107.0,-0.002177,-1.042517,QAT,TUR,0142
26413,189,224,666,2002.0,0.0,55955.0,0.523459,2.58657,SCG,TUR,0142
26414,219,224,666,2002.0,0.0,32318.0,-0.9178629999999999,-1.202212,TKM,TUR,0142
26415,228,224,666,2002.0,1297.0,0.0,0.575372,1.131722,UKR,TUR,0142
26416,231,224,666,2002.0,11163.0,0.0,1.853174,0.120986,USA,TUR,0142
26417,232,224,666,2002.0,0.0,16054.0,-0.583861,-0.758266,UZB,TUR,0142
26418,250,224,666,2002.0,0.0,36174.0,0.5979300000000001,-0.497816,ANS,TUR,0142
26419,32,230,666,2002.0,68297.0,0.0,0.631343,1.249344,BRA,URY,0142
26420,77,230,666,2002.0,5282.0,0.0,1.648526,0.6870430000000001,FRA,URY,0142
26421,231,230,666,2002.0,10728.0,0.0,1.853174,0.120986,USA,URY,0142
26422,0,231,666,2002.0,0.0,777021.0,0.27076100000000003,-0.858951,ABW,USA,0142
26423,3,231,666,2002.0,0.0,31045.0,1.822725,0.45911899999999994,AIA,USA,0142
26424,6,231,666,2002.0,0.0,386226.0,0.145946,-0.704052,ANT,USA,0142
26425,7,231,666,2002.0,0.0,858045.0,-0.288838,-0.640049,ARE,USA,0142
26426,8,231,666,2002.0,59339.0,6096.0,0.045376,0.71768,ARG,USA,0142
26427,9,231,666,2002.0,0.0,24131.0,0.66447,-0.08317000000000001,ARM,USA,0142
26428,13,231,666,2002.0,0.0,265873.0,0.23995500000000003,-0.754877,ATG,USA,0142
26429,15,231,666,2002.0,21200.0,0.0,1.866997,0.400527,AUT,USA,0142
26430,16,231,666,2002.0,0.0,153248.0,-0.566735,-1.003158,AZE,USA,0142
26431,23,231,666,2002.0,2578.0,0.0,0.468058,1.644037,BGR,USA,0142
26432,24,231,666,2002.0,0.0,81030.0,-0.31754099999999996,-1.099381,BHR,USA,0142
26433,25,231,666,2002.0,0.0,1920575.0,0.035127,-0.536416,BHS,USA,0142
26434,29,231,666,2002.0,0.0,15584.0,-0.553335,-0.753058,BLZ,USA,0142
26435,30,231,666,2002.0,0.0,920326.0,0.934739,-0.465542,BMU,USA,0142
26436,31,231,666,2002.0,0.0,3018.0,-0.785592,-0.6761119999999999,BOL,USA,0142
26437,32,231,666,2002.0,39486.0,3245.0,0.631343,1.249344,BRA,USA,0142
26438,33,231,666,2002.0,2557.0,48730.0,0.547024,-0.004036,BRB,USA,0142
26439,39,231,666,2002.0,12933954.0,52296080.0,0.9672360000000001,1.389981,CAN,USA,0142
26440,41,231,666,2002.0,0.0,4324.0,2.205507,0.831836,CHE,USA,0142
26441,42,231,666,2002.0,0.0,42260.0,-0.079201,-0.11449200000000001,CHL,USA,0142
26442,43,231,666,2002.0,1071.0,190641.0,0.6181220000000001,1.9636759999999998,CHN,USA,0142
26443,44,231,666,2002.0,0.0,39861.0,-0.803739,-0.752218,CIV,USA,0142
26444,49,231,666,2002.0,0.0,347394.0,0.219861,0.45238999999999996,COL,USA,0142
26445,51,231,666,2002.0,1902.0,0.0,-0.315184,-0.660522,CPV,USA,0142
26446,52,231,666,2002.0,62723.0,343203.0,0.083983,-0.096237,CRI,USA,0142
26447,57,231,666,2002.0,0.0,48714.0,0.570589,-0.692583,CYM,USA,0142
26448,61,231,666,2002.0,256084.0,12160.0,2.367856,-2.195331,DEU,USA,0142
26449,63,231,666,2002.0,0.0,72386.0,0.212137,-0.112873,DMA,USA,0142
26450,64,231,666,2002.0,3326426.0,2394.0,1.344708,1.321135,DNK,USA,0142
26451,65,231,666,2002.0,0.0,1827777.0,-0.43339300000000003,-0.378827,DOM,USA,0142
26452,66,231,666,2002.0,0.0,6251.0,-0.9281389999999999,-1.19549,DZA,USA,0142
26453,67,231,666,2002.0,5525.0,35775.0,-0.973858,-0.8924979999999999,ECU,USA,0142
26454,68,231,666,2002.0,0.0,114380.0,-0.37218,0.634319,EGY,USA,0142
26455,71,231,666,2002.0,774667.0,40473.0,1.054108,1.9357349999999998,ESP,USA,0142
26456,72,231,666,2002.0,1554.0,0.0,0.576142,1.168563,EST,USA,0142
26457,75,231,666,2002.0,0.0,1301.0,-0.788026,-0.432015,FJI,USA,0142
26458,77,231,666,2002.0,246746.0,0.0,1.648526,0.6870430000000001,FRA,USA,0142
26459,79,231,666,2002.0,0.0,123428.0,-1.416799,-1.080317,FSM,USA,0142
26460,80,231,666,2002.0,0.0,12500.0,-1.34341,-1.238593,GAB,USA,0142
26461,81,231,666,2002.0,4370.0,0.0,2.067395,0.7934359999999999,GBR,USA,0142
26462,91,231,666,2002.0,0.0,46132.0,0.822523,0.032938999999999996,GRD,USA,0142
26463,93,231,666,2002.0,131774.0,410120.0,-0.49913,-0.038079,GTM,USA,0142
26464,96,231,666,2002.0,0.0,190265.0,-1.050604,-0.9015549999999999,GUY,USA,0142
26465,97,231,666,2002.0,0.0,14271784.0,0.704932,1.291658,HKG,USA,0142
26466,99,231,666,2002.0,0.0,514427.0,-0.637891,-0.564421,HND,USA,0142
26467,101,231,666,2002.0,0.0,4098635.0,-0.837823,-0.834512,HTI,USA,0142
26468,102,231,666,2002.0,198861.0,58626.0,1.232359,1.064425,HUN,USA,0142
26469,103,231,666,2002.0,0.0,2689.0,0.098182,1.7305840000000001,IDN,USA,0142
26470,106,231,666,2002.0,314616.0,0.0,1.7939310000000002,0.219254,IRL,USA,0142
26471,110,231,666,2002.0,36115.0,0.0,1.257709,0.8318989999999999,ISR,USA,0142
26472,111,231,666,2002.0,957345.0,5461.0,1.3944219999999998,1.125362,ITA,USA,0142
26473,112,231,666,2002.0,0.0,187882.0,-0.459541,-0.947443,JAM,USA,0142
26474,114,231,666,2002.0,5783.0,57818940.0,2.7747580000000003,0.43663199999999996,JPN,USA,0142
26475,118,231,666,2002.0,0.0,8475.0,-0.8577629999999999,-1.071536,KHM,USA,0142
26476,120,231,666,2002.0,0.0,11213.0,0.757789,-0.2968,KNA,USA,0142
26477,121,231,666,2002.0,12653.0,13873881.0,1.4172719999999999,0.8763139999999999,KOR,USA,0142
26478,122,231,666,2002.0,0.0,326008.0,-0.794007,-1.192659,KWT,USA,0142
26479,124,231,666,2002.0,2582.0,131259.0,0.220906,1.470297,LBN,USA,0142
26480,127,231,666,2002.0,0.0,102099.0,0.261861,-0.36480999999999997,LCA,USA,0142
26481,130,231,666,2002.0,5275.0,0.0,0.15796,0.855931,LTU,USA,0142
26482,133,231,666,2002.0,0.0,127502.0,0.005082,-0.328658,MAC,USA,0142
26483,138,231,666,2002.0,1585552.0,29455572.0,1.2677129999999999,0.599314,MEX,USA,0142
26484,139,231,666,2002.0,0.0,52896.0,0.769126,-0.845166,MHL,USA,0142
26485,140,231,666,2002.0,0.0,3604.0,-0.027727999999999996,0.41846400000000006,MKD,USA,0142
26486,142,231,666,2002.0,0.0,1517.0,0.901235,-0.140261,MLT,USA,0142
26487,149,231,666,2002.0,0.0,26099.0,1.6121860000000001,0.078151,MSR,USA,0142
26488,153,231,666,2002.0,107233.0,217103.0,0.9987159999999999,0.26558200000000004,MYS,USA,0142
26489,159,231,666,2002.0,0.0,11813.0,-1.705991,-1.292926,NGA,USA,0142
26490,160,231,666,2002.0,0.0,52665.0,-0.634946,-0.37966,NIC,USA,0142
26491,162,231,666,2002.0,294226.0,9924.0,1.175777,1.667472,NLD,USA,0142
26492,166,231,666,2002.0,0.0,17551.0,0.370673,0.7853829999999999,NZL,USA,0142
26493,169,231,666,2002.0,0.0,769400.0,0.085746,0.21839,PAN,USA,0142
26494,173,231,666,2002.0,0.0,112971.0,-0.456603,0.030838,PER,USA,0142
26495,174,231,666,2002.0,0.0,5131575.0,0.29601,-0.232513,PHL,USA,0142
26496,175,231,666,2002.0,0.0,52679.0,-0.8780950000000001,-1.033134,PLW,USA,0142
26497,177,231,666,2002.0,840088.0,116751.0,0.9449299999999999,1.655764,POL,USA,0142
26498,179,231,666,2002.0,8936.0,0.0,0.584956,1.377068,PRT,USA,0142
26499,180,231,666,2002.0,0.0,1082.0,-0.733796,-0.9001530000000001,PRY,USA,0142
26500,182,231,666,2002.0,0.0,488881.0,-0.363179,-0.8967450000000001,PYF,USA,0142
26501,183,231,666,2002.0,0.0,113337.0,-0.002177,-1.042517,QAT,USA,0142
26502,185,231,666,2002.0,0.0,16771.0,0.549227,1.071998,ROU,USA,0142
26503,186,231,666,2002.0,0.0,828256.0,0.6051449999999999,0.272307,RUS,USA,0142
26504,188,231,666,2002.0,0.0,1169215.0,0.048764,-0.903125,SAU,USA,0142
26505,191,231,666,2002.0,0.0,43404.0,-0.5424939999999999,-0.554531,SEN,USA,0142
26506,192,231,666,2002.0,0.0,2889762.0,1.7077209999999998,0.683549,SGP,USA,0142
26507,197,231,666,2002.0,0.0,171288.0,-0.258579,-0.096214,SLV,USA,0142
26508,205,231,666,2002.0,0.0,51831.0,-1.002898,-0.905595,SUR,USA,0142
26509,213,231,666,2002.0,0.0,6388.0,0.849978,0.260833,TCA,USA,0142
26510,216,231,666,2002.0,0.0,150835.0,0.513887,1.545967,THA,USA,0142
26511,221,231,666,2002.0,0.0,6433.0,-0.772079,-1.0016479999999999,TON,USA,0142
26512,222,231,666,2002.0,0.0,67763.0,-0.056315,-0.803537,TTO,USA,0142
26513,224,231,666,2002.0,0.0,11163.0,0.12982,1.8032650000000001,TUR,USA,0142
26514,230,231,666,2002.0,0.0,10728.0,0.048498,0.118565,URY,USA,0142
26515,234,231,666,2002.0,0.0,96826.0,-0.268813,-0.67072,VCT,USA,0142
26516,236,231,666,2002.0,0.0,91097.0,-0.008877,-0.753486,VEN,USA,0142
26517,237,231,666,2002.0,0.0,48050.0,0.6891930000000001,-0.27620500000000003,VGB,USA,0142
26518,239,231,666,2002.0,5294.0,9479.0,-0.44170699999999996,0.544708,VNM,USA,0142
26519,242,231,666,2002.0,0.0,8263.0,-0.09827000000000001,-0.540676,WSM,USA,0142
26520,246,231,666,2002.0,0.0,201695.0,0.32760500000000004,2.497746,ZAF,USA,0142
26521,249,231,666,2002.0,0.0,1499516.0,1.9084720000000002,1.253714,TWN,USA,0142
26522,6,236,666,2002.0,0.0,2374.0,0.145946,-0.704052,ANT,VEN,0142
26523,39,236,666,2002.0,3335.0,0.0,0.9672360000000001,1.389981,CAN,VEN,0142
26524,41,236,666,2002.0,1250.0,0.0,2.205507,0.831836,CHE,VEN,0142
26525,43,236,666,2002.0,16980.0,0.0,0.6181220000000001,1.9636759999999998,CHN,VEN,0142
26526,49,236,666,2002.0,1110.0,0.0,0.219861,0.45238999999999996,COL,VEN,0142
26527,61,236,666,2002.0,7033.0,0.0,2.367856,-2.195331,DEU,VEN,0142
26528,71,236,666,2002.0,343110.0,0.0,1.054108,1.9357349999999998,ESP,VEN,0142
26529,77,236,666,2002.0,1735.0,82014.0,1.648526,0.6870430000000001,FRA,VEN,0142
26530,111,236,666,2002.0,95838.0,0.0,1.3944219999999998,1.125362,ITA,VEN,0142
26531,153,236,666,2002.0,0.0,4859.0,0.9987159999999999,0.26558200000000004,MYS,VEN,0142
26532,231,236,666,2002.0,91097.0,0.0,1.853174,0.120986,USA,VEN,0142
26533,14,239,666,2002.0,7906.0,0.0,-0.052462,0.759617,AUS,VNM,0142
26534,18,239,666,2002.0,2532.0,0.0,1.424339,1.372755,BEL,VNM,0142
26535,43,239,666,2002.0,0.0,156998.0,0.6181220000000001,1.9636759999999998,CHN,VNM,0142
26536,61,239,666,2002.0,2342.0,22840.0,2.367856,-2.195331,DEU,VNM,0142
26537,64,239,666,2002.0,15907.0,9078.0,1.344708,1.321135,DNK,VNM,0142
26538,77,239,666,2002.0,15475.0,0.0,1.648526,0.6870430000000001,FRA,VNM,0142
26539,97,239,666,2002.0,0.0,142536.0,0.704932,1.291658,HKG,VNM,0142
26540,114,239,666,2002.0,0.0,830275.0,2.7747580000000003,0.43663199999999996,JPN,VNM,0142
26541,118,239,666,2002.0,0.0,1406.0,-0.8577629999999999,-1.071536,KHM,VNM,0142
26542,121,239,666,2002.0,0.0,68249.0,1.4172719999999999,0.8763139999999999,KOR,VNM,0142
26543,174,239,666,2002.0,1013.0,0.0,0.29601,-0.232513,PHL,VNM,0142
26544,192,239,666,2002.0,0.0,26032.0,1.7077209999999998,0.683549,SGP,VNM,0142
26545,209,239,666,2002.0,0.0,6062.0,0.409355,-0.047221,SWZ,VNM,0142
26546,216,239,666,2002.0,10427.0,0.0,0.513887,1.545967,THA,VNM,0142
26547,231,239,666,2002.0,9479.0,5294.0,1.853174,0.120986,USA,VNM,0142
26548,249,239,666,2002.0,0.0,469714.0,1.9084720000000002,1.253714,TWN,VNM,0142
26549,2,246,666,2002.0,0.0,64087.0,-1.8043639999999999,-1.250642,AGO,ZAF,0142
26550,18,246,666,2002.0,1385.0,0.0,1.424339,1.372755,BEL,ZAF,0142
26551,32,246,666,2002.0,81344.0,0.0,0.631343,1.249344,BRA,ZAF,0142
26552,37,246,666,2002.0,0.0,957629.0,-0.164526,-1.04616,BWA,ZAF,0142
26553,39,246,666,2002.0,0.0,1169.0,0.9672360000000001,1.389981,CAN,ZAF,0142
26554,44,246,666,2002.0,0.0,1359.0,-0.803739,-0.752218,CIV,ZAF,0142
26555,45,246,666,2002.0,0.0,7785.0,-1.188713,-1.109944,CMR,ZAF,0142
26556,46,246,666,2002.0,0.0,29928.0,-1.218664,-1.1406120000000002,COD,ZAF,0142
26557,50,246,666,2002.0,0.0,8779.0,-0.634921,-0.9792120000000001,COM,ZAF,0142
26558,51,246,666,2002.0,0.0,13488.0,-0.315184,-0.660522,CPV,ZAF,0142
26559,61,246,666,2002.0,2893.0,0.0,2.367856,-2.195331,DEU,ZAF,0142
26560,77,246,666,2002.0,2722.0,0.0,1.648526,0.6870430000000001,FRA,ZAF,0142
26561,83,246,666,2002.0,0.0,3690.0,-1.258567,-1.048266,GHA,ZAF,0142
26562,106,246,666,2002.0,7021.0,0.0,1.7939310000000002,0.219254,IRL,ZAF,0142
26563,111,246,666,2002.0,219949.0,0.0,1.3944219999999998,1.125362,ITA,ZAF,0142
26564,129,246,666,2002.0,0.0,1709712.0,-1.313698,-1.153109,LSO,ZAF,0142
26565,141,246,666,2002.0,0.0,1891.0,-0.786698,-0.682438,MLI,ZAF,0142
26566,147,246,666,2002.0,2052.0,246549.0,-1.337891,-1.187073,MOZ,ZAF,0142
26567,151,246,666,2002.0,0.0,11633.0,-0.382062,-0.379224,MUS,ZAF,0142
26568,152,246,666,2002.0,0.0,42710.0,-1.431612,-1.234903,MWI,ZAF,0142
26569,155,246,666,2002.0,61162.0,692531.0,-0.137725,-0.361452,NAM,ZAF,0142
26570,159,246,666,2002.0,0.0,21602.0,-1.705991,-1.292926,NGA,ZAF,0142
26571,162,246,666,2002.0,10894.0,0.0,1.175777,1.667472,NLD,ZAF,0142
26572,163,246,666,2002.0,2187.0,0.0,0.689588,-0.007016,NOR,ZAF,0142
26573,179,246,666,2002.0,22131.0,0.0,0.584956,1.377068,PRT,ZAF,0142
26574,194,246,666,2002.0,0.0,4735.0,1.542309,-0.038145,SHN,ZAF,0142
26575,209,246,666,2002.0,0.0,247290.0,0.409355,-0.047221,SWZ,ZAF,0142
26576,226,246,666,2002.0,0.0,8860.0,-1.234127,-0.421158,TZA,ZAF,0142
26577,227,246,666,2002.0,0.0,914972.0,-1.262952,-0.903123,UGA,ZAF,0142
26578,231,246,666,2002.0,201695.0,0.0,1.853174,0.120986,USA,ZAF,0142
26579,247,246,666,2002.0,0.0,57650.0,-0.840258,-0.639474,ZMB,ZAF,0142
26580,248,246,666,2002.0,0.0,26576.0,-0.36033000000000004,0.452182,ZWE,ZAF,0142
26581,14,249,666,2002.0,3687.0,0.0,-0.052462,0.759617,AUS,TWN,0142
26582,39,249,666,2002.0,128481.0,0.0,0.9672360000000001,1.389981,CAN,TWN,0142
26583,43,249,666,2002.0,0.0,46745.0,0.6181220000000001,1.9636759999999998,CHN,TWN,0142
26584,61,249,666,2002.0,54475.0,0.0,2.367856,-2.195331,DEU,TWN,0142
26585,97,249,666,2002.0,0.0,119246.0,0.704932,1.291658,HKG,TWN,0142
26586,103,249,666,2002.0,12282.0,0.0,0.098182,1.7305840000000001,IDN,TWN,0142
26587,110,249,666,2002.0,17566.0,0.0,1.257709,0.8318989999999999,ISR,TWN,0142
26588,111,249,666,2002.0,2645.0,0.0,1.3944219999999998,1.125362,ITA,TWN,0142
26589,114,249,666,2002.0,7883.0,2139638.0,2.7747580000000003,0.43663199999999996,JPN,TWN,0142
26590,133,249,666,2002.0,0.0,4057.0,0.005082,-0.328658,MAC,TWN,0142
26591,174,249,666,2002.0,0.0,25291.0,0.29601,-0.232513,PHL,TWN,0142
26592,192,249,666,2002.0,18104.0,1862.0,1.7077209999999998,0.683549,SGP,TWN,0142
26593,216,249,666,2002.0,11527.0,0.0,0.513887,1.545967,THA,TWN,0142
26594,231,249,666,2002.0,1499516.0,0.0,1.853174,0.120986,USA,TWN,0142
26595,239,249,666,2002.0,469714.0,0.0,-0.44170699999999996,0.544708,VNM,TWN,0142
26596,14,7,666,2002.0,52149.0,0.0,-0.052462,0.759617,AUS,ARE,0142
26597,15,7,666,2002.0,131999.0,0.0,1.866997,0.400527,AUT,ARE,0142
26598,16,7,666,2002.0,0.0,371051.0,-0.566735,-1.003158,AZE,ARE,0142
26599,18,7,666,2002.0,2970.0,0.0,1.424339,1.372755,BEL,ARE,0142
26600,24,7,666,2002.0,0.0,53074.0,-0.31754099999999996,-1.099381,BHR,ARE,0142
26601,32,7,666,2002.0,991396.0,0.0,0.631343,1.249344,BRA,ARE,0142
26602,39,7,666,2002.0,99015.0,0.0,0.9672360000000001,1.389981,CAN,ARE,0142
26603,58,7,666,2002.0,3094.0,0.0,0.332088,0.50441,CYP,ARE,0142
26604,61,7,666,2002.0,69997.0,0.0,2.367856,-2.195331,DEU,ARE,0142
26605,64,7,666,2002.0,3162137.0,0.0,1.344708,1.321135,DNK,ARE,0142
26606,77,7,666,2002.0,857389.0,0.0,1.648526,0.6870430000000001,FRA,ARE,0142
26607,81,7,666,2002.0,35019.0,0.0,2.067395,0.7934359999999999,GBR,ARE,0142
26608,102,7,666,2002.0,40299.0,0.0,1.232359,1.064425,HUN,ARE,0142
26609,106,7,666,2002.0,29856.0,0.0,1.7939310000000002,0.219254,IRL,ARE,0142
26610,107,7,666,2002.0,0.0,4414.0,-0.665259,-0.840274,IRN,ARE,0142
26611,111,7,666,2002.0,66269.0,0.0,1.3944219999999998,1.125362,ITA,ARE,0142
26612,115,7,666,2002.0,0.0,34370.0,-0.100361,-0.502468,KAZ,ARE,0142
26613,116,7,666,2002.0,411112.0,0.0,-0.59055,0.000731,KEN,ARE,0142
26614,122,7,666,2002.0,680575.0,295564.0,-0.794007,-1.192659,KWT,ARE,0142
26615,124,7,666,2002.0,1251.0,0.0,0.220906,1.470297,LBN,ARE,0142
26616,128,7,666,2002.0,32745.0,8014.0,-0.461765,-0.057614,LKA,ARE,0142
26617,137,7,666,2002.0,0.0,55370.0,-1.0471700000000002,-0.976184,MDV,ARE,0142
26618,151,7,666,2002.0,0.0,7275.0,-0.382062,-0.379224,MUS,ARE,0142
26619,153,7,666,2002.0,0.0,35674.0,0.9987159999999999,0.26558200000000004,MYS,ARE,0142
26620,159,7,666,2002.0,0.0,5108.0,-1.705991,-1.292926,NGA,ARE,0142
26621,162,7,666,2002.0,539825.0,0.0,1.175777,1.667472,NLD,ARE,0142
26622,167,7,666,2002.0,7665.0,421091.0,-1.307058,-1.270916,OMN,ARE,0142
26623,174,7,666,2002.0,72883.0,7895.0,0.29601,-0.232513,PHL,ARE,0142
26624,183,7,666,2002.0,1172.0,0.0,-0.002177,-1.042517,QAT,ARE,0142
26625,188,7,666,2002.0,31200.0,0.0,0.048764,-0.903125,SAU,ARE,0142
26626,226,7,666,2002.0,0.0,9976.0,-1.234127,-0.421158,TZA,ARE,0142
26627,231,7,666,2002.0,858045.0,0.0,1.853174,0.120986,USA,ARE,0142
26628,7,14,666,2002.0,0.0,52149.0,-0.288838,-0.640049,ARE,AUS,0142
26629,24,14,666,2002.0,0.0,3902.0,-0.31754099999999996,-1.099381,BHR,AUS,0142
26630,39,14,666,2002.0,3402.0,0.0,0.9672360000000001,1.389981,CAN,AUS,0142
26631,40,14,666,2002.0,0.0,1472.0,0.8486940000000001,-0.49132200000000004,CCK,AUS,0142
26632,43,14,666,2002.0,0.0,17821.0,0.6181220000000001,1.9636759999999998,CHN,AUS,0142
26633,56,14,666,2002.0,0.0,1646.0,0.731695,-0.674509,CXR,AUS,0142
26634,64,14,666,2002.0,5365.0,0.0,1.344708,1.321135,DNK,AUS,0142
26635,75,14,666,2002.0,0.0,18772.0,-0.788026,-0.432015,FJI,AUS,0142
26636,79,14,666,2002.0,0.0,4651.0,-1.416799,-1.080317,FSM,AUS,0142
26637,95,14,666,2002.0,0.0,15385.0,-0.5440229999999999,-0.929201,GUM,AUS,0142
26638,97,14,666,2002.0,0.0,62806.0,0.704932,1.291658,HKG,AUS,0142
26639,100,14,666,2002.0,15867.0,0.0,0.603546,1.273001,HRV,AUS,0142
26640,103,14,666,2002.0,0.0,510124.0,0.098182,1.7305840000000001,IDN,AUS,0142
26641,104,14,666,2002.0,0.0,62142.0,0.32974000000000003,2.376477,IND,AUS,0142
26642,113,14,666,2002.0,2558.0,0.0,0.34023000000000003,0.264754,JOR,AUS,0142
26643,114,14,666,2002.0,0.0,7332773.0,2.7747580000000003,0.43663199999999996,JPN,AUS,0142
26644,115,14,666,2002.0,0.0,1129.0,-0.100361,-0.502468,KAZ,AUS,0142
26645,116,14,666,2002.0,0.0,5031.0,-0.59055,0.000731,KEN,AUS,0142
26646,118,14,666,2002.0,0.0,4614.0,-0.8577629999999999,-1.071536,KHM,AUS,0142
26647,119,14,666,2002.0,0.0,213390.0,0.347526,-0.822594,KIR,AUS,0142
26648,121,14,666,2002.0,0.0,34844.0,1.4172719999999999,0.8763139999999999,KOR,AUS,0142
26649,122,14,666,2002.0,0.0,503086.0,-0.794007,-1.192659,KWT,AUS,0142
26650,134,14,666,2002.0,0.0,44091.0,-0.690226,-0.42557,MAR,AUS,0142
26651,137,14,666,2002.0,0.0,78760.0,-1.0471700000000002,-0.976184,MDV,AUS,0142
26652,140,14,666,2002.0,0.0,105846.0,-0.027727999999999996,0.41846400000000006,MKD,AUS,0142
26653,151,14,666,2002.0,0.0,109571.0,-0.382062,-0.379224,MUS,AUS,0142
26654,153,14,666,2002.0,6077.0,4673.0,0.9987159999999999,0.26558200000000004,MYS,AUS,0142
26655,156,14,666,2002.0,0.0,154651.0,-0.7477739999999999,-1.006248,NCL,AUS,0142
26656,158,14,666,2002.0,0.0,13089.0,1.214393,-0.442896,NFK,AUS,0142
26657,162,14,666,2002.0,521638.0,0.0,1.175777,1.667472,NLD,AUS,0142
26658,165,14,666,2002.0,0.0,155124.0,0.9837370000000001,-0.34583400000000003,NRU,AUS,0142
26659,166,14,666,2002.0,1893012.0,952127.0,0.370673,0.7853829999999999,NZL,AUS,0142
26660,174,14,666,2002.0,1077.0,135450.0,0.29601,-0.232513,PHL,AUS,0142
26661,176,14,666,2002.0,8983.0,99315.0,-1.430299,-1.172593,PNG,AUS,0142
26662,177,14,666,2002.0,0.0,48759.0,0.9449299999999999,1.655764,POL,AUS,0142
26663,182,14,666,2002.0,0.0,1574.0,-0.363179,-0.8967450000000001,PYF,AUS,0142
26664,188,14,666,2002.0,0.0,60546.0,0.048764,-0.903125,SAU,AUS,0142
26665,192,14,666,2002.0,0.0,155412.0,1.7077209999999998,0.683549,SGP,AUS,0142
26666,195,14,666,2002.0,0.0,99749.0,-0.890172,-0.948835,SLB,AUS,0142
26667,216,14,666,2002.0,18862.0,3770.0,0.513887,1.545967,THA,AUS,0142
26668,221,14,666,2002.0,0.0,7848.0,-0.772079,-1.0016479999999999,TON,AUS,0142
26669,239,14,666,2002.0,0.0,7906.0,-0.44170699999999996,0.544708,VNM,AUS,0142
26670,240,14,666,2002.0,0.0,42734.0,-1.110093,-1.015554,VUT,AUS,0142
26671,249,14,666,2002.0,0.0,3687.0,1.9084720000000002,1.253714,TWN,AUS,0142
26672,7,16,666,2002.0,371051.0,0.0,-0.288838,-0.640049,ARE,AZE,0142
26673,15,16,666,2002.0,26380.0,0.0,1.866997,0.400527,AUT,AZE,0142
26674,32,16,666,2002.0,34146.0,0.0,0.631343,1.249344,BRA,AZE,0142
26675,39,16,666,2002.0,29985.0,0.0,0.9672360000000001,1.389981,CAN,AZE,0142
26676,61,16,666,2002.0,20336.0,0.0,2.367856,-2.195331,DEU,AZE,0142
26677,64,16,666,2002.0,238072.0,0.0,1.344708,1.321135,DNK,AZE,0142
26678,71,16,666,2002.0,45652.0,0.0,1.054108,1.9357349999999998,ESP,AZE,0142
26679,77,16,666,2002.0,304183.0,0.0,1.648526,0.6870430000000001,FRA,AZE,0142
26680,102,16,666,2002.0,94297.0,0.0,1.232359,1.064425,HUN,AZE,0142
26681,111,16,666,2002.0,4544.0,0.0,1.3944219999999998,1.125362,ITA,AZE,0142
26682,132,16,666,2002.0,8804.0,0.0,0.41409799999999997,0.6281680000000001,LVA,AZE,0142
26683,177,16,666,2002.0,1471785.0,0.0,0.9449299999999999,1.655764,POL,AZE,0142
26684,186,16,666,2002.0,770594.0,0.0,0.6051449999999999,0.272307,RUS,AZE,0142
26685,224,16,666,2002.0,92528.0,0.0,0.12982,1.8032650000000001,TUR,AZE,0142
26686,231,16,666,2002.0,153248.0,0.0,1.853174,0.120986,USA,AZE,0142
26687,18,19,666,2002.0,12456.0,0.0,1.424339,1.372755,BEL,BEN,0142
26688,77,19,666,2002.0,241134.0,0.0,1.648526,0.6870430000000001,FRA,BEN,0142
26689,215,19,666,2002.0,13870.0,0.0,-0.688284,-0.5292789999999999,TGO,BEN,0142
26690,32,22,666,2002.0,5882.0,0.0,0.631343,1.249344,BRA,BGD,0142
26691,61,22,666,2002.0,5323.0,0.0,2.367856,-2.195331,DEU,BGD,0142
26692,64,22,666,2002.0,6533.0,0.0,1.344708,1.321135,DNK,BGD,0142
26693,128,22,666,2002.0,2022.0,0.0,-0.461765,-0.057614,LKA,BGD,0142
26694,153,22,666,2002.0,3214.0,0.0,0.9987159999999999,0.26558200000000004,MYS,BGD,0142
26695,160,22,666,2002.0,1112.0,0.0,-0.634946,-0.37966,NIC,BGD,0142
26696,162,22,666,2002.0,2766.0,0.0,1.175777,1.667472,NLD,BGD,0142
26697,192,22,666,2002.0,5097.0,0.0,1.7077209999999998,0.683549,SGP,BGD,0142
26698,13,23,666,2002.0,0.0,2070.0,0.23995500000000003,-0.754877,ATG,BGR,0142
26699,15,23,666,2002.0,830594.0,30233.0,1.866997,0.400527,AUT,BGR,0142
26700,18,23,666,2002.0,63073.0,0.0,1.424339,1.372755,BEL,BGR,0142
26701,25,23,666,2002.0,0.0,1735.0,0.035127,-0.536416,BHS,BGR,0142
26702,39,23,666,2002.0,99572.0,0.0,0.9672360000000001,1.389981,CAN,BGR,0142
26703,58,23,666,2002.0,0.0,3568.0,0.332088,0.50441,CYP,BGR,0142
26704,59,23,666,2002.0,87923.0,6986.0,1.5835139999999999,0.9563010000000001,CZE,BGR,0142
26705,61,23,666,2002.0,8775.0,0.0,2.367856,-2.195331,DEU,BGR,0142
26706,64,23,666,2002.0,255274.0,0.0,1.344708,1.321135,DNK,BGR,0142
26707,71,23,666,2002.0,452319.0,0.0,1.054108,1.9357349999999998,ESP,BGR,0142
26708,77,23,666,2002.0,2306.0,0.0,1.648526,0.6870430000000001,FRA,BGR,0142
26709,82,23,666,2002.0,0.0,14645.0,0.23526999999999998,-0.156333,GEO,BGR,0142
26710,90,23,666,2002.0,32418.0,6621.0,0.20355399999999998,1.4130200000000002,GRC,BGR,0142
26711,102,23,666,2002.0,314332.0,6337.0,1.232359,1.064425,HUN,BGR,0142
26712,111,23,666,2002.0,1434.0,0.0,1.3944219999999998,1.125362,ITA,BGR,0142
26713,115,23,666,2002.0,0.0,2860.0,-0.100361,-0.502468,KAZ,BGR,0142
26714,118,23,666,2002.0,0.0,3865.0,-0.8577629999999999,-1.071536,KHM,BGR,0142
26715,125,23,666,2002.0,0.0,2010.0,-0.683036,-1.158808,LBR,BGR,0142
26716,139,23,666,2002.0,0.0,2591.0,0.769126,-0.845166,MHL,BGR,0142
26717,142,23,666,2002.0,0.0,15154.0,0.901235,-0.140261,MLT,BGR,0142
26718,162,23,666,2002.0,7962.0,0.0,1.175777,1.667472,NLD,BGR,0142
26719,169,23,666,2002.0,0.0,1735.0,0.085746,0.21839,PAN,BGR,0142
26720,177,23,666,2002.0,1905.0,0.0,0.9449299999999999,1.655764,POL,BGR,0142
26721,186,23,666,2002.0,0.0,33791.0,0.6051449999999999,0.272307,RUS,BGR,0142
26722,189,23,666,2002.0,0.0,126527.0,0.523459,2.58657,SCG,BGR,0142
26723,221,23,666,2002.0,0.0,1727.0,-0.772079,-1.0016479999999999,TON,BGR,0142
26724,224,23,666,2002.0,0.0,55752.0,0.12982,1.8032650000000001,TUR,BGR,0142
26725,228,23,666,2002.0,0.0,7550.0,0.575372,1.131722,UKR,BGR,0142
26726,231,23,666,2002.0,0.0,2578.0,1.853174,0.120986,USA,BGR,0142
26727,234,23,666,2002.0,0.0,13953.0,-0.268813,-0.67072,VCT,BGR,0142
26728,250,23,666,2002.0,0.0,182585.0,0.5979300000000001,-0.497816,ANS,BGR,0142
26729,162,28,666,2002.0,20619.0,0.0,1.175777,1.667472,NLD,BLR,0142
26730,177,28,666,2002.0,68555.0,0.0,0.9449299999999999,1.655764,POL,BLR,0142
26731,186,28,666,2002.0,2154458.0,4126561.0,0.6051449999999999,0.272307,RUS,BLR,0142
26732,228,28,666,2002.0,14310.0,111553.0,0.575372,1.131722,UKR,BLR,0142
26733,15,59,666,2002.0,589521.0,1720.0,1.866997,0.400527,AUT,CZE,0142
26734,18,59,666,2002.0,269616.0,0.0,1.424339,1.372755,BEL,CZE,0142
26735,23,59,666,2002.0,6986.0,87923.0,0.468058,1.644037,BGR,CZE,0142
26736,54,59,666,2002.0,0.0,1142.0,-0.896759,-1.079825,CUB,CZE,0142
26737,61,59,666,2002.0,1664208.0,11117.0,2.367856,-2.195331,DEU,CZE,0142
26738,64,59,666,2002.0,89847.0,0.0,1.344708,1.321135,DNK,CZE,0142
26739,71,59,666,2002.0,319275.0,0.0,1.054108,1.9357349999999998,ESP,CZE,0142
26740,77,59,666,2002.0,35524.0,0.0,1.648526,0.6870430000000001,FRA,CZE,0142
26741,90,59,666,2002.0,0.0,2712.0,0.20355399999999998,1.4130200000000002,GRC,CZE,0142
26742,102,59,666,2002.0,4805331.0,1853.0,1.232359,1.064425,HUN,CZE,0142
26743,111,59,666,2002.0,372909.0,0.0,1.3944219999999998,1.125362,ITA,CZE,0142
26744,122,59,666,2002.0,0.0,35521.0,-0.794007,-1.192659,KWT,CZE,0142
26745,130,59,666,2002.0,0.0,31168.0,0.15796,0.855931,LTU,CZE,0142
26746,132,59,666,2002.0,0.0,34376.0,0.41409799999999997,0.6281680000000001,LVA,CZE,0142
26747,162,59,666,2002.0,193929.0,0.0,1.175777,1.667472,NLD,CZE,0142
26748,177,59,666,2002.0,0.0,337711.0,0.9449299999999999,1.655764,POL,CZE,0142
26749,186,59,666,2002.0,0.0,39884.0,0.6051449999999999,0.272307,RUS,CZE,0142
26750,206,59,666,2002.0,15250.0,1716901.0,1.269549,1.184774,SVK,CZE,0142
26751,207,59,666,2002.0,17312.0,0.0,1.469681,1.13303,SVN,CZE,0142
26752,64,66,666,2002.0,1026381.0,0.0,1.344708,1.321135,DNK,DZA,0142
26753,71,66,666,2002.0,81536.0,0.0,1.054108,1.9357349999999998,ESP,DZA,0142
26754,77,66,666,2002.0,73813.0,0.0,1.648526,0.6870430000000001,FRA,DZA,0142
26755,111,66,666,2002.0,2994.0,0.0,1.3944219999999998,1.125362,ITA,DZA,0142
26756,231,66,666,2002.0,6251.0,0.0,1.853174,0.120986,USA,DZA,0142
26757,61,68,666,2002.0,0.0,3304.0,2.367856,-2.195331,DEU,EGY,0142
26758,64,68,666,2002.0,11237.0,0.0,1.344708,1.321135,DNK,EGY,0142
26759,122,68,666,2002.0,0.0,19018.0,-0.794007,-1.192659,KWT,EGY,0142
26760,162,68,666,2002.0,29988.0,0.0,1.175777,1.667472,NLD,EGY,0142
26761,167,68,666,2002.0,0.0,11654.0,-1.307058,-1.270916,OMN,EGY,0142
26762,188,68,666,2002.0,0.0,53081.0,0.048764,-0.903125,SAU,EGY,0142
26763,231,68,666,2002.0,114380.0,0.0,1.853174,0.120986,USA,EGY,0142
26764,1,74,666,2002.0,0.0,3676.0,-0.11885899999999999,-0.346093,AFG,FIN,0142
26765,15,74,666,2002.0,10263.0,0.0,1.866997,0.400527,AUT,FIN,0142
26766,18,74,666,2002.0,27932.0,2895.0,1.424339,1.372755,BEL,FIN,0142
26767,32,74,666,2002.0,7658.0,0.0,0.631343,1.249344,BRA,FIN,0142
26768,61,74,666,2002.0,2210426.0,1609.0,2.367856,-2.195331,DEU,FIN,0142
26769,64,74,666,2002.0,1008066.0,153198.0,1.344708,1.321135,DNK,FIN,0142
26770,71,74,666,2002.0,93253.0,12901.0,1.054108,1.9357349999999998,ESP,FIN,0142
26771,72,74,666,2002.0,53019.0,202186.0,0.576142,1.168563,EST,FIN,0142
26772,77,74,666,2002.0,29455.0,0.0,1.648526,0.6870430000000001,FRA,FIN,0142
26773,81,74,666,2002.0,0.0,4151.0,2.067395,0.7934359999999999,GBR,FIN,0142
26774,102,74,666,2002.0,32825.0,0.0,1.232359,1.064425,HUN,FIN,0142
26775,111,74,666,2002.0,133446.0,0.0,1.3944219999999998,1.125362,ITA,FIN,0142
26776,121,74,666,2002.0,0.0,1399.0,1.4172719999999999,0.8763139999999999,KOR,FIN,0142
26777,140,74,666,2002.0,0.0,6004.0,-0.027727999999999996,0.41846400000000006,MKD,FIN,0142
26778,162,74,666,2002.0,43166.0,525973.0,1.175777,1.667472,NLD,FIN,0142
26779,177,74,666,2002.0,9785.0,0.0,0.9449299999999999,1.655764,POL,FIN,0142
26780,186,74,666,2002.0,0.0,326345.0,0.6051449999999999,0.272307,RUS,FIN,0142
26781,208,74,666,2002.0,1020122.0,4635652.0,2.134,0.769413,SWE,FIN,0142
26782,15,82,666,2002.0,1119333.0,0.0,1.866997,0.400527,AUT,GEO,0142
26783,18,82,666,2002.0,15104.0,0.0,1.424339,1.372755,BEL,GEO,0142
26784,23,82,666,2002.0,14645.0,0.0,0.468058,1.644037,BGR,GEO,0142
26785,32,82,666,2002.0,314197.0,0.0,0.631343,1.249344,BRA,GEO,0142
26786,61,82,666,2002.0,17379.0,0.0,2.367856,-2.195331,DEU,GEO,0142
26787,64,82,666,2002.0,251304.0,0.0,1.344708,1.321135,DNK,GEO,0142
26788,71,82,666,2002.0,25623.0,0.0,1.054108,1.9357349999999998,ESP,GEO,0142
26789,77,82,666,2002.0,21396.0,0.0,1.648526,0.6870430000000001,FRA,GEO,0142
26790,84,82,666,2002.0,126257.0,0.0,0.404483,-0.313042,GIB,GEO,0142
26791,102,82,666,2002.0,296374.0,0.0,1.232359,1.064425,HUN,GEO,0142
26792,110,82,666,2002.0,2583.0,0.0,1.257709,0.8318989999999999,ISR,GEO,0142
26793,115,82,666,2002.0,0.0,4108.0,-0.100361,-0.502468,KAZ,GEO,0142
26794,161,82,666,2002.0,7198.0,0.0,0.891747,-0.5216930000000001,NIU,GEO,0142
26795,162,82,666,2002.0,1405.0,0.0,1.175777,1.667472,NLD,GEO,0142
26796,177,82,666,2002.0,64828.0,0.0,0.9449299999999999,1.655764,POL,GEO,0142
26797,186,82,666,2002.0,526032.0,0.0,0.6051449999999999,0.272307,RUS,GEO,0142
26798,224,82,666,2002.0,73212.0,0.0,0.12982,1.8032650000000001,TUR,GEO,0142
26799,7,102,666,2002.0,0.0,40299.0,-0.288838,-0.640049,ARE,HUN,0142
26800,9,102,666,2002.0,0.0,28633.0,0.66447,-0.08317000000000001,ARM,HUN,0142
26801,15,102,666,2002.0,716856.0,1869428.0,1.866997,0.400527,AUT,HUN,0142
26802,16,102,666,2002.0,0.0,94297.0,-0.566735,-1.003158,AZE,HUN,0142
26803,18,102,666,2002.0,0.0,5204.0,1.424339,1.372755,BEL,HUN,0142
26804,23,102,666,2002.0,6337.0,314332.0,0.468058,1.644037,BGR,HUN,0142
26805,26,102,666,2002.0,0.0,23000.0,0.223543,0.44595100000000004,BIH,HUN,0142
26806,32,102,666,2002.0,0.0,2431.0,0.631343,1.249344,BRA,HUN,0142
26807,41,102,666,2002.0,0.0,160436.0,2.205507,0.831836,CHE,HUN,0142
26808,58,102,666,2002.0,0.0,1449.0,0.332088,0.50441,CYP,HUN,0142
26809,59,102,666,2002.0,1853.0,4805331.0,1.5835139999999999,0.9563010000000001,CZE,HUN,0142
26810,61,102,666,2002.0,232575.0,22648720.0,2.367856,-2.195331,DEU,HUN,0142
26811,64,102,666,2002.0,0.0,70565.0,1.344708,1.321135,DNK,HUN,0142
26812,71,102,666,2002.0,13315.0,0.0,1.054108,1.9357349999999998,ESP,HUN,0142
26813,72,102,666,2002.0,0.0,392346.0,0.576142,1.168563,EST,HUN,0142
26814,74,102,666,2002.0,0.0,32825.0,1.9545119999999998,1.047515,FIN,HUN,0142
26815,77,102,666,2002.0,10925.0,140483.0,1.648526,0.6870430000000001,FRA,HUN,0142
26816,81,102,666,2002.0,12438.0,2184528.0,2.067395,0.7934359999999999,GBR,HUN,0142
26817,82,102,666,2002.0,0.0,296374.0,0.23526999999999998,-0.156333,GEO,HUN,0142
26818,90,102,666,2002.0,0.0,107395.0,0.20355399999999998,1.4130200000000002,GRC,HUN,0142
26819,100,102,666,2002.0,0.0,537610.0,0.603546,1.273001,HRV,HUN,0142
26820,110,102,666,2002.0,2865.0,30809.0,1.257709,0.8318989999999999,ISR,HUN,0142
26821,111,102,666,2002.0,272838.0,404652.0,1.3944219999999998,1.125362,ITA,HUN,0142
26822,114,102,666,2002.0,0.0,2549.0,2.7747580000000003,0.43663199999999996,JPN,HUN,0142
26823,115,102,666,2002.0,0.0,3242.0,-0.100361,-0.502468,KAZ,HUN,0142
26824,130,102,666,2002.0,0.0,16767.0,0.15796,0.855931,LTU,HUN,0142
26825,135,102,666,2002.0,0.0,577697.0,-0.017383000000000003,0.109124,MDA,HUN,0142
26826,140,102,666,2002.0,0.0,575043.0,-0.027727999999999996,0.41846400000000006,MKD,HUN,0142
26827,162,102,666,2002.0,0.0,491082.0,1.175777,1.667472,NLD,HUN,0142
26828,177,102,666,2002.0,0.0,706176.0,0.9449299999999999,1.655764,POL,HUN,0142
26829,185,102,666,2002.0,0.0,290978.0,0.549227,1.071998,ROU,HUN,0142
26830,186,102,666,2002.0,0.0,1348029.0,0.6051449999999999,0.272307,RUS,HUN,0142
26831,189,102,666,2002.0,0.0,2009931.0,0.523459,2.58657,SCG,HUN,0142
26832,206,102,666,2002.0,55643.0,1390622.0,1.269549,1.184774,SVK,HUN,0142
26833,207,102,666,2002.0,2099.0,838358.0,1.469681,1.13303,SVN,HUN,0142
26834,208,102,666,2002.0,0.0,1845844.0,2.134,0.769413,SWE,HUN,0142
26835,216,102,666,2002.0,0.0,4921.0,0.513887,1.545967,THA,HUN,0142
26836,219,102,666,2002.0,0.0,9000.0,-0.9178629999999999,-1.202212,TKM,HUN,0142
26837,224,102,666,2002.0,0.0,55614.0,0.12982,1.8032650000000001,TUR,HUN,0142
26838,228,102,666,2002.0,0.0,935982.0,0.575372,1.131722,UKR,HUN,0142
26839,231,102,666,2002.0,58626.0,198861.0,1.853174,0.120986,USA,HUN,0142
26840,14,104,666,2002.0,62142.0,0.0,-0.052462,0.759617,AUS,IND,0142
26841,43,104,666,2002.0,0.0,183023.0,0.6181220000000001,1.9636759999999998,CHN,IND,0142
26842,61,104,666,2002.0,30235.0,0.0,2.367856,-2.195331,DEU,IND,0142
26843,64,104,666,2002.0,19929.0,0.0,1.344708,1.321135,DNK,IND,0142
26844,81,104,666,2002.0,1950.0,0.0,2.067395,0.7934359999999999,GBR,IND,0142
26845,97,104,666,2002.0,0.0,34468.0,0.704932,1.291658,HKG,IND,0142
26846,103,104,666,2002.0,50501.0,0.0,0.098182,1.7305840000000001,IDN,IND,0142
26847,106,104,666,2002.0,16298.0,0.0,1.7939310000000002,0.219254,IRL,IND,0142
26848,111,104,666,2002.0,1659.0,0.0,1.3944219999999998,1.125362,ITA,IND,0142
26849,113,104,666,2002.0,0.0,8412.0,0.34023000000000003,0.264754,JOR,IND,0142
26850,128,104,666,2002.0,38933.0,0.0,-0.461765,-0.057614,LKA,IND,0142
26851,138,104,666,2002.0,0.0,5774.0,1.2677129999999999,0.599314,MEX,IND,0142
26852,153,104,666,2002.0,38736.0,0.0,0.9987159999999999,0.26558200000000004,MYS,IND,0142
26853,162,104,666,2002.0,16555.0,0.0,1.175777,1.667472,NLD,IND,0142
26854,183,104,666,2002.0,0.0,1999.0,-0.002177,-1.042517,QAT,IND,0142
26855,192,104,666,2002.0,2008.0,0.0,1.7077209999999998,0.683549,SGP,IND,0142
26856,196,104,666,2002.0,15222.0,0.0,0.29478899999999997,0.055865,SLE,IND,0142
26857,216,104,666,2002.0,3820.0,0.0,0.513887,1.545967,THA,IND,0142
26858,14,113,666,2002.0,0.0,2558.0,-0.052462,0.759617,AUS,JOR,0142
26859,15,113,666,2002.0,16422.0,0.0,1.866997,0.400527,AUT,JOR,0142
26860,24,113,666,2002.0,0.0,39121.0,-0.31754099999999996,-1.099381,BHR,JOR,0142
26861,32,113,666,2002.0,73000.0,0.0,0.631343,1.249344,BRA,JOR,0142
26862,58,113,666,2002.0,1690.0,0.0,0.332088,0.50441,CYP,JOR,0142
26863,61,113,666,2002.0,12066.0,0.0,2.367856,-2.195331,DEU,JOR,0142
26864,64,113,666,2002.0,60340.0,0.0,1.344708,1.321135,DNK,JOR,0142
26865,71,113,666,2002.0,21648.0,0.0,1.054108,1.9357349999999998,ESP,JOR,0142
26866,77,113,666,2002.0,3478.0,0.0,1.648526,0.6870430000000001,FRA,JOR,0142
26867,81,113,666,2002.0,6012.0,0.0,2.067395,0.7934359999999999,GBR,JOR,0142
26868,104,113,666,2002.0,8412.0,0.0,0.32974000000000003,2.376477,IND,JOR,0142
26869,111,113,666,2002.0,13698.0,0.0,1.3944219999999998,1.125362,ITA,JOR,0142
26870,122,113,666,2002.0,15295.0,148060.0,-0.794007,-1.192659,KWT,JOR,0142
26871,124,113,666,2002.0,0.0,67594.0,0.220906,1.470297,LBN,JOR,0142
26872,162,113,666,2002.0,339603.0,0.0,1.175777,1.667472,NLD,JOR,0142
26873,167,113,666,2002.0,0.0,3941.0,-1.307058,-1.270916,OMN,JOR,0142
26874,7,115,666,2002.0,34370.0,0.0,-0.288838,-0.640049,ARE,KAZ,0142
26875,14,115,666,2002.0,1129.0,0.0,-0.052462,0.759617,AUS,KAZ,0142
26876,15,115,666,2002.0,1357.0,0.0,1.866997,0.400527,AUT,KAZ,0142
26877,23,115,666,2002.0,2860.0,0.0,0.468058,1.644037,BGR,KAZ,0142
26878,61,115,666,2002.0,4778.0,0.0,2.367856,-2.195331,DEU,KAZ,0142
26879,64,115,666,2002.0,16327.0,0.0,1.344708,1.321135,DNK,KAZ,0142
26880,71,115,666,2002.0,18122.0,0.0,1.054108,1.9357349999999998,ESP,KAZ,0142
26881,77,115,666,2002.0,6594.0,0.0,1.648526,0.6870430000000001,FRA,KAZ,0142
26882,81,115,666,2002.0,5348.0,0.0,2.067395,0.7934359999999999,GBR,KAZ,0142
26883,82,115,666,2002.0,4108.0,0.0,0.23526999999999998,-0.156333,GEO,KAZ,0142
26884,102,115,666,2002.0,3242.0,0.0,1.232359,1.064425,HUN,KAZ,0142
26885,107,115,666,2002.0,2949.0,0.0,-0.665259,-0.840274,IRN,KAZ,0142
26886,111,115,666,2002.0,5857.0,0.0,1.3944219999999998,1.125362,ITA,KAZ,0142
26887,117,115,666,2002.0,22834.0,0.0,-0.094898,0.235639,KGZ,KAZ,0142
26888,135,115,666,2002.0,33218.0,0.0,-0.017383000000000003,0.109124,MDA,KAZ,0142
26889,162,115,666,2002.0,83590.0,0.0,1.175777,1.667472,NLD,KAZ,0142
26890,177,115,666,2002.0,3212.0,0.0,0.9449299999999999,1.655764,POL,KAZ,0142
26891,186,115,666,2002.0,6591348.0,0.0,0.6051449999999999,0.272307,RUS,KAZ,0142
26892,7,116,666,2002.0,0.0,411112.0,-0.288838,-0.640049,ARE,KEN,0142
26893,14,116,666,2002.0,5031.0,0.0,-0.052462,0.759617,AUS,KEN,0142
26894,46,116,666,2002.0,0.0,2150.0,-1.218664,-1.1406120000000002,COD,KEN,0142
26895,69,116,666,2002.0,0.0,2269.0,1.019399,0.23989899999999997,ERI,KEN,0142
26896,73,116,666,2002.0,0.0,5100.0,-1.289118,-1.0291540000000001,ETH,KEN,0142
26897,77,116,666,2002.0,0.0,1660.0,1.648526,0.6870430000000001,FRA,KEN,0142
26898,111,116,666,2002.0,30013.0,0.0,1.3944219999999998,1.125362,ITA,KEN,0142
26899,159,116,666,2002.0,0.0,1453.0,-1.705991,-1.292926,NGA,KEN,0142
26900,187,116,666,2002.0,0.0,3054.0,-0.6278859999999999,-0.832391,RWA,KEN,0142
26901,226,116,666,2002.0,1029.0,228793.0,-1.234127,-0.421158,TZA,KEN,0142
26902,227,116,666,2002.0,0.0,231961.0,-1.262952,-0.903123,UGA,KEN,0142
26903,250,116,666,2002.0,1270.0,7946.0,0.5979300000000001,-0.497816,ANS,KEN,0142
26904,39,117,666,2002.0,1693.0,0.0,0.9672360000000001,1.389981,CAN,KGZ,0142
26905,64,117,666,2002.0,4933.0,0.0,1.344708,1.321135,DNK,KGZ,0142
26906,115,117,666,2002.0,0.0,22834.0,-0.100361,-0.502468,KAZ,KGZ,0142
26907,7,122,666,2002.0,295564.0,680575.0,-0.288838,-0.640049,ARE,KWT,0142
26908,14,122,666,2002.0,503086.0,0.0,-0.052462,0.759617,AUS,KWT,0142
26909,24,122,666,2002.0,128021.0,111189.0,-0.31754099999999996,-1.099381,BHR,KWT,0142
26910,32,122,666,2002.0,313509.0,0.0,0.631343,1.249344,BRA,KWT,0142
26911,59,122,666,2002.0,35521.0,0.0,1.5835139999999999,0.9563010000000001,CZE,KWT,0142
26912,61,122,666,2002.0,32778.0,0.0,2.367856,-2.195331,DEU,KWT,0142
26913,64,122,666,2002.0,518662.0,0.0,1.344708,1.321135,DNK,KWT,0142
26914,68,122,666,2002.0,19018.0,0.0,-0.37218,0.634319,EGY,KWT,0142
26915,77,122,666,2002.0,364282.0,0.0,1.648526,0.6870430000000001,FRA,KWT,0142
26916,81,122,666,2002.0,14375.0,0.0,2.067395,0.7934359999999999,GBR,KWT,0142
26917,106,122,666,2002.0,30832.0,0.0,1.7939310000000002,0.219254,IRL,KWT,0142
26918,113,122,666,2002.0,148060.0,15295.0,0.34023000000000003,0.264754,JOR,KWT,0142
26919,124,122,666,2002.0,0.0,24080.0,0.220906,1.470297,LBN,KWT,0142
26920,162,122,666,2002.0,24202.0,0.0,1.175777,1.667472,NLD,KWT,0142
26921,167,122,666,2002.0,0.0,2946.0,-1.307058,-1.270916,OMN,KWT,0142
26922,181,122,666,2002.0,2980.0,0.0,0.6237199999999999,-0.007998,PSE,KWT,0142
26923,183,122,666,2002.0,0.0,50138.0,-0.002177,-1.042517,QAT,KWT,0142
26924,188,122,666,2002.0,3011394.0,38466.0,0.048764,-0.903125,SAU,KWT,0142
26925,191,122,666,2002.0,0.0,12110.0,-0.5424939999999999,-0.554531,SEN,KWT,0142
26926,216,122,666,2002.0,5413.0,0.0,0.513887,1.545967,THA,KWT,0142
26927,231,122,666,2002.0,326008.0,0.0,1.853174,0.120986,USA,KWT,0142
26928,7,124,666,2002.0,0.0,1251.0,-0.288838,-0.640049,ARE,LBN,0142
26929,15,124,666,2002.0,42024.0,0.0,1.866997,0.400527,AUT,LBN,0142
26930,18,124,666,2002.0,7280.0,0.0,1.424339,1.372755,BEL,LBN,0142
26931,24,124,666,2002.0,0.0,10934.0,-0.31754099999999996,-1.099381,BHR,LBN,0142
26932,32,124,666,2002.0,79976.0,0.0,0.631343,1.249344,BRA,LBN,0142
26933,58,124,666,2002.0,41342.0,0.0,0.332088,0.50441,CYP,LBN,0142
26934,61,124,666,2002.0,201720.0,0.0,2.367856,-2.195331,DEU,LBN,0142
26935,64,124,666,2002.0,1135520.0,0.0,1.344708,1.321135,DNK,LBN,0142
26936,71,124,666,2002.0,2624575.0,0.0,1.054108,1.9357349999999998,ESP,LBN,0142
26937,77,124,666,2002.0,200670.0,0.0,1.648526,0.6870430000000001,FRA,LBN,0142
26938,111,124,666,2002.0,2363077.0,0.0,1.3944219999999998,1.125362,ITA,LBN,0142
26939,113,124,666,2002.0,67594.0,0.0,0.34023000000000003,0.264754,JOR,LBN,0142
26940,122,124,666,2002.0,24080.0,0.0,-0.794007,-1.192659,KWT,LBN,0142
26941,162,124,666,2002.0,648954.0,0.0,1.175777,1.667472,NLD,LBN,0142
26942,186,124,666,2002.0,1561.0,0.0,0.6051449999999999,0.272307,RUS,LBN,0142
26943,216,124,666,2002.0,6183.0,0.0,0.513887,1.545967,THA,LBN,0142
26944,231,124,666,2002.0,131259.0,2582.0,1.853174,0.120986,USA,LBN,0142
26945,250,124,666,2002.0,0.0,1150.0,0.5979300000000001,-0.497816,ANS,LBN,0142
26946,18,130,666,2002.0,4566.0,0.0,1.424339,1.372755,BEL,LTU,0142
26947,39,130,666,2002.0,4119.0,0.0,0.9672360000000001,1.389981,CAN,LTU,0142
26948,59,130,666,2002.0,31168.0,0.0,1.5835139999999999,0.9563010000000001,CZE,LTU,0142
26949,61,130,666,2002.0,0.0,1912.0,2.367856,-2.195331,DEU,LTU,0142
26950,71,130,666,2002.0,262061.0,0.0,1.054108,1.9357349999999998,ESP,LTU,0142
26951,72,130,666,2002.0,2411825.0,61281.0,0.576142,1.168563,EST,LTU,0142
26952,77,130,666,2002.0,13945.0,0.0,1.648526,0.6870430000000001,FRA,LTU,0142
26953,102,130,666,2002.0,16767.0,0.0,1.232359,1.064425,HUN,LTU,0142
26954,106,130,666,2002.0,0.0,24382.0,1.7939310000000002,0.219254,IRL,LTU,0142
26955,110,130,666,2002.0,0.0,4155.0,1.257709,0.8318989999999999,ISR,LTU,0142
26956,132,130,666,2002.0,473087.0,943173.0,0.41409799999999997,0.6281680000000001,LVA,LTU,0142
26957,177,130,666,2002.0,767136.0,0.0,0.9449299999999999,1.655764,POL,LTU,0142
26958,186,130,666,2002.0,3045.0,242673.0,0.6051449999999999,0.272307,RUS,LTU,0142
26959,208,130,666,2002.0,119398.0,0.0,2.134,0.769413,SWE,LTU,0142
26960,228,130,666,2002.0,0.0,10856.0,0.575372,1.131722,UKR,LTU,0142
26961,231,130,666,2002.0,0.0,5275.0,1.853174,0.120986,USA,LTU,0142
26962,18,131,666,2002.0,6320216.0,1155699.0,1.424339,1.372755,BEL,LUX,0142
26963,61,131,666,2002.0,1008327.0,80317.0,2.367856,-2.195331,DEU,LUX,0142
26964,64,131,666,2002.0,13657.0,0.0,1.344708,1.321135,DNK,LUX,0142
26965,71,131,666,2002.0,29842.0,0.0,1.054108,1.9357349999999998,ESP,LUX,0142
26966,77,131,666,2002.0,1307006.0,393042.0,1.648526,0.6870430000000001,FRA,LUX,0142
26967,111,131,666,2002.0,1485547.0,1331.0,1.3944219999999998,1.125362,ITA,LUX,0142
26968,162,131,666,2002.0,1901.0,456027.0,1.175777,1.667472,NLD,LUX,0142
26969,179,131,666,2002.0,215924.0,2087.0,0.584956,1.377068,PRT,LUX,0142
26970,208,131,666,2002.0,8623.0,15244.0,2.134,0.769413,SWE,LUX,0142
26971,15,132,666,2002.0,17291.0,0.0,1.866997,0.400527,AUT,LVA,0142
26972,16,132,666,2002.0,0.0,8804.0,-0.566735,-1.003158,AZE,LVA,0142
26973,59,132,666,2002.0,34376.0,0.0,1.5835139999999999,0.9563010000000001,CZE,LVA,0142
26974,64,132,666,2002.0,34602.0,0.0,1.344708,1.321135,DNK,LVA,0142
26975,71,132,666,2002.0,25090.0,0.0,1.054108,1.9357349999999998,ESP,LVA,0142
26976,72,132,666,2002.0,2394638.0,51813.0,0.576142,1.168563,EST,LVA,0142
26977,77,132,666,2002.0,10566.0,0.0,1.648526,0.6870430000000001,FRA,LVA,0142
26978,130,132,666,2002.0,943173.0,473087.0,0.15796,0.855931,LTU,LVA,0142
26979,142,132,666,2002.0,0.0,4351.0,0.901235,-0.140261,MLT,LVA,0142
26980,169,132,666,2002.0,0.0,2007.0,0.085746,0.21839,PAN,LVA,0142
26981,186,132,666,2002.0,0.0,158292.0,0.6051449999999999,0.272307,RUS,LVA,0142
26982,208,132,666,2002.0,161588.0,0.0,2.134,0.769413,SWE,LVA,0142
26983,250,132,666,2002.0,0.0,44568.0,0.5979300000000001,-0.497816,ANS,LVA,0142
26984,7,167,666,2002.0,421091.0,7665.0,-0.288838,-0.640049,ARE,OMN,0142
26985,24,167,666,2002.0,2659.0,0.0,-0.31754099999999996,-1.099381,BHR,OMN,0142
26986,32,167,666,2002.0,1408363.0,0.0,0.631343,1.249344,BRA,OMN,0142
26987,61,167,666,2002.0,32563.0,0.0,2.367856,-2.195331,DEU,OMN,0142
26988,64,167,666,2002.0,325159.0,0.0,1.344708,1.321135,DNK,OMN,0142
26989,68,167,666,2002.0,11654.0,0.0,-0.37218,0.634319,EGY,OMN,0142
26990,77,167,666,2002.0,191184.0,0.0,1.648526,0.6870430000000001,FRA,OMN,0142
26991,81,167,666,2002.0,32076.0,0.0,2.067395,0.7934359999999999,GBR,OMN,0142
26992,113,167,666,2002.0,3941.0,0.0,0.34023000000000003,0.264754,JOR,OMN,0142
26993,122,167,666,2002.0,2946.0,0.0,-0.794007,-1.192659,KWT,OMN,0142
26994,137,167,666,2002.0,0.0,8179.0,-1.0471700000000002,-0.976184,MDV,OMN,0142
26995,162,167,666,2002.0,9066.0,0.0,1.175777,1.667472,NLD,OMN,0142
26996,188,167,666,2002.0,22822.0,55713.0,0.048764,-0.903125,SAU,OMN,0142
26997,14,177,666,2002.0,48759.0,0.0,-0.052462,0.759617,AUS,POL,0142
26998,16,177,666,2002.0,0.0,1471785.0,-0.566735,-1.003158,AZE,POL,0142
26999,18,177,666,2002.0,46218.0,151267.0,1.424339,1.372755,BEL,POL,0142
27000,23,177,666,2002.0,0.0,1905.0,0.468058,1.644037,BGR,POL,0142
27001,25,177,666,2002.0,0.0,61000.0,0.035127,-0.536416,BHS,POL,0142
27002,28,177,666,2002.0,0.0,68555.0,0.865742,1.1823860000000002,BLR,POL,0142
27003,59,177,666,2002.0,337711.0,0.0,1.5835139999999999,0.9563010000000001,CZE,POL,0142
27004,61,177,666,2002.0,3442206.0,2074529.0,2.367856,-2.195331,DEU,POL,0142
27005,64,177,666,2002.0,12927.0,11329.0,1.344708,1.321135,DNK,POL,0142
27006,71,177,666,2002.0,15106.0,0.0,1.054108,1.9357349999999998,ESP,POL,0142
27007,72,177,666,2002.0,1077.0,142081.0,0.576142,1.168563,EST,POL,0142
27008,74,177,666,2002.0,0.0,9785.0,1.9545119999999998,1.047515,FIN,POL,0142
27009,77,177,666,2002.0,222490.0,22061.0,1.648526,0.6870430000000001,FRA,POL,0142
27010,81,177,666,2002.0,0.0,1402418.0,2.067395,0.7934359999999999,GBR,POL,0142
27011,82,177,666,2002.0,0.0,64828.0,0.23526999999999998,-0.156333,GEO,POL,0142
27012,102,177,666,2002.0,706176.0,0.0,1.232359,1.064425,HUN,POL,0142
27013,111,177,666,2002.0,208051.0,34618.0,1.3944219999999998,1.125362,ITA,POL,0142
27014,115,177,666,2002.0,0.0,3212.0,-0.100361,-0.502468,KAZ,POL,0142
27015,130,177,666,2002.0,0.0,767136.0,0.15796,0.855931,LTU,POL,0142
27016,135,177,666,2002.0,0.0,563774.0,-0.017383000000000003,0.109124,MDA,POL,0142
27017,185,177,666,2002.0,0.0,49135.0,0.549227,1.071998,ROU,POL,0142
27018,186,177,666,2002.0,0.0,11504082.0,0.6051449999999999,0.272307,RUS,POL,0142
27019,206,177,666,2002.0,0.0,1977.0,1.269549,1.184774,SVK,POL,0142
27020,208,177,666,2002.0,0.0,160316.0,2.134,0.769413,SWE,POL,0142
27021,228,177,666,2002.0,0.0,229827.0,0.575372,1.131722,UKR,POL,0142
27022,231,177,666,2002.0,116751.0,840088.0,1.853174,0.120986,USA,POL,0142
27023,250,177,666,2002.0,0.0,324000.0,0.5979300000000001,-0.497816,ANS,POL,0142
27024,7,183,666,2002.0,0.0,1172.0,-0.288838,-0.640049,ARE,QAT,0142
27025,18,183,666,2002.0,3696.0,0.0,1.424339,1.372755,BEL,QAT,0142
27026,32,183,666,2002.0,341694.0,0.0,0.631343,1.249344,BRA,QAT,0142
27027,64,183,666,2002.0,110250.0,0.0,1.344708,1.321135,DNK,QAT,0142
27028,71,183,666,2002.0,1241.0,0.0,1.054108,1.9357349999999998,ESP,QAT,0142
27029,77,183,666,2002.0,41975.0,0.0,1.648526,0.6870430000000001,FRA,QAT,0142
27030,81,183,666,2002.0,10263.0,0.0,2.067395,0.7934359999999999,GBR,QAT,0142
27031,104,183,666,2002.0,1999.0,0.0,0.32974000000000003,2.376477,IND,QAT,0142
27032,106,183,666,2002.0,20837.0,0.0,1.7939310000000002,0.219254,IRL,QAT,0142
27033,107,183,666,2002.0,4021.0,0.0,-0.665259,-0.840274,IRN,QAT,0142
27034,122,183,666,2002.0,50138.0,0.0,-0.794007,-1.192659,KWT,QAT,0142
27035,162,183,666,2002.0,23591.0,0.0,1.175777,1.667472,NLD,QAT,0142
27036,188,183,666,2002.0,6463.0,0.0,0.048764,-0.903125,SAU,QAT,0142
27037,224,183,666,2002.0,1107.0,0.0,0.12982,1.8032650000000001,TUR,QAT,0142
27038,231,183,666,2002.0,113337.0,0.0,1.853174,0.120986,USA,QAT,0142
27039,15,185,666,2002.0,175754.0,0.0,1.866997,0.400527,AUT,ROU,0142
27040,18,185,666,2002.0,5217.0,0.0,1.424339,1.372755,BEL,ROU,0142
27041,25,185,666,2002.0,0.0,1000.0,0.035127,-0.536416,BHS,ROU,0142
27042,32,185,666,2002.0,1612.0,0.0,0.631343,1.249344,BRA,ROU,0142
27043,61,185,666,2002.0,201140.0,0.0,2.367856,-2.195331,DEU,ROU,0142
27044,64,185,666,2002.0,3249.0,0.0,1.344708,1.321135,DNK,ROU,0142
27045,71,185,666,2002.0,708680.0,0.0,1.054108,1.9357349999999998,ESP,ROU,0142
27046,72,185,666,2002.0,1102.0,0.0,0.576142,1.168563,EST,ROU,0142
27047,77,185,666,2002.0,6276.0,0.0,1.648526,0.6870430000000001,FRA,ROU,0142
27048,102,185,666,2002.0,290978.0,0.0,1.232359,1.064425,HUN,ROU,0142
27049,111,185,666,2002.0,12678.0,0.0,1.3944219999999998,1.125362,ITA,ROU,0142
27050,125,185,666,2002.0,0.0,3000.0,-0.683036,-1.158808,LBR,ROU,0142
27051,142,185,666,2002.0,0.0,4667.0,0.901235,-0.140261,MLT,ROU,0142
27052,162,185,666,2002.0,3573.0,0.0,1.175777,1.667472,NLD,ROU,0142
27053,177,185,666,2002.0,49135.0,0.0,0.9449299999999999,1.655764,POL,ROU,0142
27054,207,185,666,2002.0,115703.0,0.0,1.469681,1.13303,SVN,ROU,0142
27055,231,185,666,2002.0,16771.0,0.0,1.853174,0.120986,USA,ROU,0142
27056,250,185,666,2002.0,0.0,7252.0,0.5979300000000001,-0.497816,ANS,ROU,0142
27057,9,186,666,2002.0,88987.0,69758.0,0.66447,-0.08317000000000001,ARM,RUS,0142
27058,15,186,666,2002.0,839632.0,0.0,1.866997,0.400527,AUT,RUS,0142
27059,16,186,666,2002.0,0.0,770594.0,-0.566735,-1.003158,AZE,RUS,0142
27060,18,186,666,2002.0,1273716.0,0.0,1.424339,1.372755,BEL,RUS,0142
27061,23,186,666,2002.0,33791.0,0.0,0.468058,1.644037,BGR,RUS,0142
27062,28,186,666,2002.0,4126561.0,2154458.0,0.865742,1.1823860000000002,BLR,RUS,0142
27063,32,186,666,2002.0,441676.0,0.0,0.631343,1.249344,BRA,RUS,0142
27064,39,186,666,2002.0,557566.0,0.0,0.9672360000000001,1.389981,CAN,RUS,0142
27065,59,186,666,2002.0,39884.0,0.0,1.5835139999999999,0.9563010000000001,CZE,RUS,0142
27066,61,186,666,2002.0,949134.0,0.0,2.367856,-2.195331,DEU,RUS,0142
27067,64,186,666,2002.0,4677122.0,0.0,1.344708,1.321135,DNK,RUS,0142
27068,71,186,666,2002.0,5623174.0,0.0,1.054108,1.9357349999999998,ESP,RUS,0142
27069,72,186,666,2002.0,78564.0,0.0,0.576142,1.168563,EST,RUS,0142
27070,74,186,666,2002.0,326345.0,0.0,1.9545119999999998,1.047515,FIN,RUS,0142
27071,77,186,666,2002.0,2049660.0,0.0,1.648526,0.6870430000000001,FRA,RUS,0142
27072,82,186,666,2002.0,0.0,526032.0,0.23526999999999998,-0.156333,GEO,RUS,0142
27073,102,186,666,2002.0,1348029.0,0.0,1.232359,1.064425,HUN,RUS,0142
27074,110,186,666,2002.0,1677.0,0.0,1.257709,0.8318989999999999,ISR,RUS,0142
27075,111,186,666,2002.0,493762.0,0.0,1.3944219999999998,1.125362,ITA,RUS,0142
27076,115,186,666,2002.0,0.0,6591348.0,-0.100361,-0.502468,KAZ,RUS,0142
27077,121,186,666,2002.0,86643.0,0.0,1.4172719999999999,0.8763139999999999,KOR,RUS,0142
27078,124,186,666,2002.0,0.0,1561.0,0.220906,1.470297,LBN,RUS,0142
27079,130,186,666,2002.0,242673.0,3045.0,0.15796,0.855931,LTU,RUS,0142
27080,132,186,666,2002.0,158292.0,0.0,0.41409799999999997,0.6281680000000001,LVA,RUS,0142
27081,135,186,666,2002.0,1084310.0,1232.0,-0.017383000000000003,0.109124,MDA,RUS,0142
27082,145,186,666,2002.0,0.0,24828.0,-0.711096,-0.9835799999999999,MNG,RUS,0142
27083,162,186,666,2002.0,1257069.0,0.0,1.175777,1.667472,NLD,RUS,0142
27084,163,186,666,2002.0,3655.0,0.0,0.689588,-0.007016,NOR,RUS,0142
27085,177,186,666,2002.0,11504082.0,0.0,0.9449299999999999,1.655764,POL,RUS,0142
27086,178,186,666,2002.0,0.0,32388.0,0.629678,1.0153780000000001,PRK,RUS,0142
27087,207,186,666,2002.0,27110.0,0.0,1.469681,1.13303,SVN,RUS,0142
27088,208,186,666,2002.0,9601.0,0.0,2.134,0.769413,SWE,RUS,0142
27089,217,186,666,2002.0,0.0,258865.0,-0.8483510000000001,-1.09992,TJK,RUS,0142
27090,219,186,666,2002.0,0.0,42007.0,-0.9178629999999999,-1.202212,TKM,RUS,0142
27091,228,186,666,2002.0,3324551.0,124375.0,0.575372,1.131722,UKR,RUS,0142
27092,231,186,666,2002.0,828256.0,0.0,1.853174,0.120986,USA,RUS,0142
27093,232,186,666,2002.0,0.0,11864.0,-0.583861,-0.758266,UZB,RUS,0142
27094,250,186,666,2002.0,0.0,174933.0,0.5979300000000001,-0.497816,ANS,RUS,0142
27095,7,188,666,2002.0,0.0,31200.0,-0.288838,-0.640049,ARE,SAU,0142
27096,14,188,666,2002.0,60546.0,0.0,-0.052462,0.759617,AUS,SAU,0142
27097,24,188,666,2002.0,0.0,417092.0,-0.31754099999999996,-1.099381,BHR,SAU,0142
27098,32,188,666,2002.0,667827.0,0.0,0.631343,1.249344,BRA,SAU,0142
27099,61,188,666,2002.0,28282.0,0.0,2.367856,-2.195331,DEU,SAU,0142
27100,64,188,666,2002.0,731292.0,0.0,1.344708,1.321135,DNK,SAU,0142
27101,68,188,666,2002.0,53081.0,0.0,-0.37218,0.634319,EGY,SAU,0142
27102,77,188,666,2002.0,1858426.0,28204.0,1.648526,0.6870430000000001,FRA,SAU,0142
27103,106,188,666,2002.0,9475.0,0.0,1.7939310000000002,0.219254,IRL,SAU,0142
27104,122,188,666,2002.0,38466.0,3011394.0,-0.794007,-1.192659,KWT,SAU,0142
27105,162,188,666,2002.0,73019.0,8089.0,1.175777,1.667472,NLD,SAU,0142
27106,167,188,666,2002.0,55713.0,22822.0,-1.307058,-1.270916,OMN,SAU,0142
27107,181,188,666,2002.0,30807.0,0.0,0.6237199999999999,-0.007998,PSE,SAU,0142
27108,183,188,666,2002.0,0.0,6463.0,-0.002177,-1.042517,QAT,SAU,0142
27109,231,188,666,2002.0,1169215.0,0.0,1.853174,0.120986,USA,SAU,0142
27110,15,206,666,2002.0,25734.0,0.0,1.866997,0.400527,AUT,SVK,0142
27111,59,206,666,2002.0,1716901.0,15250.0,1.5835139999999999,0.9563010000000001,CZE,SVK,0142
27112,61,206,666,2002.0,68591.0,0.0,2.367856,-2.195331,DEU,SVK,0142
27113,71,206,666,2002.0,1216.0,0.0,1.054108,1.9357349999999998,ESP,SVK,0142
27114,102,206,666,2002.0,1390622.0,55643.0,1.232359,1.064425,HUN,SVK,0142
27115,111,206,666,2002.0,128799.0,0.0,1.3944219999999998,1.125362,ITA,SVK,0142
27116,162,206,666,2002.0,10609.0,0.0,1.175777,1.667472,NLD,SVK,0142
27117,177,206,666,2002.0,1977.0,0.0,0.9449299999999999,1.655764,POL,SVK,0142
27118,207,206,666,2002.0,6147.0,0.0,1.469681,1.13303,SVN,SVK,0142
27119,228,206,666,2002.0,0.0,11683.0,0.575372,1.131722,UKR,SVK,0142
27120,15,207,666,2002.0,277120.0,0.0,1.866997,0.400527,AUT,SVN,0142
27121,26,207,666,2002.0,0.0,5369220.0,0.223543,0.44595100000000004,BIH,SVN,0142
27122,59,207,666,2002.0,0.0,17312.0,1.5835139999999999,0.9563010000000001,CZE,SVN,0142
27123,61,207,666,2002.0,0.0,53841.0,2.367856,-2.195331,DEU,SVN,0142
27124,100,207,666,2002.0,40346.0,3720022.0,0.603546,1.273001,HRV,SVN,0142
27125,102,207,666,2002.0,838358.0,2099.0,1.232359,1.064425,HUN,SVN,0142
27126,111,207,666,2002.0,283052.0,18118.0,1.3944219999999998,1.125362,ITA,SVN,0142
27127,140,207,666,2002.0,0.0,2780524.0,-0.027727999999999996,0.41846400000000006,MKD,SVN,0142
27128,185,207,666,2002.0,0.0,115703.0,0.549227,1.071998,ROU,SVN,0142
27129,186,207,666,2002.0,0.0,27110.0,0.6051449999999999,0.272307,RUS,SVN,0142
27130,189,207,666,2002.0,0.0,2770307.0,0.523459,2.58657,SCG,SVN,0142
27131,206,207,666,2002.0,0.0,6147.0,1.269549,1.184774,SVK,SVN,0142
27132,208,207,666,2002.0,0.0,535692.0,2.134,0.769413,SWE,SVN,0142
27133,64,223,666,2002.0,3017.0,0.0,1.344708,1.321135,DNK,TUN,0142
27134,77,223,666,2002.0,0.0,12569.0,1.648526,0.6870430000000001,FRA,TUN,0142
27135,126,223,666,2002.0,0.0,42999.0,-0.692769,-1.188682,LBY,TUN,0142
27136,250,223,666,2002.0,0.0,26182.0,0.5979300000000001,-0.497816,ANS,TUN,0142
27137,7,226,666,2002.0,9976.0,0.0,-0.288838,-0.640049,ARE,TZA,0142
27138,77,226,666,2002.0,1252.0,0.0,1.648526,0.6870430000000001,FRA,TZA,0142
27139,116,226,666,2002.0,228793.0,1029.0,-0.59055,0.000731,KEN,TZA,0142
27140,246,226,666,2002.0,8860.0,0.0,0.32760500000000004,2.497746,ZAF,TZA,0142
27141,15,228,666,2002.0,3203.0,0.0,1.866997,0.400527,AUT,UKR,0142
27142,18,228,666,2002.0,380124.0,0.0,1.424339,1.372755,BEL,UKR,0142
27143,23,228,666,2002.0,7550.0,0.0,0.468058,1.644037,BGR,UKR,0142
27144,28,228,666,2002.0,111553.0,14310.0,0.865742,1.1823860000000002,BLR,UKR,0142
27145,64,228,666,2002.0,497573.0,0.0,1.344708,1.321135,DNK,UKR,0142
27146,72,228,666,2002.0,919727.0,0.0,0.576142,1.168563,EST,UKR,0142
27147,77,228,666,2002.0,2528.0,0.0,1.648526,0.6870430000000001,FRA,UKR,0142
27148,102,228,666,2002.0,935982.0,0.0,1.232359,1.064425,HUN,UKR,0142
27149,111,228,666,2002.0,18644.0,0.0,1.3944219999999998,1.125362,ITA,UKR,0142
27150,130,228,666,2002.0,10856.0,0.0,0.15796,0.855931,LTU,UKR,0142
27151,135,228,666,2002.0,2711.0,7078.0,-0.017383000000000003,0.109124,MDA,UKR,0142
27152,162,228,666,2002.0,11884.0,0.0,1.175777,1.667472,NLD,UKR,0142
27153,177,228,666,2002.0,229827.0,0.0,0.9449299999999999,1.655764,POL,UKR,0142
27154,186,228,666,2002.0,124375.0,3324551.0,0.6051449999999999,0.272307,RUS,UKR,0142
27155,206,228,666,2002.0,11683.0,0.0,1.269549,1.184774,SVK,UKR,0142
27156,224,228,666,2002.0,0.0,1297.0,0.12982,1.8032650000000001,TUR,UKR,0142
27157,31,8,666,2002.0,0.0,3571.0,-0.785592,-0.6761119999999999,BOL,ARG,0142
27158,32,8,666,2002.0,5319.0,5704.0,0.631343,1.249344,BRA,ARG,0142
27159,97,8,666,2002.0,0.0,1224.0,0.704932,1.291658,HKG,ARG,0142
27160,111,8,666,2002.0,19420.0,0.0,1.3944219999999998,1.125362,ITA,ARG,0142
27161,173,8,666,2002.0,0.0,6623.0,-0.456603,0.030838,PER,ARG,0142
27162,174,8,666,2002.0,0.0,35375.0,0.29601,-0.232513,PHL,ARG,0142
27163,180,8,666,2002.0,0.0,4315.0,-0.733796,-0.9001530000000001,PRY,ARG,0142
27164,231,8,666,2002.0,6096.0,59339.0,1.853174,0.120986,USA,ARG,0142
27165,250,8,666,2002.0,0.0,52655.0,0.5979300000000001,-0.497816,ANS,ARG,0142
27166,155,37,666,2002.0,14833.0,0.0,-0.137725,-0.361452,NAM,BWA,0142
27167,246,37,666,2002.0,957629.0,0.0,0.32760500000000004,2.497746,ZAF,BWA,0142
27168,248,37,666,2002.0,2813.0,0.0,-0.36033000000000004,0.452182,ZWE,BWA,0142
27169,77,44,666,2002.0,70032.0,24263.0,1.648526,0.6870430000000001,FRA,CIV,0142
27170,162,44,666,2002.0,11110.0,0.0,1.175777,1.667472,NLD,CIV,0142
27171,231,44,666,2002.0,39861.0,0.0,1.853174,0.120986,USA,CIV,0142
27172,246,44,666,2002.0,1359.0,0.0,0.32760500000000004,2.497746,ZAF,CIV,0142
27173,250,44,666,2002.0,2149.0,0.0,0.5979300000000001,-0.497816,ANS,CIV,0142
27174,38,45,666,2002.0,0.0,5918.0,-0.698235,-0.905799,CAF,CMR,0142
27175,77,45,666,2002.0,569979.0,0.0,1.648526,0.6870430000000001,FRA,CMR,0142
27176,111,45,666,2002.0,8122.0,0.0,1.3944219999999998,1.125362,ITA,CMR,0142
27177,162,45,666,2002.0,8924.0,0.0,1.175777,1.667472,NLD,CMR,0142
27178,214,45,666,2002.0,0.0,3183.0,-0.092619,-0.776712,TCD,CMR,0142
27179,246,45,666,2002.0,7785.0,0.0,0.32760500000000004,2.497746,ZAF,CMR,0142
27180,250,45,666,2002.0,27307.0,0.0,0.5979300000000001,-0.497816,ANS,CMR,0142
27181,18,51,666,2002.0,1374.0,0.0,1.424339,1.372755,BEL,CPV,0142
27182,32,51,666,2002.0,14405.0,0.0,0.631343,1.249344,BRA,CPV,0142
27183,64,51,666,2002.0,2056.0,0.0,1.344708,1.321135,DNK,CPV,0142
27184,71,51,666,2002.0,5831.0,0.0,1.054108,1.9357349999999998,ESP,CPV,0142
27185,111,51,666,2002.0,4794.0,0.0,1.3944219999999998,1.125362,ITA,CPV,0142
27186,162,51,666,2002.0,31152.0,0.0,1.175777,1.667472,NLD,CPV,0142
27187,179,51,666,2002.0,936235.0,0.0,0.584956,1.377068,PRT,CPV,0142
27188,231,51,666,2002.0,0.0,1902.0,1.853174,0.120986,USA,CPV,0142
27189,246,51,666,2002.0,13488.0,0.0,0.32760500000000004,2.497746,ZAF,CPV,0142
27190,7,58,666,2002.0,0.0,3094.0,-0.288838,-0.640049,ARE,CYP,0142
27191,18,58,666,2002.0,2871.0,0.0,1.424339,1.372755,BEL,CYP,0142
27192,23,58,666,2002.0,3568.0,0.0,0.468058,1.644037,BGR,CYP,0142
27193,61,58,666,2002.0,23956.0,0.0,2.367856,-2.195331,DEU,CYP,0142
27194,64,58,666,2002.0,51174.0,0.0,1.344708,1.321135,DNK,CYP,0142
27195,71,58,666,2002.0,28974.0,0.0,1.054108,1.9357349999999998,ESP,CYP,0142
27196,72,58,666,2002.0,23251.0,0.0,0.576142,1.168563,EST,CYP,0142
27197,77,58,666,2002.0,2785.0,0.0,1.648526,0.6870430000000001,FRA,CYP,0142
27198,81,58,666,2002.0,4405.0,0.0,2.067395,0.7934359999999999,GBR,CYP,0142
27199,90,58,666,2002.0,48139.0,0.0,0.20355399999999998,1.4130200000000002,GRC,CYP,0142
27200,102,58,666,2002.0,1449.0,0.0,1.232359,1.064425,HUN,CYP,0142
27201,106,58,666,2002.0,4754.0,0.0,1.7939310000000002,0.219254,IRL,CYP,0142
27202,111,58,666,2002.0,34852.0,0.0,1.3944219999999998,1.125362,ITA,CYP,0142
27203,113,58,666,2002.0,0.0,1690.0,0.34023000000000003,0.264754,JOR,CYP,0142
27204,124,58,666,2002.0,0.0,41342.0,0.220906,1.470297,LBN,CYP,0142
27205,162,58,666,2002.0,58784.0,0.0,1.175777,1.667472,NLD,CYP,0142
27206,179,58,666,2002.0,40805.0,0.0,0.584956,1.377068,PRT,CYP,0142
27207,212,58,666,2002.0,0.0,40675.0,-1.07007,-0.560769,SYR,CYP,0142
27208,224,58,666,2002.0,139373.0,0.0,0.12982,1.8032650000000001,TUR,CYP,0142
27209,13,72,666,2002.0,0.0,5117.0,0.23995500000000003,-0.754877,ATG,EST,0142
27210,15,72,666,2002.0,22095.0,0.0,1.866997,0.400527,AUT,EST,0142
27211,18,72,666,2002.0,23617.0,0.0,1.424339,1.372755,BEL,EST,0142
27212,25,72,666,2002.0,0.0,8968.0,0.035127,-0.536416,BHS,EST,0142
27213,29,72,666,2002.0,0.0,3691.0,-0.553335,-0.753058,BLZ,EST,0142
27214,43,72,666,2002.0,0.0,2512.0,0.6181220000000001,1.9636759999999998,CHN,EST,0142
27215,58,72,666,2002.0,0.0,23251.0,0.332088,0.50441,CYP,EST,0142
27216,61,72,666,2002.0,0.0,12277.0,2.367856,-2.195331,DEU,EST,0142
27217,64,72,666,2002.0,2078392.0,8979.0,1.344708,1.321135,DNK,EST,0142
27218,74,72,666,2002.0,202186.0,53019.0,1.9545119999999998,1.047515,FIN,EST,0142
27219,77,72,666,2002.0,7363.0,2303.0,1.648526,0.6870430000000001,FRA,EST,0142
27220,81,72,666,2002.0,0.0,23445.0,2.067395,0.7934359999999999,GBR,EST,0142
27221,84,72,666,2002.0,0.0,3261.0,0.404483,-0.313042,GIB,EST,0142
27222,90,72,666,2002.0,0.0,4633.0,0.20355399999999998,1.4130200000000002,GRC,EST,0142
27223,102,72,666,2002.0,392346.0,0.0,1.232359,1.064425,HUN,EST,0142
27224,118,72,666,2002.0,0.0,3551.0,-0.8577629999999999,-1.071536,KHM,EST,0142
27225,125,72,666,2002.0,0.0,23597.0,-0.683036,-1.158808,LBR,EST,0142
27226,130,72,666,2002.0,61281.0,2411825.0,0.15796,0.855931,LTU,EST,0142
27227,132,72,666,2002.0,51813.0,2394638.0,0.41409799999999997,0.6281680000000001,LVA,EST,0142
27228,139,72,666,2002.0,0.0,4630.0,0.769126,-0.845166,MHL,EST,0142
27229,142,72,666,2002.0,0.0,125148.0,0.901235,-0.140261,MLT,EST,0142
27230,162,72,666,2002.0,6555.0,2896.0,1.175777,1.667472,NLD,EST,0142
27231,163,72,666,2002.0,0.0,19582.0,0.689588,-0.007016,NOR,EST,0142
27232,169,72,666,2002.0,0.0,24910.0,0.085746,0.21839,PAN,EST,0142
27233,174,72,666,2002.0,0.0,1043.0,0.29601,-0.232513,PHL,EST,0142
27234,177,72,666,2002.0,142081.0,1077.0,0.9449299999999999,1.655764,POL,EST,0142
27235,185,72,666,2002.0,0.0,1102.0,0.549227,1.071998,ROU,EST,0142
27236,186,72,666,2002.0,0.0,78564.0,0.6051449999999999,0.272307,RUS,EST,0142
27237,192,72,666,2002.0,0.0,2289.0,1.7077209999999998,0.683549,SGP,EST,0142
27238,208,72,666,2002.0,248466.0,29070.0,2.134,0.769413,SWE,EST,0142
27239,212,72,666,2002.0,0.0,2538.0,-1.07007,-0.560769,SYR,EST,0142
27240,228,72,666,2002.0,0.0,919727.0,0.575372,1.131722,UKR,EST,0142
27241,231,72,666,2002.0,0.0,1554.0,1.853174,0.120986,USA,EST,0142
27242,234,72,666,2002.0,0.0,7313.0,-0.268813,-0.67072,VCT,EST,0142
27243,250,72,666,2002.0,231707.0,0.0,0.5979300000000001,-0.497816,ANS,EST,0142
27244,18,80,666,2002.0,13626.0,0.0,1.424339,1.372755,BEL,GAB,0142
27245,77,80,666,2002.0,1067287.0,0.0,1.648526,0.6870430000000001,FRA,GAB,0142
27246,81,80,666,2002.0,1280.0,0.0,2.067395,0.7934359999999999,GBR,GAB,0142
27247,162,80,666,2002.0,72856.0,0.0,1.175777,1.667472,NLD,GAB,0142
27248,231,80,666,2002.0,12500.0,0.0,1.853174,0.120986,USA,GAB,0142
27249,18,83,666,2002.0,2597.0,0.0,1.424339,1.372755,BEL,GHA,0142
27250,64,83,666,2002.0,52696.0,0.0,1.344708,1.321135,DNK,GHA,0142
27251,77,83,666,2002.0,14083.0,0.0,1.648526,0.6870430000000001,FRA,GHA,0142
27252,81,83,666,2002.0,15512.0,0.0,2.067395,0.7934359999999999,GBR,GHA,0142
27253,134,83,666,2002.0,5629.0,0.0,-0.690226,-0.42557,MAR,GHA,0142
27254,162,83,666,2002.0,3157.0,0.0,1.175777,1.667472,NLD,GHA,0142
27255,246,83,666,2002.0,3690.0,0.0,0.32760500000000004,2.497746,ZAF,GHA,0142
27256,14,134,666,2002.0,44091.0,0.0,-0.052462,0.759617,AUS,MAR,0142
27257,64,134,666,2002.0,27930.0,0.0,1.344708,1.321135,DNK,MAR,0142
27258,71,134,666,2002.0,4932.0,0.0,1.054108,1.9357349999999998,ESP,MAR,0142
27259,77,134,666,2002.0,78239.0,61762.0,1.648526,0.6870430000000001,FRA,MAR,0142
27260,83,134,666,2002.0,0.0,5629.0,-1.258567,-1.048266,GHA,MAR,0142
27261,111,134,666,2002.0,3241.0,0.0,1.3944219999999998,1.125362,ITA,MAR,0142
27262,77,141,666,2002.0,4126.0,0.0,1.648526,0.6870430000000001,FRA,MLI,0142
27263,246,141,666,2002.0,1891.0,0.0,0.32760500000000004,2.497746,ZAF,MLI,0142
27264,18,147,666,2002.0,13922.0,0.0,1.424339,1.372755,BEL,MOZ,0142
27265,43,147,666,2002.0,1152.0,0.0,0.6181220000000001,1.9636759999999998,CHN,MOZ,0142
27266,71,147,666,2002.0,7019.0,0.0,1.054108,1.9357349999999998,ESP,MOZ,0142
27267,162,147,666,2002.0,24478.0,0.0,1.175777,1.667472,NLD,MOZ,0142
27268,179,147,666,2002.0,73530.0,0.0,0.584956,1.377068,PRT,MOZ,0142
27269,209,147,666,2002.0,2823.0,0.0,0.409355,-0.047221,SWZ,MOZ,0142
27270,246,147,666,2002.0,246549.0,2052.0,0.32760500000000004,2.497746,ZAF,MOZ,0142
27271,250,147,666,2002.0,0.0,8849.0,0.5979300000000001,-0.497816,ANS,MOZ,0142
27272,2,155,666,2002.0,0.0,84581.0,-1.8043639999999999,-1.250642,AGO,NAM,0142
27273,37,155,666,2002.0,0.0,14833.0,-0.164526,-1.04616,BWA,NAM,0142
27274,71,155,666,2002.0,4006.0,4234.0,1.054108,1.9357349999999998,ESP,NAM,0142
27275,179,155,666,2002.0,64285.0,0.0,0.584956,1.377068,PRT,NAM,0142
27276,246,155,666,2002.0,692531.0,61162.0,0.32760500000000004,2.497746,ZAF,NAM,0142
27277,7,159,666,2002.0,5108.0,0.0,-0.288838,-0.640049,ARE,NGA,0142
27278,64,159,666,2002.0,24380.0,0.0,1.344708,1.321135,DNK,NGA,0142
27279,71,159,666,2002.0,21957.0,0.0,1.054108,1.9357349999999998,ESP,NGA,0142
27280,77,159,666,2002.0,2935.0,0.0,1.648526,0.6870430000000001,FRA,NGA,0142
27281,81,159,666,2002.0,37593.0,0.0,2.067395,0.7934359999999999,GBR,NGA,0142
27282,111,159,666,2002.0,47043.0,0.0,1.3944219999999998,1.125362,ITA,NGA,0142
27283,116,159,666,2002.0,1453.0,0.0,-0.59055,0.000731,KEN,NGA,0142
27284,121,159,666,2002.0,5940.0,0.0,1.4172719999999999,0.8763139999999999,KOR,NGA,0142
27285,162,159,666,2002.0,18295.0,0.0,1.175777,1.667472,NLD,NGA,0142
27286,189,159,666,2002.0,1656.0,0.0,0.523459,2.58657,SCG,NGA,0142
27287,192,159,666,2002.0,3131.0,0.0,1.7077209999999998,0.683549,SGP,NGA,0142
27288,231,159,666,2002.0,11813.0,0.0,1.853174,0.120986,USA,NGA,0142
27289,246,159,666,2002.0,21602.0,0.0,0.32760500000000004,2.497746,ZAF,NGA,0142
27290,18,191,666,2002.0,1066.0,0.0,1.424339,1.372755,BEL,SEN,0142
27291,71,191,666,2002.0,6552.0,0.0,1.054108,1.9357349999999998,ESP,SEN,0142
27292,77,191,666,2002.0,74397.0,0.0,1.648526,0.6870430000000001,FRA,SEN,0142
27293,87,191,666,2002.0,0.0,1882.0,0.266536,0.20776,GMB,SEN,0142
27294,88,191,666,2002.0,0.0,11131.0,-0.30444099999999996,-0.815509,GNB,SEN,0142
27295,122,191,666,2002.0,12110.0,0.0,-0.794007,-1.192659,KWT,SEN,0142
27296,148,191,666,2002.0,0.0,5758.0,-1.053061,-1.221967,MRT,SEN,0142
27297,162,191,666,2002.0,15082.0,0.0,1.175777,1.667472,NLD,SEN,0142
27298,231,191,666,2002.0,43404.0,0.0,1.853174,0.120986,USA,SEN,0142
27299,18,203,666,2002.0,2012.0,0.0,1.424339,1.372755,BEL,STP,0142
27300,81,203,666,2002.0,4303.0,0.0,2.067395,0.7934359999999999,GBR,STP,0142
27301,179,203,666,2002.0,491724.0,0.0,0.584956,1.377068,PRT,STP,0142
27302,19,215,666,2002.0,0.0,13870.0,-0.7683840000000001,-0.7984319999999999,BEN,TGO,0142
27303,32,215,666,2002.0,3386.0,0.0,0.631343,1.249344,BRA,TGO,0142
27304,61,215,666,2002.0,9878.0,0.0,2.367856,-2.195331,DEU,TGO,0142
27305,77,215,666,2002.0,137279.0,0.0,1.648526,0.6870430000000001,FRA,TGO,0142
27306,81,215,666,2002.0,1204.0,0.0,2.067395,0.7934359999999999,GBR,TGO,0142
27307,111,215,666,2002.0,13275.0,0.0,1.3944219999999998,1.125362,ITA,TGO,0142
27308,162,215,666,2002.0,44840.0,0.0,1.175777,1.667472,NLD,TGO,0142
27309,111,227,666,2002.0,1548.0,0.0,1.3944219999999998,1.125362,ITA,UGA,0142
27310,116,227,666,2002.0,231961.0,0.0,-0.59055,0.000731,KEN,UGA,0142
27311,246,227,666,2002.0,914972.0,0.0,0.32760500000000004,2.497746,ZAF,UGA,0142
27312,46,247,666,2002.0,0.0,1876.0,-1.218664,-1.1406120000000002,COD,ZMB,0142
27313,111,247,666,2002.0,1547.0,0.0,1.3944219999999998,1.125362,ITA,ZMB,0142
27314,246,247,666,2002.0,57650.0,0.0,0.32760500000000004,2.497746,ZAF,ZMB,0142
27315,37,248,666,2002.0,0.0,2813.0,-0.164526,-1.04616,BWA,ZWE,0142
27316,46,248,666,2002.0,0.0,22918.0,-1.218664,-1.1406120000000002,COD,ZWE,0142
27317,151,248,666,2002.0,0.0,48861.0,-0.382062,-0.379224,MUS,ZWE,0142
27318,152,248,666,2002.0,0.0,31245.0,-1.431612,-1.234903,MWI,ZWE,0142
27319,246,248,666,2002.0,26576.0,0.0,0.32760500000000004,2.497746,ZAF,ZWE,0142
27320,25,120,666,2002.0,0.0,5064.0,0.035127,-0.536416,BHS,KNA,0142
27321,33,120,666,2002.0,6515.0,0.0,0.547024,-0.004036,BRB,KNA,0142
27322,39,120,666,2002.0,1986.0,0.0,0.9672360000000001,1.389981,CAN,KNA,0142
27323,64,120,666,2002.0,72295.0,0.0,1.344708,1.321135,DNK,KNA,0142
27324,81,120,666,2002.0,1940.0,0.0,2.067395,0.7934359999999999,GBR,KNA,0142
27325,112,120,666,2002.0,10188.0,0.0,-0.459541,-0.947443,JAM,KNA,0142
27326,222,120,666,2002.0,4425.0,0.0,-0.056315,-0.803537,TTO,KNA,0142
27327,231,120,666,2002.0,11213.0,0.0,1.853174,0.120986,USA,KNA,0142
27328,64,152,666,2002.0,2832.0,0.0,1.344708,1.321135,DNK,MWI,0142
27329,246,152,666,2002.0,42710.0,0.0,0.32760500000000004,2.497746,ZAF,MWI,0142
27330,248,152,666,2002.0,31245.0,0.0,-0.36033000000000004,0.452182,ZWE,MWI,0142
27331,14,176,666,2002.0,99315.0,8983.0,-0.052462,0.759617,AUS,PNG,0142
27332,64,176,666,2002.0,14040.0,0.0,1.344708,1.321135,DNK,PNG,0142
27333,166,176,666,2002.0,18577.0,0.0,0.370673,0.7853829999999999,NZL,PNG,0142
27334,23,234,666,2002.0,13953.0,0.0,0.468058,1.644037,BGR,VCT,0142
27335,33,234,666,2002.0,65779.0,0.0,0.547024,-0.004036,BRB,VCT,0142
27336,39,234,666,2002.0,1282.0,0.0,0.9672360000000001,1.389981,CAN,VCT,0142
27337,61,234,666,2002.0,2985.0,0.0,2.367856,-2.195331,DEU,VCT,0142
27338,64,234,666,2002.0,151262.0,0.0,1.344708,1.321135,DNK,VCT,0142
27339,72,234,666,2002.0,7313.0,0.0,0.576142,1.168563,EST,VCT,0142
27340,81,234,666,2002.0,2569.0,0.0,2.067395,0.7934359999999999,GBR,VCT,0142
27341,112,234,666,2002.0,30486.0,0.0,-0.459541,-0.947443,JAM,VCT,0142
27342,222,234,666,2002.0,76712.0,0.0,-0.056315,-0.803537,TTO,VCT,0142
27343,231,234,666,2002.0,96826.0,0.0,1.853174,0.120986,USA,VCT,0142
27344,7,24,666,2002.0,53074.0,0.0,-0.288838,-0.640049,ARE,BHR,0142
27345,14,24,666,2002.0,3902.0,0.0,-0.052462,0.759617,AUS,BHR,0142
27346,15,24,666,2002.0,8272.0,0.0,1.866997,0.400527,AUT,BHR,0142
27347,32,24,666,2002.0,475313.0,0.0,0.631343,1.249344,BRA,BHR,0142
27348,61,24,666,2002.0,9567.0,0.0,2.367856,-2.195331,DEU,BHR,0142
27349,64,24,666,2002.0,221754.0,0.0,1.344708,1.321135,DNK,BHR,0142
27350,77,24,666,2002.0,105530.0,0.0,1.648526,0.6870430000000001,FRA,BHR,0142
27351,81,24,666,2002.0,18693.0,0.0,2.067395,0.7934359999999999,GBR,BHR,0142
27352,106,24,666,2002.0,148481.0,0.0,1.7939310000000002,0.219254,IRL,BHR,0142
27353,107,24,666,2002.0,29719.0,0.0,-0.665259,-0.840274,IRN,BHR,0142
27354,113,24,666,2002.0,39121.0,0.0,0.34023000000000003,0.264754,JOR,BHR,0142
27355,121,24,666,2002.0,2036.0,0.0,1.4172719999999999,0.8763139999999999,KOR,BHR,0142
27356,122,24,666,2002.0,111189.0,128021.0,-0.794007,-1.192659,KWT,BHR,0142
27357,124,24,666,2002.0,10934.0,0.0,0.220906,1.470297,LBN,BHR,0142
27358,153,24,666,2002.0,3670.0,0.0,0.9987159999999999,0.26558200000000004,MYS,BHR,0142
27359,162,24,666,2002.0,45414.0,0.0,1.175777,1.667472,NLD,BHR,0142
27360,167,24,666,2002.0,0.0,2659.0,-1.307058,-1.270916,OMN,BHR,0142
27361,174,24,666,2002.0,10211.0,0.0,0.29601,-0.232513,PHL,BHR,0142
27362,188,24,666,2002.0,417092.0,0.0,0.048764,-0.903125,SAU,BHR,0142
27363,224,24,666,2002.0,1916.0,0.0,0.12982,1.8032650000000001,TUR,BHR,0142
27364,231,24,666,2002.0,81030.0,0.0,1.853174,0.120986,USA,BHR,0142
27365,4,26,666,2002.0,0.0,23516.0,-0.05800399999999999,0.042254,ALB,BIH,0142
27366,15,26,666,2002.0,405578.0,0.0,1.866997,0.400527,AUT,BIH,0142
27367,18,26,666,2002.0,872289.0,0.0,1.424339,1.372755,BEL,BIH,0142
27368,61,26,666,2002.0,457000.0,0.0,2.367856,-2.195331,DEU,BIH,0142
27369,64,26,666,2002.0,1367004.0,0.0,1.344708,1.321135,DNK,BIH,0142
27370,71,26,666,2002.0,26542.0,0.0,1.054108,1.9357349999999998,ESP,BIH,0142
27371,100,26,666,2002.0,2799604.0,571244.0,0.603546,1.273001,HRV,BIH,0142
27372,102,26,666,2002.0,23000.0,0.0,1.232359,1.064425,HUN,BIH,0142
27373,111,26,666,2002.0,504615.0,0.0,1.3944219999999998,1.125362,ITA,BIH,0142
27374,140,26,666,2002.0,0.0,357227.0,-0.027727999999999996,0.41846400000000006,MKD,BIH,0142
27375,162,26,666,2002.0,53960.0,0.0,1.175777,1.667472,NLD,BIH,0142
27376,163,26,666,2002.0,2732.0,0.0,0.689588,-0.007016,NOR,BIH,0142
27377,189,26,666,2002.0,2064388.0,680099.0,0.523459,2.58657,SCG,BIH,0142
27378,207,26,666,2002.0,5369220.0,0.0,1.469681,1.13303,SVN,BIH,0142
27379,14,100,666,2002.0,0.0,15867.0,-0.052462,0.759617,AUS,HRV,0142
27380,15,100,666,2002.0,1051867.0,4382.0,1.866997,0.400527,AUT,HRV,0142
27381,18,100,666,2002.0,7525.0,0.0,1.424339,1.372755,BEL,HRV,0142
27382,26,100,666,2002.0,571244.0,2799604.0,0.223543,0.44595100000000004,BIH,HRV,0142
27383,41,100,666,2002.0,0.0,7616.0,2.205507,0.831836,CHE,HRV,0142
27384,61,100,666,2002.0,120382.0,19663.0,2.367856,-2.195331,DEU,HRV,0142
27385,64,100,666,2002.0,472877.0,0.0,1.344708,1.321135,DNK,HRV,0142
27386,71,100,666,2002.0,1079808.0,0.0,1.054108,1.9357349999999998,ESP,HRV,0142
27387,77,100,666,2002.0,67208.0,0.0,1.648526,0.6870430000000001,FRA,HRV,0142
27388,81,100,666,2002.0,5031.0,0.0,2.067395,0.7934359999999999,GBR,HRV,0142
27389,102,100,666,2002.0,537610.0,0.0,1.232359,1.064425,HUN,HRV,0142
27390,111,100,666,2002.0,2111126.0,23626.0,1.3944219999999998,1.125362,ITA,HRV,0142
27391,140,100,666,2002.0,0.0,131467.0,-0.027727999999999996,0.41846400000000006,MKD,HRV,0142
27392,162,100,666,2002.0,31127.0,0.0,1.175777,1.667472,NLD,HRV,0142
27393,189,100,666,2002.0,0.0,24131.0,0.523459,2.58657,SCG,HRV,0142
27394,207,100,666,2002.0,3720022.0,40346.0,1.469681,1.13303,SVN,HRV,0142
27395,208,100,666,2002.0,7172.0,96100.0,2.134,0.769413,SWE,HRV,0142
27396,61,109,666,2002.0,14585.0,0.0,2.367856,-2.195331,DEU,ISL,0142
27397,64,109,666,2002.0,34635.0,0.0,1.344708,1.321135,DNK,ISL,0142
27398,78,109,666,2002.0,0.0,7995.0,-0.33811399999999997,-0.8092050000000001,FRO,ISL,0142
27399,111,109,666,2002.0,1450.0,0.0,1.3944219999999998,1.125362,ITA,ISL,0142
27400,162,109,666,2002.0,3480.0,0.0,1.175777,1.667472,NLD,ISL,0142
27401,121,126,666,2002.0,73388.0,0.0,1.4172719999999999,0.8763139999999999,KOR,LBY,0142
27402,162,126,666,2002.0,12288.0,0.0,1.175777,1.667472,NLD,LBY,0142
27403,223,126,666,2002.0,42999.0,0.0,0.059876,0.369032,TUN,LBY,0142
27404,15,135,666,2002.0,279217.0,0.0,1.866997,0.400527,AUT,MDA,0142
27405,18,135,666,2002.0,12083.0,0.0,1.424339,1.372755,BEL,MDA,0142
27406,77,135,666,2002.0,26578.0,0.0,1.648526,0.6870430000000001,FRA,MDA,0142
27407,102,135,666,2002.0,577697.0,0.0,1.232359,1.064425,HUN,MDA,0142
27408,115,135,666,2002.0,0.0,33218.0,-0.100361,-0.502468,KAZ,MDA,0142
27409,162,135,666,2002.0,63704.0,0.0,1.175777,1.667472,NLD,MDA,0142
27410,177,135,666,2002.0,563774.0,0.0,0.9449299999999999,1.655764,POL,MDA,0142
27411,186,135,666,2002.0,1232.0,1084310.0,0.6051449999999999,0.272307,RUS,MDA,0142
27412,228,135,666,2002.0,7078.0,2711.0,0.575372,1.131722,UKR,MDA,0142
27413,14,140,666,2002.0,105846.0,0.0,-0.052462,0.759617,AUS,MKD,0142
27414,15,140,666,2002.0,15368.0,7768.0,1.866997,0.400527,AUT,MKD,0142
27415,18,140,666,2002.0,552585.0,0.0,1.424339,1.372755,BEL,MKD,0142
27416,26,140,666,2002.0,357227.0,0.0,0.223543,0.44595100000000004,BIH,MKD,0142
27417,61,140,666,2002.0,14244.0,0.0,2.367856,-2.195331,DEU,MKD,0142
27418,64,140,666,2002.0,50994.0,0.0,1.344708,1.321135,DNK,MKD,0142
27419,71,140,666,2002.0,104549.0,0.0,1.054108,1.9357349999999998,ESP,MKD,0142
27420,74,140,666,2002.0,6004.0,0.0,1.9545119999999998,1.047515,FIN,MKD,0142
27421,77,140,666,2002.0,96657.0,0.0,1.648526,0.6870430000000001,FRA,MKD,0142
27422,90,140,666,2002.0,142848.0,0.0,0.20355399999999998,1.4130200000000002,GRC,MKD,0142
27423,100,140,666,2002.0,131467.0,0.0,0.603546,1.273001,HRV,MKD,0142
27424,102,140,666,2002.0,575043.0,0.0,1.232359,1.064425,HUN,MKD,0142
27425,111,140,666,2002.0,149916.0,0.0,1.3944219999999998,1.125362,ITA,MKD,0142
27426,162,140,666,2002.0,3436.0,0.0,1.175777,1.667472,NLD,MKD,0142
27427,189,140,666,2002.0,279379.0,353154.0,0.523459,2.58657,SCG,MKD,0142
27428,207,140,666,2002.0,2780524.0,0.0,1.469681,1.13303,SVN,MKD,0142
27429,224,140,666,2002.0,27570.0,0.0,0.12982,1.8032650000000001,TUR,MKD,0142
27430,231,140,666,2002.0,3604.0,0.0,1.853174,0.120986,USA,MKD,0142
27431,43,143,666,2002.0,2658.0,0.0,0.6181220000000001,1.9636759999999998,CHN,MMR,0142
27432,216,143,666,2002.0,2092.0,0.0,0.513887,1.545967,THA,MMR,0142
27433,15,178,666,2002.0,5123.0,0.0,1.866997,0.400527,AUT,PRK,0142
27434,32,178,666,2002.0,18921.0,0.0,0.631343,1.249344,BRA,PRK,0142
27435,43,178,666,2002.0,103843.0,0.0,0.6181220000000001,1.9636759999999998,CHN,PRK,0142
27436,61,178,666,2002.0,3000.0,0.0,2.367856,-2.195331,DEU,PRK,0142
27437,114,178,666,2002.0,3895.0,0.0,2.7747580000000003,0.43663199999999996,JPN,PRK,0142
27438,162,178,666,2002.0,1667041.0,0.0,1.175777,1.667472,NLD,PRK,0142
27439,186,178,666,2002.0,32388.0,0.0,0.6051449999999999,0.272307,RUS,PRK,0142
27440,4,189,666,2002.0,0.0,15509.0,-0.05800399999999999,0.042254,ALB,SCG,0142
27441,15,189,666,2002.0,287004.0,0.0,1.866997,0.400527,AUT,SCG,0142
27442,23,189,666,2002.0,126527.0,0.0,0.468058,1.644037,BGR,SCG,0142
27443,25,189,666,2002.0,11833.0,0.0,0.035127,-0.536416,BHS,SCG,0142
27444,26,189,666,2002.0,680099.0,2064388.0,0.223543,0.44595100000000004,BIH,SCG,0142
27445,32,189,666,2002.0,3575.0,0.0,0.631343,1.249344,BRA,SCG,0142
27446,39,189,666,2002.0,8433.0,0.0,0.9672360000000001,1.389981,CAN,SCG,0142
27447,61,189,666,2002.0,66012.0,0.0,2.367856,-2.195331,DEU,SCG,0142
27448,64,189,666,2002.0,6802.0,0.0,1.344708,1.321135,DNK,SCG,0142
27449,71,189,666,2002.0,116495.0,0.0,1.054108,1.9357349999999998,ESP,SCG,0142
27450,77,189,666,2002.0,112073.0,0.0,1.648526,0.6870430000000001,FRA,SCG,0142
27451,90,189,666,2002.0,59454.0,0.0,0.20355399999999998,1.4130200000000002,GRC,SCG,0142
27452,100,189,666,2002.0,24131.0,0.0,0.603546,1.273001,HRV,SCG,0142
27453,102,189,666,2002.0,2009931.0,0.0,1.232359,1.064425,HUN,SCG,0142
27454,111,189,666,2002.0,903208.0,0.0,1.3944219999999998,1.125362,ITA,SCG,0142
27455,140,189,666,2002.0,353154.0,279379.0,-0.027727999999999996,0.41846400000000006,MKD,SCG,0142
27456,159,189,666,2002.0,0.0,1656.0,-1.705991,-1.292926,NGA,SCG,0142
27457,162,189,666,2002.0,26910.0,0.0,1.175777,1.667472,NLD,SCG,0142
27458,207,189,666,2002.0,2770307.0,0.0,1.469681,1.13303,SVN,SCG,0142
27459,224,189,666,2002.0,55955.0,0.0,0.12982,1.8032650000000001,TUR,SCG,0142
27460,15,212,666,2002.0,16243.0,0.0,1.866997,0.400527,AUT,SYR,0142
27461,58,212,666,2002.0,40675.0,0.0,0.332088,0.50441,CYP,SYR,0142
27462,61,212,666,2002.0,2422.0,0.0,2.367856,-2.195331,DEU,SYR,0142
27463,72,212,666,2002.0,2538.0,0.0,0.576142,1.168563,EST,SYR,0142
27464,32,85,666,2002.0,1548.0,0.0,0.631343,1.249344,BRA,GIN,0142
27465,64,85,666,2002.0,17328.0,0.0,1.344708,1.321135,DNK,GIN,0142
27466,77,85,666,2002.0,7914.0,0.0,1.648526,0.6870430000000001,FRA,GIN,0142
27467,81,85,666,2002.0,10429.0,0.0,2.067395,0.7934359999999999,GBR,GIN,0142
27468,162,85,666,2002.0,16779.0,0.0,1.175777,1.667472,NLD,GIN,0142
27469,43,133,666,2002.0,349245.0,0.0,0.6181220000000001,1.9636759999999998,CHN,MAC,0142
27470,64,133,666,2002.0,14046.0,0.0,1.344708,1.321135,DNK,MAC,0142
27471,97,133,666,2002.0,1906303.0,3374.0,0.704932,1.291658,HKG,MAC,0142
27472,111,133,666,2002.0,10832.0,0.0,1.3944219999999998,1.125362,ITA,MAC,0142
27473,114,133,666,2002.0,6957.0,0.0,2.7747580000000003,0.43663199999999996,JPN,MAC,0142
27474,179,133,666,2002.0,168578.0,0.0,0.584956,1.377068,PRT,MAC,0142
27475,231,133,666,2002.0,127502.0,0.0,1.853174,0.120986,USA,MAC,0142
27476,249,133,666,2002.0,4057.0,0.0,1.9084720000000002,1.253714,TWN,MAC,0142
27477,61,168,666,2002.0,1000.0,0.0,2.367856,-2.195331,DEU,PAK,0142
27478,81,168,666,2002.0,4870.0,0.0,2.067395,0.7934359999999999,GBR,PAK,0142
27479,32,0,666,2002.0,5912.0,0.0,0.631343,1.249344,BRA,ABW,0142
27480,39,0,666,2002.0,75199.0,0.0,0.9672360000000001,1.389981,CAN,ABW,0142
27481,43,0,666,2002.0,1974.0,0.0,0.6181220000000001,1.9636759999999998,CHN,ABW,0142
27482,64,0,666,2002.0,97130.0,0.0,1.344708,1.321135,DNK,ABW,0142
27483,162,0,666,2002.0,372838.0,0.0,1.175777,1.667472,NLD,ABW,0142
27484,231,0,666,2002.0,777021.0,0.0,1.853174,0.120986,USA,ABW,0142
27485,6,3,666,2002.0,5710.0,0.0,0.145946,-0.704052,ANT,AIA,0142
27486,231,3,666,2002.0,31045.0,0.0,1.853174,0.120986,USA,AIA,0142
27487,33,29,666,2002.0,94773.0,0.0,0.547024,-0.004036,BRB,BLZ,0142
27488,64,29,666,2002.0,63252.0,0.0,1.344708,1.321135,DNK,BLZ,0142
27489,72,29,666,2002.0,3691.0,0.0,0.576142,1.168563,EST,BLZ,0142
27490,81,29,666,2002.0,1331.0,0.0,2.067395,0.7934359999999999,GBR,BLZ,0142
27491,97,29,666,2002.0,1436.0,0.0,0.704932,1.291658,HKG,BLZ,0142
27492,112,29,666,2002.0,408860.0,0.0,-0.459541,-0.947443,JAM,BLZ,0142
27493,138,29,666,2002.0,1552.0,0.0,1.2677129999999999,0.599314,MEX,BLZ,0142
27494,162,29,666,2002.0,11424.0,0.0,1.175777,1.667472,NLD,BLZ,0142
27495,222,29,666,2002.0,13568.0,0.0,-0.056315,-0.803537,TTO,BLZ,0142
27496,231,29,666,2002.0,15584.0,0.0,1.853174,0.120986,USA,BLZ,0142
27497,8,31,666,2002.0,3571.0,0.0,0.045376,0.71768,ARG,BOL,0142
27498,32,31,666,2002.0,42031.0,0.0,0.631343,1.249344,BRA,BOL,0142
27499,42,31,666,2002.0,13754.0,0.0,-0.079201,-0.11449200000000001,CHL,BOL,0142
27500,231,31,666,2002.0,3018.0,0.0,1.853174,0.120986,USA,BOL,0142
27501,18,73,666,2002.0,3587.0,0.0,1.424339,1.372755,BEL,ETH,0142
27502,81,73,666,2002.0,2059.0,0.0,2.067395,0.7934359999999999,GBR,ETH,0142
27503,90,73,666,2002.0,6528.0,0.0,0.20355399999999998,1.4130200000000002,GRC,ETH,0142
27504,111,73,666,2002.0,16119.0,0.0,1.3944219999999998,1.125362,ITA,ETH,0142
27505,116,73,666,2002.0,5100.0,0.0,-0.59055,0.000731,KEN,ETH,0142
27506,32,91,666,2002.0,8085.0,0.0,0.631343,1.249344,BRA,GRD,0142
27507,33,91,666,2002.0,113379.0,0.0,0.547024,-0.004036,BRB,GRD,0142
27508,39,91,666,2002.0,2806.0,0.0,0.9672360000000001,1.389981,CAN,GRD,0142
27509,61,91,666,2002.0,2230.0,0.0,2.367856,-2.195331,DEU,GRD,0142
27510,63,91,666,2002.0,12087.0,0.0,0.212137,-0.112873,DMA,GRD,0142
27511,64,91,666,2002.0,267623.0,0.0,1.344708,1.321135,DNK,GRD,0142
27512,81,91,666,2002.0,2899.0,0.0,2.067395,0.7934359999999999,GBR,GRD,0142
27513,112,91,666,2002.0,5297.0,0.0,-0.459541,-0.947443,JAM,GRD,0142
27514,222,91,666,2002.0,111292.0,0.0,-0.056315,-0.803537,TTO,GRD,0142
27515,231,91,666,2002.0,46132.0,0.0,1.853174,0.120986,USA,GRD,0142
27516,64,149,666,2002.0,6961.0,0.0,1.344708,1.321135,DNK,MSR,0142
27517,231,149,666,2002.0,26099.0,0.0,1.853174,0.120986,USA,MSR,0142
27518,61,1,666,2002.0,143000.0,0.0,2.367856,-2.195331,DEU,AFG,0142
27519,74,1,666,2002.0,3676.0,0.0,1.9545119999999998,1.047515,FIN,AFG,0142
27520,107,1,666,2002.0,15625.0,0.0,-0.665259,-0.840274,IRN,AFG,0142
27521,162,1,666,2002.0,1891.0,0.0,1.175777,1.667472,NLD,AFG,0142
27522,26,4,666,2002.0,23516.0,0.0,0.223543,0.44595100000000004,BIH,ALB,0142
27523,32,4,666,2002.0,2951.0,0.0,0.631343,1.249344,BRA,ALB,0142
27524,61,4,666,2002.0,7117.0,0.0,2.367856,-2.195331,DEU,ALB,0142
27525,64,4,666,2002.0,2852.0,0.0,1.344708,1.321135,DNK,ALB,0142
27526,90,4,666,2002.0,372738.0,0.0,0.20355399999999998,1.4130200000000002,GRC,ALB,0142
27527,111,4,666,2002.0,229748.0,0.0,1.3944219999999998,1.125362,ITA,ALB,0142
27528,189,4,666,2002.0,15509.0,0.0,0.523459,2.58657,SCG,ALB,0142
27529,15,9,666,2002.0,36394.0,0.0,1.866997,0.400527,AUT,ARM,0142
27530,32,9,666,2002.0,29483.0,0.0,0.631343,1.249344,BRA,ARM,0142
27531,39,9,666,2002.0,392344.0,0.0,0.9672360000000001,1.389981,CAN,ARM,0142
27532,41,9,666,2002.0,9855.0,0.0,2.205507,0.831836,CHE,ARM,0142
27533,61,9,666,2002.0,7893.0,0.0,2.367856,-2.195331,DEU,ARM,0142
27534,64,9,666,2002.0,362088.0,0.0,1.344708,1.321135,DNK,ARM,0142
27535,102,9,666,2002.0,28633.0,0.0,1.232359,1.064425,HUN,ARM,0142
27536,111,9,666,2002.0,1286.0,0.0,1.3944219999999998,1.125362,ITA,ARM,0142
27537,186,9,666,2002.0,69758.0,88987.0,0.6051449999999999,0.272307,RUS,ARM,0142
27538,231,9,666,2002.0,24131.0,0.0,1.853174,0.120986,USA,ARM,0142
27539,77,21,666,2002.0,1744.0,0.0,1.648526,0.6870430000000001,FRA,BFA,0142
27540,162,21,666,2002.0,8507.0,0.0,1.175777,1.667472,NLD,BFA,0142
27541,43,34,666,2002.0,2815.0,0.0,0.6181220000000001,1.9636759999999998,CHN,BRN,0142
27542,77,34,666,2002.0,12775.0,0.0,1.648526,0.6870430000000001,FRA,BRN,0142
27543,81,34,666,2002.0,1806.0,0.0,2.067395,0.7934359999999999,GBR,BRN,0142
27544,97,34,666,2002.0,4885.0,0.0,0.704932,1.291658,HKG,BRN,0142
27545,153,34,666,2002.0,115323.0,0.0,0.9987159999999999,0.26558200000000004,MYS,BRN,0142
27546,174,34,666,2002.0,7423.0,0.0,0.29601,-0.232513,PHL,BRN,0142
27547,192,34,666,2002.0,4687.0,0.0,1.7077209999999998,0.683549,SGP,BRN,0142
27548,216,34,666,2002.0,1015.0,0.0,0.513887,1.545967,THA,BRN,0142
27549,77,50,666,2002.0,1531.0,0.0,1.648526,0.6870430000000001,FRA,COM,0142
27550,246,50,666,2002.0,8779.0,0.0,0.32760500000000004,2.497746,ZAF,COM,0142
27551,13,63,666,2002.0,1698.0,0.0,0.23995500000000003,-0.754877,ATG,DMA,0142
27552,33,63,666,2002.0,32183.0,0.0,0.547024,-0.004036,BRB,DMA,0142
27553,64,63,666,2002.0,109091.0,0.0,1.344708,1.321135,DNK,DMA,0142
27554,81,63,666,2002.0,1214.0,0.0,2.067395,0.7934359999999999,GBR,DMA,0142
27555,91,63,666,2002.0,0.0,12087.0,0.822523,0.032938999999999996,GRD,DMA,0142
27556,112,63,666,2002.0,10826.0,0.0,-0.459541,-0.947443,JAM,DMA,0142
27557,162,63,666,2002.0,1605.0,0.0,1.175777,1.667472,NLD,DMA,0142
27558,222,63,666,2002.0,65879.0,0.0,-0.056315,-0.803537,TTO,DMA,0142
27559,231,63,666,2002.0,72386.0,0.0,1.853174,0.120986,USA,DMA,0142
27560,250,63,666,2002.0,2422.0,0.0,0.5979300000000001,-0.497816,ANS,DMA,0142
27561,14,75,666,2002.0,18772.0,0.0,-0.052462,0.759617,AUS,FJI,0142
27562,119,75,666,2002.0,0.0,5717.0,0.347526,-0.822594,KIR,FJI,0142
27563,221,75,666,2002.0,0.0,37144.0,-0.772079,-1.0016479999999999,TON,FJI,0142
27564,231,75,666,2002.0,1301.0,0.0,1.853174,0.120986,USA,FJI,0142
27565,240,75,666,2002.0,0.0,2891.0,-1.110093,-1.015554,VUT,FJI,0142
27566,250,75,666,2002.0,0.0,1039.0,0.5979300000000001,-0.497816,ANS,FJI,0142
27567,18,87,666,2002.0,15913.0,0.0,1.424339,1.372755,BEL,GMB,0142
27568,32,87,666,2002.0,5642.0,0.0,0.631343,1.249344,BRA,GMB,0142
27569,64,87,666,2002.0,5007.0,0.0,1.344708,1.321135,DNK,GMB,0142
27570,71,87,666,2002.0,2720.0,0.0,1.054108,1.9357349999999998,ESP,GMB,0142
27571,81,87,666,2002.0,4371.0,0.0,2.067395,0.7934359999999999,GBR,GMB,0142
27572,162,87,666,2002.0,305925.0,0.0,1.175777,1.667472,NLD,GMB,0142
27573,191,87,666,2002.0,1882.0,0.0,-0.5424939999999999,-0.554531,SEN,GMB,0142
27574,107,108,666,2002.0,10465.0,0.0,-0.665259,-0.840274,IRN,IRQ,0142
27575,14,118,666,2002.0,4614.0,0.0,-0.052462,0.759617,AUS,KHM,0142
27576,15,118,666,2002.0,3860.0,0.0,1.866997,0.400527,AUT,KHM,0142
27577,23,118,666,2002.0,3865.0,0.0,0.468058,1.644037,BGR,KHM,0142
27578,64,118,666,2002.0,4557.0,0.0,1.344708,1.321135,DNK,KHM,0142
27579,72,118,666,2002.0,3551.0,0.0,0.576142,1.168563,EST,KHM,0142
27580,97,118,666,2002.0,7928.0,0.0,0.704932,1.291658,HKG,KHM,0142
27581,153,118,666,2002.0,1814.0,0.0,0.9987159999999999,0.26558200000000004,MYS,KHM,0142
27582,192,118,666,2002.0,4594.0,0.0,1.7077209999999998,0.683549,SGP,KHM,0142
27583,231,118,666,2002.0,8475.0,0.0,1.853174,0.120986,USA,KHM,0142
27584,239,118,666,2002.0,1406.0,0.0,-0.44170699999999996,0.544708,VNM,KHM,0142
27585,77,136,666,2002.0,59617.0,0.0,1.648526,0.6870430000000001,FRA,MDG,0142
27586,162,136,666,2002.0,11402.0,0.0,1.175777,1.667472,NLD,MDG,0142
27587,250,136,666,2002.0,30373.0,0.0,0.5979300000000001,-0.497816,ANS,MDG,0142
27588,7,137,666,2002.0,55370.0,0.0,-0.288838,-0.640049,ARE,MDV,0142
27589,14,137,666,2002.0,78760.0,0.0,-0.052462,0.759617,AUS,MDV,0142
27590,32,137,666,2002.0,55232.0,0.0,0.631343,1.249344,BRA,MDV,0142
27591,61,137,666,2002.0,25912.0,0.0,2.367856,-2.195331,DEU,MDV,0142
27592,64,137,666,2002.0,1090.0,0.0,1.344708,1.321135,DNK,MDV,0142
27593,77,137,666,2002.0,6583.0,0.0,1.648526,0.6870430000000001,FRA,MDV,0142
27594,111,137,666,2002.0,2715.0,0.0,1.3944219999999998,1.125362,ITA,MDV,0142
27595,128,137,666,2002.0,19155.0,0.0,-0.461765,-0.057614,LKA,MDV,0142
27596,162,137,666,2002.0,14994.0,0.0,1.175777,1.667472,NLD,MDV,0142
27597,167,137,666,2002.0,8179.0,0.0,-1.307058,-1.270916,OMN,MDV,0142
27598,192,137,666,2002.0,31534.0,0.0,1.7077209999999998,0.683549,SGP,MDV,0142
27599,71,148,666,2002.0,2167.0,0.0,1.054108,1.9357349999999998,ESP,MRT,0142
27600,77,148,666,2002.0,10860.0,0.0,1.648526,0.6870430000000001,FRA,MRT,0142
27601,97,148,666,2002.0,1483.0,0.0,0.704932,1.291658,HKG,MRT,0142
27602,191,148,666,2002.0,5758.0,0.0,-0.5424939999999999,-0.554531,SEN,MRT,0142
27603,7,151,666,2002.0,7275.0,0.0,-0.288838,-0.640049,ARE,MUS,0142
27604,14,151,666,2002.0,109571.0,0.0,-0.052462,0.759617,AUS,MUS,0142
27605,18,151,666,2002.0,12733.0,0.0,1.424339,1.372755,BEL,MUS,0142
27606,43,151,666,2002.0,7725.0,0.0,0.6181220000000001,1.9636759999999998,CHN,MUS,0142
27607,64,151,666,2002.0,192829.0,0.0,1.344708,1.321135,DNK,MUS,0142
27608,77,151,666,2002.0,807500.0,0.0,1.648526,0.6870430000000001,FRA,MUS,0142
27609,97,151,666,2002.0,6494.0,0.0,0.704932,1.291658,HKG,MUS,0142
27610,111,151,666,2002.0,12179.0,0.0,1.3944219999999998,1.125362,ITA,MUS,0142
27611,162,151,666,2002.0,7329.0,0.0,1.175777,1.667472,NLD,MUS,0142
27612,246,151,666,2002.0,11633.0,0.0,0.32760500000000004,2.497746,ZAF,MUS,0142
27613,248,151,666,2002.0,48861.0,0.0,-0.36033000000000004,0.452182,ZWE,MUS,0142
27614,71,154,666,2002.0,1398.0,0.0,1.054108,1.9357349999999998,ESP,MYT,0142
27615,77,154,666,2002.0,196185.0,8799.0,1.648526,0.6870430000000001,FRA,MYT,0142
27616,14,156,666,2002.0,154651.0,0.0,-0.052462,0.759617,AUS,NCL,0142
27617,32,156,666,2002.0,7350.0,0.0,0.631343,1.249344,BRA,NCL,0142
27618,61,156,666,2002.0,17385.0,0.0,2.367856,-2.195331,DEU,NCL,0142
27619,64,156,666,2002.0,367161.0,0.0,1.344708,1.321135,DNK,NCL,0142
27620,77,156,666,2002.0,547499.0,0.0,1.648526,0.6870430000000001,FRA,NCL,0142
27621,162,156,666,2002.0,84949.0,0.0,1.175777,1.667472,NLD,NCL,0142
27622,166,156,666,2002.0,1384.0,0.0,0.370673,0.7853829999999999,NZL,NCL,0142
27623,182,156,666,2002.0,0.0,5735.0,-0.363179,-0.8967450000000001,PYF,NCL,0142
27624,77,157,666,2002.0,1644.0,0.0,1.648526,0.6870430000000001,FRA,NER,0142
27625,116,187,666,2002.0,3054.0,0.0,-0.59055,0.000731,KEN,RWA,0142
27626,32,196,666,2002.0,38697.0,0.0,0.631343,1.249344,BRA,SLE,0142
27627,64,196,666,2002.0,28510.0,0.0,1.344708,1.321135,DNK,SLE,0142
27628,67,196,666,2002.0,2661.0,0.0,-0.973858,-0.8924979999999999,ECU,SLE,0142
27629,81,196,666,2002.0,12865.0,0.0,2.067395,0.7934359999999999,GBR,SLE,0142
27630,104,196,666,2002.0,0.0,15222.0,0.32974000000000003,2.376477,IND,SLE,0142
27631,111,196,666,2002.0,6726.0,0.0,1.3944219999999998,1.125362,ITA,SLE,0142
27632,162,196,666,2002.0,94319.0,0.0,1.175777,1.667472,NLD,SLE,0142
27633,179,199,666,2002.0,24184.0,0.0,0.584956,1.377068,PRT,SOM,0142
27634,147,209,666,2002.0,0.0,2823.0,-1.337891,-1.187073,MOZ,SWZ,0142
27635,239,209,666,2002.0,6062.0,0.0,-0.44170699999999996,0.544708,VNM,SWZ,0142
27636,246,209,666,2002.0,247290.0,0.0,0.32760500000000004,2.497746,ZAF,SWZ,0142
27637,71,211,666,2002.0,1538.0,0.0,1.054108,1.9357349999999998,ESP,SYC,0142
27638,39,217,666,2002.0,364373.0,0.0,0.9672360000000001,1.389981,CAN,TJK,0142
27639,186,217,666,2002.0,258865.0,0.0,0.6051449999999999,0.272307,RUS,TJK,0142
27640,10,242,666,2002.0,0.0,8208.0,1.002446,0.17447200000000002,ASM,WSM,0142
27641,166,242,666,2002.0,6101.0,0.0,0.370673,0.7853829999999999,NZL,WSM,0142
27642,218,242,666,2002.0,0.0,12108.0,0.177449,0.196596,TKL,WSM,0142
27643,231,242,666,2002.0,8263.0,0.0,1.853174,0.120986,USA,WSM,0142
27644,32,243,666,2002.0,10798.0,0.0,0.631343,1.249344,BRA,YEM,0142
27645,64,243,666,2002.0,34352.0,0.0,1.344708,1.321135,DNK,YEM,0142
27646,77,243,666,2002.0,50994.0,0.0,1.648526,0.6870430000000001,FRA,YEM,0142
27647,162,243,666,2002.0,15128.0,0.0,1.175777,1.667472,NLD,YEM,0142
27648,18,2,666,2002.0,73654.0,0.0,1.424339,1.372755,BEL,AGO,0142
27649,32,2,666,2002.0,1240428.0,0.0,0.631343,1.249344,BRA,AGO,0142
27650,64,2,666,2002.0,7107.0,0.0,1.344708,1.321135,DNK,AGO,0142
27651,77,2,666,2002.0,167187.0,0.0,1.648526,0.6870430000000001,FRA,AGO,0142
27652,111,2,666,2002.0,590723.0,0.0,1.3944219999999998,1.125362,ITA,AGO,0142
27653,155,2,666,2002.0,84581.0,0.0,-0.137725,-0.361452,NAM,AGO,0142
27654,162,2,666,2002.0,31202.0,0.0,1.175777,1.667472,NLD,AGO,0142
27655,179,2,666,2002.0,15696454.0,0.0,0.584956,1.377068,PRT,AGO,0142
27656,246,2,666,2002.0,64087.0,0.0,0.32760500000000004,2.497746,ZAF,AGO,0142
27657,18,46,666,2002.0,353666.0,0.0,1.424339,1.372755,BEL,COD,0142
27658,32,46,666,2002.0,33593.0,0.0,0.631343,1.249344,BRA,COD,0142
27659,64,46,666,2002.0,15170.0,0.0,1.344708,1.321135,DNK,COD,0142
27660,77,46,666,2002.0,81259.0,0.0,1.648526,0.6870430000000001,FRA,COD,0142
27661,81,46,666,2002.0,2884.0,0.0,2.067395,0.7934359999999999,GBR,COD,0142
27662,116,46,666,2002.0,2150.0,0.0,-0.59055,0.000731,KEN,COD,0142
27663,162,46,666,2002.0,17027.0,0.0,1.175777,1.667472,NLD,COD,0142
27664,179,46,666,2002.0,2549.0,0.0,0.584956,1.377068,PRT,COD,0142
27665,246,46,666,2002.0,29928.0,0.0,0.32760500000000004,2.497746,ZAF,COD,0142
27666,247,46,666,2002.0,1876.0,0.0,-0.840258,-0.639474,ZMB,COD,0142
27667,248,46,666,2002.0,22918.0,0.0,-0.36033000000000004,0.452182,ZWE,COD,0142
27668,18,47,666,2002.0,124312.0,0.0,1.424339,1.372755,BEL,COG,0142
27669,32,47,666,2002.0,66942.0,0.0,0.631343,1.249344,BRA,COG,0142
27670,77,47,666,2002.0,1500042.0,0.0,1.648526,0.6870430000000001,FRA,COG,0142
27671,111,47,666,2002.0,18614.0,0.0,1.3944219999999998,1.125362,ITA,COG,0142
27672,162,47,666,2002.0,19874.0,0.0,1.175777,1.667472,NLD,COG,0142
27673,179,47,666,2002.0,8515.0,0.0,0.584956,1.377068,PRT,COG,0142
27674,61,78,666,2002.0,2028.0,0.0,2.367856,-2.195331,DEU,FRO,0142
27675,64,78,666,2002.0,1015246.0,0.0,1.344708,1.321135,DNK,FRO,0142
27676,109,78,666,2002.0,7995.0,0.0,0.17011700000000002,-0.33925500000000003,ISL,FRO,0142
27677,71,89,666,2002.0,247482.0,0.0,1.054108,1.9357349999999998,ESP,GNQ,0142
27678,77,89,666,2002.0,85114.0,0.0,1.648526,0.6870430000000001,FRA,GNQ,0142
27679,162,89,666,2002.0,22714.0,0.0,1.175777,1.667472,NLD,GNQ,0142
27680,32,101,666,2002.0,74120.0,0.0,0.631343,1.249344,BRA,HTI,0142
27681,64,101,666,2002.0,6002.0,0.0,1.344708,1.321135,DNK,HTI,0142
27682,65,101,666,2002.0,430766.0,0.0,-0.43339300000000003,-0.378827,DOM,HTI,0142
27683,77,101,666,2002.0,48248.0,0.0,1.648526,0.6870430000000001,FRA,HTI,0142
27684,231,101,666,2002.0,4098635.0,0.0,1.853174,0.120986,USA,HTI,0142
27685,23,125,666,2002.0,2010.0,0.0,0.468058,1.644037,BGR,LBR,0142
27686,32,125,666,2002.0,69285.0,0.0,0.631343,1.249344,BRA,LBR,0142
27687,64,125,666,2002.0,33389.0,0.0,1.344708,1.321135,DNK,LBR,0142
27688,72,125,666,2002.0,23597.0,0.0,0.576142,1.168563,EST,LBR,0142
27689,77,125,666,2002.0,493788.0,0.0,1.648526,0.6870430000000001,FRA,LBR,0142
27690,111,125,666,2002.0,89644.0,0.0,1.3944219999999998,1.125362,ITA,LBR,0142
27691,162,125,666,2002.0,3793.0,0.0,1.175777,1.667472,NLD,LBR,0142
27692,185,125,666,2002.0,3000.0,0.0,0.549227,1.071998,ROU,LBR,0142
27693,33,127,666,2002.0,63155.0,0.0,0.547024,-0.004036,BRB,LCA,0142
27694,64,127,666,2002.0,23683.0,0.0,1.344708,1.321135,DNK,LCA,0142
27695,81,127,666,2002.0,6438.0,0.0,2.067395,0.7934359999999999,GBR,LCA,0142
27696,112,127,666,2002.0,19301.0,0.0,-0.459541,-0.947443,JAM,LCA,0142
27697,162,127,666,2002.0,1508.0,0.0,1.175777,1.667472,NLD,LCA,0142
27698,222,127,666,2002.0,31683.0,0.0,-0.056315,-0.803537,TTO,LCA,0142
27699,231,127,666,2002.0,102099.0,0.0,1.853174,0.120986,USA,LCA,0142
27700,246,129,666,2002.0,1709712.0,0.0,0.32760500000000004,2.497746,ZAF,LSO,0142
27701,14,182,666,2002.0,1574.0,0.0,-0.052462,0.759617,AUS,PYF,0142
27702,18,182,666,2002.0,2214.0,0.0,1.424339,1.372755,BEL,PYF,0142
27703,39,182,666,2002.0,22853.0,0.0,0.9672360000000001,1.389981,CAN,PYF,0142
27704,42,182,666,2002.0,6130.0,0.0,-0.079201,-0.11449200000000001,CHL,PYF,0142
27705,64,182,666,2002.0,73919.0,0.0,1.344708,1.321135,DNK,PYF,0142
27706,77,182,666,2002.0,1063950.0,0.0,1.648526,0.6870430000000001,FRA,PYF,0142
27707,156,182,666,2002.0,5735.0,0.0,-0.7477739999999999,-1.006248,NCL,PYF,0142
27708,162,182,666,2002.0,47700.0,0.0,1.175777,1.667472,NLD,PYF,0142
27709,166,182,666,2002.0,14100.0,0.0,0.370673,0.7853829999999999,NZL,PYF,0142
27710,231,182,666,2002.0,488881.0,0.0,1.853174,0.120986,USA,PYF,0142
27711,179,220,666,2002.0,25325.0,0.0,0.584956,1.377068,PRT,TLS,0142
27712,192,220,666,2002.0,19648.0,0.0,1.7077209999999998,0.683549,SGP,TLS,0142
27713,39,232,666,2002.0,1032290.0,0.0,0.9672360000000001,1.389981,CAN,UZB,0142
27714,64,232,666,2002.0,11000.0,0.0,1.344708,1.321135,DNK,UZB,0142
27715,186,232,666,2002.0,11864.0,0.0,0.6051449999999999,0.272307,RUS,UZB,0142
27716,224,232,666,2002.0,16054.0,0.0,0.12982,1.8032650000000001,TUR,UZB,0142
27717,8,250,666,2002.0,52655.0,0.0,0.045376,0.71768,ARG,ANS,0142
27718,23,250,666,2002.0,182585.0,0.0,0.468058,1.644037,BGR,ANS,0142
27719,38,250,666,2002.0,0.0,2741.0,-0.698235,-0.905799,CAF,ANS,0142
27720,42,250,666,2002.0,13623.0,0.0,-0.079201,-0.11449200000000001,CHL,ANS,0142
27721,44,250,666,2002.0,0.0,2149.0,-0.803739,-0.752218,CIV,ANS,0142
27722,45,250,666,2002.0,0.0,27307.0,-1.188713,-1.109944,CMR,ANS,0142
27723,61,250,666,2002.0,140943.0,0.0,2.367856,-2.195331,DEU,ANS,0142
27724,63,250,666,2002.0,0.0,2422.0,0.212137,-0.112873,DMA,ANS,0142
27725,64,250,666,2002.0,934386.0,307844.0,1.344708,1.321135,DNK,ANS,0142
27726,71,250,666,2002.0,3890.0,0.0,1.054108,1.9357349999999998,ESP,ANS,0142
27727,72,250,666,2002.0,0.0,231707.0,0.576142,1.168563,EST,ANS,0142
27728,75,250,666,2002.0,1039.0,0.0,-0.788026,-0.432015,FJI,ANS,0142
27729,77,250,666,2002.0,21711.0,6368.0,1.648526,0.6870430000000001,FRA,ANS,0142
27730,90,250,666,2002.0,3054.0,2383.0,0.20355399999999998,1.4130200000000002,GRC,ANS,0142
27731,92,250,666,2002.0,0.0,19744.0,-0.514411,-0.87766,GRL,ANS,0142
27732,111,250,666,2002.0,565627.0,0.0,1.3944219999999998,1.125362,ITA,ANS,0142
27733,116,250,666,2002.0,7946.0,1270.0,-0.59055,0.000731,KEN,ANS,0142
27734,124,250,666,2002.0,1150.0,0.0,0.220906,1.470297,LBN,ANS,0142
27735,132,250,666,2002.0,44568.0,0.0,0.41409799999999997,0.6281680000000001,LVA,ANS,0142
27736,136,250,666,2002.0,0.0,30373.0,-1.109564,-0.642039,MDG,ANS,0142
27737,147,250,666,2002.0,8849.0,0.0,-1.337891,-1.187073,MOZ,ANS,0142
27738,153,250,666,2002.0,0.0,168091.0,0.9987159999999999,0.26558200000000004,MYS,ANS,0142
27739,162,250,666,2002.0,20601.0,0.0,1.175777,1.667472,NLD,ANS,0142
27740,169,250,666,2002.0,0.0,4355.0,0.085746,0.21839,PAN,ANS,0142
27741,177,250,666,2002.0,324000.0,0.0,0.9449299999999999,1.655764,POL,ANS,0142
27742,179,250,666,2002.0,26765.0,0.0,0.584956,1.377068,PRT,ANS,0142
27743,185,250,666,2002.0,7252.0,0.0,0.549227,1.071998,ROU,ANS,0142
27744,186,250,666,2002.0,174933.0,0.0,0.6051449999999999,0.272307,RUS,ANS,0142
27745,222,250,666,2002.0,12108.0,0.0,-0.056315,-0.803537,TTO,ANS,0142
27746,223,250,666,2002.0,26182.0,0.0,0.059876,0.369032,TUN,ANS,0142
27747,224,250,666,2002.0,36174.0,0.0,0.12982,1.8032650000000001,TUR,ANS,0142
27748,64,84,666,2002.0,1641.0,0.0,1.344708,1.321135,DNK,GIB,0142
27749,71,84,666,2002.0,147005.0,0.0,1.054108,1.9357349999999998,ESP,GIB,0142
27750,72,84,666,2002.0,3261.0,0.0,0.576142,1.168563,EST,GIB,0142
27751,77,84,666,2002.0,8502.0,0.0,1.648526,0.6870430000000001,FRA,GIB,0142
27752,81,84,666,2002.0,123815.0,0.0,2.067395,0.7934359999999999,GBR,GIB,0142
27753,82,84,666,2002.0,0.0,126257.0,0.23526999999999998,-0.156333,GEO,GIB,0142
27754,106,84,666,2002.0,96902.0,0.0,1.7939310000000002,0.219254,IRL,GIB,0142
27755,111,84,666,2002.0,45493.0,0.0,1.3944219999999998,1.125362,ITA,GIB,0142
27756,162,84,666,2002.0,19856.0,0.0,1.175777,1.667472,NLD,GIB,0142
27757,15,219,666,2002.0,21275.0,0.0,1.866997,0.400527,AUT,TKM,0142
27758,39,219,666,2002.0,66744.0,0.0,0.9672360000000001,1.389981,CAN,TKM,0142
27759,102,219,666,2002.0,9000.0,0.0,1.232359,1.064425,HUN,TKM,0142
27760,111,219,666,2002.0,11003.0,0.0,1.3944219999999998,1.125362,ITA,TKM,0142
27761,186,219,666,2002.0,42007.0,0.0,0.6051449999999999,0.272307,RUS,TKM,0142
27762,224,219,666,2002.0,32318.0,0.0,0.12982,1.8032650000000001,TUR,TKM,0142
27763,112,237,666,2002.0,1658.0,0.0,-0.459541,-0.947443,JAM,VGB,0142
27764,222,237,666,2002.0,1929.0,0.0,-0.056315,-0.803537,TTO,VGB,0142
27765,231,237,666,2002.0,48050.0,0.0,1.853174,0.120986,USA,VGB,0142
27766,14,221,666,2002.0,7848.0,0.0,-0.052462,0.759617,AUS,TON,0142
27767,23,221,666,2002.0,1727.0,0.0,0.468058,1.644037,BGR,TON,0142
27768,75,221,666,2002.0,37144.0,0.0,-0.788026,-0.432015,FJI,TON,0142
27769,166,221,666,2002.0,9806.0,0.0,0.370673,0.7853829999999999,NZL,TON,0142
27770,231,221,666,2002.0,6433.0,0.0,1.853174,0.120986,USA,TON,0142
27771,166,10,666,2002.0,2807.0,0.0,0.370673,0.7853829999999999,NZL,ASM,0142
27772,242,10,666,2002.0,8208.0,0.0,-0.09827000000000001,-0.540676,WSM,ASM,0142
27773,81,30,666,2002.0,83740.0,0.0,2.067395,0.7934359999999999,GBR,BMU,0142
27774,106,30,666,2002.0,111737.0,0.0,1.7939310000000002,0.219254,IRL,BMU,0142
27775,112,30,666,2002.0,10506.0,0.0,-0.459541,-0.947443,JAM,BMU,0142
27776,231,30,666,2002.0,920326.0,0.0,1.853174,0.120986,USA,BMU,0142
27777,45,38,666,2002.0,5918.0,0.0,-1.188713,-1.109944,CMR,CAF,0142
27778,77,38,666,2002.0,2496.0,0.0,1.648526,0.6870430000000001,FRA,CAF,0142
27779,250,38,666,2002.0,2741.0,0.0,0.5979300000000001,-0.497816,ANS,CAF,0142
27780,14,40,666,2002.0,1472.0,0.0,-0.052462,0.759617,AUS,CCK,0142
27781,166,48,666,2002.0,212027.0,0.0,0.370673,0.7853829999999999,NZL,COK,0142
27782,14,56,666,2002.0,1646.0,0.0,-0.052462,0.759617,AUS,CXR,0142
27783,32,57,666,2002.0,67705.0,0.0,0.631343,1.249344,BRA,CYM,0142
27784,81,57,666,2002.0,8197.0,0.0,2.067395,0.7934359999999999,GBR,CYM,0142
27785,112,57,666,2002.0,14720.0,0.0,-0.459541,-0.947443,JAM,CYM,0142
27786,231,57,666,2002.0,48714.0,0.0,1.853174,0.120986,USA,CYM,0142
27787,77,62,666,2002.0,187258.0,0.0,1.648526,0.6870430000000001,FRA,DJI,0142
27788,61,69,666,2002.0,1000.0,5143.0,2.367856,-2.195331,DEU,ERI,0142
27789,81,69,666,2002.0,11444.0,0.0,2.067395,0.7934359999999999,GBR,ERI,0142
27790,103,69,666,2002.0,1231.0,0.0,0.098182,1.7305840000000001,IDN,ERI,0142
27791,111,69,666,2002.0,9026.0,0.0,1.3944219999999998,1.125362,ITA,ERI,0142
27792,116,69,666,2002.0,2269.0,0.0,-0.59055,0.000731,KEN,ERI,0142
27793,162,69,666,2002.0,11393.0,0.0,1.175777,1.667472,NLD,ERI,0142
27794,81,76,666,2002.0,25630.0,0.0,2.067395,0.7934359999999999,GBR,FLK,0142
27795,14,79,666,2002.0,4651.0,0.0,-0.052462,0.759617,AUS,FSM,0142
27796,231,79,666,2002.0,123428.0,0.0,1.853174,0.120986,USA,FSM,0142
27797,14,95,666,2002.0,15385.0,0.0,-0.052462,0.759617,AUS,GUM,0142
27798,64,95,666,2002.0,28945.0,0.0,1.344708,1.321135,DNK,GUM,0142
27799,174,95,666,2002.0,1210.0,0.0,0.29601,-0.232513,PHL,GUM,0142
27800,14,119,666,2002.0,213390.0,0.0,-0.052462,0.759617,AUS,KIR,0142
27801,75,119,666,2002.0,5717.0,0.0,-0.788026,-0.432015,FJI,KIR,0142
27802,23,139,666,2002.0,2591.0,0.0,0.468058,1.644037,BGR,MHL,0142
27803,72,139,666,2002.0,4630.0,0.0,0.576142,1.168563,EST,MHL,0142
27804,231,139,666,2002.0,52896.0,0.0,1.853174,0.120986,USA,MHL,0142
27805,61,145,666,2002.0,9000.0,0.0,2.367856,-2.195331,DEU,MNG,0142
27806,162,145,666,2002.0,1903.0,0.0,1.175777,1.667472,NLD,MNG,0142
27807,186,145,666,2002.0,24828.0,0.0,0.6051449999999999,0.272307,RUS,MNG,0142
27808,14,158,666,2002.0,13089.0,0.0,-0.052462,0.759617,AUS,NFK,0142
27809,166,158,666,2002.0,5804.0,0.0,0.370673,0.7853829999999999,NZL,NFK,0142
27810,64,164,666,2002.0,4014.0,0.0,1.344708,1.321135,DNK,NPL,0142
27811,77,164,666,2002.0,1890.0,0.0,1.648526,0.6870430000000001,FRA,NPL,0142
27812,14,165,666,2002.0,155124.0,0.0,-0.052462,0.759617,AUS,NRU,0142
27813,231,175,666,2002.0,52679.0,0.0,1.853174,0.120986,USA,PLW,0142
27814,122,181,666,2002.0,0.0,2980.0,-0.794007,-1.192659,KWT,PSE,0142
27815,188,181,666,2002.0,0.0,30807.0,0.048764,-0.903125,SAU,PSE,0142
27816,14,195,666,2002.0,99749.0,0.0,-0.052462,0.759617,AUS,SLB,0142
27817,45,214,666,2002.0,3183.0,0.0,-1.188713,-1.109944,CMR,TCD,0142
27818,77,214,666,2002.0,33063.0,0.0,1.648526,0.6870430000000001,FRA,TCD,0142
27819,61,229,666,2002.0,4000.0,0.0,2.367856,-2.195331,DEU,UMI,0142
27820,14,240,666,2002.0,42734.0,0.0,-0.052462,0.759617,AUS,VUT,0142
27821,75,240,666,2002.0,2891.0,0.0,-0.788026,-0.432015,FJI,VUT,0142
27822,77,240,666,2002.0,4782.0,0.0,1.648526,0.6870430000000001,FRA,VUT,0142
27823,166,240,666,2002.0,2404.0,0.0,0.370673,0.7853829999999999,NZL,VUT,0142
27824,77,241,666,2002.0,87842.0,0.0,1.648526,0.6870430000000001,FRA,WLF,0142
27825,162,241,666,2002.0,14433.0,0.0,1.175777,1.667472,NLD,WLF,0142
27826,61,5,666,2002.0,93634.0,0.0,2.367856,-2.195331,DEU,AND,0142
27827,64,5,666,2002.0,3890.0,0.0,1.344708,1.321135,DNK,AND,0142
27828,71,5,666,2002.0,3073607.0,2189.0,1.054108,1.9357349999999998,ESP,AND,0142
27829,77,5,666,2002.0,3753.0,0.0,1.648526,0.6870430000000001,FRA,AND,0142
27830,111,5,666,2002.0,8868.0,0.0,1.3944219999999998,1.125362,ITA,AND,0142
27831,179,5,666,2002.0,25505.0,0.0,0.584956,1.377068,PRT,AND,0142
27832,64,92,666,2002.0,2051034.0,0.0,1.344708,1.321135,DNK,GRL,0142
27833,250,92,666,2002.0,19744.0,0.0,0.5979300000000001,-0.497816,ANS,GRL,0142
27834,65,213,666,2002.0,2415.0,0.0,-0.43339300000000003,-0.378827,DOM,TCA,0142
27835,231,213,666,2002.0,6388.0,0.0,1.853174,0.120986,USA,TCA,0142
27836,32,88,666,2002.0,1400.0,0.0,0.631343,1.249344,BRA,GNB,0142
27837,179,88,666,2002.0,17209.0,0.0,0.584956,1.377068,PRT,GNB,0142
27838,191,88,666,2002.0,11131.0,0.0,-0.5424939999999999,-0.554531,SEN,GNB,0142
27839,39,200,666,2002.0,1059.0,0.0,0.9672360000000001,1.389981,CAN,SPM,0142
27840,77,200,666,2002.0,97773.0,0.0,1.648526,0.6870430000000001,FRA,SPM,0142
27841,162,200,666,2002.0,6653.0,0.0,1.175777,1.667472,NLD,SPM,0142
27842,111,233,666,2002.0,11713.0,0.0,1.3944219999999998,1.125362,ITA,VAT,0142
27843,77,11,666,2002.0,7598.0,0.0,1.648526,0.6870430000000001,FRA,ATA,0142
27844,81,11,666,2002.0,1388.0,0.0,2.067395,0.7934359999999999,GBR,ATA,0142
27845,242,218,666,2002.0,12108.0,0.0,-0.09827000000000001,-0.540676,WSM,TKL,0142
27846,81,194,666,2002.0,15532.0,0.0,2.067395,0.7934359999999999,GBR,SHN,0142
27847,246,194,666,2002.0,4735.0,0.0,0.32760500000000004,2.497746,ZAF,SHN,0142
27848,82,161,666,2002.0,0.0,7198.0,0.23526999999999998,-0.156333,GEO,NIU,0142
27849,166,161,666,2002.0,13061.0,0.0,0.370673,0.7853829999999999,NZL,NIU,0142
27850,3,6,667,2002.0,0.0,2661.0,1.822725,0.45911899999999994,AIA,ANT,0149
27851,18,6,667,2002.0,9009.0,0.0,1.424339,1.372755,BEL,ANT,0149
27852,32,6,667,2002.0,334985.0,0.0,0.631343,1.249344,BRA,ANT,0149
27853,43,6,667,2002.0,60419.0,0.0,0.6181220000000001,1.9636759999999998,CHN,ANT,0149
27854,49,6,667,2002.0,7276.0,0.0,0.219861,0.45238999999999996,COL,ANT,0149
27855,64,6,667,2002.0,262189.0,0.0,1.344708,1.321135,DNK,ANT,0149
27856,65,6,667,2002.0,1199.0,0.0,-0.43339300000000003,-0.378827,DOM,ANT,0149
27857,77,6,667,2002.0,416224.0,0.0,1.648526,0.6870430000000001,FRA,ANT,0149
27858,111,6,667,2002.0,33716.0,0.0,1.3944219999999998,1.125362,ITA,ANT,0149
27859,162,6,667,2002.0,850368.0,0.0,1.175777,1.667472,NLD,ANT,0149
27860,169,6,667,2002.0,1975.0,0.0,0.085746,0.21839,PAN,ANT,0149
27861,179,6,667,2002.0,9272.0,0.0,0.584956,1.377068,PRT,ANT,0149
27862,222,6,667,2002.0,1257.0,0.0,-0.056315,-0.803537,TTO,ANT,0149
27863,231,6,667,2002.0,687865.0,0.0,1.853174,0.120986,USA,ANT,0149
27864,236,6,667,2002.0,2617.0,0.0,-0.008877,-0.753486,VEN,ANT,0149
27865,23,13,667,2002.0,1035.0,0.0,0.468058,1.644037,BGR,ATG,0149
27866,32,13,667,2002.0,164987.0,0.0,0.631343,1.249344,BRA,ATG,0149
27867,33,13,667,2002.0,17263.0,0.0,0.547024,-0.004036,BRB,ATG,0149
27868,64,13,667,2002.0,165840.0,0.0,1.344708,1.321135,DNK,ATG,0149
27869,81,13,667,2002.0,25479.0,0.0,2.067395,0.7934359999999999,GBR,ATG,0149
27870,91,13,667,2002.0,0.0,36108.0,0.822523,0.032938999999999996,GRD,ATG,0149
27871,112,13,667,2002.0,11405.0,0.0,-0.459541,-0.947443,JAM,ATG,0149
27872,120,13,667,2002.0,0.0,49658.0,0.757789,-0.2968,KNA,ATG,0149
27873,222,13,667,2002.0,42838.0,0.0,-0.056315,-0.803537,TTO,ATG,0149
27874,231,13,667,2002.0,531482.0,0.0,1.853174,0.120986,USA,ATG,0149
27875,7,15,667,2002.0,0.0,141270.0,-0.288838,-0.640049,ARE,AUT,0149
27876,8,15,667,2002.0,3122.0,0.0,0.045376,0.71768,ARG,AUT,0149
27877,9,15,667,2002.0,0.0,61965.0,0.66447,-0.08317000000000001,ARM,AUT,0149
27878,14,15,667,2002.0,19424.0,128393.0,-0.052462,0.759617,AUS,AUT,0149
27879,18,15,667,2002.0,611836.0,874519.0,1.424339,1.372755,BEL,AUT,0149
27880,19,15,667,2002.0,0.0,200902.0,-0.7683840000000001,-0.7984319999999999,BEN,AUT,0149
27881,23,15,667,2002.0,96103.0,15333.0,0.468058,1.644037,BGR,AUT,0149
27882,24,15,667,2002.0,0.0,27139.0,-0.31754099999999996,-1.099381,BHR,AUT,0149
27883,26,15,667,2002.0,0.0,62950.0,0.223543,0.44595100000000004,BIH,AUT,0149
27884,32,15,667,2002.0,49973.0,0.0,0.631343,1.249344,BRA,AUT,0149
27885,41,15,667,2002.0,288868.0,97921.0,2.205507,0.831836,CHE,AUT,0149
27886,44,15,667,2002.0,0.0,134805.0,-0.803739,-0.752218,CIV,AUT,0149
27887,58,15,667,2002.0,0.0,133533.0,0.332088,0.50441,CYP,AUT,0149
27888,59,15,667,2002.0,0.0,2431049.0,1.5835139999999999,0.9563010000000001,CZE,AUT,0149
27889,61,15,667,2002.0,20607074.0,14710632.0,2.367856,-2.195331,DEU,AUT,0149
27890,64,15,667,2002.0,1200943.0,13820.0,1.344708,1.321135,DNK,AUT,0149
27891,71,15,667,2002.0,1394450.0,217789.0,1.054108,1.9357349999999998,ESP,AUT,0149
27892,72,15,667,2002.0,0.0,5336.0,0.576142,1.168563,EST,AUT,0149
27893,74,15,667,2002.0,0.0,13747.0,1.9545119999999998,1.047515,FIN,AUT,0149
27894,77,15,667,2002.0,1967856.0,23010.0,1.648526,0.6870430000000001,FRA,AUT,0149
27895,81,15,667,2002.0,25017.0,336447.0,2.067395,0.7934359999999999,GBR,AUT,0149
27896,82,15,667,2002.0,0.0,110589.0,0.23526999999999998,-0.156333,GEO,AUT,0149
27897,90,15,667,2002.0,2442.0,41953.0,0.20355399999999998,1.4130200000000002,GRC,AUT,0149
27898,100,15,667,2002.0,2261858.0,635399.0,0.603546,1.273001,HRV,AUT,0149
27899,102,15,667,2002.0,3806292.0,371962.0,1.232359,1.064425,HUN,AUT,0149
27900,106,15,667,2002.0,198426.0,0.0,1.7939310000000002,0.219254,IRL,AUT,0149
27901,107,15,667,2002.0,4257.0,0.0,-0.665259,-0.840274,IRN,AUT,0149
27902,110,15,667,2002.0,309490.0,0.0,1.257709,0.8318989999999999,ISR,AUT,0149
27903,111,15,667,2002.0,5589858.0,1042280.0,1.3944219999999998,1.125362,ITA,AUT,0149
27904,113,15,667,2002.0,0.0,18903.0,0.34023000000000003,0.264754,JOR,AUT,0149
27905,114,15,667,2002.0,0.0,151622.0,2.7747580000000003,0.43663199999999996,JPN,AUT,0149
27906,115,15,667,2002.0,0.0,3638.0,-0.100361,-0.502468,KAZ,AUT,0149
27907,124,15,667,2002.0,0.0,42024.0,0.220906,1.470297,LBN,AUT,0149
27908,132,15,667,2002.0,0.0,5304.0,0.41409799999999997,0.6281680000000001,LVA,AUT,0149
27909,135,15,667,2002.0,0.0,72970.0,-0.017383000000000003,0.109124,MDA,AUT,0149
27910,140,15,667,2002.0,0.0,103712.0,-0.027727999999999996,0.41846400000000006,MKD,AUT,0149
27911,162,15,667,2002.0,990022.0,340486.0,1.175777,1.667472,NLD,AUT,0149
27912,166,15,667,2002.0,4517.0,0.0,0.370673,0.7853829999999999,NZL,AUT,0149
27913,177,15,667,2002.0,1910.0,0.0,0.9449299999999999,1.655764,POL,AUT,0149
27914,178,15,667,2002.0,0.0,1516120.0,0.629678,1.0153780000000001,PRK,AUT,0149
27915,185,15,667,2002.0,0.0,4761.0,0.549227,1.071998,ROU,AUT,0149
27916,186,15,667,2002.0,0.0,2854926.0,0.6051449999999999,0.272307,RUS,AUT,0149
27917,189,15,667,2002.0,0.0,114832.0,0.523459,2.58657,SCG,AUT,0149
27918,196,15,667,2002.0,0.0,569121.0,0.29478899999999997,0.055865,SLE,AUT,0149
27919,206,15,667,2002.0,0.0,113964.0,1.269549,1.184774,SVK,AUT,0149
27920,207,15,667,2002.0,2237794.0,132599.0,1.469681,1.13303,SVN,AUT,0149
27921,208,15,667,2002.0,418628.0,129683.0,2.134,0.769413,SWE,AUT,0149
27922,211,15,667,2002.0,0.0,1110.0,-0.8837229999999999,-0.975607,SYC,AUT,0149
27923,212,15,667,2002.0,0.0,6664.0,-1.07007,-0.560769,SYR,AUT,0149
27924,216,15,667,2002.0,1317.0,0.0,0.513887,1.545967,THA,AUT,0149
27925,231,15,667,2002.0,0.0,2281.0,1.853174,0.120986,USA,AUT,0149
27926,246,15,667,2002.0,3945.0,0.0,0.32760500000000004,2.497746,ZAF,AUT,0149
27927,2,18,667,2002.0,0.0,55506.0,-1.8043639999999999,-1.250642,AGO,BEL,0149
27928,6,18,667,2002.0,0.0,9009.0,0.145946,-0.704052,ANT,BEL,0149
27929,7,18,667,2002.0,0.0,140980.0,-0.288838,-0.640049,ARE,BEL,0149
27930,8,18,667,2002.0,210738.0,13323.0,0.045376,0.71768,ARG,BEL,0149
27931,15,18,667,2002.0,874519.0,611836.0,1.866997,0.400527,AUT,BEL,0149
27932,16,18,667,2002.0,0.0,9627.0,-0.566735,-1.003158,AZE,BEL,0149
27933,17,18,667,2002.0,0.0,26056.0,-0.399212,-0.67657,BDI,BEL,0149
27934,23,18,667,2002.0,2135284.0,409801.0,0.468058,1.644037,BGR,BEL,0149
27935,24,18,667,2002.0,0.0,12298.0,-0.31754099999999996,-1.099381,BHR,BEL,0149
27936,30,18,667,2002.0,0.0,8134.0,0.934739,-0.465542,BMU,BEL,0149
27937,32,18,667,2002.0,2937163.0,0.0,0.631343,1.249344,BRA,BEL,0149
27938,39,18,667,2002.0,0.0,278915.0,0.9672360000000001,1.389981,CAN,BEL,0149
27939,41,18,667,2002.0,0.0,97925.0,2.205507,0.831836,CHE,BEL,0149
27940,42,18,667,2002.0,127585.0,32350.0,-0.079201,-0.11449200000000001,CHL,BEL,0149
27941,44,18,667,2002.0,0.0,1154.0,-0.803739,-0.752218,CIV,BEL,0149
27942,46,18,667,2002.0,0.0,48474.0,-1.218664,-1.1406120000000002,COD,BEL,0149
27943,51,18,667,2002.0,0.0,30227.0,-0.315184,-0.660522,CPV,BEL,0149
27944,52,18,667,2002.0,0.0,4188.0,0.083983,-0.096237,CRI,BEL,0149
27945,54,18,667,2002.0,0.0,25786.0,-0.896759,-1.079825,CUB,BEL,0149
27946,58,18,667,2002.0,1299.0,54114.0,0.332088,0.50441,CYP,BEL,0149
27947,59,18,667,2002.0,0.0,244724.0,1.5835139999999999,0.9563010000000001,CZE,BEL,0149
27948,61,18,667,2002.0,38772360.0,56529824.0,2.367856,-2.195331,DEU,BEL,0149
27949,64,18,667,2002.0,652060.0,6123272.0,1.344708,1.321135,DNK,BEL,0149
27950,71,18,667,2002.0,1079333.0,5596906.0,1.054108,1.9357349999999998,ESP,BEL,0149
27951,72,18,667,2002.0,0.0,316764.0,0.576142,1.168563,EST,BEL,0149
27952,73,18,667,2002.0,0.0,2627.0,-1.289118,-1.0291540000000001,ETH,BEL,0149
27953,74,18,667,2002.0,2456.0,484683.0,1.9545119999999998,1.047515,FIN,BEL,0149
27954,77,18,667,2002.0,61147280.0,41991960.0,1.648526,0.6870430000000001,FRA,BEL,0149
27955,78,18,667,2002.0,0.0,4701.0,-0.33811399999999997,-0.8092050000000001,FRO,BEL,0149
27956,80,18,667,2002.0,0.0,18881.0,-1.34341,-1.238593,GAB,BEL,0149
27957,81,18,667,2002.0,1136887.0,57193520.0,2.067395,0.7934359999999999,GBR,BEL,0149
27958,82,18,667,2002.0,0.0,11187.0,0.23526999999999998,-0.156333,GEO,BEL,0149
27959,83,18,667,2002.0,58913.0,3275.0,-1.258567,-1.048266,GHA,BEL,0149
27960,84,18,667,2002.0,0.0,12941.0,0.404483,-0.313042,GIB,BEL,0149
27961,87,18,667,2002.0,0.0,2722.0,0.266536,0.20776,GMB,BEL,0149
27962,90,18,667,2002.0,24951.0,1459374.0,0.20355399999999998,1.4130200000000002,GRC,BEL,0149
27963,93,18,667,2002.0,0.0,3234.0,-0.49913,-0.038079,GTM,BEL,0149
27964,97,18,667,2002.0,0.0,136638.0,0.704932,1.291658,HKG,BEL,0149
27965,100,18,667,2002.0,0.0,451346.0,0.603546,1.273001,HRV,BEL,0149
27966,101,18,667,2002.0,0.0,53855.0,-0.837823,-0.834512,HTI,BEL,0149
27967,102,18,667,2002.0,254579.0,93898.0,1.232359,1.064425,HUN,BEL,0149
27968,106,18,667,2002.0,2381922.0,5430954.0,1.7939310000000002,0.219254,IRL,BEL,0149
27969,109,18,667,2002.0,2196.0,0.0,0.17011700000000002,-0.33925500000000003,ISL,BEL,0149
27970,110,18,667,2002.0,1610008.0,15051.0,1.257709,0.8318989999999999,ISR,BEL,0149
27971,111,18,667,2002.0,3379630.0,4119568.0,1.3944219999999998,1.125362,ITA,BEL,0149
27972,114,18,667,2002.0,0.0,45060.0,2.7747580000000003,0.43663199999999996,JPN,BEL,0149
27973,124,18,667,2002.0,4189.0,692807.0,0.220906,1.470297,LBN,BEL,0149
27974,130,18,667,2002.0,0.0,9396.0,0.15796,0.855931,LTU,BEL,0149
27975,131,18,667,2002.0,1847408.0,11989849.0,1.396249,1.153017,LUX,BEL,0149
27976,132,18,667,2002.0,0.0,8409.0,0.41409799999999997,0.6281680000000001,LVA,BEL,0149
27977,135,18,667,2002.0,0.0,2495.0,-0.017383000000000003,0.109124,MDA,BEL,0149
27978,142,18,667,2002.0,0.0,11753.0,0.901235,-0.140261,MLT,BEL,0149
27979,151,18,667,2002.0,0.0,11367.0,-0.382062,-0.379224,MUS,BEL,0149
27980,156,18,667,2002.0,0.0,611392.0,-0.7477739999999999,-1.006248,NCL,BEL,0149
27981,162,18,667,2002.0,31468406.0,154036032.0,1.175777,1.667472,NLD,BEL,0149
27982,163,18,667,2002.0,4069.0,0.0,0.689588,-0.007016,NOR,BEL,0149
27983,169,18,667,2002.0,0.0,11354.0,0.085746,0.21839,PAN,BEL,0149
27984,177,18,667,2002.0,23561.0,1439.0,0.9449299999999999,1.655764,POL,BEL,0149
27985,179,18,667,2002.0,66308.0,620938.0,0.584956,1.377068,PRT,BEL,0149
27986,185,18,667,2002.0,51159.0,92195.0,0.549227,1.071998,ROU,BEL,0149
27987,186,18,667,2002.0,0.0,5378640.0,0.6051449999999999,0.272307,RUS,BEL,0149
27988,187,18,667,2002.0,0.0,1218.0,-0.6278859999999999,-0.832391,RWA,BEL,0149
27989,191,18,667,2002.0,0.0,8599.0,-0.5424939999999999,-0.554531,SEN,BEL,0149
27990,192,18,667,2002.0,0.0,176874.0,1.7077209999999998,0.683549,SGP,BEL,0149
27991,196,18,667,2002.0,0.0,3649.0,0.29478899999999997,0.055865,SLE,BEL,0149
27992,203,18,667,2002.0,0.0,14100.0,0.767305,-0.0836,STP,BEL,0149
27993,206,18,667,2002.0,0.0,31313.0,1.269549,1.184774,SVK,BEL,0149
27994,208,18,667,2002.0,197500.0,5079444.0,2.134,0.769413,SWE,BEL,0149
27995,216,18,667,2002.0,3458622.0,41843.0,0.513887,1.545967,THA,BEL,0149
27996,228,18,667,2002.0,0.0,61038.0,0.575372,1.131722,UKR,BEL,0149
27997,231,18,667,2002.0,0.0,7719379.0,1.853174,0.120986,USA,BEL,0149
27998,233,18,667,2002.0,0.0,32556.0,1.0090620000000001,-0.47225100000000003,VAT,BEL,0149
27999,246,18,667,2002.0,0.0,2045.0,0.32760500000000004,2.497746,ZAF,BEL,0149
28000,250,18,667,2002.0,0.0,178983.0,0.5979300000000001,-0.497816,ANS,BEL,0149
28001,8,25,667,2002.0,58547.0,0.0,0.045376,0.71768,ARG,BHS,0149
28002,32,25,667,2002.0,687314.0,0.0,0.631343,1.249344,BRA,BHS,0149
28003,72,25,667,2002.0,7078.0,0.0,0.576142,1.168563,EST,BHS,0149
28004,81,25,667,2002.0,40516.0,0.0,2.067395,0.7934359999999999,GBR,BHS,0149
28005,90,25,667,2002.0,188494.0,0.0,0.20355399999999998,1.4130200000000002,GRC,BHS,0149
28006,120,25,667,2002.0,8172.0,0.0,0.757789,-0.2968,KNA,BHS,0149
28007,231,25,667,2002.0,4898968.0,8107.0,1.853174,0.120986,USA,BHS,0149
28008,0,32,667,2002.0,0.0,29675.0,0.27076100000000003,-0.858951,ABW,BRA,0149
28009,2,32,667,2002.0,0.0,1916045.0,-1.8043639999999999,-1.250642,AGO,BRA,0149
28010,4,32,667,2002.0,0.0,8441.0,-0.05800399999999999,0.042254,ALB,BRA,0149
28011,6,32,667,2002.0,0.0,334985.0,0.145946,-0.704052,ANT,BRA,0149
28012,7,32,667,2002.0,0.0,2725214.0,-0.288838,-0.640049,ARE,BRA,0149
28013,8,32,667,2002.0,13224.0,1279502.0,0.045376,0.71768,ARG,BRA,0149
28014,9,32,667,2002.0,0.0,21630.0,0.66447,-0.08317000000000001,ARM,BRA,0149
28015,13,32,667,2002.0,0.0,164987.0,0.23995500000000003,-0.754877,ATG,BRA,0149
28016,14,32,667,2002.0,0.0,109989.0,-0.052462,0.759617,AUS,BRA,0149
28017,15,32,667,2002.0,0.0,49973.0,1.866997,0.400527,AUT,BRA,0149
28018,16,32,667,2002.0,0.0,5348.0,-0.566735,-1.003158,AZE,BRA,0149
28019,18,32,667,2002.0,0.0,2937163.0,1.424339,1.372755,BEL,BRA,0149
28020,19,32,667,2002.0,0.0,47708.0,-0.7683840000000001,-0.7984319999999999,BEN,BRA,0149
28021,23,32,667,2002.0,0.0,478112.0,0.468058,1.644037,BGR,BRA,0149
28022,24,32,667,2002.0,0.0,1693230.0,-0.31754099999999996,-1.099381,BHR,BRA,0149
28023,25,32,667,2002.0,0.0,687314.0,0.035127,-0.536416,BHS,BRA,0149
28024,29,32,667,2002.0,0.0,172830.0,-0.553335,-0.753058,BLZ,BRA,0149
28025,30,32,667,2002.0,0.0,28330.0,0.934739,-0.465542,BMU,BRA,0149
28026,31,32,667,2002.0,0.0,107618.0,-0.785592,-0.6761119999999999,BOL,BRA,0149
28027,33,32,667,2002.0,0.0,517925.0,0.547024,-0.004036,BRB,BRA,0149
28028,39,32,667,2002.0,27383.0,3421638.0,0.9672360000000001,1.389981,CAN,BRA,0149
28029,41,32,667,2002.0,0.0,411516.0,2.205507,0.831836,CHE,BRA,0149
28030,42,32,667,2002.0,14936.0,278844.0,-0.079201,-0.11449200000000001,CHL,BRA,0149
28031,44,32,667,2002.0,0.0,27335.0,-0.803739,-0.752218,CIV,BRA,0149
28032,46,32,667,2002.0,0.0,192386.0,-1.218664,-1.1406120000000002,COD,BRA,0149
28033,47,32,667,2002.0,0.0,289757.0,-1.468836,-1.250484,COG,BRA,0149
28034,49,32,667,2002.0,0.0,28379.0,0.219861,0.45238999999999996,COL,BRA,0149
28035,51,32,667,2002.0,0.0,39695.0,-0.315184,-0.660522,CPV,BRA,0149
28036,54,32,667,2002.0,0.0,1676114.0,-0.896759,-1.079825,CUB,BRA,0149
28037,57,32,667,2002.0,0.0,64863.0,0.570589,-0.692583,CYM,BRA,0149
28038,58,32,667,2002.0,0.0,102932.0,0.332088,0.50441,CYP,BRA,0149
28039,59,32,667,2002.0,0.0,42194.0,1.5835139999999999,0.9563010000000001,CZE,BRA,0149
28040,61,32,667,2002.0,79218.0,27576414.0,2.367856,-2.195331,DEU,BRA,0149
28041,63,32,667,2002.0,0.0,127744.0,0.212137,-0.112873,DMA,BRA,0149
28042,64,32,667,2002.0,0.0,89588.0,1.344708,1.321135,DNK,BRA,0149
28043,68,32,667,2002.0,0.0,4127328.0,-0.37218,0.634319,EGY,BRA,0149
28044,71,32,667,2002.0,0.0,2437908.0,1.054108,1.9357349999999998,ESP,BRA,0149
28045,74,32,667,2002.0,0.0,23705.0,1.9545119999999998,1.047515,FIN,BRA,0149
28046,77,32,667,2002.0,209704.0,6828640.0,1.648526,0.6870430000000001,FRA,BRA,0149
28047,78,32,667,2002.0,0.0,9009.0,-0.33811399999999997,-0.8092050000000001,FRO,BRA,0149
28048,80,32,667,2002.0,0.0,1644.0,-1.34341,-1.238593,GAB,BRA,0149
28049,81,32,667,2002.0,0.0,116388736.0,2.067395,0.7934359999999999,GBR,BRA,0149
28050,82,32,667,2002.0,0.0,40830.0,0.23526999999999998,-0.156333,GEO,BRA,0149
28051,83,32,667,2002.0,0.0,82740.0,-1.258567,-1.048266,GHA,BRA,0149
28052,84,32,667,2002.0,0.0,29400.0,0.404483,-0.313042,GIB,BRA,0149
28053,87,32,667,2002.0,0.0,18086.0,0.266536,0.20776,GMB,BRA,0149
28054,90,32,667,2002.0,20649.0,455775.0,0.20355399999999998,1.4130200000000002,GRC,BRA,0149
28055,91,32,667,2002.0,0.0,100398.0,0.822523,0.032938999999999996,GRD,BRA,0149
28056,95,32,667,2002.0,0.0,193286.0,-0.5440229999999999,-0.929201,GUM,BRA,0149
28057,96,32,667,2002.0,0.0,110755.0,-1.050604,-0.9015549999999999,GUY,BRA,0149
28058,97,32,667,2002.0,27867.0,2951577.0,0.704932,1.291658,HKG,BRA,0149
28059,103,32,667,2002.0,0.0,45480.0,0.098182,1.7305840000000001,IDN,BRA,0149
28060,106,32,667,2002.0,0.0,1117022.0,1.7939310000000002,0.219254,IRL,BRA,0149
28061,110,32,667,2002.0,0.0,371602.0,1.257709,0.8318989999999999,ISR,BRA,0149
28062,111,32,667,2002.0,59339.0,13572569.0,1.3944219999999998,1.125362,ITA,BRA,0149
28063,112,32,667,2002.0,0.0,3764135.0,-0.459541,-0.947443,JAM,BRA,0149
28064,113,32,667,2002.0,0.0,2056702.0,0.34023000000000003,0.264754,JOR,BRA,0149
28065,114,32,667,2002.0,0.0,1933457.0,2.7747580000000003,0.43663199999999996,JPN,BRA,0149
28066,116,32,667,2002.0,0.0,52273.0,-0.59055,0.000731,KEN,BRA,0149
28067,120,32,667,2002.0,0.0,18479.0,0.757789,-0.2968,KNA,BRA,0149
28068,121,32,667,2002.0,0.0,460341.0,1.4172719999999999,0.8763139999999999,KOR,BRA,0149
28069,122,32,667,2002.0,0.0,2295432.0,-0.794007,-1.192659,KWT,BRA,0149
28070,124,32,667,2002.0,1176.0,265108.0,0.220906,1.470297,LBN,BRA,0149
28071,127,32,667,2002.0,0.0,31446.0,0.261861,-0.36480999999999997,LCA,BRA,0149
28072,136,32,667,2002.0,0.0,27413.0,-1.109564,-0.642039,MDG,BRA,0149
28073,137,32,667,2002.0,0.0,1788.0,-1.0471700000000002,-0.976184,MDV,BRA,0149
28074,140,32,667,2002.0,0.0,62980.0,-0.027727999999999996,0.41846400000000006,MKD,BRA,0149
28075,142,32,667,2002.0,2394.0,1158992.0,0.901235,-0.140261,MLT,BRA,0149
28076,151,32,667,2002.0,0.0,167504.0,-0.382062,-0.379224,MUS,BRA,0149
28077,159,32,667,2002.0,0.0,239195.0,-1.705991,-1.292926,NGA,BRA,0149
28078,162,32,667,2002.0,174721.0,37459860.0,1.175777,1.667472,NLD,BRA,0149
28079,163,32,667,2002.0,0.0,78249.0,0.689588,-0.007016,NOR,BRA,0149
28080,166,32,667,2002.0,0.0,124672.0,0.370673,0.7853829999999999,NZL,BRA,0149
28081,167,32,667,2002.0,0.0,660002.0,-1.307058,-1.270916,OMN,BRA,0149
28082,169,32,667,2002.0,0.0,115190.0,0.085746,0.21839,PAN,BRA,0149
28083,174,32,667,2002.0,0.0,1214003.0,0.29601,-0.232513,PHL,BRA,0149
28084,180,32,667,2002.0,0.0,399595.0,-0.733796,-0.9001530000000001,PRY,BRA,0149
28085,183,32,667,2002.0,0.0,954804.0,-0.002177,-1.042517,QAT,BRA,0149
28086,185,32,667,2002.0,0.0,162341.0,0.549227,1.071998,ROU,BRA,0149
28087,186,32,667,2002.0,0.0,259615.0,0.6051449999999999,0.272307,RUS,BRA,0149
28088,188,32,667,2002.0,0.0,2874958.0,0.048764,-0.903125,SAU,BRA,0149
28089,189,32,667,2002.0,0.0,13538.0,0.523459,2.58657,SCG,BRA,0149
28090,191,32,667,2002.0,0.0,52770.0,-0.5424939999999999,-0.554531,SEN,BRA,0149
28091,192,32,667,2002.0,0.0,400006.0,1.7077209999999998,0.683549,SGP,BRA,0149
28092,196,32,667,2002.0,0.0,16885.0,0.29478899999999997,0.055865,SLE,BRA,0149
28093,205,32,667,2002.0,0.0,109846.0,-1.002898,-0.905595,SUR,BRA,0149
28094,208,32,667,2002.0,0.0,1510656.0,2.134,0.769413,SWE,BRA,0149
28095,211,32,667,2002.0,0.0,136720.0,-0.8837229999999999,-0.975607,SYC,BRA,0149
28096,222,32,667,2002.0,58147.0,1649460.0,-0.056315,-0.803537,TTO,BRA,0149
28097,230,32,667,2002.0,9517.0,1304098.0,0.048498,0.118565,URY,BRA,0149
28098,231,32,667,2002.0,3107814.0,105343928.0,1.853174,0.120986,USA,BRA,0149
28099,234,32,667,2002.0,0.0,98343.0,-0.268813,-0.67072,VCT,BRA,0149
28100,237,32,667,2002.0,0.0,28576.0,0.6891930000000001,-0.27620500000000003,VGB,BRA,0149
28101,246,32,667,2002.0,0.0,702987.0,0.32760500000000004,2.497746,ZAF,BRA,0149
28102,249,32,667,2002.0,1729.0,35026.0,1.9084720000000002,1.253714,TWN,BRA,0149
28103,8,33,667,2002.0,261604.0,0.0,0.045376,0.71768,ARG,BRB,0149
28104,13,33,667,2002.0,0.0,17263.0,0.23995500000000003,-0.754877,ATG,BRB,0149
28105,29,33,667,2002.0,11143.0,52092.0,-0.553335,-0.753058,BLZ,BRB,0149
28106,32,33,667,2002.0,517925.0,0.0,0.631343,1.249344,BRA,BRB,0149
28107,39,33,667,2002.0,5061.0,0.0,0.9672360000000001,1.389981,CAN,BRB,0149
28108,63,33,667,2002.0,0.0,26703.0,0.212137,-0.112873,DMA,BRB,0149
28109,77,33,667,2002.0,1026.0,7953.0,1.648526,0.6870430000000001,FRA,BRB,0149
28110,81,33,667,2002.0,74030.0,0.0,2.067395,0.7934359999999999,GBR,BRB,0149
28111,91,33,667,2002.0,0.0,37638.0,0.822523,0.032938999999999996,GRD,BRB,0149
28112,96,33,667,2002.0,0.0,28453.0,-1.050604,-0.9015549999999999,GUY,BRB,0149
28113,112,33,667,2002.0,0.0,61394.0,-0.459541,-0.947443,JAM,BRB,0149
28114,120,33,667,2002.0,0.0,5318.0,0.757789,-0.2968,KNA,BRB,0149
28115,127,33,667,2002.0,0.0,128561.0,0.261861,-0.36480999999999997,LCA,BRB,0149
28116,205,33,667,2002.0,0.0,2975.0,-1.002898,-0.905595,SUR,BRB,0149
28117,222,33,667,2002.0,70870.0,0.0,-0.056315,-0.803537,TTO,BRB,0149
28118,231,33,667,2002.0,687552.0,0.0,1.853174,0.120986,USA,BRB,0149
28119,234,33,667,2002.0,0.0,60236.0,-0.268813,-0.67072,VCT,BRB,0149
28120,3,39,667,2002.0,0.0,5740.0,1.822725,0.45911899999999994,AIA,CAN,0149
28121,4,39,667,2002.0,0.0,80876.0,-0.05800399999999999,0.042254,ALB,CAN,0149
28122,7,39,667,2002.0,0.0,58313.0,-0.288838,-0.640049,ARE,CAN,0149
28123,8,39,667,2002.0,2672654.0,0.0,0.045376,0.71768,ARG,CAN,0149
28124,9,39,667,2002.0,0.0,275091.0,0.66447,-0.08317000000000001,ARM,CAN,0149
28125,14,39,667,2002.0,524660.0,44897.0,-0.052462,0.759617,AUS,CAN,0149
28126,18,39,667,2002.0,278915.0,0.0,1.424339,1.372755,BEL,CAN,0149
28127,30,39,667,2002.0,0.0,21533.0,0.934739,-0.465542,BMU,CAN,0149
28128,32,39,667,2002.0,3421638.0,27383.0,0.631343,1.249344,BRA,CAN,0149
28129,33,39,667,2002.0,0.0,5061.0,0.547024,-0.004036,BRB,CAN,0149
28130,42,39,667,2002.0,0.0,74664.0,-0.079201,-0.11449200000000001,CHL,CAN,0149
28131,43,39,667,2002.0,34930.0,154536.0,0.6181220000000001,1.9636759999999998,CHN,CAN,0149
28132,49,39,667,2002.0,0.0,625037.0,0.219861,0.45238999999999996,COL,CAN,0149
28133,54,39,667,2002.0,0.0,823111.0,-0.896759,-1.079825,CUB,CAN,0149
28134,57,39,667,2002.0,0.0,28907.0,0.570589,-0.692583,CYM,CAN,0149
28135,59,39,667,2002.0,1235.0,0.0,1.5835139999999999,0.9563010000000001,CZE,CAN,0149
28136,62,39,667,2002.0,0.0,8036.0,-0.03383,-0.014618,DJI,CAN,0149
28137,63,39,667,2002.0,0.0,2072.0,0.212137,-0.112873,DMA,CAN,0149
28138,64,39,667,2002.0,56549.0,0.0,1.344708,1.321135,DNK,CAN,0149
28139,65,39,667,2002.0,0.0,41528.0,-0.43339300000000003,-0.378827,DOM,CAN,0149
28140,67,39,667,2002.0,0.0,4367.0,-0.973858,-0.8924979999999999,ECU,CAN,0149
28141,77,39,667,2002.0,138643.0,76929.0,1.648526,0.6870430000000001,FRA,CAN,0149
28142,81,39,667,2002.0,0.0,20018.0,2.067395,0.7934359999999999,GBR,CAN,0149
28143,84,39,667,2002.0,0.0,2946.0,0.404483,-0.313042,GIB,CAN,0149
28144,91,39,667,2002.0,0.0,7099.0,0.822523,0.032938999999999996,GRD,CAN,0149
28145,92,39,667,2002.0,0.0,6318.0,-0.514411,-0.87766,GRL,CAN,0149
28146,96,39,667,2002.0,0.0,4526.0,-1.050604,-0.9015549999999999,GUY,CAN,0149
28147,97,39,667,2002.0,24421.0,594598.0,0.704932,1.291658,HKG,CAN,0149
28148,103,39,667,2002.0,0.0,5482.0,0.098182,1.7305840000000001,IDN,CAN,0149
28149,109,39,667,2002.0,1058.0,0.0,0.17011700000000002,-0.33925500000000003,ISL,CAN,0149
28150,111,39,667,2002.0,179045.0,0.0,1.3944219999999998,1.125362,ITA,CAN,0149
28151,112,39,667,2002.0,0.0,75976.0,-0.459541,-0.947443,JAM,CAN,0149
28152,114,39,667,2002.0,0.0,16053761.0,2.7747580000000003,0.43663199999999996,JPN,CAN,0149
28153,120,39,667,2002.0,0.0,1382.0,0.757789,-0.2968,KNA,CAN,0149
28154,121,39,667,2002.0,0.0,31995.0,1.4172719999999999,0.8763139999999999,KOR,CAN,0149
28155,122,39,667,2002.0,0.0,4155.0,-0.794007,-1.192659,KWT,CAN,0149
28156,124,39,667,2002.0,0.0,24040.0,0.220906,1.470297,LBN,CAN,0149
28157,138,39,667,2002.0,0.0,342316.0,1.2677129999999999,0.599314,MEX,CAN,0149
28158,162,39,667,2002.0,96010.0,143457.0,1.175777,1.667472,NLD,CAN,0149
28159,166,39,667,2002.0,845038.0,10045.0,0.370673,0.7853829999999999,NZL,CAN,0149
28160,169,39,667,2002.0,0.0,18669.0,0.085746,0.21839,PAN,CAN,0149
28161,174,39,667,2002.0,2662.0,112372.0,0.29601,-0.232513,PHL,CAN,0149
28162,177,39,667,2002.0,113260.0,0.0,0.9449299999999999,1.655764,POL,CAN,0149
28163,182,39,667,2002.0,0.0,29366.0,-0.363179,-0.8967450000000001,PYF,CAN,0149
28164,192,39,667,2002.0,0.0,66950.0,1.7077209999999998,0.683549,SGP,CAN,0149
28165,197,39,667,2002.0,0.0,1100.0,-0.258579,-0.096214,SLV,CAN,0149
28166,200,39,667,2002.0,0.0,5399.0,-0.791918,-0.965751,SPM,CAN,0149
28167,213,39,667,2002.0,0.0,104476.0,0.849978,0.260833,TCA,CAN,0149
28168,216,39,667,2002.0,1092747.0,0.0,0.513887,1.545967,THA,CAN,0149
28169,222,39,667,2002.0,0.0,48135.0,-0.056315,-0.803537,TTO,CAN,0149
28170,230,39,667,2002.0,324576.0,0.0,0.048498,0.118565,URY,CAN,0149
28171,231,39,667,2002.0,197528576.0,153945936.0,1.853174,0.120986,USA,CAN,0149
28172,234,39,667,2002.0,0.0,1306.0,-0.268813,-0.67072,VCT,CAN,0149
28173,249,39,667,2002.0,19956.0,208486.0,1.9084720000000002,1.253714,TWN,CAN,0149
28174,9,41,667,2002.0,0.0,38234.0,0.66447,-0.08317000000000001,ARM,CHE,0149
28175,14,41,667,2002.0,60365.0,0.0,-0.052462,0.759617,AUS,CHE,0149
28176,15,41,667,2002.0,97921.0,288868.0,1.866997,0.400527,AUT,CHE,0149
28177,18,41,667,2002.0,97925.0,0.0,1.424339,1.372755,BEL,CHE,0149
28178,32,41,667,2002.0,411516.0,0.0,0.631343,1.249344,BRA,CHE,0149
28179,43,41,667,2002.0,1827654.0,21789.0,0.6181220000000001,1.9636759999999998,CHN,CHE,0149
28180,59,41,667,2002.0,23221.0,0.0,1.5835139999999999,0.9563010000000001,CZE,CHE,0149
28181,61,41,667,2002.0,15206218.0,47186.0,2.367856,-2.195331,DEU,CHE,0149
28182,64,41,667,2002.0,651271.0,0.0,1.344708,1.321135,DNK,CHE,0149
28183,71,41,667,2002.0,17907.0,1554.0,1.054108,1.9357349999999998,ESP,CHE,0149
28184,77,41,667,2002.0,11395686.0,42330.0,1.648526,0.6870430000000001,FRA,CHE,0149
28185,80,41,667,2002.0,0.0,1689.0,-1.34341,-1.238593,GAB,CHE,0149
28186,81,41,667,2002.0,21453.0,45914.0,2.067395,0.7934359999999999,GBR,CHE,0149
28187,82,41,667,2002.0,0.0,1504.0,0.23526999999999998,-0.156333,GEO,CHE,0149
28188,90,41,667,2002.0,1706.0,0.0,0.20355399999999998,1.4130200000000002,GRC,CHE,0149
28189,97,41,667,2002.0,0.0,15418.0,0.704932,1.291658,HKG,CHE,0149
28190,100,41,667,2002.0,418940.0,0.0,0.603546,1.273001,HRV,CHE,0149
28191,102,41,667,2002.0,477294.0,0.0,1.232359,1.064425,HUN,CHE,0149
28192,110,41,667,2002.0,1056321.0,0.0,1.257709,0.8318989999999999,ISR,CHE,0149
28193,111,41,667,2002.0,1616370.0,4093.0,1.3944219999999998,1.125362,ITA,CHE,0149
28194,114,41,667,2002.0,0.0,162384.0,2.7747580000000003,0.43663199999999996,JPN,CHE,0149
28195,115,41,667,2002.0,0.0,1361.0,-0.100361,-0.502468,KAZ,CHE,0149
28196,124,41,667,2002.0,0.0,1456.0,0.220906,1.470297,LBN,CHE,0149
28197,162,41,667,2002.0,862483.0,11957.0,1.175777,1.667472,NLD,CHE,0149
28198,174,41,667,2002.0,0.0,17306.0,0.29601,-0.232513,PHL,CHE,0149
28199,177,41,667,2002.0,104265.0,0.0,0.9449299999999999,1.655764,POL,CHE,0149
28200,179,41,667,2002.0,16301.0,1154.0,0.584956,1.377068,PRT,CHE,0149
28201,185,41,667,2002.0,133520.0,0.0,0.549227,1.071998,ROU,CHE,0149
28202,188,41,667,2002.0,0.0,171763.0,0.048764,-0.903125,SAU,CHE,0149
28203,192,41,667,2002.0,0.0,53912.0,1.7077209999999998,0.683549,SGP,CHE,0149
28204,207,41,667,2002.0,275751.0,2187.0,1.469681,1.13303,SVN,CHE,0149
28205,208,41,667,2002.0,14439.0,0.0,2.134,0.769413,SWE,CHE,0149
28206,216,41,667,2002.0,297110.0,0.0,0.513887,1.545967,THA,CHE,0149
28207,231,41,667,2002.0,226863.0,0.0,1.853174,0.120986,USA,CHE,0149
28208,242,41,667,2002.0,0.0,12148.0,-0.09827000000000001,-0.540676,WSM,CHE,0149
28209,8,42,667,2002.0,156890.0,0.0,0.045376,0.71768,ARG,CHL,0149
28210,18,42,667,2002.0,32350.0,127585.0,1.424339,1.372755,BEL,CHL,0149
28211,23,42,667,2002.0,0.0,14444.0,0.468058,1.644037,BGR,CHL,0149
28212,31,42,667,2002.0,0.0,204949.0,-0.785592,-0.6761119999999999,BOL,CHL,0149
28213,32,42,667,2002.0,278844.0,14936.0,0.631343,1.249344,BRA,CHL,0149
28214,39,42,667,2002.0,74664.0,0.0,0.9672360000000001,1.389981,CAN,CHL,0149
28215,43,42,667,2002.0,8741.0,29558.0,0.6181220000000001,1.9636759999999998,CHN,CHL,0149
28216,49,42,667,2002.0,25303.0,303888.0,0.219861,0.45238999999999996,COL,CHL,0149
28217,54,42,667,2002.0,0.0,102395.0,-0.896759,-1.079825,CUB,CHL,0149
28218,61,42,667,2002.0,15307.0,2035046.0,2.367856,-2.195331,DEU,CHL,0149
28219,64,42,667,2002.0,46676.0,0.0,1.344708,1.321135,DNK,CHL,0149
28220,67,42,667,2002.0,0.0,43843.0,-0.973858,-0.8924979999999999,ECU,CHL,0149
28221,71,42,667,2002.0,87554.0,0.0,1.054108,1.9357349999999998,ESP,CHL,0149
28222,77,42,667,2002.0,68166.0,2995.0,1.648526,0.6870430000000001,FRA,CHL,0149
28223,81,42,667,2002.0,6118.0,2298966.0,2.067395,0.7934359999999999,GBR,CHL,0149
28224,97,42,667,2002.0,0.0,78431.0,0.704932,1.291658,HKG,CHL,0149
28225,103,42,667,2002.0,0.0,4927.0,0.098182,1.7305840000000001,IDN,CHL,0149
28226,111,42,667,2002.0,29936.0,1520552.0,1.3944219999999998,1.125362,ITA,CHL,0149
28227,114,42,667,2002.0,0.0,62362.0,2.7747580000000003,0.43663199999999996,JPN,CHL,0149
28228,138,42,667,2002.0,0.0,1822806.0,1.2677129999999999,0.599314,MEX,CHL,0149
28229,162,42,667,2002.0,0.0,151763.0,1.175777,1.667472,NLD,CHL,0149
28230,173,42,667,2002.0,0.0,356025.0,-0.456603,0.030838,PER,CHL,0149
28231,182,42,667,2002.0,0.0,9131.0,-0.363179,-0.8967450000000001,PYF,CHL,0149
28232,231,42,667,2002.0,228966.0,0.0,1.853174,0.120986,USA,CHL,0149
28233,236,42,667,2002.0,0.0,9029.0,-0.008877,-0.753486,VEN,CHL,0149
28234,250,42,667,2002.0,0.0,37642.0,0.5979300000000001,-0.497816,ANS,CHL,0149
28235,0,43,667,2002.0,0.0,155074.0,0.27076100000000003,-0.858951,ABW,CHN,0149
28236,2,43,667,2002.0,0.0,19964.0,-1.8043639999999999,-1.250642,AGO,CHN,0149
28237,6,43,667,2002.0,0.0,60419.0,0.145946,-0.704052,ANT,CHN,0149
28238,7,43,667,2002.0,0.0,50936.0,-0.288838,-0.640049,ARE,CHN,0149
28239,14,43,667,2002.0,4489.0,386186.0,-0.052462,0.759617,AUS,CHN,0149
28240,22,43,667,2002.0,0.0,2373.0,-0.9509,-1.113308,BGD,CHN,0149
28241,24,43,667,2002.0,0.0,107218.0,-0.31754099999999996,-1.099381,BHR,CHN,0149
28242,34,43,667,2002.0,0.0,216341.0,-1.359507,-1.084339,BRN,CHN,0149
28243,35,43,667,2002.0,0.0,6065.0,0.068259,-0.613581,BTN,CHN,0149
28244,39,43,667,2002.0,154536.0,34930.0,0.9672360000000001,1.389981,CAN,CHN,0149
28245,41,43,667,2002.0,21789.0,1827654.0,2.205507,0.831836,CHE,CHN,0149
28246,42,43,667,2002.0,29558.0,8741.0,-0.079201,-0.11449200000000001,CHL,CHN,0149
28247,46,43,667,2002.0,0.0,34170.0,-1.218664,-1.1406120000000002,COD,CHN,0149
28248,47,43,667,2002.0,0.0,1025084.0,-1.468836,-1.250484,COG,CHN,0149
28249,52,43,667,2002.0,0.0,1820.0,0.083983,-0.096237,CRI,CHN,0149
28250,54,43,667,2002.0,0.0,9080.0,-0.896759,-1.079825,CUB,CHN,0149
28251,58,43,667,2002.0,0.0,21362.0,0.332088,0.50441,CYP,CHN,0149
28252,59,43,667,2002.0,19907.0,183048.0,1.5835139999999999,0.9563010000000001,CZE,CHN,0149
28253,61,43,667,2002.0,18347.0,18892.0,2.367856,-2.195331,DEU,CHN,0149
28254,64,43,667,2002.0,19115.0,0.0,1.344708,1.321135,DNK,CHN,0149
28255,65,43,667,2002.0,0.0,4328.0,-0.43339300000000003,-0.378827,DOM,CHN,0149
28256,77,43,667,2002.0,40948.0,18696.0,1.648526,0.6870430000000001,FRA,CHN,0149
28257,81,43,667,2002.0,101026.0,0.0,2.067395,0.7934359999999999,GBR,CHN,0149
28258,83,43,667,2002.0,0.0,2158.0,-1.258567,-1.048266,GHA,CHN,0149
28259,97,43,667,2002.0,2930490.0,71701792.0,0.704932,1.291658,HKG,CHN,0149
28260,103,43,667,2002.0,0.0,3407275.0,0.098182,1.7305840000000001,IDN,CHN,0149
28261,104,43,667,2002.0,0.0,31052.0,0.32974000000000003,2.376477,IND,CHN,0149
28262,111,43,667,2002.0,7707.0,0.0,1.3944219999999998,1.125362,ITA,CHN,0149
28263,113,43,667,2002.0,0.0,40885.0,0.34023000000000003,0.264754,JOR,CHN,0149
28264,114,43,667,2002.0,270940.0,499165216.0,2.7747580000000003,0.43663199999999996,JPN,CHN,0149
28265,115,43,667,2002.0,0.0,250617.0,-0.100361,-0.502468,KAZ,CHN,0149
28266,117,43,667,2002.0,15798.0,0.0,-0.094898,0.235639,KGZ,CHN,0149
28267,119,43,667,2002.0,0.0,284766.0,0.347526,-0.822594,KIR,CHN,0149
28268,121,43,667,2002.0,29624.0,7270398.0,1.4172719999999999,0.8763139999999999,KOR,CHN,0149
28269,122,43,667,2002.0,0.0,1918.0,-0.794007,-1.192659,KWT,CHN,0149
28270,124,43,667,2002.0,0.0,1311982.0,0.220906,1.470297,LBN,CHN,0149
28271,125,43,667,2002.0,0.0,112822.0,-0.683036,-1.158808,LBR,CHN,0149
28272,128,43,667,2002.0,0.0,4968.0,-0.461765,-0.057614,LKA,CHN,0149
28273,133,43,667,2002.0,0.0,1555563.0,0.005082,-0.328658,MAC,CHN,0149
28274,141,43,667,2002.0,0.0,7464.0,-0.786698,-0.682438,MLI,CHN,0149
28275,142,43,667,2002.0,0.0,118293.0,0.901235,-0.140261,MLT,CHN,0149
28276,143,43,667,2002.0,0.0,5382.0,-1.251639,-0.994909,MMR,CHN,0149
28277,151,43,667,2002.0,0.0,415999.0,-0.382062,-0.379224,MUS,CHN,0149
28278,153,43,667,2002.0,2041650.0,12555140.0,0.9987159999999999,0.26558200000000004,MYS,CHN,0149
28279,159,43,667,2002.0,0.0,50534.0,-1.705991,-1.292926,NGA,CHN,0149
28280,162,43,667,2002.0,6130.0,1001808.0,1.175777,1.667472,NLD,CHN,0149
28281,164,43,667,2002.0,0.0,7722.0,-0.065582,0.464797,NPL,CHN,0149
28282,166,43,667,2002.0,0.0,188525.0,0.370673,0.7853829999999999,NZL,CHN,0149
28283,169,43,667,2002.0,0.0,1476.0,0.085746,0.21839,PAN,CHN,0149
28284,173,43,667,2002.0,0.0,17295.0,-0.456603,0.030838,PER,CHN,0149
28285,174,43,667,2002.0,0.0,12223474.0,0.29601,-0.232513,PHL,CHN,0149
28286,176,43,667,2002.0,0.0,95052.0,-1.430299,-1.172593,PNG,CHN,0149
28287,177,43,667,2002.0,158932.0,0.0,0.9449299999999999,1.655764,POL,CHN,0149
28288,178,43,667,2002.0,0.0,7409.0,0.629678,1.0153780000000001,PRK,CHN,0149
28289,186,43,667,2002.0,0.0,345401.0,0.6051449999999999,0.272307,RUS,CHN,0149
28290,188,43,667,2002.0,0.0,871358.0,0.048764,-0.903125,SAU,CHN,0149
28291,190,43,667,2002.0,0.0,21038.0,-1.336665,-1.19919,SDN,CHN,0149
28292,192,43,667,2002.0,77968.0,16207388.0,1.7077209999999998,0.683549,SGP,CHN,0149
28293,195,43,667,2002.0,0.0,191720.0,-0.890172,-0.948835,SLB,CHN,0149
28294,206,43,667,2002.0,0.0,92972.0,1.269549,1.184774,SVK,CHN,0149
28295,207,43,667,2002.0,1810.0,0.0,1.469681,1.13303,SVN,CHN,0149
28296,215,43,667,2002.0,0.0,2932.0,-0.688284,-0.5292789999999999,TGO,CHN,0149
28297,216,43,667,2002.0,37518.0,75355.0,0.513887,1.545967,THA,CHN,0149
28298,231,43,667,2002.0,5431592.0,3371481.0,1.853174,0.120986,USA,CHN,0149
28299,239,43,667,2002.0,0.0,33934.0,-0.44170699999999996,0.544708,VNM,CHN,0149
28300,240,43,667,2002.0,0.0,205801.0,-1.110093,-1.015554,VUT,CHN,0149
28301,242,43,667,2002.0,0.0,57119.0,-0.09827000000000001,-0.540676,WSM,CHN,0149
28302,246,43,667,2002.0,0.0,1597.0,0.32760500000000004,2.497746,ZAF,CHN,0149
28303,249,43,667,2002.0,37400.0,23496.0,1.9084720000000002,1.253714,TWN,CHN,0149
28304,6,49,667,2002.0,0.0,7276.0,0.145946,-0.704052,ANT,COL,0149
28305,8,49,667,2002.0,4402.0,0.0,0.045376,0.71768,ARG,COL,0149
28306,32,49,667,2002.0,28379.0,0.0,0.631343,1.249344,BRA,COL,0149
28307,39,49,667,2002.0,625037.0,0.0,0.9672360000000001,1.389981,CAN,COL,0149
28308,42,49,667,2002.0,303888.0,25303.0,-0.079201,-0.11449200000000001,CHL,COL,0149
28309,52,49,667,2002.0,26373.0,0.0,0.083983,-0.096237,CRI,COL,0149
28310,64,49,667,2002.0,30629.0,0.0,1.344708,1.321135,DNK,COL,0149
28311,67,49,667,2002.0,206613.0,1219.0,-0.973858,-0.8924979999999999,ECU,COL,0149
28312,71,49,667,2002.0,272000.0,0.0,1.054108,1.9357349999999998,ESP,COL,0149
28313,77,49,667,2002.0,49888.0,0.0,1.648526,0.6870430000000001,FRA,COL,0149
28314,111,49,667,2002.0,32791.0,0.0,1.3944219999999998,1.125362,ITA,COL,0149
28315,138,49,667,2002.0,70026.0,1038.0,1.2677129999999999,0.599314,MEX,COL,0149
28316,162,49,667,2002.0,1379.0,0.0,1.175777,1.667472,NLD,COL,0149
28317,169,49,667,2002.0,204550.0,116735.0,0.085746,0.21839,PAN,COL,0149
28318,231,49,667,2002.0,1922735.0,2552.0,1.853174,0.120986,USA,COL,0149
28319,236,49,667,2002.0,1017031.0,9892.0,-0.008877,-0.753486,VEN,COL,0149
28320,18,52,667,2002.0,4188.0,0.0,1.424339,1.372755,BEL,CRI,0149
28321,43,52,667,2002.0,1820.0,0.0,0.6181220000000001,1.9636759999999998,CHN,CRI,0149
28322,49,52,667,2002.0,0.0,26373.0,0.219861,0.45238999999999996,COL,CRI,0149
28323,71,52,667,2002.0,51158.0,0.0,1.054108,1.9357349999999998,ESP,CRI,0149
28324,77,52,667,2002.0,4718.0,0.0,1.648526,0.6870430000000001,FRA,CRI,0149
28325,93,52,667,2002.0,1276283.0,0.0,-0.49913,-0.038079,GTM,CRI,0149
28326,99,52,667,2002.0,0.0,840894.0,-0.637891,-0.564421,HND,CRI,0149
28327,111,52,667,2002.0,3892.0,0.0,1.3944219999999998,1.125362,ITA,CRI,0149
28328,138,52,667,2002.0,205786.0,94323.0,1.2677129999999999,0.599314,MEX,CRI,0149
28329,160,52,667,2002.0,0.0,394217.0,-0.634946,-0.37966,NIC,CRI,0149
28330,162,52,667,2002.0,2396.0,0.0,1.175777,1.667472,NLD,CRI,0149
28331,169,52,667,2002.0,14902.0,152431.0,0.085746,0.21839,PAN,CRI,0149
28332,197,52,667,2002.0,0.0,4088.0,-0.258579,-0.096214,SLV,CRI,0149
28333,231,52,667,2002.0,809127.0,59464.0,1.853174,0.120986,USA,CRI,0149
28334,249,52,667,2002.0,25212.0,0.0,1.9084720000000002,1.253714,TWN,CRI,0149
28335,18,54,667,2002.0,25786.0,0.0,1.424339,1.372755,BEL,CUB,0149
28336,32,54,667,2002.0,1676114.0,0.0,0.631343,1.249344,BRA,CUB,0149
28337,39,54,667,2002.0,823111.0,0.0,0.9672360000000001,1.389981,CAN,CUB,0149
28338,42,54,667,2002.0,102395.0,0.0,-0.079201,-0.11449200000000001,CHL,CUB,0149
28339,43,54,667,2002.0,9080.0,0.0,0.6181220000000001,1.9636759999999998,CHN,CUB,0149
28340,59,54,667,2002.0,5868.0,0.0,1.5835139999999999,0.9563010000000001,CZE,CUB,0149
28341,64,54,667,2002.0,41710.0,0.0,1.344708,1.321135,DNK,CUB,0149
28342,71,54,667,2002.0,1022585.0,0.0,1.054108,1.9357349999999998,ESP,CUB,0149
28343,77,54,667,2002.0,1714219.0,0.0,1.648526,0.6870430000000001,FRA,CUB,0149
28344,111,54,667,2002.0,39116.0,0.0,1.3944219999999998,1.125362,ITA,CUB,0149
28345,138,54,667,2002.0,184951.0,0.0,1.2677129999999999,0.599314,MEX,CUB,0149
28346,162,54,667,2002.0,323517.0,0.0,1.175777,1.667472,NLD,CUB,0149
28347,231,54,667,2002.0,1490534.0,0.0,1.853174,0.120986,USA,CUB,0149
28348,250,54,667,2002.0,0.0,9396.0,0.5979300000000001,-0.497816,ANS,CUB,0149
28349,1,61,667,2002.0,0.0,41000.0,-0.11885899999999999,-0.346093,AFG,DEU,0149
28350,5,61,667,2002.0,0.0,30633.0,1.3229389999999999,0.9635950000000001,AND,DEU,0149
28351,7,61,667,2002.0,0.0,247990.0,-0.288838,-0.640049,ARE,DEU,0149
28352,8,61,667,2002.0,9374448.0,108003.0,0.045376,0.71768,ARG,DEU,0149
28353,9,61,667,2002.0,0.0,8370.0,0.66447,-0.08317000000000001,ARM,DEU,0149
28354,14,61,667,2002.0,92913.0,87610.0,-0.052462,0.759617,AUS,DEU,0149
28355,15,61,667,2002.0,14710632.0,20607074.0,1.866997,0.400527,AUT,DEU,0149
28356,16,61,667,2002.0,0.0,14146.0,-0.566735,-1.003158,AZE,DEU,0149
28357,18,61,667,2002.0,56529824.0,38772360.0,1.424339,1.372755,BEL,DEU,0149
28358,22,61,667,2002.0,0.0,11877.0,-0.9509,-1.113308,BGD,DEU,0149
28359,23,61,667,2002.0,109298.0,589959.0,0.468058,1.644037,BGR,DEU,0149
28360,24,61,667,2002.0,0.0,43961.0,-0.31754099999999996,-1.099381,BHR,DEU,0149
28361,26,61,667,2002.0,0.0,90000.0,0.223543,0.44595100000000004,BIH,DEU,0149
28362,28,61,667,2002.0,0.0,3032.0,0.865742,1.1823860000000002,BLR,DEU,0149
28363,31,61,667,2002.0,0.0,2087.0,-0.785592,-0.6761119999999999,BOL,DEU,0149
28364,32,61,667,2002.0,27576414.0,79218.0,0.631343,1.249344,BRA,DEU,0149
28365,41,61,667,2002.0,47186.0,15206218.0,2.205507,0.831836,CHE,DEU,0149
28366,42,61,667,2002.0,2035046.0,15307.0,-0.079201,-0.11449200000000001,CHL,DEU,0149
28367,43,61,667,2002.0,18892.0,18347.0,0.6181220000000001,1.9636759999999998,CHN,DEU,0149
28368,44,61,667,2002.0,0.0,10623.0,-0.803739,-0.752218,CIV,DEU,0149
28369,51,61,667,2002.0,0.0,3123.0,-0.315184,-0.660522,CPV,DEU,0149
28370,58,61,667,2002.0,0.0,871890.0,0.332088,0.50441,CYP,DEU,0149
28371,59,61,667,2002.0,377438.0,1018632.0,1.5835139999999999,0.9563010000000001,CZE,DEU,0149
28372,64,61,667,2002.0,57980912.0,18143782.0,1.344708,1.321135,DNK,DEU,0149
28373,65,61,667,2002.0,0.0,5201.0,-0.43339300000000003,-0.378827,DOM,DEU,0149
28374,68,61,667,2002.0,1652.0,0.0,-0.37218,0.634319,EGY,DEU,0149
28375,69,61,667,2002.0,0.0,1000.0,1.019399,0.23989899999999997,ERI,DEU,0149
28376,71,61,667,2002.0,4887181.0,14597465.0,1.054108,1.9357349999999998,ESP,DEU,0149
28377,73,61,667,2002.0,0.0,53020.0,-1.289118,-1.0291540000000001,ETH,DEU,0149
28378,74,61,667,2002.0,3792.0,1712071.0,1.9545119999999998,1.047515,FIN,DEU,0149
28379,77,61,667,2002.0,61525392.0,57774336.0,1.648526,0.6870430000000001,FRA,DEU,0149
28380,78,61,667,2002.0,0.0,5148.0,-0.33811399999999997,-0.8092050000000001,FRO,DEU,0149
28381,81,61,667,2002.0,4204962.0,55693976.0,2.067395,0.7934359999999999,GBR,DEU,0149
28382,82,61,667,2002.0,0.0,60883.0,0.23526999999999998,-0.156333,GEO,DEU,0149
28383,83,61,667,2002.0,0.0,7819.0,-1.258567,-1.048266,GHA,DEU,0149
28384,84,61,667,2002.0,0.0,3712.0,0.404483,-0.313042,GIB,DEU,0149
28385,87,61,667,2002.0,0.0,10183.0,0.266536,0.20776,GMB,DEU,0149
28386,90,61,667,2002.0,145036.0,4611900.0,0.20355399999999998,1.4130200000000002,GRC,DEU,0149
28387,97,61,667,2002.0,0.0,276691.0,0.704932,1.291658,HKG,DEU,0149
28388,99,61,667,2002.0,0.0,8899.0,-0.637891,-0.564421,HND,DEU,0149
28389,100,61,667,2002.0,567381.0,21186.0,0.603546,1.273001,HRV,DEU,0149
28390,102,61,667,2002.0,18132072.0,479928.0,1.232359,1.064425,HUN,DEU,0149
28391,103,61,667,2002.0,0.0,20426.0,0.098182,1.7305840000000001,IDN,DEU,0149
28392,104,61,667,2002.0,0.0,6916.0,0.32974000000000003,2.376477,IND,DEU,0149
28393,106,61,667,2002.0,2780535.0,4949182.0,1.7939310000000002,0.219254,IRL,DEU,0149
28394,107,61,667,2002.0,7110.0,0.0,-0.665259,-0.840274,IRN,DEU,0149
28395,109,61,667,2002.0,0.0,103813.0,0.17011700000000002,-0.33925500000000003,ISL,DEU,0149
28396,110,61,667,2002.0,1641875.0,16770.0,1.257709,0.8318989999999999,ISR,DEU,0149
28397,111,61,667,2002.0,16089752.0,11818493.0,1.3944219999999998,1.125362,ITA,DEU,0149
28398,113,61,667,2002.0,0.0,132367.0,0.34023000000000003,0.264754,JOR,DEU,0149
28399,114,61,667,2002.0,2395.0,173187.0,2.7747580000000003,0.43663199999999996,JPN,DEU,0149
28400,115,61,667,2002.0,0.0,11177.0,-0.100361,-0.502468,KAZ,DEU,0149
28401,117,61,667,2002.0,40429.0,0.0,-0.094898,0.235639,KGZ,DEU,0149
28402,122,61,667,2002.0,0.0,108918.0,-0.794007,-1.192659,KWT,DEU,0149
28403,124,61,667,2002.0,0.0,193497.0,0.220906,1.470297,LBN,DEU,0149
28404,130,61,667,2002.0,0.0,144505.0,0.15796,0.855931,LTU,DEU,0149
28405,131,61,667,2002.0,79105.0,3050836.0,1.396249,1.153017,LUX,DEU,0149
28406,132,61,667,2002.0,0.0,221207.0,0.41409799999999997,0.6281680000000001,LVA,DEU,0149
28407,135,61,667,2002.0,0.0,1911.0,-0.017383000000000003,0.109124,MDA,DEU,0149
28408,137,61,667,2002.0,0.0,4446.0,-1.0471700000000002,-0.976184,MDV,DEU,0149
28409,138,61,667,2002.0,0.0,48930.0,1.2677129999999999,0.599314,MEX,DEU,0149
28410,140,61,667,2002.0,0.0,9497.0,-0.027727999999999996,0.41846400000000006,MKD,DEU,0149
28411,142,61,667,2002.0,0.0,106895.0,0.901235,-0.140261,MLT,DEU,0149
28412,145,61,667,2002.0,0.0,1000.0,-0.711096,-0.9835799999999999,MNG,DEU,0149
28413,153,61,667,2002.0,0.0,19571.0,0.9987159999999999,0.26558200000000004,MYS,DEU,0149
28414,156,61,667,2002.0,0.0,7847.0,-0.7477739999999999,-1.006248,NCL,DEU,0149
28415,162,61,667,2002.0,83498976.0,59022324.0,1.175777,1.667472,NLD,DEU,0149
28416,163,61,667,2002.0,13765.0,54107.0,0.689588,-0.007016,NOR,DEU,0149
28417,166,61,667,2002.0,23393.0,8763.0,0.370673,0.7853829999999999,NZL,DEU,0149
28418,167,61,667,2002.0,0.0,8139.0,-1.307058,-1.270916,OMN,DEU,0149
28419,173,61,667,2002.0,0.0,5245.0,-0.456603,0.030838,PER,DEU,0149
28420,174,61,667,2002.0,0.0,77652.0,0.29601,-0.232513,PHL,DEU,0149
28421,176,61,667,2002.0,0.0,254188.0,-1.430299,-1.172593,PNG,DEU,0149
28422,177,61,667,2002.0,9475552.0,456680.0,0.9449299999999999,1.655764,POL,DEU,0149
28423,178,61,667,2002.0,0.0,2000.0,0.629678,1.0153780000000001,PRK,DEU,0149
28424,179,61,667,2002.0,44275.0,3893326.0,0.584956,1.377068,PRT,DEU,0149
28425,180,61,667,2002.0,2491.0,0.0,-0.733796,-0.9001530000000001,PRY,DEU,0149
28426,185,61,667,2002.0,868586.0,85522.0,0.549227,1.071998,ROU,DEU,0149
28427,186,61,667,2002.0,12070.0,1192115.0,0.6051449999999999,0.272307,RUS,DEU,0149
28428,188,61,667,2002.0,0.0,406704.0,0.048764,-0.903125,SAU,DEU,0149
28429,189,61,667,2002.0,3234.0,16617.0,0.523459,2.58657,SCG,DEU,0149
28430,191,61,667,2002.0,0.0,2764.0,-0.5424939999999999,-0.554531,SEN,DEU,0149
28431,192,61,667,2002.0,0.0,93209.0,1.7077209999999998,0.683549,SGP,DEU,0149
28432,196,61,667,2002.0,0.0,27864.0,0.29478899999999997,0.055865,SLE,DEU,0149
28433,206,61,667,2002.0,18528.0,33317.0,1.269549,1.184774,SVK,DEU,0149
28434,207,61,667,2002.0,1281403.0,32197.0,1.469681,1.13303,SVN,DEU,0149
28435,208,61,667,2002.0,2323325.0,10157767.0,2.134,0.769413,SWE,DEU,0149
28436,213,61,667,2002.0,0.0,4000.0,0.849978,0.260833,TCA,DEU,0149
28437,216,61,667,2002.0,16632149.0,1866.0,0.513887,1.545967,THA,DEU,0149
28438,224,61,667,2002.0,0.0,12320.0,0.12982,1.8032650000000001,TUR,DEU,0149
28439,228,61,667,2002.0,0.0,4078.0,0.575372,1.131722,UKR,DEU,0149
28440,230,61,667,2002.0,77268.0,1218.0,0.048498,0.118565,URY,DEU,0149
28441,231,61,667,2002.0,377837.0,322428.0,1.853174,0.120986,USA,DEU,0149
28442,232,61,667,2002.0,0.0,3000.0,-0.583861,-0.758266,UZB,DEU,0149
28443,234,61,667,2002.0,0.0,5589.0,-0.268813,-0.67072,VCT,DEU,0149
28444,236,61,667,2002.0,0.0,14241.0,-0.008877,-0.753486,VEN,DEU,0149
28445,246,61,667,2002.0,0.0,2893.0,0.32760500000000004,2.497746,ZAF,DEU,0149
28446,249,61,667,2002.0,0.0,22257.0,1.9084720000000002,1.253714,TWN,DEU,0149
28447,250,61,667,2002.0,0.0,129947.0,0.5979300000000001,-0.497816,ANS,DEU,0149
28448,0,64,667,2002.0,0.0,192108.0,0.27076100000000003,-0.858951,ABW,DNK,0149
28449,1,64,667,2002.0,0.0,35218.0,-0.11885899999999999,-0.346093,AFG,DNK,0149
28450,2,64,667,2002.0,0.0,11385.0,-1.8043639999999999,-1.250642,AGO,DNK,0149
28451,4,64,667,2002.0,0.0,11447.0,-0.05800399999999999,0.042254,ALB,DNK,0149
28452,5,64,667,2002.0,0.0,2451.0,1.3229389999999999,0.9635950000000001,AND,DNK,0149
28453,6,64,667,2002.0,0.0,262189.0,0.145946,-0.704052,ANT,DNK,0149
28454,7,64,667,2002.0,0.0,229084.0,-0.288838,-0.640049,ARE,DNK,0149
28455,8,64,667,2002.0,0.0,30513.0,0.045376,0.71768,ARG,DNK,0149
28456,13,64,667,2002.0,0.0,165840.0,0.23995500000000003,-0.754877,ATG,DNK,0149
28457,14,64,667,2002.0,0.0,331260.0,-0.052462,0.759617,AUS,DNK,0149
28458,15,64,667,2002.0,13820.0,1200943.0,1.866997,0.400527,AUT,DNK,0149
28459,18,64,667,2002.0,6123272.0,652060.0,1.424339,1.372755,BEL,DNK,0149
28460,22,64,667,2002.0,0.0,8875.0,-0.9509,-1.113308,BGD,DNK,0149
28461,23,64,667,2002.0,0.0,361335.0,0.468058,1.644037,BGR,DNK,0149
28462,24,64,667,2002.0,0.0,27830.0,-0.31754099999999996,-1.099381,BHR,DNK,0149
28463,26,64,667,2002.0,0.0,49681.0,0.223543,0.44595100000000004,BIH,DNK,0149
28464,28,64,667,2002.0,0.0,2452.0,0.865742,1.1823860000000002,BLR,DNK,0149
28465,29,64,667,2002.0,0.0,1085652.0,-0.553335,-0.753058,BLZ,DNK,0149
28466,32,64,667,2002.0,89588.0,0.0,0.631343,1.249344,BRA,DNK,0149
28467,39,64,667,2002.0,0.0,56549.0,0.9672360000000001,1.389981,CAN,DNK,0149
28468,41,64,667,2002.0,0.0,651271.0,2.205507,0.831836,CHE,DNK,0149
28469,42,64,667,2002.0,0.0,46676.0,-0.079201,-0.11449200000000001,CHL,DNK,0149
28470,43,64,667,2002.0,0.0,19115.0,0.6181220000000001,1.9636759999999998,CHN,DNK,0149
28471,46,64,667,2002.0,0.0,4081.0,-1.218664,-1.1406120000000002,COD,DNK,0149
28472,49,64,667,2002.0,0.0,30629.0,0.219861,0.45238999999999996,COL,DNK,0149
28473,51,64,667,2002.0,0.0,172354.0,-0.315184,-0.660522,CPV,DNK,0149
28474,54,64,667,2002.0,0.0,41710.0,-0.896759,-1.079825,CUB,DNK,0149
28475,58,64,667,2002.0,0.0,1281720.0,0.332088,0.50441,CYP,DNK,0149
28476,59,64,667,2002.0,17139.0,72909.0,1.5835139999999999,0.9563010000000001,CZE,DNK,0149
28477,61,64,667,2002.0,18143782.0,57980912.0,2.367856,-2.195331,DEU,DNK,0149
28478,63,64,667,2002.0,0.0,67997.0,0.212137,-0.112873,DMA,DNK,0149
28479,66,64,667,2002.0,0.0,171733.0,-0.9281389999999999,-1.19549,DZA,DNK,0149
28480,68,64,667,2002.0,0.0,64821.0,-0.37218,0.634319,EGY,DNK,0149
28481,71,64,667,2002.0,6022671.0,6329968.0,1.054108,1.9357349999999998,ESP,DNK,0149
28482,72,64,667,2002.0,2293.0,185234.0,0.576142,1.168563,EST,DNK,0149
28483,74,64,667,2002.0,52969.0,1882993.0,1.9545119999999998,1.047515,FIN,DNK,0149
28484,77,64,667,2002.0,5474554.0,7384656.0,1.648526,0.6870430000000001,FRA,DNK,0149
28485,78,64,667,2002.0,0.0,2199848.0,-0.33811399999999997,-0.8092050000000001,FRO,DNK,0149
28486,81,64,667,2002.0,1583622.0,82905480.0,2.067395,0.7934359999999999,GBR,DNK,0149
28487,82,64,667,2002.0,0.0,39415.0,0.23526999999999998,-0.156333,GEO,DNK,0149
28488,84,64,667,2002.0,0.0,15485.0,0.404483,-0.313042,GIB,DNK,0149
28489,85,64,667,2002.0,0.0,349133.0,-1.684157,-1.256743,GIN,DNK,0149
28490,87,64,667,2002.0,0.0,21234.0,0.266536,0.20776,GMB,DNK,0149
28491,89,64,667,2002.0,0.0,44410.0,-1.8647490000000002,-0.96145,GNQ,DNK,0149
28492,90,64,667,2002.0,33733.0,3944640.0,0.20355399999999998,1.4130200000000002,GRC,DNK,0149
28493,91,64,667,2002.0,0.0,193863.0,0.822523,0.032938999999999996,GRD,DNK,0149
28494,92,64,667,2002.0,0.0,3046142.0,-0.514411,-0.87766,GRL,DNK,0149
28495,95,64,667,2002.0,0.0,451707.0,-0.5440229999999999,-0.929201,GUM,DNK,0149
28496,96,64,667,2002.0,0.0,69562.0,-1.050604,-0.9015549999999999,GUY,DNK,0149
28497,97,64,667,2002.0,0.0,1756030.0,0.704932,1.291658,HKG,DNK,0149
28498,99,64,667,2002.0,0.0,3933.0,-0.637891,-0.564421,HND,DNK,0149
28499,100,64,667,2002.0,0.0,413372.0,0.603546,1.273001,HRV,DNK,0149
28500,101,64,667,2002.0,0.0,55186.0,-0.837823,-0.834512,HTI,DNK,0149
28501,102,64,667,2002.0,86755.0,86261.0,1.232359,1.064425,HUN,DNK,0149
28502,103,64,667,2002.0,0.0,16904.0,0.098182,1.7305840000000001,IDN,DNK,0149
28503,104,64,667,2002.0,0.0,41352.0,0.32974000000000003,2.376477,IND,DNK,0149
28504,106,64,667,2002.0,281448.0,1159930.0,1.7939310000000002,0.219254,IRL,DNK,0149
28505,109,64,667,2002.0,1227.0,49181.0,0.17011700000000002,-0.33925500000000003,ISL,DNK,0149
28506,110,64,667,2002.0,0.0,5398.0,1.257709,0.8318989999999999,ISR,DNK,0149
28507,111,64,667,2002.0,687694.0,4493186.0,1.3944219999999998,1.125362,ITA,DNK,0149
28508,113,64,667,2002.0,0.0,27742.0,0.34023000000000003,0.264754,JOR,DNK,0149
28509,114,64,667,2002.0,4403.0,10444030.0,2.7747580000000003,0.43663199999999996,JPN,DNK,0149
28510,118,64,667,2002.0,0.0,17996.0,-0.8577629999999999,-1.071536,KHM,DNK,0149
28511,120,64,667,2002.0,11850.0,112861.0,0.757789,-0.2968,KNA,DNK,0149
28512,121,64,667,2002.0,0.0,3493719.0,1.4172719999999999,0.8763139999999999,KOR,DNK,0149
28513,122,64,667,2002.0,0.0,493368.0,-0.794007,-1.192659,KWT,DNK,0149
28514,124,64,667,2002.0,0.0,361948.0,0.220906,1.470297,LBN,DNK,0149
28515,125,64,667,2002.0,0.0,29222.0,-0.683036,-1.158808,LBR,DNK,0149
28516,127,64,667,2002.0,0.0,24981.0,0.261861,-0.36480999999999997,LCA,DNK,0149
28517,128,64,667,2002.0,0.0,43058.0,-0.461765,-0.057614,LKA,DNK,0149
28518,130,64,667,2002.0,0.0,21926.0,0.15796,0.855931,LTU,DNK,0149
28519,131,64,667,2002.0,0.0,8833.0,1.396249,1.153017,LUX,DNK,0149
28520,132,64,667,2002.0,0.0,187055.0,0.41409799999999997,0.6281680000000001,LVA,DNK,0149
28521,133,64,667,2002.0,0.0,21922.0,0.005082,-0.328658,MAC,DNK,0149
28522,134,64,667,2002.0,0.0,44038.0,-0.690226,-0.42557,MAR,DNK,0149
28523,137,64,667,2002.0,0.0,6887.0,-1.0471700000000002,-0.976184,MDV,DNK,0149
28524,138,64,667,2002.0,0.0,748900.0,1.2677129999999999,0.599314,MEX,DNK,0149
28525,140,64,667,2002.0,0.0,90963.0,-0.027727999999999996,0.41846400000000006,MKD,DNK,0149
28526,141,64,667,2002.0,0.0,25324.0,-0.786698,-0.682438,MLI,DNK,0149
28527,142,64,667,2002.0,17730.0,1349029.0,0.901235,-0.140261,MLT,DNK,0149
28528,149,64,667,2002.0,0.0,3414.0,1.6121860000000001,0.078151,MSR,DNK,0149
28529,151,64,667,2002.0,0.0,308247.0,-0.382062,-0.379224,MUS,DNK,0149
28530,152,64,667,2002.0,0.0,7733.0,-1.431612,-1.234903,MWI,DNK,0149
28531,153,64,667,2002.0,0.0,270452.0,0.9987159999999999,0.26558200000000004,MYS,DNK,0149
28532,156,64,667,2002.0,0.0,660560.0,-0.7477739999999999,-1.006248,NCL,DNK,0149
28533,162,64,667,2002.0,3706480.0,3050030.0,1.175777,1.667472,NLD,DNK,0149
28534,163,64,667,2002.0,480980.0,2515599.0,0.689588,-0.007016,NOR,DNK,0149
28535,164,64,667,2002.0,0.0,10424.0,-0.065582,0.464797,NPL,DNK,0149
28536,166,64,667,2002.0,22026.0,15905.0,0.370673,0.7853829999999999,NZL,DNK,0149
28537,169,64,667,2002.0,0.0,3805269.0,0.085746,0.21839,PAN,DNK,0149
28538,173,64,667,2002.0,0.0,91115.0,-0.456603,0.030838,PER,DNK,0149
28539,174,64,667,2002.0,0.0,1607786.0,0.29601,-0.232513,PHL,DNK,0149
28540,176,64,667,2002.0,0.0,1519554.0,-1.430299,-1.172593,PNG,DNK,0149
28541,177,64,667,2002.0,65497.0,23096.0,0.9449299999999999,1.655764,POL,DNK,0149
28542,178,64,667,2002.0,0.0,54071.0,0.629678,1.0153780000000001,PRK,DNK,0149
28543,179,64,667,2002.0,9453.0,1452484.0,0.584956,1.377068,PRT,DNK,0149
28544,182,64,667,2002.0,0.0,217278.0,-0.363179,-0.8967450000000001,PYF,DNK,0149
28545,183,64,667,2002.0,0.0,95603.0,-0.002177,-1.042517,QAT,DNK,0149
28546,185,64,667,2002.0,0.0,40654.0,0.549227,1.071998,ROU,DNK,0149
28547,186,64,667,2002.0,0.0,1963822.0,0.6051449999999999,0.272307,RUS,DNK,0149
28548,188,64,667,2002.0,0.0,423578.0,0.048764,-0.903125,SAU,DNK,0149
28549,189,64,667,2002.0,0.0,23087.0,0.523459,2.58657,SCG,DNK,0149
28550,192,64,667,2002.0,0.0,1175707.0,1.7077209999999998,0.683549,SGP,DNK,0149
28551,196,64,667,2002.0,0.0,38094.0,0.29478899999999997,0.055865,SLE,DNK,0149
28552,197,64,667,2002.0,0.0,32627.0,-0.258579,-0.096214,SLV,DNK,0149
28553,205,64,667,2002.0,0.0,18375.0,-1.002898,-0.905595,SUR,DNK,0149
28554,207,64,667,2002.0,0.0,9376.0,1.469681,1.13303,SVN,DNK,0149
28555,208,64,667,2002.0,13167811.0,64274376.0,2.134,0.769413,SWE,DNK,0149
28556,211,64,667,2002.0,0.0,16916.0,-0.8837229999999999,-0.975607,SYC,DNK,0149
28557,215,64,667,2002.0,0.0,23623.0,-0.688284,-0.5292789999999999,TGO,DNK,0149
28558,216,64,667,2002.0,387474.0,52506.0,0.513887,1.545967,THA,DNK,0149
28559,223,64,667,2002.0,0.0,10342.0,0.059876,0.369032,TUN,DNK,0149
28560,224,64,667,2002.0,0.0,1884.0,0.12982,1.8032650000000001,TUR,DNK,0149
28561,228,64,667,2002.0,0.0,86938.0,0.575372,1.131722,UKR,DNK,0149
28562,231,64,667,2002.0,13941.0,35576744.0,1.853174,0.120986,USA,DNK,0149
28563,232,64,667,2002.0,0.0,5271.0,-0.583861,-0.758266,UZB,DNK,0149
28564,234,64,667,2002.0,0.0,230645.0,-0.268813,-0.67072,VCT,DNK,0149
28565,236,64,667,2002.0,0.0,407587.0,-0.008877,-0.753486,VEN,DNK,0149
28566,239,64,667,2002.0,0.0,318059.0,-0.44170699999999996,0.544708,VNM,DNK,0149
28567,243,64,667,2002.0,0.0,57332.0,-1.447637,-1.289748,YEM,DNK,0149
28568,246,64,667,2002.0,0.0,36007.0,0.32760500000000004,2.497746,ZAF,DNK,0149
28569,249,64,667,2002.0,0.0,60813.0,1.9084720000000002,1.253714,TWN,DNK,0149
28570,250,64,667,2002.0,277384.0,29484.0,0.5979300000000001,-0.497816,ANS,DNK,0149
28571,6,65,667,2002.0,0.0,1199.0,0.145946,-0.704052,ANT,DOM,0149
28572,39,65,667,2002.0,41528.0,0.0,0.9672360000000001,1.389981,CAN,DOM,0149
28573,43,65,667,2002.0,4328.0,0.0,0.6181220000000001,1.9636759999999998,CHN,DOM,0149
28574,61,65,667,2002.0,5201.0,0.0,2.367856,-2.195331,DEU,DOM,0149
28575,71,65,667,2002.0,26534.0,0.0,1.054108,1.9357349999999998,ESP,DOM,0149
28576,77,65,667,2002.0,18206.0,0.0,1.648526,0.6870430000000001,FRA,DOM,0149
28577,101,65,667,2002.0,0.0,68376.0,-0.837823,-0.834512,HTI,DOM,0149
28578,231,65,667,2002.0,1950589.0,20778.0,1.853174,0.120986,USA,DOM,0149
28579,250,65,667,2002.0,3276.0,0.0,0.5979300000000001,-0.497816,ANS,DOM,0149
28580,39,67,667,2002.0,4367.0,0.0,0.9672360000000001,1.389981,CAN,ECU,0149
28581,42,67,667,2002.0,43843.0,0.0,-0.079201,-0.11449200000000001,CHL,ECU,0149
28582,49,67,667,2002.0,1219.0,206613.0,0.219861,0.45238999999999996,COL,ECU,0149
28583,71,67,667,2002.0,7150.0,0.0,1.054108,1.9357349999999998,ESP,ECU,0149
28584,77,67,667,2002.0,7241.0,0.0,1.648526,0.6870430000000001,FRA,ECU,0149
28585,111,67,667,2002.0,23294.0,0.0,1.3944219999999998,1.125362,ITA,ECU,0149
28586,138,67,667,2002.0,1218.0,0.0,1.2677129999999999,0.599314,MEX,ECU,0149
28587,173,67,667,2002.0,216514.0,0.0,-0.456603,0.030838,PER,ECU,0149
28588,196,67,667,2002.0,0.0,7855.0,0.29478899999999997,0.055865,SLE,ECU,0149
28589,231,67,667,2002.0,124799.0,0.0,1.853174,0.120986,USA,ECU,0149
28590,2,71,667,2002.0,0.0,690322.0,-1.8043639999999999,-1.250642,AGO,ESP,0149
28591,5,71,667,2002.0,0.0,2673975.0,1.3229389999999999,0.9635950000000001,AND,ESP,0149
28592,7,71,667,2002.0,1430.0,1283.0,-0.288838,-0.640049,ARE,ESP,0149
28593,8,71,667,2002.0,1529189.0,0.0,0.045376,0.71768,ARG,ESP,0149
28594,15,71,667,2002.0,217789.0,1394450.0,1.866997,0.400527,AUT,ESP,0149
28595,16,71,667,2002.0,0.0,34003.0,-0.566735,-1.003158,AZE,ESP,0149
28596,18,71,667,2002.0,5596906.0,1079333.0,1.424339,1.372755,BEL,ESP,0149
28597,23,71,667,2002.0,7875.0,698829.0,0.468058,1.644037,BGR,ESP,0149
28598,31,71,667,2002.0,0.0,4232.0,-0.785592,-0.6761119999999999,BOL,ESP,0149
28599,32,71,667,2002.0,2437908.0,0.0,0.631343,1.249344,BRA,ESP,0149
28600,41,71,667,2002.0,1554.0,17907.0,2.205507,0.831836,CHE,ESP,0149
28601,42,71,667,2002.0,0.0,87554.0,-0.079201,-0.11449200000000001,CHL,ESP,0149
28602,49,71,667,2002.0,0.0,272000.0,0.219861,0.45238999999999996,COL,ESP,0149
28603,51,71,667,2002.0,0.0,16961.0,-0.315184,-0.660522,CPV,ESP,0149
28604,52,71,667,2002.0,0.0,51158.0,0.083983,-0.096237,CRI,ESP,0149
28605,54,71,667,2002.0,0.0,1022585.0,-0.896759,-1.079825,CUB,ESP,0149
28606,58,71,667,2002.0,0.0,10012.0,0.332088,0.50441,CYP,ESP,0149
28607,59,71,667,2002.0,0.0,190222.0,1.5835139999999999,0.9563010000000001,CZE,ESP,0149
28608,61,71,667,2002.0,14597465.0,4887181.0,2.367856,-2.195331,DEU,ESP,0149
28609,64,71,667,2002.0,6329968.0,6022671.0,1.344708,1.321135,DNK,ESP,0149
28610,65,71,667,2002.0,0.0,26534.0,-0.43339300000000003,-0.378827,DOM,ESP,0149
28611,66,71,667,2002.0,0.0,64523.0,-0.9281389999999999,-1.19549,DZA,ESP,0149
28612,67,71,667,2002.0,0.0,7150.0,-0.973858,-0.8924979999999999,ECU,ESP,0149
28613,74,71,667,2002.0,3218.0,2607.0,1.9545119999999998,1.047515,FIN,ESP,0149
28614,77,71,667,2002.0,33117716.0,6976849.0,1.648526,0.6870430000000001,FRA,ESP,0149
28615,80,71,667,2002.0,0.0,4112.0,-1.34341,-1.238593,GAB,ESP,0149
28616,81,71,667,2002.0,2204447.0,7018462.0,2.067395,0.7934359999999999,GBR,ESP,0149
28617,82,71,667,2002.0,0.0,7383.0,0.23526999999999998,-0.156333,GEO,ESP,0149
28618,84,71,667,2002.0,0.0,281143.0,0.404483,-0.313042,GIB,ESP,0149
28619,87,71,667,2002.0,0.0,4909.0,0.266536,0.20776,GMB,ESP,0149
28620,89,71,667,2002.0,0.0,65860.0,-1.8647490000000002,-0.96145,GNQ,ESP,0149
28621,90,71,667,2002.0,48321.0,848654.0,0.20355399999999998,1.4130200000000002,GRC,ESP,0149
28622,93,71,667,2002.0,0.0,15990.0,-0.49913,-0.038079,GTM,ESP,0149
28623,97,71,667,2002.0,0.0,48338.0,0.704932,1.291658,HKG,ESP,0149
28624,99,71,667,2002.0,0.0,10606.0,-0.637891,-0.564421,HND,ESP,0149
28625,100,71,667,2002.0,0.0,181758.0,0.603546,1.273001,HRV,ESP,0149
28626,102,71,667,2002.0,0.0,11725.0,1.232359,1.064425,HUN,ESP,0149
28627,106,71,667,2002.0,1659606.0,125898.0,1.7939310000000002,0.219254,IRL,ESP,0149
28628,110,71,667,2002.0,2497.0,0.0,1.257709,0.8318989999999999,ISR,ESP,0149
28629,111,71,667,2002.0,3747501.0,17534434.0,1.3944219999999998,1.125362,ITA,ESP,0149
28630,113,71,667,2002.0,0.0,33874.0,0.34023000000000003,0.264754,JOR,ESP,0149
28631,114,71,667,2002.0,0.0,3996.0,2.7747580000000003,0.43663199999999996,JPN,ESP,0149
28632,115,71,667,2002.0,0.0,4048.0,-0.100361,-0.502468,KAZ,ESP,0149
28633,122,71,667,2002.0,0.0,2179.0,-0.794007,-1.192659,KWT,ESP,0149
28634,124,71,667,2002.0,0.0,3910443.0,0.220906,1.470297,LBN,ESP,0149
28635,130,71,667,2002.0,0.0,12150.0,0.15796,0.855931,LTU,ESP,0149
28636,131,71,667,2002.0,0.0,41832.0,1.396249,1.153017,LUX,ESP,0149
28637,132,71,667,2002.0,0.0,4322.0,0.41409799999999997,0.6281680000000001,LVA,ESP,0149
28638,134,71,667,2002.0,0.0,5870.0,-0.690226,-0.42557,MAR,ESP,0149
28639,138,71,667,2002.0,0.0,365479.0,1.2677129999999999,0.599314,MEX,ESP,0149
28640,140,71,667,2002.0,0.0,37274.0,-0.027727999999999996,0.41846400000000006,MKD,ESP,0149
28641,142,71,667,2002.0,0.0,33586.0,0.901235,-0.140261,MLT,ESP,0149
28642,147,71,667,2002.0,0.0,4265.0,-1.337891,-1.187073,MOZ,ESP,0149
28643,148,71,667,2002.0,0.0,4323.0,-1.053061,-1.221967,MRT,ESP,0149
28644,151,71,667,2002.0,0.0,12029.0,-0.382062,-0.379224,MUS,ESP,0149
28645,155,71,667,2002.0,3033.0,6397.0,-0.137725,-0.361452,NAM,ESP,0149
28646,156,71,667,2002.0,0.0,2072.0,-0.7477739999999999,-1.006248,NCL,ESP,0149
28647,159,71,667,2002.0,0.0,22016.0,-1.705991,-1.292926,NGA,ESP,0149
28648,160,71,667,2002.0,0.0,4722.0,-0.634946,-0.37966,NIC,ESP,0149
28649,162,71,667,2002.0,9089138.0,974178.0,1.175777,1.667472,NLD,ESP,0149
28650,163,71,667,2002.0,125534.0,51609.0,0.689588,-0.007016,NOR,ESP,0149
28651,166,71,667,2002.0,1800.0,2698.0,0.370673,0.7853829999999999,NZL,ESP,0149
28652,169,71,667,2002.0,0.0,78431.0,0.085746,0.21839,PAN,ESP,0149
28653,173,71,667,2002.0,0.0,25792.0,-0.456603,0.030838,PER,ESP,0149
28654,177,71,667,2002.0,0.0,10140.0,0.9449299999999999,1.655764,POL,ESP,0149
28655,179,71,667,2002.0,552869.0,17186186.0,0.584956,1.377068,PRT,ESP,0149
28656,185,71,667,2002.0,0.0,597500.0,0.549227,1.071998,ROU,ESP,0149
28657,186,71,667,2002.0,0.0,8476953.0,0.6051449999999999,0.272307,RUS,ESP,0149
28658,189,71,667,2002.0,0.0,57241.0,0.523459,2.58657,SCG,ESP,0149
28659,191,71,667,2002.0,0.0,5798.0,-0.5424939999999999,-0.554531,SEN,ESP,0149
28660,197,71,667,2002.0,0.0,47708.0,-0.258579,-0.096214,SLV,ESP,0149
28661,208,71,667,2002.0,267781.0,469426.0,2.134,0.769413,SWE,ESP,0149
28662,216,71,667,2002.0,59093.0,8296.0,0.513887,1.545967,THA,ESP,0149
28663,223,71,667,2002.0,0.0,20500.0,0.059876,0.369032,TUN,ESP,0149
28664,230,71,667,2002.0,0.0,32517.0,0.048498,0.118565,URY,ESP,0149
28665,231,71,667,2002.0,122904.0,143616.0,1.853174,0.120986,USA,ESP,0149
28666,236,71,667,2002.0,0.0,995179.0,-0.008877,-0.753486,VEN,ESP,0149
28667,250,71,667,2002.0,0.0,36808.0,0.5979300000000001,-0.497816,ANS,ESP,0149
28668,1,77,667,2002.0,0.0,525142.0,-0.11885899999999999,-0.346093,AFG,FRA,0149
28669,2,77,667,2002.0,0.0,831214.0,-1.8043639999999999,-1.250642,AGO,FRA,0149
28670,5,77,667,2002.0,0.0,1829898.0,1.3229389999999999,0.9635950000000001,AND,FRA,0149
28671,6,77,667,2002.0,0.0,416224.0,0.145946,-0.704052,ANT,FRA,0149
28672,7,77,667,2002.0,0.0,709305.0,-0.288838,-0.640049,ARE,FRA,0149
28673,8,77,667,2002.0,1666316.0,18755.0,0.045376,0.71768,ARG,FRA,0149
28674,9,77,667,2002.0,0.0,115674.0,0.66447,-0.08317000000000001,ARM,FRA,0149
28675,14,77,667,2002.0,3219.0,137950.0,-0.052462,0.759617,AUS,FRA,0149
28676,15,77,667,2002.0,23010.0,1967856.0,1.866997,0.400527,AUT,FRA,0149
28677,16,77,667,2002.0,0.0,108544.0,-0.566735,-1.003158,AZE,FRA,0149
28678,17,77,667,2002.0,0.0,15170.0,-0.399212,-0.67657,BDI,FRA,0149
28679,18,77,667,2002.0,41991960.0,61147280.0,1.424339,1.372755,BEL,FRA,0149
28680,19,77,667,2002.0,0.0,265983.0,-0.7683840000000001,-0.7984319999999999,BEN,FRA,0149
28681,21,77,667,2002.0,5561.0,106369.0,-0.5542590000000001,-0.5946060000000001,BFA,FRA,0149
28682,23,77,667,2002.0,850205.0,487660.0,0.468058,1.644037,BGR,FRA,0149
28683,24,77,667,2002.0,0.0,33183.0,-0.31754099999999996,-1.099381,BHR,FRA,0149
28684,26,77,667,2002.0,0.0,10395.0,0.223543,0.44595100000000004,BIH,FRA,0149
28685,31,77,667,2002.0,0.0,2104.0,-0.785592,-0.6761119999999999,BOL,FRA,0149
28686,32,77,667,2002.0,6828640.0,209704.0,0.631343,1.249344,BRA,FRA,0149
28687,33,77,667,2002.0,7953.0,1026.0,0.547024,-0.004036,BRB,FRA,0149
28688,34,77,667,2002.0,0.0,9871.0,-1.359507,-1.084339,BRN,FRA,0149
28689,38,77,667,2002.0,0.0,53342.0,-0.698235,-0.905799,CAF,FRA,0149
28690,39,77,667,2002.0,76929.0,138643.0,0.9672360000000001,1.389981,CAN,FRA,0149
28691,41,77,667,2002.0,42330.0,11395686.0,2.205507,0.831836,CHE,FRA,0149
28692,42,77,667,2002.0,2995.0,68166.0,-0.079201,-0.11449200000000001,CHL,FRA,0149
28693,43,77,667,2002.0,18696.0,40948.0,0.6181220000000001,1.9636759999999998,CHN,FRA,0149
28694,44,77,667,2002.0,22792.0,750897.0,-0.803739,-0.752218,CIV,FRA,0149
28695,45,77,667,2002.0,0.0,757928.0,-1.188713,-1.109944,CMR,FRA,0149
28696,46,77,667,2002.0,0.0,4039350.0,-1.218664,-1.1406120000000002,COD,FRA,0149
28697,47,77,667,2002.0,0.0,1696521.0,-1.468836,-1.250484,COG,FRA,0149
28698,49,77,667,2002.0,0.0,49888.0,0.219861,0.45238999999999996,COL,FRA,0149
28699,50,77,667,2002.0,0.0,15112.0,-0.634921,-0.9792120000000001,COM,FRA,0149
28700,52,77,667,2002.0,0.0,4718.0,0.083983,-0.096237,CRI,FRA,0149
28701,54,77,667,2002.0,0.0,1714219.0,-0.896759,-1.079825,CUB,FRA,0149
28702,58,77,667,2002.0,0.0,270659.0,0.332088,0.50441,CYP,FRA,0149
28703,59,77,667,2002.0,14603.0,841628.0,1.5835139999999999,0.9563010000000001,CZE,FRA,0149
28704,61,77,667,2002.0,57774336.0,61525392.0,2.367856,-2.195331,DEU,FRA,0149
28705,62,77,667,2002.0,0.0,181583.0,-0.03383,-0.014618,DJI,FRA,0149
28706,64,77,667,2002.0,7384656.0,5474554.0,1.344708,1.321135,DNK,FRA,0149
28707,65,77,667,2002.0,0.0,18206.0,-0.43339300000000003,-0.378827,DOM,FRA,0149
28708,66,77,667,2002.0,0.0,137350.0,-0.9281389999999999,-1.19549,DZA,FRA,0149
28709,67,77,667,2002.0,0.0,7241.0,-0.973858,-0.8924979999999999,ECU,FRA,0149
28710,68,77,667,2002.0,67019.0,21823.0,-0.37218,0.634319,EGY,FRA,0149
28711,69,77,667,2002.0,14508.0,0.0,1.019399,0.23989899999999997,ERI,FRA,0149
28712,71,77,667,2002.0,6976849.0,33117716.0,1.054108,1.9357349999999998,ESP,FRA,0149
28713,72,77,667,2002.0,0.0,96916.0,0.576142,1.168563,EST,FRA,0149
28714,74,77,667,2002.0,0.0,3949129.0,1.9545119999999998,1.047515,FIN,FRA,0149
28715,78,77,667,2002.0,0.0,5768.0,-0.33811399999999997,-0.8092050000000001,FRO,FRA,0149
28716,80,77,667,2002.0,0.0,1587290.0,-1.34341,-1.238593,GAB,FRA,0149
28717,81,77,667,2002.0,3448386.0,52743076.0,2.067395,0.7934359999999999,GBR,FRA,0149
28718,83,77,667,2002.0,0.0,322687.0,-1.258567,-1.048266,GHA,FRA,0149
28719,84,77,667,2002.0,0.0,23616.0,0.404483,-0.313042,GIB,FRA,0149
28720,85,77,667,2002.0,0.0,477712.0,-1.684157,-1.256743,GIN,FRA,0149
28721,88,77,667,2002.0,0.0,1898.0,-0.30444099999999996,-0.815509,GNB,FRA,0149
28722,89,77,667,2002.0,0.0,69983.0,-1.8647490000000002,-0.96145,GNQ,FRA,0149
28723,90,77,667,2002.0,17076.0,2151404.0,0.20355399999999998,1.4130200000000002,GRC,FRA,0149
28724,93,77,667,2002.0,0.0,6144.0,-0.49913,-0.038079,GTM,FRA,0149
28725,96,77,667,2002.0,0.0,71374.0,-1.050604,-0.9015549999999999,GUY,FRA,0149
28726,97,77,667,2002.0,0.0,741476.0,0.704932,1.291658,HKG,FRA,0149
28727,100,77,667,2002.0,43758.0,76612.0,0.603546,1.273001,HRV,FRA,0149
28728,101,77,667,2002.0,0.0,65278.0,-0.837823,-0.834512,HTI,FRA,0149
28729,102,77,667,2002.0,1654082.0,53863.0,1.232359,1.064425,HUN,FRA,0149
28730,103,77,667,2002.0,3087.0,223906.0,0.098182,1.7305840000000001,IDN,FRA,0149
28731,104,77,667,2002.0,0.0,16894.0,0.32974000000000003,2.376477,IND,FRA,0149
28732,106,77,667,2002.0,3026086.0,7155338.0,1.7939310000000002,0.219254,IRL,FRA,0149
28733,107,77,667,2002.0,0.0,1411.0,-0.665259,-0.840274,IRN,FRA,0149
28734,108,77,667,2002.0,0.0,2832.0,-1.008202,-0.9532209999999999,IRQ,FRA,0149
28735,109,77,667,2002.0,6590.0,19269.0,0.17011700000000002,-0.33925500000000003,ISL,FRA,0149
28736,110,77,667,2002.0,3659310.0,34002.0,1.257709,0.8318989999999999,ISR,FRA,0149
28737,111,77,667,2002.0,21756676.0,12370321.0,1.3944219999999998,1.125362,ITA,FRA,0149
28738,112,77,667,2002.0,1060.0,423476.0,-0.459541,-0.947443,JAM,FRA,0149
28739,113,77,667,2002.0,0.0,125265.0,0.34023000000000003,0.264754,JOR,FRA,0149
28740,114,77,667,2002.0,0.0,3225250.0,2.7747580000000003,0.43663199999999996,JPN,FRA,0149
28741,115,77,667,2002.0,0.0,9250.0,-0.100361,-0.502468,KAZ,FRA,0149
28742,118,77,667,2002.0,0.0,22084.0,-0.8577629999999999,-1.071536,KHM,FRA,0149
28743,121,77,667,2002.0,0.0,208872.0,1.4172719999999999,0.8763139999999999,KOR,FRA,0149
28744,122,77,667,2002.0,0.0,131504.0,-0.794007,-1.192659,KWT,FRA,0149
28745,123,77,667,2002.0,0.0,3785.0,-0.990957,-1.111048,LAO,FRA,0149
28746,124,77,667,2002.0,0.0,1768852.0,0.220906,1.470297,LBN,FRA,0149
28747,125,77,667,2002.0,0.0,10386.0,-0.683036,-1.158808,LBR,FRA,0149
28748,127,77,667,2002.0,0.0,2394.0,0.261861,-0.36480999999999997,LCA,FRA,0149
28749,128,77,667,2002.0,0.0,53953.0,-0.461765,-0.057614,LKA,FRA,0149
28750,130,77,667,2002.0,0.0,99257.0,0.15796,0.855931,LTU,FRA,0149
28751,131,77,667,2002.0,609714.0,4811507.0,1.396249,1.153017,LUX,FRA,0149
28752,132,77,667,2002.0,0.0,73822.0,0.41409799999999997,0.6281680000000001,LVA,FRA,0149
28753,133,77,667,2002.0,0.0,4875.0,0.005082,-0.328658,MAC,FRA,0149
28754,134,77,667,2002.0,0.0,741656.0,-0.690226,-0.42557,MAR,FRA,0149
28755,135,77,667,2002.0,0.0,36263.0,-0.017383000000000003,0.109124,MDA,FRA,0149
28756,136,77,667,2002.0,0.0,94287.0,-1.109564,-0.642039,MDG,FRA,0149
28757,137,77,667,2002.0,0.0,2138.0,-1.0471700000000002,-0.976184,MDV,FRA,0149
28758,138,77,667,2002.0,0.0,364506.0,1.2677129999999999,0.599314,MEX,FRA,0149
28759,140,77,667,2002.0,0.0,138570.0,-0.027727999999999996,0.41846400000000006,MKD,FRA,0149
28760,141,77,667,2002.0,0.0,122935.0,-0.786698,-0.682438,MLI,FRA,0149
28761,142,77,667,2002.0,0.0,1110100.0,0.901235,-0.140261,MLT,FRA,0149
28762,148,77,667,2002.0,0.0,18618.0,-1.053061,-1.221967,MRT,FRA,0149
28763,151,77,667,2002.0,0.0,353714.0,-0.382062,-0.379224,MUS,FRA,0149
28764,153,77,667,2002.0,3685.0,38371.0,0.9987159999999999,0.26558200000000004,MYS,FRA,0149
28765,154,77,667,2002.0,22731.0,244721.0,0.752173,-0.5639,MYT,FRA,0149
28766,156,77,667,2002.0,0.0,3277644.0,-0.7477739999999999,-1.006248,NCL,FRA,0149
28767,157,77,667,2002.0,0.0,75468.0,-0.562837,-0.333649,NER,FRA,0149
28768,159,77,667,2002.0,0.0,732807.0,-1.705991,-1.292926,NGA,FRA,0149
28769,162,77,667,2002.0,14520781.0,22447700.0,1.175777,1.667472,NLD,FRA,0149
28770,163,77,667,2002.0,0.0,132825.0,0.689588,-0.007016,NOR,FRA,0149
28771,166,77,667,2002.0,4427.0,34483.0,0.370673,0.7853829999999999,NZL,FRA,0149
28772,167,77,667,2002.0,0.0,9664.0,-1.307058,-1.270916,OMN,FRA,0149
28773,169,77,667,2002.0,0.0,13521.0,0.085746,0.21839,PAN,FRA,0149
28774,173,77,667,2002.0,0.0,10222.0,-0.456603,0.030838,PER,FRA,0149
28775,174,77,667,2002.0,0.0,28321.0,0.29601,-0.232513,PHL,FRA,0149
28776,177,77,667,2002.0,379970.0,118204.0,0.9449299999999999,1.655764,POL,FRA,0149
28777,178,77,667,2002.0,0.0,2835.0,0.629678,1.0153780000000001,PRK,FRA,0149
28778,179,77,667,2002.0,338923.0,6722766.0,0.584956,1.377068,PRT,FRA,0149
28779,182,77,667,2002.0,0.0,1372718.0,-0.363179,-0.8967450000000001,PYF,FRA,0149
28780,183,77,667,2002.0,0.0,48445.0,-0.002177,-1.042517,QAT,FRA,0149
28781,185,77,667,2002.0,267333.0,98579.0,0.549227,1.071998,ROU,FRA,0149
28782,186,77,667,2002.0,0.0,7808964.0,0.6051449999999999,0.272307,RUS,FRA,0149
28783,188,77,667,2002.0,0.0,102792.0,0.048764,-0.903125,SAU,FRA,0149
28784,189,77,667,2002.0,0.0,197128.0,0.523459,2.58657,SCG,FRA,0149
28785,191,77,667,2002.0,0.0,393194.0,-0.5424939999999999,-0.554531,SEN,FRA,0149
28786,192,77,667,2002.0,0.0,372866.0,1.7077209999999998,0.683549,SGP,FRA,0149
28787,196,77,667,2002.0,0.0,42769.0,0.29478899999999997,0.055865,SLE,FRA,0149
28788,197,77,667,2002.0,0.0,8637.0,-0.258579,-0.096214,SLV,FRA,0149
28789,200,77,667,2002.0,0.0,68346.0,-0.791918,-0.965751,SPM,FRA,0149
28790,205,77,667,2002.0,0.0,17766.0,-1.002898,-0.905595,SUR,FRA,0149
28791,206,77,667,2002.0,0.0,1524.0,1.269549,1.184774,SVK,FRA,0149
28792,207,77,667,2002.0,0.0,105665.0,1.469681,1.13303,SVN,FRA,0149
28793,208,77,667,2002.0,1016946.0,2823564.0,2.134,0.769413,SWE,FRA,0149
28794,214,77,667,2002.0,0.0,136978.0,-0.092619,-0.776712,TCD,FRA,0149
28795,215,77,667,2002.0,0.0,242950.0,-0.688284,-0.5292789999999999,TGO,FRA,0149
28796,216,77,667,2002.0,3810907.0,148752.0,0.513887,1.545967,THA,FRA,0149
28797,219,77,667,2002.0,0.0,94441.0,-0.9178629999999999,-1.202212,TKM,FRA,0149
28798,222,77,667,2002.0,0.0,281137.0,-0.056315,-0.803537,TTO,FRA,0149
28799,223,77,667,2002.0,0.0,57021.0,0.059876,0.369032,TUN,FRA,0149
28800,224,77,667,2002.0,29962.0,26310.0,0.12982,1.8032650000000001,TUR,FRA,0149
28801,227,77,667,2002.0,0.0,2165.0,-1.262952,-0.903123,UGA,FRA,0149
28802,228,77,667,2002.0,0.0,1685.0,0.575372,1.131722,UKR,FRA,0149
28803,230,77,667,2002.0,70274.0,31655.0,0.048498,0.118565,URY,FRA,0149
28804,231,77,667,2002.0,5381.0,1786589.0,1.853174,0.120986,USA,FRA,0149
28805,232,77,667,2002.0,0.0,123805.0,-0.583861,-0.758266,UZB,FRA,0149
28806,234,77,667,2002.0,0.0,3610.0,-0.268813,-0.67072,VCT,FRA,0149
28807,236,77,667,2002.0,0.0,9541.0,-0.008877,-0.753486,VEN,FRA,0149
28808,239,77,667,2002.0,0.0,135148.0,-0.44170699999999996,0.544708,VNM,FRA,0149
28809,241,77,667,2002.0,0.0,117372.0,0.712441,-0.668211,WLF,FRA,0149
28810,246,77,667,2002.0,0.0,51576.0,0.32760500000000004,2.497746,ZAF,FRA,0149
28811,248,77,667,2002.0,0.0,30497.0,-0.36033000000000004,0.452182,ZWE,FRA,0149
28812,249,77,667,2002.0,0.0,116691.0,1.9084720000000002,1.253714,TWN,FRA,0149
28813,250,77,667,2002.0,0.0,55692.0,0.5979300000000001,-0.497816,ANS,FRA,0149
28814,7,81,667,2002.0,0.0,506405.0,-0.288838,-0.640049,ARE,GBR,0149
28815,8,81,667,2002.0,11258161.0,0.0,0.045376,0.71768,ARG,GBR,0149
28816,13,81,667,2002.0,0.0,25479.0,0.23995500000000003,-0.754877,ATG,GBR,0149
28817,14,81,667,2002.0,697475.0,8553.0,-0.052462,0.759617,AUS,GBR,0149
28818,15,81,667,2002.0,336447.0,25017.0,1.866997,0.400527,AUT,GBR,0149
28819,18,81,667,2002.0,57193520.0,1136887.0,1.424339,1.372755,BEL,GBR,0149
28820,19,81,667,2002.0,0.0,22520.0,-0.7683840000000001,-0.7984319999999999,BEN,GBR,0149
28821,23,81,667,2002.0,42473.0,0.0,0.468058,1.644037,BGR,GBR,0149
28822,24,81,667,2002.0,0.0,26091.0,-0.31754099999999996,-1.099381,BHR,GBR,0149
28823,25,81,667,2002.0,0.0,40516.0,0.035127,-0.536416,BHS,GBR,0149
28824,26,81,667,2002.0,0.0,100446.0,0.223543,0.44595100000000004,BIH,GBR,0149
28825,30,81,667,2002.0,0.0,36930.0,0.934739,-0.465542,BMU,GBR,0149
28826,32,81,667,2002.0,116388736.0,0.0,0.631343,1.249344,BRA,GBR,0149
28827,33,81,667,2002.0,0.0,74030.0,0.547024,-0.004036,BRB,GBR,0149
28828,34,81,667,2002.0,0.0,1663.0,-1.359507,-1.084339,BRN,GBR,0149
28829,37,81,667,2002.0,642399.0,0.0,-0.164526,-1.04616,BWA,GBR,0149
28830,39,81,667,2002.0,20018.0,0.0,0.9672360000000001,1.389981,CAN,GBR,0149
28831,41,81,667,2002.0,45914.0,21453.0,2.205507,0.831836,CHE,GBR,0149
28832,42,81,667,2002.0,2298966.0,6118.0,-0.079201,-0.11449200000000001,CHL,GBR,0149
28833,43,81,667,2002.0,0.0,101026.0,0.6181220000000001,1.9636759999999998,CHN,GBR,0149
28834,45,81,667,2002.0,0.0,4827.0,-1.188713,-1.109944,CMR,GBR,0149
28835,46,81,667,2002.0,0.0,7845.0,-1.218664,-1.1406120000000002,COD,GBR,0149
28836,57,81,667,2002.0,0.0,11677.0,0.570589,-0.692583,CYM,GBR,0149
28837,58,81,667,2002.0,0.0,373093.0,0.332088,0.50441,CYP,GBR,0149
28838,59,81,667,2002.0,68539.0,23027.0,1.5835139999999999,0.9563010000000001,CZE,GBR,0149
28839,61,81,667,2002.0,55693976.0,4204962.0,2.367856,-2.195331,DEU,GBR,0149
28840,63,81,667,2002.0,0.0,51599.0,0.212137,-0.112873,DMA,GBR,0149
28841,64,81,667,2002.0,82905480.0,1583622.0,1.344708,1.321135,DNK,GBR,0149
28842,69,81,667,2002.0,0.0,9763.0,1.019399,0.23989899999999997,ERI,GBR,0149
28843,71,81,667,2002.0,7018462.0,2204447.0,1.054108,1.9357349999999998,ESP,GBR,0149
28844,72,81,667,2002.0,3646.0,0.0,0.576142,1.168563,EST,GBR,0149
28845,74,81,667,2002.0,0.0,1249.0,1.9545119999999998,1.047515,FIN,GBR,0149
28846,76,81,667,2002.0,0.0,120136.0,-0.395335,-0.942025,FLK,GBR,0149
28847,77,81,667,2002.0,52743076.0,3448386.0,1.648526,0.6870430000000001,FRA,GBR,0149
28848,83,81,667,2002.0,0.0,22533.0,-1.258567,-1.048266,GHA,GBR,0149
28849,84,81,667,2002.0,0.0,1080660.0,0.404483,-0.313042,GIB,GBR,0149
28850,85,81,667,2002.0,0.0,5727.0,-1.684157,-1.256743,GIN,GBR,0149
28851,87,81,667,2002.0,0.0,3841.0,0.266536,0.20776,GMB,GBR,0149
28852,90,81,667,2002.0,340240.0,316378.0,0.20355399999999998,1.4130200000000002,GRC,GBR,0149
28853,91,81,667,2002.0,0.0,1227.0,0.822523,0.032938999999999996,GRD,GBR,0149
28854,97,81,667,2002.0,29690.0,1261528.0,0.704932,1.291658,HKG,GBR,0149
28855,100,81,667,2002.0,1916552.0,3905.0,0.603546,1.273001,HRV,GBR,0149
28856,102,81,667,2002.0,4911246.0,3935.0,1.232359,1.064425,HUN,GBR,0149
28857,104,81,667,2002.0,0.0,4264.0,0.32974000000000003,2.376477,IND,GBR,0149
28858,106,81,667,2002.0,263037728.0,94533520.0,1.7939310000000002,0.219254,IRL,GBR,0149
28859,107,81,667,2002.0,2725.0,0.0,-0.665259,-0.840274,IRN,GBR,0149
28860,109,81,667,2002.0,0.0,13672.0,0.17011700000000002,-0.33925500000000003,ISL,GBR,0149
28861,110,81,667,2002.0,1624792.0,7831.0,1.257709,0.8318989999999999,ISR,GBR,0149
28862,111,81,667,2002.0,8909770.0,900776.0,1.3944219999999998,1.125362,ITA,GBR,0149
28863,114,81,667,2002.0,0.0,3707.0,2.7747580000000003,0.43663199999999996,JPN,GBR,0149
28864,116,81,667,2002.0,0.0,48873.0,-0.59055,0.000731,KEN,GBR,0149
28865,120,81,667,2002.0,0.0,1934.0,0.757789,-0.2968,KNA,GBR,0149
28866,121,81,667,2002.0,0.0,3834.0,1.4172719999999999,0.8763139999999999,KOR,GBR,0149
28867,122,81,667,2002.0,0.0,136949.0,-0.794007,-1.192659,KWT,GBR,0149
28868,124,81,667,2002.0,0.0,14776.0,0.220906,1.470297,LBN,GBR,0149
28869,127,81,667,2002.0,0.0,11177.0,0.261861,-0.36480999999999997,LCA,GBR,0149
28870,132,81,667,2002.0,0.0,15097.0,0.41409799999999997,0.6281680000000001,LVA,GBR,0149
28871,134,81,667,2002.0,0.0,113766.0,-0.690226,-0.42557,MAR,GBR,0149
28872,140,81,667,2002.0,0.0,112631.0,-0.027727999999999996,0.41846400000000006,MKD,GBR,0149
28873,142,81,667,2002.0,0.0,416954.0,0.901235,-0.140261,MLT,GBR,0149
28874,153,81,667,2002.0,1788.0,2879.0,0.9987159999999999,0.26558200000000004,MYS,GBR,0149
28875,159,81,667,2002.0,0.0,89660.0,-1.705991,-1.292926,NGA,GBR,0149
28876,160,81,667,2002.0,0.0,2978.0,-0.634946,-0.37966,NIC,GBR,0149
28877,162,81,667,2002.0,110335128.0,3220931.0,1.175777,1.667472,NLD,GBR,0149
28878,166,81,667,2002.0,0.0,1413.0,0.370673,0.7853829999999999,NZL,GBR,0149
28879,167,81,667,2002.0,0.0,8068.0,-1.307058,-1.270916,OMN,GBR,0149
28880,168,81,667,2002.0,0.0,4482.0,-0.7574069999999999,-0.403427,PAK,GBR,0149
28881,169,81,667,2002.0,24353.0,0.0,0.085746,0.21839,PAN,GBR,0149
28882,174,81,667,2002.0,24175.0,3845.0,0.29601,-0.232513,PHL,GBR,0149
28883,176,81,667,2002.0,0.0,22608.0,-1.430299,-1.172593,PNG,GBR,0149
28884,177,81,667,2002.0,6105142.0,41085.0,0.9449299999999999,1.655764,POL,GBR,0149
28885,179,81,667,2002.0,184582.0,285880.0,0.584956,1.377068,PRT,GBR,0149
28886,183,81,667,2002.0,0.0,14574.0,-0.002177,-1.042517,QAT,GBR,0149
28887,185,81,667,2002.0,281468.0,111148.0,0.549227,1.071998,ROU,GBR,0149
28888,188,81,667,2002.0,0.0,9792.0,0.048764,-0.903125,SAU,GBR,0149
28889,189,81,667,2002.0,0.0,7141.0,0.523459,2.58657,SCG,GBR,0149
28890,192,81,667,2002.0,0.0,175166.0,1.7077209999999998,0.683549,SGP,GBR,0149
28891,194,81,667,2002.0,0.0,90828.0,1.542309,-0.038145,SHN,GBR,0149
28892,196,81,667,2002.0,0.0,20169.0,0.29478899999999997,0.055865,SLE,GBR,0149
28893,207,81,667,2002.0,1714566.0,2430.0,1.469681,1.13303,SVN,GBR,0149
28894,208,81,667,2002.0,6539576.0,67064.0,2.134,0.769413,SWE,GBR,0149
28895,211,81,667,2002.0,0.0,80793.0,-0.8837229999999999,-0.975607,SYC,GBR,0149
28896,215,81,667,2002.0,0.0,2826.0,-0.688284,-0.5292789999999999,TGO,GBR,0149
28897,216,81,667,2002.0,95481736.0,103527.0,0.513887,1.545967,THA,GBR,0149
28898,224,81,667,2002.0,22488.0,0.0,0.12982,1.8032650000000001,TUR,GBR,0149
28899,228,81,667,2002.0,0.0,15038.0,0.575372,1.131722,UKR,GBR,0149
28900,230,81,667,2002.0,6162288.0,0.0,0.048498,0.118565,URY,GBR,0149
28901,231,81,667,2002.0,231102.0,8790.0,1.853174,0.120986,USA,GBR,0149
28902,246,81,667,2002.0,0.0,6084.0,0.32760500000000004,2.497746,ZAF,GBR,0149
28903,248,81,667,2002.0,439937.0,0.0,-0.36033000000000004,0.452182,ZWE,GBR,0149
28904,4,90,667,2002.0,0.0,50338.0,-0.05800399999999999,0.042254,ALB,GRC,0149
28905,8,90,667,2002.0,218589.0,15510.0,0.045376,0.71768,ARG,GRC,0149
28906,14,90,667,2002.0,0.0,2753.0,-0.052462,0.759617,AUS,GRC,0149
28907,15,90,667,2002.0,41953.0,2442.0,1.866997,0.400527,AUT,GRC,0149
28908,18,90,667,2002.0,1459374.0,24951.0,1.424339,1.372755,BEL,GRC,0149
28909,23,90,667,2002.0,1237.0,84312.0,0.468058,1.644037,BGR,GRC,0149
28910,25,90,667,2002.0,0.0,188494.0,0.035127,-0.536416,BHS,GRC,0149
28911,32,90,667,2002.0,455775.0,20649.0,0.631343,1.249344,BRA,GRC,0149
28912,41,90,667,2002.0,0.0,1706.0,2.205507,0.831836,CHE,GRC,0149
28913,58,90,667,2002.0,0.0,212076.0,0.332088,0.50441,CYP,GRC,0149
28914,59,90,667,2002.0,2337.0,0.0,1.5835139999999999,0.9563010000000001,CZE,GRC,0149
28915,61,90,667,2002.0,4611900.0,145036.0,2.367856,-2.195331,DEU,GRC,0149
28916,64,90,667,2002.0,3944640.0,33733.0,1.344708,1.321135,DNK,GRC,0149
28917,71,90,667,2002.0,848654.0,48321.0,1.054108,1.9357349999999998,ESP,GRC,0149
28918,73,90,667,2002.0,0.0,3634.0,-1.289118,-1.0291540000000001,ETH,GRC,0149
28919,74,90,667,2002.0,0.0,4068.0,1.9545119999999998,1.047515,FIN,GRC,0149
28920,77,90,667,2002.0,2151404.0,17076.0,1.648526,0.6870430000000001,FRA,GRC,0149
28921,81,90,667,2002.0,316378.0,340240.0,2.067395,0.7934359999999999,GBR,GRC,0149
28922,100,90,667,2002.0,33033.0,0.0,0.603546,1.273001,HRV,GRC,0149
28923,102,90,667,2002.0,0.0,36298.0,1.232359,1.064425,HUN,GRC,0149
28924,106,90,667,2002.0,326362.0,0.0,1.7939310000000002,0.219254,IRL,GRC,0149
28925,110,90,667,2002.0,296836.0,0.0,1.257709,0.8318989999999999,ISR,GRC,0149
28926,111,90,667,2002.0,6571591.0,32571.0,1.3944219999999998,1.125362,ITA,GRC,0149
28927,140,90,667,2002.0,0.0,206419.0,-0.027727999999999996,0.41846400000000006,MKD,GRC,0149
28928,162,90,667,2002.0,6027854.0,1293049.0,1.175777,1.667472,NLD,GRC,0149
28929,163,90,667,2002.0,0.0,23975.0,0.689588,-0.007016,NOR,GRC,0149
28930,177,90,667,2002.0,24664.0,0.0,0.9449299999999999,1.655764,POL,GRC,0149
28931,185,90,667,2002.0,0.0,2231.0,0.549227,1.071998,ROU,GRC,0149
28932,208,90,667,2002.0,32803.0,91392.0,2.134,0.769413,SWE,GRC,0149
28933,224,90,667,2002.0,0.0,37363.0,0.12982,1.8032650000000001,TUR,GRC,0149
28934,231,90,667,2002.0,159440.0,0.0,1.853174,0.120986,USA,GRC,0149
28935,246,90,667,2002.0,0.0,2198.0,0.32760500000000004,2.497746,ZAF,GRC,0149
28936,248,90,667,2002.0,35859.0,0.0,-0.36033000000000004,0.452182,ZWE,GRC,0149
28937,250,90,667,2002.0,0.0,11267.0,0.5979300000000001,-0.497816,ANS,GRC,0149
28938,7,93,667,2002.0,3284.0,0.0,-0.288838,-0.640049,ARE,GTM,0149
28939,18,93,667,2002.0,3234.0,0.0,1.424339,1.372755,BEL,GTM,0149
28940,52,93,667,2002.0,0.0,1276283.0,0.083983,-0.096237,CRI,GTM,0149
28941,71,93,667,2002.0,15990.0,0.0,1.054108,1.9357349999999998,ESP,GTM,0149
28942,77,93,667,2002.0,6144.0,0.0,1.648526,0.6870430000000001,FRA,GTM,0149
28943,99,93,667,2002.0,0.0,1690134.0,-0.637891,-0.564421,HND,GTM,0149
28944,138,93,667,2002.0,673131.0,0.0,1.2677129999999999,0.599314,MEX,GTM,0149
28945,160,93,667,2002.0,0.0,146291.0,-0.634946,-0.37966,NIC,GTM,0149
28946,162,93,667,2002.0,11499.0,0.0,1.175777,1.667472,NLD,GTM,0149
28947,169,93,667,2002.0,598061.0,291864.0,0.085746,0.21839,PAN,GTM,0149
28948,197,93,667,2002.0,226476.0,650388.0,-0.258579,-0.096214,SLV,GTM,0149
28949,231,93,667,2002.0,4456947.0,23580.0,1.853174,0.120986,USA,GTM,0149
28950,8,96,667,2002.0,37913.0,0.0,0.045376,0.71768,ARG,GUY,0149
28951,32,96,667,2002.0,110755.0,0.0,0.631343,1.249344,BRA,GUY,0149
28952,33,96,667,2002.0,28453.0,0.0,0.547024,-0.004036,BRB,GUY,0149
28953,39,96,667,2002.0,4526.0,0.0,0.9672360000000001,1.389981,CAN,GUY,0149
28954,64,96,667,2002.0,69562.0,0.0,1.344708,1.321135,DNK,GUY,0149
28955,77,96,667,2002.0,71374.0,0.0,1.648526,0.6870430000000001,FRA,GUY,0149
28956,205,96,667,2002.0,4218.0,7387.0,-1.002898,-0.905595,SUR,GUY,0149
28957,222,96,667,2002.0,132512.0,0.0,-0.056315,-0.803537,TTO,GUY,0149
28958,231,96,667,2002.0,76332.0,0.0,1.853174,0.120986,USA,GUY,0149
28959,8,97,667,2002.0,5090299.0,0.0,0.045376,0.71768,ARG,HKG,0149
28960,14,97,667,2002.0,869280.0,3403.0,-0.052462,0.759617,AUS,HKG,0149
28961,18,97,667,2002.0,136638.0,0.0,1.424339,1.372755,BEL,HKG,0149
28962,22,97,667,2002.0,47604.0,0.0,-0.9509,-1.113308,BGD,HKG,0149
28963,32,97,667,2002.0,2951577.0,27867.0,0.631343,1.249344,BRA,HKG,0149
28964,34,97,667,2002.0,0.0,5403.0,-1.359507,-1.084339,BRN,HKG,0149
28965,39,97,667,2002.0,594598.0,24421.0,0.9672360000000001,1.389981,CAN,HKG,0149
28966,41,97,667,2002.0,15418.0,0.0,2.205507,0.831836,CHE,HKG,0149
28967,42,97,667,2002.0,78431.0,0.0,-0.079201,-0.11449200000000001,CHL,HKG,0149
28968,43,97,667,2002.0,71701792.0,2930490.0,0.6181220000000001,1.9636759999999998,CHN,HKG,0149
28969,61,97,667,2002.0,276691.0,0.0,2.367856,-2.195331,DEU,HKG,0149
28970,64,97,667,2002.0,1756030.0,0.0,1.344708,1.321135,DNK,HKG,0149
28971,71,97,667,2002.0,48338.0,0.0,1.054108,1.9357349999999998,ESP,HKG,0149
28972,74,97,667,2002.0,146349.0,0.0,1.9545119999999998,1.047515,FIN,HKG,0149
28973,77,97,667,2002.0,741476.0,0.0,1.648526,0.6870430000000001,FRA,HKG,0149
28974,79,97,667,2002.0,0.0,55378.0,-1.416799,-1.080317,FSM,HKG,0149
28975,81,97,667,2002.0,1261528.0,29690.0,2.067395,0.7934359999999999,GBR,HKG,0149
28976,102,97,667,2002.0,3897.0,0.0,1.232359,1.064425,HUN,HKG,0149
28977,103,97,667,2002.0,248308.0,0.0,0.098182,1.7305840000000001,IDN,HKG,0149
28978,104,97,667,2002.0,67363.0,0.0,0.32974000000000003,2.376477,IND,HKG,0149
28979,106,97,667,2002.0,993907.0,0.0,1.7939310000000002,0.219254,IRL,HKG,0149
28980,110,97,667,2002.0,37904.0,0.0,1.257709,0.8318989999999999,ISR,HKG,0149
28981,111,97,667,2002.0,150075.0,0.0,1.3944219999999998,1.125362,ITA,HKG,0149
28982,114,97,667,2002.0,1201811.0,74299.0,2.7747580000000003,0.43663199999999996,JPN,HKG,0149
28983,118,97,667,2002.0,0.0,4291.0,-0.8577629999999999,-1.071536,KHM,HKG,0149
28984,119,97,667,2002.0,0.0,1141.0,0.347526,-0.822594,KIR,HKG,0149
28985,121,97,667,2002.0,104857.0,0.0,1.4172719999999999,0.8763139999999999,KOR,HKG,0149
28986,128,97,667,2002.0,0.0,2196.0,-0.461765,-0.057614,LKA,HKG,0149
28987,133,97,667,2002.0,12320.0,1787112.0,0.005082,-0.328658,MAC,HKG,0149
28988,136,97,667,2002.0,0.0,2062.0,-1.109564,-0.642039,MDG,HKG,0149
28989,139,97,667,2002.0,0.0,6040.0,0.769126,-0.845166,MHL,HKG,0149
28990,151,97,667,2002.0,0.0,34883.0,-0.382062,-0.379224,MUS,HKG,0149
28991,153,97,667,2002.0,199144.0,224460.0,0.9987159999999999,0.26558200000000004,MYS,HKG,0149
28992,162,97,667,2002.0,116089.0,0.0,1.175777,1.667472,NLD,HKG,0149
28993,166,97,667,2002.0,26190.0,6426.0,0.370673,0.7853829999999999,NZL,HKG,0149
28994,174,97,667,2002.0,133349.0,1558622.0,0.29601,-0.232513,PHL,HKG,0149
28995,176,97,667,2002.0,0.0,12809.0,-1.430299,-1.172593,PNG,HKG,0149
28996,177,97,667,2002.0,21726.0,0.0,0.9449299999999999,1.655764,POL,HKG,0149
28997,192,97,667,2002.0,45963.0,140729.0,1.7077209999999998,0.683549,SGP,HKG,0149
28998,195,97,667,2002.0,0.0,1459.0,-0.890172,-0.948835,SLB,HKG,0149
28999,208,97,667,2002.0,21630.0,0.0,2.134,0.769413,SWE,HKG,0149
29000,216,97,667,2002.0,10124211.0,1549.0,0.513887,1.545967,THA,HKG,0149
29001,230,97,667,2002.0,5943.0,0.0,0.048498,0.118565,URY,HKG,0149
29002,231,97,667,2002.0,7126277.0,13872.0,1.853174,0.120986,USA,HKG,0149
29003,239,97,667,2002.0,148457.0,29325.0,-0.44170699999999996,0.544708,VNM,HKG,0149
29004,240,97,667,2002.0,0.0,7826.0,-1.110093,-1.015554,VUT,HKG,0149
29005,242,97,667,2002.0,0.0,26879.0,-0.09827000000000001,-0.540676,WSM,HKG,0149
29006,246,97,667,2002.0,0.0,4011.0,0.32760500000000004,2.497746,ZAF,HKG,0149
29007,249,97,667,2002.0,607627.0,137464.0,1.9084720000000002,1.253714,TWN,HKG,0149
29008,52,99,667,2002.0,840894.0,0.0,0.083983,-0.096237,CRI,HND,0149
29009,61,99,667,2002.0,8899.0,0.0,2.367856,-2.195331,DEU,HND,0149
29010,64,99,667,2002.0,3933.0,0.0,1.344708,1.321135,DNK,HND,0149
29011,71,99,667,2002.0,10606.0,0.0,1.054108,1.9357349999999998,ESP,HND,0149
29012,93,99,667,2002.0,1690134.0,0.0,-0.49913,-0.038079,GTM,HND,0149
29013,138,99,667,2002.0,0.0,20944.0,1.2677129999999999,0.599314,MEX,HND,0149
29014,169,99,667,2002.0,10192.0,0.0,0.085746,0.21839,PAN,HND,0149
29015,197,99,667,2002.0,25821.0,0.0,-0.258579,-0.096214,SLV,HND,0149
29016,231,99,667,2002.0,2255881.0,0.0,1.853174,0.120986,USA,HND,0149
29017,14,103,667,2002.0,291199.0,7906.0,-0.052462,0.759617,AUS,IDN,0149
29018,32,103,667,2002.0,45480.0,0.0,0.631343,1.249344,BRA,IDN,0149
29019,34,103,667,2002.0,0.0,1971.0,-1.359507,-1.084339,BRN,IDN,0149
29020,39,103,667,2002.0,5482.0,0.0,0.9672360000000001,1.389981,CAN,IDN,0149
29021,42,103,667,2002.0,4927.0,0.0,-0.079201,-0.11449200000000001,CHL,IDN,0149
29022,43,103,667,2002.0,3407275.0,0.0,0.6181220000000001,1.9636759999999998,CHN,IDN,0149
29023,45,103,667,2002.0,5561.0,0.0,-1.188713,-1.109944,CMR,IDN,0149
29024,61,103,667,2002.0,20426.0,0.0,2.367856,-2.195331,DEU,IDN,0149
29025,64,103,667,2002.0,16904.0,0.0,1.344708,1.321135,DNK,IDN,0149
29026,77,103,667,2002.0,223906.0,3087.0,1.648526,0.6870430000000001,FRA,IDN,0149
29027,97,103,667,2002.0,0.0,248308.0,0.704932,1.291658,HKG,IDN,0149
29028,111,103,667,2002.0,1069.0,27623.0,1.3944219999999998,1.125362,ITA,IDN,0149
29029,114,103,667,2002.0,35970.0,1364693.0,2.7747580000000003,0.43663199999999996,JPN,IDN,0149
29030,121,103,667,2002.0,5592.0,0.0,1.4172719999999999,0.8763139999999999,KOR,IDN,0149
29031,122,103,667,2002.0,0.0,1466.0,-0.794007,-1.192659,KWT,IDN,0149
29032,147,103,667,2002.0,0.0,11005.0,-1.337891,-1.187073,MOZ,IDN,0149
29033,153,103,667,2002.0,16558.0,0.0,0.9987159999999999,0.26558200000000004,MYS,IDN,0149
29034,162,103,667,2002.0,7259.0,1444.0,1.175777,1.667472,NLD,IDN,0149
29035,176,103,667,2002.0,0.0,33241.0,-1.430299,-1.172593,PNG,IDN,0149
29036,192,103,667,2002.0,22554.0,2006.0,1.7077209999999998,0.683549,SGP,IDN,0149
29037,216,103,667,2002.0,0.0,1502.0,0.513887,1.545967,THA,IDN,0149
29038,231,103,667,2002.0,216379.0,0.0,1.853174,0.120986,USA,IDN,0149
29039,249,103,667,2002.0,78746.0,0.0,1.9084720000000002,1.253714,TWN,IDN,0149
29040,5,106,667,2002.0,0.0,36454.0,1.3229389999999999,0.9635950000000001,AND,IRL,0149
29041,8,106,667,2002.0,160743.0,0.0,0.045376,0.71768,ARG,IRL,0149
29042,15,106,667,2002.0,0.0,198426.0,1.866997,0.400527,AUT,IRL,0149
29043,18,106,667,2002.0,5430954.0,2381922.0,1.424339,1.372755,BEL,IRL,0149
29044,24,106,667,2002.0,0.0,219343.0,-0.31754099999999996,-1.099381,BHR,IRL,0149
29045,26,106,667,2002.0,4254.0,0.0,0.223543,0.44595100000000004,BIH,IRL,0149
29046,30,106,667,2002.0,0.0,1137.0,0.934739,-0.465542,BMU,IRL,0149
29047,32,106,667,2002.0,1117022.0,0.0,0.631343,1.249344,BRA,IRL,0149
29048,58,106,667,2002.0,0.0,42446.0,0.332088,0.50441,CYP,IRL,0149
29049,61,106,667,2002.0,4949182.0,2780535.0,2.367856,-2.195331,DEU,IRL,0149
29050,64,106,667,2002.0,1159930.0,281448.0,1.344708,1.321135,DNK,IRL,0149
29051,71,106,667,2002.0,125898.0,1659606.0,1.054108,1.9357349999999998,ESP,IRL,0149
29052,74,106,667,2002.0,0.0,128313.0,1.9545119999999998,1.047515,FIN,IRL,0149
29053,77,106,667,2002.0,7155338.0,3026086.0,1.648526,0.6870430000000001,FRA,IRL,0149
29054,80,106,667,2002.0,126583.0,0.0,-1.34341,-1.238593,GAB,IRL,0149
29055,81,106,667,2002.0,94533520.0,263037728.0,2.067395,0.7934359999999999,GBR,IRL,0149
29056,84,106,667,2002.0,0.0,139125.0,0.404483,-0.313042,GIB,IRL,0149
29057,90,106,667,2002.0,0.0,326362.0,0.20355399999999998,1.4130200000000002,GRC,IRL,0149
29058,97,106,667,2002.0,0.0,993907.0,0.704932,1.291658,HKG,IRL,0149
29059,102,106,667,2002.0,39235.0,0.0,1.232359,1.064425,HUN,IRL,0149
29060,104,106,667,2002.0,0.0,13635.0,0.32974000000000003,2.376477,IND,IRL,0149
29061,111,106,667,2002.0,151219.0,581879.0,1.3944219999999998,1.125362,ITA,IRL,0149
29062,114,106,667,2002.0,0.0,34543.0,2.7747580000000003,0.43663199999999996,JPN,IRL,0149
29063,122,106,667,2002.0,0.0,62019.0,-0.794007,-1.192659,KWT,IRL,0149
29064,130,106,667,2002.0,50956.0,0.0,0.15796,0.855931,LTU,IRL,0149
29065,131,106,667,2002.0,8910.0,27988.0,1.396249,1.153017,LUX,IRL,0149
29066,142,106,667,2002.0,0.0,52893.0,0.901235,-0.140261,MLT,IRL,0149
29067,162,106,667,2002.0,15271805.0,1078736.0,1.175777,1.667472,NLD,IRL,0149
29068,166,106,667,2002.0,0.0,35468.0,0.370673,0.7853829999999999,NZL,IRL,0149
29069,177,106,667,2002.0,0.0,9377.0,0.9449299999999999,1.655764,POL,IRL,0149
29070,179,106,667,2002.0,0.0,347112.0,0.584956,1.377068,PRT,IRL,0149
29071,183,106,667,2002.0,0.0,16434.0,-0.002177,-1.042517,QAT,IRL,0149
29072,188,106,667,2002.0,0.0,16426.0,0.048764,-0.903125,SAU,IRL,0149
29073,196,106,667,2002.0,0.0,8168.0,0.29478899999999997,0.055865,SLE,IRL,0149
29074,207,106,667,2002.0,9225.0,0.0,1.469681,1.13303,SVN,IRL,0149
29075,208,106,667,2002.0,76434.0,3176670.0,2.134,0.769413,SWE,IRL,0149
29076,215,106,667,2002.0,0.0,69950.0,-0.688284,-0.5292789999999999,TGO,IRL,0149
29077,216,106,667,2002.0,4335008.0,0.0,0.513887,1.545967,THA,IRL,0149
29078,222,106,667,2002.0,0.0,22764.0,-0.056315,-0.803537,TTO,IRL,0149
29079,231,106,667,2002.0,0.0,432217.0,1.853174,0.120986,USA,IRL,0149
29080,250,106,667,2002.0,12363913.0,19942.0,0.5979300000000001,-0.497816,ANS,IRL,0149
29081,1,107,667,2002.0,0.0,7165.0,-0.11885899999999999,-0.346093,AFG,IRN,0149
29082,7,107,667,2002.0,12833.0,0.0,-0.288838,-0.640049,ARE,IRN,0149
29083,9,107,667,2002.0,0.0,34719.0,0.66447,-0.08317000000000001,ARM,IRN,0149
29084,15,107,667,2002.0,0.0,4257.0,1.866997,0.400527,AUT,IRN,0149
29085,24,107,667,2002.0,0.0,39310.0,-0.31754099999999996,-1.099381,BHR,IRN,0149
29086,61,107,667,2002.0,0.0,7110.0,2.367856,-2.195331,DEU,IRN,0149
29087,77,107,667,2002.0,1411.0,0.0,1.648526,0.6870430000000001,FRA,IRN,0149
29088,81,107,667,2002.0,0.0,2725.0,2.067395,0.7934359999999999,GBR,IRN,0149
29089,114,107,667,2002.0,0.0,3714.0,2.7747580000000003,0.43663199999999996,JPN,IRN,0149
29090,115,107,667,2002.0,0.0,1757.0,-0.100361,-0.502468,KAZ,IRN,0149
29091,117,107,667,2002.0,17012.0,0.0,-0.094898,0.235639,KGZ,IRN,0149
29092,138,107,667,2002.0,0.0,3445.0,1.2677129999999999,0.599314,MEX,IRN,0149
29093,186,107,667,2002.0,0.0,3562.0,0.6051449999999999,0.272307,RUS,IRN,0149
29094,8,110,667,2002.0,165788.0,0.0,0.045376,0.71768,ARG,ISR,0149
29095,14,110,667,2002.0,15937.0,0.0,-0.052462,0.759617,AUS,ISR,0149
29096,15,110,667,2002.0,0.0,309490.0,1.866997,0.400527,AUT,ISR,0149
29097,18,110,667,2002.0,15051.0,1610008.0,1.424339,1.372755,BEL,ISR,0149
29098,23,110,667,2002.0,2270.0,0.0,0.468058,1.644037,BGR,ISR,0149
29099,32,110,667,2002.0,371602.0,0.0,0.631343,1.249344,BRA,ISR,0149
29100,41,110,667,2002.0,0.0,1056321.0,2.205507,0.831836,CHE,ISR,0149
29101,58,110,667,2002.0,2983.0,18746.0,0.332088,0.50441,CYP,ISR,0149
29102,59,110,667,2002.0,8686.0,9461.0,1.5835139999999999,0.9563010000000001,CZE,ISR,0149
29103,61,110,667,2002.0,16770.0,1641875.0,2.367856,-2.195331,DEU,ISR,0149
29104,64,110,667,2002.0,5398.0,0.0,1.344708,1.321135,DNK,ISR,0149
29105,71,110,667,2002.0,0.0,2497.0,1.054108,1.9357349999999998,ESP,ISR,0149
29106,77,110,667,2002.0,34002.0,3659310.0,1.648526,0.6870430000000001,FRA,ISR,0149
29107,81,110,667,2002.0,7831.0,1624792.0,2.067395,0.7934359999999999,GBR,ISR,0149
29108,90,110,667,2002.0,0.0,296836.0,0.20355399999999998,1.4130200000000002,GRC,ISR,0149
29109,97,110,667,2002.0,0.0,37904.0,0.704932,1.291658,HKG,ISR,0149
29110,102,110,667,2002.0,35088.0,2975.0,1.232359,1.064425,HUN,ISR,0149
29111,111,110,667,2002.0,0.0,709506.0,1.3944219999999998,1.125362,ITA,ISR,0149
29112,162,110,667,2002.0,0.0,147371.0,1.175777,1.667472,NLD,ISR,0149
29113,163,110,667,2002.0,0.0,13296.0,0.689588,-0.007016,NOR,ISR,0149
29114,177,110,667,2002.0,203011.0,0.0,0.9449299999999999,1.655764,POL,ISR,0149
29115,185,110,667,2002.0,0.0,5632.0,0.549227,1.071998,ROU,ISR,0149
29116,186,110,667,2002.0,23605.0,9000.0,0.6051449999999999,0.272307,RUS,ISR,0149
29117,208,110,667,2002.0,0.0,1749257.0,2.134,0.769413,SWE,ISR,0149
29118,215,110,667,2002.0,0.0,15217.0,-0.688284,-0.5292789999999999,TGO,ISR,0149
29119,216,110,667,2002.0,0.0,107566.0,0.513887,1.545967,THA,ISR,0149
29120,230,110,667,2002.0,8054.0,0.0,0.048498,0.118565,URY,ISR,0149
29121,231,110,667,2002.0,119603.0,2566852.0,1.853174,0.120986,USA,ISR,0149
29122,246,110,667,2002.0,0.0,355396.0,0.32760500000000004,2.497746,ZAF,ISR,0149
29123,249,110,667,2002.0,0.0,1817.0,1.9084720000000002,1.253714,TWN,ISR,0149
29124,250,110,667,2002.0,0.0,479000.0,0.5979300000000001,-0.497816,ANS,ISR,0149
29125,2,111,667,2002.0,0.0,5767176.0,-1.8043639999999999,-1.250642,AGO,ITA,0149
29126,4,111,667,2002.0,0.0,664154.0,-0.05800399999999999,0.042254,ALB,ITA,0149
29127,5,111,667,2002.0,0.0,4216.0,1.3229389999999999,0.9635950000000001,AND,ITA,0149
29128,6,111,667,2002.0,0.0,33716.0,0.145946,-0.704052,ANT,ITA,0149
29129,7,111,667,2002.0,0.0,54257.0,-0.288838,-0.640049,ARE,ITA,0149
29130,8,111,667,2002.0,8081060.0,31106.0,0.045376,0.71768,ARG,ITA,0149
29131,9,111,667,2002.0,0.0,1887.0,0.66447,-0.08317000000000001,ARM,ITA,0149
29132,14,111,667,2002.0,0.0,12203.0,-0.052462,0.759617,AUS,ITA,0149
29133,15,111,667,2002.0,1042280.0,5589858.0,1.866997,0.400527,AUT,ITA,0149
29134,18,111,667,2002.0,4119568.0,3379630.0,1.424339,1.372755,BEL,ITA,0149
29135,19,111,667,2002.0,0.0,20512.0,-0.7683840000000001,-0.7984319999999999,BEN,ITA,0149
29136,23,111,667,2002.0,0.0,4264.0,0.468058,1.644037,BGR,ITA,0149
29137,26,111,667,2002.0,0.0,6400.0,0.223543,0.44595100000000004,BIH,ITA,0149
29138,30,111,667,2002.0,0.0,11146.0,0.934739,-0.465542,BMU,ITA,0149
29139,32,111,667,2002.0,13572569.0,59339.0,0.631343,1.249344,BRA,ITA,0149
29140,39,111,667,2002.0,0.0,179045.0,0.9672360000000001,1.389981,CAN,ITA,0149
29141,41,111,667,2002.0,4093.0,1616370.0,2.205507,0.831836,CHE,ITA,0149
29142,42,111,667,2002.0,1520552.0,29936.0,-0.079201,-0.11449200000000001,CHL,ITA,0149
29143,43,111,667,2002.0,0.0,7707.0,0.6181220000000001,1.9636759999999998,CHN,ITA,0149
29144,44,111,667,2002.0,0.0,11425.0,-0.803739,-0.752218,CIV,ITA,0149
29145,45,111,667,2002.0,0.0,35560.0,-1.188713,-1.109944,CMR,ITA,0149
29146,46,111,667,2002.0,0.0,615136.0,-1.218664,-1.1406120000000002,COD,ITA,0149
29147,47,111,667,2002.0,0.0,218162.0,-1.468836,-1.250484,COG,ITA,0149
29148,49,111,667,2002.0,0.0,32791.0,0.219861,0.45238999999999996,COL,ITA,0149
29149,51,111,667,2002.0,0.0,22969.0,-0.315184,-0.660522,CPV,ITA,0149
29150,52,111,667,2002.0,0.0,3892.0,0.083983,-0.096237,CRI,ITA,0149
29151,54,111,667,2002.0,0.0,39116.0,-0.896759,-1.079825,CUB,ITA,0149
29152,58,111,667,2002.0,0.0,77695.0,0.332088,0.50441,CYP,ITA,0149
29153,59,111,667,2002.0,0.0,135012.0,1.5835139999999999,0.9563010000000001,CZE,ITA,0149
29154,61,111,667,2002.0,11818493.0,16089752.0,2.367856,-2.195331,DEU,ITA,0149
29155,64,111,667,2002.0,4493186.0,687694.0,1.344708,1.321135,DNK,ITA,0149
29156,66,111,667,2002.0,0.0,13254.0,-0.9281389999999999,-1.19549,DZA,ITA,0149
29157,67,111,667,2002.0,0.0,23294.0,-0.973858,-0.8924979999999999,ECU,ITA,0149
29158,69,111,667,2002.0,0.0,4557.0,1.019399,0.23989899999999997,ERI,ITA,0149
29159,71,111,667,2002.0,17534434.0,3747501.0,1.054108,1.9357349999999998,ESP,ITA,0149
29160,73,111,667,2002.0,0.0,24275.0,-1.289118,-1.0291540000000001,ETH,ITA,0149
29161,74,111,667,2002.0,0.0,41793.0,1.9545119999999998,1.047515,FIN,ITA,0149
29162,77,111,667,2002.0,12370321.0,21756676.0,1.648526,0.6870430000000001,FRA,ITA,0149
29163,78,111,667,2002.0,0.0,3717.0,-0.33811399999999997,-0.8092050000000001,FRO,ITA,0149
29164,80,111,667,2002.0,0.0,7218.0,-1.34341,-1.238593,GAB,ITA,0149
29165,81,111,667,2002.0,900776.0,8909770.0,2.067395,0.7934359999999999,GBR,ITA,0149
29166,82,111,667,2002.0,0.0,12294.0,0.23526999999999998,-0.156333,GEO,ITA,0149
29167,83,111,667,2002.0,0.0,10845.0,-1.258567,-1.048266,GHA,ITA,0149
29168,84,111,667,2002.0,0.0,1772.0,0.404483,-0.313042,GIB,ITA,0149
29169,85,111,667,2002.0,0.0,51697.0,-1.684157,-1.256743,GIN,ITA,0149
29170,87,111,667,2002.0,0.0,97971.0,0.266536,0.20776,GMB,ITA,0149
29171,90,111,667,2002.0,32571.0,6571591.0,0.20355399999999998,1.4130200000000002,GRC,ITA,0149
29172,97,111,667,2002.0,0.0,150075.0,0.704932,1.291658,HKG,ITA,0149
29173,100,111,667,2002.0,0.0,312698.0,0.603546,1.273001,HRV,ITA,0149
29174,102,111,667,2002.0,543379.0,64836.0,1.232359,1.064425,HUN,ITA,0149
29175,103,111,667,2002.0,27623.0,1069.0,0.098182,1.7305840000000001,IDN,ITA,0149
29176,104,111,667,2002.0,0.0,15407.0,0.32974000000000003,2.376477,IND,ITA,0149
29177,106,111,667,2002.0,581879.0,151219.0,1.7939310000000002,0.219254,IRL,ITA,0149
29178,109,111,667,2002.0,0.0,10364.0,0.17011700000000002,-0.33925500000000003,ISL,ITA,0149
29179,110,111,667,2002.0,709506.0,0.0,1.257709,0.8318989999999999,ISR,ITA,0149
29180,113,111,667,2002.0,0.0,31355.0,0.34023000000000003,0.264754,JOR,ITA,0149
29181,114,111,667,2002.0,0.0,744650.0,2.7747580000000003,0.43663199999999996,JPN,ITA,0149
29182,115,111,667,2002.0,0.0,9215.0,-0.100361,-0.502468,KAZ,ITA,0149
29183,116,111,667,2002.0,0.0,35395.0,-0.59055,0.000731,KEN,ITA,0149
29184,121,111,667,2002.0,0.0,14789.0,1.4172719999999999,0.8763139999999999,KOR,ITA,0149
29185,124,111,667,2002.0,0.0,337056.0,0.220906,1.470297,LBN,ITA,0149
29186,125,111,667,2002.0,0.0,58343.0,-0.683036,-1.158808,LBR,ITA,0149
29187,128,111,667,2002.0,1408.0,0.0,-0.461765,-0.057614,LKA,ITA,0149
29188,131,111,667,2002.0,358314.0,541466.0,1.396249,1.153017,LUX,ITA,0149
29189,133,111,667,2002.0,0.0,16750.0,0.005082,-0.328658,MAC,ITA,0149
29190,140,111,667,2002.0,0.0,7445.0,-0.027727999999999996,0.41846400000000006,MKD,ITA,0149
29191,142,111,667,2002.0,0.0,1921966.0,0.901235,-0.140261,MLT,ITA,0149
29192,151,111,667,2002.0,0.0,2915.0,-0.382062,-0.379224,MUS,ITA,0149
29193,153,111,667,2002.0,0.0,23974.0,0.9987159999999999,0.26558200000000004,MYS,ITA,0149
29194,154,111,667,2002.0,0.0,6818.0,0.752173,-0.5639,MYT,ITA,0149
29195,156,111,667,2002.0,0.0,18350.0,-0.7477739999999999,-1.006248,NCL,ITA,0149
29196,159,111,667,2002.0,0.0,154166.0,-1.705991,-1.292926,NGA,ITA,0149
29197,162,111,667,2002.0,12452609.0,254671.0,1.175777,1.667472,NLD,ITA,0149
29198,163,111,667,2002.0,0.0,109670.0,0.689588,-0.007016,NOR,ITA,0149
29199,166,111,667,2002.0,0.0,14787.0,0.370673,0.7853829999999999,NZL,ITA,0149
29200,168,111,667,2002.0,0.0,1006.0,-0.7574069999999999,-0.403427,PAK,ITA,0149
29201,173,111,667,2002.0,0.0,64502.0,-0.456603,0.030838,PER,ITA,0149
29202,174,111,667,2002.0,5190.0,0.0,0.29601,-0.232513,PHL,ITA,0149
29203,177,111,667,2002.0,4272837.0,60687.0,0.9449299999999999,1.655764,POL,ITA,0149
29204,179,111,667,2002.0,1709.0,118507.0,0.584956,1.377068,PRT,ITA,0149
29205,185,111,667,2002.0,280329.0,14028.0,0.549227,1.071998,ROU,ITA,0149
29206,186,111,667,2002.0,0.0,159248.0,0.6051449999999999,0.272307,RUS,ITA,0149
29207,189,111,667,2002.0,0.0,309482.0,0.523459,2.58657,SCG,ITA,0149
29208,191,111,667,2002.0,0.0,15111.0,-0.5424939999999999,-0.554531,SEN,ITA,0149
29209,196,111,667,2002.0,0.0,101734.0,0.29478899999999997,0.055865,SLE,ITA,0149
29210,207,111,667,2002.0,260739.0,106942.0,1.469681,1.13303,SVN,ITA,0149
29211,208,111,667,2002.0,164693.0,1342612.0,2.134,0.769413,SWE,ITA,0149
29212,211,111,667,2002.0,0.0,1146.0,-0.8837229999999999,-0.975607,SYC,ITA,0149
29213,215,111,667,2002.0,0.0,303449.0,-0.688284,-0.5292789999999999,TGO,ITA,0149
29214,216,111,667,2002.0,0.0,94251.0,0.513887,1.545967,THA,ITA,0149
29215,223,111,667,2002.0,0.0,50550.0,0.059876,0.369032,TUN,ITA,0149
29216,224,111,667,2002.0,4788.0,70055.0,0.12982,1.8032650000000001,TUR,ITA,0149
29217,226,111,667,2002.0,0.0,9517.0,-1.234127,-0.421158,TZA,ITA,0149
29218,230,111,667,2002.0,1452284.0,9296.0,0.048498,0.118565,URY,ITA,0149
29219,231,111,667,2002.0,406697.0,1224934.0,1.853174,0.120986,USA,ITA,0149
29220,232,111,667,2002.0,0.0,253347.0,-0.583861,-0.758266,UZB,ITA,0149
29221,233,111,667,2002.0,0.0,3217.0,1.0090620000000001,-0.47225100000000003,VAT,ITA,0149
29222,234,111,667,2002.0,0.0,1001.0,-0.268813,-0.67072,VCT,ITA,0149
29223,236,111,667,2002.0,0.0,112871.0,-0.008877,-0.753486,VEN,ITA,0149
29224,246,111,667,2002.0,0.0,48476.0,0.32760500000000004,2.497746,ZAF,ITA,0149
29225,250,111,667,2002.0,0.0,472060.0,0.5979300000000001,-0.497816,ANS,ITA,0149
29226,8,112,667,2002.0,945567.0,0.0,0.045376,0.71768,ARG,JAM,0149
29227,13,112,667,2002.0,0.0,11405.0,0.23995500000000003,-0.754877,ATG,JAM,0149
29228,29,112,667,2002.0,21366.0,0.0,-0.553335,-0.753058,BLZ,JAM,0149
29229,30,112,667,2002.0,0.0,12728.0,0.934739,-0.465542,BMU,JAM,0149
29230,32,112,667,2002.0,3764135.0,0.0,0.631343,1.249344,BRA,JAM,0149
29231,33,112,667,2002.0,61394.0,0.0,0.547024,-0.004036,BRB,JAM,0149
29232,39,112,667,2002.0,75976.0,0.0,0.9672360000000001,1.389981,CAN,JAM,0149
29233,57,112,667,2002.0,0.0,23803.0,0.570589,-0.692583,CYM,JAM,0149
29234,63,112,667,2002.0,0.0,3939.0,0.212137,-0.112873,DMA,JAM,0149
29235,77,112,667,2002.0,423476.0,1060.0,1.648526,0.6870430000000001,FRA,JAM,0149
29236,127,112,667,2002.0,0.0,5648.0,0.261861,-0.36480999999999997,LCA,JAM,0149
29237,213,112,667,2002.0,0.0,12698.0,0.849978,0.260833,TCA,JAM,0149
29238,222,112,667,2002.0,8627.0,15912.0,-0.056315,-0.803537,TTO,JAM,0149
29239,230,112,667,2002.0,10922.0,0.0,0.048498,0.118565,URY,JAM,0149
29240,231,112,667,2002.0,671080.0,0.0,1.853174,0.120986,USA,JAM,0149
29241,234,112,667,2002.0,0.0,6962.0,-0.268813,-0.67072,VCT,JAM,0149
29242,237,112,667,2002.0,0.0,8747.0,0.6891930000000001,-0.27620500000000003,VGB,JAM,0149
29243,8,114,667,2002.0,447521.0,0.0,0.045376,0.71768,ARG,JPN,0149
29244,14,114,667,2002.0,7006660.0,53230.0,-0.052462,0.759617,AUS,JPN,0149
29245,15,114,667,2002.0,151622.0,0.0,1.866997,0.400527,AUT,JPN,0149
29246,18,114,667,2002.0,45060.0,0.0,1.424339,1.372755,BEL,JPN,0149
29247,24,114,667,2002.0,0.0,5440.0,-0.31754099999999996,-1.099381,BHR,JPN,0149
29248,32,114,667,2002.0,1933457.0,0.0,0.631343,1.249344,BRA,JPN,0149
29249,39,114,667,2002.0,16053761.0,0.0,0.9672360000000001,1.389981,CAN,JPN,0149
29250,41,114,667,2002.0,162384.0,0.0,2.205507,0.831836,CHE,JPN,0149
29251,42,114,667,2002.0,62362.0,0.0,-0.079201,-0.11449200000000001,CHL,JPN,0149
29252,43,114,667,2002.0,499165216.0,270940.0,0.6181220000000001,1.9636759999999998,CHN,JPN,0149
29253,61,114,667,2002.0,173187.0,2395.0,2.367856,-2.195331,DEU,JPN,0149
29254,64,114,667,2002.0,10444030.0,4403.0,1.344708,1.321135,DNK,JPN,0149
29255,71,114,667,2002.0,3996.0,0.0,1.054108,1.9357349999999998,ESP,JPN,0149
29256,77,114,667,2002.0,3225250.0,0.0,1.648526,0.6870430000000001,FRA,JPN,0149
29257,81,114,667,2002.0,3707.0,0.0,2.067395,0.7934359999999999,GBR,JPN,0149
29258,97,114,667,2002.0,74299.0,1201811.0,0.704932,1.291658,HKG,JPN,0149
29259,102,114,667,2002.0,23397.0,0.0,1.232359,1.064425,HUN,JPN,0149
29260,103,114,667,2002.0,1364693.0,35970.0,0.098182,1.7305840000000001,IDN,JPN,0149
29261,104,114,667,2002.0,0.0,2736.0,0.32974000000000003,2.376477,IND,JPN,0149
29262,106,114,667,2002.0,34543.0,0.0,1.7939310000000002,0.219254,IRL,JPN,0149
29263,107,114,667,2002.0,3714.0,0.0,-0.665259,-0.840274,IRN,JPN,0149
29264,111,114,667,2002.0,744650.0,0.0,1.3944219999999998,1.125362,ITA,JPN,0149
29265,121,114,667,2002.0,1572238.0,43979.0,1.4172719999999999,0.8763139999999999,KOR,JPN,0149
29266,133,114,667,2002.0,0.0,1739.0,0.005082,-0.328658,MAC,JPN,0149
29267,138,114,667,2002.0,740249.0,0.0,1.2677129999999999,0.599314,MEX,JPN,0149
29268,145,114,667,2002.0,10135.0,0.0,-0.711096,-0.9835799999999999,MNG,JPN,0149
29269,153,114,667,2002.0,406479.0,49946.0,0.9987159999999999,0.26558200000000004,MYS,JPN,0149
29270,162,114,667,2002.0,1277640.0,0.0,1.175777,1.667472,NLD,JPN,0149
29271,163,114,667,2002.0,4017.0,0.0,0.689588,-0.007016,NOR,JPN,0149
29272,166,114,667,2002.0,5768482.0,0.0,0.370673,0.7853829999999999,NZL,JPN,0149
29273,168,114,667,2002.0,14386.0,0.0,-0.7574069999999999,-0.403427,PAK,JPN,0149
29274,173,114,667,2002.0,0.0,2087.0,-0.456603,0.030838,PER,JPN,0149
29275,174,114,667,2002.0,9982.0,8422.0,0.29601,-0.232513,PHL,JPN,0149
29276,177,114,667,2002.0,2624810.0,0.0,0.9449299999999999,1.655764,POL,JPN,0149
29277,178,114,667,2002.0,0.0,4630.0,0.629678,1.0153780000000001,PRK,JPN,0149
29278,192,114,667,2002.0,0.0,10899.0,1.7077209999999998,0.683549,SGP,JPN,0149
29279,216,114,667,2002.0,212037264.0,54610.0,0.513887,1.545967,THA,JPN,0149
29280,231,114,667,2002.0,43144800.0,133248.0,1.853174,0.120986,USA,JPN,0149
29281,234,114,667,2002.0,0.0,12697.0,-0.268813,-0.67072,VCT,JPN,0149
29282,239,114,667,2002.0,26702.0,15213.0,-0.44170699999999996,0.544708,VNM,JPN,0149
29283,246,114,667,2002.0,0.0,2174.0,0.32760500000000004,2.497746,ZAF,JPN,0149
29284,249,114,667,2002.0,10685099.0,50784.0,1.9084720000000002,1.253714,TWN,JPN,0149
29285,14,121,667,2002.0,82659.0,22134.0,-0.052462,0.759617,AUS,KOR,0149
29286,32,121,667,2002.0,460341.0,0.0,0.631343,1.249344,BRA,KOR,0149
29287,39,121,667,2002.0,31995.0,0.0,0.9672360000000001,1.389981,CAN,KOR,0149
29288,43,121,667,2002.0,7270398.0,29624.0,0.6181220000000001,1.9636759999999998,CHN,KOR,0149
29289,47,121,667,2002.0,0.0,138598.0,-1.468836,-1.250484,COG,KOR,0149
29290,64,121,667,2002.0,3493719.0,0.0,1.344708,1.321135,DNK,KOR,0149
29291,77,121,667,2002.0,208872.0,0.0,1.648526,0.6870430000000001,FRA,KOR,0149
29292,81,121,667,2002.0,3834.0,0.0,2.067395,0.7934359999999999,GBR,KOR,0149
29293,97,121,667,2002.0,0.0,104857.0,0.704932,1.291658,HKG,KOR,0149
29294,103,121,667,2002.0,0.0,5592.0,0.098182,1.7305840000000001,IDN,KOR,0149
29295,111,121,667,2002.0,14789.0,0.0,1.3944219999999998,1.125362,ITA,KOR,0149
29296,114,121,667,2002.0,43979.0,1572238.0,2.7747580000000003,0.43663199999999996,JPN,KOR,0149
29297,117,121,667,2002.0,2150.0,0.0,-0.094898,0.235639,KGZ,KOR,0149
29298,128,121,667,2002.0,0.0,1340.0,-0.461765,-0.057614,LKA,KOR,0149
29299,145,121,667,2002.0,27111.0,0.0,-0.711096,-0.9835799999999999,MNG,KOR,0149
29300,162,121,667,2002.0,171855.0,0.0,1.175777,1.667472,NLD,KOR,0149
29301,166,121,667,2002.0,1193892.0,1776.0,0.370673,0.7853829999999999,NZL,KOR,0149
29302,167,121,667,2002.0,0.0,1592.0,-1.307058,-1.270916,OMN,KOR,0149
29303,174,121,667,2002.0,9132.0,370265.0,0.29601,-0.232513,PHL,KOR,0149
29304,186,121,667,2002.0,0.0,5088190.0,0.6051449999999999,0.272307,RUS,KOR,0149
29305,188,121,667,2002.0,25664.0,0.0,0.048764,-0.903125,SAU,KOR,0149
29306,192,121,667,2002.0,519686.0,4992.0,1.7077209999999998,0.683549,SGP,KOR,0149
29307,216,121,667,2002.0,6176966.0,71731.0,0.513887,1.545967,THA,KOR,0149
29308,231,121,667,2002.0,5050852.0,12732.0,1.853174,0.120986,USA,KOR,0149
29309,239,121,667,2002.0,2081.0,194848.0,-0.44170699999999996,0.544708,VNM,KOR,0149
29310,249,121,667,2002.0,0.0,105209.0,1.9084720000000002,1.253714,TWN,KOR,0149
29311,7,128,667,2002.0,0.0,42673.0,-0.288838,-0.640049,ARE,LKA,0149
29312,14,128,667,2002.0,59972.0,0.0,-0.052462,0.759617,AUS,LKA,0149
29313,22,128,667,2002.0,0.0,1369.0,-0.9509,-1.113308,BGD,LKA,0149
29314,24,128,667,2002.0,0.0,2756.0,-0.31754099999999996,-1.099381,BHR,LKA,0149
29315,43,128,667,2002.0,4968.0,0.0,0.6181220000000001,1.9636759999999998,CHN,LKA,0149
29316,64,128,667,2002.0,43058.0,0.0,1.344708,1.321135,DNK,LKA,0149
29317,77,128,667,2002.0,53953.0,0.0,1.648526,0.6870430000000001,FRA,LKA,0149
29318,97,128,667,2002.0,2196.0,0.0,0.704932,1.291658,HKG,LKA,0149
29319,104,128,667,2002.0,0.0,39031.0,0.32974000000000003,2.376477,IND,LKA,0149
29320,111,128,667,2002.0,0.0,1408.0,1.3944219999999998,1.125362,ITA,LKA,0149
29321,121,128,667,2002.0,1340.0,0.0,1.4172719999999999,0.8763139999999999,KOR,LKA,0149
29322,137,128,667,2002.0,0.0,50945.0,-1.0471700000000002,-0.976184,MDV,LKA,0149
29323,153,128,667,2002.0,71299.0,0.0,0.9987159999999999,0.26558200000000004,MYS,LKA,0149
29324,192,128,667,2002.0,33698.0,0.0,1.7077209999999998,0.683549,SGP,LKA,0149
29325,216,128,667,2002.0,8455.0,0.0,0.513887,1.545967,THA,LKA,0149
29326,231,128,667,2002.0,4134.0,1073.0,1.853174,0.120986,USA,LKA,0149
29327,29,138,667,2002.0,0.0,33000.0,-0.553335,-0.753058,BLZ,MEX,0149
29328,31,138,667,2002.0,0.0,2784.0,-0.785592,-0.6761119999999999,BOL,MEX,0149
29329,39,138,667,2002.0,342316.0,0.0,0.9672360000000001,1.389981,CAN,MEX,0149
29330,42,138,667,2002.0,1822806.0,0.0,-0.079201,-0.11449200000000001,CHL,MEX,0149
29331,49,138,667,2002.0,1038.0,70026.0,0.219861,0.45238999999999996,COL,MEX,0149
29332,52,138,667,2002.0,94323.0,205786.0,0.083983,-0.096237,CRI,MEX,0149
29333,54,138,667,2002.0,0.0,184951.0,-0.896759,-1.079825,CUB,MEX,0149
29334,61,138,667,2002.0,48930.0,0.0,2.367856,-2.195331,DEU,MEX,0149
29335,64,138,667,2002.0,748900.0,0.0,1.344708,1.321135,DNK,MEX,0149
29336,67,138,667,2002.0,0.0,1218.0,-0.973858,-0.8924979999999999,ECU,MEX,0149
29337,71,138,667,2002.0,365479.0,0.0,1.054108,1.9357349999999998,ESP,MEX,0149
29338,77,138,667,2002.0,364506.0,0.0,1.648526,0.6870430000000001,FRA,MEX,0149
29339,93,138,667,2002.0,0.0,673131.0,-0.49913,-0.038079,GTM,MEX,0149
29340,99,138,667,2002.0,20944.0,0.0,-0.637891,-0.564421,HND,MEX,0149
29341,104,138,667,2002.0,1510.0,0.0,0.32974000000000003,2.376477,IND,MEX,0149
29342,107,138,667,2002.0,3445.0,0.0,-0.665259,-0.840274,IRN,MEX,0149
29343,114,138,667,2002.0,0.0,740249.0,2.7747580000000003,0.43663199999999996,JPN,MEX,0149
29344,160,138,667,2002.0,152262.0,1696.0,-0.634946,-0.37966,NIC,MEX,0149
29345,169,138,667,2002.0,0.0,27666.0,0.085746,0.21839,PAN,MEX,0149
29346,174,138,667,2002.0,3441.0,0.0,0.29601,-0.232513,PHL,MEX,0149
29347,197,138,667,2002.0,0.0,2397.0,-0.258579,-0.096214,SLV,MEX,0149
29348,216,138,667,2002.0,42445.0,0.0,0.513887,1.545967,THA,MEX,0149
29349,230,138,667,2002.0,36610.0,0.0,0.048498,0.118565,URY,MEX,0149
29350,231,138,667,2002.0,30431688.0,11042657.0,1.853174,0.120986,USA,MEX,0149
29351,236,138,667,2002.0,0.0,1813361.0,-0.008877,-0.753486,VEN,MEX,0149
29352,250,138,667,2002.0,0.0,13406.0,0.5979300000000001,-0.497816,ANS,MEX,0149
29353,8,142,667,2002.0,451218.0,0.0,0.045376,0.71768,ARG,MLT,0149
29354,18,142,667,2002.0,11753.0,0.0,1.424339,1.372755,BEL,MLT,0149
29355,23,142,667,2002.0,1915.0,0.0,0.468058,1.644037,BGR,MLT,0149
29356,32,142,667,2002.0,1158992.0,2394.0,0.631343,1.249344,BRA,MLT,0149
29357,43,142,667,2002.0,118293.0,0.0,0.6181220000000001,1.9636759999999998,CHN,MLT,0149
29358,58,142,667,2002.0,0.0,8704.0,0.332088,0.50441,CYP,MLT,0149
29359,61,142,667,2002.0,106895.0,0.0,2.367856,-2.195331,DEU,MLT,0149
29360,64,142,667,2002.0,1349029.0,17730.0,1.344708,1.321135,DNK,MLT,0149
29361,71,142,667,2002.0,33586.0,0.0,1.054108,1.9357349999999998,ESP,MLT,0149
29362,72,142,667,2002.0,21971.0,0.0,0.576142,1.168563,EST,MLT,0149
29363,77,142,667,2002.0,1110100.0,0.0,1.648526,0.6870430000000001,FRA,MLT,0149
29364,81,142,667,2002.0,416954.0,0.0,2.067395,0.7934359999999999,GBR,MLT,0149
29365,102,142,667,2002.0,9891.0,0.0,1.232359,1.064425,HUN,MLT,0149
29366,106,142,667,2002.0,52893.0,0.0,1.7939310000000002,0.219254,IRL,MLT,0149
29367,111,142,667,2002.0,1921966.0,0.0,1.3944219999999998,1.125362,ITA,MLT,0149
29368,132,142,667,2002.0,4693.0,0.0,0.41409799999999997,0.6281680000000001,LVA,MLT,0149
29369,162,142,667,2002.0,176617.0,0.0,1.175777,1.667472,NLD,MLT,0149
29370,206,142,667,2002.0,1932.0,0.0,1.269549,1.184774,SVK,MLT,0149
29371,231,142,667,2002.0,8165.0,0.0,1.853174,0.120986,USA,MLT,0149
29372,7,153,667,2002.0,0.0,240885.0,-0.288838,-0.640049,ARE,MYS,0149
29373,14,153,667,2002.0,97794.0,1296.0,-0.052462,0.759617,AUS,MYS,0149
29374,24,153,667,2002.0,0.0,342571.0,-0.31754099999999996,-1.099381,BHR,MYS,0149
29375,34,153,667,2002.0,0.0,1870387.0,-1.359507,-1.084339,BRN,MYS,0149
29376,43,153,667,2002.0,12555140.0,2041650.0,0.6181220000000001,1.9636759999999998,CHN,MYS,0149
29377,61,153,667,2002.0,19571.0,0.0,2.367856,-2.195331,DEU,MYS,0149
29378,64,153,667,2002.0,270452.0,0.0,1.344708,1.321135,DNK,MYS,0149
29379,77,153,667,2002.0,38371.0,3685.0,1.648526,0.6870430000000001,FRA,MYS,0149
29380,81,153,667,2002.0,2879.0,1788.0,2.067395,0.7934359999999999,GBR,MYS,0149
29381,97,153,667,2002.0,224460.0,199144.0,0.704932,1.291658,HKG,MYS,0149
29382,103,153,667,2002.0,0.0,16558.0,0.098182,1.7305840000000001,IDN,MYS,0149
29383,104,153,667,2002.0,264701.0,0.0,0.32974000000000003,2.376477,IND,MYS,0149
29384,111,153,667,2002.0,23974.0,0.0,1.3944219999999998,1.125362,ITA,MYS,0149
29385,114,153,667,2002.0,49946.0,406479.0,2.7747580000000003,0.43663199999999996,JPN,MYS,0149
29386,118,153,667,2002.0,0.0,2298.0,-0.8577629999999999,-1.071536,KHM,MYS,0149
29387,122,153,667,2002.0,0.0,1140788.0,-0.794007,-1.192659,KWT,MYS,0149
29388,128,153,667,2002.0,0.0,71299.0,-0.461765,-0.057614,LKA,MYS,0149
29389,162,153,667,2002.0,0.0,220359.0,1.175777,1.667472,NLD,MYS,0149
29390,166,153,667,2002.0,0.0,1958.0,0.370673,0.7853829999999999,NZL,MYS,0149
29391,174,153,667,2002.0,0.0,182625.0,0.29601,-0.232513,PHL,MYS,0149
29392,176,153,667,2002.0,0.0,1107.0,-1.430299,-1.172593,PNG,MYS,0149
29393,183,153,667,2002.0,0.0,207361.0,-0.002177,-1.042517,QAT,MYS,0149
29394,188,153,667,2002.0,52044.0,1748873.0,0.048764,-0.903125,SAU,MYS,0149
29395,192,153,667,2002.0,790457.0,8966054.0,1.7077209999999998,0.683549,SGP,MYS,0149
29396,216,153,667,2002.0,8327.0,0.0,0.513887,1.545967,THA,MYS,0149
29397,231,153,667,2002.0,371824.0,28508.0,1.853174,0.120986,USA,MYS,0149
29398,249,153,667,2002.0,4372.0,12120.0,1.9084720000000002,1.253714,TWN,MYS,0149
29399,250,153,667,2002.0,362958.0,0.0,0.5979300000000001,-0.497816,ANS,MYS,0149
29400,52,160,667,2002.0,394217.0,0.0,0.083983,-0.096237,CRI,NIC,0149
29401,71,160,667,2002.0,4722.0,0.0,1.054108,1.9357349999999998,ESP,NIC,0149
29402,81,160,667,2002.0,2978.0,0.0,2.067395,0.7934359999999999,GBR,NIC,0149
29403,93,160,667,2002.0,146291.0,0.0,-0.49913,-0.038079,GTM,NIC,0149
29404,138,160,667,2002.0,1696.0,152262.0,1.2677129999999999,0.599314,MEX,NIC,0149
29405,169,160,667,2002.0,93709.0,80731.0,0.085746,0.21839,PAN,NIC,0149
29406,231,160,667,2002.0,231074.0,0.0,1.853174,0.120986,USA,NIC,0149
29407,0,162,667,2002.0,0.0,942505.0,0.27076100000000003,-0.858951,ABW,NLD,0149
29408,1,162,667,2002.0,0.0,3781.0,-0.11885899999999999,-0.346093,AFG,NLD,0149
29409,2,162,667,2002.0,0.0,586223.0,-1.8043639999999999,-1.250642,AGO,NLD,0149
29410,4,162,667,2002.0,0.0,19647.0,-0.05800399999999999,0.042254,ALB,NLD,0149
29411,5,162,667,2002.0,0.0,6187.0,1.3229389999999999,0.9635950000000001,AND,NLD,0149
29412,6,162,667,2002.0,0.0,850368.0,0.145946,-0.704052,ANT,NLD,0149
29413,7,162,667,2002.0,0.0,1404301.0,-0.288838,-0.640049,ARE,NLD,0149
29414,8,162,667,2002.0,12282686.0,0.0,0.045376,0.71768,ARG,NLD,0149
29415,14,162,667,2002.0,0.0,3407908.0,-0.052462,0.759617,AUS,NLD,0149
29416,15,162,667,2002.0,340486.0,990022.0,1.866997,0.400527,AUT,NLD,0149
29417,16,162,667,2002.0,0.0,4650.0,-0.566735,-1.003158,AZE,NLD,0149
29418,18,162,667,2002.0,154036032.0,31468406.0,1.424339,1.372755,BEL,NLD,0149
29419,21,162,667,2002.0,0.0,17787.0,-0.5542590000000001,-0.5946060000000001,BFA,NLD,0149
29420,23,162,667,2002.0,0.0,2565.0,0.468058,1.644037,BGR,NLD,0149
29421,24,162,667,2002.0,0.0,78386.0,-0.31754099999999996,-1.099381,BHR,NLD,0149
29422,26,162,667,2002.0,0.0,69106.0,0.223543,0.44595100000000004,BIH,NLD,0149
29423,29,162,667,2002.0,0.0,12303.0,-0.553335,-0.753058,BLZ,NLD,0149
29424,32,162,667,2002.0,37459860.0,174721.0,0.631343,1.249344,BRA,NLD,0149
29425,34,162,667,2002.0,0.0,2444.0,-1.359507,-1.084339,BRN,NLD,0149
29426,39,162,667,2002.0,143457.0,96010.0,0.9672360000000001,1.389981,CAN,NLD,0149
29427,41,162,667,2002.0,11957.0,862483.0,2.205507,0.831836,CHE,NLD,0149
29428,42,162,667,2002.0,151763.0,0.0,-0.079201,-0.11449200000000001,CHL,NLD,0149
29429,43,162,667,2002.0,1001808.0,6130.0,0.6181220000000001,1.9636759999999998,CHN,NLD,0149
29430,44,162,667,2002.0,0.0,16699.0,-0.803739,-0.752218,CIV,NLD,0149
29431,45,162,667,2002.0,0.0,79501.0,-1.188713,-1.109944,CMR,NLD,0149
29432,47,162,667,2002.0,0.0,70976.0,-1.468836,-1.250484,COG,NLD,0149
29433,49,162,667,2002.0,0.0,1379.0,0.219861,0.45238999999999996,COL,NLD,0149
29434,51,162,667,2002.0,0.0,179672.0,-0.315184,-0.660522,CPV,NLD,0149
29435,52,162,667,2002.0,0.0,2396.0,0.083983,-0.096237,CRI,NLD,0149
29436,54,162,667,2002.0,0.0,323517.0,-0.896759,-1.079825,CUB,NLD,0149
29437,58,162,667,2002.0,0.0,1321120.0,0.332088,0.50441,CYP,NLD,0149
29438,59,162,667,2002.0,0.0,212704.0,1.5835139999999999,0.9563010000000001,CZE,NLD,0149
29439,61,162,667,2002.0,59022324.0,83498976.0,2.367856,-2.195331,DEU,NLD,0149
29440,63,162,667,2002.0,0.0,1544.0,0.212137,-0.112873,DMA,NLD,0149
29441,64,162,667,2002.0,3050030.0,3706480.0,1.344708,1.321135,DNK,NLD,0149
29442,66,162,667,2002.0,0.0,1406.0,-0.9281389999999999,-1.19549,DZA,NLD,0149
29443,68,162,667,2002.0,0.0,255246.0,-0.37218,0.634319,EGY,NLD,0149
29444,69,162,667,2002.0,0.0,2848.0,1.019399,0.23989899999999997,ERI,NLD,0149
29445,71,162,667,2002.0,974178.0,9089138.0,1.054108,1.9357349999999998,ESP,NLD,0149
29446,74,162,667,2002.0,1260883.0,294037.0,1.9545119999999998,1.047515,FIN,NLD,0149
29447,77,162,667,2002.0,22447700.0,14520781.0,1.648526,0.6870430000000001,FRA,NLD,0149
29448,78,162,667,2002.0,0.0,3453.0,-0.33811399999999997,-0.8092050000000001,FRO,NLD,0149
29449,80,162,667,2002.0,0.0,225937.0,-1.34341,-1.238593,GAB,NLD,0149
29450,81,162,667,2002.0,3220931.0,110335128.0,2.067395,0.7934359999999999,GBR,NLD,0149
29451,83,162,667,2002.0,0.0,43410.0,-1.258567,-1.048266,GHA,NLD,0149
29452,84,162,667,2002.0,0.0,20802.0,0.404483,-0.313042,GIB,NLD,0149
29453,85,162,667,2002.0,0.0,472280.0,-1.684157,-1.256743,GIN,NLD,0149
29454,87,162,667,2002.0,0.0,380648.0,0.266536,0.20776,GMB,NLD,0149
29455,89,162,667,2002.0,0.0,166567.0,-1.8647490000000002,-0.96145,GNQ,NLD,0149
29456,90,162,667,2002.0,1293049.0,6027854.0,0.20355399999999998,1.4130200000000002,GRC,NLD,0149
29457,93,162,667,2002.0,0.0,11499.0,-0.49913,-0.038079,GTM,NLD,0149
29458,97,162,667,2002.0,0.0,116089.0,0.704932,1.291658,HKG,NLD,0149
29459,100,162,667,2002.0,0.0,62252.0,0.603546,1.273001,HRV,NLD,0149
29460,102,162,667,2002.0,5334080.0,168540.0,1.232359,1.064425,HUN,NLD,0149
29461,103,162,667,2002.0,1444.0,7259.0,0.098182,1.7305840000000001,IDN,NLD,0149
29462,104,162,667,2002.0,0.0,173097.0,0.32974000000000003,2.376477,IND,NLD,0149
29463,106,162,667,2002.0,1078736.0,15271805.0,1.7939310000000002,0.219254,IRL,NLD,0149
29464,109,162,667,2002.0,0.0,3480.0,0.17011700000000002,-0.33925500000000003,ISL,NLD,0149
29465,110,162,667,2002.0,147371.0,0.0,1.257709,0.8318989999999999,ISR,NLD,0149
29466,111,162,667,2002.0,254671.0,12452609.0,1.3944219999999998,1.125362,ITA,NLD,0149
29467,113,162,667,2002.0,0.0,253372.0,0.34023000000000003,0.264754,JOR,NLD,0149
29468,114,162,667,2002.0,0.0,1277640.0,2.7747580000000003,0.43663199999999996,JPN,NLD,0149
29469,115,162,667,2002.0,0.0,7259.0,-0.100361,-0.502468,KAZ,NLD,0149
29470,116,162,667,2002.0,0.0,3105.0,-0.59055,0.000731,KEN,NLD,0149
29471,121,162,667,2002.0,0.0,171855.0,1.4172719999999999,0.8763139999999999,KOR,NLD,0149
29472,122,162,667,2002.0,0.0,132440.0,-0.794007,-1.192659,KWT,NLD,0149
29473,124,162,667,2002.0,0.0,6862428.0,0.220906,1.470297,LBN,NLD,0149
29474,125,162,667,2002.0,0.0,19915.0,-0.683036,-1.158808,LBR,NLD,0149
29475,127,162,667,2002.0,0.0,14931.0,0.261861,-0.36480999999999997,LCA,NLD,0149
29476,130,162,667,2002.0,0.0,2470.0,0.15796,0.855931,LTU,NLD,0149
29477,131,162,667,2002.0,49757.0,764296.0,1.396249,1.153017,LUX,NLD,0149
29478,132,162,667,2002.0,0.0,1953.0,0.41409799999999997,0.6281680000000001,LVA,NLD,0149
29479,135,162,667,2002.0,0.0,6795.0,-0.017383000000000003,0.109124,MDA,NLD,0149
29480,136,162,667,2002.0,0.0,5701.0,-1.109564,-0.642039,MDG,NLD,0149
29481,137,162,667,2002.0,0.0,6498.0,-1.0471700000000002,-0.976184,MDV,NLD,0149
29482,140,162,667,2002.0,0.0,29204.0,-0.027727999999999996,0.41846400000000006,MKD,NLD,0149
29483,141,162,667,2002.0,0.0,60473.0,-0.786698,-0.682438,MLI,NLD,0149
29484,142,162,667,2002.0,0.0,176617.0,0.901235,-0.140261,MLT,NLD,0149
29485,147,162,667,2002.0,0.0,4080.0,-1.337891,-1.187073,MOZ,NLD,0149
29486,151,162,667,2002.0,0.0,15391.0,-0.382062,-0.379224,MUS,NLD,0149
29487,153,162,667,2002.0,220359.0,0.0,0.9987159999999999,0.26558200000000004,MYS,NLD,0149
29488,156,162,667,2002.0,0.0,304946.0,-0.7477739999999999,-1.006248,NCL,NLD,0149
29489,157,162,667,2002.0,0.0,12437.0,-0.562837,-0.333649,NER,NLD,0149
29490,159,162,667,2002.0,0.0,47851.0,-1.705991,-1.292926,NGA,NLD,0149
29491,163,162,667,2002.0,89810.0,77588.0,0.689588,-0.007016,NOR,NLD,0149
29492,166,162,667,2002.0,0.0,20565.0,0.370673,0.7853829999999999,NZL,NLD,0149
29493,167,162,667,2002.0,0.0,1509.0,-1.307058,-1.270916,OMN,NLD,0149
29494,169,162,667,2002.0,0.0,333494.0,0.085746,0.21839,PAN,NLD,0149
29495,174,162,667,2002.0,0.0,23038.0,0.29601,-0.232513,PHL,NLD,0149
29496,176,162,667,2002.0,0.0,246788.0,-1.430299,-1.172593,PNG,NLD,0149
29497,177,162,667,2002.0,894345.0,21551.0,0.9449299999999999,1.655764,POL,NLD,0149
29498,179,162,667,2002.0,9118.0,434266.0,0.584956,1.377068,PRT,NLD,0149
29499,182,162,667,2002.0,0.0,157062.0,-0.363179,-0.8967450000000001,PYF,NLD,0149
29500,183,162,667,2002.0,0.0,36929.0,-0.002177,-1.042517,QAT,NLD,0149
29501,185,162,667,2002.0,2919078.0,440023.0,0.549227,1.071998,ROU,NLD,0149
29502,186,162,667,2002.0,0.0,727651.0,0.6051449999999999,0.272307,RUS,NLD,0149
29503,188,162,667,2002.0,8089.0,338494.0,0.048764,-0.903125,SAU,NLD,0149
29504,189,162,667,2002.0,0.0,12232.0,0.523459,2.58657,SCG,NLD,0149
29505,191,162,667,2002.0,0.0,118258.0,-0.5424939999999999,-0.554531,SEN,NLD,0149
29506,192,162,667,2002.0,0.0,27178.0,1.7077209999999998,0.683549,SGP,NLD,0149
29507,196,162,667,2002.0,0.0,902337.0,0.29478899999999997,0.055865,SLE,NLD,0149
29508,200,162,667,2002.0,0.0,122596.0,-0.791918,-0.965751,SPM,NLD,0149
29509,203,162,667,2002.0,0.0,28202.0,0.767305,-0.0836,STP,NLD,0149
29510,205,162,667,2002.0,0.0,138370.0,-1.002898,-0.905595,SUR,NLD,0149
29511,206,162,667,2002.0,247994.0,5618.0,1.269549,1.184774,SVK,NLD,0149
29512,207,162,667,2002.0,0.0,5443.0,1.469681,1.13303,SVN,NLD,0149
29513,208,162,667,2002.0,1144293.0,6020179.0,2.134,0.769413,SWE,NLD,0149
29514,215,162,667,2002.0,0.0,86021.0,-0.688284,-0.5292789999999999,TGO,NLD,0149
29515,216,162,667,2002.0,41490532.0,0.0,0.513887,1.545967,THA,NLD,0149
29516,219,162,667,2002.0,0.0,23660.0,-0.9178629999999999,-1.202212,TKM,NLD,0149
29517,220,162,667,2002.0,0.0,7764.0,0.5889810000000001,-0.43221400000000004,TLS,NLD,0149
29518,224,162,667,2002.0,0.0,696450.0,0.12982,1.8032650000000001,TUR,NLD,0149
29519,226,162,667,2002.0,1947.0,0.0,-1.234127,-0.421158,TZA,NLD,0149
29520,230,162,667,2002.0,36743.0,0.0,0.048498,0.118565,URY,NLD,0149
29521,231,162,667,2002.0,222938.0,18461636.0,1.853174,0.120986,USA,NLD,0149
29522,234,162,667,2002.0,0.0,8656.0,-0.268813,-0.67072,VCT,NLD,0149
29523,236,162,667,2002.0,0.0,28739.0,-0.008877,-0.753486,VEN,NLD,0149
29524,241,162,667,2002.0,0.0,73017.0,0.712441,-0.668211,WLF,NLD,0149
29525,243,162,667,2002.0,0.0,64291.0,-1.447637,-1.289748,YEM,NLD,0149
29526,246,162,667,2002.0,0.0,5447.0,0.32760500000000004,2.497746,ZAF,NLD,0149
29527,249,162,667,2002.0,0.0,43050.0,1.9084720000000002,1.253714,TWN,NLD,0149
29528,250,162,667,2002.0,0.0,376218.0,0.5979300000000001,-0.497816,ANS,NLD,0149
29529,0,163,667,2002.0,0.0,27734.0,0.27076100000000003,-0.858951,ABW,NOR,0149
29530,14,163,667,2002.0,0.0,57026.0,-0.052462,0.759617,AUS,NOR,0149
29531,18,163,667,2002.0,0.0,4069.0,1.424339,1.372755,BEL,NOR,0149
29532,32,163,667,2002.0,78249.0,0.0,0.631343,1.249344,BRA,NOR,0149
29533,37,163,667,2002.0,31023.0,0.0,-0.164526,-1.04616,BWA,NOR,0149
29534,58,163,667,2002.0,0.0,58855.0,0.332088,0.50441,CYP,NOR,0149
29535,61,163,667,2002.0,54107.0,13765.0,2.367856,-2.195331,DEU,NOR,0149
29536,64,163,667,2002.0,2515599.0,480980.0,1.344708,1.321135,DNK,NOR,0149
29537,71,163,667,2002.0,51609.0,125534.0,1.054108,1.9357349999999998,ESP,NOR,0149
29538,72,163,667,2002.0,3632.0,0.0,0.576142,1.168563,EST,NOR,0149
29539,74,163,667,2002.0,0.0,13170.0,1.9545119999999998,1.047515,FIN,NOR,0149
29540,77,163,667,2002.0,132825.0,0.0,1.648526,0.6870430000000001,FRA,NOR,0149
29541,78,163,667,2002.0,0.0,9672.0,-0.33811399999999997,-0.8092050000000001,FRO,NOR,0149
29542,90,163,667,2002.0,23975.0,0.0,0.20355399999999998,1.4130200000000002,GRC,NOR,0149
29543,100,163,667,2002.0,5542.0,0.0,0.603546,1.273001,HRV,NOR,0149
29544,102,163,667,2002.0,0.0,43969.0,1.232359,1.064425,HUN,NOR,0149
29545,109,163,667,2002.0,2698.0,0.0,0.17011700000000002,-0.33925500000000003,ISL,NOR,0149
29546,110,163,667,2002.0,13296.0,0.0,1.257709,0.8318989999999999,ISR,NOR,0149
29547,111,163,667,2002.0,109670.0,0.0,1.3944219999999998,1.125362,ITA,NOR,0149
29548,114,163,667,2002.0,0.0,4017.0,2.7747580000000003,0.43663199999999996,JPN,NOR,0149
29549,162,163,667,2002.0,77588.0,89810.0,1.175777,1.667472,NLD,NOR,0149
29550,166,163,667,2002.0,0.0,1276.0,0.370673,0.7853829999999999,NZL,NOR,0149
29551,186,163,667,2002.0,0.0,3218.0,0.6051449999999999,0.272307,RUS,NOR,0149
29552,192,163,667,2002.0,0.0,22090.0,1.7077209999999998,0.683549,SGP,NOR,0149
29553,208,163,667,2002.0,471308.0,313933.0,2.134,0.769413,SWE,NOR,0149
29554,216,163,667,2002.0,3723.0,0.0,0.513887,1.545967,THA,NOR,0149
29555,231,163,667,2002.0,1710.0,0.0,1.853174,0.120986,USA,NOR,0149
29556,1,166,667,2002.0,0.0,387690.0,-0.11885899999999999,-0.346093,AFG,NZL,0149
29557,7,166,667,2002.0,0.0,58468.0,-0.288838,-0.640049,ARE,NZL,0149
29558,10,166,667,2002.0,0.0,1368821.0,1.002446,0.17447200000000002,ASM,NZL,0149
29559,14,166,667,2002.0,8566982.0,5272558.0,-0.052462,0.759617,AUS,NZL,0149
29560,15,166,667,2002.0,0.0,4517.0,1.866997,0.400527,AUT,NZL,0149
29561,32,166,667,2002.0,124672.0,0.0,0.631343,1.249344,BRA,NZL,0149
29562,39,166,667,2002.0,10045.0,845038.0,0.9672360000000001,1.389981,CAN,NZL,0149
29563,43,166,667,2002.0,188525.0,0.0,0.6181220000000001,1.9636759999999998,CHN,NZL,0149
29564,48,166,667,2002.0,0.0,845210.0,0.595648,-0.301939,COK,NZL,0149
29565,61,166,667,2002.0,8763.0,23393.0,2.367856,-2.195331,DEU,NZL,0149
29566,64,166,667,2002.0,15905.0,22026.0,1.344708,1.321135,DNK,NZL,0149
29567,71,166,667,2002.0,2698.0,1800.0,1.054108,1.9357349999999998,ESP,NZL,0149
29568,74,166,667,2002.0,0.0,944825.0,1.9545119999999998,1.047515,FIN,NZL,0149
29569,75,166,667,2002.0,406345.0,341291.0,-0.788026,-0.432015,FJI,NZL,0149
29570,77,166,667,2002.0,34483.0,4427.0,1.648526,0.6870430000000001,FRA,NZL,0149
29571,78,166,667,2002.0,0.0,1834.0,-0.33811399999999997,-0.8092050000000001,FRO,NZL,0149
29572,79,166,667,2002.0,0.0,6704.0,-1.416799,-1.080317,FSM,NZL,0149
29573,81,166,667,2002.0,1413.0,0.0,2.067395,0.7934359999999999,GBR,NZL,0149
29574,95,166,667,2002.0,0.0,120501.0,-0.5440229999999999,-0.929201,GUM,NZL,0149
29575,97,166,667,2002.0,6426.0,26190.0,0.704932,1.291658,HKG,NZL,0149
29576,100,166,667,2002.0,6414.0,0.0,0.603546,1.273001,HRV,NZL,0149
29577,106,166,667,2002.0,35468.0,0.0,1.7939310000000002,0.219254,IRL,NZL,0149
29578,111,166,667,2002.0,14787.0,0.0,1.3944219999999998,1.125362,ITA,NZL,0149
29579,113,166,667,2002.0,0.0,162767.0,0.34023000000000003,0.264754,JOR,NZL,0149
29580,114,166,667,2002.0,0.0,5768482.0,2.7747580000000003,0.43663199999999996,JPN,NZL,0149
29581,119,166,667,2002.0,0.0,139266.0,0.347526,-0.822594,KIR,NZL,0149
29582,121,166,667,2002.0,1776.0,1193892.0,1.4172719999999999,0.8763139999999999,KOR,NZL,0149
29583,122,166,667,2002.0,0.0,8111.0,-0.794007,-1.192659,KWT,NZL,0149
29584,124,166,667,2002.0,0.0,329421.0,0.220906,1.470297,LBN,NZL,0149
29585,130,166,667,2002.0,0.0,1099.0,0.15796,0.855931,LTU,NZL,0149
29586,139,166,667,2002.0,0.0,13549.0,0.769126,-0.845166,MHL,NZL,0149
29587,140,166,667,2002.0,0.0,58336.0,-0.027727999999999996,0.41846400000000006,MKD,NZL,0149
29588,146,166,667,2002.0,0.0,60957.0,0.128484,-0.6369090000000001,MNP,NZL,0149
29589,151,166,667,2002.0,0.0,111078.0,-0.382062,-0.379224,MUS,NZL,0149
29590,153,166,667,2002.0,1958.0,0.0,0.9987159999999999,0.26558200000000004,MYS,NZL,0149
29591,155,166,667,2002.0,0.0,31606.0,-0.137725,-0.361452,NAM,NZL,0149
29592,156,166,667,2002.0,0.0,333916.0,-0.7477739999999999,-1.006248,NCL,NZL,0149
29593,158,166,667,2002.0,0.0,4795.0,1.214393,-0.442896,NFK,NZL,0149
29594,161,166,667,2002.0,0.0,83742.0,0.891747,-0.5216930000000001,NIU,NZL,0149
29595,162,166,667,2002.0,20565.0,0.0,1.175777,1.667472,NLD,NZL,0149
29596,163,166,667,2002.0,1276.0,0.0,0.689588,-0.007016,NOR,NZL,0149
29597,168,166,667,2002.0,0.0,147773.0,-0.7574069999999999,-0.403427,PAK,NZL,0149
29598,174,166,667,2002.0,0.0,2111055.0,0.29601,-0.232513,PHL,NZL,0149
29599,176,166,667,2002.0,0.0,4821.0,-1.430299,-1.172593,PNG,NZL,0149
29600,181,166,667,2002.0,0.0,221536.0,0.6237199999999999,-0.007998,PSE,NZL,0149
29601,182,166,667,2002.0,0.0,627455.0,-0.363179,-0.8967450000000001,PYF,NZL,0149
29602,183,166,667,2002.0,0.0,2407.0,-0.002177,-1.042517,QAT,NZL,0149
29603,188,166,667,2002.0,0.0,143857.0,0.048764,-0.903125,SAU,NZL,0149
29604,192,166,667,2002.0,0.0,797179.0,1.7077209999999998,0.683549,SGP,NZL,0149
29605,197,166,667,2002.0,0.0,1897.0,-0.258579,-0.096214,SLV,NZL,0149
29606,206,166,667,2002.0,0.0,4909.0,1.269549,1.184774,SVK,NZL,0149
29607,221,166,667,2002.0,0.0,861628.0,-0.772079,-1.0016479999999999,TON,NZL,0149
29608,225,166,667,2002.0,0.0,2300.0,0.01488,0.187673,TUV,NZL,0149
29609,231,166,667,2002.0,878024.0,5066296.0,1.853174,0.120986,USA,NZL,0149
29610,240,166,667,2002.0,0.0,1436.0,-1.110093,-1.015554,VUT,NZL,0149
29611,241,166,667,2002.0,0.0,36363.0,0.712441,-0.668211,WLF,NZL,0149
29612,242,166,667,2002.0,0.0,365685.0,-0.09827000000000001,-0.540676,WSM,NZL,0149
29613,249,166,667,2002.0,17606.0,193459.0,1.9084720000000002,1.253714,TWN,NZL,0149
29614,250,166,667,2002.0,83433.0,0.0,0.5979300000000001,-0.497816,ANS,NZL,0149
29615,6,169,667,2002.0,0.0,1975.0,0.145946,-0.704052,ANT,PAN,0149
29616,18,169,667,2002.0,11354.0,0.0,1.424339,1.372755,BEL,PAN,0149
29617,32,169,667,2002.0,115190.0,0.0,0.631343,1.249344,BRA,PAN,0149
29618,39,169,667,2002.0,18669.0,0.0,0.9672360000000001,1.389981,CAN,PAN,0149
29619,43,169,667,2002.0,1476.0,0.0,0.6181220000000001,1.9636759999999998,CHN,PAN,0149
29620,49,169,667,2002.0,116735.0,204550.0,0.219861,0.45238999999999996,COL,PAN,0149
29621,52,169,667,2002.0,152431.0,14902.0,0.083983,-0.096237,CRI,PAN,0149
29622,64,169,667,2002.0,3805269.0,0.0,1.344708,1.321135,DNK,PAN,0149
29623,71,169,667,2002.0,78431.0,0.0,1.054108,1.9357349999999998,ESP,PAN,0149
29624,72,169,667,2002.0,3634.0,0.0,0.576142,1.168563,EST,PAN,0149
29625,77,169,667,2002.0,13521.0,0.0,1.648526,0.6870430000000001,FRA,PAN,0149
29626,81,169,667,2002.0,0.0,24353.0,2.067395,0.7934359999999999,GBR,PAN,0149
29627,91,169,667,2002.0,0.0,15031.0,0.822523,0.032938999999999996,GRD,PAN,0149
29628,93,169,667,2002.0,291864.0,598061.0,-0.49913,-0.038079,GTM,PAN,0149
29629,99,169,667,2002.0,0.0,10192.0,-0.637891,-0.564421,HND,PAN,0149
29630,124,169,667,2002.0,5881.0,0.0,0.220906,1.470297,LBN,PAN,0149
29631,138,169,667,2002.0,27666.0,0.0,1.2677129999999999,0.599314,MEX,PAN,0149
29632,160,169,667,2002.0,80731.0,93709.0,-0.634946,-0.37966,NIC,PAN,0149
29633,162,169,667,2002.0,333494.0,0.0,1.175777,1.667472,NLD,PAN,0149
29634,197,169,667,2002.0,0.0,1831.0,-0.258579,-0.096214,SLV,PAN,0149
29635,222,169,667,2002.0,0.0,20527.0,-0.056315,-0.803537,TTO,PAN,0149
29636,231,169,667,2002.0,2101487.0,0.0,1.853174,0.120986,USA,PAN,0149
29637,250,169,667,2002.0,38281.0,0.0,0.5979300000000001,-0.497816,ANS,PAN,0149
29638,8,173,667,2002.0,1336101.0,0.0,0.045376,0.71768,ARG,PER,0149
29639,31,173,667,2002.0,225368.0,249435.0,-0.785592,-0.6761119999999999,BOL,PER,0149
29640,42,173,667,2002.0,356025.0,0.0,-0.079201,-0.11449200000000001,CHL,PER,0149
29641,43,173,667,2002.0,17295.0,0.0,0.6181220000000001,1.9636759999999998,CHN,PER,0149
29642,61,173,667,2002.0,5245.0,0.0,2.367856,-2.195331,DEU,PER,0149
29643,64,173,667,2002.0,91115.0,0.0,1.344708,1.321135,DNK,PER,0149
29644,67,173,667,2002.0,0.0,216514.0,-0.973858,-0.8924979999999999,ECU,PER,0149
29645,71,173,667,2002.0,25792.0,0.0,1.054108,1.9357349999999998,ESP,PER,0149
29646,77,173,667,2002.0,10222.0,0.0,1.648526,0.6870430000000001,FRA,PER,0149
29647,111,173,667,2002.0,64502.0,0.0,1.3944219999999998,1.125362,ITA,PER,0149
29648,114,173,667,2002.0,2087.0,0.0,2.7747580000000003,0.43663199999999996,JPN,PER,0149
29649,230,173,667,2002.0,14204.0,0.0,0.048498,0.118565,URY,PER,0149
29650,231,173,667,2002.0,214087.0,18729.0,1.853174,0.120986,USA,PER,0149
29651,7,174,667,2002.0,0.0,84265.0,-0.288838,-0.640049,ARE,PHL,0149
29652,14,174,667,2002.0,388728.0,8537.0,-0.052462,0.759617,AUS,PHL,0149
29653,24,174,667,2002.0,0.0,64040.0,-0.31754099999999996,-1.099381,BHR,PHL,0149
29654,32,174,667,2002.0,1214003.0,0.0,0.631343,1.249344,BRA,PHL,0149
29655,34,174,667,2002.0,0.0,19220.0,-1.359507,-1.084339,BRN,PHL,0149
29656,39,174,667,2002.0,112372.0,2662.0,0.9672360000000001,1.389981,CAN,PHL,0149
29657,41,174,667,2002.0,17306.0,0.0,2.205507,0.831836,CHE,PHL,0149
29658,43,174,667,2002.0,12223474.0,0.0,0.6181220000000001,1.9636759999999998,CHN,PHL,0149
29659,61,174,667,2002.0,77652.0,0.0,2.367856,-2.195331,DEU,PHL,0149
29660,64,174,667,2002.0,1607786.0,0.0,1.344708,1.321135,DNK,PHL,0149
29661,77,174,667,2002.0,28321.0,0.0,1.648526,0.6870430000000001,FRA,PHL,0149
29662,79,174,667,2002.0,0.0,11772.0,-1.416799,-1.080317,FSM,PHL,0149
29663,81,174,667,2002.0,3845.0,24175.0,2.067395,0.7934359999999999,GBR,PHL,0149
29664,95,174,667,2002.0,0.0,6873.0,-0.5440229999999999,-0.929201,GUM,PHL,0149
29665,97,174,667,2002.0,1558622.0,133349.0,0.704932,1.291658,HKG,PHL,0149
29666,104,174,667,2002.0,83180.0,0.0,0.32974000000000003,2.376477,IND,PHL,0149
29667,111,174,667,2002.0,0.0,5190.0,1.3944219999999998,1.125362,ITA,PHL,0149
29668,114,174,667,2002.0,8422.0,9982.0,2.7747580000000003,0.43663199999999996,JPN,PHL,0149
29669,121,174,667,2002.0,370265.0,9132.0,1.4172719999999999,0.8763139999999999,KOR,PHL,0149
29670,122,174,667,2002.0,0.0,11730.0,-0.794007,-1.192659,KWT,PHL,0149
29671,138,174,667,2002.0,0.0,3441.0,1.2677129999999999,0.599314,MEX,PHL,0149
29672,153,174,667,2002.0,182625.0,0.0,0.9987159999999999,0.26558200000000004,MYS,PHL,0149
29673,162,174,667,2002.0,23038.0,0.0,1.175777,1.667472,NLD,PHL,0149
29674,166,174,667,2002.0,2111055.0,0.0,0.370673,0.7853829999999999,NZL,PHL,0149
29675,167,174,667,2002.0,0.0,3867.0,-1.307058,-1.270916,OMN,PHL,0149
29676,175,174,667,2002.0,0.0,7775.0,-0.8780950000000001,-1.033134,PLW,PHL,0149
29677,183,174,667,2002.0,0.0,15280.0,-0.002177,-1.042517,QAT,PHL,0149
29678,188,174,667,2002.0,0.0,112801.0,0.048764,-0.903125,SAU,PHL,0149
29679,192,174,667,2002.0,140008.0,54497.0,1.7077209999999998,0.683549,SGP,PHL,0149
29680,216,174,667,2002.0,416989.0,0.0,0.513887,1.545967,THA,PHL,0149
29681,229,174,667,2002.0,0.0,3033.0,0.613889,-0.1748,UMI,PHL,0149
29682,231,174,667,2002.0,4692918.0,111309.0,1.853174,0.120986,USA,PHL,0149
29683,239,174,667,2002.0,0.0,1721.0,-0.44170699999999996,0.544708,VNM,PHL,0149
29684,249,174,667,2002.0,364821.0,37447.0,1.9084720000000002,1.253714,TWN,PHL,0149
29685,250,174,667,2002.0,188461.0,1680.0,0.5979300000000001,-0.497816,ANS,PHL,0149
29686,2,179,667,2002.0,0.0,2313482.0,-1.8043639999999999,-1.250642,AGO,PRT,0149
29687,5,179,667,2002.0,0.0,1377.0,1.3229389999999999,0.9635950000000001,AND,PRT,0149
29688,6,179,667,2002.0,0.0,9272.0,0.145946,-0.704052,ANT,PRT,0149
29689,8,179,667,2002.0,27791.0,0.0,0.045376,0.71768,ARG,PRT,0149
29690,18,179,667,2002.0,620938.0,66308.0,1.424339,1.372755,BEL,PRT,0149
29691,41,179,667,2002.0,1154.0,16301.0,2.205507,0.831836,CHE,PRT,0149
29692,51,179,667,2002.0,0.0,236031.0,-0.315184,-0.660522,CPV,PRT,0149
29693,61,179,667,2002.0,3893326.0,44275.0,2.367856,-2.195331,DEU,PRT,0149
29694,64,179,667,2002.0,1452484.0,9453.0,1.344708,1.321135,DNK,PRT,0149
29695,71,179,667,2002.0,17186186.0,552869.0,1.054108,1.9357349999999998,ESP,PRT,0149
29696,74,179,667,2002.0,0.0,16541.0,1.9545119999999998,1.047515,FIN,PRT,0149
29697,77,179,667,2002.0,6722766.0,338923.0,1.648526,0.6870430000000001,FRA,PRT,0149
29698,81,179,667,2002.0,285880.0,184582.0,2.067395,0.7934359999999999,GBR,PRT,0149
29699,106,179,667,2002.0,347112.0,0.0,1.7939310000000002,0.219254,IRL,PRT,0149
29700,111,179,667,2002.0,118507.0,1709.0,1.3944219999999998,1.125362,ITA,PRT,0149
29701,131,179,667,2002.0,0.0,188599.0,1.396249,1.153017,LUX,PRT,0149
29702,133,179,667,2002.0,0.0,18020.0,0.005082,-0.328658,MAC,PRT,0149
29703,147,179,667,2002.0,0.0,11197.0,-1.337891,-1.187073,MOZ,PRT,0149
29704,155,179,667,2002.0,0.0,5115.0,-0.137725,-0.361452,NAM,PRT,0149
29705,162,179,667,2002.0,434266.0,9118.0,1.175777,1.667472,NLD,PRT,0149
29706,203,179,667,2002.0,0.0,9606.0,0.767305,-0.0836,STP,PRT,0149
29707,208,179,667,2002.0,32712.0,0.0,2.134,0.769413,SWE,PRT,0149
29708,231,179,667,2002.0,9030.0,0.0,1.853174,0.120986,USA,PRT,0149
29709,247,179,667,2002.0,0.0,10581.0,-0.840258,-0.639474,ZMB,PRT,0149
29710,250,179,667,2002.0,0.0,18267.0,0.5979300000000001,-0.497816,ANS,PRT,0149
29711,8,180,667,2002.0,260317.0,0.0,0.045376,0.71768,ARG,PRY,0149
29712,32,180,667,2002.0,399595.0,0.0,0.631343,1.249344,BRA,PRY,0149
29713,61,180,667,2002.0,0.0,2491.0,2.367856,-2.195331,DEU,PRY,0149
29714,222,180,667,2002.0,0.0,17738.0,-0.056315,-0.803537,TTO,PRY,0149
29715,231,180,667,2002.0,3371.0,0.0,1.853174,0.120986,USA,PRY,0149
29716,43,190,667,2002.0,21038.0,0.0,0.6181220000000001,1.9636759999999998,CHN,SDN,0149
29717,113,190,667,2002.0,2718.0,0.0,0.34023000000000003,0.264754,JOR,SDN,0149
29718,14,192,667,2002.0,700744.0,16993.0,-0.052462,0.759617,AUS,SGP,0149
29719,18,192,667,2002.0,176874.0,0.0,1.424339,1.372755,BEL,SGP,0149
29720,22,192,667,2002.0,0.0,1250.0,-0.9509,-1.113308,BGD,SGP,0149
29721,32,192,667,2002.0,400006.0,0.0,0.631343,1.249344,BRA,SGP,0149
29722,34,192,667,2002.0,19350.0,141913.0,-1.359507,-1.084339,BRN,SGP,0149
29723,39,192,667,2002.0,66950.0,0.0,0.9672360000000001,1.389981,CAN,SGP,0149
29724,41,192,667,2002.0,53912.0,0.0,2.205507,0.831836,CHE,SGP,0149
29725,43,192,667,2002.0,16207388.0,77968.0,0.6181220000000001,1.9636759999999998,CHN,SGP,0149
29726,61,192,667,2002.0,93209.0,0.0,2.367856,-2.195331,DEU,SGP,0149
29727,64,192,667,2002.0,1175707.0,0.0,1.344708,1.321135,DNK,SGP,0149
29728,77,192,667,2002.0,372866.0,0.0,1.648526,0.6870430000000001,FRA,SGP,0149
29729,81,192,667,2002.0,175166.0,0.0,2.067395,0.7934359999999999,GBR,SGP,0149
29730,97,192,667,2002.0,140729.0,45963.0,0.704932,1.291658,HKG,SGP,0149
29731,103,192,667,2002.0,2006.0,22554.0,0.098182,1.7305840000000001,IDN,SGP,0149
29732,104,192,667,2002.0,0.0,2157.0,0.32974000000000003,2.376477,IND,SGP,0149
29733,114,192,667,2002.0,10899.0,0.0,2.7747580000000003,0.43663199999999996,JPN,SGP,0149
29734,118,192,667,2002.0,0.0,18921.0,-0.8577629999999999,-1.071536,KHM,SGP,0149
29735,121,192,667,2002.0,4992.0,519686.0,1.4172719999999999,0.8763139999999999,KOR,SGP,0149
29736,128,192,667,2002.0,0.0,33698.0,-0.461765,-0.057614,LKA,SGP,0149
29737,137,192,667,2002.0,0.0,42724.0,-1.0471700000000002,-0.976184,MDV,SGP,0149
29738,151,192,667,2002.0,0.0,46786.0,-0.382062,-0.379224,MUS,SGP,0149
29739,153,192,667,2002.0,8966054.0,790457.0,0.9987159999999999,0.26558200000000004,MYS,SGP,0149
29740,162,192,667,2002.0,27178.0,0.0,1.175777,1.667472,NLD,SGP,0149
29741,163,192,667,2002.0,22090.0,0.0,0.689588,-0.007016,NOR,SGP,0149
29742,164,192,667,2002.0,0.0,1484.0,-0.065582,0.464797,NPL,SGP,0149
29743,166,192,667,2002.0,797179.0,0.0,0.370673,0.7853829999999999,NZL,SGP,0149
29744,174,192,667,2002.0,54497.0,140008.0,0.29601,-0.232513,PHL,SGP,0149
29745,176,192,667,2002.0,0.0,48539.0,-1.430299,-1.172593,PNG,SGP,0149
29746,208,192,667,2002.0,313703.0,0.0,2.134,0.769413,SWE,SGP,0149
29747,216,192,667,2002.0,14098271.0,2925.0,0.513887,1.545967,THA,SGP,0149
29748,220,192,667,2002.0,0.0,2145.0,0.5889810000000001,-0.43221400000000004,TLS,SGP,0149
29749,231,192,667,2002.0,1189923.0,0.0,1.853174,0.120986,USA,SGP,0149
29750,249,192,667,2002.0,10017.0,10533.0,1.9084720000000002,1.253714,TWN,SGP,0149
29751,23,197,667,2002.0,1882.0,0.0,0.468058,1.644037,BGR,SLV,0149
29752,39,197,667,2002.0,1100.0,0.0,0.9672360000000001,1.389981,CAN,SLV,0149
29753,52,197,667,2002.0,4088.0,0.0,0.083983,-0.096237,CRI,SLV,0149
29754,64,197,667,2002.0,32627.0,0.0,1.344708,1.321135,DNK,SLV,0149
29755,71,197,667,2002.0,47708.0,0.0,1.054108,1.9357349999999998,ESP,SLV,0149
29756,77,197,667,2002.0,8637.0,0.0,1.648526,0.6870430000000001,FRA,SLV,0149
29757,93,197,667,2002.0,650388.0,226476.0,-0.49913,-0.038079,GTM,SLV,0149
29758,99,197,667,2002.0,0.0,25821.0,-0.637891,-0.564421,HND,SLV,0149
29759,138,197,667,2002.0,2397.0,0.0,1.2677129999999999,0.599314,MEX,SLV,0149
29760,166,197,667,2002.0,1897.0,0.0,0.370673,0.7853829999999999,NZL,SLV,0149
29761,169,197,667,2002.0,1831.0,0.0,0.085746,0.21839,PAN,SLV,0149
29762,231,197,667,2002.0,202232.0,0.0,1.853174,0.120986,USA,SLV,0149
29763,32,205,667,2002.0,109846.0,0.0,0.631343,1.249344,BRA,SUR,0149
29764,33,205,667,2002.0,2975.0,0.0,0.547024,-0.004036,BRB,SUR,0149
29765,64,205,667,2002.0,18375.0,0.0,1.344708,1.321135,DNK,SUR,0149
29766,77,205,667,2002.0,17766.0,0.0,1.648526,0.6870430000000001,FRA,SUR,0149
29767,96,205,667,2002.0,7387.0,4218.0,-1.050604,-0.9015549999999999,GUY,SUR,0149
29768,162,205,667,2002.0,138370.0,0.0,1.175777,1.667472,NLD,SUR,0149
29769,222,205,667,2002.0,14490.0,0.0,-0.056315,-0.803537,TTO,SUR,0149
29770,230,205,667,2002.0,117515.0,0.0,0.048498,0.118565,URY,SUR,0149
29771,231,205,667,2002.0,133360.0,0.0,1.853174,0.120986,USA,SUR,0149
29772,8,208,667,2002.0,38263.0,0.0,0.045376,0.71768,ARG,SWE,0149
29773,15,208,667,2002.0,129683.0,418628.0,1.866997,0.400527,AUT,SWE,0149
29774,18,208,667,2002.0,5079444.0,197500.0,1.424339,1.372755,BEL,SWE,0149
29775,23,208,667,2002.0,82662.0,0.0,0.468058,1.644037,BGR,SWE,0149
29776,32,208,667,2002.0,1510656.0,0.0,0.631343,1.249344,BRA,SWE,0149
29777,41,208,667,2002.0,0.0,14439.0,2.205507,0.831836,CHE,SWE,0149
29778,58,208,667,2002.0,0.0,6807.0,0.332088,0.50441,CYP,SWE,0149
29779,59,208,667,2002.0,0.0,81258.0,1.5835139999999999,0.9563010000000001,CZE,SWE,0149
29780,61,208,667,2002.0,10157767.0,2323325.0,2.367856,-2.195331,DEU,SWE,0149
29781,64,208,667,2002.0,64274376.0,13167811.0,1.344708,1.321135,DNK,SWE,0149
29782,68,208,667,2002.0,0.0,32432.0,-0.37218,0.634319,EGY,SWE,0149
29783,71,208,667,2002.0,469426.0,267781.0,1.054108,1.9357349999999998,ESP,SWE,0149
29784,72,208,667,2002.0,6207.0,76399.0,0.576142,1.168563,EST,SWE,0149
29785,74,208,667,2002.0,2015470.0,14963424.0,1.9545119999999998,1.047515,FIN,SWE,0149
29786,77,208,667,2002.0,2823564.0,1016946.0,1.648526,0.6870430000000001,FRA,SWE,0149
29787,78,208,667,2002.0,0.0,11644.0,-0.33811399999999997,-0.8092050000000001,FRO,SWE,0149
29788,81,208,667,2002.0,67064.0,6539576.0,2.067395,0.7934359999999999,GBR,SWE,0149
29789,90,208,667,2002.0,91392.0,32803.0,0.20355399999999998,1.4130200000000002,GRC,SWE,0149
29790,97,208,667,2002.0,0.0,21630.0,0.704932,1.291658,HKG,SWE,0149
29791,100,208,667,2002.0,623390.0,5133.0,0.603546,1.273001,HRV,SWE,0149
29792,102,208,667,2002.0,258298.0,205346.0,1.232359,1.064425,HUN,SWE,0149
29793,106,208,667,2002.0,3176670.0,76434.0,1.7939310000000002,0.219254,IRL,SWE,0149
29794,109,208,667,2002.0,0.0,1245.0,0.17011700000000002,-0.33925500000000003,ISL,SWE,0149
29795,110,208,667,2002.0,1749257.0,0.0,1.257709,0.8318989999999999,ISR,SWE,0149
29796,111,208,667,2002.0,1342612.0,164693.0,1.3944219999999998,1.125362,ITA,SWE,0149
29797,130,208,667,2002.0,0.0,35461.0,0.15796,0.855931,LTU,SWE,0149
29798,131,208,667,2002.0,0.0,8341.0,1.396249,1.153017,LUX,SWE,0149
29799,132,208,667,2002.0,0.0,57927.0,0.41409799999999997,0.6281680000000001,LVA,SWE,0149
29800,162,208,667,2002.0,6020179.0,1144293.0,1.175777,1.667472,NLD,SWE,0149
29801,163,208,667,2002.0,313933.0,471308.0,0.689588,-0.007016,NOR,SWE,0149
29802,177,208,667,2002.0,940862.0,27273.0,0.9449299999999999,1.655764,POL,SWE,0149
29803,179,208,667,2002.0,0.0,32712.0,0.584956,1.377068,PRT,SWE,0149
29804,186,208,667,2002.0,0.0,295704.0,0.6051449999999999,0.272307,RUS,SWE,0149
29805,192,208,667,2002.0,0.0,313703.0,1.7077209999999998,0.683549,SGP,SWE,0149
29806,206,208,667,2002.0,0.0,52127.0,1.269549,1.184774,SVK,SWE,0149
29807,207,208,667,2002.0,1155071.0,0.0,1.469681,1.13303,SVN,SWE,0149
29808,216,208,667,2002.0,557066.0,0.0,0.513887,1.545967,THA,SWE,0149
29809,7,216,667,2002.0,0.0,92976.0,-0.288838,-0.640049,ARE,THA,0149
29810,14,216,667,2002.0,23973.0,4840.0,-0.052462,0.759617,AUS,THA,0149
29811,15,216,667,2002.0,0.0,1317.0,1.866997,0.400527,AUT,THA,0149
29812,18,216,667,2002.0,41843.0,3458622.0,1.424339,1.372755,BEL,THA,0149
29813,22,216,667,2002.0,0.0,62726.0,-0.9509,-1.113308,BGD,THA,0149
29814,23,216,667,2002.0,0.0,80206.0,0.468058,1.644037,BGR,THA,0149
29815,39,216,667,2002.0,0.0,1092747.0,0.9672360000000001,1.389981,CAN,THA,0149
29816,41,216,667,2002.0,0.0,297110.0,2.205507,0.831836,CHE,THA,0149
29817,43,216,667,2002.0,75355.0,37518.0,0.6181220000000001,1.9636759999999998,CHN,THA,0149
29818,61,216,667,2002.0,1866.0,16632149.0,2.367856,-2.195331,DEU,THA,0149
29819,64,216,667,2002.0,52506.0,387474.0,1.344708,1.321135,DNK,THA,0149
29820,71,216,667,2002.0,8296.0,59093.0,1.054108,1.9357349999999998,ESP,THA,0149
29821,74,216,667,2002.0,0.0,200621.0,1.9545119999999998,1.047515,FIN,THA,0149
29822,77,216,667,2002.0,148752.0,3810907.0,1.648526,0.6870430000000001,FRA,THA,0149
29823,78,216,667,2002.0,0.0,2067.0,-0.33811399999999997,-0.8092050000000001,FRO,THA,0149
29824,81,216,667,2002.0,103527.0,95481736.0,2.067395,0.7934359999999999,GBR,THA,0149
29825,97,216,667,2002.0,1549.0,10124211.0,0.704932,1.291658,HKG,THA,0149
29826,103,216,667,2002.0,1502.0,0.0,0.098182,1.7305840000000001,IDN,THA,0149
29827,104,216,667,2002.0,2593.0,0.0,0.32974000000000003,2.376477,IND,THA,0149
29828,106,216,667,2002.0,0.0,4335008.0,1.7939310000000002,0.219254,IRL,THA,0149
29829,109,216,667,2002.0,0.0,26669.0,0.17011700000000002,-0.33925500000000003,ISL,THA,0149
29830,110,216,667,2002.0,107566.0,0.0,1.257709,0.8318989999999999,ISR,THA,0149
29831,111,216,667,2002.0,94251.0,0.0,1.3944219999999998,1.125362,ITA,THA,0149
29832,113,216,667,2002.0,0.0,82021.0,0.34023000000000003,0.264754,JOR,THA,0149
29833,114,216,667,2002.0,54610.0,212037264.0,2.7747580000000003,0.43663199999999996,JPN,THA,0149
29834,118,216,667,2002.0,0.0,46878.0,-0.8577629999999999,-1.071536,KHM,THA,0149
29835,121,216,667,2002.0,71731.0,6176966.0,1.4172719999999999,0.8763139999999999,KOR,THA,0149
29836,122,216,667,2002.0,0.0,269597.0,-0.794007,-1.192659,KWT,THA,0149
29837,124,216,667,2002.0,0.0,15200.0,0.220906,1.470297,LBN,THA,0149
29838,128,216,667,2002.0,0.0,8455.0,-0.461765,-0.057614,LKA,THA,0149
29839,133,216,667,2002.0,0.0,44669.0,0.005082,-0.328658,MAC,THA,0149
29840,134,216,667,2002.0,0.0,20132.0,-0.690226,-0.42557,MAR,THA,0149
29841,138,216,667,2002.0,0.0,42445.0,1.2677129999999999,0.599314,MEX,THA,0149
29842,153,216,667,2002.0,0.0,8327.0,0.9987159999999999,0.26558200000000004,MYS,THA,0149
29843,162,216,667,2002.0,0.0,41490532.0,1.175777,1.667472,NLD,THA,0149
29844,163,216,667,2002.0,0.0,3723.0,0.689588,-0.007016,NOR,THA,0149
29845,167,216,667,2002.0,0.0,23541.0,-1.307058,-1.270916,OMN,THA,0149
29846,174,216,667,2002.0,0.0,416989.0,0.29601,-0.232513,PHL,THA,0149
29847,177,216,667,2002.0,0.0,61278.0,0.9449299999999999,1.655764,POL,THA,0149
29848,183,216,667,2002.0,0.0,12833.0,-0.002177,-1.042517,QAT,THA,0149
29849,188,216,667,2002.0,0.0,1229941.0,0.048764,-0.903125,SAU,THA,0149
29850,192,216,667,2002.0,2925.0,14098271.0,1.7077209999999998,0.683549,SGP,THA,0149
29851,208,216,667,2002.0,0.0,557066.0,2.134,0.769413,SWE,THA,0149
29852,231,216,667,2002.0,1084476.0,26399.0,1.853174,0.120986,USA,THA,0149
29853,239,216,667,2002.0,0.0,25932.0,-0.44170699999999996,0.544708,VNM,THA,0149
29854,246,216,667,2002.0,0.0,11922.0,0.32760500000000004,2.497746,ZAF,THA,0149
29855,249,216,667,2002.0,0.0,23331.0,1.9084720000000002,1.253714,TWN,THA,0149
29856,6,222,667,2002.0,0.0,1257.0,0.145946,-0.704052,ANT,TTO,0149
29857,8,222,667,2002.0,48906.0,0.0,0.045376,0.71768,ARG,TTO,0149
29858,13,222,667,2002.0,0.0,42838.0,0.23995500000000003,-0.754877,ATG,TTO,0149
29859,29,222,667,2002.0,11932.0,0.0,-0.553335,-0.753058,BLZ,TTO,0149
29860,32,222,667,2002.0,1649460.0,58147.0,0.631343,1.249344,BRA,TTO,0149
29861,33,222,667,2002.0,0.0,70870.0,0.547024,-0.004036,BRB,TTO,0149
29862,39,222,667,2002.0,48135.0,0.0,0.9672360000000001,1.389981,CAN,TTO,0149
29863,63,222,667,2002.0,0.0,6286.0,0.212137,-0.112873,DMA,TTO,0149
29864,77,222,667,2002.0,281137.0,0.0,1.648526,0.6870430000000001,FRA,TTO,0149
29865,91,222,667,2002.0,0.0,227249.0,0.822523,0.032938999999999996,GRD,TTO,0149
29866,96,222,667,2002.0,0.0,132512.0,-1.050604,-0.9015549999999999,GUY,TTO,0149
29867,106,222,667,2002.0,22764.0,0.0,1.7939310000000002,0.219254,IRL,TTO,0149
29868,112,222,667,2002.0,15912.0,8627.0,-0.459541,-0.947443,JAM,TTO,0149
29869,120,222,667,2002.0,0.0,5314.0,0.757789,-0.2968,KNA,TTO,0149
29870,127,222,667,2002.0,0.0,95356.0,0.261861,-0.36480999999999997,LCA,TTO,0149
29871,149,222,667,2002.0,0.0,2427.0,1.6121860000000001,0.078151,MSR,TTO,0149
29872,169,222,667,2002.0,20527.0,0.0,0.085746,0.21839,PAN,TTO,0149
29873,180,222,667,2002.0,17738.0,0.0,-0.733796,-0.9001530000000001,PRY,TTO,0149
29874,205,222,667,2002.0,0.0,14490.0,-1.002898,-0.905595,SUR,TTO,0149
29875,231,222,667,2002.0,540063.0,0.0,1.853174,0.120986,USA,TTO,0149
29876,234,222,667,2002.0,0.0,40382.0,-0.268813,-0.67072,VCT,TTO,0149
29877,250,222,667,2002.0,0.0,18106.0,0.5979300000000001,-0.497816,ANS,TTO,0149
29878,16,224,667,2002.0,0.0,59101.0,-0.566735,-1.003158,AZE,TUR,0149
29879,23,224,667,2002.0,0.0,33716.0,0.468058,1.644037,BGR,TUR,0149
29880,24,224,667,2002.0,0.0,3355.0,-0.31754099999999996,-1.099381,BHR,TUR,0149
29881,26,224,667,2002.0,0.0,19768.0,0.223543,0.44595100000000004,BIH,TUR,0149
29882,58,224,667,2002.0,0.0,54661.0,0.332088,0.50441,CYP,TUR,0149
29883,61,224,667,2002.0,12320.0,0.0,2.367856,-2.195331,DEU,TUR,0149
29884,64,224,667,2002.0,1884.0,0.0,1.344708,1.321135,DNK,TUR,0149
29885,77,224,667,2002.0,26310.0,29962.0,1.648526,0.6870430000000001,FRA,TUR,0149
29886,81,224,667,2002.0,0.0,22488.0,2.067395,0.7934359999999999,GBR,TUR,0149
29887,82,224,667,2002.0,0.0,25966.0,0.23526999999999998,-0.156333,GEO,TUR,0149
29888,90,224,667,2002.0,37363.0,0.0,0.20355399999999998,1.4130200000000002,GRC,TUR,0149
29889,111,224,667,2002.0,70055.0,4788.0,1.3944219999999998,1.125362,ITA,TUR,0149
29890,113,224,667,2002.0,59290.0,0.0,0.34023000000000003,0.264754,JOR,TUR,0149
29891,117,224,667,2002.0,14284.0,0.0,-0.094898,0.235639,KGZ,TUR,0149
29892,140,224,667,2002.0,0.0,39793.0,-0.027727999999999996,0.41846400000000006,MKD,TUR,0149
29893,162,224,667,2002.0,696450.0,0.0,1.175777,1.667472,NLD,TUR,0149
29894,183,224,667,2002.0,0.0,3658.0,-0.002177,-1.042517,QAT,TUR,0149
29895,185,224,667,2002.0,183908.0,0.0,0.549227,1.071998,ROU,TUR,0149
29896,189,224,667,2002.0,0.0,17060.0,0.523459,2.58657,SCG,TUR,0149
29897,231,224,667,2002.0,183468.0,29995.0,1.853174,0.120986,USA,TUR,0149
29898,8,230,667,2002.0,64072.0,1800299.0,0.045376,0.71768,ARG,URY,0149
29899,32,230,667,2002.0,1304098.0,9517.0,0.631343,1.249344,BRA,URY,0149
29900,39,230,667,2002.0,0.0,324576.0,0.9672360000000001,1.389981,CAN,URY,0149
29901,61,230,667,2002.0,1218.0,77268.0,2.367856,-2.195331,DEU,URY,0149
29902,71,230,667,2002.0,32517.0,0.0,1.054108,1.9357349999999998,ESP,URY,0149
29903,77,230,667,2002.0,31655.0,70274.0,1.648526,0.6870430000000001,FRA,URY,0149
29904,81,230,667,2002.0,0.0,6162288.0,2.067395,0.7934359999999999,GBR,URY,0149
29905,97,230,667,2002.0,0.0,5943.0,0.704932,1.291658,HKG,URY,0149
29906,110,230,667,2002.0,0.0,8054.0,1.257709,0.8318989999999999,ISR,URY,0149
29907,111,230,667,2002.0,9296.0,1452284.0,1.3944219999999998,1.125362,ITA,URY,0149
29908,112,230,667,2002.0,0.0,10922.0,-0.459541,-0.947443,JAM,URY,0149
29909,138,230,667,2002.0,0.0,36610.0,1.2677129999999999,0.599314,MEX,URY,0149
29910,162,230,667,2002.0,0.0,36743.0,1.175777,1.667472,NLD,URY,0149
29911,173,230,667,2002.0,0.0,14204.0,-0.456603,0.030838,PER,URY,0149
29912,205,230,667,2002.0,0.0,117515.0,-1.002898,-0.905595,SUR,URY,0149
29913,231,230,667,2002.0,57387.0,5633354.0,1.853174,0.120986,USA,URY,0149
29914,0,231,667,2002.0,0.0,610933.0,0.27076100000000003,-0.858951,ABW,USA,0149
29915,1,231,667,2002.0,0.0,39549.0,-0.11885899999999999,-0.346093,AFG,USA,0149
29916,2,231,667,2002.0,0.0,6009.0,-1.8043639999999999,-1.250642,AGO,USA,0149
29917,3,231,667,2002.0,0.0,126147.0,1.822725,0.45911899999999994,AIA,USA,0149
29918,4,231,667,2002.0,0.0,27567.0,-0.05800399999999999,0.042254,ALB,USA,0149
29919,6,231,667,2002.0,0.0,687865.0,0.145946,-0.704052,ANT,USA,0149
29920,7,231,667,2002.0,0.0,6755600.0,-0.288838,-0.640049,ARE,USA,0149
29921,8,231,667,2002.0,45581640.0,637908.0,0.045376,0.71768,ARG,USA,0149
29922,9,231,667,2002.0,0.0,503080.0,0.66447,-0.08317000000000001,ARM,USA,0149
29923,13,231,667,2002.0,0.0,531482.0,0.23995500000000003,-0.754877,ATG,USA,0149
29924,14,231,667,2002.0,3329138.0,5391142.0,-0.052462,0.759617,AUS,USA,0149
29925,15,231,667,2002.0,2281.0,0.0,1.866997,0.400527,AUT,USA,0149
29926,16,231,667,2002.0,0.0,568535.0,-0.566735,-1.003158,AZE,USA,0149
29927,18,231,667,2002.0,7719379.0,0.0,1.424339,1.372755,BEL,USA,0149
29928,22,231,667,2002.0,0.0,8659.0,-0.9509,-1.113308,BGD,USA,0149
29929,23,231,667,2002.0,1073.0,308915.0,0.468058,1.644037,BGR,USA,0149
29930,24,231,667,2002.0,0.0,3050311.0,-0.31754099999999996,-1.099381,BHR,USA,0149
29931,25,231,667,2002.0,8107.0,4898968.0,0.035127,-0.536416,BHS,USA,0149
29932,28,231,667,2002.0,0.0,3007.0,0.865742,1.1823860000000002,BLR,USA,0149
29933,29,231,667,2002.0,0.0,167256.0,-0.553335,-0.753058,BLZ,USA,0149
29934,30,231,667,2002.0,0.0,457975.0,0.934739,-0.465542,BMU,USA,0149
29935,31,231,667,2002.0,0.0,24501.0,-0.785592,-0.6761119999999999,BOL,USA,0149
29936,32,231,667,2002.0,105343928.0,3107814.0,0.631343,1.249344,BRA,USA,0149
29937,33,231,667,2002.0,0.0,687552.0,0.547024,-0.004036,BRB,USA,0149
29938,35,231,667,2002.0,138241.0,0.0,0.068259,-0.613581,BTN,USA,0149
29939,39,231,667,2002.0,153945936.0,197528576.0,0.9672360000000001,1.389981,CAN,USA,0149
29940,41,231,667,2002.0,0.0,226863.0,2.205507,0.831836,CHE,USA,0149
29941,42,231,667,2002.0,0.0,228966.0,-0.079201,-0.11449200000000001,CHL,USA,0149
29942,43,231,667,2002.0,3371481.0,5431592.0,0.6181220000000001,1.9636759999999998,CHN,USA,0149
29943,45,231,667,2002.0,0.0,8139.0,-1.188713,-1.109944,CMR,USA,0149
29944,49,231,667,2002.0,2552.0,1922735.0,0.219861,0.45238999999999996,COL,USA,0149
29945,52,231,667,2002.0,59464.0,809127.0,0.083983,-0.096237,CRI,USA,0149
29946,54,231,667,2002.0,0.0,1490534.0,-0.896759,-1.079825,CUB,USA,0149
29947,57,231,667,2002.0,0.0,48203.0,0.570589,-0.692583,CYM,USA,0149
29948,59,231,667,2002.0,9530.0,16665.0,1.5835139999999999,0.9563010000000001,CZE,USA,0149
29949,61,231,667,2002.0,322428.0,377837.0,2.367856,-2.195331,DEU,USA,0149
29950,63,231,667,2002.0,0.0,192920.0,0.212137,-0.112873,DMA,USA,0149
29951,64,231,667,2002.0,35576744.0,13941.0,1.344708,1.321135,DNK,USA,0149
29952,65,231,667,2002.0,20778.0,1950589.0,-0.43339300000000003,-0.378827,DOM,USA,0149
29953,67,231,667,2002.0,0.0,124799.0,-0.973858,-0.8924979999999999,ECU,USA,0149
29954,68,231,667,2002.0,0.0,4123100.0,-0.37218,0.634319,EGY,USA,0149
29955,71,231,667,2002.0,143616.0,122904.0,1.054108,1.9357349999999998,ESP,USA,0149
29956,72,231,667,2002.0,0.0,106406.0,0.576142,1.168563,EST,USA,0149
29957,74,231,667,2002.0,0.0,68948.0,1.9545119999999998,1.047515,FIN,USA,0149
29958,75,231,667,2002.0,0.0,4449.0,-0.788026,-0.432015,FJI,USA,0149
29959,77,231,667,2002.0,1786589.0,5381.0,1.648526,0.6870430000000001,FRA,USA,0149
29960,79,231,667,2002.0,0.0,73105.0,-1.416799,-1.080317,FSM,USA,0149
29961,81,231,667,2002.0,8790.0,231102.0,2.067395,0.7934359999999999,GBR,USA,0149
29962,82,231,667,2002.0,0.0,504896.0,0.23526999999999998,-0.156333,GEO,USA,0149
29963,83,231,667,2002.0,0.0,4616.0,-1.258567,-1.048266,GHA,USA,0149
29964,90,231,667,2002.0,0.0,159440.0,0.20355399999999998,1.4130200000000002,GRC,USA,0149
29965,91,231,667,2002.0,0.0,70870.0,0.822523,0.032938999999999996,GRD,USA,0149
29966,93,231,667,2002.0,23580.0,4456947.0,-0.49913,-0.038079,GTM,USA,0149
29967,96,231,667,2002.0,0.0,76332.0,-1.050604,-0.9015549999999999,GUY,USA,0149
29968,97,231,667,2002.0,13872.0,7126277.0,0.704932,1.291658,HKG,USA,0149
29969,99,231,667,2002.0,0.0,2255881.0,-0.637891,-0.564421,HND,USA,0149
29970,100,231,667,2002.0,432133.0,27922.0,0.603546,1.273001,HRV,USA,0149
29971,101,231,667,2002.0,0.0,453271.0,-0.837823,-0.834512,HTI,USA,0149
29972,102,231,667,2002.0,4269962.0,0.0,1.232359,1.064425,HUN,USA,0149
29973,103,231,667,2002.0,0.0,216379.0,0.098182,1.7305840000000001,IDN,USA,0149
29974,104,231,667,2002.0,11052.0,0.0,0.32974000000000003,2.376477,IND,USA,0149
29975,106,231,667,2002.0,432217.0,0.0,1.7939310000000002,0.219254,IRL,USA,0149
29976,109,231,667,2002.0,3855.0,159029.0,0.17011700000000002,-0.33925500000000003,ISL,USA,0149
29977,110,231,667,2002.0,2566852.0,119603.0,1.257709,0.8318989999999999,ISR,USA,0149
29978,111,231,667,2002.0,1224934.0,406697.0,1.3944219999999998,1.125362,ITA,USA,0149
29979,112,231,667,2002.0,0.0,671080.0,-0.459541,-0.947443,JAM,USA,0149
29980,113,231,667,2002.0,0.0,567047.0,0.34023000000000003,0.264754,JOR,USA,0149
29981,114,231,667,2002.0,133248.0,43144800.0,2.7747580000000003,0.43663199999999996,JPN,USA,0149
29982,115,231,667,2002.0,0.0,8462.0,-0.100361,-0.502468,KAZ,USA,0149
29983,116,231,667,2002.0,0.0,2843.0,-0.59055,0.000731,KEN,USA,0149
29984,120,231,667,2002.0,0.0,111045.0,0.757789,-0.2968,KNA,USA,0149
29985,121,231,667,2002.0,12732.0,5050852.0,1.4172719999999999,0.8763139999999999,KOR,USA,0149
29986,122,231,667,2002.0,0.0,1467541.0,-0.794007,-1.192659,KWT,USA,0149
29987,124,231,667,2002.0,6322.0,243573.0,0.220906,1.470297,LBN,USA,0149
29988,127,231,667,2002.0,0.0,195099.0,0.261861,-0.36480999999999997,LCA,USA,0149
29989,128,231,667,2002.0,1073.0,4134.0,-0.461765,-0.057614,LKA,USA,0149
29990,130,231,667,2002.0,0.0,11539.0,0.15796,0.855931,LTU,USA,0149
29991,133,231,667,2002.0,0.0,19643.0,0.005082,-0.328658,MAC,USA,0149
29992,135,231,667,2002.0,0.0,35762.0,-0.017383000000000003,0.109124,MDA,USA,0149
29993,138,231,667,2002.0,11042657.0,30431688.0,1.2677129999999999,0.599314,MEX,USA,0149
29994,139,231,667,2002.0,0.0,608280.0,0.769126,-0.845166,MHL,USA,0149
29995,140,231,667,2002.0,0.0,18714.0,-0.027727999999999996,0.41846400000000006,MKD,USA,0149
29996,142,231,667,2002.0,0.0,8165.0,0.901235,-0.140261,MLT,USA,0149
29997,149,231,667,2002.0,0.0,4711.0,1.6121860000000001,0.078151,MSR,USA,0149
29998,153,231,667,2002.0,28508.0,371824.0,0.9987159999999999,0.26558200000000004,MYS,USA,0149
