809999,168,227,1310,2002.0,1128.0,0.0,-0.7574069999999999,-0.403427,PAK,UGA,7782
810000,208,227,1310,2002.0,1649.0,0.0,2.134,0.769413,SWE,UGA,7782
810001,226,227,1310,2002.0,11194.0,0.0,-1.234127,-0.421158,TZA,UGA,7782
810002,231,227,1310,2002.0,10128.0,0.0,1.853174,0.120986,USA,UGA,7782
810003,246,227,1310,2002.0,99271.0,0.0,0.32760500000000004,2.497746,ZAF,UGA,7782
810004,249,227,1310,2002.0,9154.0,0.0,1.9084720000000002,1.253714,TWN,UGA,7782
810005,7,247,1310,2002.0,70850.0,0.0,-0.288838,-0.640049,ARE,ZMB,7782
810006,18,247,1310,2002.0,9316.0,0.0,1.424339,1.372755,BEL,ZMB,7782
810007,41,247,1310,2002.0,8019.0,0.0,2.205507,0.831836,CHE,ZMB,7782
810008,43,247,1310,2002.0,90629.0,0.0,0.6181220000000001,1.9636759999999998,CHN,ZMB,7782
810009,61,247,1310,2002.0,1415.0,0.0,2.367856,-2.195331,DEU,ZMB,7782
810010,71,247,1310,2002.0,60063.0,0.0,1.054108,1.9357349999999998,ESP,ZMB,7782
810011,74,247,1310,2002.0,3055.0,0.0,1.9545119999999998,1.047515,FIN,ZMB,7782
810012,77,247,1310,2002.0,3040.0,0.0,1.648526,0.6870430000000001,FRA,ZMB,7782
810013,81,247,1310,2002.0,43627.0,0.0,2.067395,0.7934359999999999,GBR,ZMB,7782
810014,97,247,1310,2002.0,4841.0,0.0,0.704932,1.291658,HKG,ZMB,7782
810015,104,247,1310,2002.0,5944.0,0.0,0.32974000000000003,2.376477,IND,ZMB,7782
810016,116,247,1310,2002.0,12083.0,0.0,-0.59055,0.000731,KEN,ZMB,7782
810017,162,247,1310,2002.0,138834.0,0.0,1.175777,1.667472,NLD,ZMB,7782
810018,226,247,1310,2002.0,2517.0,0.0,-1.234127,-0.421158,TZA,ZMB,7782
810019,231,247,1310,2002.0,1699.0,0.0,1.853174,0.120986,USA,ZMB,7782
810020,246,247,1310,2002.0,260444.0,0.0,0.32760500000000004,2.497746,ZAF,ZMB,7782
810021,248,247,1310,2002.0,25282.0,0.0,-0.36033000000000004,0.452182,ZWE,ZMB,7782
810022,249,247,1310,2002.0,10480.0,0.0,1.9084720000000002,1.253714,TWN,ZMB,7782
810023,2,248,1310,2002.0,0.0,2614.0,-1.8043639999999999,-1.250642,AGO,ZWE,7782
810024,7,248,1310,2002.0,176695.0,0.0,-0.288838,-0.640049,ARE,ZWE,7782
810025,37,248,1310,2002.0,41878.0,0.0,-0.164526,-1.04616,BWA,ZWE,7782
810026,41,248,1310,2002.0,3380.0,0.0,2.205507,0.831836,CHE,ZWE,7782
810027,43,248,1310,2002.0,353808.0,0.0,0.6181220000000001,1.9636759999999998,CHN,ZWE,7782
810028,61,248,1310,2002.0,33783.0,0.0,2.367856,-2.195331,DEU,ZWE,7782
810029,64,248,1310,2002.0,1267.0,0.0,1.344708,1.321135,DNK,ZWE,7782
810030,71,248,1310,2002.0,122663.0,0.0,1.054108,1.9357349999999998,ESP,ZWE,7782
810031,73,248,1310,2002.0,2489.0,0.0,-1.289118,-1.0291540000000001,ETH,ZWE,7782
810032,77,248,1310,2002.0,9705.0,0.0,1.648526,0.6870430000000001,FRA,ZWE,7782
810033,81,248,1310,2002.0,15363.0,1015.0,2.067395,0.7934359999999999,GBR,ZWE,7782
810034,97,248,1310,2002.0,177962.0,0.0,0.704932,1.291658,HKG,ZWE,7782
810035,104,248,1310,2002.0,11001.0,0.0,0.32974000000000003,2.376477,IND,ZWE,7782
810036,111,248,1310,2002.0,10048.0,0.0,1.3944219999999998,1.125362,ITA,ZWE,7782
810037,116,248,1310,2002.0,0.0,6195.0,-0.59055,0.000731,KEN,ZWE,7782
810038,147,248,1310,2002.0,0.0,22090.0,-1.337891,-1.187073,MOZ,ZWE,7782
810039,152,248,1310,2002.0,0.0,2196.0,-1.431612,-1.234903,MWI,ZWE,7782
810040,159,248,1310,2002.0,8839.0,0.0,-1.705991,-1.292926,NGA,ZWE,7782
810041,162,248,1310,2002.0,420685.0,0.0,1.175777,1.667472,NLD,ZWE,7782
810042,208,248,1310,2002.0,1863.0,0.0,2.134,0.769413,SWE,ZWE,7782
810043,216,248,1310,2002.0,1246.0,0.0,0.513887,1.545967,THA,ZWE,7782
810044,231,248,1310,2002.0,13095.0,0.0,1.853174,0.120986,USA,ZWE,7782
810045,246,248,1310,2002.0,911995.0,11908.0,0.32760500000000004,2.497746,ZAF,ZWE,7782
810046,247,248,1310,2002.0,0.0,25282.0,-0.840258,-0.639474,ZMB,ZWE,7782
810047,249,248,1310,2002.0,6015.0,0.0,1.9084720000000002,1.253714,TWN,ZWE,7782
810048,250,248,1310,2002.0,1046.0,0.0,0.5979300000000001,-0.497816,ANS,ZWE,7782
810049,61,120,1310,2002.0,4290.0,0.0,2.367856,-2.195331,DEU,KNA,7782
810050,71,120,1310,2002.0,613274.0,0.0,1.054108,1.9357349999999998,ESP,KNA,7782
810051,77,120,1310,2002.0,32602.0,0.0,1.648526,0.6870430000000001,FRA,KNA,7782
810052,81,120,1310,2002.0,41233.0,0.0,2.067395,0.7934359999999999,GBR,KNA,7782
810053,222,120,1310,2002.0,2001.0,0.0,-0.056315,-0.803537,TTO,KNA,7782
810054,231,120,1310,2002.0,171455.0,0.0,1.853174,0.120986,USA,KNA,7782
810055,7,152,1310,2002.0,9716.0,0.0,-0.288838,-0.640049,ARE,MWI,7782
810056,18,152,1310,2002.0,2422.0,0.0,1.424339,1.372755,BEL,MWI,7782
810057,43,152,1310,2002.0,80050.0,0.0,0.6181220000000001,1.9636759999999998,CHN,MWI,7782
810058,61,152,1310,2002.0,9968.0,0.0,2.367856,-2.195331,DEU,MWI,7782
810059,77,152,1310,2002.0,2893.0,0.0,1.648526,0.6870430000000001,FRA,MWI,7782
810060,81,152,1310,2002.0,18378.0,0.0,2.067395,0.7934359999999999,GBR,MWI,7782
810061,82,152,1310,2002.0,1736.0,0.0,0.23526999999999998,-0.156333,GEO,MWI,7782
810062,97,152,1310,2002.0,26585.0,0.0,0.704932,1.291658,HKG,MWI,7782
810063,104,152,1310,2002.0,7211.0,0.0,0.32974000000000003,2.376477,IND,MWI,7782
810064,114,152,1310,2002.0,7102.0,0.0,2.7747580000000003,0.43663199999999996,JPN,MWI,7782
810065,162,152,1310,2002.0,26289.0,0.0,1.175777,1.667472,NLD,MWI,7782
810066,231,152,1310,2002.0,2546.0,0.0,1.853174,0.120986,USA,MWI,7782
810067,246,152,1310,2002.0,91670.0,0.0,0.32760500000000004,2.497746,ZAF,MWI,7782
810068,248,152,1310,2002.0,2196.0,0.0,-0.36033000000000004,0.452182,ZWE,MWI,7782
810069,14,176,1310,2002.0,133202.0,0.0,-0.052462,0.759617,AUS,PNG,7782
810070,18,176,1310,2002.0,18409.0,0.0,1.424339,1.372755,BEL,PNG,7782
810071,41,176,1310,2002.0,3780.0,0.0,2.205507,0.831836,CHE,PNG,7782
810072,43,176,1310,2002.0,64194.0,0.0,0.6181220000000001,1.9636759999999998,CHN,PNG,7782
810073,81,176,1310,2002.0,1128.0,0.0,2.067395,0.7934359999999999,GBR,PNG,7782
810074,97,176,1310,2002.0,6283.0,0.0,0.704932,1.291658,HKG,PNG,7782
810075,103,176,1310,2002.0,24552.0,0.0,0.098182,1.7305840000000001,IDN,PNG,7782
810076,111,176,1310,2002.0,3294.0,0.0,1.3944219999999998,1.125362,ITA,PNG,7782
810077,114,176,1310,2002.0,36851.0,0.0,2.7747580000000003,0.43663199999999996,JPN,PNG,7782
810078,121,176,1310,2002.0,10315.0,0.0,1.4172719999999999,0.8763139999999999,KOR,PNG,7782
810079,153,176,1310,2002.0,11342.0,0.0,0.9987159999999999,0.26558200000000004,MYS,PNG,7782
810080,166,176,1310,2002.0,3606.0,0.0,0.370673,0.7853829999999999,NZL,PNG,7782
810081,174,176,1310,2002.0,7661.0,0.0,0.29601,-0.232513,PHL,PNG,7782
810082,192,176,1310,2002.0,44973.0,0.0,1.7077209999999998,0.683549,SGP,PNG,7782
810083,195,176,1310,2002.0,0.0,111008.0,-0.890172,-0.948835,SLB,PNG,7782
810084,216,176,1310,2002.0,12828.0,0.0,0.513887,1.545967,THA,PNG,7782
810085,228,176,1310,2002.0,3320.0,0.0,0.575372,1.131722,UKR,PNG,7782
810086,231,176,1310,2002.0,62369.0,0.0,1.853174,0.120986,USA,PNG,7782
810087,249,176,1310,2002.0,19635.0,0.0,1.9084720000000002,1.253714,TWN,PNG,7782
810088,250,176,1310,2002.0,29609.0,0.0,0.5979300000000001,-0.497816,ANS,PNG,7782
810089,6,234,1310,2002.0,1425.0,0.0,0.145946,-0.704052,ANT,VCT,7782
810090,39,234,1310,2002.0,2888.0,0.0,0.9672360000000001,1.389981,CAN,VCT,7782
810091,43,234,1310,2002.0,3854.0,0.0,0.6181220000000001,1.9636759999999998,CHN,VCT,7782
810092,61,234,1310,2002.0,3241.0,0.0,2.367856,-2.195331,DEU,VCT,7782
810093,72,234,1310,2002.0,1958.0,0.0,0.576142,1.168563,EST,VCT,7782
810094,77,234,1310,2002.0,2707.0,0.0,1.648526,0.6870430000000001,FRA,VCT,7782
810095,81,234,1310,2002.0,32312.0,0.0,2.067395,0.7934359999999999,GBR,VCT,7782
810096,111,234,1310,2002.0,4122.0,0.0,1.3944219999999998,1.125362,ITA,VCT,7782
810097,130,234,1310,2002.0,2862.0,0.0,0.15796,0.855931,LTU,VCT,7782
810098,190,234,1310,2002.0,0.0,129657.0,-1.336665,-1.19919,SDN,VCT,7782
810099,222,234,1310,2002.0,1485.0,0.0,-0.056315,-0.803537,TTO,VCT,7782
810100,231,234,1310,2002.0,39205.0,1684.0,1.853174,0.120986,USA,VCT,7782
810101,7,24,1310,2002.0,98324.0,0.0,-0.288838,-0.640049,ARE,BHR,7782
810102,14,24,1310,2002.0,34702.0,0.0,-0.052462,0.759617,AUS,BHR,7782
810103,18,24,1310,2002.0,109752.0,0.0,1.424339,1.372755,BEL,BHR,7782
810104,41,24,1310,2002.0,6549.0,0.0,2.205507,0.831836,CHE,BHR,7782
810105,43,24,1310,2002.0,296612.0,0.0,0.6181220000000001,1.9636759999999998,CHN,BHR,7782
810106,61,24,1310,2002.0,268891.0,0.0,2.367856,-2.195331,DEU,BHR,7782
810107,64,24,1310,2002.0,4047.0,0.0,1.344708,1.321135,DNK,BHR,7782
810108,71,24,1310,2002.0,55663.0,4040.0,1.054108,1.9357349999999998,ESP,BHR,7782
810109,77,24,1310,2002.0,39822.0,0.0,1.648526,0.6870430000000001,FRA,BHR,7782
810110,81,24,1310,2002.0,64198.0,0.0,2.067395,0.7934359999999999,GBR,BHR,7782
810111,90,24,1310,2002.0,2059.0,0.0,0.20355399999999998,1.4130200000000002,GRC,BHR,7782
810112,97,24,1310,2002.0,12337.0,0.0,0.704932,1.291658,HKG,BHR,7782
810113,102,24,1310,2002.0,265550.0,0.0,1.232359,1.064425,HUN,BHR,7782
810114,103,24,1310,2002.0,9487.0,0.0,0.098182,1.7305840000000001,IDN,BHR,7782
810115,104,24,1310,2002.0,25801.0,0.0,0.32974000000000003,2.376477,IND,BHR,7782
810116,111,24,1310,2002.0,154769.0,0.0,1.3944219999999998,1.125362,ITA,BHR,7782
810117,113,24,1310,2002.0,1049.0,0.0,0.34023000000000003,0.264754,JOR,BHR,7782
810118,114,24,1310,2002.0,32524.0,0.0,2.7747580000000003,0.43663199999999996,JPN,BHR,7782
810119,121,24,1310,2002.0,6832.0,0.0,1.4172719999999999,0.8763139999999999,KOR,BHR,7782
810120,122,24,1310,2002.0,0.0,35248.0,-0.794007,-1.192659,KWT,BHR,7782
810121,124,24,1310,2002.0,8310.0,0.0,0.220906,1.470297,LBN,BHR,7782
810122,128,24,1310,2002.0,0.0,1311.0,-0.461765,-0.057614,LKA,BHR,7782
810123,153,24,1310,2002.0,18734.0,0.0,0.9987159999999999,0.26558200000000004,MYS,BHR,7782
810124,162,24,1310,2002.0,262487.0,0.0,1.175777,1.667472,NLD,BHR,7782
810125,167,24,1310,2002.0,14118.0,6585.0,-1.307058,-1.270916,OMN,BHR,7782
810126,174,24,1310,2002.0,2144.0,0.0,0.29601,-0.232513,PHL,BHR,7782
810127,177,24,1310,2002.0,18737.0,0.0,0.9449299999999999,1.655764,POL,BHR,7782
810128,179,24,1310,2002.0,2518.0,0.0,0.584956,1.377068,PRT,BHR,7782
810129,185,24,1310,2002.0,4003.0,0.0,0.549227,1.071998,ROU,BHR,7782
810130,188,24,1310,2002.0,63699.0,29954.0,0.048764,-0.903125,SAU,BHR,7782
810131,192,24,1310,2002.0,127985.0,0.0,1.7077209999999998,0.683549,SGP,BHR,7782
810132,208,24,1310,2002.0,8958.0,0.0,2.134,0.769413,SWE,BHR,7782
810133,216,24,1310,2002.0,51090.0,0.0,0.513887,1.545967,THA,BHR,7782
810134,228,24,1310,2002.0,16210.0,0.0,0.575372,1.131722,UKR,BHR,7782
810135,231,24,1310,2002.0,268573.0,0.0,1.853174,0.120986,USA,BHR,7782
810136,249,24,1310,2002.0,11388.0,0.0,1.9084720000000002,1.253714,TWN,BHR,7782
810137,15,26,1310,2002.0,72884.0,0.0,1.866997,0.400527,AUT,BIH,7782
810138,23,26,1310,2002.0,11229.0,0.0,0.468058,1.644037,BGR,BIH,7782
810139,59,26,1310,2002.0,68702.0,0.0,1.5835139999999999,0.9563010000000001,CZE,BIH,7782
810140,61,26,1310,2002.0,740000.0,24701.0,2.367856,-2.195331,DEU,BIH,7782
810141,81,26,1310,2002.0,11327.0,0.0,2.067395,0.7934359999999999,GBR,BIH,7782
810142,100,26,1310,2002.0,382756.0,0.0,0.603546,1.273001,HRV,BIH,7782
810143,102,26,1310,2002.0,1041000.0,0.0,1.232359,1.064425,HUN,BIH,7782
810144,111,26,1310,2002.0,100281.0,0.0,1.3944219999999998,1.125362,ITA,BIH,7782
810145,114,26,1310,2002.0,2551.0,0.0,2.7747580000000003,0.43663199999999996,JPN,BIH,7782
810146,162,26,1310,2002.0,3786.0,0.0,1.175777,1.667472,NLD,BIH,7782
810147,177,26,1310,2002.0,215000.0,0.0,0.9449299999999999,1.655764,POL,BIH,7782
810148,189,26,1310,2002.0,92469.0,1582.0,0.523459,2.58657,SCG,BIH,7782
810149,206,26,1310,2002.0,15671.0,0.0,1.269549,1.184774,SVK,BIH,7782
810150,207,26,1310,2002.0,254037.0,0.0,1.469681,1.13303,SVN,BIH,7782
810151,224,26,1310,2002.0,14792.0,0.0,0.12982,1.8032650000000001,TUR,BIH,7782
810152,231,26,1310,2002.0,12600.0,0.0,1.853174,0.120986,USA,BIH,7782
810153,14,100,1310,2002.0,3525.0,0.0,-0.052462,0.759617,AUS,HRV,7782
810154,15,100,1310,2002.0,293050.0,3760.0,1.866997,0.400527,AUT,HRV,7782
810155,18,100,1310,2002.0,372618.0,122303.0,1.424339,1.372755,BEL,HRV,7782
810156,26,100,1310,2002.0,0.0,382756.0,0.223543,0.44595100000000004,BIH,HRV,7782
810157,32,100,1310,2002.0,1921.0,0.0,0.631343,1.249344,BRA,HRV,7782
810158,41,100,1310,2002.0,18169.0,0.0,2.205507,0.831836,CHE,HRV,7782
810159,43,100,1310,2002.0,253803.0,0.0,0.6181220000000001,1.9636759999999998,CHN,HRV,7782
810160,59,100,1310,2002.0,109600.0,16447.0,1.5835139999999999,0.9563010000000001,CZE,HRV,7782
810161,61,100,1310,2002.0,4386586.0,113284.0,2.367856,-2.195331,DEU,HRV,7782
810162,64,100,1310,2002.0,4757.0,0.0,1.344708,1.321135,DNK,HRV,7782
810163,71,100,1310,2002.0,2356.0,0.0,1.054108,1.9357349999999998,ESP,HRV,7782
810164,72,100,1310,2002.0,0.0,1636.0,0.576142,1.168563,EST,HRV,7782
810165,74,100,1310,2002.0,1968.0,0.0,1.9545119999999998,1.047515,FIN,HRV,7782
810166,77,100,1310,2002.0,355763.0,12243.0,1.648526,0.6870430000000001,FRA,HRV,7782
810167,81,100,1310,2002.0,102876.0,41991.0,2.067395,0.7934359999999999,GBR,HRV,7782
810168,90,100,1310,2002.0,2127.0,0.0,0.20355399999999998,1.4130200000000002,GRC,HRV,7782
810169,97,100,1310,2002.0,9816.0,0.0,0.704932,1.291658,HKG,HRV,7782
810170,102,100,1310,2002.0,1827407.0,0.0,1.232359,1.064425,HUN,HRV,7782
810171,104,100,1310,2002.0,9754.0,0.0,0.32974000000000003,2.376477,IND,HRV,7782
810172,106,100,1310,2002.0,2349.0,0.0,1.7939310000000002,0.219254,IRL,HRV,7782
810173,111,100,1310,2002.0,524112.0,60473.0,1.3944219999999998,1.125362,ITA,HRV,7782
810174,114,100,1310,2002.0,14149.0,0.0,2.7747580000000003,0.43663199999999996,JPN,HRV,7782
810175,121,100,1310,2002.0,11334.0,0.0,1.4172719999999999,0.8763139999999999,KOR,HRV,7782
810176,124,100,1310,2002.0,0.0,2218.0,0.220906,1.470297,LBN,HRV,7782
810177,130,100,1310,2002.0,1281.0,0.0,0.15796,0.855931,LTU,HRV,7782
810178,131,100,1310,2002.0,9359.0,0.0,1.396249,1.153017,LUX,HRV,7782
810179,136,100,1310,2002.0,1275.0,0.0,-1.109564,-0.642039,MDG,HRV,7782
810180,138,100,1310,2002.0,1480.0,0.0,1.2677129999999999,0.599314,MEX,HRV,7782
810181,140,100,1310,2002.0,0.0,170257.0,-0.027727999999999996,0.41846400000000006,MKD,HRV,7782
810182,162,100,1310,2002.0,190139.0,0.0,1.175777,1.667472,NLD,HRV,7782
810183,163,100,1310,2002.0,23200.0,0.0,0.689588,-0.007016,NOR,HRV,7782
810184,177,100,1310,2002.0,1092066.0,0.0,0.9449299999999999,1.655764,POL,HRV,7782
810185,185,100,1310,2002.0,44753.0,1268.0,0.549227,1.071998,ROU,HRV,7782
810186,186,100,1310,2002.0,0.0,17762.0,0.6051449999999999,0.272307,RUS,HRV,7782
810187,189,100,1310,2002.0,38706.0,35311.0,0.523459,2.58657,SCG,HRV,7782
810188,192,100,1310,2002.0,1593.0,0.0,1.7077209999999998,0.683549,SGP,HRV,7782
810189,206,100,1310,2002.0,249586.0,0.0,1.269549,1.184774,SVK,HRV,7782
810190,207,100,1310,2002.0,328929.0,51948.0,1.469681,1.13303,SVN,HRV,7782
810191,208,100,1310,2002.0,24858.0,0.0,2.134,0.769413,SWE,HRV,7782
810192,216,100,1310,2002.0,1031.0,0.0,0.513887,1.545967,THA,HRV,7782
810193,223,100,1310,2002.0,0.0,2864.0,0.059876,0.369032,TUN,HRV,7782
810194,224,100,1310,2002.0,2262.0,6611.0,0.12982,1.8032650000000001,TUR,HRV,7782
810195,228,100,1310,2002.0,73946.0,0.0,0.575372,1.131722,UKR,HRV,7782
810196,231,100,1310,2002.0,60946.0,26745.0,1.853174,0.120986,USA,HRV,7782
810197,249,100,1310,2002.0,7383.0,0.0,1.9084720000000002,1.253714,TWN,HRV,7782
810198,18,109,1310,2002.0,243412.0,0.0,1.424339,1.372755,BEL,ISL,7782
810199,39,109,1310,2002.0,0.0,1723.0,0.9672360000000001,1.389981,CAN,ISL,7782
810200,41,109,1310,2002.0,3251.0,0.0,2.205507,0.831836,CHE,ISL,7782
810201,43,109,1310,2002.0,32238.0,0.0,0.6181220000000001,1.9636759999999998,CHN,ISL,7782
810202,59,109,1310,2002.0,1214.0,0.0,1.5835139999999999,0.9563010000000001,CZE,ISL,7782
810203,61,109,1310,2002.0,935146.0,16586.0,2.367856,-2.195331,DEU,ISL,7782
810204,64,109,1310,2002.0,76168.0,0.0,1.344708,1.321135,DNK,ISL,7782
810205,71,109,1310,2002.0,65570.0,0.0,1.054108,1.9357349999999998,ESP,ISL,7782
810206,73,109,1310,2002.0,0.0,29798.0,-1.289118,-1.0291540000000001,ETH,ISL,7782
810207,74,109,1310,2002.0,26782.0,0.0,1.9545119999999998,1.047515,FIN,ISL,7782
810208,77,109,1310,2002.0,161333.0,0.0,1.648526,0.6870430000000001,FRA,ISL,7782
810209,81,109,1310,2002.0,100874.0,0.0,2.067395,0.7934359999999999,GBR,ISL,7782
810210,97,109,1310,2002.0,4293.0,0.0,0.704932,1.291658,HKG,ISL,7782
810211,102,109,1310,2002.0,29605.0,0.0,1.232359,1.064425,HUN,ISL,7782
810212,104,109,1310,2002.0,1091.0,3535.0,0.32974000000000003,2.376477,IND,ISL,7782
810213,111,109,1310,2002.0,380418.0,2258.0,1.3944219999999998,1.125362,ITA,ISL,7782
810214,114,109,1310,2002.0,13177.0,3163.0,2.7747580000000003,0.43663199999999996,JPN,ISL,7782
810215,121,109,1310,2002.0,28884.0,0.0,1.4172719999999999,0.8763139999999999,KOR,ISL,7782
810216,162,109,1310,2002.0,182514.0,0.0,1.175777,1.667472,NLD,ISL,7782
810217,163,109,1310,2002.0,746961.0,9873.0,0.689588,-0.007016,NOR,ISL,7782
810218,177,109,1310,2002.0,21024.0,0.0,0.9449299999999999,1.655764,POL,ISL,7782
810219,185,109,1310,2002.0,1136.0,0.0,0.549227,1.071998,ROU,ISL,7782
810220,206,109,1310,2002.0,2596.0,0.0,1.269549,1.184774,SVK,ISL,7782
810221,207,109,1310,2002.0,1060.0,0.0,1.469681,1.13303,SVN,ISL,7782
810222,208,109,1310,2002.0,86755.0,2092.0,2.134,0.769413,SWE,ISL,7782
810223,231,109,1310,2002.0,38695.0,0.0,1.853174,0.120986,USA,ISL,7782
810224,239,109,1310,2002.0,2380.0,0.0,-0.44170699999999996,0.544708,VNM,ISL,7782
810225,249,109,1310,2002.0,3955.0,0.0,1.9084720000000002,1.253714,TWN,ISL,7782
810226,15,126,1310,2002.0,18911.0,0.0,1.866997,0.400527,AUT,LBY,7782
810227,18,126,1310,2002.0,3403.0,0.0,1.424339,1.372755,BEL,LBY,7782
810228,39,126,1310,2002.0,19720.0,0.0,0.9672360000000001,1.389981,CAN,LBY,7782
810229,41,126,1310,2002.0,4629.0,0.0,2.205507,0.831836,CHE,LBY,7782
810230,43,126,1310,2002.0,658866.0,0.0,0.6181220000000001,1.9636759999999998,CHN,LBY,7782
810231,61,126,1310,2002.0,758000.0,0.0,2.367856,-2.195331,DEU,LBY,7782
810232,68,126,1310,2002.0,49393.0,0.0,-0.37218,0.634319,EGY,LBY,7782
810233,71,126,1310,2002.0,344038.0,0.0,1.054108,1.9357349999999998,ESP,LBY,7782
810234,77,126,1310,2002.0,11331.0,0.0,1.648526,0.6870430000000001,FRA,LBY,7782
810235,81,126,1310,2002.0,146145.0,0.0,2.067395,0.7934359999999999,GBR,LBY,7782
810236,102,126,1310,2002.0,865000.0,0.0,1.232359,1.064425,HUN,LBY,7782
810237,111,126,1310,2002.0,1505226.0,0.0,1.3944219999999998,1.125362,ITA,LBY,7782
810238,114,126,1310,2002.0,1975.0,0.0,2.7747580000000003,0.43663199999999996,JPN,LBY,7782
810239,121,126,1310,2002.0,18319.0,0.0,1.4172719999999999,0.8763139999999999,KOR,LBY,7782
810240,142,126,1310,2002.0,8065.0,0.0,0.901235,-0.140261,MLT,LBY,7782
810241,162,126,1310,2002.0,34975.0,0.0,1.175777,1.667472,NLD,LBY,7782
810242,185,126,1310,2002.0,103000.0,0.0,0.549227,1.071998,ROU,LBY,7782
810243,192,126,1310,2002.0,13888.0,0.0,1.7077209999999998,0.683549,SGP,LBY,7782
810244,206,126,1310,2002.0,232173.0,0.0,1.269549,1.184774,SVK,LBY,7782
810245,223,126,1310,2002.0,33531.0,0.0,0.059876,0.369032,TUN,LBY,7782
810246,224,126,1310,2002.0,98050.0,0.0,0.12982,1.8032650000000001,TUR,LBY,7782
810247,18,135,1310,2002.0,147088.0,14130.0,1.424339,1.372755,BEL,MDA,7782
810248,23,135,1310,2002.0,2475.0,0.0,0.468058,1.644037,BGR,MDA,7782
810249,28,135,1310,2002.0,64704.0,0.0,0.865742,1.1823860000000002,BLR,MDA,7782
810250,39,135,1310,2002.0,0.0,3391.0,0.9672360000000001,1.389981,CAN,MDA,7782
810251,43,135,1310,2002.0,2868.0,0.0,0.6181220000000001,1.9636759999999998,CHN,MDA,7782
810252,59,135,1310,2002.0,5364.0,0.0,1.5835139999999999,0.9563010000000001,CZE,MDA,7782
810253,61,135,1310,2002.0,110211.0,0.0,2.367856,-2.195331,DEU,MDA,7782
810254,77,135,1310,2002.0,4698.0,0.0,1.648526,0.6870430000000001,FRA,MDA,7782
810255,102,135,1310,2002.0,8940.0,0.0,1.232359,1.064425,HUN,MDA,7782
810256,110,135,1310,2002.0,3191.0,0.0,1.257709,0.8318989999999999,ISR,MDA,7782
810257,111,135,1310,2002.0,18759.0,0.0,1.3944219999999998,1.125362,ITA,MDA,7782
810258,117,135,1310,2002.0,20813.0,0.0,-0.094898,0.235639,KGZ,MDA,7782
810259,162,135,1310,2002.0,3947.0,0.0,1.175777,1.667472,NLD,MDA,7782
810260,177,135,1310,2002.0,35405.0,0.0,0.9449299999999999,1.655764,POL,MDA,7782
810261,185,135,1310,2002.0,191688.0,0.0,0.549227,1.071998,ROU,MDA,7782
810262,186,135,1310,2002.0,380064.0,0.0,0.6051449999999999,0.272307,RUS,MDA,7782
810263,206,135,1310,2002.0,2685.0,0.0,1.269549,1.184774,SVK,MDA,7782
810264,224,135,1310,2002.0,23982.0,0.0,0.12982,1.8032650000000001,TUR,MDA,7782
810265,228,135,1310,2002.0,350168.0,0.0,0.575372,1.131722,UKR,MDA,7782
810266,231,135,1310,2002.0,0.0,2781.0,1.853174,0.120986,USA,MDA,7782
810267,7,140,1310,2002.0,1674.0,0.0,-0.288838,-0.640049,ARE,MKD,7782
810268,15,140,1310,2002.0,5505.0,0.0,1.866997,0.400527,AUT,MKD,7782
810269,18,140,1310,2002.0,50042.0,0.0,1.424339,1.372755,BEL,MKD,7782
810270,23,140,1310,2002.0,68415.0,0.0,0.468058,1.644037,BGR,MKD,7782
810271,32,140,1310,2002.0,2055.0,0.0,0.631343,1.249344,BRA,MKD,7782
810272,41,140,1310,2002.0,6762.0,0.0,2.205507,0.831836,CHE,MKD,7782
810273,43,140,1310,2002.0,5411.0,0.0,0.6181220000000001,1.9636759999999998,CHN,MKD,7782
810274,59,140,1310,2002.0,9986.0,0.0,1.5835139999999999,0.9563010000000001,CZE,MKD,7782
810275,61,140,1310,2002.0,87452.0,0.0,2.367856,-2.195331,DEU,MKD,7782
810276,77,140,1310,2002.0,22798.0,0.0,1.648526,0.6870430000000001,FRA,MKD,7782
810277,81,140,1310,2002.0,4706.0,0.0,2.067395,0.7934359999999999,GBR,MKD,7782
810278,90,140,1310,2002.0,698327.0,0.0,0.20355399999999998,1.4130200000000002,GRC,MKD,7782
810279,100,140,1310,2002.0,170257.0,0.0,0.603546,1.273001,HRV,MKD,7782
810280,102,140,1310,2002.0,272420.0,0.0,1.232359,1.064425,HUN,MKD,7782
810281,104,140,1310,2002.0,1027.0,0.0,0.32974000000000003,2.376477,IND,MKD,7782
810282,111,140,1310,2002.0,56919.0,1769.0,1.3944219999999998,1.125362,ITA,MKD,7782
810283,162,140,1310,2002.0,72176.0,0.0,1.175777,1.667472,NLD,MKD,7782
810284,177,140,1310,2002.0,212863.0,0.0,0.9449299999999999,1.655764,POL,MKD,7782
810285,186,140,1310,2002.0,3201.0,0.0,0.6051449999999999,0.272307,RUS,MKD,7782
810286,189,140,1310,2002.0,141130.0,24733.0,0.523459,2.58657,SCG,MKD,7782
810287,206,140,1310,2002.0,17333.0,0.0,1.269549,1.184774,SVK,MKD,7782
810288,207,140,1310,2002.0,48076.0,0.0,1.469681,1.13303,SVN,MKD,7782
810289,224,140,1310,2002.0,64351.0,0.0,0.12982,1.8032650000000001,TUR,MKD,7782
810290,228,140,1310,2002.0,7981.0,0.0,0.575372,1.131722,UKR,MKD,7782
810291,231,140,1310,2002.0,6456.0,0.0,1.853174,0.120986,USA,MKD,7782
810292,22,143,1310,2002.0,0.0,19256.0,-0.9509,-1.113308,BGD,MMR,7782
810293,43,143,1310,2002.0,1762197.0,0.0,0.6181220000000001,1.9636759999999998,CHN,MMR,7782
810294,61,143,1310,2002.0,1000.0,0.0,2.367856,-2.195331,DEU,MMR,7782
810295,81,143,1310,2002.0,5008.0,0.0,2.067395,0.7934359999999999,GBR,MMR,7782
810296,103,143,1310,2002.0,198475.0,0.0,0.098182,1.7305840000000001,IDN,MMR,7782
810297,104,143,1310,2002.0,128593.0,0.0,0.32974000000000003,2.376477,IND,MMR,7782
810298,114,143,1310,2002.0,10140.0,0.0,2.7747580000000003,0.43663199999999996,JPN,MMR,7782
810299,121,143,1310,2002.0,332004.0,0.0,1.4172719999999999,0.8763139999999999,KOR,MMR,7782
810300,153,143,1310,2002.0,19189.0,0.0,0.9987159999999999,0.26558200000000004,MYS,MMR,7782
810301,192,143,1310,2002.0,640694.0,0.0,1.7077209999999998,0.683549,SGP,MMR,7782
810302,216,143,1310,2002.0,451594.0,0.0,0.513887,1.545967,THA,MMR,7782
810303,239,143,1310,2002.0,245599.0,0.0,-0.44170699999999996,0.544708,VNM,MMR,7782
810304,249,143,1310,2002.0,5597.0,0.0,1.9084720000000002,1.253714,TWN,MMR,7782
810305,14,178,1310,2002.0,0.0,14173.0,-0.052462,0.759617,AUS,PRK,7782
810306,15,178,1310,2002.0,2805.0,14633.0,1.866997,0.400527,AUT,PRK,7782
810307,28,178,1310,2002.0,4705.0,0.0,0.865742,1.1823860000000002,BLR,PRK,7782
810308,32,178,1310,2002.0,134465.0,484479.0,0.631343,1.249344,BRA,PRK,7782
810309,39,178,1310,2002.0,3397.0,0.0,0.9672360000000001,1.389981,CAN,PRK,7782
810310,43,178,1310,2002.0,644149.0,0.0,0.6181220000000001,1.9636759999999998,CHN,PRK,7782
810311,61,178,1310,2002.0,84000.0,1603.0,2.367856,-2.195331,DEU,PRK,7782
810312,71,178,1310,2002.0,0.0,9427.0,1.054108,1.9357349999999998,ESP,PRK,7782
810313,77,178,1310,2002.0,2835.0,0.0,1.648526,0.6870430000000001,FRA,PRK,7782
810314,81,178,1310,2002.0,0.0,352818.0,2.067395,0.7934359999999999,GBR,PRK,7782
810315,97,178,1310,2002.0,15482.0,0.0,0.704932,1.291658,HKG,PRK,7782
810316,99,178,1310,2002.0,0.0,14635.0,-0.637891,-0.564421,HND,PRK,7782
810317,104,178,1310,2002.0,128115.0,0.0,0.32974000000000003,2.376477,IND,PRK,7782
810318,114,178,1310,2002.0,534801.0,0.0,2.7747580000000003,0.43663199999999996,JPN,PRK,7782
810319,124,178,1310,2002.0,0.0,12636.0,0.220906,1.470297,LBN,PRK,7782
810320,138,178,1310,2002.0,0.0,34262.0,1.2677129999999999,0.599314,MEX,PRK,7782
810321,160,178,1310,2002.0,0.0,2221.0,-0.634946,-0.37966,NIC,PRK,7782
810322,186,178,1310,2002.0,21086.0,1228.0,0.6051449999999999,0.272307,RUS,PRK,7782
810323,192,178,1310,2002.0,9963.0,0.0,1.7077209999999998,0.683549,SGP,PRK,7782
810324,206,178,1310,2002.0,0.0,1579.0,1.269549,1.184774,SVK,PRK,7782
810325,208,178,1310,2002.0,4228.0,0.0,2.134,0.769413,SWE,PRK,7782
810326,216,178,1310,2002.0,396380.0,0.0,0.513887,1.545967,THA,PRK,7782
810327,4,189,1310,2002.0,4354.0,0.0,-0.05800399999999999,0.042254,ALB,SCG,7782
810328,15,189,1310,2002.0,184374.0,0.0,1.866997,0.400527,AUT,SCG,7782
810329,18,189,1310,2002.0,46460.0,13352.0,1.424339,1.372755,BEL,SCG,7782
810330,23,189,1310,2002.0,28949.0,0.0,0.468058,1.644037,BGR,SCG,7782
810331,26,189,1310,2002.0,1582.0,92469.0,0.223543,0.44595100000000004,BIH,SCG,7782
810332,32,189,1310,2002.0,6133.0,0.0,0.631343,1.249344,BRA,SCG,7782
810333,41,189,1310,2002.0,30249.0,0.0,2.205507,0.831836,CHE,SCG,7782
810334,43,189,1310,2002.0,60642.0,0.0,0.6181220000000001,1.9636759999999998,CHN,SCG,7782
810335,59,189,1310,2002.0,21949.0,0.0,1.5835139999999999,0.9563010000000001,CZE,SCG,7782
810336,61,189,1310,2002.0,2009782.0,116419.0,2.367856,-2.195331,DEU,SCG,7782
810337,64,189,1310,2002.0,10041.0,0.0,1.344708,1.321135,DNK,SCG,7782
810338,66,189,1310,2002.0,0.0,2803.0,-0.9281389999999999,-1.19549,DZA,SCG,7782
810339,71,189,1310,2002.0,2368.0,0.0,1.054108,1.9357349999999998,ESP,SCG,7782
810340,74,189,1310,2002.0,2635.0,0.0,1.9545119999999998,1.047515,FIN,SCG,7782
810341,77,189,1310,2002.0,239954.0,0.0,1.648526,0.6870430000000001,FRA,SCG,7782
810342,81,189,1310,2002.0,42023.0,0.0,2.067395,0.7934359999999999,GBR,SCG,7782
810343,90,189,1310,2002.0,171538.0,0.0,0.20355399999999998,1.4130200000000002,GRC,SCG,7782
810344,97,189,1310,2002.0,5545.0,0.0,0.704932,1.291658,HKG,SCG,7782
810345,100,189,1310,2002.0,35311.0,38706.0,0.603546,1.273001,HRV,SCG,7782
810346,102,189,1310,2002.0,1915791.0,1726.0,1.232359,1.064425,HUN,SCG,7782
810347,111,189,1310,2002.0,266963.0,0.0,1.3944219999999998,1.125362,ITA,SCG,7782
810348,114,189,1310,2002.0,6405.0,0.0,2.7747580000000003,0.43663199999999996,JPN,SCG,7782
810349,115,189,1310,2002.0,0.0,8312.0,-0.100361,-0.502468,KAZ,SCG,7782
810350,121,189,1310,2002.0,2114.0,0.0,1.4172719999999999,0.8763139999999999,KOR,SCG,7782
810351,140,189,1310,2002.0,24733.0,141130.0,-0.027727999999999996,0.41846400000000006,MKD,SCG,7782
810352,159,189,1310,2002.0,0.0,2565.0,-1.705991,-1.292926,NGA,SCG,7782
810353,162,189,1310,2002.0,613840.0,0.0,1.175777,1.667472,NLD,SCG,7782
810354,163,189,1310,2002.0,1218.0,0.0,0.689588,-0.007016,NOR,SCG,7782
810355,169,189,1310,2002.0,0.0,6660.0,0.085746,0.21839,PAN,SCG,7782
810356,177,189,1310,2002.0,1596626.0,0.0,0.9449299999999999,1.655764,POL,SCG,7782
810357,185,189,1310,2002.0,74085.0,0.0,0.549227,1.071998,ROU,SCG,7782
810358,186,189,1310,2002.0,0.0,2274.0,0.6051449999999999,0.272307,RUS,SCG,7782
810359,196,189,1310,2002.0,1208.0,0.0,0.29478899999999997,0.055865,SLE,SCG,7782
810360,206,189,1310,2002.0,65352.0,0.0,1.269549,1.184774,SVK,SCG,7782
810361,207,189,1310,2002.0,96982.0,3569.0,1.469681,1.13303,SVN,SCG,7782
810362,208,189,1310,2002.0,3315.0,0.0,2.134,0.769413,SWE,SCG,7782
810363,216,189,1310,2002.0,1260.0,0.0,0.513887,1.545967,THA,SCG,7782
810364,224,189,1310,2002.0,88622.0,0.0,0.12982,1.8032650000000001,TUR,SCG,7782
810365,231,189,1310,2002.0,31190.0,0.0,1.853174,0.120986,USA,SCG,7782
810366,249,189,1310,2002.0,2448.0,0.0,1.9084720000000002,1.253714,TWN,SCG,7782
810367,250,189,1310,2002.0,19812.0,0.0,0.5979300000000001,-0.497816,ANS,SCG,7782
810368,18,212,1310,2002.0,72878.0,0.0,1.424339,1.372755,BEL,SYR,7782
810369,23,212,1310,2002.0,0.0,4065.0,0.468058,1.644037,BGR,SYR,7782
810370,28,212,1310,2002.0,2003.0,0.0,0.865742,1.1823860000000002,BLR,SYR,7782
810371,32,212,1310,2002.0,29192.0,0.0,0.631343,1.249344,BRA,SYR,7782
810372,41,212,1310,2002.0,2915.0,0.0,2.205507,0.831836,CHE,SYR,7782
810373,43,212,1310,2002.0,3523401.0,0.0,0.6181220000000001,1.9636759999999998,CHN,SYR,7782
810374,59,212,1310,2002.0,41355.0,0.0,1.5835139999999999,0.9563010000000001,CZE,SYR,7782
810375,61,212,1310,2002.0,1834594.0,0.0,2.367856,-2.195331,DEU,SYR,7782
810376,68,212,1310,2002.0,5148.0,0.0,-0.37218,0.634319,EGY,SYR,7782
810377,71,212,1310,2002.0,79316.0,0.0,1.054108,1.9357349999999998,ESP,SYR,7782
810378,77,212,1310,2002.0,159875.0,0.0,1.648526,0.6870430000000001,FRA,SYR,7782
810379,81,212,1310,2002.0,11898.0,0.0,2.067395,0.7934359999999999,GBR,SYR,7782
810380,97,212,1310,2002.0,3637.0,0.0,0.704932,1.291658,HKG,SYR,7782
810381,102,212,1310,2002.0,1353615.0,0.0,1.232359,1.064425,HUN,SYR,7782
810382,103,212,1310,2002.0,100157.0,0.0,0.098182,1.7305840000000001,IDN,SYR,7782
810383,104,212,1310,2002.0,58820.0,0.0,0.32974000000000003,2.376477,IND,SYR,7782
810384,107,212,1310,2002.0,1034.0,0.0,-0.665259,-0.840274,IRN,SYR,7782
810385,111,212,1310,2002.0,138689.0,0.0,1.3944219999999998,1.125362,ITA,SYR,7782
810386,114,212,1310,2002.0,36539.0,0.0,2.7747580000000003,0.43663199999999996,JPN,SYR,7782
810387,121,212,1310,2002.0,125729.0,0.0,1.4172719999999999,0.8763139999999999,KOR,SYR,7782
810388,124,212,1310,2002.0,10218.0,0.0,0.220906,1.470297,LBN,SYR,7782
810389,153,212,1310,2002.0,1159.0,0.0,0.9987159999999999,0.26558200000000004,MYS,SYR,7782
810390,162,212,1310,2002.0,1706035.0,0.0,1.175777,1.667472,NLD,SYR,7782
810391,177,212,1310,2002.0,375213.0,0.0,0.9449299999999999,1.655764,POL,SYR,7782
810392,185,212,1310,2002.0,35006.0,0.0,0.549227,1.071998,ROU,SYR,7782
810393,192,212,1310,2002.0,24638.0,0.0,1.7077209999999998,0.683549,SGP,SYR,7782
810394,216,212,1310,2002.0,277347.0,0.0,0.513887,1.545967,THA,SYR,7782
810395,224,212,1310,2002.0,15553.0,0.0,0.12982,1.8032650000000001,TUR,SYR,7782
810396,228,212,1310,2002.0,220016.0,0.0,0.575372,1.131722,UKR,SYR,7782
810397,231,212,1310,2002.0,39594.0,0.0,1.853174,0.120986,USA,SYR,7782
810398,239,212,1310,2002.0,2562.0,0.0,-0.44170699999999996,0.544708,VNM,SYR,7782
810399,249,212,1310,2002.0,86536.0,0.0,1.9084720000000002,1.253714,TWN,SYR,7782
810400,7,85,1310,2002.0,923970.0,0.0,-0.288838,-0.640049,ARE,GIN,7782
810401,18,85,1310,2002.0,478257.0,0.0,1.424339,1.372755,BEL,GIN,7782
810402,43,85,1310,2002.0,44483.0,0.0,0.6181220000000001,1.9636759999999998,CHN,GIN,7782
810403,61,85,1310,2002.0,3495.0,0.0,2.367856,-2.195331,DEU,GIN,7782
810404,71,85,1310,2002.0,1725.0,0.0,1.054108,1.9357349999999998,ESP,GIN,7782
810405,77,85,1310,2002.0,27860.0,0.0,1.648526,0.6870430000000001,FRA,GIN,7782
810406,80,85,1310,2002.0,1649.0,0.0,-1.34341,-1.238593,GAB,GIN,7782
810407,81,85,1310,2002.0,12042.0,0.0,2.067395,0.7934359999999999,GBR,GIN,7782
810408,97,85,1310,2002.0,85393.0,0.0,0.704932,1.291658,HKG,GIN,7782
810409,104,85,1310,2002.0,4343.0,0.0,0.32974000000000003,2.376477,IND,GIN,7782
810410,111,85,1310,2002.0,9087.0,0.0,1.3944219999999998,1.125362,ITA,GIN,7782
810411,114,85,1310,2002.0,1596.0,0.0,2.7747580000000003,0.43663199999999996,JPN,GIN,7782
810412,124,85,1310,2002.0,5220.0,0.0,0.220906,1.470297,LBN,GIN,7782
810413,134,85,1310,2002.0,23423.0,0.0,-0.690226,-0.42557,MAR,GIN,7782
810414,188,85,1310,2002.0,2295.0,0.0,0.048764,-0.903125,SAU,GIN,7782
810415,192,85,1310,2002.0,2875.0,0.0,1.7077209999999998,0.683549,SGP,GIN,7782
810416,224,85,1310,2002.0,4367.0,0.0,0.12982,1.8032650000000001,TUR,GIN,7782
810417,231,85,1310,2002.0,1853.0,0.0,1.853174,0.120986,USA,GIN,7782
810418,43,133,1310,2002.0,294152.0,27416.0,0.6181220000000001,1.9636759999999998,CHN,MAC,7782
810419,61,133,1310,2002.0,610504.0,0.0,2.367856,-2.195331,DEU,MAC,7782
810420,64,133,1310,2002.0,0.0,1518.0,1.344708,1.321135,DNK,MAC,7782
810421,71,133,1310,2002.0,11354.0,0.0,1.054108,1.9357349999999998,ESP,MAC,7782
810422,77,133,1310,2002.0,1858.0,0.0,1.648526,0.6870430000000001,FRA,MAC,7782
810423,81,133,1310,2002.0,4161.0,0.0,2.067395,0.7934359999999999,GBR,MAC,7782
810424,97,133,1310,2002.0,560575.0,28350.0,0.704932,1.291658,HKG,MAC,7782
810425,103,133,1310,2002.0,6315.0,0.0,0.098182,1.7305840000000001,IDN,MAC,7782
810426,111,133,1310,2002.0,5625.0,50263.0,1.3944219999999998,1.125362,ITA,MAC,7782
810427,114,133,1310,2002.0,18206.0,0.0,2.7747580000000003,0.43663199999999996,JPN,MAC,7782
810428,138,133,1310,2002.0,0.0,1381.0,1.2677129999999999,0.599314,MEX,MAC,7782
810429,162,133,1310,2002.0,20033.0,0.0,1.175777,1.667472,NLD,MAC,7782
810430,179,133,1310,2002.0,3129.0,0.0,0.584956,1.377068,PRT,MAC,7782
810431,192,133,1310,2002.0,5714.0,0.0,1.7077209999999998,0.683549,SGP,MAC,7782
810432,216,133,1310,2002.0,11198.0,0.0,0.513887,1.545967,THA,MAC,7782
810433,231,133,1310,2002.0,4232.0,62492.0,1.853174,0.120986,USA,MAC,7782
810434,249,133,1310,2002.0,47378.0,9719.0,1.9084720000000002,1.253714,TWN,MAC,7782
810435,8,168,1310,2002.0,3631.0,1099.0,0.045376,0.71768,ARG,PAK,7782
810436,14,168,1310,2002.0,3338.0,3517.0,-0.052462,0.759617,AUS,PAK,7782
810437,18,168,1310,2002.0,678170.0,0.0,1.424339,1.372755,BEL,PAK,7782
810438,32,168,1310,2002.0,3100.0,0.0,0.631343,1.249344,BRA,PAK,7782
810439,39,168,1310,2002.0,0.0,3233.0,0.9672360000000001,1.389981,CAN,PAK,7782
810440,41,168,1310,2002.0,3547.0,0.0,2.205507,0.831836,CHE,PAK,7782
810441,43,168,1310,2002.0,9095700.0,0.0,0.6181220000000001,1.9636759999999998,CHN,PAK,7782
810442,59,168,1310,2002.0,0.0,2472.0,1.5835139999999999,0.9563010000000001,CZE,PAK,7782
810443,61,168,1310,2002.0,832000.0,200248.0,2.367856,-2.195331,DEU,PAK,7782
810444,71,168,1310,2002.0,0.0,294880.0,1.054108,1.9357349999999998,ESP,PAK,7782
810445,77,168,1310,2002.0,100098.0,0.0,1.648526,0.6870430000000001,FRA,PAK,7782
810446,81,168,1310,2002.0,78030.0,380946.0,2.067395,0.7934359999999999,GBR,PAK,7782
810447,97,168,1310,2002.0,72354.0,0.0,0.704932,1.291658,HKG,PAK,7782
810448,102,168,1310,2002.0,790000.0,0.0,1.232359,1.064425,HUN,PAK,7782
810449,103,168,1310,2002.0,440328.0,0.0,0.098182,1.7305840000000001,IDN,PAK,7782
810450,111,168,1310,2002.0,148812.0,455926.0,1.3944219999999998,1.125362,ITA,PAK,7782
810451,114,168,1310,2002.0,340267.0,0.0,2.7747580000000003,0.43663199999999996,JPN,PAK,7782
810452,121,168,1310,2002.0,284402.0,0.0,1.4172719999999999,0.8763139999999999,KOR,PAK,7782
810453,122,168,1310,2002.0,0.0,3094.0,-0.794007,-1.192659,KWT,PAK,7782
810454,124,168,1310,2002.0,0.0,1180.0,0.220906,1.470297,LBN,PAK,7782
810455,128,168,1310,2002.0,0.0,11529.0,-0.461765,-0.057614,LKA,PAK,7782
810456,147,168,1310,2002.0,0.0,2024.0,-1.337891,-1.187073,MOZ,PAK,7782
810457,153,168,1310,2002.0,2237.0,1141.0,0.9987159999999999,0.26558200000000004,MYS,PAK,7782
810458,162,168,1310,2002.0,18905.0,105728.0,1.175777,1.667472,NLD,PAK,7782
810459,177,168,1310,2002.0,256000.0,0.0,0.9449299999999999,1.655764,POL,PAK,7782
810460,185,168,1310,2002.0,45583.0,3452.0,0.549227,1.071998,ROU,PAK,7782
810461,192,168,1310,2002.0,161735.0,0.0,1.7077209999999998,0.683549,SGP,PAK,7782
810462,216,168,1310,2002.0,1861152.0,0.0,0.513887,1.545967,THA,PAK,7782
810463,226,168,1310,2002.0,0.0,9541.0,-1.234127,-0.421158,TZA,PAK,7782
810464,227,168,1310,2002.0,0.0,1128.0,-1.262952,-0.903123,UGA,PAK,7782
810465,231,168,1310,2002.0,90284.0,0.0,1.853174,0.120986,USA,PAK,7782
810466,249,168,1310,2002.0,117971.0,0.0,1.9084720000000002,1.253714,TWN,PAK,7782
810467,18,0,1310,2002.0,1148.0,0.0,1.424339,1.372755,BEL,ABW,7782
810468,43,0,1310,2002.0,29490.0,0.0,0.6181220000000001,1.9636759999999998,CHN,ABW,7782
810469,61,0,1310,2002.0,2000.0,0.0,2.367856,-2.195331,DEU,ABW,7782
810470,222,0,1310,2002.0,2800.0,0.0,-0.056315,-0.803537,TTO,ABW,7782
810471,231,0,1310,2002.0,16354.0,0.0,1.853174,0.120986,USA,ABW,7782
810472,6,3,1310,2002.0,2452.0,0.0,0.145946,-0.704052,ANT,AIA,7782
810473,103,3,1310,2002.0,6580.0,0.0,0.098182,1.7305840000000001,IDN,AIA,7782
810474,231,3,1310,2002.0,46935.0,0.0,1.853174,0.120986,USA,AIA,7782
810475,43,29,1310,2002.0,22881.0,0.0,0.6181220000000001,1.9636759999999998,CHN,BLZ,7782
810476,61,29,1310,2002.0,1362.0,0.0,2.367856,-2.195331,DEU,BLZ,7782
810477,81,29,1310,2002.0,2226.0,0.0,2.067395,0.7934359999999999,GBR,BLZ,7782
810478,97,29,1310,2002.0,3063.0,0.0,0.704932,1.291658,HKG,BLZ,7782
810479,138,29,1310,2002.0,8517.0,0.0,1.2677129999999999,0.599314,MEX,BLZ,7782
810480,169,29,1310,2002.0,1726.0,0.0,0.085746,0.21839,PAN,BLZ,7782
810481,231,29,1310,2002.0,51696.0,0.0,1.853174,0.120986,USA,BLZ,7782
810482,249,29,1310,2002.0,10954.0,0.0,1.9084720000000002,1.253714,TWN,BLZ,7782
810483,8,31,1310,2002.0,81162.0,0.0,0.045376,0.71768,ARG,BOL,7782
810484,18,31,1310,2002.0,23513.0,0.0,1.424339,1.372755,BEL,BOL,7782
810485,32,31,1310,2002.0,875468.0,0.0,0.631343,1.249344,BRA,BOL,7782
810486,41,31,1310,2002.0,1246.0,0.0,2.205507,0.831836,CHE,BOL,7782
810487,42,31,1310,2002.0,254853.0,0.0,-0.079201,-0.11449200000000001,CHL,BOL,7782
810488,43,31,1310,2002.0,171560.0,0.0,0.6181220000000001,1.9636759999999998,CHN,BOL,7782
810489,49,31,1310,2002.0,3808.0,0.0,0.219861,0.45238999999999996,COL,BOL,7782
810490,61,31,1310,2002.0,119280.0,0.0,2.367856,-2.195331,DEU,BOL,7782
810491,64,31,1310,2002.0,21903.0,0.0,1.344708,1.321135,DNK,BOL,7782
810492,71,31,1310,2002.0,7009.0,0.0,1.054108,1.9357349999999998,ESP,BOL,7782
810493,77,31,1310,2002.0,1427.0,0.0,1.648526,0.6870430000000001,FRA,BOL,7782
810494,81,31,1310,2002.0,65304.0,0.0,2.067395,0.7934359999999999,GBR,BOL,7782
810495,104,31,1310,2002.0,3806.0,0.0,0.32974000000000003,2.376477,IND,BOL,7782
810496,111,31,1310,2002.0,5074.0,0.0,1.3944219999999998,1.125362,ITA,BOL,7782
810497,114,31,1310,2002.0,5590.0,0.0,2.7747580000000003,0.43663199999999996,JPN,BOL,7782
810498,121,31,1310,2002.0,3862.0,0.0,1.4172719999999999,0.8763139999999999,KOR,BOL,7782
810499,138,31,1310,2002.0,1201.0,0.0,1.2677129999999999,0.599314,MEX,BOL,7782
810500,173,31,1310,2002.0,5808.0,2863.0,-0.456603,0.030838,PER,BOL,7782
810501,231,31,1310,2002.0,130111.0,0.0,1.853174,0.120986,USA,BOL,7782
810502,249,31,1310,2002.0,13456.0,0.0,1.9084720000000002,1.253714,TWN,BOL,7782
810503,250,31,1310,2002.0,237452.0,0.0,0.5979300000000001,-0.497816,ANS,BOL,7782
810504,7,73,1310,2002.0,51804.0,0.0,-0.288838,-0.640049,ARE,ETH,7782
810505,18,73,1310,2002.0,5007.0,0.0,1.424339,1.372755,BEL,ETH,7782
810506,41,73,1310,2002.0,1988.0,0.0,2.205507,0.831836,CHE,ETH,7782
810507,43,73,1310,2002.0,278403.0,0.0,0.6181220000000001,1.9636759999999998,CHN,ETH,7782
810508,61,73,1310,2002.0,24234.0,0.0,2.367856,-2.195331,DEU,ETH,7782
810509,62,73,1310,2002.0,16339.0,0.0,-0.03383,-0.014618,DJI,ETH,7782
810510,71,73,1310,2002.0,18820.0,0.0,1.054108,1.9357349999999998,ESP,ETH,7782
810511,77,73,1310,2002.0,3023.0,0.0,1.648526,0.6870430000000001,FRA,ETH,7782
810512,81,73,1310,2002.0,49526.0,0.0,2.067395,0.7934359999999999,GBR,ETH,7782
810513,97,73,1310,2002.0,4108.0,0.0,0.704932,1.291658,HKG,ETH,7782
810514,104,73,1310,2002.0,54625.0,0.0,0.32974000000000003,2.376477,IND,ETH,7782
810515,109,73,1310,2002.0,29798.0,0.0,0.17011700000000002,-0.33925500000000003,ISL,ETH,7782
810516,111,73,1310,2002.0,28515.0,0.0,1.3944219999999998,1.125362,ITA,ETH,7782
810517,114,73,1310,2002.0,13754.0,0.0,2.7747580000000003,0.43663199999999996,JPN,ETH,7782
810518,162,73,1310,2002.0,94112.0,0.0,1.175777,1.667472,NLD,ETH,7782
810519,186,73,1310,2002.0,1814.0,0.0,0.6051449999999999,0.272307,RUS,ETH,7782
810520,188,73,1310,2002.0,14203.0,0.0,0.048764,-0.903125,SAU,ETH,7782
810521,208,73,1310,2002.0,4872.0,0.0,2.134,0.769413,SWE,ETH,7782
810522,224,73,1310,2002.0,71722.0,0.0,0.12982,1.8032650000000001,TUR,ETH,7782
810523,231,73,1310,2002.0,31327.0,0.0,1.853174,0.120986,USA,ETH,7782
810524,248,73,1310,2002.0,0.0,2489.0,-0.36033000000000004,0.452182,ZWE,ETH,7782
810525,250,73,1310,2002.0,5344.0,0.0,0.5979300000000001,-0.497816,ANS,ETH,7782
810526,43,91,1310,2002.0,1905.0,0.0,0.6181220000000001,1.9636759999999998,CHN,GRD,7782
810527,61,91,1310,2002.0,9171.0,0.0,2.367856,-2.195331,DEU,GRD,7782
810528,63,91,1310,2002.0,0.0,1126.0,0.212137,-0.112873,DMA,GRD,7782
810529,77,91,1310,2002.0,2075.0,0.0,1.648526,0.6870430000000001,FRA,GRD,7782
810530,81,91,1310,2002.0,37711.0,0.0,2.067395,0.7934359999999999,GBR,GRD,7782
810531,111,91,1310,2002.0,6628.0,0.0,1.3944219999999998,1.125362,ITA,GRD,7782
810532,222,91,1310,2002.0,16242.0,0.0,-0.056315,-0.803537,TTO,GRD,7782
810533,231,91,1310,2002.0,28299.0,0.0,1.853174,0.120986,USA,GRD,7782
810534,61,149,1310,2002.0,2517.0,0.0,2.367856,-2.195331,DEU,MSR,7782
810535,81,149,1310,2002.0,11084.0,0.0,2.067395,0.7934359999999999,GBR,MSR,7782
810536,231,149,1310,2002.0,3920.0,0.0,1.853174,0.120986,USA,MSR,7782
810537,15,1,1310,2002.0,0.0,2745.0,1.866997,0.400527,AUT,AFG,7782
810538,43,1,1310,2002.0,40363.0,0.0,0.6181220000000001,1.9636759999999998,CHN,AFG,7782
810539,52,1,1310,2002.0,0.0,3692.0,0.083983,-0.096237,CRI,AFG,7782
810540,61,1,1310,2002.0,62000.0,0.0,2.367856,-2.195331,DEU,AFG,7782
810541,64,1,1310,2002.0,24569.0,0.0,1.344708,1.321135,DNK,AFG,7782
810542,65,1,1310,2002.0,0.0,1526.0,-0.43339300000000003,-0.378827,DOM,AFG,7782
810543,77,1,1310,2002.0,2838.0,0.0,1.648526,0.6870430000000001,FRA,AFG,7782
810544,107,1,1310,2002.0,8018.0,0.0,-0.665259,-0.840274,IRN,AFG,7782
810545,114,1,1310,2002.0,3039.0,0.0,2.7747580000000003,0.43663199999999996,JPN,AFG,7782
810546,117,1,1310,2002.0,100694.0,0.0,-0.094898,0.235639,KGZ,AFG,7782
810547,162,1,1310,2002.0,50106.0,0.0,1.175777,1.667472,NLD,AFG,7782
810548,186,1,1310,2002.0,33542.0,0.0,0.6051449999999999,0.272307,RUS,AFG,7782
810549,224,1,1310,2002.0,17353.0,0.0,0.12982,1.8032650000000001,TUR,AFG,7782
810550,231,1,1310,2002.0,20627.0,0.0,1.853174,0.120986,USA,AFG,7782
810551,15,4,1310,2002.0,1768.0,0.0,1.866997,0.400527,AUT,ALB,7782
810552,23,4,1310,2002.0,156804.0,0.0,0.468058,1.644037,BGR,ALB,7782
810553,43,4,1310,2002.0,85262.0,0.0,0.6181220000000001,1.9636759999999998,CHN,ALB,7782
810554,59,4,1310,2002.0,2806.0,0.0,1.5835139999999999,0.9563010000000001,CZE,ALB,7782
810555,61,4,1310,2002.0,12838.0,0.0,2.367856,-2.195331,DEU,ALB,7782
810556,68,4,1310,2002.0,0.0,44384.0,-0.37218,0.634319,EGY,ALB,7782
810557,71,4,1310,2002.0,0.0,2080.0,1.054108,1.9357349999999998,ESP,ALB,7782
810558,90,4,1310,2002.0,231879.0,0.0,0.20355399999999998,1.4130200000000002,GRC,ALB,7782
810559,102,4,1310,2002.0,73801.0,0.0,1.232359,1.064425,HUN,ALB,7782
810560,111,4,1310,2002.0,167772.0,0.0,1.3944219999999998,1.125362,ITA,ALB,7782
810561,114,4,1310,2002.0,1079.0,0.0,2.7747580000000003,0.43663199999999996,JPN,ALB,7782
810562,185,4,1310,2002.0,7456.0,0.0,0.549227,1.071998,ROU,ALB,7782
810563,186,4,1310,2002.0,58907.0,0.0,0.6051449999999999,0.272307,RUS,ALB,7782
810564,189,4,1310,2002.0,0.0,4354.0,0.523459,2.58657,SCG,ALB,7782
810565,207,4,1310,2002.0,1180.0,0.0,1.469681,1.13303,SVN,ALB,7782
810566,223,4,1310,2002.0,3124.0,0.0,0.059876,0.369032,TUN,ALB,7782
810567,224,4,1310,2002.0,54165.0,0.0,0.12982,1.8032650000000001,TUR,ALB,7782
810568,228,4,1310,2002.0,75500.0,0.0,0.575372,1.131722,UKR,ALB,7782
810569,7,9,1310,2002.0,47968.0,0.0,-0.288838,-0.640049,ARE,ARM,7782
810570,18,9,1310,2002.0,12227.0,0.0,1.424339,1.372755,BEL,ARM,7782
810571,41,9,1310,2002.0,1181.0,0.0,2.205507,0.831836,CHE,ARM,7782
810572,61,9,1310,2002.0,10010.0,0.0,2.367856,-2.195331,DEU,ARM,7782
810573,64,9,1310,2002.0,2216.0,0.0,1.344708,1.321135,DNK,ARM,7782
810574,82,9,1310,2002.0,0.0,8793.0,0.23526999999999998,-0.156333,GEO,ARM,7782
810575,97,9,1310,2002.0,1987.0,0.0,0.704932,1.291658,HKG,ARM,7782
810576,107,9,1310,2002.0,0.0,88747.0,-0.665259,-0.840274,IRN,ARM,7782
810577,111,9,1310,2002.0,12275.0,0.0,1.3944219999999998,1.125362,ITA,ARM,7782
810578,124,9,1310,2002.0,1123.0,0.0,0.220906,1.470297,LBN,ARM,7782
810579,186,9,1310,2002.0,33214.0,0.0,0.6051449999999999,0.272307,RUS,ARM,7782
810580,224,9,1310,2002.0,11820.0,0.0,0.12982,1.8032650000000001,TUR,ARM,7782
810581,228,9,1310,2002.0,155797.0,0.0,0.575372,1.131722,UKR,ARM,7782
810582,231,9,1310,2002.0,2274.0,0.0,1.853174,0.120986,USA,ARM,7782
810583,7,17,1310,2002.0,19815.0,0.0,-0.288838,-0.640049,ARE,BDI,7782
810584,18,17,1310,2002.0,16724.0,0.0,1.424339,1.372755,BEL,BDI,7782
810585,43,17,1310,2002.0,3342.0,0.0,0.6181220000000001,1.9636759999999998,CHN,BDI,7782
810586,61,17,1310,2002.0,1390.0,0.0,2.367856,-2.195331,DEU,BDI,7782
810587,77,17,1310,2002.0,3310.0,0.0,1.648526,0.6870430000000001,FRA,BDI,7782
810588,104,17,1310,2002.0,2638.0,0.0,0.32974000000000003,2.376477,IND,BDI,7782
810589,111,17,1310,2002.0,8185.0,0.0,1.3944219999999998,1.125362,ITA,BDI,7782
810590,116,17,1310,2002.0,4150.0,0.0,-0.59055,0.000731,KEN,BDI,7782
810591,162,17,1310,2002.0,29848.0,0.0,1.175777,1.667472,NLD,BDI,7782
810592,43,21,1310,2002.0,17997.0,0.0,0.6181220000000001,1.9636759999999998,CHN,BFA,7782
810593,61,21,1310,2002.0,27114.0,0.0,2.367856,-2.195331,DEU,BFA,7782
810594,64,21,1310,2002.0,1310.0,0.0,1.344708,1.321135,DNK,BFA,7782
810595,77,21,1310,2002.0,53203.0,0.0,1.648526,0.6870430000000001,FRA,BFA,7782
810596,83,21,1310,2002.0,0.0,2301.0,-1.258567,-1.048266,GHA,BFA,7782
810597,90,21,1310,2002.0,0.0,10260.0,0.20355399999999998,1.4130200000000002,GRC,BFA,7782
810598,97,21,1310,2002.0,24269.0,0.0,0.704932,1.291658,HKG,BFA,7782
810599,103,21,1310,2002.0,25184.0,0.0,0.098182,1.7305840000000001,IDN,BFA,7782
810600,111,21,1310,2002.0,4225.0,0.0,1.3944219999999998,1.125362,ITA,BFA,7782
810601,114,21,1310,2002.0,3341.0,0.0,2.7747580000000003,0.43663199999999996,JPN,BFA,7782
810602,141,21,1310,2002.0,0.0,1852.0,-0.786698,-0.682438,MLI,BFA,7782
810603,157,21,1310,2002.0,0.0,3439.0,-0.562837,-0.333649,NER,BFA,7782
810604,162,21,1310,2002.0,3093.0,0.0,1.175777,1.667472,NLD,BFA,7782
810605,188,21,1310,2002.0,3276.0,0.0,0.048764,-0.903125,SAU,BFA,7782
810606,223,21,1310,2002.0,9587.0,0.0,0.059876,0.369032,TUN,BFA,7782
810607,231,21,1310,2002.0,4269.0,0.0,1.853174,0.120986,USA,BFA,7782
810608,236,21,1310,2002.0,0.0,1042.0,-0.008877,-0.753486,VEN,BFA,7782
810609,7,34,1310,2002.0,3228.0,0.0,-0.288838,-0.640049,ARE,BRN,7782
810610,14,34,1310,2002.0,1892.0,0.0,-0.052462,0.759617,AUS,BRN,7782
810611,43,34,1310,2002.0,33450.0,0.0,0.6181220000000001,1.9636759999999998,CHN,BRN,7782
810612,61,34,1310,2002.0,15961.0,0.0,2.367856,-2.195331,DEU,BRN,7782
810613,77,34,1310,2002.0,2104.0,0.0,1.648526,0.6870430000000001,FRA,BRN,7782
810614,81,34,1310,2002.0,19815.0,0.0,2.067395,0.7934359999999999,GBR,BRN,7782
810615,97,34,1310,2002.0,15018.0,0.0,0.704932,1.291658,HKG,BRN,7782
810616,103,34,1310,2002.0,9209.0,0.0,0.098182,1.7305840000000001,IDN,BRN,7782
810617,107,34,1310,2002.0,2685.0,0.0,-0.665259,-0.840274,IRN,BRN,7782
810618,111,34,1310,2002.0,30092.0,0.0,1.3944219999999998,1.125362,ITA,BRN,7782
810619,114,34,1310,2002.0,20057.0,0.0,2.7747580000000003,0.43663199999999996,JPN,BRN,7782
810620,121,34,1310,2002.0,2171.0,0.0,1.4172719999999999,0.8763139999999999,KOR,BRN,7782
810621,153,34,1310,2002.0,26112.0,0.0,0.9987159999999999,0.26558200000000004,MYS,BRN,7782
810622,162,34,1310,2002.0,9925.0,0.0,1.175777,1.667472,NLD,BRN,7782
810623,192,34,1310,2002.0,241160.0,2522.0,1.7077209999999998,0.683549,SGP,BRN,7782
810624,216,34,1310,2002.0,8497.0,0.0,0.513887,1.545967,THA,BRN,7782
810625,231,34,1310,2002.0,13704.0,0.0,1.853174,0.120986,USA,BRN,7782
810626,249,34,1310,2002.0,2664.0,0.0,1.9084720000000002,1.253714,TWN,BRN,7782
810627,250,34,1310,2002.0,39638.0,0.0,0.5979300000000001,-0.497816,ANS,BRN,7782
810628,77,50,1310,2002.0,5737.0,0.0,1.648526,0.6870430000000001,FRA,COM,7782
810629,43,63,1310,2002.0,1397502.0,0.0,0.6181220000000001,1.9636759999999998,CHN,DMA,7782
810630,61,63,1310,2002.0,10950.0,0.0,2.367856,-2.195331,DEU,DMA,7782
810631,77,63,1310,2002.0,1372.0,0.0,1.648526,0.6870430000000001,FRA,DMA,7782
810632,81,63,1310,2002.0,80943.0,0.0,2.067395,0.7934359999999999,GBR,DMA,7782
810633,91,63,1310,2002.0,1126.0,0.0,0.822523,0.032938999999999996,GRD,DMA,7782
810634,106,63,1310,2002.0,0.0,36013.0,1.7939310000000002,0.219254,IRL,DMA,7782
810635,114,63,1310,2002.0,1294.0,0.0,2.7747580000000003,0.43663199999999996,JPN,DMA,7782
810636,121,63,1310,2002.0,5513.0,0.0,1.4172719999999999,0.8763139999999999,KOR,DMA,7782
810637,222,63,1310,2002.0,2017.0,0.0,-0.056315,-0.803537,TTO,DMA,7782
810638,231,63,1310,2002.0,29566.0,0.0,1.853174,0.120986,USA,DMA,7782
810639,250,63,1310,2002.0,2618.0,0.0,0.5979300000000001,-0.497816,ANS,DMA,7782
810640,14,75,1310,2002.0,176236.0,0.0,-0.052462,0.759617,AUS,FJI,7782
810641,43,75,1310,2002.0,53065.0,0.0,0.6181220000000001,1.9636759999999998,CHN,FJI,7782
810642,97,75,1310,2002.0,3371.0,0.0,0.704932,1.291658,HKG,FJI,7782
810643,103,75,1310,2002.0,98703.0,0.0,0.098182,1.7305840000000001,IDN,FJI,7782
810644,114,75,1310,2002.0,11945.0,0.0,2.7747580000000003,0.43663199999999996,JPN,FJI,7782
810645,119,75,1310,2002.0,0.0,2666.0,0.347526,-0.822594,KIR,FJI,7782
810646,121,75,1310,2002.0,11170.0,0.0,1.4172719999999999,0.8763139999999999,KOR,FJI,7782
810647,153,75,1310,2002.0,23390.0,0.0,0.9987159999999999,0.26558200000000004,MYS,FJI,7782
810648,166,75,1310,2002.0,148815.0,0.0,0.370673,0.7853829999999999,NZL,FJI,7782
810649,192,75,1310,2002.0,18684.0,0.0,1.7077209999999998,0.683549,SGP,FJI,7782
810650,216,75,1310,2002.0,3292.0,0.0,0.513887,1.545967,THA,FJI,7782
810651,221,75,1310,2002.0,0.0,12739.0,-0.772079,-1.0016479999999999,TON,FJI,7782
810652,231,75,1310,2002.0,12115.0,0.0,1.853174,0.120986,USA,FJI,7782
810653,240,75,1310,2002.0,0.0,5789.0,-1.110093,-1.015554,VUT,FJI,7782
810654,241,75,1310,2002.0,0.0,1776.0,0.712441,-0.668211,WLF,FJI,7782
810655,242,75,1310,2002.0,0.0,9806.0,-0.09827000000000001,-0.540676,WSM,FJI,7782
810656,249,75,1310,2002.0,14448.0,0.0,1.9084720000000002,1.253714,TWN,FJI,7782
810657,43,87,1310,2002.0,77748.0,0.0,0.6181220000000001,1.9636759999999998,CHN,GMB,7782
810658,81,87,1310,2002.0,1085.0,0.0,2.067395,0.7934359999999999,GBR,GMB,7782
810659,97,87,1310,2002.0,1659.0,0.0,0.704932,1.291658,HKG,GMB,7782
810660,104,87,1310,2002.0,1394.0,0.0,0.32974000000000003,2.376477,IND,GMB,7782
810661,111,87,1310,2002.0,5085.0,0.0,1.3944219999999998,1.125362,ITA,GMB,7782
810662,192,87,1310,2002.0,1589.0,0.0,1.7077209999999998,0.683549,SGP,GMB,7782
810663,208,87,1310,2002.0,1433.0,0.0,2.134,0.769413,SWE,GMB,7782
810664,231,87,1310,2002.0,4665.0,0.0,1.853174,0.120986,USA,GMB,7782
810665,32,108,1310,2002.0,3412.0,0.0,0.631343,1.249344,BRA,IRQ,7782
810666,43,108,1310,2002.0,277595.0,0.0,0.6181220000000001,1.9636759999999998,CHN,IRQ,7782
810667,61,108,1310,2002.0,29000.0,0.0,2.367856,-2.195331,DEU,IRQ,7782
810668,77,108,1310,2002.0,13217.0,0.0,1.648526,0.6870430000000001,FRA,IRQ,7782
810669,104,108,1310,2002.0,9299.0,0.0,0.32974000000000003,2.376477,IND,IRQ,7782
810670,107,108,1310,2002.0,68788.0,88093.0,-0.665259,-0.840274,IRN,IRQ,7782
810671,113,108,1310,2002.0,102142.0,0.0,0.34023000000000003,0.264754,JOR,IRQ,7782
810672,114,108,1310,2002.0,333798.0,0.0,2.7747580000000003,0.43663199999999996,JPN,IRQ,7782
810673,124,108,1310,2002.0,1800.0,0.0,0.220906,1.470297,LBN,IRQ,7782
810674,153,108,1310,2002.0,5190.0,0.0,0.9987159999999999,0.26558200000000004,MYS,IRQ,7782
810675,186,108,1310,2002.0,69762.0,0.0,0.6051449999999999,0.272307,RUS,IRQ,7782
810676,14,118,1310,2002.0,2857.0,0.0,-0.052462,0.759617,AUS,KHM,7782
810677,43,118,1310,2002.0,142185.0,5331.0,0.6181220000000001,1.9636759999999998,CHN,KHM,7782
810678,61,118,1310,2002.0,1562.0,0.0,2.367856,-2.195331,DEU,KHM,7782
810679,68,118,1310,2002.0,0.0,3187.0,-0.37218,0.634319,EGY,KHM,7782
810680,77,118,1310,2002.0,26313.0,0.0,1.648526,0.6870430000000001,FRA,KHM,7782
810681,97,118,1310,2002.0,62385.0,0.0,0.704932,1.291658,HKG,KHM,7782
810682,103,118,1310,2002.0,20942.0,0.0,0.098182,1.7305840000000001,IDN,KHM,7782
810683,114,118,1310,2002.0,1273.0,0.0,2.7747580000000003,0.43663199999999996,JPN,KHM,7782
810684,121,118,1310,2002.0,9983.0,0.0,1.4172719999999999,0.8763139999999999,KOR,KHM,7782
810685,153,118,1310,2002.0,1397.0,18116.0,0.9987159999999999,0.26558200000000004,MYS,KHM,7782
810686,192,118,1310,2002.0,123890.0,0.0,1.7077209999999998,0.683549,SGP,KHM,7782
810687,216,118,1310,2002.0,490210.0,0.0,0.513887,1.545967,THA,KHM,7782
810688,231,118,1310,2002.0,4533.0,0.0,1.853174,0.120986,USA,KHM,7782
810689,239,118,1310,2002.0,3919.0,0.0,-0.44170699999999996,0.544708,VNM,KHM,7782
810690,249,118,1310,2002.0,24648.0,0.0,1.9084720000000002,1.253714,TWN,KHM,7782
810691,250,118,1310,2002.0,3813.0,0.0,0.5979300000000001,-0.497816,ANS,KHM,7782
810692,14,136,1310,2002.0,1231.0,0.0,-0.052462,0.759617,AUS,MDG,7782
810693,18,136,1310,2002.0,4016.0,0.0,1.424339,1.372755,BEL,MDG,7782
810694,43,136,1310,2002.0,181125.0,0.0,0.6181220000000001,1.9636759999999998,CHN,MDG,7782
810695,61,136,1310,2002.0,3925.0,0.0,2.367856,-2.195331,DEU,MDG,7782
810696,77,136,1310,2002.0,96342.0,0.0,1.648526,0.6870430000000001,FRA,MDG,7782
810697,81,136,1310,2002.0,3693.0,0.0,2.067395,0.7934359999999999,GBR,MDG,7782
810698,97,136,1310,2002.0,5115.0,0.0,0.704932,1.291658,HKG,MDG,7782
810699,100,136,1310,2002.0,0.0,1275.0,0.603546,1.273001,HRV,MDG,7782
810700,103,136,1310,2002.0,5947.0,0.0,0.098182,1.7305840000000001,IDN,MDG,7782
810701,111,136,1310,2002.0,3984.0,0.0,1.3944219999999998,1.125362,ITA,MDG,7782
810702,114,136,1310,2002.0,6010.0,0.0,2.7747580000000003,0.43663199999999996,JPN,MDG,7782
810703,121,136,1310,2002.0,22817.0,0.0,1.4172719999999999,0.8763139999999999,KOR,MDG,7782
810704,128,136,1310,2002.0,10251.0,0.0,-0.461765,-0.057614,LKA,MDG,7782
810705,151,136,1310,2002.0,26036.0,1473.0,-0.382062,-0.379224,MUS,MDG,7782
810706,179,136,1310,2002.0,3419.0,0.0,0.584956,1.377068,PRT,MDG,7782
810707,231,136,1310,2002.0,5262.0,0.0,1.853174,0.120986,USA,MDG,7782
810708,246,136,1310,2002.0,2950.0,0.0,0.32760500000000004,2.497746,ZAF,MDG,7782
810709,249,136,1310,2002.0,4718.0,0.0,1.9084720000000002,1.253714,TWN,MDG,7782
810710,250,136,1310,2002.0,23755.0,19067.0,0.5979300000000001,-0.497816,ANS,MDG,7782
810711,7,137,1310,2002.0,48423.0,0.0,-0.288838,-0.640049,ARE,MDV,7782
810712,14,137,1310,2002.0,3544.0,0.0,-0.052462,0.759617,AUS,MDV,7782
810713,43,137,1310,2002.0,27278.0,0.0,0.6181220000000001,1.9636759999999998,CHN,MDV,7782
810714,61,137,1310,2002.0,189821.0,0.0,2.367856,-2.195331,DEU,MDV,7782
810715,81,137,1310,2002.0,5954.0,0.0,2.067395,0.7934359999999999,GBR,MDV,7782
810716,103,137,1310,2002.0,26976.0,0.0,0.098182,1.7305840000000001,IDN,MDV,7782
810717,104,137,1310,2002.0,89871.0,0.0,0.32974000000000003,2.376477,IND,MDV,7782
810718,111,137,1310,2002.0,16878.0,0.0,1.3944219999999998,1.125362,ITA,MDV,7782
810719,128,137,1310,2002.0,36495.0,0.0,-0.461765,-0.057614,LKA,MDV,7782
810720,153,137,1310,2002.0,21902.0,0.0,0.9987159999999999,0.26558200000000004,MYS,MDV,7782
810721,162,137,1310,2002.0,1262.0,0.0,1.175777,1.667472,NLD,MDV,7782
810722,163,137,1310,2002.0,3015.0,0.0,0.689588,-0.007016,NOR,MDV,7782
810723,192,137,1310,2002.0,172266.0,0.0,1.7077209999999998,0.683549,SGP,MDV,7782
810724,208,137,1310,2002.0,2552.0,0.0,2.134,0.769413,SWE,MDV,7782
810725,216,137,1310,2002.0,46094.0,0.0,0.513887,1.545967,THA,MDV,7782
810726,249,137,1310,2002.0,1401.0,0.0,1.9084720000000002,1.253714,TWN,MDV,7782
810727,7,148,1310,2002.0,7613.0,0.0,-0.288838,-0.640049,ARE,MRT,7782
810728,18,148,1310,2002.0,8604.0,0.0,1.424339,1.372755,BEL,MRT,7782
810729,43,148,1310,2002.0,25549.0,0.0,0.6181220000000001,1.9636759999999998,CHN,MRT,7782
810730,61,148,1310,2002.0,13131.0,0.0,2.367856,-2.195331,DEU,MRT,7782
810731,71,148,1310,2002.0,8297.0,0.0,1.054108,1.9357349999999998,ESP,MRT,7782
810732,77,148,1310,2002.0,33585.0,0.0,1.648526,0.6870430000000001,FRA,MRT,7782
810733,134,148,1310,2002.0,5059.0,0.0,-0.690226,-0.42557,MAR,MRT,7782
810734,162,148,1310,2002.0,1680.0,0.0,1.175777,1.667472,NLD,MRT,7782
810735,223,148,1310,2002.0,3563.0,0.0,0.059876,0.369032,TUN,MRT,7782
810736,250,148,1310,2002.0,22534.0,0.0,0.5979300000000001,-0.497816,ANS,MRT,7782
810737,7,151,1310,2002.0,2264.0,0.0,-0.288838,-0.640049,ARE,MUS,7782
810738,18,151,1310,2002.0,48809.0,0.0,1.424339,1.372755,BEL,MUS,7782
810739,41,151,1310,2002.0,2003.0,0.0,2.205507,0.831836,CHE,MUS,7782
810740,43,151,1310,2002.0,349538.0,0.0,0.6181220000000001,1.9636759999999998,CHN,MUS,7782
810741,61,151,1310,2002.0,79532.0,0.0,2.367856,-2.195331,DEU,MUS,7782
810742,71,151,1310,2002.0,18462.0,0.0,1.054108,1.9357349999999998,ESP,MUS,7782
810743,77,151,1310,2002.0,154108.0,0.0,1.648526,0.6870430000000001,FRA,MUS,7782
810744,81,151,1310,2002.0,107515.0,0.0,2.067395,0.7934359999999999,GBR,MUS,7782
810745,97,151,1310,2002.0,23549.0,0.0,0.704932,1.291658,HKG,MUS,7782
810746,102,151,1310,2002.0,216568.0,0.0,1.232359,1.064425,HUN,MUS,7782
810747,103,151,1310,2002.0,30941.0,0.0,0.098182,1.7305840000000001,IDN,MUS,7782
810748,104,151,1310,2002.0,7409.0,0.0,0.32974000000000003,2.376477,IND,MUS,7782
810749,111,151,1310,2002.0,31919.0,0.0,1.3944219999999998,1.125362,ITA,MUS,7782
810750,114,151,1310,2002.0,15428.0,0.0,2.7747580000000003,0.43663199999999996,JPN,MUS,7782
810751,136,151,1310,2002.0,1473.0,26036.0,-1.109564,-0.642039,MDG,MUS,7782
810752,153,151,1310,2002.0,13264.0,0.0,0.9987159999999999,0.26558200000000004,MYS,MUS,7782
810753,162,151,1310,2002.0,7734.0,0.0,1.175777,1.667472,NLD,MUS,7782
810754,177,151,1310,2002.0,17685.0,0.0,0.9449299999999999,1.655764,POL,MUS,7782
810755,179,151,1310,2002.0,1225.0,0.0,0.584956,1.377068,PRT,MUS,7782
810756,192,151,1310,2002.0,14530.0,0.0,1.7077209999999998,0.683549,SGP,MUS,7782
810757,211,151,1310,2002.0,0.0,17369.0,-0.8837229999999999,-0.975607,SYC,MUS,7782
810758,216,151,1310,2002.0,67549.0,0.0,0.513887,1.545967,THA,MUS,7782
810759,231,151,1310,2002.0,18385.0,0.0,1.853174,0.120986,USA,MUS,7782
810760,246,151,1310,2002.0,157702.0,0.0,0.32760500000000004,2.497746,ZAF,MUS,7782
810761,249,151,1310,2002.0,9541.0,0.0,1.9084720000000002,1.253714,TWN,MUS,7782
810762,250,151,1310,2002.0,16799.0,0.0,0.5979300000000001,-0.497816,ANS,MUS,7782
810763,18,154,1310,2002.0,4096.0,0.0,1.424339,1.372755,BEL,MYT,7782
810764,43,154,1310,2002.0,14626.0,0.0,0.6181220000000001,1.9636759999999998,CHN,MYT,7782
810765,61,154,1310,2002.0,5534.0,0.0,2.367856,-2.195331,DEU,MYT,7782
810766,77,154,1310,2002.0,108155.0,0.0,1.648526,0.6870430000000001,FRA,MYT,7782
810767,81,154,1310,2002.0,1969.0,0.0,2.067395,0.7934359999999999,GBR,MYT,7782
810768,111,154,1310,2002.0,1039.0,0.0,1.3944219999999998,1.125362,ITA,MYT,7782
810769,177,154,1310,2002.0,4574.0,0.0,0.9449299999999999,1.655764,POL,MYT,7782
810770,223,154,1310,2002.0,1970.0,0.0,0.059876,0.369032,TUN,MYT,7782
810771,14,156,1310,2002.0,31847.0,0.0,-0.052462,0.759617,AUS,NCL,7782
810772,18,156,1310,2002.0,32672.0,0.0,1.424339,1.372755,BEL,NCL,7782
810773,43,156,1310,2002.0,20130.0,0.0,0.6181220000000001,1.9636759999999998,CHN,NCL,7782
810774,61,156,1310,2002.0,64794.0,0.0,2.367856,-2.195331,DEU,NCL,7782
810775,64,156,1310,2002.0,1490.0,0.0,1.344708,1.321135,DNK,NCL,7782
810776,71,156,1310,2002.0,4639.0,0.0,1.054108,1.9357349999999998,ESP,NCL,7782
810777,77,156,1310,2002.0,535556.0,0.0,1.648526,0.6870430000000001,FRA,NCL,7782
810778,81,156,1310,2002.0,19563.0,0.0,2.067395,0.7934359999999999,GBR,NCL,7782
810779,103,156,1310,2002.0,2606.0,0.0,0.098182,1.7305840000000001,IDN,NCL,7782
810780,111,156,1310,2002.0,12401.0,0.0,1.3944219999999998,1.125362,ITA,NCL,7782
810781,114,156,1310,2002.0,7985.0,0.0,2.7747580000000003,0.43663199999999996,JPN,NCL,7782
810782,121,156,1310,2002.0,3749.0,0.0,1.4172719999999999,0.8763139999999999,KOR,NCL,7782
810783,159,156,1310,2002.0,0.0,1310.0,-1.705991,-1.292926,NGA,NCL,7782
810784,162,156,1310,2002.0,8324.0,0.0,1.175777,1.667472,NLD,NCL,7782
810785,166,156,1310,2002.0,10927.0,0.0,0.370673,0.7853829999999999,NZL,NCL,7782
810786,177,156,1310,2002.0,51050.0,0.0,0.9449299999999999,1.655764,POL,NCL,7782
810787,192,156,1310,2002.0,2720.0,0.0,1.7077209999999998,0.683549,SGP,NCL,7782
810788,216,156,1310,2002.0,2148.0,1235.0,0.513887,1.545967,THA,NCL,7782
810789,231,156,1310,2002.0,14420.0,0.0,1.853174,0.120986,USA,NCL,7782
810790,240,156,1310,2002.0,0.0,1331.0,-1.110093,-1.015554,VUT,NCL,7782
810791,241,156,1310,2002.0,0.0,1981.0,0.712441,-0.668211,WLF,NCL,7782
810792,249,156,1310,2002.0,3588.0,0.0,1.9084720000000002,1.253714,TWN,NCL,7782
810793,250,156,1310,2002.0,9712.0,0.0,0.5979300000000001,-0.497816,ANS,NCL,7782
810794,7,157,1310,2002.0,4365.0,0.0,-0.288838,-0.640049,ARE,NER,7782
810795,21,157,1310,2002.0,3439.0,0.0,-0.5542590000000001,-0.5946060000000001,BFA,NER,7782
810796,39,157,1310,2002.0,0.0,7172.0,0.9672360000000001,1.389981,CAN,NER,7782
810797,43,157,1310,2002.0,6792.0,0.0,0.6181220000000001,1.9636759999999998,CHN,NER,7782
810798,77,157,1310,2002.0,30160.0,0.0,1.648526,0.6870430000000001,FRA,NER,7782
810799,81,157,1310,2002.0,12847.0,0.0,2.067395,0.7934359999999999,GBR,NER,7782
810800,83,157,1310,2002.0,3241.0,0.0,-1.258567,-1.048266,GHA,NER,7782
810801,103,157,1310,2002.0,28358.0,0.0,0.098182,1.7305840000000001,IDN,NER,7782
810802,104,157,1310,2002.0,59853.0,0.0,0.32974000000000003,2.376477,IND,NER,7782
810803,114,157,1310,2002.0,1908.0,0.0,2.7747580000000003,0.43663199999999996,JPN,NER,7782
810804,153,157,1310,2002.0,1784.0,49929.0,0.9987159999999999,0.26558200000000004,MYS,NER,7782
810805,159,157,1310,2002.0,3862.0,0.0,-1.705991,-1.292926,NGA,NER,7782
810806,162,157,1310,2002.0,6601.0,0.0,1.175777,1.667472,NLD,NER,7782
810807,188,157,1310,2002.0,4338.0,0.0,0.048764,-0.903125,SAU,NER,7782
810808,215,157,1310,2002.0,2297.0,0.0,-0.688284,-0.5292789999999999,TGO,NER,7782
810809,7,187,1310,2002.0,17882.0,0.0,-0.288838,-0.640049,ARE,RWA,7782
810810,18,187,1310,2002.0,37047.0,0.0,1.424339,1.372755,BEL,RWA,7782
810811,43,187,1310,2002.0,68099.0,0.0,0.6181220000000001,1.9636759999999998,CHN,RWA,7782
810812,61,187,1310,2002.0,5829.0,0.0,2.367856,-2.195331,DEU,RWA,7782
810813,77,187,1310,2002.0,23923.0,0.0,1.648526,0.6870430000000001,FRA,RWA,7782
810814,81,187,1310,2002.0,9878.0,0.0,2.067395,0.7934359999999999,GBR,RWA,7782
810815,103,187,1310,2002.0,1227.0,0.0,0.098182,1.7305840000000001,IDN,RWA,7782
810816,104,187,1310,2002.0,4667.0,0.0,0.32974000000000003,2.376477,IND,RWA,7782
810817,162,187,1310,2002.0,1670.0,0.0,1.175777,1.667472,NLD,RWA,7782
810818,231,187,1310,2002.0,2887.0,25904.0,1.853174,0.120986,USA,RWA,7782
810819,246,187,1310,2002.0,12314.0,0.0,0.32760500000000004,2.497746,ZAF,RWA,7782
810820,7,196,1310,2002.0,32046.0,0.0,-0.288838,-0.640049,ARE,SLE,7782
810821,15,196,1310,2002.0,15692.0,0.0,1.866997,0.400527,AUT,SLE,7782
810822,18,196,1310,2002.0,1663.0,0.0,1.424339,1.372755,BEL,SLE,7782
810823,41,196,1310,2002.0,1144.0,0.0,2.205507,0.831836,CHE,SLE,7782
810824,43,196,1310,2002.0,32972.0,0.0,0.6181220000000001,1.9636759999999998,CHN,SLE,7782
810825,61,196,1310,2002.0,89143.0,0.0,2.367856,-2.195331,DEU,SLE,7782
810826,64,196,1310,2002.0,26098.0,0.0,1.344708,1.321135,DNK,SLE,7782
810827,71,196,1310,2002.0,1486.0,0.0,1.054108,1.9357349999999998,ESP,SLE,7782
810828,77,196,1310,2002.0,1677.0,0.0,1.648526,0.6870430000000001,FRA,SLE,7782
810829,81,196,1310,2002.0,5308.0,0.0,2.067395,0.7934359999999999,GBR,SLE,7782
810830,97,196,1310,2002.0,4330.0,0.0,0.704932,1.291658,HKG,SLE,7782
810831,124,196,1310,2002.0,1649.0,0.0,0.220906,1.470297,LBN,SLE,7782
810832,189,196,1310,2002.0,0.0,1208.0,0.523459,2.58657,SCG,SLE,7782
810833,208,196,1310,2002.0,3899.0,0.0,2.134,0.769413,SWE,SLE,7782
810834,228,196,1310,2002.0,3132.0,0.0,0.575372,1.131722,UKR,SLE,7782
810835,246,196,1310,2002.0,10450.0,0.0,0.32760500000000004,2.497746,ZAF,SLE,7782
810836,250,196,1310,2002.0,1234.0,0.0,0.5979300000000001,-0.497816,ANS,SLE,7782
810837,61,199,1310,2002.0,3000.0,0.0,2.367856,-2.195331,DEU,SOM,7782
810838,104,209,1310,2002.0,46301.0,0.0,0.32974000000000003,2.376477,IND,SWZ,7782
810839,246,209,1310,2002.0,722789.0,3436.0,0.32760500000000004,2.497746,ZAF,SWZ,7782
810840,7,211,1310,2002.0,2849.0,0.0,-0.288838,-0.640049,ARE,SYC,7782
810841,43,211,1310,2002.0,9493.0,0.0,0.6181220000000001,1.9636759999999998,CHN,SYC,7782
810842,61,211,1310,2002.0,6009.0,0.0,2.367856,-2.195331,DEU,SYC,7782
810843,77,211,1310,2002.0,11376.0,0.0,1.648526,0.6870430000000001,FRA,SYC,7782
810844,81,211,1310,2002.0,13307.0,4843.0,2.067395,0.7934359999999999,GBR,SYC,7782
810845,103,211,1310,2002.0,4529.0,0.0,0.098182,1.7305840000000001,IDN,SYC,7782
810846,111,211,1310,2002.0,51584.0,0.0,1.3944219999999998,1.125362,ITA,SYC,7782
810847,151,211,1310,2002.0,17369.0,0.0,-0.382062,-0.379224,MUS,SYC,7782
810848,162,211,1310,2002.0,8725.0,0.0,1.175777,1.667472,NLD,SYC,7782
810849,188,211,1310,2002.0,14635.0,0.0,0.048764,-0.903125,SAU,SYC,7782
810850,192,211,1310,2002.0,41829.0,0.0,1.7077209999999998,0.683549,SGP,SYC,7782
810851,216,211,1310,2002.0,4744.0,0.0,0.513887,1.545967,THA,SYC,7782
810852,246,211,1310,2002.0,46216.0,0.0,0.32760500000000004,2.497746,ZAF,SYC,7782
810853,15,217,1310,2002.0,1229.0,0.0,1.866997,0.400527,AUT,TJK,7782
810854,28,217,1310,2002.0,2916.0,0.0,0.865742,1.1823860000000002,BLR,TJK,7782
810855,61,217,1310,2002.0,1000.0,0.0,2.367856,-2.195331,DEU,TJK,7782
810856,104,217,1310,2002.0,10670.0,0.0,0.32974000000000003,2.376477,IND,TJK,7782
810857,117,217,1310,2002.0,507763.0,0.0,-0.094898,0.235639,KGZ,TJK,7782
810858,130,217,1310,2002.0,1140.0,0.0,0.15796,0.855931,LTU,TJK,7782
810859,186,217,1310,2002.0,243279.0,0.0,0.6051449999999999,0.272307,RUS,TJK,7782
810860,14,242,1310,2002.0,1722.0,0.0,-0.052462,0.759617,AUS,WSM,7782
810861,75,242,1310,2002.0,9806.0,0.0,-0.788026,-0.432015,FJI,WSM,7782
810862,114,242,1310,2002.0,14043.0,0.0,2.7747580000000003,0.43663199999999996,JPN,WSM,7782
810863,166,242,1310,2002.0,38548.0,0.0,0.370673,0.7853829999999999,NZL,WSM,7782
810864,23,243,1310,2002.0,1669.0,0.0,0.468058,1.644037,BGR,YEM,7782
810865,43,243,1310,2002.0,1216293.0,3117.0,0.6181220000000001,1.9636759999999998,CHN,YEM,7782
810866,61,243,1310,2002.0,97000.0,0.0,2.367856,-2.195331,DEU,YEM,7782
810867,71,243,1310,2002.0,115876.0,0.0,1.054108,1.9357349999999998,ESP,YEM,7782
810868,81,243,1310,2002.0,10360.0,0.0,2.067395,0.7934359999999999,GBR,YEM,7782
810869,102,243,1310,2002.0,98000.0,0.0,1.232359,1.064425,HUN,YEM,7782
810870,103,243,1310,2002.0,96421.0,0.0,0.098182,1.7305840000000001,IDN,YEM,7782
810871,114,243,1310,2002.0,9660.0,0.0,2.7747580000000003,0.43663199999999996,JPN,YEM,7782
810872,121,243,1310,2002.0,24437.0,0.0,1.4172719999999999,0.8763139999999999,KOR,YEM,7782
810873,162,243,1310,2002.0,1891.0,0.0,1.175777,1.667472,NLD,YEM,7782
810874,167,243,1310,2002.0,0.0,89545.0,-1.307058,-1.270916,OMN,YEM,7782
810875,216,243,1310,2002.0,78152.0,0.0,0.513887,1.545967,THA,YEM,7782
810876,231,243,1310,2002.0,2665.0,0.0,1.853174,0.120986,USA,YEM,7782
810877,249,243,1310,2002.0,6251.0,0.0,1.9084720000000002,1.253714,TWN,YEM,7782
810878,18,2,1310,2002.0,4251.0,0.0,1.424339,1.372755,BEL,AGO,7782
810879,32,2,1310,2002.0,123645.0,0.0,0.631343,1.249344,BRA,AGO,7782
810880,43,2,1310,2002.0,351329.0,0.0,0.6181220000000001,1.9636759999999998,CHN,AGO,7782
810881,61,2,1310,2002.0,13000.0,0.0,2.367856,-2.195331,DEU,AGO,7782
810882,64,2,1310,2002.0,1686.0,0.0,1.344708,1.321135,DNK,AGO,7782
810883,71,2,1310,2002.0,7567.0,0.0,1.054108,1.9357349999999998,ESP,AGO,7782
810884,77,2,1310,2002.0,78399.0,0.0,1.648526,0.6870430000000001,FRA,AGO,7782
810885,97,2,1310,2002.0,23918.0,0.0,0.704932,1.291658,HKG,AGO,7782
810886,103,2,1310,2002.0,7862.0,0.0,0.098182,1.7305840000000001,IDN,AGO,7782
810887,111,2,1310,2002.0,2888.0,0.0,1.3944219999999998,1.125362,ITA,AGO,7782
810888,114,2,1310,2002.0,3439.0,0.0,2.7747580000000003,0.43663199999999996,JPN,AGO,7782
810889,124,2,1310,2002.0,8246.0,0.0,0.220906,1.470297,LBN,AGO,7782
810890,147,2,1310,2002.0,1118.0,0.0,-1.337891,-1.187073,MOZ,AGO,7782
810891,155,2,1310,2002.0,161202.0,46445.0,-0.137725,-0.361452,NAM,AGO,7782
810892,179,2,1310,2002.0,860097.0,0.0,0.584956,1.377068,PRT,AGO,7782
810893,186,2,1310,2002.0,15104.0,0.0,0.6051449999999999,0.272307,RUS,AGO,7782
810894,192,2,1310,2002.0,1063.0,0.0,1.7077209999999998,0.683549,SGP,AGO,7782
810895,216,2,1310,2002.0,3342.0,0.0,0.513887,1.545967,THA,AGO,7782
810896,231,2,1310,2002.0,12111.0,0.0,1.853174,0.120986,USA,AGO,7782
810897,246,2,1310,2002.0,92182.0,0.0,0.32760500000000004,2.497746,ZAF,AGO,7782
810898,248,2,1310,2002.0,2614.0,0.0,-0.36033000000000004,0.452182,ZWE,AGO,7782
810899,18,46,1310,2002.0,22570.0,0.0,1.424339,1.372755,BEL,COD,7782
810900,43,46,1310,2002.0,176916.0,0.0,0.6181220000000001,1.9636759999999998,CHN,COD,7782
810901,61,46,1310,2002.0,17000.0,0.0,2.367856,-2.195331,DEU,COD,7782
810902,77,46,1310,2002.0,3779.0,0.0,1.648526,0.6870430000000001,FRA,COD,7782
810903,97,46,1310,2002.0,2785.0,0.0,0.704932,1.291658,HKG,COD,7782
810904,103,46,1310,2002.0,15044.0,0.0,0.098182,1.7305840000000001,IDN,COD,7782
810905,124,46,1310,2002.0,2105.0,0.0,0.220906,1.470297,LBN,COD,7782
810906,179,46,1310,2002.0,1818.0,0.0,0.584956,1.377068,PRT,COD,7782
810907,246,46,1310,2002.0,37843.0,0.0,0.32760500000000004,2.497746,ZAF,COD,7782
810908,18,47,1310,2002.0,33780.0,0.0,1.424339,1.372755,BEL,COG,7782
810909,43,47,1310,2002.0,289065.0,0.0,0.6181220000000001,1.9636759999999998,CHN,COG,7782
810910,61,47,1310,2002.0,1000.0,0.0,2.367856,-2.195331,DEU,COG,7782
810911,77,47,1310,2002.0,34951.0,0.0,1.648526,0.6870430000000001,FRA,COG,7782
810912,81,47,1310,2002.0,331311.0,0.0,2.067395,0.7934359999999999,GBR,COG,7782
810913,97,47,1310,2002.0,7290.0,0.0,0.704932,1.291658,HKG,COG,7782
810914,103,47,1310,2002.0,13302.0,0.0,0.098182,1.7305840000000001,IDN,COG,7782
810915,111,47,1310,2002.0,3754.0,0.0,1.3944219999999998,1.125362,ITA,COG,7782
810916,114,47,1310,2002.0,5230.0,0.0,2.7747580000000003,0.43663199999999996,JPN,COG,7782
810917,124,47,1310,2002.0,1627.0,0.0,0.220906,1.470297,LBN,COG,7782
810918,134,47,1310,2002.0,1591.0,0.0,-0.690226,-0.42557,MAR,COG,7782
810919,179,47,1310,2002.0,7514.0,0.0,0.584956,1.377068,PRT,COG,7782
810920,224,47,1310,2002.0,14481.0,0.0,0.12982,1.8032650000000001,TUR,COG,7782
810921,246,47,1310,2002.0,3086.0,0.0,0.32760500000000004,2.497746,ZAF,COG,7782
810922,39,78,1310,2002.0,1933.0,0.0,0.9672360000000001,1.389981,CAN,FRO,7782
810923,43,78,1310,2002.0,5619.0,0.0,0.6181220000000001,1.9636759999999998,CHN,FRO,7782
810924,61,78,1310,2002.0,34389.0,13279.0,2.367856,-2.195331,DEU,FRO,7782
810925,64,78,1310,2002.0,496323.0,0.0,1.344708,1.321135,DNK,FRO,7782
810926,77,78,1310,2002.0,2647.0,0.0,1.648526,0.6870430000000001,FRA,FRO,7782
810927,81,78,1310,2002.0,22462.0,6935.0,2.067395,0.7934359999999999,GBR,FRO,7782
810928,97,78,1310,2002.0,4461.0,0.0,0.704932,1.291658,HKG,FRO,7782
810929,102,78,1310,2002.0,1369.0,0.0,1.232359,1.064425,HUN,FRO,7782
810930,103,78,1310,2002.0,5655.0,0.0,0.098182,1.7305840000000001,IDN,FRO,7782
810931,111,78,1310,2002.0,5034.0,0.0,1.3944219999999998,1.125362,ITA,FRO,7782
810932,114,78,1310,2002.0,2787.0,0.0,2.7747580000000003,0.43663199999999996,JPN,FRO,7782
810933,162,78,1310,2002.0,28853.0,0.0,1.175777,1.667472,NLD,FRO,7782
810934,163,78,1310,2002.0,151413.0,7268.0,0.689588,-0.007016,NOR,FRO,7782
810935,177,78,1310,2002.0,36650.0,0.0,0.9449299999999999,1.655764,POL,FRO,7782
810936,208,78,1310,2002.0,2850.0,0.0,2.134,0.769413,SWE,FRO,7782
810937,231,78,1310,2002.0,8010.0,0.0,1.853174,0.120986,USA,FRO,7782
810938,43,89,1310,2002.0,5439.0,0.0,0.6181220000000001,1.9636759999999998,CHN,GNQ,7782
810939,71,89,1310,2002.0,12917.0,0.0,1.054108,1.9357349999999998,ESP,GNQ,7782
810940,77,89,1310,2002.0,5674.0,0.0,1.648526,0.6870430000000001,FRA,GNQ,7782
810941,81,89,1310,2002.0,1160.0,0.0,2.067395,0.7934359999999999,GBR,GNQ,7782
810942,186,89,1310,2002.0,16689.0,0.0,0.6051449999999999,0.272307,RUS,GNQ,7782
810943,231,89,1310,2002.0,2625.0,0.0,1.853174,0.120986,USA,GNQ,7782
810944,43,101,1310,2002.0,535462.0,0.0,0.6181220000000001,1.9636759999999998,CHN,HTI,7782
810945,65,101,1310,2002.0,5351.0,0.0,-0.43339300000000003,-0.378827,DOM,HTI,7782
810946,77,101,1310,2002.0,4730.0,0.0,1.648526,0.6870430000000001,FRA,HTI,7782
810947,231,101,1310,2002.0,59626.0,0.0,1.853174,0.120986,USA,HTI,7782
810948,249,101,1310,2002.0,163201.0,0.0,1.9084720000000002,1.253714,TWN,HTI,7782
810949,41,125,1310,2002.0,1934.0,0.0,2.205507,0.831836,CHE,LBR,7782
810950,43,125,1310,2002.0,5638.0,0.0,0.6181220000000001,1.9636759999999998,CHN,LBR,7782
810951,61,125,1310,2002.0,4000.0,0.0,2.367856,-2.195331,DEU,LBR,7782
810952,97,125,1310,2002.0,7877.0,0.0,0.704932,1.291658,HKG,LBR,7782
810953,114,125,1310,2002.0,13907.0,0.0,2.7747580000000003,0.43663199999999996,JPN,LBR,7782
810954,124,125,1310,2002.0,15970.0,0.0,0.220906,1.470297,LBN,LBR,7782
810955,132,125,1310,2002.0,4956.0,0.0,0.41409799999999997,0.6281680000000001,LVA,LBR,7782
810956,43,127,1310,2002.0,9139.0,0.0,0.6181220000000001,1.9636759999999998,CHN,LCA,7782
810957,61,127,1310,2002.0,34018.0,0.0,2.367856,-2.195331,DEU,LCA,7782
810958,77,127,1310,2002.0,2673.0,0.0,1.648526,0.6870430000000001,FRA,LCA,7782
810959,81,127,1310,2002.0,61955.0,0.0,2.067395,0.7934359999999999,GBR,LCA,7782
810960,111,127,1310,2002.0,3837.0,0.0,1.3944219999999998,1.125362,ITA,LCA,7782
810961,222,127,1310,2002.0,7780.0,0.0,-0.056315,-0.803537,TTO,LCA,7782
810962,231,127,1310,2002.0,91679.0,0.0,1.853174,0.120986,USA,LCA,7782
810963,246,129,1310,2002.0,11956.0,0.0,0.32760500000000004,2.497746,ZAF,LSO,7782
810964,18,182,1310,2002.0,67613.0,0.0,1.424339,1.372755,BEL,PYF,7782
810965,43,182,1310,2002.0,11131.0,0.0,0.6181220000000001,1.9636759999999998,CHN,PYF,7782
810966,61,182,1310,2002.0,195507.0,0.0,2.367856,-2.195331,DEU,PYF,7782
810967,71,182,1310,2002.0,8540.0,0.0,1.054108,1.9357349999999998,ESP,PYF,7782
810968,77,182,1310,2002.0,682640.0,0.0,1.648526,0.6870430000000001,FRA,PYF,7782
810969,81,182,1310,2002.0,30505.0,0.0,2.067395,0.7934359999999999,GBR,PYF,7782
810970,102,182,1310,2002.0,51922.0,0.0,1.232359,1.064425,HUN,PYF,7782
810971,111,182,1310,2002.0,8768.0,0.0,1.3944219999999998,1.125362,ITA,PYF,7782
810972,114,182,1310,2002.0,7845.0,0.0,2.7747580000000003,0.43663199999999996,JPN,PYF,7782
810973,121,182,1310,2002.0,2311.0,0.0,1.4172719999999999,0.8763139999999999,KOR,PYF,7782
810974,162,182,1310,2002.0,27501.0,0.0,1.175777,1.667472,NLD,PYF,7782
810975,166,182,1310,2002.0,6356.0,0.0,0.370673,0.7853829999999999,NZL,PYF,7782
810976,177,182,1310,2002.0,142590.0,0.0,0.9449299999999999,1.655764,POL,PYF,7782
810977,192,182,1310,2002.0,2403.0,0.0,1.7077209999999998,0.683549,SGP,PYF,7782
810978,231,182,1310,2002.0,63320.0,0.0,1.853174,0.120986,USA,PYF,7782
810979,249,182,1310,2002.0,3778.0,0.0,1.9084720000000002,1.253714,TWN,PYF,7782
810980,250,182,1310,2002.0,11202.0,0.0,0.5979300000000001,-0.497816,ANS,PYF,7782
810981,61,220,1310,2002.0,0.0,59091.0,2.367856,-2.195331,DEU,TLS,7782
810982,103,220,1310,2002.0,42123.0,0.0,0.098182,1.7305840000000001,IDN,TLS,7782
810983,18,232,1310,2002.0,6034.0,0.0,1.424339,1.372755,BEL,UZB,7782
810984,23,232,1310,2002.0,37061.0,0.0,0.468058,1.644037,BGR,UZB,7782
810985,28,232,1310,2002.0,14917.0,0.0,0.865742,1.1823860000000002,BLR,UZB,7782
810986,61,232,1310,2002.0,77000.0,0.0,2.367856,-2.195331,DEU,UZB,7782
810987,74,232,1310,2002.0,3092.0,0.0,1.9545119999999998,1.047515,FIN,UZB,7782
810988,90,232,1310,2002.0,41076.0,0.0,0.20355399999999998,1.4130200000000002,GRC,UZB,7782
810989,110,232,1310,2002.0,1000.0,0.0,1.257709,0.8318989999999999,ISR,UZB,7782
810990,111,232,1310,2002.0,5490.0,0.0,1.3944219999999998,1.125362,ITA,UZB,7782
810991,114,232,1310,2002.0,4478.0,0.0,2.7747580000000003,0.43663199999999996,JPN,UZB,7782
810992,115,232,1310,2002.0,16605.0,0.0,-0.100361,-0.502468,KAZ,UZB,7782
810993,117,232,1310,2002.0,1579252.0,0.0,-0.094898,0.235639,KGZ,UZB,7782
810994,121,232,1310,2002.0,143573.0,0.0,1.4172719999999999,0.8763139999999999,KOR,UZB,7782
810995,186,232,1310,2002.0,1184931.0,0.0,0.6051449999999999,0.272307,RUS,UZB,7782
810996,224,232,1310,2002.0,137596.0,0.0,0.12982,1.8032650000000001,TUR,UZB,7782
810997,228,232,1310,2002.0,7845.0,0.0,0.575372,1.131722,UKR,UZB,7782
810998,8,250,1310,2002.0,0.0,73045.0,0.045376,0.71768,ARG,ANS,7782
810999,14,250,1310,2002.0,1066.0,3289.0,-0.052462,0.759617,AUS,ANS,7782
811000,18,250,1310,2002.0,10802.0,0.0,1.424339,1.372755,BEL,ANS,7782
811001,23,250,1310,2002.0,22999.0,1316.0,0.468058,1.644037,BGR,ANS,7782
811002,31,250,1310,2002.0,0.0,237452.0,-0.785592,-0.6761119999999999,BOL,ANS,7782
811003,34,250,1310,2002.0,0.0,39638.0,-1.359507,-1.084339,BRN,ANS,7782
811004,38,250,1310,2002.0,0.0,4346.0,-0.698235,-0.905799,CAF,ANS,7782
811005,42,250,1310,2002.0,0.0,535147.0,-0.079201,-0.11449200000000001,CHL,ANS,7782
811006,43,250,1310,2002.0,3002.0,0.0,0.6181220000000001,1.9636759999999998,CHN,ANS,7782
811007,45,250,1310,2002.0,0.0,46368.0,-1.188713,-1.109944,CMR,ANS,7782
811008,49,250,1310,2002.0,87358.0,1176950.0,0.219861,0.45238999999999996,COL,ANS,7782
811009,51,250,1310,2002.0,0.0,2999.0,-0.315184,-0.660522,CPV,ANS,7782
811010,52,250,1310,2002.0,0.0,13948.0,0.083983,-0.096237,CRI,ANS,7782
811011,54,250,1310,2002.0,0.0,28489.0,-0.896759,-1.079825,CUB,ANS,7782
811012,59,250,1310,2002.0,97883.0,1273.0,1.5835139999999999,0.9563010000000001,CZE,ANS,7782
811013,61,250,1310,2002.0,528785.0,46181188.0,2.367856,-2.195331,DEU,ANS,7782
811014,63,250,1310,2002.0,0.0,2618.0,0.212137,-0.112873,DMA,ANS,7782
811015,64,250,1310,2002.0,0.0,2173.0,1.344708,1.321135,DNK,ANS,7782
811016,65,250,1310,2002.0,0.0,6604.0,-0.43339300000000003,-0.378827,DOM,ANS,7782
811017,68,250,1310,2002.0,19799.0,1134042.0,-0.37218,0.634319,EGY,ANS,7782
811018,72,250,1310,2002.0,0.0,1425433.0,0.576142,1.168563,EST,ANS,7782
811019,73,250,1310,2002.0,0.0,5344.0,-1.289118,-1.0291540000000001,ETH,ANS,7782
811020,77,250,1310,2002.0,0.0,70050.0,1.648526,0.6870430000000001,FRA,ANS,7782
811021,83,250,1310,2002.0,0.0,2555.0,-1.258567,-1.048266,GHA,ANS,7782
811022,90,250,1310,2002.0,9199.0,4846.0,0.20355399999999998,1.4130200000000002,GRC,ANS,7782
811023,92,250,1310,2002.0,0.0,80532.0,-0.514411,-0.87766,GRL,ANS,7782
811024,93,250,1310,2002.0,0.0,11113.0,-0.49913,-0.038079,GTM,ANS,7782
811025,97,250,1310,2002.0,25856.0,0.0,0.704932,1.291658,HKG,ANS,7782
811026,104,250,1310,2002.0,0.0,71012.0,0.32974000000000003,2.376477,IND,ANS,7782
811027,106,250,1310,2002.0,0.0,3092.0,1.7939310000000002,0.219254,IRL,ANS,7782
811028,110,250,1310,2002.0,3000.0,0.0,1.257709,0.8318989999999999,ISR,ANS,7782
811029,111,250,1310,2002.0,91379.0,0.0,1.3944219999999998,1.125362,ITA,ANS,7782
811030,113,250,1310,2002.0,343542.0,0.0,0.34023000000000003,0.264754,JOR,ANS,7782
811031,116,250,1310,2002.0,0.0,6225.0,-0.59055,0.000731,KEN,ANS,7782
811032,117,250,1310,2002.0,0.0,10481.0,-0.094898,0.235639,KGZ,ANS,7782
811033,118,250,1310,2002.0,0.0,3813.0,-0.8577629999999999,-1.071536,KHM,ANS,7782
811034,124,250,1310,2002.0,2484.0,2744.0,0.220906,1.470297,LBN,ANS,7782
811035,132,250,1310,2002.0,13998.0,1250.0,0.41409799999999997,0.6281680000000001,LVA,ANS,7782
811036,134,250,1310,2002.0,41757.0,3780.0,-0.690226,-0.42557,MAR,ANS,7782
811037,136,250,1310,2002.0,19067.0,23755.0,-1.109564,-0.642039,MDG,ANS,7782
811038,138,250,1310,2002.0,39061.0,41140.0,1.2677129999999999,0.599314,MEX,ANS,7782
811039,142,250,1310,2002.0,0.0,15016.0,0.901235,-0.140261,MLT,ANS,7782
811040,147,250,1310,2002.0,7687.0,0.0,-1.337891,-1.187073,MOZ,ANS,7782
811041,148,250,1310,2002.0,0.0,22534.0,-1.053061,-1.221967,MRT,ANS,7782
811042,151,250,1310,2002.0,0.0,16799.0,-0.382062,-0.379224,MUS,ANS,7782
811043,153,250,1310,2002.0,0.0,266469.0,0.9987159999999999,0.26558200000000004,MYS,ANS,7782
811044,156,250,1310,2002.0,0.0,9712.0,-0.7477739999999999,-1.006248,NCL,ANS,7782
811045,160,250,1310,2002.0,0.0,12519.0,-0.634946,-0.37966,NIC,ANS,7782
811046,162,250,1310,2002.0,1962.0,27490.0,1.175777,1.667472,NLD,ANS,7782
811047,166,250,1310,2002.0,0.0,7131.0,0.370673,0.7853829999999999,NZL,ANS,7782
811048,169,250,1310,2002.0,0.0,1071925.0,0.085746,0.21839,PAN,ANS,7782
811049,176,250,1310,2002.0,0.0,29609.0,-1.430299,-1.172593,PNG,ANS,7782
811050,182,250,1310,2002.0,0.0,11202.0,-0.363179,-0.8967450000000001,PYF,ANS,7782
811051,185,250,1310,2002.0,0.0,97372.0,0.549227,1.071998,ROU,ANS,7782
811052,186,250,1310,2002.0,14598.0,0.0,0.6051449999999999,0.272307,RUS,ANS,7782
811053,188,250,1310,2002.0,0.0,523057.0,0.048764,-0.903125,SAU,ANS,7782
811054,189,250,1310,2002.0,0.0,19812.0,0.523459,2.58657,SCG,ANS,7782
811055,191,250,1310,2002.0,2720.0,0.0,-0.5424939999999999,-0.554531,SEN,ANS,7782
811056,196,250,1310,2002.0,0.0,1234.0,0.29478899999999997,0.055865,SLE,ANS,7782
811057,206,250,1310,2002.0,50935.0,0.0,1.269549,1.184774,SVK,ANS,7782
811058,222,250,1310,2002.0,5735.0,3637.0,-0.056315,-0.803537,TTO,ANS,7782
811059,223,250,1310,2002.0,132783.0,0.0,0.059876,0.369032,TUN,ANS,7782
811060,224,250,1310,2002.0,2805041.0,1450.0,0.12982,1.8032650000000001,TUR,ANS,7782
811061,230,250,1310,2002.0,0.0,3211.0,0.048498,0.118565,URY,ANS,7782
811062,236,250,1310,2002.0,0.0,28633.0,-0.008877,-0.753486,VEN,ANS,7782
811063,246,250,1310,2002.0,15557.0,1192.0,0.32760500000000004,2.497746,ZAF,ANS,7782
811064,248,250,1310,2002.0,0.0,1046.0,-0.36033000000000004,0.452182,ZWE,ANS,7782
811065,249,250,1310,2002.0,28887.0,331094.0,1.9084720000000002,1.253714,TWN,ANS,7782
811066,71,84,1310,2002.0,66935.0,0.0,1.054108,1.9357349999999998,ESP,GIB,7782
811067,81,84,1310,2002.0,15529.0,0.0,2.067395,0.7934359999999999,GBR,GIB,7782
811068,77,219,1310,2002.0,37777.0,0.0,1.648526,0.6870430000000001,FRA,TKM,7782
811069,81,219,1310,2002.0,4082.0,0.0,2.067395,0.7934359999999999,GBR,TKM,7782
811070,97,219,1310,2002.0,1800.0,0.0,0.704932,1.291658,HKG,TKM,7782
811071,111,219,1310,2002.0,7453.0,0.0,1.3944219999999998,1.125362,ITA,TKM,7782
811072,117,219,1310,2002.0,899508.0,0.0,-0.094898,0.235639,KGZ,TKM,7782
811073,186,219,1310,2002.0,675339.0,0.0,0.6051449999999999,0.272307,RUS,TKM,7782
811074,224,219,1310,2002.0,265245.0,0.0,0.12982,1.8032650000000001,TUR,TKM,7782
811075,228,219,1310,2002.0,252841.0,0.0,0.575372,1.131722,UKR,TKM,7782
811076,59,237,1310,2002.0,1280.0,0.0,1.5835139999999999,0.9563010000000001,CZE,VGB,7782
811077,61,237,1310,2002.0,2000.0,0.0,2.367856,-2.195331,DEU,VGB,7782
811078,130,237,1310,2002.0,2475.0,0.0,0.15796,0.855931,LTU,VGB,7782
811079,222,237,1310,2002.0,3453.0,0.0,-0.056315,-0.803537,TTO,VGB,7782
811080,224,237,1310,2002.0,1450.0,0.0,0.12982,1.8032650000000001,TUR,VGB,7782
811081,231,237,1310,2002.0,0.0,8617.0,1.853174,0.120986,USA,VGB,7782
811082,249,237,1310,2002.0,93318.0,1361.0,1.9084720000000002,1.253714,TWN,VGB,7782
811083,75,221,1310,2002.0,12739.0,0.0,-0.788026,-0.432015,FJI,TON,7782
811084,166,221,1310,2002.0,22448.0,0.0,0.370673,0.7853829999999999,NZL,TON,7782
811085,14,10,1310,2002.0,2540.0,0.0,-0.052462,0.759617,AUS,ASM,7782
811086,81,10,1310,2002.0,5762.0,0.0,2.067395,0.7934359999999999,GBR,ASM,7782
811087,103,10,1310,2002.0,0.0,1771.0,0.098182,1.7305840000000001,IDN,ASM,7782
811088,104,10,1310,2002.0,7645.0,0.0,0.32974000000000003,2.376477,IND,ASM,7782
811089,166,10,1310,2002.0,1329.0,0.0,0.370673,0.7853829999999999,NZL,ASM,7782
811090,81,30,1310,2002.0,20292.0,0.0,2.067395,0.7934359999999999,GBR,BMU,7782
811091,138,30,1310,2002.0,0.0,2974.0,1.2677129999999999,0.599314,MEX,BMU,7782
811092,231,30,1310,2002.0,29751.0,0.0,1.853174,0.120986,USA,BMU,7782
811093,18,38,1310,2002.0,4174.0,0.0,1.424339,1.372755,BEL,CAF,7782
811094,45,38,1310,2002.0,4431.0,0.0,-1.188713,-1.109944,CMR,CAF,7782
811095,71,38,1310,2002.0,1258.0,0.0,1.054108,1.9357349999999998,ESP,CAF,7782
811096,77,38,1310,2002.0,31641.0,0.0,1.648526,0.6870430000000001,FRA,CAF,7782
811097,188,38,1310,2002.0,1698.0,0.0,0.048764,-0.903125,SAU,CAF,7782
811098,250,38,1310,2002.0,4346.0,0.0,0.5979300000000001,-0.497816,ANS,CAF,7782
811099,14,40,1310,2002.0,4060.0,0.0,-0.052462,0.759617,AUS,CCK,7782
811100,61,40,1310,2002.0,9000.0,0.0,2.367856,-2.195331,DEU,CCK,7782
811101,166,48,1310,2002.0,41833.0,0.0,0.370673,0.7853829999999999,NZL,COK,7782
811102,14,56,1310,2002.0,59217.0,0.0,-0.052462,0.759617,AUS,CXR,7782
811103,103,56,1310,2002.0,0.0,1315.0,0.098182,1.7305840000000001,IDN,CXR,7782
811104,39,57,1310,2002.0,2146.0,0.0,0.9672360000000001,1.389981,CAN,CYM,7782
811105,61,57,1310,2002.0,1000.0,0.0,2.367856,-2.195331,DEU,CYM,7782
811106,77,57,1310,2002.0,68000.0,0.0,1.648526,0.6870430000000001,FRA,CYM,7782
811107,231,57,1310,2002.0,16142.0,0.0,1.853174,0.120986,USA,CYM,7782
811108,249,57,1310,2002.0,7410.0,0.0,1.9084720000000002,1.253714,TWN,CYM,7782
811109,18,62,1310,2002.0,5090.0,0.0,1.424339,1.372755,BEL,DJI,7782
811110,43,62,1310,2002.0,198032.0,0.0,0.6181220000000001,1.9636759999999998,CHN,DJI,7782
811111,73,62,1310,2002.0,0.0,16339.0,-1.289118,-1.0291540000000001,ETH,DJI,7782
811112,77,62,1310,2002.0,1891.0,0.0,1.648526,0.6870430000000001,FRA,DJI,7782
811113,103,62,1310,2002.0,10136.0,0.0,0.098182,1.7305840000000001,IDN,DJI,7782
811114,104,62,1310,2002.0,12211.0,0.0,0.32974000000000003,2.376477,IND,DJI,7782
811115,111,62,1310,2002.0,7525.0,0.0,1.3944219999999998,1.125362,ITA,DJI,7782
811116,116,62,1310,2002.0,1134.0,0.0,-0.59055,0.000731,KEN,DJI,7782
811117,18,69,1310,2002.0,2196.0,0.0,1.424339,1.372755,BEL,ERI,7782
811118,43,69,1310,2002.0,5683.0,0.0,0.6181220000000001,1.9636759999999998,CHN,ERI,7782
811119,61,69,1310,2002.0,7000.0,0.0,2.367856,-2.195331,DEU,ERI,7782
811120,64,69,1310,2002.0,35087.0,0.0,1.344708,1.321135,DNK,ERI,7782
811121,103,69,1310,2002.0,2356.0,0.0,0.098182,1.7305840000000001,IDN,ERI,7782
811122,111,69,1310,2002.0,1292.0,0.0,1.3944219999999998,1.125362,ITA,ERI,7782
811123,114,69,1310,2002.0,3727.0,0.0,2.7747580000000003,0.43663199999999996,JPN,ERI,7782
811124,177,69,1310,2002.0,67000.0,0.0,0.9449299999999999,1.655764,POL,ERI,7782
811125,81,76,1310,2002.0,1501.0,0.0,2.067395,0.7934359999999999,GBR,FLK,7782
811126,114,79,1310,2002.0,19753.0,0.0,2.7747580000000003,0.43663199999999996,JPN,FSM,7782
811127,97,95,1310,2002.0,15976.0,0.0,0.704932,1.291658,HKG,GUM,7782
811128,114,95,1310,2002.0,6902.0,0.0,2.7747580000000003,0.43663199999999996,JPN,GUM,7782
811129,121,95,1310,2002.0,16704.0,0.0,1.4172719999999999,0.8763139999999999,KOR,GUM,7782
811130,192,95,1310,2002.0,6540.0,0.0,1.7077209999999998,0.683549,SGP,GUM,7782
811131,14,119,1310,2002.0,1580.0,0.0,-0.052462,0.759617,AUS,KIR,7782
811132,75,119,1310,2002.0,2666.0,0.0,-0.788026,-0.432015,FJI,KIR,7782
811133,166,119,1310,2002.0,2958.0,0.0,0.370673,0.7853829999999999,NZL,KIR,7782
811134,43,123,1310,2002.0,3943.0,0.0,0.6181220000000001,1.9636759999999998,CHN,LAO,7782
811135,114,123,1310,2002.0,9340.0,0.0,2.7747580000000003,0.43663199999999996,JPN,LAO,7782
811136,216,123,1310,2002.0,239603.0,0.0,0.513887,1.545967,THA,LAO,7782
811137,61,139,1310,2002.0,29000.0,0.0,2.367856,-2.195331,DEU,MHL,7782
811138,114,139,1310,2002.0,12780.0,0.0,2.7747580000000003,0.43663199999999996,JPN,MHL,7782
811139,231,139,1310,2002.0,5179.0,0.0,1.853174,0.120986,USA,MHL,7782
811140,249,139,1310,2002.0,1566.0,0.0,1.9084720000000002,1.253714,TWN,MHL,7782
811141,43,145,1310,2002.0,28659.0,0.0,0.6181220000000001,1.9636759999999998,CHN,MNG,7782
811142,61,145,1310,2002.0,11000.0,0.0,2.367856,-2.195331,DEU,MNG,7782
811143,111,145,1310,2002.0,13533.0,0.0,1.3944219999999998,1.125362,ITA,MNG,7782
811144,114,145,1310,2002.0,15986.0,0.0,2.7747580000000003,0.43663199999999996,JPN,MNG,7782
811145,186,145,1310,2002.0,82159.0,0.0,0.6051449999999999,0.272307,RUS,MNG,7782
811146,192,145,1310,2002.0,3604.0,0.0,1.7077209999999998,0.683549,SGP,MNG,7782
811147,97,146,1310,2002.0,5821.0,0.0,0.704932,1.291658,HKG,MNP,7782
811148,121,146,1310,2002.0,1494.0,0.0,1.4172719999999999,0.8763139999999999,KOR,MNP,7782
811149,14,158,1310,2002.0,3816.0,0.0,-0.052462,0.759617,AUS,NFK,7782
811150,61,158,1310,2002.0,1000.0,0.0,2.367856,-2.195331,DEU,NFK,7782
811151,43,164,1310,2002.0,70108.0,0.0,0.6181220000000001,1.9636759999999998,CHN,NPL,7782
811152,61,164,1310,2002.0,91000.0,0.0,2.367856,-2.195331,DEU,NPL,7782
811153,81,164,1310,2002.0,5808.0,1690.0,2.067395,0.7934359999999999,GBR,NPL,7782
811154,97,164,1310,2002.0,63055.0,0.0,0.704932,1.291658,HKG,NPL,7782
811155,102,164,1310,2002.0,125000.0,0.0,1.232359,1.064425,HUN,NPL,7782
811156,104,164,1310,2002.0,437355.0,0.0,0.32974000000000003,2.376477,IND,NPL,7782
811157,114,164,1310,2002.0,5414.0,0.0,2.7747580000000003,0.43663199999999996,JPN,NPL,7782
811158,192,164,1310,2002.0,22300.0,0.0,1.7077209999999998,0.683549,SGP,NPL,7782
811159,216,164,1310,2002.0,32113.0,0.0,0.513887,1.545967,THA,NPL,7782
811160,249,164,1310,2002.0,2114.0,18116.0,1.9084720000000002,1.253714,TWN,NPL,7782
811161,14,165,1310,2002.0,2892.0,0.0,-0.052462,0.759617,AUS,NRU,7782
811162,114,175,1310,2002.0,4990.0,0.0,2.7747580000000003,0.43663199999999996,JPN,PLW,7782
811163,231,175,1310,2002.0,19725.0,0.0,1.853174,0.120986,USA,PLW,7782
811164,249,175,1310,2002.0,2374.0,0.0,1.9084720000000002,1.253714,TWN,PLW,7782
811165,177,181,1310,2002.0,0.0,43007.0,0.9449299999999999,1.655764,POL,PSE,7782
811166,14,195,1310,2002.0,1465.0,0.0,-0.052462,0.759617,AUS,SLB,7782
811167,61,195,1310,2002.0,2000.0,0.0,2.367856,-2.195331,DEU,SLB,7782
811168,81,195,1310,2002.0,12458.0,0.0,2.067395,0.7934359999999999,GBR,SLB,7782
811169,103,195,1310,2002.0,1263.0,0.0,0.098182,1.7305840000000001,IDN,SLB,7782
811170,114,195,1310,2002.0,5406.0,0.0,2.7747580000000003,0.43663199999999996,JPN,SLB,7782
811171,176,195,1310,2002.0,111008.0,0.0,-1.430299,-1.172593,PNG,SLB,7782
811172,45,214,1310,2002.0,2427.0,0.0,-1.188713,-1.109944,CMR,TCD,7782
811173,61,214,1310,2002.0,2000.0,0.0,2.367856,-2.195331,DEU,TCD,7782
811174,77,214,1310,2002.0,13225.0,0.0,1.648526,0.6870430000000001,FRA,TCD,7782
811175,186,214,1310,2002.0,72330.0,0.0,0.6051449999999999,0.272307,RUS,TCD,7782
811176,231,214,1310,2002.0,21997.0,0.0,1.853174,0.120986,USA,TCD,7782
811177,166,225,1310,2002.0,2460.0,0.0,0.370673,0.7853829999999999,NZL,TUV,7782
811178,208,225,1310,2002.0,44136.0,1623.0,2.134,0.769413,SWE,TUV,7782
811179,14,240,1310,2002.0,9659.0,0.0,-0.052462,0.759617,AUS,VUT,7782
811180,75,240,1310,2002.0,5789.0,0.0,-0.788026,-0.432015,FJI,VUT,7782
811181,156,240,1310,2002.0,1331.0,0.0,-0.7477739999999999,-1.006248,NCL,VUT,7782
811182,166,240,1310,2002.0,1080.0,0.0,0.370673,0.7853829999999999,NZL,VUT,7782
811183,75,241,1310,2002.0,1776.0,0.0,-0.788026,-0.432015,FJI,WLF,7782
811184,77,241,1310,2002.0,17759.0,0.0,1.648526,0.6870430000000001,FRA,WLF,7782
811185,156,241,1310,2002.0,1981.0,0.0,-0.7477739999999999,-1.006248,NCL,WLF,7782
811186,15,5,1310,2002.0,0.0,1249.0,1.866997,0.400527,AUT,AND,7782
811187,18,5,1310,2002.0,3008.0,0.0,1.424339,1.372755,BEL,AND,7782
811188,61,5,1310,2002.0,119657.0,0.0,2.367856,-2.195331,DEU,AND,7782
811189,71,5,1310,2002.0,722811.0,1559.0,1.054108,1.9357349999999998,ESP,AND,7782
811190,77,5,1310,2002.0,278707.0,8605.0,1.648526,0.6870430000000001,FRA,AND,7782
811191,111,5,1310,2002.0,4295.0,0.0,1.3944219999999998,1.125362,ITA,AND,7782
811192,173,5,1310,2002.0,0.0,1613.0,-0.456603,0.030838,PER,AND,7782
811193,15,35,1310,2002.0,1654.0,0.0,1.866997,0.400527,AUT,BTN,7782
811194,61,35,1310,2002.0,1000.0,0.0,2.367856,-2.195331,DEU,BTN,7782
811195,64,92,1310,2002.0,633109.0,0.0,1.344708,1.321135,DNK,GRL,7782
811196,163,92,1310,2002.0,10240.0,0.0,0.689588,-0.007016,NOR,GRL,7782
811197,250,92,1310,2002.0,80532.0,0.0,0.5979300000000001,-0.497816,ANS,GRL,7782
811198,39,213,1310,2002.0,1205.0,0.0,0.9672360000000001,1.389981,CAN,TCA,7782
811199,61,213,1310,2002.0,1000.0,0.0,2.367856,-2.195331,DEU,TCA,7782
811200,81,213,1310,2002.0,1343.0,0.0,2.067395,0.7934359999999999,GBR,TCA,7782
811201,231,213,1310,2002.0,50339.0,0.0,1.853174,0.120986,USA,TCA,7782
811202,43,88,1310,2002.0,11210.0,0.0,0.6181220000000001,1.9636759999999998,CHN,GNB,7782
811203,81,88,1310,2002.0,3645.0,0.0,2.067395,0.7934359999999999,GBR,GNB,7782
811204,179,88,1310,2002.0,22773.0,0.0,0.584956,1.377068,PRT,GNB,7782
811205,71,198,1310,2002.0,2958.0,44992.0,1.054108,1.9357349999999998,ESP,SMR,7782
811206,131,198,1310,2002.0,0.0,2841.0,1.396249,1.153017,LUX,SMR,7782
811207,77,200,1310,2002.0,34173.0,0.0,1.648526,0.6870430000000001,FRA,SPM,7782
811208,61,218,1310,2002.0,1000.0,0.0,2.367856,-2.195331,DEU,TKL,7782
811209,33,194,1310,2002.0,0.0,2213.0,0.547024,-0.004036,BRB,SHN,7782
811210,81,194,1310,2002.0,6371.0,0.0,2.067395,0.7934359999999999,GBR,SHN,7782
811211,166,161,1310,2002.0,1817.0,0.0,0.370673,0.7853829999999999,NZL,NIU,7782
811212,3,6,1314,2002.0,47305.0,909056.0,1.822725,0.45911899999999994,AIA,ANT,7810
811213,18,6,1314,2002.0,571980.0,0.0,1.424339,1.372755,BEL,ANT,7810
811214,32,6,1314,2002.0,418080.0,0.0,0.631343,1.249344,BRA,ANT,7810
811215,39,6,1314,2002.0,6832.0,0.0,0.9672360000000001,1.389981,CAN,ANT,7810
811216,41,6,1314,2002.0,8379.0,0.0,2.205507,0.831836,CHE,ANT,7810
811217,49,6,1314,2002.0,1486.0,0.0,0.219861,0.45238999999999996,COL,ANT,7810
811218,61,6,1314,2002.0,2643000.0,0.0,2.367856,-2.195331,DEU,ANT,7810
811219,64,6,1314,2002.0,241358.0,0.0,1.344708,1.321135,DNK,ANT,7810
811220,65,6,1314,2002.0,0.0,24919.0,-0.43339300000000003,-0.378827,DOM,ANT,7810
811221,71,6,1314,2002.0,1464114.0,3468.0,1.054108,1.9357349999999998,ESP,ANT,7810
811222,73,6,1314,2002.0,0.0,57764.0,-1.289118,-1.0291540000000001,ETH,ANT,7810
811223,77,6,1314,2002.0,438927.0,0.0,1.648526,0.6870430000000001,FRA,ANT,7810
811224,81,6,1314,2002.0,93232.0,0.0,2.067395,0.7934359999999999,GBR,ANT,7810
811225,114,6,1314,2002.0,30128406.0,0.0,2.7747580000000003,0.43663199999999996,JPN,ANT,7810
811226,120,6,1314,2002.0,0.0,6223.0,0.757789,-0.2968,KNA,ANT,7810
811227,121,6,1314,2002.0,633218.0,0.0,1.4172719999999999,0.8763139999999999,KOR,ANT,7810
811228,138,6,1314,2002.0,16358.0,0.0,1.2677129999999999,0.599314,MEX,ANT,7810
811229,162,6,1314,2002.0,3048650.0,22104.0,1.175777,1.667472,NLD,ANT,7810
811230,179,6,1314,2002.0,0.0,27931.0,0.584956,1.377068,PRT,ANT,7810
811231,205,6,1314,2002.0,34219.0,78287.0,-1.002898,-0.905595,SUR,ANT,7810
811232,222,6,1314,2002.0,0.0,40694.0,-0.056315,-0.803537,TTO,ANT,7810
811233,231,6,1314,2002.0,13029601.0,0.0,1.853174,0.120986,USA,ANT,7810
811234,234,6,1314,2002.0,0.0,2489.0,-0.268813,-0.67072,VCT,ANT,7810
811235,236,6,1314,2002.0,95733.0,61597.0,-0.008877,-0.753486,VEN,ANT,7810
811236,246,6,1314,2002.0,8925672.0,0.0,0.32760500000000004,2.497746,ZAF,ANT,7810
811237,249,6,1314,2002.0,23474.0,0.0,1.9084720000000002,1.253714,TWN,ANT,7810
811238,18,13,1314,2002.0,135449.0,0.0,1.424339,1.372755,BEL,ATG,7810
811239,33,13,1314,2002.0,105698.0,0.0,0.547024,-0.004036,BRB,ATG,7810
811240,39,13,1314,2002.0,34876.0,0.0,0.9672360000000001,1.389981,CAN,ATG,7810
811241,61,13,1314,2002.0,41000.0,0.0,2.367856,-2.195331,DEU,ATG,7810
811242,63,13,1314,2002.0,0.0,4439.0,0.212137,-0.112873,DMA,ATG,7810
811243,64,13,1314,2002.0,19718.0,0.0,1.344708,1.321135,DNK,ATG,7810
811244,71,13,1314,2002.0,132997.0,0.0,1.054108,1.9357349999999998,ESP,ATG,7810
811245,81,13,1314,2002.0,457393.0,8976.0,2.067395,0.7934359999999999,GBR,ATG,7810
811246,83,13,1314,2002.0,0.0,68498.0,-1.258567,-1.048266,GHA,ATG,7810
811247,91,13,1314,2002.0,31430.0,0.0,0.822523,0.032938999999999996,GRD,ATG,7810
811248,96,13,1314,2002.0,0.0,5862.0,-1.050604,-0.9015549999999999,GUY,ATG,7810
811249,99,13,1314,2002.0,0.0,30881.0,-0.637891,-0.564421,HND,ATG,7810
811250,114,13,1314,2002.0,7205660.0,0.0,2.7747580000000003,0.43663199999999996,JPN,ATG,7810
811251,121,13,1314,2002.0,585698.0,0.0,1.4172719999999999,0.8763139999999999,KOR,ATG,7810
811252,127,13,1314,2002.0,47306.0,0.0,0.261861,-0.36480999999999997,LCA,ATG,7810
811253,149,13,1314,2002.0,21989.0,0.0,1.6121860000000001,0.078151,MSR,ATG,7810
811254,159,13,1314,2002.0,0.0,45963.0,-1.705991,-1.292926,NGA,ATG,7810
811255,179,13,1314,2002.0,1424.0,0.0,0.584956,1.377068,PRT,ATG,7810
811256,208,13,1314,2002.0,4638.0,0.0,2.134,0.769413,SWE,ATG,7810
811257,222,13,1314,2002.0,14865.0,0.0,-0.056315,-0.803537,TTO,ATG,7810
811258,231,13,1314,2002.0,1268210.0,0.0,1.853174,0.120986,USA,ATG,7810
811259,234,13,1314,2002.0,5709.0,0.0,-0.268813,-0.67072,VCT,ATG,7810
811260,2,15,1314,2002.0,0.0,193266.0,-1.8043639999999999,-1.250642,AGO,AUT,7810
811261,4,15,1314,2002.0,0.0,167878.0,-0.05800399999999999,0.042254,ALB,AUT,7810
811262,5,15,1314,2002.0,30307.0,343575.0,1.3229389999999999,0.9635950000000001,AND,AUT,7810
811263,7,15,1314,2002.0,0.0,11508942.0,-0.288838,-0.640049,ARE,AUT,7810
811264,8,15,1314,2002.0,0.0,254011.0,0.045376,0.71768,ARG,AUT,7810
811265,9,15,1314,2002.0,0.0,100780.0,0.66447,-0.08317000000000001,ARM,AUT,7810
811266,14,15,1314,2002.0,10069.0,52824204.0,-0.052462,0.759617,AUS,AUT,7810
811267,16,15,1314,2002.0,0.0,64220.0,-0.566735,-1.003158,AZE,AUT,7810
811268,18,15,1314,2002.0,226206048.0,39041588.0,1.424339,1.372755,BEL,AUT,7810
811269,19,15,1314,2002.0,0.0,16079.0,-0.7683840000000001,-0.7984319999999999,BEN,AUT,7810
811270,22,15,1314,2002.0,0.0,206691.0,-0.9509,-1.113308,BGD,AUT,7810
811271,23,15,1314,2002.0,39608.0,12741028.0,0.468058,1.644037,BGR,AUT,7810
811272,24,15,1314,2002.0,0.0,1613236.0,-0.31754099999999996,-1.099381,BHR,AUT,7810
811273,25,15,1314,2002.0,0.0,57309.0,0.035127,-0.536416,BHS,AUT,7810
811274,26,15,1314,2002.0,21597.0,2707671.0,0.223543,0.44595100000000004,BIH,AUT,7810
811275,28,15,1314,2002.0,4811.0,460584.0,0.865742,1.1823860000000002,BLR,AUT,7810
811276,31,15,1314,2002.0,0.0,15825.0,-0.785592,-0.6761119999999999,BOL,AUT,7810
811277,32,15,1314,2002.0,699816.0,6086473.0,0.631343,1.249344,BRA,AUT,7810
811278,39,15,1314,2002.0,531064.0,11087179.0,0.9672360000000001,1.389981,CAN,AUT,7810
811279,41,15,1314,2002.0,991428.0,68796344.0,2.205507,0.831836,CHE,AUT,7810
811280,42,15,1314,2002.0,0.0,131714.0,-0.079201,-0.11449200000000001,CHL,AUT,7810
811281,43,15,1314,2002.0,8480.0,11306807.0,0.6181220000000001,1.9636759999999998,CHN,AUT,7810
811282,44,15,1314,2002.0,0.0,662882.0,-0.803739,-0.752218,CIV,AUT,7810
811283,45,15,1314,2002.0,0.0,8630.0,-1.188713,-1.109944,CMR,AUT,7810
811284,46,15,1314,2002.0,0.0,142841.0,-1.218664,-1.1406120000000002,COD,AUT,7810
811285,47,15,1314,2002.0,0.0,10012.0,-1.468836,-1.250484,COG,AUT,7810
811286,49,15,1314,2002.0,0.0,149236.0,0.219861,0.45238999999999996,COL,AUT,7810
811287,51,15,1314,2002.0,0.0,8913.0,-0.315184,-0.660522,CPV,AUT,7810
811288,52,15,1314,2002.0,0.0,485518.0,0.083983,-0.096237,CRI,AUT,7810
811289,58,15,1314,2002.0,0.0,416580.0,0.332088,0.50441,CYP,AUT,7810
811290,59,15,1314,2002.0,180223968.0,36957588.0,1.5835139999999999,0.9563010000000001,CZE,AUT,7810
811291,61,15,1314,2002.0,1714184704.0,1028462784.0,2.367856,-2.195331,DEU,AUT,7810
811292,62,15,1314,2002.0,0.0,189176.0,-0.03383,-0.014618,DJI,AUT,7810
811293,63,15,1314,2002.0,0.0,105209.0,0.212137,-0.112873,DMA,AUT,7810
811294,64,15,1314,2002.0,496787.0,22522766.0,1.344708,1.321135,DNK,AUT,7810
811295,65,15,1314,2002.0,0.0,65839.0,-0.43339300000000003,-0.378827,DOM,AUT,7810
811296,66,15,1314,2002.0,0.0,10692.0,-0.9281389999999999,-1.19549,DZA,AUT,7810
811297,67,15,1314,2002.0,0.0,106569.0,-0.973858,-0.8924979999999999,ECU,AUT,7810
811298,68,15,1314,2002.0,0.0,157221.0,-0.37218,0.634319,EGY,AUT,7810
811299,69,15,1314,2002.0,0.0,3474.0,1.019399,0.23989899999999997,ERI,AUT,7810
811300,71,15,1314,2002.0,210105056.0,157931504.0,1.054108,1.9357349999999998,ESP,AUT,7810
811301,72,15,1314,2002.0,14590.0,4610594.0,0.576142,1.168563,EST,AUT,7810
811302,73,15,1314,2002.0,0.0,25326.0,-1.289118,-1.0291540000000001,ETH,AUT,7810
811303,74,15,1314,2002.0,5899582.0,10581883.0,1.9545119999999998,1.047515,FIN,AUT,7810
811304,77,15,1314,2002.0,438680352.0,165569440.0,1.648526,0.6870430000000001,FRA,AUT,7810
811305,78,15,1314,2002.0,0.0,23807.0,-0.33811399999999997,-0.8092050000000001,FRO,AUT,7810
811306,80,15,1314,2002.0,0.0,4414255.0,-1.34341,-1.238593,GAB,AUT,7810
811307,81,15,1314,2002.0,156785312.0,286283104.0,2.067395,0.7934359999999999,GBR,AUT,7810
811308,82,15,1314,2002.0,0.0,114641.0,0.23526999999999998,-0.156333,GEO,AUT,7810
811309,83,15,1314,2002.0,0.0,160450.0,-1.258567,-1.048266,GHA,AUT,7810
811310,84,15,1314,2002.0,0.0,100708.0,0.404483,-0.313042,GIB,AUT,7810
811311,85,15,1314,2002.0,0.0,134996.0,-1.684157,-1.256743,GIN,AUT,7810
811312,87,15,1314,2002.0,0.0,14562.0,0.266536,0.20776,GMB,AUT,7810
811313,90,15,1314,2002.0,0.0,27379648.0,0.20355399999999998,1.4130200000000002,GRC,AUT,7810
811314,93,15,1314,2002.0,5674.0,814138.0,-0.49913,-0.038079,GTM,AUT,7810
811315,97,15,1314,2002.0,0.0,299686.0,0.704932,1.291658,HKG,AUT,7810
811316,99,15,1314,2002.0,0.0,389655.0,-0.637891,-0.564421,HND,AUT,7810
811317,100,15,1314,2002.0,76814.0,11704909.0,0.603546,1.273001,HRV,AUT,7810
811318,101,15,1314,2002.0,0.0,1187369.0,-0.837823,-0.834512,HTI,AUT,7810
811319,102,15,1314,2002.0,10656055.0,19378800.0,1.232359,1.064425,HUN,AUT,7810
811320,103,15,1314,2002.0,0.0,582523.0,0.098182,1.7305840000000001,IDN,AUT,7810
811321,104,15,1314,2002.0,1266514.0,0.0,0.32974000000000003,2.376477,IND,AUT,7810
811322,106,15,1314,2002.0,0.0,5157858.0,1.7939310000000002,0.219254,IRL,AUT,7810
811323,108,15,1314,2002.0,0.0,37861.0,-1.008202,-0.9532209999999999,IRQ,AUT,7810
811324,109,15,1314,2002.0,0.0,142256.0,0.17011700000000002,-0.33925500000000003,ISL,AUT,7810
811325,110,15,1314,2002.0,0.0,3387812.0,1.257709,0.8318989999999999,ISR,AUT,7810
811326,111,15,1314,2002.0,164072608.0,544891520.0,1.3944219999999998,1.125362,ITA,AUT,7810
811327,113,15,1314,2002.0,0.0,318184.0,0.34023000000000003,0.264754,JOR,AUT,7810
811328,114,15,1314,2002.0,317103520.0,81815768.0,2.7747580000000003,0.43663199999999996,JPN,AUT,7810
811329,115,15,1314,2002.0,51050.0,915245.0,-0.100361,-0.502468,KAZ,AUT,7810
811330,116,15,1314,2002.0,0.0,14000.0,-0.59055,0.000731,KEN,AUT,7810
811331,117,15,1314,2002.0,0.0,53283.0,-0.094898,0.235639,KGZ,AUT,7810
811332,121,15,1314,2002.0,62449176.0,5737360.0,1.4172719999999999,0.8763139999999999,KOR,AUT,7810
811333,122,15,1314,2002.0,0.0,6374850.0,-0.794007,-1.192659,KWT,AUT,7810
811334,124,15,1314,2002.0,0.0,870804.0,0.220906,1.470297,LBN,AUT,7810
811335,125,15,1314,2002.0,0.0,3632.0,-0.683036,-1.158808,LBR,AUT,7810
811336,126,15,1314,2002.0,0.0,126690.0,-0.692769,-1.188682,LBY,AUT,7810
811337,130,15,1314,2002.0,8756.0,1113626.0,0.15796,0.855931,LTU,AUT,7810
811338,131,15,1314,2002.0,230483.0,6199736.0,1.396249,1.153017,LUX,AUT,7810
811339,132,15,1314,2002.0,0.0,3906150.0,0.41409799999999997,0.6281680000000001,LVA,AUT,7810
811340,134,15,1314,2002.0,1116.0,1419535.0,-0.690226,-0.42557,MAR,AUT,7810
811341,135,15,1314,2002.0,0.0,241912.0,-0.017383000000000003,0.109124,MDA,AUT,7810
811342,136,15,1314,2002.0,0.0,16725.0,-1.109564,-0.642039,MDG,AUT,7810
811343,138,15,1314,2002.0,680269.0,238398.0,1.2677129999999999,0.599314,MEX,AUT,7810
811344,140,15,1314,2002.0,25016.0,691271.0,-0.027727999999999996,0.41846400000000006,MKD,AUT,7810
811345,141,15,1314,2002.0,0.0,82304.0,-0.786698,-0.682438,MLI,AUT,7810
811346,142,15,1314,2002.0,0.0,29002.0,0.901235,-0.140261,MLT,AUT,7810
811347,143,15,1314,2002.0,0.0,23033.0,-1.251639,-0.994909,MMR,AUT,7810
811348,145,15,1314,2002.0,0.0,97799.0,-0.711096,-0.9835799999999999,MNG,AUT,7810
811349,147,15,1314,2002.0,0.0,70433.0,-1.337891,-1.187073,MOZ,AUT,7810
811350,151,15,1314,2002.0,0.0,36551.0,-0.382062,-0.379224,MUS,AUT,7810
811351,152,15,1314,2002.0,0.0,4937.0,-1.431612,-1.234903,MWI,AUT,7810
811352,153,15,1314,2002.0,23238.0,19365.0,0.9987159999999999,0.26558200000000004,MYS,AUT,7810
811353,155,15,1314,2002.0,0.0,9943.0,-0.137725,-0.361452,NAM,AUT,7810
811354,156,15,1314,2002.0,0.0,97020.0,-0.7477739999999999,-1.006248,NCL,AUT,7810
811355,157,15,1314,2002.0,0.0,19980.0,-0.562837,-0.333649,NER,AUT,7810
811356,159,15,1314,2002.0,0.0,1543837.0,-1.705991,-1.292926,NGA,AUT,7810
811357,160,15,1314,2002.0,0.0,203611.0,-0.634946,-0.37966,NIC,AUT,7810
811358,162,15,1314,2002.0,60138248.0,73236008.0,1.175777,1.667472,NLD,AUT,7810
811359,163,15,1314,2002.0,40547.0,10859696.0,0.689588,-0.007016,NOR,AUT,7810
811360,166,15,1314,2002.0,0.0,7660574.0,0.370673,0.7853829999999999,NZL,AUT,7810
811361,167,15,1314,2002.0,13110.0,1376801.0,-1.307058,-1.270916,OMN,AUT,7810
811362,168,15,1314,2002.0,0.0,107059.0,-0.7574069999999999,-0.403427,PAK,AUT,7810
811363,169,15,1314,2002.0,0.0,120322.0,0.085746,0.21839,PAN,AUT,7810
811364,173,15,1314,2002.0,13605.0,248581.0,-0.456603,0.030838,PER,AUT,7810
811365,174,15,1314,2002.0,0.0,69074.0,0.29601,-0.232513,PHL,AUT,7810
811366,177,15,1314,2002.0,10945713.0,29298436.0,0.9449299999999999,1.655764,POL,AUT,7810
811367,179,15,1314,2002.0,69344432.0,12705904.0,0.584956,1.377068,PRT,AUT,7810
811368,180,15,1314,2002.0,0.0,72788.0,-0.733796,-0.9001530000000001,PRY,AUT,7810
811369,182,15,1314,2002.0,6862.0,18249.0,-0.363179,-0.8967450000000001,PYF,AUT,7810
811370,183,15,1314,2002.0,0.0,1196385.0,-0.002177,-1.042517,QAT,AUT,7810
811371,185,15,1314,2002.0,2167.0,11281078.0,0.549227,1.071998,ROU,AUT,7810
811372,186,15,1314,2002.0,142075.0,21381418.0,0.6051449999999999,0.272307,RUS,AUT,7810
811373,187,15,1314,2002.0,0.0,23983.0,-0.6278859999999999,-0.832391,RWA,AUT,7810
811374,188,15,1314,2002.0,0.0,19024878.0,0.048764,-0.903125,SAU,AUT,7810
811375,189,15,1314,2002.0,25696.0,3919735.0,0.523459,2.58657,SCG,AUT,7810
811376,190,15,1314,2002.0,0.0,20944.0,-1.336665,-1.19919,SDN,AUT,7810
811377,191,15,1314,2002.0,0.0,135689.0,-0.5424939999999999,-0.554531,SEN,AUT,7810
811378,192,15,1314,2002.0,0.0,1565974.0,1.7077209999999998,0.683549,SGP,AUT,7810
811379,196,15,1314,2002.0,0.0,8878.0,0.29478899999999997,0.055865,SLE,AUT,7810
811380,197,15,1314,2002.0,0.0,100869.0,-0.258579,-0.096214,SLV,AUT,7810
811381,206,15,1314,2002.0,114061432.0,10197474.0,1.269549,1.184774,SVK,AUT,7810
811382,207,15,1314,2002.0,28935482.0,5324372.0,1.469681,1.13303,SVN,AUT,7810
811383,208,15,1314,2002.0,24366406.0,33841684.0,2.134,0.769413,SWE,AUT,7810
811384,211,15,1314,2002.0,0.0,47694.0,-0.8837229999999999,-0.975607,SYC,AUT,7810
811385,212,15,1314,2002.0,0.0,110203.0,-1.07007,-0.560769,SYR,AUT,7810
811386,215,15,1314,2002.0,0.0,61886.0,-0.688284,-0.5292789999999999,TGO,AUT,7810
811387,216,15,1314,2002.0,11503.0,75118.0,0.513887,1.545967,THA,AUT,7810
811388,219,15,1314,2002.0,0.0,112768.0,-0.9178629999999999,-1.202212,TKM,AUT,7810
811389,222,15,1314,2002.0,0.0,106911.0,-0.056315,-0.803537,TTO,AUT,7810
811390,223,15,1314,2002.0,0.0,441942.0,0.059876,0.369032,TUN,AUT,7810
811391,224,15,1314,2002.0,4105558.0,11241877.0,0.12982,1.8032650000000001,TUR,AUT,7810
811392,227,15,1314,2002.0,0.0,119184.0,-1.262952,-0.903123,UGA,AUT,7810
811393,228,15,1314,2002.0,1603.0,4135128.0,0.575372,1.131722,UKR,AUT,7810
811394,230,15,1314,2002.0,0.0,25424.0,0.048498,0.118565,URY,AUT,7810
811395,231,15,1314,2002.0,17731790.0,225031376.0,1.853174,0.120986,USA,AUT,7810
811396,236,15,1314,2002.0,0.0,397688.0,-0.008877,-0.753486,VEN,AUT,7810
811397,237,15,1314,2002.0,0.0,306451.0,0.6891930000000001,-0.27620500000000003,VGB,AUT,7810
811398,239,15,1314,2002.0,0.0,8193.0,-0.44170699999999996,0.544708,VNM,AUT,7810
811399,243,15,1314,2002.0,0.0,149110.0,-1.447637,-1.289748,YEM,AUT,7810
811400,246,15,1314,2002.0,7189252.0,45763496.0,0.32760500000000004,2.497746,ZAF,AUT,7810
811401,247,15,1314,2002.0,0.0,11039.0,-0.840258,-0.639474,ZMB,AUT,7810
811402,248,15,1314,2002.0,14414.0,117349.0,-0.36033000000000004,0.452182,ZWE,AUT,7810
811403,249,15,1314,2002.0,1604248.0,1859595.0,1.9084720000000002,1.253714,TWN,AUT,7810
811404,0,18,1314,2002.0,10844.0,0.0,0.27076100000000003,-0.858951,ABW,BEL,7810
811405,1,18,1314,2002.0,0.0,44172.0,-0.11885899999999999,-0.346093,AFG,BEL,7810
811406,2,18,1314,2002.0,3650.0,25524524.0,-1.8043639999999999,-1.250642,AGO,BEL,7810
811407,4,18,1314,2002.0,0.0,326200.0,-0.05800399999999999,0.042254,ALB,BEL,7810
811408,5,18,1314,2002.0,34934.0,436543.0,1.3229389999999999,0.9635950000000001,AND,BEL,7810
811409,6,18,1314,2002.0,0.0,571980.0,0.145946,-0.704052,ANT,BEL,7810
811410,7,18,1314,2002.0,44621.0,10594373.0,-0.288838,-0.640049,ARE,BEL,7810
811411,8,18,1314,2002.0,475467.0,583477.0,0.045376,0.71768,ARG,BEL,7810
811412,9,18,1314,2002.0,51403.0,305107.0,0.66447,-0.08317000000000001,ARM,BEL,7810
811413,13,18,1314,2002.0,0.0,135449.0,0.23995500000000003,-0.754877,ATG,BEL,7810
811414,14,18,1314,2002.0,291247.0,186980288.0,-0.052462,0.759617,AUS,BEL,7810
811415,15,18,1314,2002.0,39041588.0,226206048.0,1.866997,0.400527,AUT,BEL,7810
811416,16,18,1314,2002.0,0.0,78350.0,-0.566735,-1.003158,AZE,BEL,7810
811417,17,18,1314,2002.0,0.0,145236.0,-0.399212,-0.67657,BDI,BEL,7810
811418,19,18,1314,2002.0,37983.0,22399332.0,-0.7683840000000001,-0.7984319999999999,BEN,BEL,7810
811419,21,18,1314,2002.0,12372.0,649772.0,-0.5542590000000001,-0.5946060000000001,BFA,BEL,7810
811420,22,18,1314,2002.0,0.0,216552.0,-0.9509,-1.113308,BGD,BEL,7810
811421,23,18,1314,2002.0,7283.0,5797985.0,0.468058,1.644037,BGR,BEL,7810
811422,24,18,1314,2002.0,0.0,1829759.0,-0.31754099999999996,-1.099381,BHR,BEL,7810
811423,25,18,1314,2002.0,0.0,123956.0,0.035127,-0.536416,BHS,BEL,7810
811424,26,18,1314,2002.0,13674.0,2155166.0,0.223543,0.44595100000000004,BIH,BEL,7810
811425,28,18,1314,2002.0,18106.0,1472310.0,0.865742,1.1823860000000002,BLR,BEL,7810
811426,29,18,1314,2002.0,0.0,2117.0,-0.553335,-0.753058,BLZ,BEL,7810
811427,30,18,1314,2002.0,0.0,1391973.0,0.934739,-0.465542,BMU,BEL,7810
811428,31,18,1314,2002.0,0.0,82338.0,-0.785592,-0.6761119999999999,BOL,BEL,7810
811429,32,18,1314,2002.0,296205.0,4157385.0,0.631343,1.249344,BRA,BEL,7810
811430,33,18,1314,2002.0,0.0,101351.0,0.547024,-0.004036,BRB,BEL,7810
811431,34,18,1314,2002.0,0.0,579773.0,-1.359507,-1.084339,BRN,BEL,7810
811432,35,18,1314,2002.0,0.0,2833.0,0.068259,-0.613581,BTN,BEL,7810
811433,37,18,1314,2002.0,0.0,26183.0,-0.164526,-1.04616,BWA,BEL,7810
811434,38,18,1314,2002.0,0.0,316504.0,-0.698235,-0.905799,CAF,BEL,7810
811435,39,18,1314,2002.0,3930206.0,100277064.0,0.9672360000000001,1.389981,CAN,BEL,7810
811436,41,18,1314,2002.0,1266132.0,347862432.0,2.205507,0.831836,CHE,BEL,7810
811437,42,18,1314,2002.0,6711.0,3790821.0,-0.079201,-0.11449200000000001,CHL,BEL,7810
811438,43,18,1314,2002.0,248020.0,4897312.0,0.6181220000000001,1.9636759999999998,CHN,BEL,7810
811439,44,18,1314,2002.0,106309.0,7619322.0,-0.803739,-0.752218,CIV,BEL,7810
811440,45,18,1314,2002.0,9686.0,16287384.0,-1.188713,-1.109944,CMR,BEL,7810
811441,46,18,1314,2002.0,0.0,9041207.0,-1.218664,-1.1406120000000002,COD,BEL,7810
811442,47,18,1314,2002.0,27052.0,8341910.0,-1.468836,-1.250484,COG,BEL,7810
811443,49,18,1314,2002.0,0.0,921679.0,0.219861,0.45238999999999996,COL,BEL,7810
811444,50,18,1314,2002.0,0.0,250143.0,-0.634921,-0.9792120000000001,COM,BEL,7810
811445,51,18,1314,2002.0,0.0,518104.0,-0.315184,-0.660522,CPV,BEL,7810
811446,52,18,1314,2002.0,0.0,717761.0,0.083983,-0.096237,CRI,BEL,7810
811447,54,18,1314,2002.0,16657.0,371220.0,-0.896759,-1.079825,CUB,BEL,7810
811448,58,18,1314,2002.0,18817.0,6547682.0,0.332088,0.50441,CYP,BEL,7810
811449,59,18,1314,2002.0,13125531.0,56452700.0,1.5835139999999999,0.9563010000000001,CZE,BEL,7810
811450,61,18,1314,2002.0,4757259264.0,3962118912.0,2.367856,-2.195331,DEU,BEL,7810
811451,62,18,1314,2002.0,0.0,755181.0,-0.03383,-0.014618,DJI,BEL,7810
811452,64,18,1314,2002.0,3810309.0,61416996.0,1.344708,1.321135,DNK,BEL,7810
811453,65,18,1314,2002.0,0.0,5618734.0,-0.43339300000000003,-0.378827,DOM,BEL,7810
811454,66,18,1314,2002.0,3427.0,2707067.0,-0.9281389999999999,-1.19549,DZA,BEL,7810
811455,67,18,1314,2002.0,0.0,1851727.0,-0.973858,-0.8924979999999999,ECU,BEL,7810
811456,68,18,1314,2002.0,14748.0,3921748.0,-0.37218,0.634319,EGY,BEL,7810
811457,69,18,1314,2002.0,0.0,6463.0,1.019399,0.23989899999999997,ERI,BEL,7810
811458,71,18,1314,2002.0,454675456.0,1060097088.0,1.054108,1.9357349999999998,ESP,BEL,7810
811459,72,18,1314,2002.0,4112515.0,2918408.0,0.576142,1.168563,EST,BEL,7810
811460,73,18,1314,2002.0,23765.0,532991.0,-1.289118,-1.0291540000000001,ETH,BEL,7810
811461,74,18,1314,2002.0,4472274.0,73742856.0,1.9545119999999998,1.047515,FIN,BEL,7810
811462,75,18,1314,2002.0,0.0,63615.0,-0.788026,-0.432015,FJI,BEL,7810
811463,77,18,1314,2002.0,1798800256.0,1363573120.0,1.648526,0.6870430000000001,FRA,BEL,7810
811464,78,18,1314,2002.0,0.0,5123.0,-0.33811399999999997,-0.8092050000000001,FRO,BEL,7810
811465,80,18,1314,2002.0,1882.0,3822294.0,-1.34341,-1.238593,GAB,BEL,7810
811466,81,18,1314,2002.0,862124160.0,4195563008.0,2.067395,0.7934359999999999,GBR,BEL,7810
811467,82,18,1314,2002.0,0.0,172608.0,0.23526999999999998,-0.156333,GEO,BEL,7810
811468,83,18,1314,2002.0,0.0,4788922.0,-1.258567,-1.048266,GHA,BEL,7810
811469,84,18,1314,2002.0,0.0,152474.0,0.404483,-0.313042,GIB,BEL,7810
811470,85,18,1314,2002.0,6730.0,5583461.0,-1.684157,-1.256743,GIN,BEL,7810
811471,87,18,1314,2002.0,0.0,1049424.0,0.266536,0.20776,GMB,BEL,7810
811472,88,18,1314,2002.0,0.0,816889.0,-0.30444099999999996,-0.815509,GNB,BEL,7810
811473,89,18,1314,2002.0,0.0,1058185.0,-1.8647490000000002,-0.96145,GNQ,BEL,7810
811474,90,18,1314,2002.0,34196.0,120061272.0,0.20355399999999998,1.4130200000000002,GRC,BEL,7810
811475,93,18,1314,2002.0,22823.0,3797018.0,-0.49913,-0.038079,GTM,BEL,7810
811476,97,18,1314,2002.0,46089.0,9906073.0,0.704932,1.291658,HKG,BEL,7810
811477,99,18,1314,2002.0,0.0,146557.0,-0.637891,-0.564421,HND,BEL,7810
811478,100,18,1314,2002.0,39569.0,41686088.0,0.603546,1.273001,HRV,BEL,7810
811479,101,18,1314,2002.0,0.0,22633.0,-0.837823,-0.834512,HTI,BEL,7810
811480,102,18,1314,2002.0,9842701.0,95380608.0,1.232359,1.064425,HUN,BEL,7810
811481,103,18,1314,2002.0,1005.0,86926.0,0.098182,1.7305840000000001,IDN,BEL,7810
811482,104,18,1314,2002.0,1165700.0,5206491.0,0.32974000000000003,2.376477,IND,BEL,7810
811483,105,18,1314,2002.0,0.0,141590.0,-0.8981959999999999,-0.920425,IOT,BEL,7810
811484,106,18,1314,2002.0,37262.0,149073936.0,1.7939310000000002,0.219254,IRL,BEL,7810
811485,107,18,1314,2002.0,8481.0,37016.0,-0.665259,-0.840274,IRN,BEL,7810
811486,108,18,1314,2002.0,0.0,4136779.0,-1.008202,-0.9532209999999999,IRQ,BEL,7810
811487,109,18,1314,2002.0,2532.0,1134125.0,0.17011700000000002,-0.33925500000000003,ISL,BEL,7810
811488,110,18,1314,2002.0,68174.0,34120588.0,1.257709,0.8318989999999999,ISR,BEL,7810
811489,111,18,1314,2002.0,319298528.0,1028358720.0,1.3944219999999998,1.125362,ITA,BEL,7810
811490,112,18,1314,2002.0,0.0,695747.0,-0.459541,-0.947443,JAM,BEL,7810
811491,113,18,1314,2002.0,4007.0,7010844.0,0.34023000000000003,0.264754,JOR,BEL,7810
811492,114,18,1314,2002.0,1172428032.0,136902992.0,2.7747580000000003,0.43663199999999996,JPN,BEL,7810
811493,115,18,1314,2002.0,59050.0,213524.0,-0.100361,-0.502468,KAZ,BEL,7810
811494,116,18,1314,2002.0,30035.0,702461.0,-0.59055,0.000731,KEN,BEL,7810
811495,117,18,1314,2002.0,0.0,6750.0,-0.094898,0.235639,KGZ,BEL,7810
811496,118,18,1314,2002.0,5066.0,3965.0,-0.8577629999999999,-1.071536,KHM,BEL,7810
811497,120,18,1314,2002.0,0.0,44155.0,0.757789,-0.2968,KNA,BEL,7810
811498,121,18,1314,2002.0,88480344.0,8435763.0,1.4172719999999999,0.8763139999999999,KOR,BEL,7810
811499,122,18,1314,2002.0,0.0,6984517.0,-0.794007,-1.192659,KWT,BEL,7810
811500,123,18,1314,2002.0,0.0,53138.0,-0.990957,-1.111048,LAO,BEL,7810
811501,124,18,1314,2002.0,8365.0,14577456.0,0.220906,1.470297,LBN,BEL,7810
811502,125,18,1314,2002.0,0.0,239299.0,-0.683036,-1.158808,LBR,BEL,7810
811503,126,18,1314,2002.0,0.0,2715418.0,-0.692769,-1.188682,LBY,BEL,7810
811504,128,18,1314,2002.0,0.0,886059.0,-0.461765,-0.057614,LKA,BEL,7810
811505,129,18,1314,2002.0,0.0,6759.0,-1.313698,-1.153109,LSO,BEL,7810
811506,130,18,1314,2002.0,682015.0,10615070.0,0.15796,0.855931,LTU,BEL,7810
811507,131,18,1314,2002.0,112575928.0,605694976.0,1.396249,1.153017,LUX,BEL,7810
811508,132,18,1314,2002.0,2413952.0,3145722.0,0.41409799999999997,0.6281680000000001,LVA,BEL,7810
811509,133,18,1314,2002.0,0.0,34430.0,0.005082,-0.328658,MAC,BEL,7810
811510,134,18,1314,2002.0,25320.0,8924579.0,-0.690226,-0.42557,MAR,BEL,7810
811511,135,18,1314,2002.0,5708.0,120580.0,-0.017383000000000003,0.109124,MDA,BEL,7810
811512,136,18,1314,2002.0,61327.0,1333607.0,-1.109564,-0.642039,MDG,BEL,7810
811513,138,18,1314,2002.0,13168736.0,288922304.0,1.2677129999999999,0.599314,MEX,BEL,7810
811514,140,18,1314,2002.0,26668.0,794029.0,-0.027727999999999996,0.41846400000000006,MKD,BEL,7810
811515,141,18,1314,2002.0,15920.0,1241784.0,-0.786698,-0.682438,MLI,BEL,7810
811516,142,18,1314,2002.0,4238.0,2217336.0,0.901235,-0.140261,MLT,BEL,7810
811517,145,18,1314,2002.0,0.0,68752.0,-0.711096,-0.9835799999999999,MNG,BEL,7810
811518,147,18,1314,2002.0,17395.0,63907.0,-1.337891,-1.187073,MOZ,BEL,7810
811519,148,18,1314,2002.0,0.0,1994178.0,-1.053061,-1.221967,MRT,BEL,7810
811520,151,18,1314,2002.0,0.0,131179.0,-0.382062,-0.379224,MUS,BEL,7810
811521,152,18,1314,2002.0,0.0,23314.0,-1.431612,-1.234903,MWI,BEL,7810
811522,153,18,1314,2002.0,0.0,577952.0,0.9987159999999999,0.26558200000000004,MYS,BEL,7810
811523,155,18,1314,2002.0,54780.0,41353.0,-0.137725,-0.361452,NAM,BEL,7810
811524,156,18,1314,2002.0,0.0,855128.0,-0.7477739999999999,-1.006248,NCL,BEL,7810
811525,157,18,1314,2002.0,0.0,7673337.0,-0.562837,-0.333649,NER,BEL,7810
811526,159,18,1314,2002.0,0.0,11669797.0,-1.705991,-1.292926,NGA,BEL,7810
811527,160,18,1314,2002.0,0.0,32337.0,-0.634946,-0.37966,NIC,BEL,7810
811528,162,18,1314,2002.0,231949488.0,2096602368.0,1.175777,1.667472,NLD,BEL,7810
811529,163,18,1314,2002.0,509192.0,31191344.0,0.689588,-0.007016,NOR,BEL,7810
811530,166,18,1314,2002.0,0.0,33734796.0,0.370673,0.7853829999999999,NZL,BEL,7810
811531,167,18,1314,2002.0,1757479.0,1731838.0,-1.307058,-1.270916,OMN,BEL,7810
811532,168,18,1314,2002.0,0.0,328552.0,-0.7574069999999999,-0.403427,PAK,BEL,7810
811533,169,18,1314,2002.0,0.0,551464.0,0.085746,0.21839,PAN,BEL,7810
811534,173,18,1314,2002.0,54539.0,800160.0,-0.456603,0.030838,PER,BEL,7810
811535,174,18,1314,2002.0,104292.0,2724630.0,0.29601,-0.232513,PHL,BEL,7810
811536,177,18,1314,2002.0,28659130.0,100070896.0,0.9449299999999999,1.655764,POL,BEL,7810
811537,179,18,1314,2002.0,486185248.0,85351968.0,0.584956,1.377068,PRT,BEL,7810
811538,180,18,1314,2002.0,0.0,130721.0,-0.733796,-0.9001530000000001,PRY,BEL,7810
811539,182,18,1314,2002.0,0.0,396941.0,-0.363179,-0.8967450000000001,PYF,BEL,7810
811540,183,18,1314,2002.0,281159.0,606910.0,-0.002177,-1.042517,QAT,BEL,7810
811541,185,18,1314,2002.0,18007.0,15483913.0,0.549227,1.071998,ROU,BEL,7810
811542,186,18,1314,2002.0,1076073.0,37275812.0,0.6051449999999999,0.272307,RUS,BEL,7810
811543,187,18,1314,2002.0,23067.0,605451.0,-0.6278859999999999,-0.832391,RWA,BEL,7810
811544,188,18,1314,2002.0,243951.0,14310363.0,0.048764,-0.903125,SAU,BEL,7810
811545,189,18,1314,2002.0,6117.0,4748914.0,0.523459,2.58657,SCG,BEL,7810
811546,190,18,1314,2002.0,8504.0,272933.0,-1.336665,-1.19919,SDN,BEL,7810
811547,191,18,1314,2002.0,154738.0,11020314.0,-0.5424939999999999,-0.554531,SEN,BEL,7810
811548,192,18,1314,2002.0,1908.0,8736064.0,1.7077209999999998,0.683549,SGP,BEL,7810
811549,196,18,1314,2002.0,0.0,1739424.0,0.29478899999999997,0.055865,SLE,BEL,7810
811550,197,18,1314,2002.0,0.0,157139.0,-0.258579,-0.096214,SLV,BEL,7810
811551,198,18,1314,2002.0,0.0,26075.0,1.342892,0.48520100000000005,SMR,BEL,7810
811552,200,18,1314,2002.0,0.0,2672.0,-0.791918,-0.965751,SPM,BEL,7810
811553,203,18,1314,2002.0,0.0,291979.0,0.767305,-0.0836,STP,BEL,7810
811554,205,18,1314,2002.0,2454.0,157730.0,-1.002898,-0.905595,SUR,BEL,7810
811555,206,18,1314,2002.0,48714728.0,4401091.0,1.269549,1.184774,SVK,BEL,7810
811556,207,18,1314,2002.0,0.0,14660785.0,1.469681,1.13303,SVN,BEL,7810
811557,208,18,1314,2002.0,100875512.0,303465920.0,2.134,0.769413,SWE,BEL,7810
811558,211,18,1314,2002.0,0.0,36614.0,-0.8837229999999999,-0.975607,SYC,BEL,7810
811559,212,18,1314,2002.0,0.0,454588.0,-1.07007,-0.560769,SYR,BEL,7810
811560,214,18,1314,2002.0,0.0,50941.0,-0.092619,-0.776712,TCD,BEL,7810
811561,215,18,1314,2002.0,12163.0,6264414.0,-0.688284,-0.5292789999999999,TGO,BEL,7810
811562,216,18,1314,2002.0,285935136.0,250402.0,0.513887,1.545967,THA,BEL,7810
811563,219,18,1314,2002.0,0.0,7279.0,-0.9178629999999999,-1.202212,TKM,BEL,7810
811564,222,18,1314,2002.0,32926.0,352866.0,-0.056315,-0.803537,TTO,BEL,7810
811565,223,18,1314,2002.0,71001.0,4752058.0,0.059876,0.369032,TUN,BEL,7810
811566,224,18,1314,2002.0,14210034.0,48431876.0,0.12982,1.8032650000000001,TUR,BEL,7810
811567,226,18,1314,2002.0,0.0,414651.0,-1.234127,-0.421158,TZA,BEL,7810
811568,227,18,1314,2002.0,48564.0,62950.0,-1.262952,-0.903123,UGA,BEL,7810
811569,228,18,1314,2002.0,2409.0,8616980.0,0.575372,1.131722,UKR,BEL,7810
811570,230,18,1314,2002.0,0.0,94339.0,0.048498,0.118565,URY,BEL,7810
811571,231,18,1314,2002.0,148845280.0,998614784.0,1.853174,0.120986,USA,BEL,7810
811572,232,18,1314,2002.0,0.0,5792.0,-0.583861,-0.758266,UZB,BEL,7810
811573,233,18,1314,2002.0,0.0,22973.0,1.0090620000000001,-0.47225100000000003,VAT,BEL,7810
811574,234,18,1314,2002.0,0.0,244946.0,-0.268813,-0.67072,VCT,BEL,7810
811575,236,18,1314,2002.0,663152.0,7449828.0,-0.008877,-0.753486,VEN,BEL,7810
811576,239,18,1314,2002.0,0.0,123465.0,-0.44170699999999996,0.544708,VNM,BEL,7810
811577,243,18,1314,2002.0,0.0,18394.0,-1.447637,-1.289748,YEM,BEL,7810
811578,246,18,1314,2002.0,326084.0,20406034.0,0.32760500000000004,2.497746,ZAF,BEL,7810
811579,247,18,1314,2002.0,0.0,325350.0,-0.840258,-0.639474,ZMB,BEL,7810
811580,248,18,1314,2002.0,67453.0,411047.0,-0.36033000000000004,0.452182,ZWE,BEL,7810
811581,249,18,1314,2002.0,5704954.0,13375421.0,1.9084720000000002,1.253714,TWN,BEL,7810
811582,250,18,1314,2002.0,0.0,678004.0,0.5979300000000001,-0.497816,ANS,BEL,7810
811583,15,25,1314,2002.0,57309.0,0.0,1.866997,0.400527,AUT,BHS,7810
811584,18,25,1314,2002.0,123956.0,0.0,1.424339,1.372755,BEL,BHS,7810
811585,33,25,1314,2002.0,468752.0,0.0,0.547024,-0.004036,BRB,BHS,7810
811586,39,25,1314,2002.0,126774.0,25288.0,0.9672360000000001,1.389981,CAN,BHS,7810
811587,41,25,1314,2002.0,32423.0,0.0,2.205507,0.831836,CHE,BHS,7810
811588,61,25,1314,2002.0,4056651.0,5434.0,2.367856,-2.195331,DEU,BHS,7810
811589,64,25,1314,2002.0,15190.0,0.0,1.344708,1.321135,DNK,BHS,7810
811590,65,25,1314,2002.0,0.0,15405.0,-0.43339300000000003,-0.378827,DOM,BHS,7810
811591,67,25,1314,2002.0,7216.0,0.0,-0.973858,-0.8924979999999999,ECU,BHS,7810
811592,71,25,1314,2002.0,7144.0,0.0,1.054108,1.9357349999999998,ESP,BHS,7810
811593,72,25,1314,2002.0,11299.0,0.0,0.576142,1.168563,EST,BHS,7810
811594,77,25,1314,2002.0,62912.0,16301.0,1.648526,0.6870430000000001,FRA,BHS,7810
811595,81,25,1314,2002.0,262917.0,44832.0,2.067395,0.7934359999999999,GBR,BHS,7810
811596,83,25,1314,2002.0,0.0,248894.0,-1.258567,-1.048266,GHA,BHS,7810
811597,90,25,1314,2002.0,15357.0,0.0,0.20355399999999998,1.4130200000000002,GRC,BHS,7810
811598,93,25,1314,2002.0,120787.0,0.0,-0.49913,-0.038079,GTM,BHS,7810
811599,97,25,1314,2002.0,7887.0,0.0,0.704932,1.291658,HKG,BHS,7810
811600,101,25,1314,2002.0,0.0,14374.0,-0.837823,-0.834512,HTI,BHS,7810
811601,108,25,1314,2002.0,242202.0,0.0,-1.008202,-0.9532209999999999,IRQ,BHS,7810
811602,110,25,1314,2002.0,3137.0,0.0,1.257709,0.8318989999999999,ISR,BHS,7810
811603,111,25,1314,2002.0,9694.0,0.0,1.3944219999999998,1.125362,ITA,BHS,7810
811604,112,25,1314,2002.0,17359.0,0.0,-0.459541,-0.947443,JAM,BHS,7810
811605,114,25,1314,2002.0,16278853.0,11685.0,2.7747580000000003,0.43663199999999996,JPN,BHS,7810
811606,120,25,1314,2002.0,27948.0,0.0,0.757789,-0.2968,KNA,BHS,7810
811607,121,25,1314,2002.0,5051571.0,0.0,1.4172719999999999,0.8763139999999999,KOR,BHS,7810
811608,138,25,1314,2002.0,1576972.0,0.0,1.2677129999999999,0.599314,MEX,BHS,7810
811609,162,25,1314,2002.0,3104.0,0.0,1.175777,1.667472,NLD,BHS,7810
811610,169,25,1314,2002.0,21726.0,0.0,0.085746,0.21839,PAN,BHS,7810
811611,208,25,1314,2002.0,31386.0,0.0,2.134,0.769413,SWE,BHS,7810
811612,213,25,1314,2002.0,0.0,8837.0,0.849978,0.260833,TCA,BHS,7810
811613,222,25,1314,2002.0,16097.0,6326.0,-0.056315,-0.803537,TTO,BHS,7810
811614,231,25,1314,2002.0,39460572.0,2698340.0,1.853174,0.120986,USA,BHS,7810
811615,246,25,1314,2002.0,4776.0,0.0,0.32760500000000004,2.497746,ZAF,BHS,7810
811616,250,25,1314,2002.0,731904.0,6140.0,0.5979300000000001,-0.497816,ANS,BHS,7810
811617,0,32,1314,2002.0,0.0,151814.0,0.27076100000000003,-0.858951,ABW,BRA,7810
811618,2,32,1314,2002.0,0.0,1033580.0,-1.8043639999999999,-1.250642,AGO,BRA,7810
811619,6,32,1314,2002.0,0.0,418080.0,0.145946,-0.704052,ANT,BRA,7810
811620,8,32,1314,2002.0,336725696.0,110688280.0,0.045376,0.71768,ARG,BRA,7810
811621,14,32,1314,2002.0,2047032.0,55140.0,-0.052462,0.759617,AUS,BRA,7810
811622,15,32,1314,2002.0,6086473.0,699816.0,1.866997,0.400527,AUT,BRA,7810
811623,18,32,1314,2002.0,4157385.0,296205.0,1.424339,1.372755,BEL,BRA,7810
811624,21,32,1314,2002.0,0.0,1796.0,-0.5542590000000001,-0.5946060000000001,BFA,BRA,7810
811625,23,32,1314,2002.0,0.0,10387.0,0.468058,1.644037,BGR,BRA,7810
811626,24,32,1314,2002.0,0.0,15933.0,-0.31754099999999996,-1.099381,BHR,BRA,7810
811627,31,32,1314,2002.0,0.0,856905.0,-0.785592,-0.6761119999999999,BOL,BRA,7810
811628,39,32,1314,2002.0,869688.0,33894164.0,0.9672360000000001,1.389981,CAN,BRA,7810
811629,41,32,1314,2002.0,0.0,1254460.0,2.205507,0.831836,CHE,BRA,7810
811630,42,32,1314,2002.0,13755.0,52586608.0,-0.079201,-0.11449200000000001,CHL,BRA,7810
811631,43,32,1314,2002.0,17026.0,24815898.0,0.6181220000000001,1.9636759999999998,CHN,BRA,7810
811632,44,32,1314,2002.0,0.0,200178.0,-0.803739,-0.752218,CIV,BRA,7810
811633,49,32,1314,2002.0,7603.0,61268208.0,0.219861,0.45238999999999996,COL,BRA,7810
811634,51,32,1314,2002.0,0.0,64169.0,-0.315184,-0.660522,CPV,BRA,7810
811635,52,32,1314,2002.0,0.0,2994833.0,0.083983,-0.096237,CRI,BRA,7810
811636,54,32,1314,2002.0,0.0,2074594.0,-0.896759,-1.079825,CUB,BRA,7810
811637,57,32,1314,2002.0,0.0,1310611.0,0.570589,-0.692583,CYM,BRA,7810
811638,58,32,1314,2002.0,0.0,111748.0,0.332088,0.50441,CYP,BRA,7810
811639,59,32,1314,2002.0,0.0,4274.0,1.5835139999999999,0.9563010000000001,CZE,BRA,7810
811640,61,32,1314,2002.0,139132512.0,3596501.0,2.367856,-2.195331,DEU,BRA,7810
811641,65,32,1314,2002.0,0.0,4154274.0,-0.43339300000000003,-0.378827,DOM,BRA,7810
811642,66,32,1314,2002.0,0.0,421603.0,-0.9281389999999999,-1.19549,DZA,BRA,7810
811643,67,32,1314,2002.0,0.0,80745288.0,-0.973858,-0.8924979999999999,ECU,BRA,7810
811644,68,32,1314,2002.0,0.0,3009794.0,-0.37218,0.634319,EGY,BRA,7810
811645,71,32,1314,2002.0,647422.0,211843.0,1.054108,1.9357349999999998,ESP,BRA,7810
811646,73,32,1314,2002.0,0.0,160114.0,-1.289118,-1.0291540000000001,ETH,BRA,7810
811647,74,32,1314,2002.0,0.0,7229.0,1.9545119999999998,1.047515,FIN,BRA,7810
811648,75,32,1314,2002.0,0.0,2932.0,-0.788026,-0.432015,FJI,BRA,7810
811649,77,32,1314,2002.0,33746736.0,2372135.0,1.648526,0.6870430000000001,FRA,BRA,7810
811650,81,32,1314,2002.0,4989614.0,231867.0,2.067395,0.7934359999999999,GBR,BRA,7810
811651,83,32,1314,2002.0,0.0,3386.0,-1.258567,-1.048266,GHA,BRA,7810
811652,93,32,1314,2002.0,0.0,12082063.0,-0.49913,-0.038079,GTM,BRA,7810
811653,97,32,1314,2002.0,30383.0,0.0,0.704932,1.291658,HKG,BRA,7810
811654,99,32,1314,2002.0,0.0,685226.0,-0.637891,-0.564421,HND,BRA,7810
811655,100,32,1314,2002.0,0.0,28228.0,0.603546,1.273001,HRV,BRA,7810
811656,101,32,1314,2002.0,0.0,29632.0,-0.837823,-0.834512,HTI,BRA,7810
811657,102,32,1314,2002.0,1188090.0,0.0,1.232359,1.064425,HUN,BRA,7810
811658,104,32,1314,2002.0,0.0,8571448.0,0.32974000000000003,2.376477,IND,BRA,7810
811659,111,32,1314,2002.0,5027610.0,19624428.0,1.3944219999999998,1.125362,ITA,BRA,7810
811660,113,32,1314,2002.0,0.0,175107.0,0.34023000000000003,0.264754,JOR,BRA,7810
811661,114,32,1314,2002.0,73568560.0,257729.0,2.7747580000000003,0.43663199999999996,JPN,BRA,7810
811662,121,32,1314,2002.0,11643427.0,47805.0,1.4172719999999999,0.8763139999999999,KOR,BRA,7810
811663,131,32,1314,2002.0,0.0,1425.0,1.396249,1.153017,LUX,BRA,7810
811664,134,32,1314,2002.0,0.0,1692784.0,-0.690226,-0.42557,MAR,BRA,7810
811665,138,32,1314,2002.0,53748952.0,750715072.0,1.2677129999999999,0.599314,MEX,BRA,7810
811666,153,32,1314,2002.0,0.0,133132.0,0.9987159999999999,0.26558200000000004,MYS,BRA,7810
811667,159,32,1314,2002.0,0.0,31614.0,-1.705991,-1.292926,NGA,BRA,7810
811668,160,32,1314,2002.0,0.0,273684.0,-0.634946,-0.37966,NIC,BRA,7810
811669,162,32,1314,2002.0,4083718.0,46893.0,1.175777,1.667472,NLD,BRA,7810
811670,163,32,1314,2002.0,0.0,14549.0,0.689588,-0.007016,NOR,BRA,7810
811671,167,32,1314,2002.0,0.0,100699.0,-1.307058,-1.270916,OMN,BRA,7810
811672,169,32,1314,2002.0,0.0,497799.0,0.085746,0.21839,PAN,BRA,7810
811673,173,32,1314,2002.0,29423.0,5014462.0,-0.456603,0.030838,PER,BRA,7810
811674,179,32,1314,2002.0,36856.0,68485.0,0.584956,1.377068,PRT,BRA,7810
811675,180,32,1314,2002.0,0.0,5036487.0,-0.733796,-0.9001530000000001,PRY,BRA,7810
811676,183,32,1314,2002.0,0.0,157827.0,-0.002177,-1.042517,QAT,BRA,7810
811677,185,32,1314,2002.0,356264.0,0.0,0.549227,1.071998,ROU,BRA,7810
811678,186,32,1314,2002.0,0.0,1256.0,0.6051449999999999,0.272307,RUS,BRA,7810
811679,188,32,1314,2002.0,0.0,1176883.0,0.048764,-0.903125,SAU,BRA,7810
811680,191,32,1314,2002.0,0.0,408011.0,-0.5424939999999999,-0.554531,SEN,BRA,7810
811681,197,32,1314,2002.0,0.0,3073217.0,-0.258579,-0.096214,SLV,BRA,7810
811682,205,32,1314,2002.0,0.0,101951.0,-1.002898,-0.905595,SUR,BRA,7810
811683,207,32,1314,2002.0,0.0,4584.0,1.469681,1.13303,SVN,BRA,7810
811684,208,32,1314,2002.0,1719446.0,0.0,2.134,0.769413,SWE,BRA,7810
811685,212,32,1314,2002.0,0.0,1102020.0,-1.07007,-0.560769,SYR,BRA,7810
811686,216,32,1314,2002.0,10957.0,0.0,0.513887,1.545967,THA,BRA,7810
811687,222,32,1314,2002.0,0.0,3349.0,-0.056315,-0.803537,TTO,BRA,7810
811688,223,32,1314,2002.0,0.0,624297.0,0.059876,0.369032,TUN,BRA,7810
811689,224,32,1314,2002.0,0.0,5547.0,0.12982,1.8032650000000001,TUR,BRA,7810
811690,230,32,1314,2002.0,24282024.0,4812122.0,0.048498,0.118565,URY,BRA,7810
811691,231,32,1314,2002.0,5568692.0,516936416.0,1.853174,0.120986,USA,BRA,7810
811692,236,32,1314,2002.0,4389.0,97412032.0,-0.008877,-0.753486,VEN,BRA,7810
811693,246,32,1314,2002.0,23811.0,25615372.0,0.32760500000000004,2.497746,ZAF,BRA,7810
811694,248,32,1314,2002.0,23842.0,0.0,-0.36033000000000004,0.452182,ZWE,BRA,7810
811695,249,32,1314,2002.0,107297.0,0.0,1.9084720000000002,1.253714,TWN,BRA,7810
811696,13,33,1314,2002.0,0.0,105698.0,0.23995500000000003,-0.754877,ATG,BRB,7810
811697,14,33,1314,2002.0,7381.0,18461.0,-0.052462,0.759617,AUS,BRB,7810
811698,18,33,1314,2002.0,101351.0,0.0,1.424339,1.372755,BEL,BRB,7810
811699,25,33,1314,2002.0,0.0,468752.0,0.035127,-0.536416,BHS,BRB,7810
811700,29,33,1314,2002.0,4140.0,0.0,-0.553335,-0.753058,BLZ,BRB,7810
811701,39,33,1314,2002.0,49841.0,18246.0,0.9672360000000001,1.389981,CAN,BRB,7810
811702,41,33,1314,2002.0,0.0,18656.0,2.205507,0.831836,CHE,BRB,7810
811703,43,33,1314,2002.0,1562.0,0.0,0.6181220000000001,1.9636759999999998,CHN,BRB,7810
811704,49,33,1314,2002.0,15481.0,0.0,0.219861,0.45238999999999996,COL,BRB,7810
811705,59,33,1314,2002.0,2296488.0,0.0,1.5835139999999999,0.9563010000000001,CZE,BRB,7810
811706,61,33,1314,2002.0,7423274.0,26484.0,2.367856,-2.195331,DEU,BRB,7810
811707,63,33,1314,2002.0,0.0,9227.0,0.212137,-0.112873,DMA,BRB,7810
811708,64,33,1314,2002.0,56256.0,0.0,1.344708,1.321135,DNK,BRB,7810
811709,71,33,1314,2002.0,909492.0,0.0,1.054108,1.9357349999999998,ESP,BRB,7810
811710,77,33,1314,2002.0,491904.0,0.0,1.648526,0.6870430000000001,FRA,BRB,7810
811711,81,33,1314,2002.0,2425942.0,413809.0,2.067395,0.7934359999999999,GBR,BRB,7810
811712,91,33,1314,2002.0,0.0,63168.0,0.822523,0.032938999999999996,GRD,BRB,7810
811713,96,33,1314,2002.0,1920.0,16434.0,-1.050604,-0.9015549999999999,GUY,BRB,7810
811714,112,33,1314,2002.0,92644.0,11923.0,-0.459541,-0.947443,JAM,BRB,7810
811715,114,33,1314,2002.0,17379852.0,24496.0,2.7747580000000003,0.43663199999999996,JPN,BRB,7810
811716,121,33,1314,2002.0,317804.0,0.0,1.4172719999999999,0.8763139999999999,KOR,BRB,7810
811717,127,33,1314,2002.0,420905.0,179757.0,0.261861,-0.36480999999999997,LCA,BRB,7810
811718,138,33,1314,2002.0,21479.0,0.0,1.2677129999999999,0.599314,MEX,BRB,7810
811719,159,33,1314,2002.0,0.0,3707.0,-1.705991,-1.292926,NGA,BRB,7810
811720,162,33,1314,2002.0,26408.0,0.0,1.175777,1.667472,NLD,BRB,7810
811721,192,33,1314,2002.0,12228.0,0.0,1.7077209999999998,0.683549,SGP,BRB,7810
811722,205,33,1314,2002.0,0.0,226113.0,-1.002898,-0.905595,SUR,BRB,7810
811723,208,33,1314,2002.0,19121.0,0.0,2.134,0.769413,SWE,BRB,7810
811724,222,33,1314,2002.0,39169.0,82918.0,-0.056315,-0.803537,TTO,BRB,7810
811725,231,33,1314,2002.0,670384.0,83542.0,1.853174,0.120986,USA,BRB,7810
811726,234,33,1314,2002.0,76554.0,68429.0,-0.268813,-0.67072,VCT,BRB,7810
811727,2,39,1314,2002.0,0.0,46548.0,-1.8043639999999999,-1.250642,AGO,CAN,7810
811728,3,39,1314,2002.0,0.0,19298.0,1.822725,0.45911899999999994,AIA,CAN,7810
811729,6,39,1314,2002.0,0.0,6832.0,0.145946,-0.704052,ANT,CAN,7810
811730,7,39,1314,2002.0,0.0,8744509.0,-0.288838,-0.640049,ARE,CAN,7810
811731,8,39,1314,2002.0,10700.0,27091.0,0.045376,0.71768,ARG,CAN,7810
811732,9,39,1314,2002.0,0.0,27614.0,0.66447,-0.08317000000000001,ARM,CAN,7810
811733,13,39,1314,2002.0,0.0,34876.0,0.23995500000000003,-0.754877,ATG,CAN,7810
811734,14,39,1314,2002.0,59874.0,705121.0,-0.052462,0.759617,AUS,CAN,7810
811735,15,39,1314,2002.0,11087179.0,531064.0,1.866997,0.400527,AUT,CAN,7810
811736,16,39,1314,2002.0,0.0,11179.0,-0.566735,-1.003158,AZE,CAN,7810
811737,18,39,1314,2002.0,100277064.0,3930206.0,1.424339,1.372755,BEL,CAN,7810
811738,19,39,1314,2002.0,0.0,143752.0,-0.7683840000000001,-0.7984319999999999,BEN,CAN,7810
811739,22,39,1314,2002.0,0.0,22717.0,-0.9509,-1.113308,BGD,CAN,7810
811740,23,39,1314,2002.0,0.0,32838.0,0.468058,1.644037,BGR,CAN,7810
811741,24,39,1314,2002.0,0.0,1329770.0,-0.31754099999999996,-1.099381,BHR,CAN,7810
811742,25,39,1314,2002.0,25288.0,126774.0,0.035127,-0.536416,BHS,CAN,7810
811743,26,39,1314,2002.0,0.0,13423.0,0.223543,0.44595100000000004,BIH,CAN,7810
811744,28,39,1314,2002.0,0.0,14644.0,0.865742,1.1823860000000002,BLR,CAN,7810
811745,29,39,1314,2002.0,2185.0,68590.0,-0.553335,-0.753058,BLZ,CAN,7810
811746,30,39,1314,2002.0,0.0,23913.0,0.934739,-0.465542,BMU,CAN,7810
811747,31,39,1314,2002.0,0.0,3685.0,-0.785592,-0.6761119999999999,BOL,CAN,7810
811748,32,39,1314,2002.0,33894164.0,869688.0,0.631343,1.249344,BRA,CAN,7810
811749,33,39,1314,2002.0,18246.0,49841.0,0.547024,-0.004036,BRB,CAN,7810
811750,34,39,1314,2002.0,0.0,9880.0,-1.359507,-1.084339,BRN,CAN,7810
811751,37,39,1314,2002.0,0.0,20179.0,-0.164526,-1.04616,BWA,CAN,7810
811752,41,39,1314,2002.0,585218.0,3039027.0,2.205507,0.831836,CHE,CAN,7810
811753,42,39,1314,2002.0,1086.0,2029193.0,-0.079201,-0.11449200000000001,CHL,CAN,7810
811754,43,39,1314,2002.0,599101.0,10556592.0,0.6181220000000001,1.9636759999999998,CHN,CAN,7810
811755,44,39,1314,2002.0,0.0,14410.0,-0.803739,-0.752218,CIV,CAN,7810
811756,45,39,1314,2002.0,0.0,6840.0,-1.188713,-1.109944,CMR,CAN,7810
811757,46,39,1314,2002.0,0.0,38723.0,-1.218664,-1.1406120000000002,COD,CAN,7810
811758,47,39,1314,2002.0,0.0,54387.0,-1.468836,-1.250484,COG,CAN,7810
811759,49,39,1314,2002.0,11201.0,565092.0,0.219861,0.45238999999999996,COL,CAN,7810
811760,52,39,1314,2002.0,0.0,5266658.0,0.083983,-0.096237,CRI,CAN,7810
811761,54,39,1314,2002.0,15199.0,1413890.0,-0.896759,-1.079825,CUB,CAN,7810
811762,57,39,1314,2002.0,0.0,18136.0,0.570589,-0.692583,CYM,CAN,7810
811763,58,39,1314,2002.0,0.0,4244.0,0.332088,0.50441,CYP,CAN,7810
811764,59,39,1314,2002.0,1023.0,158503.0,1.5835139999999999,0.9563010000000001,CZE,CAN,7810
811765,61,39,1314,2002.0,839035776.0,6201315.0,2.367856,-2.195331,DEU,CAN,7810
811766,62,39,1314,2002.0,0.0,53287.0,-0.03383,-0.014618,DJI,CAN,7810
811767,63,39,1314,2002.0,0.0,21129.0,0.212137,-0.112873,DMA,CAN,7810
811768,64,39,1314,2002.0,73908.0,294270.0,1.344708,1.321135,DNK,CAN,7810
811769,65,39,1314,2002.0,0.0,1058268.0,-0.43339300000000003,-0.378827,DOM,CAN,7810
811770,66,39,1314,2002.0,0.0,57120.0,-0.9281389999999999,-1.19549,DZA,CAN,7810
811771,67,39,1314,2002.0,0.0,217948.0,-0.973858,-0.8924979999999999,ECU,CAN,7810
811772,68,39,1314,2002.0,0.0,87661.0,-0.37218,0.634319,EGY,CAN,7810
811773,71,39,1314,2002.0,46759.0,3244269.0,1.054108,1.9357349999999998,ESP,CAN,7810
811774,72,39,1314,2002.0,0.0,233568.0,0.576142,1.168563,EST,CAN,7810
811775,73,39,1314,2002.0,0.0,92931.0,-1.289118,-1.0291540000000001,ETH,CAN,7810
811776,74,39,1314,2002.0,25044796.0,59073160.0,1.9545119999999998,1.047515,FIN,CAN,7810
811777,77,39,1314,2002.0,767674.0,6137234.0,1.648526,0.6870430000000001,FRA,CAN,7810
811778,78,39,1314,2002.0,0.0,5445.0,-0.33811399999999997,-0.8092050000000001,FRO,CAN,7810
811779,80,39,1314,2002.0,0.0,13071.0,-1.34341,-1.238593,GAB,CAN,7810
811780,81,39,1314,2002.0,188324416.0,7181506.0,2.067395,0.7934359999999999,GBR,CAN,7810
811781,82,39,1314,2002.0,0.0,22032.0,0.23526999999999998,-0.156333,GEO,CAN,7810
811782,83,39,1314,2002.0,0.0,805308.0,-1.258567,-1.048266,GHA,CAN,7810
811783,85,39,1314,2002.0,0.0,69263.0,-1.684157,-1.256743,GIN,CAN,7810
811784,89,39,1314,2002.0,0.0,67798.0,-1.8647490000000002,-0.96145,GNQ,CAN,7810
811785,90,39,1314,2002.0,11728.0,340491.0,0.20355399999999998,1.4130200000000002,GRC,CAN,7810
811786,91,39,1314,2002.0,0.0,1799.0,0.822523,0.032938999999999996,GRD,CAN,7810
811787,92,39,1314,2002.0,0.0,67460.0,-0.514411,-0.87766,GRL,CAN,7810
811788,93,39,1314,2002.0,0.0,43638.0,-0.49913,-0.038079,GTM,CAN,7810
811789,96,39,1314,2002.0,16306.0,161587.0,-1.050604,-0.9015549999999999,GUY,CAN,7810
811790,97,39,1314,2002.0,317917.0,4144734.0,0.704932,1.291658,HKG,CAN,7810
811791,99,39,1314,2002.0,0.0,33643.0,-0.637891,-0.564421,HND,CAN,7810
811792,100,39,1314,2002.0,19447.0,97483.0,0.603546,1.273001,HRV,CAN,7810
811793,101,39,1314,2002.0,0.0,66636.0,-0.837823,-0.834512,HTI,CAN,7810
811794,102,39,1314,2002.0,2287293.0,325570.0,1.232359,1.064425,HUN,CAN,7810
811795,104,39,1314,2002.0,9341.0,6995.0,0.32974000000000003,2.376477,IND,CAN,7810
811796,106,39,1314,2002.0,15430.0,0.0,1.7939310000000002,0.219254,IRL,CAN,7810
811797,107,39,1314,2002.0,3675.0,10066.0,-0.665259,-0.840274,IRN,CAN,7810
811798,109,39,1314,2002.0,7950.0,856497.0,0.17011700000000002,-0.33925500000000003,ISL,CAN,7810
811799,110,39,1314,2002.0,0.0,3999520.0,1.257709,0.8318989999999999,ISR,CAN,7810
811800,111,39,1314,2002.0,5756823.0,2627984.0,1.3944219999999998,1.125362,ITA,CAN,7810
811801,112,39,1314,2002.0,0.0,330622.0,-0.459541,-0.947443,JAM,CAN,7810
811802,113,39,1314,2002.0,0.0,527391.0,0.34023000000000003,0.264754,JOR,CAN,7810
811803,114,39,1314,2002.0,2873615616.0,61893152.0,2.7747580000000003,0.43663199999999996,JPN,CAN,7810
811804,115,39,1314,2002.0,0.0,106544.0,-0.100361,-0.502468,KAZ,CAN,7810
811805,116,39,1314,2002.0,0.0,3973.0,-0.59055,0.000731,KEN,CAN,7810
811806,117,39,1314,2002.0,0.0,26679.0,-0.094898,0.235639,KGZ,CAN,7810
811807,118,39,1314,2002.0,0.0,6549.0,-0.8577629999999999,-1.071536,KHM,CAN,7810
811808,120,39,1314,2002.0,8999.0,167306.0,0.757789,-0.2968,KNA,CAN,7810
811809,121,39,1314,2002.0,757127424.0,3148849.0,1.4172719999999999,0.8763139999999999,KOR,CAN,7810
811810,122,39,1314,2002.0,0.0,7713896.0,-0.794007,-1.192659,KWT,CAN,7810
811811,124,39,1314,2002.0,0.0,1760284.0,0.220906,1.470297,LBN,CAN,7810
811812,126,39,1314,2002.0,0.0,24225.0,-0.692769,-1.188682,LBY,CAN,7810
811813,127,39,1314,2002.0,0.0,12548.0,0.261861,-0.36480999999999997,LCA,CAN,7810
811814,130,39,1314,2002.0,5557.0,131526.0,0.15796,0.855931,LTU,CAN,7810
811815,131,39,1314,2002.0,0.0,82834.0,1.396249,1.153017,LUX,CAN,7810
811816,132,39,1314,2002.0,0.0,2160002.0,0.41409799999999997,0.6281680000000001,LVA,CAN,7810
811817,133,39,1314,2002.0,0.0,7247.0,0.005082,-0.328658,MAC,CAN,7810
811818,134,39,1314,2002.0,6032.0,90825.0,-0.690226,-0.42557,MAR,CAN,7810
811819,135,39,1314,2002.0,0.0,11153.0,-0.017383000000000003,0.109124,MDA,CAN,7810
811820,136,39,1314,2002.0,0.0,90623.0,-1.109564,-0.642039,MDG,CAN,7810
811821,138,39,1314,2002.0,1218340480.0,74480376.0,1.2677129999999999,0.599314,MEX,CAN,7810
811822,140,39,1314,2002.0,10172.0,1261.0,-0.027727999999999996,0.41846400000000006,MKD,CAN,7810
811823,142,39,1314,2002.0,0.0,9837.0,0.901235,-0.140261,MLT,CAN,7810
811824,145,39,1314,2002.0,10047.0,0.0,-0.711096,-0.9835799999999999,MNG,CAN,7810
811825,153,39,1314,2002.0,0.0,5248.0,0.9987159999999999,0.26558200000000004,MYS,CAN,7810
811826,157,39,1314,2002.0,0.0,765033.0,-0.562837,-0.333649,NER,CAN,7810
811827,159,39,1314,2002.0,0.0,760649.0,-1.705991,-1.292926,NGA,CAN,7810
811828,160,39,1314,2002.0,0.0,95254.0,-0.634946,-0.37966,NIC,CAN,7810
811829,162,39,1314,2002.0,27301136.0,3458862.0,1.175777,1.667472,NLD,CAN,7810
811830,163,39,1314,2002.0,38591.0,5099670.0,0.689588,-0.007016,NOR,CAN,7810
811831,166,39,1314,2002.0,48273.0,788490.0,0.370673,0.7853829999999999,NZL,CAN,7810
811832,167,39,1314,2002.0,0.0,862094.0,-1.307058,-1.270916,OMN,CAN,7810
811833,169,39,1314,2002.0,0.0,171206.0,0.085746,0.21839,PAN,CAN,7810
811834,173,39,1314,2002.0,37660.0,574911.0,-0.456603,0.030838,PER,CAN,7810
811835,174,39,1314,2002.0,0.0,92422.0,0.29601,-0.232513,PHL,CAN,7810
811836,177,39,1314,2002.0,0.0,427074.0,0.9449299999999999,1.655764,POL,CAN,7810
811837,179,39,1314,2002.0,146920.0,1483246.0,0.584956,1.377068,PRT,CAN,7810
811838,180,39,1314,2002.0,0.0,45786.0,-0.733796,-0.9001530000000001,PRY,CAN,7810
811839,182,39,1314,2002.0,0.0,40062.0,-0.363179,-0.8967450000000001,PYF,CAN,7810
811840,183,39,1314,2002.0,0.0,4410736.0,-0.002177,-1.042517,QAT,CAN,7810
811841,185,39,1314,2002.0,0.0,47541.0,0.549227,1.071998,ROU,CAN,7810
811842,186,39,1314,2002.0,401695.0,3618778.0,0.6051449999999999,0.272307,RUS,CAN,7810
811843,188,39,1314,2002.0,0.0,23635144.0,0.048764,-0.903125,SAU,CAN,7810
811844,189,39,1314,2002.0,0.0,117963.0,0.523459,2.58657,SCG,CAN,7810
811845,191,39,1314,2002.0,0.0,13241.0,-0.5424939999999999,-0.554531,SEN,CAN,7810
811846,192,39,1314,2002.0,3457.0,83922.0,1.7077209999999998,0.683549,SGP,CAN,7810
811847,196,39,1314,2002.0,0.0,128037.0,0.29478899999999997,0.055865,SLE,CAN,7810
811848,197,39,1314,2002.0,0.0,89904.0,-0.258579,-0.096214,SLV,CAN,7810
811849,200,39,1314,2002.0,0.0,999298.0,-0.791918,-0.965751,SPM,CAN,7810
811850,206,39,1314,2002.0,7363.0,133634.0,1.269549,1.184774,SVK,CAN,7810
811851,207,39,1314,2002.0,6864.0,24610.0,1.469681,1.13303,SVN,CAN,7810
811852,208,39,1314,2002.0,80657872.0,2372818.0,2.134,0.769413,SWE,CAN,7810
811853,209,39,1314,2002.0,6572.0,0.0,0.409355,-0.047221,SWZ,CAN,7810
811854,211,39,1314,2002.0,0.0,8696.0,-0.8837229999999999,-0.975607,SYC,CAN,7810
811855,212,39,1314,2002.0,0.0,21690.0,-1.07007,-0.560769,SYR,CAN,7810
811856,213,39,1314,2002.0,0.0,14346.0,0.849978,0.260833,TCA,CAN,7810
811857,215,39,1314,2002.0,0.0,31110.0,-0.688284,-0.5292789999999999,TGO,CAN,7810
811858,216,39,1314,2002.0,0.0,837282.0,0.513887,1.545967,THA,CAN,7810
811859,222,39,1314,2002.0,0.0,49082.0,-0.056315,-0.803537,TTO,CAN,7810
811860,223,39,1314,2002.0,0.0,128770.0,0.059876,0.369032,TUN,CAN,7810
811861,224,39,1314,2002.0,0.0,1785876.0,0.12982,1.8032650000000001,TUR,CAN,7810
811862,226,39,1314,2002.0,0.0,1627.0,-1.234127,-0.421158,TZA,CAN,7810
811863,227,39,1314,2002.0,1405.0,0.0,-1.262952,-0.903123,UGA,CAN,7810
811864,228,39,1314,2002.0,0.0,881826.0,0.575372,1.131722,UKR,CAN,7810
811865,230,39,1314,2002.0,19440.0,52558.0,0.048498,0.118565,URY,CAN,7810
811866,231,39,1314,2002.0,10443620352.0,31477295104.0,1.853174,0.120986,USA,CAN,7810
811867,234,39,1314,2002.0,0.0,17508.0,-0.268813,-0.67072,VCT,CAN,7810
811868,236,39,1314,2002.0,23056.0,1013456.0,-0.008877,-0.753486,VEN,CAN,7810
811869,237,39,1314,2002.0,0.0,8977.0,0.6891930000000001,-0.27620500000000003,VGB,CAN,7810
811870,239,39,1314,2002.0,0.0,193030.0,-0.44170699999999996,0.544708,VNM,CAN,7810
811871,246,39,1314,2002.0,74248.0,1276864.0,0.32760500000000004,2.497746,ZAF,CAN,7810
811872,248,39,1314,2002.0,11171.0,17908.0,-0.36033000000000004,0.452182,ZWE,CAN,7810
811873,249,39,1314,2002.0,7144762.0,4238163.0,1.9084720000000002,1.253714,TWN,CAN,7810
811874,2,41,1314,2002.0,0.0,479374.0,-1.8043639999999999,-1.250642,AGO,CHE,7810
811875,4,41,1314,2002.0,0.0,61024.0,-0.05800399999999999,0.042254,ALB,CHE,7810
811876,5,41,1314,2002.0,41127.0,30189.0,1.3229389999999999,0.9635950000000001,AND,CHE,7810
811877,6,41,1314,2002.0,0.0,8379.0,0.145946,-0.704052,ANT,CHE,7810
811878,7,41,1314,2002.0,50645.0,2859052.0,-0.288838,-0.640049,ARE,CHE,7810
811879,8,41,1314,2002.0,21285.0,34663.0,0.045376,0.71768,ARG,CHE,7810
811880,9,41,1314,2002.0,0.0,15548.0,0.66447,-0.08317000000000001,ARM,CHE,7810
811881,14,41,1314,2002.0,60608.0,107860.0,-0.052462,0.759617,AUS,CHE,7810
811882,15,41,1314,2002.0,68796344.0,991428.0,1.866997,0.400527,AUT,CHE,7810
811883,17,41,1314,2002.0,0.0,31093.0,-0.399212,-0.67657,BDI,CHE,7810
811884,18,41,1314,2002.0,347862432.0,1266132.0,1.424339,1.372755,BEL,CHE,7810
811885,19,41,1314,2002.0,0.0,9873629.0,-0.7683840000000001,-0.7984319999999999,BEN,CHE,7810
811886,21,41,1314,2002.0,0.0,4055.0,-0.5542590000000001,-0.5946060000000001,BFA,CHE,7810
811887,23,41,1314,2002.0,15522.0,1669426.0,0.468058,1.644037,BGR,CHE,7810
811888,24,41,1314,2002.0,15986.0,85198.0,-0.31754099999999996,-1.099381,BHR,CHE,7810
811889,25,41,1314,2002.0,0.0,32423.0,0.035127,-0.536416,BHS,CHE,7810
811890,26,41,1314,2002.0,0.0,141720.0,0.223543,0.44595100000000004,BIH,CHE,7810
811891,28,41,1314,2002.0,0.0,172264.0,0.865742,1.1823860000000002,BLR,CHE,7810
811892,30,41,1314,2002.0,0.0,19527.0,0.934739,-0.465542,BMU,CHE,7810
811893,31,41,1314,2002.0,0.0,3827.0,-0.785592,-0.6761119999999999,BOL,CHE,7810
811894,32,41,1314,2002.0,1254460.0,0.0,0.631343,1.249344,BRA,CHE,7810
811895,33,41,1314,2002.0,18656.0,0.0,0.547024,-0.004036,BRB,CHE,7810
811896,34,41,1314,2002.0,0.0,117085.0,-1.359507,-1.084339,BRN,CHE,7810
811897,38,41,1314,2002.0,0.0,20497.0,-0.698235,-0.905799,CAF,CHE,7810
811898,39,41,1314,2002.0,3039027.0,585218.0,0.9672360000000001,1.389981,CAN,CHE,7810
811899,42,41,1314,2002.0,7929.0,164323.0,-0.079201,-0.11449200000000001,CHL,CHE,7810
811900,43,41,1314,2002.0,80276.0,147962.0,0.6181220000000001,1.9636759999999998,CHN,CHE,7810
811901,44,41,1314,2002.0,8208.0,164564.0,-0.803739,-0.752218,CIV,CHE,7810
811902,45,41,1314,2002.0,0.0,797186.0,-1.188713,-1.109944,CMR,CHE,7810
811903,46,41,1314,2002.0,0.0,164425.0,-1.218664,-1.1406120000000002,COD,CHE,7810
811904,47,41,1314,2002.0,0.0,37569.0,-1.468836,-1.250484,COG,CHE,7810
811905,49,41,1314,2002.0,0.0,32822.0,0.219861,0.45238999999999996,COL,CHE,7810
811906,51,41,1314,2002.0,0.0,29943.0,-0.315184,-0.660522,CPV,CHE,7810
811907,52,41,1314,2002.0,0.0,13629.0,0.083983,-0.096237,CRI,CHE,7810
811908,54,41,1314,2002.0,0.0,104359.0,-0.896759,-1.079825,CUB,CHE,7810
811909,58,41,1314,2002.0,0.0,1354.0,0.332088,0.50441,CYP,CHE,7810
811910,59,41,1314,2002.0,75047400.0,4805644.0,1.5835139999999999,0.9563010000000001,CZE,CHE,7810
811911,61,41,1314,2002.0,1938721664.0,20096988.0,2.367856,-2.195331,DEU,CHE,7810
811912,62,41,1314,2002.0,0.0,7318.0,-0.03383,-0.014618,DJI,CHE,7810
811913,64,41,1314,2002.0,2157737.0,482767.0,1.344708,1.321135,DNK,CHE,7810
811914,65,41,1314,2002.0,0.0,47429.0,-0.43339300000000003,-0.378827,DOM,CHE,7810
811915,66,41,1314,2002.0,0.0,105211.0,-0.9281389999999999,-1.19549,DZA,CHE,7810
811916,67,41,1314,2002.0,0.0,13310.0,-0.973858,-0.8924979999999999,ECU,CHE,7810
811917,68,41,1314,2002.0,32598.0,179870.0,-0.37218,0.634319,EGY,CHE,7810
811918,69,41,1314,2002.0,0.0,25328.0,1.019399,0.23989899999999997,ERI,CHE,7810
811919,71,41,1314,2002.0,165333072.0,1613774.0,1.054108,1.9357349999999998,ESP,CHE,7810
811920,72,41,1314,2002.0,27369.0,292096.0,0.576142,1.168563,EST,CHE,7810
811921,73,41,1314,2002.0,0.0,153525.0,-1.289118,-1.0291540000000001,ETH,CHE,7810
811922,74,41,1314,2002.0,6007465.0,152164.0,1.9545119999999998,1.047515,FIN,CHE,7810
811923,77,41,1314,2002.0,564295808.0,12877211.0,1.648526,0.6870430000000001,FRA,CHE,7810
811924,80,41,1314,2002.0,0.0,38780.0,-1.34341,-1.238593,GAB,CHE,7810
811925,81,41,1314,2002.0,182682784.0,12224096.0,2.067395,0.7934359999999999,GBR,CHE,7810
811926,82,41,1314,2002.0,0.0,9883.0,0.23526999999999998,-0.156333,GEO,CHE,7810
811927,83,41,1314,2002.0,0.0,243884.0,-1.258567,-1.048266,GHA,CHE,7810
811928,85,41,1314,2002.0,0.0,281056.0,-1.684157,-1.256743,GIN,CHE,7810
811929,87,41,1314,2002.0,0.0,43919.0,0.266536,0.20776,GMB,CHE,7810
811930,88,41,1314,2002.0,0.0,3025.0,-0.30444099999999996,-0.815509,GNB,CHE,7810
811931,90,41,1314,2002.0,41050.0,63281.0,0.20355399999999998,1.4130200000000002,GRC,CHE,7810
811932,97,41,1314,2002.0,75768.0,29367.0,0.704932,1.291658,HKG,CHE,7810
811933,99,41,1314,2002.0,0.0,34758.0,-0.637891,-0.564421,HND,CHE,7810
811934,100,41,1314,2002.0,51709.0,179135.0,0.603546,1.273001,HRV,CHE,7810
811935,101,41,1314,2002.0,0.0,4909.0,-0.837823,-0.834512,HTI,CHE,7810
811936,102,41,1314,2002.0,49999144.0,11416613.0,1.232359,1.064425,HUN,CHE,7810
811937,103,41,1314,2002.0,0.0,20518.0,0.098182,1.7305840000000001,IDN,CHE,7810
811938,104,41,1314,2002.0,4867972.0,21083.0,0.32974000000000003,2.376477,IND,CHE,7810
811939,106,41,1314,2002.0,44446.0,30986.0,1.7939310000000002,0.219254,IRL,CHE,7810
811940,107,41,1314,2002.0,30114.0,2175.0,-0.665259,-0.840274,IRN,CHE,7810
811941,109,41,1314,2002.0,0.0,32713.0,0.17011700000000002,-0.33925500000000003,ISL,CHE,7810
811942,110,41,1314,2002.0,0.0,124613.0,1.257709,0.8318989999999999,ISR,CHE,7810
811943,111,41,1314,2002.0,240234160.0,5891330.0,1.3944219999999998,1.125362,ITA,CHE,7810
811944,112,41,1314,2002.0,0.0,4653.0,-0.459541,-0.947443,JAM,CHE,7810
811945,113,41,1314,2002.0,0.0,226602.0,0.34023000000000003,0.264754,JOR,CHE,7810
811946,114,41,1314,2002.0,378010144.0,842336.0,2.7747580000000003,0.43663199999999996,JPN,CHE,7810
811947,115,41,1314,2002.0,0.0,36372.0,-0.100361,-0.502468,KAZ,CHE,7810
811948,116,41,1314,2002.0,0.0,94011.0,-0.59055,0.000731,KEN,CHE,7810
811949,118,41,1314,2002.0,0.0,18438.0,-0.8577629999999999,-1.071536,KHM,CHE,7810
811950,121,41,1314,2002.0,104972152.0,57493.0,1.4172719999999999,0.8763139999999999,KOR,CHE,7810
811951,122,41,1314,2002.0,107617.0,719429.0,-0.794007,-1.192659,KWT,CHE,7810
811952,123,41,1314,2002.0,0.0,12847.0,-0.990957,-1.111048,LAO,CHE,7810
811953,124,41,1314,2002.0,0.0,2548784.0,0.220906,1.470297,LBN,CHE,7810
811954,125,41,1314,2002.0,0.0,28425.0,-0.683036,-1.158808,LBR,CHE,7810
811955,126,41,1314,2002.0,0.0,814691.0,-0.692769,-1.188682,LBY,CHE,7810
811956,128,41,1314,2002.0,0.0,2805.0,-0.461765,-0.057614,LKA,CHE,7810
811957,130,41,1314,2002.0,52831.0,9764753.0,0.15796,0.855931,LTU,CHE,7810
811958,131,41,1314,2002.0,836963.0,239303.0,1.396249,1.153017,LUX,CHE,7810
811959,132,41,1314,2002.0,0.0,3944262.0,0.41409799999999997,0.6281680000000001,LVA,CHE,7810
811960,134,41,1314,2002.0,5654.0,84497.0,-0.690226,-0.42557,MAR,CHE,7810
811961,135,41,1314,2002.0,0.0,67323.0,-0.017383000000000003,0.109124,MDA,CHE,7810
811962,136,41,1314,2002.0,0.0,39763.0,-1.109564,-0.642039,MDG,CHE,7810
811963,138,41,1314,2002.0,3390318.0,58977.0,1.2677129999999999,0.599314,MEX,CHE,7810
811964,140,41,1314,2002.0,3494.0,515049.0,-0.027727999999999996,0.41846400000000006,MKD,CHE,7810
811965,141,41,1314,2002.0,0.0,32839.0,-0.786698,-0.682438,MLI,CHE,7810
811966,142,41,1314,2002.0,0.0,1747.0,0.901235,-0.140261,MLT,CHE,7810
811967,148,41,1314,2002.0,0.0,13354.0,-1.053061,-1.221967,MRT,CHE,7810
811968,151,41,1314,2002.0,0.0,23380.0,-0.382062,-0.379224,MUS,CHE,7810
811969,153,41,1314,2002.0,0.0,56229.0,0.9987159999999999,0.26558200000000004,MYS,CHE,7810
811970,155,41,1314,2002.0,0.0,16909.0,-0.137725,-0.361452,NAM,CHE,7810
811971,157,41,1314,2002.0,0.0,9985097.0,-0.562837,-0.333649,NER,CHE,7810
811972,159,41,1314,2002.0,0.0,1280916.0,-1.705991,-1.292926,NGA,CHE,7810
811973,160,41,1314,2002.0,0.0,41582.0,-0.634946,-0.37966,NIC,CHE,7810
811974,162,41,1314,2002.0,109828256.0,2240065.0,1.175777,1.667472,NLD,CHE,7810
811975,163,41,1314,2002.0,179617.0,1833017.0,0.689588,-0.007016,NOR,CHE,7810
811976,166,41,1314,2002.0,0.0,4375.0,0.370673,0.7853829999999999,NZL,CHE,7810
811977,167,41,1314,2002.0,0.0,187070.0,-1.307058,-1.270916,OMN,CHE,7810
811978,169,41,1314,2002.0,0.0,5249.0,0.085746,0.21839,PAN,CHE,7810
811979,173,41,1314,2002.0,22218.0,23406.0,-0.456603,0.030838,PER,CHE,7810
811980,174,41,1314,2002.0,0.0,97568.0,0.29601,-0.232513,PHL,CHE,7810
811981,177,41,1314,2002.0,10227144.0,3659741.0,0.9449299999999999,1.655764,POL,CHE,7810
811982,179,41,1314,2002.0,6046770.0,4403302.0,0.584956,1.377068,PRT,CHE,7810
811983,180,41,1314,2002.0,0.0,5733.0,-0.733796,-0.9001530000000001,PRY,CHE,7810
811984,181,41,1314,2002.0,0.0,3218.0,0.6237199999999999,-0.007998,PSE,CHE,7810
811985,182,41,1314,2002.0,0.0,1296.0,-0.363179,-0.8967450000000001,PYF,CHE,7810
811986,183,41,1314,2002.0,177497.0,202306.0,-0.002177,-1.042517,QAT,CHE,7810
811987,185,41,1314,2002.0,8499.0,183085.0,0.549227,1.071998,ROU,CHE,7810
811988,186,41,1314,2002.0,422119.0,2697365.0,0.6051449999999999,0.272307,RUS,CHE,7810
811989,187,41,1314,2002.0,0.0,7428.0,-0.6278859999999999,-0.832391,RWA,CHE,7810
811990,188,41,1314,2002.0,153090.0,791779.0,0.048764,-0.903125,SAU,CHE,7810
811991,189,41,1314,2002.0,2881.0,705772.0,0.523459,2.58657,SCG,CHE,7810
811992,190,41,1314,2002.0,0.0,10025.0,-1.336665,-1.19919,SDN,CHE,7810
811993,191,41,1314,2002.0,0.0,150833.0,-0.5424939999999999,-0.554531,SEN,CHE,7810
811994,192,41,1314,2002.0,0.0,17181.0,1.7077209999999998,0.683549,SGP,CHE,7810
811995,196,41,1314,2002.0,0.0,43797.0,0.29478899999999997,0.055865,SLE,CHE,7810
811996,197,41,1314,2002.0,68063.0,10574.0,-0.258579,-0.096214,SLV,CHE,7810
811997,206,41,1314,2002.0,103742928.0,433417.0,1.269549,1.184774,SVK,CHE,7810
811998,207,41,1314,2002.0,20496718.0,280569.0,1.469681,1.13303,SVN,CHE,7810
811999,208,41,1314,2002.0,51017740.0,1025062.0,2.134,0.769413,SWE,CHE,7810
812000,212,41,1314,2002.0,0.0,70944.0,-1.07007,-0.560769,SYR,CHE,7810
812001,215,41,1314,2002.0,3297.0,6309045.0,-0.688284,-0.5292789999999999,TGO,CHE,7810
812002,216,41,1314,2002.0,0.0,7401.0,0.513887,1.545967,THA,CHE,7810
812003,223,41,1314,2002.0,0.0,905341.0,0.059876,0.369032,TUN,CHE,7810
812004,224,41,1314,2002.0,9765783.0,226953.0,0.12982,1.8032650000000001,TUR,CHE,7810
812005,226,41,1314,2002.0,0.0,30235.0,-1.234127,-0.421158,TZA,CHE,7810
812006,227,41,1314,2002.0,0.0,12151.0,-1.262952,-0.903123,UGA,CHE,7810
812007,228,41,1314,2002.0,36620.0,68547.0,0.575372,1.131722,UKR,CHE,7810
812008,229,41,1314,2002.0,0.0,28988.0,0.613889,-0.1748,UMI,CHE,7810
812009,230,41,1314,2002.0,15187.0,83437.0,0.048498,0.118565,URY,CHE,7810
812010,231,41,1314,2002.0,114532208.0,2113899.0,1.853174,0.120986,USA,CHE,7810
812011,233,41,1314,2002.0,0.0,1933.0,1.0090620000000001,-0.47225100000000003,VAT,CHE,7810
812012,236,41,1314,2002.0,0.0,56234.0,-0.008877,-0.753486,VEN,CHE,7810
812013,246,41,1314,2002.0,64011.0,55375.0,0.32760500000000004,2.497746,ZAF,CHE,7810
812014,247,41,1314,2002.0,0.0,12293.0,-0.840258,-0.639474,ZMB,CHE,7810
812015,248,41,1314,2002.0,61474.0,2280.0,-0.36033000000000004,0.452182,ZWE,CHE,7810
812016,249,41,1314,2002.0,456701.0,106166.0,1.9084720000000002,1.253714,TWN,CHE,7810
812017,8,42,1314,2002.0,61025776.0,74261.0,0.045376,0.71768,ARG,CHL,7810
812018,15,42,1314,2002.0,131714.0,0.0,1.866997,0.400527,AUT,CHL,7810
812019,18,42,1314,2002.0,3790821.0,6711.0,1.424339,1.372755,BEL,CHL,7810
812020,31,42,1314,2002.0,16929.0,105463.0,-0.785592,-0.6761119999999999,BOL,CHL,7810
812021,32,42,1314,2002.0,52586608.0,13755.0,0.631343,1.249344,BRA,CHL,7810
812022,39,42,1314,2002.0,2029193.0,1086.0,0.9672360000000001,1.389981,CAN,CHL,7810
812023,41,42,1314,2002.0,164323.0,7929.0,2.205507,0.831836,CHE,CHL,7810
812024,43,42,1314,2002.0,39319.0,0.0,0.6181220000000001,1.9636759999999998,CHN,CHL,7810
812025,49,42,1314,2002.0,0.0,8689259.0,0.219861,0.45238999999999996,COL,CHL,7810
812026,52,42,1314,2002.0,0.0,7182.0,0.083983,-0.096237,CRI,CHL,7810
812027,59,42,1314,2002.0,2777235.0,0.0,1.5835139999999999,0.9563010000000001,CZE,CHL,7810
812028,61,42,1314,2002.0,26894172.0,20227.0,2.367856,-2.195331,DEU,CHL,7810
812029,65,42,1314,2002.0,0.0,32181.0,-0.43339300000000003,-0.378827,DOM,CHL,7810
812030,67,42,1314,2002.0,0.0,111449.0,-0.973858,-0.8924979999999999,ECU,CHL,7810
812031,71,42,1314,2002.0,7692914.0,155287.0,1.054108,1.9357349999999998,ESP,CHL,7810
812032,74,42,1314,2002.0,51362.0,27541.0,1.9545119999999998,1.047515,FIN,CHL,7810
812033,77,42,1314,2002.0,99461072.0,14764.0,1.648526,0.6870430000000001,FRA,CHL,7810
812034,81,42,1314,2002.0,3709382.0,10006.0,2.067395,0.7934359999999999,GBR,CHL,7810
812035,93,42,1314,2002.0,0.0,52772.0,-0.49913,-0.038079,GTM,CHL,7810
812036,102,42,1314,2002.0,47219.0,0.0,1.232359,1.064425,HUN,CHL,7810
812037,104,42,1314,2002.0,1153940.0,0.0,0.32974000000000003,2.376477,IND,CHL,7810
812038,111,42,1314,2002.0,1398675.0,11962.0,1.3944219999999998,1.125362,ITA,CHL,7810
812039,114,42,1314,2002.0,163671216.0,0.0,2.7747580000000003,0.43663199999999996,JPN,CHL,7810
812040,121,42,1314,2002.0,80894072.0,0.0,1.4172719999999999,0.8763139999999999,KOR,CHL,7810
812041,131,42,1314,2002.0,0.0,2395.0,1.396249,1.153017,LUX,CHL,7810
812042,138,42,1314,2002.0,10848379.0,38375272.0,1.2677129999999999,0.599314,MEX,CHL,7810
812043,160,42,1314,2002.0,0.0,85454.0,-0.634946,-0.37966,NIC,CHL,7810
812044,162,42,1314,2002.0,396210.0,23155.0,1.175777,1.667472,NLD,CHL,7810
812045,163,42,1314,2002.0,38895.0,0.0,0.689588,-0.007016,NOR,CHL,7810
812046,169,42,1314,2002.0,0.0,36518.0,0.085746,0.21839,PAN,CHL,7810
812047,173,42,1314,2002.0,98048.0,251366.0,-0.456603,0.030838,PER,CHL,7810
812048,174,42,1314,2002.0,0.0,4840.0,0.29601,-0.232513,PHL,CHL,7810
812049,178,42,1314,2002.0,31764.0,0.0,0.629678,1.0153780000000001,PRK,CHL,7810
812050,179,42,1314,2002.0,0.0,9380.0,0.584956,1.377068,PRT,CHL,7810
812051,180,42,1314,2002.0,3290.0,212851.0,-0.733796,-0.9001530000000001,PRY,CHL,7810
812052,186,42,1314,2002.0,3692.0,7640.0,0.6051449999999999,0.272307,RUS,CHL,7810
812053,197,42,1314,2002.0,0.0,18000.0,-0.258579,-0.096214,SLV,CHL,7810
812054,206,42,1314,2002.0,20707.0,0.0,1.269549,1.184774,SVK,CHL,7810
812055,208,42,1314,2002.0,461969.0,27672.0,2.134,0.769413,SWE,CHL,7810
812056,216,42,1314,2002.0,12801.0,0.0,0.513887,1.545967,THA,CHL,7810
812057,230,42,1314,2002.0,0.0,29993.0,0.048498,0.118565,URY,CHL,7810
812058,231,42,1314,2002.0,48509592.0,25441.0,1.853174,0.120986,USA,CHL,7810
812059,236,42,1314,2002.0,0.0,327082.0,-0.008877,-0.753486,VEN,CHL,7810
812060,249,42,1314,2002.0,129168.0,0.0,1.9084720000000002,1.253714,TWN,CHL,7810
812061,250,42,1314,2002.0,12040.0,18429.0,0.5979300000000001,-0.497816,ANS,CHL,7810
812062,2,43,1314,2002.0,0.0,3733.0,-1.8043639999999999,-1.250642,AGO,CHN,7810
812063,7,43,1314,2002.0,0.0,579509.0,-0.288838,-0.640049,ARE,CHN,7810
812064,14,43,1314,2002.0,227399.0,533501.0,-0.052462,0.759617,AUS,CHN,7810
812065,15,43,1314,2002.0,11306807.0,8480.0,1.866997,0.400527,AUT,CHN,7810
812066,18,43,1314,2002.0,4897312.0,248020.0,1.424339,1.372755,BEL,CHN,7810
812067,19,43,1314,2002.0,0.0,16086.0,-0.7683840000000001,-0.7984319999999999,BEN,CHN,7810
812068,21,43,1314,2002.0,0.0,3878.0,-0.5542590000000001,-0.5946060000000001,BFA,CHN,7810
812069,22,43,1314,2002.0,0.0,54365.0,-0.9509,-1.113308,BGD,CHN,7810
812070,24,43,1314,2002.0,317664.0,22415.0,-0.31754099999999996,-1.099381,BHR,CHN,7810
812071,31,43,1314,2002.0,0.0,2687.0,-0.785592,-0.6761119999999999,BOL,CHN,7810
812072,32,43,1314,2002.0,24815898.0,17026.0,0.631343,1.249344,BRA,CHN,7810
812073,33,43,1314,2002.0,0.0,1562.0,0.547024,-0.004036,BRB,CHN,7810
812074,34,43,1314,2002.0,24664.0,0.0,-1.359507,-1.084339,BRN,CHN,7810
812075,39,43,1314,2002.0,10556592.0,599101.0,0.9672360000000001,1.389981,CAN,CHN,7810
812076,41,43,1314,2002.0,147962.0,80276.0,2.205507,0.831836,CHE,CHN,7810
812077,42,43,1314,2002.0,0.0,39319.0,-0.079201,-0.11449200000000001,CHL,CHN,7810
812078,44,43,1314,2002.0,0.0,47771.0,-0.803739,-0.752218,CIV,CHN,7810
812079,49,43,1314,2002.0,0.0,5706.0,0.219861,0.45238999999999996,COL,CHN,7810
812080,52,43,1314,2002.0,0.0,37217.0,0.083983,-0.096237,CRI,CHN,7810
812081,58,43,1314,2002.0,0.0,98609.0,0.332088,0.50441,CYP,CHN,7810
812082,59,43,1314,2002.0,16918764.0,1092.0,1.5835139999999999,0.9563010000000001,CZE,CHN,7810
812083,61,43,1314,2002.0,728804032.0,2403948.0,2.367856,-2.195331,DEU,CHN,7810
812084,63,43,1314,2002.0,0.0,11545.0,0.212137,-0.112873,DMA,CHN,7810
812085,64,43,1314,2002.0,140401.0,226704.0,1.344708,1.321135,DNK,CHN,7810
812086,65,43,1314,2002.0,0.0,111687.0,-0.43339300000000003,-0.378827,DOM,CHN,7810
812087,66,43,1314,2002.0,0.0,63926.0,-0.9281389999999999,-1.19549,DZA,CHN,7810
812088,67,43,1314,2002.0,0.0,66494.0,-0.973858,-0.8924979999999999,ECU,CHN,7810
812089,68,43,1314,2002.0,0.0,375521.0,-0.37218,0.634319,EGY,CHN,7810
812090,71,43,1314,2002.0,32151772.0,263256.0,1.054108,1.9357349999999998,ESP,CHN,7810
812091,72,43,1314,2002.0,0.0,25948.0,0.576142,1.168563,EST,CHN,7810
812092,73,43,1314,2002.0,0.0,157159.0,-1.289118,-1.0291540000000001,ETH,CHN,7810
812093,74,43,1314,2002.0,37188.0,240603.0,1.9545119999999998,1.047515,FIN,CHN,7810
812094,77,43,1314,2002.0,46228200.0,1230797.0,1.648526,0.6870430000000001,FRA,CHN,7810
812095,81,43,1314,2002.0,6249897.0,1040061.0,2.067395,0.7934359999999999,GBR,CHN,7810
812096,83,43,1314,2002.0,0.0,32938.0,-1.258567,-1.048266,GHA,CHN,7810
812097,85,43,1314,2002.0,0.0,1392.0,-1.684157,-1.256743,GIN,CHN,7810
812098,87,43,1314,2002.0,0.0,18384.0,0.266536,0.20776,GMB,CHN,7810
812099,90,43,1314,2002.0,0.0,306872.0,0.20355399999999998,1.4130200000000002,GRC,CHN,7810
812100,93,43,1314,2002.0,0.0,57928.0,-0.49913,-0.038079,GTM,CHN,7810
812101,97,43,1314,2002.0,737196608.0,15435177.0,0.704932,1.291658,HKG,CHN,7810
812102,99,43,1314,2002.0,0.0,30790.0,-0.637891,-0.564421,HND,CHN,7810
812103,100,43,1314,2002.0,14783.0,0.0,0.603546,1.273001,HRV,CHN,7810
812104,102,43,1314,2002.0,141762.0,0.0,1.232359,1.064425,HUN,CHN,7810
812105,103,43,1314,2002.0,0.0,42923.0,0.098182,1.7305840000000001,IDN,CHN,7810
812106,104,43,1314,2002.0,169842.0,7667.0,0.32974000000000003,2.376477,IND,CHN,7810
812107,106,43,1314,2002.0,0.0,23753.0,1.7939310000000002,0.219254,IRL,CHN,7810
812108,107,43,1314,2002.0,8670.0,7800.0,-0.665259,-0.840274,IRN,CHN,7810
812109,110,43,1314,2002.0,0.0,33296.0,1.257709,0.8318989999999999,ISR,CHN,7810
812110,111,43,1314,2002.0,1422886.0,477634.0,1.3944219999999998,1.125362,ITA,CHN,7810
812111,113,43,1314,2002.0,0.0,10559.0,0.34023000000000003,0.264754,JOR,CHN,7810
812112,114,43,1314,2002.0,1233832960.0,2412450.0,2.7747580000000003,0.43663199999999996,JPN,CHN,7810
812113,115,43,1314,2002.0,144128.0,61251.0,-0.100361,-0.502468,KAZ,CHN,7810
812114,117,43,1314,2002.0,0.0,137691.0,-0.094898,0.235639,KGZ,CHN,7810
812115,118,43,1314,2002.0,3924.0,17475.0,-0.8577629999999999,-1.071536,KHM,CHN,7810
812116,121,43,1314,2002.0,174896672.0,968349.0,1.4172719999999999,0.8763139999999999,KOR,CHN,7810
812117,122,43,1314,2002.0,0.0,567598.0,-0.794007,-1.192659,KWT,CHN,7810
812118,123,43,1314,2002.0,0.0,691197.0,-0.990957,-1.111048,LAO,CHN,7810
812119,124,43,1314,2002.0,0.0,39640.0,0.220906,1.470297,LBN,CHN,7810
812120,125,43,1314,2002.0,0.0,7496.0,-0.683036,-1.158808,LBR,CHN,7810
812121,126,43,1314,2002.0,0.0,1380205.0,-0.692769,-1.188682,LBY,CHN,7810
812122,128,43,1314,2002.0,0.0,35502.0,-0.461765,-0.057614,LKA,CHN,7810
812123,129,43,1314,2002.0,0.0,11274.0,-1.313698,-1.153109,LSO,CHN,7810
812124,133,43,1314,2002.0,10428.0,184480.0,0.005082,-0.328658,MAC,CHN,7810
812125,136,43,1314,2002.0,0.0,3233.0,-1.109564,-0.642039,MDG,CHN,7810
812126,138,43,1314,2002.0,212983.0,374248.0,1.2677129999999999,0.599314,MEX,CHN,7810
812127,141,43,1314,2002.0,0.0,29102.0,-0.786698,-0.682438,MLI,CHN,7810
812128,143,43,1314,2002.0,0.0,6485054.0,-1.251639,-0.994909,MMR,CHN,7810
812129,145,43,1314,2002.0,0.0,4858.0,-0.711096,-0.9835799999999999,MNG,CHN,7810
812130,147,43,1314,2002.0,0.0,12097.0,-1.337891,-1.187073,MOZ,CHN,7810
812131,153,43,1314,2002.0,283284.0,204034.0,0.9987159999999999,0.26558200000000004,MYS,CHN,7810
812132,155,43,1314,2002.0,8853.0,0.0,-0.137725,-0.361452,NAM,CHN,7810
812133,157,43,1314,2002.0,3840.0,0.0,-0.562837,-0.333649,NER,CHN,7810
812134,159,43,1314,2002.0,0.0,237635.0,-1.705991,-1.292926,NGA,CHN,7810
812135,162,43,1314,2002.0,2303390.0,274359.0,1.175777,1.667472,NLD,CHN,7810
812136,163,43,1314,2002.0,0.0,43882.0,0.689588,-0.007016,NOR,CHN,7810
812137,166,43,1314,2002.0,0.0,111813.0,0.370673,0.7853829999999999,NZL,CHN,7810
812138,167,43,1314,2002.0,691428.0,0.0,-1.307058,-1.270916,OMN,CHN,7810
812139,168,43,1314,2002.0,0.0,310016.0,-0.7574069999999999,-0.403427,PAK,CHN,7810
812140,169,43,1314,2002.0,0.0,2292.0,0.085746,0.21839,PAN,CHN,7810
812141,173,43,1314,2002.0,0.0,30296.0,-0.456603,0.030838,PER,CHN,7810
812142,174,43,1314,2002.0,328360.0,6171060.0,0.29601,-0.232513,PHL,CHN,7810
812143,177,43,1314,2002.0,8621045.0,28251.0,0.9449299999999999,1.655764,POL,CHN,7810
812144,178,43,1314,2002.0,0.0,229382.0,0.629678,1.0153780000000001,PRK,CHN,7810
812145,179,43,1314,2002.0,742277.0,3687.0,0.584956,1.377068,PRT,CHN,7810
812146,180,43,1314,2002.0,0.0,22090.0,-0.733796,-0.9001530000000001,PRY,CHN,7810
812147,183,43,1314,2002.0,204617.0,47106.0,-0.002177,-1.042517,QAT,CHN,7810
812148,185,43,1314,2002.0,19726118.0,20937.0,0.549227,1.071998,ROU,CHN,7810
812149,186,43,1314,2002.0,976723.0,5357.0,0.6051449999999999,0.272307,RUS,CHN,7810
812150,187,43,1314,2002.0,1748.0,0.0,-0.6278859999999999,-0.832391,RWA,CHN,7810
812151,188,43,1314,2002.0,414215.0,205353.0,0.048764,-0.903125,SAU,CHN,7810
812152,190,43,1314,2002.0,0.0,695139.0,-1.336665,-1.19919,SDN,CHN,7810
812153,191,43,1314,2002.0,0.0,57914.0,-0.5424939999999999,-0.554531,SEN,CHN,7810
812154,192,43,1314,2002.0,523491.0,22839.0,1.7077209999999998,0.683549,SGP,CHN,7810
812155,196,43,1314,2002.0,0.0,56430.0,0.29478899999999997,0.055865,SLE,CHN,7810
812156,206,43,1314,2002.0,4067161.0,0.0,1.269549,1.184774,SVK,CHN,7810
812157,207,43,1314,2002.0,0.0,19692.0,1.469681,1.13303,SVN,CHN,7810
812158,208,43,1314,2002.0,12795606.0,231139.0,2.134,0.769413,SWE,CHN,7810
812159,211,43,1314,2002.0,0.0,17657.0,-0.8837229999999999,-0.975607,SYC,CHN,7810
812160,212,43,1314,2002.0,0.0,915642.0,-1.07007,-0.560769,SYR,CHN,7810
812161,215,43,1314,2002.0,0.0,97342.0,-0.688284,-0.5292789999999999,TGO,CHN,7810
812162,216,43,1314,2002.0,12796662.0,90411.0,0.513887,1.545967,THA,CHN,7810
812163,217,43,1314,2002.0,0.0,131731.0,-0.8483510000000001,-1.09992,TJK,CHN,7810
812164,223,43,1314,2002.0,0.0,1929.0,0.059876,0.369032,TUN,CHN,7810
812165,224,43,1314,2002.0,10729490.0,287147.0,0.12982,1.8032650000000001,TUR,CHN,7810
812166,226,43,1314,2002.0,0.0,10259.0,-1.234127,-0.421158,TZA,CHN,7810
812167,227,43,1314,2002.0,0.0,1602.0,-1.262952,-0.903123,UGA,CHN,7810
812168,228,43,1314,2002.0,0.0,14210.0,0.575372,1.131722,UKR,CHN,7810
812169,231,43,1314,2002.0,31205432.0,12023147.0,1.853174,0.120986,USA,CHN,7810
812170,236,43,1314,2002.0,13809.0,60493.0,-0.008877,-0.753486,VEN,CHN,7810
812171,239,43,1314,2002.0,979846.0,187931.0,-0.44170699999999996,0.544708,VNM,CHN,7810
812172,243,43,1314,2002.0,0.0,19694.0,-1.447637,-1.289748,YEM,CHN,7810
812173,246,43,1314,2002.0,0.0,340999.0,0.32760500000000004,2.497746,ZAF,CHN,7810
812174,247,43,1314,2002.0,0.0,161635.0,-0.840258,-0.639474,ZMB,CHN,7810
812175,249,43,1314,2002.0,12725359.0,288938.0,1.9084720000000002,1.253714,TWN,CHN,7810
812176,0,49,1314,2002.0,0.0,13519.0,0.27076100000000003,-0.858951,ABW,COL,7810
812177,6,49,1314,2002.0,0.0,1486.0,0.145946,-0.704052,ANT,COL,7810
812178,8,49,1314,2002.0,754240.0,118992.0,0.045376,0.71768,ARG,COL,7810
812179,14,49,1314,2002.0,5104.0,0.0,-0.052462,0.759617,AUS,COL,7810
812180,15,49,1314,2002.0,149236.0,0.0,1.866997,0.400527,AUT,COL,7810
812181,18,49,1314,2002.0,921679.0,0.0,1.424339,1.372755,BEL,COL,7810
812182,31,49,1314,2002.0,0.0,32383.0,-0.785592,-0.6761119999999999,BOL,COL,7810
812183,32,49,1314,2002.0,61268208.0,7603.0,0.631343,1.249344,BRA,COL,7810
812184,33,49,1314,2002.0,0.0,15481.0,0.547024,-0.004036,BRB,COL,7810
812185,39,49,1314,2002.0,565092.0,11201.0,0.9672360000000001,1.389981,CAN,COL,7810
812186,41,49,1314,2002.0,32822.0,0.0,2.205507,0.831836,CHE,COL,7810
812187,42,49,1314,2002.0,8689259.0,0.0,-0.079201,-0.11449200000000001,CHL,COL,7810
812188,43,49,1314,2002.0,5706.0,0.0,0.6181220000000001,1.9636759999999998,CHN,COL,7810
812189,52,49,1314,2002.0,0.0,69410.0,0.083983,-0.096237,CRI,COL,7810
812190,54,49,1314,2002.0,0.0,353556.0,-0.896759,-1.079825,CUB,COL,7810
812191,59,49,1314,2002.0,5533736.0,0.0,1.5835139999999999,0.9563010000000001,CZE,COL,7810
812192,61,49,1314,2002.0,13658286.0,42236.0,2.367856,-2.195331,DEU,COL,7810
812193,64,49,1314,2002.0,5015.0,0.0,1.344708,1.321135,DNK,COL,7810
812194,67,49,1314,2002.0,37934216.0,74178480.0,-0.973858,-0.8924979999999999,ECU,COL,7810
812195,71,49,1314,2002.0,983229.0,16957.0,1.054108,1.9357349999999998,ESP,COL,7810
812196,77,49,1314,2002.0,15082615.0,19824.0,1.648526,0.6870430000000001,FRA,COL,7810
812197,81,49,1314,2002.0,475411.0,13572.0,2.067395,0.7934359999999999,GBR,COL,7810
812198,90,49,1314,2002.0,6244.0,0.0,0.20355399999999998,1.4130200000000002,GRC,COL,7810
812199,93,49,1314,2002.0,16472.0,98779.0,-0.49913,-0.038079,GTM,COL,7810
812200,99,49,1314,2002.0,0.0,90750.0,-0.637891,-0.564421,HND,COL,7810
812201,101,49,1314,2002.0,0.0,85525.0,-0.837823,-0.834512,HTI,COL,7810
812202,104,49,1314,2002.0,1212974.0,0.0,0.32974000000000003,2.376477,IND,COL,7810
812203,111,49,1314,2002.0,37383.0,15310.0,1.3944219999999998,1.125362,ITA,COL,7810
812204,114,49,1314,2002.0,148622608.0,0.0,2.7747580000000003,0.43663199999999996,JPN,COL,7810
812205,121,49,1314,2002.0,50040268.0,0.0,1.4172719999999999,0.8763139999999999,KOR,COL,7810
812206,124,49,1314,2002.0,10315.0,0.0,0.220906,1.470297,LBN,COL,7810
812207,138,49,1314,2002.0,3064882.0,0.0,1.2677129999999999,0.599314,MEX,COL,7810
812208,162,49,1314,2002.0,201405.0,0.0,1.175777,1.667472,NLD,COL,7810
812209,169,49,1314,2002.0,19555.0,118042.0,0.085746,0.21839,PAN,COL,7810
812210,173,49,1314,2002.0,67605.0,19062.0,-0.456603,0.030838,PER,COL,7810
812211,179,49,1314,2002.0,0.0,32725.0,0.584956,1.377068,PRT,COL,7810
812212,185,49,1314,2002.0,1618880.0,0.0,0.549227,1.071998,ROU,COL,7810
812213,186,49,1314,2002.0,62618.0,0.0,0.6051449999999999,0.272307,RUS,COL,7810
812214,208,49,1314,2002.0,15414.0,0.0,2.134,0.769413,SWE,COL,7810
812215,223,49,1314,2002.0,0.0,152757.0,0.059876,0.369032,TUN,COL,7810
812216,230,49,1314,2002.0,0.0,20930.0,0.048498,0.118565,URY,COL,7810
812217,231,49,1314,2002.0,11682352.0,310261.0,1.853174,0.120986,USA,COL,7810
812218,236,49,1314,2002.0,34697156.0,78907112.0,-0.008877,-0.753486,VEN,COL,7810
812219,249,49,1314,2002.0,106497.0,0.0,1.9084720000000002,1.253714,TWN,COL,7810
812220,250,49,1314,2002.0,118838536.0,0.0,0.5979300000000001,-0.497816,ANS,COL,7810
812221,1,52,1314,2002.0,5403.0,0.0,-0.11885899999999999,-0.346093,AFG,CRI,7810
812222,8,52,1314,2002.0,173127.0,0.0,0.045376,0.71768,ARG,CRI,7810
812223,15,52,1314,2002.0,485518.0,0.0,1.866997,0.400527,AUT,CRI,7810
812224,18,52,1314,2002.0,717761.0,0.0,1.424339,1.372755,BEL,CRI,7810
812225,32,52,1314,2002.0,2994833.0,0.0,0.631343,1.249344,BRA,CRI,7810
812226,39,52,1314,2002.0,5266658.0,0.0,0.9672360000000001,1.389981,CAN,CRI,7810
812227,41,52,1314,2002.0,13629.0,0.0,2.205507,0.831836,CHE,CRI,7810
812228,42,52,1314,2002.0,7182.0,0.0,-0.079201,-0.11449200000000001,CHL,CRI,7810
812229,43,52,1314,2002.0,37217.0,0.0,0.6181220000000001,1.9636759999999998,CHN,CRI,7810
812230,49,52,1314,2002.0,69410.0,0.0,0.219861,0.45238999999999996,COL,CRI,7810
812231,54,52,1314,2002.0,1918.0,0.0,-0.896759,-1.079825,CUB,CRI,7810
812232,59,52,1314,2002.0,251124.0,0.0,1.5835139999999999,0.9563010000000001,CZE,CRI,7810
812233,61,52,1314,2002.0,8551015.0,7634.0,2.367856,-2.195331,DEU,CRI,7810
812234,65,52,1314,2002.0,1083.0,166333.0,-0.43339300000000003,-0.378827,DOM,CRI,7810
812235,67,52,1314,2002.0,0.0,45279.0,-0.973858,-0.8924979999999999,ECU,CRI,7810
812236,71,52,1314,2002.0,431223.0,6712.0,1.054108,1.9357349999999998,ESP,CRI,7810
812237,77,52,1314,2002.0,10138453.0,82976.0,1.648526,0.6870430000000001,FRA,CRI,7810
812238,81,52,1314,2002.0,2455936.0,0.0,2.067395,0.7934359999999999,GBR,CRI,7810
812239,93,52,1314,2002.0,136428.0,295018.0,-0.49913,-0.038079,GTM,CRI,7810
812240,99,52,1314,2002.0,59145.0,55697.0,-0.637891,-0.564421,HND,CRI,7810
812241,104,52,1314,2002.0,230987.0,0.0,0.32974000000000003,2.376477,IND,CRI,7810
812242,111,52,1314,2002.0,764907.0,3353.0,1.3944219999999998,1.125362,ITA,CRI,7810
812243,114,52,1314,2002.0,74642264.0,0.0,2.7747580000000003,0.43663199999999996,JPN,CRI,7810
812244,121,52,1314,2002.0,35153676.0,0.0,1.4172719999999999,0.8763139999999999,KOR,CRI,7810
812245,138,52,1314,2002.0,3193326.0,0.0,1.2677129999999999,0.599314,MEX,CRI,7810
812246,153,52,1314,2002.0,93054.0,0.0,0.9987159999999999,0.26558200000000004,MYS,CRI,7810
812247,160,52,1314,2002.0,5172.0,144387.0,-0.634946,-0.37966,NIC,CRI,7810
812248,162,52,1314,2002.0,80935.0,0.0,1.175777,1.667472,NLD,CRI,7810
812249,169,52,1314,2002.0,212449.0,0.0,0.085746,0.21839,PAN,CRI,7810
812250,173,52,1314,2002.0,14992.0,0.0,-0.456603,0.030838,PER,CRI,7810
812251,178,52,1314,2002.0,86423.0,0.0,0.629678,1.0153780000000001,PRK,CRI,7810
812252,179,52,1314,2002.0,0.0,2935.0,0.584956,1.377068,PRT,CRI,7810
812253,180,52,1314,2002.0,2274.0,0.0,-0.733796,-0.9001530000000001,PRY,CRI,7810
812254,185,52,1314,2002.0,268720.0,0.0,0.549227,1.071998,ROU,CRI,7810
812255,186,52,1314,2002.0,11685.0,0.0,0.6051449999999999,0.272307,RUS,CRI,7810
812256,197,52,1314,2002.0,5532.0,229534.0,-0.258579,-0.096214,SLV,CRI,7810
812257,205,52,1314,2002.0,3667.0,0.0,-1.002898,-0.905595,SUR,CRI,7810
812258,208,52,1314,2002.0,52312.0,0.0,2.134,0.769413,SWE,CRI,7810
812259,224,52,1314,2002.0,0.0,22612.0,0.12982,1.8032650000000001,TUR,CRI,7810
812260,231,52,1314,2002.0,34366060.0,0.0,1.853174,0.120986,USA,CRI,7810
812261,236,52,1314,2002.0,35981.0,10120.0,-0.008877,-0.753486,VEN,CRI,7810
812262,246,52,1314,2002.0,38138.0,5450.0,0.32760500000000004,2.497746,ZAF,CRI,7810
812263,249,52,1314,2002.0,268851.0,0.0,1.9084720000000002,1.253714,TWN,CRI,7810
812264,250,52,1314,2002.0,3025.0,0.0,0.5979300000000001,-0.497816,ANS,CRI,7810
812265,8,54,1314,2002.0,0.0,20503.0,0.045376,0.71768,ARG,CUB,7810
812266,18,54,1314,2002.0,371220.0,16657.0,1.424339,1.372755,BEL,CUB,7810
812267,32,54,1314,2002.0,2074594.0,0.0,0.631343,1.249344,BRA,CUB,7810
812268,39,54,1314,2002.0,1413890.0,15199.0,0.9672360000000001,1.389981,CAN,CUB,7810
812269,41,54,1314,2002.0,104359.0,0.0,2.205507,0.831836,CHE,CUB,7810
812270,49,54,1314,2002.0,353556.0,0.0,0.219861,0.45238999999999996,COL,CUB,7810
812271,52,54,1314,2002.0,0.0,1918.0,0.083983,-0.096237,CRI,CUB,7810
812272,59,54,1314,2002.0,19327.0,0.0,1.5835139999999999,0.9563010000000001,CZE,CUB,7810
812273,61,54,1314,2002.0,1143491.0,0.0,2.367856,-2.195331,DEU,CUB,7810
812274,64,54,1314,2002.0,1660910.0,0.0,1.344708,1.321135,DNK,CUB,7810
812275,65,54,1314,2002.0,50611.0,148066.0,-0.43339300000000003,-0.378827,DOM,CUB,7810
812276,67,54,1314,2002.0,0.0,18115.0,-0.973858,-0.8924979999999999,ECU,CUB,7810
812277,71,54,1314,2002.0,5205200.0,33799.0,1.054108,1.9357349999999998,ESP,CUB,7810
812278,77,54,1314,2002.0,5731440.0,0.0,1.648526,0.6870430000000001,FRA,CUB,7810
812279,93,54,1314,2002.0,11336.0,0.0,-0.49913,-0.038079,GTM,CUB,7810
812280,104,54,1314,2002.0,164562.0,0.0,0.32974000000000003,2.376477,IND,CUB,7810
812281,111,54,1314,2002.0,560915.0,0.0,1.3944219999999998,1.125362,ITA,CUB,7810
812282,114,54,1314,2002.0,3858740.0,0.0,2.7747580000000003,0.43663199999999996,JPN,CUB,7810
812283,121,54,1314,2002.0,5356690.0,0.0,1.4172719999999999,0.8763139999999999,KOR,CUB,7810
812284,138,54,1314,2002.0,37444.0,3704.0,1.2677129999999999,0.599314,MEX,CUB,7810
812285,160,54,1314,2002.0,15735.0,0.0,-0.634946,-0.37966,NIC,CUB,7810
812286,162,54,1314,2002.0,626760.0,4910.0,1.175777,1.667472,NLD,CUB,7810
812287,169,54,1314,2002.0,53726.0,2727.0,0.085746,0.21839,PAN,CUB,7810
812288,177,54,1314,2002.0,175697.0,0.0,0.9449299999999999,1.655764,POL,CUB,7810
812289,178,54,1314,2002.0,12418.0,0.0,0.629678,1.0153780000000001,PRK,CUB,7810
812290,179,54,1314,2002.0,3377.0,0.0,0.584956,1.377068,PRT,CUB,7810
812291,186,54,1314,2002.0,2776412.0,0.0,0.6051449999999999,0.272307,RUS,CUB,7810
812292,197,54,1314,2002.0,2723.0,6181.0,-0.258579,-0.096214,SLV,CUB,7810
812293,208,54,1314,2002.0,3074.0,0.0,2.134,0.769413,SWE,CUB,7810
812294,224,54,1314,2002.0,5241.0,0.0,0.12982,1.8032650000000001,TUR,CUB,7810
812295,231,54,1314,2002.0,39792.0,0.0,1.853174,0.120986,USA,CUB,7810
812296,236,54,1314,2002.0,0.0,32848.0,-0.008877,-0.753486,VEN,CUB,7810
812297,246,54,1314,2002.0,0.0,5386.0,0.32760500000000004,2.497746,ZAF,CUB,7810
812298,250,54,1314,2002.0,0.0,8527.0,0.5979300000000001,-0.497816,ANS,CUB,7810
812299,0,61,1314,2002.0,0.0,471000.0,0.27076100000000003,-0.858951,ABW,DEU,7810
812300,1,61,1314,2002.0,0.0,3328000.0,-0.11885899999999999,-0.346093,AFG,DEU,7810
812301,2,61,1314,2002.0,0.0,6105000.0,-1.8043639999999999,-1.250642,AGO,DEU,7810
812302,3,61,1314,2002.0,0.0,7985.0,1.822725,0.45911899999999994,AIA,DEU,7810
812303,4,61,1314,2002.0,60961.0,7015610.0,-0.05800399999999999,0.042254,ALB,DEU,7810
812304,5,61,1314,2002.0,43255.0,2290656.0,1.3229389999999999,0.9635950000000001,AND,DEU,7810
812305,6,61,1314,2002.0,0.0,2643000.0,0.145946,-0.704052,ANT,DEU,7810
812306,7,61,1314,2002.0,1307632.0,431958656.0,-0.288838,-0.640049,ARE,DEU,7810
812307,8,61,1314,2002.0,852487.0,9321708.0,0.045376,0.71768,ARG,DEU,7810
812308,9,61,1314,2002.0,12894.0,6396597.0,0.66447,-0.08317000000000001,ARM,DEU,7810
812309,12,61,1314,2002.0,0.0,49000.0,1.8333270000000002,-0.322675,ATF,DEU,7810
812310,13,61,1314,2002.0,0.0,41000.0,0.23995500000000003,-0.754877,ATG,DEU,7810
812311,14,61,1314,2002.0,750668.0,541565632.0,-0.052462,0.759617,AUS,DEU,7810
812312,15,61,1314,2002.0,1028462784.0,1714184704.0,1.866997,0.400527,AUT,DEU,7810
812313,16,61,1314,2002.0,0.0,20951042.0,-0.566735,-1.003158,AZE,DEU,7810
812314,17,61,1314,2002.0,0.0,523816.0,-0.399212,-0.67657,BDI,DEU,7810
812315,18,61,1314,2002.0,3962118912.0,4757259264.0,1.424339,1.372755,BEL,DEU,7810
812316,19,61,1314,2002.0,62360.0,27435448.0,-0.7683840000000001,-0.7984319999999999,BEN,DEU,7810
812317,21,61,1314,2002.0,28112.0,423683.0,-0.5542590000000001,-0.5946060000000001,BFA,DEU,7810
812318,22,61,1314,2002.0,0.0,530743.0,-0.9509,-1.113308,BGD,DEU,7810
812319,23,61,1314,2002.0,87405.0,70764288.0,0.468058,1.644037,BGR,DEU,7810
812320,24,61,1314,2002.0,69532.0,36495788.0,-0.31754099999999996,-1.099381,BHR,DEU,7810
812321,25,61,1314,2002.0,5434.0,4056651.0,0.035127,-0.536416,BHS,DEU,7810
812322,26,61,1314,2002.0,409042.0,35010000.0,0.223543,0.44595100000000004,BIH,DEU,7810
812323,28,61,1314,2002.0,184722.0,113168616.0,0.865742,1.1823860000000002,BLR,DEU,7810
812324,29,61,1314,2002.0,12671.0,319625.0,-0.553335,-0.753058,BLZ,DEU,7810
812325,30,61,1314,2002.0,0.0,868000.0,0.934739,-0.465542,BMU,DEU,7810
812326,31,61,1314,2002.0,0.0,448145.0,-0.785592,-0.6761119999999999,BOL,DEU,7810
812327,32,61,1314,2002.0,3596501.0,139132512.0,0.631343,1.249344,BRA,DEU,7810
812328,33,61,1314,2002.0,26484.0,7423274.0,0.547024,-0.004036,BRB,DEU,7810
812329,34,61,1314,2002.0,0.0,13579489.0,-1.359507,-1.084339,BRN,DEU,7810
812330,35,61,1314,2002.0,0.0,153000.0,0.068259,-0.613581,BTN,DEU,7810
812331,36,61,1314,2002.0,0.0,158000.0,0.966417,-0.7267939999999999,BVT,DEU,7810
812332,37,61,1314,2002.0,71299.0,319393.0,-0.164526,-1.04616,BWA,DEU,7810
812333,38,61,1314,2002.0,1399.0,61569.0,-0.698235,-0.905799,CAF,DEU,7810
812334,39,61,1314,2002.0,6201315.0,839035776.0,0.9672360000000001,1.389981,CAN,DEU,7810
812335,40,61,1314,2002.0,0.0,6000.0,0.8486940000000001,-0.49132200000000004,CCK,DEU,7810
812336,41,61,1314,2002.0,20096988.0,1938721664.0,2.205507,0.831836,CHE,DEU,7810
812337,42,61,1314,2002.0,20227.0,26894172.0,-0.079201,-0.11449200000000001,CHL,DEU,7810
812338,43,61,1314,2002.0,2403948.0,728804032.0,0.6181220000000001,1.9636759999999998,CHN,DEU,7810
812339,44,61,1314,2002.0,47855.0,11373150.0,-0.803739,-0.752218,CIV,DEU,7810
812340,45,61,1314,2002.0,0.0,5680784.0,-1.188713,-1.109944,CMR,DEU,7810
812341,46,61,1314,2002.0,0.0,1500000.0,-1.218664,-1.1406120000000002,COD,DEU,7810
812342,47,61,1314,2002.0,4123.0,954000.0,-1.468836,-1.250484,COG,DEU,7810
812343,48,61,1314,2002.0,5680.0,0.0,0.595648,-0.301939,COK,DEU,7810
812344,49,61,1314,2002.0,42236.0,13658286.0,0.219861,0.45238999999999996,COL,DEU,7810
812345,50,61,1314,2002.0,0.0,52940.0,-0.634921,-0.9792120000000001,COM,DEU,7810
812346,51,61,1314,2002.0,0.0,542148.0,-0.315184,-0.660522,CPV,DEU,7810
812347,52,61,1314,2002.0,7634.0,8551015.0,0.083983,-0.096237,CRI,DEU,7810
812348,54,61,1314,2002.0,0.0,1143491.0,-0.896759,-1.079825,CUB,DEU,7810
812349,56,61,1314,2002.0,0.0,7000.0,0.731695,-0.674509,CXR,DEU,7810
812350,57,61,1314,2002.0,0.0,3546000.0,0.570589,-0.692583,CYM,DEU,7810
812351,58,61,1314,2002.0,42472.0,51438952.0,0.332088,0.50441,CYP,DEU,7810
812352,59,61,1314,2002.0,836153472.0,498375488.0,1.5835139999999999,0.9563010000000001,CZE,DEU,7810
812353,62,61,1314,2002.0,0.0,209000.0,-0.03383,-0.014618,DJI,DEU,7810
812354,63,61,1314,2002.0,0.0,75304.0,0.212137,-0.112873,DMA,DEU,7810
812355,64,61,1314,2002.0,281385792.0,590849984.0,1.344708,1.321135,DNK,DEU,7810
812356,65,61,1314,2002.0,67733.0,25909022.0,-0.43339300000000003,-0.378827,DOM,DEU,7810
812357,66,61,1314,2002.0,0.0,19218826.0,-0.9281389999999999,-1.19549,DZA,DEU,7810
812358,67,61,1314,2002.0,0.0,11466763.0,-0.973858,-0.8924979999999999,ECU,DEU,7810
812359,68,61,1314,2002.0,47912.0,40967064.0,-0.37218,0.634319,EGY,DEU,7810
812360,69,61,1314,2002.0,0.0,876000.0,1.019399,0.23989899999999997,ERI,DEU,7810
812361,71,61,1314,2002.0,1981951744.0,3884609024.0,1.054108,1.9357349999999998,ESP,DEU,7810
812362,72,61,1314,2002.0,203279.0,70938224.0,0.576142,1.168563,EST,DEU,7810
812363,73,61,1314,2002.0,0.0,2047308.0,-1.289118,-1.0291540000000001,ETH,DEU,7810
812364,74,61,1314,2002.0,313485824.0,453353120.0,1.9545119999999998,1.047515,FIN,DEU,7810
812365,75,61,1314,2002.0,0.0,18473.0,-0.788026,-0.432015,FJI,DEU,7810
812366,76,61,1314,2002.0,13896.0,0.0,-0.395335,-0.942025,FLK,DEU,7810
812367,77,61,1314,2002.0,3668414208.0,5568387072.0,1.648526,0.6870430000000001,FRA,DEU,7810
812368,78,61,1314,2002.0,0.0,163503.0,-0.33811399999999997,-0.8092050000000001,FRO,DEU,7810
812369,80,61,1314,2002.0,4065.0,1916496.0,-1.34341,-1.238593,GAB,DEU,7810
812370,81,61,1314,2002.0,1513655680.0,10111067136.0,2.067395,0.7934359999999999,GBR,DEU,7810
812371,82,61,1314,2002.0,787821.0,5324829.0,0.23526999999999998,-0.156333,GEO,DEU,7810
812372,83,61,1314,2002.0,13475.0,15347335.0,-1.258567,-1.048266,GHA,DEU,7810
812373,84,61,1314,2002.0,11450420.0,7928239.0,0.404483,-0.313042,GIB,DEU,7810
812374,85,61,1314,2002.0,23676.0,1195465.0,-1.684157,-1.256743,GIN,DEU,7810
812375,87,61,1314,2002.0,19762.0,1194778.0,0.266536,0.20776,GMB,DEU,7810
812376,88,61,1314,2002.0,0.0,179000.0,-0.30444099999999996,-0.815509,GNB,DEU,7810
812377,89,61,1314,2002.0,0.0,65000.0,-1.8647490000000002,-0.96145,GNQ,DEU,7810
812378,90,61,1314,2002.0,2150248.0,417371968.0,0.20355399999999998,1.4130200000000002,GRC,DEU,7810
812379,91,61,1314,2002.0,0.0,58846.0,0.822523,0.032938999999999996,GRD,DEU,7810
812380,92,61,1314,2002.0,190662.0,483251.0,-0.514411,-0.87766,GRL,DEU,7810
812381,93,61,1314,2002.0,654823.0,12476643.0,-0.49913,-0.038079,GTM,DEU,7810
812382,95,61,1314,2002.0,0.0,965000.0,-0.5440229999999999,-0.929201,GUM,DEU,7810
812383,96,61,1314,2002.0,30789.0,135862.0,-1.050604,-0.9015549999999999,GUY,DEU,7810
812384,97,61,1314,2002.0,52102.0,324257856.0,0.704932,1.291658,HKG,DEU,7810
812385,98,61,1314,2002.0,0.0,11000.0,0.450647,-0.8006479999999999,HMD,DEU,7810
812386,99,61,1314,2002.0,0.0,1466306.0,-0.637891,-0.564421,HND,DEU,7810
812387,100,61,1314,2002.0,71139.0,158218064.0,0.603546,1.273001,HRV,DEU,7810
812388,101,61,1314,2002.0,0.0,741000.0,-0.837823,-0.834512,HTI,DEU,7810
812389,102,61,1314,2002.0,1155170944.0,339270432.0,1.232359,1.064425,HUN,DEU,7810
812390,103,61,1314,2002.0,35460.0,43132864.0,0.098182,1.7305840000000001,IDN,DEU,7810
812391,104,61,1314,2002.0,12592711.0,22271438.0,0.32974000000000003,2.376477,IND,DEU,7810
812392,105,61,1314,2002.0,0.0,56000.0,-0.8981959999999999,-0.920425,IOT,DEU,7810
812393,106,61,1314,2002.0,3196633.0,547170304.0,1.7939310000000002,0.219254,IRL,DEU,7810
812394,107,61,1314,2002.0,58936.0,41501536.0,-0.665259,-0.840274,IRN,DEU,7810
812395,108,61,1314,2002.0,0.0,13609001.0,-1.008202,-0.9532209999999999,IRQ,DEU,7810
812396,109,61,1314,2002.0,3480030.0,20575270.0,0.17011700000000002,-0.33925500000000003,ISL,DEU,7810
812397,110,61,1314,2002.0,264171.0,142255344.0,1.257709,0.8318989999999999,ISR,DEU,7810
812398,111,61,1314,2002.0,1417066496.0,7513200128.0,1.3944219999999998,1.125362,ITA,DEU,7810
812399,112,61,1314,2002.0,0.0,3936556.0,-0.459541,-0.947443,JAM,DEU,7810
812400,113,61,1314,2002.0,141039.0,78147088.0,0.34023000000000003,0.264754,JOR,DEU,7810
812401,114,61,1314,2002.0,1742692224.0,3054452224.0,2.7747580000000003,0.43663199999999996,JPN,DEU,7810
812402,115,61,1314,2002.0,111444.0,46667888.0,-0.100361,-0.502468,KAZ,DEU,7810
812403,116,61,1314,2002.0,18412.0,3104326.0,-0.59055,0.000731,KEN,DEU,7810
812404,117,61,1314,2002.0,0.0,8641466.0,-0.094898,0.235639,KGZ,DEU,7810
812405,118,61,1314,2002.0,5955.0,465866.0,-0.8577629999999999,-1.071536,KHM,DEU,7810
812406,119,61,1314,2002.0,0.0,55000.0,0.347526,-0.822594,KIR,DEU,7810
812407,120,61,1314,2002.0,27590.0,68356.0,0.757789,-0.2968,KNA,DEU,7810
812408,121,61,1314,2002.0,379499520.0,388135392.0,1.4172719999999999,0.8763139999999999,KOR,DEU,7810
812409,122,61,1314,2002.0,59885.0,230350512.0,-0.794007,-1.192659,KWT,DEU,7810
812410,123,61,1314,2002.0,0.0,377000.0,-0.990957,-1.111048,LAO,DEU,7810
812411,124,61,1314,2002.0,183333.0,118068176.0,0.220906,1.470297,LBN,DEU,7810
812412,125,61,1314,2002.0,0.0,1934000.0,-0.683036,-1.158808,LBR,DEU,7810
812413,126,61,1314,2002.0,0.0,45103000.0,-0.692769,-1.188682,LBY,DEU,7810
812414,127,61,1314,2002.0,0.0,2269706.0,0.261861,-0.36480999999999997,LCA,DEU,7810
812415,128,61,1314,2002.0,5251.0,5500724.0,-0.461765,-0.057614,LKA,DEU,7810
812416,129,61,1314,2002.0,0.0,11783.0,-1.313698,-1.153109,LSO,DEU,7810
812417,130,61,1314,2002.0,383218.0,235935056.0,0.15796,0.855931,LTU,DEU,7810
812418,131,61,1314,2002.0,46693256.0,276500096.0,1.396249,1.153017,LUX,DEU,7810
812419,132,61,1314,2002.0,105251.0,88220216.0,0.41409799999999997,0.6281680000000001,LVA,DEU,7810
812420,133,61,1314,2002.0,0.0,3404654.0,0.005082,-0.328658,MAC,DEU,7810
812421,134,61,1314,2002.0,252704.0,61240360.0,-0.690226,-0.42557,MAR,DEU,7810
812422,135,61,1314,2002.0,744815.0,10707913.0,-0.017383000000000003,0.109124,MDA,DEU,7810
812423,136,61,1314,2002.0,23590.0,457937.0,-1.109564,-0.642039,MDG,DEU,7810
812424,137,61,1314,2002.0,0.0,33983.0,-1.0471700000000002,-0.976184,MDV,DEU,7810
812425,138,61,1314,2002.0,274983584.0,470121440.0,1.2677129999999999,0.599314,MEX,DEU,7810
812426,140,61,1314,2002.0,21100.0,16562982.0,-0.027727999999999996,0.41846400000000006,MKD,DEU,7810
812427,141,61,1314,2002.0,38445.0,815185.0,-0.786698,-0.682438,MLI,DEU,7810
812428,142,61,1314,2002.0,143437.0,18760704.0,0.901235,-0.140261,MLT,DEU,7810
812429,143,61,1314,2002.0,8002.0,178000.0,-1.251639,-0.994909,MMR,DEU,7810
812430,145,61,1314,2002.0,0.0,3494000.0,-0.711096,-0.9835799999999999,MNG,DEU,7810
812431,147,61,1314,2002.0,0.0,342064.0,-1.337891,-1.187073,MOZ,DEU,7810
812432,148,61,1314,2002.0,0.0,1046320.0,-1.053061,-1.221967,MRT,DEU,7810
812433,149,61,1314,2002.0,0.0,7891.0,1.6121860000000001,0.078151,MSR,DEU,7810
812434,151,61,1314,2002.0,61665.0,7033012.0,-0.382062,-0.379224,MUS,DEU,7810
812435,152,61,1314,2002.0,0.0,269883.0,-1.431612,-1.234903,MWI,DEU,7810
812436,153,61,1314,2002.0,534654.0,82057904.0,0.9987159999999999,0.26558200000000004,MYS,DEU,7810
812437,154,61,1314,2002.0,0.0,708830.0,0.752173,-0.5639,MYT,DEU,7810
812438,155,61,1314,2002.0,128533.0,1579959.0,-0.137725,-0.361452,NAM,DEU,7810
812439,156,61,1314,2002.0,0.0,4880194.0,-0.7477739999999999,-1.006248,NCL,DEU,7810
812440,157,61,1314,2002.0,6768.0,42841548.0,-0.562837,-0.333649,NER,DEU,7810
812441,158,61,1314,2002.0,0.0,54000.0,1.214393,-0.442896,NFK,DEU,7810
812442,159,61,1314,2002.0,25121.0,60182896.0,-1.705991,-1.292926,NGA,DEU,7810
812443,160,61,1314,2002.0,16112.0,938456.0,-0.634946,-0.37966,NIC,DEU,7810
812444,161,61,1314,2002.0,0.0,69000.0,0.891747,-0.5216930000000001,NIU,DEU,7810
812445,162,61,1314,2002.0,1238010496.0,2287404288.0,1.175777,1.667472,NLD,DEU,7810
812446,163,61,1314,2002.0,2597017.0,772560384.0,0.689588,-0.007016,NOR,DEU,7810
812447,164,61,1314,2002.0,0.0,137000.0,-0.065582,0.464797,NPL,DEU,7810
812448,165,61,1314,2002.0,0.0,4000.0,0.9837370000000001,-0.34583400000000003,NRU,DEU,7810
812449,166,61,1314,2002.0,428711.0,91468840.0,0.370673,0.7853829999999999,NZL,DEU,7810
812450,167,61,1314,2002.0,736166.0,51537380.0,-1.307058,-1.270916,OMN,DEU,7810
812451,168,61,1314,2002.0,24197.0,7304000.0,-0.7574069999999999,-0.403427,PAK,DEU,7810
812452,169,61,1314,2002.0,0.0,19421556.0,0.085746,0.21839,PAN,DEU,7810
812453,171,61,1314,2002.0,0.0,2000.0,0.71062,-0.328077,PCN,DEU,7810
812454,173,61,1314,2002.0,84714.0,10951917.0,-0.456603,0.030838,PER,DEU,7810
812455,174,61,1314,2002.0,142293.0,19965356.0,0.29601,-0.232513,PHL,DEU,7810
812456,176,61,1314,2002.0,0.0,25289.0,-1.430299,-1.172593,PNG,DEU,7810
812457,177,61,1314,2002.0,179787680.0,679839360.0,0.9449299999999999,1.655764,POL,DEU,7810
812458,178,61,1314,2002.0,93788.0,860000.0,0.629678,1.0153780000000001,PRK,DEU,7810
812459,179,61,1314,2002.0,789459776.0,774168320.0,0.584956,1.377068,PRT,DEU,7810
812460,180,61,1314,2002.0,19160.0,3432355.0,-0.733796,-0.9001530000000001,PRY,DEU,7810
812461,181,61,1314,2002.0,0.0,3059000.0,0.6237199999999999,-0.007998,PSE,DEU,7810
812462,182,61,1314,2002.0,0.0,5078414.0,-0.363179,-0.8967450000000001,PYF,DEU,7810
812463,183,61,1314,2002.0,366838.0,70669336.0,-0.002177,-1.042517,QAT,DEU,7810
812464,185,61,1314,2002.0,353213.0,237597408.0,0.549227,1.071998,ROU,DEU,7810
812465,186,61,1314,2002.0,4356490.0,1159032064.0,0.6051449999999999,0.272307,RUS,DEU,7810
812466,187,61,1314,2002.0,0.0,1580613.0,-0.6278859999999999,-0.832391,RWA,DEU,7810
812467,188,61,1314,2002.0,185199.0,297217888.0,0.048764,-0.903125,SAU,DEU,7810
812468,189,61,1314,2002.0,87314.0,46516216.0,0.523459,2.58657,SCG,DEU,7810
812469,190,61,1314,2002.0,1186078.0,6207250.0,-1.336665,-1.19919,SDN,DEU,7810
812470,191,61,1314,2002.0,59602.0,1814553.0,-0.5424939999999999,-0.554531,SEN,DEU,7810
812471,192,61,1314,2002.0,333035.0,121519496.0,1.7077209999999998,0.683549,SGP,DEU,7810
812472,194,61,1314,2002.0,0.0,112000.0,1.542309,-0.038145,SHN,DEU,7810
812473,196,61,1314,2002.0,97049.0,3957165.0,0.29478899999999997,0.055865,SLE,DEU,7810
812474,197,61,1314,2002.0,0.0,3445561.0,-0.258579,-0.096214,SLV,DEU,7810
812475,199,61,1314,2002.0,0.0,253000.0,-0.145777,-0.512123,SOM,DEU,7810
812476,203,61,1314,2002.0,0.0,170624.0,0.767305,-0.0836,STP,DEU,7810
812477,205,61,1314,2002.0,0.0,494566.0,-1.002898,-0.905595,SUR,DEU,7810
812478,206,61,1314,2002.0,1616758144.0,107408528.0,1.269549,1.184774,SVK,DEU,7810
812479,207,61,1314,2002.0,364826784.0,147737760.0,1.469681,1.13303,SVN,DEU,7810
812480,208,61,1314,2002.0,283331936.0,994819904.0,2.134,0.769413,SWE,DEU,7810
812481,209,61,1314,2002.0,0.0,114749.0,0.409355,-0.047221,SWZ,DEU,7810
812482,211,61,1314,2002.0,0.0,5361.0,-0.8837229999999999,-0.975607,SYC,DEU,7810
812483,212,61,1314,2002.0,0.0,24514484.0,-1.07007,-0.560769,SYR,DEU,7810
812484,213,61,1314,2002.0,0.0,5000.0,0.849978,0.260833,TCA,DEU,7810
812485,214,61,1314,2002.0,0.0,69000.0,-0.092619,-0.776712,TCD,DEU,7810
812486,215,61,1314,2002.0,24293.0,19737742.0,-0.688284,-0.5292789999999999,TGO,DEU,7810
812487,216,61,1314,2002.0,18693.0,120429904.0,0.513887,1.545967,THA,DEU,7810
812488,217,61,1314,2002.0,0.0,82000.0,-0.8483510000000001,-1.09992,TJK,DEU,7810
812489,219,61,1314,2002.0,0.0,2716000.0,-0.9178629999999999,-1.202212,TKM,DEU,7810
812490,220,61,1314,2002.0,0.0,46000.0,0.5889810000000001,-0.43221400000000004,TLS,DEU,7810
812491,221,61,1314,2002.0,0.0,33686.0,-0.772079,-1.0016479999999999,TON,DEU,7810
812492,222,61,1314,2002.0,0.0,5371288.0,-0.056315,-0.803537,TTO,DEU,7810
812493,223,61,1314,2002.0,24432.0,19887488.0,0.059876,0.369032,TUN,DEU,7810
812494,224,61,1314,2002.0,183839536.0,349147936.0,0.12982,1.8032650000000001,TUR,DEU,7810
812495,225,61,1314,2002.0,0.0,52000.0,0.01488,0.187673,TUV,DEU,7810
812496,226,61,1314,2002.0,0.0,1769843.0,-1.234127,-0.421158,TZA,DEU,7810
812497,227,61,1314,2002.0,0.0,810158.0,-1.262952,-0.903123,UGA,DEU,7810
812498,228,61,1314,2002.0,294589.0,215107920.0,0.575372,1.131722,UKR,DEU,7810
812499,229,61,1314,2002.0,0.0,2000.0,0.613889,-0.1748,UMI,DEU,7810
812500,230,61,1314,2002.0,153386.0,1529138.0,0.048498,0.118565,URY,DEU,7810
812501,231,61,1314,2002.0,2683033088.0,17063883776.0,1.853174,0.120986,USA,DEU,7810
812502,232,61,1314,2002.0,112553.0,7831000.0,-0.583861,-0.758266,UZB,DEU,7810
812503,236,61,1314,2002.0,65182.0,29302740.0,-0.008877,-0.753486,VEN,DEU,7810
812504,237,61,1314,2002.0,0.0,1660000.0,0.6891930000000001,-0.27620500000000003,VGB,DEU,7810
812505,239,61,1314,2002.0,2278.0,9516302.0,-0.44170699999999996,0.544708,VNM,DEU,7810
812506,240,61,1314,2002.0,0.0,4000.0,-1.110093,-1.015554,VUT,DEU,7810
812507,243,61,1314,2002.0,27025.0,8203000.0,-1.447637,-1.289748,YEM,DEU,7810
812508,246,61,1314,2002.0,272376736.0,404791520.0,0.32760500000000004,2.497746,ZAF,DEU,7810
812509,247,61,1314,2002.0,0.0,914086.0,-0.840258,-0.639474,ZMB,DEU,7810
812510,248,61,1314,2002.0,12232.0,2452908.0,-0.36033000000000004,0.452182,ZWE,DEU,7810
812511,249,61,1314,2002.0,2534790.0,359706656.0,1.9084720000000002,1.253714,TWN,DEU,7810
812512,250,61,1314,2002.0,0.0,63080316.0,0.5979300000000001,-0.497816,ANS,DEU,7810
812513,1,64,1314,2002.0,0.0,1213826.0,-0.11885899999999999,-0.346093,AFG,DNK,7810
812514,2,64,1314,2002.0,0.0,2447285.0,-1.8043639999999999,-1.250642,AGO,DNK,7810
812515,4,64,1314,2002.0,0.0,245887.0,-0.05800399999999999,0.042254,ALB,DNK,7810
812516,5,64,1314,2002.0,0.0,65254.0,1.3229389999999999,0.9635950000000001,AND,DNK,7810
812517,6,64,1314,2002.0,0.0,241358.0,0.145946,-0.704052,ANT,DNK,7810
812518,7,64,1314,2002.0,0.0,315518.0,-0.288838,-0.640049,ARE,DNK,7810
812519,8,64,1314,2002.0,0.0,26530.0,0.045376,0.71768,ARG,DNK,7810
812520,9,64,1314,2002.0,0.0,223304.0,0.66447,-0.08317000000000001,ARM,DNK,7810
812521,13,64,1314,2002.0,0.0,19718.0,0.23995500000000003,-0.754877,ATG,DNK,7810
812522,14,64,1314,2002.0,21158.0,299638.0,-0.052462,0.759617,AUS,DNK,7810
812523,15,64,1314,2002.0,22522766.0,496787.0,1.866997,0.400527,AUT,DNK,7810
812524,16,64,1314,2002.0,0.0,528602.0,-0.566735,-1.003158,AZE,DNK,7810
812525,18,64,1314,2002.0,61416996.0,3810309.0,1.424339,1.372755,BEL,DNK,7810
812526,19,64,1314,2002.0,0.0,285300.0,-0.7683840000000001,-0.7984319999999999,BEN,DNK,7810
812527,21,64,1314,2002.0,0.0,40123.0,-0.5542590000000001,-0.5946060000000001,BFA,DNK,7810
812528,22,64,1314,2002.0,0.0,21715.0,-0.9509,-1.113308,BGD,DNK,7810
812529,23,64,1314,2002.0,0.0,28650.0,0.468058,1.644037,BGR,DNK,7810
812530,24,64,1314,2002.0,0.0,12888.0,-0.31754099999999996,-1.099381,BHR,DNK,7810
812531,25,64,1314,2002.0,0.0,15190.0,0.035127,-0.536416,BHS,DNK,7810
812532,26,64,1314,2002.0,0.0,836521.0,0.223543,0.44595100000000004,BIH,DNK,7810
812533,28,64,1314,2002.0,0.0,21834.0,0.865742,1.1823860000000002,BLR,DNK,7810
812534,29,64,1314,2002.0,0.0,18873.0,-0.553335,-0.753058,BLZ,DNK,7810
812535,31,64,1314,2002.0,0.0,32209.0,-0.785592,-0.6761119999999999,BOL,DNK,7810
812536,33,64,1314,2002.0,0.0,56256.0,0.547024,-0.004036,BRB,DNK,7810
812537,37,64,1314,2002.0,0.0,20995.0,-0.164526,-1.04616,BWA,DNK,7810
812538,39,64,1314,2002.0,294270.0,73908.0,0.9672360000000001,1.389981,CAN,DNK,7810
812539,41,64,1314,2002.0,482767.0,2157737.0,2.205507,0.831836,CHE,DNK,7810
812540,43,64,1314,2002.0,226704.0,140401.0,0.6181220000000001,1.9636759999999998,CHN,DNK,7810
812541,44,64,1314,2002.0,0.0,146639.0,-0.803739,-0.752218,CIV,DNK,7810
812542,45,64,1314,2002.0,0.0,187021.0,-1.188713,-1.109944,CMR,DNK,7810
812543,46,64,1314,2002.0,0.0,141421.0,-1.218664,-1.1406120000000002,COD,DNK,7810
812544,47,64,1314,2002.0,0.0,152501.0,-1.468836,-1.250484,COG,DNK,7810
812545,49,64,1314,2002.0,0.0,5015.0,0.219861,0.45238999999999996,COL,DNK,7810
812546,54,64,1314,2002.0,0.0,1660910.0,-0.896759,-1.079825,CUB,DNK,7810
812547,58,64,1314,2002.0,0.0,77729.0,0.332088,0.50441,CYP,DNK,7810
812548,59,64,1314,2002.0,60489684.0,245091.0,1.5835139999999999,0.9563010000000001,CZE,DNK,7810
812549,61,64,1314,2002.0,590849984.0,281385792.0,2.367856,-2.195331,DEU,DNK,7810
812550,62,64,1314,2002.0,0.0,121321.0,-0.03383,-0.014618,DJI,DNK,7810
812551,65,64,1314,2002.0,0.0,12449.0,-0.43339300000000003,-0.378827,DOM,DNK,7810
812552,66,64,1314,2002.0,0.0,493228.0,-0.9281389999999999,-1.19549,DZA,DNK,7810
812553,68,64,1314,2002.0,5137.0,34286.0,-0.37218,0.634319,EGY,DNK,7810
812554,69,64,1314,2002.0,0.0,119726.0,1.019399,0.23989899999999997,ERI,DNK,7810
812555,71,64,1314,2002.0,104235680.0,1238195.0,1.054108,1.9357349999999998,ESP,DNK,7810
812556,72,64,1314,2002.0,814544.0,532739.0,0.576142,1.168563,EST,DNK,7810
812557,73,64,1314,2002.0,0.0,284570.0,-1.289118,-1.0291540000000001,ETH,DNK,7810
812558,74,64,1314,2002.0,3312444.0,4487485.0,1.9545119999999998,1.047515,FIN,DNK,7810
812559,77,64,1314,2002.0,288996000.0,2495253.0,1.648526,0.6870430000000001,FRA,DNK,7810
812560,78,64,1314,2002.0,4838.0,16422241.0,-0.33811399999999997,-0.8092050000000001,FRO,DNK,7810
812561,80,64,1314,2002.0,0.0,6645.0,-1.34341,-1.238593,GAB,DNK,7810
812562,81,64,1314,2002.0,150622192.0,61382512.0,2.067395,0.7934359999999999,GBR,DNK,7810
812563,82,64,1314,2002.0,30489.0,893828.0,0.23526999999999998,-0.156333,GEO,DNK,7810
812564,83,64,1314,2002.0,0.0,1988406.0,-1.258567,-1.048266,GHA,DNK,7810
812565,85,64,1314,2002.0,0.0,565981.0,-1.684157,-1.256743,GIN,DNK,7810
812566,87,64,1314,2002.0,0.0,113286.0,0.266536,0.20776,GMB,DNK,7810
812567,88,64,1314,2002.0,0.0,47777.0,-0.30444099999999996,-0.815509,GNB,DNK,7810
812568,89,64,1314,2002.0,0.0,132057.0,-1.8647490000000002,-0.96145,GNQ,DNK,7810
812569,90,64,1314,2002.0,154923.0,141159.0,0.20355399999999998,1.4130200000000002,GRC,DNK,7810
812570,92,64,1314,2002.0,0.0,2707479.0,-0.514411,-0.87766,GRL,DNK,7810
812571,93,64,1314,2002.0,0.0,149958.0,-0.49913,-0.038079,GTM,DNK,7810
812572,97,64,1314,2002.0,0.0,32293.0,0.704932,1.291658,HKG,DNK,7810
812573,100,64,1314,2002.0,0.0,95992.0,0.603546,1.273001,HRV,DNK,7810
812574,101,64,1314,2002.0,0.0,54147.0,-0.837823,-0.834512,HTI,DNK,7810
812575,102,64,1314,2002.0,11472447.0,125751.0,1.232359,1.064425,HUN,DNK,7810
812576,103,64,1314,2002.0,0.0,4981.0,0.098182,1.7305840000000001,IDN,DNK,7810
812577,104,64,1314,2002.0,0.0,9082.0,0.32974000000000003,2.376477,IND,DNK,7810
812578,106,64,1314,2002.0,0.0,2594816.0,1.7939310000000002,0.219254,IRL,DNK,7810
812579,107,64,1314,2002.0,0.0,60976.0,-0.665259,-0.840274,IRN,DNK,7810
812580,108,64,1314,2002.0,0.0,37196.0,-1.008202,-0.9532209999999999,IRQ,DNK,7810
812581,109,64,1314,2002.0,0.0,2650393.0,0.17011700000000002,-0.33925500000000003,ISL,DNK,7810
812582,110,64,1314,2002.0,0.0,207913.0,1.257709,0.8318989999999999,ISR,DNK,7810
812583,111,64,1314,2002.0,53787428.0,1970038.0,1.3944219999999998,1.125362,ITA,DNK,7810
812584,112,64,1314,2002.0,0.0,17283.0,-0.459541,-0.947443,JAM,DNK,7810
812585,113,64,1314,2002.0,68169.0,91554.0,0.34023000000000003,0.264754,JOR,DNK,7810
812586,114,64,1314,2002.0,167803280.0,290501.0,2.7747580000000003,0.43663199999999996,JPN,DNK,7810
812587,115,64,1314,2002.0,0.0,945383.0,-0.100361,-0.502468,KAZ,DNK,7810
812588,116,64,1314,2002.0,0.0,135291.0,-0.59055,0.000731,KEN,DNK,7810
812589,118,64,1314,2002.0,0.0,33139.0,-0.8577629999999999,-1.071536,KHM,DNK,7810
812590,121,64,1314,2002.0,37633824.0,17891.0,1.4172719999999999,0.8763139999999999,KOR,DNK,7810
812591,122,64,1314,2002.0,0.0,1009.0,-0.794007,-1.192659,KWT,DNK,7810
812592,123,64,1314,2002.0,0.0,34754.0,-0.990957,-1.111048,LAO,DNK,7810
812593,124,64,1314,2002.0,7770.0,34916.0,0.220906,1.470297,LBN,DNK,7810
812594,125,64,1314,2002.0,0.0,481908.0,-0.683036,-1.158808,LBR,DNK,7810
812595,126,64,1314,2002.0,0.0,166545.0,-0.692769,-1.188682,LBY,DNK,7810
812596,128,64,1314,2002.0,0.0,24683.0,-0.461765,-0.057614,LKA,DNK,7810
812597,130,64,1314,2002.0,0.0,808486.0,0.15796,0.855931,LTU,DNK,7810
812598,131,64,1314,2002.0,60672.0,424286.0,1.396249,1.153017,LUX,DNK,7810
812599,132,64,1314,2002.0,0.0,355457.0,0.41409799999999997,0.6281680000000001,LVA,DNK,7810
812600,134,64,1314,2002.0,0.0,12601.0,-0.690226,-0.42557,MAR,DNK,7810
812601,135,64,1314,2002.0,0.0,1566.0,-0.017383000000000003,0.109124,MDA,DNK,7810
812602,136,64,1314,2002.0,0.0,28816.0,-1.109564,-0.642039,MDG,DNK,7810
812603,138,64,1314,2002.0,0.0,16873.0,1.2677129999999999,0.599314,MEX,DNK,7810
812604,140,64,1314,2002.0,0.0,57753.0,-0.027727999999999996,0.41846400000000006,MKD,DNK,7810
812605,142,64,1314,2002.0,0.0,19446.0,0.901235,-0.140261,MLT,DNK,7810
812606,145,64,1314,2002.0,0.0,34028.0,-0.711096,-0.9835799999999999,MNG,DNK,7810
812607,147,64,1314,2002.0,0.0,188890.0,-1.337891,-1.187073,MOZ,DNK,7810
812608,148,64,1314,2002.0,0.0,89829.0,-1.053061,-1.221967,MRT,DNK,7810
812609,152,64,1314,2002.0,0.0,131995.0,-1.431612,-1.234903,MWI,DNK,7810
812610,153,64,1314,2002.0,11215.0,0.0,0.9987159999999999,0.26558200000000004,MYS,DNK,7810
812611,155,64,1314,2002.0,0.0,123454.0,-0.137725,-0.361452,NAM,DNK,7810
812612,156,64,1314,2002.0,0.0,89183.0,-0.7477739999999999,-1.006248,NCL,DNK,7810
812613,157,64,1314,2002.0,0.0,28566.0,-0.562837,-0.333649,NER,DNK,7810
812614,159,64,1314,2002.0,0.0,184940.0,-1.705991,-1.292926,NGA,DNK,7810
812615,160,64,1314,2002.0,0.0,26597.0,-0.634946,-0.37966,NIC,DNK,7810
812616,162,64,1314,2002.0,53737220.0,1169346.0,1.175777,1.667472,NLD,DNK,7810
812617,163,64,1314,2002.0,1307668.0,36499028.0,0.689588,-0.007016,NOR,DNK,7810
812618,164,64,1314,2002.0,0.0,33628.0,-0.065582,0.464797,NPL,DNK,7810
812619,167,64,1314,2002.0,159024.0,9454.0,-1.307058,-1.270916,OMN,DNK,7810
812620,168,64,1314,2002.0,0.0,171688.0,-0.7574069999999999,-0.403427,PAK,DNK,7810
812621,169,64,1314,2002.0,222547.0,66241.0,0.085746,0.21839,PAN,DNK,7810
812622,173,64,1314,2002.0,0.0,29227.0,-0.456603,0.030838,PER,DNK,7810
812623,174,64,1314,2002.0,1603.0,15464.0,0.29601,-0.232513,PHL,DNK,7810
812624,177,64,1314,2002.0,1514557.0,1646162.0,0.9449299999999999,1.655764,POL,DNK,7810
812625,179,64,1314,2002.0,6832719.0,641840.0,0.584956,1.377068,PRT,DNK,7810
812626,180,64,1314,2002.0,0.0,36789.0,-0.733796,-0.9001530000000001,PRY,DNK,7810
812627,185,64,1314,2002.0,0.0,111344.0,0.549227,1.071998,ROU,DNK,7810
812628,186,64,1314,2002.0,821678.0,3752680.0,0.6051449999999999,0.272307,RUS,DNK,7810
812629,187,64,1314,2002.0,0.0,52749.0,-0.6278859999999999,-0.832391,RWA,DNK,7810
812630,188,64,1314,2002.0,0.0,131533.0,0.048764,-0.903125,SAU,DNK,7810
812631,189,64,1314,2002.0,0.0,1215836.0,0.523459,2.58657,SCG,DNK,7810
812632,190,64,1314,2002.0,0.0,24842.0,-1.336665,-1.19919,SDN,DNK,7810
812633,191,64,1314,2002.0,0.0,172911.0,-0.5424939999999999,-0.554531,SEN,DNK,7810
812634,192,64,1314,2002.0,0.0,76963.0,1.7077209999999998,0.683549,SGP,DNK,7810
812635,196,64,1314,2002.0,0.0,1026603.0,0.29478899999999997,0.055865,SLE,DNK,7810
812636,197,64,1314,2002.0,0.0,15774.0,-0.258579,-0.096214,SLV,DNK,7810
812637,199,64,1314,2002.0,0.0,25761.0,-0.145777,-0.512123,SOM,DNK,7810
812638,205,64,1314,2002.0,0.0,15659.0,-1.002898,-0.905595,SUR,DNK,7810
812639,206,64,1314,2002.0,5577834.0,1277480.0,1.269549,1.184774,SVK,DNK,7810
812640,207,64,1314,2002.0,0.0,42489.0,1.469681,1.13303,SVN,DNK,7810
812641,208,64,1314,2002.0,31649856.0,2291106.0,2.134,0.769413,SWE,DNK,7810
812642,209,64,1314,2002.0,0.0,12828.0,0.409355,-0.047221,SWZ,DNK,7810
812643,212,64,1314,2002.0,0.0,1011.0,-1.07007,-0.560769,SYR,DNK,7810
812644,214,64,1314,2002.0,0.0,1295263.0,-0.092619,-0.776712,TCD,DNK,7810
812645,215,64,1314,2002.0,0.0,68517.0,-0.688284,-0.5292789999999999,TGO,DNK,7810
812646,216,64,1314,2002.0,786948.0,299715.0,0.513887,1.545967,THA,DNK,7810
812647,217,64,1314,2002.0,0.0,127936.0,-0.8483510000000001,-1.09992,TJK,DNK,7810
812648,219,64,1314,2002.0,0.0,76581.0,-0.9178629999999999,-1.202212,TKM,DNK,7810
812649,223,64,1314,2002.0,0.0,43326.0,0.059876,0.369032,TUN,DNK,7810
812650,224,64,1314,2002.0,14542283.0,288250.0,0.12982,1.8032650000000001,TUR,DNK,7810
812651,226,64,1314,2002.0,0.0,303955.0,-1.234127,-0.421158,TZA,DNK,7810
812652,227,64,1314,2002.0,14701.0,185096.0,-1.262952,-0.903123,UGA,DNK,7810
812653,228,64,1314,2002.0,0.0,6450654.0,0.575372,1.131722,UKR,DNK,7810
812654,231,64,1314,2002.0,4759219.0,512895.0,1.853174,0.120986,USA,DNK,7810
812655,232,64,1314,2002.0,0.0,173943.0,-0.583861,-0.758266,UZB,DNK,7810
812656,236,64,1314,2002.0,0.0,11852.0,-0.008877,-0.753486,VEN,DNK,7810
812657,239,64,1314,2002.0,0.0,462541.0,-0.44170699999999996,0.544708,VNM,DNK,7810
812658,243,64,1314,2002.0,0.0,31214.0,-1.447637,-1.289748,YEM,DNK,7810
812659,246,64,1314,2002.0,178365.0,91239.0,0.32760500000000004,2.497746,ZAF,DNK,7810
812660,247,64,1314,2002.0,0.0,315219.0,-0.840258,-0.639474,ZMB,DNK,7810
812661,248,64,1314,2002.0,98927.0,61676.0,-0.36033000000000004,0.452182,ZWE,DNK,7810
812662,249,64,1314,2002.0,1073860.0,0.0,1.9084720000000002,1.253714,TWN,DNK,7810
812663,6,65,1314,2002.0,24919.0,0.0,0.145946,-0.704052,ANT,DOM,7810
812664,8,65,1314,2002.0,0.0,55311.0,0.045376,0.71768,ARG,DOM,7810
812665,14,65,1314,2002.0,158229.0,0.0,-0.052462,0.759617,AUS,DOM,7810
812666,15,65,1314,2002.0,65839.0,0.0,1.866997,0.400527,AUT,DOM,7810
812667,18,65,1314,2002.0,5618734.0,0.0,1.424339,1.372755,BEL,DOM,7810
812668,23,65,1314,2002.0,6500.0,0.0,0.468058,1.644037,BGR,DOM,7810
812669,25,65,1314,2002.0,15405.0,0.0,0.035127,-0.536416,BHS,DOM,7810
812670,31,65,1314,2002.0,14666.0,0.0,-0.785592,-0.6761119999999999,BOL,DOM,7810
812671,32,65,1314,2002.0,4154274.0,0.0,0.631343,1.249344,BRA,DOM,7810
812672,39,65,1314,2002.0,1058268.0,0.0,0.9672360000000001,1.389981,CAN,DOM,7810
812673,41,65,1314,2002.0,47429.0,0.0,2.205507,0.831836,CHE,DOM,7810
812674,42,65,1314,2002.0,32181.0,0.0,-0.079201,-0.11449200000000001,CHL,DOM,7810
812675,43,65,1314,2002.0,111687.0,0.0,0.6181220000000001,1.9636759999999998,CHN,DOM,7810
812676,52,65,1314,2002.0,166333.0,1083.0,0.083983,-0.096237,CRI,DOM,7810
812677,54,65,1314,2002.0,148066.0,50611.0,-0.896759,-1.079825,CUB,DOM,7810
812678,59,65,1314,2002.0,13813275.0,0.0,1.5835139999999999,0.9563010000000001,CZE,DOM,7810
812679,61,65,1314,2002.0,25909022.0,67733.0,2.367856,-2.195331,DEU,DOM,7810
812680,64,65,1314,2002.0,12449.0,0.0,1.344708,1.321135,DNK,DOM,7810
812681,67,65,1314,2002.0,29976.0,40114.0,-0.973858,-0.8924979999999999,ECU,DOM,7810
812682,71,65,1314,2002.0,11834679.0,1674.0,1.054108,1.9357349999999998,ESP,DOM,7810
812683,77,65,1314,2002.0,2817288.0,0.0,1.648526,0.6870430000000001,FRA,DOM,7810
812684,81,65,1314,2002.0,4196478.0,0.0,2.067395,0.7934359999999999,GBR,DOM,7810
812685,93,65,1314,2002.0,46947.0,240102.0,-0.49913,-0.038079,GTM,DOM,7810
812686,97,65,1314,2002.0,293617.0,0.0,0.704932,1.291658,HKG,DOM,7810
812687,99,65,1314,2002.0,40896.0,3183.0,-0.637891,-0.564421,HND,DOM,7810
812688,101,65,1314,2002.0,78313.0,0.0,-0.837823,-0.834512,HTI,DOM,7810
812689,104,65,1314,2002.0,111804.0,0.0,0.32974000000000003,2.376477,IND,DOM,7810
812690,111,65,1314,2002.0,250285.0,13984.0,1.3944219999999998,1.125362,ITA,DOM,7810
812691,112,65,1314,2002.0,7713.0,0.0,-0.459541,-0.947443,JAM,DOM,7810
812692,114,65,1314,2002.0,98293304.0,0.0,2.7747580000000003,0.43663199999999996,JPN,DOM,7810
812693,121,65,1314,2002.0,10875250.0,0.0,1.4172719999999999,0.8763139999999999,KOR,DOM,7810
812694,138,65,1314,2002.0,15768909.0,0.0,1.2677129999999999,0.599314,MEX,DOM,7810
812695,162,65,1314,2002.0,53203.0,0.0,1.175777,1.667472,NLD,DOM,7810
812696,169,65,1314,2002.0,350458.0,0.0,0.085746,0.21839,PAN,DOM,7810
812697,173,65,1314,2002.0,95643.0,0.0,-0.456603,0.030838,PER,DOM,7810
812698,197,65,1314,2002.0,59465.0,0.0,-0.258579,-0.096214,SLV,DOM,7810
812699,208,65,1314,2002.0,67753.0,0.0,2.134,0.769413,SWE,DOM,7810
812700,231,65,1314,2002.0,69558248.0,951862.0,1.853174,0.120986,USA,DOM,7810
812701,236,65,1314,2002.0,157676.0,61790.0,-0.008877,-0.753486,VEN,DOM,7810
812702,249,65,1314,2002.0,364643.0,0.0,1.9084720000000002,1.253714,TWN,DOM,7810
812703,250,65,1314,2002.0,7138202.0,0.0,0.5979300000000001,-0.497816,ANS,DOM,7810
812704,8,67,1314,2002.0,1890342.0,23731.0,0.045376,0.71768,ARG,ECU,7810
812705,14,67,1314,2002.0,14126.0,0.0,-0.052462,0.759617,AUS,ECU,7810
812706,15,67,1314,2002.0,106569.0,0.0,1.866997,0.400527,AUT,ECU,7810
812707,18,67,1314,2002.0,1851727.0,0.0,1.424339,1.372755,BEL,ECU,7810
812708,25,67,1314,2002.0,0.0,7216.0,0.035127,-0.536416,BHS,ECU,7810
812709,31,67,1314,2002.0,20426.0,55242.0,-0.785592,-0.6761119999999999,BOL,ECU,7810
812710,32,67,1314,2002.0,80745288.0,0.0,0.631343,1.249344,BRA,ECU,7810
812711,39,67,1314,2002.0,217948.0,0.0,0.9672360000000001,1.389981,CAN,ECU,7810
812712,40,67,1314,2002.0,1049325.0,0.0,0.8486940000000001,-0.49132200000000004,CCK,ECU,7810
812713,41,67,1314,2002.0,13310.0,0.0,2.205507,0.831836,CHE,ECU,7810
812714,42,67,1314,2002.0,111449.0,0.0,-0.079201,-0.11449200000000001,CHL,ECU,7810
812715,43,67,1314,2002.0,66494.0,0.0,0.6181220000000001,1.9636759999999998,CHN,ECU,7810
812716,49,67,1314,2002.0,74178480.0,37934216.0,0.219861,0.45238999999999996,COL,ECU,7810
812717,52,67,1314,2002.0,45279.0,0.0,0.083983,-0.096237,CRI,ECU,7810
812718,54,67,1314,2002.0,18115.0,0.0,-0.896759,-1.079825,CUB,ECU,7810
812719,59,67,1314,2002.0,7929856.0,0.0,1.5835139999999999,0.9563010000000001,CZE,ECU,7810
812720,61,67,1314,2002.0,11466763.0,0.0,2.367856,-2.195331,DEU,ECU,7810
812721,65,67,1314,2002.0,40114.0,29976.0,-0.43339300000000003,-0.378827,DOM,ECU,7810
812722,71,67,1314,2002.0,159245.0,3808.0,1.054108,1.9357349999999998,ESP,ECU,7810
812723,77,67,1314,2002.0,3662644.0,10477.0,1.648526,0.6870430000000001,FRA,ECU,7810
812724,81,67,1314,2002.0,702442.0,11992.0,2.067395,0.7934359999999999,GBR,ECU,7810
812725,97,67,1314,2002.0,60725.0,0.0,0.704932,1.291658,HKG,ECU,7810
812726,102,67,1314,2002.0,16767.0,0.0,1.232359,1.064425,HUN,ECU,7810
812727,104,67,1314,2002.0,1414538.0,0.0,0.32974000000000003,2.376477,IND,ECU,7810
812728,110,67,1314,2002.0,19277.0,0.0,1.257709,0.8318989999999999,ISR,ECU,7810
812729,111,67,1314,2002.0,577697.0,0.0,1.3944219999999998,1.125362,ITA,ECU,7810
812730,114,67,1314,2002.0,110454984.0,0.0,2.7747580000000003,0.43663199999999996,JPN,ECU,7810
812731,121,67,1314,2002.0,52986404.0,0.0,1.4172719999999999,0.8763139999999999,KOR,ECU,7810
812732,138,67,1314,2002.0,16391854.0,6519.0,1.2677129999999999,0.599314,MEX,ECU,7810
812733,160,67,1314,2002.0,65087.0,0.0,-0.634946,-0.37966,NIC,ECU,7810
812734,162,67,1314,2002.0,19226.0,0.0,1.175777,1.667472,NLD,ECU,7810
812735,169,67,1314,2002.0,338549.0,0.0,0.085746,0.21839,PAN,ECU,7810
812736,173,67,1314,2002.0,168560.0,18814.0,-0.456603,0.030838,PER,ECU,7810
812737,179,67,1314,2002.0,0.0,6118.0,0.584956,1.377068,PRT,ECU,7810
812738,180,67,1314,2002.0,14310.0,0.0,-0.733796,-0.9001530000000001,PRY,ECU,7810
812739,185,67,1314,2002.0,103871.0,0.0,0.549227,1.071998,ROU,ECU,7810
812740,186,67,1314,2002.0,1050430.0,0.0,0.6051449999999999,0.272307,RUS,ECU,7810
812741,190,67,1314,2002.0,0.0,7979.0,-1.336665,-1.19919,SDN,ECU,7810
812742,197,67,1314,2002.0,2809.0,0.0,-0.258579,-0.096214,SLV,ECU,7810
812743,207,67,1314,2002.0,14237.0,0.0,1.469681,1.13303,SVN,ECU,7810
812744,208,67,1314,2002.0,27441.0,0.0,2.134,0.769413,SWE,ECU,7810
812745,216,67,1314,2002.0,11573.0,0.0,0.513887,1.545967,THA,ECU,7810
812746,226,67,1314,2002.0,0.0,70070.0,-1.234127,-0.421158,TZA,ECU,7810
812747,230,67,1314,2002.0,426294.0,0.0,0.048498,0.118565,URY,ECU,7810
812748,231,67,1314,2002.0,7820322.0,589396.0,1.853174,0.120986,USA,ECU,7810
812749,236,67,1314,2002.0,17780020.0,5939292.0,-0.008877,-0.753486,VEN,ECU,7810
812750,249,67,1314,2002.0,58058.0,0.0,1.9084720000000002,1.253714,TWN,ECU,7810
812751,250,67,1314,2002.0,12591021.0,0.0,0.5979300000000001,-0.497816,ANS,ECU,7810
812752,0,71,1314,2002.0,0.0,403186.0,0.27076100000000003,-0.858951,ABW,ESP,7810
812753,2,71,1314,2002.0,0.0,4157474.0,-1.8043639999999999,-1.250642,AGO,ESP,7810
812754,4,71,1314,2002.0,2010.0,311350.0,-0.05800399999999999,0.042254,ALB,ESP,7810
812755,5,71,1314,2002.0,1607269.0,52532332.0,1.3229389999999999,0.9635950000000001,AND,ESP,7810
812756,6,71,1314,2002.0,3468.0,1464114.0,0.145946,-0.704052,ANT,ESP,7810
812757,7,71,1314,2002.0,36679.0,27128170.0,-0.288838,-0.640049,ARE,ESP,7810
812758,8,71,1314,2002.0,743693.0,543211.0,0.045376,0.71768,ARG,ESP,7810
812759,9,71,1314,2002.0,0.0,19952.0,0.66447,-0.08317000000000001,ARM,ESP,7810
812760,13,71,1314,2002.0,0.0,132997.0,0.23995500000000003,-0.754877,ATG,ESP,7810
812761,14,71,1314,2002.0,22029.0,92010224.0,-0.052462,0.759617,AUS,ESP,7810
812762,15,71,1314,2002.0,157931504.0,210105056.0,1.866997,0.400527,AUT,ESP,7810
812763,16,71,1314,2002.0,0.0,38950.0,-0.566735,-1.003158,AZE,ESP,7810
812764,17,71,1314,2002.0,0.0,72653.0,-0.399212,-0.67657,BDI,ESP,7810
812765,18,71,1314,2002.0,1060097088.0,454675456.0,1.424339,1.372755,BEL,ESP,7810
812766,19,71,1314,2002.0,0.0,641419.0,-0.7683840000000001,-0.7984319999999999,BEN,ESP,7810
812767,21,71,1314,2002.0,0.0,62740.0,-0.5542590000000001,-0.5946060000000001,BFA,ESP,7810
812768,22,71,1314,2002.0,0.0,36898.0,-0.9509,-1.113308,BGD,ESP,7810
812769,23,71,1314,2002.0,21424.0,3579928.0,0.468058,1.644037,BGR,ESP,7810
812770,24,71,1314,2002.0,19347.0,2555822.0,-0.31754099999999996,-1.099381,BHR,ESP,7810
812771,25,71,1314,2002.0,0.0,7144.0,0.035127,-0.536416,BHS,ESP,7810
812772,26,71,1314,2002.0,6126.0,4919422.0,0.223543,0.44595100000000004,BIH,ESP,7810
812773,28,71,1314,2002.0,3481.0,55252.0,0.865742,1.1823860000000002,BLR,ESP,7810
812774,30,71,1314,2002.0,0.0,1043550.0,0.934739,-0.465542,BMU,ESP,7810
812775,31,71,1314,2002.0,0.0,1285352.0,-0.785592,-0.6761119999999999,BOL,ESP,7810
812776,32,71,1314,2002.0,211843.0,647422.0,0.631343,1.249344,BRA,ESP,7810
812777,33,71,1314,2002.0,0.0,909492.0,0.547024,-0.004036,BRB,ESP,7810
812778,34,71,1314,2002.0,0.0,778935.0,-1.359507,-1.084339,BRN,ESP,7810
812779,39,71,1314,2002.0,3244269.0,46759.0,0.9672360000000001,1.389981,CAN,ESP,7810
812780,41,71,1314,2002.0,1613774.0,165333072.0,2.205507,0.831836,CHE,ESP,7810
812781,42,71,1314,2002.0,155287.0,7692914.0,-0.079201,-0.11449200000000001,CHL,ESP,7810
812782,43,71,1314,2002.0,263256.0,32151772.0,0.6181220000000001,1.9636759999999998,CHN,ESP,7810
812783,44,71,1314,2002.0,41338.0,1308230.0,-0.803739,-0.752218,CIV,ESP,7810
812784,45,71,1314,2002.0,0.0,1186105.0,-1.188713,-1.109944,CMR,ESP,7810
812785,46,71,1314,2002.0,0.0,26150.0,-1.218664,-1.1406120000000002,COD,ESP,7810
812786,47,71,1314,2002.0,0.0,398784.0,-1.468836,-1.250484,COG,ESP,7810
812787,49,71,1314,2002.0,16957.0,983229.0,0.219861,0.45238999999999996,COL,ESP,7810
812788,51,71,1314,2002.0,0.0,856370.0,-0.315184,-0.660522,CPV,ESP,7810
812789,52,71,1314,2002.0,6712.0,431223.0,0.083983,-0.096237,CRI,ESP,7810
812790,54,71,1314,2002.0,33799.0,5205200.0,-0.896759,-1.079825,CUB,ESP,7810
812791,57,71,1314,2002.0,0.0,116740.0,0.570589,-0.692583,CYM,ESP,7810
812792,58,71,1314,2002.0,69404.0,27309008.0,0.332088,0.50441,CYP,ESP,7810
812793,59,71,1314,2002.0,152914672.0,64761676.0,1.5835139999999999,0.9563010000000001,CZE,ESP,7810
812794,61,71,1314,2002.0,3884609024.0,1981951744.0,2.367856,-2.195331,DEU,ESP,7810
812795,62,71,1314,2002.0,0.0,421637.0,-0.03383,-0.014618,DJI,ESP,7810
812796,64,71,1314,2002.0,1238195.0,104235680.0,1.344708,1.321135,DNK,ESP,7810
812797,65,71,1314,2002.0,1674.0,11834679.0,-0.43339300000000003,-0.378827,DOM,ESP,7810
812798,66,71,1314,2002.0,17174.0,46254952.0,-0.9281389999999999,-1.19549,DZA,ESP,7810
812799,67,71,1314,2002.0,3808.0,159245.0,-0.973858,-0.8924979999999999,ECU,ESP,7810
812800,68,71,1314,2002.0,0.0,4782908.0,-0.37218,0.634319,EGY,ESP,7810
812801,69,71,1314,2002.0,0.0,72795.0,1.019399,0.23989899999999997,ERI,ESP,7810
812802,72,71,1314,2002.0,12586625.0,4132996.0,0.576142,1.168563,EST,ESP,7810
812803,73,71,1314,2002.0,0.0,102280.0,-1.289118,-1.0291540000000001,ETH,ESP,7810
812804,74,71,1314,2002.0,2838904.0,47125732.0,1.9545119999999998,1.047515,FIN,ESP,7810
812805,75,71,1314,2002.0,0.0,25331.0,-0.788026,-0.432015,FJI,ESP,7810
812806,77,71,1314,2002.0,4048337664.0,4973452800.0,1.648526,0.6870430000000001,FRA,ESP,7810
812807,78,71,1314,2002.0,0.0,197446.0,-0.33811399999999997,-0.8092050000000001,FRO,ESP,7810
812808,80,71,1314,2002.0,0.0,1273266.0,-1.34341,-1.238593,GAB,ESP,7810
812809,81,71,1314,2002.0,883877632.0,3066197760.0,2.067395,0.7934359999999999,GBR,ESP,7810
812810,82,71,1314,2002.0,9347.0,118570.0,0.23526999999999998,-0.156333,GEO,ESP,7810
812811,83,71,1314,2002.0,0.0,3419073.0,-1.258567,-1.048266,GHA,ESP,7810
812812,84,71,1314,2002.0,271983.0,7355718.0,0.404483,-0.313042,GIB,ESP,7810
812813,85,71,1314,2002.0,0.0,795672.0,-1.684157,-1.256743,GIN,ESP,7810
812814,87,71,1314,2002.0,0.0,278567.0,0.266536,0.20776,GMB,ESP,7810
812815,88,71,1314,2002.0,0.0,180219.0,-0.30444099999999996,-0.815509,GNB,ESP,7810
812816,89,71,1314,2002.0,0.0,2633642.0,-1.8647490000000002,-0.96145,GNQ,ESP,7810
812817,90,71,1314,2002.0,0.0,390930496.0,0.20355399999999998,1.4130200000000002,GRC,ESP,7810
812818,91,71,1314,2002.0,0.0,7999.0,0.822523,0.032938999999999996,GRD,ESP,7810
812819,93,71,1314,2002.0,7459.0,1896917.0,-0.49913,-0.038079,GTM,ESP,7810
812820,97,71,1314,2002.0,3956.0,2358682.0,0.704932,1.291658,HKG,ESP,7810
812821,99,71,1314,2002.0,0.0,473482.0,-0.637891,-0.564421,HND,ESP,7810
812822,100,71,1314,2002.0,19744.0,50188660.0,0.603546,1.273001,HRV,ESP,7810
812823,101,71,1314,2002.0,0.0,47853.0,-0.837823,-0.834512,HTI,ESP,7810
812824,102,71,1314,2002.0,9105648.0,132900288.0,1.232359,1.064425,HUN,ESP,7810
812825,103,71,1314,2002.0,0.0,58945.0,0.098182,1.7305840000000001,IDN,ESP,7810
812826,104,71,1314,2002.0,13648694.0,55877.0,0.32974000000000003,2.376477,IND,ESP,7810
812827,106,71,1314,2002.0,294786.0,182943232.0,1.7939310000000002,0.219254,IRL,ESP,7810
812828,107,71,1314,2002.0,0.0,10550.0,-0.665259,-0.840274,IRN,ESP,7810
812829,109,71,1314,2002.0,0.0,1701124.0,0.17011700000000002,-0.33925500000000003,ISL,ESP,7810
812830,110,71,1314,2002.0,352460.0,150659168.0,1.257709,0.8318989999999999,ISR,ESP,7810
812831,111,71,1314,2002.0,542804864.0,2654381056.0,1.3944219999999998,1.125362,ITA,ESP,7810
812832,112,71,1314,2002.0,18311.0,251484.0,-0.459541,-0.947443,JAM,ESP,7810
812833,113,71,1314,2002.0,0.0,1485076.0,0.34023000000000003,0.264754,JOR,ESP,7810
812834,114,71,1314,2002.0,556756800.0,51850828.0,2.7747580000000003,0.43663199999999996,JPN,ESP,7810
812835,115,71,1314,2002.0,0.0,77792.0,-0.100361,-0.502468,KAZ,ESP,7810
812836,116,71,1314,2002.0,0.0,729026.0,-0.59055,0.000731,KEN,ESP,7810
812837,117,71,1314,2002.0,0.0,17661.0,-0.094898,0.235639,KGZ,ESP,7810
812838,118,71,1314,2002.0,0.0,17261.0,-0.8577629999999999,-1.071536,KHM,ESP,7810
812839,120,71,1314,2002.0,0.0,75774.0,0.757789,-0.2968,KNA,ESP,7810
812840,121,71,1314,2002.0,397404672.0,32383.0,1.4172719999999999,0.8763139999999999,KOR,ESP,7810
812841,122,71,1314,2002.0,0.0,13404059.0,-0.794007,-1.192659,KWT,ESP,7810
812842,124,71,1314,2002.0,22023.0,6653697.0,0.220906,1.470297,LBN,ESP,7810
812843,126,71,1314,2002.0,0.0,1499207.0,-0.692769,-1.188682,LBY,ESP,7810
812844,127,71,1314,2002.0,0.0,72639.0,0.261861,-0.36480999999999997,LCA,ESP,7810
812845,128,71,1314,2002.0,0.0,16771.0,-0.461765,-0.057614,LKA,ESP,7810
812846,130,71,1314,2002.0,53368.0,2326253.0,0.15796,0.855931,LTU,ESP,7810
812847,131,71,1314,2002.0,1307884.0,32085128.0,1.396249,1.153017,LUX,ESP,7810
812848,132,71,1314,2002.0,607517.0,272503.0,0.41409799999999997,0.6281680000000001,LVA,ESP,7810
812849,133,71,1314,2002.0,0.0,179764.0,0.005082,-0.328658,MAC,ESP,7810
812850,134,71,1314,2002.0,111347.0,53599068.0,-0.690226,-0.42557,MAR,ESP,7810
812851,135,71,1314,2002.0,7203.0,46451.0,-0.017383000000000003,0.109124,MDA,ESP,7810
812852,136,71,1314,2002.0,0.0,423452.0,-1.109564,-0.642039,MDG,ESP,7810
812853,138,71,1314,2002.0,3029298.0,275443456.0,1.2677129999999999,0.599314,MEX,ESP,7810
812854,140,71,1314,2002.0,12583.0,2572922.0,-0.027727999999999996,0.41846400000000006,MKD,ESP,7810
812855,141,71,1314,2002.0,0.0,213867.0,-0.786698,-0.682438,MLI,ESP,7810
812856,142,71,1314,2002.0,0.0,13427825.0,0.901235,-0.140261,MLT,ESP,7810
812857,147,71,1314,2002.0,0.0,85137.0,-1.337891,-1.187073,MOZ,ESP,7810
812858,148,71,1314,2002.0,28775.0,1914139.0,-1.053061,-1.221967,MRT,ESP,7810
812859,151,71,1314,2002.0,0.0,674862.0,-0.382062,-0.379224,MUS,ESP,7810
812860,152,71,1314,2002.0,0.0,186443.0,-1.431612,-1.234903,MWI,ESP,7810
812861,153,71,1314,2002.0,324436.0,28726.0,0.9987159999999999,0.26558200000000004,MYS,ESP,7810
812862,154,71,1314,2002.0,0.0,796403.0,0.752173,-0.5639,MYT,ESP,7810
812863,155,71,1314,2002.0,0.0,35179.0,-0.137725,-0.361452,NAM,ESP,7810
812864,156,71,1314,2002.0,0.0,6632108.0,-0.7477739999999999,-1.006248,NCL,ESP,7810
812865,157,71,1314,2002.0,0.0,37215.0,-0.562837,-0.333649,NER,ESP,7810
812866,159,71,1314,2002.0,0.0,2207384.0,-1.705991,-1.292926,NGA,ESP,7810
812867,160,71,1314,2002.0,21639.0,222223.0,-0.634946,-0.37966,NIC,ESP,7810
812868,162,71,1314,2002.0,87370344.0,501879104.0,1.175777,1.667472,NLD,ESP,7810
812869,163,71,1314,2002.0,667319.0,38231472.0,0.689588,-0.007016,NOR,ESP,7810
812870,164,71,1314,2002.0,0.0,27832.0,-0.065582,0.464797,NPL,ESP,7810
812871,166,71,1314,2002.0,0.0,4571716.0,0.370673,0.7853829999999999,NZL,ESP,7810
812872,167,71,1314,2002.0,14117.0,3118156.0,-1.307058,-1.270916,OMN,ESP,7810
812873,168,71,1314,2002.0,4260.0,0.0,-0.7574069999999999,-0.403427,PAK,ESP,7810
812874,169,71,1314,2002.0,67696.0,312279.0,0.085746,0.21839,PAN,ESP,7810
812875,173,71,1314,2002.0,19718.0,839351.0,-0.456603,0.030838,PER,ESP,7810
812876,174,71,1314,2002.0,23024.0,21655.0,0.29601,-0.232513,PHL,ESP,7810
812877,176,71,1314,2002.0,0.0,80070.0,-1.430299,-1.172593,PNG,ESP,7810
812878,177,71,1314,2002.0,26657676.0,190338480.0,0.9449299999999999,1.655764,POL,ESP,7810
812879,178,71,1314,2002.0,23388.0,5334.0,0.629678,1.0153780000000001,PRK,ESP,7810
812880,179,71,1314,2002.0,220939360.0,687815680.0,0.584956,1.377068,PRT,ESP,7810
812881,180,71,1314,2002.0,34807.0,491271.0,-0.733796,-0.9001530000000001,PRY,ESP,7810
812882,181,71,1314,2002.0,0.0,124571.0,0.6237199999999999,-0.007998,PSE,ESP,7810
812883,182,71,1314,2002.0,0.0,2409906.0,-0.363179,-0.8967450000000001,PYF,ESP,7810
812884,183,71,1314,2002.0,0.0,2916552.0,-0.002177,-1.042517,QAT,ESP,7810
812885,185,71,1314,2002.0,24795.0,13222438.0,0.549227,1.071998,ROU,ESP,7810
812886,186,71,1314,2002.0,850024.0,10972278.0,0.6051449999999999,0.272307,RUS,ESP,7810
812887,187,71,1314,2002.0,0.0,86724.0,-0.6278859999999999,-0.832391,RWA,ESP,7810
812888,188,71,1314,2002.0,415992.0,15269128.0,0.048764,-0.903125,SAU,ESP,7810
812889,189,71,1314,2002.0,22038.0,4865960.0,0.523459,2.58657,SCG,ESP,7810
812890,190,71,1314,2002.0,0.0,636152.0,-1.336665,-1.19919,SDN,ESP,7810
812891,191,71,1314,2002.0,5285.0,1088597.0,-0.5424939999999999,-0.554531,SEN,ESP,7810
812892,192,71,1314,2002.0,0.0,8223425.0,1.7077209999999998,0.683549,SGP,ESP,7810
812893,196,71,1314,2002.0,0.0,600706.0,0.29478899999999997,0.055865,SLE,ESP,7810
812894,197,71,1314,2002.0,0.0,546530.0,-0.258579,-0.096214,SLV,ESP,7810
812895,198,71,1314,2002.0,4251.0,64821.0,1.342892,0.48520100000000005,SMR,ESP,7810
812896,203,71,1314,2002.0,0.0,258368.0,0.767305,-0.0836,STP,ESP,7810
812897,206,71,1314,2002.0,9153064.0,36383256.0,1.269549,1.184774,SVK,ESP,7810
812898,207,71,1314,2002.0,342052.0,57816840.0,1.469681,1.13303,SVN,ESP,7810
812899,208,71,1314,2002.0,93380672.0,64565312.0,2.134,0.769413,SWE,ESP,7810
812900,209,71,1314,2002.0,1375.0,0.0,0.409355,-0.047221,SWZ,ESP,7810
812901,211,71,1314,2002.0,0.0,314032.0,-0.8837229999999999,-0.975607,SYC,ESP,7810
812902,212,71,1314,2002.0,0.0,168850.0,-1.07007,-0.560769,SYR,ESP,7810
812903,214,71,1314,2002.0,0.0,292042.0,-0.092619,-0.776712,TCD,ESP,7810
812904,215,71,1314,2002.0,0.0,19875.0,-0.688284,-0.5292789999999999,TGO,ESP,7810
812905,216,71,1314,2002.0,481777.0,320457.0,0.513887,1.545967,THA,ESP,7810
812906,222,71,1314,2002.0,0.0,929552.0,-0.056315,-0.803537,TTO,ESP,7810
812907,223,71,1314,2002.0,71518.0,34063712.0,0.059876,0.369032,TUN,ESP,7810
812908,224,71,1314,2002.0,29967894.0,105505096.0,0.12982,1.8032650000000001,TUR,ESP,7810
812909,226,71,1314,2002.0,0.0,335089.0,-1.234127,-0.421158,TZA,ESP,7810
812910,227,71,1314,2002.0,0.0,786418.0,-1.262952,-0.903123,UGA,ESP,7810
812911,228,71,1314,2002.0,3283.0,7041255.0,0.575372,1.131722,UKR,ESP,7810
812912,230,71,1314,2002.0,94146.0,207445.0,0.048498,0.118565,URY,ESP,7810
812913,231,71,1314,2002.0,45280128.0,1106704.0,1.853174,0.120986,USA,ESP,7810
812914,236,71,1314,2002.0,87539.0,31852718.0,-0.008877,-0.753486,VEN,ESP,7810
812915,237,71,1314,2002.0,0.0,41121.0,0.6891930000000001,-0.27620500000000003,VGB,ESP,7810
812916,239,71,1314,2002.0,0.0,256015.0,-0.44170699999999996,0.544708,VNM,ESP,7810
812917,243,71,1314,2002.0,0.0,28093.0,-1.447637,-1.289748,YEM,ESP,7810
812918,246,71,1314,2002.0,27478.0,29264754.0,0.32760500000000004,2.497746,ZAF,ESP,7810
812919,247,71,1314,2002.0,0.0,1020175.0,-0.840258,-0.639474,ZMB,ESP,7810
812920,248,71,1314,2002.0,0.0,151304.0,-0.36033000000000004,0.452182,ZWE,ESP,7810
812921,249,71,1314,2002.0,3985961.0,12964982.0,1.9084720000000002,1.253714,TWN,ESP,7810
812922,1,77,1314,2002.0,0.0,39741.0,-0.11885899999999999,-0.346093,AFG,FRA,7810
812923,2,77,1314,2002.0,1551.0,1932573.0,-1.8043639999999999,-1.250642,AGO,FRA,7810
812924,3,77,1314,2002.0,22223.0,25360.0,1.822725,0.45911899999999994,AIA,FRA,7810
812925,4,77,1314,2002.0,233676.0,49432.0,-0.05800399999999999,0.042254,ALB,FRA,7810
812926,5,77,1314,2002.0,7998033.0,26053052.0,1.3229389999999999,0.9635950000000001,AND,FRA,7810
812927,6,77,1314,2002.0,0.0,438927.0,0.145946,-0.704052,ANT,FRA,7810
812928,7,77,1314,2002.0,1230500.0,13364524.0,-0.288838,-0.640049,ARE,FRA,7810
812929,8,77,1314,2002.0,171142.0,6233840.0,0.045376,0.71768,ARG,FRA,7810
812930,9,77,1314,2002.0,23083.0,403893.0,0.66447,-0.08317000000000001,ARM,FRA,7810
812931,10,77,1314,2002.0,0.0,15149.0,1.002446,0.17447200000000002,ASM,FRA,7810
812932,14,77,1314,2002.0,247532.0,120768976.0,-0.052462,0.759617,AUS,FRA,7810
812933,15,77,1314,2002.0,165569440.0,438680352.0,1.866997,0.400527,AUT,FRA,7810
812934,16,77,1314,2002.0,0.0,1460938.0,-0.566735,-1.003158,AZE,FRA,7810
812935,17,77,1314,2002.0,0.0,23180.0,-0.399212,-0.67657,BDI,FRA,7810
812936,18,77,1314,2002.0,1363573120.0,1798800256.0,1.424339,1.372755,BEL,FRA,7810
812937,19,77,1314,2002.0,9192.0,3889536.0,-0.7683840000000001,-0.7984319999999999,BEN,FRA,7810
812938,21,77,1314,2002.0,86408.0,2364042.0,-0.5542590000000001,-0.5946060000000001,BFA,FRA,7810
812939,22,77,1314,2002.0,0.0,39565.0,-0.9509,-1.113308,BGD,FRA,7810
812940,23,77,1314,2002.0,11769.0,28399568.0,0.468058,1.644037,BGR,FRA,7810
812941,24,77,1314,2002.0,32085.0,1176762.0,-0.31754099999999996,-1.099381,BHR,FRA,7810
812942,25,77,1314,2002.0,16301.0,62912.0,0.035127,-0.536416,BHS,FRA,7810
812943,26,77,1314,2002.0,0.0,4004737.0,0.223543,0.44595100000000004,BIH,FRA,7810
812944,28,77,1314,2002.0,9558.0,3926768.0,0.865742,1.1823860000000002,BLR,FRA,7810
812945,29,77,1314,2002.0,0.0,4987.0,-0.553335,-0.753058,BLZ,FRA,7810
812946,30,77,1314,2002.0,0.0,4178807.0,0.934739,-0.465542,BMU,FRA,7810
812947,31,77,1314,2002.0,0.0,348010.0,-0.785592,-0.6761119999999999,BOL,FRA,7810
812948,32,77,1314,2002.0,2372135.0,33746736.0,0.631343,1.249344,BRA,FRA,7810
812949,33,77,1314,2002.0,0.0,491904.0,0.547024,-0.004036,BRB,FRA,7810
812950,34,77,1314,2002.0,0.0,922045.0,-1.359507,-1.084339,BRN,FRA,7810
812951,37,77,1314,2002.0,0.0,2665872.0,-0.164526,-1.04616,BWA,FRA,7810
812952,38,77,1314,2002.0,28728.0,354405.0,-0.698235,-0.905799,CAF,FRA,7810
812953,39,77,1314,2002.0,6137234.0,767674.0,0.9672360000000001,1.389981,CAN,FRA,7810
812954,41,77,1314,2002.0,12877211.0,564295808.0,2.205507,0.831836,CHE,FRA,7810
812955,42,77,1314,2002.0,14764.0,99461072.0,-0.079201,-0.11449200000000001,CHL,FRA,7810
812956,43,77,1314,2002.0,1230797.0,46228200.0,0.6181220000000001,1.9636759999999998,CHN,FRA,7810
812957,44,77,1314,2002.0,277607.0,21656034.0,-0.803739,-0.752218,CIV,FRA,7810
812958,45,77,1314,2002.0,174517.0,9380414.0,-1.188713,-1.109944,CMR,FRA,7810
812959,46,77,1314,2002.0,26266.0,853223.0,-1.218664,-1.1406120000000002,COD,FRA,7810
812960,47,77,1314,2002.0,26665.0,5071616.0,-1.468836,-1.250484,COG,FRA,7810
812961,49,77,1314,2002.0,19824.0,15082615.0,0.219861,0.45238999999999996,COL,FRA,7810
812962,50,77,1314,2002.0,4008.0,5551807.0,-0.634921,-0.9792120000000001,COM,FRA,7810
812963,51,77,1314,2002.0,4049.0,711954.0,-0.315184,-0.660522,CPV,FRA,7810
812964,52,77,1314,2002.0,82976.0,10138453.0,0.083983,-0.096237,CRI,FRA,7810
812965,54,77,1314,2002.0,0.0,5731440.0,-0.896759,-1.079825,CUB,FRA,7810
812966,58,77,1314,2002.0,62419.0,54736076.0,0.332088,0.50441,CYP,FRA,7810
812967,59,77,1314,2002.0,177412496.0,155029632.0,1.5835139999999999,0.9563010000000001,CZE,FRA,7810
812968,61,77,1314,2002.0,5568387072.0,3668414208.0,2.367856,-2.195331,DEU,FRA,7810
812969,62,77,1314,2002.0,28561.0,912642.0,-0.03383,-0.014618,DJI,FRA,7810
812970,63,77,1314,2002.0,1911.0,9297.0,0.212137,-0.112873,DMA,FRA,7810
812971,64,77,1314,2002.0,2495253.0,288996000.0,1.344708,1.321135,DNK,FRA,7810
812972,65,77,1314,2002.0,0.0,2817288.0,-0.43339300000000003,-0.378827,DOM,FRA,7810
812973,66,77,1314,2002.0,42005.0,356229856.0,-0.9281389999999999,-1.19549,DZA,FRA,7810
812974,67,77,1314,2002.0,10477.0,3662644.0,-0.973858,-0.8924979999999999,ECU,FRA,7810
812975,68,77,1314,2002.0,25032.0,16031997.0,-0.37218,0.634319,EGY,FRA,7810
812976,69,77,1314,2002.0,0.0,247716.0,1.019399,0.23989899999999997,ERI,FRA,7810
812977,71,77,1314,2002.0,4973452800.0,4048337664.0,1.054108,1.9357349999999998,ESP,FRA,7810
812978,72,77,1314,2002.0,4491767.0,42592804.0,0.576142,1.168563,EST,FRA,7810
812979,73,77,1314,2002.0,3001.0,352730.0,-1.289118,-1.0291540000000001,ETH,FRA,7810
812980,74,77,1314,2002.0,3475690.0,133512680.0,1.9545119999999998,1.047515,FIN,FRA,7810
812981,78,77,1314,2002.0,0.0,228332.0,-0.33811399999999997,-0.8092050000000001,FRO,FRA,7810
812982,80,77,1314,2002.0,315490.0,6754085.0,-1.34341,-1.238593,GAB,FRA,7810
812983,81,77,1314,2002.0,1180522624.0,3673166336.0,2.067395,0.7934359999999999,GBR,FRA,7810
812984,82,77,1314,2002.0,0.0,411840.0,0.23526999999999998,-0.156333,GEO,FRA,7810
812985,83,77,1314,2002.0,133630.0,4440398.0,-1.258567,-1.048266,GHA,FRA,7810
812986,84,77,1314,2002.0,0.0,3203283.0,0.404483,-0.313042,GIB,FRA,7810
812987,85,77,1314,2002.0,63492.0,1551985.0,-1.684157,-1.256743,GIN,FRA,7810
812988,87,77,1314,2002.0,5229.0,390907.0,0.266536,0.20776,GMB,FRA,7810
812989,88,77,1314,2002.0,0.0,54101.0,-0.30444099999999996,-0.815509,GNB,FRA,7810
812990,89,77,1314,2002.0,0.0,215621.0,-1.8647490000000002,-0.96145,GNQ,FRA,7810
812991,90,77,1314,2002.0,396647.0,270715104.0,0.20355399999999998,1.4130200000000002,GRC,FRA,7810
812992,91,77,1314,2002.0,0.0,80837.0,0.822523,0.032938999999999996,GRD,FRA,7810
812993,93,77,1314,2002.0,0.0,1705687.0,-0.49913,-0.038079,GTM,FRA,7810
812994,96,77,1314,2002.0,0.0,3888139.0,-1.050604,-0.9015549999999999,GUY,FRA,7810
812995,97,77,1314,2002.0,0.0,18422432.0,0.704932,1.291658,HKG,FRA,7810
812996,99,77,1314,2002.0,0.0,1437796.0,-0.637891,-0.564421,HND,FRA,7810
812997,100,77,1314,2002.0,141811.0,147142176.0,0.603546,1.273001,HRV,FRA,7810
812998,101,77,1314,2002.0,9179.0,604528.0,-0.837823,-0.834512,HTI,FRA,7810
812999,102,77,1314,2002.0,66489692.0,187199952.0,1.232359,1.064425,HUN,FRA,7810
813000,103,77,1314,2002.0,0.0,8388335.0,0.098182,1.7305840000000001,IDN,FRA,7810
813001,104,77,1314,2002.0,3113765.0,2213354.0,0.32974000000000003,2.376477,IND,FRA,7810
813002,106,77,1314,2002.0,737353.0,216512880.0,1.7939310000000002,0.219254,IRL,FRA,7810
813003,107,77,1314,2002.0,1729448.0,316388576.0,-0.665259,-0.840274,IRN,FRA,7810
813004,108,77,1314,2002.0,0.0,27495458.0,-1.008202,-0.9532209999999999,IRQ,FRA,7810
813005,109,77,1314,2002.0,43881.0,3490571.0,0.17011700000000002,-0.33925500000000003,ISL,FRA,7810
813006,110,77,1314,2002.0,128058.0,144305840.0,1.257709,0.8318989999999999,ISR,FRA,7810
813007,111,77,1314,2002.0,1042592320.0,3228897792.0,1.3944219999999998,1.125362,ITA,FRA,7810
813008,112,77,1314,2002.0,0.0,392841.0,-0.459541,-0.947443,JAM,FRA,7810
813009,113,77,1314,2002.0,11139.0,2354103.0,0.34023000000000003,0.264754,JOR,FRA,7810
813010,114,77,1314,2002.0,824398592.0,194937600.0,2.7747580000000003,0.43663199999999996,JPN,FRA,7810
813011,115,77,1314,2002.0,104623.0,130446.0,-0.100361,-0.502468,KAZ,FRA,7810
813012,116,77,1314,2002.0,3727.0,3162683.0,-0.59055,0.000731,KEN,FRA,7810
813013,118,77,1314,2002.0,0.0,112520.0,-0.8577629999999999,-1.071536,KHM,FRA,7810
813014,121,77,1314,2002.0,228936576.0,1120177.0,1.4172719999999999,0.8763139999999999,KOR,FRA,7810
813015,122,77,1314,2002.0,0.0,10073216.0,-0.794007,-1.192659,KWT,FRA,7810
813016,123,77,1314,2002.0,0.0,39751.0,-0.990957,-1.111048,LAO,FRA,7810
813017,124,77,1314,2002.0,101423.0,23237320.0,0.220906,1.470297,LBN,FRA,7810
813018,126,77,1314,2002.0,1752.0,7723076.0,-0.692769,-1.188682,LBY,FRA,7810
813019,127,77,1314,2002.0,3551.0,17129.0,0.261861,-0.36480999999999997,LCA,FRA,7810
813020,128,77,1314,2002.0,0.0,2096226.0,-0.461765,-0.057614,LKA,FRA,7810
813021,130,77,1314,2002.0,1827291.0,22950124.0,0.15796,0.855931,LTU,FRA,7810
813022,131,77,1314,2002.0,20522044.0,105923376.0,1.396249,1.153017,LUX,FRA,7810
813023,132,77,1314,2002.0,371515.0,4526494.0,0.41409799999999997,0.6281680000000001,LVA,FRA,7810
813024,133,77,1314,2002.0,0.0,700211.0,0.005082,-0.328658,MAC,FRA,7810
813025,134,77,1314,2002.0,75316.0,77911512.0,-0.690226,-0.42557,MAR,FRA,7810
813026,135,77,1314,2002.0,0.0,1290555.0,-0.017383000000000003,0.109124,MDA,FRA,7810
813027,136,77,1314,2002.0,88257.0,5692178.0,-1.109564,-0.642039,MDG,FRA,7810
813028,138,77,1314,2002.0,11735669.0,77998752.0,1.2677129999999999,0.599314,MEX,FRA,7810
813029,140,77,1314,2002.0,0.0,9792274.0,-0.027727999999999996,0.41846400000000006,MKD,FRA,7810
813030,141,77,1314,2002.0,3625.0,2897080.0,-0.786698,-0.682438,MLI,FRA,7810
813031,142,77,1314,2002.0,5795.0,25229392.0,0.901235,-0.140261,MLT,FRA,7810
813032,143,77,1314,2002.0,0.0,17979.0,-1.251639,-0.994909,MMR,FRA,7810
813033,145,77,1314,2002.0,0.0,4729.0,-0.711096,-0.9835799999999999,MNG,FRA,7810
813034,147,77,1314,2002.0,0.0,361292.0,-1.337891,-1.187073,MOZ,FRA,7810
813035,148,77,1314,2002.0,0.0,1872483.0,-1.053061,-1.221967,MRT,FRA,7810
813036,151,77,1314,2002.0,51484.0,3250595.0,-0.382062,-0.379224,MUS,FRA,7810
813037,152,77,1314,2002.0,0.0,176192.0,-1.431612,-1.234903,MWI,FRA,7810
813038,153,77,1314,2002.0,0.0,20401932.0,0.9987159999999999,0.26558200000000004,MYS,FRA,7810
813039,154,77,1314,2002.0,227860.0,5816056.0,0.752173,-0.5639,MYT,FRA,7810
813040,155,77,1314,2002.0,0.0,16264.0,-0.137725,-0.361452,NAM,FRA,7810
813041,156,77,1314,2002.0,528936.0,48164296.0,-0.7477739999999999,-1.006248,NCL,FRA,7810
813042,157,77,1314,2002.0,3846.0,3612819.0,-0.562837,-0.333649,NER,FRA,7810
813043,159,77,1314,2002.0,4032.0,59657808.0,-1.705991,-1.292926,NGA,FRA,7810
813044,160,77,1314,2002.0,9582.0,433931.0,-0.634946,-0.37966,NIC,FRA,7810
813045,162,77,1314,2002.0,122935448.0,1181169664.0,1.175777,1.667472,NLD,FRA,7810
813046,163,77,1314,2002.0,567304.0,108065224.0,0.689588,-0.007016,NOR,FRA,7810
813047,164,77,1314,2002.0,0.0,136113.0,-0.065582,0.464797,NPL,FRA,7810
813048,166,77,1314,2002.0,11323.0,22239608.0,0.370673,0.7853829999999999,NZL,FRA,7810
813049,167,77,1314,2002.0,14123.0,5290160.0,-1.307058,-1.270916,OMN,FRA,7810
813050,168,77,1314,2002.0,0.0,1112412.0,-0.7574069999999999,-0.403427,PAK,FRA,7810
813051,169,77,1314,2002.0,0.0,509938.0,0.085746,0.21839,PAN,FRA,7810
813052,173,77,1314,2002.0,3325.0,4403088.0,-0.456603,0.030838,PER,FRA,7810
813053,174,77,1314,2002.0,0.0,836232.0,0.29601,-0.232513,PHL,FRA,7810
813054,177,77,1314,2002.0,45072720.0,404820768.0,0.9449299999999999,1.655764,POL,FRA,7810
813055,178,77,1314,2002.0,112850.0,102066.0,0.629678,1.0153780000000001,PRK,FRA,7810
813056,179,77,1314,2002.0,164073616.0,417265696.0,0.584956,1.377068,PRT,FRA,7810
813057,180,77,1314,2002.0,22475.0,745369.0,-0.733796,-0.9001530000000001,PRY,FRA,7810
813058,182,77,1314,2002.0,92859.0,30369074.0,-0.363179,-0.8967450000000001,PYF,FRA,7810
813059,183,77,1314,2002.0,219351.0,4816758.0,-0.002177,-1.042517,QAT,FRA,7810
813060,185,77,1314,2002.0,554004.0,68340896.0,0.549227,1.071998,ROU,FRA,7810
813061,186,77,1314,2002.0,5743126.0,114613536.0,0.6051449999999999,0.272307,RUS,FRA,7810
813062,187,77,1314,2002.0,0.0,47742.0,-0.6278859999999999,-0.832391,RWA,FRA,7810
813063,188,77,1314,2002.0,455596.0,32295252.0,0.048764,-0.903125,SAU,FRA,7810
813064,189,77,1314,2002.0,0.0,17238326.0,0.523459,2.58657,SCG,FRA,7810
813065,190,77,1314,2002.0,0.0,306067.0,-1.336665,-1.19919,SDN,FRA,7810
813066,191,77,1314,2002.0,300199.0,15531210.0,-0.5424939999999999,-0.554531,SEN,FRA,7810
813067,192,77,1314,2002.0,10835.0,11443031.0,1.7077209999999998,0.683549,SGP,FRA,7810
813068,194,77,1314,2002.0,0.0,70806.0,1.542309,-0.038145,SHN,FRA,7810
813069,196,77,1314,2002.0,2432.0,134991.0,0.29478899999999997,0.055865,SLE,FRA,7810
813070,197,77,1314,2002.0,0.0,3555785.0,-0.258579,-0.096214,SLV,FRA,7810
813071,200,77,1314,2002.0,0.0,1365026.0,-0.791918,-0.965751,SPM,FRA,7810
813072,203,77,1314,2002.0,0.0,105862.0,0.767305,-0.0836,STP,FRA,7810
813073,205,77,1314,2002.0,13676.0,51274.0,-1.002898,-0.905595,SUR,FRA,7810
813074,206,77,1314,2002.0,174987040.0,56702080.0,1.269549,1.184774,SVK,FRA,7810
813075,207,77,1314,2002.0,295630400.0,105816384.0,1.469681,1.13303,SVN,FRA,7810
813076,208,77,1314,2002.0,77566736.0,268741280.0,2.134,0.769413,SWE,FRA,7810
813077,209,77,1314,2002.0,0.0,5568.0,0.409355,-0.047221,SWZ,FRA,7810
813078,211,77,1314,2002.0,0.0,1089869.0,-0.8837229999999999,-0.975607,SYC,FRA,7810
813079,212,77,1314,2002.0,0.0,1658625.0,-1.07007,-0.560769,SYR,FRA,7810
813080,214,77,1314,2002.0,0.0,993792.0,-0.092619,-0.776712,TCD,FRA,7810
813081,215,77,1314,2002.0,48814.0,3059286.0,-0.688284,-0.5292789999999999,TGO,FRA,7810
813082,216,77,1314,2002.0,80923880.0,9078398.0,0.513887,1.545967,THA,FRA,7810
813083,219,77,1314,2002.0,0.0,60442.0,-0.9178629999999999,-1.202212,TKM,FRA,7810
813084,222,77,1314,2002.0,42085.0,4107354.0,-0.056315,-0.803537,TTO,FRA,7810
813085,223,77,1314,2002.0,296589.0,170670368.0,0.059876,0.369032,TUN,FRA,7810
813086,224,77,1314,2002.0,215381040.0,99236840.0,0.12982,1.8032650000000001,TUR,FRA,7810
813087,226,77,1314,2002.0,0.0,228204.0,-1.234127,-0.421158,TZA,FRA,7810
813088,227,77,1314,2002.0,1776.0,46052.0,-1.262952,-0.903123,UGA,FRA,7810
813089,228,77,1314,2002.0,0.0,21378798.0,0.575372,1.131722,UKR,FRA,7810
813090,230,77,1314,2002.0,11059.0,2803866.0,0.048498,0.118565,URY,FRA,7810
813091,231,77,1314,2002.0,163631776.0,4916310.0,1.853174,0.120986,USA,FRA,7810
813092,234,77,1314,2002.0,0.0,9266.0,-0.268813,-0.67072,VCT,FRA,7810
813093,236,77,1314,2002.0,21463.0,4701375.0,-0.008877,-0.753486,VEN,FRA,7810
813094,237,77,1314,2002.0,0.0,8507.0,0.6891930000000001,-0.27620500000000003,VGB,FRA,7810
813095,239,77,1314,2002.0,0.0,240123.0,-0.44170699999999996,0.544708,VNM,FRA,7810
813096,241,77,1314,2002.0,0.0,446363.0,0.712441,-0.668211,WLF,FRA,7810
813097,243,77,1314,2002.0,0.0,726192.0,-1.447637,-1.289748,YEM,FRA,7810
813098,246,77,1314,2002.0,95780.0,82756072.0,0.32760500000000004,2.497746,ZAF,FRA,7810
813099,247,77,1314,2002.0,0.0,2883.0,-0.840258,-0.639474,ZMB,FRA,7810
813100,248,77,1314,2002.0,8861.0,3157384.0,-0.36033000000000004,0.452182,ZWE,FRA,7810
813101,249,77,1314,2002.0,5004376.0,29052846.0,1.9084720000000002,1.253714,TWN,FRA,7810
813102,250,77,1314,2002.0,33432.0,0.0,0.5979300000000001,-0.497816,ANS,FRA,7810
813103,1,81,1314,2002.0,0.0,112579.0,-0.11885899999999999,-0.346093,AFG,GBR,7810
813104,2,81,1314,2002.0,0.0,7174209.0,-1.8043639999999999,-1.250642,AGO,GBR,7810
813105,3,81,1314,2002.0,105412.0,266329.0,1.822725,0.45911899999999994,AIA,GBR,7810
813106,4,81,1314,2002.0,0.0,674113.0,-0.05800399999999999,0.042254,ALB,GBR,7810
813107,5,81,1314,2002.0,6545.0,2434280.0,1.3229389999999999,0.9635950000000001,AND,GBR,7810
813108,6,81,1314,2002.0,0.0,93232.0,0.145946,-0.704052,ANT,GBR,7810
813109,7,81,1314,2002.0,537812.0,80605456.0,-0.288838,-0.640049,ARE,GBR,7810
813110,8,81,1314,2002.0,182014.0,484953.0,0.045376,0.71768,ARG,GBR,7810
813111,9,81,1314,2002.0,0.0,17797.0,0.66447,-0.08317000000000001,ARM,GBR,7810
813112,13,81,1314,2002.0,8976.0,457393.0,0.23995500000000003,-0.754877,ATG,GBR,7810
813113,14,81,1314,2002.0,4683447.0,192841232.0,-0.052462,0.759617,AUS,GBR,7810
813114,15,81,1314,2002.0,286283104.0,156785312.0,1.866997,0.400527,AUT,GBR,7810
813115,16,81,1314,2002.0,5459.0,62075.0,-0.566735,-1.003158,AZE,GBR,7810
813116,17,81,1314,2002.0,0.0,270361.0,-0.399212,-0.67657,BDI,GBR,7810
813117,18,81,1314,2002.0,4195563008.0,862124160.0,1.424339,1.372755,BEL,GBR,7810
813118,19,81,1314,2002.0,0.0,648966.0,-0.7683840000000001,-0.7984319999999999,BEN,GBR,7810
813119,21,81,1314,2002.0,0.0,328649.0,-0.5542590000000001,-0.5946060000000001,BFA,GBR,7810
813120,22,81,1314,2002.0,0.0,290933.0,-0.9509,-1.113308,BGD,GBR,7810
813121,23,81,1314,2002.0,55630.0,1241912.0,0.468058,1.644037,BGR,GBR,7810
813122,24,81,1314,2002.0,332464.0,10705850.0,-0.31754099999999996,-1.099381,BHR,GBR,7810
813123,25,81,1314,2002.0,44832.0,262917.0,0.035127,-0.536416,BHS,GBR,7810
813124,26,81,1314,2002.0,0.0,123739.0,0.223543,0.44595100000000004,BIH,GBR,7810
813125,28,81,1314,2002.0,0.0,650639.0,0.865742,1.1823860000000002,BLR,GBR,7810
813126,29,81,1314,2002.0,0.0,393564.0,-0.553335,-0.753058,BLZ,GBR,7810
813127,30,81,1314,2002.0,0.0,3274424.0,0.934739,-0.465542,BMU,GBR,7810
813128,31,81,1314,2002.0,0.0,102234.0,-0.785592,-0.6761119999999999,BOL,GBR,7810
813129,32,81,1314,2002.0,231867.0,4989614.0,0.631343,1.249344,BRA,GBR,7810
813130,33,81,1314,2002.0,413809.0,2425942.0,0.547024,-0.004036,BRB,GBR,7810
813131,34,81,1314,2002.0,89884.0,1285537.0,-1.359507,-1.084339,BRN,GBR,7810
813132,37,81,1314,2002.0,45173.0,494474.0,-0.164526,-1.04616,BWA,GBR,7810
813133,38,81,1314,2002.0,0.0,15715.0,-0.698235,-0.905799,CAF,GBR,7810
813134,39,81,1314,2002.0,7181506.0,188324416.0,0.9672360000000001,1.389981,CAN,GBR,7810
813135,41,81,1314,2002.0,12224096.0,182682784.0,2.205507,0.831836,CHE,GBR,7810
813136,42,81,1314,2002.0,10006.0,3709382.0,-0.079201,-0.11449200000000001,CHL,GBR,7810
813137,43,81,1314,2002.0,1040061.0,6249897.0,0.6181220000000001,1.9636759999999998,CHN,GBR,7810
813138,44,81,1314,2002.0,0.0,179537.0,-0.803739,-0.752218,CIV,GBR,7810
813139,45,81,1314,2002.0,0.0,379127.0,-1.188713,-1.109944,CMR,GBR,7810
813140,46,81,1314,2002.0,0.0,766579.0,-1.218664,-1.1406120000000002,COD,GBR,7810
813141,47,81,1314,2002.0,0.0,143503.0,-1.468836,-1.250484,COG,GBR,7810
813142,49,81,1314,2002.0,13572.0,475411.0,0.219861,0.45238999999999996,COL,GBR,7810
813143,51,81,1314,2002.0,0.0,229388.0,-0.315184,-0.660522,CPV,GBR,7810
813144,52,81,1314,2002.0,0.0,2455936.0,0.083983,-0.096237,CRI,GBR,7810
813145,57,81,1314,2002.0,6058.0,386249.0,0.570589,-0.692583,CYM,GBR,7810
813146,58,81,1314,2002.0,49080428.0,42126616.0,0.332088,0.50441,CYP,GBR,7810
813147,59,81,1314,2002.0,456082528.0,20744994.0,1.5835139999999999,0.9563010000000001,CZE,GBR,7810
813148,61,81,1314,2002.0,10111067136.0,1513655680.0,2.367856,-2.195331,DEU,GBR,7810
813149,62,81,1314,2002.0,0.0,259670.0,-0.03383,-0.014618,DJI,GBR,7810
813150,63,81,1314,2002.0,5676.0,213693.0,0.212137,-0.112873,DMA,GBR,7810
813151,64,81,1314,2002.0,61382512.0,150622192.0,1.344708,1.321135,DNK,GBR,7810
813152,65,81,1314,2002.0,0.0,4196478.0,-0.43339300000000003,-0.378827,DOM,GBR,7810
813153,66,81,1314,2002.0,0.0,550097.0,-0.9281389999999999,-1.19549,DZA,GBR,7810
813154,67,81,1314,2002.0,11992.0,702442.0,-0.973858,-0.8924979999999999,ECU,GBR,7810
813155,68,81,1314,2002.0,0.0,2016479.0,-0.37218,0.634319,EGY,GBR,7810
813156,69,81,1314,2002.0,0.0,212643.0,1.019399,0.23989899999999997,ERI,GBR,7810
813157,71,81,1314,2002.0,3066197760.0,883877632.0,1.054108,1.9357349999999998,ESP,GBR,7810
813158,72,81,1314,2002.0,28382.0,2521463.0,0.576142,1.168563,EST,GBR,7810
813159,73,81,1314,2002.0,0.0,2496862.0,-1.289118,-1.0291540000000001,ETH,GBR,7810
813160,74,81,1314,2002.0,25684052.0,200091488.0,1.9545119999999998,1.047515,FIN,GBR,7810
813161,75,81,1314,2002.0,0.0,19344.0,-0.788026,-0.432015,FJI,GBR,7810
813162,76,81,1314,2002.0,0.0,821507.0,-0.395335,-0.942025,FLK,GBR,7810
813163,77,81,1314,2002.0,3673166336.0,1180522624.0,1.648526,0.6870430000000001,FRA,GBR,7810
813164,78,81,1314,2002.0,0.0,1181848.0,-0.33811399999999997,-0.8092050000000001,FRO,GBR,7810
813165,80,81,1314,2002.0,0.0,121063.0,-1.34341,-1.238593,GAB,GBR,7810
813166,82,81,1314,2002.0,243822.0,654465.0,0.23526999999999998,-0.156333,GEO,GBR,7810
813167,83,81,1314,2002.0,0.0,2390940.0,-1.258567,-1.048266,GHA,GBR,7810
813168,84,81,1314,2002.0,1320300.0,6026310.0,0.404483,-0.313042,GIB,GBR,7810
813169,85,81,1314,2002.0,0.0,186457.0,-1.684157,-1.256743,GIN,GBR,7810
813170,87,81,1314,2002.0,3731.0,502607.0,0.266536,0.20776,GMB,GBR,7810
813171,88,81,1314,2002.0,0.0,24978.0,-0.30444099999999996,-0.815509,GNB,GBR,7810
813172,89,81,1314,2002.0,0.0,116013.0,-1.8647490000000002,-0.96145,GNQ,GBR,7810
813173,90,81,1314,2002.0,636816.0,263408160.0,0.20355399999999998,1.4130200000000002,GRC,GBR,7810
813174,91,81,1314,2002.0,26941.0,104225.0,0.822523,0.032938999999999996,GRD,GBR,7810
813175,93,81,1314,2002.0,0.0,3346412.0,-0.49913,-0.038079,GTM,GBR,7810
813176,95,81,1314,2002.0,0.0,34544.0,-0.5440229999999999,-0.929201,GUM,GBR,7810
813177,96,81,1314,2002.0,43129.0,176298.0,-1.050604,-0.9015549999999999,GUY,GBR,7810
813178,97,81,1314,2002.0,1527018.0,35454380.0,0.704932,1.291658,HKG,GBR,7810
813179,99,81,1314,2002.0,23162.0,1341353.0,-0.637891,-0.564421,HND,GBR,7810
813180,100,81,1314,2002.0,10812.0,2865965.0,0.603546,1.273001,HRV,GBR,7810
813181,101,81,1314,2002.0,0.0,988282.0,-0.837823,-0.834512,HTI,GBR,7810
813182,102,81,1314,2002.0,77266112.0,29285496.0,1.232359,1.064425,HUN,GBR,7810
813183,103,81,1314,2002.0,13047.0,8827749.0,0.098182,1.7305840000000001,IDN,GBR,7810
813184,104,81,1314,2002.0,6948938.0,1002534.0,0.32974000000000003,2.376477,IND,GBR,7810
813185,106,81,1314,2002.0,340370464.0,427234400.0,1.7939310000000002,0.219254,IRL,GBR,7810
813186,107,81,1314,2002.0,42435.0,205154.0,-0.665259,-0.840274,IRN,GBR,7810
813187,108,81,1314,2002.0,0.0,154410.0,-1.008202,-0.9532209999999999,IRQ,GBR,7810
813188,109,81,1314,2002.0,248791.0,8790174.0,0.17011700000000002,-0.33925500000000003,ISL,GBR,7810
813189,110,81,1314,2002.0,217356.0,49745780.0,1.257709,0.8318989999999999,ISR,GBR,7810
813190,111,81,1314,2002.0,894055040.0,1387147520.0,1.3944219999999998,1.125362,ITA,GBR,7810
813191,112,81,1314,2002.0,8498.0,1697403.0,-0.459541,-0.947443,JAM,GBR,7810
813192,113,81,1314,2002.0,5795.0,3207019.0,0.34023000000000003,0.264754,JOR,GBR,7810
813193,114,81,1314,2002.0,2640120576.0,451939552.0,2.7747580000000003,0.43663199999999996,JPN,GBR,7810
813194,115,81,1314,2002.0,0.0,627431.0,-0.100361,-0.502468,KAZ,GBR,7810
813195,116,81,1314,2002.0,224075.0,2706118.0,-0.59055,0.000731,KEN,GBR,7810
813196,117,81,1314,2002.0,0.0,10171.0,-0.094898,0.235639,KGZ,GBR,7810
813197,118,81,1314,2002.0,0.0,338006.0,-0.8577629999999999,-1.071536,KHM,GBR,7810
813198,120,81,1314,2002.0,4243.0,92664.0,0.757789,-0.2968,KNA,GBR,7810
813199,121,81,1314,2002.0,540901184.0,8840977.0,1.4172719999999999,0.8763139999999999,KOR,GBR,7810
813200,122,81,1314,2002.0,149983.0,31552964.0,-0.794007,-1.192659,KWT,GBR,7810
813201,123,81,1314,2002.0,0.0,19400.0,-0.990957,-1.111048,LAO,GBR,7810
813202,124,81,1314,2002.0,18769.0,12335341.0,0.220906,1.470297,LBN,GBR,7810
813203,125,81,1314,2002.0,0.0,153519.0,-0.683036,-1.158808,LBR,GBR,7810
813204,126,81,1314,2002.0,0.0,7770240.0,-0.692769,-1.188682,LBY,GBR,7810
813205,127,81,1314,2002.0,34374.0,314624.0,0.261861,-0.36480999999999997,LCA,GBR,7810
813206,128,81,1314,2002.0,100667.0,4160123.0,-0.461765,-0.057614,LKA,GBR,7810
813207,130,81,1314,2002.0,106724.0,2622851.0,0.15796,0.855931,LTU,GBR,7810
813208,131,81,1314,2002.0,5400212.0,9690462.0,1.396249,1.153017,LUX,GBR,7810
813209,132,81,1314,2002.0,0.0,221770.0,0.41409799999999997,0.6281680000000001,LVA,GBR,7810
813210,133,81,1314,2002.0,0.0,390628.0,0.005082,-0.328658,MAC,GBR,7810
813211,134,81,1314,2002.0,96834.0,9539356.0,-0.690226,-0.42557,MAR,GBR,7810
813212,135,81,1314,2002.0,0.0,170488.0,-0.017383000000000003,0.109124,MDA,GBR,7810
813213,136,81,1314,2002.0,10198.0,178701.0,-1.109564,-0.642039,MDG,GBR,7810
813214,138,81,1314,2002.0,488156.0,150212480.0,1.2677129999999999,0.599314,MEX,GBR,7810
813215,140,81,1314,2002.0,6225.0,1102640.0,-0.027727999999999996,0.41846400000000006,MKD,GBR,7810
813216,141,81,1314,2002.0,3123.0,1256038.0,-0.786698,-0.682438,MLI,GBR,7810
813217,142,81,1314,2002.0,12010609.0,11048899.0,0.901235,-0.140261,MLT,GBR,7810
813218,147,81,1314,2002.0,0.0,301030.0,-1.337891,-1.187073,MOZ,GBR,7810
813219,148,81,1314,2002.0,0.0,604840.0,-1.053061,-1.221967,MRT,GBR,7810
813220,149,81,1314,2002.0,0.0,6061.0,1.6121860000000001,0.078151,MSR,GBR,7810
813221,151,81,1314,2002.0,69276.0,1280072.0,-0.382062,-0.379224,MUS,GBR,7810
813222,152,81,1314,2002.0,0.0,284645.0,-1.431612,-1.234903,MWI,GBR,7810
813223,153,81,1314,2002.0,33605952.0,47177980.0,0.9987159999999999,0.26558200000000004,MYS,GBR,7810
813224,154,81,1314,2002.0,0.0,37708.0,0.752173,-0.5639,MYT,GBR,7810
813225,155,81,1314,2002.0,11379.0,19673.0,-0.137725,-0.361452,NAM,GBR,7810
813226,156,81,1314,2002.0,0.0,3037800.0,-0.7477739999999999,-1.006248,NCL,GBR,7810
813227,157,81,1314,2002.0,0.0,116910.0,-0.562837,-0.333649,NER,GBR,7810
813228,159,81,1314,2002.0,4303.0,11396323.0,-1.705991,-1.292926,NGA,GBR,7810
813229,160,81,1314,2002.0,0.0,238224.0,-0.634946,-0.37966,NIC,GBR,7810
813230,162,81,1314,2002.0,549888384.0,803967360.0,1.175777,1.667472,NLD,GBR,7810
813231,163,81,1314,2002.0,2139642.0,113111392.0,0.689588,-0.007016,NOR,GBR,7810
813232,164,81,1314,2002.0,0.0,779455.0,-0.065582,0.464797,NPL,GBR,7810
813233,166,81,1314,2002.0,4227514.0,36799656.0,0.370673,0.7853829999999999,NZL,GBR,7810
813234,167,81,1314,2002.0,87410.0,9317767.0,-1.307058,-1.270916,OMN,GBR,7810
813235,168,81,1314,2002.0,3706.0,1673999.0,-0.7574069999999999,-0.403427,PAK,GBR,7810
813236,169,81,1314,2002.0,251374.0,1988475.0,0.085746,0.21839,PAN,GBR,7810
813237,173,81,1314,2002.0,0.0,1752050.0,-0.456603,0.030838,PER,GBR,7810
813238,174,81,1314,2002.0,17903.0,3015935.0,0.29601,-0.232513,PHL,GBR,7810
813239,176,81,1314,2002.0,0.0,53386.0,-1.430299,-1.172593,PNG,GBR,7810
813240,177,81,1314,2002.0,47254560.0,139034912.0,0.9449299999999999,1.655764,POL,GBR,7810
813241,179,81,1314,2002.0,305943936.0,208569344.0,0.584956,1.377068,PRT,GBR,7810
813242,180,81,1314,2002.0,0.0,260441.0,-0.733796,-0.9001530000000001,PRY,GBR,7810
813243,181,81,1314,2002.0,0.0,57163.0,0.6237199999999999,-0.007998,PSE,GBR,7810
813244,182,81,1314,2002.0,0.0,2545293.0,-0.363179,-0.8967450000000001,PYF,GBR,7810
813245,183,81,1314,2002.0,667677.0,8835337.0,-0.002177,-1.042517,QAT,GBR,7810
813246,185,81,1314,2002.0,133915.0,9734394.0,0.549227,1.071998,ROU,GBR,7810
813247,186,81,1314,2002.0,8543.0,104556168.0,0.6051449999999999,0.272307,RUS,GBR,7810
813248,187,81,1314,2002.0,0.0,109024.0,-0.6278859999999999,-0.832391,RWA,GBR,7810
813249,188,81,1314,2002.0,519003.0,19762816.0,0.048764,-0.903125,SAU,GBR,7810
813250,189,81,1314,2002.0,78395.0,905883.0,0.523459,2.58657,SCG,GBR,7810
813251,190,81,1314,2002.0,17992.0,916600.0,-1.336665,-1.19919,SDN,GBR,7810
813252,191,81,1314,2002.0,12709.0,752195.0,-0.5424939999999999,-0.554531,SEN,GBR,7810
813253,192,81,1314,2002.0,1050722.0,16270880.0,1.7077209999999998,0.683549,SGP,GBR,7810
813254,194,81,1314,2002.0,0.0,477394.0,1.542309,-0.038145,SHN,GBR,7810
813255,196,81,1314,2002.0,0.0,4087990.0,0.29478899999999997,0.055865,SLE,GBR,7810
813256,197,81,1314,2002.0,0.0,108807.0,-0.258579,-0.096214,SLV,GBR,7810
813257,199,81,1314,2002.0,0.0,62093.0,-0.145777,-0.512123,SOM,GBR,7810
813258,205,81,1314,2002.0,0.0,324882.0,-1.002898,-0.905595,SUR,GBR,7810
813259,206,81,1314,2002.0,30513.0,6587324.0,1.269549,1.184774,SVK,GBR,7810
813260,207,81,1314,2002.0,7849.0,9966479.0,1.469681,1.13303,SVN,GBR,7810
813261,208,81,1314,2002.0,535303328.0,165549712.0,2.134,0.769413,SWE,GBR,7810
813262,211,81,1314,2002.0,0.0,195146.0,-0.8837229999999999,-0.975607,SYC,GBR,7810
813263,212,81,1314,2002.0,0.0,2213151.0,-1.07007,-0.560769,SYR,GBR,7810
813264,213,81,1314,2002.0,3033.0,0.0,0.849978,0.260833,TCA,GBR,7810
813265,214,81,1314,2002.0,11875.0,16513.0,-0.092619,-0.776712,TCD,GBR,7810
813266,215,81,1314,2002.0,0.0,159996.0,-0.688284,-0.5292789999999999,TGO,GBR,7810
813267,216,81,1314,2002.0,1789082.0,25023194.0,0.513887,1.545967,THA,GBR,7810
813268,218,81,1314,2002.0,0.0,74031.0,0.177449,0.196596,TKL,GBR,7810
813269,221,81,1314,2002.0,0.0,20857.0,-0.772079,-1.0016479999999999,TON,GBR,7810
813270,222,81,1314,2002.0,664300.0,5647202.0,-0.056315,-0.803537,TTO,GBR,7810
813271,223,81,1314,2002.0,0.0,177880.0,0.059876,0.369032,TUN,GBR,7810
813272,224,81,1314,2002.0,13570156.0,66924512.0,0.12982,1.8032650000000001,TUR,GBR,7810
813273,226,81,1314,2002.0,0.0,1541349.0,-1.234127,-0.421158,TZA,GBR,7810
813274,227,81,1314,2002.0,12327.0,949914.0,-1.262952,-0.903123,UGA,GBR,7810
813275,228,81,1314,2002.0,2361.0,4985150.0,0.575372,1.131722,UKR,GBR,7810
813276,230,81,1314,2002.0,8902.0,157206.0,0.048498,0.118565,URY,GBR,7810
813277,231,81,1314,2002.0,644167744.0,4897624064.0,1.853174,0.120986,USA,GBR,7810
813278,232,81,1314,2002.0,0.0,337665.0,-0.583861,-0.758266,UZB,GBR,7810
813279,234,81,1314,2002.0,0.0,264522.0,-0.268813,-0.67072,VCT,GBR,7810
813280,236,81,1314,2002.0,11130.0,149743.0,-0.008877,-0.753486,VEN,GBR,7810
813281,237,81,1314,2002.0,0.0,350836.0,0.6891930000000001,-0.27620500000000003,VGB,GBR,7810
813282,239,81,1314,2002.0,0.0,20237.0,-0.44170699999999996,0.544708,VNM,GBR,7810
813283,243,81,1314,2002.0,0.0,46610.0,-1.447637,-1.289748,YEM,GBR,7810
813284,246,81,1314,2002.0,542264000.0,79996952.0,0.32760500000000004,2.497746,ZAF,GBR,7810
813285,247,81,1314,2002.0,0.0,409511.0,-0.840258,-0.639474,ZMB,GBR,7810
813286,248,81,1314,2002.0,1950007.0,598068.0,-0.36033000000000004,0.452182,ZWE,GBR,7810
813287,249,81,1314,2002.0,12103694.0,17591170.0,1.9084720000000002,1.253714,TWN,GBR,7810
813288,4,90,1314,2002.0,2543.0,294816.0,-0.05800399999999999,0.042254,ALB,GRC,7810
813289,7,90,1314,2002.0,54191.0,0.0,-0.288838,-0.640049,ARE,GRC,7810
813290,9,90,1314,2002.0,27272.0,3145.0,0.66447,-0.08317000000000001,ARM,GRC,7810
813291,14,90,1314,2002.0,10867.0,0.0,-0.052462,0.759617,AUS,GRC,7810
813292,15,90,1314,2002.0,27379648.0,0.0,1.866997,0.400527,AUT,GRC,7810
813293,16,90,1314,2002.0,0.0,36808.0,-0.566735,-1.003158,AZE,GRC,7810
813294,18,90,1314,2002.0,120061272.0,34196.0,1.424339,1.372755,BEL,GRC,7810
813295,23,90,1314,2002.0,42992.0,4728186.0,0.468058,1.644037,BGR,GRC,7810
813296,24,90,1314,2002.0,4807.0,2068.0,-0.31754099999999996,-1.099381,BHR,GRC,7810
813297,25,90,1314,2002.0,0.0,15357.0,0.035127,-0.536416,BHS,GRC,7810
813298,39,90,1314,2002.0,340491.0,11728.0,0.9672360000000001,1.389981,CAN,GRC,7810
813299,41,90,1314,2002.0,63281.0,41050.0,2.205507,0.831836,CHE,GRC,7810
813300,43,90,1314,2002.0,306872.0,0.0,0.6181220000000001,1.9636759999999998,CHN,GRC,7810
813301,49,90,1314,2002.0,0.0,6244.0,0.219861,0.45238999999999996,COL,GRC,7810
813302,58,90,1314,2002.0,653212.0,99338.0,0.332088,0.50441,CYP,GRC,7810
813303,59,90,1314,2002.0,76266960.0,0.0,1.5835139999999999,0.9563010000000001,CZE,GRC,7810
813304,61,90,1314,2002.0,417371968.0,2150248.0,2.367856,-2.195331,DEU,GRC,7810
813305,64,90,1314,2002.0,141159.0,154923.0,1.344708,1.321135,DNK,GRC,7810
813306,68,90,1314,2002.0,1509.0,2693.0,-0.37218,0.634319,EGY,GRC,7810
813307,71,90,1314,2002.0,390930496.0,0.0,1.054108,1.9357349999999998,ESP,GRC,7810
813308,73,90,1314,2002.0,0.0,103840.0,-1.289118,-1.0291540000000001,ETH,GRC,7810
813309,74,90,1314,2002.0,1170666.0,0.0,1.9545119999999998,1.047515,FIN,GRC,7810
813310,77,90,1314,2002.0,270715104.0,396647.0,1.648526,0.6870430000000001,FRA,GRC,7810
813311,81,90,1314,2002.0,263408160.0,636816.0,2.067395,0.7934359999999999,GBR,GRC,7810
813312,82,90,1314,2002.0,0.0,11585.0,0.23526999999999998,-0.156333,GEO,GRC,7810
813313,97,90,1314,2002.0,0.0,34670.0,0.704932,1.291658,HKG,GRC,7810
813314,99,90,1314,2002.0,0.0,14180.0,-0.637891,-0.564421,HND,GRC,7810
813315,100,90,1314,2002.0,28460.0,1094.0,0.603546,1.273001,HRV,GRC,7810
813316,102,90,1314,2002.0,22684804.0,0.0,1.232359,1.064425,HUN,GRC,7810
813317,104,90,1314,2002.0,1670483.0,0.0,0.32974000000000003,2.376477,IND,GRC,7810
813318,110,90,1314,2002.0,10785.0,99994.0,1.257709,0.8318989999999999,ISR,GRC,7810
813319,111,90,1314,2002.0,164052944.0,86490.0,1.3944219999999998,1.125362,ITA,GRC,7810
813320,114,90,1314,2002.0,153200992.0,0.0,2.7747580000000003,0.43663199999999996,JPN,GRC,7810
813321,115,90,1314,2002.0,5589.0,0.0,-0.100361,-0.502468,KAZ,GRC,7810
813322,121,90,1314,2002.0,141144752.0,4812.0,1.4172719999999999,0.8763139999999999,KOR,GRC,7810
813323,122,90,1314,2002.0,0.0,68191.0,-0.794007,-1.192659,KWT,GRC,7810
813324,124,90,1314,2002.0,3584.0,15023.0,0.220906,1.470297,LBN,GRC,7810
813325,131,90,1314,2002.0,20249.0,1236.0,1.396249,1.153017,LUX,GRC,7810
813326,138,90,1314,2002.0,577516.0,0.0,1.2677129999999999,0.599314,MEX,GRC,7810
813327,140,90,1314,2002.0,4079.0,1466263.0,-0.027727999999999996,0.41846400000000006,MKD,GRC,7810
813328,153,90,1314,2002.0,0.0,36823.0,0.9987159999999999,0.26558200000000004,MYS,GRC,7810
813329,156,90,1314,2002.0,0.0,3772.0,-0.7477739999999999,-1.006248,NCL,GRC,7810
813330,159,90,1314,2002.0,0.0,38828.0,-1.705991,-1.292926,NGA,GRC,7810
813331,162,90,1314,2002.0,27044224.0,14095.0,1.175777,1.667472,NLD,GRC,7810
813332,163,90,1314,2002.0,0.0,6030.0,0.689588,-0.007016,NOR,GRC,7810
813333,174,90,1314,2002.0,0.0,27732.0,0.29601,-0.232513,PHL,GRC,7810
813334,177,90,1314,2002.0,20639458.0,0.0,0.9449299999999999,1.655764,POL,GRC,7810
813335,179,90,1314,2002.0,380960.0,0.0,0.584956,1.377068,PRT,GRC,7810
813336,183,90,1314,2002.0,17226.0,0.0,-0.002177,-1.042517,QAT,GRC,7810
813337,185,90,1314,2002.0,68717.0,22165.0,0.549227,1.071998,ROU,GRC,7810
813338,186,90,1314,2002.0,4453374.0,2250.0,0.6051449999999999,0.272307,RUS,GRC,7810
813339,188,90,1314,2002.0,61861.0,0.0,0.048764,-0.903125,SAU,GRC,7810
813340,189,90,1314,2002.0,11662.0,19276.0,0.523459,2.58657,SCG,GRC,7810
813341,190,90,1314,2002.0,0.0,99289.0,-1.336665,-1.19919,SDN,GRC,7810
813342,191,90,1314,2002.0,0.0,6564.0,-0.5424939999999999,-0.554531,SEN,GRC,7810
813343,206,90,1314,2002.0,144733.0,0.0,1.269549,1.184774,SVK,GRC,7810
813344,207,90,1314,2002.0,4001104.0,0.0,1.469681,1.13303,SVN,GRC,7810
813345,208,90,1314,2002.0,9772087.0,0.0,2.134,0.769413,SWE,GRC,7810
813346,212,90,1314,2002.0,6514.0,0.0,-1.07007,-0.560769,SYR,GRC,7810
813347,223,90,1314,2002.0,0.0,5072.0,0.059876,0.369032,TUN,GRC,7810
813348,224,90,1314,2002.0,21145178.0,13031.0,0.12982,1.8032650000000001,TUR,GRC,7810
813349,226,90,1314,2002.0,0.0,35275.0,-1.234127,-0.421158,TZA,GRC,7810
813350,228,90,1314,2002.0,0.0,23239.0,0.575372,1.131722,UKR,GRC,7810
813351,230,90,1314,2002.0,8812.0,0.0,0.048498,0.118565,URY,GRC,7810
813352,231,90,1314,2002.0,38896564.0,18040.0,1.853174,0.120986,USA,GRC,7810
813353,236,90,1314,2002.0,2902.0,13850.0,-0.008877,-0.753486,VEN,GRC,7810
813354,246,90,1314,2002.0,16358.0,0.0,0.32760500000000004,2.497746,ZAF,GRC,7810
813355,248,90,1314,2002.0,29777.0,0.0,-0.36033000000000004,0.452182,ZWE,GRC,7810
813356,249,90,1314,2002.0,340539.0,0.0,1.9084720000000002,1.253714,TWN,GRC,7810
813357,250,90,1314,2002.0,13439.0,0.0,0.5979300000000001,-0.497816,ANS,GRC,7810
813358,7,93,1314,2002.0,36088.0,0.0,-0.288838,-0.640049,ARE,GTM,7810
813359,8,93,1314,2002.0,26274.0,20422.0,0.045376,0.71768,ARG,GTM,7810
813360,15,93,1314,2002.0,814138.0,5674.0,1.866997,0.400527,AUT,GTM,7810
813361,18,93,1314,2002.0,3797018.0,22823.0,1.424339,1.372755,BEL,GTM,7810
813362,25,93,1314,2002.0,0.0,120787.0,0.035127,-0.536416,BHS,GTM,7810
813363,29,93,1314,2002.0,40051.0,116181.0,-0.553335,-0.753058,BLZ,GTM,7810
813364,32,93,1314,2002.0,12082063.0,0.0,0.631343,1.249344,BRA,GTM,7810
813365,39,93,1314,2002.0,43638.0,0.0,0.9672360000000001,1.389981,CAN,GTM,7810
813366,42,93,1314,2002.0,52772.0,0.0,-0.079201,-0.11449200000000001,CHL,GTM,7810
813367,43,93,1314,2002.0,57928.0,0.0,0.6181220000000001,1.9636759999999998,CHN,GTM,7810
813368,49,93,1314,2002.0,98779.0,16472.0,0.219861,0.45238999999999996,COL,GTM,7810
813369,52,93,1314,2002.0,295018.0,136428.0,0.083983,-0.096237,CRI,GTM,7810
813370,54,93,1314,2002.0,0.0,11336.0,-0.896759,-1.079825,CUB,GTM,7810
813371,59,93,1314,2002.0,729373.0,0.0,1.5835139999999999,0.9563010000000001,CZE,GTM,7810
813372,61,93,1314,2002.0,12476643.0,654823.0,2.367856,-2.195331,DEU,GTM,7810
813373,64,93,1314,2002.0,149958.0,0.0,1.344708,1.321135,DNK,GTM,7810
813374,65,93,1314,2002.0,240102.0,46947.0,-0.43339300000000003,-0.378827,DOM,GTM,7810
813375,71,93,1314,2002.0,1896917.0,7459.0,1.054108,1.9357349999999998,ESP,GTM,7810
813376,72,93,1314,2002.0,13186.0,0.0,0.576142,1.168563,EST,GTM,7810
813377,77,93,1314,2002.0,1705687.0,0.0,1.648526,0.6870430000000001,FRA,GTM,7810
813378,81,93,1314,2002.0,3346412.0,0.0,2.067395,0.7934359999999999,GBR,GTM,7810
813379,99,93,1314,2002.0,245817.0,293125.0,-0.637891,-0.564421,HND,GTM,7810
813380,111,93,1314,2002.0,1277813.0,4937.0,1.3944219999999998,1.125362,ITA,GTM,7810
813381,113,93,1314,2002.0,0.0,57568.0,0.34023000000000003,0.264754,JOR,GTM,7810
813382,114,93,1314,2002.0,56143644.0,0.0,2.7747580000000003,0.43663199999999996,JPN,GTM,7810
813383,115,93,1314,2002.0,7470.0,0.0,-0.100361,-0.502468,KAZ,GTM,7810
813384,121,93,1314,2002.0,13168657.0,16447.0,1.4172719999999999,0.8763139999999999,KOR,GTM,7810
813385,138,93,1314,2002.0,3930501.0,69475.0,1.2677129999999999,0.599314,MEX,GTM,7810
813386,160,93,1314,2002.0,67077.0,63779.0,-0.634946,-0.37966,NIC,GTM,7810
813387,162,93,1314,2002.0,8613.0,0.0,1.175777,1.667472,NLD,GTM,7810
813388,163,93,1314,2002.0,1601813.0,29742.0,0.689588,-0.007016,NOR,GTM,7810
813389,169,93,1314,2002.0,346695.0,0.0,0.085746,0.21839,PAN,GTM,7810
813390,173,93,1314,2002.0,1238935.0,0.0,-0.456603,0.030838,PER,GTM,7810
813391,179,93,1314,2002.0,12672.0,0.0,0.584956,1.377068,PRT,GTM,7810
813392,197,93,1314,2002.0,479396.0,365011.0,-0.258579,-0.096214,SLV,GTM,7810
813393,208,93,1314,2002.0,405729.0,0.0,2.134,0.769413,SWE,GTM,7810
813394,224,93,1314,2002.0,6508.0,0.0,0.12982,1.8032650000000001,TUR,GTM,7810
813395,230,93,1314,2002.0,10560.0,0.0,0.048498,0.118565,URY,GTM,7810
813396,231,93,1314,2002.0,22600732.0,439198.0,1.853174,0.120986,USA,GTM,7810
813397,236,93,1314,2002.0,0.0,105111.0,-0.008877,-0.753486,VEN,GTM,7810
813398,239,93,1314,2002.0,4634.0,7793.0,-0.44170699999999996,0.544708,VNM,GTM,7810
813399,249,93,1314,2002.0,113829.0,0.0,1.9084720000000002,1.253714,TWN,GTM,7810
813400,13,96,1314,2002.0,5862.0,0.0,0.23995500000000003,-0.754877,ATG,GUY,7810
813401,29,96,1314,2002.0,0.0,4469.0,-0.553335,-0.753058,BLZ,GUY,7810
813402,33,96,1314,2002.0,16434.0,1920.0,0.547024,-0.004036,BRB,GUY,7810
813403,39,96,1314,2002.0,161587.0,16306.0,0.9672360000000001,1.389981,CAN,GUY,7810
813404,61,96,1314,2002.0,135862.0,30789.0,2.367856,-2.195331,DEU,GUY,7810
813405,77,96,1314,2002.0,3888139.0,0.0,1.648526,0.6870430000000001,FRA,GUY,7810
813406,81,96,1314,2002.0,176298.0,43129.0,2.067395,0.7934359999999999,GBR,GUY,7810
813407,112,96,1314,2002.0,41876.0,0.0,-0.459541,-0.947443,JAM,GUY,7810
813408,114,96,1314,2002.0,5522633.0,2214.0,2.7747580000000003,0.43663199999999996,JPN,GUY,7810
813409,162,96,1314,2002.0,17792.0,0.0,1.175777,1.667472,NLD,GUY,7810
813410,163,96,1314,2002.0,10044.0,0.0,0.689588,-0.007016,NOR,GUY,7810
813411,169,96,1314,2002.0,16403.0,0.0,0.085746,0.21839,PAN,GUY,7810
813412,205,96,1314,2002.0,1498.0,1701.0,-1.002898,-0.905595,SUR,GUY,7810
813413,222,96,1314,2002.0,134466.0,36475.0,-0.056315,-0.803537,TTO,GUY,7810
813414,231,96,1314,2002.0,376637.0,37513.0,1.853174,0.120986,USA,GUY,7810
813415,246,96,1314,2002.0,8134.0,0.0,0.32760500000000004,2.497746,ZAF,GUY,7810
813416,1,97,1314,2002.0,0.0,165523.0,-0.11885899999999999,-0.346093,AFG,HKG,7810
813417,2,97,1314,2002.0,0.0,27963.0,-1.8043639999999999,-1.250642,AGO,HKG,7810
813418,7,97,1314,2002.0,19527370.0,776991.0,-0.288838,-0.640049,ARE,HKG,7810
813419,14,97,1314,2002.0,261747.0,446808.0,-0.052462,0.759617,AUS,HKG,7810
813420,15,97,1314,2002.0,299686.0,0.0,1.866997,0.400527,AUT,HKG,7810
813421,18,97,1314,2002.0,9906073.0,46089.0,1.424339,1.372755,BEL,HKG,7810
813422,19,97,1314,2002.0,0.0,684155.0,-0.7683840000000001,-0.7984319999999999,BEN,HKG,7810
813423,22,97,1314,2002.0,0.0,14581.0,-0.9509,-1.113308,BGD,HKG,7810
813424,24,97,1314,2002.0,50146.0,0.0,-0.31754099999999996,-1.099381,BHR,HKG,7810
813425,25,97,1314,2002.0,0.0,7887.0,0.035127,-0.536416,BHS,HKG,7810
813426,32,97,1314,2002.0,0.0,30383.0,0.631343,1.249344,BRA,HKG,7810
813427,34,97,1314,2002.0,0.0,530491.0,-1.359507,-1.084339,BRN,HKG,7810
813428,37,97,1314,2002.0,0.0,68652.0,-0.164526,-1.04616,BWA,HKG,7810
813429,39,97,1314,2002.0,4144734.0,317917.0,0.9672360000000001,1.389981,CAN,HKG,7810
813430,41,97,1314,2002.0,29367.0,75768.0,2.205507,0.831836,CHE,HKG,7810
813431,43,97,1314,2002.0,15435177.0,737196608.0,0.6181220000000001,1.9636759999999998,CHN,HKG,7810
813432,45,97,1314,2002.0,0.0,98569.0,-1.188713,-1.109944,CMR,HKG,7810
813433,46,97,1314,2002.0,0.0,149472.0,-1.218664,-1.1406120000000002,COD,HKG,7810
813434,47,97,1314,2002.0,0.0,58494.0,-1.468836,-1.250484,COG,HKG,7810
813435,58,97,1314,2002.0,8447.0,0.0,0.332088,0.50441,CYP,HKG,7810
813436,59,97,1314,2002.0,17103.0,0.0,1.5835139999999999,0.9563010000000001,CZE,HKG,7810
813437,61,97,1314,2002.0,324257856.0,52102.0,2.367856,-2.195331,DEU,HKG,7810
813438,64,97,1314,2002.0,32293.0,0.0,1.344708,1.321135,DNK,HKG,7810
813439,65,97,1314,2002.0,0.0,293617.0,-0.43339300000000003,-0.378827,DOM,HKG,7810
813440,67,97,1314,2002.0,0.0,60725.0,-0.973858,-0.8924979999999999,ECU,HKG,7810
813441,68,97,1314,2002.0,0.0,607260.0,-0.37218,0.634319,EGY,HKG,7810
813442,71,97,1314,2002.0,2358682.0,3956.0,1.054108,1.9357349999999998,ESP,HKG,7810
813443,74,97,1314,2002.0,401586.0,133992.0,1.9545119999999998,1.047515,FIN,HKG,7810
813444,77,97,1314,2002.0,18422432.0,0.0,1.648526,0.6870430000000001,FRA,HKG,7810
813445,81,97,1314,2002.0,35454380.0,1527018.0,2.067395,0.7934359999999999,GBR,HKG,7810
813446,83,97,1314,2002.0,0.0,13016.0,-1.258567,-1.048266,GHA,HKG,7810
813447,85,97,1314,2002.0,0.0,2387.0,-1.684157,-1.256743,GIN,HKG,7810
813448,87,97,1314,2002.0,0.0,2347.0,0.266536,0.20776,GMB,HKG,7810
813449,90,97,1314,2002.0,34670.0,0.0,0.20355399999999998,1.4130200000000002,GRC,HKG,7810
813450,99,97,1314,2002.0,0.0,8672.0,-0.637891,-0.564421,HND,HKG,7810
813451,103,97,1314,2002.0,54050.0,299784.0,0.098182,1.7305840000000001,IDN,HKG,7810
813452,104,97,1314,2002.0,217299.0,71442.0,0.32974000000000003,2.376477,IND,HKG,7810
813453,107,97,1314,2002.0,0.0,38924.0,-0.665259,-0.840274,IRN,HKG,7810
813454,110,97,1314,2002.0,51095.0,0.0,1.257709,0.8318989999999999,ISR,HKG,7810
813455,111,97,1314,2002.0,12386673.0,90456.0,1.3944219999999998,1.125362,ITA,HKG,7810
813456,112,97,1314,2002.0,0.0,6279.0,-0.459541,-0.947443,JAM,HKG,7810
813457,114,97,1314,2002.0,518509056.0,519263.0,2.7747580000000003,0.43663199999999996,JPN,HKG,7810
813458,118,97,1314,2002.0,54645.0,219470.0,-0.8577629999999999,-1.071536,KHM,HKG,7810
813459,121,97,1314,2002.0,10539389.0,351322.0,1.4172719999999999,0.8763139999999999,KOR,HKG,7810
813460,126,97,1314,2002.0,0.0,84046.0,-0.692769,-1.188682,LBY,HKG,7810
813461,128,97,1314,2002.0,0.0,201353.0,-0.461765,-0.057614,LKA,HKG,7810
813462,133,97,1314,2002.0,4230422.0,67208080.0,0.005082,-0.328658,MAC,HKG,7810
813463,136,97,1314,2002.0,0.0,13066.0,-1.109564,-0.642039,MDG,HKG,7810
813464,138,97,1314,2002.0,309358.0,0.0,1.2677129999999999,0.599314,MEX,HKG,7810
813465,139,97,1314,2002.0,0.0,50148.0,0.769126,-0.845166,MHL,HKG,7810
813466,141,97,1314,2002.0,0.0,38336.0,-0.786698,-0.682438,MLI,HKG,7810
813467,142,97,1314,2002.0,1443165.0,0.0,0.901235,-0.140261,MLT,HKG,7810
813468,143,97,1314,2002.0,0.0,53480.0,-1.251639,-0.994909,MMR,HKG,7810
813469,145,97,1314,2002.0,0.0,538402.0,-0.711096,-0.9835799999999999,MNG,HKG,7810
813470,147,97,1314,2002.0,0.0,19747.0,-1.337891,-1.187073,MOZ,HKG,7810
813471,151,97,1314,2002.0,135765.0,381215.0,-0.382062,-0.379224,MUS,HKG,7810
813472,153,97,1314,2002.0,643912.0,414226.0,0.9987159999999999,0.26558200000000004,MYS,HKG,7810
813473,159,97,1314,2002.0,0.0,95702.0,-1.705991,-1.292926,NGA,HKG,7810
813474,162,97,1314,2002.0,8191897.0,0.0,1.175777,1.667472,NLD,HKG,7810
813475,166,97,1314,2002.0,159840.0,184897.0,0.370673,0.7853829999999999,NZL,HKG,7810
813476,167,97,1314,2002.0,12170946.0,0.0,-1.307058,-1.270916,OMN,HKG,7810
813477,173,97,1314,2002.0,0.0,19778.0,-0.456603,0.030838,PER,HKG,7810
813478,174,97,1314,2002.0,165110.0,2286444.0,0.29601,-0.232513,PHL,HKG,7810
813479,176,97,1314,2002.0,0.0,3547.0,-1.430299,-1.172593,PNG,HKG,7810
813480,178,97,1314,2002.0,0.0,6222954.0,0.629678,1.0153780000000001,PRK,HKG,7810
813481,183,97,1314,2002.0,418418.0,0.0,-0.002177,-1.042517,QAT,HKG,7810
813482,186,97,1314,2002.0,0.0,11371.0,0.6051449999999999,0.272307,RUS,HKG,7810
813483,188,97,1314,2002.0,528938.0,0.0,0.048764,-0.903125,SAU,HKG,7810
813484,191,97,1314,2002.0,0.0,12613.0,-0.5424939999999999,-0.554531,SEN,HKG,7810
813485,192,97,1314,2002.0,4998016.0,1641894.0,1.7077209999999998,0.683549,SGP,HKG,7810
813486,206,97,1314,2002.0,45026.0,0.0,1.269549,1.184774,SVK,HKG,7810
813487,208,97,1314,2002.0,32050024.0,104715.0,2.134,0.769413,SWE,HKG,7810
813488,211,97,1314,2002.0,0.0,24718.0,-0.8837229999999999,-0.975607,SYC,HKG,7810
813489,215,97,1314,2002.0,0.0,1767.0,-0.688284,-0.5292789999999999,TGO,HKG,7810
813490,216,97,1314,2002.0,1768944.0,3630645.0,0.513887,1.545967,THA,HKG,7810
813491,222,97,1314,2002.0,0.0,2531.0,-0.056315,-0.803537,TTO,HKG,7810
813492,226,97,1314,2002.0,0.0,19692.0,-1.234127,-0.421158,TZA,HKG,7810
813493,227,97,1314,2002.0,0.0,7317.0,-1.262952,-0.903123,UGA,HKG,7810
813494,231,97,1314,2002.0,24792042.0,322326.0,1.853174,0.120986,USA,HKG,7810
813495,236,97,1314,2002.0,0.0,20144.0,-0.008877,-0.753486,VEN,HKG,7810
813496,239,97,1314,2002.0,401782.0,2027662.0,-0.44170699999999996,0.544708,VNM,HKG,7810
813497,246,97,1314,2002.0,21660318.0,77275.0,0.32760500000000004,2.497746,ZAF,HKG,7810
813498,247,97,1314,2002.0,0.0,30946.0,-0.840258,-0.639474,ZMB,HKG,7810
813499,249,97,1314,2002.0,9376032.0,8471494.0,1.9084720000000002,1.253714,TWN,HKG,7810
813500,0,99,1314,2002.0,24295.0,0.0,0.27076100000000003,-0.858951,ABW,HND,7810
813501,1,99,1314,2002.0,2393.0,0.0,-0.11885899999999999,-0.346093,AFG,HND,7810
813502,3,99,1314,2002.0,32973.0,0.0,1.822725,0.45911899999999994,AIA,HND,7810
813503,4,99,1314,2002.0,3288.0,0.0,-0.05800399999999999,0.042254,ALB,HND,7810
813504,5,99,1314,2002.0,56069.0,0.0,1.3229389999999999,0.9635950000000001,AND,HND,7810
813505,7,99,1314,2002.0,20697.0,0.0,-0.288838,-0.640049,ARE,HND,7810
813506,8,99,1314,2002.0,81145.0,0.0,0.045376,0.71768,ARG,HND,7810
813507,13,99,1314,2002.0,30881.0,0.0,0.23995500000000003,-0.754877,ATG,HND,7810
813508,14,99,1314,2002.0,1079.0,0.0,-0.052462,0.759617,AUS,HND,7810
813509,15,99,1314,2002.0,389655.0,0.0,1.866997,0.400527,AUT,HND,7810
813510,18,99,1314,2002.0,146557.0,0.0,1.424339,1.372755,BEL,HND,7810
813511,29,99,1314,2002.0,26943.0,20374.0,-0.553335,-0.753058,BLZ,HND,7810
813512,31,99,1314,2002.0,2917.0,0.0,-0.785592,-0.6761119999999999,BOL,HND,7810
813513,32,99,1314,2002.0,685226.0,0.0,0.631343,1.249344,BRA,HND,7810
813514,39,99,1314,2002.0,33643.0,0.0,0.9672360000000001,1.389981,CAN,HND,7810
813515,41,99,1314,2002.0,34758.0,0.0,2.205507,0.831836,CHE,HND,7810
813516,43,99,1314,2002.0,30790.0,0.0,0.6181220000000001,1.9636759999999998,CHN,HND,7810
813517,49,99,1314,2002.0,90750.0,0.0,0.219861,0.45238999999999996,COL,HND,7810
813518,52,99,1314,2002.0,55697.0,59145.0,0.083983,-0.096237,CRI,HND,7810
813519,59,99,1314,2002.0,3164.0,0.0,1.5835139999999999,0.9563010000000001,CZE,HND,7810
813520,61,99,1314,2002.0,1466306.0,0.0,2.367856,-2.195331,DEU,HND,7810
813521,63,99,1314,2002.0,7317.0,0.0,0.212137,-0.112873,DMA,HND,7810
813522,65,99,1314,2002.0,3183.0,40896.0,-0.43339300000000003,-0.378827,DOM,HND,7810
813523,71,99,1314,2002.0,473482.0,0.0,1.054108,1.9357349999999998,ESP,HND,7810
813524,77,99,1314,2002.0,1437796.0,0.0,1.648526,0.6870430000000001,FRA,HND,7810
813525,81,99,1314,2002.0,1341353.0,23162.0,2.067395,0.7934359999999999,GBR,HND,7810
813526,90,99,1314,2002.0,14180.0,0.0,0.20355399999999998,1.4130200000000002,GRC,HND,7810
813527,93,99,1314,2002.0,293125.0,245817.0,-0.49913,-0.038079,GTM,HND,7810
813528,97,99,1314,2002.0,8672.0,0.0,0.704932,1.291658,HKG,HND,7810
813529,104,99,1314,2002.0,11021.0,0.0,0.32974000000000003,2.376477,IND,HND,7810
813530,111,99,1314,2002.0,130089.0,12776.0,1.3944219999999998,1.125362,ITA,HND,7810
813531,112,99,1314,2002.0,19517.0,0.0,-0.459541,-0.947443,JAM,HND,7810
813532,114,99,1314,2002.0,29299388.0,5857.0,2.7747580000000003,0.43663199999999996,JPN,HND,7810
813533,121,99,1314,2002.0,2282250.0,0.0,1.4172719999999999,0.8763139999999999,KOR,HND,7810
813534,138,99,1314,2002.0,388180.0,41477.0,1.2677129999999999,0.599314,MEX,HND,7810
813535,160,99,1314,2002.0,57808.0,56005.0,-0.634946,-0.37966,NIC,HND,7810
813536,162,99,1314,2002.0,24301.0,4234.0,1.175777,1.667472,NLD,HND,7810
813537,169,99,1314,2002.0,331019.0,0.0,0.085746,0.21839,PAN,HND,7810
813538,173,99,1314,2002.0,7370.0,16017.0,-0.456603,0.030838,PER,HND,7810
813539,177,99,1314,2002.0,4917.0,0.0,0.9449299999999999,1.655764,POL,HND,7810
813540,178,99,1314,2002.0,199233.0,0.0,0.629678,1.0153780000000001,PRK,HND,7810
813541,185,99,1314,2002.0,12091.0,0.0,0.549227,1.071998,ROU,HND,7810
813542,190,99,1314,2002.0,0.0,3762.0,-1.336665,-1.19919,SDN,HND,7810
813543,197,99,1314,2002.0,167714.0,20488.0,-0.258579,-0.096214,SLV,HND,7810
813544,208,99,1314,2002.0,24233.0,0.0,2.134,0.769413,SWE,HND,7810
813545,216,99,1314,2002.0,6163.0,0.0,0.513887,1.545967,THA,HND,7810
813546,230,99,1314,2002.0,16815.0,0.0,0.048498,0.118565,URY,HND,7810
813547,231,99,1314,2002.0,16483517.0,842962.0,1.853174,0.120986,USA,HND,7810
813548,236,99,1314,2002.0,17983.0,13476.0,-0.008877,-0.753486,VEN,HND,7810
813549,249,99,1314,2002.0,11573.0,0.0,1.9084720000000002,1.253714,TWN,HND,7810
813550,250,99,1314,2002.0,52341.0,0.0,0.5979300000000001,-0.497816,ANS,HND,7810
813551,7,103,1314,2002.0,0.0,5757.0,-0.288838,-0.640049,ARE,IDN,7810
813552,14,103,1314,2002.0,33484540.0,27791.0,-0.052462,0.759617,AUS,IDN,7810
813553,15,103,1314,2002.0,582523.0,0.0,1.866997,0.400527,AUT,IDN,7810
813554,18,103,1314,2002.0,86926.0,1005.0,1.424339,1.372755,BEL,IDN,7810
813555,19,103,1314,2002.0,0.0,7312.0,-0.7683840000000001,-0.7984319999999999,BEN,IDN,7810
813556,34,103,1314,2002.0,57227.0,1523173.0,-1.359507,-1.084339,BRN,IDN,7810
813557,41,103,1314,2002.0,20518.0,0.0,2.205507,0.831836,CHE,IDN,7810
813558,43,103,1314,2002.0,42923.0,0.0,0.6181220000000001,1.9636759999999998,CHN,IDN,7810
813559,61,103,1314,2002.0,43132864.0,35460.0,2.367856,-2.195331,DEU,IDN,7810
813560,64,103,1314,2002.0,4981.0,0.0,1.344708,1.321135,DNK,IDN,7810
813561,68,103,1314,2002.0,5244.0,62906.0,-0.37218,0.634319,EGY,IDN,7810
813562,71,103,1314,2002.0,58945.0,0.0,1.054108,1.9357349999999998,ESP,IDN,7810
813563,73,103,1314,2002.0,0.0,1117821.0,-1.289118,-1.0291540000000001,ETH,IDN,7810
813564,75,103,1314,2002.0,0.0,295853.0,-0.788026,-0.432015,FJI,IDN,7810
813565,77,103,1314,2002.0,8388335.0,0.0,1.648526,0.6870430000000001,FRA,IDN,7810
813566,81,103,1314,2002.0,8827749.0,13047.0,2.067395,0.7934359999999999,GBR,IDN,7810
813567,82,103,1314,2002.0,16557.0,0.0,0.23526999999999998,-0.156333,GEO,IDN,7810
813568,83,103,1314,2002.0,0.0,35567.0,-1.258567,-1.048266,GHA,IDN,7810
813569,97,103,1314,2002.0,299784.0,54050.0,0.704932,1.291658,HKG,IDN,7810
813570,104,103,1314,2002.0,9367093.0,88333.0,0.32974000000000003,2.376477,IND,IDN,7810
813571,111,103,1314,2002.0,1258340.0,0.0,1.3944219999999998,1.125362,ITA,IDN,7810
813572,114,103,1314,2002.0,115399960.0,2227662.0,2.7747580000000003,0.43663199999999996,JPN,IDN,7810
813573,116,103,1314,2002.0,0.0,7182.0,-0.59055,0.000731,KEN,IDN,7810
813574,118,103,1314,2002.0,0.0,27622.0,-0.8577629999999999,-1.071536,KHM,IDN,7810
813575,121,103,1314,2002.0,41639092.0,0.0,1.4172719999999999,0.8763139999999999,KOR,IDN,7810
813576,131,103,1314,2002.0,0.0,1691.0,1.396249,1.153017,LUX,IDN,7810
813577,138,103,1314,2002.0,15793.0,1102.0,1.2677129999999999,0.599314,MEX,IDN,7810
813578,147,103,1314,2002.0,0.0,13821.0,-1.337891,-1.187073,MOZ,IDN,7810
813579,153,103,1314,2002.0,2385103.0,155567.0,0.9987159999999999,0.26558200000000004,MYS,IDN,7810
813580,156,103,1314,2002.0,0.0,13708.0,-0.7477739999999999,-1.006248,NCL,IDN,7810
813581,159,103,1314,2002.0,0.0,1633.0,-1.705991,-1.292926,NGA,IDN,7810
813582,162,103,1314,2002.0,1055501.0,0.0,1.175777,1.667472,NLD,IDN,7810
813583,163,103,1314,2002.0,0.0,8969.0,0.689588,-0.007016,NOR,IDN,7810
813584,166,103,1314,2002.0,5940580.0,1774.0,0.370673,0.7853829999999999,NZL,IDN,7810
813585,168,103,1314,2002.0,0.0,477401.0,-0.7574069999999999,-0.403427,PAK,IDN,7810
813586,173,103,1314,2002.0,0.0,1075.0,-0.456603,0.030838,PER,IDN,7810
813587,174,103,1314,2002.0,2401744.0,2832236.0,0.29601,-0.232513,PHL,IDN,7810
813588,176,103,1314,2002.0,0.0,211135.0,-1.430299,-1.172593,PNG,IDN,7810
813589,179,103,1314,2002.0,0.0,3965.0,0.584956,1.377068,PRT,IDN,7810
813590,183,103,1314,2002.0,33004.0,0.0,-0.002177,-1.042517,QAT,IDN,7810
813591,188,103,1314,2002.0,28277.0,0.0,0.048764,-0.903125,SAU,IDN,7810
813592,192,103,1314,2002.0,3144012.0,110603.0,1.7077209999999998,0.683549,SGP,IDN,7810
813593,208,103,1314,2002.0,546198.0,0.0,2.134,0.769413,SWE,IDN,7810
813594,215,103,1314,2002.0,0.0,1614.0,-0.688284,-0.5292789999999999,TGO,IDN,7810
813595,216,103,1314,2002.0,18066298.0,10462387.0,0.513887,1.545967,THA,IDN,7810
813596,220,103,1314,2002.0,0.0,487883.0,0.5889810000000001,-0.43221400000000004,TLS,IDN,7810
813597,224,103,1314,2002.0,3911.0,0.0,0.12982,1.8032650000000001,TUR,IDN,7810
813598,231,103,1314,2002.0,2064668.0,11222.0,1.853174,0.120986,USA,IDN,7810
813599,237,103,1314,2002.0,0.0,6561.0,0.6891930000000001,-0.27620500000000003,VGB,IDN,7810
813600,239,103,1314,2002.0,11885.0,3363195.0,-0.44170699999999996,0.544708,VNM,IDN,7810
813601,246,103,1314,2002.0,254300.0,270013.0,0.32760500000000004,2.497746,ZAF,IDN,7810
813602,248,103,1314,2002.0,18976.0,0.0,-0.36033000000000004,0.452182,ZWE,IDN,7810
813603,249,103,1314,2002.0,316989.0,0.0,1.9084720000000002,1.253714,TWN,IDN,7810
813604,1,106,1314,2002.0,296069.0,0.0,-0.11885899999999999,-0.346093,AFG,IRL,7810
813605,2,106,1314,2002.0,0.0,25032.0,-1.8043639999999999,-1.250642,AGO,IRL,7810
813606,7,106,1314,2002.0,0.0,4728.0,-0.288838,-0.640049,ARE,IRL,7810
813607,14,106,1314,2002.0,14002.0,104030.0,-0.052462,0.759617,AUS,IRL,7810
813608,15,106,1314,2002.0,5157858.0,0.0,1.866997,0.400527,AUT,IRL,7810
813609,18,106,1314,2002.0,149073936.0,37262.0,1.424339,1.372755,BEL,IRL,7810
813610,19,106,1314,2002.0,0.0,58776.0,-0.7683840000000001,-0.7984319999999999,BEN,IRL,7810
813611,28,106,1314,2002.0,0.0,16481.0,0.865742,1.1823860000000002,BLR,IRL,7810
813612,39,106,1314,2002.0,0.0,15430.0,0.9672360000000001,1.389981,CAN,IRL,7810
813613,41,106,1314,2002.0,30986.0,44446.0,2.205507,0.831836,CHE,IRL,7810
813614,43,106,1314,2002.0,23753.0,0.0,0.6181220000000001,1.9636759999999998,CHN,IRL,7810
813615,45,106,1314,2002.0,0.0,1027.0,-1.188713,-1.109944,CMR,IRL,7810
813616,46,106,1314,2002.0,0.0,1130.0,-1.218664,-1.1406120000000002,COD,IRL,7810
813617,47,106,1314,2002.0,0.0,2355.0,-1.468836,-1.250484,COG,IRL,7810
813618,58,106,1314,2002.0,358123.0,197016.0,0.332088,0.50441,CYP,IRL,7810
813619,59,106,1314,2002.0,56888480.0,0.0,1.5835139999999999,0.9563010000000001,CZE,IRL,7810
813620,61,106,1314,2002.0,547170304.0,3196633.0,2.367856,-2.195331,DEU,IRL,7810
813621,64,106,1314,2002.0,2594816.0,0.0,1.344708,1.321135,DNK,IRL,7810
813622,71,106,1314,2002.0,182943232.0,294786.0,1.054108,1.9357349999999998,ESP,IRL,7810
813623,73,106,1314,2002.0,0.0,6860.0,-1.289118,-1.0291540000000001,ETH,IRL,7810
813624,74,106,1314,2002.0,1553522.0,0.0,1.9545119999999998,1.047515,FIN,IRL,7810
813625,77,106,1314,2002.0,216512880.0,737353.0,1.648526,0.6870430000000001,FRA,IRL,7810
813626,81,106,1314,2002.0,427234400.0,340370464.0,2.067395,0.7934359999999999,GBR,IRL,7810
813627,85,106,1314,2002.0,0.0,4431.0,-1.684157,-1.256743,GIN,IRL,7810
813628,100,106,1314,2002.0,0.0,13041.0,0.603546,1.273001,HRV,IRL,7810
813629,102,106,1314,2002.0,1018995.0,0.0,1.232359,1.064425,HUN,IRL,7810
813630,104,106,1314,2002.0,627771.0,0.0,0.32974000000000003,2.376477,IND,IRL,7810
813631,110,106,1314,2002.0,0.0,117487.0,1.257709,0.8318989999999999,ISR,IRL,7810
813632,111,106,1314,2002.0,92112400.0,934028.0,1.3944219999999998,1.125362,ITA,IRL,7810
813633,113,106,1314,2002.0,0.0,1570.0,0.34023000000000003,0.264754,JOR,IRL,7810
813634,114,106,1314,2002.0,192410448.0,43860.0,2.7747580000000003,0.43663199999999996,JPN,IRL,7810
813635,116,106,1314,2002.0,0.0,26622.0,-0.59055,0.000731,KEN,IRL,7810
813636,121,106,1314,2002.0,56831572.0,0.0,1.4172719999999999,0.8763139999999999,KOR,IRL,7810
813637,122,106,1314,2002.0,0.0,28424.0,-0.794007,-1.192659,KWT,IRL,7810
813638,124,106,1314,2002.0,43746.0,80374.0,0.220906,1.470297,LBN,IRL,7810
813639,127,106,1314,2002.0,0.0,4128.0,0.261861,-0.36480999999999997,LCA,IRL,7810
813640,130,106,1314,2002.0,1031.0,0.0,0.15796,0.855931,LTU,IRL,7810
813641,131,106,1314,2002.0,476883.0,8416.0,1.396249,1.153017,LUX,IRL,7810
813642,138,106,1314,2002.0,2087918.0,0.0,1.2677129999999999,0.599314,MEX,IRL,7810
813643,142,106,1314,2002.0,816162.0,0.0,0.901235,-0.140261,MLT,IRL,7810
813644,153,106,1314,2002.0,23145.0,55150.0,0.9987159999999999,0.26558200000000004,MYS,IRL,7810
813645,155,106,1314,2002.0,19344.0,0.0,-0.137725,-0.361452,NAM,IRL,7810
813646,156,106,1314,2002.0,0.0,64596.0,-0.7477739999999999,-1.006248,NCL,IRL,7810
813647,159,106,1314,2002.0,9583.0,120377.0,-1.705991,-1.292926,NGA,IRL,7810
813648,162,106,1314,2002.0,7306772.0,353003.0,1.175777,1.667472,NLD,IRL,7810
813649,166,106,1314,2002.0,0.0,40895.0,0.370673,0.7853829999999999,NZL,IRL,7810
813650,167,106,1314,2002.0,7789.0,10626.0,-1.307058,-1.270916,OMN,IRL,7810
813651,168,106,1314,2002.0,0.0,65759.0,-0.7574069999999999,-0.403427,PAK,IRL,7810
813652,177,106,1314,2002.0,2412239.0,0.0,0.9449299999999999,1.655764,POL,IRL,7810
813653,178,106,1314,2002.0,348562.0,0.0,0.629678,1.0153780000000001,PRK,IRL,7810
813654,179,106,1314,2002.0,12987538.0,7873.0,0.584956,1.377068,PRT,IRL,7810
813655,183,106,1314,2002.0,0.0,9295.0,-0.002177,-1.042517,QAT,IRL,7810
813656,185,106,1314,2002.0,0.0,1411.0,0.549227,1.071998,ROU,IRL,7810
813657,188,106,1314,2002.0,247585.0,0.0,0.048764,-0.903125,SAU,IRL,7810
813658,189,106,1314,2002.0,0.0,1694.0,0.523459,2.58657,SCG,IRL,7810
813659,208,106,1314,2002.0,31380810.0,658019.0,2.134,0.769413,SWE,IRL,7810
813660,211,106,1314,2002.0,0.0,16322.0,-0.8837229999999999,-0.975607,SYC,IRL,7810
813661,216,106,1314,2002.0,50880.0,0.0,0.513887,1.545967,THA,IRL,7810
813662,223,106,1314,2002.0,0.0,5287.0,0.059876,0.369032,TUN,IRL,7810
813663,224,106,1314,2002.0,30633844.0,130820.0,0.12982,1.8032650000000001,TUR,IRL,7810
813664,231,106,1314,2002.0,9953881.0,82670.0,1.853174,0.120986,USA,IRL,7810
813665,246,106,1314,2002.0,355480.0,65607.0,0.32760500000000004,2.497746,ZAF,IRL,7810
813666,248,106,1314,2002.0,0.0,28010.0,-0.36033000000000004,0.452182,ZWE,IRL,7810
813667,249,106,1314,2002.0,2023234.0,0.0,1.9084720000000002,1.253714,TWN,IRL,7810
813668,250,106,1314,2002.0,339943.0,1935786.0,0.5979300000000001,-0.497816,ANS,IRL,7810
813669,1,107,1314,2002.0,0.0,52075.0,-0.11885899999999999,-0.346093,AFG,IRN,7810
813670,7,107,1314,2002.0,1762677.0,4574.0,-0.288838,-0.640049,ARE,IRN,7810
813671,9,107,1314,2002.0,13274.0,92702.0,0.66447,-0.08317000000000001,ARM,IRN,7810
813672,16,107,1314,2002.0,26319.0,212933.0,-0.566735,-1.003158,AZE,IRN,7810
813673,18,107,1314,2002.0,37016.0,8481.0,1.424339,1.372755,BEL,IRN,7810
813674,23,107,1314,2002.0,5815.0,0.0,0.468058,1.644037,BGR,IRN,7810
813675,24,107,1314,2002.0,35068.0,0.0,-0.31754099999999996,-1.099381,BHR,IRN,7810
813676,39,107,1314,2002.0,10066.0,3675.0,0.9672360000000001,1.389981,CAN,IRN,7810
813677,41,107,1314,2002.0,2175.0,30114.0,2.205507,0.831836,CHE,IRN,7810
813678,43,107,1314,2002.0,7800.0,8670.0,0.6181220000000001,1.9636759999999998,CHN,IRN,7810
813679,61,107,1314,2002.0,41501536.0,58936.0,2.367856,-2.195331,DEU,IRN,7810
813680,64,107,1314,2002.0,60976.0,0.0,1.344708,1.321135,DNK,IRN,7810
813681,68,107,1314,2002.0,0.0,6545.0,-0.37218,0.634319,EGY,IRN,7810
813682,71,107,1314,2002.0,10550.0,0.0,1.054108,1.9357349999999998,ESP,IRN,7810
813683,73,107,1314,2002.0,0.0,3374.0,-1.289118,-1.0291540000000001,ETH,IRN,7810
813684,77,107,1314,2002.0,316388576.0,1729448.0,1.648526,0.6870430000000001,FRA,IRN,7810
813685,81,107,1314,2002.0,205154.0,42435.0,2.067395,0.7934359999999999,GBR,IRN,7810
813686,82,107,1314,2002.0,6580.0,48794.0,0.23526999999999998,-0.156333,GEO,IRN,7810
813687,85,107,1314,2002.0,0.0,348637.0,-1.684157,-1.256743,GIN,IRN,7810
813688,97,107,1314,2002.0,38924.0,0.0,0.704932,1.291658,HKG,IRN,7810
813689,100,107,1314,2002.0,3253.0,0.0,0.603546,1.273001,HRV,IRN,7810
813690,104,107,1314,2002.0,94471.0,22670.0,0.32974000000000003,2.376477,IND,IRN,7810
813691,108,107,1314,2002.0,144800.0,619972.0,-1.008202,-0.9532209999999999,IRQ,IRN,7810
813692,111,107,1314,2002.0,78311.0,28630.0,1.3944219999999998,1.125362,ITA,IRN,7810
813693,113,107,1314,2002.0,1222607.0,0.0,0.34023000000000003,0.264754,JOR,IRN,7810
813694,114,107,1314,2002.0,79268968.0,5590.0,2.7747580000000003,0.43663199999999996,JPN,IRN,7810
813695,115,107,1314,2002.0,9218.0,167612.0,-0.100361,-0.502468,KAZ,IRN,7810
813696,121,107,1314,2002.0,84100304.0,14554.0,1.4172719999999999,0.8763139999999999,KOR,IRN,7810
813697,122,107,1314,2002.0,25750.0,0.0,-0.794007,-1.192659,KWT,IRN,7810
813698,124,107,1314,2002.0,0.0,25156.0,0.220906,1.470297,LBN,IRN,7810
813699,126,107,1314,2002.0,0.0,9959.0,-0.692769,-1.188682,LBY,IRN,7810
813700,128,107,1314,2002.0,0.0,5460.0,-0.461765,-0.057614,LKA,IRN,7810
813701,134,107,1314,2002.0,13147.0,0.0,-0.690226,-0.42557,MAR,IRN,7810
813702,138,107,1314,2002.0,0.0,1784.0,1.2677129999999999,0.599314,MEX,IRN,7810
813703,153,107,1314,2002.0,1500400.0,3642.0,0.9987159999999999,0.26558200000000004,MYS,IRN,7810
813704,154,107,1314,2002.0,0.0,31052.0,0.752173,-0.5639,MYT,IRN,7810
813705,159,107,1314,2002.0,0.0,26683.0,-1.705991,-1.292926,NGA,IRN,7810
813706,162,107,1314,2002.0,26483.0,0.0,1.175777,1.667472,NLD,IRN,7810
813707,167,107,1314,2002.0,522886.0,0.0,-1.307058,-1.270916,OMN,IRN,7810
813708,168,107,1314,2002.0,25045.0,0.0,-0.7574069999999999,-0.403427,PAK,IRN,7810
813709,177,107,1314,2002.0,218043.0,0.0,0.9449299999999999,1.655764,POL,IRN,7810
813710,179,107,1314,2002.0,4160.0,0.0,0.584956,1.377068,PRT,IRN,7810
813711,183,107,1314,2002.0,73967.0,81790.0,-0.002177,-1.042517,QAT,IRN,7810
813712,186,107,1314,2002.0,14072.0,0.0,0.6051449999999999,0.272307,RUS,IRN,7810
813713,188,107,1314,2002.0,310927.0,14886.0,0.048764,-0.903125,SAU,IRN,7810
813714,190,107,1314,2002.0,6578.0,206954.0,-1.336665,-1.19919,SDN,IRN,7810
813715,192,107,1314,2002.0,33922.0,0.0,1.7077209999999998,0.683549,SGP,IRN,7810
813716,196,107,1314,2002.0,0.0,11338.0,0.29478899999999997,0.055865,SLE,IRN,7810
813717,208,107,1314,2002.0,116345.0,0.0,2.134,0.769413,SWE,IRN,7810
813718,212,107,1314,2002.0,0.0,18872560.0,-1.07007,-0.560769,SYR,IRN,7810
813719,217,107,1314,2002.0,10874.0,76226.0,-0.8483510000000001,-1.09992,TJK,IRN,7810
813720,219,107,1314,2002.0,121885.0,531861.0,-0.9178629999999999,-1.202212,TKM,IRN,7810
813721,224,107,1314,2002.0,10330.0,22880.0,0.12982,1.8032650000000001,TUR,IRN,7810
813722,231,107,1314,2002.0,14987.0,0.0,1.853174,0.120986,USA,IRN,7810
813723,232,107,1314,2002.0,0.0,9519.0,-0.583861,-0.758266,UZB,IRN,7810
813724,239,107,1314,2002.0,0.0,30897.0,-0.44170699999999996,0.544708,VNM,IRN,7810
813725,243,107,1314,2002.0,0.0,34048.0,-1.447637,-1.289748,YEM,IRN,7810
813726,246,107,1314,2002.0,54429.0,95146.0,0.32760500000000004,2.497746,ZAF,IRN,7810
813727,249,107,1314,2002.0,7723.0,0.0,1.9084720000000002,1.253714,TWN,IRN,7810
813728,250,107,1314,2002.0,30397.0,0.0,0.5979300000000001,-0.497816,ANS,IRN,7810
813729,8,110,1314,2002.0,0.0,7279.0,0.045376,0.71768,ARG,ISR,7810
813730,14,110,1314,2002.0,86517.0,0.0,-0.052462,0.759617,AUS,ISR,7810
813731,15,110,1314,2002.0,3387812.0,0.0,1.866997,0.400527,AUT,ISR,7810
813732,18,110,1314,2002.0,34120588.0,68174.0,1.424339,1.372755,BEL,ISR,7810
813733,23,110,1314,2002.0,3172.0,41400.0,0.468058,1.644037,BGR,ISR,7810
813734,25,110,1314,2002.0,0.0,3137.0,0.035127,-0.536416,BHS,ISR,7810
813735,39,110,1314,2002.0,3999520.0,0.0,0.9672360000000001,1.389981,CAN,ISR,7810
813736,41,110,1314,2002.0,124613.0,0.0,2.205507,0.831836,CHE,ISR,7810
813737,43,110,1314,2002.0,33296.0,0.0,0.6181220000000001,1.9636759999999998,CHN,ISR,7810
813738,44,110,1314,2002.0,0.0,354279.0,-0.803739,-0.752218,CIV,ISR,7810
813739,45,110,1314,2002.0,0.0,154349.0,-1.188713,-1.109944,CMR,ISR,7810
813740,58,110,1314,2002.0,56924.0,0.0,0.332088,0.50441,CYP,ISR,7810
813741,59,110,1314,2002.0,32887682.0,0.0,1.5835139999999999,0.9563010000000001,CZE,ISR,7810
813742,61,110,1314,2002.0,142255344.0,264171.0,2.367856,-2.195331,DEU,ISR,7810
813743,64,110,1314,2002.0,207913.0,0.0,1.344708,1.321135,DNK,ISR,7810
813744,67,110,1314,2002.0,0.0,19277.0,-0.973858,-0.8924979999999999,ECU,ISR,7810
813745,68,110,1314,2002.0,10337.0,0.0,-0.37218,0.634319,EGY,ISR,7810
813746,71,110,1314,2002.0,150659168.0,352460.0,1.054108,1.9357349999999998,ESP,ISR,7810
813747,74,110,1314,2002.0,219745.0,0.0,1.9545119999999998,1.047515,FIN,ISR,7810
813748,77,110,1314,2002.0,144305840.0,128058.0,1.648526,0.6870430000000001,FRA,ISR,7810
813749,81,110,1314,2002.0,49745780.0,217356.0,2.067395,0.7934359999999999,GBR,ISR,7810
813750,90,110,1314,2002.0,99994.0,10785.0,0.20355399999999998,1.4130200000000002,GRC,ISR,7810
813751,97,110,1314,2002.0,0.0,51095.0,0.704932,1.291658,HKG,ISR,7810
813752,100,110,1314,2002.0,3682.0,2504.0,0.603546,1.273001,HRV,ISR,7810
813753,102,110,1314,2002.0,4449152.0,0.0,1.232359,1.064425,HUN,ISR,7810
813754,104,110,1314,2002.0,255328.0,0.0,0.32974000000000003,2.376477,IND,ISR,7810
813755,106,110,1314,2002.0,117487.0,0.0,1.7939310000000002,0.219254,IRL,ISR,7810
813756,111,110,1314,2002.0,28706218.0,69995.0,1.3944219999999998,1.125362,ITA,ISR,7810
813757,112,110,1314,2002.0,0.0,361634.0,-0.459541,-0.947443,JAM,ISR,7810
813758,113,110,1314,2002.0,60720.0,25618.0,0.34023000000000003,0.264754,JOR,ISR,7810
813759,114,110,1314,2002.0,253056944.0,0.0,2.7747580000000003,0.43663199999999996,JPN,ISR,7810
813760,116,110,1314,2002.0,0.0,5931.0,-0.59055,0.000731,KEN,ISR,7810
813761,118,110,1314,2002.0,7000.0,0.0,-0.8577629999999999,-1.071536,KHM,ISR,7810
813762,121,110,1314,2002.0,68372472.0,14748.0,1.4172719999999999,0.8763139999999999,KOR,ISR,7810
813763,131,110,1314,2002.0,49604.0,0.0,1.396249,1.153017,LUX,ISR,7810
813764,132,110,1314,2002.0,0.0,5314.0,0.41409799999999997,0.6281680000000001,LVA,ISR,7810
813765,138,110,1314,2002.0,36095.0,0.0,1.2677129999999999,0.599314,MEX,ISR,7810
813766,152,110,1314,2002.0,0.0,163779.0,-1.431612,-1.234903,MWI,ISR,7810
813767,159,110,1314,2002.0,0.0,132316.0,-1.705991,-1.292926,NGA,ISR,7810
813768,162,110,1314,2002.0,25784810.0,9331.0,1.175777,1.667472,NLD,ISR,7810
813769,163,110,1314,2002.0,68699.0,16539.0,0.689588,-0.007016,NOR,ISR,7810
813770,166,110,1314,2002.0,10878.0,0.0,0.370673,0.7853829999999999,NZL,ISR,7810
813771,174,110,1314,2002.0,11398.0,35444.0,0.29601,-0.232513,PHL,ISR,7810
813772,179,110,1314,2002.0,45514.0,13457.0,0.584956,1.377068,PRT,ISR,7810
813773,186,110,1314,2002.0,9257.0,0.0,0.6051449999999999,0.272307,RUS,ISR,7810
813774,206,110,1314,2002.0,105950.0,0.0,1.269549,1.184774,SVK,ISR,7810
813775,207,110,1314,2002.0,19621.0,0.0,1.469681,1.13303,SVN,ISR,7810
813776,208,110,1314,2002.0,9303907.0,56928.0,2.134,0.769413,SWE,ISR,7810
813777,216,110,1314,2002.0,17963.0,0.0,0.513887,1.545967,THA,ISR,7810
813778,224,110,1314,2002.0,70016320.0,0.0,0.12982,1.8032650000000001,TUR,ISR,7810
813779,228,110,1314,2002.0,19218.0,0.0,0.575372,1.131722,UKR,ISR,7810
813780,231,110,1314,2002.0,78917728.0,34362.0,1.853174,0.120986,USA,ISR,7810
813781,236,110,1314,2002.0,0.0,9806.0,-0.008877,-0.753486,VEN,ISR,7810
813782,249,110,1314,2002.0,109953.0,0.0,1.9084720000000002,1.253714,TWN,ISR,7810
813783,250,110,1314,2002.0,112158.0,33000.0,0.5979300000000001,-0.497816,ANS,ISR,7810
813784,1,111,1314,2002.0,0.0,342926.0,-0.11885899999999999,-0.346093,AFG,ITA,7810
813785,2,111,1314,2002.0,0.0,669264.0,-1.8043639999999999,-1.250642,AGO,ITA,7810
813786,4,111,1314,2002.0,25957.0,6411346.0,-0.05800399999999999,0.042254,ALB,ITA,7810
813787,5,111,1314,2002.0,0.0,2086237.0,1.3229389999999999,0.9635950000000001,AND,ITA,7810
813788,7,111,1314,2002.0,486488.0,8097034.0,-0.288838,-0.640049,ARE,ITA,7810
813789,8,111,1314,2002.0,233868.0,1889684.0,0.045376,0.71768,ARG,ITA,7810
813790,9,111,1314,2002.0,0.0,94570.0,0.66447,-0.08317000000000001,ARM,ITA,7810
813791,14,111,1314,2002.0,573354.0,94880576.0,-0.052462,0.759617,AUS,ITA,7810
813792,15,111,1314,2002.0,544891520.0,164072608.0,1.866997,0.400527,AUT,ITA,7810
813793,16,111,1314,2002.0,0.0,26561.0,-0.566735,-1.003158,AZE,ITA,7810
813794,17,111,1314,2002.0,0.0,25439.0,-0.399212,-0.67657,BDI,ITA,7810
813795,18,111,1314,2002.0,1028358720.0,319298528.0,1.424339,1.372755,BEL,ITA,7810
813796,19,111,1314,2002.0,3961.0,808394.0,-0.7683840000000001,-0.7984319999999999,BEN,ITA,7810
813797,21,111,1314,2002.0,0.0,100293.0,-0.5542590000000001,-0.5946060000000001,BFA,ITA,7810
813798,22,111,1314,2002.0,0.0,11045.0,-0.9509,-1.113308,BGD,ITA,7810
813799,23,111,1314,2002.0,45390.0,14602450.0,0.468058,1.644037,BGR,ITA,7810
813800,24,111,1314,2002.0,0.0,613429.0,-0.31754099999999996,-1.099381,BHR,ITA,7810
813801,25,111,1314,2002.0,0.0,9694.0,0.035127,-0.536416,BHS,ITA,7810
813802,26,111,1314,2002.0,9913.0,1342372.0,0.223543,0.44595100000000004,BIH,ITA,7810
813803,28,111,1314,2002.0,0.0,53847.0,0.865742,1.1823860000000002,BLR,ITA,7810
813804,29,111,1314,2002.0,0.0,7141.0,-0.553335,-0.753058,BLZ,ITA,7810
813805,31,111,1314,2002.0,19404.0,55547.0,-0.785592,-0.6761119999999999,BOL,ITA,7810
813806,32,111,1314,2002.0,19624428.0,5027610.0,0.631343,1.249344,BRA,ITA,7810
813807,34,111,1314,2002.0,0.0,81154.0,-1.359507,-1.084339,BRN,ITA,7810
813808,37,111,1314,2002.0,0.0,3877.0,-0.164526,-1.04616,BWA,ITA,7810
813809,38,111,1314,2002.0,0.0,10143.0,-0.698235,-0.905799,CAF,ITA,7810
813810,39,111,1314,2002.0,2627984.0,5756823.0,0.9672360000000001,1.389981,CAN,ITA,7810
813811,41,111,1314,2002.0,5891330.0,240234160.0,2.205507,0.831836,CHE,ITA,7810
813812,42,111,1314,2002.0,11962.0,1398675.0,-0.079201,-0.11449200000000001,CHL,ITA,7810
813813,43,111,1314,2002.0,477634.0,1422886.0,0.6181220000000001,1.9636759999999998,CHN,ITA,7810
813814,44,111,1314,2002.0,68209.0,720973.0,-0.803739,-0.752218,CIV,ITA,7810
813815,45,111,1314,2002.0,0.0,384924.0,-1.188713,-1.109944,CMR,ITA,7810
813816,46,111,1314,2002.0,0.0,36138.0,-1.218664,-1.1406120000000002,COD,ITA,7810
813817,47,111,1314,2002.0,0.0,141672.0,-1.468836,-1.250484,COG,ITA,7810
813818,49,111,1314,2002.0,15310.0,37383.0,0.219861,0.45238999999999996,COL,ITA,7810
813819,51,111,1314,2002.0,0.0,128299.0,-0.315184,-0.660522,CPV,ITA,7810
813820,52,111,1314,2002.0,3353.0,764907.0,0.083983,-0.096237,CRI,ITA,7810
813821,54,111,1314,2002.0,0.0,560915.0,-0.896759,-1.079825,CUB,ITA,7810
813822,58,111,1314,2002.0,6249.0,2217203.0,0.332088,0.50441,CYP,ITA,7810
813823,59,111,1314,2002.0,257399792.0,30858908.0,1.5835139999999999,0.9563010000000001,CZE,ITA,7810
813824,61,111,1314,2002.0,7513200128.0,1417066496.0,2.367856,-2.195331,DEU,ITA,7810
813825,62,111,1314,2002.0,0.0,10846.0,-0.03383,-0.014618,DJI,ITA,7810
813826,64,111,1314,2002.0,1970038.0,53787428.0,1.344708,1.321135,DNK,ITA,7810
813827,65,111,1314,2002.0,13984.0,250285.0,-0.43339300000000003,-0.378827,DOM,ITA,7810
813828,66,111,1314,2002.0,27122.0,1592243.0,-0.9281389999999999,-1.19549,DZA,ITA,7810
813829,67,111,1314,2002.0,0.0,577697.0,-0.973858,-0.8924979999999999,ECU,ITA,7810
813830,68,111,1314,2002.0,122507.0,7238637.0,-0.37218,0.634319,EGY,ITA,7810
813831,69,111,1314,2002.0,6320.0,312932.0,1.019399,0.23989899999999997,ERI,ITA,7810
813832,71,111,1314,2002.0,2654381056.0,542804864.0,1.054108,1.9357349999999998,ESP,ITA,7810
813833,72,111,1314,2002.0,7953.0,2394447.0,0.576142,1.168563,EST,ITA,7810
813834,73,111,1314,2002.0,6444.0,292532.0,-1.289118,-1.0291540000000001,ETH,ITA,7810
813835,74,111,1314,2002.0,10373313.0,32751316.0,1.9545119999999998,1.047515,FIN,ITA,7810
813836,76,111,1314,2002.0,0.0,20388.0,-0.395335,-0.942025,FLK,ITA,7810
813837,77,111,1314,2002.0,3228897792.0,1042592320.0,1.648526,0.6870430000000001,FRA,ITA,7810
813838,78,111,1314,2002.0,0.0,79398.0,-0.33811399999999997,-0.8092050000000001,FRO,ITA,7810
813839,80,111,1314,2002.0,0.0,28050.0,-1.34341,-1.238593,GAB,ITA,7810
813840,81,111,1314,2002.0,1387147520.0,894055040.0,2.067395,0.7934359999999999,GBR,ITA,7810
813841,82,111,1314,2002.0,0.0,56260.0,0.23526999999999998,-0.156333,GEO,ITA,7810
813842,83,111,1314,2002.0,0.0,4647952.0,-1.258567,-1.048266,GHA,ITA,7810
813843,84,111,1314,2002.0,0.0,1308905.0,0.404483,-0.313042,GIB,ITA,7810
813844,85,111,1314,2002.0,0.0,1813678.0,-1.684157,-1.256743,GIN,ITA,7810
813845,87,111,1314,2002.0,0.0,54166.0,0.266536,0.20776,GMB,ITA,7810
813846,88,111,1314,2002.0,0.0,4785.0,-0.30444099999999996,-0.815509,GNB,ITA,7810
813847,89,111,1314,2002.0,0.0,38549.0,-1.8647490000000002,-0.96145,GNQ,ITA,7810
813848,90,111,1314,2002.0,86490.0,164052944.0,0.20355399999999998,1.4130200000000002,GRC,ITA,7810
813849,93,111,1314,2002.0,4937.0,1277813.0,-0.49913,-0.038079,GTM,ITA,7810
813850,95,111,1314,2002.0,0.0,1182.0,-0.5440229999999999,-0.929201,GUM,ITA,7810
813851,97,111,1314,2002.0,90456.0,12386673.0,0.704932,1.291658,HKG,ITA,7810
813852,99,111,1314,2002.0,12776.0,130089.0,-0.637891,-0.564421,HND,ITA,7810
813853,100,111,1314,2002.0,62576.0,65003204.0,0.603546,1.273001,HRV,ITA,7810
813854,102,111,1314,2002.0,74161616.0,55701712.0,1.232359,1.064425,HUN,ITA,7810
813855,103,111,1314,2002.0,0.0,1258340.0,0.098182,1.7305840000000001,IDN,ITA,7810
813856,104,111,1314,2002.0,24555180.0,168844.0,0.32974000000000003,2.376477,IND,ITA,7810
813857,106,111,1314,2002.0,934028.0,92112400.0,1.7939310000000002,0.219254,IRL,ITA,7810
813858,107,111,1314,2002.0,28630.0,78311.0,-0.665259,-0.840274,IRN,ITA,7810
813859,109,111,1314,2002.0,0.0,401397.0,0.17011700000000002,-0.33925500000000003,ISL,ITA,7810
813860,110,111,1314,2002.0,69995.0,28706218.0,1.257709,0.8318989999999999,ISR,ITA,7810
813861,112,111,1314,2002.0,1496.0,48799.0,-0.459541,-0.947443,JAM,ITA,7810
813862,113,111,1314,2002.0,13835.0,1628421.0,0.34023000000000003,0.264754,JOR,ITA,7810
813863,114,111,1314,2002.0,1037043072.0,181106096.0,2.7747580000000003,0.43663199999999996,JPN,ITA,7810
813864,115,111,1314,2002.0,5584.0,54634.0,-0.100361,-0.502468,KAZ,ITA,7810
813865,116,111,1314,2002.0,118088.0,256790.0,-0.59055,0.000731,KEN,ITA,7810
813866,118,111,1314,2002.0,0.0,3997.0,-0.8577629999999999,-1.071536,KHM,ITA,7810
813867,121,111,1314,2002.0,592612608.0,583800.0,1.4172719999999999,0.8763139999999999,KOR,ITA,7810
813868,122,111,1314,2002.0,8153.0,3000683.0,-0.794007,-1.192659,KWT,ITA,7810
813869,124,111,1314,2002.0,42329.0,4188671.0,0.220906,1.470297,LBN,ITA,7810
813870,126,111,1314,2002.0,12242.0,2555057.0,-0.692769,-1.188682,LBY,ITA,7810
813871,128,111,1314,2002.0,2323.0,32017.0,-0.461765,-0.057614,LKA,ITA,7810
813872,129,111,1314,2002.0,0.0,5441.0,-1.313698,-1.153109,LSO,ITA,7810
813873,130,111,1314,2002.0,18469.0,2255161.0,0.15796,0.855931,LTU,ITA,7810
813874,131,111,1314,2002.0,10268226.0,10632791.0,1.396249,1.153017,LUX,ITA,7810
813875,132,111,1314,2002.0,0.0,725069.0,0.41409799999999997,0.6281680000000001,LVA,ITA,7810
813876,133,111,1314,2002.0,0.0,154806.0,0.005082,-0.328658,MAC,ITA,7810
813877,134,111,1314,2002.0,50201.0,4143794.0,-0.690226,-0.42557,MAR,ITA,7810
813878,135,111,1314,2002.0,0.0,523080.0,-0.017383000000000003,0.109124,MDA,ITA,7810
813879,136,111,1314,2002.0,4387.0,44802.0,-1.109564,-0.642039,MDG,ITA,7810
813880,138,111,1314,2002.0,7405588.0,9530315.0,1.2677129999999999,0.599314,MEX,ITA,7810
813881,140,111,1314,2002.0,34116.0,2858192.0,-0.027727999999999996,0.41846400000000006,MKD,ITA,7810
813882,141,111,1314,2002.0,0.0,53014.0,-0.786698,-0.682438,MLI,ITA,7810
813883,142,111,1314,2002.0,53722.0,5691596.0,0.901235,-0.140261,MLT,ITA,7810
813884,147,111,1314,2002.0,0.0,105965.0,-1.337891,-1.187073,MOZ,ITA,7810
813885,148,111,1314,2002.0,0.0,172416.0,-1.053061,-1.221967,MRT,ITA,7810
813886,149,111,1314,2002.0,0.0,8528.0,1.6121860000000001,0.078151,MSR,ITA,7810
813887,151,111,1314,2002.0,0.0,297837.0,-0.382062,-0.379224,MUS,ITA,7810
813888,153,111,1314,2002.0,30620.0,3910136.0,0.9987159999999999,0.26558200000000004,MYS,ITA,7810
813889,154,111,1314,2002.0,0.0,114002.0,0.752173,-0.5639,MYT,ITA,7810
813890,155,111,1314,2002.0,0.0,21655.0,-0.137725,-0.361452,NAM,ITA,7810
813891,156,111,1314,2002.0,0.0,391996.0,-0.7477739999999999,-1.006248,NCL,ITA,7810
813892,157,111,1314,2002.0,0.0,20493.0,-0.562837,-0.333649,NER,ITA,7810
813893,159,111,1314,2002.0,12556.0,2430226.0,-1.705991,-1.292926,NGA,ITA,7810
813894,160,111,1314,2002.0,19224.0,10547.0,-0.634946,-0.37966,NIC,ITA,7810
813895,162,111,1314,2002.0,133193640.0,293112768.0,1.175777,1.667472,NLD,ITA,7810
813896,163,111,1314,2002.0,31127.0,12191582.0,0.689588,-0.007016,NOR,ITA,7810
813897,166,111,1314,2002.0,5003.0,12121144.0,0.370673,0.7853829999999999,NZL,ITA,7810
813898,167,111,1314,2002.0,208107.0,1492046.0,-1.307058,-1.270916,OMN,ITA,7810
813899,168,111,1314,2002.0,0.0,138720.0,-0.7574069999999999,-0.403427,PAK,ITA,7810
813900,169,111,1314,2002.0,8059.0,88643.0,0.085746,0.21839,PAN,ITA,7810
813901,173,111,1314,2002.0,2762.0,480091.0,-0.456603,0.030838,PER,ITA,7810
813902,174,111,1314,2002.0,15210.0,176975.0,0.29601,-0.232513,PHL,ITA,7810
813903,176,111,1314,2002.0,0.0,6936.0,-1.430299,-1.172593,PNG,ITA,7810
813904,177,111,1314,2002.0,558940544.0,113147800.0,0.9449299999999999,1.655764,POL,ITA,7810
813905,178,111,1314,2002.0,60508.0,0.0,0.629678,1.0153780000000001,PRK,ITA,7810
813906,179,111,1314,2002.0,198936144.0,115323784.0,0.584956,1.377068,PRT,ITA,7810
813907,180,111,1314,2002.0,7041.0,126327.0,-0.733796,-0.9001530000000001,PRY,ITA,7810
813908,182,111,1314,2002.0,0.0,1031361.0,-0.363179,-0.8967450000000001,PYF,ITA,7810
813909,183,111,1314,2002.0,8047.0,3091737.0,-0.002177,-1.042517,QAT,ITA,7810
813910,185,111,1314,2002.0,139013.0,18239548.0,0.549227,1.071998,ROU,ITA,7810
813911,186,111,1314,2002.0,1028049.0,11981034.0,0.6051449999999999,0.272307,RUS,ITA,7810
813912,187,111,1314,2002.0,0.0,14921.0,-0.6278859999999999,-0.832391,RWA,ITA,7810
813913,188,111,1314,2002.0,1186886.0,2543495.0,0.048764,-0.903125,SAU,ITA,7810
813914,189,111,1314,2002.0,61257.0,7600930.0,0.523459,2.58657,SCG,ITA,7810
813915,190,111,1314,2002.0,0.0,125557.0,-1.336665,-1.19919,SDN,ITA,7810
813916,191,111,1314,2002.0,89421.0,3834534.0,-0.5424939999999999,-0.554531,SEN,ITA,7810
813917,192,111,1314,2002.0,5252174.0,7557204.0,1.7077209999999998,0.683549,SGP,ITA,7810
813918,196,111,1314,2002.0,8228.0,172216.0,0.29478899999999997,0.055865,SLE,ITA,7810
813919,197,111,1314,2002.0,7377.0,101051.0,-0.258579,-0.096214,SLV,ITA,7810
813920,199,111,1314,2002.0,0.0,4480.0,-0.145777,-0.512123,SOM,ITA,7810
813921,206,111,1314,2002.0,181855248.0,3227708.0,1.269549,1.184774,SVK,ITA,7810
813922,207,111,1314,2002.0,153703824.0,67412672.0,1.469681,1.13303,SVN,ITA,7810
813923,208,111,1314,2002.0,79436904.0,10757020.0,2.134,0.769413,SWE,ITA,7810
813924,211,111,1314,2002.0,0.0,5428.0,-0.8837229999999999,-0.975607,SYC,ITA,7810
813925,212,111,1314,2002.0,0.0,410658.0,-1.07007,-0.560769,SYR,ITA,7810
813926,214,111,1314,2002.0,0.0,5030.0,-0.092619,-0.776712,TCD,ITA,7810
813927,215,111,1314,2002.0,0.0,236916.0,-0.688284,-0.5292789999999999,TGO,ITA,7810
813928,216,111,1314,2002.0,0.0,4370483.0,0.513887,1.545967,THA,ITA,7810
813929,222,111,1314,2002.0,0.0,37029.0,-0.056315,-0.803537,TTO,ITA,7810
813930,223,111,1314,2002.0,113715.0,19357818.0,0.059876,0.369032,TUN,ITA,7810
813931,224,111,1314,2002.0,146095232.0,7649564.0,0.12982,1.8032650000000001,TUR,ITA,7810
813932,226,111,1314,2002.0,33712.0,122517.0,-1.234127,-0.421158,TZA,ITA,7810
813933,227,111,1314,2002.0,0.0,8375.0,-1.262952,-0.903123,UGA,ITA,7810
813934,228,111,1314,2002.0,86436.0,3012824.0,0.575372,1.131722,UKR,ITA,7810
813935,230,111,1314,2002.0,23347.0,142146.0,0.048498,0.118565,URY,ITA,7810
813936,231,111,1314,2002.0,129403816.0,282962816.0,1.853174,0.120986,USA,ITA,7810
813937,232,111,1314,2002.0,8036.0,13587.0,-0.583861,-0.758266,UZB,ITA,7810
813938,236,111,1314,2002.0,54093.0,6043720.0,-0.008877,-0.753486,VEN,ITA,7810
813939,239,111,1314,2002.0,19318.0,1193308.0,-0.44170699999999996,0.544708,VNM,ITA,7810
813940,240,111,1314,2002.0,0.0,3499.0,-1.110093,-1.015554,VUT,ITA,7810
813941,241,111,1314,2002.0,0.0,3606.0,0.712441,-0.668211,WLF,ITA,7810
813942,243,111,1314,2002.0,0.0,13704.0,-1.447637,-1.289748,YEM,ITA,7810
813943,246,111,1314,2002.0,57744.0,21399770.0,0.32760500000000004,2.497746,ZAF,ITA,7810
813944,247,111,1314,2002.0,0.0,4891.0,-0.840258,-0.639474,ZMB,ITA,7810
813945,248,111,1314,2002.0,45219.0,43779.0,-0.36033000000000004,0.452182,ZWE,ITA,7810
813946,249,111,1314,2002.0,1680768.0,2228556.0,1.9084720000000002,1.253714,TWN,ITA,7810
813947,250,111,1314,2002.0,30210.0,164924.0,0.5979300000000001,-0.497816,ANS,ITA,7810
813948,14,112,1314,2002.0,22743.0,0.0,-0.052462,0.759617,AUS,JAM,7810
813949,18,112,1314,2002.0,695747.0,0.0,1.424339,1.372755,BEL,JAM,7810
813950,25,112,1314,2002.0,0.0,17359.0,0.035127,-0.536416,BHS,JAM,7810
813951,29,112,1314,2002.0,0.0,11155.0,-0.553335,-0.753058,BLZ,JAM,7810
813952,33,112,1314,2002.0,11923.0,92644.0,0.547024,-0.004036,BRB,JAM,7810
813953,39,112,1314,2002.0,330622.0,0.0,0.9672360000000001,1.389981,CAN,JAM,7810
813954,41,112,1314,2002.0,4653.0,0.0,2.205507,0.831836,CHE,JAM,7810
813955,57,112,1314,2002.0,16046.0,27952.0,0.570589,-0.692583,CYM,JAM,7810
813956,61,112,1314,2002.0,3936556.0,0.0,2.367856,-2.195331,DEU,JAM,7810
813957,64,112,1314,2002.0,17283.0,0.0,1.344708,1.321135,DNK,JAM,7810
813958,65,112,1314,2002.0,0.0,7713.0,-0.43339300000000003,-0.378827,DOM,JAM,7810
813959,71,112,1314,2002.0,251484.0,18311.0,1.054108,1.9357349999999998,ESP,JAM,7810
813960,77,112,1314,2002.0,392841.0,0.0,1.648526,0.6870430000000001,FRA,JAM,7810
813961,81,112,1314,2002.0,1697403.0,8498.0,2.067395,0.7934359999999999,GBR,JAM,7810
813962,83,112,1314,2002.0,0.0,6058.0,-1.258567,-1.048266,GHA,JAM,7810
813963,96,112,1314,2002.0,0.0,41876.0,-1.050604,-0.9015549999999999,GUY,JAM,7810
813964,97,112,1314,2002.0,6279.0,0.0,0.704932,1.291658,HKG,JAM,7810
813965,99,112,1314,2002.0,0.0,19517.0,-0.637891,-0.564421,HND,JAM,7810
813966,110,112,1314,2002.0,361634.0,0.0,1.257709,0.8318989999999999,ISR,JAM,7810
813967,111,112,1314,2002.0,48799.0,1496.0,1.3944219999999998,1.125362,ITA,JAM,7810
813968,114,112,1314,2002.0,102974728.0,0.0,2.7747580000000003,0.43663199999999996,JPN,JAM,7810
813969,121,112,1314,2002.0,979380.0,0.0,1.4172719999999999,0.8763139999999999,KOR,JAM,7810
813970,138,112,1314,2002.0,678741.0,0.0,1.2677129999999999,0.599314,MEX,JAM,7810
813971,160,112,1314,2002.0,3964.0,0.0,-0.634946,-0.37966,NIC,JAM,7810
813972,162,112,1314,2002.0,17919.0,0.0,1.175777,1.667472,NLD,JAM,7810
813973,166,112,1314,2002.0,0.0,7447.0,0.370673,0.7853829999999999,NZL,JAM,7810
813974,169,112,1314,2002.0,13498.0,0.0,0.085746,0.21839,PAN,JAM,7810
813975,192,112,1314,2002.0,6845.0,0.0,1.7077209999999998,0.683549,SGP,JAM,7810
813976,205,112,1314,2002.0,15396.0,66195.0,-1.002898,-0.905595,SUR,JAM,7810
813977,208,112,1314,2002.0,567041.0,0.0,2.134,0.769413,SWE,JAM,7810
813978,216,112,1314,2002.0,12405.0,0.0,0.513887,1.545967,THA,JAM,7810
813979,222,112,1314,2002.0,4237.0,19970.0,-0.056315,-0.803537,TTO,JAM,7810
813980,224,112,1314,2002.0,5962.0,0.0,0.12982,1.8032650000000001,TUR,JAM,7810
813981,231,112,1314,2002.0,10621549.0,57197.0,1.853174,0.120986,USA,JAM,7810
813982,246,112,1314,2002.0,391284.0,0.0,0.32760500000000004,2.497746,ZAF,JAM,7810
813983,249,112,1314,2002.0,62254.0,0.0,1.9084720000000002,1.253714,TWN,JAM,7810
813984,1,114,1314,2002.0,0.0,12745041.0,-0.11885899999999999,-0.346093,AFG,JPN,7810
813985,2,114,1314,2002.0,0.0,10650613.0,-1.8043639999999999,-1.250642,AGO,JPN,7810
813986,3,114,1314,2002.0,0.0,479808.0,1.822725,0.45911899999999994,AIA,JPN,7810
813987,4,114,1314,2002.0,0.0,475365.0,-0.05800399999999999,0.042254,ALB,JPN,7810
813988,5,114,1314,2002.0,0.0,55130.0,1.3229389999999999,0.9635950000000001,AND,JPN,7810
813989,6,114,1314,2002.0,0.0,30128406.0,0.145946,-0.704052,ANT,JPN,7810
813990,7,114,1314,2002.0,295423.0,812452672.0,-0.288838,-0.640049,ARE,JPN,7810
813991,8,114,1314,2002.0,0.0,10076388.0,0.045376,0.71768,ARG,JPN,7810
813992,9,114,1314,2002.0,0.0,14997.0,0.66447,-0.08317000000000001,ARM,JPN,7810
813993,10,114,1314,2002.0,0.0,1368700.0,1.002446,0.17447200000000002,ASM,JPN,7810
813994,11,114,1314,2002.0,0.0,1062613.0,1.740389,-0.6239600000000001,ATA,JPN,7810
813995,13,114,1314,2002.0,0.0,7205660.0,0.23995500000000003,-0.754877,ATG,JPN,7810
813996,14,114,1314,2002.0,2241286.0,2746695936.0,-0.052462,0.759617,AUS,JPN,7810
813997,15,114,1314,2002.0,81815768.0,317103520.0,1.866997,0.400527,AUT,JPN,7810
813998,16,114,1314,2002.0,24468.0,1454826.0,-0.566735,-1.003158,AZE,JPN,7810
813999,17,114,1314,2002.0,0.0,606738.0,-0.399212,-0.67657,BDI,JPN,7810
814000,18,114,1314,2002.0,136902992.0,1172428032.0,1.424339,1.372755,BEL,JPN,7810
814001,19,114,1314,2002.0,19466.0,1858507.0,-0.7683840000000001,-0.7984319999999999,BEN,JPN,7810
814002,21,114,1314,2002.0,237594.0,1848995.0,-0.5542590000000001,-0.5946060000000001,BFA,JPN,7810
814003,22,114,1314,2002.0,0.0,39224284.0,-0.9509,-1.113308,BGD,JPN,7810
814004,23,114,1314,2002.0,74847.0,2594549.0,0.468058,1.644037,BGR,JPN,7810
814005,24,114,1314,2002.0,224564.0,149403424.0,-0.31754099999999996,-1.099381,BHR,JPN,7810
814006,25,114,1314,2002.0,11685.0,16278853.0,0.035127,-0.536416,BHS,JPN,7810
814007,26,114,1314,2002.0,0.0,650251.0,0.223543,0.44595100000000004,BIH,JPN,7810
814008,28,114,1314,2002.0,0.0,530630.0,0.865742,1.1823860000000002,BLR,JPN,7810
814009,29,114,1314,2002.0,0.0,1098405.0,-0.553335,-0.753058,BLZ,JPN,7810
814010,30,114,1314,2002.0,50746.0,6775680.0,0.934739,-0.465542,BMU,JPN,7810
814011,31,114,1314,2002.0,0.0,7885770.0,-0.785592,-0.6761119999999999,BOL,JPN,7810
814012,32,114,1314,2002.0,257729.0,73568560.0,0.631343,1.249344,BRA,JPN,7810
814013,33,114,1314,2002.0,24496.0,17379852.0,0.547024,-0.004036,BRB,JPN,7810
814014,34,114,1314,2002.0,26898.0,69234296.0,-1.359507,-1.084339,BRN,JPN,7810
814015,35,114,1314,2002.0,0.0,1364182.0,0.068259,-0.613581,BTN,JPN,7810
814016,37,114,1314,2002.0,0.0,280563.0,-0.164526,-1.04616,BWA,JPN,7810
814017,38,114,1314,2002.0,25601.0,305654.0,-0.698235,-0.905799,CAF,JPN,7810
814018,39,114,1314,2002.0,61893152.0,2873615616.0,0.9672360000000001,1.389981,CAN,JPN,7810
814019,41,114,1314,2002.0,842336.0,378010144.0,2.205507,0.831836,CHE,JPN,7810
814020,42,114,1314,2002.0,0.0,163671216.0,-0.079201,-0.11449200000000001,CHL,JPN,7810
814021,43,114,1314,2002.0,2412450.0,1233832960.0,0.6181220000000001,1.9636759999999998,CHN,JPN,7810
814022,44,114,1314,2002.0,0.0,2066342.0,-0.803739,-0.752218,CIV,JPN,7810
814023,45,114,1314,2002.0,0.0,4943512.0,-1.188713,-1.109944,CMR,JPN,7810
814024,46,114,1314,2002.0,0.0,6965025.0,-1.218664,-1.1406120000000002,COD,JPN,7810
814025,47,114,1314,2002.0,0.0,560777.0,-1.468836,-1.250484,COG,JPN,7810
814026,48,114,1314,2002.0,0.0,598154.0,0.595648,-0.301939,COK,JPN,7810
814027,49,114,1314,2002.0,0.0,148622608.0,0.219861,0.45238999999999996,COL,JPN,7810
814028,51,114,1314,2002.0,0.0,648298.0,-0.315184,-0.660522,CPV,JPN,7810
814029,52,114,1314,2002.0,0.0,74642264.0,0.083983,-0.096237,CRI,JPN,7810
814030,54,114,1314,2002.0,0.0,3858740.0,-0.896759,-1.079825,CUB,JPN,7810
814031,57,114,1314,2002.0,0.0,5006098.0,0.570589,-0.692583,CYM,JPN,7810
814032,58,114,1314,2002.0,3384.0,129292664.0,0.332088,0.50441,CYP,JPN,7810
814033,59,114,1314,2002.0,12119.0,41113748.0,1.5835139999999999,0.9563010000000001,CZE,JPN,7810
814034,61,114,1314,2002.0,3054452224.0,1742692224.0,2.367856,-2.195331,DEU,JPN,7810
814035,62,114,1314,2002.0,0.0,2470157.0,-0.03383,-0.014618,DJI,JPN,7810
814036,63,114,1314,2002.0,0.0,1818362.0,0.212137,-0.112873,DMA,JPN,7810
814037,64,114,1314,2002.0,290501.0,167803280.0,1.344708,1.321135,DNK,JPN,7810
814038,65,114,1314,2002.0,0.0,98293304.0,-0.43339300000000003,-0.378827,DOM,JPN,7810
814039,66,114,1314,2002.0,0.0,14659091.0,-0.9281389999999999,-1.19549,DZA,JPN,7810
814040,67,114,1314,2002.0,0.0,110454984.0,-0.973858,-0.8924979999999999,ECU,JPN,7810
814041,68,114,1314,2002.0,0.0,72707168.0,-0.37218,0.634319,EGY,JPN,7810
814042,69,114,1314,2002.0,0.0,701737.0,1.019399,0.23989899999999997,ERI,JPN,7810
814043,71,114,1314,2002.0,51850828.0,556756800.0,1.054108,1.9357349999999998,ESP,JPN,7810
814044,72,114,1314,2002.0,0.0,9622229.0,0.576142,1.168563,EST,JPN,7810
814045,73,114,1314,2002.0,0.0,4824444.0,-1.289118,-1.0291540000000001,ETH,JPN,7810
814046,74,114,1314,2002.0,380414.0,155652064.0,1.9545119999999998,1.047515,FIN,JPN,7810
814047,75,114,1314,2002.0,63666.0,10655716.0,-0.788026,-0.432015,FJI,JPN,7810
814048,77,114,1314,2002.0,194937600.0,824398592.0,1.648526,0.6870430000000001,FRA,JPN,7810
814049,78,114,1314,2002.0,0.0,4058654.0,-0.33811399999999997,-0.8092050000000001,FRO,JPN,7810
814050,79,114,1314,2002.0,0.0,1603637.0,-1.416799,-1.080317,FSM,JPN,7810
814051,80,114,1314,2002.0,0.0,7418333.0,-1.34341,-1.238593,GAB,JPN,7810
814052,81,114,1314,2002.0,451939552.0,2640120576.0,2.067395,0.7934359999999999,GBR,JPN,7810
814053,82,114,1314,2002.0,0.0,109353.0,0.23526999999999998,-0.156333,GEO,JPN,7810
814054,83,114,1314,2002.0,0.0,7970094.0,-1.258567,-1.048266,GHA,JPN,7810
814055,84,114,1314,2002.0,0.0,9611975.0,0.404483,-0.313042,GIB,JPN,7810
814056,85,114,1314,2002.0,0.0,2601952.0,-1.684157,-1.256743,GIN,JPN,7810
814057,87,114,1314,2002.0,17622.0,1966643.0,0.266536,0.20776,GMB,JPN,7810
814058,88,114,1314,2002.0,0.0,117840.0,-0.30444099999999996,-0.815509,GNB,JPN,7810
814059,90,114,1314,2002.0,0.0,153200992.0,0.20355399999999998,1.4130200000000002,GRC,JPN,7810
814060,91,114,1314,2002.0,35177.0,2859902.0,0.822523,0.032938999999999996,GRD,JPN,7810
814061,92,114,1314,2002.0,0.0,66189.0,-0.514411,-0.87766,GRL,JPN,7810
814062,93,114,1314,2002.0,0.0,56143644.0,-0.49913,-0.038079,GTM,JPN,7810
814063,95,114,1314,2002.0,15096.0,36205708.0,-0.5440229999999999,-0.929201,GUM,JPN,7810
814064,96,114,1314,2002.0,2214.0,5522633.0,-1.050604,-0.9015549999999999,GUY,JPN,7810
814065,97,114,1314,2002.0,519263.0,518509056.0,0.704932,1.291658,HKG,JPN,7810
814066,99,114,1314,2002.0,5857.0,29299388.0,-0.637891,-0.564421,HND,JPN,7810
814067,100,114,1314,2002.0,23421.0,1523931.0,0.603546,1.273001,HRV,JPN,7810
814068,101,114,1314,2002.0,0.0,12612584.0,-0.837823,-0.834512,HTI,JPN,7810
814069,102,114,1314,2002.0,20600308.0,28561666.0,1.232359,1.064425,HUN,JPN,7810
814070,103,114,1314,2002.0,2227662.0,115399960.0,0.098182,1.7305840000000001,IDN,JPN,7810
814071,104,114,1314,2002.0,389294.0,9134580.0,0.32974000000000003,2.376477,IND,JPN,7810
814072,106,114,1314,2002.0,43860.0,192410448.0,1.7939310000000002,0.219254,IRL,JPN,7810
814073,107,114,1314,2002.0,5590.0,79268968.0,-0.665259,-0.840274,IRN,JPN,7810
814074,108,114,1314,2002.0,0.0,138116096.0,-1.008202,-0.9532209999999999,IRQ,JPN,7810
814075,109,114,1314,2002.0,0.0,21321860.0,0.17011700000000002,-0.33925500000000003,ISL,JPN,7810
814076,110,114,1314,2002.0,0.0,253056944.0,1.257709,0.8318989999999999,ISR,JPN,7810
814077,111,114,1314,2002.0,181106096.0,1037043072.0,1.3944219999999998,1.125362,ITA,JPN,7810
814078,112,114,1314,2002.0,0.0,102974728.0,-0.459541,-0.947443,JAM,JPN,7810
814079,113,114,1314,2002.0,0.0,30989528.0,0.34023000000000003,0.264754,JOR,JPN,7810
814080,115,114,1314,2002.0,0.0,11561701.0,-0.100361,-0.502468,KAZ,JPN,7810
814081,116,114,1314,2002.0,8646.0,37179928.0,-0.59055,0.000731,KEN,JPN,7810
814082,117,114,1314,2002.0,0.0,228798.0,-0.094898,0.235639,KGZ,JPN,7810
814083,118,114,1314,2002.0,0.0,1654864.0,-0.8577629999999999,-1.071536,KHM,JPN,7810
814084,119,114,1314,2002.0,0.0,320650.0,0.347526,-0.822594,KIR,JPN,7810
814085,120,114,1314,2002.0,0.0,3940665.0,0.757789,-0.2968,KNA,JPN,7810
814086,121,114,1314,2002.0,29994658.0,110234400.0,1.4172719999999999,0.8763139999999999,KOR,JPN,7810
814087,122,114,1314,2002.0,0.0,401016096.0,-0.794007,-1.192659,KWT,JPN,7810
814088,123,114,1314,2002.0,0.0,3441058.0,-0.990957,-1.111048,LAO,JPN,7810
814089,124,114,1314,2002.0,7844.0,59726496.0,0.220906,1.470297,LBN,JPN,7810
814090,125,114,1314,2002.0,0.0,419520.0,-0.683036,-1.158808,LBR,JPN,7810
814091,126,114,1314,2002.0,0.0,137602128.0,-0.692769,-1.188682,LBY,JPN,7810
814092,127,114,1314,2002.0,46366.0,3003729.0,0.261861,-0.36480999999999997,LCA,JPN,7810
814093,128,114,1314,2002.0,0.0,66937700.0,-0.461765,-0.057614,LKA,JPN,7810
814094,129,114,1314,2002.0,0.0,36011.0,-1.313698,-1.153109,LSO,JPN,7810
814095,130,114,1314,2002.0,51158.0,18179018.0,0.15796,0.855931,LTU,JPN,7810
814096,131,114,1314,2002.0,0.0,76659.0,1.396249,1.153017,LUX,JPN,7810
814097,132,114,1314,2002.0,0.0,24339.0,0.41409799999999997,0.6281680000000001,LVA,JPN,7810
814098,133,114,1314,2002.0,39866.0,12802102.0,0.005082,-0.328658,MAC,JPN,7810
814099,134,114,1314,2002.0,0.0,23286974.0,-0.690226,-0.42557,MAR,JPN,7810
814100,135,114,1314,2002.0,0.0,121249.0,-0.017383000000000003,0.109124,MDA,JPN,7810
814101,136,114,1314,2002.0,46887.0,2097039.0,-1.109564,-0.642039,MDG,JPN,7810
814102,137,114,1314,2002.0,0.0,70367.0,-1.0471700000000002,-0.976184,MDV,JPN,7810
814103,138,114,1314,2002.0,143878256.0,236598160.0,1.2677129999999999,0.599314,MEX,JPN,7810
814104,139,114,1314,2002.0,0.0,191270.0,0.769126,-0.845166,MHL,JPN,7810
814105,140,114,1314,2002.0,0.0,472089.0,-0.027727999999999996,0.41846400000000006,MKD,JPN,7810
814106,141,114,1314,2002.0,66793.0,1676774.0,-0.786698,-0.682438,MLI,JPN,7810
814107,142,114,1314,2002.0,1115489.0,14256286.0,0.901235,-0.140261,MLT,JPN,7810
814108,143,114,1314,2002.0,0.0,2660484.0,-1.251639,-0.994909,MMR,JPN,7810
814109,145,114,1314,2002.0,0.0,7417092.0,-0.711096,-0.9835799999999999,MNG,JPN,7810
814110,146,114,1314,2002.0,0.0,5108202.0,0.128484,-0.6369090000000001,MNP,JPN,7810
814111,147,114,1314,2002.0,0.0,1750223.0,-1.337891,-1.187073,MOZ,JPN,7810
814112,148,114,1314,2002.0,0.0,4995144.0,-1.053061,-1.221967,MRT,JPN,7810
814113,149,114,1314,2002.0,0.0,447740.0,1.6121860000000001,0.078151,MSR,JPN,7810
814114,151,114,1314,2002.0,143773.0,20847788.0,-0.382062,-0.379224,MUS,JPN,7810
814115,152,114,1314,2002.0,0.0,4754798.0,-1.431612,-1.234903,MWI,JPN,7810
814116,153,114,1314,2002.0,211186.0,397534528.0,0.9987159999999999,0.26558200000000004,MYS,JPN,7810
814117,154,114,1314,2002.0,0.0,347688.0,0.752173,-0.5639,MYT,JPN,7810
814118,155,114,1314,2002.0,17094.0,819792.0,-0.137725,-0.361452,NAM,JPN,7810
814119,156,114,1314,2002.0,22270.0,4720932.0,-0.7477739999999999,-1.006248,NCL,JPN,7810
814120,157,114,1314,2002.0,13706.0,1369356.0,-0.562837,-0.333649,NER,JPN,7810
814121,159,114,1314,2002.0,0.0,52798268.0,-1.705991,-1.292926,NGA,JPN,7810
814122,160,114,1314,2002.0,0.0,20198558.0,-0.634946,-0.37966,NIC,JPN,7810
814123,162,114,1314,2002.0,40717936.0,305498144.0,1.175777,1.667472,NLD,JPN,7810
814124,163,114,1314,2002.0,10790.0,156790352.0,0.689588,-0.007016,NOR,JPN,7810
814125,164,114,1314,2002.0,0.0,5800316.0,-0.065582,0.464797,NPL,JPN,7810
814126,165,114,1314,2002.0,0.0,124455.0,0.9837370000000001,-0.34583400000000003,NRU,JPN,7810
814127,166,114,1314,2002.0,959908.0,639847680.0,0.370673,0.7853829999999999,NZL,JPN,7810
814128,167,114,1314,2002.0,397863.0,330973280.0,-1.307058,-1.270916,OMN,JPN,7810
814129,168,114,1314,2002.0,0.0,85395912.0,-0.7574069999999999,-0.403427,PAK,JPN,7810
814130,169,114,1314,2002.0,0.0,84628728.0,0.085746,0.21839,PAN,JPN,7810
814131,173,114,1314,2002.0,35260.0,102586432.0,-0.456603,0.030838,PER,JPN,7810
814132,174,114,1314,2002.0,180274.0,156510096.0,0.29601,-0.232513,PHL,JPN,7810
814133,175,114,1314,2002.0,0.0,1412399.0,-0.8780950000000001,-1.033134,PLW,JPN,7810
814134,176,114,1314,2002.0,0.0,5918822.0,-1.430299,-1.172593,PNG,JPN,7810
814135,177,114,1314,2002.0,267515.0,42995260.0,0.9449299999999999,1.655764,POL,JPN,7810
814136,178,114,1314,2002.0,10330.0,14788650.0,0.629678,1.0153780000000001,PRK,JPN,7810
814137,179,114,1314,2002.0,24152.0,82568584.0,0.584956,1.377068,PRT,JPN,7810
814138,180,114,1314,2002.0,0.0,5495527.0,-0.733796,-0.9001530000000001,PRY,JPN,7810
814139,182,114,1314,2002.0,0.0,4824738.0,-0.363179,-0.8967450000000001,PYF,JPN,7810
814140,183,114,1314,2002.0,7294964.0,195583216.0,-0.002177,-1.042517,QAT,JPN,7810
814141,185,114,1314,2002.0,0.0,340591.0,0.549227,1.071998,ROU,JPN,7810
814142,186,114,1314,2002.0,12920.0,303701376.0,0.6051449999999999,0.272307,RUS,JPN,7810
814143,187,114,1314,2002.0,0.0,1979704.0,-0.6278859999999999,-0.832391,RWA,JPN,7810
814144,188,114,1314,2002.0,0.0,1208786048.0,0.048764,-0.903125,SAU,JPN,7810
814145,189,114,1314,2002.0,0.0,858364.0,0.523459,2.58657,SCG,JPN,7810
814146,190,114,1314,2002.0,0.0,7941478.0,-1.336665,-1.19919,SDN,JPN,7810
814147,191,114,1314,2002.0,57631.0,2382573.0,-0.5424939999999999,-0.554531,SEN,JPN,7810
814148,192,114,1314,2002.0,349010.0,502407520.0,1.7077209999999998,0.683549,SGP,JPN,7810
814149,195,114,1314,2002.0,0.0,464435.0,-0.890172,-0.948835,SLB,JPN,7810
814150,196,114,1314,2002.0,12193.0,962751.0,0.29478899999999997,0.055865,SLE,JPN,7810
814151,197,114,1314,2002.0,0.0,32028564.0,-0.258579,-0.096214,SLV,JPN,7810
814152,199,114,1314,2002.0,0.0,127157.0,-0.145777,-0.512123,SOM,JPN,7810
814153,203,114,1314,2002.0,6663.0,161452.0,0.767305,-0.0836,STP,JPN,7810
814154,205,114,1314,2002.0,0.0,20663176.0,-1.002898,-0.905595,SUR,JPN,7810
814155,206,114,1314,2002.0,134251008.0,5470050.0,1.269549,1.184774,SVK,JPN,7810
814156,207,114,1314,2002.0,12446.0,20925972.0,1.469681,1.13303,SVN,JPN,7810
814157,208,114,1314,2002.0,196990480.0,171317440.0,2.134,0.769413,SWE,JPN,7810
814158,209,114,1314,2002.0,0.0,65805.0,0.409355,-0.047221,SWZ,JPN,7810
814159,211,114,1314,2002.0,0.0,1240737.0,-0.8837229999999999,-0.975607,SYC,JPN,7810
814160,212,114,1314,2002.0,0.0,28611492.0,-1.07007,-0.560769,SYR,JPN,7810
814161,213,114,1314,2002.0,0.0,377243.0,0.849978,0.260833,TCA,JPN,7810
814162,214,114,1314,2002.0,0.0,217398.0,-0.092619,-0.776712,TCD,JPN,7810
814163,215,114,1314,2002.0,1198.0,2123313.0,-0.688284,-0.5292789999999999,TGO,JPN,7810
814164,216,114,1314,2002.0,73409536.0,94661976.0,0.513887,1.545967,THA,JPN,7810
814165,217,114,1314,2002.0,0.0,94864.0,-0.8483510000000001,-1.09992,TJK,JPN,7810
814166,219,114,1314,2002.0,0.0,22880.0,-0.9178629999999999,-1.202212,TKM,JPN,7810
814167,220,114,1314,2002.0,0.0,214032.0,0.5889810000000001,-0.43221400000000004,TLS,JPN,7810
814168,221,114,1314,2002.0,0.0,551549.0,-0.772079,-1.0016479999999999,TON,JPN,7810
814169,222,114,1314,2002.0,0.0,54014616.0,-0.056315,-0.803537,TTO,JPN,7810
814170,223,114,1314,2002.0,282179.0,3793140.0,0.059876,0.369032,TUN,JPN,7810
814171,224,114,1314,2002.0,206243.0,51400540.0,0.12982,1.8032650000000001,TUR,JPN,7810
814172,225,114,1314,2002.0,0.0,110966.0,0.01488,0.187673,TUV,JPN,7810
814173,226,114,1314,2002.0,0.0,18782864.0,-1.234127,-0.421158,TZA,JPN,7810
814174,227,114,1314,2002.0,179475.0,7149306.0,-1.262952,-0.903123,UGA,JPN,7810
814175,228,114,1314,2002.0,0.0,18622876.0,0.575372,1.131722,UKR,JPN,7810
814176,230,114,1314,2002.0,0.0,1202460.0,0.048498,0.118565,URY,JPN,7810
814177,231,114,1314,2002.0,467258432.0,35790024704.0,1.853174,0.120986,USA,JPN,7810
814178,232,114,1314,2002.0,0.0,720810.0,-0.583861,-0.758266,UZB,JPN,7810
814179,234,114,1314,2002.0,0.0,3078030.0,-0.268813,-0.67072,VCT,JPN,7810
814180,236,114,1314,2002.0,0.0,169956544.0,-0.008877,-0.753486,VEN,JPN,7810
814181,237,114,1314,2002.0,0.0,1244095.0,0.6891930000000001,-0.27620500000000003,VGB,JPN,7810
814182,239,114,1314,2002.0,2767.0,74771528.0,-0.44170699999999996,0.544708,VNM,JPN,7810
814183,240,114,1314,2002.0,0.0,423408.0,-1.110093,-1.015554,VUT,JPN,7810
814184,241,114,1314,2002.0,0.0,722217.0,0.712441,-0.668211,WLF,JPN,7810
814185,242,114,1314,2002.0,0.0,800516.0,-0.09827000000000001,-0.540676,WSM,JPN,7810
814186,243,114,1314,2002.0,0.0,16728395.0,-1.447637,-1.289748,YEM,JPN,7810
814187,246,114,1314,2002.0,276534848.0,146767616.0,0.32760500000000004,2.497746,ZAF,JPN,7810
814188,247,114,1314,2002.0,0.0,4853008.0,-0.840258,-0.639474,ZMB,JPN,7810
814189,248,114,1314,2002.0,0.0,3537909.0,-0.36033000000000004,0.452182,ZWE,JPN,7810
814190,249,114,1314,2002.0,2827806.0,207955152.0,1.9084720000000002,1.253714,TWN,JPN,7810
814191,250,114,1314,2002.0,1821.0,20985500.0,0.5979300000000001,-0.497816,ANS,JPN,7810
814192,0,121,1314,2002.0,0.0,3758937.0,0.27076100000000003,-0.858951,ABW,KOR,7810
814193,1,121,1314,2002.0,0.0,256990.0,-0.11885899999999999,-0.346093,AFG,KOR,7810
814194,2,121,1314,2002.0,0.0,3503790.0,-1.8043639999999999,-1.250642,AGO,KOR,7810
814195,3,121,1314,2002.0,0.0,39126.0,1.822725,0.45911899999999994,AIA,KOR,7810
814196,4,121,1314,2002.0,0.0,537273.0,-0.05800399999999999,0.042254,ALB,KOR,7810
814197,5,121,1314,2002.0,0.0,2153736.0,1.3229389999999999,0.9635950000000001,AND,KOR,7810
814198,6,121,1314,2002.0,0.0,633218.0,0.145946,-0.704052,ANT,KOR,7810
814199,7,121,1314,2002.0,88660.0,34956288.0,-0.288838,-0.640049,ARE,KOR,7810
814200,8,121,1314,2002.0,13561.0,495528.0,0.045376,0.71768,ARG,KOR,7810
814201,10,121,1314,2002.0,0.0,746360.0,1.002446,0.17447200000000002,ASM,KOR,7810
814202,13,121,1314,2002.0,0.0,585698.0,0.23995500000000003,-0.754877,ATG,KOR,7810
814203,14,121,1314,2002.0,103602.0,287912096.0,-0.052462,0.759617,AUS,KOR,7810
814204,15,121,1314,2002.0,5737360.0,62449176.0,1.866997,0.400527,AUT,KOR,7810
814205,16,121,1314,2002.0,0.0,636186.0,-0.566735,-1.003158,AZE,KOR,7810
814206,17,121,1314,2002.0,0.0,180921.0,-0.399212,-0.67657,BDI,KOR,7810
814207,18,121,1314,2002.0,8435763.0,88480344.0,1.424339,1.372755,BEL,KOR,7810
814208,19,121,1314,2002.0,0.0,253079.0,-0.7683840000000001,-0.7984319999999999,BEN,KOR,7810
814209,21,121,1314,2002.0,0.0,77528.0,-0.5542590000000001,-0.5946060000000001,BFA,KOR,7810
814210,22,121,1314,2002.0,0.0,410031.0,-0.9509,-1.113308,BGD,KOR,7810
814211,23,121,1314,2002.0,2756.0,3277245.0,0.468058,1.644037,BGR,KOR,7810
814212,24,121,1314,2002.0,0.0,8599237.0,-0.31754099999999996,-1.099381,BHR,KOR,7810
814213,25,121,1314,2002.0,0.0,5051571.0,0.035127,-0.536416,BHS,KOR,7810
814214,26,121,1314,2002.0,0.0,2447601.0,0.223543,0.44595100000000004,BIH,KOR,7810
814215,28,121,1314,2002.0,0.0,33216.0,0.865742,1.1823860000000002,BLR,KOR,7810
814216,29,121,1314,2002.0,0.0,21841.0,-0.553335,-0.753058,BLZ,KOR,7810
814217,30,121,1314,2002.0,0.0,1309819.0,0.934739,-0.465542,BMU,KOR,7810
814218,31,121,1314,2002.0,0.0,201846.0,-0.785592,-0.6761119999999999,BOL,KOR,7810
814219,32,121,1314,2002.0,47805.0,11643427.0,0.631343,1.249344,BRA,KOR,7810
814220,33,121,1314,2002.0,0.0,317804.0,0.547024,-0.004036,BRB,KOR,7810
814221,34,121,1314,2002.0,0.0,9171651.0,-1.359507,-1.084339,BRN,KOR,7810
814222,35,121,1314,2002.0,0.0,639357.0,0.068259,-0.613581,BTN,KOR,7810
814223,37,121,1314,2002.0,0.0,124281.0,-0.164526,-1.04616,BWA,KOR,7810
814224,38,121,1314,2002.0,0.0,55772.0,-0.698235,-0.905799,CAF,KOR,7810
814225,39,121,1314,2002.0,3148849.0,757127424.0,0.9672360000000001,1.389981,CAN,KOR,7810
814226,41,121,1314,2002.0,57493.0,104972152.0,2.205507,0.831836,CHE,KOR,7810
814227,42,121,1314,2002.0,0.0,80894072.0,-0.079201,-0.11449200000000001,CHL,KOR,7810
814228,43,121,1314,2002.0,968349.0,174896672.0,0.6181220000000001,1.9636759999999998,CHN,KOR,7810
814229,44,121,1314,2002.0,0.0,781130.0,-0.803739,-0.752218,CIV,KOR,7810
814230,45,121,1314,2002.0,0.0,503307.0,-1.188713,-1.109944,CMR,KOR,7810
814231,46,121,1314,2002.0,0.0,76337.0,-1.218664,-1.1406120000000002,COD,KOR,7810
814232,47,121,1314,2002.0,0.0,85588.0,-1.468836,-1.250484,COG,KOR,7810
814233,49,121,1314,2002.0,0.0,50040268.0,0.219861,0.45238999999999996,COL,KOR,7810
814234,52,121,1314,2002.0,0.0,35153676.0,0.083983,-0.096237,CRI,KOR,7810
814235,54,121,1314,2002.0,0.0,5356690.0,-0.896759,-1.079825,CUB,KOR,7810
814236,57,121,1314,2002.0,0.0,1395267.0,0.570589,-0.692583,CYM,KOR,7810
814237,58,121,1314,2002.0,0.0,2237392.0,0.332088,0.50441,CYP,KOR,7810
814238,59,121,1314,2002.0,0.0,32515028.0,1.5835139999999999,0.9563010000000001,CZE,KOR,7810
814239,61,121,1314,2002.0,388135392.0,379499520.0,2.367856,-2.195331,DEU,KOR,7810
814240,62,121,1314,2002.0,0.0,237495.0,-0.03383,-0.014618,DJI,KOR,7810
814241,63,121,1314,2002.0,0.0,1634868.0,0.212137,-0.112873,DMA,KOR,7810
814242,64,121,1314,2002.0,17891.0,37633824.0,1.344708,1.321135,DNK,KOR,7810
814243,65,121,1314,2002.0,0.0,10875250.0,-0.43339300000000003,-0.378827,DOM,KOR,7810
814244,66,121,1314,2002.0,0.0,16127951.0,-0.9281389999999999,-1.19549,DZA,KOR,7810
814245,67,121,1314,2002.0,0.0,52986404.0,-0.973858,-0.8924979999999999,ECU,KOR,7810
814246,68,121,1314,2002.0,0.0,10639745.0,-0.37218,0.634319,EGY,KOR,7810
814247,69,121,1314,2002.0,0.0,2278874.0,1.019399,0.23989899999999997,ERI,KOR,7810
814248,71,121,1314,2002.0,32383.0,397404672.0,1.054108,1.9357349999999998,ESP,KOR,7810
814249,72,121,1314,2002.0,0.0,6483480.0,0.576142,1.168563,EST,KOR,7810
814250,73,121,1314,2002.0,0.0,353959.0,-1.289118,-1.0291540000000001,ETH,KOR,7810
814251,74,121,1314,2002.0,1256881.0,9540361.0,1.9545119999999998,1.047515,FIN,KOR,7810
814252,75,121,1314,2002.0,0.0,471266.0,-0.788026,-0.432015,FJI,KOR,7810
814253,77,121,1314,2002.0,1120177.0,228936576.0,1.648526,0.6870430000000001,FRA,KOR,7810
814254,78,121,1314,2002.0,0.0,49045.0,-0.33811399999999997,-0.8092050000000001,FRO,KOR,7810
814255,79,121,1314,2002.0,0.0,31091.0,-1.416799,-1.080317,FSM,KOR,7810
814256,80,121,1314,2002.0,0.0,608819.0,-1.34341,-1.238593,GAB,KOR,7810
814257,81,121,1314,2002.0,8840977.0,540901184.0,2.067395,0.7934359999999999,GBR,KOR,7810
814258,82,121,1314,2002.0,0.0,113334.0,0.23526999999999998,-0.156333,GEO,KOR,7810
814259,83,121,1314,2002.0,0.0,877912.0,-1.258567,-1.048266,GHA,KOR,7810
814260,85,121,1314,2002.0,0.0,26525.0,-1.684157,-1.256743,GIN,KOR,7810
814261,87,121,1314,2002.0,0.0,165371.0,0.266536,0.20776,GMB,KOR,7810
814262,90,121,1314,2002.0,4812.0,141144752.0,0.20355399999999998,1.4130200000000002,GRC,KOR,7810
814263,91,121,1314,2002.0,0.0,53247.0,0.822523,0.032938999999999996,GRD,KOR,7810
814264,93,121,1314,2002.0,16447.0,13168657.0,-0.49913,-0.038079,GTM,KOR,7810
814265,95,121,1314,2002.0,0.0,2589374.0,-0.5440229999999999,-0.929201,GUM,KOR,7810
814266,97,121,1314,2002.0,351322.0,10539389.0,0.704932,1.291658,HKG,KOR,7810
814267,99,121,1314,2002.0,0.0,2282250.0,-0.637891,-0.564421,HND,KOR,7810
814268,100,121,1314,2002.0,0.0,12222260.0,0.603546,1.273001,HRV,KOR,7810
814269,101,121,1314,2002.0,0.0,1953696.0,-0.837823,-0.834512,HTI,KOR,7810
814270,102,121,1314,2002.0,1001370.0,43930468.0,1.232359,1.064425,HUN,KOR,7810
814271,103,121,1314,2002.0,0.0,41639092.0,0.098182,1.7305840000000001,IDN,KOR,7810
814272,104,121,1314,2002.0,1936289.0,488072.0,0.32974000000000003,2.376477,IND,KOR,7810
814273,106,121,1314,2002.0,0.0,56831572.0,1.7939310000000002,0.219254,IRL,KOR,7810
814274,107,121,1314,2002.0,14554.0,84100304.0,-0.665259,-0.840274,IRN,KOR,7810
814275,108,121,1314,2002.0,0.0,10113233.0,-1.008202,-0.9532209999999999,IRQ,KOR,7810
814276,109,121,1314,2002.0,0.0,4497306.0,0.17011700000000002,-0.33925500000000003,ISL,KOR,7810
814277,110,121,1314,2002.0,14748.0,68372472.0,1.257709,0.8318989999999999,ISR,KOR,7810
814278,111,121,1314,2002.0,583800.0,592612608.0,1.3944219999999998,1.125362,ITA,KOR,7810
814279,112,121,1314,2002.0,0.0,979380.0,-0.459541,-0.947443,JAM,KOR,7810
814280,113,121,1314,2002.0,8460.0,21220824.0,0.34023000000000003,0.264754,JOR,KOR,7810
814281,114,121,1314,2002.0,110234400.0,29994658.0,2.7747580000000003,0.43663199999999996,JPN,KOR,7810
814282,115,121,1314,2002.0,27111.0,1718565.0,-0.100361,-0.502468,KAZ,KOR,7810
814283,116,121,1314,2002.0,0.0,180386.0,-0.59055,0.000731,KEN,KOR,7810
814284,117,121,1314,2002.0,0.0,120055.0,-0.094898,0.235639,KGZ,KOR,7810
814285,118,121,1314,2002.0,8652.0,1291726.0,-0.8577629999999999,-1.071536,KHM,KOR,7810
814286,120,121,1314,2002.0,0.0,36564.0,0.757789,-0.2968,KNA,KOR,7810
814287,122,121,1314,2002.0,0.0,13972074.0,-0.794007,-1.192659,KWT,KOR,7810
814288,123,121,1314,2002.0,0.0,867579.0,-0.990957,-1.111048,LAO,KOR,7810
814289,124,121,1314,2002.0,0.0,5249174.0,0.220906,1.470297,LBN,KOR,7810
814290,125,121,1314,2002.0,0.0,144820.0,-0.683036,-1.158808,LBR,KOR,7810
814291,126,121,1314,2002.0,0.0,215402736.0,-0.692769,-1.188682,LBY,KOR,7810
814292,127,121,1314,2002.0,0.0,151534.0,0.261861,-0.36480999999999997,LCA,KOR,7810
814293,128,121,1314,2002.0,0.0,709155.0,-0.461765,-0.057614,LKA,KOR,7810
814294,130,121,1314,2002.0,1552.0,2401952.0,0.15796,0.855931,LTU,KOR,7810
814295,131,121,1314,2002.0,30966.0,81865.0,1.396249,1.153017,LUX,KOR,7810
814296,132,121,1314,2002.0,0.0,2626324.0,0.41409799999999997,0.6281680000000001,LVA,KOR,7810
814297,133,121,1314,2002.0,35075.0,122226.0,0.005082,-0.328658,MAC,KOR,7810
814298,134,121,1314,2002.0,0.0,3537500.0,-0.690226,-0.42557,MAR,KOR,7810
814299,135,121,1314,2002.0,0.0,4119.0,-0.017383000000000003,0.109124,MDA,KOR,7810
814300,136,121,1314,2002.0,0.0,408729.0,-1.109564,-0.642039,MDG,KOR,7810
814301,138,121,1314,2002.0,6287988.0,84074728.0,1.2677129999999999,0.599314,MEX,KOR,7810
814302,139,121,1314,2002.0,0.0,187812.0,0.769126,-0.845166,MHL,KOR,7810
814303,140,121,1314,2002.0,0.0,626206.0,-0.027727999999999996,0.41846400000000006,MKD,KOR,7810
814304,141,121,1314,2002.0,0.0,41715.0,-0.786698,-0.682438,MLI,KOR,7810
814305,142,121,1314,2002.0,75592.0,6060741.0,0.901235,-0.140261,MLT,KOR,7810
814306,143,121,1314,2002.0,0.0,3472.0,-1.251639,-0.994909,MMR,KOR,7810
814307,145,121,1314,2002.0,9198.0,8604969.0,-0.711096,-0.9835799999999999,MNG,KOR,7810
814308,147,121,1314,2002.0,0.0,1723206.0,-1.337891,-1.187073,MOZ,KOR,7810
814309,148,121,1314,2002.0,0.0,21300.0,-1.053061,-1.221967,MRT,KOR,7810
814310,151,121,1314,2002.0,0.0,26235.0,-0.382062,-0.379224,MUS,KOR,7810
814311,152,121,1314,2002.0,0.0,85592.0,-1.431612,-1.234903,MWI,KOR,7810
814312,153,121,1314,2002.0,30108.0,136515040.0,0.9987159999999999,0.26558200000000004,MYS,KOR,7810
814313,154,121,1314,2002.0,0.0,393488.0,0.752173,-0.5639,MYT,KOR,7810
814314,156,121,1314,2002.0,0.0,1117112.0,-0.7477739999999999,-1.006248,NCL,KOR,7810
814315,157,121,1314,2002.0,0.0,62640.0,-0.562837,-0.333649,NER,KOR,7810
814316,159,121,1314,2002.0,0.0,8011462.0,-1.705991,-1.292926,NGA,KOR,7810
814317,160,121,1314,2002.0,0.0,7491562.0,-0.634946,-0.37966,NIC,KOR,7810
814318,162,121,1314,2002.0,2755077.0,143452288.0,1.175777,1.667472,NLD,KOR,7810
814319,163,121,1314,2002.0,0.0,32191566.0,0.689588,-0.007016,NOR,KOR,7810
814320,164,121,1314,2002.0,0.0,1396507.0,-0.065582,0.464797,NPL,KOR,7810
814321,166,121,1314,2002.0,0.0,9625227.0,0.370673,0.7853829999999999,NZL,KOR,7810
814322,167,121,1314,2002.0,4945.0,16362310.0,-1.307058,-1.270916,OMN,KOR,7810
814323,168,121,1314,2002.0,0.0,13448922.0,-0.7574069999999999,-0.403427,PAK,KOR,7810
814324,169,121,1314,2002.0,19139.0,13692968.0,0.085746,0.21839,PAN,KOR,7810
814325,173,121,1314,2002.0,13342.0,18773062.0,-0.456603,0.030838,PER,KOR,7810
814326,174,121,1314,2002.0,1049.0,34130484.0,0.29601,-0.232513,PHL,KOR,7810
814327,175,121,1314,2002.0,0.0,7518.0,-0.8780950000000001,-1.033134,PLW,KOR,7810
814328,176,121,1314,2002.0,0.0,275882.0,-1.430299,-1.172593,PNG,KOR,7810
814329,177,121,1314,2002.0,0.0,9504521.0,0.9449299999999999,1.655764,POL,KOR,7810
814330,179,121,1314,2002.0,0.0,46922004.0,0.584956,1.377068,PRT,KOR,7810
814331,180,121,1314,2002.0,22445.0,422475.0,-0.733796,-0.9001530000000001,PRY,KOR,7810
814332,182,121,1314,2002.0,0.0,976385.0,-0.363179,-0.8967450000000001,PYF,KOR,7810
814333,183,121,1314,2002.0,8082.0,18321006.0,-0.002177,-1.042517,QAT,KOR,7810
814334,185,121,1314,2002.0,0.0,20428116.0,0.549227,1.071998,ROU,KOR,7810
814335,186,121,1314,2002.0,190118.0,58757524.0,0.6051449999999999,0.272307,RUS,KOR,7810
814336,187,121,1314,2002.0,0.0,55711.0,-0.6278859999999999,-0.832391,RWA,KOR,7810
814337,188,121,1314,2002.0,47480.0,182065184.0,0.048764,-0.903125,SAU,KOR,7810
814338,189,121,1314,2002.0,0.0,853830.0,0.523459,2.58657,SCG,KOR,7810
814339,190,121,1314,2002.0,0.0,13906729.0,-1.336665,-1.19919,SDN,KOR,7810
814340,191,121,1314,2002.0,0.0,621231.0,-0.5424939999999999,-0.554531,SEN,KOR,7810
814341,192,121,1314,2002.0,25778.0,41703264.0,1.7077209999999998,0.683549,SGP,KOR,7810
814342,195,121,1314,2002.0,0.0,17598.0,-0.890172,-0.948835,SLB,KOR,7810
814343,196,121,1314,2002.0,0.0,28711.0,0.29478899999999997,0.055865,SLE,KOR,7810
814344,197,121,1314,2002.0,0.0,5581155.0,-0.258579,-0.096214,SLV,KOR,7810
814345,205,121,1314,2002.0,0.0,164539.0,-1.002898,-0.905595,SUR,KOR,7810
814346,206,121,1314,2002.0,0.0,2382079.0,1.269549,1.184774,SVK,KOR,7810
814347,207,121,1314,2002.0,0.0,16069169.0,1.469681,1.13303,SVN,KOR,7810
814348,208,121,1314,2002.0,19063902.0,54949264.0,2.134,0.769413,SWE,KOR,7810
814349,209,121,1314,2002.0,0.0,55072.0,0.409355,-0.047221,SWZ,KOR,7810
814350,212,121,1314,2002.0,0.0,40903212.0,-1.07007,-0.560769,SYR,KOR,7810
814351,215,121,1314,2002.0,0.0,162446.0,-0.688284,-0.5292789999999999,TGO,KOR,7810
814352,216,121,1314,2002.0,0.0,9811531.0,0.513887,1.545967,THA,KOR,7810
814353,217,121,1314,2002.0,0.0,329694.0,-0.8483510000000001,-1.09992,TJK,KOR,7810
814354,220,121,1314,2002.0,0.0,13670.0,0.5889810000000001,-0.43221400000000004,TLS,KOR,7810
814355,221,121,1314,2002.0,0.0,21131.0,-0.772079,-1.0016479999999999,TON,KOR,7810
814356,222,121,1314,2002.0,0.0,1619868.0,-0.056315,-0.803537,TTO,KOR,7810
814357,223,121,1314,2002.0,0.0,666298.0,0.059876,0.369032,TUN,KOR,7810
814358,224,121,1314,2002.0,5534.0,45051704.0,0.12982,1.8032650000000001,TUR,KOR,7810
814359,226,121,1314,2002.0,0.0,234026.0,-1.234127,-0.421158,TZA,KOR,7810
814360,227,121,1314,2002.0,3748.0,98711.0,-1.262952,-0.903123,UGA,KOR,7810
814361,228,121,1314,2002.0,5878.0,11233018.0,0.575372,1.131722,UKR,KOR,7810
814362,230,121,1314,2002.0,0.0,388871.0,0.048498,0.118565,URY,KOR,7810
814363,231,121,1314,2002.0,91043632.0,5839225856.0,1.853174,0.120986,USA,KOR,7810
814364,232,121,1314,2002.0,0.0,1080154.0,-0.583861,-0.758266,UZB,KOR,7810
814365,234,121,1314,2002.0,0.0,59316.0,-0.268813,-0.67072,VCT,KOR,7810
814366,236,121,1314,2002.0,435604.0,59510456.0,-0.008877,-0.753486,VEN,KOR,7810
814367,239,121,1314,2002.0,118758.0,31117980.0,-0.44170699999999996,0.544708,VNM,KOR,7810
814368,240,121,1314,2002.0,0.0,304196.0,-1.110093,-1.015554,VUT,KOR,7810
814369,242,121,1314,2002.0,0.0,515204.0,-0.09827000000000001,-0.540676,WSM,KOR,7810
814370,243,121,1314,2002.0,0.0,2953381.0,-1.447637,-1.289748,YEM,KOR,7810
814371,246,121,1314,2002.0,31031.0,10282866.0,0.32760500000000004,2.497746,ZAF,KOR,7810
814372,247,121,1314,2002.0,0.0,490343.0,-0.840258,-0.639474,ZMB,KOR,7810
814373,249,121,1314,2002.0,712399.0,45351684.0,1.9084720000000002,1.253714,TWN,KOR,7810
814374,250,121,1314,2002.0,2078787.0,53142808.0,0.5979300000000001,-0.497816,ANS,KOR,7810
814375,7,128,1314,2002.0,54832.0,0.0,-0.288838,-0.640049,ARE,LKA,7810
814376,14,128,1314,2002.0,229464.0,0.0,-0.052462,0.759617,AUS,LKA,7810
814377,18,128,1314,2002.0,886059.0,0.0,1.424339,1.372755,BEL,LKA,7810
814378,41,128,1314,2002.0,2805.0,0.0,2.205507,0.831836,CHE,LKA,7810
814379,43,128,1314,2002.0,35502.0,0.0,0.6181220000000001,1.9636759999999998,CHN,LKA,7810
814380,58,128,1314,2002.0,10754.0,0.0,0.332088,0.50441,CYP,LKA,7810
814381,59,128,1314,2002.0,137877.0,0.0,1.5835139999999999,0.9563010000000001,CZE,LKA,7810
814382,61,128,1314,2002.0,5500724.0,5251.0,2.367856,-2.195331,DEU,LKA,7810
814383,64,128,1314,2002.0,24683.0,0.0,1.344708,1.321135,DNK,LKA,7810
814384,71,128,1314,2002.0,16771.0,0.0,1.054108,1.9357349999999998,ESP,LKA,7810
814385,74,128,1314,2002.0,0.0,36170.0,1.9545119999999998,1.047515,FIN,LKA,7810
814386,77,128,1314,2002.0,2096226.0,0.0,1.648526,0.6870430000000001,FRA,LKA,7810
814387,81,128,1314,2002.0,4160123.0,100667.0,2.067395,0.7934359999999999,GBR,LKA,7810
814388,97,128,1314,2002.0,201353.0,0.0,0.704932,1.291658,HKG,LKA,7810
814389,104,128,1314,2002.0,5607016.0,0.0,0.32974000000000003,2.376477,IND,LKA,7810
814390,107,128,1314,2002.0,5460.0,0.0,-0.665259,-0.840274,IRN,LKA,7810
814391,111,128,1314,2002.0,32017.0,2323.0,1.3944219999999998,1.125362,ITA,LKA,7810
814392,114,128,1314,2002.0,66937700.0,0.0,2.7747580000000003,0.43663199999999996,JPN,LKA,7810
814393,121,128,1314,2002.0,709155.0,0.0,1.4172719999999999,0.8763139999999999,KOR,LKA,7810
814394,122,128,1314,2002.0,1309.0,0.0,-0.794007,-1.192659,KWT,LKA,7810
814395,137,128,1314,2002.0,0.0,152009.0,-1.0471700000000002,-0.976184,MDV,LKA,7810
814396,138,128,1314,2002.0,0.0,5684.0,1.2677129999999999,0.599314,MEX,LKA,7810
814397,153,128,1314,2002.0,8778.0,5985.0,0.9987159999999999,0.26558200000000004,MYS,LKA,7810
814398,162,128,1314,2002.0,67136.0,2353.0,1.175777,1.667472,NLD,LKA,7810
814399,164,128,1314,2002.0,2706.0,0.0,-0.065582,0.464797,NPL,LKA,7810
814400,166,128,1314,2002.0,11209.0,0.0,0.370673,0.7853829999999999,NZL,LKA,7810
814401,167,128,1314,2002.0,2272.0,0.0,-1.307058,-1.270916,OMN,LKA,7810
814402,192,128,1314,2002.0,1445508.0,0.0,1.7077209999999998,0.683549,SGP,LKA,7810
814403,208,128,1314,2002.0,584639.0,0.0,2.134,0.769413,SWE,LKA,7810
814404,216,128,1314,2002.0,276308.0,0.0,0.513887,1.545967,THA,LKA,7810
814405,231,128,1314,2002.0,219150.0,0.0,1.853174,0.120986,USA,LKA,7810
814406,246,128,1314,2002.0,461083.0,0.0,0.32760500000000004,2.497746,ZAF,LKA,7810
814407,249,128,1314,2002.0,22689.0,0.0,1.9084720000000002,1.253714,TWN,LKA,7810
814408,0,138,1314,2002.0,0.0,3516104.0,0.27076100000000003,-0.858951,ABW,MEX,7810
814409,6,138,1314,2002.0,0.0,16358.0,0.145946,-0.704052,ANT,MEX,7810
814410,8,138,1314,2002.0,161229072.0,1017243.0,0.045376,0.71768,ARG,MEX,7810
814411,14,138,1314,2002.0,14469.0,8285102.0,-0.052462,0.759617,AUS,MEX,7810
814412,15,138,1314,2002.0,238398.0,680269.0,1.866997,0.400527,AUT,MEX,7810
814413,18,138,1314,2002.0,288922304.0,13168736.0,1.424339,1.372755,BEL,MEX,7810
814414,23,138,1314,2002.0,0.0,45483.0,0.468058,1.644037,BGR,MEX,7810
814415,24,138,1314,2002.0,0.0,847330.0,-0.31754099999999996,-1.099381,BHR,MEX,7810
814416,25,138,1314,2002.0,0.0,1576972.0,0.035127,-0.536416,BHS,MEX,7810
814417,29,138,1314,2002.0,0.0,199128.0,-0.553335,-0.753058,BLZ,MEX,7810
814418,31,138,1314,2002.0,0.0,123850.0,-0.785592,-0.6761119999999999,BOL,MEX,7810
814419,32,138,1314,2002.0,750715072.0,53748952.0,0.631343,1.249344,BRA,MEX,7810
814420,33,138,1314,2002.0,0.0,21479.0,0.547024,-0.004036,BRB,MEX,7810
814421,39,138,1314,2002.0,74480376.0,1218340480.0,0.9672360000000001,1.389981,CAN,MEX,7810
814422,41,138,1314,2002.0,58977.0,3390318.0,2.205507,0.831836,CHE,MEX,7810
814423,42,138,1314,2002.0,38375272.0,10848379.0,-0.079201,-0.11449200000000001,CHL,MEX,7810
814424,43,138,1314,2002.0,374248.0,212983.0,0.6181220000000001,1.9636759999999998,CHN,MEX,7810
814425,45,138,1314,2002.0,0.0,8524.0,-1.188713,-1.109944,CMR,MEX,7810
814426,49,138,1314,2002.0,0.0,3064882.0,0.219861,0.45238999999999996,COL,MEX,7810
814427,52,138,1314,2002.0,0.0,3193326.0,0.083983,-0.096237,CRI,MEX,7810
814428,54,138,1314,2002.0,3704.0,37444.0,-0.896759,-1.079825,CUB,MEX,7810
814429,58,138,1314,2002.0,0.0,183757.0,0.332088,0.50441,CYP,MEX,7810
814430,59,138,1314,2002.0,45364.0,145692.0,1.5835139999999999,0.9563010000000001,CZE,MEX,7810
814431,61,138,1314,2002.0,470121440.0,274983584.0,2.367856,-2.195331,DEU,MEX,7810
814432,64,138,1314,2002.0,16873.0,0.0,1.344708,1.321135,DNK,MEX,7810
814433,65,138,1314,2002.0,0.0,15768909.0,-0.43339300000000003,-0.378827,DOM,MEX,7810
814434,67,138,1314,2002.0,6519.0,16391854.0,-0.973858,-0.8924979999999999,ECU,MEX,7810
814435,68,138,1314,2002.0,0.0,65748.0,-0.37218,0.634319,EGY,MEX,7810
814436,71,138,1314,2002.0,275443456.0,3029298.0,1.054108,1.9357349999999998,ESP,MEX,7810
814437,72,138,1314,2002.0,0.0,15368.0,0.576142,1.168563,EST,MEX,7810
814438,74,138,1314,2002.0,0.0,556888.0,1.9545119999999998,1.047515,FIN,MEX,7810
814439,77,138,1314,2002.0,77998752.0,11735669.0,1.648526,0.6870430000000001,FRA,MEX,7810
814440,81,138,1314,2002.0,150212480.0,488156.0,2.067395,0.7934359999999999,GBR,MEX,7810
814441,83,138,1314,2002.0,0.0,2419.0,-1.258567,-1.048266,GHA,MEX,7810
814442,90,138,1314,2002.0,0.0,577516.0,0.20355399999999998,1.4130200000000002,GRC,MEX,7810
814443,91,138,1314,2002.0,0.0,4592.0,0.822523,0.032938999999999996,GRD,MEX,7810
814444,93,138,1314,2002.0,69475.0,3930501.0,-0.49913,-0.038079,GTM,MEX,7810
814445,97,138,1314,2002.0,0.0,309358.0,0.704932,1.291658,HKG,MEX,7810
814446,99,138,1314,2002.0,41477.0,388180.0,-0.637891,-0.564421,HND,MEX,7810
814447,100,138,1314,2002.0,0.0,36135.0,0.603546,1.273001,HRV,MEX,7810
814448,102,138,1314,2002.0,4758671.0,474127.0,1.232359,1.064425,HUN,MEX,7810
814449,103,138,1314,2002.0,1102.0,15793.0,0.098182,1.7305840000000001,IDN,MEX,7810
814450,106,138,1314,2002.0,0.0,2087918.0,1.7939310000000002,0.219254,IRL,MEX,7810
814451,107,138,1314,2002.0,1784.0,0.0,-0.665259,-0.840274,IRN,MEX,7810
814452,109,138,1314,2002.0,0.0,2676.0,0.17011700000000002,-0.33925500000000003,ISL,MEX,7810
814453,110,138,1314,2002.0,0.0,36095.0,1.257709,0.8318989999999999,ISR,MEX,7810
814454,111,138,1314,2002.0,9530315.0,7405588.0,1.3944219999999998,1.125362,ITA,MEX,7810
814455,112,138,1314,2002.0,0.0,678741.0,-0.459541,-0.947443,JAM,MEX,7810
814456,113,138,1314,2002.0,0.0,12960.0,0.34023000000000003,0.264754,JOR,MEX,7810
814457,114,138,1314,2002.0,236598160.0,143878256.0,2.7747580000000003,0.43663199999999996,JPN,MEX,7810
814458,121,138,1314,2002.0,84074728.0,6287988.0,1.4172719999999999,0.8763139999999999,KOR,MEX,7810
814459,124,138,1314,2002.0,0.0,366182.0,0.220906,1.470297,LBN,MEX,7810
814460,128,138,1314,2002.0,5684.0,0.0,-0.461765,-0.057614,LKA,MEX,7810
814461,130,138,1314,2002.0,0.0,4401.0,0.15796,0.855931,LTU,MEX,7810
814462,131,138,1314,2002.0,0.0,136126.0,1.396249,1.153017,LUX,MEX,7810
814463,133,138,1314,2002.0,0.0,8126.0,0.005082,-0.328658,MAC,MEX,7810
814464,134,138,1314,2002.0,0.0,30957.0,-0.690226,-0.42557,MAR,MEX,7810
814465,142,138,1314,2002.0,0.0,68421.0,0.901235,-0.140261,MLT,MEX,7810
814466,153,138,1314,2002.0,0.0,6185.0,0.9987159999999999,0.26558200000000004,MYS,MEX,7810
814467,160,138,1314,2002.0,4606.0,567765.0,-0.634946,-0.37966,NIC,MEX,7810
814468,162,138,1314,2002.0,21357244.0,754771.0,1.175777,1.667472,NLD,MEX,7810
814469,163,138,1314,2002.0,0.0,276693.0,0.689588,-0.007016,NOR,MEX,7810
814470,166,138,1314,2002.0,0.0,2355246.0,0.370673,0.7853829999999999,NZL,MEX,7810
814471,167,138,1314,2002.0,0.0,370057.0,-1.307058,-1.270916,OMN,MEX,7810
814472,169,138,1314,2002.0,0.0,3518742.0,0.085746,0.21839,PAN,MEX,7810
814473,173,138,1314,2002.0,13019.0,2347115.0,-0.456603,0.030838,PER,MEX,7810
814474,174,138,1314,2002.0,0.0,65020.0,0.29601,-0.232513,PHL,MEX,7810
814475,177,138,1314,2002.0,0.0,73893.0,0.9449299999999999,1.655764,POL,MEX,7810
814476,178,138,1314,2002.0,120425.0,0.0,0.629678,1.0153780000000001,PRK,MEX,7810
814477,179,138,1314,2002.0,4645621.0,94628.0,0.584956,1.377068,PRT,MEX,7810
814478,180,138,1314,2002.0,0.0,62216.0,-0.733796,-0.9001530000000001,PRY,MEX,7810
814479,183,138,1314,2002.0,0.0,842479.0,-0.002177,-1.042517,QAT,MEX,7810
814480,185,138,1314,2002.0,0.0,8124.0,0.549227,1.071998,ROU,MEX,7810
814481,186,138,1314,2002.0,11442.0,121108.0,0.6051449999999999,0.272307,RUS,MEX,7810
814482,188,138,1314,2002.0,0.0,38692296.0,0.048764,-0.903125,SAU,MEX,7810
814483,189,138,1314,2002.0,0.0,8867.0,0.523459,2.58657,SCG,MEX,7810
814484,192,138,1314,2002.0,0.0,956954.0,1.7077209999999998,0.683549,SGP,MEX,7810
814485,197,138,1314,2002.0,0.0,2623808.0,-0.258579,-0.096214,SLV,MEX,7810
814486,205,138,1314,2002.0,0.0,380837.0,-1.002898,-0.905595,SUR,MEX,7810
814487,206,138,1314,2002.0,0.0,14390.0,1.269549,1.184774,SVK,MEX,7810
814488,207,138,1314,2002.0,0.0,80623.0,1.469681,1.13303,SVN,MEX,7810
814489,208,138,1314,2002.0,8830713.0,2637.0,2.134,0.769413,SWE,MEX,7810
814490,216,138,1314,2002.0,0.0,804452.0,0.513887,1.545967,THA,MEX,7810
814491,224,138,1314,2002.0,104486.0,190466.0,0.12982,1.8032650000000001,TUR,MEX,7810
814492,227,138,1314,2002.0,1154.0,0.0,-1.262952,-0.903123,UGA,MEX,7810
814493,228,138,1314,2002.0,0.0,32111.0,0.575372,1.131722,UKR,MEX,7810
814494,230,138,1314,2002.0,14137.0,141708.0,0.048498,0.118565,URY,MEX,7810
814495,231,138,1314,2002.0,3136642816.0,13510940672.0,1.853174,0.120986,USA,MEX,7810
814496,234,138,1314,2002.0,0.0,5792.0,-0.268813,-0.67072,VCT,MEX,7810
814497,236,138,1314,2002.0,4032.0,6163714.0,-0.008877,-0.753486,VEN,MEX,7810
814498,246,138,1314,2002.0,11741.0,509218.0,0.32760500000000004,2.497746,ZAF,MEX,7810
814499,249,138,1314,2002.0,1633614.0,3779872.0,1.9084720000000002,1.253714,TWN,MEX,7810
814500,250,138,1314,2002.0,132048.0,14281.0,0.5979300000000001,-0.497816,ANS,MEX,7810
814501,8,142,1314,2002.0,0.0,16448.0,0.045376,0.71768,ARG,MLT,7810
814502,14,142,1314,2002.0,44467.0,1065.0,-0.052462,0.759617,AUS,MLT,7810
814503,15,142,1314,2002.0,29002.0,0.0,1.866997,0.400527,AUT,MLT,7810
814504,18,142,1314,2002.0,2217336.0,4238.0,1.424339,1.372755,BEL,MLT,7810
814505,39,142,1314,2002.0,9837.0,0.0,0.9672360000000001,1.389981,CAN,MLT,7810
814506,41,142,1314,2002.0,1747.0,0.0,2.205507,0.831836,CHE,MLT,7810
814507,59,142,1314,2002.0,1819386.0,0.0,1.5835139999999999,0.9563010000000001,CZE,MLT,7810
814508,61,142,1314,2002.0,18760704.0,143437.0,2.367856,-2.195331,DEU,MLT,7810
814509,64,142,1314,2002.0,19446.0,0.0,1.344708,1.321135,DNK,MLT,7810
814510,71,142,1314,2002.0,13427825.0,0.0,1.054108,1.9357349999999998,ESP,MLT,7810
814511,77,142,1314,2002.0,25229392.0,5795.0,1.648526,0.6870430000000001,FRA,MLT,7810
814512,81,142,1314,2002.0,11048899.0,12010609.0,2.067395,0.7934359999999999,GBR,MLT,7810
814513,84,142,1314,2002.0,0.0,278126.0,0.404483,-0.313042,GIB,MLT,7810
814514,97,142,1314,2002.0,0.0,1443165.0,0.704932,1.291658,HKG,MLT,7810
814515,100,142,1314,2002.0,10365.0,0.0,0.603546,1.273001,HRV,MLT,7810
814516,104,142,1314,2002.0,2015921.0,0.0,0.32974000000000003,2.376477,IND,MLT,7810
814517,106,142,1314,2002.0,0.0,816162.0,1.7939310000000002,0.219254,IRL,MLT,7810
814518,111,142,1314,2002.0,5691596.0,53722.0,1.3944219999999998,1.125362,ITA,MLT,7810
814519,114,142,1314,2002.0,14256286.0,1115489.0,2.7747580000000003,0.43663199999999996,JPN,MLT,7810
814520,121,142,1314,2002.0,6060741.0,75592.0,1.4172719999999999,0.8763139999999999,KOR,MLT,7810
814521,126,142,1314,2002.0,0.0,101763.0,-0.692769,-1.188682,LBY,MLT,7810
814522,130,142,1314,2002.0,0.0,2531.0,0.15796,0.855931,LTU,MLT,7810
814523,138,142,1314,2002.0,68421.0,0.0,1.2677129999999999,0.599314,MEX,MLT,7810
814524,153,142,1314,2002.0,2315.0,111442.0,0.9987159999999999,0.26558200000000004,MYS,MLT,7810
814525,162,142,1314,2002.0,58771.0,0.0,1.175777,1.667472,NLD,MLT,7810
814526,167,142,1314,2002.0,62368.0,0.0,-1.307058,-1.270916,OMN,MLT,7810
814527,169,142,1314,2002.0,0.0,223202.0,0.085746,0.21839,PAN,MLT,7810
814528,177,142,1314,2002.0,38852.0,0.0,0.9449299999999999,1.655764,POL,MLT,7810
814529,179,142,1314,2002.0,48910.0,0.0,0.584956,1.377068,PRT,MLT,7810
814530,188,142,1314,2002.0,187313.0,0.0,0.048764,-0.903125,SAU,MLT,7810
814531,189,142,1314,2002.0,0.0,73886.0,0.523459,2.58657,SCG,MLT,7810
814532,192,142,1314,2002.0,0.0,81329.0,1.7077209999999998,0.683549,SGP,MLT,7810
814533,208,142,1314,2002.0,70948.0,0.0,2.134,0.769413,SWE,MLT,7810
814534,216,142,1314,2002.0,0.0,418134.0,0.513887,1.545967,THA,MLT,7810
814535,223,142,1314,2002.0,0.0,11487.0,0.059876,0.369032,TUN,MLT,7810
814536,224,142,1314,2002.0,1190607.0,0.0,0.12982,1.8032650000000001,TUR,MLT,7810
814537,231,142,1314,2002.0,267916.0,20568.0,1.853174,0.120986,USA,MLT,7810
814538,246,142,1314,2002.0,812032.0,0.0,0.32760500000000004,2.497746,ZAF,MLT,7810
814539,7,153,1314,2002.0,193642.0,2529448.0,-0.288838,-0.640049,ARE,MYS,7810
814540,14,153,1314,2002.0,4117907.0,6157234.0,-0.052462,0.759617,AUS,MYS,7810
814541,15,153,1314,2002.0,19365.0,23238.0,1.866997,0.400527,AUT,MYS,7810
814542,18,153,1314,2002.0,577952.0,0.0,1.424339,1.372755,BEL,MYS,7810
814543,24,153,1314,2002.0,0.0,5384.0,-0.31754099999999996,-1.099381,BHR,MYS,7810
814544,32,153,1314,2002.0,133132.0,0.0,0.631343,1.249344,BRA,MYS,7810
814545,34,153,1314,2002.0,16159.0,3499344.0,-1.359507,-1.084339,BRN,MYS,7810
814546,39,153,1314,2002.0,5248.0,0.0,0.9672360000000001,1.389981,CAN,MYS,7810
814547,41,153,1314,2002.0,56229.0,0.0,2.205507,0.831836,CHE,MYS,7810
814548,43,153,1314,2002.0,204034.0,283284.0,0.6181220000000001,1.9636759999999998,CHN,MYS,7810
814549,52,153,1314,2002.0,0.0,93054.0,0.083983,-0.096237,CRI,MYS,7810
814550,58,153,1314,2002.0,0.0,108106.0,0.332088,0.50441,CYP,MYS,7810
814551,59,153,1314,2002.0,1371126.0,47124.0,1.5835139999999999,0.9563010000000001,CZE,MYS,7810
814552,61,153,1314,2002.0,82057904.0,534654.0,2.367856,-2.195331,DEU,MYS,7810
814553,64,153,1314,2002.0,0.0,11215.0,1.344708,1.321135,DNK,MYS,7810
814554,68,153,1314,2002.0,1270.0,200992.0,-0.37218,0.634319,EGY,MYS,7810
814555,71,153,1314,2002.0,28726.0,324436.0,1.054108,1.9357349999999998,ESP,MYS,7810
814556,74,153,1314,2002.0,16340.0,16975.0,1.9545119999999998,1.047515,FIN,MYS,7810
814557,75,153,1314,2002.0,0.0,26702.0,-0.788026,-0.432015,FJI,MYS,7810
814558,77,153,1314,2002.0,20401932.0,0.0,1.648526,0.6870430000000001,FRA,MYS,7810
814559,78,153,1314,2002.0,0.0,8444.0,-0.33811399999999997,-0.8092050000000001,FRO,MYS,7810
814560,81,153,1314,2002.0,47177980.0,33605952.0,2.067395,0.7934359999999999,GBR,MYS,7810
814561,83,153,1314,2002.0,69161.0,4934.0,-1.258567,-1.048266,GHA,MYS,7810
814562,90,153,1314,2002.0,36823.0,0.0,0.20355399999999998,1.4130200000000002,GRC,MYS,7810
814563,97,153,1314,2002.0,414226.0,643912.0,0.704932,1.291658,HKG,MYS,7810
814564,100,153,1314,2002.0,0.0,6334.0,0.603546,1.273001,HRV,MYS,7810
814565,103,153,1314,2002.0,155567.0,2385103.0,0.098182,1.7305840000000001,IDN,MYS,7810
814566,104,153,1314,2002.0,303434.0,177960.0,0.32974000000000003,2.376477,IND,MYS,7810
814567,106,153,1314,2002.0,55150.0,23145.0,1.7939310000000002,0.219254,IRL,MYS,7810
814568,107,153,1314,2002.0,3642.0,1500400.0,-0.665259,-0.840274,IRN,MYS,7810
814569,108,153,1314,2002.0,0.0,28859516.0,-1.008202,-0.9532209999999999,IRQ,MYS,7810
814570,111,153,1314,2002.0,3910136.0,30620.0,1.3944219999999998,1.125362,ITA,MYS,7810
814571,113,153,1314,2002.0,7394.0,315208.0,0.34023000000000003,0.264754,JOR,MYS,7810
814572,114,153,1314,2002.0,397534528.0,211186.0,2.7747580000000003,0.43663199999999996,JPN,MYS,7810
814573,115,153,1314,2002.0,0.0,3908.0,-0.100361,-0.502468,KAZ,MYS,7810
814574,116,153,1314,2002.0,3422.0,0.0,-0.59055,0.000731,KEN,MYS,7810
814575,118,153,1314,2002.0,0.0,1625.0,-0.8577629999999999,-1.071536,KHM,MYS,7810
814576,121,153,1314,2002.0,136515040.0,30108.0,1.4172719999999999,0.8763139999999999,KOR,MYS,7810
814577,122,153,1314,2002.0,0.0,2443207.0,-0.794007,-1.192659,KWT,MYS,7810
814578,124,153,1314,2002.0,0.0,237976.0,0.220906,1.470297,LBN,MYS,7810
814579,128,153,1314,2002.0,5985.0,8778.0,-0.461765,-0.057614,LKA,MYS,7810
814580,130,153,1314,2002.0,0.0,981869.0,0.15796,0.855931,LTU,MYS,7810
814581,133,153,1314,2002.0,0.0,6406.0,0.005082,-0.328658,MAC,MYS,7810
814582,138,153,1314,2002.0,6185.0,0.0,1.2677129999999999,0.599314,MEX,MYS,7810
814583,140,153,1314,2002.0,0.0,6396.0,-0.027727999999999996,0.41846400000000006,MKD,MYS,7810
814584,142,153,1314,2002.0,111442.0,2315.0,0.901235,-0.140261,MLT,MYS,7810
814585,151,153,1314,2002.0,281555.0,213410.0,-0.382062,-0.379224,MUS,MYS,7810
814586,162,153,1314,2002.0,1364676.0,71901.0,1.175777,1.667472,NLD,MYS,7810
814587,166,153,1314,2002.0,931925.0,468406.0,0.370673,0.7853829999999999,NZL,MYS,7810
814588,167,153,1314,2002.0,31147.0,13380.0,-1.307058,-1.270916,OMN,MYS,7810
814589,168,153,1314,2002.0,0.0,30288.0,-0.7574069999999999,-0.403427,PAK,MYS,7810
814590,173,153,1314,2002.0,11865.0,0.0,-0.456603,0.030838,PER,MYS,7810
814591,174,153,1314,2002.0,27408.0,779888.0,0.29601,-0.232513,PHL,MYS,7810
814592,175,153,1314,2002.0,0.0,5263.0,-0.8780950000000001,-1.033134,PLW,MYS,7810
814593,176,153,1314,2002.0,0.0,28284.0,-1.430299,-1.172593,PNG,MYS,7810
814594,183,153,1314,2002.0,0.0,1279452.0,-0.002177,-1.042517,QAT,MYS,7810
814595,185,153,1314,2002.0,0.0,16038.0,0.549227,1.071998,ROU,MYS,7810
814596,188,153,1314,2002.0,99000.0,0.0,0.048764,-0.903125,SAU,MYS,7810
814597,189,153,1314,2002.0,0.0,6887.0,0.523459,2.58657,SCG,MYS,7810
814598,192,153,1314,2002.0,13426671.0,3618542.0,1.7077209999999998,0.683549,SGP,MYS,7810
814599,205,153,1314,2002.0,0.0,36329.0,-1.002898,-0.905595,SUR,MYS,7810
814600,208,153,1314,2002.0,797312.0,0.0,2.134,0.769413,SWE,MYS,7810
814601,211,153,1314,2002.0,0.0,6672.0,-0.8837229999999999,-0.975607,SYC,MYS,7810
814602,212,153,1314,2002.0,0.0,1693253.0,-1.07007,-0.560769,SYR,MYS,7810
814603,216,153,1314,2002.0,2099991.0,681887.0,0.513887,1.545967,THA,MYS,7810
814604,222,153,1314,2002.0,0.0,4543.0,-0.056315,-0.803537,TTO,MYS,7810
814605,224,153,1314,2002.0,162167.0,0.0,0.12982,1.8032650000000001,TUR,MYS,7810
814606,231,153,1314,2002.0,1526071.0,68703.0,1.853174,0.120986,USA,MYS,7810
814607,232,153,1314,2002.0,1322.0,0.0,-0.583861,-0.758266,UZB,MYS,7810
814608,236,153,1314,2002.0,21406.0,0.0,-0.008877,-0.753486,VEN,MYS,7810
814609,239,153,1314,2002.0,0.0,711434.0,-0.44170699999999996,0.544708,VNM,MYS,7810
814610,240,153,1314,2002.0,0.0,58450.0,-1.110093,-1.015554,VUT,MYS,7810
814611,246,153,1314,2002.0,6693466.0,14610.0,0.32760500000000004,2.497746,ZAF,MYS,7810
814612,248,153,1314,2002.0,99993.0,4108.0,-0.36033000000000004,0.452182,ZWE,MYS,7810
814613,249,153,1314,2002.0,14303.0,324818.0,1.9084720000000002,1.253714,TWN,MYS,7810
814614,250,153,1314,2002.0,47017264.0,0.0,0.5979300000000001,-0.497816,ANS,MYS,7810
814615,8,160,1314,2002.0,30986.0,0.0,0.045376,0.71768,ARG,NIC,7810
814616,15,160,1314,2002.0,203611.0,0.0,1.866997,0.400527,AUT,NIC,7810
814617,18,160,1314,2002.0,32337.0,0.0,1.424339,1.372755,BEL,NIC,7810
814618,28,160,1314,2002.0,2100.0,0.0,0.865742,1.1823860000000002,BLR,NIC,7810
814619,32,160,1314,2002.0,273684.0,0.0,0.631343,1.249344,BRA,NIC,7810
814620,39,160,1314,2002.0,95254.0,0.0,0.9672360000000001,1.389981,CAN,NIC,7810
814621,41,160,1314,2002.0,41582.0,0.0,2.205507,0.831836,CHE,NIC,7810
814622,42,160,1314,2002.0,85454.0,0.0,-0.079201,-0.11449200000000001,CHL,NIC,7810
814623,52,160,1314,2002.0,144387.0,5172.0,0.083983,-0.096237,CRI,NIC,7810
814624,54,160,1314,2002.0,0.0,15735.0,-0.896759,-1.079825,CUB,NIC,7810
814625,61,160,1314,2002.0,938456.0,16112.0,2.367856,-2.195331,DEU,NIC,7810
814626,64,160,1314,2002.0,26597.0,0.0,1.344708,1.321135,DNK,NIC,7810
814627,67,160,1314,2002.0,0.0,65087.0,-0.973858,-0.8924979999999999,ECU,NIC,7810
814628,71,160,1314,2002.0,222223.0,21639.0,1.054108,1.9357349999999998,ESP,NIC,7810
814629,74,160,1314,2002.0,20047.0,0.0,1.9545119999999998,1.047515,FIN,NIC,7810
814630,77,160,1314,2002.0,433931.0,9582.0,1.648526,0.6870430000000001,FRA,NIC,7810
814631,81,160,1314,2002.0,238224.0,0.0,2.067395,0.7934359999999999,GBR,NIC,7810
814632,93,160,1314,2002.0,63779.0,67077.0,-0.49913,-0.038079,GTM,NIC,7810
814633,99,160,1314,2002.0,56005.0,57808.0,-0.637891,-0.564421,HND,NIC,7810
814634,111,160,1314,2002.0,10547.0,19224.0,1.3944219999999998,1.125362,ITA,NIC,7810
814635,112,160,1314,2002.0,0.0,3964.0,-0.459541,-0.947443,JAM,NIC,7810
814636,114,160,1314,2002.0,20198558.0,0.0,2.7747580000000003,0.43663199999999996,JPN,NIC,7810
814637,121,160,1314,2002.0,7491562.0,0.0,1.4172719999999999,0.8763139999999999,KOR,NIC,7810
814638,138,160,1314,2002.0,567765.0,4606.0,1.2677129999999999,0.599314,MEX,NIC,7810
814639,162,160,1314,2002.0,42783.0,0.0,1.175777,1.667472,NLD,NIC,7810
814640,163,160,1314,2002.0,11265.0,0.0,0.689588,-0.007016,NOR,NIC,7810
814641,169,160,1314,2002.0,367826.0,0.0,0.085746,0.21839,PAN,NIC,7810
814642,173,160,1314,2002.0,33856.0,21812.0,-0.456603,0.030838,PER,NIC,7810
814643,178,160,1314,2002.0,3751824.0,0.0,0.629678,1.0153780000000001,PRK,NIC,7810
814644,186,160,1314,2002.0,115279.0,0.0,0.6051449999999999,0.272307,RUS,NIC,7810
814645,197,160,1314,2002.0,436098.0,115695.0,-0.258579,-0.096214,SLV,NIC,7810
814646,208,160,1314,2002.0,6966.0,0.0,2.134,0.769413,SWE,NIC,7810
814647,231,160,1314,2002.0,2482048.0,164472.0,1.853174,0.120986,USA,NIC,7810
814648,236,160,1314,2002.0,0.0,28399.0,-0.008877,-0.753486,VEN,NIC,7810
814649,246,160,1314,2002.0,0.0,647010.0,0.32760500000000004,2.497746,ZAF,NIC,7810
814650,249,160,1314,2002.0,37470.0,0.0,1.9084720000000002,1.253714,TWN,NIC,7810
814651,250,160,1314,2002.0,3369.0,0.0,0.5979300000000001,-0.497816,ANS,NIC,7810
814652,0,162,1314,2002.0,3034.0,810025.0,0.27076100000000003,-0.858951,ABW,NLD,7810
814653,1,162,1314,2002.0,0.0,1309371.0,-0.11885899999999999,-0.346093,AFG,NLD,7810
814654,2,162,1314,2002.0,0.0,8581551.0,-1.8043639999999999,-1.250642,AGO,NLD,7810
814655,4,162,1314,2002.0,0.0,102952.0,-0.05800399999999999,0.042254,ALB,NLD,7810
814656,5,162,1314,2002.0,60381.0,327072.0,1.3229389999999999,0.9635950000000001,AND,NLD,7810
814657,6,162,1314,2002.0,22104.0,3048650.0,0.145946,-0.704052,ANT,NLD,7810
814658,7,162,1314,2002.0,84661.0,4970732.0,-0.288838,-0.640049,ARE,NLD,7810
814659,8,162,1314,2002.0,28013.0,85242.0,0.045376,0.71768,ARG,NLD,7810
814660,9,162,1314,2002.0,0.0,135988.0,0.66447,-0.08317000000000001,ARM,NLD,7810
814661,14,162,1314,2002.0,604332.0,12249017.0,-0.052462,0.759617,AUS,NLD,7810
814662,15,162,1314,2002.0,73236008.0,60138248.0,1.866997,0.400527,AUT,NLD,7810
814663,16,162,1314,2002.0,0.0,3348.0,-0.566735,-1.003158,AZE,NLD,7810
814664,17,162,1314,2002.0,0.0,16941.0,-0.399212,-0.67657,BDI,NLD,7810
814665,18,162,1314,2002.0,2096602368.0,231949488.0,1.424339,1.372755,BEL,NLD,7810
814666,19,162,1314,2002.0,2280.0,2508826.0,-0.7683840000000001,-0.7984319999999999,BEN,NLD,7810
814667,21,162,1314,2002.0,5628.0,50817.0,-0.5542590000000001,-0.5946060000000001,BFA,NLD,7810
814668,22,162,1314,2002.0,0.0,20822.0,-0.9509,-1.113308,BGD,NLD,7810
814669,23,162,1314,2002.0,7254.0,2085140.0,0.468058,1.644037,BGR,NLD,7810
814670,24,162,1314,2002.0,4125.0,43643.0,-0.31754099999999996,-1.099381,BHR,NLD,7810
814671,25,162,1314,2002.0,0.0,3104.0,0.035127,-0.536416,BHS,NLD,7810
814672,26,162,1314,2002.0,16413.0,606811.0,0.223543,0.44595100000000004,BIH,NLD,7810
814673,28,162,1314,2002.0,3680.0,1362063.0,0.865742,1.1823860000000002,BLR,NLD,7810
814674,31,162,1314,2002.0,23656.0,7841.0,-0.785592,-0.6761119999999999,BOL,NLD,7810
814675,32,162,1314,2002.0,46893.0,4083718.0,0.631343,1.249344,BRA,NLD,7810
814676,33,162,1314,2002.0,0.0,26408.0,0.547024,-0.004036,BRB,NLD,7810
814677,34,162,1314,2002.0,0.0,14930.0,-1.359507,-1.084339,BRN,NLD,7810
814678,38,162,1314,2002.0,0.0,72363.0,-0.698235,-0.905799,CAF,NLD,7810
814679,39,162,1314,2002.0,3458862.0,27301136.0,0.9672360000000001,1.389981,CAN,NLD,7810
814680,41,162,1314,2002.0,2240065.0,109828256.0,2.205507,0.831836,CHE,NLD,7810
814681,42,162,1314,2002.0,23155.0,396210.0,-0.079201,-0.11449200000000001,CHL,NLD,7810
814682,43,162,1314,2002.0,274359.0,2303390.0,0.6181220000000001,1.9636759999999998,CHN,NLD,7810
814683,44,162,1314,2002.0,21427.0,541758.0,-0.803739,-0.752218,CIV,NLD,7810
814684,45,162,1314,2002.0,0.0,1388810.0,-1.188713,-1.109944,CMR,NLD,7810
814685,46,162,1314,2002.0,0.0,122031.0,-1.218664,-1.1406120000000002,COD,NLD,7810
814686,47,162,1314,2002.0,0.0,1020166.0,-1.468836,-1.250484,COG,NLD,7810
814687,49,162,1314,2002.0,0.0,201405.0,0.219861,0.45238999999999996,COL,NLD,7810
814688,50,162,1314,2002.0,0.0,5773.0,-0.634921,-0.9792120000000001,COM,NLD,7810
814689,51,162,1314,2002.0,0.0,692390.0,-0.315184,-0.660522,CPV,NLD,7810
814690,52,162,1314,2002.0,0.0,80935.0,0.083983,-0.096237,CRI,NLD,7810
814691,54,162,1314,2002.0,4910.0,626760.0,-0.896759,-1.079825,CUB,NLD,7810
814692,58,162,1314,2002.0,152803.0,1577358.0,0.332088,0.50441,CYP,NLD,7810
814693,59,162,1314,2002.0,89902424.0,42610236.0,1.5835139999999999,0.9563010000000001,CZE,NLD,7810
814694,61,162,1314,2002.0,2287404288.0,1238010496.0,2.367856,-2.195331,DEU,NLD,7810
814695,62,162,1314,2002.0,0.0,1187218.0,-0.03383,-0.014618,DJI,NLD,7810
814696,64,162,1314,2002.0,1169346.0,53737220.0,1.344708,1.321135,DNK,NLD,7810
814697,65,162,1314,2002.0,0.0,53203.0,-0.43339300000000003,-0.378827,DOM,NLD,7810
814698,66,162,1314,2002.0,0.0,638582.0,-0.9281389999999999,-1.19549,DZA,NLD,7810
814699,67,162,1314,2002.0,0.0,19226.0,-0.973858,-0.8924979999999999,ECU,NLD,7810
814700,68,162,1314,2002.0,29153.0,114701.0,-0.37218,0.634319,EGY,NLD,7810
814701,69,162,1314,2002.0,0.0,1495277.0,1.019399,0.23989899999999997,ERI,NLD,7810
814702,71,162,1314,2002.0,501879104.0,87370344.0,1.054108,1.9357349999999998,ESP,NLD,7810
814703,72,162,1314,2002.0,141816.0,203122.0,0.576142,1.168563,EST,NLD,7810
814704,73,162,1314,2002.0,0.0,616302.0,-1.289118,-1.0291540000000001,ETH,NLD,7810
814705,74,162,1314,2002.0,4322650.0,49011000.0,1.9545119999999998,1.047515,FIN,NLD,7810
814706,77,162,1314,2002.0,1181169664.0,122935448.0,1.648526,0.6870430000000001,FRA,NLD,7810
814707,78,162,1314,2002.0,0.0,32306.0,-0.33811399999999997,-0.8092050000000001,FRO,NLD,7810
814708,80,162,1314,2002.0,0.0,328953.0,-1.34341,-1.238593,GAB,NLD,7810
814709,81,162,1314,2002.0,803967360.0,549888384.0,2.067395,0.7934359999999999,GBR,NLD,7810
814710,82,162,1314,2002.0,5412.0,115368.0,0.23526999999999998,-0.156333,GEO,NLD,7810
814711,83,162,1314,2002.0,0.0,6744300.0,-1.258567,-1.048266,GHA,NLD,7810
814712,84,162,1314,2002.0,0.0,2836.0,0.404483,-0.313042,GIB,NLD,7810
814713,85,162,1314,2002.0,1786.0,630897.0,-1.684157,-1.256743,GIN,NLD,7810
814714,87,162,1314,2002.0,0.0,1133339.0,0.266536,0.20776,GMB,NLD,7810
814715,88,162,1314,2002.0,0.0,55906.0,-0.30444099999999996,-0.815509,GNB,NLD,7810
814716,90,162,1314,2002.0,14095.0,27044224.0,0.20355399999999998,1.4130200000000002,GRC,NLD,7810
814717,92,162,1314,2002.0,0.0,3758.0,-0.514411,-0.87766,GRL,NLD,7810
814718,93,162,1314,2002.0,0.0,8613.0,-0.49913,-0.038079,GTM,NLD,7810
814719,96,162,1314,2002.0,0.0,17792.0,-1.050604,-0.9015549999999999,GUY,NLD,7810
814720,97,162,1314,2002.0,0.0,8191897.0,0.704932,1.291658,HKG,NLD,7810
814721,99,162,1314,2002.0,4234.0,24301.0,-0.637891,-0.564421,HND,NLD,7810
814722,100,162,1314,2002.0,3922.0,636810.0,0.603546,1.273001,HRV,NLD,7810
814723,101,162,1314,2002.0,0.0,4728.0,-0.837823,-0.834512,HTI,NLD,7810
814724,102,162,1314,2002.0,40441900.0,46906108.0,1.232359,1.064425,HUN,NLD,7810
814725,103,162,1314,2002.0,0.0,1055501.0,0.098182,1.7305840000000001,IDN,NLD,7810
814726,104,162,1314,2002.0,62674296.0,45315.0,0.32974000000000003,2.376477,IND,NLD,7810
814727,106,162,1314,2002.0,353003.0,7306772.0,1.7939310000000002,0.219254,IRL,NLD,7810
814728,107,162,1314,2002.0,0.0,26483.0,-0.665259,-0.840274,IRN,NLD,7810
814729,109,162,1314,2002.0,1015.0,681204.0,0.17011700000000002,-0.33925500000000003,ISL,NLD,7810
814730,110,162,1314,2002.0,9331.0,25784810.0,1.257709,0.8318989999999999,ISR,NLD,7810
814731,111,162,1314,2002.0,293112768.0,133193640.0,1.3944219999999998,1.125362,ITA,NLD,7810
814732,112,162,1314,2002.0,0.0,17919.0,-0.459541,-0.947443,JAM,NLD,7810
814733,113,162,1314,2002.0,0.0,579366.0,0.34023000000000003,0.264754,JOR,NLD,7810
814734,114,162,1314,2002.0,305498144.0,40717936.0,2.7747580000000003,0.43663199999999996,JPN,NLD,7810
814735,115,162,1314,2002.0,8958.0,301004.0,-0.100361,-0.502468,KAZ,NLD,7810
814736,116,162,1314,2002.0,18841.0,108119.0,-0.59055,0.000731,KEN,NLD,7810
814737,117,162,1314,2002.0,0.0,1714.0,-0.094898,0.235639,KGZ,NLD,7810
814738,121,162,1314,2002.0,143452288.0,2755077.0,1.4172719999999999,0.8763139999999999,KOR,NLD,7810
814739,122,162,1314,2002.0,0.0,728276.0,-0.794007,-1.192659,KWT,NLD,7810
814740,124,162,1314,2002.0,5865.0,2498079.0,0.220906,1.470297,LBN,NLD,7810
814741,125,162,1314,2002.0,0.0,219064.0,-0.683036,-1.158808,LBR,NLD,7810
814742,126,162,1314,2002.0,0.0,504775.0,-0.692769,-1.188682,LBY,NLD,7810
814743,128,162,1314,2002.0,2353.0,67136.0,-0.461765,-0.057614,LKA,NLD,7810
814744,130,162,1314,2002.0,38890.0,5867328.0,0.15796,0.855931,LTU,NLD,7810
814745,131,162,1314,2002.0,5374304.0,387839.0,1.396249,1.153017,LUX,NLD,7810
814746,132,162,1314,2002.0,2223.0,976485.0,0.41409799999999997,0.6281680000000001,LVA,NLD,7810
814747,133,162,1314,2002.0,266660.0,0.0,0.005082,-0.328658,MAC,NLD,7810
814748,134,162,1314,2002.0,0.0,6107180.0,-0.690226,-0.42557,MAR,NLD,7810
814749,135,162,1314,2002.0,0.0,149547.0,-0.017383000000000003,0.109124,MDA,NLD,7810
814750,136,162,1314,2002.0,0.0,4276.0,-1.109564,-0.642039,MDG,NLD,7810
814751,138,162,1314,2002.0,754771.0,21357244.0,1.2677129999999999,0.599314,MEX,NLD,7810
814752,140,162,1314,2002.0,12098.0,326714.0,-0.027727999999999996,0.41846400000000006,MKD,NLD,7810
814753,141,162,1314,2002.0,0.0,80890.0,-0.786698,-0.682438,MLI,NLD,7810
814754,142,162,1314,2002.0,0.0,58771.0,0.901235,-0.140261,MLT,NLD,7810
814755,145,162,1314,2002.0,0.0,4756.0,-0.711096,-0.9835799999999999,MNG,NLD,7810
814756,147,162,1314,2002.0,0.0,14298.0,-1.337891,-1.187073,MOZ,NLD,7810
814757,148,162,1314,2002.0,0.0,1048130.0,-1.053061,-1.221967,MRT,NLD,7810
814758,151,162,1314,2002.0,0.0,36688.0,-0.382062,-0.379224,MUS,NLD,7810
814759,152,162,1314,2002.0,0.0,15573.0,-1.431612,-1.234903,MWI,NLD,7810
814760,153,162,1314,2002.0,71901.0,1364676.0,0.9987159999999999,0.26558200000000004,MYS,NLD,7810
814761,155,162,1314,2002.0,5010.0,38516.0,-0.137725,-0.361452,NAM,NLD,7810
814762,156,162,1314,2002.0,0.0,179403.0,-0.7477739999999999,-1.006248,NCL,NLD,7810
814763,157,162,1314,2002.0,0.0,414802.0,-0.562837,-0.333649,NER,NLD,7810
814764,159,162,1314,2002.0,0.0,16762600.0,-1.705991,-1.292926,NGA,NLD,7810
814765,160,162,1314,2002.0,0.0,42783.0,-0.634946,-0.37966,NIC,NLD,7810
814766,163,162,1314,2002.0,2903762.0,30852794.0,0.689588,-0.007016,NOR,NLD,7810
814767,166,162,1314,2002.0,207657.0,1811125.0,0.370673,0.7853829999999999,NZL,NLD,7810
814768,167,162,1314,2002.0,203005.0,53107.0,-1.307058,-1.270916,OMN,NLD,7810
814769,168,162,1314,2002.0,0.0,22686.0,-0.7574069999999999,-0.403427,PAK,NLD,7810
814770,169,162,1314,2002.0,0.0,12466.0,0.085746,0.21839,PAN,NLD,7810
814771,173,162,1314,2002.0,19797.0,446043.0,-0.456603,0.030838,PER,NLD,7810
814772,174,162,1314,2002.0,42705.0,870997.0,0.29601,-0.232513,PHL,NLD,7810
814773,176,162,1314,2002.0,0.0,22856.0,-1.430299,-1.172593,PNG,NLD,7810
814774,177,162,1314,2002.0,35202484.0,39929232.0,0.9449299999999999,1.655764,POL,NLD,7810
814775,178,162,1314,2002.0,28015.0,0.0,0.629678,1.0153780000000001,PRK,NLD,7810
814776,179,162,1314,2002.0,12108562.0,44683620.0,0.584956,1.377068,PRT,NLD,7810
814777,180,162,1314,2002.0,0.0,38692.0,-0.733796,-0.9001530000000001,PRY,NLD,7810
814778,182,162,1314,2002.0,0.0,429297.0,-0.363179,-0.8967450000000001,PYF,NLD,7810
814779,183,162,1314,2002.0,61528.0,83246.0,-0.002177,-1.042517,QAT,NLD,7810
814780,185,162,1314,2002.0,8264.0,4915072.0,0.549227,1.071998,ROU,NLD,7810
814781,186,162,1314,2002.0,267161.0,59420464.0,0.6051449999999999,0.272307,RUS,NLD,7810
814782,187,162,1314,2002.0,0.0,156079.0,-0.6278859999999999,-0.832391,RWA,NLD,7810
814783,188,162,1314,2002.0,116050.0,2216478.0,0.048764,-0.903125,SAU,NLD,7810
814784,189,162,1314,2002.0,10285.0,1119362.0,0.523459,2.58657,SCG,NLD,7810
814785,190,162,1314,2002.0,0.0,287320.0,-1.336665,-1.19919,SDN,NLD,7810
814786,191,162,1314,2002.0,18546.0,326766.0,-0.5424939999999999,-0.554531,SEN,NLD,7810
814787,192,162,1314,2002.0,0.0,4743307.0,1.7077209999999998,0.683549,SGP,NLD,7810
814788,196,162,1314,2002.0,0.0,2490670.0,0.29478899999999997,0.055865,SLE,NLD,7810
814789,197,162,1314,2002.0,0.0,61690.0,-0.258579,-0.096214,SLV,NLD,7810
814790,199,162,1314,2002.0,0.0,12297.0,-0.145777,-0.512123,SOM,NLD,7810
814791,200,162,1314,2002.0,0.0,3801.0,-0.791918,-0.965751,SPM,NLD,7810
814792,203,162,1314,2002.0,0.0,61681.0,0.767305,-0.0836,STP,NLD,7810
814793,205,162,1314,2002.0,428837.0,2996376.0,-1.002898,-0.905595,SUR,NLD,7810
814794,206,162,1314,2002.0,20828918.0,1236725.0,1.269549,1.184774,SVK,NLD,7810
814795,207,162,1314,2002.0,2568052.0,2851615.0,1.469681,1.13303,SVN,NLD,7810
814796,208,162,1314,2002.0,118741640.0,149795328.0,2.134,0.769413,SWE,NLD,7810
814797,212,162,1314,2002.0,0.0,142936.0,-1.07007,-0.560769,SYR,NLD,7810
814798,214,162,1314,2002.0,0.0,160893.0,-0.092619,-0.776712,TCD,NLD,7810
814799,215,162,1314,2002.0,0.0,1707384.0,-0.688284,-0.5292789999999999,TGO,NLD,7810
814800,216,162,1314,2002.0,280574.0,684747.0,0.513887,1.545967,THA,NLD,7810
814801,217,162,1314,2002.0,0.0,23829.0,-0.8483510000000001,-1.09992,TJK,NLD,7810
814802,219,162,1314,2002.0,6506.0,96530.0,-0.9178629999999999,-1.202212,TKM,NLD,7810
814803,222,162,1314,2002.0,5015.0,0.0,-0.056315,-0.803537,TTO,NLD,7810
814804,223,162,1314,2002.0,119673.0,467636.0,0.059876,0.369032,TUN,NLD,7810
814805,224,162,1314,2002.0,5194484.0,8151198.0,0.12982,1.8032650000000001,TUR,NLD,7810
814806,226,162,1314,2002.0,0.0,125578.0,-1.234127,-0.421158,TZA,NLD,7810
814807,227,162,1314,2002.0,0.0,6531.0,-1.262952,-0.903123,UGA,NLD,7810
814808,228,162,1314,2002.0,0.0,8975962.0,0.575372,1.131722,UKR,NLD,7810
814809,230,162,1314,2002.0,19808.0,26275.0,0.048498,0.118565,URY,NLD,7810
814810,231,162,1314,2002.0,51908960.0,267135408.0,1.853174,0.120986,USA,NLD,7810
814811,232,162,1314,2002.0,0.0,2842.0,-0.583861,-0.758266,UZB,NLD,7810
814812,236,162,1314,2002.0,7553.0,359619.0,-0.008877,-0.753486,VEN,NLD,7810
814813,243,162,1314,2002.0,0.0,27419.0,-1.447637,-1.289748,YEM,NLD,7810
814814,246,162,1314,2002.0,397448.0,8538968.0,0.32760500000000004,2.497746,ZAF,NLD,7810
814815,247,162,1314,2002.0,0.0,64396.0,-0.840258,-0.639474,ZMB,NLD,7810
814816,248,162,1314,2002.0,446999.0,11836.0,-0.36033000000000004,0.452182,ZWE,NLD,7810
814817,249,162,1314,2002.0,7451615.0,4696470.0,1.9084720000000002,1.253714,TWN,NLD,7810
814818,250,162,1314,2002.0,9580.0,239367.0,0.5979300000000001,-0.497816,ANS,NLD,7810
814819,2,163,1314,2002.0,0.0,96138.0,-1.8043639999999999,-1.250642,AGO,NOR,7810
814820,4,163,1314,2002.0,0.0,4446.0,-0.05800399999999999,0.042254,ALB,NOR,7810
814821,5,163,1314,2002.0,10775.0,0.0,1.3229389999999999,0.9635950000000001,AND,NOR,7810
814822,7,163,1314,2002.0,6026.0,19644.0,-0.288838,-0.640049,ARE,NOR,7810
814823,8,163,1314,2002.0,0.0,13975.0,0.045376,0.71768,ARG,NOR,7810
814824,14,163,1314,2002.0,93054.0,7352.0,-0.052462,0.759617,AUS,NOR,7810
814825,15,163,1314,2002.0,10859696.0,40547.0,1.866997,0.400527,AUT,NOR,7810
814826,18,163,1314,2002.0,31191344.0,509192.0,1.424339,1.372755,BEL,NOR,7810
814827,19,163,1314,2002.0,0.0,63026.0,-0.7683840000000001,-0.7984319999999999,BEN,NOR,7810
814828,23,163,1314,2002.0,6549.0,102373.0,0.468058,1.644037,BGR,NOR,7810
814829,26,163,1314,2002.0,14217.0,0.0,0.223543,0.44595100000000004,BIH,NOR,7810
814830,28,163,1314,2002.0,0.0,14575.0,0.865742,1.1823860000000002,BLR,NOR,7810
814831,32,163,1314,2002.0,14549.0,0.0,0.631343,1.249344,BRA,NOR,7810
814832,39,163,1314,2002.0,5099670.0,38591.0,0.9672360000000001,1.389981,CAN,NOR,7810
814833,41,163,1314,2002.0,1833017.0,179617.0,2.205507,0.831836,CHE,NOR,7810
814834,42,163,1314,2002.0,0.0,38895.0,-0.079201,-0.11449200000000001,CHL,NOR,7810
814835,43,163,1314,2002.0,43882.0,0.0,0.6181220000000001,1.9636759999999998,CHN,NOR,7810
814836,44,163,1314,2002.0,4271.0,0.0,-0.803739,-0.752218,CIV,NOR,7810
814837,59,163,1314,2002.0,28875812.0,59781.0,1.5835139999999999,0.9563010000000001,CZE,NOR,7810
814838,61,163,1314,2002.0,772560384.0,2597017.0,2.367856,-2.195331,DEU,NOR,7810
814839,64,163,1314,2002.0,36499028.0,1307668.0,1.344708,1.321135,DNK,NOR,7810
814840,69,163,1314,2002.0,0.0,23232.0,1.019399,0.23989899999999997,ERI,NOR,7810
814841,71,163,1314,2002.0,38231472.0,667319.0,1.054108,1.9357349999999998,ESP,NOR,7810
814842,72,163,1314,2002.0,41588.0,146789.0,0.576142,1.168563,EST,NOR,7810
814843,73,163,1314,2002.0,0.0,67341.0,-1.289118,-1.0291540000000001,ETH,NOR,7810
814844,74,163,1314,2002.0,12854989.0,2613762.0,1.9545119999999998,1.047515,FIN,NOR,7810
814845,77,163,1314,2002.0,108065224.0,567304.0,1.648526,0.6870430000000001,FRA,NOR,7810
814846,78,163,1314,2002.0,55172.0,41700.0,-0.33811399999999997,-0.8092050000000001,FRO,NOR,7810
814847,80,163,1314,2002.0,0.0,6624.0,-1.34341,-1.238593,GAB,NOR,7810
814848,81,163,1314,2002.0,113111392.0,2139642.0,2.067395,0.7934359999999999,GBR,NOR,7810
814849,83,163,1314,2002.0,3654.0,11809.0,-1.258567,-1.048266,GHA,NOR,7810
814850,87,163,1314,2002.0,0.0,34207.0,0.266536,0.20776,GMB,NOR,7810
814851,90,163,1314,2002.0,6030.0,0.0,0.20355399999999998,1.4130200000000002,GRC,NOR,7810
814852,92,163,1314,2002.0,0.0,27460.0,-0.514411,-0.87766,GRL,NOR,7810
814853,93,163,1314,2002.0,29742.0,1601813.0,-0.49913,-0.038079,GTM,NOR,7810
814854,96,163,1314,2002.0,0.0,10044.0,-1.050604,-0.9015549999999999,GUY,NOR,7810
814855,100,163,1314,2002.0,4680.0,0.0,0.603546,1.273001,HRV,NOR,7810
814856,102,163,1314,2002.0,766247.0,0.0,1.232359,1.064425,HUN,NOR,7810
814857,103,163,1314,2002.0,8969.0,0.0,0.098182,1.7305840000000001,IDN,NOR,7810
814858,109,163,1314,2002.0,33752.0,94709.0,0.17011700000000002,-0.33925500000000003,ISL,NOR,7810
814859,110,163,1314,2002.0,16539.0,68699.0,1.257709,0.8318989999999999,ISR,NOR,7810
814860,111,163,1314,2002.0,12191582.0,31127.0,1.3944219999999998,1.125362,ITA,NOR,7810
814861,114,163,1314,2002.0,156790352.0,10790.0,2.7747580000000003,0.43663199999999996,JPN,NOR,7810
814862,121,163,1314,2002.0,32191566.0,0.0,1.4172719999999999,0.8763139999999999,KOR,NOR,7810
814863,130,163,1314,2002.0,36182.0,11736.0,0.15796,0.855931,LTU,NOR,7810
814864,131,163,1314,2002.0,205339.0,103173.0,1.396249,1.153017,LUX,NOR,7810
814865,132,163,1314,2002.0,13410.0,31932.0,0.41409799999999997,0.6281680000000001,LVA,NOR,7810
814866,138,163,1314,2002.0,276693.0,0.0,1.2677129999999999,0.599314,MEX,NOR,7810
814867,140,163,1314,2002.0,0.0,2436.0,-0.027727999999999996,0.41846400000000006,MKD,NOR,7810
814868,152,163,1314,2002.0,0.0,63776.0,-1.431612,-1.234903,MWI,NOR,7810
814869,157,163,1314,2002.0,0.0,41156.0,-0.562837,-0.333649,NER,NOR,7810
814870,159,163,1314,2002.0,0.0,11441.0,-1.705991,-1.292926,NGA,NOR,7810
814871,160,163,1314,2002.0,0.0,11265.0,-0.634946,-0.37966,NIC,NOR,7810
814872,162,163,1314,2002.0,30852794.0,2903762.0,1.175777,1.667472,NLD,NOR,7810
814873,174,163,1314,2002.0,0.0,7973.0,0.29601,-0.232513,PHL,NOR,7810
814874,177,163,1314,2002.0,854348.0,31752.0,0.9449299999999999,1.655764,POL,NOR,7810
814875,179,163,1314,2002.0,8369136.0,190404.0,0.584956,1.377068,PRT,NOR,7810
814876,183,163,1314,2002.0,31535.0,0.0,-0.002177,-1.042517,QAT,NOR,7810
814877,185,163,1314,2002.0,0.0,95385.0,0.549227,1.071998,ROU,NOR,7810
814878,186,163,1314,2002.0,72541.0,346202.0,0.6051449999999999,0.272307,RUS,NOR,7810
814879,188,163,1314,2002.0,10998.0,0.0,0.048764,-0.903125,SAU,NOR,7810
814880,189,163,1314,2002.0,23338.0,3266.0,0.523459,2.58657,SCG,NOR,7810
814881,191,163,1314,2002.0,0.0,3055.0,-0.5424939999999999,-0.554531,SEN,NOR,7810
814882,196,163,1314,2002.0,0.0,4967.0,0.29478899999999997,0.055865,SLE,NOR,7810
814883,197,163,1314,2002.0,4972.0,8410.0,-0.258579,-0.096214,SLV,NOR,7810
814884,206,163,1314,2002.0,13142714.0,0.0,1.269549,1.184774,SVK,NOR,7810
814885,207,163,1314,2002.0,314956.0,1559.0,1.469681,1.13303,SVN,NOR,7810
814886,208,163,1314,2002.0,179837968.0,5990798.0,2.134,0.769413,SWE,NOR,7810
814887,215,163,1314,2002.0,0.0,11241.0,-0.688284,-0.5292789999999999,TGO,NOR,7810
814888,216,163,1314,2002.0,24139.0,5975.0,0.513887,1.545967,THA,NOR,7810
814889,223,163,1314,2002.0,27639.0,0.0,0.059876,0.369032,TUN,NOR,7810
814890,224,163,1314,2002.0,4434604.0,1944.0,0.12982,1.8032650000000001,TUR,NOR,7810
814891,228,163,1314,2002.0,6515.0,14231.0,0.575372,1.131722,UKR,NOR,7810
814892,231,163,1314,2002.0,24801952.0,1183896.0,1.853174,0.120986,USA,NOR,7810
814893,246,163,1314,2002.0,131936.0,0.0,0.32760500000000004,2.497746,ZAF,NOR,7810
814894,248,163,1314,2002.0,41433.0,0.0,-0.36033000000000004,0.452182,ZWE,NOR,7810
814895,249,163,1314,2002.0,828915.0,0.0,1.9084720000000002,1.253714,TWN,NOR,7810
814896,7,166,1314,2002.0,1828.0,13830.0,-0.288838,-0.640049,ARE,NZL,7810
814897,10,166,1314,2002.0,0.0,6838.0,1.002446,0.17447200000000002,ASM,NZL,7810
814898,14,166,1314,2002.0,243175136.0,1988585.0,-0.052462,0.759617,AUS,NZL,7810
814899,15,166,1314,2002.0,7660574.0,0.0,1.866997,0.400527,AUT,NZL,7810
814900,18,166,1314,2002.0,33734796.0,0.0,1.424339,1.372755,BEL,NZL,7810
814901,39,166,1314,2002.0,788490.0,48273.0,0.9672360000000001,1.389981,CAN,NZL,7810
814902,41,166,1314,2002.0,4375.0,0.0,2.205507,0.831836,CHE,NZL,7810
814903,43,166,1314,2002.0,111813.0,0.0,0.6181220000000001,1.9636759999999998,CHN,NZL,7810
814904,48,166,1314,2002.0,0.0,557349.0,0.595648,-0.301939,COK,NZL,7810
814905,58,166,1314,2002.0,5815.0,0.0,0.332088,0.50441,CYP,NZL,7810
814906,59,166,1314,2002.0,952433.0,0.0,1.5835139999999999,0.9563010000000001,CZE,NZL,7810
814907,61,166,1314,2002.0,91468840.0,428711.0,2.367856,-2.195331,DEU,NZL,7810
814908,71,166,1314,2002.0,4571716.0,0.0,1.054108,1.9357349999999998,ESP,NZL,7810
814909,73,166,1314,2002.0,0.0,2481.0,-1.289118,-1.0291540000000001,ETH,NZL,7810
814910,74,166,1314,2002.0,18342.0,0.0,1.9545119999999998,1.047515,FIN,NZL,7810
814911,75,166,1314,2002.0,43761.0,723611.0,-0.788026,-0.432015,FJI,NZL,7810
814912,76,166,1314,2002.0,0.0,28797.0,-0.395335,-0.942025,FLK,NZL,7810
814913,77,166,1314,2002.0,22239608.0,11323.0,1.648526,0.6870430000000001,FRA,NZL,7810
814914,81,166,1314,2002.0,36799656.0,4227514.0,2.067395,0.7934359999999999,GBR,NZL,7810
814915,83,166,1314,2002.0,0.0,4623.0,-1.258567,-1.048266,GHA,NZL,7810
814916,97,166,1314,2002.0,184897.0,159840.0,0.704932,1.291658,HKG,NZL,7810
814917,103,166,1314,2002.0,1774.0,5940580.0,0.098182,1.7305840000000001,IDN,NZL,7810
814918,104,166,1314,2002.0,8462.0,0.0,0.32974000000000003,2.376477,IND,NZL,7810
814919,106,166,1314,2002.0,40895.0,0.0,1.7939310000000002,0.219254,IRL,NZL,7810
814920,110,166,1314,2002.0,0.0,10878.0,1.257709,0.8318989999999999,ISR,NZL,7810
814921,111,166,1314,2002.0,12121144.0,5003.0,1.3944219999999998,1.125362,ITA,NZL,7810
814922,112,166,1314,2002.0,7447.0,0.0,-0.459541,-0.947443,JAM,NZL,7810
814923,114,166,1314,2002.0,639847680.0,959908.0,2.7747580000000003,0.43663199999999996,JPN,NZL,7810
814924,116,166,1314,2002.0,16893.0,26936.0,-0.59055,0.000731,KEN,NZL,7810
814925,121,166,1314,2002.0,9625227.0,0.0,1.4172719999999999,0.8763139999999999,KOR,NZL,7810
814926,123,166,1314,2002.0,0.0,6468.0,-0.990957,-1.111048,LAO,NZL,7810
814927,128,166,1314,2002.0,0.0,11209.0,-0.461765,-0.057614,LKA,NZL,7810
814928,133,166,1314,2002.0,0.0,5456.0,0.005082,-0.328658,MAC,NZL,7810
814929,138,166,1314,2002.0,2355246.0,0.0,1.2677129999999999,0.599314,MEX,NZL,7810
814930,153,166,1314,2002.0,468406.0,931925.0,0.9987159999999999,0.26558200000000004,MYS,NZL,7810
814931,156,166,1314,2002.0,3657.0,54916.0,-0.7477739999999999,-1.006248,NCL,NZL,7810
814932,158,166,1314,2002.0,0.0,191123.0,1.214393,-0.442896,NFK,NZL,7810
814933,159,166,1314,2002.0,0.0,2343.0,-1.705991,-1.292926,NGA,NZL,7810
814934,161,166,1314,2002.0,0.0,4499.0,0.891747,-0.5216930000000001,NIU,NZL,7810
814935,162,166,1314,2002.0,1811125.0,207657.0,1.175777,1.667472,NLD,NZL,7810
814936,164,166,1314,2002.0,1309.0,0.0,-0.065582,0.464797,NPL,NZL,7810
814937,168,166,1314,2002.0,8986.0,18548.0,-0.7574069999999999,-0.403427,PAK,NZL,7810
814938,171,166,1314,2002.0,0.0,8438.0,0.71062,-0.328077,PCN,NZL,7810
814939,176,166,1314,2002.0,0.0,4853.0,-1.430299,-1.172593,PNG,NZL,7810
814940,182,166,1314,2002.0,0.0,30393.0,-0.363179,-0.8967450000000001,PYF,NZL,7810
814941,192,166,1314,2002.0,11575845.0,1854456.0,1.7077209999999998,0.683549,SGP,NZL,7810
814942,206,166,1314,2002.0,193369.0,0.0,1.269549,1.184774,SVK,NZL,7810
814943,208,166,1314,2002.0,2096617.0,0.0,2.134,0.769413,SWE,NZL,7810
814944,216,166,1314,2002.0,6718423.0,10364.0,0.513887,1.545967,THA,NZL,7810
814945,221,166,1314,2002.0,0.0,185382.0,-0.772079,-1.0016479999999999,TON,NZL,7810
814946,225,166,1314,2002.0,0.0,33965.0,0.01488,0.187673,TUV,NZL,7810
814947,226,166,1314,2002.0,0.0,4568.0,-1.234127,-0.421158,TZA,NZL,7810
814948,231,166,1314,2002.0,47453668.0,580936.0,1.853174,0.120986,USA,NZL,7810
814949,242,166,1314,2002.0,0.0,154060.0,-0.09827000000000001,-0.540676,WSM,NZL,7810
814950,246,166,1314,2002.0,10709423.0,18638.0,0.32760500000000004,2.497746,ZAF,NZL,7810
814951,248,166,1314,2002.0,233849.0,0.0,-0.36033000000000004,0.452182,ZWE,NZL,7810
814952,249,166,1314,2002.0,690862.0,0.0,1.9084720000000002,1.253714,TWN,NZL,7810
814953,250,166,1314,2002.0,143608.0,0.0,0.5979300000000001,-0.497816,ANS,NZL,7810
814954,8,169,1314,2002.0,432760.0,0.0,0.045376,0.71768,ARG,PAN,7810
814955,15,169,1314,2002.0,120322.0,0.0,1.866997,0.400527,AUT,PAN,7810
814956,18,169,1314,2002.0,551464.0,0.0,1.424339,1.372755,BEL,PAN,7810
814957,22,169,1314,2002.0,0.0,2686.0,-0.9509,-1.113308,BGD,PAN,7810
814958,25,169,1314,2002.0,0.0,21726.0,0.035127,-0.536416,BHS,PAN,7810
814959,31,169,1314,2002.0,0.0,58789.0,-0.785592,-0.6761119999999999,BOL,PAN,7810
814960,32,169,1314,2002.0,497799.0,0.0,0.631343,1.249344,BRA,PAN,7810
814961,39,169,1314,2002.0,171206.0,0.0,0.9672360000000001,1.389981,CAN,PAN,7810
814962,41,169,1314,2002.0,5249.0,0.0,2.205507,0.831836,CHE,PAN,7810
814963,42,169,1314,2002.0,36518.0,0.0,-0.079201,-0.11449200000000001,CHL,PAN,7810
814964,43,169,1314,2002.0,2292.0,0.0,0.6181220000000001,1.9636759999999998,CHN,PAN,7810
814965,49,169,1314,2002.0,118042.0,19555.0,0.219861,0.45238999999999996,COL,PAN,7810
814966,52,169,1314,2002.0,0.0,212449.0,0.083983,-0.096237,CRI,PAN,7810
814967,54,169,1314,2002.0,2727.0,53726.0,-0.896759,-1.079825,CUB,PAN,7810
814968,59,169,1314,2002.0,2187210.0,0.0,1.5835139999999999,0.9563010000000001,CZE,PAN,7810
814969,61,169,1314,2002.0,19421556.0,0.0,2.367856,-2.195331,DEU,PAN,7810
814970,64,169,1314,2002.0,66241.0,222547.0,1.344708,1.321135,DNK,PAN,7810
814971,65,169,1314,2002.0,0.0,350458.0,-0.43339300000000003,-0.378827,DOM,PAN,7810
814972,67,169,1314,2002.0,0.0,338549.0,-0.973858,-0.8924979999999999,ECU,PAN,7810
814973,71,169,1314,2002.0,312279.0,67696.0,1.054108,1.9357349999999998,ESP,PAN,7810
814974,77,169,1314,2002.0,509938.0,0.0,1.648526,0.6870430000000001,FRA,PAN,7810
814975,81,169,1314,2002.0,1988475.0,251374.0,2.067395,0.7934359999999999,GBR,PAN,7810
814976,83,169,1314,2002.0,0.0,92701.0,-1.258567,-1.048266,GHA,PAN,7810
814977,91,169,1314,2002.0,0.0,1446.0,0.822523,0.032938999999999996,GRD,PAN,7810
814978,93,169,1314,2002.0,0.0,346695.0,-0.49913,-0.038079,GTM,PAN,7810
814979,96,169,1314,2002.0,0.0,16403.0,-1.050604,-0.9015549999999999,GUY,PAN,7810
814980,99,169,1314,2002.0,0.0,331019.0,-0.637891,-0.564421,HND,PAN,7810
814981,104,169,1314,2002.0,11818.0,0.0,0.32974000000000003,2.376477,IND,PAN,7810
814982,111,169,1314,2002.0,88643.0,8059.0,1.3944219999999998,1.125362,ITA,PAN,7810
814983,112,169,1314,2002.0,0.0,13498.0,-0.459541,-0.947443,JAM,PAN,7810
814984,114,169,1314,2002.0,84628728.0,0.0,2.7747580000000003,0.43663199999999996,JPN,PAN,7810
814985,121,169,1314,2002.0,13692968.0,19139.0,1.4172719999999999,0.8763139999999999,KOR,PAN,7810
814986,138,169,1314,2002.0,3518742.0,0.0,1.2677129999999999,0.599314,MEX,PAN,7810
814987,142,169,1314,2002.0,223202.0,0.0,0.901235,-0.140261,MLT,PAN,7810
814988,159,169,1314,2002.0,0.0,83382.0,-1.705991,-1.292926,NGA,PAN,7810
814989,160,169,1314,2002.0,0.0,367826.0,-0.634946,-0.37966,NIC,PAN,7810
814990,162,169,1314,2002.0,12466.0,0.0,1.175777,1.667472,NLD,PAN,7810
814991,173,169,1314,2002.0,7703.0,6196.0,-0.456603,0.030838,PER,PAN,7810
814992,180,169,1314,2002.0,0.0,22741.0,-0.733796,-0.9001530000000001,PRY,PAN,7810
814993,190,169,1314,2002.0,0.0,60282.0,-1.336665,-1.19919,SDN,PAN,7810
814994,197,169,1314,2002.0,0.0,292472.0,-0.258579,-0.096214,SLV,PAN,7810
814995,205,169,1314,2002.0,0.0,4938.0,-1.002898,-0.905595,SUR,PAN,7810
814996,208,169,1314,2002.0,22337.0,3710.0,2.134,0.769413,SWE,PAN,7810
814997,216,169,1314,2002.0,105219.0,0.0,0.513887,1.545967,THA,PAN,7810
814998,231,169,1314,2002.0,21586966.0,4830.0,1.853174,0.120986,USA,PAN,7810
814999,236,169,1314,2002.0,11756.0,396527.0,-0.008877,-0.753486,VEN,PAN,7810
815000,249,169,1314,2002.0,107705.0,0.0,1.9084720000000002,1.253714,TWN,PAN,7810
815001,250,169,1314,2002.0,1678606.0,0.0,0.5979300000000001,-0.497816,ANS,PAN,7810
815002,8,173,1314,2002.0,642058.0,17675.0,0.045376,0.71768,ARG,PER,7810
815003,15,173,1314,2002.0,248581.0,13605.0,1.866997,0.400527,AUT,PER,7810
815004,18,173,1314,2002.0,800160.0,54539.0,1.424339,1.372755,BEL,PER,7810
815005,31,173,1314,2002.0,24017.0,41539.0,-0.785592,-0.6761119999999999,BOL,PER,7810
815006,32,173,1314,2002.0,5014462.0,29423.0,0.631343,1.249344,BRA,PER,7810
815007,39,173,1314,2002.0,574911.0,37660.0,0.9672360000000001,1.389981,CAN,PER,7810
815008,41,173,1314,2002.0,23406.0,22218.0,2.205507,0.831836,CHE,PER,7810
815009,42,173,1314,2002.0,251366.0,98048.0,-0.079201,-0.11449200000000001,CHL,PER,7810
815010,43,173,1314,2002.0,30296.0,0.0,0.6181220000000001,1.9636759999999998,CHN,PER,7810
815011,44,173,1314,2002.0,6739.0,0.0,-0.803739,-0.752218,CIV,PER,7810
815012,49,173,1314,2002.0,19062.0,67605.0,0.219861,0.45238999999999996,COL,PER,7810
815013,52,173,1314,2002.0,0.0,14992.0,0.083983,-0.096237,CRI,PER,7810
815014,61,173,1314,2002.0,10951917.0,84714.0,2.367856,-2.195331,DEU,PER,7810
815015,64,173,1314,2002.0,29227.0,0.0,1.344708,1.321135,DNK,PER,7810
815016,65,173,1314,2002.0,0.0,95643.0,-0.43339300000000003,-0.378827,DOM,PER,7810
815017,67,173,1314,2002.0,18814.0,168560.0,-0.973858,-0.8924979999999999,ECU,PER,7810
815018,71,173,1314,2002.0,839351.0,19718.0,1.054108,1.9357349999999998,ESP,PER,7810
815019,77,173,1314,2002.0,4403088.0,3325.0,1.648526,0.6870430000000001,FRA,PER,7810
815020,81,173,1314,2002.0,1752050.0,0.0,2.067395,0.7934359999999999,GBR,PER,7810
815021,93,173,1314,2002.0,0.0,1238935.0,-0.49913,-0.038079,GTM,PER,7810
815022,97,173,1314,2002.0,19778.0,0.0,0.704932,1.291658,HKG,PER,7810
815023,99,173,1314,2002.0,16017.0,7370.0,-0.637891,-0.564421,HND,PER,7810
815024,102,173,1314,2002.0,21495.0,0.0,1.232359,1.064425,HUN,PER,7810
815025,103,173,1314,2002.0,1075.0,0.0,0.098182,1.7305840000000001,IDN,PER,7810
815026,104,173,1314,2002.0,107732.0,0.0,0.32974000000000003,2.376477,IND,PER,7810
815027,111,173,1314,2002.0,480091.0,2762.0,1.3944219999999998,1.125362,ITA,PER,7810
815028,114,173,1314,2002.0,102586432.0,35260.0,2.7747580000000003,0.43663199999999996,JPN,PER,7810
815029,116,173,1314,2002.0,0.0,38495.0,-0.59055,0.000731,KEN,PER,7810
815030,121,173,1314,2002.0,18773062.0,13342.0,1.4172719999999999,0.8763139999999999,KOR,PER,7810
815031,134,173,1314,2002.0,0.0,9787.0,-0.690226,-0.42557,MAR,PER,7810
815032,138,173,1314,2002.0,2347115.0,13019.0,1.2677129999999999,0.599314,MEX,PER,7810
815033,140,173,1314,2002.0,0.0,1734.0,-0.027727999999999996,0.41846400000000006,MKD,PER,7810
815034,153,173,1314,2002.0,0.0,11865.0,0.9987159999999999,0.26558200000000004,MYS,PER,7810
815035,160,173,1314,2002.0,21812.0,33856.0,-0.634946,-0.37966,NIC,PER,7810
815036,162,173,1314,2002.0,446043.0,19797.0,1.175777,1.667472,NLD,PER,7810
815037,169,173,1314,2002.0,6196.0,7703.0,0.085746,0.21839,PAN,PER,7810
815038,178,173,1314,2002.0,37902.0,0.0,0.629678,1.0153780000000001,PRK,PER,7810
815039,179,173,1314,2002.0,9798.0,74002.0,0.584956,1.377068,PRT,PER,7810
815040,192,173,1314,2002.0,5214.0,18873.0,1.7077209999999998,0.683549,SGP,PER,7810
815041,197,173,1314,2002.0,0.0,34035.0,-0.258579,-0.096214,SLV,PER,7810
815042,208,173,1314,2002.0,366952.0,20087.0,2.134,0.769413,SWE,PER,7810
815043,216,173,1314,2002.0,14552.0,0.0,0.513887,1.545967,THA,PER,7810
815044,230,173,1314,2002.0,0.0,22605.0,0.048498,0.118565,URY,PER,7810
815045,231,173,1314,2002.0,5462882.0,466424.0,1.853174,0.120986,USA,PER,7810
815046,236,173,1314,2002.0,10637.0,106173.0,-0.008877,-0.753486,VEN,PER,7810
815047,249,173,1314,2002.0,96926.0,0.0,1.9084720000000002,1.253714,TWN,PER,7810
815048,7,174,1314,2002.0,219356.0,39015.0,-0.288838,-0.640049,ARE,PHL,7810
815049,8,174,1314,2002.0,0.0,31858.0,0.045376,0.71768,ARG,PHL,7810
815050,14,174,1314,2002.0,30708.0,0.0,-0.052462,0.759617,AUS,PHL,7810
815051,15,174,1314,2002.0,69074.0,0.0,1.866997,0.400527,AUT,PHL,7810
815052,18,174,1314,2002.0,2724630.0,104292.0,1.424339,1.372755,BEL,PHL,7810
815053,22,174,1314,2002.0,18605.0,0.0,-0.9509,-1.113308,BGD,PHL,7810
815054,24,174,1314,2002.0,21901.0,0.0,-0.31754099999999996,-1.099381,BHR,PHL,7810
815055,34,174,1314,2002.0,67038.0,0.0,-1.359507,-1.084339,BRN,PHL,7810
815056,39,174,1314,2002.0,92422.0,0.0,0.9672360000000001,1.389981,CAN,PHL,7810
815057,41,174,1314,2002.0,97568.0,0.0,2.205507,0.831836,CHE,PHL,7810
815058,42,174,1314,2002.0,4840.0,0.0,-0.079201,-0.11449200000000001,CHL,PHL,7810
815059,43,174,1314,2002.0,6171060.0,328360.0,0.6181220000000001,1.9636759999999998,CHN,PHL,7810
815060,59,174,1314,2002.0,25016.0,0.0,1.5835139999999999,0.9563010000000001,CZE,PHL,7810
815061,61,174,1314,2002.0,19965356.0,142293.0,2.367856,-2.195331,DEU,PHL,7810
815062,64,174,1314,2002.0,15464.0,1603.0,1.344708,1.321135,DNK,PHL,7810
815063,68,174,1314,2002.0,12584.0,0.0,-0.37218,0.634319,EGY,PHL,7810
815064,71,174,1314,2002.0,21655.0,23024.0,1.054108,1.9357349999999998,ESP,PHL,7810
815065,77,174,1314,2002.0,836232.0,0.0,1.648526,0.6870430000000001,FRA,PHL,7810
815066,81,174,1314,2002.0,3015935.0,17903.0,2.067395,0.7934359999999999,GBR,PHL,7810
815067,90,174,1314,2002.0,27732.0,0.0,0.20355399999999998,1.4130200000000002,GRC,PHL,7810
815068,95,174,1314,2002.0,16874.0,0.0,-0.5440229999999999,-0.929201,GUM,PHL,7810
815069,97,174,1314,2002.0,2286444.0,165110.0,0.704932,1.291658,HKG,PHL,7810
815070,102,174,1314,2002.0,6557.0,0.0,1.232359,1.064425,HUN,PHL,7810
815071,103,174,1314,2002.0,2832236.0,2401744.0,0.098182,1.7305840000000001,IDN,PHL,7810
815072,104,174,1314,2002.0,10297.0,20072.0,0.32974000000000003,2.376477,IND,PHL,7810
815073,110,174,1314,2002.0,35444.0,11398.0,1.257709,0.8318989999999999,ISR,PHL,7810
815074,111,174,1314,2002.0,176975.0,15210.0,1.3944219999999998,1.125362,ITA,PHL,7810
815075,113,174,1314,2002.0,40380.0,0.0,0.34023000000000003,0.264754,JOR,PHL,7810
815076,114,174,1314,2002.0,156510096.0,180274.0,2.7747580000000003,0.43663199999999996,JPN,PHL,7810
815077,118,174,1314,2002.0,8419.0,19156.0,-0.8577629999999999,-1.071536,KHM,PHL,7810
815078,121,174,1314,2002.0,34130484.0,1049.0,1.4172719999999999,0.8763139999999999,KOR,PHL,7810
815079,122,174,1314,2002.0,38107.0,0.0,-0.794007,-1.192659,KWT,PHL,7810
815080,124,174,1314,2002.0,6085.0,0.0,0.220906,1.470297,LBN,PHL,7810
815081,138,174,1314,2002.0,65020.0,0.0,1.2677129999999999,0.599314,MEX,PHL,7810
815082,143,174,1314,2002.0,8954.0,0.0,-1.251639,-0.994909,MMR,PHL,7810
815083,153,174,1314,2002.0,779888.0,27408.0,0.9987159999999999,0.26558200000000004,MYS,PHL,7810
815084,156,174,1314,2002.0,0.0,4436.0,-0.7477739999999999,-1.006248,NCL,PHL,7810
815085,159,174,1314,2002.0,6138.0,2853.0,-1.705991,-1.292926,NGA,PHL,7810
815086,162,174,1314,2002.0,870997.0,42705.0,1.175777,1.667472,NLD,PHL,7810
815087,163,174,1314,2002.0,7973.0,0.0,0.689588,-0.007016,NOR,PHL,7810
815088,167,174,1314,2002.0,94754.0,0.0,-1.307058,-1.270916,OMN,PHL,7810
815089,168,174,1314,2002.0,1971.0,0.0,-0.7574069999999999,-0.403427,PAK,PHL,7810
815090,183,174,1314,2002.0,13084.0,0.0,-0.002177,-1.042517,QAT,PHL,7810
815091,185,174,1314,2002.0,6357.0,0.0,0.549227,1.071998,ROU,PHL,7810
815092,188,174,1314,2002.0,97729.0,0.0,0.048764,-0.903125,SAU,PHL,7810
815093,189,174,1314,2002.0,0.0,6809.0,0.523459,2.58657,SCG,PHL,7810
815094,192,174,1314,2002.0,1181741.0,30047.0,1.7077209999999998,0.683549,SGP,PHL,7810
815095,208,174,1314,2002.0,4109320.0,23451.0,2.134,0.769413,SWE,PHL,7810
815096,216,174,1314,2002.0,22892820.0,22612992.0,0.513887,1.545967,THA,PHL,7810
815097,229,174,1314,2002.0,24053.0,62292.0,0.613889,-0.1748,UMI,PHL,7810
815098,231,174,1314,2002.0,86200736.0,13350.0,1.853174,0.120986,USA,PHL,7810
815099,236,174,1314,2002.0,14969.0,0.0,-0.008877,-0.753486,VEN,PHL,7810
815100,239,174,1314,2002.0,7969.0,1361488.0,-0.44170699999999996,0.544708,VNM,PHL,7810
815101,246,174,1314,2002.0,0.0,8145.0,0.32760500000000004,2.497746,ZAF,PHL,7810
815102,249,174,1314,2002.0,15852664.0,15646.0,1.9084720000000002,1.253714,TWN,PHL,7810
815103,2,179,1314,2002.0,94064.0,8545237.0,-1.8043639999999999,-1.250642,AGO,PRT,7810
815104,4,179,1314,2002.0,0.0,30575.0,-0.05800399999999999,0.042254,ALB,PRT,7810
815105,5,179,1314,2002.0,115367.0,13660.0,1.3229389999999999,0.9635950000000001,AND,PRT,7810
815106,6,179,1314,2002.0,27931.0,0.0,0.145946,-0.704052,ANT,PRT,7810
815107,7,179,1314,2002.0,7446.0,0.0,-0.288838,-0.640049,ARE,PRT,7810
815108,8,179,1314,2002.0,3585.0,48952.0,0.045376,0.71768,ARG,PRT,7810
815109,13,179,1314,2002.0,0.0,1424.0,0.23995500000000003,-0.754877,ATG,PRT,7810
815110,14,179,1314,2002.0,11592.0,0.0,-0.052462,0.759617,AUS,PRT,7810
815111,15,179,1314,2002.0,12705904.0,69344432.0,1.866997,0.400527,AUT,PRT,7810
815112,18,179,1314,2002.0,85351968.0,486185248.0,1.424339,1.372755,BEL,PRT,7810
815113,19,179,1314,2002.0,0.0,3153.0,-0.7683840000000001,-0.7984319999999999,BEN,PRT,7810
815114,23,179,1314,2002.0,0.0,484582.0,0.468058,1.644037,BGR,PRT,7810
815115,24,179,1314,2002.0,15997.0,0.0,-0.31754099999999996,-1.099381,BHR,PRT,7810
815116,32,179,1314,2002.0,68485.0,36856.0,0.631343,1.249344,BRA,PRT,7810
815117,39,179,1314,2002.0,1483246.0,146920.0,0.9672360000000001,1.389981,CAN,PRT,7810
815118,41,179,1314,2002.0,4403302.0,6046770.0,2.205507,0.831836,CHE,PRT,7810
815119,42,179,1314,2002.0,9380.0,0.0,-0.079201,-0.11449200000000001,CHL,PRT,7810
815120,43,179,1314,2002.0,3687.0,742277.0,0.6181220000000001,1.9636759999999998,CHN,PRT,7810
815121,44,179,1314,2002.0,1826.0,43227.0,-0.803739,-0.752218,CIV,PRT,7810
815122,45,179,1314,2002.0,0.0,4940.0,-1.188713,-1.109944,CMR,PRT,7810
815123,46,179,1314,2002.0,7930.0,11518.0,-1.218664,-1.1406120000000002,COD,PRT,7810
815124,47,179,1314,2002.0,0.0,91215.0,-1.468836,-1.250484,COG,PRT,7810
815125,49,179,1314,2002.0,32725.0,0.0,0.219861,0.45238999999999996,COL,PRT,7810
815126,51,179,1314,2002.0,86271.0,3332931.0,-0.315184,-0.660522,CPV,PRT,7810
815127,52,179,1314,2002.0,2935.0,0.0,0.083983,-0.096237,CRI,PRT,7810
815128,54,179,1314,2002.0,0.0,3377.0,-0.896759,-1.079825,CUB,PRT,7810
815129,58,179,1314,2002.0,5710.0,85129.0,0.332088,0.50441,CYP,PRT,7810
815130,59,179,1314,2002.0,41891924.0,6170178.0,1.5835139999999999,0.9563010000000001,CZE,PRT,7810
815131,61,179,1314,2002.0,774168320.0,789459776.0,2.367856,-2.195331,DEU,PRT,7810
815132,64,179,1314,2002.0,641840.0,6832719.0,1.344708,1.321135,DNK,PRT,7810
815133,66,179,1314,2002.0,13711.0,58375.0,-0.9281389999999999,-1.19549,DZA,PRT,7810
815134,67,179,1314,2002.0,6118.0,0.0,-0.973858,-0.8924979999999999,ECU,PRT,7810
815135,68,179,1314,2002.0,19999.0,0.0,-0.37218,0.634319,EGY,PRT,7810
815136,71,179,1314,2002.0,687815680.0,220939360.0,1.054108,1.9357349999999998,ESP,PRT,7810
815137,74,179,1314,2002.0,367966.0,841773.0,1.9545119999999998,1.047515,FIN,PRT,7810
815138,77,179,1314,2002.0,417265696.0,164073616.0,1.648526,0.6870430000000001,FRA,PRT,7810
815139,78,179,1314,2002.0,0.0,41896.0,-0.33811399999999997,-0.8092050000000001,FRO,PRT,7810
815140,81,179,1314,2002.0,208569344.0,305943936.0,2.067395,0.7934359999999999,GBR,PRT,7810
815141,82,179,1314,2002.0,0.0,86381.0,0.23526999999999998,-0.156333,GEO,PRT,7810
815142,83,179,1314,2002.0,0.0,16645.0,-1.258567,-1.048266,GHA,PRT,7810
815143,84,179,1314,2002.0,0.0,1211231.0,0.404483,-0.313042,GIB,PRT,7810
815144,85,179,1314,2002.0,0.0,8493.0,-1.684157,-1.256743,GIN,PRT,7810
815145,87,179,1314,2002.0,0.0,1622.0,0.266536,0.20776,GMB,PRT,7810
815146,88,179,1314,2002.0,39972.0,1021845.0,-0.30444099999999996,-0.815509,GNB,PRT,7810
815147,89,179,1314,2002.0,0.0,7073.0,-1.8647490000000002,-0.96145,GNQ,PRT,7810
815148,90,179,1314,2002.0,0.0,380960.0,0.20355399999999998,1.4130200000000002,GRC,PRT,7810
815149,93,179,1314,2002.0,0.0,12672.0,-0.49913,-0.038079,GTM,PRT,7810
815150,100,179,1314,2002.0,11135.0,623816.0,0.603546,1.273001,HRV,PRT,7810
815151,102,179,1314,2002.0,77087.0,3962594.0,1.232359,1.064425,HUN,PRT,7810
815152,103,179,1314,2002.0,3965.0,0.0,0.098182,1.7305840000000001,IDN,PRT,7810
815153,104,179,1314,2002.0,459481.0,13560.0,0.32974000000000003,2.376477,IND,PRT,7810
815154,106,179,1314,2002.0,7873.0,12987538.0,1.7939310000000002,0.219254,IRL,PRT,7810
815155,107,179,1314,2002.0,0.0,4160.0,-0.665259,-0.840274,IRN,PRT,7810
815156,109,179,1314,2002.0,22669.0,0.0,0.17011700000000002,-0.33925500000000003,ISL,PRT,7810
815157,110,179,1314,2002.0,13457.0,45514.0,1.257709,0.8318989999999999,ISR,PRT,7810
815158,111,179,1314,2002.0,115323784.0,198936144.0,1.3944219999999998,1.125362,ITA,PRT,7810
815159,113,179,1314,2002.0,4527.0,0.0,0.34023000000000003,0.264754,JOR,PRT,7810
815160,114,179,1314,2002.0,82568584.0,24152.0,2.7747580000000003,0.43663199999999996,JPN,PRT,7810
815161,116,179,1314,2002.0,0.0,1339.0,-0.59055,0.000731,KEN,PRT,7810
815162,121,179,1314,2002.0,46922004.0,0.0,1.4172719999999999,0.8763139999999999,KOR,PRT,7810
815163,124,179,1314,2002.0,0.0,65616.0,0.220906,1.470297,LBN,PRT,7810
815164,126,179,1314,2002.0,0.0,118868.0,-0.692769,-1.188682,LBY,PRT,7810
815165,130,179,1314,2002.0,7894.0,93900.0,0.15796,0.855931,LTU,PRT,7810
815166,131,179,1314,2002.0,1387600.0,0.0,1.396249,1.153017,LUX,PRT,7810
815167,133,179,1314,2002.0,48394.0,10065.0,0.005082,-0.328658,MAC,PRT,7810
815168,134,179,1314,2002.0,40454.0,241180.0,-0.690226,-0.42557,MAR,PRT,7810
815169,138,179,1314,2002.0,94628.0,4645621.0,1.2677129999999999,0.599314,MEX,PRT,7810
815170,140,179,1314,2002.0,3824.0,5508.0,-0.027727999999999996,0.41846400000000006,MKD,PRT,7810
815171,142,179,1314,2002.0,0.0,48910.0,0.901235,-0.140261,MLT,PRT,7810
815172,147,179,1314,2002.0,99298.0,393130.0,-1.337891,-1.187073,MOZ,PRT,7810
815173,152,179,1314,2002.0,2085.0,0.0,-1.431612,-1.234903,MWI,PRT,7810
815174,155,179,1314,2002.0,19716.0,4839.0,-0.137725,-0.361452,NAM,PRT,7810
815175,156,179,1314,2002.0,0.0,34182.0,-0.7477739999999999,-1.006248,NCL,PRT,7810
815176,157,179,1314,2002.0,2080.0,5205.0,-0.562837,-0.333649,NER,PRT,7810
815177,159,179,1314,2002.0,0.0,8782.0,-1.705991,-1.292926,NGA,PRT,7810
815178,162,179,1314,2002.0,44683620.0,12108562.0,1.175777,1.667472,NLD,PRT,7810
815179,163,179,1314,2002.0,190404.0,8369136.0,0.689588,-0.007016,NOR,PRT,7810
815180,167,179,1314,2002.0,0.0,10178.0,-1.307058,-1.270916,OMN,PRT,7810
815181,173,179,1314,2002.0,74002.0,9798.0,-0.456603,0.030838,PER,PRT,7810
815182,177,179,1314,2002.0,8755802.0,14077204.0,0.9449299999999999,1.655764,POL,PRT,7810
815183,180,179,1314,2002.0,0.0,78077.0,-0.733796,-0.9001530000000001,PRY,PRT,7810
815184,183,179,1314,2002.0,0.0,13173.0,-0.002177,-1.042517,QAT,PRT,7810
815185,185,179,1314,2002.0,2550.0,171581.0,0.549227,1.071998,ROU,PRT,7810
815186,186,179,1314,2002.0,9394.0,1040645.0,0.6051449999999999,0.272307,RUS,PRT,7810
815187,188,179,1314,2002.0,15764.0,120366.0,0.048764,-0.903125,SAU,PRT,7810
815188,191,179,1314,2002.0,0.0,48775.0,-0.5424939999999999,-0.554531,SEN,PRT,7810
815189,192,179,1314,2002.0,0.0,2571.0,1.7077209999999998,0.683549,SGP,PRT,7810
815190,199,179,1314,2002.0,0.0,22692.0,-0.145777,-0.512123,SOM,PRT,7810
815191,203,179,1314,2002.0,2797.0,721044.0,0.767305,-0.0836,STP,PRT,7810
815192,206,179,1314,2002.0,19649.0,324994.0,1.269549,1.184774,SVK,PRT,7810
815193,207,179,1314,2002.0,0.0,693278.0,1.469681,1.13303,SVN,PRT,7810
815194,208,179,1314,2002.0,17980850.0,1398509.0,2.134,0.769413,SWE,PRT,7810
815195,209,179,1314,2002.0,7503.0,0.0,0.409355,-0.047221,SWZ,PRT,7810
815196,215,179,1314,2002.0,0.0,21667.0,-0.688284,-0.5292789999999999,TGO,PRT,7810
815197,216,179,1314,2002.0,10746.0,364286.0,0.513887,1.545967,THA,PRT,7810
815198,220,179,1314,2002.0,3309.0,0.0,0.5889810000000001,-0.43221400000000004,TLS,PRT,7810
815199,222,179,1314,2002.0,0.0,3945.0,-0.056315,-0.803537,TTO,PRT,7810
815200,223,179,1314,2002.0,55766.0,20653.0,0.059876,0.369032,TUN,PRT,7810
815201,224,179,1314,2002.0,14078835.0,428768.0,0.12982,1.8032650000000001,TUR,PRT,7810
815202,228,179,1314,2002.0,0.0,178939.0,0.575372,1.131722,UKR,PRT,7810
815203,230,179,1314,2002.0,35346.0,0.0,0.048498,0.118565,URY,PRT,7810
815204,231,179,1314,2002.0,5351735.0,88674.0,1.853174,0.120986,USA,PRT,7810
815205,236,179,1314,2002.0,48441.0,92879.0,-0.008877,-0.753486,VEN,PRT,7810
815206,246,179,1314,2002.0,155349.0,480331.0,0.32760500000000004,2.497746,ZAF,PRT,7810
815207,248,179,1314,2002.0,0.0,1112.0,-0.36033000000000004,0.452182,ZWE,PRT,7810
815208,249,179,1314,2002.0,883962.0,2640134.0,1.9084720000000002,1.253714,TWN,PRT,7810
815209,250,179,1314,2002.0,0.0,16336.0,0.5979300000000001,-0.497816,ANS,PRT,7810
815210,8,180,1314,2002.0,1547750.0,52596.0,0.045376,0.71768,ARG,PRY,7810
815211,15,180,1314,2002.0,72788.0,0.0,1.866997,0.400527,AUT,PRY,7810
815212,18,180,1314,2002.0,130721.0,0.0,1.424339,1.372755,BEL,PRY,7810
815213,32,180,1314,2002.0,5036487.0,0.0,0.631343,1.249344,BRA,PRY,7810
815214,39,180,1314,2002.0,45786.0,0.0,0.9672360000000001,1.389981,CAN,PRY,7810
815215,41,180,1314,2002.0,5733.0,0.0,2.205507,0.831836,CHE,PRY,7810
815216,42,180,1314,2002.0,212851.0,3290.0,-0.079201,-0.11449200000000001,CHL,PRY,7810
815217,43,180,1314,2002.0,22090.0,0.0,0.6181220000000001,1.9636759999999998,CHN,PRY,7810
815218,52,180,1314,2002.0,0.0,2274.0,0.083983,-0.096237,CRI,PRY,7810
815219,61,180,1314,2002.0,3432355.0,19160.0,2.367856,-2.195331,DEU,PRY,7810
815220,64,180,1314,2002.0,36789.0,0.0,1.344708,1.321135,DNK,PRY,7810
815221,67,180,1314,2002.0,0.0,14310.0,-0.973858,-0.8924979999999999,ECU,PRY,7810
815222,71,180,1314,2002.0,491271.0,34807.0,1.054108,1.9357349999999998,ESP,PRY,7810
815223,77,180,1314,2002.0,745369.0,22475.0,1.648526,0.6870430000000001,FRA,PRY,7810
815224,81,180,1314,2002.0,260441.0,0.0,2.067395,0.7934359999999999,GBR,PRY,7810
815225,111,180,1314,2002.0,126327.0,7041.0,1.3944219999999998,1.125362,ITA,PRY,7810
815226,114,180,1314,2002.0,5495527.0,0.0,2.7747580000000003,0.43663199999999996,JPN,PRY,7810
815227,121,180,1314,2002.0,422475.0,22445.0,1.4172719999999999,0.8763139999999999,KOR,PRY,7810
815228,138,180,1314,2002.0,62216.0,0.0,1.2677129999999999,0.599314,MEX,PRY,7810
815229,162,180,1314,2002.0,38692.0,0.0,1.175777,1.667472,NLD,PRY,7810
815230,169,180,1314,2002.0,22741.0,0.0,0.085746,0.21839,PAN,PRY,7810
815231,178,180,1314,2002.0,32402.0,0.0,0.629678,1.0153780000000001,PRK,PRY,7810
815232,179,180,1314,2002.0,78077.0,0.0,0.584956,1.377068,PRT,PRY,7810
815233,208,180,1314,2002.0,59790.0,0.0,2.134,0.769413,SWE,PRY,7810
815234,217,180,1314,2002.0,12802.0,0.0,-0.8483510000000001,-1.09992,TJK,PRY,7810
815235,230,180,1314,2002.0,173239.0,0.0,0.048498,0.118565,URY,PRY,7810
815236,231,180,1314,2002.0,2439285.0,0.0,1.853174,0.120986,USA,PRY,7810
815237,249,180,1314,2002.0,2384.0,0.0,1.9084720000000002,1.253714,TWN,PRY,7810
815238,7,190,1314,2002.0,1089089.0,49183.0,-0.288838,-0.640049,ARE,SDN,7810
815239,14,190,1314,2002.0,280191.0,0.0,-0.052462,0.759617,AUS,SDN,7810
815240,15,190,1314,2002.0,20944.0,0.0,1.866997,0.400527,AUT,SDN,7810
815241,18,190,1314,2002.0,272933.0,8504.0,1.424339,1.372755,BEL,SDN,7810
815242,23,190,1314,2002.0,17258.0,0.0,0.468058,1.644037,BGR,SDN,7810
815243,24,190,1314,2002.0,21456.0,0.0,-0.31754099999999996,-1.099381,BHR,SDN,7810
815244,41,190,1314,2002.0,10025.0,0.0,2.205507,0.831836,CHE,SDN,7810
815245,43,190,1314,2002.0,695139.0,0.0,0.6181220000000001,1.9636759999999998,CHN,SDN,7810
815246,44,190,1314,2002.0,98873.0,0.0,-0.803739,-0.752218,CIV,SDN,7810
815247,59,190,1314,2002.0,1395918.0,0.0,1.5835139999999999,0.9563010000000001,CZE,SDN,7810
815248,61,190,1314,2002.0,6207250.0,1186078.0,2.367856,-2.195331,DEU,SDN,7810
815249,64,190,1314,2002.0,24842.0,0.0,1.344708,1.321135,DNK,SDN,7810
815250,67,190,1314,2002.0,7979.0,0.0,-0.973858,-0.8924979999999999,ECU,SDN,7810
815251,68,190,1314,2002.0,10058.0,44029.0,-0.37218,0.634319,EGY,SDN,7810
815252,71,190,1314,2002.0,636152.0,0.0,1.054108,1.9357349999999998,ESP,SDN,7810
815253,73,190,1314,2002.0,0.0,5203.0,-1.289118,-1.0291540000000001,ETH,SDN,7810
815254,77,190,1314,2002.0,306067.0,0.0,1.648526,0.6870430000000001,FRA,SDN,7810
815255,80,190,1314,2002.0,27225.0,0.0,-1.34341,-1.238593,GAB,SDN,7810
815256,81,190,1314,2002.0,916600.0,17992.0,2.067395,0.7934359999999999,GBR,SDN,7810
815257,90,190,1314,2002.0,99289.0,0.0,0.20355399999999998,1.4130200000000002,GRC,SDN,7810
815258,99,190,1314,2002.0,3762.0,0.0,-0.637891,-0.564421,HND,SDN,7810
815259,100,190,1314,2002.0,5065.0,0.0,0.603546,1.273001,HRV,SDN,7810
815260,104,190,1314,2002.0,203917.0,0.0,0.32974000000000003,2.376477,IND,SDN,7810
815261,107,190,1314,2002.0,206954.0,6578.0,-0.665259,-0.840274,IRN,SDN,7810
815262,111,190,1314,2002.0,125557.0,0.0,1.3944219999999998,1.125362,ITA,SDN,7810
815263,113,190,1314,2002.0,69738.0,5877.0,0.34023000000000003,0.264754,JOR,SDN,7810
815264,114,190,1314,2002.0,7941478.0,0.0,2.7747580000000003,0.43663199999999996,JPN,SDN,7810
815265,116,190,1314,2002.0,247427.0,0.0,-0.59055,0.000731,KEN,SDN,7810
815266,121,190,1314,2002.0,13906729.0,0.0,1.4172719999999999,0.8763139999999999,KOR,SDN,7810
815267,126,190,1314,2002.0,12279.0,0.0,-0.692769,-1.188682,LBY,SDN,7810
815268,162,190,1314,2002.0,287320.0,0.0,1.175777,1.667472,NLD,SDN,7810
815269,167,190,1314,2002.0,956261.0,0.0,-1.307058,-1.270916,OMN,SDN,7810
815270,168,190,1314,2002.0,2779.0,0.0,-0.7574069999999999,-0.403427,PAK,SDN,7810
815271,169,190,1314,2002.0,60282.0,0.0,0.085746,0.21839,PAN,SDN,7810
815272,183,190,1314,2002.0,142847.0,0.0,-0.002177,-1.042517,QAT,SDN,7810
815273,188,190,1314,2002.0,5614816.0,148629.0,0.048764,-0.903125,SAU,SDN,7810
815274,208,190,1314,2002.0,2278.0,0.0,2.134,0.769413,SWE,SDN,7810
815275,216,190,1314,2002.0,103872.0,0.0,0.513887,1.545967,THA,SDN,7810
815276,224,190,1314,2002.0,45421.0,0.0,0.12982,1.8032650000000001,TUR,SDN,7810
815277,231,190,1314,2002.0,93056.0,0.0,1.853174,0.120986,USA,SDN,7810
815278,246,190,1314,2002.0,78843.0,0.0,0.32760500000000004,2.497746,ZAF,SDN,7810
815279,249,190,1314,2002.0,5056.0,0.0,1.9084720000000002,1.253714,TWN,SDN,7810
815280,250,190,1314,2002.0,12384.0,0.0,0.5979300000000001,-0.497816,ANS,SDN,7810
815281,7,192,1314,2002.0,705891.0,1784218.0,-0.288838,-0.640049,ARE,SGP,7810
815282,14,192,1314,2002.0,2407678.0,461411.0,-0.052462,0.759617,AUS,SGP,7810
815283,15,192,1314,2002.0,1565974.0,0.0,1.866997,0.400527,AUT,SGP,7810
815284,18,192,1314,2002.0,8736064.0,1908.0,1.424339,1.372755,BEL,SGP,7810
815285,19,192,1314,2002.0,0.0,84768.0,-0.7683840000000001,-0.7984319999999999,BEN,SGP,7810
815286,22,192,1314,2002.0,0.0,590000.0,-0.9509,-1.113308,BGD,SGP,7810
815287,33,192,1314,2002.0,0.0,12228.0,0.547024,-0.004036,BRB,SGP,7810
815288,34,192,1314,2002.0,0.0,12614820.0,-1.359507,-1.084339,BRN,SGP,7810
815289,39,192,1314,2002.0,83922.0,3457.0,0.9672360000000001,1.389981,CAN,SGP,7810
815290,41,192,1314,2002.0,17181.0,0.0,2.205507,0.831836,CHE,SGP,7810
815291,43,192,1314,2002.0,22839.0,523491.0,0.6181220000000001,1.9636759999999998,CHN,SGP,7810
815292,44,192,1314,2002.0,8152.0,0.0,-0.803739,-0.752218,CIV,SGP,7810
815293,47,192,1314,2002.0,0.0,2798.0,-1.468836,-1.250484,COG,SGP,7810
815294,50,192,1314,2002.0,0.0,28445.0,-0.634921,-0.9792120000000001,COM,SGP,7810
815295,56,192,1314,2002.0,0.0,413854.0,0.731695,-0.674509,CXR,SGP,7810
815296,58,192,1314,2002.0,52259.0,509871.0,0.332088,0.50441,CYP,SGP,7810
815297,59,192,1314,2002.0,1649171.0,0.0,1.5835139999999999,0.9563010000000001,CZE,SGP,7810
815298,61,192,1314,2002.0,121519496.0,333035.0,2.367856,-2.195331,DEU,SGP,7810
815299,64,192,1314,2002.0,76963.0,0.0,1.344708,1.321135,DNK,SGP,7810
815300,71,192,1314,2002.0,8223425.0,0.0,1.054108,1.9357349999999998,ESP,SGP,7810
815301,73,192,1314,2002.0,0.0,9755.0,-1.289118,-1.0291540000000001,ETH,SGP,7810
815302,74,192,1314,2002.0,65016.0,14866.0,1.9545119999999998,1.047515,FIN,SGP,7810
815303,75,192,1314,2002.0,0.0,478435.0,-0.788026,-0.432015,FJI,SGP,7810
815304,77,192,1314,2002.0,11443031.0,10835.0,1.648526,0.6870430000000001,FRA,SGP,7810
815305,81,192,1314,2002.0,16270880.0,1050722.0,2.067395,0.7934359999999999,GBR,SGP,7810
815306,83,192,1314,2002.0,0.0,42681.0,-1.258567,-1.048266,GHA,SGP,7810
815307,85,192,1314,2002.0,0.0,5124.0,-1.684157,-1.256743,GIN,SGP,7810
815308,97,192,1314,2002.0,1641894.0,4998016.0,0.704932,1.291658,HKG,SGP,7810
815309,103,192,1314,2002.0,110603.0,3144012.0,0.098182,1.7305840000000001,IDN,SGP,7810
815310,104,192,1314,2002.0,163957.0,45353.0,0.32974000000000003,2.376477,IND,SGP,7810
815311,105,192,1314,2002.0,0.0,111416.0,-0.8981959999999999,-0.920425,IOT,SGP,7810
815312,107,192,1314,2002.0,0.0,33922.0,-0.665259,-0.840274,IRN,SGP,7810
815313,111,192,1314,2002.0,7557204.0,5252174.0,1.3944219999999998,1.125362,ITA,SGP,7810
815314,112,192,1314,2002.0,0.0,6845.0,-0.459541,-0.947443,JAM,SGP,7810
815315,113,192,1314,2002.0,0.0,2621.0,0.34023000000000003,0.264754,JOR,SGP,7810
815316,114,192,1314,2002.0,502407520.0,349010.0,2.7747580000000003,0.43663199999999996,JPN,SGP,7810
815317,116,192,1314,2002.0,0.0,87583.0,-0.59055,0.000731,KEN,SGP,7810
815318,118,192,1314,2002.0,14974.0,1017684.0,-0.8577629999999999,-1.071536,KHM,SGP,7810
815319,121,192,1314,2002.0,41703264.0,25778.0,1.4172719999999999,0.8763139999999999,KOR,SGP,7810
815320,124,192,1314,2002.0,0.0,8741.0,0.220906,1.470297,LBN,SGP,7810
815321,128,192,1314,2002.0,0.0,1445508.0,-0.461765,-0.057614,LKA,SGP,7810
815322,137,192,1314,2002.0,0.0,36884.0,-1.0471700000000002,-0.976184,MDV,SGP,7810
815323,138,192,1314,2002.0,956954.0,0.0,1.2677129999999999,0.599314,MEX,SGP,7810
815324,142,192,1314,2002.0,81329.0,0.0,0.901235,-0.140261,MLT,SGP,7810
815325,143,192,1314,2002.0,0.0,278981.0,-1.251639,-0.994909,MMR,SGP,7810
815326,147,192,1314,2002.0,0.0,3618.0,-1.337891,-1.187073,MOZ,SGP,7810
815327,148,192,1314,2002.0,0.0,2441.0,-1.053061,-1.221967,MRT,SGP,7810
815328,151,192,1314,2002.0,313819.0,62199.0,-0.382062,-0.379224,MUS,SGP,7810
815329,152,192,1314,2002.0,0.0,12971.0,-1.431612,-1.234903,MWI,SGP,7810
815330,153,192,1314,2002.0,3618542.0,13426671.0,0.9987159999999999,0.26558200000000004,MYS,SGP,7810
815331,155,192,1314,2002.0,0.0,1885.0,-0.137725,-0.361452,NAM,SGP,7810
815332,159,192,1314,2002.0,0.0,217828.0,-1.705991,-1.292926,NGA,SGP,7810
815333,162,192,1314,2002.0,4743307.0,0.0,1.175777,1.667472,NLD,SGP,7810
815334,166,192,1314,2002.0,1854456.0,11575845.0,0.370673,0.7853829999999999,NZL,SGP,7810
815335,167,192,1314,2002.0,36687.0,0.0,-1.307058,-1.270916,OMN,SGP,7810
815336,168,192,1314,2002.0,0.0,358092.0,-0.7574069999999999,-0.403427,PAK,SGP,7810
815337,173,192,1314,2002.0,18873.0,5214.0,-0.456603,0.030838,PER,SGP,7810
815338,174,192,1314,2002.0,30047.0,1181741.0,0.29601,-0.232513,PHL,SGP,7810
815339,176,192,1314,2002.0,64591.0,49311.0,-1.430299,-1.172593,PNG,SGP,7810
815340,178,192,1314,2002.0,0.0,3356.0,0.629678,1.0153780000000001,PRK,SGP,7810
815341,179,192,1314,2002.0,2571.0,0.0,0.584956,1.377068,PRT,SGP,7810
815342,183,192,1314,2002.0,0.0,21329.0,-0.002177,-1.042517,QAT,SGP,7810
815343,188,192,1314,2002.0,717613.0,0.0,0.048764,-0.903125,SAU,SGP,7810
815344,195,192,1314,2002.0,0.0,36439.0,-0.890172,-0.948835,SLB,SGP,7810
815345,208,192,1314,2002.0,13329334.0,29850.0,2.134,0.769413,SWE,SGP,7810
815346,211,192,1314,2002.0,5380.0,360525.0,-0.8837229999999999,-0.975607,SYC,SGP,7810
815347,215,192,1314,2002.0,0.0,2166.0,-0.688284,-0.5292789999999999,TGO,SGP,7810
815348,216,192,1314,2002.0,2291887.0,4250363.0,0.513887,1.545967,THA,SGP,7810
815349,220,192,1314,2002.0,0.0,184341.0,0.5889810000000001,-0.43221400000000004,TLS,SGP,7810
815350,222,192,1314,2002.0,0.0,1581.0,-0.056315,-0.803537,TTO,SGP,7810
815351,226,192,1314,2002.0,0.0,5607.0,-1.234127,-0.421158,TZA,SGP,7810
815352,227,192,1314,2002.0,0.0,8832.0,-1.262952,-0.903123,UGA,SGP,7810
815353,231,192,1314,2002.0,5621656.0,82083.0,1.853174,0.120986,USA,SGP,7810
815354,236,192,1314,2002.0,0.0,186249.0,-0.008877,-0.753486,VEN,SGP,7810
815355,239,192,1314,2002.0,13406.0,549465.0,-0.44170699999999996,0.544708,VNM,SGP,7810
815356,246,192,1314,2002.0,19780174.0,520561.0,0.32760500000000004,2.497746,ZAF,SGP,7810
815357,247,192,1314,2002.0,0.0,13890.0,-0.840258,-0.639474,ZMB,SGP,7810
815358,248,192,1314,2002.0,0.0,118432.0,-0.36033000000000004,0.452182,ZWE,SGP,7810
815359,249,192,1314,2002.0,12578.0,54905.0,1.9084720000000002,1.253714,TWN,SGP,7810
815360,8,197,1314,2002.0,146226.0,0.0,0.045376,0.71768,ARG,SLV,7810
815361,15,197,1314,2002.0,100869.0,0.0,1.866997,0.400527,AUT,SLV,7810
815362,18,197,1314,2002.0,157139.0,0.0,1.424339,1.372755,BEL,SLV,7810
815363,23,197,1314,2002.0,2074.0,0.0,0.468058,1.644037,BGR,SLV,7810
815364,29,197,1314,2002.0,6827.0,1127.0,-0.553335,-0.753058,BLZ,SLV,7810
815365,32,197,1314,2002.0,3073217.0,0.0,0.631343,1.249344,BRA,SLV,7810
815366,39,197,1314,2002.0,89904.0,0.0,0.9672360000000001,1.389981,CAN,SLV,7810
815367,41,197,1314,2002.0,10574.0,68063.0,2.205507,0.831836,CHE,SLV,7810
815368,42,197,1314,2002.0,18000.0,0.0,-0.079201,-0.11449200000000001,CHL,SLV,7810
815369,52,197,1314,2002.0,229534.0,5532.0,0.083983,-0.096237,CRI,SLV,7810
815370,54,197,1314,2002.0,6181.0,2723.0,-0.896759,-1.079825,CUB,SLV,7810
815371,61,197,1314,2002.0,3445561.0,0.0,2.367856,-2.195331,DEU,SLV,7810
815372,64,197,1314,2002.0,15774.0,0.0,1.344708,1.321135,DNK,SLV,7810
815373,65,197,1314,2002.0,0.0,59465.0,-0.43339300000000003,-0.378827,DOM,SLV,7810
815374,67,197,1314,2002.0,0.0,2809.0,-0.973858,-0.8924979999999999,ECU,SLV,7810
815375,71,197,1314,2002.0,546530.0,0.0,1.054108,1.9357349999999998,ESP,SLV,7810
815376,77,197,1314,2002.0,3555785.0,0.0,1.648526,0.6870430000000001,FRA,SLV,7810
815377,81,197,1314,2002.0,108807.0,0.0,2.067395,0.7934359999999999,GBR,SLV,7810
815378,93,197,1314,2002.0,365011.0,479396.0,-0.49913,-0.038079,GTM,SLV,7810
815379,99,197,1314,2002.0,20488.0,167714.0,-0.637891,-0.564421,HND,SLV,7810
815380,104,197,1314,2002.0,40297.0,0.0,0.32974000000000003,2.376477,IND,SLV,7810
815381,111,197,1314,2002.0,101051.0,7377.0,1.3944219999999998,1.125362,ITA,SLV,7810
815382,114,197,1314,2002.0,32028564.0,0.0,2.7747580000000003,0.43663199999999996,JPN,SLV,7810
815383,121,197,1314,2002.0,5581155.0,0.0,1.4172719999999999,0.8763139999999999,KOR,SLV,7810
815384,134,197,1314,2002.0,17135.0,0.0,-0.690226,-0.42557,MAR,SLV,7810
815385,138,197,1314,2002.0,2623808.0,0.0,1.2677129999999999,0.599314,MEX,SLV,7810
815386,160,197,1314,2002.0,115695.0,436098.0,-0.634946,-0.37966,NIC,SLV,7810
815387,162,197,1314,2002.0,61690.0,0.0,1.175777,1.667472,NLD,SLV,7810
815388,163,197,1314,2002.0,8410.0,4972.0,0.689588,-0.007016,NOR,SLV,7810
815389,169,197,1314,2002.0,292472.0,0.0,0.085746,0.21839,PAN,SLV,7810
815390,173,197,1314,2002.0,34035.0,0.0,-0.456603,0.030838,PER,SLV,7810
815391,208,197,1314,2002.0,316870.0,0.0,2.134,0.769413,SWE,SLV,7810
815392,231,197,1314,2002.0,13304234.0,46696.0,1.853174,0.120986,USA,SLV,7810
815393,236,197,1314,2002.0,0.0,52205.0,-0.008877,-0.753486,VEN,SLV,7810
815394,249,197,1314,2002.0,43999.0,0.0,1.9084720000000002,1.253714,TWN,SLV,7810
815395,6,205,1314,2002.0,78287.0,34219.0,0.145946,-0.704052,ANT,SUR,7810
815396,8,205,1314,2002.0,16365.0,0.0,0.045376,0.71768,ARG,SUR,7810
815397,18,205,1314,2002.0,157730.0,2454.0,1.424339,1.372755,BEL,SUR,7810
815398,32,205,1314,2002.0,101951.0,0.0,0.631343,1.249344,BRA,SUR,7810
815399,33,205,1314,2002.0,226113.0,0.0,0.547024,-0.004036,BRB,SUR,7810
815400,52,205,1314,2002.0,0.0,3667.0,0.083983,-0.096237,CRI,SUR,7810
815401,61,205,1314,2002.0,494566.0,0.0,2.367856,-2.195331,DEU,SUR,7810
815402,64,205,1314,2002.0,15659.0,0.0,1.344708,1.321135,DNK,SUR,7810
815403,73,205,1314,2002.0,0.0,9303.0,-1.289118,-1.0291540000000001,ETH,SUR,7810
815404,77,205,1314,2002.0,51274.0,13676.0,1.648526,0.6870430000000001,FRA,SUR,7810
815405,81,205,1314,2002.0,324882.0,0.0,2.067395,0.7934359999999999,GBR,SUR,7810
815406,96,205,1314,2002.0,1701.0,1498.0,-1.050604,-0.9015549999999999,GUY,SUR,7810
815407,104,205,1314,2002.0,0.0,8326.0,0.32974000000000003,2.376477,IND,SUR,7810
815408,112,205,1314,2002.0,66195.0,15396.0,-0.459541,-0.947443,JAM,SUR,7810
815409,114,205,1314,2002.0,20663176.0,0.0,2.7747580000000003,0.43663199999999996,JPN,SUR,7810
815410,121,205,1314,2002.0,164539.0,0.0,1.4172719999999999,0.8763139999999999,KOR,SUR,7810
815411,138,205,1314,2002.0,380837.0,0.0,1.2677129999999999,0.599314,MEX,SUR,7810
815412,153,205,1314,2002.0,36329.0,0.0,0.9987159999999999,0.26558200000000004,MYS,SUR,7810
815413,159,205,1314,2002.0,0.0,17193.0,-1.705991,-1.292926,NGA,SUR,7810
815414,162,205,1314,2002.0,2996376.0,428837.0,1.175777,1.667472,NLD,SUR,7810
815415,169,205,1314,2002.0,4938.0,0.0,0.085746,0.21839,PAN,SUR,7810
815416,178,205,1314,2002.0,126909.0,0.0,0.629678,1.0153780000000001,PRK,SUR,7810
815417,222,205,1314,2002.0,109225.0,0.0,-0.056315,-0.803537,TTO,SUR,7810
815418,231,205,1314,2002.0,2181722.0,92016.0,1.853174,0.120986,USA,SUR,7810
815419,249,205,1314,2002.0,2394.0,0.0,1.9084720000000002,1.253714,TWN,SUR,7810
815420,1,208,1314,2002.0,0.0,10883.0,-0.11885899999999999,-0.346093,AFG,SWE,7810
815421,2,208,1314,2002.0,0.0,66969.0,-1.8043639999999999,-1.250642,AGO,SWE,7810
815422,4,208,1314,2002.0,0.0,104637.0,-0.05800399999999999,0.042254,ALB,SWE,7810
815423,5,208,1314,2002.0,0.0,345070.0,1.3229389999999999,0.9635950000000001,AND,SWE,7810
815424,7,208,1314,2002.0,341745.0,5207362.0,-0.288838,-0.640049,ARE,SWE,7810
815425,8,208,1314,2002.0,0.0,197760.0,0.045376,0.71768,ARG,SWE,7810
815426,13,208,1314,2002.0,0.0,4638.0,0.23995500000000003,-0.754877,ATG,SWE,7810
815427,14,208,1314,2002.0,33447.0,53205600.0,-0.052462,0.759617,AUS,SWE,7810
815428,15,208,1314,2002.0,33841684.0,24366406.0,1.866997,0.400527,AUT,SWE,7810
815429,16,208,1314,2002.0,0.0,22295.0,-0.566735,-1.003158,AZE,SWE,7810
815430,18,208,1314,2002.0,303465920.0,100875512.0,1.424339,1.372755,BEL,SWE,7810
815431,19,208,1314,2002.0,0.0,192969.0,-0.7683840000000001,-0.7984319999999999,BEN,SWE,7810
815432,21,208,1314,2002.0,0.0,4194.0,-0.5542590000000001,-0.5946060000000001,BFA,SWE,7810
815433,22,208,1314,2002.0,6128.0,119708.0,-0.9509,-1.113308,BGD,SWE,7810
815434,23,208,1314,2002.0,6768.0,241944.0,0.468058,1.644037,BGR,SWE,7810
815435,24,208,1314,2002.0,37972.0,1126424.0,-0.31754099999999996,-1.099381,BHR,SWE,7810
815436,25,208,1314,2002.0,0.0,31386.0,0.035127,-0.536416,BHS,SWE,7810
815437,26,208,1314,2002.0,46783.0,157132.0,0.223543,0.44595100000000004,BIH,SWE,7810
815438,28,208,1314,2002.0,0.0,825672.0,0.865742,1.1823860000000002,BLR,SWE,7810
815439,29,208,1314,2002.0,0.0,2299.0,-0.553335,-0.753058,BLZ,SWE,7810
815440,31,208,1314,2002.0,4697.0,38020.0,-0.785592,-0.6761119999999999,BOL,SWE,7810
815441,32,208,1314,2002.0,0.0,1719446.0,0.631343,1.249344,BRA,SWE,7810
815442,33,208,1314,2002.0,0.0,19121.0,0.547024,-0.004036,BRB,SWE,7810
815443,34,208,1314,2002.0,0.0,210947.0,-1.359507,-1.084339,BRN,SWE,7810
815444,39,208,1314,2002.0,2372818.0,80657872.0,0.9672360000000001,1.389981,CAN,SWE,7810
815445,41,208,1314,2002.0,1025062.0,51017740.0,2.205507,0.831836,CHE,SWE,7810
815446,42,208,1314,2002.0,27672.0,461969.0,-0.079201,-0.11449200000000001,CHL,SWE,7810
815447,43,208,1314,2002.0,231139.0,12795606.0,0.6181220000000001,1.9636759999999998,CHN,SWE,7810
815448,44,208,1314,2002.0,0.0,60277.0,-0.803739,-0.752218,CIV,SWE,7810
815449,45,208,1314,2002.0,0.0,12690.0,-1.188713,-1.109944,CMR,SWE,7810
815450,46,208,1314,2002.0,0.0,7555.0,-1.218664,-1.1406120000000002,COD,SWE,7810
815451,47,208,1314,2002.0,0.0,37601.0,-1.468836,-1.250484,COG,SWE,7810
815452,49,208,1314,2002.0,0.0,15414.0,0.219861,0.45238999999999996,COL,SWE,7810
815453,51,208,1314,2002.0,0.0,6925.0,-0.315184,-0.660522,CPV,SWE,7810
815454,52,208,1314,2002.0,0.0,52312.0,0.083983,-0.096237,CRI,SWE,7810
815455,54,208,1314,2002.0,0.0,3074.0,-0.896759,-1.079825,CUB,SWE,7810
815456,58,208,1314,2002.0,25826.0,679364.0,0.332088,0.50441,CYP,SWE,7810
815457,59,208,1314,2002.0,80661528.0,1477502.0,1.5835139999999999,0.9563010000000001,CZE,SWE,7810
815458,61,208,1314,2002.0,994819904.0,283331936.0,2.367856,-2.195331,DEU,SWE,7810
815459,62,208,1314,2002.0,0.0,43999.0,-0.03383,-0.014618,DJI,SWE,7810
815460,64,208,1314,2002.0,2291106.0,31649856.0,1.344708,1.321135,DNK,SWE,7810
815461,65,208,1314,2002.0,0.0,67753.0,-0.43339300000000003,-0.378827,DOM,SWE,7810
815462,66,208,1314,2002.0,0.0,52459.0,-0.9281389999999999,-1.19549,DZA,SWE,7810
815463,67,208,1314,2002.0,0.0,27441.0,-0.973858,-0.8924979999999999,ECU,SWE,7810
815464,68,208,1314,2002.0,0.0,352430.0,-0.37218,0.634319,EGY,SWE,7810
815465,69,208,1314,2002.0,0.0,399149.0,1.019399,0.23989899999999997,ERI,SWE,7810
815466,71,208,1314,2002.0,64565312.0,93380672.0,1.054108,1.9357349999999998,ESP,SWE,7810
815467,72,208,1314,2002.0,106168.0,11075825.0,0.576142,1.168563,EST,SWE,7810
815468,73,208,1314,2002.0,0.0,431199.0,-1.289118,-1.0291540000000001,ETH,SWE,7810
815469,74,208,1314,2002.0,47785896.0,119247960.0,1.9545119999999998,1.047515,FIN,SWE,7810
815470,75,208,1314,2002.0,0.0,107064.0,-0.788026,-0.432015,FJI,SWE,7810
815471,77,208,1314,2002.0,268741280.0,77566736.0,1.648526,0.6870430000000001,FRA,SWE,7810
815472,78,208,1314,2002.0,0.0,59033.0,-0.33811399999999997,-0.8092050000000001,FRO,SWE,7810
815473,80,208,1314,2002.0,0.0,1186.0,-1.34341,-1.238593,GAB,SWE,7810
815474,81,208,1314,2002.0,165549712.0,535303328.0,2.067395,0.7934359999999999,GBR,SWE,7810
815475,82,208,1314,2002.0,0.0,150897.0,0.23526999999999998,-0.156333,GEO,SWE,7810
815476,83,208,1314,2002.0,0.0,475905.0,-1.258567,-1.048266,GHA,SWE,7810
815477,87,208,1314,2002.0,0.0,185725.0,0.266536,0.20776,GMB,SWE,7810
815478,90,208,1314,2002.0,0.0,9772087.0,0.20355399999999998,1.4130200000000002,GRC,SWE,7810
815479,93,208,1314,2002.0,0.0,405729.0,-0.49913,-0.038079,GTM,SWE,7810
815480,97,208,1314,2002.0,104715.0,32050024.0,0.704932,1.291658,HKG,SWE,7810
815481,99,208,1314,2002.0,0.0,24233.0,-0.637891,-0.564421,HND,SWE,7810
815482,100,208,1314,2002.0,17581.0,529392.0,0.603546,1.273001,HRV,SWE,7810
815483,102,208,1314,2002.0,838140.0,12413942.0,1.232359,1.064425,HUN,SWE,7810
815484,103,208,1314,2002.0,0.0,546198.0,0.098182,1.7305840000000001,IDN,SWE,7810
815485,104,208,1314,2002.0,234243.0,424658.0,0.32974000000000003,2.376477,IND,SWE,7810
815486,106,208,1314,2002.0,658019.0,31380810.0,1.7939310000000002,0.219254,IRL,SWE,7810
815487,107,208,1314,2002.0,0.0,116345.0,-0.665259,-0.840274,IRN,SWE,7810
815488,109,208,1314,2002.0,113550.0,1628242.0,0.17011700000000002,-0.33925500000000003,ISL,SWE,7810
815489,110,208,1314,2002.0,56928.0,9303907.0,1.257709,0.8318989999999999,ISR,SWE,7810
815490,111,208,1314,2002.0,10757020.0,79436904.0,1.3944219999999998,1.125362,ITA,SWE,7810
815491,112,208,1314,2002.0,0.0,567041.0,-0.459541,-0.947443,JAM,SWE,7810
815492,113,208,1314,2002.0,0.0,2501604.0,0.34023000000000003,0.264754,JOR,SWE,7810
815493,114,208,1314,2002.0,171317440.0,196990480.0,2.7747580000000003,0.43663199999999996,JPN,SWE,7810
815494,115,208,1314,2002.0,0.0,172467.0,-0.100361,-0.502468,KAZ,SWE,7810
815495,116,208,1314,2002.0,11050.0,89858.0,-0.59055,0.000731,KEN,SWE,7810
815496,121,208,1314,2002.0,54949264.0,19063902.0,1.4172719999999999,0.8763139999999999,KOR,SWE,7810
815497,122,208,1314,2002.0,32596.0,2914975.0,-0.794007,-1.192659,KWT,SWE,7810
815498,124,208,1314,2002.0,0.0,887470.0,0.220906,1.470297,LBN,SWE,7810
815499,126,208,1314,2002.0,0.0,427685.0,-0.692769,-1.188682,LBY,SWE,7810
815500,128,208,1314,2002.0,0.0,584639.0,-0.461765,-0.057614,LKA,SWE,7810
815501,130,208,1314,2002.0,41245.0,5451180.0,0.15796,0.855931,LTU,SWE,7810
815502,131,208,1314,2002.0,421111.0,87924.0,1.396249,1.153017,LUX,SWE,7810
815503,132,208,1314,2002.0,148406.0,6163225.0,0.41409799999999997,0.6281680000000001,LVA,SWE,7810
815504,133,208,1314,2002.0,0.0,57522.0,0.005082,-0.328658,MAC,SWE,7810
815505,134,208,1314,2002.0,0.0,249904.0,-0.690226,-0.42557,MAR,SWE,7810
815506,135,208,1314,2002.0,0.0,122650.0,-0.017383000000000003,0.109124,MDA,SWE,7810
815507,136,208,1314,2002.0,0.0,6682.0,-1.109564,-0.642039,MDG,SWE,7810
815508,138,208,1314,2002.0,2637.0,8830713.0,1.2677129999999999,0.599314,MEX,SWE,7810
815509,140,208,1314,2002.0,21117.0,101830.0,-0.027727999999999996,0.41846400000000006,MKD,SWE,7810
815510,141,208,1314,2002.0,0.0,1551.0,-0.786698,-0.682438,MLI,SWE,7810
815511,142,208,1314,2002.0,0.0,70948.0,0.901235,-0.140261,MLT,SWE,7810
815512,147,208,1314,2002.0,0.0,174733.0,-1.337891,-1.187073,MOZ,SWE,7810
815513,151,208,1314,2002.0,0.0,251671.0,-0.382062,-0.379224,MUS,SWE,7810
815514,153,208,1314,2002.0,0.0,797312.0,0.9987159999999999,0.26558200000000004,MYS,SWE,7810
815515,155,208,1314,2002.0,26990.0,0.0,-0.137725,-0.361452,NAM,SWE,7810
815516,156,208,1314,2002.0,0.0,3842.0,-0.7477739999999999,-1.006248,NCL,SWE,7810
815517,157,208,1314,2002.0,0.0,4768.0,-0.562837,-0.333649,NER,SWE,7810
815518,159,208,1314,2002.0,0.0,2186310.0,-1.705991,-1.292926,NGA,SWE,7810
815519,160,208,1314,2002.0,0.0,6966.0,-0.634946,-0.37966,NIC,SWE,7810
815520,162,208,1314,2002.0,149795328.0,118741640.0,1.175777,1.667472,NLD,SWE,7810
815521,163,208,1314,2002.0,5990798.0,179837968.0,0.689588,-0.007016,NOR,SWE,7810
815522,166,208,1314,2002.0,0.0,2096617.0,0.370673,0.7853829999999999,NZL,SWE,7810
815523,167,208,1314,2002.0,3291.0,578196.0,-1.307058,-1.270916,OMN,SWE,7810
815524,168,208,1314,2002.0,0.0,76470.0,-0.7574069999999999,-0.403427,PAK,SWE,7810
815525,169,208,1314,2002.0,3710.0,22337.0,0.085746,0.21839,PAN,SWE,7810
815526,173,208,1314,2002.0,20087.0,366952.0,-0.456603,0.030838,PER,SWE,7810
815527,174,208,1314,2002.0,23451.0,4109320.0,0.29601,-0.232513,PHL,SWE,7810
815528,177,208,1314,2002.0,2288202.0,6038104.0,0.9449299999999999,1.655764,POL,SWE,7810
815529,179,208,1314,2002.0,1398509.0,17980850.0,0.584956,1.377068,PRT,SWE,7810
815530,180,208,1314,2002.0,0.0,59790.0,-0.733796,-0.9001530000000001,PRY,SWE,7810
815531,183,208,1314,2002.0,12945.0,632351.0,-0.002177,-1.042517,QAT,SWE,7810
815532,185,208,1314,2002.0,40963.0,232623.0,0.549227,1.071998,ROU,SWE,7810
815533,186,208,1314,2002.0,114731.0,61175500.0,0.6051449999999999,0.272307,RUS,SWE,7810
815534,188,208,1314,2002.0,344970.0,7410352.0,0.048764,-0.903125,SAU,SWE,7810
815535,189,208,1314,2002.0,57937.0,158222.0,0.523459,2.58657,SCG,SWE,7810
815536,190,208,1314,2002.0,0.0,2278.0,-1.336665,-1.19919,SDN,SWE,7810
815537,191,208,1314,2002.0,0.0,63999.0,-0.5424939999999999,-0.554531,SEN,SWE,7810
815538,192,208,1314,2002.0,29850.0,13329334.0,1.7077209999999998,0.683549,SGP,SWE,7810
815539,196,208,1314,2002.0,1711.0,9405.0,0.29478899999999997,0.055865,SLE,SWE,7810
815540,197,208,1314,2002.0,0.0,316870.0,-0.258579,-0.096214,SLV,SWE,7810
815541,199,208,1314,2002.0,0.0,6608.0,-0.145777,-0.512123,SOM,SWE,7810
815542,206,208,1314,2002.0,5060136.0,574008.0,1.269549,1.184774,SVK,SWE,7810
815543,207,208,1314,2002.0,1955837.0,1100006.0,1.469681,1.13303,SVN,SWE,7810
815544,212,208,1314,2002.0,18156.0,207346.0,-1.07007,-0.560769,SYR,SWE,7810
815545,215,208,1314,2002.0,0.0,9555.0,-0.688284,-0.5292789999999999,TGO,SWE,7810
815546,216,208,1314,2002.0,0.0,2617347.0,0.513887,1.545967,THA,SWE,7810
815547,222,208,1314,2002.0,0.0,17559.0,-0.056315,-0.803537,TTO,SWE,7810
815548,223,208,1314,2002.0,13767.0,88790.0,0.059876,0.369032,TUN,SWE,7810
815549,224,208,1314,2002.0,8128171.0,6038456.0,0.12982,1.8032650000000001,TUR,SWE,7810
815550,225,208,1314,2002.0,820821.0,2841680.0,0.01488,0.187673,TUV,SWE,7810
815551,226,208,1314,2002.0,0.0,4610.0,-1.234127,-0.421158,TZA,SWE,7810
815552,227,208,1314,2002.0,0.0,19327.0,-1.262952,-0.903123,UGA,SWE,7810
815553,228,208,1314,2002.0,0.0,5281669.0,0.575372,1.131722,UKR,SWE,7810
815554,229,208,1314,2002.0,0.0,43243.0,0.613889,-0.1748,UMI,SWE,7810
815555,230,208,1314,2002.0,0.0,81101.0,0.048498,0.118565,URY,SWE,7810
815556,231,208,1314,2002.0,27731350.0,1960179200.0,1.853174,0.120986,USA,SWE,7810
815557,233,208,1314,2002.0,0.0,717528.0,1.0090620000000001,-0.47225100000000003,VAT,SWE,7810
815558,236,208,1314,2002.0,0.0,31541.0,-0.008877,-0.753486,VEN,SWE,7810
815559,239,208,1314,2002.0,0.0,14691.0,-0.44170699999999996,0.544708,VNM,SWE,7810
815560,246,208,1314,2002.0,28525.0,21864226.0,0.32760500000000004,2.497746,ZAF,SWE,7810
815561,247,208,1314,2002.0,0.0,58718.0,-0.840258,-0.639474,ZMB,SWE,7810
815562,248,208,1314,2002.0,77270.0,118261.0,-0.36033000000000004,0.452182,ZWE,SWE,7810
815563,249,208,1314,2002.0,699519.0,19503236.0,1.9084720000000002,1.253714,TWN,SWE,7810
815564,4,216,1314,2002.0,0.0,7604.0,-0.05800399999999999,0.042254,ALB,THA,7810
815565,7,216,1314,2002.0,23177.0,967370.0,-0.288838,-0.640049,ARE,THA,7810
815566,14,216,1314,2002.0,107301.0,55915568.0,-0.052462,0.759617,AUS,THA,7810
815567,15,216,1314,2002.0,75118.0,11503.0,1.866997,0.400527,AUT,THA,7810
815568,16,216,1314,2002.0,0.0,31441.0,-0.566735,-1.003158,AZE,THA,7810
815569,18,216,1314,2002.0,250402.0,285935136.0,1.424339,1.372755,BEL,THA,7810
815570,21,216,1314,2002.0,0.0,74799.0,-0.5542590000000001,-0.5946060000000001,BFA,THA,7810
815571,22,216,1314,2002.0,0.0,208296.0,-0.9509,-1.113308,BGD,THA,7810
815572,23,216,1314,2002.0,35597.0,83937.0,0.468058,1.644037,BGR,THA,7810
815573,24,216,1314,2002.0,0.0,1615810.0,-0.31754099999999996,-1.099381,BHR,THA,7810
815574,32,216,1314,2002.0,0.0,10957.0,0.631343,1.249344,BRA,THA,7810
815575,34,216,1314,2002.0,0.0,1535909.0,-1.359507,-1.084339,BRN,THA,7810
815576,39,216,1314,2002.0,837282.0,0.0,0.9672360000000001,1.389981,CAN,THA,7810
815577,41,216,1314,2002.0,7401.0,0.0,2.205507,0.831836,CHE,THA,7810
815578,42,216,1314,2002.0,0.0,12801.0,-0.079201,-0.11449200000000001,CHL,THA,7810
815579,43,216,1314,2002.0,90411.0,12796662.0,0.6181220000000001,1.9636759999999998,CHN,THA,7810
815580,44,216,1314,2002.0,0.0,2788766.0,-0.803739,-0.752218,CIV,THA,7810
815581,59,216,1314,2002.0,862085.0,67331.0,1.5835139999999999,0.9563010000000001,CZE,THA,7810
815582,61,216,1314,2002.0,120429904.0,18693.0,2.367856,-2.195331,DEU,THA,7810
815583,63,216,1314,2002.0,6545.0,0.0,0.212137,-0.112873,DMA,THA,7810
815584,64,216,1314,2002.0,299715.0,786948.0,1.344708,1.321135,DNK,THA,7810
815585,67,216,1314,2002.0,0.0,11573.0,-0.973858,-0.8924979999999999,ECU,THA,7810
815586,68,216,1314,2002.0,4901.0,0.0,-0.37218,0.634319,EGY,THA,7810
815587,71,216,1314,2002.0,320457.0,481777.0,1.054108,1.9357349999999998,ESP,THA,7810
815588,73,216,1314,2002.0,0.0,109636.0,-1.289118,-1.0291540000000001,ETH,THA,7810
815589,74,216,1314,2002.0,40406.0,26355.0,1.9545119999999998,1.047515,FIN,THA,7810
815590,77,216,1314,2002.0,9078398.0,80923880.0,1.648526,0.6870430000000001,FRA,THA,7810
815591,81,216,1314,2002.0,25023194.0,1789082.0,2.067395,0.7934359999999999,GBR,THA,7810
815592,83,216,1314,2002.0,0.0,431906.0,-1.258567,-1.048266,GHA,THA,7810
815593,85,216,1314,2002.0,0.0,23141.0,-1.684157,-1.256743,GIN,THA,7810
815594,87,216,1314,2002.0,15846.0,0.0,0.266536,0.20776,GMB,THA,7810
815595,97,216,1314,2002.0,3630645.0,1768944.0,0.704932,1.291658,HKG,THA,7810
815596,99,216,1314,2002.0,0.0,6163.0,-0.637891,-0.564421,HND,THA,7810
815597,100,216,1314,2002.0,0.0,6041.0,0.603546,1.273001,HRV,THA,7810
815598,102,216,1314,2002.0,15510.0,32928.0,1.232359,1.064425,HUN,THA,7810
815599,103,216,1314,2002.0,10462387.0,18066298.0,0.098182,1.7305840000000001,IDN,THA,7810
815600,104,216,1314,2002.0,24276.0,165555.0,0.32974000000000003,2.376477,IND,THA,7810
815601,106,216,1314,2002.0,0.0,50880.0,1.7939310000000002,0.219254,IRL,THA,7810
815602,110,216,1314,2002.0,0.0,17963.0,1.257709,0.8318989999999999,ISR,THA,7810
815603,111,216,1314,2002.0,4370483.0,0.0,1.3944219999999998,1.125362,ITA,THA,7810
815604,112,216,1314,2002.0,0.0,12405.0,-0.459541,-0.947443,JAM,THA,7810
815605,113,216,1314,2002.0,10193.0,55057.0,0.34023000000000003,0.264754,JOR,THA,7810
815606,114,216,1314,2002.0,94661976.0,73409536.0,2.7747580000000003,0.43663199999999996,JPN,THA,7810
815607,116,216,1314,2002.0,13782.0,598037.0,-0.59055,0.000731,KEN,THA,7810
815608,118,216,1314,2002.0,1055040.0,9904068.0,-0.8577629999999999,-1.071536,KHM,THA,7810
815609,121,216,1314,2002.0,9811531.0,0.0,1.4172719999999999,0.8763139999999999,KOR,THA,7810
815610,122,216,1314,2002.0,0.0,1414645.0,-0.794007,-1.192659,KWT,THA,7810
815611,123,216,1314,2002.0,4660.0,5844796.0,-0.990957,-1.111048,LAO,THA,7810
815612,124,216,1314,2002.0,0.0,370288.0,0.220906,1.470297,LBN,THA,7810
815613,128,216,1314,2002.0,0.0,276308.0,-0.461765,-0.057614,LKA,THA,7810
815614,131,216,1314,2002.0,0.0,6589.0,1.396249,1.153017,LUX,THA,7810
815615,133,216,1314,2002.0,0.0,5499.0,0.005082,-0.328658,MAC,THA,7810
815616,137,216,1314,2002.0,0.0,16470.0,-1.0471700000000002,-0.976184,MDV,THA,7810
815617,138,216,1314,2002.0,804452.0,0.0,1.2677129999999999,0.599314,MEX,THA,7810
815618,142,216,1314,2002.0,418134.0,0.0,0.901235,-0.140261,MLT,THA,7810
815619,143,216,1314,2002.0,0.0,1263474.0,-1.251639,-0.994909,MMR,THA,7810
815620,147,216,1314,2002.0,0.0,31133.0,-1.337891,-1.187073,MOZ,THA,7810
815621,148,216,1314,2002.0,0.0,165947.0,-1.053061,-1.221967,MRT,THA,7810
815622,151,216,1314,2002.0,97674.0,0.0,-0.382062,-0.379224,MUS,THA,7810
815623,153,216,1314,2002.0,681887.0,2099991.0,0.9987159999999999,0.26558200000000004,MYS,THA,7810
815624,154,216,1314,2002.0,0.0,4061.0,0.752173,-0.5639,MYT,THA,7810
815625,156,216,1314,2002.0,0.0,636358.0,-0.7477739999999999,-1.006248,NCL,THA,7810
815626,157,216,1314,2002.0,0.0,4315.0,-0.562837,-0.333649,NER,THA,7810
815627,159,216,1314,2002.0,0.0,1719750.0,-1.705991,-1.292926,NGA,THA,7810
815628,162,216,1314,2002.0,684747.0,280574.0,1.175777,1.667472,NLD,THA,7810
815629,163,216,1314,2002.0,5975.0,24139.0,0.689588,-0.007016,NOR,THA,7810
815630,164,216,1314,2002.0,0.0,61940.0,-0.065582,0.464797,NPL,THA,7810
815631,166,216,1314,2002.0,10364.0,6718423.0,0.370673,0.7853829999999999,NZL,THA,7810
815632,167,216,1314,2002.0,3263345.0,1078344.0,-1.307058,-1.270916,OMN,THA,7810
815633,168,216,1314,2002.0,0.0,251231.0,-0.7574069999999999,-0.403427,PAK,THA,7810
815634,169,216,1314,2002.0,0.0,105219.0,0.085746,0.21839,PAN,THA,7810
815635,173,216,1314,2002.0,0.0,14552.0,-0.456603,0.030838,PER,THA,7810
815636,174,216,1314,2002.0,22612992.0,22892820.0,0.29601,-0.232513,PHL,THA,7810
815637,176,216,1314,2002.0,0.0,449668.0,-1.430299,-1.172593,PNG,THA,7810
815638,178,216,1314,2002.0,2554.0,0.0,0.629678,1.0153780000000001,PRK,THA,7810
815639,179,216,1314,2002.0,364286.0,10746.0,0.584956,1.377068,PRT,THA,7810
815640,182,216,1314,2002.0,0.0,2278570.0,-0.363179,-0.8967450000000001,PYF,THA,7810
815641,183,216,1314,2002.0,0.0,786155.0,-0.002177,-1.042517,QAT,THA,7810
815642,185,216,1314,2002.0,0.0,26018.0,0.549227,1.071998,ROU,THA,7810
815643,188,216,1314,2002.0,0.0,5649770.0,0.048764,-0.903125,SAU,THA,7810
815644,190,216,1314,2002.0,0.0,103872.0,-1.336665,-1.19919,SDN,THA,7810
815645,191,216,1314,2002.0,0.0,28170.0,-0.5424939999999999,-0.554531,SEN,THA,7810
815646,192,216,1314,2002.0,4250363.0,2291887.0,1.7077209999999998,0.683549,SGP,THA,7810
815647,206,216,1314,2002.0,0.0,23363.0,1.269549,1.184774,SVK,THA,7810
815648,208,216,1314,2002.0,2617347.0,0.0,2.134,0.769413,SWE,THA,7810
815649,212,216,1314,2002.0,0.0,1397866.0,-1.07007,-0.560769,SYR,THA,7810
815650,215,216,1314,2002.0,0.0,12811.0,-0.688284,-0.5292789999999999,TGO,THA,7810
815651,223,216,1314,2002.0,0.0,70312.0,0.059876,0.369032,TUN,THA,7810
815652,226,216,1314,2002.0,0.0,2797.0,-1.234127,-0.421158,TZA,THA,7810
815653,227,216,1314,2002.0,0.0,13664.0,-1.262952,-0.903123,UGA,THA,7810
815654,228,216,1314,2002.0,0.0,5191.0,0.575372,1.131722,UKR,THA,7810
815655,230,216,1314,2002.0,0.0,9374.0,0.048498,0.118565,URY,THA,7810
815656,231,216,1314,2002.0,23357714.0,233328.0,1.853174,0.120986,USA,THA,7810
815657,239,216,1314,2002.0,0.0,524036.0,-0.44170699999999996,0.544708,VNM,THA,7810
815658,241,216,1314,2002.0,0.0,78343.0,0.712441,-0.668211,WLF,THA,7810
815659,246,216,1314,2002.0,559716.0,5388215.0,0.32760500000000004,2.497746,ZAF,THA,7810
815660,249,216,1314,2002.0,569707.0,2445460.0,1.9084720000000002,1.253714,TWN,THA,7810
815661,250,216,1314,2002.0,0.0,24767.0,0.5979300000000001,-0.497816,ANS,THA,7810
815662,0,222,1314,2002.0,0.0,8811.0,0.27076100000000003,-0.858951,ABW,TTO,7810
815663,6,222,1314,2002.0,40694.0,0.0,0.145946,-0.704052,ANT,TTO,7810
815664,7,222,1314,2002.0,11221.0,0.0,-0.288838,-0.640049,ARE,TTO,7810
815665,13,222,1314,2002.0,0.0,14865.0,0.23995500000000003,-0.754877,ATG,TTO,7810
815666,14,222,1314,2002.0,70770.0,0.0,-0.052462,0.759617,AUS,TTO,7810
815667,15,222,1314,2002.0,106911.0,0.0,1.866997,0.400527,AUT,TTO,7810
815668,18,222,1314,2002.0,352866.0,32926.0,1.424339,1.372755,BEL,TTO,7810
815669,25,222,1314,2002.0,6326.0,16097.0,0.035127,-0.536416,BHS,TTO,7810
815670,32,222,1314,2002.0,3349.0,0.0,0.631343,1.249344,BRA,TTO,7810
815671,33,222,1314,2002.0,82918.0,39169.0,0.547024,-0.004036,BRB,TTO,7810
815672,39,222,1314,2002.0,49082.0,0.0,0.9672360000000001,1.389981,CAN,TTO,7810
815673,57,222,1314,2002.0,0.0,16920.0,0.570589,-0.692583,CYM,TTO,7810
815674,59,222,1314,2002.0,175941.0,0.0,1.5835139999999999,0.9563010000000001,CZE,TTO,7810
815675,61,222,1314,2002.0,5371288.0,0.0,2.367856,-2.195331,DEU,TTO,7810
815676,63,222,1314,2002.0,0.0,6412.0,0.212137,-0.112873,DMA,TTO,7810
815677,71,222,1314,2002.0,929552.0,0.0,1.054108,1.9357349999999998,ESP,TTO,7810
815678,77,222,1314,2002.0,4107354.0,42085.0,1.648526,0.6870430000000001,FRA,TTO,7810
815679,81,222,1314,2002.0,5647202.0,664300.0,2.067395,0.7934359999999999,GBR,TTO,7810
815680,83,222,1314,2002.0,0.0,6797.0,-1.258567,-1.048266,GHA,TTO,7810
815681,91,222,1314,2002.0,2725.0,10026.0,0.822523,0.032938999999999996,GRD,TTO,7810
815682,96,222,1314,2002.0,36475.0,134466.0,-1.050604,-0.9015549999999999,GUY,TTO,7810
815683,97,222,1314,2002.0,2531.0,0.0,0.704932,1.291658,HKG,TTO,7810
815684,104,222,1314,2002.0,27731.0,0.0,0.32974000000000003,2.376477,IND,TTO,7810
815685,111,222,1314,2002.0,37029.0,0.0,1.3944219999999998,1.125362,ITA,TTO,7810
815686,112,222,1314,2002.0,19970.0,4237.0,-0.459541,-0.947443,JAM,TTO,7810
815687,114,222,1314,2002.0,54014616.0,0.0,2.7747580000000003,0.43663199999999996,JPN,TTO,7810
815688,120,222,1314,2002.0,0.0,20888.0,0.757789,-0.2968,KNA,TTO,7810
815689,121,222,1314,2002.0,1619868.0,0.0,1.4172719999999999,0.8763139999999999,KOR,TTO,7810
815690,127,222,1314,2002.0,19006.0,0.0,0.261861,-0.36480999999999997,LCA,TTO,7810
815691,153,222,1314,2002.0,4543.0,0.0,0.9987159999999999,0.26558200000000004,MYS,TTO,7810
815692,159,222,1314,2002.0,0.0,2975.0,-1.705991,-1.292926,NGA,TTO,7810
815693,162,222,1314,2002.0,0.0,5015.0,1.175777,1.667472,NLD,TTO,7810
815694,178,222,1314,2002.0,4637.0,0.0,0.629678,1.0153780000000001,PRK,TTO,7810
815695,179,222,1314,2002.0,3945.0,0.0,0.584956,1.377068,PRT,TTO,7810
815696,192,222,1314,2002.0,1581.0,0.0,1.7077209999999998,0.683549,SGP,TTO,7810
815697,205,222,1314,2002.0,0.0,109225.0,-1.002898,-0.905595,SUR,TTO,7810
815698,208,222,1314,2002.0,17559.0,0.0,2.134,0.769413,SWE,TTO,7810
815699,231,222,1314,2002.0,1438849.0,158457.0,1.853174,0.120986,USA,TTO,7810
815700,234,222,1314,2002.0,0.0,12578.0,-0.268813,-0.67072,VCT,TTO,7810
815701,236,222,1314,2002.0,0.0,63510.0,-0.008877,-0.753486,VEN,TTO,7810
815702,246,222,1314,2002.0,422971.0,0.0,0.32760500000000004,2.497746,ZAF,TTO,7810
815703,2,224,1314,2002.0,0.0,15034.0,-1.8043639999999999,-1.250642,AGO,TUR,7810
815704,4,224,1314,2002.0,2848.0,442703.0,-0.05800399999999999,0.042254,ALB,TUR,7810
815705,7,224,1314,2002.0,0.0,110684.0,-0.288838,-0.640049,ARE,TUR,7810
815706,8,224,1314,2002.0,7482.0,11523.0,0.045376,0.71768,ARG,TUR,7810
815707,9,224,1314,2002.0,0.0,1570842.0,0.66447,-0.08317000000000001,ARM,TUR,7810
815708,15,224,1314,2002.0,11241877.0,4105558.0,1.866997,0.400527,AUT,TUR,7810
815709,16,224,1314,2002.0,5268.0,1391796.0,-0.566735,-1.003158,AZE,TUR,7810
815710,18,224,1314,2002.0,48431876.0,14210034.0,1.424339,1.372755,BEL,TUR,7810
815711,22,224,1314,2002.0,0.0,2773.0,-0.9509,-1.113308,BGD,TUR,7810
815712,23,224,1314,2002.0,26114.0,6101087.0,0.468058,1.644037,BGR,TUR,7810
815713,24,224,1314,2002.0,0.0,209985.0,-0.31754099999999996,-1.099381,BHR,TUR,7810
815714,28,224,1314,2002.0,0.0,41953.0,0.865742,1.1823860000000002,BLR,TUR,7810
815715,32,224,1314,2002.0,5547.0,0.0,0.631343,1.249344,BRA,TUR,7810
815716,39,224,1314,2002.0,1785876.0,0.0,0.9672360000000001,1.389981,CAN,TUR,7810
815717,41,224,1314,2002.0,226953.0,9765783.0,2.205507,0.831836,CHE,TUR,7810
815718,43,224,1314,2002.0,287147.0,10729490.0,0.6181220000000001,1.9636759999999998,CHN,TUR,7810
815719,44,224,1314,2002.0,0.0,585758.0,-0.803739,-0.752218,CIV,TUR,7810
815720,52,224,1314,2002.0,22612.0,0.0,0.083983,-0.096237,CRI,TUR,7810
815721,54,224,1314,2002.0,0.0,5241.0,-0.896759,-1.079825,CUB,TUR,7810
815722,58,224,1314,2002.0,2535.0,2112675.0,0.332088,0.50441,CYP,TUR,7810
815723,59,224,1314,2002.0,19494772.0,9881805.0,1.5835139999999999,0.9563010000000001,CZE,TUR,7810
815724,61,224,1314,2002.0,349147936.0,183839536.0,2.367856,-2.195331,DEU,TUR,7810
815725,64,224,1314,2002.0,288250.0,14542283.0,1.344708,1.321135,DNK,TUR,7810
815726,66,224,1314,2002.0,0.0,41537364.0,-0.9281389999999999,-1.19549,DZA,TUR,7810
815727,68,224,1314,2002.0,0.0,31539684.0,-0.37218,0.634319,EGY,TUR,7810
815728,71,224,1314,2002.0,105505096.0,29967894.0,1.054108,1.9357349999999998,ESP,TUR,7810
815729,72,224,1314,2002.0,0.0,327865.0,0.576142,1.168563,EST,TUR,7810
815730,73,224,1314,2002.0,0.0,13888.0,-1.289118,-1.0291540000000001,ETH,TUR,7810
815731,74,224,1314,2002.0,153642.0,31097762.0,1.9545119999999998,1.047515,FIN,TUR,7810
815732,77,224,1314,2002.0,99236840.0,215381040.0,1.648526,0.6870430000000001,FRA,TUR,7810
815733,78,224,1314,2002.0,0.0,55897.0,-0.33811399999999997,-0.8092050000000001,FRO,TUR,7810
815734,80,224,1314,2002.0,0.0,48343.0,-1.34341,-1.238593,GAB,TUR,7810
815735,81,224,1314,2002.0,66924512.0,13570156.0,2.067395,0.7934359999999999,GBR,TUR,7810
815736,82,224,1314,2002.0,8113.0,710672.0,0.23526999999999998,-0.156333,GEO,TUR,7810
815737,83,224,1314,2002.0,0.0,8199.0,-1.258567,-1.048266,GHA,TUR,7810
815738,90,224,1314,2002.0,13031.0,21145178.0,0.20355399999999998,1.4130200000000002,GRC,TUR,7810
815739,93,224,1314,2002.0,0.0,6508.0,-0.49913,-0.038079,GTM,TUR,7810
815740,100,224,1314,2002.0,41032.0,662763.0,0.603546,1.273001,HRV,TUR,7810
815741,101,224,1314,2002.0,0.0,28524.0,-0.837823,-0.834512,HTI,TUR,7810
815742,102,224,1314,2002.0,849281.0,25801602.0,1.232359,1.064425,HUN,TUR,7810
815743,103,224,1314,2002.0,0.0,3911.0,0.098182,1.7305840000000001,IDN,TUR,7810
815744,104,224,1314,2002.0,41687.0,13982.0,0.32974000000000003,2.376477,IND,TUR,7810
815745,106,224,1314,2002.0,130820.0,30633844.0,1.7939310000000002,0.219254,IRL,TUR,7810
815746,107,224,1314,2002.0,22880.0,10330.0,-0.665259,-0.840274,IRN,TUR,7810
815747,109,224,1314,2002.0,0.0,245898.0,0.17011700000000002,-0.33925500000000003,ISL,TUR,7810
815748,110,224,1314,2002.0,0.0,70016320.0,1.257709,0.8318989999999999,ISR,TUR,7810
815749,111,224,1314,2002.0,7649564.0,146095232.0,1.3944219999999998,1.125362,ITA,TUR,7810
815750,112,224,1314,2002.0,0.0,5962.0,-0.459541,-0.947443,JAM,TUR,7810
815751,113,224,1314,2002.0,32049.0,1336726.0,0.34023000000000003,0.264754,JOR,TUR,7810
815752,114,224,1314,2002.0,51400540.0,206243.0,2.7747580000000003,0.43663199999999996,JPN,TUR,7810
815753,115,224,1314,2002.0,39055.0,198236.0,-0.100361,-0.502468,KAZ,TUR,7810
815754,121,224,1314,2002.0,45051704.0,5534.0,1.4172719999999999,0.8763139999999999,KOR,TUR,7810
815755,122,224,1314,2002.0,0.0,235668.0,-0.794007,-1.192659,KWT,TUR,7810
815756,124,224,1314,2002.0,0.0,3317227.0,0.220906,1.470297,LBN,TUR,7810
815757,126,224,1314,2002.0,2693.0,0.0,-0.692769,-1.188682,LBY,TUR,7810
815758,130,224,1314,2002.0,1866.0,629404.0,0.15796,0.855931,LTU,TUR,7810
815759,131,224,1314,2002.0,10221.0,16295.0,1.396249,1.153017,LUX,TUR,7810
815760,132,224,1314,2002.0,0.0,232357.0,0.41409799999999997,0.6281680000000001,LVA,TUR,7810
815761,134,224,1314,2002.0,0.0,2962404.0,-0.690226,-0.42557,MAR,TUR,7810
815762,135,224,1314,2002.0,0.0,424210.0,-0.017383000000000003,0.109124,MDA,TUR,7810
815763,138,224,1314,2002.0,190466.0,104486.0,1.2677129999999999,0.599314,MEX,TUR,7810
815764,140,224,1314,2002.0,24662.0,322539.0,-0.027727999999999996,0.41846400000000006,MKD,TUR,7810
815765,142,224,1314,2002.0,0.0,1190607.0,0.901235,-0.140261,MLT,TUR,7810
815766,153,224,1314,2002.0,0.0,162167.0,0.9987159999999999,0.26558200000000004,MYS,TUR,7810
815767,154,224,1314,2002.0,0.0,1869.0,0.752173,-0.5639,MYT,TUR,7810
815768,159,224,1314,2002.0,0.0,22636.0,-1.705991,-1.292926,NGA,TUR,7810
815769,162,224,1314,2002.0,8151198.0,5194484.0,1.175777,1.667472,NLD,TUR,7810
815770,163,224,1314,2002.0,1944.0,4434604.0,0.689588,-0.007016,NOR,TUR,7810
815771,167,224,1314,2002.0,0.0,84690.0,-1.307058,-1.270916,OMN,TUR,7810
815772,177,224,1314,2002.0,1602057.0,41824060.0,0.9449299999999999,1.655764,POL,TUR,7810
815773,179,224,1314,2002.0,428768.0,14078835.0,0.584956,1.377068,PRT,TUR,7810
815774,182,224,1314,2002.0,0.0,10028.0,-0.363179,-0.8967450000000001,PYF,TUR,7810
815775,183,224,1314,2002.0,0.0,1078939.0,-0.002177,-1.042517,QAT,TUR,7810
815776,185,224,1314,2002.0,7568.0,46597060.0,0.549227,1.071998,ROU,TUR,7810
815777,186,224,1314,2002.0,3284791.0,52722116.0,0.6051449999999999,0.272307,RUS,TUR,7810
815778,188,224,1314,2002.0,49514.0,17406110.0,0.048764,-0.903125,SAU,TUR,7810
815779,189,224,1314,2002.0,0.0,138762.0,0.523459,2.58657,SCG,TUR,7810
815780,190,224,1314,2002.0,0.0,45421.0,-1.336665,-1.19919,SDN,TUR,7810
815781,191,224,1314,2002.0,0.0,130341.0,-0.5424939999999999,-0.554531,SEN,TUR,7810
815782,206,224,1314,2002.0,522778.0,7538838.0,1.269549,1.184774,SVK,TUR,7810
815783,207,224,1314,2002.0,0.0,1897372.0,1.469681,1.13303,SVN,TUR,7810
815784,208,224,1314,2002.0,6038456.0,8128171.0,2.134,0.769413,SWE,TUR,7810
815785,212,224,1314,2002.0,0.0,3577924.0,-1.07007,-0.560769,SYR,TUR,7810
815786,219,224,1314,2002.0,0.0,375307.0,-0.9178629999999999,-1.202212,TKM,TUR,7810
815787,223,224,1314,2002.0,0.0,6975890.0,0.059876,0.369032,TUN,TUR,7810
815788,228,224,1314,2002.0,0.0,8295296.0,0.575372,1.131722,UKR,TUR,7810
815789,231,224,1314,2002.0,10981344.0,14977.0,1.853174,0.120986,USA,TUR,7810
815790,236,224,1314,2002.0,5053.0,8519.0,-0.008877,-0.753486,VEN,TUR,7810
815791,239,224,1314,2002.0,0.0,508580.0,-0.44170699999999996,0.544708,VNM,TUR,7810
815792,246,224,1314,2002.0,4150.0,0.0,0.32760500000000004,2.497746,ZAF,TUR,7810
815793,249,224,1314,2002.0,57433.0,0.0,1.9084720000000002,1.253714,TWN,TUR,7810
815794,250,224,1314,2002.0,10826.0,254802.0,0.5979300000000001,-0.497816,ANS,TUR,7810
815795,8,230,1314,2002.0,5565570.0,8974919.0,0.045376,0.71768,ARG,URY,7810
815796,14,230,1314,2002.0,0.0,7494.0,-0.052462,0.759617,AUS,URY,7810
815797,15,230,1314,2002.0,25424.0,0.0,1.866997,0.400527,AUT,URY,7810
815798,18,230,1314,2002.0,94339.0,0.0,1.424339,1.372755,BEL,URY,7810
815799,31,230,1314,2002.0,15278.0,0.0,-0.785592,-0.6761119999999999,BOL,URY,7810
815800,32,230,1314,2002.0,4812122.0,24282024.0,0.631343,1.249344,BRA,URY,7810
815801,39,230,1314,2002.0,52558.0,19440.0,0.9672360000000001,1.389981,CAN,URY,7810
815802,41,230,1314,2002.0,83437.0,15187.0,2.205507,0.831836,CHE,URY,7810
815803,42,230,1314,2002.0,29993.0,0.0,-0.079201,-0.11449200000000001,CHL,URY,7810
815804,49,230,1314,2002.0,20930.0,0.0,0.219861,0.45238999999999996,COL,URY,7810
815805,61,230,1314,2002.0,1529138.0,153386.0,2.367856,-2.195331,DEU,URY,7810
815806,67,230,1314,2002.0,0.0,426294.0,-0.973858,-0.8924979999999999,ECU,URY,7810
815807,71,230,1314,2002.0,207445.0,94146.0,1.054108,1.9357349999999998,ESP,URY,7810
815808,74,230,1314,2002.0,13768.0,0.0,1.9545119999999998,1.047515,FIN,URY,7810
815809,77,230,1314,2002.0,2803866.0,11059.0,1.648526,0.6870430000000001,FRA,URY,7810
815810,81,230,1314,2002.0,157206.0,8902.0,2.067395,0.7934359999999999,GBR,URY,7810
815811,83,230,1314,2002.0,0.0,3581.0,-1.258567,-1.048266,GHA,URY,7810
815812,90,230,1314,2002.0,0.0,8812.0,0.20355399999999998,1.4130200000000002,GRC,URY,7810
815813,93,230,1314,2002.0,0.0,10560.0,-0.49913,-0.038079,GTM,URY,7810
815814,99,230,1314,2002.0,0.0,16815.0,-0.637891,-0.564421,HND,URY,7810
815815,104,230,1314,2002.0,36818.0,0.0,0.32974000000000003,2.376477,IND,URY,7810
815816,111,230,1314,2002.0,142146.0,23347.0,1.3944219999999998,1.125362,ITA,URY,7810
815817,114,230,1314,2002.0,1202460.0,0.0,2.7747580000000003,0.43663199999999996,JPN,URY,7810
815818,121,230,1314,2002.0,388871.0,0.0,1.4172719999999999,0.8763139999999999,KOR,URY,7810
815819,131,230,1314,2002.0,0.0,2318.0,1.396249,1.153017,LUX,URY,7810
815820,138,230,1314,2002.0,141708.0,14137.0,1.2677129999999999,0.599314,MEX,URY,7810
815821,162,230,1314,2002.0,26275.0,19808.0,1.175777,1.667472,NLD,URY,7810
815822,173,230,1314,2002.0,22605.0,0.0,-0.456603,0.030838,PER,URY,7810
815823,179,230,1314,2002.0,0.0,35346.0,0.584956,1.377068,PRT,URY,7810
815824,180,230,1314,2002.0,0.0,173239.0,-0.733796,-0.9001530000000001,PRY,URY,7810
815825,185,230,1314,2002.0,5317.0,0.0,0.549227,1.071998,ROU,URY,7810
815826,186,230,1314,2002.0,3763249.0,0.0,0.6051449999999999,0.272307,RUS,URY,7810
815827,208,230,1314,2002.0,81101.0,0.0,2.134,0.769413,SWE,URY,7810
815828,216,230,1314,2002.0,9374.0,0.0,0.513887,1.545967,THA,URY,7810
815829,231,230,1314,2002.0,559012.0,55932.0,1.853174,0.120986,USA,URY,7810
815830,236,230,1314,2002.0,0.0,13304.0,-0.008877,-0.753486,VEN,URY,7810
815831,246,230,1314,2002.0,0.0,2464.0,0.32760500000000004,2.497746,ZAF,URY,7810
815832,250,230,1314,2002.0,9473.0,18745.0,0.5979300000000001,-0.497816,ANS,URY,7810
815833,0,231,1314,2002.0,0.0,6311532.0,0.27076100000000003,-0.858951,ABW,USA,7810
815834,1,231,1314,2002.0,0.0,52600.0,-0.11885899999999999,-0.346093,AFG,USA,7810
815835,2,231,1314,2002.0,0.0,4423159.0,-1.8043639999999999,-1.250642,AGO,USA,7810
815836,3,231,1314,2002.0,315905.0,449885.0,1.822725,0.45911899999999994,AIA,USA,7810
815837,4,231,1314,2002.0,0.0,71337.0,-0.05800399999999999,0.042254,ALB,USA,7810
815838,5,231,1314,2002.0,0.0,510954.0,1.3229389999999999,0.9635950000000001,AND,USA,7810
815839,6,231,1314,2002.0,0.0,13029601.0,0.145946,-0.704052,ANT,USA,7810
815840,7,231,1314,2002.0,0.0,149028016.0,-0.288838,-0.640049,ARE,USA,7810
815841,8,231,1314,2002.0,228662.0,2170422.0,0.045376,0.71768,ARG,USA,7810
815842,9,231,1314,2002.0,0.0,119525.0,0.66447,-0.08317000000000001,ARM,USA,7810
815843,13,231,1314,2002.0,0.0,1268210.0,0.23995500000000003,-0.754877,ATG,USA,7810
815844,14,231,1314,2002.0,247431776.0,284487648.0,-0.052462,0.759617,AUS,USA,7810
815845,15,231,1314,2002.0,225031376.0,17731790.0,1.866997,0.400527,AUT,USA,7810
815846,16,231,1314,2002.0,0.0,150589.0,-0.566735,-1.003158,AZE,USA,7810
815847,17,231,1314,2002.0,0.0,1793.0,-0.399212,-0.67657,BDI,USA,7810
815848,18,231,1314,2002.0,998614784.0,148845280.0,1.424339,1.372755,BEL,USA,7810
815849,19,231,1314,2002.0,18522.0,3499231.0,-0.7683840000000001,-0.7984319999999999,BEN,USA,7810
815850,21,231,1314,2002.0,12841.0,237776.0,-0.5542590000000001,-0.5946060000000001,BFA,USA,7810
815851,22,231,1314,2002.0,0.0,302604.0,-0.9509,-1.113308,BGD,USA,7810
815852,23,231,1314,2002.0,0.0,1101165.0,0.468058,1.644037,BGR,USA,7810
815853,24,231,1314,2002.0,134804.0,25773786.0,-0.31754099999999996,-1.099381,BHR,USA,7810
815854,25,231,1314,2002.0,2698340.0,39460572.0,0.035127,-0.536416,BHS,USA,7810
815855,26,231,1314,2002.0,0.0,54000.0,0.223543,0.44595100000000004,BIH,USA,7810
815856,28,231,1314,2002.0,0.0,4308.0,0.865742,1.1823860000000002,BLR,USA,7810
815857,29,231,1314,2002.0,15035.0,2800282.0,-0.553335,-0.753058,BLZ,USA,7810
815858,30,231,1314,2002.0,0.0,965796.0,0.934739,-0.465542,BMU,USA,7810
815859,31,231,1314,2002.0,232529.0,825023.0,-0.785592,-0.6761119999999999,BOL,USA,7810
815860,32,231,1314,2002.0,516936416.0,5568692.0,0.631343,1.249344,BRA,USA,7810
815861,33,231,1314,2002.0,83542.0,670384.0,0.547024,-0.004036,BRB,USA,7810
815862,34,231,1314,2002.0,0.0,197527.0,-1.359507,-1.084339,BRN,USA,7810
815863,37,231,1314,2002.0,144055.0,551209.0,-0.164526,-1.04616,BWA,USA,7810
815864,38,231,1314,2002.0,3113.0,2317.0,-0.698235,-0.905799,CAF,USA,7810
815865,39,231,1314,2002.0,31477295104.0,10443620352.0,0.9672360000000001,1.389981,CAN,USA,7810
815866,40,231,1314,2002.0,0.0,180965.0,0.8486940000000001,-0.49132200000000004,CCK,USA,7810
815867,41,231,1314,2002.0,2113899.0,114532208.0,2.205507,0.831836,CHE,USA,7810
815868,42,231,1314,2002.0,25441.0,48509592.0,-0.079201,-0.11449200000000001,CHL,USA,7810
815869,43,231,1314,2002.0,12023147.0,31205432.0,0.6181220000000001,1.9636759999999998,CHN,USA,7810
815870,44,231,1314,2002.0,118168.0,1201850.0,-0.803739,-0.752218,CIV,USA,7810
815871,45,231,1314,2002.0,0.0,521828.0,-1.188713,-1.109944,CMR,USA,7810
815872,46,231,1314,2002.0,0.0,7500.0,-1.218664,-1.1406120000000002,COD,USA,7810
815873,47,231,1314,2002.0,0.0,231100.0,-1.468836,-1.250484,COG,USA,7810
815874,49,231,1314,2002.0,310261.0,11682352.0,0.219861,0.45238999999999996,COL,USA,7810
815875,51,231,1314,2002.0,0.0,751944.0,-0.315184,-0.660522,CPV,USA,7810
815876,52,231,1314,2002.0,0.0,34366060.0,0.083983,-0.096237,CRI,USA,7810
815877,54,231,1314,2002.0,0.0,39792.0,-0.896759,-1.079825,CUB,USA,7810
815878,57,231,1314,2002.0,0.0,8416465.0,0.570589,-0.692583,CYM,USA,7810
815879,58,231,1314,2002.0,0.0,3993870.0,0.332088,0.50441,CYP,USA,7810
815880,59,231,1314,2002.0,246972.0,9021532.0,1.5835139999999999,0.9563010000000001,CZE,USA,7810
815881,61,231,1314,2002.0,17063883776.0,2683033088.0,2.367856,-2.195331,DEU,USA,7810
815882,62,231,1314,2002.0,0.0,218300.0,-0.03383,-0.014618,DJI,USA,7810
815883,63,231,1314,2002.0,16593.0,2863579.0,0.212137,-0.112873,DMA,USA,7810
815884,64,231,1314,2002.0,512895.0,4759219.0,1.344708,1.321135,DNK,USA,7810
815885,65,231,1314,2002.0,951862.0,69558248.0,-0.43339300000000003,-0.378827,DOM,USA,7810
815886,66,231,1314,2002.0,0.0,2041799.0,-0.9281389999999999,-1.19549,DZA,USA,7810
815887,67,231,1314,2002.0,589396.0,7820322.0,-0.973858,-0.8924979999999999,ECU,USA,7810
815888,68,231,1314,2002.0,29927.0,4908693.0,-0.37218,0.634319,EGY,USA,7810
815889,69,231,1314,2002.0,0.0,154500.0,1.019399,0.23989899999999997,ERI,USA,7810
815890,71,231,1314,2002.0,1106704.0,45280128.0,1.054108,1.9357349999999998,ESP,USA,7810
815891,72,231,1314,2002.0,214009.0,2033922.0,0.576142,1.168563,EST,USA,7810
815892,73,231,1314,2002.0,0.0,619405.0,-1.289118,-1.0291540000000001,ETH,USA,7810
815893,74,231,1314,2002.0,214942512.0,59825852.0,1.9545119999999998,1.047515,FIN,USA,7810
815894,75,231,1314,2002.0,2258.0,140120.0,-0.788026,-0.432015,FJI,USA,7810
815895,77,231,1314,2002.0,4916310.0,163631776.0,1.648526,0.6870430000000001,FRA,USA,7810
815896,78,231,1314,2002.0,0.0,7662.0,-0.33811399999999997,-0.8092050000000001,FRO,USA,7810
815897,79,231,1314,2002.0,0.0,57323.0,-1.416799,-1.080317,FSM,USA,7810
815898,80,231,1314,2002.0,0.0,307044.0,-1.34341,-1.238593,GAB,USA,7810
815899,81,231,1314,2002.0,4897624064.0,644167744.0,2.067395,0.7934359999999999,GBR,USA,7810
815900,82,231,1314,2002.0,16635.0,179721.0,0.23526999999999998,-0.156333,GEO,USA,7810
815901,83,231,1314,2002.0,0.0,6743408.0,-1.258567,-1.048266,GHA,USA,7810
815902,84,231,1314,2002.0,0.0,83940.0,0.404483,-0.313042,GIB,USA,7810
815903,85,231,1314,2002.0,0.0,946077.0,-1.684157,-1.256743,GIN,USA,7810
815904,87,231,1314,2002.0,0.0,189911.0,0.266536,0.20776,GMB,USA,7810
815905,88,231,1314,2002.0,0.0,20773.0,-0.30444099999999996,-0.815509,GNB,USA,7810
815906,89,231,1314,2002.0,0.0,647105.0,-1.8647490000000002,-0.96145,GNQ,USA,7810
815907,90,231,1314,2002.0,18040.0,38896564.0,0.20355399999999998,1.4130200000000002,GRC,USA,7810
815908,91,231,1314,2002.0,13234.0,445385.0,0.822523,0.032938999999999996,GRD,USA,7810
815909,92,231,1314,2002.0,0.0,167271.0,-0.514411,-0.87766,GRL,USA,7810
815910,93,231,1314,2002.0,439198.0,22600732.0,-0.49913,-0.038079,GTM,USA,7810
815911,96,231,1314,2002.0,37513.0,376637.0,-1.050604,-0.9015549999999999,GUY,USA,7810
815912,97,231,1314,2002.0,322326.0,24792042.0,0.704932,1.291658,HKG,USA,7810
815913,99,231,1314,2002.0,842962.0,16483517.0,-0.637891,-0.564421,HND,USA,7810
815914,100,231,1314,2002.0,169972.0,2213219.0,0.603546,1.273001,HRV,USA,7810
815915,101,231,1314,2002.0,0.0,16880620.0,-0.837823,-0.834512,HTI,USA,7810
815916,102,231,1314,2002.0,178587792.0,1304602.0,1.232359,1.064425,HUN,USA,7810
815917,103,231,1314,2002.0,11222.0,2064668.0,0.098182,1.7305840000000001,IDN,USA,7810
815918,104,231,1314,2002.0,171745.0,1180029.0,0.32974000000000003,2.376477,IND,USA,7810
815919,106,231,1314,2002.0,82670.0,9953881.0,1.7939310000000002,0.219254,IRL,USA,7810
815920,107,231,1314,2002.0,0.0,14987.0,-0.665259,-0.840274,IRN,USA,7810
815921,109,231,1314,2002.0,26758.0,1951885.0,0.17011700000000002,-0.33925500000000003,ISL,USA,7810
815922,110,231,1314,2002.0,34362.0,78917728.0,1.257709,0.8318989999999999,ISR,USA,7810
815923,111,231,1314,2002.0,282962816.0,129403816.0,1.3944219999999998,1.125362,ITA,USA,7810
815924,112,231,1314,2002.0,57197.0,10621549.0,-0.459541,-0.947443,JAM,USA,7810
815925,113,231,1314,2002.0,50201.0,9650445.0,0.34023000000000003,0.264754,JOR,USA,7810
815926,114,231,1314,2002.0,35790024704.0,467258432.0,2.7747580000000003,0.43663199999999996,JPN,USA,7810
815927,115,231,1314,2002.0,0.0,794267.0,-0.100361,-0.502468,KAZ,USA,7810
815928,116,231,1314,2002.0,246284.0,834157.0,-0.59055,0.000731,KEN,USA,7810
815929,117,231,1314,2002.0,0.0,187082.0,-0.094898,0.235639,KGZ,USA,7810
815930,118,231,1314,2002.0,37997.0,6839304.0,-0.8577629999999999,-1.071536,KHM,USA,7810
815931,119,231,1314,2002.0,0.0,5300.0,0.347526,-0.822594,KIR,USA,7810
815932,120,231,1314,2002.0,38993.0,325437.0,0.757789,-0.2968,KNA,USA,7810
815933,121,231,1314,2002.0,5839225856.0,91043632.0,1.4172719999999999,0.8763139999999999,KOR,USA,7810
815934,122,231,1314,2002.0,0.0,285410080.0,-0.794007,-1.192659,KWT,USA,7810
815935,123,231,1314,2002.0,0.0,50310.0,-0.990957,-1.111048,LAO,USA,7810
815936,124,231,1314,2002.0,12407.0,14145805.0,0.220906,1.470297,LBN,USA,7810
815937,125,231,1314,2002.0,0.0,274370.0,-0.683036,-1.158808,LBR,USA,7810
815938,127,231,1314,2002.0,54872.0,279060.0,0.261861,-0.36480999999999997,LCA,USA,7810
815939,128,231,1314,2002.0,0.0,219150.0,-0.461765,-0.057614,LKA,USA,7810
815940,129,231,1314,2002.0,0.0,16095.0,-1.313698,-1.153109,LSO,USA,7810
815941,130,231,1314,2002.0,68268.0,2888864.0,0.15796,0.855931,LTU,USA,7810
815942,131,231,1314,2002.0,125011.0,768724.0,1.396249,1.153017,LUX,USA,7810
815943,132,231,1314,2002.0,8583.0,2142521.0,0.41409799999999997,0.6281680000000001,LVA,USA,7810
815944,133,231,1314,2002.0,0.0,646317.0,0.005082,-0.328658,MAC,USA,7810
815945,134,231,1314,2002.0,37497.0,1845101.0,-0.690226,-0.42557,MAR,USA,7810
815946,135,231,1314,2002.0,0.0,21329.0,-0.017383000000000003,0.109124,MDA,USA,7810
815947,136,231,1314,2002.0,38369.0,201359.0,-1.109564,-0.642039,MDG,USA,7810
815948,137,231,1314,2002.0,0.0,44413.0,-1.0471700000000002,-0.976184,MDV,USA,7810
815949,138,231,1314,2002.0,13510940672.0,3136642816.0,1.2677129999999999,0.599314,MEX,USA,7810
815950,139,231,1314,2002.0,0.0,1001828.0,0.769126,-0.845166,MHL,USA,7810
815951,140,231,1314,2002.0,0.0,191350.0,-0.027727999999999996,0.41846400000000006,MKD,USA,7810
815952,141,231,1314,2002.0,35181.0,180728.0,-0.786698,-0.682438,MLI,USA,7810
815953,142,231,1314,2002.0,20568.0,267916.0,0.901235,-0.140261,MLT,USA,7810
815954,143,231,1314,2002.0,0.0,97252.0,-1.251639,-0.994909,MMR,USA,7810
815955,145,231,1314,2002.0,0.0,451631.0,-0.711096,-0.9835799999999999,MNG,USA,7810
815956,147,231,1314,2002.0,0.0,102197.0,-1.337891,-1.187073,MOZ,USA,7810
815957,148,231,1314,2002.0,0.0,24392.0,-1.053061,-1.221967,MRT,USA,7810
815958,149,231,1314,2002.0,0.0,50279.0,1.6121860000000001,0.078151,MSR,USA,7810
815959,151,231,1314,2002.0,0.0,233249.0,-0.382062,-0.379224,MUS,USA,7810
815960,152,231,1314,2002.0,0.0,149073.0,-1.431612,-1.234903,MWI,USA,7810
815961,153,231,1314,2002.0,68703.0,1526071.0,0.9987159999999999,0.26558200000000004,MYS,USA,7810
815962,155,231,1314,2002.0,21723.0,167418.0,-0.137725,-0.361452,NAM,USA,7810
815963,156,231,1314,2002.0,0.0,1184719.0,-0.7477739999999999,-1.006248,NCL,USA,7810
815964,157,231,1314,2002.0,1700.0,318946.0,-0.562837,-0.333649,NER,USA,7810
815965,159,231,1314,2002.0,0.0,16828018.0,-1.705991,-1.292926,NGA,USA,7810
815966,160,231,1314,2002.0,164472.0,2482048.0,-0.634946,-0.37966,NIC,USA,7810
815967,162,231,1314,2002.0,267135408.0,51908960.0,1.175777,1.667472,NLD,USA,7810
815968,163,231,1314,2002.0,1183896.0,24801952.0,0.689588,-0.007016,NOR,USA,7810
815969,166,231,1314,2002.0,580936.0,47453668.0,0.370673,0.7853829999999999,NZL,USA,7810
815970,167,231,1314,2002.0,53991.0,16232338.0,-1.307058,-1.270916,OMN,USA,7810
815971,168,231,1314,2002.0,11312.0,306025.0,-0.7574069999999999,-0.403427,PAK,USA,7810
815972,169,231,1314,2002.0,4830.0,21586966.0,0.085746,0.21839,PAN,USA,7810
815973,173,231,1314,2002.0,466424.0,5462882.0,-0.456603,0.030838,PER,USA,7810
815974,174,231,1314,2002.0,13350.0,86200736.0,0.29601,-0.232513,PHL,USA,7810
815975,175,231,1314,2002.0,0.0,95845.0,-0.8780950000000001,-1.033134,PLW,USA,7810
815976,176,231,1314,2002.0,0.0,15752.0,-1.430299,-1.172593,PNG,USA,7810
815977,177,231,1314,2002.0,210341.0,8972841.0,0.9449299999999999,1.655764,POL,USA,7810
815978,179,231,1314,2002.0,88674.0,5351735.0,0.584956,1.377068,PRT,USA,7810
815979,180,231,1314,2002.0,0.0,2439285.0,-0.733796,-0.9001530000000001,PRY,USA,7810
815980,182,231,1314,2002.0,0.0,1247799.0,-0.363179,-0.8967450000000001,PYF,USA,7810
815981,183,231,1314,2002.0,78482.0,26095008.0,-0.002177,-1.042517,QAT,USA,7810
815982,185,231,1314,2002.0,0.0,3010129.0,0.549227,1.071998,ROU,USA,7810
815983,186,231,1314,2002.0,56503.0,23155162.0,0.6051449999999999,0.272307,RUS,USA,7810
815984,187,231,1314,2002.0,0.0,81726.0,-0.6278859999999999,-0.832391,RWA,USA,7810
815985,188,231,1314,2002.0,317987.0,833941056.0,0.048764,-0.903125,SAU,USA,7810
815986,189,231,1314,2002.0,0.0,1519351.0,0.523459,2.58657,SCG,USA,7810
815987,190,231,1314,2002.0,0.0,93056.0,-1.336665,-1.19919,SDN,USA,7810
815988,191,231,1314,2002.0,100746.0,656074.0,-0.5424939999999999,-0.554531,SEN,USA,7810
815989,192,231,1314,2002.0,82083.0,5621656.0,1.7077209999999998,0.683549,SGP,USA,7810
815990,194,231,1314,2002.0,0.0,43798.0,1.542309,-0.038145,SHN,USA,7810
815991,196,231,1314,2002.0,0.0,859289.0,0.29478899999999997,0.055865,SLE,USA,7810
815992,197,231,1314,2002.0,46696.0,13304234.0,-0.258579,-0.096214,SLV,USA,7810
815993,198,231,1314,2002.0,0.0,483653.0,1.342892,0.48520100000000005,SMR,USA,7810
815994,199,231,1314,2002.0,9284.0,0.0,-0.145777,-0.512123,SOM,USA,7810
815995,200,231,1314,2002.0,0.0,109192.0,-0.791918,-0.965751,SPM,USA,7810
815996,205,231,1314,2002.0,92016.0,2181722.0,-1.002898,-0.905595,SUR,USA,7810
815997,206,231,1314,2002.0,180588.0,2789123.0,1.269549,1.184774,SVK,USA,7810
815998,207,231,1314,2002.0,0.0,1844106.0,1.469681,1.13303,SVN,USA,7810
815999,208,231,1314,2002.0,1960179200.0,27731350.0,2.134,0.769413,SWE,USA,7810
816000,211,231,1314,2002.0,0.0,144542.0,-0.8837229999999999,-0.975607,SYC,USA,7810
816001,212,231,1314,2002.0,0.0,2805084.0,-1.07007,-0.560769,SYR,USA,7810
816002,213,231,1314,2002.0,160108.0,1293786.0,0.849978,0.260833,TCA,USA,7810
816003,214,231,1314,2002.0,0.0,57000.0,-0.092619,-0.776712,TCD,USA,7810
816004,215,231,1314,2002.0,0.0,490972.0,-0.688284,-0.5292789999999999,TGO,USA,7810
816005,216,231,1314,2002.0,233328.0,23357714.0,0.513887,1.545967,THA,USA,7810
816006,217,231,1314,2002.0,0.0,115285.0,-0.8483510000000001,-1.09992,TJK,USA,7810
816007,221,231,1314,2002.0,0.0,13623.0,-0.772079,-1.0016479999999999,TON,USA,7810
816008,222,231,1314,2002.0,158457.0,1438849.0,-0.056315,-0.803537,TTO,USA,7810
816009,223,231,1314,2002.0,0.0,637911.0,0.059876,0.369032,TUN,USA,7810
816010,224,231,1314,2002.0,14977.0,10981344.0,0.12982,1.8032650000000001,TUR,USA,7810
816011,226,231,1314,2002.0,0.0,292810.0,-1.234127,-0.421158,TZA,USA,7810
816012,227,231,1314,2002.0,0.0,299651.0,-1.262952,-0.903123,UGA,USA,7810
816013,228,231,1314,2002.0,0.0,1432560.0,0.575372,1.131722,UKR,USA,7810
816014,230,231,1314,2002.0,55932.0,559012.0,0.048498,0.118565,URY,USA,7810
816015,232,231,1314,2002.0,0.0,32649.0,-0.583861,-0.758266,UZB,USA,7810
816016,233,231,1314,2002.0,0.0,15000.0,1.0090620000000001,-0.47225100000000003,VAT,USA,7810
816017,234,231,1314,2002.0,29693.0,234150.0,-0.268813,-0.67072,VCT,USA,7810
816018,236,231,1314,2002.0,167899.0,73741672.0,-0.008877,-0.753486,VEN,USA,7810
816019,237,231,1314,2002.0,5071.0,4311920.0,0.6891930000000001,-0.27620500000000003,VGB,USA,7810
816020,239,231,1314,2002.0,1139.0,909427.0,-0.44170699999999996,0.544708,VNM,USA,7810
816021,241,231,1314,2002.0,0.0,1190.0,0.712441,-0.668211,WLF,USA,7810
816022,242,231,1314,2002.0,0.0,310493.0,-0.09827000000000001,-0.540676,WSM,USA,7810
816023,243,231,1314,2002.0,0.0,479591.0,-1.447637,-1.289748,YEM,USA,7810
816024,246,231,1314,2002.0,209023312.0,133467208.0,0.32760500000000004,2.497746,ZAF,USA,7810
816025,247,231,1314,2002.0,0.0,147927.0,-0.840258,-0.639474,ZMB,USA,7810
816026,248,231,1314,2002.0,90424.0,127373.0,-0.36033000000000004,0.452182,ZWE,USA,7810
816027,249,231,1314,2002.0,83929624.0,35901484.0,1.9084720000000002,1.253714,TWN,USA,7810
816028,0,236,1314,2002.0,284848.0,40772.0,0.27076100000000003,-0.858951,ABW,VEN,7810
816029,6,236,1314,2002.0,61597.0,95733.0,0.145946,-0.704052,ANT,VEN,7810
816030,8,236,1314,2002.0,1052713.0,48029.0,0.045376,0.71768,ARG,VEN,7810
816031,15,236,1314,2002.0,397688.0,0.0,1.866997,0.400527,AUT,VEN,7810
816032,18,236,1314,2002.0,7449828.0,663152.0,1.424339,1.372755,BEL,VEN,7810
816033,21,236,1314,2002.0,88520.0,3286.0,-0.5542590000000001,-0.5946060000000001,BFA,VEN,7810
816034,23,236,1314,2002.0,24736.0,9828.0,0.468058,1.644037,BGR,VEN,7810
816035,31,236,1314,2002.0,19060.0,0.0,-0.785592,-0.6761119999999999,BOL,VEN,7810
816036,32,236,1314,2002.0,97412032.0,4389.0,0.631343,1.249344,BRA,VEN,7810
816037,39,236,1314,2002.0,1013456.0,23056.0,0.9672360000000001,1.389981,CAN,VEN,7810
816038,41,236,1314,2002.0,56234.0,0.0,2.205507,0.831836,CHE,VEN,7810
816039,42,236,1314,2002.0,327082.0,0.0,-0.079201,-0.11449200000000001,CHL,VEN,7810
816040,43,236,1314,2002.0,60493.0,13809.0,0.6181220000000001,1.9636759999999998,CHN,VEN,7810
816041,45,236,1314,2002.0,0.0,4600.0,-1.188713,-1.109944,CMR,VEN,7810
816042,49,236,1314,2002.0,78907112.0,34697156.0,0.219861,0.45238999999999996,COL,VEN,7810
816043,52,236,1314,2002.0,10120.0,35981.0,0.083983,-0.096237,CRI,VEN,7810
816044,54,236,1314,2002.0,32848.0,0.0,-0.896759,-1.079825,CUB,VEN,7810
816045,59,236,1314,2002.0,775183.0,0.0,1.5835139999999999,0.9563010000000001,CZE,VEN,7810
816046,61,236,1314,2002.0,29302740.0,65182.0,2.367856,-2.195331,DEU,VEN,7810
816047,64,236,1314,2002.0,11852.0,0.0,1.344708,1.321135,DNK,VEN,7810
816048,65,236,1314,2002.0,61790.0,157676.0,-0.43339300000000003,-0.378827,DOM,VEN,7810
816049,67,236,1314,2002.0,5939292.0,17780020.0,-0.973858,-0.8924979999999999,ECU,VEN,7810
816050,71,236,1314,2002.0,31852718.0,87539.0,1.054108,1.9357349999999998,ESP,VEN,7810
816051,74,236,1314,2002.0,0.0,16054.0,1.9545119999999998,1.047515,FIN,VEN,7810
816052,77,236,1314,2002.0,4701375.0,21463.0,1.648526,0.6870430000000001,FRA,VEN,7810
816053,81,236,1314,2002.0,149743.0,11130.0,2.067395,0.7934359999999999,GBR,VEN,7810
816054,90,236,1314,2002.0,13850.0,2902.0,0.20355399999999998,1.4130200000000002,GRC,VEN,7810
816055,93,236,1314,2002.0,105111.0,0.0,-0.49913,-0.038079,GTM,VEN,7810
816056,97,236,1314,2002.0,20144.0,0.0,0.704932,1.291658,HKG,VEN,7810
816057,99,236,1314,2002.0,13476.0,17983.0,-0.637891,-0.564421,HND,VEN,7810
816058,102,236,1314,2002.0,59617.0,0.0,1.232359,1.064425,HUN,VEN,7810
816059,104,236,1314,2002.0,16071.0,1372.0,0.32974000000000003,2.376477,IND,VEN,7810
816060,110,236,1314,2002.0,9806.0,0.0,1.257709,0.8318989999999999,ISR,VEN,7810
816061,111,236,1314,2002.0,6043720.0,54093.0,1.3944219999999998,1.125362,ITA,VEN,7810
816062,114,236,1314,2002.0,169956544.0,0.0,2.7747580000000003,0.43663199999999996,JPN,VEN,7810
816063,121,236,1314,2002.0,59510456.0,435604.0,1.4172719999999999,0.8763139999999999,KOR,VEN,7810
816064,124,236,1314,2002.0,22406.0,0.0,0.220906,1.470297,LBN,VEN,7810
816065,138,236,1314,2002.0,6163714.0,4032.0,1.2677129999999999,0.599314,MEX,VEN,7810
816066,153,236,1314,2002.0,0.0,21406.0,0.9987159999999999,0.26558200000000004,MYS,VEN,7810
816067,159,236,1314,2002.0,0.0,2732.0,-1.705991,-1.292926,NGA,VEN,7810
816068,160,236,1314,2002.0,28399.0,0.0,-0.634946,-0.37966,NIC,VEN,7810
816069,162,236,1314,2002.0,359619.0,7553.0,1.175777,1.667472,NLD,VEN,7810
816070,167,236,1314,2002.0,14898.0,0.0,-1.307058,-1.270916,OMN,VEN,7810
816071,169,236,1314,2002.0,396527.0,11756.0,0.085746,0.21839,PAN,VEN,7810
816072,173,236,1314,2002.0,106173.0,10637.0,-0.456603,0.030838,PER,VEN,7810
816073,174,236,1314,2002.0,0.0,14969.0,0.29601,-0.232513,PHL,VEN,7810
816074,179,236,1314,2002.0,92879.0,48441.0,0.584956,1.377068,PRT,VEN,7810
816075,185,236,1314,2002.0,10946857.0,0.0,0.549227,1.071998,ROU,VEN,7810
816076,186,236,1314,2002.0,23444.0,0.0,0.6051449999999999,0.272307,RUS,VEN,7810
816077,192,236,1314,2002.0,186249.0,0.0,1.7077209999999998,0.683549,SGP,VEN,7810
816078,197,236,1314,2002.0,52205.0,0.0,-0.258579,-0.096214,SLV,VEN,7810
816079,208,236,1314,2002.0,31541.0,0.0,2.134,0.769413,SWE,VEN,7810
816080,222,236,1314,2002.0,63510.0,0.0,-0.056315,-0.803537,TTO,VEN,7810
816081,224,236,1314,2002.0,8519.0,5053.0,0.12982,1.8032650000000001,TUR,VEN,7810
816082,230,236,1314,2002.0,13304.0,0.0,0.048498,0.118565,URY,VEN,7810
816083,231,236,1314,2002.0,73741672.0,167899.0,1.853174,0.120986,USA,VEN,7810
816084,246,236,1314,2002.0,12685.0,0.0,0.32760500000000004,2.497746,ZAF,VEN,7810
816085,249,236,1314,2002.0,89377.0,0.0,1.9084720000000002,1.253714,TWN,VEN,7810
816086,250,236,1314,2002.0,823012.0,0.0,0.5979300000000001,-0.497816,ANS,VEN,7810
816087,7,239,1314,2002.0,116388.0,0.0,-0.288838,-0.640049,ARE,VNM,7810
816088,8,239,1314,2002.0,16615.0,0.0,0.045376,0.71768,ARG,VNM,7810
816089,14,239,1314,2002.0,3185482.0,0.0,-0.052462,0.759617,AUS,VNM,7810
816090,15,239,1314,2002.0,8193.0,0.0,1.866997,0.400527,AUT,VNM,7810
816091,18,239,1314,2002.0,123465.0,0.0,1.424339,1.372755,BEL,VNM,7810
816092,39,239,1314,2002.0,193030.0,0.0,0.9672360000000001,1.389981,CAN,VNM,7810
816093,43,239,1314,2002.0,187931.0,979846.0,0.6181220000000001,1.9636759999999998,CHN,VNM,7810
816094,45,239,1314,2002.0,1731.0,0.0,-1.188713,-1.109944,CMR,VNM,7810
816095,61,239,1314,2002.0,9516302.0,2278.0,2.367856,-2.195331,DEU,VNM,7810
816096,64,239,1314,2002.0,462541.0,0.0,1.344708,1.321135,DNK,VNM,7810
816097,71,239,1314,2002.0,256015.0,0.0,1.054108,1.9357349999999998,ESP,VNM,7810
816098,74,239,1314,2002.0,46812.0,0.0,1.9545119999999998,1.047515,FIN,VNM,7810
816099,77,239,1314,2002.0,240123.0,0.0,1.648526,0.6870430000000001,FRA,VNM,7810
816100,81,239,1314,2002.0,20237.0,0.0,2.067395,0.7934359999999999,GBR,VNM,7810
816101,93,239,1314,2002.0,7793.0,4634.0,-0.49913,-0.038079,GTM,VNM,7810
816102,97,239,1314,2002.0,2027662.0,401782.0,0.704932,1.291658,HKG,VNM,7810
816103,103,239,1314,2002.0,3363195.0,11885.0,0.098182,1.7305840000000001,IDN,VNM,7810
816104,104,239,1314,2002.0,85621.0,0.0,0.32974000000000003,2.376477,IND,VNM,7810
816105,107,239,1314,2002.0,30897.0,0.0,-0.665259,-0.840274,IRN,VNM,7810
816106,111,239,1314,2002.0,1193308.0,19318.0,1.3944219999999998,1.125362,ITA,VNM,7810
816107,114,239,1314,2002.0,74771528.0,2767.0,2.7747580000000003,0.43663199999999996,JPN,VNM,7810
816108,121,239,1314,2002.0,31117980.0,118758.0,1.4172719999999999,0.8763139999999999,KOR,VNM,7810
816109,123,239,1314,2002.0,30205.0,0.0,-0.990957,-1.111048,LAO,VNM,7810
816110,153,239,1314,2002.0,711434.0,0.0,0.9987159999999999,0.26558200000000004,MYS,VNM,7810
816111,159,239,1314,2002.0,0.0,6123.0,-1.705991,-1.292926,NGA,VNM,7810
816112,174,239,1314,2002.0,1361488.0,7969.0,0.29601,-0.232513,PHL,VNM,7810
816113,177,239,1314,2002.0,12998.0,0.0,0.9449299999999999,1.655764,POL,VNM,7810
816114,178,239,1314,2002.0,0.0,282642.0,0.629678,1.0153780000000001,PRK,VNM,7810
816115,186,239,1314,2002.0,664614.0,0.0,0.6051449999999999,0.272307,RUS,VNM,7810
816116,188,239,1314,2002.0,17212.0,0.0,0.048764,-0.903125,SAU,VNM,7810
816117,192,239,1314,2002.0,549465.0,13406.0,1.7077209999999998,0.683549,SGP,VNM,7810
816118,208,239,1314,2002.0,14691.0,0.0,2.134,0.769413,SWE,VNM,7810
816119,216,239,1314,2002.0,524036.0,0.0,0.513887,1.545967,THA,VNM,7810
816120,224,239,1314,2002.0,508580.0,0.0,0.12982,1.8032650000000001,TUR,VNM,7810
816121,231,239,1314,2002.0,909427.0,1139.0,1.853174,0.120986,USA,VNM,7810
816122,248,239,1314,2002.0,3626.0,0.0,-0.36033000000000004,0.452182,ZWE,VNM,7810
816123,249,239,1314,2002.0,19696026.0,72225.0,1.9084720000000002,1.253714,TWN,VNM,7810
816124,2,246,1314,2002.0,0.0,7753892.0,-1.8043639999999999,-1.250642,AGO,ZAF,7810
816125,6,246,1314,2002.0,0.0,8925672.0,0.145946,-0.704052,ANT,ZAF,7810
816126,7,246,1314,2002.0,5307.0,203622.0,-0.288838,-0.640049,ARE,ZAF,7810
816127,8,246,1314,2002.0,26336.0,29285.0,0.045376,0.71768,ARG,ZAF,7810
816128,14,246,1314,2002.0,4557554.0,155759664.0,-0.052462,0.759617,AUS,ZAF,7810
816129,15,246,1314,2002.0,45763496.0,7189252.0,1.866997,0.400527,AUT,ZAF,7810
816130,18,246,1314,2002.0,20406034.0,326084.0,1.424339,1.372755,BEL,ZAF,7810
816131,19,246,1314,2002.0,0.0,34337.0,-0.7683840000000001,-0.7984319999999999,BEN,ZAF,7810
816132,21,246,1314,2002.0,0.0,40820.0,-0.5542590000000001,-0.5946060000000001,BFA,ZAF,7810
816133,22,246,1314,2002.0,0.0,11566.0,-0.9509,-1.113308,BGD,ZAF,7810
816134,23,246,1314,2002.0,1698.0,0.0,0.468058,1.644037,BGR,ZAF,7810
816135,24,246,1314,2002.0,3459.0,0.0,-0.31754099999999996,-1.099381,BHR,ZAF,7810
816136,25,246,1314,2002.0,0.0,4776.0,0.035127,-0.536416,BHS,ZAF,7810
816137,32,246,1314,2002.0,25615372.0,23811.0,0.631343,1.249344,BRA,ZAF,7810
816138,37,246,1314,2002.0,361568.0,152304032.0,-0.164526,-1.04616,BWA,ZAF,7810
816139,38,246,1314,2002.0,0.0,3226.0,-0.698235,-0.905799,CAF,ZAF,7810
816140,39,246,1314,2002.0,1276864.0,74248.0,0.9672360000000001,1.389981,CAN,ZAF,7810
816141,41,246,1314,2002.0,55375.0,64011.0,2.205507,0.831836,CHE,ZAF,7810
816142,43,246,1314,2002.0,340999.0,0.0,0.6181220000000001,1.9636759999999998,CHN,ZAF,7810
816143,44,246,1314,2002.0,4208.0,207176.0,-0.803739,-0.752218,CIV,ZAF,7810
816144,45,246,1314,2002.0,0.0,463123.0,-1.188713,-1.109944,CMR,ZAF,7810
816145,46,246,1314,2002.0,4443.0,564066.0,-1.218664,-1.1406120000000002,COD,ZAF,7810
816146,47,246,1314,2002.0,0.0,48243.0,-1.468836,-1.250484,COG,ZAF,7810
816147,50,246,1314,2002.0,0.0,25640.0,-0.634921,-0.9792120000000001,COM,ZAF,7810
816148,52,246,1314,2002.0,5450.0,38138.0,0.083983,-0.096237,CRI,ZAF,7810
816149,54,246,1314,2002.0,5386.0,0.0,-0.896759,-1.079825,CUB,ZAF,7810
816150,58,246,1314,2002.0,329415.0,407013.0,0.332088,0.50441,CYP,ZAF,7810
816151,59,246,1314,2002.0,52245.0,33917.0,1.5835139999999999,0.9563010000000001,CZE,ZAF,7810
816152,61,246,1314,2002.0,404791520.0,272376736.0,2.367856,-2.195331,DEU,ZAF,7810
816153,64,246,1314,2002.0,91239.0,178365.0,1.344708,1.321135,DNK,ZAF,7810
816154,66,246,1314,2002.0,4845.0,0.0,-0.9281389999999999,-1.19549,DZA,ZAF,7810
816155,71,246,1314,2002.0,29264754.0,27478.0,1.054108,1.9357349999999998,ESP,ZAF,7810
816156,73,246,1314,2002.0,8791.0,419286.0,-1.289118,-1.0291540000000001,ETH,ZAF,7810
816157,74,246,1314,2002.0,1331240.0,12925.0,1.9545119999999998,1.047515,FIN,ZAF,7810
816158,77,246,1314,2002.0,82756072.0,95780.0,1.648526,0.6870430000000001,FRA,ZAF,7810
816159,80,246,1314,2002.0,0.0,420472.0,-1.34341,-1.238593,GAB,ZAF,7810
816160,81,246,1314,2002.0,79996952.0,542264000.0,2.067395,0.7934359999999999,GBR,ZAF,7810
816161,82,246,1314,2002.0,0.0,7578.0,0.23526999999999998,-0.156333,GEO,ZAF,7810
816162,83,246,1314,2002.0,0.0,719454.0,-1.258567,-1.048266,GHA,ZAF,7810
816163,84,246,1314,2002.0,0.0,165424.0,0.404483,-0.313042,GIB,ZAF,7810
816164,85,246,1314,2002.0,0.0,643195.0,-1.684157,-1.256743,GIN,ZAF,7810
816165,87,246,1314,2002.0,0.0,8728.0,0.266536,0.20776,GMB,ZAF,7810
816166,90,246,1314,2002.0,0.0,16358.0,0.20355399999999998,1.4130200000000002,GRC,ZAF,7810
816167,96,246,1314,2002.0,0.0,8134.0,-1.050604,-0.9015549999999999,GUY,ZAF,7810
816168,97,246,1314,2002.0,77275.0,21660318.0,0.704932,1.291658,HKG,ZAF,7810
816169,102,246,1314,2002.0,4988582.0,0.0,1.232359,1.064425,HUN,ZAF,7810
816170,103,246,1314,2002.0,270013.0,254300.0,0.098182,1.7305840000000001,IDN,ZAF,7810
816171,104,246,1314,2002.0,59451.0,155664.0,0.32974000000000003,2.376477,IND,ZAF,7810
816172,106,246,1314,2002.0,65607.0,355480.0,1.7939310000000002,0.219254,IRL,ZAF,7810
816173,107,246,1314,2002.0,95146.0,54429.0,-0.665259,-0.840274,IRN,ZAF,7810
816174,109,246,1314,2002.0,24722.0,0.0,0.17011700000000002,-0.33925500000000003,ISL,ZAF,7810
816175,111,246,1314,2002.0,21399770.0,57744.0,1.3944219999999998,1.125362,ITA,ZAF,7810
816176,112,246,1314,2002.0,0.0,391284.0,-0.459541,-0.947443,JAM,ZAF,7810
816177,113,246,1314,2002.0,9879.0,0.0,0.34023000000000003,0.264754,JOR,ZAF,7810
816178,114,246,1314,2002.0,146767616.0,276534848.0,2.7747580000000003,0.43663199999999996,JPN,ZAF,7810
816179,116,246,1314,2002.0,80074.0,4466158.0,-0.59055,0.000731,KEN,ZAF,7810
816180,121,246,1314,2002.0,10282866.0,31031.0,1.4172719999999999,0.8763139999999999,KOR,ZAF,7810
816181,124,246,1314,2002.0,0.0,1522.0,0.220906,1.470297,LBN,ZAF,7810
816182,127,246,1314,2002.0,0.0,17893.0,0.261861,-0.36480999999999997,LCA,ZAF,7810
816183,128,246,1314,2002.0,0.0,461083.0,-0.461765,-0.057614,LKA,ZAF,7810
816184,129,246,1314,2002.0,0.0,6620811.0,-1.313698,-1.153109,LSO,ZAF,7810
816185,131,246,1314,2002.0,0.0,431962.0,1.396249,1.153017,LUX,ZAF,7810
816186,133,246,1314,2002.0,0.0,1780237.0,0.005082,-0.328658,MAC,ZAF,7810
816187,134,246,1314,2002.0,0.0,30629.0,-0.690226,-0.42557,MAR,ZAF,7810
816188,136,246,1314,2002.0,8626.0,55277.0,-1.109564,-0.642039,MDG,ZAF,7810
816189,138,246,1314,2002.0,509218.0,11741.0,1.2677129999999999,0.599314,MEX,ZAF,7810
816190,141,246,1314,2002.0,33990.0,275129.0,-0.786698,-0.682438,MLI,ZAF,7810
816191,142,246,1314,2002.0,0.0,812032.0,0.901235,-0.140261,MLT,ZAF,7810
816192,147,246,1314,2002.0,37878.0,10407178.0,-1.337891,-1.187073,MOZ,ZAF,7810
816193,151,246,1314,2002.0,31853.0,1979474.0,-0.382062,-0.379224,MUS,ZAF,7810
816194,152,246,1314,2002.0,77002.0,6193429.0,-1.431612,-1.234903,MWI,ZAF,7810
816195,153,246,1314,2002.0,14610.0,6693466.0,0.9987159999999999,0.26558200000000004,MYS,ZAF,7810
816196,155,246,1314,2002.0,317900.0,78956520.0,-0.137725,-0.361452,NAM,ZAF,7810
816197,157,246,1314,2002.0,0.0,115772.0,-0.562837,-0.333649,NER,ZAF,7810
816198,159,246,1314,2002.0,0.0,1569459.0,-1.705991,-1.292926,NGA,ZAF,7810
816199,160,246,1314,2002.0,647010.0,0.0,-0.634946,-0.37966,NIC,ZAF,7810
816200,162,246,1314,2002.0,8538968.0,397448.0,1.175777,1.667472,NLD,ZAF,7810
816201,163,246,1314,2002.0,0.0,131936.0,0.689588,-0.007016,NOR,ZAF,7810
816202,166,246,1314,2002.0,18638.0,10709423.0,0.370673,0.7853829999999999,NZL,ZAF,7810
816203,167,246,1314,2002.0,79312.0,5365.0,-1.307058,-1.270916,OMN,ZAF,7810
816204,168,246,1314,2002.0,3833.0,31290.0,-0.7574069999999999,-0.403427,PAK,ZAF,7810
816205,174,246,1314,2002.0,8145.0,0.0,0.29601,-0.232513,PHL,ZAF,7810
816206,177,246,1314,2002.0,1523958.0,0.0,0.9449299999999999,1.655764,POL,ZAF,7810
816207,178,246,1314,2002.0,11725.0,0.0,0.629678,1.0153780000000001,PRK,ZAF,7810
816208,179,246,1314,2002.0,480331.0,155349.0,0.584956,1.377068,PRT,ZAF,7810
816209,183,246,1314,2002.0,15659.0,14523.0,-0.002177,-1.042517,QAT,ZAF,7810
816210,185,246,1314,2002.0,0.0,4283.0,0.549227,1.071998,ROU,ZAF,7810
816211,186,246,1314,2002.0,0.0,90818.0,0.6051449999999999,0.272307,RUS,ZAF,7810
816212,187,246,1314,2002.0,0.0,40847.0,-0.6278859999999999,-0.832391,RWA,ZAF,7810
816213,188,246,1314,2002.0,138052.0,1892659.0,0.048764,-0.903125,SAU,ZAF,7810
816214,190,246,1314,2002.0,0.0,78843.0,-1.336665,-1.19919,SDN,ZAF,7810
816215,191,246,1314,2002.0,3386.0,37174.0,-0.5424939999999999,-0.554531,SEN,ZAF,7810
816216,192,246,1314,2002.0,520561.0,19780174.0,1.7077209999999998,0.683549,SGP,ZAF,7810
816217,194,246,1314,2002.0,0.0,243705.0,1.542309,-0.038145,SHN,ZAF,7810
816218,196,246,1314,2002.0,0.0,11058.0,0.29478899999999997,0.055865,SLE,ZAF,7810
816219,203,246,1314,2002.0,0.0,4265.0,0.767305,-0.0836,STP,ZAF,7810
816220,206,246,1314,2002.0,33124.0,0.0,1.269549,1.184774,SVK,ZAF,7810
816221,208,246,1314,2002.0,21864226.0,28525.0,2.134,0.769413,SWE,ZAF,7810
816222,209,246,1314,2002.0,165430.0,29544152.0,0.409355,-0.047221,SWZ,ZAF,7810
816223,211,246,1314,2002.0,0.0,261300.0,-0.8837229999999999,-0.975607,SYC,ZAF,7810
816224,214,246,1314,2002.0,0.0,10535.0,-0.092619,-0.776712,TCD,ZAF,7810
816225,215,246,1314,2002.0,0.0,13961.0,-0.688284,-0.5292789999999999,TGO,ZAF,7810
816226,216,246,1314,2002.0,5388215.0,559716.0,0.513887,1.545967,THA,ZAF,7810
816227,221,246,1314,2002.0,0.0,18938.0,-0.772079,-1.0016479999999999,TON,ZAF,7810
816228,222,246,1314,2002.0,0.0,422971.0,-0.056315,-0.803537,TTO,ZAF,7810
816229,223,246,1314,2002.0,4669.0,0.0,0.059876,0.369032,TUN,ZAF,7810
816230,224,246,1314,2002.0,0.0,4150.0,0.12982,1.8032650000000001,TUR,ZAF,7810
816231,226,246,1314,2002.0,0.0,1038123.0,-1.234127,-0.421158,TZA,ZAF,7810
816232,227,246,1314,2002.0,6159.0,924812.0,-1.262952,-0.903123,UGA,ZAF,7810
816233,228,246,1314,2002.0,0.0,3028.0,0.575372,1.131722,UKR,ZAF,7810
816234,230,246,1314,2002.0,2464.0,0.0,0.048498,0.118565,URY,ZAF,7810
816235,231,246,1314,2002.0,133467208.0,209023312.0,1.853174,0.120986,USA,ZAF,7810
816236,236,246,1314,2002.0,0.0,12685.0,-0.008877,-0.753486,VEN,ZAF,7810
816237,243,246,1314,2002.0,27793.0,0.0,-1.447637,-1.289748,YEM,ZAF,7810
816238,247,246,1314,2002.0,47619.0,9535689.0,-0.840258,-0.639474,ZMB,ZAF,7810
816239,248,246,1314,2002.0,883676.0,40103660.0,-0.36033000000000004,0.452182,ZWE,ZAF,7810
816240,249,246,1314,2002.0,2250812.0,21715380.0,1.9084720000000002,1.253714,TWN,ZAF,7810
816241,250,246,1314,2002.0,24832.0,411130.0,0.5979300000000001,-0.497816,ANS,ZAF,7810
816242,6,249,1314,2002.0,0.0,23474.0,0.145946,-0.704052,ANT,TWN,7810
816243,7,249,1314,2002.0,0.0,1364276.0,-0.288838,-0.640049,ARE,TWN,7810
816244,8,249,1314,2002.0,5557.0,55174.0,0.045376,0.71768,ARG,TWN,7810
816245,14,249,1314,2002.0,305474.0,1559339.0,-0.052462,0.759617,AUS,TWN,7810
816246,15,249,1314,2002.0,1859595.0,1604248.0,1.866997,0.400527,AUT,TWN,7810
816247,18,249,1314,2002.0,13375421.0,5704954.0,1.424339,1.372755,BEL,TWN,7810
816248,24,249,1314,2002.0,0.0,8767.0,-0.31754099999999996,-1.099381,BHR,TWN,7810
816249,29,249,1314,2002.0,0.0,1378.0,-0.553335,-0.753058,BLZ,TWN,7810
816250,32,249,1314,2002.0,0.0,107297.0,0.631343,1.249344,BRA,TWN,7810
816251,34,249,1314,2002.0,0.0,4469.0,-1.359507,-1.084339,BRN,TWN,7810
816252,39,249,1314,2002.0,4238163.0,7144762.0,0.9672360000000001,1.389981,CAN,TWN,7810
816253,41,249,1314,2002.0,106166.0,456701.0,2.205507,0.831836,CHE,TWN,7810
816254,42,249,1314,2002.0,0.0,129168.0,-0.079201,-0.11449200000000001,CHL,TWN,7810
816255,43,249,1314,2002.0,288938.0,12725359.0,0.6181220000000001,1.9636759999999998,CHN,TWN,7810
816256,49,249,1314,2002.0,0.0,106497.0,0.219861,0.45238999999999996,COL,TWN,7810
816257,52,249,1314,2002.0,0.0,268851.0,0.083983,-0.096237,CRI,TWN,7810
816258,58,249,1314,2002.0,0.0,6370.0,0.332088,0.50441,CYP,TWN,7810
816259,59,249,1314,2002.0,21139.0,12189.0,1.5835139999999999,0.9563010000000001,CZE,TWN,7810
816260,61,249,1314,2002.0,359706656.0,2534790.0,2.367856,-2.195331,DEU,TWN,7810
816261,64,249,1314,2002.0,0.0,1073860.0,1.344708,1.321135,DNK,TWN,7810
816262,65,249,1314,2002.0,0.0,364643.0,-0.43339300000000003,-0.378827,DOM,TWN,7810
816263,66,249,1314,2002.0,0.0,35394.0,-0.9281389999999999,-1.19549,DZA,TWN,7810
816264,67,249,1314,2002.0,0.0,58058.0,-0.973858,-0.8924979999999999,ECU,TWN,7810
816265,68,249,1314,2002.0,0.0,19318.0,-0.37218,0.634319,EGY,TWN,7810
816266,71,249,1314,2002.0,12964982.0,3985961.0,1.054108,1.9357349999999998,ESP,TWN,7810
816267,74,249,1314,2002.0,54002.0,1131783.0,1.9545119999999998,1.047515,FIN,TWN,7810
816268,77,249,1314,2002.0,29052846.0,5004376.0,1.648526,0.6870430000000001,FRA,TWN,7810
816269,81,249,1314,2002.0,17591170.0,12103694.0,2.067395,0.7934359999999999,GBR,TWN,7810
816270,87,249,1314,2002.0,0.0,1804.0,0.266536,0.20776,GMB,TWN,7810
816271,90,249,1314,2002.0,0.0,340539.0,0.20355399999999998,1.4130200000000002,GRC,TWN,7810
816272,93,249,1314,2002.0,0.0,113829.0,-0.49913,-0.038079,GTM,TWN,7810
816273,97,249,1314,2002.0,8471494.0,9376032.0,0.704932,1.291658,HKG,TWN,7810
816274,99,249,1314,2002.0,0.0,11573.0,-0.637891,-0.564421,HND,TWN,7810
816275,103,249,1314,2002.0,0.0,316989.0,0.098182,1.7305840000000001,IDN,TWN,7810
816276,104,249,1314,2002.0,0.0,6853.0,0.32974000000000003,2.376477,IND,TWN,7810
816277,106,249,1314,2002.0,0.0,2023234.0,1.7939310000000002,0.219254,IRL,TWN,7810
816278,107,249,1314,2002.0,0.0,7723.0,-0.665259,-0.840274,IRN,TWN,7810
816279,110,249,1314,2002.0,0.0,109953.0,1.257709,0.8318989999999999,ISR,TWN,7810
816280,111,249,1314,2002.0,2228556.0,1680768.0,1.3944219999999998,1.125362,ITA,TWN,7810
816281,112,249,1314,2002.0,0.0,62254.0,-0.459541,-0.947443,JAM,TWN,7810
816282,114,249,1314,2002.0,207955152.0,2827806.0,2.7747580000000003,0.43663199999999996,JPN,TWN,7810
816283,115,249,1314,2002.0,0.0,3917.0,-0.100361,-0.502468,KAZ,TWN,7810
816284,118,249,1314,2002.0,0.0,1093916.0,-0.8577629999999999,-1.071536,KHM,TWN,7810
816285,121,249,1314,2002.0,45351684.0,712399.0,1.4172719999999999,0.8763139999999999,KOR,TWN,7810
816286,122,249,1314,2002.0,0.0,2438312.0,-0.794007,-1.192659,KWT,TWN,7810
816287,124,249,1314,2002.0,0.0,204817.0,0.220906,1.470297,LBN,TWN,7810
816288,128,249,1314,2002.0,0.0,22689.0,-0.461765,-0.057614,LKA,TWN,7810
816289,130,249,1314,2002.0,0.0,5114.0,0.15796,0.855931,LTU,TWN,7810
816290,131,249,1314,2002.0,0.0,7018.0,1.396249,1.153017,LUX,TWN,7810
816291,132,249,1314,2002.0,0.0,1960.0,0.41409799999999997,0.6281680000000001,LVA,TWN,7810
816292,133,249,1314,2002.0,0.0,12786.0,0.005082,-0.328658,MAC,TWN,7810
816293,134,249,1314,2002.0,0.0,36367.0,-0.690226,-0.42557,MAR,TWN,7810
816294,136,249,1314,2002.0,0.0,1212.0,-1.109564,-0.642039,MDG,TWN,7810
816295,138,249,1314,2002.0,3779872.0,1633614.0,1.2677129999999999,0.599314,MEX,TWN,7810
816296,139,249,1314,2002.0,0.0,247178.0,0.769126,-0.845166,MHL,TWN,7810
816297,151,249,1314,2002.0,0.0,17450.0,-0.382062,-0.379224,MUS,TWN,7810
816298,153,249,1314,2002.0,324818.0,14303.0,0.9987159999999999,0.26558200000000004,MYS,TWN,7810
816299,156,249,1314,2002.0,0.0,5200.0,-0.7477739999999999,-1.006248,NCL,TWN,7810
816300,159,249,1314,2002.0,0.0,109492.0,-1.705991,-1.292926,NGA,TWN,7810
816301,160,249,1314,2002.0,0.0,37470.0,-0.634946,-0.37966,NIC,TWN,7810
816302,162,249,1314,2002.0,4696470.0,7451615.0,1.175777,1.667472,NLD,TWN,7810
816303,163,249,1314,2002.0,0.0,828915.0,0.689588,-0.007016,NOR,TWN,7810
816304,166,249,1314,2002.0,0.0,690862.0,0.370673,0.7853829999999999,NZL,TWN,7810
816305,167,249,1314,2002.0,56159.0,43706.0,-1.307058,-1.270916,OMN,TWN,7810
816306,169,249,1314,2002.0,0.0,107705.0,0.085746,0.21839,PAN,TWN,7810
816307,173,249,1314,2002.0,0.0,96926.0,-0.456603,0.030838,PER,TWN,7810
816308,174,249,1314,2002.0,15646.0,15852664.0,0.29601,-0.232513,PHL,TWN,7810
816309,177,249,1314,2002.0,0.0,25997.0,0.9449299999999999,1.655764,POL,TWN,7810
816310,178,249,1314,2002.0,0.0,15927.0,0.629678,1.0153780000000001,PRK,TWN,7810
816311,179,249,1314,2002.0,2640134.0,883962.0,0.584956,1.377068,PRT,TWN,7810
816312,180,249,1314,2002.0,0.0,2384.0,-0.733796,-0.9001530000000001,PRY,TWN,7810
816313,182,249,1314,2002.0,0.0,23787.0,-0.363179,-0.8967450000000001,PYF,TWN,7810
816314,183,249,1314,2002.0,0.0,912431.0,-0.002177,-1.042517,QAT,TWN,7810
816315,186,249,1314,2002.0,0.0,57116.0,0.6051449999999999,0.272307,RUS,TWN,7810
816316,188,249,1314,2002.0,370563.0,3560120.0,0.048764,-0.903125,SAU,TWN,7810
816317,190,249,1314,2002.0,0.0,5056.0,-1.336665,-1.19919,SDN,TWN,7810
816318,192,249,1314,2002.0,54905.0,12578.0,1.7077209999999998,0.683549,SGP,TWN,7810
816319,197,249,1314,2002.0,0.0,43999.0,-0.258579,-0.096214,SLV,TWN,7810
816320,205,249,1314,2002.0,0.0,2394.0,-1.002898,-0.905595,SUR,TWN,7810
816321,206,249,1314,2002.0,0.0,1282.0,1.269549,1.184774,SVK,TWN,7810
816322,207,249,1314,2002.0,0.0,1413.0,1.469681,1.13303,SVN,TWN,7810
816323,208,249,1314,2002.0,19503236.0,699519.0,2.134,0.769413,SWE,TWN,7810
816324,215,249,1314,2002.0,0.0,1258.0,-0.688284,-0.5292789999999999,TGO,TWN,7810
816325,216,249,1314,2002.0,2445460.0,569707.0,0.513887,1.545967,THA,TWN,7810
816326,223,249,1314,2002.0,0.0,14158.0,0.059876,0.369032,TUN,TWN,7810
816327,224,249,1314,2002.0,0.0,57433.0,0.12982,1.8032650000000001,TUR,TWN,7810
816328,231,249,1314,2002.0,35901484.0,83929624.0,1.853174,0.120986,USA,TWN,7810
816329,234,249,1314,2002.0,0.0,71069.0,-0.268813,-0.67072,VCT,TWN,7810
816330,236,249,1314,2002.0,0.0,89377.0,-0.008877,-0.753486,VEN,TWN,7810
816331,239,249,1314,2002.0,72225.0,19696026.0,-0.44170699999999996,0.544708,VNM,TWN,7810
816332,243,249,1314,2002.0,0.0,22619.0,-1.447637,-1.289748,YEM,TWN,7810
816333,246,249,1314,2002.0,21715380.0,2250812.0,0.32760500000000004,2.497746,ZAF,TWN,7810
816334,9,7,1314,2002.0,0.0,484574.0,0.66447,-0.08317000000000001,ARM,ARE,7810
816335,14,7,1314,2002.0,111902088.0,10777.0,-0.052462,0.759617,AUS,ARE,7810
816336,15,7,1314,2002.0,11508942.0,0.0,1.866997,0.400527,AUT,ARE,7810
816337,16,7,1314,2002.0,11119.0,0.0,-0.566735,-1.003158,AZE,ARE,7810
816338,17,7,1314,2002.0,0.0,35051.0,-0.399212,-0.67657,BDI,ARE,7810
816339,18,7,1314,2002.0,10594373.0,44621.0,1.424339,1.372755,BEL,ARE,7810
816340,22,7,1314,2002.0,0.0,418246.0,-0.9509,-1.113308,BGD,ARE,7810
816341,24,7,1314,2002.0,1019514.0,2660.0,-0.31754099999999996,-1.099381,BHR,ARE,7810
816342,34,7,1314,2002.0,0.0,25134.0,-1.359507,-1.084339,BRN,ARE,7810
816343,37,7,1314,2002.0,0.0,9705.0,-0.164526,-1.04616,BWA,ARE,7810
816344,39,7,1314,2002.0,8744509.0,0.0,0.9672360000000001,1.389981,CAN,ARE,7810
816345,41,7,1314,2002.0,2859052.0,50645.0,2.205507,0.831836,CHE,ARE,7810
816346,43,7,1314,2002.0,579509.0,0.0,0.6181220000000001,1.9636759999999998,CHN,ARE,7810
816347,44,7,1314,2002.0,33757.0,0.0,-0.803739,-0.752218,CIV,ARE,7810
816348,45,7,1314,2002.0,0.0,6187.0,-1.188713,-1.109944,CMR,ARE,7810
816349,50,7,1314,2002.0,0.0,97834.0,-0.634921,-0.9792120000000001,COM,ARE,7810
816350,58,7,1314,2002.0,2564.0,0.0,0.332088,0.50441,CYP,ARE,7810
816351,59,7,1314,2002.0,2666584.0,0.0,1.5835139999999999,0.9563010000000001,CZE,ARE,7810
816352,61,7,1314,2002.0,431958656.0,1307632.0,2.367856,-2.195331,DEU,ARE,7810
816353,64,7,1314,2002.0,315518.0,0.0,1.344708,1.321135,DNK,ARE,7810
816354,66,7,1314,2002.0,0.0,10227.0,-0.9281389999999999,-1.19549,DZA,ARE,7810
816355,68,7,1314,2002.0,71942.0,28039.0,-0.37218,0.634319,EGY,ARE,7810
816356,71,7,1314,2002.0,27128170.0,36679.0,1.054108,1.9357349999999998,ESP,ARE,7810
816357,72,7,1314,2002.0,0.0,6888.0,0.576142,1.168563,EST,ARE,7810
816358,73,7,1314,2002.0,0.0,5569690.0,-1.289118,-1.0291540000000001,ETH,ARE,7810
816359,74,7,1314,2002.0,477038.0,41902.0,1.9545119999999998,1.047515,FIN,ARE,7810
816360,77,7,1314,2002.0,13364524.0,1230500.0,1.648526,0.6870430000000001,FRA,ARE,7810
816361,81,7,1314,2002.0,80605456.0,537812.0,2.067395,0.7934359999999999,GBR,ARE,7810
816362,82,7,1314,2002.0,0.0,724434.0,0.23526999999999998,-0.156333,GEO,ARE,7810
816363,83,7,1314,2002.0,0.0,721905.0,-1.258567,-1.048266,GHA,ARE,7810
816364,90,7,1314,2002.0,0.0,54191.0,0.20355399999999998,1.4130200000000002,GRC,ARE,7810
816365,93,7,1314,2002.0,0.0,36088.0,-0.49913,-0.038079,GTM,ARE,7810
816366,97,7,1314,2002.0,776991.0,19527370.0,0.704932,1.291658,HKG,ARE,7810
816367,99,7,1314,2002.0,0.0,20697.0,-0.637891,-0.564421,HND,ARE,7810
816368,102,7,1314,2002.0,89833.0,0.0,1.232359,1.064425,HUN,ARE,7810
816369,103,7,1314,2002.0,5757.0,0.0,0.098182,1.7305840000000001,IDN,ARE,7810
816370,104,7,1314,2002.0,137252.0,273297.0,0.32974000000000003,2.376477,IND,ARE,7810
816371,106,7,1314,2002.0,4728.0,0.0,1.7939310000000002,0.219254,IRL,ARE,7810
816372,107,7,1314,2002.0,4574.0,1762677.0,-0.665259,-0.840274,IRN,ARE,7810
816373,111,7,1314,2002.0,8097034.0,486488.0,1.3944219999999998,1.125362,ITA,ARE,7810
816374,113,7,1314,2002.0,370943.0,0.0,0.34023000000000003,0.264754,JOR,ARE,7810
816375,114,7,1314,2002.0,812452672.0,295423.0,2.7747580000000003,0.43663199999999996,JPN,ARE,7810
816376,115,7,1314,2002.0,0.0,342117.0,-0.100361,-0.502468,KAZ,ARE,7810
816377,116,7,1314,2002.0,8207.0,494008.0,-0.59055,0.000731,KEN,ARE,7810
816378,118,7,1314,2002.0,3424.0,0.0,-0.8577629999999999,-1.071536,KHM,ARE,7810
816379,121,7,1314,2002.0,34956288.0,88660.0,1.4172719999999999,0.8763139999999999,KOR,ARE,7810
816380,124,7,1314,2002.0,191624.0,10985.0,0.220906,1.470297,LBN,ARE,7810
816381,128,7,1314,2002.0,0.0,54832.0,-0.461765,-0.057614,LKA,ARE,7810
816382,132,7,1314,2002.0,0.0,20348.0,0.41409799999999997,0.6281680000000001,LVA,ARE,7810
816383,147,7,1314,2002.0,0.0,28793.0,-1.337891,-1.187073,MOZ,ARE,7810
816384,148,7,1314,2002.0,0.0,305228.0,-1.053061,-1.221967,MRT,ARE,7810
816385,151,7,1314,2002.0,173936.0,0.0,-0.382062,-0.379224,MUS,ARE,7810
816386,152,7,1314,2002.0,0.0,99934.0,-1.431612,-1.234903,MWI,ARE,7810
816387,153,7,1314,2002.0,2529448.0,193642.0,0.9987159999999999,0.26558200000000004,MYS,ARE,7810
816388,155,7,1314,2002.0,0.0,588678.0,-0.137725,-0.361452,NAM,ARE,7810
816389,159,7,1314,2002.0,0.0,186624.0,-1.705991,-1.292926,NGA,ARE,7810
816390,162,7,1314,2002.0,4970732.0,84661.0,1.175777,1.667472,NLD,ARE,7810
816391,163,7,1314,2002.0,19644.0,6026.0,0.689588,-0.007016,NOR,ARE,7810
816392,166,7,1314,2002.0,13830.0,1828.0,0.370673,0.7853829999999999,NZL,ARE,7810
816393,167,7,1314,2002.0,91908680.0,18948410.0,-1.307058,-1.270916,OMN,ARE,7810
816394,174,7,1314,2002.0,39015.0,219356.0,0.29601,-0.232513,PHL,ARE,7810
816395,179,7,1314,2002.0,0.0,7446.0,0.584956,1.377068,PRT,ARE,7810
816396,183,7,1314,2002.0,4031568.0,8725.0,-0.002177,-1.042517,QAT,ARE,7810
816397,186,7,1314,2002.0,957100.0,0.0,0.6051449999999999,0.272307,RUS,ARE,7810
816398,187,7,1314,2002.0,0.0,93425.0,-0.6278859999999999,-0.832391,RWA,ARE,7810
816399,188,7,1314,2002.0,1293068.0,0.0,0.048764,-0.903125,SAU,ARE,7810
816400,190,7,1314,2002.0,49183.0,1089089.0,-1.336665,-1.19919,SDN,ARE,7810
816401,191,7,1314,2002.0,0.0,2375.0,-0.5424939999999999,-0.554531,SEN,ARE,7810
816402,192,7,1314,2002.0,1784218.0,705891.0,1.7077209999999998,0.683549,SGP,ARE,7810
816403,196,7,1314,2002.0,0.0,1388.0,0.29478899999999997,0.055865,SLE,ARE,7810
816404,206,7,1314,2002.0,428436.0,0.0,1.269549,1.184774,SVK,ARE,7810
816405,207,7,1314,2002.0,0.0,10414.0,1.469681,1.13303,SVN,ARE,7810
816406,208,7,1314,2002.0,5207362.0,341745.0,2.134,0.769413,SWE,ARE,7810
816407,211,7,1314,2002.0,0.0,137405.0,-0.8837229999999999,-0.975607,SYC,ARE,7810
816408,216,7,1314,2002.0,967370.0,23177.0,0.513887,1.545967,THA,ARE,7810
816409,222,7,1314,2002.0,0.0,11221.0,-0.056315,-0.803537,TTO,ARE,7810
816410,223,7,1314,2002.0,0.0,476241.0,0.059876,0.369032,TUN,ARE,7810
816411,224,7,1314,2002.0,110684.0,0.0,0.12982,1.8032650000000001,TUR,ARE,7810
816412,226,7,1314,2002.0,0.0,1680835.0,-1.234127,-0.421158,TZA,ARE,7810
816413,227,7,1314,2002.0,42028.0,1036221.0,-1.262952,-0.903123,UGA,ARE,7810
816414,231,7,1314,2002.0,149028016.0,0.0,1.853174,0.120986,USA,ARE,7810
816415,239,7,1314,2002.0,0.0,116388.0,-0.44170699999999996,0.544708,VNM,ARE,7810
816416,246,7,1314,2002.0,203622.0,5307.0,0.32760500000000004,2.497746,ZAF,ARE,7810
816417,247,7,1314,2002.0,0.0,54963.0,-0.840258,-0.639474,ZMB,ARE,7810
816418,248,7,1314,2002.0,0.0,53224.0,-0.36033000000000004,0.452182,ZWE,ARE,7810
816419,249,7,1314,2002.0,1364276.0,0.0,1.9084720000000002,1.253714,TWN,ARE,7810
816420,4,14,1314,2002.0,0.0,2191.0,-0.05800399999999999,0.042254,ALB,AUS,7810
816421,7,14,1314,2002.0,10777.0,111902088.0,-0.288838,-0.640049,ARE,AUS,7810
816422,15,14,1314,2002.0,52824204.0,10069.0,1.866997,0.400527,AUT,AUS,7810
816423,16,14,1314,2002.0,0.0,14124.0,-0.566735,-1.003158,AZE,AUS,7810
816424,18,14,1314,2002.0,186980288.0,291247.0,1.424339,1.372755,BEL,AUS,7810
816425,22,14,1314,2002.0,0.0,5023.0,-0.9509,-1.113308,BGD,AUS,7810
816426,24,14,1314,2002.0,0.0,4375602.0,-0.31754099999999996,-1.099381,BHR,AUS,7810
816427,32,14,1314,2002.0,55140.0,2047032.0,0.631343,1.249344,BRA,AUS,7810
816428,33,14,1314,2002.0,18461.0,7381.0,0.547024,-0.004036,BRB,AUS,7810
816429,34,14,1314,2002.0,10367.0,1428566.0,-1.359507,-1.084339,BRN,AUS,7810
816430,37,14,1314,2002.0,0.0,199507.0,-0.164526,-1.04616,BWA,AUS,7810
816431,39,14,1314,2002.0,705121.0,59874.0,0.9672360000000001,1.389981,CAN,AUS,7810
816432,40,14,1314,2002.0,0.0,352232.0,0.8486940000000001,-0.49132200000000004,CCK,AUS,7810
816433,41,14,1314,2002.0,107860.0,60608.0,2.205507,0.831836,CHE,AUS,7810
816434,43,14,1314,2002.0,533501.0,227399.0,0.6181220000000001,1.9636759999999998,CHN,AUS,7810
816435,44,14,1314,2002.0,0.0,52180.0,-0.803739,-0.752218,CIV,AUS,7810
816436,49,14,1314,2002.0,0.0,5104.0,0.219861,0.45238999999999996,COL,AUS,7810
816437,56,14,1314,2002.0,0.0,1316974.0,0.731695,-0.674509,CXR,AUS,7810
816438,58,14,1314,2002.0,2859.0,0.0,0.332088,0.50441,CYP,AUS,7810
816439,59,14,1314,2002.0,8640.0,0.0,1.5835139999999999,0.9563010000000001,CZE,AUS,7810
816440,61,14,1314,2002.0,541565632.0,750668.0,2.367856,-2.195331,DEU,AUS,7810
816441,64,14,1314,2002.0,299638.0,21158.0,1.344708,1.321135,DNK,AUS,7810
816442,65,14,1314,2002.0,0.0,158229.0,-0.43339300000000003,-0.378827,DOM,AUS,7810
816443,67,14,1314,2002.0,0.0,14126.0,-0.973858,-0.8924979999999999,ECU,AUS,7810
816444,68,14,1314,2002.0,0.0,86003.0,-0.37218,0.634319,EGY,AUS,7810
816445,71,14,1314,2002.0,92010224.0,22029.0,1.054108,1.9357349999999998,ESP,AUS,7810
816446,72,14,1314,2002.0,0.0,57821.0,0.576142,1.168563,EST,AUS,7810
816447,73,14,1314,2002.0,0.0,15500.0,-1.289118,-1.0291540000000001,ETH,AUS,7810
816448,74,14,1314,2002.0,17921052.0,22781.0,1.9545119999999998,1.047515,FIN,AUS,7810
816449,75,14,1314,2002.0,12152.0,1726262.0,-0.788026,-0.432015,FJI,AUS,7810
816450,77,14,1314,2002.0,120768976.0,247532.0,1.648526,0.6870430000000001,FRA,AUS,7810
816451,81,14,1314,2002.0,192841232.0,4683447.0,2.067395,0.7934359999999999,GBR,AUS,7810
816452,83,14,1314,2002.0,0.0,18059.0,-1.258567,-1.048266,GHA,AUS,7810
816453,90,14,1314,2002.0,0.0,10867.0,0.20355399999999998,1.4130200000000002,GRC,AUS,7810
816454,97,14,1314,2002.0,446808.0,261747.0,0.704932,1.291658,HKG,AUS,7810
816455,99,14,1314,2002.0,0.0,1079.0,-0.637891,-0.564421,HND,AUS,7810
816456,100,14,1314,2002.0,0.0,2405.0,0.603546,1.273001,HRV,AUS,7810
816457,103,14,1314,2002.0,27791.0,33484540.0,0.098182,1.7305840000000001,IDN,AUS,7810
816458,104,14,1314,2002.0,478049.0,50948.0,0.32974000000000003,2.376477,IND,AUS,7810
816459,106,14,1314,2002.0,104030.0,14002.0,1.7939310000000002,0.219254,IRL,AUS,7810
816460,110,14,1314,2002.0,0.0,86517.0,1.257709,0.8318989999999999,ISR,AUS,7810
816461,111,14,1314,2002.0,94880576.0,573354.0,1.3944219999999998,1.125362,ITA,AUS,7810
816462,112,14,1314,2002.0,0.0,22743.0,-0.459541,-0.947443,JAM,AUS,7810
816463,113,14,1314,2002.0,0.0,84901.0,0.34023000000000003,0.264754,JOR,AUS,7810
816464,114,14,1314,2002.0,2746695936.0,2241286.0,2.7747580000000003,0.43663199999999996,JPN,AUS,7810
816465,115,14,1314,2002.0,0.0,23791.0,-0.100361,-0.502468,KAZ,AUS,7810
816466,116,14,1314,2002.0,3123.0,78937.0,-0.59055,0.000731,KEN,AUS,7810
816467,119,14,1314,2002.0,0.0,38903.0,0.347526,-0.822594,KIR,AUS,7810
816468,121,14,1314,2002.0,287912096.0,103602.0,1.4172719999999999,0.8763139999999999,KOR,AUS,7810
816469,122,14,1314,2002.0,0.0,125152456.0,-0.794007,-1.192659,KWT,AUS,7810
816470,124,14,1314,2002.0,13918.0,604437.0,0.220906,1.470297,LBN,AUS,7810
816471,128,14,1314,2002.0,0.0,229464.0,-0.461765,-0.057614,LKA,AUS,7810
816472,131,14,1314,2002.0,0.0,17771.0,1.396249,1.153017,LUX,AUS,7810
816473,138,14,1314,2002.0,8285102.0,14469.0,1.2677129999999999,0.599314,MEX,AUS,7810
816474,142,14,1314,2002.0,1065.0,44467.0,0.901235,-0.140261,MLT,AUS,7810
816475,146,14,1314,2002.0,0.0,10135.0,0.128484,-0.6369090000000001,MNP,AUS,7810
816476,147,14,1314,2002.0,0.0,74076.0,-1.337891,-1.187073,MOZ,AUS,7810
816477,148,14,1314,2002.0,0.0,10330.0,-1.053061,-1.221967,MRT,AUS,7810
816478,151,14,1314,2002.0,6287.0,45084.0,-0.382062,-0.379224,MUS,AUS,7810
816479,152,14,1314,2002.0,0.0,259054.0,-1.431612,-1.234903,MWI,AUS,7810
816480,153,14,1314,2002.0,6157234.0,4117907.0,0.9987159999999999,0.26558200000000004,MYS,AUS,7810
816481,155,14,1314,2002.0,2540.0,41906.0,-0.137725,-0.361452,NAM,AUS,7810
816482,156,14,1314,2002.0,0.0,138308.0,-0.7477739999999999,-1.006248,NCL,AUS,7810
816483,158,14,1314,2002.0,0.0,109887.0,1.214393,-0.442896,NFK,AUS,7810
816484,159,14,1314,2002.0,0.0,15656.0,-1.705991,-1.292926,NGA,AUS,7810
816485,162,14,1314,2002.0,12249017.0,604332.0,1.175777,1.667472,NLD,AUS,7810
816486,163,14,1314,2002.0,7352.0,93054.0,0.689588,-0.007016,NOR,AUS,7810
816487,165,14,1314,2002.0,0.0,202668.0,0.9837370000000001,-0.34583400000000003,NRU,AUS,7810
816488,166,14,1314,2002.0,1988585.0,243175136.0,0.370673,0.7853829999999999,NZL,AUS,7810
816489,167,14,1314,2002.0,21137.0,25201808.0,-1.307058,-1.270916,OMN,AUS,7810
816490,168,14,1314,2002.0,0.0,5983.0,-0.7574069999999999,-0.403427,PAK,AUS,7810
816491,174,14,1314,2002.0,0.0,30708.0,0.29601,-0.232513,PHL,AUS,7810
816492,176,14,1314,2002.0,5328.0,671477.0,-1.430299,-1.172593,PNG,AUS,7810
816493,179,14,1314,2002.0,0.0,11592.0,0.584956,1.377068,PRT,AUS,7810
816494,182,14,1314,2002.0,0.0,1948.0,-0.363179,-0.8967450000000001,PYF,AUS,7810
816495,183,14,1314,2002.0,0.0,18825648.0,-0.002177,-1.042517,QAT,AUS,7810
816496,187,14,1314,2002.0,0.0,15466.0,-0.6278859999999999,-0.832391,RWA,AUS,7810
816497,188,14,1314,2002.0,50178.0,590096832.0,0.048764,-0.903125,SAU,AUS,7810
816498,190,14,1314,2002.0,0.0,280191.0,-1.336665,-1.19919,SDN,AUS,7810
816499,192,14,1314,2002.0,461411.0,2407678.0,1.7077209999999998,0.683549,SGP,AUS,7810
816500,195,14,1314,2002.0,0.0,140945.0,-0.890172,-0.948835,SLB,AUS,7810
816501,206,14,1314,2002.0,2147228.0,0.0,1.269549,1.184774,SVK,AUS,7810
816502,208,14,1314,2002.0,53205600.0,33447.0,2.134,0.769413,SWE,AUS,7810
816503,211,14,1314,2002.0,0.0,116994.0,-0.8837229999999999,-0.975607,SYC,AUS,7810
816504,212,14,1314,2002.0,0.0,311279.0,-1.07007,-0.560769,SYR,AUS,7810
816505,216,14,1314,2002.0,55915568.0,107301.0,0.513887,1.545967,THA,AUS,7810
816506,220,14,1314,2002.0,0.0,1069061.0,0.5889810000000001,-0.43221400000000004,TLS,AUS,7810
816507,221,14,1314,2002.0,0.0,30176.0,-0.772079,-1.0016479999999999,TON,AUS,7810
816508,222,14,1314,2002.0,0.0,70770.0,-0.056315,-0.803537,TTO,AUS,7810
816509,223,14,1314,2002.0,0.0,17419.0,0.059876,0.369032,TUN,AUS,7810
816510,226,14,1314,2002.0,0.0,125655.0,-1.234127,-0.421158,TZA,AUS,7810
816511,230,14,1314,2002.0,7494.0,0.0,0.048498,0.118565,URY,AUS,7810
816512,231,14,1314,2002.0,284487648.0,247431776.0,1.853174,0.120986,USA,AUS,7810
816513,239,14,1314,2002.0,0.0,3185482.0,-0.44170699999999996,0.544708,VNM,AUS,7810
816514,240,14,1314,2002.0,0.0,73792.0,-1.110093,-1.015554,VUT,AUS,7810
816515,242,14,1314,2002.0,0.0,14360.0,-0.09827000000000001,-0.540676,WSM,AUS,7810
816516,243,14,1314,2002.0,0.0,1062439.0,-1.447637,-1.289748,YEM,AUS,7810
816517,246,14,1314,2002.0,155759664.0,4557554.0,0.32760500000000004,2.497746,ZAF,AUS,7810
816518,248,14,1314,2002.0,146955.0,28167.0,-0.36033000000000004,0.452182,ZWE,AUS,7810
816519,249,14,1314,2002.0,1559339.0,305474.0,1.9084720000000002,1.253714,TWN,AUS,7810
816520,250,14,1314,2002.0,131928.0,0.0,0.5979300000000001,-0.497816,ANS,AUS,7810
816521,7,16,1314,2002.0,0.0,11119.0,-0.288838,-0.640049,ARE,AZE,7810
816522,14,16,1314,2002.0,14124.0,0.0,-0.052462,0.759617,AUS,AZE,7810
816523,15,16,1314,2002.0,64220.0,0.0,1.866997,0.400527,AUT,AZE,7810
816524,18,16,1314,2002.0,78350.0,0.0,1.424339,1.372755,BEL,AZE,7810
816525,39,16,1314,2002.0,11179.0,0.0,0.9672360000000001,1.389981,CAN,AZE,7810
816526,59,16,1314,2002.0,427497.0,0.0,1.5835139999999999,0.9563010000000001,CZE,AZE,7810
816527,61,16,1314,2002.0,20951042.0,0.0,2.367856,-2.195331,DEU,AZE,7810
816528,64,16,1314,2002.0,528602.0,0.0,1.344708,1.321135,DNK,AZE,7810
816529,71,16,1314,2002.0,38950.0,0.0,1.054108,1.9357349999999998,ESP,AZE,7810
816530,77,16,1314,2002.0,1460938.0,0.0,1.648526,0.6870430000000001,FRA,AZE,7810
816531,81,16,1314,2002.0,62075.0,5459.0,2.067395,0.7934359999999999,GBR,AZE,7810
816532,82,16,1314,2002.0,157374.0,122032.0,0.23526999999999998,-0.156333,GEO,AZE,7810
816533,90,16,1314,2002.0,36808.0,0.0,0.20355399999999998,1.4130200000000002,GRC,AZE,7810
816534,107,16,1314,2002.0,212933.0,26319.0,-0.665259,-0.840274,IRN,AZE,7810
816535,111,16,1314,2002.0,26561.0,0.0,1.3944219999999998,1.125362,ITA,AZE,7810
816536,114,16,1314,2002.0,1454826.0,24468.0,2.7747580000000003,0.43663199999999996,JPN,AZE,7810
816537,115,16,1314,2002.0,193498.0,113702.0,-0.100361,-0.502468,KAZ,AZE,7810
816538,121,16,1314,2002.0,636186.0,0.0,1.4172719999999999,0.8763139999999999,KOR,AZE,7810
816539,130,16,1314,2002.0,25562.0,0.0,0.15796,0.855931,LTU,AZE,7810
816540,140,16,1314,2002.0,40458.0,0.0,-0.027727999999999996,0.41846400000000006,MKD,AZE,7810
816541,162,16,1314,2002.0,3348.0,0.0,1.175777,1.667472,NLD,AZE,7810
816542,167,16,1314,2002.0,755552.0,0.0,-1.307058,-1.270916,OMN,AZE,7810
816543,185,16,1314,2002.0,28077.0,0.0,0.549227,1.071998,ROU,AZE,7810
816544,186,16,1314,2002.0,22528862.0,86006.0,0.6051449999999999,0.272307,RUS,AZE,7810
816545,208,16,1314,2002.0,22295.0,0.0,2.134,0.769413,SWE,AZE,7810
816546,216,16,1314,2002.0,31441.0,0.0,0.513887,1.545967,THA,AZE,7810
816547,224,16,1314,2002.0,1391796.0,5268.0,0.12982,1.8032650000000001,TUR,AZE,7810
816548,231,16,1314,2002.0,150589.0,0.0,1.853174,0.120986,USA,AZE,7810
816549,232,16,1314,2002.0,2224.0,0.0,-0.583861,-0.758266,UZB,AZE,7810
816550,11,19,1314,2002.0,37993.0,0.0,1.740389,-0.6239600000000001,ATA,BEN,7810
816551,15,19,1314,2002.0,16079.0,0.0,1.866997,0.400527,AUT,BEN,7810
816552,18,19,1314,2002.0,22399332.0,37983.0,1.424339,1.372755,BEL,BEN,7810
816553,21,19,1314,2002.0,2120.0,4287.0,-0.5542590000000001,-0.5946060000000001,BFA,BEN,7810
816554,22,19,1314,2002.0,5091.0,0.0,-0.9509,-1.113308,BGD,BEN,7810
816555,39,19,1314,2002.0,143752.0,0.0,0.9672360000000001,1.389981,CAN,BEN,7810
816556,41,19,1314,2002.0,9873629.0,0.0,2.205507,0.831836,CHE,BEN,7810
816557,43,19,1314,2002.0,16086.0,0.0,0.6181220000000001,1.9636759999999998,CHN,BEN,7810
816558,44,19,1314,2002.0,28924.0,0.0,-0.803739,-0.752218,CIV,BEN,7810
816559,45,19,1314,2002.0,4747.0,1918.0,-1.188713,-1.109944,CMR,BEN,7810
816560,47,19,1314,2002.0,0.0,16398.0,-1.468836,-1.250484,COG,BEN,7810
816561,61,19,1314,2002.0,27435448.0,62360.0,2.367856,-2.195331,DEU,BEN,7810
816562,64,19,1314,2002.0,285300.0,0.0,1.344708,1.321135,DNK,BEN,7810
816563,71,19,1314,2002.0,641419.0,0.0,1.054108,1.9357349999999998,ESP,BEN,7810
816564,77,19,1314,2002.0,3889536.0,9192.0,1.648526,0.6870430000000001,FRA,BEN,7810
816565,80,19,1314,2002.0,70594.0,40123.0,-1.34341,-1.238593,GAB,BEN,7810
816566,81,19,1314,2002.0,648966.0,0.0,2.067395,0.7934359999999999,GBR,BEN,7810
816567,97,19,1314,2002.0,684155.0,0.0,0.704932,1.291658,HKG,BEN,7810
816568,102,19,1314,2002.0,19734.0,0.0,1.232359,1.064425,HUN,BEN,7810
816569,103,19,1314,2002.0,7312.0,0.0,0.098182,1.7305840000000001,IDN,BEN,7810
816570,104,19,1314,2002.0,42228.0,0.0,0.32974000000000003,2.376477,IND,BEN,7810
816571,106,19,1314,2002.0,58776.0,0.0,1.7939310000000002,0.219254,IRL,BEN,7810
816572,111,19,1314,2002.0,808394.0,3961.0,1.3944219999999998,1.125362,ITA,BEN,7810
816573,114,19,1314,2002.0,1858507.0,19466.0,2.7747580000000003,0.43663199999999996,JPN,BEN,7810
816574,121,19,1314,2002.0,253079.0,0.0,1.4172719999999999,0.8763139999999999,KOR,BEN,7810
816575,131,19,1314,2002.0,4422.0,0.0,1.396249,1.153017,LUX,BEN,7810
816576,141,19,1314,2002.0,11230.0,2980.0,-0.786698,-0.682438,MLI,BEN,7810
816577,157,19,1314,2002.0,27811.0,7054.0,-0.562837,-0.333649,NER,BEN,7810
816578,159,19,1314,2002.0,112063.0,0.0,-1.705991,-1.292926,NGA,BEN,7810
816579,162,19,1314,2002.0,2508826.0,2280.0,1.175777,1.667472,NLD,BEN,7810
816580,163,19,1314,2002.0,63026.0,0.0,0.689588,-0.007016,NOR,BEN,7810
816581,178,19,1314,2002.0,66084.0,0.0,0.629678,1.0153780000000001,PRK,BEN,7810
816582,179,19,1314,2002.0,3153.0,0.0,0.584956,1.377068,PRT,BEN,7810
816583,191,19,1314,2002.0,24804.0,1504.0,-0.5424939999999999,-0.554531,SEN,BEN,7810
816584,192,19,1314,2002.0,84768.0,0.0,1.7077209999999998,0.683549,SGP,BEN,7810
816585,208,19,1314,2002.0,192969.0,0.0,2.134,0.769413,SWE,BEN,7810
816586,215,19,1314,2002.0,278318.0,7570.0,-0.688284,-0.5292789999999999,TGO,BEN,7810
816587,223,19,1314,2002.0,8015.0,0.0,0.059876,0.369032,TUN,BEN,7810
816588,231,19,1314,2002.0,3499231.0,18522.0,1.853174,0.120986,USA,BEN,7810
816589,246,19,1314,2002.0,34337.0,0.0,0.32760500000000004,2.497746,ZAF,BEN,7810
816590,7,22,1314,2002.0,418246.0,0.0,-0.288838,-0.640049,ARE,BGD,7810
816591,14,22,1314,2002.0,5023.0,0.0,-0.052462,0.759617,AUS,BGD,7810
816592,15,22,1314,2002.0,206691.0,0.0,1.866997,0.400527,AUT,BGD,7810
816593,18,22,1314,2002.0,216552.0,0.0,1.424339,1.372755,BEL,BGD,7810
816594,19,22,1314,2002.0,0.0,5091.0,-0.7683840000000001,-0.7984319999999999,BEN,BGD,7810
816595,39,22,1314,2002.0,22717.0,0.0,0.9672360000000001,1.389981,CAN,BGD,7810
816596,43,22,1314,2002.0,54365.0,0.0,0.6181220000000001,1.9636759999999998,CHN,BGD,7810
816597,61,22,1314,2002.0,530743.0,0.0,2.367856,-2.195331,DEU,BGD,7810
816598,64,22,1314,2002.0,21715.0,0.0,1.344708,1.321135,DNK,BGD,7810
816599,66,22,1314,2002.0,6073.0,0.0,-0.9281389999999999,-1.19549,DZA,BGD,7810
816600,71,22,1314,2002.0,36898.0,0.0,1.054108,1.9357349999999998,ESP,BGD,7810
816601,73,22,1314,2002.0,9441.0,0.0,-1.289118,-1.0291540000000001,ETH,BGD,7810
816602,77,22,1314,2002.0,39565.0,0.0,1.648526,0.6870430000000001,FRA,BGD,7810
816603,81,22,1314,2002.0,290933.0,0.0,2.067395,0.7934359999999999,GBR,BGD,7810
816604,85,22,1314,2002.0,0.0,1187.0,-1.684157,-1.256743,GIN,BGD,7810
816605,97,22,1314,2002.0,14581.0,0.0,0.704932,1.291658,HKG,BGD,7810
816606,104,22,1314,2002.0,6451412.0,2512.0,0.32974000000000003,2.376477,IND,BGD,7810
816607,111,22,1314,2002.0,11045.0,0.0,1.3944219999999998,1.125362,ITA,BGD,7810
816608,114,22,1314,2002.0,39224284.0,0.0,2.7747580000000003,0.43663199999999996,JPN,BGD,7810
816609,116,22,1314,2002.0,25294.0,0.0,-0.59055,0.000731,KEN,BGD,7810
816610,121,22,1314,2002.0,410031.0,0.0,1.4172719999999999,0.8763139999999999,KOR,BGD,7810
816611,162,22,1314,2002.0,20822.0,0.0,1.175777,1.667472,NLD,BGD,7810
816612,168,22,1314,2002.0,37930.0,0.0,-0.7574069999999999,-0.403427,PAK,BGD,7810
816613,169,22,1314,2002.0,2686.0,0.0,0.085746,0.21839,PAN,BGD,7810
816614,174,22,1314,2002.0,0.0,18605.0,0.29601,-0.232513,PHL,BGD,7810
816615,192,22,1314,2002.0,590000.0,0.0,1.7077209999999998,0.683549,SGP,BGD,7810
816616,208,22,1314,2002.0,119708.0,6128.0,2.134,0.769413,SWE,BGD,7810
816617,216,22,1314,2002.0,208296.0,0.0,0.513887,1.545967,THA,BGD,7810
816618,223,22,1314,2002.0,0.0,52067.0,0.059876,0.369032,TUN,BGD,7810
816619,224,22,1314,2002.0,2773.0,0.0,0.12982,1.8032650000000001,TUR,BGD,7810
816620,231,22,1314,2002.0,302604.0,0.0,1.853174,0.120986,USA,BGD,7810
816621,246,22,1314,2002.0,11566.0,0.0,0.32760500000000004,2.497746,ZAF,BGD,7810
816622,250,22,1314,2002.0,35716.0,0.0,0.5979300000000001,-0.497816,ANS,BGD,7810
816623,4,23,1314,2002.0,0.0,31701.0,-0.05800399999999999,0.042254,ALB,BGR,7810
816624,8,23,1314,2002.0,0.0,7626.0,0.045376,0.71768,ARG,BGR,7810
816625,9,23,1314,2002.0,0.0,12494.0,0.66447,-0.08317000000000001,ARM,BGR,7810
816626,15,23,1314,2002.0,12741028.0,39608.0,1.866997,0.400527,AUT,BGR,7810
816627,18,23,1314,2002.0,5797985.0,7283.0,1.424339,1.372755,BEL,BGR,7810
816628,24,23,1314,2002.0,4138.0,0.0,-0.31754099999999996,-1.099381,BHR,BGR,7810
816629,26,23,1314,2002.0,0.0,5009.0,0.223543,0.44595100000000004,BIH,BGR,7810
816630,32,23,1314,2002.0,10387.0,0.0,0.631343,1.249344,BRA,BGR,7810
816631,39,23,1314,2002.0,32838.0,0.0,0.9672360000000001,1.389981,CAN,BGR,7810
816632,41,23,1314,2002.0,1669426.0,15522.0,2.205507,0.831836,CHE,BGR,7810
816633,58,23,1314,2002.0,7628.0,0.0,0.332088,0.50441,CYP,BGR,7810
816634,59,23,1314,2002.0,9302572.0,12790.0,1.5835139999999999,0.9563010000000001,CZE,BGR,7810
816635,61,23,1314,2002.0,70764288.0,87405.0,2.367856,-2.195331,DEU,BGR,7810
816636,64,23,1314,2002.0,28650.0,0.0,1.344708,1.321135,DNK,BGR,7810
816637,65,23,1314,2002.0,0.0,6500.0,-0.43339300000000003,-0.378827,DOM,BGR,7810
816638,66,23,1314,2002.0,0.0,14100.0,-0.9281389999999999,-1.19549,DZA,BGR,7810
816639,71,23,1314,2002.0,3579928.0,21424.0,1.054108,1.9357349999999998,ESP,BGR,7810
816640,73,23,1314,2002.0,12531.0,22291.0,-1.289118,-1.0291540000000001,ETH,BGR,7810
816641,74,23,1314,2002.0,22479.0,0.0,1.9545119999999998,1.047515,FIN,BGR,7810
816642,77,23,1314,2002.0,28399568.0,11769.0,1.648526,0.6870430000000001,FRA,BGR,7810
816643,81,23,1314,2002.0,1241912.0,55630.0,2.067395,0.7934359999999999,GBR,BGR,7810
816644,82,23,1314,2002.0,0.0,86265.0,0.23526999999999998,-0.156333,GEO,BGR,7810
816645,83,23,1314,2002.0,0.0,26438.0,-1.258567,-1.048266,GHA,BGR,7810
816646,87,23,1314,2002.0,2078.0,0.0,0.266536,0.20776,GMB,BGR,7810
816647,90,23,1314,2002.0,4728186.0,42992.0,0.20355399999999998,1.4130200000000002,GRC,BGR,7810
816648,100,23,1314,2002.0,11000.0,0.0,0.603546,1.273001,HRV,BGR,7810
816649,102,23,1314,2002.0,1286388.0,8500.0,1.232359,1.064425,HUN,BGR,7810
816650,104,23,1314,2002.0,33712.0,0.0,0.32974000000000003,2.376477,IND,BGR,7810
816651,107,23,1314,2002.0,0.0,5815.0,-0.665259,-0.840274,IRN,BGR,7810
816652,108,23,1314,2002.0,0.0,2427.0,-1.008202,-0.9532209999999999,IRQ,BGR,7810
816653,109,23,1314,2002.0,2000.0,0.0,0.17011700000000002,-0.33925500000000003,ISL,BGR,7810
816654,110,23,1314,2002.0,41400.0,3172.0,1.257709,0.8318989999999999,ISR,BGR,7810
816655,111,23,1314,2002.0,14602450.0,45390.0,1.3944219999999998,1.125362,ITA,BGR,7810
816656,113,23,1314,2002.0,5826.0,0.0,0.34023000000000003,0.264754,JOR,BGR,7810
816657,114,23,1314,2002.0,2594549.0,74847.0,2.7747580000000003,0.43663199999999996,JPN,BGR,7810
816658,115,23,1314,2002.0,4137.0,66494.0,-0.100361,-0.502468,KAZ,BGR,7810
816659,116,23,1314,2002.0,0.0,5552.0,-0.59055,0.000731,KEN,BGR,7810
816660,121,23,1314,2002.0,3277245.0,2756.0,1.4172719999999999,0.8763139999999999,KOR,BGR,7810
816661,130,23,1314,2002.0,3148.0,0.0,0.15796,0.855931,LTU,BGR,7810
816662,131,23,1314,2002.0,280585.0,6192.0,1.396249,1.153017,LUX,BGR,7810
816663,132,23,1314,2002.0,2623.0,0.0,0.41409799999999997,0.6281680000000001,LVA,BGR,7810
816664,135,23,1314,2002.0,3580.0,12834.0,-0.017383000000000003,0.109124,MDA,BGR,7810
816665,138,23,1314,2002.0,45483.0,0.0,1.2677129999999999,0.599314,MEX,BGR,7810
816666,140,23,1314,2002.0,4777.0,769047.0,-0.027727999999999996,0.41846400000000006,MKD,BGR,7810
816667,159,23,1314,2002.0,0.0,30069.0,-1.705991,-1.292926,NGA,BGR,7810
816668,162,23,1314,2002.0,2085140.0,7254.0,1.175777,1.667472,NLD,BGR,7810
816669,163,23,1314,2002.0,102373.0,6549.0,0.689588,-0.007016,NOR,BGR,7810
816670,177,23,1314,2002.0,468836.0,0.0,0.9449299999999999,1.655764,POL,BGR,7810
816671,178,23,1314,2002.0,75848.0,0.0,0.629678,1.0153780000000001,PRK,BGR,7810
816672,179,23,1314,2002.0,484582.0,0.0,0.584956,1.377068,PRT,BGR,7810
816673,185,23,1314,2002.0,237078.0,40516.0,0.549227,1.071998,ROU,BGR,7810
816674,186,23,1314,2002.0,1960552.0,76810.0,0.6051449999999999,0.272307,RUS,BGR,7810
816675,189,23,1314,2002.0,11641.0,50203.0,0.523459,2.58657,SCG,BGR,7810
816676,190,23,1314,2002.0,0.0,17258.0,-1.336665,-1.19919,SDN,BGR,7810
816677,197,23,1314,2002.0,0.0,2074.0,-0.258579,-0.096214,SLV,BGR,7810
816678,206,23,1314,2002.0,206432.0,25834.0,1.269549,1.184774,SVK,BGR,7810
816679,207,23,1314,2002.0,4205.0,2405.0,1.469681,1.13303,SVN,BGR,7810
816680,208,23,1314,2002.0,241944.0,6768.0,2.134,0.769413,SWE,BGR,7810
816681,212,23,1314,2002.0,1314.0,0.0,-1.07007,-0.560769,SYR,BGR,7810
816682,216,23,1314,2002.0,83937.0,35597.0,0.513887,1.545967,THA,BGR,7810
816683,217,23,1314,2002.0,5311.0,0.0,-0.8483510000000001,-1.09992,TJK,BGR,7810
816684,224,23,1314,2002.0,6101087.0,26114.0,0.12982,1.8032650000000001,TUR,BGR,7810
816685,226,23,1314,2002.0,0.0,10985.0,-1.234127,-0.421158,TZA,BGR,7810
816686,228,23,1314,2002.0,4466.0,175921.0,0.575372,1.131722,UKR,BGR,7810
816687,231,23,1314,2002.0,1101165.0,0.0,1.853174,0.120986,USA,BGR,7810
816688,236,23,1314,2002.0,9828.0,24736.0,-0.008877,-0.753486,VEN,BGR,7810
816689,243,23,1314,2002.0,0.0,2378.0,-1.447637,-1.289748,YEM,BGR,7810
816690,246,23,1314,2002.0,0.0,1698.0,0.32760500000000004,2.497746,ZAF,BGR,7810
816691,250,23,1314,2002.0,4641.0,4228.0,0.5979300000000001,-0.497816,ANS,BGR,7810
816692,15,28,1314,2002.0,460584.0,4811.0,1.866997,0.400527,AUT,BLR,7810
816693,18,28,1314,2002.0,1472310.0,18106.0,1.424339,1.372755,BEL,BLR,7810
816694,39,28,1314,2002.0,14644.0,0.0,0.9672360000000001,1.389981,CAN,BLR,7810
816695,41,28,1314,2002.0,172264.0,0.0,2.205507,0.831836,CHE,BLR,7810
816696,59,28,1314,2002.0,128680.0,11176.0,1.5835139999999999,0.9563010000000001,CZE,BLR,7810
816697,61,28,1314,2002.0,113168616.0,184722.0,2.367856,-2.195331,DEU,BLR,7810
816698,64,28,1314,2002.0,21834.0,0.0,1.344708,1.321135,DNK,BLR,7810
816699,68,28,1314,2002.0,0.0,1527.0,-0.37218,0.634319,EGY,BLR,7810
816700,71,28,1314,2002.0,55252.0,3481.0,1.054108,1.9357349999999998,ESP,BLR,7810
816701,72,28,1314,2002.0,239151.0,0.0,0.576142,1.168563,EST,BLR,7810
816702,74,28,1314,2002.0,394362.0,0.0,1.9545119999999998,1.047515,FIN,BLR,7810
816703,77,28,1314,2002.0,3926768.0,9558.0,1.648526,0.6870430000000001,FRA,BLR,7810
816704,81,28,1314,2002.0,650639.0,0.0,2.067395,0.7934359999999999,GBR,BLR,7810
816705,82,28,1314,2002.0,0.0,3606.0,0.23526999999999998,-0.156333,GEO,BLR,7810
816706,83,28,1314,2002.0,0.0,5083.0,-1.258567,-1.048266,GHA,BLR,7810
816707,104,28,1314,2002.0,15031.0,0.0,0.32974000000000003,2.376477,IND,BLR,7810
816708,106,28,1314,2002.0,16481.0,0.0,1.7939310000000002,0.219254,IRL,BLR,7810
816709,111,28,1314,2002.0,53847.0,0.0,1.3944219999999998,1.125362,ITA,BLR,7810
816710,114,28,1314,2002.0,530630.0,0.0,2.7747580000000003,0.43663199999999996,JPN,BLR,7810
816711,115,28,1314,2002.0,7684.0,6868.0,-0.100361,-0.502468,KAZ,BLR,7810
816712,121,28,1314,2002.0,33216.0,0.0,1.4172719999999999,0.8763139999999999,KOR,BLR,7810
816713,130,28,1314,2002.0,22351600.0,7024.0,0.15796,0.855931,LTU,BLR,7810
816714,131,28,1314,2002.0,46752.0,0.0,1.396249,1.153017,LUX,BLR,7810
816715,132,28,1314,2002.0,198597.0,116830.0,0.41409799999999997,0.6281680000000001,LVA,BLR,7810
816716,160,28,1314,2002.0,0.0,2100.0,-0.634946,-0.37966,NIC,BLR,7810
816717,162,28,1314,2002.0,1362063.0,3680.0,1.175777,1.667472,NLD,BLR,7810
816718,163,28,1314,2002.0,14575.0,0.0,0.689588,-0.007016,NOR,BLR,7810
816719,177,28,1314,2002.0,89649.0,0.0,0.9449299999999999,1.655764,POL,BLR,7810
816720,186,28,1314,2002.0,9945776.0,373278.0,0.6051449999999999,0.272307,RUS,BLR,7810
816721,206,28,1314,2002.0,10483.0,0.0,1.269549,1.184774,SVK,BLR,7810
816722,207,28,1314,2002.0,3303.0,0.0,1.469681,1.13303,SVN,BLR,7810
816723,208,28,1314,2002.0,825672.0,0.0,2.134,0.769413,SWE,BLR,7810
816724,224,28,1314,2002.0,41953.0,0.0,0.12982,1.8032650000000001,TUR,BLR,7810
816725,228,28,1314,2002.0,180242.0,6711.0,0.575372,1.131722,UKR,BLR,7810
816726,231,28,1314,2002.0,4308.0,0.0,1.853174,0.120986,USA,BLR,7810
816727,1,59,1314,2002.0,0.0,2897.0,-0.11885899999999999,-0.346093,AFG,CZE,7810
816728,4,59,1314,2002.0,0.0,40196.0,-0.05800399999999999,0.042254,ALB,CZE,7810
816729,5,59,1314,2002.0,0.0,94553.0,1.3229389999999999,0.9635950000000001,AND,CZE,7810
816730,7,59,1314,2002.0,0.0,2666584.0,-0.288838,-0.640049,ARE,CZE,7810
816731,8,59,1314,2002.0,0.0,22424.0,0.045376,0.71768,ARG,CZE,7810
816732,9,59,1314,2002.0,8739.0,203101.0,0.66447,-0.08317000000000001,ARM,CZE,7810
816733,14,59,1314,2002.0,0.0,8640.0,-0.052462,0.759617,AUS,CZE,7810
816734,15,59,1314,2002.0,36957588.0,180223968.0,1.866997,0.400527,AUT,CZE,7810
816735,16,59,1314,2002.0,0.0,427497.0,-0.566735,-1.003158,AZE,CZE,7810
816736,18,59,1314,2002.0,56452700.0,13125531.0,1.424339,1.372755,BEL,CZE,7810
816737,23,59,1314,2002.0,12790.0,9302572.0,0.468058,1.644037,BGR,CZE,7810
816738,24,59,1314,2002.0,0.0,11465.0,-0.31754099999999996,-1.099381,BHR,CZE,7810
816739,26,59,1314,2002.0,21472.0,715075.0,0.223543,0.44595100000000004,BIH,CZE,7810
816740,28,59,1314,2002.0,11176.0,128680.0,0.865742,1.1823860000000002,BLR,CZE,7810
816741,30,59,1314,2002.0,0.0,314191.0,0.934739,-0.465542,BMU,CZE,7810
816742,32,59,1314,2002.0,4274.0,0.0,0.631343,1.249344,BRA,CZE,7810
816743,33,59,1314,2002.0,0.0,2296488.0,0.547024,-0.004036,BRB,CZE,7810
816744,39,59,1314,2002.0,158503.0,1023.0,0.9672360000000001,1.389981,CAN,CZE,7810
816745,41,59,1314,2002.0,4805644.0,75047400.0,2.205507,0.831836,CHE,CZE,7810
816746,42,59,1314,2002.0,0.0,2777235.0,-0.079201,-0.11449200000000001,CHL,CZE,7810
816747,43,59,1314,2002.0,1092.0,16918764.0,0.6181220000000001,1.9636759999999998,CHN,CZE,7810
816748,44,59,1314,2002.0,0.0,64546.0,-0.803739,-0.752218,CIV,CZE,7810
816749,49,59,1314,2002.0,0.0,5533736.0,0.219861,0.45238999999999996,COL,CZE,7810
816750,52,59,1314,2002.0,0.0,251124.0,0.083983,-0.096237,CRI,CZE,7810
816751,54,59,1314,2002.0,0.0,19327.0,-0.896759,-1.079825,CUB,CZE,7810
816752,58,59,1314,2002.0,0.0,2770021.0,0.332088,0.50441,CYP,CZE,7810
816753,61,59,1314,2002.0,498375488.0,836153472.0,2.367856,-2.195331,DEU,CZE,7810
816754,64,59,1314,2002.0,245091.0,60489684.0,1.344708,1.321135,DNK,CZE,7810
816755,65,59,1314,2002.0,0.0,13813275.0,-0.43339300000000003,-0.378827,DOM,CZE,7810
816756,66,59,1314,2002.0,0.0,423709.0,-0.9281389999999999,-1.19549,DZA,CZE,7810
816757,67,59,1314,2002.0,0.0,7929856.0,-0.973858,-0.8924979999999999,ECU,CZE,7810
816758,68,59,1314,2002.0,0.0,5097577.0,-0.37218,0.634319,EGY,CZE,7810
816759,71,59,1314,2002.0,64761676.0,152914672.0,1.054108,1.9357349999999998,ESP,CZE,7810
816760,72,59,1314,2002.0,0.0,1723482.0,0.576142,1.168563,EST,CZE,7810
816761,74,59,1314,2002.0,442848.0,17615314.0,1.9545119999999998,1.047515,FIN,CZE,7810
816762,77,59,1314,2002.0,155029632.0,177412496.0,1.648526,0.6870430000000001,FRA,CZE,7810
816763,81,59,1314,2002.0,20744994.0,456082528.0,2.067395,0.7934359999999999,GBR,CZE,7810
816764,82,59,1314,2002.0,0.0,99673.0,0.23526999999999998,-0.156333,GEO,CZE,7810
816765,83,59,1314,2002.0,0.0,619023.0,-1.258567,-1.048266,GHA,CZE,7810
816766,90,59,1314,2002.0,0.0,76266960.0,0.20355399999999998,1.4130200000000002,GRC,CZE,7810
816767,93,59,1314,2002.0,0.0,729373.0,-0.49913,-0.038079,GTM,CZE,7810
816768,97,59,1314,2002.0,0.0,17103.0,0.704932,1.291658,HKG,CZE,7810
816769,99,59,1314,2002.0,0.0,3164.0,-0.637891,-0.564421,HND,CZE,7810
816770,100,59,1314,2002.0,16118.0,52274920.0,0.603546,1.273001,HRV,CZE,7810
816771,101,59,1314,2002.0,0.0,790510.0,-0.837823,-0.834512,HTI,CZE,7810
816772,102,59,1314,2002.0,7750286.0,101127496.0,1.232359,1.064425,HUN,CZE,7810
816773,104,59,1314,2002.0,3183.0,12672214.0,0.32974000000000003,2.376477,IND,CZE,7810
816774,106,59,1314,2002.0,0.0,56888480.0,1.7939310000000002,0.219254,IRL,CZE,7810
816775,109,59,1314,2002.0,0.0,3367734.0,0.17011700000000002,-0.33925500000000003,ISL,CZE,7810
816776,110,59,1314,2002.0,0.0,32887682.0,1.257709,0.8318989999999999,ISR,CZE,7810
816777,111,59,1314,2002.0,30858908.0,257399792.0,1.3944219999999998,1.125362,ITA,CZE,7810
816778,113,59,1314,2002.0,0.0,896108.0,0.34023000000000003,0.264754,JOR,CZE,7810
816779,114,59,1314,2002.0,41113748.0,12119.0,2.7747580000000003,0.43663199999999996,JPN,CZE,7810
816780,115,59,1314,2002.0,0.0,9153935.0,-0.100361,-0.502468,KAZ,CZE,7810
816781,117,59,1314,2002.0,0.0,11152.0,-0.094898,0.235639,KGZ,CZE,7810
816782,121,59,1314,2002.0,32515028.0,0.0,1.4172719999999999,0.8763139999999999,KOR,CZE,7810
816783,124,59,1314,2002.0,0.0,15756.0,0.220906,1.470297,LBN,CZE,7810
816784,126,59,1314,2002.0,0.0,138181.0,-0.692769,-1.188682,LBY,CZE,7810
816785,128,59,1314,2002.0,0.0,137877.0,-0.461765,-0.057614,LKA,CZE,7810
816786,130,59,1314,2002.0,106924.0,8850470.0,0.15796,0.855931,LTU,CZE,7810
816787,131,59,1314,2002.0,125962.0,10528254.0,1.396249,1.153017,LUX,CZE,7810
816788,132,59,1314,2002.0,0.0,3494500.0,0.41409799999999997,0.6281680000000001,LVA,CZE,7810
816789,134,59,1314,2002.0,4019.0,877878.0,-0.690226,-0.42557,MAR,CZE,7810
816790,135,59,1314,2002.0,2694.0,2826026.0,-0.017383000000000003,0.109124,MDA,CZE,7810
816791,138,59,1314,2002.0,145692.0,45364.0,1.2677129999999999,0.599314,MEX,CZE,7810
816792,140,59,1314,2002.0,0.0,766805.0,-0.027727999999999996,0.41846400000000006,MKD,CZE,7810
816793,141,59,1314,2002.0,4149.0,35281.0,-0.786698,-0.682438,MLI,CZE,7810
816794,142,59,1314,2002.0,0.0,1819386.0,0.901235,-0.140261,MLT,CZE,7810
816795,145,59,1314,2002.0,0.0,10703.0,-0.711096,-0.9835799999999999,MNG,CZE,7810
816796,153,59,1314,2002.0,47124.0,1371126.0,0.9987159999999999,0.26558200000000004,MYS,CZE,7810
816797,159,59,1314,2002.0,0.0,7360324.0,-1.705991,-1.292926,NGA,CZE,7810
816798,162,59,1314,2002.0,42610236.0,89902424.0,1.175777,1.667472,NLD,CZE,7810
816799,163,59,1314,2002.0,59781.0,28875812.0,0.689588,-0.007016,NOR,CZE,7810
816800,166,59,1314,2002.0,0.0,952433.0,0.370673,0.7853829999999999,NZL,CZE,7810
816801,169,59,1314,2002.0,0.0,2187210.0,0.085746,0.21839,PAN,CZE,7810
816802,174,59,1314,2002.0,0.0,25016.0,0.29601,-0.232513,PHL,CZE,7810
816803,177,59,1314,2002.0,18661134.0,245295936.0,0.9449299999999999,1.655764,POL,CZE,7810
816804,178,59,1314,2002.0,26283.0,20246.0,0.629678,1.0153780000000001,PRK,CZE,7810
816805,179,59,1314,2002.0,6170178.0,41891924.0,0.584956,1.377068,PRT,CZE,7810
816806,181,59,1314,2002.0,0.0,62730.0,0.6237199999999999,-0.007998,PSE,CZE,7810
816807,183,59,1314,2002.0,0.0,1969442.0,-0.002177,-1.042517,QAT,CZE,7810
816808,185,59,1314,2002.0,1278327.0,53244844.0,0.549227,1.071998,ROU,CZE,7810
816809,186,59,1314,2002.0,1633714.0,98456640.0,0.6051449999999999,0.272307,RUS,CZE,7810
816810,188,59,1314,2002.0,0.0,3515324.0,0.048764,-0.903125,SAU,CZE,7810
816811,189,59,1314,2002.0,12507.0,21704324.0,0.523459,2.58657,SCG,CZE,7810
816812,190,59,1314,2002.0,0.0,1395918.0,-1.336665,-1.19919,SDN,CZE,7810
816813,191,59,1314,2002.0,0.0,5159.0,-0.5424939999999999,-0.554531,SEN,CZE,7810
816814,192,59,1314,2002.0,0.0,1649171.0,1.7077209999999998,0.683549,SGP,CZE,7810
816815,206,59,1314,2002.0,20319832.0,265679520.0,1.269549,1.184774,SVK,CZE,7810
816816,207,59,1314,2002.0,10217182.0,19025956.0,1.469681,1.13303,SVN,CZE,7810
816817,208,59,1314,2002.0,1477502.0,80661528.0,2.134,0.769413,SWE,CZE,7810
816818,212,59,1314,2002.0,0.0,23508280.0,-1.07007,-0.560769,SYR,CZE,7810
816819,215,59,1314,2002.0,0.0,17320.0,-0.688284,-0.5292789999999999,TGO,CZE,7810
816820,216,59,1314,2002.0,67331.0,862085.0,0.513887,1.545967,THA,CZE,7810
816821,222,59,1314,2002.0,0.0,175941.0,-0.056315,-0.803537,TTO,CZE,7810
816822,223,59,1314,2002.0,0.0,118817.0,0.059876,0.369032,TUN,CZE,7810
816823,224,59,1314,2002.0,9881805.0,19494772.0,0.12982,1.8032650000000001,TUR,CZE,7810
816824,228,59,1314,2002.0,0.0,48664768.0,0.575372,1.131722,UKR,CZE,7810
816825,231,59,1314,2002.0,9021532.0,246972.0,1.853174,0.120986,USA,CZE,7810
816826,236,59,1314,2002.0,0.0,775183.0,-0.008877,-0.753486,VEN,CZE,7810
816827,246,59,1314,2002.0,33917.0,52245.0,0.32760500000000004,2.497746,ZAF,CZE,7810
816828,249,59,1314,2002.0,12189.0,21139.0,1.9084720000000002,1.253714,TWN,CZE,7810
816829,250,59,1314,2002.0,96492.0,0.0,0.5979300000000001,-0.497816,ANS,CZE,7810
816830,7,66,1314,2002.0,10227.0,0.0,-0.288838,-0.640049,ARE,DZA,7810
816831,15,66,1314,2002.0,10692.0,0.0,1.866997,0.400527,AUT,DZA,7810
816832,18,66,1314,2002.0,2707067.0,3427.0,1.424339,1.372755,BEL,DZA,7810
816833,22,66,1314,2002.0,0.0,6073.0,-0.9509,-1.113308,BGD,DZA,7810
816834,23,66,1314,2002.0,14100.0,0.0,0.468058,1.644037,BGR,DZA,7810
816835,24,66,1314,2002.0,32977.0,0.0,-0.31754099999999996,-1.099381,BHR,DZA,7810
816836,32,66,1314,2002.0,421603.0,0.0,0.631343,1.249344,BRA,DZA,7810
816837,39,66,1314,2002.0,57120.0,0.0,0.9672360000000001,1.389981,CAN,DZA,7810
816838,41,66,1314,2002.0,105211.0,0.0,2.205507,0.831836,CHE,DZA,7810
816839,43,66,1314,2002.0,63926.0,0.0,0.6181220000000001,1.9636759999999998,CHN,DZA,7810
816840,44,66,1314,2002.0,20046.0,0.0,-0.803739,-0.752218,CIV,DZA,7810
816841,59,66,1314,2002.0,423709.0,0.0,1.5835139999999999,0.9563010000000001,CZE,DZA,7810
816842,61,66,1314,2002.0,19218826.0,0.0,2.367856,-2.195331,DEU,DZA,7810
816843,64,66,1314,2002.0,493228.0,0.0,1.344708,1.321135,DNK,DZA,7810
816844,71,66,1314,2002.0,46254952.0,17174.0,1.054108,1.9357349999999998,ESP,DZA,7810
816845,77,66,1314,2002.0,356229856.0,42005.0,1.648526,0.6870430000000001,FRA,DZA,7810
816846,81,66,1314,2002.0,550097.0,0.0,2.067395,0.7934359999999999,GBR,DZA,7810
816847,100,66,1314,2002.0,5403.0,0.0,0.603546,1.273001,HRV,DZA,7810
816848,104,66,1314,2002.0,8895890.0,0.0,0.32974000000000003,2.376477,IND,DZA,7810
816849,111,66,1314,2002.0,1592243.0,27122.0,1.3944219999999998,1.125362,ITA,DZA,7810
816850,114,66,1314,2002.0,14659091.0,0.0,2.7747580000000003,0.43663199999999996,JPN,DZA,7810
816851,121,66,1314,2002.0,16127951.0,0.0,1.4172719999999999,0.8763139999999999,KOR,DZA,7810
816852,131,66,1314,2002.0,200510.0,0.0,1.396249,1.153017,LUX,DZA,7810
816853,134,66,1314,2002.0,741848.0,25923.0,-0.690226,-0.42557,MAR,DZA,7810
816854,157,66,1314,2002.0,0.0,4835.0,-0.562837,-0.333649,NER,DZA,7810
816855,162,66,1314,2002.0,638582.0,0.0,1.175777,1.667472,NLD,DZA,7810
816856,167,66,1314,2002.0,358881.0,0.0,-1.307058,-1.270916,OMN,DZA,7810
816857,177,66,1314,2002.0,306914.0,0.0,0.9449299999999999,1.655764,POL,DZA,7810
816858,179,66,1314,2002.0,58375.0,13711.0,0.584956,1.377068,PRT,DZA,7810
816859,183,66,1314,2002.0,281771.0,0.0,-0.002177,-1.042517,QAT,DZA,7810
816860,186,66,1314,2002.0,249236.0,0.0,0.6051449999999999,0.272307,RUS,DZA,7810
816861,189,66,1314,2002.0,42253.0,0.0,0.523459,2.58657,SCG,DZA,7810
816862,207,66,1314,2002.0,14515.0,0.0,1.469681,1.13303,SVN,DZA,7810
816863,208,66,1314,2002.0,52459.0,0.0,2.134,0.769413,SWE,DZA,7810
816864,223,66,1314,2002.0,3848684.0,0.0,0.059876,0.369032,TUN,DZA,7810
816865,224,66,1314,2002.0,41537364.0,0.0,0.12982,1.8032650000000001,TUR,DZA,7810
816866,231,66,1314,2002.0,2041799.0,0.0,1.853174,0.120986,USA,DZA,7810
816867,246,66,1314,2002.0,0.0,4845.0,0.32760500000000004,2.497746,ZAF,DZA,7810
816868,249,66,1314,2002.0,35394.0,0.0,1.9084720000000002,1.253714,TWN,DZA,7810
816869,7,68,1314,2002.0,28039.0,71942.0,-0.288838,-0.640049,ARE,EGY,7810
816870,8,68,1314,2002.0,0.0,16304.0,0.045376,0.71768,ARG,EGY,7810
816871,14,68,1314,2002.0,86003.0,0.0,-0.052462,0.759617,AUS,EGY,7810
816872,15,68,1314,2002.0,157221.0,0.0,1.866997,0.400527,AUT,EGY,7810
816873,18,68,1314,2002.0,3921748.0,14748.0,1.424339,1.372755,BEL,EGY,7810
816874,24,68,1314,2002.0,188610.0,0.0,-0.31754099999999996,-1.099381,BHR,EGY,7810
816875,28,68,1314,2002.0,1527.0,0.0,0.865742,1.1823860000000002,BLR,EGY,7810
816876,32,68,1314,2002.0,3009794.0,0.0,0.631343,1.249344,BRA,EGY,7810
816877,39,68,1314,2002.0,87661.0,0.0,0.9672360000000001,1.389981,CAN,EGY,7810
816878,41,68,1314,2002.0,179870.0,32598.0,2.205507,0.831836,CHE,EGY,7810
816879,43,68,1314,2002.0,375521.0,0.0,0.6181220000000001,1.9636759999999998,CHN,EGY,7810
816880,58,68,1314,2002.0,2270.0,0.0,0.332088,0.50441,CYP,EGY,7810
816881,59,68,1314,2002.0,5097577.0,0.0,1.5835139999999999,0.9563010000000001,CZE,EGY,7810
816882,61,68,1314,2002.0,40967064.0,47912.0,2.367856,-2.195331,DEU,EGY,7810
816883,64,68,1314,2002.0,34286.0,5137.0,1.344708,1.321135,DNK,EGY,7810
816884,71,68,1314,2002.0,4782908.0,0.0,1.054108,1.9357349999999998,ESP,EGY,7810
816885,73,68,1314,2002.0,0.0,6726.0,-1.289118,-1.0291540000000001,ETH,EGY,7810
816886,74,68,1314,2002.0,81098.0,0.0,1.9545119999999998,1.047515,FIN,EGY,7810
816887,77,68,1314,2002.0,16031997.0,25032.0,1.648526,0.6870430000000001,FRA,EGY,7810
816888,81,68,1314,2002.0,2016479.0,0.0,2.067395,0.7934359999999999,GBR,EGY,7810
816889,90,68,1314,2002.0,2693.0,1509.0,0.20355399999999998,1.4130200000000002,GRC,EGY,7810
816890,97,68,1314,2002.0,607260.0,0.0,0.704932,1.291658,HKG,EGY,7810
816891,102,68,1314,2002.0,13981.0,0.0,1.232359,1.064425,HUN,EGY,7810
816892,103,68,1314,2002.0,62906.0,5244.0,0.098182,1.7305840000000001,IDN,EGY,7810
816893,104,68,1314,2002.0,2249768.0,1127.0,0.32974000000000003,2.376477,IND,EGY,7810
816894,107,68,1314,2002.0,6545.0,0.0,-0.665259,-0.840274,IRN,EGY,7810
816895,108,68,1314,2002.0,38237.0,0.0,-1.008202,-0.9532209999999999,IRQ,EGY,7810
816896,110,68,1314,2002.0,0.0,10337.0,1.257709,0.8318989999999999,ISR,EGY,7810
816897,111,68,1314,2002.0,7238637.0,122507.0,1.3944219999999998,1.125362,ITA,EGY,7810
816898,113,68,1314,2002.0,26971.0,0.0,0.34023000000000003,0.264754,JOR,EGY,7810
816899,114,68,1314,2002.0,72707168.0,0.0,2.7747580000000003,0.43663199999999996,JPN,EGY,7810
816900,121,68,1314,2002.0,10639745.0,0.0,1.4172719999999999,0.8763139999999999,KOR,EGY,7810
816901,122,68,1314,2002.0,62041.0,0.0,-0.794007,-1.192659,KWT,EGY,7810
816902,124,68,1314,2002.0,45072.0,0.0,0.220906,1.470297,LBN,EGY,7810
816903,138,68,1314,2002.0,65748.0,0.0,1.2677129999999999,0.599314,MEX,EGY,7810
816904,147,68,1314,2002.0,0.0,4123.0,-1.337891,-1.187073,MOZ,EGY,7810
816905,153,68,1314,2002.0,200992.0,1270.0,0.9987159999999999,0.26558200000000004,MYS,EGY,7810
816906,162,68,1314,2002.0,114701.0,29153.0,1.175777,1.667472,NLD,EGY,7810
816907,167,68,1314,2002.0,435646.0,0.0,-1.307058,-1.270916,OMN,EGY,7810
816908,174,68,1314,2002.0,0.0,12584.0,0.29601,-0.232513,PHL,EGY,7810
816909,177,68,1314,2002.0,2185635.0,0.0,0.9449299999999999,1.655764,POL,EGY,7810
816910,179,68,1314,2002.0,0.0,19999.0,0.584956,1.377068,PRT,EGY,7810
816911,183,68,1314,2002.0,97473.0,23435.0,-0.002177,-1.042517,QAT,EGY,7810
816912,186,68,1314,2002.0,426908.0,0.0,0.6051449999999999,0.272307,RUS,EGY,7810
816913,188,68,1314,2002.0,4524507.0,0.0,0.048764,-0.903125,SAU,EGY,7810
816914,189,68,1314,2002.0,276209.0,0.0,0.523459,2.58657,SCG,EGY,7810
816915,190,68,1314,2002.0,44029.0,10058.0,-1.336665,-1.19919,SDN,EGY,7810
816916,206,68,1314,2002.0,12050.0,0.0,1.269549,1.184774,SVK,EGY,7810
816917,207,68,1314,2002.0,284260.0,0.0,1.469681,1.13303,SVN,EGY,7810
816918,208,68,1314,2002.0,352430.0,0.0,2.134,0.769413,SWE,EGY,7810
816919,215,68,1314,2002.0,21940.0,0.0,-0.688284,-0.5292789999999999,TGO,EGY,7810
816920,216,68,1314,2002.0,0.0,4901.0,0.513887,1.545967,THA,EGY,7810
816921,224,68,1314,2002.0,31539684.0,0.0,0.12982,1.8032650000000001,TUR,EGY,7810
816922,231,68,1314,2002.0,4908693.0,29927.0,1.853174,0.120986,USA,EGY,7810
816923,247,68,1314,2002.0,0.0,11086.0,-0.840258,-0.639474,ZMB,EGY,7810
816924,249,68,1314,2002.0,19318.0,0.0,1.9084720000000002,1.253714,TWN,EGY,7810
816925,4,74,1314,2002.0,0.0,16767.0,-0.05800399999999999,0.042254,ALB,FIN,7810
816926,5,74,1314,2002.0,0.0,4581.0,1.3229389999999999,0.9635950000000001,AND,FIN,7810
816927,7,74,1314,2002.0,41902.0,477038.0,-0.288838,-0.640049,ARE,FIN,7810
816928,8,74,1314,2002.0,0.0,12484.0,0.045376,0.71768,ARG,FIN,7810
816929,9,74,1314,2002.0,0.0,53178.0,0.66447,-0.08317000000000001,ARM,FIN,7810
816930,14,74,1314,2002.0,22781.0,17921052.0,-0.052462,0.759617,AUS,FIN,7810
816931,15,74,1314,2002.0,10581883.0,5899582.0,1.866997,0.400527,AUT,FIN,7810
816932,18,74,1314,2002.0,73742856.0,4472274.0,1.424339,1.372755,BEL,FIN,7810
816933,23,74,1314,2002.0,0.0,22479.0,0.468058,1.644037,BGR,FIN,7810
816934,24,74,1314,2002.0,0.0,106805.0,-0.31754099999999996,-1.099381,BHR,FIN,7810
816935,26,74,1314,2002.0,0.0,446429.0,0.223543,0.44595100000000004,BIH,FIN,7810
816936,28,74,1314,2002.0,0.0,394362.0,0.865742,1.1823860000000002,BLR,FIN,7810
816937,31,74,1314,2002.0,3085.0,0.0,-0.785592,-0.6761119999999999,BOL,FIN,7810
816938,32,74,1314,2002.0,7229.0,0.0,0.631343,1.249344,BRA,FIN,7810
816939,37,74,1314,2002.0,0.0,53565.0,-0.164526,-1.04616,BWA,FIN,7810
816940,39,74,1314,2002.0,59073160.0,25044796.0,0.9672360000000001,1.389981,CAN,FIN,7810
816941,41,74,1314,2002.0,152164.0,6007465.0,2.205507,0.831836,CHE,FIN,7810
816942,42,74,1314,2002.0,27541.0,51362.0,-0.079201,-0.11449200000000001,CHL,FIN,7810
816943,43,74,1314,2002.0,240603.0,37188.0,0.6181220000000001,1.9636759999999998,CHN,FIN,7810
816944,47,74,1314,2002.0,0.0,2382.0,-1.468836,-1.250484,COG,FIN,7810
816945,58,74,1314,2002.0,3785.0,142888.0,0.332088,0.50441,CYP,FIN,7810
816946,59,74,1314,2002.0,17615314.0,442848.0,1.5835139999999999,0.9563010000000001,CZE,FIN,7810
816947,61,74,1314,2002.0,453353120.0,313485824.0,2.367856,-2.195331,DEU,FIN,7810
816948,64,74,1314,2002.0,4487485.0,3312444.0,1.344708,1.321135,DNK,FIN,7810
816949,68,74,1314,2002.0,0.0,81098.0,-0.37218,0.634319,EGY,FIN,7810
816950,71,74,1314,2002.0,47125732.0,2838904.0,1.054108,1.9357349999999998,ESP,FIN,7810
816951,72,74,1314,2002.0,541034.0,43648172.0,0.576142,1.168563,EST,FIN,7810
816952,73,74,1314,2002.0,0.0,59538.0,-1.289118,-1.0291540000000001,ETH,FIN,7810
816953,77,74,1314,2002.0,133512680.0,3475690.0,1.648526,0.6870430000000001,FRA,FIN,7810
816954,81,74,1314,2002.0,200091488.0,25684052.0,2.067395,0.7934359999999999,GBR,FIN,7810
816955,82,74,1314,2002.0,0.0,142022.0,0.23526999999999998,-0.156333,GEO,FIN,7810
816956,83,74,1314,2002.0,0.0,3768.0,-1.258567,-1.048266,GHA,FIN,7810
816957,90,74,1314,2002.0,0.0,1170666.0,0.20355399999999998,1.4130200000000002,GRC,FIN,7810
816958,97,74,1314,2002.0,133992.0,401586.0,0.704932,1.291658,HKG,FIN,7810
816959,100,74,1314,2002.0,0.0,30860.0,0.603546,1.273001,HRV,FIN,7810
816960,102,74,1314,2002.0,816983.0,1197427.0,1.232359,1.064425,HUN,FIN,7810
816961,104,74,1314,2002.0,252466.0,9452.0,0.32974000000000003,2.376477,IND,FIN,7810
816962,106,74,1314,2002.0,0.0,1553522.0,1.7939310000000002,0.219254,IRL,FIN,7810
816963,109,74,1314,2002.0,0.0,90557.0,0.17011700000000002,-0.33925500000000003,ISL,FIN,7810
816964,110,74,1314,2002.0,0.0,219745.0,1.257709,0.8318989999999999,ISR,FIN,7810
816965,111,74,1314,2002.0,32751316.0,10373313.0,1.3944219999999998,1.125362,ITA,FIN,7810
816966,113,74,1314,2002.0,0.0,161779.0,0.34023000000000003,0.264754,JOR,FIN,7810
816967,114,74,1314,2002.0,155652064.0,380414.0,2.7747580000000003,0.43663199999999996,JPN,FIN,7810
816968,115,74,1314,2002.0,0.0,3447158.0,-0.100361,-0.502468,KAZ,FIN,7810
816969,116,74,1314,2002.0,9426.0,30001.0,-0.59055,0.000731,KEN,FIN,7810
816970,117,74,1314,2002.0,0.0,7934.0,-0.094898,0.235639,KGZ,FIN,7810
816971,118,74,1314,2002.0,0.0,15146.0,-0.8577629999999999,-1.071536,KHM,FIN,7810
816972,121,74,1314,2002.0,9540361.0,1256881.0,1.4172719999999999,0.8763139999999999,KOR,FIN,7810
816973,122,74,1314,2002.0,0.0,16804.0,-0.794007,-1.192659,KWT,FIN,7810
816974,123,74,1314,2002.0,0.0,20335.0,-0.990957,-1.111048,LAO,FIN,7810
816975,124,74,1314,2002.0,0.0,14858.0,0.220906,1.470297,LBN,FIN,7810
816976,128,74,1314,2002.0,36170.0,0.0,-0.461765,-0.057614,LKA,FIN,7810
816977,130,74,1314,2002.0,914408.0,9604654.0,0.15796,0.855931,LTU,FIN,7810
816978,131,74,1314,2002.0,26345.0,56735.0,1.396249,1.153017,LUX,FIN,7810
816979,132,74,1314,2002.0,19697.0,9935139.0,0.41409799999999997,0.6281680000000001,LVA,FIN,7810
816980,134,74,1314,2002.0,0.0,17979.0,-0.690226,-0.42557,MAR,FIN,7810
816981,135,74,1314,2002.0,0.0,934196.0,-0.017383000000000003,0.109124,MDA,FIN,7810
816982,138,74,1314,2002.0,556888.0,0.0,1.2677129999999999,0.599314,MEX,FIN,7810
816983,140,74,1314,2002.0,0.0,3205414.0,-0.027727999999999996,0.41846400000000006,MKD,FIN,7810
816984,141,74,1314,2002.0,0.0,1739.0,-0.786698,-0.682438,MLI,FIN,7810
816985,148,74,1314,2002.0,0.0,16176.0,-1.053061,-1.221967,MRT,FIN,7810
816986,153,74,1314,2002.0,16975.0,16340.0,0.9987159999999999,0.26558200000000004,MYS,FIN,7810
816987,155,74,1314,2002.0,0.0,24609.0,-0.137725,-0.361452,NAM,FIN,7810
816988,159,74,1314,2002.0,0.0,49060.0,-1.705991,-1.292926,NGA,FIN,7810
816989,160,74,1314,2002.0,0.0,20047.0,-0.634946,-0.37966,NIC,FIN,7810
816990,162,74,1314,2002.0,49011000.0,4322650.0,1.175777,1.667472,NLD,FIN,7810
816991,163,74,1314,2002.0,2613762.0,12854989.0,0.689588,-0.007016,NOR,FIN,7810
816992,166,74,1314,2002.0,0.0,18342.0,0.370673,0.7853829999999999,NZL,FIN,7810
816993,167,74,1314,2002.0,0.0,26777.0,-1.307058,-1.270916,OMN,FIN,7810
816994,168,74,1314,2002.0,0.0,19999.0,-0.7574069999999999,-0.403427,PAK,FIN,7810
816995,177,74,1314,2002.0,841195.0,802280.0,0.9449299999999999,1.655764,POL,FIN,7810
816996,179,74,1314,2002.0,841773.0,367966.0,0.584956,1.377068,PRT,FIN,7810
816997,185,74,1314,2002.0,0.0,119217.0,0.549227,1.071998,ROU,FIN,7810
816998,186,74,1314,2002.0,6196792.0,39792060.0,0.6051449999999999,0.272307,RUS,FIN,7810
816999,187,74,1314,2002.0,0.0,7966.0,-0.6278859999999999,-0.832391,RWA,FIN,7810
817000,188,74,1314,2002.0,0.0,112780.0,0.048764,-0.903125,SAU,FIN,7810
817001,189,74,1314,2002.0,112856.0,289744.0,0.523459,2.58657,SCG,FIN,7810
817002,192,74,1314,2002.0,14866.0,65016.0,1.7077209999999998,0.683549,SGP,FIN,7810
817003,206,74,1314,2002.0,13339259.0,1303592.0,1.269549,1.184774,SVK,FIN,7810
817004,207,74,1314,2002.0,2611856.0,92091.0,1.469681,1.13303,SVN,FIN,7810
817005,208,74,1314,2002.0,119247960.0,47785896.0,2.134,0.769413,SWE,FIN,7810
817006,209,74,1314,2002.0,0.0,19043.0,0.409355,-0.047221,SWZ,FIN,7810
817007,212,74,1314,2002.0,0.0,9964.0,-1.07007,-0.560769,SYR,FIN,7810
817008,216,74,1314,2002.0,26355.0,40406.0,0.513887,1.545967,THA,FIN,7810
817009,223,74,1314,2002.0,0.0,17524.0,0.059876,0.369032,TUN,FIN,7810
817010,224,74,1314,2002.0,31097762.0,153642.0,0.12982,1.8032650000000001,TUR,FIN,7810
817011,226,74,1314,2002.0,0.0,1438.0,-1.234127,-0.421158,TZA,FIN,7810
817012,228,74,1314,2002.0,0.0,3900592.0,0.575372,1.131722,UKR,FIN,7810
817013,230,74,1314,2002.0,0.0,13768.0,0.048498,0.118565,URY,FIN,7810
817014,231,74,1314,2002.0,59825852.0,214942512.0,1.853174,0.120986,USA,FIN,7810
817015,236,74,1314,2002.0,16054.0,0.0,-0.008877,-0.753486,VEN,FIN,7810
817016,239,74,1314,2002.0,0.0,46812.0,-0.44170699999999996,0.544708,VNM,FIN,7810
817017,246,74,1314,2002.0,12925.0,1331240.0,0.32760500000000004,2.497746,ZAF,FIN,7810
817018,249,74,1314,2002.0,1131783.0,54002.0,1.9084720000000002,1.253714,TWN,FIN,7810
817019,1,82,1314,2002.0,0.0,3440.0,-0.11885899999999999,-0.346093,AFG,GEO,7810
817020,7,82,1314,2002.0,724434.0,0.0,-0.288838,-0.640049,ARE,GEO,7810
817021,9,82,1314,2002.0,39489.0,235374.0,0.66447,-0.08317000000000001,ARM,GEO,7810
817022,15,82,1314,2002.0,114641.0,0.0,1.866997,0.400527,AUT,GEO,7810
817023,16,82,1314,2002.0,122032.0,157374.0,-0.566735,-1.003158,AZE,GEO,7810
817024,18,82,1314,2002.0,172608.0,0.0,1.424339,1.372755,BEL,GEO,7810
817025,23,82,1314,2002.0,86265.0,0.0,0.468058,1.644037,BGR,GEO,7810
817026,28,82,1314,2002.0,3606.0,0.0,0.865742,1.1823860000000002,BLR,GEO,7810
817027,39,82,1314,2002.0,22032.0,0.0,0.9672360000000001,1.389981,CAN,GEO,7810
817028,41,82,1314,2002.0,9883.0,0.0,2.205507,0.831836,CHE,GEO,7810
817029,59,82,1314,2002.0,99673.0,0.0,1.5835139999999999,0.9563010000000001,CZE,GEO,7810
817030,61,82,1314,2002.0,5324829.0,787821.0,2.367856,-2.195331,DEU,GEO,7810
817031,64,82,1314,2002.0,893828.0,30489.0,1.344708,1.321135,DNK,GEO,7810
817032,71,82,1314,2002.0,118570.0,9347.0,1.054108,1.9357349999999998,ESP,GEO,7810
817033,74,82,1314,2002.0,142022.0,0.0,1.9545119999999998,1.047515,FIN,GEO,7810
817034,77,82,1314,2002.0,411840.0,0.0,1.648526,0.6870430000000001,FRA,GEO,7810
817035,81,82,1314,2002.0,654465.0,243822.0,2.067395,0.7934359999999999,GBR,GEO,7810
817036,84,82,1314,2002.0,24111.0,0.0,0.404483,-0.313042,GIB,GEO,7810
817037,90,82,1314,2002.0,11585.0,0.0,0.20355399999999998,1.4130200000000002,GRC,GEO,7810
817038,102,82,1314,2002.0,2190.0,0.0,1.232359,1.064425,HUN,GEO,7810
817039,103,82,1314,2002.0,0.0,16557.0,0.098182,1.7305840000000001,IDN,GEO,7810
817040,104,82,1314,2002.0,229554.0,0.0,0.32974000000000003,2.376477,IND,GEO,7810
817041,107,82,1314,2002.0,48794.0,6580.0,-0.665259,-0.840274,IRN,GEO,7810
817042,111,82,1314,2002.0,56260.0,0.0,1.3944219999999998,1.125362,ITA,GEO,7810
817043,114,82,1314,2002.0,109353.0,0.0,2.7747580000000003,0.43663199999999996,JPN,GEO,7810
817044,115,82,1314,2002.0,1832.0,0.0,-0.100361,-0.502468,KAZ,GEO,7810
817045,121,82,1314,2002.0,113334.0,0.0,1.4172719999999999,0.8763139999999999,KOR,GEO,7810
817046,130,82,1314,2002.0,17802.0,0.0,0.15796,0.855931,LTU,GEO,7810
817047,161,82,1314,2002.0,866727.0,0.0,0.891747,-0.5216930000000001,NIU,GEO,7810
817048,162,82,1314,2002.0,115368.0,5412.0,1.175777,1.667472,NLD,GEO,7810
817049,167,82,1314,2002.0,151742.0,0.0,-1.307058,-1.270916,OMN,GEO,7810
817050,177,82,1314,2002.0,4321.0,0.0,0.9449299999999999,1.655764,POL,GEO,7810
817051,178,82,1314,2002.0,36228.0,0.0,0.629678,1.0153780000000001,PRK,GEO,7810
817052,179,82,1314,2002.0,86381.0,0.0,0.584956,1.377068,PRT,GEO,7810
817053,185,82,1314,2002.0,55968.0,0.0,0.549227,1.071998,ROU,GEO,7810
817054,186,82,1314,2002.0,354239.0,31864.0,0.6051449999999999,0.272307,RUS,GEO,7810
817055,189,82,1314,2002.0,57937.0,0.0,0.523459,2.58657,SCG,GEO,7810
817056,206,82,1314,2002.0,5058.0,0.0,1.269549,1.184774,SVK,GEO,7810
817057,207,82,1314,2002.0,58969.0,0.0,1.469681,1.13303,SVN,GEO,7810
817058,208,82,1314,2002.0,150897.0,0.0,2.134,0.769413,SWE,GEO,7810
817059,219,82,1314,2002.0,0.0,10979.0,-0.9178629999999999,-1.202212,TKM,GEO,7810
817060,224,82,1314,2002.0,710672.0,8113.0,0.12982,1.8032650000000001,TUR,GEO,7810
817061,228,82,1314,2002.0,46061.0,6309.0,0.575372,1.131722,UKR,GEO,7810
817062,231,82,1314,2002.0,179721.0,16635.0,1.853174,0.120986,USA,GEO,7810
817063,237,82,1314,2002.0,28881.0,0.0,0.6891930000000001,-0.27620500000000003,VGB,GEO,7810
817064,246,82,1314,2002.0,7578.0,0.0,0.32760500000000004,2.497746,ZAF,GEO,7810
817065,4,102,1314,2002.0,0.0,263963.0,-0.05800399999999999,0.042254,ALB,HUN,7810
817066,7,102,1314,2002.0,0.0,89833.0,-0.288838,-0.640049,ARE,HUN,7810
817067,8,102,1314,2002.0,0.0,60334.0,0.045376,0.71768,ARG,HUN,7810
817068,15,102,1314,2002.0,19378800.0,10656055.0,1.866997,0.400527,AUT,HUN,7810
817069,18,102,1314,2002.0,95380608.0,9842701.0,1.424339,1.372755,BEL,HUN,7810
817070,19,102,1314,2002.0,0.0,19734.0,-0.7683840000000001,-0.7984319999999999,BEN,HUN,7810
817071,23,102,1314,2002.0,8500.0,1286388.0,0.468058,1.644037,BGR,HUN,7810
817072,26,102,1314,2002.0,0.0,67000.0,0.223543,0.44595100000000004,BIH,HUN,7810
817073,32,102,1314,2002.0,0.0,1188090.0,0.631343,1.249344,BRA,HUN,7810
817074,39,102,1314,2002.0,325570.0,2287293.0,0.9672360000000001,1.389981,CAN,HUN,7810
817075,41,102,1314,2002.0,11416613.0,49999144.0,2.205507,0.831836,CHE,HUN,7810
817076,42,102,1314,2002.0,0.0,47219.0,-0.079201,-0.11449200000000001,CHL,HUN,7810
817077,43,102,1314,2002.0,0.0,141762.0,0.6181220000000001,1.9636759999999998,CHN,HUN,7810
817078,44,102,1314,2002.0,0.0,6517.0,-0.803739,-0.752218,CIV,HUN,7810
817079,58,102,1314,2002.0,0.0,140463.0,0.332088,0.50441,CYP,HUN,7810
817080,59,102,1314,2002.0,101127496.0,7750286.0,1.5835139999999999,0.9563010000000001,CZE,HUN,7810
817081,61,102,1314,2002.0,339270432.0,1155170944.0,2.367856,-2.195331,DEU,HUN,7810
817082,64,102,1314,2002.0,125751.0,11472447.0,1.344708,1.321135,DNK,HUN,7810
817083,67,102,1314,2002.0,0.0,16767.0,-0.973858,-0.8924979999999999,ECU,HUN,7810
817084,68,102,1314,2002.0,0.0,13981.0,-0.37218,0.634319,EGY,HUN,7810
817085,71,102,1314,2002.0,132900288.0,9105648.0,1.054108,1.9357349999999998,ESP,HUN,7810
817086,72,102,1314,2002.0,15595.0,34868.0,0.576142,1.168563,EST,HUN,7810
817087,73,102,1314,2002.0,0.0,8109.0,-1.289118,-1.0291540000000001,ETH,HUN,7810
817088,74,102,1314,2002.0,1197427.0,816983.0,1.9545119999999998,1.047515,FIN,HUN,7810
817089,77,102,1314,2002.0,187199952.0,66489692.0,1.648526,0.6870430000000001,FRA,HUN,7810
817090,78,102,1314,2002.0,0.0,48393.0,-0.33811399999999997,-0.8092050000000001,FRO,HUN,7810
817091,81,102,1314,2002.0,29285496.0,77266112.0,2.067395,0.7934359999999999,GBR,HUN,7810
817092,82,102,1314,2002.0,0.0,2190.0,0.23526999999999998,-0.156333,GEO,HUN,7810
817093,90,102,1314,2002.0,0.0,22684804.0,0.20355399999999998,1.4130200000000002,GRC,HUN,7810
817094,100,102,1314,2002.0,1883.0,71708.0,0.603546,1.273001,HRV,HUN,7810
817095,104,102,1314,2002.0,258160.0,0.0,0.32974000000000003,2.376477,IND,HUN,7810
817096,106,102,1314,2002.0,0.0,1018995.0,1.7939310000000002,0.219254,IRL,HUN,7810
817097,109,102,1314,2002.0,0.0,12173.0,0.17011700000000002,-0.33925500000000003,ISL,HUN,7810
817098,110,102,1314,2002.0,0.0,4449152.0,1.257709,0.8318989999999999,ISR,HUN,7810
817099,111,102,1314,2002.0,55701712.0,74161616.0,1.3944219999999998,1.125362,ITA,HUN,7810
817100,114,102,1314,2002.0,28561666.0,20600308.0,2.7747580000000003,0.43663199999999996,JPN,HUN,7810
817101,115,102,1314,2002.0,0.0,17554.0,-0.100361,-0.502468,KAZ,HUN,7810
817102,121,102,1314,2002.0,43930468.0,1001370.0,1.4172719999999999,0.8763139999999999,KOR,HUN,7810
817103,124,102,1314,2002.0,0.0,170402.0,0.220906,1.470297,LBN,HUN,7810
817104,130,102,1314,2002.0,0.0,42274.0,0.15796,0.855931,LTU,HUN,7810
817105,131,102,1314,2002.0,84411.0,18269.0,1.396249,1.153017,LUX,HUN,7810
817106,132,102,1314,2002.0,0.0,39894.0,0.41409799999999997,0.6281680000000001,LVA,HUN,7810
817107,134,102,1314,2002.0,0.0,44720.0,-0.690226,-0.42557,MAR,HUN,7810
817108,135,102,1314,2002.0,0.0,30166.0,-0.017383000000000003,0.109124,MDA,HUN,7810
817109,138,102,1314,2002.0,474127.0,4758671.0,1.2677129999999999,0.599314,MEX,HUN,7810
817110,140,102,1314,2002.0,0.0,445529.0,-0.027727999999999996,0.41846400000000006,MKD,HUN,7810
817111,151,102,1314,2002.0,0.0,11378.0,-0.382062,-0.379224,MUS,HUN,7810
817112,159,102,1314,2002.0,0.0,7145.0,-1.705991,-1.292926,NGA,HUN,7810
817113,162,102,1314,2002.0,46906108.0,40441900.0,1.175777,1.667472,NLD,HUN,7810
817114,163,102,1314,2002.0,0.0,766247.0,0.689588,-0.007016,NOR,HUN,7810
817115,173,102,1314,2002.0,0.0,21495.0,-0.456603,0.030838,PER,HUN,7810
817116,174,102,1314,2002.0,0.0,6557.0,0.29601,-0.232513,PHL,HUN,7810
817117,177,102,1314,2002.0,35344300.0,12400918.0,0.9449299999999999,1.655764,POL,HUN,7810
817118,179,102,1314,2002.0,3962594.0,77087.0,0.584956,1.377068,PRT,HUN,7810
817119,183,102,1314,2002.0,0.0,9397.0,-0.002177,-1.042517,QAT,HUN,7810
817120,185,102,1314,2002.0,7004086.0,2537044.0,0.549227,1.071998,ROU,HUN,7810
817121,186,102,1314,2002.0,1363388.0,11709277.0,0.6051449999999999,0.272307,RUS,HUN,7810
817122,189,102,1314,2002.0,3621.0,634661.0,0.523459,2.58657,SCG,HUN,7810
817123,206,102,1314,2002.0,38029840.0,302391.0,1.269549,1.184774,SVK,HUN,7810
817124,207,102,1314,2002.0,14569019.0,10793173.0,1.469681,1.13303,SVN,HUN,7810
817125,208,102,1314,2002.0,12413942.0,838140.0,2.134,0.769413,SWE,HUN,7810
817126,211,102,1314,2002.0,0.0,119639.0,-0.8837229999999999,-0.975607,SYC,HUN,7810
817127,212,102,1314,2002.0,0.0,36640.0,-1.07007,-0.560769,SYR,HUN,7810
817128,216,102,1314,2002.0,32928.0,15510.0,0.513887,1.545967,THA,HUN,7810
817129,224,102,1314,2002.0,25801602.0,849281.0,0.12982,1.8032650000000001,TUR,HUN,7810
817130,228,102,1314,2002.0,0.0,830981.0,0.575372,1.131722,UKR,HUN,7810
817131,231,102,1314,2002.0,1304602.0,178587792.0,1.853174,0.120986,USA,HUN,7810
817132,236,102,1314,2002.0,0.0,59617.0,-0.008877,-0.753486,VEN,HUN,7810
817133,246,102,1314,2002.0,0.0,4988582.0,0.32760500000000004,2.497746,ZAF,HUN,7810
817134,1,104,1314,2002.0,0.0,752477.0,-0.11885899999999999,-0.346093,AFG,IND,7810
817135,2,104,1314,2002.0,0.0,288023.0,-1.8043639999999999,-1.250642,AGO,IND,7810
817136,7,104,1314,2002.0,273297.0,137252.0,-0.288838,-0.640049,ARE,IND,7810
817137,8,104,1314,2002.0,5096.0,46980.0,0.045376,0.71768,ARG,IND,7810
817138,14,104,1314,2002.0,50948.0,478049.0,-0.052462,0.759617,AUS,IND,7810
817139,15,104,1314,2002.0,0.0,1266514.0,1.866997,0.400527,AUT,IND,7810
817140,18,104,1314,2002.0,5206491.0,1165700.0,1.424339,1.372755,BEL,IND,7810
817141,19,104,1314,2002.0,0.0,42228.0,-0.7683840000000001,-0.7984319999999999,BEN,IND,7810
817142,21,104,1314,2002.0,0.0,5564.0,-0.5542590000000001,-0.5946060000000001,BFA,IND,7810
817143,22,104,1314,2002.0,2512.0,6451412.0,-0.9509,-1.113308,BGD,IND,7810
817144,23,104,1314,2002.0,0.0,33712.0,0.468058,1.644037,BGR,IND,7810
817145,24,104,1314,2002.0,6110.0,0.0,-0.31754099999999996,-1.099381,BHR,IND,7810
817146,28,104,1314,2002.0,0.0,15031.0,0.865742,1.1823860000000002,BLR,IND,7810
817147,31,104,1314,2002.0,0.0,88940.0,-0.785592,-0.6761119999999999,BOL,IND,7810
817148,32,104,1314,2002.0,8571448.0,0.0,0.631343,1.249344,BRA,IND,7810
817149,34,104,1314,2002.0,22222.0,595545.0,-1.359507,-1.084339,BRN,IND,7810
817150,35,104,1314,2002.0,0.0,583087.0,0.068259,-0.613581,BTN,IND,7810
817151,39,104,1314,2002.0,6995.0,9341.0,0.9672360000000001,1.389981,CAN,IND,7810
817152,41,104,1314,2002.0,21083.0,4867972.0,2.205507,0.831836,CHE,IND,7810
817153,42,104,1314,2002.0,0.0,1153940.0,-0.079201,-0.11449200000000001,CHL,IND,7810
817154,43,104,1314,2002.0,7667.0,169842.0,0.6181220000000001,1.9636759999999998,CHN,IND,7810
817155,44,104,1314,2002.0,0.0,44330.0,-0.803739,-0.752218,CIV,IND,7810
817156,49,104,1314,2002.0,0.0,1212974.0,0.219861,0.45238999999999996,COL,IND,7810
817157,52,104,1314,2002.0,0.0,230987.0,0.083983,-0.096237,CRI,IND,7810
817158,54,104,1314,2002.0,0.0,164562.0,-0.896759,-1.079825,CUB,IND,7810
817159,58,104,1314,2002.0,0.0,465372.0,0.332088,0.50441,CYP,IND,7810
817160,59,104,1314,2002.0,12672214.0,3183.0,1.5835139999999999,0.9563010000000001,CZE,IND,7810
817161,61,104,1314,2002.0,22271438.0,12592711.0,2.367856,-2.195331,DEU,IND,7810
817162,62,104,1314,2002.0,0.0,491752.0,-0.03383,-0.014618,DJI,IND,7810
817163,64,104,1314,2002.0,9082.0,0.0,1.344708,1.321135,DNK,IND,7810
817164,65,104,1314,2002.0,0.0,111804.0,-0.43339300000000003,-0.378827,DOM,IND,7810
817165,66,104,1314,2002.0,0.0,8895890.0,-0.9281389999999999,-1.19549,DZA,IND,7810
817166,67,104,1314,2002.0,0.0,1414538.0,-0.973858,-0.8924979999999999,ECU,IND,7810
817167,68,104,1314,2002.0,1127.0,2249768.0,-0.37218,0.634319,EGY,IND,7810
817168,71,104,1314,2002.0,55877.0,13648694.0,1.054108,1.9357349999999998,ESP,IND,7810
817169,72,104,1314,2002.0,0.0,76786.0,0.576142,1.168563,EST,IND,7810
817170,73,104,1314,2002.0,0.0,66562.0,-1.289118,-1.0291540000000001,ETH,IND,7810
817171,74,104,1314,2002.0,9452.0,252466.0,1.9545119999999998,1.047515,FIN,IND,7810
817172,75,104,1314,2002.0,0.0,316908.0,-0.788026,-0.432015,FJI,IND,7810
817173,77,104,1314,2002.0,2213354.0,3113765.0,1.648526,0.6870430000000001,FRA,IND,7810
817174,81,104,1314,2002.0,1002534.0,6948938.0,2.067395,0.7934359999999999,GBR,IND,7810
817175,82,104,1314,2002.0,0.0,229554.0,0.23526999999999998,-0.156333,GEO,IND,7810
817176,83,104,1314,2002.0,0.0,131488.0,-1.258567,-1.048266,GHA,IND,7810
817177,85,104,1314,2002.0,0.0,84013.0,-1.684157,-1.256743,GIN,IND,7810
817178,87,104,1314,2002.0,0.0,61915.0,0.266536,0.20776,GMB,IND,7810
817179,90,104,1314,2002.0,0.0,1670483.0,0.20355399999999998,1.4130200000000002,GRC,IND,7810
817180,97,104,1314,2002.0,71442.0,217299.0,0.704932,1.291658,HKG,IND,7810
817181,99,104,1314,2002.0,0.0,11021.0,-0.637891,-0.564421,HND,IND,7810
817182,100,104,1314,2002.0,0.0,4953.0,0.603546,1.273001,HRV,IND,7810
817183,101,104,1314,2002.0,0.0,140726.0,-0.837823,-0.834512,HTI,IND,7810
817184,102,104,1314,2002.0,0.0,258160.0,1.232359,1.064425,HUN,IND,7810
817185,103,104,1314,2002.0,88333.0,9367093.0,0.098182,1.7305840000000001,IDN,IND,7810
817186,106,104,1314,2002.0,0.0,627771.0,1.7939310000000002,0.219254,IRL,IND,7810
817187,107,104,1314,2002.0,22670.0,94471.0,-0.665259,-0.840274,IRN,IND,7810
817188,110,104,1314,2002.0,0.0,255328.0,1.257709,0.8318989999999999,ISR,IND,7810
817189,111,104,1314,2002.0,168844.0,24555180.0,1.3944219999999998,1.125362,ITA,IND,7810
817190,113,104,1314,2002.0,0.0,92696.0,0.34023000000000003,0.264754,JOR,IND,7810
817191,114,104,1314,2002.0,9134580.0,389294.0,2.7747580000000003,0.43663199999999996,JPN,IND,7810
817192,116,104,1314,2002.0,0.0,678044.0,-0.59055,0.000731,KEN,IND,7810
817193,121,104,1314,2002.0,488072.0,1936289.0,1.4172719999999999,0.8763139999999999,KOR,IND,7810
817194,122,104,1314,2002.0,3339.0,98015.0,-0.794007,-1.192659,KWT,IND,7810
817195,124,104,1314,2002.0,0.0,2531.0,0.220906,1.470297,LBN,IND,7810
817196,128,104,1314,2002.0,0.0,5607016.0,-0.461765,-0.057614,LKA,IND,7810
817197,137,104,1314,2002.0,0.0,48671.0,-1.0471700000000002,-0.976184,MDV,IND,7810
817198,142,104,1314,2002.0,0.0,2015921.0,0.901235,-0.140261,MLT,IND,7810
817199,147,104,1314,2002.0,0.0,81534.0,-1.337891,-1.187073,MOZ,IND,7810
817200,151,104,1314,2002.0,6223.0,63785.0,-0.382062,-0.379224,MUS,IND,7810
817201,152,104,1314,2002.0,0.0,38994.0,-1.431612,-1.234903,MWI,IND,7810
817202,153,104,1314,2002.0,177960.0,303434.0,0.9987159999999999,0.26558200000000004,MYS,IND,7810
817203,155,104,1314,2002.0,0.0,11601.0,-0.137725,-0.361452,NAM,IND,7810
817204,159,104,1314,2002.0,0.0,438049.0,-1.705991,-1.292926,NGA,IND,7810
817205,162,104,1314,2002.0,45315.0,62674296.0,1.175777,1.667472,NLD,IND,7810
817206,164,104,1314,2002.0,0.0,9462781.0,-0.065582,0.464797,NPL,IND,7810
817207,166,104,1314,2002.0,0.0,8462.0,0.370673,0.7853829999999999,NZL,IND,7810
817208,167,104,1314,2002.0,0.0,107091.0,-1.307058,-1.270916,OMN,IND,7810
817209,169,104,1314,2002.0,0.0,11818.0,0.085746,0.21839,PAN,IND,7810
817210,173,104,1314,2002.0,0.0,107732.0,-0.456603,0.030838,PER,IND,7810
817211,174,104,1314,2002.0,20072.0,10297.0,0.29601,-0.232513,PHL,IND,7810
817212,178,104,1314,2002.0,0.0,2680.0,0.629678,1.0153780000000001,PRK,IND,7810
817213,179,104,1314,2002.0,13560.0,459481.0,0.584956,1.377068,PRT,IND,7810
817214,183,104,1314,2002.0,0.0,79667.0,-0.002177,-1.042517,QAT,IND,7810
817215,185,104,1314,2002.0,0.0,9338.0,0.549227,1.071998,ROU,IND,7810
817216,186,104,1314,2002.0,0.0,31507.0,0.6051449999999999,0.272307,RUS,IND,7810
817217,188,104,1314,2002.0,13185.0,162748.0,0.048764,-0.903125,SAU,IND,7810
817218,189,104,1314,2002.0,0.0,24834.0,0.523459,2.58657,SCG,IND,7810
817219,190,104,1314,2002.0,0.0,203917.0,-1.336665,-1.19919,SDN,IND,7810
817220,191,104,1314,2002.0,0.0,8508.0,-0.5424939999999999,-0.554531,SEN,IND,7810
817221,192,104,1314,2002.0,45353.0,163957.0,1.7077209999999998,0.683549,SGP,IND,7810
817222,196,104,1314,2002.0,0.0,69864.0,0.29478899999999997,0.055865,SLE,IND,7810
817223,197,104,1314,2002.0,0.0,40297.0,-0.258579,-0.096214,SLV,IND,7810
817224,205,104,1314,2002.0,8326.0,0.0,-1.002898,-0.905595,SUR,IND,7810
817225,207,104,1314,2002.0,3264.0,0.0,1.469681,1.13303,SVN,IND,7810
817226,208,104,1314,2002.0,424658.0,234243.0,2.134,0.769413,SWE,IND,7810
817227,211,104,1314,2002.0,0.0,57665.0,-0.8837229999999999,-0.975607,SYC,IND,7810
817228,212,104,1314,2002.0,0.0,398420.0,-1.07007,-0.560769,SYR,IND,7810
817229,216,104,1314,2002.0,165555.0,24276.0,0.513887,1.545967,THA,IND,7810
817230,222,104,1314,2002.0,0.0,27731.0,-0.056315,-0.803537,TTO,IND,7810
817231,224,104,1314,2002.0,13982.0,41687.0,0.12982,1.8032650000000001,TUR,IND,7810
817232,226,104,1314,2002.0,0.0,62256.0,-1.234127,-0.421158,TZA,IND,7810
817233,227,104,1314,2002.0,0.0,93814.0,-1.262952,-0.903123,UGA,IND,7810
817234,228,104,1314,2002.0,0.0,17937.0,0.575372,1.131722,UKR,IND,7810
817235,230,104,1314,2002.0,0.0,36818.0,0.048498,0.118565,URY,IND,7810
817236,231,104,1314,2002.0,1180029.0,171745.0,1.853174,0.120986,USA,IND,7810
817237,236,104,1314,2002.0,1372.0,16071.0,-0.008877,-0.753486,VEN,IND,7810
817238,239,104,1314,2002.0,0.0,85621.0,-0.44170699999999996,0.544708,VNM,IND,7810
817239,246,104,1314,2002.0,155664.0,59451.0,0.32760500000000004,2.497746,ZAF,IND,7810
817240,247,104,1314,2002.0,0.0,579788.0,-0.840258,-0.639474,ZMB,IND,7810
817241,248,104,1314,2002.0,46055.0,0.0,-0.36033000000000004,0.452182,ZWE,IND,7810
817242,249,104,1314,2002.0,6853.0,0.0,1.9084720000000002,1.253714,TWN,IND,7810
817243,250,104,1314,2002.0,41806.0,0.0,0.5979300000000001,-0.497816,ANS,IND,7810
817244,7,113,1314,2002.0,0.0,370943.0,-0.288838,-0.640049,ARE,JOR,7810
817245,14,113,1314,2002.0,84901.0,0.0,-0.052462,0.759617,AUS,JOR,7810
817246,15,113,1314,2002.0,318184.0,0.0,1.866997,0.400527,AUT,JOR,7810
817247,18,113,1314,2002.0,7010844.0,4007.0,1.424339,1.372755,BEL,JOR,7810
817248,23,113,1314,2002.0,0.0,5826.0,0.468058,1.644037,BGR,JOR,7810
817249,24,113,1314,2002.0,66539.0,22873.0,-0.31754099999999996,-1.099381,BHR,JOR,7810
817250,32,113,1314,2002.0,175107.0,0.0,0.631343,1.249344,BRA,JOR,7810
817251,39,113,1314,2002.0,527391.0,0.0,0.9672360000000001,1.389981,CAN,JOR,7810
817252,41,113,1314,2002.0,226602.0,0.0,2.205507,0.831836,CHE,JOR,7810
817253,43,113,1314,2002.0,10559.0,0.0,0.6181220000000001,1.9636759999999998,CHN,JOR,7810
817254,59,113,1314,2002.0,896108.0,0.0,1.5835139999999999,0.9563010000000001,CZE,JOR,7810
817255,61,113,1314,2002.0,78147088.0,141039.0,2.367856,-2.195331,DEU,JOR,7810
817256,64,113,1314,2002.0,91554.0,68169.0,1.344708,1.321135,DNK,JOR,7810
817257,68,113,1314,2002.0,0.0,26971.0,-0.37218,0.634319,EGY,JOR,7810
817258,71,113,1314,2002.0,1485076.0,0.0,1.054108,1.9357349999999998,ESP,JOR,7810
817259,73,113,1314,2002.0,0.0,15945.0,-1.289118,-1.0291540000000001,ETH,JOR,7810
817260,74,113,1314,2002.0,161779.0,0.0,1.9545119999999998,1.047515,FIN,JOR,7810
817261,77,113,1314,2002.0,2354103.0,11139.0,1.648526,0.6870430000000001,FRA,JOR,7810
817262,81,113,1314,2002.0,3207019.0,5795.0,2.067395,0.7934359999999999,GBR,JOR,7810
817263,83,113,1314,2002.0,0.0,13037.0,-1.258567,-1.048266,GHA,JOR,7810
817264,93,113,1314,2002.0,57568.0,0.0,-0.49913,-0.038079,GTM,JOR,7810
817265,104,113,1314,2002.0,92696.0,0.0,0.32974000000000003,2.376477,IND,JOR,7810
817266,106,113,1314,2002.0,1570.0,0.0,1.7939310000000002,0.219254,IRL,JOR,7810
817267,107,113,1314,2002.0,0.0,1222607.0,-0.665259,-0.840274,IRN,JOR,7810
817268,108,113,1314,2002.0,0.0,19763004.0,-1.008202,-0.9532209999999999,IRQ,JOR,7810
817269,110,113,1314,2002.0,25618.0,60720.0,1.257709,0.8318989999999999,ISR,JOR,7810
817270,111,113,1314,2002.0,1628421.0,13835.0,1.3944219999999998,1.125362,ITA,JOR,7810
817271,114,113,1314,2002.0,30989528.0,0.0,2.7747580000000003,0.43663199999999996,JPN,JOR,7810
817272,116,113,1314,2002.0,0.0,1076.0,-0.59055,0.000731,KEN,JOR,7810
817273,121,113,1314,2002.0,21220824.0,8460.0,1.4172719999999999,0.8763139999999999,KOR,JOR,7810
817274,122,113,1314,2002.0,0.0,68018.0,-0.794007,-1.192659,KWT,JOR,7810
817275,124,113,1314,2002.0,1972.0,27614.0,0.220906,1.470297,LBN,JOR,7810
817276,126,113,1314,2002.0,0.0,702791.0,-0.692769,-1.188682,LBY,JOR,7810
817277,130,113,1314,2002.0,0.0,2240.0,0.15796,0.855931,LTU,JOR,7810
817278,134,113,1314,2002.0,0.0,3965.0,-0.690226,-0.42557,MAR,JOR,7810
817279,138,113,1314,2002.0,12960.0,0.0,1.2677129999999999,0.599314,MEX,JOR,7810
817280,151,113,1314,2002.0,0.0,4695.0,-0.382062,-0.379224,MUS,JOR,7810
817281,153,113,1314,2002.0,315208.0,7394.0,0.9987159999999999,0.26558200000000004,MYS,JOR,7810
817282,159,113,1314,2002.0,0.0,11411.0,-1.705991,-1.292926,NGA,JOR,7810
817283,162,113,1314,2002.0,579366.0,0.0,1.175777,1.667472,NLD,JOR,7810
817284,167,113,1314,2002.0,3044712.0,35282.0,-1.307058,-1.270916,OMN,JOR,7810
817285,174,113,1314,2002.0,0.0,40380.0,0.29601,-0.232513,PHL,JOR,7810
817286,179,113,1314,2002.0,0.0,4527.0,0.584956,1.377068,PRT,JOR,7810
817287,183,113,1314,2002.0,783744.0,0.0,-0.002177,-1.042517,QAT,JOR,7810
817288,186,113,1314,2002.0,86200.0,0.0,0.6051449999999999,0.272307,RUS,JOR,7810
817289,188,113,1314,2002.0,985122.0,645090.0,0.048764,-0.903125,SAU,JOR,7810
817290,190,113,1314,2002.0,5877.0,69738.0,-1.336665,-1.19919,SDN,JOR,7810
817291,192,113,1314,2002.0,2621.0,0.0,1.7077209999999998,0.683549,SGP,JOR,7810
817292,206,113,1314,2002.0,57936.0,0.0,1.269549,1.184774,SVK,JOR,7810
817293,208,113,1314,2002.0,2501604.0,0.0,2.134,0.769413,SWE,JOR,7810
817294,212,113,1314,2002.0,0.0,108158.0,-1.07007,-0.560769,SYR,JOR,7810
817295,216,113,1314,2002.0,55057.0,10193.0,0.513887,1.545967,THA,JOR,7810
817296,223,113,1314,2002.0,0.0,6628.0,0.059876,0.369032,TUN,JOR,7810
817297,224,113,1314,2002.0,1336726.0,32049.0,0.12982,1.8032650000000001,TUR,JOR,7810
817298,226,113,1314,2002.0,0.0,10397.0,-1.234127,-0.421158,TZA,JOR,7810
817299,231,113,1314,2002.0,9650445.0,50201.0,1.853174,0.120986,USA,JOR,7810
817300,243,113,1314,2002.0,0.0,12698.0,-1.447637,-1.289748,YEM,JOR,7810
817301,246,113,1314,2002.0,0.0,9879.0,0.32760500000000004,2.497746,ZAF,JOR,7810
817302,250,113,1314,2002.0,0.0,10821546.0,0.5979300000000001,-0.497816,ANS,JOR,7810
817303,1,115,1314,2002.0,0.0,22607.0,-0.11885899999999999,-0.346093,AFG,KAZ,7810
817304,3,115,1314,2002.0,1766.0,0.0,1.822725,0.45911899999999994,AIA,KAZ,7810
817305,7,115,1314,2002.0,342117.0,0.0,-0.288838,-0.640049,ARE,KAZ,7810
817306,14,115,1314,2002.0,23791.0,0.0,-0.052462,0.759617,AUS,KAZ,7810
817307,15,115,1314,2002.0,915245.0,51050.0,1.866997,0.400527,AUT,KAZ,7810
817308,16,115,1314,2002.0,113702.0,193498.0,-0.566735,-1.003158,AZE,KAZ,7810
817309,18,115,1314,2002.0,213524.0,59050.0,1.424339,1.372755,BEL,KAZ,7810
817310,23,115,1314,2002.0,66494.0,4137.0,0.468058,1.644037,BGR,KAZ,7810
817311,28,115,1314,2002.0,6868.0,7684.0,0.865742,1.1823860000000002,BLR,KAZ,7810
817312,39,115,1314,2002.0,106544.0,0.0,0.9672360000000001,1.389981,CAN,KAZ,7810
817313,41,115,1314,2002.0,36372.0,0.0,2.205507,0.831836,CHE,KAZ,7810
817314,43,115,1314,2002.0,61251.0,144128.0,0.6181220000000001,1.9636759999999998,CHN,KAZ,7810
817315,59,115,1314,2002.0,9153935.0,0.0,1.5835139999999999,0.9563010000000001,CZE,KAZ,7810
817316,61,115,1314,2002.0,46667888.0,111444.0,2.367856,-2.195331,DEU,KAZ,7810
817317,64,115,1314,2002.0,945383.0,0.0,1.344708,1.321135,DNK,KAZ,7810
817318,71,115,1314,2002.0,77792.0,0.0,1.054108,1.9357349999999998,ESP,KAZ,7810
817319,72,115,1314,2002.0,5600.0,0.0,0.576142,1.168563,EST,KAZ,7810
817320,74,115,1314,2002.0,3447158.0,0.0,1.9545119999999998,1.047515,FIN,KAZ,7810
817321,77,115,1314,2002.0,130446.0,104623.0,1.648526,0.6870430000000001,FRA,KAZ,7810
817322,81,115,1314,2002.0,627431.0,0.0,2.067395,0.7934359999999999,GBR,KAZ,7810
817323,82,115,1314,2002.0,0.0,1832.0,0.23526999999999998,-0.156333,GEO,KAZ,7810
817324,90,115,1314,2002.0,0.0,5589.0,0.20355399999999998,1.4130200000000002,GRC,KAZ,7810
817325,93,115,1314,2002.0,0.0,7470.0,-0.49913,-0.038079,GTM,KAZ,7810
817326,102,115,1314,2002.0,17554.0,0.0,1.232359,1.064425,HUN,KAZ,7810
817327,107,115,1314,2002.0,167612.0,9218.0,-0.665259,-0.840274,IRN,KAZ,7810
817328,111,115,1314,2002.0,54634.0,5584.0,1.3944219999999998,1.125362,ITA,KAZ,7810
817329,114,115,1314,2002.0,11561701.0,0.0,2.7747580000000003,0.43663199999999996,JPN,KAZ,7810
817330,117,115,1314,2002.0,90842.0,272026.0,-0.094898,0.235639,KGZ,KAZ,7810
817331,121,115,1314,2002.0,1718565.0,27111.0,1.4172719999999999,0.8763139999999999,KOR,KAZ,7810
817332,130,115,1314,2002.0,9397657.0,0.0,0.15796,0.855931,LTU,KAZ,7810
817333,131,115,1314,2002.0,5268.0,0.0,1.396249,1.153017,LUX,KAZ,7810
817334,132,115,1314,2002.0,2149.0,0.0,0.41409799999999997,0.6281680000000001,LVA,KAZ,7810
817335,145,115,1314,2002.0,15450.0,0.0,-0.711096,-0.9835799999999999,MNG,KAZ,7810
817336,153,115,1314,2002.0,3908.0,0.0,0.9987159999999999,0.26558200000000004,MYS,KAZ,7810
817337,162,115,1314,2002.0,301004.0,8958.0,1.175777,1.667472,NLD,KAZ,7810
817338,167,115,1314,2002.0,1428366.0,0.0,-1.307058,-1.270916,OMN,KAZ,7810
817339,177,115,1314,2002.0,35054.0,0.0,0.9449299999999999,1.655764,POL,KAZ,7810
817340,185,115,1314,2002.0,8791.0,0.0,0.549227,1.071998,ROU,KAZ,7810
817341,186,115,1314,2002.0,80578384.0,483103.0,0.6051449999999999,0.272307,RUS,KAZ,7810
817342,208,115,1314,2002.0,172467.0,0.0,2.134,0.769413,SWE,KAZ,7810
817343,217,115,1314,2002.0,9120.0,241545.0,-0.8483510000000001,-1.09992,TJK,KAZ,7810
817344,219,115,1314,2002.0,194836.0,5406.0,-0.9178629999999999,-1.202212,TKM,KAZ,7810
817345,224,115,1314,2002.0,198236.0,39055.0,0.12982,1.8032650000000001,TUR,KAZ,7810
817346,228,115,1314,2002.0,0.0,22753.0,0.575372,1.131722,UKR,KAZ,7810
817347,231,115,1314,2002.0,794267.0,0.0,1.853174,0.120986,USA,KAZ,7810
817348,232,115,1314,2002.0,363907.0,105535.0,-0.583861,-0.758266,UZB,KAZ,7810
817349,249,115,1314,2002.0,3917.0,0.0,1.9084720000000002,1.253714,TWN,KAZ,7810
817350,4,116,1314,2002.0,0.0,15675.0,-0.05800399999999999,0.042254,ALB,KEN,7810
817351,7,116,1314,2002.0,494008.0,8207.0,-0.288838,-0.640049,ARE,KEN,7810
817352,14,116,1314,2002.0,78937.0,3123.0,-0.052462,0.759617,AUS,KEN,7810
817353,15,116,1314,2002.0,14000.0,0.0,1.866997,0.400527,AUT,KEN,7810
817354,17,116,1314,2002.0,0.0,10362.0,-0.399212,-0.67657,BDI,KEN,7810
817355,18,116,1314,2002.0,702461.0,30035.0,1.424339,1.372755,BEL,KEN,7810
817356,22,116,1314,2002.0,0.0,25294.0,-0.9509,-1.113308,BGD,KEN,7810
817357,23,116,1314,2002.0,5552.0,0.0,0.468058,1.644037,BGR,KEN,7810
817358,37,116,1314,2002.0,35990.0,0.0,-0.164526,-1.04616,BWA,KEN,7810
817359,39,116,1314,2002.0,3973.0,0.0,0.9672360000000001,1.389981,CAN,KEN,7810
817360,41,116,1314,2002.0,94011.0,0.0,2.205507,0.831836,CHE,KEN,7810
817361,44,116,1314,2002.0,31753.0,0.0,-0.803739,-0.752218,CIV,KEN,7810
817362,45,116,1314,2002.0,0.0,11284.0,-1.188713,-1.109944,CMR,KEN,7810
817363,46,116,1314,2002.0,0.0,29654.0,-1.218664,-1.1406120000000002,COD,KEN,7810
817364,47,116,1314,2002.0,2348.0,0.0,-1.468836,-1.250484,COG,KEN,7810
817365,58,116,1314,2002.0,16249.0,1547.0,0.332088,0.50441,CYP,KEN,7810
817366,61,116,1314,2002.0,3104326.0,18412.0,2.367856,-2.195331,DEU,KEN,7810
817367,64,116,1314,2002.0,135291.0,0.0,1.344708,1.321135,DNK,KEN,7810
817368,69,116,1314,2002.0,0.0,10942.0,1.019399,0.23989899999999997,ERI,KEN,7810
817369,71,116,1314,2002.0,729026.0,0.0,1.054108,1.9357349999999998,ESP,KEN,7810
817370,73,116,1314,2002.0,40303.0,238673.0,-1.289118,-1.0291540000000001,ETH,KEN,7810
817371,74,116,1314,2002.0,30001.0,9426.0,1.9545119999999998,1.047515,FIN,KEN,7810
817372,77,116,1314,2002.0,3162683.0,3727.0,1.648526,0.6870430000000001,FRA,KEN,7810
817373,81,116,1314,2002.0,2706118.0,224075.0,2.067395,0.7934359999999999,GBR,KEN,7810
817374,83,116,1314,2002.0,0.0,2223.0,-1.258567,-1.048266,GHA,KEN,7810
817375,85,116,1314,2002.0,0.0,10248.0,-1.684157,-1.256743,GIN,KEN,7810
817376,87,116,1314,2002.0,20401.0,0.0,0.266536,0.20776,GMB,KEN,7810
817377,103,116,1314,2002.0,7182.0,0.0,0.098182,1.7305840000000001,IDN,KEN,7810
817378,104,116,1314,2002.0,678044.0,0.0,0.32974000000000003,2.376477,IND,KEN,7810
817379,106,116,1314,2002.0,26622.0,0.0,1.7939310000000002,0.219254,IRL,KEN,7810
817380,110,116,1314,2002.0,5931.0,0.0,1.257709,0.8318989999999999,ISR,KEN,7810
817381,111,116,1314,2002.0,256790.0,118088.0,1.3944219999999998,1.125362,ITA,KEN,7810
817382,113,116,1314,2002.0,1076.0,0.0,0.34023000000000003,0.264754,JOR,KEN,7810
817383,114,116,1314,2002.0,37179928.0,8646.0,2.7747580000000003,0.43663199999999996,JPN,KEN,7810
817384,121,116,1314,2002.0,180386.0,0.0,1.4172719999999999,0.8763139999999999,KOR,KEN,7810
817385,147,116,1314,2002.0,1622.0,0.0,-1.337891,-1.187073,MOZ,KEN,7810
817386,148,116,1314,2002.0,490368.0,0.0,-1.053061,-1.221967,MRT,KEN,7810
817387,152,116,1314,2002.0,11404.0,80415.0,-1.431612,-1.234903,MWI,KEN,7810
817388,153,116,1314,2002.0,0.0,3422.0,0.9987159999999999,0.26558200000000004,MYS,KEN,7810
817389,155,116,1314,2002.0,29901.0,0.0,-0.137725,-0.361452,NAM,KEN,7810
817390,162,116,1314,2002.0,108119.0,18841.0,1.175777,1.667472,NLD,KEN,7810
817391,166,116,1314,2002.0,26936.0,16893.0,0.370673,0.7853829999999999,NZL,KEN,7810
817392,167,116,1314,2002.0,26007.0,0.0,-1.307058,-1.270916,OMN,KEN,7810
817393,168,116,1314,2002.0,2085.0,20342.0,-0.7574069999999999,-0.403427,PAK,KEN,7810
817394,173,116,1314,2002.0,38495.0,0.0,-0.456603,0.030838,PER,KEN,7810
817395,178,116,1314,2002.0,3322.0,0.0,0.629678,1.0153780000000001,PRK,KEN,7810
817396,179,116,1314,2002.0,1339.0,0.0,0.584956,1.377068,PRT,KEN,7810
817397,186,116,1314,2002.0,55930.0,0.0,0.6051449999999999,0.272307,RUS,KEN,7810
817398,187,116,1314,2002.0,1985.0,9048.0,-0.6278859999999999,-0.832391,RWA,KEN,7810
817399,188,116,1314,2002.0,31713.0,13512.0,0.048764,-0.903125,SAU,KEN,7810
817400,190,116,1314,2002.0,0.0,247427.0,-1.336665,-1.19919,SDN,KEN,7810
817401,191,116,1314,2002.0,9832.0,0.0,-0.5424939999999999,-0.554531,SEN,KEN,7810
817402,192,116,1314,2002.0,87583.0,0.0,1.7077209999999998,0.683549,SGP,KEN,7810
817403,199,116,1314,2002.0,0.0,29693.0,-0.145777,-0.512123,SOM,KEN,7810
817404,208,116,1314,2002.0,89858.0,11050.0,2.134,0.769413,SWE,KEN,7810
817405,216,116,1314,2002.0,598037.0,13782.0,0.513887,1.545967,THA,KEN,7810
817406,226,116,1314,2002.0,57354.0,333994.0,-1.234127,-0.421158,TZA,KEN,7810
817407,227,116,1314,2002.0,89888.0,615577.0,-1.262952,-0.903123,UGA,KEN,7810
817408,231,116,1314,2002.0,834157.0,246284.0,1.853174,0.120986,USA,KEN,7810
817409,243,116,1314,2002.0,0.0,22854.0,-1.447637,-1.289748,YEM,KEN,7810
817410,246,116,1314,2002.0,4466158.0,80074.0,0.32760500000000004,2.497746,ZAF,KEN,7810
817411,247,116,1314,2002.0,1665.0,79198.0,-0.840258,-0.639474,ZMB,KEN,7810
817412,248,116,1314,2002.0,132492.0,19143.0,-0.36033000000000004,0.452182,ZWE,KEN,7810
817413,250,116,1314,2002.0,310232.0,0.0,0.5979300000000001,-0.497816,ANS,KEN,7810
817414,1,117,1314,2002.0,0.0,13246.0,-0.11885899999999999,-0.346093,AFG,KGZ,7810
817415,15,117,1314,2002.0,53283.0,0.0,1.866997,0.400527,AUT,KGZ,7810
817416,18,117,1314,2002.0,6750.0,0.0,1.424339,1.372755,BEL,KGZ,7810
817417,39,117,1314,2002.0,26679.0,0.0,0.9672360000000001,1.389981,CAN,KGZ,7810
817418,43,117,1314,2002.0,137691.0,0.0,0.6181220000000001,1.9636759999999998,CHN,KGZ,7810
817419,59,117,1314,2002.0,11152.0,0.0,1.5835139999999999,0.9563010000000001,CZE,KGZ,7810
817420,61,117,1314,2002.0,8641466.0,0.0,2.367856,-2.195331,DEU,KGZ,7810
817421,71,117,1314,2002.0,17661.0,0.0,1.054108,1.9357349999999998,ESP,KGZ,7810
817422,74,117,1314,2002.0,7934.0,0.0,1.9545119999999998,1.047515,FIN,KGZ,7810
817423,81,117,1314,2002.0,10171.0,0.0,2.067395,0.7934359999999999,GBR,KGZ,7810
817424,114,117,1314,2002.0,228798.0,0.0,2.7747580000000003,0.43663199999999996,JPN,KGZ,7810
817425,115,117,1314,2002.0,272026.0,90842.0,-0.100361,-0.502468,KAZ,KGZ,7810
817426,121,117,1314,2002.0,120055.0,0.0,1.4172719999999999,0.8763139999999999,KOR,KGZ,7810
817427,130,117,1314,2002.0,3137216.0,0.0,0.15796,0.855931,LTU,KGZ,7810
817428,162,117,1314,2002.0,1714.0,0.0,1.175777,1.667472,NLD,KGZ,7810
817429,186,117,1314,2002.0,2201785.0,120957.0,0.6051449999999999,0.272307,RUS,KGZ,7810
817430,217,117,1314,2002.0,0.0,127516.0,-0.8483510000000001,-1.09992,TJK,KGZ,7810
817431,219,117,1314,2002.0,0.0,1699.0,-0.9178629999999999,-1.202212,TKM,KGZ,7810
817432,231,117,1314,2002.0,187082.0,0.0,1.853174,0.120986,USA,KGZ,7810
817433,232,117,1314,2002.0,11884.0,1044.0,-0.583861,-0.758266,UZB,KGZ,7810
817434,8,122,1314,2002.0,0.0,12208.0,0.045376,0.71768,ARG,KWT,7810
817435,14,122,1314,2002.0,125152456.0,0.0,-0.052462,0.759617,AUS,KWT,7810
817436,15,122,1314,2002.0,6374850.0,0.0,1.866997,0.400527,AUT,KWT,7810
817437,18,122,1314,2002.0,6984517.0,0.0,1.424339,1.372755,BEL,KWT,7810
817438,24,122,1314,2002.0,704423.0,0.0,-0.31754099999999996,-1.099381,BHR,KWT,7810
817439,39,122,1314,2002.0,7713896.0,0.0,0.9672360000000001,1.389981,CAN,KWT,7810
817440,41,122,1314,2002.0,719429.0,107617.0,2.205507,0.831836,CHE,KWT,7810
817441,43,122,1314,2002.0,567598.0,0.0,0.6181220000000001,1.9636759999999998,CHN,KWT,7810
817442,61,122,1314,2002.0,230350512.0,59885.0,2.367856,-2.195331,DEU,KWT,7810
817443,64,122,1314,2002.0,1009.0,0.0,1.344708,1.321135,DNK,KWT,7810
817444,68,122,1314,2002.0,0.0,62041.0,-0.37218,0.634319,EGY,KWT,7810
817445,71,122,1314,2002.0,13404059.0,0.0,1.054108,1.9357349999999998,ESP,KWT,7810
817446,73,122,1314,2002.0,0.0,22628.0,-1.289118,-1.0291540000000001,ETH,KWT,7810
817447,74,122,1314,2002.0,16804.0,0.0,1.9545119999999998,1.047515,FIN,KWT,7810
817448,77,122,1314,2002.0,10073216.0,0.0,1.648526,0.6870430000000001,FRA,KWT,7810
817449,81,122,1314,2002.0,31552964.0,149983.0,2.067395,0.7934359999999999,GBR,KWT,7810
817450,90,122,1314,2002.0,68191.0,0.0,0.20355399999999998,1.4130200000000002,GRC,KWT,7810
817451,104,122,1314,2002.0,98015.0,3339.0,0.32974000000000003,2.376477,IND,KWT,7810
817452,106,122,1314,2002.0,28424.0,0.0,1.7939310000000002,0.219254,IRL,KWT,7810
817453,107,122,1314,2002.0,0.0,25750.0,-0.665259,-0.840274,IRN,KWT,7810
817454,111,122,1314,2002.0,3000683.0,8153.0,1.3944219999999998,1.125362,ITA,KWT,7810
817455,113,122,1314,2002.0,68018.0,0.0,0.34023000000000003,0.264754,JOR,KWT,7810
817456,114,122,1314,2002.0,401016096.0,0.0,2.7747580000000003,0.43663199999999996,JPN,KWT,7810
817457,121,122,1314,2002.0,13972074.0,0.0,1.4172719999999999,0.8763139999999999,KOR,KWT,7810
817458,124,122,1314,2002.0,95230.0,0.0,0.220906,1.470297,LBN,KWT,7810
817459,128,122,1314,2002.0,0.0,1309.0,-0.461765,-0.057614,LKA,KWT,7810
817460,134,122,1314,2002.0,5154.0,0.0,-0.690226,-0.42557,MAR,KWT,7810
817461,153,122,1314,2002.0,2443207.0,0.0,0.9987159999999999,0.26558200000000004,MYS,KWT,7810
817462,162,122,1314,2002.0,728276.0,0.0,1.175777,1.667472,NLD,KWT,7810
817463,167,122,1314,2002.0,296626.0,55989.0,-1.307058,-1.270916,OMN,KWT,7810
817464,174,122,1314,2002.0,0.0,38107.0,0.29601,-0.232513,PHL,KWT,7810
817465,183,122,1314,2002.0,5168966.0,7496.0,-0.002177,-1.042517,QAT,KWT,7810
817466,188,122,1314,2002.0,1049978.0,0.0,0.048764,-0.903125,SAU,KWT,7810
817467,206,122,1314,2002.0,61062.0,0.0,1.269549,1.184774,SVK,KWT,7810
817468,208,122,1314,2002.0,2914975.0,32596.0,2.134,0.769413,SWE,KWT,7810
817469,216,122,1314,2002.0,1414645.0,0.0,0.513887,1.545967,THA,KWT,7810
817470,223,122,1314,2002.0,0.0,8118.0,0.059876,0.369032,TUN,KWT,7810
817471,224,122,1314,2002.0,235668.0,0.0,0.12982,1.8032650000000001,TUR,KWT,7810
817472,231,122,1314,2002.0,285410080.0,0.0,1.853174,0.120986,USA,KWT,7810
817473,249,122,1314,2002.0,2438312.0,0.0,1.9084720000000002,1.253714,TWN,KWT,7810
817474,7,124,1314,2002.0,10985.0,191624.0,-0.288838,-0.640049,ARE,LBN,7810
817475,14,124,1314,2002.0,604437.0,13918.0,-0.052462,0.759617,AUS,LBN,7810
817476,15,124,1314,2002.0,870804.0,0.0,1.866997,0.400527,AUT,LBN,7810
817477,18,124,1314,2002.0,14577456.0,8365.0,1.424339,1.372755,BEL,LBN,7810
817478,24,124,1314,2002.0,43504.0,8742.0,-0.31754099999999996,-1.099381,BHR,LBN,7810
817479,39,124,1314,2002.0,1760284.0,0.0,0.9672360000000001,1.389981,CAN,LBN,7810
817480,41,124,1314,2002.0,2548784.0,0.0,2.205507,0.831836,CHE,LBN,7810
817481,43,124,1314,2002.0,39640.0,0.0,0.6181220000000001,1.9636759999999998,CHN,LBN,7810
817482,44,124,1314,2002.0,28499.0,0.0,-0.803739,-0.752218,CIV,LBN,7810
817483,47,124,1314,2002.0,0.0,20972.0,-1.468836,-1.250484,COG,LBN,7810
817484,49,124,1314,2002.0,0.0,10315.0,0.219861,0.45238999999999996,COL,LBN,7810
817485,58,124,1314,2002.0,28690.0,2398.0,0.332088,0.50441,CYP,LBN,7810
817486,59,124,1314,2002.0,15756.0,0.0,1.5835139999999999,0.9563010000000001,CZE,LBN,7810
817487,61,124,1314,2002.0,118068176.0,183333.0,2.367856,-2.195331,DEU,LBN,7810
817488,64,124,1314,2002.0,34916.0,7770.0,1.344708,1.321135,DNK,LBN,7810
817489,68,124,1314,2002.0,0.0,45072.0,-0.37218,0.634319,EGY,LBN,7810
817490,69,124,1314,2002.0,0.0,31731.0,1.019399,0.23989899999999997,ERI,LBN,7810
817491,71,124,1314,2002.0,6653697.0,22023.0,1.054108,1.9357349999999998,ESP,LBN,7810
817492,73,124,1314,2002.0,0.0,18486.0,-1.289118,-1.0291540000000001,ETH,LBN,7810
817493,74,124,1314,2002.0,14858.0,0.0,1.9545119999999998,1.047515,FIN,LBN,7810
817494,77,124,1314,2002.0,23237320.0,101423.0,1.648526,0.6870430000000001,FRA,LBN,7810
817495,80,124,1314,2002.0,26060.0,0.0,-1.34341,-1.238593,GAB,LBN,7810
817496,81,124,1314,2002.0,12335341.0,18769.0,2.067395,0.7934359999999999,GBR,LBN,7810
817497,83,124,1314,2002.0,0.0,129406.0,-1.258567,-1.048266,GHA,LBN,7810
817498,90,124,1314,2002.0,15023.0,3584.0,0.20355399999999998,1.4130200000000002,GRC,LBN,7810
817499,102,124,1314,2002.0,170402.0,0.0,1.232359,1.064425,HUN,LBN,7810
817500,104,124,1314,2002.0,2531.0,0.0,0.32974000000000003,2.376477,IND,LBN,7810
817501,106,124,1314,2002.0,80374.0,43746.0,1.7939310000000002,0.219254,IRL,LBN,7810
817502,107,124,1314,2002.0,25156.0,0.0,-0.665259,-0.840274,IRN,LBN,7810
817503,111,124,1314,2002.0,4188671.0,42329.0,1.3944219999999998,1.125362,ITA,LBN,7810
817504,113,124,1314,2002.0,27614.0,1972.0,0.34023000000000003,0.264754,JOR,LBN,7810
817505,114,124,1314,2002.0,59726496.0,7844.0,2.7747580000000003,0.43663199999999996,JPN,LBN,7810
817506,121,124,1314,2002.0,5249174.0,0.0,1.4172719999999999,0.8763139999999999,KOR,LBN,7810
817507,122,124,1314,2002.0,0.0,95230.0,-0.794007,-1.192659,KWT,LBN,7810
817508,131,124,1314,2002.0,87672.0,0.0,1.396249,1.153017,LUX,LBN,7810
817509,138,124,1314,2002.0,366182.0,0.0,1.2677129999999999,0.599314,MEX,LBN,7810
817510,153,124,1314,2002.0,237976.0,0.0,0.9987159999999999,0.26558200000000004,MYS,LBN,7810
817511,159,124,1314,2002.0,0.0,20165.0,-1.705991,-1.292926,NGA,LBN,7810
817512,162,124,1314,2002.0,2498079.0,5865.0,1.175777,1.667472,NLD,LBN,7810
817513,167,124,1314,2002.0,39350.0,0.0,-1.307058,-1.270916,OMN,LBN,7810
817514,174,124,1314,2002.0,0.0,6085.0,0.29601,-0.232513,PHL,LBN,7810
817515,178,124,1314,2002.0,88743.0,0.0,0.629678,1.0153780000000001,PRK,LBN,7810
817516,179,124,1314,2002.0,65616.0,0.0,0.584956,1.377068,PRT,LBN,7810
817517,183,124,1314,2002.0,386171.0,13267.0,-0.002177,-1.042517,QAT,LBN,7810
817518,185,124,1314,2002.0,7548.0,6826.0,0.549227,1.071998,ROU,LBN,7810
817519,186,124,1314,2002.0,129742.0,0.0,0.6051449999999999,0.272307,RUS,LBN,7810
817520,188,124,1314,2002.0,1033847.0,436881.0,0.048764,-0.903125,SAU,LBN,7810
817521,191,124,1314,2002.0,0.0,10772.0,-0.5424939999999999,-0.554531,SEN,LBN,7810
817522,192,124,1314,2002.0,8741.0,0.0,1.7077209999999998,0.683549,SGP,LBN,7810
817523,206,124,1314,2002.0,860284.0,0.0,1.269549,1.184774,SVK,LBN,7810
817524,207,124,1314,2002.0,7569.0,0.0,1.469681,1.13303,SVN,LBN,7810
817525,208,124,1314,2002.0,887470.0,0.0,2.134,0.769413,SWE,LBN,7810
817526,212,124,1314,2002.0,0.0,14211.0,-1.07007,-0.560769,SYR,LBN,7810
817527,215,124,1314,2002.0,0.0,10105.0,-0.688284,-0.5292789999999999,TGO,LBN,7810
817528,216,124,1314,2002.0,370288.0,0.0,0.513887,1.545967,THA,LBN,7810
817529,224,124,1314,2002.0,3317227.0,0.0,0.12982,1.8032650000000001,TUR,LBN,7810
817530,231,124,1314,2002.0,14145805.0,12407.0,1.853174,0.120986,USA,LBN,7810
817531,236,124,1314,2002.0,0.0,22406.0,-0.008877,-0.753486,VEN,LBN,7810
817532,246,124,1314,2002.0,1522.0,0.0,0.32760500000000004,2.497746,ZAF,LBN,7810
817533,248,124,1314,2002.0,5992.0,0.0,-0.36033000000000004,0.452182,ZWE,LBN,7810
817534,249,124,1314,2002.0,204817.0,0.0,1.9084720000000002,1.253714,TWN,LBN,7810
817535,250,124,1314,2002.0,37490.0,35134.0,0.5979300000000001,-0.497816,ANS,LBN,7810
817536,9,130,1314,2002.0,0.0,40411.0,0.66447,-0.08317000000000001,ARM,LTU,7810
817537,15,130,1314,2002.0,1113626.0,8756.0,1.866997,0.400527,AUT,LTU,7810
817538,16,130,1314,2002.0,0.0,25562.0,-0.566735,-1.003158,AZE,LTU,7810
817539,18,130,1314,2002.0,10615070.0,682015.0,1.424339,1.372755,BEL,LTU,7810
817540,23,130,1314,2002.0,0.0,3148.0,0.468058,1.644037,BGR,LTU,7810
817541,26,130,1314,2002.0,0.0,13422.0,0.223543,0.44595100000000004,BIH,LTU,7810
817542,28,130,1314,2002.0,7024.0,22351600.0,0.865742,1.1823860000000002,BLR,LTU,7810
817543,39,130,1314,2002.0,131526.0,5557.0,0.9672360000000001,1.389981,CAN,LTU,7810
817544,41,130,1314,2002.0,9764753.0,52831.0,2.205507,0.831836,CHE,LTU,7810
817545,59,130,1314,2002.0,8850470.0,106924.0,1.5835139999999999,0.9563010000000001,CZE,LTU,7810
817546,61,130,1314,2002.0,235935056.0,383218.0,2.367856,-2.195331,DEU,LTU,7810
817547,64,130,1314,2002.0,808486.0,0.0,1.344708,1.321135,DNK,LTU,7810
817548,71,130,1314,2002.0,2326253.0,53368.0,1.054108,1.9357349999999998,ESP,LTU,7810
817549,72,130,1314,2002.0,13622437.0,665091.0,0.576142,1.168563,EST,LTU,7810
817550,74,130,1314,2002.0,9604654.0,914408.0,1.9545119999999998,1.047515,FIN,LTU,7810
817551,77,130,1314,2002.0,22950124.0,1827291.0,1.648526,0.6870430000000001,FRA,LTU,7810
817552,81,130,1314,2002.0,2622851.0,106724.0,2.067395,0.7934359999999999,GBR,LTU,7810
817553,82,130,1314,2002.0,0.0,17802.0,0.23526999999999998,-0.156333,GEO,LTU,7810
817554,100,130,1314,2002.0,0.0,482518.0,0.603546,1.273001,HRV,LTU,7810
817555,102,130,1314,2002.0,42274.0,0.0,1.232359,1.064425,HUN,LTU,7810
817556,106,130,1314,2002.0,0.0,1031.0,1.7939310000000002,0.219254,IRL,LTU,7810
817557,111,130,1314,2002.0,2255161.0,18469.0,1.3944219999999998,1.125362,ITA,LTU,7810
817558,113,130,1314,2002.0,2240.0,0.0,0.34023000000000003,0.264754,JOR,LTU,7810
817559,114,130,1314,2002.0,18179018.0,51158.0,2.7747580000000003,0.43663199999999996,JPN,LTU,7810
817560,115,130,1314,2002.0,0.0,9397657.0,-0.100361,-0.502468,KAZ,LTU,7810
817561,117,130,1314,2002.0,0.0,3137216.0,-0.094898,0.235639,KGZ,LTU,7810
817562,121,130,1314,2002.0,2401952.0,1552.0,1.4172719999999999,0.8763139999999999,KOR,LTU,7810
817563,131,130,1314,2002.0,980109.0,3081.0,1.396249,1.153017,LUX,LTU,7810
817564,132,130,1314,2002.0,416477.0,2582050.0,0.41409799999999997,0.6281680000000001,LVA,LTU,7810
817565,135,130,1314,2002.0,31849.0,178228.0,-0.017383000000000003,0.109124,MDA,LTU,7810
817566,138,130,1314,2002.0,4401.0,0.0,1.2677129999999999,0.599314,MEX,LTU,7810
817567,142,130,1314,2002.0,2531.0,0.0,0.901235,-0.140261,MLT,LTU,7810
817568,148,130,1314,2002.0,0.0,9073.0,-1.053061,-1.221967,MRT,LTU,7810
817569,153,130,1314,2002.0,981869.0,0.0,0.9987159999999999,0.26558200000000004,MYS,LTU,7810
817570,162,130,1314,2002.0,5867328.0,38890.0,1.175777,1.667472,NLD,LTU,7810
817571,163,130,1314,2002.0,11736.0,36182.0,0.689588,-0.007016,NOR,LTU,7810
817572,177,130,1314,2002.0,187117.0,217593.0,0.9449299999999999,1.655764,POL,LTU,7810
817573,179,130,1314,2002.0,93900.0,7894.0,0.584956,1.377068,PRT,LTU,7810
817574,185,130,1314,2002.0,41890.0,0.0,0.549227,1.071998,ROU,LTU,7810
817575,186,130,1314,2002.0,5350998.0,61802660.0,0.6051449999999999,0.272307,RUS,LTU,7810
817576,189,130,1314,2002.0,0.0,17361.0,0.523459,2.58657,SCG,LTU,7810
817577,206,130,1314,2002.0,65999.0,37973.0,1.269549,1.184774,SVK,LTU,7810
817578,208,130,1314,2002.0,5451180.0,41245.0,2.134,0.769413,SWE,LTU,7810
817579,217,130,1314,2002.0,0.0,708051.0,-0.8483510000000001,-1.09992,TJK,LTU,7810
817580,219,130,1314,2002.0,0.0,85855.0,-0.9178629999999999,-1.202212,TKM,LTU,7810
817581,224,130,1314,2002.0,629404.0,1866.0,0.12982,1.8032650000000001,TUR,LTU,7810
817582,228,130,1314,2002.0,0.0,5622181.0,0.575372,1.131722,UKR,LTU,7810
817583,231,130,1314,2002.0,2888864.0,68268.0,1.853174,0.120986,USA,LTU,7810
817584,232,130,1314,2002.0,0.0,157280.0,-0.583861,-0.758266,UZB,LTU,7810
817585,237,130,1314,2002.0,0.0,217644.0,0.6891930000000001,-0.27620500000000003,VGB,LTU,7810
817586,249,130,1314,2002.0,5114.0,0.0,1.9084720000000002,1.253714,TWN,LTU,7810
817587,2,131,1314,2002.0,0.0,69968.0,-1.8043639999999999,-1.250642,AGO,LUX,7810
817588,4,131,1314,2002.0,0.0,2296.0,-0.05800399999999999,0.042254,ALB,LUX,7810
817589,8,131,1314,2002.0,11457.0,0.0,0.045376,0.71768,ARG,LUX,7810
817590,9,131,1314,2002.0,0.0,10920.0,0.66447,-0.08317000000000001,ARM,LUX,7810
817591,14,131,1314,2002.0,17771.0,0.0,-0.052462,0.759617,AUS,LUX,7810
817592,15,131,1314,2002.0,6199736.0,230483.0,1.866997,0.400527,AUT,LUX,7810
817593,18,131,1314,2002.0,605694976.0,112575928.0,1.424339,1.372755,BEL,LUX,7810
817594,19,131,1314,2002.0,0.0,4422.0,-0.7683840000000001,-0.7984319999999999,BEN,LUX,7810
817595,21,131,1314,2002.0,0.0,8671.0,-0.5542590000000001,-0.5946060000000001,BFA,LUX,7810
817596,23,131,1314,2002.0,6192.0,280585.0,0.468058,1.644037,BGR,LUX,7810
817597,24,131,1314,2002.0,0.0,24716.0,-0.31754099999999996,-1.099381,BHR,LUX,7810
817598,26,131,1314,2002.0,0.0,191107.0,0.223543,0.44595100000000004,BIH,LUX,7810
817599,28,131,1314,2002.0,0.0,46752.0,0.865742,1.1823860000000002,BLR,LUX,7810
817600,32,131,1314,2002.0,1425.0,0.0,0.631343,1.249344,BRA,LUX,7810
817601,39,131,1314,2002.0,82834.0,0.0,0.9672360000000001,1.389981,CAN,LUX,7810
817602,41,131,1314,2002.0,239303.0,836963.0,2.205507,0.831836,CHE,LUX,7810
817603,42,131,1314,2002.0,2395.0,0.0,-0.079201,-0.11449200000000001,CHL,LUX,7810
817604,44,131,1314,2002.0,4615.0,15301.0,-0.803739,-0.752218,CIV,LUX,7810
817605,46,131,1314,2002.0,0.0,25716.0,-1.218664,-1.1406120000000002,COD,LUX,7810
817606,50,131,1314,2002.0,0.0,187643.0,-0.634921,-0.9792120000000001,COM,LUX,7810
817607,59,131,1314,2002.0,10528254.0,125962.0,1.5835139999999999,0.9563010000000001,CZE,LUX,7810
817608,61,131,1314,2002.0,276500096.0,46693256.0,2.367856,-2.195331,DEU,LUX,7810
817609,64,131,1314,2002.0,424286.0,60672.0,1.344708,1.321135,DNK,LUX,7810
817610,66,131,1314,2002.0,0.0,200510.0,-0.9281389999999999,-1.19549,DZA,LUX,7810
817611,71,131,1314,2002.0,32085128.0,1307884.0,1.054108,1.9357349999999998,ESP,LUX,7810
817612,72,131,1314,2002.0,0.0,120162.0,0.576142,1.168563,EST,LUX,7810
817613,74,131,1314,2002.0,56735.0,26345.0,1.9545119999999998,1.047515,FIN,LUX,7810
817614,77,131,1314,2002.0,105923376.0,20522044.0,1.648526,0.6870430000000001,FRA,LUX,7810
817615,81,131,1314,2002.0,9690462.0,5400212.0,2.067395,0.7934359999999999,GBR,LUX,7810
817616,90,131,1314,2002.0,1236.0,20249.0,0.20355399999999998,1.4130200000000002,GRC,LUX,7810
817617,100,131,1314,2002.0,6753.0,175654.0,0.603546,1.273001,HRV,LUX,7810
817618,102,131,1314,2002.0,18269.0,84411.0,1.232359,1.064425,HUN,LUX,7810
817619,103,131,1314,2002.0,1691.0,0.0,0.098182,1.7305840000000001,IDN,LUX,7810
817620,106,131,1314,2002.0,8416.0,476883.0,1.7939310000000002,0.219254,IRL,LUX,7810
817621,109,131,1314,2002.0,0.0,3226.0,0.17011700000000002,-0.33925500000000003,ISL,LUX,7810
817622,110,131,1314,2002.0,0.0,49604.0,1.257709,0.8318989999999999,ISR,LUX,7810
817623,111,131,1314,2002.0,10632791.0,10268226.0,1.3944219999999998,1.125362,ITA,LUX,7810
817624,114,131,1314,2002.0,76659.0,0.0,2.7747580000000003,0.43663199999999996,JPN,LUX,7810
817625,115,131,1314,2002.0,0.0,5268.0,-0.100361,-0.502468,KAZ,LUX,7810
817626,121,131,1314,2002.0,81865.0,30966.0,1.4172719999999999,0.8763139999999999,KOR,LUX,7810
817627,124,131,1314,2002.0,0.0,87672.0,0.220906,1.470297,LBN,LUX,7810
817628,126,131,1314,2002.0,0.0,20087.0,-0.692769,-1.188682,LBY,LUX,7810
817629,130,131,1314,2002.0,3081.0,980109.0,0.15796,0.855931,LTU,LUX,7810
817630,132,131,1314,2002.0,0.0,21740.0,0.41409799999999997,0.6281680000000001,LVA,LUX,7810
817631,134,131,1314,2002.0,5711.0,52630.0,-0.690226,-0.42557,MAR,LUX,7810
817632,135,131,1314,2002.0,0.0,59317.0,-0.017383000000000003,0.109124,MDA,LUX,7810
817633,138,131,1314,2002.0,136126.0,0.0,1.2677129999999999,0.599314,MEX,LUX,7810
817634,140,131,1314,2002.0,1874.0,133304.0,-0.027727999999999996,0.41846400000000006,MKD,LUX,7810
817635,156,131,1314,2002.0,0.0,9339.0,-0.7477739999999999,-1.006248,NCL,LUX,7810
817636,162,131,1314,2002.0,387839.0,5374304.0,1.175777,1.667472,NLD,LUX,7810
817637,163,131,1314,2002.0,103173.0,205339.0,0.689588,-0.007016,NOR,LUX,7810
817638,177,131,1314,2002.0,147186.0,1116266.0,0.9449299999999999,1.655764,POL,LUX,7810
817639,179,131,1314,2002.0,0.0,1387600.0,0.584956,1.377068,PRT,LUX,7810
817640,185,131,1314,2002.0,42779.0,54734.0,0.549227,1.071998,ROU,LUX,7810
817641,186,131,1314,2002.0,0.0,1580024.0,0.6051449999999999,0.272307,RUS,LUX,7810
817642,188,131,1314,2002.0,3268.0,0.0,0.048764,-0.903125,SAU,LUX,7810
817643,189,131,1314,2002.0,1775.0,148621.0,0.523459,2.58657,SCG,LUX,7810
817644,198,131,1314,2002.0,316144.0,37118.0,1.342892,0.48520100000000005,SMR,LUX,7810
817645,206,131,1314,2002.0,10140024.0,42523.0,1.269549,1.184774,SVK,LUX,7810
817646,207,131,1314,2002.0,3698028.0,49889.0,1.469681,1.13303,SVN,LUX,7810
817647,208,131,1314,2002.0,87924.0,421111.0,2.134,0.769413,SWE,LUX,7810
817648,216,131,1314,2002.0,6589.0,0.0,0.513887,1.545967,THA,LUX,7810
817649,223,131,1314,2002.0,40088.0,73983.0,0.059876,0.369032,TUN,LUX,7810
817650,224,131,1314,2002.0,16295.0,10221.0,0.12982,1.8032650000000001,TUR,LUX,7810
817651,228,131,1314,2002.0,2647.0,94828.0,0.575372,1.131722,UKR,LUX,7810
817652,230,131,1314,2002.0,2318.0,0.0,0.048498,0.118565,URY,LUX,7810
817653,231,131,1314,2002.0,768724.0,125011.0,1.853174,0.120986,USA,LUX,7810
817654,246,131,1314,2002.0,431962.0,0.0,0.32760500000000004,2.497746,ZAF,LUX,7810
817655,248,131,1314,2002.0,15896.0,0.0,-0.36033000000000004,0.452182,ZWE,LUX,7810
817656,249,131,1314,2002.0,7018.0,0.0,1.9084720000000002,1.253714,TWN,LUX,7810
817657,250,131,1314,2002.0,345995.0,48866.0,0.5979300000000001,-0.497816,ANS,LUX,7810
817658,7,132,1314,2002.0,20348.0,0.0,-0.288838,-0.640049,ARE,LVA,7810
817659,9,132,1314,2002.0,0.0,1776.0,0.66447,-0.08317000000000001,ARM,LVA,7810
817660,15,132,1314,2002.0,3906150.0,0.0,1.866997,0.400527,AUT,LVA,7810
817661,18,132,1314,2002.0,3145722.0,2413952.0,1.424339,1.372755,BEL,LVA,7810
817662,23,132,1314,2002.0,0.0,2623.0,0.468058,1.644037,BGR,LVA,7810
817663,28,132,1314,2002.0,116830.0,198597.0,0.865742,1.1823860000000002,BLR,LVA,7810
817664,39,132,1314,2002.0,2160002.0,0.0,0.9672360000000001,1.389981,CAN,LVA,7810
817665,41,132,1314,2002.0,3944262.0,0.0,2.205507,0.831836,CHE,LVA,7810
817666,59,132,1314,2002.0,3494500.0,0.0,1.5835139999999999,0.9563010000000001,CZE,LVA,7810
817667,61,132,1314,2002.0,88220216.0,105251.0,2.367856,-2.195331,DEU,LVA,7810
817668,64,132,1314,2002.0,355457.0,0.0,1.344708,1.321135,DNK,LVA,7810
817669,71,132,1314,2002.0,272503.0,607517.0,1.054108,1.9357349999999998,ESP,LVA,7810
817670,72,132,1314,2002.0,24622988.0,399043.0,0.576142,1.168563,EST,LVA,7810
817671,74,132,1314,2002.0,9935139.0,19697.0,1.9545119999999998,1.047515,FIN,LVA,7810
817672,77,132,1314,2002.0,4526494.0,371515.0,1.648526,0.6870430000000001,FRA,LVA,7810
817673,81,132,1314,2002.0,221770.0,0.0,2.067395,0.7934359999999999,GBR,LVA,7810
817674,100,132,1314,2002.0,6817.0,0.0,0.603546,1.273001,HRV,LVA,7810
817675,102,132,1314,2002.0,39894.0,0.0,1.232359,1.064425,HUN,LVA,7810
817676,110,132,1314,2002.0,5314.0,0.0,1.257709,0.8318989999999999,ISR,LVA,7810
817677,111,132,1314,2002.0,725069.0,0.0,1.3944219999999998,1.125362,ITA,LVA,7810
817678,114,132,1314,2002.0,24339.0,0.0,2.7747580000000003,0.43663199999999996,JPN,LVA,7810
817679,115,132,1314,2002.0,0.0,2149.0,-0.100361,-0.502468,KAZ,LVA,7810
817680,121,132,1314,2002.0,2626324.0,0.0,1.4172719999999999,0.8763139999999999,KOR,LVA,7810
817681,130,132,1314,2002.0,2582050.0,416477.0,0.15796,0.855931,LTU,LVA,7810
817682,131,132,1314,2002.0,21740.0,0.0,1.396249,1.153017,LUX,LVA,7810
817683,162,132,1314,2002.0,976485.0,2223.0,1.175777,1.667472,NLD,LVA,7810
817684,163,132,1314,2002.0,31932.0,13410.0,0.689588,-0.007016,NOR,LVA,7810
817685,177,132,1314,2002.0,574836.0,0.0,0.9449299999999999,1.655764,POL,LVA,7810
817686,186,132,1314,2002.0,1158803.0,976340.0,0.6051449999999999,0.272307,RUS,LVA,7810
817687,189,132,1314,2002.0,9926.0,0.0,0.523459,2.58657,SCG,LVA,7810
817688,206,132,1314,2002.0,2346636.0,0.0,1.269549,1.184774,SVK,LVA,7810
817689,207,132,1314,2002.0,751845.0,0.0,1.469681,1.13303,SVN,LVA,7810
817690,208,132,1314,2002.0,6163225.0,148406.0,2.134,0.769413,SWE,LVA,7810
817691,224,132,1314,2002.0,232357.0,0.0,0.12982,1.8032650000000001,TUR,LVA,7810
817692,228,132,1314,2002.0,3924.0,166915.0,0.575372,1.131722,UKR,LVA,7810
817693,231,132,1314,2002.0,2142521.0,8583.0,1.853174,0.120986,USA,LVA,7810
817694,248,132,1314,2002.0,127873.0,0.0,-0.36033000000000004,0.452182,ZWE,LVA,7810
817695,249,132,1314,2002.0,1960.0,0.0,1.9084720000000002,1.253714,TWN,LVA,7810
817696,250,132,1314,2002.0,318776.0,0.0,0.5979300000000001,-0.497816,ANS,LVA,7810
817697,1,167,1314,2002.0,0.0,1563318.0,-0.11885899999999999,-0.346093,AFG,OMN,7810
817698,2,167,1314,2002.0,0.0,191171.0,-1.8043639999999999,-1.250642,AGO,OMN,7810
817699,7,167,1314,2002.0,18948410.0,91908680.0,-0.288838,-0.640049,ARE,OMN,7810
817700,14,167,1314,2002.0,25201808.0,21137.0,-0.052462,0.759617,AUS,OMN,7810
817701,15,167,1314,2002.0,1376801.0,13110.0,1.866997,0.400527,AUT,OMN,7810
817702,16,167,1314,2002.0,0.0,755552.0,-0.566735,-1.003158,AZE,OMN,7810
817703,17,167,1314,2002.0,0.0,49804.0,-0.399212,-0.67657,BDI,OMN,7810
817704,18,167,1314,2002.0,1731838.0,1757479.0,1.424339,1.372755,BEL,OMN,7810
817705,24,167,1314,2002.0,116612.0,80493.0,-0.31754099999999996,-1.099381,BHR,OMN,7810
817706,32,167,1314,2002.0,100699.0,0.0,0.631343,1.249344,BRA,OMN,7810
817707,34,167,1314,2002.0,0.0,18487.0,-1.359507,-1.084339,BRN,OMN,7810
817708,39,167,1314,2002.0,862094.0,0.0,0.9672360000000001,1.389981,CAN,OMN,7810
817709,41,167,1314,2002.0,187070.0,0.0,2.205507,0.831836,CHE,OMN,7810
817710,43,167,1314,2002.0,0.0,691428.0,0.6181220000000001,1.9636759999999998,CHN,OMN,7810
817711,47,167,1314,2002.0,0.0,165408.0,-1.468836,-1.250484,COG,OMN,7810
817712,58,167,1314,2002.0,0.0,7371.0,0.332088,0.50441,CYP,OMN,7810
817713,61,167,1314,2002.0,51537380.0,736166.0,2.367856,-2.195331,DEU,OMN,7810
817714,62,167,1314,2002.0,0.0,2139815.0,-0.03383,-0.014618,DJI,OMN,7810
817715,64,167,1314,2002.0,9454.0,159024.0,1.344708,1.321135,DNK,OMN,7810
817716,66,167,1314,2002.0,0.0,358881.0,-0.9281389999999999,-1.19549,DZA,OMN,7810
817717,68,167,1314,2002.0,0.0,435646.0,-0.37218,0.634319,EGY,OMN,7810
817718,69,167,1314,2002.0,0.0,431632.0,1.019399,0.23989899999999997,ERI,OMN,7810
817719,71,167,1314,2002.0,3118156.0,14117.0,1.054108,1.9357349999999998,ESP,OMN,7810
817720,73,167,1314,2002.0,0.0,429453.0,-1.289118,-1.0291540000000001,ETH,OMN,7810
817721,74,167,1314,2002.0,26777.0,0.0,1.9545119999999998,1.047515,FIN,OMN,7810
817722,77,167,1314,2002.0,5290160.0,14123.0,1.648526,0.6870430000000001,FRA,OMN,7810
817723,81,167,1314,2002.0,9317767.0,87410.0,2.067395,0.7934359999999999,GBR,OMN,7810
817724,82,167,1314,2002.0,0.0,151742.0,0.23526999999999998,-0.156333,GEO,OMN,7810
817725,83,167,1314,2002.0,0.0,450496.0,-1.258567,-1.048266,GHA,OMN,7810
817726,85,167,1314,2002.0,0.0,14575.0,-1.684157,-1.256743,GIN,OMN,7810
817727,97,167,1314,2002.0,0.0,12170946.0,0.704932,1.291658,HKG,OMN,7810
817728,104,167,1314,2002.0,107091.0,0.0,0.32974000000000003,2.376477,IND,OMN,7810
817729,106,167,1314,2002.0,10626.0,7789.0,1.7939310000000002,0.219254,IRL,OMN,7810
817730,107,167,1314,2002.0,0.0,522886.0,-0.665259,-0.840274,IRN,OMN,7810
817731,108,167,1314,2002.0,0.0,19355582.0,-1.008202,-0.9532209999999999,IRQ,OMN,7810
817732,111,167,1314,2002.0,1492046.0,208107.0,1.3944219999999998,1.125362,ITA,OMN,7810
817733,113,167,1314,2002.0,35282.0,3044712.0,0.34023000000000003,0.264754,JOR,OMN,7810
817734,114,167,1314,2002.0,330973280.0,397863.0,2.7747580000000003,0.43663199999999996,JPN,OMN,7810
817735,115,167,1314,2002.0,0.0,1428366.0,-0.100361,-0.502468,KAZ,OMN,7810
817736,116,167,1314,2002.0,0.0,26007.0,-0.59055,0.000731,KEN,OMN,7810
817737,118,167,1314,2002.0,0.0,113847.0,-0.8577629999999999,-1.071536,KHM,OMN,7810
817738,121,167,1314,2002.0,16362310.0,4945.0,1.4172719999999999,0.8763139999999999,KOR,OMN,7810
817739,122,167,1314,2002.0,55989.0,296626.0,-0.794007,-1.192659,KWT,OMN,7810
817740,124,167,1314,2002.0,0.0,39350.0,0.220906,1.470297,LBN,OMN,7810
817741,126,167,1314,2002.0,0.0,10268272.0,-0.692769,-1.188682,LBY,OMN,7810
817742,128,167,1314,2002.0,0.0,2272.0,-0.461765,-0.057614,LKA,OMN,7810
817743,134,167,1314,2002.0,0.0,32725.0,-0.690226,-0.42557,MAR,OMN,7810
817744,138,167,1314,2002.0,370057.0,0.0,1.2677129999999999,0.599314,MEX,OMN,7810
817745,142,167,1314,2002.0,0.0,62368.0,0.901235,-0.140261,MLT,OMN,7810
817746,143,167,1314,2002.0,0.0,159131.0,-1.251639,-0.994909,MMR,OMN,7810
817747,148,167,1314,2002.0,0.0,219350.0,-1.053061,-1.221967,MRT,OMN,7810
817748,153,167,1314,2002.0,13380.0,31147.0,0.9987159999999999,0.26558200000000004,MYS,OMN,7810
817749,157,167,1314,2002.0,0.0,180492.0,-0.562837,-0.333649,NER,OMN,7810
817750,159,167,1314,2002.0,0.0,50860.0,-1.705991,-1.292926,NGA,OMN,7810
817751,162,167,1314,2002.0,53107.0,203005.0,1.175777,1.667472,NLD,OMN,7810
817752,168,167,1314,2002.0,0.0,162368.0,-0.7574069999999999,-0.403427,PAK,OMN,7810
817753,174,167,1314,2002.0,0.0,94754.0,0.29601,-0.232513,PHL,OMN,7810
817754,177,167,1314,2002.0,0.0,38029.0,0.9449299999999999,1.655764,POL,OMN,7810
817755,179,167,1314,2002.0,10178.0,0.0,0.584956,1.377068,PRT,OMN,7810
817756,183,167,1314,2002.0,72482.0,196579.0,-0.002177,-1.042517,QAT,OMN,7810
817757,186,167,1314,2002.0,0.0,58164.0,0.6051449999999999,0.272307,RUS,OMN,7810
817758,187,167,1314,2002.0,0.0,28696.0,-0.6278859999999999,-0.832391,RWA,OMN,7810
817759,188,167,1314,2002.0,66223.0,28479752.0,0.048764,-0.903125,SAU,OMN,7810
817760,190,167,1314,2002.0,0.0,956261.0,-1.336665,-1.19919,SDN,OMN,7810
817761,192,167,1314,2002.0,0.0,36687.0,1.7077209999999998,0.683549,SGP,OMN,7810
817762,199,167,1314,2002.0,0.0,34049.0,-0.145777,-0.512123,SOM,OMN,7810
817763,206,167,1314,2002.0,127680.0,0.0,1.269549,1.184774,SVK,OMN,7810
817764,208,167,1314,2002.0,578196.0,3291.0,2.134,0.769413,SWE,OMN,7810
817765,212,167,1314,2002.0,0.0,128007.0,-1.07007,-0.560769,SYR,OMN,7810
817766,214,167,1314,2002.0,0.0,657994.0,-0.092619,-0.776712,TCD,OMN,7810
817767,216,167,1314,2002.0,1078344.0,3263345.0,0.513887,1.545967,THA,OMN,7810
817768,217,167,1314,2002.0,0.0,104133.0,-0.8483510000000001,-1.09992,TJK,OMN,7810
817769,219,167,1314,2002.0,0.0,771172.0,-0.9178629999999999,-1.202212,TKM,OMN,7810
817770,223,167,1314,2002.0,4823.0,420245.0,0.059876,0.369032,TUN,OMN,7810
817771,224,167,1314,2002.0,84690.0,0.0,0.12982,1.8032650000000001,TUR,OMN,7810
817772,226,167,1314,2002.0,0.0,432909.0,-1.234127,-0.421158,TZA,OMN,7810
817773,228,167,1314,2002.0,0.0,132275.0,0.575372,1.131722,UKR,OMN,7810
817774,231,167,1314,2002.0,16232338.0,53991.0,1.853174,0.120986,USA,OMN,7810
817775,232,167,1314,2002.0,0.0,457172.0,-0.583861,-0.758266,UZB,OMN,7810
817776,236,167,1314,2002.0,0.0,14898.0,-0.008877,-0.753486,VEN,OMN,7810
817777,243,167,1314,2002.0,5059.0,10266509.0,-1.447637,-1.289748,YEM,OMN,7810
817778,246,167,1314,2002.0,5365.0,79312.0,0.32760500000000004,2.497746,ZAF,OMN,7810
817779,248,167,1314,2002.0,48734.0,0.0,-0.36033000000000004,0.452182,ZWE,OMN,7810
817780,249,167,1314,2002.0,43706.0,56159.0,1.9084720000000002,1.253714,TWN,OMN,7810
817781,1,177,1314,2002.0,0.0,324000.0,-0.11885899999999999,-0.346093,AFG,POL,7810
817782,4,177,1314,2002.0,0.0,2373.0,-0.05800399999999999,0.042254,ALB,POL,7810
817783,5,177,1314,2002.0,0.0,26500.0,1.3229389999999999,0.9635950000000001,AND,POL,7810
817784,15,177,1314,2002.0,29298436.0,10945713.0,1.866997,0.400527,AUT,POL,7810
817785,18,177,1314,2002.0,100070896.0,28659130.0,1.424339,1.372755,BEL,POL,7810
817786,23,177,1314,2002.0,0.0,468836.0,0.468058,1.644037,BGR,POL,7810
817787,24,177,1314,2002.0,53868.0,0.0,-0.31754099999999996,-1.099381,BHR,POL,7810
817788,28,177,1314,2002.0,0.0,89649.0,0.865742,1.1823860000000002,BLR,POL,7810
817789,37,177,1314,2002.0,0.0,143733.0,-0.164526,-1.04616,BWA,POL,7810
817790,39,177,1314,2002.0,427074.0,0.0,0.9672360000000001,1.389981,CAN,POL,7810
817791,41,177,1314,2002.0,3659741.0,10227144.0,2.205507,0.831836,CHE,POL,7810
817792,43,177,1314,2002.0,28251.0,8621045.0,0.6181220000000001,1.9636759999999998,CHN,POL,7810
817793,44,177,1314,2002.0,0.0,11940.0,-0.803739,-0.752218,CIV,POL,7810
817794,54,177,1314,2002.0,0.0,175697.0,-0.896759,-1.079825,CUB,POL,7810
817795,58,177,1314,2002.0,0.0,8212.0,0.332088,0.50441,CYP,POL,7810
817796,59,177,1314,2002.0,245295936.0,18661134.0,1.5835139999999999,0.9563010000000001,CZE,POL,7810
817797,61,177,1314,2002.0,679839360.0,179787680.0,2.367856,-2.195331,DEU,POL,7810
817798,64,177,1314,2002.0,1646162.0,1514557.0,1.344708,1.321135,DNK,POL,7810
817799,66,177,1314,2002.0,0.0,306914.0,-0.9281389999999999,-1.19549,DZA,POL,7810
817800,68,177,1314,2002.0,0.0,2185635.0,-0.37218,0.634319,EGY,POL,7810
817801,71,177,1314,2002.0,190338480.0,26657676.0,1.054108,1.9357349999999998,ESP,POL,7810
817802,72,177,1314,2002.0,61153.0,118866.0,0.576142,1.168563,EST,POL,7810
817803,73,177,1314,2002.0,0.0,10740.0,-1.289118,-1.0291540000000001,ETH,POL,7810
817804,74,177,1314,2002.0,802280.0,841195.0,1.9545119999999998,1.047515,FIN,POL,7810
817805,77,177,1314,2002.0,404820768.0,45072720.0,1.648526,0.6870430000000001,FRA,POL,7810
817806,81,177,1314,2002.0,139034912.0,47254560.0,2.067395,0.7934359999999999,GBR,POL,7810
817807,82,177,1314,2002.0,0.0,4321.0,0.23526999999999998,-0.156333,GEO,POL,7810
817808,83,177,1314,2002.0,0.0,7311.0,-1.258567,-1.048266,GHA,POL,7810
817809,90,177,1314,2002.0,0.0,20639458.0,0.20355399999999998,1.4130200000000002,GRC,POL,7810
817810,99,177,1314,2002.0,0.0,4917.0,-0.637891,-0.564421,HND,POL,7810
817811,100,177,1314,2002.0,3952.0,7177684.0,0.603546,1.273001,HRV,POL,7810
817812,102,177,1314,2002.0,12400918.0,35344300.0,1.232359,1.064425,HUN,POL,7810
817813,106,177,1314,2002.0,0.0,2412239.0,1.7939310000000002,0.219254,IRL,POL,7810
817814,107,177,1314,2002.0,0.0,218043.0,-0.665259,-0.840274,IRN,POL,7810
817815,111,177,1314,2002.0,113147800.0,558940544.0,1.3944219999999998,1.125362,ITA,POL,7810
817816,114,177,1314,2002.0,42995260.0,267515.0,2.7747580000000003,0.43663199999999996,JPN,POL,7810
817817,115,177,1314,2002.0,0.0,35054.0,-0.100361,-0.502468,KAZ,POL,7810
817818,121,177,1314,2002.0,9504521.0,0.0,1.4172719999999999,0.8763139999999999,KOR,POL,7810
817819,130,177,1314,2002.0,217593.0,187117.0,0.15796,0.855931,LTU,POL,7810
817820,131,177,1314,2002.0,1116266.0,147186.0,1.396249,1.153017,LUX,POL,7810
817821,132,177,1314,2002.0,0.0,574836.0,0.41409799999999997,0.6281680000000001,LVA,POL,7810
817822,138,177,1314,2002.0,73893.0,0.0,1.2677129999999999,0.599314,MEX,POL,7810
817823,140,177,1314,2002.0,0.0,458686.0,-0.027727999999999996,0.41846400000000006,MKD,POL,7810
817824,142,177,1314,2002.0,0.0,38852.0,0.901235,-0.140261,MLT,POL,7810
817825,156,177,1314,2002.0,0.0,30607.0,-0.7477739999999999,-1.006248,NCL,POL,7810
817826,159,177,1314,2002.0,0.0,179523.0,-1.705991,-1.292926,NGA,POL,7810
817827,162,177,1314,2002.0,39929232.0,35202484.0,1.175777,1.667472,NLD,POL,7810
817828,163,177,1314,2002.0,31752.0,854348.0,0.689588,-0.007016,NOR,POL,7810
817829,167,177,1314,2002.0,38029.0,0.0,-1.307058,-1.270916,OMN,POL,7810
817830,179,177,1314,2002.0,14077204.0,8755802.0,0.584956,1.377068,PRT,POL,7810
817831,185,177,1314,2002.0,0.0,400101.0,0.549227,1.071998,ROU,POL,7810
817832,186,177,1314,2002.0,457104.0,213491.0,0.6051449999999999,0.272307,RUS,POL,7810
817833,189,177,1314,2002.0,4066.0,1528958.0,0.523459,2.58657,SCG,POL,7810
817834,206,177,1314,2002.0,45638308.0,2782940.0,1.269549,1.184774,SVK,POL,7810
817835,207,177,1314,2002.0,36531680.0,645412.0,1.469681,1.13303,SVN,POL,7810
817836,208,177,1314,2002.0,6038104.0,2288202.0,2.134,0.769413,SWE,POL,7810
817837,212,177,1314,2002.0,0.0,214826.0,-1.07007,-0.560769,SYR,POL,7810
817838,217,177,1314,2002.0,0.0,67000.0,-0.8483510000000001,-1.09992,TJK,POL,7810
817839,223,177,1314,2002.0,0.0,2218021.0,0.059876,0.369032,TUN,POL,7810
817840,224,177,1314,2002.0,41824060.0,1602057.0,0.12982,1.8032650000000001,TUR,POL,7810
817841,228,177,1314,2002.0,0.0,32413020.0,0.575372,1.131722,UKR,POL,7810
817842,231,177,1314,2002.0,8972841.0,210341.0,1.853174,0.120986,USA,POL,7810
817843,239,177,1314,2002.0,0.0,12998.0,-0.44170699999999996,0.544708,VNM,POL,7810
817844,246,177,1314,2002.0,0.0,1523958.0,0.32760500000000004,2.497746,ZAF,POL,7810
817845,249,177,1314,2002.0,25997.0,0.0,1.9084720000000002,1.253714,TWN,POL,7810
817846,7,183,1314,2002.0,8725.0,4031568.0,-0.288838,-0.640049,ARE,QAT,7810
817847,14,183,1314,2002.0,18825648.0,0.0,-0.052462,0.759617,AUS,QAT,7810
817848,15,183,1314,2002.0,1196385.0,0.0,1.866997,0.400527,AUT,QAT,7810
817849,18,183,1314,2002.0,606910.0,281159.0,1.424339,1.372755,BEL,QAT,7810
817850,24,183,1314,2002.0,695302.0,676344.0,-0.31754099999999996,-1.099381,BHR,QAT,7810
817851,32,183,1314,2002.0,157827.0,0.0,0.631343,1.249344,BRA,QAT,7810
817852,39,183,1314,2002.0,4410736.0,0.0,0.9672360000000001,1.389981,CAN,QAT,7810
817853,41,183,1314,2002.0,202306.0,177497.0,2.205507,0.831836,CHE,QAT,7810
817854,43,183,1314,2002.0,47106.0,204617.0,0.6181220000000001,1.9636759999999998,CHN,QAT,7810
817855,59,183,1314,2002.0,1969442.0,0.0,1.5835139999999999,0.9563010000000001,CZE,QAT,7810
817856,61,183,1314,2002.0,70669336.0,366838.0,2.367856,-2.195331,DEU,QAT,7810
817857,66,183,1314,2002.0,0.0,281771.0,-0.9281389999999999,-1.19549,DZA,QAT,7810
817858,68,183,1314,2002.0,23435.0,97473.0,-0.37218,0.634319,EGY,QAT,7810
817859,71,183,1314,2002.0,2916552.0,0.0,1.054108,1.9357349999999998,ESP,QAT,7810
817860,73,183,1314,2002.0,0.0,27063.0,-1.289118,-1.0291540000000001,ETH,QAT,7810
817861,77,183,1314,2002.0,4816758.0,219351.0,1.648526,0.6870430000000001,FRA,QAT,7810
817862,81,183,1314,2002.0,8835337.0,667677.0,2.067395,0.7934359999999999,GBR,QAT,7810
817863,90,183,1314,2002.0,0.0,17226.0,0.20355399999999998,1.4130200000000002,GRC,QAT,7810
817864,97,183,1314,2002.0,0.0,418418.0,0.704932,1.291658,HKG,QAT,7810
817865,102,183,1314,2002.0,9397.0,0.0,1.232359,1.064425,HUN,QAT,7810
817866,103,183,1314,2002.0,0.0,33004.0,0.098182,1.7305840000000001,IDN,QAT,7810
817867,104,183,1314,2002.0,79667.0,0.0,0.32974000000000003,2.376477,IND,QAT,7810
817868,106,183,1314,2002.0,9295.0,0.0,1.7939310000000002,0.219254,IRL,QAT,7810
817869,107,183,1314,2002.0,81790.0,73967.0,-0.665259,-0.840274,IRN,QAT,7810
817870,108,183,1314,2002.0,0.0,93122.0,-1.008202,-0.9532209999999999,IRQ,QAT,7810
817871,111,183,1314,2002.0,3091737.0,8047.0,1.3944219999999998,1.125362,ITA,QAT,7810
817872,113,183,1314,2002.0,0.0,783744.0,0.34023000000000003,0.264754,JOR,QAT,7810
817873,114,183,1314,2002.0,195583216.0,7294964.0,2.7747580000000003,0.43663199999999996,JPN,QAT,7810
817874,121,183,1314,2002.0,18321006.0,8082.0,1.4172719999999999,0.8763139999999999,KOR,QAT,7810
817875,122,183,1314,2002.0,7496.0,5168966.0,-0.794007,-1.192659,KWT,QAT,7810
817876,124,183,1314,2002.0,13267.0,386171.0,0.220906,1.470297,LBN,QAT,7810
817877,134,183,1314,2002.0,0.0,42317.0,-0.690226,-0.42557,MAR,QAT,7810
817878,138,183,1314,2002.0,842479.0,0.0,1.2677129999999999,0.599314,MEX,QAT,7810
817879,153,183,1314,2002.0,1279452.0,0.0,0.9987159999999999,0.26558200000000004,MYS,QAT,7810
817880,162,183,1314,2002.0,83246.0,61528.0,1.175777,1.667472,NLD,QAT,7810
817881,163,183,1314,2002.0,0.0,31535.0,0.689588,-0.007016,NOR,QAT,7810
817882,167,183,1314,2002.0,196579.0,72482.0,-1.307058,-1.270916,OMN,QAT,7810
817883,174,183,1314,2002.0,0.0,13084.0,0.29601,-0.232513,PHL,QAT,7810
817884,179,183,1314,2002.0,13173.0,0.0,0.584956,1.377068,PRT,QAT,7810
817885,188,183,1314,2002.0,286190.0,6986144.0,0.048764,-0.903125,SAU,QAT,7810
817886,190,183,1314,2002.0,0.0,142847.0,-1.336665,-1.19919,SDN,QAT,7810
817887,192,183,1314,2002.0,21329.0,0.0,1.7077209999999998,0.683549,SGP,QAT,7810
817888,206,183,1314,2002.0,39882.0,0.0,1.269549,1.184774,SVK,QAT,7810
817889,208,183,1314,2002.0,632351.0,12945.0,2.134,0.769413,SWE,QAT,7810
817890,212,183,1314,2002.0,0.0,78291.0,-1.07007,-0.560769,SYR,QAT,7810
817891,216,183,1314,2002.0,786155.0,0.0,0.513887,1.545967,THA,QAT,7810
817892,223,183,1314,2002.0,0.0,94117.0,0.059876,0.369032,TUN,QAT,7810
817893,224,183,1314,2002.0,1078939.0,0.0,0.12982,1.8032650000000001,TUR,QAT,7810
817894,231,183,1314,2002.0,26095008.0,78482.0,1.853174,0.120986,USA,QAT,7810
817895,243,183,1314,2002.0,0.0,97002.0,-1.447637,-1.289748,YEM,QAT,7810
817896,246,183,1314,2002.0,14523.0,15659.0,0.32760500000000004,2.497746,ZAF,QAT,7810
817897,249,183,1314,2002.0,912431.0,0.0,1.9084720000000002,1.253714,TWN,QAT,7810
817898,15,185,1314,2002.0,11281078.0,2167.0,1.866997,0.400527,AUT,ROU,7810
817899,16,185,1314,2002.0,0.0,28077.0,-0.566735,-1.003158,AZE,ROU,7810
817900,18,185,1314,2002.0,15483913.0,18007.0,1.424339,1.372755,BEL,ROU,7810
817901,23,185,1314,2002.0,40516.0,237078.0,0.468058,1.644037,BGR,ROU,7810
817902,32,185,1314,2002.0,0.0,356264.0,0.631343,1.249344,BRA,ROU,7810
817903,39,185,1314,2002.0,47541.0,0.0,0.9672360000000001,1.389981,CAN,ROU,7810
817904,41,185,1314,2002.0,183085.0,8499.0,2.205507,0.831836,CHE,ROU,7810
817905,43,185,1314,2002.0,20937.0,19726118.0,0.6181220000000001,1.9636759999999998,CHN,ROU,7810
817906,44,185,1314,2002.0,0.0,50609.0,-0.803739,-0.752218,CIV,ROU,7810
817907,49,185,1314,2002.0,0.0,1618880.0,0.219861,0.45238999999999996,COL,ROU,7810
817908,52,185,1314,2002.0,0.0,268720.0,0.083983,-0.096237,CRI,ROU,7810
817909,58,185,1314,2002.0,18796.0,0.0,0.332088,0.50441,CYP,ROU,7810
817910,59,185,1314,2002.0,53244844.0,1278327.0,1.5835139999999999,0.9563010000000001,CZE,ROU,7810
817911,61,185,1314,2002.0,237597408.0,353213.0,2.367856,-2.195331,DEU,ROU,7810
817912,64,185,1314,2002.0,111344.0,0.0,1.344708,1.321135,DNK,ROU,7810
817913,67,185,1314,2002.0,0.0,103871.0,-0.973858,-0.8924979999999999,ECU,ROU,7810
817914,71,185,1314,2002.0,13222438.0,24795.0,1.054108,1.9357349999999998,ESP,ROU,7810
817915,73,185,1314,2002.0,0.0,47164.0,-1.289118,-1.0291540000000001,ETH,ROU,7810
817916,74,185,1314,2002.0,119217.0,0.0,1.9545119999999998,1.047515,FIN,ROU,7810
817917,77,185,1314,2002.0,68340896.0,554004.0,1.648526,0.6870430000000001,FRA,ROU,7810
817918,81,185,1314,2002.0,9734394.0,133915.0,2.067395,0.7934359999999999,GBR,ROU,7810
817919,82,185,1314,2002.0,0.0,55968.0,0.23526999999999998,-0.156333,GEO,ROU,7810
817920,90,185,1314,2002.0,22165.0,68717.0,0.20355399999999998,1.4130200000000002,GRC,ROU,7810
817921,99,185,1314,2002.0,0.0,12091.0,-0.637891,-0.564421,HND,ROU,7810
817922,100,185,1314,2002.0,23356.0,774695.0,0.603546,1.273001,HRV,ROU,7810
817923,102,185,1314,2002.0,2537044.0,7004086.0,1.232359,1.064425,HUN,ROU,7810
817924,104,185,1314,2002.0,9338.0,0.0,0.32974000000000003,2.376477,IND,ROU,7810
817925,106,185,1314,2002.0,1411.0,0.0,1.7939310000000002,0.219254,IRL,ROU,7810
817926,111,185,1314,2002.0,18239548.0,139013.0,1.3944219999999998,1.125362,ITA,ROU,7810
817927,114,185,1314,2002.0,340591.0,0.0,2.7747580000000003,0.43663199999999996,JPN,ROU,7810
817928,115,185,1314,2002.0,0.0,8791.0,-0.100361,-0.502468,KAZ,ROU,7810
817929,121,185,1314,2002.0,20428116.0,0.0,1.4172719999999999,0.8763139999999999,KOR,ROU,7810
817930,124,185,1314,2002.0,6826.0,7548.0,0.220906,1.470297,LBN,ROU,7810
817931,125,185,1314,2002.0,0.0,22000.0,-0.683036,-1.158808,LBR,ROU,7810
817932,130,185,1314,2002.0,0.0,41890.0,0.15796,0.855931,LTU,ROU,7810
817933,131,185,1314,2002.0,54734.0,42779.0,1.396249,1.153017,LUX,ROU,7810
817934,134,185,1314,2002.0,0.0,187915.0,-0.690226,-0.42557,MAR,ROU,7810
817935,135,185,1314,2002.0,4410.0,204181.0,-0.017383000000000003,0.109124,MDA,ROU,7810
817936,136,185,1314,2002.0,0.0,77648.0,-1.109564,-0.642039,MDG,ROU,7810
817937,138,185,1314,2002.0,8124.0,0.0,1.2677129999999999,0.599314,MEX,ROU,7810
817938,140,185,1314,2002.0,0.0,156984.0,-0.027727999999999996,0.41846400000000006,MKD,ROU,7810
817939,141,185,1314,2002.0,0.0,143985.0,-0.786698,-0.682438,MLI,ROU,7810
817940,153,185,1314,2002.0,16038.0,0.0,0.9987159999999999,0.26558200000000004,MYS,ROU,7810
817941,162,185,1314,2002.0,4915072.0,8264.0,1.175777,1.667472,NLD,ROU,7810
817942,163,185,1314,2002.0,95385.0,0.0,0.689588,-0.007016,NOR,ROU,7810
817943,174,185,1314,2002.0,0.0,6357.0,0.29601,-0.232513,PHL,ROU,7810
817944,177,185,1314,2002.0,400101.0,0.0,0.9449299999999999,1.655764,POL,ROU,7810
817945,178,185,1314,2002.0,6527.0,0.0,0.629678,1.0153780000000001,PRK,ROU,7810
817946,179,185,1314,2002.0,171581.0,2550.0,0.584956,1.377068,PRT,ROU,7810
817947,186,185,1314,2002.0,407602.0,0.0,0.6051449999999999,0.272307,RUS,ROU,7810
817948,189,185,1314,2002.0,0.0,1745920.0,0.523459,2.58657,SCG,ROU,7810
817949,191,185,1314,2002.0,0.0,144278.0,-0.5424939999999999,-0.554531,SEN,ROU,7810
817950,206,185,1314,2002.0,2948030.0,205397.0,1.269549,1.184774,SVK,ROU,7810
817951,207,185,1314,2002.0,61711.0,0.0,1.469681,1.13303,SVN,ROU,7810
817952,208,185,1314,2002.0,232623.0,40963.0,2.134,0.769413,SWE,ROU,7810
817953,212,185,1314,2002.0,0.0,5723454.0,-1.07007,-0.560769,SYR,ROU,7810
817954,215,185,1314,2002.0,0.0,264250.0,-0.688284,-0.5292789999999999,TGO,ROU,7810
817955,216,185,1314,2002.0,26018.0,0.0,0.513887,1.545967,THA,ROU,7810
817956,224,185,1314,2002.0,46597060.0,7568.0,0.12982,1.8032650000000001,TUR,ROU,7810
817957,228,185,1314,2002.0,7884.0,1486754.0,0.575372,1.131722,UKR,ROU,7810
817958,230,185,1314,2002.0,0.0,5317.0,0.048498,0.118565,URY,ROU,7810
817959,231,185,1314,2002.0,3010129.0,0.0,1.853174,0.120986,USA,ROU,7810
817960,236,185,1314,2002.0,0.0,10946857.0,-0.008877,-0.753486,VEN,ROU,7810
817961,246,185,1314,2002.0,4283.0,0.0,0.32760500000000004,2.497746,ZAF,ROU,7810
817962,250,185,1314,2002.0,98234.0,0.0,0.5979300000000001,-0.497816,ANS,ROU,7810
817963,1,186,1314,2002.0,0.0,1055420.0,-0.11885899999999999,-0.346093,AFG,RUS,7810
817964,2,186,1314,2002.0,0.0,584465.0,-1.8043639999999999,-1.250642,AGO,RUS,7810
817965,4,186,1314,2002.0,0.0,1158.0,-0.05800399999999999,0.042254,ALB,RUS,7810
817966,5,186,1314,2002.0,21327.0,0.0,1.3229389999999999,0.9635950000000001,AND,RUS,7810
817967,7,186,1314,2002.0,0.0,957100.0,-0.288838,-0.640049,ARE,RUS,7810
817968,8,186,1314,2002.0,0.0,109751.0,0.045376,0.71768,ARG,RUS,7810
817969,9,186,1314,2002.0,23335.0,5834469.0,0.66447,-0.08317000000000001,ARM,RUS,7810
817970,15,186,1314,2002.0,21381418.0,142075.0,1.866997,0.400527,AUT,RUS,7810
817971,16,186,1314,2002.0,86006.0,22528862.0,-0.566735,-1.003158,AZE,RUS,7810
817972,18,186,1314,2002.0,37275812.0,1076073.0,1.424339,1.372755,BEL,RUS,7810
817973,23,186,1314,2002.0,76810.0,1960552.0,0.468058,1.644037,BGR,RUS,7810
817974,26,186,1314,2002.0,3392.0,0.0,0.223543,0.44595100000000004,BIH,RUS,7810
817975,28,186,1314,2002.0,373278.0,9945776.0,0.865742,1.1823860000000002,BLR,RUS,7810
817976,31,186,1314,2002.0,0.0,28234.0,-0.785592,-0.6761119999999999,BOL,RUS,7810
817977,32,186,1314,2002.0,1256.0,0.0,0.631343,1.249344,BRA,RUS,7810
817978,39,186,1314,2002.0,3618778.0,401695.0,0.9672360000000001,1.389981,CAN,RUS,7810
817979,41,186,1314,2002.0,2697365.0,422119.0,2.205507,0.831836,CHE,RUS,7810
817980,42,186,1314,2002.0,7640.0,3692.0,-0.079201,-0.11449200000000001,CHL,RUS,7810
817981,43,186,1314,2002.0,5357.0,976723.0,0.6181220000000001,1.9636759999999998,CHN,RUS,7810
817982,44,186,1314,2002.0,0.0,7946.0,-0.803739,-0.752218,CIV,RUS,7810
817983,45,186,1314,2002.0,0.0,7329.0,-1.188713,-1.109944,CMR,RUS,7810
817984,49,186,1314,2002.0,0.0,62618.0,0.219861,0.45238999999999996,COL,RUS,7810
817985,52,186,1314,2002.0,0.0,11685.0,0.083983,-0.096237,CRI,RUS,7810
817986,54,186,1314,2002.0,0.0,2776412.0,-0.896759,-1.079825,CUB,RUS,7810
817987,58,186,1314,2002.0,20310.0,25290.0,0.332088,0.50441,CYP,RUS,7810
817988,59,186,1314,2002.0,98456640.0,1633714.0,1.5835139999999999,0.9563010000000001,CZE,RUS,7810
817989,61,186,1314,2002.0,1159032064.0,4356490.0,2.367856,-2.195331,DEU,RUS,7810
817990,64,186,1314,2002.0,3752680.0,821678.0,1.344708,1.321135,DNK,RUS,7810
817991,66,186,1314,2002.0,0.0,249236.0,-0.9281389999999999,-1.19549,DZA,RUS,7810
817992,67,186,1314,2002.0,0.0,1050430.0,-0.973858,-0.8924979999999999,ECU,RUS,7810
817993,68,186,1314,2002.0,0.0,426908.0,-0.37218,0.634319,EGY,RUS,7810
817994,71,186,1314,2002.0,10972278.0,850024.0,1.054108,1.9357349999999998,ESP,RUS,7810
817995,72,186,1314,2002.0,8588523.0,7175904.0,0.576142,1.168563,EST,RUS,7810
817996,73,186,1314,2002.0,0.0,24425.0,-1.289118,-1.0291540000000001,ETH,RUS,7810
817997,74,186,1314,2002.0,39792060.0,6196792.0,1.9545119999999998,1.047515,FIN,RUS,7810
817998,77,186,1314,2002.0,114613536.0,5743126.0,1.648526,0.6870430000000001,FRA,RUS,7810
817999,81,186,1314,2002.0,104556168.0,8543.0,2.067395,0.7934359999999999,GBR,RUS,7810
818000,82,186,1314,2002.0,31864.0,354239.0,0.23526999999999998,-0.156333,GEO,RUS,7810
818001,83,186,1314,2002.0,0.0,14638.0,-1.258567,-1.048266,GHA,RUS,7810
818002,85,186,1314,2002.0,7377.0,8175.0,-1.684157,-1.256743,GIN,RUS,7810
818003,90,186,1314,2002.0,2250.0,4453374.0,0.20355399999999998,1.4130200000000002,GRC,RUS,7810
818004,97,186,1314,2002.0,11371.0,0.0,0.704932,1.291658,HKG,RUS,7810
818005,100,186,1314,2002.0,29055.0,2423742.0,0.603546,1.273001,HRV,RUS,7810
818006,102,186,1314,2002.0,11709277.0,1363388.0,1.232359,1.064425,HUN,RUS,7810
818007,104,186,1314,2002.0,31507.0,0.0,0.32974000000000003,2.376477,IND,RUS,7810
818008,107,186,1314,2002.0,0.0,14072.0,-0.665259,-0.840274,IRN,RUS,7810
818009,110,186,1314,2002.0,0.0,9257.0,1.257709,0.8318989999999999,ISR,RUS,7810
818010,111,186,1314,2002.0,11981034.0,1028049.0,1.3944219999999998,1.125362,ITA,RUS,7810
818011,113,186,1314,2002.0,0.0,86200.0,0.34023000000000003,0.264754,JOR,RUS,7810
818012,114,186,1314,2002.0,303701376.0,12920.0,2.7747580000000003,0.43663199999999996,JPN,RUS,7810
818013,115,186,1314,2002.0,483103.0,80578384.0,-0.100361,-0.502468,KAZ,RUS,7810
818014,116,186,1314,2002.0,0.0,55930.0,-0.59055,0.000731,KEN,RUS,7810
818015,117,186,1314,2002.0,120957.0,2201785.0,-0.094898,0.235639,KGZ,RUS,7810
818016,121,186,1314,2002.0,58757524.0,190118.0,1.4172719999999999,0.8763139999999999,KOR,RUS,7810
818017,123,186,1314,2002.0,0.0,172028.0,-0.990957,-1.111048,LAO,RUS,7810
818018,124,186,1314,2002.0,0.0,129742.0,0.220906,1.470297,LBN,RUS,7810
818019,130,186,1314,2002.0,61802660.0,5350998.0,0.15796,0.855931,LTU,RUS,7810
818020,131,186,1314,2002.0,1580024.0,0.0,1.396249,1.153017,LUX,RUS,7810
818021,132,186,1314,2002.0,976340.0,1158803.0,0.41409799999999997,0.6281680000000001,LVA,RUS,7810
818022,135,186,1314,2002.0,385840.0,3310252.0,-0.017383000000000003,0.109124,MDA,RUS,7810
818023,138,186,1314,2002.0,121108.0,11442.0,1.2677129999999999,0.599314,MEX,RUS,7810
818024,140,186,1314,2002.0,10767.0,267943.0,-0.027727999999999996,0.41846400000000006,MKD,RUS,7810
818025,141,186,1314,2002.0,0.0,3390.0,-0.786698,-0.682438,MLI,RUS,7810
818026,145,186,1314,2002.0,119368.0,5849285.0,-0.711096,-0.9835799999999999,MNG,RUS,7810
818027,148,186,1314,2002.0,0.0,2435.0,-1.053061,-1.221967,MRT,RUS,7810
818028,155,186,1314,2002.0,1580.0,0.0,-0.137725,-0.361452,NAM,RUS,7810
818029,157,186,1314,2002.0,0.0,1393.0,-0.562837,-0.333649,NER,RUS,7810
818030,159,186,1314,2002.0,0.0,107421.0,-1.705991,-1.292926,NGA,RUS,7810
818031,160,186,1314,2002.0,0.0,115279.0,-0.634946,-0.37966,NIC,RUS,7810
818032,162,186,1314,2002.0,59420464.0,267161.0,1.175777,1.667472,NLD,RUS,7810
818033,163,186,1314,2002.0,346202.0,72541.0,0.689588,-0.007016,NOR,RUS,7810
818034,167,186,1314,2002.0,58164.0,0.0,-1.307058,-1.270916,OMN,RUS,7810
818035,177,186,1314,2002.0,213491.0,457104.0,0.9449299999999999,1.655764,POL,RUS,7810
818036,178,186,1314,2002.0,9425.0,786609.0,0.629678,1.0153780000000001,PRK,RUS,7810
818037,179,186,1314,2002.0,1040645.0,9394.0,0.584956,1.377068,PRT,RUS,7810
818038,185,186,1314,2002.0,0.0,407602.0,0.549227,1.071998,ROU,RUS,7810
818039,187,186,1314,2002.0,0.0,7068.0,-0.6278859999999999,-0.832391,RWA,RUS,7810
818040,188,186,1314,2002.0,0.0,41086.0,0.048764,-0.903125,SAU,RUS,7810
818041,189,186,1314,2002.0,40888.0,3458102.0,0.523459,2.58657,SCG,RUS,7810
818042,191,186,1314,2002.0,0.0,8577.0,-0.5424939999999999,-0.554531,SEN,RUS,7810
818043,206,186,1314,2002.0,926569.0,1052253.0,1.269549,1.184774,SVK,RUS,7810
818044,207,186,1314,2002.0,9403.0,34524960.0,1.469681,1.13303,SVN,RUS,7810
818045,208,186,1314,2002.0,61175500.0,114731.0,2.134,0.769413,SWE,RUS,7810
818046,212,186,1314,2002.0,0.0,8083742.0,-1.07007,-0.560769,SYR,RUS,7810
818047,217,186,1314,2002.0,0.0,728930.0,-0.8483510000000001,-1.09992,TJK,RUS,7810
818048,219,186,1314,2002.0,0.0,456449.0,-0.9178629999999999,-1.202212,TKM,RUS,7810
818049,223,186,1314,2002.0,0.0,3971.0,0.059876,0.369032,TUN,RUS,7810
818050,224,186,1314,2002.0,52722116.0,3284791.0,0.12982,1.8032650000000001,TUR,RUS,7810
818051,226,186,1314,2002.0,0.0,1556.0,-1.234127,-0.421158,TZA,RUS,7810
818052,228,186,1314,2002.0,1097298.0,44503828.0,0.575372,1.131722,UKR,RUS,7810
818053,230,186,1314,2002.0,0.0,3763249.0,0.048498,0.118565,URY,RUS,7810
818054,231,186,1314,2002.0,23155162.0,56503.0,1.853174,0.120986,USA,RUS,7810
818055,232,186,1314,2002.0,51096648.0,4155548.0,-0.583861,-0.758266,UZB,RUS,7810
818056,236,186,1314,2002.0,0.0,23444.0,-0.008877,-0.753486,VEN,RUS,7810
818057,237,186,1314,2002.0,0.0,52024232.0,0.6891930000000001,-0.27620500000000003,VGB,RUS,7810
818058,239,186,1314,2002.0,0.0,664614.0,-0.44170699999999996,0.544708,VNM,RUS,7810
818059,246,186,1314,2002.0,90818.0,0.0,0.32760500000000004,2.497746,ZAF,RUS,7810
818060,249,186,1314,2002.0,57116.0,0.0,1.9084720000000002,1.253714,TWN,RUS,7810
818061,250,186,1314,2002.0,5602.0,16031.0,0.5979300000000001,-0.497816,ANS,RUS,7810
818062,4,188,1314,2002.0,0.0,9407.0,-0.05800399999999999,0.042254,ALB,SAU,7810
818063,7,188,1314,2002.0,0.0,1293068.0,-0.288838,-0.640049,ARE,SAU,7810
818064,14,188,1314,2002.0,590096832.0,50178.0,-0.052462,0.759617,AUS,SAU,7810
818065,15,188,1314,2002.0,19024878.0,0.0,1.866997,0.400527,AUT,SAU,7810
818066,17,188,1314,2002.0,0.0,1408.0,-0.399212,-0.67657,BDI,SAU,7810
818067,18,188,1314,2002.0,14310363.0,243951.0,1.424339,1.372755,BEL,SAU,7810
818068,24,188,1314,2002.0,3911024.0,478983.0,-0.31754099999999996,-1.099381,BHR,SAU,7810
818069,32,188,1314,2002.0,1176883.0,0.0,0.631343,1.249344,BRA,SAU,7810
818070,39,188,1314,2002.0,23635144.0,0.0,0.9672360000000001,1.389981,CAN,SAU,7810
818071,41,188,1314,2002.0,791779.0,153090.0,2.205507,0.831836,CHE,SAU,7810
818072,43,188,1314,2002.0,205353.0,414215.0,0.6181220000000001,1.9636759999999998,CHN,SAU,7810
818073,44,188,1314,2002.0,5041.0,0.0,-0.803739,-0.752218,CIV,SAU,7810
818074,50,188,1314,2002.0,0.0,26299.0,-0.634921,-0.9792120000000001,COM,SAU,7810
818075,58,188,1314,2002.0,16136.0,0.0,0.332088,0.50441,CYP,SAU,7810
818076,59,188,1314,2002.0,3515324.0,0.0,1.5835139999999999,0.9563010000000001,CZE,SAU,7810
818077,61,188,1314,2002.0,297217888.0,185199.0,2.367856,-2.195331,DEU,SAU,7810
818078,62,188,1314,2002.0,0.0,1831736.0,-0.03383,-0.014618,DJI,SAU,7810
818079,64,188,1314,2002.0,131533.0,0.0,1.344708,1.321135,DNK,SAU,7810
818080,68,188,1314,2002.0,0.0,4524507.0,-0.37218,0.634319,EGY,SAU,7810
818081,69,188,1314,2002.0,0.0,469334.0,1.019399,0.23989899999999997,ERI,SAU,7810
818082,71,188,1314,2002.0,15269128.0,415992.0,1.054108,1.9357349999999998,ESP,SAU,7810
818083,73,188,1314,2002.0,0.0,1034533.0,-1.289118,-1.0291540000000001,ETH,SAU,7810
818084,74,188,1314,2002.0,112780.0,0.0,1.9545119999999998,1.047515,FIN,SAU,7810
818085,77,188,1314,2002.0,32295252.0,455596.0,1.648526,0.6870430000000001,FRA,SAU,7810
818086,81,188,1314,2002.0,19762816.0,519003.0,2.067395,0.7934359999999999,GBR,SAU,7810
818087,83,188,1314,2002.0,0.0,35770.0,-1.258567,-1.048266,GHA,SAU,7810
818088,85,188,1314,2002.0,0.0,72702.0,-1.684157,-1.256743,GIN,SAU,7810
818089,87,188,1314,2002.0,0.0,6771.0,0.266536,0.20776,GMB,SAU,7810
818090,90,188,1314,2002.0,0.0,61861.0,0.20355399999999998,1.4130200000000002,GRC,SAU,7810
818091,97,188,1314,2002.0,0.0,528938.0,0.704932,1.291658,HKG,SAU,7810
818092,103,188,1314,2002.0,0.0,28277.0,0.098182,1.7305840000000001,IDN,SAU,7810
818093,104,188,1314,2002.0,162748.0,13185.0,0.32974000000000003,2.376477,IND,SAU,7810
818094,106,188,1314,2002.0,0.0,247585.0,1.7939310000000002,0.219254,IRL,SAU,7810
818095,107,188,1314,2002.0,14886.0,310927.0,-0.665259,-0.840274,IRN,SAU,7810
818096,111,188,1314,2002.0,2543495.0,1186886.0,1.3944219999999998,1.125362,ITA,SAU,7810
818097,113,188,1314,2002.0,645090.0,985122.0,0.34023000000000003,0.264754,JOR,SAU,7810
818098,114,188,1314,2002.0,1208786048.0,0.0,2.7747580000000003,0.43663199999999996,JPN,SAU,7810
818099,116,188,1314,2002.0,13512.0,31713.0,-0.59055,0.000731,KEN,SAU,7810
818100,118,188,1314,2002.0,0.0,12690.0,-0.8577629999999999,-1.071536,KHM,SAU,7810
818101,121,188,1314,2002.0,182065184.0,47480.0,1.4172719999999999,0.8763139999999999,KOR,SAU,7810
818102,122,188,1314,2002.0,0.0,1049978.0,-0.794007,-1.192659,KWT,SAU,7810
818103,124,188,1314,2002.0,436881.0,1033847.0,0.220906,1.470297,LBN,SAU,7810
818104,126,188,1314,2002.0,0.0,296000.0,-0.692769,-1.188682,LBY,SAU,7810
818105,131,188,1314,2002.0,0.0,3268.0,1.396249,1.153017,LUX,SAU,7810
818106,134,188,1314,2002.0,4028.0,263814.0,-0.690226,-0.42557,MAR,SAU,7810
818107,138,188,1314,2002.0,38692296.0,0.0,1.2677129999999999,0.599314,MEX,SAU,7810
818108,142,188,1314,2002.0,0.0,187313.0,0.901235,-0.140261,MLT,SAU,7810
818109,148,188,1314,2002.0,0.0,2125.0,-1.053061,-1.221967,MRT,SAU,7810
818110,153,188,1314,2002.0,0.0,99000.0,0.9987159999999999,0.26558200000000004,MYS,SAU,7810
818111,159,188,1314,2002.0,0.0,43799.0,-1.705991,-1.292926,NGA,SAU,7810
818112,162,188,1314,2002.0,2216478.0,116050.0,1.175777,1.667472,NLD,SAU,7810
818113,163,188,1314,2002.0,0.0,10998.0,0.689588,-0.007016,NOR,SAU,7810
818114,167,188,1314,2002.0,28479752.0,66223.0,-1.307058,-1.270916,OMN,SAU,7810
818115,168,188,1314,2002.0,0.0,310400.0,-0.7574069999999999,-0.403427,PAK,SAU,7810
818116,174,188,1314,2002.0,0.0,97729.0,0.29601,-0.232513,PHL,SAU,7810
818117,179,188,1314,2002.0,120366.0,15764.0,0.584956,1.377068,PRT,SAU,7810
818118,183,188,1314,2002.0,6986144.0,286190.0,-0.002177,-1.042517,QAT,SAU,7810
818119,186,188,1314,2002.0,41086.0,0.0,0.6051449999999999,0.272307,RUS,SAU,7810
818120,187,188,1314,2002.0,0.0,7878.0,-0.6278859999999999,-0.832391,RWA,SAU,7810
818121,190,188,1314,2002.0,148629.0,5614816.0,-1.336665,-1.19919,SDN,SAU,7810
818122,191,188,1314,2002.0,0.0,1178689.0,-0.5424939999999999,-0.554531,SEN,SAU,7810
818123,192,188,1314,2002.0,0.0,717613.0,1.7077209999999998,0.683549,SGP,SAU,7810
818124,199,188,1314,2002.0,0.0,83733.0,-0.145777,-0.512123,SOM,SAU,7810
818125,206,188,1314,2002.0,128274.0,0.0,1.269549,1.184774,SVK,SAU,7810
818126,208,188,1314,2002.0,7410352.0,344970.0,2.134,0.769413,SWE,SAU,7810
818127,212,188,1314,2002.0,0.0,253639.0,-1.07007,-0.560769,SYR,SAU,7810
818128,214,188,1314,2002.0,0.0,207200.0,-0.092619,-0.776712,TCD,SAU,7810
818129,216,188,1314,2002.0,5649770.0,0.0,0.513887,1.545967,THA,SAU,7810
818130,223,188,1314,2002.0,0.0,1623028.0,0.059876,0.369032,TUN,SAU,7810
818131,224,188,1314,2002.0,17406110.0,49514.0,0.12982,1.8032650000000001,TUR,SAU,7810
818132,226,188,1314,2002.0,0.0,14524.0,-1.234127,-0.421158,TZA,SAU,7810
818133,227,188,1314,2002.0,0.0,24825.0,-1.262952,-0.903123,UGA,SAU,7810
818134,231,188,1314,2002.0,833941056.0,317987.0,1.853174,0.120986,USA,SAU,7810
818135,239,188,1314,2002.0,0.0,17212.0,-0.44170699999999996,0.544708,VNM,SAU,7810
818136,243,188,1314,2002.0,0.0,1157602.0,-1.447637,-1.289748,YEM,SAU,7810
818137,246,188,1314,2002.0,1892659.0,138052.0,0.32760500000000004,2.497746,ZAF,SAU,7810
818138,249,188,1314,2002.0,3560120.0,370563.0,1.9084720000000002,1.253714,TWN,SAU,7810
818139,250,188,1314,2002.0,797853.0,0.0,0.5979300000000001,-0.497816,ANS,SAU,7810
818140,2,206,1314,2002.0,0.0,25739.0,-1.8043639999999999,-1.250642,AGO,SVK,7810
818141,7,206,1314,2002.0,0.0,428436.0,-0.288838,-0.640049,ARE,SVK,7810
818142,8,206,1314,2002.0,0.0,8593.0,0.045376,0.71768,ARG,SVK,7810
818143,14,206,1314,2002.0,0.0,2147228.0,-0.052462,0.759617,AUS,SVK,7810
818144,15,206,1314,2002.0,10197474.0,114061432.0,1.866997,0.400527,AUT,SVK,7810
818145,18,206,1314,2002.0,4401091.0,48714728.0,1.424339,1.372755,BEL,SVK,7810
818146,23,206,1314,2002.0,25834.0,206432.0,0.468058,1.644037,BGR,SVK,7810
818147,24,206,1314,2002.0,0.0,115788.0,-0.31754099999999996,-1.099381,BHR,SVK,7810
818148,26,206,1314,2002.0,0.0,3097236.0,0.223543,0.44595100000000004,BIH,SVK,7810
818149,28,206,1314,2002.0,0.0,10483.0,0.865742,1.1823860000000002,BLR,SVK,7810
818150,39,206,1314,2002.0,133634.0,7363.0,0.9672360000000001,1.389981,CAN,SVK,7810
818151,41,206,1314,2002.0,433417.0,103742928.0,2.205507,0.831836,CHE,SVK,7810
818152,42,206,1314,2002.0,0.0,20707.0,-0.079201,-0.11449200000000001,CHL,SVK,7810
818153,43,206,1314,2002.0,0.0,4067161.0,0.6181220000000001,1.9636759999999998,CHN,SVK,7810
818154,59,206,1314,2002.0,265679520.0,20319832.0,1.5835139999999999,0.9563010000000001,CZE,SVK,7810
818155,61,206,1314,2002.0,107408528.0,1616758144.0,2.367856,-2.195331,DEU,SVK,7810
818156,64,206,1314,2002.0,1277480.0,5577834.0,1.344708,1.321135,DNK,SVK,7810
818157,68,206,1314,2002.0,0.0,12050.0,-0.37218,0.634319,EGY,SVK,7810
818158,71,206,1314,2002.0,36383256.0,9153064.0,1.054108,1.9357349999999998,ESP,SVK,7810
818159,72,206,1314,2002.0,58668.0,707187.0,0.576142,1.168563,EST,SVK,7810
818160,74,206,1314,2002.0,1303592.0,13339259.0,1.9545119999999998,1.047515,FIN,SVK,7810
818161,77,206,1314,2002.0,56702080.0,174987040.0,1.648526,0.6870430000000001,FRA,SVK,7810
818162,81,206,1314,2002.0,6587324.0,30513.0,2.067395,0.7934359999999999,GBR,SVK,7810
818163,82,206,1314,2002.0,0.0,5058.0,0.23526999999999998,-0.156333,GEO,SVK,7810
818164,90,206,1314,2002.0,0.0,144733.0,0.20355399999999998,1.4130200000000002,GRC,SVK,7810
818165,97,206,1314,2002.0,0.0,45026.0,0.704932,1.291658,HKG,SVK,7810
818166,100,206,1314,2002.0,3914.0,1211181.0,0.603546,1.273001,HRV,SVK,7810
818167,102,206,1314,2002.0,302391.0,38029840.0,1.232359,1.064425,HUN,SVK,7810
818168,110,206,1314,2002.0,0.0,105950.0,1.257709,0.8318989999999999,ISR,SVK,7810
818169,111,206,1314,2002.0,3227708.0,181855248.0,1.3944219999999998,1.125362,ITA,SVK,7810
818170,113,206,1314,2002.0,0.0,57936.0,0.34023000000000003,0.264754,JOR,SVK,7810
818171,114,206,1314,2002.0,5470050.0,134251008.0,2.7747580000000003,0.43663199999999996,JPN,SVK,7810
818172,121,206,1314,2002.0,2382079.0,0.0,1.4172719999999999,0.8763139999999999,KOR,SVK,7810
818173,122,206,1314,2002.0,0.0,61062.0,-0.794007,-1.192659,KWT,SVK,7810
818174,124,206,1314,2002.0,0.0,860284.0,0.220906,1.470297,LBN,SVK,7810
818175,126,206,1314,2002.0,0.0,12092.0,-0.692769,-1.188682,LBY,SVK,7810
818176,130,206,1314,2002.0,37973.0,65999.0,0.15796,0.855931,LTU,SVK,7810
818177,131,206,1314,2002.0,42523.0,10140024.0,1.396249,1.153017,LUX,SVK,7810
818178,132,206,1314,2002.0,0.0,2346636.0,0.41409799999999997,0.6281680000000001,LVA,SVK,7810
818179,135,206,1314,2002.0,3468.0,0.0,-0.017383000000000003,0.109124,MDA,SVK,7810
818180,138,206,1314,2002.0,14390.0,0.0,1.2677129999999999,0.599314,MEX,SVK,7810
818181,140,206,1314,2002.0,0.0,53949.0,-0.027727999999999996,0.41846400000000006,MKD,SVK,7810
818182,145,206,1314,2002.0,0.0,106316.0,-0.711096,-0.9835799999999999,MNG,SVK,7810
818183,156,206,1314,2002.0,0.0,114292.0,-0.7477739999999999,-1.006248,NCL,SVK,7810
818184,162,206,1314,2002.0,1236725.0,20828918.0,1.175777,1.667472,NLD,SVK,7810
818185,163,206,1314,2002.0,0.0,13142714.0,0.689588,-0.007016,NOR,SVK,7810
818186,166,206,1314,2002.0,0.0,193369.0,0.370673,0.7853829999999999,NZL,SVK,7810
818187,167,206,1314,2002.0,0.0,127680.0,-1.307058,-1.270916,OMN,SVK,7810
818188,177,206,1314,2002.0,2782940.0,45638308.0,0.9449299999999999,1.655764,POL,SVK,7810
818189,178,206,1314,2002.0,2281.0,0.0,0.629678,1.0153780000000001,PRK,SVK,7810
818190,179,206,1314,2002.0,324994.0,19649.0,0.584956,1.377068,PRT,SVK,7810
818191,183,206,1314,2002.0,0.0,39882.0,-0.002177,-1.042517,QAT,SVK,7810
818192,185,206,1314,2002.0,205397.0,2948030.0,0.549227,1.071998,ROU,SVK,7810
818193,186,206,1314,2002.0,1052253.0,926569.0,0.6051449999999999,0.272307,RUS,SVK,7810
818194,188,206,1314,2002.0,0.0,128274.0,0.048764,-0.903125,SAU,SVK,7810
818195,189,206,1314,2002.0,0.0,283018.0,0.523459,2.58657,SCG,SVK,7810
818196,207,206,1314,2002.0,7201792.0,20209224.0,1.469681,1.13303,SVN,SVK,7810
818197,208,206,1314,2002.0,574008.0,5060136.0,2.134,0.769413,SWE,SVK,7810
818198,212,206,1314,2002.0,0.0,640307.0,-1.07007,-0.560769,SYR,SVK,7810
818199,216,206,1314,2002.0,23363.0,0.0,0.513887,1.545967,THA,SVK,7810
818200,224,206,1314,2002.0,7538838.0,522778.0,0.12982,1.8032650000000001,TUR,SVK,7810
818201,228,206,1314,2002.0,0.0,1503693.0,0.575372,1.131722,UKR,SVK,7810
818202,231,206,1314,2002.0,2789123.0,180588.0,1.853174,0.120986,USA,SVK,7810
818203,243,206,1314,2002.0,0.0,7545.0,-1.447637,-1.289748,YEM,SVK,7810
818204,246,206,1314,2002.0,0.0,33124.0,0.32760500000000004,2.497746,ZAF,SVK,7810
818205,249,206,1314,2002.0,1282.0,0.0,1.9084720000000002,1.253714,TWN,SVK,7810
818206,250,206,1314,2002.0,0.0,1068.0,0.5979300000000001,-0.497816,ANS,SVK,7810
818207,4,207,1314,2002.0,0.0,36395.0,-0.05800399999999999,0.042254,ALB,SVN,7810
818208,7,207,1314,2002.0,10414.0,0.0,-0.288838,-0.640049,ARE,SVN,7810
818209,15,207,1314,2002.0,5324372.0,28935482.0,1.866997,0.400527,AUT,SVN,7810
818210,18,207,1314,2002.0,14660785.0,0.0,1.424339,1.372755,BEL,SVN,7810
818211,23,207,1314,2002.0,2405.0,4205.0,0.468058,1.644037,BGR,SVN,7810
818212,24,207,1314,2002.0,0.0,88206.0,-0.31754099999999996,-1.099381,BHR,SVN,7810
818213,26,207,1314,2002.0,27195.0,1429793.0,0.223543,0.44595100000000004,BIH,SVN,7810
818214,28,207,1314,2002.0,0.0,3303.0,0.865742,1.1823860000000002,BLR,SVN,7810
818215,32,207,1314,2002.0,4584.0,0.0,0.631343,1.249344,BRA,SVN,7810
818216,39,207,1314,2002.0,24610.0,6864.0,0.9672360000000001,1.389981,CAN,SVN,7810
818217,41,207,1314,2002.0,280569.0,20496718.0,2.205507,0.831836,CHE,SVN,7810
818218,43,207,1314,2002.0,19692.0,0.0,0.6181220000000001,1.9636759999999998,CHN,SVN,7810
818219,59,207,1314,2002.0,19025956.0,10217182.0,1.5835139999999999,0.9563010000000001,CZE,SVN,7810
818220,61,207,1314,2002.0,147737760.0,364826784.0,2.367856,-2.195331,DEU,SVN,7810
818221,64,207,1314,2002.0,42489.0,0.0,1.344708,1.321135,DNK,SVN,7810
818222,66,207,1314,2002.0,0.0,14515.0,-0.9281389999999999,-1.19549,DZA,SVN,7810
818223,67,207,1314,2002.0,0.0,14237.0,-0.973858,-0.8924979999999999,ECU,SVN,7810
818224,68,207,1314,2002.0,0.0,284260.0,-0.37218,0.634319,EGY,SVN,7810
818225,71,207,1314,2002.0,57816840.0,342052.0,1.054108,1.9357349999999998,ESP,SVN,7810
818226,72,207,1314,2002.0,0.0,290875.0,0.576142,1.168563,EST,SVN,7810
818227,74,207,1314,2002.0,92091.0,2611856.0,1.9545119999999998,1.047515,FIN,SVN,7810
818228,77,207,1314,2002.0,105816384.0,295630400.0,1.648526,0.6870430000000001,FRA,SVN,7810
818229,78,207,1314,2002.0,0.0,242388.0,-0.33811399999999997,-0.8092050000000001,FRO,SVN,7810
818230,81,207,1314,2002.0,9966479.0,7849.0,2.067395,0.7934359999999999,GBR,SVN,7810
818231,82,207,1314,2002.0,0.0,58969.0,0.23526999999999998,-0.156333,GEO,SVN,7810
818232,90,207,1314,2002.0,0.0,4001104.0,0.20355399999999998,1.4130200000000002,GRC,SVN,7810
818233,100,207,1314,2002.0,69129.0,3793724.0,0.603546,1.273001,HRV,SVN,7810
818234,102,207,1314,2002.0,10793173.0,14569019.0,1.232359,1.064425,HUN,SVN,7810
818235,104,207,1314,2002.0,0.0,3264.0,0.32974000000000003,2.376477,IND,SVN,7810
818236,109,207,1314,2002.0,0.0,32446.0,0.17011700000000002,-0.33925500000000003,ISL,SVN,7810
818237,110,207,1314,2002.0,0.0,19621.0,1.257709,0.8318989999999999,ISR,SVN,7810
818238,111,207,1314,2002.0,67412672.0,153703824.0,1.3944219999999998,1.125362,ITA,SVN,7810
818239,114,207,1314,2002.0,20925972.0,12446.0,2.7747580000000003,0.43663199999999996,JPN,SVN,7810
818240,121,207,1314,2002.0,16069169.0,0.0,1.4172719999999999,0.8763139999999999,KOR,SVN,7810
818241,124,207,1314,2002.0,0.0,7569.0,0.220906,1.470297,LBN,SVN,7810
818242,131,207,1314,2002.0,49889.0,3698028.0,1.396249,1.153017,LUX,SVN,7810
818243,132,207,1314,2002.0,0.0,751845.0,0.41409799999999997,0.6281680000000001,LVA,SVN,7810
818244,135,207,1314,2002.0,0.0,10862.0,-0.017383000000000003,0.109124,MDA,SVN,7810
818245,138,207,1314,2002.0,80623.0,0.0,1.2677129999999999,0.599314,MEX,SVN,7810
818246,140,207,1314,2002.0,0.0,628775.0,-0.027727999999999996,0.41846400000000006,MKD,SVN,7810
818247,162,207,1314,2002.0,2851615.0,2568052.0,1.175777,1.667472,NLD,SVN,7810
818248,163,207,1314,2002.0,1559.0,314956.0,0.689588,-0.007016,NOR,SVN,7810
818249,177,207,1314,2002.0,645412.0,36531680.0,0.9449299999999999,1.655764,POL,SVN,7810
818250,178,207,1314,2002.0,10460.0,0.0,0.629678,1.0153780000000001,PRK,SVN,7810
818251,179,207,1314,2002.0,693278.0,0.0,0.584956,1.377068,PRT,SVN,7810
818252,185,207,1314,2002.0,0.0,61711.0,0.549227,1.071998,ROU,SVN,7810
818253,186,207,1314,2002.0,34524960.0,9403.0,0.6051449999999999,0.272307,RUS,SVN,7810
818254,189,207,1314,2002.0,52408.0,1218598.0,0.523459,2.58657,SCG,SVN,7810
818255,206,207,1314,2002.0,20209224.0,7201792.0,1.269549,1.184774,SVK,SVN,7810
818256,208,207,1314,2002.0,1100006.0,1955837.0,2.134,0.769413,SWE,SVN,7810
818257,223,207,1314,2002.0,0.0,11322.0,0.059876,0.369032,TUN,SVN,7810
818258,224,207,1314,2002.0,1897372.0,0.0,0.12982,1.8032650000000001,TUR,SVN,7810
818259,228,207,1314,2002.0,0.0,46907.0,0.575372,1.131722,UKR,SVN,7810
818260,231,207,1314,2002.0,1844106.0,0.0,1.853174,0.120986,USA,SVN,7810
818261,249,207,1314,2002.0,1413.0,0.0,1.9084720000000002,1.253714,TWN,SVN,7810
818262,7,223,1314,2002.0,476241.0,0.0,-0.288838,-0.640049,ARE,TUN,7810
818263,14,223,1314,2002.0,17419.0,0.0,-0.052462,0.759617,AUS,TUN,7810
818264,15,223,1314,2002.0,441942.0,0.0,1.866997,0.400527,AUT,TUN,7810
818265,18,223,1314,2002.0,4752058.0,71001.0,1.424339,1.372755,BEL,TUN,7810
818266,19,223,1314,2002.0,0.0,8015.0,-0.7683840000000001,-0.7984319999999999,BEN,TUN,7810
818267,22,223,1314,2002.0,52067.0,0.0,-0.9509,-1.113308,BGD,TUN,7810
818268,24,223,1314,2002.0,16992.0,0.0,-0.31754099999999996,-1.099381,BHR,TUN,7810
818269,26,223,1314,2002.0,16220.0,0.0,0.223543,0.44595100000000004,BIH,TUN,7810
818270,32,223,1314,2002.0,624297.0,0.0,0.631343,1.249344,BRA,TUN,7810
818271,39,223,1314,2002.0,128770.0,0.0,0.9672360000000001,1.389981,CAN,TUN,7810
818272,41,223,1314,2002.0,905341.0,0.0,2.205507,0.831836,CHE,TUN,7810
818273,43,223,1314,2002.0,1929.0,0.0,0.6181220000000001,1.9636759999999998,CHN,TUN,7810
818274,45,223,1314,2002.0,0.0,6969.0,-1.188713,-1.109944,CMR,TUN,7810
818275,49,223,1314,2002.0,152757.0,0.0,0.219861,0.45238999999999996,COL,TUN,7810
818276,59,223,1314,2002.0,118817.0,0.0,1.5835139999999999,0.9563010000000001,CZE,TUN,7810
818277,61,223,1314,2002.0,19887488.0,24432.0,2.367856,-2.195331,DEU,TUN,7810
818278,64,223,1314,2002.0,43326.0,0.0,1.344708,1.321135,DNK,TUN,7810
818279,66,223,1314,2002.0,0.0,3848684.0,-0.9281389999999999,-1.19549,DZA,TUN,7810
818280,71,223,1314,2002.0,34063712.0,71518.0,1.054108,1.9357349999999998,ESP,TUN,7810
818281,74,223,1314,2002.0,17524.0,0.0,1.9545119999999998,1.047515,FIN,TUN,7810
818282,77,223,1314,2002.0,170670368.0,296589.0,1.648526,0.6870430000000001,FRA,TUN,7810
818283,80,223,1314,2002.0,16235.0,0.0,-1.34341,-1.238593,GAB,TUN,7810
818284,81,223,1314,2002.0,177880.0,0.0,2.067395,0.7934359999999999,GBR,TUN,7810
818285,90,223,1314,2002.0,5072.0,0.0,0.20355399999999998,1.4130200000000002,GRC,TUN,7810
818286,106,223,1314,2002.0,5287.0,0.0,1.7939310000000002,0.219254,IRL,TUN,7810
818287,111,223,1314,2002.0,19357818.0,113715.0,1.3944219999999998,1.125362,ITA,TUN,7810
818288,113,223,1314,2002.0,6628.0,0.0,0.34023000000000003,0.264754,JOR,TUN,7810
818289,114,223,1314,2002.0,3793140.0,282179.0,2.7747580000000003,0.43663199999999996,JPN,TUN,7810
818290,121,223,1314,2002.0,666298.0,0.0,1.4172719999999999,0.8763139999999999,KOR,TUN,7810
818291,122,223,1314,2002.0,8118.0,0.0,-0.794007,-1.192659,KWT,TUN,7810
818292,126,223,1314,2002.0,74582.0,621618.0,-0.692769,-1.188682,LBY,TUN,7810
818293,131,223,1314,2002.0,73983.0,40088.0,1.396249,1.153017,LUX,TUN,7810
818294,134,223,1314,2002.0,35177.0,0.0,-0.690226,-0.42557,MAR,TUN,7810
818295,142,223,1314,2002.0,11487.0,0.0,0.901235,-0.140261,MLT,TUN,7810
818296,148,223,1314,2002.0,0.0,90427.0,-1.053061,-1.221967,MRT,TUN,7810
818297,162,223,1314,2002.0,467636.0,119673.0,1.175777,1.667472,NLD,TUN,7810
818298,163,223,1314,2002.0,0.0,27639.0,0.689588,-0.007016,NOR,TUN,7810
818299,167,223,1314,2002.0,420245.0,4823.0,-1.307058,-1.270916,OMN,TUN,7810
818300,177,223,1314,2002.0,2218021.0,0.0,0.9449299999999999,1.655764,POL,TUN,7810
818301,178,223,1314,2002.0,39510.0,0.0,0.629678,1.0153780000000001,PRK,TUN,7810
818302,179,223,1314,2002.0,20653.0,55766.0,0.584956,1.377068,PRT,TUN,7810
818303,183,223,1314,2002.0,94117.0,0.0,-0.002177,-1.042517,QAT,TUN,7810
818304,186,223,1314,2002.0,3971.0,0.0,0.6051449999999999,0.272307,RUS,TUN,7810
818305,188,223,1314,2002.0,1623028.0,0.0,0.048764,-0.903125,SAU,TUN,7810
818306,207,223,1314,2002.0,11322.0,0.0,1.469681,1.13303,SVN,TUN,7810
818307,208,223,1314,2002.0,88790.0,13767.0,2.134,0.769413,SWE,TUN,7810
818308,216,223,1314,2002.0,70312.0,0.0,0.513887,1.545967,THA,TUN,7810
818309,224,223,1314,2002.0,6975890.0,0.0,0.12982,1.8032650000000001,TUR,TUN,7810
818310,231,223,1314,2002.0,637911.0,0.0,1.853174,0.120986,USA,TUN,7810
818311,243,223,1314,2002.0,8644.0,0.0,-1.447637,-1.289748,YEM,TUN,7810
818312,246,223,1314,2002.0,0.0,4669.0,0.32760500000000004,2.497746,ZAF,TUN,7810
818313,249,223,1314,2002.0,14158.0,0.0,1.9084720000000002,1.253714,TWN,TUN,7810
818314,250,223,1314,2002.0,343585.0,2911.0,0.5979300000000001,-0.497816,ANS,TUN,7810
818315,7,226,1314,2002.0,1680835.0,0.0,-0.288838,-0.640049,ARE,TZA,7810
818316,8,226,1314,2002.0,12888.0,0.0,0.045376,0.71768,ARG,TZA,7810
818317,14,226,1314,2002.0,125655.0,0.0,-0.052462,0.759617,AUS,TZA,7810
818318,17,226,1314,2002.0,0.0,34067.0,-0.399212,-0.67657,BDI,TZA,7810
818319,18,226,1314,2002.0,414651.0,0.0,1.424339,1.372755,BEL,TZA,7810
818320,23,226,1314,2002.0,10985.0,0.0,0.468058,1.644037,BGR,TZA,7810
818321,37,226,1314,2002.0,47239.0,0.0,-0.164526,-1.04616,BWA,TZA,7810
818322,39,226,1314,2002.0,1627.0,0.0,0.9672360000000001,1.389981,CAN,TZA,7810
818323,41,226,1314,2002.0,30235.0,0.0,2.205507,0.831836,CHE,TZA,7810
818324,43,226,1314,2002.0,10259.0,0.0,0.6181220000000001,1.9636759999999998,CHN,TZA,7810
818325,44,226,1314,2002.0,22997.0,0.0,-0.803739,-0.752218,CIV,TZA,7810
818326,46,226,1314,2002.0,0.0,2405.0,-1.218664,-1.1406120000000002,COD,TZA,7810
818327,50,226,1314,2002.0,0.0,1503.0,-0.634921,-0.9792120000000001,COM,TZA,7810
818328,61,226,1314,2002.0,1769843.0,0.0,2.367856,-2.195331,DEU,TZA,7810
818329,64,226,1314,2002.0,303955.0,0.0,1.344708,1.321135,DNK,TZA,7810
818330,67,226,1314,2002.0,70070.0,0.0,-0.973858,-0.8924979999999999,ECU,TZA,7810
818331,71,226,1314,2002.0,335089.0,0.0,1.054108,1.9357349999999998,ESP,TZA,7810
818332,74,226,1314,2002.0,1438.0,0.0,1.9545119999999998,1.047515,FIN,TZA,7810
818333,77,226,1314,2002.0,228204.0,0.0,1.648526,0.6870430000000001,FRA,TZA,7810
818334,81,226,1314,2002.0,1541349.0,0.0,2.067395,0.7934359999999999,GBR,TZA,7810
818335,90,226,1314,2002.0,35275.0,0.0,0.20355399999999998,1.4130200000000002,GRC,TZA,7810
818336,97,226,1314,2002.0,19692.0,0.0,0.704932,1.291658,HKG,TZA,7810
818337,104,226,1314,2002.0,62256.0,0.0,0.32974000000000003,2.376477,IND,TZA,7810
818338,111,226,1314,2002.0,122517.0,33712.0,1.3944219999999998,1.125362,ITA,TZA,7810
818339,113,226,1314,2002.0,10397.0,0.0,0.34023000000000003,0.264754,JOR,TZA,7810
818340,114,226,1314,2002.0,18782864.0,0.0,2.7747580000000003,0.43663199999999996,JPN,TZA,7810
818341,116,226,1314,2002.0,333994.0,57354.0,-0.59055,0.000731,KEN,TZA,7810
818342,121,226,1314,2002.0,234026.0,0.0,1.4172719999999999,0.8763139999999999,KOR,TZA,7810
818343,152,226,1314,2002.0,5015.0,5222.0,-1.431612,-1.234903,MWI,TZA,7810
818344,155,226,1314,2002.0,5123.0,0.0,-0.137725,-0.361452,NAM,TZA,7810
818345,159,226,1314,2002.0,8709.0,0.0,-1.705991,-1.292926,NGA,TZA,7810
818346,162,226,1314,2002.0,125578.0,0.0,1.175777,1.667472,NLD,TZA,7810
818347,166,226,1314,2002.0,4568.0,0.0,0.370673,0.7853829999999999,NZL,TZA,7810
818348,167,226,1314,2002.0,432909.0,0.0,-1.307058,-1.270916,OMN,TZA,7810
818349,178,226,1314,2002.0,5278.0,0.0,0.629678,1.0153780000000001,PRK,TZA,7810
818350,186,226,1314,2002.0,1556.0,0.0,0.6051449999999999,0.272307,RUS,TZA,7810
818351,187,226,1314,2002.0,11574.0,0.0,-0.6278859999999999,-0.832391,RWA,TZA,7810
818352,188,226,1314,2002.0,14524.0,0.0,0.048764,-0.903125,SAU,TZA,7810
818353,189,226,1314,2002.0,2628.0,0.0,0.523459,2.58657,SCG,TZA,7810
818354,192,226,1314,2002.0,5607.0,0.0,1.7077209999999998,0.683549,SGP,TZA,7810
818355,194,226,1314,2002.0,4175.0,0.0,1.542309,-0.038145,SHN,TZA,7810
818356,208,226,1314,2002.0,4610.0,0.0,2.134,0.769413,SWE,TZA,7810
818357,209,226,1314,2002.0,9583.0,0.0,0.409355,-0.047221,SWZ,TZA,7810
818358,216,226,1314,2002.0,2797.0,0.0,0.513887,1.545967,THA,TZA,7810
818359,227,226,1314,2002.0,6119.0,13969.0,-1.262952,-0.903123,UGA,TZA,7810
818360,231,226,1314,2002.0,292810.0,0.0,1.853174,0.120986,USA,TZA,7810
818361,243,226,1314,2002.0,14442.0,0.0,-1.447637,-1.289748,YEM,TZA,7810
818362,246,226,1314,2002.0,1038123.0,0.0,0.32760500000000004,2.497746,ZAF,TZA,7810
818363,247,226,1314,2002.0,12948.0,83846.0,-0.840258,-0.639474,ZMB,TZA,7810
818364,248,226,1314,2002.0,373290.0,0.0,-0.36033000000000004,0.452182,ZWE,TZA,7810
818365,3,228,1314,2002.0,157617.0,0.0,1.822725,0.45911899999999994,AIA,UKR,7810
818366,4,228,1314,2002.0,0.0,10055.0,-0.05800399999999999,0.042254,ALB,UKR,7810
818367,9,228,1314,2002.0,15082.0,22361.0,0.66447,-0.08317000000000001,ARM,UKR,7810
818368,15,228,1314,2002.0,4135128.0,1603.0,1.866997,0.400527,AUT,UKR,7810
818369,18,228,1314,2002.0,8616980.0,2409.0,1.424339,1.372755,BEL,UKR,7810
818370,23,228,1314,2002.0,175921.0,4466.0,0.468058,1.644037,BGR,UKR,7810
818371,28,228,1314,2002.0,6711.0,180242.0,0.865742,1.1823860000000002,BLR,UKR,7810
818372,29,228,1314,2002.0,0.0,2815.0,-0.553335,-0.753058,BLZ,UKR,7810
818373,39,228,1314,2002.0,881826.0,0.0,0.9672360000000001,1.389981,CAN,UKR,7810
818374,41,228,1314,2002.0,68547.0,36620.0,2.205507,0.831836,CHE,UKR,7810
818375,43,228,1314,2002.0,14210.0,0.0,0.6181220000000001,1.9636759999999998,CHN,UKR,7810
818376,58,228,1314,2002.0,5262.0,0.0,0.332088,0.50441,CYP,UKR,7810
818377,59,228,1314,2002.0,48664768.0,0.0,1.5835139999999999,0.9563010000000001,CZE,UKR,7810
818378,61,228,1314,2002.0,215107920.0,294589.0,2.367856,-2.195331,DEU,UKR,7810
818379,64,228,1314,2002.0,6450654.0,0.0,1.344708,1.321135,DNK,UKR,7810
818380,71,228,1314,2002.0,7041255.0,3283.0,1.054108,1.9357349999999998,ESP,UKR,7810
818381,72,228,1314,2002.0,1476659.0,0.0,0.576142,1.168563,EST,UKR,7810
818382,73,228,1314,2002.0,0.0,41439.0,-1.289118,-1.0291540000000001,ETH,UKR,7810
818383,74,228,1314,2002.0,3900592.0,0.0,1.9545119999999998,1.047515,FIN,UKR,7810
818384,77,228,1314,2002.0,21378798.0,0.0,1.648526,0.6870430000000001,FRA,UKR,7810
818385,81,228,1314,2002.0,4985150.0,2361.0,2.067395,0.7934359999999999,GBR,UKR,7810
818386,82,228,1314,2002.0,6309.0,46061.0,0.23526999999999998,-0.156333,GEO,UKR,7810
818387,85,228,1314,2002.0,0.0,14756.0,-1.684157,-1.256743,GIN,UKR,7810
818388,90,228,1314,2002.0,23239.0,0.0,0.20355399999999998,1.4130200000000002,GRC,UKR,7810
818389,100,228,1314,2002.0,44165.0,4536.0,0.603546,1.273001,HRV,UKR,7810
818390,102,228,1314,2002.0,830981.0,0.0,1.232359,1.064425,HUN,UKR,7810
818391,104,228,1314,2002.0,17937.0,0.0,0.32974000000000003,2.376477,IND,UKR,7810
818392,110,228,1314,2002.0,0.0,19218.0,1.257709,0.8318989999999999,ISR,UKR,7810
818393,111,228,1314,2002.0,3012824.0,86436.0,1.3944219999999998,1.125362,ITA,UKR,7810
818394,114,228,1314,2002.0,18622876.0,0.0,2.7747580000000003,0.43663199999999996,JPN,UKR,7810
818395,115,228,1314,2002.0,22753.0,0.0,-0.100361,-0.502468,KAZ,UKR,7810
818396,121,228,1314,2002.0,11233018.0,5878.0,1.4172719999999999,0.8763139999999999,KOR,UKR,7810
818397,130,228,1314,2002.0,5622181.0,0.0,0.15796,0.855931,LTU,UKR,7810
818398,131,228,1314,2002.0,94828.0,2647.0,1.396249,1.153017,LUX,UKR,7810
818399,132,228,1314,2002.0,166915.0,3924.0,0.41409799999999997,0.6281680000000001,LVA,UKR,7810
818400,135,228,1314,2002.0,224280.0,31320.0,-0.017383000000000003,0.109124,MDA,UKR,7810
818401,138,228,1314,2002.0,32111.0,0.0,1.2677129999999999,0.599314,MEX,UKR,7810
818402,140,228,1314,2002.0,7835.0,25891.0,-0.027727999999999996,0.41846400000000006,MKD,UKR,7810
818403,162,228,1314,2002.0,8975962.0,0.0,1.175777,1.667472,NLD,UKR,7810
818404,163,228,1314,2002.0,14231.0,6515.0,0.689588,-0.007016,NOR,UKR,7810
818405,167,228,1314,2002.0,132275.0,0.0,-1.307058,-1.270916,OMN,UKR,7810
818406,177,228,1314,2002.0,32413020.0,0.0,0.9449299999999999,1.655764,POL,UKR,7810
818407,178,228,1314,2002.0,9987.0,0.0,0.629678,1.0153780000000001,PRK,UKR,7810
818408,179,228,1314,2002.0,178939.0,0.0,0.584956,1.377068,PRT,UKR,7810
818409,185,228,1314,2002.0,1486754.0,7884.0,0.549227,1.071998,ROU,UKR,7810
818410,186,228,1314,2002.0,44503828.0,1097298.0,0.6051449999999999,0.272307,RUS,UKR,7810
818411,189,228,1314,2002.0,0.0,8304.0,0.523459,2.58657,SCG,UKR,7810
818412,196,228,1314,2002.0,0.0,40933.0,0.29478899999999997,0.055865,SLE,UKR,7810
818413,206,228,1314,2002.0,1503693.0,0.0,1.269549,1.184774,SVK,UKR,7810
818414,207,228,1314,2002.0,46907.0,0.0,1.469681,1.13303,SVN,UKR,7810
818415,208,228,1314,2002.0,5281669.0,0.0,2.134,0.769413,SWE,UKR,7810
818416,212,228,1314,2002.0,0.0,1089752.0,-1.07007,-0.560769,SYR,UKR,7810
818417,216,228,1314,2002.0,5191.0,0.0,0.513887,1.545967,THA,UKR,7810
818418,224,228,1314,2002.0,8295296.0,0.0,0.12982,1.8032650000000001,TUR,UKR,7810
818419,231,228,1314,2002.0,1432560.0,0.0,1.853174,0.120986,USA,UKR,7810
818420,232,228,1314,2002.0,821469.0,0.0,-0.583861,-0.758266,UZB,UKR,7810
818421,237,228,1314,2002.0,523532.0,0.0,0.6891930000000001,-0.27620500000000003,VGB,UKR,7810
818422,246,228,1314,2002.0,3028.0,0.0,0.32760500000000004,2.497746,ZAF,UKR,7810
818423,15,8,1314,2002.0,254011.0,0.0,1.866997,0.400527,AUT,ARG,7810
818424,18,8,1314,2002.0,583477.0,475467.0,1.424339,1.372755,BEL,ARG,7810
818425,23,8,1314,2002.0,7626.0,0.0,0.468058,1.644037,BGR,ARG,7810
818426,31,8,1314,2002.0,198617.0,667041.0,-0.785592,-0.6761119999999999,BOL,ARG,7810
818427,32,8,1314,2002.0,110688280.0,336725696.0,0.631343,1.249344,BRA,ARG,7810
818428,39,8,1314,2002.0,27091.0,10700.0,0.9672360000000001,1.389981,CAN,ARG,7810
818429,41,8,1314,2002.0,34663.0,21285.0,2.205507,0.831836,CHE,ARG,7810
818430,42,8,1314,2002.0,74261.0,61025776.0,-0.079201,-0.11449200000000001,CHL,ARG,7810
818431,49,8,1314,2002.0,118992.0,754240.0,0.219861,0.45238999999999996,COL,ARG,7810
818432,52,8,1314,2002.0,0.0,173127.0,0.083983,-0.096237,CRI,ARG,7810
818433,54,8,1314,2002.0,20503.0,0.0,-0.896759,-1.079825,CUB,ARG,7810
818434,59,8,1314,2002.0,22424.0,0.0,1.5835139999999999,0.9563010000000001,CZE,ARG,7810
818435,61,8,1314,2002.0,9321708.0,852487.0,2.367856,-2.195331,DEU,ARG,7810
818436,64,8,1314,2002.0,26530.0,0.0,1.344708,1.321135,DNK,ARG,7810
818437,65,8,1314,2002.0,55311.0,0.0,-0.43339300000000003,-0.378827,DOM,ARG,7810
818438,67,8,1314,2002.0,23731.0,1890342.0,-0.973858,-0.8924979999999999,ECU,ARG,7810
818439,68,8,1314,2002.0,16304.0,0.0,-0.37218,0.634319,EGY,ARG,7810
818440,71,8,1314,2002.0,543211.0,743693.0,1.054108,1.9357349999999998,ESP,ARG,7810
818441,74,8,1314,2002.0,12484.0,0.0,1.9545119999999998,1.047515,FIN,ARG,7810
818442,77,8,1314,2002.0,6233840.0,171142.0,1.648526,0.6870430000000001,FRA,ARG,7810
818443,81,8,1314,2002.0,484953.0,182014.0,2.067395,0.7934359999999999,GBR,ARG,7810
818444,93,8,1314,2002.0,20422.0,26274.0,-0.49913,-0.038079,GTM,ARG,7810
818445,99,8,1314,2002.0,0.0,81145.0,-0.637891,-0.564421,HND,ARG,7810
818446,102,8,1314,2002.0,60334.0,0.0,1.232359,1.064425,HUN,ARG,7810
818447,104,8,1314,2002.0,46980.0,5096.0,0.32974000000000003,2.376477,IND,ARG,7810
818448,110,8,1314,2002.0,7279.0,0.0,1.257709,0.8318989999999999,ISR,ARG,7810
818449,111,8,1314,2002.0,1889684.0,233868.0,1.3944219999999998,1.125362,ITA,ARG,7810
818450,114,8,1314,2002.0,10076388.0,0.0,2.7747580000000003,0.43663199999999996,JPN,ARG,7810
818451,121,8,1314,2002.0,495528.0,13561.0,1.4172719999999999,0.8763139999999999,KOR,ARG,7810
818452,122,8,1314,2002.0,12208.0,0.0,-0.794007,-1.192659,KWT,ARG,7810
818453,131,8,1314,2002.0,0.0,11457.0,1.396249,1.153017,LUX,ARG,7810
818454,138,8,1314,2002.0,1017243.0,161229072.0,1.2677129999999999,0.599314,MEX,ARG,7810
818455,142,8,1314,2002.0,16448.0,0.0,0.901235,-0.140261,MLT,ARG,7810
818456,147,8,1314,2002.0,1766.0,0.0,-1.337891,-1.187073,MOZ,ARG,7810
818457,159,8,1314,2002.0,10698.0,15738.0,-1.705991,-1.292926,NGA,ARG,7810
818458,160,8,1314,2002.0,0.0,30986.0,-0.634946,-0.37966,NIC,ARG,7810
818459,162,8,1314,2002.0,85242.0,28013.0,1.175777,1.667472,NLD,ARG,7810
818460,163,8,1314,2002.0,13975.0,0.0,0.689588,-0.007016,NOR,ARG,7810
818461,169,8,1314,2002.0,0.0,432760.0,0.085746,0.21839,PAN,ARG,7810
818462,173,8,1314,2002.0,17675.0,642058.0,-0.456603,0.030838,PER,ARG,7810
818463,174,8,1314,2002.0,31858.0,0.0,0.29601,-0.232513,PHL,ARG,7810
818464,179,8,1314,2002.0,48952.0,3585.0,0.584956,1.377068,PRT,ARG,7810
818465,180,8,1314,2002.0,52596.0,1547750.0,-0.733796,-0.9001530000000001,PRY,ARG,7810
818466,186,8,1314,2002.0,109751.0,0.0,0.6051449999999999,0.272307,RUS,ARG,7810
818467,197,8,1314,2002.0,0.0,146226.0,-0.258579,-0.096214,SLV,ARG,7810
818468,205,8,1314,2002.0,0.0,16365.0,-1.002898,-0.905595,SUR,ARG,7810
818469,206,8,1314,2002.0,8593.0,0.0,1.269549,1.184774,SVK,ARG,7810
818470,208,8,1314,2002.0,197760.0,0.0,2.134,0.769413,SWE,ARG,7810
818471,224,8,1314,2002.0,11523.0,7482.0,0.12982,1.8032650000000001,TUR,ARG,7810
818472,226,8,1314,2002.0,0.0,12888.0,-1.234127,-0.421158,TZA,ARG,7810
818473,230,8,1314,2002.0,8974919.0,5565570.0,0.048498,0.118565,URY,ARG,7810
818474,231,8,1314,2002.0,2170422.0,228662.0,1.853174,0.120986,USA,ARG,7810
818475,236,8,1314,2002.0,48029.0,1052713.0,-0.008877,-0.753486,VEN,ARG,7810
818476,239,8,1314,2002.0,0.0,16615.0,-0.44170699999999996,0.544708,VNM,ARG,7810
818477,246,8,1314,2002.0,29285.0,26336.0,0.32760500000000004,2.497746,ZAF,ARG,7810
818478,249,8,1314,2002.0,55174.0,5557.0,1.9084720000000002,1.253714,TWN,ARG,7810
818479,250,8,1314,2002.0,1201043.0,90699.0,0.5979300000000001,-0.497816,ANS,ARG,7810
818480,7,37,1314,2002.0,9705.0,0.0,-0.288838,-0.640049,ARE,BWA,7810
818481,14,37,1314,2002.0,199507.0,0.0,-0.052462,0.759617,AUS,BWA,7810
818482,18,37,1314,2002.0,26183.0,0.0,1.424339,1.372755,BEL,BWA,7810
818483,39,37,1314,2002.0,20179.0,0.0,0.9672360000000001,1.389981,CAN,BWA,7810
818484,47,37,1314,2002.0,0.0,194873.0,-1.468836,-1.250484,COG,BWA,7810
818485,61,37,1314,2002.0,319393.0,71299.0,2.367856,-2.195331,DEU,BWA,7810
818486,64,37,1314,2002.0,20995.0,0.0,1.344708,1.321135,DNK,BWA,7810
818487,74,37,1314,2002.0,53565.0,0.0,1.9545119999999998,1.047515,FIN,BWA,7810
818488,77,37,1314,2002.0,2665872.0,0.0,1.648526,0.6870430000000001,FRA,BWA,7810
818489,81,37,1314,2002.0,494474.0,45173.0,2.067395,0.7934359999999999,GBR,BWA,7810
818490,97,37,1314,2002.0,68652.0,0.0,0.704932,1.291658,HKG,BWA,7810
818491,111,37,1314,2002.0,3877.0,0.0,1.3944219999999998,1.125362,ITA,BWA,7810
818492,114,37,1314,2002.0,280563.0,0.0,2.7747580000000003,0.43663199999999996,JPN,BWA,7810
818493,116,37,1314,2002.0,0.0,35990.0,-0.59055,0.000731,KEN,BWA,7810
818494,121,37,1314,2002.0,124281.0,0.0,1.4172719999999999,0.8763139999999999,KOR,BWA,7810
818495,129,37,1314,2002.0,10138.0,0.0,-1.313698,-1.153109,LSO,BWA,7810
818496,147,37,1314,2002.0,0.0,8668.0,-1.337891,-1.187073,MOZ,BWA,7810
818497,151,37,1314,2002.0,0.0,4157.0,-0.382062,-0.379224,MUS,BWA,7810
818498,152,37,1314,2002.0,14274.0,29771.0,-1.431612,-1.234903,MWI,BWA,7810
818499,155,37,1314,2002.0,281771.0,76689.0,-0.137725,-0.361452,NAM,BWA,7810
818500,159,37,1314,2002.0,0.0,23795.0,-1.705991,-1.292926,NGA,BWA,7810
818501,168,37,1314,2002.0,23774.0,0.0,-0.7574069999999999,-0.403427,PAK,BWA,7810
818502,177,37,1314,2002.0,143733.0,0.0,0.9449299999999999,1.655764,POL,BWA,7810
818503,209,37,1314,2002.0,49088.0,0.0,0.409355,-0.047221,SWZ,BWA,7810
818504,226,37,1314,2002.0,0.0,47239.0,-1.234127,-0.421158,TZA,BWA,7810
818505,227,37,1314,2002.0,0.0,19607.0,-1.262952,-0.903123,UGA,BWA,7810
818506,231,37,1314,2002.0,551209.0,144055.0,1.853174,0.120986,USA,BWA,7810
818507,246,37,1314,2002.0,152304032.0,361568.0,0.32760500000000004,2.497746,ZAF,BWA,7810
818508,247,37,1314,2002.0,322168.0,121386.0,-0.840258,-0.639474,ZMB,BWA,7810
818509,248,37,1314,2002.0,1142669.0,654295.0,-0.36033000000000004,0.452182,ZWE,BWA,7810
818510,2,44,1314,2002.0,0.0,9143.0,-1.8043639999999999,-1.250642,AGO,CIV,7810
818511,7,44,1314,2002.0,0.0,33757.0,-0.288838,-0.640049,ARE,CIV,7810
818512,14,44,1314,2002.0,52180.0,0.0,-0.052462,0.759617,AUS,CIV,7810
818513,15,44,1314,2002.0,662882.0,0.0,1.866997,0.400527,AUT,CIV,7810
818514,18,44,1314,2002.0,7619322.0,106309.0,1.424339,1.372755,BEL,CIV,7810
818515,19,44,1314,2002.0,0.0,28924.0,-0.7683840000000001,-0.7984319999999999,BEN,CIV,7810
818516,21,44,1314,2002.0,0.0,83945.0,-0.5542590000000001,-0.5946060000000001,BFA,CIV,7810
818517,32,44,1314,2002.0,200178.0,0.0,0.631343,1.249344,BRA,CIV,7810
818518,39,44,1314,2002.0,14410.0,0.0,0.9672360000000001,1.389981,CAN,CIV,7810
818519,41,44,1314,2002.0,164564.0,8208.0,2.205507,0.831836,CHE,CIV,7810
818520,43,44,1314,2002.0,47771.0,0.0,0.6181220000000001,1.9636759999999998,CHN,CIV,7810
818521,45,44,1314,2002.0,17917.0,117661.0,-1.188713,-1.109944,CMR,CIV,7810
818522,46,44,1314,2002.0,0.0,62552.0,-1.218664,-1.1406120000000002,COD,CIV,7810
818523,47,44,1314,2002.0,0.0,39506.0,-1.468836,-1.250484,COG,CIV,7810
818524,59,44,1314,2002.0,64546.0,0.0,1.5835139999999999,0.9563010000000001,CZE,CIV,7810
818525,61,44,1314,2002.0,11373150.0,47855.0,2.367856,-2.195331,DEU,CIV,7810
818526,64,44,1314,2002.0,146639.0,0.0,1.344708,1.321135,DNK,CIV,7810
818527,66,44,1314,2002.0,0.0,20046.0,-0.9281389999999999,-1.19549,DZA,CIV,7810
818528,71,44,1314,2002.0,1308230.0,41338.0,1.054108,1.9357349999999998,ESP,CIV,7810
818529,77,44,1314,2002.0,21656034.0,277607.0,1.648526,0.6870430000000001,FRA,CIV,7810
818530,80,44,1314,2002.0,7434.0,40011.0,-1.34341,-1.238593,GAB,CIV,7810
818531,81,44,1314,2002.0,179537.0,0.0,2.067395,0.7934359999999999,GBR,CIV,7810
818532,83,44,1314,2002.0,1089.0,17567.0,-1.258567,-1.048266,GHA,CIV,7810
818533,85,44,1314,2002.0,1014.0,45793.0,-1.684157,-1.256743,GIN,CIV,7810
818534,87,44,1314,2002.0,0.0,21401.0,0.266536,0.20776,GMB,CIV,7810
818535,102,44,1314,2002.0,6517.0,0.0,1.232359,1.064425,HUN,CIV,7810
818536,104,44,1314,2002.0,44330.0,0.0,0.32974000000000003,2.376477,IND,CIV,7810
818537,110,44,1314,2002.0,354279.0,0.0,1.257709,0.8318989999999999,ISR,CIV,7810
818538,111,44,1314,2002.0,720973.0,68209.0,1.3944219999999998,1.125362,ITA,CIV,7810
818539,114,44,1314,2002.0,2066342.0,0.0,2.7747580000000003,0.43663199999999996,JPN,CIV,7810
818540,116,44,1314,2002.0,0.0,31753.0,-0.59055,0.000731,KEN,CIV,7810
818541,121,44,1314,2002.0,781130.0,0.0,1.4172719999999999,0.8763139999999999,KOR,CIV,7810
818542,124,44,1314,2002.0,0.0,28499.0,0.220906,1.470297,LBN,CIV,7810
818543,125,44,1314,2002.0,0.0,2997.0,-0.683036,-1.158808,LBR,CIV,7810
818544,131,44,1314,2002.0,15301.0,4615.0,1.396249,1.153017,LUX,CIV,7810
818545,134,44,1314,2002.0,2615.0,69508.0,-0.690226,-0.42557,MAR,CIV,7810
818546,136,44,1314,2002.0,0.0,12246.0,-1.109564,-0.642039,MDG,CIV,7810
818547,141,44,1314,2002.0,7769.0,261279.0,-0.786698,-0.682438,MLI,CIV,7810
818548,147,44,1314,2002.0,0.0,5149.0,-1.337891,-1.187073,MOZ,CIV,7810
818549,151,44,1314,2002.0,0.0,15077.0,-0.382062,-0.379224,MUS,CIV,7810
818550,157,44,1314,2002.0,0.0,44782.0,-0.562837,-0.333649,NER,CIV,7810
818551,159,44,1314,2002.0,0.0,5858.0,-1.705991,-1.292926,NGA,CIV,7810
818552,162,44,1314,2002.0,541758.0,21427.0,1.175777,1.667472,NLD,CIV,7810
818553,163,44,1314,2002.0,0.0,4271.0,0.689588,-0.007016,NOR,CIV,7810
818554,173,44,1314,2002.0,0.0,6739.0,-0.456603,0.030838,PER,CIV,7810
818555,177,44,1314,2002.0,11940.0,0.0,0.9449299999999999,1.655764,POL,CIV,7810
818556,179,44,1314,2002.0,43227.0,1826.0,0.584956,1.377068,PRT,CIV,7810
818557,185,44,1314,2002.0,50609.0,0.0,0.549227,1.071998,ROU,CIV,7810
818558,186,44,1314,2002.0,7946.0,0.0,0.6051449999999999,0.272307,RUS,CIV,7810
818559,188,44,1314,2002.0,0.0,5041.0,0.048764,-0.903125,SAU,CIV,7810
818560,190,44,1314,2002.0,0.0,98873.0,-1.336665,-1.19919,SDN,CIV,7810
818561,191,44,1314,2002.0,115201.0,243888.0,-0.5424939999999999,-0.554531,SEN,CIV,7810
818562,192,44,1314,2002.0,0.0,8152.0,1.7077209999999998,0.683549,SGP,CIV,7810
818563,208,44,1314,2002.0,60277.0,0.0,2.134,0.769413,SWE,CIV,7810
818564,214,44,1314,2002.0,0.0,6472.0,-0.092619,-0.776712,TCD,CIV,7810
818565,215,44,1314,2002.0,12977.0,16676.0,-0.688284,-0.5292789999999999,TGO,CIV,7810
818566,216,44,1314,2002.0,2788766.0,0.0,0.513887,1.545967,THA,CIV,7810
818567,224,44,1314,2002.0,585758.0,0.0,0.12982,1.8032650000000001,TUR,CIV,7810
818568,226,44,1314,2002.0,0.0,22997.0,-1.234127,-0.421158,TZA,CIV,7810
818569,227,44,1314,2002.0,0.0,14389.0,-1.262952,-0.903123,UGA,CIV,7810
818570,231,44,1314,2002.0,1201850.0,118168.0,1.853174,0.120986,USA,CIV,7810
818571,246,44,1314,2002.0,207176.0,4208.0,0.32760500000000004,2.497746,ZAF,CIV,7810
818572,247,44,1314,2002.0,0.0,33246.0,-0.840258,-0.639474,ZMB,CIV,7810
818573,7,45,1314,2002.0,6187.0,0.0,-0.288838,-0.640049,ARE,CMR,7810
818574,15,45,1314,2002.0,8630.0,0.0,1.866997,0.400527,AUT,CMR,7810
818575,18,45,1314,2002.0,16287384.0,9686.0,1.424339,1.372755,BEL,CMR,7810
818576,19,45,1314,2002.0,1918.0,4747.0,-0.7683840000000001,-0.7984319999999999,BEN,CMR,7810
818577,38,45,1314,2002.0,0.0,2220.0,-0.698235,-0.905799,CAF,CMR,7810
818578,39,45,1314,2002.0,6840.0,0.0,0.9672360000000001,1.389981,CAN,CMR,7810
818579,41,45,1314,2002.0,797186.0,0.0,2.205507,0.831836,CHE,CMR,7810
818580,44,45,1314,2002.0,117661.0,17917.0,-0.803739,-0.752218,CIV,CMR,7810
818581,46,45,1314,2002.0,0.0,2168.0,-1.218664,-1.1406120000000002,COD,CMR,7810
818582,47,45,1314,2002.0,0.0,24520.0,-1.468836,-1.250484,COG,CMR,7810
818583,61,45,1314,2002.0,5680784.0,0.0,2.367856,-2.195331,DEU,CMR,7810
818584,64,45,1314,2002.0,187021.0,0.0,1.344708,1.321135,DNK,CMR,7810
818585,71,45,1314,2002.0,1186105.0,0.0,1.054108,1.9357349999999998,ESP,CMR,7810
818586,77,45,1314,2002.0,9380414.0,174517.0,1.648526,0.6870430000000001,FRA,CMR,7810
818587,80,45,1314,2002.0,28821.0,7230.0,-1.34341,-1.238593,GAB,CMR,7810
818588,81,45,1314,2002.0,379127.0,0.0,2.067395,0.7934359999999999,GBR,CMR,7810
818589,83,45,1314,2002.0,0.0,11127.0,-1.258567,-1.048266,GHA,CMR,7810
818590,89,45,1314,2002.0,0.0,10167.0,-1.8647490000000002,-0.96145,GNQ,CMR,7810
818591,97,45,1314,2002.0,98569.0,0.0,0.704932,1.291658,HKG,CMR,7810
818592,106,45,1314,2002.0,1027.0,0.0,1.7939310000000002,0.219254,IRL,CMR,7810
818593,110,45,1314,2002.0,154349.0,0.0,1.257709,0.8318989999999999,ISR,CMR,7810
818594,111,45,1314,2002.0,384924.0,0.0,1.3944219999999998,1.125362,ITA,CMR,7810
818595,114,45,1314,2002.0,4943512.0,0.0,2.7747580000000003,0.43663199999999996,JPN,CMR,7810
818596,116,45,1314,2002.0,11284.0,0.0,-0.59055,0.000731,KEN,CMR,7810
818597,121,45,1314,2002.0,503307.0,0.0,1.4172719999999999,0.8763139999999999,KOR,CMR,7810
818598,134,45,1314,2002.0,0.0,3544.0,-0.690226,-0.42557,MAR,CMR,7810
818599,138,45,1314,2002.0,8524.0,0.0,1.2677129999999999,0.599314,MEX,CMR,7810
818600,141,45,1314,2002.0,0.0,3196.0,-0.786698,-0.682438,MLI,CMR,7810
818601,159,45,1314,2002.0,127952.0,2311.0,-1.705991,-1.292926,NGA,CMR,7810
818602,162,45,1314,2002.0,1388810.0,0.0,1.175777,1.667472,NLD,CMR,7810
818603,179,45,1314,2002.0,4940.0,0.0,0.584956,1.377068,PRT,CMR,7810
818604,186,45,1314,2002.0,7329.0,0.0,0.6051449999999999,0.272307,RUS,CMR,7810
818605,191,45,1314,2002.0,40938.0,2767.0,-0.5424939999999999,-0.554531,SEN,CMR,7810
818606,203,45,1314,2002.0,0.0,7429.0,0.767305,-0.0836,STP,CMR,7810
818607,208,45,1314,2002.0,12690.0,0.0,2.134,0.769413,SWE,CMR,7810
818608,214,45,1314,2002.0,0.0,7231.0,-0.092619,-0.776712,TCD,CMR,7810
818609,215,45,1314,2002.0,22632.0,0.0,-0.688284,-0.5292789999999999,TGO,CMR,7810
818610,223,45,1314,2002.0,6969.0,0.0,0.059876,0.369032,TUN,CMR,7810
818611,231,45,1314,2002.0,521828.0,0.0,1.853174,0.120986,USA,CMR,7810
818612,236,45,1314,2002.0,4600.0,0.0,-0.008877,-0.753486,VEN,CMR,7810
818613,239,45,1314,2002.0,0.0,1731.0,-0.44170699999999996,0.544708,VNM,CMR,7810
818614,246,45,1314,2002.0,463123.0,0.0,0.32760500000000004,2.497746,ZAF,CMR,7810
818615,250,45,1314,2002.0,188526.0,0.0,0.5979300000000001,-0.497816,ANS,CMR,7810
818616,15,51,1314,2002.0,8913.0,0.0,1.866997,0.400527,AUT,CPV,7810
818617,18,51,1314,2002.0,518104.0,0.0,1.424339,1.372755,BEL,CPV,7810
818618,32,51,1314,2002.0,64169.0,0.0,0.631343,1.249344,BRA,CPV,7810
818619,41,51,1314,2002.0,29943.0,0.0,2.205507,0.831836,CHE,CPV,7810
818620,61,51,1314,2002.0,542148.0,0.0,2.367856,-2.195331,DEU,CPV,7810
818621,71,51,1314,2002.0,856370.0,0.0,1.054108,1.9357349999999998,ESP,CPV,7810
818622,77,51,1314,2002.0,711954.0,4049.0,1.648526,0.6870430000000001,FRA,CPV,7810
818623,81,51,1314,2002.0,229388.0,0.0,2.067395,0.7934359999999999,GBR,CPV,7810
818624,87,51,1314,2002.0,4775.0,0.0,0.266536,0.20776,GMB,CPV,7810
818625,111,51,1314,2002.0,128299.0,0.0,1.3944219999999998,1.125362,ITA,CPV,7810
818626,114,51,1314,2002.0,648298.0,0.0,2.7747580000000003,0.43663199999999996,JPN,CPV,7810
818627,162,51,1314,2002.0,692390.0,0.0,1.175777,1.667472,NLD,CPV,7810
818628,179,51,1314,2002.0,3332931.0,86271.0,0.584956,1.377068,PRT,CPV,7810
818629,191,51,1314,2002.0,3721.0,0.0,-0.5424939999999999,-0.554531,SEN,CPV,7810
818630,208,51,1314,2002.0,6925.0,0.0,2.134,0.769413,SWE,CPV,7810
818631,231,51,1314,2002.0,751944.0,0.0,1.853174,0.120986,USA,CPV,7810
818632,4,58,1314,2002.0,0.0,1224.0,-0.05800399999999999,0.042254,ALB,CYP,7810
818633,7,58,1314,2002.0,0.0,2564.0,-0.288838,-0.640049,ARE,CYP,7810
818634,14,58,1314,2002.0,0.0,2859.0,-0.052462,0.759617,AUS,CYP,7810
818635,15,58,1314,2002.0,416580.0,0.0,1.866997,0.400527,AUT,CYP,7810
818636,18,58,1314,2002.0,6547682.0,18817.0,1.424339,1.372755,BEL,CYP,7810
818637,23,58,1314,2002.0,0.0,7628.0,0.468058,1.644037,BGR,CYP,7810
818638,32,58,1314,2002.0,111748.0,0.0,0.631343,1.249344,BRA,CYP,7810
818639,39,58,1314,2002.0,4244.0,0.0,0.9672360000000001,1.389981,CAN,CYP,7810
818640,41,58,1314,2002.0,1354.0,0.0,2.205507,0.831836,CHE,CYP,7810
818641,43,58,1314,2002.0,98609.0,0.0,0.6181220000000001,1.9636759999999998,CHN,CYP,7810
818642,59,58,1314,2002.0,2770021.0,0.0,1.5835139999999999,0.9563010000000001,CZE,CYP,7810
818643,61,58,1314,2002.0,51438952.0,42472.0,2.367856,-2.195331,DEU,CYP,7810
818644,64,58,1314,2002.0,77729.0,0.0,1.344708,1.321135,DNK,CYP,7810
818645,68,58,1314,2002.0,0.0,2270.0,-0.37218,0.634319,EGY,CYP,7810
818646,71,58,1314,2002.0,27309008.0,69404.0,1.054108,1.9357349999999998,ESP,CYP,7810
818647,74,58,1314,2002.0,142888.0,3785.0,1.9545119999999998,1.047515,FIN,CYP,7810
818648,77,58,1314,2002.0,54736076.0,62419.0,1.648526,0.6870430000000001,FRA,CYP,7810
818649,81,58,1314,2002.0,42126616.0,49080428.0,2.067395,0.7934359999999999,GBR,CYP,7810
818650,83,58,1314,2002.0,0.0,13612.0,-1.258567,-1.048266,GHA,CYP,7810
818651,90,58,1314,2002.0,99338.0,653212.0,0.20355399999999998,1.4130200000000002,GRC,CYP,7810
818652,97,58,1314,2002.0,0.0,8447.0,0.704932,1.291658,HKG,CYP,7810
818653,102,58,1314,2002.0,140463.0,0.0,1.232359,1.064425,HUN,CYP,7810
818654,104,58,1314,2002.0,465372.0,0.0,0.32974000000000003,2.376477,IND,CYP,7810
818655,106,58,1314,2002.0,197016.0,358123.0,1.7939310000000002,0.219254,IRL,CYP,7810
818656,110,58,1314,2002.0,0.0,56924.0,1.257709,0.8318989999999999,ISR,CYP,7810
818657,111,58,1314,2002.0,2217203.0,6249.0,1.3944219999999998,1.125362,ITA,CYP,7810
818658,114,58,1314,2002.0,129292664.0,3384.0,2.7747580000000003,0.43663199999999996,JPN,CYP,7810
818659,116,58,1314,2002.0,1547.0,16249.0,-0.59055,0.000731,KEN,CYP,7810
818660,121,58,1314,2002.0,2237392.0,0.0,1.4172719999999999,0.8763139999999999,KOR,CYP,7810
818661,124,58,1314,2002.0,2398.0,28690.0,0.220906,1.470297,LBN,CYP,7810
818662,128,58,1314,2002.0,0.0,10754.0,-0.461765,-0.057614,LKA,CYP,7810
818663,138,58,1314,2002.0,183757.0,0.0,1.2677129999999999,0.599314,MEX,CYP,7810
818664,153,58,1314,2002.0,108106.0,0.0,0.9987159999999999,0.26558200000000004,MYS,CYP,7810
818665,162,58,1314,2002.0,1577358.0,152803.0,1.175777,1.667472,NLD,CYP,7810
818666,166,58,1314,2002.0,0.0,5815.0,0.370673,0.7853829999999999,NZL,CYP,7810
818667,167,58,1314,2002.0,7371.0,0.0,-1.307058,-1.270916,OMN,CYP,7810
818668,177,58,1314,2002.0,8212.0,0.0,0.9449299999999999,1.655764,POL,CYP,7810
818669,179,58,1314,2002.0,85129.0,5710.0,0.584956,1.377068,PRT,CYP,7810
818670,185,58,1314,2002.0,0.0,18796.0,0.549227,1.071998,ROU,CYP,7810
818671,186,58,1314,2002.0,25290.0,20310.0,0.6051449999999999,0.272307,RUS,CYP,7810
818672,188,58,1314,2002.0,0.0,16136.0,0.048764,-0.903125,SAU,CYP,7810
818673,189,58,1314,2002.0,0.0,5104.0,0.523459,2.58657,SCG,CYP,7810
818674,192,58,1314,2002.0,509871.0,52259.0,1.7077209999999998,0.683549,SGP,CYP,7810
818675,208,58,1314,2002.0,679364.0,25826.0,2.134,0.769413,SWE,CYP,7810
818676,224,58,1314,2002.0,2112675.0,2535.0,0.12982,1.8032650000000001,TUR,CYP,7810
818677,228,58,1314,2002.0,0.0,5262.0,0.575372,1.131722,UKR,CYP,7810
818678,231,58,1314,2002.0,3993870.0,0.0,1.853174,0.120986,USA,CYP,7810
818679,246,58,1314,2002.0,407013.0,329415.0,0.32760500000000004,2.497746,ZAF,CYP,7810
818680,248,58,1314,2002.0,12181.0,0.0,-0.36033000000000004,0.452182,ZWE,CYP,7810
818681,249,58,1314,2002.0,6370.0,0.0,1.9084720000000002,1.253714,TWN,CYP,7810
818682,7,72,1314,2002.0,6888.0,0.0,-0.288838,-0.640049,ARE,EST,7810
818683,9,72,1314,2002.0,0.0,13493.0,0.66447,-0.08317000000000001,ARM,EST,7810
818684,14,72,1314,2002.0,57821.0,0.0,-0.052462,0.759617,AUS,EST,7810
818685,15,72,1314,2002.0,4610594.0,14590.0,1.866997,0.400527,AUT,EST,7810
818686,18,72,1314,2002.0,2918408.0,4112515.0,1.424339,1.372755,BEL,EST,7810
818687,25,72,1314,2002.0,0.0,11299.0,0.035127,-0.536416,BHS,EST,7810
818688,28,72,1314,2002.0,0.0,239151.0,0.865742,1.1823860000000002,BLR,EST,7810
818689,39,72,1314,2002.0,233568.0,0.0,0.9672360000000001,1.389981,CAN,EST,7810
818690,41,72,1314,2002.0,292096.0,27369.0,2.205507,0.831836,CHE,EST,7810
818691,43,72,1314,2002.0,25948.0,0.0,0.6181220000000001,1.9636759999999998,CHN,EST,7810
818692,59,72,1314,2002.0,1723482.0,0.0,1.5835139999999999,0.9563010000000001,CZE,EST,7810
818693,61,72,1314,2002.0,70938224.0,203279.0,2.367856,-2.195331,DEU,EST,7810
818694,64,72,1314,2002.0,532739.0,814544.0,1.344708,1.321135,DNK,EST,7810
818695,71,72,1314,2002.0,4132996.0,12586625.0,1.054108,1.9357349999999998,ESP,EST,7810
818696,74,72,1314,2002.0,43648172.0,541034.0,1.9545119999999998,1.047515,FIN,EST,7810
818697,77,72,1314,2002.0,42592804.0,4491767.0,1.648526,0.6870430000000001,FRA,EST,7810
818698,81,72,1314,2002.0,2521463.0,28382.0,2.067395,0.7934359999999999,GBR,EST,7810
818699,93,72,1314,2002.0,0.0,13186.0,-0.49913,-0.038079,GTM,EST,7810
818700,102,72,1314,2002.0,34868.0,15595.0,1.232359,1.064425,HUN,EST,7810
818701,104,72,1314,2002.0,76786.0,0.0,0.32974000000000003,2.376477,IND,EST,7810
818702,111,72,1314,2002.0,2394447.0,7953.0,1.3944219999999998,1.125362,ITA,EST,7810
818703,114,72,1314,2002.0,9622229.0,0.0,2.7747580000000003,0.43663199999999996,JPN,EST,7810
818704,115,72,1314,2002.0,0.0,5600.0,-0.100361,-0.502468,KAZ,EST,7810
818705,121,72,1314,2002.0,6483480.0,0.0,1.4172719999999999,0.8763139999999999,KOR,EST,7810
818706,130,72,1314,2002.0,665091.0,13622437.0,0.15796,0.855931,LTU,EST,7810
818707,131,72,1314,2002.0,120162.0,0.0,1.396249,1.153017,LUX,EST,7810
818708,132,72,1314,2002.0,399043.0,24622988.0,0.41409799999999997,0.6281680000000001,LVA,EST,7810
818709,135,72,1314,2002.0,42468.0,16988.0,-0.017383000000000003,0.109124,MDA,EST,7810
818710,138,72,1314,2002.0,15368.0,0.0,1.2677129999999999,0.599314,MEX,EST,7810
818711,162,72,1314,2002.0,203122.0,141816.0,1.175777,1.667472,NLD,EST,7810
818712,163,72,1314,2002.0,146789.0,41588.0,0.689588,-0.007016,NOR,EST,7810
818713,177,72,1314,2002.0,118866.0,61153.0,0.9449299999999999,1.655764,POL,EST,7810
818714,186,72,1314,2002.0,7175904.0,8588523.0,0.6051449999999999,0.272307,RUS,EST,7810
818715,206,72,1314,2002.0,707187.0,58668.0,1.269549,1.184774,SVK,EST,7810
818716,207,72,1314,2002.0,290875.0,0.0,1.469681,1.13303,SVN,EST,7810
818717,208,72,1314,2002.0,11075825.0,106168.0,2.134,0.769413,SWE,EST,7810
818718,224,72,1314,2002.0,327865.0,0.0,0.12982,1.8032650000000001,TUR,EST,7810
818719,228,72,1314,2002.0,0.0,1476659.0,0.575372,1.131722,UKR,EST,7810
818720,231,72,1314,2002.0,2033922.0,214009.0,1.853174,0.120986,USA,EST,7810
818721,250,72,1314,2002.0,80762576.0,211430.0,0.5979300000000001,-0.497816,ANS,EST,7810
818722,2,80,1314,2002.0,0.0,2874.0,-1.8043639999999999,-1.250642,AGO,GAB,7810
818723,15,80,1314,2002.0,4414255.0,0.0,1.866997,0.400527,AUT,GAB,7810
818724,18,80,1314,2002.0,3822294.0,1882.0,1.424339,1.372755,BEL,GAB,7810
818725,19,80,1314,2002.0,40123.0,70594.0,-0.7683840000000001,-0.7984319999999999,BEN,GAB,7810
818726,39,80,1314,2002.0,13071.0,0.0,0.9672360000000001,1.389981,CAN,GAB,7810
818727,41,80,1314,2002.0,38780.0,0.0,2.205507,0.831836,CHE,GAB,7810
818728,44,80,1314,2002.0,40011.0,7434.0,-0.803739,-0.752218,CIV,GAB,7810
818729,45,80,1314,2002.0,7230.0,28821.0,-1.188713,-1.109944,CMR,GAB,7810
818730,46,80,1314,2002.0,0.0,1435.0,-1.218664,-1.1406120000000002,COD,GAB,7810
818731,47,80,1314,2002.0,0.0,17252.0,-1.468836,-1.250484,COG,GAB,7810
818732,61,80,1314,2002.0,1916496.0,4065.0,2.367856,-2.195331,DEU,GAB,7810
818733,64,80,1314,2002.0,6645.0,0.0,1.344708,1.321135,DNK,GAB,7810
818734,71,80,1314,2002.0,1273266.0,0.0,1.054108,1.9357349999999998,ESP,GAB,7810
818735,77,80,1314,2002.0,6754085.0,315490.0,1.648526,0.6870430000000001,FRA,GAB,7810
818736,81,80,1314,2002.0,121063.0,0.0,2.067395,0.7934359999999999,GBR,GAB,7810
818737,85,80,1314,2002.0,0.0,24605.0,-1.684157,-1.256743,GIN,GAB,7810
818738,111,80,1314,2002.0,28050.0,0.0,1.3944219999999998,1.125362,ITA,GAB,7810
818739,114,80,1314,2002.0,7418333.0,0.0,2.7747580000000003,0.43663199999999996,JPN,GAB,7810
818740,121,80,1314,2002.0,608819.0,0.0,1.4172719999999999,0.8763139999999999,KOR,GAB,7810
818741,124,80,1314,2002.0,0.0,26060.0,0.220906,1.470297,LBN,GAB,7810
818742,134,80,1314,2002.0,0.0,4350.0,-0.690226,-0.42557,MAR,GAB,7810
818743,141,80,1314,2002.0,43078.0,29191.0,-0.786698,-0.682438,MLI,GAB,7810
818744,148,80,1314,2002.0,0.0,9749.0,-1.053061,-1.221967,MRT,GAB,7810
818745,159,80,1314,2002.0,0.0,12633.0,-1.705991,-1.292926,NGA,GAB,7810
818746,162,80,1314,2002.0,328953.0,0.0,1.175777,1.667472,NLD,GAB,7810
818747,163,80,1314,2002.0,6624.0,0.0,0.689588,-0.007016,NOR,GAB,7810
818748,190,80,1314,2002.0,0.0,27225.0,-1.336665,-1.19919,SDN,GAB,7810
818749,191,80,1314,2002.0,5459.0,75514.0,-0.5424939999999999,-0.554531,SEN,GAB,7810
818750,203,80,1314,2002.0,0.0,75574.0,0.767305,-0.0836,STP,GAB,7810
818751,208,80,1314,2002.0,1186.0,0.0,2.134,0.769413,SWE,GAB,7810
818752,215,80,1314,2002.0,9563.0,31353.0,-0.688284,-0.5292789999999999,TGO,GAB,7810
818753,223,80,1314,2002.0,0.0,16235.0,0.059876,0.369032,TUN,GAB,7810
818754,224,80,1314,2002.0,48343.0,0.0,0.12982,1.8032650000000001,TUR,GAB,7810
818755,231,80,1314,2002.0,307044.0,0.0,1.853174,0.120986,USA,GAB,7810
818756,246,80,1314,2002.0,420472.0,0.0,0.32760500000000004,2.497746,ZAF,GAB,7810
818757,7,83,1314,2002.0,721905.0,0.0,-0.288838,-0.640049,ARE,GHA,7810
818758,13,83,1314,2002.0,68498.0,0.0,0.23995500000000003,-0.754877,ATG,GHA,7810
818759,14,83,1314,2002.0,18059.0,0.0,-0.052462,0.759617,AUS,GHA,7810
818760,15,83,1314,2002.0,160450.0,0.0,1.866997,0.400527,AUT,GHA,7810
818761,18,83,1314,2002.0,4788922.0,0.0,1.424339,1.372755,BEL,GHA,7810
818762,21,83,1314,2002.0,320947.0,0.0,-0.5542590000000001,-0.5946060000000001,BFA,GHA,7810
818763,23,83,1314,2002.0,26438.0,0.0,0.468058,1.644037,BGR,GHA,7810
818764,25,83,1314,2002.0,248894.0,0.0,0.035127,-0.536416,BHS,GHA,7810
818765,28,83,1314,2002.0,5083.0,0.0,0.865742,1.1823860000000002,BLR,GHA,7810
818766,32,83,1314,2002.0,3386.0,0.0,0.631343,1.249344,BRA,GHA,7810
818767,39,83,1314,2002.0,805308.0,0.0,0.9672360000000001,1.389981,CAN,GHA,7810
818768,41,83,1314,2002.0,243884.0,0.0,2.205507,0.831836,CHE,GHA,7810
818769,43,83,1314,2002.0,32938.0,0.0,0.6181220000000001,1.9636759999999998,CHN,GHA,7810
818770,44,83,1314,2002.0,17567.0,1089.0,-0.803739,-0.752218,CIV,GHA,7810
818771,45,83,1314,2002.0,11127.0,0.0,-1.188713,-1.109944,CMR,GHA,7810
818772,58,83,1314,2002.0,13612.0,0.0,0.332088,0.50441,CYP,GHA,7810
818773,59,83,1314,2002.0,619023.0,0.0,1.5835139999999999,0.9563010000000001,CZE,GHA,7810
818774,61,83,1314,2002.0,15347335.0,13475.0,2.367856,-2.195331,DEU,GHA,7810
818775,64,83,1314,2002.0,1988406.0,0.0,1.344708,1.321135,DNK,GHA,7810
818776,71,83,1314,2002.0,3419073.0,0.0,1.054108,1.9357349999999998,ESP,GHA,7810
818777,74,83,1314,2002.0,3768.0,0.0,1.9545119999999998,1.047515,FIN,GHA,7810
818778,77,83,1314,2002.0,4440398.0,133630.0,1.648526,0.6870430000000001,FRA,GHA,7810
818779,81,83,1314,2002.0,2390940.0,0.0,2.067395,0.7934359999999999,GBR,GHA,7810
818780,87,83,1314,2002.0,0.0,2263.0,0.266536,0.20776,GMB,GHA,7810
818781,97,83,1314,2002.0,13016.0,0.0,0.704932,1.291658,HKG,GHA,7810
818782,103,83,1314,2002.0,35567.0,0.0,0.098182,1.7305840000000001,IDN,GHA,7810
818783,104,83,1314,2002.0,131488.0,0.0,0.32974000000000003,2.376477,IND,GHA,7810
818784,111,83,1314,2002.0,4647952.0,0.0,1.3944219999999998,1.125362,ITA,GHA,7810
818785,112,83,1314,2002.0,6058.0,0.0,-0.459541,-0.947443,JAM,GHA,7810
818786,113,83,1314,2002.0,13037.0,0.0,0.34023000000000003,0.264754,JOR,GHA,7810
818787,114,83,1314,2002.0,7970094.0,0.0,2.7747580000000003,0.43663199999999996,JPN,GHA,7810
818788,116,83,1314,2002.0,2223.0,0.0,-0.59055,0.000731,KEN,GHA,7810
818789,121,83,1314,2002.0,877912.0,0.0,1.4172719999999999,0.8763139999999999,KOR,GHA,7810
818790,124,83,1314,2002.0,129406.0,0.0,0.220906,1.470297,LBN,GHA,7810
818791,125,83,1314,2002.0,93611.0,0.0,-0.683036,-1.158808,LBR,GHA,7810
818792,138,83,1314,2002.0,2419.0,0.0,1.2677129999999999,0.599314,MEX,GHA,7810
818793,140,83,1314,2002.0,0.0,3883.0,-0.027727999999999996,0.41846400000000006,MKD,GHA,7810
818794,141,83,1314,2002.0,10460.0,11888.0,-0.786698,-0.682438,MLI,GHA,7810
818795,147,83,1314,2002.0,25340.0,0.0,-1.337891,-1.187073,MOZ,GHA,7810
818796,148,83,1314,2002.0,3137.0,0.0,-1.053061,-1.221967,MRT,GHA,7810
818797,153,83,1314,2002.0,4934.0,69161.0,0.9987159999999999,0.26558200000000004,MYS,GHA,7810
818798,155,83,1314,2002.0,2882.0,0.0,-0.137725,-0.361452,NAM,GHA,7810
818799,157,83,1314,2002.0,21657.0,36338.0,-0.562837,-0.333649,NER,GHA,7810
818800,159,83,1314,2002.0,581271.0,6355.0,-1.705991,-1.292926,NGA,GHA,7810
818801,162,83,1314,2002.0,6744300.0,0.0,1.175777,1.667472,NLD,GHA,7810
818802,163,83,1314,2002.0,11809.0,3654.0,0.689588,-0.007016,NOR,GHA,7810
818803,166,83,1314,2002.0,4623.0,0.0,0.370673,0.7853829999999999,NZL,GHA,7810
818804,167,83,1314,2002.0,450496.0,0.0,-1.307058,-1.270916,OMN,GHA,7810
818805,169,83,1314,2002.0,92701.0,0.0,0.085746,0.21839,PAN,GHA,7810
818806,177,83,1314,2002.0,7311.0,0.0,0.9449299999999999,1.655764,POL,GHA,7810
818807,179,83,1314,2002.0,16645.0,0.0,0.584956,1.377068,PRT,GHA,7810
818808,186,83,1314,2002.0,14638.0,0.0,0.6051449999999999,0.272307,RUS,GHA,7810
818809,188,83,1314,2002.0,35770.0,0.0,0.048764,-0.903125,SAU,GHA,7810
818810,191,83,1314,2002.0,18987.0,0.0,-0.5424939999999999,-0.554531,SEN,GHA,7810
818811,192,83,1314,2002.0,42681.0,0.0,1.7077209999999998,0.683549,SGP,GHA,7810
818812,196,83,1314,2002.0,16118.0,10521.0,0.29478899999999997,0.055865,SLE,GHA,7810
818813,208,83,1314,2002.0,475905.0,0.0,2.134,0.769413,SWE,GHA,7810
818814,215,83,1314,2002.0,540284.0,4067.0,-0.688284,-0.5292789999999999,TGO,GHA,7810
818815,216,83,1314,2002.0,431906.0,0.0,0.513887,1.545967,THA,GHA,7810
818816,222,83,1314,2002.0,6797.0,0.0,-0.056315,-0.803537,TTO,GHA,7810
818817,224,83,1314,2002.0,8199.0,0.0,0.12982,1.8032650000000001,TUR,GHA,7810
818818,230,83,1314,2002.0,3581.0,0.0,0.048498,0.118565,URY,GHA,7810
818819,231,83,1314,2002.0,6743408.0,0.0,1.853174,0.120986,USA,GHA,7810
818820,246,83,1314,2002.0,719454.0,0.0,0.32760500000000004,2.497746,ZAF,GHA,7810
818821,250,83,1314,2002.0,4315.0,0.0,0.5979300000000001,-0.497816,ANS,GHA,7810
818822,15,134,1314,2002.0,1419535.0,1116.0,1.866997,0.400527,AUT,MAR,7810
818823,18,134,1314,2002.0,8924579.0,25320.0,1.424339,1.372755,BEL,MAR,7810
818824,21,134,1314,2002.0,0.0,41698.0,-0.5542590000000001,-0.5946060000000001,BFA,MAR,7810
818825,24,134,1314,2002.0,11250.0,0.0,-0.31754099999999996,-1.099381,BHR,MAR,7810
818826,32,134,1314,2002.0,1692784.0,0.0,0.631343,1.249344,BRA,MAR,7810
818827,39,134,1314,2002.0,90825.0,6032.0,0.9672360000000001,1.389981,CAN,MAR,7810
818828,41,134,1314,2002.0,84497.0,5654.0,2.205507,0.831836,CHE,MAR,7810
818829,44,134,1314,2002.0,69508.0,2615.0,-0.803739,-0.752218,CIV,MAR,7810
818830,45,134,1314,2002.0,3544.0,0.0,-1.188713,-1.109944,CMR,MAR,7810
818831,59,134,1314,2002.0,877878.0,4019.0,1.5835139999999999,0.9563010000000001,CZE,MAR,7810
818832,61,134,1314,2002.0,61240360.0,252704.0,2.367856,-2.195331,DEU,MAR,7810
818833,64,134,1314,2002.0,12601.0,0.0,1.344708,1.321135,DNK,MAR,7810
818834,66,134,1314,2002.0,25923.0,741848.0,-0.9281389999999999,-1.19549,DZA,MAR,7810
818835,71,134,1314,2002.0,53599068.0,111347.0,1.054108,1.9357349999999998,ESP,MAR,7810
818836,74,134,1314,2002.0,17979.0,0.0,1.9545119999999998,1.047515,FIN,MAR,7810
818837,77,134,1314,2002.0,77911512.0,75316.0,1.648526,0.6870430000000001,FRA,MAR,7810
818838,80,134,1314,2002.0,4350.0,0.0,-1.34341,-1.238593,GAB,MAR,7810
818839,81,134,1314,2002.0,9539356.0,96834.0,2.067395,0.7934359999999999,GBR,MAR,7810
818840,85,134,1314,2002.0,0.0,12153.0,-1.684157,-1.256743,GIN,MAR,7810
818841,102,134,1314,2002.0,44720.0,0.0,1.232359,1.064425,HUN,MAR,7810
818842,107,134,1314,2002.0,0.0,13147.0,-0.665259,-0.840274,IRN,MAR,7810
818843,111,134,1314,2002.0,4143794.0,50201.0,1.3944219999999998,1.125362,ITA,MAR,7810
818844,113,134,1314,2002.0,3965.0,0.0,0.34023000000000003,0.264754,JOR,MAR,7810
818845,114,134,1314,2002.0,23286974.0,0.0,2.7747580000000003,0.43663199999999996,JPN,MAR,7810
818846,121,134,1314,2002.0,3537500.0,0.0,1.4172719999999999,0.8763139999999999,KOR,MAR,7810
818847,122,134,1314,2002.0,0.0,5154.0,-0.794007,-1.192659,KWT,MAR,7810
818848,126,134,1314,2002.0,0.0,21317.0,-0.692769,-1.188682,LBY,MAR,7810
818849,131,134,1314,2002.0,52630.0,5711.0,1.396249,1.153017,LUX,MAR,7810
818850,138,134,1314,2002.0,30957.0,0.0,1.2677129999999999,0.599314,MEX,MAR,7810
818851,148,134,1314,2002.0,0.0,2199.0,-1.053061,-1.221967,MRT,MAR,7810
818852,162,134,1314,2002.0,6107180.0,0.0,1.175777,1.667472,NLD,MAR,7810
818853,167,134,1314,2002.0,32725.0,0.0,-1.307058,-1.270916,OMN,MAR,7810
818854,173,134,1314,2002.0,9787.0,0.0,-0.456603,0.030838,PER,MAR,7810
818855,176,134,1314,2002.0,0.0,7718.0,-1.430299,-1.172593,PNG,MAR,7810
818856,179,134,1314,2002.0,241180.0,40454.0,0.584956,1.377068,PRT,MAR,7810
818857,183,134,1314,2002.0,42317.0,0.0,-0.002177,-1.042517,QAT,MAR,7810
818858,185,134,1314,2002.0,187915.0,0.0,0.549227,1.071998,ROU,MAR,7810
818859,188,134,1314,2002.0,263814.0,4028.0,0.048764,-0.903125,SAU,MAR,7810
818860,189,134,1314,2002.0,0.0,2979.0,0.523459,2.58657,SCG,MAR,7810
818861,191,134,1314,2002.0,29651.0,5812.0,-0.5424939999999999,-0.554531,SEN,MAR,7810
818862,197,134,1314,2002.0,0.0,17135.0,-0.258579,-0.096214,SLV,MAR,7810
818863,208,134,1314,2002.0,249904.0,0.0,2.134,0.769413,SWE,MAR,7810
818864,223,134,1314,2002.0,0.0,35177.0,0.059876,0.369032,TUN,MAR,7810
818865,224,134,1314,2002.0,2962404.0,0.0,0.12982,1.8032650000000001,TUR,MAR,7810
818866,231,134,1314,2002.0,1845101.0,37497.0,1.853174,0.120986,USA,MAR,7810
818867,243,134,1314,2002.0,0.0,9086.0,-1.447637,-1.289748,YEM,MAR,7810
818868,246,134,1314,2002.0,30629.0,0.0,0.32760500000000004,2.497746,ZAF,MAR,7810
818869,249,134,1314,2002.0,36367.0,0.0,1.9084720000000002,1.253714,TWN,MAR,7810
818870,15,141,1314,2002.0,82304.0,0.0,1.866997,0.400527,AUT,MLI,7810
818871,18,141,1314,2002.0,1241784.0,15920.0,1.424339,1.372755,BEL,MLI,7810
818872,19,141,1314,2002.0,2980.0,11230.0,-0.7683840000000001,-0.7984319999999999,BEN,MLI,7810
818873,21,141,1314,2002.0,68054.0,26198.0,-0.5542590000000001,-0.5946060000000001,BFA,MLI,7810
818874,41,141,1314,2002.0,32839.0,0.0,2.205507,0.831836,CHE,MLI,7810
818875,43,141,1314,2002.0,29102.0,0.0,0.6181220000000001,1.9636759999999998,CHN,MLI,7810
818876,44,141,1314,2002.0,261279.0,7769.0,-0.803739,-0.752218,CIV,MLI,7810
818877,45,141,1314,2002.0,3196.0,0.0,-1.188713,-1.109944,CMR,MLI,7810
818878,59,141,1314,2002.0,35281.0,4149.0,1.5835139999999999,0.9563010000000001,CZE,MLI,7810
818879,61,141,1314,2002.0,815185.0,38445.0,2.367856,-2.195331,DEU,MLI,7810
818880,71,141,1314,2002.0,213867.0,0.0,1.054108,1.9357349999999998,ESP,MLI,7810
818881,74,141,1314,2002.0,1739.0,0.0,1.9545119999999998,1.047515,FIN,MLI,7810
818882,77,141,1314,2002.0,2897080.0,3625.0,1.648526,0.6870430000000001,FRA,MLI,7810
818883,80,141,1314,2002.0,29191.0,43078.0,-1.34341,-1.238593,GAB,MLI,7810
818884,81,141,1314,2002.0,1256038.0,3123.0,2.067395,0.7934359999999999,GBR,MLI,7810
818885,83,141,1314,2002.0,11888.0,10460.0,-1.258567,-1.048266,GHA,MLI,7810
818886,85,141,1314,2002.0,2832.0,10735.0,-1.684157,-1.256743,GIN,MLI,7810
818887,97,141,1314,2002.0,38336.0,0.0,0.704932,1.291658,HKG,MLI,7810
818888,105,141,1314,2002.0,17630.0,0.0,-0.8981959999999999,-0.920425,IOT,MLI,7810
818889,111,141,1314,2002.0,53014.0,0.0,1.3944219999999998,1.125362,ITA,MLI,7810
818890,114,141,1314,2002.0,1676774.0,66793.0,2.7747580000000003,0.43663199999999996,JPN,MLI,7810
818891,121,141,1314,2002.0,41715.0,0.0,1.4172719999999999,0.8763139999999999,KOR,MLI,7810
818892,148,141,1314,2002.0,0.0,1194.0,-1.053061,-1.221967,MRT,MLI,7810
818893,157,141,1314,2002.0,0.0,10267.0,-0.562837,-0.333649,NER,MLI,7810
818894,162,141,1314,2002.0,80890.0,0.0,1.175777,1.667472,NLD,MLI,7810
818895,168,141,1314,2002.0,0.0,17147.0,-0.7574069999999999,-0.403427,PAK,MLI,7810
818896,185,141,1314,2002.0,143985.0,0.0,0.549227,1.071998,ROU,MLI,7810
818897,186,141,1314,2002.0,3390.0,0.0,0.6051449999999999,0.272307,RUS,MLI,7810
818898,189,141,1314,2002.0,0.0,1993.0,0.523459,2.58657,SCG,MLI,7810
818899,191,141,1314,2002.0,196384.0,24012.0,-0.5424939999999999,-0.554531,SEN,MLI,7810
818900,208,141,1314,2002.0,1551.0,0.0,2.134,0.769413,SWE,MLI,7810
818901,215,141,1314,2002.0,12987.0,0.0,-0.688284,-0.5292789999999999,TGO,MLI,7810
818902,231,141,1314,2002.0,180728.0,35181.0,1.853174,0.120986,USA,MLI,7810
818903,246,141,1314,2002.0,275129.0,33990.0,0.32760500000000004,2.497746,ZAF,MLI,7810
818904,7,147,1314,2002.0,28793.0,0.0,-0.288838,-0.640049,ARE,MOZ,7810
818905,8,147,1314,2002.0,0.0,1766.0,0.045376,0.71768,ARG,MOZ,7810
818906,14,147,1314,2002.0,74076.0,0.0,-0.052462,0.759617,AUS,MOZ,7810
818907,15,147,1314,2002.0,70433.0,0.0,1.866997,0.400527,AUT,MOZ,7810
818908,18,147,1314,2002.0,63907.0,17395.0,1.424339,1.372755,BEL,MOZ,7810
818909,37,147,1314,2002.0,8668.0,0.0,-0.164526,-1.04616,BWA,MOZ,7810
818910,43,147,1314,2002.0,12097.0,0.0,0.6181220000000001,1.9636759999999998,CHN,MOZ,7810
818911,44,147,1314,2002.0,5149.0,0.0,-0.803739,-0.752218,CIV,MOZ,7810
818912,61,147,1314,2002.0,342064.0,0.0,2.367856,-2.195331,DEU,MOZ,7810
818913,64,147,1314,2002.0,188890.0,0.0,1.344708,1.321135,DNK,MOZ,7810
818914,68,147,1314,2002.0,4123.0,0.0,-0.37218,0.634319,EGY,MOZ,7810
818915,71,147,1314,2002.0,85137.0,0.0,1.054108,1.9357349999999998,ESP,MOZ,7810
818916,77,147,1314,2002.0,361292.0,0.0,1.648526,0.6870430000000001,FRA,MOZ,7810
818917,81,147,1314,2002.0,301030.0,0.0,2.067395,0.7934359999999999,GBR,MOZ,7810
818918,83,147,1314,2002.0,0.0,25340.0,-1.258567,-1.048266,GHA,MOZ,7810
818919,97,147,1314,2002.0,19747.0,0.0,0.704932,1.291658,HKG,MOZ,7810
818920,103,147,1314,2002.0,13821.0,0.0,0.098182,1.7305840000000001,IDN,MOZ,7810
818921,104,147,1314,2002.0,81534.0,0.0,0.32974000000000003,2.376477,IND,MOZ,7810
818922,111,147,1314,2002.0,105965.0,0.0,1.3944219999999998,1.125362,ITA,MOZ,7810
818923,114,147,1314,2002.0,1750223.0,0.0,2.7747580000000003,0.43663199999999996,JPN,MOZ,7810
818924,116,147,1314,2002.0,0.0,1622.0,-0.59055,0.000731,KEN,MOZ,7810
818925,121,147,1314,2002.0,1723206.0,0.0,1.4172719999999999,0.8763139999999999,KOR,MOZ,7810
818926,152,147,1314,2002.0,0.0,12988.0,-1.431612,-1.234903,MWI,MOZ,7810
818927,159,147,1314,2002.0,0.0,1349.0,-1.705991,-1.292926,NGA,MOZ,7810
818928,162,147,1314,2002.0,14298.0,0.0,1.175777,1.667472,NLD,MOZ,7810
818929,178,147,1314,2002.0,18483.0,0.0,0.629678,1.0153780000000001,PRK,MOZ,7810
818930,179,147,1314,2002.0,393130.0,99298.0,0.584956,1.377068,PRT,MOZ,7810
818931,192,147,1314,2002.0,3618.0,0.0,1.7077209999999998,0.683549,SGP,MOZ,7810
818932,208,147,1314,2002.0,174733.0,0.0,2.134,0.769413,SWE,MOZ,7810
818933,209,147,1314,2002.0,87106.0,0.0,0.409355,-0.047221,SWZ,MOZ,7810
818934,216,147,1314,2002.0,31133.0,0.0,0.513887,1.545967,THA,MOZ,7810
818935,231,147,1314,2002.0,102197.0,0.0,1.853174,0.120986,USA,MOZ,7810
818936,246,147,1314,2002.0,10407178.0,37878.0,0.32760500000000004,2.497746,ZAF,MOZ,7810
818937,247,147,1314,2002.0,7640.0,7692.0,-0.840258,-0.639474,ZMB,MOZ,7810
818938,248,147,1314,2002.0,262071.0,0.0,-0.36033000000000004,0.452182,ZWE,MOZ,7810
818939,250,147,1314,2002.0,0.0,1595.0,0.5979300000000001,-0.497816,ANS,MOZ,7810
818940,2,155,1314,2002.0,156139.0,6957725.0,-1.8043639999999999,-1.250642,AGO,NAM,7810
818941,7,155,1314,2002.0,588678.0,0.0,-0.288838,-0.640049,ARE,NAM,7810
818942,14,155,1314,2002.0,41906.0,2540.0,-0.052462,0.759617,AUS,NAM,7810
818943,15,155,1314,2002.0,9943.0,0.0,1.866997,0.400527,AUT,NAM,7810
818944,18,155,1314,2002.0,41353.0,54780.0,1.424339,1.372755,BEL,NAM,7810
818945,37,155,1314,2002.0,76689.0,281771.0,-0.164526,-1.04616,BWA,NAM,7810
818946,41,155,1314,2002.0,16909.0,0.0,2.205507,0.831836,CHE,NAM,7810
818947,43,155,1314,2002.0,0.0,8853.0,0.6181220000000001,1.9636759999999998,CHN,NAM,7810
818948,61,155,1314,2002.0,1579959.0,128533.0,2.367856,-2.195331,DEU,NAM,7810
818949,64,155,1314,2002.0,123454.0,0.0,1.344708,1.321135,DNK,NAM,7810
818950,71,155,1314,2002.0,35179.0,0.0,1.054108,1.9357349999999998,ESP,NAM,7810
818951,74,155,1314,2002.0,24609.0,0.0,1.9545119999999998,1.047515,FIN,NAM,7810
818952,77,155,1314,2002.0,16264.0,0.0,1.648526,0.6870430000000001,FRA,NAM,7810
818953,81,155,1314,2002.0,19673.0,11379.0,2.067395,0.7934359999999999,GBR,NAM,7810
818954,83,155,1314,2002.0,0.0,2882.0,-1.258567,-1.048266,GHA,NAM,7810
818955,104,155,1314,2002.0,11601.0,0.0,0.32974000000000003,2.376477,IND,NAM,7810
818956,106,155,1314,2002.0,0.0,19344.0,1.7939310000000002,0.219254,IRL,NAM,7810
818957,111,155,1314,2002.0,21655.0,0.0,1.3944219999999998,1.125362,ITA,NAM,7810
818958,114,155,1314,2002.0,819792.0,17094.0,2.7747580000000003,0.43663199999999996,JPN,NAM,7810
818959,116,155,1314,2002.0,0.0,29901.0,-0.59055,0.000731,KEN,NAM,7810
818960,157,155,1314,2002.0,0.0,5738.0,-0.562837,-0.333649,NER,NAM,7810
818961,162,155,1314,2002.0,38516.0,5010.0,1.175777,1.667472,NLD,NAM,7810
818962,179,155,1314,2002.0,4839.0,19716.0,0.584956,1.377068,PRT,NAM,7810
818963,186,155,1314,2002.0,0.0,1580.0,0.6051449999999999,0.272307,RUS,NAM,7810
818964,192,155,1314,2002.0,1885.0,0.0,1.7077209999999998,0.683549,SGP,NAM,7810
818965,208,155,1314,2002.0,0.0,26990.0,2.134,0.769413,SWE,NAM,7810
818966,211,155,1314,2002.0,0.0,22847.0,-0.8837229999999999,-0.975607,SYC,NAM,7810
818967,226,155,1314,2002.0,0.0,5123.0,-1.234127,-0.421158,TZA,NAM,7810
818968,231,155,1314,2002.0,167418.0,21723.0,1.853174,0.120986,USA,NAM,7810
818969,246,155,1314,2002.0,78956520.0,317900.0,0.32760500000000004,2.497746,ZAF,NAM,7810
818970,247,155,1314,2002.0,0.0,6814.0,-0.840258,-0.639474,ZMB,NAM,7810
818971,248,155,1314,2002.0,48705.0,11394.0,-0.36033000000000004,0.452182,ZWE,NAM,7810
818972,250,155,1314,2002.0,16302.0,0.0,0.5979300000000001,-0.497816,ANS,NAM,7810
818973,7,159,1314,2002.0,186624.0,0.0,-0.288838,-0.640049,ARE,NGA,7810
818974,8,159,1314,2002.0,15738.0,10698.0,0.045376,0.71768,ARG,NGA,7810
818975,9,159,1314,2002.0,21124.0,0.0,0.66447,-0.08317000000000001,ARM,NGA,7810
818976,13,159,1314,2002.0,45963.0,0.0,0.23995500000000003,-0.754877,ATG,NGA,7810
818977,14,159,1314,2002.0,15656.0,0.0,-0.052462,0.759617,AUS,NGA,7810
818978,15,159,1314,2002.0,1543837.0,0.0,1.866997,0.400527,AUT,NGA,7810
818979,18,159,1314,2002.0,11669797.0,0.0,1.424339,1.372755,BEL,NGA,7810
818980,19,159,1314,2002.0,0.0,112063.0,-0.7683840000000001,-0.7984319999999999,BEN,NGA,7810
818981,21,159,1314,2002.0,2029.0,12158.0,-0.5542590000000001,-0.5946060000000001,BFA,NGA,7810
818982,23,159,1314,2002.0,30069.0,0.0,0.468058,1.644037,BGR,NGA,7810
818983,29,159,1314,2002.0,5857.0,0.0,-0.553335,-0.753058,BLZ,NGA,7810
818984,32,159,1314,2002.0,31614.0,0.0,0.631343,1.249344,BRA,NGA,7810
818985,33,159,1314,2002.0,3707.0,0.0,0.547024,-0.004036,BRB,NGA,7810
818986,37,159,1314,2002.0,23795.0,0.0,-0.164526,-1.04616,BWA,NGA,7810
818987,39,159,1314,2002.0,760649.0,0.0,0.9672360000000001,1.389981,CAN,NGA,7810
818988,41,159,1314,2002.0,1280916.0,0.0,2.205507,0.831836,CHE,NGA,7810
818989,43,159,1314,2002.0,237635.0,0.0,0.6181220000000001,1.9636759999999998,CHN,NGA,7810
818990,44,159,1314,2002.0,5858.0,0.0,-0.803739,-0.752218,CIV,NGA,7810
818991,45,159,1314,2002.0,2311.0,127952.0,-1.188713,-1.109944,CMR,NGA,7810
818992,59,159,1314,2002.0,7360324.0,0.0,1.5835139999999999,0.9563010000000001,CZE,NGA,7810
818993,61,159,1314,2002.0,60182896.0,25121.0,2.367856,-2.195331,DEU,NGA,7810
818994,64,159,1314,2002.0,184940.0,0.0,1.344708,1.321135,DNK,NGA,7810
818995,71,159,1314,2002.0,2207384.0,0.0,1.054108,1.9357349999999998,ESP,NGA,7810
818996,73,159,1314,2002.0,1404.0,0.0,-1.289118,-1.0291540000000001,ETH,NGA,7810
818997,74,159,1314,2002.0,49060.0,0.0,1.9545119999999998,1.047515,FIN,NGA,7810
818998,77,159,1314,2002.0,59657808.0,4032.0,1.648526,0.6870430000000001,FRA,NGA,7810
818999,78,159,1314,2002.0,310839.0,0.0,-0.33811399999999997,-0.8092050000000001,FRO,NGA,7810
819000,80,159,1314,2002.0,12633.0,0.0,-1.34341,-1.238593,GAB,NGA,7810
819001,81,159,1314,2002.0,11396323.0,4303.0,2.067395,0.7934359999999999,GBR,NGA,7810
819002,83,159,1314,2002.0,6355.0,581271.0,-1.258567,-1.048266,GHA,NGA,7810
819003,90,159,1314,2002.0,38828.0,0.0,0.20355399999999998,1.4130200000000002,GRC,NGA,7810
819004,91,159,1314,2002.0,10191.0,0.0,0.822523,0.032938999999999996,GRD,NGA,7810
819005,97,159,1314,2002.0,95702.0,0.0,0.704932,1.291658,HKG,NGA,7810
819006,102,159,1314,2002.0,7145.0,0.0,1.232359,1.064425,HUN,NGA,7810
819007,103,159,1314,2002.0,1633.0,0.0,0.098182,1.7305840000000001,IDN,NGA,7810
819008,104,159,1314,2002.0,438049.0,0.0,0.32974000000000003,2.376477,IND,NGA,7810
819009,105,159,1314,2002.0,5303.0,0.0,-0.8981959999999999,-0.920425,IOT,NGA,7810
819010,106,159,1314,2002.0,120377.0,9583.0,1.7939310000000002,0.219254,IRL,NGA,7810
819011,107,159,1314,2002.0,26683.0,0.0,-0.665259,-0.840274,IRN,NGA,7810
819012,109,159,1314,2002.0,1189.0,0.0,0.17011700000000002,-0.33925500000000003,ISL,NGA,7810
819013,110,159,1314,2002.0,132316.0,0.0,1.257709,0.8318989999999999,ISR,NGA,7810
819014,111,159,1314,2002.0,2430226.0,12556.0,1.3944219999999998,1.125362,ITA,NGA,7810
819015,113,159,1314,2002.0,11411.0,0.0,0.34023000000000003,0.264754,JOR,NGA,7810
819016,114,159,1314,2002.0,52798268.0,0.0,2.7747580000000003,0.43663199999999996,JPN,NGA,7810
819017,121,159,1314,2002.0,8011462.0,0.0,1.4172719999999999,0.8763139999999999,KOR,NGA,7810
819018,124,159,1314,2002.0,20165.0,0.0,0.220906,1.470297,LBN,NGA,7810
819019,147,159,1314,2002.0,1349.0,0.0,-1.337891,-1.187073,MOZ,NGA,7810
819020,149,159,1314,2002.0,5398.0,0.0,1.6121860000000001,0.078151,MSR,NGA,7810
819021,151,159,1314,2002.0,4513.0,0.0,-0.382062,-0.379224,MUS,NGA,7810
819022,157,159,1314,2002.0,17823.0,43069.0,-0.562837,-0.333649,NER,NGA,7810
819023,162,159,1314,2002.0,16762600.0,0.0,1.175777,1.667472,NLD,NGA,7810
819024,163,159,1314,2002.0,11441.0,0.0,0.689588,-0.007016,NOR,NGA,7810
819025,164,159,1314,2002.0,7817.0,0.0,-0.065582,0.464797,NPL,NGA,7810
819026,165,159,1314,2002.0,90676.0,0.0,0.9837370000000001,-0.34583400000000003,NRU,NGA,7810
819027,166,159,1314,2002.0,2343.0,0.0,0.370673,0.7853829999999999,NZL,NGA,7810
819028,167,159,1314,2002.0,50860.0,0.0,-1.307058,-1.270916,OMN,NGA,7810
819029,168,159,1314,2002.0,15215.0,0.0,-0.7574069999999999,-0.403427,PAK,NGA,7810
819030,169,159,1314,2002.0,83382.0,0.0,0.085746,0.21839,PAN,NGA,7810
819031,174,159,1314,2002.0,2853.0,6138.0,0.29601,-0.232513,PHL,NGA,7810
819032,177,159,1314,2002.0,179523.0,0.0,0.9449299999999999,1.655764,POL,NGA,7810
819033,179,159,1314,2002.0,8782.0,0.0,0.584956,1.377068,PRT,NGA,7810
819034,182,159,1314,2002.0,1298.0,0.0,-0.363179,-0.8967450000000001,PYF,NGA,7810
819035,186,159,1314,2002.0,107421.0,0.0,0.6051449999999999,0.272307,RUS,NGA,7810
819036,188,159,1314,2002.0,43799.0,0.0,0.048764,-0.903125,SAU,NGA,7810
819037,189,159,1314,2002.0,1545.0,0.0,0.523459,2.58657,SCG,NGA,7810
819038,191,159,1314,2002.0,27423.0,0.0,-0.5424939999999999,-0.554531,SEN,NGA,7810
819039,192,159,1314,2002.0,217828.0,0.0,1.7077209999999998,0.683549,SGP,NGA,7810
819040,203,159,1314,2002.0,0.0,2092.0,0.767305,-0.0836,STP,NGA,7810
819041,205,159,1314,2002.0,17193.0,0.0,-1.002898,-0.905595,SUR,NGA,7810
819042,208,159,1314,2002.0,2186310.0,0.0,2.134,0.769413,SWE,NGA,7810
819043,209,159,1314,2002.0,3661.0,0.0,0.409355,-0.047221,SWZ,NGA,7810
819044,212,159,1314,2002.0,1281.0,0.0,-1.07007,-0.560769,SYR,NGA,7810
819045,215,159,1314,2002.0,6456.0,0.0,-0.688284,-0.5292789999999999,TGO,NGA,7810
819046,216,159,1314,2002.0,1719750.0,0.0,0.513887,1.545967,THA,NGA,7810
819047,222,159,1314,2002.0,2975.0,0.0,-0.056315,-0.803537,TTO,NGA,7810
819048,224,159,1314,2002.0,22636.0,0.0,0.12982,1.8032650000000001,TUR,NGA,7810
819049,226,159,1314,2002.0,0.0,8709.0,-1.234127,-0.421158,TZA,NGA,7810
819050,227,159,1314,2002.0,0.0,2222.0,-1.262952,-0.903123,UGA,NGA,7810
819051,231,159,1314,2002.0,16828018.0,0.0,1.853174,0.120986,USA,NGA,7810
819052,236,159,1314,2002.0,2732.0,0.0,-0.008877,-0.753486,VEN,NGA,7810
819053,239,159,1314,2002.0,6123.0,0.0,-0.44170699999999996,0.544708,VNM,NGA,7810
819054,243,159,1314,2002.0,37105.0,0.0,-1.447637,-1.289748,YEM,NGA,7810
819055,246,159,1314,2002.0,1569459.0,0.0,0.32760500000000004,2.497746,ZAF,NGA,7810
819056,248,159,1314,2002.0,151186.0,0.0,-0.36033000000000004,0.452182,ZWE,NGA,7810
819057,249,159,1314,2002.0,109492.0,0.0,1.9084720000000002,1.253714,TWN,NGA,7810
819058,250,159,1314,2002.0,31387.0,0.0,0.5979300000000001,-0.497816,ANS,NGA,7810
819059,7,191,1314,2002.0,2375.0,0.0,-0.288838,-0.640049,ARE,SEN,7810
819060,15,191,1314,2002.0,135689.0,0.0,1.866997,0.400527,AUT,SEN,7810
819061,18,191,1314,2002.0,11020314.0,154738.0,1.424339,1.372755,BEL,SEN,7810
819062,19,191,1314,2002.0,1504.0,24804.0,-0.7683840000000001,-0.7984319999999999,BEN,SEN,7810
819063,21,191,1314,2002.0,0.0,24701.0,-0.5542590000000001,-0.5946060000000001,BFA,SEN,7810
819064,32,191,1314,2002.0,408011.0,0.0,0.631343,1.249344,BRA,SEN,7810
819065,38,191,1314,2002.0,0.0,7529.0,-0.698235,-0.905799,CAF,SEN,7810
819066,39,191,1314,2002.0,13241.0,0.0,0.9672360000000001,1.389981,CAN,SEN,7810
819067,41,191,1314,2002.0,150833.0,0.0,2.205507,0.831836,CHE,SEN,7810
819068,43,191,1314,2002.0,57914.0,0.0,0.6181220000000001,1.9636759999999998,CHN,SEN,7810
819069,44,191,1314,2002.0,243888.0,115201.0,-0.803739,-0.752218,CIV,SEN,7810
819070,45,191,1314,2002.0,2767.0,40938.0,-1.188713,-1.109944,CMR,SEN,7810
819071,46,191,1314,2002.0,0.0,7599.0,-1.218664,-1.1406120000000002,COD,SEN,7810
819072,47,191,1314,2002.0,0.0,9860.0,-1.468836,-1.250484,COG,SEN,7810
819073,51,191,1314,2002.0,0.0,3721.0,-0.315184,-0.660522,CPV,SEN,7810
819074,59,191,1314,2002.0,5159.0,0.0,1.5835139999999999,0.9563010000000001,CZE,SEN,7810
819075,61,191,1314,2002.0,1814553.0,59602.0,2.367856,-2.195331,DEU,SEN,7810
819076,64,191,1314,2002.0,172911.0,0.0,1.344708,1.321135,DNK,SEN,7810
819077,71,191,1314,2002.0,1088597.0,5285.0,1.054108,1.9357349999999998,ESP,SEN,7810
819078,77,191,1314,2002.0,15531210.0,300199.0,1.648526,0.6870430000000001,FRA,SEN,7810
819079,80,191,1314,2002.0,75514.0,5459.0,-1.34341,-1.238593,GAB,SEN,7810
819080,81,191,1314,2002.0,752195.0,12709.0,2.067395,0.7934359999999999,GBR,SEN,7810
819081,83,191,1314,2002.0,0.0,18987.0,-1.258567,-1.048266,GHA,SEN,7810
819082,85,191,1314,2002.0,7042.0,51679.0,-1.684157,-1.256743,GIN,SEN,7810
819083,87,191,1314,2002.0,2178.0,10565.0,0.266536,0.20776,GMB,SEN,7810
819084,88,191,1314,2002.0,0.0,11372.0,-0.30444099999999996,-0.815509,GNB,SEN,7810
819085,90,191,1314,2002.0,6564.0,0.0,0.20355399999999998,1.4130200000000002,GRC,SEN,7810
819086,97,191,1314,2002.0,12613.0,0.0,0.704932,1.291658,HKG,SEN,7810
819087,104,191,1314,2002.0,8508.0,0.0,0.32974000000000003,2.376477,IND,SEN,7810
819088,111,191,1314,2002.0,3834534.0,89421.0,1.3944219999999998,1.125362,ITA,SEN,7810
819089,114,191,1314,2002.0,2382573.0,57631.0,2.7747580000000003,0.43663199999999996,JPN,SEN,7810
819090,116,191,1314,2002.0,0.0,9832.0,-0.59055,0.000731,KEN,SEN,7810
819091,121,191,1314,2002.0,621231.0,0.0,1.4172719999999999,0.8763139999999999,KOR,SEN,7810
819092,124,191,1314,2002.0,10772.0,0.0,0.220906,1.470297,LBN,SEN,7810
819093,134,191,1314,2002.0,5812.0,29651.0,-0.690226,-0.42557,MAR,SEN,7810
819094,136,191,1314,2002.0,10408.0,5074.0,-1.109564,-0.642039,MDG,SEN,7810
819095,141,191,1314,2002.0,24012.0,196384.0,-0.786698,-0.682438,MLI,SEN,7810
819096,148,191,1314,2002.0,0.0,32136.0,-1.053061,-1.221967,MRT,SEN,7810
819097,157,191,1314,2002.0,0.0,13914.0,-0.562837,-0.333649,NER,SEN,7810
819098,159,191,1314,2002.0,0.0,27423.0,-1.705991,-1.292926,NGA,SEN,7810
819099,162,191,1314,2002.0,326766.0,18546.0,1.175777,1.667472,NLD,SEN,7810
819100,163,191,1314,2002.0,3055.0,0.0,0.689588,-0.007016,NOR,SEN,7810
819101,178,191,1314,2002.0,26734.0,0.0,0.629678,1.0153780000000001,PRK,SEN,7810
819102,179,191,1314,2002.0,48775.0,0.0,0.584956,1.377068,PRT,SEN,7810
819103,185,191,1314,2002.0,144278.0,0.0,0.549227,1.071998,ROU,SEN,7810
819104,186,191,1314,2002.0,8577.0,0.0,0.6051449999999999,0.272307,RUS,SEN,7810
819105,188,191,1314,2002.0,1178689.0,0.0,0.048764,-0.903125,SAU,SEN,7810
819106,208,191,1314,2002.0,63999.0,0.0,2.134,0.769413,SWE,SEN,7810
819107,214,191,1314,2002.0,0.0,13681.0,-0.092619,-0.776712,TCD,SEN,7810
819108,215,191,1314,2002.0,7145.0,21368.0,-0.688284,-0.5292789999999999,TGO,SEN,7810
819109,216,191,1314,2002.0,28170.0,0.0,0.513887,1.545967,THA,SEN,7810
819110,224,191,1314,2002.0,130341.0,0.0,0.12982,1.8032650000000001,TUR,SEN,7810
819111,231,191,1314,2002.0,656074.0,100746.0,1.853174,0.120986,USA,SEN,7810
819112,246,191,1314,2002.0,37174.0,3386.0,0.32760500000000004,2.497746,ZAF,SEN,7810
819113,247,191,1314,2002.0,0.0,1024.0,-0.840258,-0.639474,ZMB,SEN,7810
819114,250,191,1314,2002.0,1237.0,0.0,0.5979300000000001,-0.497816,ANS,SEN,7810
819115,2,203,1314,2002.0,0.0,9478.0,-1.8043639999999999,-1.250642,AGO,STP,7810
819116,18,203,1314,2002.0,291979.0,0.0,1.424339,1.372755,BEL,STP,7810
819117,45,203,1314,2002.0,7429.0,0.0,-1.188713,-1.109944,CMR,STP,7810
819118,61,203,1314,2002.0,170624.0,0.0,2.367856,-2.195331,DEU,STP,7810
819119,71,203,1314,2002.0,258368.0,0.0,1.054108,1.9357349999999998,ESP,STP,7810
819120,77,203,1314,2002.0,105862.0,0.0,1.648526,0.6870430000000001,FRA,STP,7810
819121,80,203,1314,2002.0,75574.0,0.0,-1.34341,-1.238593,GAB,STP,7810
819122,114,203,1314,2002.0,161452.0,6663.0,2.7747580000000003,0.43663199999999996,JPN,STP,7810
819123,159,203,1314,2002.0,2092.0,0.0,-1.705991,-1.292926,NGA,STP,7810
819124,162,203,1314,2002.0,61681.0,0.0,1.175777,1.667472,NLD,STP,7810
819125,179,203,1314,2002.0,721044.0,2797.0,0.584956,1.377068,PRT,STP,7810
819126,246,203,1314,2002.0,4265.0,0.0,0.32760500000000004,2.497746,ZAF,STP,7810
819127,15,215,1314,2002.0,61886.0,0.0,1.866997,0.400527,AUT,TGO,7810
819128,18,215,1314,2002.0,6264414.0,12163.0,1.424339,1.372755,BEL,TGO,7810
819129,19,215,1314,2002.0,7570.0,278318.0,-0.7683840000000001,-0.7984319999999999,BEN,TGO,7810
819130,21,215,1314,2002.0,10922.0,7041.0,-0.5542590000000001,-0.5946060000000001,BFA,TGO,7810
819131,39,215,1314,2002.0,31110.0,0.0,0.9672360000000001,1.389981,CAN,TGO,7810
819132,41,215,1314,2002.0,6309045.0,3297.0,2.205507,0.831836,CHE,TGO,7810
819133,43,215,1314,2002.0,97342.0,0.0,0.6181220000000001,1.9636759999999998,CHN,TGO,7810
819134,44,215,1314,2002.0,16676.0,12977.0,-0.803739,-0.752218,CIV,TGO,7810
819135,45,215,1314,2002.0,0.0,22632.0,-1.188713,-1.109944,CMR,TGO,7810
819136,47,215,1314,2002.0,0.0,1462.0,-1.468836,-1.250484,COG,TGO,7810
819137,59,215,1314,2002.0,17320.0,0.0,1.5835139999999999,0.9563010000000001,CZE,TGO,7810
819138,61,215,1314,2002.0,19737742.0,24293.0,2.367856,-2.195331,DEU,TGO,7810
819139,64,215,1314,2002.0,68517.0,0.0,1.344708,1.321135,DNK,TGO,7810
819140,68,215,1314,2002.0,0.0,21940.0,-0.37218,0.634319,EGY,TGO,7810
819141,71,215,1314,2002.0,19875.0,0.0,1.054108,1.9357349999999998,ESP,TGO,7810
819142,77,215,1314,2002.0,3059286.0,48814.0,1.648526,0.6870430000000001,FRA,TGO,7810
819143,80,215,1314,2002.0,31353.0,9563.0,-1.34341,-1.238593,GAB,TGO,7810
819144,81,215,1314,2002.0,159996.0,0.0,2.067395,0.7934359999999999,GBR,TGO,7810
819145,83,215,1314,2002.0,4067.0,540284.0,-1.258567,-1.048266,GHA,TGO,7810
819146,97,215,1314,2002.0,1767.0,0.0,0.704932,1.291658,HKG,TGO,7810
819147,103,215,1314,2002.0,1614.0,0.0,0.098182,1.7305840000000001,IDN,TGO,7810
819148,111,215,1314,2002.0,236916.0,0.0,1.3944219999999998,1.125362,ITA,TGO,7810
819149,114,215,1314,2002.0,2123313.0,1198.0,2.7747580000000003,0.43663199999999996,JPN,TGO,7810
819150,121,215,1314,2002.0,162446.0,0.0,1.4172719999999999,0.8763139999999999,KOR,TGO,7810
819151,124,215,1314,2002.0,10105.0,0.0,0.220906,1.470297,LBN,TGO,7810
819152,141,215,1314,2002.0,0.0,12987.0,-0.786698,-0.682438,MLI,TGO,7810
819153,157,215,1314,2002.0,0.0,1028.0,-0.562837,-0.333649,NER,TGO,7810
819154,159,215,1314,2002.0,0.0,6456.0,-1.705991,-1.292926,NGA,TGO,7810
819155,162,215,1314,2002.0,1707384.0,0.0,1.175777,1.667472,NLD,TGO,7810
819156,163,215,1314,2002.0,11241.0,0.0,0.689588,-0.007016,NOR,TGO,7810
819157,178,215,1314,2002.0,54665.0,0.0,0.629678,1.0153780000000001,PRK,TGO,7810
819158,179,215,1314,2002.0,21667.0,0.0,0.584956,1.377068,PRT,TGO,7810
819159,185,215,1314,2002.0,264250.0,0.0,0.549227,1.071998,ROU,TGO,7810
819160,191,215,1314,2002.0,21368.0,7145.0,-0.5424939999999999,-0.554531,SEN,TGO,7810
819161,192,215,1314,2002.0,2166.0,0.0,1.7077209999999998,0.683549,SGP,TGO,7810
819162,208,215,1314,2002.0,9555.0,0.0,2.134,0.769413,SWE,TGO,7810
819163,216,215,1314,2002.0,12811.0,0.0,0.513887,1.545967,THA,TGO,7810
819164,231,215,1314,2002.0,490972.0,0.0,1.853174,0.120986,USA,TGO,7810
819165,246,215,1314,2002.0,13961.0,0.0,0.32760500000000004,2.497746,ZAF,TGO,7810
819166,249,215,1314,2002.0,1258.0,0.0,1.9084720000000002,1.253714,TWN,TGO,7810
819167,7,227,1314,2002.0,1036221.0,42028.0,-0.288838,-0.640049,ARE,UGA,7810
819168,15,227,1314,2002.0,119184.0,0.0,1.866997,0.400527,AUT,UGA,7810
819169,17,227,1314,2002.0,0.0,7441.0,-0.399212,-0.67657,BDI,UGA,7810
819170,18,227,1314,2002.0,62950.0,48564.0,1.424339,1.372755,BEL,UGA,7810
819171,37,227,1314,2002.0,19607.0,0.0,-0.164526,-1.04616,BWA,UGA,7810
819172,39,227,1314,2002.0,0.0,1405.0,0.9672360000000001,1.389981,CAN,UGA,7810
819173,41,227,1314,2002.0,12151.0,0.0,2.205507,0.831836,CHE,UGA,7810
819174,43,227,1314,2002.0,1602.0,0.0,0.6181220000000001,1.9636759999999998,CHN,UGA,7810
819175,44,227,1314,2002.0,14389.0,0.0,-0.803739,-0.752218,CIV,UGA,7810
819176,46,227,1314,2002.0,0.0,2276.0,-1.218664,-1.1406120000000002,COD,UGA,7810
819177,47,227,1314,2002.0,0.0,139124.0,-1.468836,-1.250484,COG,UGA,7810
819178,61,227,1314,2002.0,810158.0,0.0,2.367856,-2.195331,DEU,UGA,7810
819179,64,227,1314,2002.0,185096.0,14701.0,1.344708,1.321135,DNK,UGA,7810
819180,71,227,1314,2002.0,786418.0,0.0,1.054108,1.9357349999999998,ESP,UGA,7810
819181,77,227,1314,2002.0,46052.0,1776.0,1.648526,0.6870430000000001,FRA,UGA,7810
819182,81,227,1314,2002.0,949914.0,12327.0,2.067395,0.7934359999999999,GBR,UGA,7810
819183,97,227,1314,2002.0,7317.0,0.0,0.704932,1.291658,HKG,UGA,7810
819184,104,227,1314,2002.0,93814.0,0.0,0.32974000000000003,2.376477,IND,UGA,7810
819185,111,227,1314,2002.0,8375.0,0.0,1.3944219999999998,1.125362,ITA,UGA,7810
819186,114,227,1314,2002.0,7149306.0,179475.0,2.7747580000000003,0.43663199999999996,JPN,UGA,7810
819187,116,227,1314,2002.0,615577.0,89888.0,-0.59055,0.000731,KEN,UGA,7810
819188,121,227,1314,2002.0,98711.0,3748.0,1.4172719999999999,0.8763139999999999,KOR,UGA,7810
819189,138,227,1314,2002.0,0.0,1154.0,1.2677129999999999,0.599314,MEX,UGA,7810
819190,151,227,1314,2002.0,14585.0,0.0,-0.382062,-0.379224,MUS,UGA,7810
819191,159,227,1314,2002.0,2222.0,0.0,-1.705991,-1.292926,NGA,UGA,7810
819192,162,227,1314,2002.0,6531.0,0.0,1.175777,1.667472,NLD,UGA,7810
819193,187,227,1314,2002.0,16188.0,122528.0,-0.6278859999999999,-0.832391,RWA,UGA,7810
819194,188,227,1314,2002.0,24825.0,0.0,0.048764,-0.903125,SAU,UGA,7810
819195,192,227,1314,2002.0,8832.0,0.0,1.7077209999999998,0.683549,SGP,UGA,7810
819196,208,227,1314,2002.0,19327.0,0.0,2.134,0.769413,SWE,UGA,7810
819197,209,227,1314,2002.0,19235.0,0.0,0.409355,-0.047221,SWZ,UGA,7810
819198,216,227,1314,2002.0,13664.0,0.0,0.513887,1.545967,THA,UGA,7810
819199,226,227,1314,2002.0,13969.0,6119.0,-1.234127,-0.421158,TZA,UGA,7810
819200,231,227,1314,2002.0,299651.0,0.0,1.853174,0.120986,USA,UGA,7810
819201,246,227,1314,2002.0,924812.0,6159.0,0.32760500000000004,2.497746,ZAF,UGA,7810
819202,247,227,1314,2002.0,1765.0,22375.0,-0.840258,-0.639474,ZMB,UGA,7810
819203,248,227,1314,2002.0,17826.0,0.0,-0.36033000000000004,0.452182,ZWE,UGA,7810
819204,2,247,1314,2002.0,0.0,3699.0,-1.8043639999999999,-1.250642,AGO,ZMB,7810
819205,7,247,1314,2002.0,54963.0,0.0,-0.288838,-0.640049,ARE,ZMB,7810
819206,15,247,1314,2002.0,11039.0,0.0,1.866997,0.400527,AUT,ZMB,7810
819207,17,247,1314,2002.0,0.0,21528.0,-0.399212,-0.67657,BDI,ZMB,7810
819208,18,247,1314,2002.0,325350.0,0.0,1.424339,1.372755,BEL,ZMB,7810
819209,37,247,1314,2002.0,121386.0,322168.0,-0.164526,-1.04616,BWA,ZMB,7810
819210,41,247,1314,2002.0,12293.0,0.0,2.205507,0.831836,CHE,ZMB,7810
819211,43,247,1314,2002.0,161635.0,0.0,0.6181220000000001,1.9636759999999998,CHN,ZMB,7810
819212,44,247,1314,2002.0,33246.0,0.0,-0.803739,-0.752218,CIV,ZMB,7810
819213,46,247,1314,2002.0,82445.0,24895.0,-1.218664,-1.1406120000000002,COD,ZMB,7810
819214,61,247,1314,2002.0,914086.0,0.0,2.367856,-2.195331,DEU,ZMB,7810
819215,64,247,1314,2002.0,315219.0,0.0,1.344708,1.321135,DNK,ZMB,7810
819216,68,247,1314,2002.0,11086.0,0.0,-0.37218,0.634319,EGY,ZMB,7810
819217,71,247,1314,2002.0,1020175.0,0.0,1.054108,1.9357349999999998,ESP,ZMB,7810
819218,77,247,1314,2002.0,2883.0,0.0,1.648526,0.6870430000000001,FRA,ZMB,7810
819219,81,247,1314,2002.0,409511.0,0.0,2.067395,0.7934359999999999,GBR,ZMB,7810
819220,97,247,1314,2002.0,30946.0,0.0,0.704932,1.291658,HKG,ZMB,7810
819221,104,247,1314,2002.0,579788.0,0.0,0.32974000000000003,2.376477,IND,ZMB,7810
819222,111,247,1314,2002.0,4891.0,0.0,1.3944219999999998,1.125362,ITA,ZMB,7810
819223,114,247,1314,2002.0,4853008.0,0.0,2.7747580000000003,0.43663199999999996,JPN,ZMB,7810
819224,116,247,1314,2002.0,79198.0,1665.0,-0.59055,0.000731,KEN,ZMB,7810
819225,121,247,1314,2002.0,490343.0,0.0,1.4172719999999999,0.8763139999999999,KOR,ZMB,7810
819226,147,247,1314,2002.0,7692.0,7640.0,-1.337891,-1.187073,MOZ,ZMB,7810
819227,151,247,1314,2002.0,28677.0,0.0,-0.382062,-0.379224,MUS,ZMB,7810
819228,152,247,1314,2002.0,55946.0,77966.0,-1.431612,-1.234903,MWI,ZMB,7810
819229,155,247,1314,2002.0,6814.0,0.0,-0.137725,-0.361452,NAM,ZMB,7810
819230,162,247,1314,2002.0,64396.0,0.0,1.175777,1.667472,NLD,ZMB,7810
819231,191,247,1314,2002.0,1024.0,0.0,-0.5424939999999999,-0.554531,SEN,ZMB,7810
819232,192,247,1314,2002.0,13890.0,0.0,1.7077209999999998,0.683549,SGP,ZMB,7810
819233,208,247,1314,2002.0,58718.0,0.0,2.134,0.769413,SWE,ZMB,7810
819234,209,247,1314,2002.0,10557.0,0.0,0.409355,-0.047221,SWZ,ZMB,7810
819235,226,247,1314,2002.0,83846.0,12948.0,-1.234127,-0.421158,TZA,ZMB,7810
819236,227,247,1314,2002.0,22375.0,1765.0,-1.262952,-0.903123,UGA,ZMB,7810
819237,231,247,1314,2002.0,147927.0,0.0,1.853174,0.120986,USA,ZMB,7810
819238,246,247,1314,2002.0,9535689.0,47619.0,0.32760500000000004,2.497746,ZAF,ZMB,7810
819239,248,247,1314,2002.0,1046210.0,52909.0,-0.36033000000000004,0.452182,ZWE,ZMB,7810
819240,2,248,1314,2002.0,0.0,179148.0,-1.8043639999999999,-1.250642,AGO,ZWE,7810
819241,7,248,1314,2002.0,53224.0,0.0,-0.288838,-0.640049,ARE,ZWE,7810
819242,14,248,1314,2002.0,28167.0,146955.0,-0.052462,0.759617,AUS,ZWE,7810
819243,15,248,1314,2002.0,117349.0,14414.0,1.866997,0.400527,AUT,ZWE,7810
819244,18,248,1314,2002.0,411047.0,67453.0,1.424339,1.372755,BEL,ZWE,7810
819245,32,248,1314,2002.0,0.0,23842.0,0.631343,1.249344,BRA,ZWE,7810
819246,37,248,1314,2002.0,654295.0,1142669.0,-0.164526,-1.04616,BWA,ZWE,7810
819247,39,248,1314,2002.0,17908.0,11171.0,0.9672360000000001,1.389981,CAN,ZWE,7810
819248,41,248,1314,2002.0,2280.0,61474.0,2.205507,0.831836,CHE,ZWE,7810
819249,46,248,1314,2002.0,0.0,214845.0,-1.218664,-1.1406120000000002,COD,ZWE,7810
819250,47,248,1314,2002.0,27087.0,57462.0,-1.468836,-1.250484,COG,ZWE,7810
819251,58,248,1314,2002.0,0.0,12181.0,0.332088,0.50441,CYP,ZWE,7810
819252,61,248,1314,2002.0,2452908.0,12232.0,2.367856,-2.195331,DEU,ZWE,7810
819253,64,248,1314,2002.0,61676.0,98927.0,1.344708,1.321135,DNK,ZWE,7810
819254,71,248,1314,2002.0,151304.0,0.0,1.054108,1.9357349999999998,ESP,ZWE,7810
819255,73,248,1314,2002.0,0.0,4234.0,-1.289118,-1.0291540000000001,ETH,ZWE,7810
819256,77,248,1314,2002.0,3157384.0,8861.0,1.648526,0.6870430000000001,FRA,ZWE,7810
819257,81,248,1314,2002.0,598068.0,1950007.0,2.067395,0.7934359999999999,GBR,ZWE,7810
819258,90,248,1314,2002.0,0.0,29777.0,0.20355399999999998,1.4130200000000002,GRC,ZWE,7810
819259,103,248,1314,2002.0,0.0,18976.0,0.098182,1.7305840000000001,IDN,ZWE,7810
819260,104,248,1314,2002.0,0.0,46055.0,0.32974000000000003,2.376477,IND,ZWE,7810
819261,106,248,1314,2002.0,28010.0,0.0,1.7939310000000002,0.219254,IRL,ZWE,7810
819262,111,248,1314,2002.0,43779.0,45219.0,1.3944219999999998,1.125362,ITA,ZWE,7810
819263,114,248,1314,2002.0,3537909.0,0.0,2.7747580000000003,0.43663199999999996,JPN,ZWE,7810
819264,116,248,1314,2002.0,19143.0,132492.0,-0.59055,0.000731,KEN,ZWE,7810
819265,124,248,1314,2002.0,0.0,5992.0,0.220906,1.470297,LBN,ZWE,7810
819266,131,248,1314,2002.0,0.0,15896.0,1.396249,1.153017,LUX,ZWE,7810
819267,132,248,1314,2002.0,0.0,127873.0,0.41409799999999997,0.6281680000000001,LVA,ZWE,7810
819268,147,248,1314,2002.0,0.0,262071.0,-1.337891,-1.187073,MOZ,ZWE,7810
819269,151,248,1314,2002.0,12468.0,0.0,-0.382062,-0.379224,MUS,ZWE,7810
819270,152,248,1314,2002.0,133463.0,294611.0,-1.431612,-1.234903,MWI,ZWE,7810
819271,153,248,1314,2002.0,4108.0,99993.0,0.9987159999999999,0.26558200000000004,MYS,ZWE,7810
819272,155,248,1314,2002.0,11394.0,48705.0,-0.137725,-0.361452,NAM,ZWE,7810
819273,157,248,1314,2002.0,0.0,7268.0,-0.562837,-0.333649,NER,ZWE,7810
819274,159,248,1314,2002.0,0.0,151186.0,-1.705991,-1.292926,NGA,ZWE,7810
819275,162,248,1314,2002.0,11836.0,446999.0,1.175777,1.667472,NLD,ZWE,7810
819276,163,248,1314,2002.0,0.0,41433.0,0.689588,-0.007016,NOR,ZWE,7810
819277,166,248,1314,2002.0,0.0,233849.0,0.370673,0.7853829999999999,NZL,ZWE,7810
819278,167,248,1314,2002.0,0.0,48734.0,-1.307058,-1.270916,OMN,ZWE,7810
819279,179,248,1314,2002.0,1112.0,0.0,0.584956,1.377068,PRT,ZWE,7810
819280,192,248,1314,2002.0,118432.0,0.0,1.7077209999999998,0.683549,SGP,ZWE,7810
819281,208,248,1314,2002.0,118261.0,77270.0,2.134,0.769413,SWE,ZWE,7810
819282,209,248,1314,2002.0,0.0,222381.0,0.409355,-0.047221,SWZ,ZWE,7810
819283,226,248,1314,2002.0,0.0,373290.0,-1.234127,-0.421158,TZA,ZWE,7810
819284,227,248,1314,2002.0,0.0,17826.0,-1.262952,-0.903123,UGA,ZWE,7810
819285,231,248,1314,2002.0,127373.0,90424.0,1.853174,0.120986,USA,ZWE,7810
819286,239,248,1314,2002.0,0.0,3626.0,-0.44170699999999996,0.544708,VNM,ZWE,7810
819287,246,248,1314,2002.0,40103660.0,883676.0,0.32760500000000004,2.497746,ZAF,ZWE,7810
819288,247,248,1314,2002.0,52909.0,1046210.0,-0.840258,-0.639474,ZMB,ZWE,7810
819289,3,120,1314,2002.0,0.0,10521.0,1.822725,0.45911899999999994,AIA,KNA,7810
819290,6,120,1314,2002.0,6223.0,0.0,0.145946,-0.704052,ANT,KNA,7810
819291,18,120,1314,2002.0,44155.0,0.0,1.424339,1.372755,BEL,KNA,7810
819292,25,120,1314,2002.0,0.0,27948.0,0.035127,-0.536416,BHS,KNA,7810
819293,39,120,1314,2002.0,167306.0,8999.0,0.9672360000000001,1.389981,CAN,KNA,7810
819294,61,120,1314,2002.0,68356.0,27590.0,2.367856,-2.195331,DEU,KNA,7810
819295,63,120,1314,2002.0,0.0,1761.0,0.212137,-0.112873,DMA,KNA,7810
819296,71,120,1314,2002.0,75774.0,0.0,1.054108,1.9357349999999998,ESP,KNA,7810
819297,81,120,1314,2002.0,92664.0,4243.0,2.067395,0.7934359999999999,GBR,KNA,7810
819298,114,120,1314,2002.0,3940665.0,0.0,2.7747580000000003,0.43663199999999996,JPN,KNA,7810
819299,121,120,1314,2002.0,36564.0,0.0,1.4172719999999999,0.8763139999999999,KOR,KNA,7810
819300,127,120,1314,2002.0,27324.0,0.0,0.261861,-0.36480999999999997,LCA,KNA,7810
819301,189,120,1314,2002.0,0.0,1443.0,0.523459,2.58657,SCG,KNA,7810
819302,222,120,1314,2002.0,20888.0,0.0,-0.056315,-0.803537,TTO,KNA,7810
819303,231,120,1314,2002.0,325437.0,38993.0,1.853174,0.120986,USA,KNA,7810
819304,234,120,1314,2002.0,7223.0,0.0,-0.268813,-0.67072,VCT,KNA,7810
819305,7,152,1314,2002.0,99934.0,0.0,-0.288838,-0.640049,ARE,MWI,7810
819306,14,152,1314,2002.0,259054.0,0.0,-0.052462,0.759617,AUS,MWI,7810
819307,15,152,1314,2002.0,4937.0,0.0,1.866997,0.400527,AUT,MWI,7810
819308,18,152,1314,2002.0,23314.0,0.0,1.424339,1.372755,BEL,MWI,7810
819309,37,152,1314,2002.0,29771.0,14274.0,-0.164526,-1.04616,BWA,MWI,7810
819310,61,152,1314,2002.0,269883.0,0.0,2.367856,-2.195331,DEU,MWI,7810
819311,64,152,1314,2002.0,131995.0,0.0,1.344708,1.321135,DNK,MWI,7810
819312,71,152,1314,2002.0,186443.0,0.0,1.054108,1.9357349999999998,ESP,MWI,7810
819313,73,152,1314,2002.0,25421.0,0.0,-1.289118,-1.0291540000000001,ETH,MWI,7810
819314,77,152,1314,2002.0,176192.0,0.0,1.648526,0.6870430000000001,FRA,MWI,7810
819315,81,152,1314,2002.0,284645.0,0.0,2.067395,0.7934359999999999,GBR,MWI,7810
819316,104,152,1314,2002.0,38994.0,0.0,0.32974000000000003,2.376477,IND,MWI,7810
819317,110,152,1314,2002.0,163779.0,0.0,1.257709,0.8318989999999999,ISR,MWI,7810
819318,114,152,1314,2002.0,4754798.0,0.0,2.7747580000000003,0.43663199999999996,JPN,MWI,7810
819319,116,152,1314,2002.0,80415.0,11404.0,-0.59055,0.000731,KEN,MWI,7810
819320,121,152,1314,2002.0,85592.0,0.0,1.4172719999999999,0.8763139999999999,KOR,MWI,7810
819321,147,152,1314,2002.0,12988.0,0.0,-1.337891,-1.187073,MOZ,MWI,7810
819322,162,152,1314,2002.0,15573.0,0.0,1.175777,1.667472,NLD,MWI,7810
819323,163,152,1314,2002.0,63776.0,0.0,0.689588,-0.007016,NOR,MWI,7810
819324,179,152,1314,2002.0,0.0,2085.0,0.584956,1.377068,PRT,MWI,7810
819325,192,152,1314,2002.0,12971.0,0.0,1.7077209999999998,0.683549,SGP,MWI,7810
819326,209,152,1314,2002.0,124024.0,477434.0,0.409355,-0.047221,SWZ,MWI,7810
819327,226,152,1314,2002.0,5222.0,5015.0,-1.234127,-0.421158,TZA,MWI,7810
819328,231,152,1314,2002.0,149073.0,0.0,1.853174,0.120986,USA,MWI,7810
819329,246,152,1314,2002.0,6193429.0,77002.0,0.32760500000000004,2.497746,ZAF,MWI,7810
819330,247,152,1314,2002.0,77966.0,55946.0,-0.840258,-0.639474,ZMB,MWI,7810
819331,248,152,1314,2002.0,294611.0,133463.0,-0.36033000000000004,0.452182,ZWE,MWI,7810
819332,14,176,1314,2002.0,671477.0,5328.0,-0.052462,0.759617,AUS,PNG,7810
819333,61,176,1314,2002.0,25289.0,0.0,2.367856,-2.195331,DEU,PNG,7810
819334,71,176,1314,2002.0,80070.0,0.0,1.054108,1.9357349999999998,ESP,PNG,7810
819335,75,176,1314,2002.0,4314.0,1421.0,-0.788026,-0.432015,FJI,PNG,7810
819336,81,176,1314,2002.0,53386.0,0.0,2.067395,0.7934359999999999,GBR,PNG,7810
819337,97,176,1314,2002.0,3547.0,0.0,0.704932,1.291658,HKG,PNG,7810
819338,103,176,1314,2002.0,211135.0,0.0,0.098182,1.7305840000000001,IDN,PNG,7810
819339,111,176,1314,2002.0,6936.0,0.0,1.3944219999999998,1.125362,ITA,PNG,7810
819340,114,176,1314,2002.0,5918822.0,0.0,2.7747580000000003,0.43663199999999996,JPN,PNG,7810
819341,121,176,1314,2002.0,275882.0,0.0,1.4172719999999999,0.8763139999999999,KOR,PNG,7810
819342,134,176,1314,2002.0,7718.0,0.0,-0.690226,-0.42557,MAR,PNG,7810
819343,153,176,1314,2002.0,28284.0,0.0,0.9987159999999999,0.26558200000000004,MYS,PNG,7810
819344,162,176,1314,2002.0,22856.0,0.0,1.175777,1.667472,NLD,PNG,7810
819345,166,176,1314,2002.0,4853.0,0.0,0.370673,0.7853829999999999,NZL,PNG,7810
819346,192,176,1314,2002.0,49311.0,64591.0,1.7077209999999998,0.683549,SGP,PNG,7810
819347,216,176,1314,2002.0,449668.0,0.0,0.513887,1.545967,THA,PNG,7810
819348,231,176,1314,2002.0,15752.0,0.0,1.853174,0.120986,USA,PNG,7810
819349,250,176,1314,2002.0,2524.0,0.0,0.5979300000000001,-0.497816,ANS,PNG,7810
819350,3,234,1314,2002.0,3905.0,0.0,1.822725,0.45911899999999994,AIA,VCT,7810
819351,6,234,1314,2002.0,2489.0,0.0,0.145946,-0.704052,ANT,VCT,7810
819352,13,234,1314,2002.0,0.0,5709.0,0.23995500000000003,-0.754877,ATG,VCT,7810
819353,18,234,1314,2002.0,244946.0,0.0,1.424339,1.372755,BEL,VCT,7810
819354,33,234,1314,2002.0,68429.0,76554.0,0.547024,-0.004036,BRB,VCT,7810
819355,39,234,1314,2002.0,17508.0,0.0,0.9672360000000001,1.389981,CAN,VCT,7810
819356,63,234,1314,2002.0,0.0,3779.0,0.212137,-0.112873,DMA,VCT,7810
819357,77,234,1314,2002.0,9266.0,0.0,1.648526,0.6870430000000001,FRA,VCT,7810
819358,81,234,1314,2002.0,264522.0,0.0,2.067395,0.7934359999999999,GBR,VCT,7810
819359,91,234,1314,2002.0,24711.0,0.0,0.822523,0.032938999999999996,GRD,VCT,7810
819360,114,234,1314,2002.0,3078030.0,0.0,2.7747580000000003,0.43663199999999996,JPN,VCT,7810
819361,120,234,1314,2002.0,0.0,7223.0,0.757789,-0.2968,KNA,VCT,7810
819362,121,234,1314,2002.0,59316.0,0.0,1.4172719999999999,0.8763139999999999,KOR,VCT,7810
819363,127,234,1314,2002.0,45443.0,26500.0,0.261861,-0.36480999999999997,LCA,VCT,7810
819364,138,234,1314,2002.0,5792.0,0.0,1.2677129999999999,0.599314,MEX,VCT,7810
819365,222,234,1314,2002.0,12578.0,0.0,-0.056315,-0.803537,TTO,VCT,7810
819366,231,234,1314,2002.0,234150.0,29693.0,1.853174,0.120986,USA,VCT,7810
819367,237,234,1314,2002.0,0.0,9389.0,0.6891930000000001,-0.27620500000000003,VGB,VCT,7810
819368,249,234,1314,2002.0,71069.0,0.0,1.9084720000000002,1.253714,TWN,VCT,7810
819369,7,24,1314,2002.0,2660.0,1019514.0,-0.288838,-0.640049,ARE,BHR,7810
819370,14,24,1314,2002.0,4375602.0,0.0,-0.052462,0.759617,AUS,BHR,7810
819371,15,24,1314,2002.0,1613236.0,0.0,1.866997,0.400527,AUT,BHR,7810
819372,18,24,1314,2002.0,1829759.0,0.0,1.424339,1.372755,BEL,BHR,7810
819373,23,24,1314,2002.0,0.0,4138.0,0.468058,1.644037,BGR,BHR,7810
819374,32,24,1314,2002.0,15933.0,0.0,0.631343,1.249344,BRA,BHR,7810
819375,39,24,1314,2002.0,1329770.0,0.0,0.9672360000000001,1.389981,CAN,BHR,7810
819376,41,24,1314,2002.0,85198.0,15986.0,2.205507,0.831836,CHE,BHR,7810
819377,43,24,1314,2002.0,22415.0,317664.0,0.6181220000000001,1.9636759999999998,CHN,BHR,7810
819378,59,24,1314,2002.0,11465.0,0.0,1.5835139999999999,0.9563010000000001,CZE,BHR,7810
819379,61,24,1314,2002.0,36495788.0,69532.0,2.367856,-2.195331,DEU,BHR,7810
819380,64,24,1314,2002.0,12888.0,0.0,1.344708,1.321135,DNK,BHR,7810
819381,66,24,1314,2002.0,0.0,32977.0,-0.9281389999999999,-1.19549,DZA,BHR,7810
819382,68,24,1314,2002.0,0.0,188610.0,-0.37218,0.634319,EGY,BHR,7810
819383,71,24,1314,2002.0,2555822.0,19347.0,1.054108,1.9357349999999998,ESP,BHR,7810
819384,74,24,1314,2002.0,106805.0,0.0,1.9545119999999998,1.047515,FIN,BHR,7810
819385,77,24,1314,2002.0,1176762.0,32085.0,1.648526,0.6870430000000001,FRA,BHR,7810
819386,81,24,1314,2002.0,10705850.0,332464.0,2.067395,0.7934359999999999,GBR,BHR,7810
819387,90,24,1314,2002.0,2068.0,4807.0,0.20355399999999998,1.4130200000000002,GRC,BHR,7810
819388,97,24,1314,2002.0,0.0,50146.0,0.704932,1.291658,HKG,BHR,7810
819389,104,24,1314,2002.0,0.0,6110.0,0.32974000000000003,2.376477,IND,BHR,7810
819390,107,24,1314,2002.0,0.0,35068.0,-0.665259,-0.840274,IRN,BHR,7810
819391,108,24,1314,2002.0,0.0,9311.0,-1.008202,-0.9532209999999999,IRQ,BHR,7810
819392,111,24,1314,2002.0,613429.0,0.0,1.3944219999999998,1.125362,ITA,BHR,7810
819393,113,24,1314,2002.0,22873.0,66539.0,0.34023000000000003,0.264754,JOR,BHR,7810
819394,114,24,1314,2002.0,149403424.0,224564.0,2.7747580000000003,0.43663199999999996,JPN,BHR,7810
819395,121,24,1314,2002.0,8599237.0,0.0,1.4172719999999999,0.8763139999999999,KOR,BHR,7810
819396,122,24,1314,2002.0,0.0,704423.0,-0.794007,-1.192659,KWT,BHR,7810
819397,124,24,1314,2002.0,8742.0,43504.0,0.220906,1.470297,LBN,BHR,7810
819398,131,24,1314,2002.0,24716.0,0.0,1.396249,1.153017,LUX,BHR,7810
819399,134,24,1314,2002.0,0.0,11250.0,-0.690226,-0.42557,MAR,BHR,7810
819400,138,24,1314,2002.0,847330.0,0.0,1.2677129999999999,0.599314,MEX,BHR,7810
819401,153,24,1314,2002.0,5384.0,0.0,0.9987159999999999,0.26558200000000004,MYS,BHR,7810
819402,162,24,1314,2002.0,43643.0,4125.0,1.175777,1.667472,NLD,BHR,7810
819403,167,24,1314,2002.0,80493.0,116612.0,-1.307058,-1.270916,OMN,BHR,7810
819404,168,24,1314,2002.0,0.0,22342.0,-0.7574069999999999,-0.403427,PAK,BHR,7810
819405,174,24,1314,2002.0,0.0,21901.0,0.29601,-0.232513,PHL,BHR,7810
819406,177,24,1314,2002.0,0.0,53868.0,0.9449299999999999,1.655764,POL,BHR,7810
819407,179,24,1314,2002.0,0.0,15997.0,0.584956,1.377068,PRT,BHR,7810
819408,183,24,1314,2002.0,676344.0,695302.0,-0.002177,-1.042517,QAT,BHR,7810
819409,188,24,1314,2002.0,478983.0,3911024.0,0.048764,-0.903125,SAU,BHR,7810
819410,190,24,1314,2002.0,0.0,21456.0,-1.336665,-1.19919,SDN,BHR,7810
819411,206,24,1314,2002.0,115788.0,0.0,1.269549,1.184774,SVK,BHR,7810
819412,207,24,1314,2002.0,88206.0,0.0,1.469681,1.13303,SVN,BHR,7810
819413,208,24,1314,2002.0,1126424.0,37972.0,2.134,0.769413,SWE,BHR,7810
819414,212,24,1314,2002.0,0.0,39140.0,-1.07007,-0.560769,SYR,BHR,7810
819415,216,24,1314,2002.0,1615810.0,0.0,0.513887,1.545967,THA,BHR,7810
819416,223,24,1314,2002.0,0.0,16992.0,0.059876,0.369032,TUN,BHR,7810
819417,224,24,1314,2002.0,209985.0,0.0,0.12982,1.8032650000000001,TUR,BHR,7810
819418,231,24,1314,2002.0,25773786.0,134804.0,1.853174,0.120986,USA,BHR,7810
819419,246,24,1314,2002.0,0.0,3459.0,0.32760500000000004,2.497746,ZAF,BHR,7810
819420,249,24,1314,2002.0,8767.0,0.0,1.9084720000000002,1.253714,TWN,BHR,7810
819421,250,24,1314,2002.0,0.0,15957.0,0.5979300000000001,-0.497816,ANS,BHR,7810
819422,4,26,1314,2002.0,0.0,200089.0,-0.05800399999999999,0.042254,ALB,BIH,7810
819423,15,26,1314,2002.0,2707671.0,21597.0,1.866997,0.400527,AUT,BIH,7810
819424,18,26,1314,2002.0,2155166.0,13674.0,1.424339,1.372755,BEL,BIH,7810
819425,23,26,1314,2002.0,5009.0,0.0,0.468058,1.644037,BGR,BIH,7810
819426,39,26,1314,2002.0,13423.0,0.0,0.9672360000000001,1.389981,CAN,BIH,7810
819427,41,26,1314,2002.0,141720.0,0.0,2.205507,0.831836,CHE,BIH,7810
819428,59,26,1314,2002.0,715075.0,21472.0,1.5835139999999999,0.9563010000000001,CZE,BIH,7810
819429,61,26,1314,2002.0,35010000.0,409042.0,2.367856,-2.195331,DEU,BIH,7810
819430,64,26,1314,2002.0,836521.0,0.0,1.344708,1.321135,DNK,BIH,7810
819431,71,26,1314,2002.0,4919422.0,6126.0,1.054108,1.9357349999999998,ESP,BIH,7810
819432,74,26,1314,2002.0,446429.0,0.0,1.9545119999999998,1.047515,FIN,BIH,7810
819433,77,26,1314,2002.0,4004737.0,0.0,1.648526,0.6870430000000001,FRA,BIH,7810
819434,81,26,1314,2002.0,123739.0,0.0,2.067395,0.7934359999999999,GBR,BIH,7810
819435,100,26,1314,2002.0,128820.0,41465.0,0.603546,1.273001,HRV,BIH,7810
819436,102,26,1314,2002.0,67000.0,0.0,1.232359,1.064425,HUN,BIH,7810
819437,111,26,1314,2002.0,1342372.0,9913.0,1.3944219999999998,1.125362,ITA,BIH,7810
819438,114,26,1314,2002.0,650251.0,0.0,2.7747580000000003,0.43663199999999996,JPN,BIH,7810
819439,121,26,1314,2002.0,2447601.0,0.0,1.4172719999999999,0.8763139999999999,KOR,BIH,7810
819440,130,26,1314,2002.0,13422.0,0.0,0.15796,0.855931,LTU,BIH,7810
819441,131,26,1314,2002.0,191107.0,0.0,1.396249,1.153017,LUX,BIH,7810
819442,140,26,1314,2002.0,0.0,8993.0,-0.027727999999999996,0.41846400000000006,MKD,BIH,7810
819443,162,26,1314,2002.0,606811.0,16413.0,1.175777,1.667472,NLD,BIH,7810
819444,163,26,1314,2002.0,0.0,14217.0,0.689588,-0.007016,NOR,BIH,7810
819445,186,26,1314,2002.0,0.0,3392.0,0.6051449999999999,0.272307,RUS,BIH,7810
819446,189,26,1314,2002.0,303584.0,30781.0,0.523459,2.58657,SCG,BIH,7810
819447,206,26,1314,2002.0,3097236.0,0.0,1.269549,1.184774,SVK,BIH,7810
819448,207,26,1314,2002.0,1429793.0,27195.0,1.469681,1.13303,SVN,BIH,7810
819449,208,26,1314,2002.0,157132.0,46783.0,2.134,0.769413,SWE,BIH,7810
819450,223,26,1314,2002.0,0.0,16220.0,0.059876,0.369032,TUN,BIH,7810
819451,231,26,1314,2002.0,54000.0,0.0,1.853174,0.120986,USA,BIH,7810
819452,4,100,1314,2002.0,0.0,70500.0,-0.05800399999999999,0.042254,ALB,HRV,7810
819453,14,100,1314,2002.0,2405.0,0.0,-0.052462,0.759617,AUS,HRV,7810
819454,15,100,1314,2002.0,11704909.0,76814.0,1.866997,0.400527,AUT,HRV,7810
819455,18,100,1314,2002.0,41686088.0,39569.0,1.424339,1.372755,BEL,HRV,7810
819456,23,100,1314,2002.0,0.0,11000.0,0.468058,1.644037,BGR,HRV,7810
819457,26,100,1314,2002.0,41465.0,128820.0,0.223543,0.44595100000000004,BIH,HRV,7810
819458,32,100,1314,2002.0,28228.0,0.0,0.631343,1.249344,BRA,HRV,7810
819459,39,100,1314,2002.0,97483.0,19447.0,0.9672360000000001,1.389981,CAN,HRV,7810
819460,41,100,1314,2002.0,179135.0,51709.0,2.205507,0.831836,CHE,HRV,7810
819461,43,100,1314,2002.0,0.0,14783.0,0.6181220000000001,1.9636759999999998,CHN,HRV,7810
819462,59,100,1314,2002.0,52274920.0,16118.0,1.5835139999999999,0.9563010000000001,CZE,HRV,7810
819463,61,100,1314,2002.0,158218064.0,71139.0,2.367856,-2.195331,DEU,HRV,7810
819464,64,100,1314,2002.0,95992.0,0.0,1.344708,1.321135,DNK,HRV,7810
819465,66,100,1314,2002.0,0.0,5403.0,-0.9281389999999999,-1.19549,DZA,HRV,7810
819466,71,100,1314,2002.0,50188660.0,19744.0,1.054108,1.9357349999999998,ESP,HRV,7810
819467,74,100,1314,2002.0,30860.0,0.0,1.9545119999999998,1.047515,FIN,HRV,7810
819468,77,100,1314,2002.0,147142176.0,141811.0,1.648526,0.6870430000000001,FRA,HRV,7810
819469,81,100,1314,2002.0,2865965.0,10812.0,2.067395,0.7934359999999999,GBR,HRV,7810
819470,90,100,1314,2002.0,1094.0,28460.0,0.20355399999999998,1.4130200000000002,GRC,HRV,7810
819471,102,100,1314,2002.0,71708.0,1883.0,1.232359,1.064425,HUN,HRV,7810
819472,104,100,1314,2002.0,4953.0,0.0,0.32974000000000003,2.376477,IND,HRV,7810
819473,106,100,1314,2002.0,13041.0,0.0,1.7939310000000002,0.219254,IRL,HRV,7810
819474,107,100,1314,2002.0,0.0,3253.0,-0.665259,-0.840274,IRN,HRV,7810
819475,110,100,1314,2002.0,2504.0,3682.0,1.257709,0.8318989999999999,ISR,HRV,7810
819476,111,100,1314,2002.0,65003204.0,62576.0,1.3944219999999998,1.125362,ITA,HRV,7810
819477,114,100,1314,2002.0,1523931.0,23421.0,2.7747580000000003,0.43663199999999996,JPN,HRV,7810
819478,121,100,1314,2002.0,12222260.0,0.0,1.4172719999999999,0.8763139999999999,KOR,HRV,7810
819479,126,100,1314,2002.0,0.0,1503.0,-0.692769,-1.188682,LBY,HRV,7810
819480,130,100,1314,2002.0,482518.0,0.0,0.15796,0.855931,LTU,HRV,7810
819481,131,100,1314,2002.0,175654.0,6753.0,1.396249,1.153017,LUX,HRV,7810
819482,132,100,1314,2002.0,0.0,6817.0,0.41409799999999997,0.6281680000000001,LVA,HRV,7810
819483,138,100,1314,2002.0,36135.0,0.0,1.2677129999999999,0.599314,MEX,HRV,7810
819484,140,100,1314,2002.0,15698.0,54585.0,-0.027727999999999996,0.41846400000000006,MKD,HRV,7810
819485,142,100,1314,2002.0,0.0,10365.0,0.901235,-0.140261,MLT,HRV,7810
819486,153,100,1314,2002.0,6334.0,0.0,0.9987159999999999,0.26558200000000004,MYS,HRV,7810
819487,157,100,1314,2002.0,0.0,15473.0,-0.562837,-0.333649,NER,HRV,7810
819488,162,100,1314,2002.0,636810.0,3922.0,1.175777,1.667472,NLD,HRV,7810
819489,163,100,1314,2002.0,0.0,4680.0,0.689588,-0.007016,NOR,HRV,7810
819490,177,100,1314,2002.0,7177684.0,3952.0,0.9449299999999999,1.655764,POL,HRV,7810
819491,179,100,1314,2002.0,623816.0,11135.0,0.584956,1.377068,PRT,HRV,7810
819492,185,100,1314,2002.0,774695.0,23356.0,0.549227,1.071998,ROU,HRV,7810
819493,186,100,1314,2002.0,2423742.0,29055.0,0.6051449999999999,0.272307,RUS,HRV,7810
819494,189,100,1314,2002.0,572984.0,298287.0,0.523459,2.58657,SCG,HRV,7810
819495,190,100,1314,2002.0,0.0,5065.0,-1.336665,-1.19919,SDN,HRV,7810
819496,206,100,1314,2002.0,1211181.0,3914.0,1.269549,1.184774,SVK,HRV,7810
819497,207,100,1314,2002.0,3793724.0,69129.0,1.469681,1.13303,SVN,HRV,7810
819498,208,100,1314,2002.0,529392.0,17581.0,2.134,0.769413,SWE,HRV,7810
819499,216,100,1314,2002.0,6041.0,0.0,0.513887,1.545967,THA,HRV,7810
819500,224,100,1314,2002.0,662763.0,41032.0,0.12982,1.8032650000000001,TUR,HRV,7810
819501,228,100,1314,2002.0,4536.0,44165.0,0.575372,1.131722,UKR,HRV,7810
819502,231,100,1314,2002.0,2213219.0,169972.0,1.853174,0.120986,USA,HRV,7810
819503,15,109,1314,2002.0,142256.0,0.0,1.866997,0.400527,AUT,ISL,7810
819504,18,109,1314,2002.0,1134125.0,2532.0,1.424339,1.372755,BEL,ISL,7810
819505,23,109,1314,2002.0,0.0,2000.0,0.468058,1.644037,BGR,ISL,7810
819506,39,109,1314,2002.0,856497.0,7950.0,0.9672360000000001,1.389981,CAN,ISL,7810
819507,41,109,1314,2002.0,32713.0,0.0,2.205507,0.831836,CHE,ISL,7810
819508,59,109,1314,2002.0,3367734.0,0.0,1.5835139999999999,0.9563010000000001,CZE,ISL,7810
819509,61,109,1314,2002.0,20575270.0,3480030.0,2.367856,-2.195331,DEU,ISL,7810
819510,64,109,1314,2002.0,2650393.0,0.0,1.344708,1.321135,DNK,ISL,7810
819511,71,109,1314,2002.0,1701124.0,0.0,1.054108,1.9357349999999998,ESP,ISL,7810
819512,74,109,1314,2002.0,90557.0,0.0,1.9545119999999998,1.047515,FIN,ISL,7810
819513,77,109,1314,2002.0,3490571.0,43881.0,1.648526,0.6870430000000001,FRA,ISL,7810
819514,78,109,1314,2002.0,0.0,43874.0,-0.33811399999999997,-0.8092050000000001,FRO,ISL,7810
819515,81,109,1314,2002.0,8790174.0,248791.0,2.067395,0.7934359999999999,GBR,ISL,7810
819516,92,109,1314,2002.0,0.0,3455.0,-0.514411,-0.87766,GRL,ISL,7810
819517,102,109,1314,2002.0,12173.0,0.0,1.232359,1.064425,HUN,ISL,7810
819518,111,109,1314,2002.0,401397.0,0.0,1.3944219999999998,1.125362,ITA,ISL,7810
819519,114,109,1314,2002.0,21321860.0,0.0,2.7747580000000003,0.43663199999999996,JPN,ISL,7810
819520,121,109,1314,2002.0,4497306.0,0.0,1.4172719999999999,0.8763139999999999,KOR,ISL,7810
819521,131,109,1314,2002.0,3226.0,0.0,1.396249,1.153017,LUX,ISL,7810
819522,138,109,1314,2002.0,2676.0,0.0,1.2677129999999999,0.599314,MEX,ISL,7810
819523,159,109,1314,2002.0,0.0,1189.0,-1.705991,-1.292926,NGA,ISL,7810
819524,162,109,1314,2002.0,681204.0,1015.0,1.175777,1.667472,NLD,ISL,7810
819525,163,109,1314,2002.0,94709.0,33752.0,0.689588,-0.007016,NOR,ISL,7810
819526,179,109,1314,2002.0,0.0,22669.0,0.584956,1.377068,PRT,ISL,7810
819527,207,109,1314,2002.0,32446.0,0.0,1.469681,1.13303,SVN,ISL,7810
819528,208,109,1314,2002.0,1628242.0,113550.0,2.134,0.769413,SWE,ISL,7810
819529,224,109,1314,2002.0,245898.0,0.0,0.12982,1.8032650000000001,TUR,ISL,7810
819530,231,109,1314,2002.0,1951885.0,26758.0,1.853174,0.120986,USA,ISL,7810
819531,246,109,1314,2002.0,0.0,24722.0,0.32760500000000004,2.497746,ZAF,ISL,7810
819532,15,126,1314,2002.0,126690.0,0.0,1.866997,0.400527,AUT,LBY,7810
819533,18,126,1314,2002.0,2715418.0,0.0,1.424339,1.372755,BEL,LBY,7810
819534,39,126,1314,2002.0,24225.0,0.0,0.9672360000000001,1.389981,CAN,LBY,7810
819535,41,126,1314,2002.0,814691.0,0.0,2.205507,0.831836,CHE,LBY,7810
819536,43,126,1314,2002.0,1380205.0,0.0,0.6181220000000001,1.9636759999999998,CHN,LBY,7810
819537,59,126,1314,2002.0,138181.0,0.0,1.5835139999999999,0.9563010000000001,CZE,LBY,7810
819538,61,126,1314,2002.0,45103000.0,0.0,2.367856,-2.195331,DEU,LBY,7810
819539,64,126,1314,2002.0,166545.0,0.0,1.344708,1.321135,DNK,LBY,7810
819540,71,126,1314,2002.0,1499207.0,0.0,1.054108,1.9357349999999998,ESP,LBY,7810
819541,77,126,1314,2002.0,7723076.0,1752.0,1.648526,0.6870430000000001,FRA,LBY,7810
819542,81,126,1314,2002.0,7770240.0,0.0,2.067395,0.7934359999999999,GBR,LBY,7810
819543,97,126,1314,2002.0,84046.0,0.0,0.704932,1.291658,HKG,LBY,7810
819544,100,126,1314,2002.0,1503.0,0.0,0.603546,1.273001,HRV,LBY,7810
819545,107,126,1314,2002.0,9959.0,0.0,-0.665259,-0.840274,IRN,LBY,7810
819546,111,126,1314,2002.0,2555057.0,12242.0,1.3944219999999998,1.125362,ITA,LBY,7810
819547,113,126,1314,2002.0,702791.0,0.0,0.34023000000000003,0.264754,JOR,LBY,7810
819548,114,126,1314,2002.0,137602128.0,0.0,2.7747580000000003,0.43663199999999996,JPN,LBY,7810
819549,121,126,1314,2002.0,215402736.0,0.0,1.4172719999999999,0.8763139999999999,KOR,LBY,7810
819550,131,126,1314,2002.0,20087.0,0.0,1.396249,1.153017,LUX,LBY,7810
819551,134,126,1314,2002.0,21317.0,0.0,-0.690226,-0.42557,MAR,LBY,7810
819552,142,126,1314,2002.0,101763.0,0.0,0.901235,-0.140261,MLT,LBY,7810
819553,157,126,1314,2002.0,0.0,1153.0,-0.562837,-0.333649,NER,LBY,7810
819554,162,126,1314,2002.0,504775.0,0.0,1.175777,1.667472,NLD,LBY,7810
819555,167,126,1314,2002.0,10268272.0,0.0,-1.307058,-1.270916,OMN,LBY,7810
819556,179,126,1314,2002.0,118868.0,0.0,0.584956,1.377068,PRT,LBY,7810
819557,188,126,1314,2002.0,296000.0,0.0,0.048764,-0.903125,SAU,LBY,7810
819558,190,126,1314,2002.0,0.0,12279.0,-1.336665,-1.19919,SDN,LBY,7810
819559,206,126,1314,2002.0,12092.0,0.0,1.269549,1.184774,SVK,LBY,7810
819560,208,126,1314,2002.0,427685.0,0.0,2.134,0.769413,SWE,LBY,7810
819561,223,126,1314,2002.0,621618.0,74582.0,0.059876,0.369032,TUN,LBY,7810
819562,224,126,1314,2002.0,0.0,2693.0,0.12982,1.8032650000000001,TUR,LBY,7810
819563,9,135,1314,2002.0,5550.0,0.0,0.66447,-0.08317000000000001,ARM,MDA,7810
819564,15,135,1314,2002.0,241912.0,0.0,1.866997,0.400527,AUT,MDA,7810
819565,18,135,1314,2002.0,120580.0,5708.0,1.424339,1.372755,BEL,MDA,7810
819566,23,135,1314,2002.0,12834.0,3580.0,0.468058,1.644037,BGR,MDA,7810
819567,39,135,1314,2002.0,11153.0,0.0,0.9672360000000001,1.389981,CAN,MDA,7810
819568,41,135,1314,2002.0,67323.0,0.0,2.205507,0.831836,CHE,MDA,7810
819569,59,135,1314,2002.0,2826026.0,2694.0,1.5835139999999999,0.9563010000000001,CZE,MDA,7810
819570,61,135,1314,2002.0,10707913.0,744815.0,2.367856,-2.195331,DEU,MDA,7810
819571,64,135,1314,2002.0,1566.0,0.0,1.344708,1.321135,DNK,MDA,7810
819572,71,135,1314,2002.0,46451.0,7203.0,1.054108,1.9357349999999998,ESP,MDA,7810
819573,72,135,1314,2002.0,16988.0,42468.0,0.576142,1.168563,EST,MDA,7810
819574,74,135,1314,2002.0,934196.0,0.0,1.9545119999999998,1.047515,FIN,MDA,7810
819575,77,135,1314,2002.0,1290555.0,0.0,1.648526,0.6870430000000001,FRA,MDA,7810
819576,81,135,1314,2002.0,170488.0,0.0,2.067395,0.7934359999999999,GBR,MDA,7810
819577,102,135,1314,2002.0,30166.0,0.0,1.232359,1.064425,HUN,MDA,7810
819578,111,135,1314,2002.0,523080.0,0.0,1.3944219999999998,1.125362,ITA,MDA,7810
819579,114,135,1314,2002.0,121249.0,0.0,2.7747580000000003,0.43663199999999996,JPN,MDA,7810
819580,121,135,1314,2002.0,4119.0,0.0,1.4172719999999999,0.8763139999999999,KOR,MDA,7810
819581,130,135,1314,2002.0,178228.0,31849.0,0.15796,0.855931,LTU,MDA,7810
819582,131,135,1314,2002.0,59317.0,0.0,1.396249,1.153017,LUX,MDA,7810
819583,162,135,1314,2002.0,149547.0,0.0,1.175777,1.667472,NLD,MDA,7810
819584,185,135,1314,2002.0,204181.0,4410.0,0.549227,1.071998,ROU,MDA,7810
819585,186,135,1314,2002.0,3310252.0,385840.0,0.6051449999999999,0.272307,RUS,MDA,7810
819586,206,135,1314,2002.0,0.0,3468.0,1.269549,1.184774,SVK,MDA,7810
819587,207,135,1314,2002.0,10862.0,0.0,1.469681,1.13303,SVN,MDA,7810
819588,208,135,1314,2002.0,122650.0,0.0,2.134,0.769413,SWE,MDA,7810
819589,224,135,1314,2002.0,424210.0,0.0,0.12982,1.8032650000000001,TUR,MDA,7810
819590,228,135,1314,2002.0,31320.0,224280.0,0.575372,1.131722,UKR,MDA,7810
819591,231,135,1314,2002.0,21329.0,0.0,1.853174,0.120986,USA,MDA,7810
819592,4,140,1314,2002.0,21240.0,84085.0,-0.05800399999999999,0.042254,ALB,MKD,7810
819593,15,140,1314,2002.0,691271.0,25016.0,1.866997,0.400527,AUT,MKD,7810
819594,16,140,1314,2002.0,0.0,40458.0,-0.566735,-1.003158,AZE,MKD,7810
819595,18,140,1314,2002.0,794029.0,26668.0,1.424339,1.372755,BEL,MKD,7810
819596,23,140,1314,2002.0,769047.0,4777.0,0.468058,1.644037,BGR,MKD,7810
819597,26,140,1314,2002.0,8993.0,0.0,0.223543,0.44595100000000004,BIH,MKD,7810
819598,39,140,1314,2002.0,1261.0,10172.0,0.9672360000000001,1.389981,CAN,MKD,7810
819599,41,140,1314,2002.0,515049.0,3494.0,2.205507,0.831836,CHE,MKD,7810
819600,59,140,1314,2002.0,766805.0,0.0,1.5835139999999999,0.9563010000000001,CZE,MKD,7810
819601,61,140,1314,2002.0,16562982.0,21100.0,2.367856,-2.195331,DEU,MKD,7810
819602,64,140,1314,2002.0,57753.0,0.0,1.344708,1.321135,DNK,MKD,7810
819603,71,140,1314,2002.0,2572922.0,12583.0,1.054108,1.9357349999999998,ESP,MKD,7810
819604,74,140,1314,2002.0,3205414.0,0.0,1.9545119999999998,1.047515,FIN,MKD,7810
819605,77,140,1314,2002.0,9792274.0,0.0,1.648526,0.6870430000000001,FRA,MKD,7810
819606,81,140,1314,2002.0,1102640.0,6225.0,2.067395,0.7934359999999999,GBR,MKD,7810
819607,83,140,1314,2002.0,3883.0,0.0,-1.258567,-1.048266,GHA,MKD,7810
819608,90,140,1314,2002.0,1466263.0,4079.0,0.20355399999999998,1.4130200000000002,GRC,MKD,7810
819609,100,140,1314,2002.0,54585.0,15698.0,0.603546,1.273001,HRV,MKD,7810
819610,102,140,1314,2002.0,445529.0,0.0,1.232359,1.064425,HUN,MKD,7810
819611,111,140,1314,2002.0,2858192.0,34116.0,1.3944219999999998,1.125362,ITA,MKD,7810
819612,114,140,1314,2002.0,472089.0,0.0,2.7747580000000003,0.43663199999999996,JPN,MKD,7810
819613,121,140,1314,2002.0,626206.0,0.0,1.4172719999999999,0.8763139999999999,KOR,MKD,7810
819614,131,140,1314,2002.0,133304.0,1874.0,1.396249,1.153017,LUX,MKD,7810
819615,153,140,1314,2002.0,6396.0,0.0,0.9987159999999999,0.26558200000000004,MYS,MKD,7810
819616,162,140,1314,2002.0,326714.0,12098.0,1.175777,1.667472,NLD,MKD,7810
819617,163,140,1314,2002.0,2436.0,0.0,0.689588,-0.007016,NOR,MKD,7810
819618,173,140,1314,2002.0,1734.0,0.0,-0.456603,0.030838,PER,MKD,7810
819619,177,140,1314,2002.0,458686.0,0.0,0.9449299999999999,1.655764,POL,MKD,7810
819620,179,140,1314,2002.0,5508.0,3824.0,0.584956,1.377068,PRT,MKD,7810
819621,185,140,1314,2002.0,156984.0,0.0,0.549227,1.071998,ROU,MKD,7810
819622,186,140,1314,2002.0,267943.0,10767.0,0.6051449999999999,0.272307,RUS,MKD,7810
819623,189,140,1314,2002.0,942283.0,76193.0,0.523459,2.58657,SCG,MKD,7810
819624,206,140,1314,2002.0,53949.0,0.0,1.269549,1.184774,SVK,MKD,7810
819625,207,140,1314,2002.0,628775.0,0.0,1.469681,1.13303,SVN,MKD,7810
819626,208,140,1314,2002.0,101830.0,21117.0,2.134,0.769413,SWE,MKD,7810
819627,224,140,1314,2002.0,322539.0,24662.0,0.12982,1.8032650000000001,TUR,MKD,7810
819628,228,140,1314,2002.0,25891.0,7835.0,0.575372,1.131722,UKR,MKD,7810
819629,231,140,1314,2002.0,191350.0,0.0,1.853174,0.120986,USA,MKD,7810
819630,15,143,1314,2002.0,23033.0,0.0,1.866997,0.400527,AUT,MMR,7810
819631,43,143,1314,2002.0,6485054.0,0.0,0.6181220000000001,1.9636759999999998,CHN,MMR,7810
819632,61,143,1314,2002.0,178000.0,8002.0,2.367856,-2.195331,DEU,MMR,7810
819633,77,143,1314,2002.0,17979.0,0.0,1.648526,0.6870430000000001,FRA,MMR,7810
819634,97,143,1314,2002.0,53480.0,0.0,0.704932,1.291658,HKG,MMR,7810
819635,114,143,1314,2002.0,2660484.0,0.0,2.7747580000000003,0.43663199999999996,JPN,MMR,7810
819636,121,143,1314,2002.0,3472.0,0.0,1.4172719999999999,0.8763139999999999,KOR,MMR,7810
819637,167,143,1314,2002.0,159131.0,0.0,-1.307058,-1.270916,OMN,MMR,7810
819638,174,143,1314,2002.0,0.0,8954.0,0.29601,-0.232513,PHL,MMR,7810
819639,192,143,1314,2002.0,278981.0,0.0,1.7077209999999998,0.683549,SGP,MMR,7810
819640,216,143,1314,2002.0,1263474.0,0.0,0.513887,1.545967,THA,MMR,7810
819641,231,143,1314,2002.0,97252.0,0.0,1.853174,0.120986,USA,MMR,7810
819642,4,178,1314,2002.0,0.0,216794.0,-0.05800399999999999,0.042254,ALB,PRK,7810
819643,19,178,1314,2002.0,0.0,66084.0,-0.7683840000000001,-0.7984319999999999,BEN,PRK,7810
819644,23,178,1314,2002.0,0.0,75848.0,0.468058,1.644037,BGR,PRK,7810
819645,42,178,1314,2002.0,0.0,31764.0,-0.079201,-0.11449200000000001,CHL,PRK,7810
819646,43,178,1314,2002.0,229382.0,0.0,0.6181220000000001,1.9636759999999998,CHN,PRK,7810
819647,52,178,1314,2002.0,0.0,86423.0,0.083983,-0.096237,CRI,PRK,7810
819648,54,178,1314,2002.0,0.0,12418.0,-0.896759,-1.079825,CUB,PRK,7810
819649,59,178,1314,2002.0,20246.0,26283.0,1.5835139999999999,0.9563010000000001,CZE,PRK,7810
819650,61,178,1314,2002.0,860000.0,93788.0,2.367856,-2.195331,DEU,PRK,7810
819651,71,178,1314,2002.0,5334.0,23388.0,1.054108,1.9357349999999998,ESP,PRK,7810
819652,73,178,1314,2002.0,0.0,20113.0,-1.289118,-1.0291540000000001,ETH,PRK,7810
819653,77,178,1314,2002.0,102066.0,112850.0,1.648526,0.6870430000000001,FRA,PRK,7810
819654,78,178,1314,2002.0,0.0,21664.0,-0.33811399999999997,-0.8092050000000001,FRO,PRK,7810
819655,82,178,1314,2002.0,0.0,36228.0,0.23526999999999998,-0.156333,GEO,PRK,7810
819656,85,178,1314,2002.0,0.0,7199.0,-1.684157,-1.256743,GIN,PRK,7810
819657,97,178,1314,2002.0,6222954.0,0.0,0.704932,1.291658,HKG,PRK,7810
819658,99,178,1314,2002.0,0.0,199233.0,-0.637891,-0.564421,HND,PRK,7810
819659,104,178,1314,2002.0,2680.0,0.0,0.32974000000000003,2.376477,IND,PRK,7810
819660,106,178,1314,2002.0,0.0,348562.0,1.7939310000000002,0.219254,IRL,PRK,7810
819661,111,178,1314,2002.0,0.0,60508.0,1.3944219999999998,1.125362,ITA,PRK,7810
819662,114,178,1314,2002.0,14788650.0,10330.0,2.7747580000000003,0.43663199999999996,JPN,PRK,7810
819663,116,178,1314,2002.0,0.0,3322.0,-0.59055,0.000731,KEN,PRK,7810
819664,118,178,1314,2002.0,0.0,16769.0,-0.8577629999999999,-1.071536,KHM,PRK,7810
819665,124,178,1314,2002.0,0.0,88743.0,0.220906,1.470297,LBN,PRK,7810
819666,138,178,1314,2002.0,0.0,120425.0,1.2677129999999999,0.599314,MEX,PRK,7810
819667,147,178,1314,2002.0,0.0,18483.0,-1.337891,-1.187073,MOZ,PRK,7810
819668,154,178,1314,2002.0,0.0,6811.0,0.752173,-0.5639,MYT,PRK,7810
819669,160,178,1314,2002.0,0.0,3751824.0,-0.634946,-0.37966,NIC,PRK,7810
819670,162,178,1314,2002.0,0.0,28015.0,1.175777,1.667472,NLD,PRK,7810
819671,173,178,1314,2002.0,0.0,37902.0,-0.456603,0.030838,PER,PRK,7810
819672,180,178,1314,2002.0,0.0,32402.0,-0.733796,-0.9001530000000001,PRY,PRK,7810
819673,185,178,1314,2002.0,0.0,6527.0,0.549227,1.071998,ROU,PRK,7810
819674,186,178,1314,2002.0,786609.0,9425.0,0.6051449999999999,0.272307,RUS,PRK,7810
819675,189,178,1314,2002.0,0.0,13510.0,0.523459,2.58657,SCG,PRK,7810
819676,191,178,1314,2002.0,0.0,26734.0,-0.5424939999999999,-0.554531,SEN,PRK,7810
819677,192,178,1314,2002.0,3356.0,0.0,1.7077209999999998,0.683549,SGP,PRK,7810
819678,205,178,1314,2002.0,0.0,126909.0,-1.002898,-0.905595,SUR,PRK,7810
819679,206,178,1314,2002.0,0.0,2281.0,1.269549,1.184774,SVK,PRK,7810
819680,207,178,1314,2002.0,0.0,10460.0,1.469681,1.13303,SVN,PRK,7810
819681,215,178,1314,2002.0,0.0,54665.0,-0.688284,-0.5292789999999999,TGO,PRK,7810
819682,216,178,1314,2002.0,0.0,2554.0,0.513887,1.545967,THA,PRK,7810
819683,222,178,1314,2002.0,0.0,4637.0,-0.056315,-0.803537,TTO,PRK,7810
819684,223,178,1314,2002.0,0.0,39510.0,0.059876,0.369032,TUN,PRK,7810
819685,226,178,1314,2002.0,0.0,5278.0,-1.234127,-0.421158,TZA,PRK,7810
819686,228,178,1314,2002.0,0.0,9987.0,0.575372,1.131722,UKR,PRK,7810
819687,239,178,1314,2002.0,282642.0,0.0,-0.44170699999999996,0.544708,VNM,PRK,7810
819688,246,178,1314,2002.0,0.0,11725.0,0.32760500000000004,2.497746,ZAF,PRK,7810
819689,249,178,1314,2002.0,15927.0,0.0,1.9084720000000002,1.253714,TWN,PRK,7810
819690,4,189,1314,2002.0,7697.0,41550.0,-0.05800399999999999,0.042254,ALB,SCG,7810
819691,9,189,1314,2002.0,0.0,30474.0,0.66447,-0.08317000000000001,ARM,SCG,7810
819692,15,189,1314,2002.0,3919735.0,25696.0,1.866997,0.400527,AUT,SCG,7810
819693,18,189,1314,2002.0,4748914.0,6117.0,1.424339,1.372755,BEL,SCG,7810
819694,23,189,1314,2002.0,50203.0,11641.0,0.468058,1.644037,BGR,SCG,7810
819695,26,189,1314,2002.0,30781.0,303584.0,0.223543,0.44595100000000004,BIH,SCG,7810
819696,39,189,1314,2002.0,117963.0,0.0,0.9672360000000001,1.389981,CAN,SCG,7810
819697,41,189,1314,2002.0,705772.0,2881.0,2.205507,0.831836,CHE,SCG,7810
819698,58,189,1314,2002.0,5104.0,0.0,0.332088,0.50441,CYP,SCG,7810
819699,59,189,1314,2002.0,21704324.0,12507.0,1.5835139999999999,0.9563010000000001,CZE,SCG,7810
819700,61,189,1314,2002.0,46516216.0,87314.0,2.367856,-2.195331,DEU,SCG,7810
819701,64,189,1314,2002.0,1215836.0,0.0,1.344708,1.321135,DNK,SCG,7810
819702,66,189,1314,2002.0,0.0,42253.0,-0.9281389999999999,-1.19549,DZA,SCG,7810
819703,68,189,1314,2002.0,0.0,276209.0,-0.37218,0.634319,EGY,SCG,7810
819704,71,189,1314,2002.0,4865960.0,22038.0,1.054108,1.9357349999999998,ESP,SCG,7810
819705,74,189,1314,2002.0,289744.0,112856.0,1.9545119999999998,1.047515,FIN,SCG,7810
819706,77,189,1314,2002.0,17238326.0,0.0,1.648526,0.6870430000000001,FRA,SCG,7810
819707,81,189,1314,2002.0,905883.0,78395.0,2.067395,0.7934359999999999,GBR,SCG,7810
819708,82,189,1314,2002.0,0.0,57937.0,0.23526999999999998,-0.156333,GEO,SCG,7810
819709,90,189,1314,2002.0,19276.0,11662.0,0.20355399999999998,1.4130200000000002,GRC,SCG,7810
819710,100,189,1314,2002.0,298287.0,572984.0,0.603546,1.273001,HRV,SCG,7810
819711,102,189,1314,2002.0,634661.0,3621.0,1.232359,1.064425,HUN,SCG,7810
819712,104,189,1314,2002.0,24834.0,0.0,0.32974000000000003,2.376477,IND,SCG,7810
819713,106,189,1314,2002.0,1694.0,0.0,1.7939310000000002,0.219254,IRL,SCG,7810
819714,111,189,1314,2002.0,7600930.0,61257.0,1.3944219999999998,1.125362,ITA,SCG,7810
819715,114,189,1314,2002.0,858364.0,0.0,2.7747580000000003,0.43663199999999996,JPN,SCG,7810
819716,120,189,1314,2002.0,1443.0,0.0,0.757789,-0.2968,KNA,SCG,7810
819717,121,189,1314,2002.0,853830.0,0.0,1.4172719999999999,0.8763139999999999,KOR,SCG,7810
819718,130,189,1314,2002.0,17361.0,0.0,0.15796,0.855931,LTU,SCG,7810
819719,131,189,1314,2002.0,148621.0,1775.0,1.396249,1.153017,LUX,SCG,7810
819720,132,189,1314,2002.0,0.0,9926.0,0.41409799999999997,0.6281680000000001,LVA,SCG,7810
819721,134,189,1314,2002.0,2979.0,0.0,-0.690226,-0.42557,MAR,SCG,7810
819722,138,189,1314,2002.0,8867.0,0.0,1.2677129999999999,0.599314,MEX,SCG,7810
819723,140,189,1314,2002.0,76193.0,942283.0,-0.027727999999999996,0.41846400000000006,MKD,SCG,7810
819724,141,189,1314,2002.0,1993.0,0.0,-0.786698,-0.682438,MLI,SCG,7810
819725,142,189,1314,2002.0,73886.0,0.0,0.901235,-0.140261,MLT,SCG,7810
819726,153,189,1314,2002.0,6887.0,0.0,0.9987159999999999,0.26558200000000004,MYS,SCG,7810
819727,159,189,1314,2002.0,0.0,1545.0,-1.705991,-1.292926,NGA,SCG,7810
819728,162,189,1314,2002.0,1119362.0,10285.0,1.175777,1.667472,NLD,SCG,7810
819729,163,189,1314,2002.0,3266.0,23338.0,0.689588,-0.007016,NOR,SCG,7810
819730,174,189,1314,2002.0,6809.0,0.0,0.29601,-0.232513,PHL,SCG,7810
819731,177,189,1314,2002.0,1528958.0,4066.0,0.9449299999999999,1.655764,POL,SCG,7810
819732,178,189,1314,2002.0,13510.0,0.0,0.629678,1.0153780000000001,PRK,SCG,7810
819733,185,189,1314,2002.0,1745920.0,0.0,0.549227,1.071998,ROU,SCG,7810
819734,186,189,1314,2002.0,3458102.0,40888.0,0.6051449999999999,0.272307,RUS,SCG,7810
819735,206,189,1314,2002.0,283018.0,0.0,1.269549,1.184774,SVK,SCG,7810
819736,207,189,1314,2002.0,1218598.0,52408.0,1.469681,1.13303,SVN,SCG,7810
819737,208,189,1314,2002.0,158222.0,57937.0,2.134,0.769413,SWE,SCG,7810
819738,224,189,1314,2002.0,138762.0,0.0,0.12982,1.8032650000000001,TUR,SCG,7810
819739,226,189,1314,2002.0,0.0,2628.0,-1.234127,-0.421158,TZA,SCG,7810
819740,228,189,1314,2002.0,8304.0,0.0,0.575372,1.131722,UKR,SCG,7810
819741,231,189,1314,2002.0,1519351.0,0.0,1.853174,0.120986,USA,SCG,7810
819742,14,212,1314,2002.0,311279.0,0.0,-0.052462,0.759617,AUS,SYR,7810
819743,15,212,1314,2002.0,110203.0,0.0,1.866997,0.400527,AUT,SYR,7810
819744,18,212,1314,2002.0,454588.0,0.0,1.424339,1.372755,BEL,SYR,7810
819745,23,212,1314,2002.0,0.0,1314.0,0.468058,1.644037,BGR,SYR,7810
819746,24,212,1314,2002.0,39140.0,0.0,-0.31754099999999996,-1.099381,BHR,SYR,7810
819747,32,212,1314,2002.0,1102020.0,0.0,0.631343,1.249344,BRA,SYR,7810
819748,39,212,1314,2002.0,21690.0,0.0,0.9672360000000001,1.389981,CAN,SYR,7810
819749,41,212,1314,2002.0,70944.0,0.0,2.205507,0.831836,CHE,SYR,7810
819750,43,212,1314,2002.0,915642.0,0.0,0.6181220000000001,1.9636759999999998,CHN,SYR,7810
819751,59,212,1314,2002.0,23508280.0,0.0,1.5835139999999999,0.9563010000000001,CZE,SYR,7810
819752,61,212,1314,2002.0,24514484.0,0.0,2.367856,-2.195331,DEU,SYR,7810
819753,64,212,1314,2002.0,1011.0,0.0,1.344708,1.321135,DNK,SYR,7810
819754,71,212,1314,2002.0,168850.0,0.0,1.054108,1.9357349999999998,ESP,SYR,7810
819755,74,212,1314,2002.0,9964.0,0.0,1.9545119999999998,1.047515,FIN,SYR,7810
819756,77,212,1314,2002.0,1658625.0,0.0,1.648526,0.6870430000000001,FRA,SYR,7810
819757,81,212,1314,2002.0,2213151.0,0.0,2.067395,0.7934359999999999,GBR,SYR,7810
819758,90,212,1314,2002.0,0.0,6514.0,0.20355399999999998,1.4130200000000002,GRC,SYR,7810
819759,102,212,1314,2002.0,36640.0,0.0,1.232359,1.064425,HUN,SYR,7810
819760,104,212,1314,2002.0,398420.0,0.0,0.32974000000000003,2.376477,IND,SYR,7810
819761,107,212,1314,2002.0,18872560.0,0.0,-0.665259,-0.840274,IRN,SYR,7810
819762,111,212,1314,2002.0,410658.0,0.0,1.3944219999999998,1.125362,ITA,SYR,7810
819763,113,212,1314,2002.0,108158.0,0.0,0.34023000000000003,0.264754,JOR,SYR,7810
819764,114,212,1314,2002.0,28611492.0,0.0,2.7747580000000003,0.43663199999999996,JPN,SYR,7810
819765,121,212,1314,2002.0,40903212.0,0.0,1.4172719999999999,0.8763139999999999,KOR,SYR,7810
819766,124,212,1314,2002.0,14211.0,0.0,0.220906,1.470297,LBN,SYR,7810
819767,153,212,1314,2002.0,1693253.0,0.0,0.9987159999999999,0.26558200000000004,MYS,SYR,7810
819768,159,212,1314,2002.0,0.0,1281.0,-1.705991,-1.292926,NGA,SYR,7810
819769,162,212,1314,2002.0,142936.0,0.0,1.175777,1.667472,NLD,SYR,7810
819770,167,212,1314,2002.0,128007.0,0.0,-1.307058,-1.270916,OMN,SYR,7810
819771,177,212,1314,2002.0,214826.0,0.0,0.9449299999999999,1.655764,POL,SYR,7810
819772,183,212,1314,2002.0,78291.0,0.0,-0.002177,-1.042517,QAT,SYR,7810
819773,185,212,1314,2002.0,5723454.0,0.0,0.549227,1.071998,ROU,SYR,7810
819774,186,212,1314,2002.0,8083742.0,0.0,0.6051449999999999,0.272307,RUS,SYR,7810
819775,188,212,1314,2002.0,253639.0,0.0,0.048764,-0.903125,SAU,SYR,7810
819776,206,212,1314,2002.0,640307.0,0.0,1.269549,1.184774,SVK,SYR,7810
819777,208,212,1314,2002.0,207346.0,18156.0,2.134,0.769413,SWE,SYR,7810
819778,216,212,1314,2002.0,1397866.0,0.0,0.513887,1.545967,THA,SYR,7810
819779,224,212,1314,2002.0,3577924.0,0.0,0.12982,1.8032650000000001,TUR,SYR,7810
819780,228,212,1314,2002.0,1089752.0,0.0,0.575372,1.131722,UKR,SYR,7810
819781,231,212,1314,2002.0,2805084.0,0.0,1.853174,0.120986,USA,SYR,7810
819782,15,85,1314,2002.0,134996.0,0.0,1.866997,0.400527,AUT,GIN,7810
819783,18,85,1314,2002.0,5583461.0,6730.0,1.424339,1.372755,BEL,GIN,7810
819784,22,85,1314,2002.0,1187.0,0.0,-0.9509,-1.113308,BGD,GIN,7810
819785,39,85,1314,2002.0,69263.0,0.0,0.9672360000000001,1.389981,CAN,GIN,7810
819786,41,85,1314,2002.0,281056.0,0.0,2.205507,0.831836,CHE,GIN,7810
819787,43,85,1314,2002.0,1392.0,0.0,0.6181220000000001,1.9636759999999998,CHN,GIN,7810
819788,44,85,1314,2002.0,45793.0,1014.0,-0.803739,-0.752218,CIV,GIN,7810
819789,61,85,1314,2002.0,1195465.0,23676.0,2.367856,-2.195331,DEU,GIN,7810
819790,64,85,1314,2002.0,565981.0,0.0,1.344708,1.321135,DNK,GIN,7810
819791,71,85,1314,2002.0,795672.0,0.0,1.054108,1.9357349999999998,ESP,GIN,7810
819792,77,85,1314,2002.0,1551985.0,63492.0,1.648526,0.6870430000000001,FRA,GIN,7810
819793,80,85,1314,2002.0,24605.0,0.0,-1.34341,-1.238593,GAB,GIN,7810
819794,81,85,1314,2002.0,186457.0,0.0,2.067395,0.7934359999999999,GBR,GIN,7810
819795,88,85,1314,2002.0,12120.0,0.0,-0.30444099999999996,-0.815509,GNB,GIN,7810
819796,97,85,1314,2002.0,2387.0,0.0,0.704932,1.291658,HKG,GIN,7810
819797,104,85,1314,2002.0,84013.0,0.0,0.32974000000000003,2.376477,IND,GIN,7810
819798,106,85,1314,2002.0,4431.0,0.0,1.7939310000000002,0.219254,IRL,GIN,7810
819799,107,85,1314,2002.0,348637.0,0.0,-0.665259,-0.840274,IRN,GIN,7810
819800,111,85,1314,2002.0,1813678.0,0.0,1.3944219999999998,1.125362,ITA,GIN,7810
819801,114,85,1314,2002.0,2601952.0,0.0,2.7747580000000003,0.43663199999999996,JPN,GIN,7810
819802,116,85,1314,2002.0,10248.0,0.0,-0.59055,0.000731,KEN,GIN,7810
819803,121,85,1314,2002.0,26525.0,0.0,1.4172719999999999,0.8763139999999999,KOR,GIN,7810
819804,134,85,1314,2002.0,12153.0,0.0,-0.690226,-0.42557,MAR,GIN,7810
819805,141,85,1314,2002.0,10735.0,2832.0,-0.786698,-0.682438,MLI,GIN,7810
819806,162,85,1314,2002.0,630897.0,1786.0,1.175777,1.667472,NLD,GIN,7810
819807,167,85,1314,2002.0,14575.0,0.0,-1.307058,-1.270916,OMN,GIN,7810
819808,178,85,1314,2002.0,7199.0,0.0,0.629678,1.0153780000000001,PRK,GIN,7810
819809,179,85,1314,2002.0,8493.0,0.0,0.584956,1.377068,PRT,GIN,7810
819810,186,85,1314,2002.0,8175.0,7377.0,0.6051449999999999,0.272307,RUS,GIN,7810
819811,188,85,1314,2002.0,72702.0,0.0,0.048764,-0.903125,SAU,GIN,7810
819812,191,85,1314,2002.0,51679.0,7042.0,-0.5424939999999999,-0.554531,SEN,GIN,7810
819813,192,85,1314,2002.0,5124.0,0.0,1.7077209999999998,0.683549,SGP,GIN,7810
819814,196,85,1314,2002.0,0.0,1020.0,0.29478899999999997,0.055865,SLE,GIN,7810
819815,216,85,1314,2002.0,23141.0,0.0,0.513887,1.545967,THA,GIN,7810
819816,228,85,1314,2002.0,14756.0,0.0,0.575372,1.131722,UKR,GIN,7810
819817,231,85,1314,2002.0,946077.0,0.0,1.853174,0.120986,USA,GIN,7810
819818,246,85,1314,2002.0,643195.0,0.0,0.32760500000000004,2.497746,ZAF,GIN,7810
819819,18,133,1314,2002.0,34430.0,0.0,1.424339,1.372755,BEL,MAC,7810
819820,39,133,1314,2002.0,7247.0,0.0,0.9672360000000001,1.389981,CAN,MAC,7810
819821,43,133,1314,2002.0,184480.0,10428.0,0.6181220000000001,1.9636759999999998,CHN,MAC,7810
819822,61,133,1314,2002.0,3404654.0,0.0,2.367856,-2.195331,DEU,MAC,7810
819823,71,133,1314,2002.0,179764.0,0.0,1.054108,1.9357349999999998,ESP,MAC,7810
819824,77,133,1314,2002.0,700211.0,0.0,1.648526,0.6870430000000001,FRA,MAC,7810
819825,81,133,1314,2002.0,390628.0,0.0,2.067395,0.7934359999999999,GBR,MAC,7810
819826,97,133,1314,2002.0,67208080.0,4230422.0,0.704932,1.291658,HKG,MAC,7810
819827,111,133,1314,2002.0,154806.0,0.0,1.3944219999999998,1.125362,ITA,MAC,7810
819828,114,133,1314,2002.0,12802102.0,39866.0,2.7747580000000003,0.43663199999999996,JPN,MAC,7810
819829,121,133,1314,2002.0,122226.0,35075.0,1.4172719999999999,0.8763139999999999,KOR,MAC,7810
819830,138,133,1314,2002.0,8126.0,0.0,1.2677129999999999,0.599314,MEX,MAC,7810
819831,153,133,1314,2002.0,6406.0,0.0,0.9987159999999999,0.26558200000000004,MYS,MAC,7810
819832,162,133,1314,2002.0,0.0,266660.0,1.175777,1.667472,NLD,MAC,7810
819833,166,133,1314,2002.0,5456.0,0.0,0.370673,0.7853829999999999,NZL,MAC,7810
819834,179,133,1314,2002.0,10065.0,48394.0,0.584956,1.377068,PRT,MAC,7810
819835,208,133,1314,2002.0,57522.0,0.0,2.134,0.769413,SWE,MAC,7810
819836,216,133,1314,2002.0,5499.0,0.0,0.513887,1.545967,THA,MAC,7810
819837,231,133,1314,2002.0,646317.0,0.0,1.853174,0.120986,USA,MAC,7810
819838,246,133,1314,2002.0,1780237.0,0.0,0.32760500000000004,2.497746,ZAF,MAC,7810
819839,249,133,1314,2002.0,12786.0,0.0,1.9084720000000002,1.253714,TWN,MAC,7810
819840,14,168,1314,2002.0,5983.0,0.0,-0.052462,0.759617,AUS,PAK,7810
819841,15,168,1314,2002.0,107059.0,0.0,1.866997,0.400527,AUT,PAK,7810
819842,18,168,1314,2002.0,328552.0,0.0,1.424339,1.372755,BEL,PAK,7810
819843,22,168,1314,2002.0,0.0,37930.0,-0.9509,-1.113308,BGD,PAK,7810
819844,24,168,1314,2002.0,22342.0,0.0,-0.31754099999999996,-1.099381,BHR,PAK,7810
819845,34,168,1314,2002.0,0.0,19512.0,-1.359507,-1.084339,BRN,PAK,7810
819846,37,168,1314,2002.0,0.0,23774.0,-0.164526,-1.04616,BWA,PAK,7810
819847,43,168,1314,2002.0,310016.0,0.0,0.6181220000000001,1.9636759999999998,CHN,PAK,7810
819848,61,168,1314,2002.0,7304000.0,24197.0,2.367856,-2.195331,DEU,PAK,7810
819849,64,168,1314,2002.0,171688.0,0.0,1.344708,1.321135,DNK,PAK,7810
819850,71,168,1314,2002.0,0.0,4260.0,1.054108,1.9357349999999998,ESP,PAK,7810
819851,74,168,1314,2002.0,19999.0,0.0,1.9545119999999998,1.047515,FIN,PAK,7810
819852,77,168,1314,2002.0,1112412.0,0.0,1.648526,0.6870430000000001,FRA,PAK,7810
819853,81,168,1314,2002.0,1673999.0,3706.0,2.067395,0.7934359999999999,GBR,PAK,7810
819854,103,168,1314,2002.0,477401.0,0.0,0.098182,1.7305840000000001,IDN,PAK,7810
819855,106,168,1314,2002.0,65759.0,0.0,1.7939310000000002,0.219254,IRL,PAK,7810
819856,107,168,1314,2002.0,0.0,25045.0,-0.665259,-0.840274,IRN,PAK,7810
819857,111,168,1314,2002.0,138720.0,0.0,1.3944219999999998,1.125362,ITA,PAK,7810
819858,114,168,1314,2002.0,85395912.0,0.0,2.7747580000000003,0.43663199999999996,JPN,PAK,7810
819859,116,168,1314,2002.0,20342.0,2085.0,-0.59055,0.000731,KEN,PAK,7810
819860,121,168,1314,2002.0,13448922.0,0.0,1.4172719999999999,0.8763139999999999,KOR,PAK,7810
819861,141,168,1314,2002.0,17147.0,0.0,-0.786698,-0.682438,MLI,PAK,7810
819862,153,168,1314,2002.0,30288.0,0.0,0.9987159999999999,0.26558200000000004,MYS,PAK,7810
819863,159,168,1314,2002.0,0.0,15215.0,-1.705991,-1.292926,NGA,PAK,7810
819864,162,168,1314,2002.0,22686.0,0.0,1.175777,1.667472,NLD,PAK,7810
819865,166,168,1314,2002.0,18548.0,8986.0,0.370673,0.7853829999999999,NZL,PAK,7810
819866,167,168,1314,2002.0,162368.0,0.0,-1.307058,-1.270916,OMN,PAK,7810
819867,174,168,1314,2002.0,0.0,1971.0,0.29601,-0.232513,PHL,PAK,7810
819868,188,168,1314,2002.0,310400.0,0.0,0.048764,-0.903125,SAU,PAK,7810
819869,190,168,1314,2002.0,0.0,2779.0,-1.336665,-1.19919,SDN,PAK,7810
819870,192,168,1314,2002.0,358092.0,0.0,1.7077209999999998,0.683549,SGP,PAK,7810
819871,208,168,1314,2002.0,76470.0,0.0,2.134,0.769413,SWE,PAK,7810
819872,216,168,1314,2002.0,251231.0,0.0,0.513887,1.545967,THA,PAK,7810
819873,231,168,1314,2002.0,306025.0,11312.0,1.853174,0.120986,USA,PAK,7810
819874,246,168,1314,2002.0,31290.0,3833.0,0.32760500000000004,2.497746,ZAF,PAK,7810
819875,18,0,1314,2002.0,0.0,10844.0,1.424339,1.372755,BEL,ABW,7810
819876,32,0,1314,2002.0,151814.0,0.0,0.631343,1.249344,BRA,ABW,7810
819877,49,0,1314,2002.0,13519.0,0.0,0.219861,0.45238999999999996,COL,ABW,7810
819878,61,0,1314,2002.0,471000.0,0.0,2.367856,-2.195331,DEU,ABW,7810
819879,71,0,1314,2002.0,403186.0,0.0,1.054108,1.9357349999999998,ESP,ABW,7810
819880,99,0,1314,2002.0,0.0,24295.0,-0.637891,-0.564421,HND,ABW,7810
819881,121,0,1314,2002.0,3758937.0,0.0,1.4172719999999999,0.8763139999999999,KOR,ABW,7810
819882,138,0,1314,2002.0,3516104.0,0.0,1.2677129999999999,0.599314,MEX,ABW,7810
819883,162,0,1314,2002.0,810025.0,3034.0,1.175777,1.667472,NLD,ABW,7810
819884,222,0,1314,2002.0,8811.0,0.0,-0.056315,-0.803537,TTO,ABW,7810
819885,231,0,1314,2002.0,6311532.0,0.0,1.853174,0.120986,USA,ABW,7810
819886,236,0,1314,2002.0,40772.0,284848.0,-0.008877,-0.753486,VEN,ABW,7810
819887,6,3,1314,2002.0,909056.0,47305.0,0.145946,-0.704052,ANT,AIA,7810
819888,39,3,1314,2002.0,19298.0,0.0,0.9672360000000001,1.389981,CAN,AIA,7810
819889,61,3,1314,2002.0,7985.0,0.0,2.367856,-2.195331,DEU,AIA,7810
819890,77,3,1314,2002.0,25360.0,22223.0,1.648526,0.6870430000000001,FRA,AIA,7810
819891,81,3,1314,2002.0,266329.0,105412.0,2.067395,0.7934359999999999,GBR,AIA,7810
819892,99,3,1314,2002.0,0.0,32973.0,-0.637891,-0.564421,HND,AIA,7810
819893,114,3,1314,2002.0,479808.0,0.0,2.7747580000000003,0.43663199999999996,JPN,AIA,7810
819894,115,3,1314,2002.0,0.0,1766.0,-0.100361,-0.502468,KAZ,AIA,7810
819895,120,3,1314,2002.0,10521.0,0.0,0.757789,-0.2968,KNA,AIA,7810
819896,121,3,1314,2002.0,39126.0,0.0,1.4172719999999999,0.8763139999999999,KOR,AIA,7810
819897,228,3,1314,2002.0,0.0,157617.0,0.575372,1.131722,UKR,AIA,7810
819898,231,3,1314,2002.0,449885.0,315905.0,1.853174,0.120986,USA,AIA,7810
819899,234,3,1314,2002.0,0.0,3905.0,-0.268813,-0.67072,VCT,AIA,7810
819900,18,29,1314,2002.0,2117.0,0.0,1.424339,1.372755,BEL,BLZ,7810
819901,33,29,1314,2002.0,0.0,4140.0,0.547024,-0.004036,BRB,BLZ,7810
819902,39,29,1314,2002.0,68590.0,2185.0,0.9672360000000001,1.389981,CAN,BLZ,7810
819903,61,29,1314,2002.0,319625.0,12671.0,2.367856,-2.195331,DEU,BLZ,7810
819904,64,29,1314,2002.0,18873.0,0.0,1.344708,1.321135,DNK,BLZ,7810
819905,77,29,1314,2002.0,4987.0,0.0,1.648526,0.6870430000000001,FRA,BLZ,7810
819906,81,29,1314,2002.0,393564.0,0.0,2.067395,0.7934359999999999,GBR,BLZ,7810
819907,93,29,1314,2002.0,116181.0,40051.0,-0.49913,-0.038079,GTM,BLZ,7810
819908,96,29,1314,2002.0,4469.0,0.0,-1.050604,-0.9015549999999999,GUY,BLZ,7810
819909,99,29,1314,2002.0,20374.0,26943.0,-0.637891,-0.564421,HND,BLZ,7810
819910,111,29,1314,2002.0,7141.0,0.0,1.3944219999999998,1.125362,ITA,BLZ,7810
819911,112,29,1314,2002.0,11155.0,0.0,-0.459541,-0.947443,JAM,BLZ,7810
819912,114,29,1314,2002.0,1098405.0,0.0,2.7747580000000003,0.43663199999999996,JPN,BLZ,7810
819913,121,29,1314,2002.0,21841.0,0.0,1.4172719999999999,0.8763139999999999,KOR,BLZ,7810
819914,138,29,1314,2002.0,199128.0,0.0,1.2677129999999999,0.599314,MEX,BLZ,7810
819915,159,29,1314,2002.0,0.0,5857.0,-1.705991,-1.292926,NGA,BLZ,7810
819916,197,29,1314,2002.0,1127.0,6827.0,-0.258579,-0.096214,SLV,BLZ,7810
819917,208,29,1314,2002.0,2299.0,0.0,2.134,0.769413,SWE,BLZ,7810
819918,228,29,1314,2002.0,2815.0,0.0,0.575372,1.131722,UKR,BLZ,7810
819919,231,29,1314,2002.0,2800282.0,15035.0,1.853174,0.120986,USA,BLZ,7810
819920,249,29,1314,2002.0,1378.0,0.0,1.9084720000000002,1.253714,TWN,BLZ,7810
819921,8,31,1314,2002.0,667041.0,198617.0,0.045376,0.71768,ARG,BOL,7810
819922,15,31,1314,2002.0,15825.0,0.0,1.866997,0.400527,AUT,BOL,7810
819923,18,31,1314,2002.0,82338.0,0.0,1.424339,1.372755,BEL,BOL,7810
819924,32,31,1314,2002.0,856905.0,0.0,0.631343,1.249344,BRA,BOL,7810
819925,39,31,1314,2002.0,3685.0,0.0,0.9672360000000001,1.389981,CAN,BOL,7810
819926,41,31,1314,2002.0,3827.0,0.0,2.205507,0.831836,CHE,BOL,7810
819927,42,31,1314,2002.0,105463.0,16929.0,-0.079201,-0.11449200000000001,CHL,BOL,7810
819928,43,31,1314,2002.0,2687.0,0.0,0.6181220000000001,1.9636759999999998,CHN,BOL,7810
819929,49,31,1314,2002.0,32383.0,0.0,0.219861,0.45238999999999996,COL,BOL,7810
819930,61,31,1314,2002.0,448145.0,0.0,2.367856,-2.195331,DEU,BOL,7810
819931,64,31,1314,2002.0,32209.0,0.0,1.344708,1.321135,DNK,BOL,7810
819932,65,31,1314,2002.0,0.0,14666.0,-0.43339300000000003,-0.378827,DOM,BOL,7810
819933,67,31,1314,2002.0,55242.0,20426.0,-0.973858,-0.8924979999999999,ECU,BOL,7810
819934,71,31,1314,2002.0,1285352.0,0.0,1.054108,1.9357349999999998,ESP,BOL,7810
819935,74,31,1314,2002.0,0.0,3085.0,1.9545119999999998,1.047515,FIN,BOL,7810
819936,77,31,1314,2002.0,348010.0,0.0,1.648526,0.6870430000000001,FRA,BOL,7810
819937,81,31,1314,2002.0,102234.0,0.0,2.067395,0.7934359999999999,GBR,BOL,7810
819938,99,31,1314,2002.0,0.0,2917.0,-0.637891,-0.564421,HND,BOL,7810
819939,104,31,1314,2002.0,88940.0,0.0,0.32974000000000003,2.376477,IND,BOL,7810
819940,111,31,1314,2002.0,55547.0,19404.0,1.3944219999999998,1.125362,ITA,BOL,7810
819941,114,31,1314,2002.0,7885770.0,0.0,2.7747580000000003,0.43663199999999996,JPN,BOL,7810
819942,121,31,1314,2002.0,201846.0,0.0,1.4172719999999999,0.8763139999999999,KOR,BOL,7810
819943,138,31,1314,2002.0,123850.0,0.0,1.2677129999999999,0.599314,MEX,BOL,7810
819944,162,31,1314,2002.0,7841.0,23656.0,1.175777,1.667472,NLD,BOL,7810
819945,169,31,1314,2002.0,58789.0,0.0,0.085746,0.21839,PAN,BOL,7810
819946,173,31,1314,2002.0,41539.0,24017.0,-0.456603,0.030838,PER,BOL,7810
819947,186,31,1314,2002.0,28234.0,0.0,0.6051449999999999,0.272307,RUS,BOL,7810
819948,208,31,1314,2002.0,38020.0,4697.0,2.134,0.769413,SWE,BOL,7810
819949,230,31,1314,2002.0,0.0,15278.0,0.048498,0.118565,URY,BOL,7810
819950,231,31,1314,2002.0,825023.0,232529.0,1.853174,0.120986,USA,BOL,7810
819951,236,31,1314,2002.0,0.0,19060.0,-0.008877,-0.753486,VEN,BOL,7810
819952,250,31,1314,2002.0,27455.0,428336.0,0.5979300000000001,-0.497816,ANS,BOL,7810
819953,6,73,1314,2002.0,57764.0,0.0,0.145946,-0.704052,ANT,ETH,7810
819954,7,73,1314,2002.0,5569690.0,0.0,-0.288838,-0.640049,ARE,ETH,7810
819955,14,73,1314,2002.0,15500.0,0.0,-0.052462,0.759617,AUS,ETH,7810
819956,15,73,1314,2002.0,25326.0,0.0,1.866997,0.400527,AUT,ETH,7810
819957,18,73,1314,2002.0,532991.0,23765.0,1.424339,1.372755,BEL,ETH,7810
819958,22,73,1314,2002.0,0.0,9441.0,-0.9509,-1.113308,BGD,ETH,7810
819959,23,73,1314,2002.0,22291.0,12531.0,0.468058,1.644037,BGR,ETH,7810
819960,32,73,1314,2002.0,160114.0,0.0,0.631343,1.249344,BRA,ETH,7810
819961,39,73,1314,2002.0,92931.0,0.0,0.9672360000000001,1.389981,CAN,ETH,7810
819962,41,73,1314,2002.0,153525.0,0.0,2.205507,0.831836,CHE,ETH,7810
819963,43,73,1314,2002.0,157159.0,0.0,0.6181220000000001,1.9636759999999998,CHN,ETH,7810
819964,61,73,1314,2002.0,2047308.0,0.0,2.367856,-2.195331,DEU,ETH,7810
819965,62,73,1314,2002.0,9508469.0,0.0,-0.03383,-0.014618,DJI,ETH,7810
819966,64,73,1314,2002.0,284570.0,0.0,1.344708,1.321135,DNK,ETH,7810
819967,68,73,1314,2002.0,6726.0,0.0,-0.37218,0.634319,EGY,ETH,7810
819968,71,73,1314,2002.0,102280.0,0.0,1.054108,1.9357349999999998,ESP,ETH,7810
819969,74,73,1314,2002.0,59538.0,0.0,1.9545119999999998,1.047515,FIN,ETH,7810
819970,77,73,1314,2002.0,352730.0,3001.0,1.648526,0.6870430000000001,FRA,ETH,7810
819971,81,73,1314,2002.0,2496862.0,0.0,2.067395,0.7934359999999999,GBR,ETH,7810
819972,90,73,1314,2002.0,103840.0,0.0,0.20355399999999998,1.4130200000000002,GRC,ETH,7810
819973,102,73,1314,2002.0,8109.0,0.0,1.232359,1.064425,HUN,ETH,7810
819974,103,73,1314,2002.0,1117821.0,0.0,0.098182,1.7305840000000001,IDN,ETH,7810
819975,104,73,1314,2002.0,66562.0,0.0,0.32974000000000003,2.376477,IND,ETH,7810
819976,106,73,1314,2002.0,6860.0,0.0,1.7939310000000002,0.219254,IRL,ETH,7810
819977,107,73,1314,2002.0,3374.0,0.0,-0.665259,-0.840274,IRN,ETH,7810
819978,111,73,1314,2002.0,292532.0,6444.0,1.3944219999999998,1.125362,ITA,ETH,7810
819979,113,73,1314,2002.0,15945.0,0.0,0.34023000000000003,0.264754,JOR,ETH,7810
819980,114,73,1314,2002.0,4824444.0,0.0,2.7747580000000003,0.43663199999999996,JPN,ETH,7810
819981,116,73,1314,2002.0,238673.0,40303.0,-0.59055,0.000731,KEN,ETH,7810
819982,121,73,1314,2002.0,353959.0,0.0,1.4172719999999999,0.8763139999999999,KOR,ETH,7810
819983,122,73,1314,2002.0,22628.0,0.0,-0.794007,-1.192659,KWT,ETH,7810
819984,124,73,1314,2002.0,18486.0,0.0,0.220906,1.470297,LBN,ETH,7810
819985,152,73,1314,2002.0,0.0,25421.0,-1.431612,-1.234903,MWI,ETH,7810
819986,157,73,1314,2002.0,43485.0,0.0,-0.562837,-0.333649,NER,ETH,7810
819987,159,73,1314,2002.0,0.0,1404.0,-1.705991,-1.292926,NGA,ETH,7810
819988,162,73,1314,2002.0,616302.0,0.0,1.175777,1.667472,NLD,ETH,7810
819989,163,73,1314,2002.0,67341.0,0.0,0.689588,-0.007016,NOR,ETH,7810
819990,166,73,1314,2002.0,2481.0,0.0,0.370673,0.7853829999999999,NZL,ETH,7810
819991,167,73,1314,2002.0,429453.0,0.0,-1.307058,-1.270916,OMN,ETH,7810
819992,177,73,1314,2002.0,10740.0,0.0,0.9449299999999999,1.655764,POL,ETH,7810
819993,178,73,1314,2002.0,20113.0,0.0,0.629678,1.0153780000000001,PRK,ETH,7810
819994,183,73,1314,2002.0,27063.0,0.0,-0.002177,-1.042517,QAT,ETH,7810
819995,185,73,1314,2002.0,47164.0,0.0,0.549227,1.071998,ROU,ETH,7810
819996,186,73,1314,2002.0,24425.0,0.0,0.6051449999999999,0.272307,RUS,ETH,7810
819997,188,73,1314,2002.0,1034533.0,0.0,0.048764,-0.903125,SAU,ETH,7810
819998,190,73,1314,2002.0,5203.0,0.0,-1.336665,-1.19919,SDN,ETH,7810
