2549999,43,167,9247,2001,3757.0,0.0,0.525171,3.092963,CHN,OMN,848330
2550000,61,167,9247,2001,480597.0,0.0,2.321375,-2.1110990000000003,DEU,OMN,848330
2550001,77,167,9247,2001,2234.0,0.0,1.653507,0.797582,FRA,OMN,848330
2550002,81,167,9247,2001,17843.0,0.0,1.976894,0.685435,GBR,OMN,848330
2550003,104,167,9247,2001,884.0,0.0,0.349744,2.665844,IND,OMN,848330
2550004,106,167,9247,2001,3200.0,0.0,1.664233,0.129983,IRL,OMN,848330
2550005,114,167,9247,2001,2435376.0,0.0,2.585857,0.522663,JPN,OMN,848330
2550006,208,167,9247,2001,6636.0,0.0,2.156845,0.784439,SWE,OMN,848330
2550007,231,167,9247,2001,31015.0,0.0,1.873674,0.168468,USA,OMN,848330
2550008,8,177,9247,2001,0.0,23661.0,0.287698,0.547137,ARG,POL,848330
2550009,14,177,9247,2001,17824.0,840.0,0.29463,0.772375,AUS,POL,848330
2550010,15,177,9247,2001,625411.0,29549.0,1.8571650000000002,0.603191,AUT,POL,848330
2550011,18,177,9247,2001,670482.0,2868009.0,1.4328370000000001,1.408495,BEL,POL,848330
2550012,23,177,9247,2001,0.0,13356.0,0.41425100000000004,1.639866,BGR,POL,848330
2550013,28,177,9247,2001,0.0,21265.0,0.804404,0.936773,BLR,POL,848330
2550014,32,177,9247,2001,62749.0,0.0,0.672496,1.051848,BRA,POL,848330
2550015,39,177,9247,2001,280960.0,8186.0,0.971827,1.105171,CAN,POL,848330
2550016,41,177,9247,2001,61612.0,60890.0,2.227246,0.553956,CHE,POL,848330
2550017,43,177,9247,2001,43230.0,0.0,0.525171,3.092963,CHN,POL,848330
2550018,49,177,9247,2001,0.0,1682.0,0.30412,0.395913,COL,POL,848330
2550019,58,177,9247,2001,0.0,3242.0,0.381251,0.257802,CYP,POL,848330
2550020,59,177,9247,2001,84582.0,115550.0,1.485703,1.109305,CZE,POL,848330
2550021,61,177,9247,2001,24442254.0,6752200.0,2.321375,-2.1110990000000003,DEU,POL,848330
2550022,64,177,9247,2001,1578.0,13856.0,1.261883,1.351875,DNK,POL,848330
2550023,66,177,9247,2001,0.0,5679.0,-0.663363,-1.158295,DZA,POL,848330
2550024,71,177,9247,2001,11571.0,0.0,1.079664,1.9842220000000002,ESP,POL,848330
2550025,74,177,9247,2001,16641.0,21911.0,2.069141,0.9375180000000001,FIN,POL,848330
2550026,77,177,9247,2001,182284.0,25002.0,1.653507,0.797582,FRA,POL,848330
2550027,81,177,9247,2001,74717.0,1826.0,1.976894,0.685435,GBR,POL,848330
2550028,100,177,9247,2001,0.0,10068.0,0.544596,0.969535,HRV,POL,848330
2550029,102,177,9247,2001,124536.0,53877.0,1.102262,1.138016,HUN,POL,848330
2550030,103,177,9247,2001,0.0,79763.0,-0.167771,1.6587889999999998,IDN,POL,848330
2550031,104,177,9247,2001,0.0,2278.0,0.349744,2.665844,IND,POL,848330
2550032,106,177,9247,2001,13468.0,0.0,1.664233,0.129983,IRL,POL,848330
2550033,110,177,9247,2001,7210.0,4798.0,1.374873,0.775594,ISR,POL,848330
2550034,111,177,9247,2001,731606.0,108777.0,1.389926,1.282143,ITA,POL,848330
2550035,114,177,9247,2001,31640.0,0.0,2.585857,0.522663,JPN,POL,848330
2550036,115,177,9247,2001,0.0,24264.0,0.009714,-0.525899,KAZ,POL,848330
2550037,130,177,9247,2001,0.0,14587.0,0.15706900000000001,0.416663,LTU,POL,848330
2550038,131,177,9247,2001,881.0,0.0,1.470895,1.149007,LUX,POL,848330
2550039,132,177,9247,2001,0.0,10332.0,0.404136,0.461009,LVA,POL,848330
2550040,134,177,9247,2001,0.0,47840.0,-0.75275,-0.280397,MAR,POL,848330
2550041,138,177,9247,2001,0.0,10167.0,0.797058,0.713234,MEX,POL,848330
2550042,162,177,9247,2001,97989.0,17367.0,1.315685,1.590935,NLD,POL,848330
2550043,163,177,9247,2001,0.0,140134.0,0.974814,0.06512000000000001,NOR,POL,848330
2550044,166,177,9247,2001,0.0,1796.0,0.521409,0.683134,NZL,POL,848330
2550045,173,177,9247,2001,0.0,33024.0,-0.345519,0.202623,PER,POL,848330
2550046,185,177,9247,2001,0.0,61390.0,0.326733,1.005332,ROU,POL,848330
2550047,186,177,9247,2001,90538.0,53599.0,0.945816,0.35027600000000003,RUS,POL,848330
2550048,189,177,9247,2001,0.0,9446.0,0.45280200000000004,2.469852,SCG,POL,848330
2550049,192,177,9247,2001,0.0,1548.0,1.364239,0.721074,SGP,POL,848330
2550050,206,177,9247,2001,492237.0,39655.0,1.1732770000000001,1.088576,SVK,POL,848330
2550051,207,177,9247,2001,0.0,4537.0,1.5074370000000001,1.1370040000000001,SVN,POL,848330
2550052,208,177,9247,2001,78130.0,169198.0,2.156845,0.784439,SWE,POL,848330
2550053,223,177,9247,2001,0.0,42496.0,-0.162152,0.23939699999999997,TUN,POL,848330
2550054,224,177,9247,2001,6140.0,3890.0,0.188773,1.91451,TUR,POL,848330
2550055,228,177,9247,2001,2548.0,123050.0,0.8376969999999999,0.989059,UKR,POL,848330
2550056,231,177,9247,2001,110284.0,57972.0,1.873674,0.168468,USA,POL,848330
2550057,236,177,9247,2001,0.0,1010.0,0.261158,-0.7397,VEN,POL,848330
2550058,246,177,9247,2001,35958.0,6606.0,0.356842,2.006155,ZAF,POL,848330
2550059,2,179,9247,2001,0.0,43516.0,-1.523823,-1.214093,AGO,PRT,848330
2550060,15,179,9247,2001,97634.0,0.0,1.8571650000000002,0.603191,AUT,PRT,848330
2550061,18,179,9247,2001,945525.0,40788.0,1.4328370000000001,1.408495,BEL,PRT,848330
2550062,32,179,9247,2001,755631.0,1742.0,0.672496,1.051848,BRA,PRT,848330
2550063,39,179,9247,2001,48844.0,0.0,0.971827,1.105171,CAN,PRT,848330
2550064,42,179,9247,2001,5072.0,1516.0,-0.004658,-0.002548,CHL,PRT,848330
2550065,43,179,9247,2001,51591.0,0.0,0.525171,3.092963,CHN,PRT,848330
2550066,51,179,9247,2001,0.0,1286.0,0.063802,-0.456617,CPV,PRT,848330
2550067,61,179,9247,2001,1175591.0,137942.0,2.321375,-2.1110990000000003,DEU,PRT,848330
2550068,66,179,9247,2001,0.0,68533.0,-0.663363,-1.158295,DZA,PRT,848330
2550069,71,179,9247,2001,525158.0,128931.0,1.079664,1.9842220000000002,ESP,PRT,848330
2550070,74,179,9247,2001,9795.0,347920.0,2.069141,0.9375180000000001,FIN,PRT,848330
2550071,77,179,9247,2001,287121.0,197807.0,1.653507,0.797582,FRA,PRT,848330
2550072,81,179,9247,2001,129194.0,0.0,1.976894,0.685435,GBR,PRT,848330
2550073,102,179,9247,2001,6175.0,0.0,1.102262,1.138016,HUN,PRT,848330
2550074,103,179,9247,2001,3487.0,0.0,-0.167771,1.6587889999999998,IDN,PRT,848330
2550075,106,179,9247,2001,0.0,36515.0,1.664233,0.129983,IRL,PRT,848330
2550076,111,179,9247,2001,54420.0,48032.0,1.389926,1.282143,ITA,PRT,848330
2550077,114,179,9247,2001,491507.0,0.0,2.585857,0.522663,JPN,PRT,848330
2550078,121,179,9247,2001,0.0,27804.0,1.145797,1.0762399999999999,KOR,PRT,848330
2550079,124,179,9247,2001,0.0,100146.0,0.165355,0.988008,LBN,PRT,848330
2550080,134,179,9247,2001,0.0,13164.0,-0.75275,-0.280397,MAR,PRT,848330
2550081,138,179,9247,2001,1993.0,2282.0,0.797058,0.713234,MEX,PRT,848330
2550082,147,179,9247,2001,0.0,1503.0,-1.2364879999999998,-1.136715,MOZ,PRT,848330
2550083,162,179,9247,2001,173367.0,5182.0,1.315685,1.590935,NLD,PRT,848330
2550084,166,179,9247,2001,0.0,2967.0,0.521409,0.683134,NZL,PRT,848330
2550085,186,179,9247,2001,0.0,8353.0,0.945816,0.35027600000000003,RUS,PRT,848330
2550086,192,179,9247,2001,1355.0,0.0,1.364239,0.721074,SGP,PRT,848330
2550087,208,179,9247,2001,90628.0,59292.0,2.156845,0.784439,SWE,PRT,848330
2550088,224,179,9247,2001,1078.0,0.0,0.188773,1.91451,TUR,PRT,848330
2550089,231,179,9247,2001,87996.0,56981.0,1.873674,0.168468,USA,PRT,848330
2550090,249,179,9247,2001,10592.0,0.0,1.5731700000000002,1.353159,TWN,PRT,848330
2550091,7,183,9247,2001,4797.0,0.0,-0.193984,-0.457124,ARE,QAT,848330
2550092,18,183,9247,2001,42988.0,0.0,1.4328370000000001,1.408495,BEL,QAT,848330
2550093,61,183,9247,2001,143901.0,0.0,2.321375,-2.1110990000000003,DEU,QAT,848330
2550094,77,183,9247,2001,5456.0,0.0,1.653507,0.797582,FRA,QAT,848330
2550095,81,183,9247,2001,75275.0,0.0,1.976894,0.685435,GBR,QAT,848330
2550096,104,183,9247,2001,699.0,0.0,0.349744,2.665844,IND,QAT,848330
2550097,107,183,9247,2001,0.0,9661.0,-0.7732479999999999,-0.8979370000000001,IRN,QAT,848330
2550098,111,183,9247,2001,885.0,0.0,1.389926,1.282143,ITA,QAT,848330
2550099,113,183,9247,2001,22845.0,0.0,0.375134,0.581558,JOR,QAT,848330
2550100,114,183,9247,2001,306083.0,0.0,2.585857,0.522663,JPN,QAT,848330
2550101,121,183,9247,2001,1178.0,0.0,1.145797,1.0762399999999999,KOR,QAT,848330
2550102,122,183,9247,2001,937.0,0.0,-0.8197,-1.183758,KWT,QAT,848330
2550103,188,183,9247,2001,3248.0,0.0,0.5370550000000001,-0.793469,SAU,QAT,848330
2550104,208,183,9247,2001,1907.0,0.0,2.156845,0.784439,SWE,QAT,848330
2550105,212,183,9247,2001,1345.0,0.0,-1.057217,-0.716331,SYR,QAT,848330
2550106,231,183,9247,2001,123077.0,0.0,1.873674,0.168468,USA,QAT,848330
2550107,7,186,9247,2001,0.0,8322.0,-0.193984,-0.457124,ARE,RUS,848330
2550108,8,186,9247,2001,0.0,9461.0,0.287698,0.547137,ARG,RUS,848330
2550109,9,186,9247,2001,0.0,2198.0,0.834168,0.21458000000000002,ARM,RUS,848330
2550110,15,186,9247,2001,408170.0,1865.0,1.8571650000000002,0.603191,AUT,RUS,848330
2550111,16,186,9247,2001,2611.0,10678.0,-0.6731090000000001,-1.037922,AZE,RUS,848330
2550112,18,186,9247,2001,80659.0,1375.0,1.4328370000000001,1.408495,BEL,RUS,848330
2550113,22,186,9247,2001,0.0,13707.0,-1.0406739999999999,-1.010108,BGD,RUS,848330
2550114,23,186,9247,2001,8627.0,102156.0,0.41425100000000004,1.639866,BGR,RUS,848330
2550115,28,186,9247,2001,21281.0,200931.0,0.804404,0.936773,BLR,RUS,848330
2550116,32,186,9247,2001,1423.0,0.0,0.672496,1.051848,BRA,RUS,848330
2550117,39,186,9247,2001,371941.0,19061.0,0.971827,1.105171,CAN,RUS,848330
2550118,41,186,9247,2001,37621.0,0.0,2.227246,0.553956,CHE,RUS,848330
2550119,42,186,9247,2001,0.0,3685.0,-0.004658,-0.002548,CHL,RUS,848330
2550120,43,186,9247,2001,7983.0,55497.0,0.525171,3.092963,CHN,RUS,848330
2550121,49,186,9247,2001,0.0,6168.0,0.30412,0.395913,COL,RUS,848330
2550122,52,186,9247,2001,0.0,829.0,0.069458,-0.042793,CRI,RUS,848330
2550123,54,186,9247,2001,0.0,242673.0,-0.443391,-0.9599030000000001,CUB,RUS,848330
2550124,58,186,9247,2001,0.0,3182.0,0.381251,0.257802,CYP,RUS,848330
2550125,59,186,9247,2001,281113.0,32062.0,1.485703,1.109305,CZE,RUS,848330
2550126,61,186,9247,2001,1896852.0,50684.0,2.321375,-2.1110990000000003,DEU,RUS,848330
2550127,64,186,9247,2001,14897.0,0.0,1.261883,1.351875,DNK,RUS,848330
2550128,66,186,9247,2001,0.0,9655.0,-0.663363,-1.158295,DZA,RUS,848330
2550129,67,186,9247,2001,0.0,2053.0,-0.852642,-0.896374,ECU,RUS,848330
2550130,68,186,9247,2001,0.0,56538.0,-0.373576,0.366385,EGY,RUS,848330
2550131,71,186,9247,2001,2306.0,6803.0,1.079664,1.9842220000000002,ESP,RUS,848330
2550132,72,186,9247,2001,0.0,30213.0,0.5746829999999999,0.9073899999999999,EST,RUS,848330
2550133,74,186,9247,2001,340981.0,32981.0,2.069141,0.9375180000000001,FIN,RUS,848330
2550134,77,186,9247,2001,299460.0,4618.0,1.653507,0.797582,FRA,RUS,848330
2550135,81,186,9247,2001,10007.0,5694.0,1.976894,0.685435,GBR,RUS,848330
2550136,82,186,9247,2001,2854.0,852.0,0.585568,-0.047744999999999996,GEO,RUS,848330
2550137,85,186,9247,2001,0.0,4030.0,-1.5380340000000001,-1.200083,GIN,RUS,848330
2550138,90,186,9247,2001,0.0,10890.0,0.31387600000000004,1.3614600000000001,GRC,RUS,848330
2550139,100,186,9247,2001,1212.0,0.0,0.544596,0.969535,HRV,RUS,848330
2550140,102,186,9247,2001,18057.0,166236.0,1.102262,1.138016,HUN,RUS,848330
2550141,104,186,9247,2001,0.0,427900.0,0.349744,2.665844,IND,RUS,848330
2550142,107,186,9247,2001,0.0,23499.0,-0.7732479999999999,-0.8979370000000001,IRN,RUS,848330
2550143,108,186,9247,2001,0.0,111305.0,-1.115465,-0.883028,IRQ,RUS,848330
2550144,110,186,9247,2001,0.0,2099.0,1.374873,0.775594,ISR,RUS,848330
2550145,111,186,9247,2001,2857.0,2804.0,1.389926,1.282143,ITA,RUS,848330
2550146,114,186,9247,2001,719003.0,0.0,2.585857,0.522663,JPN,RUS,848330
2550147,115,186,9247,2001,69875.0,1535439.0,0.009714,-0.525899,KAZ,RUS,848330
2550148,117,186,9247,2001,0.0,29040.0,0.23332199999999997,0.256019,KGZ,RUS,848330
2550149,121,186,9247,2001,9495.0,11064.0,1.145797,1.0762399999999999,KOR,RUS,848330
2550150,123,186,9247,2001,0.0,2581.0,-1.298653,-1.164605,LAO,RUS,848330
2550151,126,186,9247,2001,0.0,1961.0,-0.9321459999999999,-1.198124,LBY,RUS,848330
2550152,130,186,9247,2001,2418.0,190278.0,0.15706900000000001,0.416663,LTU,RUS,848330
2550153,131,186,9247,2001,7263.0,0.0,1.470895,1.149007,LUX,RUS,848330
2550154,132,186,9247,2001,1618.0,406525.0,0.404136,0.461009,LVA,RUS,848330
2550155,135,186,9247,2001,3043.0,30941.0,-0.024822,-0.15323399999999998,MDA,RUS,848330
2550156,138,186,9247,2001,0.0,18159.0,0.797058,0.713234,MEX,RUS,848330
2550157,145,186,9247,2001,0.0,36476.0,-0.691001,-0.9284180000000001,MNG,RUS,848330
2550158,162,186,9247,2001,132057.0,18146.0,1.315685,1.590935,NLD,RUS,848330
2550159,163,186,9247,2001,2260.0,0.0,0.974814,0.06512000000000001,NOR,RUS,848330
2550160,166,186,9247,2001,0.0,2184.0,0.521409,0.683134,NZL,RUS,848330
2550161,168,186,9247,2001,0.0,30459.0,-0.8376520000000001,-0.378743,PAK,RUS,848330
2550162,173,186,9247,2001,0.0,3145.0,-0.345519,0.202623,PER,RUS,848330
2550163,177,186,9247,2001,53599.0,90538.0,0.9474540000000001,1.8408220000000002,POL,RUS,848330
2550164,178,186,9247,2001,0.0,8248.0,0.62773,1.010888,PRK,RUS,848330
2550165,179,186,9247,2001,8353.0,0.0,0.482048,1.662123,PRT,RUS,848330
2550166,185,186,9247,2001,0.0,8245.0,0.326733,1.005332,ROU,RUS,848330
2550167,189,186,9247,2001,0.0,9444.0,0.45280200000000004,2.469852,SCG,RUS,848330
2550168,191,186,9247,2001,0.0,3136.0,-0.437779,-0.436654,SEN,RUS,848330
2550169,192,186,9247,2001,28129.0,3027.0,1.364239,0.721074,SGP,RUS,848330
2550170,206,186,9247,2001,58969.0,12569.0,1.1732770000000001,1.088576,SVK,RUS,848330
2550171,207,186,9247,2001,42449.0,0.0,1.5074370000000001,1.1370040000000001,SVN,RUS,848330
2550172,208,186,9247,2001,39036.0,0.0,2.156845,0.784439,SWE,RUS,848330
2550173,212,186,9247,2001,0.0,28911.0,-1.057217,-0.716331,SYR,RUS,848330
2550174,216,186,9247,2001,0.0,39188.0,0.37555900000000003,1.498267,THA,RUS,848330
2550175,217,186,9247,2001,0.0,5511.0,-0.833482,-1.062054,TJK,RUS,848330
2550176,219,186,9247,2001,0.0,20766.0,-1.24627,-1.2760209999999998,TKM,RUS,848330
2550177,224,186,9247,2001,6781.0,8089.0,0.188773,1.91451,TUR,RUS,848330
2550178,228,186,9247,2001,1882249.0,5429110.0,0.8376969999999999,0.989059,UKR,RUS,848330
2550179,231,186,9247,2001,220487.0,11147.0,1.873674,0.168468,USA,RUS,848330
2550180,232,186,9247,2001,4019.0,352253.0,-0.395913,-0.6454449999999999,UZB,RUS,848330
2550181,239,186,9247,2001,0.0,123072.0,-0.6692130000000001,0.610992,VNM,RUS,848330
2550182,243,186,9247,2001,0.0,23462.0,-1.465154,-1.261615,YEM,RUS,848330
2550183,246,186,9247,2001,2799.0,0.0,0.356842,2.006155,ZAF,RUS,848330
2550184,250,186,9247,2001,0.0,3103.0,1.096023,-0.33562600000000004,ANS,RUS,848330
2550185,18,191,9247,2001,52090.0,0.0,1.4328370000000001,1.408495,BEL,SEN,848330
2550186,32,191,9247,2001,0.0,862.0,0.672496,1.051848,BRA,SEN,848330
2550187,41,191,9247,2001,12012.0,0.0,2.227246,0.553956,CHE,SEN,848330
2550188,61,191,9247,2001,59300.0,0.0,2.321375,-2.1110990000000003,DEU,SEN,848330
2550189,64,191,9247,2001,2954.0,0.0,1.261883,1.351875,DNK,SEN,848330
2550190,71,191,9247,2001,13333.0,0.0,1.079664,1.9842220000000002,ESP,SEN,848330
2550191,77,191,9247,2001,180679.0,0.0,1.653507,0.797582,FRA,SEN,848330
2550192,80,191,9247,2001,0.0,1230.0,-1.063007,-1.181284,GAB,SEN,848330
2550193,81,191,9247,2001,13372.0,0.0,1.976894,0.685435,GBR,SEN,848330
2550194,111,191,9247,2001,3045.0,0.0,1.389926,1.282143,ITA,SEN,848330
2550195,114,191,9247,2001,3620.0,0.0,2.585857,0.522663,JPN,SEN,848330
2550196,134,191,9247,2001,2589.0,0.0,-0.75275,-0.280397,MAR,SEN,848330
2550197,141,191,9247,2001,0.0,15506.0,-0.40341,-0.626402,MLI,SEN,848330
2550198,162,191,9247,2001,73352.0,0.0,1.315685,1.590935,NLD,SEN,848330
2550199,186,191,9247,2001,3136.0,0.0,0.945816,0.35027600000000003,RUS,SEN,848330
2550200,208,191,9247,2001,3153.0,0.0,2.156845,0.784439,SWE,SEN,848330
2550201,224,191,9247,2001,17225.0,0.0,0.188773,1.91451,TUR,SEN,848330
2550202,231,191,9247,2001,51949.0,0.0,1.873674,0.168468,USA,SEN,848330
2550203,8,206,9247,2001,0.0,4775.0,0.287698,0.547137,ARG,SVK,848330
2550204,14,206,9247,2001,0.0,1469.0,0.29463,0.772375,AUS,SVK,848330
2550205,15,206,9247,2001,203776.0,735122.0,1.8571650000000002,0.603191,AUT,SVK,848330
2550206,18,206,9247,2001,9557.0,1605.0,1.4328370000000001,1.408495,BEL,SVK,848330
2550207,23,206,9247,2001,0.0,319187.0,0.41425100000000004,1.639866,BGR,SVK,848330
2550208,28,206,9247,2001,0.0,29220.0,0.804404,0.936773,BLR,SVK,848330
2550209,32,206,9247,2001,0.0,11193.0,0.672496,1.051848,BRA,SVK,848330
2550210,39,206,9247,2001,0.0,35821.0,0.971827,1.105171,CAN,SVK,848330
2550211,41,206,9247,2001,5287.0,0.0,2.227246,0.553956,CHE,SVK,848330
2550212,43,206,9247,2001,4931.0,26703.0,0.525171,3.092963,CHN,SVK,848330
2550213,49,206,9247,2001,0.0,1116.0,0.30412,0.395913,COL,SVK,848330
2550214,59,206,9247,2001,1154077.0,2888524.0,1.485703,1.109305,CZE,SVK,848330
2550215,61,206,9247,2001,5226890.0,3883589.0,2.321375,-2.1110990000000003,DEU,SVK,848330
2550216,64,206,9247,2001,5921.0,4095.0,1.261883,1.351875,DNK,SVK,848330
2550217,67,206,9247,2001,0.0,826.0,-0.852642,-0.896374,ECU,SVK,848330
2550218,71,206,9247,2001,186252.0,1975.0,1.079664,1.9842220000000002,ESP,SVK,848330
2550219,74,206,9247,2001,1587.0,76002.0,2.069141,0.9375180000000001,FIN,SVK,848330
2550220,77,206,9247,2001,73098.0,50638.0,1.653507,0.797582,FRA,SVK,848330
2550221,81,206,9247,2001,3766.0,9207.0,1.976894,0.685435,GBR,SVK,848330
2550222,93,206,9247,2001,0.0,575.0,-0.5089520000000001,0.216677,GTM,SVK,848330
2550223,100,206,9247,2001,34942.0,1752.0,0.544596,0.969535,HRV,SVK,848330
2550224,102,206,9247,2001,4441022.0,176348.0,1.102262,1.138016,HUN,SVK,848330
2550225,104,206,9247,2001,0.0,2216.0,0.349744,2.665844,IND,SVK,848330
2550226,106,206,9247,2001,0.0,5690.0,1.664233,0.129983,IRL,SVK,848330
2550227,110,206,9247,2001,20815.0,0.0,1.374873,0.775594,ISR,SVK,848330
2550228,111,206,9247,2001,41332.0,823296.0,1.389926,1.282143,ITA,SVK,848330
2550229,114,206,9247,2001,7844.0,0.0,2.585857,0.522663,JPN,SVK,848330
2550230,115,206,9247,2001,0.0,3345.0,0.009714,-0.525899,KAZ,SVK,848330
2550231,130,206,9247,2001,0.0,3988.0,0.15706900000000001,0.416663,LTU,SVK,848330
2550232,138,206,9247,2001,0.0,4160.0,0.797058,0.713234,MEX,SVK,848330
2550233,162,206,9247,2001,2682.0,152280.0,1.315685,1.590935,NLD,SVK,848330
2550234,163,206,9247,2001,1194.0,789.0,0.974814,0.06512000000000001,NOR,SVK,848330
2550235,166,206,9247,2001,0.0,3841.0,0.521409,0.683134,NZL,SVK,848330
2550236,177,206,9247,2001,39655.0,492237.0,0.9474540000000001,1.8408220000000002,POL,SVK,848330
2550237,185,206,9247,2001,0.0,2508.0,0.326733,1.005332,ROU,SVK,848330
2550238,186,206,9247,2001,12569.0,58969.0,0.945816,0.35027600000000003,RUS,SVK,848330
2550239,189,206,9247,2001,1623.0,4579.0,0.45280200000000004,2.469852,SCG,SVK,848330
2550240,207,206,9247,2001,162747.0,13079.0,1.5074370000000001,1.1370040000000001,SVN,SVK,848330
2550241,208,206,9247,2001,21104.0,84712.0,2.156845,0.784439,SWE,SVK,848330
2550242,223,206,9247,2001,0.0,774.0,-0.162152,0.23939699999999997,TUN,SVK,848330
2550243,224,206,9247,2001,0.0,12313.0,0.188773,1.91451,TUR,SVK,848330
2550244,228,206,9247,2001,0.0,113374.0,0.8376969999999999,0.989059,UKR,SVK,848330
2550245,231,206,9247,2001,33776.0,163855.0,1.873674,0.168468,USA,SVK,848330
2550246,236,206,9247,2001,0.0,1061.0,0.261158,-0.7397,VEN,SVK,848330
2550247,239,206,9247,2001,0.0,6166.0,-0.6692130000000001,0.610992,VNM,SVK,848330
2550248,246,206,9247,2001,0.0,1911.0,0.356842,2.006155,ZAF,SVK,848330
2550249,249,206,9247,2001,503.0,1285.0,1.5731700000000002,1.353159,TWN,SVK,848330
2550250,250,206,9247,2001,1089939.0,0.0,1.096023,-0.33562600000000004,ANS,SVK,848330
2550251,14,223,9247,2001,920.0,0.0,0.29463,0.772375,AUS,TUN,848330
2550252,15,223,9247,2001,94526.0,0.0,1.8571650000000002,0.603191,AUT,TUN,848330
2550253,18,223,9247,2001,802188.0,0.0,1.4328370000000001,1.408495,BEL,TUN,848330
2550254,32,223,9247,2001,55761.0,0.0,0.672496,1.051848,BRA,TUN,848330
2550255,41,223,9247,2001,104621.0,0.0,2.227246,0.553956,CHE,TUN,848330
2550256,43,223,9247,2001,3585.0,0.0,0.525171,3.092963,CHN,TUN,848330
2550257,58,223,9247,2001,2529.0,0.0,0.381251,0.257802,CYP,TUN,848330
2550258,59,223,9247,2001,1216.0,0.0,1.485703,1.109305,CZE,TUN,848330
2550259,61,223,9247,2001,531122.0,0.0,2.321375,-2.1110990000000003,DEU,TUN,848330
2550260,64,223,9247,2001,7602.0,0.0,1.261883,1.351875,DNK,TUN,848330
2550261,66,223,9247,2001,508.0,0.0,-0.663363,-1.158295,DZA,TUN,848330
2550262,68,223,9247,2001,0.0,4972.0,-0.373576,0.366385,EGY,TUN,848330
2550263,71,223,9247,2001,28094.0,0.0,1.079664,1.9842220000000002,ESP,TUN,848330
2550264,77,223,9247,2001,618644.0,0.0,1.653507,0.797582,FRA,TUN,848330
2550265,81,223,9247,2001,104599.0,0.0,1.976894,0.685435,GBR,TUN,848330
2550266,90,223,9247,2001,1045.0,0.0,0.31387600000000004,1.3614600000000001,GRC,TUN,848330
2550267,104,223,9247,2001,2286.0,0.0,0.349744,2.665844,IND,TUN,848330
2550268,108,223,9247,2001,0.0,31889.0,-1.115465,-0.883028,IRQ,TUN,848330
2550269,111,223,9247,2001,12984.0,6310.0,1.389926,1.282143,ITA,TUN,848330
2550270,114,223,9247,2001,65412.0,0.0,2.585857,0.522663,JPN,TUN,848330
2550271,121,223,9247,2001,1299.0,0.0,1.145797,1.0762399999999999,KOR,TUN,848330
2550272,126,223,9247,2001,0.0,2029.0,-0.9321459999999999,-1.198124,LBY,TUN,848330
2550273,131,223,9247,2001,3125.0,0.0,1.470895,1.149007,LUX,TUN,848330
2550274,134,223,9247,2001,0.0,1211.0,-0.75275,-0.280397,MAR,TUN,848330
2550275,162,223,9247,2001,6838.0,1677.0,1.315685,1.590935,NLD,TUN,848330
2550276,177,223,9247,2001,42496.0,0.0,0.9474540000000001,1.8408220000000002,POL,TUN,848330
2550277,206,223,9247,2001,774.0,0.0,1.1732770000000001,1.088576,SVK,TUN,848330
2550278,207,223,9247,2001,18019.0,0.0,1.5074370000000001,1.1370040000000001,SVN,TUN,848330
2550279,208,223,9247,2001,67694.0,0.0,2.156845,0.784439,SWE,TUN,848330
2550280,216,223,9247,2001,1213.0,0.0,0.37555900000000003,1.498267,THA,TUN,848330
2550281,224,223,9247,2001,7595.0,0.0,0.188773,1.91451,TUR,TUN,848330
2550282,231,223,9247,2001,36087.0,0.0,1.873674,0.168468,USA,TUN,848330
2550283,246,223,9247,2001,38002.0,0.0,0.356842,2.006155,ZAF,TUN,848330
2550284,249,223,9247,2001,5774.0,0.0,1.5731700000000002,1.353159,TWN,TUN,848330
2550285,250,223,9247,2001,26898.0,0.0,1.096023,-0.33562600000000004,ANS,TUN,848330
2550286,15,228,9247,2001,82358.0,0.0,1.8571650000000002,0.603191,AUT,UKR,848330
2550287,18,228,9247,2001,29083.0,0.0,1.4328370000000001,1.408495,BEL,UKR,848330
2550288,23,228,9247,2001,12272.0,28101.0,0.41425100000000004,1.639866,BGR,UKR,848330
2550289,28,228,9247,2001,11728.0,132688.0,0.804404,0.936773,BLR,UKR,848330
2550290,32,228,9247,2001,3996.0,0.0,0.672496,1.051848,BRA,UKR,848330
2550291,39,228,9247,2001,1511.0,0.0,0.971827,1.105171,CAN,UKR,848330
2550292,41,228,9247,2001,2066.0,0.0,2.227246,0.553956,CHE,UKR,848330
2550293,43,228,9247,2001,3378.0,3390.0,0.525171,3.092963,CHN,UKR,848330
2550294,54,228,9247,2001,0.0,18217.0,-0.443391,-0.9599030000000001,CUB,UKR,848330
2550295,58,228,9247,2001,2617.0,0.0,0.381251,0.257802,CYP,UKR,848330
2550296,59,228,9247,2001,2245.0,0.0,1.485703,1.109305,CZE,UKR,848330
2550297,61,228,9247,2001,432931.0,0.0,2.321375,-2.1110990000000003,DEU,UKR,848330
2550298,64,228,9247,2001,965.0,0.0,1.261883,1.351875,DNK,UKR,848330
2550299,68,228,9247,2001,0.0,10055.0,-0.373576,0.366385,EGY,UKR,848330
2550300,71,228,9247,2001,3368.0,2047.0,1.079664,1.9842220000000002,ESP,UKR,848330
2550301,72,228,9247,2001,3353.0,8235.0,0.5746829999999999,0.9073899999999999,EST,UKR,848330
2550302,74,228,9247,2001,1248.0,0.0,2.069141,0.9375180000000001,FIN,UKR,848330
2550303,77,228,9247,2001,8177.0,0.0,1.653507,0.797582,FRA,UKR,848330
2550304,81,228,9247,2001,50194.0,0.0,1.976894,0.685435,GBR,UKR,848330
2550305,82,228,9247,2001,0.0,1754.0,0.585568,-0.047744999999999996,GEO,UKR,848330
2550306,102,228,9247,2001,40461.0,6473.0,1.102262,1.138016,HUN,UKR,848330
2550307,104,228,9247,2001,0.0,22954.0,0.349744,2.665844,IND,UKR,848330
2550308,107,228,9247,2001,0.0,11209.0,-0.7732479999999999,-0.8979370000000001,IRN,UKR,848330
2550309,111,228,9247,2001,10718.0,0.0,1.389926,1.282143,ITA,UKR,848330
2550310,114,228,9247,2001,3926.0,0.0,2.585857,0.522663,JPN,UKR,848330
2550311,115,228,9247,2001,0.0,64912.0,0.009714,-0.525899,KAZ,UKR,848330
2550312,117,228,9247,2001,0.0,2578.0,0.23332199999999997,0.256019,KGZ,UKR,848330
2550313,121,228,9247,2001,3974.0,0.0,1.145797,1.0762399999999999,KOR,UKR,848330
2550314,130,228,9247,2001,0.0,31684.0,0.15706900000000001,0.416663,LTU,UKR,848330
2550315,131,228,9247,2001,1408.0,0.0,1.470895,1.149007,LUX,UKR,848330
2550316,132,228,9247,2001,0.0,17174.0,0.404136,0.461009,LVA,UKR,848330
2550317,135,228,9247,2001,0.0,40705.0,-0.024822,-0.15323399999999998,MDA,UKR,848330
2550318,140,228,9247,2001,0.0,1982.0,0.033097,0.43516499999999997,MKD,UKR,848330
2550319,162,228,9247,2001,5377.0,0.0,1.315685,1.590935,NLD,UKR,848330
2550320,163,228,9247,2001,1434.0,0.0,0.974814,0.06512000000000001,NOR,UKR,848330
2550321,177,228,9247,2001,123050.0,2548.0,0.9474540000000001,1.8408220000000002,POL,UKR,848330
2550322,185,228,9247,2001,0.0,913.0,0.326733,1.005332,ROU,UKR,848330
2550323,186,228,9247,2001,5429110.0,1882249.0,0.945816,0.35027600000000003,RUS,UKR,848330
2550324,206,228,9247,2001,113374.0,0.0,1.1732770000000001,1.088576,SVK,UKR,848330
2550325,208,228,9247,2001,2413.0,0.0,2.156845,0.784439,SWE,UKR,848330
2550326,231,228,9247,2001,58077.0,3550.0,1.873674,0.168468,USA,UKR,848330
2550327,232,228,9247,2001,0.0,3083280.0,-0.395913,-0.6454449999999999,UZB,UKR,848330
2550328,246,228,9247,2001,47226.0,0.0,0.356842,2.006155,ZAF,UKR,848330
2550329,249,228,9247,2001,1811.0,0.0,1.5731700000000002,1.353159,TWN,UKR,848330
2550330,2,246,9247,2001,0.0,69227.0,-1.523823,-1.214093,AGO,ZAF,848330
2550331,7,246,9247,2001,2217.0,57275.0,-0.193984,-0.457124,ARE,ZAF,848330
2550332,8,246,9247,2001,0.0,16962.0,0.287698,0.547137,ARG,ZAF,848330
2550333,14,246,9247,2001,693463.0,135406.0,0.29463,0.772375,AUS,ZAF,848330
2550334,15,246,9247,2001,432865.0,3850.0,1.8571650000000002,0.603191,AUT,ZAF,848330
2550335,18,246,9247,2001,465198.0,2659946.0,1.4328370000000001,1.408495,BEL,ZAF,848330
2550336,23,246,9247,2001,0.0,6963.0,0.41425100000000004,1.639866,BGR,ZAF,848330
2550337,32,246,9247,2001,168936.0,12678.0,0.672496,1.051848,BRA,ZAF,848330
2550338,37,246,9247,2001,1255.0,470588.0,-0.42690100000000003,-1.081372,BWA,ZAF,848330
2550339,39,246,9247,2001,18817.0,3138.0,0.971827,1.105171,CAN,ZAF,848330
2550340,41,246,9247,2001,160223.0,21983.0,2.227246,0.553956,CHE,ZAF,848330
2550341,42,246,9247,2001,0.0,3821.0,-0.004658,-0.002548,CHL,ZAF,848330
2550342,43,246,9247,2001,665829.0,0.0,0.525171,3.092963,CHN,ZAF,848330
2550343,46,246,9247,2001,0.0,4847.0,-1.421643,-1.154007,COD,ZAF,848330
2550344,58,246,9247,2001,0.0,2587.0,0.381251,0.257802,CYP,ZAF,848330
2550345,59,246,9247,2001,5176.0,9507.0,1.485703,1.109305,CZE,ZAF,848330
2550346,61,246,9247,2001,4528131.0,137351.0,2.321375,-2.1110990000000003,DEU,ZAF,848330
2550347,64,246,9247,2001,21408.0,0.0,1.261883,1.351875,DNK,ZAF,848330
2550348,66,246,9247,2001,0.0,13282.0,-0.663363,-1.158295,DZA,ZAF,848330
2550349,68,246,9247,2001,1259.0,0.0,-0.373576,0.366385,EGY,ZAF,848330
2550350,71,246,9247,2001,65754.0,48397.0,1.079664,1.9842220000000002,ESP,ZAF,848330
2550351,72,246,9247,2001,0.0,425.0,0.5746829999999999,0.9073899999999999,EST,ZAF,848330
2550352,73,246,9247,2001,0.0,1112.0,-0.999149,-0.904072,ETH,ZAF,848330
2550353,74,246,9247,2001,6633.0,28349.0,2.069141,0.9375180000000001,FIN,ZAF,848330
2550354,77,246,9247,2001,123239.0,116299.0,1.653507,0.797582,FRA,ZAF,848330
2550355,80,246,9247,2001,0.0,1846.0,-1.063007,-1.181284,GAB,ZAF,848330
2550356,81,246,9247,2001,667618.0,257785.0,1.976894,0.685435,GBR,ZAF,848330
2550357,83,246,9247,2001,0.0,8697.0,-0.961067,-0.780449,GHA,ZAF,848330
2550358,90,246,9247,2001,1158.0,3356.0,0.31387600000000004,1.3614600000000001,GRC,ZAF,848330
2550359,93,246,9247,2001,0.0,1514.0,-0.5089520000000001,0.216677,GTM,ZAF,848330
2550360,102,246,9247,2001,1117.0,3814.0,1.102262,1.138016,HUN,ZAF,848330
2550361,103,246,9247,2001,0.0,37730.0,-0.167771,1.6587889999999998,IDN,ZAF,848330
2550362,104,246,9247,2001,145526.0,42536.0,0.349744,2.665844,IND,ZAF,848330
2550363,106,246,9247,2001,4488.0,15553.0,1.664233,0.129983,IRL,ZAF,848330
2550364,109,246,9247,2001,0.0,861.0,0.032382999999999995,-0.51054,ISL,ZAF,848330
2550365,110,246,9247,2001,43661.0,10502.0,1.374873,0.775594,ISR,ZAF,848330
2550366,111,246,9247,2001,56310.0,2224.0,1.389926,1.282143,ITA,ZAF,848330
2550367,114,246,9247,2001,1829161.0,0.0,2.585857,0.522663,JPN,ZAF,848330
2550368,116,246,9247,2001,1636.0,14744.0,-0.529388,0.092271,KEN,ZAF,848330
2550369,121,246,9247,2001,42900.0,1804.0,1.145797,1.0762399999999999,KOR,ZAF,848330
2550370,129,246,9247,2001,0.0,17921.0,-0.786499,-0.7595729999999999,LSO,ZAF,848330
2550371,130,246,9247,2001,0.0,799.0,0.15706900000000001,0.416663,LTU,ZAF,848330
2550372,131,246,9247,2001,1361.0,0.0,1.470895,1.149007,LUX,ZAF,848330
2550373,134,246,9247,2001,0.0,27372.0,-0.75275,-0.280397,MAR,ZAF,848330
2550374,136,246,9247,2001,0.0,11542.0,-1.247531,-0.637093,MDG,ZAF,848330
2550375,138,246,9247,2001,31551.0,258374.0,0.797058,0.713234,MEX,ZAF,848330
2550376,141,246,9247,2001,0.0,48723.0,-0.40341,-0.626402,MLI,ZAF,848330
2550377,147,246,9247,2001,0.0,56695.0,-1.2364879999999998,-1.136715,MOZ,ZAF,848330
2550378,151,246,9247,2001,0.0,7806.0,-0.410422,-0.5868369999999999,MUS,ZAF,848330
2550379,152,246,9247,2001,0.0,46160.0,-1.388716,-1.116315,MWI,ZAF,848330
2550380,153,246,9247,2001,1002.0,7148.0,0.768174,0.307033,MYS,ZAF,848330
2550381,155,246,9247,2001,11345.0,373870.0,-0.625912,-0.854247,NAM,ZAF,848330
2550382,159,246,9247,2001,0.0,891.0,-1.966439,-1.2724520000000001,NGA,ZAF,848330
2550383,162,246,9247,2001,12700.0,2442.0,1.315685,1.590935,NLD,ZAF,848330
2550384,163,246,9247,2001,14269.0,0.0,0.974814,0.06512000000000001,NOR,ZAF,848330
2550385,166,246,9247,2001,4728.0,15960.0,0.521409,0.683134,NZL,ZAF,848330
2550386,173,246,9247,2001,0.0,34234.0,-0.345519,0.202623,PER,ZAF,848330
2550387,177,246,9247,2001,6606.0,35958.0,0.9474540000000001,1.8408220000000002,POL,ZAF,848330
2550388,185,246,9247,2001,21672.0,0.0,0.326733,1.005332,ROU,ZAF,848330
2550389,186,246,9247,2001,0.0,2799.0,0.945816,0.35027600000000003,RUS,ZAF,848330
2550390,188,246,9247,2001,0.0,2429.0,0.5370550000000001,-0.793469,SAU,ZAF,848330
2550391,189,246,9247,2001,0.0,1964.0,0.45280200000000004,2.469852,SCG,ZAF,848330
2550392,192,246,9247,2001,21507.0,0.0,1.364239,0.721074,SGP,ZAF,848330
2550393,206,246,9247,2001,1911.0,0.0,1.1732770000000001,1.088576,SVK,ZAF,848330
2550394,208,246,9247,2001,412388.0,48681.0,2.156845,0.784439,SWE,ZAF,848330
2550395,209,246,9247,2001,182.0,57655.0,0.372699,-0.287132,SWZ,ZAF,848330
2550396,211,246,9247,2001,0.0,1260.0,0.065059,-0.7806489999999999,SYC,ZAF,848330
2550397,216,246,9247,2001,9822.0,10012.0,0.37555900000000003,1.498267,THA,ZAF,848330
2550398,222,246,9247,2001,0.0,1736.0,0.178256,-0.709126,TTO,ZAF,848330
2550399,223,246,9247,2001,0.0,38002.0,-0.162152,0.23939699999999997,TUN,ZAF,848330
2550400,224,246,9247,2001,60250.0,35509.0,0.188773,1.91451,TUR,ZAF,848330
2550401,226,246,9247,2001,764.0,26095.0,-1.193991,-0.49282200000000004,TZA,ZAF,848330
2550402,227,246,9247,2001,0.0,5635.0,-0.9694860000000001,-0.840592,UGA,ZAF,848330
2550403,228,246,9247,2001,0.0,47226.0,0.8376969999999999,0.989059,UKR,ZAF,848330
2550404,230,246,9247,2001,0.0,1794.0,0.36029,0.298869,URY,ZAF,848330
2550405,231,246,9247,2001,1748570.0,39056.0,1.873674,0.168468,USA,ZAF,848330
2550406,247,246,9247,2001,0.0,308163.0,-0.731193,-0.706978,ZMB,ZAF,848330
2550407,248,246,9247,2001,7929.0,382185.0,-0.6321829999999999,-0.453671,ZWE,ZAF,848330
2550408,249,246,9247,2001,258319.0,5760.0,1.5731700000000002,1.353159,TWN,ZAF,848330
2550409,250,246,9247,2001,47390.0,0.0,1.096023,-0.33562600000000004,ANS,ZAF,848330
2550410,18,19,9247,2001,111860.0,0.0,1.4328370000000001,1.408495,BEL,BEN,848330
2550411,61,19,9247,2001,2325.0,0.0,2.321375,-2.1110990000000003,DEU,BEN,848330
2550412,77,19,9247,2001,119739.0,629.0,1.653507,0.797582,FRA,BEN,848330
2550413,111,19,9247,2001,5885.0,0.0,1.389926,1.282143,ITA,BEN,848330
2550414,231,19,9247,2001,7091.0,0.0,1.873674,0.168468,USA,BEN,848330
2550415,18,21,9247,2001,2441.0,0.0,1.4328370000000001,1.408495,BEL,BFA,848330
2550416,44,21,9247,2001,3810.0,0.0,-0.715949,-0.524428,CIV,BFA,848330
2550417,61,21,9247,2001,701.0,0.0,2.321375,-2.1110990000000003,DEU,BFA,848330
2550418,71,21,9247,2001,3503.0,0.0,1.079664,1.9842220000000002,ESP,BFA,848330
2550419,77,21,9247,2001,16671.0,0.0,1.653507,0.797582,FRA,BFA,848330
2550420,111,21,9247,2001,15346.0,0.0,1.389926,1.282143,ITA,BFA,848330
2550421,114,21,9247,2001,5084.0,0.0,2.585857,0.522663,JPN,BFA,848330
2550422,231,21,9247,2001,5841.0,0.0,1.873674,0.168468,USA,BFA,848330
2550423,236,21,9247,2001,7865.0,0.0,0.261158,-0.7397,VEN,BFA,848330
2550424,61,37,9247,2001,1104.0,0.0,2.321375,-2.1110990000000003,DEU,BWA,848330
2550425,81,37,9247,2001,2847.0,0.0,1.976894,0.685435,GBR,BWA,848330
2550426,231,37,9247,2001,28300.0,0.0,1.873674,0.168468,USA,BWA,848330
2550427,246,37,9247,2001,470588.0,1255.0,0.356842,2.006155,ZAF,BWA,848330
2550428,249,37,9247,2001,134.0,0.0,1.5731700000000002,1.353159,TWN,BWA,848330
2550429,7,44,9247,2001,3253.0,0.0,-0.193984,-0.457124,ARE,CIV,848330
2550430,18,44,9247,2001,51604.0,0.0,1.4328370000000001,1.408495,BEL,CIV,848330
2550431,21,44,9247,2001,0.0,3810.0,-0.291485,-0.20803000000000002,BFA,CIV,848330
2550432,32,44,9247,2001,7001.0,0.0,0.672496,1.051848,BRA,CIV,848330
2550433,39,44,9247,2001,14645.0,0.0,0.971827,1.105171,CAN,CIV,848330
2550434,41,44,9247,2001,33549.0,0.0,2.227246,0.553956,CHE,CIV,848330
2550435,61,44,9247,2001,75191.0,0.0,2.321375,-2.1110990000000003,DEU,CIV,848330
2550436,77,44,9247,2001,138622.0,5646.0,1.653507,0.797582,FRA,CIV,848330
2550437,81,44,9247,2001,9185.0,0.0,1.976894,0.685435,GBR,CIV,848330
2550438,104,44,9247,2001,1057.0,0.0,0.349744,2.665844,IND,CIV,848330
2550439,111,44,9247,2001,30996.0,0.0,1.389926,1.282143,ITA,CIV,848330
2550440,114,44,9247,2001,28610.0,0.0,2.585857,0.522663,JPN,CIV,848330
2550441,121,44,9247,2001,7944.0,0.0,1.145797,1.0762399999999999,KOR,CIV,848330
2550442,138,44,9247,2001,1263.0,0.0,0.797058,0.713234,MEX,CIV,848330
2550443,151,44,9247,2001,5959.0,0.0,-0.410422,-0.5868369999999999,MUS,CIV,848330
2550444,153,44,9247,2001,2527.0,0.0,0.768174,0.307033,MYS,CIV,848330
2550445,162,44,9247,2001,23103.0,0.0,1.315685,1.590935,NLD,CIV,848330
2550446,208,44,9247,2001,10344.0,0.0,2.156845,0.784439,SWE,CIV,848330
2550447,214,44,9247,2001,0.0,2754.0,-0.655004,-0.872215,TCD,CIV,848330
2550448,224,44,9247,2001,2063.0,0.0,0.188773,1.91451,TUR,CIV,848330
2550449,231,44,9247,2001,97272.0,0.0,1.873674,0.168468,USA,CIV,848330
2550450,249,44,9247,2001,6774.0,0.0,1.5731700000000002,1.353159,TWN,CIV,848330
2550451,15,45,9247,2001,1685.0,0.0,1.8571650000000002,0.603191,AUT,CMR,848330
2550452,18,45,9247,2001,27596.0,0.0,1.4328370000000001,1.408495,BEL,CMR,848330
2550453,39,45,9247,2001,24370.0,1940.0,0.971827,1.105171,CAN,CMR,848330
2550454,61,45,9247,2001,38009.0,0.0,2.321375,-2.1110990000000003,DEU,CMR,848330
2550455,74,45,9247,2001,1294.0,0.0,2.069141,0.9375180000000001,FIN,CMR,848330
2550456,77,45,9247,2001,38297.0,0.0,1.653507,0.797582,FRA,CMR,848330
2550457,81,45,9247,2001,9446.0,0.0,1.976894,0.685435,GBR,CMR,848330
2550458,111,45,9247,2001,16587.0,0.0,1.389926,1.282143,ITA,CMR,848330
2550459,114,45,9247,2001,14670.0,0.0,2.585857,0.522663,JPN,CMR,848330
2550460,162,45,9247,2001,1860.0,0.0,1.315685,1.590935,NLD,CMR,848330
2550461,208,45,9247,2001,1771.0,0.0,2.156845,0.784439,SWE,CMR,848330
2550462,231,45,9247,2001,28802.0,0.0,1.873674,0.168468,USA,CMR,848330
2550463,250,45,9247,2001,13863.0,0.0,1.096023,-0.33562600000000004,ANS,CMR,848330
2550464,32,51,9247,2001,2632.0,0.0,0.672496,1.051848,BRA,CPV,848330
2550465,43,51,9247,2001,675.0,0.0,0.525171,3.092963,CHN,CPV,848330
2550466,61,51,9247,2001,2848.0,0.0,2.321375,-2.1110990000000003,DEU,CPV,848330
2550467,162,51,9247,2001,1148.0,0.0,1.315685,1.590935,NLD,CPV,848330
2550468,179,51,9247,2001,1286.0,0.0,0.482048,1.662123,PRT,CPV,848330
2550469,249,51,9247,2001,1684.0,0.0,1.5731700000000002,1.353159,TWN,CPV,848330
2550470,15,72,9247,2001,1263.0,0.0,1.8571650000000002,0.603191,AUT,EST,848330
2550471,18,72,9247,2001,19365.0,0.0,1.4328370000000001,1.408495,BEL,EST,848330
2550472,43,72,9247,2001,54783.0,0.0,0.525171,3.092963,CHN,EST,848330
2550473,59,72,9247,2001,984.0,0.0,1.485703,1.109305,CZE,EST,848330
2550474,61,72,9247,2001,211922.0,2750.0,2.321375,-2.1110990000000003,DEU,EST,848330
2550475,64,72,9247,2001,30390.0,0.0,1.261883,1.351875,DNK,EST,848330
2550476,74,72,9247,2001,257204.0,5377.0,2.069141,0.9375180000000001,FIN,EST,848330
2550477,77,72,9247,2001,1849.0,0.0,1.653507,0.797582,FRA,EST,848330
2550478,81,72,9247,2001,1820.0,0.0,1.976894,0.685435,GBR,EST,848330
2550479,111,72,9247,2001,4031.0,0.0,1.389926,1.282143,ITA,EST,848330
2550480,114,72,9247,2001,38016.0,0.0,2.585857,0.522663,JPN,EST,848330
2550481,132,72,9247,2001,1847.0,1854.0,0.404136,0.461009,LVA,EST,848330
2550482,162,72,9247,2001,3881.0,0.0,1.315685,1.590935,NLD,EST,848330
2550483,163,72,9247,2001,0.0,1091.0,0.974814,0.06512000000000001,NOR,EST,848330
2550484,186,72,9247,2001,30213.0,0.0,0.945816,0.35027600000000003,RUS,EST,848330
2550485,208,72,9247,2001,47409.0,25720.0,2.156845,0.784439,SWE,EST,848330
2550486,228,72,9247,2001,8235.0,3353.0,0.8376969999999999,0.989059,UKR,EST,848330
2550487,231,72,9247,2001,2748.0,132012.0,1.873674,0.168468,USA,EST,848330
2550488,246,72,9247,2001,425.0,0.0,0.356842,2.006155,ZAF,EST,848330
2550489,250,72,9247,2001,252056.0,0.0,1.096023,-0.33562600000000004,ANS,EST,848330
2550490,18,80,9247,2001,11882.0,0.0,1.4328370000000001,1.408495,BEL,GAB,848330
2550491,47,80,9247,2001,0.0,2061.0,-1.482788,-1.172,COG,GAB,848330
2550492,61,80,9247,2001,17057.0,0.0,2.321375,-2.1110990000000003,DEU,GAB,848330
2550493,77,80,9247,2001,132628.0,13849.0,1.653507,0.797582,FRA,GAB,848330
2550494,81,80,9247,2001,138875.0,0.0,1.976894,0.685435,GBR,GAB,848330
2550495,111,80,9247,2001,1539.0,0.0,1.389926,1.282143,ITA,GAB,848330
2550496,114,80,9247,2001,64859.0,0.0,2.585857,0.522663,JPN,GAB,848330
2550497,191,80,9247,2001,1230.0,0.0,-0.437779,-0.436654,SEN,GAB,848330
2550498,208,80,9247,2001,1624.0,0.0,2.156845,0.784439,SWE,GAB,848330
2550499,231,80,9247,2001,26355.0,0.0,1.873674,0.168468,USA,GAB,848330
2550500,246,80,9247,2001,1846.0,0.0,0.356842,2.006155,ZAF,GAB,848330
2550501,249,80,9247,2001,7866.0,0.0,1.5731700000000002,1.353159,TWN,GAB,848330
2550502,18,85,9247,2001,6391.0,0.0,1.4328370000000001,1.408495,BEL,GIN,848330
2550503,61,85,9247,2001,81484.0,0.0,2.321375,-2.1110990000000003,DEU,GIN,848330
2550504,64,85,9247,2001,5851.0,0.0,1.261883,1.351875,DNK,GIN,848330
2550505,77,85,9247,2001,215577.0,0.0,1.653507,0.797582,FRA,GIN,848330
2550506,81,85,9247,2001,41472.0,0.0,1.976894,0.685435,GBR,GIN,848330
2550507,121,85,9247,2001,2342.0,0.0,1.145797,1.0762399999999999,KOR,GIN,848330
2550508,186,85,9247,2001,4030.0,0.0,0.945816,0.35027600000000003,RUS,GIN,848330
2550509,231,85,9247,2001,4164.0,0.0,1.873674,0.168468,USA,GIN,848330
2550510,7,102,9247,2001,0.0,873.0,-0.193984,-0.457124,ARE,HUN,848330
2550511,8,102,9247,2001,0.0,1165.0,0.287698,0.547137,ARG,HUN,848330
2550512,14,102,9247,2001,24960.0,2157.0,0.29463,0.772375,AUS,HUN,848330
2550513,15,102,9247,2001,1309120.0,249057.0,1.8571650000000002,0.603191,AUT,HUN,848330
2550514,18,102,9247,2001,171914.0,1951.0,1.4328370000000001,1.408495,BEL,HUN,848330
2550515,23,102,9247,2001,3165.0,10147.0,0.41425100000000004,1.639866,BGR,HUN,848330
2550516,26,102,9247,2001,0.0,1000.0,0.238083,0.362643,BIH,HUN,848330
2550517,28,102,9247,2001,9745.0,29901.0,0.804404,0.936773,BLR,HUN,848330
2550518,32,102,9247,2001,10606.0,2317.0,0.672496,1.051848,BRA,HUN,848330
2550519,39,102,9247,2001,3867.0,5345.0,0.971827,1.105171,CAN,HUN,848330
2550520,41,102,9247,2001,61958.0,176331.0,2.227246,0.553956,CHE,HUN,848330
2550521,43,102,9247,2001,8239.0,60690.0,0.525171,3.092963,CHN,HUN,848330
2550522,54,102,9247,2001,0.0,961.0,-0.443391,-0.9599030000000001,CUB,HUN,848330
2550523,58,102,9247,2001,0.0,831.0,0.381251,0.257802,CYP,HUN,848330
2550524,59,102,9247,2001,22678.0,26069.0,1.485703,1.109305,CZE,HUN,848330
2550525,61,102,9247,2001,8518016.0,1471033.0,2.321375,-2.1110990000000003,DEU,HUN,848330
2550526,64,102,9247,2001,34661.0,9141.0,1.261883,1.351875,DNK,HUN,848330
2550527,68,102,9247,2001,0.0,30912.0,-0.373576,0.366385,EGY,HUN,848330
2550528,71,102,9247,2001,113874.0,0.0,1.079664,1.9842220000000002,ESP,HUN,848330
2550529,74,102,9247,2001,1963.0,14879.0,2.069141,0.9375180000000001,FIN,HUN,848330
2550530,77,102,9247,2001,168383.0,71944.0,1.653507,0.797582,FRA,HUN,848330
2550531,81,102,9247,2001,386294.0,4623.0,1.976894,0.685435,GBR,HUN,848330
2550532,97,102,9247,2001,1393.0,0.0,0.521528,2.3025,HKG,HUN,848330
2550533,100,102,9247,2001,0.0,6449.0,0.544596,0.969535,HRV,HUN,848330
2550534,103,102,9247,2001,0.0,71015.0,-0.167771,1.6587889999999998,IDN,HUN,848330
2550535,104,102,9247,2001,10587.0,1131.0,0.349744,2.665844,IND,HUN,848330
2550536,106,102,9247,2001,57656.0,0.0,1.664233,0.129983,IRL,HUN,848330
2550537,110,102,9247,2001,102184.0,0.0,1.374873,0.775594,ISR,HUN,848330
2550538,111,102,9247,2001,90662.0,6198.0,1.389926,1.282143,ITA,HUN,848330
2550539,112,102,9247,2001,0.0,1852.0,-0.541582,-0.837248,JAM,HUN,848330
2550540,114,102,9247,2001,65643.0,904.0,2.585857,0.522663,JPN,HUN,848330
2550541,115,102,9247,2001,0.0,1481.0,0.009714,-0.525899,KAZ,HUN,848330
2550542,121,102,9247,2001,6613.0,0.0,1.145797,1.0762399999999999,KOR,HUN,848330
2550543,130,102,9247,2001,0.0,3334.0,0.15706900000000001,0.416663,LTU,HUN,848330
2550544,131,102,9247,2001,1711.0,0.0,1.470895,1.149007,LUX,HUN,848330
2550545,135,102,9247,2001,0.0,3096.0,-0.024822,-0.15323399999999998,MDA,HUN,848330
2550546,138,102,9247,2001,3333.0,2831.0,0.797058,0.713234,MEX,HUN,848330
2550547,140,102,9247,2001,0.0,905.0,0.033097,0.43516499999999997,MKD,HUN,848330
2550548,162,102,9247,2001,20844.0,46154.0,1.315685,1.590935,NLD,HUN,848330
2550549,177,102,9247,2001,53877.0,124536.0,0.9474540000000001,1.8408220000000002,POL,HUN,848330
2550550,179,102,9247,2001,0.0,6175.0,0.482048,1.662123,PRT,HUN,848330
2550551,185,102,9247,2001,77533.0,91637.0,0.326733,1.005332,ROU,HUN,848330
2550552,186,102,9247,2001,166236.0,18057.0,0.945816,0.35027600000000003,RUS,HUN,848330
2550553,189,102,9247,2001,62795.0,14965.0,0.45280200000000004,2.469852,SCG,HUN,848330
2550554,206,102,9247,2001,176348.0,4441022.0,1.1732770000000001,1.088576,SVK,HUN,848330
2550555,207,102,9247,2001,948.0,106964.0,1.5074370000000001,1.1370040000000001,SVN,HUN,848330
2550556,208,102,9247,2001,16503.0,9501.0,2.156845,0.784439,SWE,HUN,848330
2550557,219,102,9247,2001,0.0,10000.0,-1.24627,-1.2760209999999998,TKM,HUN,848330
2550558,224,102,9247,2001,11746.0,785.0,0.188773,1.91451,TUR,HUN,848330
2550559,228,102,9247,2001,6473.0,40461.0,0.8376969999999999,0.989059,UKR,HUN,848330
2550560,231,102,9247,2001,355758.0,2978.0,1.873674,0.168468,USA,HUN,848330
2550561,239,102,9247,2001,0.0,4569.0,-0.6692130000000001,0.610992,VNM,HUN,848330
2550562,246,102,9247,2001,3814.0,1117.0,0.356842,2.006155,ZAF,HUN,848330
2550563,249,102,9247,2001,15302.0,10010.0,1.5731700000000002,1.353159,TWN,HUN,848330
2550564,14,128,9247,2001,5147.0,0.0,0.29463,0.772375,AUS,LKA,848330
2550565,39,128,9247,2001,36454.0,0.0,0.971827,1.105171,CAN,LKA,848330
2550566,41,128,9247,2001,4317.0,0.0,2.227246,0.553956,CHE,LKA,848330
2550567,43,128,9247,2001,9803.0,0.0,0.525171,3.092963,CHN,LKA,848330
2550568,61,128,9247,2001,16395.0,0.0,2.321375,-2.1110990000000003,DEU,LKA,848330
2550569,77,128,9247,2001,91637.0,0.0,1.653507,0.797582,FRA,LKA,848330
2550570,81,128,9247,2001,11417.0,1530.0,1.976894,0.685435,GBR,LKA,848330
2550571,104,128,9247,2001,36219.0,0.0,0.349744,2.665844,IND,LKA,848330
2550572,111,128,9247,2001,4399.0,0.0,1.389926,1.282143,ITA,LKA,848330
2550573,114,128,9247,2001,578135.0,0.0,2.585857,0.522663,JPN,LKA,848330
2550574,138,128,9247,2001,2175.0,0.0,0.797058,0.713234,MEX,LKA,848330
2550575,168,128,9247,2001,1531.0,0.0,-0.8376520000000001,-0.378743,PAK,LKA,848330
2550576,192,128,9247,2001,48633.0,0.0,1.364239,0.721074,SGP,LKA,848330
2550577,216,128,9247,2001,10019.0,0.0,0.37555900000000003,1.498267,THA,LKA,848330
2550578,231,128,9247,2001,2560.0,0.0,1.873674,0.168468,USA,LKA,848330
2550579,249,128,9247,2001,7035.0,0.0,1.5731700000000002,1.353159,TWN,LKA,848330
2550580,15,130,9247,2001,1140.0,0.0,1.8571650000000002,0.603191,AUT,LTU,848330
2550581,18,130,9247,2001,116084.0,3386.0,1.4328370000000001,1.408495,BEL,LTU,848330
2550582,23,130,9247,2001,0.0,2399.0,0.41425100000000004,1.639866,BGR,LTU,848330
2550583,28,130,9247,2001,30155.0,1733.0,0.804404,0.936773,BLR,LTU,848330
2550584,43,130,9247,2001,2421.0,0.0,0.525171,3.092963,CHN,LTU,848330
2550585,59,130,9247,2001,9968.0,0.0,1.485703,1.109305,CZE,LTU,848330
2550586,61,130,9247,2001,277426.0,0.0,2.321375,-2.1110990000000003,DEU,LTU,848330
2550587,74,130,9247,2001,8108.0,0.0,2.069141,0.9375180000000001,FIN,LTU,848330
2550588,77,130,9247,2001,4074.0,0.0,1.653507,0.797582,FRA,LTU,848330
2550589,81,130,9247,2001,2228.0,0.0,1.976894,0.685435,GBR,LTU,848330
2550590,102,130,9247,2001,3334.0,0.0,1.102262,1.138016,HUN,LTU,848330
2550591,104,130,9247,2001,0.0,8508.0,0.349744,2.665844,IND,LTU,848330
2550592,110,130,9247,2001,9634.0,0.0,1.374873,0.775594,ISR,LTU,848330
2550593,111,130,9247,2001,9629.0,0.0,1.389926,1.282143,ITA,LTU,848330
2550594,114,130,9247,2001,340.0,0.0,2.585857,0.522663,JPN,LTU,848330
2550595,131,130,9247,2001,1547.0,0.0,1.470895,1.149007,LUX,LTU,848330
2550596,132,130,9247,2001,2289.0,2932.0,0.404136,0.461009,LVA,LTU,848330
2550597,162,130,9247,2001,43215.0,0.0,1.315685,1.590935,NLD,LTU,848330
2550598,168,130,9247,2001,0.0,4740.0,-0.8376520000000001,-0.378743,PAK,LTU,848330
2550599,177,130,9247,2001,14587.0,0.0,0.9474540000000001,1.8408220000000002,POL,LTU,848330
2550600,186,130,9247,2001,190278.0,2418.0,0.945816,0.35027600000000003,RUS,LTU,848330
2550601,206,130,9247,2001,3988.0,0.0,1.1732770000000001,1.088576,SVK,LTU,848330
2550602,207,130,9247,2001,4265.0,0.0,1.5074370000000001,1.1370040000000001,SVN,LTU,848330
2550603,208,130,9247,2001,7304.0,0.0,2.156845,0.784439,SWE,LTU,848330
2550604,228,130,9247,2001,31684.0,0.0,0.8376969999999999,0.989059,UKR,LTU,848330
2550605,231,130,9247,2001,1994.0,0.0,1.873674,0.168468,USA,LTU,848330
2550606,246,130,9247,2001,799.0,0.0,0.356842,2.006155,ZAF,LTU,848330
2550607,8,131,9247,2001,0.0,1499.0,0.287698,0.547137,ARG,LUX,848330
2550608,15,131,9247,2001,71190.0,1844.0,1.8571650000000002,0.603191,AUT,LUX,848330
2550609,18,131,9247,2001,186087.0,26559.0,1.4328370000000001,1.408495,BEL,LUX,848330
2550610,39,131,9247,2001,463007.0,0.0,0.971827,1.105171,CAN,LUX,848330
2550611,41,131,9247,2001,1448.0,1847.0,2.227246,0.553956,CHE,LUX,848330
2550612,59,131,9247,2001,0.0,12395.0,1.485703,1.109305,CZE,LUX,848330
2550613,61,131,9247,2001,393329.0,362652.0,2.321375,-2.1110990000000003,DEU,LUX,848330
2550614,64,131,9247,2001,0.0,9886.0,1.261883,1.351875,DNK,LUX,848330
2550615,71,131,9247,2001,2824.0,3863.0,1.079664,1.9842220000000002,ESP,LUX,848330
2550616,77,131,9247,2001,41474.0,74898.0,1.653507,0.797582,FRA,LUX,848330
2550617,81,131,9247,2001,7319.0,12878.0,1.976894,0.685435,GBR,LUX,848330
2550618,90,131,9247,2001,0.0,3338.0,0.31387600000000004,1.3614600000000001,GRC,LUX,848330
2550619,100,131,9247,2001,0.0,700.0,0.544596,0.969535,HRV,LUX,848330
2550620,102,131,9247,2001,0.0,1711.0,1.102262,1.138016,HUN,LUX,848330
2550621,104,131,9247,2001,0.0,1394.0,0.349744,2.665844,IND,LUX,848330
2550622,106,131,9247,2001,0.0,136.0,1.664233,0.129983,IRL,LUX,848330
2550623,107,131,9247,2001,0.0,10575.0,-0.7732479999999999,-0.8979370000000001,IRN,LUX,848330
2550624,110,131,9247,2001,3029.0,2114.0,1.374873,0.775594,ISR,LUX,848330
2550625,111,131,9247,2001,1917.0,76571.0,1.389926,1.282143,ITA,LUX,848330
2550626,114,131,9247,2001,19361.0,0.0,2.585857,0.522663,JPN,LUX,848330
2550627,122,131,9247,2001,0.0,3023.0,-0.8197,-1.183758,KWT,LUX,848330
2550628,130,131,9247,2001,0.0,1547.0,0.15706900000000001,0.416663,LTU,LUX,848330
2550629,138,131,9247,2001,0.0,6799.0,0.797058,0.713234,MEX,LUX,848330
2550630,162,131,9247,2001,3530.0,21630.0,1.315685,1.590935,NLD,LUX,848330
2550631,177,131,9247,2001,0.0,881.0,0.9474540000000001,1.8408220000000002,POL,LUX,848330
2550632,185,131,9247,2001,0.0,1891.0,0.326733,1.005332,ROU,LUX,848330
2550633,186,131,9247,2001,0.0,7263.0,0.945816,0.35027600000000003,RUS,LUX,848330
2550634,188,131,9247,2001,0.0,3453.0,0.5370550000000001,-0.793469,SAU,LUX,848330
2550635,189,131,9247,2001,0.0,975.0,0.45280200000000004,2.469852,SCG,LUX,848330
2550636,207,131,9247,2001,0.0,992.0,1.5074370000000001,1.1370040000000001,SVN,LUX,848330
2550637,208,131,9247,2001,0.0,2891.0,2.156845,0.784439,SWE,LUX,848330
2550638,223,131,9247,2001,0.0,3125.0,-0.162152,0.23939699999999997,TUN,LUX,848330
2550639,228,131,9247,2001,0.0,1408.0,0.8376969999999999,0.989059,UKR,LUX,848330
2550640,231,131,9247,2001,25043.0,20762.0,1.873674,0.168468,USA,LUX,848330
2550641,246,131,9247,2001,0.0,1361.0,0.356842,2.006155,ZAF,LUX,848330
2550642,14,134,9247,2001,51819.0,0.0,0.29463,0.772375,AUS,MAR,848330
2550643,15,134,9247,2001,46973.0,0.0,1.8571650000000002,0.603191,AUT,MAR,848330
2550644,18,134,9247,2001,965546.0,0.0,1.4328370000000001,1.408495,BEL,MAR,848330
2550645,32,134,9247,2001,13859.0,0.0,0.672496,1.051848,BRA,MAR,848330
2550646,39,134,9247,2001,2943.0,0.0,0.971827,1.105171,CAN,MAR,848330
2550647,41,134,9247,2001,28422.0,0.0,2.227246,0.553956,CHE,MAR,848330
2550648,43,134,9247,2001,30540.0,0.0,0.525171,3.092963,CHN,MAR,848330
2550649,58,134,9247,2001,11909.0,0.0,0.381251,0.257802,CYP,MAR,848330
2550650,61,134,9247,2001,306678.0,0.0,2.321375,-2.1110990000000003,DEU,MAR,848330
2550651,64,134,9247,2001,1685.0,0.0,1.261883,1.351875,DNK,MAR,848330
2550652,71,134,9247,2001,132331.0,0.0,1.079664,1.9842220000000002,ESP,MAR,848330
2550653,74,134,9247,2001,1051.0,0.0,2.069141,0.9375180000000001,FIN,MAR,848330
2550654,77,134,9247,2001,176896.0,32535.0,1.653507,0.797582,FRA,MAR,848330
2550655,81,134,9247,2001,3835.0,0.0,1.976894,0.685435,GBR,MAR,848330
2550656,97,134,9247,2001,7213.0,0.0,0.521528,2.3025,HKG,MAR,848330
2550657,104,134,9247,2001,101469.0,0.0,0.349744,2.665844,IND,MAR,848330
2550658,108,134,9247,2001,0.0,34754.0,-1.115465,-0.883028,IRQ,MAR,848330
2550659,111,134,9247,2001,24322.0,31395.0,1.389926,1.282143,ITA,MAR,848330
2550660,114,134,9247,2001,339542.0,0.0,2.585857,0.522663,JPN,MAR,848330
2550661,121,134,9247,2001,4793.0,0.0,1.145797,1.0762399999999999,KOR,MAR,848330
2550662,162,134,9247,2001,33909.0,0.0,1.315685,1.590935,NLD,MAR,848330
2550663,168,134,9247,2001,2388.0,0.0,-0.8376520000000001,-0.378743,PAK,MAR,848330
2550664,177,134,9247,2001,47840.0,0.0,0.9474540000000001,1.8408220000000002,POL,MAR,848330
2550665,179,134,9247,2001,13164.0,0.0,0.482048,1.662123,PRT,MAR,848330
2550666,188,134,9247,2001,6879.0,0.0,0.5370550000000001,-0.793469,SAU,MAR,848330
2550667,191,134,9247,2001,0.0,2589.0,-0.437779,-0.436654,SEN,MAR,848330
2550668,208,134,9247,2001,8422.0,0.0,2.156845,0.784439,SWE,MAR,848330
2550669,216,134,9247,2001,913.0,0.0,0.37555900000000003,1.498267,THA,MAR,848330
2550670,223,134,9247,2001,1211.0,0.0,-0.162152,0.23939699999999997,TUN,MAR,848330
2550671,224,134,9247,2001,9758.0,0.0,0.188773,1.91451,TUR,MAR,848330
2550672,231,134,9247,2001,13800.0,0.0,1.873674,0.168468,USA,MAR,848330
2550673,246,134,9247,2001,27372.0,0.0,0.356842,2.006155,ZAF,MAR,848330
2550674,249,134,9247,2001,9367.0,0.0,1.5731700000000002,1.353159,TWN,MAR,848330
2550675,250,134,9247,2001,5624.0,1354.0,1.096023,-0.33562600000000004,ANS,MAR,848330
2550676,18,135,9247,2001,9996.0,0.0,1.4328370000000001,1.408495,BEL,MDA,848330
2550677,23,135,9247,2001,0.0,1389.0,0.41425100000000004,1.639866,BGR,MDA,848330
2550678,61,135,9247,2001,36654.0,0.0,2.321375,-2.1110990000000003,DEU,MDA,848330
2550679,102,135,9247,2001,3096.0,0.0,1.102262,1.138016,HUN,MDA,848330
2550680,111,135,9247,2001,1710.0,2030.0,1.389926,1.282143,ITA,MDA,848330
2550681,185,135,9247,2001,2530.0,0.0,0.326733,1.005332,ROU,MDA,848330
2550682,186,135,9247,2001,30941.0,3043.0,0.945816,0.35027600000000003,RUS,MDA,848330
2550683,228,135,9247,2001,40705.0,0.0,0.8376969999999999,0.989059,UKR,MDA,848330
2550684,15,142,9247,2001,12586.0,0.0,1.8571650000000002,0.603191,AUT,MLT,848330
2550685,18,142,9247,2001,10820.0,0.0,1.4328370000000001,1.408495,BEL,MLT,848330
2550686,39,142,9247,2001,7504.0,0.0,0.971827,1.105171,CAN,MLT,848330
2550687,41,142,9247,2001,52019.0,0.0,2.227246,0.553956,CHE,MLT,848330
2550688,43,142,9247,2001,21073.0,0.0,0.525171,3.092963,CHN,MLT,848330
2550689,61,142,9247,2001,62754.0,24905.0,2.321375,-2.1110990000000003,DEU,MLT,848330
2550690,77,142,9247,2001,2003.0,0.0,1.653507,0.797582,FRA,MLT,848330
2550691,81,142,9247,2001,6781.0,4639.0,1.976894,0.685435,GBR,MLT,848330
2550692,111,142,9247,2001,1694.0,0.0,1.389926,1.282143,ITA,MLT,848330
2550693,114,142,9247,2001,326621.0,0.0,2.585857,0.522663,JPN,MLT,848330
2550694,162,142,9247,2001,1572.0,0.0,1.315685,1.590935,NLD,MLT,848330
2550695,208,142,9247,2001,29529.0,0.0,2.156845,0.784439,SWE,MLT,848330
2550696,18,155,9247,2001,8699.0,0.0,1.4328370000000001,1.408495,BEL,NAM,848330
2550697,61,155,9247,2001,85930.0,0.0,2.321375,-2.1110990000000003,DEU,NAM,848330
2550698,81,155,9247,2001,7384.0,0.0,1.976894,0.685435,GBR,NAM,848330
2550699,114,155,9247,2001,6890.0,0.0,2.585857,0.522663,JPN,NAM,848330
2550700,246,155,9247,2001,373870.0,11345.0,0.356842,2.006155,ZAF,NAM,848330
2550701,14,188,9247,2001,194153.0,0.0,0.29463,0.772375,AUS,SAU,848330
2550702,15,188,9247,2001,57898.0,0.0,1.8571650000000002,0.603191,AUT,SAU,848330
2550703,18,188,9247,2001,2700859.0,2523.0,1.4328370000000001,1.408495,BEL,SAU,848330
2550704,32,188,9247,2001,8631.0,0.0,0.672496,1.051848,BRA,SAU,848330
2550705,39,188,9247,2001,14683.0,0.0,0.971827,1.105171,CAN,SAU,848330
2550706,41,188,9247,2001,9663.0,0.0,2.227246,0.553956,CHE,SAU,848330
2550707,43,188,9247,2001,340297.0,0.0,0.525171,3.092963,CHN,SAU,848330
2550708,61,188,9247,2001,1357582.0,378318.0,2.321375,-2.1110990000000003,DEU,SAU,848330
2550709,66,188,9247,2001,0.0,2364.0,-0.663363,-1.158295,DZA,SAU,848330
2550710,71,188,9247,2001,9200.0,0.0,1.079664,1.9842220000000002,ESP,SAU,848330
2550711,73,188,9247,2001,0.0,2185.0,-0.999149,-0.904072,ETH,SAU,848330
2550712,74,188,9247,2001,1481.0,0.0,2.069141,0.9375180000000001,FIN,SAU,848330
2550713,77,188,9247,2001,35225.0,0.0,1.653507,0.797582,FRA,SAU,848330
2550714,81,188,9247,2001,101990.0,96108.0,1.976894,0.685435,GBR,SAU,848330
2550715,107,188,9247,2001,26775.0,0.0,-0.7732479999999999,-0.8979370000000001,IRN,SAU,848330
2550716,111,188,9247,2001,16948.0,0.0,1.389926,1.282143,ITA,SAU,848330
2550717,114,188,9247,2001,8063580.0,0.0,2.585857,0.522663,JPN,SAU,848330
2550718,131,188,9247,2001,3453.0,0.0,1.470895,1.149007,LUX,SAU,848330
2550719,134,188,9247,2001,0.0,6879.0,-0.75275,-0.280397,MAR,SAU,848330
2550720,162,188,9247,2001,22027.0,0.0,1.315685,1.590935,NLD,SAU,848330
2550721,163,188,9247,2001,866.0,0.0,0.974814,0.06512000000000001,NOR,SAU,848330
2550722,166,188,9247,2001,709913.0,0.0,0.521409,0.683134,NZL,SAU,848330
2550723,183,188,9247,2001,0.0,3248.0,-0.46564799999999995,-1.127634,QAT,SAU,848330
2550724,192,188,9247,2001,1452042.0,0.0,1.364239,0.721074,SGP,SAU,848330
2550725,208,188,9247,2001,37865.0,0.0,2.156845,0.784439,SWE,SAU,848330
2550726,216,188,9247,2001,4601.0,0.0,0.37555900000000003,1.498267,THA,SAU,848330
2550727,224,188,9247,2001,11097.0,0.0,0.188773,1.91451,TUR,SAU,848330
2550728,231,188,9247,2001,344879.0,0.0,1.873674,0.168468,USA,SAU,848330
2550729,246,188,9247,2001,2429.0,0.0,0.356842,2.006155,ZAF,SAU,848330
2550730,249,188,9247,2001,27806.0,0.0,1.5731700000000002,1.353159,TWN,SAU,848330
2550731,8,189,9247,2001,0.0,4977.0,0.287698,0.547137,ARG,SCG,848330
2550732,15,189,9247,2001,70112.0,14152.0,1.8571650000000002,0.603191,AUT,SCG,848330
2550733,18,189,9247,2001,131364.0,0.0,1.4328370000000001,1.408495,BEL,SCG,848330
2550734,23,189,9247,2001,2624.0,1026.0,0.41425100000000004,1.639866,BGR,SCG,848330
2550735,26,189,9247,2001,6808.0,77864.0,0.238083,0.362643,BIH,SCG,848330
2550736,28,189,9247,2001,4488.0,0.0,0.804404,0.936773,BLR,SCG,848330
2550737,39,189,9247,2001,11813.0,0.0,0.971827,1.105171,CAN,SCG,848330
2550738,41,189,9247,2001,1791.0,2797.0,2.227246,0.553956,CHE,SCG,848330
2550739,59,189,9247,2001,1319.0,4653.0,1.485703,1.109305,CZE,SCG,848330
2550740,61,189,9247,2001,503004.0,131906.0,2.321375,-2.1110990000000003,DEU,SCG,848330
2550741,64,189,9247,2001,1118.0,0.0,1.261883,1.351875,DNK,SCG,848330
2550742,71,189,9247,2001,1219.0,0.0,1.079664,1.9842220000000002,ESP,SCG,848330
2550743,73,189,9247,2001,0.0,916.0,-0.999149,-0.904072,ETH,SCG,848330
2550744,77,189,9247,2001,4946.0,16601.0,1.653507,0.797582,FRA,SCG,848330
2550745,81,189,9247,2001,12492.0,35487.0,1.976894,0.685435,GBR,SCG,848330
2550746,90,189,9247,2001,0.0,4813.0,0.31387600000000004,1.3614600000000001,GRC,SCG,848330
2550747,100,189,9247,2001,7585.0,25549.0,0.544596,0.969535,HRV,SCG,848330
2550748,102,189,9247,2001,14965.0,62795.0,1.102262,1.138016,HUN,SCG,848330
2550749,104,189,9247,2001,4688.0,0.0,0.349744,2.665844,IND,SCG,848330
2550750,110,189,9247,2001,679.0,0.0,1.374873,0.775594,ISR,SCG,848330
2550751,111,189,9247,2001,16840.0,1125990.0,1.389926,1.282143,ITA,SCG,848330
2550752,114,189,9247,2001,1680.0,0.0,2.585857,0.522663,JPN,SCG,848330
2550753,131,189,9247,2001,975.0,0.0,1.470895,1.149007,LUX,SCG,848330
2550754,138,189,9247,2001,0.0,81654.0,0.797058,0.713234,MEX,SCG,848330
2550755,140,189,9247,2001,7407.0,80350.0,0.033097,0.43516499999999997,MKD,SCG,848330
2550756,162,189,9247,2001,1440.0,0.0,1.315685,1.590935,NLD,SCG,848330
2550757,168,189,9247,2001,0.0,66936.0,-0.8376520000000001,-0.378743,PAK,SCG,848330
2550758,177,189,9247,2001,9446.0,0.0,0.9474540000000001,1.8408220000000002,POL,SCG,848330
2550759,185,189,9247,2001,0.0,8678.0,0.326733,1.005332,ROU,SCG,848330
2550760,186,189,9247,2001,9444.0,0.0,0.945816,0.35027600000000003,RUS,SCG,848330
2550761,192,189,9247,2001,0.0,10245.0,1.364239,0.721074,SGP,SCG,848330
2550762,206,189,9247,2001,4579.0,1623.0,1.1732770000000001,1.088576,SVK,SCG,848330
2550763,207,189,9247,2001,4637.0,26474.0,1.5074370000000001,1.1370040000000001,SVN,SCG,848330
2550764,208,189,9247,2001,21183.0,0.0,2.156845,0.784439,SWE,SCG,848330
2550765,212,189,9247,2001,0.0,4768.0,-1.057217,-0.716331,SYR,SCG,848330
2550766,224,189,9247,2001,8296.0,0.0,0.188773,1.91451,TUR,SCG,848330
2550767,231,189,9247,2001,27215.0,0.0,1.873674,0.168468,USA,SCG,848330
2550768,246,189,9247,2001,1964.0,0.0,0.356842,2.006155,ZAF,SCG,848330
2550769,250,189,9247,2001,1634.0,0.0,1.096023,-0.33562600000000004,ANS,SCG,848330
2550770,77,209,9247,2001,0.0,2071.0,1.653507,0.797582,FRA,SWZ,848330
2550771,96,209,9247,2001,0.0,4034.0,-0.955816,-0.8593069999999999,GUY,SWZ,848330
2550772,104,209,9247,2001,0.0,19399.0,0.349744,2.665844,IND,SWZ,848330
2550773,121,209,9247,2001,0.0,10974.0,1.145797,1.0762399999999999,KOR,SWZ,848330
2550774,138,209,9247,2001,0.0,17325.0,0.797058,0.713234,MEX,SWZ,848330
2550775,153,209,9247,2001,0.0,5967.0,0.768174,0.307033,MYS,SWZ,848330
2550776,246,209,9247,2001,57655.0,182.0,0.356842,2.006155,ZAF,SWZ,848330
2550777,7,226,9247,2001,8383.0,0.0,-0.193984,-0.457124,ARE,TZA,848330
2550778,18,226,9247,2001,5237.0,0.0,1.4328370000000001,1.408495,BEL,TZA,848330
2550779,32,226,9247,2001,1823.0,0.0,0.672496,1.051848,BRA,TZA,848330
2550780,39,226,9247,2001,15836.0,0.0,0.971827,1.105171,CAN,TZA,848330
2550781,41,226,9247,2001,664.0,0.0,2.227246,0.553956,CHE,TZA,848330
2550782,43,226,9247,2001,2806.0,0.0,0.525171,3.092963,CHN,TZA,848330
2550783,61,226,9247,2001,84262.0,0.0,2.321375,-2.1110990000000003,DEU,TZA,848330
2550784,64,226,9247,2001,7067.0,0.0,1.261883,1.351875,DNK,TZA,848330
2550785,74,226,9247,2001,5334.0,0.0,2.069141,0.9375180000000001,FIN,TZA,848330
2550786,77,226,9247,2001,88499.0,0.0,1.653507,0.797582,FRA,TZA,848330
2550787,81,226,9247,2001,20192.0,0.0,1.976894,0.685435,GBR,TZA,848330
2550788,104,226,9247,2001,6107.0,0.0,0.349744,2.665844,IND,TZA,848330
2550789,111,226,9247,2001,11447.0,0.0,1.389926,1.282143,ITA,TZA,848330
2550790,114,226,9247,2001,51354.0,0.0,2.585857,0.522663,JPN,TZA,848330
2550791,162,226,9247,2001,22292.0,0.0,1.315685,1.590935,NLD,TZA,848330
2550792,163,226,9247,2001,981.0,0.0,0.974814,0.06512000000000001,NOR,TZA,848330
2550793,192,226,9247,2001,3020.0,0.0,1.364239,0.721074,SGP,TZA,848330
2550794,208,226,9247,2001,1525.0,0.0,2.156845,0.784439,SWE,TZA,848330
2550795,216,226,9247,2001,2574.0,0.0,0.37555900000000003,1.498267,THA,TZA,848330
2550796,231,226,9247,2001,7863.0,0.0,1.873674,0.168468,USA,TZA,848330
2550797,246,226,9247,2001,26095.0,764.0,0.356842,2.006155,ZAF,TZA,848330
2550798,8,230,9247,2001,271184.0,0.0,0.287698,0.547137,ARG,URY,848330
2550799,18,230,9247,2001,95197.0,0.0,1.4328370000000001,1.408495,BEL,URY,848330
2550800,32,230,9247,2001,243986.0,28812.0,0.672496,1.051848,BRA,URY,848330
2550801,39,230,9247,2001,1588.0,0.0,0.971827,1.105171,CAN,URY,848330
2550802,41,230,9247,2001,33056.0,0.0,2.227246,0.553956,CHE,URY,848330
2550803,43,230,9247,2001,30504.0,0.0,0.525171,3.092963,CHN,URY,848330
2550804,61,230,9247,2001,26503.0,0.0,2.321375,-2.1110990000000003,DEU,URY,848330
2550805,65,230,9247,2001,0.0,618.0,-0.538419,-0.48773900000000003,DOM,URY,848330
2550806,71,230,9247,2001,2096.0,0.0,1.079664,1.9842220000000002,ESP,URY,848330
2550807,74,230,9247,2001,1641.0,0.0,2.069141,0.9375180000000001,FIN,URY,848330
2550808,77,230,9247,2001,17848.0,0.0,1.653507,0.797582,FRA,URY,848330
2550809,81,230,9247,2001,4618.0,0.0,1.976894,0.685435,GBR,URY,848330
2550810,110,230,9247,2001,19367.0,0.0,1.374873,0.775594,ISR,URY,848330
2550811,111,230,9247,2001,30018.0,0.0,1.389926,1.282143,ITA,URY,848330
2550812,114,230,9247,2001,53329.0,0.0,2.585857,0.522663,JPN,URY,848330
2550813,121,230,9247,2001,2832.0,0.0,1.145797,1.0762399999999999,KOR,URY,848330
2550814,138,230,9247,2001,5008.0,0.0,0.797058,0.713234,MEX,URY,848330
2550815,162,230,9247,2001,989.0,0.0,1.315685,1.590935,NLD,URY,848330
2550816,173,230,9247,2001,0.0,2043.0,-0.345519,0.202623,PER,URY,848330
2550817,208,230,9247,2001,3496.0,0.0,2.156845,0.784439,SWE,URY,848330
2550818,224,230,9247,2001,1093.0,0.0,0.188773,1.91451,TUR,URY,848330
2550819,231,230,9247,2001,7771.0,0.0,1.873674,0.168468,USA,URY,848330
2550820,236,230,9247,2001,0.0,1689.0,0.261158,-0.7397,VEN,URY,848330
2550821,246,230,9247,2001,1794.0,0.0,0.356842,2.006155,ZAF,URY,848330
2550822,7,248,9247,2001,8668.0,0.0,-0.193984,-0.457124,ARE,ZWE,848330
2550823,14,248,9247,2001,11293.0,0.0,0.29463,0.772375,AUS,ZWE,848330
2550824,15,248,9247,2001,3012.0,0.0,1.8571650000000002,0.603191,AUT,ZWE,848330
2550825,18,248,9247,2001,36291.0,0.0,1.4328370000000001,1.408495,BEL,ZWE,848330
2550826,39,248,9247,2001,3565.0,0.0,0.971827,1.105171,CAN,ZWE,848330
2550827,41,248,9247,2001,2593.0,0.0,2.227246,0.553956,CHE,ZWE,848330
2550828,43,248,9247,2001,1364.0,0.0,0.525171,3.092963,CHN,ZWE,848330
2550829,61,248,9247,2001,54124.0,0.0,2.321375,-2.1110990000000003,DEU,ZWE,848330
2550830,77,248,9247,2001,5230.0,0.0,1.653507,0.797582,FRA,ZWE,848330
2550831,81,248,9247,2001,5061.0,0.0,1.976894,0.685435,GBR,ZWE,848330
2550832,111,248,9247,2001,9620.0,0.0,1.389926,1.282143,ITA,ZWE,848330
2550833,114,248,9247,2001,4675.0,0.0,2.585857,0.522663,JPN,ZWE,848330
2550834,121,248,9247,2001,2451.0,0.0,1.145797,1.0762399999999999,KOR,ZWE,848330
2550835,159,248,9247,2001,2777.0,0.0,-1.966439,-1.2724520000000001,NGA,ZWE,848330
2550836,162,248,9247,2001,5048.0,0.0,1.315685,1.590935,NLD,ZWE,848330
2550837,192,248,9247,2001,2231.0,0.0,1.364239,0.721074,SGP,ZWE,848330
2550838,208,248,9247,2001,13467.0,0.0,2.156845,0.784439,SWE,ZWE,848330
2550839,231,248,9247,2001,51426.0,0.0,1.873674,0.168468,USA,ZWE,848330
2550840,246,248,9247,2001,382185.0,7929.0,0.356842,2.006155,ZAF,ZWE,848330
2550841,41,13,9247,2001,4543.0,0.0,2.227246,0.553956,CHE,ATG,848330
2550842,61,13,9247,2001,8000.0,0.0,2.321375,-2.1110990000000003,DEU,ATG,848330
2550843,114,13,9247,2001,29210.0,0.0,2.585857,0.522663,JPN,ATG,848330
2550844,166,13,9247,2001,1058.0,0.0,0.521409,0.683134,NZL,ATG,848330
2550845,231,13,9247,2001,24289.0,0.0,1.873674,0.168468,USA,ATG,848330
2550846,81,120,9247,2001,1208.0,0.0,1.976894,0.685435,GBR,KNA,848330
2550847,231,120,9247,2001,2705.0,8083.0,1.873674,0.168468,USA,KNA,848330
2550848,8,7,9247,2001,4636.0,0.0,0.287698,0.547137,ARG,ARE,848330
2550849,14,7,9247,2001,565595.0,0.0,0.29463,0.772375,AUS,ARE,848330
2550850,15,7,9247,2001,315111.0,0.0,1.8571650000000002,0.603191,AUT,ARE,848330
2550851,17,7,9247,2001,0.0,678.0,-0.554955,-0.755333,BDI,ARE,848330
2550852,18,7,9247,2001,2177161.0,1209.0,1.4328370000000001,1.408495,BEL,ARE,848330
2550853,22,7,9247,2001,0.0,18822.0,-1.0406739999999999,-1.010108,BGD,ARE,848330
2550854,32,7,9247,2001,1025961.0,0.0,0.672496,1.051848,BRA,ARE,848330
2550855,39,7,9247,2001,340779.0,0.0,0.971827,1.105171,CAN,ARE,848330
2550856,41,7,9247,2001,5498.0,0.0,2.227246,0.553956,CHE,ARE,848330
2550857,43,7,9247,2001,383360.0,0.0,0.525171,3.092963,CHN,ARE,848330
2550858,44,7,9247,2001,0.0,3253.0,-0.715949,-0.524428,CIV,ARE,848330
2550859,61,7,9247,2001,8370955.0,3383.0,2.321375,-2.1110990000000003,DEU,ARE,848330
2550860,66,7,9247,2001,0.0,26689.0,-0.663363,-1.158295,DZA,ARE,848330
2550861,68,7,9247,2001,0.0,17719.0,-0.373576,0.366385,EGY,ARE,848330
2550862,71,7,9247,2001,14874.0,0.0,1.079664,1.9842220000000002,ESP,ARE,848330
2550863,73,7,9247,2001,0.0,52877.0,-0.999149,-0.904072,ETH,ARE,848330
2550864,74,7,9247,2001,1840.0,0.0,2.069141,0.9375180000000001,FIN,ARE,848330
2550865,77,7,9247,2001,159362.0,0.0,1.653507,0.797582,FRA,ARE,848330
2550866,81,7,9247,2001,162275.0,0.0,1.976894,0.685435,GBR,ARE,848330
2550867,97,7,9247,2001,0.0,9234.0,0.521528,2.3025,HKG,ARE,848330
2550868,102,7,9247,2001,873.0,0.0,1.102262,1.138016,HUN,ARE,848330
2550869,104,7,9247,2001,243354.0,17263.0,0.349744,2.665844,IND,ARE,848330
2550870,107,7,9247,2001,36135.0,1573424.0,-0.7732479999999999,-0.8979370000000001,IRN,ARE,848330
2550871,111,7,9247,2001,101549.0,0.0,1.389926,1.282143,ITA,ARE,848330
2550872,114,7,9247,2001,14260749.0,2711.0,2.585857,0.522663,JPN,ARE,848330
2550873,115,7,9247,2001,0.0,8999.0,0.009714,-0.525899,KAZ,ARE,848330
2550874,116,7,9247,2001,0.0,48707.0,-0.529388,0.092271,KEN,ARE,848330
2550875,117,7,9247,2001,0.0,6222.0,0.23332199999999997,0.256019,KGZ,ARE,848330
2550876,121,7,9247,2001,89752.0,0.0,1.145797,1.0762399999999999,KOR,ARE,848330
2550877,138,7,9247,2001,16014.0,0.0,0.797058,0.713234,MEX,ARE,848330
2550878,152,7,9247,2001,0.0,969.0,-1.388716,-1.116315,MWI,ARE,848330
2550879,153,7,9247,2001,10842.0,0.0,0.768174,0.307033,MYS,ARE,848330
2550880,159,7,9247,2001,0.0,111334.0,-1.966439,-1.2724520000000001,NGA,ARE,848330
2550881,162,7,9247,2001,45635.0,0.0,1.315685,1.590935,NLD,ARE,848330
2550882,183,7,9247,2001,0.0,4797.0,-0.46564799999999995,-1.127634,QAT,ARE,848330
2550883,185,7,9247,2001,22351.0,0.0,0.326733,1.005332,ROU,ARE,848330
2550884,186,7,9247,2001,8322.0,0.0,0.945816,0.35027600000000003,RUS,ARE,848330
2550885,187,7,9247,2001,0.0,1272.0,-1.260879,-0.861347,RWA,ARE,848330
2550886,192,7,9247,2001,543784.0,0.0,1.364239,0.721074,SGP,ARE,848330
2550887,208,7,9247,2001,124715.0,0.0,2.156845,0.784439,SWE,ARE,848330
2550888,211,7,9247,2001,0.0,2638.0,0.065059,-0.7806489999999999,SYC,ARE,848330
2550889,216,7,9247,2001,18304.0,5902.0,0.37555900000000003,1.498267,THA,ARE,848330
2550890,224,7,9247,2001,24306.0,17284.0,0.188773,1.91451,TUR,ARE,848330
2550891,226,7,9247,2001,0.0,8383.0,-1.193991,-0.49282200000000004,TZA,ARE,848330
2550892,227,7,9247,2001,0.0,2237.0,-0.9694860000000001,-0.840592,UGA,ARE,848330
2550893,231,7,9247,2001,355333.0,0.0,1.873674,0.168468,USA,ARE,848330
2550894,246,7,9247,2001,57275.0,2217.0,0.356842,2.006155,ZAF,ARE,848330
2550895,248,7,9247,2001,0.0,8668.0,-0.6321829999999999,-0.453671,ZWE,ARE,848330
2550896,249,7,9247,2001,110269.0,0.0,1.5731700000000002,1.353159,TWN,ARE,848330
2550897,14,58,9247,2001,8173.0,0.0,0.29463,0.772375,AUS,CYP,848330
2550898,15,58,9247,2001,15533.0,0.0,1.8571650000000002,0.603191,AUT,CYP,848330
2550899,18,58,9247,2001,13005.0,0.0,1.4328370000000001,1.408495,BEL,CYP,848330
2550900,28,58,9247,2001,0.0,2004.0,0.804404,0.936773,BLR,CYP,848330
2550901,39,58,9247,2001,2293.0,0.0,0.971827,1.105171,CAN,CYP,848330
2550902,41,58,9247,2001,108072.0,0.0,2.227246,0.553956,CHE,CYP,848330
2550903,43,58,9247,2001,1402.0,0.0,0.525171,3.092963,CHN,CYP,848330
2550904,61,58,9247,2001,193989.0,0.0,2.321375,-2.1110990000000003,DEU,CYP,848330
2550905,64,58,9247,2001,1663.0,0.0,1.261883,1.351875,DNK,CYP,848330
2550906,68,58,9247,2001,0.0,1329.0,-0.373576,0.366385,EGY,CYP,848330
2550907,74,58,9247,2001,1715.0,0.0,2.069141,0.9375180000000001,FIN,CYP,848330
2550908,77,58,9247,2001,9047.0,0.0,1.653507,0.797582,FRA,CYP,848330
2550909,81,58,9247,2001,22516.0,0.0,1.976894,0.685435,GBR,CYP,848330
2550910,90,58,9247,2001,1987.0,0.0,0.31387600000000004,1.3614600000000001,GRC,CYP,848330
2550911,102,58,9247,2001,831.0,0.0,1.102262,1.138016,HUN,CYP,848330
2550912,107,58,9247,2001,0.0,41542.0,-0.7732479999999999,-0.8979370000000001,IRN,CYP,848330
2550913,110,58,9247,2001,1661.0,0.0,1.374873,0.775594,ISR,CYP,848330
2550914,111,58,9247,2001,11330.0,0.0,1.389926,1.282143,ITA,CYP,848330
2550915,114,58,9247,2001,519412.0,0.0,2.585857,0.522663,JPN,CYP,848330
2550916,121,58,9247,2001,1151.0,0.0,1.145797,1.0762399999999999,KOR,CYP,848330
2550917,134,58,9247,2001,0.0,11909.0,-0.75275,-0.280397,MAR,CYP,848330
2550918,162,58,9247,2001,7202.0,0.0,1.315685,1.590935,NLD,CYP,848330
2550919,177,58,9247,2001,3242.0,0.0,0.9474540000000001,1.8408220000000002,POL,CYP,848330
2550920,186,58,9247,2001,3182.0,0.0,0.945816,0.35027600000000003,RUS,CYP,848330
2550921,192,58,9247,2001,1098.0,0.0,1.364239,0.721074,SGP,CYP,848330
2550922,208,58,9247,2001,4888.0,0.0,2.156845,0.784439,SWE,CYP,848330
2550923,223,58,9247,2001,0.0,2529.0,-0.162152,0.23939699999999997,TUN,CYP,848330
2550924,224,58,9247,2001,9107.0,0.0,0.188773,1.91451,TUR,CYP,848330
2550925,228,58,9247,2001,0.0,2617.0,0.8376969999999999,0.989059,UKR,CYP,848330
2550926,231,58,9247,2001,17880.0,0.0,1.873674,0.168468,USA,CYP,848330
2550927,246,58,9247,2001,2587.0,0.0,0.356842,2.006155,ZAF,CYP,848330
2550928,249,58,9247,2001,4331.0,0.0,1.5731700000000002,1.353159,TWN,CYP,848330
2550929,5,66,9247,2001,12175.0,0.0,1.049415,0.860241,AND,DZA,848330
2550930,7,66,9247,2001,26689.0,0.0,-0.193984,-0.457124,ARE,DZA,848330
2550931,8,66,9247,2001,40307.0,0.0,0.287698,0.547137,ARG,DZA,848330
2550932,14,66,9247,2001,12277.0,0.0,0.29463,0.772375,AUS,DZA,848330
2550933,15,66,9247,2001,183302.0,0.0,1.8571650000000002,0.603191,AUT,DZA,848330
2550934,18,66,9247,2001,261163.0,0.0,1.4328370000000001,1.408495,BEL,DZA,848330
2550935,23,66,9247,2001,18118.0,0.0,0.41425100000000004,1.639866,BGR,DZA,848330
2550936,32,66,9247,2001,82196.0,0.0,0.672496,1.051848,BRA,DZA,848330
2550937,39,66,9247,2001,1214.0,0.0,0.971827,1.105171,CAN,DZA,848330
2550938,41,66,9247,2001,51934.0,0.0,2.227246,0.553956,CHE,DZA,848330
2550939,43,66,9247,2001,67971.0,0.0,0.525171,3.092963,CHN,DZA,848330
2550940,59,66,9247,2001,1517.0,0.0,1.485703,1.109305,CZE,DZA,848330
2550941,61,66,9247,2001,1674919.0,0.0,2.321375,-2.1110990000000003,DEU,DZA,848330
2550942,64,66,9247,2001,49428.0,0.0,1.261883,1.351875,DNK,DZA,848330
2550943,71,66,9247,2001,1014302.0,0.0,1.079664,1.9842220000000002,ESP,DZA,848330
2550944,77,66,9247,2001,1404007.0,2844.0,1.653507,0.797582,FRA,DZA,848330
2550945,81,66,9247,2001,1576.0,6025.0,1.976894,0.685435,GBR,DZA,848330
2550946,90,66,9247,2001,1691.0,0.0,0.31387600000000004,1.3614600000000001,GRC,DZA,848330
2550947,104,66,9247,2001,20915.0,0.0,0.349744,2.665844,IND,DZA,848330
2550948,106,66,9247,2001,46868.0,0.0,1.664233,0.129983,IRL,DZA,848330
2550949,108,66,9247,2001,0.0,14008.0,-1.115465,-0.883028,IRQ,DZA,848330
2550950,111,66,9247,2001,30882.0,11885.0,1.389926,1.282143,ITA,DZA,848330
2550951,113,66,9247,2001,0.0,794.0,0.375134,0.581558,JOR,DZA,848330
2550952,114,66,9247,2001,462268.0,0.0,2.585857,0.522663,JPN,DZA,848330
2550953,121,66,9247,2001,25067.0,0.0,1.145797,1.0762399999999999,KOR,DZA,848330
2550954,153,66,9247,2001,8326.0,0.0,0.768174,0.307033,MYS,DZA,848330
2550955,162,66,9247,2001,180323.0,0.0,1.315685,1.590935,NLD,DZA,848330
2550956,177,66,9247,2001,5679.0,0.0,0.9474540000000001,1.8408220000000002,POL,DZA,848330
2550957,179,66,9247,2001,68533.0,0.0,0.482048,1.662123,PRT,DZA,848330
2550958,186,66,9247,2001,9655.0,0.0,0.945816,0.35027600000000003,RUS,DZA,848330
2550959,188,66,9247,2001,2364.0,0.0,0.5370550000000001,-0.793469,SAU,DZA,848330
2550960,208,66,9247,2001,26474.0,0.0,2.156845,0.784439,SWE,DZA,848330
2550961,212,66,9247,2001,1358.0,0.0,-1.057217,-0.716331,SYR,DZA,848330
2550962,216,66,9247,2001,18933.0,0.0,0.37555900000000003,1.498267,THA,DZA,848330
2550963,217,66,9247,2001,1235.0,0.0,-0.833482,-1.062054,TJK,DZA,848330
2550964,223,66,9247,2001,0.0,508.0,-0.162152,0.23939699999999997,TUN,DZA,848330
2550965,224,66,9247,2001,56366.0,0.0,0.188773,1.91451,TUR,DZA,848330
2550966,231,66,9247,2001,226657.0,3481.0,1.873674,0.168468,USA,DZA,848330
2550967,246,66,9247,2001,13282.0,0.0,0.356842,2.006155,ZAF,DZA,848330
2550968,249,66,9247,2001,132143.0,0.0,1.5731700000000002,1.353159,TWN,DZA,848330
2550969,250,66,9247,2001,12033.0,0.0,1.096023,-0.33562600000000004,ANS,DZA,848330
2550970,15,100,9247,2001,386608.0,163063.0,1.8571650000000002,0.603191,AUT,HRV,848330
2550971,18,100,9247,2001,169050.0,0.0,1.4328370000000001,1.408495,BEL,HRV,848330
2550972,26,100,9247,2001,4539.0,72894.0,0.238083,0.362643,BIH,HRV,848330
2550973,39,100,9247,2001,10229.0,0.0,0.971827,1.105171,CAN,HRV,848330
2550974,41,100,9247,2001,78021.0,3738.0,2.227246,0.553956,CHE,HRV,848330
2550975,43,100,9247,2001,1682.0,0.0,0.525171,3.092963,CHN,HRV,848330
2550976,59,100,9247,2001,3313.0,0.0,1.485703,1.109305,CZE,HRV,848330
2550977,61,100,9247,2001,622741.0,109369.0,2.321375,-2.1110990000000003,DEU,HRV,848330
2550978,64,100,9247,2001,3863.0,975.0,1.261883,1.351875,DNK,HRV,848330
2550979,68,100,9247,2001,0.0,3932.0,-0.373576,0.366385,EGY,HRV,848330
2550980,74,100,9247,2001,8421.0,0.0,2.069141,0.9375180000000001,FIN,HRV,848330
2550981,77,100,9247,2001,11514.0,2549.0,1.653507,0.797582,FRA,HRV,848330
2550982,81,100,9247,2001,7603.0,0.0,1.976894,0.685435,GBR,HRV,848330
2550983,102,100,9247,2001,6449.0,0.0,1.102262,1.138016,HUN,HRV,848330
2550984,106,100,9247,2001,2410.0,0.0,1.664233,0.129983,IRL,HRV,848330
2550985,107,100,9247,2001,0.0,42293.0,-0.7732479999999999,-0.8979370000000001,IRN,HRV,848330
2550986,110,100,9247,2001,730.0,0.0,1.374873,0.775594,ISR,HRV,848330
2550987,111,100,9247,2001,44096.0,102534.0,1.389926,1.282143,ITA,HRV,848330
2550988,114,100,9247,2001,4795.0,0.0,2.585857,0.522663,JPN,HRV,848330
2550989,121,100,9247,2001,796.0,0.0,1.145797,1.0762399999999999,KOR,HRV,848330
2550990,131,100,9247,2001,700.0,0.0,1.470895,1.149007,LUX,HRV,848330
2550991,140,100,9247,2001,5321.0,0.0,0.033097,0.43516499999999997,MKD,HRV,848330
2550992,162,100,9247,2001,9286.0,34025.0,1.315685,1.590935,NLD,HRV,848330
2550993,163,100,9247,2001,1793.0,0.0,0.974814,0.06512000000000001,NOR,HRV,848330
2550994,177,100,9247,2001,10068.0,0.0,0.9474540000000001,1.8408220000000002,POL,HRV,848330
2550995,185,100,9247,2001,1339.0,0.0,0.326733,1.005332,ROU,HRV,848330
2550996,186,100,9247,2001,0.0,1212.0,0.945816,0.35027600000000003,RUS,HRV,848330
2550997,189,100,9247,2001,25549.0,7585.0,0.45280200000000004,2.469852,SCG,HRV,848330
2550998,206,100,9247,2001,1752.0,34942.0,1.1732770000000001,1.088576,SVK,HRV,848330
2550999,207,100,9247,2001,237506.0,236738.0,1.5074370000000001,1.1370040000000001,SVN,HRV,848330
2551000,208,100,9247,2001,49392.0,0.0,2.156845,0.784439,SWE,HRV,848330
2551001,224,100,9247,2001,25565.0,0.0,0.188773,1.91451,TUR,HRV,848330
2551002,231,100,9247,2001,931736.0,0.0,1.873674,0.168468,USA,HRV,848330
2551003,249,100,9247,2001,1490.0,0.0,1.5731700000000002,1.353159,TWN,HRV,848330
2551004,18,122,9247,2001,121987.0,0.0,1.4328370000000001,1.408495,BEL,KWT,848330
2551005,32,122,9247,2001,4175.0,0.0,0.672496,1.051848,BRA,KWT,848330
2551006,39,122,9247,2001,8892.0,0.0,0.971827,1.105171,CAN,KWT,848330
2551007,41,122,9247,2001,4192.0,0.0,2.227246,0.553956,CHE,KWT,848330
2551008,43,122,9247,2001,3049.0,0.0,0.525171,3.092963,CHN,KWT,848330
2551009,61,122,9247,2001,131980.0,0.0,2.321375,-2.1110990000000003,DEU,KWT,848330
2551010,77,122,9247,2001,5889.0,0.0,1.653507,0.797582,FRA,KWT,848330
2551011,81,122,9247,2001,14674.0,0.0,1.976894,0.685435,GBR,KWT,848330
2551012,104,122,9247,2001,55252.0,0.0,0.349744,2.665844,IND,KWT,848330
2551013,111,122,9247,2001,2550.0,0.0,1.389926,1.282143,ITA,KWT,848330
2551014,114,122,9247,2001,1229460.0,0.0,2.585857,0.522663,JPN,KWT,848330
2551015,131,122,9247,2001,3023.0,0.0,1.470895,1.149007,LUX,KWT,848330
2551016,162,122,9247,2001,16842.0,0.0,1.315685,1.590935,NLD,KWT,848330
2551017,183,122,9247,2001,0.0,937.0,-0.46564799999999995,-1.127634,QAT,KWT,848330
2551018,208,122,9247,2001,1525.0,0.0,2.156845,0.784439,SWE,KWT,848330
2551019,231,122,9247,2001,118983.0,0.0,1.873674,0.168468,USA,KWT,848330
2551020,249,122,9247,2001,3369.0,0.0,1.5731700000000002,1.353159,TWN,KWT,848330
2551021,15,140,9247,2001,5368.0,0.0,1.8571650000000002,0.603191,AUT,MKD,848330
2551022,32,140,9247,2001,3221.0,0.0,0.672496,1.051848,BRA,MKD,848330
2551023,61,140,9247,2001,49097.0,0.0,2.321375,-2.1110990000000003,DEU,MKD,848330
2551024,77,140,9247,2001,1125.0,0.0,1.653507,0.797582,FRA,MKD,848330
2551025,90,140,9247,2001,1754.0,0.0,0.31387600000000004,1.3614600000000001,GRC,MKD,848330
2551026,100,140,9247,2001,0.0,5321.0,0.544596,0.969535,HRV,MKD,848330
2551027,102,140,9247,2001,905.0,0.0,1.102262,1.138016,HUN,MKD,848330
2551028,104,140,9247,2001,1819.0,0.0,0.349744,2.665844,IND,MKD,848330
2551029,111,140,9247,2001,8660.0,33225.0,1.389926,1.282143,ITA,MKD,848330
2551030,121,140,9247,2001,577.0,0.0,1.145797,1.0762399999999999,KOR,MKD,848330
2551031,189,140,9247,2001,80350.0,7407.0,0.45280200000000004,2.469852,SCG,MKD,848330
2551032,207,140,9247,2001,3063.0,5570.0,1.5074370000000001,1.1370040000000001,SVN,MKD,848330
2551033,208,140,9247,2001,7356.0,0.0,2.156845,0.784439,SWE,MKD,848330
2551034,224,140,9247,2001,21593.0,5014.0,0.188773,1.91451,TUR,MKD,848330
2551035,228,140,9247,2001,1982.0,0.0,0.8376969999999999,0.989059,UKR,MKD,848330
2551036,61,178,9247,2001,17000.0,1603.0,2.321375,-2.1110990000000003,DEU,PRK,848330
2551037,64,178,9247,2001,0.0,13355.0,1.261883,1.351875,DNK,PRK,848330
2551038,114,178,9247,2001,13202.0,0.0,2.585857,0.522663,JPN,PRK,848330
2551039,138,178,9247,2001,0.0,5668.0,0.797058,0.713234,MEX,PRK,848330
2551040,186,178,9247,2001,8248.0,0.0,0.945816,0.35027600000000003,RUS,PRK,848330
2551041,224,178,9247,2001,0.0,1265.0,0.188773,1.91451,TUR,PRK,848330
2551042,15,207,9247,2001,589791.0,694176.0,1.8571650000000002,0.603191,AUT,SVN,848330
2551043,18,207,9247,2001,14733.0,0.0,1.4328370000000001,1.408495,BEL,SVN,848330
2551044,26,207,9247,2001,4014.0,2696.0,0.238083,0.362643,BIH,SVN,848330
2551045,28,207,9247,2001,0.0,4508.0,0.804404,0.936773,BLR,SVN,848330
2551046,32,207,9247,2001,1229.0,0.0,0.672496,1.051848,BRA,SVN,848330
2551047,39,207,9247,2001,8934.0,0.0,0.971827,1.105171,CAN,SVN,848330
2551048,41,207,9247,2001,31828.0,0.0,2.227246,0.553956,CHE,SVN,848330
2551049,43,207,9247,2001,4154.0,0.0,0.525171,3.092963,CHN,SVN,848330
2551050,59,207,9247,2001,27014.0,0.0,1.485703,1.109305,CZE,SVN,848330
2551051,61,207,9247,2001,663589.0,2485333.0,2.321375,-2.1110990000000003,DEU,SVN,848330
2551052,64,207,9247,2001,3464.0,24936.0,1.261883,1.351875,DNK,SVN,848330
2551053,67,207,9247,2001,0.0,1537.0,-0.852642,-0.896374,ECU,SVN,848330
2551054,68,207,9247,2001,0.0,860.0,-0.373576,0.366385,EGY,SVN,848330
2551055,71,207,9247,2001,7744.0,14831.0,1.079664,1.9842220000000002,ESP,SVN,848330
2551056,77,207,9247,2001,48139.0,2516.0,1.653507,0.797582,FRA,SVN,848330
2551057,81,207,9247,2001,23218.0,0.0,1.976894,0.685435,GBR,SVN,848330
2551058,100,207,9247,2001,236738.0,237506.0,0.544596,0.969535,HRV,SVN,848330
2551059,102,207,9247,2001,106964.0,948.0,1.102262,1.138016,HUN,SVN,848330
2551060,104,207,9247,2001,0.0,2433.0,0.349744,2.665844,IND,SVN,848330
2551061,106,207,9247,2001,2288.0,0.0,1.664233,0.129983,IRL,SVN,848330
2551062,110,207,9247,2001,653.0,0.0,1.374873,0.775594,ISR,SVN,848330
2551063,111,207,9247,2001,7625.0,18058.0,1.389926,1.282143,ITA,SVN,848330
2551064,114,207,9247,2001,13676.0,0.0,2.585857,0.522663,JPN,SVN,848330
2551065,121,207,9247,2001,20980.0,0.0,1.145797,1.0762399999999999,KOR,SVN,848330
2551066,130,207,9247,2001,0.0,4265.0,0.15706900000000001,0.416663,LTU,SVN,848330
2551067,131,207,9247,2001,992.0,0.0,1.470895,1.149007,LUX,SVN,848330
2551068,138,207,9247,2001,591.0,3111.0,0.797058,0.713234,MEX,SVN,848330
2551069,140,207,9247,2001,5570.0,3063.0,0.033097,0.43516499999999997,MKD,SVN,848330
2551070,162,207,9247,2001,4134.0,1046.0,1.315685,1.590935,NLD,SVN,848330
2551071,163,207,9247,2001,2169.0,20302.0,0.974814,0.06512000000000001,NOR,SVN,848330
2551072,166,207,9247,2001,0.0,3227.0,0.521409,0.683134,NZL,SVN,848330
2551073,177,207,9247,2001,4537.0,0.0,0.9474540000000001,1.8408220000000002,POL,SVN,848330
2551074,185,207,9247,2001,0.0,1791.0,0.326733,1.005332,ROU,SVN,848330
2551075,186,207,9247,2001,0.0,42449.0,0.945816,0.35027600000000003,RUS,SVN,848330
2551076,189,207,9247,2001,26474.0,4637.0,0.45280200000000004,2.469852,SCG,SVN,848330
2551077,206,207,9247,2001,13079.0,162747.0,1.1732770000000001,1.088576,SVK,SVN,848330
2551078,208,207,9247,2001,1324.0,0.0,2.156845,0.784439,SWE,SVN,848330
2551079,223,207,9247,2001,0.0,18019.0,-0.162152,0.23939699999999997,TUN,SVN,848330
2551080,224,207,9247,2001,1371.0,0.0,0.188773,1.91451,TUR,SVN,848330
2551081,231,207,9247,2001,250902.0,68105.0,1.873674,0.168468,USA,SVN,848330
2551082,249,207,9247,2001,4330.0,0.0,1.5731700000000002,1.353159,TWN,SVN,848330
2551083,15,212,9247,2001,142872.0,0.0,1.8571650000000002,0.603191,AUT,SYR,848330
2551084,18,212,9247,2001,1470742.0,0.0,1.4328370000000001,1.408495,BEL,SYR,848330
2551085,32,212,9247,2001,6776.0,0.0,0.672496,1.051848,BRA,SYR,848330
2551086,43,212,9247,2001,70247.0,0.0,0.525171,3.092963,CHN,SYR,848330
2551087,59,212,9247,2001,9071.0,0.0,1.485703,1.109305,CZE,SYR,848330
2551088,61,212,9247,2001,343868.0,0.0,2.321375,-2.1110990000000003,DEU,SYR,848330
2551089,66,212,9247,2001,0.0,1358.0,-0.663363,-1.158295,DZA,SYR,848330
2551090,71,212,9247,2001,8378.0,0.0,1.079664,1.9842220000000002,ESP,SYR,848330
2551091,77,212,9247,2001,32889.0,0.0,1.653507,0.797582,FRA,SYR,848330
2551092,81,212,9247,2001,1422.0,0.0,1.976894,0.685435,GBR,SYR,848330
2551093,111,212,9247,2001,0.0,308073.0,1.389926,1.282143,ITA,SYR,848330
2551094,114,212,9247,2001,546217.0,0.0,2.585857,0.522663,JPN,SYR,848330
2551095,183,212,9247,2001,0.0,1345.0,-0.46564799999999995,-1.127634,QAT,SYR,848330
2551096,186,212,9247,2001,28911.0,0.0,0.945816,0.35027600000000003,RUS,SYR,848330
2551097,189,212,9247,2001,4768.0,0.0,0.45280200000000004,2.469852,SCG,SYR,848330
2551098,208,212,9247,2001,2009.0,0.0,2.156845,0.784439,SWE,SYR,848330
2551099,231,212,9247,2001,30312.0,0.0,1.873674,0.168468,USA,SYR,848330
2551100,249,212,9247,2001,923.0,0.0,1.5731700000000002,1.353159,TWN,SYR,848330
2551101,15,219,9247,2001,1282.0,0.0,1.8571650000000002,0.603191,AUT,TKM,848330
2551102,18,219,9247,2001,95107.0,0.0,1.4328370000000001,1.408495,BEL,TKM,848330
2551103,102,219,9247,2001,10000.0,0.0,1.102262,1.138016,HUN,TKM,848330
2551104,107,219,9247,2001,0.0,10036.0,-0.7732479999999999,-0.8979370000000001,IRN,TKM,848330
2551105,114,219,9247,2001,64974.0,0.0,2.585857,0.522663,JPN,TKM,848330
2551106,186,219,9247,2001,20766.0,0.0,0.945816,0.35027600000000003,RUS,TKM,848330
2551107,231,219,9247,2001,160748.0,0.0,1.873674,0.168468,USA,TKM,848330
2551108,61,232,9247,2001,193000.0,45142.0,2.321375,-2.1110990000000003,DEU,UZB,848330
2551109,114,232,9247,2001,17326.0,0.0,2.585857,0.522663,JPN,UZB,848330
2551110,115,232,9247,2001,20603.0,0.0,0.009714,-0.525899,KAZ,UZB,848330
2551111,186,232,9247,2001,352253.0,4019.0,0.945816,0.35027600000000003,RUS,UZB,848330
2551112,228,232,9247,2001,3083280.0,0.0,0.8376969999999999,0.989059,UKR,UZB,848330
2551113,43,133,9247,2001,9024.0,0.0,0.525171,3.092963,CHN,MAC,848330
2551114,61,133,9247,2001,1445.0,0.0,2.321375,-2.1110990000000003,DEU,MAC,848330
2551115,81,133,9247,2001,1403.0,0.0,1.976894,0.685435,GBR,MAC,848330
2551116,97,133,9247,2001,1563.0,2337.0,0.521528,2.3025,HKG,MAC,848330
2551117,114,133,9247,2001,56293.0,0.0,2.585857,0.522663,JPN,MAC,848330
2551118,231,133,9247,2001,2164.0,0.0,1.873674,0.168468,USA,MAC,848330
2551119,15,168,9247,2001,55635.0,0.0,1.8571650000000002,0.603191,AUT,PAK,848330
2551120,18,168,9247,2001,20355.0,0.0,1.4328370000000001,1.408495,BEL,PAK,848330
2551121,39,168,9247,2001,4442.0,0.0,0.971827,1.105171,CAN,PAK,848330
2551122,43,168,9247,2001,221322.0,0.0,0.525171,3.092963,CHN,PAK,848330
2551123,61,168,9247,2001,441000.0,0.0,2.321375,-2.1110990000000003,DEU,PAK,848330
2551124,71,168,9247,2001,67851.0,0.0,1.079664,1.9842220000000002,ESP,PAK,848330
2551125,74,168,9247,2001,7098.0,0.0,2.069141,0.9375180000000001,FIN,PAK,848330
2551126,77,168,9247,2001,68960.0,0.0,1.653507,0.797582,FRA,PAK,848330
2551127,81,168,9247,2001,27921.0,57815.0,1.976894,0.685435,GBR,PAK,848330
2551128,97,168,9247,2001,11584.0,0.0,0.521528,2.3025,HKG,PAK,848330
2551129,107,168,9247,2001,0.0,81568.0,-0.7732479999999999,-0.8979370000000001,IRN,PAK,848330
2551130,111,168,9247,2001,433927.0,11920.0,1.389926,1.282143,ITA,PAK,848330
2551131,114,168,9247,2001,4173819.0,0.0,2.585857,0.522663,JPN,PAK,848330
2551132,116,168,9247,2001,0.0,5157.0,-0.529388,0.092271,KEN,PAK,848330
2551133,121,168,9247,2001,42620.0,0.0,1.145797,1.0762399999999999,KOR,PAK,848330
2551134,128,168,9247,2001,0.0,1531.0,-0.722434,-0.033818,LKA,PAK,848330
2551135,130,168,9247,2001,4740.0,0.0,0.15706900000000001,0.416663,LTU,PAK,848330
2551136,134,168,9247,2001,0.0,2388.0,-0.75275,-0.280397,MAR,PAK,848330
2551137,162,168,9247,2001,22404.0,0.0,1.315685,1.590935,NLD,PAK,848330
2551138,185,168,9247,2001,5082.0,0.0,0.326733,1.005332,ROU,PAK,848330
2551139,186,168,9247,2001,30459.0,0.0,0.945816,0.35027600000000003,RUS,PAK,848330
2551140,189,168,9247,2001,66936.0,0.0,0.45280200000000004,2.469852,SCG,PAK,848330
2551141,192,168,9247,2001,86170.0,0.0,1.364239,0.721074,SGP,PAK,848330
2551142,224,168,9247,2001,64442.0,0.0,0.188773,1.91451,TUR,PAK,848330
2551143,231,168,9247,2001,82590.0,0.0,1.873674,0.168468,USA,PAK,848330
2551144,249,168,9247,2001,4778.0,0.0,1.5731700000000002,1.353159,TWN,PAK,848330
2551145,7,227,9247,2001,2237.0,0.0,-0.193984,-0.457124,ARE,UGA,848330
2551146,18,227,9247,2001,1475.0,0.0,1.4328370000000001,1.408495,BEL,UGA,848330
2551147,61,227,9247,2001,10036.0,0.0,2.321375,-2.1110990000000003,DEU,UGA,848330
2551148,81,227,9247,2001,5190.0,0.0,1.976894,0.685435,GBR,UGA,848330
2551149,104,227,9247,2001,15299.0,0.0,0.349744,2.665844,IND,UGA,848330
2551150,116,227,9247,2001,1152.0,0.0,-0.529388,0.092271,KEN,UGA,848330
2551151,162,227,9247,2001,10263.0,0.0,1.315685,1.590935,NLD,UGA,848330
2551152,231,227,9247,2001,9498.0,0.0,1.873674,0.168468,USA,UGA,848330
2551153,246,227,9247,2001,5635.0,0.0,0.356842,2.006155,ZAF,UGA,848330
2551154,8,250,9247,2001,0.0,853113.0,0.287698,0.547137,ARG,ANS,848330
2551155,14,250,9247,2001,0.0,3934.0,0.29463,0.772375,AUS,ANS,848330
2551156,18,250,9247,2001,54767.0,0.0,1.4328370000000001,1.408495,BEL,ANS,848330
2551157,23,250,9247,2001,1621.0,0.0,0.41425100000000004,1.639866,BGR,ANS,848330
2551158,38,250,9247,2001,0.0,2850.0,-0.682897,-0.8083140000000001,CAF,ANS,848330
2551159,42,250,9247,2001,0.0,158664.0,-0.004658,-0.002548,CHL,ANS,848330
2551160,45,250,9247,2001,0.0,13863.0,-1.6254879999999998,-1.212513,CMR,ANS,848330
2551161,49,250,9247,2001,0.0,1395.0,0.30412,0.395913,COL,ANS,848330
2551162,52,250,9247,2001,0.0,1421.0,0.069458,-0.042793,CRI,ANS,848330
2551163,54,250,9247,2001,0.0,31027.0,-0.443391,-0.9599030000000001,CUB,ANS,848330
2551164,59,250,9247,2001,5167.0,182878.0,1.485703,1.109305,CZE,ANS,848330
2551165,61,250,9247,2001,261000.0,5059.0,2.321375,-2.1110990000000003,DEU,ANS,848330
2551166,65,250,9247,2001,0.0,13515.0,-0.538419,-0.48773900000000003,DOM,ANS,848330
2551167,66,250,9247,2001,0.0,12033.0,-0.663363,-1.158295,DZA,ANS,848330
2551168,67,250,9247,2001,0.0,29830.0,-0.852642,-0.896374,ECU,ANS,848330
2551169,68,250,9247,2001,0.0,304984.0,-0.373576,0.366385,EGY,ANS,848330
2551170,72,250,9247,2001,0.0,252056.0,0.5746829999999999,0.9073899999999999,EST,ANS,848330
2551171,77,250,9247,2001,0.0,293864.0,1.653507,0.797582,FRA,ANS,848330
2551172,83,250,9247,2001,0.0,1337.0,-0.961067,-0.780449,GHA,ANS,848330
2551173,92,250,9247,2001,0.0,1467.0,0.199595,-0.73547,GRL,ANS,848330
2551174,93,250,9247,2001,0.0,5461.0,-0.5089520000000001,0.216677,GTM,ANS,848330
2551175,99,250,9247,2001,0.0,1121.0,-0.8003060000000001,-0.602097,HND,ANS,848330
2551176,104,250,9247,2001,0.0,3682.0,0.349744,2.665844,IND,ANS,848330
2551177,106,250,9247,2001,0.0,4051.0,1.664233,0.129983,IRL,ANS,848330
2551178,110,250,9247,2001,0.0,2529.0,1.374873,0.775594,ISR,ANS,848330
2551179,111,250,9247,2001,19123.0,0.0,1.389926,1.282143,ITA,ANS,848330
2551180,112,250,9247,2001,0.0,9439.0,-0.541582,-0.837248,JAM,ANS,848330
2551181,132,250,9247,2001,0.0,1677.0,0.404136,0.461009,LVA,ANS,848330
2551182,134,250,9247,2001,1354.0,5624.0,-0.75275,-0.280397,MAR,ANS,848330
2551183,136,250,9247,2001,23036.0,51893.0,-1.247531,-0.637093,MDG,ANS,848330
2551184,138,250,9247,2001,75692.0,98760.0,0.797058,0.713234,MEX,ANS,848330
2551185,147,250,9247,2001,0.0,1350.0,-1.2364879999999998,-1.136715,MOZ,ANS,848330
2551186,151,250,9247,2001,0.0,4813.0,-0.410422,-0.5868369999999999,MUS,ANS,848330
2551187,153,250,9247,2001,0.0,2647.0,0.768174,0.307033,MYS,ANS,848330
2551188,162,250,9247,2001,0.0,1935.0,1.315685,1.590935,NLD,ANS,848330
2551189,166,250,9247,2001,0.0,1655.0,0.521409,0.683134,NZL,ANS,848330
2551190,169,250,9247,2001,0.0,150652.0,0.17588199999999998,0.422505,PAN,ANS,848330
2551191,173,250,9247,2001,0.0,4624.0,-0.345519,0.202623,PER,ANS,848330
2551192,185,250,9247,2001,0.0,2545.0,0.326733,1.005332,ROU,ANS,848330
2551193,186,250,9247,2001,3103.0,0.0,0.945816,0.35027600000000003,RUS,ANS,848330
2551194,189,250,9247,2001,0.0,1634.0,0.45280200000000004,2.469852,SCG,ANS,848330
2551195,206,250,9247,2001,0.0,1089939.0,1.1732770000000001,1.088576,SVK,ANS,848330
2551196,222,250,9247,2001,0.0,2391.0,0.178256,-0.709126,TTO,ANS,848330
2551197,223,250,9247,2001,0.0,26898.0,-0.162152,0.23939699999999997,TUN,ANS,848330
2551198,224,250,9247,2001,375414.0,93115.0,0.188773,1.91451,TUR,ANS,848330
2551199,246,250,9247,2001,0.0,47390.0,0.356842,2.006155,ZAF,ANS,848330
2551200,249,250,9247,2001,0.0,1425.0,1.5731700000000002,1.353159,TWN,ANS,848330
2551201,41,0,9247,2001,21469.0,0.0,2.227246,0.553956,CHE,ABW,848330
2551202,74,0,9247,2001,15467.0,0.0,2.069141,0.9375180000000001,FIN,ABW,848330
2551203,231,0,9247,2001,3566.0,0.0,1.873674,0.168468,USA,ABW,848330
2551204,8,29,9247,2001,1431.0,0.0,0.287698,0.547137,ARG,BLZ,848330
2551205,81,29,9247,2001,26202.0,0.0,1.976894,0.685435,GBR,BLZ,848330
2551206,114,29,9247,2001,15336.0,0.0,2.585857,0.522663,JPN,BLZ,848330
2551207,138,29,9247,2001,35847.0,0.0,0.797058,0.713234,MEX,BLZ,848330
2551208,231,29,9247,2001,2530.0,0.0,1.873674,0.168468,USA,BLZ,848330
2551209,8,31,9247,2001,134901.0,0.0,0.287698,0.547137,ARG,BOL,848330
2551210,18,31,9247,2001,14659.0,0.0,1.4328370000000001,1.408495,BEL,BOL,848330
2551211,32,31,9247,2001,767727.0,0.0,0.672496,1.051848,BRA,BOL,848330
2551212,39,31,9247,2001,4463.0,0.0,0.971827,1.105171,CAN,BOL,848330
2551213,41,31,9247,2001,8729.0,0.0,2.227246,0.553956,CHE,BOL,848330
2551214,42,31,9247,2001,60059.0,0.0,-0.004658,-0.002548,CHL,BOL,848330
2551215,43,31,9247,2001,1142.0,0.0,0.525171,3.092963,CHN,BOL,848330
2551216,61,31,9247,2001,51972.0,0.0,2.321375,-2.1110990000000003,DEU,BOL,848330
2551217,77,31,9247,2001,4889.0,0.0,1.653507,0.797582,FRA,BOL,848330
2551218,81,31,9247,2001,5944.0,0.0,1.976894,0.685435,GBR,BOL,848330
2551219,111,31,9247,2001,1038.0,0.0,1.389926,1.282143,ITA,BOL,848330
2551220,114,31,9247,2001,19050.0,0.0,2.585857,0.522663,JPN,BOL,848330
2551221,153,31,9247,2001,577.0,0.0,0.768174,0.307033,MYS,BOL,848330
2551222,169,31,9247,2001,1798.0,0.0,0.17588199999999998,0.422505,PAN,BOL,848330
2551223,173,31,9247,2001,1158.0,0.0,-0.345519,0.202623,PER,BOL,848330
2551224,208,31,9247,2001,2360.0,0.0,2.156845,0.784439,SWE,BOL,848330
2551225,224,31,9247,2001,2693.0,0.0,0.188773,1.91451,TUR,BOL,848330
2551226,231,31,9247,2001,2972.0,0.0,1.873674,0.168468,USA,BOL,848330
2551227,7,73,9247,2001,52877.0,0.0,-0.193984,-0.457124,ARE,ETH,848330
2551228,15,73,9247,2001,3163.0,0.0,1.8571650000000002,0.603191,AUT,ETH,848330
2551229,18,73,9247,2001,18665.0,0.0,1.4328370000000001,1.408495,BEL,ETH,848330
2551230,32,73,9247,2001,13654.0,0.0,0.672496,1.051848,BRA,ETH,848330
2551231,41,73,9247,2001,5326.0,0.0,2.227246,0.553956,CHE,ETH,848330
2551232,43,73,9247,2001,15682.0,0.0,0.525171,3.092963,CHN,ETH,848330
2551233,59,73,9247,2001,2911.0,0.0,1.485703,1.109305,CZE,ETH,848330
2551234,61,73,9247,2001,26786.0,0.0,2.321375,-2.1110990000000003,DEU,ETH,848330
2551235,62,73,9247,2001,2585.0,0.0,0.143467,0.14288599999999999,DJI,ETH,848330
2551236,77,73,9247,2001,3202.0,0.0,1.653507,0.797582,FRA,ETH,848330
2551237,81,73,9247,2001,31747.0,0.0,1.976894,0.685435,GBR,ETH,848330
2551238,90,73,9247,2001,563.0,0.0,0.31387600000000004,1.3614600000000001,GRC,ETH,848330
2551239,111,73,9247,2001,11215.0,0.0,1.389926,1.282143,ITA,ETH,848330
2551240,114,73,9247,2001,132782.0,0.0,2.585857,0.522663,JPN,ETH,848330
2551241,121,73,9247,2001,1514.0,0.0,1.145797,1.0762399999999999,KOR,ETH,848330
2551242,162,73,9247,2001,4082.0,0.0,1.315685,1.590935,NLD,ETH,848330
2551243,188,73,9247,2001,2185.0,0.0,0.5370550000000001,-0.793469,SAU,ETH,848330
2551244,189,73,9247,2001,916.0,0.0,0.45280200000000004,2.469852,SCG,ETH,848330
2551245,192,73,9247,2001,7107.0,0.0,1.364239,0.721074,SGP,ETH,848330
2551246,208,73,9247,2001,3649.0,0.0,2.156845,0.784439,SWE,ETH,848330
2551247,213,73,9247,2001,1136.0,0.0,0.433253,-0.23213000000000003,TCA,ETH,848330
2551248,216,73,9247,2001,720.0,0.0,0.37555900000000003,1.498267,THA,ETH,848330
2551249,224,73,9247,2001,3548.0,0.0,0.188773,1.91451,TUR,ETH,848330
2551250,231,73,9247,2001,595.0,0.0,1.873674,0.168468,USA,ETH,848330
2551251,246,73,9247,2001,1112.0,0.0,0.356842,2.006155,ZAF,ETH,848330
2551252,8,91,9247,2001,1097.0,0.0,0.287698,0.547137,ARG,GRD,848330
2551253,61,91,9247,2001,5866.0,0.0,2.321375,-2.1110990000000003,DEU,GRD,848330
2551254,114,91,9247,2001,877.0,0.0,2.585857,0.522663,JPN,GRD,848330
2551255,231,91,9247,2001,1694.0,0.0,1.873674,0.168468,USA,GRD,848330
2551256,18,99,9247,2001,2966.0,0.0,1.4328370000000001,1.408495,BEL,HND,848330
2551257,32,99,9247,2001,39582.0,0.0,0.672496,1.051848,BRA,HND,848330
2551258,49,99,9247,2001,653.0,0.0,0.30412,0.395913,COL,HND,848330
2551259,61,99,9247,2001,884.0,0.0,2.321375,-2.1110990000000003,DEU,HND,848330
2551260,114,99,9247,2001,274385.0,0.0,2.585857,0.522663,JPN,HND,848330
2551261,138,99,9247,2001,11623.0,0.0,0.797058,0.713234,MEX,HND,848330
2551262,160,99,9247,2001,0.0,1173.0,-0.8917430000000001,-0.713179,NIC,HND,848330
2551263,169,99,9247,2001,1934.0,0.0,0.17588199999999998,0.422505,PAN,HND,848330
2551264,231,99,9247,2001,91301.0,0.0,1.873674,0.168468,USA,HND,848330
2551265,250,99,9247,2001,1121.0,0.0,1.096023,-0.33562600000000004,ANS,HND,848330
2551266,15,151,9247,2001,9652.0,0.0,1.8571650000000002,0.603191,AUT,MUS,848330
2551267,18,151,9247,2001,2501.0,0.0,1.4328370000000001,1.408495,BEL,MUS,848330
2551268,39,151,9247,2001,3797.0,0.0,0.971827,1.105171,CAN,MUS,848330
2551269,43,151,9247,2001,3305.0,0.0,0.525171,3.092963,CHN,MUS,848330
2551270,44,151,9247,2001,0.0,5959.0,-0.715949,-0.524428,CIV,MUS,848330
2551271,61,151,9247,2001,22679.0,0.0,2.321375,-2.1110990000000003,DEU,MUS,848330
2551272,77,151,9247,2001,5933.0,0.0,1.653507,0.797582,FRA,MUS,848330
2551273,81,151,9247,2001,9759.0,0.0,1.976894,0.685435,GBR,MUS,848330
2551274,104,151,9247,2001,9538.0,0.0,0.349744,2.665844,IND,MUS,848330
2551275,111,151,9247,2001,4644.0,0.0,1.389926,1.282143,ITA,MUS,848330
2551276,114,151,9247,2001,13971.0,0.0,2.585857,0.522663,JPN,MUS,848330
2551277,121,151,9247,2001,22941.0,0.0,1.145797,1.0762399999999999,KOR,MUS,848330
2551278,192,151,9247,2001,1087.0,0.0,1.364239,0.721074,SGP,MUS,848330
2551279,208,151,9247,2001,847.0,0.0,2.156845,0.784439,SWE,MUS,848330
2551280,231,151,9247,2001,3989.0,0.0,1.873674,0.168468,USA,MUS,848330
2551281,246,151,9247,2001,7806.0,0.0,0.356842,2.006155,ZAF,MUS,848330
2551282,250,151,9247,2001,4813.0,0.0,1.096023,-0.33562600000000004,ANS,MUS,848330
2551283,14,176,9247,2001,26666.0,4236.0,0.29463,0.772375,AUS,PNG,848330
2551284,39,176,9247,2001,1100.0,0.0,0.971827,1.105171,CAN,PNG,848330
2551285,43,176,9247,2001,1587.0,0.0,0.525171,3.092963,CHN,PNG,848330
2551286,61,176,9247,2001,3530.0,0.0,2.321375,-2.1110990000000003,DEU,PNG,848330
2551287,81,176,9247,2001,0.0,1878.0,1.976894,0.685435,GBR,PNG,848330
2551288,114,176,9247,2001,27898.0,0.0,2.585857,0.522663,JPN,PNG,848330
2551289,153,176,9247,2001,1738.0,0.0,0.768174,0.307033,MYS,PNG,848330
2551290,192,176,9247,2001,29855.0,0.0,1.364239,0.721074,SGP,PNG,848330
2551291,208,176,9247,2001,686.0,0.0,2.156845,0.784439,SWE,PNG,848330
2551292,231,176,9247,2001,1501.0,0.0,1.873674,0.168468,USA,PNG,848330
2551293,61,234,9247,2001,20881.0,0.0,2.321375,-2.1110990000000003,DEU,VCT,848330
2551294,114,234,9247,2001,193375.0,0.0,2.585857,0.522663,JPN,VCT,848330
2551295,231,234,9247,2001,2229.0,0.0,1.873674,0.168468,USA,VCT,848330
2551296,14,247,9247,2001,5909.0,0.0,0.29463,0.772375,AUS,ZMB,848330
2551297,18,247,9247,2001,14377.0,0.0,1.4328370000000001,1.408495,BEL,ZMB,848330
2551298,32,247,9247,2001,1012.0,0.0,0.672496,1.051848,BRA,ZMB,848330
2551299,61,247,9247,2001,15768.0,0.0,2.321375,-2.1110990000000003,DEU,ZMB,848330
2551300,64,247,9247,2001,10197.0,0.0,1.261883,1.351875,DNK,ZMB,848330
2551301,81,247,9247,2001,2429.0,0.0,1.976894,0.685435,GBR,ZMB,848330
2551302,111,247,9247,2001,887.0,0.0,1.389926,1.282143,ITA,ZMB,848330
2551303,114,247,9247,2001,27216.0,0.0,2.585857,0.522663,JPN,ZMB,848330
2551304,231,247,9247,2001,9994.0,0.0,1.873674,0.168468,USA,ZMB,848330
2551305,246,247,9247,2001,308163.0,0.0,0.356842,2.006155,ZAF,ZMB,848330
2551306,18,4,9247,2001,3151.0,0.0,1.4328370000000001,1.408495,BEL,ALB,848330
2551307,23,4,9247,2001,1807.0,0.0,0.41425100000000004,1.639866,BGR,ALB,848330
2551308,59,4,9247,2001,1029.0,0.0,1.485703,1.109305,CZE,ALB,848330
2551309,61,4,9247,2001,48960.0,0.0,2.321375,-2.1110990000000003,DEU,ALB,848330
2551310,71,4,9247,2001,1640.0,0.0,1.079664,1.9842220000000002,ESP,ALB,848330
2551311,111,4,9247,2001,4407.0,0.0,1.389926,1.282143,ITA,ALB,848330
2551312,185,4,9247,2001,899.0,0.0,0.326733,1.005332,ROU,ALB,848330
2551313,224,4,9247,2001,1956.0,0.0,0.188773,1.91451,TUR,ALB,848330
2551314,66,5,9247,2001,0.0,12175.0,-0.663363,-1.158295,DZA,AND,848330
2551315,59,9,9247,2001,1293.0,0.0,1.485703,1.109305,CZE,ARM,848330
2551316,61,9,9247,2001,3965.0,0.0,2.321375,-2.1110990000000003,DEU,ARM,848330
2551317,186,9,9247,2001,2198.0,0.0,0.945816,0.35027600000000003,RUS,ARM,848330
2551318,7,17,9247,2001,678.0,0.0,-0.193984,-0.457124,ARE,BDI,848330
2551319,15,17,9247,2001,1577.0,0.0,1.8571650000000002,0.603191,AUT,BDI,848330
2551320,18,17,9247,2001,1645.0,0.0,1.4328370000000001,1.408495,BEL,BDI,848330
2551321,61,17,9247,2001,6065.0,0.0,2.321375,-2.1110990000000003,DEU,BDI,848330
2551322,77,17,9247,2001,1097.0,0.0,1.653507,0.797582,FRA,BDI,848330
2551323,114,17,9247,2001,4495.0,0.0,2.585857,0.522663,JPN,BDI,848330
2551324,15,24,9247,2001,2137.0,0.0,1.8571650000000002,0.603191,AUT,BHR,848330
2551325,18,24,9247,2001,10917.0,0.0,1.4328370000000001,1.408495,BEL,BHR,848330
2551326,39,24,9247,2001,11832.0,0.0,0.971827,1.105171,CAN,BHR,848330
2551327,41,24,9247,2001,2733.0,0.0,2.227246,0.553956,CHE,BHR,848330
2551328,43,24,9247,2001,925.0,0.0,0.525171,3.092963,CHN,BHR,848330
2551329,61,24,9247,2001,71933.0,0.0,2.321375,-2.1110990000000003,DEU,BHR,848330
2551330,77,24,9247,2001,4759.0,0.0,1.653507,0.797582,FRA,BHR,848330
2551331,81,24,9247,2001,16609.0,0.0,1.976894,0.685435,GBR,BHR,848330
2551332,104,24,9247,2001,0.0,1770.0,0.349744,2.665844,IND,BHR,848330
2551333,114,24,9247,2001,253081.0,0.0,2.585857,0.522663,JPN,BHR,848330
2551334,162,24,9247,2001,4612.0,0.0,1.315685,1.590935,NLD,BHR,848330
2551335,208,24,9247,2001,1114.0,0.0,2.156845,0.784439,SWE,BHR,848330
2551336,231,24,9247,2001,5804.0,0.0,1.873674,0.168468,USA,BHR,848330
2551337,61,34,9247,2001,44376.0,0.0,2.321375,-2.1110990000000003,DEU,BRN,848330
2551338,81,34,9247,2001,2060.0,0.0,1.976894,0.685435,GBR,BRN,848330
2551339,114,34,9247,2001,16629.0,0.0,2.585857,0.522663,JPN,BRN,848330
2551340,153,34,9247,2001,1252.0,0.0,0.768174,0.307033,MYS,BRN,848330
2551341,162,34,9247,2001,1809.0,0.0,1.315685,1.590935,NLD,BRN,848330
2551342,192,34,9247,2001,1198.0,0.0,1.364239,0.721074,SGP,BRN,848330
2551343,231,34,9247,2001,20286.0,0.0,1.873674,0.168468,USA,BRN,848330
2551344,18,50,9247,2001,2539.0,0.0,1.4328370000000001,1.408495,BEL,COM,848330
2551345,61,63,9247,2001,3850.0,0.0,2.321375,-2.1110990000000003,DEU,DMA,848330
2551346,81,63,9247,2001,8775.0,0.0,1.976894,0.685435,GBR,DMA,848330
2551347,114,63,9247,2001,3021.0,0.0,2.585857,0.522663,JPN,DMA,848330
2551348,231,63,9247,2001,3608.0,0.0,1.873674,0.168468,USA,DMA,848330
2551349,15,82,9247,2001,3658.0,0.0,1.8571650000000002,0.603191,AUT,GEO,848330
2551350,61,82,9247,2001,46535.0,0.0,2.321375,-2.1110990000000003,DEU,GEO,848330
2551351,186,82,9247,2001,852.0,2854.0,0.945816,0.35027600000000003,RUS,GEO,848330
2551352,224,82,9247,2001,0.0,7907.0,0.188773,1.91451,TUR,GEO,848330
2551353,228,82,9247,2001,1754.0,0.0,0.8376969999999999,0.989059,UKR,GEO,848330
2551354,18,87,9247,2001,5552.0,0.0,1.4328370000000001,1.408495,BEL,GMB,848330
2551355,61,87,9247,2001,334.0,0.0,2.321375,-2.1110990000000003,DEU,GMB,848330
2551356,231,87,9247,2001,4022.0,0.0,1.873674,0.168468,USA,GMB,848330
2551357,15,108,9247,2001,4886.0,0.0,1.8571650000000002,0.603191,AUT,IRQ,848330
2551358,18,108,9247,2001,4328.0,0.0,1.4328370000000001,1.408495,BEL,IRQ,848330
2551359,32,108,9247,2001,27781.0,0.0,0.672496,1.051848,BRA,IRQ,848330
2551360,61,108,9247,2001,252000.0,0.0,2.321375,-2.1110990000000003,DEU,IRQ,848330
2551361,66,108,9247,2001,14008.0,0.0,-0.663363,-1.158295,DZA,IRQ,848330
2551362,77,108,9247,2001,58203.0,0.0,1.653507,0.797582,FRA,IRQ,848330
2551363,107,108,9247,2001,5217.0,130169.0,-0.7732479999999999,-0.8979370000000001,IRN,IRQ,848330
2551364,111,108,9247,2001,82919.0,0.0,1.389926,1.282143,ITA,IRQ,848330
2551365,114,108,9247,2001,840143.0,0.0,2.585857,0.522663,JPN,IRQ,848330
2551366,134,108,9247,2001,34754.0,0.0,-0.75275,-0.280397,MAR,IRQ,848330
2551367,186,108,9247,2001,111305.0,0.0,0.945816,0.35027600000000003,RUS,IRQ,848330
2551368,208,108,9247,2001,68835.0,0.0,2.156845,0.784439,SWE,IRQ,848330
2551369,223,108,9247,2001,31889.0,0.0,-0.162152,0.23939699999999997,TUN,IRQ,848330
2551370,231,108,9247,2001,417845.0,0.0,1.873674,0.168468,USA,IRQ,848330
2551371,14,109,9247,2001,0.0,3400.0,0.29463,0.772375,AUS,ISL,848330
2551372,15,109,9247,2001,3347.0,0.0,1.8571650000000002,0.603191,AUT,ISL,848330
2551373,18,109,9247,2001,3172.0,0.0,1.4328370000000001,1.408495,BEL,ISL,848330
2551374,42,109,9247,2001,0.0,1034.0,-0.004658,-0.002548,CHL,ISL,848330
2551375,61,109,9247,2001,74281.0,0.0,2.321375,-2.1110990000000003,DEU,ISL,848330
2551376,64,109,9247,2001,3892.0,0.0,1.261883,1.351875,DNK,ISL,848330
2551377,77,109,9247,2001,17967.0,0.0,1.653507,0.797582,FRA,ISL,848330
2551378,81,109,9247,2001,39488.0,0.0,1.976894,0.685435,GBR,ISL,848330
2551379,111,109,9247,2001,7639.0,0.0,1.389926,1.282143,ITA,ISL,848330
2551380,114,109,9247,2001,31807.0,0.0,2.585857,0.522663,JPN,ISL,848330
2551381,121,109,9247,2001,3087.0,0.0,1.145797,1.0762399999999999,KOR,ISL,848330
2551382,138,109,9247,2001,0.0,2072.0,0.797058,0.713234,MEX,ISL,848330
2551383,162,109,9247,2001,6952.0,0.0,1.315685,1.590935,NLD,ISL,848330
2551384,163,109,9247,2001,72482.0,0.0,0.974814,0.06512000000000001,NOR,ISL,848330
2551385,208,109,9247,2001,2424.0,0.0,2.156845,0.784439,SWE,ISL,848330
2551386,231,109,9247,2001,30778.0,16606.0,1.873674,0.168468,USA,ISL,848330
2551387,246,109,9247,2001,861.0,0.0,0.356842,2.006155,ZAF,ISL,848330
2551388,43,118,9247,2001,6656.0,0.0,0.525171,3.092963,CHN,KHM,848330
2551389,114,118,9247,2001,86018.0,0.0,2.585857,0.522663,JPN,KHM,848330
2551390,121,118,9247,2001,1821.0,0.0,1.145797,1.0762399999999999,KOR,KHM,848330
2551391,153,118,9247,2001,899.0,0.0,0.768174,0.307033,MYS,KHM,848330
2551392,192,118,9247,2001,3081.0,0.0,1.364239,0.721074,SGP,KHM,848330
2551393,15,126,9247,2001,14042.0,0.0,1.8571650000000002,0.603191,AUT,LBY,848330
2551394,18,126,9247,2001,207908.0,0.0,1.4328370000000001,1.408495,BEL,LBY,848330
2551395,61,126,9247,2001,319000.0,0.0,2.321375,-2.1110990000000003,DEU,LBY,848330
2551396,77,126,9247,2001,55528.0,0.0,1.653507,0.797582,FRA,LBY,848330
2551397,81,126,9247,2001,35640.0,0.0,1.976894,0.685435,GBR,LBY,848330
2551398,114,126,9247,2001,332488.0,0.0,2.585857,0.522663,JPN,LBY,848330
2551399,186,126,9247,2001,1961.0,0.0,0.945816,0.35027600000000003,RUS,LBY,848330
2551400,223,126,9247,2001,2029.0,0.0,-0.162152,0.23939699999999997,TUN,LBY,848330
2551401,224,126,9247,2001,19555.0,0.0,0.188773,1.91451,TUR,LBY,848330
2551402,18,136,9247,2001,204627.0,0.0,1.4328370000000001,1.408495,BEL,MDG,848330
2551403,32,136,9247,2001,57574.0,0.0,0.672496,1.051848,BRA,MDG,848330
2551404,39,136,9247,2001,546.0,0.0,0.971827,1.105171,CAN,MDG,848330
2551405,41,136,9247,2001,1421.0,0.0,2.227246,0.553956,CHE,MDG,848330
2551406,43,136,9247,2001,9843.0,0.0,0.525171,3.092963,CHN,MDG,848330
2551407,61,136,9247,2001,119915.0,0.0,2.321375,-2.1110990000000003,DEU,MDG,848330
2551408,77,136,9247,2001,88986.0,0.0,1.653507,0.797582,FRA,MDG,848330
2551409,81,136,9247,2001,6234.0,0.0,1.976894,0.685435,GBR,MDG,848330
2551410,104,136,9247,2001,3334.0,0.0,0.349744,2.665844,IND,MDG,848330
2551411,111,136,9247,2001,3778.0,0.0,1.389926,1.282143,ITA,MDG,848330
2551412,114,136,9247,2001,69204.0,0.0,2.585857,0.522663,JPN,MDG,848330
2551413,192,136,9247,2001,4214.0,0.0,1.364239,0.721074,SGP,MDG,848330
2551414,208,136,9247,2001,3508.0,0.0,2.156845,0.784439,SWE,MDG,848330
2551415,231,136,9247,2001,2903.0,0.0,1.873674,0.168468,USA,MDG,848330
2551416,246,136,9247,2001,11542.0,0.0,0.356842,2.006155,ZAF,MDG,848330
2551417,250,136,9247,2001,51893.0,23036.0,1.096023,-0.33562600000000004,ANS,MDG,848330
2551418,18,137,9247,2001,1563.0,0.0,1.4328370000000001,1.408495,BEL,MDV,848330
2551419,114,137,9247,2001,16206.0,0.0,2.585857,0.522663,JPN,MDV,848330
2551420,192,137,9247,2001,6438.0,0.0,1.364239,0.721074,SGP,MDV,848330
2551421,18,141,9247,2001,17847.0,0.0,1.4328370000000001,1.408495,BEL,MLI,848330
2551422,61,141,9247,2001,11732.0,0.0,2.321375,-2.1110990000000003,DEU,MLI,848330
2551423,71,141,9247,2001,12010.0,0.0,1.079664,1.9842220000000002,ESP,MLI,848330
2551424,77,141,9247,2001,26935.0,0.0,1.653507,0.797582,FRA,MLI,848330
2551425,81,141,9247,2001,6349.0,0.0,1.976894,0.685435,GBR,MLI,848330
2551426,191,141,9247,2001,15506.0,0.0,-0.437779,-0.436654,SEN,MLI,848330
2551427,231,141,9247,2001,42169.0,0.0,1.873674,0.168468,USA,MLI,848330
2551428,246,141,9247,2001,48723.0,0.0,0.356842,2.006155,ZAF,MLI,848330
2551429,14,143,9247,2001,1562.0,0.0,0.29463,0.772375,AUS,MMR,848330
2551430,41,143,9247,2001,79.0,0.0,2.227246,0.553956,CHE,MMR,848330
2551431,97,143,9247,2001,2098.0,0.0,0.521528,2.3025,HKG,MMR,848330
2551432,114,143,9247,2001,399441.0,0.0,2.585857,0.522663,JPN,MMR,848330
2551433,192,143,9247,2001,15114.0,0.0,1.364239,0.721074,SGP,MMR,848330
2551434,18,145,9247,2001,1116.0,0.0,1.4328370000000001,1.408495,BEL,MNG,848330
2551435,59,145,9247,2001,1228.0,0.0,1.485703,1.109305,CZE,MNG,848330
2551436,74,145,9247,2001,930.0,0.0,2.069141,0.9375180000000001,FIN,MNG,848330
2551437,114,145,9247,2001,105525.0,0.0,2.585857,0.522663,JPN,MNG,848330
2551438,186,145,9247,2001,36476.0,0.0,0.945816,0.35027600000000003,RUS,MNG,848330
2551439,231,145,9247,2001,7298.0,0.0,1.873674,0.168468,USA,MNG,848330
2551440,18,148,9247,2001,37293.0,0.0,1.4328370000000001,1.408495,BEL,MRT,848330
2551441,61,148,9247,2001,113626.0,0.0,2.321375,-2.1110990000000003,DEU,MRT,848330
2551442,71,148,9247,2001,1738.0,0.0,1.079664,1.9842220000000002,ESP,MRT,848330
2551443,77,148,9247,2001,12488.0,0.0,1.653507,0.797582,FRA,MRT,848330
2551444,81,148,9247,2001,20204.0,0.0,1.976894,0.685435,GBR,MRT,848330
2551445,114,148,9247,2001,3187.0,0.0,2.585857,0.522663,JPN,MRT,848330
2551446,7,152,9247,2001,969.0,0.0,-0.193984,-0.457124,ARE,MWI,848330
2551447,43,152,9247,2001,4062.0,0.0,0.525171,3.092963,CHN,MWI,848330
2551448,64,152,9247,2001,565.0,0.0,1.261883,1.351875,DNK,MWI,848330
2551449,81,152,9247,2001,1474.0,0.0,1.976894,0.685435,GBR,MWI,848330
2551450,104,152,9247,2001,1145.0,0.0,0.349744,2.665844,IND,MWI,848330
2551451,114,152,9247,2001,3231.0,0.0,2.585857,0.522663,JPN,MWI,848330
2551452,246,152,9247,2001,46160.0,0.0,0.356842,2.006155,ZAF,MWI,848330
2551453,77,154,9247,2001,12222.0,0.0,1.653507,0.797582,FRA,MYT,848330
2551454,39,157,9247,2001,0.0,14074.0,0.971827,1.105171,CAN,NER,848330
2551455,61,157,9247,2001,7556.0,0.0,2.321375,-2.1110990000000003,DEU,NER,848330
2551456,77,157,9247,2001,27426.0,0.0,1.653507,0.797582,FRA,NER,848330
2551457,81,157,9247,2001,0.0,716.0,1.976894,0.685435,GBR,NER,848330
2551458,162,157,9247,2001,4788.0,0.0,1.315685,1.590935,NLD,NER,848330
2551459,208,157,9247,2001,1383.0,0.0,2.156845,0.784439,SWE,NER,848330
2551460,14,182,9247,2001,961.0,0.0,0.29463,0.772375,AUS,PYF,848330
2551461,61,182,9247,2001,1552.0,5166.0,2.321375,-2.1110990000000003,DEU,PYF,848330
2551462,64,182,9247,2001,3311.0,0.0,1.261883,1.351875,DNK,PYF,848330
2551463,77,182,9247,2001,1736.0,0.0,1.653507,0.797582,FRA,PYF,848330
2551464,81,182,9247,2001,2315.0,0.0,1.976894,0.685435,GBR,PYF,848330
2551465,111,182,9247,2001,2344.0,0.0,1.389926,1.282143,ITA,PYF,848330
2551466,114,182,9247,2001,1139.0,0.0,2.585857,0.522663,JPN,PYF,848330
2551467,208,182,9247,2001,321.0,0.0,2.156845,0.784439,SWE,PYF,848330
2551468,231,182,9247,2001,7951.0,0.0,1.873674,0.168468,USA,PYF,848330
2551469,7,187,9247,2001,1272.0,0.0,-0.193984,-0.457124,ARE,RWA,848330
2551470,18,187,9247,2001,988.0,0.0,1.4328370000000001,1.408495,BEL,RWA,848330
2551471,61,187,9247,2001,733.0,0.0,2.321375,-2.1110990000000003,DEU,RWA,848330
2551472,77,187,9247,2001,892.0,0.0,1.653507,0.797582,FRA,RWA,848330
2551473,114,187,9247,2001,2747.0,0.0,2.585857,0.522663,JPN,RWA,848330
2551474,8,190,9247,2001,2537.0,0.0,0.287698,0.547137,ARG,SDN,848330
2551475,15,190,9247,2001,54192.0,0.0,1.8571650000000002,0.603191,AUT,SDN,848330
2551476,18,190,9247,2001,47262.0,0.0,1.4328370000000001,1.408495,BEL,SDN,848330
2551477,43,190,9247,2001,11733.0,0.0,0.525171,3.092963,CHN,SDN,848330
2551478,59,190,9247,2001,5869.0,0.0,1.485703,1.109305,CZE,SDN,848330
2551479,61,190,9247,2001,78914.0,0.0,2.321375,-2.1110990000000003,DEU,SDN,848330
2551480,81,190,9247,2001,44578.0,0.0,1.976894,0.685435,GBR,SDN,848330
2551481,114,190,9247,2001,30223.0,0.0,2.585857,0.522663,JPN,SDN,848330
2551482,138,190,9247,2001,28483.0,0.0,0.797058,0.713234,MEX,SDN,848330
2551483,162,190,9247,2001,8116.0,0.0,1.315685,1.590935,NLD,SDN,848330
2551484,224,190,9247,2001,24797.0,0.0,0.188773,1.91451,TUR,SDN,848330
2551485,7,211,9247,2001,2638.0,0.0,-0.193984,-0.457124,ARE,SYC,848330
2551486,15,211,9247,2001,17908.0,0.0,1.8571650000000002,0.603191,AUT,SYC,848330
2551487,18,211,9247,2001,15409.0,0.0,1.4328370000000001,1.408495,BEL,SYC,848330
2551488,61,211,9247,2001,1781.0,0.0,2.321375,-2.1110990000000003,DEU,SYC,848330
2551489,81,211,9247,2001,7165.0,0.0,1.976894,0.685435,GBR,SYC,848330
2551490,111,211,9247,2001,1645.0,0.0,1.389926,1.282143,ITA,SYC,848330
2551491,114,211,9247,2001,922.0,0.0,2.585857,0.522663,JPN,SYC,848330
2551492,162,211,9247,2001,2583.0,0.0,1.315685,1.590935,NLD,SYC,848330
2551493,192,211,9247,2001,2937.0,0.0,1.364239,0.721074,SGP,SYC,848330
2551494,246,211,9247,2001,1260.0,0.0,0.356842,2.006155,ZAF,SYC,848330
2551495,77,215,9247,2001,2455.0,0.0,1.653507,0.797582,FRA,TGO,848330
2551496,111,215,9247,2001,5490.0,0.0,1.389926,1.282143,ITA,TGO,848330
2551497,114,215,9247,2001,2020.0,0.0,2.585857,0.522663,JPN,TGO,848330
2551498,18,243,9247,2001,99649.0,0.0,1.4328370000000001,1.408495,BEL,YEM,848330
2551499,32,243,9247,2001,4575.0,0.0,0.672496,1.051848,BRA,YEM,848330
2551500,43,243,9247,2001,76204.0,0.0,0.525171,3.092963,CHN,YEM,848330
2551501,61,243,9247,2001,97000.0,0.0,2.321375,-2.1110990000000003,DEU,YEM,848330
2551502,77,243,9247,2001,1791.0,0.0,1.653507,0.797582,FRA,YEM,848330
2551503,81,243,9247,2001,22097.0,0.0,1.976894,0.685435,GBR,YEM,848330
2551504,111,243,9247,2001,151373.0,0.0,1.389926,1.282143,ITA,YEM,848330
2551505,114,243,9247,2001,673870.0,0.0,2.585857,0.522663,JPN,YEM,848330
2551506,186,243,9247,2001,23462.0,0.0,0.945816,0.35027600000000003,RUS,YEM,848330
2551507,192,243,9247,2001,178844.0,0.0,1.364239,0.721074,SGP,YEM,848330
2551508,208,243,9247,2001,8444.0,0.0,2.156845,0.784439,SWE,YEM,848330
2551509,231,243,9247,2001,20808.0,0.0,1.873674,0.168468,USA,YEM,848330
2551510,249,243,9247,2001,2059.0,0.0,1.5731700000000002,1.353159,TWN,YEM,848330
2551511,23,2,9247,2001,2429.0,0.0,0.41425100000000004,1.639866,BGR,AGO,848330
2551512,32,2,9247,2001,23961.0,0.0,0.672496,1.051848,BRA,AGO,848330
2551513,61,2,9247,2001,52000.0,0.0,2.321375,-2.1110990000000003,DEU,AGO,848330
2551514,77,2,9247,2001,7167.0,0.0,1.653507,0.797582,FRA,AGO,848330
2551515,179,2,9247,2001,43516.0,0.0,0.482048,1.662123,PRT,AGO,848330
2551516,231,2,9247,2001,94976.0,0.0,1.873674,0.168468,USA,AGO,848330
2551517,246,2,9247,2001,69227.0,0.0,0.356842,2.006155,ZAF,AGO,848330
2551518,15,26,9247,2001,19113.0,2658.0,1.8571650000000002,0.603191,AUT,BIH,848330
2551519,18,26,9247,2001,5587.0,0.0,1.4328370000000001,1.408495,BEL,BIH,848330
2551520,61,26,9247,2001,280000.0,0.0,2.321375,-2.1110990000000003,DEU,BIH,848330
2551521,100,26,9247,2001,72894.0,4539.0,0.544596,0.969535,HRV,BIH,848330
2551522,102,26,9247,2001,1000.0,0.0,1.102262,1.138016,HUN,BIH,848330
2551523,189,26,9247,2001,77864.0,6808.0,0.45280200000000004,2.469852,SCG,BIH,848330
2551524,207,26,9247,2001,2696.0,4014.0,1.5074370000000001,1.1370040000000001,SVN,BIH,848330
2551525,224,26,9247,2001,2243.0,0.0,0.188773,1.91451,TUR,BIH,848330
2551526,18,46,9247,2001,4970.0,0.0,1.4328370000000001,1.408495,BEL,COD,848330
2551527,59,46,9247,2001,1127.0,0.0,1.485703,1.109305,CZE,COD,848330
2551528,61,46,9247,2001,7000.0,0.0,2.321375,-2.1110990000000003,DEU,COD,848330
2551529,246,46,9247,2001,4847.0,0.0,0.356842,2.006155,ZAF,COD,848330
2551530,15,47,9247,2001,48852.0,0.0,1.8571650000000002,0.603191,AUT,COG,848330
2551531,18,47,9247,2001,4097.0,0.0,1.4328370000000001,1.408495,BEL,COG,848330
2551532,32,47,9247,2001,11349.0,0.0,0.672496,1.051848,BRA,COG,848330
2551533,61,47,9247,2001,6000.0,0.0,2.321375,-2.1110990000000003,DEU,COG,848330
2551534,77,47,9247,2001,15233.0,0.0,1.653507,0.797582,FRA,COG,848330
2551535,80,47,9247,2001,2061.0,0.0,-1.063007,-1.181284,GAB,COG,848330
2551536,114,47,9247,2001,8202.0,0.0,2.585857,0.522663,JPN,COG,848330
2551537,124,47,9247,2001,1045.0,0.0,0.165355,0.988008,LBN,COG,848330
2551538,231,47,9247,2001,8781.0,0.0,1.873674,0.168468,USA,COG,848330
2551539,14,75,9247,2001,1252.0,0.0,0.29463,0.772375,AUS,FJI,848330
2551540,18,75,9247,2001,1532.0,0.0,1.4328370000000001,1.408495,BEL,FJI,848330
2551541,39,75,9247,2001,4446.0,0.0,0.971827,1.105171,CAN,FJI,848330
2551542,61,75,9247,2001,11000.0,0.0,2.321375,-2.1110990000000003,DEU,FJI,848330
2551543,114,75,9247,2001,43489.0,0.0,2.585857,0.522663,JPN,FJI,848330
2551544,166,75,9247,2001,12254.0,0.0,0.521409,0.683134,NZL,FJI,848330
2551545,192,75,9247,2001,2647.0,0.0,1.364239,0.721074,SGP,FJI,848330
2551546,231,75,9247,2001,7900.0,0.0,1.873674,0.168468,USA,FJI,848330
2551547,61,78,9247,2001,404.0,0.0,2.321375,-2.1110990000000003,DEU,FRO,848330
2551548,64,78,9247,2001,6689.0,0.0,1.261883,1.351875,DNK,FRO,848330
2551549,81,78,9247,2001,1477.0,0.0,1.976894,0.685435,GBR,FRO,848330
2551550,114,78,9247,2001,1035.0,0.0,2.585857,0.522663,JPN,FRO,848330
2551551,163,78,9247,2001,4465.0,0.0,0.974814,0.06512000000000001,NOR,FRO,848330
2551552,61,89,9247,2001,16000.0,0.0,2.321375,-2.1110990000000003,DEU,GNQ,848330
2551553,71,89,9247,2001,1350.0,0.0,1.079664,1.9842220000000002,ESP,GNQ,848330
2551554,77,89,9247,2001,5385.0,0.0,1.653507,0.797582,FRA,GNQ,848330
2551555,231,89,9247,2001,50858.0,0.0,1.873674,0.168468,USA,GNQ,848330
2551556,8,101,9247,2001,2511.0,0.0,0.287698,0.547137,ARG,HTI,848330
2551557,32,101,9247,2001,2753.0,0.0,0.672496,1.051848,BRA,HTI,848330
2551558,114,101,9247,2001,37626.0,0.0,2.585857,0.522663,JPN,HTI,848330
2551559,231,101,9247,2001,16244.0,0.0,1.873674,0.168468,USA,HTI,848330
2551560,249,101,9247,2001,16589.0,0.0,1.5731700000000002,1.353159,TWN,HTI,848330
2551561,15,196,9247,2001,0.0,10484.0,1.8571650000000002,0.603191,AUT,SLE,848330
2551562,114,196,9247,2001,48611.0,0.0,2.585857,0.522663,JPN,SLE,848330
2551563,18,214,9247,2001,3622.0,0.0,1.4328370000000001,1.408495,BEL,TCD,848330
2551564,44,214,9247,2001,2754.0,0.0,-0.715949,-0.524428,CIV,TCD,848330
2551565,15,84,9247,2001,1993.0,0.0,1.8571650000000002,0.603191,AUT,GIB,848330
2551566,114,84,9247,2001,1696.0,0.0,2.585857,0.522663,JPN,GIB,848330
2551567,15,217,9247,2001,60569.0,0.0,1.8571650000000002,0.603191,AUT,TJK,848330
2551568,66,217,9247,2001,0.0,1235.0,-0.663363,-1.158295,DZA,TJK,848330
2551569,186,217,9247,2001,5511.0,0.0,0.945816,0.35027600000000003,RUS,TJK,848330
2551570,114,221,9247,2001,7550.0,0.0,2.585857,0.522663,JPN,TON,848330
2551571,166,221,9247,2001,1107.0,0.0,0.521409,0.683134,NZL,TON,848330
2551572,61,127,9247,2001,23460.0,0.0,2.321375,-2.1110990000000003,DEU,LCA,848330
2551573,74,127,9247,2001,1868.0,0.0,2.069141,0.9375180000000001,FIN,LCA,848330
2551574,81,127,9247,2001,7912.0,0.0,1.976894,0.685435,GBR,LCA,848330
2551575,114,127,9247,2001,4180.0,0.0,2.585857,0.522663,JPN,LCA,848330
2551576,222,127,9247,2001,1484.0,0.0,0.178256,-0.709126,TTO,LCA,848330
2551577,231,127,9247,2001,10343.0,0.0,1.873674,0.168468,USA,LCA,848330
2551578,18,1,9247,2001,3833.0,0.0,1.4328370000000001,1.408495,BEL,AFG,848330
2551579,61,1,9247,2001,18000.0,0.0,2.321375,-2.1110990000000003,DEU,AFG,848330
2551580,14,10,9247,2001,1820.0,0.0,0.29463,0.772375,AUS,ASM,848330
2551581,166,10,9247,2001,3316.0,0.0,0.521409,0.683134,NZL,ASM,848330
2551582,41,30,9247,2001,46372.0,0.0,2.227246,0.553956,CHE,BMU,848330
2551583,61,30,9247,2001,1000.0,0.0,2.321375,-2.1110990000000003,DEU,BMU,848330
2551584,114,30,9247,2001,159232.0,0.0,2.585857,0.522663,JPN,BMU,848330
2551585,166,48,9247,2001,2267.0,0.0,0.521409,0.683134,NZL,COK,848330
2551586,114,57,9247,2001,32034.0,0.0,2.585857,0.522663,JPN,CYM,848330
2551587,231,57,9247,2001,9217.0,0.0,1.873674,0.168468,USA,CYM,848330
2551588,73,62,9247,2001,0.0,2585.0,-0.999149,-0.904072,ETH,DJI,848330
2551589,111,62,9247,2001,5330.0,0.0,1.389926,1.282143,ITA,DJI,848330
2551590,114,62,9247,2001,32405.0,0.0,2.585857,0.522663,JPN,DJI,848330
2551591,18,69,9247,2001,53038.0,0.0,1.4328370000000001,1.408495,BEL,ERI,848330
2551592,61,69,9247,2001,18000.0,0.0,2.321375,-2.1110990000000003,DEU,ERI,848330
2551593,114,69,9247,2001,55940.0,0.0,2.585857,0.522663,JPN,ERI,848330
2551594,231,69,9247,2001,7850.0,0.0,1.873674,0.168468,USA,ERI,848330
2551595,14,79,9247,2001,2566.0,0.0,0.29463,0.772375,AUS,FSM,848330
2551596,61,95,9247,2001,6000.0,0.0,2.321375,-2.1110990000000003,DEU,GUM,848330
2551597,114,95,9247,2001,7230.0,0.0,2.585857,0.522663,JPN,GUM,848330
2551598,186,123,9247,2001,2581.0,0.0,0.945816,0.35027600000000003,RUS,LAO,848330
2551599,15,125,9247,2001,1528.0,0.0,1.8571650000000002,0.603191,AUT,LBR,848330
2551600,41,125,9247,2001,251239.0,0.0,2.227246,0.553956,CHE,LBR,848330
2551601,61,125,9247,2001,30000.0,0.0,2.321375,-2.1110990000000003,DEU,LBR,848330
2551602,83,125,9247,2001,0.0,6194.0,-0.961067,-0.780449,GHA,LBR,848330
2551603,90,125,9247,2001,0.0,26399.0,0.31387600000000004,1.3614600000000001,GRC,LBR,848330
2551604,114,125,9247,2001,1518378.0,0.0,2.585857,0.522663,JPN,LBR,848330
2551605,231,125,9247,2001,0.0,1684.0,1.873674,0.168468,USA,LBR,848330
2551606,41,139,9247,2001,3857.0,0.0,2.227246,0.553956,CHE,MHL,848330
2551607,114,139,9247,2001,92619.0,0.0,2.585857,0.522663,JPN,MHL,848330
2551608,114,146,9247,2001,120947.0,0.0,2.585857,0.522663,JPN,MNP,848330
2551609,14,156,9247,2001,50839.0,3238.0,0.29463,0.772375,AUS,NCL,848330
2551610,61,156,9247,2001,18220.0,2040.0,2.321375,-2.1110990000000003,DEU,NCL,848330
2551611,64,156,9247,2001,10921.0,0.0,1.261883,1.351875,DNK,NCL,848330
2551612,77,156,9247,2001,25217.0,0.0,1.653507,0.797582,FRA,NCL,848330
2551613,111,156,9247,2001,1055.0,0.0,1.389926,1.282143,ITA,NCL,848330
2551614,114,156,9247,2001,3561.0,0.0,2.585857,0.522663,JPN,NCL,848330
2551615,166,156,9247,2001,2108.0,0.0,0.521409,0.683134,NZL,NCL,848330
2551616,208,156,9247,2001,701.0,0.0,2.156845,0.784439,SWE,NCL,848330
2551617,231,156,9247,2001,10175.0,0.0,1.873674,0.168468,USA,NCL,848330
2551618,59,164,9247,2001,5776.0,0.0,1.485703,1.109305,CZE,NPL,848330
2551619,97,164,9247,2001,1337.0,0.0,0.521528,2.3025,HKG,NPL,848330
2551620,104,164,9247,2001,1522.0,0.0,0.349744,2.665844,IND,NPL,848330
2551621,114,164,9247,2001,3220.0,0.0,2.585857,0.522663,JPN,NPL,848330
2551622,61,181,9247,2001,9000.0,0.0,2.321375,-2.1110990000000003,DEU,PSE,848330
2551623,192,195,9247,2001,9024.0,0.0,1.364239,0.721074,SGP,SLB,848330
2551624,114,220,9247,2001,87283.0,0.0,2.585857,0.522663,JPN,TLS,848330
2551625,208,225,9247,2001,83930.0,66013.0,2.156845,0.784439,SWE,TUV,848330
2551626,224,229,9247,2001,0.0,40735.0,0.188773,1.91451,TUR,UMI,848330
2551627,114,240,9247,2001,5616.0,0.0,2.585857,0.522663,JPN,VUT,848330
2551628,166,242,9247,2001,1345.0,0.0,0.521409,0.683134,NZL,WSM,848330
2551629,231,242,9247,2001,1124.0,0.0,1.873674,0.168468,USA,WSM,848330
2551630,18,38,9247,2001,6683.0,0.0,1.4328370000000001,1.408495,BEL,CAF,848330
2551631,77,38,9247,2001,3041.0,0.0,1.653507,0.797582,FRA,CAF,848330
2551632,114,38,9247,2001,15508.0,0.0,2.585857,0.522663,JPN,CAF,848330
2551633,250,38,9247,2001,2850.0,0.0,1.096023,-0.33562600000000004,ANS,CAF,848330
2551634,73,213,9247,2001,0.0,1136.0,-0.999149,-0.904072,ETH,TCA,848330
2551635,61,92,9247,2001,49638.0,0.0,2.321375,-2.1110990000000003,DEU,GRL,848330
2551636,64,92,9247,2001,10454.0,0.0,1.261883,1.351875,DNK,GRL,848330
2551637,114,92,9247,2001,5254.0,0.0,2.585857,0.522663,JPN,GRL,848330
2551638,250,92,9247,2001,1467.0,0.0,1.096023,-0.33562600000000004,ANS,GRL,848330
2551639,246,129,9247,2001,17921.0,0.0,0.356842,2.006155,ZAF,LSO,848330
2551640,231,233,9247,2001,4410.0,0.0,1.873674,0.168468,USA,VAT,848330
2551641,114,11,9247,2001,5863.0,0.0,2.585857,0.522663,JPN,ATA,848330
2551642,61,218,9247,2001,3000.0,0.0,2.321375,-2.1110990000000003,DEU,TKL,848330
2551643,114,218,9247,2001,11323.0,0.0,2.585857,0.522663,JPN,TKL,848330
2551644,32,6,9253,2001,1983.0,0.0,0.672496,1.051848,BRA,ANT,848490
2551645,61,6,9253,2001,7000.0,0.0,2.321375,-2.1110990000000003,DEU,ANT,848490
2551646,71,6,9253,2001,8661.0,0.0,1.079664,1.9842220000000002,ESP,ANT,848490
2551647,111,6,9253,2001,47178.0,0.0,1.389926,1.282143,ITA,ANT,848490
2551648,162,6,9253,2001,76240.0,0.0,1.315685,1.590935,NLD,ANT,848490
2551649,173,6,9253,2001,0.0,1638.0,-0.345519,0.202623,PER,ANT,848490
2551650,231,6,9253,2001,3841.0,0.0,1.873674,0.168468,USA,ANT,848490
2551651,236,6,9253,2001,0.0,6484.0,0.261158,-0.7397,VEN,ANT,848490
2551652,14,8,9253,2001,2581.0,0.0,0.29463,0.772375,AUS,ARG,848490
2551653,15,8,9253,2001,5571.0,0.0,1.8571650000000002,0.603191,AUT,ARG,848490
2551654,18,8,9253,2001,17294.0,0.0,1.4328370000000001,1.408495,BEL,ARG,848490
2551655,31,8,9253,2001,0.0,6627.0,-0.680108,-0.678143,BOL,ARG,848490
2551656,32,8,9253,2001,812812.0,890923.0,0.672496,1.051848,BRA,ARG,848490
2551657,39,8,9253,2001,13329.0,4286.0,0.971827,1.105171,CAN,ARG,848490
2551658,41,8,9253,2001,29656.0,0.0,2.227246,0.553956,CHE,ARG,848490
2551659,42,8,9253,2001,1718.0,38025.0,-0.004658,-0.002548,CHL,ARG,848490
2551660,43,8,9253,2001,13653.0,0.0,0.525171,3.092963,CHN,ARG,848490
2551661,49,8,9253,2001,0.0,7688.0,0.30412,0.395913,COL,ARG,848490
2551662,54,8,9253,2001,0.0,2264.0,-0.443391,-0.9599030000000001,CUB,ARG,848490
2551663,61,8,9253,2001,290363.0,21587.0,2.321375,-2.1110990000000003,DEU,ARG,848490
2551664,64,8,9253,2001,9811.0,0.0,1.261883,1.351875,DNK,ARG,848490
2551665,65,8,9253,2001,0.0,6453.0,-0.538419,-0.48773900000000003,DOM,ARG,848490
2551666,66,8,9253,2001,0.0,11908.0,-0.663363,-1.158295,DZA,ARG,848490
2551667,67,8,9253,2001,0.0,8674.0,-0.852642,-0.896374,ECU,ARG,848490
2551668,71,8,9253,2001,644531.0,4662.0,1.079664,1.9842220000000002,ESP,ARG,848490
2551669,74,8,9253,2001,1636.0,0.0,2.069141,0.9375180000000001,FIN,ARG,848490
2551670,77,8,9253,2001,122096.0,356458.0,1.653507,0.797582,FRA,ARG,848490
2551671,81,8,9253,2001,625254.0,0.0,1.976894,0.685435,GBR,ARG,848490
2551672,102,8,9253,2001,608.0,3471.0,1.102262,1.138016,HUN,ARG,848490
2551673,103,8,9253,2001,0.0,2127.0,-0.167771,1.6587889999999998,IDN,ARG,848490
2551674,104,8,9253,2001,2688.0,5884.0,0.349744,2.665844,IND,ARG,848490
2551675,106,8,9253,2001,876.0,0.0,1.664233,0.129983,IRL,ARG,848490
2551676,110,8,9253,2001,274363.0,0.0,1.374873,0.775594,ISR,ARG,848490
2551677,111,8,9253,2001,242697.0,0.0,1.389926,1.282143,ITA,ARG,848490
2551678,114,8,9253,2001,134386.0,0.0,2.585857,0.522663,JPN,ARG,848490
2551679,115,8,9253,2001,763.0,0.0,0.009714,-0.525899,KAZ,ARG,848490
2551680,121,8,9253,2001,37596.0,0.0,1.145797,1.0762399999999999,KOR,ARG,848490
2551681,126,8,9253,2001,0.0,12580.0,-0.9321459999999999,-1.198124,LBY,ARG,848490
2551682,131,8,9253,2001,1624.0,0.0,1.470895,1.149007,LUX,ARG,848490
2551683,138,8,9253,2001,14815.0,30074.0,0.797058,0.713234,MEX,ARG,848490
2551684,159,8,9253,2001,0.0,114752.0,-1.966439,-1.2724520000000001,NGA,ARG,848490
2551685,162,8,9253,2001,8713.0,2171.0,1.315685,1.590935,NLD,ARG,848490
2551686,163,8,9253,2001,1542.0,0.0,0.974814,0.06512000000000001,NOR,ARG,848490
2551687,166,8,9253,2001,791.0,0.0,0.521409,0.683134,NZL,ARG,848490
2551688,173,8,9253,2001,21756.0,9632.0,-0.345519,0.202623,PER,ARG,848490
2551689,174,8,9253,2001,0.0,10074.0,-0.028201,-0.112349,PHL,ARG,848490
2551690,180,8,9253,2001,0.0,32880.0,-0.68893,-0.9326690000000001,PRY,ARG,848490
2551691,192,8,9253,2001,1264.0,0.0,1.364239,0.721074,SGP,ARG,848490
2551692,197,8,9253,2001,0.0,3647.0,-0.181554,-0.031294,SLV,ARG,848490
2551693,208,8,9253,2001,5435.0,0.0,2.156845,0.784439,SWE,ARG,848490
2551694,224,8,9253,2001,2304.0,0.0,0.188773,1.91451,TUR,ARG,848490
2551695,230,8,9253,2001,0.0,62407.0,0.36029,0.298869,URY,ARG,848490
2551696,231,8,9253,2001,530324.0,21145.0,1.873674,0.168468,USA,ARG,848490
2551697,236,8,9253,2001,0.0,13504.0,0.261158,-0.7397,VEN,ARG,848490
2551698,249,8,9253,2001,144510.0,1327.0,1.5731700000000002,1.353159,TWN,ARG,848490
2551699,250,8,9253,2001,194735.0,0.0,1.096023,-0.33562600000000004,ANS,ARG,848490
2551700,8,14,9253,2001,0.0,2581.0,0.287698,0.547137,ARG,AUS,848490
2551701,15,14,9253,2001,79962.0,974.0,1.8571650000000002,0.603191,AUT,AUS,848490
2551702,18,14,9253,2001,274013.0,5206.0,1.4328370000000001,1.408495,BEL,AUS,848490
2551703,32,14,9253,2001,4940.0,12528.0,0.672496,1.051848,BRA,AUS,848490
2551704,34,14,9253,2001,0.0,2867.0,-0.8654209999999999,-0.930599,BRN,AUS,848490
2551705,39,14,9253,2001,43362.0,4063.0,0.971827,1.105171,CAN,AUS,848490
2551706,41,14,9253,2001,23206.0,0.0,2.227246,0.553956,CHE,AUS,848490
2551707,43,14,9253,2001,21602.0,12453.0,0.525171,3.092963,CHN,AUS,848490
2551708,49,14,9253,2001,0.0,2123.0,0.30412,0.395913,COL,AUS,848490
2551709,58,14,9253,2001,0.0,17817.0,0.381251,0.257802,CYP,AUS,848490
2551710,59,14,9253,2001,17654.0,0.0,1.485703,1.109305,CZE,AUS,848490
2551711,61,14,9253,2001,1603646.0,3303.0,2.321375,-2.1110990000000003,DEU,AUS,848490
2551712,64,14,9253,2001,17768.0,0.0,1.261883,1.351875,DNK,AUS,848490
2551713,71,14,9253,2001,552224.0,9517.0,1.079664,1.9842220000000002,ESP,AUS,848490
2551714,74,14,9253,2001,32480.0,0.0,2.069141,0.9375180000000001,FIN,AUS,848490
2551715,75,14,9253,2001,0.0,14663.0,-0.954702,-0.602761,FJI,AUS,848490
2551716,77,14,9253,2001,242356.0,2279.0,1.653507,0.797582,FRA,AUS,848490
2551717,81,14,9253,2001,1473466.0,31051.0,1.976894,0.685435,GBR,AUS,848490
2551718,83,14,9253,2001,0.0,4133.0,-0.961067,-0.780449,GHA,AUS,848490
2551719,90,14,9253,2001,0.0,26988.0,0.31387600000000004,1.3614600000000001,GRC,AUS,848490
2551720,97,14,9253,2001,9101.0,8746.0,0.521528,2.3025,HKG,AUS,848490
2551721,102,14,9253,2001,1747.0,2430.0,1.102262,1.138016,HUN,AUS,848490
2551722,103,14,9253,2001,3733.0,30420.0,-0.167771,1.6587889999999998,IDN,AUS,848490
2551723,104,14,9253,2001,22732.0,8872.0,0.349744,2.665844,IND,AUS,848490
2551724,106,14,9253,2001,76327.0,3973.0,1.664233,0.129983,IRL,AUS,848490
2551725,107,14,9253,2001,0.0,2502.0,-0.7732479999999999,-0.8979370000000001,IRN,AUS,848490
2551726,110,14,9253,2001,7255.0,0.0,1.374873,0.775594,ISR,AUS,848490
2551727,111,14,9253,2001,222966.0,9239.0,1.389926,1.282143,ITA,AUS,848490
2551728,114,14,9253,2001,1802712.0,81893.0,2.585857,0.522663,JPN,AUS,848490
2551729,116,14,9253,2001,0.0,17989.0,-0.529388,0.092271,KEN,AUS,848490
2551730,121,14,9253,2001,15616.0,5812.0,1.145797,1.0762399999999999,KOR,AUS,848490
2551731,124,14,9253,2001,0.0,1931.0,0.165355,0.988008,LBN,AUS,848490
2551732,128,14,9253,2001,0.0,2471.0,-0.722434,-0.033818,LKA,AUS,848490
2551733,134,14,9253,2001,0.0,5546.0,-0.75275,-0.280397,MAR,AUS,848490
2551734,138,14,9253,2001,0.0,6903.0,0.797058,0.713234,MEX,AUS,848490
2551735,151,14,9253,2001,0.0,1216.0,-0.410422,-0.5868369999999999,MUS,AUS,848490
2551736,153,14,9253,2001,2741.0,6048.0,0.768174,0.307033,MYS,AUS,848490
2551737,156,14,9253,2001,1937.0,3048.0,-0.837087,-0.9207040000000001,NCL,AUS,848490
2551738,162,14,9253,2001,23119.0,1386.0,1.315685,1.590935,NLD,AUS,848490
2551739,163,14,9253,2001,10408.0,0.0,0.974814,0.06512000000000001,NOR,AUS,848490
2551740,166,14,9253,2001,41200.0,789970.0,0.521409,0.683134,NZL,AUS,848490
2551741,167,14,9253,2001,0.0,6674.0,-0.909329,-1.189698,OMN,AUS,848490
2551742,173,14,9253,2001,0.0,2339.0,-0.345519,0.202623,PER,AUS,848490
2551743,174,14,9253,2001,3685.0,4966.0,-0.028201,-0.112349,PHL,AUS,848490
2551744,176,14,9253,2001,1809.0,94713.0,-1.503929,-1.199463,PNG,AUS,848490
2551745,177,14,9253,2001,0.0,930.0,0.9474540000000001,1.8408220000000002,POL,AUS,848490
2551746,182,14,9253,2001,0.0,12504.0,-0.005456,-0.7210770000000001,PYF,AUS,848490
2551747,183,14,9253,2001,0.0,4961.0,-0.46564799999999995,-1.127634,QAT,AUS,848490
2551748,186,14,9253,2001,0.0,927.0,0.945816,0.35027600000000003,RUS,AUS,848490
2551749,188,14,9253,2001,0.0,3317.0,0.5370550000000001,-0.793469,SAU,AUS,848490
2551750,192,14,9253,2001,172724.0,28804.0,1.364239,0.721074,SGP,AUS,848490
2551751,206,14,9253,2001,1721.0,0.0,1.1732770000000001,1.088576,SVK,AUS,848490
2551752,208,14,9253,2001,149583.0,0.0,2.156845,0.784439,SWE,AUS,848490
2551753,216,14,9253,2001,0.0,29273.0,0.37555900000000003,1.498267,THA,AUS,848490
2551754,224,14,9253,2001,4230.0,1429.0,0.188773,1.91451,TUR,AUS,848490
2551755,226,14,9253,2001,0.0,5714.0,-1.193991,-0.49282200000000004,TZA,AUS,848490
2551756,230,14,9253,2001,6090.0,0.0,0.36029,0.298869,URY,AUS,848490
2551757,231,14,9253,2001,1808348.0,346309.0,1.873674,0.168468,USA,AUS,848490
2551758,239,14,9253,2001,0.0,2122.0,-0.6692130000000001,0.610992,VNM,AUS,848490
2551759,242,14,9253,2001,0.0,5879.0,-0.361456,-0.690474,WSM,AUS,848490
2551760,246,14,9253,2001,11644.0,17867.0,0.356842,2.006155,ZAF,AUS,848490
2551761,248,14,9253,2001,0.0,2276.0,-0.6321829999999999,-0.453671,ZWE,AUS,848490
2551762,249,14,9253,2001,683087.0,6819.0,1.5731700000000002,1.353159,TWN,AUS,848490
2551763,250,14,9253,2001,0.0,3527.0,1.096023,-0.33562600000000004,ANS,AUS,848490
2551764,4,15,9253,2001,0.0,1057.0,-0.054125,0.104298,ALB,AUT,848490
2551765,7,15,9253,2001,15144.0,10887.0,-0.193984,-0.457124,ARE,AUT,848490
2551766,8,15,9253,2001,0.0,5571.0,0.287698,0.547137,ARG,AUT,848490
2551767,14,15,9253,2001,974.0,79962.0,0.29463,0.772375,AUS,AUT,848490
2551768,16,15,9253,2001,0.0,4209.0,-0.6731090000000001,-1.037922,AZE,AUT,848490
2551769,18,15,9253,2001,427853.0,89372.0,1.4328370000000001,1.408495,BEL,AUT,848490
2551770,22,15,9253,2001,0.0,2697.0,-1.0406739999999999,-1.010108,BGD,AUT,848490
2551771,23,15,9253,2001,57165.0,56898.0,0.41425100000000004,1.639866,BGR,AUT,848490
2551772,26,15,9253,2001,0.0,15068.0,0.238083,0.362643,BIH,AUT,848490
2551773,28,15,9253,2001,0.0,24134.0,0.804404,0.936773,BLR,AUT,848490
2551774,32,15,9253,2001,2217.0,94438.0,0.672496,1.051848,BRA,AUT,848490
2551775,35,15,9253,2001,0.0,1366.0,0.380727,-0.529766,BTN,AUT,848490
2551776,39,15,9253,2001,23506.0,671698.0,0.971827,1.105171,CAN,AUT,848490
2551777,41,15,9253,2001,114766.0,141147.0,2.227246,0.553956,CHE,AUT,848490
2551778,42,15,9253,2001,0.0,3600.0,-0.004658,-0.002548,CHL,AUT,848490
2551779,43,15,9253,2001,7755.0,267485.0,0.525171,3.092963,CHN,AUT,848490
2551780,44,15,9253,2001,0.0,1531.0,-0.715949,-0.524428,CIV,AUT,848490
2551781,49,15,9253,2001,0.0,2795.0,0.30412,0.395913,COL,AUT,848490
2551782,58,15,9253,2001,0.0,2737.0,0.381251,0.257802,CYP,AUT,848490
2551783,59,15,9253,2001,8325.0,457992.0,1.485703,1.109305,CZE,AUT,848490
2551784,61,15,9253,2001,3614264.0,1882719.0,2.321375,-2.1110990000000003,DEU,AUT,848490
2551785,64,15,9253,2001,54284.0,86766.0,1.261883,1.351875,DNK,AUT,848490
2551786,65,15,9253,2001,0.0,3022.0,-0.538419,-0.48773900000000003,DOM,AUT,848490
2551787,66,15,9253,2001,0.0,1073.0,-0.663363,-1.158295,DZA,AUT,848490
2551788,67,15,9253,2001,0.0,977.0,-0.852642,-0.896374,ECU,AUT,848490
2551789,68,15,9253,2001,0.0,22409.0,-0.373576,0.366385,EGY,AUT,848490
2551790,71,15,9253,2001,80844.0,126291.0,1.079664,1.9842220000000002,ESP,AUT,848490
2551791,73,15,9253,2001,0.0,1420.0,-0.999149,-0.904072,ETH,AUT,848490
2551792,74,15,9253,2001,87804.0,40498.0,2.069141,0.9375180000000001,FIN,AUT,848490
2551793,77,15,9253,2001,503503.0,292740.0,1.653507,0.797582,FRA,AUT,848490
2551794,81,15,9253,2001,25581.0,285917.0,1.976894,0.685435,GBR,AUT,848490
2551795,82,15,9253,2001,0.0,3343.0,0.585568,-0.047744999999999996,GEO,AUT,848490
2551796,83,15,9253,2001,0.0,21516.0,-0.961067,-0.780449,GHA,AUT,848490
2551797,90,15,9253,2001,0.0,31640.0,0.31387600000000004,1.3614600000000001,GRC,AUT,848490
2551798,93,15,9253,2001,0.0,1032.0,-0.5089520000000001,0.216677,GTM,AUT,848490
2551799,97,15,9253,2001,0.0,18655.0,0.521528,2.3025,HKG,AUT,848490
2551800,100,15,9253,2001,0.0,181888.0,0.544596,0.969535,HRV,AUT,848490
2551801,102,15,9253,2001,43219.0,657094.0,1.102262,1.138016,HUN,AUT,848490
2551802,103,15,9253,2001,0.0,41627.0,-0.167771,1.6587889999999998,IDN,AUT,848490
2551803,104,15,9253,2001,0.0,25428.0,0.349744,2.665844,IND,AUT,848490
2551804,106,15,9253,2001,6477.0,15651.0,1.664233,0.129983,IRL,AUT,848490
2551805,107,15,9253,2001,1344.0,49772.0,-0.7732479999999999,-0.8979370000000001,IRN,AUT,848490
2551806,108,15,9253,2001,0.0,2032.0,-1.115465,-0.883028,IRQ,AUT,848490
2551807,109,15,9253,2001,0.0,3946.0,0.032382999999999995,-0.51054,ISL,AUT,848490
2551808,110,15,9253,2001,0.0,5315.0,1.374873,0.775594,ISR,AUT,848490
2551809,111,15,9253,2001,510181.0,349236.0,1.389926,1.282143,ITA,AUT,848490
2551810,113,15,9253,2001,0.0,4020.0,0.375134,0.581558,JOR,AUT,848490
2551811,114,15,9253,2001,13693.0,146042.0,2.585857,0.522663,JPN,AUT,848490
2551812,115,15,9253,2001,0.0,882.0,0.009714,-0.525899,KAZ,AUT,848490
2551813,116,15,9253,2001,982.0,0.0,-0.529388,0.092271,KEN,AUT,848490
2551814,121,15,9253,2001,16838.0,126067.0,1.145797,1.0762399999999999,KOR,AUT,848490
2551815,124,15,9253,2001,0.0,2041.0,0.165355,0.988008,LBN,AUT,848490
2551816,126,15,9253,2001,0.0,8713.0,-0.9321459999999999,-1.198124,LBY,AUT,848490
2551817,128,15,9253,2001,0.0,4563.0,-0.722434,-0.033818,LKA,AUT,848490
2551818,130,15,9253,2001,0.0,1496.0,0.15706900000000001,0.416663,LTU,AUT,848490
2551819,131,15,9253,2001,3034.0,13096.0,1.470895,1.149007,LUX,AUT,848490
2551820,132,15,9253,2001,0.0,4031.0,0.404136,0.461009,LVA,AUT,848490
2551821,134,15,9253,2001,0.0,2018.0,-0.75275,-0.280397,MAR,AUT,848490
2551822,135,15,9253,2001,0.0,916.0,-0.024822,-0.15323399999999998,MDA,AUT,848490
2551823,138,15,9253,2001,0.0,34120.0,0.797058,0.713234,MEX,AUT,848490
2551824,140,15,9253,2001,0.0,5695.0,0.033097,0.43516499999999997,MKD,AUT,848490
2551825,142,15,9253,2001,2899.0,0.0,1.065032,-0.065239,MLT,AUT,848490
2551826,153,15,9253,2001,0.0,52016.0,0.768174,0.307033,MYS,AUT,848490
2551827,162,15,9253,2001,118911.0,132946.0,1.315685,1.590935,NLD,AUT,848490
2551828,163,15,9253,2001,3176.0,153817.0,0.974814,0.06512000000000001,NOR,AUT,848490
2551829,166,15,9253,2001,0.0,7584.0,0.521409,0.683134,NZL,AUT,848490
2551830,167,15,9253,2001,0.0,9343.0,-0.909329,-1.189698,OMN,AUT,848490
2551831,168,15,9253,2001,0.0,1692.0,-0.8376520000000001,-0.378743,PAK,AUT,848490
2551832,173,15,9253,2001,0.0,2051.0,-0.345519,0.202623,PER,AUT,848490
2551833,174,15,9253,2001,0.0,1302.0,-0.028201,-0.112349,PHL,AUT,848490
2551834,177,15,9253,2001,8490.0,183550.0,0.9474540000000001,1.8408220000000002,POL,AUT,848490
2551835,179,15,9253,2001,1891.0,16051.0,0.482048,1.662123,PRT,AUT,848490
2551836,183,15,9253,2001,0.0,462.0,-0.46564799999999995,-1.127634,QAT,AUT,848490
2551837,185,15,9253,2001,0.0,41252.0,0.326733,1.005332,ROU,AUT,848490
2551838,186,15,9253,2001,0.0,202080.0,0.945816,0.35027600000000003,RUS,AUT,848490
2551839,188,15,9253,2001,0.0,109878.0,0.5370550000000001,-0.793469,SAU,AUT,848490
2551840,189,15,9253,2001,0.0,50083.0,0.45280200000000004,2.469852,SCG,AUT,848490
2551841,190,15,9253,2001,0.0,33971.0,-1.6325180000000001,-1.263267,SDN,AUT,848490
2551842,192,15,9253,2001,0.0,53429.0,1.364239,0.721074,SGP,AUT,848490
2551843,196,15,9253,2001,0.0,1498.0,0.331949,0.186253,SLE,AUT,848490
2551844,197,15,9253,2001,0.0,1391.0,-0.181554,-0.031294,SLV,AUT,848490
2551845,206,15,9253,2001,42721.0,133016.0,1.1732770000000001,1.088576,SVK,AUT,848490
2551846,207,15,9253,2001,7928.0,242497.0,1.5074370000000001,1.1370040000000001,SVN,AUT,848490
2551847,208,15,9253,2001,101529.0,63367.0,2.156845,0.784439,SWE,AUT,848490
2551848,212,15,9253,2001,0.0,2659.0,-1.057217,-0.716331,SYR,AUT,848490
2551849,216,15,9253,2001,2868.0,111047.0,0.37555900000000003,1.498267,THA,AUT,848490
2551850,222,15,9253,2001,0.0,1100.0,0.178256,-0.709126,TTO,AUT,848490
2551851,223,15,9253,2001,0.0,1807.0,-0.162152,0.23939699999999997,TUN,AUT,848490
2551852,224,15,9253,2001,2280.0,13530.0,0.188773,1.91451,TUR,AUT,848490
2551853,226,15,9253,2001,0.0,1815.0,-1.193991,-0.49282200000000004,TZA,AUT,848490
2551854,228,15,9253,2001,3196.0,93804.0,0.8376969999999999,0.989059,UKR,AUT,848490
2551855,230,15,9253,2001,0.0,4042.0,0.36029,0.298869,URY,AUT,848490
2551856,231,15,9253,2001,79007.0,191815.0,1.873674,0.168468,USA,AUT,848490
2551857,232,15,9253,2001,0.0,6793.0,-0.395913,-0.6454449999999999,UZB,AUT,848490
2551858,236,15,9253,2001,0.0,27759.0,0.261158,-0.7397,VEN,AUT,848490
2551859,239,15,9253,2001,0.0,1301.0,-0.6692130000000001,0.610992,VNM,AUT,848490
2551860,246,15,9253,2001,0.0,47221.0,0.356842,2.006155,ZAF,AUT,848490
2551861,249,15,9253,2001,36874.0,9031.0,1.5731700000000002,1.353159,TWN,AUT,848490
2551862,2,18,9253,2001,0.0,8988.0,-1.523823,-1.214093,AGO,BEL,848490
2551863,7,18,9253,2001,0.0,214586.0,-0.193984,-0.457124,ARE,BEL,848490
2551864,8,18,9253,2001,0.0,17294.0,0.287698,0.547137,ARG,BEL,848490
2551865,14,18,9253,2001,5206.0,274013.0,0.29463,0.772375,AUS,BEL,848490
2551866,15,18,9253,2001,89372.0,427853.0,1.8571650000000002,0.603191,AUT,BEL,848490
2551867,17,18,9253,2001,0.0,1634.0,-0.554955,-0.755333,BDI,BEL,848490
2551868,19,18,9253,2001,0.0,10306.0,-1.09233,-0.8276969999999999,BEN,BEL,848490
2551869,21,18,9253,2001,0.0,13129.0,-0.291485,-0.20803000000000002,BFA,BEL,848490
2551870,22,18,9253,2001,0.0,1076.0,-1.0406739999999999,-1.010108,BGD,BEL,848490
2551871,23,18,9253,2001,0.0,3234.0,0.41425100000000004,1.639866,BGR,BEL,848490
2551872,24,18,9253,2001,0.0,5181.0,-0.11008399999999999,-1.053611,BHR,BEL,848490
2551873,31,18,9253,2001,0.0,11730.0,-0.680108,-0.678143,BOL,BEL,848490
2551874,32,18,9253,2001,1415.0,331386.0,0.672496,1.051848,BRA,BEL,848490
2551875,34,18,9253,2001,0.0,4639.0,-0.8654209999999999,-0.930599,BRN,BEL,848490
2551876,38,18,9253,2001,0.0,2830.0,-0.682897,-0.8083140000000001,CAF,BEL,848490
2551877,39,18,9253,2001,22694.0,30103.0,0.971827,1.105171,CAN,BEL,848490
2551878,41,18,9253,2001,28046.0,11946.0,2.227246,0.553956,CHE,BEL,848490
2551879,42,18,9253,2001,0.0,34369.0,-0.004658,-0.002548,CHL,BEL,848490
2551880,43,18,9253,2001,13410.0,135654.0,0.525171,3.092963,CHN,BEL,848490
2551881,44,18,9253,2001,0.0,4976.0,-0.715949,-0.524428,CIV,BEL,848490
2551882,45,18,9253,2001,0.0,16848.0,-1.6254879999999998,-1.212513,CMR,BEL,848490
2551883,46,18,9253,2001,0.0,2699.0,-1.421643,-1.154007,COD,BEL,848490
2551884,47,18,9253,2001,0.0,9655.0,-1.482788,-1.172,COG,BEL,848490
2551885,52,18,9253,2001,0.0,5014.0,0.069458,-0.042793,CRI,BEL,848490
2551886,54,18,9253,2001,0.0,22125.0,-0.443391,-0.9599030000000001,CUB,BEL,848490
2551887,59,18,9253,2001,88451.0,50724.0,1.485703,1.109305,CZE,BEL,848490
2551888,61,18,9253,2001,8622382.0,1684338.0,2.321375,-2.1110990000000003,DEU,BEL,848490
2551889,64,18,9253,2001,6716.0,501263.0,1.261883,1.351875,DNK,BEL,848490
2551890,65,18,9253,2001,0.0,1552.0,-0.538419,-0.48773900000000003,DOM,BEL,848490
2551891,66,18,9253,2001,0.0,15307.0,-0.663363,-1.158295,DZA,BEL,848490
2551892,67,18,9253,2001,0.0,10016.0,-0.852642,-0.896374,ECU,BEL,848490
2551893,68,18,9253,2001,0.0,50078.0,-0.373576,0.366385,EGY,BEL,848490
2551894,69,18,9253,2001,0.0,1323.0,0.617376,-0.33233,ERI,BEL,848490
2551895,71,18,9253,2001,226079.0,1365282.0,1.079664,1.9842220000000002,ESP,BEL,848490
2551896,72,18,9253,2001,0.0,18910.0,0.5746829999999999,0.9073899999999999,EST,BEL,848490
2551897,73,18,9253,2001,0.0,5438.0,-0.999149,-0.904072,ETH,BEL,848490
2551898,74,18,9253,2001,25304.0,558746.0,2.069141,0.9375180000000001,FIN,BEL,848490
2551899,77,18,9253,2001,1779955.0,2286778.0,1.653507,0.797582,FRA,BEL,848490
2551900,80,18,9253,2001,3929.0,37082.0,-1.063007,-1.181284,GAB,BEL,848490
2551901,81,18,9253,2001,10293374.0,2782228.0,1.976894,0.685435,GBR,BEL,848490
2551902,83,18,9253,2001,0.0,69079.0,-0.961067,-0.780449,GHA,BEL,848490
2551903,85,18,9253,2001,0.0,1262.0,-1.5380340000000001,-1.200083,GIN,BEL,848490
2551904,87,18,9253,2001,0.0,3188.0,-0.160182,-0.24737399999999998,GMB,BEL,848490
2551905,90,18,9253,2001,5375.0,345426.0,0.31387600000000004,1.3614600000000001,GRC,BEL,848490
2551906,97,18,9253,2001,2122.0,2513.0,0.521528,2.3025,HKG,BEL,848490
2551907,100,18,9253,2001,0.0,3416.0,0.544596,0.969535,HRV,BEL,848490
2551908,102,18,9253,2001,12680.0,11408.0,1.102262,1.138016,HUN,BEL,848490
2551909,103,18,9253,2001,0.0,27454.0,-0.167771,1.6587889999999998,IDN,BEL,848490
2551910,104,18,9253,2001,10878.0,29172.0,0.349744,2.665844,IND,BEL,848490
2551911,106,18,9253,2001,0.0,119084.0,1.664233,0.129983,IRL,BEL,848490
2551912,107,18,9253,2001,0.0,41831.0,-0.7732479999999999,-0.8979370000000001,IRN,BEL,848490
2551913,108,18,9253,2001,0.0,18952.0,-1.115465,-0.883028,IRQ,BEL,848490
2551914,109,18,9253,2001,0.0,2472.0,0.032382999999999995,-0.51054,ISL,BEL,848490
2551915,110,18,9253,2001,2160.0,160891.0,1.374873,0.775594,ISR,BEL,848490
2551916,111,18,9253,2001,1754547.0,1873710.0,1.389926,1.282143,ITA,BEL,848490
2551917,112,18,9253,2001,0.0,5383.0,-0.541582,-0.837248,JAM,BEL,848490
2551918,113,18,9253,2001,0.0,7306.0,0.375134,0.581558,JOR,BEL,848490
2551919,114,18,9253,2001,1971439.0,81269.0,2.585857,0.522663,JPN,BEL,848490
2551920,116,18,9253,2001,0.0,4731.0,-0.529388,0.092271,KEN,BEL,848490
2551921,121,18,9253,2001,9889.0,55554.0,1.145797,1.0762399999999999,KOR,BEL,848490
2551922,122,18,9253,2001,0.0,3946.0,-0.8197,-1.183758,KWT,BEL,848490
2551923,124,18,9253,2001,0.0,9738.0,0.165355,0.988008,LBN,BEL,848490
2551924,131,18,9253,2001,24765.0,271354.0,1.470895,1.149007,LUX,BEL,848490
2551925,132,18,9253,2001,0.0,18582.0,0.404136,0.461009,LVA,BEL,848490
2551926,134,18,9253,2001,0.0,41414.0,-0.75275,-0.280397,MAR,BEL,848490
2551927,136,18,9253,2001,0.0,3557.0,-1.247531,-0.637093,MDG,BEL,848490
2551928,137,18,9253,2001,0.0,2366.0,-0.980734,-0.9785659999999999,MDV,BEL,848490
2551929,138,18,9253,2001,2695.0,21606.0,0.797058,0.713234,MEX,BEL,848490
2551930,141,18,9253,2001,0.0,2444.0,-0.40341,-0.626402,MLI,BEL,848490
2551931,142,18,9253,2001,0.0,3566.0,1.065032,-0.065239,MLT,BEL,848490
2551932,145,18,9253,2001,0.0,3104.0,-0.691001,-0.9284180000000001,MNG,BEL,848490
2551933,147,18,9253,2001,0.0,17313.0,-1.2364879999999998,-1.136715,MOZ,BEL,848490
2551934,148,18,9253,2001,0.0,888.0,-1.187271,-1.240445,MRT,BEL,848490
2551935,151,18,9253,2001,0.0,2249.0,-0.410422,-0.5868369999999999,MUS,BEL,848490
2551936,153,18,9253,2001,0.0,8670.0,0.768174,0.307033,MYS,BEL,848490
2551937,156,18,9253,2001,0.0,1759.0,-0.837087,-0.9207040000000001,NCL,BEL,848490
2551938,159,18,9253,2001,0.0,9729.0,-1.966439,-1.2724520000000001,NGA,BEL,848490
2551939,162,18,9253,2001,511084.0,2619008.0,1.315685,1.590935,NLD,BEL,848490
2551940,163,18,9253,2001,41541.0,227045.0,0.974814,0.06512000000000001,NOR,BEL,848490
2551941,166,18,9253,2001,0.0,4764.0,0.521409,0.683134,NZL,BEL,848490
2551942,167,18,9253,2001,0.0,2825.0,-0.909329,-1.189698,OMN,BEL,848490
2551943,173,18,9253,2001,0.0,165963.0,-0.345519,0.202623,PER,BEL,848490
2551944,174,18,9253,2001,0.0,4288.0,-0.028201,-0.112349,PHL,BEL,848490
2551945,177,18,9253,2001,5525.0,190835.0,0.9474540000000001,1.8408220000000002,POL,BEL,848490
2551946,179,18,9253,2001,4605.0,636099.0,0.482048,1.662123,PRT,BEL,848490
2551947,180,18,9253,2001,0.0,643.0,-0.68893,-0.9326690000000001,PRY,BEL,848490
2551948,182,18,9253,2001,0.0,1905.0,-0.005456,-0.7210770000000001,PYF,BEL,848490
2551949,185,18,9253,2001,0.0,9411.0,0.326733,1.005332,ROU,BEL,848490
2551950,186,18,9253,2001,20856.0,14641.0,0.945816,0.35027600000000003,RUS,BEL,848490
2551951,187,18,9253,2001,0.0,986.0,-1.260879,-0.861347,RWA,BEL,848490
2551952,188,18,9253,2001,0.0,190330.0,0.5370550000000001,-0.793469,SAU,BEL,848490
2551953,189,18,9253,2001,0.0,10023.0,0.45280200000000004,2.469852,SCG,BEL,848490
2551954,190,18,9253,2001,0.0,7812.0,-1.6325180000000001,-1.263267,SDN,BEL,848490
2551955,191,18,9253,2001,0.0,73549.0,-0.437779,-0.436654,SEN,BEL,848490
2551956,192,18,9253,2001,0.0,179915.0,1.364239,0.721074,SGP,BEL,848490
2551957,197,18,9253,2001,0.0,2095.0,-0.181554,-0.031294,SLV,BEL,848490
2551958,203,18,9253,2001,0.0,1903.0,0.777231,-0.484709,STP,BEL,848490
2551959,206,18,9253,2001,2184.0,1951.0,1.1732770000000001,1.088576,SVK,BEL,848490
2551960,207,18,9253,2001,0.0,1073.0,1.5074370000000001,1.1370040000000001,SVN,BEL,848490
2551961,208,18,9253,2001,1474408.0,735727.0,2.156845,0.784439,SWE,BEL,848490
2551962,212,18,9253,2001,0.0,12603.0,-1.057217,-0.716331,SYR,BEL,848490
2551963,216,18,9253,2001,0.0,17754.0,0.37555900000000003,1.498267,THA,BEL,848490
2551964,219,18,9253,2001,0.0,4884.0,-1.24627,-1.2760209999999998,TKM,BEL,848490
2551965,222,18,9253,2001,1436.0,0.0,0.178256,-0.709126,TTO,BEL,848490
2551966,223,18,9253,2001,0.0,28758.0,-0.162152,0.23939699999999997,TUN,BEL,848490
2551967,224,18,9253,2001,2805.0,102260.0,0.188773,1.91451,TUR,BEL,848490
2551968,226,18,9253,2001,0.0,1323.0,-1.193991,-0.49282200000000004,TZA,BEL,848490
2551969,227,18,9253,2001,0.0,3620.0,-0.9694860000000001,-0.840592,UGA,BEL,848490
2551970,228,18,9253,2001,1934.0,35601.0,0.8376969999999999,0.989059,UKR,BEL,848490
2551971,230,18,9253,2001,0.0,1744.0,0.36029,0.298869,URY,BEL,848490
2551972,231,18,9253,2001,1100561.0,283451.0,1.873674,0.168468,USA,BEL,848490
2551973,236,18,9253,2001,0.0,6175.0,0.261158,-0.7397,VEN,BEL,848490
2551974,243,18,9253,2001,0.0,31673.0,-1.465154,-1.261615,YEM,BEL,848490
2551975,246,18,9253,2001,534223.0,69241.0,0.356842,2.006155,ZAF,BEL,848490
2551976,248,18,9253,2001,0.0,6181.0,-0.6321829999999999,-0.453671,ZWE,BEL,848490
2551977,249,18,9253,2001,45076.0,44883.0,1.5731700000000002,1.353159,TWN,BEL,848490
2551978,7,22,9253,2001,2536.0,0.0,-0.193984,-0.457124,ARE,BGD,848490
2551979,15,22,9253,2001,2697.0,0.0,1.8571650000000002,0.603191,AUT,BGD,848490
2551980,18,22,9253,2001,1076.0,0.0,1.4328370000000001,1.408495,BEL,BGD,848490
2551981,43,22,9253,2001,38457.0,0.0,0.525171,3.092963,CHN,BGD,848490
2551982,61,22,9253,2001,1126184.0,0.0,2.321375,-2.1110990000000003,DEU,BGD,848490
2551983,64,22,9253,2001,3227.0,0.0,1.261883,1.351875,DNK,BGD,848490
2551984,77,22,9253,2001,940.0,0.0,1.653507,0.797582,FRA,BGD,848490
2551985,81,22,9253,2001,44280.0,0.0,1.976894,0.685435,GBR,BGD,848490
2551986,104,22,9253,2001,3742.0,0.0,0.349744,2.665844,IND,BGD,848490
2551987,111,22,9253,2001,3552.0,0.0,1.389926,1.282143,ITA,BGD,848490
2551988,114,22,9253,2001,10022.0,0.0,2.585857,0.522663,JPN,BGD,848490
2551989,121,22,9253,2001,3102.0,0.0,1.145797,1.0762399999999999,KOR,BGD,848490
2551990,192,22,9253,2001,25751.0,0.0,1.364239,0.721074,SGP,BGD,848490
2551991,231,22,9253,2001,121064.0,0.0,1.873674,0.168468,USA,BGD,848490
2551992,249,22,9253,2001,24993.0,0.0,1.5731700000000002,1.353159,TWN,BGD,848490
2551993,61,25,9253,2001,2931.0,0.0,2.321375,-2.1110990000000003,DEU,BHS,848490
2551994,64,25,9253,2001,2606.0,0.0,1.261883,1.351875,DNK,BHS,848490
2551995,111,25,9253,2001,6925.0,0.0,1.389926,1.282143,ITA,BHS,848490
2551996,114,25,9253,2001,9282.0,0.0,2.585857,0.522663,JPN,BHS,848490
2551997,138,25,9253,2001,7856.0,0.0,0.797058,0.713234,MEX,BHS,848490
2551998,163,25,9253,2001,2344.0,0.0,0.974814,0.06512000000000001,NOR,BHS,848490
2551999,231,25,9253,2001,62401.0,102405.0,1.873674,0.168468,USA,BHS,848490
2552000,2,32,9253,2001,0.0,13956.0,-1.523823,-1.214093,AGO,BRA,848490
2552001,6,32,9253,2001,0.0,1983.0,0.260662,-0.66681,ANT,BRA,848490
2552002,7,32,9253,2001,0.0,48177.0,-0.193984,-0.457124,ARE,BRA,848490
2552003,8,32,9253,2001,890923.0,812812.0,0.287698,0.547137,ARG,BRA,848490
2552004,14,32,9253,2001,12528.0,4940.0,0.29463,0.772375,AUS,BRA,848490
2552005,15,32,9253,2001,94438.0,2217.0,1.8571650000000002,0.603191,AUT,BRA,848490
2552006,18,32,9253,2001,331386.0,1415.0,1.4328370000000001,1.408495,BEL,BRA,848490
2552007,23,32,9253,2001,0.0,8236.0,0.41425100000000004,1.639866,BGR,BRA,848490
2552008,31,32,9253,2001,0.0,107574.0,-0.680108,-0.678143,BOL,BRA,848490
2552009,33,32,9253,2001,0.0,2934.0,0.725546,0.172345,BRB,BRA,848490
2552010,39,32,9253,2001,12739.0,17530.0,0.971827,1.105171,CAN,BRA,848490
2552011,41,32,9253,2001,15417.0,0.0,2.227246,0.553956,CHE,BRA,848490
2552012,42,32,9253,2001,2218.0,386227.0,-0.004658,-0.002548,CHL,BRA,848490
2552013,43,32,9253,2001,82533.0,36253.0,0.525171,3.092963,CHN,BRA,848490
2552014,45,32,9253,2001,0.0,3947.0,-1.6254879999999998,-1.212513,CMR,BRA,848490
2552015,47,32,9253,2001,0.0,1168.0,-1.482788,-1.172,COG,BRA,848490
2552016,49,32,9253,2001,0.0,171937.0,0.30412,0.395913,COL,BRA,848490
2552017,52,32,9253,2001,0.0,23716.0,0.069458,-0.042793,CRI,BRA,848490
2552018,54,32,9253,2001,0.0,3409.0,-0.443391,-0.9599030000000001,CUB,BRA,848490
2552019,59,32,9253,2001,1150.0,0.0,1.485703,1.109305,CZE,BRA,848490
2552020,61,32,9253,2001,867616.0,41119.0,2.321375,-2.1110990000000003,DEU,BRA,848490
2552021,64,32,9253,2001,9012.0,8599.0,1.261883,1.351875,DNK,BRA,848490
2552022,65,32,9253,2001,0.0,8623.0,-0.538419,-0.48773900000000003,DOM,BRA,848490
2552023,66,32,9253,2001,0.0,8943.0,-0.663363,-1.158295,DZA,BRA,848490
2552024,67,32,9253,2001,0.0,153679.0,-0.852642,-0.896374,ECU,BRA,848490
2552025,68,32,9253,2001,0.0,18804.0,-0.373576,0.366385,EGY,BRA,848490
2552026,71,32,9253,2001,121282.0,8419.0,1.079664,1.9842220000000002,ESP,BRA,848490
2552027,74,32,9253,2001,26413.0,2138.0,2.069141,0.9375180000000001,FIN,BRA,848490
2552028,77,32,9253,2001,345351.0,8570.0,1.653507,0.797582,FRA,BRA,848490
2552029,80,32,9253,2001,0.0,5274.0,-1.063007,-1.181284,GAB,BRA,848490
2552030,81,32,9253,2001,326711.0,4096.0,1.976894,0.685435,GBR,BRA,848490
2552031,93,32,9253,2001,0.0,65455.0,-0.5089520000000001,0.216677,GTM,BRA,848490
2552032,96,32,9253,2001,0.0,2452.0,-0.955816,-0.8593069999999999,GUY,BRA,848490
2552033,99,32,9253,2001,0.0,14294.0,-0.8003060000000001,-0.602097,HND,BRA,848490
2552034,102,32,9253,2001,875.0,14140.0,1.102262,1.138016,HUN,BRA,848490
2552035,106,32,9253,2001,608675.0,0.0,1.664233,0.129983,IRL,BRA,848490
2552036,107,32,9253,2001,0.0,4106.0,-0.7732479999999999,-0.8979370000000001,IRN,BRA,848490
2552037,108,32,9253,2001,0.0,9109.0,-1.115465,-0.883028,IRQ,BRA,848490
2552038,110,32,9253,2001,0.0,1240.0,1.374873,0.775594,ISR,BRA,848490
2552039,111,32,9253,2001,692149.0,121398.0,1.389926,1.282143,ITA,BRA,848490
2552040,112,32,9253,2001,0.0,2720.0,-0.541582,-0.837248,JAM,BRA,848490
2552041,113,32,9253,2001,0.0,1232.0,0.375134,0.581558,JOR,BRA,848490
2552042,114,32,9253,2001,136417.0,3902.0,2.585857,0.522663,JPN,BRA,848490
2552043,121,32,9253,2001,2648.0,0.0,1.145797,1.0762399999999999,KOR,BRA,848490
2552044,124,32,9253,2001,0.0,4590.0,0.165355,0.988008,LBN,BRA,848490
2552045,128,32,9253,2001,0.0,2134.0,-0.722434,-0.033818,LKA,BRA,848490
2552046,134,32,9253,2001,0.0,6652.0,-0.75275,-0.280397,MAR,BRA,848490
2552047,136,32,9253,2001,0.0,3761.0,-1.247531,-0.637093,MDG,BRA,848490
2552048,138,32,9253,2001,8515.0,187936.0,0.797058,0.713234,MEX,BRA,848490
2552049,153,32,9253,2001,0.0,21506.0,0.768174,0.307033,MYS,BRA,848490
2552050,159,32,9253,2001,0.0,222116.0,-1.966439,-1.2724520000000001,NGA,BRA,848490
2552051,162,32,9253,2001,42359.0,1445.0,1.315685,1.590935,NLD,BRA,848490
2552052,163,32,9253,2001,33890.0,0.0,0.974814,0.06512000000000001,NOR,BRA,848490
2552053,168,32,9253,2001,0.0,2208.0,-0.8376520000000001,-0.378743,PAK,BRA,848490
2552054,169,32,9253,2001,0.0,2196.0,0.17588199999999998,0.422505,PAN,BRA,848490
2552055,173,32,9253,2001,18687.0,101312.0,-0.345519,0.202623,PER,BRA,848490
2552056,174,32,9253,2001,0.0,15912.0,-0.028201,-0.112349,PHL,BRA,848490
2552057,178,32,9253,2001,1162.0,0.0,0.62773,1.010888,PRK,BRA,848490
2552058,179,32,9253,2001,1069.0,4960.0,0.482048,1.662123,PRT,BRA,848490
2552059,180,32,9253,2001,0.0,108826.0,-0.68893,-0.9326690000000001,PRY,BRA,848490
2552060,188,32,9253,2001,0.0,5321.0,0.5370550000000001,-0.793469,SAU,BRA,848490
2552061,192,32,9253,2001,13945.0,43442.0,1.364239,0.721074,SGP,BRA,848490
2552062,197,32,9253,2001,0.0,35930.0,-0.181554,-0.031294,SLV,BRA,848490
2552063,208,32,9253,2001,134921.0,6194.0,2.156845,0.784439,SWE,BRA,848490
2552064,216,32,9253,2001,6974.0,1332.0,0.37555900000000003,1.498267,THA,BRA,848490
2552065,222,32,9253,2001,0.0,762.0,0.178256,-0.709126,TTO,BRA,848490
2552066,223,32,9253,2001,0.0,1939.0,-0.162152,0.23939699999999997,TUN,BRA,848490
2552067,224,32,9253,2001,0.0,2547.0,0.188773,1.91451,TUR,BRA,848490
2552068,228,32,9253,2001,0.0,9816.0,0.8376969999999999,0.989059,UKR,BRA,848490
2552069,230,32,9253,2001,0.0,162056.0,0.36029,0.298869,URY,BRA,848490
2552070,231,32,9253,2001,678255.0,1311666.0,1.873674,0.168468,USA,BRA,848490
2552071,236,32,9253,2001,0.0,310050.0,0.261158,-0.7397,VEN,BRA,848490
2552072,246,32,9253,2001,4046.0,63935.0,0.356842,2.006155,ZAF,BRA,848490
2552073,249,32,9253,2001,1060.0,2859.0,1.5731700000000002,1.353159,TWN,BRA,848490
2552074,32,33,9253,2001,2934.0,0.0,0.672496,1.051848,BRA,BRB,848490
2552075,61,33,9253,2001,5279.0,0.0,2.321375,-2.1110990000000003,DEU,BRB,848490
2552076,77,33,9253,2001,935.0,0.0,1.653507,0.797582,FRA,BRB,848490
2552077,81,33,9253,2001,6151.0,0.0,1.976894,0.685435,GBR,BRB,848490
2552078,111,33,9253,2001,785.0,0.0,1.389926,1.282143,ITA,BRB,848490
2552079,114,33,9253,2001,1511.0,0.0,2.585857,0.522663,JPN,BRB,848490
2552080,119,33,9253,2001,2149.0,0.0,1.070549,-0.712515,KIR,BRB,848490
2552081,138,33,9253,2001,1631.0,0.0,0.797058,0.713234,MEX,BRB,848490
2552082,231,33,9253,2001,8905.0,0.0,1.873674,0.168468,USA,BRB,848490
2552083,249,33,9253,2001,3215.0,0.0,1.5731700000000002,1.353159,TWN,BRB,848490
2552084,7,39,9253,2001,0.0,33012.0,-0.193984,-0.457124,ARE,CAN,848490
2552085,8,39,9253,2001,4286.0,13329.0,0.287698,0.547137,ARG,CAN,848490
2552086,14,39,9253,2001,4063.0,43362.0,0.29463,0.772375,AUS,CAN,848490
2552087,15,39,9253,2001,671698.0,23506.0,1.8571650000000002,0.603191,AUT,CAN,848490
2552088,17,39,9253,2001,0.0,4244.0,-0.554955,-0.755333,BDI,CAN,848490
2552089,18,39,9253,2001,30103.0,22694.0,1.4328370000000001,1.408495,BEL,CAN,848490
2552090,29,39,9253,2001,1534.0,0.0,-0.297981,-0.695022,BLZ,CAN,848490
2552091,31,39,9253,2001,0.0,1609.0,-0.680108,-0.678143,BOL,CAN,848490
2552092,32,39,9253,2001,17530.0,12739.0,0.672496,1.051848,BRA,CAN,848490
2552093,41,39,9253,2001,14489.0,22549.0,2.227246,0.553956,CHE,CAN,848490
2552094,42,39,9253,2001,4127.0,53310.0,-0.004658,-0.002548,CHL,CAN,848490
2552095,43,39,9253,2001,20731.0,109572.0,0.525171,3.092963,CHN,CAN,848490
2552096,44,39,9253,2001,0.0,4471.0,-0.715949,-0.524428,CIV,CAN,848490
2552097,45,39,9253,2001,0.0,1555.0,-1.6254879999999998,-1.212513,CMR,CAN,848490
2552098,52,39,9253,2001,0.0,1516.0,0.069458,-0.042793,CRI,CAN,848490
2552099,54,39,9253,2001,0.0,24705.0,-0.443391,-0.9599030000000001,CUB,CAN,848490
2552100,59,39,9253,2001,43961.0,4299.0,1.485703,1.109305,CZE,CAN,848490
2552101,61,39,9253,2001,710651.0,52939.0,2.321375,-2.1110990000000003,DEU,CAN,848490
2552102,64,39,9253,2001,16553.0,0.0,1.261883,1.351875,DNK,CAN,848490
2552103,65,39,9253,2001,0.0,2538.0,-0.538419,-0.48773900000000003,DOM,CAN,848490
2552104,66,39,9253,2001,0.0,17059.0,-0.663363,-1.158295,DZA,CAN,848490
2552105,67,39,9253,2001,0.0,3961.0,-0.852642,-0.896374,ECU,CAN,848490
2552106,68,39,9253,2001,0.0,6964.0,-0.373576,0.366385,EGY,CAN,848490
2552107,71,39,9253,2001,5726.0,3037.0,1.079664,1.9842220000000002,ESP,CAN,848490
2552108,74,39,9253,2001,74161.0,5400.0,2.069141,0.9375180000000001,FIN,CAN,848490
2552109,77,39,9253,2001,115820.0,10164.0,1.653507,0.797582,FRA,CAN,848490
2552110,81,39,9253,2001,1553204.0,355255.0,1.976894,0.685435,GBR,CAN,848490
2552111,83,39,9253,2001,0.0,3069.0,-0.961067,-0.780449,GHA,CAN,848490
2552112,93,39,9253,2001,0.0,11818.0,-0.5089520000000001,0.216677,GTM,CAN,848490
2552113,97,39,9253,2001,0.0,4736.0,0.521528,2.3025,HKG,CAN,848490
2552114,99,39,9253,2001,0.0,741.0,-0.8003060000000001,-0.602097,HND,CAN,848490
2552115,102,39,9253,2001,1934.0,5413.0,1.102262,1.138016,HUN,CAN,848490
2552116,103,39,9253,2001,0.0,151209.0,-0.167771,1.6587889999999998,IDN,CAN,848490
2552117,104,39,9253,2001,2766.0,2434.0,0.349744,2.665844,IND,CAN,848490
2552118,106,39,9253,2001,10530.0,1756.0,1.664233,0.129983,IRL,CAN,848490
2552119,107,39,9253,2001,0.0,47608.0,-0.7732479999999999,-0.8979370000000001,IRN,CAN,848490
2552120,110,39,9253,2001,1705.0,54557.0,1.374873,0.775594,ISR,CAN,848490
2552121,111,39,9253,2001,69546.0,114754.0,1.389926,1.282143,ITA,CAN,848490
2552122,112,39,9253,2001,0.0,1299.0,-0.541582,-0.837248,JAM,CAN,848490
2552123,114,39,9253,2001,1328488.0,1361.0,2.585857,0.522663,JPN,CAN,848490
2552124,115,39,9253,2001,0.0,11133.0,0.009714,-0.525899,KAZ,CAN,848490
2552125,117,39,9253,2001,0.0,1631.0,0.23332199999999997,0.256019,KGZ,CAN,848490
2552126,121,39,9253,2001,208218.0,131222.0,1.145797,1.0762399999999999,KOR,CAN,848490
2552127,124,39,9253,2001,0.0,1530.0,0.165355,0.988008,LBN,CAN,848490
2552128,128,39,9253,2001,0.0,13998.0,-0.722434,-0.033818,LKA,CAN,848490
2552129,131,39,9253,2001,1209.0,0.0,1.470895,1.149007,LUX,CAN,848490
2552130,134,39,9253,2001,0.0,5629.0,-0.75275,-0.280397,MAR,CAN,848490
2552131,138,39,9253,2001,117877.0,290022.0,0.797058,0.713234,MEX,CAN,848490
2552132,153,39,9253,2001,0.0,2694.0,0.768174,0.307033,MYS,CAN,848490
2552133,159,39,9253,2001,0.0,3974.0,-1.966439,-1.2724520000000001,NGA,CAN,848490
2552134,160,39,9253,2001,0.0,742.0,-0.8917430000000001,-0.713179,NIC,CAN,848490
2552135,162,39,9253,2001,3779.0,51034.0,1.315685,1.590935,NLD,CAN,848490
2552136,163,39,9253,2001,31964.0,17178.0,0.974814,0.06512000000000001,NOR,CAN,848490
2552137,166,39,9253,2001,0.0,2053.0,0.521409,0.683134,NZL,CAN,848490
2552138,173,39,9253,2001,1510.0,21301.0,-0.345519,0.202623,PER,CAN,848490
2552139,179,39,9253,2001,0.0,3309.0,0.482048,1.662123,PRT,CAN,848490
2552140,185,39,9253,2001,0.0,3348.0,0.326733,1.005332,ROU,CAN,848490
2552141,186,39,9253,2001,7509.0,18701.0,0.945816,0.35027600000000003,RUS,CAN,848490
2552142,188,39,9253,2001,0.0,108690.0,0.5370550000000001,-0.793469,SAU,CAN,848490
2552143,192,39,9253,2001,3003.0,23661.0,1.364239,0.721074,SGP,CAN,848490
2552144,208,39,9253,2001,105819.0,40313.0,2.156845,0.784439,SWE,CAN,848490
2552145,214,39,9253,2001,0.0,1969.0,-0.655004,-0.872215,TCD,CAN,848490
2552146,216,39,9253,2001,0.0,15645.0,0.37555900000000003,1.498267,THA,CAN,848490
2552147,222,39,9253,2001,0.0,7504.0,0.178256,-0.709126,TTO,CAN,848490
2552148,223,39,9253,2001,0.0,1240.0,-0.162152,0.23939699999999997,TUN,CAN,848490
2552149,224,39,9253,2001,2361.0,14684.0,0.188773,1.91451,TUR,CAN,848490
2552150,226,39,9253,2001,0.0,4222.0,-1.193991,-0.49282200000000004,TZA,CAN,848490
2552151,231,39,9253,2001,43610220.0,2033887.0,1.873674,0.168468,USA,CAN,848490
2552152,236,39,9253,2001,0.0,25550.0,0.261158,-0.7397,VEN,CAN,848490
2552153,246,39,9253,2001,1565.0,3325.0,0.356842,2.006155,ZAF,CAN,848490
2552154,249,39,9253,2001,180255.0,34922.0,1.5731700000000002,1.353159,TWN,CAN,848490
2552155,7,41,9253,2001,0.0,7580.0,-0.193984,-0.457124,ARE,CHE,848490
2552156,8,41,9253,2001,0.0,29656.0,0.287698,0.547137,ARG,CHE,848490
2552157,14,41,9253,2001,0.0,23206.0,0.29463,0.772375,AUS,CHE,848490
2552158,15,41,9253,2001,141147.0,114766.0,1.8571650000000002,0.603191,AUT,CHE,848490
2552159,18,41,9253,2001,11946.0,28046.0,1.4328370000000001,1.408495,BEL,CHE,848490
2552160,19,41,9253,2001,0.0,3953.0,-1.09233,-0.8276969999999999,BEN,CHE,848490
2552161,24,41,9253,2001,0.0,2589.0,-0.11008399999999999,-1.053611,BHR,CHE,848490
2552162,31,41,9253,2001,0.0,963.0,-0.680108,-0.678143,BOL,CHE,848490
2552163,32,41,9253,2001,0.0,15417.0,0.672496,1.051848,BRA,CHE,848490
2552164,39,41,9253,2001,22549.0,14489.0,0.971827,1.105171,CAN,CHE,848490
2552165,42,41,9253,2001,0.0,21357.0,-0.004658,-0.002548,CHL,CHE,848490
2552166,43,41,9253,2001,12621.0,32442.0,0.525171,3.092963,CHN,CHE,848490
2552167,44,41,9253,2001,0.0,11115.0,-0.715949,-0.524428,CIV,CHE,848490
2552168,49,41,9253,2001,0.0,2382.0,0.30412,0.395913,COL,CHE,848490
2552169,52,41,9253,2001,0.0,6647.0,0.069458,-0.042793,CRI,CHE,848490
2552170,54,41,9253,2001,0.0,3012.0,-0.443391,-0.9599030000000001,CUB,CHE,848490
2552171,58,41,9253,2001,0.0,1770.0,0.381251,0.257802,CYP,CHE,848490
2552172,59,41,9253,2001,0.0,43534.0,1.485703,1.109305,CZE,CHE,848490
2552173,61,41,9253,2001,2454842.0,1363901.0,2.321375,-2.1110990000000003,DEU,CHE,848490
2552174,64,41,9253,2001,18196.0,27604.0,1.261883,1.351875,DNK,CHE,848490
2552175,66,41,9253,2001,0.0,5441.0,-0.663363,-1.158295,DZA,CHE,848490
2552176,67,41,9253,2001,0.0,2641.0,-0.852642,-0.896374,ECU,CHE,848490
2552177,68,41,9253,2001,0.0,146186.0,-0.373576,0.366385,EGY,CHE,848490
2552178,71,41,9253,2001,130364.0,43273.0,1.079664,1.9842220000000002,ESP,CHE,848490
2552179,72,41,9253,2001,0.0,836.0,0.5746829999999999,0.9073899999999999,EST,CHE,848490
2552180,73,41,9253,2001,0.0,5552.0,-0.999149,-0.904072,ETH,CHE,848490
2552181,74,41,9253,2001,8361.0,11192.0,2.069141,0.9375180000000001,FIN,CHE,848490
2552182,77,41,9253,2001,326102.0,123354.0,1.653507,0.797582,FRA,CHE,848490
2552183,80,41,9253,2001,0.0,1863.0,-1.063007,-1.181284,GAB,CHE,848490
2552184,81,41,9253,2001,318860.0,786377.0,1.976894,0.685435,GBR,CHE,848490
2552185,82,41,9253,2001,0.0,464.0,0.585568,-0.047744999999999996,GEO,CHE,848490
2552186,87,41,9253,2001,0.0,4005.0,-0.160182,-0.24737399999999998,GMB,CHE,848490
2552187,90,41,9253,2001,0.0,4532.0,0.31387600000000004,1.3614600000000001,GRC,CHE,848490
2552188,93,41,9253,2001,0.0,21034.0,-0.5089520000000001,0.216677,GTM,CHE,848490
2552189,97,41,9253,2001,0.0,4842.0,0.521528,2.3025,HKG,CHE,848490
2552190,100,41,9253,2001,0.0,29060.0,0.544596,0.969535,HRV,CHE,848490
2552191,102,41,9253,2001,1853.0,9187.0,1.102262,1.138016,HUN,CHE,848490
2552192,103,41,9253,2001,0.0,11589.0,-0.167771,1.6587889999999998,IDN,CHE,848490
2552193,104,41,9253,2001,0.0,4859.0,0.349744,2.665844,IND,CHE,848490
2552194,106,41,9253,2001,9844.0,3387.0,1.664233,0.129983,IRL,CHE,848490
2552195,107,41,9253,2001,0.0,170973.0,-0.7732479999999999,-0.8979370000000001,IRN,CHE,848490
2552196,109,41,9253,2001,0.0,5144.0,0.032382999999999995,-0.51054,ISL,CHE,848490
2552197,110,41,9253,2001,7160.0,12682.0,1.374873,0.775594,ISR,CHE,848490
2552198,111,41,9253,2001,798635.0,127514.0,1.389926,1.282143,ITA,CHE,848490
2552199,112,41,9253,2001,0.0,4284.0,-0.541582,-0.837248,JAM,CHE,848490
2552200,114,41,9253,2001,109293.0,23719.0,2.585857,0.522663,JPN,CHE,848490
2552201,116,41,9253,2001,0.0,562.0,-0.529388,0.092271,KEN,CHE,848490
2552202,121,41,9253,2001,1245.0,22063.0,1.145797,1.0762399999999999,KOR,CHE,848490
2552203,122,41,9253,2001,0.0,5606.0,-0.8197,-1.183758,KWT,CHE,848490
2552204,125,41,9253,2001,0.0,8629.0,-0.49036,-1.126565,LBR,CHE,848490
2552205,128,41,9253,2001,0.0,1080.0,-0.722434,-0.033818,LKA,CHE,848490
2552206,130,41,9253,2001,0.0,9240.0,0.15706900000000001,0.416663,LTU,CHE,848490
2552207,131,41,9253,2001,4466.0,1321.0,1.470895,1.149007,LUX,CHE,848490
2552208,134,41,9253,2001,0.0,29335.0,-0.75275,-0.280397,MAR,CHE,848490
2552209,136,41,9253,2001,0.0,2347.0,-1.247531,-0.637093,MDG,CHE,848490
2552210,138,41,9253,2001,0.0,29248.0,0.797058,0.713234,MEX,CHE,848490
2552211,151,41,9253,2001,0.0,832.0,-0.410422,-0.5868369999999999,MUS,CHE,848490
2552212,153,41,9253,2001,0.0,12423.0,0.768174,0.307033,MYS,CHE,848490
2552213,156,41,9253,2001,0.0,3186.0,-0.837087,-0.9207040000000001,NCL,CHE,848490
2552214,159,41,9253,2001,0.0,2786.0,-1.966439,-1.2724520000000001,NGA,CHE,848490
2552215,162,41,9253,2001,70191.0,71895.0,1.315685,1.590935,NLD,CHE,848490
2552216,163,41,9253,2001,1255.0,17341.0,0.974814,0.06512000000000001,NOR,CHE,848490
2552217,166,41,9253,2001,0.0,1166.0,0.521409,0.683134,NZL,CHE,848490
2552218,169,41,9253,2001,0.0,1024.0,0.17588199999999998,0.422505,PAN,CHE,848490
2552219,173,41,9253,2001,0.0,11499.0,-0.345519,0.202623,PER,CHE,848490
2552220,174,41,9253,2001,0.0,4474.0,-0.028201,-0.112349,PHL,CHE,848490
2552221,177,41,9253,2001,1539.0,7796.0,0.9474540000000001,1.8408220000000002,POL,CHE,848490
2552222,179,41,9253,2001,1673.0,25899.0,0.482048,1.662123,PRT,CHE,848490
2552223,182,41,9253,2001,0.0,356.0,-0.005456,-0.7210770000000001,PYF,CHE,848490
2552224,185,41,9253,2001,0.0,2908.0,0.326733,1.005332,ROU,CHE,848490
2552225,186,41,9253,2001,0.0,5802.0,0.945816,0.35027600000000003,RUS,CHE,848490
2552226,188,41,9253,2001,0.0,5200.0,0.5370550000000001,-0.793469,SAU,CHE,848490
2552227,189,41,9253,2001,0.0,13337.0,0.45280200000000004,2.469852,SCG,CHE,848490
2552228,192,41,9253,2001,0.0,26943.0,1.364239,0.721074,SGP,CHE,848490
2552229,197,41,9253,2001,0.0,6224.0,-0.181554,-0.031294,SLV,CHE,848490
2552230,206,41,9253,2001,28884.0,4670.0,1.1732770000000001,1.088576,SVK,CHE,848490
2552231,207,41,9253,2001,0.0,30535.0,1.5074370000000001,1.1370040000000001,SVN,CHE,848490
2552232,208,41,9253,2001,80921.0,59390.0,2.156845,0.784439,SWE,CHE,848490
2552233,216,41,9253,2001,0.0,52823.0,0.37555900000000003,1.498267,THA,CHE,848490
2552234,218,41,9253,2001,1204.0,0.0,0.135739,-0.144681,TKL,CHE,848490
2552235,222,41,9253,2001,0.0,3075.0,0.178256,-0.709126,TTO,CHE,848490
2552236,223,41,9253,2001,0.0,843.0,-0.162152,0.23939699999999997,TUN,CHE,848490
2552237,224,41,9253,2001,7724.0,3519.0,0.188773,1.91451,TUR,CHE,848490
2552238,228,41,9253,2001,0.0,14884.0,0.8376969999999999,0.989059,UKR,CHE,848490
2552239,230,41,9253,2001,0.0,3373.0,0.36029,0.298869,URY,CHE,848490
2552240,231,41,9253,2001,1294068.0,918978.0,1.873674,0.168468,USA,CHE,848490
2552241,236,41,9253,2001,0.0,8546.0,0.261158,-0.7397,VEN,CHE,848490
2552242,246,41,9253,2001,0.0,45143.0,0.356842,2.006155,ZAF,CHE,848490
2552243,249,41,9253,2001,7079.0,81393.0,1.5731700000000002,1.353159,TWN,CHE,848490
2552244,8,42,9253,2001,38025.0,1718.0,0.287698,0.547137,ARG,CHL,848490
2552245,15,42,9253,2001,3600.0,0.0,1.8571650000000002,0.603191,AUT,CHL,848490
2552246,18,42,9253,2001,34369.0,0.0,1.4328370000000001,1.408495,BEL,CHL,848490
2552247,31,42,9253,2001,0.0,2989.0,-0.680108,-0.678143,BOL,CHL,848490
2552248,32,42,9253,2001,386227.0,2218.0,0.672496,1.051848,BRA,CHL,848490
2552249,39,42,9253,2001,53310.0,4127.0,0.971827,1.105171,CAN,CHL,848490
2552250,41,42,9253,2001,21357.0,0.0,2.227246,0.553956,CHE,CHL,848490
2552251,43,42,9253,2001,88968.0,0.0,0.525171,3.092963,CHN,CHL,848490
2552252,49,42,9253,2001,0.0,1249.0,0.30412,0.395913,COL,CHL,848490
2552253,54,42,9253,2001,0.0,19291.0,-0.443391,-0.9599030000000001,CUB,CHL,848490
2552254,61,42,9253,2001,420599.0,0.0,2.321375,-2.1110990000000003,DEU,CHL,848490
2552255,64,42,9253,2001,2888.0,0.0,1.261883,1.351875,DNK,CHL,848490
2552256,67,42,9253,2001,0.0,2256.0,-0.852642,-0.896374,ECU,CHL,848490
2552257,71,42,9253,2001,305478.0,0.0,1.079664,1.9842220000000002,ESP,CHL,848490
2552258,74,42,9253,2001,10356.0,0.0,2.069141,0.9375180000000001,FIN,CHL,848490
2552259,77,42,9253,2001,77767.0,0.0,1.653507,0.797582,FRA,CHL,848490
2552260,81,42,9253,2001,79056.0,0.0,1.976894,0.685435,GBR,CHL,848490
2552261,111,42,9253,2001,34869.0,0.0,1.389926,1.282143,ITA,CHL,848490
2552262,114,42,9253,2001,232086.0,0.0,2.585857,0.522663,JPN,CHL,848490
2552263,121,42,9253,2001,148525.0,0.0,1.145797,1.0762399999999999,KOR,CHL,848490
2552264,138,42,9253,2001,10609.0,5849.0,0.797058,0.713234,MEX,CHL,848490
2552265,162,42,9253,2001,5046.0,0.0,1.315685,1.590935,NLD,CHL,848490
2552266,163,42,9253,2001,6384.0,0.0,0.974814,0.06512000000000001,NOR,CHL,848490
2552267,173,42,9253,2001,133621.0,29807.0,-0.345519,0.202623,PER,CHL,848490
2552268,177,42,9253,2001,1070.0,0.0,0.9474540000000001,1.8408220000000002,POL,CHL,848490
2552269,179,42,9253,2001,0.0,2244.0,0.482048,1.662123,PRT,CHL,848490
2552270,208,42,9253,2001,9706.0,0.0,2.156845,0.784439,SWE,CHL,848490
2552271,224,42,9253,2001,7336.0,0.0,0.188773,1.91451,TUR,CHL,848490
2552272,230,42,9253,2001,2917.0,0.0,0.36029,0.298869,URY,CHL,848490
2552273,231,42,9253,2001,484126.0,5183.0,1.873674,0.168468,USA,CHL,848490
2552274,246,42,9253,2001,5684.0,0.0,0.356842,2.006155,ZAF,CHL,848490
2552275,249,42,9253,2001,227284.0,0.0,1.5731700000000002,1.353159,TWN,CHL,848490
2552276,250,42,9253,2001,41691.0,0.0,1.096023,-0.33562600000000004,ANS,CHL,848490
2552277,7,43,9253,2001,0.0,209116.0,-0.193984,-0.457124,ARE,CHN,848490
2552278,8,43,9253,2001,0.0,13653.0,0.287698,0.547137,ARG,CHN,848490
2552279,14,43,9253,2001,12453.0,21602.0,0.29463,0.772375,AUS,CHN,848490
2552280,15,43,9253,2001,267485.0,7755.0,1.8571650000000002,0.603191,AUT,CHN,848490
2552281,18,43,9253,2001,135654.0,13410.0,1.4328370000000001,1.408495,BEL,CHN,848490
2552282,19,43,9253,2001,0.0,28589.0,-1.09233,-0.8276969999999999,BEN,CHN,848490
2552283,22,43,9253,2001,0.0,38457.0,-1.0406739999999999,-1.010108,BGD,CHN,848490
2552284,23,43,9253,2001,0.0,6116.0,0.41425100000000004,1.639866,BGR,CHN,848490
2552285,31,43,9253,2001,0.0,628.0,-0.680108,-0.678143,BOL,CHN,848490
2552286,32,43,9253,2001,36253.0,82533.0,0.672496,1.051848,BRA,CHN,848490
2552287,39,43,9253,2001,109572.0,20731.0,0.971827,1.105171,CAN,CHN,848490
2552288,41,43,9253,2001,32442.0,12621.0,2.227246,0.553956,CHE,CHN,848490
2552289,42,43,9253,2001,0.0,88968.0,-0.004658,-0.002548,CHL,CHN,848490
2552290,49,43,9253,2001,0.0,6054.0,0.30412,0.395913,COL,CHN,848490
2552291,52,43,9253,2001,0.0,43664.0,0.069458,-0.042793,CRI,CHN,848490
2552292,54,43,9253,2001,0.0,12507.0,-0.443391,-0.9599030000000001,CUB,CHN,848490
2552293,58,43,9253,2001,0.0,20167.0,0.381251,0.257802,CYP,CHN,848490
2552294,59,43,9253,2001,5027.0,941.0,1.485703,1.109305,CZE,CHN,848490
2552295,61,43,9253,2001,1518484.0,89207.0,2.321375,-2.1110990000000003,DEU,CHN,848490
2552296,63,43,9253,2001,0.0,6921.0,0.613251,0.226998,DMA,CHN,848490
2552297,64,43,9253,2001,1922265.0,65039.0,1.261883,1.351875,DNK,CHN,848490
2552298,65,43,9253,2001,0.0,2245.0,-0.538419,-0.48773900000000003,DOM,CHN,848490
2552299,66,43,9253,2001,0.0,12002.0,-0.663363,-1.158295,DZA,CHN,848490
2552300,67,43,9253,2001,0.0,101050.0,-0.852642,-0.896374,ECU,CHN,848490
2552301,68,43,9253,2001,0.0,106615.0,-0.373576,0.366385,EGY,CHN,848490
2552302,71,43,9253,2001,17204.0,55002.0,1.079664,1.9842220000000002,ESP,CHN,848490
2552303,73,43,9253,2001,0.0,1559.0,-0.999149,-0.904072,ETH,CHN,848490
2552304,74,43,9253,2001,166231.0,0.0,2.069141,0.9375180000000001,FIN,CHN,848490
2552305,77,43,9253,2001,662315.0,10580.0,1.653507,0.797582,FRA,CHN,848490
2552306,81,43,9253,2001,124435.0,205953.0,1.976894,0.685435,GBR,CHN,848490
2552307,90,43,9253,2001,0.0,71902.0,0.31387600000000004,1.3614600000000001,GRC,CHN,848490
2552308,93,43,9253,2001,0.0,917.0,-0.5089520000000001,0.216677,GTM,CHN,848490
2552309,96,43,9253,2001,0.0,787.0,-0.955816,-0.8593069999999999,GUY,CHN,848490
2552310,97,43,9253,2001,492961.0,286629.0,0.521528,2.3025,HKG,CHN,848490
2552311,102,43,9253,2001,0.0,15046.0,1.102262,1.138016,HUN,CHN,848490
2552312,103,43,9253,2001,3559.0,118955.0,-0.167771,1.6587889999999998,IDN,CHN,848490
2552313,104,43,9253,2001,3107.0,44764.0,0.349744,2.665844,IND,CHN,848490
2552314,106,43,9253,2001,1025459.0,1003.0,1.664233,0.129983,IRL,CHN,848490
2552315,107,43,9253,2001,0.0,158461.0,-0.7732479999999999,-0.8979370000000001,IRN,CHN,848490
2552316,110,43,9253,2001,0.0,112192.0,1.374873,0.775594,ISR,CHN,848490
2552317,111,43,9253,2001,137461.0,387410.0,1.389926,1.282143,ITA,CHN,848490
2552318,113,43,9253,2001,0.0,1150.0,0.375134,0.581558,JOR,CHN,848490
2552319,114,43,9253,2001,6669592.0,538934.0,2.585857,0.522663,JPN,CHN,848490
2552320,116,43,9253,2001,0.0,7158.0,-0.529388,0.092271,KEN,CHN,848490
2552321,118,43,9253,2001,0.0,791.0,-1.231058,-1.154536,KHM,CHN,848490
2552322,121,43,9253,2001,247135.0,464462.0,1.145797,1.0762399999999999,KOR,CHN,848490
2552323,122,43,9253,2001,0.0,13700.0,-0.8197,-1.183758,KWT,CHN,848490
2552324,124,43,9253,2001,0.0,7180.0,0.165355,0.988008,LBN,CHN,848490
2552325,128,43,9253,2001,0.0,35552.0,-0.722434,-0.033818,LKA,CHN,848490
2552326,133,43,9253,2001,0.0,5580.0,-0.608406,-0.521662,MAC,CHN,848490
2552327,134,43,9253,2001,0.0,955.0,-0.75275,-0.280397,MAR,CHN,848490
2552328,136,43,9253,2001,0.0,1407.0,-1.247531,-0.637093,MDG,CHN,848490
2552329,138,43,9253,2001,26358.0,60480.0,0.797058,0.713234,MEX,CHN,848490
2552330,145,43,9253,2001,0.0,1247.0,-0.691001,-0.9284180000000001,MNG,CHN,848490
2552331,147,43,9253,2001,0.0,978.0,-1.2364879999999998,-1.136715,MOZ,CHN,848490
2552332,153,43,9253,2001,6448.0,136647.0,0.768174,0.307033,MYS,CHN,848490
2552333,159,43,9253,2001,0.0,284418.0,-1.966439,-1.2724520000000001,NGA,CHN,848490
2552334,162,43,9253,2001,49651.0,2802.0,1.315685,1.590935,NLD,CHN,848490
2552335,163,43,9253,2001,28892.0,3911.0,0.974814,0.06512000000000001,NOR,CHN,848490
2552336,166,43,9253,2001,1014.0,6152.0,0.521409,0.683134,NZL,CHN,848490
2552337,168,43,9253,2001,0.0,46119.0,-0.8376520000000001,-0.378743,PAK,CHN,848490
2552338,169,43,9253,2001,0.0,1685.0,0.17588199999999998,0.422505,PAN,CHN,848490
2552339,173,43,9253,2001,0.0,14921.0,-0.345519,0.202623,PER,CHN,848490
2552340,174,43,9253,2001,0.0,32677.0,-0.028201,-0.112349,PHL,CHN,848490
2552341,177,43,9253,2001,0.0,28605.0,0.9474540000000001,1.8408220000000002,POL,CHN,848490
2552342,179,43,9253,2001,0.0,2070.0,0.482048,1.662123,PRT,CHN,848490
2552343,180,43,9253,2001,0.0,5295.0,-0.68893,-0.9326690000000001,PRY,CHN,848490
2552344,186,43,9253,2001,77142.0,274846.0,0.945816,0.35027600000000003,RUS,CHN,848490
2552345,188,43,9253,2001,0.0,227576.0,0.5370550000000001,-0.793469,SAU,CHN,848490
2552346,192,43,9253,2001,624070.0,398343.0,1.364239,0.721074,SGP,CHN,848490
2552347,206,43,9253,2001,881.0,0.0,1.1732770000000001,1.088576,SVK,CHN,848490
2552348,208,43,9253,2001,53580.0,6130.0,2.156845,0.784439,SWE,CHN,848490
2552349,212,43,9253,2001,0.0,62143.0,-1.057217,-0.716331,SYR,CHN,848490
2552350,216,43,9253,2001,1529.0,646868.0,0.37555900000000003,1.498267,THA,CHN,848490
2552351,223,43,9253,2001,0.0,22744.0,-0.162152,0.23939699999999997,TUN,CHN,848490
2552352,224,43,9253,2001,0.0,12291.0,0.188773,1.91451,TUR,CHN,848490
2552353,226,43,9253,2001,0.0,972.0,-1.193991,-0.49282200000000004,TZA,CHN,848490
2552354,228,43,9253,2001,0.0,4926.0,0.8376969999999999,0.989059,UKR,CHN,848490
2552355,231,43,9253,2001,840337.0,659645.0,1.873674,0.168468,USA,CHN,848490
2552356,236,43,9253,2001,0.0,132098.0,0.261158,-0.7397,VEN,CHN,848490
2552357,239,43,9253,2001,0.0,16131.0,-0.6692130000000001,0.610992,VNM,CHN,848490
2552358,243,43,9253,2001,0.0,6818.0,-1.465154,-1.261615,YEM,CHN,848490
2552359,246,43,9253,2001,2208.0,374903.0,0.356842,2.006155,ZAF,CHN,848490
2552360,249,43,9253,2001,683406.0,262795.0,1.5731700000000002,1.353159,TWN,CHN,848490
2552361,8,49,9253,2001,7688.0,0.0,0.287698,0.547137,ARG,COL,848490
2552362,14,49,9253,2001,2123.0,0.0,0.29463,0.772375,AUS,COL,848490
2552363,15,49,9253,2001,2795.0,0.0,1.8571650000000002,0.603191,AUT,COL,848490
2552364,26,49,9253,2001,8010.0,0.0,0.238083,0.362643,BIH,COL,848490
2552365,32,49,9253,2001,171937.0,0.0,0.672496,1.051848,BRA,COL,848490
2552366,41,49,9253,2001,2382.0,0.0,2.227246,0.553956,CHE,COL,848490
2552367,42,49,9253,2001,1249.0,0.0,-0.004658,-0.002548,CHL,COL,848490
2552368,43,49,9253,2001,6054.0,0.0,0.525171,3.092963,CHN,COL,848490
2552369,52,49,9253,2001,0.0,7342.0,0.069458,-0.042793,CRI,COL,848490
2552370,59,49,9253,2001,2075.0,0.0,1.485703,1.109305,CZE,COL,848490
2552371,61,49,9253,2001,396914.0,0.0,2.321375,-2.1110990000000003,DEU,COL,848490
2552372,64,49,9253,2001,4136.0,0.0,1.261883,1.351875,DNK,COL,848490
2552373,67,49,9253,2001,0.0,44329.0,-0.852642,-0.896374,ECU,COL,848490
2552374,71,49,9253,2001,165508.0,0.0,1.079664,1.9842220000000002,ESP,COL,848490
2552375,74,49,9253,2001,1465.0,0.0,2.069141,0.9375180000000001,FIN,COL,848490
2552376,77,49,9253,2001,46481.0,0.0,1.653507,0.797582,FRA,COL,848490
2552377,81,49,9253,2001,4753.0,0.0,1.976894,0.685435,GBR,COL,848490
2552378,93,49,9253,2001,0.0,28857.0,-0.5089520000000001,0.216677,GTM,COL,848490
2552379,99,49,9253,2001,0.0,419.0,-0.8003060000000001,-0.602097,HND,COL,848490
2552380,102,49,9253,2001,690.0,0.0,1.102262,1.138016,HUN,COL,848490
2552381,111,49,9253,2001,68683.0,0.0,1.389926,1.282143,ITA,COL,848490
2552382,112,49,9253,2001,0.0,1068.0,-0.541582,-0.837248,JAM,COL,848490
2552383,114,49,9253,2001,316753.0,0.0,2.585857,0.522663,JPN,COL,848490
2552384,121,49,9253,2001,27224.0,0.0,1.145797,1.0762399999999999,KOR,COL,848490
2552385,138,49,9253,2001,51269.0,2811.0,0.797058,0.713234,MEX,COL,848490
2552386,153,49,9253,2001,2392.0,0.0,0.768174,0.307033,MYS,COL,848490
2552387,162,49,9253,2001,16477.0,0.0,1.315685,1.590935,NLD,COL,848490
2552388,163,49,9253,2001,590.0,0.0,0.974814,0.06512000000000001,NOR,COL,848490
2552389,169,49,9253,2001,4291.0,2346.0,0.17588199999999998,0.422505,PAN,COL,848490
2552390,173,49,9253,2001,100292.0,10163.0,-0.345519,0.202623,PER,COL,848490
2552391,177,49,9253,2001,1073.0,0.0,0.9474540000000001,1.8408220000000002,POL,COL,848490
2552392,178,49,9253,2001,1377.0,0.0,0.62773,1.010888,PRK,COL,848490
2552393,197,49,9253,2001,0.0,875.0,-0.181554,-0.031294,SLV,COL,848490
2552394,208,49,9253,2001,4521.0,0.0,2.156845,0.784439,SWE,COL,848490
2552395,224,49,9253,2001,2906.0,0.0,0.188773,1.91451,TUR,COL,848490
2552396,231,49,9253,2001,1375290.0,15306.0,1.873674,0.168468,USA,COL,848490
2552397,236,49,9253,2001,0.0,23213.0,0.261158,-0.7397,VEN,COL,848490
2552398,249,49,9253,2001,264587.0,0.0,1.5731700000000002,1.353159,TWN,COL,848490
2552399,250,49,9253,2001,2814.0,0.0,1.096023,-0.33562600000000004,ANS,COL,848490
2552400,18,52,9253,2001,5014.0,0.0,1.4328370000000001,1.408495,BEL,CRI,848490
2552401,32,52,9253,2001,23716.0,0.0,0.672496,1.051848,BRA,CRI,848490
2552402,39,52,9253,2001,1516.0,0.0,0.971827,1.105171,CAN,CRI,848490
2552403,41,52,9253,2001,6647.0,0.0,2.227246,0.553956,CHE,CRI,848490
2552404,43,52,9253,2001,43664.0,0.0,0.525171,3.092963,CHN,CRI,848490
2552405,49,52,9253,2001,7342.0,0.0,0.30412,0.395913,COL,CRI,848490
2552406,61,52,9253,2001,54487.0,0.0,2.321375,-2.1110990000000003,DEU,CRI,848490
2552407,64,52,9253,2001,2379.0,0.0,1.261883,1.351875,DNK,CRI,848490
2552408,71,52,9253,2001,227292.0,0.0,1.079664,1.9842220000000002,ESP,CRI,848490
2552409,77,52,9253,2001,5616.0,15997.0,1.653507,0.797582,FRA,CRI,848490
2552410,81,52,9253,2001,74886.0,1405.0,1.976894,0.685435,GBR,CRI,848490
2552411,93,52,9253,2001,8336.0,12066.0,-0.5089520000000001,0.216677,GTM,CRI,848490
2552412,99,52,9253,2001,0.0,1099.0,-0.8003060000000001,-0.602097,HND,CRI,848490
2552413,110,52,9253,2001,4538.0,0.0,1.374873,0.775594,ISR,CRI,848490
2552414,111,52,9253,2001,28504.0,0.0,1.389926,1.282143,ITA,CRI,848490
2552415,114,52,9253,2001,329334.0,0.0,2.585857,0.522663,JPN,CRI,848490
2552416,121,52,9253,2001,76476.0,0.0,1.145797,1.0762399999999999,KOR,CRI,848490
2552417,138,52,9253,2001,31445.0,0.0,0.797058,0.713234,MEX,CRI,848490
2552418,160,52,9253,2001,2188.0,0.0,-0.8917430000000001,-0.713179,NIC,CRI,848490
2552419,162,52,9253,2001,669.0,0.0,1.315685,1.590935,NLD,CRI,848490
2552420,169,52,9253,2001,7467.0,0.0,0.17588199999999998,0.422505,PAN,CRI,848490
2552421,173,52,9253,2001,34539.0,0.0,-0.345519,0.202623,PER,CRI,848490
2552422,208,52,9253,2001,14913.0,0.0,2.156845,0.784439,SWE,CRI,848490
2552423,231,52,9253,2001,98028.0,6795.0,1.873674,0.168468,USA,CRI,848490
2552424,249,52,9253,2001,79390.0,0.0,1.5731700000000002,1.353159,TWN,CRI,848490
2552425,250,52,9253,2001,2005.0,0.0,1.096023,-0.33562600000000004,ANS,CRI,848490
2552426,8,54,9253,2001,2264.0,0.0,0.287698,0.547137,ARG,CUB,848490
2552427,16,54,9253,2001,443.0,0.0,-0.6731090000000001,-1.037922,AZE,CUB,848490
2552428,18,54,9253,2001,22125.0,0.0,1.4328370000000001,1.408495,BEL,CUB,848490
2552429,32,54,9253,2001,3409.0,0.0,0.672496,1.051848,BRA,CUB,848490
2552430,39,54,9253,2001,24705.0,0.0,0.971827,1.105171,CAN,CUB,848490
2552431,41,54,9253,2001,3012.0,0.0,2.227246,0.553956,CHE,CUB,848490
2552432,42,54,9253,2001,19291.0,0.0,-0.004658,-0.002548,CHL,CUB,848490
2552433,43,54,9253,2001,12507.0,0.0,0.525171,3.092963,CHN,CUB,848490
2552434,59,54,9253,2001,2832.0,0.0,1.485703,1.109305,CZE,CUB,848490
2552435,61,54,9253,2001,34210.0,0.0,2.321375,-2.1110990000000003,DEU,CUB,848490
2552436,64,54,9253,2001,2111.0,0.0,1.261883,1.351875,DNK,CUB,848490
2552437,71,54,9253,2001,100356.0,0.0,1.079664,1.9842220000000002,ESP,CUB,848490
2552438,77,54,9253,2001,39303.0,0.0,1.653507,0.797582,FRA,CUB,848490
2552439,81,54,9253,2001,42349.0,0.0,1.976894,0.685435,GBR,CUB,848490
2552440,110,54,9253,2001,1269.0,0.0,1.374873,0.775594,ISR,CUB,848490
2552441,111,54,9253,2001,1388.0,0.0,1.389926,1.282143,ITA,CUB,848490
2552442,112,54,9253,2001,7800.0,0.0,-0.541582,-0.837248,JAM,CUB,848490
2552443,114,54,9253,2001,9864.0,0.0,2.585857,0.522663,JPN,CUB,848490
2552444,121,54,9253,2001,15186.0,0.0,1.145797,1.0762399999999999,KOR,CUB,848490
2552445,138,54,9253,2001,33183.0,0.0,0.797058,0.713234,MEX,CUB,848490
2552446,162,54,9253,2001,9038.0,0.0,1.315685,1.590935,NLD,CUB,848490
2552447,186,54,9253,2001,51160.0,0.0,0.945816,0.35027600000000003,RUS,CUB,848490
2552448,208,54,9253,2001,15914.0,0.0,2.156845,0.784439,SWE,CUB,848490
2552449,228,54,9253,2001,18826.0,0.0,0.8376969999999999,0.989059,UKR,CUB,848490
2552450,236,54,9253,2001,1209.0,0.0,0.261158,-0.7397,VEN,CUB,848490
2552451,250,54,9253,2001,136531.0,0.0,1.096023,-0.33562600000000004,ANS,CUB,848490
2552452,7,59,9253,2001,0.0,2626.0,-0.193984,-0.457124,ARE,CZE,848490
2552453,14,59,9253,2001,0.0,17654.0,0.29463,0.772375,AUS,CZE,848490
2552454,15,59,9253,2001,457992.0,8325.0,1.8571650000000002,0.603191,AUT,CZE,848490
2552455,16,59,9253,2001,0.0,1152.0,-0.6731090000000001,-1.037922,AZE,CZE,848490
2552456,18,59,9253,2001,50724.0,88451.0,1.4328370000000001,1.408495,BEL,CZE,848490
2552457,23,59,9253,2001,1218.0,9891.0,0.41425100000000004,1.639866,BGR,CZE,848490
2552458,28,59,9253,2001,0.0,10739.0,0.804404,0.936773,BLR,CZE,848490
2552459,32,59,9253,2001,0.0,1150.0,0.672496,1.051848,BRA,CZE,848490
2552460,39,59,9253,2001,4299.0,43961.0,0.971827,1.105171,CAN,CZE,848490
2552461,41,59,9253,2001,43534.0,0.0,2.227246,0.553956,CHE,CZE,848490
2552462,43,59,9253,2001,941.0,5027.0,0.525171,3.092963,CHN,CZE,848490
2552463,49,59,9253,2001,0.0,2075.0,0.30412,0.395913,COL,CZE,848490
2552464,54,59,9253,2001,0.0,2832.0,-0.443391,-0.9599030000000001,CUB,CZE,848490
2552465,61,59,9253,2001,708462.0,136433.0,2.321375,-2.1110990000000003,DEU,CZE,848490
2552466,64,59,9253,2001,21017.0,9537.0,1.261883,1.351875,DNK,CZE,848490
2552467,65,59,9253,2001,0.0,938.0,-0.538419,-0.48773900000000003,DOM,CZE,848490
2552468,66,59,9253,2001,0.0,8002.0,-0.663363,-1.158295,DZA,CZE,848490
2552469,68,59,9253,2001,0.0,7819.0,-0.373576,0.366385,EGY,CZE,848490
2552470,71,59,9253,2001,294228.0,3781.0,1.079664,1.9842220000000002,ESP,CZE,848490
2552471,74,59,9253,2001,18928.0,982.0,2.069141,0.9375180000000001,FIN,CZE,848490
2552472,77,59,9253,2001,165700.0,544607.0,1.653507,0.797582,FRA,CZE,848490
2552473,81,59,9253,2001,154344.0,871409.0,1.976894,0.685435,GBR,CZE,848490
2552474,90,59,9253,2001,0.0,6264.0,0.31387600000000004,1.3614600000000001,GRC,CZE,848490
2552475,100,59,9253,2001,0.0,3058.0,0.544596,0.969535,HRV,CZE,848490
2552476,102,59,9253,2001,8853.0,14153.0,1.102262,1.138016,HUN,CZE,848490
2552477,104,59,9253,2001,0.0,2386.0,0.349744,2.665844,IND,CZE,848490
2552478,106,59,9253,2001,9755.0,207990.0,1.664233,0.129983,IRL,CZE,848490
2552479,107,59,9253,2001,0.0,16203.0,-0.7732479999999999,-0.8979370000000001,IRN,CZE,848490
2552480,109,59,9253,2001,0.0,1628.0,0.032382999999999995,-0.51054,ISL,CZE,848490
2552481,110,59,9253,2001,603.0,32497.0,1.374873,0.775594,ISR,CZE,848490
2552482,111,59,9253,2001,183954.0,28049.0,1.389926,1.282143,ITA,CZE,848490
2552483,113,59,9253,2001,0.0,740.0,0.375134,0.581558,JOR,CZE,848490
2552484,114,59,9253,2001,77217.0,3047.0,2.585857,0.522663,JPN,CZE,848490
2552485,115,59,9253,2001,0.0,17705.0,0.009714,-0.525899,KAZ,CZE,848490
2552486,121,59,9253,2001,2539.0,0.0,1.145797,1.0762399999999999,KOR,CZE,848490
2552487,130,59,9253,2001,0.0,1189.0,0.15706900000000001,0.416663,LTU,CZE,848490
2552488,131,59,9253,2001,4283.0,0.0,1.470895,1.149007,LUX,CZE,848490
2552489,132,59,9253,2001,0.0,2994.0,0.404136,0.461009,LVA,CZE,848490
2552490,159,59,9253,2001,0.0,7895.0,-1.966439,-1.2724520000000001,NGA,CZE,848490
2552491,162,59,9253,2001,123453.0,19671.0,1.315685,1.590935,NLD,CZE,848490
2552492,163,59,9253,2001,1243.0,3426.0,0.974814,0.06512000000000001,NOR,CZE,848490
2552493,166,59,9253,2001,0.0,796.0,0.521409,0.683134,NZL,CZE,848490
2552494,177,59,9253,2001,3246.0,55350.0,0.9474540000000001,1.8408220000000002,POL,CZE,848490
2552495,185,59,9253,2001,0.0,11351.0,0.326733,1.005332,ROU,CZE,848490
2552496,186,59,9253,2001,3945.0,49951.0,0.945816,0.35027600000000003,RUS,CZE,848490
2552497,188,59,9253,2001,0.0,838.0,0.5370550000000001,-0.793469,SAU,CZE,848490
2552498,189,59,9253,2001,0.0,2949.0,0.45280200000000004,2.469852,SCG,CZE,848490
2552499,192,59,9253,2001,0.0,1610.0,1.364239,0.721074,SGP,CZE,848490
2552500,206,59,9253,2001,20491.0,644447.0,1.1732770000000001,1.088576,SVK,CZE,848490
2552501,207,59,9253,2001,7665.0,4377.0,1.5074370000000001,1.1370040000000001,SVN,CZE,848490
2552502,208,59,9253,2001,4592.0,21961.0,2.156845,0.784439,SWE,CZE,848490
2552503,212,59,9253,2001,0.0,1725.0,-1.057217,-0.716331,SYR,CZE,848490
2552504,216,59,9253,2001,0.0,4287.0,0.37555900000000003,1.498267,THA,CZE,848490
2552505,223,59,9253,2001,0.0,1122.0,-0.162152,0.23939699999999997,TUN,CZE,848490
2552506,224,59,9253,2001,1070.0,1150.0,0.188773,1.91451,TUR,CZE,848490
2552507,228,59,9253,2001,0.0,21430.0,0.8376969999999999,0.989059,UKR,CZE,848490
2552508,231,59,9253,2001,4105.0,3503.0,1.873674,0.168468,USA,CZE,848490
2552509,236,59,9253,2001,0.0,813.0,0.261158,-0.7397,VEN,CZE,848490
2552510,239,59,9253,2001,0.0,11149.0,-0.6692130000000001,0.610992,VNM,CZE,848490
2552511,246,59,9253,2001,0.0,2877.0,0.356842,2.006155,ZAF,CZE,848490
2552512,249,59,9253,2001,3145.0,0.0,1.5731700000000002,1.353159,TWN,CZE,848490
2552513,250,59,9253,2001,9863.0,2885.0,1.096023,-0.33562600000000004,ANS,CZE,848490
2552514,2,61,9253,2001,0.0,20000.0,-1.523823,-1.214093,AGO,DEU,848490
2552515,4,61,9253,2001,0.0,49819.0,-0.054125,0.104298,ALB,DEU,848490
2552516,6,61,9253,2001,0.0,7000.0,0.260662,-0.66681,ANT,DEU,848490
2552517,7,61,9253,2001,0.0,4163978.0,-0.193984,-0.457124,ARE,DEU,848490
2552518,8,61,9253,2001,21587.0,290363.0,0.287698,0.547137,ARG,DEU,848490
2552519,9,61,9253,2001,0.0,2379.0,0.834168,0.21458000000000002,ARM,DEU,848490
2552520,14,61,9253,2001,3303.0,1603646.0,0.29463,0.772375,AUS,DEU,848490
2552521,15,61,9253,2001,1882719.0,3614264.0,1.8571650000000002,0.603191,AUT,DEU,848490
2552522,16,61,9253,2001,0.0,56385.0,-0.6731090000000001,-1.037922,AZE,DEU,848490
2552523,17,61,9253,2001,0.0,2274.0,-0.554955,-0.755333,BDI,DEU,848490
2552524,18,61,9253,2001,1684338.0,8622382.0,1.4328370000000001,1.408495,BEL,DEU,848490
2552525,19,61,9253,2001,0.0,18462.0,-1.09233,-0.8276969999999999,BEN,DEU,848490
2552526,21,61,9253,2001,0.0,701.0,-0.291485,-0.20803000000000002,BFA,DEU,848490
2552527,22,61,9253,2001,0.0,1126184.0,-1.0406739999999999,-1.010108,BGD,DEU,848490
2552528,23,61,9253,2001,29542.0,325133.0,0.41425100000000004,1.639866,BGR,DEU,848490
2552529,24,61,9253,2001,0.0,74666.0,-0.11008399999999999,-1.053611,BHR,DEU,848490
2552530,25,61,9253,2001,0.0,2931.0,0.803267,-0.071853,BHS,DEU,848490
2552531,26,61,9253,2001,48289.0,229000.0,0.238083,0.362643,BIH,DEU,848490
2552532,28,61,9253,2001,0.0,100605.0,0.804404,0.936773,BLR,DEU,848490
2552533,31,61,9253,2001,0.0,42963.0,-0.680108,-0.678143,BOL,DEU,848490
2552534,32,61,9253,2001,41119.0,867616.0,0.672496,1.051848,BRA,DEU,848490
2552535,33,61,9253,2001,0.0,5279.0,0.725546,0.172345,BRB,DEU,848490
2552536,34,61,9253,2001,0.0,4198.0,-0.8654209999999999,-0.930599,BRN,DEU,848490
2552537,39,61,9253,2001,52939.0,710651.0,0.971827,1.105171,CAN,DEU,848490
2552538,41,61,9253,2001,1363901.0,2454842.0,2.227246,0.553956,CHE,DEU,848490
2552539,42,61,9253,2001,0.0,420599.0,-0.004658,-0.002548,CHL,DEU,848490
2552540,43,61,9253,2001,89207.0,1518484.0,0.525171,3.092963,CHN,DEU,848490
2552541,44,61,9253,2001,0.0,24769.0,-0.715949,-0.524428,CIV,DEU,848490
2552542,45,61,9253,2001,0.0,30939.0,-1.6254879999999998,-1.212513,CMR,DEU,848490
2552543,46,61,9253,2001,0.0,14000.0,-1.421643,-1.154007,COD,DEU,848490
2552544,47,61,9253,2001,0.0,7000.0,-1.482788,-1.172,COG,DEU,848490
2552545,49,61,9253,2001,0.0,396914.0,0.30412,0.395913,COL,DEU,848490
2552546,51,61,9253,2001,0.0,5261.0,0.063802,-0.456617,CPV,DEU,848490
2552547,52,61,9253,2001,0.0,54487.0,0.069458,-0.042793,CRI,DEU,848490
2552548,54,61,9253,2001,0.0,34210.0,-0.443391,-0.9599030000000001,CUB,DEU,848490
2552549,58,61,9253,2001,0.0,153497.0,0.381251,0.257802,CYP,DEU,848490
2552550,59,61,9253,2001,136433.0,708462.0,1.485703,1.109305,CZE,DEU,848490
2552551,62,61,9253,2001,0.0,1000.0,0.143467,0.14288599999999999,DJI,DEU,848490
2552552,64,61,9253,2001,732107.0,1236513.0,1.261883,1.351875,DNK,DEU,848490
2552553,65,61,9253,2001,0.0,8862.0,-0.538419,-0.48773900000000003,DOM,DEU,848490
2552554,66,61,9253,2001,0.0,722619.0,-0.663363,-1.158295,DZA,DEU,848490
2552555,67,61,9253,2001,0.0,219416.0,-0.852642,-0.896374,ECU,DEU,848490
2552556,68,61,9253,2001,0.0,1253176.0,-0.373576,0.366385,EGY,DEU,848490
2552557,69,61,9253,2001,0.0,1000.0,0.617376,-0.33233,ERI,DEU,848490
2552558,71,61,9253,2001,3746070.0,4801496.0,1.079664,1.9842220000000002,ESP,DEU,848490
2552559,72,61,9253,2001,0.0,63577.0,0.5746829999999999,0.9073899999999999,EST,DEU,848490
2552560,73,61,9253,2001,0.0,36653.0,-0.999149,-0.904072,ETH,DEU,848490
2552561,74,61,9253,2001,161117.0,1038096.0,2.069141,0.9375180000000001,FIN,DEU,848490
2552562,77,61,9253,2001,4482742.0,7725477.0,1.653507,0.797582,FRA,DEU,848490
2552563,78,61,9253,2001,0.0,523.0,-1.004972,-0.9456030000000001,FRO,DEU,848490
2552564,80,61,9253,2001,0.0,15573.0,-1.063007,-1.181284,GAB,DEU,848490
2552565,81,61,9253,2001,6353812.0,7771642.0,1.976894,0.685435,GBR,DEU,848490
2552566,82,61,9253,2001,0.0,895.0,0.585568,-0.047744999999999996,GEO,DEU,848490
2552567,83,61,9253,2001,0.0,79883.0,-0.961067,-0.780449,GHA,DEU,848490
2552568,85,61,9253,2001,0.0,3360.0,-1.5380340000000001,-1.200083,GIN,DEU,848490
2552569,90,61,9253,2001,0.0,876426.0,0.31387600000000004,1.3614600000000001,GRC,DEU,848490
2552570,91,61,9253,2001,0.0,18571.0,-0.007888,-0.518167,GRD,DEU,848490
2552571,93,61,9253,2001,0.0,19094.0,-0.5089520000000001,0.216677,GTM,DEU,848490
2552572,97,61,9253,2001,979.0,1004404.0,0.521528,2.3025,HKG,DEU,848490
2552573,99,61,9253,2001,0.0,7068.0,-0.8003060000000001,-0.602097,HND,DEU,848490
2552574,100,61,9253,2001,18658.0,437191.0,0.544596,0.969535,HRV,DEU,848490
2552575,101,61,9253,2001,0.0,3000.0,-1.220515,-0.8502200000000001,HTI,DEU,848490
2552576,102,61,9253,2001,93816.0,1682056.0,1.102262,1.138016,HUN,DEU,848490
2552577,103,61,9253,2001,0.0,528987.0,-0.167771,1.6587889999999998,IDN,DEU,848490
2552578,104,61,9253,2001,230318.0,437931.0,0.349744,2.665844,IND,DEU,848490
2552579,106,61,9253,2001,27996.0,207560.0,1.664233,0.129983,IRL,DEU,848490
2552580,107,61,9253,2001,0.0,752589.0,-0.7732479999999999,-0.8979370000000001,IRN,DEU,848490
2552581,108,61,9253,2001,0.0,167000.0,-1.115465,-0.883028,IRQ,DEU,848490
2552582,109,61,9253,2001,0.0,38483.0,0.032382999999999995,-0.51054,ISL,DEU,848490
2552583,110,61,9253,2001,2742.0,591331.0,1.374873,0.775594,ISR,DEU,848490
2552584,111,61,9253,2001,5792437.0,5393714.0,1.389926,1.282143,ITA,DEU,848490
2552585,112,61,9253,2001,0.0,11066.0,-0.541582,-0.837248,JAM,DEU,848490
2552586,113,61,9253,2001,2423.0,431318.0,0.375134,0.581558,JOR,DEU,848490
2552587,114,61,9253,2001,1431967.0,1104440.0,2.585857,0.522663,JPN,DEU,848490
2552588,115,61,9253,2001,15202.0,148500.0,0.009714,-0.525899,KAZ,DEU,848490
2552589,116,61,9253,2001,0.0,44174.0,-0.529388,0.092271,KEN,DEU,848490
2552590,117,61,9253,2001,0.0,2877.0,0.23332199999999997,0.256019,KGZ,DEU,848490
2552591,118,61,9253,2001,0.0,735.0,-1.231058,-1.154536,KHM,DEU,848490
2552592,121,61,9253,2001,193150.0,788180.0,1.145797,1.0762399999999999,KOR,DEU,848490
2552593,122,61,9253,2001,0.0,422913.0,-0.8197,-1.183758,KWT,DEU,848490
2552594,124,61,9253,2001,0.0,191768.0,0.165355,0.988008,LBN,DEU,848490
2552595,125,61,9253,2001,0.0,14000.0,-0.49036,-1.126565,LBR,DEU,848490
2552596,126,61,9253,2001,0.0,283000.0,-0.9321459999999999,-1.198124,LBY,DEU,848490
2552597,127,61,9253,2001,0.0,10892.0,0.004518,-0.5326770000000001,LCA,DEU,848490
2552598,128,61,9253,2001,0.0,7027.0,-0.722434,-0.033818,LKA,DEU,848490
2552599,130,61,9253,2001,0.0,109616.0,0.15706900000000001,0.416663,LTU,DEU,848490
2552600,131,61,9253,2001,9347.0,274949.0,1.470895,1.149007,LUX,DEU,848490
2552601,132,61,9253,2001,0.0,73409.0,0.404136,0.461009,LVA,DEU,848490
2552602,133,61,9253,2001,0.0,2168.0,-0.608406,-0.521662,MAC,DEU,848490
2552603,134,61,9253,2001,0.0,493086.0,-0.75275,-0.280397,MAR,DEU,848490
2552604,135,61,9253,2001,0.0,2894.0,-0.024822,-0.15323399999999998,MDA,DEU,848490
2552605,136,61,9253,2001,0.0,62324.0,-1.247531,-0.637093,MDG,DEU,848490
2552606,138,61,9253,2001,7887.0,778565.0,0.797058,0.713234,MEX,DEU,848490
2552607,140,61,9253,2001,0.0,21179.0,0.033097,0.43516499999999997,MKD,DEU,848490
2552608,141,61,9253,2001,0.0,16425.0,-0.40341,-0.626402,MLI,DEU,848490
2552609,142,61,9253,2001,0.0,29584.0,1.065032,-0.065239,MLT,DEU,848490
2552610,143,61,9253,2001,0.0,998.0,-1.5627,-1.150854,MMR,DEU,848490
2552611,145,61,9253,2001,0.0,5712.0,-0.691001,-0.9284180000000001,MNG,DEU,848490
2552612,147,61,9253,2001,0.0,3196.0,-1.2364879999999998,-1.136715,MOZ,DEU,848490
2552613,148,61,9253,2001,0.0,31288.0,-1.187271,-1.240445,MRT,DEU,848490
2552614,151,61,9253,2001,1826.0,14517.0,-0.410422,-0.5868369999999999,MUS,DEU,848490
2552615,152,61,9253,2001,0.0,1272.0,-1.388716,-1.116315,MWI,DEU,848490
2552616,153,61,9253,2001,4681.0,859072.0,0.768174,0.307033,MYS,DEU,848490
2552617,155,61,9253,2001,0.0,17016.0,-0.625912,-0.854247,NAM,DEU,848490
2552618,156,61,9253,2001,0.0,7454.0,-0.837087,-0.9207040000000001,NCL,DEU,848490
2552619,157,61,9253,2001,0.0,4060.0,-0.22368600000000002,-0.464156,NER,DEU,848490
2552620,159,61,9253,2001,0.0,284995.0,-1.966439,-1.2724520000000001,NGA,DEU,848490
2552621,160,61,9253,2001,0.0,5602.0,-0.8917430000000001,-0.713179,NIC,DEU,848490
2552622,162,61,9253,2001,841069.0,4674935.0,1.315685,1.590935,NLD,DEU,848490
2552623,163,61,9253,2001,39070.0,732229.0,0.974814,0.06512000000000001,NOR,DEU,848490
2552624,166,61,9253,2001,9268.0,144588.0,0.521409,0.683134,NZL,DEU,848490
2552625,167,61,9253,2001,0.0,257234.0,-0.909329,-1.189698,OMN,DEU,848490
2552626,168,61,9253,2001,0.0,66000.0,-0.8376520000000001,-0.378743,PAK,DEU,848490
2552627,169,61,9253,2001,0.0,28065.0,0.17588199999999998,0.422505,PAN,DEU,848490
2552628,173,61,9253,2001,4479.0,274093.0,-0.345519,0.202623,PER,DEU,848490
2552629,174,61,9253,2001,0.0,271860.0,-0.028201,-0.112349,PHL,DEU,848490
2552630,177,61,9253,2001,262926.0,1173512.0,0.9474540000000001,1.8408220000000002,POL,DEU,848490
2552631,178,61,9253,2001,0.0,23000.0,0.62773,1.010888,PRK,DEU,848490
2552632,179,61,9253,2001,217105.0,982697.0,0.482048,1.662123,PRT,DEU,848490
2552633,180,61,9253,2001,0.0,27317.0,-0.68893,-0.9326690000000001,PRY,DEU,848490
2552634,181,61,9253,2001,0.0,44000.0,0.60735,-0.027356000000000002,PSE,DEU,848490
2552635,182,61,9253,2001,0.0,10090.0,-0.005456,-0.7210770000000001,PYF,DEU,848490
2552636,183,61,9253,2001,0.0,100804.0,-0.46564799999999995,-1.127634,QAT,DEU,848490
2552637,185,61,9253,2001,0.0,129159.0,0.326733,1.005332,ROU,DEU,848490
2552638,186,61,9253,2001,3634.0,853268.0,0.945816,0.35027600000000003,RUS,DEU,848490
2552639,187,61,9253,2001,0.0,3663.0,-1.260879,-0.861347,RWA,DEU,848490
2552640,188,61,9253,2001,1674.0,4222638.0,0.5370550000000001,-0.793469,SAU,DEU,848490
2552641,189,61,9253,2001,0.0,396079.0,0.45280200000000004,2.469852,SCG,DEU,848490
2552642,190,61,9253,2001,0.0,15111.0,-1.6325180000000001,-1.263267,SDN,DEU,848490
2552643,191,61,9253,2001,0.0,11861.0,-0.437779,-0.436654,SEN,DEU,848490
2552644,192,61,9253,2001,14262.0,2391368.0,1.364239,0.721074,SGP,DEU,848490
2552645,196,61,9253,2001,0.0,3000.0,0.331949,0.186253,SLE,DEU,848490
2552646,197,61,9253,2001,0.0,23523.0,-0.181554,-0.031294,SLV,DEU,848490
2552647,205,61,9253,2001,0.0,1801.0,-0.650556,-0.801128,SUR,DEU,848490
2552648,206,61,9253,2001,134300.0,233803.0,1.1732770000000001,1.088576,SVK,DEU,848490
2552649,207,61,9253,2001,25686.0,357832.0,1.5074370000000001,1.1370040000000001,SVN,DEU,848490
2552650,208,61,9253,2001,414886.0,2006500.0,2.156845,0.784439,SWE,DEU,848490
2552651,211,61,9253,2001,0.0,1870.0,0.065059,-0.7806489999999999,SYC,DEU,848490
2552652,212,61,9253,2001,0.0,426559.0,-1.057217,-0.716331,SYR,DEU,848490
2552653,215,61,9253,2001,0.0,819.0,-0.758725,-0.577004,TGO,DEU,848490
2552654,216,61,9253,2001,107616.0,815189.0,0.37555900000000003,1.498267,THA,DEU,848490
2552655,219,61,9253,2001,0.0,7000.0,-1.24627,-1.2760209999999998,TKM,DEU,848490
2552656,222,61,9253,2001,0.0,23598.0,0.178256,-0.709126,TTO,DEU,848490
2552657,223,61,9253,2001,28880.0,414782.0,-0.162152,0.23939699999999997,TUN,DEU,848490
2552658,224,61,9253,2001,43943.0,1421620.0,0.188773,1.91451,TUR,DEU,848490
2552659,226,61,9253,2001,0.0,48037.0,-1.193991,-0.49282200000000004,TZA,DEU,848490
2552660,227,61,9253,2001,0.0,3860.0,-0.9694860000000001,-0.840592,UGA,DEU,848490
2552661,228,61,9253,2001,201663.0,141713.0,0.8376969999999999,0.989059,UKR,DEU,848490
2552662,230,61,9253,2001,0.0,32486.0,0.36029,0.298869,URY,DEU,848490
2552663,231,61,9253,2001,4208254.0,8175936.0,1.873674,0.168468,USA,DEU,848490
2552664,232,61,9253,2001,0.0,40000.0,-0.395913,-0.6454449999999999,UZB,DEU,848490
2552665,234,61,9253,2001,0.0,1958.0,-0.5042,-0.7987609999999999,VCT,DEU,848490
2552666,236,61,9253,2001,0.0,778663.0,0.261158,-0.7397,VEN,DEU,848490
2552667,239,61,9253,2001,0.0,29117.0,-0.6692130000000001,0.610992,VNM,DEU,848490
2552668,240,61,9253,2001,0.0,3000.0,-0.9620719999999999,-0.873368,VUT,DEU,848490
2552669,243,61,9253,2001,0.0,36000.0,-1.465154,-1.261615,YEM,DEU,848490
2552670,246,61,9253,2001,25388.0,2496197.0,0.356842,2.006155,ZAF,DEU,848490
2552671,247,61,9253,2001,0.0,4599.0,-0.731193,-0.706978,ZMB,DEU,848490
2552672,248,61,9253,2001,0.0,15035.0,-0.6321829999999999,-0.453671,ZWE,DEU,848490
2552673,249,61,9253,2001,1784355.0,904556.0,1.5731700000000002,1.353159,TWN,DEU,848490
2552674,250,61,9253,2001,0.0,127000.0,1.096023,-0.33562600000000004,ANS,DEU,848490
2552675,7,64,9253,2001,0.0,2865.0,-0.193984,-0.457124,ARE,DNK,848490
2552676,8,64,9253,2001,0.0,9811.0,0.287698,0.547137,ARG,DNK,848490
2552677,14,64,9253,2001,0.0,17768.0,0.29463,0.772375,AUS,DNK,848490
2552678,15,64,9253,2001,86766.0,54284.0,1.8571650000000002,0.603191,AUT,DNK,848490
2552679,18,64,9253,2001,501263.0,6716.0,1.4328370000000001,1.408495,BEL,DNK,848490
2552680,19,64,9253,2001,0.0,3095.0,-1.09233,-0.8276969999999999,BEN,DNK,848490
2552681,21,64,9253,2001,0.0,17771.0,-0.291485,-0.20803000000000002,BFA,DNK,848490
2552682,22,64,9253,2001,0.0,3227.0,-1.0406739999999999,-1.010108,BGD,DNK,848490
2552683,25,64,9253,2001,0.0,2606.0,0.803267,-0.071853,BHS,DNK,848490
2552684,28,64,9253,2001,0.0,4046.0,0.804404,0.936773,BLR,DNK,848490
2552685,32,64,9253,2001,8599.0,9012.0,0.672496,1.051848,BRA,DNK,848490
2552686,39,64,9253,2001,0.0,16553.0,0.971827,1.105171,CAN,DNK,848490
2552687,41,64,9253,2001,27604.0,18196.0,2.227246,0.553956,CHE,DNK,848490
2552688,42,64,9253,2001,0.0,2888.0,-0.004658,-0.002548,CHL,DNK,848490
2552689,43,64,9253,2001,65039.0,1922265.0,0.525171,3.092963,CHN,DNK,848490
2552690,45,64,9253,2001,0.0,1048.0,-1.6254879999999998,-1.212513,CMR,DNK,848490
2552691,49,64,9253,2001,0.0,4136.0,0.30412,0.395913,COL,DNK,848490
2552692,52,64,9253,2001,0.0,2379.0,0.069458,-0.042793,CRI,DNK,848490
2552693,54,64,9253,2001,0.0,2111.0,-0.443391,-0.9599030000000001,CUB,DNK,848490
2552694,59,64,9253,2001,9537.0,21017.0,1.485703,1.109305,CZE,DNK,848490
2552695,61,64,9253,2001,1236513.0,732107.0,2.321375,-2.1110990000000003,DEU,DNK,848490
2552696,66,64,9253,2001,0.0,10495.0,-0.663363,-1.158295,DZA,DNK,848490
2552697,67,64,9253,2001,0.0,4824.0,-0.852642,-0.896374,ECU,DNK,848490
2552698,68,64,9253,2001,0.0,17504.0,-0.373576,0.366385,EGY,DNK,848490
2552699,71,64,9253,2001,264614.0,14245.0,1.079664,1.9842220000000002,ESP,DNK,848490
2552700,74,64,9253,2001,39643.0,230371.0,2.069141,0.9375180000000001,FIN,DNK,848490
2552701,77,64,9253,2001,351895.0,96660.0,1.653507,0.797582,FRA,DNK,848490
2552702,78,64,9253,2001,0.0,21969.0,-1.004972,-0.9456030000000001,FRO,DNK,848490
2552703,80,64,9253,2001,0.0,5105.0,-1.063007,-1.181284,GAB,DNK,848490
2552704,81,64,9253,2001,345828.0,346601.0,1.976894,0.685435,GBR,DNK,848490
2552705,90,64,9253,2001,0.0,16088.0,0.31387600000000004,1.3614600000000001,GRC,DNK,848490
2552706,93,64,9253,2001,0.0,3371.0,-0.5089520000000001,0.216677,GTM,DNK,848490
2552707,97,64,9253,2001,0.0,10248.0,0.521528,2.3025,HKG,DNK,848490
2552708,100,64,9253,2001,0.0,35892.0,0.544596,0.969535,HRV,DNK,848490
2552709,101,64,9253,2001,0.0,2619.0,-1.220515,-0.8502200000000001,HTI,DNK,848490
2552710,102,64,9253,2001,0.0,24182.0,1.102262,1.138016,HUN,DNK,848490
2552711,103,64,9253,2001,0.0,2693.0,-0.167771,1.6587889999999998,IDN,DNK,848490
2552712,104,64,9253,2001,10833.0,58722.0,0.349744,2.665844,IND,DNK,848490
2552713,106,64,9253,2001,0.0,9108.0,1.664233,0.129983,IRL,DNK,848490
2552714,107,64,9253,2001,0.0,36390.0,-0.7732479999999999,-0.8979370000000001,IRN,DNK,848490
2552715,109,64,9253,2001,0.0,32390.0,0.032382999999999995,-0.51054,ISL,DNK,848490
2552716,110,64,9253,2001,4249.0,4674.0,1.374873,0.775594,ISR,DNK,848490
2552717,111,64,9253,2001,196527.0,24700.0,1.389926,1.282143,ITA,DNK,848490
2552718,112,64,9253,2001,0.0,2402.0,-0.541582,-0.837248,JAM,DNK,848490
2552719,113,64,9253,2001,0.0,851.0,0.375134,0.581558,JOR,DNK,848490
2552720,114,64,9253,2001,21366.0,14278.0,2.585857,0.522663,JPN,DNK,848490
2552721,115,64,9253,2001,0.0,3025.0,0.009714,-0.525899,KAZ,DNK,848490
2552722,116,64,9253,2001,0.0,3095.0,-0.529388,0.092271,KEN,DNK,848490
2552723,121,64,9253,2001,2007.0,4948.0,1.145797,1.0762399999999999,KOR,DNK,848490
2552724,124,64,9253,2001,0.0,6027.0,0.165355,0.988008,LBN,DNK,848490
2552725,130,64,9253,2001,0.0,26937.0,0.15706900000000001,0.416663,LTU,DNK,848490
2552726,132,64,9253,2001,0.0,7829.0,0.404136,0.461009,LVA,DNK,848490
2552727,134,64,9253,2001,0.0,1468.0,-0.75275,-0.280397,MAR,DNK,848490
2552728,138,64,9253,2001,0.0,1725.0,0.797058,0.713234,MEX,DNK,848490
2552729,140,64,9253,2001,0.0,1569.0,0.033097,0.43516499999999997,MKD,DNK,848490
2552730,151,64,9253,2001,0.0,1119.0,-0.410422,-0.5868369999999999,MUS,DNK,848490
2552731,153,64,9253,2001,0.0,855559.0,0.768174,0.307033,MYS,DNK,848490
2552732,156,64,9253,2001,0.0,4051.0,-0.837087,-0.9207040000000001,NCL,DNK,848490
2552733,157,64,9253,2001,0.0,556.0,-0.22368600000000002,-0.464156,NER,DNK,848490
2552734,159,64,9253,2001,0.0,8654.0,-1.966439,-1.2724520000000001,NGA,DNK,848490
2552735,162,64,9253,2001,126846.0,80965.0,1.315685,1.590935,NLD,DNK,848490
2552736,163,64,9253,2001,36257.0,196778.0,0.974814,0.06512000000000001,NOR,DNK,848490
2552737,166,64,9253,2001,0.0,7967.0,0.521409,0.683134,NZL,DNK,848490
2552738,167,64,9253,2001,0.0,3055.0,-0.909329,-1.189698,OMN,DNK,848490
2552739,173,64,9253,2001,0.0,5881.0,-0.345519,0.202623,PER,DNK,848490
2552740,174,64,9253,2001,0.0,1251.0,-0.028201,-0.112349,PHL,DNK,848490
2552741,177,64,9253,2001,0.0,40097.0,0.9474540000000001,1.8408220000000002,POL,DNK,848490
2552742,179,64,9253,2001,0.0,102673.0,0.482048,1.662123,PRT,DNK,848490
2552743,182,64,9253,2001,0.0,2732.0,-0.005456,-0.7210770000000001,PYF,DNK,848490
2552744,185,64,9253,2001,0.0,5818.0,0.326733,1.005332,ROU,DNK,848490
2552745,186,64,9253,2001,0.0,45610.0,0.945816,0.35027600000000003,RUS,DNK,848490
2552746,188,64,9253,2001,0.0,2896.0,0.5370550000000001,-0.793469,SAU,DNK,848490
2552747,189,64,9253,2001,0.0,1840.0,0.45280200000000004,2.469852,SCG,DNK,848490
2552748,191,64,9253,2001,0.0,1510.0,-0.437779,-0.436654,SEN,DNK,848490
2552749,192,64,9253,2001,12340.0,11756.0,1.364239,0.721074,SGP,DNK,848490
2552750,206,64,9253,2001,0.0,83234.0,1.1732770000000001,1.088576,SVK,DNK,848490
2552751,207,64,9253,2001,3457.0,9877.0,1.5074370000000001,1.1370040000000001,SVN,DNK,848490
2552752,208,64,9253,2001,545759.0,662115.0,2.156845,0.784439,SWE,DNK,848490
2552753,216,64,9253,2001,3609.0,5403.0,0.37555900000000003,1.498267,THA,DNK,848490
2552754,223,64,9253,2001,0.0,4671.0,-0.162152,0.23939699999999997,TUN,DNK,848490
2552755,224,64,9253,2001,0.0,1753.0,0.188773,1.91451,TUR,DNK,848490
2552756,226,64,9253,2001,0.0,5741.0,-1.193991,-0.49282200000000004,TZA,DNK,848490
2552757,228,64,9253,2001,0.0,7059.0,0.8376969999999999,0.989059,UKR,DNK,848490
2552758,230,64,9253,2001,0.0,1888.0,0.36029,0.298869,URY,DNK,848490
2552759,231,64,9253,2001,26048.0,523024.0,1.873674,0.168468,USA,DNK,848490
2552760,236,64,9253,2001,0.0,4595.0,0.261158,-0.7397,VEN,DNK,848490
2552761,239,64,9253,2001,0.0,5786.0,-0.6692130000000001,0.610992,VNM,DNK,848490
2552762,246,64,9253,2001,0.0,6379.0,0.356842,2.006155,ZAF,DNK,848490
2552763,248,64,9253,2001,0.0,7148.0,-0.6321829999999999,-0.453671,ZWE,DNK,848490
2552764,249,64,9253,2001,130194.0,16110.0,1.5731700000000002,1.353159,TWN,DNK,848490
2552765,8,65,9253,2001,6453.0,0.0,0.287698,0.547137,ARG,DOM,848490
2552766,15,65,9253,2001,3022.0,0.0,1.8571650000000002,0.603191,AUT,DOM,848490
2552767,18,65,9253,2001,1552.0,0.0,1.4328370000000001,1.408495,BEL,DOM,848490
2552768,32,65,9253,2001,8623.0,0.0,0.672496,1.051848,BRA,DOM,848490
2552769,39,65,9253,2001,2538.0,0.0,0.971827,1.105171,CAN,DOM,848490
2552770,43,65,9253,2001,2245.0,0.0,0.525171,3.092963,CHN,DOM,848490
2552771,59,65,9253,2001,938.0,0.0,1.485703,1.109305,CZE,DOM,848490
2552772,61,65,9253,2001,8862.0,0.0,2.321375,-2.1110990000000003,DEU,DOM,848490
2552773,71,65,9253,2001,11483.0,0.0,1.079664,1.9842220000000002,ESP,DOM,848490
2552774,74,65,9253,2001,48782.0,0.0,2.069141,0.9375180000000001,FIN,DOM,848490
2552775,77,65,9253,2001,4979.0,0.0,1.653507,0.797582,FRA,DOM,848490
2552776,81,65,9253,2001,1805.0,0.0,1.976894,0.685435,GBR,DOM,848490
2552777,97,65,9253,2001,3703.0,0.0,0.521528,2.3025,HKG,DOM,848490
2552778,110,65,9253,2001,5105.0,0.0,1.374873,0.775594,ISR,DOM,848490
2552779,111,65,9253,2001,2750.0,0.0,1.389926,1.282143,ITA,DOM,848490
2552780,114,65,9253,2001,75893.0,0.0,2.585857,0.522663,JPN,DOM,848490
2552781,121,65,9253,2001,4871.0,0.0,1.145797,1.0762399999999999,KOR,DOM,848490
2552782,138,65,9253,2001,1469.0,0.0,0.797058,0.713234,MEX,DOM,848490
2552783,162,65,9253,2001,3999.0,0.0,1.315685,1.590935,NLD,DOM,848490
2552784,169,65,9253,2001,1365.0,0.0,0.17588199999999998,0.422505,PAN,DOM,848490
2552785,173,65,9253,2001,12036.0,0.0,-0.345519,0.202623,PER,DOM,848490
2552786,208,65,9253,2001,1461.0,0.0,2.156845,0.784439,SWE,DOM,848490
2552787,231,65,9253,2001,25442.0,0.0,1.873674,0.168468,USA,DOM,848490
2552788,236,65,9253,2001,1049.0,0.0,0.261158,-0.7397,VEN,DOM,848490
2552789,249,65,9253,2001,85429.0,0.0,1.5731700000000002,1.353159,TWN,DOM,848490
2552790,250,65,9253,2001,8447.0,0.0,1.096023,-0.33562600000000004,ANS,DOM,848490
2552791,1,67,9253,2001,2700.0,0.0,-0.033686,-0.46412700000000007,AFG,ECU,848490
2552792,8,67,9253,2001,8674.0,0.0,0.287698,0.547137,ARG,ECU,848490
2552793,15,67,9253,2001,977.0,0.0,1.8571650000000002,0.603191,AUT,ECU,848490
2552794,18,67,9253,2001,10016.0,0.0,1.4328370000000001,1.408495,BEL,ECU,848490
2552795,32,67,9253,2001,153679.0,0.0,0.672496,1.051848,BRA,ECU,848490
2552796,39,67,9253,2001,3961.0,0.0,0.971827,1.105171,CAN,ECU,848490
2552797,41,67,9253,2001,2641.0,0.0,2.227246,0.553956,CHE,ECU,848490
2552798,42,67,9253,2001,2256.0,0.0,-0.004658,-0.002548,CHL,ECU,848490
2552799,43,67,9253,2001,101050.0,0.0,0.525171,3.092963,CHN,ECU,848490
2552800,49,67,9253,2001,44329.0,0.0,0.30412,0.395913,COL,ECU,848490
2552801,61,67,9253,2001,219416.0,0.0,2.321375,-2.1110990000000003,DEU,ECU,848490
2552802,64,67,9253,2001,4824.0,0.0,1.261883,1.351875,DNK,ECU,848490
2552803,71,67,9253,2001,58119.0,0.0,1.079664,1.9842220000000002,ESP,ECU,848490
2552804,74,67,9253,2001,4786.0,0.0,2.069141,0.9375180000000001,FIN,ECU,848490
2552805,77,67,9253,2001,9461.0,0.0,1.653507,0.797582,FRA,ECU,848490
2552806,81,67,9253,2001,4974.0,0.0,1.976894,0.685435,GBR,ECU,848490
2552807,97,67,9253,2001,8237.0,0.0,0.521528,2.3025,HKG,ECU,848490
2552808,111,67,9253,2001,3298.0,0.0,1.389926,1.282143,ITA,ECU,848490
2552809,114,67,9253,2001,804751.0,0.0,2.585857,0.522663,JPN,ECU,848490
2552810,121,67,9253,2001,18420.0,0.0,1.145797,1.0762399999999999,KOR,ECU,848490
2552811,138,67,9253,2001,25715.0,0.0,0.797058,0.713234,MEX,ECU,848490
2552812,162,67,9253,2001,1107.0,0.0,1.315685,1.590935,NLD,ECU,848490
2552813,163,67,9253,2001,1303.0,0.0,0.974814,0.06512000000000001,NOR,ECU,848490
2552814,169,67,9253,2001,2643.0,0.0,0.17588199999999998,0.422505,PAN,ECU,848490
2552815,173,67,9253,2001,115514.0,1224.0,-0.345519,0.202623,PER,ECU,848490
2552816,208,67,9253,2001,15981.0,0.0,2.156845,0.784439,SWE,ECU,848490
2552817,231,67,9253,2001,112174.0,0.0,1.873674,0.168468,USA,ECU,848490
2552818,236,67,9253,2001,39702.0,2908.0,0.261158,-0.7397,VEN,ECU,848490
2552819,249,67,9253,2001,286316.0,840.0,1.5731700000000002,1.353159,TWN,ECU,848490
2552820,4,71,9253,2001,0.0,20237.0,-0.054125,0.104298,ALB,ESP,848490
2552821,6,71,9253,2001,0.0,8661.0,0.260662,-0.66681,ANT,ESP,848490
2552822,7,71,9253,2001,0.0,74736.0,-0.193984,-0.457124,ARE,ESP,848490
2552823,8,71,9253,2001,4662.0,644531.0,0.287698,0.547137,ARG,ESP,848490
2552824,14,71,9253,2001,9517.0,552224.0,0.29463,0.772375,AUS,ESP,848490
2552825,15,71,9253,2001,126291.0,80844.0,1.8571650000000002,0.603191,AUT,ESP,848490
2552826,18,71,9253,2001,1365282.0,226079.0,1.4328370000000001,1.408495,BEL,ESP,848490
2552827,23,71,9253,2001,0.0,95687.0,0.41425100000000004,1.639866,BGR,ESP,848490
2552828,28,71,9253,2001,0.0,200238.0,0.804404,0.936773,BLR,ESP,848490
2552829,31,71,9253,2001,0.0,6065.0,-0.680108,-0.678143,BOL,ESP,848490
2552830,32,71,9253,2001,8419.0,121282.0,0.672496,1.051848,BRA,ESP,848490
2552831,39,71,9253,2001,3037.0,5726.0,0.971827,1.105171,CAN,ESP,848490
2552832,41,71,9253,2001,43273.0,130364.0,2.227246,0.553956,CHE,ESP,848490
2552833,42,71,9253,2001,0.0,305478.0,-0.004658,-0.002548,CHL,ESP,848490
2552834,43,71,9253,2001,55002.0,17204.0,0.525171,3.092963,CHN,ESP,848490
2552835,44,71,9253,2001,0.0,2159.0,-0.715949,-0.524428,CIV,ESP,848490
2552836,49,71,9253,2001,0.0,165508.0,0.30412,0.395913,COL,ESP,848490
2552837,52,71,9253,2001,0.0,227292.0,0.069458,-0.042793,CRI,ESP,848490
2552838,54,71,9253,2001,0.0,100356.0,-0.443391,-0.9599030000000001,CUB,ESP,848490
2552839,58,71,9253,2001,0.0,17431.0,0.381251,0.257802,CYP,ESP,848490
2552840,59,71,9253,2001,3781.0,294228.0,1.485703,1.109305,CZE,ESP,848490
2552841,61,71,9253,2001,4801496.0,3746070.0,2.321375,-2.1110990000000003,DEU,ESP,848490
2552842,64,71,9253,2001,14245.0,264614.0,1.261883,1.351875,DNK,ESP,848490
2552843,65,71,9253,2001,0.0,11483.0,-0.538419,-0.48773900000000003,DOM,ESP,848490
2552844,66,71,9253,2001,0.0,98655.0,-0.663363,-1.158295,DZA,ESP,848490
2552845,67,71,9253,2001,0.0,58119.0,-0.852642,-0.896374,ECU,ESP,848490
2552846,68,71,9253,2001,0.0,1788.0,-0.373576,0.366385,EGY,ESP,848490
2552847,72,71,9253,2001,0.0,33071.0,0.5746829999999999,0.9073899999999999,EST,ESP,848490
2552848,73,71,9253,2001,0.0,3145.0,-0.999149,-0.904072,ETH,ESP,848490
2552849,74,71,9253,2001,22458.0,132448.0,2.069141,0.9375180000000001,FIN,ESP,848490
2552850,77,71,9253,2001,3411276.0,1150095.0,1.653507,0.797582,FRA,ESP,848490
2552851,80,71,9253,2001,0.0,37648.0,-1.063007,-1.181284,GAB,ESP,848490
2552852,81,71,9253,2001,1225132.0,1591314.0,1.976894,0.685435,GBR,ESP,848490
2552853,87,71,9253,2001,0.0,6859.0,-0.160182,-0.24737399999999998,GMB,ESP,848490
2552854,89,71,9253,2001,0.0,1021.0,-2.0882959999999997,-0.921539,GNQ,ESP,848490
2552855,90,71,9253,2001,1647.0,238724.0,0.31387600000000004,1.3614600000000001,GRC,ESP,848490
2552856,93,71,9253,2001,0.0,150801.0,-0.5089520000000001,0.216677,GTM,ESP,848490
2552857,97,71,9253,2001,0.0,30133.0,0.521528,2.3025,HKG,ESP,848490
2552858,100,71,9253,2001,0.0,51901.0,0.544596,0.969535,HRV,ESP,848490
2552859,102,71,9253,2001,0.0,500529.0,1.102262,1.138016,HUN,ESP,848490
2552860,103,71,9253,2001,0.0,1236.0,-0.167771,1.6587889999999998,IDN,ESP,848490
2552861,104,71,9253,2001,31973.0,4393.0,0.349744,2.665844,IND,ESP,848490
2552862,106,71,9253,2001,0.0,48812.0,1.664233,0.129983,IRL,ESP,848490
2552863,107,71,9253,2001,0.0,10110.0,-0.7732479999999999,-0.8979370000000001,IRN,ESP,848490
2552864,109,71,9253,2001,0.0,53104.0,0.032382999999999995,-0.51054,ISL,ESP,848490
2552865,110,71,9253,2001,7075.0,369617.0,1.374873,0.775594,ISR,ESP,848490
2552866,111,71,9253,2001,1931506.0,1225688.0,1.389926,1.282143,ITA,ESP,848490
2552867,113,71,9253,2001,0.0,3050793.0,0.375134,0.581558,JOR,ESP,848490
2552868,114,71,9253,2001,391977.0,1814.0,2.585857,0.522663,JPN,ESP,848490
2552869,121,71,9253,2001,17332.0,9846.0,1.145797,1.0762399999999999,KOR,ESP,848490
2552870,122,71,9253,2001,0.0,16974.0,-0.8197,-1.183758,KWT,ESP,848490
2552871,124,71,9253,2001,0.0,32459.0,0.165355,0.988008,LBN,ESP,848490
2552872,130,71,9253,2001,0.0,129625.0,0.15706900000000001,0.416663,LTU,ESP,848490
2552873,131,71,9253,2001,2995.0,0.0,1.470895,1.149007,LUX,ESP,848490
2552874,132,71,9253,2001,0.0,23129.0,0.404136,0.461009,LVA,ESP,848490
2552875,134,71,9253,2001,0.0,135161.0,-0.75275,-0.280397,MAR,ESP,848490
2552876,135,71,9253,2001,0.0,15618.0,-0.024822,-0.15323399999999998,MDA,ESP,848490
2552877,136,71,9253,2001,0.0,4368.0,-1.247531,-0.637093,MDG,ESP,848490
2552878,138,71,9253,2001,7219.0,163951.0,0.797058,0.713234,MEX,ESP,848490
2552879,141,71,9253,2001,0.0,7637.0,-0.40341,-0.626402,MLI,ESP,848490
2552880,142,71,9253,2001,0.0,24933.0,1.065032,-0.065239,MLT,ESP,848490
2552881,147,71,9253,2001,0.0,8822.0,-1.2364879999999998,-1.136715,MOZ,ESP,848490
2552882,151,71,9253,2001,0.0,29987.0,-0.410422,-0.5868369999999999,MUS,ESP,848490
2552883,153,71,9253,2001,0.0,20091.0,0.768174,0.307033,MYS,ESP,848490
2552884,156,71,9253,2001,0.0,787.0,-0.837087,-0.9207040000000001,NCL,ESP,848490
2552885,159,71,9253,2001,0.0,3881.0,-1.966439,-1.2724520000000001,NGA,ESP,848490
2552886,160,71,9253,2001,0.0,3016.0,-0.8917430000000001,-0.713179,NIC,ESP,848490
2552887,162,71,9253,2001,351091.0,362647.0,1.315685,1.590935,NLD,ESP,848490
2552888,163,71,9253,2001,16018.0,22487.0,0.974814,0.06512000000000001,NOR,ESP,848490
2552889,166,71,9253,2001,0.0,33092.0,0.521409,0.683134,NZL,ESP,848490
2552890,173,71,9253,2001,1203.0,160811.0,-0.345519,0.202623,PER,ESP,848490
2552891,174,71,9253,2001,0.0,6107.0,-0.028201,-0.112349,PHL,ESP,848490
2552892,177,71,9253,2001,0.0,851966.0,0.9474540000000001,1.8408220000000002,POL,ESP,848490
2552893,179,71,9253,2001,84448.0,3779379.0,0.482048,1.662123,PRT,ESP,848490
2552894,182,71,9253,2001,0.0,1495.0,-0.005456,-0.7210770000000001,PYF,ESP,848490
2552895,185,71,9253,2001,0.0,531542.0,0.326733,1.005332,ROU,ESP,848490
2552896,186,71,9253,2001,0.0,250607.0,0.945816,0.35027600000000003,RUS,ESP,848490
2552897,189,71,9253,2001,0.0,2731.0,0.45280200000000004,2.469852,SCG,ESP,848490
2552898,191,71,9253,2001,0.0,14562.0,-0.437779,-0.436654,SEN,ESP,848490
2552899,192,71,9253,2001,0.0,22873.0,1.364239,0.721074,SGP,ESP,848490
2552900,197,71,9253,2001,0.0,85613.0,-0.181554,-0.031294,SLV,ESP,848490
2552901,206,71,9253,2001,0.0,9741.0,1.1732770000000001,1.088576,SVK,ESP,848490
2552902,207,71,9253,2001,0.0,91128.0,1.5074370000000001,1.1370040000000001,SVN,ESP,848490
2552903,208,71,9253,2001,173618.0,116319.0,2.156845,0.784439,SWE,ESP,848490
2552904,215,71,9253,2001,0.0,6814.0,-0.758725,-0.577004,TGO,ESP,848490
2552905,216,71,9253,2001,10347.0,25417.0,0.37555900000000003,1.498267,THA,ESP,848490
2552906,222,71,9253,2001,0.0,258.0,0.178256,-0.709126,TTO,ESP,848490
2552907,223,71,9253,2001,0.0,94620.0,-0.162152,0.23939699999999997,TUN,ESP,848490
2552908,224,71,9253,2001,54093.0,13702.0,0.188773,1.91451,TUR,ESP,848490
2552909,228,71,9253,2001,0.0,51307.0,0.8376969999999999,0.989059,UKR,ESP,848490
2552910,230,71,9253,2001,0.0,110002.0,0.36029,0.298869,URY,ESP,848490
2552911,231,71,9253,2001,302096.0,850516.0,1.873674,0.168468,USA,ESP,848490
2552912,236,71,9253,2001,0.0,359035.0,0.261158,-0.7397,VEN,ESP,848490
2552913,239,71,9253,2001,0.0,23959.0,-0.6692130000000001,0.610992,VNM,ESP,848490
2552914,246,71,9253,2001,0.0,643195.0,0.356842,2.006155,ZAF,ESP,848490
2552915,248,71,9253,2001,0.0,6521.0,-0.6321829999999999,-0.453671,ZWE,ESP,848490
2552916,249,71,9253,2001,123246.0,65721.0,1.5731700000000002,1.353159,TWN,ESP,848490
2552917,8,74,9253,2001,0.0,1636.0,0.287698,0.547137,ARG,FIN,848490
2552918,14,74,9253,2001,0.0,32480.0,0.29463,0.772375,AUS,FIN,848490
2552919,15,74,9253,2001,40498.0,87804.0,1.8571650000000002,0.603191,AUT,FIN,848490
2552920,18,74,9253,2001,558746.0,25304.0,1.4328370000000001,1.408495,BEL,FIN,848490
2552921,28,74,9253,2001,0.0,3157.0,0.804404,0.936773,BLR,FIN,848490
2552922,32,74,9253,2001,2138.0,26413.0,0.672496,1.051848,BRA,FIN,848490
2552923,39,74,9253,2001,5400.0,74161.0,0.971827,1.105171,CAN,FIN,848490
2552924,41,74,9253,2001,11192.0,8361.0,2.227246,0.553956,CHE,FIN,848490
2552925,42,74,9253,2001,0.0,10356.0,-0.004658,-0.002548,CHL,FIN,848490
2552926,43,74,9253,2001,0.0,166231.0,0.525171,3.092963,CHN,FIN,848490
2552927,49,74,9253,2001,0.0,1465.0,0.30412,0.395913,COL,FIN,848490
2552928,59,74,9253,2001,982.0,18928.0,1.485703,1.109305,CZE,FIN,848490
2552929,61,74,9253,2001,1038096.0,161117.0,2.321375,-2.1110990000000003,DEU,FIN,848490
2552930,64,74,9253,2001,230371.0,39643.0,1.261883,1.351875,DNK,FIN,848490
2552931,65,74,9253,2001,0.0,48782.0,-0.538419,-0.48773900000000003,DOM,FIN,848490
2552932,66,74,9253,2001,0.0,743.0,-0.663363,-1.158295,DZA,FIN,848490
2552933,67,74,9253,2001,0.0,4786.0,-0.852642,-0.896374,ECU,FIN,848490
2552934,68,74,9253,2001,0.0,9130.0,-0.373576,0.366385,EGY,FIN,848490
2552935,71,74,9253,2001,132448.0,22458.0,1.079664,1.9842220000000002,ESP,FIN,848490
2552936,72,74,9253,2001,1975.0,178746.0,0.5746829999999999,0.9073899999999999,EST,FIN,848490
2552937,77,74,9253,2001,286827.0,215110.0,1.653507,0.797582,FRA,FIN,848490
2552938,81,74,9253,2001,454060.0,70048.0,1.976894,0.685435,GBR,FIN,848490
2552939,90,74,9253,2001,0.0,2033.0,0.31387600000000004,1.3614600000000001,GRC,FIN,848490
2552940,93,74,9253,2001,0.0,2917.0,-0.5089520000000001,0.216677,GTM,FIN,848490
2552941,97,74,9253,2001,0.0,3493.0,0.521528,2.3025,HKG,FIN,848490
2552942,100,74,9253,2001,0.0,3484.0,0.544596,0.969535,HRV,FIN,848490
2552943,102,74,9253,2001,965.0,27249.0,1.102262,1.138016,HUN,FIN,848490
2552944,103,74,9253,2001,0.0,29730.0,-0.167771,1.6587889999999998,IDN,FIN,848490
2552945,104,74,9253,2001,0.0,7436.0,0.349744,2.665844,IND,FIN,848490
2552946,106,74,9253,2001,27155.0,0.0,1.664233,0.129983,IRL,FIN,848490
2552947,107,74,9253,2001,0.0,968.0,-0.7732479999999999,-0.8979370000000001,IRN,FIN,848490
2552948,109,74,9253,2001,0.0,6622.0,0.032382999999999995,-0.51054,ISL,FIN,848490
2552949,110,74,9253,2001,1069.0,3532.0,1.374873,0.775594,ISR,FIN,848490
2552950,111,74,9253,2001,562561.0,59850.0,1.389926,1.282143,ITA,FIN,848490
2552951,114,74,9253,2001,69929.0,57820.0,2.585857,0.522663,JPN,FIN,848490
2552952,116,74,9253,2001,0.0,1766.0,-0.529388,0.092271,KEN,FIN,848490
2552953,121,74,9253,2001,2024.0,123862.0,1.145797,1.0762399999999999,KOR,FIN,848490
2552954,130,74,9253,2001,0.0,30381.0,0.15706900000000001,0.416663,LTU,FIN,848490
2552955,132,74,9253,2001,0.0,49796.0,0.404136,0.461009,LVA,FIN,848490
2552956,134,74,9253,2001,0.0,7597.0,-0.75275,-0.280397,MAR,FIN,848490
2552957,135,74,9253,2001,0.0,2255.0,-0.024822,-0.15323399999999998,MDA,FIN,848490
2552958,138,74,9253,2001,1568.0,7164.0,0.797058,0.713234,MEX,FIN,848490
2552959,141,74,9253,2001,0.0,7361.0,-0.40341,-0.626402,MLI,FIN,848490
2552960,147,74,9253,2001,0.0,7410.0,-1.2364879999999998,-1.136715,MOZ,FIN,848490
2552961,156,74,9253,2001,0.0,1452.0,-0.837087,-0.9207040000000001,NCL,FIN,848490
2552962,160,74,9253,2001,0.0,7902.0,-0.8917430000000001,-0.713179,NIC,FIN,848490
2552963,162,74,9253,2001,77580.0,75810.0,1.315685,1.590935,NLD,FIN,848490
2552964,163,74,9253,2001,20160.0,53813.0,0.974814,0.06512000000000001,NOR,FIN,848490
2552965,166,74,9253,2001,0.0,26416.0,0.521409,0.683134,NZL,FIN,848490
2552966,173,74,9253,2001,13847.0,14471.0,-0.345519,0.202623,PER,FIN,848490
2552967,174,74,9253,2001,0.0,4688.0,-0.028201,-0.112349,PHL,FIN,848490
2552968,177,74,9253,2001,986.0,56018.0,0.9474540000000001,1.8408220000000002,POL,FIN,848490
2552969,179,74,9253,2001,0.0,72403.0,0.482048,1.662123,PRT,FIN,848490
2552970,183,74,9253,2001,0.0,664.0,-0.46564799999999995,-1.127634,QAT,FIN,848490
2552971,185,74,9253,2001,0.0,1965.0,0.326733,1.005332,ROU,FIN,848490
2552972,186,74,9253,2001,1385.0,871144.0,0.945816,0.35027600000000003,RUS,FIN,848490
2552973,188,74,9253,2001,0.0,3881.0,0.5370550000000001,-0.793469,SAU,FIN,848490
2552974,191,74,9253,2001,0.0,2011.0,-0.437779,-0.436654,SEN,FIN,848490
2552975,192,74,9253,2001,0.0,8780.0,1.364239,0.721074,SGP,FIN,848490
2552976,197,74,9253,2001,0.0,1057.0,-0.181554,-0.031294,SLV,FIN,848490
2552977,206,74,9253,2001,17233.0,0.0,1.1732770000000001,1.088576,SVK,FIN,848490
2552978,207,74,9253,2001,6230.0,2791.0,1.5074370000000001,1.1370040000000001,SVN,FIN,848490
2552979,208,74,9253,2001,819456.0,198507.0,2.156845,0.784439,SWE,FIN,848490
2552980,216,74,9253,2001,0.0,16232.0,0.37555900000000003,1.498267,THA,FIN,848490
2552981,222,74,9253,2001,0.0,10732.0,0.178256,-0.709126,TTO,FIN,848490
2552982,223,74,9253,2001,0.0,1269.0,-0.162152,0.23939699999999997,TUN,FIN,848490
2552983,224,74,9253,2001,14368.0,7975.0,0.188773,1.91451,TUR,FIN,848490
2552984,226,74,9253,2001,0.0,10278.0,-1.193991,-0.49282200000000004,TZA,FIN,848490
2552985,228,74,9253,2001,0.0,21811.0,0.8376969999999999,0.989059,UKR,FIN,848490
2552986,231,74,9253,2001,112044.0,221221.0,1.873674,0.168468,USA,FIN,848490
2552987,236,74,9253,2001,0.0,21364.0,0.261158,-0.7397,VEN,FIN,848490
2552988,239,74,9253,2001,0.0,625995.0,-0.6692130000000001,0.610992,VNM,FIN,848490
2552989,243,74,9253,2001,0.0,1040.0,-1.465154,-1.261615,YEM,FIN,848490
2552990,246,74,9253,2001,0.0,28888.0,0.356842,2.006155,ZAF,FIN,848490
2552991,247,74,9253,2001,0.0,1123.0,-0.731193,-0.706978,ZMB,FIN,848490
2552992,249,74,9253,2001,13778.0,5413.0,1.5731700000000002,1.353159,TWN,FIN,848490
2552993,2,77,9253,2001,0.0,471263.0,-1.523823,-1.214093,AGO,FRA,848490
2552994,7,77,9253,2001,6571.0,306190.0,-0.193984,-0.457124,ARE,FRA,848490
2552995,8,77,9253,2001,356458.0,122096.0,0.287698,0.547137,ARG,FRA,848490
2552996,14,77,9253,2001,2279.0,242356.0,0.29463,0.772375,AUS,FRA,848490
2552997,15,77,9253,2001,292740.0,503503.0,1.8571650000000002,0.603191,AUT,FRA,848490
2552998,16,77,9253,2001,0.0,4020.0,-0.6731090000000001,-1.037922,AZE,FRA,848490
2552999,17,77,9253,2001,0.0,2679.0,-0.554955,-0.755333,BDI,FRA,848490
2553000,18,77,9253,2001,2286778.0,1779955.0,1.4328370000000001,1.408495,BEL,FRA,848490
2553001,19,77,9253,2001,751.0,11882.0,-1.09233,-0.8276969999999999,BEN,FRA,848490
2553002,21,77,9253,2001,0.0,44446.0,-0.291485,-0.20803000000000002,BFA,FRA,848490
2553003,22,77,9253,2001,0.0,940.0,-1.0406739999999999,-1.010108,BGD,FRA,848490
2553004,23,77,9253,2001,0.0,102348.0,0.41425100000000004,1.639866,BGR,FRA,848490
2553005,24,77,9253,2001,0.0,1580.0,-0.11008399999999999,-1.053611,BHR,FRA,848490
2553006,26,77,9253,2001,0.0,5377.0,0.238083,0.362643,BIH,FRA,848490
2553007,28,77,9253,2001,0.0,9871.0,0.804404,0.936773,BLR,FRA,848490
2553008,31,77,9253,2001,0.0,39141.0,-0.680108,-0.678143,BOL,FRA,848490
2553009,32,77,9253,2001,8570.0,345351.0,0.672496,1.051848,BRA,FRA,848490
2553010,33,77,9253,2001,0.0,935.0,0.725546,0.172345,BRB,FRA,848490
2553011,34,77,9253,2001,0.0,903.0,-0.8654209999999999,-0.930599,BRN,FRA,848490
2553012,38,77,9253,2001,0.0,12922.0,-0.682897,-0.8083140000000001,CAF,FRA,848490
2553013,39,77,9253,2001,10164.0,115820.0,0.971827,1.105171,CAN,FRA,848490
2553014,41,77,9253,2001,123354.0,326102.0,2.227246,0.553956,CHE,FRA,848490
2553015,42,77,9253,2001,0.0,77767.0,-0.004658,-0.002548,CHL,FRA,848490
2553016,43,77,9253,2001,10580.0,662315.0,0.525171,3.092963,CHN,FRA,848490
2553017,44,77,9253,2001,0.0,335478.0,-0.715949,-0.524428,CIV,FRA,848490
2553018,45,77,9253,2001,0.0,186978.0,-1.6254879999999998,-1.212513,CMR,FRA,848490
2553019,46,77,9253,2001,0.0,1794.0,-1.421643,-1.154007,COD,FRA,848490
2553020,47,77,9253,2001,0.0,274188.0,-1.482788,-1.172,COG,FRA,848490
2553021,49,77,9253,2001,0.0,46481.0,0.30412,0.395913,COL,FRA,848490
2553022,52,77,9253,2001,15997.0,5616.0,0.069458,-0.042793,CRI,FRA,848490
2553023,54,77,9253,2001,0.0,39303.0,-0.443391,-0.9599030000000001,CUB,FRA,848490
2553024,58,77,9253,2001,0.0,29799.0,0.381251,0.257802,CYP,FRA,848490
2553025,59,77,9253,2001,544607.0,165700.0,1.485703,1.109305,CZE,FRA,848490
2553026,61,77,9253,2001,7725477.0,4482742.0,2.321375,-2.1110990000000003,DEU,FRA,848490
2553027,62,77,9253,2001,0.0,1795.0,0.143467,0.14288599999999999,DJI,FRA,848490
2553028,64,77,9253,2001,96660.0,351895.0,1.261883,1.351875,DNK,FRA,848490
2553029,65,77,9253,2001,0.0,4979.0,-0.538419,-0.48773900000000003,DOM,FRA,848490
2553030,66,77,9253,2001,0.0,944783.0,-0.663363,-1.158295,DZA,FRA,848490
2553031,67,77,9253,2001,0.0,9461.0,-0.852642,-0.896374,ECU,FRA,848490
2553032,68,77,9253,2001,15824.0,200622.0,-0.373576,0.366385,EGY,FRA,848490
2553033,71,77,9253,2001,1150095.0,3411276.0,1.079664,1.9842220000000002,ESP,FRA,848490
2553034,72,77,9253,2001,1567.0,0.0,0.5746829999999999,0.9073899999999999,EST,FRA,848490
2553035,73,77,9253,2001,0.0,11205.0,-0.999149,-0.904072,ETH,FRA,848490
2553036,74,77,9253,2001,215110.0,286827.0,2.069141,0.9375180000000001,FIN,FRA,848490
2553037,80,77,9253,2001,0.0,227338.0,-1.063007,-1.181284,GAB,FRA,848490
2553038,81,77,9253,2001,2712610.0,3541602.0,1.976894,0.685435,GBR,FRA,848490
2553039,83,77,9253,2001,0.0,2160.0,-0.961067,-0.780449,GHA,FRA,848490
2553040,84,77,9253,2001,0.0,2687.0,0.5955739999999999,-0.39100799999999997,GIB,FRA,848490
2553041,85,77,9253,2001,0.0,41767.0,-1.5380340000000001,-1.200083,GIN,FRA,848490
2553042,90,77,9253,2001,0.0,438929.0,0.31387600000000004,1.3614600000000001,GRC,FRA,848490
2553043,93,77,9253,2001,0.0,5191.0,-0.5089520000000001,0.216677,GTM,FRA,848490
2553044,97,77,9253,2001,1675.0,232114.0,0.521528,2.3025,HKG,FRA,848490
2553045,99,77,9253,2001,0.0,1444.0,-0.8003060000000001,-0.602097,HND,FRA,848490
2553046,100,77,9253,2001,28675.0,43101.0,0.544596,0.969535,HRV,FRA,848490
2553047,102,77,9253,2001,7375.0,19892.0,1.102262,1.138016,HUN,FRA,848490
2553048,103,77,9253,2001,2019.0,31306.0,-0.167771,1.6587889999999998,IDN,FRA,848490
2553049,104,77,9253,2001,3292.0,526489.0,0.349744,2.665844,IND,FRA,848490
2553050,106,77,9253,2001,10286.0,65564.0,1.664233,0.129983,IRL,FRA,848490
2553051,107,77,9253,2001,0.0,203359.0,-0.7732479999999999,-0.8979370000000001,IRN,FRA,848490
2553052,108,77,9253,2001,0.0,61785.0,-1.115465,-0.883028,IRQ,FRA,848490
2553053,109,77,9253,2001,0.0,26425.0,0.032382999999999995,-0.51054,ISL,FRA,848490
2553054,110,77,9253,2001,3044.0,191301.0,1.374873,0.775594,ISR,FRA,848490
2553055,111,77,9253,2001,5485962.0,2104886.0,1.389926,1.282143,ITA,FRA,848490
2553056,112,77,9253,2001,0.0,2104.0,-0.541582,-0.837248,JAM,FRA,848490
2553057,113,77,9253,2001,0.0,25854.0,0.375134,0.581558,JOR,FRA,848490
2553058,114,77,9253,2001,1224178.0,358644.0,2.585857,0.522663,JPN,FRA,848490
2553059,115,77,9253,2001,0.0,7035.0,0.009714,-0.525899,KAZ,FRA,848490
2553060,116,77,9253,2001,0.0,8623.0,-0.529388,0.092271,KEN,FRA,848490
2553061,118,77,9253,2001,0.0,1674.0,-1.231058,-1.154536,KHM,FRA,848490
2553062,121,77,9253,2001,63856.0,398339.0,1.145797,1.0762399999999999,KOR,FRA,848490
2553063,122,77,9253,2001,0.0,1200518.0,-0.8197,-1.183758,KWT,FRA,848490
2553064,124,77,9253,2001,0.0,68989.0,0.165355,0.988008,LBN,FRA,848490
2553065,126,77,9253,2001,0.0,51945.0,-0.9321459999999999,-1.198124,LBY,FRA,848490
2553066,128,77,9253,2001,0.0,11661.0,-0.722434,-0.033818,LKA,FRA,848490
2553067,130,77,9253,2001,4484.0,2458.0,0.15706900000000001,0.416663,LTU,FRA,848490
2553068,131,77,9253,2001,3484.0,69987.0,1.470895,1.149007,LUX,FRA,848490
2553069,132,77,9253,2001,0.0,2565.0,0.404136,0.461009,LVA,FRA,848490
2553070,134,77,9253,2001,0.0,438021.0,-0.75275,-0.280397,MAR,FRA,848490
2553071,136,77,9253,2001,0.0,58468.0,-1.247531,-0.637093,MDG,FRA,848490
2553072,138,77,9253,2001,5349.0,452802.0,0.797058,0.713234,MEX,FRA,848490
2553073,141,77,9253,2001,0.0,9831.0,-0.40341,-0.626402,MLI,FRA,848490
2553074,142,77,9253,2001,10016.0,4345.0,1.065032,-0.065239,MLT,FRA,848490
2553075,143,77,9253,2001,0.0,6424.0,-1.5627,-1.150854,MMR,FRA,848490
2553076,147,77,9253,2001,0.0,1671.0,-1.2364879999999998,-1.136715,MOZ,FRA,848490
2553077,148,77,9253,2001,0.0,16161.0,-1.187271,-1.240445,MRT,FRA,848490
2553078,151,77,9253,2001,0.0,29668.0,-0.410422,-0.5868369999999999,MUS,FRA,848490
2553079,152,77,9253,2001,0.0,773.0,-1.388716,-1.116315,MWI,FRA,848490
2553080,153,77,9253,2001,14743.0,125560.0,0.768174,0.307033,MYS,FRA,848490
2553081,154,77,9253,2001,0.0,18598.0,1.4633260000000001,-0.114532,MYT,FRA,848490
2553082,156,77,9253,2001,0.0,63478.0,-0.837087,-0.9207040000000001,NCL,FRA,848490
2553083,157,77,9253,2001,0.0,15326.0,-0.22368600000000002,-0.464156,NER,FRA,848490
2553084,159,77,9253,2001,0.0,193520.0,-1.966439,-1.2724520000000001,NGA,FRA,848490
2553085,162,77,9253,2001,678663.0,1619943.0,1.315685,1.590935,NLD,FRA,848490
2553086,163,77,9253,2001,12099.0,270083.0,0.974814,0.06512000000000001,NOR,FRA,848490
2553087,166,77,9253,2001,3959.0,9672.0,0.521409,0.683134,NZL,FRA,848490
2553088,167,77,9253,2001,846.0,2979.0,-0.909329,-1.189698,OMN,FRA,848490
2553089,168,77,9253,2001,0.0,23285.0,-0.8376520000000001,-0.378743,PAK,FRA,848490
2553090,169,77,9253,2001,0.0,1526.0,0.17588199999999998,0.422505,PAN,FRA,848490
2553091,173,77,9253,2001,0.0,12811.0,-0.345519,0.202623,PER,FRA,848490
2553092,174,77,9253,2001,0.0,13427.0,-0.028201,-0.112349,PHL,FRA,848490
2553093,177,77,9253,2001,14656.0,153826.0,0.9474540000000001,1.8408220000000002,POL,FRA,848490
2553094,179,77,9253,2001,431037.0,428962.0,0.482048,1.662123,PRT,FRA,848490
2553095,180,77,9253,2001,0.0,14465.0,-0.68893,-0.9326690000000001,PRY,FRA,848490
2553096,182,77,9253,2001,0.0,184916.0,-0.005456,-0.7210770000000001,PYF,FRA,848490
2553097,183,77,9253,2001,0.0,35086.0,-0.46564799999999995,-1.127634,QAT,FRA,848490
2553098,185,77,9253,2001,0.0,39292.0,0.326733,1.005332,ROU,FRA,848490
2553099,186,77,9253,2001,0.0,25353.0,0.945816,0.35027600000000003,RUS,FRA,848490
2553100,188,77,9253,2001,0.0,80772.0,0.5370550000000001,-0.793469,SAU,FRA,848490
2553101,189,77,9253,2001,0.0,9182.0,0.45280200000000004,2.469852,SCG,FRA,848490
2553102,190,77,9253,2001,0.0,11015.0,-1.6325180000000001,-1.263267,SDN,FRA,848490
2553103,191,77,9253,2001,1377.0,126965.0,-0.437779,-0.436654,SEN,FRA,848490
2553104,192,77,9253,2001,12384.0,546912.0,1.364239,0.721074,SGP,FRA,848490
2553105,196,77,9253,2001,0.0,18823.0,0.331949,0.186253,SLE,FRA,848490
2553106,197,77,9253,2001,0.0,2610.0,-0.181554,-0.031294,SLV,FRA,848490
2553107,206,77,9253,2001,4083.0,8035.0,1.1732770000000001,1.088576,SVK,FRA,848490
2553108,207,77,9253,2001,1594.0,72043.0,1.5074370000000001,1.1370040000000001,SVN,FRA,848490
2553109,208,77,9253,2001,254891.0,299693.0,2.156845,0.784439,SWE,FRA,848490
2553110,211,77,9253,2001,0.0,2447.0,0.065059,-0.7806489999999999,SYC,FRA,848490
2553111,212,77,9253,2001,0.0,35812.0,-1.057217,-0.716331,SYR,FRA,848490
2553112,214,77,9253,2001,0.0,33150.0,-0.655004,-0.872215,TCD,FRA,848490
2553113,215,77,9253,2001,0.0,6545.0,-0.758725,-0.577004,TGO,FRA,848490
2553114,216,77,9253,2001,0.0,120548.0,0.37555900000000003,1.498267,THA,FRA,848490
2553115,219,77,9253,2001,0.0,1792.0,-1.24627,-1.2760209999999998,TKM,FRA,848490
2553116,222,77,9253,2001,0.0,3030.0,0.178256,-0.709126,TTO,FRA,848490
2553117,223,77,9253,2001,1653.0,859993.0,-0.162152,0.23939699999999997,TUN,FRA,848490
2553118,224,77,9253,2001,13808.0,103148.0,0.188773,1.91451,TUR,FRA,848490
2553119,226,77,9253,2001,0.0,48846.0,-1.193991,-0.49282200000000004,TZA,FRA,848490
2553120,228,77,9253,2001,0.0,4034.0,0.8376969999999999,0.989059,UKR,FRA,848490
2553121,230,77,9253,2001,0.0,10038.0,0.36029,0.298869,URY,FRA,848490
2553122,231,77,9253,2001,2456110.0,2684820.0,1.873674,0.168468,USA,FRA,848490
2553123,236,77,9253,2001,0.0,38936.0,0.261158,-0.7397,VEN,FRA,848490
2553124,239,77,9253,2001,0.0,7618.0,-0.6692130000000001,0.610992,VNM,FRA,848490
2553125,240,77,9253,2001,0.0,1799.0,-0.9620719999999999,-0.873368,VUT,FRA,848490
2553126,243,77,9253,2001,0.0,3583.0,-1.465154,-1.261615,YEM,FRA,848490
2553127,246,77,9253,2001,10079.0,477496.0,0.356842,2.006155,ZAF,FRA,848490
2553128,248,77,9253,2001,0.0,9029.0,-0.6321829999999999,-0.453671,ZWE,FRA,848490
2553129,249,77,9253,2001,66498.0,71481.0,1.5731700000000002,1.353159,TWN,FRA,848490
2553130,250,77,9253,2001,372429.0,0.0,1.096023,-0.33562600000000004,ANS,FRA,848490
2553131,7,81,9253,2001,0.0,359740.0,-0.193984,-0.457124,ARE,GBR,848490
2553132,8,81,9253,2001,0.0,625254.0,0.287698,0.547137,ARG,GBR,848490
2553133,14,81,9253,2001,31051.0,1473466.0,0.29463,0.772375,AUS,GBR,848490
2553134,15,81,9253,2001,285917.0,25581.0,1.8571650000000002,0.603191,AUT,GBR,848490
2553135,16,81,9253,2001,0.0,73466.0,-0.6731090000000001,-1.037922,AZE,GBR,848490
2553136,18,81,9253,2001,2782228.0,10293374.0,1.4328370000000001,1.408495,BEL,GBR,848490
2553137,22,81,9253,2001,0.0,44280.0,-1.0406739999999999,-1.010108,BGD,GBR,848490
2553138,23,81,9253,2001,0.0,3906.0,0.41425100000000004,1.639866,BGR,GBR,848490
2553139,24,81,9253,2001,0.0,54118.0,-0.11008399999999999,-1.053611,BHR,GBR,848490
2553140,29,81,9253,2001,0.0,1217.0,-0.297981,-0.695022,BLZ,GBR,848490
2553141,30,81,9253,2001,0.0,1110.0,1.1006129999999998,-0.5565329999999999,BMU,GBR,848490
2553142,31,81,9253,2001,0.0,5582.0,-0.680108,-0.678143,BOL,GBR,848490
2553143,32,81,9253,2001,4096.0,326711.0,0.672496,1.051848,BRA,GBR,848490
2553144,33,81,9253,2001,0.0,6151.0,0.725546,0.172345,BRB,GBR,848490
2553145,34,81,9253,2001,0.0,2787.0,-0.8654209999999999,-0.930599,BRN,GBR,848490
2553146,39,81,9253,2001,355255.0,1553204.0,0.971827,1.105171,CAN,GBR,848490
2553147,41,81,9253,2001,786377.0,318860.0,2.227246,0.553956,CHE,GBR,848490
2553148,42,81,9253,2001,0.0,79056.0,-0.004658,-0.002548,CHL,GBR,848490
2553149,43,81,9253,2001,205953.0,124435.0,0.525171,3.092963,CHN,GBR,848490
2553150,44,81,9253,2001,0.0,10527.0,-0.715949,-0.524428,CIV,GBR,848490
2553151,45,81,9253,2001,0.0,9109.0,-1.6254879999999998,-1.212513,CMR,GBR,848490
2553152,49,81,9253,2001,0.0,4753.0,0.30412,0.395913,COL,GBR,848490
2553153,52,81,9253,2001,1405.0,74886.0,0.069458,-0.042793,CRI,GBR,848490
2553154,54,81,9253,2001,0.0,42349.0,-0.443391,-0.9599030000000001,CUB,GBR,848490
2553155,57,81,9253,2001,0.0,2515.0,0.611577,-0.6532939999999999,CYM,GBR,848490
2553156,58,81,9253,2001,0.0,43788.0,0.381251,0.257802,CYP,GBR,848490
2553157,59,81,9253,2001,871409.0,154344.0,1.485703,1.109305,CZE,GBR,848490
2553158,61,81,9253,2001,7771642.0,6353812.0,2.321375,-2.1110990000000003,DEU,GBR,848490
2553159,63,81,9253,2001,0.0,1633.0,0.613251,0.226998,DMA,GBR,848490
2553160,64,81,9253,2001,346601.0,345828.0,1.261883,1.351875,DNK,GBR,848490
2553161,65,81,9253,2001,0.0,1805.0,-0.538419,-0.48773900000000003,DOM,GBR,848490
2553162,66,81,9253,2001,0.0,48048.0,-0.663363,-1.158295,DZA,GBR,848490
2553163,67,81,9253,2001,0.0,4974.0,-0.852642,-0.896374,ECU,GBR,848490
2553164,68,81,9253,2001,0.0,151072.0,-0.373576,0.366385,EGY,GBR,848490
2553165,71,81,9253,2001,1591314.0,1225132.0,1.079664,1.9842220000000002,ESP,GBR,848490
2553166,72,81,9253,2001,0.0,4271.0,0.5746829999999999,0.9073899999999999,EST,GBR,848490
2553167,73,81,9253,2001,0.0,7615.0,-0.999149,-0.904072,ETH,GBR,848490
2553168,74,81,9253,2001,70048.0,454060.0,2.069141,0.9375180000000001,FIN,GBR,848490
2553169,77,81,9253,2001,3541602.0,2712610.0,1.653507,0.797582,FRA,GBR,848490
2553170,80,81,9253,2001,0.0,65956.0,-1.063007,-1.181284,GAB,GBR,848490
2553171,82,81,9253,2001,0.0,1036.0,0.585568,-0.047744999999999996,GEO,GBR,848490
2553172,83,81,9253,2001,0.0,14211.0,-0.961067,-0.780449,GHA,GBR,848490
2553173,87,81,9253,2001,0.0,6925.0,-0.160182,-0.24737399999999998,GMB,GBR,848490
2553174,90,81,9253,2001,53130.0,39567.0,0.31387600000000004,1.3614600000000001,GRC,GBR,848490
2553175,91,81,9253,2001,0.0,1307.0,-0.007888,-0.518167,GRD,GBR,848490
2553176,93,81,9253,2001,0.0,38990.0,-0.5089520000000001,0.216677,GTM,GBR,848490
2553177,96,81,9253,2001,0.0,5521.0,-0.955816,-0.8593069999999999,GUY,GBR,848490
2553178,97,81,9253,2001,24825.0,188954.0,0.521528,2.3025,HKG,GBR,848490
2553179,99,81,9253,2001,0.0,3346.0,-0.8003060000000001,-0.602097,HND,GBR,848490
2553180,100,81,9253,2001,0.0,675.0,0.544596,0.969535,HRV,GBR,848490
2553181,102,81,9253,2001,49334.0,432483.0,1.102262,1.138016,HUN,GBR,848490
2553182,103,81,9253,2001,0.0,20989.0,-0.167771,1.6587889999999998,IDN,GBR,848490
2553183,104,81,9253,2001,729388.0,86210.0,0.349744,2.665844,IND,GBR,848490
2553184,106,81,9253,2001,34496.0,994845.0,1.664233,0.129983,IRL,GBR,848490
2553185,107,81,9253,2001,0.0,512567.0,-0.7732479999999999,-0.8979370000000001,IRN,GBR,848490
2553186,108,81,9253,2001,0.0,31383.0,-1.115465,-0.883028,IRQ,GBR,848490
2553187,109,81,9253,2001,0.0,19110.0,0.032382999999999995,-0.51054,ISL,GBR,848490
2553188,110,81,9253,2001,3981.0,63476.0,1.374873,0.775594,ISR,GBR,848490
2553189,111,81,9253,2001,2053459.0,1695783.0,1.389926,1.282143,ITA,GBR,848490
2553190,112,81,9253,2001,0.0,1262.0,-0.541582,-0.837248,JAM,GBR,848490
2553191,113,81,9253,2001,0.0,11771.0,0.375134,0.581558,JOR,GBR,848490
2553192,114,81,9253,2001,4047730.0,386257.0,2.585857,0.522663,JPN,GBR,848490
2553193,115,81,9253,2001,5694.0,244869.0,0.009714,-0.525899,KAZ,GBR,848490
2553194,116,81,9253,2001,0.0,13906.0,-0.529388,0.092271,KEN,GBR,848490
2553195,120,81,9253,2001,0.0,2647.0,0.612222,-0.440733,KNA,GBR,848490
2553196,121,81,9253,2001,80761.0,436408.0,1.145797,1.0762399999999999,KOR,GBR,848490
2553197,122,81,9253,2001,1035.0,32415.0,-0.8197,-1.183758,KWT,GBR,848490
2553198,124,81,9253,2001,0.0,108101.0,0.165355,0.988008,LBN,GBR,848490
2553199,126,81,9253,2001,0.0,111137.0,-0.9321459999999999,-1.198124,LBY,GBR,848490
2553200,127,81,9253,2001,0.0,1011.0,0.004518,-0.5326770000000001,LCA,GBR,848490
2553201,128,81,9253,2001,0.0,6275.0,-0.722434,-0.033818,LKA,GBR,848490
2553202,130,81,9253,2001,0.0,6062.0,0.15706900000000001,0.416663,LTU,GBR,848490
2553203,131,81,9253,2001,0.0,36212.0,1.470895,1.149007,LUX,GBR,848490
2553204,134,81,9253,2001,0.0,417416.0,-0.75275,-0.280397,MAR,GBR,848490
2553205,136,81,9253,2001,0.0,1035.0,-1.247531,-0.637093,MDG,GBR,848490
2553206,138,81,9253,2001,56512.0,85406.0,0.797058,0.713234,MEX,GBR,848490
2553207,141,81,9253,2001,0.0,22737.0,-0.40341,-0.626402,MLI,GBR,848490
2553208,142,81,9253,2001,0.0,7749.0,1.065032,-0.065239,MLT,GBR,848490
2553209,147,81,9253,2001,0.0,6350.0,-1.2364879999999998,-1.136715,MOZ,GBR,848490
2553210,151,81,9253,2001,0.0,24350.0,-0.410422,-0.5868369999999999,MUS,GBR,848490
2553211,152,81,9253,2001,0.0,610.0,-1.388716,-1.116315,MWI,GBR,848490
2553212,153,81,9253,2001,26862.0,287622.0,0.768174,0.307033,MYS,GBR,848490
2553213,155,81,9253,2001,0.0,692.0,-0.625912,-0.854247,NAM,GBR,848490
2553214,156,81,9253,2001,0.0,21118.0,-0.837087,-0.9207040000000001,NCL,GBR,848490
2553215,157,81,9253,2001,856.0,5559.0,-0.22368600000000002,-0.464156,NER,GBR,848490
2553216,159,81,9253,2001,0.0,243261.0,-1.966439,-1.2724520000000001,NGA,GBR,848490
2553217,160,81,9253,2001,0.0,2512.0,-0.8917430000000001,-0.713179,NIC,GBR,848490
2553218,162,81,9253,2001,1058879.0,449610.0,1.315685,1.590935,NLD,GBR,848490
2553219,163,81,9253,2001,74396.0,489068.0,0.974814,0.06512000000000001,NOR,GBR,848490
2553220,166,81,9253,2001,1197.0,15184.0,0.521409,0.683134,NZL,GBR,848490
2553221,167,81,9253,2001,0.0,114164.0,-0.909329,-1.189698,OMN,GBR,848490
2553222,168,81,9253,2001,0.0,38423.0,-0.8376520000000001,-0.378743,PAK,GBR,848490
2553223,169,81,9253,2001,0.0,3841.0,0.17588199999999998,0.422505,PAN,GBR,848490
2553224,173,81,9253,2001,8282.0,308660.0,-0.345519,0.202623,PER,GBR,848490
2553225,174,81,9253,2001,0.0,40674.0,-0.028201,-0.112349,PHL,GBR,848490
2553226,176,81,9253,2001,0.0,1275.0,-1.503929,-1.199463,PNG,GBR,848490
2553227,177,81,9253,2001,32304.0,140859.0,0.9474540000000001,1.8408220000000002,POL,GBR,848490
2553228,179,81,9253,2001,180298.0,152030.0,0.482048,1.662123,PRT,GBR,848490
2553229,180,81,9253,2001,0.0,1790.0,-0.68893,-0.9326690000000001,PRY,GBR,848490
2553230,182,81,9253,2001,0.0,17642.0,-0.005456,-0.7210770000000001,PYF,GBR,848490
2553231,183,81,9253,2001,0.0,77514.0,-0.46564799999999995,-1.127634,QAT,GBR,848490
2553232,185,81,9253,2001,0.0,42677.0,0.326733,1.005332,ROU,GBR,848490
2553233,186,81,9253,2001,0.0,129467.0,0.945816,0.35027600000000003,RUS,GBR,848490
2553234,188,81,9253,2001,35164.0,517586.0,0.5370550000000001,-0.793469,SAU,GBR,848490
2553235,189,81,9253,2001,0.0,115884.0,0.45280200000000004,2.469852,SCG,GBR,848490
2553236,190,81,9253,2001,0.0,58910.0,-1.6325180000000001,-1.263267,SDN,GBR,848490
2553237,191,81,9253,2001,0.0,4993.0,-0.437779,-0.436654,SEN,GBR,848490
2553238,192,81,9253,2001,230931.0,1203742.0,1.364239,0.721074,SGP,GBR,848490
2553239,197,81,9253,2001,0.0,6319.0,-0.181554,-0.031294,SLV,GBR,848490
2553240,206,81,9253,2001,130714.0,39217.0,1.1732770000000001,1.088576,SVK,GBR,848490
2553241,207,81,9253,2001,178769.0,1137.0,1.5074370000000001,1.1370040000000001,SVN,GBR,848490
2553242,208,81,9253,2001,696213.0,824112.0,2.156845,0.784439,SWE,GBR,848490
2553243,211,81,9253,2001,0.0,3766.0,0.065059,-0.7806489999999999,SYC,GBR,848490
2553244,212,81,9253,2001,0.0,1045.0,-1.057217,-0.716331,SYR,GBR,848490
2553245,216,81,9253,2001,1404.0,88264.0,0.37555900000000003,1.498267,THA,GBR,848490
2553246,222,81,9253,2001,0.0,5525.0,0.178256,-0.709126,TTO,GBR,848490
2553247,223,81,9253,2001,0.0,7036.0,-0.162152,0.23939699999999997,TUN,GBR,848490
2553248,224,81,9253,2001,7997.0,112147.0,0.188773,1.91451,TUR,GBR,848490
2553249,226,81,9253,2001,0.0,30369.0,-1.193991,-0.49282200000000004,TZA,GBR,848490
2553250,227,81,9253,2001,0.0,9307.0,-0.9694860000000001,-0.840592,UGA,GBR,848490
2553251,228,81,9253,2001,0.0,253221.0,0.8376969999999999,0.989059,UKR,GBR,848490
2553252,230,81,9253,2001,0.0,5160.0,0.36029,0.298869,URY,GBR,848490
2553253,231,81,9253,2001,5043156.0,12226497.0,1.873674,0.168468,USA,GBR,848490
2553254,234,81,9253,2001,0.0,2579.0,-0.5042,-0.7987609999999999,VCT,GBR,848490
2553255,236,81,9253,2001,0.0,123656.0,0.261158,-0.7397,VEN,GBR,848490
2553256,237,81,9253,2001,0.0,2228.0,0.759566,-0.16636099999999998,VGB,GBR,848490
2553257,239,81,9253,2001,0.0,35198.0,-0.6692130000000001,0.610992,VNM,GBR,848490
2553258,246,81,9253,2001,1118464.0,458807.0,0.356842,2.006155,ZAF,GBR,848490
2553259,247,81,9253,2001,0.0,1566.0,-0.731193,-0.706978,ZMB,GBR,848490
2553260,248,81,9253,2001,0.0,3833.0,-0.6321829999999999,-0.453671,ZWE,GBR,848490
2553261,249,81,9253,2001,784044.0,100063.0,1.5731700000000002,1.353159,TWN,GBR,848490
2553262,4,90,9253,2001,0.0,17488.0,-0.054125,0.104298,ALB,GRC,848490
2553263,14,90,9253,2001,26988.0,0.0,0.29463,0.772375,AUS,GRC,848490
2553264,15,90,9253,2001,31640.0,0.0,1.8571650000000002,0.603191,AUT,GRC,848490
2553265,18,90,9253,2001,345426.0,5375.0,1.4328370000000001,1.408495,BEL,GRC,848490
2553266,23,90,9253,2001,0.0,4880.0,0.41425100000000004,1.639866,BGR,GRC,848490
2553267,41,90,9253,2001,4532.0,0.0,2.227246,0.553956,CHE,GRC,848490
2553268,43,90,9253,2001,71902.0,0.0,0.525171,3.092963,CHN,GRC,848490
2553269,58,90,9253,2001,0.0,2165.0,0.381251,0.257802,CYP,GRC,848490
2553270,59,90,9253,2001,6264.0,0.0,1.485703,1.109305,CZE,GRC,848490
2553271,61,90,9253,2001,876426.0,0.0,2.321375,-2.1110990000000003,DEU,GRC,848490
2553272,64,90,9253,2001,16088.0,0.0,1.261883,1.351875,DNK,GRC,848490
2553273,66,90,9253,2001,0.0,2301.0,-0.663363,-1.158295,DZA,GRC,848490
2553274,71,90,9253,2001,238724.0,1647.0,1.079664,1.9842220000000002,ESP,GRC,848490
2553275,74,90,9253,2001,2033.0,0.0,2.069141,0.9375180000000001,FIN,GRC,848490
2553276,77,90,9253,2001,438929.0,0.0,1.653507,0.797582,FRA,GRC,848490
2553277,81,90,9253,2001,39567.0,53130.0,1.976894,0.685435,GBR,GRC,848490
2553278,103,90,9253,2001,11619.0,0.0,-0.167771,1.6587889999999998,IDN,GRC,848490
2553279,104,90,9253,2001,8343.0,0.0,0.349744,2.665844,IND,GRC,848490
2553280,110,90,9253,2001,793.0,0.0,1.374873,0.775594,ISR,GRC,848490
2553281,111,90,9253,2001,640637.0,0.0,1.389926,1.282143,ITA,GRC,848490
2553282,114,90,9253,2001,231289.0,0.0,2.585857,0.522663,JPN,GRC,848490
2553283,121,90,9253,2001,1536.0,0.0,1.145797,1.0762399999999999,KOR,GRC,848490
2553284,140,90,9253,2001,0.0,3422.0,0.033097,0.43516499999999997,MKD,GRC,848490
2553285,162,90,9253,2001,76160.0,0.0,1.315685,1.590935,NLD,GRC,848490
2553286,163,90,9253,2001,16454.0,0.0,0.974814,0.06512000000000001,NOR,GRC,848490
2553287,185,90,9253,2001,0.0,1402.0,0.326733,1.005332,ROU,GRC,848490
2553288,189,90,9253,2001,0.0,1168.0,0.45280200000000004,2.469852,SCG,GRC,848490
2553289,207,90,9253,2001,6977.0,0.0,1.5074370000000001,1.1370040000000001,SVN,GRC,848490
2553290,208,90,9253,2001,42641.0,0.0,2.156845,0.784439,SWE,GRC,848490
2553291,216,90,9253,2001,5845.0,0.0,0.37555900000000003,1.498267,THA,GRC,848490
2553292,224,90,9253,2001,12109.0,1009.0,0.188773,1.91451,TUR,GRC,848490
2553293,226,90,9253,2001,0.0,1105.0,-1.193991,-0.49282200000000004,TZA,GRC,848490
2553294,227,90,9253,2001,0.0,1065.0,-0.9694860000000001,-0.840592,UGA,GRC,848490
2553295,231,90,9253,2001,17820.0,0.0,1.873674,0.168468,USA,GRC,848490
2553296,249,90,9253,2001,236656.0,0.0,1.5731700000000002,1.353159,TWN,GRC,848490
2553297,15,93,9253,2001,1032.0,0.0,1.8571650000000002,0.603191,AUT,GTM,848490
2553298,29,93,9253,2001,0.0,4591.0,-0.297981,-0.695022,BLZ,GTM,848490
2553299,32,93,9253,2001,65455.0,0.0,0.672496,1.051848,BRA,GTM,848490
2553300,39,93,9253,2001,11818.0,0.0,0.971827,1.105171,CAN,GTM,848490
2553301,41,93,9253,2001,21034.0,0.0,2.227246,0.553956,CHE,GTM,848490
2553302,43,93,9253,2001,917.0,0.0,0.525171,3.092963,CHN,GTM,848490
2553303,49,93,9253,2001,28857.0,0.0,0.30412,0.395913,COL,GTM,848490
2553304,52,93,9253,2001,12066.0,8336.0,0.069458,-0.042793,CRI,GTM,848490
2553305,61,93,9253,2001,19094.0,0.0,2.321375,-2.1110990000000003,DEU,GTM,848490
2553306,64,93,9253,2001,3371.0,0.0,1.261883,1.351875,DNK,GTM,848490
2553307,71,93,9253,2001,150801.0,0.0,1.079664,1.9842220000000002,ESP,GTM,848490
2553308,74,93,9253,2001,2917.0,0.0,2.069141,0.9375180000000001,FIN,GTM,848490
2553309,77,93,9253,2001,5191.0,0.0,1.653507,0.797582,FRA,GTM,848490
2553310,81,93,9253,2001,38990.0,0.0,1.976894,0.685435,GBR,GTM,848490
2553311,104,93,9253,2001,2182.0,0.0,0.349744,2.665844,IND,GTM,848490
2553312,110,93,9253,2001,614.0,0.0,1.374873,0.775594,ISR,GTM,848490
2553313,111,93,9253,2001,49172.0,0.0,1.389926,1.282143,ITA,GTM,848490
2553314,114,93,9253,2001,135987.0,0.0,2.585857,0.522663,JPN,GTM,848490
2553315,121,93,9253,2001,12362.0,0.0,1.145797,1.0762399999999999,KOR,GTM,848490
2553316,138,93,9253,2001,22777.0,0.0,0.797058,0.713234,MEX,GTM,848490
2553317,160,93,9253,2001,0.0,1405.0,-0.8917430000000001,-0.713179,NIC,GTM,848490
2553318,162,93,9253,2001,81818.0,0.0,1.315685,1.590935,NLD,GTM,848490
2553319,173,93,9253,2001,37134.0,0.0,-0.345519,0.202623,PER,GTM,848490
2553320,178,93,9253,2001,2828.0,0.0,0.62773,1.010888,PRK,GTM,848490
2553321,208,93,9253,2001,26002.0,0.0,2.156845,0.784439,SWE,GTM,848490
2553322,224,93,9253,2001,5354.0,0.0,0.188773,1.91451,TUR,GTM,848490
2553323,231,93,9253,2001,447298.0,0.0,1.873674,0.168468,USA,GTM,848490
2553324,236,93,9253,2001,11302.0,0.0,0.261158,-0.7397,VEN,GTM,848490
2553325,246,93,9253,2001,2354.0,0.0,0.356842,2.006155,ZAF,GTM,848490
2553326,249,93,9253,2001,106147.0,0.0,1.5731700000000002,1.353159,TWN,GTM,848490
2553327,250,93,9253,2001,11876.0,1314.0,1.096023,-0.33562600000000004,ANS,GTM,848490
2553328,32,96,9253,2001,2452.0,0.0,0.672496,1.051848,BRA,GUY,848490
2553329,43,96,9253,2001,787.0,0.0,0.525171,3.092963,CHN,GUY,848490
2553330,81,96,9253,2001,5521.0,0.0,1.976894,0.685435,GBR,GUY,848490
2553331,153,96,9253,2001,922.0,0.0,0.768174,0.307033,MYS,GUY,848490
2553332,231,96,9253,2001,20406.0,0.0,1.873674,0.168468,USA,GUY,848490
2553333,249,96,9253,2001,2822.0,0.0,1.5731700000000002,1.353159,TWN,GUY,848490
2553334,14,97,9253,2001,8746.0,9101.0,0.29463,0.772375,AUS,HKG,848490
2553335,15,97,9253,2001,18655.0,0.0,1.8571650000000002,0.603191,AUT,HKG,848490
2553336,18,97,9253,2001,2513.0,2122.0,1.4328370000000001,1.408495,BEL,HKG,848490
2553337,39,97,9253,2001,4736.0,0.0,0.971827,1.105171,CAN,HKG,848490
2553338,41,97,9253,2001,4842.0,0.0,2.227246,0.553956,CHE,HKG,848490
2553339,43,97,9253,2001,286629.0,492961.0,0.525171,3.092963,CHN,HKG,848490
2553340,61,97,9253,2001,1004404.0,979.0,2.321375,-2.1110990000000003,DEU,HKG,848490
2553341,64,97,9253,2001,10248.0,0.0,1.261883,1.351875,DNK,HKG,848490
2553342,65,97,9253,2001,0.0,3703.0,-0.538419,-0.48773900000000003,DOM,HKG,848490
2553343,67,97,9253,2001,0.0,8237.0,-0.852642,-0.896374,ECU,HKG,848490
2553344,68,97,9253,2001,0.0,23573.0,-0.373576,0.366385,EGY,HKG,848490
2553345,71,97,9253,2001,30133.0,0.0,1.079664,1.9842220000000002,ESP,HKG,848490
2553346,74,97,9253,2001,3493.0,0.0,2.069141,0.9375180000000001,FIN,HKG,848490
2553347,77,97,9253,2001,232114.0,1675.0,1.653507,0.797582,FRA,HKG,848490
2553348,81,97,9253,2001,188954.0,24825.0,1.976894,0.685435,GBR,HKG,848490
2553349,103,97,9253,2001,0.0,4632.0,-0.167771,1.6587889999999998,IDN,HKG,848490
2553350,110,97,9253,2001,7618.0,4726.0,1.374873,0.775594,ISR,HKG,848490
2553351,111,97,9253,2001,253590.0,16382.0,1.389926,1.282143,ITA,HKG,848490
2553352,114,97,9253,2001,2249822.0,68335.0,2.585857,0.522663,JPN,HKG,848490
2553353,116,97,9253,2001,0.0,1325.0,-0.529388,0.092271,KEN,HKG,848490
2553354,121,97,9253,2001,48099.0,5552.0,1.145797,1.0762399999999999,KOR,HKG,848490
2553355,128,97,9253,2001,0.0,1454.0,-0.722434,-0.033818,LKA,HKG,848490
2553356,142,97,9253,2001,0.0,4370.0,1.065032,-0.065239,MLT,HKG,848490
2553357,153,97,9253,2001,144660.0,3170.0,0.768174,0.307033,MYS,HKG,848490
2553358,162,97,9253,2001,1551.0,0.0,1.315685,1.590935,NLD,HKG,848490
2553359,163,97,9253,2001,6176.0,0.0,0.974814,0.06512000000000001,NOR,HKG,848490
2553360,166,97,9253,2001,0.0,1282.0,0.521409,0.683134,NZL,HKG,848490
2553361,174,97,9253,2001,0.0,13293.0,-0.028201,-0.112349,PHL,HKG,848490
2553362,179,97,9253,2001,12431.0,0.0,0.482048,1.662123,PRT,HKG,848490
2553363,192,97,9253,2001,338351.0,51178.0,1.364239,0.721074,SGP,HKG,848490
2553364,208,97,9253,2001,139000.0,5475.0,2.156845,0.784439,SWE,HKG,848490
2553365,216,97,9253,2001,120239.0,34586.0,0.37555900000000003,1.498267,THA,HKG,848490
2553366,223,97,9253,2001,0.0,765.0,-0.162152,0.23939699999999997,TUN,HKG,848490
2553367,224,97,9253,2001,0.0,2825.0,0.188773,1.91451,TUR,HKG,848490
2553368,231,97,9253,2001,2249092.0,3736.0,1.873674,0.168468,USA,HKG,848490
2553369,236,97,9253,2001,0.0,1647.0,0.261158,-0.7397,VEN,HKG,848490
2553370,239,97,9253,2001,13261.0,31963.0,-0.6692130000000001,0.610992,VNM,HKG,848490
2553371,249,97,9253,2001,6655042.0,20246.0,1.5731700000000002,1.353159,TWN,HKG,848490
2553372,8,103,9253,2001,2127.0,0.0,0.287698,0.547137,ARG,IDN,848490
2553373,10,103,9253,2001,27647.0,0.0,1.343164,0.15453,ASM,IDN,848490
2553374,14,103,9253,2001,30420.0,3733.0,0.29463,0.772375,AUS,IDN,848490
2553375,15,103,9253,2001,41627.0,0.0,1.8571650000000002,0.603191,AUT,IDN,848490
2553376,18,103,9253,2001,27454.0,0.0,1.4328370000000001,1.408495,BEL,IDN,848490
2553377,34,103,9253,2001,0.0,880.0,-0.8654209999999999,-0.930599,BRN,IDN,848490
2553378,39,103,9253,2001,151209.0,0.0,0.971827,1.105171,CAN,IDN,848490
2553379,41,103,9253,2001,11589.0,0.0,2.227246,0.553956,CHE,IDN,848490
2553380,43,103,9253,2001,118955.0,3559.0,0.525171,3.092963,CHN,IDN,848490
2553381,58,103,9253,2001,75128.0,0.0,0.381251,0.257802,CYP,IDN,848490
2553382,61,103,9253,2001,528987.0,0.0,2.321375,-2.1110990000000003,DEU,IDN,848490
2553383,64,103,9253,2001,2693.0,0.0,1.261883,1.351875,DNK,IDN,848490
2553384,68,103,9253,2001,0.0,1255.0,-0.373576,0.366385,EGY,IDN,848490
2553385,71,103,9253,2001,1236.0,0.0,1.079664,1.9842220000000002,ESP,IDN,848490
2553386,74,103,9253,2001,29730.0,0.0,2.069141,0.9375180000000001,FIN,IDN,848490
2553387,77,103,9253,2001,31306.0,2019.0,1.653507,0.797582,FRA,IDN,848490
2553388,81,103,9253,2001,20989.0,0.0,1.976894,0.685435,GBR,IDN,848490
2553389,90,103,9253,2001,0.0,11619.0,0.31387600000000004,1.3614600000000001,GRC,IDN,848490
2553390,97,103,9253,2001,4632.0,0.0,0.521528,2.3025,HKG,IDN,848490
2553391,104,103,9253,2001,18339.0,0.0,0.349744,2.665844,IND,IDN,848490
2553392,106,103,9253,2001,19616.0,0.0,1.664233,0.129983,IRL,IDN,848490
2553393,111,103,9253,2001,40233.0,0.0,1.389926,1.282143,ITA,IDN,848490
2553394,114,103,9253,2001,939750.0,65890.0,2.585857,0.522663,JPN,IDN,848490
2553395,116,103,9253,2001,0.0,2444.0,-0.529388,0.092271,KEN,IDN,848490
2553396,121,103,9253,2001,71891.0,40676.0,1.145797,1.0762399999999999,KOR,IDN,848490
2553397,143,103,9253,2001,0.0,21800.0,-1.5627,-1.150854,MMR,IDN,848490
2553398,153,103,9253,2001,17681.0,8800.0,0.768174,0.307033,MYS,IDN,848490
2553399,162,103,9253,2001,16284.0,0.0,1.315685,1.590935,NLD,IDN,848490
2553400,174,103,9253,2001,18071.0,112228.0,-0.028201,-0.112349,PHL,IDN,848490
2553401,192,103,9253,2001,797107.0,146636.0,1.364239,0.721074,SGP,IDN,848490
2553402,208,103,9253,2001,6857.0,0.0,2.156845,0.784439,SWE,IDN,848490
2553403,216,103,9253,2001,74866.0,189004.0,0.37555900000000003,1.498267,THA,IDN,848490
2553404,231,103,9253,2001,103323.0,1053716.0,1.873674,0.168468,USA,IDN,848490
2553405,249,103,9253,2001,752534.0,80221.0,1.5731700000000002,1.353159,TWN,IDN,848490
2553406,7,107,9253,2001,1909769.0,5635.0,-0.193984,-0.457124,ARE,IRN,848490
2553407,14,107,9253,2001,2502.0,0.0,0.29463,0.772375,AUS,IRN,848490
2553408,15,107,9253,2001,49772.0,1344.0,1.8571650000000002,0.603191,AUT,IRN,848490
2553409,18,107,9253,2001,41831.0,0.0,1.4328370000000001,1.408495,BEL,IRN,848490
2553410,32,107,9253,2001,4106.0,0.0,0.672496,1.051848,BRA,IRN,848490
2553411,39,107,9253,2001,47608.0,0.0,0.971827,1.105171,CAN,IRN,848490
2553412,41,107,9253,2001,170973.0,0.0,2.227246,0.553956,CHE,IRN,848490
2553413,43,107,9253,2001,158461.0,0.0,0.525171,3.092963,CHN,IRN,848490
2553414,58,107,9253,2001,7086.0,0.0,0.381251,0.257802,CYP,IRN,848490
2553415,59,107,9253,2001,16203.0,0.0,1.485703,1.109305,CZE,IRN,848490
2553416,61,107,9253,2001,752589.0,0.0,2.321375,-2.1110990000000003,DEU,IRN,848490
2553417,64,107,9253,2001,36390.0,0.0,1.261883,1.351875,DNK,IRN,848490
2553418,71,107,9253,2001,10110.0,0.0,1.079664,1.9842220000000002,ESP,IRN,848490
2553419,74,107,9253,2001,968.0,0.0,2.069141,0.9375180000000001,FIN,IRN,848490
2553420,77,107,9253,2001,203359.0,0.0,1.653507,0.797582,FRA,IRN,848490
2553421,81,107,9253,2001,512567.0,0.0,1.976894,0.685435,GBR,IRN,848490
2553422,102,107,9253,2001,6008.0,0.0,1.102262,1.138016,HUN,IRN,848490
2553423,104,107,9253,2001,22541.0,0.0,0.349744,2.665844,IND,IRN,848490
2553424,108,107,9253,2001,17326.0,0.0,-1.115465,-0.883028,IRQ,IRN,848490
2553425,111,107,9253,2001,1166578.0,0.0,1.389926,1.282143,ITA,IRN,848490
2553426,114,107,9253,2001,405707.0,0.0,2.585857,0.522663,JPN,IRN,848490
2553427,121,107,9253,2001,8475.0,0.0,1.145797,1.0762399999999999,KOR,IRN,848490
2553428,122,107,9253,2001,1089.0,0.0,-0.8197,-1.183758,KWT,IRN,848490
2553429,131,107,9253,2001,22022.0,0.0,1.470895,1.149007,LUX,IRN,848490
2553430,153,107,9253,2001,1954.0,0.0,0.768174,0.307033,MYS,IRN,848490
2553431,162,107,9253,2001,36313.0,0.0,1.315685,1.590935,NLD,IRN,848490
2553432,177,107,9253,2001,4085.0,0.0,0.9474540000000001,1.8408220000000002,POL,IRN,848490
2553433,183,107,9253,2001,638.0,0.0,-0.46564799999999995,-1.127634,QAT,IRN,848490
2553434,186,107,9253,2001,889.0,0.0,0.945816,0.35027600000000003,RUS,IRN,848490
2553435,192,107,9253,2001,3687.0,0.0,1.364239,0.721074,SGP,IRN,848490
2553436,207,107,9253,2001,75449.0,0.0,1.5074370000000001,1.1370040000000001,SVN,IRN,848490
2553437,208,107,9253,2001,2517.0,0.0,2.156845,0.784439,SWE,IRN,848490
2553438,224,107,9253,2001,53591.0,0.0,0.188773,1.91451,TUR,IRN,848490
2553439,228,107,9253,2001,9155.0,0.0,0.8376969999999999,0.989059,UKR,IRN,848490
2553440,231,107,9253,2001,143161.0,0.0,1.873674,0.168468,USA,IRN,848490
2553441,249,107,9253,2001,6475.0,0.0,1.5731700000000002,1.353159,TWN,IRN,848490
2553442,8,110,9253,2001,0.0,274363.0,0.287698,0.547137,ARG,ISR,848490
2553443,14,110,9253,2001,0.0,7255.0,0.29463,0.772375,AUS,ISR,848490
2553444,15,110,9253,2001,5315.0,0.0,1.8571650000000002,0.603191,AUT,ISR,848490
2553445,18,110,9253,2001,160891.0,2160.0,1.4328370000000001,1.408495,BEL,ISR,848490
2553446,32,110,9253,2001,1240.0,0.0,0.672496,1.051848,BRA,ISR,848490
2553447,39,110,9253,2001,54557.0,1705.0,0.971827,1.105171,CAN,ISR,848490
2553448,41,110,9253,2001,12682.0,7160.0,2.227246,0.553956,CHE,ISR,848490
2553449,43,110,9253,2001,112192.0,0.0,0.525171,3.092963,CHN,ISR,848490
2553450,52,110,9253,2001,0.0,4538.0,0.069458,-0.042793,CRI,ISR,848490
2553451,54,110,9253,2001,0.0,1269.0,-0.443391,-0.9599030000000001,CUB,ISR,848490
2553452,58,110,9253,2001,0.0,1325.0,0.381251,0.257802,CYP,ISR,848490
2553453,59,110,9253,2001,32497.0,603.0,1.485703,1.109305,CZE,ISR,848490
2553454,61,110,9253,2001,591331.0,2742.0,2.321375,-2.1110990000000003,DEU,ISR,848490
2553455,64,110,9253,2001,4674.0,4249.0,1.261883,1.351875,DNK,ISR,848490
2553456,65,110,9253,2001,0.0,5105.0,-0.538419,-0.48773900000000003,DOM,ISR,848490
2553457,71,110,9253,2001,369617.0,7075.0,1.079664,1.9842220000000002,ESP,ISR,848490
2553458,74,110,9253,2001,3532.0,1069.0,2.069141,0.9375180000000001,FIN,ISR,848490
2553459,77,110,9253,2001,191301.0,3044.0,1.653507,0.797582,FRA,ISR,848490
2553460,81,110,9253,2001,63476.0,3981.0,1.976894,0.685435,GBR,ISR,848490
2553461,90,110,9253,2001,0.0,793.0,0.31387600000000004,1.3614600000000001,GRC,ISR,848490
2553462,93,110,9253,2001,0.0,614.0,-0.5089520000000001,0.216677,GTM,ISR,848490
2553463,97,110,9253,2001,4726.0,7618.0,0.521528,2.3025,HKG,ISR,848490
2553464,102,110,9253,2001,0.0,12892.0,1.102262,1.138016,HUN,ISR,848490
2553465,104,110,9253,2001,15872.0,0.0,0.349744,2.665844,IND,ISR,848490
2553466,106,110,9253,2001,6919.0,4368.0,1.664233,0.129983,IRL,ISR,848490
2553467,111,110,9253,2001,427440.0,3724.0,1.389926,1.282143,ITA,ISR,848490
2553468,113,110,9253,2001,2387.0,0.0,0.375134,0.581558,JOR,ISR,848490
2553469,114,110,9253,2001,86722.0,1749.0,2.585857,0.522663,JPN,ISR,848490
2553470,121,110,9253,2001,60506.0,4383.0,1.145797,1.0762399999999999,KOR,ISR,848490
2553471,128,110,9253,2001,0.0,818.0,-0.722434,-0.033818,LKA,ISR,848490
2553472,131,110,9253,2001,19733.0,0.0,1.470895,1.149007,LUX,ISR,848490
2553473,138,110,9253,2001,12681.0,1928.0,0.797058,0.713234,MEX,ISR,848490
2553474,162,110,9253,2001,71571.0,3337.0,1.315685,1.590935,NLD,ISR,848490
2553475,163,110,9253,2001,4692.0,0.0,0.974814,0.06512000000000001,NOR,ISR,848490
2553476,174,110,9253,2001,0.0,1927.0,-0.028201,-0.112349,PHL,ISR,848490
2553477,186,110,9253,2001,0.0,78389.0,0.945816,0.35027600000000003,RUS,ISR,848490
2553478,192,110,9253,2001,34017.0,13684.0,1.364239,0.721074,SGP,ISR,848490
2553479,208,110,9253,2001,21652.0,13010.0,2.156845,0.784439,SWE,ISR,848490
2553480,216,110,9253,2001,57123.0,798.0,0.37555900000000003,1.498267,THA,ISR,848490
2553481,224,110,9253,2001,14650.0,0.0,0.188773,1.91451,TUR,ISR,848490
2553482,228,110,9253,2001,0.0,798.0,0.8376969999999999,0.989059,UKR,ISR,848490
2553483,231,110,9253,2001,307829.0,26731.0,1.873674,0.168468,USA,ISR,848490
2553484,246,110,9253,2001,5820.0,1674.0,0.356842,2.006155,ZAF,ISR,848490
2553485,249,110,9253,2001,104590.0,17262.0,1.5731700000000002,1.353159,TWN,ISR,848490
2553486,250,110,9253,2001,12646.0,0.0,1.096023,-0.33562600000000004,ANS,ISR,848490
2553487,2,111,9253,2001,0.0,5104.0,-1.523823,-1.214093,AGO,ITA,848490
2553488,4,111,9253,2001,965.0,841025.0,-0.054125,0.104298,ALB,ITA,848490
2553489,6,111,9253,2001,0.0,47178.0,0.260662,-0.66681,ANT,ITA,848490
2553490,7,111,9253,2001,0.0,516401.0,-0.193984,-0.457124,ARE,ITA,848490
2553491,8,111,9253,2001,0.0,242697.0,0.287698,0.547137,ARG,ITA,848490
2553492,14,111,9253,2001,9239.0,222966.0,0.29463,0.772375,AUS,ITA,848490
2553493,15,111,9253,2001,349236.0,510181.0,1.8571650000000002,0.603191,AUT,ITA,848490
2553494,18,111,9253,2001,1873710.0,1754547.0,1.4328370000000001,1.408495,BEL,ITA,848490
2553495,19,111,9253,2001,0.0,1995.0,-1.09233,-0.8276969999999999,BEN,ITA,848490
2553496,21,111,9253,2001,0.0,2092.0,-0.291485,-0.20803000000000002,BFA,ITA,848490
2553497,22,111,9253,2001,0.0,3552.0,-1.0406739999999999,-1.010108,BGD,ITA,848490
2553498,23,111,9253,2001,120260.0,186732.0,0.41425100000000004,1.639866,BGR,ITA,848490
2553499,24,111,9253,2001,0.0,42123.0,-0.11008399999999999,-1.053611,BHR,ITA,848490
2553500,25,111,9253,2001,0.0,6925.0,0.803267,-0.071853,BHS,ITA,848490
2553501,28,111,9253,2001,0.0,2722.0,0.804404,0.936773,BLR,ITA,848490
2553502,31,111,9253,2001,0.0,8034.0,-0.680108,-0.678143,BOL,ITA,848490
2553503,32,111,9253,2001,121398.0,692149.0,0.672496,1.051848,BRA,ITA,848490
2553504,33,111,9253,2001,0.0,785.0,0.725546,0.172345,BRB,ITA,848490
2553505,39,111,9253,2001,114754.0,69546.0,0.971827,1.105171,CAN,ITA,848490
2553506,41,111,9253,2001,127514.0,798635.0,2.227246,0.553956,CHE,ITA,848490
2553507,42,111,9253,2001,0.0,34869.0,-0.004658,-0.002548,CHL,ITA,848490
2553508,43,111,9253,2001,387410.0,137461.0,0.525171,3.092963,CHN,ITA,848490
2553509,44,111,9253,2001,0.0,5082.0,-0.715949,-0.524428,CIV,ITA,848490
2553510,45,111,9253,2001,0.0,219745.0,-1.6254879999999998,-1.212513,CMR,ITA,848490
2553511,46,111,9253,2001,0.0,8421.0,-1.421643,-1.154007,COD,ITA,848490
2553512,47,111,9253,2001,0.0,2869.0,-1.482788,-1.172,COG,ITA,848490
2553513,49,111,9253,2001,0.0,68683.0,0.30412,0.395913,COL,ITA,848490
2553514,51,111,9253,2001,0.0,2614.0,0.063802,-0.456617,CPV,ITA,848490
2553515,52,111,9253,2001,0.0,28504.0,0.069458,-0.042793,CRI,ITA,848490
2553516,54,111,9253,2001,0.0,1388.0,-0.443391,-0.9599030000000001,CUB,ITA,848490
2553517,58,111,9253,2001,0.0,11219.0,0.381251,0.257802,CYP,ITA,848490
2553518,59,111,9253,2001,28049.0,183954.0,1.485703,1.109305,CZE,ITA,848490
2553519,61,111,9253,2001,5393714.0,5792437.0,2.321375,-2.1110990000000003,DEU,ITA,848490
2553520,64,111,9253,2001,24700.0,196527.0,1.261883,1.351875,DNK,ITA,848490
2553521,65,111,9253,2001,0.0,2750.0,-0.538419,-0.48773900000000003,DOM,ITA,848490
2553522,66,111,9253,2001,0.0,351448.0,-0.663363,-1.158295,DZA,ITA,848490
2553523,67,111,9253,2001,0.0,3298.0,-0.852642,-0.896374,ECU,ITA,848490
2553524,68,111,9253,2001,0.0,329752.0,-0.373576,0.366385,EGY,ITA,848490
2553525,69,111,9253,2001,0.0,15278.0,0.617376,-0.33233,ERI,ITA,848490
2553526,71,111,9253,2001,1225688.0,1931506.0,1.079664,1.9842220000000002,ESP,ITA,848490
2553527,72,111,9253,2001,0.0,7387.0,0.5746829999999999,0.9073899999999999,EST,ITA,848490
2553528,73,111,9253,2001,0.0,20259.0,-0.999149,-0.904072,ETH,ITA,848490
2553529,74,111,9253,2001,59850.0,562561.0,2.069141,0.9375180000000001,FIN,ITA,848490
2553530,77,111,9253,2001,2104886.0,5485962.0,1.653507,0.797582,FRA,ITA,848490
2553531,80,111,9253,2001,0.0,24120.0,-1.063007,-1.181284,GAB,ITA,848490
2553532,81,111,9253,2001,1695783.0,2053459.0,1.976894,0.685435,GBR,ITA,848490
2553533,82,111,9253,2001,0.0,1516.0,0.585568,-0.047744999999999996,GEO,ITA,848490
2553534,83,111,9253,2001,0.0,3562.0,-0.961067,-0.780449,GHA,ITA,848490
2553535,90,111,9253,2001,0.0,640637.0,0.31387600000000004,1.3614600000000001,GRC,ITA,848490
2553536,93,111,9253,2001,0.0,49172.0,-0.5089520000000001,0.216677,GTM,ITA,848490
2553537,97,111,9253,2001,16382.0,253590.0,0.521528,2.3025,HKG,ITA,848490
2553538,100,111,9253,2001,0.0,215598.0,0.544596,0.969535,HRV,ITA,848490
2553539,102,111,9253,2001,2672.0,268321.0,1.102262,1.138016,HUN,ITA,848490
2553540,103,111,9253,2001,0.0,40233.0,-0.167771,1.6587889999999998,IDN,ITA,848490
2553541,104,111,9253,2001,113776.0,362021.0,0.349744,2.665844,IND,ITA,848490
2553542,106,111,9253,2001,4540.0,96713.0,1.664233,0.129983,IRL,ITA,848490
2553543,107,111,9253,2001,0.0,1166578.0,-0.7732479999999999,-0.8979370000000001,IRN,ITA,848490
2553544,108,111,9253,2001,0.0,71589.0,-1.115465,-0.883028,IRQ,ITA,848490
2553545,109,111,9253,2001,0.0,4356.0,0.032382999999999995,-0.51054,ISL,ITA,848490
2553546,110,111,9253,2001,3724.0,427440.0,1.374873,0.775594,ISR,ITA,848490
2553547,112,111,9253,2001,1342.0,1014.0,-0.541582,-0.837248,JAM,ITA,848490
2553548,113,111,9253,2001,0.0,138515.0,0.375134,0.581558,JOR,ITA,848490
2553549,114,111,9253,2001,431690.0,146939.0,2.585857,0.522663,JPN,ITA,848490
2553550,115,111,9253,2001,0.0,23851.0,0.009714,-0.525899,KAZ,ITA,848490
2553551,116,111,9253,2001,0.0,3233.0,-0.529388,0.092271,KEN,ITA,848490
2553552,121,111,9253,2001,25447.0,208914.0,1.145797,1.0762399999999999,KOR,ITA,848490
2553553,122,111,9253,2001,0.0,25720.0,-0.8197,-1.183758,KWT,ITA,848490
2553554,124,111,9253,2001,0.0,114293.0,0.165355,0.988008,LBN,ITA,848490
2553555,126,111,9253,2001,0.0,166981.0,-0.9321459999999999,-1.198124,LBY,ITA,848490
2553556,128,111,9253,2001,0.0,5001.0,-0.722434,-0.033818,LKA,ITA,848490
2553557,130,111,9253,2001,0.0,2579.0,0.15706900000000001,0.416663,LTU,ITA,848490
2553558,131,111,9253,2001,0.0,14242.0,1.470895,1.149007,LUX,ITA,848490
2553559,132,111,9253,2001,0.0,1270.0,0.404136,0.461009,LVA,ITA,848490
2553560,134,111,9253,2001,0.0,258300.0,-0.75275,-0.280397,MAR,ITA,848490
2553561,136,111,9253,2001,0.0,2686.0,-1.247531,-0.637093,MDG,ITA,848490
2553562,138,111,9253,2001,1353.0,1043780.0,0.797058,0.713234,MEX,ITA,848490
2553563,140,111,9253,2001,11103.0,9215.0,0.033097,0.43516499999999997,MKD,ITA,848490
2553564,141,111,9253,2001,0.0,6564.0,-0.40341,-0.626402,MLI,ITA,848490
2553565,142,111,9253,2001,2618.0,68271.0,1.065032,-0.065239,MLT,ITA,848490
2553566,147,111,9253,2001,0.0,11249.0,-1.2364879999999998,-1.136715,MOZ,ITA,848490
2553567,151,111,9253,2001,0.0,7853.0,-0.410422,-0.5868369999999999,MUS,ITA,848490
2553568,153,111,9253,2001,0.0,210826.0,0.768174,0.307033,MYS,ITA,848490
2553569,156,111,9253,2001,0.0,16348.0,-0.837087,-0.9207040000000001,NCL,ITA,848490
2553570,159,111,9253,2001,0.0,14959.0,-1.966439,-1.2724520000000001,NGA,ITA,848490
2553571,160,111,9253,2001,0.0,3060.0,-0.8917430000000001,-0.713179,NIC,ITA,848490
2553572,162,111,9253,2001,355546.0,596011.0,1.315685,1.590935,NLD,ITA,848490
2553573,163,111,9253,2001,12116.0,120416.0,0.974814,0.06512000000000001,NOR,ITA,848490
2553574,166,111,9253,2001,0.0,34734.0,0.521409,0.683134,NZL,ITA,848490
2553575,167,111,9253,2001,0.0,28525.0,-0.909329,-1.189698,OMN,ITA,848490
2553576,168,111,9253,2001,0.0,93490.0,-0.8376520000000001,-0.378743,PAK,ITA,848490
2553577,169,111,9253,2001,0.0,1713.0,0.17588199999999998,0.422505,PAN,ITA,848490
2553578,173,111,9253,2001,0.0,10987.0,-0.345519,0.202623,PER,ITA,848490
2553579,174,111,9253,2001,0.0,40356.0,-0.028201,-0.112349,PHL,ITA,848490
2553580,177,111,9253,2001,11373.0,452639.0,0.9474540000000001,1.8408220000000002,POL,ITA,848490
2553581,179,111,9253,2001,0.0,236215.0,0.482048,1.662123,PRT,ITA,848490
2553582,180,111,9253,2001,0.0,982.0,-0.68893,-0.9326690000000001,PRY,ITA,848490
2553583,182,111,9253,2001,0.0,1041.0,-0.005456,-0.7210770000000001,PYF,ITA,848490
2553584,183,111,9253,2001,0.0,83699.0,-0.46564799999999995,-1.127634,QAT,ITA,848490
2553585,185,111,9253,2001,8176.0,324134.0,0.326733,1.005332,ROU,ITA,848490
2553586,186,111,9253,2001,0.0,289984.0,0.945816,0.35027600000000003,RUS,ITA,848490
2553587,188,111,9253,2001,0.0,292722.0,0.5370550000000001,-0.793469,SAU,ITA,848490
2553588,189,111,9253,2001,13079.0,123741.0,0.45280200000000004,2.469852,SCG,ITA,848490
2553589,190,111,9253,2001,0.0,1581.0,-1.6325180000000001,-1.263267,SDN,ITA,848490
2553590,191,111,9253,2001,0.0,3906.0,-0.437779,-0.436654,SEN,ITA,848490
2553591,192,111,9253,2001,0.0,569519.0,1.364239,0.721074,SGP,ITA,848490
2553592,197,111,9253,2001,0.0,7301.0,-0.181554,-0.031294,SLV,ITA,848490
2553593,206,111,9253,2001,86919.0,215163.0,1.1732770000000001,1.088576,SVK,ITA,848490
2553594,207,111,9253,2001,5566.0,78019.0,1.5074370000000001,1.1370040000000001,SVN,ITA,848490
2553595,208,111,9253,2001,251774.0,842143.0,2.156845,0.784439,SWE,ITA,848490
2553596,211,111,9253,2001,0.0,1503.0,0.065059,-0.7806489999999999,SYC,ITA,848490
2553597,212,111,9253,2001,0.0,106480.0,-1.057217,-0.716331,SYR,ITA,848490
2553598,216,111,9253,2001,2904.0,119936.0,0.37555900000000003,1.498267,THA,ITA,848490
2553599,219,111,9253,2001,0.0,5394.0,-1.24627,-1.2760209999999998,TKM,ITA,848490
2553600,222,111,9253,2001,0.0,1442.0,0.178256,-0.709126,TTO,ITA,848490
2553601,223,111,9253,2001,1046.0,132261.0,-0.162152,0.23939699999999997,TUN,ITA,848490
2553602,224,111,9253,2001,87150.0,415340.0,0.188773,1.91451,TUR,ITA,848490
2553603,226,111,9253,2001,0.0,2863.0,-1.193991,-0.49282200000000004,TZA,ITA,848490
2553604,227,111,9253,2001,0.0,1067.0,-0.9694860000000001,-0.840592,UGA,ITA,848490
2553605,228,111,9253,2001,0.0,4673.0,0.8376969999999999,0.989059,UKR,ITA,848490
2553606,230,111,9253,2001,0.0,15127.0,0.36029,0.298869,URY,ITA,848490
2553607,231,111,9253,2001,741034.0,2257375.0,1.873674,0.168468,USA,ITA,848490
2553608,236,111,9253,2001,0.0,173456.0,0.261158,-0.7397,VEN,ITA,848490
2553609,239,111,9253,2001,0.0,1149.0,-0.6692130000000001,0.610992,VNM,ITA,848490
2553610,243,111,9253,2001,0.0,19531.0,-1.465154,-1.261615,YEM,ITA,848490
2553611,246,111,9253,2001,13202.0,486210.0,0.356842,2.006155,ZAF,ITA,848490
2553612,248,111,9253,2001,0.0,6818.0,-0.6321829999999999,-0.453671,ZWE,ITA,848490
2553613,249,111,9253,2001,104176.0,253560.0,1.5731700000000002,1.353159,TWN,ITA,848490
2553614,250,111,9253,2001,0.0,86211.0,1.096023,-0.33562600000000004,ANS,ITA,848490
2553615,18,112,9253,2001,5383.0,0.0,1.4328370000000001,1.408495,BEL,JAM,848490
2553616,32,112,9253,2001,2720.0,0.0,0.672496,1.051848,BRA,JAM,848490
2553617,39,112,9253,2001,1299.0,0.0,0.971827,1.105171,CAN,JAM,848490
2553618,41,112,9253,2001,4284.0,0.0,2.227246,0.553956,CHE,JAM,848490
2553619,49,112,9253,2001,1068.0,0.0,0.30412,0.395913,COL,JAM,848490
2553620,54,112,9253,2001,0.0,7800.0,-0.443391,-0.9599030000000001,CUB,JAM,848490
2553621,61,112,9253,2001,11066.0,0.0,2.321375,-2.1110990000000003,DEU,JAM,848490
2553622,64,112,9253,2001,2402.0,0.0,1.261883,1.351875,DNK,JAM,848490
2553623,77,112,9253,2001,2104.0,0.0,1.653507,0.797582,FRA,JAM,848490
2553624,81,112,9253,2001,1262.0,0.0,1.976894,0.685435,GBR,JAM,848490
2553625,111,112,9253,2001,1014.0,1342.0,1.389926,1.282143,ITA,JAM,848490
2553626,114,112,9253,2001,4022.0,0.0,2.585857,0.522663,JPN,JAM,848490
2553627,138,112,9253,2001,15305.0,0.0,0.797058,0.713234,MEX,JAM,848490
2553628,192,112,9253,2001,1746.0,0.0,1.364239,0.721074,SGP,JAM,848490
2553629,208,112,9253,2001,3452.0,0.0,2.156845,0.784439,SWE,JAM,848490
2553630,231,112,9253,2001,4650.0,0.0,1.873674,0.168468,USA,JAM,848490
2553631,236,112,9253,2001,0.0,6630.0,0.261158,-0.7397,VEN,JAM,848490
2553632,249,112,9253,2001,4238.0,0.0,1.5731700000000002,1.353159,TWN,JAM,848490
2553633,2,114,9253,2001,0.0,1820.0,-1.523823,-1.214093,AGO,JPN,848490
2553634,4,114,9253,2001,0.0,1488.0,-0.054125,0.104298,ALB,JPN,848490
2553635,7,114,9253,2001,0.0,3258906.0,-0.193984,-0.457124,ARE,JPN,848490
2553636,8,114,9253,2001,0.0,134386.0,0.287698,0.547137,ARG,JPN,848490
2553637,10,114,9253,2001,0.0,1713.0,1.343164,0.15453,ASM,JPN,848490
2553638,14,114,9253,2001,81893.0,1802712.0,0.29463,0.772375,AUS,JPN,848490
2553639,15,114,9253,2001,146042.0,13693.0,1.8571650000000002,0.603191,AUT,JPN,848490
2553640,18,114,9253,2001,81269.0,1971439.0,1.4328370000000001,1.408495,BEL,JPN,848490
2553641,19,114,9253,2001,0.0,2038.0,-1.09233,-0.8276969999999999,BEN,JPN,848490
2553642,21,114,9253,2001,0.0,8472.0,-0.291485,-0.20803000000000002,BFA,JPN,848490
2553643,22,114,9253,2001,0.0,10022.0,-1.0406739999999999,-1.010108,BGD,JPN,848490
2553644,23,114,9253,2001,0.0,6117.0,0.41425100000000004,1.639866,BGR,JPN,848490
2553645,24,114,9253,2001,0.0,105729.0,-0.11008399999999999,-1.053611,BHR,JPN,848490
2553646,25,114,9253,2001,0.0,9282.0,0.803267,-0.071853,BHS,JPN,848490
2553647,29,114,9253,2001,0.0,2107.0,-0.297981,-0.695022,BLZ,JPN,848490
2553648,31,114,9253,2001,0.0,10832.0,-0.680108,-0.678143,BOL,JPN,848490
2553649,32,114,9253,2001,3902.0,136417.0,0.672496,1.051848,BRA,JPN,848490
2553650,33,114,9253,2001,0.0,1511.0,0.725546,0.172345,BRB,JPN,848490
2553651,34,114,9253,2001,0.0,1219.0,-0.8654209999999999,-0.930599,BRN,JPN,848490
2553652,38,114,9253,2001,0.0,656.0,-0.682897,-0.8083140000000001,CAF,JPN,848490
2553653,39,114,9253,2001,1361.0,1328488.0,0.971827,1.105171,CAN,JPN,848490
2553654,41,114,9253,2001,23719.0,109293.0,2.227246,0.553956,CHE,JPN,848490
2553655,42,114,9253,2001,0.0,232086.0,-0.004658,-0.002548,CHL,JPN,848490
2553656,43,114,9253,2001,538934.0,6669592.0,0.525171,3.092963,CHN,JPN,848490
2553657,44,114,9253,2001,0.0,5089.0,-0.715949,-0.524428,CIV,JPN,848490
2553658,45,114,9253,2001,0.0,66684.0,-1.6254879999999998,-1.212513,CMR,JPN,848490
2553659,49,114,9253,2001,0.0,316753.0,0.30412,0.395913,COL,JPN,848490
2553660,52,114,9253,2001,0.0,329334.0,0.069458,-0.042793,CRI,JPN,848490
2553661,54,114,9253,2001,0.0,9864.0,-0.443391,-0.9599030000000001,CUB,JPN,848490
2553662,58,114,9253,2001,0.0,21933.0,0.381251,0.257802,CYP,JPN,848490
2553663,59,114,9253,2001,3047.0,77217.0,1.485703,1.109305,CZE,JPN,848490
2553664,61,114,9253,2001,1104440.0,1431967.0,2.321375,-2.1110990000000003,DEU,JPN,848490
2553665,62,114,9253,2001,0.0,11900.0,0.143467,0.14288599999999999,DJI,JPN,848490
2553666,64,114,9253,2001,14278.0,21366.0,1.261883,1.351875,DNK,JPN,848490
2553667,65,114,9253,2001,0.0,75893.0,-0.538419,-0.48773900000000003,DOM,JPN,848490
2553668,66,114,9253,2001,0.0,25861.0,-0.663363,-1.158295,DZA,JPN,848490
2553669,67,114,9253,2001,0.0,804751.0,-0.852642,-0.896374,ECU,JPN,848490
2553670,68,114,9253,2001,0.0,203432.0,-0.373576,0.366385,EGY,JPN,848490
2553671,71,114,9253,2001,1814.0,391977.0,1.079664,1.9842220000000002,ESP,JPN,848490
2553672,72,114,9253,2001,0.0,5563.0,0.5746829999999999,0.9073899999999999,EST,JPN,848490
2553673,73,114,9253,2001,0.0,14482.0,-0.999149,-0.904072,ETH,JPN,848490
2553674,74,114,9253,2001,57820.0,69929.0,2.069141,0.9375180000000001,FIN,JPN,848490
2553675,75,114,9253,2001,0.0,8820.0,-0.954702,-0.602761,FJI,JPN,848490
2553676,77,114,9253,2001,358644.0,1224178.0,1.653507,0.797582,FRA,JPN,848490
2553677,80,114,9253,2001,0.0,169646.0,-1.063007,-1.181284,GAB,JPN,848490
2553678,81,114,9253,2001,386257.0,4047730.0,1.976894,0.685435,GBR,JPN,848490
2553679,85,114,9253,2001,0.0,2303.0,-1.5380340000000001,-1.200083,GIN,JPN,848490
2553680,90,114,9253,2001,0.0,231289.0,0.31387600000000004,1.3614600000000001,GRC,JPN,848490
2553681,91,114,9253,2001,0.0,5202.0,-0.007888,-0.518167,GRD,JPN,848490
2553682,93,114,9253,2001,0.0,135987.0,-0.5089520000000001,0.216677,GTM,JPN,848490
2553683,95,114,9253,2001,0.0,4579.0,-0.228818,-0.8545719999999999,GUM,JPN,848490
2553684,97,114,9253,2001,68335.0,2249822.0,0.521528,2.3025,HKG,JPN,848490
2553685,99,114,9253,2001,0.0,136302.0,-0.8003060000000001,-0.602097,HND,JPN,848490
2553686,100,114,9253,2001,0.0,663.0,0.544596,0.969535,HRV,JPN,848490
2553687,101,114,9253,2001,0.0,6909.0,-1.220515,-0.8502200000000001,HTI,JPN,848490
2553688,102,114,9253,2001,3615.0,133076.0,1.102262,1.138016,HUN,JPN,848490
2553689,103,114,9253,2001,65890.0,939750.0,-0.167771,1.6587889999999998,IDN,JPN,848490
2553690,104,114,9253,2001,35771.0,777997.0,0.349744,2.665844,IND,JPN,848490
2553691,106,114,9253,2001,189889.0,49310.0,1.664233,0.129983,IRL,JPN,848490
2553692,107,114,9253,2001,0.0,405707.0,-0.7732479999999999,-0.8979370000000001,IRN,JPN,848490
2553693,108,114,9253,2001,0.0,281975.0,-1.115465,-0.883028,IRQ,JPN,848490
2553694,109,114,9253,2001,0.0,1209.0,0.032382999999999995,-0.51054,ISL,JPN,848490
2553695,110,114,9253,2001,1749.0,86722.0,1.374873,0.775594,ISR,JPN,848490
2553696,111,114,9253,2001,146939.0,431690.0,1.389926,1.282143,ITA,JPN,848490
2553697,112,114,9253,2001,0.0,4022.0,-0.541582,-0.837248,JAM,JPN,848490
2553698,113,114,9253,2001,0.0,51566.0,0.375134,0.581558,JOR,JPN,848490
2553699,115,114,9253,2001,0.0,6401.0,0.009714,-0.525899,KAZ,JPN,848490
2553700,116,114,9253,2001,0.0,65088.0,-0.529388,0.092271,KEN,JPN,848490
2553701,118,114,9253,2001,0.0,1454.0,-1.231058,-1.154536,KHM,JPN,848490
2553702,121,114,9253,2001,966170.0,1122916.0,1.145797,1.0762399999999999,KOR,JPN,848490
2553703,122,114,9253,2001,0.0,679863.0,-0.8197,-1.183758,KWT,JPN,848490
2553704,124,114,9253,2001,0.0,21831.0,0.165355,0.988008,LBN,JPN,848490
2553705,125,114,9253,2001,0.0,80917.0,-0.49036,-1.126565,LBR,JPN,848490
2553706,126,114,9253,2001,0.0,147201.0,-0.9321459999999999,-1.198124,LBY,JPN,848490
2553707,127,114,9253,2001,0.0,4684.0,0.004518,-0.5326770000000001,LCA,JPN,848490
2553708,128,114,9253,2001,0.0,159415.0,-0.722434,-0.033818,LKA,JPN,848490
2553709,130,114,9253,2001,0.0,1609.0,0.15706900000000001,0.416663,LTU,JPN,848490
2553710,131,114,9253,2001,7070.0,4316.0,1.470895,1.149007,LUX,JPN,848490
2553711,132,114,9253,2001,0.0,6380.0,0.404136,0.461009,LVA,JPN,848490
2553712,134,114,9253,2001,0.0,23791.0,-0.75275,-0.280397,MAR,JPN,848490
2553713,135,114,9253,2001,0.0,700.0,-0.024822,-0.15323399999999998,MDA,JPN,848490
2553714,136,114,9253,2001,0.0,17383.0,-1.247531,-0.637093,MDG,JPN,848490
2553715,138,114,9253,2001,36776.0,1198620.0,0.797058,0.713234,MEX,JPN,848490
2553716,139,114,9253,2001,0.0,11570.0,0.044811000000000004,-0.8319209999999999,MHL,JPN,848490
2553717,140,114,9253,2001,0.0,1866.0,0.033097,0.43516499999999997,MKD,JPN,848490
2553718,142,114,9253,2001,0.0,1653.0,1.065032,-0.065239,MLT,JPN,848490
2553719,143,114,9253,2001,0.0,74179.0,-1.5627,-1.150854,MMR,JPN,848490
2553720,145,114,9253,2001,0.0,118019.0,-0.691001,-0.9284180000000001,MNG,JPN,848490
2553721,146,114,9253,2001,0.0,13703.0,-0.701194,-0.89945,MNP,JPN,848490
2553722,147,114,9253,2001,0.0,1918.0,-1.2364879999999998,-1.136715,MOZ,JPN,848490
2553723,151,114,9253,2001,0.0,6624.0,-0.410422,-0.5868369999999999,MUS,JPN,848490
2553724,153,114,9253,2001,184991.0,781148.0,0.768174,0.307033,MYS,JPN,848490
2553725,155,114,9253,2001,0.0,1615.0,-0.625912,-0.854247,NAM,JPN,848490
2553726,156,114,9253,2001,0.0,52329.0,-0.837087,-0.9207040000000001,NCL,JPN,848490
2553727,157,114,9253,2001,0.0,2350.0,-0.22368600000000002,-0.464156,NER,JPN,848490
2553728,159,114,9253,2001,0.0,22649.0,-1.966439,-1.2724520000000001,NGA,JPN,848490
2553729,160,114,9253,2001,0.0,3909.0,-0.8917430000000001,-0.713179,NIC,JPN,848490
2553730,162,114,9253,2001,316838.0,1513870.0,1.315685,1.590935,NLD,JPN,848490
2553731,163,114,9253,2001,21855.0,12824.0,0.974814,0.06512000000000001,NOR,JPN,848490
2553732,164,114,9253,2001,0.0,1960.0,-0.483749,-0.008754999999999999,NPL,JPN,848490
2553733,166,114,9253,2001,0.0,345644.0,0.521409,0.683134,NZL,JPN,848490
2553734,167,114,9253,2001,0.0,1223358.0,-0.909329,-1.189698,OMN,JPN,848490
2553735,168,114,9253,2001,0.0,283160.0,-0.8376520000000001,-0.378743,PAK,JPN,848490
2553736,169,114,9253,2001,0.0,212186.0,0.17588199999999998,0.422505,PAN,JPN,848490
2553737,173,114,9253,2001,0.0,113815.0,-0.345519,0.202623,PER,JPN,848490
2553738,174,114,9253,2001,3596.0,666781.0,-0.028201,-0.112349,PHL,JPN,848490
2553739,176,114,9253,2001,0.0,2783.0,-1.503929,-1.199463,PNG,JPN,848490
2553740,177,114,9253,2001,0.0,12498.0,0.9474540000000001,1.8408220000000002,POL,JPN,848490
2553741,179,114,9253,2001,0.0,82215.0,0.482048,1.662123,PRT,JPN,848490
2553742,180,114,9253,2001,0.0,62793.0,-0.68893,-0.9326690000000001,PRY,JPN,848490
2553743,182,114,9253,2001,0.0,16377.0,-0.005456,-0.7210770000000001,PYF,JPN,848490
2553744,183,114,9253,2001,0.0,27815.0,-0.46564799999999995,-1.127634,QAT,JPN,848490
2553745,185,114,9253,2001,0.0,1238.0,0.326733,1.005332,ROU,JPN,848490
2553746,186,114,9253,2001,0.0,350159.0,0.945816,0.35027600000000003,RUS,JPN,848490
2553747,188,114,9253,2001,80533.0,3277846.0,0.5370550000000001,-0.793469,SAU,JPN,848490
2553748,189,114,9253,2001,0.0,459.0,0.45280200000000004,2.469852,SCG,JPN,848490
2553749,190,114,9253,2001,0.0,32126.0,-1.6325180000000001,-1.263267,SDN,JPN,848490
2553750,191,114,9253,2001,0.0,8503.0,-0.437779,-0.436654,SEN,JPN,848490
2553751,192,114,9253,2001,18271.0,4512052.0,1.364239,0.721074,SGP,JPN,848490
2553752,197,114,9253,2001,0.0,25100.0,-0.181554,-0.031294,SLV,JPN,848490
2553753,206,114,9253,2001,0.0,3135.0,1.1732770000000001,1.088576,SVK,JPN,848490
2553754,207,114,9253,2001,2016.0,7329.0,1.5074370000000001,1.1370040000000001,SVN,JPN,848490
2553755,208,114,9253,2001,92021.0,43168.0,2.156845,0.784439,SWE,JPN,848490
2553756,211,114,9253,2001,0.0,633.0,0.065059,-0.7806489999999999,SYC,JPN,848490
2553757,212,114,9253,2001,0.0,175454.0,-1.057217,-0.716331,SYR,JPN,848490
2553758,215,114,9253,2001,0.0,2175.0,-0.758725,-0.577004,TGO,JPN,848490
2553759,216,114,9253,2001,502457.0,1522411.0,0.37555900000000003,1.498267,THA,JPN,848490
2553760,219,114,9253,2001,0.0,4167.0,-1.24627,-1.2760209999999998,TKM,JPN,848490
2553761,222,114,9253,2001,0.0,58615.0,0.178256,-0.709126,TTO,JPN,848490
2553762,223,114,9253,2001,0.0,29638.0,-0.162152,0.23939699999999997,TUN,JPN,848490
2553763,224,114,9253,2001,5346.0,134374.0,0.188773,1.91451,TUR,JPN,848490
2553764,226,114,9253,2001,0.0,1806.0,-1.193991,-0.49282200000000004,TZA,JPN,848490
2553765,228,114,9253,2001,1533.0,21255.0,0.8376969999999999,0.989059,UKR,JPN,848490
2553766,230,114,9253,2001,0.0,11455.0,0.36029,0.298869,URY,JPN,848490
2553767,231,114,9253,2001,3268526.0,17095038.0,1.873674,0.168468,USA,JPN,848490
2553768,236,114,9253,2001,0.0,277105.0,0.261158,-0.7397,VEN,JPN,848490
2553769,239,114,9253,2001,2044606.0,67769.0,-0.6692130000000001,0.610992,VNM,JPN,848490
2553770,242,114,9253,2001,0.0,4404.0,-0.361456,-0.690474,WSM,JPN,848490
2553771,243,114,9253,2001,0.0,50011.0,-1.465154,-1.261615,YEM,JPN,848490
2553772,246,114,9253,2001,0.0,549581.0,0.356842,2.006155,ZAF,JPN,848490
2553773,247,114,9253,2001,0.0,1795.0,-0.731193,-0.706978,ZMB,JPN,848490
2553774,248,114,9253,2001,0.0,12111.0,-0.6321829999999999,-0.453671,ZWE,JPN,848490
2553775,249,114,9253,2001,631482.0,2481272.0,1.5731700000000002,1.353159,TWN,JPN,848490
2553776,250,114,9253,2001,0.0,2125.0,1.096023,-0.33562600000000004,ANS,JPN,848490
2553777,7,121,9253,2001,0.0,150979.0,-0.193984,-0.457124,ARE,KOR,848490
2553778,8,121,9253,2001,0.0,37596.0,0.287698,0.547137,ARG,KOR,848490
2553779,14,121,9253,2001,5812.0,15616.0,0.29463,0.772375,AUS,KOR,848490
2553780,15,121,9253,2001,126067.0,16838.0,1.8571650000000002,0.603191,AUT,KOR,848490
2553781,18,121,9253,2001,55554.0,9889.0,1.4328370000000001,1.408495,BEL,KOR,848490
2553782,22,121,9253,2001,0.0,3102.0,-1.0406739999999999,-1.010108,BGD,KOR,848490
2553783,23,121,9253,2001,0.0,1416.0,0.41425100000000004,1.639866,BGR,KOR,848490
2553784,32,121,9253,2001,0.0,2648.0,0.672496,1.051848,BRA,KOR,848490
2553785,34,121,9253,2001,0.0,911.0,-0.8654209999999999,-0.930599,BRN,KOR,848490
2553786,39,121,9253,2001,131222.0,208218.0,0.971827,1.105171,CAN,KOR,848490
2553787,41,121,9253,2001,22063.0,1245.0,2.227246,0.553956,CHE,KOR,848490
2553788,42,121,9253,2001,0.0,148525.0,-0.004658,-0.002548,CHL,KOR,848490
2553789,43,121,9253,2001,464462.0,247135.0,0.525171,3.092963,CHN,KOR,848490
2553790,44,121,9253,2001,0.0,1790.0,-0.715949,-0.524428,CIV,KOR,848490
2553791,45,121,9253,2001,0.0,1301.0,-1.6254879999999998,-1.212513,CMR,KOR,848490
2553792,49,121,9253,2001,0.0,27224.0,0.30412,0.395913,COL,KOR,848490
2553793,52,121,9253,2001,0.0,76476.0,0.069458,-0.042793,CRI,KOR,848490
2553794,54,121,9253,2001,0.0,15186.0,-0.443391,-0.9599030000000001,CUB,KOR,848490
2553795,58,121,9253,2001,0.0,3723.0,0.381251,0.257802,CYP,KOR,848490
2553796,59,121,9253,2001,0.0,2539.0,1.485703,1.109305,CZE,KOR,848490
2553797,61,121,9253,2001,788180.0,193150.0,2.321375,-2.1110990000000003,DEU,KOR,848490
2553798,64,121,9253,2001,4948.0,2007.0,1.261883,1.351875,DNK,KOR,848490
2553799,65,121,9253,2001,0.0,4871.0,-0.538419,-0.48773900000000003,DOM,KOR,848490
2553800,66,121,9253,2001,0.0,48175.0,-0.663363,-1.158295,DZA,KOR,848490
2553801,67,121,9253,2001,0.0,18420.0,-0.852642,-0.896374,ECU,KOR,848490
2553802,68,121,9253,2001,0.0,15419.0,-0.373576,0.366385,EGY,KOR,848490
2553803,71,121,9253,2001,9846.0,17332.0,1.079664,1.9842220000000002,ESP,KOR,848490
2553804,74,121,9253,2001,123862.0,2024.0,2.069141,0.9375180000000001,FIN,KOR,848490
2553805,77,121,9253,2001,398339.0,63856.0,1.653507,0.797582,FRA,KOR,848490
2553806,80,121,9253,2001,0.0,2400.0,-1.063007,-1.181284,GAB,KOR,848490
2553807,81,121,9253,2001,436408.0,80761.0,1.976894,0.685435,GBR,KOR,848490
2553808,90,121,9253,2001,0.0,1536.0,0.31387600000000004,1.3614600000000001,GRC,KOR,848490
2553809,93,121,9253,2001,0.0,12362.0,-0.5089520000000001,0.216677,GTM,KOR,848490
2553810,97,121,9253,2001,5552.0,48099.0,0.521528,2.3025,HKG,KOR,848490
2553811,100,121,9253,2001,0.0,1806.0,0.544596,0.969535,HRV,KOR,848490
2553812,102,121,9253,2001,0.0,32464.0,1.102262,1.138016,HUN,KOR,848490
2553813,103,121,9253,2001,40676.0,71891.0,-0.167771,1.6587889999999998,IDN,KOR,848490
2553814,104,121,9253,2001,1069.0,59025.0,0.349744,2.665844,IND,KOR,848490
2553815,106,121,9253,2001,4189.0,9037.0,1.664233,0.129983,IRL,KOR,848490
2553816,107,121,9253,2001,0.0,8475.0,-0.7732479999999999,-0.8979370000000001,IRN,KOR,848490
2553817,109,121,9253,2001,0.0,8154.0,0.032382999999999995,-0.51054,ISL,KOR,848490
2553818,110,121,9253,2001,4383.0,60506.0,1.374873,0.775594,ISR,KOR,848490
2553819,111,121,9253,2001,208914.0,25447.0,1.389926,1.282143,ITA,KOR,848490
2553820,113,121,9253,2001,0.0,6723.0,0.375134,0.581558,JOR,KOR,848490
2553821,114,121,9253,2001,1122916.0,966170.0,2.585857,0.522663,JPN,KOR,848490
2553822,115,121,9253,2001,0.0,4603.0,0.009714,-0.525899,KAZ,KOR,848490
2553823,122,121,9253,2001,0.0,40769.0,-0.8197,-1.183758,KWT,KOR,848490
2553824,124,121,9253,2001,0.0,12512.0,0.165355,0.988008,LBN,KOR,848490
2553825,126,121,9253,2001,0.0,35608.0,-0.9321459999999999,-1.198124,LBY,KOR,848490
2553826,128,121,9253,2001,0.0,1529.0,-0.722434,-0.033818,LKA,KOR,848490
2553827,133,121,9253,2001,0.0,4658.0,-0.608406,-0.521662,MAC,KOR,848490
2553828,134,121,9253,2001,0.0,15808.0,-0.75275,-0.280397,MAR,KOR,848490
2553829,138,121,9253,2001,0.0,315439.0,0.797058,0.713234,MEX,KOR,848490
2553830,143,121,9253,2001,0.0,1187.0,-1.5627,-1.150854,MMR,KOR,848490
2553831,147,121,9253,2001,0.0,5956.0,-1.2364879999999998,-1.136715,MOZ,KOR,848490
2553832,151,121,9253,2001,0.0,716.0,-0.410422,-0.5868369999999999,MUS,KOR,848490
2553833,153,121,9253,2001,13055.0,23047.0,0.768174,0.307033,MYS,KOR,848490
2553834,156,121,9253,2001,0.0,4186.0,-0.837087,-0.9207040000000001,NCL,KOR,848490
2553835,159,121,9253,2001,0.0,1105.0,-1.966439,-1.2724520000000001,NGA,KOR,848490
2553836,160,121,9253,2001,0.0,7748.0,-0.8917430000000001,-0.713179,NIC,KOR,848490
2553837,162,121,9253,2001,10746.0,193201.0,1.315685,1.590935,NLD,KOR,848490
2553838,163,121,9253,2001,23929.0,1735.0,0.974814,0.06512000000000001,NOR,KOR,848490
2553839,166,121,9253,2001,0.0,5510.0,0.521409,0.683134,NZL,KOR,848490
2553840,167,121,9253,2001,0.0,176304.0,-0.909329,-1.189698,OMN,KOR,848490
2553841,168,121,9253,2001,0.0,1191.0,-0.8376520000000001,-0.378743,PAK,KOR,848490
2553842,169,121,9253,2001,0.0,13861.0,0.17588199999999998,0.422505,PAN,KOR,848490
2553843,173,121,9253,2001,0.0,4891.0,-0.345519,0.202623,PER,KOR,848490
2553844,174,121,9253,2001,0.0,3391.0,-0.028201,-0.112349,PHL,KOR,848490
2553845,179,121,9253,2001,0.0,1606.0,0.482048,1.662123,PRT,KOR,848490
2553846,180,121,9253,2001,0.0,7686.0,-0.68893,-0.9326690000000001,PRY,KOR,848490
2553847,182,121,9253,2001,0.0,1115.0,-0.005456,-0.7210770000000001,PYF,KOR,848490
2553848,183,121,9253,2001,0.0,49307.0,-0.46564799999999995,-1.127634,QAT,KOR,848490
2553849,185,121,9253,2001,0.0,1056.0,0.326733,1.005332,ROU,KOR,848490
2553850,186,121,9253,2001,1394.0,19364.0,0.945816,0.35027600000000003,RUS,KOR,848490
2553851,188,121,9253,2001,0.0,18960.0,0.5370550000000001,-0.793469,SAU,KOR,848490
2553852,192,121,9253,2001,370676.0,596479.0,1.364239,0.721074,SGP,KOR,848490
2553853,197,121,9253,2001,0.0,11223.0,-0.181554,-0.031294,SLV,KOR,848490
2553854,207,121,9253,2001,0.0,3285.0,1.5074370000000001,1.1370040000000001,SVN,KOR,848490
2553855,208,121,9253,2001,178190.0,400992.0,2.156845,0.784439,SWE,KOR,848490
2553856,216,121,9253,2001,0.0,19801.0,0.37555900000000003,1.498267,THA,KOR,848490
2553857,222,121,9253,2001,0.0,8502.0,0.178256,-0.709126,TTO,KOR,848490
2553858,223,121,9253,2001,0.0,12647.0,-0.162152,0.23939699999999997,TUN,KOR,848490
2553859,224,121,9253,2001,0.0,70456.0,0.188773,1.91451,TUR,KOR,848490
2553860,228,121,9253,2001,0.0,5666.0,0.8376969999999999,0.989059,UKR,KOR,848490
2553861,230,121,9253,2001,0.0,4300.0,0.36029,0.298869,URY,KOR,848490
2553862,231,121,9253,2001,840085.0,462375.0,1.873674,0.168468,USA,KOR,848490
2553863,236,121,9253,2001,0.0,8452.0,0.261158,-0.7397,VEN,KOR,848490
2553864,239,121,9253,2001,0.0,11429.0,-0.6692130000000001,0.610992,VNM,KOR,848490
2553865,246,121,9253,2001,0.0,4909.0,0.356842,2.006155,ZAF,KOR,848490
2553866,248,121,9253,2001,0.0,2713.0,-0.6321829999999999,-0.453671,ZWE,KOR,848490
2553867,249,121,9253,2001,20262.0,385676.0,1.5731700000000002,1.353159,TWN,KOR,848490
2553868,14,124,9253,2001,1931.0,0.0,0.29463,0.772375,AUS,LBN,848490
2553869,15,124,9253,2001,2041.0,0.0,1.8571650000000002,0.603191,AUT,LBN,848490
2553870,18,124,9253,2001,9738.0,0.0,1.4328370000000001,1.408495,BEL,LBN,848490
2553871,32,124,9253,2001,4590.0,0.0,0.672496,1.051848,BRA,LBN,848490
2553872,39,124,9253,2001,1530.0,0.0,0.971827,1.105171,CAN,LBN,848490
2553873,43,124,9253,2001,7180.0,0.0,0.525171,3.092963,CHN,LBN,848490
2553874,44,124,9253,2001,0.0,1379.0,-0.715949,-0.524428,CIV,LBN,848490
2553875,61,124,9253,2001,191768.0,0.0,2.321375,-2.1110990000000003,DEU,LBN,848490
2553876,64,124,9253,2001,6027.0,0.0,1.261883,1.351875,DNK,LBN,848490
2553877,68,124,9253,2001,6031.0,0.0,-0.373576,0.366385,EGY,LBN,848490
2553878,71,124,9253,2001,32459.0,0.0,1.079664,1.9842220000000002,ESP,LBN,848490
2553879,77,124,9253,2001,68989.0,0.0,1.653507,0.797582,FRA,LBN,848490
2553880,80,124,9253,2001,0.0,5860.0,-1.063007,-1.181284,GAB,LBN,848490
2553881,81,124,9253,2001,108101.0,0.0,1.976894,0.685435,GBR,LBN,848490
2553882,104,124,9253,2001,1616.0,0.0,0.349744,2.665844,IND,LBN,848490
2553883,106,124,9253,2001,1799.0,0.0,1.664233,0.129983,IRL,LBN,848490
2553884,111,124,9253,2001,114293.0,0.0,1.389926,1.282143,ITA,LBN,848490
2553885,114,124,9253,2001,21831.0,0.0,2.585857,0.522663,JPN,LBN,848490
2553886,121,124,9253,2001,12512.0,0.0,1.145797,1.0762399999999999,KOR,LBN,848490
2553887,122,124,9253,2001,0.0,1157.0,-0.8197,-1.183758,KWT,LBN,848490
2553888,159,124,9253,2001,0.0,1667.0,-1.966439,-1.2724520000000001,NGA,LBN,848490
2553889,162,124,9253,2001,2029.0,0.0,1.315685,1.590935,NLD,LBN,848490
2553890,208,124,9253,2001,44906.0,0.0,2.156845,0.784439,SWE,LBN,848490
2553891,224,124,9253,2001,25121.0,0.0,0.188773,1.91451,TUR,LBN,848490
2553892,231,124,9253,2001,65522.0,0.0,1.873674,0.168468,USA,LBN,848490
2553893,249,124,9253,2001,178786.0,0.0,1.5731700000000002,1.353159,TWN,LBN,848490
2553894,250,124,9253,2001,1422.0,0.0,1.096023,-0.33562600000000004,ANS,LBN,848490
2553895,0,138,9253,2001,0.0,4305.0,-0.084715,-0.844852,ABW,MEX,848490
2553896,8,138,9253,2001,30074.0,14815.0,0.287698,0.547137,ARG,MEX,848490
2553897,14,138,9253,2001,6903.0,0.0,0.29463,0.772375,AUS,MEX,848490
2553898,15,138,9253,2001,34120.0,0.0,1.8571650000000002,0.603191,AUT,MEX,848490
2553899,18,138,9253,2001,21606.0,2695.0,1.4328370000000001,1.408495,BEL,MEX,848490
2553900,24,138,9253,2001,0.0,636.0,-0.11008399999999999,-1.053611,BHR,MEX,848490
2553901,25,138,9253,2001,0.0,7856.0,0.803267,-0.071853,BHS,MEX,848490
2553902,31,138,9253,2001,16487.0,0.0,-0.680108,-0.678143,BOL,MEX,848490
2553903,32,138,9253,2001,187936.0,8515.0,0.672496,1.051848,BRA,MEX,848490
2553904,33,138,9253,2001,0.0,1631.0,0.725546,0.172345,BRB,MEX,848490
2553905,39,138,9253,2001,290022.0,117877.0,0.971827,1.105171,CAN,MEX,848490
2553906,41,138,9253,2001,29248.0,0.0,2.227246,0.553956,CHE,MEX,848490
2553907,42,138,9253,2001,5849.0,10609.0,-0.004658,-0.002548,CHL,MEX,848490
2553908,43,138,9253,2001,60480.0,26358.0,0.525171,3.092963,CHN,MEX,848490
2553909,49,138,9253,2001,2811.0,51269.0,0.30412,0.395913,COL,MEX,848490
2553910,52,138,9253,2001,0.0,31445.0,0.069458,-0.042793,CRI,MEX,848490
2553911,54,138,9253,2001,0.0,33183.0,-0.443391,-0.9599030000000001,CUB,MEX,848490
2553912,61,138,9253,2001,778565.0,7887.0,2.321375,-2.1110990000000003,DEU,MEX,848490
2553913,64,138,9253,2001,1725.0,0.0,1.261883,1.351875,DNK,MEX,848490
2553914,65,138,9253,2001,0.0,1469.0,-0.538419,-0.48773900000000003,DOM,MEX,848490
2553915,67,138,9253,2001,0.0,25715.0,-0.852642,-0.896374,ECU,MEX,848490
2553916,71,138,9253,2001,163951.0,7219.0,1.079664,1.9842220000000002,ESP,MEX,848490
2553917,74,138,9253,2001,7164.0,1568.0,2.069141,0.9375180000000001,FIN,MEX,848490
2553918,77,138,9253,2001,452802.0,5349.0,1.653507,0.797582,FRA,MEX,848490
2553919,81,138,9253,2001,85406.0,56512.0,1.976894,0.685435,GBR,MEX,848490
2553920,93,138,9253,2001,0.0,22777.0,-0.5089520000000001,0.216677,GTM,MEX,848490
2553921,99,138,9253,2001,0.0,11227.0,-0.8003060000000001,-0.602097,HND,MEX,848490
2553922,104,138,9253,2001,4488.0,0.0,0.349744,2.665844,IND,MEX,848490
2553923,106,138,9253,2001,1891.0,0.0,1.664233,0.129983,IRL,MEX,848490
2553924,110,138,9253,2001,1928.0,12681.0,1.374873,0.775594,ISR,MEX,848490
2553925,111,138,9253,2001,1043780.0,1353.0,1.389926,1.282143,ITA,MEX,848490
2553926,112,138,9253,2001,0.0,15305.0,-0.541582,-0.837248,JAM,MEX,848490
2553927,114,138,9253,2001,1198620.0,36776.0,2.585857,0.522663,JPN,MEX,848490
2553928,116,138,9253,2001,1162.0,0.0,-0.529388,0.092271,KEN,MEX,848490
2553929,121,138,9253,2001,315439.0,0.0,1.145797,1.0762399999999999,KOR,MEX,848490
2553930,153,138,9253,2001,1221.0,0.0,0.768174,0.307033,MYS,MEX,848490
2553931,160,138,9253,2001,0.0,2472.0,-0.8917430000000001,-0.713179,NIC,MEX,848490
2553932,162,138,9253,2001,11218.0,0.0,1.315685,1.590935,NLD,MEX,848490
2553933,163,138,9253,2001,12960.0,0.0,0.974814,0.06512000000000001,NOR,MEX,848490
2553934,166,138,9253,2001,2281.0,16422.0,0.521409,0.683134,NZL,MEX,848490
2553935,167,138,9253,2001,0.0,4175.0,-0.909329,-1.189698,OMN,MEX,848490
2553936,169,138,9253,2001,0.0,18704.0,0.17588199999999998,0.422505,PAN,MEX,848490
2553937,173,138,9253,2001,459482.0,17566.0,-0.345519,0.202623,PER,MEX,848490
2553938,178,138,9253,2001,5155.0,0.0,0.62773,1.010888,PRK,MEX,848490
2553939,180,138,9253,2001,0.0,1740.0,-0.68893,-0.9326690000000001,PRY,MEX,848490
2553940,188,138,9253,2001,0.0,37870.0,0.5370550000000001,-0.793469,SAU,MEX,848490
2553941,192,138,9253,2001,0.0,12143.0,1.364239,0.721074,SGP,MEX,848490
2553942,197,138,9253,2001,0.0,13595.0,-0.181554,-0.031294,SLV,MEX,848490
2553943,208,138,9253,2001,11395.0,1573.0,2.156845,0.784439,SWE,MEX,848490
2553944,222,138,9253,2001,0.0,2427.0,0.178256,-0.709126,TTO,MEX,848490
2553945,224,138,9253,2001,1220.0,0.0,0.188773,1.91451,TUR,MEX,848490
2553946,230,138,9253,2001,0.0,5157.0,0.36029,0.298869,URY,MEX,848490
2553947,231,138,9253,2001,19543444.0,5719270.0,1.873674,0.168468,USA,MEX,848490
2553948,236,138,9253,2001,0.0,91564.0,0.261158,-0.7397,VEN,MEX,848490
2553949,246,138,9253,2001,0.0,27085.0,0.356842,2.006155,ZAF,MEX,848490
2553950,249,138,9253,2001,256648.0,124785.0,1.5731700000000002,1.353159,TWN,MEX,848490
2553951,250,138,9253,2001,64319.0,14600.0,1.096023,-0.33562600000000004,ANS,MEX,848490
2553952,7,159,9253,2001,5057.0,0.0,-0.193984,-0.457124,ARE,NGA,848490
2553953,8,159,9253,2001,114752.0,0.0,0.287698,0.547137,ARG,NGA,848490
2553954,18,159,9253,2001,9729.0,0.0,1.4328370000000001,1.408495,BEL,NGA,848490
2553955,32,159,9253,2001,222116.0,0.0,0.672496,1.051848,BRA,NGA,848490
2553956,39,159,9253,2001,3974.0,0.0,0.971827,1.105171,CAN,NGA,848490
2553957,41,159,9253,2001,2786.0,0.0,2.227246,0.553956,CHE,NGA,848490
2553958,43,159,9253,2001,284418.0,0.0,0.525171,3.092963,CHN,NGA,848490
2553959,44,159,9253,2001,4385.0,5814.0,-0.715949,-0.524428,CIV,NGA,848490
2553960,59,159,9253,2001,7895.0,0.0,1.485703,1.109305,CZE,NGA,848490
2553961,61,159,9253,2001,284995.0,0.0,2.321375,-2.1110990000000003,DEU,NGA,848490
2553962,64,159,9253,2001,8654.0,0.0,1.261883,1.351875,DNK,NGA,848490
2553963,71,159,9253,2001,3881.0,0.0,1.079664,1.9842220000000002,ESP,NGA,848490
2553964,77,159,9253,2001,193520.0,0.0,1.653507,0.797582,FRA,NGA,848490
2553965,80,159,9253,2001,0.0,4354.0,-1.063007,-1.181284,GAB,NGA,848490
2553966,81,159,9253,2001,243261.0,0.0,1.976894,0.685435,GBR,NGA,848490
2553967,104,159,9253,2001,80883.0,0.0,0.349744,2.665844,IND,NGA,848490
2553968,111,159,9253,2001,14959.0,0.0,1.389926,1.282143,ITA,NGA,848490
2553969,114,159,9253,2001,22649.0,0.0,2.585857,0.522663,JPN,NGA,848490
2553970,116,159,9253,2001,0.0,4986.0,-0.529388,0.092271,KEN,NGA,848490
2553971,121,159,9253,2001,1105.0,0.0,1.145797,1.0762399999999999,KOR,NGA,848490
2553972,124,159,9253,2001,1667.0,0.0,0.165355,0.988008,LBN,NGA,848490
2553973,162,159,9253,2001,167250.0,0.0,1.315685,1.590935,NLD,NGA,848490
2553974,163,159,9253,2001,9968.0,0.0,0.974814,0.06512000000000001,NOR,NGA,848490
2553975,186,159,9253,2001,0.0,1405.0,0.945816,0.35027600000000003,RUS,NGA,848490
2553976,208,159,9253,2001,7296.0,0.0,2.156845,0.784439,SWE,NGA,848490
2553977,224,159,9253,2001,17806.0,0.0,0.188773,1.91451,TUR,NGA,848490
2553978,231,159,9253,2001,10400.0,0.0,1.873674,0.168468,USA,NGA,848490
2553979,243,159,9253,2001,17428.0,0.0,-1.465154,-1.261615,YEM,NGA,848490
2553980,249,159,9253,2001,5947.0,0.0,1.5731700000000002,1.353159,TWN,NGA,848490
2553981,39,160,9253,2001,742.0,0.0,0.971827,1.105171,CAN,NIC,848490
2553982,52,160,9253,2001,0.0,2188.0,0.069458,-0.042793,CRI,NIC,848490
2553983,61,160,9253,2001,5602.0,0.0,2.321375,-2.1110990000000003,DEU,NIC,848490
2553984,71,160,9253,2001,3016.0,0.0,1.079664,1.9842220000000002,ESP,NIC,848490
2553985,74,160,9253,2001,7902.0,0.0,2.069141,0.9375180000000001,FIN,NIC,848490
2553986,81,160,9253,2001,2512.0,0.0,1.976894,0.685435,GBR,NIC,848490
2553987,93,160,9253,2001,1405.0,0.0,-0.5089520000000001,0.216677,GTM,NIC,848490
2553988,111,160,9253,2001,3060.0,0.0,1.389926,1.282143,ITA,NIC,848490
2553989,114,160,9253,2001,3909.0,0.0,2.585857,0.522663,JPN,NIC,848490
2553990,121,160,9253,2001,7748.0,0.0,1.145797,1.0762399999999999,KOR,NIC,848490
2553991,138,160,9253,2001,2472.0,0.0,0.797058,0.713234,MEX,NIC,848490
2553992,162,160,9253,2001,6372.0,0.0,1.315685,1.590935,NLD,NIC,848490
2553993,169,160,9253,2001,25633.0,0.0,0.17588199999999998,0.422505,PAN,NIC,848490
2553994,178,160,9253,2001,7238.0,0.0,0.62773,1.010888,PRK,NIC,848490
2553995,186,160,9253,2001,1555.0,0.0,0.945816,0.35027600000000003,RUS,NIC,848490
2553996,197,160,9253,2001,7048.0,0.0,-0.181554,-0.031294,SLV,NIC,848490
2553997,208,160,9253,2001,1430.0,0.0,2.156845,0.784439,SWE,NIC,848490
2553998,224,160,9253,2001,882.0,0.0,0.188773,1.91451,TUR,NIC,848490
2553999,231,160,9253,2001,39514.0,0.0,1.873674,0.168468,USA,NIC,848490
2554000,249,160,9253,2001,1741.0,0.0,1.5731700000000002,1.353159,TWN,NIC,848490
2554001,2,162,9253,2001,0.0,23312.0,-1.523823,-1.214093,AGO,NLD,848490
2554002,6,162,9253,2001,0.0,76240.0,0.260662,-0.66681,ANT,NLD,848490
2554003,7,162,9253,2001,0.0,116326.0,-0.193984,-0.457124,ARE,NLD,848490
2554004,8,162,9253,2001,2171.0,8713.0,0.287698,0.547137,ARG,NLD,848490
2554005,14,162,9253,2001,1386.0,23119.0,0.29463,0.772375,AUS,NLD,848490
2554006,15,162,9253,2001,132946.0,118911.0,1.8571650000000002,0.603191,AUT,NLD,848490
2554007,18,162,9253,2001,2619008.0,511084.0,1.4328370000000001,1.408495,BEL,NLD,848490
2554008,23,162,9253,2001,0.0,8963.0,0.41425100000000004,1.639866,BGR,NLD,848490
2554009,24,162,9253,2001,0.0,3843.0,-0.11008399999999999,-1.053611,BHR,NLD,848490
2554010,28,162,9253,2001,0.0,2391.0,0.804404,0.936773,BLR,NLD,848490
2554011,32,162,9253,2001,1445.0,42359.0,0.672496,1.051848,BRA,NLD,848490
2554012,34,162,9253,2001,0.0,14026.0,-0.8654209999999999,-0.930599,BRN,NLD,848490
2554013,39,162,9253,2001,51034.0,3779.0,0.971827,1.105171,CAN,NLD,848490
2554014,41,162,9253,2001,71895.0,70191.0,2.227246,0.553956,CHE,NLD,848490
2554015,42,162,9253,2001,0.0,5046.0,-0.004658,-0.002548,CHL,NLD,848490
2554016,43,162,9253,2001,2802.0,49651.0,0.525171,3.092963,CHN,NLD,848490
2554017,44,162,9253,2001,0.0,10107.0,-0.715949,-0.524428,CIV,NLD,848490
2554018,45,162,9253,2001,0.0,1656.0,-1.6254879999999998,-1.212513,CMR,NLD,848490
2554019,49,162,9253,2001,0.0,16477.0,0.30412,0.395913,COL,NLD,848490
2554020,51,162,9253,2001,0.0,6258.0,0.063802,-0.456617,CPV,NLD,848490
2554021,52,162,9253,2001,0.0,669.0,0.069458,-0.042793,CRI,NLD,848490
2554022,54,162,9253,2001,0.0,9038.0,-0.443391,-0.9599030000000001,CUB,NLD,848490
2554023,58,162,9253,2001,0.0,6422.0,0.381251,0.257802,CYP,NLD,848490
2554024,59,162,9253,2001,19671.0,123453.0,1.485703,1.109305,CZE,NLD,848490
2554025,61,162,9253,2001,4674935.0,841069.0,2.321375,-2.1110990000000003,DEU,NLD,848490
2554026,64,162,9253,2001,80965.0,126846.0,1.261883,1.351875,DNK,NLD,848490
2554027,65,162,9253,2001,0.0,3999.0,-0.538419,-0.48773900000000003,DOM,NLD,848490
2554028,66,162,9253,2001,0.0,16503.0,-0.663363,-1.158295,DZA,NLD,848490
2554029,67,162,9253,2001,0.0,1107.0,-0.852642,-0.896374,ECU,NLD,848490
2554030,68,162,9253,2001,3289.0,38521.0,-0.373576,0.366385,EGY,NLD,848490
2554031,71,162,9253,2001,362647.0,351091.0,1.079664,1.9842220000000002,ESP,NLD,848490
2554032,72,162,9253,2001,0.0,9296.0,0.5746829999999999,0.9073899999999999,EST,NLD,848490
2554033,73,162,9253,2001,0.0,15711.0,-0.999149,-0.904072,ETH,NLD,848490
2554034,74,162,9253,2001,75810.0,77580.0,2.069141,0.9375180000000001,FIN,NLD,848490
2554035,77,162,9253,2001,1619943.0,678663.0,1.653507,0.797582,FRA,NLD,848490
2554036,80,162,9253,2001,0.0,20275.0,-1.063007,-1.181284,GAB,NLD,848490
2554037,81,162,9253,2001,449610.0,1058879.0,1.976894,0.685435,GBR,NLD,848490
2554038,83,162,9253,2001,0.0,9488.0,-0.961067,-0.780449,GHA,NLD,848490
2554039,90,162,9253,2001,0.0,76160.0,0.31387600000000004,1.3614600000000001,GRC,NLD,848490
2554040,93,162,9253,2001,0.0,81818.0,-0.5089520000000001,0.216677,GTM,NLD,848490
2554041,97,162,9253,2001,0.0,1551.0,0.521528,2.3025,HKG,NLD,848490
2554042,100,162,9253,2001,873.0,7555.0,0.544596,0.969535,HRV,NLD,848490
2554043,102,162,9253,2001,3456.0,12401.0,1.102262,1.138016,HUN,NLD,848490
2554044,103,162,9253,2001,0.0,16284.0,-0.167771,1.6587889999999998,IDN,NLD,848490
2554045,104,162,9253,2001,57042.0,934.0,0.349744,2.665844,IND,NLD,848490
2554046,106,162,9253,2001,0.0,38140.0,1.664233,0.129983,IRL,NLD,848490
2554047,107,162,9253,2001,0.0,36313.0,-0.7732479999999999,-0.8979370000000001,IRN,NLD,848490
2554048,109,162,9253,2001,0.0,26180.0,0.032382999999999995,-0.51054,ISL,NLD,848490
2554049,110,162,9253,2001,3337.0,71571.0,1.374873,0.775594,ISR,NLD,848490
2554050,111,162,9253,2001,596011.0,355546.0,1.389926,1.282143,ITA,NLD,848490
2554051,113,162,9253,2001,0.0,3822.0,0.375134,0.581558,JOR,NLD,848490
2554052,114,162,9253,2001,1513870.0,316838.0,2.585857,0.522663,JPN,NLD,848490
2554053,115,162,9253,2001,0.0,13164.0,0.009714,-0.525899,KAZ,NLD,848490
2554054,116,162,9253,2001,0.0,5344.0,-0.529388,0.092271,KEN,NLD,848490
2554055,118,162,9253,2001,0.0,1211.0,-1.231058,-1.154536,KHM,NLD,848490
2554056,121,162,9253,2001,193201.0,10746.0,1.145797,1.0762399999999999,KOR,NLD,848490
2554057,122,162,9253,2001,0.0,27790.0,-0.8197,-1.183758,KWT,NLD,848490
2554058,124,162,9253,2001,0.0,2029.0,0.165355,0.988008,LBN,NLD,848490
2554059,126,162,9253,2001,0.0,107549.0,-0.9321459999999999,-1.198124,LBY,NLD,848490
2554060,130,162,9253,2001,0.0,4625.0,0.15706900000000001,0.416663,LTU,NLD,848490
2554061,131,162,9253,2001,47767.0,3530.0,1.470895,1.149007,LUX,NLD,848490
2554062,132,162,9253,2001,0.0,4981.0,0.404136,0.461009,LVA,NLD,848490
2554063,134,162,9253,2001,0.0,26310.0,-0.75275,-0.280397,MAR,NLD,848490
2554064,137,162,9253,2001,0.0,1621.0,-0.980734,-0.9785659999999999,MDV,NLD,848490
2554065,138,162,9253,2001,0.0,11218.0,0.797058,0.713234,MEX,NLD,848490
2554066,142,162,9253,2001,2228.0,3930.0,1.065032,-0.065239,MLT,NLD,848490
2554067,147,162,9253,2001,0.0,1207.0,-1.2364879999999998,-1.136715,MOZ,NLD,848490
2554068,151,162,9253,2001,0.0,2359.0,-0.410422,-0.5868369999999999,MUS,NLD,848490
2554069,153,162,9253,2001,2826.0,8396.0,0.768174,0.307033,MYS,NLD,848490
2554070,155,162,9253,2001,0.0,1027.0,-0.625912,-0.854247,NAM,NLD,848490
2554071,157,162,9253,2001,0.0,2889.0,-0.22368600000000002,-0.464156,NER,NLD,848490
2554072,159,162,9253,2001,0.0,167250.0,-1.966439,-1.2724520000000001,NGA,NLD,848490
2554073,160,162,9253,2001,0.0,6372.0,-0.8917430000000001,-0.713179,NIC,NLD,848490
2554074,163,162,9253,2001,54499.0,74671.0,0.974814,0.06512000000000001,NOR,NLD,848490
2554075,164,162,9253,2001,0.0,17147.0,-0.483749,-0.008754999999999999,NPL,NLD,848490
2554076,166,162,9253,2001,0.0,16688.0,0.521409,0.683134,NZL,NLD,848490
2554077,167,162,9253,2001,0.0,18421.0,-0.909329,-1.189698,OMN,NLD,848490
2554078,168,162,9253,2001,0.0,2688.0,-0.8376520000000001,-0.378743,PAK,NLD,848490
2554079,169,162,9253,2001,0.0,5054.0,0.17588199999999998,0.422505,PAN,NLD,848490
2554080,173,162,9253,2001,0.0,4610.0,-0.345519,0.202623,PER,NLD,848490
2554081,174,162,9253,2001,0.0,2045.0,-0.028201,-0.112349,PHL,NLD,848490
2554082,177,162,9253,2001,0.0,30832.0,0.9474540000000001,1.8408220000000002,POL,NLD,848490
2554083,179,162,9253,2001,0.0,128341.0,0.482048,1.662123,PRT,NLD,848490
2554084,180,162,9253,2001,0.0,1627.0,-0.68893,-0.9326690000000001,PRY,NLD,848490
2554085,182,162,9253,2001,0.0,1042.0,-0.005456,-0.7210770000000001,PYF,NLD,848490
2554086,183,162,9253,2001,0.0,47711.0,-0.46564799999999995,-1.127634,QAT,NLD,848490
2554087,185,162,9253,2001,0.0,18341.0,0.326733,1.005332,ROU,NLD,848490
2554088,186,162,9253,2001,0.0,12845.0,0.945816,0.35027600000000003,RUS,NLD,848490
2554089,188,162,9253,2001,0.0,139730.0,0.5370550000000001,-0.793469,SAU,NLD,848490
2554090,189,162,9253,2001,0.0,2275.0,0.45280200000000004,2.469852,SCG,NLD,848490
2554091,190,162,9253,2001,0.0,1476.0,-1.6325180000000001,-1.263267,SDN,NLD,848490
2554092,191,162,9253,2001,0.0,4808.0,-0.437779,-0.436654,SEN,NLD,848490
2554093,192,162,9253,2001,67469.0,388679.0,1.364239,0.721074,SGP,NLD,848490
2554094,205,162,9253,2001,0.0,17537.0,-0.650556,-0.801128,SUR,NLD,848490
2554095,206,162,9253,2001,36953.0,10035.0,1.1732770000000001,1.088576,SVK,NLD,848490
2554096,207,162,9253,2001,143339.0,2473.0,1.5074370000000001,1.1370040000000001,SVN,NLD,848490
2554097,208,162,9253,2001,220190.0,74613.0,2.156845,0.784439,SWE,NLD,848490
2554098,212,162,9253,2001,0.0,2560.0,-1.057217,-0.716331,SYR,NLD,848490
2554099,216,162,9253,2001,0.0,6149.0,0.37555900000000003,1.498267,THA,NLD,848490
2554100,222,162,9253,2001,0.0,1378.0,0.178256,-0.709126,TTO,NLD,848490
2554101,223,162,9253,2001,0.0,4671.0,-0.162152,0.23939699999999997,TUN,NLD,848490
2554102,224,162,9253,2001,1898.0,41418.0,0.188773,1.91451,TUR,NLD,848490
2554103,226,162,9253,2001,0.0,12969.0,-1.193991,-0.49282200000000004,TZA,NLD,848490
2554104,227,162,9253,2001,0.0,3662.0,-0.9694860000000001,-0.840592,UGA,NLD,848490
2554105,228,162,9253,2001,0.0,2384.0,0.8376969999999999,0.989059,UKR,NLD,848490
2554106,230,162,9253,2001,0.0,3989.0,0.36029,0.298869,URY,NLD,848490
2554107,231,162,9253,2001,2268329.0,307377.0,1.873674,0.168468,USA,NLD,848490
2554108,236,162,9253,2001,0.0,7760.0,0.261158,-0.7397,VEN,NLD,848490
2554109,239,162,9253,2001,0.0,1179.0,-0.6692130000000001,0.610992,VNM,NLD,848490
2554110,246,162,9253,2001,0.0,24182.0,0.356842,2.006155,ZAF,NLD,848490
2554111,247,162,9253,2001,0.0,1042.0,-0.731193,-0.706978,ZMB,NLD,848490
2554112,248,162,9253,2001,0.0,2514.0,-0.6321829999999999,-0.453671,ZWE,NLD,848490
2554113,249,162,9253,2001,75023.0,10136.0,1.5731700000000002,1.353159,TWN,NLD,848490
2554114,250,162,9253,2001,3871.0,929.0,1.096023,-0.33562600000000004,ANS,NLD,848490
2554115,2,163,9253,2001,0.0,140477.0,-1.523823,-1.214093,AGO,NOR,848490
2554116,7,163,9253,2001,12971.0,98885.0,-0.193984,-0.457124,ARE,NOR,848490
2554117,8,163,9253,2001,0.0,1542.0,0.287698,0.547137,ARG,NOR,848490
2554118,14,163,9253,2001,0.0,10408.0,0.29463,0.772375,AUS,NOR,848490
2554119,15,163,9253,2001,153817.0,3176.0,1.8571650000000002,0.603191,AUT,NOR,848490
2554120,18,163,9253,2001,227045.0,41541.0,1.4328370000000001,1.408495,BEL,NOR,848490
2554121,24,163,9253,2001,0.0,7575.0,-0.11008399999999999,-1.053611,BHR,NOR,848490
2554122,25,163,9253,2001,0.0,2344.0,0.803267,-0.071853,BHS,NOR,848490
2554123,32,163,9253,2001,0.0,33890.0,0.672496,1.051848,BRA,NOR,848490
2554124,34,163,9253,2001,0.0,240.0,-0.8654209999999999,-0.930599,BRN,NOR,848490
2554125,39,163,9253,2001,17178.0,31964.0,0.971827,1.105171,CAN,NOR,848490
2554126,41,163,9253,2001,17341.0,1255.0,2.227246,0.553956,CHE,NOR,848490
2554127,42,163,9253,2001,0.0,6384.0,-0.004658,-0.002548,CHL,NOR,848490
2554128,43,163,9253,2001,3911.0,28892.0,0.525171,3.092963,CHN,NOR,848490
2554129,49,163,9253,2001,0.0,590.0,0.30412,0.395913,COL,NOR,848490
2554130,51,163,9253,2001,0.0,920.0,0.063802,-0.456617,CPV,NOR,848490
2554131,59,163,9253,2001,3426.0,1243.0,1.485703,1.109305,CZE,NOR,848490
2554132,61,163,9253,2001,732229.0,39070.0,2.321375,-2.1110990000000003,DEU,NOR,848490
2554133,64,163,9253,2001,196778.0,36257.0,1.261883,1.351875,DNK,NOR,848490
2554134,66,163,9253,2001,0.0,2290.0,-0.663363,-1.158295,DZA,NOR,848490
2554135,67,163,9253,2001,0.0,1303.0,-0.852642,-0.896374,ECU,NOR,848490
2554136,68,163,9253,2001,0.0,3944.0,-0.373576,0.366385,EGY,NOR,848490
2554137,71,163,9253,2001,22487.0,16018.0,1.079664,1.9842220000000002,ESP,NOR,848490
2554138,74,163,9253,2001,53813.0,20160.0,2.069141,0.9375180000000001,FIN,NOR,848490
2554139,77,163,9253,2001,270083.0,12099.0,1.653507,0.797582,FRA,NOR,848490
2554140,78,163,9253,2001,0.0,3061.0,-1.004972,-0.9456030000000001,FRO,NOR,848490
2554141,80,163,9253,2001,0.0,1024.0,-1.063007,-1.181284,GAB,NOR,848490
2554142,81,163,9253,2001,489068.0,74396.0,1.976894,0.685435,GBR,NOR,848490
2554143,90,163,9253,2001,0.0,16454.0,0.31387600000000004,1.3614600000000001,GRC,NOR,848490
2554144,92,163,9253,2001,0.0,2312.0,0.199595,-0.73547,GRL,NOR,848490
2554145,97,163,9253,2001,0.0,6176.0,0.521528,2.3025,HKG,NOR,848490
2554146,100,163,9253,2001,0.0,2479.0,0.544596,0.969535,HRV,NOR,848490
2554147,102,163,9253,2001,6174.0,27962.0,1.102262,1.138016,HUN,NOR,848490
2554148,104,163,9253,2001,0.0,14087.0,0.349744,2.665844,IND,NOR,848490
2554149,106,163,9253,2001,1243.0,6898.0,1.664233,0.129983,IRL,NOR,848490
2554150,109,163,9253,2001,0.0,2714.0,0.032382999999999995,-0.51054,ISL,NOR,848490
2554151,110,163,9253,2001,0.0,4692.0,1.374873,0.775594,ISR,NOR,848490
2554152,111,163,9253,2001,120416.0,12116.0,1.389926,1.282143,ITA,NOR,848490
2554153,114,163,9253,2001,12824.0,21855.0,2.585857,0.522663,JPN,NOR,848490
2554154,121,163,9253,2001,1735.0,23929.0,1.145797,1.0762399999999999,KOR,NOR,848490
2554155,126,163,9253,2001,0.0,24582.0,-0.9321459999999999,-1.198124,LBY,NOR,848490
2554156,128,163,9253,2001,0.0,9422.0,-0.722434,-0.033818,LKA,NOR,848490
2554157,132,163,9253,2001,0.0,8879.0,0.404136,0.461009,LVA,NOR,848490
2554158,134,163,9253,2001,0.0,1015.0,-0.75275,-0.280397,MAR,NOR,848490
2554159,138,163,9253,2001,0.0,12960.0,0.797058,0.713234,MEX,NOR,848490
2554160,148,163,9253,2001,0.0,5980.0,-1.187271,-1.240445,MRT,NOR,848490
2554161,155,163,9253,2001,0.0,3708.0,-0.625912,-0.854247,NAM,NOR,848490
2554162,159,163,9253,2001,0.0,9968.0,-1.966439,-1.2724520000000001,NGA,NOR,848490
2554163,162,163,9253,2001,74671.0,54499.0,1.315685,1.590935,NLD,NOR,848490
2554164,166,163,9253,2001,0.0,3246.0,0.521409,0.683134,NZL,NOR,848490
2554165,173,163,9253,2001,0.0,1425.0,-0.345519,0.202623,PER,NOR,848490
2554166,174,163,9253,2001,0.0,8618.0,-0.028201,-0.112349,PHL,NOR,848490
2554167,177,163,9253,2001,11306.0,5618.0,0.9474540000000001,1.8408220000000002,POL,NOR,848490
2554168,179,163,9253,2001,0.0,27643.0,0.482048,1.662123,PRT,NOR,848490
2554169,185,163,9253,2001,0.0,4755.0,0.326733,1.005332,ROU,NOR,848490
2554170,186,163,9253,2001,950.0,7874.0,0.945816,0.35027600000000003,RUS,NOR,848490
2554171,188,163,9253,2001,0.0,10627.0,0.5370550000000001,-0.793469,SAU,NOR,848490
2554172,192,163,9253,2001,13257.0,86735.0,1.364239,0.721074,SGP,NOR,848490
2554173,206,163,9253,2001,851.0,0.0,1.1732770000000001,1.088576,SVK,NOR,848490
2554174,208,163,9253,2001,511034.0,150828.0,2.156845,0.784439,SWE,NOR,848490
2554175,216,163,9253,2001,0.0,697.0,0.37555900000000003,1.498267,THA,NOR,848490
2554176,224,163,9253,2001,3424.0,11440.0,0.188773,1.91451,TUR,NOR,848490
2554177,226,163,9253,2001,0.0,2805.0,-1.193991,-0.49282200000000004,TZA,NOR,848490
2554178,231,163,9253,2001,31910.0,99189.0,1.873674,0.168468,USA,NOR,848490
2554179,239,163,9253,2001,0.0,10386.0,-0.6692130000000001,0.610992,VNM,NOR,848490
2554180,246,163,9253,2001,1352.0,2675.0,0.356842,2.006155,ZAF,NOR,848490
2554181,249,163,9253,2001,0.0,769.0,1.5731700000000002,1.353159,TWN,NOR,848490
2554182,8,166,9253,2001,0.0,791.0,0.287698,0.547137,ARG,NZL,848490
2554183,10,166,9253,2001,0.0,2161.0,1.343164,0.15453,ASM,NZL,848490
2554184,14,166,9253,2001,789970.0,41200.0,0.29463,0.772375,AUS,NZL,848490
2554185,15,166,9253,2001,7584.0,0.0,1.8571650000000002,0.603191,AUT,NZL,848490
2554186,18,166,9253,2001,4764.0,0.0,1.4328370000000001,1.408495,BEL,NZL,848490
2554187,39,166,9253,2001,2053.0,0.0,0.971827,1.105171,CAN,NZL,848490
2554188,41,166,9253,2001,1166.0,0.0,2.227246,0.553956,CHE,NZL,848490
2554189,43,166,9253,2001,6152.0,1014.0,0.525171,3.092963,CHN,NZL,848490
2554190,59,166,9253,2001,796.0,0.0,1.485703,1.109305,CZE,NZL,848490
2554191,61,166,9253,2001,144588.0,9268.0,2.321375,-2.1110990000000003,DEU,NZL,848490
2554192,64,166,9253,2001,7967.0,0.0,1.261883,1.351875,DNK,NZL,848490
2554193,71,166,9253,2001,33092.0,0.0,1.079664,1.9842220000000002,ESP,NZL,848490
2554194,74,166,9253,2001,26416.0,0.0,2.069141,0.9375180000000001,FIN,NZL,848490
2554195,75,166,9253,2001,0.0,12965.0,-0.954702,-0.602761,FJI,NZL,848490
2554196,77,166,9253,2001,9672.0,3959.0,1.653507,0.797582,FRA,NZL,848490
2554197,81,166,9253,2001,15184.0,1197.0,1.976894,0.685435,GBR,NZL,848490
2554198,97,166,9253,2001,1282.0,0.0,0.521528,2.3025,HKG,NZL,848490
2554199,104,166,9253,2001,16918.0,0.0,0.349744,2.665844,IND,NZL,848490
2554200,111,166,9253,2001,34734.0,0.0,1.389926,1.282143,ITA,NZL,848490
2554201,114,166,9253,2001,345644.0,0.0,2.585857,0.522663,JPN,NZL,848490
2554202,121,166,9253,2001,5510.0,0.0,1.145797,1.0762399999999999,KOR,NZL,848490
2554203,138,166,9253,2001,16422.0,2281.0,0.797058,0.713234,MEX,NZL,848490
2554204,156,166,9253,2001,0.0,893.0,-0.837087,-0.9207040000000001,NCL,NZL,848490
2554205,162,166,9253,2001,16688.0,0.0,1.315685,1.590935,NLD,NZL,848490
2554206,163,166,9253,2001,3246.0,0.0,0.974814,0.06512000000000001,NOR,NZL,848490
2554207,174,166,9253,2001,0.0,1206.0,-0.028201,-0.112349,PHL,NZL,848490
2554208,176,166,9253,2001,0.0,2623.0,-1.503929,-1.199463,PNG,NZL,848490
2554209,182,166,9253,2001,0.0,4424.0,-0.005456,-0.7210770000000001,PYF,NZL,848490
2554210,192,166,9253,2001,36496.0,1034.0,1.364239,0.721074,SGP,NZL,848490
2554211,208,166,9253,2001,21571.0,0.0,2.156845,0.784439,SWE,NZL,848490
2554212,216,166,9253,2001,0.0,6709.0,0.37555900000000003,1.498267,THA,NZL,848490
2554213,223,166,9253,2001,0.0,6908.0,-0.162152,0.23939699999999997,TUN,NZL,848490
2554214,231,166,9253,2001,195171.0,3255.0,1.873674,0.168468,USA,NZL,848490
2554215,242,166,9253,2001,0.0,9399.0,-0.361456,-0.690474,WSM,NZL,848490
2554216,246,166,9253,2001,1166.0,0.0,0.356842,2.006155,ZAF,NZL,848490
2554217,249,166,9253,2001,45542.0,1681.0,1.5731700000000002,1.353159,TWN,NZL,848490
2554218,31,169,9253,2001,0.0,7937.0,-0.680108,-0.678143,BOL,PAN,848490
2554219,32,169,9253,2001,2196.0,0.0,0.672496,1.051848,BRA,PAN,848490
2554220,41,169,9253,2001,1024.0,0.0,2.227246,0.553956,CHE,PAN,848490
2554221,43,169,9253,2001,1685.0,0.0,0.525171,3.092963,CHN,PAN,848490
2554222,49,169,9253,2001,2346.0,4291.0,0.30412,0.395913,COL,PAN,848490
2554223,52,169,9253,2001,0.0,7467.0,0.069458,-0.042793,CRI,PAN,848490
2554224,61,169,9253,2001,28065.0,0.0,2.321375,-2.1110990000000003,DEU,PAN,848490
2554225,65,169,9253,2001,0.0,1365.0,-0.538419,-0.48773900000000003,DOM,PAN,848490
2554226,67,169,9253,2001,0.0,2643.0,-0.852642,-0.896374,ECU,PAN,848490
2554227,77,169,9253,2001,1526.0,0.0,1.653507,0.797582,FRA,PAN,848490
2554228,81,169,9253,2001,3841.0,0.0,1.976894,0.685435,GBR,PAN,848490
2554229,99,169,9253,2001,0.0,5998.0,-0.8003060000000001,-0.602097,HND,PAN,848490
2554230,111,169,9253,2001,1713.0,0.0,1.389926,1.282143,ITA,PAN,848490
2554231,114,169,9253,2001,212186.0,0.0,2.585857,0.522663,JPN,PAN,848490
2554232,121,169,9253,2001,13861.0,0.0,1.145797,1.0762399999999999,KOR,PAN,848490
2554233,134,169,9253,2001,0.0,1289.0,-0.75275,-0.280397,MAR,PAN,848490
2554234,138,169,9253,2001,18704.0,0.0,0.797058,0.713234,MEX,PAN,848490
2554235,160,169,9253,2001,0.0,25633.0,-0.8917430000000001,-0.713179,NIC,PAN,848490
2554236,162,169,9253,2001,5054.0,0.0,1.315685,1.590935,NLD,PAN,848490
2554237,173,169,9253,2001,35724.0,0.0,-0.345519,0.202623,PER,PAN,848490
2554238,197,169,9253,2001,2119.0,52768.0,-0.181554,-0.031294,SLV,PAN,848490
2554239,208,169,9253,2001,2744.0,0.0,2.156845,0.784439,SWE,PAN,848490
2554240,231,169,9253,2001,115121.0,0.0,1.873674,0.168468,USA,PAN,848490
2554241,236,169,9253,2001,0.0,6151.0,0.261158,-0.7397,VEN,PAN,848490
2554242,239,169,9253,2001,2251.0,0.0,-0.6692130000000001,0.610992,VNM,PAN,848490
2554243,249,169,9253,2001,272564.0,0.0,1.5731700000000002,1.353159,TWN,PAN,848490
2554244,250,169,9253,2001,330245.0,0.0,1.096023,-0.33562600000000004,ANS,PAN,848490
2554245,5,173,9253,2001,1948.0,0.0,1.049415,0.860241,AND,PER,848490
2554246,6,173,9253,2001,1638.0,0.0,0.260662,-0.66681,ANT,PER,848490
2554247,8,173,9253,2001,9632.0,21756.0,0.287698,0.547137,ARG,PER,848490
2554248,14,173,9253,2001,2339.0,0.0,0.29463,0.772375,AUS,PER,848490
2554249,15,173,9253,2001,2051.0,0.0,1.8571650000000002,0.603191,AUT,PER,848490
2554250,18,173,9253,2001,165963.0,0.0,1.4328370000000001,1.408495,BEL,PER,848490
2554251,31,173,9253,2001,0.0,72198.0,-0.680108,-0.678143,BOL,PER,848490
2554252,32,173,9253,2001,101312.0,18687.0,0.672496,1.051848,BRA,PER,848490
2554253,39,173,9253,2001,21301.0,1510.0,0.971827,1.105171,CAN,PER,848490
2554254,41,173,9253,2001,11499.0,0.0,2.227246,0.553956,CHE,PER,848490
2554255,42,173,9253,2001,29807.0,133621.0,-0.004658,-0.002548,CHL,PER,848490
2554256,43,173,9253,2001,14921.0,0.0,0.525171,3.092963,CHN,PER,848490
2554257,49,173,9253,2001,10163.0,100292.0,0.30412,0.395913,COL,PER,848490
2554258,52,173,9253,2001,0.0,34539.0,0.069458,-0.042793,CRI,PER,848490
2554259,61,173,9253,2001,274093.0,4479.0,2.321375,-2.1110990000000003,DEU,PER,848490
2554260,64,173,9253,2001,5881.0,0.0,1.261883,1.351875,DNK,PER,848490
2554261,65,173,9253,2001,0.0,12036.0,-0.538419,-0.48773900000000003,DOM,PER,848490
2554262,67,173,9253,2001,1224.0,115514.0,-0.852642,-0.896374,ECU,PER,848490
2554263,71,173,9253,2001,160811.0,1203.0,1.079664,1.9842220000000002,ESP,PER,848490
2554264,74,173,9253,2001,14471.0,13847.0,2.069141,0.9375180000000001,FIN,PER,848490
2554265,77,173,9253,2001,12811.0,0.0,1.653507,0.797582,FRA,PER,848490
2554266,81,173,9253,2001,308660.0,8282.0,1.976894,0.685435,GBR,PER,848490
2554267,93,173,9253,2001,0.0,37134.0,-0.5089520000000001,0.216677,GTM,PER,848490
2554268,99,173,9253,2001,0.0,21285.0,-0.8003060000000001,-0.602097,HND,PER,848490
2554269,104,173,9253,2001,5214.0,0.0,0.349744,2.665844,IND,PER,848490
2554270,111,173,9253,2001,10987.0,0.0,1.389926,1.282143,ITA,PER,848490
2554271,114,173,9253,2001,113815.0,0.0,2.585857,0.522663,JPN,PER,848490
2554272,121,173,9253,2001,4891.0,0.0,1.145797,1.0762399999999999,KOR,PER,848490
2554273,138,173,9253,2001,17566.0,459482.0,0.797058,0.713234,MEX,PER,848490
2554274,162,173,9253,2001,4610.0,0.0,1.315685,1.590935,NLD,PER,848490
2554275,163,173,9253,2001,1425.0,0.0,0.974814,0.06512000000000001,NOR,PER,848490
2554276,169,173,9253,2001,0.0,35724.0,0.17588199999999998,0.422505,PAN,PER,848490
2554277,188,173,9253,2001,0.0,75571.0,0.5370550000000001,-0.793469,SAU,PER,848490
2554278,197,173,9253,2001,0.0,14602.0,-0.181554,-0.031294,SLV,PER,848490
2554279,208,173,9253,2001,111982.0,0.0,2.156845,0.784439,SWE,PER,848490
2554280,216,173,9253,2001,4570.0,0.0,0.37555900000000003,1.498267,THA,PER,848490
2554281,224,173,9253,2001,760.0,0.0,0.188773,1.91451,TUR,PER,848490
2554282,231,173,9253,2001,60405.0,125643.0,1.873674,0.168468,USA,PER,848490
2554283,236,173,9253,2001,8852.0,140014.0,0.261158,-0.7397,VEN,PER,848490
2554284,249,173,9253,2001,244242.0,0.0,1.5731700000000002,1.353159,TWN,PER,848490
2554285,8,174,9253,2001,10074.0,0.0,0.287698,0.547137,ARG,PHL,848490
2554286,14,174,9253,2001,4966.0,3685.0,0.29463,0.772375,AUS,PHL,848490
2554287,15,174,9253,2001,1302.0,0.0,1.8571650000000002,0.603191,AUT,PHL,848490
2554288,18,174,9253,2001,4288.0,0.0,1.4328370000000001,1.408495,BEL,PHL,848490
2554289,32,174,9253,2001,15912.0,0.0,0.672496,1.051848,BRA,PHL,848490
2554290,41,174,9253,2001,4474.0,0.0,2.227246,0.553956,CHE,PHL,848490
2554291,43,174,9253,2001,32677.0,0.0,0.525171,3.092963,CHN,PHL,848490
2554292,61,174,9253,2001,271860.0,0.0,2.321375,-2.1110990000000003,DEU,PHL,848490
2554293,64,174,9253,2001,1251.0,0.0,1.261883,1.351875,DNK,PHL,848490
2554294,71,174,9253,2001,6107.0,0.0,1.079664,1.9842220000000002,ESP,PHL,848490
2554295,74,174,9253,2001,4688.0,0.0,2.069141,0.9375180000000001,FIN,PHL,848490
2554296,77,174,9253,2001,13427.0,0.0,1.653507,0.797582,FRA,PHL,848490
2554297,81,174,9253,2001,40674.0,0.0,1.976894,0.685435,GBR,PHL,848490
2554298,97,174,9253,2001,13293.0,0.0,0.521528,2.3025,HKG,PHL,848490
2554299,103,174,9253,2001,112228.0,18071.0,-0.167771,1.6587889999999998,IDN,PHL,848490
2554300,104,174,9253,2001,5046.0,0.0,0.349744,2.665844,IND,PHL,848490
2554301,110,174,9253,2001,1927.0,0.0,1.374873,0.775594,ISR,PHL,848490
2554302,111,174,9253,2001,40356.0,0.0,1.389926,1.282143,ITA,PHL,848490
2554303,114,174,9253,2001,666781.0,3596.0,2.585857,0.522663,JPN,PHL,848490
2554304,121,174,9253,2001,3391.0,0.0,1.145797,1.0762399999999999,KOR,PHL,848490
2554305,153,174,9253,2001,42443.0,0.0,0.768174,0.307033,MYS,PHL,848490
2554306,162,174,9253,2001,2045.0,0.0,1.315685,1.590935,NLD,PHL,848490
2554307,163,174,9253,2001,8618.0,0.0,0.974814,0.06512000000000001,NOR,PHL,848490
2554308,166,174,9253,2001,1206.0,0.0,0.521409,0.683134,NZL,PHL,848490
2554309,176,174,9253,2001,0.0,1123.0,-1.503929,-1.199463,PNG,PHL,848490
2554310,192,174,9253,2001,80840.0,168250.0,1.364239,0.721074,SGP,PHL,848490
2554311,208,174,9253,2001,6150.0,0.0,2.156845,0.784439,SWE,PHL,848490
2554312,216,174,9253,2001,12210.0,0.0,0.37555900000000003,1.498267,THA,PHL,848490
2554313,231,174,9253,2001,36707.0,2943.0,1.873674,0.168468,USA,PHL,848490
2554314,249,174,9253,2001,1186518.0,6191.0,1.5731700000000002,1.353159,TWN,PHL,848490
2554315,8,180,9253,2001,32880.0,0.0,0.287698,0.547137,ARG,PRY,848490
2554316,18,180,9253,2001,643.0,0.0,1.4328370000000001,1.408495,BEL,PRY,848490
2554317,32,180,9253,2001,108826.0,0.0,0.672496,1.051848,BRA,PRY,848490
2554318,43,180,9253,2001,5295.0,0.0,0.525171,3.092963,CHN,PRY,848490
2554319,61,180,9253,2001,27317.0,0.0,2.321375,-2.1110990000000003,DEU,PRY,848490
2554320,77,180,9253,2001,14465.0,0.0,1.653507,0.797582,FRA,PRY,848490
2554321,81,180,9253,2001,1790.0,0.0,1.976894,0.685435,GBR,PRY,848490
2554322,104,180,9253,2001,1254.0,0.0,0.349744,2.665844,IND,PRY,848490
2554323,111,180,9253,2001,982.0,0.0,1.389926,1.282143,ITA,PRY,848490
2554324,114,180,9253,2001,62793.0,0.0,2.585857,0.522663,JPN,PRY,848490
2554325,121,180,9253,2001,7686.0,0.0,1.145797,1.0762399999999999,KOR,PRY,848490
2554326,138,180,9253,2001,1740.0,0.0,0.797058,0.713234,MEX,PRY,848490
2554327,162,180,9253,2001,1627.0,0.0,1.315685,1.590935,NLD,PRY,848490
2554328,208,180,9253,2001,4131.0,0.0,2.156845,0.784439,SWE,PRY,848490
2554329,216,180,9253,2001,4653.0,0.0,0.37555900000000003,1.498267,THA,PRY,848490
2554330,231,180,9253,2001,22714.0,0.0,1.873674,0.168468,USA,PRY,848490
2554331,249,180,9253,2001,24181.0,0.0,1.5731700000000002,1.353159,TWN,PRY,848490
2554332,15,185,9253,2001,41252.0,0.0,1.8571650000000002,0.603191,AUT,ROU,848490
2554333,18,185,9253,2001,9411.0,0.0,1.4328370000000001,1.408495,BEL,ROU,848490
2554334,23,185,9253,2001,16434.0,0.0,0.41425100000000004,1.639866,BGR,ROU,848490
2554335,39,185,9253,2001,3348.0,0.0,0.971827,1.105171,CAN,ROU,848490
2554336,41,185,9253,2001,2908.0,0.0,2.227246,0.553956,CHE,ROU,848490
2554337,59,185,9253,2001,11351.0,0.0,1.485703,1.109305,CZE,ROU,848490
2554338,61,185,9253,2001,129159.0,0.0,2.321375,-2.1110990000000003,DEU,ROU,848490
2554339,64,185,9253,2001,5818.0,0.0,1.261883,1.351875,DNK,ROU,848490
2554340,71,185,9253,2001,531542.0,0.0,1.079664,1.9842220000000002,ESP,ROU,848490
2554341,73,185,9253,2001,0.0,765.0,-0.999149,-0.904072,ETH,ROU,848490
2554342,74,185,9253,2001,1965.0,0.0,2.069141,0.9375180000000001,FIN,ROU,848490
2554343,77,185,9253,2001,39292.0,0.0,1.653507,0.797582,FRA,ROU,848490
2554344,81,185,9253,2001,42677.0,0.0,1.976894,0.685435,GBR,ROU,848490
2554345,90,185,9253,2001,1402.0,0.0,0.31387600000000004,1.3614600000000001,GRC,ROU,848490
2554346,102,185,9253,2001,42519.0,19705.0,1.102262,1.138016,HUN,ROU,848490
2554347,111,185,9253,2001,324134.0,8176.0,1.389926,1.282143,ITA,ROU,848490
2554348,114,185,9253,2001,1238.0,0.0,2.585857,0.522663,JPN,ROU,848490
2554349,115,185,9253,2001,0.0,4296.0,0.009714,-0.525899,KAZ,ROU,848490
2554350,121,185,9253,2001,1056.0,0.0,1.145797,1.0762399999999999,KOR,ROU,848490
2554351,135,185,9253,2001,0.0,975.0,-0.024822,-0.15323399999999998,MDA,ROU,848490
2554352,162,185,9253,2001,18341.0,0.0,1.315685,1.590935,NLD,ROU,848490
2554353,163,185,9253,2001,4755.0,0.0,0.974814,0.06512000000000001,NOR,ROU,848490
2554354,168,185,9253,2001,0.0,9148.0,-0.8376520000000001,-0.378743,PAK,ROU,848490
2554355,177,185,9253,2001,37843.0,0.0,0.9474540000000001,1.8408220000000002,POL,ROU,848490
2554356,206,185,9253,2001,917.0,748.0,1.1732770000000001,1.088576,SVK,ROU,848490
2554357,208,185,9253,2001,1753.0,0.0,2.156845,0.784439,SWE,ROU,848490
2554358,224,185,9253,2001,18931.0,0.0,0.188773,1.91451,TUR,ROU,848490
2554359,231,185,9253,2001,3929.0,946.0,1.873674,0.168468,USA,ROU,848490
2554360,7,192,9253,2001,0.0,5789.0,-0.193984,-0.457124,ARE,SGP,848490
2554361,8,192,9253,2001,0.0,1264.0,0.287698,0.547137,ARG,SGP,848490
2554362,14,192,9253,2001,28804.0,172724.0,0.29463,0.772375,AUS,SGP,848490
2554363,15,192,9253,2001,53429.0,0.0,1.8571650000000002,0.603191,AUT,SGP,848490
2554364,18,192,9253,2001,179915.0,0.0,1.4328370000000001,1.408495,BEL,SGP,848490
2554365,22,192,9253,2001,0.0,25751.0,-1.0406739999999999,-1.010108,BGD,SGP,848490
2554366,32,192,9253,2001,43442.0,13945.0,0.672496,1.051848,BRA,SGP,848490
2554367,34,192,9253,2001,2564.0,34313.0,-0.8654209999999999,-0.930599,BRN,SGP,848490
2554368,35,192,9253,2001,0.0,3522.0,0.380727,-0.529766,BTN,SGP,848490
2554369,39,192,9253,2001,23661.0,3003.0,0.971827,1.105171,CAN,SGP,848490
2554370,41,192,9253,2001,26943.0,0.0,2.227246,0.553956,CHE,SGP,848490
2554371,43,192,9253,2001,398343.0,624070.0,0.525171,3.092963,CHN,SGP,848490
2554372,59,192,9253,2001,1610.0,0.0,1.485703,1.109305,CZE,SGP,848490
2554373,61,192,9253,2001,2391368.0,14262.0,2.321375,-2.1110990000000003,DEU,SGP,848490
2554374,64,192,9253,2001,11756.0,12340.0,1.261883,1.351875,DNK,SGP,848490
2554375,68,192,9253,2001,0.0,32768.0,-0.373576,0.366385,EGY,SGP,848490
2554376,71,192,9253,2001,22873.0,0.0,1.079664,1.9842220000000002,ESP,SGP,848490
2554377,74,192,9253,2001,8780.0,0.0,2.069141,0.9375180000000001,FIN,SGP,848490
2554378,77,192,9253,2001,546912.0,12384.0,1.653507,0.797582,FRA,SGP,848490
2554379,80,192,9253,2001,0.0,817.0,-1.063007,-1.181284,GAB,SGP,848490
2554380,81,192,9253,2001,1203742.0,230931.0,1.976894,0.685435,GBR,SGP,848490
2554381,97,192,9253,2001,51178.0,338351.0,0.521528,2.3025,HKG,SGP,848490
2554382,102,192,9253,2001,0.0,2756.0,1.102262,1.138016,HUN,SGP,848490
2554383,103,192,9253,2001,146636.0,797107.0,-0.167771,1.6587889999999998,IDN,SGP,848490
2554384,104,192,9253,2001,8075.0,98810.0,0.349744,2.665844,IND,SGP,848490
2554385,106,192,9253,2001,20465.0,5484.0,1.664233,0.129983,IRL,SGP,848490
2554386,107,192,9253,2001,0.0,3687.0,-0.7732479999999999,-0.8979370000000001,IRN,SGP,848490
2554387,110,192,9253,2001,13684.0,34017.0,1.374873,0.775594,ISR,SGP,848490
2554388,111,192,9253,2001,569519.0,0.0,1.389926,1.282143,ITA,SGP,848490
2554389,112,192,9253,2001,0.0,1746.0,-0.541582,-0.837248,JAM,SGP,848490
2554390,114,192,9253,2001,4512052.0,18271.0,2.585857,0.522663,JPN,SGP,848490
2554391,116,192,9253,2001,0.0,1110.0,-0.529388,0.092271,KEN,SGP,848490
2554392,118,192,9253,2001,0.0,40129.0,-1.231058,-1.154536,KHM,SGP,848490
2554393,121,192,9253,2001,596479.0,370676.0,1.145797,1.0762399999999999,KOR,SGP,848490
2554394,122,192,9253,2001,0.0,2291.0,-0.8197,-1.183758,KWT,SGP,848490
2554395,128,192,9253,2001,0.0,13595.0,-0.722434,-0.033818,LKA,SGP,848490
2554396,134,192,9253,2001,0.0,1236.0,-0.75275,-0.280397,MAR,SGP,848490
2554397,136,192,9253,2001,0.0,2563.0,-1.247531,-0.637093,MDG,SGP,848490
2554398,137,192,9253,2001,0.0,2690.0,-0.980734,-0.9785659999999999,MDV,SGP,848490
2554399,138,192,9253,2001,12143.0,0.0,0.797058,0.713234,MEX,SGP,848490
2554400,143,192,9253,2001,0.0,1055.0,-1.5627,-1.150854,MMR,SGP,848490
2554401,151,192,9253,2001,0.0,2012.0,-0.410422,-0.5868369999999999,MUS,SGP,848490
2554402,153,192,9253,2001,851016.0,633522.0,0.768174,0.307033,MYS,SGP,848490
2554403,156,192,9253,2001,0.0,1472.0,-0.837087,-0.9207040000000001,NCL,SGP,848490
2554404,157,192,9253,2001,0.0,715.0,-0.22368600000000002,-0.464156,NER,SGP,848490
2554405,162,192,9253,2001,388679.0,67469.0,1.315685,1.590935,NLD,SGP,848490
2554406,163,192,9253,2001,86735.0,13257.0,0.974814,0.06512000000000001,NOR,SGP,848490
2554407,166,192,9253,2001,1034.0,36496.0,0.521409,0.683134,NZL,SGP,848490
2554408,167,192,9253,2001,0.0,2792.0,-0.909329,-1.189698,OMN,SGP,848490
2554409,168,192,9253,2001,0.0,40595.0,-0.8376520000000001,-0.378743,PAK,SGP,848490
2554410,174,192,9253,2001,168250.0,80840.0,-0.028201,-0.112349,PHL,SGP,848490
2554411,176,192,9253,2001,0.0,110619.0,-1.503929,-1.199463,PNG,SGP,848490
2554412,186,192,9253,2001,1663.0,2736.0,0.945816,0.35027600000000003,RUS,SGP,848490
2554413,188,192,9253,2001,0.0,23928.0,0.5370550000000001,-0.793469,SAU,SGP,848490
2554414,208,192,9253,2001,83044.0,5465.0,2.156845,0.784439,SWE,SGP,848490
2554415,211,192,9253,2001,0.0,6212.0,0.065059,-0.7806489999999999,SYC,SGP,848490
2554416,216,192,9253,2001,276774.0,283181.0,0.37555900000000003,1.498267,THA,SGP,848490
2554417,222,192,9253,2001,0.0,1231.0,0.178256,-0.709126,TTO,SGP,848490
2554418,224,192,9253,2001,4021.0,2699.0,0.188773,1.91451,TUR,SGP,848490
2554419,226,192,9253,2001,0.0,855.0,-1.193991,-0.49282200000000004,TZA,SGP,848490
2554420,231,192,9253,2001,1749192.0,235604.0,1.873674,0.168468,USA,SGP,848490
2554421,239,192,9253,2001,4361.0,169771.0,-0.6692130000000001,0.610992,VNM,SGP,848490
2554422,246,192,9253,2001,0.0,6575.0,0.356842,2.006155,ZAF,SGP,848490
2554423,249,192,9253,2001,1843808.0,416068.0,1.5731700000000002,1.353159,TWN,SGP,848490
2554424,8,197,9253,2001,3647.0,0.0,0.287698,0.547137,ARG,SLV,848490
2554425,15,197,9253,2001,1391.0,0.0,1.8571650000000002,0.603191,AUT,SLV,848490
2554426,18,197,9253,2001,2095.0,0.0,1.4328370000000001,1.408495,BEL,SLV,848490
2554427,32,197,9253,2001,35930.0,0.0,0.672496,1.051848,BRA,SLV,848490
2554428,41,197,9253,2001,6224.0,0.0,2.227246,0.553956,CHE,SLV,848490
2554429,49,197,9253,2001,875.0,0.0,0.30412,0.395913,COL,SLV,848490
2554430,61,197,9253,2001,23523.0,0.0,2.321375,-2.1110990000000003,DEU,SLV,848490
2554431,71,197,9253,2001,85613.0,0.0,1.079664,1.9842220000000002,ESP,SLV,848490
2554432,74,197,9253,2001,1057.0,0.0,2.069141,0.9375180000000001,FIN,SLV,848490
2554433,77,197,9253,2001,2610.0,0.0,1.653507,0.797582,FRA,SLV,848490
2554434,81,197,9253,2001,6319.0,0.0,1.976894,0.685435,GBR,SLV,848490
2554435,111,197,9253,2001,7301.0,0.0,1.389926,1.282143,ITA,SLV,848490
2554436,114,197,9253,2001,25100.0,0.0,2.585857,0.522663,JPN,SLV,848490
2554437,121,197,9253,2001,11223.0,0.0,1.145797,1.0762399999999999,KOR,SLV,848490
2554438,138,197,9253,2001,13595.0,0.0,0.797058,0.713234,MEX,SLV,848490
2554439,160,197,9253,2001,0.0,7048.0,-0.8917430000000001,-0.713179,NIC,SLV,848490
2554440,169,197,9253,2001,52768.0,2119.0,0.17588199999999998,0.422505,PAN,SLV,848490
2554441,173,197,9253,2001,14602.0,0.0,-0.345519,0.202623,PER,SLV,848490
2554442,208,197,9253,2001,15623.0,0.0,2.156845,0.784439,SWE,SLV,848490
2554443,231,197,9253,2001,20293.0,0.0,1.873674,0.168468,USA,SLV,848490
2554444,236,197,9253,2001,9958.0,0.0,0.261158,-0.7397,VEN,SLV,848490
2554445,249,197,9253,2001,50451.0,0.0,1.5731700000000002,1.353159,TWN,SLV,848490
2554446,61,205,9253,2001,1801.0,0.0,2.321375,-2.1110990000000003,DEU,SUR,848490
2554447,162,205,9253,2001,17537.0,0.0,1.315685,1.590935,NLD,SUR,848490
2554448,231,205,9253,2001,8965.0,0.0,1.873674,0.168468,USA,SUR,848490
2554449,249,205,9253,2001,5833.0,0.0,1.5731700000000002,1.353159,TWN,SUR,848490
2554450,4,208,9253,2001,0.0,2104.0,-0.054125,0.104298,ALB,SWE,848490
2554451,7,208,9253,2001,0.0,150976.0,-0.193984,-0.457124,ARE,SWE,848490
2554452,8,208,9253,2001,0.0,5435.0,0.287698,0.547137,ARG,SWE,848490
2554453,14,208,9253,2001,0.0,149583.0,0.29463,0.772375,AUS,SWE,848490
2554454,15,208,9253,2001,63367.0,101529.0,1.8571650000000002,0.603191,AUT,SWE,848490
2554455,18,208,9253,2001,735727.0,1474408.0,1.4328370000000001,1.408495,BEL,SWE,848490
2554456,19,208,9253,2001,0.0,1117.0,-1.09233,-0.8276969999999999,BEN,SWE,848490
2554457,23,208,9253,2001,2860.0,1857.0,0.41425100000000004,1.639866,BGR,SWE,848490
2554458,24,208,9253,2001,0.0,3827.0,-0.11008399999999999,-1.053611,BHR,SWE,848490
2554459,28,208,9253,2001,0.0,734.0,0.804404,0.936773,BLR,SWE,848490
2554460,31,208,9253,2001,0.0,12044.0,-0.680108,-0.678143,BOL,SWE,848490
2554461,32,208,9253,2001,6194.0,134921.0,0.672496,1.051848,BRA,SWE,848490
2554462,39,208,9253,2001,40313.0,105819.0,0.971827,1.105171,CAN,SWE,848490
2554463,41,208,9253,2001,59390.0,80921.0,2.227246,0.553956,CHE,SWE,848490
2554464,42,208,9253,2001,0.0,9706.0,-0.004658,-0.002548,CHL,SWE,848490
2554465,43,208,9253,2001,6130.0,53580.0,0.525171,3.092963,CHN,SWE,848490
2554466,44,208,9253,2001,0.0,3387.0,-0.715949,-0.524428,CIV,SWE,848490
2554467,45,208,9253,2001,0.0,4674.0,-1.6254879999999998,-1.212513,CMR,SWE,848490
2554468,49,208,9253,2001,0.0,4521.0,0.30412,0.395913,COL,SWE,848490
2554469,52,208,9253,2001,0.0,14913.0,0.069458,-0.042793,CRI,SWE,848490
2554470,54,208,9253,2001,0.0,15914.0,-0.443391,-0.9599030000000001,CUB,SWE,848490
2554471,58,208,9253,2001,0.0,9956.0,0.381251,0.257802,CYP,SWE,848490
2554472,59,208,9253,2001,21961.0,4592.0,1.485703,1.109305,CZE,SWE,848490
2554473,61,208,9253,2001,2006500.0,414886.0,2.321375,-2.1110990000000003,DEU,SWE,848490
2554474,64,208,9253,2001,662115.0,545759.0,1.261883,1.351875,DNK,SWE,848490
2554475,65,208,9253,2001,0.0,1461.0,-0.538419,-0.48773900000000003,DOM,SWE,848490
2554476,66,208,9253,2001,0.0,27062.0,-0.663363,-1.158295,DZA,SWE,848490
2554477,67,208,9253,2001,0.0,15981.0,-0.852642,-0.896374,ECU,SWE,848490
2554478,68,208,9253,2001,0.0,12427.0,-0.373576,0.366385,EGY,SWE,848490
2554479,69,208,9253,2001,0.0,3333.0,0.617376,-0.33233,ERI,SWE,848490
2554480,71,208,9253,2001,116319.0,173618.0,1.079664,1.9842220000000002,ESP,SWE,848490
2554481,72,208,9253,2001,0.0,39906.0,0.5746829999999999,0.9073899999999999,EST,SWE,848490
2554482,73,208,9253,2001,0.0,5664.0,-0.999149,-0.904072,ETH,SWE,848490
2554483,74,208,9253,2001,198507.0,819456.0,2.069141,0.9375180000000001,FIN,SWE,848490
2554484,77,208,9253,2001,299693.0,254891.0,1.653507,0.797582,FRA,SWE,848490
2554485,78,208,9253,2001,0.0,513.0,-1.004972,-0.9456030000000001,FRO,SWE,848490
2554486,80,208,9253,2001,0.0,661.0,-1.063007,-1.181284,GAB,SWE,848490
2554487,81,208,9253,2001,824112.0,696213.0,1.976894,0.685435,GBR,SWE,848490
2554488,83,208,9253,2001,0.0,10763.0,-0.961067,-0.780449,GHA,SWE,848490
2554489,90,208,9253,2001,0.0,42641.0,0.31387600000000004,1.3614600000000001,GRC,SWE,848490
2554490,93,208,9253,2001,0.0,26002.0,-0.5089520000000001,0.216677,GTM,SWE,848490
2554491,97,208,9253,2001,5475.0,139000.0,0.521528,2.3025,HKG,SWE,848490
2554492,100,208,9253,2001,0.0,28995.0,0.544596,0.969535,HRV,SWE,848490
2554493,102,208,9253,2001,950.0,50950.0,1.102262,1.138016,HUN,SWE,848490
2554494,103,208,9253,2001,0.0,6857.0,-0.167771,1.6587889999999998,IDN,SWE,848490
2554495,104,208,9253,2001,6718.0,3924.0,0.349744,2.665844,IND,SWE,848490
2554496,106,208,9253,2001,0.0,17089.0,1.664233,0.129983,IRL,SWE,848490
2554497,107,208,9253,2001,0.0,2517.0,-0.7732479999999999,-0.8979370000000001,IRN,SWE,848490
2554498,108,208,9253,2001,0.0,78433.0,-1.115465,-0.883028,IRQ,SWE,848490
2554499,109,208,9253,2001,0.0,21993.0,0.032382999999999995,-0.51054,ISL,SWE,848490
2554500,110,208,9253,2001,13010.0,21652.0,1.374873,0.775594,ISR,SWE,848490
2554501,111,208,9253,2001,842143.0,251774.0,1.389926,1.282143,ITA,SWE,848490
2554502,112,208,9253,2001,0.0,3452.0,-0.541582,-0.837248,JAM,SWE,848490
2554503,113,208,9253,2001,0.0,5167.0,0.375134,0.581558,JOR,SWE,848490
2554504,114,208,9253,2001,43168.0,92021.0,2.585857,0.522663,JPN,SWE,848490
2554505,116,208,9253,2001,0.0,1154.0,-0.529388,0.092271,KEN,SWE,848490
2554506,121,208,9253,2001,400992.0,178190.0,1.145797,1.0762399999999999,KOR,SWE,848490
2554507,122,208,9253,2001,0.0,2371.0,-0.8197,-1.183758,KWT,SWE,848490
2554508,124,208,9253,2001,0.0,44906.0,0.165355,0.988008,LBN,SWE,848490
2554509,126,208,9253,2001,0.0,3006.0,-0.9321459999999999,-1.198124,LBY,SWE,848490
2554510,130,208,9253,2001,0.0,11739.0,0.15706900000000001,0.416663,LTU,SWE,848490
2554511,131,208,9253,2001,0.0,3758.0,1.470895,1.149007,LUX,SWE,848490
2554512,132,208,9253,2001,0.0,19017.0,0.404136,0.461009,LVA,SWE,848490
2554513,133,208,9253,2001,0.0,1707.0,-0.608406,-0.521662,MAC,SWE,848490
2554514,134,208,9253,2001,0.0,19109.0,-0.75275,-0.280397,MAR,SWE,848490
2554515,136,208,9253,2001,0.0,3171.0,-1.247531,-0.637093,MDG,SWE,848490
2554516,138,208,9253,2001,1573.0,11395.0,0.797058,0.713234,MEX,SWE,848490
2554517,140,208,9253,2001,0.0,7443.0,0.033097,0.43516499999999997,MKD,SWE,848490
2554518,142,208,9253,2001,0.0,4543.0,1.065032,-0.065239,MLT,SWE,848490
2554519,147,208,9253,2001,0.0,2540.0,-1.2364879999999998,-1.136715,MOZ,SWE,848490
2554520,151,208,9253,2001,0.0,6006.0,-0.410422,-0.5868369999999999,MUS,SWE,848490
2554521,153,208,9253,2001,7424.0,32643.0,0.768174,0.307033,MYS,SWE,848490
2554522,155,208,9253,2001,0.0,1842.0,-0.625912,-0.854247,NAM,SWE,848490
2554523,156,208,9253,2001,0.0,4877.0,-0.837087,-0.9207040000000001,NCL,SWE,848490
2554524,159,208,9253,2001,0.0,7296.0,-1.966439,-1.2724520000000001,NGA,SWE,848490
2554525,160,208,9253,2001,0.0,1430.0,-0.8917430000000001,-0.713179,NIC,SWE,848490
2554526,162,208,9253,2001,74613.0,220190.0,1.315685,1.590935,NLD,SWE,848490
2554527,163,208,9253,2001,150828.0,511034.0,0.974814,0.06512000000000001,NOR,SWE,848490
2554528,166,208,9253,2001,0.0,21571.0,0.521409,0.683134,NZL,SWE,848490
2554529,167,208,9253,2001,0.0,8568.0,-0.909329,-1.189698,OMN,SWE,848490
2554530,169,208,9253,2001,0.0,2744.0,0.17588199999999998,0.422505,PAN,SWE,848490
2554531,173,208,9253,2001,0.0,111982.0,-0.345519,0.202623,PER,SWE,848490
2554532,174,208,9253,2001,0.0,6150.0,-0.028201,-0.112349,PHL,SWE,848490
2554533,177,208,9253,2001,0.0,88969.0,0.9474540000000001,1.8408220000000002,POL,SWE,848490
2554534,179,208,9253,2001,0.0,52849.0,0.482048,1.662123,PRT,SWE,848490
2554535,180,208,9253,2001,0.0,4131.0,-0.68893,-0.9326690000000001,PRY,SWE,848490
2554536,182,208,9253,2001,0.0,2638.0,-0.005456,-0.7210770000000001,PYF,SWE,848490
2554537,183,208,9253,2001,0.0,3635.0,-0.46564799999999995,-1.127634,QAT,SWE,848490
2554538,185,208,9253,2001,0.0,1753.0,0.326733,1.005332,ROU,SWE,848490
2554539,186,208,9253,2001,0.0,64875.0,0.945816,0.35027600000000003,RUS,SWE,848490
2554540,188,208,9253,2001,0.0,35144.0,0.5370550000000001,-0.793469,SAU,SWE,848490
2554541,189,208,9253,2001,0.0,10883.0,0.45280200000000004,2.469852,SCG,SWE,848490
2554542,192,208,9253,2001,5465.0,83044.0,1.364239,0.721074,SGP,SWE,848490
2554543,196,208,9253,2001,0.0,1460.0,0.331949,0.186253,SLE,SWE,848490
2554544,197,208,9253,2001,0.0,15623.0,-0.181554,-0.031294,SLV,SWE,848490
2554545,206,208,9253,2001,55721.0,12228.0,1.1732770000000001,1.088576,SVK,SWE,848490
2554546,207,208,9253,2001,13720.0,21554.0,1.5074370000000001,1.1370040000000001,SVN,SWE,848490
2554547,212,208,9253,2001,0.0,3338.0,-1.057217,-0.716331,SYR,SWE,848490
2554548,215,208,9253,2001,0.0,522.0,-0.758725,-0.577004,TGO,SWE,848490
2554549,216,208,9253,2001,2731.0,35072.0,0.37555900000000003,1.498267,THA,SWE,848490
2554550,222,208,9253,2001,0.0,1284.0,0.178256,-0.709126,TTO,SWE,848490
2554551,223,208,9253,2001,0.0,59773.0,-0.162152,0.23939699999999997,TUN,SWE,848490
2554552,224,208,9253,2001,1834.0,619631.0,0.188773,1.91451,TUR,SWE,848490
2554553,225,208,9253,2001,0.0,18950.0,-0.12332699999999999,-0.172416,TUV,SWE,848490
2554554,226,208,9253,2001,0.0,2542.0,-1.193991,-0.49282200000000004,TZA,SWE,848490
2554555,228,208,9253,2001,0.0,12622.0,0.8376969999999999,0.989059,UKR,SWE,848490
2554556,230,208,9253,2001,0.0,916.0,0.36029,0.298869,URY,SWE,848490
2554557,231,208,9253,2001,274844.0,1206255.0,1.873674,0.168468,USA,SWE,848490
2554558,236,208,9253,2001,0.0,2636.0,0.261158,-0.7397,VEN,SWE,848490
2554559,239,208,9253,2001,0.0,3048.0,-0.6692130000000001,0.610992,VNM,SWE,848490
2554560,243,208,9253,2001,0.0,2815.0,-1.465154,-1.261615,YEM,SWE,848490
2554561,246,208,9253,2001,0.0,59530.0,0.356842,2.006155,ZAF,SWE,848490
2554562,248,208,9253,2001,0.0,5561.0,-0.6321829999999999,-0.453671,ZWE,SWE,848490
2554563,249,208,9253,2001,30616.0,82201.0,1.5731700000000002,1.353159,TWN,SWE,848490
2554564,7,216,9253,2001,0.0,64815.0,-0.193984,-0.457124,ARE,THA,848490
2554565,14,216,9253,2001,29273.0,0.0,0.29463,0.772375,AUS,THA,848490
2554566,15,216,9253,2001,111047.0,2868.0,1.8571650000000002,0.603191,AUT,THA,848490
2554567,18,216,9253,2001,17754.0,0.0,1.4328370000000001,1.408495,BEL,THA,848490
2554568,32,216,9253,2001,1332.0,6974.0,0.672496,1.051848,BRA,THA,848490
2554569,39,216,9253,2001,15645.0,0.0,0.971827,1.105171,CAN,THA,848490
2554570,41,216,9253,2001,52823.0,0.0,2.227246,0.553956,CHE,THA,848490
2554571,43,216,9253,2001,646868.0,1529.0,0.525171,3.092963,CHN,THA,848490
2554572,59,216,9253,2001,4287.0,0.0,1.485703,1.109305,CZE,THA,848490
2554573,61,216,9253,2001,815189.0,107616.0,2.321375,-2.1110990000000003,DEU,THA,848490
2554574,64,216,9253,2001,5403.0,3609.0,1.261883,1.351875,DNK,THA,848490
2554575,66,216,9253,2001,0.0,4717.0,-0.663363,-1.158295,DZA,THA,848490
2554576,68,216,9253,2001,0.0,15255.0,-0.373576,0.366385,EGY,THA,848490
2554577,71,216,9253,2001,25417.0,10347.0,1.079664,1.9842220000000002,ESP,THA,848490
2554578,74,216,9253,2001,16232.0,0.0,2.069141,0.9375180000000001,FIN,THA,848490
2554579,77,216,9253,2001,120548.0,0.0,1.653507,0.797582,FRA,THA,848490
2554580,81,216,9253,2001,88264.0,1404.0,1.976894,0.685435,GBR,THA,848490
2554581,90,216,9253,2001,0.0,5845.0,0.31387600000000004,1.3614600000000001,GRC,THA,848490
2554582,97,216,9253,2001,34586.0,120239.0,0.521528,2.3025,HKG,THA,848490
2554583,103,216,9253,2001,189004.0,74866.0,-0.167771,1.6587889999999998,IDN,THA,848490
2554584,104,216,9253,2001,6380.0,1730.0,0.349744,2.665844,IND,THA,848490
2554585,106,216,9253,2001,0.0,978.0,1.664233,0.129983,IRL,THA,848490
2554586,110,216,9253,2001,798.0,57123.0,1.374873,0.775594,ISR,THA,848490
2554587,111,216,9253,2001,119936.0,2904.0,1.389926,1.282143,ITA,THA,848490
2554588,113,216,9253,2001,0.0,1682.0,0.375134,0.581558,JOR,THA,848490
2554589,114,216,9253,2001,1522411.0,502457.0,2.585857,0.522663,JPN,THA,848490
2554590,116,216,9253,2001,0.0,27814.0,-0.529388,0.092271,KEN,THA,848490
2554591,121,216,9253,2001,19801.0,0.0,1.145797,1.0762399999999999,KOR,THA,848490
2554592,123,216,9253,2001,0.0,3023.0,-1.298653,-1.164605,LAO,THA,848490
2554593,128,216,9253,2001,0.0,16905.0,-0.722434,-0.033818,LKA,THA,848490
2554594,143,216,9253,2001,0.0,12590.0,-1.5627,-1.150854,MMR,THA,848490
2554595,153,216,9253,2001,36903.0,1072541.0,0.768174,0.307033,MYS,THA,848490
2554596,162,216,9253,2001,6149.0,0.0,1.315685,1.590935,NLD,THA,848490
2554597,163,216,9253,2001,697.0,0.0,0.974814,0.06512000000000001,NOR,THA,848490
2554598,166,216,9253,2001,6709.0,0.0,0.521409,0.683134,NZL,THA,848490
2554599,168,216,9253,2001,0.0,93070.0,-0.8376520000000001,-0.378743,PAK,THA,848490
2554600,173,216,9253,2001,0.0,4570.0,-0.345519,0.202623,PER,THA,848490
2554601,174,216,9253,2001,0.0,12210.0,-0.028201,-0.112349,PHL,THA,848490
2554602,177,216,9253,2001,8110.0,0.0,0.9474540000000001,1.8408220000000002,POL,THA,848490
2554603,180,216,9253,2001,0.0,4653.0,-0.68893,-0.9326690000000001,PRY,THA,848490
2554604,188,216,9253,2001,0.0,14217.0,0.5370550000000001,-0.793469,SAU,THA,848490
2554605,190,216,9253,2001,0.0,11561.0,-1.6325180000000001,-1.263267,SDN,THA,848490
2554606,192,216,9253,2001,283181.0,276774.0,1.364239,0.721074,SGP,THA,848490
2554607,208,216,9253,2001,35072.0,2731.0,2.156845,0.784439,SWE,THA,848490
2554608,224,216,9253,2001,9006.0,1977.0,0.188773,1.91451,TUR,THA,848490
2554609,226,216,9253,2001,0.0,939.0,-1.193991,-0.49282200000000004,TZA,THA,848490
2554610,228,216,9253,2001,2641.0,0.0,0.8376969999999999,0.989059,UKR,THA,848490
2554611,231,216,9253,2001,124957.0,91962.0,1.873674,0.168468,USA,THA,848490
2554612,236,216,9253,2001,0.0,7207.0,0.261158,-0.7397,VEN,THA,848490
2554613,239,216,9253,2001,0.0,10845.0,-0.6692130000000001,0.610992,VNM,THA,848490
2554614,243,216,9253,2001,0.0,21544.0,-1.465154,-1.261615,YEM,THA,848490
2554615,246,216,9253,2001,4561.0,1240.0,0.356842,2.006155,ZAF,THA,848490
2554616,249,216,9253,2001,310667.0,114346.0,1.5731700000000002,1.353159,TWN,THA,848490
2554617,15,222,9253,2001,1100.0,0.0,1.8571650000000002,0.603191,AUT,TTO,848490
2554618,18,222,9253,2001,0.0,1436.0,1.4328370000000001,1.408495,BEL,TTO,848490
2554619,32,222,9253,2001,762.0,0.0,0.672496,1.051848,BRA,TTO,848490
2554620,39,222,9253,2001,7504.0,0.0,0.971827,1.105171,CAN,TTO,848490
2554621,41,222,9253,2001,3075.0,0.0,2.227246,0.553956,CHE,TTO,848490
2554622,61,222,9253,2001,23598.0,0.0,2.321375,-2.1110990000000003,DEU,TTO,848490
2554623,71,222,9253,2001,258.0,0.0,1.079664,1.9842220000000002,ESP,TTO,848490
2554624,74,222,9253,2001,10732.0,0.0,2.069141,0.9375180000000001,FIN,TTO,848490
2554625,77,222,9253,2001,3030.0,0.0,1.653507,0.797582,FRA,TTO,848490
2554626,81,222,9253,2001,5525.0,0.0,1.976894,0.685435,GBR,TTO,848490
2554627,91,222,9253,2001,0.0,1183.0,-0.007888,-0.518167,GRD,TTO,848490
2554628,111,222,9253,2001,1442.0,0.0,1.389926,1.282143,ITA,TTO,848490
2554629,114,222,9253,2001,58615.0,0.0,2.585857,0.522663,JPN,TTO,848490
2554630,121,222,9253,2001,8502.0,0.0,1.145797,1.0762399999999999,KOR,TTO,848490
2554631,138,222,9253,2001,2427.0,0.0,0.797058,0.713234,MEX,TTO,848490
2554632,162,222,9253,2001,1378.0,0.0,1.315685,1.590935,NLD,TTO,848490
2554633,179,222,9253,2001,760.0,0.0,0.482048,1.662123,PRT,TTO,848490
2554634,192,222,9253,2001,1231.0,0.0,1.364239,0.721074,SGP,TTO,848490
2554635,208,222,9253,2001,1284.0,0.0,2.156845,0.784439,SWE,TTO,848490
2554636,231,222,9253,2001,50702.0,29142.0,1.873674,0.168468,USA,TTO,848490
2554637,249,222,9253,2001,34443.0,0.0,1.5731700000000002,1.353159,TWN,TTO,848490
2554638,250,222,9253,2001,2224.0,0.0,1.096023,-0.33562600000000004,ANS,TTO,848490
2554639,7,224,9253,2001,8962.0,49937.0,-0.193984,-0.457124,ARE,TUR,848490
2554640,8,224,9253,2001,0.0,2304.0,0.287698,0.547137,ARG,TUR,848490
2554641,14,224,9253,2001,1429.0,4230.0,0.29463,0.772375,AUS,TUR,848490
2554642,15,224,9253,2001,13530.0,2280.0,1.8571650000000002,0.603191,AUT,TUR,848490
2554643,16,224,9253,2001,0.0,1528.0,-0.6731090000000001,-1.037922,AZE,TUR,848490
2554644,18,224,9253,2001,102260.0,2805.0,1.4328370000000001,1.408495,BEL,TUR,848490
2554645,23,224,9253,2001,0.0,12646.0,0.41425100000000004,1.639866,BGR,TUR,848490
2554646,26,224,9253,2001,0.0,2629.0,0.238083,0.362643,BIH,TUR,848490
2554647,31,224,9253,2001,0.0,1638.0,-0.680108,-0.678143,BOL,TUR,848490
2554648,32,224,9253,2001,2547.0,0.0,0.672496,1.051848,BRA,TUR,848490
2554649,39,224,9253,2001,14684.0,2361.0,0.971827,1.105171,CAN,TUR,848490
2554650,41,224,9253,2001,3519.0,7724.0,2.227246,0.553956,CHE,TUR,848490
2554651,42,224,9253,2001,0.0,7336.0,-0.004658,-0.002548,CHL,TUR,848490
2554652,43,224,9253,2001,12291.0,0.0,0.525171,3.092963,CHN,TUR,848490
2554653,44,224,9253,2001,0.0,6303.0,-0.715949,-0.524428,CIV,TUR,848490
2554654,49,224,9253,2001,0.0,2906.0,0.30412,0.395913,COL,TUR,848490
2554655,58,224,9253,2001,0.0,6540.0,0.381251,0.257802,CYP,TUR,848490
2554656,59,224,9253,2001,1150.0,1070.0,1.485703,1.109305,CZE,TUR,848490
2554657,61,224,9253,2001,1421620.0,43943.0,2.321375,-2.1110990000000003,DEU,TUR,848490
2554658,64,224,9253,2001,1753.0,0.0,1.261883,1.351875,DNK,TUR,848490
2554659,66,224,9253,2001,0.0,51802.0,-0.663363,-1.158295,DZA,TUR,848490
2554660,68,224,9253,2001,0.0,95285.0,-0.373576,0.366385,EGY,TUR,848490
2554661,71,224,9253,2001,13702.0,54093.0,1.079664,1.9842220000000002,ESP,TUR,848490
2554662,73,224,9253,2001,0.0,22717.0,-0.999149,-0.904072,ETH,TUR,848490
2554663,74,224,9253,2001,7975.0,14368.0,2.069141,0.9375180000000001,FIN,TUR,848490
2554664,77,224,9253,2001,103148.0,13808.0,1.653507,0.797582,FRA,TUR,848490
2554665,81,224,9253,2001,112147.0,7997.0,1.976894,0.685435,GBR,TUR,848490
2554666,90,224,9253,2001,1009.0,12109.0,0.31387600000000004,1.3614600000000001,GRC,TUR,848490
2554667,93,224,9253,2001,0.0,5354.0,-0.5089520000000001,0.216677,GTM,TUR,848490
2554668,97,224,9253,2001,2825.0,0.0,0.521528,2.3025,HKG,TUR,848490
2554669,100,224,9253,2001,0.0,6324.0,0.544596,0.969535,HRV,TUR,848490
2554670,102,224,9253,2001,785.0,2643.0,1.102262,1.138016,HUN,TUR,848490
2554671,104,224,9253,2001,23562.0,0.0,0.349744,2.665844,IND,TUR,848490
2554672,106,224,9253,2001,7089.0,4811.0,1.664233,0.129983,IRL,TUR,848490
2554673,107,224,9253,2001,0.0,53591.0,-0.7732479999999999,-0.8979370000000001,IRN,TUR,848490
2554674,110,224,9253,2001,0.0,14650.0,1.374873,0.775594,ISR,TUR,848490
2554675,111,224,9253,2001,415340.0,87150.0,1.389926,1.282143,ITA,TUR,848490
2554676,113,224,9253,2001,0.0,7308.0,0.375134,0.581558,JOR,TUR,848490
2554677,114,224,9253,2001,134374.0,5346.0,2.585857,0.522663,JPN,TUR,848490
2554678,115,224,9253,2001,769.0,4370.0,0.009714,-0.525899,KAZ,TUR,848490
2554679,121,224,9253,2001,70456.0,0.0,1.145797,1.0762399999999999,KOR,TUR,848490
2554680,122,224,9253,2001,0.0,1709.0,-0.8197,-1.183758,KWT,TUR,848490
2554681,124,224,9253,2001,0.0,25121.0,0.165355,0.988008,LBN,TUR,848490
2554682,126,224,9253,2001,0.0,14352.0,-0.9321459999999999,-1.198124,LBY,TUR,848490
2554683,128,224,9253,2001,0.0,1084.0,-0.722434,-0.033818,LKA,TUR,848490
2554684,130,224,9253,2001,0.0,4706.0,0.15706900000000001,0.416663,LTU,TUR,848490
2554685,134,224,9253,2001,0.0,16604.0,-0.75275,-0.280397,MAR,TUR,848490
2554686,136,224,9253,2001,0.0,1369.0,-1.247531,-0.637093,MDG,TUR,848490
2554687,138,224,9253,2001,0.0,1220.0,0.797058,0.713234,MEX,TUR,848490
2554688,140,224,9253,2001,0.0,2436.0,0.033097,0.43516499999999997,MKD,TUR,848490
2554689,141,224,9253,2001,0.0,3062.0,-0.40341,-0.626402,MLI,TUR,848490
2554690,153,224,9253,2001,0.0,5459.0,0.768174,0.307033,MYS,TUR,848490
2554691,159,224,9253,2001,0.0,17806.0,-1.966439,-1.2724520000000001,NGA,TUR,848490
2554692,160,224,9253,2001,0.0,882.0,-0.8917430000000001,-0.713179,NIC,TUR,848490
2554693,162,224,9253,2001,41418.0,1898.0,1.315685,1.590935,NLD,TUR,848490
2554694,163,224,9253,2001,11440.0,3424.0,0.974814,0.06512000000000001,NOR,TUR,848490
2554695,168,224,9253,2001,0.0,3059.0,-0.8376520000000001,-0.378743,PAK,TUR,848490
2554696,173,224,9253,2001,0.0,760.0,-0.345519,0.202623,PER,TUR,848490
2554697,177,224,9253,2001,5683.0,0.0,0.9474540000000001,1.8408220000000002,POL,TUR,848490
2554698,185,224,9253,2001,0.0,18931.0,0.326733,1.005332,ROU,TUR,848490
2554699,186,224,9253,2001,2577.0,1893.0,0.945816,0.35027600000000003,RUS,TUR,848490
2554700,188,224,9253,2001,0.0,38175.0,0.5370550000000001,-0.793469,SAU,TUR,848490
2554701,189,224,9253,2001,0.0,2256.0,0.45280200000000004,2.469852,SCG,TUR,848490
2554702,190,224,9253,2001,0.0,82986.0,-1.6325180000000001,-1.263267,SDN,TUR,848490
2554703,191,224,9253,2001,0.0,3104.0,-0.437779,-0.436654,SEN,TUR,848490
2554704,192,224,9253,2001,2699.0,4021.0,1.364239,0.721074,SGP,TUR,848490
2554705,208,224,9253,2001,619631.0,1834.0,2.156845,0.784439,SWE,TUR,848490
2554706,212,224,9253,2001,0.0,3392.0,-1.057217,-0.716331,SYR,TUR,848490
2554707,216,224,9253,2001,1977.0,9006.0,0.37555900000000003,1.498267,THA,TUR,848490
2554708,219,224,9253,2001,0.0,5991.0,-1.24627,-1.2760209999999998,TKM,TUR,848490
2554709,223,224,9253,2001,0.0,43547.0,-0.162152,0.23939699999999997,TUN,TUR,848490
2554710,229,224,9253,2001,30059.0,0.0,-0.13935799999999998,-0.421795,UMI,TUR,848490
2554711,230,224,9253,2001,0.0,2063.0,0.36029,0.298869,URY,TUR,848490
2554712,231,224,9253,2001,12968.0,30239.0,1.873674,0.168468,USA,TUR,848490
2554713,232,224,9253,2001,0.0,10047.0,-0.395913,-0.6454449999999999,UZB,TUR,848490
2554714,236,224,9253,2001,0.0,3278.0,0.261158,-0.7397,VEN,TUR,848490
2554715,243,224,9253,2001,0.0,11205.0,-1.465154,-1.261615,YEM,TUR,848490
2554716,246,224,9253,2001,1103.0,46066.0,0.356842,2.006155,ZAF,TUR,848490
2554717,249,224,9253,2001,119439.0,0.0,1.5731700000000002,1.353159,TWN,TUR,848490
2554718,250,224,9253,2001,0.0,33591.0,1.096023,-0.33562600000000004,ANS,TUR,848490
2554719,6,231,9253,2001,0.0,3841.0,0.260662,-0.66681,ANT,USA,848490
2554720,7,231,9253,2001,263485.0,274186.0,-0.193984,-0.457124,ARE,USA,848490
2554721,8,231,9253,2001,21145.0,530324.0,0.287698,0.547137,ARG,USA,848490
2554722,13,231,9253,2001,0.0,3200.0,-0.036838,-0.6593600000000001,ATG,USA,848490
2554723,14,231,9253,2001,346309.0,1808348.0,0.29463,0.772375,AUS,USA,848490
2554724,15,231,9253,2001,191815.0,79007.0,1.8571650000000002,0.603191,AUT,USA,848490
2554725,18,231,9253,2001,283451.0,1100561.0,1.4328370000000001,1.408495,BEL,USA,848490
2554726,19,231,9253,2001,0.0,824.0,-1.09233,-0.8276969999999999,BEN,USA,848490
2554727,21,231,9253,2001,0.0,7123.0,-0.291485,-0.20803000000000002,BFA,USA,848490
2554728,22,231,9253,2001,0.0,121064.0,-1.0406739999999999,-1.010108,BGD,USA,848490
2554729,23,231,9253,2001,0.0,14598.0,0.41425100000000004,1.639866,BGR,USA,848490
2554730,24,231,9253,2001,0.0,9189.0,-0.11008399999999999,-1.053611,BHR,USA,848490
2554731,25,231,9253,2001,102405.0,62401.0,0.803267,-0.071853,BHS,USA,848490
2554732,28,231,9253,2001,0.0,5802.0,0.804404,0.936773,BLR,USA,848490
2554733,29,231,9253,2001,0.0,2893.0,-0.297981,-0.695022,BLZ,USA,848490
2554734,31,231,9253,2001,0.0,41317.0,-0.680108,-0.678143,BOL,USA,848490
2554735,32,231,9253,2001,1311666.0,678255.0,0.672496,1.051848,BRA,USA,848490
2554736,33,231,9253,2001,0.0,8905.0,0.725546,0.172345,BRB,USA,848490
2554737,34,231,9253,2001,0.0,3234.0,-0.8654209999999999,-0.930599,BRN,USA,848490
2554738,37,231,9253,2001,0.0,2969.0,-0.42690100000000003,-1.081372,BWA,USA,848490
2554739,39,231,9253,2001,2033887.0,43610220.0,0.971827,1.105171,CAN,USA,848490
2554740,41,231,9253,2001,918978.0,1294068.0,2.227246,0.553956,CHE,USA,848490
2554741,42,231,9253,2001,5183.0,484126.0,-0.004658,-0.002548,CHL,USA,848490
2554742,43,231,9253,2001,659645.0,840337.0,0.525171,3.092963,CHN,USA,848490
2554743,44,231,9253,2001,0.0,44174.0,-0.715949,-0.524428,CIV,USA,848490
2554744,45,231,9253,2001,0.0,131314.0,-1.6254879999999998,-1.212513,CMR,USA,848490
2554745,47,231,9253,2001,0.0,9020.0,-1.482788,-1.172,COG,USA,848490
2554746,49,231,9253,2001,15306.0,1375290.0,0.30412,0.395913,COL,USA,848490
2554747,52,231,9253,2001,6795.0,98028.0,0.069458,-0.042793,CRI,USA,848490
2554748,58,231,9253,2001,0.0,2363.0,0.381251,0.257802,CYP,USA,848490
2554749,59,231,9253,2001,3503.0,4105.0,1.485703,1.109305,CZE,USA,848490
2554750,61,231,9253,2001,8175936.0,4208254.0,2.321375,-2.1110990000000003,DEU,USA,848490
2554751,63,231,9253,2001,0.0,6175.0,0.613251,0.226998,DMA,USA,848490
2554752,64,231,9253,2001,523024.0,26048.0,1.261883,1.351875,DNK,USA,848490
2554753,65,231,9253,2001,0.0,25442.0,-0.538419,-0.48773900000000003,DOM,USA,848490
2554754,66,231,9253,2001,49832.0,9929.0,-0.663363,-1.158295,DZA,USA,848490
2554755,67,231,9253,2001,0.0,112174.0,-0.852642,-0.896374,ECU,USA,848490
2554756,68,231,9253,2001,0.0,50243.0,-0.373576,0.366385,EGY,USA,848490
2554757,71,231,9253,2001,850516.0,302096.0,1.079664,1.9842220000000002,ESP,USA,848490
2554758,72,231,9253,2001,0.0,14560.0,0.5746829999999999,0.9073899999999999,EST,USA,848490
2554759,73,231,9253,2001,0.0,1283.0,-0.999149,-0.904072,ETH,USA,848490
2554760,74,231,9253,2001,221221.0,112044.0,2.069141,0.9375180000000001,FIN,USA,848490
2554761,77,231,9253,2001,2684820.0,2456110.0,1.653507,0.797582,FRA,USA,848490
2554762,80,231,9253,2001,0.0,150776.0,-1.063007,-1.181284,GAB,USA,848490
2554763,81,231,9253,2001,12226497.0,5043156.0,1.976894,0.685435,GBR,USA,848490
2554764,82,231,9253,2001,0.0,5970.0,0.585568,-0.047744999999999996,GEO,USA,848490
2554765,83,231,9253,2001,0.0,53786.0,-0.961067,-0.780449,GHA,USA,848490
2554766,90,231,9253,2001,0.0,17820.0,0.31387600000000004,1.3614600000000001,GRC,USA,848490
2554767,91,231,9253,2001,0.0,8741.0,-0.007888,-0.518167,GRD,USA,848490
2554768,93,231,9253,2001,0.0,447298.0,-0.5089520000000001,0.216677,GTM,USA,848490
2554769,96,231,9253,2001,0.0,20406.0,-0.955816,-0.8593069999999999,GUY,USA,848490
2554770,97,231,9253,2001,3736.0,2249092.0,0.521528,2.3025,HKG,USA,848490
2554771,99,231,9253,2001,0.0,94302.0,-0.8003060000000001,-0.602097,HND,USA,848490
2554772,100,231,9253,2001,0.0,37189.0,0.544596,0.969535,HRV,USA,848490
2554773,101,231,9253,2001,0.0,3500.0,-1.220515,-0.8502200000000001,HTI,USA,848490
2554774,102,231,9253,2001,259958.0,11227.0,1.102262,1.138016,HUN,USA,848490
2554775,103,231,9253,2001,1053716.0,103323.0,-0.167771,1.6587889999999998,IDN,USA,848490
2554776,104,231,9253,2001,721697.0,128277.0,0.349744,2.665844,IND,USA,848490
2554777,106,231,9253,2001,58261.0,95927.0,1.664233,0.129983,IRL,USA,848490
2554778,107,231,9253,2001,0.0,143161.0,-0.7732479999999999,-0.8979370000000001,IRN,USA,848490
2554779,108,231,9253,2001,0.0,11061.0,-1.115465,-0.883028,IRQ,USA,848490
2554780,109,231,9253,2001,0.0,10240.0,0.032382999999999995,-0.51054,ISL,USA,848490
2554781,110,231,9253,2001,26731.0,307829.0,1.374873,0.775594,ISR,USA,848490
2554782,111,231,9253,2001,2257375.0,741034.0,1.389926,1.282143,ITA,USA,848490
2554783,112,231,9253,2001,0.0,4650.0,-0.541582,-0.837248,JAM,USA,848490
2554784,113,231,9253,2001,0.0,168672.0,0.375134,0.581558,JOR,USA,848490
2554785,114,231,9253,2001,17095038.0,3268526.0,2.585857,0.522663,JPN,USA,848490
2554786,115,231,9253,2001,0.0,7933.0,0.009714,-0.525899,KAZ,USA,848490
2554787,116,231,9253,2001,0.0,36356.0,-0.529388,0.092271,KEN,USA,848490
2554788,118,231,9253,2001,0.0,7736.0,-1.231058,-1.154536,KHM,USA,848490
2554789,120,231,9253,2001,0.0,5154.0,0.612222,-0.440733,KNA,USA,848490
2554790,121,231,9253,2001,462375.0,840085.0,1.145797,1.0762399999999999,KOR,USA,848490
2554791,122,231,9253,2001,0.0,654584.0,-0.8197,-1.183758,KWT,USA,848490
2554792,124,231,9253,2001,0.0,65522.0,0.165355,0.988008,LBN,USA,848490
2554793,127,231,9253,2001,0.0,7477.0,0.004518,-0.5326770000000001,LCA,USA,848490
2554794,128,231,9253,2001,0.0,19283.0,-0.722434,-0.033818,LKA,USA,848490
2554795,130,231,9253,2001,0.0,4898.0,0.15706900000000001,0.416663,LTU,USA,848490
2554796,131,231,9253,2001,8636.0,3241.0,1.470895,1.149007,LUX,USA,848490
2554797,133,231,9253,2001,0.0,3604.0,-0.608406,-0.521662,MAC,USA,848490
2554798,134,231,9253,2001,0.0,50407.0,-0.75275,-0.280397,MAR,USA,848490
2554799,136,231,9253,2001,3975.0,5856.0,-1.247531,-0.637093,MDG,USA,848490
2554800,138,231,9253,2001,5719270.0,19543444.0,0.797058,0.713234,MEX,USA,848490
2554801,140,231,9253,2001,0.0,2102.0,0.033097,0.43516499999999997,MKD,USA,848490
2554802,141,231,9253,2001,0.0,32730.0,-0.40341,-0.626402,MLI,USA,848490
2554803,142,231,9253,2001,0.0,2292.0,1.065032,-0.065239,MLT,USA,848490
2554804,143,231,9253,2001,0.0,4255.0,-1.5627,-1.150854,MMR,USA,848490
2554805,145,231,9253,2001,0.0,13677.0,-0.691001,-0.9284180000000001,MNG,USA,848490
2554806,147,231,9253,2001,0.0,14163.0,-1.2364879999999998,-1.136715,MOZ,USA,848490
2554807,151,231,9253,2001,0.0,16726.0,-0.410422,-0.5868369999999999,MUS,USA,848490
2554808,153,231,9253,2001,37500.0,155215.0,0.768174,0.307033,MYS,USA,848490
2554809,155,231,9253,2001,0.0,7264.0,-0.625912,-0.854247,NAM,USA,848490
2554810,156,231,9253,2001,0.0,6587.0,-0.837087,-0.9207040000000001,NCL,USA,848490
2554811,157,231,9253,2001,0.0,94592.0,-0.22368600000000002,-0.464156,NER,USA,848490
2554812,159,231,9253,2001,0.0,10400.0,-1.966439,-1.2724520000000001,NGA,USA,848490
2554813,160,231,9253,2001,0.0,39514.0,-0.8917430000000001,-0.713179,NIC,USA,848490
2554814,162,231,9253,2001,307377.0,2268329.0,1.315685,1.590935,NLD,USA,848490
2554815,163,231,9253,2001,99189.0,31910.0,0.974814,0.06512000000000001,NOR,USA,848490
2554816,166,231,9253,2001,3255.0,195171.0,0.521409,0.683134,NZL,USA,848490
2554817,167,231,9253,2001,0.0,14016.0,-0.909329,-1.189698,OMN,USA,848490
2554818,168,231,9253,2001,0.0,74464.0,-0.8376520000000001,-0.378743,PAK,USA,848490
2554819,169,231,9253,2001,0.0,115121.0,0.17588199999999998,0.422505,PAN,USA,848490
2554820,173,231,9253,2001,125643.0,60405.0,-0.345519,0.202623,PER,USA,848490
2554821,174,231,9253,2001,2943.0,36707.0,-0.028201,-0.112349,PHL,USA,848490
2554822,176,231,9253,2001,0.0,2821.0,-1.503929,-1.199463,PNG,USA,848490
2554823,177,231,9253,2001,0.0,8149.0,0.9474540000000001,1.8408220000000002,POL,USA,848490
2554824,179,231,9253,2001,0.0,8771.0,0.482048,1.662123,PRT,USA,848490
2554825,180,231,9253,2001,0.0,22714.0,-0.68893,-0.9326690000000001,PRY,USA,848490
2554826,182,231,9253,2001,0.0,58519.0,-0.005456,-0.7210770000000001,PYF,USA,848490
2554827,183,231,9253,2001,0.0,20487.0,-0.46564799999999995,-1.127634,QAT,USA,848490
2554828,185,231,9253,2001,946.0,3929.0,0.326733,1.005332,ROU,USA,848490
2554829,186,231,9253,2001,1638.0,24133.0,0.945816,0.35027600000000003,RUS,USA,848490
2554830,188,231,9253,2001,0.0,4974439.0,0.5370550000000001,-0.793469,SAU,USA,848490
2554831,189,231,9253,2001,0.0,12872.0,0.45280200000000004,2.469852,SCG,USA,848490
2554832,191,231,9253,2001,0.0,298957.0,-0.437779,-0.436654,SEN,USA,848490
2554833,192,231,9253,2001,235604.0,1749192.0,1.364239,0.721074,SGP,USA,848490
2554834,197,231,9253,2001,0.0,20293.0,-0.181554,-0.031294,SLV,USA,848490
2554835,205,231,9253,2001,0.0,8965.0,-0.650556,-0.801128,SUR,USA,848490
2554836,206,231,9253,2001,291349.0,94248.0,1.1732770000000001,1.088576,SVK,USA,848490
2554837,207,231,9253,2001,344250.0,193213.0,1.5074370000000001,1.1370040000000001,SVN,USA,848490
2554838,208,231,9253,2001,1206255.0,274844.0,2.156845,0.784439,SWE,USA,848490
2554839,211,231,9253,2001,0.0,2911.0,0.065059,-0.7806489999999999,SYC,USA,848490
2554840,212,231,9253,2001,0.0,19968.0,-1.057217,-0.716331,SYR,USA,848490
2554841,213,231,9253,2001,0.0,16530.0,0.433253,-0.23213000000000003,TCA,USA,848490
2554842,216,231,9253,2001,91962.0,124957.0,0.37555900000000003,1.498267,THA,USA,848490
2554843,219,231,9253,2001,0.0,74916.0,-1.24627,-1.2760209999999998,TKM,USA,848490
2554844,222,231,9253,2001,29142.0,50702.0,0.178256,-0.709126,TTO,USA,848490
2554845,223,231,9253,2001,0.0,221142.0,-0.162152,0.23939699999999997,TUN,USA,848490
2554846,224,231,9253,2001,30239.0,12968.0,0.188773,1.91451,TUR,USA,848490
2554847,226,231,9253,2001,0.0,15351.0,-1.193991,-0.49282200000000004,TZA,USA,848490
2554848,228,231,9253,2001,0.0,13341.0,0.8376969999999999,0.989059,UKR,USA,848490
2554849,230,231,9253,2001,0.0,31833.0,0.36029,0.298869,URY,USA,848490
2554850,232,231,9253,2001,0.0,211498.0,-0.395913,-0.6454449999999999,UZB,USA,848490
2554851,234,231,9253,2001,0.0,1817.0,-0.5042,-0.7987609999999999,VCT,USA,848490
2554852,236,231,9253,2001,29159.0,1892964.0,0.261158,-0.7397,VEN,USA,848490
2554853,239,231,9253,2001,0.0,31976.0,-0.6692130000000001,0.610992,VNM,USA,848490
2554854,246,231,9253,2001,68253.0,697998.0,0.356842,2.006155,ZAF,USA,848490
2554855,247,231,9253,2001,0.0,25118.0,-0.731193,-0.706978,ZMB,USA,848490
2554856,248,231,9253,2001,0.0,26937.0,-0.6321829999999999,-0.453671,ZWE,USA,848490
2554857,249,231,9253,2001,4050096.0,568474.0,1.5731700000000002,1.353159,TWN,USA,848490
2554858,6,236,9253,2001,6484.0,0.0,0.260662,-0.66681,ANT,VEN,848490
2554859,8,236,9253,2001,13504.0,0.0,0.287698,0.547137,ARG,VEN,848490
2554860,15,236,9253,2001,27759.0,0.0,1.8571650000000002,0.603191,AUT,VEN,848490
2554861,18,236,9253,2001,6175.0,0.0,1.4328370000000001,1.408495,BEL,VEN,848490
2554862,32,236,9253,2001,310050.0,0.0,0.672496,1.051848,BRA,VEN,848490
2554863,39,236,9253,2001,25550.0,0.0,0.971827,1.105171,CAN,VEN,848490
2554864,41,236,9253,2001,8546.0,0.0,2.227246,0.553956,CHE,VEN,848490
2554865,43,236,9253,2001,132098.0,0.0,0.525171,3.092963,CHN,VEN,848490
2554866,49,236,9253,2001,23213.0,0.0,0.30412,0.395913,COL,VEN,848490
2554867,54,236,9253,2001,0.0,1209.0,-0.443391,-0.9599030000000001,CUB,VEN,848490
2554868,59,236,9253,2001,813.0,0.0,1.485703,1.109305,CZE,VEN,848490
2554869,61,236,9253,2001,778663.0,0.0,2.321375,-2.1110990000000003,DEU,VEN,848490
2554870,64,236,9253,2001,4595.0,0.0,1.261883,1.351875,DNK,VEN,848490
2554871,65,236,9253,2001,0.0,1049.0,-0.538419,-0.48773900000000003,DOM,VEN,848490
2554872,67,236,9253,2001,2908.0,39702.0,-0.852642,-0.896374,ECU,VEN,848490
2554873,71,236,9253,2001,359035.0,0.0,1.079664,1.9842220000000002,ESP,VEN,848490
2554874,74,236,9253,2001,21364.0,0.0,2.069141,0.9375180000000001,FIN,VEN,848490
2554875,77,236,9253,2001,38936.0,0.0,1.653507,0.797582,FRA,VEN,848490
2554876,81,236,9253,2001,123656.0,0.0,1.976894,0.685435,GBR,VEN,848490
2554877,93,236,9253,2001,0.0,11302.0,-0.5089520000000001,0.216677,GTM,VEN,848490
2554878,97,236,9253,2001,1647.0,0.0,0.521528,2.3025,HKG,VEN,848490
2554879,104,236,9253,2001,1899.0,0.0,0.349744,2.665844,IND,VEN,848490
2554880,106,236,9253,2001,1129.0,0.0,1.664233,0.129983,IRL,VEN,848490
2554881,111,236,9253,2001,173456.0,0.0,1.389926,1.282143,ITA,VEN,848490
2554882,112,236,9253,2001,6630.0,0.0,-0.541582,-0.837248,JAM,VEN,848490
2554883,114,236,9253,2001,277105.0,0.0,2.585857,0.522663,JPN,VEN,848490
2554884,121,236,9253,2001,8452.0,0.0,1.145797,1.0762399999999999,KOR,VEN,848490
2554885,138,236,9253,2001,91564.0,0.0,0.797058,0.713234,MEX,VEN,848490
2554886,162,236,9253,2001,7760.0,0.0,1.315685,1.590935,NLD,VEN,848490
2554887,169,236,9253,2001,6151.0,0.0,0.17588199999999998,0.422505,PAN,VEN,848490
2554888,173,236,9253,2001,140014.0,8852.0,-0.345519,0.202623,PER,VEN,848490
2554889,197,236,9253,2001,0.0,9958.0,-0.181554,-0.031294,SLV,VEN,848490
2554890,208,236,9253,2001,2636.0,0.0,2.156845,0.784439,SWE,VEN,848490
2554891,216,236,9253,2001,7207.0,0.0,0.37555900000000003,1.498267,THA,VEN,848490
2554892,224,236,9253,2001,3278.0,0.0,0.188773,1.91451,TUR,VEN,848490
2554893,231,236,9253,2001,1892964.0,29159.0,1.873674,0.168468,USA,VEN,848490
2554894,249,236,9253,2001,111772.0,0.0,1.5731700000000002,1.353159,TWN,VEN,848490
2554895,14,239,9253,2001,2122.0,0.0,0.29463,0.772375,AUS,VNM,848490
2554896,15,239,9253,2001,1301.0,0.0,1.8571650000000002,0.603191,AUT,VNM,848490
2554897,43,239,9253,2001,16131.0,0.0,0.525171,3.092963,CHN,VNM,848490
2554898,59,239,9253,2001,11149.0,0.0,1.485703,1.109305,CZE,VNM,848490
2554899,61,239,9253,2001,29117.0,0.0,2.321375,-2.1110990000000003,DEU,VNM,848490
2554900,64,239,9253,2001,5786.0,0.0,1.261883,1.351875,DNK,VNM,848490
2554901,71,239,9253,2001,23959.0,0.0,1.079664,1.9842220000000002,ESP,VNM,848490
2554902,74,239,9253,2001,625995.0,0.0,2.069141,0.9375180000000001,FIN,VNM,848490
2554903,77,239,9253,2001,7618.0,0.0,1.653507,0.797582,FRA,VNM,848490
2554904,81,239,9253,2001,35198.0,0.0,1.976894,0.685435,GBR,VNM,848490
2554905,97,239,9253,2001,31963.0,13261.0,0.521528,2.3025,HKG,VNM,848490
2554906,111,239,9253,2001,1149.0,0.0,1.389926,1.282143,ITA,VNM,848490
2554907,114,239,9253,2001,67769.0,2044606.0,2.585857,0.522663,JPN,VNM,848490
2554908,121,239,9253,2001,11429.0,0.0,1.145797,1.0762399999999999,KOR,VNM,848490
2554909,125,239,9253,2001,0.0,12144.0,-0.49036,-1.126565,LBR,VNM,848490
2554910,153,239,9253,2001,24126.0,11356.0,0.768174,0.307033,MYS,VNM,848490
2554911,162,239,9253,2001,1179.0,0.0,1.315685,1.590935,NLD,VNM,848490
2554912,163,239,9253,2001,10386.0,0.0,0.974814,0.06512000000000001,NOR,VNM,848490
2554913,169,239,9253,2001,0.0,2251.0,0.17588199999999998,0.422505,PAN,VNM,848490
2554914,192,239,9253,2001,169771.0,4361.0,1.364239,0.721074,SGP,VNM,848490
2554915,208,239,9253,2001,3048.0,0.0,2.156845,0.784439,SWE,VNM,848490
2554916,216,239,9253,2001,10845.0,0.0,0.37555900000000003,1.498267,THA,VNM,848490
2554917,228,239,9253,2001,3565.0,0.0,0.8376969999999999,0.989059,UKR,VNM,848490
2554918,231,239,9253,2001,31976.0,0.0,1.873674,0.168468,USA,VNM,848490
2554919,249,239,9253,2001,98955.0,24046.0,1.5731700000000002,1.353159,TWN,VNM,848490
2554920,7,249,9253,2001,0.0,2148131.0,-0.193984,-0.457124,ARE,TWN,848490
2554921,8,249,9253,2001,1327.0,144510.0,0.287698,0.547137,ARG,TWN,848490
2554922,14,249,9253,2001,6819.0,683087.0,0.29463,0.772375,AUS,TWN,848490
2554923,15,249,9253,2001,9031.0,36874.0,1.8571650000000002,0.603191,AUT,TWN,848490
2554924,18,249,9253,2001,44883.0,45076.0,1.4328370000000001,1.408495,BEL,TWN,848490
2554925,19,249,9253,2001,0.0,3352.0,-1.09233,-0.8276969999999999,BEN,TWN,848490
2554926,22,249,9253,2001,0.0,24993.0,-1.0406739999999999,-1.010108,BGD,TWN,848490
2554927,31,249,9253,2001,0.0,993.0,-0.680108,-0.678143,BOL,TWN,848490
2554928,32,249,9253,2001,2859.0,1060.0,0.672496,1.051848,BRA,TWN,848490
2554929,33,249,9253,2001,0.0,3215.0,0.725546,0.172345,BRB,TWN,848490
2554930,39,249,9253,2001,34922.0,180255.0,0.971827,1.105171,CAN,TWN,848490
2554931,41,249,9253,2001,81393.0,7079.0,2.227246,0.553956,CHE,TWN,848490
2554932,42,249,9253,2001,0.0,227284.0,-0.004658,-0.002548,CHL,TWN,848490
2554933,43,249,9253,2001,262795.0,683406.0,0.525171,3.092963,CHN,TWN,848490
2554934,44,249,9253,2001,0.0,2624.0,-0.715949,-0.524428,CIV,TWN,848490
2554935,49,249,9253,2001,0.0,264587.0,0.30412,0.395913,COL,TWN,848490
2554936,52,249,9253,2001,0.0,79390.0,0.069458,-0.042793,CRI,TWN,848490
2554937,58,249,9253,2001,0.0,8357.0,0.381251,0.257802,CYP,TWN,848490
2554938,59,249,9253,2001,0.0,3145.0,1.485703,1.109305,CZE,TWN,848490
2554939,61,249,9253,2001,904556.0,1784355.0,2.321375,-2.1110990000000003,DEU,TWN,848490
2554940,63,249,9253,2001,0.0,7820.0,0.613251,0.226998,DMA,TWN,848490
2554941,64,249,9253,2001,16110.0,130194.0,1.261883,1.351875,DNK,TWN,848490
2554942,65,249,9253,2001,0.0,85429.0,-0.538419,-0.48773900000000003,DOM,TWN,848490
2554943,66,249,9253,2001,0.0,146538.0,-0.663363,-1.158295,DZA,TWN,848490
2554944,67,249,9253,2001,840.0,286316.0,-0.852642,-0.896374,ECU,TWN,848490
2554945,68,249,9253,2001,0.0,162250.0,-0.373576,0.366385,EGY,TWN,848490
2554946,71,249,9253,2001,65721.0,123246.0,1.079664,1.9842220000000002,ESP,TWN,848490
2554947,72,249,9253,2001,0.0,698.0,0.5746829999999999,0.9073899999999999,EST,TWN,848490
2554948,74,249,9253,2001,5413.0,13778.0,2.069141,0.9375180000000001,FIN,TWN,848490
2554949,75,249,9253,2001,0.0,16158.0,-0.954702,-0.602761,FJI,TWN,848490
2554950,77,249,9253,2001,71481.0,66498.0,1.653507,0.797582,FRA,TWN,848490
2554951,80,249,9253,2001,0.0,40959.0,-1.063007,-1.181284,GAB,TWN,848490
2554952,81,249,9253,2001,100063.0,784044.0,1.976894,0.685435,GBR,TWN,848490
2554953,83,249,9253,2001,0.0,24674.0,-0.961067,-0.780449,GHA,TWN,848490
2554954,90,249,9253,2001,0.0,236656.0,0.31387600000000004,1.3614600000000001,GRC,TWN,848490
2554955,93,249,9253,2001,0.0,106147.0,-0.5089520000000001,0.216677,GTM,TWN,848490
2554956,96,249,9253,2001,0.0,2822.0,-0.955816,-0.8593069999999999,GUY,TWN,848490
2554957,97,249,9253,2001,20246.0,6655042.0,0.521528,2.3025,HKG,TWN,848490
2554958,99,249,9253,2001,0.0,22386.0,-0.8003060000000001,-0.602097,HND,TWN,848490
2554959,101,249,9253,2001,0.0,3553.0,-1.220515,-0.8502200000000001,HTI,TWN,848490
2554960,102,249,9253,2001,1415.0,45863.0,1.102262,1.138016,HUN,TWN,848490
2554961,103,249,9253,2001,80221.0,752534.0,-0.167771,1.6587889999999998,IDN,TWN,848490
2554962,104,249,9253,2001,4372.0,108089.0,0.349744,2.665844,IND,TWN,848490
2554963,106,249,9253,2001,47938.0,9290.0,1.664233,0.129983,IRL,TWN,848490
2554964,107,249,9253,2001,0.0,6475.0,-0.7732479999999999,-0.8979370000000001,IRN,TWN,848490
2554965,110,249,9253,2001,17262.0,104590.0,1.374873,0.775594,ISR,TWN,848490
2554966,111,249,9253,2001,253560.0,104176.0,1.389926,1.282143,ITA,TWN,848490
2554967,112,249,9253,2001,0.0,4238.0,-0.541582,-0.837248,JAM,TWN,848490
2554968,113,249,9253,2001,0.0,35978.0,0.375134,0.581558,JOR,TWN,848490
2554969,114,249,9253,2001,2481272.0,631482.0,2.585857,0.522663,JPN,TWN,848490
2554970,116,249,9253,2001,0.0,108010.0,-0.529388,0.092271,KEN,TWN,848490
2554971,121,249,9253,2001,385676.0,20262.0,1.145797,1.0762399999999999,KOR,TWN,848490
2554972,122,249,9253,2001,0.0,1336.0,-0.8197,-1.183758,KWT,TWN,848490
2554973,124,249,9253,2001,0.0,178786.0,0.165355,0.988008,LBN,TWN,848490
2554974,128,249,9253,2001,0.0,9633.0,-0.722434,-0.033818,LKA,TWN,848490
2554975,130,249,9253,2001,0.0,20117.0,0.15706900000000001,0.416663,LTU,TWN,848490
2554976,131,249,9253,2001,1863.0,0.0,1.470895,1.149007,LUX,TWN,848490
2554977,132,249,9253,2001,0.0,3069.0,0.404136,0.461009,LVA,TWN,848490
2554978,133,249,9253,2001,0.0,30259.0,-0.608406,-0.521662,MAC,TWN,848490
2554979,134,249,9253,2001,0.0,23215.0,-0.75275,-0.280397,MAR,TWN,848490
2554980,136,249,9253,2001,0.0,3360.0,-1.247531,-0.637093,MDG,TWN,848490
2554981,138,249,9253,2001,124785.0,256648.0,0.797058,0.713234,MEX,TWN,848490
2554982,140,249,9253,2001,0.0,1332.0,0.033097,0.43516499999999997,MKD,TWN,848490
2554983,141,249,9253,2001,0.0,153.0,-0.40341,-0.626402,MLI,TWN,848490
2554984,142,249,9253,2001,0.0,6330.0,1.065032,-0.065239,MLT,TWN,848490
2554985,143,249,9253,2001,0.0,186740.0,-1.5627,-1.150854,MMR,TWN,848490
2554986,151,249,9253,2001,0.0,1210.0,-0.410422,-0.5868369999999999,MUS,TWN,848490
2554987,152,249,9253,2001,0.0,21575.0,-1.388716,-1.116315,MWI,TWN,848490
2554988,153,249,9253,2001,39064.0,2602658.0,0.768174,0.307033,MYS,TWN,848490
2554989,159,249,9253,2001,0.0,5947.0,-1.966439,-1.2724520000000001,NGA,TWN,848490
2554990,160,249,9253,2001,0.0,1741.0,-0.8917430000000001,-0.713179,NIC,TWN,848490
2554991,162,249,9253,2001,10136.0,75023.0,1.315685,1.590935,NLD,TWN,848490
2554992,163,249,9253,2001,769.0,0.0,0.974814,0.06512000000000001,NOR,TWN,848490
2554993,166,249,9253,2001,1681.0,45542.0,0.521409,0.683134,NZL,TWN,848490
2554994,168,249,9253,2001,0.0,142892.0,-0.8376520000000001,-0.378743,PAK,TWN,848490
2554995,169,249,9253,2001,0.0,272564.0,0.17588199999999998,0.422505,PAN,TWN,848490
2554996,173,249,9253,2001,0.0,244242.0,-0.345519,0.202623,PER,TWN,848490
2554997,174,249,9253,2001,6191.0,1186518.0,-0.028201,-0.112349,PHL,TWN,848490
2554998,177,249,9253,2001,0.0,92162.0,0.9474540000000001,1.8408220000000002,POL,TWN,848490
2554999,179,249,9253,2001,0.0,15731.0,0.482048,1.662123,PRT,TWN,848490
2555000,180,249,9253,2001,0.0,24181.0,-0.68893,-0.9326690000000001,PRY,TWN,848490
2555001,186,249,9253,2001,0.0,20730.0,0.945816,0.35027600000000003,RUS,TWN,848490
2555002,188,249,9253,2001,0.0,46626.0,0.5370550000000001,-0.793469,SAU,TWN,848490
2555003,190,249,9253,2001,0.0,60422.0,-1.6325180000000001,-1.263267,SDN,TWN,848490
2555004,191,249,9253,2001,0.0,1014.0,-0.437779,-0.436654,SEN,TWN,848490
2555005,192,249,9253,2001,416068.0,1843808.0,1.364239,0.721074,SGP,TWN,848490
2555006,197,249,9253,2001,0.0,50451.0,-0.181554,-0.031294,SLV,TWN,848490
2555007,205,249,9253,2001,0.0,5833.0,-0.650556,-0.801128,SUR,TWN,848490
2555008,206,249,9253,2001,0.0,2921.0,1.1732770000000001,1.088576,SVK,TWN,848490
2555009,207,249,9253,2001,0.0,2937.0,1.5074370000000001,1.1370040000000001,SVN,TWN,848490
2555010,208,249,9253,2001,82201.0,30616.0,2.156845,0.784439,SWE,TWN,848490
2555011,212,249,9253,2001,0.0,13160.0,-1.057217,-0.716331,SYR,TWN,848490
2555012,216,249,9253,2001,114346.0,310667.0,0.37555900000000003,1.498267,THA,TWN,848490
2555013,222,249,9253,2001,0.0,34443.0,0.178256,-0.709126,TTO,TWN,848490
2555014,223,249,9253,2001,0.0,5327.0,-0.162152,0.23939699999999997,TUN,TWN,848490
2555015,224,249,9253,2001,0.0,119439.0,0.188773,1.91451,TUR,TWN,848490
2555016,226,249,9253,2001,0.0,8640.0,-1.193991,-0.49282200000000004,TZA,TWN,848490
2555017,227,249,9253,2001,0.0,646.0,-0.9694860000000001,-0.840592,UGA,TWN,848490
2555018,228,249,9253,2001,0.0,18921.0,0.8376969999999999,0.989059,UKR,TWN,848490
2555019,230,249,9253,2001,0.0,32564.0,0.36029,0.298869,URY,TWN,848490
2555020,231,249,9253,2001,568474.0,4050096.0,1.873674,0.168468,USA,TWN,848490
2555021,236,249,9253,2001,0.0,111772.0,0.261158,-0.7397,VEN,TWN,848490
2555022,237,249,9253,2001,390538.0,0.0,0.759566,-0.16636099999999998,VGB,TWN,848490
2555023,239,249,9253,2001,24046.0,98955.0,-0.6692130000000001,0.610992,VNM,TWN,848490
2555024,243,249,9253,2001,0.0,103328.0,-1.465154,-1.261615,YEM,TWN,848490
2555025,246,249,9253,2001,24723.0,669884.0,0.356842,2.006155,ZAF,TWN,848490
2555026,248,249,9253,2001,0.0,19483.0,-0.6321829999999999,-0.453671,ZWE,TWN,848490
2555027,250,249,9253,2001,12680.0,5414.0,1.096023,-0.33562600000000004,ANS,TWN,848490
2555028,7,16,9253,2001,11651.0,0.0,-0.193984,-0.457124,ARE,AZE,848490
2555029,15,16,9253,2001,4209.0,0.0,1.8571650000000002,0.603191,AUT,AZE,848490
2555030,54,16,9253,2001,0.0,443.0,-0.443391,-0.9599030000000001,CUB,AZE,848490
2555031,59,16,9253,2001,1152.0,0.0,1.485703,1.109305,CZE,AZE,848490
2555032,61,16,9253,2001,56385.0,0.0,2.321375,-2.1110990000000003,DEU,AZE,848490
2555033,77,16,9253,2001,4020.0,0.0,1.653507,0.797582,FRA,AZE,848490
2555034,81,16,9253,2001,73466.0,0.0,1.976894,0.685435,GBR,AZE,848490
2555035,186,16,9253,2001,1031.0,0.0,0.945816,0.35027600000000003,RUS,AZE,848490
2555036,224,16,9253,2001,1528.0,0.0,0.188773,1.91451,TUR,AZE,848490
2555037,15,23,9253,2001,56898.0,57165.0,1.8571650000000002,0.603191,AUT,BGR,848490
2555038,18,23,9253,2001,3234.0,0.0,1.4328370000000001,1.408495,BEL,BGR,848490
2555039,28,23,9253,2001,0.0,27708.0,0.804404,0.936773,BLR,BGR,848490
2555040,32,23,9253,2001,8236.0,0.0,0.672496,1.051848,BRA,BGR,848490
2555041,43,23,9253,2001,6116.0,0.0,0.525171,3.092963,CHN,BGR,848490
2555042,59,23,9253,2001,9891.0,1218.0,1.485703,1.109305,CZE,BGR,848490
2555043,61,23,9253,2001,325133.0,29542.0,2.321375,-2.1110990000000003,DEU,BGR,848490
2555044,71,23,9253,2001,95687.0,0.0,1.079664,1.9842220000000002,ESP,BGR,848490
2555045,77,23,9253,2001,102348.0,0.0,1.653507,0.797582,FRA,BGR,848490
2555046,81,23,9253,2001,3906.0,0.0,1.976894,0.685435,GBR,BGR,848490
2555047,90,23,9253,2001,4880.0,0.0,0.31387600000000004,1.3614600000000001,GRC,BGR,848490
2555048,102,23,9253,2001,10397.0,2374.0,1.102262,1.138016,HUN,BGR,848490
2555049,111,23,9253,2001,186732.0,120260.0,1.389926,1.282143,ITA,BGR,848490
2555050,113,23,9253,2001,0.0,146264.0,0.375134,0.581558,JOR,BGR,848490
2555051,114,23,9253,2001,6117.0,0.0,2.585857,0.522663,JPN,BGR,848490
2555052,121,23,9253,2001,1416.0,0.0,1.145797,1.0762399999999999,KOR,BGR,848490
2555053,162,23,9253,2001,8963.0,0.0,1.315685,1.590935,NLD,BGR,848490
2555054,177,23,9253,2001,4596.0,0.0,0.9474540000000001,1.8408220000000002,POL,BGR,848490
2555055,185,23,9253,2001,0.0,16434.0,0.326733,1.005332,ROU,BGR,848490
2555056,186,23,9253,2001,12968.0,5318.0,0.945816,0.35027600000000003,RUS,BGR,848490
2555057,189,23,9253,2001,0.0,2297.0,0.45280200000000004,2.469852,SCG,BGR,848490
2555058,206,23,9253,2001,1694.0,1746.0,1.1732770000000001,1.088576,SVK,BGR,848490
2555059,208,23,9253,2001,1857.0,2860.0,2.156845,0.784439,SWE,BGR,848490
2555060,224,23,9253,2001,12646.0,0.0,0.188773,1.91451,TUR,BGR,848490
2555061,228,23,9253,2001,12490.0,5713.0,0.8376969999999999,0.989059,UKR,BGR,848490
2555062,231,23,9253,2001,14598.0,0.0,1.873674,0.168468,USA,BGR,848490
2555063,250,23,9253,2001,3169.0,0.0,1.096023,-0.33562600000000004,ANS,BGR,848490
2555064,15,28,9253,2001,24134.0,0.0,1.8571650000000002,0.603191,AUT,BLR,848490
2555065,23,28,9253,2001,27708.0,0.0,0.41425100000000004,1.639866,BGR,BLR,848490
2555066,59,28,9253,2001,10739.0,0.0,1.485703,1.109305,CZE,BLR,848490
2555067,61,28,9253,2001,100605.0,0.0,2.321375,-2.1110990000000003,DEU,BLR,848490
2555068,64,28,9253,2001,4046.0,0.0,1.261883,1.351875,DNK,BLR,848490
2555069,71,28,9253,2001,200238.0,0.0,1.079664,1.9842220000000002,ESP,BLR,848490
2555070,72,28,9253,2001,8909.0,0.0,0.5746829999999999,0.9073899999999999,EST,BLR,848490
2555071,74,28,9253,2001,3157.0,0.0,2.069141,0.9375180000000001,FIN,BLR,848490
2555072,77,28,9253,2001,9871.0,0.0,1.653507,0.797582,FRA,BLR,848490
2555073,102,28,9253,2001,949.0,0.0,1.102262,1.138016,HUN,BLR,848490
2555074,104,28,9253,2001,1375.0,0.0,0.349744,2.665844,IND,BLR,848490
2555075,111,28,9253,2001,2722.0,0.0,1.389926,1.282143,ITA,BLR,848490
2555076,130,28,9253,2001,0.0,7712.0,0.15706900000000001,0.416663,LTU,BLR,848490
2555077,132,28,9253,2001,2314.0,0.0,0.404136,0.461009,LVA,BLR,848490
2555078,162,28,9253,2001,2391.0,0.0,1.315685,1.590935,NLD,BLR,848490
2555079,177,28,9253,2001,96075.0,0.0,0.9474540000000001,1.8408220000000002,POL,BLR,848490
2555080,186,28,9253,2001,233246.0,6738.0,0.945816,0.35027600000000003,RUS,BLR,848490
2555081,189,28,9253,2001,8055.0,0.0,0.45280200000000004,2.469852,SCG,BLR,848490
2555082,208,28,9253,2001,734.0,0.0,2.156845,0.784439,SWE,BLR,848490
2555083,228,28,9253,2001,50183.0,0.0,0.8376969999999999,0.989059,UKR,BLR,848490
2555084,231,28,9253,2001,5802.0,0.0,1.873674,0.168468,USA,BLR,848490
2555085,7,68,9253,2001,36551.0,0.0,-0.193984,-0.457124,ARE,EGY,848490
2555086,15,68,9253,2001,22409.0,0.0,1.8571650000000002,0.603191,AUT,EGY,848490
2555087,18,68,9253,2001,50078.0,0.0,1.4328370000000001,1.408495,BEL,EGY,848490
2555088,32,68,9253,2001,18804.0,0.0,0.672496,1.051848,BRA,EGY,848490
2555089,39,68,9253,2001,6964.0,0.0,0.971827,1.105171,CAN,EGY,848490
2555090,41,68,9253,2001,146186.0,0.0,2.227246,0.553956,CHE,EGY,848490
2555091,43,68,9253,2001,106615.0,0.0,0.525171,3.092963,CHN,EGY,848490
2555092,58,68,9253,2001,753.0,0.0,0.381251,0.257802,CYP,EGY,848490
2555093,59,68,9253,2001,7819.0,0.0,1.485703,1.109305,CZE,EGY,848490
2555094,61,68,9253,2001,1253176.0,0.0,2.321375,-2.1110990000000003,DEU,EGY,848490
2555095,64,68,9253,2001,17504.0,0.0,1.261883,1.351875,DNK,EGY,848490
2555096,66,68,9253,2001,0.0,4579.0,-0.663363,-1.158295,DZA,EGY,848490
2555097,71,68,9253,2001,1788.0,0.0,1.079664,1.9842220000000002,ESP,EGY,848490
2555098,74,68,9253,2001,9130.0,0.0,2.069141,0.9375180000000001,FIN,EGY,848490
2555099,77,68,9253,2001,200622.0,15824.0,1.653507,0.797582,FRA,EGY,848490
2555100,80,68,9253,2001,0.0,8017.0,-1.063007,-1.181284,GAB,EGY,848490
2555101,81,68,9253,2001,151072.0,0.0,1.976894,0.685435,GBR,EGY,848490
2555102,97,68,9253,2001,23573.0,0.0,0.521528,2.3025,HKG,EGY,848490
2555103,100,68,9253,2001,3403.0,0.0,0.544596,0.969535,HRV,EGY,848490
2555104,103,68,9253,2001,1255.0,0.0,-0.167771,1.6587889999999998,IDN,EGY,848490
2555105,104,68,9253,2001,27840.0,0.0,0.349744,2.665844,IND,EGY,848490
2555106,106,68,9253,2001,1058.0,0.0,1.664233,0.129983,IRL,EGY,848490
2555107,111,68,9253,2001,329752.0,0.0,1.389926,1.282143,ITA,EGY,848490
2555108,114,68,9253,2001,203432.0,0.0,2.585857,0.522663,JPN,EGY,848490
2555109,121,68,9253,2001,15419.0,0.0,1.145797,1.0762399999999999,KOR,EGY,848490
2555110,124,68,9253,2001,0.0,6031.0,0.165355,0.988008,LBN,EGY,848490
2555111,142,68,9253,2001,1678.0,0.0,1.065032,-0.065239,MLT,EGY,848490
2555112,162,68,9253,2001,38521.0,3289.0,1.315685,1.590935,NLD,EGY,848490
2555113,163,68,9253,2001,3944.0,0.0,0.974814,0.06512000000000001,NOR,EGY,848490
2555114,177,68,9253,2001,26918.0,0.0,0.9474540000000001,1.8408220000000002,POL,EGY,848490
2555115,188,68,9253,2001,8147.0,0.0,0.5370550000000001,-0.793469,SAU,EGY,848490
2555116,192,68,9253,2001,32768.0,0.0,1.364239,0.721074,SGP,EGY,848490
2555117,207,68,9253,2001,24392.0,0.0,1.5074370000000001,1.1370040000000001,SVN,EGY,848490
2555118,208,68,9253,2001,12427.0,0.0,2.156845,0.784439,SWE,EGY,848490
2555119,216,68,9253,2001,15255.0,0.0,0.37555900000000003,1.498267,THA,EGY,848490
2555120,224,68,9253,2001,95285.0,0.0,0.188773,1.91451,TUR,EGY,848490
2555121,226,68,9253,2001,0.0,1788.0,-1.193991,-0.49282200000000004,TZA,EGY,848490
2555122,227,68,9253,2001,0.0,1581.0,-0.9694860000000001,-0.840592,UGA,EGY,848490
2555123,228,68,9253,2001,646.0,0.0,0.8376969999999999,0.989059,UKR,EGY,848490
2555124,231,68,9253,2001,50243.0,0.0,1.873674,0.168468,USA,EGY,848490
2555125,246,68,9253,2001,1688.0,0.0,0.356842,2.006155,ZAF,EGY,848490
2555126,249,68,9253,2001,162250.0,0.0,1.5731700000000002,1.353159,TWN,EGY,848490
2555127,250,68,9253,2001,218470.0,0.0,1.096023,-0.33562600000000004,ANS,EGY,848490
2555128,14,83,9253,2001,4133.0,0.0,0.29463,0.772375,AUS,GHA,848490
2555129,15,83,9253,2001,21516.0,0.0,1.8571650000000002,0.603191,AUT,GHA,848490
2555130,18,83,9253,2001,69079.0,0.0,1.4328370000000001,1.408495,BEL,GHA,848490
2555131,39,83,9253,2001,3069.0,0.0,0.971827,1.105171,CAN,GHA,848490
2555132,61,83,9253,2001,79883.0,0.0,2.321375,-2.1110990000000003,DEU,GHA,848490
2555133,77,83,9253,2001,2160.0,0.0,1.653507,0.797582,FRA,GHA,848490
2555134,81,83,9253,2001,14211.0,0.0,1.976894,0.685435,GBR,GHA,848490
2555135,104,83,9253,2001,3864.0,0.0,0.349744,2.665844,IND,GHA,848490
2555136,111,83,9253,2001,3562.0,0.0,1.389926,1.282143,ITA,GHA,848490
2555137,153,83,9253,2001,1230.0,0.0,0.768174,0.307033,MYS,GHA,848490
2555138,162,83,9253,2001,9488.0,0.0,1.315685,1.590935,NLD,GHA,848490
2555139,188,83,9253,2001,845.0,0.0,0.5370550000000001,-0.793469,SAU,GHA,848490
2555140,208,83,9253,2001,10763.0,0.0,2.156845,0.784439,SWE,GHA,848490
2555141,231,83,9253,2001,53786.0,0.0,1.873674,0.168468,USA,GHA,848490
2555142,246,83,9253,2001,8161.0,0.0,0.356842,2.006155,ZAF,GHA,848490
2555143,249,83,9253,2001,24674.0,0.0,1.5731700000000002,1.353159,TWN,GHA,848490
2555144,7,104,9253,2001,0.0,49725.0,-0.193984,-0.457124,ARE,IND,848490
2555145,8,104,9253,2001,5884.0,2688.0,0.287698,0.547137,ARG,IND,848490
2555146,14,104,9253,2001,8872.0,22732.0,0.29463,0.772375,AUS,IND,848490
2555147,15,104,9253,2001,25428.0,0.0,1.8571650000000002,0.603191,AUT,IND,848490
2555148,18,104,9253,2001,29172.0,10878.0,1.4328370000000001,1.408495,BEL,IND,848490
2555149,22,104,9253,2001,0.0,3742.0,-1.0406739999999999,-1.010108,BGD,IND,848490
2555150,28,104,9253,2001,0.0,1375.0,0.804404,0.936773,BLR,IND,848490
2555151,39,104,9253,2001,2434.0,2766.0,0.971827,1.105171,CAN,IND,848490
2555152,41,104,9253,2001,4859.0,0.0,2.227246,0.553956,CHE,IND,848490
2555153,43,104,9253,2001,44764.0,3107.0,0.525171,3.092963,CHN,IND,848490
2555154,59,104,9253,2001,2386.0,0.0,1.485703,1.109305,CZE,IND,848490
2555155,61,104,9253,2001,437931.0,230318.0,2.321375,-2.1110990000000003,DEU,IND,848490
2555156,64,104,9253,2001,58722.0,10833.0,1.261883,1.351875,DNK,IND,848490
2555157,66,104,9253,2001,0.0,31929.0,-0.663363,-1.158295,DZA,IND,848490
2555158,68,104,9253,2001,0.0,27840.0,-0.373576,0.366385,EGY,IND,848490
2555159,71,104,9253,2001,4393.0,31973.0,1.079664,1.9842220000000002,ESP,IND,848490
2555160,74,104,9253,2001,7436.0,0.0,2.069141,0.9375180000000001,FIN,IND,848490
2555161,77,104,9253,2001,526489.0,3292.0,1.653507,0.797582,FRA,IND,848490
2555162,81,104,9253,2001,86210.0,729388.0,1.976894,0.685435,GBR,IND,848490
2555163,83,104,9253,2001,0.0,3864.0,-0.961067,-0.780449,GHA,IND,848490
2555164,90,104,9253,2001,0.0,8343.0,0.31387600000000004,1.3614600000000001,GRC,IND,848490
2555165,93,104,9253,2001,0.0,2182.0,-0.5089520000000001,0.216677,GTM,IND,848490
2555166,102,104,9253,2001,0.0,3176.0,1.102262,1.138016,HUN,IND,848490
2555167,103,104,9253,2001,0.0,18339.0,-0.167771,1.6587889999999998,IDN,IND,848490
2555168,106,104,9253,2001,28392.0,0.0,1.664233,0.129983,IRL,IND,848490
2555169,107,104,9253,2001,0.0,22541.0,-0.7732479999999999,-0.8979370000000001,IRN,IND,848490
2555170,110,104,9253,2001,0.0,15872.0,1.374873,0.775594,ISR,IND,848490
2555171,111,104,9253,2001,362021.0,113776.0,1.389926,1.282143,ITA,IND,848490
2555172,113,104,9253,2001,0.0,2812.0,0.375134,0.581558,JOR,IND,848490
2555173,114,104,9253,2001,777997.0,35771.0,2.585857,0.522663,JPN,IND,848490
2555174,115,104,9253,2001,0.0,83821.0,0.009714,-0.525899,KAZ,IND,848490
2555175,116,104,9253,2001,0.0,8436.0,-0.529388,0.092271,KEN,IND,848490
2555176,117,104,9253,2001,0.0,5088.0,0.23332199999999997,0.256019,KGZ,IND,848490
2555177,121,104,9253,2001,59025.0,1069.0,1.145797,1.0762399999999999,KOR,IND,848490
2555178,122,104,9253,2001,0.0,1395.0,-0.8197,-1.183758,KWT,IND,848490
2555179,124,104,9253,2001,0.0,1616.0,0.165355,0.988008,LBN,IND,848490
2555180,128,104,9253,2001,0.0,40556.0,-0.722434,-0.033818,LKA,IND,848490
2555181,134,104,9253,2001,0.0,30205.0,-0.75275,-0.280397,MAR,IND,848490
2555182,136,104,9253,2001,0.0,1790.0,-1.247531,-0.637093,MDG,IND,848490
2555183,138,104,9253,2001,0.0,4488.0,0.797058,0.713234,MEX,IND,848490
2555184,147,104,9253,2001,0.0,2917.0,-1.2364879999999998,-1.136715,MOZ,IND,848490
2555185,151,104,9253,2001,0.0,1977.0,-0.410422,-0.5868369999999999,MUS,IND,848490
2555186,153,104,9253,2001,6707.0,22501.0,0.768174,0.307033,MYS,IND,848490
2555187,159,104,9253,2001,0.0,80883.0,-1.966439,-1.2724520000000001,NGA,IND,848490
2555188,162,104,9253,2001,934.0,57042.0,1.315685,1.590935,NLD,IND,848490
2555189,163,104,9253,2001,14087.0,0.0,0.974814,0.06512000000000001,NOR,IND,848490
2555190,164,104,9253,2001,0.0,17391.0,-0.483749,-0.008754999999999999,NPL,IND,848490
2555191,166,104,9253,2001,0.0,16918.0,0.521409,0.683134,NZL,IND,848490
2555192,167,104,9253,2001,0.0,5379.0,-0.909329,-1.189698,OMN,IND,848490
2555193,173,104,9253,2001,0.0,5214.0,-0.345519,0.202623,PER,IND,848490
2555194,174,104,9253,2001,0.0,5046.0,-0.028201,-0.112349,PHL,IND,848490
2555195,179,104,9253,2001,0.0,2219.0,0.482048,1.662123,PRT,IND,848490
2555196,180,104,9253,2001,0.0,1254.0,-0.68893,-0.9326690000000001,PRY,IND,848490
2555197,186,104,9253,2001,2476.0,15070.0,0.945816,0.35027600000000003,RUS,IND,848490
2555198,188,104,9253,2001,0.0,20129.0,0.5370550000000001,-0.793469,SAU,IND,848490
2555199,189,104,9253,2001,0.0,693.0,0.45280200000000004,2.469852,SCG,IND,848490
2555200,190,104,9253,2001,0.0,1507.0,-1.6325180000000001,-1.263267,SDN,IND,848490
2555201,192,104,9253,2001,98810.0,8075.0,1.364239,0.721074,SGP,IND,848490
2555202,206,104,9253,2001,0.0,10394.0,1.1732770000000001,1.088576,SVK,IND,848490
2555203,207,104,9253,2001,3464.0,4330.0,1.5074370000000001,1.1370040000000001,SVN,IND,848490
2555204,208,104,9253,2001,3924.0,6718.0,2.156845,0.784439,SWE,IND,848490
2555205,212,104,9253,2001,0.0,4446.0,-1.057217,-0.716331,SYR,IND,848490
2555206,216,104,9253,2001,1730.0,6380.0,0.37555900000000003,1.498267,THA,IND,848490
2555207,223,104,9253,2001,0.0,13665.0,-0.162152,0.23939699999999997,TUN,IND,848490
2555208,224,104,9253,2001,0.0,23562.0,0.188773,1.91451,TUR,IND,848490
2555209,226,104,9253,2001,0.0,13063.0,-1.193991,-0.49282200000000004,TZA,IND,848490
2555210,227,104,9253,2001,0.0,2620.0,-0.9694860000000001,-0.840592,UGA,IND,848490
2555211,228,104,9253,2001,30716.0,16957.0,0.8376969999999999,0.989059,UKR,IND,848490
2555212,231,104,9253,2001,128277.0,721697.0,1.873674,0.168468,USA,IND,848490
2555213,236,104,9253,2001,0.0,1899.0,0.261158,-0.7397,VEN,IND,848490
2555214,243,104,9253,2001,0.0,18033.0,-1.465154,-1.261615,YEM,IND,848490
2555215,246,104,9253,2001,10811.0,35710.0,0.356842,2.006155,ZAF,IND,848490
2555216,249,104,9253,2001,108089.0,4372.0,1.5731700000000002,1.353159,TWN,IND,848490
2555217,250,104,9253,2001,3474.0,0.0,1.096023,-0.33562600000000004,ANS,IND,848490
2555218,8,106,9253,2001,0.0,876.0,0.287698,0.547137,ARG,IRL,848490
2555219,14,106,9253,2001,3973.0,76327.0,0.29463,0.772375,AUS,IRL,848490
2555220,15,106,9253,2001,15651.0,6477.0,1.8571650000000002,0.603191,AUT,IRL,848490
2555221,18,106,9253,2001,119084.0,0.0,1.4328370000000001,1.408495,BEL,IRL,848490
2555222,32,106,9253,2001,0.0,608675.0,0.672496,1.051848,BRA,IRL,848490
2555223,39,106,9253,2001,1756.0,10530.0,0.971827,1.105171,CAN,IRL,848490
2555224,41,106,9253,2001,3387.0,9844.0,2.227246,0.553956,CHE,IRL,848490
2555225,43,106,9253,2001,1003.0,1025459.0,0.525171,3.092963,CHN,IRL,848490
2555226,59,106,9253,2001,207990.0,9755.0,1.485703,1.109305,CZE,IRL,848490
2555227,61,106,9253,2001,207560.0,27996.0,2.321375,-2.1110990000000003,DEU,IRL,848490
2555228,63,106,9253,2001,34860.0,0.0,0.613251,0.226998,DMA,IRL,848490
2555229,64,106,9253,2001,9108.0,0.0,1.261883,1.351875,DNK,IRL,848490
2555230,66,106,9253,2001,0.0,3824.0,-0.663363,-1.158295,DZA,IRL,848490
2555231,68,106,9253,2001,0.0,1058.0,-0.373576,0.366385,EGY,IRL,848490
2555232,71,106,9253,2001,48812.0,0.0,1.079664,1.9842220000000002,ESP,IRL,848490
2555233,74,106,9253,2001,0.0,27155.0,2.069141,0.9375180000000001,FIN,IRL,848490
2555234,77,106,9253,2001,65564.0,10286.0,1.653507,0.797582,FRA,IRL,848490
2555235,80,106,9253,2001,0.0,31501.0,-1.063007,-1.181284,GAB,IRL,848490
2555236,81,106,9253,2001,994845.0,34496.0,1.976894,0.685435,GBR,IRL,848490
2555237,102,106,9253,2001,2555.0,2155.0,1.102262,1.138016,HUN,IRL,848490
2555238,103,106,9253,2001,0.0,19616.0,-0.167771,1.6587889999999998,IDN,IRL,848490
2555239,104,106,9253,2001,0.0,28392.0,0.349744,2.665844,IND,IRL,848490
2555240,109,106,9253,2001,0.0,2008.0,0.032382999999999995,-0.51054,ISL,IRL,848490
2555241,110,106,9253,2001,4368.0,6919.0,1.374873,0.775594,ISR,IRL,848490
2555242,111,106,9253,2001,96713.0,4540.0,1.389926,1.282143,ITA,IRL,848490
2555243,114,106,9253,2001,49310.0,189889.0,2.585857,0.522663,JPN,IRL,848490
2555244,115,106,9253,2001,0.0,7019.0,0.009714,-0.525899,KAZ,IRL,848490
2555245,121,106,9253,2001,9037.0,4189.0,1.145797,1.0762399999999999,KOR,IRL,848490
2555246,124,106,9253,2001,0.0,1799.0,0.165355,0.988008,LBN,IRL,848490
2555247,138,106,9253,2001,0.0,1891.0,0.797058,0.713234,MEX,IRL,848490
2555248,153,106,9253,2001,0.0,3588.0,0.768174,0.307033,MYS,IRL,848490
2555249,162,106,9253,2001,38140.0,0.0,1.315685,1.590935,NLD,IRL,848490
2555250,163,106,9253,2001,6898.0,1243.0,0.974814,0.06512000000000001,NOR,IRL,848490
2555251,179,106,9253,2001,0.0,4385.0,0.482048,1.662123,PRT,IRL,848490
2555252,188,106,9253,2001,0.0,33198.0,0.5370550000000001,-0.793469,SAU,IRL,848490
2555253,192,106,9253,2001,5484.0,20465.0,1.364239,0.721074,SGP,IRL,848490
2555254,207,106,9253,2001,0.0,2470.0,1.5074370000000001,1.1370040000000001,SVN,IRL,848490
2555255,208,106,9253,2001,17089.0,0.0,2.156845,0.784439,SWE,IRL,848490
2555256,216,106,9253,2001,978.0,0.0,0.37555900000000003,1.498267,THA,IRL,848490
2555257,224,106,9253,2001,4811.0,7089.0,0.188773,1.91451,TUR,IRL,848490
2555258,228,106,9253,2001,0.0,1487.0,0.8376969999999999,0.989059,UKR,IRL,848490
2555259,231,106,9253,2001,95927.0,58261.0,1.873674,0.168468,USA,IRL,848490
2555260,236,106,9253,2001,0.0,1129.0,0.261158,-0.7397,VEN,IRL,848490
2555261,246,106,9253,2001,0.0,4501.0,0.356842,2.006155,ZAF,IRL,848490
2555262,249,106,9253,2001,9290.0,47938.0,1.5731700000000002,1.353159,TWN,IRL,848490
2555263,7,113,9253,2001,0.0,9857.0,-0.193984,-0.457124,ARE,JOR,848490
2555264,15,113,9253,2001,4020.0,0.0,1.8571650000000002,0.603191,AUT,JOR,848490
2555265,18,113,9253,2001,7306.0,0.0,1.4328370000000001,1.408495,BEL,JOR,848490
2555266,23,113,9253,2001,146264.0,0.0,0.41425100000000004,1.639866,BGR,JOR,848490
2555267,32,113,9253,2001,1232.0,0.0,0.672496,1.051848,BRA,JOR,848490
2555268,43,113,9253,2001,1150.0,0.0,0.525171,3.092963,CHN,JOR,848490
2555269,59,113,9253,2001,740.0,0.0,1.485703,1.109305,CZE,JOR,848490
2555270,61,113,9253,2001,431318.0,2423.0,2.321375,-2.1110990000000003,DEU,JOR,848490
2555271,64,113,9253,2001,851.0,0.0,1.261883,1.351875,DNK,JOR,848490
2555272,66,113,9253,2001,339.0,0.0,-0.663363,-1.158295,DZA,JOR,848490
2555273,71,113,9253,2001,3050793.0,0.0,1.079664,1.9842220000000002,ESP,JOR,848490
2555274,77,113,9253,2001,25854.0,0.0,1.653507,0.797582,FRA,JOR,848490
2555275,81,113,9253,2001,11771.0,0.0,1.976894,0.685435,GBR,JOR,848490
2555276,104,113,9253,2001,2812.0,0.0,0.349744,2.665844,IND,JOR,848490
2555277,108,113,9253,2001,0.0,514458.0,-1.115465,-0.883028,IRQ,JOR,848490
2555278,110,113,9253,2001,0.0,2387.0,1.374873,0.775594,ISR,JOR,848490
2555279,111,113,9253,2001,138515.0,0.0,1.389926,1.282143,ITA,JOR,848490
2555280,114,113,9253,2001,51566.0,0.0,2.585857,0.522663,JPN,JOR,848490
2555281,121,113,9253,2001,6723.0,0.0,1.145797,1.0762399999999999,KOR,JOR,848490
2555282,162,113,9253,2001,3822.0,0.0,1.315685,1.590935,NLD,JOR,848490
2555283,188,113,9253,2001,9415.0,0.0,0.5370550000000001,-0.793469,SAU,JOR,848490
2555284,190,113,9253,2001,0.0,2759.0,-1.6325180000000001,-1.263267,SDN,JOR,848490
2555285,208,113,9253,2001,5167.0,0.0,2.156845,0.784439,SWE,JOR,848490
2555286,216,113,9253,2001,1682.0,0.0,0.37555900000000003,1.498267,THA,JOR,848490
2555287,224,113,9253,2001,7308.0,0.0,0.188773,1.91451,TUR,JOR,848490
2555288,231,113,9253,2001,168672.0,0.0,1.873674,0.168468,USA,JOR,848490
2555289,249,113,9253,2001,35978.0,0.0,1.5731700000000002,1.353159,TWN,JOR,848490
2555290,250,113,9253,2001,554427.0,44600.0,1.096023,-0.33562600000000004,ANS,JOR,848490
2555291,7,115,9253,2001,31724.0,0.0,-0.193984,-0.457124,ARE,KAZ,848490
2555292,8,115,9253,2001,0.0,763.0,0.287698,0.547137,ARG,KAZ,848490
2555293,15,115,9253,2001,882.0,0.0,1.8571650000000002,0.603191,AUT,KAZ,848490
2555294,39,115,9253,2001,11133.0,0.0,0.971827,1.105171,CAN,KAZ,848490
2555295,59,115,9253,2001,17705.0,0.0,1.485703,1.109305,CZE,KAZ,848490
2555296,61,115,9253,2001,148500.0,15202.0,2.321375,-2.1110990000000003,DEU,KAZ,848490
2555297,64,115,9253,2001,3025.0,0.0,1.261883,1.351875,DNK,KAZ,848490
2555298,77,115,9253,2001,7035.0,0.0,1.653507,0.797582,FRA,KAZ,848490
2555299,81,115,9253,2001,244869.0,5694.0,1.976894,0.685435,GBR,KAZ,848490
2555300,102,115,9253,2001,1735.0,0.0,1.102262,1.138016,HUN,KAZ,848490
2555301,104,115,9253,2001,83821.0,0.0,0.349744,2.665844,IND,KAZ,848490
2555302,106,115,9253,2001,7019.0,0.0,1.664233,0.129983,IRL,KAZ,848490
2555303,111,115,9253,2001,23851.0,0.0,1.389926,1.282143,ITA,KAZ,848490
2555304,114,115,9253,2001,6401.0,0.0,2.585857,0.522663,JPN,KAZ,848490
2555305,121,115,9253,2001,4603.0,0.0,1.145797,1.0762399999999999,KOR,KAZ,848490
2555306,162,115,9253,2001,13164.0,0.0,1.315685,1.590935,NLD,KAZ,848490
2555307,177,115,9253,2001,2076.0,0.0,0.9474540000000001,1.8408220000000002,POL,KAZ,848490
2555308,185,115,9253,2001,4296.0,0.0,0.326733,1.005332,ROU,KAZ,848490
2555309,186,115,9253,2001,50555.0,0.0,0.945816,0.35027600000000003,RUS,KAZ,848490
2555310,219,115,9253,2001,0.0,22434.0,-1.24627,-1.2760209999999998,TKM,KAZ,848490
2555311,224,115,9253,2001,4370.0,769.0,0.188773,1.91451,TUR,KAZ,848490
2555312,228,115,9253,2001,2539.0,0.0,0.8376969999999999,0.989059,UKR,KAZ,848490
2555313,231,115,9253,2001,7933.0,0.0,1.873674,0.168468,USA,KAZ,848490
2555314,7,116,9253,2001,29345.0,0.0,-0.193984,-0.457124,ARE,KEN,848490
2555315,14,116,9253,2001,17989.0,0.0,0.29463,0.772375,AUS,KEN,848490
2555316,15,116,9253,2001,0.0,982.0,1.8571650000000002,0.603191,AUT,KEN,848490
2555317,18,116,9253,2001,4731.0,0.0,1.4328370000000001,1.408495,BEL,KEN,848490
2555318,41,116,9253,2001,562.0,0.0,2.227246,0.553956,CHE,KEN,848490
2555319,43,116,9253,2001,7158.0,0.0,0.525171,3.092963,CHN,KEN,848490
2555320,61,116,9253,2001,44174.0,0.0,2.321375,-2.1110990000000003,DEU,KEN,848490
2555321,64,116,9253,2001,3095.0,0.0,1.261883,1.351875,DNK,KEN,848490
2555322,74,116,9253,2001,1766.0,0.0,2.069141,0.9375180000000001,FIN,KEN,848490
2555323,77,116,9253,2001,8623.0,0.0,1.653507,0.797582,FRA,KEN,848490
2555324,81,116,9253,2001,13906.0,0.0,1.976894,0.685435,GBR,KEN,848490
2555325,97,116,9253,2001,1325.0,0.0,0.521528,2.3025,HKG,KEN,848490
2555326,103,116,9253,2001,2444.0,0.0,-0.167771,1.6587889999999998,IDN,KEN,848490
2555327,104,116,9253,2001,8436.0,0.0,0.349744,2.665844,IND,KEN,848490
2555328,111,116,9253,2001,3233.0,0.0,1.389926,1.282143,ITA,KEN,848490
2555329,114,116,9253,2001,65088.0,0.0,2.585857,0.522663,JPN,KEN,848490
2555330,138,116,9253,2001,0.0,1162.0,0.797058,0.713234,MEX,KEN,848490
2555331,153,116,9253,2001,2342.0,0.0,0.768174,0.307033,MYS,KEN,848490
2555332,159,116,9253,2001,4986.0,0.0,-1.966439,-1.2724520000000001,NGA,KEN,848490
2555333,162,116,9253,2001,5344.0,0.0,1.315685,1.590935,NLD,KEN,848490
2555334,192,116,9253,2001,1110.0,0.0,1.364239,0.721074,SGP,KEN,848490
2555335,208,116,9253,2001,1154.0,0.0,2.156845,0.784439,SWE,KEN,848490
2555336,211,116,9253,2001,0.0,1009.0,0.065059,-0.7806489999999999,SYC,KEN,848490
2555337,216,116,9253,2001,27814.0,0.0,0.37555900000000003,1.498267,THA,KEN,848490
2555338,226,116,9253,2001,0.0,1003.0,-1.193991,-0.49282200000000004,TZA,KEN,848490
2555339,227,116,9253,2001,0.0,8279.0,-0.9694860000000001,-0.840592,UGA,KEN,848490
2555340,231,116,9253,2001,36356.0,0.0,1.873674,0.168468,USA,KEN,848490
2555341,246,116,9253,2001,7127.0,0.0,0.356842,2.006155,ZAF,KEN,848490
2555342,249,116,9253,2001,108010.0,0.0,1.5731700000000002,1.353159,TWN,KEN,848490
2555343,250,116,9253,2001,18042.0,1283.0,1.096023,-0.33562600000000004,ANS,KEN,848490
2555344,39,117,9253,2001,1631.0,0.0,0.971827,1.105171,CAN,KGZ,848490
2555345,61,117,9253,2001,2877.0,0.0,2.321375,-2.1110990000000003,DEU,KGZ,848490
2555346,104,117,9253,2001,5088.0,0.0,0.349744,2.665844,IND,KGZ,848490
2555347,186,117,9253,2001,8498.0,0.0,0.945816,0.35027600000000003,RUS,KGZ,848490
2555348,15,132,9253,2001,4031.0,0.0,1.8571650000000002,0.603191,AUT,LVA,848490
2555349,18,132,9253,2001,18582.0,0.0,1.4328370000000001,1.408495,BEL,LVA,848490
2555350,28,132,9253,2001,0.0,2314.0,0.804404,0.936773,BLR,LVA,848490
2555351,59,132,9253,2001,2994.0,0.0,1.485703,1.109305,CZE,LVA,848490
2555352,61,132,9253,2001,73409.0,0.0,2.321375,-2.1110990000000003,DEU,LVA,848490
2555353,64,132,9253,2001,7829.0,0.0,1.261883,1.351875,DNK,LVA,848490
2555354,71,132,9253,2001,23129.0,0.0,1.079664,1.9842220000000002,ESP,LVA,848490
2555355,72,132,9253,2001,1628.0,5425.0,0.5746829999999999,0.9073899999999999,EST,LVA,848490
2555356,74,132,9253,2001,49796.0,0.0,2.069141,0.9375180000000001,FIN,LVA,848490
2555357,77,132,9253,2001,2565.0,0.0,1.653507,0.797582,FRA,LVA,848490
2555358,111,132,9253,2001,1270.0,0.0,1.389926,1.282143,ITA,LVA,848490
2555359,114,132,9253,2001,6380.0,0.0,2.585857,0.522663,JPN,LVA,848490
2555360,162,132,9253,2001,4981.0,0.0,1.315685,1.590935,NLD,LVA,848490
2555361,163,132,9253,2001,8879.0,0.0,0.974814,0.06512000000000001,NOR,LVA,848490
2555362,186,132,9253,2001,2277.0,0.0,0.945816,0.35027600000000003,RUS,LVA,848490
2555363,208,132,9253,2001,19017.0,0.0,2.156845,0.784439,SWE,LVA,848490
2555364,249,132,9253,2001,3069.0,0.0,1.5731700000000002,1.353159,TWN,LVA,848490
2555365,250,132,9253,2001,1469.0,0.0,1.096023,-0.33562600000000004,ANS,LVA,848490
2555366,18,147,9253,2001,17313.0,0.0,1.4328370000000001,1.408495,BEL,MOZ,848490
2555367,43,147,9253,2001,978.0,0.0,0.525171,3.092963,CHN,MOZ,848490
2555368,61,147,9253,2001,3196.0,0.0,2.321375,-2.1110990000000003,DEU,MOZ,848490
2555369,71,147,9253,2001,8822.0,0.0,1.079664,1.9842220000000002,ESP,MOZ,848490
2555370,74,147,9253,2001,7410.0,0.0,2.069141,0.9375180000000001,FIN,MOZ,848490
2555371,77,147,9253,2001,1671.0,0.0,1.653507,0.797582,FRA,MOZ,848490
2555372,81,147,9253,2001,6350.0,0.0,1.976894,0.685435,GBR,MOZ,848490
2555373,104,147,9253,2001,2917.0,0.0,0.349744,2.665844,IND,MOZ,848490
2555374,111,147,9253,2001,11249.0,0.0,1.389926,1.282143,ITA,MOZ,848490
2555375,114,147,9253,2001,1918.0,0.0,2.585857,0.522663,JPN,MOZ,848490
2555376,121,147,9253,2001,5956.0,0.0,1.145797,1.0762399999999999,KOR,MOZ,848490
2555377,162,147,9253,2001,1207.0,0.0,1.315685,1.590935,NLD,MOZ,848490
2555378,179,147,9253,2001,8340.0,0.0,0.482048,1.662123,PRT,MOZ,848490
2555379,208,147,9253,2001,2540.0,0.0,2.156845,0.784439,SWE,MOZ,848490
2555380,231,147,9253,2001,14163.0,0.0,1.873674,0.168468,USA,MOZ,848490
2555381,246,147,9253,2001,42685.0,0.0,0.356842,2.006155,ZAF,MOZ,848490
2555382,250,147,9253,2001,6274.0,2747.0,1.096023,-0.33562600000000004,ANS,MOZ,848490
2555383,14,153,9253,2001,6048.0,2741.0,0.29463,0.772375,AUS,MYS,848490
2555384,15,153,9253,2001,52016.0,0.0,1.8571650000000002,0.603191,AUT,MYS,848490
2555385,18,153,9253,2001,8670.0,0.0,1.4328370000000001,1.408495,BEL,MYS,848490
2555386,32,153,9253,2001,21506.0,0.0,0.672496,1.051848,BRA,MYS,848490
2555387,34,153,9253,2001,924.0,925.0,-0.8654209999999999,-0.930599,BRN,MYS,848490
2555388,39,153,9253,2001,2694.0,0.0,0.971827,1.105171,CAN,MYS,848490
2555389,41,153,9253,2001,12423.0,0.0,2.227246,0.553956,CHE,MYS,848490
2555390,43,153,9253,2001,136647.0,6448.0,0.525171,3.092963,CHN,MYS,848490
2555391,44,153,9253,2001,0.0,692.0,-0.715949,-0.524428,CIV,MYS,848490
2555392,45,153,9253,2001,0.0,7011.0,-1.6254879999999998,-1.212513,CMR,MYS,848490
2555393,49,153,9253,2001,0.0,2392.0,0.30412,0.395913,COL,MYS,848490
2555394,61,153,9253,2001,859072.0,4681.0,2.321375,-2.1110990000000003,DEU,MYS,848490
2555395,64,153,9253,2001,855559.0,0.0,1.261883,1.351875,DNK,MYS,848490
2555396,71,153,9253,2001,20091.0,0.0,1.079664,1.9842220000000002,ESP,MYS,848490
2555397,77,153,9253,2001,125560.0,14743.0,1.653507,0.797582,FRA,MYS,848490
2555398,81,153,9253,2001,287622.0,26862.0,1.976894,0.685435,GBR,MYS,848490
2555399,83,153,9253,2001,0.0,1230.0,-0.961067,-0.780449,GHA,MYS,848490
2555400,96,153,9253,2001,0.0,922.0,-0.955816,-0.8593069999999999,GUY,MYS,848490
2555401,97,153,9253,2001,3170.0,144660.0,0.521528,2.3025,HKG,MYS,848490
2555402,103,153,9253,2001,8800.0,17681.0,-0.167771,1.6587889999999998,IDN,MYS,848490
2555403,104,153,9253,2001,22501.0,6707.0,0.349744,2.665844,IND,MYS,848490
2555404,106,153,9253,2001,3588.0,0.0,1.664233,0.129983,IRL,MYS,848490
2555405,107,153,9253,2001,0.0,1954.0,-0.7732479999999999,-0.8979370000000001,IRN,MYS,848490
2555406,111,153,9253,2001,210826.0,0.0,1.389926,1.282143,ITA,MYS,848490
2555407,114,153,9253,2001,781148.0,184991.0,2.585857,0.522663,JPN,MYS,848490
2555408,116,153,9253,2001,0.0,2342.0,-0.529388,0.092271,KEN,MYS,848490
2555409,118,153,9253,2001,0.0,4690.0,-1.231058,-1.154536,KHM,MYS,848490
2555410,121,153,9253,2001,23047.0,13055.0,1.145797,1.0762399999999999,KOR,MYS,848490
2555411,128,153,9253,2001,0.0,1302.0,-0.722434,-0.033818,LKA,MYS,848490
2555412,137,153,9253,2001,0.0,821.0,-0.980734,-0.9785659999999999,MDV,MYS,848490
2555413,138,153,9253,2001,0.0,1221.0,0.797058,0.713234,MEX,MYS,848490
2555414,151,153,9253,2001,0.0,1501.0,-0.410422,-0.5868369999999999,MUS,MYS,848490
2555415,162,153,9253,2001,8396.0,2826.0,1.315685,1.590935,NLD,MYS,848490
2555416,168,153,9253,2001,0.0,1939.0,-0.8376520000000001,-0.378743,PAK,MYS,848490
2555417,174,153,9253,2001,0.0,42443.0,-0.028201,-0.112349,PHL,MYS,848490
2555418,176,153,9253,2001,0.0,4043.0,-1.503929,-1.199463,PNG,MYS,848490
2555419,192,153,9253,2001,633522.0,851016.0,1.364239,0.721074,SGP,MYS,848490
2555420,208,153,9253,2001,32643.0,7424.0,2.156845,0.784439,SWE,MYS,848490
2555421,216,153,9253,2001,1072541.0,36903.0,0.37555900000000003,1.498267,THA,MYS,848490
2555422,224,153,9253,2001,5459.0,0.0,0.188773,1.91451,TUR,MYS,848490
2555423,231,153,9253,2001,155215.0,37500.0,1.873674,0.168468,USA,MYS,848490
2555424,239,153,9253,2001,11356.0,24126.0,-0.6692130000000001,0.610992,VNM,MYS,848490
2555425,249,153,9253,2001,2602658.0,39064.0,1.5731700000000002,1.353159,TWN,MYS,848490
2555426,7,167,9253,2001,11594.0,0.0,-0.193984,-0.457124,ARE,OMN,848490
2555427,14,167,9253,2001,6674.0,0.0,0.29463,0.772375,AUS,OMN,848490
2555428,15,167,9253,2001,9343.0,0.0,1.8571650000000002,0.603191,AUT,OMN,848490
2555429,18,167,9253,2001,2825.0,0.0,1.4328370000000001,1.408495,BEL,OMN,848490
2555430,61,167,9253,2001,257234.0,0.0,2.321375,-2.1110990000000003,DEU,OMN,848490
2555431,64,167,9253,2001,3055.0,0.0,1.261883,1.351875,DNK,OMN,848490
2555432,77,167,9253,2001,2979.0,846.0,1.653507,0.797582,FRA,OMN,848490
2555433,81,167,9253,2001,114164.0,0.0,1.976894,0.685435,GBR,OMN,848490
2555434,104,167,9253,2001,5379.0,0.0,0.349744,2.665844,IND,OMN,848490
2555435,111,167,9253,2001,28525.0,0.0,1.389926,1.282143,ITA,OMN,848490
2555436,114,167,9253,2001,1223358.0,0.0,2.585857,0.522663,JPN,OMN,848490
2555437,121,167,9253,2001,176304.0,0.0,1.145797,1.0762399999999999,KOR,OMN,848490
2555438,128,167,9253,2001,0.0,900.0,-0.722434,-0.033818,LKA,OMN,848490
2555439,138,167,9253,2001,4175.0,0.0,0.797058,0.713234,MEX,OMN,848490
2555440,162,167,9253,2001,18421.0,0.0,1.315685,1.590935,NLD,OMN,848490
2555441,188,167,9253,2001,23255.0,0.0,0.5370550000000001,-0.793469,SAU,OMN,848490
2555442,192,167,9253,2001,2792.0,0.0,1.364239,0.721074,SGP,OMN,848490
2555443,208,167,9253,2001,8568.0,0.0,2.156845,0.784439,SWE,OMN,848490
2555444,231,167,9253,2001,14016.0,0.0,1.873674,0.168468,USA,OMN,848490
2555445,14,177,9253,2001,930.0,0.0,0.29463,0.772375,AUS,POL,848490
2555446,15,177,9253,2001,183550.0,8490.0,1.8571650000000002,0.603191,AUT,POL,848490
2555447,18,177,9253,2001,190835.0,5525.0,1.4328370000000001,1.408495,BEL,POL,848490
2555448,23,177,9253,2001,0.0,4596.0,0.41425100000000004,1.639866,BGR,POL,848490
2555449,28,177,9253,2001,0.0,96075.0,0.804404,0.936773,BLR,POL,848490
2555450,41,177,9253,2001,7796.0,1539.0,2.227246,0.553956,CHE,POL,848490
2555451,42,177,9253,2001,0.0,1070.0,-0.004658,-0.002548,CHL,POL,848490
2555452,43,177,9253,2001,28605.0,0.0,0.525171,3.092963,CHN,POL,848490
2555453,49,177,9253,2001,0.0,1073.0,0.30412,0.395913,COL,POL,848490
2555454,59,177,9253,2001,55350.0,3246.0,1.485703,1.109305,CZE,POL,848490
2555455,61,177,9253,2001,1173512.0,262926.0,2.321375,-2.1110990000000003,DEU,POL,848490
2555456,64,177,9253,2001,40097.0,0.0,1.261883,1.351875,DNK,POL,848490
2555457,68,177,9253,2001,0.0,26918.0,-0.373576,0.366385,EGY,POL,848490
2555458,71,177,9253,2001,851966.0,0.0,1.079664,1.9842220000000002,ESP,POL,848490
2555459,72,177,9253,2001,0.0,1594.0,0.5746829999999999,0.9073899999999999,EST,POL,848490
2555460,74,177,9253,2001,56018.0,986.0,2.069141,0.9375180000000001,FIN,POL,848490
2555461,77,177,9253,2001,153826.0,14656.0,1.653507,0.797582,FRA,POL,848490
2555462,81,177,9253,2001,140859.0,32304.0,1.976894,0.685435,GBR,POL,848490
2555463,100,177,9253,2001,0.0,4679.0,0.544596,0.969535,HRV,POL,848490
2555464,102,177,9253,2001,57086.0,18063.0,1.102262,1.138016,HUN,POL,848490
2555465,107,177,9253,2001,0.0,4085.0,-0.7732479999999999,-0.8979370000000001,IRN,POL,848490
2555466,111,177,9253,2001,452639.0,11373.0,1.389926,1.282143,ITA,POL,848490
2555467,114,177,9253,2001,12498.0,0.0,2.585857,0.522663,JPN,POL,848490
2555468,115,177,9253,2001,0.0,2076.0,0.009714,-0.525899,KAZ,POL,848490
2555469,162,177,9253,2001,30832.0,0.0,1.315685,1.590935,NLD,POL,848490
2555470,163,177,9253,2001,5618.0,11306.0,0.974814,0.06512000000000001,NOR,POL,848490
2555471,179,177,9253,2001,81345.0,1219.0,0.482048,1.662123,PRT,POL,848490
2555472,185,177,9253,2001,0.0,37843.0,0.326733,1.005332,ROU,POL,848490
2555473,186,177,9253,2001,53556.0,58706.0,0.945816,0.35027600000000003,RUS,POL,848490
2555474,189,177,9253,2001,0.0,7447.0,0.45280200000000004,2.469852,SCG,POL,848490
2555475,206,177,9253,2001,15848.0,2962.0,1.1732770000000001,1.088576,SVK,POL,848490
2555476,207,177,9253,2001,226213.0,1408.0,1.5074370000000001,1.1370040000000001,SVN,POL,848490
2555477,208,177,9253,2001,88969.0,0.0,2.156845,0.784439,SWE,POL,848490
2555478,216,177,9253,2001,0.0,8110.0,0.37555900000000003,1.498267,THA,POL,848490
2555479,223,177,9253,2001,0.0,576.0,-0.162152,0.23939699999999997,TUN,POL,848490
2555480,224,177,9253,2001,0.0,5683.0,0.188773,1.91451,TUR,POL,848490
2555481,228,177,9253,2001,0.0,454836.0,0.8376969999999999,0.989059,UKR,POL,848490
2555482,231,177,9253,2001,8149.0,0.0,1.873674,0.168468,USA,POL,848490
2555483,249,177,9253,2001,92162.0,0.0,1.5731700000000002,1.353159,TWN,POL,848490
2555484,2,179,9253,2001,0.0,85288.0,-1.523823,-1.214093,AGO,PRT,848490
2555485,15,179,9253,2001,16051.0,1891.0,1.8571650000000002,0.603191,AUT,PRT,848490
2555486,18,179,9253,2001,636099.0,4605.0,1.4328370000000001,1.408495,BEL,PRT,848490
2555487,32,179,9253,2001,4960.0,1069.0,0.672496,1.051848,BRA,PRT,848490
2555488,39,179,9253,2001,3309.0,0.0,0.971827,1.105171,CAN,PRT,848490
2555489,41,179,9253,2001,25899.0,1673.0,2.227246,0.553956,CHE,PRT,848490
2555490,42,179,9253,2001,2244.0,0.0,-0.004658,-0.002548,CHL,PRT,848490
2555491,43,179,9253,2001,2070.0,0.0,0.525171,3.092963,CHN,PRT,848490
2555492,51,179,9253,2001,0.0,3434.0,0.063802,-0.456617,CPV,PRT,848490
2555493,61,179,9253,2001,982697.0,217105.0,2.321375,-2.1110990000000003,DEU,PRT,848490
2555494,64,179,9253,2001,102673.0,0.0,1.261883,1.351875,DNK,PRT,848490
2555495,71,179,9253,2001,3779379.0,84448.0,1.079664,1.9842220000000002,ESP,PRT,848490
2555496,74,179,9253,2001,72403.0,0.0,2.069141,0.9375180000000001,FIN,PRT,848490
2555497,77,179,9253,2001,428962.0,431037.0,1.653507,0.797582,FRA,PRT,848490
2555498,81,179,9253,2001,152030.0,180298.0,1.976894,0.685435,GBR,PRT,848490
2555499,97,179,9253,2001,0.0,12431.0,0.521528,2.3025,HKG,PRT,848490
2555500,104,179,9253,2001,2219.0,0.0,0.349744,2.665844,IND,PRT,848490
2555501,106,179,9253,2001,4385.0,0.0,1.664233,0.129983,IRL,PRT,848490
2555502,109,179,9253,2001,0.0,18099.0,0.032382999999999995,-0.51054,ISL,PRT,848490
2555503,111,179,9253,2001,236215.0,0.0,1.389926,1.282143,ITA,PRT,848490
2555504,114,179,9253,2001,82215.0,0.0,2.585857,0.522663,JPN,PRT,848490
2555505,121,179,9253,2001,1606.0,0.0,1.145797,1.0762399999999999,KOR,PRT,848490
2555506,131,179,9253,2001,1724.0,0.0,1.470895,1.149007,LUX,PRT,848490
2555507,147,179,9253,2001,0.0,8340.0,-1.2364879999999998,-1.136715,MOZ,PRT,848490
2555508,162,179,9253,2001,128341.0,0.0,1.315685,1.590935,NLD,PRT,848490
2555509,163,179,9253,2001,27643.0,0.0,0.974814,0.06512000000000001,NOR,PRT,848490
2555510,177,179,9253,2001,1219.0,81345.0,0.9474540000000001,1.8408220000000002,POL,PRT,848490
2555511,191,179,9253,2001,0.0,5313.0,-0.437779,-0.436654,SEN,PRT,848490
2555512,203,179,9253,2001,0.0,1701.0,0.777231,-0.484709,STP,PRT,848490
2555513,208,179,9253,2001,52849.0,0.0,2.156845,0.784439,SWE,PRT,848490
2555514,222,179,9253,2001,0.0,760.0,0.178256,-0.709126,TTO,PRT,848490
2555515,231,179,9253,2001,8771.0,0.0,1.873674,0.168468,USA,PRT,848490
2555516,249,179,9253,2001,15731.0,0.0,1.5731700000000002,1.353159,TWN,PRT,848490
2555517,14,183,9253,2001,4961.0,0.0,0.29463,0.772375,AUS,QAT,848490
2555518,15,183,9253,2001,462.0,0.0,1.8571650000000002,0.603191,AUT,QAT,848490
2555519,61,183,9253,2001,100804.0,0.0,2.321375,-2.1110990000000003,DEU,QAT,848490
2555520,74,183,9253,2001,664.0,0.0,2.069141,0.9375180000000001,FIN,QAT,848490
2555521,77,183,9253,2001,35086.0,0.0,1.653507,0.797582,FRA,QAT,848490
2555522,81,183,9253,2001,77514.0,0.0,1.976894,0.685435,GBR,QAT,848490
2555523,107,183,9253,2001,0.0,638.0,-0.7732479999999999,-0.8979370000000001,IRN,QAT,848490
2555524,111,183,9253,2001,83699.0,0.0,1.389926,1.282143,ITA,QAT,848490
2555525,114,183,9253,2001,27815.0,0.0,2.585857,0.522663,JPN,QAT,848490
2555526,121,183,9253,2001,49307.0,0.0,1.145797,1.0762399999999999,KOR,QAT,848490
2555527,162,183,9253,2001,47711.0,0.0,1.315685,1.590935,NLD,QAT,848490
2555528,188,183,9253,2001,16349.0,0.0,0.5370550000000001,-0.793469,SAU,QAT,848490
2555529,208,183,9253,2001,3635.0,0.0,2.156845,0.784439,SWE,QAT,848490
2555530,231,183,9253,2001,20487.0,0.0,1.873674,0.168468,USA,QAT,848490
2555531,1,186,9253,2001,0.0,16656.0,-0.033686,-0.46412700000000007,AFG,RUS,848490
2555532,7,186,9253,2001,0.0,1249.0,-0.193984,-0.457124,ARE,RUS,848490
2555533,14,186,9253,2001,927.0,0.0,0.29463,0.772375,AUS,RUS,848490
2555534,15,186,9253,2001,202080.0,0.0,1.8571650000000002,0.603191,AUT,RUS,848490
2555535,16,186,9253,2001,0.0,1031.0,-0.6731090000000001,-1.037922,AZE,RUS,848490
2555536,18,186,9253,2001,14641.0,20856.0,1.4328370000000001,1.408495,BEL,RUS,848490
2555537,23,186,9253,2001,5318.0,12968.0,0.41425100000000004,1.639866,BGR,RUS,848490
2555538,28,186,9253,2001,6738.0,233246.0,0.804404,0.936773,BLR,RUS,848490
2555539,39,186,9253,2001,18701.0,7509.0,0.971827,1.105171,CAN,RUS,848490
2555540,41,186,9253,2001,5802.0,0.0,2.227246,0.553956,CHE,RUS,848490
2555541,43,186,9253,2001,274846.0,77142.0,0.525171,3.092963,CHN,RUS,848490
2555542,54,186,9253,2001,0.0,51160.0,-0.443391,-0.9599030000000001,CUB,RUS,848490
2555543,59,186,9253,2001,49951.0,3945.0,1.485703,1.109305,CZE,RUS,848490
2555544,61,186,9253,2001,853268.0,3634.0,2.321375,-2.1110990000000003,DEU,RUS,848490
2555545,64,186,9253,2001,45610.0,0.0,1.261883,1.351875,DNK,RUS,848490
2555546,71,186,9253,2001,250607.0,0.0,1.079664,1.9842220000000002,ESP,RUS,848490
2555547,72,186,9253,2001,6121.0,1884.0,0.5746829999999999,0.9073899999999999,EST,RUS,848490
2555548,74,186,9253,2001,871144.0,1385.0,2.069141,0.9375180000000001,FIN,RUS,848490
2555549,77,186,9253,2001,25353.0,0.0,1.653507,0.797582,FRA,RUS,848490
2555550,81,186,9253,2001,129467.0,0.0,1.976894,0.685435,GBR,RUS,848490
2555551,82,186,9253,2001,0.0,2768.0,0.585568,-0.047744999999999996,GEO,RUS,848490
2555552,102,186,9253,2001,37740.0,0.0,1.102262,1.138016,HUN,RUS,848490
2555553,104,186,9253,2001,15070.0,2476.0,0.349744,2.665844,IND,RUS,848490
2555554,107,186,9253,2001,0.0,889.0,-0.7732479999999999,-0.8979370000000001,IRN,RUS,848490
2555555,108,186,9253,2001,0.0,26960.0,-1.115465,-0.883028,IRQ,RUS,848490
2555556,110,186,9253,2001,78389.0,0.0,1.374873,0.775594,ISR,RUS,848490
2555557,111,186,9253,2001,289984.0,0.0,1.389926,1.282143,ITA,RUS,848490
2555558,114,186,9253,2001,350159.0,0.0,2.585857,0.522663,JPN,RUS,848490
2555559,115,186,9253,2001,0.0,50555.0,0.009714,-0.525899,KAZ,RUS,848490
2555560,117,186,9253,2001,0.0,8498.0,0.23332199999999997,0.256019,KGZ,RUS,848490
2555561,121,186,9253,2001,19364.0,1394.0,1.145797,1.0762399999999999,KOR,RUS,848490
2555562,130,186,9253,2001,0.0,4563.0,0.15706900000000001,0.416663,LTU,RUS,848490
2555563,132,186,9253,2001,0.0,2277.0,0.404136,0.461009,LVA,RUS,848490
2555564,135,186,9253,2001,0.0,2398.0,-0.024822,-0.15323399999999998,MDA,RUS,848490
2555565,145,186,9253,2001,0.0,4705.0,-0.691001,-0.9284180000000001,MNG,RUS,848490
2555566,159,186,9253,2001,1405.0,0.0,-1.966439,-1.2724520000000001,NGA,RUS,848490
2555567,160,186,9253,2001,0.0,1555.0,-0.8917430000000001,-0.713179,NIC,RUS,848490
2555568,162,186,9253,2001,12845.0,0.0,1.315685,1.590935,NLD,RUS,848490
2555569,163,186,9253,2001,7874.0,950.0,0.974814,0.06512000000000001,NOR,RUS,848490
2555570,177,186,9253,2001,58706.0,53556.0,0.9474540000000001,1.8408220000000002,POL,RUS,848490
2555571,189,186,9253,2001,0.0,1368.0,0.45280200000000004,2.469852,SCG,RUS,848490
2555572,192,186,9253,2001,2736.0,1663.0,1.364239,0.721074,SGP,RUS,848490
2555573,206,186,9253,2001,4937.0,0.0,1.1732770000000001,1.088576,SVK,RUS,848490
2555574,208,186,9253,2001,64875.0,0.0,2.156845,0.784439,SWE,RUS,848490
2555575,217,186,9253,2001,0.0,3621.0,-0.833482,-1.062054,TJK,RUS,848490
2555576,223,186,9253,2001,0.0,2939.0,-0.162152,0.23939699999999997,TUN,RUS,848490
2555577,224,186,9253,2001,1893.0,2577.0,0.188773,1.91451,TUR,RUS,848490
2555578,228,186,9253,2001,394357.0,43489.0,0.8376969999999999,0.989059,UKR,RUS,848490
2555579,231,186,9253,2001,24133.0,1638.0,1.873674,0.168468,USA,RUS,848490
2555580,232,186,9253,2001,2077.0,1094.0,-0.395913,-0.6454449999999999,UZB,RUS,848490
2555581,249,186,9253,2001,20730.0,0.0,1.5731700000000002,1.353159,TWN,RUS,848490
2555582,250,186,9253,2001,0.0,3944.0,1.096023,-0.33562600000000004,ANS,RUS,848490
2555583,18,191,9253,2001,73549.0,0.0,1.4328370000000001,1.408495,BEL,SEN,848490
2555584,45,191,9253,2001,2881.0,0.0,-1.6254879999999998,-1.212513,CMR,SEN,848490
2555585,61,191,9253,2001,11861.0,0.0,2.321375,-2.1110990000000003,DEU,SEN,848490
2555586,64,191,9253,2001,1510.0,0.0,1.261883,1.351875,DNK,SEN,848490
2555587,71,191,9253,2001,14562.0,0.0,1.079664,1.9842220000000002,ESP,SEN,848490
2555588,74,191,9253,2001,2011.0,0.0,2.069141,0.9375180000000001,FIN,SEN,848490
2555589,77,191,9253,2001,126965.0,1377.0,1.653507,0.797582,FRA,SEN,848490
2555590,80,191,9253,2001,0.0,2317.0,-1.063007,-1.181284,GAB,SEN,848490
2555591,81,191,9253,2001,4993.0,0.0,1.976894,0.685435,GBR,SEN,848490
2555592,111,191,9253,2001,3906.0,0.0,1.389926,1.282143,ITA,SEN,848490
2555593,114,191,9253,2001,8503.0,0.0,2.585857,0.522663,JPN,SEN,848490
2555594,134,191,9253,2001,12761.0,0.0,-0.75275,-0.280397,MAR,SEN,848490
2555595,141,191,9253,2001,4390.0,13143.0,-0.40341,-0.626402,MLI,SEN,848490
2555596,162,191,9253,2001,4808.0,0.0,1.315685,1.590935,NLD,SEN,848490
2555597,179,191,9253,2001,5313.0,0.0,0.482048,1.662123,PRT,SEN,848490
2555598,223,191,9253,2001,20222.0,0.0,-0.162152,0.23939699999999997,TUN,SEN,848490
2555599,224,191,9253,2001,3104.0,0.0,0.188773,1.91451,TUR,SEN,848490
2555600,231,191,9253,2001,298957.0,0.0,1.873674,0.168468,USA,SEN,848490
2555601,246,191,9253,2001,1070.0,0.0,0.356842,2.006155,ZAF,SEN,848490
2555602,249,191,9253,2001,1014.0,0.0,1.5731700000000002,1.353159,TWN,SEN,848490
2555603,14,206,9253,2001,0.0,1721.0,0.29463,0.772375,AUS,SVK,848490
2555604,15,206,9253,2001,133016.0,42721.0,1.8571650000000002,0.603191,AUT,SVK,848490
2555605,18,206,9253,2001,1951.0,2184.0,1.4328370000000001,1.408495,BEL,SVK,848490
2555606,23,206,9253,2001,1746.0,1694.0,0.41425100000000004,1.639866,BGR,SVK,848490
2555607,41,206,9253,2001,4670.0,28884.0,2.227246,0.553956,CHE,SVK,848490
2555608,43,206,9253,2001,0.0,881.0,0.525171,3.092963,CHN,SVK,848490
2555609,59,206,9253,2001,644447.0,20491.0,1.485703,1.109305,CZE,SVK,848490
2555610,61,206,9253,2001,233803.0,134300.0,2.321375,-2.1110990000000003,DEU,SVK,848490
2555611,64,206,9253,2001,83234.0,0.0,1.261883,1.351875,DNK,SVK,848490
2555612,71,206,9253,2001,9741.0,0.0,1.079664,1.9842220000000002,ESP,SVK,848490
2555613,74,206,9253,2001,0.0,17233.0,2.069141,0.9375180000000001,FIN,SVK,848490
2555614,77,206,9253,2001,8035.0,4083.0,1.653507,0.797582,FRA,SVK,848490
2555615,81,206,9253,2001,39217.0,130714.0,1.976894,0.685435,GBR,SVK,848490
2555616,102,206,9253,2001,19773.0,18888.0,1.102262,1.138016,HUN,SVK,848490
2555617,104,206,9253,2001,10394.0,0.0,0.349744,2.665844,IND,SVK,848490
2555618,109,206,9253,2001,0.0,384.0,0.032382999999999995,-0.51054,ISL,SVK,848490
2555619,111,206,9253,2001,215163.0,86919.0,1.389926,1.282143,ITA,SVK,848490
2555620,114,206,9253,2001,3135.0,0.0,2.585857,0.522663,JPN,SVK,848490
2555621,130,206,9253,2001,0.0,1233.0,0.15706900000000001,0.416663,LTU,SVK,848490
2555622,162,206,9253,2001,10035.0,36953.0,1.315685,1.590935,NLD,SVK,848490
2555623,163,206,9253,2001,0.0,851.0,0.974814,0.06512000000000001,NOR,SVK,848490
2555624,177,206,9253,2001,2962.0,15848.0,0.9474540000000001,1.8408220000000002,POL,SVK,848490
2555625,185,206,9253,2001,748.0,917.0,0.326733,1.005332,ROU,SVK,848490
2555626,186,206,9253,2001,0.0,4937.0,0.945816,0.35027600000000003,RUS,SVK,848490
2555627,207,206,9253,2001,53731.0,2856.0,1.5074370000000001,1.1370040000000001,SVN,SVK,848490
2555628,208,206,9253,2001,12228.0,55721.0,2.156845,0.784439,SWE,SVK,848490
2555629,228,206,9253,2001,0.0,3466.0,0.8376969999999999,0.989059,UKR,SVK,848490
2555630,231,206,9253,2001,94248.0,291349.0,1.873674,0.168468,USA,SVK,848490
2555631,249,206,9253,2001,2921.0,0.0,1.5731700000000002,1.353159,TWN,SVK,848490
2555632,250,206,9253,2001,2857.0,0.0,1.096023,-0.33562600000000004,ANS,SVK,848490
2555633,15,223,9253,2001,1807.0,0.0,1.8571650000000002,0.603191,AUT,TUN,848490
2555634,18,223,9253,2001,28758.0,0.0,1.4328370000000001,1.408495,BEL,TUN,848490
2555635,32,223,9253,2001,1939.0,0.0,0.672496,1.051848,BRA,TUN,848490
2555636,39,223,9253,2001,1240.0,0.0,0.971827,1.105171,CAN,TUN,848490
2555637,41,223,9253,2001,843.0,0.0,2.227246,0.553956,CHE,TUN,848490
2555638,43,223,9253,2001,22744.0,0.0,0.525171,3.092963,CHN,TUN,848490
2555639,59,223,9253,2001,1122.0,0.0,1.485703,1.109305,CZE,TUN,848490
2555640,61,223,9253,2001,414782.0,28880.0,2.321375,-2.1110990000000003,DEU,TUN,848490
2555641,64,223,9253,2001,4671.0,0.0,1.261883,1.351875,DNK,TUN,848490
2555642,66,223,9253,2001,0.0,3569.0,-0.663363,-1.158295,DZA,TUN,848490
2555643,71,223,9253,2001,94620.0,0.0,1.079664,1.9842220000000002,ESP,TUN,848490
2555644,74,223,9253,2001,1269.0,0.0,2.069141,0.9375180000000001,FIN,TUN,848490
2555645,77,223,9253,2001,859993.0,1653.0,1.653507,0.797582,FRA,TUN,848490
2555646,81,223,9253,2001,7036.0,0.0,1.976894,0.685435,GBR,TUN,848490
2555647,97,223,9253,2001,765.0,0.0,0.521528,2.3025,HKG,TUN,848490
2555648,102,223,9253,2001,5612.0,0.0,1.102262,1.138016,HUN,TUN,848490
2555649,104,223,9253,2001,13665.0,0.0,0.349744,2.665844,IND,TUN,848490
2555650,108,223,9253,2001,0.0,9878.0,-1.115465,-0.883028,IRQ,TUN,848490
2555651,111,223,9253,2001,132261.0,1046.0,1.389926,1.282143,ITA,TUN,848490
2555652,114,223,9253,2001,29638.0,0.0,2.585857,0.522663,JPN,TUN,848490
2555653,121,223,9253,2001,12647.0,0.0,1.145797,1.0762399999999999,KOR,TUN,848490
2555654,126,223,9253,2001,0.0,17816.0,-0.9321459999999999,-1.198124,LBY,TUN,848490
2555655,134,223,9253,2001,5261.0,0.0,-0.75275,-0.280397,MAR,TUN,848490
2555656,162,223,9253,2001,4671.0,0.0,1.315685,1.590935,NLD,TUN,848490
2555657,166,223,9253,2001,6908.0,0.0,0.521409,0.683134,NZL,TUN,848490
2555658,177,223,9253,2001,576.0,0.0,0.9474540000000001,1.8408220000000002,POL,TUN,848490
2555659,186,223,9253,2001,2939.0,0.0,0.945816,0.35027600000000003,RUS,TUN,848490
2555660,191,223,9253,2001,0.0,20222.0,-0.437779,-0.436654,SEN,TUN,848490
2555661,208,223,9253,2001,59773.0,0.0,2.156845,0.784439,SWE,TUN,848490
2555662,224,223,9253,2001,43547.0,0.0,0.188773,1.91451,TUR,TUN,848490
2555663,231,223,9253,2001,221142.0,0.0,1.873674,0.168468,USA,TUN,848490
2555664,246,223,9253,2001,3041.0,0.0,0.356842,2.006155,ZAF,TUN,848490
2555665,249,223,9253,2001,5327.0,0.0,1.5731700000000002,1.353159,TWN,TUN,848490
2555666,15,228,9253,2001,93804.0,3196.0,1.8571650000000002,0.603191,AUT,UKR,848490
2555667,18,228,9253,2001,35601.0,1934.0,1.4328370000000001,1.408495,BEL,UKR,848490
2555668,23,228,9253,2001,5713.0,12490.0,0.41425100000000004,1.639866,BGR,UKR,848490
2555669,28,228,9253,2001,0.0,50183.0,0.804404,0.936773,BLR,UKR,848490
2555670,32,228,9253,2001,9816.0,0.0,0.672496,1.051848,BRA,UKR,848490
2555671,41,228,9253,2001,14884.0,0.0,2.227246,0.553956,CHE,UKR,848490
2555672,43,228,9253,2001,4926.0,0.0,0.525171,3.092963,CHN,UKR,848490
2555673,54,228,9253,2001,0.0,18826.0,-0.443391,-0.9599030000000001,CUB,UKR,848490
2555674,58,228,9253,2001,0.0,884.0,0.381251,0.257802,CYP,UKR,848490
2555675,59,228,9253,2001,21430.0,0.0,1.485703,1.109305,CZE,UKR,848490
2555676,61,228,9253,2001,141713.0,201663.0,2.321375,-2.1110990000000003,DEU,UKR,848490
2555677,64,228,9253,2001,7059.0,0.0,1.261883,1.351875,DNK,UKR,848490
2555678,68,228,9253,2001,0.0,646.0,-0.373576,0.366385,EGY,UKR,848490
2555679,71,228,9253,2001,51307.0,0.0,1.079664,1.9842220000000002,ESP,UKR,848490
2555680,74,228,9253,2001,21811.0,0.0,2.069141,0.9375180000000001,FIN,UKR,848490
2555681,77,228,9253,2001,4034.0,0.0,1.653507,0.797582,FRA,UKR,848490
2555682,81,228,9253,2001,253221.0,0.0,1.976894,0.685435,GBR,UKR,848490
2555683,102,228,9253,2001,13054.0,0.0,1.102262,1.138016,HUN,UKR,848490
2555684,104,228,9253,2001,16957.0,30716.0,0.349744,2.665844,IND,UKR,848490
2555685,106,228,9253,2001,1487.0,0.0,1.664233,0.129983,IRL,UKR,848490
2555686,107,228,9253,2001,0.0,9155.0,-0.7732479999999999,-0.8979370000000001,IRN,UKR,848490
2555687,110,228,9253,2001,798.0,0.0,1.374873,0.775594,ISR,UKR,848490
2555688,111,228,9253,2001,4673.0,0.0,1.389926,1.282143,ITA,UKR,848490
2555689,114,228,9253,2001,21255.0,1533.0,2.585857,0.522663,JPN,UKR,848490
2555690,115,228,9253,2001,0.0,2539.0,0.009714,-0.525899,KAZ,UKR,848490
2555691,121,228,9253,2001,5666.0,0.0,1.145797,1.0762399999999999,KOR,UKR,848490
2555692,135,228,9253,2001,1458.0,0.0,-0.024822,-0.15323399999999998,MDA,UKR,848490
2555693,162,228,9253,2001,2384.0,0.0,1.315685,1.590935,NLD,UKR,848490
2555694,177,228,9253,2001,454836.0,0.0,0.9474540000000001,1.8408220000000002,POL,UKR,848490
2555695,186,228,9253,2001,43489.0,394357.0,0.945816,0.35027600000000003,RUS,UKR,848490
2555696,206,228,9253,2001,3466.0,0.0,1.1732770000000001,1.088576,SVK,UKR,848490
2555697,207,228,9253,2001,11970.0,0.0,1.5074370000000001,1.1370040000000001,SVN,UKR,848490
2555698,208,228,9253,2001,12622.0,0.0,2.156845,0.784439,SWE,UKR,848490
2555699,216,228,9253,2001,0.0,2641.0,0.37555900000000003,1.498267,THA,UKR,848490
2555700,231,228,9253,2001,13341.0,0.0,1.873674,0.168468,USA,UKR,848490
2555701,232,228,9253,2001,0.0,3191.0,-0.395913,-0.6454449999999999,UZB,UKR,848490
2555702,239,228,9253,2001,0.0,3565.0,-0.6692130000000001,0.610992,VNM,UKR,848490
2555703,246,228,9253,2001,341.0,0.0,0.356842,2.006155,ZAF,UKR,848490
2555704,249,228,9253,2001,18921.0,0.0,1.5731700000000002,1.353159,TWN,UKR,848490
2555705,2,246,9253,2001,0.0,150073.0,-1.523823,-1.214093,AGO,ZAF,848490
2555706,7,246,9253,2001,0.0,13776.0,-0.193984,-0.457124,ARE,ZAF,848490
2555707,14,246,9253,2001,17867.0,11644.0,0.29463,0.772375,AUS,ZAF,848490
2555708,15,246,9253,2001,47221.0,0.0,1.8571650000000002,0.603191,AUT,ZAF,848490
2555709,18,246,9253,2001,69241.0,534223.0,1.4328370000000001,1.408495,BEL,ZAF,848490
2555710,32,246,9253,2001,63935.0,4046.0,0.672496,1.051848,BRA,ZAF,848490
2555711,37,246,9253,2001,0.0,232556.0,-0.42690100000000003,-1.081372,BWA,ZAF,848490
2555712,39,246,9253,2001,3325.0,1565.0,0.971827,1.105171,CAN,ZAF,848490
2555713,41,246,9253,2001,45143.0,0.0,2.227246,0.553956,CHE,ZAF,848490
2555714,42,246,9253,2001,0.0,5684.0,-0.004658,-0.002548,CHL,ZAF,848490
2555715,43,246,9253,2001,374903.0,2208.0,0.525171,3.092963,CHN,ZAF,848490
2555716,44,246,9253,2001,0.0,2138.0,-0.715949,-0.524428,CIV,ZAF,848490
2555717,59,246,9253,2001,2877.0,0.0,1.485703,1.109305,CZE,ZAF,848490
2555718,61,246,9253,2001,2496197.0,25388.0,2.321375,-2.1110990000000003,DEU,ZAF,848490
2555719,64,246,9253,2001,6379.0,0.0,1.261883,1.351875,DNK,ZAF,848490
2555720,68,246,9253,2001,0.0,1688.0,-0.373576,0.366385,EGY,ZAF,848490
2555721,71,246,9253,2001,643195.0,0.0,1.079664,1.9842220000000002,ESP,ZAF,848490
2555722,74,246,9253,2001,28888.0,0.0,2.069141,0.9375180000000001,FIN,ZAF,848490
2555723,77,246,9253,2001,477496.0,10079.0,1.653507,0.797582,FRA,ZAF,848490
2555724,80,246,9253,2001,0.0,8206.0,-1.063007,-1.181284,GAB,ZAF,848490
2555725,81,246,9253,2001,458807.0,1118464.0,1.976894,0.685435,GBR,ZAF,848490
2555726,83,246,9253,2001,0.0,8161.0,-0.961067,-0.780449,GHA,ZAF,848490
2555727,93,246,9253,2001,0.0,2354.0,-0.5089520000000001,0.216677,GTM,ZAF,848490
2555728,102,246,9253,2001,2621.0,318.0,1.102262,1.138016,HUN,ZAF,848490
2555729,104,246,9253,2001,35710.0,10811.0,0.349744,2.665844,IND,ZAF,848490
2555730,106,246,9253,2001,4501.0,0.0,1.664233,0.129983,IRL,ZAF,848490
2555731,110,246,9253,2001,1674.0,5820.0,1.374873,0.775594,ISR,ZAF,848490
2555732,111,246,9253,2001,486210.0,13202.0,1.389926,1.282143,ITA,ZAF,848490
2555733,114,246,9253,2001,549581.0,0.0,2.585857,0.522663,JPN,ZAF,848490
2555734,116,246,9253,2001,0.0,7127.0,-0.529388,0.092271,KEN,ZAF,848490
2555735,121,246,9253,2001,4909.0,0.0,1.145797,1.0762399999999999,KOR,ZAF,848490
2555736,128,246,9253,2001,0.0,2833.0,-0.722434,-0.033818,LKA,ZAF,848490
2555737,129,246,9253,2001,0.0,26007.0,-0.786499,-0.7595729999999999,LSO,ZAF,848490
2555738,131,246,9253,2001,1312.0,0.0,1.470895,1.149007,LUX,ZAF,848490
2555739,136,246,9253,2001,0.0,1832.0,-1.247531,-0.637093,MDG,ZAF,848490
2555740,138,246,9253,2001,27085.0,0.0,0.797058,0.713234,MEX,ZAF,848490
2555741,141,246,9253,2001,0.0,5987.0,-0.40341,-0.626402,MLI,ZAF,848490
2555742,147,246,9253,2001,0.0,42685.0,-1.2364879999999998,-1.136715,MOZ,ZAF,848490
2555743,151,246,9253,2001,0.0,6566.0,-0.410422,-0.5868369999999999,MUS,ZAF,848490
2555744,152,246,9253,2001,0.0,19868.0,-1.388716,-1.116315,MWI,ZAF,848490
2555745,155,246,9253,2001,377.0,328374.0,-0.625912,-0.854247,NAM,ZAF,848490
2555746,162,246,9253,2001,24182.0,0.0,1.315685,1.590935,NLD,ZAF,848490
2555747,163,246,9253,2001,2675.0,1352.0,0.974814,0.06512000000000001,NOR,ZAF,848490
2555748,166,246,9253,2001,0.0,1166.0,0.521409,0.683134,NZL,ZAF,848490
2555749,191,246,9253,2001,0.0,1070.0,-0.437779,-0.436654,SEN,ZAF,848490
2555750,192,246,9253,2001,6575.0,0.0,1.364239,0.721074,SGP,ZAF,848490
2555751,208,246,9253,2001,59530.0,0.0,2.156845,0.784439,SWE,ZAF,848490
2555752,209,246,9253,2001,124.0,165277.0,0.372699,-0.287132,SWZ,ZAF,848490
2555753,211,246,9253,2001,0.0,1415.0,0.065059,-0.7806489999999999,SYC,ZAF,848490
2555754,216,246,9253,2001,1240.0,4561.0,0.37555900000000003,1.498267,THA,ZAF,848490
2555755,223,246,9253,2001,0.0,3041.0,-0.162152,0.23939699999999997,TUN,ZAF,848490
2555756,224,246,9253,2001,46066.0,1103.0,0.188773,1.91451,TUR,ZAF,848490
2555757,226,246,9253,2001,0.0,21806.0,-1.193991,-0.49282200000000004,TZA,ZAF,848490
2555758,227,246,9253,2001,0.0,3527.0,-0.9694860000000001,-0.840592,UGA,ZAF,848490
2555759,228,246,9253,2001,0.0,341.0,0.8376969999999999,0.989059,UKR,ZAF,848490
2555760,231,246,9253,2001,697998.0,68253.0,1.873674,0.168468,USA,ZAF,848490
2555761,247,246,9253,2001,0.0,55176.0,-0.731193,-0.706978,ZMB,ZAF,848490
2555762,248,246,9253,2001,2807.0,64066.0,-0.6321829999999999,-0.453671,ZWE,ZAF,848490
2555763,249,246,9253,2001,669884.0,24723.0,1.5731700000000002,1.353159,TWN,ZAF,848490
2555764,250,246,9253,2001,10559.0,0.0,1.096023,-0.33562600000000004,ANS,ZAF,848490
2555765,18,19,9253,2001,10306.0,0.0,1.4328370000000001,1.408495,BEL,BEN,848490
2555766,41,19,9253,2001,3953.0,0.0,2.227246,0.553956,CHE,BEN,848490
2555767,43,19,9253,2001,28589.0,0.0,0.525171,3.092963,CHN,BEN,848490
2555768,61,19,9253,2001,18462.0,0.0,2.321375,-2.1110990000000003,DEU,BEN,848490
2555769,64,19,9253,2001,3095.0,0.0,1.261883,1.351875,DNK,BEN,848490
2555770,77,19,9253,2001,11882.0,751.0,1.653507,0.797582,FRA,BEN,848490
2555771,111,19,9253,2001,1995.0,0.0,1.389926,1.282143,ITA,BEN,848490
2555772,114,19,9253,2001,2038.0,0.0,2.585857,0.522663,JPN,BEN,848490
2555773,208,19,9253,2001,1117.0,0.0,2.156845,0.784439,SWE,BEN,848490
2555774,231,19,9253,2001,824.0,0.0,1.873674,0.168468,USA,BEN,848490
2555775,249,19,9253,2001,3352.0,0.0,1.5731700000000002,1.353159,TWN,BEN,848490
2555776,18,21,9253,2001,13129.0,0.0,1.4328370000000001,1.408495,BEL,BFA,848490
2555777,44,21,9253,2001,3841.0,0.0,-0.715949,-0.524428,CIV,BFA,848490
2555778,61,21,9253,2001,701.0,0.0,2.321375,-2.1110990000000003,DEU,BFA,848490
2555779,64,21,9253,2001,17771.0,0.0,1.261883,1.351875,DNK,BFA,848490
2555780,77,21,9253,2001,44446.0,0.0,1.653507,0.797582,FRA,BFA,848490
2555781,111,21,9253,2001,2092.0,0.0,1.389926,1.282143,ITA,BFA,848490
2555782,114,21,9253,2001,8472.0,0.0,2.585857,0.522663,JPN,BFA,848490
2555783,231,21,9253,2001,7123.0,0.0,1.873674,0.168468,USA,BFA,848490
2555784,231,37,9253,2001,2969.0,0.0,1.873674,0.168468,USA,BWA,848490
2555785,246,37,9253,2001,232556.0,0.0,0.356842,2.006155,ZAF,BWA,848490
2555786,248,37,9253,2001,2290.0,0.0,-0.6321829999999999,-0.453671,ZWE,BWA,848490
2555787,7,44,9253,2001,20599.0,0.0,-0.193984,-0.457124,ARE,CIV,848490
2555788,15,44,9253,2001,1531.0,0.0,1.8571650000000002,0.603191,AUT,CIV,848490
2555789,18,44,9253,2001,4976.0,0.0,1.4328370000000001,1.408495,BEL,CIV,848490
2555790,21,44,9253,2001,0.0,3841.0,-0.291485,-0.20803000000000002,BFA,CIV,848490
2555791,39,44,9253,2001,4471.0,0.0,0.971827,1.105171,CAN,CIV,848490
2555792,41,44,9253,2001,11115.0,0.0,2.227246,0.553956,CHE,CIV,848490
2555793,61,44,9253,2001,24769.0,0.0,2.321375,-2.1110990000000003,DEU,CIV,848490
2555794,71,44,9253,2001,2159.0,0.0,1.079664,1.9842220000000002,ESP,CIV,848490
2555795,77,44,9253,2001,335478.0,0.0,1.653507,0.797582,FRA,CIV,848490
2555796,81,44,9253,2001,10527.0,0.0,1.976894,0.685435,GBR,CIV,848490
2555797,111,44,9253,2001,5082.0,0.0,1.389926,1.282143,ITA,CIV,848490
2555798,114,44,9253,2001,5089.0,0.0,2.585857,0.522663,JPN,CIV,848490
2555799,121,44,9253,2001,1790.0,0.0,1.145797,1.0762399999999999,KOR,CIV,848490
2555800,124,44,9253,2001,1379.0,0.0,0.165355,0.988008,LBN,CIV,848490
2555801,153,44,9253,2001,692.0,0.0,0.768174,0.307033,MYS,CIV,848490
2555802,159,44,9253,2001,5814.0,4385.0,-1.966439,-1.2724520000000001,NGA,CIV,848490
2555803,162,44,9253,2001,10107.0,0.0,1.315685,1.590935,NLD,CIV,848490
2555804,208,44,9253,2001,3387.0,0.0,2.156845,0.784439,SWE,CIV,848490
2555805,224,44,9253,2001,6303.0,0.0,0.188773,1.91451,TUR,CIV,848490
2555806,231,44,9253,2001,44174.0,0.0,1.873674,0.168468,USA,CIV,848490
2555807,246,44,9253,2001,2138.0,0.0,0.356842,2.006155,ZAF,CIV,848490
2555808,249,44,9253,2001,2624.0,0.0,1.5731700000000002,1.353159,TWN,CIV,848490
2555809,18,45,9253,2001,16848.0,0.0,1.4328370000000001,1.408495,BEL,CMR,848490
2555810,32,45,9253,2001,3947.0,0.0,0.672496,1.051848,BRA,CMR,848490
2555811,39,45,9253,2001,1555.0,0.0,0.971827,1.105171,CAN,CMR,848490
2555812,61,45,9253,2001,30939.0,0.0,2.321375,-2.1110990000000003,DEU,CMR,848490
2555813,64,45,9253,2001,1048.0,0.0,1.261883,1.351875,DNK,CMR,848490
2555814,77,45,9253,2001,186978.0,0.0,1.653507,0.797582,FRA,CMR,848490
2555815,81,45,9253,2001,9109.0,0.0,1.976894,0.685435,GBR,CMR,848490
2555816,111,45,9253,2001,219745.0,0.0,1.389926,1.282143,ITA,CMR,848490
2555817,114,45,9253,2001,66684.0,0.0,2.585857,0.522663,JPN,CMR,848490
2555818,121,45,9253,2001,1301.0,0.0,1.145797,1.0762399999999999,KOR,CMR,848490
2555819,153,45,9253,2001,7011.0,0.0,0.768174,0.307033,MYS,CMR,848490
2555820,162,45,9253,2001,1656.0,0.0,1.315685,1.590935,NLD,CMR,848490
2555821,191,45,9253,2001,0.0,2881.0,-0.437779,-0.436654,SEN,CMR,848490
2555822,208,45,9253,2001,4674.0,0.0,2.156845,0.784439,SWE,CMR,848490
2555823,231,45,9253,2001,131314.0,0.0,1.873674,0.168468,USA,CMR,848490
2555824,250,45,9253,2001,584480.0,0.0,1.096023,-0.33562600000000004,ANS,CMR,848490
2555825,61,51,9253,2001,5261.0,0.0,2.321375,-2.1110990000000003,DEU,CPV,848490
2555826,111,51,9253,2001,2614.0,0.0,1.389926,1.282143,ITA,CPV,848490
2555827,162,51,9253,2001,6258.0,0.0,1.315685,1.590935,NLD,CPV,848490
2555828,163,51,9253,2001,920.0,0.0,0.974814,0.06512000000000001,NOR,CPV,848490
2555829,179,51,9253,2001,3434.0,0.0,0.482048,1.662123,PRT,CPV,848490
2555830,18,72,9253,2001,18910.0,0.0,1.4328370000000001,1.408495,BEL,EST,848490
2555831,28,72,9253,2001,0.0,8909.0,0.804404,0.936773,BLR,EST,848490
2555832,41,72,9253,2001,836.0,0.0,2.227246,0.553956,CHE,EST,848490
2555833,61,72,9253,2001,63577.0,0.0,2.321375,-2.1110990000000003,DEU,EST,848490
2555834,71,72,9253,2001,33071.0,0.0,1.079664,1.9842220000000002,ESP,EST,848490
2555835,74,72,9253,2001,178746.0,1975.0,2.069141,0.9375180000000001,FIN,EST,848490
2555836,77,72,9253,2001,0.0,1567.0,1.653507,0.797582,FRA,EST,848490
2555837,81,72,9253,2001,4271.0,0.0,1.976894,0.685435,GBR,EST,848490
2555838,102,72,9253,2001,854.0,0.0,1.102262,1.138016,HUN,EST,848490
2555839,111,72,9253,2001,7387.0,0.0,1.389926,1.282143,ITA,EST,848490
2555840,114,72,9253,2001,5563.0,0.0,2.585857,0.522663,JPN,EST,848490
2555841,130,72,9253,2001,0.0,1162.0,0.15706900000000001,0.416663,LTU,EST,848490
2555842,132,72,9253,2001,5425.0,1628.0,0.404136,0.461009,LVA,EST,848490
2555843,162,72,9253,2001,9296.0,0.0,1.315685,1.590935,NLD,EST,848490
2555844,177,72,9253,2001,1594.0,0.0,0.9474540000000001,1.8408220000000002,POL,EST,848490
2555845,186,72,9253,2001,1884.0,6121.0,0.945816,0.35027600000000003,RUS,EST,848490
2555846,208,72,9253,2001,39906.0,0.0,2.156845,0.784439,SWE,EST,848490
2555847,231,72,9253,2001,14560.0,0.0,1.873674,0.168468,USA,EST,848490
2555848,249,72,9253,2001,698.0,0.0,1.5731700000000002,1.353159,TWN,EST,848490
2555849,250,72,9253,2001,250608.0,0.0,1.096023,-0.33562600000000004,ANS,EST,848490
2555850,7,80,9253,2001,3503.0,0.0,-0.193984,-0.457124,ARE,GAB,848490
2555851,18,80,9253,2001,37082.0,3929.0,1.4328370000000001,1.408495,BEL,GAB,848490
2555852,32,80,9253,2001,5274.0,0.0,0.672496,1.051848,BRA,GAB,848490
2555853,41,80,9253,2001,1863.0,0.0,2.227246,0.553956,CHE,GAB,848490
2555854,47,80,9253,2001,0.0,3983.0,-1.482788,-1.172,COG,GAB,848490
2555855,61,80,9253,2001,15573.0,0.0,2.321375,-2.1110990000000003,DEU,GAB,848490
2555856,64,80,9253,2001,5105.0,0.0,1.261883,1.351875,DNK,GAB,848490
2555857,68,80,9253,2001,8017.0,0.0,-0.373576,0.366385,EGY,GAB,848490
2555858,71,80,9253,2001,37648.0,0.0,1.079664,1.9842220000000002,ESP,GAB,848490
2555859,77,80,9253,2001,227338.0,0.0,1.653507,0.797582,FRA,GAB,848490
2555860,81,80,9253,2001,65956.0,0.0,1.976894,0.685435,GBR,GAB,848490
2555861,85,80,9253,2001,0.0,50040.0,-1.5380340000000001,-1.200083,GIN,GAB,848490
2555862,106,80,9253,2001,31501.0,0.0,1.664233,0.129983,IRL,GAB,848490
2555863,111,80,9253,2001,24120.0,0.0,1.389926,1.282143,ITA,GAB,848490
2555864,114,80,9253,2001,169646.0,0.0,2.585857,0.522663,JPN,GAB,848490
2555865,121,80,9253,2001,2400.0,0.0,1.145797,1.0762399999999999,KOR,GAB,848490
2555866,124,80,9253,2001,5860.0,0.0,0.165355,0.988008,LBN,GAB,848490
2555867,159,80,9253,2001,4354.0,0.0,-1.966439,-1.2724520000000001,NGA,GAB,848490
2555868,162,80,9253,2001,20275.0,0.0,1.315685,1.590935,NLD,GAB,848490
2555869,163,80,9253,2001,1024.0,0.0,0.974814,0.06512000000000001,NOR,GAB,848490
2555870,191,80,9253,2001,2317.0,0.0,-0.437779,-0.436654,SEN,GAB,848490
2555871,192,80,9253,2001,817.0,0.0,1.364239,0.721074,SGP,GAB,848490
2555872,208,80,9253,2001,661.0,0.0,2.156845,0.784439,SWE,GAB,848490
2555873,231,80,9253,2001,150776.0,0.0,1.873674,0.168468,USA,GAB,848490
2555874,246,80,9253,2001,8206.0,0.0,0.356842,2.006155,ZAF,GAB,848490
2555875,249,80,9253,2001,40959.0,0.0,1.5731700000000002,1.353159,TWN,GAB,848490
2555876,18,85,9253,2001,1262.0,0.0,1.4328370000000001,1.408495,BEL,GIN,848490
2555877,61,85,9253,2001,3360.0,0.0,2.321375,-2.1110990000000003,DEU,GIN,848490
2555878,77,85,9253,2001,41767.0,0.0,1.653507,0.797582,FRA,GIN,848490
2555879,80,85,9253,2001,50040.0,0.0,-1.063007,-1.181284,GAB,GIN,848490
2555880,114,85,9253,2001,2303.0,0.0,2.585857,0.522663,JPN,GIN,848490
2555881,7,102,9253,2001,0.0,873.0,-0.193984,-0.457124,ARE,HUN,848490
2555882,8,102,9253,2001,3471.0,608.0,0.287698,0.547137,ARG,HUN,848490
2555883,14,102,9253,2001,2430.0,1747.0,0.29463,0.772375,AUS,HUN,848490
2555884,15,102,9253,2001,657094.0,43219.0,1.8571650000000002,0.603191,AUT,HUN,848490
2555885,18,102,9253,2001,11408.0,12680.0,1.4328370000000001,1.408495,BEL,HUN,848490
2555886,23,102,9253,2001,2374.0,10397.0,0.41425100000000004,1.639866,BGR,HUN,848490
2555887,26,102,9253,2001,0.0,6000.0,0.238083,0.362643,BIH,HUN,848490
2555888,28,102,9253,2001,0.0,949.0,0.804404,0.936773,BLR,HUN,848490
2555889,32,102,9253,2001,14140.0,875.0,0.672496,1.051848,BRA,HUN,848490
2555890,39,102,9253,2001,5413.0,1934.0,0.971827,1.105171,CAN,HUN,848490
2555891,41,102,9253,2001,9187.0,1853.0,2.227246,0.553956,CHE,HUN,848490
2555892,43,102,9253,2001,15046.0,0.0,0.525171,3.092963,CHN,HUN,848490
2555893,49,102,9253,2001,0.0,690.0,0.30412,0.395913,COL,HUN,848490
2555894,58,102,9253,2001,0.0,4155.0,0.381251,0.257802,CYP,HUN,848490
2555895,59,102,9253,2001,14153.0,8853.0,1.485703,1.109305,CZE,HUN,848490
2555896,61,102,9253,2001,1682056.0,93816.0,2.321375,-2.1110990000000003,DEU,HUN,848490
2555897,64,102,9253,2001,24182.0,0.0,1.261883,1.351875,DNK,HUN,848490
2555898,71,102,9253,2001,500529.0,0.0,1.079664,1.9842220000000002,ESP,HUN,848490
2555899,72,102,9253,2001,0.0,854.0,0.5746829999999999,0.9073899999999999,EST,HUN,848490
2555900,74,102,9253,2001,27249.0,965.0,2.069141,0.9375180000000001,FIN,HUN,848490
2555901,77,102,9253,2001,19892.0,7375.0,1.653507,0.797582,FRA,HUN,848490
2555902,81,102,9253,2001,432483.0,49334.0,1.976894,0.685435,GBR,HUN,848490
2555903,100,102,9253,2001,0.0,20283.0,0.544596,0.969535,HRV,HUN,848490
2555904,104,102,9253,2001,3176.0,0.0,0.349744,2.665844,IND,HUN,848490
2555905,106,102,9253,2001,2155.0,2555.0,1.664233,0.129983,IRL,HUN,848490
2555906,107,102,9253,2001,0.0,6008.0,-0.7732479999999999,-0.8979370000000001,IRN,HUN,848490
2555907,110,102,9253,2001,12892.0,0.0,1.374873,0.775594,ISR,HUN,848490
2555908,111,102,9253,2001,268321.0,2672.0,1.389926,1.282143,ITA,HUN,848490
2555909,114,102,9253,2001,133076.0,3615.0,2.585857,0.522663,JPN,HUN,848490
2555910,115,102,9253,2001,0.0,1735.0,0.009714,-0.525899,KAZ,HUN,848490
2555911,121,102,9253,2001,32464.0,0.0,1.145797,1.0762399999999999,KOR,HUN,848490
2555912,130,102,9253,2001,0.0,2500.0,0.15706900000000001,0.416663,LTU,HUN,848490
2555913,140,102,9253,2001,0.0,2714.0,0.033097,0.43516499999999997,MKD,HUN,848490
2555914,142,102,9253,2001,0.0,5474.0,1.065032,-0.065239,MLT,HUN,848490
2555915,162,102,9253,2001,12401.0,3456.0,1.315685,1.590935,NLD,HUN,848490
2555916,163,102,9253,2001,27962.0,6174.0,0.974814,0.06512000000000001,NOR,HUN,848490
2555917,177,102,9253,2001,18063.0,57086.0,0.9474540000000001,1.8408220000000002,POL,HUN,848490
2555918,185,102,9253,2001,19705.0,42519.0,0.326733,1.005332,ROU,HUN,848490
2555919,186,102,9253,2001,0.0,37740.0,0.945816,0.35027600000000003,RUS,HUN,848490
2555920,189,102,9253,2001,3256.0,30512.0,0.45280200000000004,2.469852,SCG,HUN,848490
2555921,192,102,9253,2001,2756.0,0.0,1.364239,0.721074,SGP,HUN,848490
2555922,206,102,9253,2001,18888.0,19773.0,1.1732770000000001,1.088576,SVK,HUN,848490
2555923,207,102,9253,2001,3398.0,4301.0,1.5074370000000001,1.1370040000000001,SVN,HUN,848490
2555924,208,102,9253,2001,50950.0,950.0,2.156845,0.784439,SWE,HUN,848490
2555925,223,102,9253,2001,0.0,5612.0,-0.162152,0.23939699999999997,TUN,HUN,848490
2555926,224,102,9253,2001,2643.0,785.0,0.188773,1.91451,TUR,HUN,848490
2555927,228,102,9253,2001,0.0,13054.0,0.8376969999999999,0.989059,UKR,HUN,848490
2555928,231,102,9253,2001,11227.0,259958.0,1.873674,0.168468,USA,HUN,848490
2555929,246,102,9253,2001,318.0,2621.0,0.356842,2.006155,ZAF,HUN,848490
2555930,249,102,9253,2001,45863.0,1415.0,1.5731700000000002,1.353159,TWN,HUN,848490
2555931,14,128,9253,2001,2471.0,0.0,0.29463,0.772375,AUS,LKA,848490
2555932,15,128,9253,2001,4563.0,0.0,1.8571650000000002,0.603191,AUT,LKA,848490
2555933,32,128,9253,2001,2134.0,0.0,0.672496,1.051848,BRA,LKA,848490
2555934,39,128,9253,2001,13998.0,0.0,0.971827,1.105171,CAN,LKA,848490
2555935,41,128,9253,2001,1080.0,0.0,2.227246,0.553956,CHE,LKA,848490
2555936,43,128,9253,2001,35552.0,0.0,0.525171,3.092963,CHN,LKA,848490
2555937,61,128,9253,2001,7027.0,0.0,2.321375,-2.1110990000000003,DEU,LKA,848490
2555938,77,128,9253,2001,11661.0,0.0,1.653507,0.797582,FRA,LKA,848490
2555939,81,128,9253,2001,6275.0,0.0,1.976894,0.685435,GBR,LKA,848490
2555940,97,128,9253,2001,1454.0,0.0,0.521528,2.3025,HKG,LKA,848490
2555941,104,128,9253,2001,40556.0,0.0,0.349744,2.665844,IND,LKA,848490
2555942,110,128,9253,2001,818.0,0.0,1.374873,0.775594,ISR,LKA,848490
2555943,111,128,9253,2001,5001.0,0.0,1.389926,1.282143,ITA,LKA,848490
2555944,114,128,9253,2001,159415.0,0.0,2.585857,0.522663,JPN,LKA,848490
2555945,121,128,9253,2001,1529.0,0.0,1.145797,1.0762399999999999,KOR,LKA,848490
2555946,153,128,9253,2001,1302.0,0.0,0.768174,0.307033,MYS,LKA,848490
2555947,163,128,9253,2001,9422.0,0.0,0.974814,0.06512000000000001,NOR,LKA,848490
2555948,167,128,9253,2001,900.0,0.0,-0.909329,-1.189698,OMN,LKA,848490
2555949,192,128,9253,2001,13595.0,0.0,1.364239,0.721074,SGP,LKA,848490
2555950,216,128,9253,2001,16905.0,0.0,0.37555900000000003,1.498267,THA,LKA,848490
2555951,224,128,9253,2001,1084.0,0.0,0.188773,1.91451,TUR,LKA,848490
2555952,231,128,9253,2001,19283.0,0.0,1.873674,0.168468,USA,LKA,848490
2555953,246,128,9253,2001,2833.0,0.0,0.356842,2.006155,ZAF,LKA,848490
2555954,249,128,9253,2001,9633.0,0.0,1.5731700000000002,1.353159,TWN,LKA,848490
2555955,15,130,9253,2001,1496.0,0.0,1.8571650000000002,0.603191,AUT,LTU,848490
2555956,28,130,9253,2001,7712.0,0.0,0.804404,0.936773,BLR,LTU,848490
2555957,41,130,9253,2001,9240.0,0.0,2.227246,0.553956,CHE,LTU,848490
2555958,59,130,9253,2001,1189.0,0.0,1.485703,1.109305,CZE,LTU,848490
2555959,61,130,9253,2001,109616.0,0.0,2.321375,-2.1110990000000003,DEU,LTU,848490
2555960,64,130,9253,2001,26937.0,0.0,1.261883,1.351875,DNK,LTU,848490
2555961,66,130,9253,2001,0.0,3639.0,-0.663363,-1.158295,DZA,LTU,848490
2555962,71,130,9253,2001,129625.0,0.0,1.079664,1.9842220000000002,ESP,LTU,848490
2555963,72,130,9253,2001,1162.0,0.0,0.5746829999999999,0.9073899999999999,EST,LTU,848490
2555964,74,130,9253,2001,30381.0,0.0,2.069141,0.9375180000000001,FIN,LTU,848490
2555965,77,130,9253,2001,2458.0,4484.0,1.653507,0.797582,FRA,LTU,848490
2555966,81,130,9253,2001,6062.0,0.0,1.976894,0.685435,GBR,LTU,848490
2555967,102,130,9253,2001,2500.0,0.0,1.102262,1.138016,HUN,LTU,848490
2555968,111,130,9253,2001,2579.0,0.0,1.389926,1.282143,ITA,LTU,848490
2555969,114,130,9253,2001,1609.0,0.0,2.585857,0.522663,JPN,LTU,848490
2555970,162,130,9253,2001,4625.0,0.0,1.315685,1.590935,NLD,LTU,848490
2555971,186,130,9253,2001,4563.0,0.0,0.945816,0.35027600000000003,RUS,LTU,848490
2555972,206,130,9253,2001,1233.0,0.0,1.1732770000000001,1.088576,SVK,LTU,848490
2555973,207,130,9253,2001,8869.0,0.0,1.5074370000000001,1.1370040000000001,SVN,LTU,848490
2555974,208,130,9253,2001,11739.0,0.0,2.156845,0.784439,SWE,LTU,848490
2555975,224,130,9253,2001,4706.0,0.0,0.188773,1.91451,TUR,LTU,848490
2555976,231,130,9253,2001,4898.0,0.0,1.873674,0.168468,USA,LTU,848490
2555977,249,130,9253,2001,20117.0,0.0,1.5731700000000002,1.353159,TWN,LTU,848490
2555978,8,131,9253,2001,0.0,1624.0,0.287698,0.547137,ARG,LUX,848490
2555979,15,131,9253,2001,13096.0,3034.0,1.8571650000000002,0.603191,AUT,LUX,848490
2555980,18,131,9253,2001,271354.0,24765.0,1.4328370000000001,1.408495,BEL,LUX,848490
2555981,39,131,9253,2001,0.0,1209.0,0.971827,1.105171,CAN,LUX,848490
2555982,41,131,9253,2001,1321.0,4466.0,2.227246,0.553956,CHE,LUX,848490
2555983,59,131,9253,2001,0.0,4283.0,1.485703,1.109305,CZE,LUX,848490
2555984,61,131,9253,2001,274949.0,9347.0,2.321375,-2.1110990000000003,DEU,LUX,848490
2555985,66,131,9253,2001,0.0,847.0,-0.663363,-1.158295,DZA,LUX,848490
2555986,71,131,9253,2001,0.0,2995.0,1.079664,1.9842220000000002,ESP,LUX,848490
2555987,77,131,9253,2001,69987.0,3484.0,1.653507,0.797582,FRA,LUX,848490
2555988,81,131,9253,2001,36212.0,0.0,1.976894,0.685435,GBR,LUX,848490
2555989,107,131,9253,2001,0.0,22022.0,-0.7732479999999999,-0.8979370000000001,IRN,LUX,848490
2555990,110,131,9253,2001,0.0,19733.0,1.374873,0.775594,ISR,LUX,848490
2555991,111,131,9253,2001,14242.0,0.0,1.389926,1.282143,ITA,LUX,848490
2555992,114,131,9253,2001,4316.0,7070.0,2.585857,0.522663,JPN,LUX,848490
2555993,162,131,9253,2001,3530.0,47767.0,1.315685,1.590935,NLD,LUX,848490
2555994,179,131,9253,2001,0.0,1724.0,0.482048,1.662123,PRT,LUX,848490
2555995,208,131,9253,2001,3758.0,0.0,2.156845,0.784439,SWE,LUX,848490
2555996,231,131,9253,2001,3241.0,8636.0,1.873674,0.168468,USA,LUX,848490
2555997,246,131,9253,2001,0.0,1312.0,0.356842,2.006155,ZAF,LUX,848490
2555998,249,131,9253,2001,0.0,1863.0,1.5731700000000002,1.353159,TWN,LUX,848490
2555999,14,134,9253,2001,5546.0,0.0,0.29463,0.772375,AUS,MAR,848490
2556000,15,134,9253,2001,2018.0,0.0,1.8571650000000002,0.603191,AUT,MAR,848490
2556001,18,134,9253,2001,41414.0,0.0,1.4328370000000001,1.408495,BEL,MAR,848490
2556002,32,134,9253,2001,6652.0,0.0,0.672496,1.051848,BRA,MAR,848490
2556003,39,134,9253,2001,5629.0,0.0,0.971827,1.105171,CAN,MAR,848490
2556004,41,134,9253,2001,29335.0,0.0,2.227246,0.553956,CHE,MAR,848490
2556005,43,134,9253,2001,955.0,0.0,0.525171,3.092963,CHN,MAR,848490
2556006,61,134,9253,2001,493086.0,0.0,2.321375,-2.1110990000000003,DEU,MAR,848490
2556007,64,134,9253,2001,1468.0,0.0,1.261883,1.351875,DNK,MAR,848490
2556008,71,134,9253,2001,135161.0,0.0,1.079664,1.9842220000000002,ESP,MAR,848490
2556009,74,134,9253,2001,7597.0,0.0,2.069141,0.9375180000000001,FIN,MAR,848490
2556010,77,134,9253,2001,438021.0,0.0,1.653507,0.797582,FRA,MAR,848490
2556011,81,134,9253,2001,417416.0,0.0,1.976894,0.685435,GBR,MAR,848490
2556012,104,134,9253,2001,30205.0,0.0,0.349744,2.665844,IND,MAR,848490
2556013,108,134,9253,2001,0.0,28950.0,-1.115465,-0.883028,IRQ,MAR,848490
2556014,111,134,9253,2001,258300.0,0.0,1.389926,1.282143,ITA,MAR,848490
2556015,114,134,9253,2001,23791.0,0.0,2.585857,0.522663,JPN,MAR,848490
2556016,121,134,9253,2001,15808.0,0.0,1.145797,1.0762399999999999,KOR,MAR,848490
2556017,126,134,9253,2001,0.0,2669.0,-0.9321459999999999,-1.198124,LBY,MAR,848490
2556018,141,134,9253,2001,0.0,18745.0,-0.40341,-0.626402,MLI,MAR,848490
2556019,148,134,9253,2001,0.0,2833.0,-1.187271,-1.240445,MRT,MAR,848490
2556020,162,134,9253,2001,26310.0,0.0,1.315685,1.590935,NLD,MAR,848490
2556021,163,134,9253,2001,1015.0,0.0,0.974814,0.06512000000000001,NOR,MAR,848490
2556022,169,134,9253,2001,1289.0,0.0,0.17588199999999998,0.422505,PAN,MAR,848490
2556023,191,134,9253,2001,0.0,12761.0,-0.437779,-0.436654,SEN,MAR,848490
2556024,192,134,9253,2001,1236.0,0.0,1.364239,0.721074,SGP,MAR,848490
2556025,208,134,9253,2001,19109.0,0.0,2.156845,0.784439,SWE,MAR,848490
2556026,223,134,9253,2001,0.0,5261.0,-0.162152,0.23939699999999997,TUN,MAR,848490
2556027,224,134,9253,2001,16604.0,0.0,0.188773,1.91451,TUR,MAR,848490
2556028,231,134,9253,2001,50407.0,0.0,1.873674,0.168468,USA,MAR,848490
2556029,249,134,9253,2001,23215.0,0.0,1.5731700000000002,1.353159,TWN,MAR,848490
2556030,250,134,9253,2001,4106.0,0.0,1.096023,-0.33562600000000004,ANS,MAR,848490
2556031,15,135,9253,2001,916.0,0.0,1.8571650000000002,0.603191,AUT,MDA,848490
2556032,61,135,9253,2001,2894.0,0.0,2.321375,-2.1110990000000003,DEU,MDA,848490
2556033,71,135,9253,2001,15618.0,0.0,1.079664,1.9842220000000002,ESP,MDA,848490
2556034,74,135,9253,2001,2255.0,0.0,2.069141,0.9375180000000001,FIN,MDA,848490
2556035,114,135,9253,2001,700.0,0.0,2.585857,0.522663,JPN,MDA,848490
2556036,185,135,9253,2001,975.0,0.0,0.326733,1.005332,ROU,MDA,848490
2556037,186,135,9253,2001,2398.0,0.0,0.945816,0.35027600000000003,RUS,MDA,848490
2556038,228,135,9253,2001,0.0,1458.0,0.8376969999999999,0.989059,UKR,MDA,848490
2556039,15,142,9253,2001,0.0,2899.0,1.8571650000000002,0.603191,AUT,MLT,848490
2556040,18,142,9253,2001,3566.0,0.0,1.4328370000000001,1.408495,BEL,MLT,848490
2556041,61,142,9253,2001,29584.0,0.0,2.321375,-2.1110990000000003,DEU,MLT,848490
2556042,68,142,9253,2001,0.0,1678.0,-0.373576,0.366385,EGY,MLT,848490
2556043,71,142,9253,2001,24933.0,0.0,1.079664,1.9842220000000002,ESP,MLT,848490
2556044,77,142,9253,2001,4345.0,10016.0,1.653507,0.797582,FRA,MLT,848490
2556045,81,142,9253,2001,7749.0,0.0,1.976894,0.685435,GBR,MLT,848490
2556046,97,142,9253,2001,4370.0,0.0,0.521528,2.3025,HKG,MLT,848490
2556047,102,142,9253,2001,5474.0,0.0,1.102262,1.138016,HUN,MLT,848490
2556048,111,142,9253,2001,68271.0,2618.0,1.389926,1.282143,ITA,MLT,848490
2556049,114,142,9253,2001,1653.0,0.0,2.585857,0.522663,JPN,MLT,848490
2556050,162,142,9253,2001,3930.0,2228.0,1.315685,1.590935,NLD,MLT,848490
2556051,208,142,9253,2001,4543.0,0.0,2.156845,0.784439,SWE,MLT,848490
2556052,231,142,9253,2001,2292.0,0.0,1.873674,0.168468,USA,MLT,848490
2556053,249,142,9253,2001,6330.0,0.0,1.5731700000000002,1.353159,TWN,MLT,848490
2556054,2,155,9253,2001,0.0,1104.0,-1.523823,-1.214093,AGO,NAM,848490
2556055,61,155,9253,2001,17016.0,0.0,2.321375,-2.1110990000000003,DEU,NAM,848490
2556056,81,155,9253,2001,692.0,0.0,1.976894,0.685435,GBR,NAM,848490
2556057,114,155,9253,2001,1615.0,0.0,2.585857,0.522663,JPN,NAM,848490
2556058,162,155,9253,2001,1027.0,0.0,1.315685,1.590935,NLD,NAM,848490
2556059,163,155,9253,2001,3708.0,0.0,0.974814,0.06512000000000001,NOR,NAM,848490
2556060,208,155,9253,2001,1842.0,0.0,2.156845,0.784439,SWE,NAM,848490
2556061,231,155,9253,2001,7264.0,0.0,1.873674,0.168468,USA,NAM,848490
2556062,246,155,9253,2001,328374.0,377.0,0.356842,2.006155,ZAF,NAM,848490
2556063,7,188,9253,2001,0.0,103536.0,-0.193984,-0.457124,ARE,SAU,848490
2556064,14,188,9253,2001,3317.0,0.0,0.29463,0.772375,AUS,SAU,848490
2556065,15,188,9253,2001,109878.0,0.0,1.8571650000000002,0.603191,AUT,SAU,848490
2556066,18,188,9253,2001,190330.0,0.0,1.4328370000000001,1.408495,BEL,SAU,848490
2556067,32,188,9253,2001,5321.0,0.0,0.672496,1.051848,BRA,SAU,848490
2556068,39,188,9253,2001,108690.0,0.0,0.971827,1.105171,CAN,SAU,848490
2556069,41,188,9253,2001,5200.0,0.0,2.227246,0.553956,CHE,SAU,848490
2556070,43,188,9253,2001,227576.0,0.0,0.525171,3.092963,CHN,SAU,848490
2556071,59,188,9253,2001,838.0,0.0,1.485703,1.109305,CZE,SAU,848490
2556072,61,188,9253,2001,4222638.0,1674.0,2.321375,-2.1110990000000003,DEU,SAU,848490
2556073,64,188,9253,2001,2896.0,0.0,1.261883,1.351875,DNK,SAU,848490
2556074,68,188,9253,2001,0.0,8147.0,-0.373576,0.366385,EGY,SAU,848490
2556075,73,188,9253,2001,0.0,813.0,-0.999149,-0.904072,ETH,SAU,848490
2556076,74,188,9253,2001,3881.0,0.0,2.069141,0.9375180000000001,FIN,SAU,848490
2556077,77,188,9253,2001,80772.0,0.0,1.653507,0.797582,FRA,SAU,848490
2556078,81,188,9253,2001,517586.0,35164.0,1.976894,0.685435,GBR,SAU,848490
2556079,83,188,9253,2001,0.0,845.0,-0.961067,-0.780449,GHA,SAU,848490
2556080,104,188,9253,2001,20129.0,0.0,0.349744,2.665844,IND,SAU,848490
2556081,106,188,9253,2001,33198.0,0.0,1.664233,0.129983,IRL,SAU,848490
2556082,111,188,9253,2001,292722.0,0.0,1.389926,1.282143,ITA,SAU,848490
2556083,113,188,9253,2001,0.0,9415.0,0.375134,0.581558,JOR,SAU,848490
2556084,114,188,9253,2001,3277846.0,80533.0,2.585857,0.522663,JPN,SAU,848490
2556085,121,188,9253,2001,18960.0,0.0,1.145797,1.0762399999999999,KOR,SAU,848490
2556086,138,188,9253,2001,37870.0,0.0,0.797058,0.713234,MEX,SAU,848490
2556087,162,188,9253,2001,139730.0,0.0,1.315685,1.590935,NLD,SAU,848490
2556088,163,188,9253,2001,10627.0,0.0,0.974814,0.06512000000000001,NOR,SAU,848490
2556089,167,188,9253,2001,0.0,23255.0,-0.909329,-1.189698,OMN,SAU,848490
2556090,173,188,9253,2001,75571.0,0.0,-0.345519,0.202623,PER,SAU,848490
2556091,183,188,9253,2001,0.0,16349.0,-0.46564799999999995,-1.127634,QAT,SAU,848490
2556092,190,188,9253,2001,0.0,1242.0,-1.6325180000000001,-1.263267,SDN,SAU,848490
2556093,192,188,9253,2001,23928.0,0.0,1.364239,0.721074,SGP,SAU,848490
2556094,208,188,9253,2001,35144.0,0.0,2.156845,0.784439,SWE,SAU,848490
2556095,216,188,9253,2001,14217.0,0.0,0.37555900000000003,1.498267,THA,SAU,848490
2556096,224,188,9253,2001,38175.0,0.0,0.188773,1.91451,TUR,SAU,848490
2556097,226,188,9253,2001,0.0,2959.0,-1.193991,-0.49282200000000004,TZA,SAU,848490
2556098,231,188,9253,2001,4974439.0,0.0,1.873674,0.168468,USA,SAU,848490
2556099,249,188,9253,2001,46626.0,0.0,1.5731700000000002,1.353159,TWN,SAU,848490
2556100,15,189,9253,2001,50083.0,0.0,1.8571650000000002,0.603191,AUT,SCG,848490
2556101,18,189,9253,2001,10023.0,0.0,1.4328370000000001,1.408495,BEL,SCG,848490
2556102,23,189,9253,2001,2297.0,0.0,0.41425100000000004,1.639866,BGR,SCG,848490
2556103,26,189,9253,2001,1260.0,8288.0,0.238083,0.362643,BIH,SCG,848490
2556104,28,189,9253,2001,0.0,8055.0,0.804404,0.936773,BLR,SCG,848490
2556105,41,189,9253,2001,13337.0,0.0,2.227246,0.553956,CHE,SCG,848490
2556106,59,189,9253,2001,2949.0,0.0,1.485703,1.109305,CZE,SCG,848490
2556107,61,189,9253,2001,396079.0,0.0,2.321375,-2.1110990000000003,DEU,SCG,848490
2556108,64,189,9253,2001,1840.0,0.0,1.261883,1.351875,DNK,SCG,848490
2556109,71,189,9253,2001,2731.0,0.0,1.079664,1.9842220000000002,ESP,SCG,848490
2556110,77,189,9253,2001,9182.0,0.0,1.653507,0.797582,FRA,SCG,848490
2556111,81,189,9253,2001,115884.0,0.0,1.976894,0.685435,GBR,SCG,848490
2556112,90,189,9253,2001,1168.0,0.0,0.31387600000000004,1.3614600000000001,GRC,SCG,848490
2556113,100,189,9253,2001,6442.0,4030.0,0.544596,0.969535,HRV,SCG,848490
2556114,102,189,9253,2001,30512.0,3256.0,1.102262,1.138016,HUN,SCG,848490
2556115,104,189,9253,2001,693.0,0.0,0.349744,2.665844,IND,SCG,848490
2556116,111,189,9253,2001,123741.0,13079.0,1.389926,1.282143,ITA,SCG,848490
2556117,114,189,9253,2001,459.0,0.0,2.585857,0.522663,JPN,SCG,848490
2556118,140,189,9253,2001,4221.0,1134.0,0.033097,0.43516499999999997,MKD,SCG,848490
2556119,162,189,9253,2001,2275.0,0.0,1.315685,1.590935,NLD,SCG,848490
2556120,177,189,9253,2001,7447.0,0.0,0.9474540000000001,1.8408220000000002,POL,SCG,848490
2556121,186,189,9253,2001,1368.0,0.0,0.945816,0.35027600000000003,RUS,SCG,848490
2556122,207,189,9253,2001,16029.0,3852.0,1.5074370000000001,1.1370040000000001,SVN,SCG,848490
2556123,208,189,9253,2001,10883.0,0.0,2.156845,0.784439,SWE,SCG,848490
2556124,224,189,9253,2001,2256.0,0.0,0.188773,1.91451,TUR,SCG,848490
2556125,231,189,9253,2001,12872.0,0.0,1.873674,0.168468,USA,SCG,848490
2556126,18,203,9253,2001,1903.0,0.0,1.4328370000000001,1.408495,BEL,STP,848490
2556127,179,203,9253,2001,1701.0,0.0,0.482048,1.662123,PRT,STP,848490
2556128,246,209,9253,2001,165277.0,124.0,0.356842,2.006155,ZAF,SWZ,848490
2556129,248,209,9253,2001,0.0,5777.0,-0.6321829999999999,-0.453671,ZWE,SWZ,848490
2556130,7,226,9253,2001,14260.0,0.0,-0.193984,-0.457124,ARE,TZA,848490
2556131,14,226,9253,2001,5714.0,0.0,0.29463,0.772375,AUS,TZA,848490
2556132,15,226,9253,2001,1815.0,0.0,1.8571650000000002,0.603191,AUT,TZA,848490
2556133,18,226,9253,2001,1323.0,0.0,1.4328370000000001,1.408495,BEL,TZA,848490
2556134,39,226,9253,2001,4222.0,0.0,0.971827,1.105171,CAN,TZA,848490
2556135,43,226,9253,2001,972.0,0.0,0.525171,3.092963,CHN,TZA,848490
2556136,61,226,9253,2001,48037.0,0.0,2.321375,-2.1110990000000003,DEU,TZA,848490
2556137,64,226,9253,2001,5741.0,0.0,1.261883,1.351875,DNK,TZA,848490
2556138,68,226,9253,2001,1788.0,0.0,-0.373576,0.366385,EGY,TZA,848490
2556139,74,226,9253,2001,10278.0,0.0,2.069141,0.9375180000000001,FIN,TZA,848490
2556140,77,226,9253,2001,48846.0,0.0,1.653507,0.797582,FRA,TZA,848490
2556141,81,226,9253,2001,30369.0,0.0,1.976894,0.685435,GBR,TZA,848490
2556142,90,226,9253,2001,1105.0,0.0,0.31387600000000004,1.3614600000000001,GRC,TZA,848490
2556143,104,226,9253,2001,13063.0,0.0,0.349744,2.665844,IND,TZA,848490
2556144,111,226,9253,2001,2863.0,0.0,1.389926,1.282143,ITA,TZA,848490
2556145,114,226,9253,2001,1806.0,0.0,2.585857,0.522663,JPN,TZA,848490
2556146,116,226,9253,2001,1003.0,0.0,-0.529388,0.092271,KEN,TZA,848490
2556147,162,226,9253,2001,12969.0,0.0,1.315685,1.590935,NLD,TZA,848490
2556148,163,226,9253,2001,2805.0,0.0,0.974814,0.06512000000000001,NOR,TZA,848490
2556149,188,226,9253,2001,2959.0,0.0,0.5370550000000001,-0.793469,SAU,TZA,848490
2556150,192,226,9253,2001,855.0,0.0,1.364239,0.721074,SGP,TZA,848490
2556151,208,226,9253,2001,2542.0,0.0,2.156845,0.784439,SWE,TZA,848490
2556152,216,226,9253,2001,939.0,0.0,0.37555900000000003,1.498267,THA,TZA,848490
2556153,231,226,9253,2001,15351.0,0.0,1.873674,0.168468,USA,TZA,848490
2556154,246,226,9253,2001,21806.0,0.0,0.356842,2.006155,ZAF,TZA,848490
2556155,249,226,9253,2001,8640.0,0.0,1.5731700000000002,1.353159,TWN,TZA,848490
2556156,8,230,9253,2001,62407.0,0.0,0.287698,0.547137,ARG,URY,848490
2556157,14,230,9253,2001,0.0,6090.0,0.29463,0.772375,AUS,URY,848490
2556158,15,230,9253,2001,4042.0,0.0,1.8571650000000002,0.603191,AUT,URY,848490
2556159,18,230,9253,2001,1744.0,0.0,1.4328370000000001,1.408495,BEL,URY,848490
2556160,32,230,9253,2001,162056.0,0.0,0.672496,1.051848,BRA,URY,848490
2556161,41,230,9253,2001,3373.0,0.0,2.227246,0.553956,CHE,URY,848490
2556162,42,230,9253,2001,0.0,2917.0,-0.004658,-0.002548,CHL,URY,848490
2556163,61,230,9253,2001,32486.0,0.0,2.321375,-2.1110990000000003,DEU,URY,848490
2556164,64,230,9253,2001,1888.0,0.0,1.261883,1.351875,DNK,URY,848490
2556165,71,230,9253,2001,110002.0,0.0,1.079664,1.9842220000000002,ESP,URY,848490
2556166,77,230,9253,2001,10038.0,0.0,1.653507,0.797582,FRA,URY,848490
2556167,81,230,9253,2001,5160.0,0.0,1.976894,0.685435,GBR,URY,848490
2556168,111,230,9253,2001,15127.0,0.0,1.389926,1.282143,ITA,URY,848490
2556169,114,230,9253,2001,11455.0,0.0,2.585857,0.522663,JPN,URY,848490
2556170,121,230,9253,2001,4300.0,0.0,1.145797,1.0762399999999999,KOR,URY,848490
2556171,138,230,9253,2001,5157.0,0.0,0.797058,0.713234,MEX,URY,848490
2556172,162,230,9253,2001,3989.0,0.0,1.315685,1.590935,NLD,URY,848490
2556173,208,230,9253,2001,916.0,0.0,2.156845,0.784439,SWE,URY,848490
2556174,224,230,9253,2001,2063.0,0.0,0.188773,1.91451,TUR,URY,848490
2556175,231,230,9253,2001,31833.0,0.0,1.873674,0.168468,USA,URY,848490
2556176,249,230,9253,2001,32564.0,0.0,1.5731700000000002,1.353159,TWN,URY,848490
2556177,7,248,9253,2001,3194.0,0.0,-0.193984,-0.457124,ARE,ZWE,848490
2556178,14,248,9253,2001,2276.0,0.0,0.29463,0.772375,AUS,ZWE,848490
2556179,18,248,9253,2001,6181.0,0.0,1.4328370000000001,1.408495,BEL,ZWE,848490
2556180,37,248,9253,2001,0.0,2290.0,-0.42690100000000003,-1.081372,BWA,ZWE,848490
2556181,61,248,9253,2001,15035.0,0.0,2.321375,-2.1110990000000003,DEU,ZWE,848490
2556182,64,248,9253,2001,7148.0,0.0,1.261883,1.351875,DNK,ZWE,848490
2556183,71,248,9253,2001,6521.0,0.0,1.079664,1.9842220000000002,ESP,ZWE,848490
2556184,77,248,9253,2001,9029.0,0.0,1.653507,0.797582,FRA,ZWE,848490
2556185,81,248,9253,2001,3833.0,0.0,1.976894,0.685435,GBR,ZWE,848490
2556186,111,248,9253,2001,6818.0,0.0,1.389926,1.282143,ITA,ZWE,848490
2556187,114,248,9253,2001,12111.0,0.0,2.585857,0.522663,JPN,ZWE,848490
2556188,121,248,9253,2001,2713.0,0.0,1.145797,1.0762399999999999,KOR,ZWE,848490
2556189,162,248,9253,2001,2514.0,0.0,1.315685,1.590935,NLD,ZWE,848490
2556190,208,248,9253,2001,5561.0,0.0,2.156845,0.784439,SWE,ZWE,848490
2556191,209,248,9253,2001,5777.0,0.0,0.372699,-0.287132,SWZ,ZWE,848490
2556192,231,248,9253,2001,26937.0,0.0,1.873674,0.168468,USA,ZWE,848490
2556193,246,248,9253,2001,64066.0,2807.0,0.356842,2.006155,ZAF,ZWE,848490
2556194,249,248,9253,2001,19483.0,0.0,1.5731700000000002,1.353159,TWN,ZWE,848490
2556195,231,13,9253,2001,3200.0,0.0,1.873674,0.168468,USA,ATG,848490
2556196,81,120,9253,2001,2647.0,0.0,1.976894,0.685435,GBR,KNA,848490
2556197,231,120,9253,2001,5154.0,0.0,1.873674,0.168468,USA,KNA,848490
2556198,81,237,9253,2001,2228.0,0.0,1.976894,0.685435,GBR,VGB,848490
2556199,249,237,9253,2001,0.0,390538.0,1.5731700000000002,1.353159,TWN,VGB,848490
2556200,15,7,9253,2001,10887.0,15144.0,1.8571650000000002,0.603191,AUT,ARE,848490
2556201,16,7,9253,2001,0.0,11651.0,-0.6731090000000001,-1.037922,AZE,ARE,848490
2556202,18,7,9253,2001,214586.0,0.0,1.4328370000000001,1.408495,BEL,ARE,848490
2556203,22,7,9253,2001,0.0,2536.0,-1.0406739999999999,-1.010108,BGD,ARE,848490
2556204,32,7,9253,2001,48177.0,0.0,0.672496,1.051848,BRA,ARE,848490
2556205,39,7,9253,2001,33012.0,0.0,0.971827,1.105171,CAN,ARE,848490
2556206,41,7,9253,2001,7580.0,0.0,2.227246,0.553956,CHE,ARE,848490
2556207,43,7,9253,2001,209116.0,0.0,0.525171,3.092963,CHN,ARE,848490
2556208,44,7,9253,2001,0.0,20599.0,-0.715949,-0.524428,CIV,ARE,848490
2556209,59,7,9253,2001,2626.0,0.0,1.485703,1.109305,CZE,ARE,848490
2556210,61,7,9253,2001,4163978.0,0.0,2.321375,-2.1110990000000003,DEU,ARE,848490
2556211,64,7,9253,2001,2865.0,0.0,1.261883,1.351875,DNK,ARE,848490
2556212,66,7,9253,2001,0.0,5489.0,-0.663363,-1.158295,DZA,ARE,848490
2556213,68,7,9253,2001,0.0,36551.0,-0.373576,0.366385,EGY,ARE,848490
2556214,71,7,9253,2001,74736.0,0.0,1.079664,1.9842220000000002,ESP,ARE,848490
2556215,73,7,9253,2001,0.0,14036.0,-0.999149,-0.904072,ETH,ARE,848490
2556216,77,7,9253,2001,306190.0,6571.0,1.653507,0.797582,FRA,ARE,848490
2556217,80,7,9253,2001,0.0,3503.0,-1.063007,-1.181284,GAB,ARE,848490
2556218,81,7,9253,2001,359740.0,0.0,1.976894,0.685435,GBR,ARE,848490
2556219,102,7,9253,2001,873.0,0.0,1.102262,1.138016,HUN,ARE,848490
2556220,104,7,9253,2001,49725.0,0.0,0.349744,2.665844,IND,ARE,848490
2556221,107,7,9253,2001,5635.0,1909769.0,-0.7732479999999999,-0.8979370000000001,IRN,ARE,848490
2556222,111,7,9253,2001,516401.0,0.0,1.389926,1.282143,ITA,ARE,848490
2556223,113,7,9253,2001,9857.0,0.0,0.375134,0.581558,JOR,ARE,848490
2556224,114,7,9253,2001,3258906.0,0.0,2.585857,0.522663,JPN,ARE,848490
2556225,115,7,9253,2001,0.0,31724.0,0.009714,-0.525899,KAZ,ARE,848490
2556226,116,7,9253,2001,0.0,29345.0,-0.529388,0.092271,KEN,ARE,848490
2556227,121,7,9253,2001,150979.0,0.0,1.145797,1.0762399999999999,KOR,ARE,848490
2556228,159,7,9253,2001,0.0,5057.0,-1.966439,-1.2724520000000001,NGA,ARE,848490
2556229,162,7,9253,2001,116326.0,0.0,1.315685,1.590935,NLD,ARE,848490
2556230,163,7,9253,2001,98885.0,12971.0,0.974814,0.06512000000000001,NOR,ARE,848490
2556231,167,7,9253,2001,0.0,11594.0,-0.909329,-1.189698,OMN,ARE,848490
2556232,186,7,9253,2001,1249.0,0.0,0.945816,0.35027600000000003,RUS,ARE,848490
2556233,187,7,9253,2001,0.0,531.0,-1.260879,-0.861347,RWA,ARE,848490
2556234,188,7,9253,2001,103536.0,0.0,0.5370550000000001,-0.793469,SAU,ARE,848490
2556235,192,7,9253,2001,5789.0,0.0,1.364239,0.721074,SGP,ARE,848490
2556236,208,7,9253,2001,150976.0,0.0,2.156845,0.784439,SWE,ARE,848490
2556237,216,7,9253,2001,64815.0,0.0,0.37555900000000003,1.498267,THA,ARE,848490
2556238,224,7,9253,2001,49937.0,8962.0,0.188773,1.91451,TUR,ARE,848490
2556239,226,7,9253,2001,0.0,14260.0,-1.193991,-0.49282200000000004,TZA,ARE,848490
2556240,227,7,9253,2001,0.0,3209.0,-0.9694860000000001,-0.840592,UGA,ARE,848490
2556241,231,7,9253,2001,274186.0,263485.0,1.873674,0.168468,USA,ARE,848490
2556242,246,7,9253,2001,13776.0,0.0,0.356842,2.006155,ZAF,ARE,848490
2556243,247,7,9253,2001,0.0,897.0,-0.731193,-0.706978,ZMB,ARE,848490
2556244,248,7,9253,2001,0.0,3194.0,-0.6321829999999999,-0.453671,ZWE,ARE,848490
2556245,249,7,9253,2001,2148131.0,0.0,1.5731700000000002,1.353159,TWN,ARE,848490
2556246,14,58,9253,2001,17817.0,0.0,0.29463,0.772375,AUS,CYP,848490
2556247,15,58,9253,2001,2737.0,0.0,1.8571650000000002,0.603191,AUT,CYP,848490
2556248,41,58,9253,2001,1770.0,0.0,2.227246,0.553956,CHE,CYP,848490
2556249,43,58,9253,2001,20167.0,0.0,0.525171,3.092963,CHN,CYP,848490
2556250,61,58,9253,2001,153497.0,0.0,2.321375,-2.1110990000000003,DEU,CYP,848490
2556251,68,58,9253,2001,0.0,753.0,-0.373576,0.366385,EGY,CYP,848490
2556252,71,58,9253,2001,17431.0,0.0,1.079664,1.9842220000000002,ESP,CYP,848490
2556253,77,58,9253,2001,29799.0,0.0,1.653507,0.797582,FRA,CYP,848490
2556254,81,58,9253,2001,43788.0,0.0,1.976894,0.685435,GBR,CYP,848490
2556255,90,58,9253,2001,2165.0,0.0,0.31387600000000004,1.3614600000000001,GRC,CYP,848490
2556256,102,58,9253,2001,4155.0,0.0,1.102262,1.138016,HUN,CYP,848490
2556257,103,58,9253,2001,0.0,75128.0,-0.167771,1.6587889999999998,IDN,CYP,848490
2556258,107,58,9253,2001,0.0,7086.0,-0.7732479999999999,-0.8979370000000001,IRN,CYP,848490
2556259,110,58,9253,2001,1325.0,0.0,1.374873,0.775594,ISR,CYP,848490
2556260,111,58,9253,2001,11219.0,0.0,1.389926,1.282143,ITA,CYP,848490
2556261,114,58,9253,2001,21933.0,0.0,2.585857,0.522663,JPN,CYP,848490
2556262,121,58,9253,2001,3723.0,0.0,1.145797,1.0762399999999999,KOR,CYP,848490
2556263,162,58,9253,2001,6422.0,0.0,1.315685,1.590935,NLD,CYP,848490
2556264,208,58,9253,2001,9956.0,0.0,2.156845,0.784439,SWE,CYP,848490
2556265,224,58,9253,2001,6540.0,0.0,0.188773,1.91451,TUR,CYP,848490
2556266,228,58,9253,2001,884.0,0.0,0.8376969999999999,0.989059,UKR,CYP,848490
2556267,231,58,9253,2001,2363.0,0.0,1.873674,0.168468,USA,CYP,848490
2556268,249,58,9253,2001,8357.0,0.0,1.5731700000000002,1.353159,TWN,CYP,848490
2556269,5,66,9253,2001,1026.0,0.0,1.049415,0.860241,AND,DZA,848490
2556270,7,66,9253,2001,5489.0,0.0,-0.193984,-0.457124,ARE,DZA,848490
2556271,8,66,9253,2001,11908.0,0.0,0.287698,0.547137,ARG,DZA,848490
2556272,15,66,9253,2001,1073.0,0.0,1.8571650000000002,0.603191,AUT,DZA,848490
2556273,18,66,9253,2001,15307.0,0.0,1.4328370000000001,1.408495,BEL,DZA,848490
2556274,32,66,9253,2001,8943.0,0.0,0.672496,1.051848,BRA,DZA,848490
2556275,39,66,9253,2001,17059.0,0.0,0.971827,1.105171,CAN,DZA,848490
2556276,41,66,9253,2001,5441.0,0.0,2.227246,0.553956,CHE,DZA,848490
2556277,43,66,9253,2001,12002.0,0.0,0.525171,3.092963,CHN,DZA,848490
2556278,59,66,9253,2001,8002.0,0.0,1.485703,1.109305,CZE,DZA,848490
2556279,61,66,9253,2001,722619.0,0.0,2.321375,-2.1110990000000003,DEU,DZA,848490
2556280,64,66,9253,2001,10495.0,0.0,1.261883,1.351875,DNK,DZA,848490
2556281,68,66,9253,2001,4579.0,0.0,-0.373576,0.366385,EGY,DZA,848490
2556282,71,66,9253,2001,98655.0,0.0,1.079664,1.9842220000000002,ESP,DZA,848490
2556283,74,66,9253,2001,743.0,0.0,2.069141,0.9375180000000001,FIN,DZA,848490
2556284,77,66,9253,2001,944783.0,0.0,1.653507,0.797582,FRA,DZA,848490
2556285,81,66,9253,2001,48048.0,0.0,1.976894,0.685435,GBR,DZA,848490
2556286,90,66,9253,2001,2301.0,0.0,0.31387600000000004,1.3614600000000001,GRC,DZA,848490
2556287,104,66,9253,2001,31929.0,0.0,0.349744,2.665844,IND,DZA,848490
2556288,106,66,9253,2001,3824.0,0.0,1.664233,0.129983,IRL,DZA,848490
2556289,108,66,9253,2001,0.0,37426.0,-1.115465,-0.883028,IRQ,DZA,848490
2556290,111,66,9253,2001,351448.0,0.0,1.389926,1.282143,ITA,DZA,848490
2556291,113,66,9253,2001,0.0,339.0,0.375134,0.581558,JOR,DZA,848490
2556292,114,66,9253,2001,25861.0,0.0,2.585857,0.522663,JPN,DZA,848490
2556293,121,66,9253,2001,48175.0,0.0,1.145797,1.0762399999999999,KOR,DZA,848490
2556294,130,66,9253,2001,3639.0,0.0,0.15706900000000001,0.416663,LTU,DZA,848490
2556295,131,66,9253,2001,847.0,0.0,1.470895,1.149007,LUX,DZA,848490
2556296,162,66,9253,2001,16503.0,0.0,1.315685,1.590935,NLD,DZA,848490
2556297,163,66,9253,2001,2290.0,0.0,0.974814,0.06512000000000001,NOR,DZA,848490
2556298,208,66,9253,2001,27062.0,0.0,2.156845,0.784439,SWE,DZA,848490
2556299,216,66,9253,2001,4717.0,0.0,0.37555900000000003,1.498267,THA,DZA,848490
2556300,217,66,9253,2001,4993.0,0.0,-0.833482,-1.062054,TJK,DZA,848490
2556301,223,66,9253,2001,3569.0,0.0,-0.162152,0.23939699999999997,TUN,DZA,848490
2556302,224,66,9253,2001,51802.0,0.0,0.188773,1.91451,TUR,DZA,848490
2556303,231,66,9253,2001,9929.0,49832.0,1.873674,0.168468,USA,DZA,848490
2556304,249,66,9253,2001,146538.0,0.0,1.5731700000000002,1.353159,TWN,DZA,848490
2556305,250,66,9253,2001,35609.0,0.0,1.096023,-0.33562600000000004,ANS,DZA,848490
2556306,15,100,9253,2001,181888.0,0.0,1.8571650000000002,0.603191,AUT,HRV,848490
2556307,18,100,9253,2001,3416.0,0.0,1.4328370000000001,1.408495,BEL,HRV,848490
2556308,26,100,9253,2001,9216.0,23373.0,0.238083,0.362643,BIH,HRV,848490
2556309,41,100,9253,2001,29060.0,0.0,2.227246,0.553956,CHE,HRV,848490
2556310,59,100,9253,2001,3058.0,0.0,1.485703,1.109305,CZE,HRV,848490
2556311,61,100,9253,2001,437191.0,18658.0,2.321375,-2.1110990000000003,DEU,HRV,848490
2556312,64,100,9253,2001,35892.0,0.0,1.261883,1.351875,DNK,HRV,848490
2556313,68,100,9253,2001,0.0,3403.0,-0.373576,0.366385,EGY,HRV,848490
2556314,71,100,9253,2001,51901.0,0.0,1.079664,1.9842220000000002,ESP,HRV,848490
2556315,74,100,9253,2001,3484.0,0.0,2.069141,0.9375180000000001,FIN,HRV,848490
2556316,77,100,9253,2001,43101.0,28675.0,1.653507,0.797582,FRA,HRV,848490
2556317,81,100,9253,2001,675.0,0.0,1.976894,0.685435,GBR,HRV,848490
2556318,102,100,9253,2001,20283.0,0.0,1.102262,1.138016,HUN,HRV,848490
2556319,111,100,9253,2001,215598.0,0.0,1.389926,1.282143,ITA,HRV,848490
2556320,114,100,9253,2001,663.0,0.0,2.585857,0.522663,JPN,HRV,848490
2556321,121,100,9253,2001,1806.0,0.0,1.145797,1.0762399999999999,KOR,HRV,848490
2556322,140,100,9253,2001,0.0,12165.0,0.033097,0.43516499999999997,MKD,HRV,848490
2556323,162,100,9253,2001,7555.0,873.0,1.315685,1.590935,NLD,HRV,848490
2556324,163,100,9253,2001,2479.0,0.0,0.974814,0.06512000000000001,NOR,HRV,848490
2556325,177,100,9253,2001,4679.0,0.0,0.9474540000000001,1.8408220000000002,POL,HRV,848490
2556326,189,100,9253,2001,4030.0,6442.0,0.45280200000000004,2.469852,SCG,HRV,848490
2556327,207,100,9253,2001,35863.0,9848.0,1.5074370000000001,1.1370040000000001,SVN,HRV,848490
2556328,208,100,9253,2001,28995.0,0.0,2.156845,0.784439,SWE,HRV,848490
2556329,224,100,9253,2001,6324.0,0.0,0.188773,1.91451,TUR,HRV,848490
2556330,231,100,9253,2001,37189.0,0.0,1.873674,0.168468,USA,HRV,848490
2556331,18,122,9253,2001,3946.0,0.0,1.4328370000000001,1.408495,BEL,KWT,848490
2556332,41,122,9253,2001,5606.0,0.0,2.227246,0.553956,CHE,KWT,848490
2556333,43,122,9253,2001,13700.0,0.0,0.525171,3.092963,CHN,KWT,848490
2556334,61,122,9253,2001,422913.0,0.0,2.321375,-2.1110990000000003,DEU,KWT,848490
2556335,71,122,9253,2001,16974.0,0.0,1.079664,1.9842220000000002,ESP,KWT,848490
2556336,77,122,9253,2001,1200518.0,0.0,1.653507,0.797582,FRA,KWT,848490
2556337,81,122,9253,2001,32415.0,1035.0,1.976894,0.685435,GBR,KWT,848490
2556338,104,122,9253,2001,1395.0,0.0,0.349744,2.665844,IND,KWT,848490
2556339,107,122,9253,2001,0.0,1089.0,-0.7732479999999999,-0.8979370000000001,IRN,KWT,848490
2556340,111,122,9253,2001,25720.0,0.0,1.389926,1.282143,ITA,KWT,848490
2556341,114,122,9253,2001,679863.0,0.0,2.585857,0.522663,JPN,KWT,848490
2556342,121,122,9253,2001,40769.0,0.0,1.145797,1.0762399999999999,KOR,KWT,848490
2556343,124,122,9253,2001,1157.0,0.0,0.165355,0.988008,LBN,KWT,848490
2556344,162,122,9253,2001,27790.0,0.0,1.315685,1.590935,NLD,KWT,848490
2556345,192,122,9253,2001,2291.0,0.0,1.364239,0.721074,SGP,KWT,848490
2556346,208,122,9253,2001,2371.0,0.0,2.156845,0.784439,SWE,KWT,848490
2556347,224,122,9253,2001,1709.0,0.0,0.188773,1.91451,TUR,KWT,848490
2556348,231,122,9253,2001,654584.0,0.0,1.873674,0.168468,USA,KWT,848490
2556349,249,122,9253,2001,1336.0,0.0,1.5731700000000002,1.353159,TWN,KWT,848490
2556350,15,140,9253,2001,5695.0,0.0,1.8571650000000002,0.603191,AUT,MKD,848490
2556351,26,140,9253,2001,0.0,7597.0,0.238083,0.362643,BIH,MKD,848490
2556352,61,140,9253,2001,21179.0,0.0,2.321375,-2.1110990000000003,DEU,MKD,848490
2556353,64,140,9253,2001,1569.0,0.0,1.261883,1.351875,DNK,MKD,848490
2556354,90,140,9253,2001,3422.0,0.0,0.31387600000000004,1.3614600000000001,GRC,MKD,848490
2556355,100,140,9253,2001,12165.0,0.0,0.544596,0.969535,HRV,MKD,848490
2556356,102,140,9253,2001,2714.0,0.0,1.102262,1.138016,HUN,MKD,848490
2556357,111,140,9253,2001,9215.0,11103.0,1.389926,1.282143,ITA,MKD,848490
2556358,114,140,9253,2001,1866.0,0.0,2.585857,0.522663,JPN,MKD,848490
2556359,189,140,9253,2001,1134.0,4221.0,0.45280200000000004,2.469852,SCG,MKD,848490
2556360,207,140,9253,2001,3594.0,26333.0,1.5074370000000001,1.1370040000000001,SVN,MKD,848490
2556361,208,140,9253,2001,7443.0,0.0,2.156845,0.784439,SWE,MKD,848490
2556362,224,140,9253,2001,2436.0,0.0,0.188773,1.91451,TUR,MKD,848490
2556363,231,140,9253,2001,2102.0,0.0,1.873674,0.168468,USA,MKD,848490
2556364,249,140,9253,2001,1332.0,0.0,1.5731700000000002,1.353159,TWN,MKD,848490
2556365,31,178,9253,2001,0.0,1050.0,-0.680108,-0.678143,BOL,PRK,848490
2556366,32,178,9253,2001,0.0,1162.0,0.672496,1.051848,BRA,PRK,848490
2556367,49,178,9253,2001,0.0,1377.0,0.30412,0.395913,COL,PRK,848490
2556368,61,178,9253,2001,23000.0,0.0,2.321375,-2.1110990000000003,DEU,PRK,848490
2556369,93,178,9253,2001,0.0,2828.0,-0.5089520000000001,0.216677,GTM,PRK,848490
2556370,138,178,9253,2001,0.0,5155.0,0.797058,0.713234,MEX,PRK,848490
2556371,160,178,9253,2001,0.0,7238.0,-0.8917430000000001,-0.713179,NIC,PRK,848490
2556372,15,207,9253,2001,242497.0,7928.0,1.8571650000000002,0.603191,AUT,SVN,848490
2556373,18,207,9253,2001,1073.0,0.0,1.4328370000000001,1.408495,BEL,SVN,848490
2556374,26,207,9253,2001,0.0,8658.0,0.238083,0.362643,BIH,SVN,848490
2556375,41,207,9253,2001,30535.0,0.0,2.227246,0.553956,CHE,SVN,848490
2556376,59,207,9253,2001,4377.0,7665.0,1.485703,1.109305,CZE,SVN,848490
2556377,61,207,9253,2001,357832.0,25686.0,2.321375,-2.1110990000000003,DEU,SVN,848490
2556378,64,207,9253,2001,9877.0,3457.0,1.261883,1.351875,DNK,SVN,848490
2556379,68,207,9253,2001,0.0,24392.0,-0.373576,0.366385,EGY,SVN,848490
2556380,71,207,9253,2001,91128.0,0.0,1.079664,1.9842220000000002,ESP,SVN,848490
2556381,74,207,9253,2001,2791.0,6230.0,2.069141,0.9375180000000001,FIN,SVN,848490
2556382,77,207,9253,2001,72043.0,1594.0,1.653507,0.797582,FRA,SVN,848490
2556383,81,207,9253,2001,1137.0,178769.0,1.976894,0.685435,GBR,SVN,848490
2556384,90,207,9253,2001,0.0,6977.0,0.31387600000000004,1.3614600000000001,GRC,SVN,848490
2556385,100,207,9253,2001,9848.0,35863.0,0.544596,0.969535,HRV,SVN,848490
2556386,102,207,9253,2001,4301.0,3398.0,1.102262,1.138016,HUN,SVN,848490
2556387,104,207,9253,2001,4330.0,3464.0,0.349744,2.665844,IND,SVN,848490
2556388,106,207,9253,2001,2470.0,0.0,1.664233,0.129983,IRL,SVN,848490
2556389,107,207,9253,2001,0.0,75449.0,-0.7732479999999999,-0.8979370000000001,IRN,SVN,848490
2556390,111,207,9253,2001,78019.0,5566.0,1.389926,1.282143,ITA,SVN,848490
2556391,114,207,9253,2001,7329.0,2016.0,2.585857,0.522663,JPN,SVN,848490
2556392,121,207,9253,2001,3285.0,0.0,1.145797,1.0762399999999999,KOR,SVN,848490
2556393,130,207,9253,2001,0.0,8869.0,0.15706900000000001,0.416663,LTU,SVN,848490
2556394,140,207,9253,2001,26333.0,3594.0,0.033097,0.43516499999999997,MKD,SVN,848490
2556395,162,207,9253,2001,2473.0,143339.0,1.315685,1.590935,NLD,SVN,848490
2556396,177,207,9253,2001,1408.0,226213.0,0.9474540000000001,1.8408220000000002,POL,SVN,848490
2556397,189,207,9253,2001,3852.0,16029.0,0.45280200000000004,2.469852,SCG,SVN,848490
2556398,198,207,9253,2001,1035.0,0.0,1.40664,-0.034707999999999996,SMR,SVN,848490
2556399,206,207,9253,2001,2856.0,53731.0,1.1732770000000001,1.088576,SVK,SVN,848490
2556400,208,207,9253,2001,21554.0,13720.0,2.156845,0.784439,SWE,SVN,848490
2556401,228,207,9253,2001,0.0,11970.0,0.8376969999999999,0.989059,UKR,SVN,848490
2556402,231,207,9253,2001,193213.0,344250.0,1.873674,0.168468,USA,SVN,848490
2556403,249,207,9253,2001,2937.0,0.0,1.5731700000000002,1.353159,TWN,SVN,848490
2556404,15,212,9253,2001,2659.0,0.0,1.8571650000000002,0.603191,AUT,SYR,848490
2556405,18,212,9253,2001,12603.0,0.0,1.4328370000000001,1.408495,BEL,SYR,848490
2556406,43,212,9253,2001,62143.0,0.0,0.525171,3.092963,CHN,SYR,848490
2556407,59,212,9253,2001,1725.0,0.0,1.485703,1.109305,CZE,SYR,848490
2556408,61,212,9253,2001,426559.0,0.0,2.321375,-2.1110990000000003,DEU,SYR,848490
2556409,77,212,9253,2001,35812.0,0.0,1.653507,0.797582,FRA,SYR,848490
2556410,81,212,9253,2001,1045.0,0.0,1.976894,0.685435,GBR,SYR,848490
2556411,104,212,9253,2001,4446.0,0.0,0.349744,2.665844,IND,SYR,848490
2556412,111,212,9253,2001,106480.0,0.0,1.389926,1.282143,ITA,SYR,848490
2556413,114,212,9253,2001,175454.0,0.0,2.585857,0.522663,JPN,SYR,848490
2556414,162,212,9253,2001,2560.0,0.0,1.315685,1.590935,NLD,SYR,848490
2556415,208,212,9253,2001,3338.0,0.0,2.156845,0.784439,SWE,SYR,848490
2556416,224,212,9253,2001,3392.0,0.0,0.188773,1.91451,TUR,SYR,848490
2556417,231,212,9253,2001,19968.0,0.0,1.873674,0.168468,USA,SYR,848490
2556418,249,212,9253,2001,13160.0,0.0,1.5731700000000002,1.353159,TWN,SYR,848490
2556419,18,219,9253,2001,4884.0,0.0,1.4328370000000001,1.408495,BEL,TKM,848490
2556420,61,219,9253,2001,7000.0,0.0,2.321375,-2.1110990000000003,DEU,TKM,848490
2556421,77,219,9253,2001,1792.0,0.0,1.653507,0.797582,FRA,TKM,848490
2556422,111,219,9253,2001,5394.0,0.0,1.389926,1.282143,ITA,TKM,848490
2556423,114,219,9253,2001,4167.0,0.0,2.585857,0.522663,JPN,TKM,848490
2556424,115,219,9253,2001,22434.0,0.0,0.009714,-0.525899,KAZ,TKM,848490
2556425,224,219,9253,2001,5991.0,0.0,0.188773,1.91451,TUR,TKM,848490
2556426,231,219,9253,2001,74916.0,0.0,1.873674,0.168468,USA,TKM,848490
2556427,15,232,9253,2001,6793.0,0.0,1.8571650000000002,0.603191,AUT,UZB,848490
2556428,61,232,9253,2001,40000.0,0.0,2.321375,-2.1110990000000003,DEU,UZB,848490
2556429,186,232,9253,2001,1094.0,2077.0,0.945816,0.35027600000000003,RUS,UZB,848490
2556430,224,232,9253,2001,10047.0,0.0,0.188773,1.91451,TUR,UZB,848490
2556431,228,232,9253,2001,3191.0,0.0,0.8376969999999999,0.989059,UKR,UZB,848490
2556432,231,232,9253,2001,211498.0,0.0,1.873674,0.168468,USA,UZB,848490
2556433,43,133,9253,2001,5580.0,0.0,0.525171,3.092963,CHN,MAC,848490
2556434,61,133,9253,2001,2168.0,0.0,2.321375,-2.1110990000000003,DEU,MAC,848490
2556435,121,133,9253,2001,4658.0,0.0,1.145797,1.0762399999999999,KOR,MAC,848490
2556436,208,133,9253,2001,1707.0,0.0,2.156845,0.784439,SWE,MAC,848490
2556437,231,133,9253,2001,3604.0,0.0,1.873674,0.168468,USA,MAC,848490
2556438,249,133,9253,2001,30259.0,0.0,1.5731700000000002,1.353159,TWN,MAC,848490
2556439,15,168,9253,2001,1692.0,0.0,1.8571650000000002,0.603191,AUT,PAK,848490
2556440,32,168,9253,2001,2208.0,0.0,0.672496,1.051848,BRA,PAK,848490
2556441,43,168,9253,2001,46119.0,0.0,0.525171,3.092963,CHN,PAK,848490
2556442,61,168,9253,2001,66000.0,0.0,2.321375,-2.1110990000000003,DEU,PAK,848490
2556443,77,168,9253,2001,23285.0,0.0,1.653507,0.797582,FRA,PAK,848490
2556444,81,168,9253,2001,38423.0,0.0,1.976894,0.685435,GBR,PAK,848490
2556445,111,168,9253,2001,93490.0,0.0,1.389926,1.282143,ITA,PAK,848490
2556446,114,168,9253,2001,283160.0,0.0,2.585857,0.522663,JPN,PAK,848490
2556447,121,168,9253,2001,1191.0,0.0,1.145797,1.0762399999999999,KOR,PAK,848490
2556448,153,168,9253,2001,1939.0,0.0,0.768174,0.307033,MYS,PAK,848490
2556449,162,168,9253,2001,2688.0,0.0,1.315685,1.590935,NLD,PAK,848490
2556450,185,168,9253,2001,9148.0,0.0,0.326733,1.005332,ROU,PAK,848490
2556451,192,168,9253,2001,40595.0,0.0,1.364239,0.721074,SGP,PAK,848490
2556452,216,168,9253,2001,93070.0,0.0,0.37555900000000003,1.498267,THA,PAK,848490
2556453,224,168,9253,2001,3059.0,0.0,0.188773,1.91451,TUR,PAK,848490
2556454,231,168,9253,2001,74464.0,0.0,1.873674,0.168468,USA,PAK,848490
2556455,249,168,9253,2001,142892.0,0.0,1.5731700000000002,1.353159,TWN,PAK,848490
2556456,7,227,9253,2001,3209.0,0.0,-0.193984,-0.457124,ARE,UGA,848490
2556457,18,227,9253,2001,3620.0,0.0,1.4328370000000001,1.408495,BEL,UGA,848490
2556458,61,227,9253,2001,3860.0,0.0,2.321375,-2.1110990000000003,DEU,UGA,848490
2556459,68,227,9253,2001,1581.0,0.0,-0.373576,0.366385,EGY,UGA,848490
2556460,81,227,9253,2001,9307.0,0.0,1.976894,0.685435,GBR,UGA,848490
2556461,90,227,9253,2001,1065.0,0.0,0.31387600000000004,1.3614600000000001,GRC,UGA,848490
2556462,104,227,9253,2001,2620.0,0.0,0.349744,2.665844,IND,UGA,848490
2556463,111,227,9253,2001,1067.0,0.0,1.389926,1.282143,ITA,UGA,848490
2556464,116,227,9253,2001,8279.0,0.0,-0.529388,0.092271,KEN,UGA,848490
2556465,162,227,9253,2001,3662.0,0.0,1.315685,1.590935,NLD,UGA,848490
2556466,246,227,9253,2001,3527.0,0.0,0.356842,2.006155,ZAF,UGA,848490
2556467,249,227,9253,2001,646.0,0.0,1.5731700000000002,1.353159,TWN,UGA,848490
2556468,8,250,9253,2001,0.0,194735.0,0.287698,0.547137,ARG,ANS,848490
2556469,14,250,9253,2001,3527.0,0.0,0.29463,0.772375,AUS,ANS,848490
2556470,23,250,9253,2001,0.0,3169.0,0.41425100000000004,1.639866,BGR,ANS,848490
2556471,34,250,9253,2001,0.0,5953.0,-0.8654209999999999,-0.930599,BRN,ANS,848490
2556472,38,250,9253,2001,0.0,5936.0,-0.682897,-0.8083140000000001,CAF,ANS,848490
2556473,42,250,9253,2001,0.0,41691.0,-0.004658,-0.002548,CHL,ANS,848490
2556474,45,250,9253,2001,0.0,584480.0,-1.6254879999999998,-1.212513,CMR,ANS,848490
2556475,49,250,9253,2001,0.0,2814.0,0.30412,0.395913,COL,ANS,848490
2556476,52,250,9253,2001,0.0,2005.0,0.069458,-0.042793,CRI,ANS,848490
2556477,54,250,9253,2001,0.0,136531.0,-0.443391,-0.9599030000000001,CUB,ANS,848490
2556478,59,250,9253,2001,2885.0,9863.0,1.485703,1.109305,CZE,ANS,848490
2556479,61,250,9253,2001,127000.0,0.0,2.321375,-2.1110990000000003,DEU,ANS,848490
2556480,65,250,9253,2001,0.0,8447.0,-0.538419,-0.48773900000000003,DOM,ANS,848490
2556481,66,250,9253,2001,0.0,35609.0,-0.663363,-1.158295,DZA,ANS,848490
2556482,68,250,9253,2001,0.0,218470.0,-0.373576,0.366385,EGY,ANS,848490
2556483,72,250,9253,2001,0.0,250608.0,0.5746829999999999,0.9073899999999999,EST,ANS,848490
2556484,77,250,9253,2001,0.0,372429.0,1.653507,0.797582,FRA,ANS,848490
2556485,93,250,9253,2001,1314.0,11876.0,-0.5089520000000001,0.216677,GTM,ANS,848490
2556486,99,250,9253,2001,0.0,1360.0,-0.8003060000000001,-0.602097,HND,ANS,848490
2556487,104,250,9253,2001,0.0,3474.0,0.349744,2.665844,IND,ANS,848490
2556488,110,250,9253,2001,0.0,12646.0,1.374873,0.775594,ISR,ANS,848490
2556489,111,250,9253,2001,86211.0,0.0,1.389926,1.282143,ITA,ANS,848490
2556490,113,250,9253,2001,44600.0,554427.0,0.375134,0.581558,JOR,ANS,848490
2556491,114,250,9253,2001,2125.0,0.0,2.585857,0.522663,JPN,ANS,848490
2556492,116,250,9253,2001,1283.0,18042.0,-0.529388,0.092271,KEN,ANS,848490
2556493,124,250,9253,2001,0.0,1422.0,0.165355,0.988008,LBN,ANS,848490
2556494,132,250,9253,2001,0.0,1469.0,0.404136,0.461009,LVA,ANS,848490
2556495,134,250,9253,2001,0.0,4106.0,-0.75275,-0.280397,MAR,ANS,848490
2556496,136,250,9253,2001,15417.0,41590.0,-1.247531,-0.637093,MDG,ANS,848490
2556497,138,250,9253,2001,14600.0,64319.0,0.797058,0.713234,MEX,ANS,848490
2556498,147,250,9253,2001,2747.0,6274.0,-1.2364879999999998,-1.136715,MOZ,ANS,848490
2556499,151,250,9253,2001,0.0,5081.0,-0.410422,-0.5868369999999999,MUS,ANS,848490
2556500,156,250,9253,2001,0.0,2555.0,-0.837087,-0.9207040000000001,NCL,ANS,848490
2556501,157,250,9253,2001,0.0,11055.0,-0.22368600000000002,-0.464156,NER,ANS,848490
2556502,162,250,9253,2001,929.0,3871.0,1.315685,1.590935,NLD,ANS,848490
2556503,169,250,9253,2001,0.0,330245.0,0.17588199999999998,0.422505,PAN,ANS,848490
2556504,186,250,9253,2001,3944.0,0.0,0.945816,0.35027600000000003,RUS,ANS,848490
2556505,206,250,9253,2001,0.0,2857.0,1.1732770000000001,1.088576,SVK,ANS,848490
2556506,222,250,9253,2001,0.0,2224.0,0.178256,-0.709126,TTO,ANS,848490
2556507,224,250,9253,2001,33591.0,0.0,0.188773,1.91451,TUR,ANS,848490
2556508,246,250,9253,2001,0.0,10559.0,0.356842,2.006155,ZAF,ANS,848490
2556509,249,250,9253,2001,5414.0,12680.0,1.5731700000000002,1.353159,TWN,ANS,848490
2556510,138,0,9253,2001,4305.0,0.0,0.797058,0.713234,MEX,ABW,848490
2556511,39,29,9253,2001,0.0,1534.0,0.971827,1.105171,CAN,BLZ,848490
2556512,81,29,9253,2001,1217.0,0.0,1.976894,0.685435,GBR,BLZ,848490
2556513,93,29,9253,2001,4591.0,0.0,-0.5089520000000001,0.216677,GTM,BLZ,848490
2556514,114,29,9253,2001,2107.0,0.0,2.585857,0.522663,JPN,BLZ,848490
2556515,231,29,9253,2001,2893.0,0.0,1.873674,0.168468,USA,BLZ,848490
2556516,8,31,9253,2001,6627.0,0.0,0.287698,0.547137,ARG,BOL,848490
2556517,18,31,9253,2001,11730.0,0.0,1.4328370000000001,1.408495,BEL,BOL,848490
2556518,32,31,9253,2001,107574.0,0.0,0.672496,1.051848,BRA,BOL,848490
2556519,39,31,9253,2001,1609.0,0.0,0.971827,1.105171,CAN,BOL,848490
2556520,41,31,9253,2001,963.0,0.0,2.227246,0.553956,CHE,BOL,848490
2556521,42,31,9253,2001,2989.0,0.0,-0.004658,-0.002548,CHL,BOL,848490
2556522,43,31,9253,2001,628.0,0.0,0.525171,3.092963,CHN,BOL,848490
2556523,61,31,9253,2001,42963.0,0.0,2.321375,-2.1110990000000003,DEU,BOL,848490
2556524,71,31,9253,2001,6065.0,0.0,1.079664,1.9842220000000002,ESP,BOL,848490
2556525,77,31,9253,2001,39141.0,0.0,1.653507,0.797582,FRA,BOL,848490
2556526,81,31,9253,2001,5582.0,0.0,1.976894,0.685435,GBR,BOL,848490
2556527,111,31,9253,2001,8034.0,0.0,1.389926,1.282143,ITA,BOL,848490
2556528,114,31,9253,2001,10832.0,0.0,2.585857,0.522663,JPN,BOL,848490
2556529,138,31,9253,2001,0.0,16487.0,0.797058,0.713234,MEX,BOL,848490
2556530,169,31,9253,2001,7937.0,0.0,0.17588199999999998,0.422505,PAN,BOL,848490
2556531,173,31,9253,2001,72198.0,0.0,-0.345519,0.202623,PER,BOL,848490
2556532,178,31,9253,2001,1050.0,0.0,0.62773,1.010888,PRK,BOL,848490
2556533,208,31,9253,2001,12044.0,0.0,2.156845,0.784439,SWE,BOL,848490
2556534,224,31,9253,2001,1638.0,0.0,0.188773,1.91451,TUR,BOL,848490
2556535,231,31,9253,2001,41317.0,0.0,1.873674,0.168468,USA,BOL,848490
2556536,249,31,9253,2001,993.0,0.0,1.5731700000000002,1.353159,TWN,BOL,848490
2556537,7,73,9253,2001,14036.0,0.0,-0.193984,-0.457124,ARE,ETH,848490
2556538,15,73,9253,2001,1420.0,0.0,1.8571650000000002,0.603191,AUT,ETH,848490
2556539,18,73,9253,2001,5438.0,0.0,1.4328370000000001,1.408495,BEL,ETH,848490
2556540,41,73,9253,2001,5552.0,0.0,2.227246,0.553956,CHE,ETH,848490
2556541,43,73,9253,2001,1559.0,0.0,0.525171,3.092963,CHN,ETH,848490
2556542,61,73,9253,2001,36653.0,0.0,2.321375,-2.1110990000000003,DEU,ETH,848490
2556543,62,73,9253,2001,7120.0,0.0,0.143467,0.14288599999999999,DJI,ETH,848490
2556544,71,73,9253,2001,3145.0,0.0,1.079664,1.9842220000000002,ESP,ETH,848490
2556545,77,73,9253,2001,11205.0,0.0,1.653507,0.797582,FRA,ETH,848490
2556546,81,73,9253,2001,7615.0,0.0,1.976894,0.685435,GBR,ETH,848490
2556547,111,73,9253,2001,20259.0,0.0,1.389926,1.282143,ITA,ETH,848490
2556548,114,73,9253,2001,14482.0,0.0,2.585857,0.522663,JPN,ETH,848490
2556549,162,73,9253,2001,15711.0,0.0,1.315685,1.590935,NLD,ETH,848490
2556550,185,73,9253,2001,765.0,0.0,0.326733,1.005332,ROU,ETH,848490
2556551,188,73,9253,2001,813.0,0.0,0.5370550000000001,-0.793469,SAU,ETH,848490
2556552,208,73,9253,2001,5664.0,0.0,2.156845,0.784439,SWE,ETH,848490
2556553,224,73,9253,2001,22717.0,0.0,0.188773,1.91451,TUR,ETH,848490
2556554,231,73,9253,2001,1283.0,0.0,1.873674,0.168468,USA,ETH,848490
2556555,61,91,9253,2001,18571.0,0.0,2.321375,-2.1110990000000003,DEU,GRD,848490
2556556,81,91,9253,2001,1307.0,0.0,1.976894,0.685435,GBR,GRD,848490
2556557,114,91,9253,2001,5202.0,0.0,2.585857,0.522663,JPN,GRD,848490
2556558,222,91,9253,2001,1183.0,0.0,0.178256,-0.709126,TTO,GRD,848490
2556559,231,91,9253,2001,8741.0,0.0,1.873674,0.168468,USA,GRD,848490
2556560,32,99,9253,2001,14294.0,0.0,0.672496,1.051848,BRA,HND,848490
2556561,39,99,9253,2001,741.0,0.0,0.971827,1.105171,CAN,HND,848490
2556562,49,99,9253,2001,419.0,0.0,0.30412,0.395913,COL,HND,848490
2556563,52,99,9253,2001,1099.0,0.0,0.069458,-0.042793,CRI,HND,848490
2556564,61,99,9253,2001,7068.0,0.0,2.321375,-2.1110990000000003,DEU,HND,848490
2556565,77,99,9253,2001,1444.0,0.0,1.653507,0.797582,FRA,HND,848490
2556566,81,99,9253,2001,3346.0,0.0,1.976894,0.685435,GBR,HND,848490
2556567,114,99,9253,2001,136302.0,0.0,2.585857,0.522663,JPN,HND,848490
2556568,138,99,9253,2001,11227.0,0.0,0.797058,0.713234,MEX,HND,848490
2556569,169,99,9253,2001,5998.0,0.0,0.17588199999999998,0.422505,PAN,HND,848490
2556570,173,99,9253,2001,21285.0,0.0,-0.345519,0.202623,PER,HND,848490
2556571,231,99,9253,2001,94302.0,0.0,1.873674,0.168468,USA,HND,848490
2556572,249,99,9253,2001,22386.0,0.0,1.5731700000000002,1.353159,TWN,HND,848490
2556573,250,99,9253,2001,1360.0,0.0,1.096023,-0.33562600000000004,ANS,HND,848490
2556574,14,151,9253,2001,1216.0,0.0,0.29463,0.772375,AUS,MUS,848490
2556575,18,151,9253,2001,2249.0,0.0,1.4328370000000001,1.408495,BEL,MUS,848490
2556576,41,151,9253,2001,832.0,0.0,2.227246,0.553956,CHE,MUS,848490
2556577,61,151,9253,2001,14517.0,1826.0,2.321375,-2.1110990000000003,DEU,MUS,848490
2556578,64,151,9253,2001,1119.0,0.0,1.261883,1.351875,DNK,MUS,848490
2556579,71,151,9253,2001,29987.0,0.0,1.079664,1.9842220000000002,ESP,MUS,848490
2556580,77,151,9253,2001,29668.0,0.0,1.653507,0.797582,FRA,MUS,848490
2556581,81,151,9253,2001,24350.0,0.0,1.976894,0.685435,GBR,MUS,848490
2556582,104,151,9253,2001,1977.0,0.0,0.349744,2.665844,IND,MUS,848490
2556583,111,151,9253,2001,7853.0,0.0,1.389926,1.282143,ITA,MUS,848490
2556584,114,151,9253,2001,6624.0,0.0,2.585857,0.522663,JPN,MUS,848490
2556585,121,151,9253,2001,716.0,0.0,1.145797,1.0762399999999999,KOR,MUS,848490
2556586,153,151,9253,2001,1501.0,0.0,0.768174,0.307033,MYS,MUS,848490
2556587,162,151,9253,2001,2359.0,0.0,1.315685,1.590935,NLD,MUS,848490
2556588,192,151,9253,2001,2012.0,0.0,1.364239,0.721074,SGP,MUS,848490
2556589,208,151,9253,2001,6006.0,0.0,2.156845,0.784439,SWE,MUS,848490
2556590,231,151,9253,2001,16726.0,0.0,1.873674,0.168468,USA,MUS,848490
2556591,246,151,9253,2001,6566.0,0.0,0.356842,2.006155,ZAF,MUS,848490
2556592,249,151,9253,2001,1210.0,0.0,1.5731700000000002,1.353159,TWN,MUS,848490
2556593,250,151,9253,2001,5081.0,0.0,1.096023,-0.33562600000000004,ANS,MUS,848490
2556594,14,176,9253,2001,94713.0,1809.0,0.29463,0.772375,AUS,PNG,848490
2556595,81,176,9253,2001,1275.0,0.0,1.976894,0.685435,GBR,PNG,848490
2556596,114,176,9253,2001,2783.0,0.0,2.585857,0.522663,JPN,PNG,848490
2556597,153,176,9253,2001,4043.0,0.0,0.768174,0.307033,MYS,PNG,848490
2556598,166,176,9253,2001,2623.0,0.0,0.521409,0.683134,NZL,PNG,848490
2556599,174,176,9253,2001,1123.0,0.0,-0.028201,-0.112349,PHL,PNG,848490
2556600,192,176,9253,2001,110619.0,0.0,1.364239,0.721074,SGP,PNG,848490
2556601,231,176,9253,2001,2821.0,0.0,1.873674,0.168468,USA,PNG,848490
2556602,61,234,9253,2001,1958.0,0.0,2.321375,-2.1110990000000003,DEU,VCT,848490
2556603,81,234,9253,2001,2579.0,0.0,1.976894,0.685435,GBR,VCT,848490
2556604,231,234,9253,2001,1817.0,0.0,1.873674,0.168468,USA,VCT,848490
2556605,7,247,9253,2001,897.0,0.0,-0.193984,-0.457124,ARE,ZMB,848490
2556606,61,247,9253,2001,4599.0,0.0,2.321375,-2.1110990000000003,DEU,ZMB,848490
2556607,74,247,9253,2001,1123.0,0.0,2.069141,0.9375180000000001,FIN,ZMB,848490
2556608,81,247,9253,2001,1566.0,0.0,1.976894,0.685435,GBR,ZMB,848490
2556609,114,247,9253,2001,1795.0,0.0,2.585857,0.522663,JPN,ZMB,848490
2556610,162,247,9253,2001,1042.0,0.0,1.315685,1.590935,NLD,ZMB,848490
2556611,231,247,9253,2001,25118.0,0.0,1.873674,0.168468,USA,ZMB,848490
2556612,246,247,9253,2001,55176.0,0.0,0.356842,2.006155,ZAF,ZMB,848490
2556613,15,4,9253,2001,1057.0,0.0,1.8571650000000002,0.603191,AUT,ALB,848490
2556614,61,4,9253,2001,49819.0,0.0,2.321375,-2.1110990000000003,DEU,ALB,848490
2556615,71,4,9253,2001,20237.0,0.0,1.079664,1.9842220000000002,ESP,ALB,848490
2556616,90,4,9253,2001,17488.0,0.0,0.31387600000000004,1.3614600000000001,GRC,ALB,848490
2556617,111,4,9253,2001,841025.0,965.0,1.389926,1.282143,ITA,ALB,848490
2556618,114,4,9253,2001,1488.0,0.0,2.585857,0.522663,JPN,ALB,848490
2556619,208,4,9253,2001,2104.0,0.0,2.156845,0.784439,SWE,ALB,848490
2556620,66,5,9253,2001,0.0,1026.0,-0.663363,-1.158295,DZA,AND,848490
2556621,173,5,9253,2001,0.0,1948.0,-0.345519,0.202623,PER,AND,848490
2556622,61,9,9253,2001,2379.0,0.0,2.321375,-2.1110990000000003,DEU,ARM,848490
2556623,18,17,9253,2001,1634.0,0.0,1.4328370000000001,1.408495,BEL,BDI,848490
2556624,39,17,9253,2001,4244.0,0.0,0.971827,1.105171,CAN,BDI,848490
2556625,61,17,9253,2001,2274.0,0.0,2.321375,-2.1110990000000003,DEU,BDI,848490
2556626,77,17,9253,2001,2679.0,0.0,1.653507,0.797582,FRA,BDI,848490
2556627,18,24,9253,2001,5181.0,0.0,1.4328370000000001,1.408495,BEL,BHR,848490
2556628,41,24,9253,2001,2589.0,0.0,2.227246,0.553956,CHE,BHR,848490
2556629,61,24,9253,2001,74666.0,0.0,2.321375,-2.1110990000000003,DEU,BHR,848490
2556630,77,24,9253,2001,1580.0,0.0,1.653507,0.797582,FRA,BHR,848490
2556631,81,24,9253,2001,54118.0,0.0,1.976894,0.685435,GBR,BHR,848490
2556632,111,24,9253,2001,42123.0,0.0,1.389926,1.282143,ITA,BHR,848490
2556633,114,24,9253,2001,105729.0,0.0,2.585857,0.522663,JPN,BHR,848490
2556634,138,24,9253,2001,636.0,0.0,0.797058,0.713234,MEX,BHR,848490
2556635,162,24,9253,2001,3843.0,0.0,1.315685,1.590935,NLD,BHR,848490
2556636,163,24,9253,2001,7575.0,0.0,0.974814,0.06512000000000001,NOR,BHR,848490
2556637,208,24,9253,2001,3827.0,0.0,2.156845,0.784439,SWE,BHR,848490
2556638,231,24,9253,2001,9189.0,0.0,1.873674,0.168468,USA,BHR,848490
2556639,14,34,9253,2001,2867.0,0.0,0.29463,0.772375,AUS,BRN,848490
2556640,18,34,9253,2001,4639.0,0.0,1.4328370000000001,1.408495,BEL,BRN,848490
2556641,61,34,9253,2001,4198.0,0.0,2.321375,-2.1110990000000003,DEU,BRN,848490
2556642,77,34,9253,2001,903.0,0.0,1.653507,0.797582,FRA,BRN,848490
2556643,81,34,9253,2001,2787.0,0.0,1.976894,0.685435,GBR,BRN,848490
2556644,103,34,9253,2001,880.0,0.0,-0.167771,1.6587889999999998,IDN,BRN,848490
2556645,114,34,9253,2001,1219.0,0.0,2.585857,0.522663,JPN,BRN,848490
2556646,121,34,9253,2001,911.0,0.0,1.145797,1.0762399999999999,KOR,BRN,848490
2556647,153,34,9253,2001,925.0,924.0,0.768174,0.307033,MYS,BRN,848490
2556648,162,34,9253,2001,14026.0,0.0,1.315685,1.590935,NLD,BRN,848490
2556649,163,34,9253,2001,240.0,0.0,0.974814,0.06512000000000001,NOR,BRN,848490
2556650,192,34,9253,2001,34313.0,2564.0,1.364239,0.721074,SGP,BRN,848490
2556651,231,34,9253,2001,3234.0,0.0,1.873674,0.168468,USA,BRN,848490
2556652,250,34,9253,2001,5953.0,0.0,1.096023,-0.33562600000000004,ANS,BRN,848490
2556653,43,63,9253,2001,6921.0,0.0,0.525171,3.092963,CHN,DMA,848490
2556654,81,63,9253,2001,1633.0,0.0,1.976894,0.685435,GBR,DMA,848490
2556655,106,63,9253,2001,0.0,34860.0,1.664233,0.129983,IRL,DMA,848490
2556656,231,63,9253,2001,6175.0,0.0,1.873674,0.168468,USA,DMA,848490
2556657,249,63,9253,2001,7820.0,0.0,1.5731700000000002,1.353159,TWN,DMA,848490
2556658,15,82,9253,2001,3343.0,0.0,1.8571650000000002,0.603191,AUT,GEO,848490
2556659,41,82,9253,2001,464.0,0.0,2.227246,0.553956,CHE,GEO,848490
2556660,61,82,9253,2001,895.0,0.0,2.321375,-2.1110990000000003,DEU,GEO,848490
2556661,81,82,9253,2001,1036.0,0.0,1.976894,0.685435,GBR,GEO,848490
2556662,111,82,9253,2001,1516.0,0.0,1.389926,1.282143,ITA,GEO,848490
2556663,186,82,9253,2001,2768.0,0.0,0.945816,0.35027600000000003,RUS,GEO,848490
2556664,231,82,9253,2001,5970.0,0.0,1.873674,0.168468,USA,GEO,848490
2556665,18,87,9253,2001,3188.0,0.0,1.4328370000000001,1.408495,BEL,GMB,848490
2556666,41,87,9253,2001,4005.0,0.0,2.227246,0.553956,CHE,GMB,848490
2556667,71,87,9253,2001,6859.0,0.0,1.079664,1.9842220000000002,ESP,GMB,848490
2556668,81,87,9253,2001,6925.0,0.0,1.976894,0.685435,GBR,GMB,848490
2556669,15,108,9253,2001,2032.0,0.0,1.8571650000000002,0.603191,AUT,IRQ,848490
2556670,18,108,9253,2001,18952.0,0.0,1.4328370000000001,1.408495,BEL,IRQ,848490
2556671,32,108,9253,2001,9109.0,0.0,0.672496,1.051848,BRA,IRQ,848490
2556672,61,108,9253,2001,167000.0,0.0,2.321375,-2.1110990000000003,DEU,IRQ,848490
2556673,66,108,9253,2001,37426.0,0.0,-0.663363,-1.158295,DZA,IRQ,848490
2556674,77,108,9253,2001,61785.0,0.0,1.653507,0.797582,FRA,IRQ,848490
2556675,81,108,9253,2001,31383.0,0.0,1.976894,0.685435,GBR,IRQ,848490
2556676,107,108,9253,2001,0.0,17326.0,-0.7732479999999999,-0.8979370000000001,IRN,IRQ,848490
2556677,111,108,9253,2001,71589.0,0.0,1.389926,1.282143,ITA,IRQ,848490
2556678,113,108,9253,2001,514458.0,0.0,0.375134,0.581558,JOR,IRQ,848490
2556679,114,108,9253,2001,281975.0,0.0,2.585857,0.522663,JPN,IRQ,848490
2556680,134,108,9253,2001,28950.0,0.0,-0.75275,-0.280397,MAR,IRQ,848490
2556681,186,108,9253,2001,26960.0,0.0,0.945816,0.35027600000000003,RUS,IRQ,848490
2556682,208,108,9253,2001,78433.0,0.0,2.156845,0.784439,SWE,IRQ,848490
2556683,223,108,9253,2001,9878.0,0.0,-0.162152,0.23939699999999997,TUN,IRQ,848490
2556684,231,108,9253,2001,11061.0,0.0,1.873674,0.168468,USA,IRQ,848490
2556685,15,109,9253,2001,3946.0,0.0,1.8571650000000002,0.603191,AUT,ISL,848490
2556686,18,109,9253,2001,2472.0,0.0,1.4328370000000001,1.408495,BEL,ISL,848490
2556687,41,109,9253,2001,5144.0,0.0,2.227246,0.553956,CHE,ISL,848490
2556688,59,109,9253,2001,1628.0,0.0,1.485703,1.109305,CZE,ISL,848490
2556689,61,109,9253,2001,38483.0,0.0,2.321375,-2.1110990000000003,DEU,ISL,848490
2556690,64,109,9253,2001,32390.0,0.0,1.261883,1.351875,DNK,ISL,848490
2556691,71,109,9253,2001,53104.0,0.0,1.079664,1.9842220000000002,ESP,ISL,848490
2556692,74,109,9253,2001,6622.0,0.0,2.069141,0.9375180000000001,FIN,ISL,848490
2556693,77,109,9253,2001,26425.0,0.0,1.653507,0.797582,FRA,ISL,848490
2556694,78,109,9253,2001,0.0,1179.0,-1.004972,-0.9456030000000001,FRO,ISL,848490
2556695,81,109,9253,2001,19110.0,0.0,1.976894,0.685435,GBR,ISL,848490
2556696,106,109,9253,2001,2008.0,0.0,1.664233,0.129983,IRL,ISL,848490
2556697,111,109,9253,2001,4356.0,0.0,1.389926,1.282143,ITA,ISL,848490
2556698,114,109,9253,2001,1209.0,0.0,2.585857,0.522663,JPN,ISL,848490
2556699,121,109,9253,2001,8154.0,0.0,1.145797,1.0762399999999999,KOR,ISL,848490
2556700,162,109,9253,2001,26180.0,0.0,1.315685,1.590935,NLD,ISL,848490
2556701,163,109,9253,2001,2714.0,0.0,0.974814,0.06512000000000001,NOR,ISL,848490
2556702,179,109,9253,2001,18099.0,0.0,0.482048,1.662123,PRT,ISL,848490
2556703,206,109,9253,2001,384.0,0.0,1.1732770000000001,1.088576,SVK,ISL,848490
2556704,208,109,9253,2001,21993.0,0.0,2.156845,0.784439,SWE,ISL,848490
2556705,231,109,9253,2001,10240.0,0.0,1.873674,0.168468,USA,ISL,848490
2556706,43,118,9253,2001,791.0,0.0,0.525171,3.092963,CHN,KHM,848490
2556707,61,118,9253,2001,735.0,0.0,2.321375,-2.1110990000000003,DEU,KHM,848490
2556708,77,118,9253,2001,1674.0,0.0,1.653507,0.797582,FRA,KHM,848490
2556709,114,118,9253,2001,1454.0,0.0,2.585857,0.522663,JPN,KHM,848490
2556710,153,118,9253,2001,4690.0,0.0,0.768174,0.307033,MYS,KHM,848490
2556711,162,118,9253,2001,1211.0,0.0,1.315685,1.590935,NLD,KHM,848490
2556712,192,118,9253,2001,40129.0,0.0,1.364239,0.721074,SGP,KHM,848490
2556713,231,118,9253,2001,7736.0,0.0,1.873674,0.168468,USA,KHM,848490
2556714,8,126,9253,2001,12580.0,0.0,0.287698,0.547137,ARG,LBY,848490
2556715,15,126,9253,2001,8713.0,0.0,1.8571650000000002,0.603191,AUT,LBY,848490
2556716,61,126,9253,2001,283000.0,0.0,2.321375,-2.1110990000000003,DEU,LBY,848490
2556717,77,126,9253,2001,51945.0,0.0,1.653507,0.797582,FRA,LBY,848490
2556718,81,126,9253,2001,111137.0,0.0,1.976894,0.685435,GBR,LBY,848490
2556719,111,126,9253,2001,166981.0,0.0,1.389926,1.282143,ITA,LBY,848490
2556720,114,126,9253,2001,147201.0,0.0,2.585857,0.522663,JPN,LBY,848490
2556721,121,126,9253,2001,35608.0,0.0,1.145797,1.0762399999999999,KOR,LBY,848490
2556722,134,126,9253,2001,2669.0,0.0,-0.75275,-0.280397,MAR,LBY,848490
2556723,162,126,9253,2001,107549.0,0.0,1.315685,1.590935,NLD,LBY,848490
2556724,163,126,9253,2001,24582.0,0.0,0.974814,0.06512000000000001,NOR,LBY,848490
2556725,208,126,9253,2001,3006.0,0.0,2.156845,0.784439,SWE,LBY,848490
2556726,223,126,9253,2001,17816.0,0.0,-0.162152,0.23939699999999997,TUN,LBY,848490
2556727,224,126,9253,2001,14352.0,0.0,0.188773,1.91451,TUR,LBY,848490
2556728,18,136,9253,2001,3557.0,0.0,1.4328370000000001,1.408495,BEL,MDG,848490
2556729,32,136,9253,2001,3761.0,0.0,0.672496,1.051848,BRA,MDG,848490
2556730,41,136,9253,2001,2347.0,0.0,2.227246,0.553956,CHE,MDG,848490
2556731,43,136,9253,2001,1407.0,0.0,0.525171,3.092963,CHN,MDG,848490
2556732,61,136,9253,2001,62324.0,0.0,2.321375,-2.1110990000000003,DEU,MDG,848490
2556733,71,136,9253,2001,4368.0,0.0,1.079664,1.9842220000000002,ESP,MDG,848490
2556734,77,136,9253,2001,58468.0,0.0,1.653507,0.797582,FRA,MDG,848490
2556735,81,136,9253,2001,1035.0,0.0,1.976894,0.685435,GBR,MDG,848490
2556736,104,136,9253,2001,1790.0,0.0,0.349744,2.665844,IND,MDG,848490
2556737,111,136,9253,2001,2686.0,0.0,1.389926,1.282143,ITA,MDG,848490
2556738,114,136,9253,2001,17383.0,0.0,2.585857,0.522663,JPN,MDG,848490
2556739,192,136,9253,2001,2563.0,0.0,1.364239,0.721074,SGP,MDG,848490
2556740,208,136,9253,2001,3171.0,0.0,2.156845,0.784439,SWE,MDG,848490
2556741,224,136,9253,2001,1369.0,0.0,0.188773,1.91451,TUR,MDG,848490
2556742,231,136,9253,2001,5856.0,3975.0,1.873674,0.168468,USA,MDG,848490
2556743,246,136,9253,2001,1832.0,0.0,0.356842,2.006155,ZAF,MDG,848490
2556744,249,136,9253,2001,3360.0,0.0,1.5731700000000002,1.353159,TWN,MDG,848490
2556745,250,136,9253,2001,41590.0,15417.0,1.096023,-0.33562600000000004,ANS,MDG,848490
2556746,18,137,9253,2001,2366.0,0.0,1.4328370000000001,1.408495,BEL,MDV,848490
2556747,153,137,9253,2001,821.0,0.0,0.768174,0.307033,MYS,MDV,848490
2556748,162,137,9253,2001,1621.0,0.0,1.315685,1.590935,NLD,MDV,848490
2556749,192,137,9253,2001,2690.0,0.0,1.364239,0.721074,SGP,MDV,848490
2556750,18,141,9253,2001,2444.0,0.0,1.4328370000000001,1.408495,BEL,MLI,848490
2556751,61,141,9253,2001,16425.0,0.0,2.321375,-2.1110990000000003,DEU,MLI,848490
2556752,71,141,9253,2001,7637.0,0.0,1.079664,1.9842220000000002,ESP,MLI,848490
2556753,74,141,9253,2001,7361.0,0.0,2.069141,0.9375180000000001,FIN,MLI,848490
2556754,77,141,9253,2001,9831.0,0.0,1.653507,0.797582,FRA,MLI,848490
2556755,81,141,9253,2001,22737.0,0.0,1.976894,0.685435,GBR,MLI,848490
2556756,111,141,9253,2001,6564.0,0.0,1.389926,1.282143,ITA,MLI,848490
2556757,134,141,9253,2001,18745.0,0.0,-0.75275,-0.280397,MAR,MLI,848490
2556758,191,141,9253,2001,13143.0,4390.0,-0.437779,-0.436654,SEN,MLI,848490
2556759,224,141,9253,2001,3062.0,0.0,0.188773,1.91451,TUR,MLI,848490
2556760,231,141,9253,2001,32730.0,0.0,1.873674,0.168468,USA,MLI,848490
2556761,246,141,9253,2001,5987.0,0.0,0.356842,2.006155,ZAF,MLI,848490
2556762,249,141,9253,2001,153.0,0.0,1.5731700000000002,1.353159,TWN,MLI,848490
2556763,61,143,9253,2001,998.0,0.0,2.321375,-2.1110990000000003,DEU,MMR,848490
2556764,77,143,9253,2001,6424.0,0.0,1.653507,0.797582,FRA,MMR,848490
2556765,103,143,9253,2001,21800.0,0.0,-0.167771,1.6587889999999998,IDN,MMR,848490
2556766,114,143,9253,2001,74179.0,0.0,2.585857,0.522663,JPN,MMR,848490
2556767,121,143,9253,2001,1187.0,0.0,1.145797,1.0762399999999999,KOR,MMR,848490
2556768,192,143,9253,2001,1055.0,0.0,1.364239,0.721074,SGP,MMR,848490
2556769,216,143,9253,2001,12590.0,0.0,0.37555900000000003,1.498267,THA,MMR,848490
2556770,231,143,9253,2001,4255.0,0.0,1.873674,0.168468,USA,MMR,848490
2556771,249,143,9253,2001,186740.0,0.0,1.5731700000000002,1.353159,TWN,MMR,848490
2556772,18,145,9253,2001,3104.0,0.0,1.4328370000000001,1.408495,BEL,MNG,848490
2556773,43,145,9253,2001,1247.0,0.0,0.525171,3.092963,CHN,MNG,848490
2556774,61,145,9253,2001,5712.0,0.0,2.321375,-2.1110990000000003,DEU,MNG,848490
2556775,114,145,9253,2001,118019.0,0.0,2.585857,0.522663,JPN,MNG,848490
2556776,186,145,9253,2001,4705.0,0.0,0.945816,0.35027600000000003,RUS,MNG,848490
2556777,231,145,9253,2001,13677.0,0.0,1.873674,0.168468,USA,MNG,848490
2556778,18,148,9253,2001,888.0,0.0,1.4328370000000001,1.408495,BEL,MRT,848490
2556779,61,148,9253,2001,31288.0,0.0,2.321375,-2.1110990000000003,DEU,MRT,848490
2556780,77,148,9253,2001,16161.0,0.0,1.653507,0.797582,FRA,MRT,848490
2556781,134,148,9253,2001,2833.0,0.0,-0.75275,-0.280397,MAR,MRT,848490
2556782,163,148,9253,2001,5980.0,0.0,0.974814,0.06512000000000001,NOR,MRT,848490
2556783,61,152,9253,2001,1272.0,0.0,2.321375,-2.1110990000000003,DEU,MWI,848490
2556784,77,152,9253,2001,773.0,0.0,1.653507,0.797582,FRA,MWI,848490
2556785,81,152,9253,2001,610.0,0.0,1.976894,0.685435,GBR,MWI,848490
2556786,246,152,9253,2001,19868.0,0.0,0.356842,2.006155,ZAF,MWI,848490
2556787,249,152,9253,2001,21575.0,0.0,1.5731700000000002,1.353159,TWN,MWI,848490
2556788,77,154,9253,2001,18598.0,0.0,1.653507,0.797582,FRA,MYT,848490
2556789,61,157,9253,2001,4060.0,0.0,2.321375,-2.1110990000000003,DEU,NER,848490
2556790,64,157,9253,2001,556.0,0.0,1.261883,1.351875,DNK,NER,848490
2556791,77,157,9253,2001,15326.0,0.0,1.653507,0.797582,FRA,NER,848490
2556792,81,157,9253,2001,5559.0,856.0,1.976894,0.685435,GBR,NER,848490
2556793,114,157,9253,2001,2350.0,0.0,2.585857,0.522663,JPN,NER,848490
2556794,162,157,9253,2001,2889.0,0.0,1.315685,1.590935,NLD,NER,848490
2556795,192,157,9253,2001,715.0,0.0,1.364239,0.721074,SGP,NER,848490
2556796,231,157,9253,2001,94592.0,0.0,1.873674,0.168468,USA,NER,848490
2556797,250,157,9253,2001,11055.0,0.0,1.096023,-0.33562600000000004,ANS,NER,848490
2556798,14,182,9253,2001,12504.0,0.0,0.29463,0.772375,AUS,PYF,848490
2556799,18,182,9253,2001,1905.0,0.0,1.4328370000000001,1.408495,BEL,PYF,848490
2556800,41,182,9253,2001,356.0,0.0,2.227246,0.553956,CHE,PYF,848490
2556801,61,182,9253,2001,10090.0,0.0,2.321375,-2.1110990000000003,DEU,PYF,848490
2556802,64,182,9253,2001,2732.0,0.0,1.261883,1.351875,DNK,PYF,848490
2556803,71,182,9253,2001,1495.0,0.0,1.079664,1.9842220000000002,ESP,PYF,848490
2556804,77,182,9253,2001,184916.0,0.0,1.653507,0.797582,FRA,PYF,848490
2556805,81,182,9253,2001,17642.0,0.0,1.976894,0.685435,GBR,PYF,848490
2556806,111,182,9253,2001,1041.0,0.0,1.389926,1.282143,ITA,PYF,848490
2556807,114,182,9253,2001,16377.0,0.0,2.585857,0.522663,JPN,PYF,848490
2556808,121,182,9253,2001,1115.0,0.0,1.145797,1.0762399999999999,KOR,PYF,848490
2556809,162,182,9253,2001,1042.0,0.0,1.315685,1.590935,NLD,PYF,848490
2556810,166,182,9253,2001,4424.0,0.0,0.521409,0.683134,NZL,PYF,848490
2556811,208,182,9253,2001,2638.0,0.0,2.156845,0.784439,SWE,PYF,848490
2556812,231,182,9253,2001,58519.0,0.0,1.873674,0.168468,USA,PYF,848490
2556813,7,187,9253,2001,531.0,0.0,-0.193984,-0.457124,ARE,RWA,848490
2556814,18,187,9253,2001,986.0,0.0,1.4328370000000001,1.408495,BEL,RWA,848490
2556815,61,187,9253,2001,3663.0,0.0,2.321375,-2.1110990000000003,DEU,RWA,848490
2556816,15,190,9253,2001,33971.0,0.0,1.8571650000000002,0.603191,AUT,SDN,848490
2556817,18,190,9253,2001,7812.0,0.0,1.4328370000000001,1.408495,BEL,SDN,848490
2556818,61,190,9253,2001,15111.0,0.0,2.321375,-2.1110990000000003,DEU,SDN,848490
2556819,77,190,9253,2001,11015.0,0.0,1.653507,0.797582,FRA,SDN,848490
2556820,81,190,9253,2001,58910.0,0.0,1.976894,0.685435,GBR,SDN,848490
2556821,104,190,9253,2001,1507.0,0.0,0.349744,2.665844,IND,SDN,848490
2556822,111,190,9253,2001,1581.0,0.0,1.389926,1.282143,ITA,SDN,848490
2556823,113,190,9253,2001,2759.0,0.0,0.375134,0.581558,JOR,SDN,848490
2556824,114,190,9253,2001,32126.0,0.0,2.585857,0.522663,JPN,SDN,848490
2556825,162,190,9253,2001,1476.0,0.0,1.315685,1.590935,NLD,SDN,848490
2556826,188,190,9253,2001,1242.0,0.0,0.5370550000000001,-0.793469,SAU,SDN,848490
2556827,216,190,9253,2001,11561.0,0.0,0.37555900000000003,1.498267,THA,SDN,848490
2556828,224,190,9253,2001,82986.0,0.0,0.188773,1.91451,TUR,SDN,848490
2556829,249,190,9253,2001,60422.0,0.0,1.5731700000000002,1.353159,TWN,SDN,848490
2556830,61,211,9253,2001,1870.0,0.0,2.321375,-2.1110990000000003,DEU,SYC,848490
2556831,77,211,9253,2001,2447.0,0.0,1.653507,0.797582,FRA,SYC,848490
2556832,81,211,9253,2001,3766.0,0.0,1.976894,0.685435,GBR,SYC,848490
2556833,111,211,9253,2001,1503.0,0.0,1.389926,1.282143,ITA,SYC,848490
2556834,114,211,9253,2001,633.0,0.0,2.585857,0.522663,JPN,SYC,848490
2556835,116,211,9253,2001,1009.0,0.0,-0.529388,0.092271,KEN,SYC,848490
2556836,192,211,9253,2001,6212.0,0.0,1.364239,0.721074,SGP,SYC,848490
2556837,231,211,9253,2001,2911.0,0.0,1.873674,0.168468,USA,SYC,848490
2556838,246,211,9253,2001,1415.0,0.0,0.356842,2.006155,ZAF,SYC,848490
2556839,61,215,9253,2001,819.0,0.0,2.321375,-2.1110990000000003,DEU,TGO,848490
2556840,71,215,9253,2001,6814.0,0.0,1.079664,1.9842220000000002,ESP,TGO,848490
2556841,77,215,9253,2001,6545.0,0.0,1.653507,0.797582,FRA,TGO,848490
2556842,114,215,9253,2001,2175.0,0.0,2.585857,0.522663,JPN,TGO,848490
2556843,208,215,9253,2001,522.0,0.0,2.156845,0.784439,SWE,TGO,848490
2556844,18,243,9253,2001,31673.0,0.0,1.4328370000000001,1.408495,BEL,YEM,848490
2556845,43,243,9253,2001,6818.0,0.0,0.525171,3.092963,CHN,YEM,848490
2556846,61,243,9253,2001,36000.0,0.0,2.321375,-2.1110990000000003,DEU,YEM,848490
2556847,74,243,9253,2001,1040.0,0.0,2.069141,0.9375180000000001,FIN,YEM,848490
2556848,77,243,9253,2001,3583.0,0.0,1.653507,0.797582,FRA,YEM,848490
2556849,104,243,9253,2001,18033.0,0.0,0.349744,2.665844,IND,YEM,848490
2556850,111,243,9253,2001,19531.0,0.0,1.389926,1.282143,ITA,YEM,848490
2556851,114,243,9253,2001,50011.0,0.0,2.585857,0.522663,JPN,YEM,848490
2556852,159,243,9253,2001,0.0,17428.0,-1.966439,-1.2724520000000001,NGA,YEM,848490
2556853,208,243,9253,2001,2815.0,0.0,2.156845,0.784439,SWE,YEM,848490
2556854,216,243,9253,2001,21544.0,0.0,0.37555900000000003,1.498267,THA,YEM,848490
2556855,224,243,9253,2001,11205.0,0.0,0.188773,1.91451,TUR,YEM,848490
2556856,249,243,9253,2001,103328.0,0.0,1.5731700000000002,1.353159,TWN,YEM,848490
2556857,18,2,9253,2001,8988.0,0.0,1.4328370000000001,1.408495,BEL,AGO,848490
2556858,32,2,9253,2001,13956.0,0.0,0.672496,1.051848,BRA,AGO,848490
2556859,61,2,9253,2001,20000.0,0.0,2.321375,-2.1110990000000003,DEU,AGO,848490
2556860,77,2,9253,2001,471263.0,0.0,1.653507,0.797582,FRA,AGO,848490
2556861,111,2,9253,2001,5104.0,0.0,1.389926,1.282143,ITA,AGO,848490
2556862,114,2,9253,2001,1820.0,0.0,2.585857,0.522663,JPN,AGO,848490
2556863,155,2,9253,2001,1104.0,0.0,-0.625912,-0.854247,NAM,AGO,848490
2556864,162,2,9253,2001,23312.0,0.0,1.315685,1.590935,NLD,AGO,848490
2556865,163,2,9253,2001,140477.0,0.0,0.974814,0.06512000000000001,NOR,AGO,848490
2556866,179,2,9253,2001,85288.0,0.0,0.482048,1.662123,PRT,AGO,848490
2556867,246,2,9253,2001,150073.0,0.0,0.356842,2.006155,ZAF,AGO,848490
2556868,15,26,9253,2001,15068.0,0.0,1.8571650000000002,0.603191,AUT,BIH,848490
2556869,49,26,9253,2001,0.0,8010.0,0.30412,0.395913,COL,BIH,848490
2556870,61,26,9253,2001,229000.0,48289.0,2.321375,-2.1110990000000003,DEU,BIH,848490
2556871,77,26,9253,2001,5377.0,0.0,1.653507,0.797582,FRA,BIH,848490
2556872,100,26,9253,2001,23373.0,9216.0,0.544596,0.969535,HRV,BIH,848490
2556873,102,26,9253,2001,6000.0,0.0,1.102262,1.138016,HUN,BIH,848490
2556874,140,26,9253,2001,7597.0,0.0,0.033097,0.43516499999999997,MKD,BIH,848490
2556875,189,26,9253,2001,8288.0,1260.0,0.45280200000000004,2.469852,SCG,BIH,848490
2556876,207,26,9253,2001,8658.0,0.0,1.5074370000000001,1.1370040000000001,SVN,BIH,848490
2556877,224,26,9253,2001,2629.0,0.0,0.188773,1.91451,TUR,BIH,848490
2556878,18,46,9253,2001,2699.0,0.0,1.4328370000000001,1.408495,BEL,COD,848490
2556879,61,46,9253,2001,14000.0,0.0,2.321375,-2.1110990000000003,DEU,COD,848490
2556880,77,46,9253,2001,1794.0,0.0,1.653507,0.797582,FRA,COD,848490
2556881,111,46,9253,2001,8421.0,0.0,1.389926,1.282143,ITA,COD,848490
2556882,18,47,9253,2001,9655.0,0.0,1.4328370000000001,1.408495,BEL,COG,848490
2556883,32,47,9253,2001,1168.0,0.0,0.672496,1.051848,BRA,COG,848490
2556884,61,47,9253,2001,7000.0,0.0,2.321375,-2.1110990000000003,DEU,COG,848490
2556885,77,47,9253,2001,274188.0,0.0,1.653507,0.797582,FRA,COG,848490
2556886,80,47,9253,2001,3983.0,0.0,-1.063007,-1.181284,GAB,COG,848490
2556887,111,47,9253,2001,2869.0,0.0,1.389926,1.282143,ITA,COG,848490
2556888,231,47,9253,2001,9020.0,0.0,1.873674,0.168468,USA,COG,848490
2556889,14,75,9253,2001,14663.0,0.0,0.29463,0.772375,AUS,FJI,848490
2556890,114,75,9253,2001,8820.0,0.0,2.585857,0.522663,JPN,FJI,848490
2556891,166,75,9253,2001,12965.0,0.0,0.521409,0.683134,NZL,FJI,848490
2556892,249,75,9253,2001,16158.0,0.0,1.5731700000000002,1.353159,TWN,FJI,848490
2556893,61,78,9253,2001,523.0,0.0,2.321375,-2.1110990000000003,DEU,FRO,848490
2556894,64,78,9253,2001,21969.0,0.0,1.261883,1.351875,DNK,FRO,848490
2556895,109,78,9253,2001,1179.0,0.0,0.032382999999999995,-0.51054,ISL,FRO,848490
2556896,163,78,9253,2001,3061.0,0.0,0.974814,0.06512000000000001,NOR,FRO,848490
2556897,208,78,9253,2001,513.0,0.0,2.156845,0.784439,SWE,FRO,848490
2556898,71,89,9253,2001,1021.0,0.0,1.079664,1.9842220000000002,ESP,GNQ,848490
2556899,61,101,9253,2001,3000.0,0.0,2.321375,-2.1110990000000003,DEU,HTI,848490
2556900,64,101,9253,2001,2619.0,0.0,1.261883,1.351875,DNK,HTI,848490
2556901,114,101,9253,2001,6909.0,0.0,2.585857,0.522663,JPN,HTI,848490
2556902,231,101,9253,2001,3500.0,0.0,1.873674,0.168468,USA,HTI,848490
2556903,249,101,9253,2001,3553.0,0.0,1.5731700000000002,1.353159,TWN,HTI,848490
2556904,15,196,9253,2001,1498.0,0.0,1.8571650000000002,0.603191,AUT,SLE,848490
2556905,61,196,9253,2001,3000.0,0.0,2.321375,-2.1110990000000003,DEU,SLE,848490
2556906,77,196,9253,2001,18823.0,0.0,1.653507,0.797582,FRA,SLE,848490
2556907,208,196,9253,2001,1460.0,0.0,2.156845,0.784439,SWE,SLE,848490
2556908,39,214,9253,2001,1969.0,0.0,0.971827,1.105171,CAN,TCD,848490
2556909,77,214,9253,2001,33150.0,0.0,1.653507,0.797582,FRA,TCD,848490
2556910,77,84,9253,2001,2687.0,0.0,1.653507,0.797582,FRA,GIB,848490
2556911,66,217,9253,2001,0.0,4993.0,-0.663363,-1.158295,DZA,TJK,848490
2556912,186,217,9253,2001,3621.0,0.0,0.945816,0.35027600000000003,RUS,TJK,848490
2556913,61,127,9253,2001,10892.0,0.0,2.321375,-2.1110990000000003,DEU,LCA,848490
2556914,81,127,9253,2001,1011.0,0.0,1.976894,0.685435,GBR,LCA,848490
2556915,114,127,9253,2001,4684.0,0.0,2.585857,0.522663,JPN,LCA,848490
2556916,231,127,9253,2001,7477.0,0.0,1.873674,0.168468,USA,LCA,848490
2556917,67,1,9253,2001,0.0,2700.0,-0.852642,-0.896374,ECU,AFG,848490
2556918,186,1,9253,2001,16656.0,0.0,0.945816,0.35027600000000003,RUS,AFG,848490
2556919,103,10,9253,2001,0.0,27647.0,-0.167771,1.6587889999999998,IDN,ASM,848490
2556920,114,10,9253,2001,1713.0,0.0,2.585857,0.522663,JPN,ASM,848490
2556921,166,10,9253,2001,2161.0,0.0,0.521409,0.683134,NZL,ASM,848490
2556922,81,30,9253,2001,1110.0,0.0,1.976894,0.685435,GBR,BMU,848490
2556923,81,57,9253,2001,2515.0,0.0,1.976894,0.685435,GBR,CYM,848490
2556924,61,62,9253,2001,1000.0,0.0,2.321375,-2.1110990000000003,DEU,DJI,848490
2556925,73,62,9253,2001,0.0,7120.0,-0.999149,-0.904072,ETH,DJI,848490
2556926,77,62,9253,2001,1795.0,0.0,1.653507,0.797582,FRA,DJI,848490
2556927,114,62,9253,2001,11900.0,0.0,2.585857,0.522663,JPN,DJI,848490
2556928,18,69,9253,2001,1323.0,0.0,1.4328370000000001,1.408495,BEL,ERI,848490
2556929,61,69,9253,2001,1000.0,0.0,2.321375,-2.1110990000000003,DEU,ERI,848490
2556930,111,69,9253,2001,15278.0,0.0,1.389926,1.282143,ITA,ERI,848490
2556931,208,69,9253,2001,3333.0,0.0,2.156845,0.784439,SWE,ERI,848490
2556932,114,95,9253,2001,4579.0,0.0,2.585857,0.522663,JPN,GUM,848490
2556933,33,119,9253,2001,0.0,2149.0,0.725546,0.172345,BRB,KIR,848490
2556934,216,123,9253,2001,3023.0,0.0,0.37555900000000003,1.498267,THA,LAO,848490
2556935,41,125,9253,2001,8629.0,0.0,2.227246,0.553956,CHE,LBR,848490
2556936,61,125,9253,2001,14000.0,0.0,2.321375,-2.1110990000000003,DEU,LBR,848490
2556937,114,125,9253,2001,80917.0,0.0,2.585857,0.522663,JPN,LBR,848490
2556938,239,125,9253,2001,12144.0,0.0,-0.6692130000000001,0.610992,VNM,LBR,848490
2556939,114,139,9253,2001,11570.0,0.0,2.585857,0.522663,JPN,MHL,848490
2556940,114,146,9253,2001,13703.0,0.0,2.585857,0.522663,JPN,MNP,848490
2556941,14,156,9253,2001,3048.0,1937.0,0.29463,0.772375,AUS,NCL,848490
2556942,18,156,9253,2001,1759.0,0.0,1.4328370000000001,1.408495,BEL,NCL,848490
2556943,41,156,9253,2001,3186.0,0.0,2.227246,0.553956,CHE,NCL,848490
2556944,61,156,9253,2001,7454.0,0.0,2.321375,-2.1110990000000003,DEU,NCL,848490
2556945,64,156,9253,2001,4051.0,0.0,1.261883,1.351875,DNK,NCL,848490
2556946,71,156,9253,2001,787.0,0.0,1.079664,1.9842220000000002,ESP,NCL,848490
2556947,74,156,9253,2001,1452.0,0.0,2.069141,0.9375180000000001,FIN,NCL,848490
2556948,77,156,9253,2001,63478.0,0.0,1.653507,0.797582,FRA,NCL,848490
2556949,81,156,9253,2001,21118.0,0.0,1.976894,0.685435,GBR,NCL,848490
2556950,111,156,9253,2001,16348.0,0.0,1.389926,1.282143,ITA,NCL,848490
2556951,114,156,9253,2001,52329.0,0.0,2.585857,0.522663,JPN,NCL,848490
2556952,121,156,9253,2001,4186.0,0.0,1.145797,1.0762399999999999,KOR,NCL,848490
2556953,166,156,9253,2001,893.0,0.0,0.521409,0.683134,NZL,NCL,848490
2556954,192,156,9253,2001,1472.0,0.0,1.364239,0.721074,SGP,NCL,848490
2556955,208,156,9253,2001,4877.0,0.0,2.156845,0.784439,SWE,NCL,848490
2556956,231,156,9253,2001,6587.0,0.0,1.873674,0.168468,USA,NCL,848490
2556957,250,156,9253,2001,2555.0,0.0,1.096023,-0.33562600000000004,ANS,NCL,848490
2556958,104,164,9253,2001,17391.0,0.0,0.349744,2.665844,IND,NPL,848490
2556959,114,164,9253,2001,1960.0,0.0,2.585857,0.522663,JPN,NPL,848490
2556960,162,164,9253,2001,17147.0,0.0,1.315685,1.590935,NLD,NPL,848490
2556961,61,181,9253,2001,44000.0,0.0,2.321375,-2.1110990000000003,DEU,PSE,848490
2556962,208,225,9253,2001,18950.0,0.0,2.156845,0.784439,SWE,TUV,848490
2556963,224,229,9253,2001,0.0,30059.0,0.188773,1.91451,TUR,UMI,848490
2556964,61,240,9253,2001,3000.0,0.0,2.321375,-2.1110990000000003,DEU,VUT,848490
2556965,77,240,9253,2001,1799.0,0.0,1.653507,0.797582,FRA,VUT,848490
2556966,14,242,9253,2001,5879.0,0.0,0.29463,0.772375,AUS,WSM,848490
2556967,114,242,9253,2001,4404.0,0.0,2.585857,0.522663,JPN,WSM,848490
2556968,166,242,9253,2001,9399.0,0.0,0.521409,0.683134,NZL,WSM,848490
2556969,15,35,9253,2001,1366.0,0.0,1.8571650000000002,0.603191,AUT,BTN,848490
2556970,192,35,9253,2001,3522.0,0.0,1.364239,0.721074,SGP,BTN,848490
2556971,18,38,9253,2001,2830.0,0.0,1.4328370000000001,1.408495,BEL,CAF,848490
2556972,77,38,9253,2001,12922.0,0.0,1.653507,0.797582,FRA,CAF,848490
2556973,114,38,9253,2001,656.0,0.0,2.585857,0.522663,JPN,CAF,848490
2556974,250,38,9253,2001,5936.0,0.0,1.096023,-0.33562600000000004,ANS,CAF,848490
2556975,231,213,9253,2001,16530.0,0.0,1.873674,0.168468,USA,TCA,848490
2556976,163,92,9253,2001,2312.0,0.0,0.974814,0.06512000000000001,NOR,GRL,848490
2556977,246,129,9253,2001,26007.0,0.0,0.356842,2.006155,ZAF,LSO,848490
2556978,207,198,9253,2001,0.0,1035.0,1.5074370000000001,1.1370040000000001,SVN,SMR,848490
2556979,41,218,9253,2001,0.0,1204.0,2.227246,0.553956,CHE,TKL,848490
2556980,32,6,9262,2001,2012.0,0.0,0.672496,1.051848,BRA,ANT,850140
2556981,162,6,9262,2001,2691.0,0.0,1.315685,1.590935,NLD,ANT,850140
2556982,236,6,9262,2001,0.0,6585.0,0.261158,-0.7397,VEN,ANT,850140
2556983,14,8,9262,2001,0.0,2430.0,0.29463,0.772375,AUS,ARG,850140
2556984,15,8,9262,2001,2487.0,793.0,1.8571650000000002,0.603191,AUT,ARG,850140
2556985,18,8,9262,2001,3540.0,975.0,1.4328370000000001,1.408495,BEL,ARG,850140
2556986,31,8,9262,2001,0.0,5773.0,-0.680108,-0.678143,BOL,ARG,850140
2556987,32,8,9262,2001,1558456.0,128929.0,0.672496,1.051848,BRA,ARG,850140
2556988,39,8,9262,2001,3848.0,0.0,0.971827,1.105171,CAN,ARG,850140
2556989,41,8,9262,2001,3163.0,0.0,2.227246,0.553956,CHE,ARG,850140
2556990,42,8,9262,2001,2310.0,35791.0,-0.004658,-0.002548,CHL,ARG,850140
2556991,43,8,9262,2001,504203.0,0.0,0.525171,3.092963,CHN,ARG,850140
2556992,49,8,9262,2001,0.0,6107.0,0.30412,0.395913,COL,ARG,850140
2556993,59,8,9262,2001,28895.0,0.0,1.485703,1.109305,CZE,ARG,850140
2556994,61,8,9262,2001,44962.0,0.0,2.321375,-2.1110990000000003,DEU,ARG,850140
2556995,64,8,9262,2001,28753.0,0.0,1.261883,1.351875,DNK,ARG,850140
2556996,67,8,9262,2001,0.0,2986.0,-0.852642,-0.896374,ECU,ARG,850140
2556997,71,8,9262,2001,417676.0,0.0,1.079664,1.9842220000000002,ESP,ARG,850140
2556998,77,8,9262,2001,12632.0,0.0,1.653507,0.797582,FRA,ARG,850140
2556999,81,8,9262,2001,24530.0,0.0,1.976894,0.685435,GBR,ARG,850140
2557000,93,8,9262,2001,0.0,1470.0,-0.5089520000000001,0.216677,GTM,ARG,850140
2557001,97,8,9262,2001,62625.0,0.0,0.521528,2.3025,HKG,ARG,850140
2557002,102,8,9262,2001,2895.0,0.0,1.102262,1.138016,HUN,ARG,850140
2557003,104,8,9262,2001,31971.0,0.0,0.349744,2.665844,IND,ARG,850140
2557004,111,8,9262,2001,570976.0,31863.0,1.389926,1.282143,ITA,ARG,850140
2557005,114,8,9262,2001,42152.0,0.0,2.585857,0.522663,JPN,ARG,850140
2557006,121,8,9262,2001,398207.0,0.0,1.145797,1.0762399999999999,KOR,ARG,850140
2557007,138,8,9262,2001,8452.0,5573.0,0.797058,0.713234,MEX,ARG,850140
2557008,160,8,9262,2001,0.0,1696.0,-0.8917430000000001,-0.713179,NIC,ARG,850140
2557009,162,8,9262,2001,10133.0,0.0,1.315685,1.590935,NLD,ARG,850140
2557010,166,8,9262,2001,20140.0,0.0,0.521409,0.683134,NZL,ARG,850140
2557011,174,8,9262,2001,924.0,0.0,-0.028201,-0.112349,PHL,ARG,850140
2557012,180,8,9262,2001,0.0,9541.0,-0.68893,-0.9326690000000001,PRY,ARG,850140
2557013,185,8,9262,2001,223224.0,0.0,0.326733,1.005332,ROU,ARG,850140
2557014,188,8,9262,2001,0.0,74684.0,0.5370550000000001,-0.793469,SAU,ARG,850140
2557015,192,8,9262,2001,7534.0,0.0,1.364239,0.721074,SGP,ARG,850140
2557016,206,8,9262,2001,3906.0,0.0,1.1732770000000001,1.088576,SVK,ARG,850140
2557017,208,8,9262,2001,5684.0,0.0,2.156845,0.784439,SWE,ARG,850140
2557018,216,8,9262,2001,5119.0,0.0,0.37555900000000003,1.498267,THA,ARG,850140
2557019,224,8,9262,2001,2770.0,0.0,0.188773,1.91451,TUR,ARG,850140
2557020,230,8,9262,2001,2379.0,45669.0,0.36029,0.298869,URY,ARG,850140
2557021,231,8,9262,2001,95145.0,34869.0,1.873674,0.168468,USA,ARG,850140
2557022,236,8,9262,2001,0.0,256031.0,0.261158,-0.7397,VEN,ARG,850140
2557023,249,8,9262,2001,114570.0,0.0,1.5731700000000002,1.353159,TWN,ARG,850140
2557024,250,8,9262,2001,7334.0,0.0,1.096023,-0.33562600000000004,ANS,ARG,850140
2557025,7,14,9262,2001,0.0,4606.0,-0.193984,-0.457124,ARE,AUS,850140
2557026,8,14,9262,2001,2430.0,0.0,0.287698,0.547137,ARG,AUS,850140
2557027,15,14,9262,2001,88917.0,0.0,1.8571650000000002,0.603191,AUT,AUS,850140
2557028,18,14,9262,2001,33310.0,0.0,1.4328370000000001,1.408495,BEL,AUS,850140
2557029,24,14,9262,2001,0.0,6386.0,-0.11008399999999999,-1.053611,BHR,AUS,850140
2557030,32,14,9262,2001,166883.0,0.0,0.672496,1.051848,BRA,AUS,850140
2557031,34,14,9262,2001,0.0,1042.0,-0.8654209999999999,-0.930599,BRN,AUS,850140
2557032,39,14,9262,2001,15599.0,0.0,0.971827,1.105171,CAN,AUS,850140
2557033,41,14,9262,2001,87230.0,0.0,2.227246,0.553956,CHE,AUS,850140
2557034,43,14,9262,2001,2339659.0,3907.0,0.525171,3.092963,CHN,AUS,850140
2557035,61,14,9262,2001,1563504.0,6398.0,2.321375,-2.1110990000000003,DEU,AUS,850140
2557036,64,14,9262,2001,69235.0,0.0,1.261883,1.351875,DNK,AUS,850140
2557037,68,14,9262,2001,0.0,833.0,-0.373576,0.366385,EGY,AUS,850140
2557038,71,14,9262,2001,66198.0,0.0,1.079664,1.9842220000000002,ESP,AUS,850140
2557039,74,14,9262,2001,223760.0,0.0,2.069141,0.9375180000000001,FIN,AUS,850140
2557040,77,14,9262,2001,1063768.0,32461.0,1.653507,0.797582,FRA,AUS,850140
2557041,81,14,9262,2001,183756.0,29925.0,1.976894,0.685435,GBR,AUS,850140
2557042,83,14,9262,2001,0.0,1827.0,-0.961067,-0.780449,GHA,AUS,850140
2557043,97,14,9262,2001,54108.0,16803.0,0.521528,2.3025,HKG,AUS,850140
2557044,102,14,9262,2001,93384.0,3615.0,1.102262,1.138016,HUN,AUS,850140
2557045,103,14,9262,2001,8709.0,14964.0,-0.167771,1.6587889999999998,IDN,AUS,850140
2557046,104,14,9262,2001,249702.0,1554.0,0.349744,2.665844,IND,AUS,850140
2557047,106,14,9262,2001,75678.0,0.0,1.664233,0.129983,IRL,AUS,850140
2557048,110,14,9262,2001,4664.0,0.0,1.374873,0.775594,ISR,AUS,850140
2557049,111,14,9262,2001,501051.0,1758.0,1.389926,1.282143,ITA,AUS,850140
2557050,114,14,9262,2001,204501.0,10531.0,2.585857,0.522663,JPN,AUS,850140
2557051,121,14,9262,2001,198440.0,17651.0,1.145797,1.0762399999999999,KOR,AUS,850140
2557052,122,14,9262,2001,0.0,6759.0,-0.8197,-1.183758,KWT,AUS,850140
2557053,124,14,9262,2001,0.0,18536.0,0.165355,0.988008,LBN,AUS,850140
2557054,138,14,9262,2001,4069.0,2530.0,0.797058,0.713234,MEX,AUS,850140
2557055,153,14,9262,2001,44110.0,39997.0,0.768174,0.307033,MYS,AUS,850140
2557056,156,14,9262,2001,2222.0,8235.0,-0.837087,-0.9207040000000001,NCL,AUS,850140
2557057,162,14,9262,2001,96988.0,2689.0,1.315685,1.590935,NLD,AUS,850140
2557058,166,14,9262,2001,297400.0,1828051.0,0.521409,0.683134,NZL,AUS,850140
2557059,174,14,9262,2001,0.0,6961.0,-0.028201,-0.112349,PHL,AUS,850140
2557060,176,14,9262,2001,0.0,19256.0,-1.503929,-1.199463,PNG,AUS,850140
2557061,177,14,9262,2001,1396.0,0.0,0.9474540000000001,1.8408220000000002,POL,AUS,850140
2557062,179,14,9262,2001,0.0,899.0,0.482048,1.662123,PRT,AUS,850140
2557063,185,14,9262,2001,31160.0,0.0,0.326733,1.005332,ROU,AUS,850140
2557064,186,14,9262,2001,0.0,579.0,0.945816,0.35027600000000003,RUS,AUS,850140
2557065,188,14,9262,2001,0.0,141697.0,0.5370550000000001,-0.793469,SAU,AUS,850140
2557066,192,14,9262,2001,39280.0,8333.0,1.364239,0.721074,SGP,AUS,850140
2557067,207,14,9262,2001,11272.0,0.0,1.5074370000000001,1.1370040000000001,SVN,AUS,850140
2557068,208,14,9262,2001,9598.0,0.0,2.156845,0.784439,SWE,AUS,850140
2557069,216,14,9262,2001,5205424.0,43715.0,0.37555900000000003,1.498267,THA,AUS,850140
2557070,224,14,9262,2001,2103.0,0.0,0.188773,1.91451,TUR,AUS,850140
2557071,226,14,9262,2001,0.0,8668.0,-1.193991,-0.49282200000000004,TZA,AUS,850140
2557072,231,14,9262,2001,976657.0,22474.0,1.873674,0.168468,USA,AUS,850140
2557073,239,14,9262,2001,1938.0,1762.0,-0.6692130000000001,0.610992,VNM,AUS,850140
2557074,246,14,9262,2001,24224.0,1874.0,0.356842,2.006155,ZAF,AUS,850140
2557075,249,14,9262,2001,792494.0,0.0,1.5731700000000002,1.353159,TWN,AUS,850140
2557076,250,14,9262,2001,0.0,1023.0,1.096023,-0.33562600000000004,ANS,AUS,850140
2557077,7,15,9262,2001,0.0,12469.0,-0.193984,-0.457124,ARE,AUT,850140
2557078,8,15,9262,2001,793.0,2487.0,0.287698,0.547137,ARG,AUT,850140
2557079,14,15,9262,2001,0.0,88917.0,0.29463,0.772375,AUS,AUT,850140
2557080,18,15,9262,2001,18083.0,971764.0,1.4328370000000001,1.408495,BEL,AUT,850140
2557081,23,15,9262,2001,0.0,4787.0,0.41425100000000004,1.639866,BGR,AUT,850140
2557082,26,15,9262,2001,0.0,2273.0,0.238083,0.362643,BIH,AUT,850140
2557083,28,15,9262,2001,0.0,3626.0,0.804404,0.936773,BLR,AUT,850140
2557084,32,15,9262,2001,2148.0,5283.0,0.672496,1.051848,BRA,AUT,850140
2557085,39,15,9262,2001,14660.0,117136.0,0.971827,1.105171,CAN,AUT,850140
2557086,41,15,9262,2001,950286.0,594789.0,2.227246,0.553956,CHE,AUT,850140
2557087,42,15,9262,2001,0.0,2195.0,-0.004658,-0.002548,CHL,AUT,850140
2557088,43,15,9262,2001,0.0,6656.0,0.525171,3.092963,CHN,AUT,850140
2557089,49,15,9262,2001,0.0,2518.0,0.30412,0.395913,COL,AUT,850140
2557090,59,15,9262,2001,93301.0,932251.0,1.485703,1.109305,CZE,AUT,850140
2557091,61,15,9262,2001,9378984.0,7597822.0,2.321375,-2.1110990000000003,DEU,AUT,850140
2557092,64,15,9262,2001,3974.0,1681478.0,1.261883,1.351875,DNK,AUT,850140
2557093,66,15,9262,2001,0.0,1203.0,-0.663363,-1.158295,DZA,AUT,850140
2557094,68,15,9262,2001,0.0,864.0,-0.373576,0.366385,EGY,AUT,850140
2557095,71,15,9262,2001,8363.0,24873.0,1.079664,1.9842220000000002,ESP,AUT,850140
2557096,72,15,9262,2001,0.0,2451.0,0.5746829999999999,0.9073899999999999,EST,AUT,850140
2557097,74,15,9262,2001,24275.0,9479.0,2.069141,0.9375180000000001,FIN,AUT,850140
2557098,77,15,9262,2001,30578.0,604488.0,1.653507,0.797582,FRA,AUT,850140
2557099,81,15,9262,2001,53136.0,2802308.0,1.976894,0.685435,GBR,AUT,850140
2557100,93,15,9262,2001,0.0,1055.0,-0.5089520000000001,0.216677,GTM,AUT,850140
2557101,97,15,9262,2001,18573.0,0.0,0.521528,2.3025,HKG,AUT,850140
2557102,100,15,9262,2001,2608.0,13290.0,0.544596,0.969535,HRV,AUT,850140
2557103,102,15,9262,2001,13690.0,731962.0,1.102262,1.138016,HUN,AUT,850140
2557104,103,15,9262,2001,0.0,2066.0,-0.167771,1.6587889999999998,IDN,AUT,850140
2557105,104,15,9262,2001,5435.0,1305.0,0.349744,2.665844,IND,AUT,850140
2557106,110,15,9262,2001,2057.0,89848.0,1.374873,0.775594,ISR,AUT,850140
2557107,111,15,9262,2001,1752158.0,2594450.0,1.389926,1.282143,ITA,AUT,850140
2557108,114,15,9262,2001,31347.0,7348.0,2.585857,0.522663,JPN,AUT,850140
2557109,121,15,9262,2001,3085.0,12107.0,1.145797,1.0762399999999999,KOR,AUT,850140
2557110,127,15,9262,2001,0.0,1623.0,0.004518,-0.5326770000000001,LCA,AUT,850140
2557111,128,15,9262,2001,0.0,802.0,-0.722434,-0.033818,LKA,AUT,850140
2557112,130,15,9262,2001,0.0,2358.0,0.15706900000000001,0.416663,LTU,AUT,850140
2557113,131,15,9262,2001,0.0,1033.0,1.470895,1.149007,LUX,AUT,850140
2557114,138,15,9262,2001,0.0,3698.0,0.797058,0.713234,MEX,AUT,850140
2557115,140,15,9262,2001,0.0,2370.0,0.033097,0.43516499999999997,MKD,AUT,850140
2557116,153,15,9262,2001,1185.0,1682.0,0.768174,0.307033,MYS,AUT,850140
2557117,162,15,9262,2001,493375.0,570472.0,1.315685,1.590935,NLD,AUT,850140
2557118,163,15,9262,2001,0.0,122849.0,0.974814,0.06512000000000001,NOR,AUT,850140
2557119,166,15,9262,2001,0.0,4660.0,0.521409,0.683134,NZL,AUT,850140
2557120,174,15,9262,2001,0.0,7999.0,-0.028201,-0.112349,PHL,AUT,850140
2557121,177,15,9262,2001,21872.0,144337.0,0.9474540000000001,1.8408220000000002,POL,AUT,850140
2557122,178,15,9262,2001,0.0,19988.0,0.62773,1.010888,PRK,AUT,850140
2557123,185,15,9262,2001,17978.0,17095.0,0.326733,1.005332,ROU,AUT,850140
2557124,186,15,9262,2001,0.0,14895.0,0.945816,0.35027600000000003,RUS,AUT,850140
2557125,188,15,9262,2001,0.0,62150.0,0.5370550000000001,-0.793469,SAU,AUT,850140
2557126,189,15,9262,2001,172100.0,4726.0,0.45280200000000004,2.469852,SCG,AUT,850140
2557127,192,15,9262,2001,0.0,3697.0,1.364239,0.721074,SGP,AUT,850140
2557128,206,15,9262,2001,10256.0,32123.0,1.1732770000000001,1.088576,SVK,AUT,850140
2557129,207,15,9262,2001,4471.0,31324.0,1.5074370000000001,1.1370040000000001,SVN,AUT,850140
2557130,208,15,9262,2001,9771.0,1959206.0,2.156845,0.784439,SWE,AUT,850140
2557131,224,15,9262,2001,1813.0,4117.0,0.188773,1.91451,TUR,AUT,850140
2557132,228,15,9262,2001,0.0,2023.0,0.8376969999999999,0.989059,UKR,AUT,850140
2557133,231,15,9262,2001,14587.0,195914.0,1.873674,0.168468,USA,AUT,850140
2557134,236,15,9262,2001,0.0,51289.0,0.261158,-0.7397,VEN,AUT,850140
2557135,246,15,9262,2001,0.0,579491.0,0.356842,2.006155,ZAF,AUT,850140
2557136,249,15,9262,2001,19361.0,0.0,1.5731700000000002,1.353159,TWN,AUT,850140
2557137,7,18,9262,2001,0.0,1469.0,-0.193984,-0.457124,ARE,BEL,850140
2557138,8,18,9262,2001,975.0,3540.0,0.287698,0.547137,ARG,BEL,850140
2557139,14,18,9262,2001,0.0,33310.0,0.29463,0.772375,AUS,BEL,850140
2557140,15,18,9262,2001,971764.0,18083.0,1.8571650000000002,0.603191,AUT,BEL,850140
2557141,32,18,9262,2001,14358.0,12577.0,0.672496,1.051848,BRA,BEL,850140
2557142,41,18,9262,2001,87040.0,5049.0,2.227246,0.553956,CHE,BEL,850140
2557143,43,18,9262,2001,1215214.0,14300.0,0.525171,3.092963,CHN,BEL,850140
2557144,44,18,9262,2001,0.0,1137.0,-0.715949,-0.524428,CIV,BEL,850140
2557145,45,18,9262,2001,0.0,3803.0,-1.6254879999999998,-1.212513,CMR,BEL,850140
2557146,58,18,9262,2001,0.0,2429.0,0.381251,0.257802,CYP,BEL,850140
2557147,59,18,9262,2001,78514.0,6234.0,1.485703,1.109305,CZE,BEL,850140
2557148,61,18,9262,2001,3323698.0,300752.0,2.321375,-2.1110990000000003,DEU,BEL,850140
2557149,64,18,9262,2001,3854.0,16924.0,1.261883,1.351875,DNK,BEL,850140
2557150,66,18,9262,2001,0.0,15854.0,-0.663363,-1.158295,DZA,BEL,850140
2557151,68,18,9262,2001,0.0,6078.0,-0.373576,0.366385,EGY,BEL,850140
2557152,71,18,9262,2001,88660.0,127599.0,1.079664,1.9842220000000002,ESP,BEL,850140
2557153,74,18,9262,2001,5547.0,9467.0,2.069141,0.9375180000000001,FIN,BEL,850140
2557154,77,18,9262,2001,10199198.0,1013634.0,1.653507,0.797582,FRA,BEL,850140
2557155,80,18,9262,2001,0.0,3472.0,-1.063007,-1.181284,GAB,BEL,850140
2557156,81,18,9262,2001,46207.0,817077.0,1.976894,0.685435,GBR,BEL,850140
2557157,82,18,9262,2001,1141.0,0.0,0.585568,-0.047744999999999996,GEO,BEL,850140
2557158,85,18,9262,2001,10828.0,0.0,-1.5380340000000001,-1.200083,GIN,BEL,850140
2557159,90,18,9262,2001,0.0,11762.0,0.31387600000000004,1.3614600000000001,GRC,BEL,850140
2557160,97,18,9262,2001,189950.0,36698.0,0.521528,2.3025,HKG,BEL,850140
2557161,102,18,9262,2001,1048.0,2852.0,1.102262,1.138016,HUN,BEL,850140
2557162,103,18,9262,2001,0.0,1424.0,-0.167771,1.6587889999999998,IDN,BEL,850140
2557163,104,18,9262,2001,0.0,3722.0,0.349744,2.665844,IND,BEL,850140
2557164,106,18,9262,2001,7803.0,36784.0,1.664233,0.129983,IRL,BEL,850140
2557165,109,18,9262,2001,1367.0,0.0,0.032382999999999995,-0.51054,ISL,BEL,850140
2557166,110,18,9262,2001,13452.0,12535.0,1.374873,0.775594,ISR,BEL,850140
2557167,111,18,9262,2001,6129692.0,396304.0,1.389926,1.282143,ITA,BEL,850140
2557168,114,18,9262,2001,1517514.0,554808.0,2.585857,0.522663,JPN,BEL,850140
2557169,121,18,9262,2001,136672.0,865.0,1.145797,1.0762399999999999,KOR,BEL,850140
2557170,131,18,9262,2001,9830.0,165677.0,1.470895,1.149007,LUX,BEL,850140
2557171,134,18,9262,2001,0.0,3052.0,-0.75275,-0.280397,MAR,BEL,850140
2557172,138,18,9262,2001,20916.0,9381.0,0.797058,0.713234,MEX,BEL,850140
2557173,151,18,9262,2001,0.0,1948.0,-0.410422,-0.5868369999999999,MUS,BEL,850140
2557174,153,18,9262,2001,89972.0,1576.0,0.768174,0.307033,MYS,BEL,850140
2557175,159,18,9262,2001,0.0,606280.0,-1.966439,-1.2724520000000001,NGA,BEL,850140
2557176,162,18,9262,2001,2365886.0,2042436.0,1.315685,1.590935,NLD,BEL,850140
2557177,163,18,9262,2001,87404.0,20176.0,0.974814,0.06512000000000001,NOR,BEL,850140
2557178,166,18,9262,2001,0.0,1785.0,0.521409,0.683134,NZL,BEL,850140
2557179,177,18,9262,2001,53653.0,0.0,0.9474540000000001,1.8408220000000002,POL,BEL,850140
2557180,179,18,9262,2001,33261.0,38681.0,0.482048,1.662123,PRT,BEL,850140
2557181,182,18,9262,2001,0.0,872.0,-0.005456,-0.7210770000000001,PYF,BEL,850140
2557182,185,18,9262,2001,11739.0,23452.0,0.326733,1.005332,ROU,BEL,850140
2557183,192,18,9262,2001,54380.0,2350.0,1.364239,0.721074,SGP,BEL,850140
2557184,197,18,9262,2001,0.0,1468.0,-0.181554,-0.031294,SLV,BEL,850140
2557185,206,18,9262,2001,0.0,32471.0,1.1732770000000001,1.088576,SVK,BEL,850140
2557186,208,18,9262,2001,267081.0,51719.0,2.156845,0.784439,SWE,BEL,850140
2557187,216,18,9262,2001,538900.0,0.0,0.37555900000000003,1.498267,THA,BEL,850140
2557188,223,18,9262,2001,0.0,1313.0,-0.162152,0.23939699999999997,TUN,BEL,850140
2557189,224,18,9262,2001,0.0,9801.0,0.188773,1.91451,TUR,BEL,850140
2557190,230,18,9262,2001,0.0,2069.0,0.36029,0.298869,URY,BEL,850140
2557191,231,18,9262,2001,345223.0,330050.0,1.873674,0.168468,USA,BEL,850140
2557192,239,18,9262,2001,0.0,98253.0,-0.6692130000000001,0.610992,VNM,BEL,850140
2557193,246,18,9262,2001,0.0,20330.0,0.356842,2.006155,ZAF,BEL,850140
2557194,248,18,9262,2001,0.0,1176.0,-0.6321829999999999,-0.453671,ZWE,BEL,850140
2557195,249,18,9262,2001,27030.0,0.0,1.5731700000000002,1.353159,TWN,BEL,850140
2557196,41,22,9262,2001,2074.0,0.0,2.227246,0.553956,CHE,BGD,850140
2557197,43,22,9262,2001,439448.0,0.0,0.525171,3.092963,CHN,BGD,850140
2557198,61,22,9262,2001,14680.0,0.0,2.321375,-2.1110990000000003,DEU,BGD,850140
2557199,77,22,9262,2001,947.0,0.0,1.653507,0.797582,FRA,BGD,850140
2557200,81,22,9262,2001,1311.0,0.0,1.976894,0.685435,GBR,BGD,850140
2557201,97,22,9262,2001,36721.0,0.0,0.521528,2.3025,HKG,BGD,850140
2557202,104,22,9262,2001,89847.0,0.0,0.349744,2.665844,IND,BGD,850140
2557203,111,22,9262,2001,10512.0,0.0,1.389926,1.282143,ITA,BGD,850140
2557204,114,22,9262,2001,10303.0,0.0,2.585857,0.522663,JPN,BGD,850140
2557205,121,22,9262,2001,1206.0,0.0,1.145797,1.0762399999999999,KOR,BGD,850140
2557206,153,22,9262,2001,0.0,3478.0,0.768174,0.307033,MYS,BGD,850140
2557207,162,22,9262,2001,7325.0,0.0,1.315685,1.590935,NLD,BGD,850140
2557208,192,22,9262,2001,19380.0,0.0,1.364239,0.721074,SGP,BGD,850140
2557209,216,22,9262,2001,1990.0,0.0,0.37555900000000003,1.498267,THA,BGD,850140
2557210,249,22,9262,2001,64073.0,0.0,1.5731700000000002,1.353159,TWN,BGD,850140
2557211,114,25,9262,2001,3585.0,0.0,2.585857,0.522663,JPN,BHS,850140
2557212,231,25,9262,2001,4419.0,5033.0,1.873674,0.168468,USA,BHS,850140
2557213,2,32,9262,2001,0.0,4491.0,-1.523823,-1.214093,AGO,BRA,850140
2557214,6,32,9262,2001,0.0,2012.0,0.260662,-0.66681,ANT,BRA,850140
2557215,8,32,9262,2001,128929.0,1558456.0,0.287698,0.547137,ARG,BRA,850140
2557216,14,32,9262,2001,0.0,166883.0,0.29463,0.772375,AUS,BRA,850140
2557217,15,32,9262,2001,5283.0,2148.0,1.8571650000000002,0.603191,AUT,BRA,850140
2557218,18,32,9262,2001,12577.0,14358.0,1.4328370000000001,1.408495,BEL,BRA,850140
2557219,31,32,9262,2001,0.0,163255.0,-0.680108,-0.678143,BOL,BRA,850140
2557220,39,32,9262,2001,119642.0,555413.0,0.971827,1.105171,CAN,BRA,850140
2557221,41,32,9262,2001,24019.0,0.0,2.227246,0.553956,CHE,BRA,850140
2557222,42,32,9262,2001,8138.0,171303.0,-0.004658,-0.002548,CHL,BRA,850140
2557223,43,32,9262,2001,1750126.0,44584.0,0.525171,3.092963,CHN,BRA,850140
2557224,49,32,9262,2001,0.0,40442.0,0.30412,0.395913,COL,BRA,850140
2557225,52,32,9262,2001,0.0,190523.0,0.069458,-0.042793,CRI,BRA,850140
2557226,54,32,9262,2001,0.0,10445.0,-0.443391,-0.9599030000000001,CUB,BRA,850140
2557227,59,32,9262,2001,12074.0,66410.0,1.485703,1.109305,CZE,BRA,850140
2557228,61,32,9262,2001,721964.0,6265.0,2.321375,-2.1110990000000003,DEU,BRA,850140
2557229,64,32,9262,2001,7362.0,0.0,1.261883,1.351875,DNK,BRA,850140
2557230,65,32,9262,2001,0.0,71625.0,-0.538419,-0.48773900000000003,DOM,BRA,850140
2557231,67,32,9262,2001,0.0,1346806.0,-0.852642,-0.896374,ECU,BRA,850140
2557232,68,32,9262,2001,0.0,28986.0,-0.373576,0.366385,EGY,BRA,850140
2557233,71,32,9262,2001,976586.0,0.0,1.079664,1.9842220000000002,ESP,BRA,850140
2557234,74,32,9262,2001,10429.0,0.0,2.069141,0.9375180000000001,FIN,BRA,850140
2557235,77,32,9262,2001,173337.0,2868.0,1.653507,0.797582,FRA,BRA,850140
2557236,81,32,9262,2001,14699.0,56410.0,1.976894,0.685435,GBR,BRA,850140
2557237,93,32,9262,2001,0.0,67630.0,-0.5089520000000001,0.216677,GTM,BRA,850140
2557238,97,32,9262,2001,441193.0,0.0,0.521528,2.3025,HKG,BRA,850140
2557239,99,32,9262,2001,0.0,22720.0,-0.8003060000000001,-0.602097,HND,BRA,850140
2557240,104,32,9262,2001,56692.0,0.0,0.349744,2.665844,IND,BRA,850140
2557241,106,32,9262,2001,0.0,39144.0,1.664233,0.129983,IRL,BRA,850140
2557242,107,32,9262,2001,0.0,558814.0,-0.7732479999999999,-0.8979370000000001,IRN,BRA,850140
2557243,111,32,9262,2001,744632.0,5789.0,1.389926,1.282143,ITA,BRA,850140
2557244,114,32,9262,2001,293008.0,5111.0,2.585857,0.522663,JPN,BRA,850140
2557245,121,32,9262,2001,294305.0,0.0,1.145797,1.0762399999999999,KOR,BRA,850140
2557246,124,32,9262,2001,0.0,12686.0,0.165355,0.988008,LBN,BRA,850140
2557247,128,32,9262,2001,0.0,70318.0,-0.722434,-0.033818,LKA,BRA,850140
2557248,138,32,9262,2001,121374.0,2853796.0,0.797058,0.713234,MEX,BRA,850140
2557249,153,32,9262,2001,0.0,6492.0,0.768174,0.307033,MYS,BRA,850140
2557250,160,32,9262,2001,0.0,7154.0,-0.8917430000000001,-0.713179,NIC,BRA,850140
2557251,162,32,9262,2001,5736.0,94587.0,1.315685,1.590935,NLD,BRA,850140
2557252,166,32,9262,2001,0.0,43796.0,0.521409,0.683134,NZL,BRA,850140
2557253,169,32,9262,2001,0.0,18738.0,0.17588199999999998,0.422505,PAN,BRA,850140
2557254,173,32,9262,2001,0.0,149641.0,-0.345519,0.202623,PER,BRA,850140
2557255,174,32,9262,2001,0.0,53188.0,-0.028201,-0.112349,PHL,BRA,850140
2557256,179,32,9262,2001,2905.0,15253.0,0.482048,1.662123,PRT,BRA,850140
2557257,180,32,9262,2001,0.0,324623.0,-0.68893,-0.9326690000000001,PRY,BRA,850140
2557258,188,32,9262,2001,0.0,2045.0,0.5370550000000001,-0.793469,SAU,BRA,850140
2557259,192,32,9262,2001,0.0,1850.0,1.364239,0.721074,SGP,BRA,850140
2557260,197,32,9262,2001,0.0,17353.0,-0.181554,-0.031294,SLV,BRA,850140
2557261,208,32,9262,2001,2545.0,3968.0,2.156845,0.784439,SWE,BRA,850140
2557262,222,32,9262,2001,0.0,7829.0,0.178256,-0.709126,TTO,BRA,850140
2557263,224,32,9262,2001,0.0,15539.0,0.188773,1.91451,TUR,BRA,850140
2557264,230,32,9262,2001,41913.0,253593.0,0.36029,0.298869,URY,BRA,850140
2557265,231,32,9262,2001,1498895.0,3464691.0,1.873674,0.168468,USA,BRA,850140
2557266,236,32,9262,2001,0.0,2005704.0,0.261158,-0.7397,VEN,BRA,850140
2557267,239,32,9262,2001,729078.0,0.0,-0.6692130000000001,0.610992,VNM,BRA,850140
2557268,246,32,9262,2001,0.0,43487.0,0.356842,2.006155,ZAF,BRA,850140
2557269,249,32,9262,2001,817267.0,1080.0,1.5731700000000002,1.353159,TWN,BRA,850140
2557270,39,33,9262,2001,1119.0,0.0,0.971827,1.105171,CAN,BRB,850140
2557271,81,33,9262,2001,2996.0,9733.0,1.976894,0.685435,GBR,BRB,850140
2557272,111,33,9262,2001,832.0,0.0,1.389926,1.282143,ITA,BRB,850140
2557273,114,33,9262,2001,8715.0,0.0,2.585857,0.522663,JPN,BRB,850140
2557274,222,33,9262,2001,3920.0,0.0,0.178256,-0.709126,TTO,BRB,850140
2557275,231,33,9262,2001,9180.0,0.0,1.873674,0.168468,USA,BRB,850140
2557276,8,39,9262,2001,0.0,3848.0,0.287698,0.547137,ARG,CAN,850140
2557277,14,39,9262,2001,0.0,15599.0,0.29463,0.772375,AUS,CAN,850140
2557278,15,39,9262,2001,117136.0,14660.0,1.8571650000000002,0.603191,AUT,CAN,850140
2557279,32,39,9262,2001,555413.0,119642.0,0.672496,1.051848,BRA,CAN,850140
2557280,33,39,9262,2001,0.0,1119.0,0.725546,0.172345,BRB,CAN,850140
2557281,41,39,9262,2001,128136.0,14182.0,2.227246,0.553956,CHE,CAN,850140
2557282,42,39,9262,2001,0.0,25631.0,-0.004658,-0.002548,CHL,CAN,850140
2557283,43,39,9262,2001,2407198.0,2967134.0,0.525171,3.092963,CHN,CAN,850140
2557284,49,39,9262,2001,0.0,3132.0,0.30412,0.395913,COL,CAN,850140
2557285,54,39,9262,2001,0.0,4354.0,-0.443391,-0.9599030000000001,CUB,CAN,850140
2557286,58,39,9262,2001,0.0,1171.0,0.381251,0.257802,CYP,CAN,850140
2557287,59,39,9262,2001,0.0,1903.0,1.485703,1.109305,CZE,CAN,850140
2557288,61,39,9262,2001,1618950.0,48897.0,2.321375,-2.1110990000000003,DEU,CAN,850140
2557289,64,39,9262,2001,3725.0,284914.0,1.261883,1.351875,DNK,CAN,850140
2557290,67,39,9262,2001,0.0,47520.0,-0.852642,-0.896374,ECU,CAN,850140
2557291,68,39,9262,2001,0.0,5310.0,-0.373576,0.366385,EGY,CAN,850140
2557292,71,39,9262,2001,3039.0,21050.0,1.079664,1.9842220000000002,ESP,CAN,850140
2557293,74,39,9262,2001,65918.0,0.0,2.069141,0.9375180000000001,FIN,CAN,850140
2557294,77,39,9262,2001,264593.0,14743.0,1.653507,0.797582,FRA,CAN,850140
2557295,81,39,9262,2001,454554.0,26704.0,1.976894,0.685435,GBR,CAN,850140
2557296,90,39,9262,2001,0.0,2190.0,0.31387600000000004,1.3614600000000001,GRC,CAN,850140
2557297,97,39,9262,2001,24396.0,22570.0,0.521528,2.3025,HKG,CAN,850140
2557298,100,39,9262,2001,0.0,1717.0,0.544596,0.969535,HRV,CAN,850140
2557299,102,39,9262,2001,8666.0,1160.0,1.102262,1.138016,HUN,CAN,850140
2557300,103,39,9262,2001,0.0,16905.0,-0.167771,1.6587889999999998,IDN,CAN,850140
2557301,104,39,9262,2001,34117.0,0.0,0.349744,2.665844,IND,CAN,850140
2557302,106,39,9262,2001,3733.0,0.0,1.664233,0.129983,IRL,CAN,850140
2557303,107,39,9262,2001,0.0,8504.0,-0.7732479999999999,-0.8979370000000001,IRN,CAN,850140
2557304,110,39,9262,2001,3557.0,0.0,1.374873,0.775594,ISR,CAN,850140
2557305,111,39,9262,2001,1525991.0,20925.0,1.389926,1.282143,ITA,CAN,850140
2557306,112,39,9262,2001,0.0,4660.0,-0.541582,-0.837248,JAM,CAN,850140
2557307,114,39,9262,2001,718312.0,11796.0,2.585857,0.522663,JPN,CAN,850140
2557308,115,39,9262,2001,0.0,1129.0,0.009714,-0.525899,KAZ,CAN,850140
2557309,120,39,9262,2001,0.0,915.0,0.612222,-0.440733,KNA,CAN,850140
2557310,121,39,9262,2001,1009071.0,20425.0,1.145797,1.0762399999999999,KOR,CAN,850140
2557311,138,39,9262,2001,12115355.0,429606.0,0.797058,0.713234,MEX,CAN,850140
2557312,147,39,9262,2001,0.0,6202.0,-1.2364879999999998,-1.136715,MOZ,CAN,850140
2557313,153,39,9262,2001,4379.0,925.0,0.768174,0.307033,MYS,CAN,850140
2557314,162,39,9262,2001,7263.0,80805.0,1.315685,1.590935,NLD,CAN,850140
2557315,163,39,9262,2001,6960.0,0.0,0.974814,0.06512000000000001,NOR,CAN,850140
2557316,166,39,9262,2001,1312.0,9627.0,0.521409,0.683134,NZL,CAN,850140
2557317,177,39,9262,2001,5531.0,0.0,0.9474540000000001,1.8408220000000002,POL,CAN,850140
2557318,185,39,9262,2001,0.0,1674.0,0.326733,1.005332,ROU,CAN,850140
2557319,191,39,9262,2001,0.0,68153.0,-0.437779,-0.436654,SEN,CAN,850140
2557320,192,39,9262,2001,1699627.0,8688.0,1.364239,0.721074,SGP,CAN,850140
2557321,196,39,9262,2001,134756.0,0.0,0.331949,0.186253,SLE,CAN,850140
2557322,197,39,9262,2001,0.0,868.0,-0.181554,-0.031294,SLV,CAN,850140
2557323,206,39,9262,2001,1132.0,26025.0,1.1732770000000001,1.088576,SVK,CAN,850140
2557324,208,39,9262,2001,9983.0,18813.0,2.156845,0.784439,SWE,CAN,850140
2557325,222,39,9262,2001,0.0,4409.0,0.178256,-0.709126,TTO,CAN,850140
2557326,224,39,9262,2001,0.0,1088.0,0.188773,1.91451,TUR,CAN,850140
2557327,230,39,9262,2001,0.0,771.0,0.36029,0.298869,URY,CAN,850140
2557328,231,39,9262,2001,83232064.0,1142911.0,1.873674,0.168468,USA,CAN,850140
2557329,236,39,9262,2001,0.0,1104.0,0.261158,-0.7397,VEN,CAN,850140
2557330,246,39,9262,2001,0.0,4818.0,0.356842,2.006155,ZAF,CAN,850140
2557331,248,39,9262,2001,0.0,1148.0,-0.6321829999999999,-0.453671,ZWE,CAN,850140
2557332,249,39,9262,2001,776348.0,13223.0,1.5731700000000002,1.353159,TWN,CAN,850140
2557333,7,41,9262,2001,0.0,2955.0,-0.193984,-0.457124,ARE,CHE,850140
2557334,8,41,9262,2001,0.0,3163.0,0.287698,0.547137,ARG,CHE,850140
2557335,9,41,9262,2001,0.0,3144.0,0.834168,0.21458000000000002,ARM,CHE,850140
2557336,14,41,9262,2001,0.0,87230.0,0.29463,0.772375,AUS,CHE,850140
2557337,15,41,9262,2001,594789.0,950286.0,1.8571650000000002,0.603191,AUT,CHE,850140
2557338,18,41,9262,2001,5049.0,87040.0,1.4328370000000001,1.408495,BEL,CHE,850140
2557339,19,41,9262,2001,0.0,5611.0,-1.09233,-0.8276969999999999,BEN,CHE,850140
2557340,22,41,9262,2001,0.0,2074.0,-1.0406739999999999,-1.010108,BGD,CHE,850140
2557341,23,41,9262,2001,0.0,1211.0,0.41425100000000004,1.639866,BGR,CHE,850140
2557342,31,41,9262,2001,0.0,847.0,-0.680108,-0.678143,BOL,CHE,850140
2557343,32,41,9262,2001,0.0,24019.0,0.672496,1.051848,BRA,CHE,850140
2557344,39,41,9262,2001,14182.0,128136.0,0.971827,1.105171,CAN,CHE,850140
2557345,42,41,9262,2001,0.0,9890.0,-0.004658,-0.002548,CHL,CHE,850140
2557346,43,41,9262,2001,201001.0,30067.0,0.525171,3.092963,CHN,CHE,850140
2557347,44,41,9262,2001,0.0,2485.0,-0.715949,-0.524428,CIV,CHE,850140
2557348,49,41,9262,2001,0.0,2724.0,0.30412,0.395913,COL,CHE,850140
2557349,58,41,9262,2001,0.0,2345.0,0.381251,0.257802,CYP,CHE,850140
2557350,59,41,9262,2001,103623.0,26144.0,1.485703,1.109305,CZE,CHE,850140
2557351,61,41,9262,2001,8897733.0,5660016.0,2.321375,-2.1110990000000003,DEU,CHE,850140
2557352,64,41,9262,2001,50343.0,697961.0,1.261883,1.351875,DNK,CHE,850140
2557353,66,41,9262,2001,0.0,2883.0,-0.663363,-1.158295,DZA,CHE,850140
2557354,67,41,9262,2001,0.0,2517.0,-0.852642,-0.896374,ECU,CHE,850140
2557355,68,41,9262,2001,0.0,39698.0,-0.373576,0.366385,EGY,CHE,850140
2557356,71,41,9262,2001,51444.0,96767.0,1.079664,1.9842220000000002,ESP,CHE,850140
2557357,72,41,9262,2001,0.0,966.0,0.5746829999999999,0.9073899999999999,EST,CHE,850140
2557358,74,41,9262,2001,5197.0,248717.0,2.069141,0.9375180000000001,FIN,CHE,850140
2557359,77,41,9262,2001,6403448.0,652767.0,1.653507,0.797582,FRA,CHE,850140
2557360,81,41,9262,2001,28731.0,985305.0,1.976894,0.685435,GBR,CHE,850140
2557361,90,41,9262,2001,0.0,27320.0,0.31387600000000004,1.3614600000000001,GRC,CHE,850140
2557362,97,41,9262,2001,17678.0,17753.0,0.521528,2.3025,HKG,CHE,850140
2557363,100,41,9262,2001,757.0,8325.0,0.544596,0.969535,HRV,CHE,850140
2557364,102,41,9262,2001,165241.0,39908.0,1.102262,1.138016,HUN,CHE,850140
2557365,103,41,9262,2001,0.0,3077.0,-0.167771,1.6587889999999998,IDN,CHE,850140
2557366,104,41,9262,2001,16626.0,12722.0,0.349744,2.665844,IND,CHE,850140
2557367,106,41,9262,2001,0.0,24659.0,1.664233,0.129983,IRL,CHE,850140
2557368,107,41,9262,2001,0.0,31277.0,-0.7732479999999999,-0.8979370000000001,IRN,CHE,850140
2557369,109,41,9262,2001,0.0,4276.0,0.032382999999999995,-0.51054,ISL,CHE,850140
2557370,110,41,9262,2001,1087.0,74877.0,1.374873,0.775594,ISR,CHE,850140
2557371,111,41,9262,2001,1492269.0,311768.0,1.389926,1.282143,ITA,CHE,850140
2557372,113,41,9262,2001,0.0,1198.0,0.375134,0.581558,JOR,CHE,850140
2557373,114,41,9262,2001,38085.0,185638.0,2.585857,0.522663,JPN,CHE,850140
2557374,116,41,9262,2001,0.0,1673.0,-0.529388,0.092271,KEN,CHE,850140
2557375,121,41,9262,2001,2949.0,17999.0,1.145797,1.0762399999999999,KOR,CHE,850140
2557376,124,41,9262,2001,0.0,971.0,0.165355,0.988008,LBN,CHE,850140
2557377,130,41,9262,2001,0.0,2382.0,0.15706900000000001,0.416663,LTU,CHE,850140
2557378,131,41,9262,2001,2877.0,8295.0,1.470895,1.149007,LUX,CHE,850140
2557379,134,41,9262,2001,1300.0,11073.0,-0.75275,-0.280397,MAR,CHE,850140
2557380,138,41,9262,2001,0.0,3982.0,0.797058,0.713234,MEX,CHE,850140
2557381,140,41,9262,2001,0.0,918.0,0.033097,0.43516499999999997,MKD,CHE,850140
2557382,151,41,9262,2001,0.0,2154.0,-0.410422,-0.5868369999999999,MUS,CHE,850140
2557383,153,41,9262,2001,272592.0,8513.0,0.768174,0.307033,MYS,CHE,850140
2557384,162,41,9262,2001,64524.0,808088.0,1.315685,1.590935,NLD,CHE,850140
2557385,163,41,9262,2001,12489.0,86131.0,0.974814,0.06512000000000001,NOR,CHE,850140
2557386,166,41,9262,2001,0.0,8010.0,0.521409,0.683134,NZL,CHE,850140
2557387,168,41,9262,2001,0.0,6166.0,-0.8376520000000001,-0.378743,PAK,CHE,850140
2557388,173,41,9262,2001,0.0,3759.0,-0.345519,0.202623,PER,CHE,850140
2557389,174,41,9262,2001,0.0,10384.0,-0.028201,-0.112349,PHL,CHE,850140
2557390,177,41,9262,2001,33510.0,86348.0,0.9474540000000001,1.8408220000000002,POL,CHE,850140
2557391,179,41,9262,2001,0.0,80846.0,0.482048,1.662123,PRT,CHE,850140
2557392,185,41,9262,2001,0.0,10983.0,0.326733,1.005332,ROU,CHE,850140
2557393,186,41,9262,2001,2357.0,11118.0,0.945816,0.35027600000000003,RUS,CHE,850140
2557394,188,41,9262,2001,0.0,4542.0,0.5370550000000001,-0.793469,SAU,CHE,850140
2557395,189,41,9262,2001,595.0,1288.0,0.45280200000000004,2.469852,SCG,CHE,850140
2557396,192,41,9262,2001,0.0,27117.0,1.364239,0.721074,SGP,CHE,850140
2557397,206,41,9262,2001,43054.0,15487.0,1.1732770000000001,1.088576,SVK,CHE,850140
2557398,207,41,9262,2001,27670.0,12876.0,1.5074370000000001,1.1370040000000001,SVN,CHE,850140
2557399,208,41,9262,2001,33909.0,193302.0,2.156845,0.784439,SWE,CHE,850140
2557400,212,41,9262,2001,0.0,1055.0,-1.057217,-0.716331,SYR,CHE,850140
2557401,216,41,9262,2001,0.0,25647.0,0.37555900000000003,1.498267,THA,CHE,850140
2557402,222,41,9262,2001,0.0,1491.0,0.178256,-0.709126,TTO,CHE,850140
2557403,223,41,9262,2001,0.0,6260.0,-0.162152,0.23939699999999997,TUN,CHE,850140
2557404,224,41,9262,2001,1148.0,23006.0,0.188773,1.91451,TUR,CHE,850140
2557405,228,41,9262,2001,0.0,1488.0,0.8376969999999999,0.989059,UKR,CHE,850140
2557406,231,41,9262,2001,200911.0,1316313.0,1.873674,0.168468,USA,CHE,850140
2557407,236,41,9262,2001,0.0,2060.0,0.261158,-0.7397,VEN,CHE,850140
2557408,246,41,9262,2001,0.0,21790.0,0.356842,2.006155,ZAF,CHE,850140
2557409,248,41,9262,2001,0.0,21805.0,-0.6321829999999999,-0.453671,ZWE,CHE,850140
2557410,249,41,9262,2001,6538.0,47852.0,1.5731700000000002,1.353159,TWN,CHE,850140
2557411,8,42,9262,2001,35791.0,2310.0,0.287698,0.547137,ARG,CHL,850140
2557412,15,42,9262,2001,2195.0,0.0,1.8571650000000002,0.603191,AUT,CHL,850140
2557413,31,42,9262,2001,15513.0,0.0,-0.680108,-0.678143,BOL,CHL,850140
2557414,32,42,9262,2001,171303.0,8138.0,0.672496,1.051848,BRA,CHL,850140
2557415,39,42,9262,2001,25631.0,0.0,0.971827,1.105171,CAN,CHL,850140
2557416,41,42,9262,2001,9890.0,0.0,2.227246,0.553956,CHE,CHL,850140
2557417,43,42,9262,2001,245606.0,0.0,0.525171,3.092963,CHN,CHL,850140
2557418,49,42,9262,2001,0.0,155861.0,0.30412,0.395913,COL,CHL,850140
2557419,59,42,9262,2001,13289.0,0.0,1.485703,1.109305,CZE,CHL,850140
2557420,61,42,9262,2001,125635.0,4631.0,2.321375,-2.1110990000000003,DEU,CHL,850140
2557421,64,42,9262,2001,7724.0,0.0,1.261883,1.351875,DNK,CHL,850140
2557422,67,42,9262,2001,1052.0,1661.0,-0.852642,-0.896374,ECU,CHL,850140
2557423,71,42,9262,2001,9181.0,0.0,1.079664,1.9842220000000002,ESP,CHL,850140
2557424,74,42,9262,2001,1154.0,0.0,2.069141,0.9375180000000001,FIN,CHL,850140
2557425,77,42,9262,2001,53680.0,0.0,1.653507,0.797582,FRA,CHL,850140
2557426,81,42,9262,2001,9901.0,0.0,1.976894,0.685435,GBR,CHL,850140
2557427,97,42,9262,2001,12076.0,0.0,0.521528,2.3025,HKG,CHL,850140
2557428,104,42,9262,2001,12993.0,0.0,0.349744,2.665844,IND,CHL,850140
2557429,111,42,9262,2001,109529.0,0.0,1.389926,1.282143,ITA,CHL,850140
2557430,114,42,9262,2001,10048.0,0.0,2.585857,0.522663,JPN,CHL,850140
2557431,121,42,9262,2001,348059.0,0.0,1.145797,1.0762399999999999,KOR,CHL,850140
2557432,138,42,9262,2001,1454.0,0.0,0.797058,0.713234,MEX,CHL,850140
2557433,162,42,9262,2001,5608.0,0.0,1.315685,1.590935,NLD,CHL,850140
2557434,163,42,9262,2001,2899.0,0.0,0.974814,0.06512000000000001,NOR,CHL,850140
2557435,166,42,9262,2001,3314.0,0.0,0.521409,0.683134,NZL,CHL,850140
2557436,169,42,9262,2001,1088.0,0.0,0.17588199999999998,0.422505,PAN,CHL,850140
2557437,173,42,9262,2001,1814.0,104932.0,-0.345519,0.202623,PER,CHL,850140
2557438,185,42,9262,2001,25361.0,0.0,0.326733,1.005332,ROU,CHL,850140
2557439,186,42,9262,2001,854.0,0.0,0.945816,0.35027600000000003,RUS,CHL,850140
2557440,208,42,9262,2001,12056.0,0.0,2.156845,0.784439,SWE,CHL,850140
2557441,216,42,9262,2001,3013.0,0.0,0.37555900000000003,1.498267,THA,CHL,850140
2557442,230,42,9262,2001,3236.0,0.0,0.36029,0.298869,URY,CHL,850140
2557443,231,42,9262,2001,56406.0,2906.0,1.873674,0.168468,USA,CHL,850140
2557444,249,42,9262,2001,49102.0,0.0,1.5731700000000002,1.353159,TWN,CHL,850140
2557445,250,42,9262,2001,16053.0,0.0,1.096023,-0.33562600000000004,ANS,CHL,850140
2557446,1,43,9262,2001,0.0,13885.0,-0.033686,-0.46412700000000007,AFG,CHN,850140
2557447,2,43,9262,2001,0.0,1369.0,-1.523823,-1.214093,AGO,CHN,850140
2557448,7,43,9262,2001,0.0,1709734.0,-0.193984,-0.457124,ARE,CHN,850140
2557449,8,43,9262,2001,0.0,504203.0,0.287698,0.547137,ARG,CHN,850140
2557450,14,43,9262,2001,3907.0,2339659.0,0.29463,0.772375,AUS,CHN,850140
2557451,15,43,9262,2001,6656.0,0.0,1.8571650000000002,0.603191,AUT,CHN,850140
2557452,18,43,9262,2001,14300.0,1215214.0,1.4328370000000001,1.408495,BEL,CHN,850140
2557453,19,43,9262,2001,0.0,20037.0,-1.09233,-0.8276969999999999,BEN,CHN,850140
2557454,22,43,9262,2001,0.0,439448.0,-1.0406739999999999,-1.010108,BGD,CHN,850140
2557455,24,43,9262,2001,0.0,7066.0,-0.11008399999999999,-1.053611,BHR,CHN,850140
2557456,31,43,9262,2001,0.0,1606.0,-0.680108,-0.678143,BOL,CHN,850140
2557457,32,43,9262,2001,44584.0,1750126.0,0.672496,1.051848,BRA,CHN,850140
2557458,39,43,9262,2001,2967134.0,2407198.0,0.971827,1.105171,CAN,CHN,850140
2557459,41,43,9262,2001,30067.0,201001.0,2.227246,0.553956,CHE,CHN,850140
2557460,42,43,9262,2001,0.0,245606.0,-0.004658,-0.002548,CHL,CHN,850140
2557461,44,43,9262,2001,0.0,9799.0,-0.715949,-0.524428,CIV,CHN,850140
2557462,45,43,9262,2001,0.0,5990.0,-1.6254879999999998,-1.212513,CMR,CHN,850140
2557463,49,43,9262,2001,0.0,289682.0,0.30412,0.395913,COL,CHN,850140
2557464,52,43,9262,2001,0.0,22921.0,0.069458,-0.042793,CRI,CHN,850140
2557465,58,43,9262,2001,0.0,8165.0,0.381251,0.257802,CYP,CHN,850140
2557466,59,43,9262,2001,0.0,22257.0,1.485703,1.109305,CZE,CHN,850140
2557467,61,43,9262,2001,635941.0,2516529.0,2.321375,-2.1110990000000003,DEU,CHN,850140
2557468,62,43,9262,2001,0.0,2781.0,0.143467,0.14288599999999999,DJI,CHN,850140
2557469,63,43,9262,2001,0.0,8076.0,0.613251,0.226998,DMA,CHN,850140
2557470,64,43,9262,2001,29486.0,47924.0,1.261883,1.351875,DNK,CHN,850140
2557471,66,43,9262,2001,0.0,81892.0,-0.663363,-1.158295,DZA,CHN,850140
2557472,67,43,9262,2001,0.0,133326.0,-0.852642,-0.896374,ECU,CHN,850140
2557473,68,43,9262,2001,0.0,4495520.0,-0.373576,0.366385,EGY,CHN,850140
2557474,71,43,9262,2001,283719.0,1018574.0,1.079664,1.9842220000000002,ESP,CHN,850140
2557475,73,43,9262,2001,0.0,8842.0,-0.999149,-0.904072,ETH,CHN,850140
2557476,74,43,9262,2001,3236.0,29136.0,2.069141,0.9375180000000001,FIN,CHN,850140
2557477,77,43,9262,2001,71973.0,529153.0,1.653507,0.797582,FRA,CHN,850140
2557478,81,43,9262,2001,10845.0,1439061.0,1.976894,0.685435,GBR,CHN,850140
2557479,83,43,9262,2001,0.0,4829.0,-0.961067,-0.780449,GHA,CHN,850140
2557480,85,43,9262,2001,0.0,1995.0,-1.5380340000000001,-1.200083,GIN,CHN,850140
2557481,90,43,9262,2001,0.0,295988.0,0.31387600000000004,1.3614600000000001,GRC,CHN,850140
2557482,93,43,9262,2001,0.0,14499.0,-0.5089520000000001,0.216677,GTM,CHN,850140
2557483,97,43,9262,2001,6902808.0,31079486.0,0.521528,2.3025,HKG,CHN,850140
2557484,99,43,9262,2001,0.0,17192.0,-0.8003060000000001,-0.602097,HND,CHN,850140
2557485,102,43,9262,2001,1637.0,56462.0,1.102262,1.138016,HUN,CHN,850140
2557486,103,43,9262,2001,54361.0,3223746.0,-0.167771,1.6587889999999998,IDN,CHN,850140
2557487,104,43,9262,2001,997850.0,454765.0,0.349744,2.665844,IND,CHN,850140
2557488,106,43,9262,2001,43583.0,0.0,1.664233,0.129983,IRL,CHN,850140
2557489,107,43,9262,2001,0.0,1879241.0,-0.7732479999999999,-0.8979370000000001,IRN,CHN,850140
2557490,110,43,9262,2001,1669.0,2421153.0,1.374873,0.775594,ISR,CHN,850140
2557491,111,43,9262,2001,2132406.0,1783244.0,1.389926,1.282143,ITA,CHN,850140
2557492,112,43,9262,2001,0.0,5185.0,-0.541582,-0.837248,JAM,CHN,850140
2557493,113,43,9262,2001,0.0,92612.0,0.375134,0.581558,JOR,CHN,850140
2557494,114,43,9262,2001,4741562.0,32410032.0,2.585857,0.522663,JPN,CHN,850140
2557495,116,43,9262,2001,0.0,46283.0,-0.529388,0.092271,KEN,CHN,850140
2557496,118,43,9262,2001,0.0,21085.0,-1.231058,-1.154536,KHM,CHN,850140
2557497,121,43,9262,2001,12110200.0,13884860.0,1.145797,1.0762399999999999,KOR,CHN,850140
2557498,122,43,9262,2001,0.0,8054.0,-0.8197,-1.183758,KWT,CHN,850140
2557499,124,43,9262,2001,0.0,100737.0,0.165355,0.988008,LBN,CHN,850140
2557500,128,43,9262,2001,0.0,351087.0,-0.722434,-0.033818,LKA,CHN,850140
2557501,129,43,9262,2001,0.0,3074.0,-0.786499,-0.7595729999999999,LSO,CHN,850140
2557502,133,43,9262,2001,18629.0,11956.0,-0.608406,-0.521662,MAC,CHN,850140
2557503,134,43,9262,2001,0.0,177314.0,-0.75275,-0.280397,MAR,CHN,850140
2557504,136,43,9262,2001,0.0,1934.0,-1.247531,-0.637093,MDG,CHN,850140
2557505,138,43,9262,2001,7153.0,473866.0,0.797058,0.713234,MEX,CHN,850140
2557506,142,43,9262,2001,0.0,16493.0,1.065032,-0.065239,MLT,CHN,850140
2557507,143,43,9262,2001,0.0,543003.0,-1.5627,-1.150854,MMR,CHN,850140
2557508,151,43,9262,2001,0.0,13790.0,-0.410422,-0.5868369999999999,MUS,CHN,850140
2557509,153,43,9262,2001,367963.0,4895317.0,0.768174,0.307033,MYS,CHN,850140
2557510,156,43,9262,2001,0.0,704.0,-0.837087,-0.9207040000000001,NCL,CHN,850140
2557511,159,43,9262,2001,0.0,1580950.0,-1.966439,-1.2724520000000001,NGA,CHN,850140
2557512,162,43,9262,2001,239720.0,1057207.0,1.315685,1.590935,NLD,CHN,850140
2557513,163,43,9262,2001,10599.0,0.0,0.974814,0.06512000000000001,NOR,CHN,850140
2557514,164,43,9262,2001,0.0,70134.0,-0.483749,-0.008754999999999999,NPL,CHN,850140
2557515,166,43,9262,2001,1732.0,60051.0,0.521409,0.683134,NZL,CHN,850140
2557516,168,43,9262,2001,0.0,178588.0,-0.8376520000000001,-0.378743,PAK,CHN,850140
2557517,169,43,9262,2001,0.0,47936.0,0.17588199999999998,0.422505,PAN,CHN,850140
2557518,173,43,9262,2001,0.0,251464.0,-0.345519,0.202623,PER,CHN,850140
2557519,174,43,9262,2001,0.0,2789920.0,-0.028201,-0.112349,PHL,CHN,850140
2557520,176,43,9262,2001,0.0,1899.0,-1.503929,-1.199463,PNG,CHN,850140
2557521,177,43,9262,2001,6225.0,156204.0,0.9474540000000001,1.8408220000000002,POL,CHN,850140
2557522,178,43,9262,2001,0.0,2100.0,0.62773,1.010888,PRK,CHN,850140
2557523,179,43,9262,2001,0.0,142529.0,0.482048,1.662123,PRT,CHN,850140
2557524,180,43,9262,2001,0.0,111570.0,-0.68893,-0.9326690000000001,PRY,CHN,850140
2557525,183,43,9262,2001,0.0,3768.0,-0.46564799999999995,-1.127634,QAT,CHN,850140
2557526,185,43,9262,2001,0.0,2989.0,0.326733,1.005332,ROU,CHN,850140
2557527,186,43,9262,2001,5154.0,215427.0,0.945816,0.35027600000000003,RUS,CHN,850140
2557528,188,43,9262,2001,0.0,704889.0,0.5370550000000001,-0.793469,SAU,CHN,850140
2557529,190,43,9262,2001,0.0,74767.0,-1.6325180000000001,-1.263267,SDN,CHN,850140
2557530,192,43,9262,2001,176815.0,736745.0,1.364239,0.721074,SGP,CHN,850140
2557531,197,43,9262,2001,0.0,3576.0,-0.181554,-0.031294,SLV,CHN,850140
2557532,206,43,9262,2001,1064420.0,2079.0,1.1732770000000001,1.088576,SVK,CHN,850140
2557533,207,43,9262,2001,136900.0,75395.0,1.5074370000000001,1.1370040000000001,SVN,CHN,850140
2557534,208,43,9262,2001,922524.0,104072.0,2.156845,0.784439,SWE,CHN,850140
2557535,212,43,9262,2001,0.0,1150435.0,-1.057217,-0.716331,SYR,CHN,850140
2557536,216,43,9262,2001,248213.0,2461218.0,0.37555900000000003,1.498267,THA,CHN,850140
2557537,222,43,9262,2001,0.0,387201.0,0.178256,-0.709126,TTO,CHN,850140
2557538,223,43,9262,2001,0.0,134262.0,-0.162152,0.23939699999999997,TUN,CHN,850140
2557539,224,43,9262,2001,0.0,439171.0,0.188773,1.91451,TUR,CHN,850140
2557540,226,43,9262,2001,0.0,30508.0,-1.193991,-0.49282200000000004,TZA,CHN,850140
2557541,230,43,9262,2001,0.0,288655.0,0.36029,0.298869,URY,CHN,850140
2557542,231,43,9262,2001,2116134.0,65481892.0,1.873674,0.168468,USA,CHN,850140
2557543,236,43,9262,2001,0.0,658474.0,0.261158,-0.7397,VEN,CHN,850140
2557544,239,43,9262,2001,237641.0,310815.0,-0.6692130000000001,0.610992,VNM,CHN,850140
2557545,243,43,9262,2001,0.0,7454.0,-1.465154,-1.261615,YEM,CHN,850140
2557546,246,43,9262,2001,2490.0,326091.0,0.356842,2.006155,ZAF,CHN,850140
2557547,247,43,9262,2001,0.0,9705.0,-0.731193,-0.706978,ZMB,CHN,850140
2557548,248,43,9262,2001,0.0,8483.0,-0.6321829999999999,-0.453671,ZWE,CHN,850140
2557549,249,43,9262,2001,3590691.0,4509010.0,1.5731700000000002,1.353159,TWN,CHN,850140
2557550,8,49,9262,2001,6107.0,0.0,0.287698,0.547137,ARG,COL,850140
2557551,15,49,9262,2001,2518.0,0.0,1.8571650000000002,0.603191,AUT,COL,850140
2557552,32,49,9262,2001,40442.0,0.0,0.672496,1.051848,BRA,COL,850140
2557553,39,49,9262,2001,3132.0,0.0,0.971827,1.105171,CAN,COL,850140
2557554,41,49,9262,2001,2724.0,0.0,2.227246,0.553956,CHE,COL,850140
2557555,42,49,9262,2001,155861.0,0.0,-0.004658,-0.002548,CHL,COL,850140
2557556,43,49,9262,2001,289682.0,0.0,0.525171,3.092963,CHN,COL,850140
2557557,61,49,9262,2001,9309.0,0.0,2.321375,-2.1110990000000003,DEU,COL,850140
2557558,67,49,9262,2001,0.0,18228.0,-0.852642,-0.896374,ECU,COL,850140
2557559,71,49,9262,2001,31587.0,0.0,1.079664,1.9842220000000002,ESP,COL,850140
2557560,77,49,9262,2001,8026.0,0.0,1.653507,0.797582,FRA,COL,850140
2557561,97,49,9262,2001,93990.0,0.0,0.521528,2.3025,HKG,COL,850140
2557562,104,49,9262,2001,6790.0,0.0,0.349744,2.665844,IND,COL,850140
2557563,111,49,9262,2001,75816.0,0.0,1.389926,1.282143,ITA,COL,850140
2557564,121,49,9262,2001,814736.0,0.0,1.145797,1.0762399999999999,KOR,COL,850140
2557565,138,49,9262,2001,447076.0,141239.0,0.797058,0.713234,MEX,COL,850140
2557566,173,49,9262,2001,0.0,44106.0,-0.345519,0.202623,PER,COL,850140
2557567,231,49,9262,2001,246934.0,0.0,1.873674,0.168468,USA,COL,850140
2557568,236,49,9262,2001,83342.0,330158.0,0.261158,-0.7397,VEN,COL,850140
2557569,239,49,9262,2001,372533.0,0.0,-0.6692130000000001,0.610992,VNM,COL,850140
2557570,249,49,9262,2001,12391.0,0.0,1.5731700000000002,1.353159,TWN,COL,850140
2557571,32,52,9262,2001,190523.0,0.0,0.672496,1.051848,BRA,CRI,850140
2557572,43,52,9262,2001,22921.0,0.0,0.525171,3.092963,CHN,CRI,850140
2557573,61,52,9262,2001,5130.0,0.0,2.321375,-2.1110990000000003,DEU,CRI,850140
2557574,93,52,9262,2001,0.0,1365.0,-0.5089520000000001,0.216677,GTM,CRI,850140
2557575,111,52,9262,2001,2890.0,0.0,1.389926,1.282143,ITA,CRI,850140
2557576,114,52,9262,2001,3744.0,0.0,2.585857,0.522663,JPN,CRI,850140
2557577,138,52,9262,2001,9932.0,0.0,0.797058,0.713234,MEX,CRI,850140
2557578,160,52,9262,2001,0.0,3248.0,-0.8917430000000001,-0.713179,NIC,CRI,850140
2557579,231,52,9262,2001,127145.0,0.0,1.873674,0.168468,USA,CRI,850140
2557580,249,52,9262,2001,11126.0,0.0,1.5731700000000002,1.353159,TWN,CRI,850140
2557581,32,54,9262,2001,10445.0,0.0,0.672496,1.051848,BRA,CUB,850140
2557582,39,54,9262,2001,4354.0,0.0,0.971827,1.105171,CAN,CUB,850140
2557583,61,54,9262,2001,855.0,0.0,2.321375,-2.1110990000000003,DEU,CUB,850140
2557584,71,54,9262,2001,14549.0,0.0,1.079664,1.9842220000000002,ESP,CUB,850140
2557585,77,54,9262,2001,2937.0,0.0,1.653507,0.797582,FRA,CUB,850140
2557586,111,54,9262,2001,1970.0,0.0,1.389926,1.282143,ITA,CUB,850140
2557587,114,54,9262,2001,3377.0,0.0,2.585857,0.522663,JPN,CUB,850140
2557588,138,54,9262,2001,56001.0,0.0,0.797058,0.713234,MEX,CUB,850140
2557589,162,54,9262,2001,2087.0,0.0,1.315685,1.590935,NLD,CUB,850140
2557590,186,54,9262,2001,14052.0,0.0,0.945816,0.35027600000000003,RUS,CUB,850140
2557591,216,54,9262,2001,475.0,0.0,0.37555900000000003,1.498267,THA,CUB,850140
2557592,236,54,9262,2001,945.0,0.0,0.261158,-0.7397,VEN,CUB,850140
2557593,249,54,9262,2001,19572.0,0.0,1.5731700000000002,1.353159,TWN,CUB,850140
2557594,250,54,9262,2001,1667.0,0.0,1.096023,-0.33562600000000004,ANS,CUB,850140
2557595,7,59,9262,2001,0.0,18710.0,-0.193984,-0.457124,ARE,CZE,850140
2557596,8,59,9262,2001,0.0,28895.0,0.287698,0.547137,ARG,CZE,850140
2557597,15,59,9262,2001,932251.0,93301.0,1.8571650000000002,0.603191,AUT,CZE,850140
2557598,18,59,9262,2001,6234.0,78514.0,1.4328370000000001,1.408495,BEL,CZE,850140
2557599,28,59,9262,2001,0.0,7760.0,0.804404,0.936773,BLR,CZE,850140
2557600,32,59,9262,2001,66410.0,12074.0,0.672496,1.051848,BRA,CZE,850140
2557601,39,59,9262,2001,1903.0,0.0,0.971827,1.105171,CAN,CZE,850140
2557602,41,59,9262,2001,26144.0,103623.0,2.227246,0.553956,CHE,CZE,850140
2557603,42,59,9262,2001,0.0,13289.0,-0.004658,-0.002548,CHL,CZE,850140
2557604,43,59,9262,2001,22257.0,0.0,0.525171,3.092963,CHN,CZE,850140
2557605,61,59,9262,2001,3181184.0,4377200.0,2.321375,-2.1110990000000003,DEU,CZE,850140
2557606,64,59,9262,2001,5995.0,28647.0,1.261883,1.351875,DNK,CZE,850140
2557607,71,59,9262,2001,7430.0,341392.0,1.079664,1.9842220000000002,ESP,CZE,850140
2557608,77,59,9262,2001,111925.0,40595.0,1.653507,0.797582,FRA,CZE,850140
2557609,81,59,9262,2001,2639.0,497743.0,1.976894,0.685435,GBR,CZE,850140
2557610,90,59,9262,2001,0.0,275859.0,0.31387600000000004,1.3614600000000001,GRC,CZE,850140
2557611,97,59,9262,2001,72407.0,0.0,0.521528,2.3025,HKG,CZE,850140
2557612,102,59,9262,2001,10505.0,68683.0,1.102262,1.138016,HUN,CZE,850140
2557613,103,59,9262,2001,0.0,2222.0,-0.167771,1.6587889999999998,IDN,CZE,850140
2557614,104,59,9262,2001,0.0,1860.0,0.349744,2.665844,IND,CZE,850140
2557615,106,59,9262,2001,0.0,2070411.0,1.664233,0.129983,IRL,CZE,850140
2557616,107,59,9262,2001,0.0,28111.0,-0.7732479999999999,-0.8979370000000001,IRN,CZE,850140
2557617,110,59,9262,2001,0.0,5258.0,1.374873,0.775594,ISR,CZE,850140
2557618,111,59,9262,2001,500114.0,5468292.0,1.389926,1.282143,ITA,CZE,850140
2557619,114,59,9262,2001,13868.0,0.0,2.585857,0.522663,JPN,CZE,850140
2557620,130,59,9262,2001,30799.0,1157.0,0.15706900000000001,0.416663,LTU,CZE,850140
2557621,131,59,9262,2001,5082.0,0.0,1.470895,1.149007,LUX,CZE,850140
2557622,138,59,9262,2001,21463.0,0.0,0.797058,0.713234,MEX,CZE,850140
2557623,153,59,9262,2001,68547.0,0.0,0.768174,0.307033,MYS,CZE,850140
2557624,162,59,9262,2001,32618.0,254065.0,1.315685,1.590935,NLD,CZE,850140
2557625,163,59,9262,2001,0.0,141130.0,0.974814,0.06512000000000001,NOR,CZE,850140
2557626,177,59,9262,2001,133254.0,298462.0,0.9474540000000001,1.8408220000000002,POL,CZE,850140
2557627,179,59,9262,2001,0.0,101314.0,0.482048,1.662123,PRT,CZE,850140
2557628,185,59,9262,2001,368821.0,5221.0,0.326733,1.005332,ROU,CZE,850140
2557629,186,59,9262,2001,0.0,85584.0,0.945816,0.35027600000000003,RUS,CZE,850140
2557630,188,59,9262,2001,0.0,26251.0,0.5370550000000001,-0.793469,SAU,CZE,850140
2557631,189,59,9262,2001,15274.0,0.0,0.45280200000000004,2.469852,SCG,CZE,850140
2557632,192,59,9262,2001,25229.0,0.0,1.364239,0.721074,SGP,CZE,850140
2557633,206,59,9262,2001,9604.0,722553.0,1.1732770000000001,1.088576,SVK,CZE,850140
2557634,207,59,9262,2001,139323.0,5467.0,1.5074370000000001,1.1370040000000001,SVN,CZE,850140
2557635,208,59,9262,2001,84001.0,162164.0,2.156845,0.784439,SWE,CZE,850140
2557636,212,59,9262,2001,0.0,264304.0,-1.057217,-0.716331,SYR,CZE,850140
2557637,216,59,9262,2001,0.0,2343.0,0.37555900000000003,1.498267,THA,CZE,850140
2557638,219,59,9262,2001,0.0,2007.0,-1.24627,-1.2760209999999998,TKM,CZE,850140
2557639,223,59,9262,2001,0.0,8737.0,-0.162152,0.23939699999999997,TUN,CZE,850140
2557640,224,59,9262,2001,2268.0,19917.0,0.188773,1.91451,TUR,CZE,850140
2557641,228,59,9262,2001,0.0,12424.0,0.8376969999999999,0.989059,UKR,CZE,850140
2557642,231,59,9262,2001,39661.0,62478.0,1.873674,0.168468,USA,CZE,850140
2557643,239,59,9262,2001,0.0,4494.0,-0.6692130000000001,0.610992,VNM,CZE,850140
2557644,246,59,9262,2001,0.0,1639.0,0.356842,2.006155,ZAF,CZE,850140
2557645,249,59,9262,2001,195598.0,8246.0,1.5731700000000002,1.353159,TWN,CZE,850140
2557646,250,59,9262,2001,475526.0,0.0,1.096023,-0.33562600000000004,ANS,CZE,850140
2557647,7,61,9262,2001,0.0,164999.0,-0.193984,-0.457124,ARE,DEU,850140
2557648,8,61,9262,2001,0.0,44962.0,0.287698,0.547137,ARG,DEU,850140
2557649,9,61,9262,2001,0.0,5551.0,0.834168,0.21458000000000002,ARM,DEU,850140
2557650,14,61,9262,2001,6398.0,1563504.0,0.29463,0.772375,AUS,DEU,850140
2557651,15,61,9262,2001,7597822.0,9378984.0,1.8571650000000002,0.603191,AUT,DEU,850140
2557652,16,61,9262,2001,0.0,832.0,-0.6731090000000001,-1.037922,AZE,DEU,850140
2557653,18,61,9262,2001,300752.0,3323698.0,1.4328370000000001,1.408495,BEL,DEU,850140
2557654,19,61,9262,2001,0.0,3579.0,-1.09233,-0.8276969999999999,BEN,DEU,850140
2557655,22,61,9262,2001,0.0,14680.0,-1.0406739999999999,-1.010108,BGD,DEU,850140
2557656,23,61,9262,2001,774072.0,56125.0,0.41425100000000004,1.639866,BGR,DEU,850140
2557657,24,61,9262,2001,0.0,2732.0,-0.11008399999999999,-1.053611,BHR,DEU,850140
2557658,26,61,9262,2001,0.0,39000.0,0.238083,0.362643,BIH,DEU,850140
2557659,28,61,9262,2001,0.0,632502.0,0.804404,0.936773,BLR,DEU,850140
2557660,29,61,9262,2001,0.0,6408.0,-0.297981,-0.695022,BLZ,DEU,850140
2557661,31,61,9262,2001,0.0,1386.0,-0.680108,-0.678143,BOL,DEU,850140
2557662,32,61,9262,2001,6265.0,721964.0,0.672496,1.051848,BRA,DEU,850140
2557663,34,61,9262,2001,0.0,63636.0,-0.8654209999999999,-0.930599,BRN,DEU,850140
2557664,39,61,9262,2001,48897.0,1618950.0,0.971827,1.105171,CAN,DEU,850140
2557665,41,61,9262,2001,5660016.0,8897733.0,2.227246,0.553956,CHE,DEU,850140
2557666,42,61,9262,2001,4631.0,125635.0,-0.004658,-0.002548,CHL,DEU,850140
2557667,43,61,9262,2001,2516529.0,635941.0,0.525171,3.092963,CHN,DEU,850140
2557668,44,61,9262,2001,0.0,6192.0,-0.715949,-0.524428,CIV,DEU,850140
2557669,45,61,9262,2001,0.0,884.0,-1.6254879999999998,-1.212513,CMR,DEU,850140
2557670,49,61,9262,2001,0.0,9309.0,0.30412,0.395913,COL,DEU,850140
2557671,51,61,9262,2001,0.0,1680.0,0.063802,-0.456617,CPV,DEU,850140
2557672,52,61,9262,2001,0.0,5130.0,0.069458,-0.042793,CRI,DEU,850140
2557673,54,61,9262,2001,0.0,855.0,-0.443391,-0.9599030000000001,CUB,DEU,850140
2557674,58,61,9262,2001,0.0,208119.0,0.381251,0.257802,CYP,DEU,850140
2557675,59,61,9262,2001,4377200.0,3181184.0,1.485703,1.109305,CZE,DEU,850140
2557676,63,61,9262,2001,0.0,3096.0,0.613251,0.226998,DMA,DEU,850140
2557677,64,61,9262,2001,424551.0,4032514.0,1.261883,1.351875,DNK,DEU,850140
2557678,65,61,9262,2001,0.0,1611.0,-0.538419,-0.48773900000000003,DOM,DEU,850140
2557679,66,61,9262,2001,0.0,47120.0,-0.663363,-1.158295,DZA,DEU,850140
2557680,67,61,9262,2001,0.0,1806.0,-0.852642,-0.896374,ECU,DEU,850140
2557681,68,61,9262,2001,0.0,76265.0,-0.373576,0.366385,EGY,DEU,850140
2557682,71,61,9262,2001,296885.0,5388653.0,1.079664,1.9842220000000002,ESP,DEU,850140
2557683,72,61,9262,2001,0.0,24082.0,0.5746829999999999,0.9073899999999999,EST,DEU,850140
2557684,74,61,9262,2001,135348.0,1177834.0,2.069141,0.9375180000000001,FIN,DEU,850140
2557685,77,61,9262,2001,39694972.0,11799486.0,1.653507,0.797582,FRA,DEU,850140
2557686,81,61,9262,2001,486539.0,9454339.0,1.976894,0.685435,GBR,DEU,850140
2557687,82,61,9262,2001,0.0,22373.0,0.585568,-0.047744999999999996,GEO,DEU,850140
2557688,83,61,9262,2001,0.0,1682.0,-0.961067,-0.780449,GHA,DEU,850140
2557689,90,61,9262,2001,0.0,1415709.0,0.31387600000000004,1.3614600000000001,GRC,DEU,850140
2557690,92,61,9262,2001,0.0,54602.0,0.199595,-0.73547,GRL,DEU,850140
2557691,93,61,9262,2001,0.0,20872.0,-0.5089520000000001,0.216677,GTM,DEU,850140
2557692,97,61,9262,2001,115352.0,478738.0,0.521528,2.3025,HKG,DEU,850140
2557693,99,61,9262,2001,0.0,32690.0,-0.8003060000000001,-0.602097,HND,DEU,850140
2557694,100,61,9262,2001,0.0,60646.0,0.544596,0.969535,HRV,DEU,850140
2557695,102,61,9262,2001,18517790.0,4856138.0,1.102262,1.138016,HUN,DEU,850140
2557696,103,61,9262,2001,0.0,24094.0,-0.167771,1.6587889999999998,IDN,DEU,850140
2557697,104,61,9262,2001,379488.0,140551.0,0.349744,2.665844,IND,DEU,850140
2557698,106,61,9262,2001,0.0,374247.0,1.664233,0.129983,IRL,DEU,850140
2557699,107,61,9262,2001,15698.0,169348.0,-0.7732479999999999,-0.8979370000000001,IRN,DEU,850140
2557700,108,61,9262,2001,0.0,45000.0,-1.115465,-0.883028,IRQ,DEU,850140
2557701,109,61,9262,2001,0.0,9844.0,0.032382999999999995,-0.51054,ISL,DEU,850140
2557702,110,61,9262,2001,33388.0,1086125.0,1.374873,0.775594,ISR,DEU,850140
2557703,111,61,9262,2001,53247316.0,13900304.0,1.389926,1.282143,ITA,DEU,850140
2557704,112,61,9262,2001,0.0,1845.0,-0.541582,-0.837248,JAM,DEU,850140
2557705,113,61,9262,2001,0.0,37425.0,0.375134,0.581558,JOR,DEU,850140
2557706,114,61,9262,2001,2115489.0,683578.0,2.585857,0.522663,JPN,DEU,850140
2557707,115,61,9262,2001,0.0,51693.0,0.009714,-0.525899,KAZ,DEU,850140
2557708,116,61,9262,2001,0.0,1578.0,-0.529388,0.092271,KEN,DEU,850140
2557709,121,61,9262,2001,694599.0,953912.0,1.145797,1.0762399999999999,KOR,DEU,850140
2557710,122,61,9262,2001,0.0,193635.0,-0.8197,-1.183758,KWT,DEU,850140
2557711,124,61,9262,2001,0.0,23390.0,0.165355,0.988008,LBN,DEU,850140
2557712,126,61,9262,2001,0.0,18000.0,-0.9321459999999999,-1.198124,LBY,DEU,850140
2557713,127,61,9262,2001,0.0,4085.0,0.004518,-0.5326770000000001,LCA,DEU,850140
2557714,128,61,9262,2001,0.0,20441.0,-0.722434,-0.033818,LKA,DEU,850140
2557715,130,61,9262,2001,0.0,349209.0,0.15706900000000001,0.416663,LTU,DEU,850140
2557716,131,61,9262,2001,0.0,352278.0,1.470895,1.149007,LUX,DEU,850140
2557717,132,61,9262,2001,0.0,97879.0,0.404136,0.461009,LVA,DEU,850140
2557718,133,61,9262,2001,0.0,1619.0,-0.608406,-0.521662,MAC,DEU,850140
2557719,134,61,9262,2001,0.0,70694.0,-0.75275,-0.280397,MAR,DEU,850140
2557720,136,61,9262,2001,0.0,789.0,-1.247531,-0.637093,MDG,DEU,850140
2557721,137,61,9262,2001,0.0,1420.0,-0.980734,-0.9785659999999999,MDV,DEU,850140
2557722,138,61,9262,2001,730187.0,53247.0,0.797058,0.713234,MEX,DEU,850140
2557723,140,61,9262,2001,161628.0,10590.0,0.033097,0.43516499999999997,MKD,DEU,850140
2557724,142,61,9262,2001,0.0,49307.0,1.065032,-0.065239,MLT,DEU,850140
2557725,148,61,9262,2001,0.0,823.0,-1.187271,-1.240445,MRT,DEU,850140
2557726,151,61,9262,2001,0.0,3631.0,-0.410422,-0.5868369999999999,MUS,DEU,850140
2557727,153,61,9262,2001,608792.0,409667.0,0.768174,0.307033,MYS,DEU,850140
2557728,155,61,9262,2001,0.0,2552.0,-0.625912,-0.854247,NAM,DEU,850140
2557729,156,61,9262,2001,0.0,2131.0,-0.837087,-0.9207040000000001,NCL,DEU,850140
2557730,159,61,9262,2001,0.0,867.0,-1.966439,-1.2724520000000001,NGA,DEU,850140
2557731,162,61,9262,2001,1824443.0,12435845.0,1.315685,1.590935,NLD,DEU,850140
2557732,163,61,9262,2001,91760.0,1210778.0,0.974814,0.06512000000000001,NOR,DEU,850140
2557733,166,61,9262,2001,2161.0,27074.0,0.521409,0.683134,NZL,DEU,850140
2557734,167,61,9262,2001,0.0,3723.0,-0.909329,-1.189698,OMN,DEU,850140
2557735,168,61,9262,2001,0.0,9000.0,-0.8376520000000001,-0.378743,PAK,DEU,850140
2557736,169,61,9262,2001,0.0,1583.0,0.17588199999999998,0.422505,PAN,DEU,850140
2557737,173,61,9262,2001,0.0,7051.0,-0.345519,0.202623,PER,DEU,850140
2557738,174,61,9262,2001,8025.0,18558.0,-0.028201,-0.112349,PHL,DEU,850140
2557739,176,61,9262,2001,0.0,1607.0,-1.503929,-1.199463,PNG,DEU,850140
2557740,177,61,9262,2001,247538.0,4035676.0,0.9474540000000001,1.8408220000000002,POL,DEU,850140
2557741,178,61,9262,2001,0.0,1000.0,0.62773,1.010888,PRK,DEU,850140
2557742,179,61,9262,2001,982.0,2838593.0,0.482048,1.662123,PRT,DEU,850140
2557743,180,61,9262,2001,0.0,2492.0,-0.68893,-0.9326690000000001,PRY,DEU,850140
2557744,182,61,9262,2001,0.0,1856.0,-0.005456,-0.7210770000000001,PYF,DEU,850140
2557745,183,61,9262,2001,0.0,11688.0,-0.46564799999999995,-1.127634,QAT,DEU,850140
2557746,185,61,9262,2001,119647.0,104889.0,0.326733,1.005332,ROU,DEU,850140
2557747,186,61,9262,2001,29871.0,1074868.0,0.945816,0.35027600000000003,RUS,DEU,850140
2557748,188,61,9262,2001,0.0,84740.0,0.5370550000000001,-0.793469,SAU,DEU,850140
2557749,189,61,9262,2001,3247.0,75311.0,0.45280200000000004,2.469852,SCG,DEU,850140
2557750,190,61,9262,2001,0.0,7556.0,-1.6325180000000001,-1.263267,SDN,DEU,850140
2557751,192,61,9262,2001,7219.0,472724.0,1.364239,0.721074,SGP,DEU,850140
2557752,197,61,9262,2001,0.0,1149.0,-0.181554,-0.031294,SLV,DEU,850140
2557753,206,61,9262,2001,9480343.0,276823.0,1.1732770000000001,1.088576,SVK,DEU,850140
2557754,207,61,9262,2001,4028768.0,178478.0,1.5074370000000001,1.1370040000000001,SVN,DEU,850140
2557755,208,61,9262,2001,143547.0,3923494.0,2.156845,0.784439,SWE,DEU,850140
2557756,209,61,9262,2001,0.0,329.0,0.372699,-0.287132,SWZ,DEU,850140
2557757,212,61,9262,2001,0.0,210414.0,-1.057217,-0.716331,SYR,DEU,850140
2557758,216,61,9262,2001,1852.0,62915.0,0.37555900000000003,1.498267,THA,DEU,850140
2557759,222,61,9262,2001,0.0,638.0,0.178256,-0.709126,TTO,DEU,850140
2557760,223,61,9262,2001,0.0,268878.0,-0.162152,0.23939699999999997,TUN,DEU,850140
2557761,224,61,9262,2001,11259.0,1230743.0,0.188773,1.91451,TUR,DEU,850140
2557762,226,61,9262,2001,0.0,788.0,-1.193991,-0.49282200000000004,TZA,DEU,850140
2557763,227,61,9262,2001,0.0,1417.0,-0.9694860000000001,-0.840592,UGA,DEU,850140
2557764,228,61,9262,2001,0.0,186655.0,0.8376969999999999,0.989059,UKR,DEU,850140
2557765,230,61,9262,2001,0.0,7694.0,0.36029,0.298869,URY,DEU,850140
2557766,231,61,9262,2001,2336790.0,6154334.0,1.873674,0.168468,USA,DEU,850140
2557767,232,61,9262,2001,0.0,6000.0,-0.395913,-0.6454449999999999,UZB,DEU,850140
2557768,236,61,9262,2001,2333.0,126295.0,0.261158,-0.7397,VEN,DEU,850140
2557769,239,61,9262,2001,0.0,2505.0,-0.6692130000000001,0.610992,VNM,DEU,850140
2557770,243,61,9262,2001,0.0,5000.0,-1.465154,-1.261615,YEM,DEU,850140
2557771,246,61,9262,2001,12268.0,1646393.0,0.356842,2.006155,ZAF,DEU,850140
2557772,248,61,9262,2001,0.0,20362.0,-0.6321829999999999,-0.453671,ZWE,DEU,850140
2557773,249,61,9262,2001,515428.0,95969.0,1.5731700000000002,1.353159,TWN,DEU,850140
2557774,250,61,9262,2001,0.0,57000.0,1.096023,-0.33562600000000004,ANS,DEU,850140
2557775,7,64,9262,2001,0.0,5738.0,-0.193984,-0.457124,ARE,DNK,850140
2557776,8,64,9262,2001,0.0,28753.0,0.287698,0.547137,ARG,DNK,850140
2557777,14,64,9262,2001,0.0,69235.0,0.29463,0.772375,AUS,DNK,850140
2557778,15,64,9262,2001,1681478.0,3974.0,1.8571650000000002,0.603191,AUT,DNK,850140
2557779,16,64,9262,2001,0.0,970.0,-0.6731090000000001,-1.037922,AZE,DNK,850140
2557780,18,64,9262,2001,16924.0,3854.0,1.4328370000000001,1.408495,BEL,DNK,850140
2557781,23,64,9262,2001,0.0,1473.0,0.41425100000000004,1.639866,BGR,DNK,850140
2557782,32,64,9262,2001,0.0,7362.0,0.672496,1.051848,BRA,DNK,850140
2557783,39,64,9262,2001,284914.0,3725.0,0.971827,1.105171,CAN,DNK,850140
2557784,41,64,9262,2001,697961.0,50343.0,2.227246,0.553956,CHE,DNK,850140
2557785,42,64,9262,2001,0.0,7724.0,-0.004658,-0.002548,CHL,DNK,850140
2557786,43,64,9262,2001,47924.0,29486.0,0.525171,3.092963,CHN,DNK,850140
2557787,58,64,9262,2001,0.0,6501.0,0.381251,0.257802,CYP,DNK,850140
2557788,59,64,9262,2001,28647.0,5995.0,1.485703,1.109305,CZE,DNK,850140
2557789,61,64,9262,2001,4032514.0,424551.0,2.321375,-2.1110990000000003,DEU,DNK,850140
2557790,68,64,9262,2001,0.0,1272.0,-0.373576,0.366385,EGY,DNK,850140
2557791,69,64,9262,2001,0.0,8154.0,0.617376,-0.33233,ERI,DNK,850140
2557792,71,64,9262,2001,2252.0,92667.0,1.079664,1.9842220000000002,ESP,DNK,850140
2557793,72,64,9262,2001,0.0,16618.0,0.5746829999999999,0.9073899999999999,EST,DNK,850140
2557794,74,64,9262,2001,6260.0,63715.0,2.069141,0.9375180000000001,FIN,DNK,850140
2557795,77,64,9262,2001,19360.0,18076.0,1.653507,0.797582,FRA,DNK,850140
2557796,78,64,9262,2001,0.0,2775.0,-1.004972,-0.9456030000000001,FRO,DNK,850140
2557797,81,64,9262,2001,358904.0,279935.0,1.976894,0.685435,GBR,DNK,850140
2557798,83,64,9262,2001,0.0,1345.0,-0.961067,-0.780449,GHA,DNK,850140
2557799,90,64,9262,2001,0.0,9631.0,0.31387600000000004,1.3614600000000001,GRC,DNK,850140
2557800,92,64,9262,2001,0.0,4602.0,0.199595,-0.73547,GRL,DNK,850140
2557801,97,64,9262,2001,0.0,1206.0,0.521528,2.3025,HKG,DNK,850140
2557802,100,64,9262,2001,0.0,7919.0,0.544596,0.969535,HRV,DNK,850140
2557803,102,64,9262,2001,0.0,7142.0,1.102262,1.138016,HUN,DNK,850140
2557804,103,64,9262,2001,0.0,4277.0,-0.167771,1.6587889999999998,IDN,DNK,850140
2557805,104,64,9262,2001,0.0,1547.0,0.349744,2.665844,IND,DNK,850140
2557806,106,64,9262,2001,0.0,4996.0,1.664233,0.129983,IRL,DNK,850140
2557807,107,64,9262,2001,0.0,2321.0,-0.7732479999999999,-0.8979370000000001,IRN,DNK,850140
2557808,109,64,9262,2001,1070.0,1589.0,0.032382999999999995,-0.51054,ISL,DNK,850140
2557809,110,64,9262,2001,0.0,38742.0,1.374873,0.775594,ISR,DNK,850140
2557810,111,64,9262,2001,1784500.0,134800.0,1.389926,1.282143,ITA,DNK,850140
2557811,114,64,9262,2001,62610.0,21616.0,2.585857,0.522663,JPN,DNK,850140
2557812,116,64,9262,2001,0.0,23572.0,-0.529388,0.092271,KEN,DNK,850140
2557813,121,64,9262,2001,7767.0,1263.0,1.145797,1.0762399999999999,KOR,DNK,850140
2557814,130,64,9262,2001,0.0,1935.0,0.15706900000000001,0.416663,LTU,DNK,850140
2557815,132,64,9262,2001,0.0,30008.0,0.404136,0.461009,LVA,DNK,850140
2557816,133,64,9262,2001,0.0,1849.0,-0.608406,-0.521662,MAC,DNK,850140
2557817,134,64,9262,2001,0.0,1539.0,-0.75275,-0.280397,MAR,DNK,850140
2557818,138,64,9262,2001,0.0,62075.0,0.797058,0.713234,MEX,DNK,850140
2557819,153,64,9262,2001,0.0,22380.0,0.768174,0.307033,MYS,DNK,850140
2557820,162,64,9262,2001,264120.0,25423.0,1.315685,1.590935,NLD,DNK,850140
2557821,163,64,9262,2001,9017.0,42988.0,0.974814,0.06512000000000001,NOR,DNK,850140
2557822,166,64,9262,2001,3660.0,4423.0,0.521409,0.683134,NZL,DNK,850140
2557823,174,64,9262,2001,0.0,1599.0,-0.028201,-0.112349,PHL,DNK,850140
2557824,177,64,9262,2001,15097.0,82412.0,0.9474540000000001,1.8408220000000002,POL,DNK,850140
2557825,179,64,9262,2001,0.0,8129.0,0.482048,1.662123,PRT,DNK,850140
2557826,185,64,9262,2001,0.0,2909.0,0.326733,1.005332,ROU,DNK,850140
2557827,186,64,9262,2001,0.0,44308.0,0.945816,0.35027600000000003,RUS,DNK,850140
2557828,188,64,9262,2001,0.0,2700.0,0.5370550000000001,-0.793469,SAU,DNK,850140
2557829,189,64,9262,2001,32442.0,4654.0,0.45280200000000004,2.469852,SCG,DNK,850140
2557830,192,64,9262,2001,5725.0,374364.0,1.364239,0.721074,SGP,DNK,850140
2557831,197,64,9262,2001,0.0,1579.0,-0.181554,-0.031294,SLV,DNK,850140
2557832,206,64,9262,2001,0.0,1900.0,1.1732770000000001,1.088576,SVK,DNK,850140
2557833,207,64,9262,2001,189852.0,1722.0,1.5074370000000001,1.1370040000000001,SVN,DNK,850140
2557834,208,64,9262,2001,2240181.0,482525.0,2.156845,0.784439,SWE,DNK,850140
2557835,215,64,9262,2001,0.0,16021.0,-0.758725,-0.577004,TGO,DNK,850140
2557836,224,64,9262,2001,0.0,15732.0,0.188773,1.91451,TUR,DNK,850140
2557837,228,64,9262,2001,0.0,1373.0,0.8376969999999999,0.989059,UKR,DNK,850140
2557838,231,64,9262,2001,1073899.0,108078.0,1.873674,0.168468,USA,DNK,850140
2557839,246,64,9262,2001,0.0,9400.0,0.356842,2.006155,ZAF,DNK,850140
2557840,248,64,9262,2001,0.0,799.0,-0.6321829999999999,-0.453671,ZWE,DNK,850140
2557841,249,64,9262,2001,3358.0,4825.0,1.5731700000000002,1.353159,TWN,DNK,850140
2557842,32,65,9262,2001,71625.0,0.0,0.672496,1.051848,BRA,DOM,850140
2557843,61,65,9262,2001,1611.0,0.0,2.321375,-2.1110990000000003,DEU,DOM,850140
2557844,71,65,9262,2001,97505.0,0.0,1.079664,1.9842220000000002,ESP,DOM,850140
2557845,77,65,9262,2001,3558.0,0.0,1.653507,0.797582,FRA,DOM,850140
2557846,97,65,9262,2001,112566.0,0.0,0.521528,2.3025,HKG,DOM,850140
2557847,104,65,9262,2001,8651.0,0.0,0.349744,2.665844,IND,DOM,850140
2557848,111,65,9262,2001,137520.0,0.0,1.389926,1.282143,ITA,DOM,850140
2557849,114,65,9262,2001,27481.0,0.0,2.585857,0.522663,JPN,DOM,850140
2557850,231,65,9262,2001,105802.0,0.0,1.873674,0.168468,USA,DOM,850140
2557851,236,65,9262,2001,15642.0,0.0,0.261158,-0.7397,VEN,DOM,850140
2557852,249,65,9262,2001,1325.0,0.0,1.5731700000000002,1.353159,TWN,DOM,850140
2557853,8,67,9262,2001,2986.0,0.0,0.287698,0.547137,ARG,ECU,850140
2557854,32,67,9262,2001,1346806.0,0.0,0.672496,1.051848,BRA,ECU,850140
2557855,39,67,9262,2001,47520.0,0.0,0.971827,1.105171,CAN,ECU,850140
2557856,41,67,9262,2001,2517.0,0.0,2.227246,0.553956,CHE,ECU,850140
2557857,42,67,9262,2001,1661.0,1052.0,-0.004658,-0.002548,CHL,ECU,850140
2557858,43,67,9262,2001,133326.0,0.0,0.525171,3.092963,CHN,ECU,850140
2557859,49,67,9262,2001,18228.0,0.0,0.30412,0.395913,COL,ECU,850140
2557860,61,67,9262,2001,1806.0,0.0,2.321375,-2.1110990000000003,DEU,ECU,850140
2557861,71,67,9262,2001,17239.0,0.0,1.079664,1.9842220000000002,ESP,ECU,850140
2557862,77,67,9262,2001,1557.0,0.0,1.653507,0.797582,FRA,ECU,850140
2557863,97,67,9262,2001,77804.0,0.0,0.521528,2.3025,HKG,ECU,850140
2557864,111,67,9262,2001,10515.0,0.0,1.389926,1.282143,ITA,ECU,850140
2557865,114,67,9262,2001,1007.0,0.0,2.585857,0.522663,JPN,ECU,850140
2557866,121,67,9262,2001,37640.0,0.0,1.145797,1.0762399999999999,KOR,ECU,850140
2557867,173,67,9262,2001,2290.0,0.0,-0.345519,0.202623,PER,ECU,850140
2557868,177,67,9262,2001,3809.0,0.0,0.9474540000000001,1.8408220000000002,POL,ECU,850140
2557869,208,67,9262,2001,8120.0,0.0,2.156845,0.784439,SWE,ECU,850140
2557870,231,67,9262,2001,64672.0,0.0,1.873674,0.168468,USA,ECU,850140
2557871,236,67,9262,2001,5465.0,0.0,0.261158,-0.7397,VEN,ECU,850140
2557872,249,67,9262,2001,153371.0,0.0,1.5731700000000002,1.353159,TWN,ECU,850140
2557873,8,71,9262,2001,0.0,417676.0,0.287698,0.547137,ARG,ESP,850140
2557874,14,71,9262,2001,0.0,66198.0,0.29463,0.772375,AUS,ESP,850140
2557875,15,71,9262,2001,24873.0,8363.0,1.8571650000000002,0.603191,AUT,ESP,850140
2557876,18,71,9262,2001,127599.0,88660.0,1.4328370000000001,1.408495,BEL,ESP,850140
2557877,19,71,9262,2001,0.0,28186.0,-1.09233,-0.8276969999999999,BEN,ESP,850140
2557878,32,71,9262,2001,0.0,976586.0,0.672496,1.051848,BRA,ESP,850140
2557879,39,71,9262,2001,21050.0,3039.0,0.971827,1.105171,CAN,ESP,850140
2557880,41,71,9262,2001,96767.0,51444.0,2.227246,0.553956,CHE,ESP,850140
2557881,42,71,9262,2001,0.0,9181.0,-0.004658,-0.002548,CHL,ESP,850140
2557882,43,71,9262,2001,1018574.0,283719.0,0.525171,3.092963,CHN,ESP,850140
2557883,49,71,9262,2001,0.0,31587.0,0.30412,0.395913,COL,ESP,850140
2557884,51,71,9262,2001,0.0,1970.0,0.063802,-0.456617,CPV,ESP,850140
2557885,54,71,9262,2001,0.0,14549.0,-0.443391,-0.9599030000000001,CUB,ESP,850140
2557886,58,71,9262,2001,0.0,5501.0,0.381251,0.257802,CYP,ESP,850140
2557887,59,71,9262,2001,341392.0,7430.0,1.485703,1.109305,CZE,ESP,850140
2557888,61,71,9262,2001,5388653.0,296885.0,2.321375,-2.1110990000000003,DEU,ESP,850140
2557889,64,71,9262,2001,92667.0,2252.0,1.261883,1.351875,DNK,ESP,850140
2557890,65,71,9262,2001,0.0,97505.0,-0.538419,-0.48773900000000003,DOM,ESP,850140
2557891,67,71,9262,2001,0.0,17239.0,-0.852642,-0.896374,ECU,ESP,850140
2557892,68,71,9262,2001,0.0,245309.0,-0.373576,0.366385,EGY,ESP,850140
2557893,74,71,9262,2001,2481.0,19693.0,2.069141,0.9375180000000001,FIN,ESP,850140
2557894,77,71,9262,2001,12201743.0,987674.0,1.653507,0.797582,FRA,ESP,850140
2557895,80,71,9262,2001,0.0,3639.0,-1.063007,-1.181284,GAB,ESP,850140
2557896,81,71,9262,2001,90642.0,3212686.0,1.976894,0.685435,GBR,ESP,850140
2557897,85,71,9262,2001,0.0,23752.0,-1.5380340000000001,-1.200083,GIN,ESP,850140
2557898,90,71,9262,2001,57344.0,11742.0,0.31387600000000004,1.3614600000000001,GRC,ESP,850140
2557899,93,71,9262,2001,74086.0,1756.0,-0.5089520000000001,0.216677,GTM,ESP,850140
2557900,97,71,9262,2001,697291.0,11256.0,0.521528,2.3025,HKG,ESP,850140
2557901,102,71,9262,2001,40704.0,12123.0,1.102262,1.138016,HUN,ESP,850140
2557902,104,71,9262,2001,64466.0,0.0,0.349744,2.665844,IND,ESP,850140
2557903,106,71,9262,2001,0.0,3722.0,1.664233,0.129983,IRL,ESP,850140
2557904,107,71,9262,2001,0.0,591344.0,-0.7732479999999999,-0.8979370000000001,IRN,ESP,850140
2557905,109,71,9262,2001,0.0,2621.0,0.032382999999999995,-0.51054,ISL,ESP,850140
2557906,110,71,9262,2001,0.0,10743.0,1.374873,0.775594,ISR,ESP,850140
2557907,111,71,9262,2001,26065692.0,5845028.0,1.389926,1.282143,ITA,ESP,850140
2557908,113,71,9262,2001,0.0,14205.0,0.375134,0.581558,JOR,ESP,850140
2557909,114,71,9262,2001,594099.0,3540.0,2.585857,0.522663,JPN,ESP,850140
2557910,121,71,9262,2001,8363.0,2631.0,1.145797,1.0762399999999999,KOR,ESP,850140
2557911,130,71,9262,2001,0.0,2826.0,0.15706900000000001,0.416663,LTU,ESP,850140
2557912,131,71,9262,2001,52135.0,0.0,1.470895,1.149007,LUX,ESP,850140
2557913,134,71,9262,2001,0.0,293353.0,-0.75275,-0.280397,MAR,ESP,850140
2557914,138,71,9262,2001,3683.0,23939.0,0.797058,0.713234,MEX,ESP,850140
2557915,153,71,9262,2001,9094.0,8940.0,0.768174,0.307033,MYS,ESP,850140
2557916,156,71,9262,2001,0.0,40404.0,-0.837087,-0.9207040000000001,NCL,ESP,850140
2557917,162,71,9262,2001,914274.0,36957.0,1.315685,1.590935,NLD,ESP,850140
2557918,163,71,9262,2001,3530.0,11589.0,0.974814,0.06512000000000001,NOR,ESP,850140
2557919,166,71,9262,2001,0.0,11342.0,0.521409,0.683134,NZL,ESP,850140
2557920,173,71,9262,2001,0.0,19218.0,-0.345519,0.202623,PER,ESP,850140
2557921,174,71,9262,2001,0.0,8262.0,-0.028201,-0.112349,PHL,ESP,850140
2557922,177,71,9262,2001,16814.0,489144.0,0.9474540000000001,1.8408220000000002,POL,ESP,850140
2557923,179,71,9262,2001,133417.0,94273.0,0.482048,1.662123,PRT,ESP,850140
2557924,185,71,9262,2001,961299.0,7697.0,0.326733,1.005332,ROU,ESP,850140
2557925,186,71,9262,2001,0.0,7008.0,0.945816,0.35027600000000003,RUS,ESP,850140
2557926,188,71,9262,2001,0.0,1908.0,0.5370550000000001,-0.793469,SAU,ESP,850140
2557927,189,71,9262,2001,0.0,47203.0,0.45280200000000004,2.469852,SCG,ESP,850140
2557928,192,71,9262,2001,0.0,558240.0,1.364239,0.721074,SGP,ESP,850140
2557929,206,71,9262,2001,7763722.0,854110.0,1.1732770000000001,1.088576,SVK,ESP,850140
2557930,207,71,9262,2001,3218.0,0.0,1.5074370000000001,1.1370040000000001,SVN,ESP,850140
2557931,208,71,9262,2001,151590.0,572876.0,2.156845,0.784439,SWE,ESP,850140
2557932,212,71,9262,2001,0.0,56309.0,-1.057217,-0.716331,SYR,ESP,850140
2557933,216,71,9262,2001,176413.0,0.0,0.37555900000000003,1.498267,THA,ESP,850140
2557934,223,71,9262,2001,0.0,5062.0,-0.162152,0.23939699999999997,TUN,ESP,850140
2557935,224,71,9262,2001,36666.0,21805.0,0.188773,1.91451,TUR,ESP,850140
2557936,228,71,9262,2001,0.0,1996.0,0.8376969999999999,0.989059,UKR,ESP,850140
2557937,230,71,9262,2001,0.0,10109.0,0.36029,0.298869,URY,ESP,850140
2557938,231,71,9262,2001,818087.0,40796.0,1.873674,0.168468,USA,ESP,850140
2557939,236,71,9262,2001,0.0,25101.0,0.261158,-0.7397,VEN,ESP,850140
2557940,239,71,9262,2001,0.0,1964.0,-0.6692130000000001,0.610992,VNM,ESP,850140
2557941,246,71,9262,2001,0.0,332483.0,0.356842,2.006155,ZAF,ESP,850140
2557942,249,71,9262,2001,164033.0,0.0,1.5731700000000002,1.353159,TWN,ESP,850140
2557943,14,74,9262,2001,0.0,223760.0,0.29463,0.772375,AUS,FIN,850140
2557944,15,74,9262,2001,9479.0,24275.0,1.8571650000000002,0.603191,AUT,FIN,850140
2557945,18,74,9262,2001,9467.0,5547.0,1.4328370000000001,1.408495,BEL,FIN,850140
2557946,32,74,9262,2001,0.0,10429.0,0.672496,1.051848,BRA,FIN,850140
2557947,39,74,9262,2001,0.0,65918.0,0.971827,1.105171,CAN,FIN,850140
2557948,41,74,9262,2001,248717.0,5197.0,2.227246,0.553956,CHE,FIN,850140
2557949,42,74,9262,2001,0.0,1154.0,-0.004658,-0.002548,CHL,FIN,850140
2557950,43,74,9262,2001,29136.0,3236.0,0.525171,3.092963,CHN,FIN,850140
2557951,61,74,9262,2001,1177834.0,135348.0,2.321375,-2.1110990000000003,DEU,FIN,850140
2557952,64,74,9262,2001,63715.0,6260.0,1.261883,1.351875,DNK,FIN,850140
2557953,71,74,9262,2001,19693.0,2481.0,1.079664,1.9842220000000002,ESP,FIN,850140
2557954,72,74,9262,2001,4639.0,65589.0,0.5746829999999999,0.9073899999999999,EST,FIN,850140
2557955,77,74,9262,2001,52815.0,2194.0,1.653507,0.797582,FRA,FIN,850140
2557956,81,74,9262,2001,690475.0,42391.0,1.976894,0.685435,GBR,FIN,850140
2557957,97,74,9262,2001,0.0,2108.0,0.521528,2.3025,HKG,FIN,850140
2557958,102,74,9262,2001,13700.0,0.0,1.102262,1.138016,HUN,FIN,850140
2557959,103,74,9262,2001,0.0,770.0,-0.167771,1.6587889999999998,IDN,FIN,850140
2557960,104,74,9262,2001,0.0,3158.0,0.349744,2.665844,IND,FIN,850140
2557961,106,74,9262,2001,0.0,1274.0,1.664233,0.129983,IRL,FIN,850140
2557962,111,74,9262,2001,247647.0,16149.0,1.389926,1.282143,ITA,FIN,850140
2557963,114,74,9262,2001,239740.0,0.0,2.585857,0.522663,JPN,FIN,850140
2557964,121,74,9262,2001,2966.0,16111.0,1.145797,1.0762399999999999,KOR,FIN,850140
2557965,130,74,9262,2001,964.0,9226.0,0.15706900000000001,0.416663,LTU,FIN,850140
2557966,132,74,9262,2001,0.0,43386.0,0.404136,0.461009,LVA,FIN,850140
2557967,138,74,9262,2001,8250.0,0.0,0.797058,0.713234,MEX,FIN,850140
2557968,147,74,9262,2001,0.0,847.0,-1.2364879999999998,-1.136715,MOZ,FIN,850140
2557969,153,74,9262,2001,30661.0,57125.0,0.768174,0.307033,MYS,FIN,850140
2557970,162,74,9262,2001,2073360.0,7058.0,1.315685,1.590935,NLD,FIN,850140
2557971,163,74,9262,2001,3031.0,19326.0,0.974814,0.06512000000000001,NOR,FIN,850140
2557972,166,74,9262,2001,0.0,11063.0,0.521409,0.683134,NZL,FIN,850140
2557973,177,74,9262,2001,1733.0,3198.0,0.9474540000000001,1.8408220000000002,POL,FIN,850140
2557974,185,74,9262,2001,0.0,1367.0,0.326733,1.005332,ROU,FIN,850140
2557975,186,74,9262,2001,0.0,124685.0,0.945816,0.35027600000000003,RUS,FIN,850140
2557976,192,74,9262,2001,2328.0,8047.0,1.364239,0.721074,SGP,FIN,850140
2557977,197,74,9262,2001,0.0,931.0,-0.181554,-0.031294,SLV,FIN,850140
2557978,206,74,9262,2001,20889.0,0.0,1.1732770000000001,1.088576,SVK,FIN,850140
2557979,207,74,9262,2001,84024.0,0.0,1.5074370000000001,1.1370040000000001,SVN,FIN,850140
2557980,208,74,9262,2001,579652.0,69415.0,2.156845,0.784439,SWE,FIN,850140
2557981,216,74,9262,2001,4459.0,0.0,0.37555900000000003,1.498267,THA,FIN,850140
2557982,219,74,9262,2001,0.0,13150.0,-1.24627,-1.2760209999999998,TKM,FIN,850140
2557983,231,74,9262,2001,22606.0,166598.0,1.873674,0.168468,USA,FIN,850140
2557984,249,74,9262,2001,9720.0,0.0,1.5731700000000002,1.353159,TWN,FIN,850140
2557985,2,77,9262,2001,0.0,16126.0,-1.523823,-1.214093,AGO,FRA,850140
2557986,7,77,9262,2001,0.0,188011.0,-0.193984,-0.457124,ARE,FRA,850140
2557987,8,77,9262,2001,0.0,12632.0,0.287698,0.547137,ARG,FRA,850140
2557988,14,77,9262,2001,32461.0,1063768.0,0.29463,0.772375,AUS,FRA,850140
2557989,15,77,9262,2001,604488.0,30578.0,1.8571650000000002,0.603191,AUT,FRA,850140
2557990,18,77,9262,2001,1013634.0,10199198.0,1.4328370000000001,1.408495,BEL,FRA,850140
2557991,19,77,9262,2001,0.0,3166.0,-1.09233,-0.8276969999999999,BEN,FRA,850140
2557992,21,77,9262,2001,0.0,6179.0,-0.291485,-0.20803000000000002,BFA,FRA,850140
2557993,22,77,9262,2001,0.0,947.0,-1.0406739999999999,-1.010108,BGD,FRA,850140
2557994,23,77,9262,2001,466596.0,0.0,0.41425100000000004,1.639866,BGR,FRA,850140
2557995,24,77,9262,2001,0.0,1583.0,-0.11008399999999999,-1.053611,BHR,FRA,850140
2557996,28,77,9262,2001,10728.0,0.0,0.804404,0.936773,BLR,FRA,850140
2557997,32,77,9262,2001,2868.0,173337.0,0.672496,1.051848,BRA,FRA,850140
2557998,35,77,9262,2001,4348.0,0.0,0.380727,-0.529766,BTN,FRA,850140
2557999,38,77,9262,2001,0.0,2079.0,-0.682897,-0.8083140000000001,CAF,FRA,850140
2558000,39,77,9262,2001,14743.0,264593.0,0.971827,1.105171,CAN,FRA,850140
2558001,41,77,9262,2001,652767.0,6403448.0,2.227246,0.553956,CHE,FRA,850140
2558002,42,77,9262,2001,0.0,53680.0,-0.004658,-0.002548,CHL,FRA,850140
2558003,43,77,9262,2001,529153.0,71973.0,0.525171,3.092963,CHN,FRA,850140
2558004,44,77,9262,2001,0.0,21509.0,-0.715949,-0.524428,CIV,FRA,850140
2558005,45,77,9262,2001,0.0,18544.0,-1.6254879999999998,-1.212513,CMR,FRA,850140
2558006,47,77,9262,2001,0.0,79748.0,-1.482788,-1.172,COG,FRA,850140
2558007,49,77,9262,2001,0.0,8026.0,0.30412,0.395913,COL,FRA,850140
2558008,50,77,9262,2001,0.0,12183.0,-0.24810700000000002,-0.832764,COM,FRA,850140
2558009,54,77,9262,2001,0.0,2937.0,-0.443391,-0.9599030000000001,CUB,FRA,850140
2558010,58,77,9262,2001,0.0,1026330.0,0.381251,0.257802,CYP,FRA,850140
2558011,59,77,9262,2001,40595.0,111925.0,1.485703,1.109305,CZE,FRA,850140
2558012,61,77,9262,2001,11799486.0,39694972.0,2.321375,-2.1110990000000003,DEU,FRA,850140
2558013,63,77,9262,2001,58801.0,0.0,0.613251,0.226998,DMA,FRA,850140
2558014,64,77,9262,2001,18076.0,19360.0,1.261883,1.351875,DNK,FRA,850140
2558015,65,77,9262,2001,0.0,3558.0,-0.538419,-0.48773900000000003,DOM,FRA,850140
2558016,66,77,9262,2001,0.0,73171.0,-0.663363,-1.158295,DZA,FRA,850140
2558017,67,77,9262,2001,0.0,1557.0,-0.852642,-0.896374,ECU,FRA,850140
2558018,68,77,9262,2001,10789.0,6971.0,-0.373576,0.366385,EGY,FRA,850140
2558019,71,77,9262,2001,987674.0,12201743.0,1.079664,1.9842220000000002,ESP,FRA,850140
2558020,73,77,9262,2001,34764.0,16778.0,-0.999149,-0.904072,ETH,FRA,850140
2558021,74,77,9262,2001,2194.0,52815.0,2.069141,0.9375180000000001,FIN,FRA,850140
2558022,80,77,9262,2001,0.0,4126.0,-1.063007,-1.181284,GAB,FRA,850140
2558023,81,77,9262,2001,1078883.0,6687326.0,1.976894,0.685435,GBR,FRA,850140
2558024,85,77,9262,2001,0.0,20867.0,-1.5380340000000001,-1.200083,GIN,FRA,850140
2558025,90,77,9262,2001,0.0,1564662.0,0.31387600000000004,1.3614600000000001,GRC,FRA,850140
2558026,93,77,9262,2001,0.0,871.0,-0.5089520000000001,0.216677,GTM,FRA,850140
2558027,97,77,9262,2001,105249.0,95977.0,0.521528,2.3025,HKG,FRA,850140
2558028,100,77,9262,2001,0.0,16903.0,0.544596,0.969535,HRV,FRA,850140
2558029,102,77,9262,2001,6293285.0,452959.0,1.102262,1.138016,HUN,FRA,850140
2558030,103,77,9262,2001,8878.0,1807.0,-0.167771,1.6587889999999998,IDN,FRA,850140
2558031,104,77,9262,2001,595813.0,200419.0,0.349744,2.665844,IND,FRA,850140
2558032,106,77,9262,2001,1068.0,1305.0,1.664233,0.129983,IRL,FRA,850140
2558033,107,77,9262,2001,0.0,389282.0,-0.7732479999999999,-0.8979370000000001,IRN,FRA,850140
2558034,109,77,9262,2001,0.0,10149.0,0.032382999999999995,-0.51054,ISL,FRA,850140
2558035,110,77,9262,2001,0.0,697311.0,1.374873,0.775594,ISR,FRA,850140
2558036,111,77,9262,2001,33862416.0,15117007.0,1.389926,1.282143,ITA,FRA,850140
2558037,113,77,9262,2001,0.0,16765.0,0.375134,0.581558,JOR,FRA,850140
2558038,114,77,9262,2001,18588930.0,3149332.0,2.585857,0.522663,JPN,FRA,850140
2558039,116,77,9262,2001,0.0,1029.0,-0.529388,0.092271,KEN,FRA,850140
2558040,121,77,9262,2001,139355.0,348473.0,1.145797,1.0762399999999999,KOR,FRA,850140
2558041,122,77,9262,2001,0.0,13461.0,-0.8197,-1.183758,KWT,FRA,850140
2558042,124,77,9262,2001,0.0,46437.0,0.165355,0.988008,LBN,FRA,850140
2558043,128,77,9262,2001,0.0,30758.0,-0.722434,-0.033818,LKA,FRA,850140
2558044,130,77,9262,2001,2301.0,4666.0,0.15706900000000001,0.416663,LTU,FRA,850140
2558045,131,77,9262,2001,4995.0,48386.0,1.470895,1.149007,LUX,FRA,850140
2558046,134,77,9262,2001,0.0,43490.0,-0.75275,-0.280397,MAR,FRA,850140
2558047,136,77,9262,2001,0.0,13958.0,-1.247531,-0.637093,MDG,FRA,850140
2558048,138,77,9262,2001,8693.0,1912.0,0.797058,0.713234,MEX,FRA,850140
2558049,148,77,9262,2001,0.0,11754.0,-1.187271,-1.240445,MRT,FRA,850140
2558050,151,77,9262,2001,2558.0,10192.0,-0.410422,-0.5868369999999999,MUS,FRA,850140
2558051,153,77,9262,2001,16763.0,10165.0,0.768174,0.307033,MYS,FRA,850140
2558052,154,77,9262,2001,0.0,3507.0,1.4633260000000001,-0.114532,MYT,FRA,850140
2558053,156,77,9262,2001,0.0,23478.0,-0.837087,-0.9207040000000001,NCL,FRA,850140
2558054,159,77,9262,2001,0.0,132522.0,-1.966439,-1.2724520000000001,NGA,FRA,850140
2558055,162,77,9262,2001,1480585.0,10088883.0,1.315685,1.590935,NLD,FRA,850140
2558056,163,77,9262,2001,0.0,1941.0,0.974814,0.06512000000000001,NOR,FRA,850140
2558057,166,77,9262,2001,0.0,13884.0,0.521409,0.683134,NZL,FRA,850140
2558058,173,77,9262,2001,0.0,1201.0,-0.345519,0.202623,PER,FRA,850140
2558059,177,77,9262,2001,7759.0,532508.0,0.9474540000000001,1.8408220000000002,POL,FRA,850140
2558060,179,77,9262,2001,5235.0,442594.0,0.482048,1.662123,PRT,FRA,850140
2558061,182,77,9262,2001,0.0,97233.0,-0.005456,-0.7210770000000001,PYF,FRA,850140
2558062,185,77,9262,2001,526951.0,5158.0,0.326733,1.005332,ROU,FRA,850140
2558063,186,77,9262,2001,16370.0,17828.0,0.945816,0.35027600000000003,RUS,FRA,850140
2558064,188,77,9262,2001,0.0,573300.0,0.5370550000000001,-0.793469,SAU,FRA,850140
2558065,189,77,9262,2001,0.0,1608.0,0.45280200000000004,2.469852,SCG,FRA,850140
2558066,191,77,9262,2001,0.0,2557.0,-0.437779,-0.436654,SEN,FRA,850140
2558067,192,77,9262,2001,85380.0,33862.0,1.364239,0.721074,SGP,FRA,850140
2558068,206,77,9262,2001,200494.0,129476.0,1.1732770000000001,1.088576,SVK,FRA,850140
2558069,207,77,9262,2001,934413.0,3084251.0,1.5074370000000001,1.1370040000000001,SVN,FRA,850140
2558070,208,77,9262,2001,75544.0,2980998.0,2.156845,0.784439,SWE,FRA,850140
2558071,212,77,9262,2001,0.0,67239.0,-1.057217,-0.716331,SYR,FRA,850140
2558072,215,77,9262,2001,0.0,7360.0,-0.758725,-0.577004,TGO,FRA,850140
2558073,216,77,9262,2001,8378.0,1732.0,0.37555900000000003,1.498267,THA,FRA,850140
2558074,222,77,9262,2001,0.0,9511.0,0.178256,-0.709126,TTO,FRA,850140
2558075,223,77,9262,2001,0.0,44717.0,-0.162152,0.23939699999999997,TUN,FRA,850140
2558076,224,77,9262,2001,7124.0,265362.0,0.188773,1.91451,TUR,FRA,850140
2558077,226,77,9262,2001,0.0,3190.0,-1.193991,-0.49282200000000004,TZA,FRA,850140
2558078,227,77,9262,2001,0.0,919.0,-0.9694860000000001,-0.840592,UGA,FRA,850140
2558079,228,77,9262,2001,0.0,31311.0,0.8376969999999999,0.989059,UKR,FRA,850140
2558080,230,77,9262,2001,0.0,10033.0,0.36029,0.298869,URY,FRA,850140
2558081,231,77,9262,2001,591329.0,11742293.0,1.873674,0.168468,USA,FRA,850140
2558082,236,77,9262,2001,0.0,18229.0,0.261158,-0.7397,VEN,FRA,850140
2558083,246,77,9262,2001,32827.0,58714.0,0.356842,2.006155,ZAF,FRA,850140
2558084,248,77,9262,2001,0.0,958.0,-0.6321829999999999,-0.453671,ZWE,FRA,850140
2558085,249,77,9262,2001,102052.0,5073.0,1.5731700000000002,1.353159,TWN,FRA,850140
2558086,250,77,9262,2001,1511.0,0.0,1.096023,-0.33562600000000004,ANS,FRA,850140
2558087,2,81,9262,2001,3508.0,0.0,-1.523823,-1.214093,AGO,GBR,850140
2558088,7,81,9262,2001,0.0,16068.0,-0.193984,-0.457124,ARE,GBR,850140
2558089,8,81,9262,2001,0.0,24530.0,0.287698,0.547137,ARG,GBR,850140
2558090,9,81,9262,2001,0.0,194.0,0.834168,0.21458000000000002,ARM,GBR,850140
2558091,14,81,9262,2001,29925.0,183756.0,0.29463,0.772375,AUS,GBR,850140
2558092,15,81,9262,2001,2802308.0,53136.0,1.8571650000000002,0.603191,AUT,GBR,850140
2558093,18,81,9262,2001,817077.0,46207.0,1.4328370000000001,1.408495,BEL,GBR,850140
2558094,22,81,9262,2001,0.0,1311.0,-1.0406739999999999,-1.010108,BGD,GBR,850140
2558095,23,81,9262,2001,3155.0,0.0,0.41425100000000004,1.639866,BGR,GBR,850140
2558096,24,81,9262,2001,0.0,2429.0,-0.11008399999999999,-1.053611,BHR,GBR,850140
2558097,32,81,9262,2001,56410.0,14699.0,0.672496,1.051848,BRA,GBR,850140
2558098,33,81,9262,2001,9733.0,2996.0,0.725546,0.172345,BRB,GBR,850140
2558099,34,81,9262,2001,0.0,8965.0,-0.8654209999999999,-0.930599,BRN,GBR,850140
2558100,39,81,9262,2001,26704.0,454554.0,0.971827,1.105171,CAN,GBR,850140
2558101,41,81,9262,2001,985305.0,28731.0,2.227246,0.553956,CHE,GBR,850140
2558102,42,81,9262,2001,0.0,9901.0,-0.004658,-0.002548,CHL,GBR,850140
2558103,43,81,9262,2001,1439061.0,10845.0,0.525171,3.092963,CHN,GBR,850140
2558104,58,81,9262,2001,0.0,9677.0,0.381251,0.257802,CYP,GBR,850140
2558105,59,81,9262,2001,497743.0,2639.0,1.485703,1.109305,CZE,GBR,850140
2558106,61,81,9262,2001,9454339.0,486539.0,2.321375,-2.1110990000000003,DEU,GBR,850140
2558107,64,81,9262,2001,279935.0,358904.0,1.261883,1.351875,DNK,GBR,850140
2558108,66,81,9262,2001,0.0,21218.0,-0.663363,-1.158295,DZA,GBR,850140
2558109,68,81,9262,2001,0.0,1825.0,-0.373576,0.366385,EGY,GBR,850140
2558110,69,81,9262,2001,0.0,4355.0,0.617376,-0.33233,ERI,GBR,850140
2558111,71,81,9262,2001,3212686.0,90642.0,1.079664,1.9842220000000002,ESP,GBR,850140
2558112,73,81,9262,2001,0.0,1638.0,-0.999149,-0.904072,ETH,GBR,850140
2558113,74,81,9262,2001,42391.0,690475.0,2.069141,0.9375180000000001,FIN,GBR,850140
2558114,75,81,9262,2001,0.0,2736.0,-0.954702,-0.602761,FJI,GBR,850140
2558115,77,81,9262,2001,6687326.0,1078883.0,1.653507,0.797582,FRA,GBR,850140
2558116,80,81,9262,2001,0.0,4931.0,-1.063007,-1.181284,GAB,GBR,850140
2558117,83,81,9262,2001,2434.0,23101.0,-0.961067,-0.780449,GHA,GBR,850140
2558118,84,81,9262,2001,0.0,1424.0,0.5955739999999999,-0.39100799999999997,GIB,GBR,850140
2558119,89,81,9262,2001,3866.0,0.0,-2.0882959999999997,-0.921539,GNQ,GBR,850140
2558120,90,81,9262,2001,21617.0,20021.0,0.31387600000000004,1.3614600000000001,GRC,GBR,850140
2558121,91,81,9262,2001,0.0,2905.0,-0.007888,-0.518167,GRD,GBR,850140
2558122,97,81,9262,2001,133434.0,19304.0,0.521528,2.3025,HKG,GBR,850140
2558123,100,81,9262,2001,0.0,1739.0,0.544596,0.969535,HRV,GBR,850140
2558124,102,81,9262,2001,103865.0,5417.0,1.102262,1.138016,HUN,GBR,850140
2558125,103,81,9262,2001,290768.0,28286.0,-0.167771,1.6587889999999998,IDN,GBR,850140
2558126,104,81,9262,2001,4430.0,12807.0,0.349744,2.665844,IND,GBR,850140
2558127,106,81,9262,2001,47798.0,692940.0,1.664233,0.129983,IRL,GBR,850140
2558128,107,81,9262,2001,0.0,5322.0,-0.7732479999999999,-0.8979370000000001,IRN,GBR,850140
2558129,109,81,9262,2001,4050.0,4801.0,0.032382999999999995,-0.51054,ISL,GBR,850140
2558130,110,81,9262,2001,854.0,8382.0,1.374873,0.775594,ISR,GBR,850140
2558131,111,81,9262,2001,13015064.0,200805.0,1.389926,1.282143,ITA,GBR,850140
2558132,112,81,9262,2001,0.0,4462.0,-0.541582,-0.837248,JAM,GBR,850140
2558133,113,81,9262,2001,0.0,15129.0,0.375134,0.581558,JOR,GBR,850140
2558134,114,81,9262,2001,16965938.0,21845.0,2.585857,0.522663,JPN,GBR,850140
2558135,116,81,9262,2001,0.0,11725.0,-0.529388,0.092271,KEN,GBR,850140
2558136,121,81,9262,2001,388810.0,35109.0,1.145797,1.0762399999999999,KOR,GBR,850140
2558137,122,81,9262,2001,0.0,20322.0,-0.8197,-1.183758,KWT,GBR,850140
2558138,124,81,9262,2001,0.0,5120.0,0.165355,0.988008,LBN,GBR,850140
2558139,126,81,9262,2001,0.0,1103.0,-0.9321459999999999,-1.198124,LBY,GBR,850140
2558140,127,81,9262,2001,0.0,27184.0,0.004518,-0.5326770000000001,LCA,GBR,850140
2558141,128,81,9262,2001,0.0,19286.0,-0.722434,-0.033818,LKA,GBR,850140
2558142,130,81,9262,2001,0.0,2267.0,0.15706900000000001,0.416663,LTU,GBR,850140
2558143,134,81,9262,2001,0.0,1583.0,-0.75275,-0.280397,MAR,GBR,850140
2558144,138,81,9262,2001,0.0,31473.0,0.797058,0.713234,MEX,GBR,850140
2558145,142,81,9262,2001,0.0,1025.0,1.065032,-0.065239,MLT,GBR,850140
2558146,151,81,9262,2001,0.0,5233.0,-0.410422,-0.5868369999999999,MUS,GBR,850140
2558147,152,81,9262,2001,0.0,616.0,-1.388716,-1.116315,MWI,GBR,850140
2558148,153,81,9262,2001,6631580.0,3204.0,0.768174,0.307033,MYS,GBR,850140
2558149,159,81,9262,2001,3065.0,12542.0,-1.966439,-1.2724520000000001,NGA,GBR,850140
2558150,160,81,9262,2001,0.0,10989.0,-0.8917430000000001,-0.713179,NIC,GBR,850140
2558151,162,81,9262,2001,936345.0,675791.0,1.315685,1.590935,NLD,GBR,850140
2558152,163,81,9262,2001,38326.0,6741.0,0.974814,0.06512000000000001,NOR,GBR,850140
2558153,166,81,9262,2001,29085.0,62788.0,0.521409,0.683134,NZL,GBR,850140
2558154,168,81,9262,2001,0.0,181564.0,-0.8376520000000001,-0.378743,PAK,GBR,850140
2558155,174,81,9262,2001,0.0,29875.0,-0.028201,-0.112349,PHL,GBR,850140
2558156,176,81,9262,2001,0.0,1456.0,-1.503929,-1.199463,PNG,GBR,850140
2558157,177,81,9262,2001,13600.0,140854.0,0.9474540000000001,1.8408220000000002,POL,GBR,850140
2558158,179,81,9262,2001,36124.0,9442.0,0.482048,1.662123,PRT,GBR,850140
2558159,183,81,9262,2001,0.0,7471.0,-0.46564799999999995,-1.127634,QAT,GBR,850140
2558160,185,81,9262,2001,1872781.0,2504.0,0.326733,1.005332,ROU,GBR,850140
2558161,186,81,9262,2001,0.0,54943.0,0.945816,0.35027600000000003,RUS,GBR,850140
2558162,188,81,9262,2001,0.0,2348.0,0.5370550000000001,-0.793469,SAU,GBR,850140
2558163,190,81,9262,2001,0.0,1010.0,-1.6325180000000001,-1.263267,SDN,GBR,850140
2558164,192,81,9262,2001,16726.0,40261.0,1.364239,0.721074,SGP,GBR,850140
2558165,197,81,9262,2001,0.0,1188.0,-0.181554,-0.031294,SLV,GBR,850140
2558166,206,81,9262,2001,86162.0,18736.0,1.1732770000000001,1.088576,SVK,GBR,850140
2558167,207,81,9262,2001,363780.0,9653.0,1.5074370000000001,1.1370040000000001,SVN,GBR,850140
2558168,208,81,9262,2001,1368878.0,553714.0,2.156845,0.784439,SWE,GBR,850140
2558169,216,81,9262,2001,2668.0,2337.0,0.37555900000000003,1.498267,THA,GBR,850140
2558170,222,81,9262,2001,0.0,78624.0,0.178256,-0.709126,TTO,GBR,850140
2558171,224,81,9262,2001,19518.0,4198.0,0.188773,1.91451,TUR,GBR,850140
2558172,227,81,9262,2001,0.0,3229.0,-0.9694860000000001,-0.840592,UGA,GBR,850140
2558173,228,81,9262,2001,0.0,8248.0,0.8376969999999999,0.989059,UKR,GBR,850140
2558174,230,81,9262,2001,0.0,1095.0,0.36029,0.298869,URY,GBR,850140
2558175,231,81,9262,2001,3096720.0,4701951.0,1.873674,0.168468,USA,GBR,850140
2558176,236,81,9262,2001,0.0,4759.0,0.261158,-0.7397,VEN,GBR,850140
2558177,239,81,9262,2001,176341.0,14402.0,-0.6692130000000001,0.610992,VNM,GBR,850140
2558178,246,81,9262,2001,11462.0,44234.0,0.356842,2.006155,ZAF,GBR,850140
2558179,247,81,9262,2001,0.0,988.0,-0.731193,-0.706978,ZMB,GBR,850140
2558180,248,81,9262,2001,0.0,9789.0,-0.6321829999999999,-0.453671,ZWE,GBR,850140
2558181,249,81,9262,2001,179218.0,401651.0,1.5731700000000002,1.353159,TWN,GBR,850140
2558182,4,90,9262,2001,0.0,1046.0,-0.054125,0.104298,ALB,GRC,850140
2558183,18,90,9262,2001,11762.0,0.0,1.4328370000000001,1.408495,BEL,GRC,850140
2558184,23,90,9262,2001,0.0,111634.0,0.41425100000000004,1.639866,BGR,GRC,850140
2558185,39,90,9262,2001,2190.0,0.0,0.971827,1.105171,CAN,GRC,850140
2558186,41,90,9262,2001,27320.0,0.0,2.227246,0.553956,CHE,GRC,850140
2558187,43,90,9262,2001,295988.0,0.0,0.525171,3.092963,CHN,GRC,850140
2558188,58,90,9262,2001,0.0,17089.0,0.381251,0.257802,CYP,GRC,850140
2558189,59,90,9262,2001,275859.0,0.0,1.485703,1.109305,CZE,GRC,850140
2558190,61,90,9262,2001,1415709.0,0.0,2.321375,-2.1110990000000003,DEU,GRC,850140
2558191,64,90,9262,2001,9631.0,0.0,1.261883,1.351875,DNK,GRC,850140
2558192,69,90,9262,2001,0.0,5050.0,0.617376,-0.33233,ERI,GRC,850140
2558193,71,90,9262,2001,11742.0,57344.0,1.079664,1.9842220000000002,ESP,GRC,850140
2558194,77,90,9262,2001,1564662.0,0.0,1.653507,0.797582,FRA,GRC,850140
2558195,81,90,9262,2001,20021.0,21617.0,1.976894,0.685435,GBR,GRC,850140
2558196,97,90,9262,2001,22581.0,0.0,0.521528,2.3025,HKG,GRC,850140
2558197,111,90,9262,2001,2080827.0,0.0,1.389926,1.282143,ITA,GRC,850140
2558198,114,90,9262,2001,87847.0,0.0,2.585857,0.522663,JPN,GRC,850140
2558199,121,90,9262,2001,755078.0,0.0,1.145797,1.0762399999999999,KOR,GRC,850140
2558200,140,90,9262,2001,0.0,12542.0,0.033097,0.43516499999999997,MKD,GRC,850140
2558201,142,90,9262,2001,0.0,1214.0,1.065032,-0.065239,MLT,GRC,850140
2558202,162,90,9262,2001,22379.0,0.0,1.315685,1.590935,NLD,GRC,850140
2558203,185,90,9262,2001,87325.0,33561.0,0.326733,1.005332,ROU,GRC,850140
2558204,189,90,9262,2001,0.0,5724.0,0.45280200000000004,2.469852,SCG,GRC,850140
2558205,207,90,9262,2001,5980.0,0.0,1.5074370000000001,1.1370040000000001,SVN,GRC,850140
2558206,208,90,9262,2001,1237.0,0.0,2.156845,0.784439,SWE,GRC,850140
2558207,216,90,9262,2001,6276.0,0.0,0.37555900000000003,1.498267,THA,GRC,850140
2558208,224,90,9262,2001,79726.0,0.0,0.188773,1.91451,TUR,GRC,850140
2558209,231,90,9262,2001,372081.0,3321.0,1.873674,0.168468,USA,GRC,850140
2558210,249,90,9262,2001,110438.0,0.0,1.5731700000000002,1.353159,TWN,GRC,850140
2558211,8,93,9262,2001,1470.0,0.0,0.287698,0.547137,ARG,GTM,850140
2558212,15,93,9262,2001,1055.0,0.0,1.8571650000000002,0.603191,AUT,GTM,850140
2558213,32,93,9262,2001,67630.0,0.0,0.672496,1.051848,BRA,GTM,850140
2558214,43,93,9262,2001,14499.0,0.0,0.525171,3.092963,CHN,GTM,850140
2558215,52,93,9262,2001,1365.0,0.0,0.069458,-0.042793,CRI,GTM,850140
2558216,61,93,9262,2001,20872.0,0.0,2.321375,-2.1110990000000003,DEU,GTM,850140
2558217,71,93,9262,2001,1756.0,74086.0,1.079664,1.9842220000000002,ESP,GTM,850140
2558218,77,93,9262,2001,871.0,0.0,1.653507,0.797582,FRA,GTM,850140
2558219,99,93,9262,2001,1889.0,4352.0,-0.8003060000000001,-0.602097,HND,GTM,850140
2558220,111,93,9262,2001,21387.0,0.0,1.389926,1.282143,ITA,GTM,850140
2558221,114,93,9262,2001,35600.0,0.0,2.585857,0.522663,JPN,GTM,850140
2558222,121,93,9262,2001,2666.0,0.0,1.145797,1.0762399999999999,KOR,GTM,850140
2558223,138,93,9262,2001,28691.0,0.0,0.797058,0.713234,MEX,GTM,850140
2558224,160,93,9262,2001,0.0,20335.0,-0.8917430000000001,-0.713179,NIC,GTM,850140
2558225,162,93,9262,2001,1385.0,0.0,1.315685,1.590935,NLD,GTM,850140
2558226,178,93,9262,2001,3302.0,0.0,0.62773,1.010888,PRK,GTM,850140
2558227,197,93,9262,2001,0.0,24398.0,-0.181554,-0.031294,SLV,GTM,850140
2558228,231,93,9262,2001,254629.0,1004.0,1.873674,0.168468,USA,GTM,850140
2558229,236,93,9262,2001,0.0,27574.0,0.261158,-0.7397,VEN,GTM,850140
2558230,249,93,9262,2001,17311.0,0.0,1.5731700000000002,1.353159,TWN,GTM,850140
2558231,121,96,9262,2001,1186.0,0.0,1.145797,1.0762399999999999,KOR,GUY,850140
2558232,222,96,9262,2001,2194.0,0.0,0.178256,-0.709126,TTO,GUY,850140
2558233,231,96,9262,2001,18130.0,4487.0,1.873674,0.168468,USA,GUY,850140
2558234,7,97,9262,2001,0.0,44595.0,-0.193984,-0.457124,ARE,HKG,850140
2558235,8,97,9262,2001,0.0,62625.0,0.287698,0.547137,ARG,HKG,850140
2558236,14,97,9262,2001,16803.0,54108.0,0.29463,0.772375,AUS,HKG,850140
2558237,15,97,9262,2001,0.0,18573.0,1.8571650000000002,0.603191,AUT,HKG,850140
2558238,18,97,9262,2001,36698.0,189950.0,1.4328370000000001,1.408495,BEL,HKG,850140
2558239,22,97,9262,2001,0.0,36721.0,-1.0406739999999999,-1.010108,BGD,HKG,850140
2558240,32,97,9262,2001,0.0,441193.0,0.672496,1.051848,BRA,HKG,850140
2558241,39,97,9262,2001,22570.0,24396.0,0.971827,1.105171,CAN,HKG,850140
2558242,41,97,9262,2001,17753.0,17678.0,2.227246,0.553956,CHE,HKG,850140
2558243,42,97,9262,2001,0.0,12076.0,-0.004658,-0.002548,CHL,HKG,850140
2558244,43,97,9262,2001,31079486.0,6902808.0,0.525171,3.092963,CHN,HKG,850140
2558245,49,97,9262,2001,0.0,93990.0,0.30412,0.395913,COL,HKG,850140
2558246,59,97,9262,2001,0.0,72407.0,1.485703,1.109305,CZE,HKG,850140
2558247,61,97,9262,2001,478738.0,115352.0,2.321375,-2.1110990000000003,DEU,HKG,850140
2558248,64,97,9262,2001,1206.0,0.0,1.261883,1.351875,DNK,HKG,850140
2558249,65,97,9262,2001,0.0,112566.0,-0.538419,-0.48773900000000003,DOM,HKG,850140
2558250,67,97,9262,2001,0.0,77804.0,-0.852642,-0.896374,ECU,HKG,850140
2558251,68,97,9262,2001,0.0,461303.0,-0.373576,0.366385,EGY,HKG,850140
2558252,71,97,9262,2001,11256.0,697291.0,1.079664,1.9842220000000002,ESP,HKG,850140
2558253,74,97,9262,2001,2108.0,0.0,2.069141,0.9375180000000001,FIN,HKG,850140
2558254,75,97,9262,2001,0.0,2105.0,-0.954702,-0.602761,FJI,HKG,850140
2558255,77,97,9262,2001,95977.0,105249.0,1.653507,0.797582,FRA,HKG,850140
2558256,81,97,9262,2001,19304.0,133434.0,1.976894,0.685435,GBR,HKG,850140
2558257,90,97,9262,2001,0.0,22581.0,0.31387600000000004,1.3614600000000001,GRC,HKG,850140
2558258,99,97,9262,2001,0.0,11281.0,-0.8003060000000001,-0.602097,HND,HKG,850140
2558259,102,97,9262,2001,0.0,207294.0,1.102262,1.138016,HUN,HKG,850140
2558260,103,97,9262,2001,0.0,100345.0,-0.167771,1.6587889999999998,IDN,HKG,850140
2558261,104,97,9262,2001,238658.0,277723.0,0.349744,2.665844,IND,HKG,850140
2558262,106,97,9262,2001,4573.0,0.0,1.664233,0.129983,IRL,HKG,850140
2558263,107,97,9262,2001,0.0,73043.0,-0.7732479999999999,-0.8979370000000001,IRN,HKG,850140
2558264,110,97,9262,2001,1160.0,1305588.0,1.374873,0.775594,ISR,HKG,850140
2558265,111,97,9262,2001,505083.0,4415.0,1.389926,1.282143,ITA,HKG,850140
2558266,112,97,9262,2001,0.0,3695.0,-0.541582,-0.837248,JAM,HKG,850140
2558267,113,97,9262,2001,0.0,40444.0,0.375134,0.581558,JOR,HKG,850140
2558268,114,97,9262,2001,5473862.0,476819.0,2.585857,0.522663,JPN,HKG,850140
2558269,121,97,9262,2001,570823.0,818266.0,1.145797,1.0762399999999999,KOR,HKG,850140
2558270,124,97,9262,2001,0.0,26358.0,0.165355,0.988008,LBN,HKG,850140
2558271,128,97,9262,2001,0.0,25116.0,-0.722434,-0.033818,LKA,HKG,850140
2558272,133,97,9262,2001,3229.0,24198.0,-0.608406,-0.521662,MAC,HKG,850140
2558273,134,97,9262,2001,0.0,84120.0,-0.75275,-0.280397,MAR,HKG,850140
2558274,136,97,9262,2001,0.0,34993.0,-1.247531,-0.637093,MDG,HKG,850140
2558275,138,97,9262,2001,0.0,385693.0,0.797058,0.713234,MEX,HKG,850140
2558276,143,97,9262,2001,0.0,9988.0,-1.5627,-1.150854,MMR,HKG,850140
2558277,145,97,9262,2001,0.0,908.0,-0.691001,-0.9284180000000001,MNG,HKG,850140
2558278,151,97,9262,2001,0.0,5425.0,-0.410422,-0.5868369999999999,MUS,HKG,850140
2558279,153,97,9262,2001,970913.0,4519249.0,0.768174,0.307033,MYS,HKG,850140
2558280,159,97,9262,2001,0.0,342855.0,-1.966439,-1.2724520000000001,NGA,HKG,850140
2558281,162,97,9262,2001,8385.0,43092.0,1.315685,1.590935,NLD,HKG,850140
2558282,163,97,9262,2001,0.0,318748.0,0.974814,0.06512000000000001,NOR,HKG,850140
2558283,166,97,9262,2001,2033.0,316584.0,0.521409,0.683134,NZL,HKG,850140
2558284,167,97,9262,2001,0.0,1984.0,-0.909329,-1.189698,OMN,HKG,850140
2558285,168,97,9262,2001,0.0,88756.0,-0.8376520000000001,-0.378743,PAK,HKG,850140
2558286,169,97,9262,2001,0.0,10753.0,0.17588199999999998,0.422505,PAN,HKG,850140
2558287,173,97,9262,2001,0.0,16852.0,-0.345519,0.202623,PER,HKG,850140
2558288,174,97,9262,2001,196463.0,2096884.0,-0.028201,-0.112349,PHL,HKG,850140
2558289,178,97,9262,2001,0.0,15466.0,0.62773,1.010888,PRK,HKG,850140
2558290,179,97,9262,2001,0.0,123601.0,0.482048,1.662123,PRT,HKG,850140
2558291,180,97,9262,2001,0.0,106421.0,-0.68893,-0.9326690000000001,PRY,HKG,850140
2558292,185,97,9262,2001,0.0,852.0,0.326733,1.005332,ROU,HKG,850140
2558293,186,97,9262,2001,0.0,30955.0,0.945816,0.35027600000000003,RUS,HKG,850140
2558294,188,97,9262,2001,0.0,1137.0,0.5370550000000001,-0.793469,SAU,HKG,850140
2558295,192,97,9262,2001,1274977.0,843210.0,1.364239,0.721074,SGP,HKG,850140
2558296,197,97,9262,2001,0.0,14566.0,-0.181554,-0.031294,SLV,HKG,850140
2558297,207,97,9262,2001,843.0,0.0,1.5074370000000001,1.1370040000000001,SVN,HKG,850140
2558298,208,97,9262,2001,11695.0,105221.0,2.156845,0.784439,SWE,HKG,850140
2558299,212,97,9262,2001,0.0,17481.0,-1.057217,-0.716331,SYR,HKG,850140
2558300,216,97,9262,2001,1143139.0,396165.0,0.37555900000000003,1.498267,THA,HKG,850140
2558301,222,97,9262,2001,0.0,1147.0,0.178256,-0.709126,TTO,HKG,850140
2558302,223,97,9262,2001,0.0,59786.0,-0.162152,0.23939699999999997,TUN,HKG,850140
2558303,224,97,9262,2001,0.0,105363.0,0.188773,1.91451,TUR,HKG,850140
2558304,229,97,9262,2001,0.0,1375.0,-0.13935799999999998,-0.421795,UMI,HKG,850140
2558305,230,97,9262,2001,0.0,26004.0,0.36029,0.298869,URY,HKG,850140
2558306,231,97,9262,2001,1078904.0,2617526.0,1.873674,0.168468,USA,HKG,850140
2558307,236,97,9262,2001,0.0,39599.0,0.261158,-0.7397,VEN,HKG,850140
2558308,239,97,9262,2001,7691.0,95795.0,-0.6692130000000001,0.610992,VNM,HKG,850140
2558309,246,97,9262,2001,6025.0,8611.0,0.356842,2.006155,ZAF,HKG,850140
2558310,248,97,9262,2001,0.0,1594.0,-0.6321829999999999,-0.453671,ZWE,HKG,850140
2558311,249,97,9262,2001,8056080.0,631661.0,1.5731700000000002,1.353159,TWN,HKG,850140
2558312,7,103,9262,2001,0.0,68041.0,-0.193984,-0.457124,ARE,IDN,850140
2558313,14,103,9262,2001,14964.0,8709.0,0.29463,0.772375,AUS,IDN,850140
2558314,15,103,9262,2001,2066.0,0.0,1.8571650000000002,0.603191,AUT,IDN,850140
2558315,18,103,9262,2001,1424.0,0.0,1.4328370000000001,1.408495,BEL,IDN,850140
2558316,39,103,9262,2001,16905.0,0.0,0.971827,1.105171,CAN,IDN,850140
2558317,41,103,9262,2001,3077.0,0.0,2.227246,0.553956,CHE,IDN,850140
2558318,43,103,9262,2001,3223746.0,54361.0,0.525171,3.092963,CHN,IDN,850140
2558319,59,103,9262,2001,2222.0,0.0,1.485703,1.109305,CZE,IDN,850140
2558320,61,103,9262,2001,24094.0,0.0,2.321375,-2.1110990000000003,DEU,IDN,850140
2558321,64,103,9262,2001,4277.0,0.0,1.261883,1.351875,DNK,IDN,850140
2558322,68,103,9262,2001,0.0,8790.0,-0.373576,0.366385,EGY,IDN,850140
2558323,74,103,9262,2001,770.0,0.0,2.069141,0.9375180000000001,FIN,IDN,850140
2558324,77,103,9262,2001,1807.0,8878.0,1.653507,0.797582,FRA,IDN,850140
2558325,81,103,9262,2001,28286.0,290768.0,1.976894,0.685435,GBR,IDN,850140
2558326,97,103,9262,2001,100345.0,0.0,0.521528,2.3025,HKG,IDN,850140
2558327,104,103,9262,2001,0.0,16026.0,0.349744,2.665844,IND,IDN,850140
2558328,111,103,9262,2001,23913.0,6634.0,1.389926,1.282143,ITA,IDN,850140
2558329,114,103,9262,2001,365834.0,1595457.0,2.585857,0.522663,JPN,IDN,850140
2558330,121,103,9262,2001,13704.0,8924.0,1.145797,1.0762399999999999,KOR,IDN,850140
2558331,153,103,9262,2001,178182.0,309511.0,0.768174,0.307033,MYS,IDN,850140
2558332,174,103,9262,2001,15894.0,9700.0,-0.028201,-0.112349,PHL,IDN,850140
2558333,192,103,9262,2001,451344.0,26461094.0,1.364239,0.721074,SGP,IDN,850140
2558334,193,103,9262,2001,0.0,3993.0,2.301104,-0.772378,SGS,IDN,850140
2558335,208,103,9262,2001,0.0,156353.0,2.156845,0.784439,SWE,IDN,850140
2558336,216,103,9262,2001,12723.0,187803.0,0.37555900000000003,1.498267,THA,IDN,850140
2558337,231,103,9262,2001,105656.0,29760.0,1.873674,0.168468,USA,IDN,850140
2558338,239,103,9262,2001,15026.0,18694.0,-0.6692130000000001,0.610992,VNM,IDN,850140
2558339,249,103,9262,2001,720930.0,10745.0,1.5731700000000002,1.353159,TWN,IDN,850140
2558340,7,107,9262,2001,2730174.0,0.0,-0.193984,-0.457124,ARE,IRN,850140
2558341,16,107,9262,2001,19340.0,0.0,-0.6731090000000001,-1.037922,AZE,IRN,850140
2558342,32,107,9262,2001,558814.0,0.0,0.672496,1.051848,BRA,IRN,850140
2558343,39,107,9262,2001,8504.0,0.0,0.971827,1.105171,CAN,IRN,850140
2558344,41,107,9262,2001,31277.0,0.0,2.227246,0.553956,CHE,IRN,850140
2558345,43,107,9262,2001,1879241.0,0.0,0.525171,3.092963,CHN,IRN,850140
2558346,58,107,9262,2001,63230.0,0.0,0.381251,0.257802,CYP,IRN,850140
2558347,59,107,9262,2001,28111.0,0.0,1.485703,1.109305,CZE,IRN,850140
2558348,61,107,9262,2001,169348.0,15698.0,2.321375,-2.1110990000000003,DEU,IRN,850140
2558349,64,107,9262,2001,2321.0,0.0,1.261883,1.351875,DNK,IRN,850140
2558350,71,107,9262,2001,591344.0,0.0,1.079664,1.9842220000000002,ESP,IRN,850140
2558351,77,107,9262,2001,389282.0,0.0,1.653507,0.797582,FRA,IRN,850140
2558352,81,107,9262,2001,5322.0,0.0,1.976894,0.685435,GBR,IRN,850140
2558353,97,107,9262,2001,73043.0,0.0,0.521528,2.3025,HKG,IRN,850140
2558354,104,107,9262,2001,174208.0,0.0,0.349744,2.665844,IND,IRN,850140
2558355,108,107,9262,2001,145428.0,0.0,-1.115465,-0.883028,IRQ,IRN,850140
2558356,111,107,9262,2001,1330726.0,0.0,1.389926,1.282143,ITA,IRN,850140
2558357,113,107,9262,2001,0.0,2216.0,0.375134,0.581558,JOR,IRN,850140
2558358,114,107,9262,2001,960641.0,0.0,2.585857,0.522663,JPN,IRN,850140
2558359,121,107,9262,2001,98192.0,0.0,1.145797,1.0762399999999999,KOR,IRN,850140
2558360,131,107,9262,2001,2724.0,0.0,1.470895,1.149007,LUX,IRN,850140
2558361,162,107,9262,2001,39261.0,0.0,1.315685,1.590935,NLD,IRN,850140
2558362,192,107,9262,2001,172976.0,0.0,1.364239,0.721074,SGP,IRN,850140
2558363,207,107,9262,2001,116182.0,0.0,1.5074370000000001,1.1370040000000001,SVN,IRN,850140
2558364,208,107,9262,2001,1762.0,0.0,2.156845,0.784439,SWE,IRN,850140
2558365,216,107,9262,2001,56064.0,0.0,0.37555900000000003,1.498267,THA,IRN,850140
2558366,224,107,9262,2001,105106.0,0.0,0.188773,1.91451,TUR,IRN,850140
2558367,231,107,9262,2001,19387.0,0.0,1.873674,0.168468,USA,IRN,850140
2558368,249,107,9262,2001,50565.0,0.0,1.5731700000000002,1.353159,TWN,IRN,850140
2558369,250,107,9262,2001,102184.0,0.0,1.096023,-0.33562600000000004,ANS,IRN,850140
2558370,14,110,9262,2001,0.0,4664.0,0.29463,0.772375,AUS,ISR,850140
2558371,15,110,9262,2001,89848.0,2057.0,1.8571650000000002,0.603191,AUT,ISR,850140
2558372,18,110,9262,2001,12535.0,13452.0,1.4328370000000001,1.408495,BEL,ISR,850140
2558373,39,110,9262,2001,0.0,3557.0,0.971827,1.105171,CAN,ISR,850140
2558374,41,110,9262,2001,74877.0,1087.0,2.227246,0.553956,CHE,ISR,850140
2558375,43,110,9262,2001,2421153.0,1669.0,0.525171,3.092963,CHN,ISR,850140
2558376,59,110,9262,2001,5258.0,0.0,1.485703,1.109305,CZE,ISR,850140
2558377,61,110,9262,2001,1086125.0,33388.0,2.321375,-2.1110990000000003,DEU,ISR,850140
2558378,64,110,9262,2001,38742.0,0.0,1.261883,1.351875,DNK,ISR,850140
2558379,71,110,9262,2001,10743.0,0.0,1.079664,1.9842220000000002,ESP,ISR,850140
2558380,77,110,9262,2001,697311.0,0.0,1.653507,0.797582,FRA,ISR,850140
2558381,81,110,9262,2001,8382.0,854.0,1.976894,0.685435,GBR,ISR,850140
2558382,82,110,9262,2001,0.0,44549.0,0.585568,-0.047744999999999996,GEO,ISR,850140
2558383,97,110,9262,2001,1305588.0,1160.0,0.521528,2.3025,HKG,ISR,850140
2558384,104,110,9262,2001,1521.0,0.0,0.349744,2.665844,IND,ISR,850140
2558385,106,110,9262,2001,0.0,6831.0,1.664233,0.129983,IRL,ISR,850140
2558386,111,110,9262,2001,478372.0,311340.0,1.389926,1.282143,ITA,ISR,850140
2558387,114,110,9262,2001,46244.0,3063.0,2.585857,0.522663,JPN,ISR,850140
2558388,115,110,9262,2001,0.0,23415.0,0.009714,-0.525899,KAZ,ISR,850140
2558389,121,110,9262,2001,520288.0,0.0,1.145797,1.0762399999999999,KOR,ISR,850140
2558390,138,110,9262,2001,0.0,1318.0,0.797058,0.713234,MEX,ISR,850140
2558391,140,110,9262,2001,0.0,1553.0,0.033097,0.43516499999999997,MKD,ISR,850140
2558392,153,110,9262,2001,1608.0,0.0,0.768174,0.307033,MYS,ISR,850140
2558393,162,110,9262,2001,21838.0,8070.0,1.315685,1.590935,NLD,ISR,850140
2558394,177,110,9262,2001,25363.0,0.0,0.9474540000000001,1.8408220000000002,POL,ISR,850140
2558395,179,110,9262,2001,1458.0,0.0,0.482048,1.662123,PRT,ISR,850140
2558396,185,110,9262,2001,1677.0,0.0,0.326733,1.005332,ROU,ISR,850140
2558397,186,110,9262,2001,0.0,72958.0,0.945816,0.35027600000000003,RUS,ISR,850140
2558398,192,110,9262,2001,0.0,6194.0,1.364239,0.721074,SGP,ISR,850140
2558399,207,110,9262,2001,2534.0,0.0,1.5074370000000001,1.1370040000000001,SVN,ISR,850140
2558400,208,110,9262,2001,12994.0,2130.0,2.156845,0.784439,SWE,ISR,850140
2558401,216,110,9262,2001,1812.0,0.0,0.37555900000000003,1.498267,THA,ISR,850140
2558402,224,110,9262,2001,3714.0,1516.0,0.188773,1.91451,TUR,ISR,850140
2558403,226,110,9262,2001,0.0,76885.0,-1.193991,-0.49282200000000004,TZA,ISR,850140
2558404,231,110,9262,2001,521740.0,155956.0,1.873674,0.168468,USA,ISR,850140
2558405,246,110,9262,2001,1221.0,14895.0,0.356842,2.006155,ZAF,ISR,850140
2558406,249,110,9262,2001,41452.0,3850.0,1.5731700000000002,1.353159,TWN,ISR,850140
2558407,4,111,9262,2001,0.0,82591.0,-0.054125,0.104298,ALB,ITA,850140
2558408,7,111,9262,2001,0.0,714872.0,-0.193984,-0.457124,ARE,ITA,850140
2558409,8,111,9262,2001,31863.0,570976.0,0.287698,0.547137,ARG,ITA,850140
2558410,14,111,9262,2001,1758.0,501051.0,0.29463,0.772375,AUS,ITA,850140
2558411,15,111,9262,2001,2594450.0,1752158.0,1.8571650000000002,0.603191,AUT,ITA,850140
2558412,18,111,9262,2001,396304.0,6129692.0,1.4328370000000001,1.408495,BEL,ITA,850140
2558413,21,111,9262,2001,0.0,3230.0,-0.291485,-0.20803000000000002,BFA,ITA,850140
2558414,22,111,9262,2001,0.0,10512.0,-1.0406739999999999,-1.010108,BGD,ITA,850140
2558415,23,111,9262,2001,39811.0,43270.0,0.41425100000000004,1.639866,BGR,ITA,850140
2558416,24,111,9262,2001,0.0,6538.0,-0.11008399999999999,-1.053611,BHR,ITA,850140
2558417,26,111,9262,2001,0.0,2385.0,0.238083,0.362643,BIH,ITA,850140
2558418,28,111,9262,2001,0.0,14876.0,0.804404,0.936773,BLR,ITA,850140
2558419,31,111,9262,2001,0.0,3492.0,-0.680108,-0.678143,BOL,ITA,850140
2558420,32,111,9262,2001,5789.0,744632.0,0.672496,1.051848,BRA,ITA,850140
2558421,33,111,9262,2001,0.0,832.0,0.725546,0.172345,BRB,ITA,850140
2558422,39,111,9262,2001,20925.0,1525991.0,0.971827,1.105171,CAN,ITA,850140
2558423,41,111,9262,2001,311768.0,1492269.0,2.227246,0.553956,CHE,ITA,850140
2558424,42,111,9262,2001,0.0,109529.0,-0.004658,-0.002548,CHL,ITA,850140
2558425,43,111,9262,2001,1783244.0,2132406.0,0.525171,3.092963,CHN,ITA,850140
2558426,44,111,9262,2001,0.0,1894.0,-0.715949,-0.524428,CIV,ITA,850140
2558427,45,111,9262,2001,0.0,1602.0,-1.6254879999999998,-1.212513,CMR,ITA,850140
2558428,47,111,9262,2001,0.0,1480.0,-1.482788,-1.172,COG,ITA,850140
2558429,49,111,9262,2001,0.0,75816.0,0.30412,0.395913,COL,ITA,850140
2558430,51,111,9262,2001,0.0,33738.0,0.063802,-0.456617,CPV,ITA,850140
2558431,52,111,9262,2001,0.0,2890.0,0.069458,-0.042793,CRI,ITA,850140
2558432,54,111,9262,2001,0.0,1970.0,-0.443391,-0.9599030000000001,CUB,ITA,850140
2558433,58,111,9262,2001,0.0,286936.0,0.381251,0.257802,CYP,ITA,850140
2558434,59,111,9262,2001,5468292.0,500114.0,1.485703,1.109305,CZE,ITA,850140
2558435,61,111,9262,2001,13900304.0,53247316.0,2.321375,-2.1110990000000003,DEU,ITA,850140
2558436,64,111,9262,2001,134800.0,1784500.0,1.261883,1.351875,DNK,ITA,850140
2558437,65,111,9262,2001,0.0,137520.0,-0.538419,-0.48773900000000003,DOM,ITA,850140
2558438,66,111,9262,2001,0.0,38272.0,-0.663363,-1.158295,DZA,ITA,850140
2558439,67,111,9262,2001,0.0,10515.0,-0.852642,-0.896374,ECU,ITA,850140
2558440,68,111,9262,2001,0.0,1157437.0,-0.373576,0.366385,EGY,ITA,850140
2558441,69,111,9262,2001,0.0,20684.0,0.617376,-0.33233,ERI,ITA,850140
2558442,71,111,9262,2001,5845028.0,26065692.0,1.079664,1.9842220000000002,ESP,ITA,850140
2558443,72,111,9262,2001,1049.0,26139.0,0.5746829999999999,0.9073899999999999,EST,ITA,850140
2558444,73,111,9262,2001,0.0,2297.0,-0.999149,-0.904072,ETH,ITA,850140
2558445,74,111,9262,2001,16149.0,247647.0,2.069141,0.9375180000000001,FIN,ITA,850140
2558446,77,111,9262,2001,15117007.0,33862416.0,1.653507,0.797582,FRA,ITA,850140
2558447,80,111,9262,2001,0.0,1473.0,-1.063007,-1.181284,GAB,ITA,850140
2558448,81,111,9262,2001,200805.0,13015064.0,1.976894,0.685435,GBR,ITA,850140
2558449,83,111,9262,2001,0.0,15284.0,-0.961067,-0.780449,GHA,ITA,850140
2558450,85,111,9262,2001,0.0,1583.0,-1.5380340000000001,-1.200083,GIN,ITA,850140
2558451,90,111,9262,2001,0.0,2080827.0,0.31387600000000004,1.3614600000000001,GRC,ITA,850140
2558452,93,111,9262,2001,0.0,21387.0,-0.5089520000000001,0.216677,GTM,ITA,850140
2558453,97,111,9262,2001,4415.0,505083.0,0.521528,2.3025,HKG,ITA,850140
2558454,100,111,9262,2001,39683.0,115923.0,0.544596,0.969535,HRV,ITA,850140
2558455,102,111,9262,2001,7702207.0,168571.0,1.102262,1.138016,HUN,ITA,850140
2558456,103,111,9262,2001,6634.0,23913.0,-0.167771,1.6587889999999998,IDN,ITA,850140
2558457,104,111,9262,2001,117496.0,348266.0,0.349744,2.665844,IND,ITA,850140
2558458,106,111,9262,2001,1253.0,766467.0,1.664233,0.129983,IRL,ITA,850140
2558459,107,111,9262,2001,0.0,1330726.0,-0.7732479999999999,-0.8979370000000001,IRN,ITA,850140
2558460,109,111,9262,2001,0.0,4267.0,0.032382999999999995,-0.51054,ISL,ITA,850140
2558461,110,111,9262,2001,311340.0,478372.0,1.374873,0.775594,ISR,ITA,850140
2558462,112,111,9262,2001,0.0,18253.0,-0.541582,-0.837248,JAM,ITA,850140
2558463,113,111,9262,2001,0.0,150672.0,0.375134,0.581558,JOR,ITA,850140
2558464,114,111,9262,2001,319295.0,108091.0,2.585857,0.522663,JPN,ITA,850140
2558465,115,111,9262,2001,0.0,1079.0,0.009714,-0.525899,KAZ,ITA,850140
2558466,116,111,9262,2001,0.0,6407.0,-0.529388,0.092271,KEN,ITA,850140
2558467,121,111,9262,2001,525449.0,2665145.0,1.145797,1.0762399999999999,KOR,ITA,850140
2558468,122,111,9262,2001,0.0,127710.0,-0.8197,-1.183758,KWT,ITA,850140
2558469,124,111,9262,2001,0.0,119066.0,0.165355,0.988008,LBN,ITA,850140
2558470,126,111,9262,2001,0.0,41674.0,-0.9321459999999999,-1.198124,LBY,ITA,850140
2558471,127,111,9262,2001,0.0,786.0,0.004518,-0.5326770000000001,LCA,ITA,850140
2558472,128,111,9262,2001,0.0,218342.0,-0.722434,-0.033818,LKA,ITA,850140
2558473,130,111,9262,2001,0.0,16125.0,0.15706900000000001,0.416663,LTU,ITA,850140
2558474,131,111,9262,2001,2293.0,0.0,1.470895,1.149007,LUX,ITA,850140
2558475,132,111,9262,2001,0.0,30837.0,0.404136,0.461009,LVA,ITA,850140
2558476,134,111,9262,2001,1284.0,23121.0,-0.75275,-0.280397,MAR,ITA,850140
2558477,135,111,9262,2001,0.0,6444.0,-0.024822,-0.15323399999999998,MDA,ITA,850140
2558478,136,111,9262,2001,0.0,2242.0,-1.247531,-0.637093,MDG,ITA,850140
2558479,138,111,9262,2001,28348.0,333158.0,0.797058,0.713234,MEX,ITA,850140
2558480,140,111,9262,2001,0.0,1645.0,0.033097,0.43516499999999997,MKD,ITA,850140
2558481,142,111,9262,2001,0.0,27893.0,1.065032,-0.065239,MLT,ITA,850140
2558482,143,111,9262,2001,0.0,4031.0,-1.5627,-1.150854,MMR,ITA,850140
2558483,151,111,9262,2001,0.0,4040.0,-0.410422,-0.5868369999999999,MUS,ITA,850140
2558484,153,111,9262,2001,15149.0,220986.0,0.768174,0.307033,MYS,ITA,850140
2558485,156,111,9262,2001,0.0,15805.0,-0.837087,-0.9207040000000001,NCL,ITA,850140
2558486,159,111,9262,2001,0.0,75106.0,-1.966439,-1.2724520000000001,NGA,ITA,850140
2558487,162,111,9262,2001,1516696.0,1903934.0,1.315685,1.590935,NLD,ITA,850140
2558488,163,111,9262,2001,1802.0,330673.0,0.974814,0.06512000000000001,NOR,ITA,850140
2558489,166,111,9262,2001,0.0,13441.0,0.521409,0.683134,NZL,ITA,850140
2558490,168,111,9262,2001,0.0,15183.0,-0.8376520000000001,-0.378743,PAK,ITA,850140
2558491,169,111,9262,2001,0.0,995.0,0.17588199999999998,0.422505,PAN,ITA,850140
2558492,173,111,9262,2001,0.0,66945.0,-0.345519,0.202623,PER,ITA,850140
2558493,174,111,9262,2001,0.0,27416.0,-0.028201,-0.112349,PHL,ITA,850140
2558494,176,111,9262,2001,0.0,7270.0,-1.503929,-1.199463,PNG,ITA,850140
2558495,177,111,9262,2001,305837.0,4036068.0,0.9474540000000001,1.8408220000000002,POL,ITA,850140
2558496,179,111,9262,2001,0.0,1807099.0,0.482048,1.662123,PRT,ITA,850140
2558497,180,111,9262,2001,0.0,21007.0,-0.68893,-0.9326690000000001,PRY,ITA,850140
2558498,182,111,9262,2001,0.0,30275.0,-0.005456,-0.7210770000000001,PYF,ITA,850140
2558499,183,111,9262,2001,0.0,287268.0,-0.46564799999999995,-1.127634,QAT,ITA,850140
2558500,185,111,9262,2001,22146134.0,121371.0,0.326733,1.005332,ROU,ITA,850140
2558501,186,111,9262,2001,0.0,852939.0,0.945816,0.35027600000000003,RUS,ITA,850140
2558502,188,111,9262,2001,2245.0,253465.0,0.5370550000000001,-0.793469,SAU,ITA,850140
2558503,189,111,9262,2001,602833.0,39602.0,0.45280200000000004,2.469852,SCG,ITA,850140
2558504,191,111,9262,2001,0.0,3380.0,-0.437779,-0.436654,SEN,ITA,850140
2558505,192,111,9262,2001,1285.0,533598.0,1.364239,0.721074,SGP,ITA,850140
2558506,197,111,9262,2001,0.0,1952.0,-0.181554,-0.031294,SLV,ITA,850140
2558507,205,111,9262,2001,0.0,6154.0,-0.650556,-0.801128,SUR,ITA,850140
2558508,206,111,9262,2001,37062948.0,18287738.0,1.1732770000000001,1.088576,SVK,ITA,850140
2558509,207,111,9262,2001,798800.0,6385457.0,1.5074370000000001,1.1370040000000001,SVN,ITA,850140
2558510,208,111,9262,2001,28530.0,1996203.0,2.156845,0.784439,SWE,ITA,850140
2558511,212,111,9262,2001,38465.0,1093023.0,-1.057217,-0.716331,SYR,ITA,850140
2558512,214,111,9262,2001,0.0,5359.0,-0.655004,-0.872215,TCD,ITA,850140
2558513,215,111,9262,2001,0.0,1329.0,-0.758725,-0.577004,TGO,ITA,850140
2558514,216,111,9262,2001,13372.0,39400.0,0.37555900000000003,1.498267,THA,ITA,850140
2558515,222,111,9262,2001,0.0,6063.0,0.178256,-0.709126,TTO,ITA,850140
2558516,223,111,9262,2001,0.0,406950.0,-0.162152,0.23939699999999997,TUN,ITA,850140
2558517,224,111,9262,2001,88378.0,1577022.0,0.188773,1.91451,TUR,ITA,850140
2558518,228,111,9262,2001,0.0,22702.0,0.8376969999999999,0.989059,UKR,ITA,850140
2558519,230,111,9262,2001,0.0,24143.0,0.36029,0.298869,URY,ITA,850140
2558520,231,111,9262,2001,3248805.0,15955725.0,1.873674,0.168468,USA,ITA,850140
2558521,236,111,9262,2001,0.0,85974.0,0.261158,-0.7397,VEN,ITA,850140
2558522,239,111,9262,2001,0.0,78869.0,-0.6692130000000001,0.610992,VNM,ITA,850140
2558523,246,111,9262,2001,19666.0,960967.0,0.356842,2.006155,ZAF,ITA,850140
2558524,247,111,9262,2001,0.0,2302.0,-0.731193,-0.706978,ZMB,ITA,850140
2558525,248,111,9262,2001,0.0,5701.0,-0.6321829999999999,-0.453671,ZWE,ITA,850140
2558526,249,111,9262,2001,78659.0,259143.0,1.5731700000000002,1.353159,TWN,ITA,850140
2558527,250,111,9262,2001,0.0,7617.0,1.096023,-0.33562600000000004,ANS,ITA,850140
2558528,39,112,9262,2001,4660.0,0.0,0.971827,1.105171,CAN,JAM,850140
2558529,43,112,9262,2001,5185.0,0.0,0.525171,3.092963,CHN,JAM,850140
2558530,61,112,9262,2001,1845.0,0.0,2.321375,-2.1110990000000003,DEU,JAM,850140
2558531,81,112,9262,2001,4462.0,0.0,1.976894,0.685435,GBR,JAM,850140
2558532,97,112,9262,2001,3695.0,0.0,0.521528,2.3025,HKG,JAM,850140
2558533,111,112,9262,2001,18253.0,0.0,1.389926,1.282143,ITA,JAM,850140
2558534,114,112,9262,2001,4568.0,0.0,2.585857,0.522663,JPN,JAM,850140
2558535,159,112,9262,2001,0.0,7864.0,-1.966439,-1.2724520000000001,NGA,JAM,850140
2558536,192,112,9262,2001,2364.0,0.0,1.364239,0.721074,SGP,JAM,850140
2558537,208,112,9262,2001,1155.0,0.0,2.156845,0.784439,SWE,JAM,850140
2558538,231,112,9262,2001,28908.0,1071.0,1.873674,0.168468,USA,JAM,850140
2558539,249,112,9262,2001,7214.0,0.0,1.5731700000000002,1.353159,TWN,JAM,850140
2558540,7,114,9262,2001,0.0,389619.0,-0.193984,-0.457124,ARE,JPN,850140
2558541,8,114,9262,2001,0.0,42152.0,0.287698,0.547137,ARG,JPN,850140
2558542,14,114,9262,2001,10531.0,204501.0,0.29463,0.772375,AUS,JPN,850140
2558543,15,114,9262,2001,7348.0,31347.0,1.8571650000000002,0.603191,AUT,JPN,850140
2558544,18,114,9262,2001,554808.0,1517514.0,1.4328370000000001,1.408495,BEL,JPN,850140
2558545,22,114,9262,2001,0.0,10303.0,-1.0406739999999999,-1.010108,BGD,JPN,850140
2558546,23,114,9262,2001,0.0,2688.0,0.41425100000000004,1.639866,BGR,JPN,850140
2558547,24,114,9262,2001,0.0,2304.0,-0.11008399999999999,-1.053611,BHR,JPN,850140
2558548,25,114,9262,2001,0.0,3585.0,0.803267,-0.071853,BHS,JPN,850140
2558549,31,114,9262,2001,0.0,26701.0,-0.680108,-0.678143,BOL,JPN,850140
2558550,32,114,9262,2001,5111.0,293008.0,0.672496,1.051848,BRA,JPN,850140
2558551,33,114,9262,2001,0.0,8715.0,0.725546,0.172345,BRB,JPN,850140
2558552,39,114,9262,2001,11796.0,718312.0,0.971827,1.105171,CAN,JPN,850140
2558553,41,114,9262,2001,185638.0,38085.0,2.227246,0.553956,CHE,JPN,850140
2558554,42,114,9262,2001,0.0,10048.0,-0.004658,-0.002548,CHL,JPN,850140
2558555,43,114,9262,2001,32410032.0,4741562.0,0.525171,3.092963,CHN,JPN,850140
2558556,44,114,9262,2001,0.0,3566.0,-0.715949,-0.524428,CIV,JPN,850140
2558557,52,114,9262,2001,0.0,3744.0,0.069458,-0.042793,CRI,JPN,850140
2558558,54,114,9262,2001,0.0,3377.0,-0.443391,-0.9599030000000001,CUB,JPN,850140
2558559,58,114,9262,2001,0.0,6781.0,0.381251,0.257802,CYP,JPN,850140
2558560,59,114,9262,2001,0.0,13868.0,1.485703,1.109305,CZE,JPN,850140
2558561,61,114,9262,2001,683578.0,2115489.0,2.321375,-2.1110990000000003,DEU,JPN,850140
2558562,64,114,9262,2001,21616.0,62610.0,1.261883,1.351875,DNK,JPN,850140
2558563,65,114,9262,2001,0.0,27481.0,-0.538419,-0.48773900000000003,DOM,JPN,850140
2558564,66,114,9262,2001,0.0,34000.0,-0.663363,-1.158295,DZA,JPN,850140
2558565,67,114,9262,2001,0.0,1007.0,-0.852642,-0.896374,ECU,JPN,850140
2558566,68,114,9262,2001,0.0,4674.0,-0.373576,0.366385,EGY,JPN,850140
2558567,71,114,9262,2001,3540.0,594099.0,1.079664,1.9842220000000002,ESP,JPN,850140
2558568,72,114,9262,2001,0.0,21461.0,0.5746829999999999,0.9073899999999999,EST,JPN,850140
2558569,74,114,9262,2001,0.0,239740.0,2.069141,0.9375180000000001,FIN,JPN,850140
2558570,77,114,9262,2001,3149332.0,18588930.0,1.653507,0.797582,FRA,JPN,850140
2558571,81,114,9262,2001,21845.0,16965938.0,1.976894,0.685435,GBR,JPN,850140
2558572,90,114,9262,2001,0.0,87847.0,0.31387600000000004,1.3614600000000001,GRC,JPN,850140
2558573,93,114,9262,2001,0.0,35600.0,-0.5089520000000001,0.216677,GTM,JPN,850140
2558574,97,114,9262,2001,476819.0,5473862.0,0.521528,2.3025,HKG,JPN,850140
2558575,99,114,9262,2001,0.0,3881.0,-0.8003060000000001,-0.602097,HND,JPN,850140
2558576,100,114,9262,2001,0.0,993.0,0.544596,0.969535,HRV,JPN,850140
2558577,102,114,9262,2001,43110.0,6345.0,1.102262,1.138016,HUN,JPN,850140
2558578,103,114,9262,2001,1595457.0,365834.0,-0.167771,1.6587889999999998,IDN,JPN,850140
2558579,104,114,9262,2001,11853.0,99648.0,0.349744,2.665844,IND,JPN,850140
2558580,106,114,9262,2001,28165.0,4543.0,1.664233,0.129983,IRL,JPN,850140
2558581,107,114,9262,2001,0.0,960641.0,-0.7732479999999999,-0.8979370000000001,IRN,JPN,850140
2558582,108,114,9262,2001,0.0,6160.0,-1.115465,-0.883028,IRQ,JPN,850140
2558583,109,114,9262,2001,0.0,5850.0,0.032382999999999995,-0.51054,ISL,JPN,850140
2558584,110,114,9262,2001,3063.0,46244.0,1.374873,0.775594,ISR,JPN,850140
2558585,111,114,9262,2001,108091.0,319295.0,1.389926,1.282143,ITA,JPN,850140
2558586,112,114,9262,2001,0.0,4568.0,-0.541582,-0.837248,JAM,JPN,850140
2558587,116,114,9262,2001,24418.0,1109.0,-0.529388,0.092271,KEN,JPN,850140
2558588,118,114,9262,2001,0.0,992.0,-1.231058,-1.154536,KHM,JPN,850140
2558589,121,114,9262,2001,14136476.0,3547258.0,1.145797,1.0762399999999999,KOR,JPN,850140
2558590,122,114,9262,2001,0.0,74718.0,-0.8197,-1.183758,KWT,JPN,850140
2558591,125,114,9262,2001,0.0,3409.0,-0.49036,-1.126565,LBR,JPN,850140
2558592,128,114,9262,2001,0.0,5516.0,-0.722434,-0.033818,LKA,JPN,850140
2558593,130,114,9262,2001,0.0,18272.0,0.15706900000000001,0.416663,LTU,JPN,850140
2558594,131,114,9262,2001,0.0,6356.0,1.470895,1.149007,LUX,JPN,850140
2558595,133,114,9262,2001,0.0,14601.0,-0.608406,-0.521662,MAC,JPN,850140
2558596,134,114,9262,2001,0.0,3661.0,-0.75275,-0.280397,MAR,JPN,850140
2558597,136,114,9262,2001,0.0,2361.0,-1.247531,-0.637093,MDG,JPN,850140
2558598,138,114,9262,2001,8633.0,430576.0,0.797058,0.713234,MEX,JPN,850140
2558599,142,114,9262,2001,0.0,3013.0,1.065032,-0.065239,MLT,JPN,850140
2558600,143,114,9262,2001,0.0,2326.0,-1.5627,-1.150854,MMR,JPN,850140
2558601,145,114,9262,2001,0.0,1212.0,-0.691001,-0.9284180000000001,MNG,JPN,850140
2558602,147,114,9262,2001,0.0,2009.0,-1.2364879999999998,-1.136715,MOZ,JPN,850140
2558603,151,114,9262,2001,0.0,52152.0,-0.410422,-0.5868369999999999,MUS,JPN,850140
2558604,153,114,9262,2001,3223794.0,4377168.0,0.768174,0.307033,MYS,JPN,850140
2558605,160,114,9262,2001,0.0,4265.0,-0.8917430000000001,-0.713179,NIC,JPN,850140
2558606,162,114,9262,2001,15233.0,6320182.0,1.315685,1.590935,NLD,JPN,850140
2558607,163,114,9262,2001,0.0,10118.0,0.974814,0.06512000000000001,NOR,JPN,850140
2558608,166,114,9262,2001,1752.0,48765.0,0.521409,0.683134,NZL,JPN,850140
2558609,167,114,9262,2001,0.0,14294.0,-0.909329,-1.189698,OMN,JPN,850140
2558610,168,114,9262,2001,0.0,4068.0,-0.8376520000000001,-0.378743,PAK,JPN,850140
2558611,169,114,9262,2001,0.0,5510.0,0.17588199999999998,0.422505,PAN,JPN,850140
2558612,173,114,9262,2001,0.0,20418.0,-0.345519,0.202623,PER,JPN,850140
2558613,174,114,9262,2001,5690.0,381738.0,-0.028201,-0.112349,PHL,JPN,850140
2558614,176,114,9262,2001,0.0,13685.0,-1.503929,-1.199463,PNG,JPN,850140
2558615,177,114,9262,2001,0.0,32428.0,0.9474540000000001,1.8408220000000002,POL,JPN,850140
2558616,178,114,9262,2001,0.0,2780.0,0.62773,1.010888,PRK,JPN,850140
2558617,179,114,9262,2001,0.0,36481.0,0.482048,1.662123,PRT,JPN,850140
2558618,180,114,9262,2001,0.0,1398.0,-0.68893,-0.9326690000000001,PRY,JPN,850140
2558619,183,114,9262,2001,0.0,2054.0,-0.46564799999999995,-1.127634,QAT,JPN,850140
2558620,185,114,9262,2001,0.0,584.0,0.326733,1.005332,ROU,JPN,850140
2558621,186,114,9262,2001,0.0,4605.0,0.945816,0.35027600000000003,RUS,JPN,850140
2558622,188,114,9262,2001,0.0,532627.0,0.5370550000000001,-0.793469,SAU,JPN,850140
2558623,189,114,9262,2001,0.0,571.0,0.45280200000000004,2.469852,SCG,JPN,850140
2558624,192,114,9262,2001,248378.0,2220964.0,1.364239,0.721074,SGP,JPN,850140
2558625,195,114,9262,2001,0.0,4892.0,-0.325802,-0.726847,SLB,JPN,850140
2558626,206,114,9262,2001,0.0,592.0,1.1732770000000001,1.088576,SVK,JPN,850140
2558627,207,114,9262,2001,6937.0,1551.0,1.5074370000000001,1.1370040000000001,SVN,JPN,850140
2558628,208,114,9262,2001,8977.0,371602.0,2.156845,0.784439,SWE,JPN,850140
2558629,216,114,9262,2001,3104448.0,5322504.0,0.37555900000000003,1.498267,THA,JPN,850140
2558630,222,114,9262,2001,0.0,5178.0,0.178256,-0.709126,TTO,JPN,850140
2558631,223,114,9262,2001,0.0,1981.0,-0.162152,0.23939699999999997,TUN,JPN,850140
2558632,224,114,9262,2001,0.0,343591.0,0.188773,1.91451,TUR,JPN,850140
2558633,227,114,9262,2001,0.0,1112.0,-0.9694860000000001,-0.840592,UGA,JPN,850140
2558634,228,114,9262,2001,0.0,6775.0,0.8376969999999999,0.989059,UKR,JPN,850140
2558635,231,114,9262,2001,1698277.0,9472317.0,1.873674,0.168468,USA,JPN,850140
2558636,236,114,9262,2001,0.0,3470.0,0.261158,-0.7397,VEN,JPN,850140
2558637,239,114,9262,2001,19730.0,143208.0,-0.6692130000000001,0.610992,VNM,JPN,850140
2558638,243,114,9262,2001,0.0,7148.0,-1.465154,-1.261615,YEM,JPN,850140
2558639,246,114,9262,2001,0.0,30417.0,0.356842,2.006155,ZAF,JPN,850140
2558640,249,114,9262,2001,2907692.0,6939048.0,1.5731700000000002,1.353159,TWN,JPN,850140
2558641,7,121,9262,2001,0.0,151631.0,-0.193984,-0.457124,ARE,KOR,850140
2558642,8,121,9262,2001,0.0,398207.0,0.287698,0.547137,ARG,KOR,850140
2558643,14,121,9262,2001,17651.0,198440.0,0.29463,0.772375,AUS,KOR,850140
2558644,15,121,9262,2001,12107.0,3085.0,1.8571650000000002,0.603191,AUT,KOR,850140
2558645,18,121,9262,2001,865.0,136672.0,1.4328370000000001,1.408495,BEL,KOR,850140
2558646,22,121,9262,2001,0.0,1206.0,-1.0406739999999999,-1.010108,BGD,KOR,850140
2558647,32,121,9262,2001,0.0,294305.0,0.672496,1.051848,BRA,KOR,850140
2558648,39,121,9262,2001,20425.0,1009071.0,0.971827,1.105171,CAN,KOR,850140
2558649,41,121,9262,2001,17999.0,2949.0,2.227246,0.553956,CHE,KOR,850140
2558650,42,121,9262,2001,0.0,348059.0,-0.004658,-0.002548,CHL,KOR,850140
2558651,43,121,9262,2001,13884860.0,12110200.0,0.525171,3.092963,CHN,KOR,850140
2558652,49,121,9262,2001,0.0,814736.0,0.30412,0.395913,COL,KOR,850140
2558653,61,121,9262,2001,953912.0,694599.0,2.321375,-2.1110990000000003,DEU,KOR,850140
2558654,63,121,9262,2001,7239.0,0.0,0.613251,0.226998,DMA,KOR,850140
2558655,64,121,9262,2001,1263.0,7767.0,1.261883,1.351875,DNK,KOR,850140
2558656,67,121,9262,2001,0.0,37640.0,-0.852642,-0.896374,ECU,KOR,850140
2558657,68,121,9262,2001,0.0,557429.0,-0.373576,0.366385,EGY,KOR,850140
2558658,71,121,9262,2001,2631.0,8363.0,1.079664,1.9842220000000002,ESP,KOR,850140
2558659,73,121,9262,2001,0.0,1483.0,-0.999149,-0.904072,ETH,KOR,850140
2558660,74,121,9262,2001,16111.0,2966.0,2.069141,0.9375180000000001,FIN,KOR,850140
2558661,77,121,9262,2001,348473.0,139355.0,1.653507,0.797582,FRA,KOR,850140
2558662,81,121,9262,2001,35109.0,388810.0,1.976894,0.685435,GBR,KOR,850140
2558663,83,121,9262,2001,0.0,12899.0,-0.961067,-0.780449,GHA,KOR,850140
2558664,85,121,9262,2001,0.0,5650.0,-1.5380340000000001,-1.200083,GIN,KOR,850140
2558665,90,121,9262,2001,0.0,755078.0,0.31387600000000004,1.3614600000000001,GRC,KOR,850140
2558666,93,121,9262,2001,0.0,2666.0,-0.5089520000000001,0.216677,GTM,KOR,850140
2558667,96,121,9262,2001,0.0,1186.0,-0.955816,-0.8593069999999999,GUY,KOR,850140
2558668,97,121,9262,2001,818266.0,570823.0,0.521528,2.3025,HKG,KOR,850140
2558669,102,121,9262,2001,0.0,12625.0,1.102262,1.138016,HUN,KOR,850140
2558670,103,121,9262,2001,8924.0,13704.0,-0.167771,1.6587889999999998,IDN,KOR,850140
2558671,104,121,9262,2001,0.0,607158.0,0.349744,2.665844,IND,KOR,850140
2558672,107,121,9262,2001,0.0,98192.0,-0.7732479999999999,-0.8979370000000001,IRN,KOR,850140
2558673,110,121,9262,2001,0.0,520288.0,1.374873,0.775594,ISR,KOR,850140
2558674,111,121,9262,2001,2665145.0,525449.0,1.389926,1.282143,ITA,KOR,850140
2558675,113,121,9262,2001,0.0,28490.0,0.375134,0.581558,JOR,KOR,850140
2558676,114,121,9262,2001,3547258.0,14136476.0,2.585857,0.522663,JPN,KOR,850140
2558677,116,121,9262,2001,11757.0,0.0,-0.529388,0.092271,KEN,KOR,850140
2558678,117,121,9262,2001,0.0,13707.0,0.23332199999999997,0.256019,KGZ,KOR,850140
2558679,122,121,9262,2001,0.0,2601.0,-0.8197,-1.183758,KWT,KOR,850140
2558680,124,121,9262,2001,0.0,82749.0,0.165355,0.988008,LBN,KOR,850140
2558681,126,121,9262,2001,0.0,14911.0,-0.9321459999999999,-1.198124,LBY,KOR,850140
2558682,128,121,9262,2001,0.0,26565.0,-0.722434,-0.033818,LKA,KOR,850140
2558683,130,121,9262,2001,0.0,7619.0,0.15706900000000001,0.416663,LTU,KOR,850140
2558684,131,121,9262,2001,775.0,0.0,1.470895,1.149007,LUX,KOR,850140
2558685,133,121,9262,2001,0.0,1290.0,-0.608406,-0.521662,MAC,KOR,850140
2558686,138,121,9262,2001,10283.0,3020217.0,0.797058,0.713234,MEX,KOR,850140
2558687,153,121,9262,2001,861158.0,1102973.0,0.768174,0.307033,MYS,KOR,850140
2558688,159,121,9262,2001,0.0,1039915.0,-1.966439,-1.2724520000000001,NGA,KOR,850140
2558689,162,121,9262,2001,10645.0,5704.0,1.315685,1.590935,NLD,KOR,850140
2558690,163,121,9262,2001,7957.0,1464.0,0.974814,0.06512000000000001,NOR,KOR,850140
2558691,166,121,9262,2001,1359.0,14379.0,0.521409,0.683134,NZL,KOR,850140
2558692,168,121,9262,2001,0.0,14567.0,-0.8376520000000001,-0.378743,PAK,KOR,850140
2558693,169,121,9262,2001,1267.0,0.0,0.17588199999999998,0.422505,PAN,KOR,850140
2558694,173,121,9262,2001,0.0,1573.0,-0.345519,0.202623,PER,KOR,850140
2558695,174,121,9262,2001,76456.0,5240800.0,-0.028201,-0.112349,PHL,KOR,850140
2558696,176,121,9262,2001,0.0,9458.0,-1.503929,-1.199463,PNG,KOR,850140
2558697,179,121,9262,2001,0.0,177525.0,0.482048,1.662123,PRT,KOR,850140
2558698,185,121,9262,2001,0.0,40646.0,0.326733,1.005332,ROU,KOR,850140
2558699,186,121,9262,2001,0.0,419661.0,0.945816,0.35027600000000003,RUS,KOR,850140
2558700,188,121,9262,2001,0.0,2312553.0,0.5370550000000001,-0.793469,SAU,KOR,850140
2558701,192,121,9262,2001,21007.0,1176026.0,1.364239,0.721074,SGP,KOR,850140
2558702,208,121,9262,2001,32813.0,157470.0,2.156845,0.784439,SWE,KOR,850140
2558703,212,121,9262,2001,0.0,130144.0,-1.057217,-0.716331,SYR,KOR,850140
2558704,216,121,9262,2001,165081.0,10126026.0,0.37555900000000003,1.498267,THA,KOR,850140
2558705,222,121,9262,2001,0.0,1968.0,0.178256,-0.709126,TTO,KOR,850140
2558706,223,121,9262,2001,0.0,1692794.0,-0.162152,0.23939699999999997,TUN,KOR,850140
2558707,224,121,9262,2001,0.0,1312971.0,0.188773,1.91451,TUR,KOR,850140
2558708,228,121,9262,2001,0.0,3682.0,0.8376969999999999,0.989059,UKR,KOR,850140
2558709,230,121,9262,2001,0.0,1361.0,0.36029,0.298869,URY,KOR,850140
2558710,231,121,9262,2001,2805510.0,15011572.0,1.873674,0.168468,USA,KOR,850140
2558711,236,121,9262,2001,0.0,5099.0,0.261158,-0.7397,VEN,KOR,850140
2558712,239,121,9262,2001,0.0,8040.0,-0.6692130000000001,0.610992,VNM,KOR,850140
2558713,246,121,9262,2001,0.0,4556.0,0.356842,2.006155,ZAF,KOR,850140
2558714,249,121,9262,2001,527267.0,272848.0,1.5731700000000002,1.353159,TWN,KOR,850140
2558715,14,124,9262,2001,18536.0,0.0,0.29463,0.772375,AUS,LBN,850140
2558716,23,124,9262,2001,21153.0,0.0,0.41425100000000004,1.639866,BGR,LBN,850140
2558717,24,124,9262,2001,1464.0,0.0,-0.11008399999999999,-1.053611,BHR,LBN,850140
2558718,32,124,9262,2001,12686.0,0.0,0.672496,1.051848,BRA,LBN,850140
2558719,41,124,9262,2001,971.0,0.0,2.227246,0.553956,CHE,LBN,850140
2558720,43,124,9262,2001,100737.0,0.0,0.525171,3.092963,CHN,LBN,850140
2558721,61,124,9262,2001,23390.0,0.0,2.321375,-2.1110990000000003,DEU,LBN,850140
2558722,62,124,9262,2001,0.0,1642.0,0.143467,0.14288599999999999,DJI,LBN,850140
2558723,77,124,9262,2001,46437.0,0.0,1.653507,0.797582,FRA,LBN,850140
2558724,81,124,9262,2001,5120.0,0.0,1.976894,0.685435,GBR,LBN,850140
2558725,97,124,9262,2001,26358.0,0.0,0.521528,2.3025,HKG,LBN,850140
2558726,102,124,9262,2001,11621.0,0.0,1.102262,1.138016,HUN,LBN,850140
2558727,108,124,9262,2001,0.0,70973.0,-1.115465,-0.883028,IRQ,LBN,850140
2558728,111,124,9262,2001,119066.0,0.0,1.389926,1.282143,ITA,LBN,850140
2558729,121,124,9262,2001,82749.0,0.0,1.145797,1.0762399999999999,KOR,LBN,850140
2558730,162,124,9262,2001,6083.0,0.0,1.315685,1.590935,NLD,LBN,850140
2558731,231,124,9262,2001,26336.0,0.0,1.873674,0.168468,USA,LBN,850140
2558732,249,124,9262,2001,17243.0,0.0,1.5731700000000002,1.353159,TWN,LBN,850140
2558733,8,138,9262,2001,5573.0,8452.0,0.287698,0.547137,ARG,MEX,850140
2558734,14,138,9262,2001,2530.0,4069.0,0.29463,0.772375,AUS,MEX,850140
2558735,15,138,9262,2001,3698.0,0.0,1.8571650000000002,0.603191,AUT,MEX,850140
2558736,18,138,9262,2001,9381.0,20916.0,1.4328370000000001,1.408495,BEL,MEX,850140
2558737,23,138,9262,2001,0.0,830.0,0.41425100000000004,1.639866,BGR,MEX,850140
2558738,24,138,9262,2001,0.0,417975.0,-0.11008399999999999,-1.053611,BHR,MEX,850140
2558739,32,138,9262,2001,2853796.0,121374.0,0.672496,1.051848,BRA,MEX,850140
2558740,39,138,9262,2001,429606.0,12115355.0,0.971827,1.105171,CAN,MEX,850140
2558741,41,138,9262,2001,3982.0,0.0,2.227246,0.553956,CHE,MEX,850140
2558742,42,138,9262,2001,0.0,1454.0,-0.004658,-0.002548,CHL,MEX,850140
2558743,43,138,9262,2001,473866.0,7153.0,0.525171,3.092963,CHN,MEX,850140
2558744,49,138,9262,2001,141239.0,447076.0,0.30412,0.395913,COL,MEX,850140
2558745,52,138,9262,2001,0.0,9932.0,0.069458,-0.042793,CRI,MEX,850140
2558746,54,138,9262,2001,0.0,56001.0,-0.443391,-0.9599030000000001,CUB,MEX,850140
2558747,59,138,9262,2001,0.0,21463.0,1.485703,1.109305,CZE,MEX,850140
2558748,61,138,9262,2001,53247.0,730187.0,2.321375,-2.1110990000000003,DEU,MEX,850140
2558749,64,138,9262,2001,62075.0,0.0,1.261883,1.351875,DNK,MEX,850140
2558750,68,138,9262,2001,0.0,14271.0,-0.373576,0.366385,EGY,MEX,850140
2558751,71,138,9262,2001,23939.0,3683.0,1.079664,1.9842220000000002,ESP,MEX,850140
2558752,72,138,9262,2001,0.0,16840.0,0.5746829999999999,0.9073899999999999,EST,MEX,850140
2558753,74,138,9262,2001,0.0,8250.0,2.069141,0.9375180000000001,FIN,MEX,850140
2558754,77,138,9262,2001,1912.0,8693.0,1.653507,0.797582,FRA,MEX,850140
2558755,81,138,9262,2001,31473.0,0.0,1.976894,0.685435,GBR,MEX,850140
2558756,93,138,9262,2001,0.0,28691.0,-0.5089520000000001,0.216677,GTM,MEX,850140
2558757,97,138,9262,2001,385693.0,0.0,0.521528,2.3025,HKG,MEX,850140
2558758,99,138,9262,2001,0.0,42883.0,-0.8003060000000001,-0.602097,HND,MEX,850140
2558759,100,138,9262,2001,0.0,18730.0,0.544596,0.969535,HRV,MEX,850140
2558760,102,138,9262,2001,27719.0,2222.0,1.102262,1.138016,HUN,MEX,850140
2558761,104,138,9262,2001,345337.0,38225.0,0.349744,2.665844,IND,MEX,850140
2558762,110,138,9262,2001,1318.0,0.0,1.374873,0.775594,ISR,MEX,850140
2558763,111,138,9262,2001,333158.0,28348.0,1.389926,1.282143,ITA,MEX,850140
2558764,113,138,9262,2001,0.0,3781.0,0.375134,0.581558,JOR,MEX,850140
2558765,114,138,9262,2001,430576.0,8633.0,2.585857,0.522663,JPN,MEX,850140
2558766,121,138,9262,2001,3020217.0,10283.0,1.145797,1.0762399999999999,KOR,MEX,850140
2558767,130,138,9262,2001,6208.0,0.0,0.15706900000000001,0.416663,LTU,MEX,850140
2558768,153,138,9262,2001,1462040.0,81662.0,0.768174,0.307033,MYS,MEX,850140
2558769,160,138,9262,2001,0.0,11642.0,-0.8917430000000001,-0.713179,NIC,MEX,850140
2558770,162,138,9262,2001,1576.0,46044.0,1.315685,1.590935,NLD,MEX,850140
2558771,163,138,9262,2001,1043.0,0.0,0.974814,0.06512000000000001,NOR,MEX,850140
2558772,166,138,9262,2001,9341.0,5730.0,0.521409,0.683134,NZL,MEX,850140
2558773,173,138,9262,2001,0.0,18717.0,-0.345519,0.202623,PER,MEX,850140
2558774,174,138,9262,2001,5269.0,0.0,-0.028201,-0.112349,PHL,MEX,850140
2558775,177,138,9262,2001,916.0,0.0,0.9474540000000001,1.8408220000000002,POL,MEX,850140
2558776,178,138,9262,2001,2812.0,0.0,0.62773,1.010888,PRK,MEX,850140
2558777,179,138,9262,2001,1404.0,0.0,0.482048,1.662123,PRT,MEX,850140
2558778,185,138,9262,2001,0.0,1127.0,0.326733,1.005332,ROU,MEX,850140
2558779,188,138,9262,2001,0.0,565008.0,0.5370550000000001,-0.793469,SAU,MEX,850140
2558780,192,138,9262,2001,34652.0,0.0,1.364239,0.721074,SGP,MEX,850140
2558781,197,138,9262,2001,0.0,11135.0,-0.181554,-0.031294,SLV,MEX,850140
2558782,206,138,9262,2001,0.0,509.0,1.1732770000000001,1.088576,SVK,MEX,850140
2558783,208,138,9262,2001,17653.0,0.0,2.156845,0.784439,SWE,MEX,850140
2558784,216,138,9262,2001,2162891.0,0.0,0.37555900000000003,1.498267,THA,MEX,850140
2558785,231,138,9262,2001,19306442.0,792595072.0,1.873674,0.168468,USA,MEX,850140
2558786,236,138,9262,2001,37208.0,4255806.0,0.261158,-0.7397,VEN,MEX,850140
2558787,246,138,9262,2001,0.0,1011.0,0.356842,2.006155,ZAF,MEX,850140
2558788,249,138,9262,2001,1085399.0,0.0,1.5731700000000002,1.353159,TWN,MEX,850140
2558789,18,159,9262,2001,606280.0,0.0,1.4328370000000001,1.408495,BEL,NGA,850140
2558790,43,159,9262,2001,1580950.0,0.0,0.525171,3.092963,CHN,NGA,850140
2558791,61,159,9262,2001,867.0,0.0,2.321375,-2.1110990000000003,DEU,NGA,850140
2558792,77,159,9262,2001,132522.0,0.0,1.653507,0.797582,FRA,NGA,850140
2558793,81,159,9262,2001,12542.0,3065.0,1.976894,0.685435,GBR,NGA,850140
2558794,83,159,9262,2001,7369.0,0.0,-0.961067,-0.780449,GHA,NGA,850140
2558795,92,159,9262,2001,103553.0,0.0,0.199595,-0.73547,GRL,NGA,850140
2558796,97,159,9262,2001,342855.0,0.0,0.521528,2.3025,HKG,NGA,850140
2558797,102,159,9262,2001,103050.0,0.0,1.102262,1.138016,HUN,NGA,850140
2558798,104,159,9262,2001,646352.0,0.0,0.349744,2.665844,IND,NGA,850140
2558799,109,159,9262,2001,49245.0,0.0,0.032382999999999995,-0.51054,ISL,NGA,850140
2558800,111,159,9262,2001,75106.0,0.0,1.389926,1.282143,ITA,NGA,850140
2558801,112,159,9262,2001,7864.0,0.0,-0.541582,-0.837248,JAM,NGA,850140
2558802,121,159,9262,2001,1039915.0,0.0,1.145797,1.0762399999999999,KOR,NGA,850140
2558803,131,159,9262,2001,367.0,0.0,1.470895,1.149007,LUX,NGA,850140
2558804,162,159,9262,2001,2372.0,0.0,1.315685,1.590935,NLD,NGA,850140
2558805,186,159,9262,2001,12326.0,0.0,0.945816,0.35027600000000003,RUS,NGA,850140
2558806,192,159,9262,2001,29372.0,0.0,1.364239,0.721074,SGP,NGA,850140
2558807,216,159,9262,2001,17182.0,0.0,0.37555900000000003,1.498267,THA,NGA,850140
2558808,231,159,9262,2001,45241.0,0.0,1.873674,0.168468,USA,NGA,850140
2558809,246,159,9262,2001,15875.0,0.0,0.356842,2.006155,ZAF,NGA,850140
2558810,249,159,9262,2001,59187.0,0.0,1.5731700000000002,1.353159,TWN,NGA,850140
2558811,8,160,9262,2001,1696.0,0.0,0.287698,0.547137,ARG,NIC,850140
2558812,32,160,9262,2001,7154.0,0.0,0.672496,1.051848,BRA,NIC,850140
2558813,52,160,9262,2001,3248.0,0.0,0.069458,-0.042793,CRI,NIC,850140
2558814,81,160,9262,2001,10989.0,0.0,1.976894,0.685435,GBR,NIC,850140
2558815,93,160,9262,2001,20335.0,0.0,-0.5089520000000001,0.216677,GTM,NIC,850140
2558816,114,160,9262,2001,4265.0,0.0,2.585857,0.522663,JPN,NIC,850140
2558817,138,160,9262,2001,11642.0,0.0,0.797058,0.713234,MEX,NIC,850140
2558818,169,160,9262,2001,3088.0,0.0,0.17588199999999998,0.422505,PAN,NIC,850140
2558819,231,160,9262,2001,13949.0,0.0,1.873674,0.168468,USA,NIC,850140
2558820,249,160,9262,2001,945.0,0.0,1.5731700000000002,1.353159,TWN,NIC,850140
2558821,6,162,9262,2001,0.0,2691.0,0.260662,-0.66681,ANT,NLD,850140
2558822,7,162,9262,2001,0.0,15212.0,-0.193984,-0.457124,ARE,NLD,850140
2558823,8,162,9262,2001,0.0,10133.0,0.287698,0.547137,ARG,NLD,850140
2558824,14,162,9262,2001,2689.0,96988.0,0.29463,0.772375,AUS,NLD,850140
2558825,15,162,9262,2001,570472.0,493375.0,1.8571650000000002,0.603191,AUT,NLD,850140
2558826,18,162,9262,2001,2042436.0,2365886.0,1.4328370000000001,1.408495,BEL,NLD,850140
2558827,22,162,9262,2001,0.0,7325.0,-1.0406739999999999,-1.010108,BGD,NLD,850140
2558828,24,162,9262,2001,0.0,7802.0,-0.11008399999999999,-1.053611,BHR,NLD,850140
2558829,32,162,9262,2001,94587.0,5736.0,0.672496,1.051848,BRA,NLD,850140
2558830,39,162,9262,2001,80805.0,7263.0,0.971827,1.105171,CAN,NLD,850140
2558831,41,162,9262,2001,808088.0,64524.0,2.227246,0.553956,CHE,NLD,850140
2558832,42,162,9262,2001,0.0,5608.0,-0.004658,-0.002548,CHL,NLD,850140
2558833,43,162,9262,2001,1057207.0,239720.0,0.525171,3.092963,CHN,NLD,850140
2558834,45,162,9262,2001,0.0,2522.0,-1.6254879999999998,-1.212513,CMR,NLD,850140
2558835,54,162,9262,2001,0.0,2087.0,-0.443391,-0.9599030000000001,CUB,NLD,850140
2558836,59,162,9262,2001,254065.0,32618.0,1.485703,1.109305,CZE,NLD,850140
2558837,61,162,9262,2001,12435845.0,1824443.0,2.321375,-2.1110990000000003,DEU,NLD,850140
2558838,64,162,9262,2001,25423.0,264120.0,1.261883,1.351875,DNK,NLD,850140
2558839,68,162,9262,2001,0.0,33265.0,-0.373576,0.366385,EGY,NLD,850140
2558840,71,162,9262,2001,36957.0,914274.0,1.079664,1.9842220000000002,ESP,NLD,850140
2558841,73,162,9262,2001,0.0,1214.0,-0.999149,-0.904072,ETH,NLD,850140
2558842,74,162,9262,2001,7058.0,2073360.0,2.069141,0.9375180000000001,FIN,NLD,850140
2558843,77,162,9262,2001,10088883.0,1480585.0,1.653507,0.797582,FRA,NLD,850140
2558844,80,162,9262,2001,0.0,829.0,-1.063007,-1.181284,GAB,NLD,850140
2558845,81,162,9262,2001,675791.0,936345.0,1.976894,0.685435,GBR,NLD,850140
2558846,83,162,9262,2001,0.0,3904.0,-0.961067,-0.780449,GHA,NLD,850140
2558847,90,162,9262,2001,0.0,22379.0,0.31387600000000004,1.3614600000000001,GRC,NLD,850140
2558848,93,162,9262,2001,0.0,1385.0,-0.5089520000000001,0.216677,GTM,NLD,850140
2558849,97,162,9262,2001,43092.0,8385.0,0.521528,2.3025,HKG,NLD,850140
2558850,100,162,9262,2001,0.0,1653.0,0.544596,0.969535,HRV,NLD,850140
2558851,102,162,9262,2001,65776.0,24492.0,1.102262,1.138016,HUN,NLD,850140
2558852,104,162,9262,2001,0.0,1677.0,0.349744,2.665844,IND,NLD,850140
2558853,106,162,9262,2001,17338.0,19302.0,1.664233,0.129983,IRL,NLD,850140
2558854,107,162,9262,2001,0.0,39261.0,-0.7732479999999999,-0.8979370000000001,IRN,NLD,850140
2558855,109,162,9262,2001,0.0,11486.0,0.032382999999999995,-0.51054,ISL,NLD,850140
2558856,110,162,9262,2001,8070.0,21838.0,1.374873,0.775594,ISR,NLD,850140
2558857,111,162,9262,2001,1903934.0,1516696.0,1.389926,1.282143,ITA,NLD,850140
2558858,113,162,9262,2001,0.0,17552.0,0.375134,0.581558,JOR,NLD,850140
2558859,114,162,9262,2001,6320182.0,15233.0,2.585857,0.522663,JPN,NLD,850140
2558860,121,162,9262,2001,5704.0,10645.0,1.145797,1.0762399999999999,KOR,NLD,850140
2558861,122,162,9262,2001,0.0,15158.0,-0.8197,-1.183758,KWT,NLD,850140
2558862,124,162,9262,2001,0.0,6083.0,0.165355,0.988008,LBN,NLD,850140
2558863,131,162,9262,2001,0.0,9708.0,1.470895,1.149007,LUX,NLD,850140
2558864,134,162,9262,2001,0.0,42470.0,-0.75275,-0.280397,MAR,NLD,850140
2558865,138,162,9262,2001,46044.0,1576.0,0.797058,0.713234,MEX,NLD,850140
2558866,140,162,9262,2001,0.0,2065.0,0.033097,0.43516499999999997,MKD,NLD,850140
2558867,147,162,9262,2001,3698.0,0.0,-1.2364879999999998,-1.136715,MOZ,NLD,850140
2558868,151,162,9262,2001,0.0,6369.0,-0.410422,-0.5868369999999999,MUS,NLD,850140
2558869,153,162,9262,2001,23753.0,7775.0,0.768174,0.307033,MYS,NLD,850140
2558870,159,162,9262,2001,0.0,2372.0,-1.966439,-1.2724520000000001,NGA,NLD,850140
2558871,163,162,9262,2001,5326.0,43739.0,0.974814,0.06512000000000001,NOR,NLD,850140
2558872,166,162,9262,2001,26280.0,3737.0,0.521409,0.683134,NZL,NLD,850140
2558873,167,162,9262,2001,0.0,4422.0,-0.909329,-1.189698,OMN,NLD,850140
2558874,173,162,9262,2001,0.0,2759.0,-0.345519,0.202623,PER,NLD,850140
2558875,174,162,9262,2001,0.0,3411.0,-0.028201,-0.112349,PHL,NLD,850140
2558876,177,162,9262,2001,0.0,63519.0,0.9474540000000001,1.8408220000000002,POL,NLD,850140
2558877,179,162,9262,2001,9053.0,139973.0,0.482048,1.662123,PRT,NLD,850140
2558878,183,162,9262,2001,0.0,1964.0,-0.46564799999999995,-1.127634,QAT,NLD,850140
2558879,185,162,9262,2001,0.0,5994.0,0.326733,1.005332,ROU,NLD,850140
2558880,186,162,9262,2001,0.0,4695.0,0.945816,0.35027600000000003,RUS,NLD,850140
2558881,188,162,9262,2001,0.0,16291.0,0.5370550000000001,-0.793469,SAU,NLD,850140
2558882,189,162,9262,2001,0.0,2258.0,0.45280200000000004,2.469852,SCG,NLD,850140
2558883,192,162,9262,2001,6714.0,113774.0,1.364239,0.721074,SGP,NLD,850140
2558884,205,162,9262,2001,0.0,4783.0,-0.650556,-0.801128,SUR,NLD,850140
2558885,206,162,9262,2001,0.0,4182.0,1.1732770000000001,1.088576,SVK,NLD,850140
2558886,207,162,9262,2001,16705.0,7367.0,1.5074370000000001,1.1370040000000001,SVN,NLD,850140
2558887,208,162,9262,2001,25649.0,600793.0,2.156845,0.784439,SWE,NLD,850140
2558888,216,162,9262,2001,1793.0,7503.0,0.37555900000000003,1.498267,THA,NLD,850140
2558889,223,162,9262,2001,0.0,47590.0,-0.162152,0.23939699999999997,TUN,NLD,850140
2558890,224,162,9262,2001,31604.0,64794.0,0.188773,1.91451,TUR,NLD,850140
2558891,228,162,9262,2001,0.0,3075.0,0.8376969999999999,0.989059,UKR,NLD,850140
2558892,230,162,9262,2001,0.0,1005.0,0.36029,0.298869,URY,NLD,850140
2558893,231,162,9262,2001,572722.0,516852.0,1.873674,0.168468,USA,NLD,850140
2558894,236,162,9262,2001,0.0,1641.0,0.261158,-0.7397,VEN,NLD,850140
2558895,246,162,9262,2001,1628.0,52785.0,0.356842,2.006155,ZAF,NLD,850140
2558896,248,162,9262,2001,0.0,2435.0,-0.6321829999999999,-0.453671,ZWE,NLD,850140
2558897,249,162,9262,2001,166752.0,74959.0,1.5731700000000002,1.353159,TWN,NLD,850140
2558898,15,163,9262,2001,122849.0,0.0,1.8571650000000002,0.603191,AUT,NOR,850140
2558899,18,163,9262,2001,20176.0,87404.0,1.4328370000000001,1.408495,BEL,NOR,850140
2558900,39,163,9262,2001,0.0,6960.0,0.971827,1.105171,CAN,NOR,850140
2558901,41,163,9262,2001,86131.0,12489.0,2.227246,0.553956,CHE,NOR,850140
2558902,42,163,9262,2001,0.0,2899.0,-0.004658,-0.002548,CHL,NOR,850140
2558903,43,163,9262,2001,0.0,10599.0,0.525171,3.092963,CHN,NOR,850140
2558904,59,163,9262,2001,141130.0,0.0,1.485703,1.109305,CZE,NOR,850140
2558905,61,163,9262,2001,1210778.0,91760.0,2.321375,-2.1110990000000003,DEU,NOR,850140
2558906,64,163,9262,2001,42988.0,9017.0,1.261883,1.351875,DNK,NOR,850140
2558907,68,163,9262,2001,0.0,46858.0,-0.373576,0.366385,EGY,NOR,850140
2558908,71,163,9262,2001,11589.0,3530.0,1.079664,1.9842220000000002,ESP,NOR,850140
2558909,74,163,9262,2001,19326.0,3031.0,2.069141,0.9375180000000001,FIN,NOR,850140
2558910,77,163,9262,2001,1941.0,0.0,1.653507,0.797582,FRA,NOR,850140
2558911,81,163,9262,2001,6741.0,38326.0,1.976894,0.685435,GBR,NOR,850140
2558912,97,163,9262,2001,318748.0,0.0,0.521528,2.3025,HKG,NOR,850140
2558913,102,163,9262,2001,33129.0,0.0,1.102262,1.138016,HUN,NOR,850140
2558914,106,163,9262,2001,0.0,46730.0,1.664233,0.129983,IRL,NOR,850140
2558915,109,163,9262,2001,3154.0,917.0,0.032382999999999995,-0.51054,ISL,NOR,850140
2558916,111,163,9262,2001,330673.0,1802.0,1.389926,1.282143,ITA,NOR,850140
2558917,114,163,9262,2001,10118.0,0.0,2.585857,0.522663,JPN,NOR,850140
2558918,121,163,9262,2001,1464.0,7957.0,1.145797,1.0762399999999999,KOR,NOR,850140
2558919,130,163,9262,2001,0.0,15110.0,0.15706900000000001,0.416663,LTU,NOR,850140
2558920,138,163,9262,2001,0.0,1043.0,0.797058,0.713234,MEX,NOR,850140
2558921,142,163,9262,2001,0.0,4930.0,1.065032,-0.065239,MLT,NOR,850140
2558922,162,163,9262,2001,43739.0,5326.0,1.315685,1.590935,NLD,NOR,850140
2558923,166,163,9262,2001,0.0,1144.0,0.521409,0.683134,NZL,NOR,850140
2558924,174,163,9262,2001,0.0,2331.0,-0.028201,-0.112349,PHL,NOR,850140
2558925,177,163,9262,2001,2100.0,38525.0,0.9474540000000001,1.8408220000000002,POL,NOR,850140
2558926,185,163,9262,2001,5019.0,0.0,0.326733,1.005332,ROU,NOR,850140
2558927,192,163,9262,2001,0.0,5080.0,1.364239,0.721074,SGP,NOR,850140
2558928,206,163,9262,2001,17435.0,0.0,1.1732770000000001,1.088576,SVK,NOR,850140
2558929,207,163,9262,2001,7850.0,0.0,1.5074370000000001,1.1370040000000001,SVN,NOR,850140
2558930,208,163,9262,2001,994137.0,69713.0,2.156845,0.784439,SWE,NOR,850140
2558931,224,163,9262,2001,820.0,0.0,0.188773,1.91451,TUR,NOR,850140
2558932,226,163,9262,2001,0.0,686.0,-1.193991,-0.49282200000000004,TZA,NOR,850140
2558933,231,163,9262,2001,159853.0,2802.0,1.873674,0.168468,USA,NOR,850140
2558934,246,163,9262,2001,0.0,843.0,0.356842,2.006155,ZAF,NOR,850140
2558935,249,163,9262,2001,8458.0,0.0,1.5731700000000002,1.353159,TWN,NOR,850140
2558936,8,166,9262,2001,0.0,20140.0,0.287698,0.547137,ARG,NZL,850140
2558937,14,166,9262,2001,1828051.0,297400.0,0.29463,0.772375,AUS,NZL,850140
2558938,15,166,9262,2001,4660.0,0.0,1.8571650000000002,0.603191,AUT,NZL,850140
2558939,18,166,9262,2001,1785.0,0.0,1.4328370000000001,1.408495,BEL,NZL,850140
2558940,32,166,9262,2001,43796.0,0.0,0.672496,1.051848,BRA,NZL,850140
2558941,39,166,9262,2001,9627.0,1312.0,0.971827,1.105171,CAN,NZL,850140
2558942,41,166,9262,2001,8010.0,0.0,2.227246,0.553956,CHE,NZL,850140
2558943,42,166,9262,2001,0.0,3314.0,-0.004658,-0.002548,CHL,NZL,850140
2558944,43,166,9262,2001,60051.0,1732.0,0.525171,3.092963,CHN,NZL,850140
2558945,48,166,9262,2001,0.0,1965.0,-0.003435,-0.72313,COK,NZL,850140
2558946,61,166,9262,2001,27074.0,2161.0,2.321375,-2.1110990000000003,DEU,NZL,850140
2558947,64,166,9262,2001,4423.0,3660.0,1.261883,1.351875,DNK,NZL,850140
2558948,71,166,9262,2001,11342.0,0.0,1.079664,1.9842220000000002,ESP,NZL,850140
2558949,74,166,9262,2001,11063.0,0.0,2.069141,0.9375180000000001,FIN,NZL,850140
2558950,75,166,9262,2001,0.0,6485.0,-0.954702,-0.602761,FJI,NZL,850140
2558951,77,166,9262,2001,13884.0,0.0,1.653507,0.797582,FRA,NZL,850140
2558952,81,166,9262,2001,62788.0,29085.0,1.976894,0.685435,GBR,NZL,850140
2558953,97,166,9262,2001,316584.0,2033.0,0.521528,2.3025,HKG,NZL,850140
2558954,104,166,9262,2001,4672.0,3510.0,0.349744,2.665844,IND,NZL,850140
2558955,106,166,9262,2001,0.0,856.0,1.664233,0.129983,IRL,NZL,850140
2558956,111,166,9262,2001,13441.0,0.0,1.389926,1.282143,ITA,NZL,850140
2558957,114,166,9262,2001,48765.0,1752.0,2.585857,0.522663,JPN,NZL,850140
2558958,121,166,9262,2001,14379.0,1359.0,1.145797,1.0762399999999999,KOR,NZL,850140
2558959,123,166,9262,2001,0.0,7019.0,-1.298653,-1.164605,LAO,NZL,850140
2558960,138,166,9262,2001,5730.0,9341.0,0.797058,0.713234,MEX,NZL,850140
2558961,153,166,9262,2001,0.0,19345.0,0.768174,0.307033,MYS,NZL,850140
2558962,156,166,9262,2001,0.0,1784.0,-0.837087,-0.9207040000000001,NCL,NZL,850140
2558963,162,166,9262,2001,3737.0,26280.0,1.315685,1.590935,NLD,NZL,850140
2558964,163,166,9262,2001,1144.0,0.0,0.974814,0.06512000000000001,NOR,NZL,850140
2558965,186,166,9262,2001,4630.0,0.0,0.945816,0.35027600000000003,RUS,NZL,850140
2558966,192,166,9262,2001,5031.0,62180.0,1.364239,0.721074,SGP,NZL,850140
2558967,207,166,9262,2001,2174.0,0.0,1.5074370000000001,1.1370040000000001,SVN,NZL,850140
2558968,208,166,9262,2001,6689.0,0.0,2.156845,0.784439,SWE,NZL,850140
2558969,216,166,9262,2001,111957.0,0.0,0.37555900000000003,1.498267,THA,NZL,850140
2558970,221,166,9262,2001,0.0,681.0,-0.8627950000000001,-0.817174,TON,NZL,850140
2558971,227,166,9262,2001,0.0,7011.0,-0.9694860000000001,-0.840592,UGA,NZL,850140
2558972,231,166,9262,2001,3599022.0,27641.0,1.873674,0.168468,USA,NZL,850140
2558973,240,166,9262,2001,0.0,1890.0,-0.9620719999999999,-0.873368,VUT,NZL,850140
2558974,242,166,9262,2001,0.0,7689.0,-0.361456,-0.690474,WSM,NZL,850140
2558975,246,166,9262,2001,6470.0,924.0,0.356842,2.006155,ZAF,NZL,850140
2558976,249,166,9262,2001,77559.0,0.0,1.5731700000000002,1.353159,TWN,NZL,850140
2558977,250,166,9262,2001,4257.0,0.0,1.096023,-0.33562600000000004,ANS,NZL,850140
2558978,32,169,9262,2001,18738.0,0.0,0.672496,1.051848,BRA,PAN,850140
2558979,42,169,9262,2001,0.0,1088.0,-0.004658,-0.002548,CHL,PAN,850140
2558980,43,169,9262,2001,47936.0,0.0,0.525171,3.092963,CHN,PAN,850140
2558981,61,169,9262,2001,1583.0,0.0,2.321375,-2.1110990000000003,DEU,PAN,850140
2558982,97,169,9262,2001,10753.0,0.0,0.521528,2.3025,HKG,PAN,850140
2558983,99,169,9262,2001,0.0,10630.0,-0.8003060000000001,-0.602097,HND,PAN,850140
2558984,111,169,9262,2001,995.0,0.0,1.389926,1.282143,ITA,PAN,850140
2558985,114,169,9262,2001,5510.0,0.0,2.585857,0.522663,JPN,PAN,850140
2558986,121,169,9262,2001,0.0,1267.0,1.145797,1.0762399999999999,KOR,PAN,850140
2558987,160,169,9262,2001,0.0,3088.0,-0.8917430000000001,-0.713179,NIC,PAN,850140
2558988,173,169,9262,2001,0.0,1124.0,-0.345519,0.202623,PER,PAN,850140
2558989,222,169,9262,2001,3202.0,1691.0,0.178256,-0.709126,TTO,PAN,850140
2558990,231,169,9262,2001,8605.0,0.0,1.873674,0.168468,USA,PAN,850140
2558991,236,169,9262,2001,0.0,3496.0,0.261158,-0.7397,VEN,PAN,850140
2558992,249,169,9262,2001,2189.0,0.0,1.5731700000000002,1.353159,TWN,PAN,850140
2558993,250,169,9262,2001,4646.0,0.0,1.096023,-0.33562600000000004,ANS,PAN,850140
2558994,32,173,9262,2001,149641.0,0.0,0.672496,1.051848,BRA,PER,850140
2558995,41,173,9262,2001,3759.0,0.0,2.227246,0.553956,CHE,PER,850140
2558996,42,173,9262,2001,104932.0,1814.0,-0.004658,-0.002548,CHL,PER,850140
2558997,43,173,9262,2001,251464.0,0.0,0.525171,3.092963,CHN,PER,850140
2558998,49,173,9262,2001,44106.0,0.0,0.30412,0.395913,COL,PER,850140
2558999,61,173,9262,2001,7051.0,0.0,2.321375,-2.1110990000000003,DEU,PER,850140
2559000,67,173,9262,2001,0.0,2290.0,-0.852642,-0.896374,ECU,PER,850140
2559001,71,173,9262,2001,19218.0,0.0,1.079664,1.9842220000000002,ESP,PER,850140
2559002,77,173,9262,2001,1201.0,0.0,1.653507,0.797582,FRA,PER,850140
2559003,97,173,9262,2001,16852.0,0.0,0.521528,2.3025,HKG,PER,850140
2559004,111,173,9262,2001,66945.0,0.0,1.389926,1.282143,ITA,PER,850140
2559005,114,173,9262,2001,20418.0,0.0,2.585857,0.522663,JPN,PER,850140
2559006,121,173,9262,2001,1573.0,0.0,1.145797,1.0762399999999999,KOR,PER,850140
2559007,138,173,9262,2001,18717.0,0.0,0.797058,0.713234,MEX,PER,850140
2559008,162,173,9262,2001,2759.0,0.0,1.315685,1.590935,NLD,PER,850140
2559009,169,173,9262,2001,1124.0,0.0,0.17588199999999998,0.422505,PAN,PER,850140
2559010,224,173,9262,2001,971.0,0.0,0.188773,1.91451,TUR,PER,850140
2559011,231,173,9262,2001,63908.0,0.0,1.873674,0.168468,USA,PER,850140
2559012,236,173,9262,2001,4371.0,3443.0,0.261158,-0.7397,VEN,PER,850140
2559013,249,173,9262,2001,330904.0,0.0,1.5731700000000002,1.353159,TWN,PER,850140
2559014,8,174,9262,2001,0.0,924.0,0.287698,0.547137,ARG,PHL,850140
2559015,14,174,9262,2001,6961.0,0.0,0.29463,0.772375,AUS,PHL,850140
2559016,15,174,9262,2001,7999.0,0.0,1.8571650000000002,0.603191,AUT,PHL,850140
2559017,32,174,9262,2001,53188.0,0.0,0.672496,1.051848,BRA,PHL,850140
2559018,41,174,9262,2001,10384.0,0.0,2.227246,0.553956,CHE,PHL,850140
2559019,43,174,9262,2001,2789920.0,0.0,0.525171,3.092963,CHN,PHL,850140
2559020,61,174,9262,2001,18558.0,8025.0,2.321375,-2.1110990000000003,DEU,PHL,850140
2559021,64,174,9262,2001,1599.0,0.0,1.261883,1.351875,DNK,PHL,850140
2559022,71,174,9262,2001,8262.0,0.0,1.079664,1.9842220000000002,ESP,PHL,850140
2559023,81,174,9262,2001,29875.0,0.0,1.976894,0.685435,GBR,PHL,850140
2559024,97,174,9262,2001,2096884.0,196463.0,0.521528,2.3025,HKG,PHL,850140
2559025,103,174,9262,2001,9700.0,15894.0,-0.167771,1.6587889999999998,IDN,PHL,850140
2559026,111,174,9262,2001,27416.0,0.0,1.389926,1.282143,ITA,PHL,850140
2559027,114,174,9262,2001,381738.0,5690.0,2.585857,0.522663,JPN,PHL,850140
2559028,121,174,9262,2001,5240800.0,76456.0,1.145797,1.0762399999999999,KOR,PHL,850140
2559029,138,174,9262,2001,0.0,5269.0,0.797058,0.713234,MEX,PHL,850140
2559030,153,174,9262,2001,617571.0,0.0,0.768174,0.307033,MYS,PHL,850140
2559031,162,174,9262,2001,3411.0,0.0,1.315685,1.590935,NLD,PHL,850140
2559032,163,174,9262,2001,2331.0,0.0,0.974814,0.06512000000000001,NOR,PHL,850140
2559033,176,174,9262,2001,0.0,3473.0,-1.503929,-1.199463,PNG,PHL,850140
2559034,192,174,9262,2001,499202.0,4472.0,1.364239,0.721074,SGP,PHL,850140
2559035,208,174,9262,2001,10714.0,0.0,2.156845,0.784439,SWE,PHL,850140
2559036,216,174,9262,2001,83467.0,0.0,0.37555900000000003,1.498267,THA,PHL,850140
2559037,231,174,9262,2001,2429662.0,247907.0,1.873674,0.168468,USA,PHL,850140
2559038,239,174,9262,2001,56016.0,0.0,-0.6692130000000001,0.610992,VNM,PHL,850140
2559039,249,174,9262,2001,1279832.0,0.0,1.5731700000000002,1.353159,TWN,PHL,850140
2559040,8,180,9262,2001,9541.0,0.0,0.287698,0.547137,ARG,PRY,850140
2559041,32,180,9262,2001,324623.0,0.0,0.672496,1.051848,BRA,PRY,850140
2559042,43,180,9262,2001,111570.0,0.0,0.525171,3.092963,CHN,PRY,850140
2559043,61,180,9262,2001,2492.0,0.0,2.321375,-2.1110990000000003,DEU,PRY,850140
2559044,97,180,9262,2001,106421.0,0.0,0.521528,2.3025,HKG,PRY,850140
2559045,104,180,9262,2001,3804.0,0.0,0.349744,2.665844,IND,PRY,850140
2559046,111,180,9262,2001,21007.0,0.0,1.389926,1.282143,ITA,PRY,850140
2559047,114,180,9262,2001,1398.0,0.0,2.585857,0.522663,JPN,PRY,850140
2559048,231,180,9262,2001,10512.0,0.0,1.873674,0.168468,USA,PRY,850140
2559049,249,180,9262,2001,3903.0,0.0,1.5731700000000002,1.353159,TWN,PRY,850140
2559050,8,185,9262,2001,0.0,223224.0,0.287698,0.547137,ARG,ROU,850140
2559051,14,185,9262,2001,0.0,31160.0,0.29463,0.772375,AUS,ROU,850140
2559052,15,185,9262,2001,17095.0,17978.0,1.8571650000000002,0.603191,AUT,ROU,850140
2559053,18,185,9262,2001,23452.0,11739.0,1.4328370000000001,1.408495,BEL,ROU,850140
2559054,23,185,9262,2001,8131.0,0.0,0.41425100000000004,1.639866,BGR,ROU,850140
2559055,39,185,9262,2001,1674.0,0.0,0.971827,1.105171,CAN,ROU,850140
2559056,41,185,9262,2001,10983.0,0.0,2.227246,0.553956,CHE,ROU,850140
2559057,42,185,9262,2001,0.0,25361.0,-0.004658,-0.002548,CHL,ROU,850140
2559058,43,185,9262,2001,2989.0,0.0,0.525171,3.092963,CHN,ROU,850140
2559059,59,185,9262,2001,5221.0,368821.0,1.485703,1.109305,CZE,ROU,850140
2559060,61,185,9262,2001,104889.0,119647.0,2.321375,-2.1110990000000003,DEU,ROU,850140
2559061,64,185,9262,2001,2909.0,0.0,1.261883,1.351875,DNK,ROU,850140
2559062,68,185,9262,2001,0.0,352612.0,-0.373576,0.366385,EGY,ROU,850140
2559063,71,185,9262,2001,7697.0,961299.0,1.079664,1.9842220000000002,ESP,ROU,850140
2559064,74,185,9262,2001,1367.0,0.0,2.069141,0.9375180000000001,FIN,ROU,850140
2559065,77,185,9262,2001,5158.0,526951.0,1.653507,0.797582,FRA,ROU,850140
2559066,81,185,9262,2001,2504.0,1872781.0,1.976894,0.685435,GBR,ROU,850140
2559067,90,185,9262,2001,33561.0,87325.0,0.31387600000000004,1.3614600000000001,GRC,ROU,850140
2559068,97,185,9262,2001,852.0,0.0,0.521528,2.3025,HKG,ROU,850140
2559069,100,185,9262,2001,0.0,12371.0,0.544596,0.969535,HRV,ROU,850140
2559070,102,185,9262,2001,37229.0,223157.0,1.102262,1.138016,HUN,ROU,850140
2559071,110,185,9262,2001,0.0,1677.0,1.374873,0.775594,ISR,ROU,850140
2559072,111,185,9262,2001,121371.0,22146134.0,1.389926,1.282143,ITA,ROU,850140
2559073,114,185,9262,2001,584.0,0.0,2.585857,0.522663,JPN,ROU,850140
2559074,121,185,9262,2001,40646.0,0.0,1.145797,1.0762399999999999,KOR,ROU,850140
2559075,132,185,9262,2001,0.0,2215.0,0.404136,0.461009,LVA,ROU,850140
2559076,134,185,9262,2001,0.0,7253.0,-0.75275,-0.280397,MAR,ROU,850140
2559077,135,185,9262,2001,0.0,975.0,-0.024822,-0.15323399999999998,MDA,ROU,850140
2559078,138,185,9262,2001,1127.0,0.0,0.797058,0.713234,MEX,ROU,850140
2559079,140,185,9262,2001,60625.0,0.0,0.033097,0.43516499999999997,MKD,ROU,850140
2559080,162,185,9262,2001,5994.0,0.0,1.315685,1.590935,NLD,ROU,850140
2559081,163,185,9262,2001,0.0,5019.0,0.974814,0.06512000000000001,NOR,ROU,850140
2559082,177,185,9262,2001,2523.0,310197.0,0.9474540000000001,1.8408220000000002,POL,ROU,850140
2559083,186,185,9262,2001,0.0,545637.0,0.945816,0.35027600000000003,RUS,ROU,850140
2559084,189,185,9262,2001,0.0,5238.0,0.45280200000000004,2.469852,SCG,ROU,850140
2559085,206,185,9262,2001,2752.0,0.0,1.1732770000000001,1.088576,SVK,ROU,850140
2559086,207,185,9262,2001,895.0,0.0,1.5074370000000001,1.1370040000000001,SVN,ROU,850140
2559087,208,185,9262,2001,1580.0,48260.0,2.156845,0.784439,SWE,ROU,850140
2559088,212,185,9262,2001,0.0,39259.0,-1.057217,-0.716331,SYR,ROU,850140
2559089,224,185,9262,2001,4473.0,172914.0,0.188773,1.91451,TUR,ROU,850140
2559090,231,185,9262,2001,10437.0,0.0,1.873674,0.168468,USA,ROU,850140
2559091,250,185,9262,2001,75516.0,0.0,1.096023,-0.33562600000000004,ANS,ROU,850140
2559092,7,192,9262,2001,0.0,1966.0,-0.193984,-0.457124,ARE,SGP,850140
2559093,8,192,9262,2001,0.0,7534.0,0.287698,0.547137,ARG,SGP,850140
2559094,14,192,9262,2001,8333.0,39280.0,0.29463,0.772375,AUS,SGP,850140
2559095,15,192,9262,2001,3697.0,0.0,1.8571650000000002,0.603191,AUT,SGP,850140
2559096,18,192,9262,2001,2350.0,54380.0,1.4328370000000001,1.408495,BEL,SGP,850140
2559097,22,192,9262,2001,0.0,19380.0,-1.0406739999999999,-1.010108,BGD,SGP,850140
2559098,32,192,9262,2001,1850.0,0.0,0.672496,1.051848,BRA,SGP,850140
2559099,34,192,9262,2001,0.0,7801.0,-0.8654209999999999,-0.930599,BRN,SGP,850140
2559100,39,192,9262,2001,8688.0,1699627.0,0.971827,1.105171,CAN,SGP,850140
2559101,41,192,9262,2001,27117.0,0.0,2.227246,0.553956,CHE,SGP,850140
2559102,43,192,9262,2001,736745.0,176815.0,0.525171,3.092963,CHN,SGP,850140
2559103,44,192,9262,2001,0.0,3151.0,-0.715949,-0.524428,CIV,SGP,850140
2559104,59,192,9262,2001,0.0,25229.0,1.485703,1.109305,CZE,SGP,850140
2559105,61,192,9262,2001,472724.0,7219.0,2.321375,-2.1110990000000003,DEU,SGP,850140
2559106,64,192,9262,2001,374364.0,5725.0,1.261883,1.351875,DNK,SGP,850140
2559107,71,192,9262,2001,558240.0,0.0,1.079664,1.9842220000000002,ESP,SGP,850140
2559108,74,192,9262,2001,8047.0,2328.0,2.069141,0.9375180000000001,FIN,SGP,850140
2559109,77,192,9262,2001,33862.0,85380.0,1.653507,0.797582,FRA,SGP,850140
2559110,81,192,9262,2001,40261.0,16726.0,1.976894,0.685435,GBR,SGP,850140
2559111,97,192,9262,2001,843210.0,1274977.0,0.521528,2.3025,HKG,SGP,850140
2559112,102,192,9262,2001,2837.0,95059.0,1.102262,1.138016,HUN,SGP,850140
2559113,103,192,9262,2001,26461094.0,451344.0,-0.167771,1.6587889999999998,IDN,SGP,850140
2559114,104,192,9262,2001,36831.0,164271.0,0.349744,2.665844,IND,SGP,850140
2559115,107,192,9262,2001,0.0,172976.0,-0.7732479999999999,-0.8979370000000001,IRN,SGP,850140
2559116,110,192,9262,2001,6194.0,0.0,1.374873,0.775594,ISR,SGP,850140
2559117,111,192,9262,2001,533598.0,1285.0,1.389926,1.282143,ITA,SGP,850140
2559118,112,192,9262,2001,0.0,2364.0,-0.541582,-0.837248,JAM,SGP,850140
2559119,113,192,9262,2001,0.0,4372.0,0.375134,0.581558,JOR,SGP,850140
2559120,114,192,9262,2001,2220964.0,248378.0,2.585857,0.522663,JPN,SGP,850140
2559121,118,192,9262,2001,0.0,2024.0,-1.231058,-1.154536,KHM,SGP,850140
2559122,121,192,9262,2001,1176026.0,21007.0,1.145797,1.0762399999999999,KOR,SGP,850140
2559123,128,192,9262,2001,0.0,223735.0,-0.722434,-0.033818,LKA,SGP,850140
2559124,133,192,9262,2001,1033.0,0.0,-0.608406,-0.521662,MAC,SGP,850140
2559125,137,192,9262,2001,0.0,8565.0,-0.980734,-0.9785659999999999,MDV,SGP,850140
2559126,138,192,9262,2001,0.0,34652.0,0.797058,0.713234,MEX,SGP,850140
2559127,143,192,9262,2001,0.0,15845.0,-1.5627,-1.150854,MMR,SGP,850140
2559128,145,192,9262,2001,0.0,4005.0,-0.691001,-0.9284180000000001,MNG,SGP,850140
2559129,151,192,9262,2001,7735.0,1363.0,-0.410422,-0.5868369999999999,MUS,SGP,850140
2559130,153,192,9262,2001,1000057.0,6381105.0,0.768174,0.307033,MYS,SGP,850140
2559131,159,192,9262,2001,0.0,29372.0,-1.966439,-1.2724520000000001,NGA,SGP,850140
2559132,162,192,9262,2001,113774.0,6714.0,1.315685,1.590935,NLD,SGP,850140
2559133,163,192,9262,2001,5080.0,0.0,0.974814,0.06512000000000001,NOR,SGP,850140
2559134,166,192,9262,2001,62180.0,5031.0,0.521409,0.683134,NZL,SGP,850140
2559135,167,192,9262,2001,0.0,9177.0,-0.909329,-1.189698,OMN,SGP,850140
2559136,168,192,9262,2001,0.0,7810.0,-0.8376520000000001,-0.378743,PAK,SGP,850140
2559137,174,192,9262,2001,4472.0,499202.0,-0.028201,-0.112349,PHL,SGP,850140
2559138,176,192,9262,2001,0.0,8097.0,-1.503929,-1.199463,PNG,SGP,850140
2559139,177,192,9262,2001,3659.0,0.0,0.9474540000000001,1.8408220000000002,POL,SGP,850140
2559140,186,192,9262,2001,0.0,172487.0,0.945816,0.35027600000000003,RUS,SGP,850140
2559141,188,192,9262,2001,0.0,182332.0,0.5370550000000001,-0.793469,SAU,SGP,850140
2559142,208,192,9262,2001,10408.0,0.0,2.156845,0.784439,SWE,SGP,850140
2559143,211,192,9262,2001,0.0,1773.0,0.065059,-0.7806489999999999,SYC,SGP,850140
2559144,216,192,9262,2001,174616.0,99875.0,0.37555900000000003,1.498267,THA,SGP,850140
2559145,224,192,9262,2001,3695.0,996.0,0.188773,1.91451,TUR,SGP,850140
2559146,230,192,9262,2001,0.0,1969.0,0.36029,0.298869,URY,SGP,850140
2559147,231,192,9262,2001,5281961.0,426693.0,1.873674,0.168468,USA,SGP,850140
2559148,239,192,9262,2001,984.0,67890.0,-0.6692130000000001,0.610992,VNM,SGP,850140
2559149,243,192,9262,2001,0.0,15599.0,-1.465154,-1.261615,YEM,SGP,850140
2559150,246,192,9262,2001,30848.0,6594.0,0.356842,2.006155,ZAF,SGP,850140
2559151,249,192,9262,2001,5748808.0,28043.0,1.5731700000000002,1.353159,TWN,SGP,850140
2559152,1,197,9262,2001,1536.0,0.0,-0.033686,-0.46412700000000007,AFG,SLV,850140
2559153,18,197,9262,2001,1468.0,0.0,1.4328370000000001,1.408495,BEL,SLV,850140
2559154,32,197,9262,2001,17353.0,0.0,0.672496,1.051848,BRA,SLV,850140
2559155,39,197,9262,2001,868.0,0.0,0.971827,1.105171,CAN,SLV,850140
2559156,43,197,9262,2001,3576.0,0.0,0.525171,3.092963,CHN,SLV,850140
2559157,61,197,9262,2001,1149.0,0.0,2.321375,-2.1110990000000003,DEU,SLV,850140
2559158,64,197,9262,2001,1579.0,0.0,1.261883,1.351875,DNK,SLV,850140
2559159,74,197,9262,2001,931.0,0.0,2.069141,0.9375180000000001,FIN,SLV,850140
2559160,81,197,9262,2001,1188.0,0.0,1.976894,0.685435,GBR,SLV,850140
2559161,93,197,9262,2001,24398.0,0.0,-0.5089520000000001,0.216677,GTM,SLV,850140
2559162,97,197,9262,2001,14566.0,0.0,0.521528,2.3025,HKG,SLV,850140
2559163,99,197,9262,2001,4256.0,0.0,-0.8003060000000001,-0.602097,HND,SLV,850140
2559164,104,197,9262,2001,1131.0,0.0,0.349744,2.665844,IND,SLV,850140
2559165,111,197,9262,2001,1952.0,0.0,1.389926,1.282143,ITA,SLV,850140
2559166,138,197,9262,2001,11135.0,0.0,0.797058,0.713234,MEX,SLV,850140
2559167,231,197,9262,2001,17409.0,0.0,1.873674,0.168468,USA,SLV,850140
2559168,249,197,9262,2001,29707.0,0.0,1.5731700000000002,1.353159,TWN,SLV,850140
2559169,111,205,9262,2001,6154.0,0.0,1.389926,1.282143,ITA,SUR,850140
2559170,162,205,9262,2001,4783.0,0.0,1.315685,1.590935,NLD,SUR,850140
2559171,231,205,9262,2001,27252.0,0.0,1.873674,0.168468,USA,SUR,850140
2559172,249,205,9262,2001,1166.0,0.0,1.5731700000000002,1.353159,TWN,SUR,850140
2559173,8,208,9262,2001,0.0,5684.0,0.287698,0.547137,ARG,SWE,850140
2559174,14,208,9262,2001,0.0,9598.0,0.29463,0.772375,AUS,SWE,850140
2559175,15,208,9262,2001,1959206.0,9771.0,1.8571650000000002,0.603191,AUT,SWE,850140
2559176,18,208,9262,2001,51719.0,267081.0,1.4328370000000001,1.408495,BEL,SWE,850140
2559177,21,208,9262,2001,0.0,791.0,-0.291485,-0.20803000000000002,BFA,SWE,850140
2559178,23,208,9262,2001,0.0,1190.0,0.41425100000000004,1.639866,BGR,SWE,850140
2559179,24,208,9262,2001,0.0,12503.0,-0.11008399999999999,-1.053611,BHR,SWE,850140
2559180,28,208,9262,2001,0.0,2359.0,0.804404,0.936773,BLR,SWE,850140
2559181,32,208,9262,2001,3968.0,2545.0,0.672496,1.051848,BRA,SWE,850140
2559182,34,208,9262,2001,0.0,1099.0,-0.8654209999999999,-0.930599,BRN,SWE,850140
2559183,39,208,9262,2001,18813.0,9983.0,0.971827,1.105171,CAN,SWE,850140
2559184,41,208,9262,2001,193302.0,33909.0,2.227246,0.553956,CHE,SWE,850140
2559185,42,208,9262,2001,0.0,12056.0,-0.004658,-0.002548,CHL,SWE,850140
2559186,43,208,9262,2001,104072.0,922524.0,0.525171,3.092963,CHN,SWE,850140
2559187,59,208,9262,2001,162164.0,84001.0,1.485703,1.109305,CZE,SWE,850140
2559188,61,208,9262,2001,3923494.0,143547.0,2.321375,-2.1110990000000003,DEU,SWE,850140
2559189,64,208,9262,2001,482525.0,2240181.0,1.261883,1.351875,DNK,SWE,850140
2559190,66,208,9262,2001,0.0,755.0,-0.663363,-1.158295,DZA,SWE,850140
2559191,67,208,9262,2001,0.0,8120.0,-0.852642,-0.896374,ECU,SWE,850140
2559192,68,208,9262,2001,0.0,7890.0,-0.373576,0.366385,EGY,SWE,850140
2559193,71,208,9262,2001,572876.0,151590.0,1.079664,1.9842220000000002,ESP,SWE,850140
2559194,72,208,9262,2001,0.0,1994.0,0.5746829999999999,0.9073899999999999,EST,SWE,850140
2559195,74,208,9262,2001,69415.0,579652.0,2.069141,0.9375180000000001,FIN,SWE,850140
2559196,77,208,9262,2001,2980998.0,75544.0,1.653507,0.797582,FRA,SWE,850140
2559197,81,208,9262,2001,553714.0,1368878.0,1.976894,0.685435,GBR,SWE,850140
2559198,90,208,9262,2001,0.0,1237.0,0.31387600000000004,1.3614600000000001,GRC,SWE,850140
2559199,97,208,9262,2001,105221.0,11695.0,0.521528,2.3025,HKG,SWE,850140
2559200,100,208,9262,2001,1910.0,17414.0,0.544596,0.969535,HRV,SWE,850140
2559201,102,208,9262,2001,11837.0,2947520.0,1.102262,1.138016,HUN,SWE,850140
2559202,103,208,9262,2001,156353.0,0.0,-0.167771,1.6587889999999998,IDN,SWE,850140
2559203,104,208,9262,2001,72369.0,16230.0,0.349744,2.665844,IND,SWE,850140
2559204,106,208,9262,2001,0.0,15248.0,1.664233,0.129983,IRL,SWE,850140
2559205,107,208,9262,2001,0.0,1762.0,-0.7732479999999999,-0.8979370000000001,IRN,SWE,850140
2559206,109,208,9262,2001,0.0,1347.0,0.032382999999999995,-0.51054,ISL,SWE,850140
2559207,110,208,9262,2001,2130.0,12994.0,1.374873,0.775594,ISR,SWE,850140
2559208,111,208,9262,2001,1996203.0,28530.0,1.389926,1.282143,ITA,SWE,850140
2559209,112,208,9262,2001,0.0,1155.0,-0.541582,-0.837248,JAM,SWE,850140
2559210,113,208,9262,2001,0.0,18954.0,0.375134,0.581558,JOR,SWE,850140
2559211,114,208,9262,2001,371602.0,8977.0,2.585857,0.522663,JPN,SWE,850140
2559212,121,208,9262,2001,157470.0,32813.0,1.145797,1.0762399999999999,KOR,SWE,850140
2559213,126,208,9262,2001,0.0,1260.0,-0.9321459999999999,-1.198124,LBY,SWE,850140
2559214,128,208,9262,2001,0.0,697.0,-0.722434,-0.033818,LKA,SWE,850140
2559215,130,208,9262,2001,0.0,24487.0,0.15706900000000001,0.416663,LTU,SWE,850140
2559216,132,208,9262,2001,0.0,1745.0,0.404136,0.461009,LVA,SWE,850140
2559217,138,208,9262,2001,0.0,17653.0,0.797058,0.713234,MEX,SWE,850140
2559218,153,208,9262,2001,90944.0,4533.0,0.768174,0.307033,MYS,SWE,850140
2559219,156,208,9262,2001,0.0,2900.0,-0.837087,-0.9207040000000001,NCL,SWE,850140
2559220,162,208,9262,2001,600793.0,25649.0,1.315685,1.590935,NLD,SWE,850140
2559221,163,208,9262,2001,69713.0,994137.0,0.974814,0.06512000000000001,NOR,SWE,850140
2559222,166,208,9262,2001,0.0,6689.0,0.521409,0.683134,NZL,SWE,850140
2559223,174,208,9262,2001,0.0,10714.0,-0.028201,-0.112349,PHL,SWE,850140
2559224,177,208,9262,2001,381540.0,28858.0,0.9474540000000001,1.8408220000000002,POL,SWE,850140
2559225,179,208,9262,2001,0.0,2295.0,0.482048,1.662123,PRT,SWE,850140
2559226,185,208,9262,2001,48260.0,1580.0,0.326733,1.005332,ROU,SWE,850140
2559227,186,208,9262,2001,0.0,10199.0,0.945816,0.35027600000000003,RUS,SWE,850140
2559228,188,208,9262,2001,0.0,1450.0,0.5370550000000001,-0.793469,SAU,SWE,850140
2559229,192,208,9262,2001,0.0,10408.0,1.364239,0.721074,SGP,SWE,850140
2559230,206,208,9262,2001,13370.0,0.0,1.1732770000000001,1.088576,SVK,SWE,850140
2559231,207,208,9262,2001,1113070.0,15883.0,1.5074370000000001,1.1370040000000001,SVN,SWE,850140
2559232,216,208,9262,2001,0.0,4756.0,0.37555900000000003,1.498267,THA,SWE,850140
2559233,223,208,9262,2001,0.0,1960.0,-0.162152,0.23939699999999997,TUN,SWE,850140
2559234,224,208,9262,2001,0.0,8195.0,0.188773,1.91451,TUR,SWE,850140
2559235,225,208,9262,2001,0.0,1077.0,-0.12332699999999999,-0.172416,TUV,SWE,850140
2559236,228,208,9262,2001,0.0,3274.0,0.8376969999999999,0.989059,UKR,SWE,850140
2559237,231,208,9262,2001,956023.0,643709.0,1.873674,0.168468,USA,SWE,850140
2559238,236,208,9262,2001,0.0,1202.0,0.261158,-0.7397,VEN,SWE,850140
2559239,243,208,9262,2001,0.0,1359.0,-1.465154,-1.261615,YEM,SWE,850140
2559240,246,208,9262,2001,0.0,1045.0,0.356842,2.006155,ZAF,SWE,850140
2559241,248,208,9262,2001,0.0,4983.0,-0.6321829999999999,-0.453671,ZWE,SWE,850140
2559242,249,208,9262,2001,22511.0,1799.0,1.5731700000000002,1.353159,TWN,SWE,850140
2559243,7,216,9262,2001,12968.0,48377.0,-0.193984,-0.457124,ARE,THA,850140
2559244,8,216,9262,2001,0.0,5119.0,0.287698,0.547137,ARG,THA,850140
2559245,14,216,9262,2001,43715.0,5205424.0,0.29463,0.772375,AUS,THA,850140
2559246,18,216,9262,2001,0.0,538900.0,1.4328370000000001,1.408495,BEL,THA,850140
2559247,22,216,9262,2001,0.0,1990.0,-1.0406739999999999,-1.010108,BGD,THA,850140
2559248,23,216,9262,2001,12139.0,2156.0,0.41425100000000004,1.639866,BGR,THA,850140
2559249,24,216,9262,2001,0.0,7738.0,-0.11008399999999999,-1.053611,BHR,THA,850140
2559250,41,216,9262,2001,25647.0,0.0,2.227246,0.553956,CHE,THA,850140
2559251,42,216,9262,2001,0.0,3013.0,-0.004658,-0.002548,CHL,THA,850140
2559252,43,216,9262,2001,2461218.0,248213.0,0.525171,3.092963,CHN,THA,850140
2559253,54,216,9262,2001,0.0,475.0,-0.443391,-0.9599030000000001,CUB,THA,850140
2559254,58,216,9262,2001,0.0,16326.0,0.381251,0.257802,CYP,THA,850140
2559255,59,216,9262,2001,2343.0,0.0,1.485703,1.109305,CZE,THA,850140
2559256,61,216,9262,2001,62915.0,1852.0,2.321375,-2.1110990000000003,DEU,THA,850140
2559257,68,216,9262,2001,0.0,279500.0,-0.373576,0.366385,EGY,THA,850140
2559258,71,216,9262,2001,0.0,176413.0,1.079664,1.9842220000000002,ESP,THA,850140
2559259,74,216,9262,2001,0.0,4459.0,2.069141,0.9375180000000001,FIN,THA,850140
2559260,77,216,9262,2001,1732.0,8378.0,1.653507,0.797582,FRA,THA,850140
2559261,81,216,9262,2001,2337.0,2668.0,1.976894,0.685435,GBR,THA,850140
2559262,90,216,9262,2001,0.0,6276.0,0.31387600000000004,1.3614600000000001,GRC,THA,850140
2559263,97,216,9262,2001,396165.0,1143139.0,0.521528,2.3025,HKG,THA,850140
2559264,99,216,9262,2001,0.0,1638.0,-0.8003060000000001,-0.602097,HND,THA,850140
2559265,103,216,9262,2001,187803.0,12723.0,-0.167771,1.6587889999999998,IDN,THA,850140
2559266,104,216,9262,2001,145626.0,13415.0,0.349744,2.665844,IND,THA,850140
2559267,107,216,9262,2001,0.0,56064.0,-0.7732479999999999,-0.8979370000000001,IRN,THA,850140
2559268,110,216,9262,2001,0.0,1812.0,1.374873,0.775594,ISR,THA,850140
2559269,111,216,9262,2001,39400.0,13372.0,1.389926,1.282143,ITA,THA,850140
2559270,113,216,9262,2001,0.0,29888.0,0.375134,0.581558,JOR,THA,850140
2559271,114,216,9262,2001,5322504.0,3104448.0,2.585857,0.522663,JPN,THA,850140
2559272,121,216,9262,2001,10126026.0,165081.0,1.145797,1.0762399999999999,KOR,THA,850140
2559273,122,216,9262,2001,0.0,96873.0,-0.8197,-1.183758,KWT,THA,850140
2559274,123,216,9262,2001,0.0,10119.0,-1.298653,-1.164605,LAO,THA,850140
2559275,128,216,9262,2001,0.0,6482.0,-0.722434,-0.033818,LKA,THA,850140
2559276,138,216,9262,2001,0.0,2162891.0,0.797058,0.713234,MEX,THA,850140
2559277,142,216,9262,2001,0.0,2579.0,1.065032,-0.065239,MLT,THA,850140
2559278,151,216,9262,2001,0.0,2437.0,-0.410422,-0.5868369999999999,MUS,THA,850140
2559279,153,216,9262,2001,13571296.0,3925801.0,0.768174,0.307033,MYS,THA,850140
2559280,159,216,9262,2001,0.0,17182.0,-1.966439,-1.2724520000000001,NGA,THA,850140
2559281,162,216,9262,2001,7503.0,1793.0,1.315685,1.590935,NLD,THA,850140
2559282,166,216,9262,2001,0.0,111957.0,0.521409,0.683134,NZL,THA,850140
2559283,167,216,9262,2001,0.0,1771.0,-0.909329,-1.189698,OMN,THA,850140
2559284,168,216,9262,2001,0.0,3766.0,-0.8376520000000001,-0.378743,PAK,THA,850140
2559285,174,216,9262,2001,0.0,83467.0,-0.028201,-0.112349,PHL,THA,850140
2559286,178,216,9262,2001,3780.0,1223.0,0.62773,1.010888,PRK,THA,850140
2559287,186,216,9262,2001,0.0,42731.0,0.945816,0.35027600000000003,RUS,THA,850140
2559288,188,216,9262,2001,0.0,33630.0,0.5370550000000001,-0.793469,SAU,THA,850140
2559289,192,216,9262,2001,99875.0,174616.0,1.364239,0.721074,SGP,THA,850140
2559290,208,216,9262,2001,4756.0,0.0,2.156845,0.784439,SWE,THA,850140
2559291,212,216,9262,2001,0.0,15088.0,-1.057217,-0.716331,SYR,THA,850140
2559292,222,216,9262,2001,0.0,43090.0,0.178256,-0.709126,TTO,THA,850140
2559293,231,216,9262,2001,248537.0,194941.0,1.873674,0.168468,USA,THA,850140
2559294,236,216,9262,2001,0.0,5293.0,0.261158,-0.7397,VEN,THA,850140
2559295,239,216,9262,2001,0.0,11374.0,-0.6692130000000001,0.610992,VNM,THA,850140
2559296,246,216,9262,2001,0.0,6663.0,0.356842,2.006155,ZAF,THA,850140
2559297,249,216,9262,2001,674812.0,320784.0,1.5731700000000002,1.353159,TWN,THA,850140
2559298,29,222,9262,2001,6359.0,0.0,-0.297981,-0.695022,BLZ,TTO,850140
2559299,32,222,9262,2001,7829.0,0.0,0.672496,1.051848,BRA,TTO,850140
2559300,33,222,9262,2001,0.0,3920.0,0.725546,0.172345,BRB,TTO,850140
2559301,39,222,9262,2001,4409.0,0.0,0.971827,1.105171,CAN,TTO,850140
2559302,41,222,9262,2001,1491.0,0.0,2.227246,0.553956,CHE,TTO,850140
2559303,43,222,9262,2001,387201.0,0.0,0.525171,3.092963,CHN,TTO,850140
2559304,61,222,9262,2001,638.0,0.0,2.321375,-2.1110990000000003,DEU,TTO,850140
2559305,77,222,9262,2001,9511.0,0.0,1.653507,0.797582,FRA,TTO,850140
2559306,81,222,9262,2001,78624.0,0.0,1.976894,0.685435,GBR,TTO,850140
2559307,91,222,9262,2001,0.0,3269.0,-0.007888,-0.518167,GRD,TTO,850140
2559308,96,222,9262,2001,0.0,2194.0,-0.955816,-0.8593069999999999,GUY,TTO,850140
2559309,97,222,9262,2001,1147.0,0.0,0.521528,2.3025,HKG,TTO,850140
2559310,111,222,9262,2001,6063.0,0.0,1.389926,1.282143,ITA,TTO,850140
2559311,114,222,9262,2001,5178.0,0.0,2.585857,0.522663,JPN,TTO,850140
2559312,120,222,9262,2001,0.0,704.0,0.612222,-0.440733,KNA,TTO,850140
2559313,121,222,9262,2001,1968.0,0.0,1.145797,1.0762399999999999,KOR,TTO,850140
2559314,169,222,9262,2001,1691.0,3202.0,0.17588199999999998,0.422505,PAN,TTO,850140
2559315,216,222,9262,2001,43090.0,0.0,0.37555900000000003,1.498267,THA,TTO,850140
2559316,231,222,9262,2001,178326.0,795.0,1.873674,0.168468,USA,TTO,850140
2559317,234,222,9262,2001,0.0,1221.0,-0.5042,-0.7987609999999999,VCT,TTO,850140
2559318,236,222,9262,2001,0.0,118317.0,0.261158,-0.7397,VEN,TTO,850140
2559319,249,222,9262,2001,2666.0,0.0,1.5731700000000002,1.353159,TWN,TTO,850140
2559320,250,222,9262,2001,0.0,2338.0,1.096023,-0.33562600000000004,ANS,TTO,850140
2559321,8,224,9262,2001,0.0,2770.0,0.287698,0.547137,ARG,TUR,850140
2559322,14,224,9262,2001,0.0,2103.0,0.29463,0.772375,AUS,TUR,850140
2559323,15,224,9262,2001,4117.0,1813.0,1.8571650000000002,0.603191,AUT,TUR,850140
2559324,16,224,9262,2001,0.0,6881.0,-0.6731090000000001,-1.037922,AZE,TUR,850140
2559325,18,224,9262,2001,9801.0,0.0,1.4328370000000001,1.408495,BEL,TUR,850140
2559326,23,224,9262,2001,3369.0,1453.0,0.41425100000000004,1.639866,BGR,TUR,850140
2559327,32,224,9262,2001,15539.0,0.0,0.672496,1.051848,BRA,TUR,850140
2559328,39,224,9262,2001,1088.0,0.0,0.971827,1.105171,CAN,TUR,850140
2559329,41,224,9262,2001,23006.0,1148.0,2.227246,0.553956,CHE,TUR,850140
2559330,43,224,9262,2001,439171.0,0.0,0.525171,3.092963,CHN,TUR,850140
2559331,58,224,9262,2001,0.0,1796.0,0.381251,0.257802,CYP,TUR,850140
2559332,59,224,9262,2001,19917.0,2268.0,1.485703,1.109305,CZE,TUR,850140
2559333,61,224,9262,2001,1230743.0,11259.0,2.321375,-2.1110990000000003,DEU,TUR,850140
2559334,64,224,9262,2001,15732.0,0.0,1.261883,1.351875,DNK,TUR,850140
2559335,71,224,9262,2001,21805.0,36666.0,1.079664,1.9842220000000002,ESP,TUR,850140
2559336,77,224,9262,2001,265362.0,7124.0,1.653507,0.797582,FRA,TUR,850140
2559337,81,224,9262,2001,4198.0,19518.0,1.976894,0.685435,GBR,TUR,850140
2559338,83,224,9262,2001,1707.0,0.0,-0.961067,-0.780449,GHA,TUR,850140
2559339,90,224,9262,2001,0.0,79726.0,0.31387600000000004,1.3614600000000001,GRC,TUR,850140
2559340,97,224,9262,2001,105363.0,0.0,0.521528,2.3025,HKG,TUR,850140
2559341,102,224,9262,2001,16165.0,0.0,1.102262,1.138016,HUN,TUR,850140
2559342,107,224,9262,2001,0.0,105106.0,-0.7732479999999999,-0.8979370000000001,IRN,TUR,850140
2559343,110,224,9262,2001,1516.0,3714.0,1.374873,0.775594,ISR,TUR,850140
2559344,111,224,9262,2001,1577022.0,88378.0,1.389926,1.282143,ITA,TUR,850140
2559345,114,224,9262,2001,343591.0,0.0,2.585857,0.522663,JPN,TUR,850140
2559346,115,224,9262,2001,0.0,3622.0,0.009714,-0.525899,KAZ,TUR,850140
2559347,117,224,9262,2001,0.0,5478.0,0.23332199999999997,0.256019,KGZ,TUR,850140
2559348,121,224,9262,2001,1312971.0,0.0,1.145797,1.0762399999999999,KOR,TUR,850140
2559349,131,224,9262,2001,4898.0,0.0,1.470895,1.149007,LUX,TUR,850140
2559350,140,224,9262,2001,0.0,1530.0,0.033097,0.43516499999999997,MKD,TUR,850140
2559351,153,224,9262,2001,1921.0,9223.0,0.768174,0.307033,MYS,TUR,850140
2559352,162,224,9262,2001,64794.0,31604.0,1.315685,1.590935,NLD,TUR,850140
2559353,163,224,9262,2001,0.0,820.0,0.974814,0.06512000000000001,NOR,TUR,850140
2559354,173,224,9262,2001,0.0,971.0,-0.345519,0.202623,PER,TUR,850140
2559355,177,224,9262,2001,68504.0,0.0,0.9474540000000001,1.8408220000000002,POL,TUR,850140
2559356,179,224,9262,2001,0.0,1153.0,0.482048,1.662123,PRT,TUR,850140
2559357,185,224,9262,2001,172914.0,4473.0,0.326733,1.005332,ROU,TUR,850140
2559358,186,224,9262,2001,0.0,1457.0,0.945816,0.35027600000000003,RUS,TUR,850140
2559359,188,224,9262,2001,0.0,3719.0,0.5370550000000001,-0.793469,SAU,TUR,850140
2559360,189,224,9262,2001,0.0,3537.0,0.45280200000000004,2.469852,SCG,TUR,850140
2559361,192,224,9262,2001,996.0,3695.0,1.364239,0.721074,SGP,TUR,850140
2559362,207,224,9262,2001,0.0,1096.0,1.5074370000000001,1.1370040000000001,SVN,TUR,850140
2559363,208,224,9262,2001,8195.0,0.0,2.156845,0.784439,SWE,TUR,850140
2559364,219,224,9262,2001,0.0,1155.0,-1.24627,-1.2760209999999998,TKM,TUR,850140
2559365,223,224,9262,2001,0.0,145868.0,-0.162152,0.23939699999999997,TUN,TUR,850140
2559366,228,224,9262,2001,0.0,15883.0,0.8376969999999999,0.989059,UKR,TUR,850140
2559367,230,224,9262,2001,0.0,939.0,0.36029,0.298869,URY,TUR,850140
2559368,231,224,9262,2001,79645.0,3451.0,1.873674,0.168468,USA,TUR,850140
2559369,232,224,9262,2001,0.0,14264.0,-0.395913,-0.6454449999999999,UZB,TUR,850140
2559370,246,224,9262,2001,0.0,6062.0,0.356842,2.006155,ZAF,TUR,850140
2559371,249,224,9262,2001,422517.0,0.0,1.5731700000000002,1.353159,TWN,TUR,850140
2559372,250,224,9262,2001,16143.0,64320.0,1.096023,-0.33562600000000004,ANS,TUR,850140
2559373,0,231,9262,2001,0.0,3154.0,-0.084715,-0.844852,ABW,USA,850140
2559374,3,231,9262,2001,0.0,1246.0,1.1659469999999998,0.12369000000000001,AIA,USA,850140
2559375,7,231,9262,2001,0.0,189327.0,-0.193984,-0.457124,ARE,USA,850140
2559376,8,231,9262,2001,34869.0,95145.0,0.287698,0.547137,ARG,USA,850140
2559377,13,231,9262,2001,0.0,179961.0,-0.036838,-0.6593600000000001,ATG,USA,850140
2559378,14,231,9262,2001,22474.0,976657.0,0.29463,0.772375,AUS,USA,850140
2559379,15,231,9262,2001,195914.0,14587.0,1.8571650000000002,0.603191,AUT,USA,850140
2559380,18,231,9262,2001,330050.0,345223.0,1.4328370000000001,1.408495,BEL,USA,850140
2559381,23,231,9262,2001,0.0,1507.0,0.41425100000000004,1.639866,BGR,USA,850140
2559382,24,231,9262,2001,0.0,1352116.0,-0.11008399999999999,-1.053611,BHR,USA,850140
2559383,25,231,9262,2001,5033.0,4419.0,0.803267,-0.071853,BHS,USA,850140
2559384,26,231,9262,2001,0.0,66520.0,0.238083,0.362643,BIH,USA,850140
2559385,28,231,9262,2001,0.0,1402.0,0.804404,0.936773,BLR,USA,850140
2559386,29,231,9262,2001,0.0,52953.0,-0.297981,-0.695022,BLZ,USA,850140
2559387,30,231,9262,2001,0.0,34002.0,1.1006129999999998,-0.5565329999999999,BMU,USA,850140
2559388,31,231,9262,2001,0.0,23277.0,-0.680108,-0.678143,BOL,USA,850140
2559389,32,231,9262,2001,3464691.0,1498895.0,0.672496,1.051848,BRA,USA,850140
2559390,33,231,9262,2001,0.0,9180.0,0.725546,0.172345,BRB,USA,850140
2559391,34,231,9262,2001,0.0,14339.0,-0.8654209999999999,-0.930599,BRN,USA,850140
2559392,39,231,9262,2001,1142911.0,83232064.0,0.971827,1.105171,CAN,USA,850140
2559393,41,231,9262,2001,1316313.0,200911.0,2.227246,0.553956,CHE,USA,850140
2559394,42,231,9262,2001,2906.0,56406.0,-0.004658,-0.002548,CHL,USA,850140
2559395,43,231,9262,2001,65481892.0,2116134.0,0.525171,3.092963,CHN,USA,850140
2559396,45,231,9262,2001,0.0,1053.0,-1.6254879999999998,-1.212513,CMR,USA,850140
2559397,49,231,9262,2001,0.0,246934.0,0.30412,0.395913,COL,USA,850140
2559398,52,231,9262,2001,0.0,127145.0,0.069458,-0.042793,CRI,USA,850140
2559399,58,231,9262,2001,0.0,7550.0,0.381251,0.257802,CYP,USA,850140
2559400,59,231,9262,2001,62478.0,39661.0,1.485703,1.109305,CZE,USA,850140
2559401,61,231,9262,2001,6154334.0,2336790.0,2.321375,-2.1110990000000003,DEU,USA,850140
2559402,63,231,9262,2001,0.0,2124.0,0.613251,0.226998,DMA,USA,850140
2559403,64,231,9262,2001,108078.0,1073899.0,1.261883,1.351875,DNK,USA,850140
2559404,65,231,9262,2001,0.0,105802.0,-0.538419,-0.48773900000000003,DOM,USA,850140
2559405,66,231,9262,2001,0.0,208330.0,-0.663363,-1.158295,DZA,USA,850140
2559406,67,231,9262,2001,0.0,64672.0,-0.852642,-0.896374,ECU,USA,850140
2559407,68,231,9262,2001,0.0,4210376.0,-0.373576,0.366385,EGY,USA,850140
2559408,71,231,9262,2001,40796.0,818087.0,1.079664,1.9842220000000002,ESP,USA,850140
2559409,73,231,9262,2001,0.0,3689.0,-0.999149,-0.904072,ETH,USA,850140
2559410,74,231,9262,2001,166598.0,22606.0,2.069141,0.9375180000000001,FIN,USA,850140
2559411,77,231,9262,2001,11742293.0,591329.0,1.653507,0.797582,FRA,USA,850140
2559412,80,231,9262,2001,0.0,27054.0,-1.063007,-1.181284,GAB,USA,850140
2559413,81,231,9262,2001,4701951.0,3096720.0,1.976894,0.685435,GBR,USA,850140
2559414,82,231,9262,2001,6068.0,0.0,0.585568,-0.047744999999999996,GEO,USA,850140
2559415,83,231,9262,2001,0.0,1553.0,-0.961067,-0.780449,GHA,USA,850140
2559416,90,231,9262,2001,3321.0,372081.0,0.31387600000000004,1.3614600000000001,GRC,USA,850140
2559417,91,231,9262,2001,0.0,13239.0,-0.007888,-0.518167,GRD,USA,850140
2559418,93,231,9262,2001,1004.0,254629.0,-0.5089520000000001,0.216677,GTM,USA,850140
2559419,96,231,9262,2001,4487.0,18130.0,-0.955816,-0.8593069999999999,GUY,USA,850140
2559420,97,231,9262,2001,2617526.0,1078904.0,0.521528,2.3025,HKG,USA,850140
2559421,99,231,9262,2001,0.0,22873.0,-0.8003060000000001,-0.602097,HND,USA,850140
2559422,100,231,9262,2001,0.0,927.0,0.544596,0.969535,HRV,USA,850140
2559423,102,231,9262,2001,18699.0,46823.0,1.102262,1.138016,HUN,USA,850140
2559424,103,231,9262,2001,29760.0,105656.0,-0.167771,1.6587889999999998,IDN,USA,850140
2559425,104,231,9262,2001,10861099.0,49834.0,0.349744,2.665844,IND,USA,850140
2559426,106,231,9262,2001,12483.0,286059.0,1.664233,0.129983,IRL,USA,850140
2559427,107,231,9262,2001,0.0,19387.0,-0.7732479999999999,-0.8979370000000001,IRN,USA,850140
2559428,109,231,9262,2001,1930.0,28619.0,0.032382999999999995,-0.51054,ISL,USA,850140
2559429,110,231,9262,2001,155956.0,521740.0,1.374873,0.775594,ISR,USA,850140
2559430,111,231,9262,2001,15955725.0,3248805.0,1.389926,1.282143,ITA,USA,850140
2559431,112,231,9262,2001,1071.0,28908.0,-0.541582,-0.837248,JAM,USA,850140
2559432,113,231,9262,2001,0.0,2937.0,0.375134,0.581558,JOR,USA,850140
2559433,114,231,9262,2001,9472317.0,1698277.0,2.585857,0.522663,JPN,USA,850140
2559434,115,231,9262,2001,0.0,1697.0,0.009714,-0.525899,KAZ,USA,850140
2559435,116,231,9262,2001,2926.0,78742.0,-0.529388,0.092271,KEN,USA,850140
2559436,118,231,9262,2001,0.0,1164.0,-1.231058,-1.154536,KHM,USA,850140
2559437,120,231,9262,2001,1046.0,3251.0,0.612222,-0.440733,KNA,USA,850140
2559438,121,231,9262,2001,15011572.0,2805510.0,1.145797,1.0762399999999999,KOR,USA,850140
2559439,122,231,9262,2001,0.0,466366.0,-0.8197,-1.183758,KWT,USA,850140
2559440,124,231,9262,2001,0.0,26336.0,0.165355,0.988008,LBN,USA,850140
2559441,127,231,9262,2001,0.0,20976.0,0.004518,-0.5326770000000001,LCA,USA,850140
2559442,128,231,9262,2001,0.0,4520.0,-0.722434,-0.033818,LKA,USA,850140
2559443,130,231,9262,2001,1714.0,1573.0,0.15706900000000001,0.416663,LTU,USA,850140
2559444,131,231,9262,2001,30637.0,41924.0,1.470895,1.149007,LUX,USA,850140
2559445,133,231,9262,2001,0.0,1386.0,-0.608406,-0.521662,MAC,USA,850140
2559446,134,231,9262,2001,0.0,10167.0,-0.75275,-0.280397,MAR,USA,850140
2559447,138,231,9262,2001,792595072.0,19306442.0,0.797058,0.713234,MEX,USA,850140
2559448,141,231,9262,2001,0.0,144388.0,-0.40341,-0.626402,MLI,USA,850140
2559449,151,231,9262,2001,0.0,109093.0,-0.410422,-0.5868369999999999,MUS,USA,850140
2559450,153,231,9262,2001,12462.0,615831.0,0.768174,0.307033,MYS,USA,850140
2559451,156,231,9262,2001,0.0,3376.0,-0.837087,-0.9207040000000001,NCL,USA,850140
2559452,159,231,9262,2001,0.0,45241.0,-1.966439,-1.2724520000000001,NGA,USA,850140
2559453,160,231,9262,2001,0.0,13949.0,-0.8917430000000001,-0.713179,NIC,USA,850140
2559454,162,231,9262,2001,516852.0,572722.0,1.315685,1.590935,NLD,USA,850140
2559455,163,231,9262,2001,2802.0,159853.0,0.974814,0.06512000000000001,NOR,USA,850140
2559456,166,231,9262,2001,27641.0,3599022.0,0.521409,0.683134,NZL,USA,850140
2559457,167,231,9262,2001,0.0,3018.0,-0.909329,-1.189698,OMN,USA,850140
2559458,168,231,9262,2001,0.0,62300.0,-0.8376520000000001,-0.378743,PAK,USA,850140
2559459,169,231,9262,2001,0.0,8605.0,0.17588199999999998,0.422505,PAN,USA,850140
2559460,173,231,9262,2001,0.0,63908.0,-0.345519,0.202623,PER,USA,850140
2559461,174,231,9262,2001,247907.0,2429662.0,-0.028201,-0.112349,PHL,USA,850140
2559462,176,231,9262,2001,0.0,8735.0,-1.503929,-1.199463,PNG,USA,850140
2559463,177,231,9262,2001,0.0,2629.0,0.9474540000000001,1.8408220000000002,POL,USA,850140
2559464,179,231,9262,2001,0.0,21401.0,0.482048,1.662123,PRT,USA,850140
2559465,180,231,9262,2001,0.0,10512.0,-0.68893,-0.9326690000000001,PRY,USA,850140
2559466,182,231,9262,2001,0.0,9088.0,-0.005456,-0.7210770000000001,PYF,USA,850140
2559467,183,231,9262,2001,0.0,3123.0,-0.46564799999999995,-1.127634,QAT,USA,850140
2559468,185,231,9262,2001,0.0,10437.0,0.326733,1.005332,ROU,USA,850140
2559469,186,231,9262,2001,5169.0,21457.0,0.945816,0.35027600000000003,RUS,USA,850140
2559470,188,231,9262,2001,0.0,31751812.0,0.5370550000000001,-0.793469,SAU,USA,850140
2559471,192,231,9262,2001,426693.0,5281961.0,1.364239,0.721074,SGP,USA,850140
2559472,197,231,9262,2001,0.0,17409.0,-0.181554,-0.031294,SLV,USA,850140
2559473,205,231,9262,2001,0.0,27252.0,-0.650556,-0.801128,SUR,USA,850140
2559474,206,231,9262,2001,5299636.0,24107.0,1.1732770000000001,1.088576,SVK,USA,850140
2559475,207,231,9262,2001,364879.0,11733.0,1.5074370000000001,1.1370040000000001,SVN,USA,850140
2559476,208,231,9262,2001,643709.0,956023.0,2.156845,0.784439,SWE,USA,850140
2559477,212,231,9262,2001,0.0,55555.0,-1.057217,-0.716331,SYR,USA,850140
2559478,215,231,9262,2001,0.0,1108.0,-0.758725,-0.577004,TGO,USA,850140
2559479,216,231,9262,2001,194941.0,248537.0,0.37555900000000003,1.498267,THA,USA,850140
2559480,222,231,9262,2001,795.0,178326.0,0.178256,-0.709126,TTO,USA,850140
2559481,223,231,9262,2001,0.0,227347.0,-0.162152,0.23939699999999997,TUN,USA,850140
2559482,224,231,9262,2001,3451.0,79645.0,0.188773,1.91451,TUR,USA,850140
2559483,227,231,9262,2001,0.0,1535.0,-0.9694860000000001,-0.840592,UGA,USA,850140
2559484,228,231,9262,2001,0.0,6532.0,0.8376969999999999,0.989059,UKR,USA,850140
2559485,230,231,9262,2001,0.0,22827.0,0.36029,0.298869,URY,USA,850140
2559486,234,231,9262,2001,0.0,6702.0,-0.5042,-0.7987609999999999,VCT,USA,850140
2559487,236,231,9262,2001,204156.0,741595.0,0.261158,-0.7397,VEN,USA,850140
2559488,237,231,9262,2001,0.0,3475.0,0.759566,-0.16636099999999998,VGB,USA,850140
2559489,239,231,9262,2001,0.0,45234.0,-0.6692130000000001,0.610992,VNM,USA,850140
2559490,246,231,9262,2001,13475.0,277593.0,0.356842,2.006155,ZAF,USA,850140
2559491,248,231,9262,2001,0.0,8141.0,-0.6321829999999999,-0.453671,ZWE,USA,850140
2559492,249,231,9262,2001,4195798.0,2791888.0,1.5731700000000002,1.353159,TWN,USA,850140
2559493,6,236,9262,2001,6585.0,0.0,0.260662,-0.66681,ANT,VEN,850140
2559494,8,236,9262,2001,256031.0,0.0,0.287698,0.547137,ARG,VEN,850140
2559495,15,236,9262,2001,51289.0,0.0,1.8571650000000002,0.603191,AUT,VEN,850140
2559496,32,236,9262,2001,2005704.0,0.0,0.672496,1.051848,BRA,VEN,850140
2559497,39,236,9262,2001,1104.0,0.0,0.971827,1.105171,CAN,VEN,850140
2559498,41,236,9262,2001,2060.0,0.0,2.227246,0.553956,CHE,VEN,850140
2559499,43,236,9262,2001,658474.0,0.0,0.525171,3.092963,CHN,VEN,850140
2559500,49,236,9262,2001,330158.0,83342.0,0.30412,0.395913,COL,VEN,850140
2559501,54,236,9262,2001,0.0,945.0,-0.443391,-0.9599030000000001,CUB,VEN,850140
2559502,61,236,9262,2001,126295.0,2333.0,2.321375,-2.1110990000000003,DEU,VEN,850140
2559503,65,236,9262,2001,0.0,15642.0,-0.538419,-0.48773900000000003,DOM,VEN,850140
2559504,67,236,9262,2001,0.0,5465.0,-0.852642,-0.896374,ECU,VEN,850140
2559505,71,236,9262,2001,25101.0,0.0,1.079664,1.9842220000000002,ESP,VEN,850140
2559506,77,236,9262,2001,18229.0,0.0,1.653507,0.797582,FRA,VEN,850140
2559507,81,236,9262,2001,4759.0,0.0,1.976894,0.685435,GBR,VEN,850140
2559508,93,236,9262,2001,27574.0,0.0,-0.5089520000000001,0.216677,GTM,VEN,850140
2559509,97,236,9262,2001,39599.0,0.0,0.521528,2.3025,HKG,VEN,850140
2559510,111,236,9262,2001,85974.0,0.0,1.389926,1.282143,ITA,VEN,850140
2559511,114,236,9262,2001,3470.0,0.0,2.585857,0.522663,JPN,VEN,850140
2559512,121,236,9262,2001,5099.0,0.0,1.145797,1.0762399999999999,KOR,VEN,850140
2559513,138,236,9262,2001,4255806.0,37208.0,0.797058,0.713234,MEX,VEN,850140
2559514,162,236,9262,2001,1641.0,0.0,1.315685,1.590935,NLD,VEN,850140
2559515,169,236,9262,2001,3496.0,0.0,0.17588199999999998,0.422505,PAN,VEN,850140
2559516,173,236,9262,2001,3443.0,4371.0,-0.345519,0.202623,PER,VEN,850140
2559517,208,236,9262,2001,1202.0,0.0,2.156845,0.784439,SWE,VEN,850140
2559518,216,236,9262,2001,5293.0,0.0,0.37555900000000003,1.498267,THA,VEN,850140
2559519,222,236,9262,2001,118317.0,0.0,0.178256,-0.709126,TTO,VEN,850140
2559520,231,236,9262,2001,741595.0,204156.0,1.873674,0.168468,USA,VEN,850140
2559521,249,236,9262,2001,63243.0,0.0,1.5731700000000002,1.353159,TWN,VEN,850140
2559522,14,239,9262,2001,1762.0,1938.0,0.29463,0.772375,AUS,VNM,850140
2559523,18,239,9262,2001,98253.0,0.0,1.4328370000000001,1.408495,BEL,VNM,850140
2559524,32,239,9262,2001,0.0,729078.0,0.672496,1.051848,BRA,VNM,850140
2559525,43,239,9262,2001,310815.0,237641.0,0.525171,3.092963,CHN,VNM,850140
2559526,49,239,9262,2001,0.0,372533.0,0.30412,0.395913,COL,VNM,850140
2559527,59,239,9262,2001,4494.0,0.0,1.485703,1.109305,CZE,VNM,850140
2559528,61,239,9262,2001,2505.0,0.0,2.321375,-2.1110990000000003,DEU,VNM,850140
2559529,71,239,9262,2001,1964.0,0.0,1.079664,1.9842220000000002,ESP,VNM,850140
2559530,81,239,9262,2001,14402.0,176341.0,1.976894,0.685435,GBR,VNM,850140
2559531,97,239,9262,2001,95795.0,7691.0,0.521528,2.3025,HKG,VNM,850140
2559532,103,239,9262,2001,18694.0,15026.0,-0.167771,1.6587889999999998,IDN,VNM,850140
2559533,104,239,9262,2001,15769.0,0.0,0.349744,2.665844,IND,VNM,850140
2559534,111,239,9262,2001,78869.0,0.0,1.389926,1.282143,ITA,VNM,850140
2559535,114,239,9262,2001,143208.0,19730.0,2.585857,0.522663,JPN,VNM,850140
2559536,118,239,9262,2001,0.0,29172.0,-1.231058,-1.154536,KHM,VNM,850140
2559537,121,239,9262,2001,8040.0,0.0,1.145797,1.0762399999999999,KOR,VNM,850140
2559538,153,239,9262,2001,9276.0,137385.0,0.768174,0.307033,MYS,VNM,850140
2559539,174,239,9262,2001,0.0,56016.0,-0.028201,-0.112349,PHL,VNM,850140
2559540,192,239,9262,2001,67890.0,984.0,1.364239,0.721074,SGP,VNM,850140
2559541,216,239,9262,2001,11374.0,0.0,0.37555900000000003,1.498267,THA,VNM,850140
2559542,231,239,9262,2001,45234.0,0.0,1.873674,0.168468,USA,VNM,850140
2559543,249,239,9262,2001,423846.0,1415082.0,1.5731700000000002,1.353159,TWN,VNM,850140
2559544,7,249,9262,2001,0.0,134097.0,-0.193984,-0.457124,ARE,TWN,850140
2559545,8,249,9262,2001,0.0,114570.0,0.287698,0.547137,ARG,TWN,850140
2559546,14,249,9262,2001,0.0,792494.0,0.29463,0.772375,AUS,TWN,850140
2559547,15,249,9262,2001,0.0,19361.0,1.8571650000000002,0.603191,AUT,TWN,850140
2559548,18,249,9262,2001,0.0,27030.0,1.4328370000000001,1.408495,BEL,TWN,850140
2559549,22,249,9262,2001,0.0,64073.0,-1.0406739999999999,-1.010108,BGD,TWN,850140
2559550,24,249,9262,2001,0.0,4530.0,-0.11008399999999999,-1.053611,BHR,TWN,850140
2559551,28,249,9262,2001,3863.0,0.0,0.804404,0.936773,BLR,TWN,850140
2559552,29,249,9262,2001,0.0,6964.0,-0.297981,-0.695022,BLZ,TWN,850140
2559553,31,249,9262,2001,0.0,10624.0,-0.680108,-0.678143,BOL,TWN,850140
2559554,32,249,9262,2001,1080.0,817267.0,0.672496,1.051848,BRA,TWN,850140
2559555,39,249,9262,2001,13223.0,776348.0,0.971827,1.105171,CAN,TWN,850140
2559556,41,249,9262,2001,47852.0,6538.0,2.227246,0.553956,CHE,TWN,850140
2559557,42,249,9262,2001,0.0,49102.0,-0.004658,-0.002548,CHL,TWN,850140
2559558,43,249,9262,2001,4509010.0,3590691.0,0.525171,3.092963,CHN,TWN,850140
2559559,49,249,9262,2001,0.0,12391.0,0.30412,0.395913,COL,TWN,850140
2559560,52,249,9262,2001,0.0,11126.0,0.069458,-0.042793,CRI,TWN,850140
2559561,54,249,9262,2001,0.0,19572.0,-0.443391,-0.9599030000000001,CUB,TWN,850140
2559562,58,249,9262,2001,0.0,7255.0,0.381251,0.257802,CYP,TWN,850140
2559563,59,249,9262,2001,8246.0,195598.0,1.485703,1.109305,CZE,TWN,850140
2559564,61,249,9262,2001,95969.0,515428.0,2.321375,-2.1110990000000003,DEU,TWN,850140
2559565,64,249,9262,2001,4825.0,3358.0,1.261883,1.351875,DNK,TWN,850140
2559566,65,249,9262,2001,0.0,1325.0,-0.538419,-0.48773900000000003,DOM,TWN,850140
2559567,67,249,9262,2001,0.0,153371.0,-0.852642,-0.896374,ECU,TWN,850140
2559568,68,249,9262,2001,0.0,631433.0,-0.373576,0.366385,EGY,TWN,850140
2559569,71,249,9262,2001,0.0,164033.0,1.079664,1.9842220000000002,ESP,TWN,850140
2559570,74,249,9262,2001,0.0,9720.0,2.069141,0.9375180000000001,FIN,TWN,850140
2559571,77,249,9262,2001,5073.0,102052.0,1.653507,0.797582,FRA,TWN,850140
2559572,81,249,9262,2001,401651.0,179218.0,1.976894,0.685435,GBR,TWN,850140
2559573,90,249,9262,2001,0.0,110438.0,0.31387600000000004,1.3614600000000001,GRC,TWN,850140
2559574,93,249,9262,2001,0.0,17311.0,-0.5089520000000001,0.216677,GTM,TWN,850140
2559575,97,249,9262,2001,631661.0,8056080.0,0.521528,2.3025,HKG,TWN,850140
2559576,99,249,9262,2001,0.0,62119.0,-0.8003060000000001,-0.602097,HND,TWN,850140
2559577,103,249,9262,2001,10745.0,720930.0,-0.167771,1.6587889999999998,IDN,TWN,850140
2559578,104,249,9262,2001,579111.0,68327.0,0.349744,2.665844,IND,TWN,850140
2559579,106,249,9262,2001,0.0,25724.0,1.664233,0.129983,IRL,TWN,850140
2559580,107,249,9262,2001,0.0,50565.0,-0.7732479999999999,-0.8979370000000001,IRN,TWN,850140
2559581,110,249,9262,2001,3850.0,41452.0,1.374873,0.775594,ISR,TWN,850140
2559582,111,249,9262,2001,259143.0,78659.0,1.389926,1.282143,ITA,TWN,850140
2559583,112,249,9262,2001,0.0,7214.0,-0.541582,-0.837248,JAM,TWN,850140
2559584,113,249,9262,2001,0.0,60134.0,0.375134,0.581558,JOR,TWN,850140
2559585,114,249,9262,2001,6939048.0,2907692.0,2.585857,0.522663,JPN,TWN,850140
2559586,116,249,9262,2001,0.0,11803.0,-0.529388,0.092271,KEN,TWN,850140
2559587,118,249,9262,2001,0.0,11590.0,-1.231058,-1.154536,KHM,TWN,850140
2559588,121,249,9262,2001,272848.0,527267.0,1.145797,1.0762399999999999,KOR,TWN,850140
2559589,122,249,9262,2001,0.0,9763.0,-0.8197,-1.183758,KWT,TWN,850140
2559590,124,249,9262,2001,0.0,17243.0,0.165355,0.988008,LBN,TWN,850140
2559591,128,249,9262,2001,0.0,13826.0,-0.722434,-0.033818,LKA,TWN,850140
2559592,129,249,9262,2001,0.0,5525.0,-0.786499,-0.7595729999999999,LSO,TWN,850140
2559593,130,249,9262,2001,0.0,35112.0,0.15706900000000001,0.416663,LTU,TWN,850140
2559594,132,249,9262,2001,0.0,6964.0,0.404136,0.461009,LVA,TWN,850140
2559595,133,249,9262,2001,7089.0,23160.0,-0.608406,-0.521662,MAC,TWN,850140
2559596,134,249,9262,2001,0.0,11900.0,-0.75275,-0.280397,MAR,TWN,850140
2559597,137,249,9262,2001,0.0,846.0,-0.980734,-0.9785659999999999,MDV,TWN,850140
2559598,138,249,9262,2001,0.0,1085399.0,0.797058,0.713234,MEX,TWN,850140
2559599,143,249,9262,2001,0.0,29790.0,-1.5627,-1.150854,MMR,TWN,850140
2559600,151,249,9262,2001,0.0,38262.0,-0.410422,-0.5868369999999999,MUS,TWN,850140
2559601,153,249,9262,2001,49568.0,1743352.0,0.768174,0.307033,MYS,TWN,850140
2559602,158,249,9262,2001,0.0,1552.0,2.1737040000000003,-0.5512100000000001,NFK,TWN,850140
2559603,159,249,9262,2001,0.0,59187.0,-1.966439,-1.2724520000000001,NGA,TWN,850140
2559604,160,249,9262,2001,0.0,945.0,-0.8917430000000001,-0.713179,NIC,TWN,850140
2559605,162,249,9262,2001,74959.0,166752.0,1.315685,1.590935,NLD,TWN,850140
2559606,163,249,9262,2001,0.0,8458.0,0.974814,0.06512000000000001,NOR,TWN,850140
2559607,164,249,9262,2001,0.0,1816.0,-0.483749,-0.008754999999999999,NPL,TWN,850140
2559608,166,249,9262,2001,0.0,77559.0,0.521409,0.683134,NZL,TWN,850140
2559609,168,249,9262,2001,0.0,102557.0,-0.8376520000000001,-0.378743,PAK,TWN,850140
2559610,169,249,9262,2001,0.0,2189.0,0.17588199999999998,0.422505,PAN,TWN,850140
2559611,173,249,9262,2001,0.0,330904.0,-0.345519,0.202623,PER,TWN,850140
2559612,174,249,9262,2001,0.0,1279832.0,-0.028201,-0.112349,PHL,TWN,850140
2559613,177,249,9262,2001,0.0,51892.0,0.9474540000000001,1.8408220000000002,POL,TWN,850140
2559614,179,249,9262,2001,0.0,35047.0,0.482048,1.662123,PRT,TWN,850140
2559615,180,249,9262,2001,0.0,3903.0,-0.68893,-0.9326690000000001,PRY,TWN,850140
2559616,183,249,9262,2001,0.0,1596.0,-0.46564799999999995,-1.127634,QAT,TWN,850140
2559617,186,249,9262,2001,0.0,35634.0,0.945816,0.35027600000000003,RUS,TWN,850140
2559618,188,249,9262,2001,0.0,369284.0,0.5370550000000001,-0.793469,SAU,TWN,850140
2559619,189,249,9262,2001,0.0,997.0,0.45280200000000004,2.469852,SCG,TWN,850140
2559620,192,249,9262,2001,28043.0,5748808.0,1.364239,0.721074,SGP,TWN,850140
2559621,197,249,9262,2001,0.0,29707.0,-0.181554,-0.031294,SLV,TWN,850140
2559622,205,249,9262,2001,0.0,1166.0,-0.650556,-0.801128,SUR,TWN,850140
2559623,208,249,9262,2001,1799.0,22511.0,2.156845,0.784439,SWE,TWN,850140
2559624,212,249,9262,2001,0.0,194572.0,-1.057217,-0.716331,SYR,TWN,850140
2559625,216,249,9262,2001,320784.0,674812.0,0.37555900000000003,1.498267,THA,TWN,850140
2559626,222,249,9262,2001,0.0,2666.0,0.178256,-0.709126,TTO,TWN,850140
2559627,223,249,9262,2001,0.0,33974.0,-0.162152,0.23939699999999997,TUN,TWN,850140
2559628,224,249,9262,2001,0.0,422517.0,0.188773,1.91451,TUR,TWN,850140
2559629,231,249,9262,2001,2791888.0,4195798.0,1.873674,0.168468,USA,TWN,850140
2559630,236,249,9262,2001,0.0,63243.0,0.261158,-0.7397,VEN,TWN,850140
2559631,239,249,9262,2001,1415082.0,423846.0,-0.6692130000000001,0.610992,VNM,TWN,850140
2559632,243,249,9262,2001,0.0,38595.0,-1.465154,-1.261615,YEM,TWN,850140
2559633,246,249,9262,2001,11323.0,133865.0,0.356842,2.006155,ZAF,TWN,850140
2559634,250,249,9262,2001,167564.0,2411.0,1.096023,-0.33562600000000004,ANS,TWN,850140
2559635,61,16,9262,2001,832.0,0.0,2.321375,-2.1110990000000003,DEU,AZE,850140
2559636,64,16,9262,2001,970.0,0.0,1.261883,1.351875,DNK,AZE,850140
2559637,107,16,9262,2001,0.0,19340.0,-0.7732479999999999,-0.8979370000000001,IRN,AZE,850140
2559638,115,16,9262,2001,0.0,1002.0,0.009714,-0.525899,KAZ,AZE,850140
2559639,186,16,9262,2001,1746.0,0.0,0.945816,0.35027600000000003,RUS,AZE,850140
2559640,224,16,9262,2001,6881.0,0.0,0.188773,1.91451,TUR,AZE,850140
2559641,232,16,9262,2001,0.0,3252.0,-0.395913,-0.6454449999999999,UZB,AZE,850140
2559642,15,23,9262,2001,4787.0,0.0,1.8571650000000002,0.603191,AUT,BGR,850140
2559643,41,23,9262,2001,1211.0,0.0,2.227246,0.553956,CHE,BGR,850140
2559644,61,23,9262,2001,56125.0,774072.0,2.321375,-2.1110990000000003,DEU,BGR,850140
2559645,64,23,9262,2001,1473.0,0.0,1.261883,1.351875,DNK,BGR,850140
2559646,68,23,9262,2001,0.0,815283.0,-0.373576,0.366385,EGY,BGR,850140
2559647,77,23,9262,2001,0.0,466596.0,1.653507,0.797582,FRA,BGR,850140
2559648,81,23,9262,2001,0.0,3155.0,1.976894,0.685435,GBR,BGR,850140
2559649,90,23,9262,2001,111634.0,0.0,0.31387600000000004,1.3614600000000001,GRC,BGR,850140
2559650,102,23,9262,2001,32967.0,791.0,1.102262,1.138016,HUN,BGR,850140
2559651,111,23,9262,2001,43270.0,39811.0,1.389926,1.282143,ITA,BGR,850140
2559652,114,23,9262,2001,2688.0,0.0,2.585857,0.522663,JPN,BGR,850140
2559653,124,23,9262,2001,0.0,21153.0,0.165355,0.988008,LBN,BGR,850140
2559654,138,23,9262,2001,830.0,0.0,0.797058,0.713234,MEX,BGR,850140
2559655,140,23,9262,2001,0.0,1090.0,0.033097,0.43516499999999997,MKD,BGR,850140
2559656,177,23,9262,2001,955.0,4883.0,0.9474540000000001,1.8408220000000002,POL,BGR,850140
2559657,179,23,9262,2001,0.0,295804.0,0.482048,1.662123,PRT,BGR,850140
2559658,185,23,9262,2001,0.0,8131.0,0.326733,1.005332,ROU,BGR,850140
2559659,186,23,9262,2001,0.0,2086.0,0.945816,0.35027600000000003,RUS,BGR,850140
2559660,189,23,9262,2001,0.0,9157.0,0.45280200000000004,2.469852,SCG,BGR,850140
2559661,208,23,9262,2001,1190.0,0.0,2.156845,0.784439,SWE,BGR,850140
2559662,212,23,9262,2001,0.0,10451.0,-1.057217,-0.716331,SYR,BGR,850140
2559663,216,23,9262,2001,2156.0,12139.0,0.37555900000000003,1.498267,THA,BGR,850140
2559664,223,23,9262,2001,0.0,16601.0,-0.162152,0.23939699999999997,TUN,BGR,850140
2559665,224,23,9262,2001,1453.0,3369.0,0.188773,1.91451,TUR,BGR,850140
2559666,231,23,9262,2001,1507.0,0.0,1.873674,0.168468,USA,BGR,850140
2559667,246,23,9262,2001,0.0,19827.0,0.356842,2.006155,ZAF,BGR,850140
2559668,250,23,9262,2001,0.0,31319.0,1.096023,-0.33562600000000004,ANS,BGR,850140
2559669,15,28,9262,2001,3626.0,0.0,1.8571650000000002,0.603191,AUT,BLR,850140
2559670,59,28,9262,2001,7760.0,0.0,1.485703,1.109305,CZE,BLR,850140
2559671,61,28,9262,2001,632502.0,0.0,2.321375,-2.1110990000000003,DEU,BLR,850140
2559672,77,28,9262,2001,0.0,10728.0,1.653507,0.797582,FRA,BLR,850140
2559673,111,28,9262,2001,14876.0,0.0,1.389926,1.282143,ITA,BLR,850140
2559674,115,28,9262,2001,0.0,5807.0,0.009714,-0.525899,KAZ,BLR,850140
2559675,117,28,9262,2001,0.0,31914.0,0.23332199999999997,0.256019,KGZ,BLR,850140
2559676,130,28,9262,2001,23379.0,3585.0,0.15706900000000001,0.416663,LTU,BLR,850140
2559677,132,28,9262,2001,0.0,13679.0,0.404136,0.461009,LVA,BLR,850140
2559678,135,28,9262,2001,0.0,65631.0,-0.024822,-0.15323399999999998,MDA,BLR,850140
2559679,177,28,9262,2001,2118.0,0.0,0.9474540000000001,1.8408220000000002,POL,BLR,850140
2559680,186,28,9262,2001,1089827.0,805303.0,0.945816,0.35027600000000003,RUS,BLR,850140
2559681,206,28,9262,2001,2259.0,0.0,1.1732770000000001,1.088576,SVK,BLR,850140
2559682,208,28,9262,2001,2359.0,0.0,2.156845,0.784439,SWE,BLR,850140
2559683,228,28,9262,2001,0.0,19134.0,0.8376969999999999,0.989059,UKR,BLR,850140
2559684,231,28,9262,2001,1402.0,0.0,1.873674,0.168468,USA,BLR,850140
2559685,249,28,9262,2001,0.0,3863.0,1.5731700000000002,1.353159,TWN,BLR,850140
2559686,7,68,9262,2001,2080.0,0.0,-0.193984,-0.457124,ARE,EGY,850140
2559687,14,68,9262,2001,833.0,0.0,0.29463,0.772375,AUS,EGY,850140
2559688,15,68,9262,2001,864.0,0.0,1.8571650000000002,0.603191,AUT,EGY,850140
2559689,18,68,9262,2001,6078.0,0.0,1.4328370000000001,1.408495,BEL,EGY,850140
2559690,23,68,9262,2001,815283.0,0.0,0.41425100000000004,1.639866,BGR,EGY,850140
2559691,32,68,9262,2001,28986.0,0.0,0.672496,1.051848,BRA,EGY,850140
2559692,39,68,9262,2001,5310.0,0.0,0.971827,1.105171,CAN,EGY,850140
2559693,41,68,9262,2001,39698.0,0.0,2.227246,0.553956,CHE,EGY,850140
2559694,43,68,9262,2001,4495520.0,0.0,0.525171,3.092963,CHN,EGY,850140
2559695,61,68,9262,2001,76265.0,0.0,2.321375,-2.1110990000000003,DEU,EGY,850140
2559696,64,68,9262,2001,1272.0,0.0,1.261883,1.351875,DNK,EGY,850140
2559697,71,68,9262,2001,245309.0,0.0,1.079664,1.9842220000000002,ESP,EGY,850140
2559698,73,68,9262,2001,1512.0,0.0,-0.999149,-0.904072,ETH,EGY,850140
2559699,77,68,9262,2001,6971.0,10789.0,1.653507,0.797582,FRA,EGY,850140
2559700,81,68,9262,2001,1825.0,0.0,1.976894,0.685435,GBR,EGY,850140
2559701,97,68,9262,2001,461303.0,0.0,0.521528,2.3025,HKG,EGY,850140
2559702,100,68,9262,2001,3585.0,0.0,0.544596,0.969535,HRV,EGY,850140
2559703,103,68,9262,2001,8790.0,0.0,-0.167771,1.6587889999999998,IDN,EGY,850140
2559704,104,68,9262,2001,392779.0,0.0,0.349744,2.665844,IND,EGY,850140
2559705,106,68,9262,2001,7773.0,0.0,1.664233,0.129983,IRL,EGY,850140
2559706,111,68,9262,2001,1157437.0,0.0,1.389926,1.282143,ITA,EGY,850140
2559707,114,68,9262,2001,4674.0,0.0,2.585857,0.522663,JPN,EGY,850140
2559708,121,68,9262,2001,557429.0,0.0,1.145797,1.0762399999999999,KOR,EGY,850140
2559709,122,68,9262,2001,4613.0,0.0,-0.8197,-1.183758,KWT,EGY,850140
2559710,138,68,9262,2001,14271.0,0.0,0.797058,0.713234,MEX,EGY,850140
2559711,153,68,9262,2001,80407.0,0.0,0.768174,0.307033,MYS,EGY,850140
2559712,162,68,9262,2001,33265.0,0.0,1.315685,1.590935,NLD,EGY,850140
2559713,163,68,9262,2001,46858.0,0.0,0.974814,0.06512000000000001,NOR,EGY,850140
2559714,177,68,9262,2001,145311.0,0.0,0.9474540000000001,1.8408220000000002,POL,EGY,850140
2559715,178,68,9262,2001,19920.0,0.0,0.62773,1.010888,PRK,EGY,850140
2559716,185,68,9262,2001,352612.0,0.0,0.326733,1.005332,ROU,EGY,850140
2559717,188,68,9262,2001,1320.0,0.0,0.5370550000000001,-0.793469,SAU,EGY,850140
2559718,190,68,9262,2001,0.0,1608.0,-1.6325180000000001,-1.263267,SDN,EGY,850140
2559719,208,68,9262,2001,7890.0,0.0,2.156845,0.784439,SWE,EGY,850140
2559720,216,68,9262,2001,279500.0,0.0,0.37555900000000003,1.498267,THA,EGY,850140
2559721,223,68,9262,2001,0.0,267511.0,-0.162152,0.23939699999999997,TUN,EGY,850140
2559722,226,68,9262,2001,0.0,1174.0,-1.193991,-0.49282200000000004,TZA,EGY,850140
2559723,231,68,9262,2001,4210376.0,0.0,1.873674,0.168468,USA,EGY,850140
2559724,249,68,9262,2001,631433.0,0.0,1.5731700000000002,1.353159,TWN,EGY,850140
2559725,250,68,9262,2001,2439.0,0.0,1.096023,-0.33562600000000004,ANS,EGY,850140
2559726,14,83,9262,2001,1827.0,0.0,0.29463,0.772375,AUS,GHA,850140
2559727,21,83,9262,2001,3364.0,0.0,-0.291485,-0.20803000000000002,BFA,GHA,850140
2559728,43,83,9262,2001,4829.0,0.0,0.525171,3.092963,CHN,GHA,850140
2559729,44,83,9262,2001,1741.0,0.0,-0.715949,-0.524428,CIV,GHA,850140
2559730,61,83,9262,2001,1682.0,0.0,2.321375,-2.1110990000000003,DEU,GHA,850140
2559731,64,83,9262,2001,1345.0,0.0,1.261883,1.351875,DNK,GHA,850140
2559732,81,83,9262,2001,23101.0,2434.0,1.976894,0.685435,GBR,GHA,850140
2559733,111,83,9262,2001,15284.0,0.0,1.389926,1.282143,ITA,GHA,850140
2559734,121,83,9262,2001,12899.0,0.0,1.145797,1.0762399999999999,KOR,GHA,850140
2559735,159,83,9262,2001,0.0,7369.0,-1.966439,-1.2724520000000001,NGA,GHA,850140
2559736,162,83,9262,2001,3904.0,0.0,1.315685,1.590935,NLD,GHA,850140
2559737,224,83,9262,2001,0.0,1707.0,0.188773,1.91451,TUR,GHA,850140
2559738,231,83,9262,2001,1553.0,0.0,1.873674,0.168468,USA,GHA,850140
2559739,246,83,9262,2001,3474.0,0.0,0.356842,2.006155,ZAF,GHA,850140
2559740,7,104,9262,2001,0.0,327682.0,-0.193984,-0.457124,ARE,IND,850140
2559741,8,104,9262,2001,0.0,31971.0,0.287698,0.547137,ARG,IND,850140
2559742,14,104,9262,2001,1554.0,249702.0,0.29463,0.772375,AUS,IND,850140
2559743,15,104,9262,2001,1305.0,5435.0,1.8571650000000002,0.603191,AUT,IND,850140
2559744,18,104,9262,2001,3722.0,0.0,1.4328370000000001,1.408495,BEL,IND,850140
2559745,22,104,9262,2001,0.0,89847.0,-1.0406739999999999,-1.010108,BGD,IND,850140
2559746,24,104,9262,2001,0.0,2143.0,-0.11008399999999999,-1.053611,BHR,IND,850140
2559747,32,104,9262,2001,0.0,56692.0,0.672496,1.051848,BRA,IND,850140
2559748,39,104,9262,2001,0.0,34117.0,0.971827,1.105171,CAN,IND,850140
2559749,41,104,9262,2001,12722.0,16626.0,2.227246,0.553956,CHE,IND,850140
2559750,42,104,9262,2001,0.0,12993.0,-0.004658,-0.002548,CHL,IND,850140
2559751,43,104,9262,2001,454765.0,997850.0,0.525171,3.092963,CHN,IND,850140
2559752,49,104,9262,2001,0.0,6790.0,0.30412,0.395913,COL,IND,850140
2559753,58,104,9262,2001,0.0,11469.0,0.381251,0.257802,CYP,IND,850140
2559754,59,104,9262,2001,1860.0,0.0,1.485703,1.109305,CZE,IND,850140
2559755,61,104,9262,2001,140551.0,379488.0,2.321375,-2.1110990000000003,DEU,IND,850140
2559756,64,104,9262,2001,1547.0,0.0,1.261883,1.351875,DNK,IND,850140
2559757,65,104,9262,2001,0.0,8651.0,-0.538419,-0.48773900000000003,DOM,IND,850140
2559758,66,104,9262,2001,0.0,17032.0,-0.663363,-1.158295,DZA,IND,850140
2559759,68,104,9262,2001,0.0,392779.0,-0.373576,0.366385,EGY,IND,850140
2559760,71,104,9262,2001,0.0,64466.0,1.079664,1.9842220000000002,ESP,IND,850140
2559761,74,104,9262,2001,3158.0,0.0,2.069141,0.9375180000000001,FIN,IND,850140
2559762,77,104,9262,2001,200419.0,595813.0,1.653507,0.797582,FRA,IND,850140
2559763,81,104,9262,2001,12807.0,4430.0,1.976894,0.685435,GBR,IND,850140
2559764,97,104,9262,2001,277723.0,238658.0,0.521528,2.3025,HKG,IND,850140
2559765,103,104,9262,2001,16026.0,0.0,-0.167771,1.6587889999999998,IDN,IND,850140
2559766,106,104,9262,2001,1579.0,2060.0,1.664233,0.129983,IRL,IND,850140
2559767,107,104,9262,2001,0.0,174208.0,-0.7732479999999999,-0.8979370000000001,IRN,IND,850140
2559768,110,104,9262,2001,0.0,1521.0,1.374873,0.775594,ISR,IND,850140
2559769,111,104,9262,2001,348266.0,117496.0,1.389926,1.282143,ITA,IND,850140
2559770,113,104,9262,2001,0.0,31992.0,0.375134,0.581558,JOR,IND,850140
2559771,114,104,9262,2001,99648.0,11853.0,2.585857,0.522663,JPN,IND,850140
2559772,116,104,9262,2001,0.0,6579.0,-0.529388,0.092271,KEN,IND,850140
2559773,121,104,9262,2001,607158.0,0.0,1.145797,1.0762399999999999,KOR,IND,850140
2559774,128,104,9262,2001,0.0,4953.0,-0.722434,-0.033818,LKA,IND,850140
2559775,134,104,9262,2001,8954.0,0.0,-0.75275,-0.280397,MAR,IND,850140
2559776,138,104,9262,2001,38225.0,345337.0,0.797058,0.713234,MEX,IND,850140
2559777,141,104,9262,2001,0.0,399947.0,-0.40341,-0.626402,MLI,IND,850140
2559778,153,104,9262,2001,77975.0,127333.0,0.768174,0.307033,MYS,IND,850140
2559779,157,104,9262,2001,0.0,31656.0,-0.22368600000000002,-0.464156,NER,IND,850140
2559780,159,104,9262,2001,0.0,646352.0,-1.966439,-1.2724520000000001,NGA,IND,850140
2559781,162,104,9262,2001,1677.0,0.0,1.315685,1.590935,NLD,IND,850140
2559782,164,104,9262,2001,0.0,7777.0,-0.483749,-0.008754999999999999,NPL,IND,850140
2559783,166,104,9262,2001,3510.0,4672.0,0.521409,0.683134,NZL,IND,850140
2559784,167,104,9262,2001,0.0,1741.0,-0.909329,-1.189698,OMN,IND,850140
2559785,179,104,9262,2001,0.0,15101.0,0.482048,1.662123,PRT,IND,850140
2559786,180,104,9262,2001,0.0,3804.0,-0.68893,-0.9326690000000001,PRY,IND,850140
2559787,186,104,9262,2001,4333.0,0.0,0.945816,0.35027600000000003,RUS,IND,850140
2559788,188,104,9262,2001,0.0,2746456.0,0.5370550000000001,-0.793469,SAU,IND,850140
2559789,190,104,9262,2001,0.0,11084.0,-1.6325180000000001,-1.263267,SDN,IND,850140
2559790,192,104,9262,2001,164271.0,36831.0,1.364239,0.721074,SGP,IND,850140
2559791,197,104,9262,2001,0.0,1131.0,-0.181554,-0.031294,SLV,IND,850140
2559792,208,104,9262,2001,16230.0,72369.0,2.156845,0.784439,SWE,IND,850140
2559793,216,104,9262,2001,13415.0,145626.0,0.37555900000000003,1.498267,THA,IND,850140
2559794,223,104,9262,2001,0.0,52702.0,-0.162152,0.23939699999999997,TUN,IND,850140
2559795,226,104,9262,2001,0.0,6446.0,-1.193991,-0.49282200000000004,TZA,IND,850140
2559796,227,104,9262,2001,0.0,2312.0,-0.9694860000000001,-0.840592,UGA,IND,850140
2559797,228,104,9262,2001,17087.0,0.0,0.8376969999999999,0.989059,UKR,IND,850140
2559798,231,104,9262,2001,49834.0,10861099.0,1.873674,0.168468,USA,IND,850140
2559799,239,104,9262,2001,0.0,15769.0,-0.6692130000000001,0.610992,VNM,IND,850140
2559800,246,104,9262,2001,0.0,76969.0,0.356842,2.006155,ZAF,IND,850140
2559801,247,104,9262,2001,0.0,1770.0,-0.731193,-0.706978,ZMB,IND,850140
2559802,248,104,9262,2001,0.0,6730.0,-0.6321829999999999,-0.453671,ZWE,IND,850140
2559803,249,104,9262,2001,68327.0,579111.0,1.5731700000000002,1.353159,TWN,IND,850140
2559804,14,106,9262,2001,0.0,75678.0,0.29463,0.772375,AUS,IRL,850140
2559805,18,106,9262,2001,36784.0,7803.0,1.4328370000000001,1.408495,BEL,IRL,850140
2559806,32,106,9262,2001,39144.0,0.0,0.672496,1.051848,BRA,IRL,850140
2559807,39,106,9262,2001,0.0,3733.0,0.971827,1.105171,CAN,IRL,850140
2559808,41,106,9262,2001,24659.0,0.0,2.227246,0.553956,CHE,IRL,850140
2559809,43,106,9262,2001,0.0,43583.0,0.525171,3.092963,CHN,IRL,850140
2559810,59,106,9262,2001,2070411.0,0.0,1.485703,1.109305,CZE,IRL,850140
2559811,61,106,9262,2001,374247.0,0.0,2.321375,-2.1110990000000003,DEU,IRL,850140
2559812,64,106,9262,2001,4996.0,0.0,1.261883,1.351875,DNK,IRL,850140
2559813,68,106,9262,2001,0.0,7773.0,-0.373576,0.366385,EGY,IRL,850140
2559814,71,106,9262,2001,3722.0,0.0,1.079664,1.9842220000000002,ESP,IRL,850140
2559815,74,106,9262,2001,1274.0,0.0,2.069141,0.9375180000000001,FIN,IRL,850140
2559816,77,106,9262,2001,1305.0,1068.0,1.653507,0.797582,FRA,IRL,850140
2559817,81,106,9262,2001,692940.0,47798.0,1.976894,0.685435,GBR,IRL,850140
2559818,97,106,9262,2001,0.0,4573.0,0.521528,2.3025,HKG,IRL,850140
2559819,99,106,9262,2001,0.0,2474.0,-0.8003060000000001,-0.602097,HND,IRL,850140
2559820,104,106,9262,2001,2060.0,1579.0,0.349744,2.665844,IND,IRL,850140
2559821,110,106,9262,2001,6831.0,0.0,1.374873,0.775594,ISR,IRL,850140
2559822,111,106,9262,2001,766467.0,1253.0,1.389926,1.282143,ITA,IRL,850140
2559823,114,106,9262,2001,4543.0,28165.0,2.585857,0.522663,JPN,IRL,850140
2559824,153,106,9262,2001,30718.0,0.0,0.768174,0.307033,MYS,IRL,850140
2559825,162,106,9262,2001,19302.0,17338.0,1.315685,1.590935,NLD,IRL,850140
2559826,163,106,9262,2001,46730.0,0.0,0.974814,0.06512000000000001,NOR,IRL,850140
2559827,166,106,9262,2001,856.0,0.0,0.521409,0.683134,NZL,IRL,850140
2559828,206,106,9262,2001,2736.0,1370.0,1.1732770000000001,1.088576,SVK,IRL,850140
2559829,207,106,9262,2001,283910.0,1143.0,1.5074370000000001,1.1370040000000001,SVN,IRL,850140
2559830,208,106,9262,2001,15248.0,0.0,2.156845,0.784439,SWE,IRL,850140
2559831,231,106,9262,2001,286059.0,12483.0,1.873674,0.168468,USA,IRL,850140
2559832,249,106,9262,2001,25724.0,0.0,1.5731700000000002,1.353159,TWN,IRL,850140
2559833,41,113,9262,2001,1198.0,0.0,2.227246,0.553956,CHE,JOR,850140
2559834,43,113,9262,2001,92612.0,0.0,0.525171,3.092963,CHN,JOR,850140
2559835,61,113,9262,2001,37425.0,0.0,2.321375,-2.1110990000000003,DEU,JOR,850140
2559836,71,113,9262,2001,14205.0,0.0,1.079664,1.9842220000000002,ESP,JOR,850140
2559837,77,113,9262,2001,16765.0,0.0,1.653507,0.797582,FRA,JOR,850140
2559838,81,113,9262,2001,15129.0,0.0,1.976894,0.685435,GBR,JOR,850140
2559839,97,113,9262,2001,40444.0,0.0,0.521528,2.3025,HKG,JOR,850140
2559840,102,113,9262,2001,25370.0,0.0,1.102262,1.138016,HUN,JOR,850140
2559841,104,113,9262,2001,31992.0,0.0,0.349744,2.665844,IND,JOR,850140
2559842,107,113,9262,2001,2216.0,0.0,-0.7732479999999999,-0.8979370000000001,IRN,JOR,850140
2559843,111,113,9262,2001,150672.0,0.0,1.389926,1.282143,ITA,JOR,850140
2559844,121,113,9262,2001,28490.0,0.0,1.145797,1.0762399999999999,KOR,JOR,850140
2559845,138,113,9262,2001,3781.0,0.0,0.797058,0.713234,MEX,JOR,850140
2559846,162,113,9262,2001,17552.0,0.0,1.315685,1.590935,NLD,JOR,850140
2559847,192,113,9262,2001,4372.0,0.0,1.364239,0.721074,SGP,JOR,850140
2559848,208,113,9262,2001,18954.0,0.0,2.156845,0.784439,SWE,JOR,850140
2559849,216,113,9262,2001,29888.0,0.0,0.37555900000000003,1.498267,THA,JOR,850140
2559850,231,113,9262,2001,2937.0,0.0,1.873674,0.168468,USA,JOR,850140
2559851,246,113,9262,2001,17742.0,0.0,0.356842,2.006155,ZAF,JOR,850140
2559852,249,113,9262,2001,60134.0,0.0,1.5731700000000002,1.353159,TWN,JOR,850140
2559853,250,113,9262,2001,13109.0,0.0,1.096023,-0.33562600000000004,ANS,JOR,850140
2559854,16,115,9262,2001,1002.0,0.0,-0.6731090000000001,-1.037922,AZE,KAZ,850140
2559855,28,115,9262,2001,5807.0,0.0,0.804404,0.936773,BLR,KAZ,850140
2559856,39,115,9262,2001,1129.0,0.0,0.971827,1.105171,CAN,KAZ,850140
2559857,61,115,9262,2001,51693.0,0.0,2.321375,-2.1110990000000003,DEU,KAZ,850140
2559858,102,115,9262,2001,2634.0,0.0,1.102262,1.138016,HUN,KAZ,850140
2559859,110,115,9262,2001,23415.0,0.0,1.374873,0.775594,ISR,KAZ,850140
2559860,111,115,9262,2001,1079.0,0.0,1.389926,1.282143,ITA,KAZ,850140
2559861,153,115,9262,2001,1629.0,0.0,0.768174,0.307033,MYS,KAZ,850140
2559862,186,115,9262,2001,127830.0,66855.0,0.945816,0.35027600000000003,RUS,KAZ,850140
2559863,224,115,9262,2001,3622.0,0.0,0.188773,1.91451,TUR,KAZ,850140
2559864,231,115,9262,2001,1697.0,0.0,1.873674,0.168468,USA,KAZ,850140
2559865,7,116,9262,2001,20634.0,0.0,-0.193984,-0.457124,ARE,KEN,850140
2559866,41,116,9262,2001,1673.0,0.0,2.227246,0.553956,CHE,KEN,850140
2559867,43,116,9262,2001,46283.0,0.0,0.525171,3.092963,CHN,KEN,850140
2559868,61,116,9262,2001,1578.0,0.0,2.321375,-2.1110990000000003,DEU,KEN,850140
2559869,64,116,9262,2001,23572.0,0.0,1.261883,1.351875,DNK,KEN,850140
2559870,77,116,9262,2001,1029.0,0.0,1.653507,0.797582,FRA,KEN,850140
2559871,81,116,9262,2001,11725.0,0.0,1.976894,0.685435,GBR,KEN,850140
2559872,104,116,9262,2001,6579.0,0.0,0.349744,2.665844,IND,KEN,850140
2559873,111,116,9262,2001,6407.0,0.0,1.389926,1.282143,ITA,KEN,850140
2559874,114,116,9262,2001,1109.0,24418.0,2.585857,0.522663,JPN,KEN,850140
2559875,121,116,9262,2001,0.0,11757.0,1.145797,1.0762399999999999,KOR,KEN,850140
2559876,231,116,9262,2001,78742.0,2926.0,1.873674,0.168468,USA,KEN,850140
2559877,246,116,9262,2001,78805.0,0.0,0.356842,2.006155,ZAF,KEN,850140
2559878,249,116,9262,2001,11803.0,0.0,1.5731700000000002,1.353159,TWN,KEN,850140
2559879,28,117,9262,2001,31914.0,0.0,0.804404,0.936773,BLR,KGZ,850140
2559880,121,117,9262,2001,13707.0,0.0,1.145797,1.0762399999999999,KOR,KGZ,850140
2559881,186,117,9262,2001,27252.0,0.0,0.945816,0.35027600000000003,RUS,KGZ,850140
2559882,224,117,9262,2001,5478.0,0.0,0.188773,1.91451,TUR,KGZ,850140
2559883,28,132,9262,2001,13679.0,0.0,0.804404,0.936773,BLR,LVA,850140
2559884,61,132,9262,2001,97879.0,0.0,2.321375,-2.1110990000000003,DEU,LVA,850140
2559885,64,132,9262,2001,30008.0,0.0,1.261883,1.351875,DNK,LVA,850140
2559886,72,132,9262,2001,4764.0,0.0,0.5746829999999999,0.9073899999999999,EST,LVA,850140
2559887,74,132,9262,2001,43386.0,0.0,2.069141,0.9375180000000001,FIN,LVA,850140
2559888,109,132,9262,2001,542.0,0.0,0.032382999999999995,-0.51054,ISL,LVA,850140
2559889,111,132,9262,2001,30837.0,0.0,1.389926,1.282143,ITA,LVA,850140
2559890,130,132,9262,2001,26515.0,1554.0,0.15706900000000001,0.416663,LTU,LVA,850140
2559891,185,132,9262,2001,2215.0,0.0,0.326733,1.005332,ROU,LVA,850140
2559892,186,132,9262,2001,0.0,18926.0,0.945816,0.35027600000000003,RUS,LVA,850140
2559893,208,132,9262,2001,1745.0,0.0,2.156845,0.784439,SWE,LVA,850140
2559894,249,132,9262,2001,6964.0,0.0,1.5731700000000002,1.353159,TWN,LVA,850140
2559895,39,147,9262,2001,6202.0,0.0,0.971827,1.105171,CAN,MOZ,850140
2559896,74,147,9262,2001,847.0,0.0,2.069141,0.9375180000000001,FIN,MOZ,850140
2559897,114,147,9262,2001,2009.0,0.0,2.585857,0.522663,JPN,MOZ,850140
2559898,162,147,9262,2001,0.0,3698.0,1.315685,1.590935,NLD,MOZ,850140
2559899,179,147,9262,2001,9285.0,0.0,0.482048,1.662123,PRT,MOZ,850140
2559900,246,147,9262,2001,6248.0,0.0,0.356842,2.006155,ZAF,MOZ,850140
2559901,7,153,9262,2001,0.0,8846.0,-0.193984,-0.457124,ARE,MYS,850140
2559902,14,153,9262,2001,39997.0,44110.0,0.29463,0.772375,AUS,MYS,850140
2559903,15,153,9262,2001,1682.0,1185.0,1.8571650000000002,0.603191,AUT,MYS,850140
2559904,18,153,9262,2001,1576.0,89972.0,1.4328370000000001,1.408495,BEL,MYS,850140
2559905,22,153,9262,2001,3478.0,0.0,-1.0406739999999999,-1.010108,BGD,MYS,850140
2559906,32,153,9262,2001,6492.0,0.0,0.672496,1.051848,BRA,MYS,850140
2559907,34,153,9262,2001,4611.0,5256.0,-0.8654209999999999,-0.930599,BRN,MYS,850140
2559908,39,153,9262,2001,925.0,4379.0,0.971827,1.105171,CAN,MYS,850140
2559909,41,153,9262,2001,8513.0,272592.0,2.227246,0.553956,CHE,MYS,850140
2559910,43,153,9262,2001,4895317.0,367963.0,0.525171,3.092963,CHN,MYS,850140
2559911,45,153,9262,2001,0.0,878.0,-1.6254879999999998,-1.212513,CMR,MYS,850140
2559912,59,153,9262,2001,0.0,68547.0,1.485703,1.109305,CZE,MYS,850140
2559913,61,153,9262,2001,409667.0,608792.0,2.321375,-2.1110990000000003,DEU,MYS,850140
2559914,64,153,9262,2001,22380.0,0.0,1.261883,1.351875,DNK,MYS,850140
2559915,68,153,9262,2001,0.0,80407.0,-0.373576,0.366385,EGY,MYS,850140
2559916,71,153,9262,2001,8940.0,9094.0,1.079664,1.9842220000000002,ESP,MYS,850140
2559917,74,153,9262,2001,57125.0,30661.0,2.069141,0.9375180000000001,FIN,MYS,850140
2559918,77,153,9262,2001,10165.0,16763.0,1.653507,0.797582,FRA,MYS,850140
2559919,81,153,9262,2001,3204.0,6631580.0,1.976894,0.685435,GBR,MYS,850140
2559920,97,153,9262,2001,4519249.0,970913.0,0.521528,2.3025,HKG,MYS,850140
2559921,102,153,9262,2001,0.0,1342.0,1.102262,1.138016,HUN,MYS,850140
2559922,103,153,9262,2001,309511.0,178182.0,-0.167771,1.6587889999999998,IDN,MYS,850140
2559923,104,153,9262,2001,127333.0,77975.0,0.349744,2.665844,IND,MYS,850140
2559924,106,153,9262,2001,0.0,30718.0,1.664233,0.129983,IRL,MYS,850140
2559925,110,153,9262,2001,0.0,1608.0,1.374873,0.775594,ISR,MYS,850140
2559926,111,153,9262,2001,220986.0,15149.0,1.389926,1.282143,ITA,MYS,850140
2559927,114,153,9262,2001,4377168.0,3223794.0,2.585857,0.522663,JPN,MYS,850140
2559928,115,153,9262,2001,0.0,1629.0,0.009714,-0.525899,KAZ,MYS,850140
2559929,118,153,9262,2001,0.0,5229.0,-1.231058,-1.154536,KHM,MYS,850140
2559930,121,153,9262,2001,1102973.0,861158.0,1.145797,1.0762399999999999,KOR,MYS,850140
2559931,128,153,9262,2001,0.0,4946.0,-0.722434,-0.033818,LKA,MYS,850140
2559932,131,153,9262,2001,711.0,0.0,1.470895,1.149007,LUX,MYS,850140
2559933,138,153,9262,2001,81662.0,1462040.0,0.797058,0.713234,MEX,MYS,850140
2559934,162,153,9262,2001,7775.0,23753.0,1.315685,1.590935,NLD,MYS,850140
2559935,166,153,9262,2001,19345.0,0.0,0.521409,0.683134,NZL,MYS,850140
2559936,168,153,9262,2001,0.0,1974.0,-0.8376520000000001,-0.378743,PAK,MYS,850140
2559937,174,153,9262,2001,0.0,617571.0,-0.028201,-0.112349,PHL,MYS,850140
2559938,182,153,9262,2001,0.0,504.0,-0.005456,-0.7210770000000001,PYF,MYS,850140
2559939,188,153,9262,2001,0.0,162300.0,0.5370550000000001,-0.793469,SAU,MYS,850140
2559940,190,153,9262,2001,0.0,2315.0,-1.6325180000000001,-1.263267,SDN,MYS,850140
2559941,192,153,9262,2001,6381105.0,1000057.0,1.364239,0.721074,SGP,MYS,850140
2559942,208,153,9262,2001,4533.0,90944.0,2.156845,0.784439,SWE,MYS,850140
2559943,216,153,9262,2001,3925801.0,13571296.0,0.37555900000000003,1.498267,THA,MYS,850140
2559944,224,153,9262,2001,9223.0,1921.0,0.188773,1.91451,TUR,MYS,850140
2559945,231,153,9262,2001,615831.0,12462.0,1.873674,0.168468,USA,MYS,850140
2559946,239,153,9262,2001,137385.0,9276.0,-0.6692130000000001,0.610992,VNM,MYS,850140
2559947,249,153,9262,2001,1743352.0,49568.0,1.5731700000000002,1.353159,TWN,MYS,850140
2559948,250,153,9262,2001,977650.0,0.0,1.096023,-0.33562600000000004,ANS,MYS,850140
2559949,61,167,9262,2001,3723.0,0.0,2.321375,-2.1110990000000003,DEU,OMN,850140
2559950,97,167,9262,2001,1984.0,0.0,0.521528,2.3025,HKG,OMN,850140
2559951,104,167,9262,2001,1741.0,0.0,0.349744,2.665844,IND,OMN,850140
2559952,114,167,9262,2001,14294.0,0.0,2.585857,0.522663,JPN,OMN,850140
2559953,162,167,9262,2001,4422.0,0.0,1.315685,1.590935,NLD,OMN,850140
2559954,192,167,9262,2001,9177.0,0.0,1.364239,0.721074,SGP,OMN,850140
2559955,216,167,9262,2001,1771.0,0.0,0.37555900000000003,1.498267,THA,OMN,850140
2559956,231,167,9262,2001,3018.0,0.0,1.873674,0.168468,USA,OMN,850140
2559957,14,177,9262,2001,0.0,1396.0,0.29463,0.772375,AUS,POL,850140
2559958,15,177,9262,2001,144337.0,21872.0,1.8571650000000002,0.603191,AUT,POL,850140
2559959,18,177,9262,2001,0.0,53653.0,1.4328370000000001,1.408495,BEL,POL,850140
2559960,23,177,9262,2001,4883.0,955.0,0.41425100000000004,1.639866,BGR,POL,850140
2559961,28,177,9262,2001,0.0,2118.0,0.804404,0.936773,BLR,POL,850140
2559962,39,177,9262,2001,0.0,5531.0,0.971827,1.105171,CAN,POL,850140
2559963,41,177,9262,2001,86348.0,33510.0,2.227246,0.553956,CHE,POL,850140
2559964,43,177,9262,2001,156204.0,6225.0,0.525171,3.092963,CHN,POL,850140
2559965,59,177,9262,2001,298462.0,133254.0,1.485703,1.109305,CZE,POL,850140
2559966,61,177,9262,2001,4035676.0,247538.0,2.321375,-2.1110990000000003,DEU,POL,850140
2559967,64,177,9262,2001,82412.0,15097.0,1.261883,1.351875,DNK,POL,850140
2559968,67,177,9262,2001,0.0,3809.0,-0.852642,-0.896374,ECU,POL,850140
2559969,68,177,9262,2001,0.0,145311.0,-0.373576,0.366385,EGY,POL,850140
2559970,71,177,9262,2001,489144.0,16814.0,1.079664,1.9842220000000002,ESP,POL,850140
2559971,72,177,9262,2001,0.0,1045.0,0.5746829999999999,0.9073899999999999,EST,POL,850140
2559972,74,177,9262,2001,3198.0,1733.0,2.069141,0.9375180000000001,FIN,POL,850140
2559973,77,177,9262,2001,532508.0,7759.0,1.653507,0.797582,FRA,POL,850140
2559974,81,177,9262,2001,140854.0,13600.0,1.976894,0.685435,GBR,POL,850140
2559975,102,177,9262,2001,37083.0,4301.0,1.102262,1.138016,HUN,POL,850140
2559976,110,177,9262,2001,0.0,25363.0,1.374873,0.775594,ISR,POL,850140
2559977,111,177,9262,2001,4036068.0,305837.0,1.389926,1.282143,ITA,POL,850140
2559978,114,177,9262,2001,32428.0,0.0,2.585857,0.522663,JPN,POL,850140
2559979,130,177,9262,2001,0.0,6330.0,0.15706900000000001,0.416663,LTU,POL,850140
2559980,131,177,9262,2001,10043.0,0.0,1.470895,1.149007,LUX,POL,850140
2559981,135,177,9262,2001,0.0,6147.0,-0.024822,-0.15323399999999998,MDA,POL,850140
2559982,138,177,9262,2001,0.0,916.0,0.797058,0.713234,MEX,POL,850140
2559983,162,177,9262,2001,63519.0,0.0,1.315685,1.590935,NLD,POL,850140
2559984,163,177,9262,2001,38525.0,2100.0,0.974814,0.06512000000000001,NOR,POL,850140
2559985,181,177,9262,2001,62388.0,0.0,0.60735,-0.027356000000000002,PSE,POL,850140
2559986,185,177,9262,2001,310197.0,2523.0,0.326733,1.005332,ROU,POL,850140
2559987,186,177,9262,2001,29822.0,5361.0,0.945816,0.35027600000000003,RUS,POL,850140
2559988,192,177,9262,2001,0.0,3659.0,1.364239,0.721074,SGP,POL,850140
2559989,206,177,9262,2001,3846.0,0.0,1.1732770000000001,1.088576,SVK,POL,850140
2559990,207,177,9262,2001,0.0,4201.0,1.5074370000000001,1.1370040000000001,SVN,POL,850140
2559991,208,177,9262,2001,28858.0,381540.0,2.156845,0.784439,SWE,POL,850140
2559992,224,177,9262,2001,0.0,68504.0,0.188773,1.91451,TUR,POL,850140
2559993,228,177,9262,2001,655244.0,4930.0,0.8376969999999999,0.989059,UKR,POL,850140
2559994,231,177,9262,2001,2629.0,0.0,1.873674,0.168468,USA,POL,850140
2559995,246,177,9262,2001,0.0,38699.0,0.356842,2.006155,ZAF,POL,850140
2559996,249,177,9262,2001,51892.0,0.0,1.5731700000000002,1.353159,TWN,POL,850140
2559997,2,179,9262,2001,0.0,11104.0,-1.523823,-1.214093,AGO,PRT,850140
2559998,7,179,9262,2001,0.0,46507.0,-0.193984,-0.457124,ARE,PRT,850140
