3349999,88,61,1747,2016,0.0,16521.0,-1.671858,-1.043328,GNB,DEU,8544
3350000,89,61,1747,2016,0.0,8150.0,-1.766286,-0.9607709999999999,GNQ,DEU,8544
3350001,90,61,1747,2016,65977618.0,12261871.0,0.12153499999999999,1.126101,GRC,DEU,8544
3350002,91,61,1747,2016,0.0,1777.0,0.6993729999999999,-0.250698,GRD,DEU,8544
3350003,92,61,1747,2016,0.0,11132.0,-1.15173,-0.9915700000000001,GRL,DEU,8544
3350004,93,61,1747,2016,0.0,1053505.0,-0.414843,0.382162,GTM,DEU,8544
3350005,95,61,1747,2016,0.0,1646.0,0.659809,-0.066939,GUM,DEU,8544
3350006,96,61,1747,2016,16090.0,10809.0,-0.4755,-0.778335,GUY,DEU,8544
3350007,97,61,1747,2016,15365047.0,35030826.0,0.8029029999999999,1.477249,HKG,DEU,8544
3350008,99,61,1747,2016,401672.0,3677779.0,-0.673741,-0.403777,HND,DEU,8544
3350009,100,61,1747,2016,47507552.0,13144026.0,0.8695200000000001,1.214791,HRV,DEU,8544
3350010,101,61,1747,2016,0.0,19050.0,-1.30976,-1.010181,HTI,DEU,8544
3350011,102,61,1747,2016,586615430.0,294382378.0,1.445281,0.8422209999999999,HUN,DEU,8544
3350012,103,61,1747,2016,931783.0,16581402.0,-0.158496,1.492067,IDN,DEU,8544
3350013,104,61,1747,2016,19497837.0,73929516.0,0.30976,2.61043,IND,DEU,8544
3350014,106,61,1747,2016,19345591.0,54757636.0,1.445238,0.07659400000000001,IRL,DEU,8544
3350015,107,61,1747,2016,0.0,9663713.0,-0.407368,-0.23482399999999998,IRN,DEU,8544
3350016,108,61,1747,2016,0.0,8548854.0,-2.2400029999999997,-1.017174,IRQ,DEU,8544
3350017,109,61,1747,2016,1125.0,3192152.0,0.192448,-0.37174,ISL,DEU,8544
3350018,110,61,1747,2016,8850831.0,18216660.0,1.352275,0.67584,ISR,DEU,8544
3350019,111,61,1747,2016,683371942.0,248388625.0,1.339307,0.8549209999999999,ITA,DEU,8544
3350020,112,61,1747,2016,0.0,39363.0,-0.259972,-0.592114,JAM,DEU,8544
3350021,113,61,1747,2016,1209.0,2452356.0,-0.0115,0.045625,JOR,DEU,8544
3350022,114,61,1747,2016,32981060.0,53014543.0,2.574025,-0.34859,JPN,DEU,8544
3350023,115,61,1747,2016,43616.0,2972450.0,-0.376397,-0.553639,KAZ,DEU,8544
3350024,116,61,1747,2016,0.0,1066630.0,-0.535616,0.520101,KEN,DEU,8544
3350025,117,61,1747,2016,0.0,41099.0,0.010529,0.287462,KGZ,DEU,8544
3350026,118,61,1747,2016,0.0,58587.0,-0.8365239999999999,-0.794615,KHM,DEU,8544
3350027,120,61,1747,2016,0.0,564288.0,0.620594,-0.4305,KNA,DEU,8544
3350028,121,61,1747,2016,14845341.0,45876681.0,2.086184,0.724318,KOR,DEU,8544
3350029,122,61,1747,2016,1770.0,4228273.0,-0.31188,-1.1438620000000002,KWT,DEU,8544
3350030,123,61,1747,2016,35781.0,41868.0,-0.9781479999999999,-0.8272860000000001,LAO,DEU,8544
3350031,124,61,1747,2016,60885.0,867533.0,0.285829,1.0818139999999998,LBN,DEU,8544
3350032,125,61,1747,2016,0.0,422238.0,-0.870345,-1.113277,LBR,DEU,8544
3350033,126,61,1747,2016,0.0,4090700.0,-1.021925,-1.2316790000000002,LBY,DEU,8544
3350034,127,61,1747,2016,0.0,33529.0,0.397746,-0.405285,LCA,DEU,8544
3350035,128,61,1747,2016,276558.0,940722.0,-0.562869,0.49937,LKA,DEU,8544
3350036,129,61,1747,2016,0.0,2132.0,-0.891036,-0.807709,LSO,DEU,8544
3350037,130,61,1747,2016,2331773.0,18049511.0,0.706929,1.419432,LTU,DEU,8544
3350038,131,61,1747,2016,1387786.0,47045261.0,1.340054,1.30224,LUX,DEU,8544
3350039,132,61,1747,2016,1625341.0,8249394.0,0.553592,1.19865,LVA,DEU,8544
3350040,133,61,1747,2016,0.0,64988.0,0.534935,0.185542,MAC,DEU,8544
3350041,134,61,1747,2016,77550955.0,17507090.0,-0.772795,-0.206511,MAR,DEU,8544
3350042,135,61,1747,2016,723702.0,956055.0,-0.340932,-0.2839,MDA,DEU,8544
3350043,136,61,1747,2016,0.0,102050.0,-1.2672709999999998,-0.613909,MDG,DEU,8544
3350044,137,61,1747,2016,0.0,137088.0,-0.79904,-0.9720840000000001,MDV,DEU,8544
3350045,138,61,1747,2016,64168127.0,126900599.0,1.165638,0.6446649999999999,MEX,DEU,8544
3350046,140,61,1747,2016,219034821.0,102834939.0,0.026185000000000003,-0.20027999999999999,MKD,DEU,8544
3350047,141,61,1747,2016,0.0,227162.0,-0.584863,-0.74131,MLI,DEU,8544
3350048,142,61,1747,2016,162857.0,1830120.0,0.8795950000000001,-0.21689499999999998,MLT,DEU,8544
3350049,143,61,1747,2016,3731.0,222897.0,-1.160878,-0.6042609999999999,MMR,DEU,8544
3350050,144,61,1747,2016,10325.0,1100907.0,-0.005084,-0.25252199999999997,MNE,DEU,8544
3350051,145,61,1747,2016,0.0,743018.0,-0.811142,-1.013252,MNG,DEU,8544
3350052,147,61,1747,2016,0.0,53467.0,-1.333702,-1.116794,MOZ,DEU,8544
3350053,148,61,1747,2016,0.0,542113.0,-1.542265,-1.318586,MRT,DEU,8544
3350054,151,61,1747,2016,2111.0,464787.0,-0.24309899999999998,-0.084888,MUS,DEU,8544
3350055,152,61,1747,2016,0.0,9608.0,-1.113794,-1.172385,MWI,DEU,8544
3350056,153,61,1747,2016,11415247.0,62510300.0,1.106894,0.7452840000000001,MYS,DEU,8544
3350057,155,61,1747,2016,1054.0,536736.0,-0.6256689999999999,-0.8612219999999999,NAM,DEU,8544
3350058,156,61,1747,2016,0.0,149932.0,-0.9910389999999999,-0.9463940000000001,NCL,DEU,8544
3350059,157,61,1747,2016,0.0,6772.0,-0.973057,-0.953672,NER,DEU,8544
3350060,159,61,1747,2016,2292.0,1707970.0,-1.835357,-1.286597,NGA,DEU,8544
3350061,160,61,1747,2016,6816.0,10357021.0,-1.0387389999999999,-0.998977,NIC,DEU,8544
3350062,162,61,1747,2016,139824128.0,295155262.0,1.157361,1.5188540000000001,NLD,DEU,8544
3350063,163,61,1747,2016,6649798.0,65673061.0,0.89891,0.297673,NOR,DEU,8544
3350064,164,61,1747,2016,0.0,56476.0,-0.37595500000000004,0.475239,NPL,DEU,8544
3350065,166,61,1747,2016,59195.0,3442672.0,0.236556,0.252918,NZL,DEU,8544
3350066,167,61,1747,2016,57982.0,2141748.0,-0.334782,-0.9107190000000001,OMN,DEU,8544
3350067,168,61,1747,2016,0.0,2792444.0,-0.7502800000000001,0.545331,PAK,DEU,8544
3350068,169,61,1747,2016,0.0,759878.0,0.58773,0.654145,PAN,DEU,8544
3350069,173,61,1747,2016,18096.0,4181118.0,-0.717529,0.007845999999999999,PER,DEU,8544
3350070,174,61,1747,2016,8207455.0,7713302.0,0.619343,0.303981,PHL,DEU,8544
3350071,176,61,1747,2016,0.0,5288.0,-1.689987,-1.2762639999999998,PNG,DEU,8544
3350072,177,61,1747,2016,830154499.0,398695505.0,1.146113,1.239532,POL,DEU,8544
3350073,179,61,1747,2016,59877015.0,65217472.0,0.519621,2.254972,PRT,DEU,8544
3350074,180,61,1747,2016,0.0,530981.0,-0.660702,-1.0329979999999999,PRY,DEU,8544
3350075,181,61,1747,2016,0.0,56279.0,-0.067187,0.535972,PSE,DEU,8544
3350076,182,61,1747,2016,0.0,49937.0,0.11597400000000001,-0.657672,PYF,DEU,8544
3350077,183,61,1747,2016,10302.0,5572815.0,-0.36124,-1.106629,QAT,DEU,8544
3350078,185,61,1747,2016,1656395817.0,229414450.0,1.061259,0.9878870000000001,ROU,DEU,8544
3350079,186,61,1747,2016,1319921.0,87467926.0,0.252891,0.200423,RUS,DEU,8544
3350080,187,61,1747,2016,0.0,233964.0,-0.5802149999999999,-0.568327,RWA,DEU,8544
3350081,188,61,1747,2016,132943.0,68435867.0,0.394807,-0.638644,SAU,DEU,8544
3350082,190,61,1747,2016,0.0,621131.0,-1.216141,-1.191648,SDN,DEU,8544
3350083,191,61,1747,2016,0.0,120300.0,-0.7061270000000001,-0.46532399999999996,SEN,DEU,8544
3350084,192,61,1747,2016,8763024.0,33016889.0,2.089995,0.564921,SGP,DEU,8544
3350085,196,61,1747,2016,0.0,8816.0,-0.184021,-0.5023920000000001,SLE,DEU,8544
3350086,197,61,1747,2016,20697.0,335719.0,0.10397999999999999,0.25556599999999996,SLV,DEU,8544
3350087,198,61,1747,2016,0.0,52795.0,1.086646,0.58939,SMR,DEU,8544
3350088,199,61,1747,2016,0.0,36554.0,-1.429439,-1.006612,SOM,DEU,8544
3350089,201,61,1747,2016,127198793.0,130275652.0,0.501676,1.0447520000000001,SRB,DEU,8544
3350090,202,61,1747,2016,0.0,21841.0,-1.841894,-1.024367,SSD,DEU,8544
3350091,205,61,1747,2016,0.0,19265.0,-0.7823869999999999,-1.060347,SUR,DEU,8544
3350092,206,61,1747,2016,442686288.0,144948515.0,1.273942,0.763966,SVK,DEU,8544
3350093,207,61,1747,2016,35063116.0,37545177.0,1.6466720000000001,0.8247680000000001,SVN,DEU,8544
3350094,208,61,1747,2016,69036780.0,127435972.0,1.785149,0.767444,SWE,DEU,8544
3350095,211,61,1747,2016,0.0,83583.0,0.441241,-0.580767,SYC,DEU,8544
3350096,212,61,1747,2016,0.0,24414.0,-0.746222,0.179918,SYR,DEU,8544
3350097,214,61,1747,2016,0.0,503807.0,-2.7867189999999997,-1.035452,TCD,DEU,8544
3350098,215,61,1747,2016,0.0,19878.0,-0.751382,-0.7411310000000001,TGO,DEU,8544
3350099,216,61,1747,2016,3546066.0,27934708.0,1.022065,1.428082,THA,DEU,8544
3350100,217,61,1747,2016,0.0,93154.0,-1.0791549999999999,-1.137941,TJK,DEU,8544
3350101,219,61,1747,2016,0.0,4252719.0,-1.27494,-1.259639,TKM,DEU,8544
3350102,221,61,1747,2016,0.0,1160.0,-0.29545,-0.766385,TON,DEU,8544
3350103,222,61,1747,2016,0.0,198067.0,-0.191969,-1.028843,TTO,DEU,8544
3350104,223,61,1747,2016,516870008.0,126658025.0,0.171791,1.062948,TUN,DEU,8544
3350105,224,61,1747,2016,178965736.0,70131527.0,0.45364799999999994,2.478837,TUR,DEU,8544
3350106,226,61,1747,2016,3183.0,290865.0,-1.1008799999999999,-0.048319,TZA,DEU,8544
3350107,227,61,1747,2016,0.0,200840.0,-0.37745300000000004,0.525303,UGA,DEU,8544
3350108,228,61,1747,2016,397364608.0,24701411.0,0.406901,0.637051,UKR,DEU,8544
3350109,229,61,1747,2016,0.0,21566.0,1.8058740000000002,0.587761,UMI,DEU,8544
3350110,230,61,1747,2016,4792.0,677986.0,0.098051,-0.45418400000000003,URY,DEU,8544
3350111,231,61,1747,2016,188571494.0,414014122.0,1.685329,0.297536,USA,DEU,8544
3350112,232,61,1747,2016,0.0,655649.0,-0.703465,-0.493036,UZB,DEU,8544
3350113,234,61,1747,2016,0.0,77653.0,0.157611,-0.581526,VCT,DEU,8544
3350114,236,61,1747,2016,8668.0,1047387.0,-0.844669,-1.164315,VEN,DEU,8544
3350115,237,61,1747,2016,0.0,3606.0,0.566815,-0.43181800000000004,VGB,DEU,8544
3350116,239,61,1747,2016,5515408.0,13868619.0,-0.10217899999999999,1.015568,VNM,DEU,8544
3350117,243,61,1747,2016,0.0,182765.0,-1.232675,-1.205963,YEM,DEU,8544
3350118,246,61,1747,2016,3729626.0,54471141.0,0.187396,1.46169,ZAF,DEU,8544
3350119,247,61,1747,2016,0.0,209623.0,-0.632437,-0.968817,ZMB,DEU,8544
3350120,248,61,1747,2016,0.0,6106.0,-1.083532,-1.0016610000000001,ZWE,DEU,8544
3350121,249,61,1747,2016,24530259.0,19116834.0,2.002996,1.39485,TWN,DEU,8544
3350122,250,61,1747,2016,0.0,77359.0,0.773312,-0.015385,ANS,DEU,8544
3350123,1,64,1747,2016,0.0,4286.0,-1.497486,-1.002342,AFG,DNK,8544
3350124,2,64,1747,2016,2824.0,30368.0,-1.313517,-1.262761,AGO,DNK,8544
3350125,4,64,1747,2016,0.0,9725.0,-0.534645,-0.09027,ALB,DNK,8544
3350126,7,64,1747,2016,16783.0,1904049.0,0.11037999999999999,0.045327,ARE,DNK,8544
3350127,8,64,1747,2016,0.0,72077.0,-0.132495,0.16353199999999998,ARG,DNK,8544
3350128,9,64,1747,2016,0.0,8083.0,-0.044982999999999995,-0.518007,ARM,DNK,8544
3350129,14,64,1747,2016,16112.0,942958.0,-0.25955300000000003,0.0011070000000000001,AUS,DNK,8544
3350130,15,64,1747,2016,2351730.0,830394.0,1.759363,0.127262,AUT,DNK,8544
3350131,16,64,1747,2016,0.0,17136.0,-0.909744,-1.180449,AZE,DNK,8544
3350132,17,64,1747,2016,0.0,284.0,-1.0141229999999999,-0.908808,BDI,DNK,8544
3350133,18,64,1747,2016,13721050.0,1735213.0,1.3102610000000001,1.214573,BEL,DNK,8544
3350134,19,64,1747,2016,0.0,1452.0,-0.971123,-0.801574,BEN,DNK,8544
3350135,21,64,1747,2016,0.0,6758.0,-1.0885790000000002,-1.027005,BFA,DNK,8544
3350136,22,64,1747,2016,0.0,24306.0,-1.107523,-1.065009,BGD,DNK,8544
3350137,23,64,1747,2016,17162.0,47732.0,0.51707,1.7329130000000001,BGR,DNK,8544
3350138,24,64,1747,2016,0.0,66972.0,0.323348,-0.514446,BHR,DNK,8544
3350139,25,64,1747,2016,0.0,81700.0,0.605834,-0.430958,BHS,DNK,8544
3350140,26,64,1747,2016,0.0,19542.0,0.47827700000000006,0.5643100000000001,BIH,DNK,8544
3350141,28,64,1747,2016,0.0,40017.0,0.773807,0.827442,BLR,DNK,8544
3350142,31,64,1747,2016,0.0,2150.0,-1.061758,-1.041501,BOL,DNK,8544
3350143,32,64,1747,2016,55130.0,1117760.0,0.245919,0.661809,BRA,DNK,8544
3350144,34,64,1747,2016,0.0,3112.0,0.078764,-0.8103670000000001,BRN,DNK,8544
3350145,39,64,1747,2016,124103.0,440376.0,0.6579050000000001,1.12259,CAN,DNK,8544
3350146,41,64,1747,2016,5797556.0,1682674.0,2.3488689999999997,0.806291,CHE,DNK,8544
3350147,42,64,1747,2016,9681.0,1079880.0,-0.385519,-0.470495,CHL,DNK,8544
3350148,43,64,1747,2016,39416986.0,6837315.0,1.1073620000000002,1.723098,CHN,DNK,8544
3350149,44,64,1747,2016,0.0,8568.0,-0.88415,-0.8122689999999999,CIV,DNK,8544
3350150,45,64,1747,2016,0.0,8330.0,-1.086484,-1.0725559999999998,CMR,DNK,8544
3350151,46,64,1747,2016,0.0,7485.0,-1.136472,-1.109177,COD,DNK,8544
3350152,47,64,1747,2016,0.0,3038.0,-0.718731,-1.0663799999999999,COG,DNK,8544
3350153,49,64,1747,2016,0.0,25715.0,0.10205700000000001,-0.155574,COL,DNK,8544
3350154,52,64,1747,2016,0.0,92738.0,0.204591,-0.18279600000000001,CRI,DNK,8544
3350155,58,64,1747,2016,2152.0,66812.0,0.40822800000000004,0.07535,CYP,DNK,8544
3350156,59,64,1747,2016,7051634.0,3267721.0,1.823627,0.552354,CZE,DNK,8544
3350157,61,64,1747,2016,101303155.0,27745523.0,2.203093,-2.24919,DEU,DNK,8544
3350158,62,64,1747,2016,0.0,25834.0,-0.032607,-0.549622,DJI,DNK,8544
3350159,65,64,1747,2016,6385.0,13833.0,-0.237382,0.295389,DOM,DNK,8544
3350160,66,64,1747,2016,0.0,43857.0,-1.0202930000000001,-1.236642,DZA,DNK,8544
3350161,67,64,1747,2016,0.0,543249.0,-1.0860049999999999,-1.049065,ECU,DNK,8544
3350162,68,64,1747,2016,1323.0,326747.0,-0.142377,1.674348,EGY,DNK,8544
3350163,69,64,1747,2016,0.0,1914.0,-1.479782,-1.060063,ERI,DNK,8544
3350164,71,64,1747,2016,14428393.0,8477795.0,0.765428,2.57725,ESP,DNK,8544
3350165,72,64,1747,2016,5888002.0,428915.0,1.000418,1.154152,EST,DNK,8544
3350166,73,64,1747,2016,0.0,28298.0,-1.006161,-0.756472,ETH,DNK,8544
3350167,74,64,1747,2016,8859888.0,5842738.0,1.581968,1.006432,FIN,DNK,8544
3350168,75,64,1747,2016,0.0,8142.0,-0.27171999999999996,0.172933,FJI,DNK,8544
3350169,77,64,1747,2016,20981849.0,8669992.0,1.476437,0.911746,FRA,DNK,8544
3350170,78,64,1747,2016,0.0,1447065.0,-0.7436,-0.955406,FRO,DNK,8544
3350171,81,64,1747,2016,16110313.0,24383134.0,1.6974669999999998,0.9231299999999999,GBR,DNK,8544
3350172,82,64,1747,2016,0.0,71022.0,-0.388359,-0.51175,GEO,DNK,8544
3350173,83,64,1747,2016,0.0,125440.0,-0.945358,-0.805301,GHA,DNK,8544
3350174,84,64,1747,2016,0.0,5543.0,0.8535370000000001,-0.661778,GIB,DNK,8544
3350175,85,64,1747,2016,0.0,1759.0,-1.474753,-1.215627,GIN,DNK,8544
3350176,90,64,1747,2016,350646.0,350747.0,0.12153499999999999,1.126101,GRC,DNK,8544
3350177,92,64,1747,2016,0.0,1495754.0,-1.15173,-0.9915700000000001,GRL,DNK,8544
3350178,93,64,1747,2016,0.0,839.0,-0.414843,0.382162,GTM,DNK,8544
3350179,97,64,1747,2016,3613714.0,473289.0,0.8029029999999999,1.477249,HKG,DNK,8544
3350180,99,64,1747,2016,0.0,21905.0,-0.673741,-0.403777,HND,DNK,8544
3350181,100,64,1747,2016,20000.0,67062.0,0.8695200000000001,1.214791,HRV,DNK,8544
3350182,102,64,1747,2016,1916184.0,1714979.0,1.445281,0.8422209999999999,HUN,DNK,8544
3350183,103,64,1747,2016,0.0,50799.0,-0.158496,1.492067,IDN,DNK,8544
3350184,104,64,1747,2016,2153062.0,563732.0,0.30976,2.61043,IND,DNK,8544
3350185,106,64,1747,2016,1821581.0,1696036.0,1.445238,0.07659400000000001,IRL,DNK,8544
3350186,107,64,1747,2016,0.0,35052.0,-0.407368,-0.23482399999999998,IRN,DNK,8544
3350187,108,64,1747,2016,0.0,15583.0,-2.2400029999999997,-1.017174,IRQ,DNK,8544
3350188,109,64,1747,2016,15640.0,1042337.0,0.192448,-0.37174,ISL,DNK,8544
3350189,110,64,1747,2016,169118.0,706671.0,1.352275,0.67584,ISR,DNK,8544
3350190,111,64,1747,2016,28042635.0,1615405.0,1.339307,0.8549209999999999,ITA,DNK,8544
3350191,113,64,1747,2016,0.0,48451.0,-0.0115,0.045625,JOR,DNK,8544
3350192,114,64,1747,2016,350783.0,720266.0,2.574025,-0.34859,JPN,DNK,8544
3350193,115,64,1747,2016,0.0,14430.0,-0.376397,-0.553639,KAZ,DNK,8544
3350194,116,64,1747,2016,0.0,73924.0,-0.535616,0.520101,KEN,DNK,8544
3350195,117,64,1747,2016,0.0,4486.0,0.010529,0.287462,KGZ,DNK,8544
3350196,118,64,1747,2016,0.0,4304.0,-0.8365239999999999,-0.794615,KHM,DNK,8544
3350197,121,64,1747,2016,2185776.0,813552.0,2.086184,0.724318,KOR,DNK,8544
3350198,122,64,1747,2016,0.0,128038.0,-0.31188,-1.1438620000000002,KWT,DNK,8544
3350199,123,64,1747,2016,0.0,1367.0,-0.9781479999999999,-0.8272860000000001,LAO,DNK,8544
3350200,124,64,1747,2016,7177.0,28479.0,0.285829,1.0818139999999998,LBN,DNK,8544
3350201,125,64,1747,2016,0.0,7044.0,-0.870345,-1.113277,LBR,DNK,8544
3350202,128,64,1747,2016,23775.0,194193.0,-0.562869,0.49937,LKA,DNK,8544
3350203,130,64,1747,2016,3656417.0,467012.0,0.706929,1.419432,LTU,DNK,8544
3350204,131,64,1747,2016,65013.0,86418.0,1.340054,1.30224,LUX,DNK,8544
3350205,132,64,1747,2016,79814.0,175021.0,0.553592,1.19865,LVA,DNK,8544
3350206,134,64,1747,2016,0.0,53277.0,-0.772795,-0.206511,MAR,DNK,8544
3350207,135,64,1747,2016,0.0,13047.0,-0.340932,-0.2839,MDA,DNK,8544
3350208,137,64,1747,2016,0.0,6325.0,-0.79904,-0.9720840000000001,MDV,DNK,8544
3350209,138,64,1747,2016,208799.0,634949.0,1.165638,0.6446649999999999,MEX,DNK,8544
3350210,140,64,1747,2016,0.0,6560.0,0.026185000000000003,-0.20027999999999999,MKD,DNK,8544
3350211,141,64,1747,2016,0.0,733633.0,-0.584863,-0.74131,MLI,DNK,8544
3350212,142,64,1747,2016,0.0,13387.0,0.8795950000000001,-0.21689499999999998,MLT,DNK,8544
3350213,144,64,1747,2016,0.0,7360.0,-0.005084,-0.25252199999999997,MNE,DNK,8544
3350214,145,64,1747,2016,0.0,4991.0,-0.811142,-1.013252,MNG,DNK,8544
3350215,147,64,1747,2016,0.0,768.0,-1.333702,-1.116794,MOZ,DNK,8544
3350216,148,64,1747,2016,0.0,28466.0,-1.542265,-1.318586,MRT,DNK,8544
3350217,151,64,1747,2016,0.0,33459.0,-0.24309899999999998,-0.084888,MUS,DNK,8544
3350218,153,64,1747,2016,525927.0,527212.0,1.106894,0.7452840000000001,MYS,DNK,8544
3350219,155,64,1747,2016,0.0,12794.0,-0.6256689999999999,-0.8612219999999999,NAM,DNK,8544
3350220,159,64,1747,2016,0.0,16733.0,-1.835357,-1.286597,NGA,DNK,8544
3350221,160,64,1747,2016,0.0,7653.0,-1.0387389999999999,-0.998977,NIC,DNK,8544
3350222,162,64,1747,2016,18681542.0,9355670.0,1.157361,1.5188540000000001,NLD,DNK,8544
3350223,163,64,1747,2016,9460041.0,21758221.0,0.89891,0.297673,NOR,DNK,8544
3350224,164,64,1747,2016,0.0,1466.0,-0.37595500000000004,0.475239,NPL,DNK,8544
3350225,166,64,1747,2016,2162.0,166368.0,0.236556,0.252918,NZL,DNK,8544
3350226,167,64,1747,2016,0.0,735679.0,-0.334782,-0.9107190000000001,OMN,DNK,8544
3350227,168,64,1747,2016,0.0,59023.0,-0.7502800000000001,0.545331,PAK,DNK,8544
3350228,169,64,1747,2016,0.0,27763.0,0.58773,0.654145,PAN,DNK,8544
3350229,173,64,1747,2016,0.0,16193.0,-0.717529,0.007845999999999999,PER,DNK,8544
3350230,174,64,1747,2016,11099.0,606444.0,0.619343,0.303981,PHL,DNK,8544
3350231,177,64,1747,2016,12666156.0,4576558.0,1.146113,1.239532,POL,DNK,8544
3350232,179,64,1747,2016,81710.0,1020214.0,0.519621,2.254972,PRT,DNK,8544
3350233,180,64,1747,2016,0.0,27692.0,-0.660702,-1.0329979999999999,PRY,DNK,8544
3350234,181,64,1747,2016,0.0,27456.0,-0.067187,0.535972,PSE,DNK,8544
3350235,182,64,1747,2016,0.0,4307.0,0.11597400000000001,-0.657672,PYF,DNK,8544
3350236,183,64,1747,2016,0.0,133819.0,-0.36124,-1.106629,QAT,DNK,8544
3350237,185,64,1747,2016,647977.0,160182.0,1.061259,0.9878870000000001,ROU,DNK,8544
3350238,186,64,1747,2016,42381.0,722460.0,0.252891,0.200423,RUS,DNK,8544
3350239,187,64,1747,2016,0.0,1360.0,-0.5802149999999999,-0.568327,RWA,DNK,8544
3350240,188,64,1747,2016,0.0,238959.0,0.394807,-0.638644,SAU,DNK,8544
3350241,191,64,1747,2016,0.0,6725.0,-0.7061270000000001,-0.46532399999999996,SEN,DNK,8544
3350242,192,64,1747,2016,35865.0,1452360.0,2.089995,0.564921,SGP,DNK,8544
3350243,196,64,1747,2016,0.0,21357.0,-0.184021,-0.5023920000000001,SLE,DNK,8544
3350244,197,64,1747,2016,0.0,1059.0,0.10397999999999999,0.25556599999999996,SLV,DNK,8544
3350245,199,64,1747,2016,0.0,56384.0,-1.429439,-1.006612,SOM,DNK,8544
3350246,201,64,1747,2016,917809.0,440429.0,0.501676,1.0447520000000001,SRB,DNK,8544
3350247,202,64,1747,2016,0.0,6958.0,-1.841894,-1.024367,SSD,DNK,8544
3350248,205,64,1747,2016,0.0,4460.0,-0.7823869999999999,-1.060347,SUR,DNK,8544
3350249,206,64,1747,2016,2362588.0,937784.0,1.273942,0.763966,SVK,DNK,8544
3350250,207,64,1747,2016,1133718.0,30172.0,1.6466720000000001,0.8247680000000001,SVN,DNK,8544
3350251,208,64,1747,2016,43868899.0,39502512.0,1.785149,0.767444,SWE,DNK,8544
3350252,214,64,1747,2016,0.0,4078.0,-2.7867189999999997,-1.035452,TCD,DNK,8544
3350253,215,64,1747,2016,0.0,1963.0,-0.751382,-0.7411310000000001,TGO,DNK,8544
3350254,216,64,1747,2016,1450205.0,431494.0,1.022065,1.428082,THA,DNK,8544
3350255,223,64,1747,2016,3385.0,35644.0,0.171791,1.062948,TUN,DNK,8544
3350256,224,64,1747,2016,5881467.0,1716805.0,0.45364799999999994,2.478837,TUR,DNK,8544
3350257,226,64,1747,2016,0.0,13704.0,-1.1008799999999999,-0.048319,TZA,DNK,8544
3350258,227,64,1747,2016,0.0,30027.0,-0.37745300000000004,0.525303,UGA,DNK,8544
3350259,228,64,1747,2016,0.0,157635.0,0.406901,0.637051,UKR,DNK,8544
3350260,230,64,1747,2016,0.0,453523.0,0.098051,-0.45418400000000003,URY,DNK,8544
3350261,231,64,1747,2016,6410579.0,8351408.0,1.685329,0.297536,USA,DNK,8544
3350262,232,64,1747,2016,0.0,23995.0,-0.703465,-0.493036,UZB,DNK,8544
3350263,234,64,1747,2016,0.0,1242.0,0.157611,-0.581526,VCT,DNK,8544
3350264,239,64,1747,2016,1248493.0,4426762.0,-0.10217899999999999,1.015568,VNM,DNK,8544
3350265,246,64,1747,2016,13476.0,198469.0,0.187396,1.46169,ZAF,DNK,8544
3350266,247,64,1747,2016,0.0,183.0,-0.632437,-0.968817,ZMB,DNK,8544
3350267,249,64,1747,2016,2043442.0,208311.0,2.002996,1.39485,TWN,DNK,8544
3350268,7,65,1747,2016,27002.0,10195.0,0.11037999999999999,0.045327,ARE,DOM,8544
3350269,8,65,1747,2016,378335.0,26017.0,-0.132495,0.16353199999999998,ARG,DOM,8544
3350270,14,65,1747,2016,0.0,92751.0,-0.25955300000000003,0.0011070000000000001,AUS,DOM,8544
3350271,15,65,1747,2016,5971.0,6203.0,1.759363,0.127262,AUT,DOM,8544
3350272,18,65,1747,2016,56347.0,0.0,1.3102610000000001,1.214573,BEL,DOM,8544
3350273,23,65,1747,2016,15802.0,0.0,0.51707,1.7329130000000001,BGR,DOM,8544
3350274,25,65,1747,2016,0.0,1651.0,0.605834,-0.430958,BHS,DOM,8544
3350275,32,65,1747,2016,2312921.0,0.0,0.245919,0.661809,BRA,DOM,8544
3350276,39,65,1747,2016,56401.0,6203171.0,0.6579050000000001,1.12259,CAN,DOM,8544
3350277,41,65,1747,2016,1856.0,3001.0,2.3488689999999997,0.806291,CHE,DOM,8544
3350278,42,65,1747,2016,123831.0,10796.0,-0.385519,-0.470495,CHL,DOM,8544
3350279,43,65,1747,2016,14716489.0,20485.0,1.1073620000000002,1.723098,CHN,DOM,8544
3350280,49,65,1747,2016,639855.0,1583.0,0.10205700000000001,-0.155574,COL,DOM,8544
3350281,52,65,1747,2016,18602132.0,71449.0,0.204591,-0.18279600000000001,CRI,DOM,8544
3350282,54,65,1747,2016,0.0,39305.0,-0.602309,-1.0781120000000002,CUB,DOM,8544
3350283,59,65,1747,2016,13446.0,2657.0,1.823627,0.552354,CZE,DOM,8544
3350284,61,65,1747,2016,1071244.0,692139.0,2.203093,-2.24919,DEU,DOM,8544
3350285,64,65,1747,2016,13833.0,6385.0,1.117864,1.302658,DNK,DOM,8544
3350286,68,65,1747,2016,0.0,1053.0,-0.142377,1.674348,EGY,DOM,8544
3350287,71,65,1747,2016,10100298.0,310109.0,0.765428,2.57725,ESP,DOM,8544
3350288,72,65,1747,2016,21012.0,0.0,1.000418,1.154152,EST,DOM,8544
3350289,74,65,1747,2016,3478.0,22659.0,1.581968,1.006432,FIN,DOM,8544
3350290,77,65,1747,2016,2191385.0,231081.0,1.476437,0.911746,FRA,DOM,8544
3350291,80,65,1747,2016,6596.0,0.0,-1.530568,-1.254999,GAB,DOM,8544
3350292,81,65,1747,2016,480559.0,1401.0,1.6974669999999998,0.9231299999999999,GBR,DOM,8544
3350293,90,65,1747,2016,37121.0,0.0,0.12153499999999999,1.126101,GRC,DOM,8544
3350294,93,65,1747,2016,65029.0,0.0,-0.414843,0.382162,GTM,DOM,8544
3350295,97,65,1747,2016,182178.0,1780.0,0.8029029999999999,1.477249,HKG,DOM,8544
3350296,99,65,1747,2016,390931.0,0.0,-0.673741,-0.403777,HND,DOM,8544
3350297,101,65,1747,2016,0.0,647532.0,-1.30976,-1.010181,HTI,DOM,8544
3350298,102,65,1747,2016,7011.0,0.0,1.445281,0.8422209999999999,HUN,DOM,8544
3350299,103,65,1747,2016,4557.0,0.0,-0.158496,1.492067,IDN,DOM,8544
3350300,104,65,1747,2016,115445.0,6044.0,0.30976,2.61043,IND,DOM,8544
3350301,106,65,1747,2016,28394.0,917.0,1.445238,0.07659400000000001,IRL,DOM,8544
3350302,110,65,1747,2016,12780.0,0.0,1.352275,0.67584,ISR,DOM,8544
3350303,111,65,1747,2016,1060839.0,6362.0,1.339307,0.8549209999999999,ITA,DOM,8544
3350304,112,65,1747,2016,0.0,27302.0,-0.259972,-0.592114,JAM,DOM,8544
3350305,114,65,1747,2016,121991.0,16962.0,2.574025,-0.34859,JPN,DOM,8544
3350306,115,65,1747,2016,0.0,3016.0,-0.376397,-0.553639,KAZ,DOM,8544
3350307,121,65,1747,2016,592537.0,1323.0,2.086184,0.724318,KOR,DOM,8544
3350308,122,65,1747,2016,0.0,1019.0,-0.31188,-1.1438620000000002,KWT,DOM,8544
3350309,131,65,1747,2016,0.0,833.0,1.340054,1.30224,LUX,DOM,8544
3350310,134,65,1747,2016,0.0,18392.0,-0.772795,-0.206511,MAR,DOM,8544
3350311,138,65,1747,2016,4623967.0,2468615.0,1.165638,0.6446649999999999,MEX,DOM,8544
3350312,142,65,1747,2016,334511.0,0.0,0.8795950000000001,-0.21689499999999998,MLT,DOM,8544
3350313,143,65,1747,2016,571.0,0.0,-1.160878,-0.6042609999999999,MMR,DOM,8544
3350314,153,65,1747,2016,5867455.0,0.0,1.106894,0.7452840000000001,MYS,DOM,8544
3350315,160,65,1747,2016,0.0,1378.0,-1.0387389999999999,-0.998977,NIC,DOM,8544
3350316,162,65,1747,2016,63846.0,38852.0,1.157361,1.5188540000000001,NLD,DOM,8544
3350317,163,65,1747,2016,0.0,22778.0,0.89891,0.297673,NOR,DOM,8544
3350318,166,65,1747,2016,5987.0,9208.0,0.236556,0.252918,NZL,DOM,8544
3350319,169,65,1747,2016,488092.0,9286.0,0.58773,0.654145,PAN,DOM,8544
3350320,173,65,1747,2016,63815.0,899.0,-0.717529,0.007845999999999999,PER,DOM,8544
3350321,174,65,1747,2016,1314.0,0.0,0.619343,0.303981,PHL,DOM,8544
3350322,177,65,1747,2016,60605.0,380053.0,1.146113,1.239532,POL,DOM,8544
3350323,179,65,1747,2016,25588.0,0.0,0.519621,2.254972,PRT,DOM,8544
3350324,185,65,1747,2016,16634.0,1436.0,1.061259,0.9878870000000001,ROU,DOM,8544
3350325,186,65,1747,2016,0.0,10582.0,0.252891,0.200423,RUS,DOM,8544
3350326,192,65,1747,2016,2063920.0,118921.0,2.089995,0.564921,SGP,DOM,8544
3350327,197,65,1747,2016,69687.0,0.0,0.10397999999999999,0.25556599999999996,SLV,DOM,8544
3350328,201,65,1747,2016,0.0,773.0,0.501676,1.0447520000000001,SRB,DOM,8544
3350329,206,65,1747,2016,8843.0,2285.0,1.273942,0.763966,SVK,DOM,8544
3350330,208,65,1747,2016,219172.0,0.0,1.785149,0.767444,SWE,DOM,8544
3350331,216,65,1747,2016,13920.0,2938498.0,1.022065,1.428082,THA,DOM,8544
3350332,222,65,1747,2016,1473470.0,0.0,-0.191969,-1.028843,TTO,DOM,8544
3350333,224,65,1747,2016,844681.0,43624.0,0.45364799999999994,2.478837,TUR,DOM,8544
3350334,230,65,1747,2016,0.0,2217.0,0.098051,-0.45418400000000003,URY,DOM,8544
3350335,231,65,1747,2016,15105788.0,18500235.0,1.685329,0.297536,USA,DOM,8544
3350336,236,65,1747,2016,49099.0,12583.0,-0.844669,-1.164315,VEN,DOM,8544
3350337,239,65,1747,2016,94723.0,9536.0,-0.10217899999999999,1.015568,VNM,DOM,8544
3350338,246,65,1747,2016,12976.0,58678.0,0.187396,1.46169,ZAF,DOM,8544
3350339,249,65,1747,2016,87893.0,12720.0,2.002996,1.39485,TWN,DOM,8544
3350340,250,65,1747,2016,16722.0,3162.0,0.773312,-0.015385,ANS,DOM,8544
3350341,7,67,1747,2016,4716.0,14270.0,0.11037999999999999,0.045327,ARE,ECU,8544
3350342,8,67,1747,2016,274354.0,8442.0,-0.132495,0.16353199999999998,ARG,ECU,8544
3350343,14,67,1747,2016,3084.0,30646.0,-0.25955300000000003,0.0011070000000000001,AUS,ECU,8544
3350344,15,67,1747,2016,12719.0,0.0,1.759363,0.127262,AUT,ECU,8544
3350345,16,67,1747,2016,0.0,44401.0,-0.909744,-1.180449,AZE,ECU,8544
3350346,18,67,1747,2016,13284.0,0.0,1.3102610000000001,1.214573,BEL,ECU,8544
3350347,23,67,1747,2016,3368.0,0.0,0.51707,1.7329130000000001,BGR,ECU,8544
3350348,31,67,1747,2016,0.0,8723.0,-1.061758,-1.041501,BOL,ECU,8544
3350349,32,67,1747,2016,6871526.0,942248.0,0.245919,0.661809,BRA,ECU,8544
3350350,39,67,1747,2016,165116.0,278799.0,0.6579050000000001,1.12259,CAN,ECU,8544
3350351,41,67,1747,2016,24057.0,6101.0,2.3488689999999997,0.806291,CHE,ECU,8544
3350352,42,67,1747,2016,19096429.0,47473.0,-0.385519,-0.470495,CHL,ECU,8544
3350353,43,67,1747,2016,28268810.0,38477.0,1.1073620000000002,1.723098,CHN,ECU,8544
3350354,49,67,1747,2016,28990455.0,1177253.0,0.10205700000000001,-0.155574,COL,ECU,8544
3350355,52,67,1747,2016,167413.0,0.0,0.204591,-0.18279600000000001,CRI,ECU,8544
3350356,54,67,1747,2016,71637.0,0.0,-0.602309,-1.0781120000000002,CUB,ECU,8544
3350357,59,67,1747,2016,11230.0,2888.0,1.823627,0.552354,CZE,ECU,8544
3350358,61,67,1747,2016,1025037.0,3295.0,2.203093,-2.24919,DEU,ECU,8544
3350359,64,67,1747,2016,543249.0,0.0,1.117864,1.302658,DNK,ECU,8544
3350360,71,67,1747,2016,205487.0,63721.0,0.765428,2.57725,ESP,ECU,8544
3350361,74,67,1747,2016,2146.0,0.0,1.581968,1.006432,FIN,ECU,8544
3350362,75,67,1747,2016,486.0,0.0,-0.27171999999999996,0.172933,FJI,ECU,8544
3350363,77,67,1747,2016,1667779.0,16986.0,1.476437,0.911746,FRA,ECU,8544
3350364,81,67,1747,2016,208207.0,18203.0,1.6974669999999998,0.9231299999999999,GBR,ECU,8544
3350365,97,67,1747,2016,2277400.0,0.0,0.8029029999999999,1.477249,HKG,ECU,8544
3350366,102,67,1747,2016,4133.0,0.0,1.445281,0.8422209999999999,HUN,ECU,8544
3350367,103,67,1747,2016,13912.0,271269.0,-0.158496,1.492067,IDN,ECU,8544
3350368,104,67,1747,2016,22121.0,0.0,0.30976,2.61043,IND,ECU,8544
3350369,106,67,1747,2016,0.0,17307.0,1.445238,0.07659400000000001,IRL,ECU,8544
3350370,110,67,1747,2016,17975.0,11431.0,1.352275,0.67584,ISR,ECU,8544
3350371,111,67,1747,2016,38109.0,30939.0,1.339307,0.8549209999999999,ITA,ECU,8544
3350372,112,67,1747,2016,0.0,991.0,-0.259972,-0.592114,JAM,ECU,8544
3350373,114,67,1747,2016,370697.0,0.0,2.574025,-0.34859,JPN,ECU,8544
3350374,121,67,1747,2016,2511112.0,0.0,2.086184,0.724318,KOR,ECU,8544
3350375,122,67,1747,2016,0.0,11672.0,-0.31188,-1.1438620000000002,KWT,ECU,8544
3350376,124,67,1747,2016,1973.0,0.0,0.285829,1.0818139999999998,LBN,ECU,8544
3350377,131,67,1747,2016,3761.0,0.0,1.340054,1.30224,LUX,ECU,8544
3350378,132,67,1747,2016,8127.0,0.0,0.553592,1.19865,LVA,ECU,8544
3350379,138,67,1747,2016,1850850.0,42075.0,1.165638,0.6446649999999999,MEX,ECU,8544
3350380,153,67,1747,2016,7532.0,0.0,1.106894,0.7452840000000001,MYS,ECU,8544
3350381,160,67,1747,2016,2775.0,0.0,-1.0387389999999999,-0.998977,NIC,ECU,8544
3350382,162,67,1747,2016,119320.0,0.0,1.157361,1.5188540000000001,NLD,ECU,8544
3350383,166,67,1747,2016,4358.0,0.0,0.236556,0.252918,NZL,ECU,8544
3350384,167,67,1747,2016,0.0,9554.0,-0.334782,-0.9107190000000001,OMN,ECU,8544
3350385,169,67,1747,2016,499478.0,295521.0,0.58773,0.654145,PAN,ECU,8544
3350386,173,67,1747,2016,654230.0,348890.0,-0.717529,0.007845999999999999,PER,ECU,8544
3350387,174,67,1747,2016,23122.0,0.0,0.619343,0.303981,PHL,ECU,8544
3350388,177,67,1747,2016,24944.0,42670.0,1.146113,1.239532,POL,ECU,8544
3350389,179,67,1747,2016,1144.0,0.0,0.519621,2.254972,PRT,ECU,8544
3350390,180,67,1747,2016,0.0,34335.0,-0.660702,-1.0329979999999999,PRY,ECU,8544
3350391,185,67,1747,2016,4138.0,0.0,1.061259,0.9878870000000001,ROU,ECU,8544
3350392,186,67,1747,2016,869573.0,0.0,0.252891,0.200423,RUS,ECU,8544
3350393,187,67,1747,2016,0.0,2921.0,-0.5802149999999999,-0.568327,RWA,ECU,8544
3350394,188,67,1747,2016,297890.0,2742.0,0.394807,-0.638644,SAU,ECU,8544
3350395,190,67,1747,2016,0.0,3609.0,-1.216141,-1.191648,SDN,ECU,8544
3350396,192,67,1747,2016,17265.0,0.0,2.089995,0.564921,SGP,ECU,8544
3350397,197,67,1747,2016,814.0,2666.0,0.10397999999999999,0.25556599999999996,SLV,ECU,8544
3350398,206,67,1747,2016,5237.0,181370.0,1.273942,0.763966,SVK,ECU,8544
3350399,207,67,1747,2016,1153.0,0.0,1.6466720000000001,0.8247680000000001,SVN,ECU,8544
3350400,208,67,1747,2016,23795.0,0.0,1.785149,0.767444,SWE,ECU,8544
3350401,216,67,1747,2016,45684.0,4978.0,1.022065,1.428082,THA,ECU,8544
3350402,223,67,1747,2016,2177.0,0.0,0.171791,1.062948,TUN,ECU,8544
3350403,224,67,1747,2016,1984394.0,0.0,0.45364799999999994,2.478837,TUR,ECU,8544
3350404,230,67,1747,2016,2059.0,0.0,0.098051,-0.45418400000000003,URY,ECU,8544
3350405,231,67,1747,2016,21950603.0,10903134.0,1.685329,0.297536,USA,ECU,8544
3350406,236,67,1747,2016,0.0,2494.0,-0.844669,-1.164315,VEN,ECU,8544
3350407,239,67,1747,2016,196392.0,0.0,-0.10217899999999999,1.015568,VNM,ECU,8544
3350408,249,67,1747,2016,404097.0,1840.0,2.002996,1.39485,TWN,ECU,8544
3350409,250,67,1747,2016,0.0,4876.0,0.773312,-0.015385,ANS,ECU,8544
3350410,1,71,1747,2016,0.0,10110.0,-1.497486,-1.002342,AFG,ESP,8544
3350411,2,71,1747,2016,134971.0,3040535.0,-1.313517,-1.262761,AGO,ESP,8544
3350412,3,71,1747,2016,0.0,15982.0,1.0810790000000001,-0.20086400000000001,AIA,ESP,8544
3350413,4,71,1747,2016,237207.0,25723.0,-0.534645,-0.09027,ALB,ESP,8544
3350414,5,71,1747,2016,23243.0,1539818.0,1.06885,0.519109,AND,ESP,8544
3350415,7,71,1747,2016,75855.0,23268544.0,0.11037999999999999,0.045327,ARE,ESP,8544
3350416,8,71,1747,2016,16680.0,956755.0,-0.132495,0.16353199999999998,ARG,ESP,8544
3350417,9,71,1747,2016,0.0,65504.0,-0.044982999999999995,-0.518007,ARM,ESP,8544
3350418,13,71,1747,2016,0.0,96864.0,0.19935999999999998,-0.538471,ATG,ESP,8544
3350419,14,71,1747,2016,72735.0,5302348.0,-0.25955300000000003,0.0011070000000000001,AUS,ESP,8544
3350420,15,71,1747,2016,13790370.0,3825955.0,1.759363,0.127262,AUT,ESP,8544
3350421,16,71,1747,2016,36055.0,123060.0,-0.909744,-1.180449,AZE,ESP,8544
3350422,18,71,1747,2016,10433196.0,56865089.0,1.3102610000000001,1.214573,BEL,ESP,8544
3350423,19,71,1747,2016,0.0,474639.0,-0.971123,-0.801574,BEN,ESP,8544
3350424,21,71,1747,2016,0.0,165427.0,-1.0885790000000002,-1.027005,BFA,ESP,8544
3350425,22,71,1747,2016,0.0,489816.0,-1.107523,-1.065009,BGD,ESP,8544
3350426,23,71,1747,2016,7709842.0,619772.0,0.51707,1.7329130000000001,BGR,ESP,8544
3350427,24,71,1747,2016,0.0,549932.0,0.323348,-0.514446,BHR,ESP,8544
3350428,25,71,1747,2016,3391.0,2720.0,0.605834,-0.430958,BHS,ESP,8544
3350429,26,71,1747,2016,0.0,1070353.0,0.47827700000000006,0.5643100000000001,BIH,ESP,8544
3350430,28,71,1747,2016,232085.0,221068.0,0.773807,0.827442,BLR,ESP,8544
3350431,30,71,1747,2016,0.0,11226.0,0.913218,-0.62813,BMU,ESP,8544
3350432,31,71,1747,2016,0.0,260172.0,-1.061758,-1.041501,BOL,ESP,8544
3350433,32,71,1747,2016,133946.0,3064630.0,0.245919,0.661809,BRA,ESP,8544
3350434,33,71,1747,2016,0.0,234360.0,0.613282,0.06728200000000001,BRB,ESP,8544
3350435,34,71,1747,2016,0.0,35597.0,0.078764,-0.8103670000000001,BRN,ESP,8544
3350436,37,71,1747,2016,1743.0,14392.0,-0.9927739999999999,-1.260391,BWA,ESP,8544
3350437,38,71,1747,2016,0.0,1755.0,-0.43507299999999993,-0.7039300000000001,CAF,ESP,8544
3350438,39,71,1747,2016,395899.0,1314257.0,0.6579050000000001,1.12259,CAN,ESP,8544
3350439,41,71,1747,2016,3482672.0,6819848.0,2.3488689999999997,0.806291,CHE,ESP,8544
3350440,42,71,1747,2016,88274.0,55962981.0,-0.385519,-0.470495,CHL,ESP,8544
3350441,43,71,1747,2016,109008558.0,13046770.0,1.1073620000000002,1.723098,CHN,ESP,8544
3350442,44,71,1747,2016,0.0,2657407.0,-0.88415,-0.8122689999999999,CIV,ESP,8544
3350443,45,71,1747,2016,0.0,281937.0,-1.086484,-1.0725559999999998,CMR,ESP,8544
3350444,46,71,1747,2016,0.0,125007.0,-1.136472,-1.109177,COD,ESP,8544
3350445,47,71,1747,2016,0.0,82460.0,-0.718731,-1.0663799999999999,COG,ESP,8544
3350446,49,71,1747,2016,2933.0,3437400.0,0.10205700000000001,-0.155574,COL,ESP,8544
3350447,51,71,1747,2016,118466.0,682463.0,0.264883,-0.580199,CPV,ESP,8544
3350448,52,71,1747,2016,14330.0,2567524.0,0.204591,-0.18279600000000001,CRI,ESP,8544
3350449,54,71,1747,2016,0.0,20236379.0,-0.602309,-1.0781120000000002,CUB,ESP,8544
3350450,55,71,1747,2016,0.0,20861.0,0.232855,-0.7864260000000001,CUW,ESP,8544
3350451,58,71,1747,2016,797.0,1795747.0,0.40822800000000004,0.07535,CYP,ESP,8544
3350452,59,71,1747,2016,21878170.0,22409904.0,1.823627,0.552354,CZE,ESP,8544
3350453,61,71,1747,2016,166938898.0,136817884.0,2.203093,-2.24919,DEU,ESP,8544
3350454,64,71,1747,2016,8477795.0,14428393.0,1.117864,1.302658,DNK,ESP,8544
3350455,65,71,1747,2016,310109.0,10100298.0,-0.237382,0.295389,DOM,ESP,8544
3350456,66,71,1747,2016,0.0,17595907.0,-1.0202930000000001,-1.236642,DZA,ESP,8544
3350457,67,71,1747,2016,63721.0,205487.0,-1.0860049999999999,-1.049065,ECU,ESP,8544
3350458,68,71,1747,2016,5766234.0,996719.0,-0.142377,1.674348,EGY,ESP,8544
3350459,72,71,1747,2016,414395.0,1477855.0,1.000418,1.154152,EST,ESP,8544
3350460,73,71,1747,2016,1051.0,56009.0,-1.006161,-0.756472,ETH,ESP,8544
3350461,74,71,1747,2016,815886.0,16392460.0,1.581968,1.006432,FIN,ESP,8544
3350462,75,71,1747,2016,0.0,3432.0,-0.27171999999999996,0.172933,FJI,ESP,8544
3350463,76,71,1747,2016,18168.0,0.0,-1.1568180000000001,-0.9883270000000001,FLK,ESP,8544
3350464,77,71,1747,2016,118390899.0,436231814.0,1.476437,0.911746,FRA,ESP,8544
3350465,80,71,1747,2016,0.0,160553.0,-1.530568,-1.254999,GAB,ESP,8544
3350466,81,71,1747,2016,50099800.0,287159482.0,1.6974669999999998,0.9231299999999999,GBR,ESP,8544
3350467,82,71,1747,2016,0.0,715433.0,-0.388359,-0.51175,GEO,ESP,8544
3350468,83,71,1747,2016,0.0,186548.0,-0.945358,-0.805301,GHA,ESP,8544
3350469,84,71,1747,2016,0.0,686667.0,0.8535370000000001,-0.661778,GIB,ESP,8544
3350470,85,71,1747,2016,0.0,27865.0,-1.474753,-1.215627,GIN,ESP,8544
3350471,87,71,1747,2016,0.0,10423.0,-0.743023,-0.833044,GMB,ESP,8544
3350472,88,71,1747,2016,0.0,133442.0,-1.671858,-1.043328,GNB,ESP,8544
3350473,89,71,1747,2016,0.0,3776852.0,-1.766286,-0.9607709999999999,GNQ,ESP,8544
3350474,90,71,1747,2016,468170.0,2155746.0,0.12153499999999999,1.126101,GRC,ESP,8544
3350475,91,71,1747,2016,0.0,14446.0,0.6993729999999999,-0.250698,GRD,ESP,8544
3350476,92,71,1747,2016,0.0,14003.0,-1.15173,-0.9915700000000001,GRL,ESP,8544
3350477,93,71,1747,2016,8033.0,1301583.0,-0.414843,0.382162,GTM,ESP,8544
3350478,97,71,1747,2016,1925260.0,7149112.0,0.8029029999999999,1.477249,HKG,ESP,8544
3350479,99,71,1747,2016,1936017.0,269396.0,-0.673741,-0.403777,HND,ESP,8544
3350480,100,71,1747,2016,624996.0,1982631.0,0.8695200000000001,1.214791,HRV,ESP,8544
3350481,102,71,1747,2016,29751631.0,8549823.0,1.445281,0.8422209999999999,HUN,ESP,8544
3350482,103,71,1747,2016,21986.0,563751.0,-0.158496,1.492067,IDN,ESP,8544
3350483,104,71,1747,2016,2951708.0,3129230.0,0.30976,2.61043,IND,ESP,8544
3350484,106,71,1747,2016,4473218.0,10116938.0,1.445238,0.07659400000000001,IRL,ESP,8544
3350485,107,71,1747,2016,0.0,111964.0,-0.407368,-0.23482399999999998,IRN,ESP,8544
3350486,108,71,1747,2016,0.0,2393281.0,-2.2400029999999997,-1.017174,IRQ,ESP,8544
3350487,109,71,1747,2016,2049.0,2857550.0,0.192448,-0.37174,ISL,ESP,8544
3350488,110,71,1747,2016,144979.0,7512941.0,1.352275,0.67584,ISR,ESP,8544
3350489,111,71,1747,2016,80996838.0,154146200.0,1.339307,0.8549209999999999,ITA,ESP,8544
3350490,112,71,1747,2016,0.0,1046216.0,-0.259972,-0.592114,JAM,ESP,8544
3350491,113,71,1747,2016,0.0,1347464.0,-0.0115,0.045625,JOR,ESP,8544
3350492,114,71,1747,2016,3619453.0,1325284.0,2.574025,-0.34859,JPN,ESP,8544
3350493,115,71,1747,2016,0.0,1849866.0,-0.376397,-0.553639,KAZ,ESP,8544
3350494,116,71,1747,2016,2175.0,163555.0,-0.535616,0.520101,KEN,ESP,8544
3350495,117,71,1747,2016,0.0,894.0,0.010529,0.287462,KGZ,ESP,8544
3350496,119,71,1747,2016,0.0,61513.0,0.23475300000000002,-0.789514,KIR,ESP,8544
3350497,120,71,1747,2016,7576.0,0.0,0.620594,-0.4305,KNA,ESP,8544
3350498,121,71,1747,2016,5931294.0,3084300.0,2.086184,0.724318,KOR,ESP,8544
3350499,122,71,1747,2016,0.0,4234658.0,-0.31188,-1.1438620000000002,KWT,ESP,8544
3350500,123,71,1747,2016,0.0,74358.0,-0.9781479999999999,-0.8272860000000001,LAO,ESP,8544
3350501,124,71,1747,2016,0.0,2006831.0,0.285829,1.0818139999999998,LBN,ESP,8544
3350502,125,71,1747,2016,0.0,10673.0,-0.870345,-1.113277,LBR,ESP,8544
3350503,127,71,1747,2016,0.0,151263.0,0.397746,-0.405285,LCA,ESP,8544
3350504,128,71,1747,2016,103252.0,383867.0,-0.562869,0.49937,LKA,ESP,8544
3350505,130,71,1747,2016,460727.0,768290.0,0.706929,1.419432,LTU,ESP,8544
3350506,131,71,1747,2016,49895.0,59204.0,1.340054,1.30224,LUX,ESP,8544
3350507,132,71,1747,2016,16736.0,667578.0,0.553592,1.19865,LVA,ESP,8544
3350508,133,71,1747,2016,5808586.0,1619319.0,0.534935,0.185542,MAC,ESP,8544
3350509,134,71,1747,2016,1354796040.0,150191520.0,-0.772795,-0.206511,MAR,ESP,8544
3350510,135,71,1747,2016,15850.0,489959.0,-0.340932,-0.2839,MDA,ESP,8544
3350511,136,71,1747,2016,0.0,25097.0,-1.2672709999999998,-0.613909,MDG,ESP,8544
3350512,138,71,1747,2016,5004892.0,31618698.0,1.165638,0.6446649999999999,MEX,ESP,8544
3350513,140,71,1747,2016,67900567.0,21889.0,0.026185000000000003,-0.20027999999999999,MKD,ESP,8544
3350514,141,71,1747,2016,0.0,93202.0,-0.584863,-0.74131,MLI,ESP,8544
3350515,142,71,1747,2016,8280.0,163307.0,0.8795950000000001,-0.21689499999999998,MLT,ESP,8544
3350516,143,71,1747,2016,0.0,146264.0,-1.160878,-0.6042609999999999,MMR,ESP,8544
3350517,144,71,1747,2016,0.0,14327.0,-0.005084,-0.25252199999999997,MNE,ESP,8544
3350518,145,71,1747,2016,0.0,2697.0,-0.811142,-1.013252,MNG,ESP,8544
3350519,147,71,1747,2016,3768.0,224617.0,-1.333702,-1.116794,MOZ,ESP,8544
3350520,148,71,1747,2016,0.0,1496532.0,-1.542265,-1.318586,MRT,ESP,8544
3350521,151,71,1747,2016,0.0,59743.0,-0.24309899999999998,-0.084888,MUS,ESP,8544
3350522,153,71,1747,2016,445698.0,986585.0,1.106894,0.7452840000000001,MYS,ESP,8544
3350523,155,71,1747,2016,0.0,513113.0,-0.6256689999999999,-0.8612219999999999,NAM,ESP,8544
3350524,156,71,1747,2016,0.0,344083.0,-0.9910389999999999,-0.9463940000000001,NCL,ESP,8544
3350525,157,71,1747,2016,0.0,62073.0,-0.973057,-0.953672,NER,ESP,8544
3350526,159,71,1747,2016,0.0,245736.0,-1.835357,-1.286597,NGA,ESP,8544
3350527,160,71,1747,2016,0.0,768731.0,-1.0387389999999999,-0.998977,NIC,ESP,8544
3350528,162,71,1747,2016,26013944.0,12242252.0,1.157361,1.5188540000000001,NLD,ESP,8544
3350529,163,71,1747,2016,1640903.0,25226281.0,0.89891,0.297673,NOR,ESP,8544
3350530,166,71,1747,2016,9871.0,133841.0,0.236556,0.252918,NZL,ESP,8544
3350531,167,71,1747,2016,0.0,1161566.0,-0.334782,-0.9107190000000001,OMN,ESP,8544
3350532,168,71,1747,2016,0.0,120926.0,-0.7502800000000001,0.545331,PAK,ESP,8544
3350533,169,71,1747,2016,9639.0,7401289.0,0.58773,0.654145,PAN,ESP,8544
3350534,173,71,1747,2016,105623.0,23527142.0,-0.717529,0.007845999999999999,PER,ESP,8544
3350535,174,71,1747,2016,625215.0,2156081.0,0.619343,0.303981,PHL,ESP,8544
3350536,177,71,1747,2016,27436078.0,25073500.0,1.146113,1.239532,POL,ESP,8544
3350537,179,71,1747,2016,123916305.0,106323693.0,0.519621,2.254972,PRT,ESP,8544
3350538,180,71,1747,2016,0.0,249036.0,-0.660702,-1.0329979999999999,PRY,ESP,8544
3350539,182,71,1747,2016,0.0,26848.0,0.11597400000000001,-0.657672,PYF,ESP,8544
3350540,183,71,1747,2016,0.0,2569133.0,-0.36124,-1.106629,QAT,ESP,8544
3350541,185,71,1747,2016,58261234.0,19506036.0,1.061259,0.9878870000000001,ROU,ESP,8544
3350542,186,71,1747,2016,223830.0,10506079.0,0.252891,0.200423,RUS,ESP,8544
3350543,187,71,1747,2016,0.0,14611.0,-0.5802149999999999,-0.568327,RWA,ESP,8544
3350544,188,71,1747,2016,1148.0,14098797.0,0.394807,-0.638644,SAU,ESP,8544
3350545,190,71,1747,2016,0.0,206302.0,-1.216141,-1.191648,SDN,ESP,8544
3350546,191,71,1747,2016,13697.0,863133.0,-0.7061270000000001,-0.46532399999999996,SEN,ESP,8544
3350547,192,71,1747,2016,209750.0,23603275.0,2.089995,0.564921,SGP,ESP,8544
3350548,196,71,1747,2016,0.0,25815.0,-0.184021,-0.5023920000000001,SLE,ESP,8544
3350549,197,71,1747,2016,4463.0,1318198.0,0.10397999999999999,0.25556599999999996,SLV,ESP,8544
3350550,201,71,1747,2016,0.0,220194.0,0.501676,1.0447520000000001,SRB,ESP,8544
3350551,203,71,1747,2016,0.0,3342.0,0.27849,-0.670342,STP,ESP,8544
3350552,206,71,1747,2016,17589549.0,37371705.0,1.273942,0.763966,SVK,ESP,8544
3350553,207,71,1747,2016,2543067.0,2709098.0,1.6466720000000001,0.8247680000000001,SVN,ESP,8544
3350554,208,71,1747,2016,4676295.0,10150884.0,1.785149,0.767444,SWE,ESP,8544
3350555,209,71,1747,2016,0.0,804.0,0.2785,-0.43804799999999994,SWZ,ESP,8544
3350556,211,71,1747,2016,0.0,9031.0,0.441241,-0.580767,SYC,ESP,8544
3350557,214,71,1747,2016,0.0,60473.0,-2.7867189999999997,-1.035452,TCD,ESP,8544
3350558,215,71,1747,2016,0.0,125030.0,-0.751382,-0.7411310000000001,TGO,ESP,8544
3350559,216,71,1747,2016,7679398.0,238424.0,1.022065,1.428082,THA,ESP,8544
3350560,217,71,1747,2016,0.0,420459.0,-1.0791549999999999,-1.137941,TJK,ESP,8544
3350561,219,71,1747,2016,0.0,416381.0,-1.27494,-1.259639,TKM,ESP,8544
3350562,222,71,1747,2016,0.0,3230.0,-0.191969,-1.028843,TTO,ESP,8544
3350563,223,71,1747,2016,13457007.0,5112485.0,0.171791,1.062948,TUN,ESP,8544
3350564,224,71,1747,2016,48974787.0,13274145.0,0.45364799999999994,2.478837,TUR,ESP,8544
3350565,226,71,1747,2016,1757.0,992454.0,-1.1008799999999999,-0.048319,TZA,ESP,8544
3350566,227,71,1747,2016,0.0,706513.0,-0.37745300000000004,0.525303,UGA,ESP,8544
3350567,228,71,1747,2016,11606669.0,652917.0,0.406901,0.637051,UKR,ESP,8544
3350568,230,71,1747,2016,2196.0,2874661.0,0.098051,-0.45418400000000003,URY,ESP,8544
3350569,231,71,1747,2016,31222595.0,10817321.0,1.685329,0.297536,USA,ESP,8544
3350570,236,71,1747,2016,0.0,1163341.0,-0.844669,-1.164315,VEN,ESP,8544
3350571,239,71,1747,2016,3792260.0,1139585.0,-0.10217899999999999,1.015568,VNM,ESP,8544
3350572,243,71,1747,2016,0.0,1318786.0,-1.232675,-1.205963,YEM,ESP,8544
3350573,246,71,1747,2016,175803.0,4298212.0,0.187396,1.46169,ZAF,ESP,8544
3350574,247,71,1747,2016,0.0,46547.0,-0.632437,-0.968817,ZMB,ESP,8544
3350575,248,71,1747,2016,0.0,155787.0,-1.083532,-1.0016610000000001,ZWE,ESP,8544
3350576,249,71,1747,2016,4576883.0,307578.0,2.002996,1.39485,TWN,ESP,8544
3350577,250,71,1747,2016,1201879.0,116089.0,0.773312,-0.015385,ANS,ESP,8544
3350578,7,72,1747,2016,57316.0,387300.0,0.11037999999999999,0.045327,ARE,EST,8544
3350579,8,72,1747,2016,0.0,23693.0,-0.132495,0.16353199999999998,ARG,EST,8544
3350580,9,72,1747,2016,0.0,1389.0,-0.044982999999999995,-0.518007,ARM,EST,8544
3350581,14,72,1747,2016,1292.0,246376.0,-0.25955300000000003,0.0011070000000000001,AUS,EST,8544
3350582,15,72,1747,2016,3508932.0,55947.0,1.759363,0.127262,AUT,EST,8544
3350583,16,72,1747,2016,0.0,4358.0,-0.909744,-1.180449,AZE,EST,8544
3350584,18,72,1747,2016,707254.0,2518077.0,1.3102610000000001,1.214573,BEL,EST,8544
3350585,23,72,1747,2016,136700.0,3021.0,0.51707,1.7329130000000001,BGR,EST,8544
3350586,24,72,1747,2016,0.0,11275.0,0.323348,-0.514446,BHR,EST,8544
3350587,25,72,1747,2016,0.0,29515.0,0.605834,-0.430958,BHS,EST,8544
3350588,26,72,1747,2016,0.0,1279.0,0.47827700000000006,0.5643100000000001,BIH,EST,8544
3350589,28,72,1747,2016,2121450.0,118113.0,0.773807,0.827442,BLR,EST,8544
3350590,31,72,1747,2016,0.0,27780.0,-1.061758,-1.041501,BOL,EST,8544
3350591,32,72,1747,2016,84122.0,708112.0,0.245919,0.661809,BRA,EST,8544
3350592,33,72,1747,2016,0.0,1490.0,0.613282,0.06728200000000001,BRB,EST,8544
3350593,39,72,1747,2016,21046.0,843524.0,0.6579050000000001,1.12259,CAN,EST,8544
3350594,41,72,1747,2016,3136102.0,66269.0,2.3488689999999997,0.806291,CHE,EST,8544
3350595,42,72,1747,2016,0.0,2308.0,-0.385519,-0.470495,CHL,EST,8544
3350596,43,72,1747,2016,7173178.0,5049591.0,1.1073620000000002,1.723098,CHN,EST,8544
3350597,44,72,1747,2016,0.0,46166.0,-0.88415,-0.8122689999999999,CIV,EST,8544
3350598,45,72,1747,2016,0.0,52370.0,-1.086484,-1.0725559999999998,CMR,EST,8544
3350599,47,72,1747,2016,0.0,2025.0,-0.718731,-1.0663799999999999,COG,EST,8544
3350600,49,72,1747,2016,0.0,24954.0,0.10205700000000001,-0.155574,COL,EST,8544
3350601,52,72,1747,2016,0.0,811.0,0.204591,-0.18279600000000001,CRI,EST,8544
3350602,54,72,1747,2016,0.0,42119.0,-0.602309,-1.0781120000000002,CUB,EST,8544
3350603,58,72,1747,2016,6562.0,0.0,0.40822800000000004,0.07535,CYP,EST,8544
3350604,59,72,1747,2016,2563326.0,312027.0,1.823627,0.552354,CZE,EST,8544
3350605,61,72,1747,2016,25744050.0,887337.0,2.203093,-2.24919,DEU,EST,8544
3350606,64,72,1747,2016,428915.0,5888002.0,1.117864,1.302658,DNK,EST,8544
3350607,65,72,1747,2016,0.0,21012.0,-0.237382,0.295389,DOM,EST,8544
3350608,66,72,1747,2016,0.0,204927.0,-1.0202930000000001,-1.236642,DZA,EST,8544
3350609,68,72,1747,2016,0.0,29810.0,-0.142377,1.674348,EGY,EST,8544
3350610,71,72,1747,2016,1477855.0,414395.0,0.765428,2.57725,ESP,EST,8544
3350611,74,72,1747,2016,30409327.0,34586167.0,1.581968,1.006432,FIN,EST,8544
3350612,77,72,1747,2016,925604.0,1758306.0,1.476437,0.911746,FRA,EST,8544
3350613,81,72,1747,2016,1974034.0,1491170.0,1.6974669999999998,0.9231299999999999,GBR,EST,8544
3350614,82,72,1747,2016,0.0,13781.0,-0.388359,-0.51175,GEO,EST,8544
3350615,83,72,1747,2016,0.0,1897.0,-0.945358,-0.805301,GHA,EST,8544
3350616,90,72,1747,2016,0.0,185209.0,0.12153499999999999,1.126101,GRC,EST,8544
3350617,96,72,1747,2016,0.0,3128.0,-0.4755,-0.778335,GUY,EST,8544
3350618,97,72,1747,2016,165272.0,35430.0,0.8029029999999999,1.477249,HKG,EST,8544
3350619,99,72,1747,2016,0.0,14499.0,-0.673741,-0.403777,HND,EST,8544
3350620,100,72,1747,2016,526562.0,19519.0,0.8695200000000001,1.214791,HRV,EST,8544
3350621,102,72,1747,2016,109639.0,990694.0,1.445281,0.8422209999999999,HUN,EST,8544
3350622,103,72,1747,2016,1254.0,94406.0,-0.158496,1.492067,IDN,EST,8544
3350623,104,72,1747,2016,789223.0,1345433.0,0.30976,2.61043,IND,EST,8544
3350624,106,72,1747,2016,485130.0,108242.0,1.445238,0.07659400000000001,IRL,EST,8544
3350625,107,72,1747,2016,0.0,5257.0,-0.407368,-0.23482399999999998,IRN,EST,8544
3350626,108,72,1747,2016,0.0,4265.0,-2.2400029999999997,-1.017174,IRQ,EST,8544
3350627,109,72,1747,2016,0.0,39593.0,0.192448,-0.37174,ISL,EST,8544
3350628,110,72,1747,2016,5786.0,17875.0,1.352275,0.67584,ISR,EST,8544
3350629,111,72,1747,2016,3127753.0,243182.0,1.339307,0.8549209999999999,ITA,EST,8544
3350630,113,72,1747,2016,0.0,11664.0,-0.0115,0.045625,JOR,EST,8544
3350631,114,72,1747,2016,85659.0,473506.0,2.574025,-0.34859,JPN,EST,8544
3350632,115,72,1747,2016,0.0,56407.0,-0.376397,-0.553639,KAZ,EST,8544
3350633,116,72,1747,2016,0.0,2152.0,-0.535616,0.520101,KEN,EST,8544
3350634,121,72,1747,2016,456292.0,124732.0,2.086184,0.724318,KOR,EST,8544
3350635,122,72,1747,2016,0.0,44947.0,-0.31188,-1.1438620000000002,KWT,EST,8544
3350636,124,72,1747,2016,0.0,8533.0,0.285829,1.0818139999999998,LBN,EST,8544
3350637,130,72,1747,2016,40148993.0,24799143.0,0.706929,1.419432,LTU,EST,8544
3350638,131,72,1747,2016,0.0,1964.0,1.340054,1.30224,LUX,EST,8544
3350639,132,72,1747,2016,4110140.0,8667541.0,0.553592,1.19865,LVA,EST,8544
3350640,134,72,1747,2016,2373.0,246053.0,-0.772795,-0.206511,MAR,EST,8544
3350641,135,72,1747,2016,0.0,17227.0,-0.340932,-0.2839,MDA,EST,8544
3350642,136,72,1747,2016,0.0,1549.0,-1.2672709999999998,-0.613909,MDG,EST,8544
3350643,138,72,1747,2016,41271.0,1632150.0,1.165638,0.6446649999999999,MEX,EST,8544
3350644,140,72,1747,2016,461879.0,29303.0,0.026185000000000003,-0.20027999999999999,MKD,EST,8544
3350645,151,72,1747,2016,0.0,871.0,-0.24309899999999998,-0.084888,MUS,EST,8544
3350646,153,72,1747,2016,1196.0,240333.0,1.106894,0.7452840000000001,MYS,EST,8544
3350647,159,72,1747,2016,0.0,2853.0,-1.835357,-1.286597,NGA,EST,8544
3350648,162,72,1747,2016,2348633.0,2916262.0,1.157361,1.5188540000000001,NLD,EST,8544
3350649,163,72,1747,2016,416168.0,13420138.0,0.89891,0.297673,NOR,EST,8544
3350650,166,72,1747,2016,0.0,225833.0,0.236556,0.252918,NZL,EST,8544
3350651,167,72,1747,2016,0.0,4919.0,-0.334782,-0.9107190000000001,OMN,EST,8544
3350652,168,72,1747,2016,0.0,1680.0,-0.7502800000000001,0.545331,PAK,EST,8544
3350653,173,72,1747,2016,0.0,24237.0,-0.717529,0.007845999999999999,PER,EST,8544
3350654,174,72,1747,2016,3861.0,1185.0,0.619343,0.303981,PHL,EST,8544
3350655,177,72,1747,2016,12318265.0,2064796.0,1.146113,1.239532,POL,EST,8544
3350656,179,72,1747,2016,43315.0,0.0,0.519621,2.254972,PRT,EST,8544
3350657,183,72,1747,2016,0.0,37146.0,-0.36124,-1.106629,QAT,EST,8544
3350658,185,72,1747,2016,65037.0,97463.0,1.061259,0.9878870000000001,ROU,EST,8544
3350659,186,72,1747,2016,7687620.0,4705198.0,0.252891,0.200423,RUS,EST,8544
3350660,188,72,1747,2016,0.0,256768.0,0.394807,-0.638644,SAU,EST,8544
3350661,192,72,1747,2016,13452.0,49582.0,2.089995,0.564921,SGP,EST,8544
3350662,201,72,1747,2016,49159.0,50062.0,0.501676,1.0447520000000001,SRB,EST,8544
3350663,206,72,1747,2016,1489595.0,1265488.0,1.273942,0.763966,SVK,EST,8544
3350664,207,72,1747,2016,6678.0,39735.0,1.6466720000000001,0.8247680000000001,SVN,EST,8544
3350665,208,72,1747,2016,28719596.0,79683279.0,1.785149,0.767444,SWE,EST,8544
3350666,216,72,1747,2016,6988.0,161707.0,1.022065,1.428082,THA,EST,8544
3350667,219,72,1747,2016,0.0,3335.0,-1.27494,-1.259639,TKM,EST,8544
3350668,223,72,1747,2016,14914.0,41562.0,0.171791,1.062948,TUN,EST,8544
3350669,224,72,1747,2016,216861.0,834280.0,0.45364799999999994,2.478837,TUR,EST,8544
3350670,226,72,1747,2016,0.0,28445.0,-1.1008799999999999,-0.048319,TZA,EST,8544
3350671,228,72,1747,2016,6602738.0,186364.0,0.406901,0.637051,UKR,EST,8544
3350672,230,72,1747,2016,0.0,5609.0,0.098051,-0.45418400000000003,URY,EST,8544
3350673,231,72,1747,2016,1404598.0,8898557.0,1.685329,0.297536,USA,EST,8544
3350674,232,72,1747,2016,0.0,45968.0,-0.703465,-0.493036,UZB,EST,8544
3350675,239,72,1747,2016,43228.0,40220.0,-0.10217899999999999,1.015568,VNM,EST,8544
3350676,246,72,1747,2016,4757.0,108212.0,0.187396,1.46169,ZAF,EST,8544
3350677,249,72,1747,2016,1271337.0,53258.0,2.002996,1.39485,TWN,EST,8544
3350678,250,72,1747,2016,1643621.0,18188.0,0.773312,-0.015385,ANS,EST,8544
3350679,0,77,1747,2016,0.0,9725.0,0.9052,0.253571,ABW,FRA,8544
3350680,1,77,1747,2016,0.0,1543.0,-1.497486,-1.002342,AFG,FRA,8544
3350681,2,77,1747,2016,30773.0,6473472.0,-1.313517,-1.262761,AGO,FRA,8544
3350682,3,77,1747,2016,93103.0,0.0,1.0810790000000001,-0.20086400000000001,AIA,FRA,8544
3350683,4,77,1747,2016,5089.0,19012.0,-0.534645,-0.09027,ALB,FRA,8544
3350684,5,77,1747,2016,0.0,267945.0,1.06885,0.519109,AND,FRA,8544
3350685,7,77,1747,2016,3575205.0,16228912.0,0.11037999999999999,0.045327,ARE,FRA,8544
3350686,8,77,1747,2016,22216.0,1090382.0,-0.132495,0.16353199999999998,ARG,FRA,8544
3350687,9,77,1747,2016,0.0,102716.0,-0.044982999999999995,-0.518007,ARM,FRA,8544
3350688,14,77,1747,2016,3197096.0,8675352.0,-0.25955300000000003,0.0011070000000000001,AUS,FRA,8544
3350689,15,77,1747,2016,11968546.0,12967669.0,1.759363,0.127262,AUT,FRA,8544
3350690,16,77,1747,2016,2840.0,194865.0,-0.909744,-1.180449,AZE,FRA,8544
3350691,17,77,1747,2016,0.0,13831.0,-1.0141229999999999,-0.908808,BDI,FRA,8544
3350692,18,77,1747,2016,159408152.0,116008487.0,1.3102610000000001,1.214573,BEL,FRA,8544
3350693,19,77,1747,2016,17249.0,1043539.0,-0.971123,-0.801574,BEN,FRA,8544
3350694,21,77,1747,2016,0.0,947438.0,-1.0885790000000002,-1.027005,BFA,FRA,8544
3350695,22,77,1747,2016,1036.0,624621.0,-1.107523,-1.065009,BGD,FRA,8544
3350696,23,77,1747,2016,41036034.0,10444773.0,0.51707,1.7329130000000001,BGR,FRA,8544
3350697,24,77,1747,2016,0.0,205320.0,0.323348,-0.514446,BHR,FRA,8544
3350698,25,77,1747,2016,0.0,28582.0,0.605834,-0.430958,BHS,FRA,8544
3350699,26,77,1747,2016,152491.0,469866.0,0.47827700000000006,0.5643100000000001,BIH,FRA,8544
3350700,27,77,1747,2016,3984.0,344359.0,1.123053,-0.049925,BLM,FRA,8544
3350701,28,77,1747,2016,0.0,320796.0,0.773807,0.827442,BLR,FRA,8544
3350702,30,77,1747,2016,0.0,35026.0,0.913218,-0.62813,BMU,FRA,8544
3350703,31,77,1747,2016,0.0,105155.0,-1.061758,-1.041501,BOL,FRA,8544
3350704,32,77,1747,2016,703077.0,7156579.0,0.245919,0.661809,BRA,FRA,8544
3350705,33,77,1747,2016,0.0,1003.0,0.613282,0.06728200000000001,BRB,FRA,8544
3350706,34,77,1747,2016,6615.0,28626.0,0.078764,-0.8103670000000001,BRN,FRA,8544
3350707,37,77,1747,2016,0.0,17412.0,-0.9927739999999999,-1.260391,BWA,FRA,8544
3350708,38,77,1747,2016,0.0,70611.0,-0.43507299999999993,-0.7039300000000001,CAF,FRA,8544
3350709,39,77,1747,2016,4088178.0,3993316.0,0.6579050000000001,1.12259,CAN,FRA,8544
3350710,41,77,1747,2016,20348167.0,25521382.0,2.3488689999999997,0.806291,CHE,FRA,8544
3350711,42,77,1747,2016,1488.0,668217.0,-0.385519,-0.470495,CHL,FRA,8544
3350712,43,77,1747,2016,205407750.0,47477363.0,1.1073620000000002,1.723098,CHN,FRA,8544
3350713,44,77,1747,2016,20701.0,14768225.0,-0.88415,-0.8122689999999999,CIV,FRA,8544
3350714,45,77,1747,2016,0.0,7600261.0,-1.086484,-1.0725559999999998,CMR,FRA,8544
3350715,46,77,1747,2016,0.0,253598.0,-1.136472,-1.109177,COD,FRA,8544
3350716,47,77,1747,2016,25441.0,5008697.0,-0.718731,-1.0663799999999999,COG,FRA,8544
3350717,49,77,1747,2016,8606.0,3429382.0,0.10205700000000001,-0.155574,COL,FRA,8544
3350718,50,77,1747,2016,8285.0,122964.0,-0.520849,-0.8678040000000001,COM,FRA,8544
3350719,51,77,1747,2016,0.0,10888.0,0.264883,-0.580199,CPV,FRA,8544
3350720,52,77,1747,2016,90275.0,91462.0,0.204591,-0.18279600000000001,CRI,FRA,8544
3350721,54,77,1747,2016,0.0,94724.0,-0.602309,-1.0781120000000002,CUB,FRA,8544
3350722,55,77,1747,2016,0.0,229913.0,0.232855,-0.7864260000000001,CUW,FRA,8544
3350723,58,77,1747,2016,0.0,379757.0,0.40822800000000004,0.07535,CYP,FRA,8544
3350724,59,77,1747,2016,51886690.0,37337673.0,1.823627,0.552354,CZE,FRA,8544
3350725,61,77,1747,2016,424272112.0,479686882.0,2.203093,-2.24919,DEU,FRA,8544
3350726,62,77,1747,2016,0.0,4165153.0,-0.032607,-0.549622,DJI,FRA,8544
3350727,64,77,1747,2016,8669992.0,20981849.0,1.117864,1.302658,DNK,FRA,8544
3350728,65,77,1747,2016,231081.0,2191385.0,-0.237382,0.295389,DOM,FRA,8544
3350729,66,77,1747,2016,2799.0,17489279.0,-1.0202930000000001,-1.236642,DZA,FRA,8544
3350730,67,77,1747,2016,16986.0,1667779.0,-1.0860049999999999,-1.049065,ECU,FRA,8544
3350731,68,77,1747,2016,26000491.0,9555459.0,-0.142377,1.674348,EGY,FRA,8544
3350732,71,77,1747,2016,436231814.0,118390899.0,0.765428,2.57725,ESP,FRA,8544
3350733,72,77,1747,2016,1758306.0,925604.0,1.000418,1.154152,EST,FRA,8544
3350734,73,77,1747,2016,0.0,773600.0,-1.006161,-0.756472,ETH,FRA,8544
3350735,74,77,1747,2016,2714648.0,1951006.0,1.581968,1.006432,FIN,FRA,8544
3350736,75,77,1747,2016,0.0,19276.0,-0.27171999999999996,0.172933,FJI,FRA,8544
3350737,78,77,1747,2016,0.0,3144.0,-0.7436,-0.955406,FRO,FRA,8544
3350738,79,77,1747,2016,0.0,27899.0,-0.86156,-0.969134,FSM,FRA,8544
3350739,80,77,1747,2016,0.0,6433690.0,-1.530568,-1.254999,GAB,FRA,8544
3350740,81,77,1747,2016,95352765.0,78040136.0,1.6974669999999998,0.9231299999999999,GBR,FRA,8544
3350741,82,77,1747,2016,17914.0,253067.0,-0.388359,-0.51175,GEO,FRA,8544
3350742,83,77,1747,2016,1223.0,474182.0,-0.945358,-0.805301,GHA,FRA,8544
3350743,85,77,1747,2016,0.0,598201.0,-1.474753,-1.215627,GIN,FRA,8544
3350744,87,77,1747,2016,0.0,2737.0,-0.743023,-0.833044,GMB,FRA,8544
3350745,88,77,1747,2016,0.0,91539.0,-1.671858,-1.043328,GNB,FRA,8544
3350746,89,77,1747,2016,0.0,361365.0,-1.766286,-0.9607709999999999,GNQ,FRA,8544
3350747,90,77,1747,2016,1626887.0,3182017.0,0.12153499999999999,1.126101,GRC,FRA,8544
3350748,91,77,1747,2016,0.0,6447.0,0.6993729999999999,-0.250698,GRD,FRA,8544
3350749,92,77,1747,2016,0.0,2176.0,-1.15173,-0.9915700000000001,GRL,FRA,8544
3350750,93,77,1747,2016,0.0,34903.0,-0.414843,0.382162,GTM,FRA,8544
3350751,96,77,1747,2016,0.0,9507.0,-0.4755,-0.778335,GUY,FRA,8544
3350752,97,77,1747,2016,4122864.0,11940694.0,0.8029029999999999,1.477249,HKG,FRA,8544
3350753,99,77,1747,2016,0.0,41678.0,-0.673741,-0.403777,HND,FRA,8544
3350754,100,77,1747,2016,137468.0,421981.0,0.8695200000000001,1.214791,HRV,FRA,8544
3350755,101,77,1747,2016,164260.0,4688.0,-1.30976,-1.010181,HTI,FRA,8544
3350756,102,77,1747,2016,21055573.0,13870960.0,1.445281,0.8422209999999999,HUN,FRA,8544
3350757,103,77,1747,2016,673455.0,16035323.0,-0.158496,1.492067,IDN,FRA,8544
3350758,104,77,1747,2016,14672256.0,17859166.0,0.30976,2.61043,IND,FRA,8544
3350759,106,77,1747,2016,8544884.0,3588838.0,1.445238,0.07659400000000001,IRL,FRA,8544
3350760,107,77,1747,2016,2193.0,2291835.0,-0.407368,-0.23482399999999998,IRN,FRA,8544
3350761,108,77,1747,2016,9005.0,1692943.0,-2.2400029999999997,-1.017174,IRQ,FRA,8544
3350762,109,77,1747,2016,6854.0,81546.0,0.192448,-0.37174,ISL,FRA,8544
3350763,110,77,1747,2016,5203154.0,3961617.0,1.352275,0.67584,ISR,FRA,8544
3350764,111,77,1747,2016,326988471.0,92354100.0,1.339307,0.8549209999999999,ITA,FRA,8544
3350765,112,77,1747,2016,0.0,55676.0,-0.259972,-0.592114,JAM,FRA,8544
3350766,113,77,1747,2016,0.0,2387603.0,-0.0115,0.045625,JOR,FRA,8544
3350767,114,77,1747,2016,7407202.0,8317034.0,2.574025,-0.34859,JPN,FRA,8544
3350768,115,77,1747,2016,10118.0,142480.0,-0.376397,-0.553639,KAZ,FRA,8544
3350769,116,77,1747,2016,3061.0,442127.0,-0.535616,0.520101,KEN,FRA,8544
3350770,117,77,1747,2016,0.0,25741.0,0.010529,0.287462,KGZ,FRA,8544
3350771,118,77,1747,2016,125601.0,73732.0,-0.8365239999999999,-0.794615,KHM,FRA,8544
3350772,121,77,1747,2016,8255185.0,5632515.0,2.086184,0.724318,KOR,FRA,8544
3350773,122,77,1747,2016,0.0,343054.0,-0.31188,-1.1438620000000002,KWT,FRA,8544
3350774,124,77,1747,2016,213772.0,8699822.0,0.285829,1.0818139999999998,LBN,FRA,8544
3350775,125,77,1747,2016,0.0,3317.0,-0.870345,-1.113277,LBR,FRA,8544
3350776,126,77,1747,2016,18344.0,4590.0,-1.021925,-1.2316790000000002,LBY,FRA,8544
3350777,127,77,1747,2016,27533.0,50225.0,0.397746,-0.405285,LCA,FRA,8544
3350778,128,77,1747,2016,1898.0,234842.0,-0.562869,0.49937,LKA,FRA,8544
3350779,130,77,1747,2016,2606835.0,258547.0,0.706929,1.419432,LTU,FRA,8544
3350780,131,77,1747,2016,898215.0,1095469.0,1.340054,1.30224,LUX,FRA,8544
3350781,132,77,1747,2016,10127523.0,6328921.0,0.553592,1.19865,LVA,FRA,8544
3350782,133,77,1747,2016,7021.0,8131.0,0.534935,0.185542,MAC,FRA,8544
3350783,134,77,1747,2016,579979519.0,69472316.0,-0.772795,-0.206511,MAR,FRA,8544
3350784,135,77,1747,2016,91745.0,1124259.0,-0.340932,-0.2839,MDA,FRA,8544
3350785,136,77,1747,2016,201079.0,4954288.0,-1.2672709999999998,-0.613909,MDG,FRA,8544
3350786,137,77,1747,2016,0.0,4738.0,-0.79904,-0.9720840000000001,MDV,FRA,8544
3350787,138,77,1747,2016,63459702.0,41166928.0,1.165638,0.6446649999999999,MEX,FRA,8544
3350788,140,77,1747,2016,1815356.0,4341615.0,0.026185000000000003,-0.20027999999999999,MKD,FRA,8544
3350789,141,77,1747,2016,0.0,2263650.0,-0.584863,-0.74131,MLI,FRA,8544
3350790,142,77,1747,2016,31146.0,379037.0,0.8795950000000001,-0.21689499999999998,MLT,FRA,8544
3350791,143,77,1747,2016,0.0,4537.0,-1.160878,-0.6042609999999999,MMR,FRA,8544
3350792,144,77,1747,2016,0.0,65857.0,-0.005084,-0.25252199999999997,MNE,FRA,8544
3350793,145,77,1747,2016,0.0,45476.0,-0.811142,-1.013252,MNG,FRA,8544
3350794,147,77,1747,2016,1006.0,67066.0,-1.333702,-1.116794,MOZ,FRA,8544
3350795,148,77,1747,2016,0.0,1143806.0,-1.542265,-1.318586,MRT,FRA,8544
3350796,151,77,1747,2016,374564.0,1142596.0,-0.24309899999999998,-0.084888,MUS,FRA,8544
3350797,152,77,1747,2016,0.0,4992.0,-1.113794,-1.172385,MWI,FRA,8544
3350798,153,77,1747,2016,1715844.0,3522826.0,1.106894,0.7452840000000001,MYS,FRA,8544
3350799,155,77,1747,2016,214884.0,1399.0,-0.6256689999999999,-0.8612219999999999,NAM,FRA,8544
3350800,156,77,1747,2016,0.0,8610134.0,-0.9910389999999999,-0.9463940000000001,NCL,FRA,8544
3350801,157,77,1747,2016,0.0,934682.0,-0.973057,-0.953672,NER,FRA,8544
3350802,159,77,1747,2016,0.0,520961.0,-1.835357,-1.286597,NGA,FRA,8544
3350803,160,77,1747,2016,2964.0,3365.0,-1.0387389999999999,-0.998977,NIC,FRA,8544
3350804,162,77,1747,2016,60171794.0,56180639.0,1.157361,1.5188540000000001,NLD,FRA,8544
3350805,163,77,1747,2016,1342033.0,10106947.0,0.89891,0.297673,NOR,FRA,8544
3350806,166,77,1747,2016,42534.0,950495.0,0.236556,0.252918,NZL,FRA,8544
3350807,167,77,1747,2016,5263.0,1014753.0,-0.334782,-0.9107190000000001,OMN,FRA,8544
3350808,168,77,1747,2016,6701.0,2810166.0,-0.7502800000000001,0.545331,PAK,FRA,8544
3350809,169,77,1747,2016,2284.0,358742.0,0.58773,0.654145,PAN,FRA,8544
3350810,173,77,1747,2016,4043.0,287855.0,-0.717529,0.007845999999999999,PER,FRA,8544
3350811,174,77,1747,2016,360486.0,1770094.0,0.619343,0.303981,PHL,FRA,8544
3350812,177,77,1747,2016,66388046.0,32138253.0,1.146113,1.239532,POL,FRA,8544
3350813,178,77,1747,2016,4773.0,0.0,-0.512374,-0.143648,PRK,FRA,8544
3350814,179,77,1747,2016,90932770.0,12846325.0,0.519621,2.254972,PRT,FRA,8544
3350815,180,77,1747,2016,40401.0,134483.0,-0.660702,-1.0329979999999999,PRY,FRA,8544
3350816,181,77,1747,2016,0.0,721.0,-0.067187,0.535972,PSE,FRA,8544
3350817,182,77,1747,2016,2035.0,5130902.0,0.11597400000000001,-0.657672,PYF,FRA,8544
3350818,183,77,1747,2016,41542.0,1339042.0,-0.36124,-1.106629,QAT,FRA,8544
3350819,185,77,1747,2016,338402646.0,30581150.0,1.061259,0.9878870000000001,ROU,FRA,8544
3350820,186,77,1747,2016,1810458.0,7696437.0,0.252891,0.200423,RUS,FRA,8544
3350821,187,77,1747,2016,0.0,136042.0,-0.5802149999999999,-0.568327,RWA,FRA,8544
3350822,188,77,1747,2016,16751.0,16658637.0,0.394807,-0.638644,SAU,FRA,8544
3350823,190,77,1747,2016,0.0,10398.0,-1.216141,-1.191648,SDN,FRA,8544
3350824,191,77,1747,2016,10621.0,5682231.0,-0.7061270000000001,-0.46532399999999996,SEN,FRA,8544
3350825,192,77,1747,2016,792934.0,8606548.0,2.089995,0.564921,SGP,FRA,8544
3350826,196,77,1747,2016,41735.0,40098.0,-0.184021,-0.5023920000000001,SLE,FRA,8544
3350827,197,77,1747,2016,1195.0,27894.0,0.10397999999999999,0.25556599999999996,SLV,FRA,8544
3350828,199,77,1747,2016,0.0,62137.0,-1.429439,-1.006612,SOM,FRA,8544
3350829,200,77,1747,2016,0.0,165174.0,0.6510100000000001,-0.494381,SPM,FRA,8544
3350830,201,77,1747,2016,269054.0,897640.0,0.501676,1.0447520000000001,SRB,FRA,8544
3350831,205,77,1747,2016,0.0,22366.0,-0.7823869999999999,-1.060347,SUR,FRA,8544
3350832,206,77,1747,2016,16869824.0,27789717.0,1.273942,0.763966,SVK,FRA,8544
3350833,207,77,1747,2016,10134492.0,3729080.0,1.6466720000000001,0.8247680000000001,SVN,FRA,8544
3350834,208,77,1747,2016,15796015.0,28586899.0,1.785149,0.767444,SWE,FRA,8544
3350835,210,77,1747,2016,0.0,17496.0,1.005781,-0.871658,SXM,FRA,8544
3350836,211,77,1747,2016,0.0,266603.0,0.441241,-0.580767,SYC,FRA,8544
3350837,213,77,1747,2016,0.0,2569.0,0.603232,-0.32155900000000004,TCA,FRA,8544
3350838,214,77,1747,2016,0.0,1500134.0,-2.7867189999999997,-1.035452,TCD,FRA,8544
3350839,215,77,1747,2016,4678.0,961849.0,-0.751382,-0.7411310000000001,TGO,FRA,8544
3350840,216,77,1747,2016,11864413.0,3238763.0,1.022065,1.428082,THA,FRA,8544
3350841,217,77,1747,2016,0.0,4849.0,-1.0791549999999999,-1.137941,TJK,FRA,8544
3350842,218,77,1747,2016,7593.0,0.0,0.243821,0.018425,TKL,FRA,8544
3350843,219,77,1747,2016,0.0,127107.0,-1.27494,-1.259639,TKM,FRA,8544
3350844,222,77,1747,2016,0.0,58000.0,-0.191969,-1.028843,TTO,FRA,8544
3350845,223,77,1747,2016,403737935.0,81780919.0,0.171791,1.062948,TUN,FRA,8544
3350846,224,77,1747,2016,64155380.0,21514650.0,0.45364799999999994,2.478837,TUR,FRA,8544
3350847,226,77,1747,2016,0.0,230584.0,-1.1008799999999999,-0.048319,TZA,FRA,8544
3350848,227,77,1747,2016,0.0,111443.0,-0.37745300000000004,0.525303,UGA,FRA,8544
3350849,228,77,1747,2016,559009.0,957169.0,0.406901,0.637051,UKR,FRA,8544
3350850,230,77,1747,2016,4153.0,419744.0,0.098051,-0.45418400000000003,URY,FRA,8544
3350851,231,77,1747,2016,124121439.0,81184755.0,1.685329,0.297536,USA,FRA,8544
3350852,232,77,1747,2016,3861.0,83534.0,-0.703465,-0.493036,UZB,FRA,8544
3350853,234,77,1747,2016,0.0,1036.0,0.157611,-0.581526,VCT,FRA,8544
3350854,236,77,1747,2016,0.0,2000658.0,-0.844669,-1.164315,VEN,FRA,8544
3350855,237,77,1747,2016,0.0,2774.0,0.566815,-0.43181800000000004,VGB,FRA,8544
3350856,239,77,1747,2016,3363936.0,2161081.0,-0.10217899999999999,1.015568,VNM,FRA,8544
3350857,240,77,1747,2016,0.0,231043.0,-1.187374,-0.9973350000000001,VUT,FRA,8544
3350858,241,77,1747,2016,0.0,38032.0,1.1721700000000002,-0.658709,WLF,FRA,8544
3350859,243,77,1747,2016,0.0,3744610.0,-1.232675,-1.205963,YEM,FRA,8544
3350860,246,77,1747,2016,155903.0,1999727.0,0.187396,1.46169,ZAF,FRA,8544
3350861,247,77,1747,2016,6237.0,34094.0,-0.632437,-0.968817,ZMB,FRA,8544
3350862,248,77,1747,2016,0.0,57093.0,-1.083532,-1.0016610000000001,ZWE,FRA,8544
3350863,249,77,1747,2016,6293194.0,2477140.0,2.002996,1.39485,TWN,FRA,8544
3350864,250,77,1747,2016,27460453.0,89826368.0,0.773312,-0.015385,ANS,FRA,8544
3350865,1,81,1747,2016,0.0,59424.0,-1.497486,-1.002342,AFG,GBR,8544
3350866,2,81,1747,2016,369257.0,7673339.0,-1.313517,-1.262761,AGO,GBR,8544
3350867,3,81,1747,2016,0.0,27164.0,1.0810790000000001,-0.20086400000000001,AIA,GBR,8544
3350868,4,81,1747,2016,0.0,62125.0,-0.534645,-0.09027,ALB,GBR,8544
3350869,5,81,1747,2016,0.0,3541.0,1.06885,0.519109,AND,GBR,8544
3350870,7,81,1747,2016,14271357.0,45533004.0,0.11037999999999999,0.045327,ARE,GBR,8544
3350871,8,81,1747,2016,109860.0,1056915.0,-0.132495,0.16353199999999998,ARG,GBR,8544
3350872,9,81,1747,2016,0.0,30089.0,-0.044982999999999995,-0.518007,ARM,GBR,8544
3350873,13,81,1747,2016,1688.0,41011.0,0.19935999999999998,-0.538471,ATG,GBR,8544
3350874,14,81,1747,2016,5095485.0,11836651.0,-0.25955300000000003,0.0011070000000000001,AUS,GBR,8544
3350875,15,81,1747,2016,12161587.0,3799275.0,1.759363,0.127262,AUT,GBR,8544
3350876,16,81,1747,2016,0.0,3818852.0,-0.909744,-1.180449,AZE,GBR,8544
3350877,18,81,1747,2016,32288367.0,22993497.0,1.3102610000000001,1.214573,BEL,GBR,8544
3350878,19,81,1747,2016,0.0,369545.0,-0.971123,-0.801574,BEN,GBR,8544
3350879,20,81,1747,2016,0.0,145445.0,0.427425,-0.8977280000000001,BES,GBR,8544
3350880,21,81,1747,2016,0.0,30511.0,-1.0885790000000002,-1.027005,BFA,GBR,8544
3350881,22,81,1747,2016,0.0,465097.0,-1.107523,-1.065009,BGD,GBR,8544
3350882,23,81,1747,2016,183779.0,1893502.0,0.51707,1.7329130000000001,BGR,GBR,8544
3350883,24,81,1747,2016,64971.0,1380590.0,0.323348,-0.514446,BHR,GBR,8544
3350884,25,81,1747,2016,1382.0,312914.0,0.605834,-0.430958,BHS,GBR,8544
3350885,26,81,1747,2016,4585988.0,74737.0,0.47827700000000006,0.5643100000000001,BIH,GBR,8544
3350886,28,81,1747,2016,106852.0,73088.0,0.773807,0.827442,BLR,GBR,8544
3350887,29,81,1747,2016,0.0,4208.0,-0.527601,-0.680647,BLZ,GBR,8544
3350888,30,81,1747,2016,0.0,173788.0,0.913218,-0.62813,BMU,GBR,8544
3350889,31,81,1747,2016,1677.0,161098.0,-1.061758,-1.041501,BOL,GBR,8544
3350890,32,81,1747,2016,623554.0,12885722.0,0.245919,0.661809,BRA,GBR,8544
3350891,33,81,1747,2016,0.0,354363.0,0.613282,0.06728200000000001,BRB,GBR,8544
3350892,34,81,1747,2016,7928.0,246124.0,0.078764,-0.8103670000000001,BRN,GBR,8544
3350893,35,81,1747,2016,0.0,1024.0,-0.28638,-0.8311069999999999,BTN,GBR,8544
3350894,37,81,1747,2016,1181.0,66027.0,-0.9927739999999999,-1.260391,BWA,GBR,8544
3350895,38,81,1747,2016,0.0,8709.0,-0.43507299999999993,-0.7039300000000001,CAF,GBR,8544
3350896,39,81,1747,2016,4247810.0,7522074.0,0.6579050000000001,1.12259,CAN,GBR,8544
3350897,41,81,1747,2016,14705130.0,12296499.0,2.3488689999999997,0.806291,CHE,GBR,8544
3350898,42,81,1747,2016,10102.0,1188631.0,-0.385519,-0.470495,CHL,GBR,8544
3350899,43,81,1747,2016,395224436.0,24043395.0,1.1073620000000002,1.723098,CHN,GBR,8544
3350900,44,81,1747,2016,306355.0,1034562.0,-0.88415,-0.8122689999999999,CIV,GBR,8544
3350901,45,81,1747,2016,0.0,165363.0,-1.086484,-1.0725559999999998,CMR,GBR,8544
3350902,46,81,1747,2016,0.0,4710.0,-1.136472,-1.109177,COD,GBR,8544
3350903,47,81,1747,2016,194628.0,46065756.0,-0.718731,-1.0663799999999999,COG,GBR,8544
3350904,48,81,1747,2016,0.0,2230.0,0.20994699999999997,-0.791095,COK,GBR,8544
3350905,49,81,1747,2016,0.0,421547.0,0.10205700000000001,-0.155574,COL,GBR,8544
3350906,51,81,1747,2016,0.0,1186.0,0.264883,-0.580199,CPV,GBR,8544
3350907,52,81,1747,2016,2864197.0,279696.0,0.204591,-0.18279600000000001,CRI,GBR,8544
3350908,54,81,1747,2016,0.0,94545.0,-0.602309,-1.0781120000000002,CUB,GBR,8544
3350909,55,81,1747,2016,0.0,28138.0,0.232855,-0.7864260000000001,CUW,GBR,8544
3350910,58,81,1747,2016,802954.0,6393875.0,0.40822800000000004,0.07535,CYP,GBR,8544
3350911,59,81,1747,2016,35176250.0,32731261.0,1.823627,0.552354,CZE,GBR,8544
3350912,61,81,1747,2016,364865480.0,111548341.0,2.203093,-2.24919,DEU,GBR,8544
3350913,62,81,1747,2016,0.0,8632.0,-0.032607,-0.549622,DJI,GBR,8544
3350914,63,81,1747,2016,0.0,113170.0,0.162751,-0.307303,DMA,GBR,8544
3350915,64,81,1747,2016,24383134.0,16110313.0,1.117864,1.302658,DNK,GBR,8544
3350916,65,81,1747,2016,1401.0,480559.0,-0.237382,0.295389,DOM,GBR,8544
3350917,66,81,1747,2016,871.0,788965.0,-1.0202930000000001,-1.236642,DZA,GBR,8544
3350918,67,81,1747,2016,18203.0,208207.0,-1.0860049999999999,-1.049065,ECU,GBR,8544
3350919,68,81,1747,2016,184414791.0,18218981.0,-0.142377,1.674348,EGY,GBR,8544
3350920,69,81,1747,2016,0.0,1518.0,-1.479782,-1.060063,ERI,GBR,8544
3350921,71,81,1747,2016,287159482.0,50099800.0,0.765428,2.57725,ESP,GBR,8544
3350922,72,81,1747,2016,1491170.0,1974034.0,1.000418,1.154152,EST,GBR,8544
3350923,73,81,1747,2016,13870.0,460948.0,-1.006161,-0.756472,ETH,GBR,8544
3350924,74,81,1747,2016,2063842.0,11256613.0,1.581968,1.006432,FIN,GBR,8544
3350925,75,81,1747,2016,0.0,57577.0,-0.27171999999999996,0.172933,FJI,GBR,8544
3350926,76,81,1747,2016,0.0,68584.0,-1.1568180000000001,-0.9883270000000001,FLK,GBR,8544
3350927,77,81,1747,2016,78040136.0,95352765.0,1.476437,0.911746,FRA,GBR,8544
3350928,78,81,1747,2016,0.0,38854.0,-0.7436,-0.955406,FRO,GBR,8544
3350929,80,81,1747,2016,0.0,288408.0,-1.530568,-1.254999,GAB,GBR,8544
3350930,82,81,1747,2016,6628.0,347614.0,-0.388359,-0.51175,GEO,GBR,8544
3350931,83,81,1747,2016,20735.0,4058889.0,-0.945358,-0.805301,GHA,GBR,8544
3350932,84,81,1747,2016,0.0,1215535.0,0.8535370000000001,-0.661778,GIB,GBR,8544
3350933,85,81,1747,2016,0.0,2677.0,-1.474753,-1.215627,GIN,GBR,8544
3350934,87,81,1747,2016,0.0,703318.0,-0.743023,-0.833044,GMB,GBR,8544
3350935,89,81,1747,2016,0.0,151824.0,-1.766286,-0.9607709999999999,GNQ,GBR,8544
3350936,90,81,1747,2016,68689034.0,2206548.0,0.12153499999999999,1.126101,GRC,GBR,8544
3350937,91,81,1747,2016,0.0,53722.0,0.6993729999999999,-0.250698,GRD,GBR,8544
3350938,92,81,1747,2016,0.0,7286.0,-1.15173,-0.9915700000000001,GRL,GBR,8544
3350939,93,81,1747,2016,10489.0,156249.0,-0.414843,0.382162,GTM,GBR,8544
3350940,96,81,1747,2016,0.0,686627.0,-0.4755,-0.778335,GUY,GBR,8544
3350941,97,81,1747,2016,20373142.0,93755220.0,0.8029029999999999,1.477249,HKG,GBR,8544
3350942,99,81,1747,2016,0.0,11277.0,-0.673741,-0.403777,HND,GBR,8544
3350943,100,81,1747,2016,8592899.0,873122.0,0.8695200000000001,1.214791,HRV,GBR,8544
3350944,101,81,1747,2016,0.0,3773.0,-1.30976,-1.010181,HTI,GBR,8544
3350945,102,81,1747,2016,63288252.0,9398357.0,1.445281,0.8422209999999999,HUN,GBR,8544
3350946,103,81,1747,2016,217535.0,1579472.0,-0.158496,1.492067,IDN,GBR,8544
3350947,104,81,1747,2016,83112238.0,17532578.0,0.30976,2.61043,IND,GBR,8544
3350948,106,81,1747,2016,33594744.0,106063750.0,1.445238,0.07659400000000001,IRL,GBR,8544
3350949,107,81,1747,2016,0.0,48631.0,-0.407368,-0.23482399999999998,IRN,GBR,8544
3350950,108,81,1747,2016,0.0,1141036.0,-2.2400029999999997,-1.017174,IRQ,GBR,8544
3350951,109,81,1747,2016,386800.0,1445079.0,0.192448,-0.37174,ISL,GBR,8544
3350952,110,81,1747,2016,2325377.0,5642043.0,1.352275,0.67584,ISR,GBR,8544
3350953,111,81,1747,2016,290132097.0,42128568.0,1.339307,0.8549209999999999,ITA,GBR,8544
3350954,112,81,1747,2016,0.0,439573.0,-0.259972,-0.592114,JAM,GBR,8544
3350955,113,81,1747,2016,0.0,994013.0,-0.0115,0.045625,JOR,GBR,8544
3350956,114,81,1747,2016,10600101.0,10441156.0,2.574025,-0.34859,JPN,GBR,8544
3350957,115,81,1747,2016,40933.0,1790657.0,-0.376397,-0.553639,KAZ,GBR,8544
3350958,116,81,1747,2016,0.0,1463771.0,-0.535616,0.520101,KEN,GBR,8544
3350959,117,81,1747,2016,588.0,2683.0,0.010529,0.287462,KGZ,GBR,8544
3350960,118,81,1747,2016,0.0,431906.0,-0.8365239999999999,-0.794615,KHM,GBR,8544
3350961,120,81,1747,2016,0.0,219445.0,0.620594,-0.4305,KNA,GBR,8544
3350962,121,81,1747,2016,21946127.0,6701478.0,2.086184,0.724318,KOR,GBR,8544
3350963,122,81,1747,2016,7308.0,3482324.0,-0.31188,-1.1438620000000002,KWT,GBR,8544
3350964,124,81,1747,2016,211896.0,523949.0,0.285829,1.0818139999999998,LBN,GBR,8544
3350965,125,81,1747,2016,131665.0,0.0,-0.870345,-1.113277,LBR,GBR,8544
3350966,126,81,1747,2016,0.0,1319686.0,-1.021925,-1.2316790000000002,LBY,GBR,8544
3350967,127,81,1747,2016,1817.0,598083.0,0.397746,-0.405285,LCA,GBR,8544
3350968,128,81,1747,2016,912315.0,377513.0,-0.562869,0.49937,LKA,GBR,8544
3350969,130,81,1747,2016,4913440.0,2084694.0,0.706929,1.419432,LTU,GBR,8544
3350970,131,81,1747,2016,388027.0,345175.0,1.340054,1.30224,LUX,GBR,8544
3350971,132,81,1747,2016,2216078.0,1202662.0,0.553592,1.19865,LVA,GBR,8544
3350972,133,81,1747,2016,0.0,244796.0,0.534935,0.185542,MAC,GBR,8544
3350973,134,81,1747,2016,164335043.0,5684590.0,-0.772795,-0.206511,MAR,GBR,8544
3350974,135,81,1747,2016,215708.0,502811.0,-0.340932,-0.2839,MDA,GBR,8544
3350975,136,81,1747,2016,0.0,68888.0,-1.2672709999999998,-0.613909,MDG,GBR,8544
3350976,137,81,1747,2016,0.0,23605.0,-0.79904,-0.9720840000000001,MDV,GBR,8544
3350977,138,81,1747,2016,35297933.0,2056402.0,1.165638,0.6446649999999999,MEX,GBR,8544
3350978,140,81,1747,2016,0.0,54165.0,0.026185000000000003,-0.20027999999999999,MKD,GBR,8544
3350979,141,81,1747,2016,0.0,494149.0,-0.584863,-0.74131,MLI,GBR,8544
3350980,142,81,1747,2016,179994.0,3354392.0,0.8795950000000001,-0.21689499999999998,MLT,GBR,8544
3350981,143,81,1747,2016,913.0,46665.0,-1.160878,-0.6042609999999999,MMR,GBR,8544
3350982,144,81,1747,2016,0.0,53473.0,-0.005084,-0.25252199999999997,MNE,GBR,8544
3350983,145,81,1747,2016,0.0,13804.0,-0.811142,-1.013252,MNG,GBR,8544
3350984,147,81,1747,2016,26659.0,75723.0,-1.333702,-1.116794,MOZ,GBR,8544
3350985,148,81,1747,2016,0.0,86940.0,-1.542265,-1.318586,MRT,GBR,8544
3350986,149,81,1747,2016,0.0,77563.0,1.538666,-0.46699300000000005,MSR,GBR,8544
3350987,151,81,1747,2016,1327.0,271659.0,-0.24309899999999998,-0.084888,MUS,GBR,8544
3350988,152,81,1747,2016,0.0,224953.0,-1.113794,-1.172385,MWI,GBR,8544
3350989,153,81,1747,2016,2562804.0,4668360.0,1.106894,0.7452840000000001,MYS,GBR,8544
3350990,155,81,1747,2016,3209.0,37477.0,-0.6256689999999999,-0.8612219999999999,NAM,GBR,8544
3350991,156,81,1747,2016,0.0,170226.0,-0.9910389999999999,-0.9463940000000001,NCL,GBR,8544
3350992,157,81,1747,2016,0.0,8013.0,-0.973057,-0.953672,NER,GBR,8544
3350993,159,81,1747,2016,10675.0,6600578.0,-1.835357,-1.286597,NGA,GBR,8544
3350994,160,81,1747,2016,0.0,24973.0,-1.0387389999999999,-0.998977,NIC,GBR,8544
3350995,162,81,1747,2016,120205254.0,72593004.0,1.157361,1.5188540000000001,NLD,GBR,8544
3350996,163,81,1747,2016,20078363.0,24738949.0,0.89891,0.297673,NOR,GBR,8544
3350997,164,81,1747,2016,0.0,52110.0,-0.37595500000000004,0.475239,NPL,GBR,8544
3350998,166,81,1747,2016,120569.0,2050913.0,0.236556,0.252918,NZL,GBR,8544
3350999,167,81,1747,2016,43078.0,3374770.0,-0.334782,-0.9107190000000001,OMN,GBR,8544
3351000,168,81,1747,2016,123063.0,1100487.0,-0.7502800000000001,0.545331,PAK,GBR,8544
3351001,169,81,1747,2016,10845.0,323139.0,0.58773,0.654145,PAN,GBR,8544
3351002,173,81,1747,2016,12028.0,412364.0,-0.717529,0.007845999999999999,PER,GBR,8544
3351003,174,81,1747,2016,9619521.0,1258583.0,0.619343,0.303981,PHL,GBR,8544
3351004,175,81,1747,2016,0.0,2048.0,0.707907,-0.531396,PLW,GBR,8544
3351005,176,81,1747,2016,0.0,25485.0,-1.689987,-1.2762639999999998,PNG,GBR,8544
3351006,177,81,1747,2016,290955870.0,20063133.0,1.146113,1.239532,POL,GBR,8544
3351007,179,81,1747,2016,74595283.0,6335210.0,0.519621,2.254972,PRT,GBR,8544
3351008,180,81,1747,2016,0.0,28878.0,-0.660702,-1.0329979999999999,PRY,GBR,8544
3351009,181,81,1747,2016,0.0,67619.0,-0.067187,0.535972,PSE,GBR,8544
3351010,182,81,1747,2016,0.0,8618.0,0.11597400000000001,-0.657672,PYF,GBR,8544
3351011,183,81,1747,2016,41408.0,14506369.0,-0.36124,-1.106629,QAT,GBR,8544
3351012,185,81,1747,2016,322381545.0,23495405.0,1.061259,0.9878870000000001,ROU,GBR,8544
3351013,186,81,1747,2016,141393.0,5456346.0,0.252891,0.200423,RUS,GBR,8544
3351014,187,81,1747,2016,0.0,36841.0,-0.5802149999999999,-0.568327,RWA,GBR,8544
3351015,188,81,1747,2016,64052.0,16099513.0,0.394807,-0.638644,SAU,GBR,8544
3351016,190,81,1747,2016,0.0,92120.0,-1.216141,-1.191648,SDN,GBR,8544
3351017,191,81,1747,2016,0.0,534275.0,-0.7061270000000001,-0.46532399999999996,SEN,GBR,8544
3351018,192,81,1747,2016,1162271.0,21685859.0,2.089995,0.564921,SGP,GBR,8544
3351019,194,81,1747,2016,0.0,195515.0,1.4505700000000001,-0.313714,SHN,GBR,8544
3351020,196,81,1747,2016,0.0,606976.0,-0.184021,-0.5023920000000001,SLE,GBR,8544
3351021,197,81,1747,2016,0.0,68190.0,0.10397999999999999,0.25556599999999996,SLV,GBR,8544
3351022,199,81,1747,2016,0.0,19857.0,-1.429439,-1.006612,SOM,GBR,8544
3351023,201,81,1747,2016,66430882.0,2929907.0,0.501676,1.0447520000000001,SRB,GBR,8544
3351024,202,81,1747,2016,0.0,6300.0,-1.841894,-1.024367,SSD,GBR,8544
3351025,205,81,1747,2016,0.0,4651.0,-0.7823869999999999,-1.060347,SUR,GBR,8544
3351026,206,81,1747,2016,41416344.0,3779218.0,1.273942,0.763966,SVK,GBR,8544
3351027,207,81,1747,2016,488971.0,1605611.0,1.6466720000000001,0.8247680000000001,SVN,GBR,8544
3351028,208,81,1747,2016,65902901.0,28478805.0,1.785149,0.767444,SWE,GBR,8544
3351029,209,81,1747,2016,3955.0,15048.0,0.2785,-0.43804799999999994,SWZ,GBR,8544
3351030,211,81,1747,2016,6954.0,189020.0,0.441241,-0.580767,SYC,GBR,8544
3351031,214,81,1747,2016,0.0,1508.0,-2.7867189999999997,-1.035452,TCD,GBR,8544
3351032,215,81,1747,2016,424.0,40472.0,-0.751382,-0.7411310000000001,TGO,GBR,8544
3351033,216,81,1747,2016,9308350.0,1434742.0,1.022065,1.428082,THA,GBR,8544
3351034,219,81,1747,2016,0.0,104283.0,-1.27494,-1.259639,TKM,GBR,8544
3351035,222,81,1747,2016,0.0,330198.0,-0.191969,-1.028843,TTO,GBR,8544
3351036,223,81,1747,2016,1421206.0,1884260.0,0.171791,1.062948,TUN,GBR,8544
3351037,224,81,1747,2016,369116393.0,13764291.0,0.45364799999999994,2.478837,TUR,GBR,8544
3351038,226,81,1747,2016,0.0,559070.0,-1.1008799999999999,-0.048319,TZA,GBR,8544
3351039,227,81,1747,2016,0.0,612522.0,-0.37745300000000004,0.525303,UGA,GBR,8544
3351040,228,81,1747,2016,13042009.0,1815130.0,0.406901,0.637051,UKR,GBR,8544
3351041,230,81,1747,2016,1245.0,82852.0,0.098051,-0.45418400000000003,URY,GBR,8544
3351042,231,81,1747,2016,277395631.0,99304823.0,1.685329,0.297536,USA,GBR,8544
3351043,232,81,1747,2016,0.0,1441.0,-0.703465,-0.493036,UZB,GBR,8544
3351044,234,81,1747,2016,6524.0,168721.0,0.157611,-0.581526,VCT,GBR,8544
3351045,236,81,1747,2016,0.0,74077.0,-0.844669,-1.164315,VEN,GBR,8544
3351046,237,81,1747,2016,0.0,112176.0,0.566815,-0.43181800000000004,VGB,GBR,8544
3351047,239,81,1747,2016,17336046.0,471212.0,-0.10217899999999999,1.015568,VNM,GBR,8544
3351048,243,81,1747,2016,0.0,5698.0,-1.232675,-1.205963,YEM,GBR,8544
3351049,246,81,1747,2016,562391.0,8202705.0,0.187396,1.46169,ZAF,GBR,8544
3351050,247,81,1747,2016,365.0,172926.0,-0.632437,-0.968817,ZMB,GBR,8544
3351051,248,81,1747,2016,0.0,7381.0,-1.083532,-1.0016610000000001,ZWE,GBR,8544
3351052,249,81,1747,2016,27946057.0,2811639.0,2.002996,1.39485,TWN,GBR,8544
3351053,250,81,1747,2016,0.0,52232.0,0.773312,-0.015385,ANS,GBR,8544
3351054,8,93,1747,2016,769677.0,0.0,-0.132495,0.16353199999999998,ARG,GTM,8544
3351055,14,93,1747,2016,1737.0,0.0,-0.25955300000000003,0.0011070000000000001,AUS,GTM,8544
3351056,15,93,1747,2016,15738.0,0.0,1.759363,0.127262,AUT,GTM,8544
3351057,18,93,1747,2016,62445.0,0.0,1.3102610000000001,1.214573,BEL,GTM,8544
3351058,29,93,1747,2016,10337.0,105289.0,-0.527601,-0.680647,BLZ,GTM,8544
3351059,32,93,1747,2016,128220.0,0.0,0.245919,0.661809,BRA,GTM,8544
3351060,39,93,1747,2016,64257.0,0.0,0.6579050000000001,1.12259,CAN,GTM,8544
3351061,41,93,1747,2016,3241.0,0.0,2.3488689999999997,0.806291,CHE,GTM,8544
3351062,42,93,1747,2016,419928.0,0.0,-0.385519,-0.470495,CHL,GTM,8544
3351063,43,93,1747,2016,7816608.0,0.0,1.1073620000000002,1.723098,CHN,GTM,8544
3351064,49,93,1747,2016,215333.0,0.0,0.10205700000000001,-0.155574,COL,GTM,8544
3351065,52,93,1747,2016,16590336.0,111902.0,0.204591,-0.18279600000000001,CRI,GTM,8544
3351066,59,93,1747,2016,1633.0,0.0,1.823627,0.552354,CZE,GTM,8544
3351067,61,93,1747,2016,1053505.0,0.0,2.203093,-2.24919,DEU,GTM,8544
3351068,64,93,1747,2016,839.0,0.0,1.117864,1.302658,DNK,GTM,8544
3351069,65,93,1747,2016,0.0,65029.0,-0.237382,0.295389,DOM,GTM,8544
3351070,71,93,1747,2016,1301583.0,8033.0,0.765428,2.57725,ESP,GTM,8544
3351071,74,93,1747,2016,1097.0,0.0,1.581968,1.006432,FIN,GTM,8544
3351072,77,93,1747,2016,34903.0,0.0,1.476437,0.911746,FRA,GTM,8544
3351073,81,93,1747,2016,156249.0,10489.0,1.6974669999999998,0.9231299999999999,GBR,GTM,8544
3351074,97,93,1747,2016,207561.0,0.0,0.8029029999999999,1.477249,HKG,GTM,8544
3351075,99,93,1747,2016,3376263.0,244750.0,-0.673741,-0.403777,HND,GTM,8544
3351076,102,93,1747,2016,2218.0,0.0,1.445281,0.8422209999999999,HUN,GTM,8544
3351077,104,93,1747,2016,53435.0,0.0,0.30976,2.61043,IND,GTM,8544
3351078,106,93,1747,2016,8109.0,0.0,1.445238,0.07659400000000001,IRL,GTM,8544
3351079,110,93,1747,2016,28337.0,0.0,1.352275,0.67584,ISR,GTM,8544
3351080,111,93,1747,2016,113071.0,0.0,1.339307,0.8549209999999999,ITA,GTM,8544
3351081,112,93,1747,2016,0.0,88590.0,-0.259972,-0.592114,JAM,GTM,8544
3351082,114,93,1747,2016,86319.0,0.0,2.574025,-0.34859,JPN,GTM,8544
3351083,121,93,1747,2016,163355.0,0.0,2.086184,0.724318,KOR,GTM,8544
3351084,138,93,1747,2016,32046867.0,50046.0,1.165638,0.6446649999999999,MEX,GTM,8544
3351085,153,93,1747,2016,2420.0,0.0,1.106894,0.7452840000000001,MYS,GTM,8544
3351086,160,93,1747,2016,12945.0,116833.0,-1.0387389999999999,-0.998977,NIC,GTM,8544
3351087,162,93,1747,2016,29993.0,0.0,1.157361,1.5188540000000001,NLD,GTM,8544
3351088,166,93,1747,2016,1303.0,0.0,0.236556,0.252918,NZL,GTM,8544
3351089,169,93,1747,2016,1022716.0,7172.0,0.58773,0.654145,PAN,GTM,8544
3351090,173,93,1747,2016,2294.0,5302.0,-0.717529,0.007845999999999999,PER,GTM,8544
3351091,186,93,1747,2016,110088.0,27812.0,0.252891,0.200423,RUS,GTM,8544
3351092,192,93,1747,2016,24261.0,0.0,2.089995,0.564921,SGP,GTM,8544
3351093,197,93,1747,2016,1467556.0,553390.0,0.10397999999999999,0.25556599999999996,SLV,GTM,8544
3351094,208,93,1747,2016,85884.0,0.0,1.785149,0.767444,SWE,GTM,8544
3351095,224,93,1747,2016,1482.0,0.0,0.45364799999999994,2.478837,TUR,GTM,8544
3351096,228,93,1747,2016,808.0,0.0,0.406901,0.637051,UKR,GTM,8544
3351097,231,93,1747,2016,8191297.0,68378.0,1.685329,0.297536,USA,GTM,8544
3351098,239,93,1747,2016,13198.0,0.0,-0.10217899999999999,1.015568,VNM,GTM,8544
3351099,246,93,1747,2016,1149.0,0.0,0.187396,1.46169,ZAF,GTM,8544
3351100,249,93,1747,2016,442073.0,0.0,2.002996,1.39485,TWN,GTM,8544
3351101,0,97,1747,2016,0.0,1455.0,0.9052,0.253571,ABW,HKG,8544
3351102,1,97,1747,2016,0.0,21381.0,-1.497486,-1.002342,AFG,HKG,8544
3351103,2,97,1747,2016,13071.0,235226.0,-1.313517,-1.262761,AGO,HKG,8544
3351104,4,97,1747,2016,0.0,3795.0,-0.534645,-0.09027,ALB,HKG,8544
3351105,5,97,1747,2016,0.0,6150.0,1.06885,0.519109,AND,HKG,8544
3351106,7,97,1747,2016,20952334.0,575344.0,0.11037999999999999,0.045327,ARE,HKG,8544
3351107,8,97,1747,2016,16128.0,198473.0,-0.132495,0.16353199999999998,ARG,HKG,8544
3351108,9,97,1747,2016,0.0,2353.0,-0.044982999999999995,-0.518007,ARM,HKG,8544
3351109,14,97,1747,2016,4605013.0,5514718.0,-0.25955300000000003,0.0011070000000000001,AUS,HKG,8544
3351110,15,97,1747,2016,2288658.0,4119259.0,1.759363,0.127262,AUT,HKG,8544
3351111,16,97,1747,2016,0.0,49505.0,-0.909744,-1.180449,AZE,HKG,8544
3351112,17,97,1747,2016,0.0,1887.0,-1.0141229999999999,-0.908808,BDI,HKG,8544
3351113,18,97,1747,2016,801204.0,2576036.0,1.3102610000000001,1.214573,BEL,HKG,8544
3351114,19,97,1747,2016,0.0,2857.0,-0.971123,-0.801574,BEN,HKG,8544
3351115,22,97,1747,2016,66717.0,458943.0,-1.107523,-1.065009,BGD,HKG,8544
3351116,23,97,1747,2016,61792.0,893304.0,0.51707,1.7329130000000001,BGR,HKG,8544
3351117,24,97,1747,2016,13845.0,37305.0,0.323348,-0.514446,BHR,HKG,8544
3351118,25,97,1747,2016,0.0,54315.0,0.605834,-0.430958,BHS,HKG,8544
3351119,26,97,1747,2016,0.0,21344.0,0.47827700000000006,0.5643100000000001,BIH,HKG,8544
3351120,28,97,1747,2016,0.0,59485.0,0.773807,0.827442,BLR,HKG,8544
3351121,29,97,1747,2016,0.0,7083.0,-0.527601,-0.680647,BLZ,HKG,8544
3351122,31,97,1747,2016,0.0,254743.0,-1.061758,-1.041501,BOL,HKG,8544
3351123,32,97,1747,2016,827180.0,5024108.0,0.245919,0.661809,BRA,HKG,8544
3351124,33,97,1747,2016,0.0,11577.0,0.613282,0.06728200000000001,BRB,HKG,8544
3351125,34,97,1747,2016,0.0,112407.0,0.078764,-0.8103670000000001,BRN,HKG,8544
3351126,37,97,1747,2016,0.0,106347.0,-0.9927739999999999,-1.260391,BWA,HKG,8544
3351127,38,97,1747,2016,0.0,19631.0,-0.43507299999999993,-0.7039300000000001,CAF,HKG,8544
3351128,39,97,1747,2016,2601454.0,1437052.0,0.6579050000000001,1.12259,CAN,HKG,8544
3351129,41,97,1747,2016,3825958.0,2271161.0,2.3488689999999997,0.806291,CHE,HKG,8544
3351130,42,97,1747,2016,529168.0,67330.0,-0.385519,-0.470495,CHL,HKG,8544
3351131,43,97,1747,2016,3824639106.0,43981303.0,1.1073620000000002,1.723098,CHN,HKG,8544
3351132,44,97,1747,2016,0.0,94090.0,-0.88415,-0.8122689999999999,CIV,HKG,8544
3351133,45,97,1747,2016,0.0,59392.0,-1.086484,-1.0725559999999998,CMR,HKG,8544
3351134,46,97,1747,2016,0.0,88458.0,-1.136472,-1.109177,COD,HKG,8544
3351135,47,97,1747,2016,0.0,5726.0,-0.718731,-1.0663799999999999,COG,HKG,8544
3351136,49,97,1747,2016,71924.0,797395.0,0.10205700000000001,-0.155574,COL,HKG,8544
3351137,50,97,1747,2016,0.0,1037.0,-0.520849,-0.8678040000000001,COM,HKG,8544
3351138,52,97,1747,2016,2779267.0,10741937.0,0.204591,-0.18279600000000001,CRI,HKG,8544
3351139,58,97,1747,2016,5241.0,124195.0,0.40822800000000004,0.07535,CYP,HKG,8544
3351140,59,97,1747,2016,4437333.0,4619178.0,1.823627,0.552354,CZE,HKG,8544
3351141,61,97,1747,2016,35030826.0,15365047.0,2.203093,-2.24919,DEU,HKG,8544
3351142,64,97,1747,2016,473289.0,3613714.0,1.117864,1.302658,DNK,HKG,8544
3351143,65,97,1747,2016,1780.0,182178.0,-0.237382,0.295389,DOM,HKG,8544
3351144,66,97,1747,2016,0.0,168471.0,-1.0202930000000001,-1.236642,DZA,HKG,8544
3351145,67,97,1747,2016,0.0,2277400.0,-1.0860049999999999,-1.049065,ECU,HKG,8544
3351146,68,97,1747,2016,14331.0,214574.0,-0.142377,1.674348,EGY,HKG,8544
3351147,71,97,1747,2016,7149112.0,1925260.0,0.765428,2.57725,ESP,HKG,8544
3351148,72,97,1747,2016,35430.0,165272.0,1.000418,1.154152,EST,HKG,8544
3351149,73,97,1747,2016,26276.0,624951.0,-1.006161,-0.756472,ETH,HKG,8544
3351150,74,97,1747,2016,31808.0,2239751.0,1.581968,1.006432,FIN,HKG,8544
3351151,75,97,1747,2016,0.0,144374.0,-0.27171999999999996,0.172933,FJI,HKG,8544
3351152,77,97,1747,2016,11940694.0,4122864.0,1.476437,0.911746,FRA,HKG,8544
3351153,80,97,1747,2016,5361.0,118932.0,-1.530568,-1.254999,GAB,HKG,8544
3351154,81,97,1747,2016,93755220.0,20373142.0,1.6974669999999998,0.9231299999999999,GBR,HKG,8544
3351155,82,97,1747,2016,0.0,704220.0,-0.388359,-0.51175,GEO,HKG,8544
3351156,83,97,1747,2016,0.0,314793.0,-0.945358,-0.805301,GHA,HKG,8544
3351157,85,97,1747,2016,0.0,8638.0,-1.474753,-1.215627,GIN,HKG,8544
3351158,87,97,1747,2016,0.0,5582.0,-0.743023,-0.833044,GMB,HKG,8544
3351159,90,97,1747,2016,93807.0,57693.0,0.12153499999999999,1.126101,GRC,HKG,8544
3351160,93,97,1747,2016,0.0,207561.0,-0.414843,0.382162,GTM,HKG,8544
3351161,95,97,1747,2016,0.0,6380.0,0.659809,-0.066939,GUM,HKG,8544
3351162,96,97,1747,2016,0.0,7740.0,-0.4755,-0.778335,GUY,HKG,8544
3351163,99,97,1747,2016,5825.0,5334.0,-0.673741,-0.403777,HND,HKG,8544
3351164,100,97,1747,2016,0.0,9550.0,0.8695200000000001,1.214791,HRV,HKG,8544
3351165,101,97,1747,2016,0.0,112395.0,-1.30976,-1.010181,HTI,HKG,8544
3351166,102,97,1747,2016,1659062.0,19104246.0,1.445281,0.8422209999999999,HUN,HKG,8544
3351167,103,97,1747,2016,5878854.0,11004040.0,-0.158496,1.492067,IDN,HKG,8544
3351168,104,97,1747,2016,4828681.0,20599752.0,0.30976,2.61043,IND,HKG,8544
3351169,106,97,1747,2016,1156686.0,1563212.0,1.445238,0.07659400000000001,IRL,HKG,8544
3351170,107,97,1747,2016,0.0,310706.0,-0.407368,-0.23482399999999998,IRN,HKG,8544
3351171,108,97,1747,2016,0.0,119432.0,-2.2400029999999997,-1.017174,IRQ,HKG,8544
3351172,109,97,1747,2016,0.0,170681.0,0.192448,-0.37174,ISL,HKG,8544
3351173,110,97,1747,2016,1534088.0,11667477.0,1.352275,0.67584,ISR,HKG,8544
3351174,111,97,1747,2016,4501833.0,364794.0,1.339307,0.8549209999999999,ITA,HKG,8544
3351175,112,97,1747,2016,0.0,136287.0,-0.259972,-0.592114,JAM,HKG,8544
3351176,113,97,1747,2016,0.0,112959.0,-0.0115,0.045625,JOR,HKG,8544
3351177,114,97,1747,2016,127898970.0,23375076.0,2.574025,-0.34859,JPN,HKG,8544
3351178,115,97,1747,2016,5051.0,36132.0,-0.376397,-0.553639,KAZ,HKG,8544
3351179,116,97,1747,2016,0.0,265091.0,-0.535616,0.520101,KEN,HKG,8544
3351180,118,97,1747,2016,5262511.0,2757147.0,-0.8365239999999999,-0.794615,KHM,HKG,8544
3351181,119,97,1747,2016,0.0,812.0,0.23475300000000002,-0.789514,KIR,HKG,8544
3351182,120,97,1747,2016,0.0,1645.0,0.620594,-0.4305,KNA,HKG,8544
3351183,121,97,1747,2016,26132607.0,4607351.0,2.086184,0.724318,KOR,HKG,8544
3351184,122,97,1747,2016,87823.0,118472.0,-0.31188,-1.1438620000000002,KWT,HKG,8544
3351185,123,97,1747,2016,200596.0,457530.0,-0.9781479999999999,-0.8272860000000001,LAO,HKG,8544
3351186,124,97,1747,2016,0.0,41017.0,0.285829,1.0818139999999998,LBN,HKG,8544
3351187,128,97,1747,2016,42033.0,281845.0,-0.562869,0.49937,LKA,HKG,8544
3351188,129,97,1747,2016,0.0,4904.0,-0.891036,-0.807709,LSO,HKG,8544
3351189,130,97,1747,2016,99143.0,134253.0,0.706929,1.419432,LTU,HKG,8544
3351190,131,97,1747,2016,66806.0,68712.0,1.340054,1.30224,LUX,HKG,8544
3351191,132,97,1747,2016,99541.0,74164.0,0.553592,1.19865,LVA,HKG,8544
3351192,133,97,1747,2016,664958.0,31148848.0,0.534935,0.185542,MAC,HKG,8544
3351193,134,97,1747,2016,20328.0,135887.0,-0.772795,-0.206511,MAR,HKG,8544
3351194,135,97,1747,2016,0.0,31280.0,-0.340932,-0.2839,MDA,HKG,8544
3351195,136,97,1747,2016,1416.0,12077.0,-1.2672709999999998,-0.613909,MDG,HKG,8544
3351196,137,97,1747,2016,0.0,54099.0,-0.79904,-0.9720840000000001,MDV,HKG,8544
3351197,138,97,1747,2016,3707584.0,8528324.0,1.165638,0.6446649999999999,MEX,HKG,8544
3351198,140,97,1747,2016,1522.0,6658.0,0.026185000000000003,-0.20027999999999999,MKD,HKG,8544
3351199,141,97,1747,2016,0.0,184243.0,-0.584863,-0.74131,MLI,HKG,8544
3351200,142,97,1747,2016,3389.0,39556.0,0.8795950000000001,-0.21689499999999998,MLT,HKG,8544
3351201,143,97,1747,2016,445257.0,337973.0,-1.160878,-0.6042609999999999,MMR,HKG,8544
3351202,144,97,1747,2016,0.0,21492.0,-0.005084,-0.25252199999999997,MNE,HKG,8544
3351203,145,97,1747,2016,0.0,70172.0,-0.811142,-1.013252,MNG,HKG,8544
3351204,147,97,1747,2016,0.0,61103.0,-1.333702,-1.116794,MOZ,HKG,8544
3351205,148,97,1747,2016,0.0,8743.0,-1.542265,-1.318586,MRT,HKG,8544
3351206,151,97,1747,2016,21754.0,52282.0,-0.24309899999999998,-0.084888,MUS,HKG,8544
3351207,152,97,1747,2016,0.0,25263.0,-1.113794,-1.172385,MWI,HKG,8544
3351208,153,97,1747,2016,27689946.0,31409001.0,1.106894,0.7452840000000001,MYS,HKG,8544
3351209,155,97,1747,2016,0.0,33737.0,-0.6256689999999999,-0.8612219999999999,NAM,HKG,8544
3351210,157,97,1747,2016,0.0,25586.0,-0.973057,-0.953672,NER,HKG,8544
3351211,159,97,1747,2016,0.0,964059.0,-1.835357,-1.286597,NGA,HKG,8544
3351212,160,97,1747,2016,0.0,6699.0,-1.0387389999999999,-0.998977,NIC,HKG,8544
3351213,162,97,1747,2016,4838484.0,50369538.0,1.157361,1.5188540000000001,NLD,HKG,8544
3351214,163,97,1747,2016,238020.0,986858.0,0.89891,0.297673,NOR,HKG,8544
3351215,164,97,1747,2016,0.0,245629.0,-0.37595500000000004,0.475239,NPL,HKG,8544
3351216,166,97,1747,2016,56512.0,501653.0,0.236556,0.252918,NZL,HKG,8544
3351217,167,97,1747,2016,3485544.0,158592.0,-0.334782,-0.9107190000000001,OMN,HKG,8544
3351218,168,97,1747,2016,2177.0,338344.0,-0.7502800000000001,0.545331,PAK,HKG,8544
3351219,169,97,1747,2016,0.0,725180.0,0.58773,0.654145,PAN,HKG,8544
3351220,173,97,1747,2016,254125.0,275219.0,-0.717529,0.007845999999999999,PER,HKG,8544
3351221,174,97,1747,2016,14046048.0,49820543.0,0.619343,0.303981,PHL,HKG,8544
3351222,175,97,1747,2016,0.0,3695.0,0.707907,-0.531396,PLW,HKG,8544
3351223,176,97,1747,2016,0.0,213252.0,-1.689987,-1.2762639999999998,PNG,HKG,8544
3351224,177,97,1747,2016,3251600.0,3328120.0,1.146113,1.239532,POL,HKG,8544
3351225,178,97,1747,2016,0.0,19435.0,-0.512374,-0.143648,PRK,HKG,8544
3351226,179,97,1747,2016,52892.0,263471.0,0.519621,2.254972,PRT,HKG,8544
3351227,180,97,1747,2016,3506.0,97067.0,-0.660702,-1.0329979999999999,PRY,HKG,8544
3351228,181,97,1747,2016,0.0,6065.0,-0.067187,0.535972,PSE,HKG,8544
3351229,183,97,1747,2016,3302.0,151979.0,-0.36124,-1.106629,QAT,HKG,8544
3351230,185,97,1747,2016,134069.0,336375.0,1.061259,0.9878870000000001,ROU,HKG,8544
3351231,186,97,1747,2016,37880.0,1638842.0,0.252891,0.200423,RUS,HKG,8544
3351232,187,97,1747,2016,0.0,24881.0,-0.5802149999999999,-0.568327,RWA,HKG,8544
3351233,188,97,1747,2016,16247.0,304252.0,0.394807,-0.638644,SAU,HKG,8544
3351234,190,97,1747,2016,0.0,13403.0,-1.216141,-1.191648,SDN,HKG,8544
3351235,191,97,1747,2016,0.0,89152.0,-0.7061270000000001,-0.46532399999999996,SEN,HKG,8544
3351236,192,97,1747,2016,25038719.0,27160745.0,2.089995,0.564921,SGP,HKG,8544
3351237,195,97,1747,2016,0.0,56749.0,-0.740271,-0.881382,SLB,HKG,8544
3351238,196,97,1747,2016,0.0,9162.0,-0.184021,-0.5023920000000001,SLE,HKG,8544
3351239,197,97,1747,2016,3708.0,19250.0,0.10397999999999999,0.25556599999999996,SLV,HKG,8544
3351240,198,97,1747,2016,0.0,3517.0,1.086646,0.58939,SMR,HKG,8544
3351241,201,97,1747,2016,8052.0,21194.0,0.501676,1.0447520000000001,SRB,HKG,8544
3351242,205,97,1747,2016,0.0,49811.0,-0.7823869999999999,-1.060347,SUR,HKG,8544
3351243,206,97,1747,2016,719618.0,1604721.0,1.273942,0.763966,SVK,HKG,8544
3351244,207,97,1747,2016,102351.0,134623.0,1.6466720000000001,0.8247680000000001,SVN,HKG,8544
3351245,208,97,1747,2016,1132693.0,8622903.0,1.785149,0.767444,SWE,HKG,8544
3351246,209,97,1747,2016,1428.0,69595.0,0.2785,-0.43804799999999994,SWZ,HKG,8544
3351247,211,97,1747,2016,0.0,2317.0,0.441241,-0.580767,SYC,HKG,8544
3351248,214,97,1747,2016,0.0,24227.0,-2.7867189999999997,-1.035452,TCD,HKG,8544
3351249,215,97,1747,2016,0.0,2445.0,-0.751382,-0.7411310000000001,TGO,HKG,8544
3351250,216,97,1747,2016,38460615.0,11400745.0,1.022065,1.428082,THA,HKG,8544
3351251,221,97,1747,2016,0.0,2891.0,-0.29545,-0.766385,TON,HKG,8544
3351252,222,97,1747,2016,0.0,924573.0,-0.191969,-1.028843,TTO,HKG,8544
3351253,223,97,1747,2016,14438.0,186787.0,0.171791,1.062948,TUN,HKG,8544
3351254,224,97,1747,2016,10110743.0,655641.0,0.45364799999999994,2.478837,TUR,HKG,8544
3351255,226,97,1747,2016,0.0,95993.0,-1.1008799999999999,-0.048319,TZA,HKG,8544
3351256,227,97,1747,2016,0.0,95654.0,-0.37745300000000004,0.525303,UGA,HKG,8544
3351257,228,97,1747,2016,0.0,200233.0,0.406901,0.637051,UKR,HKG,8544
3351258,230,97,1747,2016,0.0,77690.0,0.098051,-0.45418400000000003,URY,HKG,8544
3351259,231,97,1747,2016,150011059.0,41941400.0,1.685329,0.297536,USA,HKG,8544
3351260,232,97,1747,2016,0.0,21043.0,-0.703465,-0.493036,UZB,HKG,8544
3351261,236,97,1747,2016,0.0,186137.0,-0.844669,-1.164315,VEN,HKG,8544
3351262,239,97,1747,2016,35212252.0,5856054.0,-0.10217899999999999,1.015568,VNM,HKG,8544
3351263,242,97,1747,2016,0.0,20656.0,0.576339,-0.221148,WSM,HKG,8544
3351264,246,97,1747,2016,293307.0,1332520.0,0.187396,1.46169,ZAF,HKG,8544
3351265,247,97,1747,2016,0.0,93177.0,-0.632437,-0.968817,ZMB,HKG,8544
3351266,248,97,1747,2016,0.0,74054.0,-1.083532,-1.0016610000000001,ZWE,HKG,8544
3351267,249,97,1747,2016,62878970.0,4383935.0,2.002996,1.39485,TWN,HKG,8544
3351268,250,97,1747,2016,1553.0,279843.0,0.773312,-0.015385,ANS,HKG,8544
3351269,7,99,1747,2016,0.0,23178.0,0.11037999999999999,0.045327,ARE,HND,8544
3351270,8,99,1747,2016,56241.0,8920000.0,-0.132495,0.16353199999999998,ARG,HND,8544
3351271,14,99,1747,2016,758.0,0.0,-0.25955300000000003,0.0011070000000000001,AUS,HND,8544
3351272,15,99,1747,2016,48476.0,212073.0,1.759363,0.127262,AUT,HND,8544
3351273,18,99,1747,2016,64637.0,0.0,1.3102610000000001,1.214573,BEL,HND,8544
3351274,23,99,1747,2016,1643.0,0.0,0.51707,1.7329130000000001,BGR,HND,8544
3351275,29,99,1747,2016,0.0,80155.0,-0.527601,-0.680647,BLZ,HND,8544
3351276,32,99,1747,2016,414335.0,1188727.0,0.245919,0.661809,BRA,HND,8544
3351277,39,99,1747,2016,21380.0,34153687.0,0.6579050000000001,1.12259,CAN,HND,8544
3351278,41,99,1747,2016,3691.0,268873.0,2.3488689999999997,0.806291,CHE,HND,8544
3351279,42,99,1747,2016,105234.0,0.0,-0.385519,-0.470495,CHL,HND,8544
3351280,43,99,1747,2016,4067595.0,147157.0,1.1073620000000002,1.723098,CHN,HND,8544
3351281,49,99,1747,2016,162147.0,16227.0,0.10205700000000001,-0.155574,COL,HND,8544
3351282,52,99,1747,2016,18196249.0,2157339.0,0.204591,-0.18279600000000001,CRI,HND,8544
3351283,59,99,1747,2016,5064.0,89077.0,1.823627,0.552354,CZE,HND,8544
3351284,61,99,1747,2016,3677779.0,401672.0,2.203093,-2.24919,DEU,HND,8544
3351285,64,99,1747,2016,21905.0,0.0,1.117864,1.302658,DNK,HND,8544
3351286,65,99,1747,2016,0.0,390931.0,-0.237382,0.295389,DOM,HND,8544
3351287,68,99,1747,2016,0.0,1317.0,-0.142377,1.674348,EGY,HND,8544
3351288,71,99,1747,2016,269396.0,1936017.0,0.765428,2.57725,ESP,HND,8544
3351289,72,99,1747,2016,14499.0,0.0,1.000418,1.154152,EST,HND,8544
3351290,74,99,1747,2016,347787.0,0.0,1.581968,1.006432,FIN,HND,8544
3351291,77,99,1747,2016,41678.0,0.0,1.476437,0.911746,FRA,HND,8544
3351292,81,99,1747,2016,11277.0,0.0,1.6974669999999998,0.9231299999999999,GBR,HND,8544
3351293,93,99,1747,2016,244750.0,3376263.0,-0.414843,0.382162,GTM,HND,8544
3351294,97,99,1747,2016,5334.0,5825.0,0.8029029999999999,1.477249,HKG,HND,8544
3351295,102,99,1747,2016,2546.0,419939.0,1.445281,0.8422209999999999,HUN,HND,8544
3351296,103,99,1747,2016,74015.0,0.0,-0.158496,1.492067,IDN,HND,8544
3351297,104,99,1747,2016,669645.0,7259.0,0.30976,2.61043,IND,HND,8544
3351298,110,99,1747,2016,58656.0,0.0,1.352275,0.67584,ISR,HND,8544
3351299,111,99,1747,2016,40368.0,14744.0,1.339307,0.8549209999999999,ITA,HND,8544
3351300,112,99,1747,2016,0.0,110509.0,-0.259972,-0.592114,JAM,HND,8544
3351301,114,99,1747,2016,185692.0,11087.0,2.574025,-0.34859,JPN,HND,8544
3351302,121,99,1747,2016,32716803.0,183935.0,2.086184,0.724318,KOR,HND,8544
3351303,132,99,1747,2016,2169.0,0.0,0.553592,1.19865,LVA,HND,8544
3351304,134,99,1747,2016,0.0,5155.0,-0.772795,-0.206511,MAR,HND,8544
3351305,138,99,1747,2016,27657564.0,29806326.0,1.165638,0.6446649999999999,MEX,HND,8544
3351306,153,99,1747,2016,1369.0,5836.0,1.106894,0.7452840000000001,MYS,HND,8544
3351307,160,99,1747,2016,7606.0,9409522.0,-1.0387389999999999,-0.998977,NIC,HND,8544
3351308,162,99,1747,2016,391692.0,0.0,1.157361,1.5188540000000001,NLD,HND,8544
3351309,166,99,1747,2016,205.0,0.0,0.236556,0.252918,NZL,HND,8544
3351310,169,99,1747,2016,320151.0,2892011.0,0.58773,0.654145,PAN,HND,8544
3351311,173,99,1747,2016,3771.0,1492.0,-0.717529,0.007845999999999999,PER,HND,8544
3351312,174,99,1747,2016,0.0,36282.0,0.619343,0.303981,PHL,HND,8544
3351313,177,99,1747,2016,7163.0,861476.0,1.146113,1.239532,POL,HND,8544
3351314,178,99,1747,2016,1946.0,0.0,-0.512374,-0.143648,PRK,HND,8544
3351315,179,99,1747,2016,89679.0,6146.0,0.519621,2.254972,PRT,HND,8544
3351316,180,99,1747,2016,0.0,1145.0,-0.660702,-1.0329979999999999,PRY,HND,8544
3351317,185,99,1747,2016,700.0,0.0,1.061259,0.9878870000000001,ROU,HND,8544
3351318,186,99,1747,2016,71276.0,176501.0,0.252891,0.200423,RUS,HND,8544
3351319,190,99,1747,2016,0.0,1131.0,-1.216141,-1.191648,SDN,HND,8544
3351320,197,99,1747,2016,662268.0,1115816.0,0.10397999999999999,0.25556599999999996,SLV,HND,8544
3351321,201,99,1747,2016,0.0,24862.0,0.501676,1.0447520000000001,SRB,HND,8544
3351322,206,99,1747,2016,7522.0,1046033.0,1.273942,0.763966,SVK,HND,8544
3351323,208,99,1747,2016,133886.0,0.0,1.785149,0.767444,SWE,HND,8544
3351324,216,99,1747,2016,21144.0,214575.0,1.022065,1.428082,THA,HND,8544
3351325,223,99,1747,2016,914.0,0.0,0.171791,1.062948,TUN,HND,8544
3351326,224,99,1747,2016,46522.0,145265.0,0.45364799999999994,2.478837,TUR,HND,8544
3351327,228,99,1747,2016,0.0,3072.0,0.406901,0.637051,UKR,HND,8544
3351328,231,99,1747,2016,52464588.0,461428473.0,1.685329,0.297536,USA,HND,8544
3351329,239,99,1747,2016,7378.0,0.0,-0.10217899999999999,1.015568,VNM,HND,8544
3351330,246,99,1747,2016,0.0,23230.0,0.187396,1.46169,ZAF,HND,8544
3351331,249,99,1747,2016,124165.0,11863.0,2.002996,1.39485,TWN,HND,8544
3351332,250,99,1747,2016,15197.0,0.0,0.773312,-0.015385,ANS,HND,8544
3351333,4,102,1747,2016,0.0,29318.0,-0.534645,-0.09027,ALB,HUN,8544
3351334,7,102,1747,2016,12987.0,2353926.0,0.11037999999999999,0.045327,ARE,HUN,8544
3351335,8,102,1747,2016,15157.0,499277.0,-0.132495,0.16353199999999998,ARG,HUN,8544
3351336,9,102,1747,2016,2396.0,35476.0,-0.044982999999999995,-0.518007,ARM,HUN,8544
3351337,14,102,1747,2016,8289.0,888158.0,-0.25955300000000003,0.0011070000000000001,AUS,HUN,8544
3351338,15,102,1747,2016,117600226.0,108846591.0,1.759363,0.127262,AUT,HUN,8544
3351339,16,102,1747,2016,0.0,12576.0,-0.909744,-1.180449,AZE,HUN,8544
3351340,18,102,1747,2016,9001719.0,29412242.0,1.3102610000000001,1.214573,BEL,HUN,8544
3351341,21,102,1747,2016,0.0,1142.0,-1.0885790000000002,-1.027005,BFA,HUN,8544
3351342,22,102,1747,2016,0.0,11812.0,-1.107523,-1.065009,BGD,HUN,8544
3351343,23,102,1747,2016,9799137.0,19293016.0,0.51707,1.7329130000000001,BGR,HUN,8544
3351344,24,102,1747,2016,0.0,100801.0,0.323348,-0.514446,BHR,HUN,8544
3351345,25,102,1747,2016,1009.0,0.0,0.605834,-0.430958,BHS,HUN,8544
3351346,26,102,1747,2016,2212104.0,377792.0,0.47827700000000006,0.5643100000000001,BIH,HUN,8544
3351347,28,102,1747,2016,14025.0,41592.0,0.773807,0.827442,BLR,HUN,8544
3351348,30,102,1747,2016,0.0,3357.0,0.913218,-0.62813,BMU,HUN,8544
3351349,31,102,1747,2016,0.0,32432.0,-1.061758,-1.041501,BOL,HUN,8544
3351350,32,102,1747,2016,61139.0,2800408.0,0.245919,0.661809,BRA,HUN,8544
3351351,33,102,1747,2016,0.0,4183.0,0.613282,0.06728200000000001,BRB,HUN,8544
3351352,34,102,1747,2016,0.0,1457.0,0.078764,-0.8103670000000001,BRN,HUN,8544
3351353,39,102,1747,2016,2086525.0,669195.0,0.6579050000000001,1.12259,CAN,HUN,8544
3351354,41,102,1747,2016,13662486.0,21309399.0,2.3488689999999997,0.806291,CHE,HUN,8544
3351355,42,102,1747,2016,0.0,102564.0,-0.385519,-0.470495,CHL,HUN,8544
3351356,43,102,1747,2016,120362177.0,26426160.0,1.1073620000000002,1.723098,CHN,HUN,8544
3351357,44,102,1747,2016,0.0,2202.0,-0.88415,-0.8122689999999999,CIV,HUN,8544
3351358,45,102,1747,2016,0.0,12036.0,-1.086484,-1.0725559999999998,CMR,HUN,8544
3351359,46,102,1747,2016,0.0,1047.0,-1.136472,-1.109177,COD,HUN,8544
3351360,49,102,1747,2016,0.0,94885.0,0.10205700000000001,-0.155574,COL,HUN,8544
3351361,52,102,1747,2016,0.0,15284.0,0.204591,-0.18279600000000001,CRI,HUN,8544
3351362,54,102,1747,2016,0.0,31108.0,-0.602309,-1.0781120000000002,CUB,HUN,8544
3351363,58,102,1747,2016,29321.0,24464.0,0.40822800000000004,0.07535,CYP,HUN,8544
3351364,59,102,1747,2016,83174600.0,167885318.0,1.823627,0.552354,CZE,HUN,8544
3351365,61,102,1747,2016,294382378.0,586615430.0,2.203093,-2.24919,DEU,HUN,8544
3351366,64,102,1747,2016,1714979.0,1916184.0,1.117864,1.302658,DNK,HUN,8544
3351367,65,102,1747,2016,0.0,7011.0,-0.237382,0.295389,DOM,HUN,8544
3351368,66,102,1747,2016,0.0,131196.0,-1.0202930000000001,-1.236642,DZA,HUN,8544
3351369,67,102,1747,2016,0.0,4133.0,-1.0860049999999999,-1.049065,ECU,HUN,8544
3351370,68,102,1747,2016,12603.0,4918236.0,-0.142377,1.674348,EGY,HUN,8544
3351371,71,102,1747,2016,8549823.0,29751631.0,0.765428,2.57725,ESP,HUN,8544
3351372,72,102,1747,2016,990694.0,109639.0,1.000418,1.154152,EST,HUN,8544
3351373,73,102,1747,2016,0.0,10719.0,-1.006161,-0.756472,ETH,HUN,8544
3351374,74,102,1747,2016,296595.0,406810.0,1.581968,1.006432,FIN,HUN,8544
3351375,77,102,1747,2016,13870960.0,21055573.0,1.476437,0.911746,FRA,HUN,8544
3351376,78,102,1747,2016,0.0,2874.0,-0.7436,-0.955406,FRO,HUN,8544
3351377,81,102,1747,2016,9398357.0,63288252.0,1.6974669999999998,0.9231299999999999,GBR,HUN,8544
3351378,82,102,1747,2016,0.0,1159.0,-0.388359,-0.51175,GEO,HUN,8544
3351379,83,102,1747,2016,0.0,5442.0,-0.945358,-0.805301,GHA,HUN,8544
3351380,90,102,1747,2016,351688.0,830256.0,0.12153499999999999,1.126101,GRC,HUN,8544
3351381,93,102,1747,2016,0.0,2218.0,-0.414843,0.382162,GTM,HUN,8544
3351382,97,102,1747,2016,19104246.0,1659062.0,0.8029029999999999,1.477249,HKG,HUN,8544
3351383,99,102,1747,2016,419939.0,2546.0,-0.673741,-0.403777,HND,HUN,8544
3351384,100,102,1747,2016,995384.0,5065632.0,0.8695200000000001,1.214791,HRV,HUN,8544
3351385,103,102,1747,2016,344506.0,226440.0,-0.158496,1.492067,IDN,HUN,8544
3351386,104,102,1747,2016,25528443.0,970124.0,0.30976,2.61043,IND,HUN,8544
3351387,106,102,1747,2016,482430.0,875833.0,1.445238,0.07659400000000001,IRL,HUN,8544
3351388,107,102,1747,2016,6681.0,19455.0,-0.407368,-0.23482399999999998,IRN,HUN,8544
3351389,108,102,1747,2016,0.0,1994.0,-2.2400029999999997,-1.017174,IRQ,HUN,8544
3351390,109,102,1747,2016,0.0,26874.0,0.192448,-0.37174,ISL,HUN,8544
3351391,110,102,1747,2016,731747.0,225292.0,1.352275,0.67584,ISR,HUN,8544
3351392,111,102,1747,2016,49167740.0,24566759.0,1.339307,0.8549209999999999,ITA,HUN,8544
3351393,113,102,1747,2016,0.0,87273.0,-0.0115,0.045625,JOR,HUN,8544
3351394,114,102,1747,2016,3957928.0,1115097.0,2.574025,-0.34859,JPN,HUN,8544
3351395,115,102,1747,2016,2255.0,85940.0,-0.376397,-0.553639,KAZ,HUN,8544
3351396,116,102,1747,2016,0.0,37205.0,-0.535616,0.520101,KEN,HUN,8544
3351397,121,102,1747,2016,2287241.0,1109980.0,2.086184,0.724318,KOR,HUN,8544
3351398,122,102,1747,2016,0.0,209387.0,-0.31188,-1.1438620000000002,KWT,HUN,8544
3351399,123,102,1747,2016,0.0,52621.0,-0.9781479999999999,-0.8272860000000001,LAO,HUN,8544
3351400,124,102,1747,2016,0.0,248885.0,0.285829,1.0818139999999998,LBN,HUN,8544
3351401,128,102,1747,2016,8856.0,166683.0,-0.562869,0.49937,LKA,HUN,8544
3351402,130,102,1747,2016,6664633.0,84221.0,0.706929,1.419432,LTU,HUN,8544
3351403,131,102,1747,2016,160392.0,650641.0,1.340054,1.30224,LUX,HUN,8544
3351404,132,102,1747,2016,58204.0,146026.0,0.553592,1.19865,LVA,HUN,8544
3351405,134,102,1747,2016,487606.0,8089543.0,-0.772795,-0.206511,MAR,HUN,8544
3351406,135,102,1747,2016,431587.0,297746.0,-0.340932,-0.2839,MDA,HUN,8544
3351407,136,102,1747,2016,0.0,1939.0,-1.2672709999999998,-0.613909,MDG,HUN,8544
3351408,138,102,1747,2016,915168.0,7351747.0,1.165638,0.6446649999999999,MEX,HUN,8544
3351409,140,102,1747,2016,7303186.0,1125489.0,0.026185000000000003,-0.20027999999999999,MKD,HUN,8544
3351410,142,102,1747,2016,1264.0,6656.0,0.8795950000000001,-0.21689499999999998,MLT,HUN,8544
3351411,144,102,1747,2016,0.0,70438.0,-0.005084,-0.25252199999999997,MNE,HUN,8544
3351412,151,102,1747,2016,0.0,18441.0,-0.24309899999999998,-0.084888,MUS,HUN,8544
3351413,153,102,1747,2016,2096987.0,1531466.0,1.106894,0.7452840000000001,MYS,HUN,8544
3351414,157,102,1747,2016,0.0,1744.0,-0.973057,-0.953672,NER,HUN,8544
3351415,159,102,1747,2016,0.0,9587.0,-1.835357,-1.286597,NGA,HUN,8544
3351416,160,102,1747,2016,0.0,1309.0,-1.0387389999999999,-0.998977,NIC,HUN,8544
3351417,162,102,1747,2016,10028557.0,39410650.0,1.157361,1.5188540000000001,NLD,HUN,8544
3351418,163,102,1747,2016,393824.0,563548.0,0.89891,0.297673,NOR,HUN,8544
3351419,166,102,1747,2016,866.0,81410.0,0.236556,0.252918,NZL,HUN,8544
3351420,167,102,1747,2016,0.0,175076.0,-0.334782,-0.9107190000000001,OMN,HUN,8544
3351421,168,102,1747,2016,0.0,69418.0,-0.7502800000000001,0.545331,PAK,HUN,8544
3351422,173,102,1747,2016,0.0,33199.0,-0.717529,0.007845999999999999,PER,HUN,8544
3351423,174,102,1747,2016,351162.0,151084.0,0.619343,0.303981,PHL,HUN,8544
3351424,177,102,1747,2016,57359359.0,47295215.0,1.146113,1.239532,POL,HUN,8544
3351425,179,102,1747,2016,5887672.0,2059255.0,0.519621,2.254972,PRT,HUN,8544
3351426,180,102,1747,2016,0.0,98986.0,-0.660702,-1.0329979999999999,PRY,HUN,8544
3351427,181,102,1747,2016,0.0,1607.0,-0.067187,0.535972,PSE,HUN,8544
3351428,183,102,1747,2016,0.0,520029.0,-0.36124,-1.106629,QAT,HUN,8544
3351429,185,102,1747,2016,400270762.0,168064111.0,1.061259,0.9878870000000001,ROU,HUN,8544
3351430,186,102,1747,2016,226592.0,5703011.0,0.252891,0.200423,RUS,HUN,8544
3351431,188,102,1747,2016,0.0,4472427.0,0.394807,-0.638644,SAU,HUN,8544
3351432,191,102,1747,2016,0.0,6446.0,-0.7061270000000001,-0.46532399999999996,SEN,HUN,8544
3351433,192,102,1747,2016,426159.0,3051075.0,2.089995,0.564921,SGP,HUN,8544
3351434,197,102,1747,2016,0.0,2337.0,0.10397999999999999,0.25556599999999996,SLV,HUN,8544
3351435,201,102,1747,2016,44431798.0,19287238.0,0.501676,1.0447520000000001,SRB,HUN,8544
3351436,206,102,1747,2016,49537407.0,36779672.0,1.273942,0.763966,SVK,HUN,8544
3351437,207,102,1747,2016,1777569.0,7547510.0,1.6466720000000001,0.8247680000000001,SVN,HUN,8544
3351438,208,102,1747,2016,13895228.0,52685800.0,1.785149,0.767444,SWE,HUN,8544
3351439,215,102,1747,2016,0.0,22065.0,-0.751382,-0.7411310000000001,TGO,HUN,8544
3351440,216,102,1747,2016,773271.0,463822.0,1.022065,1.428082,THA,HUN,8544
3351441,223,102,1747,2016,12264985.0,11366010.0,0.171791,1.062948,TUN,HUN,8544
3351442,224,102,1747,2016,6716119.0,14967127.0,0.45364799999999994,2.478837,TUR,HUN,8544
3351443,226,102,1747,2016,0.0,3487.0,-1.1008799999999999,-0.048319,TZA,HUN,8544
3351444,227,102,1747,2016,0.0,1644.0,-0.37745300000000004,0.525303,UGA,HUN,8544
3351445,228,102,1747,2016,134871259.0,136508721.0,0.406901,0.637051,UKR,HUN,8544
3351446,230,102,1747,2016,0.0,4999.0,0.098051,-0.45418400000000003,URY,HUN,8544
3351447,231,102,1747,2016,17126281.0,23764994.0,1.685329,0.297536,USA,HUN,8544
3351448,232,102,1747,2016,0.0,10323.0,-0.703465,-0.493036,UZB,HUN,8544
3351449,239,102,1747,2016,1575768.0,1002510.0,-0.10217899999999999,1.015568,VNM,HUN,8544
3351450,246,102,1747,2016,78898.0,2423707.0,0.187396,1.46169,ZAF,HUN,8544
3351451,248,102,1747,2016,0.0,1628.0,-1.083532,-1.0016610000000001,ZWE,HUN,8544
3351452,249,102,1747,2016,1492198.0,401376.0,2.002996,1.39485,TWN,HUN,8544
3351453,1,103,1747,2016,0.0,90888.0,-1.497486,-1.002342,AFG,IDN,8544
3351454,2,103,1747,2016,6945.0,3676.0,-1.313517,-1.262761,AGO,IDN,8544
3351455,7,103,1747,2016,459412.0,196343.0,0.11037999999999999,0.045327,ARE,IDN,8544
3351456,8,103,1747,2016,76848.0,90009.0,-0.132495,0.16353199999999998,ARG,IDN,8544
3351457,14,103,1747,2016,4300180.0,29382264.0,-0.25955300000000003,0.0011070000000000001,AUS,IDN,8544
3351458,15,103,1747,2016,169717.0,38074.0,1.759363,0.127262,AUT,IDN,8544
3351459,18,103,1747,2016,292723.0,83388.0,1.3102610000000001,1.214573,BEL,IDN,8544
3351460,21,103,1747,2016,0.0,7000.0,-1.0885790000000002,-1.027005,BFA,IDN,8544
3351461,23,103,1747,2016,11597.0,0.0,0.51707,1.7329130000000001,BGR,IDN,8544
3351462,24,103,1747,2016,0.0,11205.0,0.323348,-0.514446,BHR,IDN,8544
3351463,30,103,1747,2016,0.0,10813.0,0.913218,-0.62813,BMU,IDN,8544
3351464,32,103,1747,2016,498243.0,649547.0,0.245919,0.661809,BRA,IDN,8544
3351465,33,103,1747,2016,1325.0,12189.0,0.613282,0.06728200000000001,BRB,IDN,8544
3351466,34,103,1747,2016,0.0,339843.0,0.078764,-0.8103670000000001,BRN,IDN,8544
3351467,39,103,1747,2016,978121.0,13175592.0,0.6579050000000001,1.12259,CAN,IDN,8544
3351468,41,103,1747,2016,1050433.0,20111.0,2.3488689999999997,0.806291,CHE,IDN,8544
3351469,42,103,1747,2016,31362.0,14157.0,-0.385519,-0.470495,CHL,IDN,8544
3351470,43,103,1747,2016,351514542.0,25809386.0,1.1073620000000002,1.723098,CHN,IDN,8544
3351471,45,103,1747,2016,0.0,2410.0,-1.086484,-1.0725559999999998,CMR,IDN,8544
3351472,46,103,1747,2016,0.0,1270.0,-1.136472,-1.109177,COD,IDN,8544
3351473,49,103,1747,2016,82624.0,629182.0,0.10205700000000001,-0.155574,COL,IDN,8544
3351474,50,103,1747,2016,0.0,1258.0,-0.520849,-0.8678040000000001,COM,IDN,8544
3351475,52,103,1747,2016,136523.0,2148.0,0.204591,-0.18279600000000001,CRI,IDN,8544
3351476,59,103,1747,2016,234627.0,391454.0,1.823627,0.552354,CZE,IDN,8544
3351477,61,103,1747,2016,16581402.0,931783.0,2.203093,-2.24919,DEU,IDN,8544
3351478,62,103,1747,2016,0.0,50002.0,-0.032607,-0.549622,DJI,IDN,8544
3351479,64,103,1747,2016,50799.0,0.0,1.117864,1.302658,DNK,IDN,8544
3351480,65,103,1747,2016,0.0,4557.0,-0.237382,0.295389,DOM,IDN,8544
3351481,66,103,1747,2016,0.0,283202.0,-1.0202930000000001,-1.236642,DZA,IDN,8544
3351482,67,103,1747,2016,271269.0,13912.0,-1.0860049999999999,-1.049065,ECU,IDN,8544
3351483,68,103,1747,2016,0.0,600197.0,-0.142377,1.674348,EGY,IDN,8544
3351484,71,103,1747,2016,563751.0,21986.0,0.765428,2.57725,ESP,IDN,8544
3351485,72,103,1747,2016,94406.0,1254.0,1.000418,1.154152,EST,IDN,8544
3351486,73,103,1747,2016,0.0,51407.0,-1.006161,-0.756472,ETH,IDN,8544
3351487,74,103,1747,2016,194841.0,15242.0,1.581968,1.006432,FIN,IDN,8544
3351488,75,103,1747,2016,0.0,87626.0,-0.27171999999999996,0.172933,FJI,IDN,8544
3351489,77,103,1747,2016,16035323.0,673455.0,1.476437,0.911746,FRA,IDN,8544
3351490,81,103,1747,2016,1579472.0,217535.0,1.6974669999999998,0.9231299999999999,GBR,IDN,8544
3351491,83,103,1747,2016,0.0,4995.0,-0.945358,-0.805301,GHA,IDN,8544
3351492,90,103,1747,2016,2546045.0,0.0,0.12153499999999999,1.126101,GRC,IDN,8544
3351493,97,103,1747,2016,11004040.0,5878854.0,0.8029029999999999,1.477249,HKG,IDN,8544
3351494,99,103,1747,2016,0.0,74015.0,-0.673741,-0.403777,HND,IDN,8544
3351495,100,103,1747,2016,6743.0,0.0,0.8695200000000001,1.214791,HRV,IDN,8544
3351496,102,103,1747,2016,226440.0,344506.0,1.445281,0.8422209999999999,HUN,IDN,8544
3351497,104,103,1747,2016,4638371.0,4029027.0,0.30976,2.61043,IND,IDN,8544
3351498,106,103,1747,2016,144850.0,2587.0,1.445238,0.07659400000000001,IRL,IDN,8544
3351499,107,103,1747,2016,0.0,28784.0,-0.407368,-0.23482399999999998,IRN,IDN,8544
3351500,110,103,1747,2016,2465.0,53712.0,1.352275,0.67584,ISR,IDN,8544
3351501,111,103,1747,2016,1126013.0,60052.0,1.339307,0.8549209999999999,ITA,IDN,8544
3351502,114,103,1747,2016,53963329.0,568972091.0,2.574025,-0.34859,JPN,IDN,8544
3351503,115,103,1747,2016,0.0,15251.0,-0.376397,-0.553639,KAZ,IDN,8544
3351504,118,103,1747,2016,72524.0,29271.0,-0.8365239999999999,-0.794615,KHM,IDN,8544
3351505,121,103,1747,2016,46482485.0,17653782.0,2.086184,0.724318,KOR,IDN,8544
3351506,122,103,1747,2016,0.0,105974.0,-0.31188,-1.1438620000000002,KWT,IDN,8544
3351507,124,103,1747,2016,0.0,1589.0,0.285829,1.0818139999999998,LBN,IDN,8544
3351508,128,103,1747,2016,315322.0,852191.0,-0.562869,0.49937,LKA,IDN,8544
3351509,130,103,1747,2016,22524.0,0.0,0.706929,1.419432,LTU,IDN,8544
3351510,131,103,1747,2016,3935.0,0.0,1.340054,1.30224,LUX,IDN,8544
3351511,133,103,1747,2016,0.0,18109.0,0.534935,0.185542,MAC,IDN,8544
3351512,134,103,1747,2016,23648.0,3744.0,-0.772795,-0.206511,MAR,IDN,8544
3351513,137,103,1747,2016,0.0,43509.0,-0.79904,-0.9720840000000001,MDV,IDN,8544
3351514,138,103,1747,2016,1263793.0,492942.0,1.165638,0.6446649999999999,MEX,IDN,8544
3351515,140,103,1747,2016,0.0,152.0,0.026185000000000003,-0.20027999999999999,MKD,IDN,8544
3351516,143,103,1747,2016,25422.0,1829371.0,-1.160878,-0.6042609999999999,MMR,IDN,8544
3351517,145,103,1747,2016,0.0,27895.0,-0.811142,-1.013252,MNG,IDN,8544
3351518,147,103,1747,2016,0.0,33600.0,-1.333702,-1.116794,MOZ,IDN,8544
3351519,153,103,1747,2016,20969963.0,17219519.0,1.106894,0.7452840000000001,MYS,IDN,8544
3351520,157,103,1747,2016,0.0,909.0,-0.973057,-0.953672,NER,IDN,8544
3351521,159,103,1747,2016,0.0,60658.0,-1.835357,-1.286597,NGA,IDN,8544
3351522,160,103,1747,2016,0.0,25285.0,-1.0387389999999999,-0.998977,NIC,IDN,8544
3351523,162,103,1747,2016,371222.0,120886.0,1.157361,1.5188540000000001,NLD,IDN,8544
3351524,163,103,1747,2016,16625905.0,16095.0,0.89891,0.297673,NOR,IDN,8544
3351525,166,103,1747,2016,5509.0,326873.0,0.236556,0.252918,NZL,IDN,8544
3351526,167,103,1747,2016,39939.0,93341.0,-0.334782,-0.9107190000000001,OMN,IDN,8544
3351527,168,103,1747,2016,0.0,371600.0,-0.7502800000000001,0.545331,PAK,IDN,8544
3351528,169,103,1747,2016,0.0,372177.0,0.58773,0.654145,PAN,IDN,8544
3351529,173,103,1747,2016,4295.0,29072.0,-0.717529,0.007845999999999999,PER,IDN,8544
3351530,174,103,1747,2016,25388605.0,27710279.0,0.619343,0.303981,PHL,IDN,8544
3351531,177,103,1747,2016,311117.0,6202969.0,1.146113,1.239532,POL,IDN,8544
3351532,179,103,1747,2016,8057.0,0.0,0.519621,2.254972,PRT,IDN,8544
3351533,183,103,1747,2016,0.0,13223.0,-0.36124,-1.106629,QAT,IDN,8544
3351534,185,103,1747,2016,35443.0,2358.0,1.061259,0.9878870000000001,ROU,IDN,8544
3351535,186,103,1747,2016,109743.0,631545.0,0.252891,0.200423,RUS,IDN,8544
3351536,188,103,1747,2016,0.0,419000.0,0.394807,-0.638644,SAU,IDN,8544
3351537,190,103,1747,2016,0.0,1218.0,-1.216141,-1.191648,SDN,IDN,8544
3351538,191,103,1747,2016,0.0,187602.0,-0.7061270000000001,-0.46532399999999996,SEN,IDN,8544
3351539,192,103,1747,2016,125324971.0,114458870.0,2.089995,0.564921,SGP,IDN,8544
3351540,196,103,1747,2016,0.0,16337.0,-0.184021,-0.5023920000000001,SLE,IDN,8544
3351541,197,103,1747,2016,0.0,6687.0,0.10397999999999999,0.25556599999999996,SLV,IDN,8544
3351542,201,103,1747,2016,0.0,769.0,0.501676,1.0447520000000001,SRB,IDN,8544
3351543,206,103,1747,2016,56814.0,24443.0,1.273942,0.763966,SVK,IDN,8544
3351544,207,103,1747,2016,951.0,43701.0,1.6466720000000001,0.8247680000000001,SVN,IDN,8544
3351545,208,103,1747,2016,928656.0,7369.0,1.785149,0.767444,SWE,IDN,8544
3351546,209,103,1747,2016,61037.0,0.0,0.2785,-0.43804799999999994,SWZ,IDN,8544
3351547,216,103,1747,2016,27508625.0,53383642.0,1.022065,1.428082,THA,IDN,8544
3351548,219,103,1747,2016,0.0,2307921.0,-1.27494,-1.259639,TKM,IDN,8544
3351549,220,103,1747,2016,0.0,702717.0,-0.737023,-0.908582,TLS,IDN,8544
3351550,223,103,1747,2016,214096.0,11561.0,0.171791,1.062948,TUN,IDN,8544
3351551,224,103,1747,2016,635286.0,21444387.0,0.45364799999999994,2.478837,TUR,IDN,8544
3351552,226,103,1747,2016,0.0,261761.0,-1.1008799999999999,-0.048319,TZA,IDN,8544
3351553,228,103,1747,2016,0.0,625428.0,0.406901,0.637051,UKR,IDN,8544
3351554,231,103,1747,2016,12171580.0,133046453.0,1.685329,0.297536,USA,IDN,8544
3351555,239,103,1747,2016,27111475.0,9236640.0,-0.10217899999999999,1.015568,VNM,IDN,8544
3351556,242,103,1747,2016,0.0,567789.0,0.576339,-0.221148,WSM,IDN,8544
3351557,246,103,1747,2016,112386.0,102745.0,0.187396,1.46169,ZAF,IDN,8544
3351558,249,103,1747,2016,4581634.0,1679733.0,2.002996,1.39485,TWN,IDN,8544
3351559,1,104,1747,2016,0.0,951603.0,-1.497486,-1.002342,AFG,IND,8544
3351560,2,104,1747,2016,0.0,65593.0,-1.313517,-1.262761,AGO,IND,8544
3351561,4,104,1747,2016,1529.0,13694.0,-0.534645,-0.09027,ALB,IND,8544
3351562,7,104,1747,2016,5395647.0,74476719.0,0.11037999999999999,0.045327,ARE,IND,8544
3351563,8,104,1747,2016,14502.0,524656.0,-0.132495,0.16353199999999998,ARG,IND,8544
3351564,9,104,1747,2016,0.0,4358.0,-0.044982999999999995,-0.518007,ARM,IND,8544
3351565,14,104,1747,2016,483980.0,9151283.0,-0.25955300000000003,0.0011070000000000001,AUS,IND,8544
3351566,15,104,1747,2016,5939599.0,1371086.0,1.759363,0.127262,AUT,IND,8544
3351567,16,104,1747,2016,0.0,84468.0,-0.909744,-1.180449,AZE,IND,8544
3351568,17,104,1747,2016,0.0,2951.0,-1.0141229999999999,-0.908808,BDI,IND,8544
3351569,18,104,1747,2016,9577604.0,5692218.0,1.3102610000000001,1.214573,BEL,IND,8544
3351570,19,104,1747,2016,0.0,10337258.0,-0.971123,-0.801574,BEN,IND,8544
3351571,21,104,1747,2016,0.0,1290639.0,-1.0885790000000002,-1.027005,BFA,IND,8544
3351572,22,104,1747,2016,5288.0,44772630.0,-1.107523,-1.065009,BGD,IND,8544
3351573,23,104,1747,2016,351916.0,118859.0,0.51707,1.7329130000000001,BGR,IND,8544
3351574,24,104,1747,2016,4338.0,1312441.0,0.323348,-0.514446,BHR,IND,8544
3351575,26,104,1747,2016,0.0,35780.0,0.47827700000000006,0.5643100000000001,BIH,IND,8544
3351576,28,104,1747,2016,1229.0,36045.0,0.773807,0.827442,BLR,IND,8544
3351577,29,104,1747,2016,0.0,37692.0,-0.527601,-0.680647,BLZ,IND,8544
3351578,30,104,1747,2016,0.0,293782.0,0.913218,-0.62813,BMU,IND,8544
3351579,31,104,1747,2016,0.0,51490.0,-1.061758,-1.041501,BOL,IND,8544
3351580,32,104,1747,2016,699489.0,1684788.0,0.245919,0.661809,BRA,IND,8544
3351581,34,104,1747,2016,0.0,83739.0,0.078764,-0.8103670000000001,BRN,IND,8544
3351582,35,104,1747,2016,0.0,297389.0,-0.28638,-0.8311069999999999,BTN,IND,8544
3351583,37,104,1747,2016,0.0,352921.0,-0.9927739999999999,-1.260391,BWA,IND,8544
3351584,39,104,1747,2016,2436373.0,1805005.0,0.6579050000000001,1.12259,CAN,IND,8544
3351585,41,104,1747,2016,17715689.0,824733.0,2.3488689999999997,0.806291,CHE,IND,8544
3351586,42,104,1747,2016,69316.0,1839738.0,-0.385519,-0.470495,CHL,IND,8544
3351587,43,104,1747,2016,369126091.0,10634537.0,1.1073620000000002,1.723098,CHN,IND,8544
3351588,44,104,1747,2016,0.0,438646.0,-0.88415,-0.8122689999999999,CIV,IND,8544
3351589,45,104,1747,2016,0.0,79664.0,-1.086484,-1.0725559999999998,CMR,IND,8544
3351590,46,104,1747,2016,0.0,1037730.0,-1.136472,-1.109177,COD,IND,8544
3351591,47,104,1747,2016,0.0,2254594.0,-0.718731,-1.0663799999999999,COG,IND,8544
3351592,48,104,1747,2016,0.0,25048.0,0.20994699999999997,-0.791095,COK,IND,8544
3351593,49,104,1747,2016,5615.0,3766968.0,0.10205700000000001,-0.155574,COL,IND,8544
3351594,50,104,1747,2016,0.0,209989.0,-0.520849,-0.8678040000000001,COM,IND,8544
3351595,52,104,1747,2016,180920.0,1279585.0,0.204591,-0.18279600000000001,CRI,IND,8544
3351596,55,104,1747,2016,10005.0,0.0,0.232855,-0.7864260000000001,CUW,IND,8544
3351597,58,104,1747,2016,0.0,366359.0,0.40822800000000004,0.07535,CYP,IND,8544
3351598,59,104,1747,2016,3468128.0,4921143.0,1.823627,0.552354,CZE,IND,8544
3351599,61,104,1747,2016,73929516.0,19497837.0,2.203093,-2.24919,DEU,IND,8544
3351600,62,104,1747,2016,0.0,165681.0,-0.032607,-0.549622,DJI,IND,8544
3351601,64,104,1747,2016,563732.0,2153062.0,1.117864,1.302658,DNK,IND,8544
3351602,65,104,1747,2016,6044.0,115445.0,-0.237382,0.295389,DOM,IND,8544
3351603,66,104,1747,2016,0.0,1019975.0,-1.0202930000000001,-1.236642,DZA,IND,8544
3351604,67,104,1747,2016,0.0,22121.0,-1.0860049999999999,-1.049065,ECU,IND,8544
3351605,68,104,1747,2016,4700.0,4617417.0,-0.142377,1.674348,EGY,IND,8544
3351606,71,104,1747,2016,3129230.0,2951708.0,0.765428,2.57725,ESP,IND,8544
3351607,72,104,1747,2016,1345433.0,789223.0,1.000418,1.154152,EST,IND,8544
3351608,73,104,1747,2016,29400.0,1570823.0,-1.006161,-0.756472,ETH,IND,8544
3351609,74,104,1747,2016,2308837.0,2738358.0,1.581968,1.006432,FIN,IND,8544
3351610,75,104,1747,2016,686.0,41974.0,-0.27171999999999996,0.172933,FJI,IND,8544
3351611,77,104,1747,2016,17859166.0,14672256.0,1.476437,0.911746,FRA,IND,8544
3351612,80,104,1747,2016,0.0,177890.0,-1.530568,-1.254999,GAB,IND,8544
3351613,81,104,1747,2016,17532578.0,83112238.0,1.6974669999999998,0.9231299999999999,GBR,IND,8544
3351614,82,104,1747,2016,0.0,409055.0,-0.388359,-0.51175,GEO,IND,8544
3351615,83,104,1747,2016,0.0,5195030.0,-0.945358,-0.805301,GHA,IND,8544
3351616,85,104,1747,2016,0.0,403055.0,-1.474753,-1.215627,GIN,IND,8544
3351617,87,104,1747,2016,0.0,35750.0,-0.743023,-0.833044,GMB,IND,8544
3351618,88,104,1747,2016,0.0,812790.0,-1.671858,-1.043328,GNB,IND,8544
3351619,90,104,1747,2016,15249.0,35251.0,0.12153499999999999,1.126101,GRC,IND,8544
3351620,91,104,1747,2016,0.0,65057.0,0.6993729999999999,-0.250698,GRD,IND,8544
3351621,93,104,1747,2016,0.0,53435.0,-0.414843,0.382162,GTM,IND,8544
3351622,97,104,1747,2016,20599752.0,4828681.0,0.8029029999999999,1.477249,HKG,IND,8544
3351623,99,104,1747,2016,7259.0,669645.0,-0.673741,-0.403777,HND,IND,8544
3351624,100,104,1747,2016,349141.0,993821.0,0.8695200000000001,1.214791,HRV,IND,8544
3351625,102,104,1747,2016,970124.0,25528443.0,1.445281,0.8422209999999999,HUN,IND,8544
3351626,103,104,1747,2016,4029027.0,4638371.0,-0.158496,1.492067,IDN,IND,8544
3351627,106,104,1747,2016,1429368.0,2198542.0,1.445238,0.07659400000000001,IRL,IND,8544
3351628,107,104,1747,2016,0.0,7731634.0,-0.407368,-0.23482399999999998,IRN,IND,8544
3351629,108,104,1747,2016,0.0,13184239.0,-2.2400029999999997,-1.017174,IRQ,IND,8544
3351630,109,104,1747,2016,0.0,66186.0,0.192448,-0.37174,ISL,IND,8544
3351631,110,104,1747,2016,1941063.0,9435660.0,1.352275,0.67584,ISR,IND,8544
3351632,111,104,1747,2016,5274860.0,13652735.0,1.339307,0.8549209999999999,ITA,IND,8544
3351633,113,104,1747,2016,2723.0,2005530.0,-0.0115,0.045625,JOR,IND,8544
3351634,114,104,1747,2016,24034587.0,24078561.0,2.574025,-0.34859,JPN,IND,8544
3351635,115,104,1747,2016,0.0,124328.0,-0.376397,-0.553639,KAZ,IND,8544
3351636,116,104,1747,2016,0.0,10528675.0,-0.535616,0.520101,KEN,IND,8544
3351637,118,104,1747,2016,0.0,388823.0,-0.8365239999999999,-0.794615,KHM,IND,8544
3351638,121,104,1747,2016,87545248.0,3499041.0,2.086184,0.724318,KOR,IND,8544
3351639,122,104,1747,2016,1297115.0,48782550.0,-0.31188,-1.1438620000000002,KWT,IND,8544
3351640,123,104,1747,2016,5350.0,1036.0,-0.9781479999999999,-0.8272860000000001,LAO,IND,8544
3351641,124,104,1747,2016,22296.0,242319.0,0.285829,1.0818139999999998,LBN,IND,8544
3351642,125,104,1747,2016,0.0,1699424.0,-0.870345,-1.113277,LBR,IND,8544
3351643,126,104,1747,2016,0.0,1054049.0,-1.021925,-1.2316790000000002,LBY,IND,8544
3351644,128,104,1747,2016,14706640.0,7510014.0,-0.562869,0.49937,LKA,IND,8544
3351645,130,104,1747,2016,9574.0,65151.0,0.706929,1.419432,LTU,IND,8544
3351646,131,104,1747,2016,56262.0,491.0,1.340054,1.30224,LUX,IND,8544
3351647,132,104,1747,2016,36623.0,54664.0,0.553592,1.19865,LVA,IND,8544
3351648,134,104,1747,2016,212505.0,597347.0,-0.772795,-0.206511,MAR,IND,8544
3351649,135,104,1747,2016,20657.0,5163.0,-0.340932,-0.2839,MDA,IND,8544
3351650,136,104,1747,2016,0.0,669378.0,-1.2672709999999998,-0.613909,MDG,IND,8544
3351651,137,104,1747,2016,0.0,749871.0,-0.79904,-0.9720840000000001,MDV,IND,8544
3351652,138,104,1747,2016,5519672.0,3241553.0,1.165638,0.6446649999999999,MEX,IND,8544
3351653,140,104,1747,2016,327783.0,5337.0,0.026185000000000003,-0.20027999999999999,MKD,IND,8544
3351654,141,104,1747,2016,0.0,112312.0,-0.584863,-0.74131,MLI,IND,8544
3351655,142,104,1747,2016,8231.0,8337.0,0.8795950000000001,-0.21689499999999998,MLT,IND,8544
3351656,143,104,1747,2016,168379.0,13016604.0,-1.160878,-0.6042609999999999,MMR,IND,8544
3351657,144,104,1747,2016,0.0,11731.0,-0.005084,-0.25252199999999997,MNE,IND,8544
3351658,147,104,1747,2016,0.0,1660928.0,-1.333702,-1.116794,MOZ,IND,8544
3351659,148,104,1747,2016,0.0,759489.0,-1.542265,-1.318586,MRT,IND,8544
3351660,149,104,1747,2016,0.0,85414.0,1.538666,-0.46699300000000005,MSR,IND,8544
3351661,151,104,1747,2016,41269.0,6010423.0,-0.24309899999999998,-0.084888,MUS,IND,8544
3351662,152,104,1747,2016,0.0,791691.0,-1.113794,-1.172385,MWI,IND,8544
3351663,153,104,1747,2016,22661153.0,2320436.0,1.106894,0.7452840000000001,MYS,IND,8544
3351664,157,104,1747,2016,98.0,1154938.0,-0.973057,-0.953672,NER,IND,8544
3351665,159,104,1747,2016,0.0,11589951.0,-1.835357,-1.286597,NGA,IND,8544
3351666,160,104,1747,2016,0.0,112046.0,-1.0387389999999999,-0.998977,NIC,IND,8544
3351667,162,104,1747,2016,4309612.0,3785900.0,1.157361,1.5188540000000001,NLD,IND,8544
3351668,163,104,1747,2016,107513.0,112003.0,0.89891,0.297673,NOR,IND,8544
3351669,164,104,1747,2016,180729.0,5983681.0,-0.37595500000000004,0.475239,NPL,IND,8544
3351670,166,104,1747,2016,37722.0,1030540.0,0.236556,0.252918,NZL,IND,8544
3351671,167,104,1747,2016,4799.0,28370600.0,-0.334782,-0.9107190000000001,OMN,IND,8544
3351672,168,104,1747,2016,0.0,12155.0,-0.7502800000000001,0.545331,PAK,IND,8544
3351673,169,104,1747,2016,0.0,10374.0,0.58773,0.654145,PAN,IND,8544
3351674,173,104,1747,2016,0.0,508760.0,-0.717529,0.007845999999999999,PER,IND,8544
3351675,174,104,1747,2016,1341583.0,11215088.0,0.619343,0.303981,PHL,IND,8544
3351676,176,104,1747,2016,0.0,25722.0,-1.689987,-1.2762639999999998,PNG,IND,8544
3351677,177,104,1747,2016,2386507.0,7656492.0,1.146113,1.239532,POL,IND,8544
3351678,178,104,1747,2016,14667.0,93605.0,-0.512374,-0.143648,PRK,IND,8544
3351679,179,104,1747,2016,1114516.0,738753.0,0.519621,2.254972,PRT,IND,8544
3351680,180,104,1747,2016,2434.0,217940.0,-0.660702,-1.0329979999999999,PRY,IND,8544
3351681,183,104,1747,2016,0.0,1745273.0,-0.36124,-1.106629,QAT,IND,8544
3351682,185,104,1747,2016,354937.0,5868601.0,1.061259,0.9878870000000001,ROU,IND,8544
3351683,186,104,1747,2016,2026501.0,1463291.0,0.252891,0.200423,RUS,IND,8544
3351684,187,104,1747,2016,0.0,3398760.0,-0.5802149999999999,-0.568327,RWA,IND,8544
3351685,188,104,1747,2016,152936.0,9563094.0,0.394807,-0.638644,SAU,IND,8544
3351686,190,104,1747,2016,0.0,1249477.0,-1.216141,-1.191648,SDN,IND,8544
3351687,191,104,1747,2016,0.0,1705455.0,-0.7061270000000001,-0.46532399999999996,SEN,IND,8544
3351688,192,104,1747,2016,15511426.0,7891862.0,2.089995,0.564921,SGP,IND,8544
3351689,196,104,1747,2016,0.0,427041.0,-0.184021,-0.5023920000000001,SLE,IND,8544
3351690,197,104,1747,2016,0.0,69248.0,0.10397999999999999,0.25556599999999996,SLV,IND,8544
3351691,199,104,1747,2016,0.0,20161.0,-1.429439,-1.006612,SOM,IND,8544
3351692,201,104,1747,2016,6403.0,220466.0,0.501676,1.0447520000000001,SRB,IND,8544
3351693,202,104,1747,2016,0.0,558949.0,-1.841894,-1.024367,SSD,IND,8544
3351694,205,104,1747,2016,0.0,1117.0,-0.7823869999999999,-1.060347,SUR,IND,8544
3351695,206,104,1747,2016,395672.0,3698150.0,1.273942,0.763966,SVK,IND,8544
3351696,207,104,1747,2016,26305.0,144551.0,1.6466720000000001,0.8247680000000001,SVN,IND,8544
3351697,208,104,1747,2016,5003040.0,841373.0,1.785149,0.767444,SWE,IND,8544
3351698,209,104,1747,2016,553162.0,70334.0,0.2785,-0.43804799999999994,SWZ,IND,8544
3351699,211,104,1747,2016,0.0,891620.0,0.441241,-0.580767,SYC,IND,8544
3351700,212,104,1747,2016,0.0,879439.0,-0.746222,0.179918,SYR,IND,8544
3351701,214,104,1747,2016,0.0,331865.0,-2.7867189999999997,-1.035452,TCD,IND,8544
3351702,215,104,1747,2016,0.0,297159.0,-0.751382,-0.7411310000000001,TGO,IND,8544
3351703,216,104,1747,2016,18282191.0,6875292.0,1.022065,1.428082,THA,IND,8544
3351704,222,104,1747,2016,0.0,5179.0,-0.191969,-1.028843,TTO,IND,8544
3351705,223,104,1747,2016,422534.0,1194588.0,0.171791,1.062948,TUN,IND,8544
3351706,224,104,1747,2016,2783036.0,4070872.0,0.45364799999999994,2.478837,TUR,IND,8544
3351707,226,104,1747,2016,0.0,9335389.0,-1.1008799999999999,-0.048319,TZA,IND,8544
3351708,227,104,1747,2016,0.0,4155299.0,-0.37745300000000004,0.525303,UGA,IND,8544
3351709,228,104,1747,2016,148362.0,97521.0,0.406901,0.637051,UKR,IND,8544
3351710,229,104,1747,2016,4962.0,0.0,1.8058740000000002,0.587761,UMI,IND,8544
3351711,230,104,1747,2016,0.0,152878.0,0.098051,-0.45418400000000003,URY,IND,8544
3351712,231,104,1747,2016,55613704.0,39521247.0,1.685329,0.297536,USA,IND,8544
3351713,234,104,1747,2016,0.0,1468.0,0.157611,-0.581526,VCT,IND,8544
3351714,236,104,1747,2016,0.0,155480.0,-0.844669,-1.164315,VEN,IND,8544
3351715,239,104,1747,2016,6020682.0,3237490.0,-0.10217899999999999,1.015568,VNM,IND,8544
3351716,240,104,1747,2016,0.0,2651.0,-1.187374,-0.9973350000000001,VUT,IND,8544
3351717,242,104,1747,2016,4402.0,71702.0,0.576339,-0.221148,WSM,IND,8544
3351718,243,104,1747,2016,0.0,497039.0,-1.232675,-1.205963,YEM,IND,8544
3351719,246,104,1747,2016,67252.0,2628950.0,0.187396,1.46169,ZAF,IND,8544
3351720,247,104,1747,2016,0.0,1719158.0,-0.632437,-0.968817,ZMB,IND,8544
3351721,248,104,1747,2016,0.0,1374564.0,-1.083532,-1.0016610000000001,ZWE,IND,8544
3351722,249,104,1747,2016,9451016.0,2184236.0,2.002996,1.39485,TWN,IND,8544
3351723,250,104,1747,2016,321859.0,0.0,0.773312,-0.015385,ANS,IND,8544
3351724,1,106,1747,2016,0.0,5424.0,-1.497486,-1.002342,AFG,IRL,8544
3351725,7,106,1747,2016,7882559.0,1904242.0,0.11037999999999999,0.045327,ARE,IRL,8544
3351726,8,106,1747,2016,0.0,71618.0,-0.132495,0.16353199999999998,ARG,IRL,8544
3351727,9,106,1747,2016,0.0,891.0,-0.044982999999999995,-0.518007,ARM,IRL,8544
3351728,14,106,1747,2016,42030.0,421686.0,-0.25955300000000003,0.0011070000000000001,AUS,IRL,8544
3351729,15,106,1747,2016,183638.0,547111.0,1.759363,0.127262,AUT,IRL,8544
3351730,16,106,1747,2016,0.0,725.0,-0.909744,-1.180449,AZE,IRL,8544
3351731,18,106,1747,2016,4405062.0,5598519.0,1.3102610000000001,1.214573,BEL,IRL,8544
3351732,22,106,1747,2016,1467.0,0.0,-1.107523,-1.065009,BGD,IRL,8544
3351733,23,106,1747,2016,12494.0,12488.0,0.51707,1.7329130000000001,BGR,IRL,8544
3351734,24,106,1747,2016,0.0,25191.0,0.323348,-0.514446,BHR,IRL,8544
3351735,26,106,1747,2016,0.0,6497.0,0.47827700000000006,0.5643100000000001,BIH,IRL,8544
3351736,28,106,1747,2016,0.0,350.0,0.773807,0.827442,BLR,IRL,8544
3351737,31,106,1747,2016,0.0,10032.0,-1.061758,-1.041501,BOL,IRL,8544
3351738,32,106,1747,2016,199288.0,675223.0,0.245919,0.661809,BRA,IRL,8544
3351739,33,106,1747,2016,0.0,2844.0,0.613282,0.06728200000000001,BRB,IRL,8544
3351740,37,106,1747,2016,0.0,5839.0,-0.9927739999999999,-1.260391,BWA,IRL,8544
3351741,38,106,1747,2016,14124.0,0.0,-0.43507299999999993,-0.7039300000000001,CAF,IRL,8544
3351742,39,106,1747,2016,574306.0,147466.0,0.6579050000000001,1.12259,CAN,IRL,8544
3351743,41,106,1747,2016,1508316.0,1234166.0,2.3488689999999997,0.806291,CHE,IRL,8544
3351744,42,106,1747,2016,0.0,75746.0,-0.385519,-0.470495,CHL,IRL,8544
3351745,43,106,1747,2016,24459665.0,1406141.0,1.1073620000000002,1.723098,CHN,IRL,8544
3351746,44,106,1747,2016,0.0,11196.0,-0.88415,-0.8122689999999999,CIV,IRL,8544
3351747,49,106,1747,2016,0.0,7793.0,0.10205700000000001,-0.155574,COL,IRL,8544
3351748,50,106,1747,2016,0.0,2478.0,-0.520849,-0.8678040000000001,COM,IRL,8544
3351749,52,106,1747,2016,24859.0,18733.0,0.204591,-0.18279600000000001,CRI,IRL,8544
3351750,58,106,1747,2016,0.0,10665.0,0.40822800000000004,0.07535,CYP,IRL,8544
3351751,59,106,1747,2016,1618526.0,2928511.0,1.823627,0.552354,CZE,IRL,8544
3351752,61,106,1747,2016,54757636.0,19345591.0,2.203093,-2.24919,DEU,IRL,8544
3351753,64,106,1747,2016,1696036.0,1821581.0,1.117864,1.302658,DNK,IRL,8544
3351754,65,106,1747,2016,917.0,28394.0,-0.237382,0.295389,DOM,IRL,8544
3351755,66,106,1747,2016,0.0,24737.0,-1.0202930000000001,-1.236642,DZA,IRL,8544
3351756,67,106,1747,2016,17307.0,0.0,-1.0860049999999999,-1.049065,ECU,IRL,8544
3351757,68,106,1747,2016,1507887.0,880609.0,-0.142377,1.674348,EGY,IRL,8544
3351758,71,106,1747,2016,10116938.0,4473218.0,0.765428,2.57725,ESP,IRL,8544
3351759,72,106,1747,2016,108242.0,485130.0,1.000418,1.154152,EST,IRL,8544
3351760,73,106,1747,2016,13704.0,988.0,-1.006161,-0.756472,ETH,IRL,8544
3351761,74,106,1747,2016,612938.0,771310.0,1.581968,1.006432,FIN,IRL,8544
3351762,77,106,1747,2016,3588838.0,8544884.0,1.476437,0.911746,FRA,IRL,8544
3351763,80,106,1747,2016,5678.0,0.0,-1.530568,-1.254999,GAB,IRL,8544
3351764,81,106,1747,2016,106063750.0,33594744.0,1.6974669999999998,0.9231299999999999,GBR,IRL,8544
3351765,82,106,1747,2016,0.0,5173.0,-0.388359,-0.51175,GEO,IRL,8544
3351766,83,106,1747,2016,0.0,33739.0,-0.945358,-0.805301,GHA,IRL,8544
3351767,84,106,1747,2016,0.0,63057.0,0.8535370000000001,-0.661778,GIB,IRL,8544
3351768,90,106,1747,2016,475308.0,73215.0,0.12153499999999999,1.126101,GRC,IRL,8544
3351769,93,106,1747,2016,0.0,8109.0,-0.414843,0.382162,GTM,IRL,8544
3351770,97,106,1747,2016,1563212.0,1156686.0,0.8029029999999999,1.477249,HKG,IRL,8544
3351771,100,106,1747,2016,47792.0,34263.0,0.8695200000000001,1.214791,HRV,IRL,8544
3351772,102,106,1747,2016,875833.0,482430.0,1.445281,0.8422209999999999,HUN,IRL,8544
3351773,103,106,1747,2016,2587.0,144850.0,-0.158496,1.492067,IDN,IRL,8544
3351774,104,106,1747,2016,2198542.0,1429368.0,0.30976,2.61043,IND,IRL,8544
3351775,107,106,1747,2016,0.0,17219.0,-0.407368,-0.23482399999999998,IRN,IRL,8544
3351776,108,106,1747,2016,0.0,21174.0,-2.2400029999999997,-1.017174,IRQ,IRL,8544
3351777,109,106,1747,2016,10814.0,12861.0,0.192448,-0.37174,ISL,IRL,8544
3351778,110,106,1747,2016,98666.0,1419526.0,1.352275,0.67584,ISR,IRL,8544
3351779,111,106,1747,2016,2814112.0,2530500.0,1.339307,0.8549209999999999,ITA,IRL,8544
3351780,114,106,1747,2016,1402890.0,1927582.0,2.574025,-0.34859,JPN,IRL,8544
3351781,115,106,1747,2016,0.0,615003.0,-0.376397,-0.553639,KAZ,IRL,8544
3351782,116,106,1747,2016,0.0,51800.0,-0.535616,0.520101,KEN,IRL,8544
3351783,121,106,1747,2016,641132.0,558584.0,2.086184,0.724318,KOR,IRL,8544
3351784,122,106,1747,2016,0.0,484959.0,-0.31188,-1.1438620000000002,KWT,IRL,8544
3351785,124,106,1747,2016,0.0,65405.0,0.285829,1.0818139999999998,LBN,IRL,8544
3351786,127,106,1747,2016,0.0,1141.0,0.397746,-0.405285,LCA,IRL,8544
3351787,128,106,1747,2016,0.0,3391.0,-0.562869,0.49937,LKA,IRL,8544
3351788,130,106,1747,2016,67016.0,174811.0,0.706929,1.419432,LTU,IRL,8544
3351789,131,106,1747,2016,8705.0,404370.0,1.340054,1.30224,LUX,IRL,8544
3351790,132,106,1747,2016,0.0,4487.0,0.553592,1.19865,LVA,IRL,8544
3351791,134,106,1747,2016,0.0,125152.0,-0.772795,-0.206511,MAR,IRL,8544
3351792,138,106,1747,2016,1922369.0,85096.0,1.165638,0.6446649999999999,MEX,IRL,8544
3351793,140,106,1747,2016,0.0,1523.0,0.026185000000000003,-0.20027999999999999,MKD,IRL,8544
3351794,142,106,1747,2016,0.0,1450776.0,0.8795950000000001,-0.21689499999999998,MLT,IRL,8544
3351795,144,106,1747,2016,0.0,113.0,-0.005084,-0.25252199999999997,MNE,IRL,8544
3351796,147,106,1747,2016,0.0,7582.0,-1.333702,-1.116794,MOZ,IRL,8544
3351797,151,106,1747,2016,0.0,24485.0,-0.24309899999999998,-0.084888,MUS,IRL,8544
3351798,153,106,1747,2016,163709.0,242925.0,1.106894,0.7452840000000001,MYS,IRL,8544
3351799,159,106,1747,2016,0.0,7277.0,-1.835357,-1.286597,NGA,IRL,8544
3351800,162,106,1747,2016,11228005.0,27233106.0,1.157361,1.5188540000000001,NLD,IRL,8544
3351801,163,106,1747,2016,99393.0,254018.0,0.89891,0.297673,NOR,IRL,8544
3351802,164,106,1747,2016,0.0,4345.0,-0.37595500000000004,0.475239,NPL,IRL,8544
3351803,166,106,1747,2016,38075.0,114104.0,0.236556,0.252918,NZL,IRL,8544
3351804,167,106,1747,2016,0.0,461692.0,-0.334782,-0.9107190000000001,OMN,IRL,8544
3351805,168,106,1747,2016,0.0,95358.0,-0.7502800000000001,0.545331,PAK,IRL,8544
3351806,169,106,1747,2016,0.0,8172.0,0.58773,0.654145,PAN,IRL,8544
3351807,173,106,1747,2016,4968.0,4829.0,-0.717529,0.007845999999999999,PER,IRL,8544
3351808,174,106,1747,2016,59020.0,224779.0,0.619343,0.303981,PHL,IRL,8544
3351809,177,106,1747,2016,2479772.0,464853.0,1.146113,1.239532,POL,IRL,8544
3351810,179,106,1747,2016,23784063.0,640906.0,0.519621,2.254972,PRT,IRL,8544
3351811,183,106,1747,2016,0.0,3727238.0,-0.36124,-1.106629,QAT,IRL,8544
3351812,185,106,1747,2016,483043.0,610306.0,1.061259,0.9878870000000001,ROU,IRL,8544
3351813,186,106,1747,2016,0.0,787256.0,0.252891,0.200423,RUS,IRL,8544
3351814,188,106,1747,2016,2542.0,1651909.0,0.394807,-0.638644,SAU,IRL,8544
3351815,192,106,1747,2016,330823.0,1140601.0,2.089995,0.564921,SGP,IRL,8544
3351816,197,106,1747,2016,994.0,654.0,0.10397999999999999,0.25556599999999996,SLV,IRL,8544
3351817,199,106,1747,2016,0.0,3997.0,-1.429439,-1.006612,SOM,IRL,8544
3351818,201,106,1747,2016,3990.0,13852.0,0.501676,1.0447520000000001,SRB,IRL,8544
3351819,206,106,1747,2016,487022.0,133607.0,1.273942,0.763966,SVK,IRL,8544
3351820,207,106,1747,2016,96325.0,59647.0,1.6466720000000001,0.8247680000000001,SVN,IRL,8544
3351821,208,106,1747,2016,1224549.0,5524949.0,1.785149,0.767444,SWE,IRL,8544
3351822,209,106,1747,2016,0.0,1178.0,0.2785,-0.43804799999999994,SWZ,IRL,8544
3351823,211,106,1747,2016,0.0,1161.0,0.441241,-0.580767,SYC,IRL,8544
3351824,216,106,1747,2016,134331.0,1864858.0,1.022065,1.428082,THA,IRL,8544
3351825,223,106,1747,2016,3327.0,19252.0,0.171791,1.062948,TUN,IRL,8544
3351826,224,106,1747,2016,30442801.0,2783971.0,0.45364799999999994,2.478837,TUR,IRL,8544
3351827,226,106,1747,2016,0.0,4652.0,-1.1008799999999999,-0.048319,TZA,IRL,8544
3351828,227,106,1747,2016,0.0,11315.0,-0.37745300000000004,0.525303,UGA,IRL,8544
3351829,228,106,1747,2016,9409.0,22651.0,0.406901,0.637051,UKR,IRL,8544
3351830,230,106,1747,2016,0.0,17456.0,0.098051,-0.45418400000000003,URY,IRL,8544
3351831,231,106,1747,2016,16692734.0,1820526.0,1.685329,0.297536,USA,IRL,8544
3351832,239,106,1747,2016,39904.0,24057.0,-0.10217899999999999,1.015568,VNM,IRL,8544
3351833,246,106,1747,2016,52854.0,1254786.0,0.187396,1.46169,ZAF,IRL,8544
3351834,247,106,1747,2016,0.0,37600.0,-0.632437,-0.968817,ZMB,IRL,8544
3351835,248,106,1747,2016,0.0,6890.0,-1.083532,-1.0016610000000001,ZWE,IRL,8544
3351836,249,106,1747,2016,6984801.0,221243.0,2.002996,1.39485,TWN,IRL,8544
3351837,250,106,1747,2016,1785316.0,1531155.0,0.773312,-0.015385,ANS,IRL,8544
3351838,1,107,1747,2016,0.0,52136645.0,-1.497486,-1.002342,AFG,IRN,8544
3351839,7,107,1747,2016,7925686.0,50866.0,0.11037999999999999,0.045327,ARE,IRN,8544
3351840,9,107,1747,2016,0.0,9429.0,-0.044982999999999995,-0.518007,ARM,IRN,8544
3351841,14,107,1747,2016,6305.0,23624.0,-0.25955300000000003,0.0011070000000000001,AUS,IRN,8544
3351842,15,107,1747,2016,1002884.0,0.0,1.759363,0.127262,AUT,IRN,8544
3351843,16,107,1747,2016,724.0,17151.0,-0.909744,-1.180449,AZE,IRN,8544
3351844,18,107,1747,2016,404208.0,0.0,1.3102610000000001,1.214573,BEL,IRN,8544
3351845,23,107,1747,2016,17999.0,0.0,0.51707,1.7329130000000001,BGR,IRN,8544
3351846,28,107,1747,2016,2972.0,2331.0,0.773807,0.827442,BLR,IRN,8544
3351847,39,107,1747,2016,22609.0,648.0,0.6579050000000001,1.12259,CAN,IRN,8544
3351848,41,107,1747,2016,513821.0,0.0,2.3488689999999997,0.806291,CHE,IRN,8544
3351849,43,107,1747,2016,67035115.0,9249.0,1.1073620000000002,1.723098,CHN,IRN,8544
3351850,45,107,1747,2016,0.0,27599.0,-1.086484,-1.0725559999999998,CMR,IRN,8544
3351851,59,107,1747,2016,97002.0,28577.0,1.823627,0.552354,CZE,IRN,8544
3351852,61,107,1747,2016,9663713.0,0.0,2.203093,-2.24919,DEU,IRN,8544
3351853,64,107,1747,2016,35052.0,0.0,1.117864,1.302658,DNK,IRN,8544
3351854,71,107,1747,2016,111964.0,0.0,0.765428,2.57725,ESP,IRN,8544
3351855,72,107,1747,2016,5257.0,0.0,1.000418,1.154152,EST,IRN,8544
3351856,73,107,1747,2016,0.0,200526.0,-1.006161,-0.756472,ETH,IRN,8544
3351857,74,107,1747,2016,731324.0,5016.0,1.581968,1.006432,FIN,IRN,8544
3351858,77,107,1747,2016,2291835.0,2193.0,1.476437,0.911746,FRA,IRN,8544
3351859,81,107,1747,2016,48631.0,0.0,1.6974669999999998,0.9231299999999999,GBR,IRN,8544
3351860,82,107,1747,2016,0.0,52473.0,-0.388359,-0.51175,GEO,IRN,8544
3351861,90,107,1747,2016,2896.0,0.0,0.12153499999999999,1.126101,GRC,IRN,8544
3351862,97,107,1747,2016,310706.0,0.0,0.8029029999999999,1.477249,HKG,IRN,8544
3351863,100,107,1747,2016,4940.0,0.0,0.8695200000000001,1.214791,HRV,IRN,8544
3351864,102,107,1747,2016,19455.0,6681.0,1.445281,0.8422209999999999,HUN,IRN,8544
3351865,103,107,1747,2016,28784.0,0.0,-0.158496,1.492067,IDN,IRN,8544
3351866,104,107,1747,2016,7731634.0,0.0,0.30976,2.61043,IND,IRN,8544
3351867,106,107,1747,2016,17219.0,0.0,1.445238,0.07659400000000001,IRL,IRN,8544
3351868,108,107,1747,2016,66948.0,62841458.0,-2.2400029999999997,-1.017174,IRQ,IRN,8544
3351869,111,107,1747,2016,1157613.0,0.0,1.339307,0.8549209999999999,ITA,IRN,8544
3351870,114,107,1747,2016,1574182.0,0.0,2.574025,-0.34859,JPN,IRN,8544
3351871,115,107,1747,2016,0.0,2755.0,-0.376397,-0.553639,KAZ,IRN,8544
3351872,121,107,1747,2016,5496323.0,0.0,2.086184,0.724318,KOR,IRN,8544
3351873,122,107,1747,2016,0.0,12184.0,-0.31188,-1.1438620000000002,KWT,IRN,8544
3351874,124,107,1747,2016,588.0,0.0,0.285829,1.0818139999999998,LBN,IRN,8544
3351875,128,107,1747,2016,0.0,15562.0,-0.562869,0.49937,LKA,IRN,8544
3351876,130,107,1747,2016,3772.0,0.0,0.706929,1.419432,LTU,IRN,8544
3351877,131,107,1747,2016,7893.0,0.0,1.340054,1.30224,LUX,IRN,8544
3351878,153,107,1747,2016,381857.0,0.0,1.106894,0.7452840000000001,MYS,IRN,8544
3351879,162,107,1747,2016,2558870.0,26325.0,1.157361,1.5188540000000001,NLD,IRN,8544
3351880,166,107,1747,2016,1294.0,0.0,0.236556,0.252918,NZL,IRN,8544
3351881,167,107,1747,2016,330852.0,470899.0,-0.334782,-0.9107190000000001,OMN,IRN,8544
3351882,168,107,1747,2016,0.0,4024.0,-0.7502800000000001,0.545331,PAK,IRN,8544
3351883,173,107,1747,2016,0.0,1510.0,-0.717529,0.007845999999999999,PER,IRN,8544
3351884,177,107,1747,2016,77015.0,0.0,1.146113,1.239532,POL,IRN,8544
3351885,179,107,1747,2016,898.0,0.0,0.519621,2.254972,PRT,IRN,8544
3351886,183,107,1747,2016,0.0,3545.0,-0.36124,-1.106629,QAT,IRN,8544
3351887,185,107,1747,2016,276090.0,0.0,1.061259,0.9878870000000001,ROU,IRN,8544
3351888,186,107,1747,2016,413579.0,1107.0,0.252891,0.200423,RUS,IRN,8544
3351889,191,107,1747,2016,0.0,17543.0,-0.7061270000000001,-0.46532399999999996,SEN,IRN,8544
3351890,192,107,1747,2016,117433.0,7320.0,2.089995,0.564921,SGP,IRN,8544
3351891,199,107,1747,2016,0.0,60803.0,-1.429439,-1.006612,SOM,IRN,8544
3351892,201,107,1747,2016,742.0,0.0,0.501676,1.0447520000000001,SRB,IRN,8544
3351893,207,107,1747,2016,2012.0,0.0,1.6466720000000001,0.8247680000000001,SVN,IRN,8544
3351894,208,107,1747,2016,6138656.0,0.0,1.785149,0.767444,SWE,IRN,8544
3351895,212,107,1747,2016,0.0,7671348.0,-0.746222,0.179918,SYR,IRN,8544
3351896,216,107,1747,2016,10110.0,0.0,1.022065,1.428082,THA,IRN,8544
3351897,217,107,1747,2016,0.0,89793.0,-1.0791549999999999,-1.137941,TJK,IRN,8544
3351898,219,107,1747,2016,0.0,2022704.0,-1.27494,-1.259639,TKM,IRN,8544
3351899,224,107,1747,2016,10749809.0,34059.0,0.45364799999999994,2.478837,TUR,IRN,8544
3351900,228,107,1747,2016,54177.0,0.0,0.406901,0.637051,UKR,IRN,8544
3351901,231,107,1747,2016,64780.0,0.0,1.685329,0.297536,USA,IRN,8544
3351902,239,107,1747,2016,10830.0,0.0,-0.10217899999999999,1.015568,VNM,IRN,8544
3351903,249,107,1747,2016,1763430.0,0.0,2.002996,1.39485,TWN,IRN,8544
3351904,250,107,1747,2016,20839.0,0.0,0.773312,-0.015385,ANS,IRN,8544
3351905,2,110,1747,2016,0.0,17048.0,-1.313517,-1.262761,AGO,ISR,8544
3351906,4,110,1747,2016,0.0,2510.0,-0.534645,-0.09027,ALB,ISR,8544
3351907,8,110,1747,2016,0.0,2902608.0,-0.132495,0.16353199999999998,ARG,ISR,8544
3351908,9,110,1747,2016,0.0,1486.0,-0.044982999999999995,-0.518007,ARM,ISR,8544
3351909,13,110,1747,2016,0.0,4273.0,0.19935999999999998,-0.538471,ATG,ISR,8544
3351910,14,110,1747,2016,24309.0,2008802.0,-0.25955300000000003,0.0011070000000000001,AUS,ISR,8544
3351911,15,110,1747,2016,916520.0,501857.0,1.759363,0.127262,AUT,ISR,8544
3351912,16,110,1747,2016,0.0,191948.0,-0.909744,-1.180449,AZE,ISR,8544
3351913,18,110,1747,2016,2141806.0,4844736.0,1.3102610000000001,1.214573,BEL,ISR,8544
3351914,21,110,1747,2016,0.0,394.0,-1.0885790000000002,-1.027005,BFA,ISR,8544
3351915,23,110,1747,2016,75278.0,46950.0,0.51707,1.7329130000000001,BGR,ISR,8544
3351916,26,110,1747,2016,0.0,4974.0,0.47827700000000006,0.5643100000000001,BIH,ISR,8544
3351917,28,110,1747,2016,0.0,131752.0,0.773807,0.827442,BLR,ISR,8544
3351918,31,110,1747,2016,0.0,6928.0,-1.061758,-1.041501,BOL,ISR,8544
3351919,32,110,1747,2016,80543.0,1471461.0,0.245919,0.661809,BRA,ISR,8544
3351920,37,110,1747,2016,0.0,11432.0,-0.9927739999999999,-1.260391,BWA,ISR,8544
3351921,38,110,1747,2016,0.0,4851.0,-0.43507299999999993,-0.7039300000000001,CAF,ISR,8544
3351922,39,110,1747,2016,367434.0,8192238.0,0.6579050000000001,1.12259,CAN,ISR,8544
3351923,41,110,1747,2016,1557477.0,1614854.0,2.3488689999999997,0.806291,CHE,ISR,8544
3351924,42,110,1747,2016,0.0,528931.0,-0.385519,-0.470495,CHL,ISR,8544
3351925,43,110,1747,2016,47528192.0,5248256.0,1.1073620000000002,1.723098,CHN,ISR,8544
3351926,44,110,1747,2016,0.0,13897.0,-0.88415,-0.8122689999999999,CIV,ISR,8544
3351927,45,110,1747,2016,1050.0,66649.0,-1.086484,-1.0725559999999998,CMR,ISR,8544
3351928,46,110,1747,2016,0.0,11816.0,-1.136472,-1.109177,COD,ISR,8544
3351929,47,110,1747,2016,0.0,179147.0,-0.718731,-1.0663799999999999,COG,ISR,8544
3351930,49,110,1747,2016,0.0,1970158.0,0.10205700000000001,-0.155574,COL,ISR,8544
3351931,52,110,1747,2016,2051.0,11532.0,0.204591,-0.18279600000000001,CRI,ISR,8544
3351932,54,110,1747,2016,0.0,7000.0,-0.602309,-1.0781120000000002,CUB,ISR,8544
3351933,58,110,1747,2016,32049.0,229602.0,0.40822800000000004,0.07535,CYP,ISR,8544
3351934,59,110,1747,2016,1659824.0,462770.0,1.823627,0.552354,CZE,ISR,8544
3351935,61,110,1747,2016,18216660.0,8850831.0,2.203093,-2.24919,DEU,ISR,8544
3351936,62,110,1747,2016,0.0,5000.0,-0.032607,-0.549622,DJI,ISR,8544
3351937,64,110,1747,2016,706671.0,169118.0,1.117864,1.302658,DNK,ISR,8544
3351938,65,110,1747,2016,0.0,12780.0,-0.237382,0.295389,DOM,ISR,8544
3351939,67,110,1747,2016,11431.0,17975.0,-1.0860049999999999,-1.049065,ECU,ISR,8544
3351940,71,110,1747,2016,7512941.0,144979.0,0.765428,2.57725,ESP,ISR,8544
3351941,72,110,1747,2016,17875.0,5786.0,1.000418,1.154152,EST,ISR,8544
3351942,73,110,1747,2016,0.0,41271.0,-1.006161,-0.756472,ETH,ISR,8544
3351943,74,110,1747,2016,105441.0,109332.0,1.581968,1.006432,FIN,ISR,8544
3351944,75,110,1747,2016,0.0,4551.0,-0.27171999999999996,0.172933,FJI,ISR,8544
3351945,77,110,1747,2016,3961617.0,5203154.0,1.476437,0.911746,FRA,ISR,8544
3351946,80,110,1747,2016,0.0,1220000.0,-1.530568,-1.254999,GAB,ISR,8544
3351947,81,110,1747,2016,5642043.0,2325377.0,1.6974669999999998,0.9231299999999999,GBR,ISR,8544
3351948,82,110,1747,2016,1658.0,33668.0,-0.388359,-0.51175,GEO,ISR,8544
3351949,83,110,1747,2016,0.0,332069.0,-0.945358,-0.805301,GHA,ISR,8544
3351950,84,110,1747,2016,0.0,28000.0,0.8535370000000001,-0.661778,GIB,ISR,8544
3351951,85,110,1747,2016,0.0,284.0,-1.474753,-1.215627,GIN,ISR,8544
3351952,89,110,1747,2016,0.0,585000.0,-1.766286,-0.9607709999999999,GNQ,ISR,8544
3351953,90,110,1747,2016,456117.0,149249.0,0.12153499999999999,1.126101,GRC,ISR,8544
3351954,93,110,1747,2016,0.0,28337.0,-0.414843,0.382162,GTM,ISR,8544
3351955,95,110,1747,2016,0.0,14000.0,0.659809,-0.066939,GUM,ISR,8544
3351956,97,110,1747,2016,11667477.0,1534088.0,0.8029029999999999,1.477249,HKG,ISR,8544
3351957,99,110,1747,2016,0.0,58656.0,-0.673741,-0.403777,HND,ISR,8544
3351958,100,110,1747,2016,85661.0,2598.0,0.8695200000000001,1.214791,HRV,ISR,8544
3351959,102,110,1747,2016,225292.0,731747.0,1.445281,0.8422209999999999,HUN,ISR,8544
3351960,103,110,1747,2016,53712.0,2465.0,-0.158496,1.492067,IDN,ISR,8544
3351961,104,110,1747,2016,9435660.0,1941063.0,0.30976,2.61043,IND,ISR,8544
3351962,106,110,1747,2016,1419526.0,98666.0,1.445238,0.07659400000000001,IRL,ISR,8544
3351963,109,110,1747,2016,0.0,3311.0,0.192448,-0.37174,ISL,ISR,8544
3351964,111,110,1747,2016,2359482.0,157883.0,1.339307,0.8549209999999999,ITA,ISR,8544
3351965,112,110,1747,2016,0.0,26408.0,-0.259972,-0.592114,JAM,ISR,8544
3351966,113,110,1747,2016,8563.0,10246.0,-0.0115,0.045625,JOR,ISR,8544
3351967,114,110,1747,2016,6679784.0,1084095.0,2.574025,-0.34859,JPN,ISR,8544
3351968,115,110,1747,2016,328.0,56783.0,-0.376397,-0.553639,KAZ,ISR,8544
3351969,116,110,1747,2016,0.0,254052.0,-0.535616,0.520101,KEN,ISR,8544
3351970,121,110,1747,2016,3078042.0,1866584.0,2.086184,0.724318,KOR,ISR,8544
3351971,125,110,1747,2016,0.0,12000.0,-0.870345,-1.113277,LBR,ISR,8544
3351972,127,110,1747,2016,0.0,406.0,0.397746,-0.405285,LCA,ISR,8544
3351973,128,110,1747,2016,0.0,134908.0,-0.562869,0.49937,LKA,ISR,8544
3351974,130,110,1747,2016,1863.0,30146.0,0.706929,1.419432,LTU,ISR,8544
3351975,131,110,1747,2016,11307.0,7259.0,1.340054,1.30224,LUX,ISR,8544
3351976,132,110,1747,2016,3276.0,35073.0,0.553592,1.19865,LVA,ISR,8544
3351977,133,110,1747,2016,4802.0,0.0,0.534935,0.185542,MAC,ISR,8544
3351978,135,110,1747,2016,0.0,2538.0,-0.340932,-0.2839,MDA,ISR,8544
3351979,136,110,1747,2016,0.0,12525.0,-1.2672709999999998,-0.613909,MDG,ISR,8544
3351980,138,110,1747,2016,320275.0,753912.0,1.165638,0.6446649999999999,MEX,ISR,8544
3351981,140,110,1747,2016,0.0,9685.0,0.026185000000000003,-0.20027999999999999,MKD,ISR,8544
3351982,142,110,1747,2016,2835.0,0.0,0.8795950000000001,-0.21689499999999998,MLT,ISR,8544
3351983,143,110,1747,2016,0.0,59426.0,-1.160878,-0.6042609999999999,MMR,ISR,8544
3351984,144,110,1747,2016,0.0,17561.0,-0.005084,-0.25252199999999997,MNE,ISR,8544
3351985,151,110,1747,2016,0.0,12969.0,-0.24309899999999998,-0.084888,MUS,ISR,8544
3351986,153,110,1747,2016,27231.0,0.0,1.106894,0.7452840000000001,MYS,ISR,8544
3351987,155,110,1747,2016,0.0,18671.0,-0.6256689999999999,-0.8612219999999999,NAM,ISR,8544
3351988,157,110,1747,2016,0.0,16323.0,-0.973057,-0.953672,NER,ISR,8544
3351989,159,110,1747,2016,0.0,67321.0,-1.835357,-1.286597,NGA,ISR,8544
3351990,160,110,1747,2016,0.0,16179.0,-1.0387389999999999,-0.998977,NIC,ISR,8544
3351991,162,110,1747,2016,6014235.0,2589444.0,1.157361,1.5188540000000001,NLD,ISR,8544
3351992,163,110,1747,2016,26872.0,46286.0,0.89891,0.297673,NOR,ISR,8544
3351993,164,110,1747,2016,0.0,8534.0,-0.37595500000000004,0.475239,NPL,ISR,8544
3351994,166,110,1747,2016,850.0,68000.0,0.236556,0.252918,NZL,ISR,8544
3351995,169,110,1747,2016,0.0,6447.0,0.58773,0.654145,PAN,ISR,8544
3351996,173,110,1747,2016,0.0,300738.0,-0.717529,0.007845999999999999,PER,ISR,8544
3351997,174,110,1747,2016,226277.0,86942.0,0.619343,0.303981,PHL,ISR,8544
3351998,176,110,1747,2016,0.0,15000.0,-1.689987,-1.2762639999999998,PNG,ISR,8544
3351999,177,110,1747,2016,5767953.0,645143.0,1.146113,1.239532,POL,ISR,8544
3352000,179,110,1747,2016,25451.0,18387.0,0.519621,2.254972,PRT,ISR,8544
3352001,180,110,1747,2016,0.0,1717.0,-0.660702,-1.0329979999999999,PRY,ISR,8544
3352002,181,110,1747,2016,1512758.0,7462816.0,-0.067187,0.535972,PSE,ISR,8544
3352003,185,110,1747,2016,8937576.0,3729325.0,1.061259,0.9878870000000001,ROU,ISR,8544
3352004,186,110,1747,2016,170987.0,570407.0,0.252891,0.200423,RUS,ISR,8544
3352005,187,110,1747,2016,0.0,21317.0,-0.5802149999999999,-0.568327,RWA,ISR,8544
3352006,191,110,1747,2016,0.0,5749.0,-0.7061270000000001,-0.46532399999999996,SEN,ISR,8544
3352007,192,110,1747,2016,279653.0,1512641.0,2.089995,0.564921,SGP,ISR,8544
3352008,197,110,1747,2016,0.0,3669.0,0.10397999999999999,0.25556599999999996,SLV,ISR,8544
3352009,201,110,1747,2016,0.0,21577.0,0.501676,1.0447520000000001,SRB,ISR,8544
3352010,206,110,1747,2016,29639.0,2468.0,1.273942,0.763966,SVK,ISR,8544
3352011,207,110,1747,2016,3620.0,1040529.0,1.6466720000000001,0.8247680000000001,SVN,ISR,8544
3352012,208,110,1747,2016,714662.0,1099450.0,1.785149,0.767444,SWE,ISR,8544
3352013,211,110,1747,2016,0.0,1618.0,0.441241,-0.580767,SYC,ISR,8544
3352014,214,110,1747,2016,0.0,26000.0,-2.7867189999999997,-1.035452,TCD,ISR,8544
3352015,216,110,1747,2016,476177.0,2667963.0,1.022065,1.428082,THA,ISR,8544
3352016,224,110,1747,2016,117551069.0,2207123.0,0.45364799999999994,2.478837,TUR,ISR,8544
3352017,226,110,1747,2016,0.0,65474.0,-1.1008799999999999,-0.048319,TZA,ISR,8544
3352018,227,110,1747,2016,7946.0,63205.0,-0.37745300000000004,0.525303,UGA,ISR,8544
3352019,228,110,1747,2016,0.0,22851.0,0.406901,0.637051,UKR,ISR,8544
3352020,230,110,1747,2016,0.0,25918.0,0.098051,-0.45418400000000003,URY,ISR,8544
3352021,231,110,1747,2016,41579348.0,30020158.0,1.685329,0.297536,USA,ISR,8544
3352022,239,110,1747,2016,927459.0,144316.0,-0.10217899999999999,1.015568,VNM,ISR,8544
3352023,246,110,1747,2016,48124.0,312576.0,0.187396,1.46169,ZAF,ISR,8544
3352024,247,110,1747,2016,0.0,10398.0,-0.632437,-0.968817,ZMB,ISR,8544
3352025,248,110,1747,2016,0.0,7882.0,-1.083532,-1.0016610000000001,ZWE,ISR,8544
3352026,249,110,1747,2016,1655129.0,326227.0,2.002996,1.39485,TWN,ISR,8544
3352027,250,110,1747,2016,0.0,48000.0,0.773312,-0.015385,ANS,ISR,8544
3352028,0,111,1747,2016,0.0,32106.0,0.9052,0.253571,ABW,ITA,8544
3352029,1,111,1747,2016,0.0,33150.0,-1.497486,-1.002342,AFG,ITA,8544
3352030,2,111,1747,2016,1838.0,124477.0,-1.313517,-1.262761,AGO,ITA,8544
3352031,4,111,1747,2016,116263.0,17178722.0,-0.534645,-0.09027,ALB,ITA,8544
3352032,5,111,1747,2016,0.0,18300.0,1.06885,0.519109,AND,ITA,8544
3352033,7,111,1747,2016,251753.0,53958924.0,0.11037999999999999,0.045327,ARE,ITA,8544
3352034,8,111,1747,2016,17228.0,4347518.0,-0.132495,0.16353199999999998,ARG,ITA,8544
3352035,9,111,1747,2016,0.0,132989.0,-0.044982999999999995,-0.518007,ARM,ITA,8544
3352036,13,111,1747,2016,0.0,19396.0,0.19935999999999998,-0.538471,ATG,ITA,8544
3352037,14,111,1747,2016,91296.0,9204693.0,-0.25955300000000003,0.0011070000000000001,AUS,ITA,8544
3352038,15,111,1747,2016,29268297.0,73684542.0,1.759363,0.127262,AUT,ITA,8544
3352039,16,111,1747,2016,2059.0,2904914.0,-0.909744,-1.180449,AZE,ITA,8544
3352040,17,111,1747,2016,0.0,2374.0,-1.0141229999999999,-0.908808,BDI,ITA,8544
3352041,18,111,1747,2016,10848288.0,95580818.0,1.3102610000000001,1.214573,BEL,ITA,8544
3352042,19,111,1747,2016,0.0,8187.0,-0.971123,-0.801574,BEN,ITA,8544
3352043,21,111,1747,2016,0.0,38936.0,-1.0885790000000002,-1.027005,BFA,ITA,8544
3352044,22,111,1747,2016,0.0,355557.0,-1.107523,-1.065009,BGD,ITA,8544
3352045,23,111,1747,2016,3823384.0,8761065.0,0.51707,1.7329130000000001,BGR,ITA,8544
3352046,24,111,1747,2016,0.0,933996.0,0.323348,-0.514446,BHR,ITA,8544
3352047,25,111,1747,2016,39802.0,5036.0,0.605834,-0.430958,BHS,ITA,8544
3352048,26,111,1747,2016,1606939.0,705661.0,0.47827700000000006,0.5643100000000001,BIH,ITA,8544
3352049,28,111,1747,2016,188144.0,106258.0,0.773807,0.827442,BLR,ITA,8544
3352050,30,111,1747,2016,0.0,1760.0,0.913218,-0.62813,BMU,ITA,8544
3352051,31,111,1747,2016,0.0,2063364.0,-1.061758,-1.041501,BOL,ITA,8544
3352052,32,111,1747,2016,1471805.0,21792778.0,0.245919,0.661809,BRA,ITA,8544
3352053,33,111,1747,2016,0.0,18034.0,0.613282,0.06728200000000001,BRB,ITA,8544
3352054,34,111,1747,2016,0.0,252558.0,0.078764,-0.8103670000000001,BRN,ITA,8544
3352055,37,111,1747,2016,0.0,5307.0,-0.9927739999999999,-1.260391,BWA,ITA,8544
3352056,38,111,1747,2016,0.0,13722.0,-0.43507299999999993,-0.7039300000000001,CAF,ITA,8544
3352057,39,111,1747,2016,939353.0,971553.0,0.6579050000000001,1.12259,CAN,ITA,8544
3352058,41,111,1747,2016,7748788.0,116836553.0,2.3488689999999997,0.806291,CHE,ITA,8544
3352059,42,111,1747,2016,8723.0,6683722.0,-0.385519,-0.470495,CHL,ITA,8544
3352060,43,111,1747,2016,131369409.0,49076882.0,1.1073620000000002,1.723098,CHN,ITA,8544
3352061,44,111,1747,2016,0.0,219376.0,-0.88415,-0.8122689999999999,CIV,ITA,8544
3352062,45,111,1747,2016,3089.0,315108.0,-1.086484,-1.0725559999999998,CMR,ITA,8544
3352063,46,111,1747,2016,0.0,127234.0,-1.136472,-1.109177,COD,ITA,8544
3352064,47,111,1747,2016,1939.0,304929.0,-0.718731,-1.0663799999999999,COG,ITA,8544
3352065,49,111,1747,2016,0.0,705361.0,0.10205700000000001,-0.155574,COL,ITA,8544
3352066,51,111,1747,2016,0.0,25308.0,0.264883,-0.580199,CPV,ITA,8544
3352067,52,111,1747,2016,0.0,56414.0,0.204591,-0.18279600000000001,CRI,ITA,8544
3352068,54,111,1747,2016,0.0,6260189.0,-0.602309,-1.0781120000000002,CUB,ITA,8544
3352069,55,111,1747,2016,0.0,3172.0,0.232855,-0.7864260000000001,CUW,ITA,8544
3352070,58,111,1747,2016,2132.0,1051726.0,0.40822800000000004,0.07535,CYP,ITA,8544
3352071,59,111,1747,2016,18119628.0,39476871.0,1.823627,0.552354,CZE,ITA,8544
3352072,61,111,1747,2016,248388625.0,683371942.0,2.203093,-2.24919,DEU,ITA,8544
3352073,62,111,1747,2016,0.0,65805.0,-0.032607,-0.549622,DJI,ITA,8544
3352074,64,111,1747,2016,1615405.0,28042635.0,1.117864,1.302658,DNK,ITA,8544
3352075,65,111,1747,2016,6362.0,1060839.0,-0.237382,0.295389,DOM,ITA,8544
3352076,66,111,1747,2016,569033.0,14010951.0,-1.0202930000000001,-1.236642,DZA,ITA,8544
3352077,67,111,1747,2016,30939.0,38109.0,-1.0860049999999999,-1.049065,ECU,ITA,8544
3352078,68,111,1747,2016,2827566.0,30397185.0,-0.142377,1.674348,EGY,ITA,8544
3352079,69,111,1747,2016,0.0,265523.0,-1.479782,-1.060063,ERI,ITA,8544
3352080,71,111,1747,2016,154146200.0,80996838.0,0.765428,2.57725,ESP,ITA,8544
3352081,72,111,1747,2016,243182.0,3127753.0,1.000418,1.154152,EST,ITA,8544
3352082,73,111,1747,2016,0.0,3804996.0,-1.006161,-0.756472,ETH,ITA,8544
3352083,74,111,1747,2016,7330538.0,20109981.0,1.581968,1.006432,FIN,ITA,8544
3352084,75,111,1747,2016,0.0,2343.0,-0.27171999999999996,0.172933,FJI,ITA,8544
3352085,77,111,1747,2016,92354100.0,326988471.0,1.476437,0.911746,FRA,ITA,8544
3352086,78,111,1747,2016,0.0,3997.0,-0.7436,-0.955406,FRO,ITA,8544
3352087,80,111,1747,2016,0.0,109361.0,-1.530568,-1.254999,GAB,ITA,8544
3352088,81,111,1747,2016,42128568.0,290132097.0,1.6974669999999998,0.9231299999999999,GBR,ITA,8544
3352089,82,111,1747,2016,0.0,3561114.0,-0.388359,-0.51175,GEO,ITA,8544
3352090,83,111,1747,2016,8817.0,505791.0,-0.945358,-0.805301,GHA,ITA,8544
3352091,84,111,1747,2016,0.0,12643.0,0.8535370000000001,-0.661778,GIB,ITA,8544
3352092,85,111,1747,2016,0.0,75674.0,-1.474753,-1.215627,GIN,ITA,8544
3352093,88,111,1747,2016,0.0,7609.0,-1.671858,-1.043328,GNB,ITA,8544
3352094,89,111,1747,2016,0.0,4687.0,-1.766286,-0.9607709999999999,GNQ,ITA,8544
3352095,90,111,1747,2016,8050698.0,14445279.0,0.12153499999999999,1.126101,GRC,ITA,8544
3352096,92,111,1747,2016,0.0,1938.0,-1.15173,-0.9915700000000001,GRL,ITA,8544
3352097,93,111,1747,2016,0.0,113071.0,-0.414843,0.382162,GTM,ITA,8544
3352098,96,111,1747,2016,0.0,15879.0,-0.4755,-0.778335,GUY,ITA,8544
3352099,97,111,1747,2016,364794.0,4501833.0,0.8029029999999999,1.477249,HKG,ITA,8544
3352100,99,111,1747,2016,14744.0,40368.0,-0.673741,-0.403777,HND,ITA,8544
3352101,100,111,1747,2016,5665573.0,31970456.0,0.8695200000000001,1.214791,HRV,ITA,8544
3352102,101,111,1747,2016,0.0,140238.0,-1.30976,-1.010181,HTI,ITA,8544
3352103,102,111,1747,2016,24566759.0,49167740.0,1.445281,0.8422209999999999,HUN,ITA,8544
3352104,103,111,1747,2016,60052.0,1126013.0,-0.158496,1.492067,IDN,ITA,8544
3352105,104,111,1747,2016,13652735.0,5274860.0,0.30976,2.61043,IND,ITA,8544
3352106,106,111,1747,2016,2530500.0,2814112.0,1.445238,0.07659400000000001,IRL,ITA,8544
3352107,107,111,1747,2016,0.0,1157613.0,-0.407368,-0.23482399999999998,IRN,ITA,8544
3352108,108,111,1747,2016,0.0,13658553.0,-2.2400029999999997,-1.017174,IRQ,ITA,8544
3352109,109,111,1747,2016,0.0,315322.0,0.192448,-0.37174,ISL,ITA,8544
3352110,110,111,1747,2016,157883.0,2359482.0,1.352275,0.67584,ISR,ITA,8544
3352111,112,111,1747,2016,0.0,1282843.0,-0.259972,-0.592114,JAM,ITA,8544
3352112,113,111,1747,2016,0.0,1594569.0,-0.0115,0.045625,JOR,ITA,8544
3352113,114,111,1747,2016,6586375.0,1459668.0,2.574025,-0.34859,JPN,ITA,8544
3352114,115,111,1747,2016,15949.0,6664816.0,-0.376397,-0.553639,KAZ,ITA,8544
3352115,116,111,1747,2016,5114.0,49018.0,-0.535616,0.520101,KEN,ITA,8544
3352116,117,111,1747,2016,0.0,2576.0,0.010529,0.287462,KGZ,ITA,8544
3352117,118,111,1747,2016,12770.0,4292.0,-0.8365239999999999,-0.794615,KHM,ITA,8544
3352118,120,111,1747,2016,0.0,39019.0,0.620594,-0.4305,KNA,ITA,8544
3352119,121,111,1747,2016,3087416.0,2631939.0,2.086184,0.724318,KOR,ITA,8544
3352120,122,111,1747,2016,0.0,4731009.0,-0.31188,-1.1438620000000002,KWT,ITA,8544
3352121,123,111,1747,2016,5023.0,0.0,-0.9781479999999999,-0.8272860000000001,LAO,ITA,8544
3352122,124,111,1747,2016,0.0,1879533.0,0.285829,1.0818139999999998,LBN,ITA,8544
3352123,125,111,1747,2016,0.0,124638.0,-0.870345,-1.113277,LBR,ITA,8544
3352124,126,111,1747,2016,0.0,16413584.0,-1.021925,-1.2316790000000002,LBY,ITA,8544
3352125,128,111,1747,2016,0.0,376732.0,-0.562869,0.49937,LKA,ITA,8544
3352126,130,111,1747,2016,1182700.0,3481482.0,0.706929,1.419432,LTU,ITA,8544
3352127,131,111,1747,2016,800642.0,4098895.0,1.340054,1.30224,LUX,ITA,8544
3352128,132,111,1747,2016,1299977.0,780482.0,0.553592,1.19865,LVA,ITA,8544
3352129,133,111,1747,2016,0.0,20558.0,0.534935,0.185542,MAC,ITA,8544
3352130,134,111,1747,2016,159391011.0,7663548.0,-0.772795,-0.206511,MAR,ITA,8544
3352131,135,111,1747,2016,1161702.0,8464581.0,-0.340932,-0.2839,MDA,ITA,8544
3352132,136,111,1747,2016,0.0,172353.0,-1.2672709999999998,-0.613909,MDG,ITA,8544
3352133,137,111,1747,2016,0.0,33671.0,-0.79904,-0.9720840000000001,MDV,ITA,8544
3352134,138,111,1747,2016,3239553.0,6362909.0,1.165638,0.6446649999999999,MEX,ITA,8544
3352135,140,111,1747,2016,5395.0,733136.0,0.026185000000000003,-0.20027999999999999,MKD,ITA,8544
3352136,141,111,1747,2016,0.0,5377.0,-0.584863,-0.74131,MLI,ITA,8544
3352137,142,111,1747,2016,106120.0,3914979.0,0.8795950000000001,-0.21689499999999998,MLT,ITA,8544
3352138,143,111,1747,2016,0.0,352449.0,-1.160878,-0.6042609999999999,MMR,ITA,8544
3352139,144,111,1747,2016,1569.0,3935756.0,-0.005084,-0.25252199999999997,MNE,ITA,8544
3352140,145,111,1747,2016,0.0,76670.0,-0.811142,-1.013252,MNG,ITA,8544
3352141,147,111,1747,2016,0.0,93218.0,-1.333702,-1.116794,MOZ,ITA,8544
3352142,148,111,1747,2016,0.0,217394.0,-1.542265,-1.318586,MRT,ITA,8544
3352143,151,111,1747,2016,0.0,180680.0,-0.24309899999999998,-0.084888,MUS,ITA,8544
3352144,152,111,1747,2016,0.0,3382.0,-1.113794,-1.172385,MWI,ITA,8544
3352145,153,111,1747,2016,638653.0,738560.0,1.106894,0.7452840000000001,MYS,ITA,8544
3352146,155,111,1747,2016,0.0,12528.0,-0.6256689999999999,-0.8612219999999999,NAM,ITA,8544
3352147,156,111,1747,2016,0.0,1213.0,-0.9910389999999999,-0.9463940000000001,NCL,ITA,8544
3352148,157,111,1747,2016,0.0,31583.0,-0.973057,-0.953672,NER,ITA,8544
3352149,159,111,1747,2016,0.0,11693892.0,-1.835357,-1.286597,NGA,ITA,8544
3352150,160,111,1747,2016,6444.0,159607.0,-1.0387389999999999,-0.998977,NIC,ITA,8544
3352151,162,111,1747,2016,53168928.0,41966044.0,1.157361,1.5188540000000001,NLD,ITA,8544
3352152,163,111,1747,2016,10512478.0,7352643.0,0.89891,0.297673,NOR,ITA,8544
3352153,164,111,1747,2016,0.0,13695.0,-0.37595500000000004,0.475239,NPL,ITA,8544
3352154,166,111,1747,2016,25831.0,189343.0,0.236556,0.252918,NZL,ITA,8544
3352155,167,111,1747,2016,59976.0,1853130.0,-0.334782,-0.9107190000000001,OMN,ITA,8544
3352156,168,111,1747,2016,1482.0,833229.0,-0.7502800000000001,0.545331,PAK,ITA,8544
3352157,169,111,1747,2016,2468.0,748607.0,0.58773,0.654145,PAN,ITA,8544
3352158,173,111,1747,2016,87632.0,1929563.0,-0.717529,0.007845999999999999,PER,ITA,8544
3352159,174,111,1747,2016,306940.0,50750229.0,0.619343,0.303981,PHL,ITA,8544
3352160,175,111,1747,2016,0.0,1051.0,0.707907,-0.531396,PLW,ITA,8544
3352161,177,111,1747,2016,121105009.0,90856803.0,1.146113,1.239532,POL,ITA,8544
3352162,179,111,1747,2016,30270254.0,22773079.0,0.519621,2.254972,PRT,ITA,8544
3352163,180,111,1747,2016,0.0,51151.0,-0.660702,-1.0329979999999999,PRY,ITA,8544
3352164,181,111,1747,2016,0.0,33551.0,-0.067187,0.535972,PSE,ITA,8544
3352165,182,111,1747,2016,0.0,1321.0,0.11597400000000001,-0.657672,PYF,ITA,8544
3352166,183,111,1747,2016,1151.0,4809340.0,-0.36124,-1.106629,QAT,ITA,8544
3352167,185,111,1747,2016,110911613.0,129176021.0,1.061259,0.9878870000000001,ROU,ITA,8544
3352168,186,111,1747,2016,4055226.0,19786763.0,0.252891,0.200423,RUS,ITA,8544
3352169,187,111,1747,2016,0.0,2600.0,-0.5802149999999999,-0.568327,RWA,ITA,8544
3352170,188,111,1747,2016,11615.0,9759512.0,0.394807,-0.638644,SAU,ITA,8544
3352171,190,111,1747,2016,0.0,484186.0,-1.216141,-1.191648,SDN,ITA,8544
3352172,191,111,1747,2016,0.0,498869.0,-0.7061270000000001,-0.46532399999999996,SEN,ITA,8544
3352173,192,111,1747,2016,249646.0,11615452.0,2.089995,0.564921,SGP,ITA,8544
3352174,196,111,1747,2016,0.0,4661.0,-0.184021,-0.5023920000000001,SLE,ITA,8544
3352175,197,111,1747,2016,19734.0,78725.0,0.10397999999999999,0.25556599999999996,SLV,ITA,8544
3352176,199,111,1747,2016,0.0,113913.0,-1.429439,-1.006612,SOM,ITA,8544
3352177,201,111,1747,2016,189237.0,6730601.0,0.501676,1.0447520000000001,SRB,ITA,8544
3352178,205,111,1747,2016,7028.0,0.0,-0.7823869999999999,-1.060347,SUR,ITA,8544
3352179,206,111,1747,2016,19551260.0,55040345.0,1.273942,0.763966,SVK,ITA,8544
3352180,207,111,1747,2016,4394362.0,51259212.0,1.6466720000000001,0.8247680000000001,SVN,ITA,8544
3352181,208,111,1747,2016,13171216.0,16208210.0,1.785149,0.767444,SWE,ITA,8544
3352182,210,111,1747,2016,0.0,17039.0,1.005781,-0.871658,SXM,ITA,8544
3352183,211,111,1747,2016,0.0,154449.0,0.441241,-0.580767,SYC,ITA,8544
3352184,212,111,1747,2016,0.0,186177.0,-0.746222,0.179918,SYR,ITA,8544
3352185,214,111,1747,2016,0.0,1910.0,-2.7867189999999997,-1.035452,TCD,ITA,8544
3352186,215,111,1747,2016,0.0,56470.0,-0.751382,-0.7411310000000001,TGO,ITA,8544
3352187,216,111,1747,2016,4542174.0,2966889.0,1.022065,1.428082,THA,ITA,8544
3352188,219,111,1747,2016,0.0,729913.0,-1.27494,-1.259639,TKM,ITA,8544
3352189,222,111,1747,2016,0.0,58385.0,-0.191969,-1.028843,TTO,ITA,8544
3352190,223,111,1747,2016,198468482.0,48204013.0,0.171791,1.062948,TUN,ITA,8544
3352191,224,111,1747,2016,81251839.0,38074120.0,0.45364799999999994,2.478837,TUR,ITA,8544
3352192,226,111,1747,2016,0.0,73164.0,-1.1008799999999999,-0.048319,TZA,ITA,8544
3352193,227,111,1747,2016,0.0,152621.0,-0.37745300000000004,0.525303,UGA,ITA,8544
3352194,228,111,1747,2016,1832082.0,722468.0,0.406901,0.637051,UKR,ITA,8544
3352195,230,111,1747,2016,0.0,36177.0,0.098051,-0.45418400000000003,URY,ITA,8544
3352196,231,111,1747,2016,49634084.0,32306323.0,1.685329,0.297536,USA,ITA,8544
3352197,234,111,1747,2016,0.0,5440.0,0.157611,-0.581526,VCT,ITA,8544
3352198,236,111,1747,2016,0.0,247188.0,-0.844669,-1.164315,VEN,ITA,8544
3352199,239,111,1747,2016,5571547.0,882316.0,-0.10217899999999999,1.015568,VNM,ITA,8544
3352200,243,111,1747,2016,0.0,347817.0,-1.232675,-1.205963,YEM,ITA,8544
3352201,246,111,1747,2016,76563.0,11306412.0,0.187396,1.46169,ZAF,ITA,8544
3352202,247,111,1747,2016,2832.0,10360.0,-0.632437,-0.968817,ZMB,ITA,8544
3352203,248,111,1747,2016,0.0,24551.0,-1.083532,-1.0016610000000001,ZWE,ITA,8544
3352204,249,111,1747,2016,7214796.0,4861599.0,2.002996,1.39485,TWN,ITA,8544
3352205,250,111,1747,2016,32260.0,63781.0,0.773312,-0.015385,ANS,ITA,8544
3352206,7,112,1747,2016,2553.0,0.0,0.11037999999999999,0.045327,ARE,JAM,8544
3352207,8,112,1747,2016,1482.0,0.0,-0.132495,0.16353199999999998,ARG,JAM,8544
3352208,13,112,1747,2016,1863.0,0.0,0.19935999999999998,-0.538471,ATG,JAM,8544
3352209,18,112,1747,2016,3197.0,0.0,1.3102610000000001,1.214573,BEL,JAM,8544
3352210,32,112,1747,2016,435854.0,0.0,0.245919,0.661809,BRA,JAM,8544
3352211,33,112,1747,2016,47279.0,13852.0,0.613282,0.06728200000000001,BRB,JAM,8544
3352212,39,112,1747,2016,63297.0,0.0,0.6579050000000001,1.12259,CAN,JAM,8544
3352213,41,112,1747,2016,873.0,0.0,2.3488689999999997,0.806291,CHE,JAM,8544
3352214,43,112,1747,2016,3606910.0,0.0,1.1073620000000002,1.723098,CHN,JAM,8544
3352215,49,112,1747,2016,1187.0,0.0,0.10205700000000001,-0.155574,COL,JAM,8544
3352216,52,112,1747,2016,10544.0,0.0,0.204591,-0.18279600000000001,CRI,JAM,8544
3352217,55,112,1747,2016,0.0,14839.0,0.232855,-0.7864260000000001,CUW,JAM,8544
3352218,57,112,1747,2016,1236.0,0.0,1.045587,-0.779983,CYM,JAM,8544
3352219,61,112,1747,2016,39363.0,0.0,2.203093,-2.24919,DEU,JAM,8544
3352220,65,112,1747,2016,27302.0,0.0,-0.237382,0.295389,DOM,JAM,8544
3352221,67,112,1747,2016,991.0,0.0,-1.0860049999999999,-1.049065,ECU,JAM,8544
3352222,71,112,1747,2016,1046216.0,0.0,0.765428,2.57725,ESP,JAM,8544
3352223,74,112,1747,2016,23335.0,0.0,1.581968,1.006432,FIN,JAM,8544
3352224,77,112,1747,2016,55676.0,0.0,1.476437,0.911746,FRA,JAM,8544
3352225,81,112,1747,2016,439573.0,0.0,1.6974669999999998,0.9231299999999999,GBR,JAM,8544
3352226,91,112,1747,2016,12269.0,608.0,0.6993729999999999,-0.250698,GRD,JAM,8544
3352227,93,112,1747,2016,88590.0,0.0,-0.414843,0.382162,GTM,JAM,8544
3352228,97,112,1747,2016,136287.0,0.0,0.8029029999999999,1.477249,HKG,JAM,8544
3352229,99,112,1747,2016,110509.0,0.0,-0.673741,-0.403777,HND,JAM,8544
3352230,110,112,1747,2016,26408.0,0.0,1.352275,0.67584,ISR,JAM,8544
3352231,111,112,1747,2016,1282843.0,0.0,1.339307,0.8549209999999999,ITA,JAM,8544
3352232,114,112,1747,2016,68513.0,0.0,2.574025,-0.34859,JPN,JAM,8544
3352233,121,112,1747,2016,1174.0,0.0,2.086184,0.724318,KOR,JAM,8544
3352234,138,112,1747,2016,3517938.0,0.0,1.165638,0.6446649999999999,MEX,JAM,8544
3352235,153,112,1747,2016,1100.0,0.0,1.106894,0.7452840000000001,MYS,JAM,8544
3352236,162,112,1747,2016,51389.0,0.0,1.157361,1.5188540000000001,NLD,JAM,8544
3352237,163,112,1747,2016,3403.0,0.0,0.89891,0.297673,NOR,JAM,8544
3352238,169,112,1747,2016,293965.0,0.0,0.58773,0.654145,PAN,JAM,8544
3352239,173,112,1747,2016,76970.0,0.0,-0.717529,0.007845999999999999,PER,JAM,8544
3352240,177,112,1747,2016,6635.0,0.0,1.146113,1.239532,POL,JAM,8544
3352241,179,112,1747,2016,65142.0,0.0,0.519621,2.254972,PRT,JAM,8544
3352242,192,112,1747,2016,39585.0,0.0,2.089995,0.564921,SGP,JAM,8544
3352243,208,112,1747,2016,285307.0,0.0,1.785149,0.767444,SWE,JAM,8544
3352244,216,112,1747,2016,4954.0,0.0,1.022065,1.428082,THA,JAM,8544
3352245,222,112,1747,2016,3035894.0,9891.0,-0.191969,-1.028843,TTO,JAM,8544
3352246,224,112,1747,2016,2034557.0,0.0,0.45364799999999994,2.478837,TUR,JAM,8544
3352247,231,112,1747,2016,4041265.0,144854.0,1.685329,0.297536,USA,JAM,8544
3352248,237,112,1747,2016,92622.0,0.0,0.566815,-0.43181800000000004,VGB,JAM,8544
3352249,239,112,1747,2016,0.0,4970.0,-0.10217899999999999,1.015568,VNM,JAM,8544
3352250,249,112,1747,2016,283760.0,0.0,2.002996,1.39485,TWN,JAM,8544
3352251,7,113,1747,2016,1562917.0,45569.0,0.11037999999999999,0.045327,ARE,JOR,8544
3352252,14,113,1747,2016,2998.0,0.0,-0.25955300000000003,0.0011070000000000001,AUS,JOR,8544
3352253,15,113,1747,2016,66478.0,0.0,1.759363,0.127262,AUT,JOR,8544
3352254,18,113,1747,2016,223575.0,1952.0,1.3102610000000001,1.214573,BEL,JOR,8544
3352255,23,113,1747,2016,13315.0,0.0,0.51707,1.7329130000000001,BGR,JOR,8544
3352256,24,113,1747,2016,0.0,38836.0,0.323348,-0.514446,BHR,JOR,8544
3352257,32,113,1747,2016,5890.0,0.0,0.245919,0.661809,BRA,JOR,8544
3352258,39,113,1747,2016,36839.0,0.0,0.6579050000000001,1.12259,CAN,JOR,8544
3352259,41,113,1747,2016,382640.0,0.0,2.3488689999999997,0.806291,CHE,JOR,8544
3352260,43,113,1747,2016,9816118.0,1327.0,1.1073620000000002,1.723098,CHN,JOR,8544
3352261,49,113,1747,2016,7305.0,0.0,0.10205700000000001,-0.155574,COL,JOR,8544
3352262,52,113,1747,2016,16431.0,0.0,0.204591,-0.18279600000000001,CRI,JOR,8544
3352263,59,113,1747,2016,24741.0,0.0,1.823627,0.552354,CZE,JOR,8544
3352264,61,113,1747,2016,2452356.0,1209.0,2.203093,-2.24919,DEU,JOR,8544
3352265,64,113,1747,2016,48451.0,0.0,1.117864,1.302658,DNK,JOR,8544
3352266,66,113,1747,2016,170966.0,86190.0,-1.0202930000000001,-1.236642,DZA,JOR,8544
3352267,68,113,1747,2016,2313842.0,0.0,-0.142377,1.674348,EGY,JOR,8544
3352268,71,113,1747,2016,1347464.0,0.0,0.765428,2.57725,ESP,JOR,8544
3352269,72,113,1747,2016,11664.0,0.0,1.000418,1.154152,EST,JOR,8544
3352270,74,113,1747,2016,6932.0,0.0,1.581968,1.006432,FIN,JOR,8544
3352271,77,113,1747,2016,2387603.0,0.0,1.476437,0.911746,FRA,JOR,8544
3352272,81,113,1747,2016,994013.0,0.0,1.6974669999999998,0.9231299999999999,GBR,JOR,8544
3352273,90,113,1747,2016,9546.0,0.0,0.12153499999999999,1.126101,GRC,JOR,8544
3352274,97,113,1747,2016,112959.0,0.0,0.8029029999999999,1.477249,HKG,JOR,8544
3352275,100,113,1747,2016,716.0,0.0,0.8695200000000001,1.214791,HRV,JOR,8544
3352276,102,113,1747,2016,87273.0,0.0,1.445281,0.8422209999999999,HUN,JOR,8544
3352277,104,113,1747,2016,2005530.0,2723.0,0.30976,2.61043,IND,JOR,8544
3352278,108,113,1747,2016,0.0,42396514.0,-2.2400029999999997,-1.017174,IRQ,JOR,8544
3352279,110,113,1747,2016,10246.0,8563.0,1.352275,0.67584,ISR,JOR,8544
3352280,111,113,1747,2016,1594569.0,0.0,1.339307,0.8549209999999999,ITA,JOR,8544
3352281,114,113,1747,2016,101861.0,0.0,2.574025,-0.34859,JPN,JOR,8544
3352282,121,113,1747,2016,613292.0,0.0,2.086184,0.724318,KOR,JOR,8544
3352283,122,113,1747,2016,0.0,21176190.0,-0.31188,-1.1438620000000002,KWT,JOR,8544
3352284,124,113,1747,2016,1069099.0,0.0,0.285829,1.0818139999999998,LBN,JOR,8544
3352285,134,113,1747,2016,15467.0,0.0,-0.772795,-0.206511,MAR,JOR,8544
3352286,138,113,1747,2016,1844053.0,0.0,1.165638,0.6446649999999999,MEX,JOR,8544
3352287,153,113,1747,2016,13687.0,0.0,1.106894,0.7452840000000001,MYS,JOR,8544
3352288,162,113,1747,2016,221738.0,881.0,1.157361,1.5188540000000001,NLD,JOR,8544
3352289,167,113,1747,2016,2316513.0,0.0,-0.334782,-0.9107190000000001,OMN,JOR,8544
3352290,168,113,1747,2016,4018.0,0.0,-0.7502800000000001,0.545331,PAK,JOR,8544
3352291,177,113,1747,2016,141235.0,0.0,1.146113,1.239532,POL,JOR,8544
3352292,179,113,1747,2016,167973.0,0.0,0.519621,2.254972,PRT,JOR,8544
3352293,181,113,1747,2016,0.0,45687.0,-0.067187,0.535972,PSE,JOR,8544
3352294,183,113,1747,2016,0.0,158231.0,-0.36124,-1.106629,QAT,JOR,8544
3352295,185,113,1747,2016,95431.0,0.0,1.061259,0.9878870000000001,ROU,JOR,8544
3352296,188,113,1747,2016,6734597.0,22404725.0,0.394807,-0.638644,SAU,JOR,8544
3352297,190,113,1747,2016,0.0,14384.0,-1.216141,-1.191648,SDN,JOR,8544
3352298,192,113,1747,2016,1592.0,0.0,2.089995,0.564921,SGP,JOR,8544
3352299,206,113,1747,2016,72113.0,0.0,1.273942,0.763966,SVK,JOR,8544
3352300,207,113,1747,2016,21650.0,0.0,1.6466720000000001,0.8247680000000001,SVN,JOR,8544
3352301,208,113,1747,2016,165798.0,0.0,1.785149,0.767444,SWE,JOR,8544
3352302,212,113,1747,2016,0.0,383889.0,-0.746222,0.179918,SYR,JOR,8544
3352303,216,113,1747,2016,31558.0,0.0,1.022065,1.428082,THA,JOR,8544
3352304,223,113,1747,2016,43093.0,0.0,0.171791,1.062948,TUN,JOR,8544
3352305,224,113,1747,2016,9451490.0,1872.0,0.45364799999999994,2.478837,TUR,JOR,8544
3352306,228,113,1747,2016,35010.0,0.0,0.406901,0.637051,UKR,JOR,8544
3352307,231,113,1747,2016,2471277.0,17102.0,1.685329,0.297536,USA,JOR,8544
3352308,239,113,1747,2016,107477.0,0.0,-0.10217899999999999,1.015568,VNM,JOR,8544
3352309,249,113,1747,2016,228791.0,0.0,2.002996,1.39485,TWN,JOR,8544
3352310,250,113,1747,2016,6217474.0,5519027.0,0.773312,-0.015385,ANS,JOR,8544
3352311,2,114,1747,2016,0.0,7602.0,-1.313517,-1.262761,AGO,JPN,8544
3352312,4,114,1747,2016,0.0,2160.0,-0.534645,-0.09027,ALB,JPN,8544
3352313,7,114,1747,2016,205347.0,16079017.0,0.11037999999999999,0.045327,ARE,JPN,8544
3352314,8,114,1747,2016,18767.0,4861975.0,-0.132495,0.16353199999999998,ARG,JPN,8544
3352315,9,114,1747,2016,0.0,23544.0,-0.044982999999999995,-0.518007,ARM,JPN,8544
3352316,13,114,1747,2016,0.0,27750.0,0.19935999999999998,-0.538471,ATG,JPN,8544
3352317,14,114,1747,2016,712169.0,8395076.0,-0.25955300000000003,0.0011070000000000001,AUS,JPN,8544
3352318,15,114,1747,2016,858917.0,594224.0,1.759363,0.127262,AUT,JPN,8544
3352319,16,114,1747,2016,0.0,14299.0,-0.909744,-1.180449,AZE,JPN,8544
3352320,18,114,1747,2016,2753875.0,4150479.0,1.3102610000000001,1.214573,BEL,JPN,8544
3352321,21,114,1747,2016,0.0,33546.0,-1.0885790000000002,-1.027005,BFA,JPN,8544
3352322,22,114,1747,2016,0.0,1368309.0,-1.107523,-1.065009,BGD,JPN,8544
3352323,23,114,1747,2016,19259.0,4010735.0,0.51707,1.7329130000000001,BGR,JPN,8544
3352324,24,114,1747,2016,0.0,6045893.0,0.323348,-0.514446,BHR,JPN,8544
3352325,25,114,1747,2016,0.0,12014.0,0.605834,-0.430958,BHS,JPN,8544
3352326,26,114,1747,2016,4221.0,4711.0,0.47827700000000006,0.5643100000000001,BIH,JPN,8544
3352327,28,114,1747,2016,8432.0,3857.0,0.773807,0.827442,BLR,JPN,8544
3352328,29,114,1747,2016,0.0,10667.0,-0.527601,-0.680647,BLZ,JPN,8544
3352329,30,114,1747,2016,0.0,4004.0,0.913218,-0.62813,BMU,JPN,8544
3352330,31,114,1747,2016,0.0,257156.0,-1.061758,-1.041501,BOL,JPN,8544
3352331,32,114,1747,2016,150796.0,10443682.0,0.245919,0.661809,BRA,JPN,8544
3352332,33,114,1747,2016,0.0,26939.0,0.613282,0.06728200000000001,BRB,JPN,8544
3352333,34,114,1747,2016,0.0,20431.0,0.078764,-0.8103670000000001,BRN,JPN,8544
3352334,35,114,1747,2016,0.0,5976.0,-0.28638,-0.8311069999999999,BTN,JPN,8544
3352335,37,114,1747,2016,0.0,201027.0,-0.9927739999999999,-1.260391,BWA,JPN,8544
3352336,39,114,1747,2016,4388676.0,40506268.0,0.6579050000000001,1.12259,CAN,JPN,8544
3352337,41,114,1747,2016,9567094.0,2901900.0,2.3488689999999997,0.806291,CHE,JPN,8544
3352338,42,114,1747,2016,25342.0,998438.0,-0.385519,-0.470495,CHL,JPN,8544
3352339,43,114,1747,2016,1819577745.0,418270057.0,1.1073620000000002,1.723098,CHN,JPN,8544
3352340,44,114,1747,2016,0.0,59202.0,-0.88415,-0.8122689999999999,CIV,JPN,8544
3352341,45,114,1747,2016,0.0,38334.0,-1.086484,-1.0725559999999998,CMR,JPN,8544
3352342,46,114,1747,2016,0.0,82988.0,-1.136472,-1.109177,COD,JPN,8544
3352343,47,114,1747,2016,0.0,182.0,-0.718731,-1.0663799999999999,COG,JPN,8544
3352344,49,114,1747,2016,2189.0,849718.0,0.10205700000000001,-0.155574,COL,JPN,8544
3352345,52,114,1747,2016,813912.0,134069.0,0.204591,-0.18279600000000001,CRI,JPN,8544
3352346,54,114,1747,2016,0.0,298454.0,-0.602309,-1.0781120000000002,CUB,JPN,8544
3352347,58,114,1747,2016,2181.0,19497.0,0.40822800000000004,0.07535,CYP,JPN,8544
3352348,59,114,1747,2016,1204890.0,1816980.0,1.823627,0.552354,CZE,JPN,8544
3352349,61,114,1747,2016,53014543.0,32981060.0,2.203093,-2.24919,DEU,JPN,8544
3352350,64,114,1747,2016,720266.0,350783.0,1.117864,1.302658,DNK,JPN,8544
3352351,65,114,1747,2016,16962.0,121991.0,-0.237382,0.295389,DOM,JPN,8544
3352352,66,114,1747,2016,0.0,168216.0,-1.0202930000000001,-1.236642,DZA,JPN,8544
3352353,67,114,1747,2016,0.0,370697.0,-1.0860049999999999,-1.049065,ECU,JPN,8544
3352354,68,114,1747,2016,50186.0,1464980.0,-0.142377,1.674348,EGY,JPN,8544
3352355,71,114,1747,2016,1325284.0,3619453.0,0.765428,2.57725,ESP,JPN,8544
3352356,72,114,1747,2016,473506.0,85659.0,1.000418,1.154152,EST,JPN,8544
3352357,73,114,1747,2016,0.0,187758.0,-1.006161,-0.756472,ETH,JPN,8544
3352358,74,114,1747,2016,460508.0,1173889.0,1.581968,1.006432,FIN,JPN,8544
3352359,75,114,1747,2016,0.0,21280.0,-0.27171999999999996,0.172933,FJI,JPN,8544
3352360,77,114,1747,2016,8317034.0,7407202.0,1.476437,0.911746,FRA,JPN,8544
3352361,79,114,1747,2016,0.0,14843.0,-0.86156,-0.969134,FSM,JPN,8544
3352362,81,114,1747,2016,10441156.0,10600101.0,1.6974669999999998,0.9231299999999999,GBR,JPN,8544
3352363,82,114,1747,2016,0.0,5287.0,-0.388359,-0.51175,GEO,JPN,8544
3352364,83,114,1747,2016,0.0,71150.0,-0.945358,-0.805301,GHA,JPN,8544
3352365,85,114,1747,2016,0.0,2477.0,-1.474753,-1.215627,GIN,JPN,8544
3352366,90,114,1747,2016,193512.0,83585.0,0.12153499999999999,1.126101,GRC,JPN,8544
3352367,91,114,1747,2016,0.0,28460.0,0.6993729999999999,-0.250698,GRD,JPN,8544
3352368,93,114,1747,2016,0.0,86319.0,-0.414843,0.382162,GTM,JPN,8544
3352369,95,114,1747,2016,0.0,1208060.0,0.659809,-0.066939,GUM,JPN,8544
3352370,96,114,1747,2016,0.0,174624.0,-0.4755,-0.778335,GUY,JPN,8544
3352371,97,114,1747,2016,23375076.0,127898970.0,0.8029029999999999,1.477249,HKG,JPN,8544
3352372,99,114,1747,2016,11087.0,185692.0,-0.673741,-0.403777,HND,JPN,8544
3352373,100,114,1747,2016,19191.0,21582.0,0.8695200000000001,1.214791,HRV,JPN,8544
3352374,102,114,1747,2016,1115097.0,3957928.0,1.445281,0.8422209999999999,HUN,JPN,8544
3352375,103,114,1747,2016,568972091.0,53963329.0,-0.158496,1.492067,IDN,JPN,8544
3352376,104,114,1747,2016,24078561.0,24034587.0,0.30976,2.61043,IND,JPN,8544
3352377,106,114,1747,2016,1927582.0,1402890.0,1.445238,0.07659400000000001,IRL,JPN,8544
3352378,107,114,1747,2016,0.0,1574182.0,-0.407368,-0.23482399999999998,IRN,JPN,8544
3352379,108,114,1747,2016,0.0,6282987.0,-2.2400029999999997,-1.017174,IRQ,JPN,8544
3352380,109,114,1747,2016,0.0,53406.0,0.192448,-0.37174,ISL,JPN,8544
3352381,110,114,1747,2016,1084095.0,6679784.0,1.352275,0.67584,ISR,JPN,8544
3352382,111,114,1747,2016,1459668.0,6586375.0,1.339307,0.8549209999999999,ITA,JPN,8544
3352383,112,114,1747,2016,0.0,68513.0,-0.259972,-0.592114,JAM,JPN,8544
3352384,113,114,1747,2016,0.0,101861.0,-0.0115,0.045625,JOR,JPN,8544
3352385,115,114,1747,2016,0.0,22799.0,-0.376397,-0.553639,KAZ,JPN,8544
3352386,116,114,1747,2016,0.0,127922.0,-0.535616,0.520101,KEN,JPN,8544
3352387,117,114,1747,2016,0.0,941.0,0.010529,0.287462,KGZ,JPN,8544
3352388,118,114,1747,2016,24091895.0,2390670.0,-0.8365239999999999,-0.794615,KHM,JPN,8544
3352389,119,114,1747,2016,0.0,2506068.0,0.23475300000000002,-0.789514,KIR,JPN,8544
3352390,121,114,1747,2016,115126340.0,66437151.0,2.086184,0.724318,KOR,JPN,8544
3352391,122,114,1747,2016,3159.0,516187.0,-0.31188,-1.1438620000000002,KWT,JPN,8544
3352392,123,114,1747,2016,7427175.0,971518.0,-0.9781479999999999,-0.8272860000000001,LAO,JPN,8544
3352393,124,114,1747,2016,0.0,71648.0,0.285829,1.0818139999999998,LBN,JPN,8544
3352394,125,114,1747,2016,0.0,18840.0,-0.870345,-1.113277,LBR,JPN,8544
3352395,127,114,1747,2016,0.0,33361.0,0.397746,-0.405285,LCA,JPN,8544
3352396,128,114,1747,2016,5916852.0,2252908.0,-0.562869,0.49937,LKA,JPN,8544
3352397,129,114,1747,2016,0.0,16369.0,-0.891036,-0.807709,LSO,JPN,8544
3352398,130,114,1747,2016,70157.0,39993.0,0.706929,1.419432,LTU,JPN,8544
3352399,131,114,1747,2016,27740.0,1346472.0,1.340054,1.30224,LUX,JPN,8544
3352400,132,114,1747,2016,164034.0,51505.0,0.553592,1.19865,LVA,JPN,8544
3352401,133,114,1747,2016,3660.0,10355925.0,0.534935,0.185542,MAC,JPN,8544
3352402,134,114,1747,2016,1220963.0,2348324.0,-0.772795,-0.206511,MAR,JPN,8544
3352403,135,114,1747,2016,1125640.0,4113.0,-0.340932,-0.2839,MDA,JPN,8544
3352404,136,114,1747,2016,0.0,23818.0,-1.2672709999999998,-0.613909,MDG,JPN,8544
3352405,137,114,1747,2016,0.0,29872.0,-0.79904,-0.9720840000000001,MDV,JPN,8544
3352406,138,114,1747,2016,20226693.0,58442975.0,1.165638,0.6446649999999999,MEX,JPN,8544
3352407,139,114,1747,2016,0.0,10607.0,0.073567,-0.808307,MHL,JPN,8544
3352408,140,114,1747,2016,0.0,7835.0,0.026185000000000003,-0.20027999999999999,MKD,JPN,8544
3352409,141,114,1747,2016,0.0,357.0,-0.584863,-0.74131,MLI,JPN,8544
3352410,142,114,1747,2016,5309.0,13962.0,0.8795950000000001,-0.21689499999999998,MLT,JPN,8544
3352411,143,114,1747,2016,65965.0,2487093.0,-1.160878,-0.6042609999999999,MMR,JPN,8544
3352412,144,114,1747,2016,0.0,4623.0,-0.005084,-0.25252199999999997,MNE,JPN,8544
3352413,145,114,1747,2016,0.0,31077.0,-0.811142,-1.013252,MNG,JPN,8544
3352414,146,114,1747,2016,0.0,772248.0,0.867833,-0.68889,MNP,JPN,8544
3352415,147,114,1747,2016,0.0,26364.0,-1.333702,-1.116794,MOZ,JPN,8544
3352416,148,114,1747,2016,0.0,463.0,-1.542265,-1.318586,MRT,JPN,8544
3352417,151,114,1747,2016,0.0,19585.0,-0.24309899999999998,-0.084888,MUS,JPN,8544
3352418,152,114,1747,2016,0.0,3328.0,-1.113794,-1.172385,MWI,JPN,8544
3352419,153,114,1747,2016,52801313.0,36815666.0,1.106894,0.7452840000000001,MYS,JPN,8544
3352420,155,114,1747,2016,0.0,1770.0,-0.6256689999999999,-0.8612219999999999,NAM,JPN,8544
3352421,157,114,1747,2016,0.0,1152.0,-0.973057,-0.953672,NER,JPN,8544
3352422,159,114,1747,2016,0.0,144451.0,-1.835357,-1.286597,NGA,JPN,8544
3352423,160,114,1747,2016,0.0,780002.0,-1.0387389999999999,-0.998977,NIC,JPN,8544
3352424,162,114,1747,2016,4252747.0,18377476.0,1.157361,1.5188540000000001,NLD,JPN,8544
3352425,163,114,1747,2016,1155967.0,1725612.0,0.89891,0.297673,NOR,JPN,8544
3352426,164,114,1747,2016,0.0,36041.0,-0.37595500000000004,0.475239,NPL,JPN,8544
3352427,166,114,1747,2016,72018.0,1175225.0,0.236556,0.252918,NZL,JPN,8544
3352428,167,114,1747,2016,9738.0,1152361.0,-0.334782,-0.9107190000000001,OMN,JPN,8544
3352429,168,114,1747,2016,8945.0,3688832.0,-0.7502800000000001,0.545331,PAK,JPN,8544
3352430,169,114,1747,2016,3043.0,977315.0,0.58773,0.654145,PAN,JPN,8544
3352431,173,114,1747,2016,0.0,765390.0,-0.717529,0.007845999999999999,PER,JPN,8544
3352432,174,114,1747,2016,878709369.0,159637778.0,0.619343,0.303981,PHL,JPN,8544
3352433,175,114,1747,2016,0.0,9738.0,0.707907,-0.531396,PLW,JPN,8544
3352434,176,114,1747,2016,0.0,19871.0,-1.689987,-1.2762639999999998,PNG,JPN,8544
3352435,177,114,1747,2016,2271583.0,1899418.0,1.146113,1.239532,POL,JPN,8544
3352436,179,114,1747,2016,141423.0,1214209.0,0.519621,2.254972,PRT,JPN,8544
3352437,180,114,1747,2016,6306.0,710269.0,-0.660702,-1.0329979999999999,PRY,JPN,8544
3352438,181,114,1747,2016,0.0,7455.0,-0.067187,0.535972,PSE,JPN,8544
3352439,183,114,1747,2016,5244.0,38794832.0,-0.36124,-1.106629,QAT,JPN,8544
3352440,185,114,1747,2016,1205336.0,7406749.0,1.061259,0.9878870000000001,ROU,JPN,8544
3352441,186,114,1747,2016,413479.0,21414094.0,0.252891,0.200423,RUS,JPN,8544
3352442,187,114,1747,2016,0.0,8337.0,-0.5802149999999999,-0.568327,RWA,JPN,8544
3352443,188,114,1747,2016,14856.0,12918669.0,0.394807,-0.638644,SAU,JPN,8544
3352444,190,114,1747,2016,0.0,12669.0,-1.216141,-1.191648,SDN,JPN,8544
3352445,191,114,1747,2016,0.0,39876.0,-0.7061270000000001,-0.46532399999999996,SEN,JPN,8544
3352446,192,114,1747,2016,22645408.0,22262088.0,2.089995,0.564921,SGP,JPN,8544
3352447,195,114,1747,2016,0.0,11044.0,-0.740271,-0.881382,SLB,JPN,8544
3352448,196,114,1747,2016,0.0,65042.0,-0.184021,-0.5023920000000001,SLE,JPN,8544
3352449,197,114,1747,2016,0.0,69721.0,0.10397999999999999,0.25556599999999996,SLV,JPN,8544
3352450,201,114,1747,2016,34997.0,224821.0,0.501676,1.0447520000000001,SRB,JPN,8544
3352451,202,114,1747,2016,0.0,17753.0,-1.841894,-1.024367,SSD,JPN,8544
3352452,206,114,1747,2016,555799.0,74248.0,1.273942,0.763966,SVK,JPN,8544
3352453,207,114,1747,2016,73948.0,45918.0,1.6466720000000001,0.8247680000000001,SVN,JPN,8544
3352454,208,114,1747,2016,1571100.0,5488921.0,1.785149,0.767444,SWE,JPN,8544
3352455,211,114,1747,2016,0.0,10542.0,0.441241,-0.580767,SYC,JPN,8544
3352456,214,114,1747,2016,0.0,6446.0,-2.7867189999999997,-1.035452,TCD,JPN,8544
3352457,216,114,1747,2016,310160091.0,104108573.0,1.022065,1.428082,THA,JPN,8544
3352458,219,114,1747,2016,0.0,273444.0,-1.27494,-1.259639,TKM,JPN,8544
3352459,222,114,1747,2016,0.0,25663.0,-0.191969,-1.028843,TTO,JPN,8544
3352460,223,114,1747,2016,37863.0,372761.0,0.171791,1.062948,TUN,JPN,8544
3352461,224,114,1747,2016,764847.0,11866093.0,0.45364799999999994,2.478837,TUR,JPN,8544
3352462,226,114,1747,2016,1764.0,748040.0,-1.1008799999999999,-0.048319,TZA,JPN,8544
3352463,227,114,1747,2016,12697.0,1014280.0,-0.37745300000000004,0.525303,UGA,JPN,8544
3352464,228,114,1747,2016,97049.0,322835.0,0.406901,0.637051,UKR,JPN,8544
3352465,230,114,1747,2016,0.0,234135.0,0.098051,-0.45418400000000003,URY,JPN,8544
3352466,231,114,1747,2016,148534470.0,263457671.0,1.685329,0.297536,USA,JPN,8544
3352467,232,114,1747,2016,0.0,382607.0,-0.703465,-0.493036,UZB,JPN,8544
3352468,234,114,1747,2016,0.0,65009.0,0.157611,-0.581526,VCT,JPN,8544
3352469,236,114,1747,2016,0.0,235378.0,-0.844669,-1.164315,VEN,JPN,8544
3352470,239,114,1747,2016,1321270380.0,120234159.0,-0.10217899999999999,1.015568,VNM,JPN,8544
3352471,242,114,1747,2016,0.0,654102.0,0.576339,-0.221148,WSM,JPN,8544
3352472,243,114,1747,2016,0.0,5543.0,-1.232675,-1.205963,YEM,JPN,8544
3352473,246,114,1747,2016,21375.0,3792366.0,0.187396,1.46169,ZAF,JPN,8544
3352474,247,114,1747,2016,0.0,21172.0,-0.632437,-0.968817,ZMB,JPN,8544
3352475,249,114,1747,2016,86160374.0,83122998.0,2.002996,1.39485,TWN,JPN,8544
3352476,250,114,1747,2016,26560.0,0.0,0.773312,-0.015385,ANS,JPN,8544
3352477,3,120,1747,2016,5743.0,0.0,1.0810790000000001,-0.20086400000000001,AIA,KNA,8544
3352478,33,120,1747,2016,31299.0,0.0,0.613282,0.06728200000000001,BRB,KNA,8544
3352479,39,120,1747,2016,9541.0,0.0,0.6579050000000001,1.12259,CAN,KNA,8544
3352480,43,120,1747,2016,7594.0,0.0,1.1073620000000002,1.723098,CHN,KNA,8544
3352481,61,120,1747,2016,564288.0,0.0,2.203093,-2.24919,DEU,KNA,8544
3352482,71,120,1747,2016,0.0,7576.0,0.765428,2.57725,ESP,KNA,8544
3352483,81,120,1747,2016,219445.0,0.0,1.6974669999999998,0.9231299999999999,GBR,KNA,8544
3352484,96,120,1747,2016,1970.0,0.0,-0.4755,-0.778335,GUY,KNA,8544
3352485,97,120,1747,2016,1645.0,0.0,0.8029029999999999,1.477249,HKG,KNA,8544
3352486,111,120,1747,2016,39019.0,0.0,1.339307,0.8549209999999999,ITA,KNA,8544
3352487,169,120,1747,2016,1567.0,0.0,0.58773,0.654145,PAN,KNA,8544
3352488,177,120,1747,2016,2918.0,0.0,1.146113,1.239532,POL,KNA,8544
3352489,190,120,1747,2016,0.0,21604.0,-1.216141,-1.191648,SDN,KNA,8544
3352490,208,120,1747,2016,1165.0,0.0,1.785149,0.767444,SWE,KNA,8544
3352491,210,120,1747,2016,5098.0,0.0,1.005781,-0.871658,SXM,KNA,8544
3352492,222,120,1747,2016,26710.0,0.0,-0.191969,-1.028843,TTO,KNA,8544
3352493,231,120,1747,2016,1010597.0,6268.0,1.685329,0.297536,USA,KNA,8544
3352494,249,120,1747,2016,7791.0,0.0,2.002996,1.39485,TWN,KNA,8544
3352495,1,121,1747,2016,0.0,7761.0,-1.497486,-1.002342,AFG,KOR,8544
3352496,2,121,1747,2016,0.0,797697.0,-1.313517,-1.262761,AGO,KOR,8544
3352497,4,121,1747,2016,0.0,30271.0,-0.534645,-0.09027,ALB,KOR,8544
3352498,5,121,1747,2016,1937.0,455.0,1.06885,0.519109,AND,KOR,8544
3352499,7,121,1747,2016,11043218.0,77497404.0,0.11037999999999999,0.045327,ARE,KOR,8544
3352500,8,121,1747,2016,0.0,9713734.0,-0.132495,0.16353199999999998,ARG,KOR,8544
3352501,9,121,1747,2016,0.0,3519.0,-0.044982999999999995,-0.518007,ARM,KOR,8544
3352502,13,121,1747,2016,0.0,1106.0,0.19935999999999998,-0.538471,ATG,KOR,8544
3352503,14,121,1747,2016,332219.0,39597417.0,-0.25955300000000003,0.0011070000000000001,AUS,KOR,8544
3352504,15,121,1747,2016,912559.0,1928554.0,1.759363,0.127262,AUT,KOR,8544
3352505,16,121,1747,2016,0.0,3573330.0,-0.909744,-1.180449,AZE,KOR,8544
3352506,18,121,1747,2016,2108114.0,910869.0,1.3102610000000001,1.214573,BEL,KOR,8544
3352507,21,121,1747,2016,0.0,6432.0,-1.0885790000000002,-1.027005,BFA,KOR,8544
3352508,22,121,1747,2016,0.0,7670545.0,-1.107523,-1.065009,BGD,KOR,8544
3352509,23,121,1747,2016,447113.0,50741.0,0.51707,1.7329130000000001,BGR,KOR,8544
3352510,24,121,1747,2016,20162.0,10892045.0,0.323348,-0.514446,BHR,KOR,8544
3352511,26,121,1747,2016,0.0,22625.0,0.47827700000000006,0.5643100000000001,BIH,KOR,8544
3352512,28,121,1747,2016,7396.0,9367.0,0.773807,0.827442,BLR,KOR,8544
3352513,30,121,1747,2016,0.0,1561.0,0.913218,-0.62813,BMU,KOR,8544
3352514,31,121,1747,2016,6791.0,44380.0,-1.061758,-1.041501,BOL,KOR,8544
3352515,32,121,1747,2016,172868.0,10522842.0,0.245919,0.661809,BRA,KOR,8544
3352516,33,121,1747,2016,0.0,3957.0,0.613282,0.06728200000000001,BRB,KOR,8544
3352517,34,121,1747,2016,0.0,501168.0,0.078764,-0.8103670000000001,BRN,KOR,8544
3352518,37,121,1747,2016,0.0,756233.0,-0.9927739999999999,-1.260391,BWA,KOR,8544
3352519,39,121,1747,2016,3741255.0,21601565.0,0.6579050000000001,1.12259,CAN,KOR,8544
3352520,41,121,1747,2016,6593403.0,1127965.0,2.3488689999999997,0.806291,CHE,KOR,8544
3352521,42,121,1747,2016,187240.0,10345610.0,-0.385519,-0.470495,CHL,KOR,8544
3352522,43,121,1747,2016,1812942543.0,848629175.0,1.1073620000000002,1.723098,CHN,KOR,8544
3352523,44,121,1747,2016,0.0,14152.0,-0.88415,-0.8122689999999999,CIV,KOR,8544
3352524,45,121,1747,2016,0.0,16465.0,-1.086484,-1.0725559999999998,CMR,KOR,8544
3352525,46,121,1747,2016,0.0,48643.0,-1.136472,-1.109177,COD,KOR,8544
3352526,47,121,1747,2016,0.0,652213.0,-0.718731,-1.0663799999999999,COG,KOR,8544
3352527,49,121,1747,2016,0.0,9003001.0,0.10205700000000001,-0.155574,COL,KOR,8544
3352528,52,121,1747,2016,535958.0,679754.0,0.204591,-0.18279600000000001,CRI,KOR,8544
3352529,54,121,1747,2016,0.0,219610.0,-0.602309,-1.0781120000000002,CUB,KOR,8544
3352530,57,121,1747,2016,0.0,1374.0,1.045587,-0.779983,CYM,KOR,8544
3352531,58,121,1747,2016,0.0,177045.0,0.40822800000000004,0.07535,CYP,KOR,8544
3352532,59,121,1747,2016,1898628.0,8211180.0,1.823627,0.552354,CZE,KOR,8544
3352533,61,121,1747,2016,45876681.0,14845341.0,2.203093,-2.24919,DEU,KOR,8544
3352534,62,121,1747,2016,0.0,70333.0,-0.032607,-0.549622,DJI,KOR,8544
3352535,63,121,1747,2016,0.0,110811.0,0.162751,-0.307303,DMA,KOR,8544
3352536,64,121,1747,2016,813552.0,2185776.0,1.117864,1.302658,DNK,KOR,8544
3352537,65,121,1747,2016,1323.0,592537.0,-0.237382,0.295389,DOM,KOR,8544
3352538,66,121,1747,2016,0.0,25870093.0,-1.0202930000000001,-1.236642,DZA,KOR,8544
3352539,67,121,1747,2016,0.0,2511112.0,-1.0860049999999999,-1.049065,ECU,KOR,8544
3352540,68,121,1747,2016,40890.0,6484143.0,-0.142377,1.674348,EGY,KOR,8544
3352541,71,121,1747,2016,3084300.0,5931294.0,0.765428,2.57725,ESP,KOR,8544
3352542,72,121,1747,2016,124732.0,456292.0,1.000418,1.154152,EST,KOR,8544
3352543,73,121,1747,2016,0.0,388608.0,-1.006161,-0.756472,ETH,KOR,8544
3352544,74,121,1747,2016,844063.0,42620.0,1.581968,1.006432,FIN,KOR,8544
3352545,75,121,1747,2016,0.0,736230.0,-0.27171999999999996,0.172933,FJI,KOR,8544
3352546,77,121,1747,2016,5632515.0,8255185.0,1.476437,0.911746,FRA,KOR,8544
3352547,80,121,1747,2016,0.0,48969.0,-1.530568,-1.254999,GAB,KOR,8544
3352548,81,121,1747,2016,6701478.0,21946127.0,1.6974669999999998,0.9231299999999999,GBR,KOR,8544
3352549,82,121,1747,2016,0.0,41392.0,-0.388359,-0.51175,GEO,KOR,8544
3352550,83,121,1747,2016,0.0,405235.0,-0.945358,-0.805301,GHA,KOR,8544
3352551,85,121,1747,2016,0.0,395269.0,-1.474753,-1.215627,GIN,KOR,8544
3352552,89,121,1747,2016,0.0,860382.0,-1.766286,-0.9607709999999999,GNQ,KOR,8544
3352553,90,121,1747,2016,24479.0,167346.0,0.12153499999999999,1.126101,GRC,KOR,8544
3352554,93,121,1747,2016,0.0,163355.0,-0.414843,0.382162,GTM,KOR,8544
3352555,95,121,1747,2016,0.0,435383.0,0.659809,-0.066939,GUM,KOR,8544
3352556,96,121,1747,2016,0.0,12000.0,-0.4755,-0.778335,GUY,KOR,8544
3352557,97,121,1747,2016,4607351.0,26132607.0,0.8029029999999999,1.477249,HKG,KOR,8544
3352558,99,121,1747,2016,183935.0,32716803.0,-0.673741,-0.403777,HND,KOR,8544
3352559,100,121,1747,2016,195561.0,86701.0,0.8695200000000001,1.214791,HRV,KOR,8544
3352560,101,121,1747,2016,0.0,330361.0,-1.30976,-1.010181,HTI,KOR,8544
3352561,102,121,1747,2016,1109980.0,2287241.0,1.445281,0.8422209999999999,HUN,KOR,8544
3352562,103,121,1747,2016,17653782.0,46482485.0,-0.158496,1.492067,IDN,KOR,8544
3352563,104,121,1747,2016,3499041.0,87545248.0,0.30976,2.61043,IND,KOR,8544
3352564,106,121,1747,2016,558584.0,641132.0,1.445238,0.07659400000000001,IRL,KOR,8544
3352565,107,121,1747,2016,0.0,5496323.0,-0.407368,-0.23482399999999998,IRN,KOR,8544
3352566,108,121,1747,2016,0.0,96972357.0,-2.2400029999999997,-1.017174,IRQ,KOR,8544
3352567,109,121,1747,2016,0.0,19895.0,0.192448,-0.37174,ISL,KOR,8544
3352568,110,121,1747,2016,1866584.0,3078042.0,1.352275,0.67584,ISR,KOR,8544
3352569,111,121,1747,2016,2631939.0,3087416.0,1.339307,0.8549209999999999,ITA,KOR,8544
3352570,112,121,1747,2016,0.0,1174.0,-0.259972,-0.592114,JAM,KOR,8544
3352571,113,121,1747,2016,0.0,613292.0,-0.0115,0.045625,JOR,KOR,8544
3352572,114,121,1747,2016,66437151.0,115126340.0,2.574025,-0.34859,JPN,KOR,8544
3352573,115,121,1747,2016,27680.0,12847243.0,-0.376397,-0.553639,KAZ,KOR,8544
3352574,116,121,1747,2016,0.0,233144.0,-0.535616,0.520101,KEN,KOR,8544
3352575,117,121,1747,2016,0.0,73588.0,0.010529,0.287462,KGZ,KOR,8544
3352576,118,121,1747,2016,20061327.0,10493862.0,-0.8365239999999999,-0.794615,KHM,KOR,8544
3352577,119,121,1747,2016,0.0,1666.0,0.23475300000000002,-0.789514,KIR,KOR,8544
3352578,122,121,1747,2016,0.0,19866367.0,-0.31188,-1.1438620000000002,KWT,KOR,8544
3352579,123,121,1747,2016,0.0,36293.0,-0.9781479999999999,-0.8272860000000001,LAO,KOR,8544
3352580,124,121,1747,2016,0.0,405132.0,0.285829,1.0818139999999998,LBN,KOR,8544
3352581,126,121,1747,2016,0.0,106603.0,-1.021925,-1.2316790000000002,LBY,KOR,8544
3352582,128,121,1747,2016,4822.0,1360346.0,-0.562869,0.49937,LKA,KOR,8544
3352583,130,121,1747,2016,3346.0,46311.0,0.706929,1.419432,LTU,KOR,8544
3352584,131,121,1747,2016,18986.0,3126.0,1.340054,1.30224,LUX,KOR,8544
3352585,132,121,1747,2016,16780.0,165679.0,0.553592,1.19865,LVA,KOR,8544
3352586,133,121,1747,2016,101374.0,1350788.0,0.534935,0.185542,MAC,KOR,8544
3352587,134,121,1747,2016,247510.0,13896229.0,-0.772795,-0.206511,MAR,KOR,8544
3352588,135,121,1747,2016,1877.0,2296.0,-0.340932,-0.2839,MDA,KOR,8544
3352589,136,121,1747,2016,0.0,5174.0,-1.2672709999999998,-0.613909,MDG,KOR,8544
3352590,137,121,1747,2016,0.0,6537.0,-0.79904,-0.9720840000000001,MDV,KOR,8544
3352591,138,121,1747,2016,10370218.0,182181910.0,1.165638,0.6446649999999999,MEX,KOR,8544
3352592,140,121,1747,2016,0.0,4666.0,0.026185000000000003,-0.20027999999999999,MKD,KOR,8544
3352593,141,121,1747,2016,0.0,62567.0,-0.584863,-0.74131,MLI,KOR,8544
3352594,142,121,1747,2016,6489.0,5546.0,0.8795950000000001,-0.21689499999999998,MLT,KOR,8544
3352595,143,121,1747,2016,62594.0,14152954.0,-1.160878,-0.6042609999999999,MMR,KOR,8544
3352596,144,121,1747,2016,0.0,119929.0,-0.005084,-0.25252199999999997,MNE,KOR,8544
3352597,145,121,1747,2016,1458.0,2408864.0,-0.811142,-1.013252,MNG,KOR,8544
3352598,146,121,1747,2016,0.0,54399.0,0.867833,-0.68889,MNP,KOR,8544
3352599,147,121,1747,2016,0.0,486827.0,-1.333702,-1.116794,MOZ,KOR,8544
3352600,151,121,1747,2016,0.0,184456.0,-0.24309899999999998,-0.084888,MUS,KOR,8544
3352601,153,121,1747,2016,12770891.0,17513715.0,1.106894,0.7452840000000001,MYS,KOR,8544
3352602,159,121,1747,2016,3225.0,841790.0,-1.835357,-1.286597,NGA,KOR,8544
3352603,160,121,1747,2016,6625.0,1609657.0,-1.0387389999999999,-0.998977,NIC,KOR,8544
3352604,162,121,1747,2016,5197032.0,8143454.0,1.157361,1.5188540000000001,NLD,KOR,8544
3352605,163,121,1747,2016,4969808.0,4535744.0,0.89891,0.297673,NOR,KOR,8544
3352606,164,121,1747,2016,0.0,4075.0,-0.37595500000000004,0.475239,NPL,KOR,8544
3352607,166,121,1747,2016,11682.0,2074798.0,0.236556,0.252918,NZL,KOR,8544
3352608,167,121,1747,2016,0.0,12189254.0,-0.334782,-0.9107190000000001,OMN,KOR,8544
3352609,168,121,1747,2016,0.0,10641437.0,-0.7502800000000001,0.545331,PAK,KOR,8544
3352610,169,121,1747,2016,0.0,773273.0,0.58773,0.654145,PAN,KOR,8544
3352611,173,121,1747,2016,0.0,6801087.0,-0.717529,0.007845999999999999,PER,KOR,8544
3352612,174,121,1747,2016,77742431.0,98430720.0,0.619343,0.303981,PHL,KOR,8544
3352613,175,121,1747,2016,0.0,2004.0,0.707907,-0.531396,PLW,KOR,8544
3352614,176,121,1747,2016,0.0,8535.0,-1.689987,-1.2762639999999998,PNG,KOR,8544
3352615,177,121,1747,2016,1258876.0,21922387.0,1.146113,1.239532,POL,KOR,8544
3352616,179,121,1747,2016,1135461.0,5379780.0,0.519621,2.254972,PRT,KOR,8544
3352617,180,121,1747,2016,7152.0,8320435.0,-0.660702,-1.0329979999999999,PRY,KOR,8544
3352618,181,121,1747,2016,4304.0,3900.0,-0.067187,0.535972,PSE,KOR,8544
3352619,183,121,1747,2016,14044.0,10352872.0,-0.36124,-1.106629,QAT,KOR,8544
3352620,185,121,1747,2016,1437804.0,3887333.0,1.061259,0.9878870000000001,ROU,KOR,8544
3352621,186,121,1747,2016,284912.0,16951894.0,0.252891,0.200423,RUS,KOR,8544
3352622,187,121,1747,2016,0.0,876893.0,-0.5802149999999999,-0.568327,RWA,KOR,8544
3352623,188,121,1747,2016,77577.0,148690462.0,0.394807,-0.638644,SAU,KOR,8544
3352624,190,121,1747,2016,0.0,29408.0,-1.216141,-1.191648,SDN,KOR,8544
3352625,191,121,1747,2016,0.0,14603.0,-0.7061270000000001,-0.46532399999999996,SEN,KOR,8544
3352626,192,121,1747,2016,9484751.0,78164521.0,2.089995,0.564921,SGP,KOR,8544
3352627,196,121,1747,2016,1204.0,0.0,-0.184021,-0.5023920000000001,SLE,KOR,8544
3352628,197,121,1747,2016,0.0,39921.0,0.10397999999999999,0.25556599999999996,SLV,KOR,8544
3352629,201,121,1747,2016,26263.0,5358283.0,0.501676,1.0447520000000001,SRB,KOR,8544
3352630,206,121,1747,2016,1115260.0,14410438.0,1.273942,0.763966,SVK,KOR,8544
3352631,207,121,1747,2016,30300.0,11314299.0,1.6466720000000001,0.8247680000000001,SVN,KOR,8544
3352632,208,121,1747,2016,7441950.0,3461509.0,1.785149,0.767444,SWE,KOR,8544
3352633,211,121,1747,2016,0.0,3836.0,0.441241,-0.580767,SYC,KOR,8544
3352634,216,121,1747,2016,1836398.0,51644153.0,1.022065,1.428082,THA,KOR,8544
3352635,217,121,1747,2016,0.0,44220.0,-1.0791549999999999,-1.137941,TJK,KOR,8544
3352636,219,121,1747,2016,0.0,15880774.0,-1.27494,-1.259639,TKM,KOR,8544
3352637,220,121,1747,2016,0.0,35162.0,-0.737023,-0.908582,TLS,KOR,8544
3352638,223,121,1747,2016,175428.0,635294.0,0.171791,1.062948,TUN,KOR,8544
3352639,224,121,1747,2016,1033844.0,34937219.0,0.45364799999999994,2.478837,TUR,KOR,8544
3352640,226,121,1747,2016,0.0,201322.0,-1.1008799999999999,-0.048319,TZA,KOR,8544
3352641,227,121,1747,2016,0.0,1369.0,-0.37745300000000004,0.525303,UGA,KOR,8544
3352642,228,121,1747,2016,36926.0,383271.0,0.406901,0.637051,UKR,KOR,8544
3352643,230,121,1747,2016,0.0,19219391.0,0.098051,-0.45418400000000003,URY,KOR,8544
3352644,231,121,1747,2016,88621808.0,155489636.0,1.685329,0.297536,USA,KOR,8544
3352645,232,121,1747,2016,276786.0,14043305.0,-0.703465,-0.493036,UZB,KOR,8544
3352646,234,121,1747,2016,0.0,4096.0,0.157611,-0.581526,VCT,KOR,8544
3352647,236,121,1747,2016,0.0,8521327.0,-0.844669,-1.164315,VEN,KOR,8544
3352648,239,121,1747,2016,111357217.0,117158081.0,-0.10217899999999999,1.015568,VNM,KOR,8544
3352649,246,121,1747,2016,2609651.0,2405601.0,0.187396,1.46169,ZAF,KOR,8544
3352650,247,121,1747,2016,0.0,48753.0,-0.632437,-0.968817,ZMB,KOR,8544
3352651,248,121,1747,2016,0.0,8968.0,-1.083532,-1.0016610000000001,ZWE,KOR,8544
3352652,249,121,1747,2016,5584767.0,32211092.0,2.002996,1.39485,TWN,KOR,8544
3352653,250,121,1747,2016,3301.0,0.0,0.773312,-0.015385,ANS,KOR,8544
3352654,7,122,1747,2016,80298542.0,4481880.0,0.11037999999999999,0.045327,ARE,KWT,8544
3352655,14,122,1747,2016,18883.0,1368.0,-0.25955300000000003,0.0011070000000000001,AUS,KWT,8544
3352656,15,122,1747,2016,62537.0,0.0,1.759363,0.127262,AUT,KWT,8544
3352657,18,122,1747,2016,1383266.0,42483.0,1.3102610000000001,1.214573,BEL,KWT,8544
3352658,23,122,1747,2016,5975.0,0.0,0.51707,1.7329130000000001,BGR,KWT,8544
3352659,24,122,1747,2016,60253.0,5767870.0,0.323348,-0.514446,BHR,KWT,8544
3352660,32,122,1747,2016,5761.0,0.0,0.245919,0.661809,BRA,KWT,8544
3352661,39,122,1747,2016,182717.0,0.0,0.6579050000000001,1.12259,CAN,KWT,8544
3352662,41,122,1747,2016,277792.0,0.0,2.3488689999999997,0.806291,CHE,KWT,8544
3352663,43,122,1747,2016,43838239.0,0.0,1.1073620000000002,1.723098,CHN,KWT,8544
3352664,45,122,1747,2016,4740.0,0.0,-1.086484,-1.0725559999999998,CMR,KWT,8544
3352665,49,122,1747,2016,8070.0,0.0,0.10205700000000001,-0.155574,COL,KWT,8544
3352666,52,122,1747,2016,26309.0,0.0,0.204591,-0.18279600000000001,CRI,KWT,8544
3352667,59,122,1747,2016,641187.0,1993.0,1.823627,0.552354,CZE,KWT,8544
3352668,61,122,1747,2016,4228273.0,1770.0,2.203093,-2.24919,DEU,KWT,8544
3352669,64,122,1747,2016,128038.0,0.0,1.117864,1.302658,DNK,KWT,8544
3352670,65,122,1747,2016,1019.0,0.0,-0.237382,0.295389,DOM,KWT,8544
3352671,67,122,1747,2016,11672.0,0.0,-1.0860049999999999,-1.049065,ECU,KWT,8544
3352672,68,122,1747,2016,36165149.0,49773.0,-0.142377,1.674348,EGY,KWT,8544
3352673,71,122,1747,2016,4234658.0,0.0,0.765428,2.57725,ESP,KWT,8544
3352674,72,122,1747,2016,44947.0,0.0,1.000418,1.154152,EST,KWT,8544
3352675,74,122,1747,2016,48818.0,0.0,1.581968,1.006432,FIN,KWT,8544
3352676,77,122,1747,2016,343054.0,0.0,1.476437,0.911746,FRA,KWT,8544
3352677,80,122,1747,2016,1526.0,0.0,-1.530568,-1.254999,GAB,KWT,8544
3352678,81,122,1747,2016,3482324.0,7308.0,1.6974669999999998,0.9231299999999999,GBR,KWT,8544
3352679,97,122,1747,2016,118472.0,87823.0,0.8029029999999999,1.477249,HKG,KWT,8544
3352680,100,122,1747,2016,25144.0,0.0,0.8695200000000001,1.214791,HRV,KWT,8544
3352681,102,122,1747,2016,209387.0,0.0,1.445281,0.8422209999999999,HUN,KWT,8544
3352682,103,122,1747,2016,105974.0,0.0,-0.158496,1.492067,IDN,KWT,8544
3352683,104,122,1747,2016,48782550.0,1297115.0,0.30976,2.61043,IND,KWT,8544
3352684,106,122,1747,2016,484959.0,0.0,1.445238,0.07659400000000001,IRL,KWT,8544
3352685,107,122,1747,2016,12184.0,0.0,-0.407368,-0.23482399999999998,IRN,KWT,8544
3352686,108,122,1747,2016,3533.0,156300.0,-2.2400029999999997,-1.017174,IRQ,KWT,8544
3352687,111,122,1747,2016,4731009.0,0.0,1.339307,0.8549209999999999,ITA,KWT,8544
3352688,113,122,1747,2016,21176190.0,0.0,-0.0115,0.045625,JOR,KWT,8544
3352689,114,122,1747,2016,516187.0,3159.0,2.574025,-0.34859,JPN,KWT,8544
3352690,116,122,1747,2016,0.0,666.0,-0.535616,0.520101,KEN,KWT,8544
3352691,121,122,1747,2016,19866367.0,0.0,2.086184,0.724318,KOR,KWT,8544
3352692,124,122,1747,2016,8516427.0,0.0,0.285829,1.0818139999999998,LBN,KWT,8544
3352693,128,122,1747,2016,11104.0,0.0,-0.562869,0.49937,LKA,KWT,8544
3352694,130,122,1747,2016,6382.0,0.0,0.706929,1.419432,LTU,KWT,8544
3352695,131,122,1747,2016,55500.0,0.0,1.340054,1.30224,LUX,KWT,8544
3352696,132,122,1747,2016,318523.0,0.0,0.553592,1.19865,LVA,KWT,8544
3352697,134,122,1747,2016,9795.0,0.0,-0.772795,-0.206511,MAR,KWT,8544
3352698,138,122,1747,2016,901580.0,0.0,1.165638,0.6446649999999999,MEX,KWT,8544
3352699,142,122,1747,2016,280448.0,0.0,0.8795950000000001,-0.21689499999999998,MLT,KWT,8544
3352700,153,122,1747,2016,703619.0,0.0,1.106894,0.7452840000000001,MYS,KWT,8544
3352701,159,122,1747,2016,1066.0,1896.0,-1.835357,-1.286597,NGA,KWT,8544
3352702,160,122,1747,2016,1559.0,0.0,-1.0387389999999999,-0.998977,NIC,KWT,8544
3352703,162,122,1747,2016,5141154.0,5586.0,1.157361,1.5188540000000001,NLD,KWT,8544
3352704,163,122,1747,2016,18538.0,0.0,0.89891,0.297673,NOR,KWT,8544
3352705,167,122,1747,2016,36514002.0,144860.0,-0.334782,-0.9107190000000001,OMN,KWT,8544
3352706,168,122,1747,2016,11790.0,1352.0,-0.7502800000000001,0.545331,PAK,KWT,8544
3352707,174,122,1747,2016,29716.0,0.0,0.619343,0.303981,PHL,KWT,8544
3352708,177,122,1747,2016,1131057.0,0.0,1.146113,1.239532,POL,KWT,8544
3352709,179,122,1747,2016,26365.0,0.0,0.519621,2.254972,PRT,KWT,8544
3352710,183,122,1747,2016,303204.0,618265.0,-0.36124,-1.106629,QAT,KWT,8544
3352711,185,122,1747,2016,96753.0,0.0,1.061259,0.9878870000000001,ROU,KWT,8544
3352712,186,122,1747,2016,3351756.0,0.0,0.252891,0.200423,RUS,KWT,8544
3352713,188,122,1747,2016,57711622.0,139881.0,0.394807,-0.638644,SAU,KWT,8544
3352714,190,122,1747,2016,0.0,840.0,-1.216141,-1.191648,SDN,KWT,8544
3352715,192,122,1747,2016,734878.0,0.0,2.089995,0.564921,SGP,KWT,8544
3352716,201,122,1747,2016,19664.0,0.0,0.501676,1.0447520000000001,SRB,KWT,8544
3352717,206,122,1747,2016,1061058.0,0.0,1.273942,0.763966,SVK,KWT,8544
3352718,207,122,1747,2016,5825.0,0.0,1.6466720000000001,0.8247680000000001,SVN,KWT,8544
3352719,208,122,1747,2016,215415.0,0.0,1.785149,0.767444,SWE,KWT,8544
3352720,209,122,1747,2016,42781.0,0.0,0.2785,-0.43804799999999994,SWZ,KWT,8544
3352721,216,122,1747,2016,116351.0,0.0,1.022065,1.428082,THA,KWT,8544
3352722,223,122,1747,2016,13929.0,0.0,0.171791,1.062948,TUN,KWT,8544
3352723,224,122,1747,2016,10012231.0,0.0,0.45364799999999994,2.478837,TUR,KWT,8544
3352724,228,122,1747,2016,7532.0,0.0,0.406901,0.637051,UKR,KWT,8544
3352725,231,122,1747,2016,18574086.0,7410.0,1.685329,0.297536,USA,KWT,8544
3352726,239,122,1747,2016,307053.0,0.0,-0.10217899999999999,1.015568,VNM,KWT,8544
3352727,246,122,1747,2016,11026.0,0.0,0.187396,1.46169,ZAF,KWT,8544
3352728,249,122,1747,2016,3069721.0,0.0,2.002996,1.39485,TWN,KWT,8544
3352729,250,122,1747,2016,206327.0,0.0,0.773312,-0.015385,ANS,KWT,8544
3352730,2,138,1747,2016,0.0,238321.0,-1.313517,-1.262761,AGO,MEX,8544
3352731,4,138,1747,2016,0.0,2313.0,-0.534645,-0.09027,ALB,MEX,8544
3352732,7,138,1747,2016,174744.0,4092582.0,0.11037999999999999,0.045327,ARE,MEX,8544
3352733,8,138,1747,2016,640158.0,9347808.0,-0.132495,0.16353199999999998,ARG,MEX,8544
3352734,9,138,1747,2016,0.0,20383.0,-0.044982999999999995,-0.518007,ARM,MEX,8544
3352735,13,138,1747,2016,0.0,1285.0,0.19935999999999998,-0.538471,ATG,MEX,8544
3352736,14,138,1747,2016,184984.0,15860104.0,-0.25955300000000003,0.0011070000000000001,AUS,MEX,8544
3352737,15,138,1747,2016,9636120.0,2568996.0,1.759363,0.127262,AUT,MEX,8544
3352738,16,138,1747,2016,0.0,289339.0,-0.909744,-1.180449,AZE,MEX,8544
3352739,18,138,1747,2016,3720542.0,3404798.0,1.3102610000000001,1.214573,BEL,MEX,8544
3352740,21,138,1747,2016,0.0,121608.0,-1.0885790000000002,-1.027005,BFA,MEX,8544
3352741,23,138,1747,2016,100146.0,0.0,0.51707,1.7329130000000001,BGR,MEX,8544
3352742,24,138,1747,2016,0.0,93613.0,0.323348,-0.514446,BHR,MEX,8544
3352743,25,138,1747,2016,0.0,96699.0,0.605834,-0.430958,BHS,MEX,8544
3352744,26,138,1747,2016,0.0,23962.0,0.47827700000000006,0.5643100000000001,BIH,MEX,8544
3352745,28,138,1747,2016,0.0,44011.0,0.773807,0.827442,BLR,MEX,8544
3352746,29,138,1747,2016,0.0,37339.0,-0.527601,-0.680647,BLZ,MEX,8544
3352747,30,138,1747,2016,0.0,8023.0,0.913218,-0.62813,BMU,MEX,8544
3352748,31,138,1747,2016,0.0,354158.0,-1.061758,-1.041501,BOL,MEX,8544
3352749,32,138,1747,2016,24766614.0,31804107.0,0.245919,0.661809,BRA,MEX,8544
3352750,33,138,1747,2016,0.0,606615.0,0.613282,0.06728200000000001,BRB,MEX,8544
3352751,34,138,1747,2016,0.0,488.0,0.078764,-0.8103670000000001,BRN,MEX,8544
3352752,37,138,1747,2016,2975.0,0.0,-0.9927739999999999,-1.260391,BWA,MEX,8544
3352753,39,138,1747,2016,4863855.0,793193837.0,0.6579050000000001,1.12259,CAN,MEX,8544
3352754,41,138,1747,2016,3599065.0,931411.0,2.3488689999999997,0.806291,CHE,MEX,8544
3352755,42,138,1747,2016,1090371.0,7194942.0,-0.385519,-0.470495,CHL,MEX,8544
3352756,43,138,1747,2016,324759219.0,58721424.0,1.1073620000000002,1.723098,CHN,MEX,8544
3352757,44,138,1747,2016,0.0,45177.0,-0.88415,-0.8122689999999999,CIV,MEX,8544
3352758,45,138,1747,2016,0.0,11130.0,-1.086484,-1.0725559999999998,CMR,MEX,8544
3352759,46,138,1747,2016,0.0,77899.0,-1.136472,-1.109177,COD,MEX,8544
3352760,47,138,1747,2016,0.0,5665.0,-0.718731,-1.0663799999999999,COG,MEX,8544
3352761,49,138,1747,2016,799034.0,33638499.0,0.10205700000000001,-0.155574,COL,MEX,8544
3352762,52,138,1747,2016,4184757.0,18709102.0,0.204591,-0.18279600000000001,CRI,MEX,8544
3352763,54,138,1747,2016,0.0,1403243.0,-0.602309,-1.0781120000000002,CUB,MEX,8544
3352764,55,138,1747,2016,0.0,9412.0,0.232855,-0.7864260000000001,CUW,MEX,8544
3352765,58,138,1747,2016,1055.0,5431.0,0.40822800000000004,0.07535,CYP,MEX,8544
3352766,59,138,1747,2016,13495141.0,2518172.0,1.823627,0.552354,CZE,MEX,8544
3352767,61,138,1747,2016,126900599.0,64168127.0,2.203093,-2.24919,DEU,MEX,8544
3352768,64,138,1747,2016,634949.0,208799.0,1.117864,1.302658,DNK,MEX,8544
3352769,65,138,1747,2016,2468615.0,4623967.0,-0.237382,0.295389,DOM,MEX,8544
3352770,66,138,1747,2016,2383.0,490401.0,-1.0202930000000001,-1.236642,DZA,MEX,8544
3352771,67,138,1747,2016,42075.0,1850850.0,-1.0860049999999999,-1.049065,ECU,MEX,8544
3352772,68,138,1747,2016,1033625.0,105942.0,-0.142377,1.674348,EGY,MEX,8544
3352773,71,138,1747,2016,31618698.0,5004892.0,0.765428,2.57725,ESP,MEX,8544
3352774,72,138,1747,2016,1632150.0,41271.0,1.000418,1.154152,EST,MEX,8544
3352775,73,138,1747,2016,0.0,15004.0,-1.006161,-0.756472,ETH,MEX,8544
3352776,74,138,1747,2016,461807.0,503184.0,1.581968,1.006432,FIN,MEX,8544
3352777,77,138,1747,2016,41166928.0,63459702.0,1.476437,0.911746,FRA,MEX,8544
3352778,81,138,1747,2016,2056402.0,35297933.0,1.6974669999999998,0.9231299999999999,GBR,MEX,8544
3352779,82,138,1747,2016,1793.0,0.0,-0.388359,-0.51175,GEO,MEX,8544
3352780,85,138,1747,2016,0.0,1167.0,-1.474753,-1.215627,GIN,MEX,8544
3352781,90,138,1747,2016,4149.0,25456.0,0.12153499999999999,1.126101,GRC,MEX,8544
3352782,91,138,1747,2016,0.0,5870.0,0.6993729999999999,-0.250698,GRD,MEX,8544
3352783,93,138,1747,2016,50046.0,32046867.0,-0.414843,0.382162,GTM,MEX,8544
3352784,96,138,1747,2016,0.0,68118.0,-0.4755,-0.778335,GUY,MEX,8544
3352785,97,138,1747,2016,8528324.0,3707584.0,0.8029029999999999,1.477249,HKG,MEX,8544
3352786,99,138,1747,2016,29806326.0,27657564.0,-0.673741,-0.403777,HND,MEX,8544
3352787,100,138,1747,2016,3413.0,4561.0,0.8695200000000001,1.214791,HRV,MEX,8544
3352788,101,138,1747,2016,0.0,743213.0,-1.30976,-1.010181,HTI,MEX,8544
3352789,102,138,1747,2016,7351747.0,915168.0,1.445281,0.8422209999999999,HUN,MEX,8544
3352790,103,138,1747,2016,492942.0,1263793.0,-0.158496,1.492067,IDN,MEX,8544
3352791,104,138,1747,2016,3241553.0,5519672.0,0.30976,2.61043,IND,MEX,8544
3352792,106,138,1747,2016,85096.0,1922369.0,1.445238,0.07659400000000001,IRL,MEX,8544
3352793,109,138,1747,2016,0.0,2217.0,0.192448,-0.37174,ISL,MEX,8544
3352794,110,138,1747,2016,753912.0,320275.0,1.352275,0.67584,ISR,MEX,8544
3352795,111,138,1747,2016,6362909.0,3239553.0,1.339307,0.8549209999999999,ITA,MEX,8544
3352796,112,138,1747,2016,0.0,3517938.0,-0.259972,-0.592114,JAM,MEX,8544
3352797,113,138,1747,2016,0.0,1844053.0,-0.0115,0.045625,JOR,MEX,8544
3352798,114,138,1747,2016,58442975.0,20226693.0,2.574025,-0.34859,JPN,MEX,8544
3352799,115,138,1747,2016,0.0,200051.0,-0.376397,-0.553639,KAZ,MEX,8544
3352800,116,138,1747,2016,0.0,10120.0,-0.535616,0.520101,KEN,MEX,8544
3352801,117,138,1747,2016,0.0,67889.0,0.010529,0.287462,KGZ,MEX,8544
3352802,118,138,1747,2016,0.0,6395.0,-0.8365239999999999,-0.794615,KHM,MEX,8544
3352803,121,138,1747,2016,182181910.0,10370218.0,2.086184,0.724318,KOR,MEX,8544
3352804,122,138,1747,2016,0.0,901580.0,-0.31188,-1.1438620000000002,KWT,MEX,8544
3352805,124,138,1747,2016,0.0,47395.0,0.285829,1.0818139999999998,LBN,MEX,8544
3352806,127,138,1747,2016,0.0,28270.0,0.397746,-0.405285,LCA,MEX,8544
3352807,128,138,1747,2016,4406755.0,10216.0,-0.562869,0.49937,LKA,MEX,8544
3352808,130,138,1747,2016,978221.0,24953.0,0.706929,1.419432,LTU,MEX,8544
3352809,131,138,1747,2016,87200.0,4727.0,1.340054,1.30224,LUX,MEX,8544
3352810,132,138,1747,2016,164286.0,1363.0,0.553592,1.19865,LVA,MEX,8544
3352811,134,138,1747,2016,725847.0,2949044.0,-0.772795,-0.206511,MAR,MEX,8544
3352812,135,138,1747,2016,0.0,9762.0,-0.340932,-0.2839,MDA,MEX,8544
3352813,136,138,1747,2016,0.0,53531.0,-1.2672709999999998,-0.613909,MDG,MEX,8544
3352814,140,138,1747,2016,0.0,16292.0,0.026185000000000003,-0.20027999999999999,MKD,MEX,8544
3352815,141,138,1747,2016,0.0,7854.0,-0.584863,-0.74131,MLI,MEX,8544
3352816,142,138,1747,2016,2509.0,1034.0,0.8795950000000001,-0.21689499999999998,MLT,MEX,8544
3352817,144,138,1747,2016,0.0,2197.0,-0.005084,-0.25252199999999997,MNE,MEX,8544
3352818,145,138,1747,2016,0.0,36395.0,-0.811142,-1.013252,MNG,MEX,8544
3352819,147,138,1747,2016,0.0,6653.0,-1.333702,-1.116794,MOZ,MEX,8544
3352820,151,138,1747,2016,0.0,15931.0,-0.24309899999999998,-0.084888,MUS,MEX,8544
3352821,153,138,1747,2016,4712244.0,3115552.0,1.106894,0.7452840000000001,MYS,MEX,8544
3352822,157,138,1747,2016,0.0,11450.0,-0.973057,-0.953672,NER,MEX,8544
3352823,159,138,1747,2016,0.0,2279.0,-1.835357,-1.286597,NGA,MEX,8544
3352824,160,138,1747,2016,469339165.0,86075577.0,-1.0387389999999999,-0.998977,NIC,MEX,8544
3352825,162,138,1747,2016,4614799.0,2479461.0,1.157361,1.5188540000000001,NLD,MEX,8544
3352826,163,138,1747,2016,302582.0,864673.0,0.89891,0.297673,NOR,MEX,8544
3352827,164,138,1747,2016,0.0,3388.0,-0.37595500000000004,0.475239,NPL,MEX,8544
3352828,166,138,1747,2016,128615.0,668486.0,0.236556,0.252918,NZL,MEX,8544
3352829,167,138,1747,2016,0.0,272029.0,-0.334782,-0.9107190000000001,OMN,MEX,8544
3352830,168,138,1747,2016,0.0,295505.0,-0.7502800000000001,0.545331,PAK,MEX,8544
3352831,169,138,1747,2016,426089.0,14450122.0,0.58773,0.654145,PAN,MEX,8544
3352832,173,138,1747,2016,86027.0,8274694.0,-0.717529,0.007845999999999999,PER,MEX,8544
3352833,174,138,1747,2016,53280568.0,1173173.0,0.619343,0.303981,PHL,MEX,8544
3352834,177,138,1747,2016,4105680.0,7088450.0,1.146113,1.239532,POL,MEX,8544
3352835,178,138,1747,2016,79215.0,0.0,-0.512374,-0.143648,PRK,MEX,8544
3352836,179,138,1747,2016,4828792.0,1052390.0,0.519621,2.254972,PRT,MEX,8544
3352837,180,138,1747,2016,1343.0,2526249.0,-0.660702,-1.0329979999999999,PRY,MEX,8544
3352838,183,138,1747,2016,0.0,782070.0,-0.36124,-1.106629,QAT,MEX,8544
3352839,185,138,1747,2016,3202246.0,5671362.0,1.061259,0.9878870000000001,ROU,MEX,8544
3352840,186,138,1747,2016,36008.0,2361568.0,0.252891,0.200423,RUS,MEX,8544
3352841,188,138,1747,2016,0.0,6970284.0,0.394807,-0.638644,SAU,MEX,8544
3352842,190,138,1747,2016,0.0,37669.0,-1.216141,-1.191648,SDN,MEX,8544
3352843,191,138,1747,2016,0.0,4448.0,-0.7061270000000001,-0.46532399999999996,SEN,MEX,8544
3352844,192,138,1747,2016,2608584.0,16995547.0,2.089995,0.564921,SGP,MEX,8544
3352845,197,138,1747,2016,11163482.0,10571255.0,0.10397999999999999,0.25556599999999996,SLV,MEX,8544
3352846,201,138,1747,2016,4558.0,240371.0,0.501676,1.0447520000000001,SRB,MEX,8544
3352847,205,138,1747,2016,0.0,15899.0,-0.7823869999999999,-1.060347,SUR,MEX,8544
3352848,206,138,1747,2016,731048.0,79313.0,1.273942,0.763966,SVK,MEX,8544
3352849,207,138,1747,2016,77014.0,460949.0,1.6466720000000001,0.8247680000000001,SVN,MEX,8544
3352850,208,138,1747,2016,10417692.0,2671923.0,1.785149,0.767444,SWE,MEX,8544
3352851,209,138,1747,2016,61303.0,0.0,0.2785,-0.43804799999999994,SWZ,MEX,8544
3352852,215,138,1747,2016,0.0,667.0,-0.751382,-0.7411310000000001,TGO,MEX,8544
3352853,216,138,1747,2016,2211629.0,14364199.0,1.022065,1.428082,THA,MEX,8544
3352854,222,138,1747,2016,0.0,329124.0,-0.191969,-1.028843,TTO,MEX,8544
3352855,223,138,1747,2016,1226467.0,74882.0,0.171791,1.062948,TUN,MEX,8544
3352856,224,138,1747,2016,658082.0,8261795.0,0.45364799999999994,2.478837,TUR,MEX,8544
3352857,226,138,1747,2016,0.0,26091.0,-1.1008799999999999,-0.048319,TZA,MEX,8544
3352858,227,138,1747,2016,34296.0,0.0,-0.37745300000000004,0.525303,UGA,MEX,8544
3352859,228,138,1747,2016,49633.0,970095.0,0.406901,0.637051,UKR,MEX,8544
3352860,230,138,1747,2016,1771.0,1310632.0,0.098051,-0.45418400000000003,URY,MEX,8544
3352861,231,138,1747,2016,3561186320.0,9811576320.0,1.685329,0.297536,USA,MEX,8544
3352862,234,138,1747,2016,0.0,9943.0,0.157611,-0.581526,VCT,MEX,8544
3352863,236,138,1747,2016,2762.0,1626336.0,-0.844669,-1.164315,VEN,MEX,8544
3352864,239,138,1747,2016,24307865.0,1537672.0,-0.10217899999999999,1.015568,VNM,MEX,8544
3352865,246,138,1747,2016,1433.0,1899541.0,0.187396,1.46169,ZAF,MEX,8544
3352866,247,138,1747,2016,0.0,1342.0,-0.632437,-0.968817,ZMB,MEX,8544
3352867,249,138,1747,2016,6171402.0,2947126.0,2.002996,1.39485,TWN,MEX,8544
3352868,250,138,1747,2016,160642.0,0.0,0.773312,-0.015385,ANS,MEX,8544
3352869,7,143,1747,2016,56916.0,0.0,0.11037999999999999,0.045327,ARE,MMR,8544
3352870,14,143,1747,2016,5420.0,0.0,-0.25955300000000003,0.0011070000000000001,AUS,MMR,8544
3352871,15,143,1747,2016,1581.0,0.0,1.759363,0.127262,AUT,MMR,8544
3352872,18,143,1747,2016,517.0,0.0,1.3102610000000001,1.214573,BEL,MMR,8544
3352873,28,143,1747,2016,4403.0,0.0,0.773807,0.827442,BLR,MMR,8544
3352874,32,143,1747,2016,1234.0,0.0,0.245919,0.661809,BRA,MMR,8544
3352875,39,143,1747,2016,5604.0,0.0,0.6579050000000001,1.12259,CAN,MMR,8544
3352876,41,143,1747,2016,30833.0,0.0,2.3488689999999997,0.806291,CHE,MMR,8544
3352877,43,143,1747,2016,95266898.0,520107.0,1.1073620000000002,1.723098,CHN,MMR,8544
3352878,49,143,1747,2016,0.0,480.0,0.10205700000000001,-0.155574,COL,MMR,8544
3352879,61,143,1747,2016,222897.0,3731.0,2.203093,-2.24919,DEU,MMR,8544
3352880,65,143,1747,2016,0.0,571.0,-0.237382,0.295389,DOM,MMR,8544
3352881,71,143,1747,2016,146264.0,0.0,0.765428,2.57725,ESP,MMR,8544
3352882,74,143,1747,2016,106111.0,0.0,1.581968,1.006432,FIN,MMR,8544
3352883,77,143,1747,2016,4537.0,0.0,1.476437,0.911746,FRA,MMR,8544
3352884,81,143,1747,2016,46665.0,913.0,1.6974669999999998,0.9231299999999999,GBR,MMR,8544
3352885,90,143,1747,2016,548.0,0.0,0.12153499999999999,1.126101,GRC,MMR,8544
3352886,97,143,1747,2016,337973.0,445257.0,0.8029029999999999,1.477249,HKG,MMR,8544
3352887,103,143,1747,2016,1829371.0,25422.0,-0.158496,1.492067,IDN,MMR,8544
3352888,104,143,1747,2016,13016604.0,168379.0,0.30976,2.61043,IND,MMR,8544
3352889,110,143,1747,2016,59426.0,0.0,1.352275,0.67584,ISR,MMR,8544
3352890,111,143,1747,2016,352449.0,0.0,1.339307,0.8549209999999999,ITA,MMR,8544
3352891,114,143,1747,2016,2487093.0,65965.0,2.574025,-0.34859,JPN,MMR,8544
3352892,121,143,1747,2016,14152954.0,62594.0,2.086184,0.724318,KOR,MMR,8544
3352893,124,143,1747,2016,6161.0,0.0,0.285829,1.0818139999999998,LBN,MMR,8544
3352894,128,143,1747,2016,68762.0,0.0,-0.562869,0.49937,LKA,MMR,8544
3352895,153,143,1747,2016,9037687.0,5538.0,1.106894,0.7452840000000001,MYS,MMR,8544
3352896,162,143,1747,2016,104097.0,16943.0,1.157361,1.5188540000000001,NLD,MMR,8544
3352897,174,143,1747,2016,175884.0,0.0,0.619343,0.303981,PHL,MMR,8544
3352898,177,143,1747,2016,258321.0,0.0,1.146113,1.239532,POL,MMR,8544
3352899,186,143,1747,2016,2163861.0,0.0,0.252891,0.200423,RUS,MMR,8544
3352900,192,143,1747,2016,15803921.0,25480.0,2.089995,0.564921,SGP,MMR,8544
3352901,206,143,1747,2016,11924.0,0.0,1.273942,0.763966,SVK,MMR,8544
3352902,208,143,1747,2016,46302.0,0.0,1.785149,0.767444,SWE,MMR,8544
3352903,216,143,1747,2016,13681378.0,392177.0,1.022065,1.428082,THA,MMR,8544
3352904,224,143,1747,2016,699532.0,0.0,0.45364799999999994,2.478837,TUR,MMR,8544
3352905,231,143,1747,2016,89462.0,0.0,1.685329,0.297536,USA,MMR,8544
3352906,239,143,1747,2016,20125769.0,0.0,-0.10217899999999999,1.015568,VNM,MMR,8544
3352907,249,143,1747,2016,1553531.0,0.0,2.002996,1.39485,TWN,MMR,8544
3352908,7,145,1747,2016,951.0,111.0,0.11037999999999999,0.045327,ARE,MNG,8544
3352909,14,145,1747,2016,88001.0,0.0,-0.25955300000000003,0.0011070000000000001,AUS,MNG,8544
3352910,15,145,1747,2016,85547.0,0.0,1.759363,0.127262,AUT,MNG,8544
3352911,18,145,1747,2016,1254.0,0.0,1.3102610000000001,1.214573,BEL,MNG,8544
3352912,28,145,1747,2016,35710.0,0.0,0.773807,0.827442,BLR,MNG,8544
3352913,39,145,1747,2016,46895.0,0.0,0.6579050000000001,1.12259,CAN,MNG,8544
3352914,41,145,1747,2016,5978.0,0.0,2.3488689999999997,0.806291,CHE,MNG,8544
3352915,43,145,1747,2016,8898587.0,15399.0,1.1073620000000002,1.723098,CHN,MNG,8544
3352916,59,145,1747,2016,90950.0,0.0,1.823627,0.552354,CZE,MNG,8544
3352917,61,145,1747,2016,743018.0,0.0,2.203093,-2.24919,DEU,MNG,8544
3352918,64,145,1747,2016,4991.0,0.0,1.117864,1.302658,DNK,MNG,8544
3352919,71,145,1747,2016,2697.0,0.0,0.765428,2.57725,ESP,MNG,8544
3352920,74,145,1747,2016,13980.0,0.0,1.581968,1.006432,FIN,MNG,8544
3352921,77,145,1747,2016,45476.0,0.0,1.476437,0.911746,FRA,MNG,8544
3352922,81,145,1747,2016,13804.0,0.0,1.6974669999999998,0.9231299999999999,GBR,MNG,8544
3352923,90,145,1747,2016,3303.0,0.0,0.12153499999999999,1.126101,GRC,MNG,8544
3352924,97,145,1747,2016,70172.0,0.0,0.8029029999999999,1.477249,HKG,MNG,8544
3352925,100,145,1747,2016,843.0,0.0,0.8695200000000001,1.214791,HRV,MNG,8544
3352926,103,145,1747,2016,27895.0,0.0,-0.158496,1.492067,IDN,MNG,8544
3352927,111,145,1747,2016,76670.0,0.0,1.339307,0.8549209999999999,ITA,MNG,8544
3352928,114,145,1747,2016,31077.0,0.0,2.574025,-0.34859,JPN,MNG,8544
3352929,121,145,1747,2016,2408864.0,1458.0,2.086184,0.724318,KOR,MNG,8544
3352930,138,145,1747,2016,36395.0,0.0,1.165638,0.6446649999999999,MEX,MNG,8544
3352931,153,145,1747,2016,866.0,0.0,1.106894,0.7452840000000001,MYS,MNG,8544
3352932,162,145,1747,2016,5088.0,0.0,1.157361,1.5188540000000001,NLD,MNG,8544
3352933,163,145,1747,2016,663.0,0.0,0.89891,0.297673,NOR,MNG,8544
3352934,177,145,1747,2016,81721.0,0.0,1.146113,1.239532,POL,MNG,8544
3352935,186,145,1747,2016,5843561.0,0.0,0.252891,0.200423,RUS,MNG,8544
3352936,192,145,1747,2016,21867.0,0.0,2.089995,0.564921,SGP,MNG,8544
3352937,206,145,1747,2016,2516.0,0.0,1.273942,0.763966,SVK,MNG,8544
3352938,208,145,1747,2016,31448.0,0.0,1.785149,0.767444,SWE,MNG,8544
3352939,216,145,1747,2016,0.0,1373.0,1.022065,1.428082,THA,MNG,8544
3352940,223,145,1747,2016,14029.0,0.0,0.171791,1.062948,TUN,MNG,8544
3352941,224,145,1747,2016,1349.0,0.0,0.45364799999999994,2.478837,TUR,MNG,8544
3352942,231,145,1747,2016,55535.0,6348.0,1.685329,0.297536,USA,MNG,8544
3352943,249,145,1747,2016,9510.0,0.0,2.002996,1.39485,TWN,MNG,8544
3352944,2,153,1747,2016,0.0,230819.0,-1.313517,-1.262761,AGO,MYS,8544
3352945,7,153,1747,2016,118823.0,9837897.0,0.11037999999999999,0.045327,ARE,MYS,8544
3352946,8,153,1747,2016,0.0,196118.0,-0.132495,0.16353199999999998,ARG,MYS,8544
3352947,9,153,1747,2016,0.0,3043.0,-0.044982999999999995,-0.518007,ARM,MYS,8544
3352948,14,153,1747,2016,1869041.0,7709411.0,-0.25955300000000003,0.0011070000000000001,AUS,MYS,8544
3352949,15,153,1747,2016,795537.0,619470.0,1.759363,0.127262,AUT,MYS,8544
3352950,16,153,1747,2016,0.0,19140.0,-0.909744,-1.180449,AZE,MYS,8544
3352951,18,153,1747,2016,1712133.0,198783.0,1.3102610000000001,1.214573,BEL,MYS,8544
3352952,22,153,1747,2016,0.0,107919.0,-1.107523,-1.065009,BGD,MYS,8544
3352953,23,153,1747,2016,8514.0,3585.0,0.51707,1.7329130000000001,BGR,MYS,8544
3352954,24,153,1747,2016,0.0,131831.0,0.323348,-0.514446,BHR,MYS,8544
3352955,25,153,1747,2016,0.0,8281.0,0.605834,-0.430958,BHS,MYS,8544
3352956,26,153,1747,2016,0.0,113.0,0.47827700000000006,0.5643100000000001,BIH,MYS,8544
3352957,28,153,1747,2016,0.0,5244.0,0.773807,0.827442,BLR,MYS,8544
3352958,31,153,1747,2016,0.0,1714.0,-1.061758,-1.041501,BOL,MYS,8544
3352959,32,153,1747,2016,51489.0,1274193.0,0.245919,0.661809,BRA,MYS,8544
3352960,34,153,1747,2016,135012.0,7295823.0,0.078764,-0.8103670000000001,BRN,MYS,8544
3352961,39,153,1747,2016,887988.0,1023869.0,0.6579050000000001,1.12259,CAN,MYS,8544
3352962,41,153,1747,2016,5084234.0,1695028.0,2.3488689999999997,0.806291,CHE,MYS,8544
3352963,42,153,1747,2016,0.0,1074074.0,-0.385519,-0.470495,CHL,MYS,8544
3352964,43,153,1747,2016,287889915.0,49573041.0,1.1073620000000002,1.723098,CHN,MYS,8544
3352965,44,153,1747,2016,0.0,20706.0,-0.88415,-0.8122689999999999,CIV,MYS,8544
3352966,45,153,1747,2016,0.0,46650.0,-1.086484,-1.0725559999999998,CMR,MYS,8544
3352967,46,153,1747,2016,8031.0,24619.0,-1.136472,-1.109177,COD,MYS,8544
3352968,47,153,1747,2016,0.0,4251.0,-0.718731,-1.0663799999999999,COG,MYS,8544
3352969,49,153,1747,2016,14906.0,18867.0,0.10205700000000001,-0.155574,COL,MYS,8544
3352970,52,153,1747,2016,469943.0,49349.0,0.204591,-0.18279600000000001,CRI,MYS,8544
3352971,54,153,1747,2016,0.0,90964.0,-0.602309,-1.0781120000000002,CUB,MYS,8544
3352972,58,153,1747,2016,0.0,6671.0,0.40822800000000004,0.07535,CYP,MYS,8544
3352973,59,153,1747,2016,2235261.0,1435564.0,1.823627,0.552354,CZE,MYS,8544
3352974,61,153,1747,2016,62510300.0,11415247.0,2.203093,-2.24919,DEU,MYS,8544
3352975,62,153,1747,2016,0.0,14978.0,-0.032607,-0.549622,DJI,MYS,8544
3352976,64,153,1747,2016,527212.0,525927.0,1.117864,1.302658,DNK,MYS,8544
3352977,65,153,1747,2016,0.0,5867455.0,-0.237382,0.295389,DOM,MYS,8544
3352978,66,153,1747,2016,0.0,167501.0,-1.0202930000000001,-1.236642,DZA,MYS,8544
3352979,67,153,1747,2016,0.0,7532.0,-1.0860049999999999,-1.049065,ECU,MYS,8544
3352980,68,153,1747,2016,0.0,53723.0,-0.142377,1.674348,EGY,MYS,8544
3352981,71,153,1747,2016,986585.0,445698.0,0.765428,2.57725,ESP,MYS,8544
3352982,72,153,1747,2016,240333.0,1196.0,1.000418,1.154152,EST,MYS,8544
3352983,73,153,1747,2016,0.0,35542.0,-1.006161,-0.756472,ETH,MYS,8544
3352984,74,153,1747,2016,78013.0,69927.0,1.581968,1.006432,FIN,MYS,8544
3352985,75,153,1747,2016,0.0,16301.0,-0.27171999999999996,0.172933,FJI,MYS,8544
3352986,77,153,1747,2016,3522826.0,1715844.0,1.476437,0.911746,FRA,MYS,8544
3352987,80,153,1747,2016,0.0,1482.0,-1.530568,-1.254999,GAB,MYS,8544
3352988,81,153,1747,2016,4668360.0,2562804.0,1.6974669999999998,0.9231299999999999,GBR,MYS,8544
3352989,83,153,1747,2016,0.0,24312.0,-0.945358,-0.805301,GHA,MYS,8544
3352990,87,153,1747,2016,0.0,871.0,-0.743023,-0.833044,GMB,MYS,8544
3352991,90,153,1747,2016,1984.0,42456.0,0.12153499999999999,1.126101,GRC,MYS,8544
3352992,93,153,1747,2016,0.0,2420.0,-0.414843,0.382162,GTM,MYS,8544
3352993,97,153,1747,2016,31409001.0,27689946.0,0.8029029999999999,1.477249,HKG,MYS,8544
3352994,99,153,1747,2016,5836.0,1369.0,-0.673741,-0.403777,HND,MYS,8544
3352995,100,153,1747,2016,1300.0,29737.0,0.8695200000000001,1.214791,HRV,MYS,8544
3352996,102,153,1747,2016,1531466.0,2096987.0,1.445281,0.8422209999999999,HUN,MYS,8544
3352997,103,153,1747,2016,17219519.0,20969963.0,-0.158496,1.492067,IDN,MYS,8544
3352998,104,153,1747,2016,2320436.0,22661153.0,0.30976,2.61043,IND,MYS,8544
3352999,106,153,1747,2016,242925.0,163709.0,1.445238,0.07659400000000001,IRL,MYS,8544
3353000,107,153,1747,2016,0.0,381857.0,-0.407368,-0.23482399999999998,IRN,MYS,8544
3353001,109,153,1747,2016,0.0,2324.0,0.192448,-0.37174,ISL,MYS,8544
3353002,110,153,1747,2016,0.0,27231.0,1.352275,0.67584,ISR,MYS,8544
3353003,111,153,1747,2016,738560.0,638653.0,1.339307,0.8549209999999999,ITA,MYS,8544
3353004,112,153,1747,2016,0.0,1100.0,-0.259972,-0.592114,JAM,MYS,8544
3353005,113,153,1747,2016,0.0,13687.0,-0.0115,0.045625,JOR,MYS,8544
3353006,114,153,1747,2016,36815666.0,52801313.0,2.574025,-0.34859,JPN,MYS,8544
3353007,115,153,1747,2016,0.0,9232.0,-0.376397,-0.553639,KAZ,MYS,8544
3353008,116,153,1747,2016,0.0,105767.0,-0.535616,0.520101,KEN,MYS,8544
3353009,118,153,1747,2016,447005.0,1620992.0,-0.8365239999999999,-0.794615,KHM,MYS,8544
3353010,121,153,1747,2016,17513715.0,12770891.0,2.086184,0.724318,KOR,MYS,8544
3353011,122,153,1747,2016,0.0,703619.0,-0.31188,-1.1438620000000002,KWT,MYS,8544
3353012,123,153,1747,2016,228464.0,1116.0,-0.9781479999999999,-0.8272860000000001,LAO,MYS,8544
3353013,124,153,1747,2016,0.0,8855.0,0.285829,1.0818139999999998,LBN,MYS,8544
3353014,126,153,1747,2016,0.0,52140.0,-1.021925,-1.2316790000000002,LBY,MYS,8544
3353015,128,153,1747,2016,216976.0,1230459.0,-0.562869,0.49937,LKA,MYS,8544
3353016,130,153,1747,2016,9990.0,1000.0,0.706929,1.419432,LTU,MYS,8544
3353017,131,153,1747,2016,6573.0,684.0,1.340054,1.30224,LUX,MYS,8544
3353018,132,153,1747,2016,2413818.0,2525.0,0.553592,1.19865,LVA,MYS,8544
3353019,133,153,1747,2016,19402.0,1566616.0,0.534935,0.185542,MAC,MYS,8544
3353020,134,153,1747,2016,101450.0,61251.0,-0.772795,-0.206511,MAR,MYS,8544
3353021,135,153,1747,2016,0.0,441.0,-0.340932,-0.2839,MDA,MYS,8544
3353022,136,153,1747,2016,0.0,7612.0,-1.2672709999999998,-0.613909,MDG,MYS,8544
3353023,137,153,1747,2016,0.0,2501091.0,-0.79904,-0.9720840000000001,MDV,MYS,8544
3353024,138,153,1747,2016,3115552.0,4712244.0,1.165638,0.6446649999999999,MEX,MYS,8544
3353025,139,153,1747,2016,0.0,1328.0,0.073567,-0.808307,MHL,MYS,8544
3353026,140,153,1747,2016,376026.0,366.0,0.026185000000000003,-0.20027999999999999,MKD,MYS,8544
3353027,141,153,1747,2016,0.0,33920.0,-0.584863,-0.74131,MLI,MYS,8544
3353028,142,153,1747,2016,0.0,504013.0,0.8795950000000001,-0.21689499999999998,MLT,MYS,8544
3353029,143,153,1747,2016,5538.0,9037687.0,-1.160878,-0.6042609999999999,MMR,MYS,8544
3353030,145,153,1747,2016,0.0,866.0,-0.811142,-1.013252,MNG,MYS,8544
3353031,147,153,1747,2016,252367.0,0.0,-1.333702,-1.116794,MOZ,MYS,8544
3353032,148,153,1747,2016,4658.0,0.0,-1.542265,-1.318586,MRT,MYS,8544
3353033,151,153,1747,2016,0.0,494104.0,-0.24309899999999998,-0.084888,MUS,MYS,8544
3353034,159,153,1747,2016,0.0,17566.0,-1.835357,-1.286597,NGA,MYS,8544
3353035,160,153,1747,2016,0.0,3080.0,-1.0387389999999999,-0.998977,NIC,MYS,8544
3353036,162,153,1747,2016,1948318.0,2357132.0,1.157361,1.5188540000000001,NLD,MYS,8544
3353037,163,153,1747,2016,832806.0,312554.0,0.89891,0.297673,NOR,MYS,8544
3353038,164,153,1747,2016,0.0,3190.0,-0.37595500000000004,0.475239,NPL,MYS,8544
3353039,166,153,1747,2016,95686.0,1696481.0,0.236556,0.252918,NZL,MYS,8544
3353040,167,153,1747,2016,98642.0,19643.0,-0.334782,-0.9107190000000001,OMN,MYS,8544
3353041,168,153,1747,2016,2089.0,166948.0,-0.7502800000000001,0.545331,PAK,MYS,8544
3353042,169,153,1747,2016,0.0,10371.0,0.58773,0.654145,PAN,MYS,8544
3353043,173,153,1747,2016,0.0,48840.0,-0.717529,0.007845999999999999,PER,MYS,8544
3353044,174,153,1747,2016,3136980.0,25497266.0,0.619343,0.303981,PHL,MYS,8544
3353045,176,153,1747,2016,0.0,381383.0,-1.689987,-1.2762639999999998,PNG,MYS,8544
3353046,177,153,1747,2016,377509.0,599152.0,1.146113,1.239532,POL,MYS,8544
3353047,179,153,1747,2016,7559.0,33990.0,0.519621,2.254972,PRT,MYS,8544
3353048,180,153,1747,2016,0.0,930.0,-0.660702,-1.0329979999999999,PRY,MYS,8544
3353049,183,153,1747,2016,0.0,2498099.0,-0.36124,-1.106629,QAT,MYS,8544
3353050,185,153,1747,2016,665944.0,2935521.0,1.061259,0.9878870000000001,ROU,MYS,8544
3353051,186,153,1747,2016,228284.0,360493.0,0.252891,0.200423,RUS,MYS,8544
3353052,188,153,1747,2016,11269.0,1250510.0,0.394807,-0.638644,SAU,MYS,8544
3353053,190,153,1747,2016,0.0,751.0,-1.216141,-1.191648,SDN,MYS,8544
3353054,191,153,1747,2016,0.0,47711.0,-0.7061270000000001,-0.46532399999999996,SEN,MYS,8544
3353055,192,153,1747,2016,86742380.0,159687324.0,2.089995,0.564921,SGP,MYS,8544
3353056,195,153,1747,2016,0.0,69720.0,-0.740271,-0.881382,SLB,MYS,8544
3353057,197,153,1747,2016,0.0,14623.0,0.10397999999999999,0.25556599999999996,SLV,MYS,8544
3353058,201,153,1747,2016,0.0,9386.0,0.501676,1.0447520000000001,SRB,MYS,8544
3353059,206,153,1747,2016,134848.0,1872830.0,1.273942,0.763966,SVK,MYS,8544
3353060,207,153,1747,2016,24614.0,44986.0,1.6466720000000001,0.8247680000000001,SVN,MYS,8544
3353061,208,153,1747,2016,832071.0,2768942.0,1.785149,0.767444,SWE,MYS,8544
3353062,211,153,1747,2016,0.0,2976.0,0.441241,-0.580767,SYC,MYS,8544
3353063,212,153,1747,2016,0.0,22308.0,-0.746222,0.179918,SYR,MYS,8544
3353064,214,153,1747,2016,0.0,15048.0,-2.7867189999999997,-1.035452,TCD,MYS,8544
3353065,215,153,1747,2016,0.0,4287.0,-0.751382,-0.7411310000000001,TGO,MYS,8544
3353066,216,153,1747,2016,26499367.0,93111493.0,1.022065,1.428082,THA,MYS,8544
3353067,219,153,1747,2016,0.0,761423.0,-1.27494,-1.259639,TKM,MYS,8544
3353068,220,153,1747,2016,0.0,7517.0,-0.737023,-0.908582,TLS,MYS,8544
3353069,223,153,1747,2016,0.0,18645.0,0.171791,1.062948,TUN,MYS,8544
3353070,224,153,1747,2016,2196411.0,17590313.0,0.45364799999999994,2.478837,TUR,MYS,8544
3353071,226,153,1747,2016,0.0,2033110.0,-1.1008799999999999,-0.048319,TZA,MYS,8544
3353072,227,153,1747,2016,0.0,5250.0,-0.37745300000000004,0.525303,UGA,MYS,8544
3353073,228,153,1747,2016,0.0,44512.0,0.406901,0.637051,UKR,MYS,8544
3353074,230,153,1747,2016,0.0,3414.0,0.098051,-0.45418400000000003,URY,MYS,8544
3353075,231,153,1747,2016,67899820.0,31048955.0,1.685329,0.297536,USA,MYS,8544
3353076,232,153,1747,2016,0.0,5360.0,-0.703465,-0.493036,UZB,MYS,8544
3353077,236,153,1747,2016,4525.0,5503.0,-0.844669,-1.164315,VEN,MYS,8544
3353078,239,153,1747,2016,10279305.0,33703304.0,-0.10217899999999999,1.015568,VNM,MYS,8544
3353079,240,153,1747,2016,0.0,1371.0,-1.187374,-0.9973350000000001,VUT,MYS,8544
3353080,243,153,1747,2016,0.0,2642.0,-1.232675,-1.205963,YEM,MYS,8544
3353081,246,153,1747,2016,145441.0,487406.0,0.187396,1.46169,ZAF,MYS,8544
3353082,247,153,1747,2016,0.0,12725.0,-0.632437,-0.968817,ZMB,MYS,8544
3353083,249,153,1747,2016,9001014.0,12755512.0,2.002996,1.39485,TWN,MYS,8544
3353084,2,159,1747,2016,0.0,3354.0,-1.313517,-1.262761,AGO,NGA,8544
3353085,7,159,1747,2016,168698.0,876.0,0.11037999999999999,0.045327,ARE,NGA,8544
3353086,14,159,1747,2016,6085.0,0.0,-0.25955300000000003,0.0011070000000000001,AUS,NGA,8544
3353087,15,159,1747,2016,219512.0,0.0,1.759363,0.127262,AUT,NGA,8544
3353088,18,159,1747,2016,760964.0,14981.0,1.3102610000000001,1.214573,BEL,NGA,8544
3353089,19,159,1747,2016,6909.0,1883.0,-0.971123,-0.801574,BEN,NGA,8544
3353090,23,159,1747,2016,177442.0,0.0,0.51707,1.7329130000000001,BGR,NGA,8544
3353091,32,159,1747,2016,18684.0,0.0,0.245919,0.661809,BRA,NGA,8544
3353092,34,159,1747,2016,813.0,0.0,0.078764,-0.8103670000000001,BRN,NGA,8544
3353093,39,159,1747,2016,79794.0,0.0,0.6579050000000001,1.12259,CAN,NGA,8544
3353094,41,159,1747,2016,396789.0,0.0,2.3488689999999997,0.806291,CHE,NGA,8544
3353095,43,159,1747,2016,74888628.0,0.0,1.1073620000000002,1.723098,CHN,NGA,8544
3353096,44,159,1747,2016,0.0,135653.0,-0.88415,-0.8122689999999999,CIV,NGA,8544
3353097,45,159,1747,2016,6093.0,3729.0,-1.086484,-1.0725559999999998,CMR,NGA,8544
3353098,46,159,1747,2016,0.0,1014.0,-1.136472,-1.109177,COD,NGA,8544
3353099,47,159,1747,2016,0.0,740.0,-0.718731,-1.0663799999999999,COG,NGA,8544
3353100,52,159,1747,2016,85956.0,0.0,0.204591,-0.18279600000000001,CRI,NGA,8544
3353101,55,159,1747,2016,473967.0,0.0,0.232855,-0.7864260000000001,CUW,NGA,8544
3353102,58,159,1747,2016,6481.0,0.0,0.40822800000000004,0.07535,CYP,NGA,8544
3353103,59,159,1747,2016,89573.0,0.0,1.823627,0.552354,CZE,NGA,8544
3353104,61,159,1747,2016,1707970.0,2292.0,2.203093,-2.24919,DEU,NGA,8544
3353105,64,159,1747,2016,16733.0,0.0,1.117864,1.302658,DNK,NGA,8544
3353106,68,159,1747,2016,469947.0,0.0,-0.142377,1.674348,EGY,NGA,8544
3353107,71,159,1747,2016,245736.0,0.0,0.765428,2.57725,ESP,NGA,8544
3353108,72,159,1747,2016,2853.0,0.0,1.000418,1.154152,EST,NGA,8544
3353109,74,159,1747,2016,18005.0,0.0,1.581968,1.006432,FIN,NGA,8544
3353110,77,159,1747,2016,520961.0,0.0,1.476437,0.911746,FRA,NGA,8544
3353111,81,159,1747,2016,6600578.0,10675.0,1.6974669999999998,0.9231299999999999,GBR,NGA,8544
3353112,83,159,1747,2016,2859.0,73486.0,-0.945358,-0.805301,GHA,NGA,8544
3353113,90,159,1747,2016,54072.0,0.0,0.12153499999999999,1.126101,GRC,NGA,8544
3353114,97,159,1747,2016,964059.0,0.0,0.8029029999999999,1.477249,HKG,NGA,8544
3353115,100,159,1747,2016,1662.0,0.0,0.8695200000000001,1.214791,HRV,NGA,8544
3353116,102,159,1747,2016,9587.0,0.0,1.445281,0.8422209999999999,HUN,NGA,8544
3353117,103,159,1747,2016,60658.0,0.0,-0.158496,1.492067,IDN,NGA,8544
3353118,104,159,1747,2016,11589951.0,0.0,0.30976,2.61043,IND,NGA,8544
3353119,106,159,1747,2016,7277.0,0.0,1.445238,0.07659400000000001,IRL,NGA,8544
3353120,110,159,1747,2016,67321.0,0.0,1.352275,0.67584,ISR,NGA,8544
3353121,111,159,1747,2016,11693892.0,0.0,1.339307,0.8549209999999999,ITA,NGA,8544
3353122,114,159,1747,2016,144451.0,0.0,2.574025,-0.34859,JPN,NGA,8544
3353123,116,159,1747,2016,0.0,5806.0,-0.535616,0.520101,KEN,NGA,8544
3353124,121,159,1747,2016,841790.0,3225.0,2.086184,0.724318,KOR,NGA,8544
3353125,122,159,1747,2016,1896.0,1066.0,-0.31188,-1.1438620000000002,KWT,NGA,8544
3353126,124,159,1747,2016,1383650.0,0.0,0.285829,1.0818139999999998,LBN,NGA,8544
3353127,130,159,1747,2016,868.0,0.0,0.706929,1.419432,LTU,NGA,8544
3353128,131,159,1747,2016,42873.0,0.0,1.340054,1.30224,LUX,NGA,8544
3353129,134,159,1747,2016,1142.0,0.0,-0.772795,-0.206511,MAR,NGA,8544
3353130,138,159,1747,2016,2279.0,0.0,1.165638,0.6446649999999999,MEX,NGA,8544
3353131,147,159,1747,2016,1048.0,0.0,-1.333702,-1.116794,MOZ,NGA,8544
3353132,153,159,1747,2016,17566.0,0.0,1.106894,0.7452840000000001,MYS,NGA,8544
3353133,157,159,1747,2016,0.0,2230.0,-0.973057,-0.953672,NER,NGA,8544
3353134,162,159,1747,2016,3289088.0,5033.0,1.157361,1.5188540000000001,NLD,NGA,8544
3353135,163,159,1747,2016,15637880.0,0.0,0.89891,0.297673,NOR,NGA,8544
3353136,177,159,1747,2016,350994.0,0.0,1.146113,1.239532,POL,NGA,8544
3353137,179,159,1747,2016,38515.0,0.0,0.519621,2.254972,PRT,NGA,8544
3353138,185,159,1747,2016,30380.0,0.0,1.061259,0.9878870000000001,ROU,NGA,8544
3353139,187,159,1747,2016,0.0,148312.0,-0.5802149999999999,-0.568327,RWA,NGA,8544
3353140,188,159,1747,2016,281425.0,0.0,0.394807,-0.638644,SAU,NGA,8544
3353141,190,159,1747,2016,0.0,6256.0,-1.216141,-1.191648,SDN,NGA,8544
3353142,191,159,1747,2016,0.0,1670.0,-0.7061270000000001,-0.46532399999999996,SEN,NGA,8544
3353143,192,159,1747,2016,126710.0,0.0,2.089995,0.564921,SGP,NGA,8544
3353144,196,159,1747,2016,0.0,8126.0,-0.184021,-0.5023920000000001,SLE,NGA,8544
3353145,201,159,1747,2016,9663.0,0.0,0.501676,1.0447520000000001,SRB,NGA,8544
3353146,206,159,1747,2016,96428.0,0.0,1.273942,0.763966,SVK,NGA,8544
3353147,208,159,1747,2016,5258616.0,0.0,1.785149,0.767444,SWE,NGA,8544
3353148,216,159,1747,2016,221312.0,0.0,1.022065,1.428082,THA,NGA,8544
3353149,223,159,1747,2016,73767.0,0.0,0.171791,1.062948,TUN,NGA,8544
3353150,224,159,1747,2016,4629737.0,8816.0,0.45364799999999994,2.478837,TUR,NGA,8544
3353151,227,159,1747,2016,10020.0,0.0,-0.37745300000000004,0.525303,UGA,NGA,8544
3353152,231,159,1747,2016,12444141.0,38364.0,1.685329,0.297536,USA,NGA,8544
3353153,246,159,1747,2016,438665.0,68027.0,0.187396,1.46169,ZAF,NGA,8544
3353154,248,159,1747,2016,0.0,1032.0,-1.083532,-1.0016610000000001,ZWE,NGA,8544
3353155,249,159,1747,2016,357896.0,0.0,2.002996,1.39485,TWN,NGA,8544
3353156,7,160,1747,2016,0.0,6140.0,0.11037999999999999,0.045327,ARE,NIC,8544
3353157,8,160,1747,2016,669866.0,95564.0,-0.132495,0.16353199999999998,ARG,NIC,8544
3353158,14,160,1747,2016,16762.0,12653.0,-0.25955300000000003,0.0011070000000000001,AUS,NIC,8544
3353159,15,160,1747,2016,6350.0,1346.0,1.759363,0.127262,AUT,NIC,8544
3353160,18,160,1747,2016,1239.0,0.0,1.3102610000000001,1.214573,BEL,NIC,8544
3353161,23,160,1747,2016,4198.0,0.0,0.51707,1.7329130000000001,BGR,NIC,8544
3353162,24,160,1747,2016,0.0,1230.0,0.323348,-0.514446,BHR,NIC,8544
3353163,32,160,1747,2016,18369.0,30857.0,0.245919,0.661809,BRA,NIC,8544
3353164,39,160,1747,2016,35231.0,6787862.0,0.6579050000000001,1.12259,CAN,NIC,8544
3353165,41,160,1747,2016,5508.0,2237.0,2.3488689999999997,0.806291,CHE,NIC,8544
3353166,42,160,1747,2016,76028.0,0.0,-0.385519,-0.470495,CHL,NIC,8544
3353167,43,160,1747,2016,4757597.0,1064420.0,1.1073620000000002,1.723098,CHN,NIC,8544
3353168,49,160,1747,2016,12684.0,2010.0,0.10205700000000001,-0.155574,COL,NIC,8544
3353169,52,160,1747,2016,11416856.0,35011.0,0.204591,-0.18279600000000001,CRI,NIC,8544
3353170,59,160,1747,2016,9423.0,0.0,1.823627,0.552354,CZE,NIC,8544
3353171,61,160,1747,2016,10357021.0,6816.0,2.203093,-2.24919,DEU,NIC,8544
3353172,64,160,1747,2016,7653.0,0.0,1.117864,1.302658,DNK,NIC,8544
3353173,65,160,1747,2016,1378.0,0.0,-0.237382,0.295389,DOM,NIC,8544
3353174,67,160,1747,2016,0.0,2775.0,-1.0860049999999999,-1.049065,ECU,NIC,8544
3353175,71,160,1747,2016,768731.0,0.0,0.765428,2.57725,ESP,NIC,8544
3353176,74,160,1747,2016,1691.0,1672.0,1.581968,1.006432,FIN,NIC,8544
3353177,77,160,1747,2016,3365.0,2964.0,1.476437,0.911746,FRA,NIC,8544
3353178,81,160,1747,2016,24973.0,0.0,1.6974669999999998,0.9231299999999999,GBR,NIC,8544
3353179,93,160,1747,2016,116833.0,12945.0,-0.414843,0.382162,GTM,NIC,8544
3353180,97,160,1747,2016,6699.0,0.0,0.8029029999999999,1.477249,HKG,NIC,8544
3353181,99,160,1747,2016,9409522.0,7606.0,-0.673741,-0.403777,HND,NIC,8544
3353182,102,160,1747,2016,1309.0,0.0,1.445281,0.8422209999999999,HUN,NIC,8544
3353183,103,160,1747,2016,25285.0,0.0,-0.158496,1.492067,IDN,NIC,8544
3353184,104,160,1747,2016,112046.0,0.0,0.30976,2.61043,IND,NIC,8544
3353185,110,160,1747,2016,16179.0,0.0,1.352275,0.67584,ISR,NIC,8544
3353186,111,160,1747,2016,159607.0,6444.0,1.339307,0.8549209999999999,ITA,NIC,8544
3353187,114,160,1747,2016,780002.0,0.0,2.574025,-0.34859,JPN,NIC,8544
3353188,121,160,1747,2016,1609657.0,6625.0,2.086184,0.724318,KOR,NIC,8544
3353189,122,160,1747,2016,0.0,1559.0,-0.31188,-1.1438620000000002,KWT,NIC,8544
3353190,134,160,1747,2016,144455.0,0.0,-0.772795,-0.206511,MAR,NIC,8544
3353191,138,160,1747,2016,86075577.0,469339165.0,1.165638,0.6446649999999999,MEX,NIC,8544
3353192,153,160,1747,2016,3080.0,0.0,1.106894,0.7452840000000001,MYS,NIC,8544
3353193,162,160,1747,2016,27158.0,0.0,1.157361,1.5188540000000001,NLD,NIC,8544
3353194,163,160,1747,2016,0.0,993.0,0.89891,0.297673,NOR,NIC,8544
3353195,166,160,1747,2016,2166.0,0.0,0.236556,0.252918,NZL,NIC,8544
3353196,168,160,1747,2016,1683.0,0.0,-0.7502800000000001,0.545331,PAK,NIC,8544
3353197,169,160,1747,2016,519175.0,2163.0,0.58773,0.654145,PAN,NIC,8544
3353198,173,160,1747,2016,42501.0,2386.0,-0.717529,0.007845999999999999,PER,NIC,8544
3353199,174,160,1747,2016,1084.0,0.0,0.619343,0.303981,PHL,NIC,8544
3353200,177,160,1747,2016,4181.0,6514.0,1.146113,1.239532,POL,NIC,8544
3353201,179,160,1747,2016,9699.0,0.0,0.519621,2.254972,PRT,NIC,8544
3353202,180,160,1747,2016,0.0,1071.0,-0.660702,-1.0329979999999999,PRY,NIC,8544
3353203,185,160,1747,2016,101098.0,0.0,1.061259,0.9878870000000001,ROU,NIC,8544
3353204,186,160,1747,2016,5003.0,13969.0,0.252891,0.200423,RUS,NIC,8544
3353205,192,160,1747,2016,1220.0,0.0,2.089995,0.564921,SGP,NIC,8544
3353206,197,160,1747,2016,522444.0,22337.0,0.10397999999999999,0.25556599999999996,SLV,NIC,8544
3353207,208,160,1747,2016,179705.0,0.0,1.785149,0.767444,SWE,NIC,8544
3353208,216,160,1747,2016,16832.0,0.0,1.022065,1.428082,THA,NIC,8544
3353209,223,160,1747,2016,60599.0,0.0,0.171791,1.062948,TUN,NIC,8544
3353210,224,160,1747,2016,0.0,2325.0,0.45364799999999994,2.478837,TUR,NIC,8544
3353211,228,160,1747,2016,0.0,1408.0,0.406901,0.637051,UKR,NIC,8544
3353212,231,160,1747,2016,5070922.0,486853304.0,1.685329,0.297536,USA,NIC,8544
3353213,236,160,1747,2016,0.0,5414.0,-0.844669,-1.164315,VEN,NIC,8544
3353214,239,160,1747,2016,26032.0,0.0,-0.10217899999999999,1.015568,VNM,NIC,8544
3353215,246,160,1747,2016,0.0,3771.0,0.187396,1.46169,ZAF,NIC,8544
3353216,249,160,1747,2016,20837.0,0.0,2.002996,1.39485,TWN,NIC,8544
3353217,0,162,1747,2016,4064.0,2946317.0,0.9052,0.253571,ABW,NLD,8544
3353218,1,162,1747,2016,0.0,19860.0,-1.497486,-1.002342,AFG,NLD,8544
3353219,2,162,1747,2016,61013.0,425440.0,-1.313517,-1.262761,AGO,NLD,8544
3353220,4,162,1747,2016,0.0,68554.0,-0.534645,-0.09027,ALB,NLD,8544
3353221,5,162,1747,2016,0.0,4284.0,1.06885,0.519109,AND,NLD,8544
3353222,7,162,1747,2016,637101.0,38258578.0,0.11037999999999999,0.045327,ARE,NLD,8544
3353223,8,162,1747,2016,1628.0,1931309.0,-0.132495,0.16353199999999998,ARG,NLD,8544
3353224,9,162,1747,2016,0.0,17876.0,-0.044982999999999995,-0.518007,ARM,NLD,8544
3353225,13,162,1747,2016,0.0,2123.0,0.19935999999999998,-0.538471,ATG,NLD,8544
3353226,14,162,1747,2016,1512580.0,2828007.0,-0.25955300000000003,0.0011070000000000001,AUS,NLD,8544
3353227,15,162,1747,2016,10349328.0,10826370.0,1.759363,0.127262,AUT,NLD,8544
3353228,16,162,1747,2016,674.0,242787.0,-0.909744,-1.180449,AZE,NLD,8544
3353229,17,162,1747,2016,0.0,5039.0,-1.0141229999999999,-0.908808,BDI,NLD,8544
3353230,18,162,1747,2016,89568276.0,86766838.0,1.3102610000000001,1.214573,BEL,NLD,8544
3353231,19,162,1747,2016,0.0,45531.0,-0.971123,-0.801574,BEN,NLD,8544
3353232,20,162,1747,2016,0.0,801750.0,0.427425,-0.8977280000000001,BES,NLD,8544
3353233,21,162,1747,2016,0.0,17921.0,-1.0885790000000002,-1.027005,BFA,NLD,8544
3353234,22,162,1747,2016,0.0,336886.0,-1.107523,-1.065009,BGD,NLD,8544
3353235,23,162,1747,2016,367421.0,2883348.0,0.51707,1.7329130000000001,BGR,NLD,8544
3353236,24,162,1747,2016,6304.0,152729.0,0.323348,-0.514446,BHR,NLD,8544
3353237,25,162,1747,2016,0.0,28589.0,0.605834,-0.430958,BHS,NLD,8544
3353238,26,162,1747,2016,29675.0,140641.0,0.47827700000000006,0.5643100000000001,BIH,NLD,8544
3353239,28,162,1747,2016,140730.0,240083.0,0.773807,0.827442,BLR,NLD,8544
3353240,29,162,1747,2016,0.0,4919.0,-0.527601,-0.680647,BLZ,NLD,8544
3353241,30,162,1747,2016,0.0,84769.0,0.913218,-0.62813,BMU,NLD,8544
3353242,31,162,1747,2016,19145.0,363109.0,-1.061758,-1.041501,BOL,NLD,8544
3353243,32,162,1747,2016,164815.0,5494052.0,0.245919,0.661809,BRA,NLD,8544
3353244,33,162,1747,2016,0.0,3490.0,0.613282,0.06728200000000001,BRB,NLD,8544
3353245,34,162,1747,2016,0.0,18207.0,0.078764,-0.8103670000000001,BRN,NLD,8544
3353246,35,162,1747,2016,0.0,1665.0,-0.28638,-0.8311069999999999,BTN,NLD,8544
3353247,37,162,1747,2016,0.0,19064.0,-0.9927739999999999,-1.260391,BWA,NLD,8544
3353248,39,162,1747,2016,7290880.0,15093024.0,0.6579050000000001,1.12259,CAN,NLD,8544
3353249,41,162,1747,2016,9605180.0,28889243.0,2.3488689999999997,0.806291,CHE,NLD,8544
3353250,42,162,1747,2016,40883.0,1413343.0,-0.385519,-0.470495,CHL,NLD,8544
3353251,43,162,1747,2016,233584984.0,15944830.0,1.1073620000000002,1.723098,CHN,NLD,8544
3353252,44,162,1747,2016,4631.0,1009811.0,-0.88415,-0.8122689999999999,CIV,NLD,8544
3353253,45,162,1747,2016,0.0,1825029.0,-1.086484,-1.0725559999999998,CMR,NLD,8544
3353254,46,162,1747,2016,7684.0,256143.0,-1.136472,-1.109177,COD,NLD,8544
3353255,47,162,1747,2016,75419.0,70754.0,-0.718731,-1.0663799999999999,COG,NLD,8544
3353256,49,162,1747,2016,4637.0,1779471.0,0.10205700000000001,-0.155574,COL,NLD,8544
3353257,51,162,1747,2016,0.0,7675.0,0.264883,-0.580199,CPV,NLD,8544
3353258,52,162,1747,2016,1167325.0,26350.0,0.204591,-0.18279600000000001,CRI,NLD,8544
3353259,54,162,1747,2016,0.0,190932.0,-0.602309,-1.0781120000000002,CUB,NLD,8544
3353260,55,162,1747,2016,5473.0,2937260.0,0.232855,-0.7864260000000001,CUW,NLD,8544
3353261,58,162,1747,2016,19330.0,349047.0,0.40822800000000004,0.07535,CYP,NLD,8544
3353262,59,162,1747,2016,28879313.0,22442626.0,1.823627,0.552354,CZE,NLD,8544
3353263,61,162,1747,2016,295155262.0,139824128.0,2.203093,-2.24919,DEU,NLD,8544
3353264,62,162,1747,2016,0.0,161545.0,-0.032607,-0.549622,DJI,NLD,8544
3353265,64,162,1747,2016,9355670.0,18681542.0,1.117864,1.302658,DNK,NLD,8544
3353266,65,162,1747,2016,38852.0,63846.0,-0.237382,0.295389,DOM,NLD,8544
3353267,66,162,1747,2016,19748.0,597922.0,-1.0202930000000001,-1.236642,DZA,NLD,8544
3353268,67,162,1747,2016,0.0,119320.0,-1.0860049999999999,-1.049065,ECU,NLD,8544
3353269,68,162,1747,2016,6208382.0,7684645.0,-0.142377,1.674348,EGY,NLD,8544
3353270,69,162,1747,2016,0.0,1090.0,-1.479782,-1.060063,ERI,NLD,8544
3353271,71,162,1747,2016,12242252.0,26013944.0,0.765428,2.57725,ESP,NLD,8544
3353272,72,162,1747,2016,2916262.0,2348633.0,1.000418,1.154152,EST,NLD,8544
3353273,73,162,1747,2016,1015.0,305339.0,-1.006161,-0.756472,ETH,NLD,8544
3353274,74,162,1747,2016,15980652.0,10808500.0,1.581968,1.006432,FIN,NLD,8544
3353275,75,162,1747,2016,0.0,34231.0,-0.27171999999999996,0.172933,FJI,NLD,8544
3353276,77,162,1747,2016,56180639.0,60171794.0,1.476437,0.911746,FRA,NLD,8544
3353277,80,162,1747,2016,0.0,226220.0,-1.530568,-1.254999,GAB,NLD,8544
3353278,81,162,1747,2016,72593004.0,120205254.0,1.6974669999999998,0.9231299999999999,GBR,NLD,8544
3353279,82,162,1747,2016,3335.0,349422.0,-0.388359,-0.51175,GEO,NLD,8544
3353280,83,162,1747,2016,1310.0,245466.0,-0.945358,-0.805301,GHA,NLD,8544
3353281,84,162,1747,2016,0.0,13098.0,0.8535370000000001,-0.661778,GIB,NLD,8544
3353282,85,162,1747,2016,0.0,82987.0,-1.474753,-1.215627,GIN,NLD,8544
3353283,87,162,1747,2016,0.0,62865.0,-0.743023,-0.833044,GMB,NLD,8544
3353284,88,162,1747,2016,0.0,491159.0,-1.671858,-1.043328,GNB,NLD,8544
3353285,90,162,1747,2016,2400765.0,3174567.0,0.12153499999999999,1.126101,GRC,NLD,8544
3353286,92,162,1747,2016,0.0,5576.0,-1.15173,-0.9915700000000001,GRL,NLD,8544
3353287,93,162,1747,2016,0.0,29993.0,-0.414843,0.382162,GTM,NLD,8544
3353288,95,162,1747,2016,0.0,32147.0,0.659809,-0.066939,GUM,NLD,8544
3353289,96,162,1747,2016,0.0,18511.0,-0.4755,-0.778335,GUY,NLD,8544
3353290,97,162,1747,2016,50369538.0,4838484.0,0.8029029999999999,1.477249,HKG,NLD,8544
3353291,99,162,1747,2016,0.0,391692.0,-0.673741,-0.403777,HND,NLD,8544
3353292,100,162,1747,2016,568596.0,857448.0,0.8695200000000001,1.214791,HRV,NLD,8544
3353293,101,162,1747,2016,0.0,450244.0,-1.30976,-1.010181,HTI,NLD,8544
3353294,102,162,1747,2016,39410650.0,10028557.0,1.445281,0.8422209999999999,HUN,NLD,8544
3353295,103,162,1747,2016,120886.0,371222.0,-0.158496,1.492067,IDN,NLD,8544
3353296,104,162,1747,2016,3785900.0,4309612.0,0.30976,2.61043,IND,NLD,8544
3353297,106,162,1747,2016,27233106.0,11228005.0,1.445238,0.07659400000000001,IRL,NLD,8544
3353298,107,162,1747,2016,26325.0,2558870.0,-0.407368,-0.23482399999999998,IRN,NLD,8544
3353299,108,162,1747,2016,0.0,982447.0,-2.2400029999999997,-1.017174,IRQ,NLD,8544
3353300,109,162,1747,2016,7587.0,1212747.0,0.192448,-0.37174,ISL,NLD,8544
3353301,110,162,1747,2016,2589444.0,6014235.0,1.352275,0.67584,ISR,NLD,8544
3353302,111,162,1747,2016,41966044.0,53168928.0,1.339307,0.8549209999999999,ITA,NLD,8544
3353303,112,162,1747,2016,0.0,51389.0,-0.259972,-0.592114,JAM,NLD,8544
3353304,113,162,1747,2016,881.0,221738.0,-0.0115,0.045625,JOR,NLD,8544
3353305,114,162,1747,2016,18377476.0,4252747.0,2.574025,-0.34859,JPN,NLD,8544
3353306,115,162,1747,2016,51454.0,1511680.0,-0.376397,-0.553639,KAZ,NLD,8544
3353307,116,162,1747,2016,3600.0,1619724.0,-0.535616,0.520101,KEN,NLD,8544
3353308,117,162,1747,2016,1735.0,2869.0,0.010529,0.287462,KGZ,NLD,8544
3353309,118,162,1747,2016,324350.0,21835.0,-0.8365239999999999,-0.794615,KHM,NLD,8544
3353310,121,162,1747,2016,8143454.0,5197032.0,2.086184,0.724318,KOR,NLD,8544
3353311,122,162,1747,2016,5586.0,5141154.0,-0.31188,-1.1438620000000002,KWT,NLD,8544
3353312,123,162,1747,2016,0.0,9845.0,-0.9781479999999999,-0.8272860000000001,LAO,NLD,8544
3353313,124,162,1747,2016,1019.0,1193485.0,0.285829,1.0818139999999998,LBN,NLD,8544
3353314,125,162,1747,2016,0.0,27436.0,-0.870345,-1.113277,LBR,NLD,8544
3353315,126,162,1747,2016,0.0,360494.0,-1.021925,-1.2316790000000002,LBY,NLD,8544
3353316,127,162,1747,2016,0.0,4018.0,0.397746,-0.405285,LCA,NLD,8544
3353317,128,162,1747,2016,0.0,31384.0,-0.562869,0.49937,LKA,NLD,8544
3353318,130,162,1747,2016,6470467.0,1781631.0,0.706929,1.419432,LTU,NLD,8544
3353319,131,162,1747,2016,637172.0,2479897.0,1.340054,1.30224,LUX,NLD,8544
3353320,132,162,1747,2016,71217.0,606976.0,0.553592,1.19865,LVA,NLD,8544
3353321,133,162,1747,2016,3656.0,104926.0,0.534935,0.185542,MAC,NLD,8544
3353322,134,162,1747,2016,533674.0,9235926.0,-0.772795,-0.206511,MAR,NLD,8544
3353323,135,162,1747,2016,0.0,33585.0,-0.340932,-0.2839,MDA,NLD,8544
3353324,136,162,1747,2016,0.0,64477.0,-1.2672709999999998,-0.613909,MDG,NLD,8544
3353325,137,162,1747,2016,0.0,11384.0,-0.79904,-0.9720840000000001,MDV,NLD,8544
3353326,138,162,1747,2016,2479461.0,4614799.0,1.165638,0.6446649999999999,MEX,NLD,8544
3353327,139,162,1747,2016,9451.0,0.0,0.073567,-0.808307,MHL,NLD,8544
3353328,140,162,1747,2016,0.0,220062.0,0.026185000000000003,-0.20027999999999999,MKD,NLD,8544
3353329,141,162,1747,2016,0.0,332879.0,-0.584863,-0.74131,MLI,NLD,8544
3353330,142,162,1747,2016,26992.0,254385.0,0.8795950000000001,-0.21689499999999998,MLT,NLD,8544
3353331,143,162,1747,2016,16943.0,104097.0,-1.160878,-0.6042609999999999,MMR,NLD,8544
3353332,144,162,1747,2016,1900.0,156596.0,-0.005084,-0.25252199999999997,MNE,NLD,8544
3353333,145,162,1747,2016,0.0,5088.0,-0.811142,-1.013252,MNG,NLD,8544
3353334,147,162,1747,2016,0.0,24833.0,-1.333702,-1.116794,MOZ,NLD,8544
3353335,148,162,1747,2016,0.0,14513.0,-1.542265,-1.318586,MRT,NLD,8544
3353336,151,162,1747,2016,2327.0,208248.0,-0.24309899999999998,-0.084888,MUS,NLD,8544
3353337,152,162,1747,2016,0.0,16366.0,-1.113794,-1.172385,MWI,NLD,8544
3353338,153,162,1747,2016,2357132.0,1948318.0,1.106894,0.7452840000000001,MYS,NLD,8544
3353339,155,162,1747,2016,0.0,17740.0,-0.6256689999999999,-0.8612219999999999,NAM,NLD,8544
3353340,156,162,1747,2016,1823.0,9112.0,-0.9910389999999999,-0.9463940000000001,NCL,NLD,8544
3353341,157,162,1747,2016,0.0,2793.0,-0.973057,-0.953672,NER,NLD,8544
3353342,159,162,1747,2016,5033.0,3289088.0,-1.835357,-1.286597,NGA,NLD,8544
3353343,160,162,1747,2016,0.0,27158.0,-1.0387389999999999,-0.998977,NIC,NLD,8544
3353344,163,162,1747,2016,3661156.0,17158301.0,0.89891,0.297673,NOR,NLD,8544
3353345,164,162,1747,2016,0.0,9846.0,-0.37595500000000004,0.475239,NPL,NLD,8544
3353346,166,162,1747,2016,185590.0,549306.0,0.236556,0.252918,NZL,NLD,8544
3353347,167,162,1747,2016,46542.0,1931798.0,-0.334782,-0.9107190000000001,OMN,NLD,8544
3353348,168,162,1747,2016,2321.0,415488.0,-0.7502800000000001,0.545331,PAK,NLD,8544
3353349,169,162,1747,2016,3868.0,60948.0,0.58773,0.654145,PAN,NLD,8544
3353350,173,162,1747,2016,3718.0,410719.0,-0.717529,0.007845999999999999,PER,NLD,8544
3353351,174,162,1747,2016,3350368.0,3935954.0,0.619343,0.303981,PHL,NLD,8544
3353352,176,162,1747,2016,0.0,1661.0,-1.689987,-1.2762639999999998,PNG,NLD,8544
3353353,177,162,1747,2016,58542782.0,22957754.0,1.146113,1.239532,POL,NLD,8544
3353354,179,162,1747,2016,3254839.0,3903949.0,0.519621,2.254972,PRT,NLD,8544
3353355,180,162,1747,2016,0.0,9190.0,-0.660702,-1.0329979999999999,PRY,NLD,8544
3353356,181,162,1747,2016,0.0,18651.0,-0.067187,0.535972,PSE,NLD,8544
3353357,182,162,1747,2016,0.0,4451.0,0.11597400000000001,-0.657672,PYF,NLD,8544
3353358,183,162,1747,2016,18600.0,5587390.0,-0.36124,-1.106629,QAT,NLD,8544
3353359,185,162,1747,2016,37868760.0,7465021.0,1.061259,0.9878870000000001,ROU,NLD,8544
3353360,186,162,1747,2016,329752.0,17086050.0,0.252891,0.200423,RUS,NLD,8544
3353361,187,162,1747,2016,0.0,177278.0,-0.5802149999999999,-0.568327,RWA,NLD,8544
3353362,188,162,1747,2016,833231.0,23302297.0,0.394807,-0.638644,SAU,NLD,8544
3353363,190,162,1747,2016,0.0,10804.0,-1.216141,-1.191648,SDN,NLD,8544
3353364,191,162,1747,2016,1141.0,27546.0,-0.7061270000000001,-0.46532399999999996,SEN,NLD,8544
3353365,192,162,1747,2016,2918703.0,8589180.0,2.089995,0.564921,SGP,NLD,8544
3353366,195,162,1747,2016,0.0,4552.0,-0.740271,-0.881382,SLB,NLD,8544
3353367,196,162,1747,2016,0.0,16938.0,-0.184021,-0.5023920000000001,SLE,NLD,8544
3353368,197,162,1747,2016,0.0,12800.0,0.10397999999999999,0.25556599999999996,SLV,NLD,8544
3353369,198,162,1747,2016,0.0,21050.0,1.086646,0.58939,SMR,NLD,8544
3353370,201,162,1747,2016,275846.0,1139528.0,0.501676,1.0447520000000001,SRB,NLD,8544
3353371,203,162,1747,2016,0.0,3740.0,0.27849,-0.670342,STP,NLD,8544
3353372,205,162,1747,2016,15176.0,4002762.0,-0.7823869999999999,-1.060347,SUR,NLD,8544
3353373,206,162,1747,2016,8679018.0,4834076.0,1.273942,0.763966,SVK,NLD,8544
3353374,207,162,1747,2016,779654.0,3339979.0,1.6466720000000001,0.8247680000000001,SVN,NLD,8544
3353375,208,162,1747,2016,6785520.0,29900676.0,1.785149,0.767444,SWE,NLD,8544
3353376,210,162,1747,2016,2366.0,549265.0,1.005781,-0.871658,SXM,NLD,8544
3353377,211,162,1747,2016,0.0,68932.0,0.441241,-0.580767,SYC,NLD,8544
3353378,214,162,1747,2016,0.0,4247.0,-2.7867189999999997,-1.035452,TCD,NLD,8544
3353379,215,162,1747,2016,0.0,6093.0,-0.751382,-0.7411310000000001,TGO,NLD,8544
3353380,216,162,1747,2016,2287936.0,629062.0,1.022065,1.428082,THA,NLD,8544
3353381,217,162,1747,2016,0.0,3823.0,-1.0791549999999999,-1.137941,TJK,NLD,8544
3353382,219,162,1747,2016,0.0,94744.0,-1.27494,-1.259639,TKM,NLD,8544
3353383,222,162,1747,2016,0.0,92862.0,-0.191969,-1.028843,TTO,NLD,8544
3353384,223,162,1747,2016,728428.0,578488.0,0.171791,1.062948,TUN,NLD,8544
3353385,224,162,1747,2016,16560497.0,14581871.0,0.45364799999999994,2.478837,TUR,NLD,8544
3353386,226,162,1747,2016,0.0,125426.0,-1.1008799999999999,-0.048319,TZA,NLD,8544
3353387,227,162,1747,2016,0.0,141038.0,-0.37745300000000004,0.525303,UGA,NLD,8544
3353388,228,162,1747,2016,24177572.0,689658.0,0.406901,0.637051,UKR,NLD,8544
3353389,230,162,1747,2016,0.0,85748.0,0.098051,-0.45418400000000003,URY,NLD,8544
3353390,231,162,1747,2016,137153947.0,57355845.0,1.685329,0.297536,USA,NLD,8544
3353391,232,162,1747,2016,0.0,84006.0,-0.703465,-0.493036,UZB,NLD,8544
3353392,234,162,1747,2016,0.0,2016.0,0.157611,-0.581526,VCT,NLD,8544
3353393,236,162,1747,2016,0.0,140491.0,-0.844669,-1.164315,VEN,NLD,8544
3353394,237,162,1747,2016,0.0,144923.0,0.566815,-0.43181800000000004,VGB,NLD,8544
3353395,239,162,1747,2016,4738483.0,661101.0,-0.10217899999999999,1.015568,VNM,NLD,8544
3353396,246,162,1747,2016,277688.0,8978212.0,0.187396,1.46169,ZAF,NLD,8544
3353397,247,162,1747,2016,0.0,108565.0,-0.632437,-0.968817,ZMB,NLD,8544
3353398,248,162,1747,2016,0.0,1246.0,-1.083532,-1.0016610000000001,ZWE,NLD,8544
3353399,249,162,1747,2016,14036882.0,5840991.0,2.002996,1.39485,TWN,NLD,8544
3353400,250,162,1747,2016,1373905.0,445948.0,0.773312,-0.015385,ANS,NLD,8544
3353401,1,163,1747,2016,0.0,6961.0,-1.497486,-1.002342,AFG,NOR,8544
3353402,2,163,1747,2016,85557.0,36447204.0,-1.313517,-1.262761,AGO,NOR,8544
3353403,4,163,1747,2016,0.0,1118.0,-0.534645,-0.09027,ALB,NOR,8544
3353404,7,163,1747,2016,11235.0,2775429.0,0.11037999999999999,0.045327,ARE,NOR,8544
3353405,8,163,1747,2016,0.0,1037.0,-0.132495,0.16353199999999998,ARG,NOR,8544
3353406,14,163,1747,2016,96735.0,3130459.0,-0.25955300000000003,0.0011070000000000001,AUS,NOR,8544
3353407,15,163,1747,2016,1913526.0,39317.0,1.759363,0.127262,AUT,NOR,8544
3353408,16,163,1747,2016,0.0,49658519.0,-0.909744,-1.180449,AZE,NOR,8544
3353409,17,163,1747,2016,0.0,1214.0,-1.0141229999999999,-0.908808,BDI,NOR,8544
3353410,18,163,1747,2016,11015376.0,412739.0,1.3102610000000001,1.214573,BEL,NOR,8544
3353411,19,163,1747,2016,0.0,536.0,-0.971123,-0.801574,BEN,NOR,8544
3353412,21,163,1747,2016,0.0,24964.0,-1.0885790000000002,-1.027005,BFA,NOR,8544
3353413,22,163,1747,2016,1711.0,7086.0,-1.107523,-1.065009,BGD,NOR,8544
3353414,23,163,1747,2016,149985.0,63913.0,0.51707,1.7329130000000001,BGR,NOR,8544
3353415,24,163,1747,2016,1024.0,6334.0,0.323348,-0.514446,BHR,NOR,8544
3353416,25,163,1747,2016,0.0,5199.0,0.605834,-0.430958,BHS,NOR,8544
3353417,26,163,1747,2016,0.0,2140.0,0.47827700000000006,0.5643100000000001,BIH,NOR,8544
3353418,28,163,1747,2016,966.0,1279.0,0.773807,0.827442,BLR,NOR,8544
3353419,30,163,1747,2016,0.0,151489.0,0.913218,-0.62813,BMU,NOR,8544
3353420,32,163,1747,2016,57395.0,1858852.0,0.245919,0.661809,BRA,NOR,8544
3353421,34,163,1747,2016,0.0,9161.0,0.078764,-0.8103670000000001,BRN,NOR,8544
3353422,38,163,1747,2016,0.0,590.0,-0.43507299999999993,-0.7039300000000001,CAF,NOR,8544
3353423,39,163,1747,2016,497163.0,4092563.0,0.6579050000000001,1.12259,CAN,NOR,8544
3353424,41,163,1747,2016,5845228.0,104910.0,2.3488689999999997,0.806291,CHE,NOR,8544
3353425,42,163,1747,2016,0.0,30746.0,-0.385519,-0.470495,CHL,NOR,8544
3353426,43,163,1747,2016,13331234.0,1929407.0,1.1073620000000002,1.723098,CHN,NOR,8544
3353427,44,163,1747,2016,42658.0,58072.0,-0.88415,-0.8122689999999999,CIV,NOR,8544
3353428,45,163,1747,2016,0.0,2594.0,-1.086484,-1.0725559999999998,CMR,NOR,8544
3353429,46,163,1747,2016,0.0,9855.0,-1.136472,-1.109177,COD,NOR,8544
3353430,47,163,1747,2016,0.0,3942096.0,-0.718731,-1.0663799999999999,COG,NOR,8544
3353431,49,163,1747,2016,0.0,2587.0,0.10205700000000001,-0.155574,COL,NOR,8544
3353432,52,163,1747,2016,36141.0,0.0,0.204591,-0.18279600000000001,CRI,NOR,8544
3353433,58,163,1747,2016,0.0,5853.0,0.40822800000000004,0.07535,CYP,NOR,8544
3353434,59,163,1747,2016,2028476.0,863559.0,1.823627,0.552354,CZE,NOR,8544
3353435,61,163,1747,2016,65673061.0,6649798.0,2.203093,-2.24919,DEU,NOR,8544
3353436,64,163,1747,2016,21758221.0,9460041.0,1.117864,1.302658,DNK,NOR,8544
3353437,65,163,1747,2016,22778.0,0.0,-0.237382,0.295389,DOM,NOR,8544
3353438,66,163,1747,2016,0.0,12490.0,-1.0202930000000001,-1.236642,DZA,NOR,8544
3353439,68,163,1747,2016,7613.0,24197564.0,-0.142377,1.674348,EGY,NOR,8544
3353440,71,163,1747,2016,25226281.0,1640903.0,0.765428,2.57725,ESP,NOR,8544
3353441,72,163,1747,2016,13420138.0,416168.0,1.000418,1.154152,EST,NOR,8544
3353442,73,163,1747,2016,0.0,2350.0,-1.006161,-0.756472,ETH,NOR,8544
3353443,74,163,1747,2016,15489404.0,13353984.0,1.581968,1.006432,FIN,NOR,8544
3353444,77,163,1747,2016,10106947.0,1342033.0,1.476437,0.911746,FRA,NOR,8544
3353445,78,163,1747,2016,0.0,197200.0,-0.7436,-0.955406,FRO,NOR,8544
3353446,80,163,1747,2016,0.0,19318.0,-1.530568,-1.254999,GAB,NOR,8544
3353447,81,163,1747,2016,24738949.0,20078363.0,1.6974669999999998,0.9231299999999999,GBR,NOR,8544
3353448,83,163,1747,2016,1016.0,68039.0,-0.945358,-0.805301,GHA,NOR,8544
3353449,84,163,1747,2016,19431.0,15941.0,0.8535370000000001,-0.661778,GIB,NOR,8544
3353450,85,163,1747,2016,0.0,8430.0,-1.474753,-1.215627,GIN,NOR,8544
3353451,89,163,1747,2016,0.0,23081.0,-1.766286,-0.9607709999999999,GNQ,NOR,8544
3353452,90,163,1747,2016,161581.0,905899.0,0.12153499999999999,1.126101,GRC,NOR,8544
3353453,92,163,1747,2016,0.0,2417.0,-1.15173,-0.9915700000000001,GRL,NOR,8544
3353454,97,163,1747,2016,986858.0,238020.0,0.8029029999999999,1.477249,HKG,NOR,8544
3353455,100,163,1747,2016,37872.0,28900.0,0.8695200000000001,1.214791,HRV,NOR,8544
3353456,101,163,1747,2016,0.0,1448.0,-1.30976,-1.010181,HTI,NOR,8544
3353457,102,163,1747,2016,563548.0,393824.0,1.445281,0.8422209999999999,HUN,NOR,8544
3353458,103,163,1747,2016,16095.0,16625905.0,-0.158496,1.492067,IDN,NOR,8544
3353459,104,163,1747,2016,112003.0,107513.0,0.30976,2.61043,IND,NOR,8544
3353460,106,163,1747,2016,254018.0,99393.0,1.445238,0.07659400000000001,IRL,NOR,8544
3353461,108,163,1747,2016,0.0,4011.0,-2.2400029999999997,-1.017174,IRQ,NOR,8544
3353462,109,163,1747,2016,100814.0,179796.0,0.192448,-0.37174,ISL,NOR,8544
3353463,110,163,1747,2016,46286.0,26872.0,1.352275,0.67584,ISR,NOR,8544
3353464,111,163,1747,2016,7352643.0,10512478.0,1.339307,0.8549209999999999,ITA,NOR,8544
3353465,112,163,1747,2016,0.0,3403.0,-0.259972,-0.592114,JAM,NOR,8544
3353466,114,163,1747,2016,1725612.0,1155967.0,2.574025,-0.34859,JPN,NOR,8544
3353467,115,163,1747,2016,0.0,49811.0,-0.376397,-0.553639,KAZ,NOR,8544
3353468,116,163,1747,2016,1051.0,0.0,-0.535616,0.520101,KEN,NOR,8544
3353469,121,163,1747,2016,4535744.0,4969808.0,2.086184,0.724318,KOR,NOR,8544
3353470,122,163,1747,2016,0.0,18538.0,-0.31188,-1.1438620000000002,KWT,NOR,8544
3353471,128,163,1747,2016,521060.0,62037.0,-0.562869,0.49937,LKA,NOR,8544
3353472,130,163,1747,2016,2439536.0,379979.0,0.706929,1.419432,LTU,NOR,8544
3353473,131,163,1747,2016,21209.0,13496.0,1.340054,1.30224,LUX,NOR,8544
3353474,132,163,1747,2016,439971.0,26025.0,0.553592,1.19865,LVA,NOR,8544
3353475,134,163,1747,2016,22978.0,10435.0,-0.772795,-0.206511,MAR,NOR,8544
3353476,137,163,1747,2016,0.0,100582.0,-0.79904,-0.9720840000000001,MDV,NOR,8544
3353477,138,163,1747,2016,864673.0,302582.0,1.165638,0.6446649999999999,MEX,NOR,8544
3353478,140,163,1747,2016,5515.0,0.0,0.026185000000000003,-0.20027999999999999,MKD,NOR,8544
3353479,142,163,1747,2016,3564.0,60928.0,0.8795950000000001,-0.21689499999999998,MLT,NOR,8544
3353480,144,163,1747,2016,0.0,74087512.0,-0.005084,-0.25252199999999997,MNE,NOR,8544
3353481,145,163,1747,2016,0.0,663.0,-0.811142,-1.013252,MNG,NOR,8544
3353482,147,163,1747,2016,1077.0,30498.0,-1.333702,-1.116794,MOZ,NOR,8544
3353483,153,163,1747,2016,312554.0,832806.0,1.106894,0.7452840000000001,MYS,NOR,8544
3353484,155,163,1747,2016,0.0,7490.0,-0.6256689999999999,-0.8612219999999999,NAM,NOR,8544
3353485,159,163,1747,2016,0.0,15637880.0,-1.835357,-1.286597,NGA,NOR,8544
3353486,160,163,1747,2016,993.0,0.0,-1.0387389999999999,-0.998977,NIC,NOR,8544
3353487,162,163,1747,2016,17158301.0,3661156.0,1.157361,1.5188540000000001,NLD,NOR,8544
3353488,166,163,1747,2016,113207.0,14864.0,0.236556,0.252918,NZL,NOR,8544
3353489,167,163,1747,2016,0.0,32144.0,-0.334782,-0.9107190000000001,OMN,NOR,8544
3353490,168,163,1747,2016,0.0,10099.0,-0.7502800000000001,0.545331,PAK,NOR,8544
3353491,169,163,1747,2016,0.0,70763.0,0.58773,0.654145,PAN,NOR,8544
3353492,173,163,1747,2016,0.0,10177.0,-0.717529,0.007845999999999999,PER,NOR,8544
3353493,174,163,1747,2016,34834.0,7102.0,0.619343,0.303981,PHL,NOR,8544
3353494,177,163,1747,2016,10129840.0,3073623.0,1.146113,1.239532,POL,NOR,8544
3353495,179,163,1747,2016,5082637.0,182957.0,0.519621,2.254972,PRT,NOR,8544
3353496,183,163,1747,2016,0.0,74003.0,-0.36124,-1.106629,QAT,NOR,8544
3353497,185,163,1747,2016,812553.0,596938.0,1.061259,0.9878870000000001,ROU,NOR,8544
3353498,186,163,1747,2016,290304.0,1239333.0,0.252891,0.200423,RUS,NOR,8544
3353499,188,163,1747,2016,17050.0,41404176.0,0.394807,-0.638644,SAU,NOR,8544
3353500,192,163,1747,2016,3505741.0,5610737.0,2.089995,0.564921,SGP,NOR,8544
3353501,197,163,1747,2016,898.0,0.0,0.10397999999999999,0.25556599999999996,SLV,NOR,8544
3353502,201,163,1747,2016,5776.0,3549.0,0.501676,1.0447520000000001,SRB,NOR,8544
3353503,202,163,1747,2016,0.0,4593.0,-1.841894,-1.024367,SSD,NOR,8544
3353504,206,163,1747,2016,2365605.0,227311.0,1.273942,0.763966,SVK,NOR,8544
3353505,207,163,1747,2016,135149.0,44929.0,1.6466720000000001,0.8247680000000001,SVN,NOR,8544
3353506,208,163,1747,2016,130128138.0,14907546.0,1.785149,0.767444,SWE,NOR,8544
3353507,215,163,1747,2016,0.0,1441.0,-0.751382,-0.7411310000000001,TGO,NOR,8544
3353508,216,163,1747,2016,145526.0,993890.0,1.022065,1.428082,THA,NOR,8544
3353509,220,163,1747,2016,0.0,1065.0,-0.737023,-0.908582,TLS,NOR,8544
3353510,222,163,1747,2016,1657.0,44826.0,-0.191969,-1.028843,TTO,NOR,8544
3353511,223,163,1747,2016,53742.0,6956.0,0.171791,1.062948,TUN,NOR,8544
3353512,224,163,1747,2016,2893084.0,587527.0,0.45364799999999994,2.478837,TUR,NOR,8544
3353513,226,163,1747,2016,0.0,3451.0,-1.1008799999999999,-0.048319,TZA,NOR,8544
3353514,227,163,1747,2016,0.0,826.0,-0.37745300000000004,0.525303,UGA,NOR,8544
3353515,228,163,1747,2016,121856.0,11883.0,0.406901,0.637051,UKR,NOR,8544
3353516,230,163,1747,2016,0.0,4806.0,0.098051,-0.45418400000000003,URY,NOR,8544
3353517,231,163,1747,2016,31697877.0,6485602.0,1.685329,0.297536,USA,NOR,8544
3353518,232,163,1747,2016,0.0,39178.0,-0.703465,-0.493036,UZB,NOR,8544
3353519,237,163,1747,2016,0.0,1687.0,0.566815,-0.43181800000000004,VGB,NOR,8544
3353520,239,163,1747,2016,651013.0,6425335.0,-0.10217899999999999,1.015568,VNM,NOR,8544
3353521,246,163,1747,2016,4260.0,48658.0,0.187396,1.46169,ZAF,NOR,8544
3353522,248,163,1747,2016,3159.0,0.0,-1.083532,-1.0016610000000001,ZWE,NOR,8544
3353523,249,163,1747,2016,1407577.0,14729.0,2.002996,1.39485,TWN,NOR,8544
3353524,7,166,1747,2016,2300.0,29217.0,0.11037999999999999,0.045327,ARE,NZL,8544
3353525,8,166,1747,2016,3627.0,4063.0,-0.132495,0.16353199999999998,ARG,NZL,8544
3353526,10,166,1747,2016,0.0,25196.0,0.43456300000000003,-0.48827,ASM,NZL,8544
3353527,14,166,1747,2016,38715273.0,23970525.0,-0.25955300000000003,0.0011070000000000001,AUS,NZL,8544
3353528,15,166,1747,2016,332354.0,17980.0,1.759363,0.127262,AUT,NZL,8544
3353529,16,166,1747,2016,0.0,59483.0,-0.909744,-1.180449,AZE,NZL,8544
3353530,18,166,1747,2016,294081.0,2229.0,1.3102610000000001,1.214573,BEL,NZL,8544
3353531,23,166,1747,2016,17555.0,3473.0,0.51707,1.7329130000000001,BGR,NZL,8544
3353532,31,166,1747,2016,0.0,5375.0,-1.061758,-1.041501,BOL,NZL,8544
3353533,32,166,1747,2016,294066.0,80541.0,0.245919,0.661809,BRA,NZL,8544
3353534,39,166,1747,2016,162463.0,265790.0,0.6579050000000001,1.12259,CAN,NZL,8544
3353535,41,166,1747,2016,110192.0,18662.0,2.3488689999999997,0.806291,CHE,NZL,8544
3353536,42,166,1747,2016,5054.0,86556.0,-0.385519,-0.470495,CHL,NZL,8544
3353537,43,166,1747,2016,53034260.0,83080.0,1.1073620000000002,1.723098,CHN,NZL,8544
3353538,48,166,1747,2016,0.0,179320.0,0.20994699999999997,-0.791095,COK,NZL,8544
3353539,49,166,1747,2016,0.0,31441.0,0.10205700000000001,-0.155574,COL,NZL,8544
3353540,52,166,1747,2016,6140.0,20129.0,0.204591,-0.18279600000000001,CRI,NZL,8544
3353541,54,166,1747,2016,0.0,1376.0,-0.602309,-1.0781120000000002,CUB,NZL,8544
3353542,58,166,1747,2016,0.0,1407.0,0.40822800000000004,0.07535,CYP,NZL,8544
3353543,59,166,1747,2016,523180.0,841.0,1.823627,0.552354,CZE,NZL,8544
3353544,61,166,1747,2016,3442672.0,59195.0,2.203093,-2.24919,DEU,NZL,8544
3353545,64,166,1747,2016,166368.0,2162.0,1.117864,1.302658,DNK,NZL,8544
3353546,65,166,1747,2016,9208.0,5987.0,-0.237382,0.295389,DOM,NZL,8544
3353547,67,166,1747,2016,0.0,4358.0,-1.0860049999999999,-1.049065,ECU,NZL,8544
3353548,68,166,1747,2016,4552.0,2940.0,-0.142377,1.674348,EGY,NZL,8544
3353549,71,166,1747,2016,133841.0,9871.0,0.765428,2.57725,ESP,NZL,8544
3353550,72,166,1747,2016,225833.0,0.0,1.000418,1.154152,EST,NZL,8544
3353551,74,166,1747,2016,36538.0,101664.0,1.581968,1.006432,FIN,NZL,8544
3353552,75,166,1747,2016,91429.0,1031098.0,-0.27171999999999996,0.172933,FJI,NZL,8544
3353553,77,166,1747,2016,950495.0,42534.0,1.476437,0.911746,FRA,NZL,8544
3353554,79,166,1747,2016,0.0,2203.0,-0.86156,-0.969134,FSM,NZL,8544
3353555,81,166,1747,2016,2050913.0,120569.0,1.6974669999999998,0.9231299999999999,GBR,NZL,8544
3353556,83,166,1747,2016,0.0,9254.0,-0.945358,-0.805301,GHA,NZL,8544
3353557,93,166,1747,2016,0.0,1303.0,-0.414843,0.382162,GTM,NZL,8544
3353558,97,166,1747,2016,501653.0,56512.0,0.8029029999999999,1.477249,HKG,NZL,8544
3353559,99,166,1747,2016,0.0,205.0,-0.673741,-0.403777,HND,NZL,8544
3353560,100,166,1747,2016,0.0,1304.0,0.8695200000000001,1.214791,HRV,NZL,8544
3353561,102,166,1747,2016,81410.0,866.0,1.445281,0.8422209999999999,HUN,NZL,8544
3353562,103,166,1747,2016,326873.0,5509.0,-0.158496,1.492067,IDN,NZL,8544
3353563,104,166,1747,2016,1030540.0,37722.0,0.30976,2.61043,IND,NZL,8544
3353564,106,166,1747,2016,114104.0,38075.0,1.445238,0.07659400000000001,IRL,NZL,8544
3353565,107,166,1747,2016,0.0,1294.0,-0.407368,-0.23482399999999998,IRN,NZL,8544
3353566,108,166,1747,2016,0.0,3327.0,-2.2400029999999997,-1.017174,IRQ,NZL,8544
3353567,110,166,1747,2016,68000.0,850.0,1.352275,0.67584,ISR,NZL,8544
3353568,111,166,1747,2016,189343.0,25831.0,1.339307,0.8549209999999999,ITA,NZL,8544
3353569,114,166,1747,2016,1175225.0,72018.0,2.574025,-0.34859,JPN,NZL,8544
3353570,116,166,1747,2016,0.0,3088.0,-0.535616,0.520101,KEN,NZL,8544
3353571,119,166,1747,2016,0.0,80549.0,0.23475300000000002,-0.789514,KIR,NZL,8544
3353572,121,166,1747,2016,2074798.0,11682.0,2.086184,0.724318,KOR,NZL,8544
3353573,123,166,1747,2016,0.0,1540.0,-0.9781479999999999,-0.8272860000000001,LAO,NZL,8544
3353574,128,166,1747,2016,1580.0,31387.0,-0.562869,0.49937,LKA,NZL,8544
3353575,130,166,1747,2016,15514.0,0.0,0.706929,1.419432,LTU,NZL,8544
3353576,131,166,1747,2016,17219.0,0.0,1.340054,1.30224,LUX,NZL,8544
3353577,132,166,1747,2016,1353.0,0.0,0.553592,1.19865,LVA,NZL,8544
3353578,134,166,1747,2016,25793.0,0.0,-0.772795,-0.206511,MAR,NZL,8544
3353579,137,166,1747,2016,0.0,2978.0,-0.79904,-0.9720840000000001,MDV,NZL,8544
3353580,138,166,1747,2016,668486.0,128615.0,1.165638,0.6446649999999999,MEX,NZL,8544
3353581,139,166,1747,2016,0.0,4413.0,0.073567,-0.808307,MHL,NZL,8544
3353582,142,166,1747,2016,0.0,1333.0,0.8795950000000001,-0.21689499999999998,MLT,NZL,8544
3353583,146,166,1747,2016,0.0,14204.0,0.867833,-0.68889,MNP,NZL,8544
3353584,148,166,1747,2016,0.0,1356.0,-1.542265,-1.318586,MRT,NZL,8544
3353585,152,166,1747,2016,0.0,636.0,-1.113794,-1.172385,MWI,NZL,8544
3353586,153,166,1747,2016,1696481.0,95686.0,1.106894,0.7452840000000001,MYS,NZL,8544
3353587,156,166,1747,2016,0.0,46369.0,-0.9910389999999999,-0.9463940000000001,NCL,NZL,8544
3353588,158,166,1747,2016,0.0,46228.0,1.0897629999999998,-0.539247,NFK,NZL,8544
3353589,160,166,1747,2016,0.0,2166.0,-1.0387389999999999,-0.998977,NIC,NZL,8544
3353590,161,166,1747,2016,18965.0,20178.0,1.666675,-0.198755,NIU,NZL,8544
3353591,162,166,1747,2016,549306.0,185590.0,1.157361,1.5188540000000001,NLD,NZL,8544
3353592,163,166,1747,2016,14864.0,113207.0,0.89891,0.297673,NOR,NZL,8544
3353593,167,166,1747,2016,0.0,11348.0,-0.334782,-0.9107190000000001,OMN,NZL,8544
3353594,168,166,1747,2016,3455.0,28516.0,-0.7502800000000001,0.545331,PAK,NZL,8544
3353595,169,166,1747,2016,0.0,3040.0,0.58773,0.654145,PAN,NZL,8544
3353596,173,166,1747,2016,0.0,6715.0,-0.717529,0.007845999999999999,PER,NZL,8544
3353597,174,166,1747,2016,140678.0,35696.0,0.619343,0.303981,PHL,NZL,8544
3353598,175,166,1747,2016,0.0,18410.0,0.707907,-0.531396,PLW,NZL,8544
3353599,176,166,1747,2016,0.0,109172.0,-1.689987,-1.2762639999999998,PNG,NZL,8544
3353600,177,166,1747,2016,1539545.0,9783.0,1.146113,1.239532,POL,NZL,8544
3353601,179,166,1747,2016,46378.0,13256.0,0.519621,2.254972,PRT,NZL,8544
3353602,180,166,1747,2016,0.0,1040.0,-0.660702,-1.0329979999999999,PRY,NZL,8544
3353603,182,166,1747,2016,0.0,17093.0,0.11597400000000001,-0.657672,PYF,NZL,8544
3353604,183,166,1747,2016,0.0,4965.0,-0.36124,-1.106629,QAT,NZL,8544
3353605,185,166,1747,2016,48480.0,12727.0,1.061259,0.9878870000000001,ROU,NZL,8544
3353606,186,166,1747,2016,5405.0,19172.0,0.252891,0.200423,RUS,NZL,8544
3353607,188,166,1747,2016,0.0,12138.0,0.394807,-0.638644,SAU,NZL,8544
3353608,192,166,1747,2016,921574.0,260410.0,2.089995,0.564921,SGP,NZL,8544
3353609,195,166,1747,2016,0.0,80906.0,-0.740271,-0.881382,SLB,NZL,8544
3353610,206,166,1747,2016,94922.0,0.0,1.273942,0.763966,SVK,NZL,8544
3353611,207,166,1747,2016,7587.0,1470.0,1.6466720000000001,0.8247680000000001,SVN,NZL,8544
3353612,208,166,1747,2016,722896.0,24405.0,1.785149,0.767444,SWE,NZL,8544
3353613,211,166,1747,2016,0.0,1242.0,0.441241,-0.580767,SYC,NZL,8544
3353614,216,166,1747,2016,2937721.0,87342.0,1.022065,1.428082,THA,NZL,8544
3353615,221,166,1747,2016,0.0,916327.0,-0.29545,-0.766385,TON,NZL,8544
3353616,223,166,1747,2016,24123.0,0.0,0.171791,1.062948,TUN,NZL,8544
3353617,224,166,1747,2016,98632.0,57231.0,0.45364799999999994,2.478837,TUR,NZL,8544
3353618,225,166,1747,2016,0.0,32941.0,1.580008,-0.807844,TUV,NZL,8544
3353619,228,166,1747,2016,2334.0,1989.0,0.406901,0.637051,UKR,NZL,8544
3353620,230,166,1747,2016,0.0,12314.0,0.098051,-0.45418400000000003,URY,NZL,8544
3353621,231,166,1747,2016,3145550.0,795456.0,1.685329,0.297536,USA,NZL,8544
3353622,234,166,1747,2016,0.0,835.0,0.157611,-0.581526,VCT,NZL,8544
3353623,239,166,1747,2016,84422.0,14584.0,-0.10217899999999999,1.015568,VNM,NZL,8544
3353624,240,166,1747,2016,0.0,57918.0,-1.187374,-0.9973350000000001,VUT,NZL,8544
3353625,242,166,1747,2016,677.0,241903.0,0.576339,-0.221148,WSM,NZL,8544
3353626,246,166,1747,2016,15386.0,90477.0,0.187396,1.46169,ZAF,NZL,8544
3353627,248,166,1747,2016,9357.0,0.0,-1.083532,-1.0016610000000001,ZWE,NZL,8544
3353628,249,166,1747,2016,2101061.0,21463.0,2.002996,1.39485,TWN,NZL,8544
3353629,0,169,1747,2016,0.0,37405.0,0.9052,0.253571,ABW,PAN,8544
3353630,2,169,1747,2016,0.0,15414.0,-1.313517,-1.262761,AGO,PAN,8544
3353631,7,169,1747,2016,0.0,27877.0,0.11037999999999999,0.045327,ARE,PAN,8544
3353632,8,169,1747,2016,92989.0,546.0,-0.132495,0.16353199999999998,ARG,PAN,8544
3353633,13,169,1747,2016,0.0,21414.0,0.19935999999999998,-0.538471,ATG,PAN,8544
3353634,14,169,1747,2016,228623.0,0.0,-0.25955300000000003,0.0011070000000000001,AUS,PAN,8544
3353635,15,169,1747,2016,8954.0,0.0,1.759363,0.127262,AUT,PAN,8544
3353636,18,169,1747,2016,62916.0,40551.0,1.3102610000000001,1.214573,BEL,PAN,8544
3353637,23,169,1747,2016,2016.0,0.0,0.51707,1.7329130000000001,BGR,PAN,8544
3353638,25,169,1747,2016,0.0,119274.0,0.605834,-0.430958,BHS,PAN,8544
3353639,29,169,1747,2016,1926.0,36810.0,-0.527601,-0.680647,BLZ,PAN,8544
3353640,31,169,1747,2016,4780.0,51134.0,-1.061758,-1.041501,BOL,PAN,8544
3353641,32,169,1747,2016,2494176.0,2425.0,0.245919,0.661809,BRA,PAN,8544
3353642,33,169,1747,2016,0.0,102531.0,0.613282,0.06728200000000001,BRB,PAN,8544
3353643,39,169,1747,2016,113916.0,3782.0,0.6579050000000001,1.12259,CAN,PAN,8544
3353644,41,169,1747,2016,5630.0,0.0,2.3488689999999997,0.806291,CHE,PAN,8544
3353645,42,169,1747,2016,5529147.0,137255.0,-0.385519,-0.470495,CHL,PAN,8544
3353646,43,169,1747,2016,25090028.0,0.0,1.1073620000000002,1.723098,CHN,PAN,8544
3353647,49,169,1747,2016,2110459.0,443999.0,0.10205700000000001,-0.155574,COL,PAN,8544
3353648,52,169,1747,2016,14221232.0,717590.0,0.204591,-0.18279600000000001,CRI,PAN,8544
3353649,54,169,1747,2016,0.0,1617490.0,-0.602309,-1.0781120000000002,CUB,PAN,8544
3353650,55,169,1747,2016,0.0,28387.0,0.232855,-0.7864260000000001,CUW,PAN,8544
3353651,59,169,1747,2016,351104.0,0.0,1.823627,0.552354,CZE,PAN,8544
3353652,61,169,1747,2016,759878.0,0.0,2.203093,-2.24919,DEU,PAN,8544
3353653,64,169,1747,2016,27763.0,0.0,1.117864,1.302658,DNK,PAN,8544
3353654,65,169,1747,2016,9286.0,488092.0,-0.237382,0.295389,DOM,PAN,8544
3353655,67,169,1747,2016,295521.0,499478.0,-1.0860049999999999,-1.049065,ECU,PAN,8544
3353656,71,169,1747,2016,7401289.0,9639.0,0.765428,2.57725,ESP,PAN,8544
3353657,74,169,1747,2016,4495.0,0.0,1.581968,1.006432,FIN,PAN,8544
3353658,77,169,1747,2016,358742.0,2284.0,1.476437,0.911746,FRA,PAN,8544
3353659,81,169,1747,2016,323139.0,10845.0,1.6974669999999998,0.9231299999999999,GBR,PAN,8544
3353660,83,169,1747,2016,0.0,2942.0,-0.945358,-0.805301,GHA,PAN,8544
3353661,90,169,1747,2016,677536.0,0.0,0.12153499999999999,1.126101,GRC,PAN,8544
3353662,91,169,1747,2016,0.0,855.0,0.6993729999999999,-0.250698,GRD,PAN,8544
3353663,93,169,1747,2016,7172.0,1022716.0,-0.414843,0.382162,GTM,PAN,8544
3353664,96,169,1747,2016,0.0,114675.0,-0.4755,-0.778335,GUY,PAN,8544
3353665,97,169,1747,2016,725180.0,0.0,0.8029029999999999,1.477249,HKG,PAN,8544
3353666,99,169,1747,2016,2892011.0,320151.0,-0.673741,-0.403777,HND,PAN,8544
3353667,100,169,1747,2016,27119.0,0.0,0.8695200000000001,1.214791,HRV,PAN,8544
3353668,101,169,1747,2016,0.0,70723.0,-1.30976,-1.010181,HTI,PAN,8544
3353669,103,169,1747,2016,372177.0,0.0,-0.158496,1.492067,IDN,PAN,8544
3353670,104,169,1747,2016,10374.0,0.0,0.30976,2.61043,IND,PAN,8544
3353671,106,169,1747,2016,8172.0,0.0,1.445238,0.07659400000000001,IRL,PAN,8544
3353672,110,169,1747,2016,6447.0,0.0,1.352275,0.67584,ISR,PAN,8544
3353673,111,169,1747,2016,748607.0,2468.0,1.339307,0.8549209999999999,ITA,PAN,8544
3353674,112,169,1747,2016,0.0,293965.0,-0.259972,-0.592114,JAM,PAN,8544
3353675,114,169,1747,2016,977315.0,3043.0,2.574025,-0.34859,JPN,PAN,8544
3353676,120,169,1747,2016,0.0,1567.0,0.620594,-0.4305,KNA,PAN,8544
3353677,121,169,1747,2016,773273.0,0.0,2.086184,0.724318,KOR,PAN,8544
3353678,127,169,1747,2016,0.0,8377.0,0.397746,-0.405285,LCA,PAN,8544
3353679,138,169,1747,2016,14450122.0,426089.0,1.165638,0.6446649999999999,MEX,PAN,8544
3353680,147,169,1747,2016,0.0,253202.0,-1.333702,-1.116794,MOZ,PAN,8544
3353681,153,169,1747,2016,10371.0,0.0,1.106894,0.7452840000000001,MYS,PAN,8544
3353682,155,169,1747,2016,0.0,3199.0,-0.6256689999999999,-0.8612219999999999,NAM,PAN,8544
3353683,160,169,1747,2016,2163.0,519175.0,-1.0387389999999999,-0.998977,NIC,PAN,8544
3353684,162,169,1747,2016,60948.0,3868.0,1.157361,1.5188540000000001,NLD,PAN,8544
3353685,163,169,1747,2016,70763.0,0.0,0.89891,0.297673,NOR,PAN,8544
3353686,166,169,1747,2016,3040.0,0.0,0.236556,0.252918,NZL,PAN,8544
3353687,167,169,1747,2016,131505.0,0.0,-0.334782,-0.9107190000000001,OMN,PAN,8544
3353688,173,169,1747,2016,2222547.0,464335.0,-0.717529,0.007845999999999999,PER,PAN,8544
3353689,174,169,1747,2016,0.0,14170.0,0.619343,0.303981,PHL,PAN,8544
3353690,177,169,1747,2016,0.0,6715.0,1.146113,1.239532,POL,PAN,8544
3353691,179,169,1747,2016,3404446.0,0.0,0.519621,2.254972,PRT,PAN,8544
3353692,180,169,1747,2016,1632.0,187137.0,-0.660702,-1.0329979999999999,PRY,PAN,8544
3353693,185,169,1747,2016,555050.0,0.0,1.061259,0.9878870000000001,ROU,PAN,8544
3353694,186,169,1747,2016,29320.0,0.0,0.252891,0.200423,RUS,PAN,8544
3353695,192,169,1747,2016,59602.0,27563.0,2.089995,0.564921,SGP,PAN,8544
3353696,197,169,1747,2016,25117.0,876667.0,0.10397999999999999,0.25556599999999996,SLV,PAN,8544
3353697,205,169,1747,2016,0.0,6882.0,-0.7823869999999999,-1.060347,SUR,PAN,8544
3353698,206,169,1747,2016,27121.0,0.0,1.273942,0.763966,SVK,PAN,8544
3353699,208,169,1747,2016,82503.0,23240.0,1.785149,0.767444,SWE,PAN,8544
3353700,216,169,1747,2016,1000.0,11817.0,1.022065,1.428082,THA,PAN,8544
3353701,222,169,1747,2016,0.0,219872.0,-0.191969,-1.028843,TTO,PAN,8544
3353702,224,169,1747,2016,441525.0,0.0,0.45364799999999994,2.478837,TUR,PAN,8544
3353703,226,169,1747,2016,0.0,3416.0,-1.1008799999999999,-0.048319,TZA,PAN,8544
3353704,228,169,1747,2016,3133.0,0.0,0.406901,0.637051,UKR,PAN,8544
3353705,230,169,1747,2016,0.0,21858.0,0.098051,-0.45418400000000003,URY,PAN,8544
3353706,231,169,1747,2016,18108923.0,31230.0,1.685329,0.297536,USA,PAN,8544
3353707,236,169,1747,2016,0.0,1852653.0,-0.844669,-1.164315,VEN,PAN,8544
3353708,239,169,1747,2016,422455.0,0.0,-0.10217899999999999,1.015568,VNM,PAN,8544
3353709,246,169,1747,2016,238988.0,0.0,0.187396,1.46169,ZAF,PAN,8544
3353710,249,169,1747,2016,2740547.0,0.0,2.002996,1.39485,TWN,PAN,8544
3353711,250,169,1747,2016,130442.0,2134506.0,0.773312,-0.015385,ANS,PAN,8544
3353712,7,173,1747,2016,5277.0,0.0,0.11037999999999999,0.045327,ARE,PER,8544
3353713,8,173,1747,2016,1261423.0,79336.0,-0.132495,0.16353199999999998,ARG,PER,8544
3353714,14,173,1747,2016,225674.0,3064.0,-0.25955300000000003,0.0011070000000000001,AUS,PER,8544
3353715,15,173,1747,2016,185099.0,0.0,1.759363,0.127262,AUT,PER,8544
3353716,18,173,1747,2016,1298366.0,2558.0,1.3102610000000001,1.214573,BEL,PER,8544
3353717,23,173,1747,2016,128040.0,0.0,0.51707,1.7329130000000001,BGR,PER,8544
3353718,31,173,1747,2016,15870.0,782605.0,-1.061758,-1.041501,BOL,PER,8544
3353719,32,173,1747,2016,4973065.0,111107.0,0.245919,0.661809,BRA,PER,8544
3353720,33,173,1747,2016,0.0,13460.0,0.613282,0.06728200000000001,BRB,PER,8544
3353721,39,173,1747,2016,1238926.0,280649.0,0.6579050000000001,1.12259,CAN,PER,8544
3353722,41,173,1747,2016,3703659.0,19358.0,2.3488689999999997,0.806291,CHE,PER,8544
3353723,42,173,1747,2016,6641513.0,2944403.0,-0.385519,-0.470495,CHL,PER,8544
3353724,43,173,1747,2016,63928059.0,0.0,1.1073620000000002,1.723098,CHN,PER,8544
3353725,49,173,1747,2016,11347433.0,2946663.0,0.10205700000000001,-0.155574,COL,PER,8544
3353726,52,173,1747,2016,739831.0,130591.0,0.204591,-0.18279600000000001,CRI,PER,8544
3353727,57,173,1747,2016,0.0,1136.0,1.045587,-0.779983,CYM,PER,8544
3353728,59,173,1747,2016,135739.0,0.0,1.823627,0.552354,CZE,PER,8544
3353729,61,173,1747,2016,4181118.0,18096.0,2.203093,-2.24919,DEU,PER,8544
3353730,64,173,1747,2016,16193.0,0.0,1.117864,1.302658,DNK,PER,8544
3353731,65,173,1747,2016,899.0,63815.0,-0.237382,0.295389,DOM,PER,8544
3353732,67,173,1747,2016,348890.0,654230.0,-1.0860049999999999,-1.049065,ECU,PER,8544
3353733,68,173,1747,2016,50565.0,0.0,-0.142377,1.674348,EGY,PER,8544
3353734,71,173,1747,2016,23527142.0,105623.0,0.765428,2.57725,ESP,PER,8544
3353735,72,173,1747,2016,24237.0,0.0,1.000418,1.154152,EST,PER,8544
3353736,74,173,1747,2016,46301.0,1494.0,1.581968,1.006432,FIN,PER,8544
3353737,77,173,1747,2016,287855.0,4043.0,1.476437,0.911746,FRA,PER,8544
3353738,81,173,1747,2016,412364.0,12028.0,1.6974669999999998,0.9231299999999999,GBR,PER,8544
3353739,83,173,1747,2016,0.0,1065.0,-0.945358,-0.805301,GHA,PER,8544
3353740,93,173,1747,2016,5302.0,2294.0,-0.414843,0.382162,GTM,PER,8544
3353741,96,173,1747,2016,0.0,3808.0,-0.4755,-0.778335,GUY,PER,8544
3353742,97,173,1747,2016,275219.0,254125.0,0.8029029999999999,1.477249,HKG,PER,8544
3353743,99,173,1747,2016,1492.0,3771.0,-0.673741,-0.403777,HND,PER,8544
3353744,102,173,1747,2016,33199.0,0.0,1.445281,0.8422209999999999,HUN,PER,8544
3353745,103,173,1747,2016,29072.0,4295.0,-0.158496,1.492067,IDN,PER,8544
3353746,104,173,1747,2016,508760.0,0.0,0.30976,2.61043,IND,PER,8544
3353747,106,173,1747,2016,4829.0,4968.0,1.445238,0.07659400000000001,IRL,PER,8544
3353748,107,173,1747,2016,1510.0,0.0,-0.407368,-0.23482399999999998,IRN,PER,8544
3353749,110,173,1747,2016,300738.0,0.0,1.352275,0.67584,ISR,PER,8544
3353750,111,173,1747,2016,1929563.0,87632.0,1.339307,0.8549209999999999,ITA,PER,8544
3353751,112,173,1747,2016,0.0,76970.0,-0.259972,-0.592114,JAM,PER,8544
3353752,114,173,1747,2016,765390.0,0.0,2.574025,-0.34859,JPN,PER,8544
3353753,121,173,1747,2016,6801087.0,0.0,2.086184,0.724318,KOR,PER,8544
3353754,130,173,1747,2016,32707.0,0.0,0.706929,1.419432,LTU,PER,8544
3353755,131,173,1747,2016,7877.0,0.0,1.340054,1.30224,LUX,PER,8544
3353756,134,173,1747,2016,23455.0,0.0,-0.772795,-0.206511,MAR,PER,8544
3353757,138,173,1747,2016,8274694.0,86027.0,1.165638,0.6446649999999999,MEX,PER,8544
3353758,153,173,1747,2016,48840.0,0.0,1.106894,0.7452840000000001,MYS,PER,8544
3353759,160,173,1747,2016,2386.0,42501.0,-1.0387389999999999,-0.998977,NIC,PER,8544
3353760,162,173,1747,2016,410719.0,3718.0,1.157361,1.5188540000000001,NLD,PER,8544
3353761,163,173,1747,2016,10177.0,0.0,0.89891,0.297673,NOR,PER,8544
3353762,166,173,1747,2016,6715.0,0.0,0.236556,0.252918,NZL,PER,8544
3353763,167,173,1747,2016,0.0,8859.0,-0.334782,-0.9107190000000001,OMN,PER,8544
3353764,169,173,1747,2016,464335.0,2222547.0,0.58773,0.654145,PAN,PER,8544
3353765,174,173,1747,2016,99344.0,0.0,0.619343,0.303981,PHL,PER,8544
3353766,177,173,1747,2016,7402319.0,0.0,1.146113,1.239532,POL,PER,8544
3353767,179,173,1747,2016,1084252.0,0.0,0.519621,2.254972,PRT,PER,8544
3353768,185,173,1747,2016,58698.0,0.0,1.061259,0.9878870000000001,ROU,PER,8544
3353769,186,173,1747,2016,339125.0,0.0,0.252891,0.200423,RUS,PER,8544
3353770,192,173,1747,2016,40507.0,0.0,2.089995,0.564921,SGP,PER,8544
3353771,197,173,1747,2016,0.0,23479.0,0.10397999999999999,0.25556599999999996,SLV,PER,8544
3353772,201,173,1747,2016,695.0,0.0,0.501676,1.0447520000000001,SRB,PER,8544
3353773,205,173,1747,2016,0.0,13285.0,-0.7823869999999999,-1.060347,SUR,PER,8544
3353774,206,173,1747,2016,51378.0,0.0,1.273942,0.763966,SVK,PER,8544
3353775,207,173,1747,2016,13503.0,0.0,1.6466720000000001,0.8247680000000001,SVN,PER,8544
3353776,208,173,1747,2016,603908.0,60861.0,1.785149,0.767444,SWE,PER,8544
3353777,216,173,1747,2016,50728.0,0.0,1.022065,1.428082,THA,PER,8544
3353778,223,173,1747,2016,117385.0,0.0,0.171791,1.062948,TUN,PER,8544
3353779,224,173,1747,2016,189266.0,0.0,0.45364799999999994,2.478837,TUR,PER,8544
3353780,228,173,1747,2016,2802.0,0.0,0.406901,0.637051,UKR,PER,8544
3353781,230,173,1747,2016,50644.0,0.0,0.098051,-0.45418400000000003,URY,PER,8544
3353782,231,173,1747,2016,14292038.0,359824.0,1.685329,0.297536,USA,PER,8544
3353783,236,173,1747,2016,243069.0,82565.0,-0.844669,-1.164315,VEN,PER,8544
3353784,239,173,1747,2016,2363937.0,0.0,-0.10217899999999999,1.015568,VNM,PER,8544
3353785,246,173,1747,2016,13203.0,52915.0,0.187396,1.46169,ZAF,PER,8544
3353786,249,173,1747,2016,1665924.0,0.0,2.002996,1.39485,TWN,PER,8544
3353787,2,174,1747,2016,0.0,1385.0,-1.313517,-1.262761,AGO,PHL,8544
3353788,5,174,1747,2016,0.0,55901.0,1.06885,0.519109,AND,PHL,8544
3353789,7,174,1747,2016,77273.0,325809.0,0.11037999999999999,0.045327,ARE,PHL,8544
3353790,8,174,1747,2016,2424.0,5883280.0,-0.132495,0.16353199999999998,ARG,PHL,8544
3353791,9,174,1747,2016,0.0,536.0,-0.044982999999999995,-0.518007,ARM,PHL,8544
3353792,14,174,1747,2016,712579.0,2524324.0,-0.25955300000000003,0.0011070000000000001,AUS,PHL,8544
3353793,15,174,1747,2016,55874.0,63408.0,1.759363,0.127262,AUT,PHL,8544
3353794,16,174,1747,2016,0.0,403.0,-0.909744,-1.180449,AZE,PHL,8544
3353795,18,174,1747,2016,2211213.0,26897.0,1.3102610000000001,1.214573,BEL,PHL,8544
3353796,23,174,1747,2016,3426.0,0.0,0.51707,1.7329130000000001,BGR,PHL,8544
3353797,24,174,1747,2016,886.0,22050.0,0.323348,-0.514446,BHR,PHL,8544
3353798,28,174,1747,2016,0.0,648.0,0.773807,0.827442,BLR,PHL,8544
3353799,31,174,1747,2016,0.0,1554.0,-1.061758,-1.041501,BOL,PHL,8544
3353800,32,174,1747,2016,16480.0,529179.0,0.245919,0.661809,BRA,PHL,8544
3353801,34,174,1747,2016,1057.0,0.0,0.078764,-0.8103670000000001,BRN,PHL,8544
3353802,39,174,1747,2016,721546.0,252552215.0,0.6579050000000001,1.12259,CAN,PHL,8544
3353803,41,174,1747,2016,905881.0,384773.0,2.3488689999999997,0.806291,CHE,PHL,8544
3353804,42,174,1747,2016,0.0,22686.0,-0.385519,-0.470495,CHL,PHL,8544
3353805,43,174,1747,2016,372805061.0,34605799.0,1.1073620000000002,1.723098,CHN,PHL,8544
3353806,44,174,1747,2016,0.0,10698.0,-0.88415,-0.8122689999999999,CIV,PHL,8544
3353807,45,174,1747,2016,0.0,8511.0,-1.086484,-1.0725559999999998,CMR,PHL,8544
3353808,46,174,1747,2016,0.0,12893.0,-1.136472,-1.109177,COD,PHL,8544
3353809,49,174,1747,2016,52316.0,13828.0,0.10205700000000001,-0.155574,COL,PHL,8544
3353810,52,174,1747,2016,138099.0,8329.0,0.204591,-0.18279600000000001,CRI,PHL,8544
3353811,59,174,1747,2016,1015559.0,4660996.0,1.823627,0.552354,CZE,PHL,8544
3353812,61,174,1747,2016,7713302.0,8207455.0,2.203093,-2.24919,DEU,PHL,8544
3353813,64,174,1747,2016,606444.0,11099.0,1.117864,1.302658,DNK,PHL,8544
3353814,65,174,1747,2016,0.0,1314.0,-0.237382,0.295389,DOM,PHL,8544
3353815,67,174,1747,2016,0.0,23122.0,-1.0860049999999999,-1.049065,ECU,PHL,8544
3353816,68,174,1747,2016,448685.0,0.0,-0.142377,1.674348,EGY,PHL,8544
3353817,71,174,1747,2016,2156081.0,625215.0,0.765428,2.57725,ESP,PHL,8544
3353818,72,174,1747,2016,1185.0,3861.0,1.000418,1.154152,EST,PHL,8544
3353819,73,174,1747,2016,0.0,3398.0,-1.006161,-0.756472,ETH,PHL,8544
3353820,74,174,1747,2016,1730820.0,9406.0,1.581968,1.006432,FIN,PHL,8544
3353821,77,174,1747,2016,1770094.0,360486.0,1.476437,0.911746,FRA,PHL,8544
3353822,81,174,1747,2016,1258583.0,9619521.0,1.6974669999999998,0.9231299999999999,GBR,PHL,8544
3353823,90,174,1747,2016,5837.0,0.0,0.12153499999999999,1.126101,GRC,PHL,8544
3353824,95,174,1747,2016,1968.0,0.0,0.659809,-0.066939,GUM,PHL,8544
3353825,97,174,1747,2016,49820543.0,14046048.0,0.8029029999999999,1.477249,HKG,PHL,8544
3353826,99,174,1747,2016,36282.0,0.0,-0.673741,-0.403777,HND,PHL,8544
3353827,102,174,1747,2016,151084.0,351162.0,1.445281,0.8422209999999999,HUN,PHL,8544
3353828,103,174,1747,2016,27710279.0,25388605.0,-0.158496,1.492067,IDN,PHL,8544
3353829,104,174,1747,2016,11215088.0,1341583.0,0.30976,2.61043,IND,PHL,8544
3353830,106,174,1747,2016,224779.0,59020.0,1.445238,0.07659400000000001,IRL,PHL,8544
3353831,109,174,1747,2016,0.0,1253.0,0.192448,-0.37174,ISL,PHL,8544
3353832,110,174,1747,2016,86942.0,226277.0,1.352275,0.67584,ISR,PHL,8544
3353833,111,174,1747,2016,50750229.0,306940.0,1.339307,0.8549209999999999,ITA,PHL,8544
3353834,114,174,1747,2016,159637778.0,878709369.0,2.574025,-0.34859,JPN,PHL,8544
3353835,115,174,1747,2016,0.0,2661.0,-0.376397,-0.553639,KAZ,PHL,8544
3353836,116,174,1747,2016,0.0,20821.0,-0.535616,0.520101,KEN,PHL,8544
3353837,117,174,1747,2016,0.0,15562.0,0.010529,0.287462,KGZ,PHL,8544
3353838,118,174,1747,2016,0.0,7278836.0,-0.8365239999999999,-0.794615,KHM,PHL,8544
3353839,121,174,1747,2016,98430720.0,77742431.0,2.086184,0.724318,KOR,PHL,8544
3353840,122,174,1747,2016,0.0,29716.0,-0.31188,-1.1438620000000002,KWT,PHL,8544
3353841,124,174,1747,2016,0.0,447668.0,0.285829,1.0818139999999998,LBN,PHL,8544
3353842,128,174,1747,2016,182447.0,1022.0,-0.562869,0.49937,LKA,PHL,8544
3353843,130,174,1747,2016,973.0,8886.0,0.706929,1.419432,LTU,PHL,8544
3353844,131,174,1747,2016,17344.0,0.0,1.340054,1.30224,LUX,PHL,8544
3353845,133,174,1747,2016,50397.0,0.0,0.534935,0.185542,MAC,PHL,8544
3353846,134,174,1747,2016,2400.0,40035.0,-0.772795,-0.206511,MAR,PHL,8544
3353847,136,174,1747,2016,0.0,426.0,-1.2672709999999998,-0.613909,MDG,PHL,8544
3353848,138,174,1747,2016,1173173.0,53280568.0,1.165638,0.6446649999999999,MEX,PHL,8544
3353849,143,174,1747,2016,0.0,175884.0,-1.160878,-0.6042609999999999,MMR,PHL,8544
3353850,151,174,1747,2016,0.0,7289.0,-0.24309899999999998,-0.084888,MUS,PHL,8544
3353851,153,174,1747,2016,25497266.0,3136980.0,1.106894,0.7452840000000001,MYS,PHL,8544
3353852,155,174,1747,2016,0.0,1285.0,-0.6256689999999999,-0.8612219999999999,NAM,PHL,8544
3353853,160,174,1747,2016,0.0,1084.0,-1.0387389999999999,-0.998977,NIC,PHL,8544
3353854,162,174,1747,2016,3935954.0,3350368.0,1.157361,1.5188540000000001,NLD,PHL,8544
3353855,163,174,1747,2016,7102.0,34834.0,0.89891,0.297673,NOR,PHL,8544
3353856,166,174,1747,2016,35696.0,140678.0,0.236556,0.252918,NZL,PHL,8544
3353857,167,174,1747,2016,0.0,330060.0,-0.334782,-0.9107190000000001,OMN,PHL,8544
3353858,169,174,1747,2016,14170.0,0.0,0.58773,0.654145,PAN,PHL,8544
3353859,173,174,1747,2016,0.0,99344.0,-0.717529,0.007845999999999999,PER,PHL,8544
3353860,175,174,1747,2016,0.0,2259.0,0.707907,-0.531396,PLW,PHL,8544
3353861,177,174,1747,2016,49303.0,70713.0,1.146113,1.239532,POL,PHL,8544
3353862,178,174,1747,2016,406203.0,2351660.0,-0.512374,-0.143648,PRK,PHL,8544
3353863,179,174,1747,2016,1371170.0,4857.0,0.519621,2.254972,PRT,PHL,8544
3353864,180,174,1747,2016,0.0,930.0,-0.660702,-1.0329979999999999,PRY,PHL,8544
3353865,183,174,1747,2016,10270.0,98938.0,-0.36124,-1.106629,QAT,PHL,8544
3353866,185,174,1747,2016,19749.0,293722.0,1.061259,0.9878870000000001,ROU,PHL,8544
3353867,186,174,1747,2016,0.0,1702862.0,0.252891,0.200423,RUS,PHL,8544
3353868,188,174,1747,2016,0.0,1225492.0,0.394807,-0.638644,SAU,PHL,8544
3353869,192,174,1747,2016,32572368.0,9313323.0,2.089995,0.564921,SGP,PHL,8544
3353870,197,174,1747,2016,0.0,14389.0,0.10397999999999999,0.25556599999999996,SLV,PHL,8544
3353871,201,174,1747,2016,0.0,689950.0,0.501676,1.0447520000000001,SRB,PHL,8544
3353872,206,174,1747,2016,3073.0,13437.0,1.273942,0.763966,SVK,PHL,8544
3353873,207,174,1747,2016,6378.0,1331.0,1.6466720000000001,0.8247680000000001,SVN,PHL,8544
3353874,208,174,1747,2016,377695.0,1210.0,1.785149,0.767444,SWE,PHL,8544
3353875,216,174,1747,2016,63552434.0,100278060.0,1.022065,1.428082,THA,PHL,8544
3353876,223,174,1747,2016,0.0,138394.0,0.171791,1.062948,TUN,PHL,8544
3353877,224,174,1747,2016,5021.0,877496.0,0.45364799999999994,2.478837,TUR,PHL,8544
3353878,226,174,1747,2016,0.0,2184.0,-1.1008799999999999,-0.048319,TZA,PHL,8544
3353879,228,174,1747,2016,27805029.0,85060.0,0.406901,0.637051,UKR,PHL,8544
3353880,230,174,1747,2016,0.0,1140.0,0.098051,-0.45418400000000003,URY,PHL,8544
3353881,231,174,1747,2016,37039678.0,468598313.0,1.685329,0.297536,USA,PHL,8544
3353882,239,174,1747,2016,27824981.0,10797902.0,-0.10217899999999999,1.015568,VNM,PHL,8544
3353883,246,174,1747,2016,58153.0,151808.0,0.187396,1.46169,ZAF,PHL,8544
3353884,249,174,1747,2016,21457994.0,10998743.0,2.002996,1.39485,TWN,PHL,8544
3353885,2,177,1747,2016,0.0,271159.0,-1.313517,-1.262761,AGO,POL,8544
3353886,4,177,1747,2016,0.0,47124.0,-0.534645,-0.09027,ALB,POL,8544
3353887,5,177,1747,2016,14854.0,0.0,1.06885,0.519109,AND,POL,8544
3353888,7,177,1747,2016,28254.0,4478623.0,0.11037999999999999,0.045327,ARE,POL,8544
3353889,8,177,1747,2016,7009.0,176954.0,-0.132495,0.16353199999999998,ARG,POL,8544
3353890,9,177,1747,2016,0.0,39325.0,-0.044982999999999995,-0.518007,ARM,POL,8544
3353891,11,177,1747,2016,0.0,4734.0,1.353034,-0.511497,ATA,POL,8544
3353892,12,177,1747,2016,0.0,22058.0,0.589661,-0.733125,ATF,POL,8544
3353893,13,177,1747,2016,0.0,1914.0,0.19935999999999998,-0.538471,ATG,POL,8544
3353894,14,177,1747,2016,56054.0,6728600.0,-0.25955300000000003,0.0011070000000000001,AUS,POL,8544
3353895,15,177,1747,2016,16220689.0,28592560.0,1.759363,0.127262,AUT,POL,8544
3353896,16,177,1747,2016,0.0,520701.0,-0.909744,-1.180449,AZE,POL,8544
3353897,18,177,1747,2016,8688514.0,93715911.0,1.3102610000000001,1.214573,BEL,POL,8544
3353898,19,177,1747,2016,0.0,4176.0,-0.971123,-0.801574,BEN,POL,8544
3353899,20,177,1747,2016,0.0,3479.0,0.427425,-0.8977280000000001,BES,POL,8544
3353900,21,177,1747,2016,0.0,17806.0,-1.0885790000000002,-1.027005,BFA,POL,8544
3353901,22,177,1747,2016,0.0,4559.0,-1.107523,-1.065009,BGD,POL,8544
3353902,23,177,1747,2016,18330350.0,3174294.0,0.51707,1.7329130000000001,BGR,POL,8544
3353903,24,177,1747,2016,0.0,103878.0,0.323348,-0.514446,BHR,POL,8544
3353904,25,177,1747,2016,0.0,1790.0,0.605834,-0.430958,BHS,POL,8544
3353905,26,177,1747,2016,0.0,668018.0,0.47827700000000006,0.5643100000000001,BIH,POL,8544
3353906,28,177,1747,2016,2394136.0,9641993.0,0.773807,0.827442,BLR,POL,8544
3353907,29,177,1747,2016,0.0,1331.0,-0.527601,-0.680647,BLZ,POL,8544
3353908,31,177,1747,2016,0.0,7929.0,-1.061758,-1.041501,BOL,POL,8544
3353909,32,177,1747,2016,43227.0,2781951.0,0.245919,0.661809,BRA,POL,8544
3353910,33,177,1747,2016,0.0,1188.0,0.613282,0.06728200000000001,BRB,POL,8544
3353911,34,177,1747,2016,1520.0,9131.0,0.078764,-0.8103670000000001,BRN,POL,8544
3353912,37,177,1747,2016,0.0,2733.0,-0.9927739999999999,-1.260391,BWA,POL,8544
3353913,39,177,1747,2016,1573891.0,3220596.0,0.6579050000000001,1.12259,CAN,POL,8544
3353914,41,177,1747,2016,31073815.0,27973260.0,2.3488689999999997,0.806291,CHE,POL,8544
3353915,42,177,1747,2016,1216.0,788809.0,-0.385519,-0.470495,CHL,POL,8544
3353916,43,177,1747,2016,106799981.0,32049345.0,1.1073620000000002,1.723098,CHN,POL,8544
3353917,44,177,1747,2016,0.0,57013.0,-0.88415,-0.8122689999999999,CIV,POL,8544
3353918,45,177,1747,2016,6605.0,84606.0,-1.086484,-1.0725559999999998,CMR,POL,8544
3353919,46,177,1747,2016,0.0,9753.0,-1.136472,-1.109177,COD,POL,8544
3353920,47,177,1747,2016,0.0,57326.0,-0.718731,-1.0663799999999999,COG,POL,8544
3353921,49,177,1747,2016,0.0,257322.0,0.10205700000000001,-0.155574,COL,POL,8544
3353922,51,177,1747,2016,9965.0,0.0,0.264883,-0.580199,CPV,POL,8544
3353923,52,177,1747,2016,586795.0,25638.0,0.204591,-0.18279600000000001,CRI,POL,8544
3353924,55,177,1747,2016,0.0,625380.0,0.232855,-0.7864260000000001,CUW,POL,8544
3353925,58,177,1747,2016,0.0,2363632.0,0.40822800000000004,0.07535,CYP,POL,8544
3353926,59,177,1747,2016,131842678.0,169257281.0,1.823627,0.552354,CZE,POL,8544
3353927,61,177,1747,2016,398695505.0,830154499.0,2.203093,-2.24919,DEU,POL,8544
3353928,64,177,1747,2016,4576558.0,12666156.0,1.117864,1.302658,DNK,POL,8544
3353929,65,177,1747,2016,380053.0,60605.0,-0.237382,0.295389,DOM,POL,8544
3353930,66,177,1747,2016,0.0,501934.0,-1.0202930000000001,-1.236642,DZA,POL,8544
3353931,67,177,1747,2016,42670.0,24944.0,-1.0860049999999999,-1.049065,ECU,POL,8544
3353932,68,177,1747,2016,769256.0,4298161.0,-0.142377,1.674348,EGY,POL,8544
3353933,71,177,1747,2016,25073500.0,27436078.0,0.765428,2.57725,ESP,POL,8544
3353934,72,177,1747,2016,2064796.0,12318265.0,1.000418,1.154152,EST,POL,8544
3353935,73,177,1747,2016,0.0,51345.0,-1.006161,-0.756472,ETH,POL,8544
3353936,74,177,1747,2016,3791579.0,28502469.0,1.581968,1.006432,FIN,POL,8544
3353937,77,177,1747,2016,32138253.0,66388046.0,1.476437,0.911746,FRA,POL,8544
3353938,78,177,1747,2016,0.0,11709.0,-0.7436,-0.955406,FRO,POL,8544
3353939,81,177,1747,2016,20063133.0,290955870.0,1.6974669999999998,0.9231299999999999,GBR,POL,8544
3353940,82,177,1747,2016,1977.0,86024.0,-0.388359,-0.51175,GEO,POL,8544
3353941,83,177,1747,2016,0.0,39218.0,-0.945358,-0.805301,GHA,POL,8544
3353942,84,177,1747,2016,0.0,23675.0,0.8535370000000001,-0.661778,GIB,POL,8544
3353943,90,177,1747,2016,999477.0,1293907.0,0.12153499999999999,1.126101,GRC,POL,8544
3353944,96,177,1747,2016,0.0,583507.0,-0.4755,-0.778335,GUY,POL,8544
3353945,97,177,1747,2016,3328120.0,3251600.0,0.8029029999999999,1.477249,HKG,POL,8544
3353946,99,177,1747,2016,861476.0,7163.0,-0.673741,-0.403777,HND,POL,8544
3353947,100,177,1747,2016,119127.0,6556958.0,0.8695200000000001,1.214791,HRV,POL,8544
3353948,102,177,1747,2016,47295215.0,57359359.0,1.445281,0.8422209999999999,HUN,POL,8544
3353949,103,177,1747,2016,6202969.0,311117.0,-0.158496,1.492067,IDN,POL,8544
3353950,104,177,1747,2016,7656492.0,2386507.0,0.30976,2.61043,IND,POL,8544
3353951,105,177,1747,2016,47241.0,0.0,0.9315,-0.661654,IOT,POL,8544
3353952,106,177,1747,2016,464853.0,2479772.0,1.445238,0.07659400000000001,IRL,POL,8544
3353953,107,177,1747,2016,0.0,77015.0,-0.407368,-0.23482399999999998,IRN,POL,8544
3353954,108,177,1747,2016,0.0,8524.0,-2.2400029999999997,-1.017174,IRQ,POL,8544
3353955,109,177,1747,2016,2711.0,1216977.0,0.192448,-0.37174,ISL,POL,8544
3353956,110,177,1747,2016,645143.0,5767953.0,1.352275,0.67584,ISR,POL,8544
3353957,111,177,1747,2016,90856803.0,121105009.0,1.339307,0.8549209999999999,ITA,POL,8544
3353958,112,177,1747,2016,0.0,6635.0,-0.259972,-0.592114,JAM,POL,8544
3353959,113,177,1747,2016,0.0,141235.0,-0.0115,0.045625,JOR,POL,8544
3353960,114,177,1747,2016,1899418.0,2271583.0,2.574025,-0.34859,JPN,POL,8544
3353961,115,177,1747,2016,0.0,2286855.0,-0.376397,-0.553639,KAZ,POL,8544
3353962,116,177,1747,2016,0.0,342382.0,-0.535616,0.520101,KEN,POL,8544
3353963,117,177,1747,2016,0.0,26745.0,0.010529,0.287462,KGZ,POL,8544
3353964,120,177,1747,2016,0.0,2918.0,0.620594,-0.4305,KNA,POL,8544
3353965,121,177,1747,2016,21922387.0,1258876.0,2.086184,0.724318,KOR,POL,8544
3353966,122,177,1747,2016,0.0,1131057.0,-0.31188,-1.1438620000000002,KWT,POL,8544
3353967,124,177,1747,2016,2482347.0,33869.0,0.285829,1.0818139999999998,LBN,POL,8544
3353968,125,177,1747,2016,0.0,1380.0,-0.870345,-1.113277,LBR,POL,8544
3353969,128,177,1747,2016,0.0,18791.0,-0.562869,0.49937,LKA,POL,8544
3353970,130,177,1747,2016,5134505.0,44001914.0,0.706929,1.419432,LTU,POL,8544
3353971,131,177,1747,2016,229930.0,2505761.0,1.340054,1.30224,LUX,POL,8544
3353972,132,177,1747,2016,811998.0,8162268.0,0.553592,1.19865,LVA,POL,8544
3353973,134,177,1747,2016,1699806.0,7463079.0,-0.772795,-0.206511,MAR,POL,8544
3353974,135,177,1747,2016,2627.0,338896.0,-0.340932,-0.2839,MDA,POL,8544
3353975,136,177,1747,2016,0.0,7974.0,-1.2672709999999998,-0.613909,MDG,POL,8544
3353976,137,177,1747,2016,0.0,1392.0,-0.79904,-0.9720840000000001,MDV,POL,8544
3353977,138,177,1747,2016,7088450.0,4105680.0,1.165638,0.6446649999999999,MEX,POL,8544
3353978,140,177,1747,2016,201413.0,205479.0,0.026185000000000003,-0.20027999999999999,MKD,POL,8544
3353979,141,177,1747,2016,0.0,192209.0,-0.584863,-0.74131,MLI,POL,8544
3353980,142,177,1747,2016,0.0,133167.0,0.8795950000000001,-0.21689499999999998,MLT,POL,8544
3353981,143,177,1747,2016,0.0,258321.0,-1.160878,-0.6042609999999999,MMR,POL,8544
3353982,144,177,1747,2016,1163.0,596223.0,-0.005084,-0.25252199999999997,MNE,POL,8544
3353983,145,177,1747,2016,0.0,81721.0,-0.811142,-1.013252,MNG,POL,8544
3353984,147,177,1747,2016,0.0,299026.0,-1.333702,-1.116794,MOZ,POL,8544
3353985,151,177,1747,2016,0.0,5181.0,-0.24309899999999998,-0.084888,MUS,POL,8544
3353986,153,177,1747,2016,599152.0,377509.0,1.106894,0.7452840000000001,MYS,POL,8544
3353987,155,177,1747,2016,0.0,8187.0,-0.6256689999999999,-0.8612219999999999,NAM,POL,8544
3353988,157,177,1747,2016,616.0,4822.0,-0.973057,-0.953672,NER,POL,8544
3353989,159,177,1747,2016,0.0,350994.0,-1.835357,-1.286597,NGA,POL,8544
3353990,160,177,1747,2016,6514.0,4181.0,-1.0387389999999999,-0.998977,NIC,POL,8544
3353991,162,177,1747,2016,22957754.0,58542782.0,1.157361,1.5188540000000001,NLD,POL,8544
3353992,163,177,1747,2016,3073623.0,10129840.0,0.89891,0.297673,NOR,POL,8544
3353993,166,177,1747,2016,9783.0,1539545.0,0.236556,0.252918,NZL,POL,8544
3353994,167,177,1747,2016,0.0,74777.0,-0.334782,-0.9107190000000001,OMN,POL,8544
3353995,168,177,1747,2016,0.0,727051.0,-0.7502800000000001,0.545331,PAK,POL,8544
3353996,169,177,1747,2016,6715.0,0.0,0.58773,0.654145,PAN,POL,8544
3353997,173,177,1747,2016,0.0,7402319.0,-0.717529,0.007845999999999999,PER,POL,8544
3353998,174,177,1747,2016,70713.0,49303.0,0.619343,0.303981,PHL,POL,8544
3353999,178,177,1747,2016,278343.0,0.0,-0.512374,-0.143648,PRK,POL,8544
3354000,179,177,1747,2016,16251558.0,6518205.0,0.519621,2.254972,PRT,POL,8544
3354001,180,177,1747,2016,0.0,211429.0,-0.660702,-1.0329979999999999,PRY,POL,8544
3354002,181,177,1747,2016,0.0,2427.0,-0.067187,0.535972,PSE,POL,8544
3354003,182,177,1747,2016,0.0,1187.0,0.11597400000000001,-0.657672,PYF,POL,8544
3354004,183,177,1747,2016,0.0,549677.0,-0.36124,-1.106629,QAT,POL,8544
3354005,185,177,1747,2016,107227202.0,62040828.0,1.061259,0.9878870000000001,ROU,POL,8544
3354006,186,177,1747,2016,435555.0,15696806.0,0.252891,0.200423,RUS,POL,8544
3354007,187,177,1747,2016,0.0,25268.0,-0.5802149999999999,-0.568327,RWA,POL,8544
3354008,188,177,1747,2016,0.0,2457079.0,0.394807,-0.638644,SAU,POL,8544
3354009,190,177,1747,2016,0.0,41617.0,-1.216141,-1.191648,SDN,POL,8544
3354010,191,177,1747,2016,1049.0,25524.0,-0.7061270000000001,-0.46532399999999996,SEN,POL,8544
3354011,192,177,1747,2016,64266.0,5120194.0,2.089995,0.564921,SGP,POL,8544
3354012,197,177,1747,2016,0.0,3435.0,0.10397999999999999,0.25556599999999996,SLV,POL,8544
3354013,199,177,1747,2016,0.0,2272.0,-1.429439,-1.006612,SOM,POL,8544
3354014,201,177,1747,2016,15086464.0,9592466.0,0.501676,1.0447520000000001,SRB,POL,8544
3354015,205,177,1747,2016,0.0,1529.0,-0.7823869999999999,-1.060347,SUR,POL,8544
3354016,206,177,1747,2016,72657859.0,30527048.0,1.273942,0.763966,SVK,POL,8544
3354017,207,177,1747,2016,8306420.0,5884467.0,1.6466720000000001,0.8247680000000001,SVN,POL,8544
3354018,208,177,1747,2016,39219277.0,87874516.0,1.785149,0.767444,SWE,POL,8544
3354019,215,177,1747,2016,0.0,13467.0,-0.751382,-0.7411310000000001,TGO,POL,8544
3354020,216,177,1747,2016,530166.0,772295.0,1.022065,1.428082,THA,POL,8544
3354021,219,177,1747,2016,0.0,3938.0,-1.27494,-1.259639,TKM,POL,8544
3354022,222,177,1747,2016,0.0,1204611.0,-0.191969,-1.028843,TTO,POL,8544
3354023,223,177,1747,2016,46542587.0,14575483.0,0.171791,1.062948,TUN,POL,8544
3354024,224,177,1747,2016,25946462.0,6992540.0,0.45364799999999994,2.478837,TUR,POL,8544
3354025,226,177,1747,2016,0.0,902932.0,-1.1008799999999999,-0.048319,TZA,POL,8544
3354026,227,177,1747,2016,0.0,363746.0,-0.37745300000000004,0.525303,UGA,POL,8544
3354027,228,177,1747,2016,198008179.0,119120462.0,0.406901,0.637051,UKR,POL,8544
3354028,229,177,1747,2016,285940.0,0.0,1.8058740000000002,0.587761,UMI,POL,8544
3354029,230,177,1747,2016,0.0,254382.0,0.098051,-0.45418400000000003,URY,POL,8544
3354030,231,177,1747,2016,18020577.0,88882837.0,1.685329,0.297536,USA,POL,8544
3354031,232,177,1747,2016,0.0,8934.0,-0.703465,-0.493036,UZB,POL,8544
3354032,236,177,1747,2016,0.0,2705323.0,-0.844669,-1.164315,VEN,POL,8544
3354033,239,177,1747,2016,3325834.0,182388.0,-0.10217899999999999,1.015568,VNM,POL,8544
3354034,246,177,1747,2016,362252.0,6016178.0,0.187396,1.46169,ZAF,POL,8544
3354035,247,177,1747,2016,0.0,8118.0,-0.632437,-0.968817,ZMB,POL,8544
3354036,248,177,1747,2016,0.0,14814.0,-1.083532,-1.0016610000000001,ZWE,POL,8544
3354037,249,177,1747,2016,2930847.0,159029.0,2.002996,1.39485,TWN,POL,8544
3354038,250,177,1747,2016,3042511.0,32520.0,0.773312,-0.015385,ANS,POL,8544
3354039,2,179,1747,2016,5484.0,21305578.0,-1.313517,-1.262761,AGO,PRT,8544
3354040,4,179,1747,2016,0.0,2008.0,-0.534645,-0.09027,ALB,PRT,8544
3354041,7,179,1747,2016,19697.0,1761596.0,0.11037999999999999,0.045327,ARE,PRT,8544
3354042,8,179,1747,2016,0.0,147759.0,-0.132495,0.16353199999999998,ARG,PRT,8544
3354043,14,179,1747,2016,1528561.0,203511.0,-0.25955300000000003,0.0011070000000000001,AUS,PRT,8544
3354044,15,179,1747,2016,6566258.0,157010.0,1.759363,0.127262,AUT,PRT,8544
3354045,18,179,1747,2016,1732245.0,22571920.0,1.3102610000000001,1.214573,BEL,PRT,8544
3354046,19,179,1747,2016,12850.0,81108.0,-0.971123,-0.801574,BEN,PRT,8544
3354047,21,179,1747,2016,0.0,53629.0,-1.0885790000000002,-1.027005,BFA,PRT,8544
3354048,23,179,1747,2016,31385.0,1615373.0,0.51707,1.7329130000000001,BGR,PRT,8544
3354049,24,179,1747,2016,0.0,7004.0,0.323348,-0.514446,BHR,PRT,8544
3354050,28,179,1747,2016,0.0,19375.0,0.773807,0.827442,BLR,PRT,8544
3354051,31,179,1747,2016,0.0,267746.0,-1.061758,-1.041501,BOL,PRT,8544
3354052,32,179,1747,2016,892143.0,817596.0,0.245919,0.661809,BRA,PRT,8544
3354053,39,179,1747,2016,95832.0,146406.0,0.6579050000000001,1.12259,CAN,PRT,8544
3354054,41,179,1747,2016,1683596.0,399432.0,2.3488689999999997,0.806291,CHE,PRT,8544
3354055,42,179,1747,2016,333945.0,6696575.0,-0.385519,-0.470495,CHL,PRT,8544
3354056,43,179,1747,2016,14754308.0,11171552.0,1.1073620000000002,1.723098,CHN,PRT,8544
3354057,44,179,1747,2016,0.0,721413.0,-0.88415,-0.8122689999999999,CIV,PRT,8544
3354058,45,179,1747,2016,1145.0,59315.0,-1.086484,-1.0725559999999998,CMR,PRT,8544
3354059,46,179,1747,2016,0.0,36132.0,-1.136472,-1.109177,COD,PRT,8544
3354060,47,179,1747,2016,0.0,15505.0,-0.718731,-1.0663799999999999,COG,PRT,8544
3354061,49,179,1747,2016,0.0,2084025.0,0.10205700000000001,-0.155574,COL,PRT,8544
3354062,50,179,1747,2016,0.0,10475.0,-0.520849,-0.8678040000000001,COM,PRT,8544
3354063,51,179,1747,2016,2139.0,3466897.0,0.264883,-0.580199,CPV,PRT,8544
3354064,52,179,1747,2016,0.0,68484.0,0.204591,-0.18279600000000001,CRI,PRT,8544
3354065,54,179,1747,2016,0.0,1930323.0,-0.602309,-1.0781120000000002,CUB,PRT,8544
3354066,58,179,1747,2016,0.0,322963.0,0.40822800000000004,0.07535,CYP,PRT,8544
3354067,59,179,1747,2016,2941687.0,977378.0,1.823627,0.552354,CZE,PRT,8544
3354068,61,179,1747,2016,65217472.0,59877015.0,2.203093,-2.24919,DEU,PRT,8544
3354069,64,179,1747,2016,1020214.0,81710.0,1.117864,1.302658,DNK,PRT,8544
3354070,65,179,1747,2016,0.0,25588.0,-0.237382,0.295389,DOM,PRT,8544
3354071,66,179,1747,2016,0.0,4622607.0,-1.0202930000000001,-1.236642,DZA,PRT,8544
3354072,67,179,1747,2016,0.0,1144.0,-1.0860049999999999,-1.049065,ECU,PRT,8544
3354073,68,179,1747,2016,5530.0,113094.0,-0.142377,1.674348,EGY,PRT,8544
3354074,71,179,1747,2016,106323693.0,123916305.0,0.765428,2.57725,ESP,PRT,8544
3354075,72,179,1747,2016,0.0,43315.0,1.000418,1.154152,EST,PRT,8544
3354076,73,179,1747,2016,0.0,1744.0,-1.006161,-0.756472,ETH,PRT,8544
3354077,74,179,1747,2016,91493.0,150760.0,1.581968,1.006432,FIN,PRT,8544
3354078,77,179,1747,2016,12846325.0,90932770.0,1.476437,0.911746,FRA,PRT,8544
3354079,80,179,1747,2016,0.0,25867.0,-1.530568,-1.254999,GAB,PRT,8544
3354080,81,179,1747,2016,6335210.0,74595283.0,1.6974669999999998,0.9231299999999999,GBR,PRT,8544
3354081,82,179,1747,2016,0.0,393878.0,-0.388359,-0.51175,GEO,PRT,8544
3354082,83,179,1747,2016,0.0,326930.0,-0.945358,-0.805301,GHA,PRT,8544
3354083,84,179,1747,2016,0.0,61315.0,0.8535370000000001,-0.661778,GIB,PRT,8544
3354084,85,179,1747,2016,0.0,180457.0,-1.474753,-1.215627,GIN,PRT,8544
3354085,87,179,1747,2016,0.0,282248.0,-0.743023,-0.833044,GMB,PRT,8544
3354086,88,179,1747,2016,0.0,318843.0,-1.671858,-1.043328,GNB,PRT,8544
3354087,89,179,1747,2016,0.0,155714.0,-1.766286,-0.9607709999999999,GNQ,PRT,8544
3354088,90,179,1747,2016,14994.0,226079.0,0.12153499999999999,1.126101,GRC,PRT,8544
3354089,97,179,1747,2016,263471.0,52892.0,0.8029029999999999,1.477249,HKG,PRT,8544
3354090,99,179,1747,2016,6146.0,89679.0,-0.673741,-0.403777,HND,PRT,8544
3354091,100,179,1747,2016,890.0,72234.0,0.8695200000000001,1.214791,HRV,PRT,8544
3354092,102,179,1747,2016,2059255.0,5887672.0,1.445281,0.8422209999999999,HUN,PRT,8544
3354093,103,179,1747,2016,0.0,8057.0,-0.158496,1.492067,IDN,PRT,8544
3354094,104,179,1747,2016,738753.0,1114516.0,0.30976,2.61043,IND,PRT,8544
3354095,106,179,1747,2016,640906.0,23784063.0,1.445238,0.07659400000000001,IRL,PRT,8544
3354096,107,179,1747,2016,0.0,898.0,-0.407368,-0.23482399999999998,IRN,PRT,8544
3354097,108,179,1747,2016,0.0,66535.0,-2.2400029999999997,-1.017174,IRQ,PRT,8544
3354098,109,179,1747,2016,0.0,1433.0,0.192448,-0.37174,ISL,PRT,8544
3354099,110,179,1747,2016,18387.0,25451.0,1.352275,0.67584,ISR,PRT,8544
3354100,111,179,1747,2016,22773079.0,30270254.0,1.339307,0.8549209999999999,ITA,PRT,8544
3354101,112,179,1747,2016,0.0,65142.0,-0.259972,-0.592114,JAM,PRT,8544
3354102,113,179,1747,2016,0.0,167973.0,-0.0115,0.045625,JOR,PRT,8544
3354103,114,179,1747,2016,1214209.0,141423.0,2.574025,-0.34859,JPN,PRT,8544
3354104,115,179,1747,2016,119871.0,45686.0,-0.376397,-0.553639,KAZ,PRT,8544
3354105,116,179,1747,2016,0.0,83284.0,-0.535616,0.520101,KEN,PRT,8544
3354106,117,179,1747,2016,0.0,288.0,0.010529,0.287462,KGZ,PRT,8544
3354107,121,179,1747,2016,5379780.0,1135461.0,2.086184,0.724318,KOR,PRT,8544
3354108,122,179,1747,2016,0.0,26365.0,-0.31188,-1.1438620000000002,KWT,PRT,8544
3354109,124,179,1747,2016,0.0,2374.0,0.285829,1.0818139999999998,LBN,PRT,8544
3354110,126,179,1747,2016,0.0,26221086.0,-1.021925,-1.2316790000000002,LBY,PRT,8544
3354111,128,179,1747,2016,62454.0,25963.0,-0.562869,0.49937,LKA,PRT,8544
3354112,130,179,1747,2016,8910.0,147041.0,0.706929,1.419432,LTU,PRT,8544
3354113,131,179,1747,2016,36678.0,174335.0,1.340054,1.30224,LUX,PRT,8544
3354114,132,179,1747,2016,23543.0,59357.0,0.553592,1.19865,LVA,PRT,8544
3354115,133,179,1747,2016,104924.0,2830405.0,0.534935,0.185542,MAC,PRT,8544
3354116,134,179,1747,2016,35571401.0,38823867.0,-0.772795,-0.206511,MAR,PRT,8544
3354117,135,179,1747,2016,0.0,744588.0,-0.340932,-0.2839,MDA,PRT,8544
3354118,136,179,1747,2016,0.0,11314.0,-1.2672709999999998,-0.613909,MDG,PRT,8544
3354119,138,179,1747,2016,1052390.0,4828792.0,1.165638,0.6446649999999999,MEX,PRT,8544
3354120,140,179,1747,2016,0.0,48383.0,0.026185000000000003,-0.20027999999999999,MKD,PRT,8544
3354121,141,179,1747,2016,0.0,16526.0,-0.584863,-0.74131,MLI,PRT,8544
3354122,142,179,1747,2016,0.0,34135.0,0.8795950000000001,-0.21689499999999998,MLT,PRT,8544
3354123,147,179,1747,2016,21965.0,7964427.0,-1.333702,-1.116794,MOZ,PRT,8544
3354124,148,179,1747,2016,0.0,403206.0,-1.542265,-1.318586,MRT,PRT,8544
3354125,151,179,1747,2016,986.0,9983.0,-0.24309899999999998,-0.084888,MUS,PRT,8544
3354126,152,179,1747,2016,0.0,1764.0,-1.113794,-1.172385,MWI,PRT,8544
3354127,153,179,1747,2016,33990.0,7559.0,1.106894,0.7452840000000001,MYS,PRT,8544
3354128,155,179,1747,2016,0.0,14331.0,-0.6256689999999999,-0.8612219999999999,NAM,PRT,8544
3354129,156,179,1747,2016,0.0,4952.0,-0.9910389999999999,-0.9463940000000001,NCL,PRT,8544
3354130,159,179,1747,2016,0.0,38515.0,-1.835357,-1.286597,NGA,PRT,8544
3354131,160,179,1747,2016,0.0,9699.0,-1.0387389999999999,-0.998977,NIC,PRT,8544
3354132,162,179,1747,2016,3903949.0,3254839.0,1.157361,1.5188540000000001,NLD,PRT,8544
3354133,163,179,1747,2016,182957.0,5082637.0,0.89891,0.297673,NOR,PRT,8544
3354134,166,179,1747,2016,13256.0,46378.0,0.236556,0.252918,NZL,PRT,8544
3354135,167,179,1747,2016,0.0,105220.0,-0.334782,-0.9107190000000001,OMN,PRT,8544
3354136,168,179,1747,2016,0.0,981.0,-0.7502800000000001,0.545331,PAK,PRT,8544
3354137,169,179,1747,2016,0.0,3404446.0,0.58773,0.654145,PAN,PRT,8544
3354138,173,179,1747,2016,0.0,1084252.0,-0.717529,0.007845999999999999,PER,PRT,8544
3354139,174,179,1747,2016,4857.0,1371170.0,0.619343,0.303981,PHL,PRT,8544
3354140,177,179,1747,2016,6518205.0,16251558.0,1.146113,1.239532,POL,PRT,8544
3354141,180,179,1747,2016,0.0,196995.0,-0.660702,-1.0329979999999999,PRY,PRT,8544
3354142,183,179,1747,2016,0.0,22696.0,-0.36124,-1.106629,QAT,PRT,8544
3354143,185,179,1747,2016,1824708.0,42621264.0,1.061259,0.9878870000000001,ROU,PRT,8544
3354144,186,179,1747,2016,4632.0,184497.0,0.252891,0.200423,RUS,PRT,8544
3354145,187,179,1747,2016,0.0,14703.0,-0.5802149999999999,-0.568327,RWA,PRT,8544
3354146,188,179,1747,2016,0.0,953346.0,0.394807,-0.638644,SAU,PRT,8544
3354147,190,179,1747,2016,0.0,822.0,-1.216141,-1.191648,SDN,PRT,8544
3354148,191,179,1747,2016,0.0,721577.0,-0.7061270000000001,-0.46532399999999996,SEN,PRT,8544
3354149,192,179,1747,2016,1471.0,246972.0,2.089995,0.564921,SGP,PRT,8544
3354150,196,179,1747,2016,0.0,12889.0,-0.184021,-0.5023920000000001,SLE,PRT,8544
3354151,201,179,1747,2016,0.0,6686.0,0.501676,1.0447520000000001,SRB,PRT,8544
3354152,203,179,1747,2016,0.0,901254.0,0.27849,-0.670342,STP,PRT,8544
3354153,206,179,1747,2016,1503828.0,3896860.0,1.273942,0.763966,SVK,PRT,8544
3354154,207,179,1747,2016,301177.0,13805.0,1.6466720000000001,0.8247680000000001,SVN,PRT,8544
3354155,208,179,1747,2016,1328947.0,4687530.0,1.785149,0.767444,SWE,PRT,8544
3354156,210,179,1747,2016,0.0,168478.0,1.005781,-0.871658,SXM,PRT,8544
3354157,214,179,1747,2016,0.0,3987.0,-2.7867189999999997,-1.035452,TCD,PRT,8544
3354158,215,179,1747,2016,0.0,291762.0,-0.751382,-0.7411310000000001,TGO,PRT,8544
3354159,216,179,1747,2016,162849.0,440598.0,1.022065,1.428082,THA,PRT,8544
3354160,220,179,1747,2016,0.0,112489.0,-0.737023,-0.908582,TLS,PRT,8544
3354161,223,179,1747,2016,246381.0,771224.0,0.171791,1.062948,TUN,PRT,8544
3354162,224,179,1747,2016,3137925.0,22443796.0,0.45364799999999994,2.478837,TUR,PRT,8544
3354163,226,179,1747,2016,0.0,5710.0,-1.1008799999999999,-0.048319,TZA,PRT,8544
3354164,227,179,1747,2016,0.0,4042.0,-0.37745300000000004,0.525303,UGA,PRT,8544
3354165,228,179,1747,2016,24840052.0,83581.0,0.406901,0.637051,UKR,PRT,8544
3354166,230,179,1747,2016,3606.0,374547.0,0.098051,-0.45418400000000003,URY,PRT,8544
3354167,231,179,1747,2016,2657882.0,6416824.0,1.685329,0.297536,USA,PRT,8544
3354168,236,179,1747,2016,0.0,53387.0,-0.844669,-1.164315,VEN,PRT,8544
3354169,239,179,1747,2016,59731.0,7692.0,-0.10217899999999999,1.015568,VNM,PRT,8544
3354170,246,179,1747,2016,137982.0,1983555.0,0.187396,1.46169,ZAF,PRT,8544
3354171,247,179,1747,2016,0.0,895.0,-0.632437,-0.968817,ZMB,PRT,8544
3354172,249,179,1747,2016,181060.0,51655.0,2.002996,1.39485,TWN,PRT,8544
3354173,250,179,1747,2016,0.0,4258.0,0.773312,-0.015385,ANS,PRT,8544
3354174,8,180,1747,2016,2964668.0,20339401.0,-0.132495,0.16353199999999998,ARG,PRY,8544
3354175,15,180,1747,2016,80115.0,2663.0,1.759363,0.127262,AUT,PRY,8544
3354176,18,180,1747,2016,815598.0,0.0,1.3102610000000001,1.214573,BEL,PRY,8544
3354177,31,180,1747,2016,0.0,696331.0,-1.061758,-1.041501,BOL,PRY,8544
3354178,32,180,1747,2016,31252187.0,123161356.0,0.245919,0.661809,BRA,PRY,8544
3354179,39,180,1747,2016,3532.0,0.0,0.6579050000000001,1.12259,CAN,PRY,8544
3354180,41,180,1747,2016,12344.0,0.0,2.3488689999999997,0.806291,CHE,PRY,8544
3354181,42,180,1747,2016,2290671.0,1098.0,-0.385519,-0.470495,CHL,PRY,8544
3354182,43,180,1747,2016,5929508.0,0.0,1.1073620000000002,1.723098,CHN,PRY,8544
3354183,49,180,1747,2016,2964.0,2706.0,0.10205700000000001,-0.155574,COL,PRY,8544
3354184,52,180,1747,2016,6128.0,0.0,0.204591,-0.18279600000000001,CRI,PRY,8544
3354185,59,180,1747,2016,216980.0,0.0,1.823627,0.552354,CZE,PRY,8544
3354186,61,180,1747,2016,530981.0,0.0,2.203093,-2.24919,DEU,PRY,8544
3354187,64,180,1747,2016,27692.0,0.0,1.117864,1.302658,DNK,PRY,8544
3354188,67,180,1747,2016,34335.0,0.0,-1.0860049999999999,-1.049065,ECU,PRY,8544
3354189,71,180,1747,2016,249036.0,0.0,0.765428,2.57725,ESP,PRY,8544
3354190,77,180,1747,2016,134483.0,40401.0,1.476437,0.911746,FRA,PRY,8544
3354191,81,180,1747,2016,28878.0,0.0,1.6974669999999998,0.9231299999999999,GBR,PRY,8544
3354192,97,180,1747,2016,97067.0,3506.0,0.8029029999999999,1.477249,HKG,PRY,8544
3354193,99,180,1747,2016,1145.0,0.0,-0.673741,-0.403777,HND,PRY,8544
3354194,102,180,1747,2016,98986.0,0.0,1.445281,0.8422209999999999,HUN,PRY,8544
3354195,104,180,1747,2016,217940.0,2434.0,0.30976,2.61043,IND,PRY,8544
3354196,110,180,1747,2016,1717.0,0.0,1.352275,0.67584,ISR,PRY,8544
3354197,111,180,1747,2016,51151.0,0.0,1.339307,0.8549209999999999,ITA,PRY,8544
3354198,114,180,1747,2016,710269.0,6306.0,2.574025,-0.34859,JPN,PRY,8544
3354199,121,180,1747,2016,8320435.0,7152.0,2.086184,0.724318,KOR,PRY,8544
3354200,132,180,1747,2016,62365.0,0.0,0.553592,1.19865,LVA,PRY,8544
3354201,134,180,1747,2016,13137.0,0.0,-0.772795,-0.206511,MAR,PRY,8544
3354202,138,180,1747,2016,2526249.0,1343.0,1.165638,0.6446649999999999,MEX,PRY,8544
3354203,153,180,1747,2016,930.0,0.0,1.106894,0.7452840000000001,MYS,PRY,8544
3354204,160,180,1747,2016,1071.0,0.0,-1.0387389999999999,-0.998977,NIC,PRY,8544
3354205,162,180,1747,2016,9190.0,0.0,1.157361,1.5188540000000001,NLD,PRY,8544
3354206,166,180,1747,2016,1040.0,0.0,0.236556,0.252918,NZL,PRY,8544
3354207,169,180,1747,2016,187137.0,1632.0,0.58773,0.654145,PAN,PRY,8544
3354208,174,180,1747,2016,930.0,0.0,0.619343,0.303981,PHL,PRY,8544
3354209,177,180,1747,2016,211429.0,0.0,1.146113,1.239532,POL,PRY,8544
3354210,179,180,1747,2016,196995.0,0.0,0.519621,2.254972,PRT,PRY,8544
3354211,185,180,1747,2016,2808.0,0.0,1.061259,0.9878870000000001,ROU,PRY,8544
3354212,206,180,1747,2016,2977.0,0.0,1.273942,0.763966,SVK,PRY,8544
3354213,208,180,1747,2016,31495.0,0.0,1.785149,0.767444,SWE,PRY,8544
3354214,216,180,1747,2016,321384.0,7625.0,1.022065,1.428082,THA,PRY,8544
3354215,224,180,1747,2016,19286.0,0.0,0.45364799999999994,2.478837,TUR,PRY,8544
3354216,230,180,1747,2016,16460.0,30442.0,0.098051,-0.45418400000000003,URY,PRY,8544
3354217,231,180,1747,2016,4411988.0,1330156.0,1.685329,0.297536,USA,PRY,8544
3354218,249,180,1747,2016,58357.0,0.0,2.002996,1.39485,TWN,PRY,8544
3354219,0,181,1747,2016,6197.0,0.0,0.9052,0.253571,ABW,PSE,8544
3354220,7,181,1747,2016,27190.0,0.0,0.11037999999999999,0.045327,ARE,PSE,8544
3354221,15,181,1747,2016,2129.0,0.0,1.759363,0.127262,AUT,PSE,8544
3354222,18,181,1747,2016,8592.0,0.0,1.3102610000000001,1.214573,BEL,PSE,8544
3354223,23,181,1747,2016,3334.0,0.0,0.51707,1.7329130000000001,BGR,PSE,8544
3354224,41,181,1747,2016,67919.0,0.0,2.3488689999999997,0.806291,CHE,PSE,8544
3354225,43,181,1747,2016,222353.0,0.0,1.1073620000000002,1.723098,CHN,PSE,8544
3354226,59,181,1747,2016,3192.0,0.0,1.823627,0.552354,CZE,PSE,8544
3354227,61,181,1747,2016,56279.0,0.0,2.203093,-2.24919,DEU,PSE,8544
3354228,64,181,1747,2016,27456.0,0.0,1.117864,1.302658,DNK,PSE,8544
3354229,68,181,1747,2016,101314.0,0.0,-0.142377,1.674348,EGY,PSE,8544
3354230,77,181,1747,2016,721.0,0.0,1.476437,0.911746,FRA,PSE,8544
3354231,81,181,1747,2016,67619.0,0.0,1.6974669999999998,0.9231299999999999,GBR,PSE,8544
3354232,97,181,1747,2016,6065.0,0.0,0.8029029999999999,1.477249,HKG,PSE,8544
3354233,102,181,1747,2016,1607.0,0.0,1.445281,0.8422209999999999,HUN,PSE,8544
3354234,110,181,1747,2016,7462816.0,1512758.0,1.352275,0.67584,ISR,PSE,8544
3354235,111,181,1747,2016,33551.0,0.0,1.339307,0.8549209999999999,ITA,PSE,8544
3354236,113,181,1747,2016,45687.0,0.0,-0.0115,0.045625,JOR,PSE,8544
3354237,114,181,1747,2016,7455.0,0.0,2.574025,-0.34859,JPN,PSE,8544
3354238,121,181,1747,2016,3900.0,4304.0,2.086184,0.724318,KOR,PSE,8544
3354239,162,181,1747,2016,18651.0,0.0,1.157361,1.5188540000000001,NLD,PSE,8544
3354240,177,181,1747,2016,2427.0,0.0,1.146113,1.239532,POL,PSE,8544
3354241,185,181,1747,2016,9130.0,0.0,1.061259,0.9878870000000001,ROU,PSE,8544
3354242,186,181,1747,2016,25305.0,0.0,0.252891,0.200423,RUS,PSE,8544
3354243,188,181,1747,2016,30341.0,0.0,0.394807,-0.638644,SAU,PSE,8544
3354244,208,181,1747,2016,13282.0,0.0,1.785149,0.767444,SWE,PSE,8544
3354245,224,181,1747,2016,613025.0,0.0,0.45364799999999994,2.478837,TUR,PSE,8544
3354246,231,181,1747,2016,765.0,0.0,1.685329,0.297536,USA,PSE,8544
3354247,249,181,1747,2016,2273.0,0.0,2.002996,1.39485,TWN,PSE,8544
3354248,2,186,1747,2016,0.0,100646.0,-1.313517,-1.262761,AGO,RUS,8544
3354249,7,186,1747,2016,672626.0,857160.0,0.11037999999999999,0.045327,ARE,RUS,8544
3354250,8,186,1747,2016,0.0,32441.0,-0.132495,0.16353199999999998,ARG,RUS,8544
3354251,9,186,1747,2016,2696.0,3393360.0,-0.044982999999999995,-0.518007,ARM,RUS,8544
3354252,14,186,1747,2016,88632.0,74461.0,-0.25955300000000003,0.0011070000000000001,AUS,RUS,8544
3354253,15,186,1747,2016,6467176.0,69958.0,1.759363,0.127262,AUT,RUS,8544
3354254,16,186,1747,2016,558821.0,2225539.0,-0.909744,-1.180449,AZE,RUS,8544
3354255,18,186,1747,2016,5670811.0,75269.0,1.3102610000000001,1.214573,BEL,RUS,8544
3354256,19,186,1747,2016,0.0,1421.0,-0.971123,-0.801574,BEN,RUS,8544
3354257,22,186,1747,2016,0.0,33311.0,-1.107523,-1.065009,BGD,RUS,8544
3354258,23,186,1747,2016,194912.0,682554.0,0.51707,1.7329130000000001,BGR,RUS,8544
3354259,24,186,1747,2016,0.0,2755.0,0.323348,-0.514446,BHR,RUS,8544
3354260,26,186,1747,2016,0.0,1248.0,0.47827700000000006,0.5643100000000001,BIH,RUS,8544
3354261,28,186,1747,2016,96260804.0,56269602.0,0.773807,0.827442,BLR,RUS,8544
3354262,31,186,1747,2016,0.0,2066.0,-1.061758,-1.041501,BOL,RUS,8544
3354263,32,186,1747,2016,294459.0,127770.0,0.245919,0.661809,BRA,RUS,8544
3354264,38,186,1747,2016,0.0,7893.0,-0.43507299999999993,-0.7039300000000001,CAF,RUS,8544
3354265,39,186,1747,2016,1253657.0,157310.0,0.6579050000000001,1.12259,CAN,RUS,8544
3354266,41,186,1747,2016,7710191.0,104083.0,2.3488689999999997,0.806291,CHE,RUS,8544
3354267,42,186,1747,2016,0.0,923.0,-0.385519,-0.470495,CHL,RUS,8544
3354268,43,186,1747,2016,167215811.0,4175572.0,1.1073620000000002,1.723098,CHN,RUS,8544
3354269,44,186,1747,2016,0.0,3606897.0,-0.88415,-0.8122689999999999,CIV,RUS,8544
3354270,45,186,1747,2016,0.0,1347.0,-1.086484,-1.0725559999999998,CMR,RUS,8544
3354271,46,186,1747,2016,0.0,446.0,-1.136472,-1.109177,COD,RUS,8544
3354272,47,186,1747,2016,0.0,75786.0,-0.718731,-1.0663799999999999,COG,RUS,8544
3354273,49,186,1747,2016,7026.0,124019.0,0.10205700000000001,-0.155574,COL,RUS,8544
3354274,52,186,1747,2016,169848.0,0.0,0.204591,-0.18279600000000001,CRI,RUS,8544
3354275,54,186,1747,2016,0.0,326536.0,-0.602309,-1.0781120000000002,CUB,RUS,8544
3354276,58,186,1747,2016,1242.0,647703.0,0.40822800000000004,0.07535,CYP,RUS,8544
3354277,59,186,1747,2016,17328167.0,928557.0,1.823627,0.552354,CZE,RUS,8544
3354278,61,186,1747,2016,87467926.0,1319921.0,2.203093,-2.24919,DEU,RUS,8544
3354279,64,186,1747,2016,722460.0,42381.0,1.117864,1.302658,DNK,RUS,8544
3354280,65,186,1747,2016,10582.0,0.0,-0.237382,0.295389,DOM,RUS,8544
3354281,66,186,1747,2016,0.0,1596136.0,-1.0202930000000001,-1.236642,DZA,RUS,8544
3354282,67,186,1747,2016,0.0,869573.0,-1.0860049999999999,-1.049065,ECU,RUS,8544
3354283,68,186,1747,2016,88045.0,1259590.0,-0.142377,1.674348,EGY,RUS,8544
3354284,71,186,1747,2016,10506079.0,223830.0,0.765428,2.57725,ESP,RUS,8544
3354285,72,186,1747,2016,4705198.0,7687620.0,1.000418,1.154152,EST,RUS,8544
3354286,74,186,1747,2016,17193076.0,11536449.0,1.581968,1.006432,FIN,RUS,8544
3354287,77,186,1747,2016,7696437.0,1810458.0,1.476437,0.911746,FRA,RUS,8544
3354288,80,186,1747,2016,0.0,64776.0,-1.530568,-1.254999,GAB,RUS,8544
3354289,81,186,1747,2016,5456346.0,141393.0,1.6974669999999998,0.9231299999999999,GBR,RUS,8544
3354290,82,186,1747,2016,0.0,441658.0,-0.388359,-0.51175,GEO,RUS,8544
3354291,85,186,1747,2016,0.0,27938.0,-1.474753,-1.215627,GIN,RUS,8544
3354292,89,186,1747,2016,0.0,1407.0,-1.766286,-0.9607709999999999,GNQ,RUS,8544
3354293,90,186,1747,2016,44101.0,0.0,0.12153499999999999,1.126101,GRC,RUS,8544
3354294,93,186,1747,2016,27812.0,110088.0,-0.414843,0.382162,GTM,RUS,8544
3354295,97,186,1747,2016,1638842.0,37880.0,0.8029029999999999,1.477249,HKG,RUS,8544
3354296,99,186,1747,2016,176501.0,71276.0,-0.673741,-0.403777,HND,RUS,8544
3354297,100,186,1747,2016,1161426.0,224297.0,0.8695200000000001,1.214791,HRV,RUS,8544
3354298,102,186,1747,2016,5703011.0,226592.0,1.445281,0.8422209999999999,HUN,RUS,8544
3354299,103,186,1747,2016,631545.0,109743.0,-0.158496,1.492067,IDN,RUS,8544
3354300,104,186,1747,2016,1463291.0,2026501.0,0.30976,2.61043,IND,RUS,8544
3354301,106,186,1747,2016,787256.0,0.0,1.445238,0.07659400000000001,IRL,RUS,8544
3354302,107,186,1747,2016,1107.0,413579.0,-0.407368,-0.23482399999999998,IRN,RUS,8544
3354303,108,186,1747,2016,0.0,52319.0,-2.2400029999999997,-1.017174,IRQ,RUS,8544
3354304,109,186,1747,2016,1559.0,7695.0,0.192448,-0.37174,ISL,RUS,8544
3354305,110,186,1747,2016,570407.0,170987.0,1.352275,0.67584,ISR,RUS,8544
3354306,111,186,1747,2016,19786763.0,4055226.0,1.339307,0.8549209999999999,ITA,RUS,8544
3354307,114,186,1747,2016,21414094.0,413479.0,2.574025,-0.34859,JPN,RUS,8544
3354308,115,186,1747,2016,926468.0,97320698.0,-0.376397,-0.553639,KAZ,RUS,8544
3354309,117,186,1747,2016,1611.0,5447748.0,0.010529,0.287462,KGZ,RUS,8544
3354310,118,186,1747,2016,119243.0,0.0,-0.8365239999999999,-0.794615,KHM,RUS,8544
3354311,121,186,1747,2016,16951894.0,284912.0,2.086184,0.724318,KOR,RUS,8544
3354312,122,186,1747,2016,0.0,3351756.0,-0.31188,-1.1438620000000002,KWT,RUS,8544
3354313,123,186,1747,2016,0.0,15897.0,-0.9781479999999999,-0.8272860000000001,LAO,RUS,8544
3354314,124,186,1747,2016,111695.0,1390.0,0.285829,1.0818139999999998,LBN,RUS,8544
3354315,128,186,1747,2016,120362.0,0.0,-0.562869,0.49937,LKA,RUS,8544
3354316,130,186,1747,2016,6122797.0,378746.0,0.706929,1.419432,LTU,RUS,8544
3354317,131,186,1747,2016,95525.0,5763.0,1.340054,1.30224,LUX,RUS,8544
3354318,132,186,1747,2016,608623.0,894553.0,0.553592,1.19865,LVA,RUS,8544
3354319,134,186,1747,2016,1743003.0,105592.0,-0.772795,-0.206511,MAR,RUS,8544
3354320,135,186,1747,2016,395493.0,810720.0,-0.340932,-0.2839,MDA,RUS,8544
3354321,136,186,1747,2016,0.0,4432.0,-1.2672709999999998,-0.613909,MDG,RUS,8544
3354322,138,186,1747,2016,2361568.0,36008.0,1.165638,0.6446649999999999,MEX,RUS,8544
3354323,140,186,1747,2016,265573.0,2791.0,0.026185000000000003,-0.20027999999999999,MKD,RUS,8544
3354324,141,186,1747,2016,0.0,92706.0,-0.584863,-0.74131,MLI,RUS,8544
3354325,142,186,1747,2016,0.0,999.0,0.8795950000000001,-0.21689499999999998,MLT,RUS,8544
3354326,143,186,1747,2016,0.0,2163861.0,-1.160878,-0.6042609999999999,MMR,RUS,8544
3354327,144,186,1747,2016,0.0,406710.0,-0.005084,-0.25252199999999997,MNE,RUS,8544
3354328,145,186,1747,2016,0.0,5843561.0,-0.811142,-1.013252,MNG,RUS,8544
3354329,153,186,1747,2016,360493.0,228284.0,1.106894,0.7452840000000001,MYS,RUS,8544
3354330,155,186,1747,2016,0.0,862.0,-0.6256689999999999,-0.8612219999999999,NAM,RUS,8544
3354331,160,186,1747,2016,13969.0,5003.0,-1.0387389999999999,-0.998977,NIC,RUS,8544
3354332,162,186,1747,2016,17086050.0,329752.0,1.157361,1.5188540000000001,NLD,RUS,8544
3354333,163,186,1747,2016,1239333.0,290304.0,0.89891,0.297673,NOR,RUS,8544
3354334,166,186,1747,2016,19172.0,5405.0,0.236556,0.252918,NZL,RUS,8544
3354335,167,186,1747,2016,0.0,85689.0,-0.334782,-0.9107190000000001,OMN,RUS,8544
3354336,168,186,1747,2016,0.0,42300.0,-0.7502800000000001,0.545331,PAK,RUS,8544
3354337,169,186,1747,2016,0.0,29320.0,0.58773,0.654145,PAN,RUS,8544
3354338,173,186,1747,2016,0.0,339125.0,-0.717529,0.007845999999999999,PER,RUS,8544
3354339,174,186,1747,2016,1702862.0,0.0,0.619343,0.303981,PHL,RUS,8544
3354340,177,186,1747,2016,15696806.0,435555.0,1.146113,1.239532,POL,RUS,8544
3354341,178,186,1747,2016,0.0,8352.0,-0.512374,-0.143648,PRK,RUS,8544
3354342,179,186,1747,2016,184497.0,4632.0,0.519621,2.254972,PRT,RUS,8544
3354343,181,186,1747,2016,0.0,25305.0,-0.067187,0.535972,PSE,RUS,8544
3354344,185,186,1747,2016,5172368.0,526392.0,1.061259,0.9878870000000001,ROU,RUS,8544
3354345,187,186,1747,2016,0.0,16247.0,-0.5802149999999999,-0.568327,RWA,RUS,8544
3354346,188,186,1747,2016,0.0,28187.0,0.394807,-0.638644,SAU,RUS,8544
3354347,190,186,1747,2016,0.0,2401.0,-1.216141,-1.191648,SDN,RUS,8544
3354348,191,186,1747,2016,0.0,1735.0,-0.7061270000000001,-0.46532399999999996,SEN,RUS,8544
3354349,192,186,1747,2016,373887.0,147876.0,2.089995,0.564921,SGP,RUS,8544
3354350,197,186,1747,2016,0.0,17693.0,0.10397999999999999,0.25556599999999996,SLV,RUS,8544
3354351,201,186,1747,2016,10563671.0,381982.0,0.501676,1.0447520000000001,SRB,RUS,8544
3354352,206,186,1747,2016,11089893.0,1108103.0,1.273942,0.763966,SVK,RUS,8544
3354353,207,186,1747,2016,186139.0,9362.0,1.6466720000000001,0.8247680000000001,SVN,RUS,8544
3354354,208,186,1747,2016,5965816.0,81993.0,1.785149,0.767444,SWE,RUS,8544
3354355,211,186,1747,2016,0.0,1706.0,0.441241,-0.580767,SYC,RUS,8544
3354356,212,186,1747,2016,0.0,862510.0,-0.746222,0.179918,SYR,RUS,8544
3354357,215,186,1747,2016,0.0,2401.0,-0.751382,-0.7411310000000001,TGO,RUS,8544
3354358,216,186,1747,2016,1161386.0,130786.0,1.022065,1.428082,THA,RUS,8544
3354359,217,186,1747,2016,0.0,2746653.0,-1.0791549999999999,-1.137941,TJK,RUS,8544
3354360,219,186,1747,2016,0.0,2858009.0,-1.27494,-1.259639,TKM,RUS,8544
3354361,223,186,1747,2016,2451460.0,7528.0,0.171791,1.062948,TUN,RUS,8544
3354362,224,186,1747,2016,4232656.0,508328.0,0.45364799999999994,2.478837,TUR,RUS,8544
3354363,227,186,1747,2016,0.0,1234.0,-0.37745300000000004,0.525303,UGA,RUS,8544
3354364,228,186,1747,2016,17874980.0,7576577.0,0.406901,0.637051,UKR,RUS,8544
3354365,230,186,1747,2016,0.0,1267.0,0.098051,-0.45418400000000003,URY,RUS,8544
3354366,231,186,1747,2016,22570403.0,1746518.0,1.685329,0.297536,USA,RUS,8544
3354367,232,186,1747,2016,9845017.0,3790467.0,-0.703465,-0.493036,UZB,RUS,8544
3354368,236,186,1747,2016,0.0,1986497.0,-0.844669,-1.164315,VEN,RUS,8544
3354369,237,186,1747,2016,0.0,2801.0,0.566815,-0.43181800000000004,VGB,RUS,8544
3354370,239,186,1747,2016,5517837.0,1429435.0,-0.10217899999999999,1.015568,VNM,RUS,8544
3354371,246,186,1747,2016,85157.0,186602.0,0.187396,1.46169,ZAF,RUS,8544
3354372,249,186,1747,2016,6961375.0,33659.0,2.002996,1.39485,TWN,RUS,8544
3354373,250,186,1747,2016,18535.0,1868267.0,0.773312,-0.015385,ANS,RUS,8544
3354374,2,188,1747,2016,8902.0,1594.0,-1.313517,-1.262761,AGO,SAU,8544
3354375,7,188,1747,2016,60986455.0,210064622.0,0.11037999999999999,0.045327,ARE,SAU,8544
3354376,8,188,1747,2016,1389.0,0.0,-0.132495,0.16353199999999998,ARG,SAU,8544
3354377,14,188,1747,2016,105734.0,0.0,-0.25955300000000003,0.0011070000000000001,AUS,SAU,8544
3354378,15,188,1747,2016,573093.0,56220.0,1.759363,0.127262,AUT,SAU,8544
3354379,16,188,1747,2016,273.0,0.0,-0.909744,-1.180449,AZE,SAU,8544
3354380,18,188,1747,2016,2499590.0,6361.0,1.3102610000000001,1.214573,BEL,SAU,8544
3354381,23,188,1747,2016,318278.0,1153.0,0.51707,1.7329130000000001,BGR,SAU,8544
3354382,24,188,1747,2016,3412145.0,14320235.0,0.323348,-0.514446,BHR,SAU,8544
3354383,32,188,1747,2016,40981.0,0.0,0.245919,0.661809,BRA,SAU,8544
3354384,39,188,1747,2016,1533285.0,0.0,0.6579050000000001,1.12259,CAN,SAU,8544
3354385,41,188,1747,2016,1801892.0,22395.0,2.3488689999999997,0.806291,CHE,SAU,8544
3354386,43,188,1747,2016,122609434.0,216538.0,1.1073620000000002,1.723098,CHN,SAU,8544
3354387,44,188,1747,2016,0.0,2278.0,-0.88415,-0.8122689999999999,CIV,SAU,8544
3354388,49,188,1747,2016,28659.0,212397.0,0.10205700000000001,-0.155574,COL,SAU,8544
3354389,52,188,1747,2016,31113.0,0.0,0.204591,-0.18279600000000001,CRI,SAU,8544
3354390,58,188,1747,2016,1374.0,0.0,0.40822800000000004,0.07535,CYP,SAU,8544
3354391,59,188,1747,2016,2049572.0,23141.0,1.823627,0.552354,CZE,SAU,8544
3354392,61,188,1747,2016,68435867.0,132943.0,2.203093,-2.24919,DEU,SAU,8544
3354393,62,188,1747,2016,0.0,134682.0,-0.032607,-0.549622,DJI,SAU,8544
3354394,64,188,1747,2016,238959.0,0.0,1.117864,1.302658,DNK,SAU,8544
3354395,66,188,1747,2016,1512418.0,139442.0,-1.0202930000000001,-1.236642,DZA,SAU,8544
3354396,67,188,1747,2016,2742.0,297890.0,-1.0860049999999999,-1.049065,ECU,SAU,8544
3354397,68,188,1747,2016,127145194.0,2679493.0,-0.142377,1.674348,EGY,SAU,8544
3354398,71,188,1747,2016,14098797.0,1148.0,0.765428,2.57725,ESP,SAU,8544
3354399,72,188,1747,2016,256768.0,0.0,1.000418,1.154152,EST,SAU,8544
3354400,73,188,1747,2016,0.0,11384.0,-1.006161,-0.756472,ETH,SAU,8544
3354401,74,188,1747,2016,291275.0,0.0,1.581968,1.006432,FIN,SAU,8544
3354402,77,188,1747,2016,16658637.0,16751.0,1.476437,0.911746,FRA,SAU,8544
3354403,81,188,1747,2016,16099513.0,64052.0,1.6974669999999998,0.9231299999999999,GBR,SAU,8544
3354404,85,188,1747,2016,0.0,1176.0,-1.474753,-1.215627,GIN,SAU,8544
3354405,90,188,1747,2016,370409.0,0.0,0.12153499999999999,1.126101,GRC,SAU,8544
3354406,97,188,1747,2016,304252.0,16247.0,0.8029029999999999,1.477249,HKG,SAU,8544
3354407,100,188,1747,2016,6313.0,0.0,0.8695200000000001,1.214791,HRV,SAU,8544
3354408,102,188,1747,2016,4472427.0,0.0,1.445281,0.8422209999999999,HUN,SAU,8544
3354409,103,188,1747,2016,419000.0,0.0,-0.158496,1.492067,IDN,SAU,8544
3354410,104,188,1747,2016,9563094.0,152936.0,0.30976,2.61043,IND,SAU,8544
3354411,106,188,1747,2016,1651909.0,2542.0,1.445238,0.07659400000000001,IRL,SAU,8544
3354412,108,188,1747,2016,0.0,10929046.0,-2.2400029999999997,-1.017174,IRQ,SAU,8544
3354413,111,188,1747,2016,9759512.0,11615.0,1.339307,0.8549209999999999,ITA,SAU,8544
3354414,113,188,1747,2016,22404725.0,6734597.0,-0.0115,0.045625,JOR,SAU,8544
3354415,114,188,1747,2016,12918669.0,14856.0,2.574025,-0.34859,JPN,SAU,8544
3354416,115,188,1747,2016,72217.0,0.0,-0.376397,-0.553639,KAZ,SAU,8544
3354417,121,188,1747,2016,148690462.0,77577.0,2.086184,0.724318,KOR,SAU,8544
3354418,122,188,1747,2016,139881.0,57711622.0,-0.31188,-1.1438620000000002,KWT,SAU,8544
3354419,124,188,1747,2016,861744.0,110770.0,0.285829,1.0818139999999998,LBN,SAU,8544
3354420,130,188,1747,2016,106324.0,0.0,0.706929,1.419432,LTU,SAU,8544
3354421,131,188,1747,2016,102326.0,0.0,1.340054,1.30224,LUX,SAU,8544
3354422,132,188,1747,2016,113221.0,0.0,0.553592,1.19865,LVA,SAU,8544
3354423,134,188,1747,2016,616918.0,393322.0,-0.772795,-0.206511,MAR,SAU,8544
3354424,138,188,1747,2016,6970284.0,0.0,1.165638,0.6446649999999999,MEX,SAU,8544
3354425,142,188,1747,2016,24741.0,0.0,0.8795950000000001,-0.21689499999999998,MLT,SAU,8544
3354426,147,188,1747,2016,0.0,10094.0,-1.333702,-1.116794,MOZ,SAU,8544
3354427,153,188,1747,2016,1250510.0,11269.0,1.106894,0.7452840000000001,MYS,SAU,8544
3354428,155,188,1747,2016,0.0,880.0,-0.6256689999999999,-0.8612219999999999,NAM,SAU,8544
3354429,159,188,1747,2016,0.0,281425.0,-1.835357,-1.286597,NGA,SAU,8544
3354430,162,188,1747,2016,23302297.0,833231.0,1.157361,1.5188540000000001,NLD,SAU,8544
3354431,163,188,1747,2016,41404176.0,17050.0,0.89891,0.297673,NOR,SAU,8544
3354432,166,188,1747,2016,12138.0,0.0,0.236556,0.252918,NZL,SAU,8544
3354433,167,188,1747,2016,38543784.0,8603153.0,-0.334782,-0.9107190000000001,OMN,SAU,8544
3354434,174,188,1747,2016,1225492.0,0.0,0.619343,0.303981,PHL,SAU,8544
3354435,177,188,1747,2016,2457079.0,0.0,1.146113,1.239532,POL,SAU,8544
3354436,179,188,1747,2016,953346.0,0.0,0.519621,2.254972,PRT,SAU,8544
3354437,181,188,1747,2016,0.0,30341.0,-0.067187,0.535972,PSE,SAU,8544
3354438,183,188,1747,2016,11645428.0,25535206.0,-0.36124,-1.106629,QAT,SAU,8544
3354439,185,188,1747,2016,392585.0,0.0,1.061259,0.9878870000000001,ROU,SAU,8544
3354440,186,188,1747,2016,28187.0,0.0,0.252891,0.200423,RUS,SAU,8544
3354441,190,188,1747,2016,0.0,2853487.0,-1.216141,-1.191648,SDN,SAU,8544
3354442,191,188,1747,2016,0.0,75797.0,-0.7061270000000001,-0.46532399999999996,SEN,SAU,8544
3354443,192,188,1747,2016,2343501.0,0.0,2.089995,0.564921,SGP,SAU,8544
3354444,198,188,1747,2016,35496.0,0.0,1.086646,0.58939,SMR,SAU,8544
3354445,199,188,1747,2016,0.0,486991.0,-1.429439,-1.006612,SOM,SAU,8544
3354446,201,188,1747,2016,1615.0,0.0,0.501676,1.0447520000000001,SRB,SAU,8544
3354447,206,188,1747,2016,219959.0,265913.0,1.273942,0.763966,SVK,SAU,8544
3354448,207,188,1747,2016,7935.0,0.0,1.6466720000000001,0.8247680000000001,SVN,SAU,8544
3354449,208,188,1747,2016,2168848.0,18146.0,1.785149,0.767444,SWE,SAU,8544
3354450,216,188,1747,2016,1171277.0,0.0,1.022065,1.428082,THA,SAU,8544
3354451,223,188,1747,2016,160118.0,0.0,0.171791,1.062948,TUN,SAU,8544
3354452,224,188,1747,2016,14630830.0,259261.0,0.45364799999999994,2.478837,TUR,SAU,8544
3354453,226,188,1747,2016,0.0,55357.0,-1.1008799999999999,-0.048319,TZA,SAU,8544
3354454,228,188,1747,2016,4059.0,0.0,0.406901,0.637051,UKR,SAU,8544
3354455,231,188,1747,2016,71240930.0,443812.0,1.685329,0.297536,USA,SAU,8544
3354456,239,188,1747,2016,197030.0,7925.0,-0.10217899999999999,1.015568,VNM,SAU,8544
3354457,243,188,1747,2016,0.0,153351.0,-1.232675,-1.205963,YEM,SAU,8544
3354458,246,188,1747,2016,128579.0,7510.0,0.187396,1.46169,ZAF,SAU,8544
3354459,247,188,1747,2016,0.0,825111.0,-0.632437,-0.968817,ZMB,SAU,8544
3354460,249,188,1747,2016,2702767.0,33998.0,2.002996,1.39485,TWN,SAU,8544
3354461,250,188,1747,2016,4711.0,0.0,0.773312,-0.015385,ANS,SAU,8544
3354462,0,190,1747,2016,32630.0,0.0,0.9052,0.253571,ABW,SDN,8544
3354463,7,190,1747,2016,1296234.0,0.0,0.11037999999999999,0.045327,ARE,SDN,8544
3354464,14,190,1747,2016,36393.0,0.0,-0.25955300000000003,0.0011070000000000001,AUS,SDN,8544
3354465,15,190,1747,2016,59240.0,0.0,1.759363,0.127262,AUT,SDN,8544
3354466,18,190,1747,2016,49417.0,0.0,1.3102610000000001,1.214573,BEL,SDN,8544
3354467,23,190,1747,2016,3937.0,0.0,0.51707,1.7329130000000001,BGR,SDN,8544
3354468,28,190,1747,2016,1875.0,0.0,0.773807,0.827442,BLR,SDN,8544
3354469,32,190,1747,2016,3171.0,0.0,0.245919,0.661809,BRA,SDN,8544
3354470,41,190,1747,2016,59399.0,0.0,2.3488689999999997,0.806291,CHE,SDN,8544
3354471,43,190,1747,2016,17079546.0,0.0,1.1073620000000002,1.723098,CHN,SDN,8544
3354472,58,190,1747,2016,656.0,0.0,0.40822800000000004,0.07535,CYP,SDN,8544
3354473,59,190,1747,2016,112735.0,0.0,1.823627,0.552354,CZE,SDN,8544
3354474,61,190,1747,2016,621131.0,0.0,2.203093,-2.24919,DEU,SDN,8544
3354475,67,190,1747,2016,3609.0,0.0,-1.0860049999999999,-1.049065,ECU,SDN,8544
3354476,68,190,1747,2016,8484906.0,0.0,-0.142377,1.674348,EGY,SDN,8544
3354477,71,190,1747,2016,206302.0,0.0,0.765428,2.57725,ESP,SDN,8544
3354478,74,190,1747,2016,765.0,0.0,1.581968,1.006432,FIN,SDN,8544
3354479,77,190,1747,2016,10398.0,0.0,1.476437,0.911746,FRA,SDN,8544
3354480,81,190,1747,2016,92120.0,0.0,1.6974669999999998,0.9231299999999999,GBR,SDN,8544
3354481,97,190,1747,2016,13403.0,0.0,0.8029029999999999,1.477249,HKG,SDN,8544
3354482,99,190,1747,2016,1131.0,0.0,-0.673741,-0.403777,HND,SDN,8544
3354483,103,190,1747,2016,1218.0,0.0,-0.158496,1.492067,IDN,SDN,8544
3354484,104,190,1747,2016,1249477.0,0.0,0.30976,2.61043,IND,SDN,8544
3354485,111,190,1747,2016,484186.0,0.0,1.339307,0.8549209999999999,ITA,SDN,8544
3354486,113,190,1747,2016,14384.0,0.0,-0.0115,0.045625,JOR,SDN,8544
3354487,114,190,1747,2016,12669.0,0.0,2.574025,-0.34859,JPN,SDN,8544
3354488,120,190,1747,2016,21604.0,0.0,0.620594,-0.4305,KNA,SDN,8544
3354489,121,190,1747,2016,29408.0,0.0,2.086184,0.724318,KOR,SDN,8544
3354490,122,190,1747,2016,840.0,0.0,-0.31188,-1.1438620000000002,KWT,SDN,8544
3354491,124,190,1747,2016,1896.0,0.0,0.285829,1.0818139999999998,LBN,SDN,8544
3354492,126,190,1747,2016,3695.0,0.0,-1.021925,-1.2316790000000002,LBY,SDN,8544
3354493,133,190,1747,2016,16029.0,0.0,0.534935,0.185542,MAC,SDN,8544
3354494,134,190,1747,2016,12469.0,0.0,-0.772795,-0.206511,MAR,SDN,8544
3354495,138,190,1747,2016,37669.0,0.0,1.165638,0.6446649999999999,MEX,SDN,8544
3354496,153,190,1747,2016,751.0,0.0,1.106894,0.7452840000000001,MYS,SDN,8544
3354497,155,190,1747,2016,1762.0,0.0,-0.6256689999999999,-0.8612219999999999,NAM,SDN,8544
3354498,159,190,1747,2016,6256.0,0.0,-1.835357,-1.286597,NGA,SDN,8544
3354499,162,190,1747,2016,10804.0,0.0,1.157361,1.5188540000000001,NLD,SDN,8544
3354500,167,190,1747,2016,148177.0,0.0,-0.334782,-0.9107190000000001,OMN,SDN,8544
3354501,168,190,1747,2016,57472.0,0.0,-0.7502800000000001,0.545331,PAK,SDN,8544
3354502,177,190,1747,2016,41617.0,0.0,1.146113,1.239532,POL,SDN,8544
3354503,179,190,1747,2016,822.0,0.0,0.519621,2.254972,PRT,SDN,8544
3354504,183,190,1747,2016,1222.0,0.0,-0.36124,-1.106629,QAT,SDN,8544
3354505,186,190,1747,2016,2401.0,0.0,0.252891,0.200423,RUS,SDN,8544
3354506,188,190,1747,2016,2853487.0,0.0,0.394807,-0.638644,SAU,SDN,8544
3354507,192,190,1747,2016,10463.0,0.0,2.089995,0.564921,SGP,SDN,8544
3354508,194,190,1747,2016,4644.0,0.0,1.4505700000000001,-0.313714,SHN,SDN,8544
3354509,205,190,1747,2016,28579.0,0.0,-0.7823869999999999,-1.060347,SUR,SDN,8544
3354510,208,190,1747,2016,654282.0,0.0,1.785149,0.767444,SWE,SDN,8544
3354511,213,190,1747,2016,2494502.0,0.0,0.603232,-0.32155900000000004,TCA,SDN,8544
3354512,216,190,1747,2016,17612.0,0.0,1.022065,1.428082,THA,SDN,8544
3354513,223,190,1747,2016,4030.0,0.0,0.171791,1.062948,TUN,SDN,8544
3354514,224,190,1747,2016,1715588.0,0.0,0.45364799999999994,2.478837,TUR,SDN,8544
3354515,228,190,1747,2016,2411.0,0.0,0.406901,0.637051,UKR,SDN,8544
3354516,231,190,1747,2016,5908.0,0.0,1.685329,0.297536,USA,SDN,8544
3354517,234,190,1747,2016,6883.0,0.0,0.157611,-0.581526,VCT,SDN,8544
3354518,239,190,1747,2016,7521.0,0.0,-0.10217899999999999,1.015568,VNM,SDN,8544
3354519,246,190,1747,2016,60993.0,0.0,0.187396,1.46169,ZAF,SDN,8544
3354520,249,190,1747,2016,164670.0,0.0,2.002996,1.39485,TWN,SDN,8544
3354521,2,191,1747,2016,2389.0,0.0,-1.313517,-1.262761,AGO,SEN,8544
3354522,7,191,1747,2016,317500.0,0.0,0.11037999999999999,0.045327,ARE,SEN,8544
3354523,14,191,1747,2016,58264.0,0.0,-0.25955300000000003,0.0011070000000000001,AUS,SEN,8544
3354524,18,191,1747,2016,579738.0,469601.0,1.3102610000000001,1.214573,BEL,SEN,8544
3354525,19,191,1747,2016,0.0,2620731.0,-0.971123,-0.801574,BEN,SEN,8544
3354526,21,191,1747,2016,0.0,611785.0,-1.0885790000000002,-1.027005,BFA,SEN,8544
3354527,23,191,1747,2016,6917.0,0.0,0.51707,1.7329130000000001,BGR,SEN,8544
3354528,24,191,1747,2016,42611.0,0.0,0.323348,-0.514446,BHR,SEN,8544
3354529,32,191,1747,2016,1016.0,0.0,0.245919,0.661809,BRA,SEN,8544
3354530,39,191,1747,2016,309894.0,0.0,0.6579050000000001,1.12259,CAN,SEN,8544
3354531,41,191,1747,2016,116504.0,0.0,2.3488689999999997,0.806291,CHE,SEN,8544
3354532,43,191,1747,2016,12609506.0,6798.0,1.1073620000000002,1.723098,CHN,SEN,8544
3354533,44,191,1747,2016,15752.0,888413.0,-0.88415,-0.8122689999999999,CIV,SEN,8544
3354534,45,191,1747,2016,0.0,212477.0,-1.086484,-1.0725559999999998,CMR,SEN,8544
3354535,46,191,1747,2016,0.0,119736.0,-1.136472,-1.109177,COD,SEN,8544
3354536,47,191,1747,2016,0.0,72106.0,-0.718731,-1.0663799999999999,COG,SEN,8544
3354537,51,191,1747,2016,0.0,905.0,0.264883,-0.580199,CPV,SEN,8544
3354538,59,191,1747,2016,4071.0,0.0,1.823627,0.552354,CZE,SEN,8544
3354539,61,191,1747,2016,120300.0,0.0,2.203093,-2.24919,DEU,SEN,8544
3354540,64,191,1747,2016,6725.0,0.0,1.117864,1.302658,DNK,SEN,8544
3354541,68,191,1747,2016,34084.0,0.0,-0.142377,1.674348,EGY,SEN,8544
3354542,71,191,1747,2016,863133.0,13697.0,0.765428,2.57725,ESP,SEN,8544
3354543,74,191,1747,2016,228004.0,0.0,1.581968,1.006432,FIN,SEN,8544
3354544,77,191,1747,2016,5682231.0,10621.0,1.476437,0.911746,FRA,SEN,8544
3354545,80,191,1747,2016,0.0,793389.0,-1.530568,-1.254999,GAB,SEN,8544
3354546,81,191,1747,2016,534275.0,0.0,1.6974669999999998,0.9231299999999999,GBR,SEN,8544
3354547,85,191,1747,2016,0.0,69346.0,-1.474753,-1.215627,GIN,SEN,8544
3354548,87,191,1747,2016,0.0,69814.0,-0.743023,-0.833044,GMB,SEN,8544
3354549,88,191,1747,2016,0.0,12304.0,-1.671858,-1.043328,GNB,SEN,8544
3354550,90,191,1747,2016,31650.0,0.0,0.12153499999999999,1.126101,GRC,SEN,8544
3354551,97,191,1747,2016,89152.0,0.0,0.8029029999999999,1.477249,HKG,SEN,8544
3354552,102,191,1747,2016,6446.0,0.0,1.445281,0.8422209999999999,HUN,SEN,8544
3354553,103,191,1747,2016,187602.0,0.0,-0.158496,1.492067,IDN,SEN,8544
3354554,104,191,1747,2016,1705455.0,0.0,0.30976,2.61043,IND,SEN,8544
3354555,107,191,1747,2016,17543.0,0.0,-0.407368,-0.23482399999999998,IRN,SEN,8544
3354556,110,191,1747,2016,5749.0,0.0,1.352275,0.67584,ISR,SEN,8544
3354557,111,191,1747,2016,498869.0,0.0,1.339307,0.8549209999999999,ITA,SEN,8544
3354558,114,191,1747,2016,39876.0,0.0,2.574025,-0.34859,JPN,SEN,8544
3354559,121,191,1747,2016,14603.0,0.0,2.086184,0.724318,KOR,SEN,8544
3354560,124,191,1747,2016,409967.0,0.0,0.285829,1.0818139999999998,LBN,SEN,8544
3354561,125,191,1747,2016,0.0,1962.0,-0.870345,-1.113277,LBR,SEN,8544
3354562,134,191,1747,2016,4767076.0,0.0,-0.772795,-0.206511,MAR,SEN,8544
3354563,138,191,1747,2016,4448.0,0.0,1.165638,0.6446649999999999,MEX,SEN,8544
3354564,141,191,1747,2016,0.0,515816.0,-0.584863,-0.74131,MLI,SEN,8544
3354565,148,191,1747,2016,185981.0,32324.0,-1.542265,-1.318586,MRT,SEN,8544
3354566,151,191,1747,2016,5556.0,0.0,-0.24309899999999998,-0.084888,MUS,SEN,8544
3354567,153,191,1747,2016,47711.0,0.0,1.106894,0.7452840000000001,MYS,SEN,8544
3354568,157,191,1747,2016,0.0,883730.0,-0.973057,-0.953672,NER,SEN,8544
3354569,159,191,1747,2016,1670.0,0.0,-1.835357,-1.286597,NGA,SEN,8544
3354570,162,191,1747,2016,27546.0,1141.0,1.157361,1.5188540000000001,NLD,SEN,8544
3354571,168,191,1747,2016,212233.0,0.0,-0.7502800000000001,0.545331,PAK,SEN,8544
3354572,177,191,1747,2016,25524.0,1049.0,1.146113,1.239532,POL,SEN,8544
3354573,179,191,1747,2016,721577.0,0.0,0.519621,2.254972,PRT,SEN,8544
3354574,185,191,1747,2016,5100.0,0.0,1.061259,0.9878870000000001,ROU,SEN,8544
3354575,186,191,1747,2016,1735.0,0.0,0.252891,0.200423,RUS,SEN,8544
3354576,188,191,1747,2016,75797.0,0.0,0.394807,-0.638644,SAU,SEN,8544
3354577,192,191,1747,2016,1713.0,1029.0,2.089995,0.564921,SGP,SEN,8544
3354578,208,191,1747,2016,88049.0,0.0,1.785149,0.767444,SWE,SEN,8544
3354579,215,191,1747,2016,0.0,3339862.0,-0.751382,-0.7411310000000001,TGO,SEN,8544
3354580,216,191,1747,2016,1065.0,0.0,1.022065,1.428082,THA,SEN,8544
3354581,223,191,1747,2016,48468.0,0.0,0.171791,1.062948,TUN,SEN,8544
3354582,224,191,1747,2016,1874161.0,0.0,0.45364799999999994,2.478837,TUR,SEN,8544
3354583,231,191,1747,2016,108186.0,0.0,1.685329,0.297536,USA,SEN,8544
3354584,246,191,1747,2016,626443.0,0.0,0.187396,1.46169,ZAF,SEN,8544
3354585,1,192,1747,2016,0.0,7399.0,-1.497486,-1.002342,AFG,SGP,8544
3354586,2,192,1747,2016,21554.0,262338.0,-1.313517,-1.262761,AGO,SGP,8544
3354587,7,192,1747,2016,617176.0,2074772.0,0.11037999999999999,0.045327,ARE,SGP,8544
3354588,8,192,1747,2016,6561.0,133452.0,-0.132495,0.16353199999999998,ARG,SGP,8544
3354589,14,192,1747,2016,4709762.0,6858493.0,-0.25955300000000003,0.0011070000000000001,AUS,SGP,8544
3354590,15,192,1747,2016,1031787.0,696484.0,1.759363,0.127262,AUT,SGP,8544
3354591,16,192,1747,2016,0.0,92149.0,-0.909744,-1.180449,AZE,SGP,8544
3354592,18,192,1747,2016,4709710.0,638737.0,1.3102610000000001,1.214573,BEL,SGP,8544
3354593,19,192,1747,2016,0.0,1240.0,-0.971123,-0.801574,BEN,SGP,8544
3354594,21,192,1747,2016,0.0,28205.0,-1.0885790000000002,-1.027005,BFA,SGP,8544
3354595,22,192,1747,2016,0.0,2783464.0,-1.107523,-1.065009,BGD,SGP,8544
3354596,23,192,1747,2016,71238.0,11279.0,0.51707,1.7329130000000001,BGR,SGP,8544
3354597,24,192,1747,2016,5310.0,28683.0,0.323348,-0.514446,BHR,SGP,8544
3354598,26,192,1747,2016,13160.0,2909.0,0.47827700000000006,0.5643100000000001,BIH,SGP,8544
3354599,28,192,1747,2016,0.0,2117.0,0.773807,0.827442,BLR,SGP,8544
3354600,31,192,1747,2016,0.0,18055.0,-1.061758,-1.041501,BOL,SGP,8544
3354601,32,192,1747,2016,726434.0,964716.0,0.245919,0.661809,BRA,SGP,8544
3354602,34,192,1747,2016,273013.0,3094386.0,0.078764,-0.8103670000000001,BRN,SGP,8544
3354603,37,192,1747,2016,0.0,3316.0,-0.9927739999999999,-1.260391,BWA,SGP,8544
3354604,39,192,1747,2016,5674061.0,532190.0,0.6579050000000001,1.12259,CAN,SGP,8544
3354605,41,192,1747,2016,5255592.0,189010.0,2.3488689999999997,0.806291,CHE,SGP,8544
3354606,42,192,1747,2016,4692.0,278500.0,-0.385519,-0.470495,CHL,SGP,8544
3354607,43,192,1747,2016,478284456.0,31924515.0,1.1073620000000002,1.723098,CHN,SGP,8544
3354608,44,192,1747,2016,5868.0,73234.0,-0.88415,-0.8122689999999999,CIV,SGP,8544
3354609,45,192,1747,2016,21855.0,13657.0,-1.086484,-1.0725559999999998,CMR,SGP,8544
3354610,47,192,1747,2016,0.0,8290.0,-0.718731,-1.0663799999999999,COG,SGP,8544
3354611,49,192,1747,2016,1022.0,35147.0,0.10205700000000001,-0.155574,COL,SGP,8544
3354612,52,192,1747,2016,843096.0,21928.0,0.204591,-0.18279600000000001,CRI,SGP,8544
3354613,58,192,1747,2016,3965.0,0.0,0.40822800000000004,0.07535,CYP,SGP,8544
3354614,59,192,1747,2016,995207.0,935236.0,1.823627,0.552354,CZE,SGP,8544
3354615,61,192,1747,2016,33016889.0,8763024.0,2.203093,-2.24919,DEU,SGP,8544
3354616,64,192,1747,2016,1452360.0,35865.0,1.117864,1.302658,DNK,SGP,8544
3354617,65,192,1747,2016,118921.0,2063920.0,-0.237382,0.295389,DOM,SGP,8544
3354618,66,192,1747,2016,0.0,40304.0,-1.0202930000000001,-1.236642,DZA,SGP,8544
3354619,67,192,1747,2016,0.0,17265.0,-1.0860049999999999,-1.049065,ECU,SGP,8544
3354620,68,192,1747,2016,7873.0,145163.0,-0.142377,1.674348,EGY,SGP,8544
3354621,71,192,1747,2016,23603275.0,209750.0,0.765428,2.57725,ESP,SGP,8544
3354622,72,192,1747,2016,49582.0,13452.0,1.000418,1.154152,EST,SGP,8544
3354623,73,192,1747,2016,0.0,695.0,-1.006161,-0.756472,ETH,SGP,8544
3354624,74,192,1747,2016,218285.0,61260.0,1.581968,1.006432,FIN,SGP,8544
3354625,75,192,1747,2016,19308.0,77935.0,-0.27171999999999996,0.172933,FJI,SGP,8544
3354626,77,192,1747,2016,8606548.0,792934.0,1.476437,0.911746,FRA,SGP,8544
3354627,81,192,1747,2016,21685859.0,1162271.0,1.6974669999999998,0.9231299999999999,GBR,SGP,8544
3354628,82,192,1747,2016,4420.0,137917.0,-0.388359,-0.51175,GEO,SGP,8544
3354629,83,192,1747,2016,10390.0,330833.0,-0.945358,-0.805301,GHA,SGP,8544
3354630,85,192,1747,2016,0.0,384957.0,-1.474753,-1.215627,GIN,SGP,8544
3354631,87,192,1747,2016,0.0,1192.0,-0.743023,-0.833044,GMB,SGP,8544
3354632,88,192,1747,2016,0.0,1059.0,-1.671858,-1.043328,GNB,SGP,8544
3354633,90,192,1747,2016,117111.0,1445.0,0.12153499999999999,1.126101,GRC,SGP,8544
3354634,93,192,1747,2016,0.0,24261.0,-0.414843,0.382162,GTM,SGP,8544
3354635,95,192,1747,2016,1819.0,1545.0,0.659809,-0.066939,GUM,SGP,8544
3354636,96,192,1747,2016,0.0,8438.0,-0.4755,-0.778335,GUY,SGP,8544
3354637,97,192,1747,2016,27160745.0,25038719.0,0.8029029999999999,1.477249,HKG,SGP,8544
3354638,100,192,1747,2016,1954.0,3016.0,0.8695200000000001,1.214791,HRV,SGP,8544
3354639,102,192,1747,2016,3051075.0,426159.0,1.445281,0.8422209999999999,HUN,SGP,8544
3354640,103,192,1747,2016,114458870.0,125324971.0,-0.158496,1.492067,IDN,SGP,8544
3354641,104,192,1747,2016,7891862.0,15511426.0,0.30976,2.61043,IND,SGP,8544
3354642,106,192,1747,2016,1140601.0,330823.0,1.445238,0.07659400000000001,IRL,SGP,8544
3354643,107,192,1747,2016,7320.0,117433.0,-0.407368,-0.23482399999999998,IRN,SGP,8544
3354644,108,192,1747,2016,0.0,9367.0,-2.2400029999999997,-1.017174,IRQ,SGP,8544
3354645,109,192,1747,2016,17325.0,523.0,0.192448,-0.37174,ISL,SGP,8544
3354646,110,192,1747,2016,1512641.0,279653.0,1.352275,0.67584,ISR,SGP,8544
3354647,111,192,1747,2016,11615452.0,249646.0,1.339307,0.8549209999999999,ITA,SGP,8544
3354648,112,192,1747,2016,0.0,39585.0,-0.259972,-0.592114,JAM,SGP,8544
3354649,113,192,1747,2016,0.0,1592.0,-0.0115,0.045625,JOR,SGP,8544
3354650,114,192,1747,2016,22262088.0,22645408.0,2.574025,-0.34859,JPN,SGP,8544
3354651,115,192,1747,2016,0.0,29064.0,-0.376397,-0.553639,KAZ,SGP,8544
3354652,116,192,1747,2016,41757.0,79655.0,-0.535616,0.520101,KEN,SGP,8544
3354653,118,192,1747,2016,3027137.0,6101629.0,-0.8365239999999999,-0.794615,KHM,SGP,8544
3354654,121,192,1747,2016,78164521.0,9484751.0,2.086184,0.724318,KOR,SGP,8544
3354655,122,192,1747,2016,0.0,734878.0,-0.31188,-1.1438620000000002,KWT,SGP,8544
3354656,123,192,1747,2016,419090.0,119073.0,-0.9781479999999999,-0.8272860000000001,LAO,SGP,8544
3354657,124,192,1747,2016,0.0,8305.0,0.285829,1.0818139999999998,LBN,SGP,8544
3354658,125,192,1747,2016,0.0,27189.0,-0.870345,-1.113277,LBR,SGP,8544
3354659,126,192,1747,2016,0.0,1683.0,-1.021925,-1.2316790000000002,LBY,SGP,8544
3354660,128,192,1747,2016,78596.0,977383.0,-0.562869,0.49937,LKA,SGP,8544
3354661,129,192,1747,2016,0.0,3767.0,-0.891036,-0.807709,LSO,SGP,8544
3354662,130,192,1747,2016,21329.0,15125.0,0.706929,1.419432,LTU,SGP,8544
3354663,131,192,1747,2016,6142.0,33015.0,1.340054,1.30224,LUX,SGP,8544
3354664,132,192,1747,2016,352393.0,10469.0,0.553592,1.19865,LVA,SGP,8544
3354665,133,192,1747,2016,10292.0,168627.0,0.534935,0.185542,MAC,SGP,8544
3354666,134,192,1747,2016,14807.0,21721.0,-0.772795,-0.206511,MAR,SGP,8544
3354667,135,192,1747,2016,0.0,4138.0,-0.340932,-0.2839,MDA,SGP,8544
3354668,136,192,1747,2016,0.0,74607.0,-1.2672709999999998,-0.613909,MDG,SGP,8544
3354669,137,192,1747,2016,0.0,962662.0,-0.79904,-0.9720840000000001,MDV,SGP,8544
3354670,138,192,1747,2016,16995547.0,2608584.0,1.165638,0.6446649999999999,MEX,SGP,8544
3354671,139,192,1747,2016,0.0,2277.0,0.073567,-0.808307,MHL,SGP,8544
3354672,140,192,1747,2016,0.0,1449.0,0.026185000000000003,-0.20027999999999999,MKD,SGP,8544
3354673,141,192,1747,2016,0.0,1932.0,-0.584863,-0.74131,MLI,SGP,8544
3354674,142,192,1747,2016,4121.0,11075.0,0.8795950000000001,-0.21689499999999998,MLT,SGP,8544
3354675,143,192,1747,2016,25480.0,15803921.0,-1.160878,-0.6042609999999999,MMR,SGP,8544
3354676,145,192,1747,2016,0.0,21867.0,-0.811142,-1.013252,MNG,SGP,8544
3354677,147,192,1747,2016,1289.0,25024.0,-1.333702,-1.116794,MOZ,SGP,8544
3354678,151,192,1747,2016,0.0,192978.0,-0.24309899999999998,-0.084888,MUS,SGP,8544
3354679,153,192,1747,2016,159687324.0,86742380.0,1.106894,0.7452840000000001,MYS,SGP,8544
3354680,155,192,1747,2016,25502.0,6427.0,-0.6256689999999999,-0.8612219999999999,NAM,SGP,8544
3354681,156,192,1747,2016,27867.0,12367.0,-0.9910389999999999,-0.9463940000000001,NCL,SGP,8544
3354682,159,192,1747,2016,0.0,126710.0,-1.835357,-1.286597,NGA,SGP,8544
3354683,160,192,1747,2016,0.0,1220.0,-1.0387389999999999,-0.998977,NIC,SGP,8544
3354684,162,192,1747,2016,8589180.0,2918703.0,1.157361,1.5188540000000001,NLD,SGP,8544
3354685,163,192,1747,2016,5610737.0,3505741.0,0.89891,0.297673,NOR,SGP,8544
3354686,164,192,1747,2016,0.0,81301.0,-0.37595500000000004,0.475239,NPL,SGP,8544
3354687,166,192,1747,2016,260410.0,921574.0,0.236556,0.252918,NZL,SGP,8544
3354688,167,192,1747,2016,281417.0,79374.0,-0.334782,-0.9107190000000001,OMN,SGP,8544
3354689,168,192,1747,2016,14066.0,1204027.0,-0.7502800000000001,0.545331,PAK,SGP,8544
3354690,169,192,1747,2016,27563.0,59602.0,0.58773,0.654145,PAN,SGP,8544
3354691,173,192,1747,2016,0.0,40507.0,-0.717529,0.007845999999999999,PER,SGP,8544
3354692,174,192,1747,2016,9313323.0,32572368.0,0.619343,0.303981,PHL,SGP,8544
3354693,175,192,1747,2016,0.0,771.0,0.707907,-0.531396,PLW,SGP,8544
3354694,176,192,1747,2016,0.0,283640.0,-1.689987,-1.2762639999999998,PNG,SGP,8544
3354695,177,192,1747,2016,5120194.0,64266.0,1.146113,1.239532,POL,SGP,8544
3354696,179,192,1747,2016,246972.0,1471.0,0.519621,2.254972,PRT,SGP,8544
3354697,182,192,1747,2016,0.0,2510.0,0.11597400000000001,-0.657672,PYF,SGP,8544
3354698,183,192,1747,2016,0.0,48136.0,-0.36124,-1.106629,QAT,SGP,8544
3354699,185,192,1747,2016,118509.0,21748.0,1.061259,0.9878870000000001,ROU,SGP,8544
3354700,186,192,1747,2016,147876.0,373887.0,0.252891,0.200423,RUS,SGP,8544
3354701,187,192,1747,2016,0.0,265.0,-0.5802149999999999,-0.568327,RWA,SGP,8544
3354702,188,192,1747,2016,0.0,2343501.0,0.394807,-0.638644,SAU,SGP,8544
3354703,190,192,1747,2016,0.0,10463.0,-1.216141,-1.191648,SDN,SGP,8544
3354704,191,192,1747,2016,1029.0,1713.0,-0.7061270000000001,-0.46532399999999996,SEN,SGP,8544
3354705,195,192,1747,2016,0.0,6909.0,-0.740271,-0.881382,SLB,SGP,8544
3354706,197,192,1747,2016,0.0,12972.0,0.10397999999999999,0.25556599999999996,SLV,SGP,8544
3354707,201,192,1747,2016,0.0,5205.0,0.501676,1.0447520000000001,SRB,SGP,8544
3354708,205,192,1747,2016,0.0,2041.0,-0.7823869999999999,-1.060347,SUR,SGP,8544
3354709,206,192,1747,2016,206544.0,51067.0,1.273942,0.763966,SVK,SGP,8544
3354710,207,192,1747,2016,198629.0,21777.0,1.6466720000000001,0.8247680000000001,SVN,SGP,8544
3354711,208,192,1747,2016,2298322.0,982666.0,1.785149,0.767444,SWE,SGP,8544
3354712,209,192,1747,2016,1755.0,0.0,0.2785,-0.43804799999999994,SWZ,SGP,8544
3354713,211,192,1747,2016,0.0,226554.0,0.441241,-0.580767,SYC,SGP,8544
3354714,212,192,1747,2016,0.0,9035.0,-0.746222,0.179918,SYR,SGP,8544
3354715,216,192,1747,2016,17994988.0,16704885.0,1.022065,1.428082,THA,SGP,8544
3354716,218,192,1747,2016,34695.0,0.0,0.243821,0.018425,TKL,SGP,8544
3354717,220,192,1747,2016,0.0,101148.0,-0.737023,-0.908582,TLS,SGP,8544
3354718,221,192,1747,2016,0.0,5406.0,-0.29545,-0.766385,TON,SGP,8544
3354719,223,192,1747,2016,105995.0,4974.0,0.171791,1.062948,TUN,SGP,8544
3354720,224,192,1747,2016,3027303.0,473529.0,0.45364799999999994,2.478837,TUR,SGP,8544
3354721,226,192,1747,2016,0.0,75315.0,-1.1008799999999999,-0.048319,TZA,SGP,8544
3354722,227,192,1747,2016,2348.0,3994.0,-0.37745300000000004,0.525303,UGA,SGP,8544
3354723,228,192,1747,2016,171817.0,9627.0,0.406901,0.637051,UKR,SGP,8544
3354724,230,192,1747,2016,1844.0,18445.0,0.098051,-0.45418400000000003,URY,SGP,8544
3354725,231,192,1747,2016,135816032.0,7096000.0,1.685329,0.297536,USA,SGP,8544
3354726,232,192,1747,2016,4293.0,9888.0,-0.703465,-0.493036,UZB,SGP,8544
3354727,236,192,1747,2016,0.0,58789.0,-0.844669,-1.164315,VEN,SGP,8544
3354728,239,192,1747,2016,33464641.0,22210053.0,-0.10217899999999999,1.015568,VNM,SGP,8544
3354729,242,192,1747,2016,0.0,3429.0,0.576339,-0.221148,WSM,SGP,8544
3354730,246,192,1747,2016,43724.0,668480.0,0.187396,1.46169,ZAF,SGP,8544
3354731,247,192,1747,2016,0.0,1865.0,-0.632437,-0.968817,ZMB,SGP,8544
3354732,248,192,1747,2016,0.0,7678.0,-1.083532,-1.0016610000000001,ZWE,SGP,8544
3354733,249,192,1747,2016,23158367.0,5328923.0,2.002996,1.39485,TWN,SGP,8544
3354734,14,197,1747,2016,14328.0,0.0,-0.25955300000000003,0.0011070000000000001,AUS,SLV,8544
3354735,15,197,1747,2016,633.0,0.0,1.759363,0.127262,AUT,SLV,8544
3354736,18,197,1747,2016,1485.0,18774.0,1.3102610000000001,1.214573,BEL,SLV,8544
3354737,23,197,1747,2016,1383.0,0.0,0.51707,1.7329130000000001,BGR,SLV,8544
3354738,29,197,1747,2016,0.0,818.0,-0.527601,-0.680647,BLZ,SLV,8544
3354739,32,197,1747,2016,83602.0,0.0,0.245919,0.661809,BRA,SLV,8544
3354740,39,197,1747,2016,63932.0,98166.0,0.6579050000000001,1.12259,CAN,SLV,8544
3354741,41,197,1747,2016,139967.0,0.0,2.3488689999999997,0.806291,CHE,SLV,8544
3354742,42,197,1747,2016,340043.0,1268.0,-0.385519,-0.470495,CHL,SLV,8544
3354743,43,197,1747,2016,3056212.0,51079.0,1.1073620000000002,1.723098,CHN,SLV,8544
3354744,49,197,1747,2016,13189.0,0.0,0.10205700000000001,-0.155574,COL,SLV,8544
3354745,52,197,1747,2016,9355959.0,330779.0,0.204591,-0.18279600000000001,CRI,SLV,8544
3354746,54,197,1747,2016,0.0,31175.0,-0.602309,-1.0781120000000002,CUB,SLV,8544
3354747,59,197,1747,2016,2110.0,0.0,1.823627,0.552354,CZE,SLV,8544
3354748,61,197,1747,2016,335719.0,20697.0,2.203093,-2.24919,DEU,SLV,8544
3354749,64,197,1747,2016,1059.0,0.0,1.117864,1.302658,DNK,SLV,8544
3354750,65,197,1747,2016,0.0,69687.0,-0.237382,0.295389,DOM,SLV,8544
3354751,67,197,1747,2016,2666.0,814.0,-1.0860049999999999,-1.049065,ECU,SLV,8544
3354752,71,197,1747,2016,1318198.0,4463.0,0.765428,2.57725,ESP,SLV,8544
3354753,77,197,1747,2016,27894.0,1195.0,1.476437,0.911746,FRA,SLV,8544
3354754,81,197,1747,2016,68190.0,0.0,1.6974669999999998,0.9231299999999999,GBR,SLV,8544
3354755,90,197,1747,2016,34839.0,0.0,0.12153499999999999,1.126101,GRC,SLV,8544
3354756,93,197,1747,2016,553390.0,1467556.0,-0.414843,0.382162,GTM,SLV,8544
3354757,97,197,1747,2016,19250.0,3708.0,0.8029029999999999,1.477249,HKG,SLV,8544
3354758,99,197,1747,2016,1115816.0,662268.0,-0.673741,-0.403777,HND,SLV,8544
3354759,102,197,1747,2016,2337.0,0.0,1.445281,0.8422209999999999,HUN,SLV,8544
3354760,103,197,1747,2016,6687.0,0.0,-0.158496,1.492067,IDN,SLV,8544
3354761,104,197,1747,2016,69248.0,0.0,0.30976,2.61043,IND,SLV,8544
3354762,106,197,1747,2016,654.0,994.0,1.445238,0.07659400000000001,IRL,SLV,8544
3354763,110,197,1747,2016,3669.0,0.0,1.352275,0.67584,ISR,SLV,8544
3354764,111,197,1747,2016,78725.0,19734.0,1.339307,0.8549209999999999,ITA,SLV,8544
3354765,114,197,1747,2016,69721.0,0.0,2.574025,-0.34859,JPN,SLV,8544
3354766,121,197,1747,2016,39921.0,0.0,2.086184,0.724318,KOR,SLV,8544
3354767,138,197,1747,2016,10571255.0,11163482.0,1.165638,0.6446649999999999,MEX,SLV,8544
3354768,141,197,1747,2016,0.0,1657.0,-0.584863,-0.74131,MLI,SLV,8544
3354769,153,197,1747,2016,14623.0,0.0,1.106894,0.7452840000000001,MYS,SLV,8544
3354770,160,197,1747,2016,22337.0,522444.0,-1.0387389999999999,-0.998977,NIC,SLV,8544
3354771,162,197,1747,2016,12800.0,0.0,1.157361,1.5188540000000001,NLD,SLV,8544
3354772,163,197,1747,2016,0.0,898.0,0.89891,0.297673,NOR,SLV,8544
3354773,169,197,1747,2016,876667.0,25117.0,0.58773,0.654145,PAN,SLV,8544
3354774,173,197,1747,2016,23479.0,0.0,-0.717529,0.007845999999999999,PER,SLV,8544
3354775,174,197,1747,2016,14389.0,0.0,0.619343,0.303981,PHL,SLV,8544
3354776,177,197,1747,2016,3435.0,0.0,1.146113,1.239532,POL,SLV,8544
3354777,185,197,1747,2016,35819.0,0.0,1.061259,0.9878870000000001,ROU,SLV,8544
3354778,186,197,1747,2016,17693.0,0.0,0.252891,0.200423,RUS,SLV,8544
3354779,192,197,1747,2016,12972.0,0.0,2.089995,0.564921,SGP,SLV,8544
3354780,206,197,1747,2016,14796.0,0.0,1.273942,0.763966,SVK,SLV,8544
3354781,208,197,1747,2016,77099.0,0.0,1.785149,0.767444,SWE,SLV,8544
3354782,216,197,1747,2016,7048.0,0.0,1.022065,1.428082,THA,SLV,8544
3354783,223,197,1747,2016,29167.0,0.0,0.171791,1.062948,TUN,SLV,8544
3354784,224,197,1747,2016,102456.0,0.0,0.45364799999999994,2.478837,TUR,SLV,8544
3354785,231,197,1747,2016,4402083.0,37607972.0,1.685329,0.297536,USA,SLV,8544
3354786,239,197,1747,2016,90434.0,0.0,-0.10217899999999999,1.015568,VNM,SLV,8544
3354787,249,197,1747,2016,190726.0,0.0,2.002996,1.39485,TWN,SLV,8544
3354788,18,205,1747,2016,918.0,0.0,1.3102610000000001,1.214573,BEL,SUR,8544
3354789,32,205,1747,2016,4318.0,0.0,0.245919,0.661809,BRA,SUR,8544
3354790,39,205,1747,2016,537865.0,0.0,0.6579050000000001,1.12259,CAN,SUR,8544
3354791,43,205,1747,2016,244848.0,0.0,1.1073620000000002,1.723098,CHN,SUR,8544
3354792,59,205,1747,2016,0.0,19402.0,1.823627,0.552354,CZE,SUR,8544
3354793,61,205,1747,2016,19265.0,0.0,2.203093,-2.24919,DEU,SUR,8544
3354794,64,205,1747,2016,4460.0,0.0,1.117864,1.302658,DNK,SUR,8544
3354795,74,205,1747,2016,853.0,0.0,1.581968,1.006432,FIN,SUR,8544
3354796,77,205,1747,2016,22366.0,0.0,1.476437,0.911746,FRA,SUR,8544
3354797,81,205,1747,2016,4651.0,0.0,1.6974669999999998,0.9231299999999999,GBR,SUR,8544
3354798,97,205,1747,2016,49811.0,0.0,0.8029029999999999,1.477249,HKG,SUR,8544
3354799,104,205,1747,2016,1117.0,0.0,0.30976,2.61043,IND,SUR,8544
3354800,111,205,1747,2016,0.0,7028.0,1.339307,0.8549209999999999,ITA,SUR,8544
3354801,138,205,1747,2016,15899.0,0.0,1.165638,0.6446649999999999,MEX,SUR,8544
3354802,162,205,1747,2016,4002762.0,15176.0,1.157361,1.5188540000000001,NLD,SUR,8544
3354803,169,205,1747,2016,6882.0,0.0,0.58773,0.654145,PAN,SUR,8544
3354804,173,205,1747,2016,13285.0,0.0,-0.717529,0.007845999999999999,PER,SUR,8544
3354805,177,205,1747,2016,1529.0,0.0,1.146113,1.239532,POL,SUR,8544
3354806,190,205,1747,2016,0.0,28579.0,-1.216141,-1.191648,SDN,SUR,8544
3354807,192,205,1747,2016,2041.0,0.0,2.089995,0.564921,SGP,SUR,8544
3354808,208,205,1747,2016,51933.0,0.0,1.785149,0.767444,SWE,SUR,8544
3354809,222,205,1747,2016,11597.0,0.0,-0.191969,-1.028843,TTO,SUR,8544
3354810,231,205,1747,2016,666200.0,3647.0,1.685329,0.297536,USA,SUR,8544
3354811,246,205,1747,2016,2596.0,0.0,0.187396,1.46169,ZAF,SUR,8544
3354812,249,205,1747,2016,2488.0,0.0,2.002996,1.39485,TWN,SUR,8544
3354813,0,208,1747,2016,0.0,3288.0,0.9052,0.253571,ABW,SWE,8544
3354814,1,208,1747,2016,0.0,73194.0,-1.497486,-1.002342,AFG,SWE,8544
3354815,2,208,1747,2016,0.0,153177.0,-1.313517,-1.262761,AGO,SWE,8544
3354816,3,208,1747,2016,0.0,16680.0,1.0810790000000001,-0.20086400000000001,AIA,SWE,8544
3354817,4,208,1747,2016,0.0,8596.0,-0.534645,-0.09027,ALB,SWE,8544
3354818,7,208,1747,2016,675080.0,8243985.0,0.11037999999999999,0.045327,ARE,SWE,8544
3354819,8,208,1747,2016,1313.0,2329631.0,-0.132495,0.16353199999999998,ARG,SWE,8544
3354820,9,208,1747,2016,0.0,25156.0,-0.044982999999999995,-0.518007,ARM,SWE,8544
3354821,13,208,1747,2016,0.0,15151.0,0.19935999999999998,-0.538471,ATG,SWE,8544
3354822,14,208,1747,2016,165278.0,2685485.0,-0.25955300000000003,0.0011070000000000001,AUS,SWE,8544
3354823,15,208,1747,2016,16661866.0,8249605.0,1.759363,0.127262,AUT,SWE,8544
3354824,16,208,1747,2016,0.0,60592.0,-0.909744,-1.180449,AZE,SWE,8544
3354825,17,208,1747,2016,0.0,1139.0,-1.0141229999999999,-0.908808,BDI,SWE,8544
3354826,18,208,1747,2016,13868612.0,5295063.0,1.3102610000000001,1.214573,BEL,SWE,8544
3354827,19,208,1747,2016,0.0,581695.0,-0.971123,-0.801574,BEN,SWE,8544
3354828,21,208,1747,2016,0.0,108988.0,-1.0885790000000002,-1.027005,BFA,SWE,8544
3354829,22,208,1747,2016,0.0,511893.0,-1.107523,-1.065009,BGD,SWE,8544
3354830,23,208,1747,2016,935894.0,1961521.0,0.51707,1.7329130000000001,BGR,SWE,8544
3354831,24,208,1747,2016,14734.0,381173.0,0.323348,-0.514446,BHR,SWE,8544
3354832,25,208,1747,2016,0.0,306991.0,0.605834,-0.430958,BHS,SWE,8544
3354833,26,208,1747,2016,23760.0,391018.0,0.47827700000000006,0.5643100000000001,BIH,SWE,8544
3354834,28,208,1747,2016,1098.0,12136.0,0.773807,0.827442,BLR,SWE,8544
3354835,29,208,1747,2016,0.0,774.0,-0.527601,-0.680647,BLZ,SWE,8544
3354836,30,208,1747,2016,0.0,9832.0,0.913218,-0.62813,BMU,SWE,8544
3354837,31,208,1747,2016,2403.0,37086.0,-1.061758,-1.041501,BOL,SWE,8544
3354838,32,208,1747,2016,60258.0,1650821.0,0.245919,0.661809,BRA,SWE,8544
3354839,33,208,1747,2016,0.0,79084.0,0.613282,0.06728200000000001,BRB,SWE,8544
3354840,34,208,1747,2016,0.0,23986.0,0.078764,-0.8103670000000001,BRN,SWE,8544
3354841,35,208,1747,2016,0.0,127140.0,-0.28638,-0.8311069999999999,BTN,SWE,8544
3354842,37,208,1747,2016,0.0,98589.0,-0.9927739999999999,-1.260391,BWA,SWE,8544
3354843,38,208,1747,2016,0.0,126764.0,-0.43507299999999993,-0.7039300000000001,CAF,SWE,8544
3354844,39,208,1747,2016,416274.0,2254098.0,0.6579050000000001,1.12259,CAN,SWE,8544
3354845,41,208,1747,2016,5751002.0,3582720.0,2.3488689999999997,0.806291,CHE,SWE,8544
3354846,42,208,1747,2016,12970.0,896440.0,-0.385519,-0.470495,CHL,SWE,8544
3354847,43,208,1747,2016,80954612.0,12961735.0,1.1073620000000002,1.723098,CHN,SWE,8544
3354848,44,208,1747,2016,0.0,761251.0,-0.88415,-0.8122689999999999,CIV,SWE,8544
3354849,45,208,1747,2016,0.0,683257.0,-1.086484,-1.0725559999999998,CMR,SWE,8544
3354850,46,208,1747,2016,0.0,118587.0,-1.136472,-1.109177,COD,SWE,8544
3354851,47,208,1747,2016,0.0,56993.0,-0.718731,-1.0663799999999999,COG,SWE,8544
3354852,49,208,1747,2016,2822.0,203515.0,0.10205700000000001,-0.155574,COL,SWE,8544
3354853,52,208,1747,2016,0.0,101291.0,0.204591,-0.18279600000000001,CRI,SWE,8544
3354854,54,208,1747,2016,1124.0,466934.0,-0.602309,-1.0781120000000002,CUB,SWE,8544
3354855,55,208,1747,2016,0.0,36784.0,0.232855,-0.7864260000000001,CUW,SWE,8544
3354856,57,208,1747,2016,0.0,10619.0,1.045587,-0.779983,CYM,SWE,8544
3354857,58,208,1747,2016,0.0,120294.0,0.40822800000000004,0.07535,CYP,SWE,8544
3354858,59,208,1747,2016,8547574.0,8498312.0,1.823627,0.552354,CZE,SWE,8544
3354859,61,208,1747,2016,127435972.0,69036780.0,2.203093,-2.24919,DEU,SWE,8544
3354860,62,208,1747,2016,0.0,5030.0,-0.032607,-0.549622,DJI,SWE,8544
3354861,63,208,1747,2016,0.0,30465.0,0.162751,-0.307303,DMA,SWE,8544
3354862,64,208,1747,2016,39502512.0,43868899.0,1.117864,1.302658,DNK,SWE,8544
3354863,65,208,1747,2016,0.0,219172.0,-0.237382,0.295389,DOM,SWE,8544
3354864,66,208,1747,2016,0.0,2953309.0,-1.0202930000000001,-1.236642,DZA,SWE,8544
3354865,67,208,1747,2016,0.0,23795.0,-1.0860049999999999,-1.049065,ECU,SWE,8544
3354866,68,208,1747,2016,0.0,8741671.0,-0.142377,1.674348,EGY,SWE,8544
3354867,69,208,1747,2016,0.0,9873.0,-1.479782,-1.060063,ERI,SWE,8544
3354868,71,208,1747,2016,10150884.0,4676295.0,0.765428,2.57725,ESP,SWE,8544
3354869,72,208,1747,2016,79683279.0,28719596.0,1.000418,1.154152,EST,SWE,8544
3354870,73,208,1747,2016,0.0,921076.0,-1.006161,-0.756472,ETH,SWE,8544
3354871,74,208,1747,2016,41898975.0,76207333.0,1.581968,1.006432,FIN,SWE,8544
3354872,75,208,1747,2016,0.0,4180.0,-0.27171999999999996,0.172933,FJI,SWE,8544
3354873,77,208,1747,2016,28586899.0,15796015.0,1.476437,0.911746,FRA,SWE,8544
3354874,78,208,1747,2016,0.0,94078.0,-0.7436,-0.955406,FRO,SWE,8544
3354875,80,208,1747,2016,0.0,28280.0,-1.530568,-1.254999,GAB,SWE,8544
3354876,81,208,1747,2016,28478805.0,65902901.0,1.6974669999999998,0.9231299999999999,GBR,SWE,8544
3354877,82,208,1747,2016,0.0,391330.0,-0.388359,-0.51175,GEO,SWE,8544
3354878,83,208,1747,2016,0.0,1184708.0,-0.945358,-0.805301,GHA,SWE,8544
3354879,84,208,1747,2016,0.0,1284.0,0.8535370000000001,-0.661778,GIB,SWE,8544
3354880,85,208,1747,2016,0.0,5008.0,-1.474753,-1.215627,GIN,SWE,8544
3354881,87,208,1747,2016,0.0,1594.0,-0.743023,-0.833044,GMB,SWE,8544
3354882,88,208,1747,2016,0.0,130515.0,-1.671858,-1.043328,GNB,SWE,8544
3354883,90,208,1747,2016,3859125.0,357926.0,0.12153499999999999,1.126101,GRC,SWE,8544
3354884,91,208,1747,2016,0.0,10492.0,0.6993729999999999,-0.250698,GRD,SWE,8544
3354885,92,208,1747,2016,0.0,18825.0,-1.15173,-0.9915700000000001,GRL,SWE,8544
3354886,93,208,1747,2016,0.0,85884.0,-0.414843,0.382162,GTM,SWE,8544
3354887,96,208,1747,2016,0.0,53488.0,-0.4755,-0.778335,GUY,SWE,8544
3354888,97,208,1747,2016,8622903.0,1132693.0,0.8029029999999999,1.477249,HKG,SWE,8544
3354889,99,208,1747,2016,0.0,133886.0,-0.673741,-0.403777,HND,SWE,8544
3354890,100,208,1747,2016,176599.0,2815430.0,0.8695200000000001,1.214791,HRV,SWE,8544
3354891,101,208,1747,2016,0.0,154536.0,-1.30976,-1.010181,HTI,SWE,8544
3354892,102,208,1747,2016,52685800.0,13895228.0,1.445281,0.8422209999999999,HUN,SWE,8544
3354893,103,208,1747,2016,7369.0,928656.0,-0.158496,1.492067,IDN,SWE,8544
3354894,104,208,1747,2016,841373.0,5003040.0,0.30976,2.61043,IND,SWE,8544
3354895,106,208,1747,2016,5524949.0,1224549.0,1.445238,0.07659400000000001,IRL,SWE,8544
3354896,107,208,1747,2016,0.0,6138656.0,-0.407368,-0.23482399999999998,IRN,SWE,8544
3354897,108,208,1747,2016,0.0,1821603.0,-2.2400029999999997,-1.017174,IRQ,SWE,8544
3354898,109,208,1747,2016,23742.0,7000662.0,0.192448,-0.37174,ISL,SWE,8544
3354899,110,208,1747,2016,1099450.0,714662.0,1.352275,0.67584,ISR,SWE,8544
3354900,111,208,1747,2016,16208210.0,13171216.0,1.339307,0.8549209999999999,ITA,SWE,8544
3354901,112,208,1747,2016,0.0,285307.0,-0.259972,-0.592114,JAM,SWE,8544
3354902,113,208,1747,2016,0.0,165798.0,-0.0115,0.045625,JOR,SWE,8544
3354903,114,208,1747,2016,5488921.0,1571100.0,2.574025,-0.34859,JPN,SWE,8544
3354904,115,208,1747,2016,871.0,1170744.0,-0.376397,-0.553639,KAZ,SWE,8544
3354905,116,208,1747,2016,2529.0,317180.0,-0.535616,0.520101,KEN,SWE,8544
3354906,117,208,1747,2016,0.0,1058.0,0.010529,0.287462,KGZ,SWE,8544
3354907,118,208,1747,2016,0.0,4407.0,-0.8365239999999999,-0.794615,KHM,SWE,8544
3354908,120,208,1747,2016,0.0,1165.0,0.620594,-0.4305,KNA,SWE,8544
3354909,121,208,1747,2016,3461509.0,7441950.0,2.086184,0.724318,KOR,SWE,8544
3354910,122,208,1747,2016,0.0,215415.0,-0.31188,-1.1438620000000002,KWT,SWE,8544
3354911,124,208,1747,2016,0.0,749671.0,0.285829,1.0818139999999998,LBN,SWE,8544
3354912,125,208,1747,2016,0.0,481154.0,-0.870345,-1.113277,LBR,SWE,8544
3354913,126,208,1747,2016,0.0,738472.0,-1.021925,-1.2316790000000002,LBY,SWE,8544
3354914,127,208,1747,2016,0.0,38009.0,0.397746,-0.405285,LCA,SWE,8544
3354915,128,208,1747,2016,295974.0,829928.0,-0.562869,0.49937,LKA,SWE,8544
3354916,130,208,1747,2016,32056715.0,12749484.0,0.706929,1.419432,LTU,SWE,8544
3354917,131,208,1747,2016,147135.0,116249.0,1.340054,1.30224,LUX,SWE,8544
3354918,132,208,1747,2016,851187.0,1408147.0,0.553592,1.19865,LVA,SWE,8544
3354919,133,208,1747,2016,0.0,2164.0,0.534935,0.185542,MAC,SWE,8544
3354920,134,208,1747,2016,20946759.0,3670921.0,-0.772795,-0.206511,MAR,SWE,8544
3354921,135,208,1747,2016,0.0,138607.0,-0.340932,-0.2839,MDA,SWE,8544
3354922,136,208,1747,2016,0.0,99306.0,-1.2672709999999998,-0.613909,MDG,SWE,8544
3354923,137,208,1747,2016,0.0,4427.0,-0.79904,-0.9720840000000001,MDV,SWE,8544
3354924,138,208,1747,2016,2671923.0,10417692.0,1.165638,0.6446649999999999,MEX,SWE,8544
3354925,140,208,1747,2016,0.0,6074.0,0.026185000000000003,-0.20027999999999999,MKD,SWE,8544
3354926,141,208,1747,2016,0.0,2395.0,-0.584863,-0.74131,MLI,SWE,8544
3354927,142,208,1747,2016,20596.0,54426.0,0.8795950000000001,-0.21689499999999998,MLT,SWE,8544
3354928,143,208,1747,2016,0.0,46302.0,-1.160878,-0.6042609999999999,MMR,SWE,8544
3354929,144,208,1747,2016,0.0,10314.0,-0.005084,-0.25252199999999997,MNE,SWE,8544
3354930,145,208,1747,2016,0.0,31448.0,-0.811142,-1.013252,MNG,SWE,8544
3354931,147,208,1747,2016,0.0,97039.0,-1.333702,-1.116794,MOZ,SWE,8544
3354932,148,208,1747,2016,0.0,4129.0,-1.542265,-1.318586,MRT,SWE,8544
3354933,149,208,1747,2016,0.0,8589.0,1.538666,-0.46699300000000005,MSR,SWE,8544
3354934,151,208,1747,2016,0.0,4997.0,-0.24309899999999998,-0.084888,MUS,SWE,8544
3354935,152,208,1747,2016,0.0,3184.0,-1.113794,-1.172385,MWI,SWE,8544
3354936,153,208,1747,2016,2768942.0,832071.0,1.106894,0.7452840000000001,MYS,SWE,8544
3354937,155,208,1747,2016,2655.0,13922.0,-0.6256689999999999,-0.8612219999999999,NAM,SWE,8544
3354938,156,208,1747,2016,0.0,1532.0,-0.9910389999999999,-0.9463940000000001,NCL,SWE,8544
3354939,157,208,1747,2016,0.0,737275.0,-0.973057,-0.953672,NER,SWE,8544
3354940,159,208,1747,2016,0.0,5258616.0,-1.835357,-1.286597,NGA,SWE,8544
3354941,160,208,1747,2016,0.0,179705.0,-1.0387389999999999,-0.998977,NIC,SWE,8544
3354942,162,208,1747,2016,29900676.0,6785520.0,1.157361,1.5188540000000001,NLD,SWE,8544
3354943,163,208,1747,2016,14907546.0,130128138.0,0.89891,0.297673,NOR,SWE,8544
3354944,164,208,1747,2016,0.0,94624.0,-0.37595500000000004,0.475239,NPL,SWE,8544
3354945,166,208,1747,2016,24405.0,722896.0,0.236556,0.252918,NZL,SWE,8544
3354946,167,208,1747,2016,7090.0,798861.0,-0.334782,-0.9107190000000001,OMN,SWE,8544
3354947,168,208,1747,2016,0.0,824362.0,-0.7502800000000001,0.545331,PAK,SWE,8544
3354948,169,208,1747,2016,23240.0,82503.0,0.58773,0.654145,PAN,SWE,8544
3354949,173,208,1747,2016,60861.0,603908.0,-0.717529,0.007845999999999999,PER,SWE,8544
3354950,174,208,1747,2016,1210.0,377695.0,0.619343,0.303981,PHL,SWE,8544
3354951,176,208,1747,2016,0.0,73646.0,-1.689987,-1.2762639999999998,PNG,SWE,8544
3354952,177,208,1747,2016,87874516.0,39219277.0,1.146113,1.239532,POL,SWE,8544
3354953,179,208,1747,2016,4687530.0,1328947.0,0.519621,2.254972,PRT,SWE,8544
3354954,180,208,1747,2016,0.0,31495.0,-0.660702,-1.0329979999999999,PRY,SWE,8544
3354955,181,208,1747,2016,0.0,13282.0,-0.067187,0.535972,PSE,SWE,8544
3354956,183,208,1747,2016,0.0,279567.0,-0.36124,-1.106629,QAT,SWE,8544
3354957,185,208,1747,2016,35101336.0,3148423.0,1.061259,0.9878870000000001,ROU,SWE,8544
3354958,186,208,1747,2016,81993.0,5965816.0,0.252891,0.200423,RUS,SWE,8544
3354959,187,208,1747,2016,0.0,567505.0,-0.5802149999999999,-0.568327,RWA,SWE,8544
3354960,188,208,1747,2016,18146.0,2168848.0,0.394807,-0.638644,SAU,SWE,8544
3354961,190,208,1747,2016,0.0,654282.0,-1.216141,-1.191648,SDN,SWE,8544
3354962,191,208,1747,2016,0.0,88049.0,-0.7061270000000001,-0.46532399999999996,SEN,SWE,8544
3354963,192,208,1747,2016,982666.0,2298322.0,2.089995,0.564921,SGP,SWE,8544
3354964,194,208,1747,2016,0.0,4447.0,1.4505700000000001,-0.313714,SHN,SWE,8544
3354965,196,208,1747,2016,0.0,17968.0,-0.184021,-0.5023920000000001,SLE,SWE,8544
3354966,197,208,1747,2016,0.0,77099.0,0.10397999999999999,0.25556599999999996,SLV,SWE,8544
3354967,201,208,1747,2016,4606437.0,489754.0,0.501676,1.0447520000000001,SRB,SWE,8544
3354968,205,208,1747,2016,0.0,51933.0,-0.7823869999999999,-1.060347,SUR,SWE,8544
3354969,206,208,1747,2016,3428154.0,1628304.0,1.273942,0.763966,SVK,SWE,8544
3354970,207,208,1747,2016,413734.0,2159260.0,1.6466720000000001,0.8247680000000001,SVN,SWE,8544
3354971,210,208,1747,2016,0.0,3569.0,1.005781,-0.871658,SXM,SWE,8544
3354972,211,208,1747,2016,0.0,34896.0,0.441241,-0.580767,SYC,SWE,8544
3354973,212,208,1747,2016,0.0,937679.0,-0.746222,0.179918,SYR,SWE,8544
3354974,213,208,1747,2016,0.0,1418.0,0.603232,-0.32155900000000004,TCA,SWE,8544
3354975,215,208,1747,2016,13664.0,264536.0,-0.751382,-0.7411310000000001,TGO,SWE,8544
3354976,216,208,1747,2016,99155.0,497226.0,1.022065,1.428082,THA,SWE,8544
3354977,220,208,1747,2016,0.0,1170.0,-0.737023,-0.908582,TLS,SWE,8544
3354978,222,208,1747,2016,0.0,45044.0,-0.191969,-1.028843,TTO,SWE,8544
3354979,223,208,1747,2016,4335451.0,1930118.0,0.171791,1.062948,TUN,SWE,8544
3354980,224,208,1747,2016,59488107.0,5000667.0,0.45364799999999994,2.478837,TUR,SWE,8544
3354981,226,208,1747,2016,0.0,1115230.0,-1.1008799999999999,-0.048319,TZA,SWE,8544
3354982,227,208,1747,2016,0.0,54497.0,-0.37745300000000004,0.525303,UGA,SWE,8544
3354983,228,208,1747,2016,961.0,264540.0,0.406901,0.637051,UKR,SWE,8544
3354984,230,208,1747,2016,0.0,111366.0,0.098051,-0.45418400000000003,URY,SWE,8544
3354985,231,208,1747,2016,15028641.0,20615037.0,1.685329,0.297536,USA,SWE,8544
3354986,232,208,1747,2016,0.0,4442.0,-0.703465,-0.493036,UZB,SWE,8544
3354987,234,208,1747,2016,0.0,33130.0,0.157611,-0.581526,VCT,SWE,8544
3354988,236,208,1747,2016,0.0,17876.0,-0.844669,-1.164315,VEN,SWE,8544
3354989,237,208,1747,2016,0.0,126080.0,0.566815,-0.43181800000000004,VGB,SWE,8544
3354990,239,208,1747,2016,7443.0,1805832.0,-0.10217899999999999,1.015568,VNM,SWE,8544
3354991,242,208,1747,2016,0.0,8922.0,0.576339,-0.221148,WSM,SWE,8544
3354992,243,208,1747,2016,0.0,5491.0,-1.232675,-1.205963,YEM,SWE,8544
3354993,246,208,1747,2016,51403.0,823480.0,0.187396,1.46169,ZAF,SWE,8544
3354994,247,208,1747,2016,6506.0,272876.0,-0.632437,-0.968817,ZMB,SWE,8544
3354995,248,208,1747,2016,0.0,73560.0,-1.083532,-1.0016610000000001,ZWE,SWE,8544
3354996,249,208,1747,2016,5920306.0,654757.0,2.002996,1.39485,TWN,SWE,8544
3354997,250,208,1747,2016,10949.0,47181.0,0.773312,-0.015385,ANS,SWE,8544
3354998,1,216,1747,2016,0.0,14989.0,-1.497486,-1.002342,AFG,THA,8544
3354999,2,216,1747,2016,0.0,9278.0,-1.313517,-1.262761,AGO,THA,8544
3355000,7,216,1747,2016,65777.0,811901.0,0.11037999999999999,0.045327,ARE,THA,8544
3355001,8,216,1747,2016,4543.0,5897540.0,-0.132495,0.16353199999999998,ARG,THA,8544
3355002,14,216,1747,2016,1596094.0,6964654.0,-0.25955300000000003,0.0011070000000000001,AUS,THA,8544
3355003,15,216,1747,2016,720799.0,58547.0,1.759363,0.127262,AUT,THA,8544
3355004,16,216,1747,2016,5109.0,3129.0,-0.909744,-1.180449,AZE,THA,8544
3355005,18,216,1747,2016,824881.0,2728259.0,1.3102610000000001,1.214573,BEL,THA,8544
3355006,22,216,1747,2016,231826.0,1024019.0,-1.107523,-1.065009,BGD,THA,8544
3355007,23,216,1747,2016,394354.0,0.0,0.51707,1.7329130000000001,BGR,THA,8544
3355008,24,216,1747,2016,0.0,37954.0,0.323348,-0.514446,BHR,THA,8544
3355009,26,216,1747,2016,0.0,428.0,0.47827700000000006,0.5643100000000001,BIH,THA,8544
3355010,28,216,1747,2016,0.0,684.0,0.773807,0.827442,BLR,THA,8544
3355011,31,216,1747,2016,0.0,3247.0,-1.061758,-1.041501,BOL,THA,8544
3355012,32,216,1747,2016,1065919.0,7904244.0,0.245919,0.661809,BRA,THA,8544
3355013,34,216,1747,2016,2981.0,1629039.0,0.078764,-0.8103670000000001,BRN,THA,8544
3355014,39,216,1747,2016,3000923.0,842819.0,0.6579050000000001,1.12259,CAN,THA,8544
3355015,41,216,1747,2016,5545037.0,6431761.0,2.3488689999999997,0.806291,CHE,THA,8544
3355016,42,216,1747,2016,0.0,254221.0,-0.385519,-0.470495,CHL,THA,8544
3355017,43,216,1747,2016,533572576.0,115206724.0,1.1073620000000002,1.723098,CHN,THA,8544
3355018,44,216,1747,2016,0.0,1592.0,-0.88415,-0.8122689999999999,CIV,THA,8544
3355019,45,216,1747,2016,0.0,19828.0,-1.086484,-1.0725559999999998,CMR,THA,8544
3355020,46,216,1747,2016,0.0,1646.0,-1.136472,-1.109177,COD,THA,8544
3355021,49,216,1747,2016,159705.0,237356.0,0.10205700000000001,-0.155574,COL,THA,8544
3355022,50,216,1747,2016,0.0,739.0,-0.520849,-0.8678040000000001,COM,THA,8544
3355023,52,216,1747,2016,146363.0,44044.0,0.204591,-0.18279600000000001,CRI,THA,8544
3355024,58,216,1747,2016,1668.0,0.0,0.40822800000000004,0.07535,CYP,THA,8544
3355025,59,216,1747,2016,883114.0,941850.0,1.823627,0.552354,CZE,THA,8544
3355026,61,216,1747,2016,27934708.0,3546066.0,2.203093,-2.24919,DEU,THA,8544
3355027,64,216,1747,2016,431494.0,1450205.0,1.117864,1.302658,DNK,THA,8544
3355028,65,216,1747,2016,2938498.0,13920.0,-0.237382,0.295389,DOM,THA,8544
3355029,66,216,1747,2016,0.0,7901.0,-1.0202930000000001,-1.236642,DZA,THA,8544
3355030,67,216,1747,2016,4978.0,45684.0,-1.0860049999999999,-1.049065,ECU,THA,8544
3355031,68,216,1747,2016,4725.0,3256001.0,-0.142377,1.674348,EGY,THA,8544
3355032,71,216,1747,2016,238424.0,7679398.0,0.765428,2.57725,ESP,THA,8544
3355033,72,216,1747,2016,161707.0,6988.0,1.000418,1.154152,EST,THA,8544
3355034,73,216,1747,2016,0.0,15579.0,-1.006161,-0.756472,ETH,THA,8544
3355035,74,216,1747,2016,346041.0,96439.0,1.581968,1.006432,FIN,THA,8544
3355036,75,216,1747,2016,0.0,6819.0,-0.27171999999999996,0.172933,FJI,THA,8544
3355037,77,216,1747,2016,3238763.0,11864413.0,1.476437,0.911746,FRA,THA,8544
3355038,81,216,1747,2016,1434742.0,9308350.0,1.6974669999999998,0.9231299999999999,GBR,THA,8544
3355039,83,216,1747,2016,0.0,81783.0,-0.945358,-0.805301,GHA,THA,8544
3355040,87,216,1747,2016,0.0,52134.0,-0.743023,-0.833044,GMB,THA,8544
3355041,89,216,1747,2016,0.0,16064.0,-1.766286,-0.9607709999999999,GNQ,THA,8544
3355042,90,216,1747,2016,4280.0,6788.0,0.12153499999999999,1.126101,GRC,THA,8544
3355043,97,216,1747,2016,11400745.0,38460615.0,0.8029029999999999,1.477249,HKG,THA,8544
3355044,99,216,1747,2016,214575.0,21144.0,-0.673741,-0.403777,HND,THA,8544
3355045,100,216,1747,2016,76213.0,0.0,0.8695200000000001,1.214791,HRV,THA,8544
3355046,102,216,1747,2016,463822.0,773271.0,1.445281,0.8422209999999999,HUN,THA,8544
3355047,103,216,1747,2016,53383642.0,27508625.0,-0.158496,1.492067,IDN,THA,8544
3355048,104,216,1747,2016,6875292.0,18282191.0,0.30976,2.61043,IND,THA,8544
3355049,106,216,1747,2016,1864858.0,134331.0,1.445238,0.07659400000000001,IRL,THA,8544
3355050,107,216,1747,2016,0.0,10110.0,-0.407368,-0.23482399999999998,IRN,THA,8544
3355051,108,216,1747,2016,0.0,48484.0,-2.2400029999999997,-1.017174,IRQ,THA,8544
3355052,109,216,1747,2016,4281.0,10531.0,0.192448,-0.37174,ISL,THA,8544
3355053,110,216,1747,2016,2667963.0,476177.0,1.352275,0.67584,ISR,THA,8544
3355054,111,216,1747,2016,2966889.0,4542174.0,1.339307,0.8549209999999999,ITA,THA,8544
3355055,112,216,1747,2016,0.0,4954.0,-0.259972,-0.592114,JAM,THA,8544
3355056,113,216,1747,2016,0.0,31558.0,-0.0115,0.045625,JOR,THA,8544
3355057,114,216,1747,2016,104108573.0,310160091.0,2.574025,-0.34859,JPN,THA,8544
3355058,115,216,1747,2016,0.0,98665.0,-0.376397,-0.553639,KAZ,THA,8544
3355059,116,216,1747,2016,0.0,52289.0,-0.535616,0.520101,KEN,THA,8544
3355060,118,216,1747,2016,92414336.0,37041884.0,-0.8365239999999999,-0.794615,KHM,THA,8544
3355061,121,216,1747,2016,51644153.0,1836398.0,2.086184,0.724318,KOR,THA,8544
3355062,122,216,1747,2016,0.0,116351.0,-0.31188,-1.1438620000000002,KWT,THA,8544
3355063,123,216,1747,2016,15278832.0,16661036.0,-0.9781479999999999,-0.8272860000000001,LAO,THA,8544
3355064,124,216,1747,2016,0.0,23815.0,0.285829,1.0818139999999998,LBN,THA,8544
3355065,128,216,1747,2016,894970.0,22517.0,-0.562869,0.49937,LKA,THA,8544
3355066,130,216,1747,2016,229311.0,0.0,0.706929,1.419432,LTU,THA,8544
3355067,131,216,1747,2016,17480.0,1122.0,1.340054,1.30224,LUX,THA,8544
3355068,132,216,1747,2016,169075.0,0.0,0.553592,1.19865,LVA,THA,8544
3355069,133,216,1747,2016,2417.0,0.0,0.534935,0.185542,MAC,THA,8544
3355070,134,216,1747,2016,9834.0,153747.0,-0.772795,-0.206511,MAR,THA,8544
3355071,135,216,1747,2016,64023.0,0.0,-0.340932,-0.2839,MDA,THA,8544
3355072,136,216,1747,2016,0.0,2405.0,-1.2672709999999998,-0.613909,MDG,THA,8544
3355073,137,216,1747,2016,0.0,99458.0,-0.79904,-0.9720840000000001,MDV,THA,8544
3355074,138,216,1747,2016,14364199.0,2211629.0,1.165638,0.6446649999999999,MEX,THA,8544
3355075,140,216,1747,2016,132146.0,0.0,0.026185000000000003,-0.20027999999999999,MKD,THA,8544
3355076,142,216,1747,2016,10573.0,0.0,0.8795950000000001,-0.21689499999999998,MLT,THA,8544
3355077,143,216,1747,2016,392177.0,13681378.0,-1.160878,-0.6042609999999999,MMR,THA,8544
3355078,145,216,1747,2016,1373.0,0.0,-0.811142,-1.013252,MNG,THA,8544
3355079,147,216,1747,2016,0.0,20685.0,-1.333702,-1.116794,MOZ,THA,8544
3355080,151,216,1747,2016,0.0,7425.0,-0.24309899999999998,-0.084888,MUS,THA,8544
3355081,153,216,1747,2016,93111493.0,26499367.0,1.106894,0.7452840000000001,MYS,THA,8544
3355082,155,216,1747,2016,9135.0,0.0,-0.6256689999999999,-0.8612219999999999,NAM,THA,8544
3355083,156,216,1747,2016,0.0,2373.0,-0.9910389999999999,-0.9463940000000001,NCL,THA,8544
3355084,159,216,1747,2016,0.0,221312.0,-1.835357,-1.286597,NGA,THA,8544
3355085,160,216,1747,2016,0.0,16832.0,-1.0387389999999999,-0.998977,NIC,THA,8544
3355086,162,216,1747,2016,629062.0,2287936.0,1.157361,1.5188540000000001,NLD,THA,8544
3355087,163,216,1747,2016,993890.0,145526.0,0.89891,0.297673,NOR,THA,8544
3355088,164,216,1747,2016,0.0,2130.0,-0.37595500000000004,0.475239,NPL,THA,8544
3355089,166,216,1747,2016,87342.0,2937721.0,0.236556,0.252918,NZL,THA,8544
3355090,167,216,1747,2016,0.0,193549.0,-0.334782,-0.9107190000000001,OMN,THA,8544
3355091,168,216,1747,2016,5589.0,5057230.0,-0.7502800000000001,0.545331,PAK,THA,8544
3355092,169,216,1747,2016,11817.0,1000.0,0.58773,0.654145,PAN,THA,8544
3355093,173,216,1747,2016,0.0,50728.0,-0.717529,0.007845999999999999,PER,THA,8544
3355094,174,216,1747,2016,100278060.0,63552434.0,0.619343,0.303981,PHL,THA,8544
3355095,176,216,1747,2016,0.0,1773.0,-1.689987,-1.2762639999999998,PNG,THA,8544
3355096,177,216,1747,2016,772295.0,530166.0,1.146113,1.239532,POL,THA,8544
3355097,178,216,1747,2016,1726.0,0.0,-0.512374,-0.143648,PRK,THA,8544
3355098,179,216,1747,2016,440598.0,162849.0,0.519621,2.254972,PRT,THA,8544
3355099,180,216,1747,2016,7625.0,321384.0,-0.660702,-1.0329979999999999,PRY,THA,8544
3355100,183,216,1747,2016,0.0,175474.0,-0.36124,-1.106629,QAT,THA,8544
3355101,185,216,1747,2016,828194.0,11604.0,1.061259,0.9878870000000001,ROU,THA,8544
3355102,186,216,1747,2016,130786.0,1161386.0,0.252891,0.200423,RUS,THA,8544
3355103,188,216,1747,2016,0.0,1171277.0,0.394807,-0.638644,SAU,THA,8544
3355104,190,216,1747,2016,0.0,17612.0,-1.216141,-1.191648,SDN,THA,8544
3355105,191,216,1747,2016,0.0,1065.0,-0.7061270000000001,-0.46532399999999996,SEN,THA,8544
3355106,192,216,1747,2016,16704885.0,17994988.0,2.089995,0.564921,SGP,THA,8544
3355107,195,216,1747,2016,0.0,15601.0,-0.740271,-0.881382,SLB,THA,8544
3355108,197,216,1747,2016,0.0,7048.0,0.10397999999999999,0.25556599999999996,SLV,THA,8544
3355109,201,216,1747,2016,10242.0,2704.0,0.501676,1.0447520000000001,SRB,THA,8544
3355110,206,216,1747,2016,86755.0,926403.0,1.273942,0.763966,SVK,THA,8544
3355111,207,216,1747,2016,570714.0,50487.0,1.6466720000000001,0.8247680000000001,SVN,THA,8544
3355112,208,216,1747,2016,497226.0,99155.0,1.785149,0.767444,SWE,THA,8544
3355113,209,216,1747,2016,118515.0,0.0,0.2785,-0.43804799999999994,SWZ,THA,8544
3355114,215,216,1747,2016,0.0,1799.0,-0.751382,-0.7411310000000001,TGO,THA,8544
3355115,223,216,1747,2016,235398.0,1456584.0,0.171791,1.062948,TUN,THA,8544
3355116,224,216,1747,2016,1614112.0,1320809.0,0.45364799999999994,2.478837,TUR,THA,8544
3355117,226,216,1747,2016,0.0,13087.0,-1.1008799999999999,-0.048319,TZA,THA,8544
3355118,228,216,1747,2016,42495.0,14129.0,0.406901,0.637051,UKR,THA,8544
3355119,230,216,1747,2016,0.0,1070416.0,0.098051,-0.45418400000000003,URY,THA,8544
3355120,231,216,1747,2016,72594008.0,85214088.0,1.685329,0.297536,USA,THA,8544
3355121,232,216,1747,2016,0.0,78094.0,-0.703465,-0.493036,UZB,THA,8544
3355122,236,216,1747,2016,0.0,194881.0,-0.844669,-1.164315,VEN,THA,8544
3355123,239,216,1747,2016,86307924.0,88962959.0,-0.10217899999999999,1.015568,VNM,THA,8544
3355124,242,216,1747,2016,0.0,1185324.0,0.576339,-0.221148,WSM,THA,8544
3355125,243,216,1747,2016,0.0,1394.0,-1.232675,-1.205963,YEM,THA,8544
3355126,246,216,1747,2016,55897.0,20922995.0,0.187396,1.46169,ZAF,THA,8544
3355127,247,216,1747,2016,0.0,1097.0,-0.632437,-0.968817,ZMB,THA,8544
3355128,248,216,1747,2016,0.0,748.0,-1.083532,-1.0016610000000001,ZWE,THA,8544
3355129,249,216,1747,2016,22316291.0,13398814.0,2.002996,1.39485,TWN,THA,8544
3355130,250,216,1747,2016,1109.0,0.0,0.773312,-0.015385,ANS,THA,8544
3355131,1,224,1747,2016,0.0,4838373.0,-1.497486,-1.002342,AFG,TUR,8544
3355132,2,224,1747,2016,0.0,61633.0,-1.313517,-1.262761,AGO,TUR,8544
3355133,4,224,1747,2016,3608.0,7011008.0,-0.534645,-0.09027,ALB,TUR,8544
3355134,7,224,1747,2016,859880.0,28044971.0,0.11037999999999999,0.045327,ARE,TUR,8544
3355135,8,224,1747,2016,2437.0,4709519.0,-0.132495,0.16353199999999998,ARG,TUR,8544
3355136,9,224,1747,2016,0.0,1997.0,-0.044982999999999995,-0.518007,ARM,TUR,8544
3355137,14,224,1747,2016,139433.0,13305348.0,-0.25955300000000003,0.0011070000000000001,AUS,TUR,8544
3355138,15,224,1747,2016,6128543.0,10389381.0,1.759363,0.127262,AUT,TUR,8544
3355139,16,224,1747,2016,22090.0,17256893.0,-0.909744,-1.180449,AZE,TUR,8544
3355140,17,224,1747,2016,0.0,45651.0,-1.0141229999999999,-0.908808,BDI,TUR,8544
3355141,18,224,1747,2016,10404989.0,108970408.0,1.3102610000000001,1.214573,BEL,TUR,8544
3355142,19,224,1747,2016,0.0,915073.0,-0.971123,-0.801574,BEN,TUR,8544
3355143,21,224,1747,2016,0.0,1630606.0,-1.0885790000000002,-1.027005,BFA,TUR,8544
3355144,22,224,1747,2016,0.0,139167.0,-1.107523,-1.065009,BGD,TUR,8544
3355145,23,224,1747,2016,202952601.0,54847988.0,0.51707,1.7329130000000001,BGR,TUR,8544
3355146,24,224,1747,2016,0.0,1236607.0,0.323348,-0.514446,BHR,TUR,8544
3355147,25,224,1747,2016,0.0,93070.0,0.605834,-0.430958,BHS,TUR,8544
3355148,26,224,1747,2016,6863.0,1327596.0,0.47827700000000006,0.5643100000000001,BIH,TUR,8544
3355149,28,224,1747,2016,44454.0,1119996.0,0.773807,0.827442,BLR,TUR,8544
3355150,31,224,1747,2016,0.0,28196.0,-1.061758,-1.041501,BOL,TUR,8544
3355151,32,224,1747,2016,37559.0,451971.0,0.245919,0.661809,BRA,TUR,8544
3355152,33,224,1747,2016,0.0,20800.0,0.613282,0.06728200000000001,BRB,TUR,8544
3355153,34,224,1747,2016,0.0,953059.0,0.078764,-0.8103670000000001,BRN,TUR,8544
3355154,39,224,1747,2016,2139518.0,2350552.0,0.6579050000000001,1.12259,CAN,TUR,8544
3355155,41,224,1747,2016,4841869.0,12781085.0,2.3488689999999997,0.806291,CHE,TUR,8544
3355156,42,224,1747,2016,0.0,636474.0,-0.385519,-0.470495,CHL,TUR,8544
3355157,43,224,1747,2016,113713591.0,3905395.0,1.1073620000000002,1.723098,CHN,TUR,8544
3355158,44,224,1747,2016,0.0,570895.0,-0.88415,-0.8122689999999999,CIV,TUR,8544
3355159,45,224,1747,2016,0.0,3262123.0,-1.086484,-1.0725559999999998,CMR,TUR,8544
3355160,46,224,1747,2016,0.0,2368596.0,-1.136472,-1.109177,COD,TUR,8544
3355161,47,224,1747,2016,0.0,918463.0,-0.718731,-1.0663799999999999,COG,TUR,8544
3355162,49,224,1747,2016,0.0,134926.0,0.10205700000000001,-0.155574,COL,TUR,8544
3355163,52,224,1747,2016,287794.0,139112.0,0.204591,-0.18279600000000001,CRI,TUR,8544
3355164,55,224,1747,2016,0.0,161677.0,0.232855,-0.7864260000000001,CUW,TUR,8544
3355165,58,224,1747,2016,5889.0,8638289.0,0.40822800000000004,0.07535,CYP,TUR,8544
3355166,59,224,1747,2016,11746794.0,3192669.0,1.823627,0.552354,CZE,TUR,8544
3355167,61,224,1747,2016,70131527.0,178965736.0,2.203093,-2.24919,DEU,TUR,8544
3355168,62,224,1747,2016,0.0,576291.0,-0.032607,-0.549622,DJI,TUR,8544
3355169,64,224,1747,2016,1716805.0,5881467.0,1.117864,1.302658,DNK,TUR,8544
3355170,65,224,1747,2016,43624.0,844681.0,-0.237382,0.295389,DOM,TUR,8544
3355171,66,224,1747,2016,485.0,36242772.0,-1.0202930000000001,-1.236642,DZA,TUR,8544
3355172,67,224,1747,2016,0.0,1984394.0,-1.0860049999999999,-1.049065,ECU,TUR,8544
3355173,68,224,1747,2016,8096425.0,13809816.0,-0.142377,1.674348,EGY,TUR,8544
3355174,71,224,1747,2016,13274145.0,48974787.0,0.765428,2.57725,ESP,TUR,8544
3355175,72,224,1747,2016,834280.0,216861.0,1.000418,1.154152,EST,TUR,8544
3355176,73,224,1747,2016,1522.0,6631421.0,-1.006161,-0.756472,ETH,TUR,8544
3355177,74,224,1747,2016,6825297.0,2687518.0,1.581968,1.006432,FIN,TUR,8544
3355178,77,224,1747,2016,21514650.0,64155380.0,1.476437,0.911746,FRA,TUR,8544
3355179,78,224,1747,2016,6259.0,0.0,-0.7436,-0.955406,FRO,TUR,8544
3355180,80,224,1747,2016,0.0,280378.0,-1.530568,-1.254999,GAB,TUR,8544
3355181,81,224,1747,2016,13764291.0,369116393.0,1.6974669999999998,0.9231299999999999,GBR,TUR,8544
3355182,82,224,1747,2016,162994.0,30562033.0,-0.388359,-0.51175,GEO,TUR,8544
3355183,83,224,1747,2016,0.0,17836443.0,-0.945358,-0.805301,GHA,TUR,8544
3355184,84,224,1747,2016,0.0,447407.0,0.8535370000000001,-0.661778,GIB,TUR,8544
3355185,85,224,1747,2016,0.0,3363546.0,-1.474753,-1.215627,GIN,TUR,8544
3355186,87,224,1747,2016,0.0,89511.0,-0.743023,-0.833044,GMB,TUR,8544
3355187,89,224,1747,2016,0.0,305062.0,-1.766286,-0.9607709999999999,GNQ,TUR,8544
3355188,90,224,1747,2016,3017596.0,12482686.0,0.12153499999999999,1.126101,GRC,TUR,8544
3355189,93,224,1747,2016,0.0,1482.0,-0.414843,0.382162,GTM,TUR,8544
3355190,96,224,1747,2016,0.0,426453.0,-0.4755,-0.778335,GUY,TUR,8544
3355191,97,224,1747,2016,655641.0,10110743.0,0.8029029999999999,1.477249,HKG,TUR,8544
3355192,99,224,1747,2016,145265.0,46522.0,-0.673741,-0.403777,HND,TUR,8544
3355193,100,224,1747,2016,1347175.0,4394714.0,0.8695200000000001,1.214791,HRV,TUR,8544
3355194,102,224,1747,2016,14967127.0,6716119.0,1.445281,0.8422209999999999,HUN,TUR,8544
3355195,103,224,1747,2016,21444387.0,635286.0,-0.158496,1.492067,IDN,TUR,8544
3355196,104,224,1747,2016,4070872.0,2783036.0,0.30976,2.61043,IND,TUR,8544
3355197,106,224,1747,2016,2783971.0,30442801.0,1.445238,0.07659400000000001,IRL,TUR,8544
3355198,107,224,1747,2016,34059.0,10749809.0,-0.407368,-0.23482399999999998,IRN,TUR,8544
3355199,108,224,1747,2016,721234.0,138837148.0,-2.2400029999999997,-1.017174,IRQ,TUR,8544
3355200,109,224,1747,2016,6827.0,78875.0,0.192448,-0.37174,ISL,TUR,8544
3355201,110,224,1747,2016,2207123.0,117551069.0,1.352275,0.67584,ISR,TUR,8544
3355202,111,224,1747,2016,38074120.0,81251839.0,1.339307,0.8549209999999999,ITA,TUR,8544
3355203,112,224,1747,2016,0.0,2034557.0,-0.259972,-0.592114,JAM,TUR,8544
3355204,113,224,1747,2016,1872.0,9451490.0,-0.0115,0.045625,JOR,TUR,8544
3355205,114,224,1747,2016,11866093.0,764847.0,2.574025,-0.34859,JPN,TUR,8544
3355206,115,224,1747,2016,20412.0,15757582.0,-0.376397,-0.553639,KAZ,TUR,8544
3355207,116,224,1747,2016,0.0,601941.0,-0.535616,0.520101,KEN,TUR,8544
3355208,117,224,1747,2016,0.0,2418457.0,0.010529,0.287462,KGZ,TUR,8544
3355209,118,224,1747,2016,0.0,1713.0,-0.8365239999999999,-0.794615,KHM,TUR,8544
3355210,121,224,1747,2016,34937219.0,1033844.0,2.086184,0.724318,KOR,TUR,8544
3355211,122,224,1747,2016,0.0,10012231.0,-0.31188,-1.1438620000000002,KWT,TUR,8544
3355212,123,224,1747,2016,7099.0,0.0,-0.9781479999999999,-0.8272860000000001,LAO,TUR,8544
3355213,124,224,1747,2016,2695.0,2021724.0,0.285829,1.0818139999999998,LBN,TUR,8544
3355214,125,224,1747,2016,0.0,7718452.0,-0.870345,-1.113277,LBR,TUR,8544
3355215,126,224,1747,2016,12625.0,9623197.0,-1.021925,-1.2316790000000002,LBY,TUR,8544
3355216,127,224,1747,2016,2154.0,0.0,0.397746,-0.405285,LCA,TUR,8544
3355217,128,224,1747,2016,0.0,493210.0,-0.562869,0.49937,LKA,TUR,8544
3355218,130,224,1747,2016,560570.0,1712760.0,0.706929,1.419432,LTU,TUR,8544
3355219,131,224,1747,2016,45487.0,15278.0,1.340054,1.30224,LUX,TUR,8544
3355220,132,224,1747,2016,8784.0,842944.0,0.553592,1.19865,LVA,TUR,8544
3355221,133,224,1747,2016,0.0,1842146.0,0.534935,0.185542,MAC,TUR,8544
3355222,134,224,1747,2016,3973709.0,12359643.0,-0.772795,-0.206511,MAR,TUR,8544
3355223,135,224,1747,2016,0.0,286488.0,-0.340932,-0.2839,MDA,TUR,8544
3355224,136,224,1747,2016,0.0,148569.0,-1.2672709999999998,-0.613909,MDG,TUR,8544
3355225,137,224,1747,2016,0.0,621963.0,-0.79904,-0.9720840000000001,MDV,TUR,8544
3355226,138,224,1747,2016,8261795.0,658082.0,1.165638,0.6446649999999999,MEX,TUR,8544
3355227,139,224,1747,2016,0.0,2665.0,0.073567,-0.808307,MHL,TUR,8544
3355228,140,224,1747,2016,2410.0,5684795.0,0.026185000000000003,-0.20027999999999999,MKD,TUR,8544
3355229,141,224,1747,2016,0.0,946289.0,-0.584863,-0.74131,MLI,TUR,8544
3355230,142,224,1747,2016,7665.0,6224199.0,0.8795950000000001,-0.21689499999999998,MLT,TUR,8544
3355231,143,224,1747,2016,0.0,699532.0,-1.160878,-0.6042609999999999,MMR,TUR,8544
3355232,144,224,1747,2016,0.0,830150.0,-0.005084,-0.25252199999999997,MNE,TUR,8544
3355233,145,224,1747,2016,0.0,1349.0,-0.811142,-1.013252,MNG,TUR,8544
3355234,147,224,1747,2016,0.0,468994.0,-1.333702,-1.116794,MOZ,TUR,8544
3355235,148,224,1747,2016,0.0,522734.0,-1.542265,-1.318586,MRT,TUR,8544
3355236,151,224,1747,2016,12041.0,3803067.0,-0.24309899999999998,-0.084888,MUS,TUR,8544
3355237,152,224,1747,2016,0.0,315723.0,-1.113794,-1.172385,MWI,TUR,8544
3355238,153,224,1747,2016,17590313.0,2196411.0,1.106894,0.7452840000000001,MYS,TUR,8544
3355239,155,224,1747,2016,2972.0,36221.0,-0.6256689999999999,-0.8612219999999999,NAM,TUR,8544
3355240,157,224,1747,2016,0.0,522070.0,-0.973057,-0.953672,NER,TUR,8544
3355241,159,224,1747,2016,8816.0,4629737.0,-1.835357,-1.286597,NGA,TUR,8544
3355242,160,224,1747,2016,2325.0,0.0,-1.0387389999999999,-0.998977,NIC,TUR,8544
3355243,162,224,1747,2016,14581871.0,16560497.0,1.157361,1.5188540000000001,NLD,TUR,8544
3355244,163,224,1747,2016,587527.0,2893084.0,0.89891,0.297673,NOR,TUR,8544
3355245,166,224,1747,2016,57231.0,98632.0,0.236556,0.252918,NZL,TUR,8544
3355246,167,224,1747,2016,0.0,7108495.0,-0.334782,-0.9107190000000001,OMN,TUR,8544
3355247,168,224,1747,2016,22075.0,2292336.0,-0.7502800000000001,0.545331,PAK,TUR,8544
3355248,169,224,1747,2016,0.0,441525.0,0.58773,0.654145,PAN,TUR,8544
3355249,173,224,1747,2016,0.0,189266.0,-0.717529,0.007845999999999999,PER,TUR,8544
3355250,174,224,1747,2016,877496.0,5021.0,0.619343,0.303981,PHL,TUR,8544
3355251,176,224,1747,2016,0.0,79793.0,-1.689987,-1.2762639999999998,PNG,TUR,8544
3355252,177,224,1747,2016,6992540.0,25946462.0,1.146113,1.239532,POL,TUR,8544
3355253,179,224,1747,2016,22443796.0,3137925.0,0.519621,2.254972,PRT,TUR,8544
3355254,180,224,1747,2016,0.0,19286.0,-0.660702,-1.0329979999999999,PRY,TUR,8544
3355255,181,224,1747,2016,0.0,613025.0,-0.067187,0.535972,PSE,TUR,8544
3355256,183,224,1747,2016,23438.0,13843605.0,-0.36124,-1.106629,QAT,TUR,8544
3355257,185,224,1747,2016,42447304.0,18251316.0,1.061259,0.9878870000000001,ROU,TUR,8544
3355258,186,224,1747,2016,508328.0,4232656.0,0.252891,0.200423,RUS,TUR,8544
3355259,187,224,1747,2016,0.0,1040761.0,-0.5802149999999999,-0.568327,RWA,TUR,8544
3355260,188,224,1747,2016,259261.0,14630830.0,0.394807,-0.638644,SAU,TUR,8544
3355261,190,224,1747,2016,0.0,1715588.0,-1.216141,-1.191648,SDN,TUR,8544
3355262,191,224,1747,2016,0.0,1874161.0,-0.7061270000000001,-0.46532399999999996,SEN,TUR,8544
3355263,192,224,1747,2016,473529.0,3027303.0,2.089995,0.564921,SGP,TUR,8544
3355264,196,224,1747,2016,0.0,489940.0,-0.184021,-0.5023920000000001,SLE,TUR,8544
3355265,197,224,1747,2016,0.0,102456.0,0.10397999999999999,0.25556599999999996,SLV,TUR,8544
3355266,199,224,1747,2016,0.0,821433.0,-1.429439,-1.006612,SOM,TUR,8544
3355267,201,224,1747,2016,75714.0,30245051.0,0.501676,1.0447520000000001,SRB,TUR,8544
3355268,206,224,1747,2016,4141338.0,2704458.0,1.273942,0.763966,SVK,TUR,8544
3355269,207,224,1747,2016,343169.0,4594894.0,1.6466720000000001,0.8247680000000001,SVN,TUR,8544
3355270,208,224,1747,2016,5000667.0,59488107.0,1.785149,0.767444,SWE,TUR,8544
3355271,212,224,1747,2016,0.0,9073281.0,-0.746222,0.179918,SYR,TUR,8544
3355272,214,224,1747,2016,2578.0,1455.0,-2.7867189999999997,-1.035452,TCD,TUR,8544
3355273,215,224,1747,2016,0.0,1306729.0,-0.751382,-0.7411310000000001,TGO,TUR,8544
3355274,216,224,1747,2016,1320809.0,1614112.0,1.022065,1.428082,THA,TUR,8544
3355275,217,224,1747,2016,28137.0,4686823.0,-1.0791549999999999,-1.137941,TJK,TUR,8544
3355276,219,224,1747,2016,60262.0,63176838.0,-1.27494,-1.259639,TKM,TUR,8544
3355277,222,224,1747,2016,0.0,1031364.0,-0.191969,-1.028843,TTO,TUR,8544
3355278,223,224,1747,2016,5056411.0,1220678.0,0.171791,1.062948,TUN,TUR,8544
3355279,226,224,1747,2016,0.0,1752114.0,-1.1008799999999999,-0.048319,TZA,TUR,8544
3355280,227,224,1747,2016,0.0,1246549.0,-0.37745300000000004,0.525303,UGA,TUR,8544
3355281,228,224,1747,2016,3054610.0,1121585.0,0.406901,0.637051,UKR,TUR,8544
3355282,230,224,1747,2016,0.0,674271.0,0.098051,-0.45418400000000003,URY,TUR,8544
3355283,231,224,1747,2016,24457878.0,37391698.0,1.685329,0.297536,USA,TUR,8544
3355284,232,224,1747,2016,8264012.0,2187105.0,-0.703465,-0.493036,UZB,TUR,8544
3355285,234,224,1747,2016,0.0,3089.0,0.157611,-0.581526,VCT,TUR,8544
3355286,239,224,1747,2016,4004890.0,1839273.0,-0.10217899999999999,1.015568,VNM,TUR,8544
3355287,243,224,1747,2016,0.0,2783582.0,-1.232675,-1.205963,YEM,TUR,8544
3355288,246,224,1747,2016,105375.0,805767.0,0.187396,1.46169,ZAF,TUR,8544
3355289,247,224,1747,2016,0.0,31271.0,-0.632437,-0.968817,ZMB,TUR,8544
3355290,248,224,1747,2016,0.0,10977.0,-1.083532,-1.0016610000000001,ZWE,TUR,8544
3355291,249,224,1747,2016,3559693.0,321638.0,2.002996,1.39485,TWN,TUR,8544
3355292,250,224,1747,2016,0.0,5934.0,0.773312,-0.015385,ANS,TUR,8544
3355293,1,228,1747,2016,0.0,9333.0,-1.497486,-1.002342,AFG,UKR,8544
3355294,7,228,1747,2016,54788.0,25645.0,0.11037999999999999,0.045327,ARE,UKR,8544
3355295,8,228,1747,2016,0.0,993037.0,-0.132495,0.16353199999999998,ARG,UKR,8544
3355296,9,228,1747,2016,0.0,77957.0,-0.044982999999999995,-0.518007,ARM,UKR,8544
3355297,14,228,1747,2016,3544.0,76095.0,-0.25955300000000003,0.0011070000000000001,AUS,UKR,8544
3355298,15,228,1747,2016,870750.0,2055067.0,1.759363,0.127262,AUT,UKR,8544
3355299,16,228,1747,2016,18524.0,1841427.0,-0.909744,-1.180449,AZE,UKR,8544
3355300,18,228,1747,2016,1712098.0,1055.0,1.3102610000000001,1.214573,BEL,UKR,8544
3355301,22,228,1747,2016,0.0,2115.0,-1.107523,-1.065009,BGD,UKR,8544
3355302,23,228,1747,2016,242494.0,242318.0,0.51707,1.7329130000000001,BGR,UKR,8544
3355303,26,228,1747,2016,928.0,951.0,0.47827700000000006,0.5643100000000001,BIH,UKR,8544
3355304,28,228,1747,2016,3318175.0,1524244.0,0.773807,0.827442,BLR,UKR,8544
3355305,29,228,1747,2016,0.0,1162.0,-0.527601,-0.680647,BLZ,UKR,8544
3355306,32,228,1747,2016,7657.0,826983.0,0.245919,0.661809,BRA,UKR,8544
3355307,39,228,1747,2016,39470.0,39412.0,0.6579050000000001,1.12259,CAN,UKR,8544
3355308,41,228,1747,2016,490718.0,94771.0,2.3488689999999997,0.806291,CHE,UKR,8544
3355309,42,228,1747,2016,0.0,648.0,-0.385519,-0.470495,CHL,UKR,8544
3355310,43,228,1747,2016,24824963.0,5966796.0,1.1073620000000002,1.723098,CHN,UKR,8544
3355311,49,228,1747,2016,0.0,4744.0,0.10205700000000001,-0.155574,COL,UKR,8544
3355312,52,228,1747,2016,3080.0,1346.0,0.204591,-0.18279600000000001,CRI,UKR,8544
3355313,54,228,1747,2016,0.0,71470.0,-0.602309,-1.0781120000000002,CUB,UKR,8544
3355314,58,228,1747,2016,0.0,61228.0,0.40822800000000004,0.07535,CYP,UKR,8544
3355315,59,228,1747,2016,61988103.0,114184188.0,1.823627,0.552354,CZE,UKR,8544
3355316,61,228,1747,2016,24701411.0,397364608.0,2.203093,-2.24919,DEU,UKR,8544
3355317,64,228,1747,2016,157635.0,0.0,1.117864,1.302658,DNK,UKR,8544
3355318,66,228,1747,2016,0.0,294139.0,-1.0202930000000001,-1.236642,DZA,UKR,8544
3355319,68,228,1747,2016,6569.0,5201.0,-0.142377,1.674348,EGY,UKR,8544
3355320,71,228,1747,2016,652917.0,11606669.0,0.765428,2.57725,ESP,UKR,8544
3355321,72,228,1747,2016,186364.0,6602738.0,1.000418,1.154152,EST,UKR,8544
3355322,73,228,1747,2016,0.0,97071.0,-1.006161,-0.756472,ETH,UKR,8544
3355323,74,228,1747,2016,183021.0,110100.0,1.581968,1.006432,FIN,UKR,8544
3355324,75,228,1747,2016,0.0,656.0,-0.27171999999999996,0.172933,FJI,UKR,8544
3355325,77,228,1747,2016,957169.0,559009.0,1.476437,0.911746,FRA,UKR,8544
3355326,81,228,1747,2016,1815130.0,13042009.0,1.6974669999999998,0.9231299999999999,GBR,UKR,8544
3355327,82,228,1747,2016,5321.0,2330717.0,-0.388359,-0.51175,GEO,UKR,8544
3355328,83,228,1747,2016,0.0,70601.0,-0.945358,-0.805301,GHA,UKR,8544
3355329,90,228,1747,2016,346082.0,0.0,0.12153499999999999,1.126101,GRC,UKR,8544
3355330,93,228,1747,2016,0.0,808.0,-0.414843,0.382162,GTM,UKR,8544
3355331,97,228,1747,2016,200233.0,0.0,0.8029029999999999,1.477249,HKG,UKR,8544
3355332,99,228,1747,2016,3072.0,0.0,-0.673741,-0.403777,HND,UKR,8544
3355333,100,228,1747,2016,9949.0,143419.0,0.8695200000000001,1.214791,HRV,UKR,8544
3355334,102,228,1747,2016,136508721.0,134871259.0,1.445281,0.8422209999999999,HUN,UKR,8544
3355335,103,228,1747,2016,625428.0,0.0,-0.158496,1.492067,IDN,UKR,8544
3355336,104,228,1747,2016,97521.0,148362.0,0.30976,2.61043,IND,UKR,8544
3355337,106,228,1747,2016,22651.0,9409.0,1.445238,0.07659400000000001,IRL,UKR,8544
3355338,107,228,1747,2016,0.0,54177.0,-0.407368,-0.23482399999999998,IRN,UKR,8544
3355339,108,228,1747,2016,0.0,199613.0,-2.2400029999999997,-1.017174,IRQ,UKR,8544
3355340,109,228,1747,2016,0.0,803.0,0.192448,-0.37174,ISL,UKR,8544
3355341,110,228,1747,2016,22851.0,0.0,1.352275,0.67584,ISR,UKR,8544
3355342,111,228,1747,2016,722468.0,1832082.0,1.339307,0.8549209999999999,ITA,UKR,8544
3355343,113,228,1747,2016,0.0,35010.0,-0.0115,0.045625,JOR,UKR,8544
3355344,114,228,1747,2016,322835.0,97049.0,2.574025,-0.34859,JPN,UKR,8544
3355345,115,228,1747,2016,0.0,149939.0,-0.376397,-0.553639,KAZ,UKR,8544
3355346,117,228,1747,2016,0.0,70931.0,0.010529,0.287462,KGZ,UKR,8544
3355347,121,228,1747,2016,383271.0,36926.0,2.086184,0.724318,KOR,UKR,8544
3355348,122,228,1747,2016,0.0,7532.0,-0.31188,-1.1438620000000002,KWT,UKR,8544
3355349,124,228,1747,2016,0.0,2248.0,0.285829,1.0818139999999998,LBN,UKR,8544
3355350,130,228,1747,2016,634997.0,3039528.0,0.706929,1.419432,LTU,UKR,8544
3355351,131,228,1747,2016,1426.0,0.0,1.340054,1.30224,LUX,UKR,8544
3355352,132,228,1747,2016,42875.0,5444.0,0.553592,1.19865,LVA,UKR,8544
3355353,134,228,1747,2016,135376.0,62321.0,-0.772795,-0.206511,MAR,UKR,8544
3355354,135,228,1747,2016,90669.0,10004215.0,-0.340932,-0.2839,MDA,UKR,8544
3355355,138,228,1747,2016,970095.0,49633.0,1.165638,0.6446649999999999,MEX,UKR,8544
3355356,140,228,1747,2016,0.0,12405.0,0.026185000000000003,-0.20027999999999999,MKD,UKR,8544
3355357,141,228,1747,2016,0.0,40654.0,-0.584863,-0.74131,MLI,UKR,8544
3355358,153,228,1747,2016,44512.0,0.0,1.106894,0.7452840000000001,MYS,UKR,8544
3355359,157,228,1747,2016,0.0,1758.0,-0.973057,-0.953672,NER,UKR,8544
3355360,160,228,1747,2016,1408.0,0.0,-1.0387389999999999,-0.998977,NIC,UKR,8544
3355361,162,228,1747,2016,689658.0,24177572.0,1.157361,1.5188540000000001,NLD,UKR,8544
3355362,163,228,1747,2016,11883.0,121856.0,0.89891,0.297673,NOR,UKR,8544
3355363,166,228,1747,2016,1989.0,2334.0,0.236556,0.252918,NZL,UKR,8544
3355364,167,228,1747,2016,0.0,2662.0,-0.334782,-0.9107190000000001,OMN,UKR,8544
3355365,168,228,1747,2016,0.0,46903.0,-0.7502800000000001,0.545331,PAK,UKR,8544
3355366,169,228,1747,2016,0.0,3133.0,0.58773,0.654145,PAN,UKR,8544
3355367,173,228,1747,2016,0.0,2802.0,-0.717529,0.007845999999999999,PER,UKR,8544
3355368,174,228,1747,2016,85060.0,27805029.0,0.619343,0.303981,PHL,UKR,8544
3355369,177,228,1747,2016,119120462.0,198008179.0,1.146113,1.239532,POL,UKR,8544
3355370,179,228,1747,2016,83581.0,24840052.0,0.519621,2.254972,PRT,UKR,8544
3355371,185,228,1747,2016,35451036.0,75747621.0,1.061259,0.9878870000000001,ROU,UKR,8544
3355372,186,228,1747,2016,7576577.0,17874980.0,0.252891,0.200423,RUS,UKR,8544
3355373,188,228,1747,2016,0.0,4059.0,0.394807,-0.638644,SAU,UKR,8544
3355374,190,228,1747,2016,0.0,2411.0,-1.216141,-1.191648,SDN,UKR,8544
3355375,192,228,1747,2016,9627.0,171817.0,2.089995,0.564921,SGP,UKR,8544
3355376,196,228,1747,2016,6725.0,0.0,-0.184021,-0.5023920000000001,SLE,UKR,8544
3355377,201,228,1747,2016,2254.0,164108.0,0.501676,1.0447520000000001,SRB,UKR,8544
3355378,206,228,1747,2016,1211209.0,71392042.0,1.273942,0.763966,SVK,UKR,8544
3355379,207,228,1747,2016,168582.0,17022.0,1.6466720000000001,0.8247680000000001,SVN,UKR,8544
3355380,208,228,1747,2016,264540.0,961.0,1.785149,0.767444,SWE,UKR,8544
3355381,216,228,1747,2016,14129.0,42495.0,1.022065,1.428082,THA,UKR,8544
3355382,219,228,1747,2016,0.0,2336039.0,-1.27494,-1.259639,TKM,UKR,8544
3355383,223,228,1747,2016,892823.0,4982.0,0.171791,1.062948,TUN,UKR,8544
3355384,224,228,1747,2016,1121585.0,3054610.0,0.45364799999999994,2.478837,TUR,UKR,8544
3355385,227,228,1747,2016,2331.0,0.0,-0.37745300000000004,0.525303,UGA,UKR,8544
3355386,231,228,1747,2016,843318.0,6649661.0,1.685329,0.297536,USA,UKR,8544
3355387,232,228,1747,2016,53598.0,221928.0,-0.703465,-0.493036,UZB,UKR,8544
3355388,239,228,1747,2016,39687.0,123351.0,-0.10217899999999999,1.015568,VNM,UKR,8544
3355389,246,228,1747,2016,0.0,131169.0,0.187396,1.46169,ZAF,UKR,8544
3355390,249,228,1747,2016,120959.0,4412.0,2.002996,1.39485,TWN,UKR,8544
3355391,250,228,1747,2016,3371.0,87754.0,0.773312,-0.015385,ANS,UKR,8544
3355392,2,230,1747,2016,0.0,1909.0,-1.313517,-1.262761,AGO,URY,8544
3355393,8,230,1747,2016,4196429.0,41249202.0,-0.132495,0.16353199999999998,ARG,URY,8544
3355394,14,230,1747,2016,6529.0,0.0,-0.25955300000000003,0.0011070000000000001,AUS,URY,8544
3355395,15,230,1747,2016,21396.0,0.0,1.759363,0.127262,AUT,URY,8544
3355396,18,230,1747,2016,344239.0,0.0,1.3102610000000001,1.214573,BEL,URY,8544
3355397,23,230,1747,2016,697.0,0.0,0.51707,1.7329130000000001,BGR,URY,8544
3355398,32,230,1747,2016,4784366.0,156345.0,0.245919,0.661809,BRA,URY,8544
3355399,39,230,1747,2016,77593.0,0.0,0.6579050000000001,1.12259,CAN,URY,8544
3355400,41,230,1747,2016,81283.0,0.0,2.3488689999999997,0.806291,CHE,URY,8544
3355401,42,230,1747,2016,1014956.0,42354.0,-0.385519,-0.470495,CHL,URY,8544
3355402,43,230,1747,2016,8942084.0,9738.0,1.1073620000000002,1.723098,CHN,URY,8544
3355403,47,230,1747,2016,0.0,1217.0,-0.718731,-1.0663799999999999,COG,URY,8544
3355404,49,230,1747,2016,3904.0,0.0,0.10205700000000001,-0.155574,COL,URY,8544
3355405,52,230,1747,2016,23687.0,3167.0,0.204591,-0.18279600000000001,CRI,URY,8544
3355406,59,230,1747,2016,110625.0,0.0,1.823627,0.552354,CZE,URY,8544
3355407,61,230,1747,2016,677986.0,4792.0,2.203093,-2.24919,DEU,URY,8544
3355408,64,230,1747,2016,453523.0,0.0,1.117864,1.302658,DNK,URY,8544
3355409,65,230,1747,2016,2217.0,0.0,-0.237382,0.295389,DOM,URY,8544
3355410,67,230,1747,2016,0.0,2059.0,-1.0860049999999999,-1.049065,ECU,URY,8544
3355411,71,230,1747,2016,2874661.0,2196.0,0.765428,2.57725,ESP,URY,8544
3355412,72,230,1747,2016,5609.0,0.0,1.000418,1.154152,EST,URY,8544
3355413,74,230,1747,2016,45858.0,0.0,1.581968,1.006432,FIN,URY,8544
3355414,77,230,1747,2016,419744.0,4153.0,1.476437,0.911746,FRA,URY,8544
3355415,81,230,1747,2016,82852.0,1245.0,1.6974669999999998,0.9231299999999999,GBR,URY,8544
3355416,97,230,1747,2016,77690.0,0.0,0.8029029999999999,1.477249,HKG,URY,8544
3355417,102,230,1747,2016,4999.0,0.0,1.445281,0.8422209999999999,HUN,URY,8544
3355418,104,230,1747,2016,152878.0,0.0,0.30976,2.61043,IND,URY,8544
3355419,106,230,1747,2016,17456.0,0.0,1.445238,0.07659400000000001,IRL,URY,8544
3355420,110,230,1747,2016,25918.0,0.0,1.352275,0.67584,ISR,URY,8544
3355421,111,230,1747,2016,36177.0,0.0,1.339307,0.8549209999999999,ITA,URY,8544
3355422,114,230,1747,2016,234135.0,0.0,2.574025,-0.34859,JPN,URY,8544
3355423,116,230,1747,2016,0.0,1252.0,-0.535616,0.520101,KEN,URY,8544
3355424,121,230,1747,2016,19219391.0,0.0,2.086184,0.724318,KOR,URY,8544
3355425,131,230,1747,2016,2835.0,0.0,1.340054,1.30224,LUX,URY,8544
3355426,132,230,1747,2016,1329.0,0.0,0.553592,1.19865,LVA,URY,8544
3355427,134,230,1747,2016,1555.0,0.0,-0.772795,-0.206511,MAR,URY,8544
3355428,138,230,1747,2016,1310632.0,1771.0,1.165638,0.6446649999999999,MEX,URY,8544
3355429,153,230,1747,2016,3414.0,0.0,1.106894,0.7452840000000001,MYS,URY,8544
3355430,162,230,1747,2016,85748.0,0.0,1.157361,1.5188540000000001,NLD,URY,8544
3355431,163,230,1747,2016,4806.0,0.0,0.89891,0.297673,NOR,URY,8544
3355432,166,230,1747,2016,12314.0,0.0,0.236556,0.252918,NZL,URY,8544
3355433,169,230,1747,2016,21858.0,0.0,0.58773,0.654145,PAN,URY,8544
3355434,173,230,1747,2016,0.0,50644.0,-0.717529,0.007845999999999999,PER,URY,8544
3355435,174,230,1747,2016,1140.0,0.0,0.619343,0.303981,PHL,URY,8544
3355436,177,230,1747,2016,254382.0,0.0,1.146113,1.239532,POL,URY,8544
3355437,179,230,1747,2016,374547.0,3606.0,0.519621,2.254972,PRT,URY,8544
3355438,180,230,1747,2016,30442.0,16460.0,-0.660702,-1.0329979999999999,PRY,URY,8544
3355439,185,230,1747,2016,4690.0,0.0,1.061259,0.9878870000000001,ROU,URY,8544
3355440,186,230,1747,2016,1267.0,0.0,0.252891,0.200423,RUS,URY,8544
3355441,192,230,1747,2016,18445.0,1844.0,2.089995,0.564921,SGP,URY,8544
3355442,206,230,1747,2016,6172.0,0.0,1.273942,0.763966,SVK,URY,8544
3355443,208,230,1747,2016,111366.0,0.0,1.785149,0.767444,SWE,URY,8544
3355444,216,230,1747,2016,1070416.0,0.0,1.022065,1.428082,THA,URY,8544
3355445,223,230,1747,2016,35330.0,0.0,0.171791,1.062948,TUN,URY,8544
3355446,224,230,1747,2016,674271.0,0.0,0.45364799999999994,2.478837,TUR,URY,8544
3355447,231,230,1747,2016,2552273.0,14238.0,1.685329,0.297536,USA,URY,8544
3355448,239,230,1747,2016,49742.0,0.0,-0.10217899999999999,1.015568,VNM,URY,8544
3355449,249,230,1747,2016,128566.0,0.0,2.002996,1.39485,TWN,URY,8544
3355450,250,230,1747,2016,0.0,82083.0,0.773312,-0.015385,ANS,URY,8544
3355451,0,231,1747,2016,0.0,908971.0,0.9052,0.253571,ABW,USA,8544
3355452,1,231,1747,2016,0.0,3145957.0,-1.497486,-1.002342,AFG,USA,8544
3355453,2,231,1747,2016,202695.0,51006240.0,-1.313517,-1.262761,AGO,USA,8544
3355454,3,231,1747,2016,0.0,312550.0,1.0810790000000001,-0.20086400000000001,AIA,USA,8544
3355455,4,231,1747,2016,13006.0,48457.0,-0.534645,-0.09027,ALB,USA,8544
3355456,7,231,1747,2016,28443334.0,91712667.0,0.11037999999999999,0.045327,ARE,USA,8544
3355457,8,231,1747,2016,348409.0,42068737.0,-0.132495,0.16353199999999998,ARG,USA,8544
3355458,9,231,1747,2016,0.0,25856.0,-0.044982999999999995,-0.518007,ARM,USA,8544
3355459,13,231,1747,2016,10156.0,508605.0,0.19935999999999998,-0.538471,ATG,USA,8544
3355460,14,231,1747,2016,3503932.0,160509145.0,-0.25955300000000003,0.0011070000000000001,AUS,USA,8544
3355461,15,231,1747,2016,13606014.0,6091580.0,1.759363,0.127262,AUT,USA,8544
3355462,16,231,1747,2016,7779.0,1586805.0,-0.909744,-1.180449,AZE,USA,8544
3355463,17,231,1747,2016,0.0,11059.0,-1.0141229999999999,-0.908808,BDI,USA,8544
3355464,18,231,1747,2016,20768480.0,43427570.0,1.3102610000000001,1.214573,BEL,USA,8544
3355465,19,231,1747,2016,0.0,108497.0,-0.971123,-0.801574,BEN,USA,8544
3355466,21,231,1747,2016,0.0,45782.0,-1.0885790000000002,-1.027005,BFA,USA,8544
3355467,22,231,1747,2016,0.0,305236.0,-1.107523,-1.065009,BGD,USA,8544
3355468,23,231,1747,2016,3490730.0,1047938.0,0.51707,1.7329130000000001,BGR,USA,8544
3355469,24,231,1747,2016,21929.0,1184398.0,0.323348,-0.514446,BHR,USA,8544
3355470,25,231,1747,2016,544282.0,11879214.0,0.605834,-0.430958,BHS,USA,8544
3355471,26,231,1747,2016,46856.0,55929.0,0.47827700000000006,0.5643100000000001,BIH,USA,8544
3355472,28,231,1747,2016,5987.0,167694.0,0.773807,0.827442,BLR,USA,8544
3355473,29,231,1747,2016,2305.0,1711541.0,-0.527601,-0.680647,BLZ,USA,8544
3355474,30,231,1747,2016,5093.0,2885377.0,0.913218,-0.62813,BMU,USA,8544
3355475,31,231,1747,2016,85276.0,2306876.0,-1.061758,-1.041501,BOL,USA,8544
3355476,32,231,1747,2016,19557080.0,199808566.0,0.245919,0.661809,BRA,USA,8544
3355477,33,231,1747,2016,27702.0,3635625.0,0.613282,0.06728200000000001,BRB,USA,8544
3355478,34,231,1747,2016,1506.0,1116587.0,0.078764,-0.8103670000000001,BRN,USA,8544
3355479,37,231,1747,2016,13216.0,144162.0,-0.9927739999999999,-1.260391,BWA,USA,8544
3355480,38,231,1747,2016,0.0,123014.0,-0.43507299999999993,-0.7039300000000001,CAF,USA,8544
3355481,39,231,1747,2016,551158737.0,2182140763.0,0.6579050000000001,1.12259,CAN,USA,8544
3355482,41,231,1747,2016,22298431.0,15775382.0,2.3488689999999997,0.806291,CHE,USA,8544
3355483,42,231,1747,2016,282701.0,26861080.0,-0.385519,-0.470495,CHL,USA,8544
3355484,43,231,1747,2016,3444836628.0,330617670.0,1.1073620000000002,1.723098,CHN,USA,8544
3355485,44,231,1747,2016,9053.0,1086067.0,-0.88415,-0.8122689999999999,CIV,USA,8544
3355486,45,231,1747,2016,87169.0,573823.0,-1.086484,-1.0725559999999998,CMR,USA,8544
3355487,46,231,1747,2016,0.0,140665.0,-1.136472,-1.109177,COD,USA,8544
3355488,47,231,1747,2016,0.0,588754.0,-0.718731,-1.0663799999999999,COG,USA,8544
3355489,49,231,1747,2016,4429682.0,30764784.0,0.10205700000000001,-0.155574,COL,USA,8544
3355490,51,231,1747,2016,46198.0,7650.0,0.264883,-0.580199,CPV,USA,8544
3355491,52,231,1747,2016,52665953.0,48138934.0,0.204591,-0.18279600000000001,CRI,USA,8544
3355492,54,231,1747,2016,0.0,31993.0,-0.602309,-1.0781120000000002,CUB,USA,8544
3355493,55,231,1747,2016,34324.0,3647619.0,0.232855,-0.7864260000000001,CUW,USA,8544
3355494,56,231,1747,2016,0.0,9266.0,0.810517,-0.598503,CXR,USA,8544
3355495,57,231,1747,2016,0.0,1536728.0,1.045587,-0.779983,CYM,USA,8544
3355496,58,231,1747,2016,32836.0,336996.0,0.40822800000000004,0.07535,CYP,USA,8544
3355497,59,231,1747,2016,32546749.0,11334308.0,1.823627,0.552354,CZE,USA,8544
3355498,61,231,1747,2016,414014122.0,188571494.0,2.203093,-2.24919,DEU,USA,8544
3355499,62,231,1747,2016,0.0,445424.0,-0.032607,-0.549622,DJI,USA,8544
3355500,63,231,1747,2016,0.0,351311.0,0.162751,-0.307303,DMA,USA,8544
3355501,64,231,1747,2016,8351408.0,6410579.0,1.117864,1.302658,DNK,USA,8544
3355502,65,231,1747,2016,18500235.0,15105788.0,-0.237382,0.295389,DOM,USA,8544
3355503,66,231,1747,2016,292968.0,4183266.0,-1.0202930000000001,-1.236642,DZA,USA,8544
3355504,67,231,1747,2016,10903134.0,21950603.0,-1.0860049999999999,-1.049065,ECU,USA,8544
3355505,68,231,1747,2016,2431211.0,11194402.0,-0.142377,1.674348,EGY,USA,8544
3355506,71,231,1747,2016,10817321.0,31222595.0,0.765428,2.57725,ESP,USA,8544
3355507,72,231,1747,2016,8898557.0,1404598.0,1.000418,1.154152,EST,USA,8544
3355508,73,231,1747,2016,310609.0,1645669.0,-1.006161,-0.756472,ETH,USA,8544
3355509,74,231,1747,2016,3271686.0,4437621.0,1.581968,1.006432,FIN,USA,8544
3355510,75,231,1747,2016,4896.0,48469.0,-0.27171999999999996,0.172933,FJI,USA,8544
3355511,77,231,1747,2016,81184755.0,124121439.0,1.476437,0.911746,FRA,USA,8544
3355512,79,231,1747,2016,0.0,140611.0,-0.86156,-0.969134,FSM,USA,8544
3355513,80,231,1747,2016,0.0,1262670.0,-1.530568,-1.254999,GAB,USA,8544
3355514,81,231,1747,2016,99304823.0,277395631.0,1.6974669999999998,0.9231299999999999,GBR,USA,8544
3355515,82,231,1747,2016,12595.0,247866.0,-0.388359,-0.51175,GEO,USA,8544
3355516,83,231,1747,2016,0.0,11868882.0,-0.945358,-0.805301,GHA,USA,8544
3355517,85,231,1747,2016,3701.0,135007.0,-1.474753,-1.215627,GIN,USA,8544
3355518,87,231,1747,2016,0.0,4464.0,-0.743023,-0.833044,GMB,USA,8544
3355519,89,231,1747,2016,0.0,741543.0,-1.766286,-0.9607709999999999,GNQ,USA,8544
3355520,90,231,1747,2016,4468177.0,1016071.0,0.12153499999999999,1.126101,GRC,USA,8544
3355521,91,231,1747,2016,0.0,261695.0,0.6993729999999999,-0.250698,GRD,USA,8544
3355522,93,231,1747,2016,68378.0,8191297.0,-0.414843,0.382162,GTM,USA,8544
3355523,96,231,1747,2016,9307.0,1755741.0,-0.4755,-0.778335,GUY,USA,8544
3355524,97,231,1747,2016,41941400.0,150011059.0,0.8029029999999999,1.477249,HKG,USA,8544
3355525,98,231,1747,2016,0.0,98446.0,1.1556879999999998,-0.877059,HMD,USA,8544
3355526,99,231,1747,2016,461428473.0,52464588.0,-0.673741,-0.403777,HND,USA,8544
3355527,100,231,1747,2016,112265.0,303726.0,0.8695200000000001,1.214791,HRV,USA,8544
3355528,101,231,1747,2016,0.0,3252770.0,-1.30976,-1.010181,HTI,USA,8544
3355529,102,231,1747,2016,23764994.0,17126281.0,1.445281,0.8422209999999999,HUN,USA,8544
3355530,103,231,1747,2016,133046453.0,12171580.0,-0.158496,1.492067,IDN,USA,8544
3355531,104,231,1747,2016,39521247.0,55613704.0,0.30976,2.61043,IND,USA,8544
3355532,105,231,1747,2016,0.0,7448.0,0.9315,-0.661654,IOT,USA,8544
3355533,106,231,1747,2016,1820526.0,16692734.0,1.445238,0.07659400000000001,IRL,USA,8544
3355534,107,231,1747,2016,0.0,64780.0,-0.407368,-0.23482399999999998,IRN,USA,8544
3355535,108,231,1747,2016,0.0,12234207.0,-2.2400029999999997,-1.017174,IRQ,USA,8544
3355536,109,231,1747,2016,88543.0,339683.0,0.192448,-0.37174,ISL,USA,8544
3355537,110,231,1747,2016,30020158.0,41579348.0,1.352275,0.67584,ISR,USA,8544
3355538,111,231,1747,2016,32306323.0,49634084.0,1.339307,0.8549209999999999,ITA,USA,8544
3355539,112,231,1747,2016,144854.0,4041265.0,-0.259972,-0.592114,JAM,USA,8544
3355540,113,231,1747,2016,17102.0,2471277.0,-0.0115,0.045625,JOR,USA,8544
3355541,114,231,1747,2016,263457671.0,148534470.0,2.574025,-0.34859,JPN,USA,8544
3355542,115,231,1747,2016,37822.0,1068979.0,-0.376397,-0.553639,KAZ,USA,8544
3355543,116,231,1747,2016,0.0,865937.0,-0.535616,0.520101,KEN,USA,8544
3355544,117,231,1747,2016,0.0,26729.0,0.010529,0.287462,KGZ,USA,8544
3355545,118,231,1747,2016,193071.0,77208.0,-0.8365239999999999,-0.794615,KHM,USA,8544
3355546,119,231,1747,2016,0.0,2231.0,0.23475300000000002,-0.789514,KIR,USA,8544
3355547,120,231,1747,2016,6268.0,1010597.0,0.620594,-0.4305,KNA,USA,8544
3355548,121,231,1747,2016,155489636.0,88621808.0,2.086184,0.724318,KOR,USA,8544
3355549,122,231,1747,2016,7410.0,18574086.0,-0.31188,-1.1438620000000002,KWT,USA,8544
3355550,123,231,1747,2016,13345.0,2006.0,-0.9781479999999999,-0.8272860000000001,LAO,USA,8544
3355551,124,231,1747,2016,7922.0,572808.0,0.285829,1.0818139999999998,LBN,USA,8544
3355552,125,231,1747,2016,0.0,131968.0,-0.870345,-1.113277,LBR,USA,8544
3355553,126,231,1747,2016,0.0,77330.0,-1.021925,-1.2316790000000002,LBY,USA,8544
3355554,127,231,1747,2016,14909.0,862186.0,0.397746,-0.405285,LCA,USA,8544
3355555,128,231,1747,2016,649600.0,925219.0,-0.562869,0.49937,LKA,USA,8544
3355556,130,231,1747,2016,1711302.0,581889.0,0.706929,1.419432,LTU,USA,8544
3355557,131,231,1747,2016,312964.0,1240179.0,1.340054,1.30224,LUX,USA,8544
3355558,132,231,1747,2016,1532941.0,1086950.0,0.553592,1.19865,LVA,USA,8544
3355559,133,231,1747,2016,13211.0,2395993.0,0.534935,0.185542,MAC,USA,8544
3355560,134,231,1747,2016,38675400.0,6347608.0,-0.772795,-0.206511,MAR,USA,8544
3355561,135,231,1747,2016,9349.0,21302.0,-0.340932,-0.2839,MDA,USA,8544
3355562,136,231,1747,2016,0.0,69162.0,-1.2672709999999998,-0.613909,MDG,USA,8544
3355563,137,231,1747,2016,0.0,145047.0,-0.79904,-0.9720840000000001,MDV,USA,8544
3355564,138,231,1747,2016,9811576320.0,3561186320.0,1.165638,0.6446649999999999,MEX,USA,8544
3355565,139,231,1747,2016,0.0,1287917.0,0.073567,-0.808307,MHL,USA,8544
3355566,140,231,1747,2016,862362.0,29698.0,0.026185000000000003,-0.20027999999999999,MKD,USA,8544
3355567,141,231,1747,2016,7511.0,1311747.0,-0.584863,-0.74131,MLI,USA,8544
3355568,142,231,1747,2016,80960.0,508308.0,0.8795950000000001,-0.21689499999999998,MLT,USA,8544
3355569,143,231,1747,2016,0.0,89462.0,-1.160878,-0.6042609999999999,MMR,USA,8544
3355570,144,231,1747,2016,0.0,10725.0,-0.005084,-0.25252199999999997,MNE,USA,8544
3355571,145,231,1747,2016,6348.0,55535.0,-0.811142,-1.013252,MNG,USA,8544
3355572,147,231,1747,2016,27735.0,587350.0,-1.333702,-1.116794,MOZ,USA,8544
3355573,148,231,1747,2016,0.0,282752.0,-1.542265,-1.318586,MRT,USA,8544
3355574,149,231,1747,2016,0.0,163610.0,1.538666,-0.46699300000000005,MSR,USA,8544
3355575,151,231,1747,2016,1382.0,1471399.0,-0.24309899999999998,-0.084888,MUS,USA,8544
3355576,152,231,1747,2016,0.0,21467.0,-1.113794,-1.172385,MWI,USA,8544
3355577,153,231,1747,2016,31048955.0,67899820.0,1.106894,0.7452840000000001,MYS,USA,8544
3355578,155,231,1747,2016,98965.0,125294.0,-0.6256689999999999,-0.8612219999999999,NAM,USA,8544
3355579,156,231,1747,2016,2789.0,95353.0,-0.9910389999999999,-0.9463940000000001,NCL,USA,8544
3355580,157,231,1747,2016,2556.0,38376.0,-0.973057,-0.953672,NER,USA,8544
3355581,159,231,1747,2016,38364.0,12444141.0,-1.835357,-1.286597,NGA,USA,8544
3355582,160,231,1747,2016,486853304.0,5070922.0,-1.0387389999999999,-0.998977,NIC,USA,8544
3355583,162,231,1747,2016,57355845.0,137153947.0,1.157361,1.5188540000000001,NLD,USA,8544
3355584,163,231,1747,2016,6485602.0,31697877.0,0.89891,0.297673,NOR,USA,8544
3355585,164,231,1747,2016,0.0,22291.0,-0.37595500000000004,0.475239,NPL,USA,8544
3355586,166,231,1747,2016,795456.0,3145550.0,0.236556,0.252918,NZL,USA,8544
3355587,167,231,1747,2016,22808.0,14159775.0,-0.334782,-0.9107190000000001,OMN,USA,8544
3355588,168,231,1747,2016,53870.0,1956332.0,-0.7502800000000001,0.545331,PAK,USA,8544
3355589,169,231,1747,2016,31230.0,18108923.0,0.58773,0.654145,PAN,USA,8544
3355590,173,231,1747,2016,359824.0,14292038.0,-0.717529,0.007845999999999999,PER,USA,8544
3355591,174,231,1747,2016,468598313.0,37039678.0,0.619343,0.303981,PHL,USA,8544
3355592,175,231,1747,2016,0.0,44763.0,0.707907,-0.531396,PLW,USA,8544
3355593,176,231,1747,2016,0.0,232204.0,-1.689987,-1.2762639999999998,PNG,USA,8544
3355594,177,231,1747,2016,88882837.0,18020577.0,1.146113,1.239532,POL,USA,8544
3355595,179,231,1747,2016,6416824.0,2657882.0,0.519621,2.254972,PRT,USA,8544
3355596,180,231,1747,2016,1330156.0,4411988.0,-0.660702,-1.0329979999999999,PRY,USA,8544
3355597,181,231,1747,2016,0.0,765.0,-0.067187,0.535972,PSE,USA,8544
3355598,182,231,1747,2016,0.0,31833.0,0.11597400000000001,-0.657672,PYF,USA,8544
3355599,183,231,1747,2016,21286.0,10744833.0,-0.36124,-1.106629,QAT,USA,8544
3355600,185,231,1747,2016,31648228.0,13960608.0,1.061259,0.9878870000000001,ROU,USA,8544
3355601,186,231,1747,2016,1746518.0,22570403.0,0.252891,0.200423,RUS,USA,8544
3355602,187,231,1747,2016,0.0,40685.0,-0.5802149999999999,-0.568327,RWA,USA,8544
3355603,188,231,1747,2016,443812.0,71240930.0,0.394807,-0.638644,SAU,USA,8544
3355604,190,231,1747,2016,0.0,5908.0,-1.216141,-1.191648,SDN,USA,8544
3355605,191,231,1747,2016,0.0,108186.0,-0.7061270000000001,-0.46532399999999996,SEN,USA,8544
3355606,192,231,1747,2016,7096000.0,135816032.0,2.089995,0.564921,SGP,USA,8544
3355607,195,231,1747,2016,0.0,27090.0,-0.740271,-0.881382,SLB,USA,8544
3355608,196,231,1747,2016,304654.0,19937.0,-0.184021,-0.5023920000000001,SLE,USA,8544
3355609,197,231,1747,2016,37607972.0,4402083.0,0.10397999999999999,0.25556599999999996,SLV,USA,8544
3355610,199,231,1747,2016,0.0,23232.0,-1.429439,-1.006612,SOM,USA,8544
3355611,201,231,1747,2016,185359.0,315294.0,0.501676,1.0447520000000001,SRB,USA,8544
3355612,202,231,1747,2016,0.0,10402.0,-1.841894,-1.024367,SSD,USA,8544
3355613,203,231,1747,2016,53036.0,0.0,0.27849,-0.670342,STP,USA,8544
3355614,205,231,1747,2016,3647.0,666200.0,-0.7823869999999999,-1.060347,SUR,USA,8544
3355615,206,231,1747,2016,7371315.0,786634.0,1.273942,0.763966,SVK,USA,8544
3355616,207,231,1747,2016,4445987.0,1622702.0,1.6466720000000001,0.8247680000000001,SVN,USA,8544
3355617,208,231,1747,2016,20615037.0,15028641.0,1.785149,0.767444,SWE,USA,8544
3355618,209,231,1747,2016,21649.0,44959.0,0.2785,-0.43804799999999994,SWZ,USA,8544
3355619,210,231,1747,2016,0.0,576510.0,1.005781,-0.871658,SXM,USA,8544
3355620,211,231,1747,2016,0.0,21719.0,0.441241,-0.580767,SYC,USA,8544
3355621,213,231,1747,2016,2720.0,1485352.0,0.603232,-0.32155900000000004,TCA,USA,8544
3355622,214,231,1747,2016,0.0,67814.0,-2.7867189999999997,-1.035452,TCD,USA,8544
3355623,215,231,1747,2016,0.0,10491.0,-0.751382,-0.7411310000000001,TGO,USA,8544
3355624,216,231,1747,2016,85214088.0,72594008.0,1.022065,1.428082,THA,USA,8544
3355625,217,231,1747,2016,0.0,337170.0,-1.0791549999999999,-1.137941,TJK,USA,8544
3355626,218,231,1747,2016,0.0,12155.0,0.243821,0.018425,TKL,USA,8544
3355627,219,231,1747,2016,0.0,163279.0,-1.27494,-1.259639,TKM,USA,8544
3355628,220,231,1747,2016,0.0,27222.0,-0.737023,-0.908582,TLS,USA,8544
3355629,222,231,1747,2016,9163.0,14455826.0,-0.191969,-1.028843,TTO,USA,8544
3355630,223,231,1747,2016,9043475.0,1138342.0,0.171791,1.062948,TUN,USA,8544
3355631,224,231,1747,2016,37391698.0,24457878.0,0.45364799999999994,2.478837,TUR,USA,8544
3355632,226,231,1747,2016,0.0,197988.0,-1.1008799999999999,-0.048319,TZA,USA,8544
3355633,227,231,1747,2016,0.0,107425.0,-0.37745300000000004,0.525303,UGA,USA,8544
3355634,228,231,1747,2016,6649661.0,843318.0,0.406901,0.637051,UKR,USA,8544
3355635,230,231,1747,2016,14238.0,2552273.0,0.098051,-0.45418400000000003,URY,USA,8544
3355636,232,231,1747,2016,0.0,128144.0,-0.703465,-0.493036,UZB,USA,8544
3355637,234,231,1747,2016,13758.0,726911.0,0.157611,-0.581526,VCT,USA,8544
3355638,236,231,1747,2016,30368958.0,40767852.0,-0.844669,-1.164315,VEN,USA,8544
3355639,237,231,1747,2016,4898.0,458239.0,0.566815,-0.43181800000000004,VGB,USA,8544
3355640,239,231,1747,2016,391406129.0,20919382.0,-0.10217899999999999,1.015568,VNM,USA,8544
3355641,242,231,1747,2016,0.0,8476.0,0.576339,-0.221148,WSM,USA,8544
3355642,243,231,1747,2016,0.0,108630.0,-1.232675,-1.205963,YEM,USA,8544
3355643,246,231,1747,2016,4948929.0,11826451.0,0.187396,1.46169,ZAF,USA,8544
3355644,247,231,1747,2016,0.0,58077.0,-0.632437,-0.968817,ZMB,USA,8544
3355645,248,231,1747,2016,0.0,20454.0,-1.083532,-1.0016610000000001,ZWE,USA,8544
3355646,249,231,1747,2016,170363540.0,39971340.0,2.002996,1.39485,TWN,USA,8544
3355647,8,236,1747,2016,3105186.0,0.0,-0.132495,0.16353199999999998,ARG,VEN,8544
3355648,14,236,1747,2016,7666.0,0.0,-0.25955300000000003,0.0011070000000000001,AUS,VEN,8544
3355649,15,236,1747,2016,1121746.0,0.0,1.759363,0.127262,AUT,VEN,8544
3355650,18,236,1747,2016,219147.0,0.0,1.3102610000000001,1.214573,BEL,VEN,8544
3355651,23,236,1747,2016,4603.0,0.0,0.51707,1.7329130000000001,BGR,VEN,8544
3355652,32,236,1747,2016,1791986.0,0.0,0.245919,0.661809,BRA,VEN,8544
3355653,39,236,1747,2016,1158645.0,0.0,0.6579050000000001,1.12259,CAN,VEN,8544
3355654,41,236,1747,2016,28916.0,0.0,2.3488689999999997,0.806291,CHE,VEN,8544
3355655,42,236,1747,2016,33834.0,437548.0,-0.385519,-0.470495,CHL,VEN,8544
3355656,43,236,1747,2016,17200251.0,0.0,1.1073620000000002,1.723098,CHN,VEN,8544
3355657,49,236,1747,2016,839557.0,0.0,0.10205700000000001,-0.155574,COL,VEN,8544
3355658,52,236,1747,2016,156654.0,31248.0,0.204591,-0.18279600000000001,CRI,VEN,8544
3355659,59,236,1747,2016,14038.0,0.0,1.823627,0.552354,CZE,VEN,8544
3355660,61,236,1747,2016,1047387.0,8668.0,2.203093,-2.24919,DEU,VEN,8544
3355661,65,236,1747,2016,12583.0,49099.0,-0.237382,0.295389,DOM,VEN,8544
3355662,67,236,1747,2016,2494.0,0.0,-1.0860049999999999,-1.049065,ECU,VEN,8544
3355663,71,236,1747,2016,1163341.0,0.0,0.765428,2.57725,ESP,VEN,8544
3355664,77,236,1747,2016,2000658.0,0.0,1.476437,0.911746,FRA,VEN,8544
3355665,81,236,1747,2016,74077.0,0.0,1.6974669999999998,0.9231299999999999,GBR,VEN,8544
3355666,90,236,1747,2016,5072.0,0.0,0.12153499999999999,1.126101,GRC,VEN,8544
3355667,97,236,1747,2016,186137.0,0.0,0.8029029999999999,1.477249,HKG,VEN,8544
3355668,104,236,1747,2016,155480.0,0.0,0.30976,2.61043,IND,VEN,8544
3355669,111,236,1747,2016,247188.0,0.0,1.339307,0.8549209999999999,ITA,VEN,8544
3355670,114,236,1747,2016,235378.0,0.0,2.574025,-0.34859,JPN,VEN,8544
3355671,121,236,1747,2016,8521327.0,0.0,2.086184,0.724318,KOR,VEN,8544
3355672,138,236,1747,2016,1626336.0,2762.0,1.165638,0.6446649999999999,MEX,VEN,8544
3355673,153,236,1747,2016,5503.0,4525.0,1.106894,0.7452840000000001,MYS,VEN,8544
3355674,160,236,1747,2016,5414.0,0.0,-1.0387389999999999,-0.998977,NIC,VEN,8544
3355675,162,236,1747,2016,140491.0,0.0,1.157361,1.5188540000000001,NLD,VEN,8544
3355676,167,236,1747,2016,8407.0,0.0,-0.334782,-0.9107190000000001,OMN,VEN,8544
3355677,169,236,1747,2016,1852653.0,0.0,0.58773,0.654145,PAN,VEN,8544
3355678,173,236,1747,2016,82565.0,243069.0,-0.717529,0.007845999999999999,PER,VEN,8544
3355679,177,236,1747,2016,2705323.0,0.0,1.146113,1.239532,POL,VEN,8544
3355680,179,236,1747,2016,53387.0,0.0,0.519621,2.254972,PRT,VEN,8544
3355681,186,236,1747,2016,1986497.0,0.0,0.252891,0.200423,RUS,VEN,8544
3355682,192,236,1747,2016,58789.0,0.0,2.089995,0.564921,SGP,VEN,8544
3355683,206,236,1747,2016,1388216.0,0.0,1.273942,0.763966,SVK,VEN,8544
3355684,208,236,1747,2016,17876.0,0.0,1.785149,0.767444,SWE,VEN,8544
3355685,216,236,1747,2016,194881.0,0.0,1.022065,1.428082,THA,VEN,8544
3355686,231,236,1747,2016,40767852.0,30368958.0,1.685329,0.297536,USA,VEN,8544
3355687,239,236,1747,2016,1882.0,0.0,-0.10217899999999999,1.015568,VNM,VEN,8544
3355688,249,236,1747,2016,28053.0,0.0,2.002996,1.39485,TWN,VEN,8544
3355689,2,246,1747,2016,10266.0,778209.0,-1.313517,-1.262761,AGO,ZAF,8544
3355690,7,246,1747,2016,52476.0,5481899.0,0.11037999999999999,0.045327,ARE,ZAF,8544
3355691,8,246,1747,2016,1878.0,452832.0,-0.132495,0.16353199999999998,ARG,ZAF,8544
3355692,11,246,1747,2016,0.0,39806.0,1.353034,-0.511497,ATA,ZAF,8544
3355693,14,246,1747,2016,320590.0,909180.0,-0.25955300000000003,0.0011070000000000001,AUS,ZAF,8544
3355694,15,246,1747,2016,3433246.0,13950.0,1.759363,0.127262,AUT,ZAF,8544
3355695,17,246,1747,2016,0.0,524.0,-1.0141229999999999,-0.908808,BDI,ZAF,8544
3355696,18,246,1747,2016,3744615.0,298361.0,1.3102610000000001,1.214573,BEL,ZAF,8544
3355697,19,246,1747,2016,0.0,44591.0,-0.971123,-0.801574,BEN,ZAF,8544
3355698,21,246,1747,2016,0.0,78509.0,-1.0885790000000002,-1.027005,BFA,ZAF,8544
3355699,23,246,1747,2016,238678.0,4536.0,0.51707,1.7329130000000001,BGR,ZAF,8544
3355700,24,246,1747,2016,2204.0,0.0,0.323348,-0.514446,BHR,ZAF,8544
3355701,28,246,1747,2016,13933.0,0.0,0.773807,0.827442,BLR,ZAF,8544
3355702,29,246,1747,2016,0.0,14222.0,-0.527601,-0.680647,BLZ,ZAF,8544
3355703,30,246,1747,2016,179168.0,0.0,0.913218,-0.62813,BMU,ZAF,8544
3355704,32,246,1747,2016,497654.0,88035.0,0.245919,0.661809,BRA,ZAF,8544
3355705,37,246,1747,2016,91086860.0,34323090.0,-0.9927739999999999,-1.260391,BWA,ZAF,8544
3355706,38,246,1747,2016,0.0,5687.0,-0.43507299999999993,-0.7039300000000001,CAF,ZAF,8544
3355707,39,246,1747,2016,529821.0,1978080.0,0.6579050000000001,1.12259,CAN,ZAF,8544
3355708,41,246,1747,2016,2425489.0,24266.0,2.3488689999999997,0.806291,CHE,ZAF,8544
3355709,42,246,1747,2016,0.0,625210.0,-0.385519,-0.470495,CHL,ZAF,8544
3355710,43,246,1747,2016,82873659.0,327118.0,1.1073620000000002,1.723098,CHN,ZAF,8544
3355711,44,246,1747,2016,0.0,152418.0,-0.88415,-0.8122689999999999,CIV,ZAF,8544
3355712,45,246,1747,2016,0.0,795342.0,-1.086484,-1.0725559999999998,CMR,ZAF,8544
3355713,46,246,1747,2016,73691.0,9959796.0,-1.136472,-1.109177,COD,ZAF,8544
3355714,47,246,1747,2016,96.0,50804.0,-0.718731,-1.0663799999999999,COG,ZAF,8544
3355715,49,246,1747,2016,0.0,7781.0,0.10205700000000001,-0.155574,COL,ZAF,8544
3355716,50,246,1747,2016,0.0,50672.0,-0.520849,-0.8678040000000001,COM,ZAF,8544
3355717,52,246,1747,2016,46622.0,0.0,0.204591,-0.18279600000000001,CRI,ZAF,8544
3355718,58,246,1747,2016,8734.0,1398.0,0.40822800000000004,0.07535,CYP,ZAF,8544
3355719,59,246,1747,2016,2810932.0,18263.0,1.823627,0.552354,CZE,ZAF,8544
3355720,61,246,1747,2016,54471141.0,3729626.0,2.203093,-2.24919,DEU,ZAF,8544
3355721,62,246,1747,2016,0.0,27812.0,-0.032607,-0.549622,DJI,ZAF,8544
3355722,64,246,1747,2016,198469.0,13476.0,1.117864,1.302658,DNK,ZAF,8544
3355723,65,246,1747,2016,58678.0,12976.0,-0.237382,0.295389,DOM,ZAF,8544
3355724,66,246,1747,2016,0.0,49770.0,-1.0202930000000001,-1.236642,DZA,ZAF,8544
3355725,68,246,1747,2016,40159.0,36622.0,-0.142377,1.674348,EGY,ZAF,8544
3355726,69,246,1747,2016,0.0,33988.0,-1.479782,-1.060063,ERI,ZAF,8544
3355727,71,246,1747,2016,4298212.0,175803.0,0.765428,2.57725,ESP,ZAF,8544
3355728,72,246,1747,2016,108212.0,4757.0,1.000418,1.154152,EST,ZAF,8544
3355729,73,246,1747,2016,2581.0,106689.0,-1.006161,-0.756472,ETH,ZAF,8544
3355730,74,246,1747,2016,456865.0,48973.0,1.581968,1.006432,FIN,ZAF,8544
3355731,77,246,1747,2016,1999727.0,155903.0,1.476437,0.911746,FRA,ZAF,8544
3355732,80,246,1747,2016,0.0,80151.0,-1.530568,-1.254999,GAB,ZAF,8544
3355733,81,246,1747,2016,8202705.0,562391.0,1.6974669999999998,0.9231299999999999,GBR,ZAF,8544
3355734,82,246,1747,2016,0.0,1800.0,-0.388359,-0.51175,GEO,ZAF,8544
3355735,83,246,1747,2016,482.0,8497198.0,-0.945358,-0.805301,GHA,ZAF,8544
3355736,85,246,1747,2016,0.0,178447.0,-1.474753,-1.215627,GIN,ZAF,8544
3355737,87,246,1747,2016,0.0,4864.0,-0.743023,-0.833044,GMB,ZAF,8544
3355738,89,246,1747,2016,0.0,21934.0,-1.766286,-0.9607709999999999,GNQ,ZAF,8544
3355739,90,246,1747,2016,4456058.0,1587.0,0.12153499999999999,1.126101,GRC,ZAF,8544
3355740,93,246,1747,2016,0.0,1149.0,-0.414843,0.382162,GTM,ZAF,8544
3355741,97,246,1747,2016,1332520.0,293307.0,0.8029029999999999,1.477249,HKG,ZAF,8544
3355742,99,246,1747,2016,23230.0,0.0,-0.673741,-0.403777,HND,ZAF,8544
3355743,100,246,1747,2016,9085.0,0.0,0.8695200000000001,1.214791,HRV,ZAF,8544
3355744,102,246,1747,2016,2423707.0,78898.0,1.445281,0.8422209999999999,HUN,ZAF,8544
3355745,103,246,1747,2016,102745.0,112386.0,-0.158496,1.492067,IDN,ZAF,8544
3355746,104,246,1747,2016,2628950.0,67252.0,0.30976,2.61043,IND,ZAF,8544
3355747,106,246,1747,2016,1254786.0,52854.0,1.445238,0.07659400000000001,IRL,ZAF,8544
3355748,108,246,1747,2016,0.0,4223.0,-2.2400029999999997,-1.017174,IRQ,ZAF,8544
3355749,110,246,1747,2016,312576.0,48124.0,1.352275,0.67584,ISR,ZAF,8544
3355750,111,246,1747,2016,11306412.0,76563.0,1.339307,0.8549209999999999,ITA,ZAF,8544
3355751,114,246,1747,2016,3792366.0,21375.0,2.574025,-0.34859,JPN,ZAF,8544
3355752,115,246,1747,2016,0.0,824653.0,-0.376397,-0.553639,KAZ,ZAF,8544
3355753,116,246,1747,2016,650.0,373273.0,-0.535616,0.520101,KEN,ZAF,8544
3355754,117,246,1747,2016,0.0,1115.0,0.010529,0.287462,KGZ,ZAF,8544
3355755,121,246,1747,2016,2405601.0,2609651.0,2.086184,0.724318,KOR,ZAF,8544
3355756,122,246,1747,2016,0.0,11026.0,-0.31188,-1.1438620000000002,KWT,ZAF,8544
3355757,123,246,1747,2016,0.0,6554.0,-0.9781479999999999,-0.8272860000000001,LAO,ZAF,8544
3355758,124,246,1747,2016,0.0,1220.0,0.285829,1.0818139999999998,LBN,ZAF,8544
3355759,125,246,1747,2016,0.0,9011.0,-0.870345,-1.113277,LBR,ZAF,8544
3355760,126,246,1747,2016,0.0,25883.0,-1.021925,-1.2316790000000002,LBY,ZAF,8544
3355761,128,246,1747,2016,0.0,15881.0,-0.562869,0.49937,LKA,ZAF,8544
3355762,129,246,1747,2016,16008.0,2128536.0,-0.891036,-0.807709,LSO,ZAF,8544
3355763,130,246,1747,2016,157530.0,0.0,0.706929,1.419432,LTU,ZAF,8544
3355764,131,246,1747,2016,70622.0,0.0,1.340054,1.30224,LUX,ZAF,8544
3355765,132,246,1747,2016,15624.0,0.0,0.553592,1.19865,LVA,ZAF,8544
3355766,134,246,1747,2016,1947283.0,94906.0,-0.772795,-0.206511,MAR,ZAF,8544
3355767,136,246,1747,2016,0.0,279579.0,-1.2672709999999998,-0.613909,MDG,ZAF,8544
3355768,137,246,1747,2016,0.0,27073.0,-0.79904,-0.9720840000000001,MDV,ZAF,8544
3355769,138,246,1747,2016,1899541.0,1433.0,1.165638,0.6446649999999999,MEX,ZAF,8544
3355770,140,246,1747,2016,610.0,0.0,0.026185000000000003,-0.20027999999999999,MKD,ZAF,8544
3355771,141,246,1747,2016,40.0,393369.0,-0.584863,-0.74131,MLI,ZAF,8544
3355772,142,246,1747,2016,2332.0,0.0,0.8795950000000001,-0.21689499999999998,MLT,ZAF,8544
3355773,147,246,1747,2016,120418.0,13097069.0,-1.333702,-1.116794,MOZ,ZAF,8544
3355774,148,246,1747,2016,0.0,2267.0,-1.542265,-1.318586,MRT,ZAF,8544
3355775,151,246,1747,2016,12167.0,1289710.0,-0.24309899999999998,-0.084888,MUS,ZAF,8544
3355776,152,246,1747,2016,2619.0,1397099.0,-1.113794,-1.172385,MWI,ZAF,8544
3355777,153,246,1747,2016,487406.0,145441.0,1.106894,0.7452840000000001,MYS,ZAF,8544
3355778,155,246,1747,2016,54783.0,27489702.0,-0.6256689999999999,-0.8612219999999999,NAM,ZAF,8544
3355779,157,246,1747,2016,0.0,349.0,-0.973057,-0.953672,NER,ZAF,8544
3355780,159,246,1747,2016,68027.0,438665.0,-1.835357,-1.286597,NGA,ZAF,8544
3355781,160,246,1747,2016,3771.0,0.0,-1.0387389999999999,-0.998977,NIC,ZAF,8544
3355782,162,246,1747,2016,8978212.0,277688.0,1.157361,1.5188540000000001,NLD,ZAF,8544
3355783,163,246,1747,2016,48658.0,4260.0,0.89891,0.297673,NOR,ZAF,8544
3355784,166,246,1747,2016,90477.0,15386.0,0.236556,0.252918,NZL,ZAF,8544
3355785,167,246,1747,2016,0.0,13412.0,-0.334782,-0.9107190000000001,OMN,ZAF,8544
3355786,168,246,1747,2016,9069.0,25078.0,-0.7502800000000001,0.545331,PAK,ZAF,8544
3355787,169,246,1747,2016,0.0,238988.0,0.58773,0.654145,PAN,ZAF,8544
3355788,173,246,1747,2016,52915.0,13203.0,-0.717529,0.007845999999999999,PER,ZAF,8544
3355789,174,246,1747,2016,151808.0,58153.0,0.619343,0.303981,PHL,ZAF,8544
3355790,176,246,1747,2016,0.0,69984.0,-1.689987,-1.2762639999999998,PNG,ZAF,8544
3355791,177,246,1747,2016,6016178.0,362252.0,1.146113,1.239532,POL,ZAF,8544
3355792,179,246,1747,2016,1983555.0,137982.0,0.519621,2.254972,PRT,ZAF,8544
3355793,183,246,1747,2016,0.0,3904.0,-0.36124,-1.106629,QAT,ZAF,8544
3355794,185,246,1747,2016,4270697.0,7531.0,1.061259,0.9878870000000001,ROU,ZAF,8544
3355795,186,246,1747,2016,186602.0,85157.0,0.252891,0.200423,RUS,ZAF,8544
3355796,187,246,1747,2016,0.0,875010.0,-0.5802149999999999,-0.568327,RWA,ZAF,8544
3355797,188,246,1747,2016,7510.0,128579.0,0.394807,-0.638644,SAU,ZAF,8544
3355798,190,246,1747,2016,0.0,60993.0,-1.216141,-1.191648,SDN,ZAF,8544
3355799,191,246,1747,2016,0.0,626443.0,-0.7061270000000001,-0.46532399999999996,SEN,ZAF,8544
3355800,192,246,1747,2016,668480.0,43724.0,2.089995,0.564921,SGP,ZAF,8544
3355801,194,246,1747,2016,0.0,41917.0,1.4505700000000001,-0.313714,SHN,ZAF,8544
3355802,196,246,1747,2016,1230.0,445057.0,-0.184021,-0.5023920000000001,SLE,ZAF,8544
3355803,199,246,1747,2016,0.0,24000.0,-1.429439,-1.006612,SOM,ZAF,8544
3355804,201,246,1747,2016,10841.0,0.0,0.501676,1.0447520000000001,SRB,ZAF,8544
3355805,205,246,1747,2016,0.0,2596.0,-0.7823869999999999,-1.060347,SUR,ZAF,8544
3355806,206,246,1747,2016,246542.0,809.0,1.273942,0.763966,SVK,ZAF,8544
3355807,207,246,1747,2016,27909.0,0.0,1.6466720000000001,0.8247680000000001,SVN,ZAF,8544
3355808,208,246,1747,2016,823480.0,51403.0,1.785149,0.767444,SWE,ZAF,8544
3355809,209,246,1747,2016,23537.0,4880000.0,0.2785,-0.43804799999999994,SWZ,ZAF,8544
3355810,211,246,1747,2016,0.0,167139.0,0.441241,-0.580767,SYC,ZAF,8544
3355811,214,246,1747,2016,0.0,1810.0,-2.7867189999999997,-1.035452,TCD,ZAF,8544
3355812,215,246,1747,2016,0.0,3009.0,-0.751382,-0.7411310000000001,TGO,ZAF,8544
3355813,216,246,1747,2016,20922995.0,55897.0,1.022065,1.428082,THA,ZAF,8544
3355814,223,246,1747,2016,679928.0,0.0,0.171791,1.062948,TUN,ZAF,8544
3355815,224,246,1747,2016,805767.0,105375.0,0.45364799999999994,2.478837,TUR,ZAF,8544
3355816,226,246,1747,2016,795.0,4761573.0,-1.1008799999999999,-0.048319,TZA,ZAF,8544
3355817,227,246,1747,2016,3043.0,148088.0,-0.37745300000000004,0.525303,UGA,ZAF,8544
3355818,228,246,1747,2016,131169.0,0.0,0.406901,0.637051,UKR,ZAF,8544
3355819,231,246,1747,2016,11826451.0,4948929.0,1.685329,0.297536,USA,ZAF,8544
3355820,239,246,1747,2016,579514.0,13194.0,-0.10217899999999999,1.015568,VNM,ZAF,8544
3355821,247,246,1747,2016,4296965.0,18962165.0,-0.632437,-0.968817,ZMB,ZAF,8544
3355822,248,246,1747,2016,4689.0,10341581.0,-1.083532,-1.0016610000000001,ZWE,ZAF,8544
3355823,249,246,1747,2016,1109755.0,1717.0,2.002996,1.39485,TWN,ZAF,8544
3355824,250,246,1747,2016,1554308.0,291863.0,0.773312,-0.015385,ANS,ZAF,8544
3355825,2,249,1747,2016,0.0,5291.0,-1.313517,-1.262761,AGO,TWN,8544
3355826,4,249,1747,2016,0.0,111374.0,-0.534645,-0.09027,ALB,TWN,8544
3355827,7,249,1747,2016,40270.0,11298441.0,0.11037999999999999,0.045327,ARE,TWN,8544
3355828,8,249,1747,2016,0.0,257807.0,-0.132495,0.16353199999999998,ARG,TWN,8544
3355829,9,249,1747,2016,0.0,50425.0,-0.044982999999999995,-0.518007,ARM,TWN,8544
3355830,10,249,1747,2016,0.0,8702.0,0.43456300000000003,-0.48827,ASM,TWN,8544
3355831,13,249,1747,2016,0.0,905.0,0.19935999999999998,-0.538471,ATG,TWN,8544
3355832,14,249,1747,2016,1064464.0,21521742.0,-0.25955300000000003,0.0011070000000000001,AUS,TWN,8544
3355833,15,249,1747,2016,431923.0,4207802.0,1.759363,0.127262,AUT,TWN,8544
3355834,16,249,1747,2016,0.0,16779.0,-0.909744,-1.180449,AZE,TWN,8544
3355835,18,249,1747,2016,205030.0,11328347.0,1.3102610000000001,1.214573,BEL,TWN,8544
3355836,21,249,1747,2016,0.0,42270.0,-1.0885790000000002,-1.027005,BFA,TWN,8544
3355837,22,249,1747,2016,0.0,1876125.0,-1.107523,-1.065009,BGD,TWN,8544
3355838,23,249,1747,2016,9875.0,3226218.0,0.51707,1.7329130000000001,BGR,TWN,8544
3355839,24,249,1747,2016,0.0,779034.0,0.323348,-0.514446,BHR,TWN,8544
3355840,26,249,1747,2016,0.0,8077.0,0.47827700000000006,0.5643100000000001,BIH,TWN,8544
3355841,28,249,1747,2016,0.0,33460.0,0.773807,0.827442,BLR,TWN,8544
3355842,29,249,1747,2016,0.0,16028.0,-0.527601,-0.680647,BLZ,TWN,8544
3355843,30,249,1747,2016,0.0,30075.0,0.913218,-0.62813,BMU,TWN,8544
3355844,31,249,1747,2016,0.0,20592.0,-1.061758,-1.041501,BOL,TWN,8544
3355845,32,249,1747,2016,34462.0,4046992.0,0.245919,0.661809,BRA,TWN,8544
3355846,33,249,1747,2016,0.0,2928.0,0.613282,0.06728200000000001,BRB,TWN,8544
3355847,34,249,1747,2016,0.0,21996.0,0.078764,-0.8103670000000001,BRN,TWN,8544
3355848,37,249,1747,2016,0.0,2418.0,-0.9927739999999999,-1.260391,BWA,TWN,8544
3355849,39,249,1747,2016,538747.0,10316024.0,0.6579050000000001,1.12259,CAN,TWN,8544
3355850,41,249,1747,2016,2594404.0,2328167.0,2.3488689999999997,0.806291,CHE,TWN,8544
3355851,42,249,1747,2016,0.0,669664.0,-0.385519,-0.470495,CHL,TWN,8544
3355852,43,249,1747,2016,236271582.0,156486814.0,1.1073620000000002,1.723098,CHN,TWN,8544
3355853,44,249,1747,2016,0.0,5497.0,-0.88415,-0.8122689999999999,CIV,TWN,8544
3355854,45,249,1747,2016,0.0,119432.0,-1.086484,-1.0725559999999998,CMR,TWN,8544
3355855,46,249,1747,2016,0.0,2116.0,-1.136472,-1.109177,COD,TWN,8544
3355856,49,249,1747,2016,0.0,1640757.0,0.10205700000000001,-0.155574,COL,TWN,8544
3355857,52,249,1747,2016,725593.0,327646.0,0.204591,-0.18279600000000001,CRI,TWN,8544
3355858,54,249,1747,2016,0.0,21007.0,-0.602309,-1.0781120000000002,CUB,TWN,8544
3355859,58,249,1747,2016,0.0,12741.0,0.40822800000000004,0.07535,CYP,TWN,8544
3355860,59,249,1747,2016,474463.0,1378115.0,1.823627,0.552354,CZE,TWN,8544
3355861,61,249,1747,2016,19116834.0,24530259.0,2.203093,-2.24919,DEU,TWN,8544
3355862,63,249,1747,2016,0.0,55111.0,0.162751,-0.307303,DMA,TWN,8544
3355863,64,249,1747,2016,208311.0,2043442.0,1.117864,1.302658,DNK,TWN,8544
3355864,65,249,1747,2016,12720.0,87893.0,-0.237382,0.295389,DOM,TWN,8544
3355865,66,249,1747,2016,0.0,104223.0,-1.0202930000000001,-1.236642,DZA,TWN,8544
3355866,67,249,1747,2016,1840.0,404097.0,-1.0860049999999999,-1.049065,ECU,TWN,8544
3355867,68,249,1747,2016,1794.0,1499092.0,-0.142377,1.674348,EGY,TWN,8544
3355868,71,249,1747,2016,307578.0,4576883.0,0.765428,2.57725,ESP,TWN,8544
3355869,72,249,1747,2016,53258.0,1271337.0,1.000418,1.154152,EST,TWN,8544
3355870,73,249,1747,2016,0.0,74633.0,-1.006161,-0.756472,ETH,TWN,8544
3355871,74,249,1747,2016,275369.0,1296204.0,1.581968,1.006432,FIN,TWN,8544
3355872,75,249,1747,2016,0.0,36442.0,-0.27171999999999996,0.172933,FJI,TWN,8544
3355873,77,249,1747,2016,2477140.0,6293194.0,1.476437,0.911746,FRA,TWN,8544
3355874,81,249,1747,2016,2811639.0,27946057.0,1.6974669999999998,0.9231299999999999,GBR,TWN,8544
3355875,82,249,1747,2016,0.0,33624.0,-0.388359,-0.51175,GEO,TWN,8544
3355876,83,249,1747,2016,0.0,112245.0,-0.945358,-0.805301,GHA,TWN,8544
3355877,85,249,1747,2016,0.0,22049.0,-1.474753,-1.215627,GIN,TWN,8544
3355878,90,249,1747,2016,688.0,139193.0,0.12153499999999999,1.126101,GRC,TWN,8544
3355879,93,249,1747,2016,0.0,442073.0,-0.414843,0.382162,GTM,TWN,8544
3355880,95,249,1747,2016,0.0,39795.0,0.659809,-0.066939,GUM,TWN,8544
3355881,96,249,1747,2016,0.0,3780.0,-0.4755,-0.778335,GUY,TWN,8544
3355882,97,249,1747,2016,4383935.0,62878970.0,0.8029029999999999,1.477249,HKG,TWN,8544
3355883,99,249,1747,2016,11863.0,124165.0,-0.673741,-0.403777,HND,TWN,8544
3355884,100,249,1747,2016,4562.0,13166.0,0.8695200000000001,1.214791,HRV,TWN,8544
3355885,101,249,1747,2016,0.0,95360.0,-1.30976,-1.010181,HTI,TWN,8544
3355886,102,249,1747,2016,401376.0,1492198.0,1.445281,0.8422209999999999,HUN,TWN,8544
3355887,103,249,1747,2016,1679733.0,4581634.0,-0.158496,1.492067,IDN,TWN,8544
3355888,104,249,1747,2016,2184236.0,9451016.0,0.30976,2.61043,IND,TWN,8544
3355889,106,249,1747,2016,221243.0,6984801.0,1.445238,0.07659400000000001,IRL,TWN,8544
3355890,107,249,1747,2016,0.0,1763430.0,-0.407368,-0.23482399999999998,IRN,TWN,8544
3355891,108,249,1747,2016,0.0,169842.0,-2.2400029999999997,-1.017174,IRQ,TWN,8544
3355892,109,249,1747,2016,0.0,58840.0,0.192448,-0.37174,ISL,TWN,8544
3355893,110,249,1747,2016,326227.0,1655129.0,1.352275,0.67584,ISR,TWN,8544
3355894,111,249,1747,2016,4861599.0,7214796.0,1.339307,0.8549209999999999,ITA,TWN,8544
3355895,112,249,1747,2016,0.0,283760.0,-0.259972,-0.592114,JAM,TWN,8544
3355896,113,249,1747,2016,0.0,228791.0,-0.0115,0.045625,JOR,TWN,8544
3355897,114,249,1747,2016,83122998.0,86160374.0,2.574025,-0.34859,JPN,TWN,8544
3355898,115,249,1747,2016,0.0,230239.0,-0.376397,-0.553639,KAZ,TWN,8544
3355899,116,249,1747,2016,0.0,166762.0,-0.535616,0.520101,KEN,TWN,8544
3355900,117,249,1747,2016,0.0,442.0,0.010529,0.287462,KGZ,TWN,8544
3355901,118,249,1747,2016,0.0,940219.0,-0.8365239999999999,-0.794615,KHM,TWN,8544
3355902,119,249,1747,2016,0.0,1865.0,0.23475300000000002,-0.789514,KIR,TWN,8544
3355903,120,249,1747,2016,0.0,7791.0,0.620594,-0.4305,KNA,TWN,8544
3355904,121,249,1747,2016,32211092.0,5584767.0,2.086184,0.724318,KOR,TWN,8544
3355905,122,249,1747,2016,0.0,3069721.0,-0.31188,-1.1438620000000002,KWT,TWN,8544
3355906,123,249,1747,2016,52743.0,3398.0,-0.9781479999999999,-0.8272860000000001,LAO,TWN,8544
3355907,124,249,1747,2016,1477.0,336942.0,0.285829,1.0818139999999998,LBN,TWN,8544
3355908,125,249,1747,2016,0.0,72244.0,-0.870345,-1.113277,LBR,TWN,8544
3355909,128,249,1747,2016,0.0,620171.0,-0.562869,0.49937,LKA,TWN,8544
3355910,129,249,1747,2016,0.0,48372.0,-0.891036,-0.807709,LSO,TWN,8544
3355911,130,249,1747,2016,75583.0,255043.0,0.706929,1.419432,LTU,TWN,8544
3355912,131,249,1747,2016,3334.0,6188.0,1.340054,1.30224,LUX,TWN,8544
3355913,132,249,1747,2016,11827.0,414808.0,0.553592,1.19865,LVA,TWN,8544
3355914,133,249,1747,2016,10658.0,3824732.0,0.534935,0.185542,MAC,TWN,8544
3355915,134,249,1747,2016,16931.0,1259191.0,-0.772795,-0.206511,MAR,TWN,8544
3355916,135,249,1747,2016,0.0,3137.0,-0.340932,-0.2839,MDA,TWN,8544
3355917,136,249,1747,2016,0.0,7449.0,-1.2672709999999998,-0.613909,MDG,TWN,8544
3355918,137,249,1747,2016,0.0,10311.0,-0.79904,-0.9720840000000001,MDV,TWN,8544
3355919,138,249,1747,2016,2947126.0,6171402.0,1.165638,0.6446649999999999,MEX,TWN,8544
3355920,139,249,1747,2016,0.0,3012.0,0.073567,-0.808307,MHL,TWN,8544
3355921,140,249,1747,2016,0.0,18850.0,0.026185000000000003,-0.20027999999999999,MKD,TWN,8544
3355922,142,249,1747,2016,7611.0,15409.0,0.8795950000000001,-0.21689499999999998,MLT,TWN,8544
3355923,143,249,1747,2016,0.0,1553531.0,-1.160878,-0.6042609999999999,MMR,TWN,8544
3355924,144,249,1747,2016,0.0,1486.0,-0.005084,-0.25252199999999997,MNE,TWN,8544
3355925,145,249,1747,2016,0.0,9510.0,-0.811142,-1.013252,MNG,TWN,8544
3355926,147,249,1747,2016,0.0,47779.0,-1.333702,-1.116794,MOZ,TWN,8544
3355927,151,249,1747,2016,0.0,59650.0,-0.24309899999999998,-0.084888,MUS,TWN,8544
3355928,152,249,1747,2016,0.0,12412.0,-1.113794,-1.172385,MWI,TWN,8544
3355929,153,249,1747,2016,12755512.0,9001014.0,1.106894,0.7452840000000001,MYS,TWN,8544
3355930,155,249,1747,2016,0.0,37299.0,-0.6256689999999999,-0.8612219999999999,NAM,TWN,8544
3355931,156,249,1747,2016,0.0,4932.0,-0.9910389999999999,-0.9463940000000001,NCL,TWN,8544
3355932,157,249,1747,2016,0.0,2482.0,-0.973057,-0.953672,NER,TWN,8544
3355933,159,249,1747,2016,0.0,357896.0,-1.835357,-1.286597,NGA,TWN,8544
3355934,160,249,1747,2016,0.0,20837.0,-1.0387389999999999,-0.998977,NIC,TWN,8544
3355935,162,249,1747,2016,5840991.0,14036882.0,1.157361,1.5188540000000001,NLD,TWN,8544
3355936,163,249,1747,2016,14729.0,1407577.0,0.89891,0.297673,NOR,TWN,8544
3355937,164,249,1747,2016,0.0,18661.0,-0.37595500000000004,0.475239,NPL,TWN,8544
3355938,166,249,1747,2016,21463.0,2101061.0,0.236556,0.252918,NZL,TWN,8544
3355939,167,249,1747,2016,0.0,271933.0,-0.334782,-0.9107190000000001,OMN,TWN,8544
3355940,168,249,1747,2016,0.0,3676770.0,-0.7502800000000001,0.545331,PAK,TWN,8544
3355941,169,249,1747,2016,0.0,2740547.0,0.58773,0.654145,PAN,TWN,8544
3355942,173,249,1747,2016,0.0,1665924.0,-0.717529,0.007845999999999999,PER,TWN,8544
3355943,174,249,1747,2016,10998743.0,21457994.0,0.619343,0.303981,PHL,TWN,8544
3355944,175,249,1747,2016,0.0,38045.0,0.707907,-0.531396,PLW,TWN,8544
3355945,177,249,1747,2016,159029.0,2930847.0,1.146113,1.239532,POL,TWN,8544
3355946,179,249,1747,2016,51655.0,181060.0,0.519621,2.254972,PRT,TWN,8544
3355947,180,249,1747,2016,0.0,58357.0,-0.660702,-1.0329979999999999,PRY,TWN,8544
3355948,181,249,1747,2016,0.0,2273.0,-0.067187,0.535972,PSE,TWN,8544
3355949,182,249,1747,2016,0.0,1128.0,0.11597400000000001,-0.657672,PYF,TWN,8544
3355950,183,249,1747,2016,0.0,308977.0,-0.36124,-1.106629,QAT,TWN,8544
3355951,185,249,1747,2016,201877.0,1455624.0,1.061259,0.9878870000000001,ROU,TWN,8544
3355952,186,249,1747,2016,33659.0,6961375.0,0.252891,0.200423,RUS,TWN,8544
3355953,188,249,1747,2016,33998.0,2702767.0,0.394807,-0.638644,SAU,TWN,8544
3355954,190,249,1747,2016,0.0,164670.0,-1.216141,-1.191648,SDN,TWN,8544
3355955,192,249,1747,2016,5328923.0,23158367.0,2.089995,0.564921,SGP,TWN,8544
3355956,197,249,1747,2016,0.0,190726.0,0.10397999999999999,0.25556599999999996,SLV,TWN,8544
3355957,201,249,1747,2016,5974.0,12250.0,0.501676,1.0447520000000001,SRB,TWN,8544
3355958,203,249,1747,2016,0.0,3975.0,0.27849,-0.670342,STP,TWN,8544
3355959,205,249,1747,2016,0.0,2488.0,-0.7823869999999999,-1.060347,SUR,TWN,8544
3355960,206,249,1747,2016,234490.0,425375.0,1.273942,0.763966,SVK,TWN,8544
3355961,207,249,1747,2016,19126.0,1096384.0,1.6466720000000001,0.8247680000000001,SVN,TWN,8544
3355962,208,249,1747,2016,654757.0,5920306.0,1.785149,0.767444,SWE,TWN,8544
3355963,209,249,1747,2016,0.0,35055.0,0.2785,-0.43804799999999994,SWZ,TWN,8544
3355964,211,249,1747,2016,0.0,4567.0,0.441241,-0.580767,SYC,TWN,8544
3355965,212,249,1747,2016,0.0,1118.0,-0.746222,0.179918,SYR,TWN,8544
3355966,215,249,1747,2016,0.0,25137.0,-0.751382,-0.7411310000000001,TGO,TWN,8544
3355967,216,249,1747,2016,13398814.0,22316291.0,1.022065,1.428082,THA,TWN,8544
3355968,222,249,1747,2016,0.0,392833.0,-0.191969,-1.028843,TTO,TWN,8544
3355969,223,249,1747,2016,49370.0,552420.0,0.171791,1.062948,TUN,TWN,8544
3355970,224,249,1747,2016,321638.0,3559693.0,0.45364799999999994,2.478837,TUR,TWN,8544
3355971,226,249,1747,2016,0.0,147840.0,-1.1008799999999999,-0.048319,TZA,TWN,8544
3355972,227,249,1747,2016,0.0,2050.0,-0.37745300000000004,0.525303,UGA,TWN,8544
3355973,228,249,1747,2016,4412.0,120959.0,0.406901,0.637051,UKR,TWN,8544
3355974,230,249,1747,2016,0.0,128566.0,0.098051,-0.45418400000000003,URY,TWN,8544
3355975,231,249,1747,2016,39971340.0,170363540.0,1.685329,0.297536,USA,TWN,8544
3355976,232,249,1747,2016,0.0,1026.0,-0.703465,-0.493036,UZB,TWN,8544
3355977,234,249,1747,2016,0.0,3457.0,0.157611,-0.581526,VCT,TWN,8544
3355978,236,249,1747,2016,0.0,28053.0,-0.844669,-1.164315,VEN,TWN,8544
3355979,239,249,1747,2016,12912804.0,30999854.0,-0.10217899999999999,1.015568,VNM,TWN,8544
3355980,242,249,1747,2016,0.0,26042.0,0.576339,-0.221148,WSM,TWN,8544
3355981,243,249,1747,2016,0.0,86124.0,-1.232675,-1.205963,YEM,TWN,8544
3355982,246,249,1747,2016,1717.0,1109755.0,0.187396,1.46169,ZAF,TWN,8544
3355983,247,249,1747,2016,0.0,775.0,-0.632437,-0.968817,ZMB,TWN,8544
3355984,248,249,1747,2016,0.0,23552.0,-1.083532,-1.0016610000000001,ZWE,TWN,8544
3355985,250,249,1747,2016,2822219.0,39737.0,0.773312,-0.015385,ANS,TWN,8544
3355986,0,250,1747,2016,73144.0,939122.0,0.9052,0.253571,ABW,ANS,8544
3355987,5,250,1747,2016,0.0,1487.0,1.06885,0.519109,AND,ANS,8544
3355988,7,250,1747,2016,2088545.0,120130.0,0.11037999999999999,0.045327,ARE,ANS,8544
3355989,8,250,1747,2016,235130.0,0.0,-0.132495,0.16353199999999998,ARG,ANS,8544
3355990,9,250,1747,2016,0.0,38931.0,-0.044982999999999995,-0.518007,ARM,ANS,8544
3355991,13,250,1747,2016,0.0,8238.0,0.19935999999999998,-0.538471,ATG,ANS,8544
3355992,14,250,1747,2016,7212.0,12158578.0,-0.25955300000000003,0.0011070000000000001,AUS,ANS,8544
3355993,18,250,1747,2016,17789.0,5477.0,1.3102610000000001,1.214573,BEL,ANS,8544
3355994,23,250,1747,2016,0.0,3476.0,0.51707,1.7329130000000001,BGR,ANS,8544
3355995,24,250,1747,2016,0.0,39865.0,0.323348,-0.514446,BHR,ANS,8544
3355996,25,250,1747,2016,0.0,70157.0,0.605834,-0.430958,BHS,ANS,8544
3355997,28,250,1747,2016,2700.0,2177.0,0.773807,0.827442,BLR,ANS,8544
3355998,31,250,1747,2016,1384.0,0.0,-1.061758,-1.041501,BOL,ANS,8544
3355999,32,250,1747,2016,0.0,789998.0,0.245919,0.661809,BRA,ANS,8544
3356000,42,250,1747,2016,39121.0,4013438.0,-0.385519,-0.470495,CHL,ANS,8544
3356001,43,250,1747,2016,146007.0,6758783.0,1.1073620000000002,1.723098,CHN,ANS,8544
3356002,44,250,1747,2016,1426.0,0.0,-0.88415,-0.8122689999999999,CIV,ANS,8544
3356003,47,250,1747,2016,0.0,434206.0,-0.718731,-1.0663799999999999,COG,ANS,8544
3356004,49,250,1747,2016,988101.0,13195131.0,0.10205700000000001,-0.155574,COL,ANS,8544
3356005,51,250,1747,2016,0.0,1331.0,0.264883,-0.580199,CPV,ANS,8544
3356006,52,250,1747,2016,0.0,8210378.0,0.204591,-0.18279600000000001,CRI,ANS,8544
3356007,58,250,1747,2016,16588.0,6882.0,0.40822800000000004,0.07535,CYP,ANS,8544
3356008,59,250,1747,2016,0.0,1298739.0,1.823627,0.552354,CZE,ANS,8544
3356009,61,250,1747,2016,77359.0,0.0,2.203093,-2.24919,DEU,ANS,8544
3356010,65,250,1747,2016,3162.0,16722.0,-0.237382,0.295389,DOM,ANS,8544
3356011,67,250,1747,2016,4876.0,0.0,-1.0860049999999999,-1.049065,ECU,ANS,8544
3356012,68,250,1747,2016,0.0,26550.0,-0.142377,1.674348,EGY,ANS,8544
3356013,71,250,1747,2016,116089.0,1201879.0,0.765428,2.57725,ESP,ANS,8544
3356014,72,250,1747,2016,18188.0,1643621.0,1.000418,1.154152,EST,ANS,8544
3356015,75,250,1747,2016,0.0,10396.0,-0.27171999999999996,0.172933,FJI,ANS,8544
3356016,77,250,1747,2016,89826368.0,27460453.0,1.476437,0.911746,FRA,ANS,8544
3356017,81,250,1747,2016,52232.0,0.0,1.6974669999999998,0.9231299999999999,GBR,ANS,8544
3356018,83,250,1747,2016,0.0,8439.0,-0.945358,-0.805301,GHA,ANS,8544
3356019,90,250,1747,2016,72765.0,35327.0,0.12153499999999999,1.126101,GRC,ANS,8544
3356020,97,250,1747,2016,279843.0,1553.0,0.8029029999999999,1.477249,HKG,ANS,8544
3356021,99,250,1747,2016,0.0,15197.0,-0.673741,-0.403777,HND,ANS,8544
3356022,100,250,1747,2016,19128.0,691382.0,0.8695200000000001,1.214791,HRV,ANS,8544
3356023,104,250,1747,2016,0.0,321859.0,0.30976,2.61043,IND,ANS,8544
3356024,106,250,1747,2016,1531155.0,1785316.0,1.445238,0.07659400000000001,IRL,ANS,8544
3356025,107,250,1747,2016,0.0,20839.0,-0.407368,-0.23482399999999998,IRN,ANS,8544
3356026,110,250,1747,2016,48000.0,0.0,1.352275,0.67584,ISR,ANS,8544
3356027,111,250,1747,2016,63781.0,32260.0,1.339307,0.8549209999999999,ITA,ANS,8544
3356028,113,250,1747,2016,5519027.0,6217474.0,-0.0115,0.045625,JOR,ANS,8544
3356029,114,250,1747,2016,0.0,26560.0,2.574025,-0.34859,JPN,ANS,8544
3356030,118,250,1747,2016,0.0,105473.0,-0.8365239999999999,-0.794615,KHM,ANS,8544
3356031,121,250,1747,2016,0.0,3301.0,2.086184,0.724318,KOR,ANS,8544
3356032,122,250,1747,2016,0.0,206327.0,-0.31188,-1.1438620000000002,KWT,ANS,8544
3356033,124,250,1747,2016,1060190.0,1639.0,0.285829,1.0818139999999998,LBN,ANS,8544
3356034,127,250,1747,2016,0.0,29380.0,0.397746,-0.405285,LCA,ANS,8544
3356035,128,250,1747,2016,0.0,33246.0,-0.562869,0.49937,LKA,ANS,8544
3356036,131,250,1747,2016,0.0,889542.0,1.340054,1.30224,LUX,ANS,8544
3356037,134,250,1747,2016,1088.0,0.0,-0.772795,-0.206511,MAR,ANS,8544
3356038,135,250,1747,2016,0.0,6186185.0,-0.340932,-0.2839,MDA,ANS,8544
3356039,136,250,1747,2016,24886.0,426217.0,-1.2672709999999998,-0.613909,MDG,ANS,8544
3356040,138,250,1747,2016,0.0,160642.0,1.165638,0.6446649999999999,MEX,ANS,8544
3356041,141,250,1747,2016,0.0,83828.0,-0.584863,-0.74131,MLI,ANS,8544
3356042,142,250,1747,2016,0.0,16742.0,0.8795950000000001,-0.21689499999999998,MLT,ANS,8544
3356043,155,250,1747,2016,0.0,12685.0,-0.6256689999999999,-0.8612219999999999,NAM,ANS,8544
3356044,157,250,1747,2016,0.0,2624.0,-0.973057,-0.953672,NER,ANS,8544
3356045,162,250,1747,2016,445948.0,1373905.0,1.157361,1.5188540000000001,NLD,ANS,8544
3356046,164,250,1747,2016,0.0,1425.0,-0.37595500000000004,0.475239,NPL,ANS,8544
3356047,167,250,1747,2016,84335.0,0.0,-0.334782,-0.9107190000000001,OMN,ANS,8544
3356048,168,250,1747,2016,0.0,1123619.0,-0.7502800000000001,0.545331,PAK,ANS,8544
3356049,169,250,1747,2016,2134506.0,130442.0,0.58773,0.654145,PAN,ANS,8544
3356050,175,250,1747,2016,7693.0,0.0,0.707907,-0.531396,PLW,ANS,8544
3356051,177,250,1747,2016,32520.0,3042511.0,1.146113,1.239532,POL,ANS,8544
3356052,179,250,1747,2016,4258.0,0.0,0.519621,2.254972,PRT,ANS,8544
3356053,183,250,1747,2016,0.0,15963.0,-0.36124,-1.106629,QAT,ANS,8544
3356054,185,250,1747,2016,45279.0,5900.0,1.061259,0.9878870000000001,ROU,ANS,8544
3356055,186,250,1747,2016,1868267.0,18535.0,0.252891,0.200423,RUS,ANS,8544
3356056,188,250,1747,2016,0.0,4711.0,0.394807,-0.638644,SAU,ANS,8544
3356057,206,250,1747,2016,1271.0,15869458.0,1.273942,0.763966,SVK,ANS,8544
3356058,208,250,1747,2016,47181.0,10949.0,1.785149,0.767444,SWE,ANS,8544
3356059,216,250,1747,2016,0.0,1109.0,1.022065,1.428082,THA,ANS,8544
3356060,223,250,1747,2016,133127871.0,6668004.0,0.171791,1.062948,TUN,ANS,8544
3356061,224,250,1747,2016,5934.0,0.0,0.45364799999999994,2.478837,TUR,ANS,8544
3356062,228,250,1747,2016,87754.0,3371.0,0.406901,0.637051,UKR,ANS,8544
3356063,230,250,1747,2016,82083.0,0.0,0.098051,-0.45418400000000003,URY,ANS,8544
3356064,239,250,1747,2016,1843781.0,22905966.0,-0.10217899999999999,1.015568,VNM,ANS,8544
3356065,246,250,1747,2016,291863.0,1554308.0,0.187396,1.46169,ZAF,ANS,8544
3356066,249,250,1747,2016,39737.0,2822219.0,2.002996,1.39485,TWN,ANS,8544
3356067,7,2,1747,2016,718332.0,14039.0,0.11037999999999999,0.045327,ARE,AGO,8544
3356068,8,2,1747,2016,0.0,9882.0,-0.132495,0.16353199999999998,ARG,AGO,8544
3356069,14,2,1747,2016,5701.0,0.0,-0.25955300000000003,0.0011070000000000001,AUS,AGO,8544
3356070,15,2,1747,2016,935720.0,0.0,1.759363,0.127262,AUT,AGO,8544
3356071,16,2,1747,2016,3499.0,2605.0,-0.909744,-1.180449,AZE,AGO,8544
3356072,18,2,1747,2016,3068174.0,383136.0,1.3102610000000001,1.214573,BEL,AGO,8544
3356073,28,2,1747,2016,568422.0,0.0,0.773807,0.827442,BLR,AGO,8544
3356074,32,2,1747,2016,2308813.0,474950.0,0.245919,0.661809,BRA,AGO,8544
3356075,39,2,1747,2016,5369.0,174.0,0.6579050000000001,1.12259,CAN,AGO,8544
3356076,41,2,1747,2016,38005.0,0.0,2.3488689999999997,0.806291,CHE,AGO,8544
3356077,43,2,1747,2016,28284858.0,67778.0,1.1073620000000002,1.723098,CHN,AGO,8544
3356078,44,2,1747,2016,4356.0,0.0,-0.88415,-0.8122689999999999,CIV,AGO,8544
3356079,45,2,1747,2016,0.0,9892.0,-1.086484,-1.0725559999999998,CMR,AGO,8544
3356080,46,2,1747,2016,1759.0,41922.0,-1.136472,-1.109177,COD,AGO,8544
3356081,47,2,1747,2016,1675.0,45294.0,-0.718731,-1.0663799999999999,COG,AGO,8544
3356082,58,2,1747,2016,0.0,45262.0,0.40822800000000004,0.07535,CYP,AGO,8544
3356083,59,2,1747,2016,947899.0,0.0,1.823627,0.552354,CZE,AGO,8544
3356084,61,2,1747,2016,452863.0,11769.0,2.203093,-2.24919,DEU,AGO,8544
3356085,63,2,1747,2016,14333.0,0.0,0.162751,-0.307303,DMA,AGO,8544
3356086,64,2,1747,2016,30368.0,2824.0,1.117864,1.302658,DNK,AGO,8544
3356087,68,2,1747,2016,425668.0,23209.0,-0.142377,1.674348,EGY,AGO,8544
3356088,71,2,1747,2016,3040535.0,134971.0,0.765428,2.57725,ESP,AGO,8544
3356089,77,2,1747,2016,6473472.0,30773.0,1.476437,0.911746,FRA,AGO,8544
3356090,81,2,1747,2016,7673339.0,369257.0,1.6974669999999998,0.9231299999999999,GBR,AGO,8544
3356091,87,2,1747,2016,0.0,4486.0,-0.743023,-0.833044,GMB,AGO,8544
3356092,90,2,1747,2016,4217.0,0.0,0.12153499999999999,1.126101,GRC,AGO,8544
3356093,97,2,1747,2016,235226.0,13071.0,0.8029029999999999,1.477249,HKG,AGO,8544
3356094,103,2,1747,2016,3676.0,6945.0,-0.158496,1.492067,IDN,AGO,8544
3356095,104,2,1747,2016,65593.0,0.0,0.30976,2.61043,IND,AGO,8544
3356096,110,2,1747,2016,17048.0,0.0,1.352275,0.67584,ISR,AGO,8544
3356097,111,2,1747,2016,124477.0,1838.0,1.339307,0.8549209999999999,ITA,AGO,8544
3356098,114,2,1747,2016,7602.0,0.0,2.574025,-0.34859,JPN,AGO,8544
3356099,121,2,1747,2016,797697.0,0.0,2.086184,0.724318,KOR,AGO,8544
3356100,124,2,1747,2016,40088.0,10271.0,0.285829,1.0818139999999998,LBN,AGO,8544
3356101,138,2,1747,2016,238321.0,0.0,1.165638,0.6446649999999999,MEX,AGO,8544
3356102,142,2,1747,2016,135889.0,0.0,0.8795950000000001,-0.21689499999999998,MLT,AGO,8544
3356103,147,2,1747,2016,47716.0,751.0,-1.333702,-1.116794,MOZ,AGO,8544
3356104,153,2,1747,2016,230819.0,0.0,1.106894,0.7452840000000001,MYS,AGO,8544
3356105,155,2,1747,2016,299155.0,44605.0,-0.6256689999999999,-0.8612219999999999,NAM,AGO,8544
3356106,159,2,1747,2016,3354.0,0.0,-1.835357,-1.286597,NGA,AGO,8544
3356107,162,2,1747,2016,425440.0,61013.0,1.157361,1.5188540000000001,NLD,AGO,8544
3356108,163,2,1747,2016,36447204.0,85557.0,0.89891,0.297673,NOR,AGO,8544
3356109,169,2,1747,2016,15414.0,0.0,0.58773,0.654145,PAN,AGO,8544
3356110,174,2,1747,2016,1385.0,0.0,0.619343,0.303981,PHL,AGO,8544
3356111,176,2,1747,2016,43423.0,0.0,-1.689987,-1.2762639999999998,PNG,AGO,8544
3356112,177,2,1747,2016,271159.0,0.0,1.146113,1.239532,POL,AGO,8544
3356113,178,2,1747,2016,1098.0,0.0,-0.512374,-0.143648,PRK,AGO,8544
3356114,179,2,1747,2016,21305578.0,5484.0,0.519621,2.254972,PRT,AGO,8544
3356115,185,2,1747,2016,14743.0,0.0,1.061259,0.9878870000000001,ROU,AGO,8544
3356116,186,2,1747,2016,100646.0,0.0,0.252891,0.200423,RUS,AGO,8544
3356117,188,2,1747,2016,1594.0,8902.0,0.394807,-0.638644,SAU,AGO,8544
3356118,191,2,1747,2016,0.0,2389.0,-0.7061270000000001,-0.46532399999999996,SEN,AGO,8544
3356119,192,2,1747,2016,262338.0,21554.0,2.089995,0.564921,SGP,AGO,8544
3356120,203,2,1747,2016,0.0,30508.0,0.27849,-0.670342,STP,AGO,8544
3356121,206,2,1747,2016,1179934.0,0.0,1.273942,0.763966,SVK,AGO,8544
3356122,208,2,1747,2016,153177.0,0.0,1.785149,0.767444,SWE,AGO,8544
3356123,216,2,1747,2016,9278.0,0.0,1.022065,1.428082,THA,AGO,8544
3356124,223,2,1747,2016,0.0,1633.0,0.171791,1.062948,TUN,AGO,8544
3356125,224,2,1747,2016,61633.0,0.0,0.45364799999999994,2.478837,TUR,AGO,8544
3356126,230,2,1747,2016,1909.0,0.0,0.098051,-0.45418400000000003,URY,AGO,8544
3356127,231,2,1747,2016,51006240.0,202695.0,1.685329,0.297536,USA,AGO,8544
3356128,237,2,1747,2016,9826.0,0.0,0.566815,-0.43181800000000004,VGB,AGO,8544
3356129,239,2,1747,2016,1256.0,0.0,-0.10217899999999999,1.015568,VNM,AGO,8544
3356130,246,2,1747,2016,778209.0,10266.0,0.187396,1.46169,ZAF,AGO,8544
3356131,249,2,1747,2016,5291.0,0.0,2.002996,1.39485,TWN,AGO,8544
3356132,1,14,1747,2016,0.0,386998.0,-1.497486,-1.002342,AFG,AUS,8544
3356133,2,14,1747,2016,0.0,5701.0,-1.313517,-1.262761,AGO,AUS,8544
3356134,7,14,1747,2016,1327605.0,323077.0,0.11037999999999999,0.045327,ARE,AUS,8544
3356135,8,14,1747,2016,9760.0,24662.0,-0.132495,0.16353199999999998,ARG,AUS,8544
3356136,10,14,1747,2016,0.0,17390.0,0.43456300000000003,-0.48827,ASM,AUS,8544
3356137,15,14,1747,2016,1333656.0,31057.0,1.759363,0.127262,AUT,AUS,8544
3356138,16,14,1747,2016,0.0,3446.0,-0.909744,-1.180449,AZE,AUS,8544
3356139,18,14,1747,2016,3622799.0,265917.0,1.3102610000000001,1.214573,BEL,AUS,8544
3356140,21,14,1747,2016,0.0,386211.0,-1.0885790000000002,-1.027005,BFA,AUS,8544
3356141,22,14,1747,2016,0.0,22677.0,-1.107523,-1.065009,BGD,AUS,8544
3356142,23,14,1747,2016,80451.0,12585.0,0.51707,1.7329130000000001,BGR,AUS,8544
3356143,24,14,1747,2016,0.0,4471.0,0.323348,-0.514446,BHR,AUS,8544
3356144,26,14,1747,2016,57230.0,0.0,0.47827700000000006,0.5643100000000001,BIH,AUS,8544
3356145,28,14,1747,2016,0.0,1873.0,0.773807,0.827442,BLR,AUS,8544
3356146,31,14,1747,2016,0.0,1147.0,-1.061758,-1.041501,BOL,AUS,8544
3356147,32,14,1747,2016,4173066.0,1881500.0,0.245919,0.661809,BRA,AUS,8544
3356148,34,14,1747,2016,0.0,8274.0,0.078764,-0.8103670000000001,BRN,AUS,8544
3356149,37,14,1747,2016,3432.0,418.0,-0.9927739999999999,-1.260391,BWA,AUS,8544
3356150,38,14,1747,2016,0.0,433377.0,-0.43507299999999993,-0.7039300000000001,CAF,AUS,8544
3356151,39,14,1747,2016,3401134.0,656589.0,0.6579050000000001,1.12259,CAN,AUS,8544
3356152,40,14,1747,2016,0.0,3411.0,1.5291700000000001,0.030156,CCK,AUS,8544
3356153,41,14,1747,2016,2967638.0,131366.0,2.3488689999999997,0.806291,CHE,AUS,8544
3356154,42,14,1747,2016,12145.0,413195.0,-0.385519,-0.470495,CHL,AUS,8544
3356155,43,14,1747,2016,454241459.0,13572320.0,1.1073620000000002,1.723098,CHN,AUS,8544
3356156,44,14,1747,2016,0.0,78550.0,-0.88415,-0.8122689999999999,CIV,AUS,8544
3356157,45,14,1747,2016,0.0,8370.0,-1.086484,-1.0725559999999998,CMR,AUS,8544
3356158,46,14,1747,2016,0.0,53391.0,-1.136472,-1.109177,COD,AUS,8544
3356159,48,14,1747,2016,0.0,5206.0,0.20994699999999997,-0.791095,COK,AUS,8544
3356160,49,14,1747,2016,0.0,47282.0,0.10205700000000001,-0.155574,COL,AUS,8544
3356161,51,14,1747,2016,0.0,672.0,0.264883,-0.580199,CPV,AUS,8544
3356162,52,14,1747,2016,355904.0,0.0,0.204591,-0.18279600000000001,CRI,AUS,8544
3356163,56,14,1747,2016,0.0,14203.0,0.810517,-0.598503,CXR,AUS,8544
3356164,58,14,1747,2016,8476.0,0.0,0.40822800000000004,0.07535,CYP,AUS,8544
3356165,59,14,1747,2016,676301.0,8792.0,1.823627,0.552354,CZE,AUS,8544
3356166,61,14,1747,2016,29408086.0,1363765.0,2.203093,-2.24919,DEU,AUS,8544
3356167,64,14,1747,2016,942958.0,16112.0,1.117864,1.302658,DNK,AUS,8544
3356168,65,14,1747,2016,92751.0,0.0,-0.237382,0.295389,DOM,AUS,8544
3356169,66,14,1747,2016,0.0,66944.0,-1.0202930000000001,-1.236642,DZA,AUS,8544
3356170,67,14,1747,2016,30646.0,3084.0,-1.0860049999999999,-1.049065,ECU,AUS,8544
3356171,68,14,1747,2016,16346.0,1023798.0,-0.142377,1.674348,EGY,AUS,8544
3356172,71,14,1747,2016,5302348.0,72735.0,0.765428,2.57725,ESP,AUS,8544
3356173,72,14,1747,2016,246376.0,1292.0,1.000418,1.154152,EST,AUS,8544
3356174,73,14,1747,2016,21331.0,16046.0,-1.006161,-0.756472,ETH,AUS,8544
3356175,74,14,1747,2016,371953.0,88869.0,1.581968,1.006432,FIN,AUS,8544
3356176,75,14,1747,2016,37470.0,625594.0,-0.27171999999999996,0.172933,FJI,AUS,8544
3356177,77,14,1747,2016,8675352.0,3197096.0,1.476437,0.911746,FRA,AUS,8544
3356178,79,14,1747,2016,0.0,4422.0,-0.86156,-0.969134,FSM,AUS,8544
3356179,81,14,1747,2016,11836651.0,5095485.0,1.6974669999999998,0.9231299999999999,GBR,AUS,8544
3356180,82,14,1747,2016,9633.0,0.0,-0.388359,-0.51175,GEO,AUS,8544
3356181,83,14,1747,2016,0.0,441697.0,-0.945358,-0.805301,GHA,AUS,8544
3356182,85,14,1747,2016,0.0,17842.0,-1.474753,-1.215627,GIN,AUS,8544
3356183,90,14,1747,2016,374574.0,6354.0,0.12153499999999999,1.126101,GRC,AUS,8544
3356184,93,14,1747,2016,0.0,1737.0,-0.414843,0.382162,GTM,AUS,8544
3356185,95,14,1747,2016,1815.0,87220.0,0.659809,-0.066939,GUM,AUS,8544
3356186,96,14,1747,2016,0.0,629.0,-0.4755,-0.778335,GUY,AUS,8544
3356187,97,14,1747,2016,5514718.0,4605013.0,0.8029029999999999,1.477249,HKG,AUS,8544
3356188,99,14,1747,2016,0.0,758.0,-0.673741,-0.403777,HND,AUS,8544
3356189,100,14,1747,2016,30444.0,0.0,0.8695200000000001,1.214791,HRV,AUS,8544
3356190,102,14,1747,2016,888158.0,8289.0,1.445281,0.8422209999999999,HUN,AUS,8544
3356191,103,14,1747,2016,29382264.0,4300180.0,-0.158496,1.492067,IDN,AUS,8544
3356192,104,14,1747,2016,9151283.0,483980.0,0.30976,2.61043,IND,AUS,8544
3356193,106,14,1747,2016,421686.0,42030.0,1.445238,0.07659400000000001,IRL,AUS,8544
3356194,107,14,1747,2016,23624.0,6305.0,-0.407368,-0.23482399999999998,IRN,AUS,8544
3356195,108,14,1747,2016,0.0,58023.0,-2.2400029999999997,-1.017174,IRQ,AUS,8544
3356196,109,14,1747,2016,0.0,38416.0,0.192448,-0.37174,ISL,AUS,8544
3356197,110,14,1747,2016,2008802.0,24309.0,1.352275,0.67584,ISR,AUS,8544
3356198,111,14,1747,2016,9204693.0,91296.0,1.339307,0.8549209999999999,ITA,AUS,8544
3356199,113,14,1747,2016,0.0,2998.0,-0.0115,0.045625,JOR,AUS,8544
3356200,114,14,1747,2016,8395076.0,712169.0,2.574025,-0.34859,JPN,AUS,8544
3356201,115,14,1747,2016,0.0,25364.0,-0.376397,-0.553639,KAZ,AUS,8544
3356202,116,14,1747,2016,0.0,26408.0,-0.535616,0.520101,KEN,AUS,8544
3356203,117,14,1747,2016,0.0,3007.0,0.010529,0.287462,KGZ,AUS,8544
3356204,118,14,1747,2016,0.0,6576.0,-0.8365239999999999,-0.794615,KHM,AUS,8544
3356205,119,14,1747,2016,0.0,6441.0,0.23475300000000002,-0.789514,KIR,AUS,8544
3356206,121,14,1747,2016,39597417.0,332219.0,2.086184,0.724318,KOR,AUS,8544
3356207,122,14,1747,2016,1368.0,18883.0,-0.31188,-1.1438620000000002,KWT,AUS,8544
3356208,123,14,1747,2016,0.0,64085.0,-0.9781479999999999,-0.8272860000000001,LAO,AUS,8544
3356209,124,14,1747,2016,0.0,1650.0,0.285829,1.0818139999999998,LBN,AUS,8544
3356210,128,14,1747,2016,209938.0,342136.0,-0.562869,0.49937,LKA,AUS,8544
3356211,130,14,1747,2016,2439629.0,10875.0,0.706929,1.419432,LTU,AUS,8544
3356212,131,14,1747,2016,24313.0,1157.0,1.340054,1.30224,LUX,AUS,8544
3356213,132,14,1747,2016,3352.0,2515.0,0.553592,1.19865,LVA,AUS,8544
3356214,133,14,1747,2016,10137.0,2922.0,0.534935,0.185542,MAC,AUS,8544
3356215,134,14,1747,2016,186346.0,72346.0,-0.772795,-0.206511,MAR,AUS,8544
3356216,136,14,1747,2016,0.0,24161.0,-1.2672709999999998,-0.613909,MDG,AUS,8544
3356217,137,14,1747,2016,2101.0,9578.0,-0.79904,-0.9720840000000001,MDV,AUS,8544
3356218,138,14,1747,2016,15860104.0,184984.0,1.165638,0.6446649999999999,MEX,AUS,8544
3356219,140,14,1747,2016,0.0,889.0,0.026185000000000003,-0.20027999999999999,MKD,AUS,8544
3356220,141,14,1747,2016,0.0,90409.0,-0.584863,-0.74131,MLI,AUS,8544
3356221,142,14,1747,2016,4261.0,1412.0,0.8795950000000001,-0.21689499999999998,MLT,AUS,8544
3356222,143,14,1747,2016,0.0,5420.0,-1.160878,-0.6042609999999999,MMR,AUS,8544
3356223,145,14,1747,2016,0.0,88001.0,-0.811142,-1.013252,MNG,AUS,8544
3356224,148,14,1747,2016,0.0,5863.0,-1.542265,-1.318586,MRT,AUS,8544
3356225,152,14,1747,2016,0.0,844.0,-1.113794,-1.172385,MWI,AUS,8544
3356226,153,14,1747,2016,7709411.0,1869041.0,1.106894,0.7452840000000001,MYS,AUS,8544
3356227,156,14,1747,2016,2053.0,187286.0,-0.9910389999999999,-0.9463940000000001,NCL,AUS,8544
3356228,157,14,1747,2016,4420.0,2715.0,-0.973057,-0.953672,NER,AUS,8544
3356229,158,14,1747,2016,0.0,76508.0,1.0897629999999998,-0.539247,NFK,AUS,8544
3356230,159,14,1747,2016,0.0,6085.0,-1.835357,-1.286597,NGA,AUS,8544
3356231,160,14,1747,2016,12653.0,16762.0,-1.0387389999999999,-0.998977,NIC,AUS,8544
3356232,162,14,1747,2016,2828007.0,1512580.0,1.157361,1.5188540000000001,NLD,AUS,8544
3356233,163,14,1747,2016,3130459.0,96735.0,0.89891,0.297673,NOR,AUS,8544
3356234,164,14,1747,2016,0.0,2572.0,-0.37595500000000004,0.475239,NPL,AUS,8544
3356235,165,14,1747,2016,0.0,287090.0,0.661876,-0.355951,NRU,AUS,8544
3356236,166,14,1747,2016,23970525.0,38715273.0,0.236556,0.252918,NZL,AUS,8544
3356237,167,14,1747,2016,0.0,28151.0,-0.334782,-0.9107190000000001,OMN,AUS,8544
3356238,168,14,1747,2016,19939.0,87224.0,-0.7502800000000001,0.545331,PAK,AUS,8544
3356239,169,14,1747,2016,0.0,228623.0,0.58773,0.654145,PAN,AUS,8544
3356240,173,14,1747,2016,3064.0,225674.0,-0.717529,0.007845999999999999,PER,AUS,8544
3356241,174,14,1747,2016,2524324.0,712579.0,0.619343,0.303981,PHL,AUS,8544
3356242,176,14,1747,2016,6484.0,5627350.0,-1.689987,-1.2762639999999998,PNG,AUS,8544
3356243,177,14,1747,2016,6728600.0,56054.0,1.146113,1.239532,POL,AUS,8544
3356244,179,14,1747,2016,203511.0,1528561.0,0.519621,2.254972,PRT,AUS,8544
3356245,182,14,1747,2016,0.0,15225.0,0.11597400000000001,-0.657672,PYF,AUS,8544
3356246,183,14,1747,2016,0.0,1805.0,-0.36124,-1.106629,QAT,AUS,8544
3356247,185,14,1747,2016,2069067.0,431265.0,1.061259,0.9878870000000001,ROU,AUS,8544
3356248,186,14,1747,2016,74461.0,88632.0,0.252891,0.200423,RUS,AUS,8544
3356249,187,14,1747,2016,0.0,1916.0,-0.5802149999999999,-0.568327,RWA,AUS,8544
3356250,188,14,1747,2016,0.0,105734.0,0.394807,-0.638644,SAU,AUS,8544
3356251,190,14,1747,2016,0.0,36393.0,-1.216141,-1.191648,SDN,AUS,8544
3356252,191,14,1747,2016,0.0,58264.0,-0.7061270000000001,-0.46532399999999996,SEN,AUS,8544
3356253,192,14,1747,2016,6858493.0,4709762.0,2.089995,0.564921,SGP,AUS,8544
3356254,195,14,1747,2016,0.0,221849.0,-0.740271,-0.881382,SLB,AUS,8544
3356255,196,14,1747,2016,1625.0,0.0,-0.184021,-0.5023920000000001,SLE,AUS,8544
3356256,197,14,1747,2016,0.0,14328.0,0.10397999999999999,0.25556599999999996,SLV,AUS,8544
3356257,201,14,1747,2016,16122.0,1148.0,0.501676,1.0447520000000001,SRB,AUS,8544
3356258,206,14,1747,2016,163477.0,7993.0,1.273942,0.763966,SVK,AUS,8544
3356259,207,14,1747,2016,26687.0,3997.0,1.6466720000000001,0.8247680000000001,SVN,AUS,8544
3356260,208,14,1747,2016,2685485.0,165278.0,1.785149,0.767444,SWE,AUS,8544
3356261,211,14,1747,2016,18183.0,941.0,0.441241,-0.580767,SYC,AUS,8544
3356262,214,14,1747,2016,0.0,3940.0,-2.7867189999999997,-1.035452,TCD,AUS,8544
3356263,215,14,1747,2016,0.0,167295.0,-0.751382,-0.7411310000000001,TGO,AUS,8544
3356264,216,14,1747,2016,6964654.0,1596094.0,1.022065,1.428082,THA,AUS,8544
3356265,219,14,1747,2016,7507.0,0.0,-1.27494,-1.259639,TKM,AUS,8544
3356266,220,14,1747,2016,0.0,52010.0,-0.737023,-0.908582,TLS,AUS,8544
3356267,221,14,1747,2016,0.0,10304.0,-0.29545,-0.766385,TON,AUS,8544
3356268,222,14,1747,2016,7510.0,30078.0,-0.191969,-1.028843,TTO,AUS,8544
3356269,223,14,1747,2016,1278556.0,2503.0,0.171791,1.062948,TUN,AUS,8544
3356270,224,14,1747,2016,13305348.0,139433.0,0.45364799999999994,2.478837,TUR,AUS,8544
3356271,226,14,1747,2016,920.0,355374.0,-1.1008799999999999,-0.048319,TZA,AUS,8544
3356272,227,14,1747,2016,0.0,1034.0,-0.37745300000000004,0.525303,UGA,AUS,8544
3356273,228,14,1747,2016,76095.0,3544.0,0.406901,0.637051,UKR,AUS,8544
3356274,230,14,1747,2016,0.0,6529.0,0.098051,-0.45418400000000003,URY,AUS,8544
3356275,231,14,1747,2016,160509145.0,3503932.0,1.685329,0.297536,USA,AUS,8544
3356276,236,14,1747,2016,0.0,7666.0,-0.844669,-1.164315,VEN,AUS,8544
3356277,239,14,1747,2016,14475778.0,349517.0,-0.10217899999999999,1.015568,VNM,AUS,8544
3356278,240,14,1747,2016,0.0,92703.0,-1.187374,-0.9973350000000001,VUT,AUS,8544
3356279,242,14,1747,2016,13748752.0,293911.0,0.576339,-0.221148,WSM,AUS,8544
3356280,246,14,1747,2016,909180.0,320590.0,0.187396,1.46169,ZAF,AUS,8544
3356281,247,14,1747,2016,0.0,7703.0,-0.632437,-0.968817,ZMB,AUS,8544
3356282,248,14,1747,2016,0.0,1736.0,-1.083532,-1.0016610000000001,ZWE,AUS,8544
3356283,249,14,1747,2016,21521742.0,1064464.0,2.002996,1.39485,TWN,AUS,8544
3356284,250,14,1747,2016,12158578.0,7212.0,0.773312,-0.015385,ANS,AUS,8544
3356285,2,16,1747,2016,2605.0,3499.0,-1.313517,-1.262761,AGO,AZE,8544
3356286,7,16,1747,2016,210360.0,11639.0,0.11037999999999999,0.045327,ARE,AZE,8544
3356287,14,16,1747,2016,3446.0,0.0,-0.25955300000000003,0.0011070000000000001,AUS,AZE,8544
3356288,15,16,1747,2016,252211.0,0.0,1.759363,0.127262,AUT,AZE,8544
3356289,18,16,1747,2016,15509.0,0.0,1.3102610000000001,1.214573,BEL,AZE,8544
3356290,28,16,1747,2016,1659317.0,0.0,0.773807,0.827442,BLR,AZE,8544
3356291,39,16,1747,2016,8149.0,0.0,0.6579050000000001,1.12259,CAN,AZE,8544
3356292,41,16,1747,2016,28171.0,0.0,2.3488689999999997,0.806291,CHE,AZE,8544
3356293,43,16,1747,2016,1570266.0,0.0,1.1073620000000002,1.723098,CHN,AZE,8544
3356294,59,16,1747,2016,85232.0,0.0,1.823627,0.552354,CZE,AZE,8544
3356295,61,16,1747,2016,2284381.0,0.0,2.203093,-2.24919,DEU,AZE,8544
3356296,64,16,1747,2016,17136.0,0.0,1.117864,1.302658,DNK,AZE,8544
3356297,66,16,1747,2016,0.0,230.0,-1.0202930000000001,-1.236642,DZA,AZE,8544
3356298,67,16,1747,2016,44401.0,0.0,-1.0860049999999999,-1.049065,ECU,AZE,8544
3356299,71,16,1747,2016,123060.0,36055.0,0.765428,2.57725,ESP,AZE,8544
3356300,72,16,1747,2016,4358.0,0.0,1.000418,1.154152,EST,AZE,8544
3356301,74,16,1747,2016,39554.0,0.0,1.581968,1.006432,FIN,AZE,8544
3356302,77,16,1747,2016,194865.0,2840.0,1.476437,0.911746,FRA,AZE,8544
3356303,81,16,1747,2016,3818852.0,0.0,1.6974669999999998,0.9231299999999999,GBR,AZE,8544
3356304,82,16,1747,2016,170323.0,982235.0,-0.388359,-0.51175,GEO,AZE,8544
3356305,90,16,1747,2016,86787.0,0.0,0.12153499999999999,1.126101,GRC,AZE,8544
3356306,97,16,1747,2016,49505.0,0.0,0.8029029999999999,1.477249,HKG,AZE,8544
3356307,102,16,1747,2016,12576.0,0.0,1.445281,0.8422209999999999,HUN,AZE,8544
3356308,104,16,1747,2016,84468.0,0.0,0.30976,2.61043,IND,AZE,8544
3356309,106,16,1747,2016,725.0,0.0,1.445238,0.07659400000000001,IRL,AZE,8544
3356310,107,16,1747,2016,17151.0,724.0,-0.407368,-0.23482399999999998,IRN,AZE,8544
3356311,110,16,1747,2016,191948.0,0.0,1.352275,0.67584,ISR,AZE,8544
3356312,111,16,1747,2016,2904914.0,2059.0,1.339307,0.8549209999999999,ITA,AZE,8544
3356313,114,16,1747,2016,14299.0,0.0,2.574025,-0.34859,JPN,AZE,8544
3356314,115,16,1747,2016,0.0,113926.0,-0.376397,-0.553639,KAZ,AZE,8544
3356315,117,16,1747,2016,0.0,24598.0,0.010529,0.287462,KGZ,AZE,8544
3356316,121,16,1747,2016,3573330.0,0.0,2.086184,0.724318,KOR,AZE,8544
3356317,130,16,1747,2016,104601.0,0.0,0.706929,1.419432,LTU,AZE,8544
3356318,131,16,1747,2016,6357.0,0.0,1.340054,1.30224,LUX,AZE,8544
3356319,132,16,1747,2016,16805.0,0.0,0.553592,1.19865,LVA,AZE,8544
3356320,135,16,1747,2016,57667.0,0.0,-0.340932,-0.2839,MDA,AZE,8544
3356321,138,16,1747,2016,289339.0,0.0,1.165638,0.6446649999999999,MEX,AZE,8544
3356322,153,16,1747,2016,19140.0,0.0,1.106894,0.7452840000000001,MYS,AZE,8544
3356323,162,16,1747,2016,242787.0,674.0,1.157361,1.5188540000000001,NLD,AZE,8544
3356324,163,16,1747,2016,49658519.0,0.0,0.89891,0.297673,NOR,AZE,8544
3356325,166,16,1747,2016,59483.0,0.0,0.236556,0.252918,NZL,AZE,8544
3356326,174,16,1747,2016,403.0,0.0,0.619343,0.303981,PHL,AZE,8544
3356327,177,16,1747,2016,520701.0,0.0,1.146113,1.239532,POL,AZE,8544
3356328,185,16,1747,2016,359897.0,0.0,1.061259,0.9878870000000001,ROU,AZE,8544
3356329,186,16,1747,2016,2225539.0,558821.0,0.252891,0.200423,RUS,AZE,8544
3356330,188,16,1747,2016,0.0,273.0,0.394807,-0.638644,SAU,AZE,8544
3356331,192,16,1747,2016,92149.0,0.0,2.089995,0.564921,SGP,AZE,8544
3356332,206,16,1747,2016,36014.0,0.0,1.273942,0.763966,SVK,AZE,8544
3356333,207,16,1747,2016,4235.0,0.0,1.6466720000000001,0.8247680000000001,SVN,AZE,8544
3356334,208,16,1747,2016,60592.0,0.0,1.785149,0.767444,SWE,AZE,8544
3356335,216,16,1747,2016,3129.0,5109.0,1.022065,1.428082,THA,AZE,8544
3356336,217,16,1747,2016,0.0,42073.0,-1.0791549999999999,-1.137941,TJK,AZE,8544
3356337,219,16,1747,2016,0.0,1234.0,-1.27494,-1.259639,TKM,AZE,8544
3356338,223,16,1747,2016,16032.0,0.0,0.171791,1.062948,TUN,AZE,8544
3356339,224,16,1747,2016,17256893.0,22090.0,0.45364799999999994,2.478837,TUR,AZE,8544
3356340,228,16,1747,2016,1841427.0,18524.0,0.406901,0.637051,UKR,AZE,8544
3356341,231,16,1747,2016,1586805.0,7779.0,1.685329,0.297536,USA,AZE,8544
3356342,232,16,1747,2016,54112.0,0.0,-0.703465,-0.493036,UZB,AZE,8544
3356343,239,16,1747,2016,591.0,0.0,-0.10217899999999999,1.015568,VNM,AZE,8544
3356344,249,16,1747,2016,16779.0,0.0,2.002996,1.39485,TWN,AZE,8544
3356345,7,22,1747,2016,144608.0,14518.0,0.11037999999999999,0.045327,ARE,BGD,8544
3356346,8,22,1747,2016,1050.0,0.0,-0.132495,0.16353199999999998,ARG,BGD,8544
3356347,14,22,1747,2016,22677.0,0.0,-0.25955300000000003,0.0011070000000000001,AUS,BGD,8544
3356348,15,22,1747,2016,40752.0,0.0,1.759363,0.127262,AUT,BGD,8544
3356349,18,22,1747,2016,29093.0,0.0,1.3102610000000001,1.214573,BEL,BGD,8544
3356350,39,22,1747,2016,19917.0,0.0,0.6579050000000001,1.12259,CAN,BGD,8544
3356351,41,22,1747,2016,80889.0,0.0,2.3488689999999997,0.806291,CHE,BGD,8544
3356352,43,22,1747,2016,130912041.0,130436.0,1.1073620000000002,1.723098,CHN,BGD,8544
3356353,46,22,1747,2016,199081.0,0.0,-1.136472,-1.109177,COD,BGD,8544
3356354,59,22,1747,2016,224717.0,0.0,1.823627,0.552354,CZE,BGD,8544
3356355,61,22,1747,2016,661572.0,2678.0,2.203093,-2.24919,DEU,BGD,8544
3356356,64,22,1747,2016,24306.0,0.0,1.117864,1.302658,DNK,BGD,8544
3356357,71,22,1747,2016,489816.0,0.0,0.765428,2.57725,ESP,BGD,8544
3356358,74,22,1747,2016,3178.0,0.0,1.581968,1.006432,FIN,BGD,8544
3356359,77,22,1747,2016,624621.0,1036.0,1.476437,0.911746,FRA,BGD,8544
3356360,81,22,1747,2016,465097.0,0.0,1.6974669999999998,0.9231299999999999,GBR,BGD,8544
3356361,97,22,1747,2016,458943.0,66717.0,0.8029029999999999,1.477249,HKG,BGD,8544
3356362,102,22,1747,2016,11812.0,0.0,1.445281,0.8422209999999999,HUN,BGD,8544
3356363,104,22,1747,2016,44772630.0,5288.0,0.30976,2.61043,IND,BGD,8544
3356364,106,22,1747,2016,0.0,1467.0,1.445238,0.07659400000000001,IRL,BGD,8544
3356365,111,22,1747,2016,355557.0,0.0,1.339307,0.8549209999999999,ITA,BGD,8544
3356366,114,22,1747,2016,1368309.0,0.0,2.574025,-0.34859,JPN,BGD,8544
3356367,121,22,1747,2016,7670545.0,0.0,2.086184,0.724318,KOR,BGD,8544
3356368,128,22,1747,2016,757660.0,0.0,-0.562869,0.49937,LKA,BGD,8544
3356369,153,22,1747,2016,107919.0,0.0,1.106894,0.7452840000000001,MYS,BGD,8544
3356370,162,22,1747,2016,336886.0,0.0,1.157361,1.5188540000000001,NLD,BGD,8544
3356371,163,22,1747,2016,7086.0,1711.0,0.89891,0.297673,NOR,BGD,8544
3356372,177,22,1747,2016,4559.0,0.0,1.146113,1.239532,POL,BGD,8544
3356373,186,22,1747,2016,33311.0,0.0,0.252891,0.200423,RUS,BGD,8544
3356374,192,22,1747,2016,2783464.0,0.0,2.089995,0.564921,SGP,BGD,8544
3356375,208,22,1747,2016,511893.0,0.0,1.785149,0.767444,SWE,BGD,8544
3356376,216,22,1747,2016,1024019.0,231826.0,1.022065,1.428082,THA,BGD,8544
3356377,224,22,1747,2016,139167.0,0.0,0.45364799999999994,2.478837,TUR,BGD,8544
3356378,227,22,1747,2016,0.0,14507.0,-0.37745300000000004,0.525303,UGA,BGD,8544
3356379,228,22,1747,2016,2115.0,0.0,0.406901,0.637051,UKR,BGD,8544
3356380,231,22,1747,2016,305236.0,0.0,1.685329,0.297536,USA,BGD,8544
3356381,239,22,1747,2016,3931871.0,0.0,-0.10217899999999999,1.015568,VNM,BGD,8544
3356382,249,22,1747,2016,1876125.0,0.0,2.002996,1.39485,TWN,BGD,8544
3356383,7,24,1747,2016,19264860.0,822400.0,0.11037999999999999,0.045327,ARE,BHR,8544
3356384,14,24,1747,2016,4471.0,0.0,-0.25955300000000003,0.0011070000000000001,AUS,BHR,8544
3356385,15,24,1747,2016,60027.0,0.0,1.759363,0.127262,AUT,BHR,8544
3356386,18,24,1747,2016,1137049.0,0.0,1.3102610000000001,1.214573,BEL,BHR,8544
3356387,23,24,1747,2016,7627.0,0.0,0.51707,1.7329130000000001,BGR,BHR,8544
3356388,26,24,1747,2016,0.0,1297.0,0.47827700000000006,0.5643100000000001,BIH,BHR,8544
3356389,32,24,1747,2016,2074.0,0.0,0.245919,0.661809,BRA,BHR,8544
3356390,39,24,1747,2016,11342.0,4780075.0,0.6579050000000001,1.12259,CAN,BHR,8544
3356391,41,24,1747,2016,464761.0,0.0,2.3488689999999997,0.806291,CHE,BHR,8544
3356392,43,24,1747,2016,7884794.0,0.0,1.1073620000000002,1.723098,CHN,BHR,8544
3356393,49,24,1747,2016,3351.0,0.0,0.10205700000000001,-0.155574,COL,BHR,8544
3356394,52,24,1747,2016,2014.0,0.0,0.204591,-0.18279600000000001,CRI,BHR,8544
3356395,59,24,1747,2016,84770.0,2449.0,1.823627,0.552354,CZE,BHR,8544
3356396,61,24,1747,2016,801792.0,11207.0,2.203093,-2.24919,DEU,BHR,8544
3356397,64,24,1747,2016,66972.0,0.0,1.117864,1.302658,DNK,BHR,8544
3356398,66,24,1747,2016,0.0,31625.0,-1.0202930000000001,-1.236642,DZA,BHR,8544
3356399,68,24,1747,2016,394102.0,0.0,-0.142377,1.674348,EGY,BHR,8544
3356400,71,24,1747,2016,549932.0,0.0,0.765428,2.57725,ESP,BHR,8544
3356401,72,24,1747,2016,11275.0,0.0,1.000418,1.154152,EST,BHR,8544
3356402,73,24,1747,2016,1028.0,126289.0,-1.006161,-0.756472,ETH,BHR,8544
3356403,74,24,1747,2016,20749.0,0.0,1.581968,1.006432,FIN,BHR,8544
3356404,77,24,1747,2016,205320.0,0.0,1.476437,0.911746,FRA,BHR,8544
3356405,81,24,1747,2016,1380590.0,64971.0,1.6974669999999998,0.9231299999999999,GBR,BHR,8544
3356406,90,24,1747,2016,58169.0,0.0,0.12153499999999999,1.126101,GRC,BHR,8544
3356407,97,24,1747,2016,37305.0,13845.0,0.8029029999999999,1.477249,HKG,BHR,8544
3356408,102,24,1747,2016,100801.0,0.0,1.445281,0.8422209999999999,HUN,BHR,8544
3356409,103,24,1747,2016,11205.0,0.0,-0.158496,1.492067,IDN,BHR,8544
3356410,104,24,1747,2016,1312441.0,4338.0,0.30976,2.61043,IND,BHR,8544
3356411,106,24,1747,2016,25191.0,0.0,1.445238,0.07659400000000001,IRL,BHR,8544
3356412,111,24,1747,2016,933996.0,0.0,1.339307,0.8549209999999999,ITA,BHR,8544
3356413,113,24,1747,2016,38836.0,0.0,-0.0115,0.045625,JOR,BHR,8544
3356414,114,24,1747,2016,6045893.0,0.0,2.574025,-0.34859,JPN,BHR,8544
3356415,121,24,1747,2016,10892045.0,20162.0,2.086184,0.724318,KOR,BHR,8544
3356416,122,24,1747,2016,5767870.0,60253.0,-0.31188,-1.1438620000000002,KWT,BHR,8544
3356417,128,24,1747,2016,28438.0,0.0,-0.562869,0.49937,LKA,BHR,8544
3356418,131,24,1747,2016,6469.0,0.0,1.340054,1.30224,LUX,BHR,8544
3356419,132,24,1747,2016,1571.0,0.0,0.553592,1.19865,LVA,BHR,8544
3356420,133,24,1747,2016,1134.0,0.0,0.534935,0.185542,MAC,BHR,8544
3356421,134,24,1747,2016,5652.0,0.0,-0.772795,-0.206511,MAR,BHR,8544
3356422,138,24,1747,2016,93613.0,0.0,1.165638,0.6446649999999999,MEX,BHR,8544
3356423,153,24,1747,2016,131831.0,0.0,1.106894,0.7452840000000001,MYS,BHR,8544
3356424,160,24,1747,2016,1230.0,0.0,-1.0387389999999999,-0.998977,NIC,BHR,8544
3356425,162,24,1747,2016,152729.0,6304.0,1.157361,1.5188540000000001,NLD,BHR,8544
3356426,163,24,1747,2016,6334.0,1024.0,0.89891,0.297673,NOR,BHR,8544
3356427,167,24,1747,2016,3017258.0,91783.0,-0.334782,-0.9107190000000001,OMN,BHR,8544
3356428,168,24,1747,2016,0.0,58108.0,-0.7502800000000001,0.545331,PAK,BHR,8544
3356429,174,24,1747,2016,22050.0,886.0,0.619343,0.303981,PHL,BHR,8544
3356430,177,24,1747,2016,103878.0,0.0,1.146113,1.239532,POL,BHR,8544
3356431,179,24,1747,2016,7004.0,0.0,0.519621,2.254972,PRT,BHR,8544
3356432,183,24,1747,2016,1103755.0,560548.0,-0.36124,-1.106629,QAT,BHR,8544
3356433,185,24,1747,2016,32790.0,0.0,1.061259,0.9878870000000001,ROU,BHR,8544
3356434,186,24,1747,2016,2755.0,0.0,0.252891,0.200423,RUS,BHR,8544
3356435,188,24,1747,2016,14320235.0,3412145.0,0.394807,-0.638644,SAU,BHR,8544
3356436,191,24,1747,2016,0.0,42611.0,-0.7061270000000001,-0.46532399999999996,SEN,BHR,8544
3356437,192,24,1747,2016,28683.0,5310.0,2.089995,0.564921,SGP,BHR,8544
3356438,196,24,1747,2016,1387.0,0.0,-0.184021,-0.5023920000000001,SLE,BHR,8544
3356439,206,24,1747,2016,9647.0,0.0,1.273942,0.763966,SVK,BHR,8544
3356440,208,24,1747,2016,381173.0,14734.0,1.785149,0.767444,SWE,BHR,8544
3356441,216,24,1747,2016,37954.0,0.0,1.022065,1.428082,THA,BHR,8544
3356442,223,24,1747,2016,178034.0,0.0,0.171791,1.062948,TUN,BHR,8544
3356443,224,24,1747,2016,1236607.0,0.0,0.45364799999999994,2.478837,TUR,BHR,8544
3356444,231,24,1747,2016,1184398.0,21929.0,1.685329,0.297536,USA,BHR,8544
3356445,239,24,1747,2016,20782.0,0.0,-0.10217899999999999,1.015568,VNM,BHR,8544
3356446,246,24,1747,2016,0.0,2204.0,0.187396,1.46169,ZAF,BHR,8544
3356447,249,24,1747,2016,779034.0,0.0,2.002996,1.39485,TWN,BHR,8544
3356448,250,24,1747,2016,39865.0,0.0,0.773312,-0.015385,ANS,BHR,8544
3356449,2,28,1747,2016,0.0,568422.0,-1.313517,-1.262761,AGO,BLR,8544
3356450,9,28,1747,2016,2219.0,804929.0,-0.044982999999999995,-0.518007,ARM,BLR,8544
3356451,14,28,1747,2016,1873.0,0.0,-0.25955300000000003,0.0011070000000000001,AUS,BLR,8544
3356452,15,28,1747,2016,427887.0,247393.0,1.759363,0.127262,AUT,BLR,8544
3356453,16,28,1747,2016,0.0,1659317.0,-0.909744,-1.180449,AZE,BLR,8544
3356454,18,28,1747,2016,774460.0,918.0,1.3102610000000001,1.214573,BEL,BLR,8544
3356455,23,28,1747,2016,85834.0,777350.0,0.51707,1.7329130000000001,BGR,BLR,8544
3356456,26,28,1747,2016,0.0,13343.0,0.47827700000000006,0.5643100000000001,BIH,BLR,8544
3356457,32,28,1747,2016,197.0,0.0,0.245919,0.661809,BRA,BLR,8544
3356458,39,28,1747,2016,2034.0,0.0,0.6579050000000001,1.12259,CAN,BLR,8544
3356459,41,28,1747,2016,931605.0,0.0,2.3488689999999997,0.806291,CHE,BLR,8544
3356460,43,28,1747,2016,13218839.0,2402.0,1.1073620000000002,1.723098,CHN,BLR,8544
3356461,49,28,1747,2016,0.0,8132.0,0.10205700000000001,-0.155574,COL,BLR,8544
3356462,54,28,1747,2016,0.0,43333.0,-0.602309,-1.0781120000000002,CUB,BLR,8544
3356463,59,28,1747,2016,1024111.0,4842549.0,1.823627,0.552354,CZE,BLR,8544
3356464,61,28,1747,2016,5368377.0,6062223.0,2.203093,-2.24919,DEU,BLR,8544
3356465,64,28,1747,2016,40017.0,0.0,1.117864,1.302658,DNK,BLR,8544
3356466,68,28,1747,2016,0.0,529.0,-0.142377,1.674348,EGY,BLR,8544
3356467,71,28,1747,2016,221068.0,232085.0,0.765428,2.57725,ESP,BLR,8544
3356468,72,28,1747,2016,118113.0,2121450.0,1.000418,1.154152,EST,BLR,8544
3356469,74,28,1747,2016,5171.0,841420.0,1.581968,1.006432,FIN,BLR,8544
3356470,77,28,1747,2016,320796.0,0.0,1.476437,0.911746,FRA,BLR,8544
3356471,81,28,1747,2016,73088.0,106852.0,1.6974669999999998,0.9231299999999999,GBR,BLR,8544
3356472,82,28,1747,2016,0.0,153262.0,-0.388359,-0.51175,GEO,BLR,8544
3356473,85,28,1747,2016,0.0,6799.0,-1.474753,-1.215627,GIN,BLR,8544
3356474,97,28,1747,2016,59485.0,0.0,0.8029029999999999,1.477249,HKG,BLR,8544
3356475,100,28,1747,2016,1143484.0,2795.0,0.8695200000000001,1.214791,HRV,BLR,8544
3356476,102,28,1747,2016,41592.0,14025.0,1.445281,0.8422209999999999,HUN,BLR,8544
3356477,104,28,1747,2016,36045.0,1229.0,0.30976,2.61043,IND,BLR,8544
3356478,106,28,1747,2016,350.0,0.0,1.445238,0.07659400000000001,IRL,BLR,8544
3356479,107,28,1747,2016,2331.0,2972.0,-0.407368,-0.23482399999999998,IRN,BLR,8544
3356480,110,28,1747,2016,131752.0,0.0,1.352275,0.67584,ISR,BLR,8544
3356481,111,28,1747,2016,106258.0,188144.0,1.339307,0.8549209999999999,ITA,BLR,8544
3356482,114,28,1747,2016,3857.0,8432.0,2.574025,-0.34859,JPN,BLR,8544
3356483,115,28,1747,2016,3679.0,1852170.0,-0.376397,-0.553639,KAZ,BLR,8544
3356484,117,28,1747,2016,0.0,345136.0,0.010529,0.287462,KGZ,BLR,8544
3356485,121,28,1747,2016,9367.0,7396.0,2.086184,0.724318,KOR,BLR,8544
3356486,130,28,1747,2016,2403523.0,6008141.0,0.706929,1.419432,LTU,BLR,8544
3356487,131,28,1747,2016,13357.0,0.0,1.340054,1.30224,LUX,BLR,8544
3356488,132,28,1747,2016,66090.0,4552260.0,0.553592,1.19865,LVA,BLR,8544
3356489,134,28,1747,2016,267.0,0.0,-0.772795,-0.206511,MAR,BLR,8544
3356490,135,28,1747,2016,56871.0,81938.0,-0.340932,-0.2839,MDA,BLR,8544
3356491,136,28,1747,2016,0.0,1410.0,-1.2672709999999998,-0.613909,MDG,BLR,8544
3356492,138,28,1747,2016,44011.0,0.0,1.165638,0.6446649999999999,MEX,BLR,8544
3356493,143,28,1747,2016,0.0,4403.0,-1.160878,-0.6042609999999999,MMR,BLR,8544
3356494,145,28,1747,2016,0.0,35710.0,-0.811142,-1.013252,MNG,BLR,8544
3356495,153,28,1747,2016,5244.0,0.0,1.106894,0.7452840000000001,MYS,BLR,8544
3356496,162,28,1747,2016,240083.0,140730.0,1.157361,1.5188540000000001,NLD,BLR,8544
3356497,163,28,1747,2016,1279.0,966.0,0.89891,0.297673,NOR,BLR,8544
3356498,174,28,1747,2016,648.0,0.0,0.619343,0.303981,PHL,BLR,8544
3356499,177,28,1747,2016,9641993.0,2394136.0,1.146113,1.239532,POL,BLR,8544
3356500,179,28,1747,2016,19375.0,0.0,0.519621,2.254972,PRT,BLR,8544
3356501,185,28,1747,2016,38229.0,16589.0,1.061259,0.9878870000000001,ROU,BLR,8544
3356502,186,28,1747,2016,56269602.0,96260804.0,0.252891,0.200423,RUS,BLR,8544
3356503,190,28,1747,2016,0.0,1875.0,-1.216141,-1.191648,SDN,BLR,8544
3356504,192,28,1747,2016,2117.0,0.0,2.089995,0.564921,SGP,BLR,8544
3356505,201,28,1747,2016,0.0,296635.0,0.501676,1.0447520000000001,SRB,BLR,8544
3356506,206,28,1747,2016,88288.0,232648.0,1.273942,0.763966,SVK,BLR,8544
3356507,207,28,1747,2016,28972.0,0.0,1.6466720000000001,0.8247680000000001,SVN,BLR,8544
3356508,208,28,1747,2016,12136.0,1098.0,1.785149,0.767444,SWE,BLR,8544
3356509,216,28,1747,2016,684.0,0.0,1.022065,1.428082,THA,BLR,8544
3356510,219,28,1747,2016,2130.0,5078545.0,-1.27494,-1.259639,TKM,BLR,8544
3356511,223,28,1747,2016,18065.0,0.0,0.171791,1.062948,TUN,BLR,8544
3356512,224,28,1747,2016,1119996.0,44454.0,0.45364799999999994,2.478837,TUR,BLR,8544
3356513,228,28,1747,2016,1524244.0,3318175.0,0.406901,0.637051,UKR,BLR,8544
3356514,231,28,1747,2016,167694.0,5987.0,1.685329,0.297536,USA,BLR,8544
3356515,232,28,1747,2016,0.0,275586.0,-0.703465,-0.493036,UZB,BLR,8544
3356516,239,28,1747,2016,3654.0,4470.0,-0.10217899999999999,1.015568,VNM,BLR,8544
3356517,246,28,1747,2016,0.0,13933.0,0.187396,1.46169,ZAF,BLR,8544
3356518,249,28,1747,2016,33460.0,0.0,2.002996,1.39485,TWN,BLR,8544
3356519,250,28,1747,2016,2177.0,2700.0,0.773312,-0.015385,ANS,BLR,8544
3356520,7,38,1747,2016,14306.0,0.0,0.11037999999999999,0.045327,ARE,CAF,8544
3356521,14,38,1747,2016,433377.0,0.0,-0.25955300000000003,0.0011070000000000001,AUS,CAF,8544
3356522,18,38,1747,2016,44748.0,0.0,1.3102610000000001,1.214573,BEL,CAF,8544
3356523,32,38,1747,2016,0.0,2359.0,0.245919,0.661809,BRA,CAF,8544
3356524,41,38,1747,2016,10550.0,0.0,2.3488689999999997,0.806291,CHE,CAF,8544
3356525,43,38,1747,2016,17145.0,0.0,1.1073620000000002,1.723098,CHN,CAF,8544
3356526,45,38,1747,2016,76516.0,0.0,-1.086484,-1.0725559999999998,CMR,CAF,8544
3356527,46,38,1747,2016,42971.0,0.0,-1.136472,-1.109177,COD,CAF,8544
3356528,61,38,1747,2016,30448.0,0.0,2.203093,-2.24919,DEU,CAF,8544
3356529,71,38,1747,2016,1755.0,0.0,0.765428,2.57725,ESP,CAF,8544
3356530,77,38,1747,2016,70611.0,0.0,1.476437,0.911746,FRA,CAF,8544
3356531,81,38,1747,2016,8709.0,0.0,1.6974669999999998,0.9231299999999999,GBR,CAF,8544
3356532,97,38,1747,2016,19631.0,0.0,0.8029029999999999,1.477249,HKG,CAF,8544
3356533,106,38,1747,2016,0.0,14124.0,1.445238,0.07659400000000001,IRL,CAF,8544
3356534,110,38,1747,2016,4851.0,0.0,1.352275,0.67584,ISR,CAF,8544
3356535,111,38,1747,2016,13722.0,0.0,1.339307,0.8549209999999999,ITA,CAF,8544
3356536,124,38,1747,2016,6966.0,0.0,0.285829,1.0818139999999998,LBN,CAF,8544
3356537,134,38,1747,2016,73156.0,0.0,-0.772795,-0.206511,MAR,CAF,8544
3356538,163,38,1747,2016,590.0,0.0,0.89891,0.297673,NOR,CAF,8544
3356539,186,38,1747,2016,7893.0,0.0,0.252891,0.200423,RUS,CAF,8544
3356540,208,38,1747,2016,126764.0,0.0,1.785149,0.767444,SWE,CAF,8544
3356541,213,38,1747,2016,4441.0,0.0,0.603232,-0.32155900000000004,TCA,CAF,8544
3356542,223,38,1747,2016,27060.0,0.0,0.171791,1.062948,TUN,CAF,8544
3356543,231,38,1747,2016,123014.0,0.0,1.685329,0.297536,USA,CAF,8544
3356544,246,38,1747,2016,5687.0,0.0,0.187396,1.46169,ZAF,CAF,8544
3356545,2,58,1747,2016,45262.0,0.0,-1.313517,-1.262761,AGO,CYP,8544
3356546,4,58,1747,2016,0.0,7617.0,-0.534645,-0.09027,ALB,CYP,8544
3356547,7,58,1747,2016,8413.0,599.0,0.11037999999999999,0.045327,ARE,CYP,8544
3356548,14,58,1747,2016,0.0,8476.0,-0.25955300000000003,0.0011070000000000001,AUS,CYP,8544
3356549,15,58,1747,2016,33757.0,1243.0,1.759363,0.127262,AUT,CYP,8544
3356550,18,58,1747,2016,464248.0,628122.0,1.3102610000000001,1.214573,BEL,CYP,8544
3356551,23,58,1747,2016,1484613.0,0.0,0.51707,1.7329130000000001,BGR,CYP,8544
3356552,32,58,1747,2016,0.0,1738.0,0.245919,0.661809,BRA,CYP,8544
3356553,39,58,1747,2016,2922.0,1839.0,0.6579050000000001,1.12259,CAN,CYP,8544
3356554,41,58,1747,2016,26782.0,626.0,2.3488689999999997,0.806291,CHE,CYP,8544
3356555,43,58,1747,2016,1355237.0,2516.0,1.1073620000000002,1.723098,CHN,CYP,8544
3356556,59,58,1747,2016,245211.0,3284.0,1.823627,0.552354,CZE,CYP,8544
3356557,61,58,1747,2016,1051967.0,0.0,2.203093,-2.24919,DEU,CYP,8544
3356558,64,58,1747,2016,66812.0,2152.0,1.117864,1.302658,DNK,CYP,8544
3356559,68,58,1747,2016,600004.0,1116.0,-0.142377,1.674348,EGY,CYP,8544
3356560,71,58,1747,2016,1795747.0,797.0,0.765428,2.57725,ESP,CYP,8544
3356561,72,58,1747,2016,0.0,6562.0,1.000418,1.154152,EST,CYP,8544
3356562,74,58,1747,2016,3951.0,0.0,1.581968,1.006432,FIN,CYP,8544
3356563,77,58,1747,2016,379757.0,0.0,1.476437,0.911746,FRA,CYP,8544
3356564,81,58,1747,2016,6393875.0,802954.0,1.6974669999999998,0.9231299999999999,GBR,CYP,8544
3356565,82,58,1747,2016,0.0,1718.0,-0.388359,-0.51175,GEO,CYP,8544
3356566,83,58,1747,2016,0.0,3364.0,-0.945358,-0.805301,GHA,CYP,8544
3356567,90,58,1747,2016,7042609.0,207036.0,0.12153499999999999,1.126101,GRC,CYP,8544
3356568,97,58,1747,2016,124195.0,5241.0,0.8029029999999999,1.477249,HKG,CYP,8544
3356569,100,58,1747,2016,0.0,5640.0,0.8695200000000001,1.214791,HRV,CYP,8544
3356570,102,58,1747,2016,24464.0,29321.0,1.445281,0.8422209999999999,HUN,CYP,8544
3356571,104,58,1747,2016,366359.0,0.0,0.30976,2.61043,IND,CYP,8544
3356572,106,58,1747,2016,10665.0,0.0,1.445238,0.07659400000000001,IRL,CYP,8544
3356573,110,58,1747,2016,229602.0,32049.0,1.352275,0.67584,ISR,CYP,8544
3356574,111,58,1747,2016,1051726.0,2132.0,1.339307,0.8549209999999999,ITA,CYP,8544
3356575,114,58,1747,2016,19497.0,2181.0,2.574025,-0.34859,JPN,CYP,8544
3356576,121,58,1747,2016,177045.0,0.0,2.086184,0.724318,KOR,CYP,8544
3356577,126,58,1747,2016,0.0,10923.0,-1.021925,-1.2316790000000002,LBY,CYP,8544
3356578,130,58,1747,2016,646824.0,25142.0,0.706929,1.419432,LTU,CYP,8544
3356579,132,58,1747,2016,8348.0,754.0,0.553592,1.19865,LVA,CYP,8544
3356580,134,58,1747,2016,0.0,859.0,-0.772795,-0.206511,MAR,CYP,8544
3356581,137,58,1747,2016,0.0,1606.0,-0.79904,-0.9720840000000001,MDV,CYP,8544
3356582,138,58,1747,2016,5431.0,1055.0,1.165638,0.6446649999999999,MEX,CYP,8544
3356583,142,58,1747,2016,78925.0,1189.0,0.8795950000000001,-0.21689499999999998,MLT,CYP,8544
3356584,153,58,1747,2016,6671.0,0.0,1.106894,0.7452840000000001,MYS,CYP,8544
3356585,159,58,1747,2016,0.0,6481.0,-1.835357,-1.286597,NGA,CYP,8544
3356586,162,58,1747,2016,349047.0,19330.0,1.157361,1.5188540000000001,NLD,CYP,8544
3356587,163,58,1747,2016,5853.0,0.0,0.89891,0.297673,NOR,CYP,8544
3356588,166,58,1747,2016,1407.0,0.0,0.236556,0.252918,NZL,CYP,8544
3356589,177,58,1747,2016,2363632.0,0.0,1.146113,1.239532,POL,CYP,8544
3356590,179,58,1747,2016,322963.0,0.0,0.519621,2.254972,PRT,CYP,8544
3356591,185,58,1747,2016,314828.0,23128.0,1.061259,0.9878870000000001,ROU,CYP,8544
3356592,186,58,1747,2016,647703.0,1242.0,0.252891,0.200423,RUS,CYP,8544
3356593,188,58,1747,2016,0.0,1374.0,0.394807,-0.638644,SAU,CYP,8544
3356594,190,58,1747,2016,0.0,656.0,-1.216141,-1.191648,SDN,CYP,8544
3356595,192,58,1747,2016,0.0,3965.0,2.089995,0.564921,SGP,CYP,8544
3356596,201,58,1747,2016,41000.0,0.0,0.501676,1.0447520000000001,SRB,CYP,8544
3356597,206,58,1747,2016,34933.0,5159.0,1.273942,0.763966,SVK,CYP,8544
3356598,207,58,1747,2016,16176.0,7048.0,1.6466720000000001,0.8247680000000001,SVN,CYP,8544
3356599,208,58,1747,2016,120294.0,0.0,1.785149,0.767444,SWE,CYP,8544
3356600,216,58,1747,2016,0.0,1668.0,1.022065,1.428082,THA,CYP,8544
3356601,224,58,1747,2016,8638289.0,5889.0,0.45364799999999994,2.478837,TUR,CYP,8544
3356602,227,58,1747,2016,0.0,870.0,-0.37745300000000004,0.525303,UGA,CYP,8544
3356603,228,58,1747,2016,61228.0,0.0,0.406901,0.637051,UKR,CYP,8544
3356604,231,58,1747,2016,336996.0,32836.0,1.685329,0.297536,USA,CYP,8544
3356605,239,58,1747,2016,1130.0,0.0,-0.10217899999999999,1.015568,VNM,CYP,8544
3356606,246,58,1747,2016,1398.0,8734.0,0.187396,1.46169,ZAF,CYP,8544
3356607,247,58,1747,2016,0.0,1057.0,-0.632437,-0.968817,ZMB,CYP,8544
3356608,248,58,1747,2016,0.0,1377.0,-1.083532,-1.0016610000000001,ZWE,CYP,8544
3356609,249,58,1747,2016,12741.0,0.0,2.002996,1.39485,TWN,CYP,8544
3356610,250,58,1747,2016,6882.0,16588.0,0.773312,-0.015385,ANS,CYP,8544
3356611,2,59,1747,2016,0.0,947899.0,-1.313517,-1.262761,AGO,CZE,8544
3356612,4,59,1747,2016,3981103.0,1808462.0,-0.534645,-0.09027,ALB,CZE,8544
3356613,7,59,1747,2016,402362.0,3677821.0,0.11037999999999999,0.045327,ARE,CZE,8544
3356614,8,59,1747,2016,0.0,731534.0,-0.132495,0.16353199999999998,ARG,CZE,8544
3356615,9,59,1747,2016,0.0,63335.0,-0.044982999999999995,-0.518007,ARM,CZE,8544
3356616,14,59,1747,2016,8792.0,676301.0,-0.25955300000000003,0.0011070000000000001,AUS,CZE,8544
3356617,15,59,1747,2016,110826014.0,175422384.0,1.759363,0.127262,AUT,CZE,8544
3356618,16,59,1747,2016,0.0,85232.0,-0.909744,-1.180449,AZE,CZE,8544
3356619,18,59,1747,2016,9767428.0,11093794.0,1.3102610000000001,1.214573,BEL,CZE,8544
3356620,19,59,1747,2016,0.0,45139.0,-0.971123,-0.801574,BEN,CZE,8544
3356621,21,59,1747,2016,0.0,4192.0,-1.0885790000000002,-1.027005,BFA,CZE,8544
3356622,22,59,1747,2016,0.0,224717.0,-1.107523,-1.065009,BGD,CZE,8544
3356623,23,59,1747,2016,15783030.0,10710736.0,0.51707,1.7329130000000001,BGR,CZE,8544
3356624,24,59,1747,2016,2449.0,84770.0,0.323348,-0.514446,BHR,CZE,8544
3356625,26,59,1747,2016,639474.0,28239.0,0.47827700000000006,0.5643100000000001,BIH,CZE,8544
3356626,28,59,1747,2016,4842549.0,1024111.0,0.773807,0.827442,BLR,CZE,8544
3356627,31,59,1747,2016,0.0,8020.0,-1.061758,-1.041501,BOL,CZE,8544
3356628,32,59,1747,2016,109356.0,4392763.0,0.245919,0.661809,BRA,CZE,8544
3356629,37,59,1747,2016,0.0,60839.0,-0.9927739999999999,-1.260391,BWA,CZE,8544
3356630,39,59,1747,2016,200858.0,825095.0,0.6579050000000001,1.12259,CAN,CZE,8544
3356631,41,59,1747,2016,14508068.0,22035250.0,2.3488689999999997,0.806291,CHE,CZE,8544
3356632,42,59,1747,2016,0.0,202580.0,-0.385519,-0.470495,CHL,CZE,8544
3356633,43,59,1747,2016,68943665.0,56240716.0,1.1073620000000002,1.723098,CHN,CZE,8544
3356634,44,59,1747,2016,2439.0,10790.0,-0.88415,-0.8122689999999999,CIV,CZE,8544
3356635,45,59,1747,2016,0.0,25153.0,-1.086484,-1.0725559999999998,CMR,CZE,8544
3356636,46,59,1747,2016,0.0,13441.0,-1.136472,-1.109177,COD,CZE,8544
3356637,47,59,1747,2016,0.0,42041.0,-0.718731,-1.0663799999999999,COG,CZE,8544
3356638,49,59,1747,2016,0.0,188436.0,0.10205700000000001,-0.155574,COL,CZE,8544
3356639,52,59,1747,2016,21805.0,15444.0,0.204591,-0.18279600000000001,CRI,CZE,8544
3356640,54,59,1747,2016,0.0,4541.0,-0.602309,-1.0781120000000002,CUB,CZE,8544
3356641,55,59,1747,2016,0.0,5352.0,0.232855,-0.7864260000000001,CUW,CZE,8544
3356642,58,59,1747,2016,3284.0,245211.0,0.40822800000000004,0.07535,CYP,CZE,8544
3356643,61,59,1747,2016,485291507.0,1090942819.0,2.203093,-2.24919,DEU,CZE,8544
3356644,64,59,1747,2016,3267721.0,7051634.0,1.117864,1.302658,DNK,CZE,8544
3356645,65,59,1747,2016,2657.0,13446.0,-0.237382,0.295389,DOM,CZE,8544
3356646,66,59,1747,2016,0.0,101180.0,-1.0202930000000001,-1.236642,DZA,CZE,8544
3356647,67,59,1747,2016,2888.0,11230.0,-1.0860049999999999,-1.049065,ECU,CZE,8544
3356648,68,59,1747,2016,25964302.0,7305491.0,-0.142377,1.674348,EGY,CZE,8544
3356649,71,59,1747,2016,22409904.0,21878170.0,0.765428,2.57725,ESP,CZE,8544
3356650,72,59,1747,2016,312027.0,2563326.0,1.000418,1.154152,EST,CZE,8544
3356651,73,59,1747,2016,0.0,51588.0,-1.006161,-0.756472,ETH,CZE,8544
3356652,74,59,1747,2016,864582.0,4948444.0,1.581968,1.006432,FIN,CZE,8544
3356653,77,59,1747,2016,37337673.0,51886690.0,1.476437,0.911746,FRA,CZE,8544
3356654,80,59,1747,2016,0.0,25953.0,-1.530568,-1.254999,GAB,CZE,8544
3356655,81,59,1747,2016,32731261.0,35176250.0,1.6974669999999998,0.9231299999999999,GBR,CZE,8544
3356656,82,59,1747,2016,3733.0,500521.0,-0.388359,-0.51175,GEO,CZE,8544
3356657,83,59,1747,2016,0.0,32188.0,-0.945358,-0.805301,GHA,CZE,8544
3356658,85,59,1747,2016,0.0,19891.0,-1.474753,-1.215627,GIN,CZE,8544
3356659,90,59,1747,2016,494945.0,582392.0,0.12153499999999999,1.126101,GRC,CZE,8544
3356660,93,59,1747,2016,0.0,1633.0,-0.414843,0.382162,GTM,CZE,8544
3356661,97,59,1747,2016,4619178.0,4437333.0,0.8029029999999999,1.477249,HKG,CZE,8544
3356662,99,59,1747,2016,89077.0,5064.0,-0.673741,-0.403777,HND,CZE,8544
3356663,100,59,1747,2016,962412.0,4816159.0,0.8695200000000001,1.214791,HRV,CZE,8544
3356664,102,59,1747,2016,167885318.0,83174600.0,1.445281,0.8422209999999999,HUN,CZE,8544
3356665,103,59,1747,2016,391454.0,234627.0,-0.158496,1.492067,IDN,CZE,8544
3356666,104,59,1747,2016,4921143.0,3468128.0,0.30976,2.61043,IND,CZE,8544
3356667,106,59,1747,2016,2928511.0,1618526.0,1.445238,0.07659400000000001,IRL,CZE,8544
3356668,107,59,1747,2016,28577.0,97002.0,-0.407368,-0.23482399999999998,IRN,CZE,8544
3356669,108,59,1747,2016,0.0,59637.0,-2.2400029999999997,-1.017174,IRQ,CZE,8544
3356670,109,59,1747,2016,0.0,19028.0,0.192448,-0.37174,ISL,CZE,8544
3356671,110,59,1747,2016,462770.0,1659824.0,1.352275,0.67584,ISR,CZE,8544
3356672,111,59,1747,2016,39476871.0,18119628.0,1.339307,0.8549209999999999,ITA,CZE,8544
3356673,113,59,1747,2016,0.0,24741.0,-0.0115,0.045625,JOR,CZE,8544
3356674,114,59,1747,2016,1816980.0,1204890.0,2.574025,-0.34859,JPN,CZE,8544
3356675,115,59,1747,2016,0.0,565030.0,-0.376397,-0.553639,KAZ,CZE,8544
3356676,116,59,1747,2016,0.0,165399.0,-0.535616,0.520101,KEN,CZE,8544
3356677,117,59,1747,2016,0.0,13638.0,0.010529,0.287462,KGZ,CZE,8544
3356678,118,59,1747,2016,0.0,966.0,-0.8365239999999999,-0.794615,KHM,CZE,8544
3356679,121,59,1747,2016,8211180.0,1898628.0,2.086184,0.724318,KOR,CZE,8544
3356680,122,59,1747,2016,1993.0,641187.0,-0.31188,-1.1438620000000002,KWT,CZE,8544
3356681,123,59,1747,2016,250682.0,1374360.0,-0.9781479999999999,-0.8272860000000001,LAO,CZE,8544
3356682,124,59,1747,2016,0.0,158703.0,0.285829,1.0818139999999998,LBN,CZE,8544
3356683,125,59,1747,2016,0.0,2336.0,-0.870345,-1.113277,LBR,CZE,8544
3356684,128,59,1747,2016,3521.0,10119.0,-0.562869,0.49937,LKA,CZE,8544
3356685,130,59,1747,2016,220147.0,9600232.0,0.706929,1.419432,LTU,CZE,8544
3356686,131,59,1747,2016,195925.0,941566.0,1.340054,1.30224,LUX,CZE,8544
3356687,132,59,1747,2016,171548.0,703350.0,0.553592,1.19865,LVA,CZE,8544
3356688,133,59,1747,2016,0.0,1216.0,0.534935,0.185542,MAC,CZE,8544
3356689,134,59,1747,2016,3965772.0,20342329.0,-0.772795,-0.206511,MAR,CZE,8544
3356690,135,59,1747,2016,92355.0,2495970.0,-0.340932,-0.2839,MDA,CZE,8544
3356691,136,59,1747,2016,0.0,9664.0,-1.2672709999999998,-0.613909,MDG,CZE,8544
3356692,137,59,1747,2016,0.0,39647.0,-0.79904,-0.9720840000000001,MDV,CZE,8544
3356693,138,59,1747,2016,2518172.0,13495141.0,1.165638,0.6446649999999999,MEX,CZE,8544
3356694,140,59,1747,2016,404919.0,1894130.0,0.026185000000000003,-0.20027999999999999,MKD,CZE,8544
3356695,141,59,1747,2016,0.0,1217.0,-0.584863,-0.74131,MLI,CZE,8544
3356696,142,59,1747,2016,2199.0,22464.0,0.8795950000000001,-0.21689499999999998,MLT,CZE,8544
3356697,144,59,1747,2016,1005.0,118125.0,-0.005084,-0.25252199999999997,MNE,CZE,8544
3356698,145,59,1747,2016,0.0,90950.0,-0.811142,-1.013252,MNG,CZE,8544
3356699,147,59,1747,2016,0.0,1035.0,-1.333702,-1.116794,MOZ,CZE,8544
3356700,151,59,1747,2016,0.0,12152.0,-0.24309899999999998,-0.084888,MUS,CZE,8544
3356701,152,59,1747,2016,3984.0,1864.0,-1.113794,-1.172385,MWI,CZE,8544
3356702,153,59,1747,2016,1435564.0,2235261.0,1.106894,0.7452840000000001,MYS,CZE,8544
3356703,155,59,1747,2016,0.0,79420.0,-0.6256689999999999,-0.8612219999999999,NAM,CZE,8544
3356704,157,59,1747,2016,0.0,1502.0,-0.973057,-0.953672,NER,CZE,8544
3356705,159,59,1747,2016,0.0,89573.0,-1.835357,-1.286597,NGA,CZE,8544
3356706,160,59,1747,2016,0.0,9423.0,-1.0387389999999999,-0.998977,NIC,CZE,8544
3356707,162,59,1747,2016,22442626.0,28879313.0,1.157361,1.5188540000000001,NLD,CZE,8544
3356708,163,59,1747,2016,863559.0,2028476.0,0.89891,0.297673,NOR,CZE,8544
3356709,166,59,1747,2016,841.0,523180.0,0.236556,0.252918,NZL,CZE,8544
3356710,167,59,1747,2016,0.0,119504.0,-0.334782,-0.9107190000000001,OMN,CZE,8544
3356711,168,59,1747,2016,5108.0,331643.0,-0.7502800000000001,0.545331,PAK,CZE,8544
3356712,169,59,1747,2016,0.0,351104.0,0.58773,0.654145,PAN,CZE,8544
3356713,173,59,1747,2016,0.0,135739.0,-0.717529,0.007845999999999999,PER,CZE,8544
3356714,174,59,1747,2016,4660996.0,1015559.0,0.619343,0.303981,PHL,CZE,8544
3356715,176,59,1747,2016,0.0,75147.0,-1.689987,-1.2762639999999998,PNG,CZE,8544
3356716,177,59,1747,2016,169257281.0,131842678.0,1.146113,1.239532,POL,CZE,8544
3356717,179,59,1747,2016,977378.0,2941687.0,0.519621,2.254972,PRT,CZE,8544
3356718,180,59,1747,2016,0.0,216980.0,-0.660702,-1.0329979999999999,PRY,CZE,8544
3356719,181,59,1747,2016,0.0,3192.0,-0.067187,0.535972,PSE,CZE,8544
3356720,183,59,1747,2016,4776.0,1692507.0,-0.36124,-1.106629,QAT,CZE,8544
3356721,185,59,1747,2016,233609063.0,99810812.0,1.061259,0.9878870000000001,ROU,CZE,8544
3356722,186,59,1747,2016,928557.0,17328167.0,0.252891,0.200423,RUS,CZE,8544
3356723,187,59,1747,2016,0.0,6905.0,-0.5802149999999999,-0.568327,RWA,CZE,8544
3356724,188,59,1747,2016,23141.0,2049572.0,0.394807,-0.638644,SAU,CZE,8544
3356725,190,59,1747,2016,0.0,112735.0,-1.216141,-1.191648,SDN,CZE,8544
3356726,191,59,1747,2016,0.0,4071.0,-0.7061270000000001,-0.46532399999999996,SEN,CZE,8544
3356727,192,59,1747,2016,935236.0,995207.0,2.089995,0.564921,SGP,CZE,8544
3356728,197,59,1747,2016,0.0,2110.0,0.10397999999999999,0.25556599999999996,SLV,CZE,8544
3356729,201,59,1747,2016,59740426.0,11325851.0,0.501676,1.0447520000000001,SRB,CZE,8544
3356730,205,59,1747,2016,19402.0,0.0,-0.7823869999999999,-1.060347,SUR,CZE,8544
3356731,206,59,1747,2016,297245925.0,147659341.0,1.273942,0.763966,SVK,CZE,8544
3356732,207,59,1747,2016,3864823.0,4798154.0,1.6466720000000001,0.8247680000000001,SVN,CZE,8544
3356733,208,59,1747,2016,8498312.0,8547574.0,1.785149,0.767444,SWE,CZE,8544
3356734,212,59,1747,2016,0.0,41368.0,-0.746222,0.179918,SYR,CZE,8544
3356735,214,59,1747,2016,0.0,3782.0,-2.7867189999999997,-1.035452,TCD,CZE,8544
3356736,215,59,1747,2016,0.0,12773.0,-0.751382,-0.7411310000000001,TGO,CZE,8544
3356737,216,59,1747,2016,941850.0,883114.0,1.022065,1.428082,THA,CZE,8544
3356738,219,59,1747,2016,0.0,118857.0,-1.27494,-1.259639,TKM,CZE,8544
3356739,223,59,1747,2016,34482412.0,34543217.0,0.171791,1.062948,TUN,CZE,8544
3356740,224,59,1747,2016,3192669.0,11746794.0,0.45364799999999994,2.478837,TUR,CZE,8544
3356741,226,59,1747,2016,0.0,38848.0,-1.1008799999999999,-0.048319,TZA,CZE,8544
3356742,227,59,1747,2016,0.0,8498.0,-0.37745300000000004,0.525303,UGA,CZE,8544
3356743,228,59,1747,2016,114184188.0,61988103.0,0.406901,0.637051,UKR,CZE,8544
3356744,230,59,1747,2016,0.0,110625.0,0.098051,-0.45418400000000003,URY,CZE,8544
3356745,231,59,1747,2016,11334308.0,32546749.0,1.685329,0.297536,USA,CZE,8544
3356746,232,59,1747,2016,0.0,328349.0,-0.703465,-0.493036,UZB,CZE,8544
3356747,236,59,1747,2016,0.0,14038.0,-0.844669,-1.164315,VEN,CZE,8544
3356748,239,59,1747,2016,1201179.0,1350324.0,-0.10217899999999999,1.015568,VNM,CZE,8544
3356749,246,59,1747,2016,18263.0,2810932.0,0.187396,1.46169,ZAF,CZE,8544
3356750,247,59,1747,2016,0.0,7467.0,-0.632437,-0.968817,ZMB,CZE,8544
3356751,249,59,1747,2016,1378115.0,474463.0,2.002996,1.39485,TWN,CZE,8544
3356752,250,59,1747,2016,1298739.0,0.0,0.773312,-0.015385,ANS,CZE,8544
3356753,2,68,1747,2016,23209.0,425668.0,-1.313517,-1.262761,AGO,EGY,8544
3356754,7,68,1747,2016,466481.0,41016763.0,0.11037999999999999,0.045327,ARE,EGY,8544
3356755,8,68,1747,2016,0.0,2660.0,-0.132495,0.16353199999999998,ARG,EGY,8544
3356756,14,68,1747,2016,1023798.0,16346.0,-0.25955300000000003,0.0011070000000000001,AUS,EGY,8544
3356757,15,68,1747,2016,1365058.0,44338.0,1.759363,0.127262,AUT,EGY,8544
3356758,18,68,1747,2016,7143407.0,7549629.0,1.3102610000000001,1.214573,BEL,EGY,8544
3356759,21,68,1747,2016,0.0,8144.0,-1.0885790000000002,-1.027005,BFA,EGY,8544
3356760,23,68,1747,2016,144678.0,0.0,0.51707,1.7329130000000001,BGR,EGY,8544
3356761,24,68,1747,2016,0.0,394102.0,0.323348,-0.514446,BHR,EGY,8544
3356762,28,68,1747,2016,529.0,0.0,0.773807,0.827442,BLR,EGY,8544
3356763,32,68,1747,2016,50650.0,919310.0,0.245919,0.661809,BRA,EGY,8544
3356764,39,68,1747,2016,239754.0,34012.0,0.6579050000000001,1.12259,CAN,EGY,8544
3356765,41,68,1747,2016,2154824.0,36850.0,2.3488689999999997,0.806291,CHE,EGY,8544
3356766,43,68,1747,2016,102407345.0,573250.0,1.1073620000000002,1.723098,CHN,EGY,8544
3356767,44,68,1747,2016,0.0,468489.0,-0.88415,-0.8122689999999999,CIV,EGY,8544
3356768,45,68,1747,2016,0.0,2190.0,-1.086484,-1.0725559999999998,CMR,EGY,8544
3356769,58,68,1747,2016,1116.0,600004.0,0.40822800000000004,0.07535,CYP,EGY,8544
3356770,59,68,1747,2016,7305491.0,25964302.0,1.823627,0.552354,CZE,EGY,8544
3356771,61,68,1747,2016,74509804.0,60725615.0,2.203093,-2.24919,DEU,EGY,8544
3356772,62,68,1747,2016,0.0,41435.0,-0.032607,-0.549622,DJI,EGY,8544
3356773,64,68,1747,2016,326747.0,1323.0,1.117864,1.302658,DNK,EGY,8544
3356774,65,68,1747,2016,1053.0,0.0,-0.237382,0.295389,DOM,EGY,8544
3356775,66,68,1747,2016,22176420.0,2723982.0,-1.0202930000000001,-1.236642,DZA,EGY,8544
3356776,71,68,1747,2016,996719.0,5766234.0,0.765428,2.57725,ESP,EGY,8544
3356777,72,68,1747,2016,29810.0,0.0,1.000418,1.154152,EST,EGY,8544
3356778,73,68,1747,2016,0.0,27017.0,-1.006161,-0.756472,ETH,EGY,8544
3356779,74,68,1747,2016,216399.0,1060.0,1.581968,1.006432,FIN,EGY,8544
3356780,77,68,1747,2016,9555459.0,26000491.0,1.476437,0.911746,FRA,EGY,8544
3356781,80,68,1747,2016,0.0,228020.0,-1.530568,-1.254999,GAB,EGY,8544
3356782,81,68,1747,2016,18218981.0,184414791.0,1.6974669999999998,0.9231299999999999,GBR,EGY,8544
3356783,83,68,1747,2016,0.0,18959.0,-0.945358,-0.805301,GHA,EGY,8544
3356784,85,68,1747,2016,0.0,33595.0,-1.474753,-1.215627,GIN,EGY,8544
3356785,88,68,1747,2016,0.0,32680.0,-1.671858,-1.043328,GNB,EGY,8544
3356786,90,68,1747,2016,137315.0,0.0,0.12153499999999999,1.126101,GRC,EGY,8544
3356787,97,68,1747,2016,214574.0,14331.0,0.8029029999999999,1.477249,HKG,EGY,8544
3356788,99,68,1747,2016,1317.0,0.0,-0.673741,-0.403777,HND,EGY,8544
3356789,100,68,1747,2016,5889.0,0.0,0.8695200000000001,1.214791,HRV,EGY,8544
3356790,102,68,1747,2016,4918236.0,12603.0,1.445281,0.8422209999999999,HUN,EGY,8544
3356791,103,68,1747,2016,600197.0,0.0,-0.158496,1.492067,IDN,EGY,8544
3356792,104,68,1747,2016,4617417.0,4700.0,0.30976,2.61043,IND,EGY,8544
3356793,106,68,1747,2016,880609.0,1507887.0,1.445238,0.07659400000000001,IRL,EGY,8544
3356794,108,68,1747,2016,0.0,3090031.0,-2.2400029999999997,-1.017174,IRQ,EGY,8544
3356795,109,68,1747,2016,0.0,373.0,0.192448,-0.37174,ISL,EGY,8544
3356796,111,68,1747,2016,30397185.0,2827566.0,1.339307,0.8549209999999999,ITA,EGY,8544
3356797,113,68,1747,2016,0.0,2313842.0,-0.0115,0.045625,JOR,EGY,8544
3356798,114,68,1747,2016,1464980.0,50186.0,2.574025,-0.34859,JPN,EGY,8544
3356799,115,68,1747,2016,0.0,16124.0,-0.376397,-0.553639,KAZ,EGY,8544
3356800,116,68,1747,2016,10506.0,1549825.0,-0.535616,0.520101,KEN,EGY,8544
3356801,121,68,1747,2016,6484143.0,40890.0,2.086184,0.724318,KOR,EGY,8544
3356802,122,68,1747,2016,49773.0,36165149.0,-0.31188,-1.1438620000000002,KWT,EGY,8544
3356803,124,68,1747,2016,51447.0,734793.0,0.285829,1.0818139999999998,LBN,EGY,8544
3356804,126,68,1747,2016,1297.0,516571.0,-1.021925,-1.2316790000000002,LBY,EGY,8544
3356805,128,68,1747,2016,0.0,6842.0,-0.562869,0.49937,LKA,EGY,8544
3356806,131,68,1747,2016,22979.0,0.0,1.340054,1.30224,LUX,EGY,8544
3356807,132,68,1747,2016,19547.0,0.0,0.553592,1.19865,LVA,EGY,8544
3356808,134,68,1747,2016,2672.0,27964.0,-0.772795,-0.206511,MAR,EGY,8544
3356809,138,68,1747,2016,105942.0,1033625.0,1.165638,0.6446649999999999,MEX,EGY,8544
3356810,142,68,1747,2016,31618.0,542163.0,0.8795950000000001,-0.21689499999999998,MLT,EGY,8544
3356811,151,68,1747,2016,7531.0,0.0,-0.24309899999999998,-0.084888,MUS,EGY,8544
3356812,153,68,1747,2016,53723.0,0.0,1.106894,0.7452840000000001,MYS,EGY,8544
3356813,157,68,1747,2016,0.0,26471.0,-0.973057,-0.953672,NER,EGY,8544
3356814,159,68,1747,2016,0.0,469947.0,-1.835357,-1.286597,NGA,EGY,8544
3356815,162,68,1747,2016,7684645.0,6208382.0,1.157361,1.5188540000000001,NLD,EGY,8544
3356816,163,68,1747,2016,24197564.0,7613.0,0.89891,0.297673,NOR,EGY,8544
3356817,166,68,1747,2016,2940.0,4552.0,0.236556,0.252918,NZL,EGY,8544
3356818,167,68,1747,2016,183562.0,558479.0,-0.334782,-0.9107190000000001,OMN,EGY,8544
3356819,168,68,1747,2016,1111324.0,311426.0,-0.7502800000000001,0.545331,PAK,EGY,8544
3356820,173,68,1747,2016,0.0,50565.0,-0.717529,0.007845999999999999,PER,EGY,8544
3356821,174,68,1747,2016,0.0,448685.0,0.619343,0.303981,PHL,EGY,8544
3356822,177,68,1747,2016,4298161.0,769256.0,1.146113,1.239532,POL,EGY,8544
3356823,178,68,1747,2016,77834.0,0.0,-0.512374,-0.143648,PRK,EGY,8544
3356824,179,68,1747,2016,113094.0,5530.0,0.519621,2.254972,PRT,EGY,8544
3356825,181,68,1747,2016,0.0,101314.0,-0.067187,0.535972,PSE,EGY,8544
3356826,183,68,1747,2016,0.0,88840224.0,-0.36124,-1.106629,QAT,EGY,8544
3356827,185,68,1747,2016,4301858.0,2470800.0,1.061259,0.9878870000000001,ROU,EGY,8544
3356828,186,68,1747,2016,1259590.0,88045.0,0.252891,0.200423,RUS,EGY,8544
3356829,187,68,1747,2016,0.0,24511.0,-0.5802149999999999,-0.568327,RWA,EGY,8544
3356830,188,68,1747,2016,2679493.0,127145194.0,0.394807,-0.638644,SAU,EGY,8544
3356831,190,68,1747,2016,0.0,8484906.0,-1.216141,-1.191648,SDN,EGY,8544
3356832,191,68,1747,2016,0.0,34084.0,-0.7061270000000001,-0.46532399999999996,SEN,EGY,8544
3356833,192,68,1747,2016,145163.0,7873.0,2.089995,0.564921,SGP,EGY,8544
3356834,196,68,1747,2016,0.0,978.0,-0.184021,-0.5023920000000001,SLE,EGY,8544
3356835,201,68,1747,2016,28120.0,369.0,0.501676,1.0447520000000001,SRB,EGY,8544
3356836,206,68,1747,2016,10685978.0,31371360.0,1.273942,0.763966,SVK,EGY,8544
3356837,207,68,1747,2016,546597.0,741252.0,1.6466720000000001,0.8247680000000001,SVN,EGY,8544
3356838,208,68,1747,2016,8741671.0,0.0,1.785149,0.767444,SWE,EGY,8544
3356839,212,68,1747,2016,1593.0,1047147.0,-0.746222,0.179918,SYR,EGY,8544
3356840,216,68,1747,2016,3256001.0,4725.0,1.022065,1.428082,THA,EGY,8544
3356841,223,68,1747,2016,809306.0,22151.0,0.171791,1.062948,TUN,EGY,8544
3356842,224,68,1747,2016,13809816.0,8096425.0,0.45364799999999994,2.478837,TUR,EGY,8544
3356843,227,68,1747,2016,0.0,130703.0,-0.37745300000000004,0.525303,UGA,EGY,8544
3356844,228,68,1747,2016,5201.0,6569.0,0.406901,0.637051,UKR,EGY,8544
3356845,231,68,1747,2016,11194402.0,2431211.0,1.685329,0.297536,USA,EGY,8544
3356846,239,68,1747,2016,319095.0,1307.0,-0.10217899999999999,1.015568,VNM,EGY,8544
3356847,243,68,1747,2016,0.0,86144.0,-1.232675,-1.205963,YEM,EGY,8544
3356848,246,68,1747,2016,36622.0,40159.0,0.187396,1.46169,ZAF,EGY,8544
3356849,247,68,1747,2016,0.0,362562.0,-0.632437,-0.968817,ZMB,EGY,8544
3356850,249,68,1747,2016,1499092.0,1794.0,2.002996,1.39485,TWN,EGY,8544
3356851,250,68,1747,2016,26550.0,0.0,0.773312,-0.015385,ANS,EGY,8544
3356852,7,74,1747,2016,649551.0,1674072.0,0.11037999999999999,0.045327,ARE,FIN,8544
3356853,8,74,1747,2016,0.0,64215.0,-0.132495,0.16353199999999998,ARG,FIN,8544
3356854,9,74,1747,2016,0.0,27104.0,-0.044982999999999995,-0.518007,ARM,FIN,8544
3356855,14,74,1747,2016,88869.0,371953.0,-0.25955300000000003,0.0011070000000000001,AUS,FIN,8544
3356856,15,74,1747,2016,10913958.0,1464222.0,1.759363,0.127262,AUT,FIN,8544
3356857,16,74,1747,2016,0.0,39554.0,-0.909744,-1.180449,AZE,FIN,8544
3356858,18,74,1747,2016,8486284.0,368841.0,1.3102610000000001,1.214573,BEL,FIN,8544
3356859,21,74,1747,2016,0.0,9376.0,-1.0885790000000002,-1.027005,BFA,FIN,8544
3356860,22,74,1747,2016,0.0,3178.0,-1.107523,-1.065009,BGD,FIN,8544
3356861,23,74,1747,2016,804479.0,541732.0,0.51707,1.7329130000000001,BGR,FIN,8544
3356862,24,74,1747,2016,0.0,20749.0,0.323348,-0.514446,BHR,FIN,8544
3356863,25,74,1747,2016,20999.0,248773.0,0.605834,-0.430958,BHS,FIN,8544
3356864,26,74,1747,2016,158659.0,1639.0,0.47827700000000006,0.5643100000000001,BIH,FIN,8544
3356865,28,74,1747,2016,841420.0,5171.0,0.773807,0.827442,BLR,FIN,8544
3356866,31,74,1747,2016,0.0,6358.0,-1.061758,-1.041501,BOL,FIN,8544
3356867,32,74,1747,2016,24993.0,710667.0,0.245919,0.661809,BRA,FIN,8544
3356868,39,74,1747,2016,321562.0,322774.0,0.6579050000000001,1.12259,CAN,FIN,8544
3356869,41,74,1747,2016,4761878.0,1106562.0,2.3488689999999997,0.806291,CHE,FIN,8544
3356870,42,74,1747,2016,22896.0,499565.0,-0.385519,-0.470495,CHL,FIN,8544
3356871,43,74,1747,2016,29745121.0,2697270.0,1.1073620000000002,1.723098,CHN,FIN,8544
3356872,44,74,1747,2016,0.0,415894.0,-0.88415,-0.8122689999999999,CIV,FIN,8544
3356873,45,74,1747,2016,0.0,284327.0,-1.086484,-1.0725559999999998,CMR,FIN,8544
3356874,46,74,1747,2016,0.0,43772.0,-1.136472,-1.109177,COD,FIN,8544
3356875,49,74,1747,2016,0.0,66258.0,0.10205700000000001,-0.155574,COL,FIN,8544
3356876,51,74,1747,2016,0.0,611.0,0.264883,-0.580199,CPV,FIN,8544
3356877,52,74,1747,2016,588808.0,15088.0,0.204591,-0.18279600000000001,CRI,FIN,8544
3356878,58,74,1747,2016,0.0,3951.0,0.40822800000000004,0.07535,CYP,FIN,8544
3356879,59,74,1747,2016,4948444.0,864582.0,1.823627,0.552354,CZE,FIN,8544
3356880,61,74,1747,2016,59804231.0,85240820.0,2.203093,-2.24919,DEU,FIN,8544
3356881,64,74,1747,2016,5842738.0,8859888.0,1.117864,1.302658,DNK,FIN,8544
3356882,65,74,1747,2016,22659.0,3478.0,-0.237382,0.295389,DOM,FIN,8544
3356883,66,74,1747,2016,0.0,64720.0,-1.0202930000000001,-1.236642,DZA,FIN,8544
3356884,67,74,1747,2016,0.0,2146.0,-1.0860049999999999,-1.049065,ECU,FIN,8544
3356885,68,74,1747,2016,1060.0,216399.0,-0.142377,1.674348,EGY,FIN,8544
3356886,71,74,1747,2016,16392460.0,815886.0,0.765428,2.57725,ESP,FIN,8544
3356887,72,74,1747,2016,34586167.0,30409327.0,1.000418,1.154152,EST,FIN,8544
3356888,73,74,1747,2016,0.0,2787.0,-1.006161,-0.756472,ETH,FIN,8544
3356889,75,74,1747,2016,0.0,934.0,-0.27171999999999996,0.172933,FJI,FIN,8544
3356890,77,74,1747,2016,1951006.0,2714648.0,1.476437,0.911746,FRA,FIN,8544
3356891,81,74,1747,2016,11256613.0,2063842.0,1.6974669999999998,0.9231299999999999,GBR,FIN,8544
3356892,82,74,1747,2016,1788.0,172172.0,-0.388359,-0.51175,GEO,FIN,8544
3356893,83,74,1747,2016,0.0,18908.0,-0.945358,-0.805301,GHA,FIN,8544
3356894,85,74,1747,2016,0.0,4874.0,-1.474753,-1.215627,GIN,FIN,8544
3356895,90,74,1747,2016,6891491.0,353978.0,0.12153499999999999,1.126101,GRC,FIN,8544
3356896,93,74,1747,2016,0.0,1097.0,-0.414843,0.382162,GTM,FIN,8544
3356897,97,74,1747,2016,2239751.0,31808.0,0.8029029999999999,1.477249,HKG,FIN,8544
3356898,99,74,1747,2016,0.0,347787.0,-0.673741,-0.403777,HND,FIN,8544
3356899,100,74,1747,2016,2121765.0,1082668.0,0.8695200000000001,1.214791,HRV,FIN,8544
3356900,102,74,1747,2016,406810.0,296595.0,1.445281,0.8422209999999999,HUN,FIN,8544
3356901,103,74,1747,2016,15242.0,194841.0,-0.158496,1.492067,IDN,FIN,8544
3356902,104,74,1747,2016,2738358.0,2308837.0,0.30976,2.61043,IND,FIN,8544
3356903,106,74,1747,2016,771310.0,612938.0,1.445238,0.07659400000000001,IRL,FIN,8544
3356904,107,74,1747,2016,5016.0,731324.0,-0.407368,-0.23482399999999998,IRN,FIN,8544
3356905,109,74,1747,2016,31543.0,860852.0,0.192448,-0.37174,ISL,FIN,8544
3356906,110,74,1747,2016,109332.0,105441.0,1.352275,0.67584,ISR,FIN,8544
3356907,111,74,1747,2016,20109981.0,7330538.0,1.339307,0.8549209999999999,ITA,FIN,8544
3356908,112,74,1747,2016,0.0,23335.0,-0.259972,-0.592114,JAM,FIN,8544
3356909,113,74,1747,2016,0.0,6932.0,-0.0115,0.045625,JOR,FIN,8544
3356910,114,74,1747,2016,1173889.0,460508.0,2.574025,-0.34859,JPN,FIN,8544
3356911,115,74,1747,2016,0.0,60099.0,-0.376397,-0.553639,KAZ,FIN,8544
3356912,116,74,1747,2016,0.0,1204895.0,-0.535616,0.520101,KEN,FIN,8544
3356913,117,74,1747,2016,0.0,3830.0,0.010529,0.287462,KGZ,FIN,8544
3356914,121,74,1747,2016,42620.0,844063.0,2.086184,0.724318,KOR,FIN,8544
3356915,122,74,1747,2016,0.0,48818.0,-0.31188,-1.1438620000000002,KWT,FIN,8544
3356916,128,74,1747,2016,12925.0,6406.0,-0.562869,0.49937,LKA,FIN,8544
3356917,130,74,1747,2016,18623063.0,5995792.0,0.706929,1.419432,LTU,FIN,8544
3356918,131,74,1747,2016,29357.0,11626.0,1.340054,1.30224,LUX,FIN,8544
3356919,132,74,1747,2016,56283.0,4421054.0,0.553592,1.19865,LVA,FIN,8544
3356920,134,74,1747,2016,7900.0,324336.0,-0.772795,-0.206511,MAR,FIN,8544
3356921,135,74,1747,2016,0.0,2112.0,-0.340932,-0.2839,MDA,FIN,8544
3356922,138,74,1747,2016,503184.0,461807.0,1.165638,0.6446649999999999,MEX,FIN,8544
3356923,140,74,1747,2016,0.0,821.0,0.026185000000000003,-0.20027999999999999,MKD,FIN,8544
3356924,141,74,1747,2016,0.0,114878.0,-0.584863,-0.74131,MLI,FIN,8544
3356925,142,74,1747,2016,1788.0,11374.0,0.8795950000000001,-0.21689499999999998,MLT,FIN,8544
3356926,143,74,1747,2016,0.0,106111.0,-1.160878,-0.6042609999999999,MMR,FIN,8544
3356927,144,74,1747,2016,35764.0,497384.0,-0.005084,-0.25252199999999997,MNE,FIN,8544
3356928,145,74,1747,2016,0.0,13980.0,-0.811142,-1.013252,MNG,FIN,8544
3356929,147,74,1747,2016,0.0,16750.0,-1.333702,-1.116794,MOZ,FIN,8544
3356930,148,74,1747,2016,0.0,15151.0,-1.542265,-1.318586,MRT,FIN,8544
3356931,152,74,1747,2016,0.0,26961.0,-1.113794,-1.172385,MWI,FIN,8544
3356932,153,74,1747,2016,69927.0,78013.0,1.106894,0.7452840000000001,MYS,FIN,8544
3356933,155,74,1747,2016,0.0,4368.0,-0.6256689999999999,-0.8612219999999999,NAM,FIN,8544
3356934,159,74,1747,2016,0.0,18005.0,-1.835357,-1.286597,NGA,FIN,8544
3356935,160,74,1747,2016,1672.0,1691.0,-1.0387389999999999,-0.998977,NIC,FIN,8544
3356936,162,74,1747,2016,10808500.0,15980652.0,1.157361,1.5188540000000001,NLD,FIN,8544
3356937,163,74,1747,2016,13353984.0,15489404.0,0.89891,0.297673,NOR,FIN,8544
3356938,166,74,1747,2016,101664.0,36538.0,0.236556,0.252918,NZL,FIN,8544
3356939,167,74,1747,2016,0.0,11695.0,-0.334782,-0.9107190000000001,OMN,FIN,8544
3356940,168,74,1747,2016,0.0,137903.0,-0.7502800000000001,0.545331,PAK,FIN,8544
3356941,169,74,1747,2016,0.0,4495.0,0.58773,0.654145,PAN,FIN,8544
3356942,173,74,1747,2016,1494.0,46301.0,-0.717529,0.007845999999999999,PER,FIN,8544
3356943,174,74,1747,2016,9406.0,1730820.0,0.619343,0.303981,PHL,FIN,8544
3356944,177,74,1747,2016,28502469.0,3791579.0,1.146113,1.239532,POL,FIN,8544
3356945,179,74,1747,2016,150760.0,91493.0,0.519621,2.254972,PRT,FIN,8544
3356946,183,74,1747,2016,0.0,34532.0,-0.36124,-1.106629,QAT,FIN,8544
3356947,185,74,1747,2016,14449974.0,93483.0,1.061259,0.9878870000000001,ROU,FIN,8544
3356948,186,74,1747,2016,11536449.0,17193076.0,0.252891,0.200423,RUS,FIN,8544
3356949,187,74,1747,2016,0.0,501.0,-0.5802149999999999,-0.568327,RWA,FIN,8544
3356950,188,74,1747,2016,0.0,291275.0,0.394807,-0.638644,SAU,FIN,8544
3356951,190,74,1747,2016,0.0,765.0,-1.216141,-1.191648,SDN,FIN,8544
3356952,191,74,1747,2016,0.0,228004.0,-0.7061270000000001,-0.46532399999999996,SEN,FIN,8544
3356953,192,74,1747,2016,61260.0,218285.0,2.089995,0.564921,SGP,FIN,8544
3356954,201,74,1747,2016,1635.0,143760.0,0.501676,1.0447520000000001,SRB,FIN,8544
3356955,205,74,1747,2016,0.0,853.0,-0.7823869999999999,-1.060347,SUR,FIN,8544
3356956,206,74,1747,2016,1774189.0,43047.0,1.273942,0.763966,SVK,FIN,8544
3356957,207,74,1747,2016,87705.0,65639.0,1.6466720000000001,0.8247680000000001,SVN,FIN,8544
3356958,208,74,1747,2016,76207333.0,41898975.0,1.785149,0.767444,SWE,FIN,8544
3356959,216,74,1747,2016,96439.0,346041.0,1.022065,1.428082,THA,FIN,8544
3356960,219,74,1747,2016,0.0,119803.0,-1.27494,-1.259639,TKM,FIN,8544
3356961,222,74,1747,2016,0.0,6100.0,-0.191969,-1.028843,TTO,FIN,8544
3356962,223,74,1747,2016,262646.0,22315.0,0.171791,1.062948,TUN,FIN,8544
3356963,224,74,1747,2016,2687518.0,6825297.0,0.45364799999999994,2.478837,TUR,FIN,8544
3356964,226,74,1747,2016,0.0,8787.0,-1.1008799999999999,-0.048319,TZA,FIN,8544
3356965,227,74,1747,2016,0.0,6391.0,-0.37745300000000004,0.525303,UGA,FIN,8544
3356966,228,74,1747,2016,110100.0,183021.0,0.406901,0.637051,UKR,FIN,8544
3356967,230,74,1747,2016,0.0,45858.0,0.098051,-0.45418400000000003,URY,FIN,8544
3356968,231,74,1747,2016,4437621.0,3271686.0,1.685329,0.297536,USA,FIN,8544
3356969,232,74,1747,2016,0.0,34755.0,-0.703465,-0.493036,UZB,FIN,8544
3356970,237,74,1747,2016,0.0,3815.0,0.566815,-0.43181800000000004,VGB,FIN,8544
3356971,239,74,1747,2016,34465.0,115456.0,-0.10217899999999999,1.015568,VNM,FIN,8544
3356972,246,74,1747,2016,48973.0,456865.0,0.187396,1.46169,ZAF,FIN,8544
3356973,247,74,1747,2016,0.0,122696.0,-0.632437,-0.968817,ZMB,FIN,8544
3356974,249,74,1747,2016,1296204.0,275369.0,2.002996,1.39485,TWN,FIN,8544
3356975,2,90,1747,2016,0.0,4217.0,-1.313517,-1.262761,AGO,GRC,8544
3356976,4,90,1747,2016,0.0,697774.0,-0.534645,-0.09027,ALB,GRC,8544
3356977,7,90,1747,2016,0.0,1838933.0,0.11037999999999999,0.045327,ARE,GRC,8544
3356978,8,90,1747,2016,0.0,1386.0,-0.132495,0.16353199999999998,ARG,GRC,8544
3356979,14,90,1747,2016,6354.0,374574.0,-0.25955300000000003,0.0011070000000000001,AUS,GRC,8544
3356980,15,90,1747,2016,1295104.0,5900974.0,1.759363,0.127262,AUT,GRC,8544
3356981,16,90,1747,2016,0.0,86787.0,-0.909744,-1.180449,AZE,GRC,8544
3356982,17,90,1747,2016,0.0,30273.0,-1.0141229999999999,-0.908808,BDI,GRC,8544
3356983,18,90,1747,2016,2248964.0,841187.0,1.3102610000000001,1.214573,BEL,GRC,8544
3356984,23,90,1747,2016,1779459.0,3709388.0,0.51707,1.7329130000000001,BGR,GRC,8544
3356985,24,90,1747,2016,0.0,58169.0,0.323348,-0.514446,BHR,GRC,8544
3356986,30,90,1747,2016,0.0,1984.0,0.913218,-0.62813,BMU,GRC,8544
3356987,32,90,1747,2016,0.0,3921.0,0.245919,0.661809,BRA,GRC,8544
3356988,39,90,1747,2016,26640.0,6322.0,0.6579050000000001,1.12259,CAN,GRC,8544
3356989,41,90,1747,2016,145621.0,2660112.0,2.3488689999999997,0.806291,CHE,GRC,8544
3356990,42,90,1747,2016,0.0,2217250.0,-0.385519,-0.470495,CHL,GRC,8544
3356991,43,90,1747,2016,19533995.0,15044.0,1.1073620000000002,1.723098,CHN,GRC,8544
3356992,44,90,1747,2016,0.0,18065.0,-0.88415,-0.8122689999999999,CIV,GRC,8544
3356993,45,90,1747,2016,0.0,8844.0,-1.086484,-1.0725559999999998,CMR,GRC,8544
3356994,46,90,1747,2016,0.0,1409.0,-1.136472,-1.109177,COD,GRC,8544
3356995,47,90,1747,2016,0.0,4028.0,-0.718731,-1.0663799999999999,COG,GRC,8544
3356996,54,90,1747,2016,0.0,1483.0,-0.602309,-1.0781120000000002,CUB,GRC,8544
3356997,58,90,1747,2016,207036.0,7042609.0,0.40822800000000004,0.07535,CYP,GRC,8544
3356998,59,90,1747,2016,582392.0,494945.0,1.823627,0.552354,CZE,GRC,8544
3356999,61,90,1747,2016,12261871.0,65977618.0,2.203093,-2.24919,DEU,GRC,8544
3357000,64,90,1747,2016,350747.0,350646.0,1.117864,1.302658,DNK,GRC,8544
3357001,65,90,1747,2016,0.0,37121.0,-0.237382,0.295389,DOM,GRC,8544
3357002,66,90,1747,2016,0.0,159160.0,-1.0202930000000001,-1.236642,DZA,GRC,8544
3357003,68,90,1747,2016,0.0,137315.0,-0.142377,1.674348,EGY,GRC,8544
3357004,71,90,1747,2016,2155746.0,468170.0,0.765428,2.57725,ESP,GRC,8544
3357005,72,90,1747,2016,185209.0,0.0,1.000418,1.154152,EST,GRC,8544
3357006,73,90,1747,2016,0.0,5753.0,-1.006161,-0.756472,ETH,GRC,8544
3357007,74,90,1747,2016,353978.0,6891491.0,1.581968,1.006432,FIN,GRC,8544
3357008,77,90,1747,2016,3182017.0,1626887.0,1.476437,0.911746,FRA,GRC,8544
3357009,80,90,1747,2016,0.0,26027.0,-1.530568,-1.254999,GAB,GRC,8544
3357010,81,90,1747,2016,2206548.0,68689034.0,1.6974669999999998,0.9231299999999999,GBR,GRC,8544
3357011,82,90,1747,2016,1865.0,3090.0,-0.388359,-0.51175,GEO,GRC,8544
3357012,83,90,1747,2016,0.0,1225741.0,-0.945358,-0.805301,GHA,GRC,8544
3357013,84,90,1747,2016,0.0,45619.0,0.8535370000000001,-0.661778,GIB,GRC,8544
3357014,97,90,1747,2016,57693.0,93807.0,0.8029029999999999,1.477249,HKG,GRC,8544
3357015,100,90,1747,2016,42548.0,176152.0,0.8695200000000001,1.214791,HRV,GRC,8544
3357016,102,90,1747,2016,830256.0,351688.0,1.445281,0.8422209999999999,HUN,GRC,8544
3357017,103,90,1747,2016,0.0,2546045.0,-0.158496,1.492067,IDN,GRC,8544
3357018,104,90,1747,2016,35251.0,15249.0,0.30976,2.61043,IND,GRC,8544
3357019,106,90,1747,2016,73215.0,475308.0,1.445238,0.07659400000000001,IRL,GRC,8544
3357020,107,90,1747,2016,0.0,2896.0,-0.407368,-0.23482399999999998,IRN,GRC,8544
3357021,108,90,1747,2016,0.0,272512.0,-2.2400029999999997,-1.017174,IRQ,GRC,8544
3357022,109,90,1747,2016,0.0,20046.0,0.192448,-0.37174,ISL,GRC,8544
3357023,110,90,1747,2016,149249.0,456117.0,1.352275,0.67584,ISR,GRC,8544
3357024,111,90,1747,2016,14445279.0,8050698.0,1.339307,0.8549209999999999,ITA,GRC,8544
3357025,113,90,1747,2016,0.0,9546.0,-0.0115,0.045625,JOR,GRC,8544
3357026,114,90,1747,2016,83585.0,193512.0,2.574025,-0.34859,JPN,GRC,8544
3357027,115,90,1747,2016,0.0,12089.0,-0.376397,-0.553639,KAZ,GRC,8544
3357028,116,90,1747,2016,0.0,25170.0,-0.535616,0.520101,KEN,GRC,8544
3357029,121,90,1747,2016,167346.0,24479.0,2.086184,0.724318,KOR,GRC,8544
3357030,124,90,1747,2016,0.0,13809.0,0.285829,1.0818139999999998,LBN,GRC,8544
3357031,125,90,1747,2016,0.0,36687.0,-0.870345,-1.113277,LBR,GRC,8544
3357032,126,90,1747,2016,0.0,7436840.0,-1.021925,-1.2316790000000002,LBY,GRC,8544
3357033,128,90,1747,2016,0.0,1064.0,-0.562869,0.49937,LKA,GRC,8544
3357034,130,90,1747,2016,19234.0,3576.0,0.706929,1.419432,LTU,GRC,8544
3357035,131,90,1747,2016,14309.0,256889.0,1.340054,1.30224,LUX,GRC,8544
3357036,132,90,1747,2016,198173.0,0.0,0.553592,1.19865,LVA,GRC,8544
3357037,134,90,1747,2016,0.0,12441.0,-0.772795,-0.206511,MAR,GRC,8544
3357038,135,90,1747,2016,0.0,38595.0,-0.340932,-0.2839,MDA,GRC,8544
3357039,136,90,1747,2016,0.0,7279.0,-1.2672709999999998,-0.613909,MDG,GRC,8544
3357040,138,90,1747,2016,25456.0,4149.0,1.165638,0.6446649999999999,MEX,GRC,8544
3357041,139,90,1747,2016,0.0,76283.0,0.073567,-0.808307,MHL,GRC,8544
3357042,140,90,1747,2016,140913.0,1655182.0,0.026185000000000003,-0.20027999999999999,MKD,GRC,8544
3357043,142,90,1747,2016,2779.0,2462489.0,0.8795950000000001,-0.21689499999999998,MLT,GRC,8544
3357044,143,90,1747,2016,0.0,548.0,-1.160878,-0.6042609999999999,MMR,GRC,8544
3357045,144,90,1747,2016,0.0,1407.0,-0.005084,-0.25252199999999997,MNE,GRC,8544
3357046,145,90,1747,2016,0.0,3303.0,-0.811142,-1.013252,MNG,GRC,8544
3357047,148,90,1747,2016,0.0,58043.0,-1.542265,-1.318586,MRT,GRC,8544
3357048,153,90,1747,2016,42456.0,1984.0,1.106894,0.7452840000000001,MYS,GRC,8544
3357049,155,90,1747,2016,1198.0,0.0,-0.6256689999999999,-0.8612219999999999,NAM,GRC,8544
3357050,159,90,1747,2016,0.0,54072.0,-1.835357,-1.286597,NGA,GRC,8544
3357051,162,90,1747,2016,3174567.0,2400765.0,1.157361,1.5188540000000001,NLD,GRC,8544
3357052,163,90,1747,2016,905899.0,161581.0,0.89891,0.297673,NOR,GRC,8544
3357053,167,90,1747,2016,1345.0,60146.0,-0.334782,-0.9107190000000001,OMN,GRC,8544
3357054,168,90,1747,2016,0.0,375917.0,-0.7502800000000001,0.545331,PAK,GRC,8544
3357055,169,90,1747,2016,0.0,677536.0,0.58773,0.654145,PAN,GRC,8544
3357056,174,90,1747,2016,0.0,5837.0,0.619343,0.303981,PHL,GRC,8544
3357057,177,90,1747,2016,1293907.0,999477.0,1.146113,1.239532,POL,GRC,8544
3357058,179,90,1747,2016,226079.0,14994.0,0.519621,2.254972,PRT,GRC,8544
3357059,183,90,1747,2016,0.0,88907.0,-0.36124,-1.106629,QAT,GRC,8544
3357060,185,90,1747,2016,24198285.0,8438015.0,1.061259,0.9878870000000001,ROU,GRC,8544
3357061,186,90,1747,2016,0.0,44101.0,0.252891,0.200423,RUS,GRC,8544
3357062,188,90,1747,2016,0.0,370409.0,0.394807,-0.638644,SAU,GRC,8544
3357063,191,90,1747,2016,0.0,31650.0,-0.7061270000000001,-0.46532399999999996,SEN,GRC,8544
3357064,192,90,1747,2016,1445.0,117111.0,2.089995,0.564921,SGP,GRC,8544
3357065,197,90,1747,2016,0.0,34839.0,0.10397999999999999,0.25556599999999996,SLV,GRC,8544
3357066,198,90,1747,2016,0.0,79785.0,1.086646,0.58939,SMR,GRC,8544
3357067,201,90,1747,2016,46896.0,586938.0,0.501676,1.0447520000000001,SRB,GRC,8544
3357068,206,90,1747,2016,39371.0,6667.0,1.273942,0.763966,SVK,GRC,8544
3357069,207,90,1747,2016,12968.0,676633.0,1.6466720000000001,0.8247680000000001,SVN,GRC,8544
3357070,208,90,1747,2016,357926.0,3859125.0,1.785149,0.767444,SWE,GRC,8544
3357071,212,90,1747,2016,0.0,2789171.0,-0.746222,0.179918,SYR,GRC,8544
3357072,216,90,1747,2016,6788.0,4280.0,1.022065,1.428082,THA,GRC,8544
3357073,223,90,1747,2016,0.0,600878.0,0.171791,1.062948,TUN,GRC,8544
3357074,224,90,1747,2016,12482686.0,3017596.0,0.45364799999999994,2.478837,TUR,GRC,8544
3357075,226,90,1747,2016,0.0,44827.0,-1.1008799999999999,-0.048319,TZA,GRC,8544
3357076,228,90,1747,2016,0.0,346082.0,0.406901,0.637051,UKR,GRC,8544
3357077,231,90,1747,2016,1016071.0,4468177.0,1.685329,0.297536,USA,GRC,8544
3357078,234,90,1747,2016,0.0,1856.0,0.157611,-0.581526,VCT,GRC,8544
3357079,236,90,1747,2016,0.0,5072.0,-0.844669,-1.164315,VEN,GRC,8544
3357080,239,90,1747,2016,412966.0,0.0,-0.10217899999999999,1.015568,VNM,GRC,8544
3357081,246,90,1747,2016,1587.0,4456058.0,0.187396,1.46169,ZAF,GRC,8544
3357082,249,90,1747,2016,139193.0,688.0,2.002996,1.39485,TWN,GRC,8544
3357083,250,90,1747,2016,35327.0,72765.0,0.773312,-0.015385,ANS,GRC,8544
3357084,7,108,1747,2016,6610315.0,0.0,0.11037999999999999,0.045327,ARE,IRQ,8544
3357085,14,108,1747,2016,58023.0,0.0,-0.25955300000000003,0.0011070000000000001,AUS,IRQ,8544
3357086,15,108,1747,2016,1213205.0,0.0,1.759363,0.127262,AUT,IRQ,8544
3357087,18,108,1747,2016,1127655.0,2142.0,1.3102610000000001,1.214573,BEL,IRQ,8544
3357088,32,108,1747,2016,3558.0,0.0,0.245919,0.661809,BRA,IRQ,8544
3357089,39,108,1747,2016,16367.0,0.0,0.6579050000000001,1.12259,CAN,IRQ,8544
3357090,41,108,1747,2016,50115.0,0.0,2.3488689999999997,0.806291,CHE,IRQ,8544
3357091,43,108,1747,2016,70054754.0,0.0,1.1073620000000002,1.723098,CHN,IRQ,8544
3357092,59,108,1747,2016,59637.0,0.0,1.823627,0.552354,CZE,IRQ,8544
3357093,61,108,1747,2016,8548854.0,0.0,2.203093,-2.24919,DEU,IRQ,8544
3357094,64,108,1747,2016,15583.0,0.0,1.117864,1.302658,DNK,IRQ,8544
3357095,68,108,1747,2016,3090031.0,0.0,-0.142377,1.674348,EGY,IRQ,8544
3357096,71,108,1747,2016,2393281.0,0.0,0.765428,2.57725,ESP,IRQ,8544
3357097,72,108,1747,2016,4265.0,0.0,1.000418,1.154152,EST,IRQ,8544
3357098,77,108,1747,2016,1692943.0,9005.0,1.476437,0.911746,FRA,IRQ,8544
3357099,81,108,1747,2016,1141036.0,0.0,1.6974669999999998,0.9231299999999999,GBR,IRQ,8544
3357100,90,108,1747,2016,272512.0,0.0,0.12153499999999999,1.126101,GRC,IRQ,8544
3357101,97,108,1747,2016,119432.0,0.0,0.8029029999999999,1.477249,HKG,IRQ,8544
3357102,100,108,1747,2016,201513.0,0.0,0.8695200000000001,1.214791,HRV,IRQ,8544
3357103,102,108,1747,2016,1994.0,0.0,1.445281,0.8422209999999999,HUN,IRQ,8544
3357104,104,108,1747,2016,13184239.0,0.0,0.30976,2.61043,IND,IRQ,8544
3357105,106,108,1747,2016,21174.0,0.0,1.445238,0.07659400000000001,IRL,IRQ,8544
3357106,107,108,1747,2016,62841458.0,66948.0,-0.407368,-0.23482399999999998,IRN,IRQ,8544
3357107,111,108,1747,2016,13658553.0,0.0,1.339307,0.8549209999999999,ITA,IRQ,8544
3357108,113,108,1747,2016,42396514.0,0.0,-0.0115,0.045625,JOR,IRQ,8544
3357109,114,108,1747,2016,6282987.0,0.0,2.574025,-0.34859,JPN,IRQ,8544
3357110,121,108,1747,2016,96972357.0,0.0,2.086184,0.724318,KOR,IRQ,8544
3357111,122,108,1747,2016,156300.0,3533.0,-0.31188,-1.1438620000000002,KWT,IRQ,8544
3357112,124,108,1747,2016,1158242.0,0.0,0.285829,1.0818139999999998,LBN,IRQ,8544
3357113,131,108,1747,2016,2125.0,0.0,1.340054,1.30224,LUX,IRQ,8544
3357114,132,108,1747,2016,8151.0,0.0,0.553592,1.19865,LVA,IRQ,8544
3357115,162,108,1747,2016,982447.0,0.0,1.157361,1.5188540000000001,NLD,IRQ,8544
3357116,163,108,1747,2016,4011.0,0.0,0.89891,0.297673,NOR,IRQ,8544
3357117,166,108,1747,2016,3327.0,0.0,0.236556,0.252918,NZL,IRQ,8544
3357118,167,108,1747,2016,9544485.0,0.0,-0.334782,-0.9107190000000001,OMN,IRQ,8544
3357119,168,108,1747,2016,703847.0,0.0,-0.7502800000000001,0.545331,PAK,IRQ,8544
3357120,177,108,1747,2016,8524.0,0.0,1.146113,1.239532,POL,IRQ,8544
3357121,179,108,1747,2016,66535.0,0.0,0.519621,2.254972,PRT,IRQ,8544
3357122,186,108,1747,2016,52319.0,0.0,0.252891,0.200423,RUS,IRQ,8544
3357123,188,108,1747,2016,10929046.0,0.0,0.394807,-0.638644,SAU,IRQ,8544
3357124,192,108,1747,2016,9367.0,0.0,2.089995,0.564921,SGP,IRQ,8544
3357125,201,108,1747,2016,4112.0,0.0,0.501676,1.0447520000000001,SRB,IRQ,8544
3357126,208,108,1747,2016,1821603.0,0.0,1.785149,0.767444,SWE,IRQ,8544
3357127,216,108,1747,2016,48484.0,0.0,1.022065,1.428082,THA,IRQ,8544
3357128,223,108,1747,2016,872090.0,0.0,0.171791,1.062948,TUN,IRQ,8544
3357129,224,108,1747,2016,138837148.0,721234.0,0.45364799999999994,2.478837,TUR,IRQ,8544
3357130,228,108,1747,2016,199613.0,0.0,0.406901,0.637051,UKR,IRQ,8544
3357131,231,108,1747,2016,12234207.0,0.0,1.685329,0.297536,USA,IRQ,8544
3357132,246,108,1747,2016,4223.0,0.0,0.187396,1.46169,ZAF,IRQ,8544
3357133,249,108,1747,2016,169842.0,0.0,2.002996,1.39485,TWN,IRQ,8544
3357134,7,115,1747,2016,3301478.0,5416.0,0.11037999999999999,0.045327,ARE,KAZ,8544
3357135,14,115,1747,2016,25364.0,0.0,-0.25955300000000003,0.0011070000000000001,AUS,KAZ,8544
3357136,15,115,1747,2016,494639.0,0.0,1.759363,0.127262,AUT,KAZ,8544
3357137,16,115,1747,2016,113926.0,0.0,-0.909744,-1.180449,AZE,KAZ,8544
3357138,18,115,1747,2016,422614.0,44954.0,1.3102610000000001,1.214573,BEL,KAZ,8544
3357139,23,115,1747,2016,74412.0,0.0,0.51707,1.7329130000000001,BGR,KAZ,8544
3357140,28,115,1747,2016,1852170.0,3679.0,0.773807,0.827442,BLR,KAZ,8544
3357141,31,115,1747,2016,1324.0,0.0,-1.061758,-1.041501,BOL,KAZ,8544
3357142,32,115,1747,2016,1214.0,0.0,0.245919,0.661809,BRA,KAZ,8544
3357143,39,115,1747,2016,42363.0,32573.0,0.6579050000000001,1.12259,CAN,KAZ,8544
3357144,41,115,1747,2016,134021.0,19093.0,2.3488689999999997,0.806291,CHE,KAZ,8544
3357145,43,115,1747,2016,62171674.0,417435.0,1.1073620000000002,1.723098,CHN,KAZ,8544
3357146,49,115,1747,2016,861.0,0.0,0.10205700000000001,-0.155574,COL,KAZ,8544
3357147,59,115,1747,2016,565030.0,0.0,1.823627,0.552354,CZE,KAZ,8544
3357148,61,115,1747,2016,2972450.0,43616.0,2.203093,-2.24919,DEU,KAZ,8544
3357149,64,115,1747,2016,14430.0,0.0,1.117864,1.302658,DNK,KAZ,8544
3357150,65,115,1747,2016,3016.0,0.0,-0.237382,0.295389,DOM,KAZ,8544
3357151,68,115,1747,2016,16124.0,0.0,-0.142377,1.674348,EGY,KAZ,8544
3357152,71,115,1747,2016,1849866.0,0.0,0.765428,2.57725,ESP,KAZ,8544
3357153,72,115,1747,2016,56407.0,0.0,1.000418,1.154152,EST,KAZ,8544
3357154,74,115,1747,2016,60099.0,0.0,1.581968,1.006432,FIN,KAZ,8544
3357155,77,115,1747,2016,142480.0,10118.0,1.476437,0.911746,FRA,KAZ,8544
3357156,81,115,1747,2016,1790657.0,40933.0,1.6974669999999998,0.9231299999999999,GBR,KAZ,8544
3357157,82,115,1747,2016,3164.0,993.0,-0.388359,-0.51175,GEO,KAZ,8544
3357158,90,115,1747,2016,12089.0,0.0,0.12153499999999999,1.126101,GRC,KAZ,8544
3357159,97,115,1747,2016,36132.0,5051.0,0.8029029999999999,1.477249,HKG,KAZ,8544
3357160,100,115,1747,2016,934669.0,0.0,0.8695200000000001,1.214791,HRV,KAZ,8544
3357161,102,115,1747,2016,85940.0,2255.0,1.445281,0.8422209999999999,HUN,KAZ,8544
3357162,103,115,1747,2016,15251.0,0.0,-0.158496,1.492067,IDN,KAZ,8544
3357163,104,115,1747,2016,124328.0,0.0,0.30976,2.61043,IND,KAZ,8544
3357164,106,115,1747,2016,615003.0,0.0,1.445238,0.07659400000000001,IRL,KAZ,8544
3357165,107,115,1747,2016,2755.0,0.0,-0.407368,-0.23482399999999998,IRN,KAZ,8544
3357166,110,115,1747,2016,56783.0,328.0,1.352275,0.67584,ISR,KAZ,8544
3357167,111,115,1747,2016,6664816.0,15949.0,1.339307,0.8549209999999999,ITA,KAZ,8544
3357168,114,115,1747,2016,22799.0,0.0,2.574025,-0.34859,JPN,KAZ,8544
3357169,117,115,1747,2016,8252.0,4437145.0,0.010529,0.287462,KGZ,KAZ,8544
3357170,121,115,1747,2016,12847243.0,27680.0,2.086184,0.724318,KOR,KAZ,8544
3357171,130,115,1747,2016,2855230.0,0.0,0.706929,1.419432,LTU,KAZ,8544
3357172,131,115,1747,2016,21236.0,0.0,1.340054,1.30224,LUX,KAZ,8544
3357173,132,115,1747,2016,335260.0,0.0,0.553592,1.19865,LVA,KAZ,8544
3357174,135,115,1747,2016,8215.0,0.0,-0.340932,-0.2839,MDA,KAZ,8544
3357175,138,115,1747,2016,200051.0,0.0,1.165638,0.6446649999999999,MEX,KAZ,8544
3357176,140,115,1747,2016,3840.0,0.0,0.026185000000000003,-0.20027999999999999,MKD,KAZ,8544
3357177,153,115,1747,2016,9232.0,0.0,1.106894,0.7452840000000001,MYS,KAZ,8544
3357178,162,115,1747,2016,1511680.0,51454.0,1.157361,1.5188540000000001,NLD,KAZ,8544
3357179,163,115,1747,2016,49811.0,0.0,0.89891,0.297673,NOR,KAZ,8544
3357180,174,115,1747,2016,2661.0,0.0,0.619343,0.303981,PHL,KAZ,8544
3357181,177,115,1747,2016,2286855.0,0.0,1.146113,1.239532,POL,KAZ,8544
3357182,178,115,1747,2016,1509.0,0.0,-0.512374,-0.143648,PRK,KAZ,8544
3357183,179,115,1747,2016,45686.0,119871.0,0.519621,2.254972,PRT,KAZ,8544
3357184,183,115,1747,2016,0.0,4938.0,-0.36124,-1.106629,QAT,KAZ,8544
3357185,185,115,1747,2016,22321.0,0.0,1.061259,0.9878870000000001,ROU,KAZ,8544
3357186,186,115,1747,2016,97320698.0,926468.0,0.252891,0.200423,RUS,KAZ,8544
3357187,188,115,1747,2016,0.0,72217.0,0.394807,-0.638644,SAU,KAZ,8544
3357188,192,115,1747,2016,29064.0,0.0,2.089995,0.564921,SGP,KAZ,8544
3357189,201,115,1747,2016,84297.0,0.0,0.501676,1.0447520000000001,SRB,KAZ,8544
3357190,206,115,1747,2016,76717.0,795.0,1.273942,0.763966,SVK,KAZ,8544
3357191,207,115,1747,2016,21107.0,7807.0,1.6466720000000001,0.8247680000000001,SVN,KAZ,8544
3357192,208,115,1747,2016,1170744.0,871.0,1.785149,0.767444,SWE,KAZ,8544
3357193,216,115,1747,2016,98665.0,0.0,1.022065,1.428082,THA,KAZ,8544
3357194,217,115,1747,2016,0.0,38269.0,-1.0791549999999999,-1.137941,TJK,KAZ,8544
3357195,219,115,1747,2016,7469.0,67142.0,-1.27494,-1.259639,TKM,KAZ,8544
3357196,223,115,1747,2016,203372.0,0.0,0.171791,1.062948,TUN,KAZ,8544
3357197,224,115,1747,2016,15757582.0,20412.0,0.45364799999999994,2.478837,TUR,KAZ,8544
3357198,228,115,1747,2016,149939.0,0.0,0.406901,0.637051,UKR,KAZ,8544
3357199,231,115,1747,2016,1068979.0,37822.0,1.685329,0.297536,USA,KAZ,8544
3357200,232,115,1747,2016,1435938.0,570798.0,-0.703465,-0.493036,UZB,KAZ,8544
3357201,239,115,1747,2016,50574.0,0.0,-0.10217899999999999,1.015568,VNM,KAZ,8544
3357202,246,115,1747,2016,824653.0,0.0,0.187396,1.46169,ZAF,KAZ,8544
3357203,249,115,1747,2016,230239.0,0.0,2.002996,1.39485,TWN,KAZ,8544
3357204,7,116,1747,2016,669701.0,163467.0,0.11037999999999999,0.045327,ARE,KEN,8544
3357205,14,116,1747,2016,26408.0,0.0,-0.25955300000000003,0.0011070000000000001,AUS,KEN,8544
3357206,15,116,1747,2016,4906.0,0.0,1.759363,0.127262,AUT,KEN,8544
3357207,17,116,1747,2016,0.0,239300.0,-1.0141229999999999,-0.908808,BDI,KEN,8544
3357208,18,116,1747,2016,385989.0,0.0,1.3102610000000001,1.214573,BEL,KEN,8544
3357209,23,116,1747,2016,2545.0,0.0,0.51707,1.7329130000000001,BGR,KEN,8544
3357210,32,116,1747,2016,38255.0,2157.0,0.245919,0.661809,BRA,KEN,8544
3357211,39,116,1747,2016,26056.0,0.0,0.6579050000000001,1.12259,CAN,KEN,8544
3357212,41,116,1747,2016,198246.0,1606.0,2.3488689999999997,0.806291,CHE,KEN,8544
3357213,43,116,1747,2016,92322879.0,3665.0,1.1073620000000002,1.723098,CHN,KEN,8544
3357214,45,116,1747,2016,0.0,12622.0,-1.086484,-1.0725559999999998,CMR,KEN,8544
3357215,46,116,1747,2016,0.0,311643.0,-1.136472,-1.109177,COD,KEN,8544
3357216,59,116,1747,2016,165399.0,0.0,1.823627,0.552354,CZE,KEN,8544
3357217,61,116,1747,2016,1066630.0,0.0,2.203093,-2.24919,DEU,KEN,8544
3357218,62,116,1747,2016,0.0,17635.0,-0.032607,-0.549622,DJI,KEN,8544
3357219,64,116,1747,2016,73924.0,0.0,1.117864,1.302658,DNK,KEN,8544
3357220,68,116,1747,2016,1549825.0,10506.0,-0.142377,1.674348,EGY,KEN,8544
3357221,71,116,1747,2016,163555.0,2175.0,0.765428,2.57725,ESP,KEN,8544
3357222,72,116,1747,2016,2152.0,0.0,1.000418,1.154152,EST,KEN,8544
3357223,73,116,1747,2016,25041.0,46405.0,-1.006161,-0.756472,ETH,KEN,8544
3357224,74,116,1747,2016,1204895.0,0.0,1.581968,1.006432,FIN,KEN,8544
3357225,77,116,1747,2016,442127.0,3061.0,1.476437,0.911746,FRA,KEN,8544
3357226,81,116,1747,2016,1463771.0,0.0,1.6974669999999998,0.9231299999999999,GBR,KEN,8544
3357227,83,116,1747,2016,0.0,34588.0,-0.945358,-0.805301,GHA,KEN,8544
3357228,90,116,1747,2016,25170.0,0.0,0.12153499999999999,1.126101,GRC,KEN,8544
3357229,97,116,1747,2016,265091.0,0.0,0.8029029999999999,1.477249,HKG,KEN,8544
3357230,102,116,1747,2016,37205.0,0.0,1.445281,0.8422209999999999,HUN,KEN,8544
3357231,104,116,1747,2016,10528675.0,0.0,0.30976,2.61043,IND,KEN,8544
3357232,106,116,1747,2016,51800.0,0.0,1.445238,0.07659400000000001,IRL,KEN,8544
3357233,109,116,1747,2016,86963.0,0.0,0.192448,-0.37174,ISL,KEN,8544
3357234,110,116,1747,2016,254052.0,0.0,1.352275,0.67584,ISR,KEN,8544
3357235,111,116,1747,2016,49018.0,5114.0,1.339307,0.8549209999999999,ITA,KEN,8544
3357236,114,116,1747,2016,127922.0,0.0,2.574025,-0.34859,JPN,KEN,8544
3357237,121,116,1747,2016,233144.0,0.0,2.086184,0.724318,KOR,KEN,8544
3357238,122,116,1747,2016,666.0,0.0,-0.31188,-1.1438620000000002,KWT,KEN,8544
3357239,124,116,1747,2016,43068.0,8910.0,0.285829,1.0818139999999998,LBN,KEN,8544
3357240,128,116,1747,2016,236845.0,0.0,-0.562869,0.49937,LKA,KEN,8544
3357241,131,116,1747,2016,6421.0,0.0,1.340054,1.30224,LUX,KEN,8544
3357242,136,116,1747,2016,0.0,890.0,-1.2672709999999998,-0.613909,MDG,KEN,8544
3357243,138,116,1747,2016,10120.0,0.0,1.165638,0.6446649999999999,MEX,KEN,8544
3357244,147,116,1747,2016,0.0,1007.0,-1.333702,-1.116794,MOZ,KEN,8544
3357245,151,116,1747,2016,1909869.0,0.0,-0.24309899999999998,-0.084888,MUS,KEN,8544
3357246,152,116,1747,2016,0.0,21342.0,-1.113794,-1.172385,MWI,KEN,8544
3357247,153,116,1747,2016,105767.0,0.0,1.106894,0.7452840000000001,MYS,KEN,8544
3357248,159,116,1747,2016,5806.0,0.0,-1.835357,-1.286597,NGA,KEN,8544
3357249,162,116,1747,2016,1619724.0,3600.0,1.157361,1.5188540000000001,NLD,KEN,8544
3357250,163,116,1747,2016,0.0,1051.0,0.89891,0.297673,NOR,KEN,8544
3357251,166,116,1747,2016,3088.0,0.0,0.236556,0.252918,NZL,KEN,8544
3357252,167,116,1747,2016,1990.0,0.0,-0.334782,-0.9107190000000001,OMN,KEN,8544
3357253,168,116,1747,2016,40758.0,0.0,-0.7502800000000001,0.545331,PAK,KEN,8544
3357254,174,116,1747,2016,20821.0,0.0,0.619343,0.303981,PHL,KEN,8544
3357255,177,116,1747,2016,342382.0,0.0,1.146113,1.239532,POL,KEN,8544
3357256,179,116,1747,2016,83284.0,0.0,0.519621,2.254972,PRT,KEN,8544
3357257,185,116,1747,2016,4246.0,0.0,1.061259,0.9878870000000001,ROU,KEN,8544
3357258,187,116,1747,2016,399.0,1233198.0,-0.5802149999999999,-0.568327,RWA,KEN,8544
3357259,192,116,1747,2016,79655.0,41757.0,2.089995,0.564921,SGP,KEN,8544
3357260,199,116,1747,2016,0.0,554688.0,-1.429439,-1.006612,SOM,KEN,8544
3357261,201,116,1747,2016,0.0,736.0,0.501676,1.0447520000000001,SRB,KEN,8544
3357262,202,116,1747,2016,0.0,334765.0,-1.841894,-1.024367,SSD,KEN,8544
3357263,206,116,1747,2016,5577.0,0.0,1.273942,0.763966,SVK,KEN,8544
3357264,208,116,1747,2016,317180.0,2529.0,1.785149,0.767444,SWE,KEN,8544
3357265,211,116,1747,2016,0.0,148762.0,0.441241,-0.580767,SYC,KEN,8544
3357266,216,116,1747,2016,52289.0,0.0,1.022065,1.428082,THA,KEN,8544
3357267,223,116,1747,2016,14601.0,0.0,0.171791,1.062948,TUN,KEN,8544
3357268,224,116,1747,2016,601941.0,0.0,0.45364799999999994,2.478837,TUR,KEN,8544
3357269,226,116,1747,2016,124481.0,576678.0,-1.1008799999999999,-0.048319,TZA,KEN,8544
3357270,227,116,1747,2016,2855.0,3427992.0,-0.37745300000000004,0.525303,UGA,KEN,8544
3357271,230,116,1747,2016,1252.0,0.0,0.098051,-0.45418400000000003,URY,KEN,8544
3357272,231,116,1747,2016,865937.0,0.0,1.685329,0.297536,USA,KEN,8544
3357273,239,116,1747,2016,3947.0,0.0,-0.10217899999999999,1.015568,VNM,KEN,8544
3357274,246,116,1747,2016,373273.0,650.0,0.187396,1.46169,ZAF,KEN,8544
3357275,247,116,1747,2016,2933015.0,37096.0,-0.632437,-0.968817,ZMB,KEN,8544
3357276,248,116,1747,2016,0.0,38512.0,-1.083532,-1.0016610000000001,ZWE,KEN,8544
3357277,249,116,1747,2016,166762.0,0.0,2.002996,1.39485,TWN,KEN,8544
3357278,7,117,1747,2016,26534.0,0.0,0.11037999999999999,0.045327,ARE,KGZ,8544
3357279,14,117,1747,2016,3007.0,0.0,-0.25955300000000003,0.0011070000000000001,AUS,KGZ,8544
3357280,16,117,1747,2016,24598.0,0.0,-0.909744,-1.180449,AZE,KGZ,8544
3357281,18,117,1747,2016,11240.0,4960.0,1.3102610000000001,1.214573,BEL,KGZ,8544
3357282,23,117,1747,2016,2183.0,0.0,0.51707,1.7329130000000001,BGR,KGZ,8544
3357283,28,117,1747,2016,345136.0,0.0,0.773807,0.827442,BLR,KGZ,8544
3357284,32,117,1747,2016,1007.0,0.0,0.245919,0.661809,BRA,KGZ,8544
3357285,39,117,1747,2016,170196.0,0.0,0.6579050000000001,1.12259,CAN,KGZ,8544
3357286,43,117,1747,2016,6657735.0,0.0,1.1073620000000002,1.723098,CHN,KGZ,8544
3357287,59,117,1747,2016,13638.0,0.0,1.823627,0.552354,CZE,KGZ,8544
3357288,61,117,1747,2016,41099.0,0.0,2.203093,-2.24919,DEU,KGZ,8544
3357289,64,117,1747,2016,4486.0,0.0,1.117864,1.302658,DNK,KGZ,8544
3357290,71,117,1747,2016,894.0,0.0,0.765428,2.57725,ESP,KGZ,8544
3357291,74,117,1747,2016,3830.0,0.0,1.581968,1.006432,FIN,KGZ,8544
3357292,77,117,1747,2016,25741.0,0.0,1.476437,0.911746,FRA,KGZ,8544
3357293,81,117,1747,2016,2683.0,588.0,1.6974669999999998,0.9231299999999999,GBR,KGZ,8544
3357294,82,117,1747,2016,0.0,1532.0,-0.388359,-0.51175,GEO,KGZ,8544
3357295,111,117,1747,2016,2576.0,0.0,1.339307,0.8549209999999999,ITA,KGZ,8544
3357296,114,117,1747,2016,941.0,0.0,2.574025,-0.34859,JPN,KGZ,8544
3357297,115,117,1747,2016,4437145.0,8252.0,-0.376397,-0.553639,KAZ,KGZ,8544
3357298,121,117,1747,2016,73588.0,0.0,2.086184,0.724318,KOR,KGZ,8544
3357299,130,117,1747,2016,4454.0,0.0,0.706929,1.419432,LTU,KGZ,8544
3357300,131,117,1747,2016,3155.0,0.0,1.340054,1.30224,LUX,KGZ,8544
3357301,138,117,1747,2016,67889.0,0.0,1.165638,0.6446649999999999,MEX,KGZ,8544
3357302,162,117,1747,2016,2869.0,1735.0,1.157361,1.5188540000000001,NLD,KGZ,8544
3357303,174,117,1747,2016,15562.0,0.0,0.619343,0.303981,PHL,KGZ,8544
3357304,177,117,1747,2016,26745.0,0.0,1.146113,1.239532,POL,KGZ,8544
3357305,179,117,1747,2016,288.0,0.0,0.519621,2.254972,PRT,KGZ,8544
3357306,186,117,1747,2016,5447748.0,1611.0,0.252891,0.200423,RUS,KGZ,8544
3357307,201,117,1747,2016,101905.0,0.0,0.501676,1.0447520000000001,SRB,KGZ,8544
3357308,208,117,1747,2016,1058.0,0.0,1.785149,0.767444,SWE,KGZ,8544
3357309,217,117,1747,2016,13842.0,123680.0,-1.0791549999999999,-1.137941,TJK,KGZ,8544
3357310,224,117,1747,2016,2418457.0,0.0,0.45364799999999994,2.478837,TUR,KGZ,8544
3357311,228,117,1747,2016,70931.0,0.0,0.406901,0.637051,UKR,KGZ,8544
3357312,231,117,1747,2016,26729.0,0.0,1.685329,0.297536,USA,KGZ,8544
3357313,232,117,1747,2016,275124.0,59908.0,-0.703465,-0.493036,UZB,KGZ,8544
3357314,246,117,1747,2016,1115.0,0.0,0.187396,1.46169,ZAF,KGZ,8544
3357315,249,117,1747,2016,442.0,0.0,2.002996,1.39485,TWN,KGZ,8544
3357316,2,124,1747,2016,10271.0,40088.0,-1.313517,-1.262761,AGO,LBN,8544
3357317,7,124,1747,2016,281156.0,491626.0,0.11037999999999999,0.045327,ARE,LBN,8544
3357318,9,124,1747,2016,0.0,147449.0,-0.044982999999999995,-0.518007,ARM,LBN,8544
3357319,14,124,1747,2016,1650.0,0.0,-0.25955300000000003,0.0011070000000000001,AUS,LBN,8544
3357320,15,124,1747,2016,423394.0,1417.0,1.759363,0.127262,AUT,LBN,8544
3357321,18,124,1747,2016,128019.0,26189.0,1.3102610000000001,1.214573,BEL,LBN,8544
3357322,19,124,1747,2016,0.0,96374.0,-0.971123,-0.801574,BEN,LBN,8544
3357323,21,124,1747,2016,0.0,209968.0,-1.0885790000000002,-1.027005,BFA,LBN,8544
3357324,23,124,1747,2016,21573.0,0.0,0.51707,1.7329130000000001,BGR,LBN,8544
3357325,38,124,1747,2016,0.0,6966.0,-0.43507299999999993,-0.7039300000000001,CAF,LBN,8544
3357326,39,124,1747,2016,27100.0,0.0,0.6579050000000001,1.12259,CAN,LBN,8544
3357327,41,124,1747,2016,123911.0,0.0,2.3488689999999997,0.806291,CHE,LBN,8544
3357328,43,124,1747,2016,13460188.0,13377.0,1.1073620000000002,1.723098,CHN,LBN,8544
3357329,44,124,1747,2016,0.0,341801.0,-0.88415,-0.8122689999999999,CIV,LBN,8544
3357330,45,124,1747,2016,0.0,74270.0,-1.086484,-1.0725559999999998,CMR,LBN,8544
3357331,46,124,1747,2016,0.0,153233.0,-1.136472,-1.109177,COD,LBN,8544
3357332,47,124,1747,2016,0.0,929669.0,-0.718731,-1.0663799999999999,COG,LBN,8544
3357333,50,124,1747,2016,0.0,1227.0,-0.520849,-0.8678040000000001,COM,LBN,8544
3357334,59,124,1747,2016,158703.0,0.0,1.823627,0.552354,CZE,LBN,8544
3357335,61,124,1747,2016,867533.0,60885.0,2.203093,-2.24919,DEU,LBN,8544
3357336,62,124,1747,2016,0.0,20941.0,-0.032607,-0.549622,DJI,LBN,8544
3357337,64,124,1747,2016,28479.0,7177.0,1.117864,1.302658,DNK,LBN,8544
3357338,66,124,1747,2016,0.0,424053.0,-1.0202930000000001,-1.236642,DZA,LBN,8544
3357339,67,124,1747,2016,0.0,1973.0,-1.0860049999999999,-1.049065,ECU,LBN,8544
3357340,68,124,1747,2016,734793.0,51447.0,-0.142377,1.674348,EGY,LBN,8544
3357341,71,124,1747,2016,2006831.0,0.0,0.765428,2.57725,ESP,LBN,8544
3357342,72,124,1747,2016,8533.0,0.0,1.000418,1.154152,EST,LBN,8544
3357343,73,124,1747,2016,0.0,1711.0,-1.006161,-0.756472,ETH,LBN,8544
3357344,77,124,1747,2016,8699822.0,213772.0,1.476437,0.911746,FRA,LBN,8544
3357345,80,124,1747,2016,0.0,162912.0,-1.530568,-1.254999,GAB,LBN,8544
3357346,81,124,1747,2016,523949.0,211896.0,1.6974669999999998,0.9231299999999999,GBR,LBN,8544
3357347,83,124,1747,2016,0.0,648578.0,-0.945358,-0.805301,GHA,LBN,8544
3357348,85,124,1747,2016,0.0,237948.0,-1.474753,-1.215627,GIN,LBN,8544
3357349,87,124,1747,2016,0.0,3901.0,-0.743023,-0.833044,GMB,LBN,8544
3357350,89,124,1747,2016,0.0,194972.0,-1.766286,-0.9607709999999999,GNQ,LBN,8544
3357351,90,124,1747,2016,13809.0,0.0,0.12153499999999999,1.126101,GRC,LBN,8544
3357352,97,124,1747,2016,41017.0,0.0,0.8029029999999999,1.477249,HKG,LBN,8544
3357353,100,124,1747,2016,89518.0,0.0,0.8695200000000001,1.214791,HRV,LBN,8544
3357354,102,124,1747,2016,248885.0,0.0,1.445281,0.8422209999999999,HUN,LBN,8544
3357355,103,124,1747,2016,1589.0,0.0,-0.158496,1.492067,IDN,LBN,8544
3357356,104,124,1747,2016,242319.0,22296.0,0.30976,2.61043,IND,LBN,8544
3357357,106,124,1747,2016,65405.0,0.0,1.445238,0.07659400000000001,IRL,LBN,8544
3357358,107,124,1747,2016,0.0,588.0,-0.407368,-0.23482399999999998,IRN,LBN,8544
3357359,108,124,1747,2016,0.0,1158242.0,-2.2400029999999997,-1.017174,IRQ,LBN,8544
3357360,111,124,1747,2016,1879533.0,0.0,1.339307,0.8549209999999999,ITA,LBN,8544
3357361,113,124,1747,2016,0.0,1069099.0,-0.0115,0.045625,JOR,LBN,8544
3357362,114,124,1747,2016,71648.0,0.0,2.574025,-0.34859,JPN,LBN,8544
3357363,116,124,1747,2016,8910.0,43068.0,-0.535616,0.520101,KEN,LBN,8544
3357364,121,124,1747,2016,405132.0,0.0,2.086184,0.724318,KOR,LBN,8544
3357365,122,124,1747,2016,0.0,8516427.0,-0.31188,-1.1438620000000002,KWT,LBN,8544
3357366,125,124,1747,2016,0.0,734289.0,-0.870345,-1.113277,LBR,LBN,8544
3357367,130,124,1747,2016,1521.0,0.0,0.706929,1.419432,LTU,LBN,8544
3357368,131,124,1747,2016,6012.0,0.0,1.340054,1.30224,LUX,LBN,8544
3357369,132,124,1747,2016,1998.0,0.0,0.553592,1.19865,LVA,LBN,8544
3357370,134,124,1747,2016,0.0,466905.0,-0.772795,-0.206511,MAR,LBN,8544
3357371,137,124,1747,2016,0.0,2091.0,-0.79904,-0.9720840000000001,MDV,LBN,8544
3357372,138,124,1747,2016,47395.0,0.0,1.165638,0.6446649999999999,MEX,LBN,8544
3357373,143,124,1747,2016,0.0,6161.0,-1.160878,-0.6042609999999999,MMR,LBN,8544
3357374,147,124,1747,2016,0.0,72930.0,-1.333702,-1.116794,MOZ,LBN,8544
3357375,151,124,1747,2016,0.0,21288.0,-0.24309899999999998,-0.084888,MUS,LBN,8544
3357376,153,124,1747,2016,8855.0,0.0,1.106894,0.7452840000000001,MYS,LBN,8544
3357377,159,124,1747,2016,0.0,1383650.0,-1.835357,-1.286597,NGA,LBN,8544
3357378,162,124,1747,2016,1193485.0,1019.0,1.157361,1.5188540000000001,NLD,LBN,8544
3357379,174,124,1747,2016,447668.0,0.0,0.619343,0.303981,PHL,LBN,8544
3357380,177,124,1747,2016,33869.0,2482347.0,1.146113,1.239532,POL,LBN,8544
3357381,179,124,1747,2016,2374.0,0.0,0.519621,2.254972,PRT,LBN,8544
3357382,183,124,1747,2016,0.0,774563.0,-0.36124,-1.106629,QAT,LBN,8544
3357383,185,124,1747,2016,52457.0,2066.0,1.061259,0.9878870000000001,ROU,LBN,8544
3357384,186,124,1747,2016,1390.0,111695.0,0.252891,0.200423,RUS,LBN,8544
3357385,187,124,1747,2016,0.0,3625.0,-0.5802149999999999,-0.568327,RWA,LBN,8544
3357386,188,124,1747,2016,110770.0,861744.0,0.394807,-0.638644,SAU,LBN,8544
3357387,190,124,1747,2016,0.0,1896.0,-1.216141,-1.191648,SDN,LBN,8544
3357388,191,124,1747,2016,0.0,409967.0,-0.7061270000000001,-0.46532399999999996,SEN,LBN,8544
3357389,192,124,1747,2016,8305.0,0.0,2.089995,0.564921,SGP,LBN,8544
3357390,196,124,1747,2016,0.0,33819.0,-0.184021,-0.5023920000000001,SLE,LBN,8544
3357391,206,124,1747,2016,361660.0,0.0,1.273942,0.763966,SVK,LBN,8544
3357392,207,124,1747,2016,3420.0,234245.0,1.6466720000000001,0.8247680000000001,SVN,LBN,8544
3357393,208,124,1747,2016,749671.0,0.0,1.785149,0.767444,SWE,LBN,8544
3357394,211,124,1747,2016,0.0,19967.0,0.441241,-0.580767,SYC,LBN,8544
3357395,212,124,1747,2016,0.0,1559854.0,-0.746222,0.179918,SYR,LBN,8544
3357396,215,124,1747,2016,0.0,95254.0,-0.751382,-0.7411310000000001,TGO,LBN,8544
3357397,216,124,1747,2016,23815.0,0.0,1.022065,1.428082,THA,LBN,8544
3357398,223,124,1747,2016,39866.0,0.0,0.171791,1.062948,TUN,LBN,8544
3357399,224,124,1747,2016,2021724.0,2695.0,0.45364799999999994,2.478837,TUR,LBN,8544
3357400,227,124,1747,2016,0.0,73658.0,-0.37745300000000004,0.525303,UGA,LBN,8544
3357401,228,124,1747,2016,2248.0,0.0,0.406901,0.637051,UKR,LBN,8544
3357402,231,124,1747,2016,572808.0,7922.0,1.685329,0.297536,USA,LBN,8544
3357403,239,124,1747,2016,17600.0,0.0,-0.10217899999999999,1.015568,VNM,LBN,8544
3357404,246,124,1747,2016,1220.0,0.0,0.187396,1.46169,ZAF,LBN,8544
3357405,247,124,1747,2016,0.0,901.0,-0.632437,-0.968817,ZMB,LBN,8544
3357406,249,124,1747,2016,336942.0,1477.0,2.002996,1.39485,TWN,LBN,8544
3357407,250,124,1747,2016,1639.0,1060190.0,0.773312,-0.015385,ANS,LBN,8544
3357408,7,128,1747,2016,263873.0,2823.0,0.11037999999999999,0.045327,ARE,LKA,8544
3357409,14,128,1747,2016,342136.0,209938.0,-0.25955300000000003,0.0011070000000000001,AUS,LKA,8544
3357410,15,128,1747,2016,200558.0,934361.0,1.759363,0.127262,AUT,LKA,8544
3357411,18,128,1747,2016,90946.0,20668.0,1.3102610000000001,1.214573,BEL,LKA,8544
3357412,22,128,1747,2016,0.0,757660.0,-1.107523,-1.065009,BGD,LKA,8544
3357413,24,128,1747,2016,0.0,28438.0,0.323348,-0.514446,BHR,LKA,8544
3357414,32,128,1747,2016,0.0,123208.0,0.245919,0.661809,BRA,LKA,8544
3357415,39,128,1747,2016,51459.0,19657.0,0.6579050000000001,1.12259,CAN,LKA,8544
3357416,41,128,1747,2016,327187.0,591944.0,2.3488689999999997,0.806291,CHE,LKA,8544
3357417,42,128,1747,2016,0.0,3985.0,-0.385519,-0.470495,CHL,LKA,8544
3357418,43,128,1747,2016,18655104.0,39376.0,1.1073620000000002,1.723098,CHN,LKA,8544
3357419,49,128,1747,2016,2041.0,0.0,0.10205700000000001,-0.155574,COL,LKA,8544
3357420,59,128,1747,2016,10119.0,3521.0,1.823627,0.552354,CZE,LKA,8544
3357421,61,128,1747,2016,940722.0,276558.0,2.203093,-2.24919,DEU,LKA,8544
3357422,64,128,1747,2016,194193.0,23775.0,1.117864,1.302658,DNK,LKA,8544
3357423,68,128,1747,2016,6842.0,0.0,-0.142377,1.674348,EGY,LKA,8544
3357424,71,128,1747,2016,383867.0,103252.0,0.765428,2.57725,ESP,LKA,8544
3357425,73,128,1747,2016,0.0,217206.0,-1.006161,-0.756472,ETH,LKA,8544
3357426,74,128,1747,2016,6406.0,12925.0,1.581968,1.006432,FIN,LKA,8544
3357427,77,128,1747,2016,234842.0,1898.0,1.476437,0.911746,FRA,LKA,8544
3357428,81,128,1747,2016,377513.0,912315.0,1.6974669999999998,0.9231299999999999,GBR,LKA,8544
3357429,90,128,1747,2016,1064.0,0.0,0.12153499999999999,1.126101,GRC,LKA,8544
3357430,97,128,1747,2016,281845.0,42033.0,0.8029029999999999,1.477249,HKG,LKA,8544
3357431,102,128,1747,2016,166683.0,8856.0,1.445281,0.8422209999999999,HUN,LKA,8544
3357432,103,128,1747,2016,852191.0,315322.0,-0.158496,1.492067,IDN,LKA,8544
3357433,104,128,1747,2016,7510014.0,14706640.0,0.30976,2.61043,IND,LKA,8544
3357434,106,128,1747,2016,3391.0,0.0,1.445238,0.07659400000000001,IRL,LKA,8544
3357435,107,128,1747,2016,15562.0,0.0,-0.407368,-0.23482399999999998,IRN,LKA,8544
3357436,110,128,1747,2016,134908.0,0.0,1.352275,0.67584,ISR,LKA,8544
3357437,111,128,1747,2016,376732.0,0.0,1.339307,0.8549209999999999,ITA,LKA,8544
3357438,114,128,1747,2016,2252908.0,5916852.0,2.574025,-0.34859,JPN,LKA,8544
3357439,116,128,1747,2016,0.0,236845.0,-0.535616,0.520101,KEN,LKA,8544
3357440,121,128,1747,2016,1360346.0,4822.0,2.086184,0.724318,KOR,LKA,8544
3357441,122,128,1747,2016,0.0,11104.0,-0.31188,-1.1438620000000002,KWT,LKA,8544
3357442,134,128,1747,2016,5586.0,0.0,-0.772795,-0.206511,MAR,LKA,8544
3357443,137,128,1747,2016,37556.0,7197938.0,-0.79904,-0.9720840000000001,MDV,LKA,8544
3357444,138,128,1747,2016,10216.0,4406755.0,1.165638,0.6446649999999999,MEX,LKA,8544
3357445,143,128,1747,2016,0.0,68762.0,-1.160878,-0.6042609999999999,MMR,LKA,8544
3357446,147,128,1747,2016,0.0,138898.0,-1.333702,-1.116794,MOZ,LKA,8544
3357447,151,128,1747,2016,0.0,899778.0,-0.24309899999999998,-0.084888,MUS,LKA,8544
3357448,153,128,1747,2016,1230459.0,216976.0,1.106894,0.7452840000000001,MYS,LKA,8544
3357449,162,128,1747,2016,31384.0,0.0,1.157361,1.5188540000000001,NLD,LKA,8544
3357450,163,128,1747,2016,62037.0,521060.0,0.89891,0.297673,NOR,LKA,8544
3357451,166,128,1747,2016,31387.0,1580.0,0.236556,0.252918,NZL,LKA,8544
3357452,167,128,1747,2016,0.0,2908.0,-0.334782,-0.9107190000000001,OMN,LKA,8544
3357453,168,128,1747,2016,0.0,76491.0,-0.7502800000000001,0.545331,PAK,LKA,8544
3357454,174,128,1747,2016,1022.0,182447.0,0.619343,0.303981,PHL,LKA,8544
3357455,177,128,1747,2016,18791.0,0.0,1.146113,1.239532,POL,LKA,8544
3357456,179,128,1747,2016,25963.0,62454.0,0.519621,2.254972,PRT,LKA,8544
3357457,185,128,1747,2016,0.0,3244648.0,1.061259,0.9878870000000001,ROU,LKA,8544
3357458,186,128,1747,2016,0.0,120362.0,0.252891,0.200423,RUS,LKA,8544
3357459,192,128,1747,2016,977383.0,78596.0,2.089995,0.564921,SGP,LKA,8544
3357460,206,128,1747,2016,0.0,1492.0,1.273942,0.763966,SVK,LKA,8544
3357461,207,128,1747,2016,14431.0,0.0,1.6466720000000001,0.8247680000000001,SVN,LKA,8544
3357462,208,128,1747,2016,829928.0,295974.0,1.785149,0.767444,SWE,LKA,8544
3357463,209,128,1747,2016,2271.0,0.0,0.2785,-0.43804799999999994,SWZ,LKA,8544
3357464,211,128,1747,2016,0.0,178866.0,0.441241,-0.580767,SYC,LKA,8544
3357465,216,128,1747,2016,22517.0,894970.0,1.022065,1.428082,THA,LKA,8544
3357466,224,128,1747,2016,493210.0,0.0,0.45364799999999994,2.478837,TUR,LKA,8544
3357467,227,128,1747,2016,0.0,34220.0,-0.37745300000000004,0.525303,UGA,LKA,8544
3357468,231,128,1747,2016,925219.0,649600.0,1.685329,0.297536,USA,LKA,8544
3357469,239,128,1747,2016,356047.0,79158.0,-0.10217899999999999,1.015568,VNM,LKA,8544
3357470,246,128,1747,2016,15881.0,0.0,0.187396,1.46169,ZAF,LKA,8544
3357471,249,128,1747,2016,620171.0,0.0,2.002996,1.39485,TWN,LKA,8544
3357472,250,128,1747,2016,33246.0,0.0,0.773312,-0.015385,ANS,LKA,8544
3357473,7,130,1747,2016,25753.0,108238.0,0.11037999999999999,0.045327,ARE,LTU,8544
3357474,8,130,1747,2016,0.0,48399.0,-0.132495,0.16353199999999998,ARG,LTU,8544
3357475,9,130,1747,2016,0.0,3021.0,-0.044982999999999995,-0.518007,ARM,LTU,8544
3357476,14,130,1747,2016,10875.0,2439629.0,-0.25955300000000003,0.0011070000000000001,AUS,LTU,8544
3357477,15,130,1747,2016,594244.0,223162.0,1.759363,0.127262,AUT,LTU,8544
3357478,16,130,1747,2016,0.0,104601.0,-0.909744,-1.180449,AZE,LTU,8544
3357479,18,130,1747,2016,1207768.0,14839063.0,1.3102610000000001,1.214573,BEL,LTU,8544
3357480,23,130,1747,2016,10841.0,81851.0,0.51707,1.7329130000000001,BGR,LTU,8544
3357481,25,130,1747,2016,0.0,2105.0,0.605834,-0.430958,BHS,LTU,8544
3357482,26,130,1747,2016,906.0,10926.0,0.47827700000000006,0.5643100000000001,BIH,LTU,8544
3357483,28,130,1747,2016,6008141.0,2403523.0,0.773807,0.827442,BLR,LTU,8544
3357484,32,130,1747,2016,0.0,688023.0,0.245919,0.661809,BRA,LTU,8544
3357485,39,130,1747,2016,34061.0,43892.0,0.6579050000000001,1.12259,CAN,LTU,8544
3357486,41,130,1747,2016,2635157.0,71790.0,2.3488689999999997,0.806291,CHE,LTU,8544
3357487,42,130,1747,2016,0.0,7022.0,-0.385519,-0.470495,CHL,LTU,8544
3357488,43,130,1747,2016,7607159.0,683002.0,1.1073620000000002,1.723098,CHN,LTU,8544
3357489,49,130,1747,2016,0.0,17180.0,0.10205700000000001,-0.155574,COL,LTU,8544
3357490,58,130,1747,2016,25142.0,646824.0,0.40822800000000004,0.07535,CYP,LTU,8544
3357491,59,130,1747,2016,9600232.0,220147.0,1.823627,0.552354,CZE,LTU,8544
3357492,61,130,1747,2016,18049511.0,2331773.0,2.203093,-2.24919,DEU,LTU,8544
3357493,64,130,1747,2016,467012.0,3656417.0,1.117864,1.302658,DNK,LTU,8544
3357494,66,130,1747,2016,0.0,66417.0,-1.0202930000000001,-1.236642,DZA,LTU,8544
3357495,71,130,1747,2016,768290.0,460727.0,0.765428,2.57725,ESP,LTU,8544
3357496,72,130,1747,2016,24799143.0,40148993.0,1.000418,1.154152,EST,LTU,8544
3357497,73,130,1747,2016,0.0,18974.0,-1.006161,-0.756472,ETH,LTU,8544
3357498,74,130,1747,2016,5995792.0,18623063.0,1.581968,1.006432,FIN,LTU,8544
3357499,77,130,1747,2016,258547.0,2606835.0,1.476437,0.911746,FRA,LTU,8544
3357500,78,130,1747,2016,0.0,29498.0,-0.7436,-0.955406,FRO,LTU,8544
3357501,81,130,1747,2016,2084694.0,4913440.0,1.6974669999999998,0.9231299999999999,GBR,LTU,8544
3357502,82,130,1747,2016,3310.0,69376.0,-0.388359,-0.51175,GEO,LTU,8544
3357503,83,130,1747,2016,0.0,3380.0,-0.945358,-0.805301,GHA,LTU,8544
3357504,90,130,1747,2016,3576.0,19234.0,0.12153499999999999,1.126101,GRC,LTU,8544
3357505,97,130,1747,2016,134253.0,99143.0,0.8029029999999999,1.477249,HKG,LTU,8544
3357506,100,130,1747,2016,27365.0,36483.0,0.8695200000000001,1.214791,HRV,LTU,8544
3357507,102,130,1747,2016,84221.0,6664633.0,1.445281,0.8422209999999999,HUN,LTU,8544
3357508,103,130,1747,2016,0.0,22524.0,-0.158496,1.492067,IDN,LTU,8544
3357509,104,130,1747,2016,65151.0,9574.0,0.30976,2.61043,IND,LTU,8544
3357510,106,130,1747,2016,174811.0,67016.0,1.445238,0.07659400000000001,IRL,LTU,8544
3357511,107,130,1747,2016,0.0,3772.0,-0.407368,-0.23482399999999998,IRN,LTU,8544
3357512,109,130,1747,2016,0.0,79716.0,0.192448,-0.37174,ISL,LTU,8544
3357513,110,130,1747,2016,30146.0,1863.0,1.352275,0.67584,ISR,LTU,8544
3357514,111,130,1747,2016,3481482.0,1182700.0,1.339307,0.8549209999999999,ITA,LTU,8544
3357515,114,130,1747,2016,39993.0,70157.0,2.574025,-0.34859,JPN,LTU,8544
3357516,115,130,1747,2016,0.0,2855230.0,-0.376397,-0.553639,KAZ,LTU,8544
3357517,117,130,1747,2016,0.0,4454.0,0.010529,0.287462,KGZ,LTU,8544
3357518,118,130,1747,2016,15964.0,0.0,-0.8365239999999999,-0.794615,KHM,LTU,8544
3357519,121,130,1747,2016,46311.0,3346.0,2.086184,0.724318,KOR,LTU,8544
3357520,122,130,1747,2016,0.0,6382.0,-0.31188,-1.1438620000000002,KWT,LTU,8544
3357521,124,130,1747,2016,0.0,1521.0,0.285829,1.0818139999999998,LBN,LTU,8544
3357522,131,130,1747,2016,95576.0,18624.0,1.340054,1.30224,LUX,LTU,8544
3357523,132,130,1747,2016,5199433.0,7519443.0,0.553592,1.19865,LVA,LTU,8544
3357524,134,130,1747,2016,0.0,10488.0,-0.772795,-0.206511,MAR,LTU,8544
3357525,135,130,1747,2016,1343.0,28637.0,-0.340932,-0.2839,MDA,LTU,8544
3357526,138,130,1747,2016,24953.0,978221.0,1.165638,0.6446649999999999,MEX,LTU,8544
3357527,140,130,1747,2016,0.0,16209.0,0.026185000000000003,-0.20027999999999999,MKD,LTU,8544
3357528,142,130,1747,2016,0.0,2096.0,0.8795950000000001,-0.21689499999999998,MLT,LTU,8544
3357529,144,130,1747,2016,0.0,3846.0,-0.005084,-0.25252199999999997,MNE,LTU,8544
3357530,148,130,1747,2016,0.0,1033.0,-1.542265,-1.318586,MRT,LTU,8544
3357531,153,130,1747,2016,1000.0,9990.0,1.106894,0.7452840000000001,MYS,LTU,8544
3357532,155,130,1747,2016,0.0,20259.0,-0.6256689999999999,-0.8612219999999999,NAM,LTU,8544
3357533,159,130,1747,2016,0.0,868.0,-1.835357,-1.286597,NGA,LTU,8544
3357534,162,130,1747,2016,1781631.0,6470467.0,1.157361,1.5188540000000001,NLD,LTU,8544
3357535,163,130,1747,2016,379979.0,2439536.0,0.89891,0.297673,NOR,LTU,8544
3357536,166,130,1747,2016,0.0,15514.0,0.236556,0.252918,NZL,LTU,8544
3357537,167,130,1747,2016,0.0,96748.0,-0.334782,-0.9107190000000001,OMN,LTU,8544
3357538,168,130,1747,2016,2246.0,0.0,-0.7502800000000001,0.545331,PAK,LTU,8544
3357539,173,130,1747,2016,0.0,32707.0,-0.717529,0.007845999999999999,PER,LTU,8544
3357540,174,130,1747,2016,8886.0,973.0,0.619343,0.303981,PHL,LTU,8544
3357541,177,130,1747,2016,44001914.0,5134505.0,1.146113,1.239532,POL,LTU,8544
3357542,179,130,1747,2016,147041.0,8910.0,0.519621,2.254972,PRT,LTU,8544
3357543,185,130,1747,2016,273609.0,3901990.0,1.061259,0.9878870000000001,ROU,LTU,8544
3357544,186,130,1747,2016,378746.0,6122797.0,0.252891,0.200423,RUS,LTU,8544
3357545,188,130,1747,2016,0.0,106324.0,0.394807,-0.638644,SAU,LTU,8544
3357546,192,130,1747,2016,15125.0,21329.0,2.089995,0.564921,SGP,LTU,8544
3357547,201,130,1747,2016,3269427.0,13362.0,0.501676,1.0447520000000001,SRB,LTU,8544
3357548,206,130,1747,2016,425696.0,1180012.0,1.273942,0.763966,SVK,LTU,8544
3357549,207,130,1747,2016,233571.0,28535.0,1.6466720000000001,0.8247680000000001,SVN,LTU,8544
3357550,208,130,1747,2016,12749484.0,32056715.0,1.785149,0.767444,SWE,LTU,8544
3357551,216,130,1747,2016,0.0,229311.0,1.022065,1.428082,THA,LTU,8544
3357552,217,130,1747,2016,0.0,30501.0,-1.0791549999999999,-1.137941,TJK,LTU,8544
3357553,219,130,1747,2016,0.0,38319.0,-1.27494,-1.259639,TKM,LTU,8544
3357554,223,130,1747,2016,0.0,17604.0,0.171791,1.062948,TUN,LTU,8544
3357555,224,130,1747,2016,1712760.0,560570.0,0.45364799999999994,2.478837,TUR,LTU,8544
3357556,228,130,1747,2016,3039528.0,634997.0,0.406901,0.637051,UKR,LTU,8544
3357557,231,130,1747,2016,581889.0,1711302.0,1.685329,0.297536,USA,LTU,8544
3357558,232,130,1747,2016,0.0,249553.0,-0.703465,-0.493036,UZB,LTU,8544
3357559,239,130,1747,2016,390947.0,30457.0,-0.10217899999999999,1.015568,VNM,LTU,8544
3357560,246,130,1747,2016,0.0,157530.0,0.187396,1.46169,ZAF,LTU,8544
3357561,248,130,1747,2016,0.0,725.0,-1.083532,-1.0016610000000001,ZWE,LTU,8544
3357562,249,130,1747,2016,255043.0,75583.0,2.002996,1.39485,TWN,LTU,8544
3357563,7,131,1747,2016,462397.0,59844.0,0.11037999999999999,0.045327,ARE,LUX,8544
3357564,8,131,1747,2016,0.0,7111.0,-0.132495,0.16353199999999998,ARG,LUX,8544
3357565,14,131,1747,2016,1157.0,24313.0,-0.25955300000000003,0.0011070000000000001,AUS,LUX,8544
3357566,15,131,1747,2016,3246930.0,45360.0,1.759363,0.127262,AUT,LUX,8544
3357567,16,131,1747,2016,0.0,6357.0,-0.909744,-1.180449,AZE,LUX,8544
3357568,18,131,1747,2016,6653361.0,1446573.0,1.3102610000000001,1.214573,BEL,LUX,8544
3357569,23,131,1747,2016,1490.0,6707.0,0.51707,1.7329130000000001,BGR,LUX,8544
3357570,24,131,1747,2016,0.0,6469.0,0.323348,-0.514446,BHR,LUX,8544
3357571,26,131,1747,2016,2307.0,295.0,0.47827700000000006,0.5643100000000001,BIH,LUX,8544
3357572,28,131,1747,2016,0.0,13357.0,0.773807,0.827442,BLR,LUX,8544
3357573,32,131,1747,2016,10485.0,29494.0,0.245919,0.661809,BRA,LUX,8544
3357574,39,131,1747,2016,142372.0,54935.0,0.6579050000000001,1.12259,CAN,LUX,8544
3357575,41,131,1747,2016,255685.0,289628.0,2.3488689999999997,0.806291,CHE,LUX,8544
3357576,42,131,1747,2016,0.0,2437.0,-0.385519,-0.470495,CHL,LUX,8544
3357577,43,131,1747,2016,311200.0,65841.0,1.1073620000000002,1.723098,CHN,LUX,8544
3357578,44,131,1747,2016,0.0,9158.0,-0.88415,-0.8122689999999999,CIV,LUX,8544
3357579,45,131,1747,2016,0.0,7419.0,-1.086484,-1.0725559999999998,CMR,LUX,8544
3357580,49,131,1747,2016,0.0,11320.0,0.10205700000000001,-0.155574,COL,LUX,8544
3357581,59,131,1747,2016,941566.0,195925.0,1.823627,0.552354,CZE,LUX,8544
3357582,61,131,1747,2016,47045261.0,1387786.0,2.203093,-2.24919,DEU,LUX,8544
3357583,64,131,1747,2016,86418.0,65013.0,1.117864,1.302658,DNK,LUX,8544
3357584,65,131,1747,2016,833.0,0.0,-0.237382,0.295389,DOM,LUX,8544
3357585,66,131,1747,2016,0.0,46524.0,-1.0202930000000001,-1.236642,DZA,LUX,8544
3357586,67,131,1747,2016,0.0,3761.0,-1.0860049999999999,-1.049065,ECU,LUX,8544
3357587,68,131,1747,2016,0.0,22979.0,-0.142377,1.674348,EGY,LUX,8544
3357588,71,131,1747,2016,59204.0,49895.0,0.765428,2.57725,ESP,LUX,8544
3357589,72,131,1747,2016,1964.0,0.0,1.000418,1.154152,EST,LUX,8544
3357590,73,131,1747,2016,0.0,12448.0,-1.006161,-0.756472,ETH,LUX,8544
3357591,74,131,1747,2016,11626.0,29357.0,1.581968,1.006432,FIN,LUX,8544
3357592,75,131,1747,2016,0.0,626.0,-0.27171999999999996,0.172933,FJI,LUX,8544
3357593,77,131,1747,2016,1095469.0,898215.0,1.476437,0.911746,FRA,LUX,8544
3357594,81,131,1747,2016,345175.0,388027.0,1.6974669999999998,0.9231299999999999,GBR,LUX,8544
3357595,82,131,1747,2016,0.0,786.0,-0.388359,-0.51175,GEO,LUX,8544
3357596,83,131,1747,2016,0.0,1135.0,-0.945358,-0.805301,GHA,LUX,8544
3357597,90,131,1747,2016,256889.0,14309.0,0.12153499999999999,1.126101,GRC,LUX,8544
3357598,95,131,1747,2016,0.0,10358.0,0.659809,-0.066939,GUM,LUX,8544
3357599,97,131,1747,2016,68712.0,66806.0,0.8029029999999999,1.477249,HKG,LUX,8544
3357600,100,131,1747,2016,5639.0,48609.0,0.8695200000000001,1.214791,HRV,LUX,8544
3357601,102,131,1747,2016,650641.0,160392.0,1.445281,0.8422209999999999,HUN,LUX,8544
3357602,103,131,1747,2016,0.0,3935.0,-0.158496,1.492067,IDN,LUX,8544
3357603,104,131,1747,2016,491.0,56262.0,0.30976,2.61043,IND,LUX,8544
3357604,106,131,1747,2016,404370.0,8705.0,1.445238,0.07659400000000001,IRL,LUX,8544
3357605,107,131,1747,2016,0.0,7893.0,-0.407368,-0.23482399999999998,IRN,LUX,8544
3357606,108,131,1747,2016,0.0,2125.0,-2.2400029999999997,-1.017174,IRQ,LUX,8544
3357607,109,131,1747,2016,0.0,11234.0,0.192448,-0.37174,ISL,LUX,8544
3357608,110,131,1747,2016,7259.0,11307.0,1.352275,0.67584,ISR,LUX,8544
3357609,111,131,1747,2016,4098895.0,800642.0,1.339307,0.8549209999999999,ITA,LUX,8544
3357610,114,131,1747,2016,1346472.0,27740.0,2.574025,-0.34859,JPN,LUX,8544
3357611,115,131,1747,2016,0.0,21236.0,-0.376397,-0.553639,KAZ,LUX,8544
3357612,116,131,1747,2016,0.0,6421.0,-0.535616,0.520101,KEN,LUX,8544
3357613,117,131,1747,2016,0.0,3155.0,0.010529,0.287462,KGZ,LUX,8544
3357614,121,131,1747,2016,3126.0,18986.0,2.086184,0.724318,KOR,LUX,8544
3357615,122,131,1747,2016,0.0,55500.0,-0.31188,-1.1438620000000002,KWT,LUX,8544
3357616,124,131,1747,2016,0.0,6012.0,0.285829,1.0818139999999998,LBN,LUX,8544
3357617,130,131,1747,2016,18624.0,95576.0,0.706929,1.419432,LTU,LUX,8544
3357618,132,131,1747,2016,0.0,2730.0,0.553592,1.19865,LVA,LUX,8544
3357619,134,131,1747,2016,0.0,13269.0,-0.772795,-0.206511,MAR,LUX,8544
3357620,138,131,1747,2016,4727.0,87200.0,1.165638,0.6446649999999999,MEX,LUX,8544
3357621,147,131,1747,2016,0.0,2681.0,-1.333702,-1.116794,MOZ,LUX,8544
3357622,151,131,1747,2016,0.0,2084.0,-0.24309899999999998,-0.084888,MUS,LUX,8544
3357623,153,131,1747,2016,684.0,6573.0,1.106894,0.7452840000000001,MYS,LUX,8544
3357624,159,131,1747,2016,0.0,42873.0,-1.835357,-1.286597,NGA,LUX,8544
3357625,162,131,1747,2016,2479897.0,637172.0,1.157361,1.5188540000000001,NLD,LUX,8544
3357626,163,131,1747,2016,13496.0,21209.0,0.89891,0.297673,NOR,LUX,8544
3357627,166,131,1747,2016,0.0,17219.0,0.236556,0.252918,NZL,LUX,8544
3357628,167,131,1747,2016,0.0,36232.0,-0.334782,-0.9107190000000001,OMN,LUX,8544
3357629,168,131,1747,2016,0.0,8483.0,-0.7502800000000001,0.545331,PAK,LUX,8544
3357630,173,131,1747,2016,0.0,7877.0,-0.717529,0.007845999999999999,PER,LUX,8544
3357631,174,131,1747,2016,0.0,17344.0,0.619343,0.303981,PHL,LUX,8544
3357632,177,131,1747,2016,2505761.0,229930.0,1.146113,1.239532,POL,LUX,8544
3357633,179,131,1747,2016,174335.0,36678.0,0.519621,2.254972,PRT,LUX,8544
3357634,182,131,1747,2016,0.0,2833.0,0.11597400000000001,-0.657672,PYF,LUX,8544
3357635,183,131,1747,2016,0.0,5410.0,-0.36124,-1.106629,QAT,LUX,8544
3357636,185,131,1747,2016,109462.0,176087.0,1.061259,0.9878870000000001,ROU,LUX,8544
3357637,186,131,1747,2016,5763.0,95525.0,0.252891,0.200423,RUS,LUX,8544
3357638,188,131,1747,2016,0.0,102326.0,0.394807,-0.638644,SAU,LUX,8544
3357639,192,131,1747,2016,33015.0,6142.0,2.089995,0.564921,SGP,LUX,8544
3357640,201,131,1747,2016,0.0,6504.0,0.501676,1.0447520000000001,SRB,LUX,8544
3357641,206,131,1747,2016,134210.0,35308.0,1.273942,0.763966,SVK,LUX,8544
3357642,207,131,1747,2016,0.0,15566.0,1.6466720000000001,0.8247680000000001,SVN,LUX,8544
3357643,208,131,1747,2016,116249.0,147135.0,1.785149,0.767444,SWE,LUX,8544
3357644,216,131,1747,2016,1122.0,17480.0,1.022065,1.428082,THA,LUX,8544
3357645,219,131,1747,2016,0.0,2247.0,-1.27494,-1.259639,TKM,LUX,8544
3357646,223,131,1747,2016,0.0,10380.0,0.171791,1.062948,TUN,LUX,8544
3357647,224,131,1747,2016,15278.0,45487.0,0.45364799999999994,2.478837,TUR,LUX,8544
3357648,226,131,1747,2016,0.0,2160.0,-1.1008799999999999,-0.048319,TZA,LUX,8544
3357649,228,131,1747,2016,0.0,1426.0,0.406901,0.637051,UKR,LUX,8544
3357650,230,131,1747,2016,0.0,2835.0,0.098051,-0.45418400000000003,URY,LUX,8544
3357651,231,131,1747,2016,1240179.0,312964.0,1.685329,0.297536,USA,LUX,8544
3357652,232,131,1747,2016,0.0,6036.0,-0.703465,-0.493036,UZB,LUX,8544
3357653,239,131,1747,2016,0.0,19354.0,-0.10217899999999999,1.015568,VNM,LUX,8544
3357654,246,131,1747,2016,0.0,70622.0,0.187396,1.46169,ZAF,LUX,8544
3357655,247,131,1747,2016,0.0,1593.0,-0.632437,-0.968817,ZMB,LUX,8544
3357656,249,131,1747,2016,6188.0,3334.0,2.002996,1.39485,TWN,LUX,8544
3357657,250,131,1747,2016,889542.0,0.0,0.773312,-0.015385,ANS,LUX,8544
3357658,4,132,1747,2016,0.0,859.0,-0.534645,-0.09027,ALB,LVA,8544
3357659,7,132,1747,2016,12240.0,83473.0,0.11037999999999999,0.045327,ARE,LVA,8544
3357660,8,132,1747,2016,0.0,9262.0,-0.132495,0.16353199999999998,ARG,LVA,8544
3357661,9,132,1747,2016,0.0,1111.0,-0.044982999999999995,-0.518007,ARM,LVA,8544
3357662,14,132,1747,2016,2515.0,3352.0,-0.25955300000000003,0.0011070000000000001,AUS,LVA,8544
3357663,15,132,1747,2016,90486.0,250464.0,1.759363,0.127262,AUT,LVA,8544
3357664,16,132,1747,2016,0.0,16805.0,-0.909744,-1.180449,AZE,LVA,8544
3357665,18,132,1747,2016,580551.0,4067.0,1.3102610000000001,1.214573,BEL,LVA,8544
3357666,23,132,1747,2016,14435.0,2082.0,0.51707,1.7329130000000001,BGR,LVA,8544
3357667,24,132,1747,2016,0.0,1571.0,0.323348,-0.514446,BHR,LVA,8544
3357668,28,132,1747,2016,4552260.0,66090.0,0.773807,0.827442,BLR,LVA,8544
3357669,32,132,1747,2016,0.0,4144.0,0.245919,0.661809,BRA,LVA,8544
3357670,39,132,1747,2016,13143.0,35758.0,0.6579050000000001,1.12259,CAN,LVA,8544
3357671,41,132,1747,2016,22367.0,83348.0,2.3488689999999997,0.806291,CHE,LVA,8544
3357672,42,132,1747,2016,0.0,1826.0,-0.385519,-0.470495,CHL,LVA,8544
3357673,43,132,1747,2016,7875085.0,113651.0,1.1073620000000002,1.723098,CHN,LVA,8544
3357674,49,132,1747,2016,0.0,7586.0,0.10205700000000001,-0.155574,COL,LVA,8544
3357675,52,132,1747,2016,0.0,749.0,0.204591,-0.18279600000000001,CRI,LVA,8544
3357676,58,132,1747,2016,754.0,8348.0,0.40822800000000004,0.07535,CYP,LVA,8544
3357677,59,132,1747,2016,703350.0,171548.0,1.823627,0.552354,CZE,LVA,8544
3357678,61,132,1747,2016,8249394.0,1625341.0,2.203093,-2.24919,DEU,LVA,8544
3357679,64,132,1747,2016,175021.0,79814.0,1.117864,1.302658,DNK,LVA,8544
3357680,66,132,1747,2016,0.0,19899.0,-1.0202930000000001,-1.236642,DZA,LVA,8544
3357681,67,132,1747,2016,0.0,8127.0,-1.0860049999999999,-1.049065,ECU,LVA,8544
3357682,68,132,1747,2016,0.0,19547.0,-0.142377,1.674348,EGY,LVA,8544
3357683,71,132,1747,2016,667578.0,16736.0,0.765428,2.57725,ESP,LVA,8544
3357684,72,132,1747,2016,8667541.0,4110140.0,1.000418,1.154152,EST,LVA,8544
3357685,73,132,1747,2016,0.0,64058.0,-1.006161,-0.756472,ETH,LVA,8544
3357686,74,132,1747,2016,4421054.0,56283.0,1.581968,1.006432,FIN,LVA,8544
3357687,77,132,1747,2016,6328921.0,10127523.0,1.476437,0.911746,FRA,LVA,8544
3357688,81,132,1747,2016,1202662.0,2216078.0,1.6974669999999998,0.9231299999999999,GBR,LVA,8544
3357689,82,132,1747,2016,0.0,107932.0,-0.388359,-0.51175,GEO,LVA,8544
3357690,90,132,1747,2016,0.0,198173.0,0.12153499999999999,1.126101,GRC,LVA,8544
3357691,97,132,1747,2016,74164.0,99541.0,0.8029029999999999,1.477249,HKG,LVA,8544
3357692,99,132,1747,2016,0.0,2169.0,-0.673741,-0.403777,HND,LVA,8544
3357693,100,132,1747,2016,28372.0,2423.0,0.8695200000000001,1.214791,HRV,LVA,8544
3357694,102,132,1747,2016,146026.0,58204.0,1.445281,0.8422209999999999,HUN,LVA,8544
3357695,104,132,1747,2016,54664.0,36623.0,0.30976,2.61043,IND,LVA,8544
3357696,106,132,1747,2016,4487.0,0.0,1.445238,0.07659400000000001,IRL,LVA,8544
3357697,108,132,1747,2016,0.0,8151.0,-2.2400029999999997,-1.017174,IRQ,LVA,8544
3357698,109,132,1747,2016,0.0,1353.0,0.192448,-0.37174,ISL,LVA,8544
3357699,110,132,1747,2016,35073.0,3276.0,1.352275,0.67584,ISR,LVA,8544
3357700,111,132,1747,2016,780482.0,1299977.0,1.339307,0.8549209999999999,ITA,LVA,8544
3357701,114,132,1747,2016,51505.0,164034.0,2.574025,-0.34859,JPN,LVA,8544
3357702,115,132,1747,2016,0.0,335260.0,-0.376397,-0.553639,KAZ,LVA,8544
3357703,121,132,1747,2016,165679.0,16780.0,2.086184,0.724318,KOR,LVA,8544
3357704,122,132,1747,2016,0.0,318523.0,-0.31188,-1.1438620000000002,KWT,LVA,8544
3357705,124,132,1747,2016,0.0,1998.0,0.285829,1.0818139999999998,LBN,LVA,8544
3357706,130,132,1747,2016,7519443.0,5199433.0,0.706929,1.419432,LTU,LVA,8544
3357707,131,132,1747,2016,2730.0,0.0,1.340054,1.30224,LUX,LVA,8544
3357708,135,132,1747,2016,687844.0,3559.0,-0.340932,-0.2839,MDA,LVA,8544
3357709,137,132,1747,2016,0.0,3654.0,-0.79904,-0.9720840000000001,MDV,LVA,8544
3357710,138,132,1747,2016,1363.0,164286.0,1.165638,0.6446649999999999,MEX,LVA,8544
3357711,140,132,1747,2016,0.0,1972.0,0.026185000000000003,-0.20027999999999999,MKD,LVA,8544
3357712,141,132,1747,2016,0.0,1593.0,-0.584863,-0.74131,MLI,LVA,8544
3357713,142,132,1747,2016,0.0,39551.0,0.8795950000000001,-0.21689499999999998,MLT,LVA,8544
3357714,144,132,1747,2016,0.0,152.0,-0.005084,-0.25252199999999997,MNE,LVA,8544
3357715,151,132,1747,2016,0.0,1786.0,-0.24309899999999998,-0.084888,MUS,LVA,8544
3357716,153,132,1747,2016,2525.0,2413818.0,1.106894,0.7452840000000001,MYS,LVA,8544
3357717,162,132,1747,2016,606976.0,71217.0,1.157361,1.5188540000000001,NLD,LVA,8544
3357718,163,132,1747,2016,26025.0,439971.0,0.89891,0.297673,NOR,LVA,8544
3357719,166,132,1747,2016,0.0,1353.0,0.236556,0.252918,NZL,LVA,8544
3357720,177,132,1747,2016,8162268.0,811998.0,1.146113,1.239532,POL,LVA,8544
3357721,179,132,1747,2016,59357.0,23543.0,0.519621,2.254972,PRT,LVA,8544
3357722,180,132,1747,2016,0.0,62365.0,-0.660702,-1.0329979999999999,PRY,LVA,8544
3357723,183,132,1747,2016,0.0,1095.0,-0.36124,-1.106629,QAT,LVA,8544
3357724,185,132,1747,2016,92503.0,6542.0,1.061259,0.9878870000000001,ROU,LVA,8544
3357725,186,132,1747,2016,894553.0,608623.0,0.252891,0.200423,RUS,LVA,8544
3357726,187,132,1747,2016,0.0,1730.0,-0.5802149999999999,-0.568327,RWA,LVA,8544
3357727,188,132,1747,2016,0.0,113221.0,0.394807,-0.638644,SAU,LVA,8544
3357728,192,132,1747,2016,10469.0,352393.0,2.089995,0.564921,SGP,LVA,8544
3357729,201,132,1747,2016,0.0,824.0,0.501676,1.0447520000000001,SRB,LVA,8544
3357730,206,132,1747,2016,194334.0,326869.0,1.273942,0.763966,SVK,LVA,8544
3357731,207,132,1747,2016,18508.0,106900.0,1.6466720000000001,0.8247680000000001,SVN,LVA,8544
3357732,208,132,1747,2016,1408147.0,851187.0,1.785149,0.767444,SWE,LVA,8544
3357733,211,132,1747,2016,0.0,1307.0,0.441241,-0.580767,SYC,LVA,8544
3357734,214,132,1747,2016,0.0,1886.0,-2.7867189999999997,-1.035452,TCD,LVA,8544
3357735,216,132,1747,2016,0.0,169075.0,1.022065,1.428082,THA,LVA,8544
3357736,224,132,1747,2016,842944.0,8784.0,0.45364799999999994,2.478837,TUR,LVA,8544
3357737,228,132,1747,2016,5444.0,42875.0,0.406901,0.637051,UKR,LVA,8544
3357738,230,132,1747,2016,0.0,1329.0,0.098051,-0.45418400000000003,URY,LVA,8544
3357739,231,132,1747,2016,1086950.0,1532941.0,1.685329,0.297536,USA,LVA,8544
3357740,232,132,1747,2016,0.0,17748.0,-0.703465,-0.493036,UZB,LVA,8544
3357741,239,132,1747,2016,589544.0,56498.0,-0.10217899999999999,1.015568,VNM,LVA,8544
3357742,246,132,1747,2016,0.0,15624.0,0.187396,1.46169,ZAF,LVA,8544
3357743,249,132,1747,2016,414808.0,11827.0,2.002996,1.39485,TWN,LVA,8544
3357744,7,134,1747,2016,145085.0,158217.0,0.11037999999999999,0.045327,ARE,MAR,8544
3357745,8,134,1747,2016,0.0,166180.0,-0.132495,0.16353199999999998,ARG,MAR,8544
3357746,14,134,1747,2016,72346.0,186346.0,-0.25955300000000003,0.0011070000000000001,AUS,MAR,8544
3357747,15,134,1747,2016,5188485.0,21136288.0,1.759363,0.127262,AUT,MAR,8544
3357748,17,134,1747,2016,0.0,277982.0,-1.0141229999999999,-0.908808,BDI,MAR,8544
3357749,18,134,1747,2016,2190126.0,5508565.0,1.3102610000000001,1.214573,BEL,MAR,8544
3357750,19,134,1747,2016,0.0,1197688.0,-0.971123,-0.801574,BEN,MAR,8544
3357751,21,134,1747,2016,0.0,6803821.0,-1.0885790000000002,-1.027005,BFA,MAR,8544
3357752,23,134,1747,2016,72686.0,50180.0,0.51707,1.7329130000000001,BGR,MAR,8544
3357753,24,134,1747,2016,0.0,5652.0,0.323348,-0.514446,BHR,MAR,8544
3357754,26,134,1747,2016,0.0,592.0,0.47827700000000006,0.5643100000000001,BIH,MAR,8544
3357755,28,134,1747,2016,0.0,267.0,0.773807,0.827442,BLR,MAR,8544
3357756,32,134,1747,2016,52698.0,3856319.0,0.245919,0.661809,BRA,MAR,8544
3357757,38,134,1747,2016,0.0,73156.0,-0.43507299999999993,-0.7039300000000001,CAF,MAR,8544
3357758,39,134,1747,2016,51698.0,222450.0,0.6579050000000001,1.12259,CAN,MAR,8544
3357759,41,134,1747,2016,1726544.0,95466.0,2.3488689999999997,0.806291,CHE,MAR,8544
3357760,42,134,1747,2016,0.0,1975.0,-0.385519,-0.470495,CHL,MAR,8544
3357761,43,134,1747,2016,33980532.0,2865152.0,1.1073620000000002,1.723098,CHN,MAR,8544
3357762,44,134,1747,2016,0.0,6205871.0,-0.88415,-0.8122689999999999,CIV,MAR,8544
3357763,45,134,1747,2016,0.0,3287643.0,-1.086484,-1.0725559999999998,CMR,MAR,8544
3357764,46,134,1747,2016,0.0,323022.0,-1.136472,-1.109177,COD,MAR,8544
3357765,47,134,1747,2016,0.0,4263081.0,-0.718731,-1.0663799999999999,COG,MAR,8544
3357766,49,134,1747,2016,0.0,5611.0,0.10205700000000001,-0.155574,COL,MAR,8544
3357767,50,134,1747,2016,0.0,45703.0,-0.520849,-0.8678040000000001,COM,MAR,8544
3357768,58,134,1747,2016,859.0,0.0,0.40822800000000004,0.07535,CYP,MAR,8544
3357769,59,134,1747,2016,20342329.0,3965772.0,1.823627,0.552354,CZE,MAR,8544
3357770,61,134,1747,2016,17507090.0,77550955.0,2.203093,-2.24919,DEU,MAR,8544
3357771,64,134,1747,2016,53277.0,0.0,1.117864,1.302658,DNK,MAR,8544
3357772,65,134,1747,2016,18392.0,0.0,-0.237382,0.295389,DOM,MAR,8544
3357773,66,134,1747,2016,24201.0,9898414.0,-1.0202930000000001,-1.236642,DZA,MAR,8544
3357774,68,134,1747,2016,27964.0,2672.0,-0.142377,1.674348,EGY,MAR,8544
3357775,71,134,1747,2016,150191520.0,1354796040.0,0.765428,2.57725,ESP,MAR,8544
3357776,72,134,1747,2016,246053.0,2373.0,1.000418,1.154152,EST,MAR,8544
3357777,73,134,1747,2016,797.0,5261.0,-1.006161,-0.756472,ETH,MAR,8544
3357778,74,134,1747,2016,324336.0,7900.0,1.581968,1.006432,FIN,MAR,8544
3357779,77,134,1747,2016,69472316.0,579979519.0,1.476437,0.911746,FRA,MAR,8544
3357780,80,134,1747,2016,0.0,3173798.0,-1.530568,-1.254999,GAB,MAR,8544
3357781,81,134,1747,2016,5684590.0,164335043.0,1.6974669999999998,0.9231299999999999,GBR,MAR,8544
3357782,83,134,1747,2016,0.0,424984.0,-0.945358,-0.805301,GHA,MAR,8544
3357783,85,134,1747,2016,0.0,1865322.0,-1.474753,-1.215627,GIN,MAR,8544
3357784,87,134,1747,2016,0.0,209778.0,-0.743023,-0.833044,GMB,MAR,8544
3357785,89,134,1747,2016,0.0,50145.0,-1.766286,-0.9607709999999999,GNQ,MAR,8544
3357786,90,134,1747,2016,12441.0,0.0,0.12153499999999999,1.126101,GRC,MAR,8544
3357787,97,134,1747,2016,135887.0,20328.0,0.8029029999999999,1.477249,HKG,MAR,8544
3357788,99,134,1747,2016,5155.0,0.0,-0.673741,-0.403777,HND,MAR,8544
3357789,102,134,1747,2016,8089543.0,487606.0,1.445281,0.8422209999999999,HUN,MAR,8544
3357790,103,134,1747,2016,3744.0,23648.0,-0.158496,1.492067,IDN,MAR,8544
3357791,104,134,1747,2016,597347.0,212505.0,0.30976,2.61043,IND,MAR,8544
3357792,106,134,1747,2016,125152.0,0.0,1.445238,0.07659400000000001,IRL,MAR,8544
3357793,109,134,1747,2016,0.0,2234.0,0.192448,-0.37174,ISL,MAR,8544
3357794,111,134,1747,2016,7663548.0,159391011.0,1.339307,0.8549209999999999,ITA,MAR,8544
3357795,113,134,1747,2016,0.0,15467.0,-0.0115,0.045625,JOR,MAR,8544
3357796,114,134,1747,2016,2348324.0,1220963.0,2.574025,-0.34859,JPN,MAR,8544
3357797,121,134,1747,2016,13896229.0,247510.0,2.086184,0.724318,KOR,MAR,8544
3357798,122,134,1747,2016,0.0,9795.0,-0.31188,-1.1438620000000002,KWT,MAR,8544
3357799,124,134,1747,2016,466905.0,0.0,0.285829,1.0818139999999998,LBN,MAR,8544
3357800,126,134,1747,2016,0.0,14196516.0,-1.021925,-1.2316790000000002,LBY,MAR,8544
3357801,128,134,1747,2016,0.0,5586.0,-0.562869,0.49937,LKA,MAR,8544
3357802,130,134,1747,2016,10488.0,0.0,0.706929,1.419432,LTU,MAR,8544
3357803,131,134,1747,2016,13269.0,0.0,1.340054,1.30224,LUX,MAR,8544
3357804,135,134,1747,2016,0.0,48636.0,-0.340932,-0.2839,MDA,MAR,8544
3357805,136,134,1747,2016,0.0,584086.0,-1.2672709999999998,-0.613909,MDG,MAR,8544
3357806,138,134,1747,2016,2949044.0,725847.0,1.165638,0.6446649999999999,MEX,MAR,8544
3357807,140,134,1747,2016,0.0,309428.0,0.026185000000000003,-0.20027999999999999,MKD,MAR,8544
3357808,141,134,1747,2016,0.0,7940573.0,-0.584863,-0.74131,MLI,MAR,8544
3357809,144,134,1747,2016,0.0,637.0,-0.005084,-0.25252199999999997,MNE,MAR,8544
3357810,148,134,1747,2016,0.0,9480805.0,-1.542265,-1.318586,MRT,MAR,8544
3357811,151,134,1747,2016,0.0,65526.0,-0.24309899999999998,-0.084888,MUS,MAR,8544
3357812,152,134,1747,2016,0.0,42491.0,-1.113794,-1.172385,MWI,MAR,8544
3357813,153,134,1747,2016,61251.0,101450.0,1.106894,0.7452840000000001,MYS,MAR,8544
3357814,157,134,1747,2016,0.0,1430753.0,-0.973057,-0.953672,NER,MAR,8544
3357815,159,134,1747,2016,0.0,1142.0,-1.835357,-1.286597,NGA,MAR,8544
3357816,160,134,1747,2016,0.0,144455.0,-1.0387389999999999,-0.998977,NIC,MAR,8544
3357817,162,134,1747,2016,9235926.0,533674.0,1.157361,1.5188540000000001,NLD,MAR,8544
3357818,163,134,1747,2016,10435.0,22978.0,0.89891,0.297673,NOR,MAR,8544
3357819,166,134,1747,2016,0.0,25793.0,0.236556,0.252918,NZL,MAR,8544
3357820,168,134,1747,2016,8890.0,0.0,-0.7502800000000001,0.545331,PAK,MAR,8544
3357821,173,134,1747,2016,0.0,23455.0,-0.717529,0.007845999999999999,PER,MAR,8544
3357822,174,134,1747,2016,40035.0,2400.0,0.619343,0.303981,PHL,MAR,8544
3357823,177,134,1747,2016,7463079.0,1699806.0,1.146113,1.239532,POL,MAR,8544
3357824,179,134,1747,2016,38823867.0,35571401.0,0.519621,2.254972,PRT,MAR,8544
3357825,180,134,1747,2016,0.0,13137.0,-0.660702,-1.0329979999999999,PRY,MAR,8544
3357826,183,134,1747,2016,0.0,12969.0,-0.36124,-1.106629,QAT,MAR,8544
3357827,185,134,1747,2016,2952629.0,4617767.0,1.061259,0.9878870000000001,ROU,MAR,8544
3357828,186,134,1747,2016,105592.0,1743003.0,0.252891,0.200423,RUS,MAR,8544
3357829,188,134,1747,2016,393322.0,616918.0,0.394807,-0.638644,SAU,MAR,8544
3357830,190,134,1747,2016,0.0,12469.0,-1.216141,-1.191648,SDN,MAR,8544
3357831,191,134,1747,2016,0.0,4767076.0,-0.7061270000000001,-0.46532399999999996,SEN,MAR,8544
3357832,192,134,1747,2016,21721.0,14807.0,2.089995,0.564921,SGP,MAR,8544
3357833,201,134,1747,2016,303968.0,93449.0,0.501676,1.0447520000000001,SRB,MAR,8544
3357834,206,134,1747,2016,798837.0,3681455.0,1.273942,0.763966,SVK,MAR,8544
3357835,207,134,1747,2016,4626.0,26106.0,1.6466720000000001,0.8247680000000001,SVN,MAR,8544
3357836,208,134,1747,2016,3670921.0,20946759.0,1.785149,0.767444,SWE,MAR,8544
3357837,209,134,1747,2016,1886.0,0.0,0.2785,-0.43804799999999994,SWZ,MAR,8544
3357838,214,134,1747,2016,0.0,68624.0,-2.7867189999999997,-1.035452,TCD,MAR,8544
3357839,215,134,1747,2016,0.0,387427.0,-0.751382,-0.7411310000000001,TGO,MAR,8544
3357840,216,134,1747,2016,153747.0,9834.0,1.022065,1.428082,THA,MAR,8544
3357841,223,134,1747,2016,7552719.0,1718567.0,0.171791,1.062948,TUN,MAR,8544
3357842,224,134,1747,2016,12359643.0,3973709.0,0.45364799999999994,2.478837,TUR,MAR,8544
3357843,228,134,1747,2016,62321.0,135376.0,0.406901,0.637051,UKR,MAR,8544
3357844,230,134,1747,2016,0.0,1555.0,0.098051,-0.45418400000000003,URY,MAR,8544
3357845,231,134,1747,2016,6347608.0,38675400.0,1.685329,0.297536,USA,MAR,8544
3357846,239,134,1747,2016,21121.0,15796.0,-0.10217899999999999,1.015568,VNM,MAR,8544
3357847,246,134,1747,2016,94906.0,1947283.0,0.187396,1.46169,ZAF,MAR,8544
3357848,249,134,1747,2016,1259191.0,16931.0,2.002996,1.39485,TWN,MAR,8544
3357849,250,134,1747,2016,0.0,1088.0,0.773312,-0.015385,ANS,MAR,8544
3357850,7,141,1747,2016,135117.0,0.0,0.11037999999999999,0.045327,ARE,MLI,8544
3357851,14,141,1747,2016,90409.0,0.0,-0.25955300000000003,0.0011070000000000001,AUS,MLI,8544
3357852,15,141,1747,2016,14797.0,0.0,1.759363,0.127262,AUT,MLI,8544
3357853,18,141,1747,2016,214908.0,0.0,1.3102610000000001,1.214573,BEL,MLI,8544
3357854,19,141,1747,2016,0.0,1760.0,-0.971123,-0.801574,BEN,MLI,8544
3357855,21,141,1747,2016,194919.0,3573.0,-1.0885790000000002,-1.027005,BFA,MLI,8544
3357856,32,141,1747,2016,5573.0,0.0,0.245919,0.661809,BRA,MLI,8544
3357857,39,141,1747,2016,224749.0,1772.0,0.6579050000000001,1.12259,CAN,MLI,8544
3357858,41,141,1747,2016,9932.0,0.0,2.3488689999999997,0.806291,CHE,MLI,8544
3357859,43,141,1747,2016,3554604.0,0.0,1.1073620000000002,1.723098,CHN,MLI,8544
3357860,44,141,1747,2016,510931.0,9455.0,-0.88415,-0.8122689999999999,CIV,MLI,8544
3357861,59,141,1747,2016,1217.0,0.0,1.823627,0.552354,CZE,MLI,8544
3357862,61,141,1747,2016,227162.0,0.0,2.203093,-2.24919,DEU,MLI,8544
3357863,64,141,1747,2016,733633.0,0.0,1.117864,1.302658,DNK,MLI,8544
3357864,71,141,1747,2016,93202.0,0.0,0.765428,2.57725,ESP,MLI,8544
3357865,74,141,1747,2016,114878.0,0.0,1.581968,1.006432,FIN,MLI,8544
3357866,77,141,1747,2016,2263650.0,0.0,1.476437,0.911746,FRA,MLI,8544
3357867,81,141,1747,2016,494149.0,0.0,1.6974669999999998,0.9231299999999999,GBR,MLI,8544
3357868,83,141,1747,2016,5550.0,0.0,-0.945358,-0.805301,GHA,MLI,8544
3357869,85,141,1747,2016,2134.0,107264.0,-1.474753,-1.215627,GIN,MLI,8544
3357870,97,141,1747,2016,184243.0,0.0,0.8029029999999999,1.477249,HKG,MLI,8544
3357871,104,141,1747,2016,112312.0,0.0,0.30976,2.61043,IND,MLI,8544
3357872,111,141,1747,2016,5377.0,0.0,1.339307,0.8549209999999999,ITA,MLI,8544
3357873,114,141,1747,2016,357.0,0.0,2.574025,-0.34859,JPN,MLI,8544
3357874,121,141,1747,2016,62567.0,0.0,2.086184,0.724318,KOR,MLI,8544
3357875,132,141,1747,2016,1593.0,0.0,0.553592,1.19865,LVA,MLI,8544
3357876,134,141,1747,2016,7940573.0,0.0,-0.772795,-0.206511,MAR,MLI,8544
3357877,138,141,1747,2016,7854.0,0.0,1.165638,0.6446649999999999,MEX,MLI,8544
3357878,148,141,1747,2016,82602.0,0.0,-1.542265,-1.318586,MRT,MLI,8544
3357879,153,141,1747,2016,33920.0,0.0,1.106894,0.7452840000000001,MYS,MLI,8544
3357880,157,141,1747,2016,0.0,872.0,-0.973057,-0.953672,NER,MLI,8544
3357881,162,141,1747,2016,332879.0,0.0,1.157361,1.5188540000000001,NLD,MLI,8544
3357882,168,141,1747,2016,32423.0,0.0,-0.7502800000000001,0.545331,PAK,MLI,8544
3357883,177,141,1747,2016,192209.0,0.0,1.146113,1.239532,POL,MLI,8544
3357884,179,141,1747,2016,16526.0,0.0,0.519621,2.254972,PRT,MLI,8544
3357885,183,141,1747,2016,16013.0,0.0,-0.36124,-1.106629,QAT,MLI,8544
3357886,185,141,1747,2016,8762.0,0.0,1.061259,0.9878870000000001,ROU,MLI,8544
3357887,186,141,1747,2016,92706.0,0.0,0.252891,0.200423,RUS,MLI,8544
3357888,191,141,1747,2016,515816.0,0.0,-0.7061270000000001,-0.46532399999999996,SEN,MLI,8544
3357889,192,141,1747,2016,1932.0,0.0,2.089995,0.564921,SGP,MLI,8544
3357890,197,141,1747,2016,1657.0,0.0,0.10397999999999999,0.25556599999999996,SLV,MLI,8544
3357891,207,141,1747,2016,3131.0,0.0,1.6466720000000001,0.8247680000000001,SVN,MLI,8544
3357892,208,141,1747,2016,2395.0,0.0,1.785149,0.767444,SWE,MLI,8544
3357893,223,141,1747,2016,58611.0,0.0,0.171791,1.062948,TUN,MLI,8544
3357894,224,141,1747,2016,946289.0,0.0,0.45364799999999994,2.478837,TUR,MLI,8544
3357895,228,141,1747,2016,40654.0,0.0,0.406901,0.637051,UKR,MLI,8544
3357896,231,141,1747,2016,1311747.0,7511.0,1.685329,0.297536,USA,MLI,8544
3357897,246,141,1747,2016,393369.0,40.0,0.187396,1.46169,ZAF,MLI,8544
3357898,250,141,1747,2016,83828.0,0.0,0.773312,-0.015385,ANS,MLI,8544
3357899,2,142,1747,2016,0.0,135889.0,-1.313517,-1.262761,AGO,MLT,8544
3357900,7,142,1747,2016,880.0,43416.0,0.11037999999999999,0.045327,ARE,MLT,8544
3357901,8,142,1747,2016,0.0,1255.0,-0.132495,0.16353199999999998,ARG,MLT,8544
3357902,14,142,1747,2016,1412.0,4261.0,-0.25955300000000003,0.0011070000000000001,AUS,MLT,8544
3357903,15,142,1747,2016,25207.0,16933.0,1.759363,0.127262,AUT,MLT,8544
3357904,18,142,1747,2016,53553.0,1474.0,1.3102610000000001,1.214573,BEL,MLT,8544
3357905,23,142,1747,2016,451238.0,0.0,0.51707,1.7329130000000001,BGR,MLT,8544
3357906,32,142,1747,2016,0.0,4913.0,0.245919,0.661809,BRA,MLT,8544
3357907,39,142,1747,2016,54607.0,836460.0,0.6579050000000001,1.12259,CAN,MLT,8544
3357908,41,142,1747,2016,99652.0,7913.0,2.3488689999999997,0.806291,CHE,MLT,8544
3357909,42,142,1747,2016,0.0,5888.0,-0.385519,-0.470495,CHL,MLT,8544
3357910,43,142,1747,2016,4478711.0,31866.0,1.1073620000000002,1.723098,CHN,MLT,8544
3357911,58,142,1747,2016,1189.0,78925.0,0.40822800000000004,0.07535,CYP,MLT,8544
3357912,59,142,1747,2016,22464.0,2199.0,1.823627,0.552354,CZE,MLT,8544
3357913,61,142,1747,2016,1830120.0,162857.0,2.203093,-2.24919,DEU,MLT,8544
3357914,64,142,1747,2016,13387.0,0.0,1.117864,1.302658,DNK,MLT,8544
3357915,65,142,1747,2016,0.0,334511.0,-0.237382,0.295389,DOM,MLT,8544
3357916,66,142,1747,2016,0.0,1520.0,-1.0202930000000001,-1.236642,DZA,MLT,8544
3357917,68,142,1747,2016,542163.0,31618.0,-0.142377,1.674348,EGY,MLT,8544
3357918,71,142,1747,2016,163307.0,8280.0,0.765428,2.57725,ESP,MLT,8544
3357919,74,142,1747,2016,11374.0,1788.0,1.581968,1.006432,FIN,MLT,8544
3357920,77,142,1747,2016,379037.0,31146.0,1.476437,0.911746,FRA,MLT,8544
3357921,81,142,1747,2016,3354392.0,179994.0,1.6974669999999998,0.9231299999999999,GBR,MLT,8544
3357922,90,142,1747,2016,2462489.0,2779.0,0.12153499999999999,1.126101,GRC,MLT,8544
3357923,97,142,1747,2016,39556.0,3389.0,0.8029029999999999,1.477249,HKG,MLT,8544
3357924,100,142,1747,2016,65115.0,0.0,0.8695200000000001,1.214791,HRV,MLT,8544
3357925,102,142,1747,2016,6656.0,1264.0,1.445281,0.8422209999999999,HUN,MLT,8544
3357926,104,142,1747,2016,8337.0,8231.0,0.30976,2.61043,IND,MLT,8544
3357927,106,142,1747,2016,1450776.0,0.0,1.445238,0.07659400000000001,IRL,MLT,8544
3357928,110,142,1747,2016,0.0,2835.0,1.352275,0.67584,ISR,MLT,8544
3357929,111,142,1747,2016,3914979.0,106120.0,1.339307,0.8549209999999999,ITA,MLT,8544
3357930,114,142,1747,2016,13962.0,5309.0,2.574025,-0.34859,JPN,MLT,8544
3357931,121,142,1747,2016,5546.0,6489.0,2.086184,0.724318,KOR,MLT,8544
3357932,122,142,1747,2016,0.0,280448.0,-0.31188,-1.1438620000000002,KWT,MLT,8544
3357933,126,142,1747,2016,0.0,615136.0,-1.021925,-1.2316790000000002,LBY,MLT,8544
3357934,130,142,1747,2016,2096.0,0.0,0.706929,1.419432,LTU,MLT,8544
3357935,132,142,1747,2016,39551.0,0.0,0.553592,1.19865,LVA,MLT,8544
3357936,138,142,1747,2016,1034.0,2509.0,1.165638,0.6446649999999999,MEX,MLT,8544
3357937,153,142,1747,2016,504013.0,0.0,1.106894,0.7452840000000001,MYS,MLT,8544
3357938,162,142,1747,2016,254385.0,26992.0,1.157361,1.5188540000000001,NLD,MLT,8544
3357939,163,142,1747,2016,60928.0,3564.0,0.89891,0.297673,NOR,MLT,8544
3357940,166,142,1747,2016,1333.0,0.0,0.236556,0.252918,NZL,MLT,8544
3357941,177,142,1747,2016,133167.0,0.0,1.146113,1.239532,POL,MLT,8544
3357942,179,142,1747,2016,34135.0,0.0,0.519621,2.254972,PRT,MLT,8544
3357943,185,142,1747,2016,184760.0,8679.0,1.061259,0.9878870000000001,ROU,MLT,8544
3357944,186,142,1747,2016,999.0,0.0,0.252891,0.200423,RUS,MLT,8544
3357945,188,142,1747,2016,0.0,24741.0,0.394807,-0.638644,SAU,MLT,8544
3357946,192,142,1747,2016,11075.0,4121.0,2.089995,0.564921,SGP,MLT,8544
3357947,201,142,1747,2016,573752.0,1303.0,0.501676,1.0447520000000001,SRB,MLT,8544
3357948,207,142,1747,2016,26000.0,0.0,1.6466720000000001,0.8247680000000001,SVN,MLT,8544
3357949,208,142,1747,2016,54426.0,20596.0,1.785149,0.767444,SWE,MLT,8544
3357950,214,142,1747,2016,0.0,1608.0,-2.7867189999999997,-1.035452,TCD,MLT,8544
3357951,216,142,1747,2016,0.0,10573.0,1.022065,1.428082,THA,MLT,8544
3357952,222,142,1747,2016,0.0,4564.0,-0.191969,-1.028843,TTO,MLT,8544
3357953,224,142,1747,2016,6224199.0,7665.0,0.45364799999999994,2.478837,TUR,MLT,8544
3357954,231,142,1747,2016,508308.0,80960.0,1.685329,0.297536,USA,MLT,8544
3357955,246,142,1747,2016,0.0,2332.0,0.187396,1.46169,ZAF,MLT,8544
3357956,249,142,1747,2016,15409.0,7611.0,2.002996,1.39485,TWN,MLT,8544
3357957,250,142,1747,2016,16742.0,0.0,0.773312,-0.015385,ANS,MLT,8544
3357958,2,147,1747,2016,751.0,47716.0,-1.313517,-1.262761,AGO,MOZ,8544
3357959,7,147,1747,2016,42304.0,14492.0,0.11037999999999999,0.045327,ARE,MOZ,8544
3357960,15,147,1747,2016,149823.0,0.0,1.759363,0.127262,AUT,MOZ,8544
3357961,18,147,1747,2016,180296.0,0.0,1.3102610000000001,1.214573,BEL,MOZ,8544
3357962,23,147,1747,2016,99.0,0.0,0.51707,1.7329130000000001,BGR,MOZ,8544
3357963,32,147,1747,2016,1191.0,0.0,0.245919,0.661809,BRA,MOZ,8544
3357964,37,147,1747,2016,150778.0,0.0,-0.9927739999999999,-1.260391,BWA,MOZ,8544
3357965,41,147,1747,2016,237.0,0.0,2.3488689999999997,0.806291,CHE,MOZ,8544
3357966,42,147,1747,2016,1823.0,0.0,-0.385519,-0.470495,CHL,MOZ,8544
3357967,43,147,1747,2016,10232429.0,0.0,1.1073620000000002,1.723098,CHN,MOZ,8544
3357968,45,147,1747,2016,1826.0,0.0,-1.086484,-1.0725559999999998,CMR,MOZ,8544
3357969,55,147,1747,2016,14446.0,0.0,0.232855,-0.7864260000000001,CUW,MOZ,8544
3357970,59,147,1747,2016,1035.0,0.0,1.823627,0.552354,CZE,MOZ,8544
3357971,61,147,1747,2016,53467.0,0.0,2.203093,-2.24919,DEU,MOZ,8544
3357972,64,147,1747,2016,768.0,0.0,1.117864,1.302658,DNK,MOZ,8544
3357973,71,147,1747,2016,224617.0,3768.0,0.765428,2.57725,ESP,MOZ,8544
3357974,73,147,1747,2016,0.0,58968.0,-1.006161,-0.756472,ETH,MOZ,8544
3357975,74,147,1747,2016,16750.0,0.0,1.581968,1.006432,FIN,MOZ,8544
3357976,75,147,1747,2016,5845.0,0.0,-0.27171999999999996,0.172933,FJI,MOZ,8544
3357977,77,147,1747,2016,67066.0,1006.0,1.476437,0.911746,FRA,MOZ,8544
3357978,80,147,1747,2016,1587.0,0.0,-1.530568,-1.254999,GAB,MOZ,8544
3357979,81,147,1747,2016,75723.0,26659.0,1.6974669999999998,0.9231299999999999,GBR,MOZ,8544
3357980,97,147,1747,2016,61103.0,0.0,0.8029029999999999,1.477249,HKG,MOZ,8544
3357981,103,147,1747,2016,33600.0,0.0,-0.158496,1.492067,IDN,MOZ,8544
3357982,104,147,1747,2016,1660928.0,0.0,0.30976,2.61043,IND,MOZ,8544
3357983,106,147,1747,2016,7582.0,0.0,1.445238,0.07659400000000001,IRL,MOZ,8544
3357984,111,147,1747,2016,93218.0,0.0,1.339307,0.8549209999999999,ITA,MOZ,8544
3357985,114,147,1747,2016,26364.0,0.0,2.574025,-0.34859,JPN,MOZ,8544
3357986,116,147,1747,2016,1007.0,0.0,-0.535616,0.520101,KEN,MOZ,8544
3357987,121,147,1747,2016,486827.0,0.0,2.086184,0.724318,KOR,MOZ,8544
3357988,124,147,1747,2016,72930.0,0.0,0.285829,1.0818139999999998,LBN,MOZ,8544
3357989,128,147,1747,2016,138898.0,0.0,-0.562869,0.49937,LKA,MOZ,8544
3357990,131,147,1747,2016,2681.0,0.0,1.340054,1.30224,LUX,MOZ,8544
3357991,138,147,1747,2016,6653.0,0.0,1.165638,0.6446649999999999,MEX,MOZ,8544
3357992,152,147,1747,2016,0.0,56335.0,-1.113794,-1.172385,MWI,MOZ,8544
3357993,153,147,1747,2016,0.0,252367.0,1.106894,0.7452840000000001,MYS,MOZ,8544
3357994,159,147,1747,2016,0.0,1048.0,-1.835357,-1.286597,NGA,MOZ,8544
3357995,162,147,1747,2016,24833.0,0.0,1.157361,1.5188540000000001,NLD,MOZ,8544
3357996,163,147,1747,2016,30498.0,1077.0,0.89891,0.297673,NOR,MOZ,8544
3357997,168,147,1747,2016,1492.0,0.0,-0.7502800000000001,0.545331,PAK,MOZ,8544
3357998,169,147,1747,2016,253202.0,0.0,0.58773,0.654145,PAN,MOZ,8544
3357999,177,147,1747,2016,299026.0,0.0,1.146113,1.239532,POL,MOZ,8544
3358000,178,147,1747,2016,254380.0,0.0,-0.512374,-0.143648,PRK,MOZ,8544
3358001,179,147,1747,2016,7964427.0,21965.0,0.519621,2.254972,PRT,MOZ,8544
3358002,188,147,1747,2016,10094.0,0.0,0.394807,-0.638644,SAU,MOZ,8544
3358003,192,147,1747,2016,25024.0,1289.0,2.089995,0.564921,SGP,MOZ,8544
3358004,206,147,1747,2016,1104.0,0.0,1.273942,0.763966,SVK,MOZ,8544
3358005,208,147,1747,2016,97039.0,0.0,1.785149,0.767444,SWE,MOZ,8544
3358006,209,147,1747,2016,26348.0,0.0,0.2785,-0.43804799999999994,SWZ,MOZ,8544
3358007,216,147,1747,2016,20685.0,0.0,1.022065,1.428082,THA,MOZ,8544
3358008,224,147,1747,2016,468994.0,0.0,0.45364799999999994,2.478837,TUR,MOZ,8544
3358009,226,147,1747,2016,9619.0,5775.0,-1.1008799999999999,-0.048319,TZA,MOZ,8544
3358010,231,147,1747,2016,587350.0,27735.0,1.685329,0.297536,USA,MOZ,8544
3358011,239,147,1747,2016,2639867.0,0.0,-0.10217899999999999,1.015568,VNM,MOZ,8544
3358012,246,147,1747,2016,13097069.0,120418.0,0.187396,1.46169,ZAF,MOZ,8544
3358013,248,147,1747,2016,234963.0,11422.0,-1.083532,-1.0016610000000001,ZWE,MOZ,8544
3358014,249,147,1747,2016,47779.0,0.0,2.002996,1.39485,TWN,MOZ,8544
3358015,7,164,1747,2016,0.0,1470.0,0.11037999999999999,0.045327,ARE,NPL,8544
3358016,14,164,1747,2016,2572.0,0.0,-0.25955300000000003,0.0011070000000000001,AUS,NPL,8544
3358017,15,164,1747,2016,3469.0,0.0,1.759363,0.127262,AUT,NPL,8544
3358018,18,164,1747,2016,807.0,0.0,1.3102610000000001,1.214573,BEL,NPL,8544
3358019,41,164,1747,2016,4160.0,0.0,2.3488689999999997,0.806291,CHE,NPL,8544
3358020,43,164,1747,2016,3915880.0,0.0,1.1073620000000002,1.723098,CHN,NPL,8544
3358021,61,164,1747,2016,56476.0,0.0,2.203093,-2.24919,DEU,NPL,8544
3358022,64,164,1747,2016,1466.0,0.0,1.117864,1.302658,DNK,NPL,8544
3358023,81,164,1747,2016,52110.0,0.0,1.6974669999999998,0.9231299999999999,GBR,NPL,8544
3358024,97,164,1747,2016,245629.0,0.0,0.8029029999999999,1.477249,HKG,NPL,8544
3358025,104,164,1747,2016,5983681.0,180729.0,0.30976,2.61043,IND,NPL,8544
3358026,106,164,1747,2016,4345.0,0.0,1.445238,0.07659400000000001,IRL,NPL,8544
3358027,110,164,1747,2016,8534.0,0.0,1.352275,0.67584,ISR,NPL,8544
3358028,111,164,1747,2016,13695.0,0.0,1.339307,0.8549209999999999,ITA,NPL,8544
3358029,114,164,1747,2016,36041.0,0.0,2.574025,-0.34859,JPN,NPL,8544
3358030,121,164,1747,2016,4075.0,0.0,2.086184,0.724318,KOR,NPL,8544
3358031,138,164,1747,2016,3388.0,0.0,1.165638,0.6446649999999999,MEX,NPL,8544
3358032,153,164,1747,2016,3190.0,0.0,1.106894,0.7452840000000001,MYS,NPL,8544
3358033,162,164,1747,2016,9846.0,0.0,1.157361,1.5188540000000001,NLD,NPL,8544
3358034,192,164,1747,2016,81301.0,0.0,2.089995,0.564921,SGP,NPL,8544
3358035,206,164,1747,2016,2226.0,0.0,1.273942,0.763966,SVK,NPL,8544
3358036,207,164,1747,2016,4348.0,0.0,1.6466720000000001,0.8247680000000001,SVN,NPL,8544
3358037,208,164,1747,2016,94624.0,0.0,1.785149,0.767444,SWE,NPL,8544
3358038,216,164,1747,2016,2130.0,0.0,1.022065,1.428082,THA,NPL,8544
3358039,231,164,1747,2016,22291.0,0.0,1.685329,0.297536,USA,NPL,8544
3358040,239,164,1747,2016,1805.0,0.0,-0.10217899999999999,1.015568,VNM,NPL,8544
3358041,249,164,1747,2016,18661.0,0.0,2.002996,1.39485,TWN,NPL,8544
3358042,250,164,1747,2016,1425.0,0.0,0.773312,-0.015385,ANS,NPL,8544
3358043,1,168,1747,2016,0.0,253704.0,-1.497486,-1.002342,AFG,PAK,8544
3358044,7,168,1747,2016,1487210.0,1522813.0,0.11037999999999999,0.045327,ARE,PAK,8544
3358045,14,168,1747,2016,87224.0,19939.0,-0.25955300000000003,0.0011070000000000001,AUS,PAK,8544
3358046,15,168,1747,2016,496284.0,0.0,1.759363,0.127262,AUT,PAK,8544
3358047,18,168,1747,2016,507923.0,65171.0,1.3102610000000001,1.214573,BEL,PAK,8544
3358048,23,168,1747,2016,5848.0,0.0,0.51707,1.7329130000000001,BGR,PAK,8544
3358049,24,168,1747,2016,58108.0,0.0,0.323348,-0.514446,BHR,PAK,8544
3358050,32,168,1747,2016,2291.0,0.0,0.245919,0.661809,BRA,PAK,8544
3358051,39,168,1747,2016,61181.0,5423.0,0.6579050000000001,1.12259,CAN,PAK,8544
3358052,41,168,1747,2016,152846.0,0.0,2.3488689999999997,0.806291,CHE,PAK,8544
3358053,42,168,1747,2016,40846.0,6810.0,-0.385519,-0.470495,CHL,PAK,8544
3358054,43,168,1747,2016,185986011.0,86530.0,1.1073620000000002,1.723098,CHN,PAK,8544
3358055,46,168,1747,2016,0.0,52714.0,-1.136472,-1.109177,COD,PAK,8544
3358056,59,168,1747,2016,331643.0,5108.0,1.823627,0.552354,CZE,PAK,8544
3358057,61,168,1747,2016,2792444.0,0.0,2.203093,-2.24919,DEU,PAK,8544
3358058,62,168,1747,2016,0.0,42921.0,-0.032607,-0.549622,DJI,PAK,8544
3358059,64,168,1747,2016,59023.0,0.0,1.117864,1.302658,DNK,PAK,8544
3358060,66,168,1747,2016,0.0,13361.0,-1.0202930000000001,-1.236642,DZA,PAK,8544
3358061,68,168,1747,2016,311426.0,1111324.0,-0.142377,1.674348,EGY,PAK,8544
3358062,71,168,1747,2016,120926.0,0.0,0.765428,2.57725,ESP,PAK,8544
3358063,72,168,1747,2016,1680.0,0.0,1.000418,1.154152,EST,PAK,8544
3358064,73,168,1747,2016,0.0,26382.0,-1.006161,-0.756472,ETH,PAK,8544
3358065,74,168,1747,2016,137903.0,0.0,1.581968,1.006432,FIN,PAK,8544
3358066,77,168,1747,2016,2810166.0,6701.0,1.476437,0.911746,FRA,PAK,8544
3358067,81,168,1747,2016,1100487.0,123063.0,1.6974669999999998,0.9231299999999999,GBR,PAK,8544
3358068,90,168,1747,2016,375917.0,0.0,0.12153499999999999,1.126101,GRC,PAK,8544
3358069,97,168,1747,2016,338344.0,2177.0,0.8029029999999999,1.477249,HKG,PAK,8544
3358070,100,168,1747,2016,0.0,991.0,0.8695200000000001,1.214791,HRV,PAK,8544
3358071,102,168,1747,2016,69418.0,0.0,1.445281,0.8422209999999999,HUN,PAK,8544
3358072,103,168,1747,2016,371600.0,0.0,-0.158496,1.492067,IDN,PAK,8544
3358073,104,168,1747,2016,12155.0,0.0,0.30976,2.61043,IND,PAK,8544
3358074,106,168,1747,2016,95358.0,0.0,1.445238,0.07659400000000001,IRL,PAK,8544
3358075,107,168,1747,2016,4024.0,0.0,-0.407368,-0.23482399999999998,IRN,PAK,8544
3358076,108,168,1747,2016,0.0,703847.0,-2.2400029999999997,-1.017174,IRQ,PAK,8544
3358077,111,168,1747,2016,833229.0,1482.0,1.339307,0.8549209999999999,ITA,PAK,8544
3358078,113,168,1747,2016,0.0,4018.0,-0.0115,0.045625,JOR,PAK,8544
3358079,114,168,1747,2016,3688832.0,8945.0,2.574025,-0.34859,JPN,PAK,8544
3358080,116,168,1747,2016,0.0,40758.0,-0.535616,0.520101,KEN,PAK,8544
3358081,121,168,1747,2016,10641437.0,0.0,2.086184,0.724318,KOR,PAK,8544
3358082,122,168,1747,2016,1352.0,11790.0,-0.31188,-1.1438620000000002,KWT,PAK,8544
3358083,128,168,1747,2016,76491.0,0.0,-0.562869,0.49937,LKA,PAK,8544
3358084,130,168,1747,2016,0.0,2246.0,0.706929,1.419432,LTU,PAK,8544
3358085,131,168,1747,2016,8483.0,0.0,1.340054,1.30224,LUX,PAK,8544
3358086,134,168,1747,2016,0.0,8890.0,-0.772795,-0.206511,MAR,PAK,8544
3358087,138,168,1747,2016,295505.0,0.0,1.165638,0.6446649999999999,MEX,PAK,8544
3358088,141,168,1747,2016,0.0,32423.0,-0.584863,-0.74131,MLI,PAK,8544
3358089,147,168,1747,2016,0.0,1492.0,-1.333702,-1.116794,MOZ,PAK,8544
3358090,153,168,1747,2016,166948.0,2089.0,1.106894,0.7452840000000001,MYS,PAK,8544
3358091,160,168,1747,2016,0.0,1683.0,-1.0387389999999999,-0.998977,NIC,PAK,8544
3358092,162,168,1747,2016,415488.0,2321.0,1.157361,1.5188540000000001,NLD,PAK,8544
3358093,163,168,1747,2016,10099.0,0.0,0.89891,0.297673,NOR,PAK,8544
3358094,166,168,1747,2016,28516.0,3455.0,0.236556,0.252918,NZL,PAK,8544
3358095,167,168,1747,2016,237040.0,0.0,-0.334782,-0.9107190000000001,OMN,PAK,8544
3358096,177,168,1747,2016,727051.0,0.0,1.146113,1.239532,POL,PAK,8544
3358097,178,168,1747,2016,9190.0,0.0,-0.512374,-0.143648,PRK,PAK,8544
3358098,179,168,1747,2016,981.0,0.0,0.519621,2.254972,PRT,PAK,8544
3358099,183,168,1747,2016,7626.0,0.0,-0.36124,-1.106629,QAT,PAK,8544
3358100,185,168,1747,2016,10013.0,0.0,1.061259,0.9878870000000001,ROU,PAK,8544
3358101,186,168,1747,2016,42300.0,0.0,0.252891,0.200423,RUS,PAK,8544
3358102,190,168,1747,2016,0.0,57472.0,-1.216141,-1.191648,SDN,PAK,8544
3358103,191,168,1747,2016,0.0,212233.0,-0.7061270000000001,-0.46532399999999996,SEN,PAK,8544
3358104,192,168,1747,2016,1204027.0,14066.0,2.089995,0.564921,SGP,PAK,8544
3358105,206,168,1747,2016,10947.0,0.0,1.273942,0.763966,SVK,PAK,8544
3358106,208,168,1747,2016,824362.0,0.0,1.785149,0.767444,SWE,PAK,8544
3358107,209,168,1747,2016,6908.0,0.0,0.2785,-0.43804799999999994,SWZ,PAK,8544
3358108,212,168,1747,2016,1423.0,0.0,-0.746222,0.179918,SYR,PAK,8544
3358109,214,168,1747,2016,1809.0,0.0,-2.7867189999999997,-1.035452,TCD,PAK,8544
3358110,216,168,1747,2016,5057230.0,5589.0,1.022065,1.428082,THA,PAK,8544
3358111,223,168,1747,2016,50754.0,0.0,0.171791,1.062948,TUN,PAK,8544
3358112,224,168,1747,2016,2292336.0,22075.0,0.45364799999999994,2.478837,TUR,PAK,8544
3358113,226,168,1747,2016,0.0,1991.0,-1.1008799999999999,-0.048319,TZA,PAK,8544
3358114,228,168,1747,2016,46903.0,0.0,0.406901,0.637051,UKR,PAK,8544
3358115,231,168,1747,2016,1956332.0,53870.0,1.685329,0.297536,USA,PAK,8544
3358116,239,168,1747,2016,2622341.0,0.0,-0.10217899999999999,1.015568,VNM,PAK,8544
3358117,246,168,1747,2016,25078.0,9069.0,0.187396,1.46169,ZAF,PAK,8544
3358118,249,168,1747,2016,3676770.0,0.0,2.002996,1.39485,TWN,PAK,8544
3358119,250,168,1747,2016,1123619.0,0.0,0.773312,-0.015385,ANS,PAK,8544
3358120,7,183,1747,2016,13944616.0,11861712.0,0.11037999999999999,0.045327,ARE,QAT,8544
3358121,14,183,1747,2016,1805.0,0.0,-0.25955300000000003,0.0011070000000000001,AUS,QAT,8544
3358122,15,183,1747,2016,243563.0,2283.0,1.759363,0.127262,AUT,QAT,8544
3358123,18,183,1747,2016,2800371.0,0.0,1.3102610000000001,1.214573,BEL,QAT,8544
3358124,23,183,1747,2016,84374.0,0.0,0.51707,1.7329130000000001,BGR,QAT,8544
3358125,24,183,1747,2016,560548.0,1103755.0,0.323348,-0.514446,BHR,QAT,8544
3358126,26,183,1747,2016,880.0,0.0,0.47827700000000006,0.5643100000000001,BIH,QAT,8544
3358127,39,183,1747,2016,120944.0,0.0,0.6579050000000001,1.12259,CAN,QAT,8544
3358128,41,183,1747,2016,396689.0,3076.0,2.3488689999999997,0.806291,CHE,QAT,8544
3358129,43,183,1747,2016,6652776.0,0.0,1.1073620000000002,1.723098,CHN,QAT,8544
3358130,52,183,1747,2016,328744.0,0.0,0.204591,-0.18279600000000001,CRI,QAT,8544
3358131,59,183,1747,2016,1692507.0,4776.0,1.823627,0.552354,CZE,QAT,8544
3358132,61,183,1747,2016,5572815.0,10302.0,2.203093,-2.24919,DEU,QAT,8544
3358133,64,183,1747,2016,133819.0,0.0,1.117864,1.302658,DNK,QAT,8544
3358134,68,183,1747,2016,88840224.0,0.0,-0.142377,1.674348,EGY,QAT,8544
3358135,71,183,1747,2016,2569133.0,0.0,0.765428,2.57725,ESP,QAT,8544
3358136,72,183,1747,2016,37146.0,0.0,1.000418,1.154152,EST,QAT,8544
3358137,74,183,1747,2016,34532.0,0.0,1.581968,1.006432,FIN,QAT,8544
3358138,77,183,1747,2016,1339042.0,41542.0,1.476437,0.911746,FRA,QAT,8544
3358139,81,183,1747,2016,14506369.0,41408.0,1.6974669999999998,0.9231299999999999,GBR,QAT,8544
3358140,83,183,1747,2016,0.0,4941.0,-0.945358,-0.805301,GHA,QAT,8544
3358141,90,183,1747,2016,88907.0,0.0,0.12153499999999999,1.126101,GRC,QAT,8544
3358142,97,183,1747,2016,151979.0,3302.0,0.8029029999999999,1.477249,HKG,QAT,8544
3358143,100,183,1747,2016,14921.0,0.0,0.8695200000000001,1.214791,HRV,QAT,8544
3358144,102,183,1747,2016,520029.0,0.0,1.445281,0.8422209999999999,HUN,QAT,8544
3358145,103,183,1747,2016,13223.0,0.0,-0.158496,1.492067,IDN,QAT,8544
3358146,104,183,1747,2016,1745273.0,0.0,0.30976,2.61043,IND,QAT,8544
3358147,106,183,1747,2016,3727238.0,0.0,1.445238,0.07659400000000001,IRL,QAT,8544
3358148,107,183,1747,2016,3545.0,0.0,-0.407368,-0.23482399999999998,IRN,QAT,8544
3358149,111,183,1747,2016,4809340.0,1151.0,1.339307,0.8549209999999999,ITA,QAT,8544
3358150,113,183,1747,2016,158231.0,0.0,-0.0115,0.045625,JOR,QAT,8544
3358151,114,183,1747,2016,38794832.0,5244.0,2.574025,-0.34859,JPN,QAT,8544
3358152,115,183,1747,2016,4938.0,0.0,-0.376397,-0.553639,KAZ,QAT,8544
3358153,121,183,1747,2016,10352872.0,14044.0,2.086184,0.724318,KOR,QAT,8544
3358154,122,183,1747,2016,618265.0,303204.0,-0.31188,-1.1438620000000002,KWT,QAT,8544
3358155,124,183,1747,2016,774563.0,0.0,0.285829,1.0818139999999998,LBN,QAT,8544
3358156,131,183,1747,2016,5410.0,0.0,1.340054,1.30224,LUX,QAT,8544
3358157,132,183,1747,2016,1095.0,0.0,0.553592,1.19865,LVA,QAT,8544
3358158,134,183,1747,2016,12969.0,0.0,-0.772795,-0.206511,MAR,QAT,8544
3358159,137,183,1747,2016,0.0,5065.0,-0.79904,-0.9720840000000001,MDV,QAT,8544
3358160,138,183,1747,2016,782070.0,0.0,1.165638,0.6446649999999999,MEX,QAT,8544
3358161,141,183,1747,2016,0.0,16013.0,-0.584863,-0.74131,MLI,QAT,8544
3358162,153,183,1747,2016,2498099.0,0.0,1.106894,0.7452840000000001,MYS,QAT,8544
3358163,162,183,1747,2016,5587390.0,18600.0,1.157361,1.5188540000000001,NLD,QAT,8544
3358164,163,183,1747,2016,74003.0,0.0,0.89891,0.297673,NOR,QAT,8544
3358165,166,183,1747,2016,4965.0,0.0,0.236556,0.252918,NZL,QAT,8544
3358166,167,183,1747,2016,45475715.0,199967.0,-0.334782,-0.9107190000000001,OMN,QAT,8544
3358167,168,183,1747,2016,0.0,7626.0,-0.7502800000000001,0.545331,PAK,QAT,8544
3358168,174,183,1747,2016,98938.0,10270.0,0.619343,0.303981,PHL,QAT,8544
3358169,177,183,1747,2016,549677.0,0.0,1.146113,1.239532,POL,QAT,8544
3358170,179,183,1747,2016,22696.0,0.0,0.519621,2.254972,PRT,QAT,8544
3358171,185,183,1747,2016,224105.0,0.0,1.061259,0.9878870000000001,ROU,QAT,8544
3358172,188,183,1747,2016,25535206.0,11645428.0,0.394807,-0.638644,SAU,QAT,8544
3358173,190,183,1747,2016,0.0,1222.0,-1.216141,-1.191648,SDN,QAT,8544
3358174,192,183,1747,2016,48136.0,0.0,2.089995,0.564921,SGP,QAT,8544
3358175,199,183,1747,2016,12485.0,0.0,-1.429439,-1.006612,SOM,QAT,8544
3358176,206,183,1747,2016,892452.0,0.0,1.273942,0.763966,SVK,QAT,8544
3358177,207,183,1747,2016,0.0,668.0,1.6466720000000001,0.8247680000000001,SVN,QAT,8544
3358178,208,183,1747,2016,279567.0,0.0,1.785149,0.767444,SWE,QAT,8544
3358179,216,183,1747,2016,175474.0,0.0,1.022065,1.428082,THA,QAT,8544
3358180,224,183,1747,2016,13843605.0,23438.0,0.45364799999999994,2.478837,TUR,QAT,8544
3358181,231,183,1747,2016,10744833.0,21286.0,1.685329,0.297536,USA,QAT,8544
3358182,239,183,1747,2016,133147.0,0.0,-0.10217899999999999,1.015568,VNM,QAT,8544
3358183,246,183,1747,2016,3904.0,0.0,0.187396,1.46169,ZAF,QAT,8544
3358184,249,183,1747,2016,308977.0,0.0,2.002996,1.39485,TWN,QAT,8544
3358185,250,183,1747,2016,15963.0,0.0,0.773312,-0.015385,ANS,QAT,8544
3358186,2,185,1747,2016,0.0,14743.0,-1.313517,-1.262761,AGO,ROU,8544
3358187,4,185,1747,2016,1330.0,53270.0,-0.534645,-0.09027,ALB,ROU,8544
3358188,7,185,1747,2016,0.0,2102097.0,0.11037999999999999,0.045327,ARE,ROU,8544
3358189,8,185,1747,2016,0.0,96332.0,-0.132495,0.16353199999999998,ARG,ROU,8544
3358190,9,185,1747,2016,0.0,25492.0,-0.044982999999999995,-0.518007,ARM,ROU,8544
3358191,14,185,1747,2016,431265.0,2069067.0,-0.25955300000000003,0.0011070000000000001,AUS,ROU,8544
3358192,15,185,1747,2016,32961066.0,53649394.0,1.759363,0.127262,AUT,ROU,8544
3358193,16,185,1747,2016,0.0,359897.0,-0.909744,-1.180449,AZE,ROU,8544
3358194,17,185,1747,2016,0.0,5946.0,-1.0141229999999999,-0.908808,BDI,ROU,8544
3358195,18,185,1747,2016,9261431.0,70145217.0,1.3102610000000001,1.214573,BEL,ROU,8544
3358196,21,185,1747,2016,0.0,26122.0,-1.0885790000000002,-1.027005,BFA,ROU,8544
3358197,23,185,1747,2016,35319324.0,38125077.0,0.51707,1.7329130000000001,BGR,ROU,8544
3358198,24,185,1747,2016,0.0,32790.0,0.323348,-0.514446,BHR,ROU,8544
3358199,26,185,1747,2016,67346.0,375383.0,0.47827700000000006,0.5643100000000001,BIH,ROU,8544
3358200,28,185,1747,2016,16589.0,38229.0,0.773807,0.827442,BLR,ROU,8544
3358201,31,185,1747,2016,0.0,2329.0,-1.061758,-1.041501,BOL,ROU,8544
3358202,32,185,1747,2016,340000.0,2840289.0,0.245919,0.661809,BRA,ROU,8544
3358203,34,185,1747,2016,0.0,17140.0,0.078764,-0.8103670000000001,BRN,ROU,8544
3358204,39,185,1747,2016,130939.0,563497.0,0.6579050000000001,1.12259,CAN,ROU,8544
3358205,41,185,1747,2016,3254054.0,3632329.0,2.3488689999999997,0.806291,CHE,ROU,8544
3358206,42,185,1747,2016,0.0,9743.0,-0.385519,-0.470495,CHL,ROU,8544
3358207,43,185,1747,2016,40345816.0,10436432.0,1.1073620000000002,1.723098,CHN,ROU,8544
3358208,44,185,1747,2016,0.0,21728.0,-0.88415,-0.8122689999999999,CIV,ROU,8544
3358209,45,185,1747,2016,0.0,10713.0,-1.086484,-1.0725559999999998,CMR,ROU,8544
3358210,46,185,1747,2016,0.0,132918.0,-1.136472,-1.109177,COD,ROU,8544
3358211,47,185,1747,2016,137166.0,620.0,-0.718731,-1.0663799999999999,COG,ROU,8544
3358212,49,185,1747,2016,0.0,7234744.0,0.10205700000000001,-0.155574,COL,ROU,8544
3358213,52,185,1747,2016,29442.0,25131.0,0.204591,-0.18279600000000001,CRI,ROU,8544
3358214,58,185,1747,2016,23128.0,314828.0,0.40822800000000004,0.07535,CYP,ROU,8544
3358215,59,185,1747,2016,99810812.0,233609063.0,1.823627,0.552354,CZE,ROU,8544
3358216,61,185,1747,2016,229414450.0,1656395817.0,2.203093,-2.24919,DEU,ROU,8544
3358217,64,185,1747,2016,160182.0,647977.0,1.117864,1.302658,DNK,ROU,8544
3358218,65,185,1747,2016,1436.0,16634.0,-0.237382,0.295389,DOM,ROU,8544
3358219,66,185,1747,2016,0.0,5966886.0,-1.0202930000000001,-1.236642,DZA,ROU,8544
3358220,67,185,1747,2016,0.0,4138.0,-1.0860049999999999,-1.049065,ECU,ROU,8544
3358221,68,185,1747,2016,2470800.0,4301858.0,-0.142377,1.674348,EGY,ROU,8544
3358222,71,185,1747,2016,19506036.0,58261234.0,0.765428,2.57725,ESP,ROU,8544
3358223,72,185,1747,2016,97463.0,65037.0,1.000418,1.154152,EST,ROU,8544
3358224,73,185,1747,2016,0.0,2949.0,-1.006161,-0.756472,ETH,ROU,8544
3358225,74,185,1747,2016,93483.0,14449974.0,1.581968,1.006432,FIN,ROU,8544
3358226,77,185,1747,2016,30581150.0,338402646.0,1.476437,0.911746,FRA,ROU,8544
3358227,80,185,1747,2016,0.0,21004.0,-1.530568,-1.254999,GAB,ROU,8544
3358228,81,185,1747,2016,23495405.0,322381545.0,1.6974669999999998,0.9231299999999999,GBR,ROU,8544
3358229,82,185,1747,2016,0.0,550689.0,-0.388359,-0.51175,GEO,ROU,8544
3358230,83,185,1747,2016,0.0,520908.0,-0.945358,-0.805301,GHA,ROU,8544
3358231,85,185,1747,2016,0.0,463.0,-1.474753,-1.215627,GIN,ROU,8544
3358232,87,185,1747,2016,0.0,2843.0,-0.743023,-0.833044,GMB,ROU,8544
3358233,90,185,1747,2016,8438015.0,24198285.0,0.12153499999999999,1.126101,GRC,ROU,8544
3358234,96,185,1747,2016,0.0,1547656.0,-0.4755,-0.778335,GUY,ROU,8544
3358235,97,185,1747,2016,336375.0,134069.0,0.8029029999999999,1.477249,HKG,ROU,8544
3358236,99,185,1747,2016,0.0,700.0,-0.673741,-0.403777,HND,ROU,8544
3358237,100,185,1747,2016,12555.0,2211734.0,0.8695200000000001,1.214791,HRV,ROU,8544
3358238,102,185,1747,2016,168064111.0,400270762.0,1.445281,0.8422209999999999,HUN,ROU,8544
3358239,103,185,1747,2016,2358.0,35443.0,-0.158496,1.492067,IDN,ROU,8544
3358240,104,185,1747,2016,5868601.0,354937.0,0.30976,2.61043,IND,ROU,8544
3358241,106,185,1747,2016,610306.0,483043.0,1.445238,0.07659400000000001,IRL,ROU,8544
3358242,107,185,1747,2016,0.0,276090.0,-0.407368,-0.23482399999999998,IRN,ROU,8544
3358243,109,185,1747,2016,0.0,57546.0,0.192448,-0.37174,ISL,ROU,8544
3358244,110,185,1747,2016,3729325.0,8937576.0,1.352275,0.67584,ISR,ROU,8544
3358245,111,185,1747,2016,129176021.0,110911613.0,1.339307,0.8549209999999999,ITA,ROU,8544
3358246,113,185,1747,2016,0.0,95431.0,-0.0115,0.045625,JOR,ROU,8544
3358247,114,185,1747,2016,7406749.0,1205336.0,2.574025,-0.34859,JPN,ROU,8544
3358248,115,185,1747,2016,0.0,22321.0,-0.376397,-0.553639,KAZ,ROU,8544
3358249,116,185,1747,2016,0.0,4246.0,-0.535616,0.520101,KEN,ROU,8544
3358250,121,185,1747,2016,3887333.0,1437804.0,2.086184,0.724318,KOR,ROU,8544
3358251,122,185,1747,2016,0.0,96753.0,-0.31188,-1.1438620000000002,KWT,ROU,8544
3358252,124,185,1747,2016,2066.0,52457.0,0.285829,1.0818139999999998,LBN,ROU,8544
3358253,126,185,1747,2016,0.0,111001.0,-1.021925,-1.2316790000000002,LBY,ROU,8544
3358254,128,185,1747,2016,3244648.0,0.0,-0.562869,0.49937,LKA,ROU,8544
3358255,130,185,1747,2016,3901990.0,273609.0,0.706929,1.419432,LTU,ROU,8544
3358256,131,185,1747,2016,176087.0,109462.0,1.340054,1.30224,LUX,ROU,8544
3358257,132,185,1747,2016,6542.0,92503.0,0.553592,1.19865,LVA,ROU,8544
3358258,134,185,1747,2016,4617767.0,2952629.0,-0.772795,-0.206511,MAR,ROU,8544
3358259,135,185,1747,2016,204632914.0,59901863.0,-0.340932,-0.2839,MDA,ROU,8544
3358260,136,185,1747,2016,0.0,4214.0,-1.2672709999999998,-0.613909,MDG,ROU,8544
3358261,138,185,1747,2016,5671362.0,3202246.0,1.165638,0.6446649999999999,MEX,ROU,8544
3358262,140,185,1747,2016,51375923.0,52488438.0,0.026185000000000003,-0.20027999999999999,MKD,ROU,8544
3358263,141,185,1747,2016,0.0,8762.0,-0.584863,-0.74131,MLI,ROU,8544
3358264,142,185,1747,2016,8679.0,184760.0,0.8795950000000001,-0.21689499999999998,MLT,ROU,8544
3358265,144,185,1747,2016,0.0,64733.0,-0.005084,-0.25252199999999997,MNE,ROU,8544
3358266,151,185,1747,2016,0.0,6469.0,-0.24309899999999998,-0.084888,MUS,ROU,8544
3358267,153,185,1747,2016,2935521.0,665944.0,1.106894,0.7452840000000001,MYS,ROU,8544
3358268,157,185,1747,2016,0.0,41897.0,-0.973057,-0.953672,NER,ROU,8544
3358269,159,185,1747,2016,0.0,30380.0,-1.835357,-1.286597,NGA,ROU,8544
3358270,160,185,1747,2016,0.0,101098.0,-1.0387389999999999,-0.998977,NIC,ROU,8544
3358271,162,185,1747,2016,7465021.0,37868760.0,1.157361,1.5188540000000001,NLD,ROU,8544
3358272,163,185,1747,2016,596938.0,812553.0,0.89891,0.297673,NOR,ROU,8544
3358273,166,185,1747,2016,12727.0,48480.0,0.236556,0.252918,NZL,ROU,8544
3358274,167,185,1747,2016,0.0,51161.0,-0.334782,-0.9107190000000001,OMN,ROU,8544
3358275,168,185,1747,2016,0.0,10013.0,-0.7502800000000001,0.545331,PAK,ROU,8544
3358276,169,185,1747,2016,0.0,555050.0,0.58773,0.654145,PAN,ROU,8544
3358277,173,185,1747,2016,0.0,58698.0,-0.717529,0.007845999999999999,PER,ROU,8544
3358278,174,185,1747,2016,293722.0,19749.0,0.619343,0.303981,PHL,ROU,8544
3358279,177,185,1747,2016,62040828.0,107227202.0,1.146113,1.239532,POL,ROU,8544
3358280,179,185,1747,2016,42621264.0,1824708.0,0.519621,2.254972,PRT,ROU,8544
3358281,180,185,1747,2016,0.0,2808.0,-0.660702,-1.0329979999999999,PRY,ROU,8544
3358282,181,185,1747,2016,0.0,9130.0,-0.067187,0.535972,PSE,ROU,8544
3358283,183,185,1747,2016,0.0,224105.0,-0.36124,-1.106629,QAT,ROU,8544
3358284,186,185,1747,2016,526392.0,5172368.0,0.252891,0.200423,RUS,ROU,8544
3358285,188,185,1747,2016,0.0,392585.0,0.394807,-0.638644,SAU,ROU,8544
3358286,191,185,1747,2016,0.0,5100.0,-0.7061270000000001,-0.46532399999999996,SEN,ROU,8544
3358287,192,185,1747,2016,21748.0,118509.0,2.089995,0.564921,SGP,ROU,8544
3358288,197,185,1747,2016,0.0,35819.0,0.10397999999999999,0.25556599999999996,SLV,ROU,8544
3358289,201,185,1747,2016,58034409.0,37125451.0,0.501676,1.0447520000000001,SRB,ROU,8544
3358290,206,185,1747,2016,20022395.0,194159719.0,1.273942,0.763966,SVK,ROU,8544
3358291,207,185,1747,2016,4957722.0,4151753.0,1.6466720000000001,0.8247680000000001,SVN,ROU,8544
3358292,208,185,1747,2016,3148423.0,35101336.0,1.785149,0.767444,SWE,ROU,8544
3358293,216,185,1747,2016,11604.0,828194.0,1.022065,1.428082,THA,ROU,8544
3358294,223,185,1747,2016,72452190.0,2996650.0,0.171791,1.062948,TUN,ROU,8544
3358295,224,185,1747,2016,18251316.0,42447304.0,0.45364799999999994,2.478837,TUR,ROU,8544
3358296,226,185,1747,2016,0.0,10256.0,-1.1008799999999999,-0.048319,TZA,ROU,8544
3358297,227,185,1747,2016,0.0,830.0,-0.37745300000000004,0.525303,UGA,ROU,8544
3358298,228,185,1747,2016,75747621.0,35451036.0,0.406901,0.637051,UKR,ROU,8544
3358299,230,185,1747,2016,0.0,4690.0,0.098051,-0.45418400000000003,URY,ROU,8544
3358300,231,185,1747,2016,13960608.0,31648228.0,1.685329,0.297536,USA,ROU,8544
3358301,239,185,1747,2016,246288.0,561915.0,-0.10217899999999999,1.015568,VNM,ROU,8544
3358302,246,185,1747,2016,7531.0,4270697.0,0.187396,1.46169,ZAF,ROU,8544
3358303,249,185,1747,2016,1455624.0,201877.0,2.002996,1.39485,TWN,ROU,8544
3358304,250,185,1747,2016,5900.0,45279.0,0.773312,-0.015385,ANS,ROU,8544
3358305,4,201,1747,2016,145666.0,817967.0,-0.534645,-0.09027,ALB,SRB,8544
3358306,7,201,1747,2016,19594.0,52559.0,0.11037999999999999,0.045327,ARE,SRB,8544
3358307,8,201,1747,2016,0.0,1010.0,-0.132495,0.16353199999999998,ARG,SRB,8544
3358308,9,201,1747,2016,0.0,1195.0,-0.044982999999999995,-0.518007,ARM,SRB,8544
3358309,14,201,1747,2016,1148.0,16122.0,-0.25955300000000003,0.0011070000000000001,AUS,SRB,8544
3358310,15,201,1747,2016,8851806.0,4063399.0,1.759363,0.127262,AUT,SRB,8544
3358311,18,201,1747,2016,1344236.0,12259.0,1.3102610000000001,1.214573,BEL,SRB,8544
3358312,23,201,1747,2016,1725683.0,807531.0,0.51707,1.7329130000000001,BGR,SRB,8544
3358313,26,201,1747,2016,1898596.0,9899884.0,0.47827700000000006,0.5643100000000001,BIH,SRB,8544
3358314,28,201,1747,2016,296635.0,0.0,0.773807,0.827442,BLR,SRB,8544
3358315,32,201,1747,2016,1933.0,120370.0,0.245919,0.661809,BRA,SRB,8544
3358316,37,201,1747,2016,0.0,10542.0,-0.9927739999999999,-1.260391,BWA,SRB,8544
3358317,39,201,1747,2016,6425.0,196773.0,0.6579050000000001,1.12259,CAN,SRB,8544
3358318,41,201,1747,2016,342546.0,64574.0,2.3488689999999997,0.806291,CHE,SRB,8544
3358319,43,201,1747,2016,2361629.0,318586.0,1.1073620000000002,1.723098,CHN,SRB,8544
3358320,46,201,1747,2016,0.0,813.0,-1.136472,-1.109177,COD,SRB,8544
3358321,52,201,1747,2016,2249.0,0.0,0.204591,-0.18279600000000001,CRI,SRB,8544
3358322,58,201,1747,2016,0.0,41000.0,0.40822800000000004,0.07535,CYP,SRB,8544
3358323,59,201,1747,2016,11325851.0,59740426.0,1.823627,0.552354,CZE,SRB,8544
3358324,61,201,1747,2016,130275652.0,127198793.0,2.203093,-2.24919,DEU,SRB,8544
3358325,64,201,1747,2016,440429.0,917809.0,1.117864,1.302658,DNK,SRB,8544
3358326,65,201,1747,2016,773.0,0.0,-0.237382,0.295389,DOM,SRB,8544
3358327,68,201,1747,2016,369.0,28120.0,-0.142377,1.674348,EGY,SRB,8544
3358328,71,201,1747,2016,220194.0,0.0,0.765428,2.57725,ESP,SRB,8544
3358329,72,201,1747,2016,50062.0,49159.0,1.000418,1.154152,EST,SRB,8544
3358330,73,201,1747,2016,0.0,627.0,-1.006161,-0.756472,ETH,SRB,8544
3358331,74,201,1747,2016,143760.0,1635.0,1.581968,1.006432,FIN,SRB,8544
3358332,77,201,1747,2016,897640.0,269054.0,1.476437,0.911746,FRA,SRB,8544
3358333,81,201,1747,2016,2929907.0,66430882.0,1.6974669999999998,0.9231299999999999,GBR,SRB,8544
3358334,89,201,1747,2016,0.0,541232.0,-1.766286,-0.9607709999999999,GNQ,SRB,8544
3358335,90,201,1747,2016,586938.0,46896.0,0.12153499999999999,1.126101,GRC,SRB,8544
3358336,97,201,1747,2016,21194.0,8052.0,0.8029029999999999,1.477249,HKG,SRB,8544
3358337,99,201,1747,2016,24862.0,0.0,-0.673741,-0.403777,HND,SRB,8544
3358338,100,201,1747,2016,6038633.0,2000664.0,0.8695200000000001,1.214791,HRV,SRB,8544
3358339,102,201,1747,2016,19287238.0,44431798.0,1.445281,0.8422209999999999,HUN,SRB,8544
3358340,103,201,1747,2016,769.0,0.0,-0.158496,1.492067,IDN,SRB,8544
3358341,104,201,1747,2016,220466.0,6403.0,0.30976,2.61043,IND,SRB,8544
3358342,106,201,1747,2016,13852.0,3990.0,1.445238,0.07659400000000001,IRL,SRB,8544
3358343,107,201,1747,2016,0.0,742.0,-0.407368,-0.23482399999999998,IRN,SRB,8544
3358344,108,201,1747,2016,0.0,4112.0,-2.2400029999999997,-1.017174,IRQ,SRB,8544
3358345,110,201,1747,2016,21577.0,0.0,1.352275,0.67584,ISR,SRB,8544
3358346,111,201,1747,2016,6730601.0,189237.0,1.339307,0.8549209999999999,ITA,SRB,8544
3358347,114,201,1747,2016,224821.0,34997.0,2.574025,-0.34859,JPN,SRB,8544
3358348,115,201,1747,2016,0.0,84297.0,-0.376397,-0.553639,KAZ,SRB,8544
3358349,116,201,1747,2016,736.0,0.0,-0.535616,0.520101,KEN,SRB,8544
3358350,117,201,1747,2016,0.0,101905.0,0.010529,0.287462,KGZ,SRB,8544
3358351,121,201,1747,2016,5358283.0,26263.0,2.086184,0.724318,KOR,SRB,8544
3358352,122,201,1747,2016,0.0,19664.0,-0.31188,-1.1438620000000002,KWT,SRB,8544
3358353,130,201,1747,2016,13362.0,3269427.0,0.706929,1.419432,LTU,SRB,8544
3358354,131,201,1747,2016,6504.0,0.0,1.340054,1.30224,LUX,SRB,8544
3358355,132,201,1747,2016,824.0,0.0,0.553592,1.19865,LVA,SRB,8544
3358356,134,201,1747,2016,93449.0,303968.0,-0.772795,-0.206511,MAR,SRB,8544
3358357,135,201,1747,2016,2757036.0,0.0,-0.340932,-0.2839,MDA,SRB,8544
3358358,138,201,1747,2016,240371.0,4558.0,1.165638,0.6446649999999999,MEX,SRB,8544
3358359,140,201,1747,2016,2018877.0,3703403.0,0.026185000000000003,-0.20027999999999999,MKD,SRB,8544
3358360,142,201,1747,2016,1303.0,573752.0,0.8795950000000001,-0.21689499999999998,MLT,SRB,8544
3358361,144,201,1747,2016,10056.0,7161054.0,-0.005084,-0.25252199999999997,MNE,SRB,8544
3358362,153,201,1747,2016,9386.0,0.0,1.106894,0.7452840000000001,MYS,SRB,8544
3358363,155,201,1747,2016,0.0,4813.0,-0.6256689999999999,-0.8612219999999999,NAM,SRB,8544
3358364,159,201,1747,2016,0.0,9663.0,-1.835357,-1.286597,NGA,SRB,8544
3358365,162,201,1747,2016,1139528.0,275846.0,1.157361,1.5188540000000001,NLD,SRB,8544
3358366,163,201,1747,2016,3549.0,5776.0,0.89891,0.297673,NOR,SRB,8544
3358367,173,201,1747,2016,0.0,695.0,-0.717529,0.007845999999999999,PER,SRB,8544
3358368,174,201,1747,2016,689950.0,0.0,0.619343,0.303981,PHL,SRB,8544
3358369,177,201,1747,2016,9592466.0,15086464.0,1.146113,1.239532,POL,SRB,8544
3358370,179,201,1747,2016,6686.0,0.0,0.519621,2.254972,PRT,SRB,8544
3358371,185,201,1747,2016,37125451.0,58034409.0,1.061259,0.9878870000000001,ROU,SRB,8544
3358372,186,201,1747,2016,381982.0,10563671.0,0.252891,0.200423,RUS,SRB,8544
3358373,187,201,1747,2016,0.0,18174.0,-0.5802149999999999,-0.568327,RWA,SRB,8544
3358374,188,201,1747,2016,0.0,1615.0,0.394807,-0.638644,SAU,SRB,8544
3358375,192,201,1747,2016,5205.0,0.0,2.089995,0.564921,SGP,SRB,8544
3358376,206,201,1747,2016,12588964.0,124260226.0,1.273942,0.763966,SVK,SRB,8544
3358377,207,201,1747,2016,7996518.0,10453618.0,1.6466720000000001,0.8247680000000001,SVN,SRB,8544
3358378,208,201,1747,2016,489754.0,4606437.0,1.785149,0.767444,SWE,SRB,8544
3358379,216,201,1747,2016,2704.0,10242.0,1.022065,1.428082,THA,SRB,8544
3358380,217,201,1747,2016,0.0,541265.0,-1.0791549999999999,-1.137941,TJK,SRB,8544
3358381,223,201,1747,2016,4927296.0,195179.0,0.171791,1.062948,TUN,SRB,8544
3358382,224,201,1747,2016,30245051.0,75714.0,0.45364799999999994,2.478837,TUR,SRB,8544
3358383,228,201,1747,2016,164108.0,2254.0,0.406901,0.637051,UKR,SRB,8544
3358384,231,201,1747,2016,315294.0,185359.0,1.685329,0.297536,USA,SRB,8544
3358385,232,201,1747,2016,0.0,115548.0,-0.703465,-0.493036,UZB,SRB,8544
3358386,239,201,1747,2016,3177.0,0.0,-0.10217899999999999,1.015568,VNM,SRB,8544
3358387,246,201,1747,2016,0.0,10841.0,0.187396,1.46169,ZAF,SRB,8544
3358388,249,201,1747,2016,12250.0,5974.0,2.002996,1.39485,TWN,SRB,8544
3358389,2,206,1747,2016,0.0,1179934.0,-1.313517,-1.262761,AGO,SVK,8544
3358390,4,206,1747,2016,0.0,18769.0,-0.534645,-0.09027,ALB,SVK,8544
3358391,7,206,1747,2016,812110.0,1762143.0,0.11037999999999999,0.045327,ARE,SVK,8544
3358392,8,206,1747,2016,0.0,645294.0,-0.132495,0.16353199999999998,ARG,SVK,8544
3358393,14,206,1747,2016,7993.0,163477.0,-0.25955300000000003,0.0011070000000000001,AUS,SVK,8544
3358394,15,206,1747,2016,26949431.0,39386251.0,1.759363,0.127262,AUT,SVK,8544
3358395,16,206,1747,2016,0.0,36014.0,-0.909744,-1.180449,AZE,SVK,8544
3358396,18,206,1747,2016,5998450.0,11132930.0,1.3102610000000001,1.214573,BEL,SVK,8544
3358397,21,206,1747,2016,0.0,13554.0,-1.0885790000000002,-1.027005,BFA,SVK,8544
3358398,23,206,1747,2016,16771864.0,4786342.0,0.51707,1.7329130000000001,BGR,SVK,8544
3358399,24,206,1747,2016,0.0,9647.0,0.323348,-0.514446,BHR,SVK,8544
3358400,26,206,1747,2016,1136469.0,71513.0,0.47827700000000006,0.5643100000000001,BIH,SVK,8544
3358401,28,206,1747,2016,232648.0,88288.0,0.773807,0.827442,BLR,SVK,8544
3358402,32,206,1747,2016,650.0,456196.0,0.245919,0.661809,BRA,SVK,8544
3358403,39,206,1747,2016,15320.0,1409048.0,0.6579050000000001,1.12259,CAN,SVK,8544
3358404,40,206,1747,2016,14171.0,0.0,1.5291700000000001,0.030156,CCK,SVK,8544
3358405,41,206,1747,2016,3011307.0,8486409.0,2.3488689999999997,0.806291,CHE,SVK,8544
3358406,42,206,1747,2016,0.0,13811.0,-0.385519,-0.470495,CHL,SVK,8544
3358407,43,206,1747,2016,18723942.0,13754775.0,1.1073620000000002,1.723098,CHN,SVK,8544
3358408,44,206,1747,2016,0.0,7907.0,-0.88415,-0.8122689999999999,CIV,SVK,8544
3358409,45,206,1747,2016,0.0,10813.0,-1.086484,-1.0725559999999998,CMR,SVK,8544
3358410,46,206,1747,2016,0.0,1863.0,-1.136472,-1.109177,COD,SVK,8544
3358411,47,206,1747,2016,0.0,127009.0,-0.718731,-1.0663799999999999,COG,SVK,8544
3358412,49,206,1747,2016,0.0,1119630.0,0.10205700000000001,-0.155574,COL,SVK,8544
3358413,52,206,1747,2016,54672.0,879.0,0.204591,-0.18279600000000001,CRI,SVK,8544
3358414,58,206,1747,2016,5159.0,34933.0,0.40822800000000004,0.07535,CYP,SVK,8544
3358415,59,206,1747,2016,147659341.0,297245925.0,1.823627,0.552354,CZE,SVK,8544
3358416,61,206,1747,2016,144948515.0,442686288.0,2.203093,-2.24919,DEU,SVK,8544
3358417,64,206,1747,2016,937784.0,2362588.0,1.117864,1.302658,DNK,SVK,8544
3358418,65,206,1747,2016,2285.0,8843.0,-0.237382,0.295389,DOM,SVK,8544
3358419,66,206,1747,2016,0.0,740968.0,-1.0202930000000001,-1.236642,DZA,SVK,8544
3358420,67,206,1747,2016,181370.0,5237.0,-1.0860049999999999,-1.049065,ECU,SVK,8544
3358421,68,206,1747,2016,31371360.0,10685978.0,-0.142377,1.674348,EGY,SVK,8544
3358422,71,206,1747,2016,37371705.0,17589549.0,0.765428,2.57725,ESP,SVK,8544
3358423,72,206,1747,2016,1265488.0,1489595.0,1.000418,1.154152,EST,SVK,8544
3358424,73,206,1747,2016,0.0,26997.0,-1.006161,-0.756472,ETH,SVK,8544
3358425,74,206,1747,2016,43047.0,1774189.0,1.581968,1.006432,FIN,SVK,8544
3358426,77,206,1747,2016,27789717.0,16869824.0,1.476437,0.911746,FRA,SVK,8544
3358427,81,206,1747,2016,3779218.0,41416344.0,1.6974669999999998,0.9231299999999999,GBR,SVK,8544
3358428,82,206,1747,2016,0.0,8999.0,-0.388359,-0.51175,GEO,SVK,8544
3358429,83,206,1747,2016,0.0,1795.0,-0.945358,-0.805301,GHA,SVK,8544
3358430,90,206,1747,2016,6667.0,39371.0,0.12153499999999999,1.126101,GRC,SVK,8544
3358431,97,206,1747,2016,1604721.0,719618.0,0.8029029999999999,1.477249,HKG,SVK,8544
3358432,99,206,1747,2016,1046033.0,7522.0,-0.673741,-0.403777,HND,SVK,8544
3358433,100,206,1747,2016,1384249.0,703251.0,0.8695200000000001,1.214791,HRV,SVK,8544
3358434,102,206,1747,2016,36779672.0,49537407.0,1.445281,0.8422209999999999,HUN,SVK,8544
3358435,103,206,1747,2016,24443.0,56814.0,-0.158496,1.492067,IDN,SVK,8544
3358436,104,206,1747,2016,3698150.0,395672.0,0.30976,2.61043,IND,SVK,8544
3358437,106,206,1747,2016,133607.0,487022.0,1.445238,0.07659400000000001,IRL,SVK,8544
3358438,109,206,1747,2016,8550.0,27037.0,0.192448,-0.37174,ISL,SVK,8544
3358439,110,206,1747,2016,2468.0,29639.0,1.352275,0.67584,ISR,SVK,8544
3358440,111,206,1747,2016,55040345.0,19551260.0,1.339307,0.8549209999999999,ITA,SVK,8544
3358441,113,206,1747,2016,0.0,72113.0,-0.0115,0.045625,JOR,SVK,8544
3358442,114,206,1747,2016,74248.0,555799.0,2.574025,-0.34859,JPN,SVK,8544
3358443,115,206,1747,2016,795.0,76717.0,-0.376397,-0.553639,KAZ,SVK,8544
3358444,116,206,1747,2016,0.0,5577.0,-0.535616,0.520101,KEN,SVK,8544
3358445,118,206,1747,2016,2280870.0,0.0,-0.8365239999999999,-0.794615,KHM,SVK,8544
3358446,121,206,1747,2016,14410438.0,1115260.0,2.086184,0.724318,KOR,SVK,8544
3358447,122,206,1747,2016,0.0,1061058.0,-0.31188,-1.1438620000000002,KWT,SVK,8544
3358448,124,206,1747,2016,0.0,361660.0,0.285829,1.0818139999999998,LBN,SVK,8544
3358449,128,206,1747,2016,1492.0,0.0,-0.562869,0.49937,LKA,SVK,8544
3358450,130,206,1747,2016,1180012.0,425696.0,0.706929,1.419432,LTU,SVK,8544
3358451,131,206,1747,2016,35308.0,134210.0,1.340054,1.30224,LUX,SVK,8544
3358452,132,206,1747,2016,326869.0,194334.0,0.553592,1.19865,LVA,SVK,8544
3358453,134,206,1747,2016,3681455.0,798837.0,-0.772795,-0.206511,MAR,SVK,8544
3358454,135,206,1747,2016,0.0,36445.0,-0.340932,-0.2839,MDA,SVK,8544
3358455,136,206,1747,2016,0.0,5642.0,-1.2672709999999998,-0.613909,MDG,SVK,8544
3358456,138,206,1747,2016,79313.0,731048.0,1.165638,0.6446649999999999,MEX,SVK,8544
3358457,140,206,1747,2016,4949789.0,2711724.0,0.026185000000000003,-0.20027999999999999,MKD,SVK,8544
3358458,143,206,1747,2016,0.0,11924.0,-1.160878,-0.6042609999999999,MMR,SVK,8544
3358459,144,206,1747,2016,0.0,65097.0,-0.005084,-0.25252199999999997,MNE,SVK,8544
3358460,145,206,1747,2016,0.0,2516.0,-0.811142,-1.013252,MNG,SVK,8544
3358461,147,206,1747,2016,0.0,1104.0,-1.333702,-1.116794,MOZ,SVK,8544
3358462,151,206,1747,2016,0.0,294241.0,-0.24309899999999998,-0.084888,MUS,SVK,8544
3358463,153,206,1747,2016,1872830.0,134848.0,1.106894,0.7452840000000001,MYS,SVK,8544
3358464,159,206,1747,2016,0.0,96428.0,-1.835357,-1.286597,NGA,SVK,8544
3358465,162,206,1747,2016,4834076.0,8679018.0,1.157361,1.5188540000000001,NLD,SVK,8544
3358466,163,206,1747,2016,227311.0,2365605.0,0.89891,0.297673,NOR,SVK,8544
3358467,164,206,1747,2016,0.0,2226.0,-0.37595500000000004,0.475239,NPL,SVK,8544
3358468,166,206,1747,2016,0.0,94922.0,0.236556,0.252918,NZL,SVK,8544
3358469,167,206,1747,2016,0.0,1019964.0,-0.334782,-0.9107190000000001,OMN,SVK,8544
3358470,168,206,1747,2016,0.0,10947.0,-0.7502800000000001,0.545331,PAK,SVK,8544
3358471,169,206,1747,2016,0.0,27121.0,0.58773,0.654145,PAN,SVK,8544
3358472,173,206,1747,2016,0.0,51378.0,-0.717529,0.007845999999999999,PER,SVK,8544
3358473,174,206,1747,2016,13437.0,3073.0,0.619343,0.303981,PHL,SVK,8544
3358474,177,206,1747,2016,30527048.0,72657859.0,1.146113,1.239532,POL,SVK,8544
3358475,179,206,1747,2016,3896860.0,1503828.0,0.519621,2.254972,PRT,SVK,8544
3358476,180,206,1747,2016,0.0,2977.0,-0.660702,-1.0329979999999999,PRY,SVK,8544
3358477,183,206,1747,2016,0.0,892452.0,-0.36124,-1.106629,QAT,SVK,8544
3358478,185,206,1747,2016,194159719.0,20022395.0,1.061259,0.9878870000000001,ROU,SVK,8544
3358479,186,206,1747,2016,1108103.0,11089893.0,0.252891,0.200423,RUS,SVK,8544
3358480,188,206,1747,2016,265913.0,219959.0,0.394807,-0.638644,SAU,SVK,8544
3358481,192,206,1747,2016,51067.0,206544.0,2.089995,0.564921,SGP,SVK,8544
3358482,196,206,1747,2016,2409.0,0.0,-0.184021,-0.5023920000000001,SLE,SVK,8544
3358483,197,206,1747,2016,0.0,14796.0,0.10397999999999999,0.25556599999999996,SLV,SVK,8544
3358484,198,206,1747,2016,22818.0,0.0,1.086646,0.58939,SMR,SVK,8544
3358485,201,206,1747,2016,124260226.0,12588964.0,0.501676,1.0447520000000001,SRB,SVK,8544
3358486,207,206,1747,2016,2096371.0,7405260.0,1.6466720000000001,0.8247680000000001,SVN,SVK,8544
3358487,208,206,1747,2016,1628304.0,3428154.0,1.785149,0.767444,SWE,SVK,8544
3358488,216,206,1747,2016,926403.0,86755.0,1.022065,1.428082,THA,SVK,8544
3358489,223,206,1747,2016,42408783.0,1096513.0,0.171791,1.062948,TUN,SVK,8544
3358490,224,206,1747,2016,2704458.0,4141338.0,0.45364799999999994,2.478837,TUR,SVK,8544
3358491,226,206,1747,2016,0.0,1836.0,-1.1008799999999999,-0.048319,TZA,SVK,8544
3358492,228,206,1747,2016,71392042.0,1211209.0,0.406901,0.637051,UKR,SVK,8544
3358493,230,206,1747,2016,0.0,6172.0,0.098051,-0.45418400000000003,URY,SVK,8544
3358494,231,206,1747,2016,786634.0,7371315.0,1.685329,0.297536,USA,SVK,8544
3358495,232,206,1747,2016,0.0,22895.0,-0.703465,-0.493036,UZB,SVK,8544
3358496,236,206,1747,2016,0.0,1388216.0,-0.844669,-1.164315,VEN,SVK,8544
3358497,239,206,1747,2016,637053.0,91100.0,-0.10217899999999999,1.015568,VNM,SVK,8544
3358498,246,206,1747,2016,809.0,246542.0,0.187396,1.46169,ZAF,SVK,8544
3358499,249,206,1747,2016,425375.0,234490.0,2.002996,1.39485,TWN,SVK,8544
3358500,250,206,1747,2016,15869458.0,1271.0,0.773312,-0.015385,ANS,SVK,8544
3358501,4,207,1747,2016,0.0,9195.0,-0.534645,-0.09027,ALB,SVN,8544
3358502,7,207,1747,2016,451085.0,84955.0,0.11037999999999999,0.045327,ARE,SVN,8544
3358503,14,207,1747,2016,3997.0,26687.0,-0.25955300000000003,0.0011070000000000001,AUS,SVN,8544
3358504,15,207,1747,2016,17206614.0,6050833.0,1.759363,0.127262,AUT,SVN,8544
3358505,16,207,1747,2016,0.0,4235.0,-0.909744,-1.180449,AZE,SVN,8544
3358506,18,207,1747,2016,2632945.0,23883.0,1.3102610000000001,1.214573,BEL,SVN,8544
3358507,21,207,1747,2016,0.0,808.0,-1.0885790000000002,-1.027005,BFA,SVN,8544
3358508,23,207,1747,2016,23156129.0,57152.0,0.51707,1.7329130000000001,BGR,SVN,8544
3358509,26,207,1747,2016,23440232.0,21302527.0,0.47827700000000006,0.5643100000000001,BIH,SVN,8544
3358510,28,207,1747,2016,0.0,28972.0,0.773807,0.827442,BLR,SVN,8544
3358511,31,207,1747,2016,4688.0,0.0,-1.061758,-1.041501,BOL,SVN,8544
3358512,32,207,1747,2016,96309.0,149397.0,0.245919,0.661809,BRA,SVN,8544
3358513,39,207,1747,2016,14167.0,325926.0,0.6579050000000001,1.12259,CAN,SVN,8544
3358514,41,207,1747,2016,861939.0,1182545.0,2.3488689999999997,0.806291,CHE,SVN,8544
3358515,42,207,1747,2016,0.0,4375.0,-0.385519,-0.470495,CHL,SVN,8544
3358516,43,207,1747,2016,9925160.0,1005263.0,1.1073620000000002,1.723098,CHN,SVN,8544
3358517,49,207,1747,2016,0.0,2757.0,0.10205700000000001,-0.155574,COL,SVN,8544
3358518,51,207,1747,2016,0.0,1323.0,0.264883,-0.580199,CPV,SVN,8544
3358519,58,207,1747,2016,7048.0,16176.0,0.40822800000000004,0.07535,CYP,SVN,8544
3358520,59,207,1747,2016,4798154.0,3864823.0,1.823627,0.552354,CZE,SVN,8544
3358521,61,207,1747,2016,37545177.0,35063116.0,2.203093,-2.24919,DEU,SVN,8544
3358522,64,207,1747,2016,30172.0,1133718.0,1.117864,1.302658,DNK,SVN,8544
3358523,66,207,1747,2016,0.0,90084.0,-1.0202930000000001,-1.236642,DZA,SVN,8544
3358524,67,207,1747,2016,0.0,1153.0,-1.0860049999999999,-1.049065,ECU,SVN,8544
3358525,68,207,1747,2016,741252.0,546597.0,-0.142377,1.674348,EGY,SVN,8544
3358526,71,207,1747,2016,2709098.0,2543067.0,0.765428,2.57725,ESP,SVN,8544
3358527,72,207,1747,2016,39735.0,6678.0,1.000418,1.154152,EST,SVN,8544
3358528,74,207,1747,2016,65639.0,87705.0,1.581968,1.006432,FIN,SVN,8544
3358529,77,207,1747,2016,3729080.0,10134492.0,1.476437,0.911746,FRA,SVN,8544
3358530,81,207,1747,2016,1605611.0,488971.0,1.6974669999999998,0.9231299999999999,GBR,SVN,8544
3358531,82,207,1747,2016,0.0,9093.0,-0.388359,-0.51175,GEO,SVN,8544
3358532,90,207,1747,2016,676633.0,12968.0,0.12153499999999999,1.126101,GRC,SVN,8544
3358533,97,207,1747,2016,134623.0,102351.0,0.8029029999999999,1.477249,HKG,SVN,8544
3358534,100,207,1747,2016,6015597.0,4331417.0,0.8695200000000001,1.214791,HRV,SVN,8544
3358535,102,207,1747,2016,7547510.0,1777569.0,1.445281,0.8422209999999999,HUN,SVN,8544
3358536,103,207,1747,2016,43701.0,951.0,-0.158496,1.492067,IDN,SVN,8544
3358537,104,207,1747,2016,144551.0,26305.0,0.30976,2.61043,IND,SVN,8544
3358538,106,207,1747,2016,59647.0,96325.0,1.445238,0.07659400000000001,IRL,SVN,8544
3358539,107,207,1747,2016,0.0,2012.0,-0.407368,-0.23482399999999998,IRN,SVN,8544
3358540,109,207,1747,2016,0.0,4677.0,0.192448,-0.37174,ISL,SVN,8544
3358541,110,207,1747,2016,1040529.0,3620.0,1.352275,0.67584,ISR,SVN,8544
3358542,111,207,1747,2016,51259212.0,4394362.0,1.339307,0.8549209999999999,ITA,SVN,8544
3358543,113,207,1747,2016,0.0,21650.0,-0.0115,0.045625,JOR,SVN,8544
3358544,114,207,1747,2016,45918.0,73948.0,2.574025,-0.34859,JPN,SVN,8544
3358545,115,207,1747,2016,7807.0,21107.0,-0.376397,-0.553639,KAZ,SVN,8544
3358546,118,207,1747,2016,0.0,1787.0,-0.8365239999999999,-0.794615,KHM,SVN,8544
3358547,121,207,1747,2016,11314299.0,30300.0,2.086184,0.724318,KOR,SVN,8544
3358548,122,207,1747,2016,0.0,5825.0,-0.31188,-1.1438620000000002,KWT,SVN,8544
3358549,124,207,1747,2016,234245.0,3420.0,0.285829,1.0818139999999998,LBN,SVN,8544
3358550,125,207,1747,2016,0.0,4597.0,-0.870345,-1.113277,LBR,SVN,8544
3358551,126,207,1747,2016,0.0,44873.0,-1.021925,-1.2316790000000002,LBY,SVN,8544
3358552,128,207,1747,2016,0.0,14431.0,-0.562869,0.49937,LKA,SVN,8544
3358553,130,207,1747,2016,28535.0,233571.0,0.706929,1.419432,LTU,SVN,8544
3358554,131,207,1747,2016,15566.0,0.0,1.340054,1.30224,LUX,SVN,8544
3358555,132,207,1747,2016,106900.0,18508.0,0.553592,1.19865,LVA,SVN,8544
3358556,133,207,1747,2016,0.0,2233.0,0.534935,0.185542,MAC,SVN,8544
3358557,134,207,1747,2016,26106.0,4626.0,-0.772795,-0.206511,MAR,SVN,8544
3358558,135,207,1747,2016,61715.0,13770.0,-0.340932,-0.2839,MDA,SVN,8544
3358559,138,207,1747,2016,460949.0,77014.0,1.165638,0.6446649999999999,MEX,SVN,8544
3358560,140,207,1747,2016,1151015.0,204252.0,0.026185000000000003,-0.20027999999999999,MKD,SVN,8544
3358561,141,207,1747,2016,0.0,3131.0,-0.584863,-0.74131,MLI,SVN,8544
3358562,142,207,1747,2016,0.0,26000.0,0.8795950000000001,-0.21689499999999998,MLT,SVN,8544
3358563,144,207,1747,2016,0.0,1604844.0,-0.005084,-0.25252199999999997,MNE,SVN,8544
3358564,151,207,1747,2016,0.0,15071.0,-0.24309899999999998,-0.084888,MUS,SVN,8544
3358565,153,207,1747,2016,44986.0,24614.0,1.106894,0.7452840000000001,MYS,SVN,8544
3358566,162,207,1747,2016,3339979.0,779654.0,1.157361,1.5188540000000001,NLD,SVN,8544
3358567,163,207,1747,2016,44929.0,135149.0,0.89891,0.297673,NOR,SVN,8544
3358568,164,207,1747,2016,0.0,4348.0,-0.37595500000000004,0.475239,NPL,SVN,8544
3358569,166,207,1747,2016,1470.0,7587.0,0.236556,0.252918,NZL,SVN,8544
3358570,167,207,1747,2016,0.0,1290.0,-0.334782,-0.9107190000000001,OMN,SVN,8544
3358571,173,207,1747,2016,0.0,13503.0,-0.717529,0.007845999999999999,PER,SVN,8544
3358572,174,207,1747,2016,1331.0,6378.0,0.619343,0.303981,PHL,SVN,8544
3358573,177,207,1747,2016,5884467.0,8306420.0,1.146113,1.239532,POL,SVN,8544
3358574,179,207,1747,2016,13805.0,301177.0,0.519621,2.254972,PRT,SVN,8544
3358575,183,207,1747,2016,668.0,0.0,-0.36124,-1.106629,QAT,SVN,8544
3358576,185,207,1747,2016,4151753.0,4957722.0,1.061259,0.9878870000000001,ROU,SVN,8544
3358577,186,207,1747,2016,9362.0,186139.0,0.252891,0.200423,RUS,SVN,8544
3358578,187,207,1747,2016,0.0,1171.0,-0.5802149999999999,-0.568327,RWA,SVN,8544
3358579,188,207,1747,2016,0.0,7935.0,0.394807,-0.638644,SAU,SVN,8544
3358580,192,207,1747,2016,21777.0,198629.0,2.089995,0.564921,SGP,SVN,8544
3358581,201,207,1747,2016,10453618.0,7996518.0,0.501676,1.0447520000000001,SRB,SVN,8544
3358582,206,207,1747,2016,7405260.0,2096371.0,1.273942,0.763966,SVK,SVN,8544
3358583,208,207,1747,2016,2159260.0,413734.0,1.785149,0.767444,SWE,SVN,8544
3358584,216,207,1747,2016,50487.0,570714.0,1.022065,1.428082,THA,SVN,8544
3358585,223,207,1747,2016,326051.0,211849.0,0.171791,1.062948,TUN,SVN,8544
3358586,224,207,1747,2016,4594894.0,343169.0,0.45364799999999994,2.478837,TUR,SVN,8544
3358587,227,207,1747,2016,0.0,37489.0,-0.37745300000000004,0.525303,UGA,SVN,8544
3358588,228,207,1747,2016,17022.0,168582.0,0.406901,0.637051,UKR,SVN,8544
3358589,231,207,1747,2016,1622702.0,4445987.0,1.685329,0.297536,USA,SVN,8544
3358590,232,207,1747,2016,0.0,1081.0,-0.703465,-0.493036,UZB,SVN,8544
3358591,239,207,1747,2016,2779361.0,5471.0,-0.10217899999999999,1.015568,VNM,SVN,8544
3358592,246,207,1747,2016,0.0,27909.0,0.187396,1.46169,ZAF,SVN,8544
3358593,247,207,1747,2016,0.0,356145.0,-0.632437,-0.968817,ZMB,SVN,8544
3358594,249,207,1747,2016,1096384.0,19126.0,2.002996,1.39485,TWN,SVN,8544
3358595,7,217,1747,2016,67018.0,0.0,0.11037999999999999,0.045327,ARE,TJK,8544
3358596,15,217,1747,2016,3743.0,0.0,1.759363,0.127262,AUT,TJK,8544
3358597,16,217,1747,2016,42073.0,0.0,-0.909744,-1.180449,AZE,TJK,8544
3358598,18,217,1747,2016,17084.0,0.0,1.3102610000000001,1.214573,BEL,TJK,8544
3358599,43,217,1747,2016,20744250.0,0.0,1.1073620000000002,1.723098,CHN,TJK,8544
3358600,61,217,1747,2016,93154.0,0.0,2.203093,-2.24919,DEU,TJK,8544
3358601,66,217,1747,2016,0.0,69143.0,-1.0202930000000001,-1.236642,DZA,TJK,8544
3358602,71,217,1747,2016,420459.0,0.0,0.765428,2.57725,ESP,TJK,8544
3358603,77,217,1747,2016,4849.0,0.0,1.476437,0.911746,FRA,TJK,8544
3358604,107,217,1747,2016,89793.0,0.0,-0.407368,-0.23482399999999998,IRN,TJK,8544
3358605,115,217,1747,2016,38269.0,0.0,-0.376397,-0.553639,KAZ,TJK,8544
3358606,117,217,1747,2016,123680.0,13842.0,0.010529,0.287462,KGZ,TJK,8544
3358607,121,217,1747,2016,44220.0,0.0,2.086184,0.724318,KOR,TJK,8544
3358608,130,217,1747,2016,30501.0,0.0,0.706929,1.419432,LTU,TJK,8544
3358609,162,217,1747,2016,3823.0,0.0,1.157361,1.5188540000000001,NLD,TJK,8544
3358610,186,217,1747,2016,2746653.0,0.0,0.252891,0.200423,RUS,TJK,8544
3358611,201,217,1747,2016,541265.0,0.0,0.501676,1.0447520000000001,SRB,TJK,8544
3358612,224,217,1747,2016,4686823.0,28137.0,0.45364799999999994,2.478837,TUR,TJK,8544
3358613,231,217,1747,2016,337170.0,0.0,1.685329,0.297536,USA,TJK,8544
3358614,7,219,1747,2016,726753.0,0.0,0.11037999999999999,0.045327,ARE,TKM,8544
3358615,14,219,1747,2016,0.0,7507.0,-0.25955300000000003,0.0011070000000000001,AUS,TKM,8544
3358616,15,219,1747,2016,4883.0,0.0,1.759363,0.127262,AUT,TKM,8544
3358617,16,219,1747,2016,1234.0,0.0,-0.909744,-1.180449,AZE,TKM,8544
3358618,28,219,1747,2016,5078545.0,2130.0,0.773807,0.827442,BLR,TKM,8544
3358619,39,219,1747,2016,51073.0,0.0,0.6579050000000001,1.12259,CAN,TKM,8544
3358620,41,219,1747,2016,32539.0,0.0,2.3488689999999997,0.806291,CHE,TKM,8544
3358621,43,219,1747,2016,1436571.0,1515.0,1.1073620000000002,1.723098,CHN,TKM,8544
3358622,59,219,1747,2016,118857.0,0.0,1.823627,0.552354,CZE,TKM,8544
3358623,61,219,1747,2016,4252719.0,0.0,2.203093,-2.24919,DEU,TKM,8544
3358624,71,219,1747,2016,416381.0,0.0,0.765428,2.57725,ESP,TKM,8544
3358625,72,219,1747,2016,3335.0,0.0,1.000418,1.154152,EST,TKM,8544
3358626,74,219,1747,2016,119803.0,0.0,1.581968,1.006432,FIN,TKM,8544
3358627,77,219,1747,2016,127107.0,0.0,1.476437,0.911746,FRA,TKM,8544
3358628,81,219,1747,2016,104283.0,0.0,1.6974669999999998,0.9231299999999999,GBR,TKM,8544
3358629,82,219,1747,2016,5517.0,0.0,-0.388359,-0.51175,GEO,TKM,8544
3358630,103,219,1747,2016,2307921.0,0.0,-0.158496,1.492067,IDN,TKM,8544
3358631,107,219,1747,2016,2022704.0,0.0,-0.407368,-0.23482399999999998,IRN,TKM,8544
3358632,111,219,1747,2016,729913.0,0.0,1.339307,0.8549209999999999,ITA,TKM,8544
3358633,114,219,1747,2016,273444.0,0.0,2.574025,-0.34859,JPN,TKM,8544
3358634,115,219,1747,2016,67142.0,7469.0,-0.376397,-0.553639,KAZ,TKM,8544
3358635,121,219,1747,2016,15880774.0,0.0,2.086184,0.724318,KOR,TKM,8544
3358636,130,219,1747,2016,38319.0,0.0,0.706929,1.419432,LTU,TKM,8544
3358637,131,219,1747,2016,2247.0,0.0,1.340054,1.30224,LUX,TKM,8544
3358638,153,219,1747,2016,761423.0,0.0,1.106894,0.7452840000000001,MYS,TKM,8544
3358639,162,219,1747,2016,94744.0,0.0,1.157361,1.5188540000000001,NLD,TKM,8544
3358640,177,219,1747,2016,3938.0,0.0,1.146113,1.239532,POL,TKM,8544
3358641,186,219,1747,2016,2858009.0,0.0,0.252891,0.200423,RUS,TKM,8544
3358642,224,219,1747,2016,63176838.0,60262.0,0.45364799999999994,2.478837,TUR,TKM,8544
3358643,228,219,1747,2016,2336039.0,0.0,0.406901,0.637051,UKR,TKM,8544
3358644,231,219,1747,2016,163279.0,0.0,1.685329,0.297536,USA,TKM,8544
3358645,2,223,1747,2016,1633.0,0.0,-1.313517,-1.262761,AGO,TUN,8544
3358646,4,223,1747,2016,0.0,28128.0,-0.534645,-0.09027,ALB,TUN,8544
3358647,7,223,1747,2016,118526.0,780149.0,0.11037999999999999,0.045327,ARE,TUN,8544
3358648,8,223,1747,2016,0.0,186693.0,-0.132495,0.16353199999999998,ARG,TUN,8544
3358649,9,223,1747,2016,0.0,10033.0,-0.044982999999999995,-0.518007,ARM,TUN,8544
3358650,14,223,1747,2016,2503.0,1278556.0,-0.25955300000000003,0.0011070000000000001,AUS,TUN,8544
3358651,15,223,1747,2016,893024.0,41014440.0,1.759363,0.127262,AUT,TUN,8544
3358652,16,223,1747,2016,0.0,16032.0,-0.909744,-1.180449,AZE,TUN,8544
3358653,18,223,1747,2016,906721.0,1701328.0,1.3102610000000001,1.214573,BEL,TUN,8544
3358654,19,223,1747,2016,0.0,24094.0,-0.971123,-0.801574,BEN,TUN,8544
3358655,21,223,1747,2016,0.0,497192.0,-1.0885790000000002,-1.027005,BFA,TUN,8544
3358656,23,223,1747,2016,15647.0,0.0,0.51707,1.7329130000000001,BGR,TUN,8544
3358657,24,223,1747,2016,0.0,178034.0,0.323348,-0.514446,BHR,TUN,8544
3358658,26,223,1747,2016,0.0,2149.0,0.47827700000000006,0.5643100000000001,BIH,TUN,8544
3358659,28,223,1747,2016,0.0,18065.0,0.773807,0.827442,BLR,TUN,8544
3358660,32,223,1747,2016,1425.0,1240230.0,0.245919,0.661809,BRA,TUN,8544
3358661,38,223,1747,2016,0.0,27060.0,-0.43507299999999993,-0.7039300000000001,CAF,TUN,8544
3358662,39,223,1747,2016,30378.0,864690.0,0.6579050000000001,1.12259,CAN,TUN,8544
3358663,41,223,1747,2016,4895906.0,2112961.0,2.3488689999999997,0.806291,CHE,TUN,8544
3358664,42,223,1747,2016,0.0,97138.0,-0.385519,-0.470495,CHL,TUN,8544
3358665,43,223,1747,2016,7243699.0,2275097.0,1.1073620000000002,1.723098,CHN,TUN,8544
3358666,44,223,1747,2016,7679.0,82001.0,-0.88415,-0.8122689999999999,CIV,TUN,8544
3358667,45,223,1747,2016,0.0,324094.0,-1.086484,-1.0725559999999998,CMR,TUN,8544
3358668,46,223,1747,2016,0.0,121541.0,-1.136472,-1.109177,COD,TUN,8544
3358669,47,223,1747,2016,0.0,1177627.0,-0.718731,-1.0663799999999999,COG,TUN,8544
3358670,49,223,1747,2016,0.0,155127.0,0.10205700000000001,-0.155574,COL,TUN,8544
3358671,52,223,1747,2016,0.0,3015.0,0.204591,-0.18279600000000001,CRI,TUN,8544
3358672,54,223,1747,2016,2126.0,0.0,-0.602309,-1.0781120000000002,CUB,TUN,8544
3358673,59,223,1747,2016,34543217.0,34482412.0,1.823627,0.552354,CZE,TUN,8544
3358674,61,223,1747,2016,126658025.0,516870008.0,2.203093,-2.24919,DEU,TUN,8544
3358675,62,223,1747,2016,0.0,37922.0,-0.032607,-0.549622,DJI,TUN,8544
3358676,64,223,1747,2016,35644.0,3385.0,1.117864,1.302658,DNK,TUN,8544
3358677,66,223,1747,2016,120180.0,11063663.0,-1.0202930000000001,-1.236642,DZA,TUN,8544
3358678,67,223,1747,2016,0.0,2177.0,-1.0860049999999999,-1.049065,ECU,TUN,8544
3358679,68,223,1747,2016,22151.0,809306.0,-0.142377,1.674348,EGY,TUN,8544
3358680,71,223,1747,2016,5112485.0,13457007.0,0.765428,2.57725,ESP,TUN,8544
3358681,72,223,1747,2016,41562.0,14914.0,1.000418,1.154152,EST,TUN,8544
3358682,73,223,1747,2016,0.0,144618.0,-1.006161,-0.756472,ETH,TUN,8544
3358683,74,223,1747,2016,22315.0,262646.0,1.581968,1.006432,FIN,TUN,8544
3358684,77,223,1747,2016,81780919.0,403737935.0,1.476437,0.911746,FRA,TUN,8544
3358685,80,223,1747,2016,0.0,353923.0,-1.530568,-1.254999,GAB,TUN,8544
3358686,81,223,1747,2016,1884260.0,1421206.0,1.6974669999999998,0.9231299999999999,GBR,TUN,8544
3358687,83,223,1747,2016,0.0,1035.0,-0.945358,-0.805301,GHA,TUN,8544
3358688,85,223,1747,2016,0.0,292086.0,-1.474753,-1.215627,GIN,TUN,8544
3358689,87,223,1747,2016,0.0,34775.0,-0.743023,-0.833044,GMB,TUN,8544
3358690,89,223,1747,2016,0.0,331365.0,-1.766286,-0.9607709999999999,GNQ,TUN,8544
3358691,90,223,1747,2016,600878.0,0.0,0.12153499999999999,1.126101,GRC,TUN,8544
3358692,97,223,1747,2016,186787.0,14438.0,0.8029029999999999,1.477249,HKG,TUN,8544
3358693,99,223,1747,2016,0.0,914.0,-0.673741,-0.403777,HND,TUN,8544
3358694,100,223,1747,2016,5197.0,0.0,0.8695200000000001,1.214791,HRV,TUN,8544
3358695,102,223,1747,2016,11366010.0,12264985.0,1.445281,0.8422209999999999,HUN,TUN,8544
3358696,103,223,1747,2016,11561.0,214096.0,-0.158496,1.492067,IDN,TUN,8544
3358697,104,223,1747,2016,1194588.0,422534.0,0.30976,2.61043,IND,TUN,8544
3358698,106,223,1747,2016,19252.0,3327.0,1.445238,0.07659400000000001,IRL,TUN,8544
3358699,108,223,1747,2016,0.0,872090.0,-2.2400029999999997,-1.017174,IRQ,TUN,8544
3358700,109,223,1747,2016,0.0,11646.0,0.192448,-0.37174,ISL,TUN,8544
3358701,111,223,1747,2016,48204013.0,198468482.0,1.339307,0.8549209999999999,ITA,TUN,8544
3358702,113,223,1747,2016,0.0,43093.0,-0.0115,0.045625,JOR,TUN,8544
3358703,114,223,1747,2016,372761.0,37863.0,2.574025,-0.34859,JPN,TUN,8544
3358704,115,223,1747,2016,0.0,203372.0,-0.376397,-0.553639,KAZ,TUN,8544
3358705,116,223,1747,2016,0.0,14601.0,-0.535616,0.520101,KEN,TUN,8544
3358706,121,223,1747,2016,635294.0,175428.0,2.086184,0.724318,KOR,TUN,8544
3358707,122,223,1747,2016,0.0,13929.0,-0.31188,-1.1438620000000002,KWT,TUN,8544
3358708,124,223,1747,2016,0.0,39866.0,0.285829,1.0818139999999998,LBN,TUN,8544
3358709,126,223,1747,2016,26152.0,550594.0,-1.021925,-1.2316790000000002,LBY,TUN,8544
3358710,130,223,1747,2016,17604.0,0.0,0.706929,1.419432,LTU,TUN,8544
3358711,131,223,1747,2016,10380.0,0.0,1.340054,1.30224,LUX,TUN,8544
3358712,134,223,1747,2016,1718567.0,7552719.0,-0.772795,-0.206511,MAR,TUN,8544
3358713,135,223,1747,2016,0.0,12938.0,-0.340932,-0.2839,MDA,TUN,8544
3358714,136,223,1747,2016,0.0,112075.0,-1.2672709999999998,-0.613909,MDG,TUN,8544
3358715,138,223,1747,2016,74882.0,1226467.0,1.165638,0.6446649999999999,MEX,TUN,8544
3358716,140,223,1747,2016,0.0,2130642.0,0.026185000000000003,-0.20027999999999999,MKD,TUN,8544
3358717,141,223,1747,2016,0.0,58611.0,-0.584863,-0.74131,MLI,TUN,8544
3358718,144,223,1747,2016,0.0,40988.0,-0.005084,-0.25252199999999997,MNE,TUN,8544
3358719,145,223,1747,2016,0.0,14029.0,-0.811142,-1.013252,MNG,TUN,8544
3358720,148,223,1747,2016,0.0,300337.0,-1.542265,-1.318586,MRT,TUN,8544
3358721,151,223,1747,2016,0.0,3602.0,-0.24309899999999998,-0.084888,MUS,TUN,8544
3358722,153,223,1747,2016,18645.0,0.0,1.106894,0.7452840000000001,MYS,TUN,8544
3358723,157,223,1747,2016,0.0,90309.0,-0.973057,-0.953672,NER,TUN,8544
3358724,159,223,1747,2016,0.0,73767.0,-1.835357,-1.286597,NGA,TUN,8544
3358725,160,223,1747,2016,0.0,60599.0,-1.0387389999999999,-0.998977,NIC,TUN,8544
3358726,162,223,1747,2016,578488.0,728428.0,1.157361,1.5188540000000001,NLD,TUN,8544
3358727,163,223,1747,2016,6956.0,53742.0,0.89891,0.297673,NOR,TUN,8544
3358728,165,223,1747,2016,0.0,363340.0,0.661876,-0.355951,NRU,TUN,8544
3358729,166,223,1747,2016,0.0,24123.0,0.236556,0.252918,NZL,TUN,8544
3358730,167,223,1747,2016,0.0,4585.0,-0.334782,-0.9107190000000001,OMN,TUN,8544
3358731,168,223,1747,2016,0.0,50754.0,-0.7502800000000001,0.545331,PAK,TUN,8544
3358732,173,223,1747,2016,0.0,117385.0,-0.717529,0.007845999999999999,PER,TUN,8544
3358733,174,223,1747,2016,138394.0,0.0,0.619343,0.303981,PHL,TUN,8544
3358734,177,223,1747,2016,14575483.0,46542587.0,1.146113,1.239532,POL,TUN,8544
3358735,178,223,1747,2016,269198.0,0.0,-0.512374,-0.143648,PRK,TUN,8544
3358736,179,223,1747,2016,771224.0,246381.0,0.519621,2.254972,PRT,TUN,8544
3358737,185,223,1747,2016,2996650.0,72452190.0,1.061259,0.9878870000000001,ROU,TUN,8544
3358738,186,223,1747,2016,7528.0,2451460.0,0.252891,0.200423,RUS,TUN,8544
3358739,188,223,1747,2016,0.0,160118.0,0.394807,-0.638644,SAU,TUN,8544
3358740,190,223,1747,2016,0.0,4030.0,-1.216141,-1.191648,SDN,TUN,8544
3358741,191,223,1747,2016,0.0,48468.0,-0.7061270000000001,-0.46532399999999996,SEN,TUN,8544
3358742,192,223,1747,2016,4974.0,105995.0,2.089995,0.564921,SGP,TUN,8544
3358743,197,223,1747,2016,0.0,29167.0,0.10397999999999999,0.25556599999999996,SLV,TUN,8544
3358744,201,223,1747,2016,195179.0,4927296.0,0.501676,1.0447520000000001,SRB,TUN,8544
3358745,206,223,1747,2016,1096513.0,42408783.0,1.273942,0.763966,SVK,TUN,8544
3358746,207,223,1747,2016,211849.0,326051.0,1.6466720000000001,0.8247680000000001,SVN,TUN,8544
3358747,208,223,1747,2016,1930118.0,4335451.0,1.785149,0.767444,SWE,TUN,8544
3358748,214,223,1747,2016,0.0,374605.0,-2.7867189999999997,-1.035452,TCD,TUN,8544
3358749,215,223,1747,2016,0.0,165293.0,-0.751382,-0.7411310000000001,TGO,TUN,8544
3358750,216,223,1747,2016,1456584.0,235398.0,1.022065,1.428082,THA,TUN,8544
3358751,224,223,1747,2016,1220678.0,5056411.0,0.45364799999999994,2.478837,TUR,TUN,8544
3358752,228,223,1747,2016,4982.0,892823.0,0.406901,0.637051,UKR,TUN,8544
3358753,230,223,1747,2016,0.0,35330.0,0.098051,-0.45418400000000003,URY,TUN,8544
3358754,231,223,1747,2016,1138342.0,9043475.0,1.685329,0.297536,USA,TUN,8544
3358755,239,223,1747,2016,155050.0,4873.0,-0.10217899999999999,1.015568,VNM,TUN,8544
3358756,246,223,1747,2016,0.0,679928.0,0.187396,1.46169,ZAF,TUN,8544
3358757,247,223,1747,2016,0.0,82528.0,-0.632437,-0.968817,ZMB,TUN,8544
3358758,249,223,1747,2016,552420.0,49370.0,2.002996,1.39485,TWN,TUN,8544
3358759,250,223,1747,2016,6668004.0,133127871.0,0.773312,-0.015385,ANS,TUN,8544
3358760,7,232,1747,2016,1060616.0,466647.0,0.11037999999999999,0.045327,ARE,UZB,8544
3358761,15,232,1747,2016,2521.0,9914.0,1.759363,0.127262,AUT,UZB,8544
3358762,16,232,1747,2016,0.0,54112.0,-0.909744,-1.180449,AZE,UZB,8544
3358763,18,232,1747,2016,100303.0,0.0,1.3102610000000001,1.214573,BEL,UZB,8544
3358764,28,232,1747,2016,275586.0,0.0,0.773807,0.827442,BLR,UZB,8544
3358765,39,232,1747,2016,54100.0,0.0,0.6579050000000001,1.12259,CAN,UZB,8544
3358766,41,232,1747,2016,3732.0,0.0,2.3488689999999997,0.806291,CHE,UZB,8544
3358767,43,232,1747,2016,13988577.0,0.0,1.1073620000000002,1.723098,CHN,UZB,8544
3358768,59,232,1747,2016,328349.0,0.0,1.823627,0.552354,CZE,UZB,8544
3358769,61,232,1747,2016,655649.0,0.0,2.203093,-2.24919,DEU,UZB,8544
3358770,64,232,1747,2016,23995.0,0.0,1.117864,1.302658,DNK,UZB,8544
3358771,72,232,1747,2016,45968.0,0.0,1.000418,1.154152,EST,UZB,8544
3358772,74,232,1747,2016,34755.0,0.0,1.581968,1.006432,FIN,UZB,8544
3358773,77,232,1747,2016,83534.0,3861.0,1.476437,0.911746,FRA,UZB,8544
3358774,81,232,1747,2016,1441.0,0.0,1.6974669999999998,0.9231299999999999,GBR,UZB,8544
3358775,97,232,1747,2016,21043.0,0.0,0.8029029999999999,1.477249,HKG,UZB,8544
3358776,102,232,1747,2016,10323.0,0.0,1.445281,0.8422209999999999,HUN,UZB,8544
3358777,114,232,1747,2016,382607.0,0.0,2.574025,-0.34859,JPN,UZB,8544
3358778,115,232,1747,2016,570798.0,1435938.0,-0.376397,-0.553639,KAZ,UZB,8544
3358779,117,232,1747,2016,59908.0,275124.0,0.010529,0.287462,KGZ,UZB,8544
3358780,121,232,1747,2016,14043305.0,276786.0,2.086184,0.724318,KOR,UZB,8544
3358781,130,232,1747,2016,249553.0,0.0,0.706929,1.419432,LTU,UZB,8544
3358782,131,232,1747,2016,6036.0,0.0,1.340054,1.30224,LUX,UZB,8544
3358783,132,232,1747,2016,17748.0,0.0,0.553592,1.19865,LVA,UZB,8544
3358784,153,232,1747,2016,5360.0,0.0,1.106894,0.7452840000000001,MYS,UZB,8544
3358785,162,232,1747,2016,84006.0,0.0,1.157361,1.5188540000000001,NLD,UZB,8544
3358786,163,232,1747,2016,39178.0,0.0,0.89891,0.297673,NOR,UZB,8544
3358787,177,232,1747,2016,8934.0,0.0,1.146113,1.239532,POL,UZB,8544
3358788,186,232,1747,2016,3790467.0,9845017.0,0.252891,0.200423,RUS,UZB,8544
3358789,192,232,1747,2016,9888.0,4293.0,2.089995,0.564921,SGP,UZB,8544
3358790,201,232,1747,2016,115548.0,0.0,0.501676,1.0447520000000001,SRB,UZB,8544
3358791,206,232,1747,2016,22895.0,0.0,1.273942,0.763966,SVK,UZB,8544
3358792,207,232,1747,2016,1081.0,0.0,1.6466720000000001,0.8247680000000001,SVN,UZB,8544
3358793,208,232,1747,2016,4442.0,0.0,1.785149,0.767444,SWE,UZB,8544
3358794,216,232,1747,2016,78094.0,0.0,1.022065,1.428082,THA,UZB,8544
3358795,224,232,1747,2016,2187105.0,8264012.0,0.45364799999999994,2.478837,TUR,UZB,8544
3358796,228,232,1747,2016,221928.0,53598.0,0.406901,0.637051,UKR,UZB,8544
3358797,231,232,1747,2016,128144.0,0.0,1.685329,0.297536,USA,UZB,8544
3358798,239,232,1747,2016,10784.0,0.0,-0.10217899999999999,1.015568,VNM,UZB,8544
3358799,249,232,1747,2016,1026.0,0.0,2.002996,1.39485,TWN,UZB,8544
3358800,2,239,1747,2016,0.0,1256.0,-1.313517,-1.262761,AGO,VNM,8544
3358801,5,239,1747,2016,0.0,216633.0,1.06885,0.519109,AND,VNM,8544
3358802,7,239,1747,2016,1008.0,772538.0,0.11037999999999999,0.045327,ARE,VNM,8544
3358803,8,239,1747,2016,0.0,594146.0,-0.132495,0.16353199999999998,ARG,VNM,8544
3358804,9,239,1747,2016,0.0,18432.0,-0.044982999999999995,-0.518007,ARM,VNM,8544
3358805,14,239,1747,2016,349517.0,14475778.0,-0.25955300000000003,0.0011070000000000001,AUS,VNM,8544
3358806,15,239,1747,2016,128975.0,1145569.0,1.759363,0.127262,AUT,VNM,8544
3358807,16,239,1747,2016,0.0,591.0,-0.909744,-1.180449,AZE,VNM,8544
3358808,17,239,1747,2016,0.0,487749.0,-1.0141229999999999,-0.908808,BDI,VNM,8544
3358809,18,239,1747,2016,3266354.0,23258.0,1.3102610000000001,1.214573,BEL,VNM,8544
3358810,22,239,1747,2016,0.0,3931871.0,-1.107523,-1.065009,BGD,VNM,8544
3358811,23,239,1747,2016,95730.0,0.0,0.51707,1.7329130000000001,BGR,VNM,8544
3358812,24,239,1747,2016,0.0,20782.0,0.323348,-0.514446,BHR,VNM,8544
3358813,28,239,1747,2016,4470.0,3654.0,0.773807,0.827442,BLR,VNM,8544
3358814,32,239,1747,2016,50817.0,2631262.0,0.245919,0.661809,BRA,VNM,8544
3358815,33,239,1747,2016,0.0,4508.0,0.613282,0.06728200000000001,BRB,VNM,8544
3358816,34,239,1747,2016,0.0,395257.0,0.078764,-0.8103670000000001,BRN,VNM,8544
3358817,39,239,1747,2016,53968.0,108290843.0,0.6579050000000001,1.12259,CAN,VNM,8544
3358818,41,239,1747,2016,1828075.0,873923.0,2.3488689999999997,0.806291,CHE,VNM,8544
3358819,42,239,1747,2016,1797.0,73605877.0,-0.385519,-0.470495,CHL,VNM,8544
3358820,43,239,1747,2016,494034409.0,404671812.0,1.1073620000000002,1.723098,CHN,VNM,8544
3358821,45,239,1747,2016,0.0,187932.0,-1.086484,-1.0725559999999998,CMR,VNM,8544
3358822,49,239,1747,2016,0.0,1489889.0,0.10205700000000001,-0.155574,COL,VNM,8544
3358823,52,239,1747,2016,0.0,257104.0,0.204591,-0.18279600000000001,CRI,VNM,8544
3358824,58,239,1747,2016,0.0,1130.0,0.40822800000000004,0.07535,CYP,VNM,8544
3358825,59,239,1747,2016,1350324.0,1201179.0,1.823627,0.552354,CZE,VNM,8544
3358826,61,239,1747,2016,13868619.0,5515408.0,2.203093,-2.24919,DEU,VNM,8544
3358827,62,239,1747,2016,0.0,43472.0,-0.032607,-0.549622,DJI,VNM,8544
3358828,64,239,1747,2016,4426762.0,1248493.0,1.117864,1.302658,DNK,VNM,8544
3358829,65,239,1747,2016,9536.0,94723.0,-0.237382,0.295389,DOM,VNM,8544
3358830,66,239,1747,2016,0.0,3614.0,-1.0202930000000001,-1.236642,DZA,VNM,8544
3358831,67,239,1747,2016,0.0,196392.0,-1.0860049999999999,-1.049065,ECU,VNM,8544
3358832,68,239,1747,2016,1307.0,319095.0,-0.142377,1.674348,EGY,VNM,8544
3358833,71,239,1747,2016,1139585.0,3792260.0,0.765428,2.57725,ESP,VNM,8544
3358834,72,239,1747,2016,40220.0,43228.0,1.000418,1.154152,EST,VNM,8544
3358835,73,239,1747,2016,0.0,65985.0,-1.006161,-0.756472,ETH,VNM,8544
3358836,74,239,1747,2016,115456.0,34465.0,1.581968,1.006432,FIN,VNM,8544
3358837,75,239,1747,2016,0.0,80593.0,-0.27171999999999996,0.172933,FJI,VNM,8544
3358838,77,239,1747,2016,2161081.0,3363936.0,1.476437,0.911746,FRA,VNM,8544
3358839,81,239,1747,2016,471212.0,17336046.0,1.6974669999999998,0.9231299999999999,GBR,VNM,8544
3358840,82,239,1747,2016,2797.0,4457.0,-0.388359,-0.51175,GEO,VNM,8544
3358841,90,239,1747,2016,0.0,412966.0,0.12153499999999999,1.126101,GRC,VNM,8544
3358842,93,239,1747,2016,0.0,13198.0,-0.414843,0.382162,GTM,VNM,8544
3358843,97,239,1747,2016,5856054.0,35212252.0,0.8029029999999999,1.477249,HKG,VNM,8544
3358844,99,239,1747,2016,0.0,7378.0,-0.673741,-0.403777,HND,VNM,8544
3358845,100,239,1747,2016,184193.0,21297.0,0.8695200000000001,1.214791,HRV,VNM,8544
3358846,101,239,1747,2016,0.0,1070147.0,-1.30976,-1.010181,HTI,VNM,8544
3358847,102,239,1747,2016,1002510.0,1575768.0,1.445281,0.8422209999999999,HUN,VNM,8544
3358848,103,239,1747,2016,9236640.0,27111475.0,-0.158496,1.492067,IDN,VNM,8544
3358849,104,239,1747,2016,3237490.0,6020682.0,0.30976,2.61043,IND,VNM,8544
3358850,106,239,1747,2016,24057.0,39904.0,1.445238,0.07659400000000001,IRL,VNM,8544
3358851,107,239,1747,2016,0.0,10830.0,-0.407368,-0.23482399999999998,IRN,VNM,8544
3358852,109,239,1747,2016,0.0,2237.0,0.192448,-0.37174,ISL,VNM,8544
3358853,110,239,1747,2016,144316.0,927459.0,1.352275,0.67584,ISR,VNM,8544
3358854,111,239,1747,2016,882316.0,5571547.0,1.339307,0.8549209999999999,ITA,VNM,8544
3358855,112,239,1747,2016,4970.0,0.0,-0.259972,-0.592114,JAM,VNM,8544
3358856,113,239,1747,2016,0.0,107477.0,-0.0115,0.045625,JOR,VNM,8544
3358857,114,239,1747,2016,120234159.0,1321270380.0,2.574025,-0.34859,JPN,VNM,8544
3358858,115,239,1747,2016,0.0,50574.0,-0.376397,-0.553639,KAZ,VNM,8544
3358859,116,239,1747,2016,0.0,3947.0,-0.535616,0.520101,KEN,VNM,8544
3358860,118,239,1747,2016,667332.0,30329943.0,-0.8365239999999999,-0.794615,KHM,VNM,8544
3358861,121,239,1747,2016,117158081.0,111357217.0,2.086184,0.724318,KOR,VNM,8544
3358862,122,239,1747,2016,0.0,307053.0,-0.31188,-1.1438620000000002,KWT,VNM,8544
3358863,123,239,1747,2016,911279.0,7244263.0,-0.9781479999999999,-0.8272860000000001,LAO,VNM,8544
3358864,124,239,1747,2016,0.0,17600.0,0.285829,1.0818139999999998,LBN,VNM,8544
3358865,128,239,1747,2016,79158.0,356047.0,-0.562869,0.49937,LKA,VNM,8544
3358866,130,239,1747,2016,30457.0,390947.0,0.706929,1.419432,LTU,VNM,8544
3358867,131,239,1747,2016,19354.0,0.0,1.340054,1.30224,LUX,VNM,8544
3358868,132,239,1747,2016,56498.0,589544.0,0.553592,1.19865,LVA,VNM,8544
3358869,134,239,1747,2016,15796.0,21121.0,-0.772795,-0.206511,MAR,VNM,8544
3358870,135,239,1747,2016,7444.0,0.0,-0.340932,-0.2839,MDA,VNM,8544
3358871,136,239,1747,2016,0.0,30467.0,-1.2672709999999998,-0.613909,MDG,VNM,8544
3358872,137,239,1747,2016,0.0,107436.0,-0.79904,-0.9720840000000001,MDV,VNM,8544
3358873,138,239,1747,2016,1537672.0,24307865.0,1.165638,0.6446649999999999,MEX,VNM,8544
3358874,143,239,1747,2016,0.0,20125769.0,-1.160878,-0.6042609999999999,MMR,VNM,8544
3358875,147,239,1747,2016,0.0,2639867.0,-1.333702,-1.116794,MOZ,VNM,8544
3358876,151,239,1747,2016,0.0,18565.0,-0.24309899999999998,-0.084888,MUS,VNM,8544
3358877,153,239,1747,2016,33703304.0,10279305.0,1.106894,0.7452840000000001,MYS,VNM,8544
3358878,160,239,1747,2016,0.0,26032.0,-1.0387389999999999,-0.998977,NIC,VNM,8544
3358879,162,239,1747,2016,661101.0,4738483.0,1.157361,1.5188540000000001,NLD,VNM,8544
3358880,163,239,1747,2016,6425335.0,651013.0,0.89891,0.297673,NOR,VNM,8544
3358881,164,239,1747,2016,0.0,1805.0,-0.37595500000000004,0.475239,NPL,VNM,8544
3358882,166,239,1747,2016,14584.0,84422.0,0.236556,0.252918,NZL,VNM,8544
3358883,167,239,1747,2016,0.0,127233.0,-0.334782,-0.9107190000000001,OMN,VNM,8544
3358884,168,239,1747,2016,0.0,2622341.0,-0.7502800000000001,0.545331,PAK,VNM,8544
3358885,169,239,1747,2016,0.0,422455.0,0.58773,0.654145,PAN,VNM,8544
3358886,173,239,1747,2016,0.0,2363937.0,-0.717529,0.007845999999999999,PER,VNM,8544
3358887,174,239,1747,2016,10797902.0,27824981.0,0.619343,0.303981,PHL,VNM,8544
3358888,176,239,1747,2016,0.0,329590.0,-1.689987,-1.2762639999999998,PNG,VNM,8544
3358889,177,239,1747,2016,182388.0,3325834.0,1.146113,1.239532,POL,VNM,8544
3358890,179,239,1747,2016,7692.0,59731.0,0.519621,2.254972,PRT,VNM,8544
3358891,183,239,1747,2016,0.0,133147.0,-0.36124,-1.106629,QAT,VNM,8544
3358892,185,239,1747,2016,561915.0,246288.0,1.061259,0.9878870000000001,ROU,VNM,8544
3358893,186,239,1747,2016,1429435.0,5517837.0,0.252891,0.200423,RUS,VNM,8544
3358894,188,239,1747,2016,7925.0,197030.0,0.394807,-0.638644,SAU,VNM,8544
3358895,190,239,1747,2016,0.0,7521.0,-1.216141,-1.191648,SDN,VNM,8544
3358896,192,239,1747,2016,22210053.0,33464641.0,2.089995,0.564921,SGP,VNM,8544
3358897,195,239,1747,2016,0.0,32299.0,-0.740271,-0.881382,SLB,VNM,8544
3358898,196,239,1747,2016,0.0,168104.0,-0.184021,-0.5023920000000001,SLE,VNM,8544
3358899,197,239,1747,2016,0.0,90434.0,0.10397999999999999,0.25556599999999996,SLV,VNM,8544
3358900,201,239,1747,2016,0.0,3177.0,0.501676,1.0447520000000001,SRB,VNM,8544
3358901,206,239,1747,2016,91100.0,637053.0,1.273942,0.763966,SVK,VNM,8544
3358902,207,239,1747,2016,5471.0,2779361.0,1.6466720000000001,0.8247680000000001,SVN,VNM,8544
3358903,208,239,1747,2016,1805832.0,7443.0,1.785149,0.767444,SWE,VNM,8544
3358904,215,239,1747,2016,0.0,5531.0,-0.751382,-0.7411310000000001,TGO,VNM,8544
3358905,216,239,1747,2016,88962959.0,86307924.0,1.022065,1.428082,THA,VNM,8544
3358906,220,239,1747,2016,0.0,462625.0,-0.737023,-0.908582,TLS,VNM,8544
3358907,223,239,1747,2016,4873.0,155050.0,0.171791,1.062948,TUN,VNM,8544
3358908,224,239,1747,2016,1839273.0,4004890.0,0.45364799999999994,2.478837,TUR,VNM,8544
3358909,226,239,1747,2016,17028.0,1985056.0,-1.1008799999999999,-0.048319,TZA,VNM,8544
3358910,228,239,1747,2016,123351.0,39687.0,0.406901,0.637051,UKR,VNM,8544
3358911,230,239,1747,2016,0.0,49742.0,0.098051,-0.45418400000000003,URY,VNM,8544
3358912,231,239,1747,2016,20919382.0,391406129.0,1.685329,0.297536,USA,VNM,8544
3358913,232,239,1747,2016,0.0,10784.0,-0.703465,-0.493036,UZB,VNM,8544
3358914,236,239,1747,2016,0.0,1882.0,-0.844669,-1.164315,VEN,VNM,8544
3358915,246,239,1747,2016,13194.0,579514.0,0.187396,1.46169,ZAF,VNM,8544
3358916,248,239,1747,2016,0.0,9627280.0,-1.083532,-1.0016610000000001,ZWE,VNM,8544
3358917,249,239,1747,2016,30999854.0,12912804.0,2.002996,1.39485,TWN,VNM,8544
3358918,250,239,1747,2016,22905966.0,1843781.0,0.773312,-0.015385,ANS,VNM,8544
3358919,14,242,1747,2016,293911.0,13748752.0,-0.25955300000000003,0.0011070000000000001,AUS,WSM,8544
3358920,43,242,1747,2016,1033453.0,0.0,1.1073620000000002,1.723098,CHN,WSM,8544
3358921,75,242,1747,2016,705270.0,90.0,-0.27171999999999996,0.172933,FJI,WSM,8544
3358922,97,242,1747,2016,20656.0,0.0,0.8029029999999999,1.477249,HKG,WSM,8544
3358923,103,242,1747,2016,567789.0,0.0,-0.158496,1.492067,IDN,WSM,8544
3358924,104,242,1747,2016,71702.0,4402.0,0.30976,2.61043,IND,WSM,8544
3358925,114,242,1747,2016,654102.0,0.0,2.574025,-0.34859,JPN,WSM,8544
3358926,166,242,1747,2016,241903.0,677.0,0.236556,0.252918,NZL,WSM,8544
3358927,192,242,1747,2016,3429.0,0.0,2.089995,0.564921,SGP,WSM,8544
3358928,208,242,1747,2016,8922.0,0.0,1.785149,0.767444,SWE,WSM,8544
3358929,216,242,1747,2016,1185324.0,0.0,1.022065,1.428082,THA,WSM,8544
3358930,231,242,1747,2016,8476.0,0.0,1.685329,0.297536,USA,WSM,8544
3358931,249,242,1747,2016,26042.0,0.0,2.002996,1.39485,TWN,WSM,8544
3358932,7,1,1747,2016,485666.0,0.0,0.11037999999999999,0.045327,ARE,AFG,8544
3358933,14,1,1747,2016,386998.0,0.0,-0.25955300000000003,0.0011070000000000001,AUS,AFG,8544
3358934,18,1,1747,2016,1249.0,0.0,1.3102610000000001,1.214573,BEL,AFG,8544
3358935,39,1,1747,2016,4786.0,0.0,0.6579050000000001,1.12259,CAN,AFG,8544
3358936,43,1,1747,2016,949659.0,0.0,1.1073620000000002,1.723098,CHN,AFG,8544
3358937,61,1,1747,2016,58503.0,0.0,2.203093,-2.24919,DEU,AFG,8544
3358938,64,1,1747,2016,4286.0,0.0,1.117864,1.302658,DNK,AFG,8544
3358939,71,1,1747,2016,10110.0,0.0,0.765428,2.57725,ESP,AFG,8544
3358940,77,1,1747,2016,1543.0,0.0,1.476437,0.911746,FRA,AFG,8544
3358941,81,1,1747,2016,59424.0,0.0,1.6974669999999998,0.9231299999999999,GBR,AFG,8544
3358942,97,1,1747,2016,21381.0,0.0,0.8029029999999999,1.477249,HKG,AFG,8544
3358943,103,1,1747,2016,90888.0,0.0,-0.158496,1.492067,IDN,AFG,8544
3358944,104,1,1747,2016,951603.0,0.0,0.30976,2.61043,IND,AFG,8544
3358945,106,1,1747,2016,5424.0,0.0,1.445238,0.07659400000000001,IRL,AFG,8544
3358946,107,1,1747,2016,52136645.0,0.0,-0.407368,-0.23482399999999998,IRN,AFG,8544
3358947,111,1,1747,2016,33150.0,0.0,1.339307,0.8549209999999999,ITA,AFG,8544
3358948,121,1,1747,2016,7761.0,0.0,2.086184,0.724318,KOR,AFG,8544
3358949,162,1,1747,2016,19860.0,0.0,1.157361,1.5188540000000001,NLD,AFG,8544
3358950,163,1,1747,2016,6961.0,0.0,0.89891,0.297673,NOR,AFG,8544
3358951,168,1,1747,2016,253704.0,0.0,-0.7502800000000001,0.545331,PAK,AFG,8544
3358952,192,1,1747,2016,7399.0,0.0,2.089995,0.564921,SGP,AFG,8544
3358953,208,1,1747,2016,73194.0,0.0,1.785149,0.767444,SWE,AFG,8544
3358954,216,1,1747,2016,14989.0,0.0,1.022065,1.428082,THA,AFG,8544
3358955,224,1,1747,2016,4838373.0,0.0,0.45364799999999994,2.478837,TUR,AFG,8544
3358956,228,1,1747,2016,9333.0,0.0,0.406901,0.637051,UKR,AFG,8544
3358957,231,1,1747,2016,3145957.0,0.0,1.685329,0.297536,USA,AFG,8544
3358958,7,19,1747,2016,23407.0,0.0,0.11037999999999999,0.045327,ARE,BEN,8544
3358959,15,19,1747,2016,54611.0,0.0,1.759363,0.127262,AUT,BEN,8544
3358960,18,19,1747,2016,154558.0,0.0,1.3102610000000001,1.214573,BEL,BEN,8544
3358961,21,19,1747,2016,1970.0,23743.0,-1.0885790000000002,-1.027005,BFA,BEN,8544
3358962,39,19,1747,2016,6149.0,0.0,0.6579050000000001,1.12259,CAN,BEN,8544
3358963,43,19,1747,2016,43362839.0,0.0,1.1073620000000002,1.723098,CHN,BEN,8544
3358964,44,19,1747,2016,120347.0,0.0,-0.88415,-0.8122689999999999,CIV,BEN,8544
3358965,59,19,1747,2016,45139.0,0.0,1.823627,0.552354,CZE,BEN,8544
3358966,61,19,1747,2016,40116.0,0.0,2.203093,-2.24919,DEU,BEN,8544
3358967,64,19,1747,2016,1452.0,0.0,1.117864,1.302658,DNK,BEN,8544
3358968,71,19,1747,2016,474639.0,0.0,0.765428,2.57725,ESP,BEN,8544
3358969,77,19,1747,2016,1043539.0,17249.0,1.476437,0.911746,FRA,BEN,8544
3358970,81,19,1747,2016,369545.0,0.0,1.6974669999999998,0.9231299999999999,GBR,BEN,8544
3358971,83,19,1747,2016,10792.0,0.0,-0.945358,-0.805301,GHA,BEN,8544
3358972,97,19,1747,2016,2857.0,0.0,0.8029029999999999,1.477249,HKG,BEN,8544
3358973,104,19,1747,2016,10337258.0,0.0,0.30976,2.61043,IND,BEN,8544
3358974,111,19,1747,2016,8187.0,0.0,1.339307,0.8549209999999999,ITA,BEN,8544
3358975,124,19,1747,2016,96374.0,0.0,0.285829,1.0818139999999998,LBN,BEN,8544
3358976,134,19,1747,2016,1197688.0,0.0,-0.772795,-0.206511,MAR,BEN,8544
3358977,141,19,1747,2016,1760.0,0.0,-0.584863,-0.74131,MLI,BEN,8544
3358978,159,19,1747,2016,1883.0,6909.0,-1.835357,-1.286597,NGA,BEN,8544
3358979,162,19,1747,2016,45531.0,0.0,1.157361,1.5188540000000001,NLD,BEN,8544
3358980,163,19,1747,2016,536.0,0.0,0.89891,0.297673,NOR,BEN,8544
3358981,177,19,1747,2016,4176.0,0.0,1.146113,1.239532,POL,BEN,8544
3358982,179,19,1747,2016,81108.0,12850.0,0.519621,2.254972,PRT,BEN,8544
3358983,186,19,1747,2016,1421.0,0.0,0.252891,0.200423,RUS,BEN,8544
3358984,191,19,1747,2016,2620731.0,0.0,-0.7061270000000001,-0.46532399999999996,SEN,BEN,8544
3358985,192,19,1747,2016,1240.0,0.0,2.089995,0.564921,SGP,BEN,8544
3358986,208,19,1747,2016,581695.0,0.0,1.785149,0.767444,SWE,BEN,8544
3358987,213,19,1747,2016,33381.0,0.0,0.603232,-0.32155900000000004,TCA,BEN,8544
3358988,215,19,1747,2016,4029.0,0.0,-0.751382,-0.7411310000000001,TGO,BEN,8544
3358989,223,19,1747,2016,24094.0,0.0,0.171791,1.062948,TUN,BEN,8544
3358990,224,19,1747,2016,915073.0,0.0,0.45364799999999994,2.478837,TUR,BEN,8544
3358991,231,19,1747,2016,108497.0,0.0,1.685329,0.297536,USA,BEN,8544
3358992,246,19,1747,2016,44591.0,0.0,0.187396,1.46169,ZAF,BEN,8544
3358993,7,21,1747,2016,43799.0,0.0,0.11037999999999999,0.045327,ARE,BFA,8544
3358994,14,21,1747,2016,386211.0,0.0,-0.25955300000000003,0.0011070000000000001,AUS,BFA,8544
3358995,15,21,1747,2016,642.0,0.0,1.759363,0.127262,AUT,BFA,8544
3358996,18,21,1747,2016,162029.0,0.0,1.3102610000000001,1.214573,BEL,BFA,8544
3358997,19,21,1747,2016,23743.0,1970.0,-0.971123,-0.801574,BEN,BFA,8544
3358998,39,21,1747,2016,34295.0,0.0,0.6579050000000001,1.12259,CAN,BFA,8544
3358999,41,21,1747,2016,2363.0,0.0,2.3488689999999997,0.806291,CHE,BFA,8544
3359000,43,21,1747,2016,688791.0,0.0,1.1073620000000002,1.723098,CHN,BFA,8544
3359001,44,21,1747,2016,859648.0,18906.0,-0.88415,-0.8122689999999999,CIV,BFA,8544
3359002,59,21,1747,2016,4192.0,0.0,1.823627,0.552354,CZE,BFA,8544
3359003,61,21,1747,2016,155152.0,0.0,2.203093,-2.24919,DEU,BFA,8544
3359004,64,21,1747,2016,6758.0,0.0,1.117864,1.302658,DNK,BFA,8544
3359005,68,21,1747,2016,8144.0,0.0,-0.142377,1.674348,EGY,BFA,8544
3359006,71,21,1747,2016,165427.0,0.0,0.765428,2.57725,ESP,BFA,8544
3359007,74,21,1747,2016,9376.0,0.0,1.581968,1.006432,FIN,BFA,8544
3359008,77,21,1747,2016,947438.0,0.0,1.476437,0.911746,FRA,BFA,8544
3359009,81,21,1747,2016,30511.0,0.0,1.6974669999999998,0.9231299999999999,GBR,BFA,8544
3359010,83,21,1747,2016,29524.0,0.0,-0.945358,-0.805301,GHA,BFA,8544
3359011,100,21,1747,2016,4947.0,0.0,0.8695200000000001,1.214791,HRV,BFA,8544
3359012,102,21,1747,2016,1142.0,0.0,1.445281,0.8422209999999999,HUN,BFA,8544
3359013,103,21,1747,2016,7000.0,0.0,-0.158496,1.492067,IDN,BFA,8544
3359014,104,21,1747,2016,1290639.0,0.0,0.30976,2.61043,IND,BFA,8544
3359015,110,21,1747,2016,394.0,0.0,1.352275,0.67584,ISR,BFA,8544
3359016,111,21,1747,2016,38936.0,0.0,1.339307,0.8549209999999999,ITA,BFA,8544
3359017,114,21,1747,2016,33546.0,0.0,2.574025,-0.34859,JPN,BFA,8544
3359018,121,21,1747,2016,6432.0,0.0,2.086184,0.724318,KOR,BFA,8544
3359019,124,21,1747,2016,209968.0,0.0,0.285829,1.0818139999999998,LBN,BFA,8544
3359020,134,21,1747,2016,6803821.0,0.0,-0.772795,-0.206511,MAR,BFA,8544
3359021,138,21,1747,2016,121608.0,0.0,1.165638,0.6446649999999999,MEX,BFA,8544
3359022,141,21,1747,2016,3573.0,194919.0,-0.584863,-0.74131,MLI,BFA,8544
3359023,157,21,1747,2016,2689.0,41121.0,-0.973057,-0.953672,NER,BFA,8544
3359024,162,21,1747,2016,17921.0,0.0,1.157361,1.5188540000000001,NLD,BFA,8544
3359025,163,21,1747,2016,24964.0,0.0,0.89891,0.297673,NOR,BFA,8544
3359026,177,21,1747,2016,17806.0,0.0,1.146113,1.239532,POL,BFA,8544
3359027,179,21,1747,2016,53629.0,0.0,0.519621,2.254972,PRT,BFA,8544
3359028,185,21,1747,2016,26122.0,0.0,1.061259,0.9878870000000001,ROU,BFA,8544
3359029,191,21,1747,2016,611785.0,0.0,-0.7061270000000001,-0.46532399999999996,SEN,BFA,8544
3359030,192,21,1747,2016,28205.0,0.0,2.089995,0.564921,SGP,BFA,8544
3359031,206,21,1747,2016,13554.0,0.0,1.273942,0.763966,SVK,BFA,8544
3359032,207,21,1747,2016,808.0,0.0,1.6466720000000001,0.8247680000000001,SVN,BFA,8544
3359033,208,21,1747,2016,108988.0,0.0,1.785149,0.767444,SWE,BFA,8544
3359034,223,21,1747,2016,497192.0,0.0,0.171791,1.062948,TUN,BFA,8544
3359035,224,21,1747,2016,1630606.0,0.0,0.45364799999999994,2.478837,TUR,BFA,8544
3359036,231,21,1747,2016,45782.0,0.0,1.685329,0.297536,USA,BFA,8544
3359037,246,21,1747,2016,78509.0,0.0,0.187396,1.46169,ZAF,BFA,8544
3359038,249,21,1747,2016,42270.0,0.0,2.002996,1.39485,TWN,BFA,8544
3359039,4,26,1747,2016,1799.0,605573.0,-0.534645,-0.09027,ALB,BIH,8544
3359040,7,26,1747,2016,594.0,1014.0,0.11037999999999999,0.045327,ARE,BIH,8544
3359041,14,26,1747,2016,0.0,57230.0,-0.25955300000000003,0.0011070000000000001,AUS,BIH,8544
3359042,15,26,1747,2016,7164750.0,44367621.0,1.759363,0.127262,AUT,BIH,8544
3359043,18,26,1747,2016,120882.0,0.0,1.3102610000000001,1.214573,BEL,BIH,8544
3359044,23,26,1747,2016,171290.0,1426655.0,0.51707,1.7329130000000001,BGR,BIH,8544
3359045,24,26,1747,2016,1297.0,0.0,0.323348,-0.514446,BHR,BIH,8544
3359046,28,26,1747,2016,13343.0,0.0,0.773807,0.827442,BLR,BIH,8544
3359047,32,26,1747,2016,0.0,1034.0,0.245919,0.661809,BRA,BIH,8544
3359048,41,26,1747,2016,20745.0,2659.0,2.3488689999999997,0.806291,CHE,BIH,8544
3359049,43,26,1747,2016,170573.0,10073.0,1.1073620000000002,1.723098,CHN,BIH,8544
3359050,45,26,1747,2016,3888.0,0.0,-1.086484,-1.0725559999999998,CMR,BIH,8544
3359051,59,26,1747,2016,28239.0,639474.0,1.823627,0.552354,CZE,BIH,8544
3359052,61,26,1747,2016,1553626.0,5545656.0,2.203093,-2.24919,DEU,BIH,8544
3359053,64,26,1747,2016,19542.0,0.0,1.117864,1.302658,DNK,BIH,8544
3359054,71,26,1747,2016,1070353.0,0.0,0.765428,2.57725,ESP,BIH,8544
3359055,72,26,1747,2016,1279.0,0.0,1.000418,1.154152,EST,BIH,8544
3359056,74,26,1747,2016,1639.0,158659.0,1.581968,1.006432,FIN,BIH,8544
3359057,77,26,1747,2016,469866.0,152491.0,1.476437,0.911746,FRA,BIH,8544
3359058,81,26,1747,2016,74737.0,4585988.0,1.6974669999999998,0.9231299999999999,GBR,BIH,8544
3359059,97,26,1747,2016,21344.0,0.0,0.8029029999999999,1.477249,HKG,BIH,8544
3359060,100,26,1747,2016,9220033.0,10671414.0,0.8695200000000001,1.214791,HRV,BIH,8544
3359061,102,26,1747,2016,377792.0,2212104.0,1.445281,0.8422209999999999,HUN,BIH,8544
3359062,104,26,1747,2016,35780.0,0.0,0.30976,2.61043,IND,BIH,8544
3359063,106,26,1747,2016,6497.0,0.0,1.445238,0.07659400000000001,IRL,BIH,8544
3359064,110,26,1747,2016,4974.0,0.0,1.352275,0.67584,ISR,BIH,8544
3359065,111,26,1747,2016,705661.0,1606939.0,1.339307,0.8549209999999999,ITA,BIH,8544
3359066,114,26,1747,2016,4711.0,4221.0,2.574025,-0.34859,JPN,BIH,8544
3359067,121,26,1747,2016,22625.0,0.0,2.086184,0.724318,KOR,BIH,8544
3359068,130,26,1747,2016,10926.0,906.0,0.706929,1.419432,LTU,BIH,8544
3359069,131,26,1747,2016,295.0,2307.0,1.340054,1.30224,LUX,BIH,8544
3359070,134,26,1747,2016,592.0,0.0,-0.772795,-0.206511,MAR,BIH,8544
3359071,135,26,1747,2016,0.0,32001.0,-0.340932,-0.2839,MDA,BIH,8544
3359072,138,26,1747,2016,23962.0,0.0,1.165638,0.6446649999999999,MEX,BIH,8544
3359073,140,26,1747,2016,1092923.0,1619329.0,0.026185000000000003,-0.20027999999999999,MKD,BIH,8544
3359074,144,26,1747,2016,9988.0,3102981.0,-0.005084,-0.25252199999999997,MNE,BIH,8544
3359075,153,26,1747,2016,113.0,0.0,1.106894,0.7452840000000001,MYS,BIH,8544
3359076,162,26,1747,2016,140641.0,29675.0,1.157361,1.5188540000000001,NLD,BIH,8544
3359077,163,26,1747,2016,2140.0,0.0,0.89891,0.297673,NOR,BIH,8544
3359078,177,26,1747,2016,668018.0,0.0,1.146113,1.239532,POL,BIH,8544
3359079,183,26,1747,2016,0.0,880.0,-0.36124,-1.106629,QAT,BIH,8544
3359080,185,26,1747,2016,375383.0,67346.0,1.061259,0.9878870000000001,ROU,BIH,8544
3359081,186,26,1747,2016,1248.0,0.0,0.252891,0.200423,RUS,BIH,8544
3359082,192,26,1747,2016,2909.0,13160.0,2.089995,0.564921,SGP,BIH,8544
3359083,201,26,1747,2016,9899884.0,1898596.0,0.501676,1.0447520000000001,SRB,BIH,8544
3359084,206,26,1747,2016,71513.0,1136469.0,1.273942,0.763966,SVK,BIH,8544
3359085,207,26,1747,2016,21302527.0,23440232.0,1.6466720000000001,0.8247680000000001,SVN,BIH,8544
3359086,208,26,1747,2016,391018.0,23760.0,1.785149,0.767444,SWE,BIH,8544
3359087,216,26,1747,2016,428.0,0.0,1.022065,1.428082,THA,BIH,8544
3359088,223,26,1747,2016,2149.0,0.0,0.171791,1.062948,TUN,BIH,8544
3359089,224,26,1747,2016,1327596.0,6863.0,0.45364799999999994,2.478837,TUR,BIH,8544
3359090,228,26,1747,2016,951.0,928.0,0.406901,0.637051,UKR,BIH,8544
3359091,231,26,1747,2016,55929.0,46856.0,1.685329,0.297536,USA,BIH,8544
3359092,249,26,1747,2016,8077.0,0.0,2.002996,1.39485,TWN,BIH,8544
3359093,33,29,1747,2016,176851.0,0.0,0.613282,0.06728200000000001,BRB,BLZ,8544
3359094,39,29,1747,2016,7966.0,0.0,0.6579050000000001,1.12259,CAN,BLZ,8544
3359095,43,29,1747,2016,503462.0,0.0,1.1073620000000002,1.723098,CHN,BLZ,8544
3359096,52,29,1747,2016,275951.0,0.0,0.204591,-0.18279600000000001,CRI,BLZ,8544
3359097,61,29,1747,2016,7419.0,0.0,2.203093,-2.24919,DEU,BLZ,8544
3359098,81,29,1747,2016,4208.0,0.0,1.6974669999999998,0.9231299999999999,GBR,BLZ,8544
3359099,93,29,1747,2016,105289.0,10337.0,-0.414843,0.382162,GTM,BLZ,8544
3359100,97,29,1747,2016,7083.0,0.0,0.8029029999999999,1.477249,HKG,BLZ,8544
3359101,99,29,1747,2016,80155.0,0.0,-0.673741,-0.403777,HND,BLZ,8544
3359102,104,29,1747,2016,37692.0,0.0,0.30976,2.61043,IND,BLZ,8544
3359103,114,29,1747,2016,10667.0,0.0,2.574025,-0.34859,JPN,BLZ,8544
3359104,138,29,1747,2016,37339.0,0.0,1.165638,0.6446649999999999,MEX,BLZ,8544
3359105,162,29,1747,2016,4919.0,0.0,1.157361,1.5188540000000001,NLD,BLZ,8544
3359106,169,29,1747,2016,36810.0,1926.0,0.58773,0.654145,PAN,BLZ,8544
3359107,177,29,1747,2016,1331.0,0.0,1.146113,1.239532,POL,BLZ,8544
3359108,197,29,1747,2016,818.0,0.0,0.10397999999999999,0.25556599999999996,SLV,BLZ,8544
3359109,208,29,1747,2016,774.0,0.0,1.785149,0.767444,SWE,BLZ,8544
3359110,222,29,1747,2016,1067542.0,0.0,-0.191969,-1.028843,TTO,BLZ,8544
3359111,228,29,1747,2016,1162.0,0.0,0.406901,0.637051,UKR,BLZ,8544
3359112,231,29,1747,2016,1711541.0,2305.0,1.685329,0.297536,USA,BLZ,8544
3359113,246,29,1747,2016,14222.0,0.0,0.187396,1.46169,ZAF,BLZ,8544
3359114,249,29,1747,2016,16028.0,0.0,2.002996,1.39485,TWN,BLZ,8544
3359115,7,31,1747,2016,1344.0,0.0,0.11037999999999999,0.045327,ARE,BOL,8544
3359116,8,31,1747,2016,2418246.0,17733.0,-0.132495,0.16353199999999998,ARG,BOL,8544
3359117,14,31,1747,2016,1147.0,0.0,-0.25955300000000003,0.0011070000000000001,AUS,BOL,8544
3359118,15,31,1747,2016,23312.0,0.0,1.759363,0.127262,AUT,BOL,8544
3359119,18,31,1747,2016,22459.0,0.0,1.3102610000000001,1.214573,BEL,BOL,8544
3359120,23,31,1747,2016,2404.0,0.0,0.51707,1.7329130000000001,BGR,BOL,8544
3359121,32,31,1747,2016,31333628.0,0.0,0.245919,0.661809,BRA,BOL,8544
3359122,39,31,1747,2016,13774.0,0.0,0.6579050000000001,1.12259,CAN,BOL,8544
3359123,41,31,1747,2016,9879.0,0.0,2.3488689999999997,0.806291,CHE,BOL,8544
3359124,42,31,1747,2016,1180255.0,4519.0,-0.385519,-0.470495,CHL,BOL,8544
3359125,43,31,1747,2016,6768220.0,0.0,1.1073620000000002,1.723098,CHN,BOL,8544
3359126,49,31,1747,2016,1226917.0,7903.0,0.10205700000000001,-0.155574,COL,BOL,8544
3359127,52,31,1747,2016,231231.0,0.0,0.204591,-0.18279600000000001,CRI,BOL,8544
3359128,59,31,1747,2016,8020.0,0.0,1.823627,0.552354,CZE,BOL,8544
3359129,61,31,1747,2016,218391.0,0.0,2.203093,-2.24919,DEU,BOL,8544
3359130,64,31,1747,2016,2150.0,0.0,1.117864,1.302658,DNK,BOL,8544
3359131,67,31,1747,2016,8723.0,0.0,-1.0860049999999999,-1.049065,ECU,BOL,8544
3359132,71,31,1747,2016,260172.0,0.0,0.765428,2.57725,ESP,BOL,8544
3359133,72,31,1747,2016,27780.0,0.0,1.000418,1.154152,EST,BOL,8544
3359134,74,31,1747,2016,6358.0,0.0,1.581968,1.006432,FIN,BOL,8544
3359135,77,31,1747,2016,105155.0,0.0,1.476437,0.911746,FRA,BOL,8544
3359136,81,31,1747,2016,161098.0,1677.0,1.6974669999999998,0.9231299999999999,GBR,BOL,8544
3359137,97,31,1747,2016,254743.0,0.0,0.8029029999999999,1.477249,HKG,BOL,8544
3359138,102,31,1747,2016,32432.0,0.0,1.445281,0.8422209999999999,HUN,BOL,8544
3359139,104,31,1747,2016,51490.0,0.0,0.30976,2.61043,IND,BOL,8544
3359140,106,31,1747,2016,10032.0,0.0,1.445238,0.07659400000000001,IRL,BOL,8544
3359141,110,31,1747,2016,6928.0,0.0,1.352275,0.67584,ISR,BOL,8544
3359142,111,31,1747,2016,2063364.0,0.0,1.339307,0.8549209999999999,ITA,BOL,8544
3359143,114,31,1747,2016,257156.0,0.0,2.574025,-0.34859,JPN,BOL,8544
3359144,115,31,1747,2016,0.0,1324.0,-0.376397,-0.553639,KAZ,BOL,8544
3359145,121,31,1747,2016,44380.0,6791.0,2.086184,0.724318,KOR,BOL,8544
3359146,138,31,1747,2016,354158.0,0.0,1.165638,0.6446649999999999,MEX,BOL,8544
3359147,153,31,1747,2016,1714.0,0.0,1.106894,0.7452840000000001,MYS,BOL,8544
3359148,162,31,1747,2016,363109.0,19145.0,1.157361,1.5188540000000001,NLD,BOL,8544
3359149,166,31,1747,2016,5375.0,0.0,0.236556,0.252918,NZL,BOL,8544
3359150,169,31,1747,2016,51134.0,4780.0,0.58773,0.654145,PAN,BOL,8544
3359151,173,31,1747,2016,782605.0,15870.0,-0.717529,0.007845999999999999,PER,BOL,8544
3359152,174,31,1747,2016,1554.0,0.0,0.619343,0.303981,PHL,BOL,8544
3359153,177,31,1747,2016,7929.0,0.0,1.146113,1.239532,POL,BOL,8544
3359154,179,31,1747,2016,267746.0,0.0,0.519621,2.254972,PRT,BOL,8544
3359155,180,31,1747,2016,696331.0,0.0,-0.660702,-1.0329979999999999,PRY,BOL,8544
3359156,185,31,1747,2016,2329.0,0.0,1.061259,0.9878870000000001,ROU,BOL,8544
3359157,186,31,1747,2016,2066.0,0.0,0.252891,0.200423,RUS,BOL,8544
3359158,192,31,1747,2016,18055.0,0.0,2.089995,0.564921,SGP,BOL,8544
3359159,207,31,1747,2016,0.0,4688.0,1.6466720000000001,0.8247680000000001,SVN,BOL,8544
3359160,208,31,1747,2016,37086.0,2403.0,1.785149,0.767444,SWE,BOL,8544
3359161,216,31,1747,2016,3247.0,0.0,1.022065,1.428082,THA,BOL,8544
3359162,224,31,1747,2016,28196.0,0.0,0.45364799999999994,2.478837,TUR,BOL,8544
3359163,231,31,1747,2016,2306876.0,85276.0,1.685329,0.297536,USA,BOL,8544
3359164,249,31,1747,2016,20592.0,0.0,2.002996,1.39485,TWN,BOL,8544
3359165,250,31,1747,2016,0.0,1384.0,0.773312,-0.015385,ANS,BOL,8544
3359166,7,37,1747,2016,11223.0,109189.0,0.11037999999999999,0.045327,ARE,BWA,8544
3359167,14,37,1747,2016,418.0,3432.0,-0.25955300000000003,0.0011070000000000001,AUS,BWA,8544
3359168,15,37,1747,2016,4543.0,0.0,1.759363,0.127262,AUT,BWA,8544
3359169,18,37,1747,2016,51183.0,0.0,1.3102610000000001,1.214573,BEL,BWA,8544
3359170,39,37,1747,2016,25852.0,0.0,0.6579050000000001,1.12259,CAN,BWA,8544
3359171,41,37,1747,2016,1362.0,0.0,2.3488689999999997,0.806291,CHE,BWA,8544
3359172,43,37,1747,2016,1155581.0,0.0,1.1073620000000002,1.723098,CHN,BWA,8544
3359173,59,37,1747,2016,60839.0,0.0,1.823627,0.552354,CZE,BWA,8544
3359174,61,37,1747,2016,12156049.0,31559.0,2.203093,-2.24919,DEU,BWA,8544
3359175,71,37,1747,2016,14392.0,1743.0,0.765428,2.57725,ESP,BWA,8544
3359176,77,37,1747,2016,17412.0,0.0,1.476437,0.911746,FRA,BWA,8544
3359177,81,37,1747,2016,66027.0,1181.0,1.6974669999999998,0.9231299999999999,GBR,BWA,8544
3359178,97,37,1747,2016,106347.0,0.0,0.8029029999999999,1.477249,HKG,BWA,8544
3359179,104,37,1747,2016,352921.0,0.0,0.30976,2.61043,IND,BWA,8544
3359180,106,37,1747,2016,5839.0,0.0,1.445238,0.07659400000000001,IRL,BWA,8544
3359181,110,37,1747,2016,11432.0,0.0,1.352275,0.67584,ISR,BWA,8544
3359182,111,37,1747,2016,5307.0,0.0,1.339307,0.8549209999999999,ITA,BWA,8544
3359183,114,37,1747,2016,201027.0,0.0,2.574025,-0.34859,JPN,BWA,8544
3359184,121,37,1747,2016,756233.0,0.0,2.086184,0.724318,KOR,BWA,8544
3359185,138,37,1747,2016,0.0,2975.0,1.165638,0.6446649999999999,MEX,BWA,8544
3359186,147,37,1747,2016,0.0,150778.0,-1.333702,-1.116794,MOZ,BWA,8544
3359187,151,37,1747,2016,14036.0,0.0,-0.24309899999999998,-0.084888,MUS,BWA,8544
3359188,155,37,1747,2016,12591.0,3685965.0,-0.6256689999999999,-0.8612219999999999,NAM,BWA,8544
3359189,162,37,1747,2016,19064.0,0.0,1.157361,1.5188540000000001,NLD,BWA,8544
3359190,177,37,1747,2016,2733.0,0.0,1.146113,1.239532,POL,BWA,8544
3359191,192,37,1747,2016,3316.0,0.0,2.089995,0.564921,SGP,BWA,8544
3359192,201,37,1747,2016,10542.0,0.0,0.501676,1.0447520000000001,SRB,BWA,8544
3359193,208,37,1747,2016,98589.0,0.0,1.785149,0.767444,SWE,BWA,8544
3359194,209,37,1747,2016,0.0,2086.0,0.2785,-0.43804799999999994,SWZ,BWA,8544
3359195,231,37,1747,2016,144162.0,13216.0,1.685329,0.297536,USA,BWA,8544
3359196,246,37,1747,2016,34323090.0,91086860.0,0.187396,1.46169,ZAF,BWA,8544
3359197,247,37,1747,2016,0.0,17077.0,-0.632437,-0.968817,ZMB,BWA,8544
3359198,248,37,1747,2016,0.0,16553.0,-1.083532,-1.0016610000000001,ZWE,BWA,8544
3359199,249,37,1747,2016,2418.0,0.0,2.002996,1.39485,TWN,BWA,8544
3359200,2,44,1747,2016,0.0,4356.0,-1.313517,-1.262761,AGO,CIV,8544
3359201,5,44,1747,2016,1337.0,0.0,1.06885,0.519109,AND,CIV,8544
3359202,7,44,1747,2016,151475.0,851.0,0.11037999999999999,0.045327,ARE,CIV,8544
3359203,14,44,1747,2016,78550.0,0.0,-0.25955300000000003,0.0011070000000000001,AUS,CIV,8544
3359204,15,44,1747,2016,10181.0,3207.0,1.759363,0.127262,AUT,CIV,8544
3359205,17,44,1747,2016,0.0,853.0,-1.0141229999999999,-0.908808,BDI,CIV,8544
3359206,18,44,1747,2016,1991347.0,3359.0,1.3102610000000001,1.214573,BEL,CIV,8544
3359207,19,44,1747,2016,0.0,120347.0,-0.971123,-0.801574,BEN,CIV,8544
3359208,21,44,1747,2016,18906.0,859648.0,-1.0885790000000002,-1.027005,BFA,CIV,8544
3359209,23,44,1747,2016,8497.0,0.0,0.51707,1.7329130000000001,BGR,CIV,8544
3359210,32,44,1747,2016,33963.0,0.0,0.245919,0.661809,BRA,CIV,8544
3359211,39,44,1747,2016,7443.0,0.0,0.6579050000000001,1.12259,CAN,CIV,8544
3359212,41,44,1747,2016,21195.0,0.0,2.3488689999999997,0.806291,CHE,CIV,8544
3359213,43,44,1747,2016,8716535.0,0.0,1.1073620000000002,1.723098,CHN,CIV,8544
3359214,45,44,1747,2016,0.0,1588.0,-1.086484,-1.0725559999999998,CMR,CIV,8544
3359215,47,44,1747,2016,2558.0,0.0,-0.718731,-1.0663799999999999,COG,CIV,8544
3359216,49,44,1747,2016,64820.0,11595.0,0.10205700000000001,-0.155574,COL,CIV,8544
3359217,59,44,1747,2016,10790.0,2439.0,1.823627,0.552354,CZE,CIV,8544
3359218,61,44,1747,2016,206273.0,0.0,2.203093,-2.24919,DEU,CIV,8544
3359219,64,44,1747,2016,8568.0,0.0,1.117864,1.302658,DNK,CIV,8544
3359220,68,44,1747,2016,468489.0,0.0,-0.142377,1.674348,EGY,CIV,8544
3359221,71,44,1747,2016,2657407.0,0.0,0.765428,2.57725,ESP,CIV,8544
3359222,72,44,1747,2016,46166.0,0.0,1.000418,1.154152,EST,CIV,8544
3359223,74,44,1747,2016,415894.0,0.0,1.581968,1.006432,FIN,CIV,8544
3359224,77,44,1747,2016,14768225.0,20701.0,1.476437,0.911746,FRA,CIV,8544
3359225,80,44,1747,2016,0.0,14551.0,-1.530568,-1.254999,GAB,CIV,8544
3359226,81,44,1747,2016,1034562.0,306355.0,1.6974669999999998,0.9231299999999999,GBR,CIV,8544
3359227,83,44,1747,2016,4696.0,1051377.0,-0.945358,-0.805301,GHA,CIV,8544
3359228,85,44,1747,2016,0.0,3860.0,-1.474753,-1.215627,GIN,CIV,8544
3359229,90,44,1747,2016,18065.0,0.0,0.12153499999999999,1.126101,GRC,CIV,8544
3359230,97,44,1747,2016,94090.0,0.0,0.8029029999999999,1.477249,HKG,CIV,8544
3359231,100,44,1747,2016,6631.0,0.0,0.8695200000000001,1.214791,HRV,CIV,8544
3359232,102,44,1747,2016,2202.0,0.0,1.445281,0.8422209999999999,HUN,CIV,8544
3359233,104,44,1747,2016,438646.0,0.0,0.30976,2.61043,IND,CIV,8544
3359234,106,44,1747,2016,11196.0,0.0,1.445238,0.07659400000000001,IRL,CIV,8544
3359235,110,44,1747,2016,13897.0,0.0,1.352275,0.67584,ISR,CIV,8544
3359236,111,44,1747,2016,219376.0,0.0,1.339307,0.8549209999999999,ITA,CIV,8544
3359237,114,44,1747,2016,59202.0,0.0,2.574025,-0.34859,JPN,CIV,8544
3359238,121,44,1747,2016,14152.0,0.0,2.086184,0.724318,KOR,CIV,8544
3359239,124,44,1747,2016,341801.0,0.0,0.285829,1.0818139999999998,LBN,CIV,8544
3359240,125,44,1747,2016,0.0,90054.0,-0.870345,-1.113277,LBR,CIV,8544
3359241,131,44,1747,2016,9158.0,0.0,1.340054,1.30224,LUX,CIV,8544
3359242,134,44,1747,2016,6205871.0,0.0,-0.772795,-0.206511,MAR,CIV,8544
3359243,138,44,1747,2016,45177.0,0.0,1.165638,0.6446649999999999,MEX,CIV,8544
3359244,141,44,1747,2016,9455.0,510931.0,-0.584863,-0.74131,MLI,CIV,8544
3359245,151,44,1747,2016,2135.0,0.0,-0.24309899999999998,-0.084888,MUS,CIV,8544
3359246,153,44,1747,2016,20706.0,0.0,1.106894,0.7452840000000001,MYS,CIV,8544
3359247,157,44,1747,2016,0.0,346025.0,-0.973057,-0.953672,NER,CIV,8544
3359248,159,44,1747,2016,135653.0,0.0,-1.835357,-1.286597,NGA,CIV,8544
3359249,162,44,1747,2016,1009811.0,4631.0,1.157361,1.5188540000000001,NLD,CIV,8544
3359250,163,44,1747,2016,58072.0,42658.0,0.89891,0.297673,NOR,CIV,8544
3359251,174,44,1747,2016,10698.0,0.0,0.619343,0.303981,PHL,CIV,8544
3359252,177,44,1747,2016,57013.0,0.0,1.146113,1.239532,POL,CIV,8544
3359253,179,44,1747,2016,721413.0,0.0,0.519621,2.254972,PRT,CIV,8544
3359254,185,44,1747,2016,21728.0,0.0,1.061259,0.9878870000000001,ROU,CIV,8544
3359255,186,44,1747,2016,3606897.0,0.0,0.252891,0.200423,RUS,CIV,8544
3359256,188,44,1747,2016,2278.0,0.0,0.394807,-0.638644,SAU,CIV,8544
3359257,191,44,1747,2016,888413.0,15752.0,-0.7061270000000001,-0.46532399999999996,SEN,CIV,8544
3359258,192,44,1747,2016,73234.0,5868.0,2.089995,0.564921,SGP,CIV,8544
3359259,206,44,1747,2016,7907.0,0.0,1.273942,0.763966,SVK,CIV,8544
3359260,208,44,1747,2016,761251.0,0.0,1.785149,0.767444,SWE,CIV,8544
3359261,215,44,1747,2016,894.0,92699.0,-0.751382,-0.7411310000000001,TGO,CIV,8544
3359262,216,44,1747,2016,1592.0,0.0,1.022065,1.428082,THA,CIV,8544
3359263,223,44,1747,2016,82001.0,7679.0,0.171791,1.062948,TUN,CIV,8544
3359264,224,44,1747,2016,570895.0,0.0,0.45364799999999994,2.478837,TUR,CIV,8544
3359265,231,44,1747,2016,1086067.0,9053.0,1.685329,0.297536,USA,CIV,8544
3359266,246,44,1747,2016,152418.0,0.0,0.187396,1.46169,ZAF,CIV,8544
3359267,249,44,1747,2016,5497.0,0.0,2.002996,1.39485,TWN,CIV,8544
3359268,250,44,1747,2016,0.0,1426.0,0.773312,-0.015385,ANS,CIV,8544
3359269,2,45,1747,2016,9892.0,0.0,-1.313517,-1.262761,AGO,CMR,8544
3359270,7,45,1747,2016,191844.0,0.0,0.11037999999999999,0.045327,ARE,CMR,8544
3359271,14,45,1747,2016,8370.0,0.0,-0.25955300000000003,0.0011070000000000001,AUS,CMR,8544
3359272,15,45,1747,2016,2150.0,0.0,1.759363,0.127262,AUT,CMR,8544
3359273,18,45,1747,2016,361339.0,0.0,1.3102610000000001,1.214573,BEL,CMR,8544
3359274,26,45,1747,2016,0.0,3888.0,0.47827700000000006,0.5643100000000001,BIH,CMR,8544
3359275,32,45,1747,2016,3244.0,0.0,0.245919,0.661809,BRA,CMR,8544
3359276,38,45,1747,2016,0.0,76516.0,-0.43507299999999993,-0.7039300000000001,CAF,CMR,8544
3359277,39,45,1747,2016,24460.0,1656.0,0.6579050000000001,1.12259,CAN,CMR,8544
3359278,41,45,1747,2016,2773.0,0.0,2.3488689999999997,0.806291,CHE,CMR,8544
3359279,43,45,1747,2016,14728726.0,0.0,1.1073620000000002,1.723098,CHN,CMR,8544
3359280,44,45,1747,2016,1588.0,0.0,-0.88415,-0.8122689999999999,CIV,CMR,8544
3359281,47,45,1747,2016,5441.0,11021.0,-0.718731,-1.0663799999999999,COG,CMR,8544
3359282,52,45,1747,2016,12002.0,0.0,0.204591,-0.18279600000000001,CRI,CMR,8544
3359283,59,45,1747,2016,25153.0,0.0,1.823627,0.552354,CZE,CMR,8544
3359284,61,45,1747,2016,620075.0,0.0,2.203093,-2.24919,DEU,CMR,8544
3359285,64,45,1747,2016,8330.0,0.0,1.117864,1.302658,DNK,CMR,8544
3359286,68,45,1747,2016,2190.0,0.0,-0.142377,1.674348,EGY,CMR,8544
3359287,71,45,1747,2016,281937.0,0.0,0.765428,2.57725,ESP,CMR,8544
3359288,72,45,1747,2016,52370.0,0.0,1.000418,1.154152,EST,CMR,8544
3359289,73,45,1747,2016,0.0,3897.0,-1.006161,-0.756472,ETH,CMR,8544
3359290,74,45,1747,2016,284327.0,0.0,1.581968,1.006432,FIN,CMR,8544
3359291,77,45,1747,2016,7600261.0,0.0,1.476437,0.911746,FRA,CMR,8544
3359292,80,45,1747,2016,2801.0,17305.0,-1.530568,-1.254999,GAB,CMR,8544
3359293,81,45,1747,2016,165363.0,0.0,1.6974669999999998,0.9231299999999999,GBR,CMR,8544
3359294,83,45,1747,2016,0.0,10965.0,-0.945358,-0.805301,GHA,CMR,8544
3359295,89,45,1747,2016,0.0,7457.0,-1.766286,-0.9607709999999999,GNQ,CMR,8544
3359296,90,45,1747,2016,8844.0,0.0,0.12153499999999999,1.126101,GRC,CMR,8544
3359297,97,45,1747,2016,59392.0,0.0,0.8029029999999999,1.477249,HKG,CMR,8544
3359298,102,45,1747,2016,12036.0,0.0,1.445281,0.8422209999999999,HUN,CMR,8544
3359299,103,45,1747,2016,2410.0,0.0,-0.158496,1.492067,IDN,CMR,8544
3359300,104,45,1747,2016,79664.0,0.0,0.30976,2.61043,IND,CMR,8544
3359301,107,45,1747,2016,27599.0,0.0,-0.407368,-0.23482399999999998,IRN,CMR,8544
3359302,110,45,1747,2016,66649.0,1050.0,1.352275,0.67584,ISR,CMR,8544
3359303,111,45,1747,2016,315108.0,3089.0,1.339307,0.8549209999999999,ITA,CMR,8544
3359304,114,45,1747,2016,38334.0,0.0,2.574025,-0.34859,JPN,CMR,8544
3359305,116,45,1747,2016,12622.0,0.0,-0.535616,0.520101,KEN,CMR,8544
3359306,121,45,1747,2016,16465.0,0.0,2.086184,0.724318,KOR,CMR,8544
3359307,122,45,1747,2016,0.0,4740.0,-0.31188,-1.1438620000000002,KWT,CMR,8544
3359308,124,45,1747,2016,74270.0,0.0,0.285829,1.0818139999999998,LBN,CMR,8544
3359309,131,45,1747,2016,7419.0,0.0,1.340054,1.30224,LUX,CMR,8544
3359310,134,45,1747,2016,3287643.0,0.0,-0.772795,-0.206511,MAR,CMR,8544
3359311,138,45,1747,2016,11130.0,0.0,1.165638,0.6446649999999999,MEX,CMR,8544
3359312,147,45,1747,2016,0.0,1826.0,-1.333702,-1.116794,MOZ,CMR,8544
3359313,148,45,1747,2016,2681.0,0.0,-1.542265,-1.318586,MRT,CMR,8544
3359314,153,45,1747,2016,46650.0,0.0,1.106894,0.7452840000000001,MYS,CMR,8544
3359315,159,45,1747,2016,3729.0,6093.0,-1.835357,-1.286597,NGA,CMR,8544
3359316,162,45,1747,2016,1825029.0,0.0,1.157361,1.5188540000000001,NLD,CMR,8544
3359317,163,45,1747,2016,2594.0,0.0,0.89891,0.297673,NOR,CMR,8544
3359318,174,45,1747,2016,8511.0,0.0,0.619343,0.303981,PHL,CMR,8544
3359319,177,45,1747,2016,84606.0,6605.0,1.146113,1.239532,POL,CMR,8544
3359320,179,45,1747,2016,59315.0,1145.0,0.519621,2.254972,PRT,CMR,8544
3359321,185,45,1747,2016,10713.0,0.0,1.061259,0.9878870000000001,ROU,CMR,8544
3359322,186,45,1747,2016,1347.0,0.0,0.252891,0.200423,RUS,CMR,8544
3359323,191,45,1747,2016,212477.0,0.0,-0.7061270000000001,-0.46532399999999996,SEN,CMR,8544
3359324,192,45,1747,2016,13657.0,21855.0,2.089995,0.564921,SGP,CMR,8544
3359325,206,45,1747,2016,10813.0,0.0,1.273942,0.763966,SVK,CMR,8544
3359326,208,45,1747,2016,683257.0,0.0,1.785149,0.767444,SWE,CMR,8544
3359327,214,45,1747,2016,0.0,50972.0,-2.7867189999999997,-1.035452,TCD,CMR,8544
3359328,216,45,1747,2016,19828.0,0.0,1.022065,1.428082,THA,CMR,8544
3359329,223,45,1747,2016,324094.0,0.0,0.171791,1.062948,TUN,CMR,8544
3359330,224,45,1747,2016,3262123.0,0.0,0.45364799999999994,2.478837,TUR,CMR,8544
3359331,231,45,1747,2016,573823.0,87169.0,1.685329,0.297536,USA,CMR,8544
3359332,239,45,1747,2016,187932.0,0.0,-0.10217899999999999,1.015568,VNM,CMR,8544
3359333,246,45,1747,2016,795342.0,0.0,0.187396,1.46169,ZAF,CMR,8544
3359334,249,45,1747,2016,119432.0,0.0,2.002996,1.39485,TWN,CMR,8544
3359335,2,46,1747,2016,41922.0,1759.0,-1.313517,-1.262761,AGO,COD,8544
3359336,7,46,1747,2016,348497.0,0.0,0.11037999999999999,0.045327,ARE,COD,8544
3359337,14,46,1747,2016,53391.0,0.0,-0.25955300000000003,0.0011070000000000001,AUS,COD,8544
3359338,17,46,1747,2016,2031.0,0.0,-1.0141229999999999,-0.908808,BDI,COD,8544
3359339,18,46,1747,2016,1328773.0,912.0,1.3102610000000001,1.214573,BEL,COD,8544
3359340,22,46,1747,2016,0.0,199081.0,-1.107523,-1.065009,BGD,COD,8544
3359341,32,46,1747,2016,21565.0,0.0,0.245919,0.661809,BRA,COD,8544
3359342,38,46,1747,2016,0.0,42971.0,-0.43507299999999993,-0.7039300000000001,CAF,COD,8544
3359343,39,46,1747,2016,10888.0,0.0,0.6579050000000001,1.12259,CAN,COD,8544
3359344,41,46,1747,2016,200049.0,0.0,2.3488689999999997,0.806291,CHE,COD,8544
3359345,43,46,1747,2016,11231540.0,0.0,1.1073620000000002,1.723098,CHN,COD,8544
3359346,47,46,1747,2016,1064.0,0.0,-0.718731,-1.0663799999999999,COG,COD,8544
3359347,59,46,1747,2016,13441.0,0.0,1.823627,0.552354,CZE,COD,8544
3359348,61,46,1747,2016,107063.0,0.0,2.203093,-2.24919,DEU,COD,8544
3359349,64,46,1747,2016,7485.0,0.0,1.117864,1.302658,DNK,COD,8544
3359350,71,46,1747,2016,125007.0,0.0,0.765428,2.57725,ESP,COD,8544
3359351,74,46,1747,2016,43772.0,0.0,1.581968,1.006432,FIN,COD,8544
3359352,77,46,1747,2016,253598.0,0.0,1.476437,0.911746,FRA,COD,8544
3359353,81,46,1747,2016,4710.0,0.0,1.6974669999999998,0.9231299999999999,GBR,COD,8544
3359354,90,46,1747,2016,1409.0,0.0,0.12153499999999999,1.126101,GRC,COD,8544
3359355,97,46,1747,2016,88458.0,0.0,0.8029029999999999,1.477249,HKG,COD,8544
3359356,100,46,1747,2016,96469.0,0.0,0.8695200000000001,1.214791,HRV,COD,8544
3359357,102,46,1747,2016,1047.0,0.0,1.445281,0.8422209999999999,HUN,COD,8544
3359358,103,46,1747,2016,1270.0,0.0,-0.158496,1.492067,IDN,COD,8544
3359359,104,46,1747,2016,1037730.0,0.0,0.30976,2.61043,IND,COD,8544
3359360,110,46,1747,2016,11816.0,0.0,1.352275,0.67584,ISR,COD,8544
3359361,111,46,1747,2016,127234.0,0.0,1.339307,0.8549209999999999,ITA,COD,8544
3359362,114,46,1747,2016,82988.0,0.0,2.574025,-0.34859,JPN,COD,8544
3359363,116,46,1747,2016,311643.0,0.0,-0.535616,0.520101,KEN,COD,8544
3359364,121,46,1747,2016,48643.0,0.0,2.086184,0.724318,KOR,COD,8544
3359365,124,46,1747,2016,153233.0,0.0,0.285829,1.0818139999999998,LBN,COD,8544
3359366,134,46,1747,2016,323022.0,0.0,-0.772795,-0.206511,MAR,COD,8544
3359367,138,46,1747,2016,77899.0,0.0,1.165638,0.6446649999999999,MEX,COD,8544
3359368,153,46,1747,2016,24619.0,8031.0,1.106894,0.7452840000000001,MYS,COD,8544
3359369,155,46,1747,2016,166631.0,0.0,-0.6256689999999999,-0.8612219999999999,NAM,COD,8544
3359370,159,46,1747,2016,1014.0,0.0,-1.835357,-1.286597,NGA,COD,8544
3359371,162,46,1747,2016,256143.0,7684.0,1.157361,1.5188540000000001,NLD,COD,8544
3359372,163,46,1747,2016,9855.0,0.0,0.89891,0.297673,NOR,COD,8544
3359373,167,46,1747,2016,707.0,0.0,-0.334782,-0.9107190000000001,OMN,COD,8544
3359374,168,46,1747,2016,52714.0,0.0,-0.7502800000000001,0.545331,PAK,COD,8544
3359375,174,46,1747,2016,12893.0,0.0,0.619343,0.303981,PHL,COD,8544
3359376,177,46,1747,2016,9753.0,0.0,1.146113,1.239532,POL,COD,8544
3359377,178,46,1747,2016,2835.0,0.0,-0.512374,-0.143648,PRK,COD,8544
3359378,179,46,1747,2016,36132.0,0.0,0.519621,2.254972,PRT,COD,8544
3359379,185,46,1747,2016,132918.0,0.0,1.061259,0.9878870000000001,ROU,COD,8544
3359380,186,46,1747,2016,446.0,0.0,0.252891,0.200423,RUS,COD,8544
3359381,187,46,1747,2016,6775.0,0.0,-0.5802149999999999,-0.568327,RWA,COD,8544
3359382,191,46,1747,2016,119736.0,0.0,-0.7061270000000001,-0.46532399999999996,SEN,COD,8544
3359383,196,46,1747,2016,4618.0,0.0,-0.184021,-0.5023920000000001,SLE,COD,8544
3359384,201,46,1747,2016,813.0,0.0,0.501676,1.0447520000000001,SRB,COD,8544
3359385,206,46,1747,2016,1863.0,0.0,1.273942,0.763966,SVK,COD,8544
3359386,208,46,1747,2016,118587.0,0.0,1.785149,0.767444,SWE,COD,8544
3359387,216,46,1747,2016,1646.0,0.0,1.022065,1.428082,THA,COD,8544
3359388,223,46,1747,2016,121541.0,0.0,0.171791,1.062948,TUN,COD,8544
3359389,224,46,1747,2016,2368596.0,0.0,0.45364799999999994,2.478837,TUR,COD,8544
3359390,226,46,1747,2016,134236.0,0.0,-1.1008799999999999,-0.048319,TZA,COD,8544
3359391,227,46,1747,2016,326628.0,35467.0,-0.37745300000000004,0.525303,UGA,COD,8544
3359392,231,46,1747,2016,140665.0,0.0,1.685329,0.297536,USA,COD,8544
3359393,246,46,1747,2016,9959796.0,73691.0,0.187396,1.46169,ZAF,COD,8544
3359394,247,46,1747,2016,738155.0,0.0,-0.632437,-0.968817,ZMB,COD,8544
3359395,249,46,1747,2016,2116.0,0.0,2.002996,1.39485,TWN,COD,8544
3359396,2,47,1747,2016,45294.0,1675.0,-1.313517,-1.262761,AGO,COG,8544
3359397,7,47,1747,2016,137614.0,4849.0,0.11037999999999999,0.045327,ARE,COG,8544
3359398,15,47,1747,2016,53919.0,0.0,1.759363,0.127262,AUT,COG,8544
3359399,18,47,1747,2016,203957.0,1505.0,1.3102610000000001,1.214573,BEL,COG,8544
3359400,23,47,1747,2016,0.0,22687.0,0.51707,1.7329130000000001,BGR,COG,8544
3359401,32,47,1747,2016,14841.0,0.0,0.245919,0.661809,BRA,COG,8544
3359402,39,47,1747,2016,8490.0,0.0,0.6579050000000001,1.12259,CAN,COG,8544
3359403,41,47,1747,2016,41882.0,0.0,2.3488689999999997,0.806291,CHE,COG,8544
3359404,43,47,1747,2016,3934238.0,71931.0,1.1073620000000002,1.723098,CHN,COG,8544
3359405,44,47,1747,2016,0.0,2558.0,-0.88415,-0.8122689999999999,CIV,COG,8544
3359406,45,47,1747,2016,11021.0,5441.0,-1.086484,-1.0725559999999998,CMR,COG,8544
3359407,46,47,1747,2016,0.0,1064.0,-1.136472,-1.109177,COD,COG,8544
3359408,59,47,1747,2016,42041.0,0.0,1.823627,0.552354,CZE,COG,8544
3359409,61,47,1747,2016,454145.0,0.0,2.203093,-2.24919,DEU,COG,8544
3359410,64,47,1747,2016,3038.0,0.0,1.117864,1.302658,DNK,COG,8544
3359411,66,47,1747,2016,0.0,43815.0,-1.0202930000000001,-1.236642,DZA,COG,8544
3359412,71,47,1747,2016,82460.0,0.0,0.765428,2.57725,ESP,COG,8544
3359413,72,47,1747,2016,2025.0,0.0,1.000418,1.154152,EST,COG,8544
3359414,77,47,1747,2016,5008697.0,25441.0,1.476437,0.911746,FRA,COG,8544
3359415,80,47,1747,2016,0.0,47962.0,-1.530568,-1.254999,GAB,COG,8544
3359416,81,47,1747,2016,46065756.0,194628.0,1.6974669999999998,0.9231299999999999,GBR,COG,8544
3359417,82,47,1747,2016,764.0,0.0,-0.388359,-0.51175,GEO,COG,8544
3359418,83,47,1747,2016,121132.0,0.0,-0.945358,-0.805301,GHA,COG,8544
3359419,89,47,1747,2016,1603.0,11417.0,-1.766286,-0.9607709999999999,GNQ,COG,8544
3359420,90,47,1747,2016,4028.0,0.0,0.12153499999999999,1.126101,GRC,COG,8544
3359421,97,47,1747,2016,5726.0,0.0,0.8029029999999999,1.477249,HKG,COG,8544
3359422,100,47,1747,2016,24041.0,0.0,0.8695200000000001,1.214791,HRV,COG,8544
3359423,104,47,1747,2016,2254594.0,0.0,0.30976,2.61043,IND,COG,8544
3359424,110,47,1747,2016,179147.0,0.0,1.352275,0.67584,ISR,COG,8544
3359425,111,47,1747,2016,304929.0,1939.0,1.339307,0.8549209999999999,ITA,COG,8544
3359426,114,47,1747,2016,182.0,0.0,2.574025,-0.34859,JPN,COG,8544
3359427,118,47,1747,2016,834.0,0.0,-0.8365239999999999,-0.794615,KHM,COG,8544
3359428,121,47,1747,2016,652213.0,0.0,2.086184,0.724318,KOR,COG,8544
3359429,124,47,1747,2016,929669.0,0.0,0.285829,1.0818139999999998,LBN,COG,8544
3359430,134,47,1747,2016,4263081.0,0.0,-0.772795,-0.206511,MAR,COG,8544
3359431,138,47,1747,2016,5665.0,0.0,1.165638,0.6446649999999999,MEX,COG,8544
3359432,152,47,1747,2016,0.0,3239.0,-1.113794,-1.172385,MWI,COG,8544
3359433,153,47,1747,2016,4251.0,0.0,1.106894,0.7452840000000001,MYS,COG,8544
3359434,159,47,1747,2016,740.0,0.0,-1.835357,-1.286597,NGA,COG,8544
3359435,162,47,1747,2016,70754.0,75419.0,1.157361,1.5188540000000001,NLD,COG,8544
3359436,163,47,1747,2016,3942096.0,0.0,0.89891,0.297673,NOR,COG,8544
3359437,177,47,1747,2016,57326.0,0.0,1.146113,1.239532,POL,COG,8544
3359438,179,47,1747,2016,15505.0,0.0,0.519621,2.254972,PRT,COG,8544
3359439,185,47,1747,2016,620.0,137166.0,1.061259,0.9878870000000001,ROU,COG,8544
3359440,186,47,1747,2016,75786.0,0.0,0.252891,0.200423,RUS,COG,8544
3359441,191,47,1747,2016,72106.0,0.0,-0.7061270000000001,-0.46532399999999996,SEN,COG,8544
3359442,192,47,1747,2016,8290.0,0.0,2.089995,0.564921,SGP,COG,8544
3359443,206,47,1747,2016,127009.0,0.0,1.273942,0.763966,SVK,COG,8544
3359444,208,47,1747,2016,56993.0,0.0,1.785149,0.767444,SWE,COG,8544
3359445,223,47,1747,2016,1177627.0,0.0,0.171791,1.062948,TUN,COG,8544
3359446,224,47,1747,2016,918463.0,0.0,0.45364799999999994,2.478837,TUR,COG,8544
3359447,230,47,1747,2016,1217.0,0.0,0.098051,-0.45418400000000003,URY,COG,8544
3359448,231,47,1747,2016,588754.0,0.0,1.685329,0.297536,USA,COG,8544
3359449,246,47,1747,2016,50804.0,96.0,0.187396,1.46169,ZAF,COG,8544
3359450,250,47,1747,2016,434206.0,0.0,0.773312,-0.015385,ANS,COG,8544
3359451,8,54,1747,2016,25101.0,0.0,-0.132495,0.16353199999999998,ARG,CUB,8544
3359452,15,54,1747,2016,1160.0,1297.0,1.759363,0.127262,AUT,CUB,8544
3359453,18,54,1747,2016,16900.0,0.0,1.3102610000000001,1.214573,BEL,CUB,8544
3359454,28,54,1747,2016,43333.0,0.0,0.773807,0.827442,BLR,CUB,8544
3359455,32,54,1747,2016,1558181.0,0.0,0.245919,0.661809,BRA,CUB,8544
3359456,39,54,1747,2016,774878.0,0.0,0.6579050000000001,1.12259,CAN,CUB,8544
3359457,41,54,1747,2016,146050.0,0.0,2.3488689999999997,0.806291,CHE,CUB,8544
3359458,43,54,1747,2016,24738195.0,30326.0,1.1073620000000002,1.723098,CHN,CUB,8544
3359459,52,54,1747,2016,6662.0,0.0,0.204591,-0.18279600000000001,CRI,CUB,8544
3359460,59,54,1747,2016,4541.0,0.0,1.823627,0.552354,CZE,CUB,8544
3359461,61,54,1747,2016,978382.0,0.0,2.203093,-2.24919,DEU,CUB,8544
3359462,65,54,1747,2016,39305.0,0.0,-0.237382,0.295389,DOM,CUB,8544
3359463,67,54,1747,2016,0.0,71637.0,-1.0860049999999999,-1.049065,ECU,CUB,8544
3359464,71,54,1747,2016,20236379.0,0.0,0.765428,2.57725,ESP,CUB,8544
3359465,72,54,1747,2016,42119.0,0.0,1.000418,1.154152,EST,CUB,8544
3359466,77,54,1747,2016,94724.0,0.0,1.476437,0.911746,FRA,CUB,8544
3359467,81,54,1747,2016,94545.0,0.0,1.6974669999999998,0.9231299999999999,GBR,CUB,8544
3359468,90,54,1747,2016,1483.0,0.0,0.12153499999999999,1.126101,GRC,CUB,8544
3359469,102,54,1747,2016,31108.0,0.0,1.445281,0.8422209999999999,HUN,CUB,8544
3359470,110,54,1747,2016,7000.0,0.0,1.352275,0.67584,ISR,CUB,8544
3359471,111,54,1747,2016,6260189.0,0.0,1.339307,0.8549209999999999,ITA,CUB,8544
3359472,114,54,1747,2016,298454.0,0.0,2.574025,-0.34859,JPN,CUB,8544
3359473,121,54,1747,2016,219610.0,0.0,2.086184,0.724318,KOR,CUB,8544
3359474,138,54,1747,2016,1403243.0,0.0,1.165638,0.6446649999999999,MEX,CUB,8544
3359475,153,54,1747,2016,90964.0,0.0,1.106894,0.7452840000000001,MYS,CUB,8544
3359476,162,54,1747,2016,190932.0,0.0,1.157361,1.5188540000000001,NLD,CUB,8544
3359477,166,54,1747,2016,1376.0,0.0,0.236556,0.252918,NZL,CUB,8544
3359478,169,54,1747,2016,1617490.0,0.0,0.58773,0.654145,PAN,CUB,8544
3359479,179,54,1747,2016,1930323.0,0.0,0.519621,2.254972,PRT,CUB,8544
3359480,186,54,1747,2016,326536.0,0.0,0.252891,0.200423,RUS,CUB,8544
3359481,197,54,1747,2016,31175.0,0.0,0.10397999999999999,0.25556599999999996,SLV,CUB,8544
3359482,208,54,1747,2016,466934.0,1124.0,1.785149,0.767444,SWE,CUB,8544
3359483,223,54,1747,2016,0.0,2126.0,0.171791,1.062948,TUN,CUB,8544
3359484,228,54,1747,2016,71470.0,0.0,0.406901,0.637051,UKR,CUB,8544
3359485,231,54,1747,2016,31993.0,0.0,1.685329,0.297536,USA,CUB,8544
3359486,249,54,1747,2016,21007.0,0.0,2.002996,1.39485,TWN,CUB,8544
3359487,7,62,1747,2016,411009.0,0.0,0.11037999999999999,0.045327,ARE,DJI,8544
3359488,18,62,1747,2016,8346.0,0.0,1.3102610000000001,1.214573,BEL,DJI,8544
3359489,43,62,1747,2016,22250818.0,0.0,1.1073620000000002,1.723098,CHN,DJI,8544
3359490,61,62,1747,2016,118010.0,0.0,2.203093,-2.24919,DEU,DJI,8544
3359491,64,62,1747,2016,25834.0,0.0,1.117864,1.302658,DNK,DJI,8544
3359492,68,62,1747,2016,41435.0,0.0,-0.142377,1.674348,EGY,DJI,8544
3359493,73,62,1747,2016,54584.0,0.0,-1.006161,-0.756472,ETH,DJI,8544
3359494,77,62,1747,2016,4165153.0,0.0,1.476437,0.911746,FRA,DJI,8544
3359495,81,62,1747,2016,8632.0,0.0,1.6974669999999998,0.9231299999999999,GBR,DJI,8544
3359496,103,62,1747,2016,50002.0,0.0,-0.158496,1.492067,IDN,DJI,8544
3359497,104,62,1747,2016,165681.0,0.0,0.30976,2.61043,IND,DJI,8544
3359498,110,62,1747,2016,5000.0,0.0,1.352275,0.67584,ISR,DJI,8544
3359499,111,62,1747,2016,65805.0,0.0,1.339307,0.8549209999999999,ITA,DJI,8544
3359500,116,62,1747,2016,17635.0,0.0,-0.535616,0.520101,KEN,DJI,8544
3359501,121,62,1747,2016,70333.0,0.0,2.086184,0.724318,KOR,DJI,8544
3359502,124,62,1747,2016,20941.0,0.0,0.285829,1.0818139999999998,LBN,DJI,8544
3359503,153,62,1747,2016,14978.0,0.0,1.106894,0.7452840000000001,MYS,DJI,8544
3359504,162,62,1747,2016,161545.0,0.0,1.157361,1.5188540000000001,NLD,DJI,8544
3359505,168,62,1747,2016,42921.0,0.0,-0.7502800000000001,0.545331,PAK,DJI,8544
3359506,188,62,1747,2016,134682.0,0.0,0.394807,-0.638644,SAU,DJI,8544
3359507,208,62,1747,2016,5030.0,0.0,1.785149,0.767444,SWE,DJI,8544
3359508,223,62,1747,2016,37922.0,0.0,0.171791,1.062948,TUN,DJI,8544
3359509,224,62,1747,2016,576291.0,0.0,0.45364799999999994,2.478837,TUR,DJI,8544
3359510,231,62,1747,2016,445424.0,0.0,1.685329,0.297536,USA,DJI,8544
3359511,239,62,1747,2016,43472.0,0.0,-0.10217899999999999,1.015568,VNM,DJI,8544
3359512,246,62,1747,2016,27812.0,0.0,0.187396,1.46169,ZAF,DJI,8544
3359513,2,63,1747,2016,0.0,14333.0,-1.313517,-1.262761,AGO,DMA,8544
3359514,43,63,1747,2016,342835.0,0.0,1.1073620000000002,1.723098,CHN,DMA,8544
3359515,49,63,1747,2016,1178.0,0.0,0.10205700000000001,-0.155574,COL,DMA,8544
3359516,81,63,1747,2016,113170.0,0.0,1.6974669999999998,0.9231299999999999,GBR,DMA,8544
3359517,121,63,1747,2016,110811.0,0.0,2.086184,0.724318,KOR,DMA,8544
3359518,208,63,1747,2016,30465.0,0.0,1.785149,0.767444,SWE,DMA,8544
3359519,231,63,1747,2016,351311.0,0.0,1.685329,0.297536,USA,DMA,8544
3359520,249,63,1747,2016,55111.0,0.0,2.002996,1.39485,TWN,DMA,8544
3359521,7,66,1747,2016,246979.0,0.0,0.11037999999999999,0.045327,ARE,DZA,8544
3359522,14,66,1747,2016,66944.0,0.0,-0.25955300000000003,0.0011070000000000001,AUS,DZA,8544
3359523,15,66,1747,2016,51803.0,0.0,1.759363,0.127262,AUT,DZA,8544
3359524,16,66,1747,2016,230.0,0.0,-0.909744,-1.180449,AZE,DZA,8544
3359525,18,66,1747,2016,3499474.0,1326.0,1.3102610000000001,1.214573,BEL,DZA,8544
3359526,23,66,1747,2016,19192.0,0.0,0.51707,1.7329130000000001,BGR,DZA,8544
3359527,24,66,1747,2016,31625.0,0.0,0.323348,-0.514446,BHR,DZA,8544
3359528,32,66,1747,2016,552488.0,0.0,0.245919,0.661809,BRA,DZA,8544
3359529,39,66,1747,2016,196247.0,0.0,0.6579050000000001,1.12259,CAN,DZA,8544
3359530,41,66,1747,2016,86942.0,0.0,2.3488689999999997,0.806291,CHE,DZA,8544
3359531,43,66,1747,2016,46968279.0,0.0,1.1073620000000002,1.723098,CHN,DZA,8544
3359532,47,66,1747,2016,43815.0,0.0,-0.718731,-1.0663799999999999,COG,DZA,8544
3359533,59,66,1747,2016,101180.0,0.0,1.823627,0.552354,CZE,DZA,8544
3359534,61,66,1747,2016,5950626.0,0.0,2.203093,-2.24919,DEU,DZA,8544
3359535,64,66,1747,2016,43857.0,0.0,1.117864,1.302658,DNK,DZA,8544
3359536,68,66,1747,2016,2723982.0,22176420.0,-0.142377,1.674348,EGY,DZA,8544
3359537,71,66,1747,2016,17595907.0,0.0,0.765428,2.57725,ESP,DZA,8544
3359538,72,66,1747,2016,204927.0,0.0,1.000418,1.154152,EST,DZA,8544
3359539,74,66,1747,2016,64720.0,0.0,1.581968,1.006432,FIN,DZA,8544
3359540,77,66,1747,2016,17489279.0,2799.0,1.476437,0.911746,FRA,DZA,8544
3359541,81,66,1747,2016,788965.0,871.0,1.6974669999999998,0.9231299999999999,GBR,DZA,8544
3359542,90,66,1747,2016,159160.0,0.0,0.12153499999999999,1.126101,GRC,DZA,8544
3359543,97,66,1747,2016,168471.0,0.0,0.8029029999999999,1.477249,HKG,DZA,8544
3359544,100,66,1747,2016,576410.0,0.0,0.8695200000000001,1.214791,HRV,DZA,8544
3359545,102,66,1747,2016,131196.0,0.0,1.445281,0.8422209999999999,HUN,DZA,8544
3359546,103,66,1747,2016,283202.0,0.0,-0.158496,1.492067,IDN,DZA,8544
3359547,104,66,1747,2016,1019975.0,0.0,0.30976,2.61043,IND,DZA,8544
3359548,106,66,1747,2016,24737.0,0.0,1.445238,0.07659400000000001,IRL,DZA,8544
3359549,111,66,1747,2016,14010951.0,569033.0,1.339307,0.8549209999999999,ITA,DZA,8544
3359550,113,66,1747,2016,86190.0,170966.0,-0.0115,0.045625,JOR,DZA,8544
3359551,114,66,1747,2016,168216.0,0.0,2.574025,-0.34859,JPN,DZA,8544
3359552,121,66,1747,2016,25870093.0,0.0,2.086184,0.724318,KOR,DZA,8544
3359553,124,66,1747,2016,424053.0,0.0,0.285829,1.0818139999999998,LBN,DZA,8544
3359554,130,66,1747,2016,66417.0,0.0,0.706929,1.419432,LTU,DZA,8544
3359555,131,66,1747,2016,46524.0,0.0,1.340054,1.30224,LUX,DZA,8544
3359556,132,66,1747,2016,19899.0,0.0,0.553592,1.19865,LVA,DZA,8544
3359557,134,66,1747,2016,9898414.0,24201.0,-0.772795,-0.206511,MAR,DZA,8544
3359558,138,66,1747,2016,490401.0,2383.0,1.165638,0.6446649999999999,MEX,DZA,8544
3359559,142,66,1747,2016,1520.0,0.0,0.8795950000000001,-0.21689499999999998,MLT,DZA,8544
3359560,148,66,1747,2016,0.0,1394.0,-1.542265,-1.318586,MRT,DZA,8544
3359561,153,66,1747,2016,167501.0,0.0,1.106894,0.7452840000000001,MYS,DZA,8544
3359562,157,66,1747,2016,0.0,645.0,-0.973057,-0.953672,NER,DZA,8544
3359563,162,66,1747,2016,597922.0,19748.0,1.157361,1.5188540000000001,NLD,DZA,8544
3359564,163,66,1747,2016,12490.0,0.0,0.89891,0.297673,NOR,DZA,8544
3359565,168,66,1747,2016,13361.0,0.0,-0.7502800000000001,0.545331,PAK,DZA,8544
3359566,177,66,1747,2016,501934.0,0.0,1.146113,1.239532,POL,DZA,8544
3359567,178,66,1747,2016,10777.0,0.0,-0.512374,-0.143648,PRK,DZA,8544
3359568,179,66,1747,2016,4622607.0,0.0,0.519621,2.254972,PRT,DZA,8544
3359569,185,66,1747,2016,5966886.0,0.0,1.061259,0.9878870000000001,ROU,DZA,8544
3359570,186,66,1747,2016,1596136.0,0.0,0.252891,0.200423,RUS,DZA,8544
3359571,188,66,1747,2016,139442.0,1512418.0,0.394807,-0.638644,SAU,DZA,8544
3359572,192,66,1747,2016,40304.0,0.0,2.089995,0.564921,SGP,DZA,8544
3359573,206,66,1747,2016,740968.0,0.0,1.273942,0.763966,SVK,DZA,8544
3359574,207,66,1747,2016,90084.0,0.0,1.6466720000000001,0.8247680000000001,SVN,DZA,8544
3359575,208,66,1747,2016,2953309.0,0.0,1.785149,0.767444,SWE,DZA,8544
3359576,209,66,1747,2016,1249.0,0.0,0.2785,-0.43804799999999994,SWZ,DZA,8544
3359577,216,66,1747,2016,7901.0,0.0,1.022065,1.428082,THA,DZA,8544
3359578,217,66,1747,2016,69143.0,0.0,-1.0791549999999999,-1.137941,TJK,DZA,8544
3359579,223,66,1747,2016,11063663.0,120180.0,0.171791,1.062948,TUN,DZA,8544
3359580,224,66,1747,2016,36242772.0,485.0,0.45364799999999994,2.478837,TUR,DZA,8544
3359581,228,66,1747,2016,294139.0,0.0,0.406901,0.637051,UKR,DZA,8544
3359582,231,66,1747,2016,4183266.0,292968.0,1.685329,0.297536,USA,DZA,8544
3359583,239,66,1747,2016,3614.0,0.0,-0.10217899999999999,1.015568,VNM,DZA,8544
3359584,246,66,1747,2016,49770.0,0.0,0.187396,1.46169,ZAF,DZA,8544
3359585,249,66,1747,2016,104223.0,0.0,2.002996,1.39485,TWN,DZA,8544
3359586,5,73,1747,2016,8701.0,0.0,1.06885,0.519109,AND,ETH,8544
3359587,7,73,1747,2016,2850643.0,0.0,0.11037999999999999,0.045327,ARE,ETH,8544
3359588,14,73,1747,2016,16046.0,21331.0,-0.25955300000000003,0.0011070000000000001,AUS,ETH,8544
3359589,15,73,1747,2016,4573.0,0.0,1.759363,0.127262,AUT,ETH,8544
3359590,18,73,1747,2016,33125.0,0.0,1.3102610000000001,1.214573,BEL,ETH,8544
3359591,23,73,1747,2016,1386.0,0.0,0.51707,1.7329130000000001,BGR,ETH,8544
3359592,24,73,1747,2016,126289.0,1028.0,0.323348,-0.514446,BHR,ETH,8544
3359593,32,73,1747,2016,2212.0,0.0,0.245919,0.661809,BRA,ETH,8544
3359594,39,73,1747,2016,32627.0,7400.0,0.6579050000000001,1.12259,CAN,ETH,8544
3359595,41,73,1747,2016,98563.0,0.0,2.3488689999999997,0.806291,CHE,ETH,8544
3359596,43,73,1747,2016,57480639.0,15722.0,1.1073620000000002,1.723098,CHN,ETH,8544
3359597,45,73,1747,2016,3897.0,0.0,-1.086484,-1.0725559999999998,CMR,ETH,8544
3359598,59,73,1747,2016,51588.0,0.0,1.823627,0.552354,CZE,ETH,8544
3359599,61,73,1747,2016,821978.0,26501.0,2.203093,-2.24919,DEU,ETH,8544
3359600,62,73,1747,2016,0.0,54584.0,-0.032607,-0.549622,DJI,ETH,8544
3359601,64,73,1747,2016,28298.0,0.0,1.117864,1.302658,DNK,ETH,8544
3359602,68,73,1747,2016,27017.0,0.0,-0.142377,1.674348,EGY,ETH,8544
3359603,71,73,1747,2016,56009.0,1051.0,0.765428,2.57725,ESP,ETH,8544
3359604,74,73,1747,2016,2787.0,0.0,1.581968,1.006432,FIN,ETH,8544
3359605,77,73,1747,2016,773600.0,0.0,1.476437,0.911746,FRA,ETH,8544
3359606,81,73,1747,2016,460948.0,13870.0,1.6974669999999998,0.9231299999999999,GBR,ETH,8544
3359607,90,73,1747,2016,5753.0,0.0,0.12153499999999999,1.126101,GRC,ETH,8544
3359608,97,73,1747,2016,624951.0,26276.0,0.8029029999999999,1.477249,HKG,ETH,8544
3359609,102,73,1747,2016,10719.0,0.0,1.445281,0.8422209999999999,HUN,ETH,8544
3359610,103,73,1747,2016,51407.0,0.0,-0.158496,1.492067,IDN,ETH,8544
3359611,104,73,1747,2016,1570823.0,29400.0,0.30976,2.61043,IND,ETH,8544
3359612,106,73,1747,2016,988.0,13704.0,1.445238,0.07659400000000001,IRL,ETH,8544
3359613,107,73,1747,2016,200526.0,0.0,-0.407368,-0.23482399999999998,IRN,ETH,8544
3359614,110,73,1747,2016,41271.0,0.0,1.352275,0.67584,ISR,ETH,8544
3359615,111,73,1747,2016,3804996.0,0.0,1.339307,0.8549209999999999,ITA,ETH,8544
3359616,114,73,1747,2016,187758.0,0.0,2.574025,-0.34859,JPN,ETH,8544
3359617,116,73,1747,2016,46405.0,25041.0,-0.535616,0.520101,KEN,ETH,8544
3359618,121,73,1747,2016,388608.0,0.0,2.086184,0.724318,KOR,ETH,8544
3359619,124,73,1747,2016,1711.0,0.0,0.285829,1.0818139999999998,LBN,ETH,8544
3359620,128,73,1747,2016,217206.0,0.0,-0.562869,0.49937,LKA,ETH,8544
3359621,130,73,1747,2016,18974.0,0.0,0.706929,1.419432,LTU,ETH,8544
3359622,131,73,1747,2016,12448.0,0.0,1.340054,1.30224,LUX,ETH,8544
3359623,132,73,1747,2016,64058.0,0.0,0.553592,1.19865,LVA,ETH,8544
3359624,134,73,1747,2016,5261.0,797.0,-0.772795,-0.206511,MAR,ETH,8544
3359625,138,73,1747,2016,15004.0,0.0,1.165638,0.6446649999999999,MEX,ETH,8544
3359626,147,73,1747,2016,58968.0,0.0,-1.333702,-1.116794,MOZ,ETH,8544
3359627,153,73,1747,2016,35542.0,0.0,1.106894,0.7452840000000001,MYS,ETH,8544
3359628,162,73,1747,2016,305339.0,1015.0,1.157361,1.5188540000000001,NLD,ETH,8544
3359629,163,73,1747,2016,2350.0,0.0,0.89891,0.297673,NOR,ETH,8544
3359630,167,73,1747,2016,29566.0,0.0,-0.334782,-0.9107190000000001,OMN,ETH,8544
3359631,168,73,1747,2016,26382.0,0.0,-0.7502800000000001,0.545331,PAK,ETH,8544
3359632,174,73,1747,2016,3398.0,0.0,0.619343,0.303981,PHL,ETH,8544
3359633,177,73,1747,2016,51345.0,0.0,1.146113,1.239532,POL,ETH,8544
3359634,179,73,1747,2016,1744.0,0.0,0.519621,2.254972,PRT,ETH,8544
3359635,185,73,1747,2016,2949.0,0.0,1.061259,0.9878870000000001,ROU,ETH,8544
3359636,187,73,1747,2016,0.0,1233.0,-0.5802149999999999,-0.568327,RWA,ETH,8544
3359637,188,73,1747,2016,11384.0,0.0,0.394807,-0.638644,SAU,ETH,8544
3359638,192,73,1747,2016,695.0,0.0,2.089995,0.564921,SGP,ETH,8544
3359639,199,73,1747,2016,0.0,49535.0,-1.429439,-1.006612,SOM,ETH,8544
3359640,201,73,1747,2016,627.0,0.0,0.501676,1.0447520000000001,SRB,ETH,8544
3359641,206,73,1747,2016,26997.0,0.0,1.273942,0.763966,SVK,ETH,8544
3359642,208,73,1747,2016,921076.0,0.0,1.785149,0.767444,SWE,ETH,8544
3359643,209,73,1747,2016,2956.0,0.0,0.2785,-0.43804799999999994,SWZ,ETH,8544
3359644,216,73,1747,2016,15579.0,0.0,1.022065,1.428082,THA,ETH,8544
3359645,223,73,1747,2016,144618.0,0.0,0.171791,1.062948,TUN,ETH,8544
3359646,224,73,1747,2016,6631421.0,1522.0,0.45364799999999994,2.478837,TUR,ETH,8544
3359647,226,73,1747,2016,1247.0,0.0,-1.1008799999999999,-0.048319,TZA,ETH,8544
3359648,227,73,1747,2016,0.0,113852.0,-0.37745300000000004,0.525303,UGA,ETH,8544
3359649,228,73,1747,2016,97071.0,0.0,0.406901,0.637051,UKR,ETH,8544
3359650,231,73,1747,2016,1645669.0,310609.0,1.685329,0.297536,USA,ETH,8544
3359651,239,73,1747,2016,65985.0,0.0,-0.10217899999999999,1.015568,VNM,ETH,8544
3359652,246,73,1747,2016,106689.0,2581.0,0.187396,1.46169,ZAF,ETH,8544
3359653,249,73,1747,2016,74633.0,0.0,2.002996,1.39485,TWN,ETH,8544
3359654,7,80,1747,2016,238219.0,0.0,0.11037999999999999,0.045327,ARE,GAB,8544
3359655,15,80,1747,2016,14215.0,0.0,1.759363,0.127262,AUT,GAB,8544
3359656,18,80,1747,2016,446444.0,0.0,1.3102610000000001,1.214573,BEL,GAB,8544
3359657,32,80,1747,2016,4681.0,0.0,0.245919,0.661809,BRA,GAB,8544
3359658,43,80,1747,2016,3440349.0,0.0,1.1073620000000002,1.723098,CHN,GAB,8544
3359659,44,80,1747,2016,14551.0,0.0,-0.88415,-0.8122689999999999,CIV,GAB,8544
3359660,45,80,1747,2016,17305.0,2801.0,-1.086484,-1.0725559999999998,CMR,GAB,8544
3359661,47,80,1747,2016,47962.0,0.0,-0.718731,-1.0663799999999999,COG,GAB,8544
3359662,59,80,1747,2016,25953.0,0.0,1.823627,0.552354,CZE,GAB,8544
3359663,61,80,1747,2016,321427.0,16526.0,2.203093,-2.24919,DEU,GAB,8544
3359664,65,80,1747,2016,0.0,6596.0,-0.237382,0.295389,DOM,GAB,8544
3359665,68,80,1747,2016,228020.0,0.0,-0.142377,1.674348,EGY,GAB,8544
3359666,71,80,1747,2016,160553.0,0.0,0.765428,2.57725,ESP,GAB,8544
3359667,77,80,1747,2016,6433690.0,0.0,1.476437,0.911746,FRA,GAB,8544
3359668,81,80,1747,2016,288408.0,0.0,1.6974669999999998,0.9231299999999999,GBR,GAB,8544
3359669,90,80,1747,2016,26027.0,0.0,0.12153499999999999,1.126101,GRC,GAB,8544
3359670,97,80,1747,2016,118932.0,5361.0,0.8029029999999999,1.477249,HKG,GAB,8544
3359671,104,80,1747,2016,177890.0,0.0,0.30976,2.61043,IND,GAB,8544
3359672,106,80,1747,2016,0.0,5678.0,1.445238,0.07659400000000001,IRL,GAB,8544
3359673,110,80,1747,2016,1220000.0,0.0,1.352275,0.67584,ISR,GAB,8544
3359674,111,80,1747,2016,109361.0,0.0,1.339307,0.8549209999999999,ITA,GAB,8544
3359675,121,80,1747,2016,48969.0,0.0,2.086184,0.724318,KOR,GAB,8544
3359676,122,80,1747,2016,0.0,1526.0,-0.31188,-1.1438620000000002,KWT,GAB,8544
3359677,124,80,1747,2016,162912.0,0.0,0.285829,1.0818139999999998,LBN,GAB,8544
3359678,134,80,1747,2016,3173798.0,0.0,-0.772795,-0.206511,MAR,GAB,8544
3359679,147,80,1747,2016,0.0,1587.0,-1.333702,-1.116794,MOZ,GAB,8544
3359680,153,80,1747,2016,1482.0,0.0,1.106894,0.7452840000000001,MYS,GAB,8544
3359681,162,80,1747,2016,226220.0,0.0,1.157361,1.5188540000000001,NLD,GAB,8544
3359682,163,80,1747,2016,19318.0,0.0,0.89891,0.297673,NOR,GAB,8544
3359683,179,80,1747,2016,25867.0,0.0,0.519621,2.254972,PRT,GAB,8544
3359684,185,80,1747,2016,21004.0,0.0,1.061259,0.9878870000000001,ROU,GAB,8544
3359685,186,80,1747,2016,64776.0,0.0,0.252891,0.200423,RUS,GAB,8544
3359686,191,80,1747,2016,793389.0,0.0,-0.7061270000000001,-0.46532399999999996,SEN,GAB,8544
3359687,208,80,1747,2016,28280.0,0.0,1.785149,0.767444,SWE,GAB,8544
3359688,223,80,1747,2016,353923.0,0.0,0.171791,1.062948,TUN,GAB,8544
3359689,224,80,1747,2016,280378.0,0.0,0.45364799999999994,2.478837,TUR,GAB,8544
3359690,231,80,1747,2016,1262670.0,0.0,1.685329,0.297536,USA,GAB,8544
3359691,246,80,1747,2016,80151.0,0.0,0.187396,1.46169,ZAF,GAB,8544
3359692,7,82,1747,2016,345889.0,616.0,0.11037999999999999,0.045327,ARE,GEO,8544
3359693,9,82,1747,2016,27781.0,430930.0,-0.044982999999999995,-0.518007,ARM,GEO,8544
3359694,14,82,1747,2016,0.0,9633.0,-0.25955300000000003,0.0011070000000000001,AUS,GEO,8544
3359695,15,82,1747,2016,896632.0,2360.0,1.759363,0.127262,AUT,GEO,8544
3359696,16,82,1747,2016,982235.0,170323.0,-0.909744,-1.180449,AZE,GEO,8544
3359697,18,82,1747,2016,255376.0,0.0,1.3102610000000001,1.214573,BEL,GEO,8544
3359698,23,82,1747,2016,64556.0,0.0,0.51707,1.7329130000000001,BGR,GEO,8544
3359699,28,82,1747,2016,153262.0,0.0,0.773807,0.827442,BLR,GEO,8544
3359700,39,82,1747,2016,13669.0,0.0,0.6579050000000001,1.12259,CAN,GEO,8544
3359701,41,82,1747,2016,192175.0,0.0,2.3488689999999997,0.806291,CHE,GEO,8544
3359702,43,82,1747,2016,4828616.0,13921.0,1.1073620000000002,1.723098,CHN,GEO,8544
3359703,47,82,1747,2016,0.0,764.0,-0.718731,-1.0663799999999999,COG,GEO,8544
3359704,58,82,1747,2016,1718.0,0.0,0.40822800000000004,0.07535,CYP,GEO,8544
3359705,59,82,1747,2016,500521.0,3733.0,1.823627,0.552354,CZE,GEO,8544
3359706,61,82,1747,2016,1923359.0,22087.0,2.203093,-2.24919,DEU,GEO,8544
3359707,64,82,1747,2016,71022.0,0.0,1.117864,1.302658,DNK,GEO,8544
3359708,71,82,1747,2016,715433.0,0.0,0.765428,2.57725,ESP,GEO,8544
3359709,72,82,1747,2016,13781.0,0.0,1.000418,1.154152,EST,GEO,8544
3359710,74,82,1747,2016,172172.0,1788.0,1.581968,1.006432,FIN,GEO,8544
3359711,77,82,1747,2016,253067.0,17914.0,1.476437,0.911746,FRA,GEO,8544
3359712,81,82,1747,2016,347614.0,6628.0,1.6974669999999998,0.9231299999999999,GBR,GEO,8544
3359713,90,82,1747,2016,3090.0,1865.0,0.12153499999999999,1.126101,GRC,GEO,8544
3359714,97,82,1747,2016,704220.0,0.0,0.8029029999999999,1.477249,HKG,GEO,8544
3359715,100,82,1747,2016,1548.0,0.0,0.8695200000000001,1.214791,HRV,GEO,8544
3359716,102,82,1747,2016,1159.0,0.0,1.445281,0.8422209999999999,HUN,GEO,8544
3359717,104,82,1747,2016,409055.0,0.0,0.30976,2.61043,IND,GEO,8544
3359718,106,82,1747,2016,5173.0,0.0,1.445238,0.07659400000000001,IRL,GEO,8544
3359719,107,82,1747,2016,52473.0,0.0,-0.407368,-0.23482399999999998,IRN,GEO,8544
3359720,110,82,1747,2016,33668.0,1658.0,1.352275,0.67584,ISR,GEO,8544
3359721,111,82,1747,2016,3561114.0,0.0,1.339307,0.8549209999999999,ITA,GEO,8544
3359722,114,82,1747,2016,5287.0,0.0,2.574025,-0.34859,JPN,GEO,8544
3359723,115,82,1747,2016,993.0,3164.0,-0.376397,-0.553639,KAZ,GEO,8544
3359724,117,82,1747,2016,1532.0,0.0,0.010529,0.287462,KGZ,GEO,8544
3359725,121,82,1747,2016,41392.0,0.0,2.086184,0.724318,KOR,GEO,8544
3359726,130,82,1747,2016,69376.0,3310.0,0.706929,1.419432,LTU,GEO,8544
3359727,131,82,1747,2016,786.0,0.0,1.340054,1.30224,LUX,GEO,8544
3359728,132,82,1747,2016,107932.0,0.0,0.553592,1.19865,LVA,GEO,8544
3359729,135,82,1747,2016,1424.0,0.0,-0.340932,-0.2839,MDA,GEO,8544
3359730,138,82,1747,2016,0.0,1793.0,1.165638,0.6446649999999999,MEX,GEO,8544
3359731,162,82,1747,2016,349422.0,3335.0,1.157361,1.5188540000000001,NLD,GEO,8544
3359732,177,82,1747,2016,86024.0,1977.0,1.146113,1.239532,POL,GEO,8544
3359733,179,82,1747,2016,393878.0,0.0,0.519621,2.254972,PRT,GEO,8544
3359734,185,82,1747,2016,550689.0,0.0,1.061259,0.9878870000000001,ROU,GEO,8544
3359735,186,82,1747,2016,441658.0,0.0,0.252891,0.200423,RUS,GEO,8544
3359736,192,82,1747,2016,137917.0,4420.0,2.089995,0.564921,SGP,GEO,8544
3359737,206,82,1747,2016,8999.0,0.0,1.273942,0.763966,SVK,GEO,8544
3359738,207,82,1747,2016,9093.0,0.0,1.6466720000000001,0.8247680000000001,SVN,GEO,8544
3359739,208,82,1747,2016,391330.0,0.0,1.785149,0.767444,SWE,GEO,8544
3359740,219,82,1747,2016,0.0,5517.0,-1.27494,-1.259639,TKM,GEO,8544
3359741,224,82,1747,2016,30562033.0,162994.0,0.45364799999999994,2.478837,TUR,GEO,8544
3359742,228,82,1747,2016,2330717.0,5321.0,0.406901,0.637051,UKR,GEO,8544
3359743,231,82,1747,2016,247866.0,12595.0,1.685329,0.297536,USA,GEO,8544
3359744,239,82,1747,2016,4457.0,2797.0,-0.10217899999999999,1.015568,VNM,GEO,8544
3359745,246,82,1747,2016,1800.0,0.0,0.187396,1.46169,ZAF,GEO,8544
3359746,249,82,1747,2016,33624.0,0.0,2.002996,1.39485,TWN,GEO,8544
3359747,7,83,1747,2016,825436.0,0.0,0.11037999999999999,0.045327,ARE,GHA,8544
3359748,13,83,1747,2016,1716.0,0.0,0.19935999999999998,-0.538471,ATG,GHA,8544
3359749,14,83,1747,2016,441697.0,0.0,-0.25955300000000003,0.0011070000000000001,AUS,GHA,8544
3359750,15,83,1747,2016,91087.0,0.0,1.759363,0.127262,AUT,GHA,8544
3359751,18,83,1747,2016,219684.0,87604.0,1.3102610000000001,1.214573,BEL,GHA,8544
3359752,19,83,1747,2016,0.0,10792.0,-0.971123,-0.801574,BEN,GHA,8544
3359753,21,83,1747,2016,0.0,29524.0,-1.0885790000000002,-1.027005,BFA,GHA,8544
3359754,23,83,1747,2016,1776.0,0.0,0.51707,1.7329130000000001,BGR,GHA,8544
3359755,32,83,1747,2016,932505.0,0.0,0.245919,0.661809,BRA,GHA,8544
3359756,39,83,1747,2016,79040.0,0.0,0.6579050000000001,1.12259,CAN,GHA,8544
3359757,41,83,1747,2016,79179.0,0.0,2.3488689999999997,0.806291,CHE,GHA,8544
3359758,43,83,1747,2016,40277246.0,0.0,1.1073620000000002,1.723098,CHN,GHA,8544
3359759,44,83,1747,2016,1051377.0,4696.0,-0.88415,-0.8122689999999999,CIV,GHA,8544
3359760,45,83,1747,2016,10965.0,0.0,-1.086484,-1.0725559999999998,CMR,GHA,8544
3359761,47,83,1747,2016,0.0,121132.0,-0.718731,-1.0663799999999999,COG,GHA,8544
3359762,58,83,1747,2016,3364.0,0.0,0.40822800000000004,0.07535,CYP,GHA,8544
3359763,59,83,1747,2016,32188.0,0.0,1.823627,0.552354,CZE,GHA,8544
3359764,61,83,1747,2016,1661361.0,7204.0,2.203093,-2.24919,DEU,GHA,8544
3359765,64,83,1747,2016,125440.0,0.0,1.117864,1.302658,DNK,GHA,8544
3359766,68,83,1747,2016,18959.0,0.0,-0.142377,1.674348,EGY,GHA,8544
3359767,71,83,1747,2016,186548.0,0.0,0.765428,2.57725,ESP,GHA,8544
3359768,72,83,1747,2016,1897.0,0.0,1.000418,1.154152,EST,GHA,8544
3359769,74,83,1747,2016,18908.0,0.0,1.581968,1.006432,FIN,GHA,8544
3359770,77,83,1747,2016,474182.0,1223.0,1.476437,0.911746,FRA,GHA,8544
3359771,81,83,1747,2016,4058889.0,20735.0,1.6974669999999998,0.9231299999999999,GBR,GHA,8544
3359772,90,83,1747,2016,1225741.0,0.0,0.12153499999999999,1.126101,GRC,GHA,8544
3359773,97,83,1747,2016,314793.0,0.0,0.8029029999999999,1.477249,HKG,GHA,8544
3359774,102,83,1747,2016,5442.0,0.0,1.445281,0.8422209999999999,HUN,GHA,8544
3359775,103,83,1747,2016,4995.0,0.0,-0.158496,1.492067,IDN,GHA,8544
3359776,104,83,1747,2016,5195030.0,0.0,0.30976,2.61043,IND,GHA,8544
3359777,105,83,1747,2016,9403.0,0.0,0.9315,-0.661654,IOT,GHA,8544
3359778,106,83,1747,2016,33739.0,0.0,1.445238,0.07659400000000001,IRL,GHA,8544
3359779,110,83,1747,2016,332069.0,0.0,1.352275,0.67584,ISR,GHA,8544
3359780,111,83,1747,2016,505791.0,8817.0,1.339307,0.8549209999999999,ITA,GHA,8544
3359781,114,83,1747,2016,71150.0,0.0,2.574025,-0.34859,JPN,GHA,8544
3359782,116,83,1747,2016,34588.0,0.0,-0.535616,0.520101,KEN,GHA,8544
3359783,121,83,1747,2016,405235.0,0.0,2.086184,0.724318,KOR,GHA,8544
3359784,124,83,1747,2016,648578.0,0.0,0.285829,1.0818139999999998,LBN,GHA,8544
3359785,125,83,1747,2016,75549.0,48796.0,-0.870345,-1.113277,LBR,GHA,8544
3359786,130,83,1747,2016,3380.0,0.0,0.706929,1.419432,LTU,GHA,8544
3359787,131,83,1747,2016,1135.0,0.0,1.340054,1.30224,LUX,GHA,8544
3359788,134,83,1747,2016,424984.0,0.0,-0.772795,-0.206511,MAR,GHA,8544
3359789,136,83,1747,2016,481.0,0.0,-1.2672709999999998,-0.613909,MDG,GHA,8544
3359790,141,83,1747,2016,0.0,5550.0,-0.584863,-0.74131,MLI,GHA,8544
3359791,151,83,1747,2016,2567.0,0.0,-0.24309899999999998,-0.084888,MUS,GHA,8544
3359792,153,83,1747,2016,24312.0,0.0,1.106894,0.7452840000000001,MYS,GHA,8544
3359793,157,83,1747,2016,2565.0,1294.0,-0.973057,-0.953672,NER,GHA,8544
3359794,159,83,1747,2016,73486.0,2859.0,-1.835357,-1.286597,NGA,GHA,8544
3359795,162,83,1747,2016,245466.0,1310.0,1.157361,1.5188540000000001,NLD,GHA,8544
3359796,163,83,1747,2016,68039.0,1016.0,0.89891,0.297673,NOR,GHA,8544
3359797,166,83,1747,2016,9254.0,0.0,0.236556,0.252918,NZL,GHA,8544
3359798,169,83,1747,2016,2942.0,0.0,0.58773,0.654145,PAN,GHA,8544
3359799,173,83,1747,2016,1065.0,0.0,-0.717529,0.007845999999999999,PER,GHA,8544
3359800,177,83,1747,2016,39218.0,0.0,1.146113,1.239532,POL,GHA,8544
3359801,178,83,1747,2016,4368.0,0.0,-0.512374,-0.143648,PRK,GHA,8544
3359802,179,83,1747,2016,326930.0,0.0,0.519621,2.254972,PRT,GHA,8544
3359803,183,83,1747,2016,4941.0,0.0,-0.36124,-1.106629,QAT,GHA,8544
3359804,185,83,1747,2016,520908.0,0.0,1.061259,0.9878870000000001,ROU,GHA,8544
3359805,192,83,1747,2016,330833.0,10390.0,2.089995,0.564921,SGP,GHA,8544
3359806,196,83,1747,2016,0.0,2622.0,-0.184021,-0.5023920000000001,SLE,GHA,8544
3359807,206,83,1747,2016,1795.0,0.0,1.273942,0.763966,SVK,GHA,8544
3359808,208,83,1747,2016,1184708.0,0.0,1.785149,0.767444,SWE,GHA,8544
3359809,215,83,1747,2016,30435.0,1247.0,-0.751382,-0.7411310000000001,TGO,GHA,8544
3359810,216,83,1747,2016,81783.0,0.0,1.022065,1.428082,THA,GHA,8544
3359811,223,83,1747,2016,1035.0,0.0,0.171791,1.062948,TUN,GHA,8544
3359812,224,83,1747,2016,17836443.0,0.0,0.45364799999999994,2.478837,TUR,GHA,8544
3359813,226,83,1747,2016,10676.0,0.0,-1.1008799999999999,-0.048319,TZA,GHA,8544
3359814,228,83,1747,2016,70601.0,0.0,0.406901,0.637051,UKR,GHA,8544
3359815,231,83,1747,2016,11868882.0,0.0,1.685329,0.297536,USA,GHA,8544
3359816,237,83,1747,2016,173066.0,0.0,0.566815,-0.43181800000000004,VGB,GHA,8544
3359817,246,83,1747,2016,8497198.0,482.0,0.187396,1.46169,ZAF,GHA,8544
3359818,249,83,1747,2016,112245.0,0.0,2.002996,1.39485,TWN,GHA,8544
3359819,250,83,1747,2016,8439.0,0.0,0.773312,-0.015385,ANS,GHA,8544
3359820,18,84,1747,2016,5802.0,0.0,1.3102610000000001,1.214573,BEL,GIB,8544
3359821,41,84,1747,2016,1083.0,0.0,2.3488689999999997,0.806291,CHE,GIB,8544
3359822,43,84,1747,2016,2883.0,0.0,1.1073620000000002,1.723098,CHN,GIB,8544
3359823,61,84,1747,2016,85528.0,0.0,2.203093,-2.24919,DEU,GIB,8544
3359824,64,84,1747,2016,5543.0,0.0,1.117864,1.302658,DNK,GIB,8544
3359825,71,84,1747,2016,686667.0,0.0,0.765428,2.57725,ESP,GIB,8544
3359826,81,84,1747,2016,1215535.0,0.0,1.6974669999999998,0.9231299999999999,GBR,GIB,8544
3359827,90,84,1747,2016,45619.0,0.0,0.12153499999999999,1.126101,GRC,GIB,8544
3359828,106,84,1747,2016,63057.0,0.0,1.445238,0.07659400000000001,IRL,GIB,8544
3359829,110,84,1747,2016,28000.0,0.0,1.352275,0.67584,ISR,GIB,8544
3359830,111,84,1747,2016,12643.0,0.0,1.339307,0.8549209999999999,ITA,GIB,8544
3359831,162,84,1747,2016,13098.0,0.0,1.157361,1.5188540000000001,NLD,GIB,8544
3359832,163,84,1747,2016,15941.0,19431.0,0.89891,0.297673,NOR,GIB,8544
3359833,177,84,1747,2016,23675.0,0.0,1.146113,1.239532,POL,GIB,8544
3359834,179,84,1747,2016,61315.0,0.0,0.519621,2.254972,PRT,GIB,8544
3359835,208,84,1747,2016,1284.0,0.0,1.785149,0.767444,SWE,GIB,8544
3359836,224,84,1747,2016,447407.0,0.0,0.45364799999999994,2.478837,TUR,GIB,8544
3359837,7,85,1747,2016,1536013.0,0.0,0.11037999999999999,0.045327,ARE,GIN,8544
3359838,14,85,1747,2016,17842.0,0.0,-0.25955300000000003,0.0011070000000000001,AUS,GIN,8544
3359839,15,85,1747,2016,45815.0,0.0,1.759363,0.127262,AUT,GIN,8544
3359840,17,85,1747,2016,2029.0,0.0,-1.0141229999999999,-0.908808,BDI,GIN,8544
3359841,18,85,1747,2016,431262.0,0.0,1.3102610000000001,1.214573,BEL,GIN,8544
3359842,28,85,1747,2016,6799.0,0.0,0.773807,0.827442,BLR,GIN,8544
3359843,39,85,1747,2016,4773.0,0.0,0.6579050000000001,1.12259,CAN,GIN,8544
3359844,41,85,1747,2016,1820.0,0.0,2.3488689999999997,0.806291,CHE,GIN,8544
3359845,43,85,1747,2016,9746414.0,0.0,1.1073620000000002,1.723098,CHN,GIN,8544
3359846,44,85,1747,2016,3860.0,0.0,-0.88415,-0.8122689999999999,CIV,GIN,8544
3359847,59,85,1747,2016,19891.0,0.0,1.823627,0.552354,CZE,GIN,8544
3359848,61,85,1747,2016,49085.0,0.0,2.203093,-2.24919,DEU,GIN,8544
3359849,64,85,1747,2016,1759.0,0.0,1.117864,1.302658,DNK,GIN,8544
3359850,68,85,1747,2016,33595.0,0.0,-0.142377,1.674348,EGY,GIN,8544
3359851,71,85,1747,2016,27865.0,0.0,0.765428,2.57725,ESP,GIN,8544
3359852,74,85,1747,2016,4874.0,0.0,1.581968,1.006432,FIN,GIN,8544
3359853,77,85,1747,2016,598201.0,0.0,1.476437,0.911746,FRA,GIN,8544
3359854,81,85,1747,2016,2677.0,0.0,1.6974669999999998,0.9231299999999999,GBR,GIN,8544
3359855,97,85,1747,2016,8638.0,0.0,0.8029029999999999,1.477249,HKG,GIN,8544
3359856,104,85,1747,2016,403055.0,0.0,0.30976,2.61043,IND,GIN,8544
3359857,110,85,1747,2016,284.0,0.0,1.352275,0.67584,ISR,GIN,8544
3359858,111,85,1747,2016,75674.0,0.0,1.339307,0.8549209999999999,ITA,GIN,8544
3359859,114,85,1747,2016,2477.0,0.0,2.574025,-0.34859,JPN,GIN,8544
3359860,121,85,1747,2016,395269.0,0.0,2.086184,0.724318,KOR,GIN,8544
3359861,124,85,1747,2016,237948.0,0.0,0.285829,1.0818139999999998,LBN,GIN,8544
3359862,134,85,1747,2016,1865322.0,0.0,-0.772795,-0.206511,MAR,GIN,8544
3359863,138,85,1747,2016,1167.0,0.0,1.165638,0.6446649999999999,MEX,GIN,8544
3359864,141,85,1747,2016,107264.0,2134.0,-0.584863,-0.74131,MLI,GIN,8544
3359865,162,85,1747,2016,82987.0,0.0,1.157361,1.5188540000000001,NLD,GIN,8544
3359866,163,85,1747,2016,8430.0,0.0,0.89891,0.297673,NOR,GIN,8544
3359867,179,85,1747,2016,180457.0,0.0,0.519621,2.254972,PRT,GIN,8544
3359868,185,85,1747,2016,463.0,0.0,1.061259,0.9878870000000001,ROU,GIN,8544
3359869,186,85,1747,2016,27938.0,0.0,0.252891,0.200423,RUS,GIN,8544
3359870,188,85,1747,2016,1176.0,0.0,0.394807,-0.638644,SAU,GIN,8544
3359871,191,85,1747,2016,69346.0,0.0,-0.7061270000000001,-0.46532399999999996,SEN,GIN,8544
3359872,192,85,1747,2016,384957.0,0.0,2.089995,0.564921,SGP,GIN,8544
3359873,208,85,1747,2016,5008.0,0.0,1.785149,0.767444,SWE,GIN,8544
3359874,223,85,1747,2016,292086.0,0.0,0.171791,1.062948,TUN,GIN,8544
3359875,224,85,1747,2016,3363546.0,0.0,0.45364799999999994,2.478837,TUR,GIN,8544
3359876,231,85,1747,2016,135007.0,3701.0,1.685329,0.297536,USA,GIN,8544
3359877,246,85,1747,2016,178447.0,0.0,0.187396,1.46169,ZAF,GIN,8544
3359878,249,85,1747,2016,22049.0,0.0,2.002996,1.39485,TWN,GIN,8544
3359879,2,87,1747,2016,4486.0,0.0,-1.313517,-1.262761,AGO,GMB,8544
3359880,7,87,1747,2016,100235.0,0.0,0.11037999999999999,0.045327,ARE,GMB,8544
3359881,18,87,1747,2016,103644.0,0.0,1.3102610000000001,1.214573,BEL,GMB,8544
3359882,41,87,1747,2016,6975.0,0.0,2.3488689999999997,0.806291,CHE,GMB,8544
3359883,43,87,1747,2016,905646.0,0.0,1.1073620000000002,1.723098,CHN,GMB,8544
3359884,55,87,1747,2016,1459.0,0.0,0.232855,-0.7864260000000001,CUW,GMB,8544
3359885,61,87,1747,2016,2346.0,0.0,2.203093,-2.24919,DEU,GMB,8544
3359886,71,87,1747,2016,10423.0,0.0,0.765428,2.57725,ESP,GMB,8544
3359887,77,87,1747,2016,2737.0,0.0,1.476437,0.911746,FRA,GMB,8544
3359888,81,87,1747,2016,703318.0,0.0,1.6974669999999998,0.9231299999999999,GBR,GMB,8544
3359889,97,87,1747,2016,5582.0,0.0,0.8029029999999999,1.477249,HKG,GMB,8544
3359890,104,87,1747,2016,35750.0,0.0,0.30976,2.61043,IND,GMB,8544
3359891,124,87,1747,2016,3901.0,0.0,0.285829,1.0818139999999998,LBN,GMB,8544
3359892,134,87,1747,2016,209778.0,0.0,-0.772795,-0.206511,MAR,GMB,8544
3359893,153,87,1747,2016,871.0,0.0,1.106894,0.7452840000000001,MYS,GMB,8544
3359894,162,87,1747,2016,62865.0,0.0,1.157361,1.5188540000000001,NLD,GMB,8544
3359895,179,87,1747,2016,282248.0,0.0,0.519621,2.254972,PRT,GMB,8544
3359896,185,87,1747,2016,2843.0,0.0,1.061259,0.9878870000000001,ROU,GMB,8544
3359897,191,87,1747,2016,69814.0,0.0,-0.7061270000000001,-0.46532399999999996,SEN,GMB,8544
3359898,192,87,1747,2016,1192.0,0.0,2.089995,0.564921,SGP,GMB,8544
3359899,208,87,1747,2016,1594.0,0.0,1.785149,0.767444,SWE,GMB,8544
3359900,216,87,1747,2016,52134.0,0.0,1.022065,1.428082,THA,GMB,8544
3359901,223,87,1747,2016,34775.0,0.0,0.171791,1.062948,TUN,GMB,8544
3359902,224,87,1747,2016,89511.0,0.0,0.45364799999999994,2.478837,TUR,GMB,8544
3359903,231,87,1747,2016,4464.0,0.0,1.685329,0.297536,USA,GMB,8544
3359904,246,87,1747,2016,4864.0,0.0,0.187396,1.46169,ZAF,GMB,8544
3359905,7,88,1747,2016,56961.0,0.0,0.11037999999999999,0.045327,ARE,GNB,8544
3359906,43,88,1747,2016,469238.0,0.0,1.1073620000000002,1.723098,CHN,GNB,8544
3359907,61,88,1747,2016,16521.0,0.0,2.203093,-2.24919,DEU,GNB,8544
3359908,68,88,1747,2016,32680.0,0.0,-0.142377,1.674348,EGY,GNB,8544
3359909,71,88,1747,2016,133442.0,0.0,0.765428,2.57725,ESP,GNB,8544
3359910,77,88,1747,2016,91539.0,0.0,1.476437,0.911746,FRA,GNB,8544
3359911,104,88,1747,2016,812790.0,0.0,0.30976,2.61043,IND,GNB,8544
3359912,111,88,1747,2016,7609.0,0.0,1.339307,0.8549209999999999,ITA,GNB,8544
3359913,162,88,1747,2016,491159.0,0.0,1.157361,1.5188540000000001,NLD,GNB,8544
3359914,179,88,1747,2016,318843.0,0.0,0.519621,2.254972,PRT,GNB,8544
3359915,191,88,1747,2016,12304.0,0.0,-0.7061270000000001,-0.46532399999999996,SEN,GNB,8544
3359916,192,88,1747,2016,1059.0,0.0,2.089995,0.564921,SGP,GNB,8544
3359917,208,88,1747,2016,130515.0,0.0,1.785149,0.767444,SWE,GNB,8544
3359918,7,89,1747,2016,150172.0,0.0,0.11037999999999999,0.045327,ARE,GNQ,8544
3359919,18,89,1747,2016,13618.0,0.0,1.3102610000000001,1.214573,BEL,GNQ,8544
3359920,32,89,1747,2016,2365.0,0.0,0.245919,0.661809,BRA,GNQ,8544
3359921,43,89,1747,2016,4404828.0,0.0,1.1073620000000002,1.723098,CHN,GNQ,8544
3359922,45,89,1747,2016,7457.0,0.0,-1.086484,-1.0725559999999998,CMR,GNQ,8544
3359923,47,89,1747,2016,11417.0,1603.0,-0.718731,-1.0663799999999999,COG,GNQ,8544
3359924,61,89,1747,2016,8150.0,0.0,2.203093,-2.24919,DEU,GNQ,8544
3359925,71,89,1747,2016,3776852.0,0.0,0.765428,2.57725,ESP,GNQ,8544
3359926,77,89,1747,2016,361365.0,0.0,1.476437,0.911746,FRA,GNQ,8544
3359927,81,89,1747,2016,151824.0,0.0,1.6974669999999998,0.9231299999999999,GBR,GNQ,8544
3359928,110,89,1747,2016,585000.0,0.0,1.352275,0.67584,ISR,GNQ,8544
3359929,111,89,1747,2016,4687.0,0.0,1.339307,0.8549209999999999,ITA,GNQ,8544
3359930,121,89,1747,2016,860382.0,0.0,2.086184,0.724318,KOR,GNQ,8544
3359931,124,89,1747,2016,194972.0,0.0,0.285829,1.0818139999999998,LBN,GNQ,8544
3359932,134,89,1747,2016,50145.0,0.0,-0.772795,-0.206511,MAR,GNQ,8544
3359933,163,89,1747,2016,23081.0,0.0,0.89891,0.297673,NOR,GNQ,8544
3359934,179,89,1747,2016,155714.0,0.0,0.519621,2.254972,PRT,GNQ,8544
3359935,186,89,1747,2016,1407.0,0.0,0.252891,0.200423,RUS,GNQ,8544
3359936,201,89,1747,2016,541232.0,0.0,0.501676,1.0447520000000001,SRB,GNQ,8544
3359937,216,89,1747,2016,16064.0,0.0,1.022065,1.428082,THA,GNQ,8544
3359938,223,89,1747,2016,331365.0,0.0,0.171791,1.062948,TUN,GNQ,8544
3359939,224,89,1747,2016,305062.0,0.0,0.45364799999999994,2.478837,TUR,GNQ,8544
3359940,231,89,1747,2016,741543.0,0.0,1.685329,0.297536,USA,GNQ,8544
3359941,246,89,1747,2016,21934.0,0.0,0.187396,1.46169,ZAF,GNQ,8544
3359942,4,100,1747,2016,0.0,63454.0,-0.534645,-0.09027,ALB,HRV,8544
3359943,7,100,1747,2016,66622.0,78061.0,0.11037999999999999,0.045327,ARE,HRV,8544
3359944,8,100,1747,2016,0.0,6206.0,-0.132495,0.16353199999999998,ARG,HRV,8544
3359945,9,100,1747,2016,0.0,7449.0,-0.044982999999999995,-0.518007,ARM,HRV,8544
3359946,14,100,1747,2016,0.0,30444.0,-0.25955300000000003,0.0011070000000000001,AUS,HRV,8544
3359947,15,100,1747,2016,18057977.0,29768925.0,1.759363,0.127262,AUT,HRV,8544
3359948,18,100,1747,2016,228430.0,556109.0,1.3102610000000001,1.214573,BEL,HRV,8544
3359949,21,100,1747,2016,0.0,4947.0,-1.0885790000000002,-1.027005,BFA,HRV,8544
3359950,23,100,1747,2016,289121.0,368960.0,0.51707,1.7329130000000001,BGR,HRV,8544
3359951,26,100,1747,2016,10671414.0,9220033.0,0.47827700000000006,0.5643100000000001,BIH,HRV,8544
3359952,28,100,1747,2016,2795.0,1143484.0,0.773807,0.827442,BLR,HRV,8544
3359953,32,100,1747,2016,0.0,5164.0,0.245919,0.661809,BRA,HRV,8544
3359954,39,100,1747,2016,174121.0,20071.0,0.6579050000000001,1.12259,CAN,HRV,8544
3359955,41,100,1747,2016,465835.0,27375.0,2.3488689999999997,0.806291,CHE,HRV,8544
3359956,42,100,1747,2016,0.0,1229.0,-0.385519,-0.470495,CHL,HRV,8544
3359957,43,100,1747,2016,6521750.0,265981.0,1.1073620000000002,1.723098,CHN,HRV,8544
3359958,44,100,1747,2016,0.0,6631.0,-0.88415,-0.8122689999999999,CIV,HRV,8544
3359959,46,100,1747,2016,0.0,96469.0,-1.136472,-1.109177,COD,HRV,8544
3359960,47,100,1747,2016,0.0,24041.0,-0.718731,-1.0663799999999999,COG,HRV,8544
3359961,58,100,1747,2016,5640.0,0.0,0.40822800000000004,0.07535,CYP,HRV,8544
3359962,59,100,1747,2016,4816159.0,962412.0,1.823627,0.552354,CZE,HRV,8544
3359963,61,100,1747,2016,13144026.0,47507552.0,2.203093,-2.24919,DEU,HRV,8544
3359964,64,100,1747,2016,67062.0,20000.0,1.117864,1.302658,DNK,HRV,8544
3359965,66,100,1747,2016,0.0,576410.0,-1.0202930000000001,-1.236642,DZA,HRV,8544
3359966,68,100,1747,2016,0.0,5889.0,-0.142377,1.674348,EGY,HRV,8544
3359967,69,100,1747,2016,0.0,51143.0,-1.479782,-1.060063,ERI,HRV,8544
3359968,71,100,1747,2016,1982631.0,624996.0,0.765428,2.57725,ESP,HRV,8544
3359969,72,100,1747,2016,19519.0,526562.0,1.000418,1.154152,EST,HRV,8544
3359970,74,100,1747,2016,1082668.0,2121765.0,1.581968,1.006432,FIN,HRV,8544
3359971,77,100,1747,2016,421981.0,137468.0,1.476437,0.911746,FRA,HRV,8544
3359972,81,100,1747,2016,873122.0,8592899.0,1.6974669999999998,0.9231299999999999,GBR,HRV,8544
3359973,82,100,1747,2016,0.0,1548.0,-0.388359,-0.51175,GEO,HRV,8544
3359974,90,100,1747,2016,176152.0,42548.0,0.12153499999999999,1.126101,GRC,HRV,8544
3359975,97,100,1747,2016,9550.0,0.0,0.8029029999999999,1.477249,HKG,HRV,8544
3359976,102,100,1747,2016,5065632.0,995384.0,1.445281,0.8422209999999999,HUN,HRV,8544
3359977,103,100,1747,2016,0.0,6743.0,-0.158496,1.492067,IDN,HRV,8544
3359978,104,100,1747,2016,993821.0,349141.0,0.30976,2.61043,IND,HRV,8544
3359979,106,100,1747,2016,34263.0,47792.0,1.445238,0.07659400000000001,IRL,HRV,8544
3359980,107,100,1747,2016,0.0,4940.0,-0.407368,-0.23482399999999998,IRN,HRV,8544
3359981,108,100,1747,2016,0.0,201513.0,-2.2400029999999997,-1.017174,IRQ,HRV,8544
3359982,109,100,1747,2016,0.0,6028.0,0.192448,-0.37174,ISL,HRV,8544
3359983,110,100,1747,2016,2598.0,85661.0,1.352275,0.67584,ISR,HRV,8544
3359984,111,100,1747,2016,31970456.0,5665573.0,1.339307,0.8549209999999999,ITA,HRV,8544
3359985,113,100,1747,2016,0.0,716.0,-0.0115,0.045625,JOR,HRV,8544
3359986,114,100,1747,2016,21582.0,19191.0,2.574025,-0.34859,JPN,HRV,8544
3359987,115,100,1747,2016,0.0,934669.0,-0.376397,-0.553639,KAZ,HRV,8544
3359988,121,100,1747,2016,86701.0,195561.0,2.086184,0.724318,KOR,HRV,8544
3359989,122,100,1747,2016,0.0,25144.0,-0.31188,-1.1438620000000002,KWT,HRV,8544
3359990,124,100,1747,2016,0.0,89518.0,0.285829,1.0818139999999998,LBN,HRV,8544
3359991,126,100,1747,2016,1966.0,74730.0,-1.021925,-1.2316790000000002,LBY,HRV,8544
3359992,130,100,1747,2016,36483.0,27365.0,0.706929,1.419432,LTU,HRV,8544
3359993,131,100,1747,2016,48609.0,5639.0,1.340054,1.30224,LUX,HRV,8544
3359994,132,100,1747,2016,2423.0,28372.0,0.553592,1.19865,LVA,HRV,8544
3359995,135,100,1747,2016,0.0,24394.0,-0.340932,-0.2839,MDA,HRV,8544
3359996,138,100,1747,2016,4561.0,3413.0,1.165638,0.6446649999999999,MEX,HRV,8544
3359997,140,100,1747,2016,882963.0,2471950.0,0.026185000000000003,-0.20027999999999999,MKD,HRV,8544
3359998,142,100,1747,2016,0.0,65115.0,0.8795950000000001,-0.21689499999999998,MLT,HRV,8544
