10109999,249,77,7249,2004,0.0,12927.0,1.626307,1.358315,TWN,FRA,520952
10110000,15,81,7249,2004,0.0,16150.0,1.825391,0.40553,AUT,GBR,520952
10110001,18,81,7249,2004,1425.0,138438.0,1.350911,1.408209,BEL,GBR,520952
10110002,23,81,7249,2004,0.0,67971.0,0.35536,1.499182,BGR,GBR,520952
10110003,39,81,7249,2004,0.0,3773.0,0.9392739999999999,1.19228,CAN,GBR,520952
10110004,41,81,7249,2004,0.0,2402.0,2.151471,0.7196279999999999,CHE,GBR,520952
10110005,43,81,7249,2004,7032.0,48968.0,0.581548,2.8689880000000003,CHN,GBR,520952
10110006,59,81,7249,2004,1395.0,1489.0,1.562625,0.865244,CZE,GBR,520952
10110007,61,81,7249,2004,122150.0,184381.0,2.266076,-2.011139,DEU,GBR,520952
10110008,64,81,7249,2004,0.0,33952.0,1.328968,1.262743,DNK,GBR,520952
10110009,71,81,7249,2004,14309.0,16750.0,0.9784649999999999,2.051216,ESP,GBR,520952
10110010,74,81,7249,2004,0.0,22166.0,2.000218,0.9867309999999999,FIN,GBR,520952
10110011,77,81,7249,2004,335371.0,300702.0,1.6003530000000001,0.643945,FRA,GBR,520952
10110012,90,81,7249,2004,0.0,11012.0,0.348853,1.661656,GRC,GBR,520952
10110013,97,81,7249,2004,0.0,50715.0,0.604825,2.098745,HKG,GBR,520952
10110014,103,81,7249,2004,47013.0,0.0,-0.223644,1.719065,IDN,GBR,520952
10110015,104,81,7249,2004,59650.0,0.0,0.233348,2.790987,IND,GBR,520952
10110016,106,81,7249,2004,0.0,123448.0,1.501859,0.14456,IRL,GBR,520952
10110017,111,81,7249,2004,210427.0,94564.0,1.358057,1.11533,ITA,GBR,520952
10110018,114,81,7249,2004,0.0,15431.0,2.526624,0.452054,JPN,GBR,520952
10110019,121,81,7249,2004,0.0,1541.0,1.3624690000000002,0.928342,KOR,GBR,520952
10110020,130,81,7249,2004,0.0,6362.0,0.403568,0.632707,LTU,GBR,520952
10110021,134,81,7249,2004,0.0,336789.0,-0.681556,-0.152372,MAR,GBR,520952
10110022,142,81,7249,2004,0.0,1775.0,1.251894,0.063827,MLT,GBR,520952
10110023,162,81,7249,2004,10643.0,29334.0,1.251808,1.586526,NLD,GBR,520952
10110024,163,81,7249,2004,0.0,8466.0,1.10162,0.118709,NOR,GBR,520952
10110025,166,81,7249,2004,0.0,13276.0,0.567392,0.965781,NZL,GBR,520952
10110026,167,81,7249,2004,0.0,14914.0,-0.62946,-1.108933,OMN,GBR,520952
10110027,168,81,7249,2004,49081.0,6274.0,-0.754143,0.25995100000000004,PAK,GBR,520952
10110028,177,81,7249,2004,0.0,317001.0,1.019341,1.519452,POL,GBR,520952
10110029,179,81,7249,2004,2582.0,49366.0,0.524524,1.901139,PRT,GBR,520952
10110030,183,81,7249,2004,0.0,1491.0,0.21713400000000002,-1.031806,QAT,GBR,520952
10110031,185,81,7249,2004,0.0,3650.0,0.37241599999999997,1.015865,ROU,GBR,520952
10110032,186,81,7249,2004,0.0,79819.0,0.8952399999999999,0.172896,RUS,GBR,520952
10110033,188,81,7249,2004,0.0,9790.0,0.546196,-0.7014729999999999,SAU,GBR,520952
10110034,207,81,7249,2004,0.0,3230.0,1.628643,1.02381,SVN,GBR,520952
10110035,208,81,7249,2004,9287.0,33271.0,2.0522080000000003,0.8326969999999999,SWE,GBR,520952
10110036,216,81,7249,2004,0.0,6639.0,0.5150359999999999,1.583019,THA,GBR,520952
10110037,224,81,7249,2004,42000.0,3574.0,0.141454,1.9463599999999999,TUR,GBR,520952
10110038,228,81,7249,2004,0.0,28022.0,0.8758040000000001,0.8195879999999999,UKR,GBR,520952
10110039,231,81,7249,2004,54526.0,401551.0,1.7598630000000002,0.066704,USA,GBR,520952
10110040,246,81,7249,2004,17559.0,8867.0,0.460279,1.9736220000000002,ZAF,GBR,520952
10110041,18,90,7249,2004,19331.0,0.0,1.350911,1.408209,BEL,GRC,520952
10110042,23,90,7249,2004,0.0,62716.0,0.35536,1.499182,BGR,GRC,520952
10110043,39,90,7249,2004,8756.0,0.0,0.9392739999999999,1.19228,CAN,GRC,520952
10110044,61,90,7249,2004,34787.0,0.0,2.266076,-2.011139,DEU,GRC,520952
10110045,71,90,7249,2004,11270.0,0.0,0.9784649999999999,2.051216,ESP,GRC,520952
10110046,77,90,7249,2004,124490.0,29039.0,1.6003530000000001,0.643945,FRA,GRC,520952
10110047,81,90,7249,2004,11012.0,0.0,1.843506,0.684779,GBR,GRC,520952
10110048,111,90,7249,2004,457895.0,1372.0,1.358057,1.11533,ITA,GRC,520952
10110049,185,90,7249,2004,0.0,2199.0,0.37241599999999997,1.015865,ROU,GRC,520952
10110050,208,90,7249,2004,1055.0,0.0,2.0522080000000003,0.8326969999999999,SWE,GRC,520952
10110051,43,93,7249,2004,147699.0,0.0,0.581548,2.8689880000000003,CHN,GTM,520952
10110052,138,93,7249,2004,0.0,3261.0,0.868684,0.85506,MEX,GTM,520952
10110053,197,93,7249,2004,21687.0,0.0,-0.20529499999999998,0.1116,SLV,GTM,520952
10110054,231,93,7249,2004,485090.0,47889.0,1.7598630000000002,0.066704,USA,GTM,520952
10110055,7,97,7249,2004,0.0,314310.0,0.1799,-0.34541900000000003,ARE,HKG,520952
10110056,14,97,7249,2004,0.0,13586.0,0.196641,0.8139460000000001,AUS,HKG,520952
10110057,18,97,7249,2004,83216.0,3376.0,1.350911,1.408209,BEL,HKG,520952
10110058,22,97,7249,2004,0.0,423943.0,-1.150444,-0.885333,BGD,HKG,520952
10110059,23,97,7249,2004,0.0,3997.0,0.35536,1.499182,BGR,HKG,520952
10110060,24,97,7249,2004,0.0,365405.0,0.045344999999999996,-1.001059,BHR,HKG,520952
10110061,39,97,7249,2004,12862.0,85682.0,0.9392739999999999,1.19228,CAN,HKG,520952
10110062,43,97,7249,2004,12117559.0,1071468.0,0.581548,2.8689880000000003,CHN,HKG,520952
10110063,61,97,7249,2004,47541.0,0.0,2.266076,-2.011139,DEU,HKG,520952
10110064,68,97,7249,2004,32285.0,233745.0,-0.300563,0.41834899999999997,EGY,HKG,520952
10110065,71,97,7249,2004,18921.0,0.0,0.9784649999999999,2.051216,ESP,HKG,520952
10110066,77,97,7249,2004,67484.0,0.0,1.6003530000000001,0.643945,FRA,HKG,520952
10110067,81,97,7249,2004,50715.0,0.0,1.843506,0.684779,GBR,HKG,520952
10110068,103,97,7249,2004,74277.0,189006.0,-0.223644,1.719065,IDN,HKG,520952
10110069,104,97,7249,2004,21646.0,47739.0,0.233348,2.790987,IND,HKG,520952
10110070,110,97,7249,2004,7708.0,0.0,1.250393,0.8003979999999999,ISR,HKG,520952
10110071,111,97,7249,2004,358477.0,0.0,1.358057,1.11533,ITA,HKG,520952
10110072,114,97,7249,2004,922483.0,1630.0,2.526624,0.452054,JPN,HKG,520952
10110073,116,97,7249,2004,0.0,304584.0,-0.503694,0.410495,KEN,HKG,520952
10110074,118,97,7249,2004,0.0,280481.0,-1.4676209999999998,-1.1972639999999999,KHM,HKG,520952
10110075,121,97,7249,2004,916808.0,2108.0,1.3624690000000002,0.928342,KOR,HKG,520952
10110076,128,97,7249,2004,0.0,289310.0,-0.658668,0.21912600000000002,LKA,HKG,520952
10110077,133,97,7249,2004,0.0,61680.0,-0.351045,-0.487521,MAC,HKG,520952
10110078,136,97,7249,2004,0.0,6007.0,-1.355542,-0.634409,MDG,HKG,520952
10110079,151,97,7249,2004,0.0,42379.0,-0.374754,-0.288504,MUS,HKG,520952
10110080,153,97,7249,2004,0.0,9780.0,0.6710050000000001,0.17807,MYS,HKG,520952
10110081,160,97,7249,2004,0.0,6430.0,-0.9789479999999999,-0.8374219999999999,NIC,HKG,520952
10110082,162,97,7249,2004,1144.0,0.0,1.251808,1.586526,NLD,HKG,520952
10110083,166,97,7249,2004,0.0,1856.0,0.567392,0.965781,NZL,HKG,520952
10110084,168,97,7249,2004,72013.0,104369.0,-0.754143,0.25995100000000004,PAK,HKG,520952
10110085,174,97,7249,2004,32955.0,223103.0,-0.076709,-0.149006,PHL,HKG,520952
10110086,183,97,7249,2004,0.0,8335.0,0.21713400000000002,-1.031806,QAT,HKG,520952
10110087,192,97,7249,2004,0.0,1373.0,1.6409779999999998,0.634947,SGP,HKG,520952
10110088,197,97,7249,2004,0.0,6566.0,-0.20529499999999998,0.1116,SLV,HKG,520952
10110089,209,97,7249,2004,0.0,223755.0,0.397488,-0.264855,SWZ,HKG,520952
10110090,216,97,7249,2004,32504.0,146106.0,0.5150359999999999,1.583019,THA,HKG,520952
10110091,231,97,7249,2004,25380.0,338036.0,1.7598630000000002,0.066704,USA,HKG,520952
10110092,239,97,7249,2004,0.0,309986.0,-0.5270560000000001,0.8910389999999999,VNM,HKG,520952
10110093,248,97,7249,2004,0.0,20306.0,-0.560593,-0.091112,ZWE,HKG,520952
10110094,249,97,7249,2004,11688.0,34900.0,1.626307,1.358315,TWN,HKG,520952
10110095,32,99,7249,2004,9296.0,0.0,0.540718,1.149065,BRA,HND,520952
10110096,39,99,7249,2004,893.0,0.0,0.9392739999999999,1.19228,CAN,HND,520952
10110097,197,99,7249,2004,3198.0,0.0,-0.20529499999999998,0.1116,SLV,HND,520952
10110098,231,99,7249,2004,15406.0,0.0,1.7598630000000002,0.066704,USA,HND,520952
10110099,43,103,7249,2004,256927.0,0.0,0.581548,2.8689880000000003,CHN,IDN,520952
10110100,61,103,7249,2004,58757.0,34497.0,2.266076,-2.011139,DEU,IDN,520952
10110101,68,103,7249,2004,0.0,34093.0,-0.300563,0.41834899999999997,EGY,IDN,520952
10110102,71,103,7249,2004,0.0,43266.0,0.9784649999999999,2.051216,ESP,IDN,520952
10110103,77,103,7249,2004,0.0,1855.0,1.6003530000000001,0.643945,FRA,IDN,520952
10110104,80,103,7249,2004,0.0,4819.0,-0.700329,-1.137018,GAB,IDN,520952
10110105,81,103,7249,2004,0.0,47013.0,1.843506,0.684779,GBR,IDN,520952
10110106,97,103,7249,2004,189006.0,74277.0,0.604825,2.098745,HKG,IDN,520952
10110107,111,103,7249,2004,0.0,62494.0,1.358057,1.11533,ITA,IDN,520952
10110108,114,103,7249,2004,2332.0,0.0,2.526624,0.452054,JPN,IDN,520952
10110109,121,103,7249,2004,78594.0,0.0,1.3624690000000002,0.928342,KOR,IDN,520952
10110110,153,103,7249,2004,10326.0,8940.0,0.6710050000000001,0.17807,MYS,IDN,520952
10110111,168,103,7249,2004,1299.0,0.0,-0.754143,0.25995100000000004,PAK,IDN,520952
10110112,174,103,7249,2004,0.0,6012.0,-0.076709,-0.149006,PHL,IDN,520952
10110113,216,103,7249,2004,17499.0,0.0,0.5150359999999999,1.583019,THA,IDN,520952
10110114,224,103,7249,2004,0.0,223280.0,0.141454,1.9463599999999999,TUR,IDN,520952
10110115,231,103,7249,2004,0.0,12997.0,1.7598630000000002,0.066704,USA,IDN,520952
10110116,239,103,7249,2004,0.0,20372.0,-0.5270560000000001,0.8910389999999999,VNM,IDN,520952
10110117,249,103,7249,2004,22921.0,0.0,1.626307,1.358315,TWN,IDN,520952
10110118,2,104,7249,2004,0.0,60970.0,-0.8513709999999999,-1.173397,AGO,IND,520952
10110119,7,104,7249,2004,0.0,135429.0,0.1799,-0.34541900000000003,ARE,IND,520952
10110120,14,104,7249,2004,0.0,41118.0,0.196641,0.8139460000000001,AUS,IND,520952
10110121,18,104,7249,2004,0.0,39635.0,1.350911,1.408209,BEL,IND,520952
10110122,22,104,7249,2004,0.0,62390.0,-1.150444,-0.885333,BGD,IND,520952
10110123,24,104,7249,2004,0.0,29623.0,0.045344999999999996,-1.001059,BHR,IND,520952
10110124,32,104,7249,2004,0.0,54407.0,0.540718,1.149065,BRA,IND,520952
10110125,43,104,7249,2004,131874.0,3096.0,0.581548,2.8689880000000003,CHN,IND,520952
10110126,59,104,7249,2004,0.0,106883.0,1.562625,0.865244,CZE,IND,520952
10110127,61,104,7249,2004,17954.0,0.0,2.266076,-2.011139,DEU,IND,520952
10110128,71,104,7249,2004,0.0,24099.0,0.9784649999999999,2.051216,ESP,IND,520952
10110129,81,104,7249,2004,0.0,59650.0,1.843506,0.684779,GBR,IND,520952
10110130,97,104,7249,2004,47739.0,21646.0,0.604825,2.098745,HKG,IND,520952
10110131,111,104,7249,2004,1199.0,10086.0,1.358057,1.11533,ITA,IND,520952
10110132,116,104,7249,2004,0.0,202800.0,-0.503694,0.410495,KEN,IND,520952
10110133,121,104,7249,2004,23071.0,0.0,1.3624690000000002,0.928342,KOR,IND,520952
10110134,128,104,7249,2004,0.0,46758.0,-0.658668,0.21912600000000002,LKA,IND,520952
10110135,138,104,7249,2004,0.0,728.0,0.868684,0.85506,MEX,IND,520952
10110136,159,104,7249,2004,0.0,58195.0,-2.413432,-1.3033190000000001,NGA,IND,520952
10110137,162,104,7249,2004,0.0,1749.0,1.251808,1.586526,NLD,IND,520952
10110138,164,104,7249,2004,0.0,46330.0,-0.323954,0.5528,NPL,IND,520952
10110139,166,104,7249,2004,0.0,10750.0,0.567392,0.965781,NZL,IND,520952
10110140,167,104,7249,2004,0.0,8168.0,-0.62946,-1.108933,OMN,IND,520952
10110141,174,104,7249,2004,0.0,20562.0,-0.076709,-0.149006,PHL,IND,520952
10110142,177,104,7249,2004,0.0,28922.0,1.019341,1.519452,POL,IND,520952
10110143,188,104,7249,2004,0.0,2401.0,0.546196,-0.7014729999999999,SAU,IND,520952
10110144,191,104,7249,2004,0.0,7078.0,-0.527127,-0.368631,SEN,IND,520952
10110145,192,104,7249,2004,0.0,37946.0,1.6409779999999998,0.634947,SGP,IND,520952
10110146,215,104,7249,2004,0.0,283787.0,-0.6788270000000001,-0.482984,TGO,IND,520952
10110147,216,104,7249,2004,0.0,1500.0,0.5150359999999999,1.583019,THA,IND,520952
10110148,224,104,7249,2004,0.0,5576.0,0.141454,1.9463599999999999,TUR,IND,520952
10110149,231,104,7249,2004,20719.0,92293.0,1.7598630000000002,0.066704,USA,IND,520952
10110150,239,104,7249,2004,0.0,80625.0,-0.5270560000000001,0.8910389999999999,VNM,IND,520952
10110151,246,104,7249,2004,0.0,2861.0,0.460279,1.9736220000000002,ZAF,IND,520952
10110152,247,104,7249,2004,0.0,5271.0,-0.9972190000000001,-0.853986,ZMB,IND,520952
10110153,32,106,7249,2004,16206.0,0.0,0.540718,1.149065,BRA,IRL,520952
10110154,61,106,7249,2004,10663.0,0.0,2.266076,-2.011139,DEU,IRL,520952
10110155,71,106,7249,2004,15627.0,0.0,0.9784649999999999,2.051216,ESP,IRL,520952
10110156,77,106,7249,2004,6081.0,0.0,1.6003530000000001,0.643945,FRA,IRL,520952
10110157,81,106,7249,2004,123448.0,0.0,1.843506,0.684779,GBR,IRL,520952
10110158,111,106,7249,2004,38116.0,0.0,1.358057,1.11533,ITA,IRL,520952
10110159,162,106,7249,2004,17591.0,0.0,1.251808,1.586526,NLD,IRL,520952
10110160,231,106,7249,2004,2326.0,0.0,1.7598630000000002,0.066704,USA,IRL,520952
10110161,18,110,7249,2004,3996.0,82840.0,1.350911,1.408209,BEL,ISR,520952
10110162,61,110,7249,2004,6987.0,0.0,2.266076,-2.011139,DEU,ISR,520952
10110163,77,110,7249,2004,20695.0,0.0,1.6003530000000001,0.643945,FRA,ISR,520952
10110164,97,110,7249,2004,0.0,7708.0,0.604825,2.098745,HKG,ISR,520952
10110165,111,110,7249,2004,16658.0,0.0,1.358057,1.11533,ITA,ISR,520952
10110166,224,110,7249,2004,17012.0,0.0,0.141454,1.9463599999999999,TUR,ISR,520952
10110167,231,110,7249,2004,28740.0,135061.0,1.7598630000000002,0.066704,USA,ISR,520952
10110168,2,111,7249,2004,0.0,3979.0,-0.8513709999999999,-1.173397,AGO,ITA,520952
10110169,7,111,7249,2004,0.0,9476.0,0.1799,-0.34541900000000003,ARE,ITA,520952
10110170,14,111,7249,2004,0.0,33521.0,0.196641,0.8139460000000001,AUS,ITA,520952
10110171,15,111,7249,2004,0.0,102684.0,1.825391,0.40553,AUT,ITA,520952
10110172,18,111,7249,2004,51428.0,99460.0,1.350911,1.408209,BEL,ITA,520952
10110173,23,111,7249,2004,24021.0,16475.0,0.35536,1.499182,BGR,ITA,520952
10110174,24,111,7249,2004,0.0,1524.0,0.045344999999999996,-1.001059,BHR,ITA,520952
10110175,28,111,7249,2004,0.0,3458.0,0.8553139999999999,0.703926,BLR,ITA,520952
10110176,32,111,7249,2004,0.0,68495.0,0.540718,1.149065,BRA,ITA,520952
10110177,39,111,7249,2004,0.0,19793.0,0.9392739999999999,1.19228,CAN,ITA,520952
10110178,41,111,7249,2004,0.0,388955.0,2.151471,0.7196279999999999,CHE,ITA,520952
10110179,43,111,7249,2004,0.0,33290.0,0.581548,2.8689880000000003,CHN,ITA,520952
10110180,49,111,7249,2004,0.0,10339.0,0.033128,0.47524799999999995,COL,ITA,520952
10110181,58,111,7249,2004,0.0,18910.0,0.533521,0.615939,CYP,ITA,520952
10110182,59,111,7249,2004,0.0,48191.0,1.562625,0.865244,CZE,ITA,520952
10110183,61,111,7249,2004,249130.0,1668515.0,2.266076,-2.011139,DEU,ITA,520952
10110184,64,111,7249,2004,0.0,43418.0,1.328968,1.262743,DNK,ITA,520952
10110185,65,111,7249,2004,0.0,12444.0,-0.510025,-0.328257,DOM,ITA,520952
10110186,68,111,7249,2004,391252.0,0.0,-0.300563,0.41834899999999997,EGY,ITA,520952
10110187,71,111,7249,2004,50992.0,1834846.0,0.9784649999999999,2.051216,ESP,ITA,520952
10110188,72,111,7249,2004,0.0,9526.0,0.6101840000000001,0.9520370000000001,EST,ITA,520952
10110189,74,111,7249,2004,0.0,17721.0,2.000218,0.9867309999999999,FIN,ITA,520952
10110190,77,111,7249,2004,256757.0,1251278.0,1.6003530000000001,0.643945,FRA,ITA,520952
10110191,81,111,7249,2004,94564.0,210427.0,1.843506,0.684779,GBR,ITA,520952
10110192,90,111,7249,2004,1372.0,457895.0,0.348853,1.661656,GRC,ITA,520952
10110193,97,111,7249,2004,0.0,358477.0,0.604825,2.098745,HKG,ITA,520952
10110194,100,111,7249,2004,0.0,58020.0,0.6669970000000001,1.088043,HRV,ITA,520952
10110195,102,111,7249,2004,0.0,9773.0,1.207082,1.019714,HUN,ITA,520952
10110196,103,111,7249,2004,62494.0,0.0,-0.223644,1.719065,IDN,ITA,520952
10110197,104,111,7249,2004,10086.0,1199.0,0.233348,2.790987,IND,ITA,520952
10110198,106,111,7249,2004,0.0,38116.0,1.501859,0.14456,IRL,ITA,520952
10110199,110,111,7249,2004,0.0,16658.0,1.250393,0.8003979999999999,ISR,ITA,520952
10110200,114,111,7249,2004,0.0,166603.0,2.526624,0.452054,JPN,ITA,520952
10110201,121,111,7249,2004,0.0,94535.0,1.3624690000000002,0.928342,KOR,ITA,520952
10110202,122,111,7249,2004,0.0,11288.0,-0.481908,-1.172081,KWT,ITA,520952
10110203,124,111,7249,2004,0.0,6375.0,0.32409899999999997,1.037024,LBN,ITA,520952
10110204,128,111,7249,2004,0.0,26804.0,-0.658668,0.21912600000000002,LKA,ITA,520952
10110205,130,111,7249,2004,0.0,5187.0,0.403568,0.632707,LTU,ITA,520952
10110206,132,111,7249,2004,0.0,4779.0,0.413821,0.627853,LVA,ITA,520952
10110207,134,111,7249,2004,0.0,147031.0,-0.681556,-0.152372,MAR,ITA,520952
10110208,135,111,7249,2004,0.0,21140.0,-0.155523,-0.355142,MDA,ITA,520952
10110209,136,111,7249,2004,0.0,1523.0,-1.355542,-0.634409,MDG,ITA,520952
10110210,138,111,7249,2004,0.0,10325.0,0.868684,0.85506,MEX,ITA,520952
10110211,140,111,7249,2004,0.0,4835.0,-0.091013,0.190649,MKD,ITA,520952
10110212,151,111,7249,2004,0.0,34230.0,-0.374754,-0.288504,MUS,ITA,520952
10110213,162,111,7249,2004,17936.0,140549.0,1.251808,1.586526,NLD,ITA,520952
10110214,163,111,7249,2004,0.0,11906.0,1.10162,0.118709,NOR,ITA,520952
10110215,166,111,7249,2004,0.0,2016.0,0.567392,0.965781,NZL,ITA,520952
10110216,174,111,7249,2004,0.0,113952.0,-0.076709,-0.149006,PHL,ITA,520952
10110217,177,111,7249,2004,0.0,484668.0,1.019341,1.519452,POL,ITA,520952
10110218,179,111,7249,2004,78383.0,574054.0,0.524524,1.901139,PRT,ITA,520952
10110219,185,111,7249,2004,0.0,118686.0,0.37241599999999997,1.015865,ROU,ITA,520952
10110220,186,111,7249,2004,0.0,176546.0,0.8952399999999999,0.172896,RUS,ITA,520952
10110221,188,111,7249,2004,0.0,2030.0,0.546196,-0.7014729999999999,SAU,ITA,520952
10110222,189,111,7249,2004,0.0,46839.0,0.628071,2.210424,SCG,ITA,520952
10110223,192,111,7249,2004,0.0,1478.0,1.6409779999999998,0.634947,SGP,ITA,520952
10110224,206,111,7249,2004,0.0,20689.0,1.2375120000000002,0.8777889999999999,SVK,ITA,520952
10110225,207,111,7249,2004,43131.0,23255.0,1.628643,1.02381,SVN,ITA,520952
10110226,208,111,7249,2004,12493.0,2000.0,2.0522080000000003,0.8326969999999999,SWE,ITA,520952
10110227,216,111,7249,2004,0.0,30996.0,0.5150359999999999,1.583019,THA,ITA,520952
10110228,223,111,7249,2004,0.0,910073.0,-0.195751,0.335147,TUN,ITA,520952
10110229,224,111,7249,2004,0.0,2689779.0,0.141454,1.9463599999999999,TUR,ITA,520952
10110230,228,111,7249,2004,0.0,70896.0,0.8758040000000001,0.8195879999999999,UKR,ITA,520952
10110231,231,111,7249,2004,35462.0,502068.0,1.7598630000000002,0.066704,USA,ITA,520952
10110232,248,111,7249,2004,4484.0,0.0,-0.560593,-0.091112,ZWE,ITA,520952
10110233,249,111,7249,2004,0.0,12347.0,1.626307,1.358315,TWN,ITA,520952
10110234,231,112,7249,2004,8109.0,0.0,1.7598630000000002,0.066704,USA,JAM,520952
10110235,7,114,7249,2004,0.0,7088.0,0.1799,-0.34541900000000003,ARE,JPN,520952
10110236,14,114,7249,2004,0.0,11957.0,0.196641,0.8139460000000001,AUS,JPN,520952
10110237,15,114,7249,2004,53359.0,2795.0,1.825391,0.40553,AUT,JPN,520952
10110238,18,114,7249,2004,7779.0,4383.0,1.350911,1.408209,BEL,JPN,520952
10110239,39,114,7249,2004,0.0,12806.0,0.9392739999999999,1.19228,CAN,JPN,520952
10110240,43,114,7249,2004,66088.0,3387779.0,0.581548,2.8689880000000003,CHN,JPN,520952
10110241,61,114,7249,2004,186004.0,7235.0,2.266076,-2.011139,DEU,JPN,520952
10110242,71,114,7249,2004,2673.0,0.0,0.9784649999999999,2.051216,ESP,JPN,520952
10110243,77,114,7249,2004,19035.0,0.0,1.6003530000000001,0.643945,FRA,JPN,520952
10110244,81,114,7249,2004,15431.0,0.0,1.843506,0.684779,GBR,JPN,520952
10110245,97,114,7249,2004,1630.0,922483.0,0.604825,2.098745,HKG,JPN,520952
10110246,103,114,7249,2004,0.0,2332.0,-0.223644,1.719065,IDN,JPN,520952
10110247,111,114,7249,2004,166603.0,0.0,1.358057,1.11533,ITA,JPN,520952
10110248,121,114,7249,2004,27323.0,223803.0,1.3624690000000002,0.928342,KOR,JPN,520952
10110249,133,114,7249,2004,0.0,18260.0,-0.351045,-0.487521,MAC,JPN,520952
10110250,143,114,7249,2004,0.0,3441.0,-1.400614,-0.947664,MMR,JPN,520952
10110251,153,114,7249,2004,0.0,1969.0,0.6710050000000001,0.17807,MYS,JPN,520952
10110252,162,114,7249,2004,3190.0,2476.0,1.251808,1.586526,NLD,JPN,520952
10110253,166,114,7249,2004,0.0,8585.0,0.567392,0.965781,NZL,JPN,520952
10110254,174,114,7249,2004,0.0,95012.0,-0.076709,-0.149006,PHL,JPN,520952
10110255,178,114,7249,2004,0.0,2016.0,0.578991,0.781518,PRK,JPN,520952
10110256,192,114,7249,2004,0.0,2466.0,1.6409779999999998,0.634947,SGP,JPN,520952
10110257,208,114,7249,2004,2455.0,0.0,2.0522080000000003,0.8326969999999999,SWE,JPN,520952
10110258,216,114,7249,2004,15870.0,3309.0,0.5150359999999999,1.583019,THA,JPN,520952
10110259,224,114,7249,2004,1881.0,0.0,0.141454,1.9463599999999999,TUR,JPN,520952
10110260,231,114,7249,2004,0.0,15857.0,1.7598630000000002,0.066704,USA,JPN,520952
10110261,239,114,7249,2004,0.0,15040.0,-0.5270560000000001,0.8910389999999999,VNM,JPN,520952
10110262,249,114,7249,2004,4738.0,45623.0,1.626307,1.358315,TWN,JPN,520952
10110263,7,121,7249,2004,0.0,25251.0,0.1799,-0.34541900000000003,ARE,KOR,520952
10110264,14,121,7249,2004,0.0,50491.0,0.196641,0.8139460000000001,AUS,KOR,520952
10110265,15,121,7249,2004,2257.0,0.0,1.825391,0.40553,AUT,KOR,520952
10110266,22,121,7249,2004,0.0,192952.0,-1.150444,-0.885333,BGD,KOR,520952
10110267,39,121,7249,2004,0.0,95931.0,0.9392739999999999,1.19228,CAN,KOR,520952
10110268,42,121,7249,2004,0.0,1058.0,-0.07869,-0.33641,CHL,KOR,520952
10110269,43,121,7249,2004,39396.0,604274.0,0.581548,2.8689880000000003,CHN,KOR,520952
10110270,49,121,7249,2004,0.0,1082403.0,0.033128,0.47524799999999995,COL,KOR,520952
10110271,61,121,7249,2004,53286.0,0.0,2.266076,-2.011139,DEU,KOR,520952
10110272,65,121,7249,2004,0.0,127343.0,-0.510025,-0.328257,DOM,KOR,520952
10110273,68,121,7249,2004,0.0,15857.0,-0.300563,0.41834899999999997,EGY,KOR,520952
10110274,77,121,7249,2004,39966.0,0.0,1.6003530000000001,0.643945,FRA,KOR,520952
10110275,81,121,7249,2004,1541.0,0.0,1.843506,0.684779,GBR,KOR,520952
10110276,97,121,7249,2004,2108.0,916808.0,0.604825,2.098745,HKG,KOR,520952
10110277,103,121,7249,2004,0.0,78594.0,-0.223644,1.719065,IDN,KOR,520952
10110278,104,121,7249,2004,0.0,23071.0,0.233348,2.790987,IND,KOR,520952
10110279,111,121,7249,2004,94535.0,0.0,1.358057,1.11533,ITA,KOR,520952
10110280,114,121,7249,2004,223803.0,27323.0,2.526624,0.452054,JPN,KOR,520952
10110281,128,121,7249,2004,0.0,73254.0,-0.658668,0.21912600000000002,LKA,KOR,520952
10110282,138,121,7249,2004,0.0,45641.0,0.868684,0.85506,MEX,KOR,520952
10110283,143,121,7249,2004,0.0,2340.0,-1.400614,-0.947664,MMR,KOR,520952
10110284,153,121,7249,2004,0.0,182702.0,0.6710050000000001,0.17807,MYS,KOR,520952
10110285,162,121,7249,2004,0.0,4549.0,1.251808,1.586526,NLD,KOR,520952
10110286,166,121,7249,2004,0.0,11616.0,0.567392,0.965781,NZL,KOR,520952
10110287,174,121,7249,2004,0.0,1223139.0,-0.076709,-0.149006,PHL,KOR,520952
10110288,186,121,7249,2004,0.0,95352.0,0.8952399999999999,0.172896,RUS,KOR,520952
10110289,189,121,7249,2004,0.0,9262.0,0.628071,2.210424,SCG,KOR,520952
10110290,216,121,7249,2004,0.0,89216.0,0.5150359999999999,1.583019,THA,KOR,520952
10110291,223,121,7249,2004,40649.0,0.0,-0.195751,0.335147,TUN,KOR,520952
10110292,231,121,7249,2004,12813.0,1142734.0,1.7598630000000002,0.066704,USA,KOR,520952
10110293,239,121,7249,2004,0.0,31269.0,-0.5270560000000001,0.8910389999999999,VNM,KOR,520952
10110294,246,121,7249,2004,0.0,4240.0,0.460279,1.9736220000000002,ZAF,KOR,520952
10110295,249,121,7249,2004,2408.0,0.0,1.626307,1.358315,TWN,KOR,520952
10110296,250,121,7249,2004,0.0,102420.0,0.509382,-0.30904299999999996,ANS,KOR,520952
10110297,43,128,7249,2004,280684.0,5997.0,0.581548,2.8689880000000003,CHN,LKA,520952
10110298,61,128,7249,2004,55596.0,0.0,2.266076,-2.011139,DEU,LKA,520952
10110299,97,128,7249,2004,289310.0,0.0,0.604825,2.098745,HKG,LKA,520952
10110300,104,128,7249,2004,46758.0,0.0,0.233348,2.790987,IND,LKA,520952
10110301,111,128,7249,2004,26804.0,0.0,1.358057,1.11533,ITA,LKA,520952
10110302,121,128,7249,2004,73254.0,0.0,1.3624690000000002,0.928342,KOR,LKA,520952
10110303,153,128,7249,2004,18715.0,0.0,0.6710050000000001,0.17807,MYS,LKA,520952
10110304,168,128,7249,2004,21154.0,0.0,-0.754143,0.25995100000000004,PAK,LKA,520952
10110305,174,128,7249,2004,1700.0,0.0,-0.076709,-0.149006,PHL,LKA,520952
10110306,216,128,7249,2004,24687.0,0.0,0.5150359999999999,1.583019,THA,LKA,520952
10110307,18,131,7249,2004,3642.0,0.0,1.350911,1.408209,BEL,LUX,520952
10110308,61,131,7249,2004,989.0,0.0,2.266076,-2.011139,DEU,LUX,520952
10110309,32,138,7249,2004,602494.0,0.0,0.540718,1.149065,BRA,MEX,520952
10110310,43,138,7249,2004,130325.0,0.0,0.581548,2.8689880000000003,CHN,MEX,520952
10110311,49,138,7249,2004,2823.0,0.0,0.033128,0.47524799999999995,COL,MEX,520952
10110312,61,138,7249,2004,18649.0,0.0,2.266076,-2.011139,DEU,MEX,520952
10110313,71,138,7249,2004,6745.0,0.0,0.9784649999999999,2.051216,ESP,MEX,520952
10110314,77,138,7249,2004,49655.0,0.0,1.6003530000000001,0.643945,FRA,MEX,520952
10110315,93,138,7249,2004,3261.0,0.0,-0.46136000000000005,0.148122,GTM,MEX,520952
10110316,104,138,7249,2004,728.0,0.0,0.233348,2.790987,IND,MEX,520952
10110317,111,138,7249,2004,10325.0,0.0,1.358057,1.11533,ITA,MEX,520952
10110318,121,138,7249,2004,45641.0,0.0,1.3624690000000002,0.928342,KOR,MEX,520952
10110319,162,138,7249,2004,970.0,0.0,1.251808,1.586526,NLD,MEX,520952
10110320,197,138,7249,2004,0.0,3029.0,-0.20529499999999998,0.1116,SLV,MEX,520952
10110321,231,138,7249,2004,1147219.0,1391.0,1.7598630000000002,0.066704,USA,MEX,520952
10110322,22,153,7249,2004,0.0,24245.0,-1.150444,-0.885333,BGD,MYS,520952
10110323,61,153,7249,2004,1899.0,0.0,2.266076,-2.011139,DEU,MYS,520952
10110324,97,153,7249,2004,9780.0,0.0,0.604825,2.098745,HKG,MYS,520952
10110325,103,153,7249,2004,8940.0,10326.0,-0.223644,1.719065,IDN,MYS,520952
10110326,114,153,7249,2004,1969.0,0.0,2.526624,0.452054,JPN,MYS,520952
10110327,121,153,7249,2004,182702.0,0.0,1.3624690000000002,0.928342,KOR,MYS,520952
10110328,128,153,7249,2004,0.0,18715.0,-0.658668,0.21912600000000002,LKA,MYS,520952
10110329,179,153,7249,2004,1636.0,0.0,0.524524,1.901139,PRT,MYS,520952
10110330,192,153,7249,2004,13673.0,0.0,1.6409779999999998,0.634947,SGP,MYS,520952
10110331,249,153,7249,2004,58336.0,0.0,1.626307,1.358315,TWN,MYS,520952
10110332,15,162,7249,2004,0.0,65530.0,1.825391,0.40553,AUT,NLD,520952
10110333,18,162,7249,2004,239055.0,1119263.0,1.350911,1.408209,BEL,NLD,520952
10110334,19,162,7249,2004,0.0,13450.0,-1.299345,-0.9871260000000001,BEN,NLD,520952
10110335,23,162,7249,2004,0.0,22212.0,0.35536,1.499182,BGR,NLD,520952
10110336,41,162,7249,2004,0.0,57867.0,2.151471,0.7196279999999999,CHE,NLD,520952
10110337,59,162,7249,2004,142396.0,63827.0,1.562625,0.865244,CZE,NLD,520952
10110338,61,162,7249,2004,306749.0,821500.0,2.266076,-2.011139,DEU,NLD,520952
10110339,64,162,7249,2004,0.0,57622.0,1.328968,1.262743,DNK,NLD,520952
10110340,71,162,7249,2004,10009.0,5119.0,0.9784649999999999,2.051216,ESP,NLD,520952
10110341,74,162,7249,2004,0.0,65864.0,2.000218,0.9867309999999999,FIN,NLD,520952
10110342,77,162,7249,2004,209739.0,205623.0,1.6003530000000001,0.643945,FRA,NLD,520952
10110343,81,162,7249,2004,29334.0,10643.0,1.843506,0.684779,GBR,NLD,520952
10110344,97,162,7249,2004,0.0,1144.0,0.604825,2.098745,HKG,NLD,520952
10110345,100,162,7249,2004,0.0,16103.0,0.6669970000000001,1.088043,HRV,NLD,520952
10110346,104,162,7249,2004,1749.0,0.0,0.233348,2.790987,IND,NLD,520952
10110347,106,162,7249,2004,0.0,17591.0,1.501859,0.14456,IRL,NLD,520952
10110348,111,162,7249,2004,140549.0,17936.0,1.358057,1.11533,ITA,NLD,520952
10110349,114,162,7249,2004,2476.0,3190.0,2.526624,0.452054,JPN,NLD,520952
10110350,121,162,7249,2004,4549.0,0.0,1.3624690000000002,0.928342,KOR,NLD,520952
10110351,123,162,7249,2004,0.0,34835.0,-1.274622,-1.082807,LAO,NLD,520952
10110352,124,162,7249,2004,0.0,8255.0,0.32409899999999997,1.037024,LBN,NLD,520952
10110353,130,162,7249,2004,0.0,1148.0,0.403568,0.632707,LTU,NLD,520952
10110354,132,162,7249,2004,0.0,4533.0,0.413821,0.627853,LVA,NLD,520952
10110355,134,162,7249,2004,0.0,25829.0,-0.681556,-0.152372,MAR,NLD,520952
10110356,136,162,7249,2004,0.0,4203.0,-1.355542,-0.634409,MDG,NLD,520952
10110357,138,162,7249,2004,0.0,970.0,0.868684,0.85506,MEX,NLD,520952
10110358,140,162,7249,2004,0.0,211000.0,-0.091013,0.190649,MKD,NLD,520952
10110359,141,162,7249,2004,0.0,4710.0,-0.6905100000000001,-0.9162459999999999,MLI,NLD,520952
10110360,156,162,7249,2004,0.0,1670.0,-0.49824700000000005,-0.8284239999999999,NCL,NLD,520952
10110361,163,162,7249,2004,0.0,4983.0,1.10162,0.118709,NOR,NLD,520952
10110362,166,162,7249,2004,0.0,2160.0,0.567392,0.965781,NZL,NLD,520952
10110363,177,162,7249,2004,1704.0,66627.0,1.019341,1.519452,POL,NLD,520952
10110364,179,162,7249,2004,5308.0,0.0,0.524524,1.901139,PRT,NLD,520952
10110365,185,162,7249,2004,0.0,123848.0,0.37241599999999997,1.015865,ROU,NLD,520952
10110366,186,162,7249,2004,0.0,4767.0,0.8952399999999999,0.172896,RUS,NLD,520952
10110367,188,162,7249,2004,0.0,13659.0,0.546196,-0.7014729999999999,SAU,NLD,520952
10110368,189,162,7249,2004,23826.0,0.0,0.628071,2.210424,SCG,NLD,520952
10110369,205,162,7249,2004,0.0,48826.0,-0.991433,-0.926657,SUR,NLD,520952
10110370,206,162,7249,2004,0.0,8767.0,1.2375120000000002,0.8777889999999999,SVK,NLD,520952
10110371,207,162,7249,2004,0.0,14006.0,1.628643,1.02381,SVN,NLD,520952
10110372,208,162,7249,2004,2349.0,89526.0,2.0522080000000003,0.8326969999999999,SWE,NLD,520952
10110373,223,162,7249,2004,0.0,1023818.0,-0.195751,0.335147,TUN,NLD,520952
10110374,224,162,7249,2004,236296.0,24972.0,0.141454,1.9463599999999999,TUR,NLD,520952
10110375,228,162,7249,2004,0.0,29594.0,0.8758040000000001,0.8195879999999999,UKR,NLD,520952
10110376,231,162,7249,2004,12832.0,1712.0,1.7598630000000002,0.066704,USA,NLD,520952
10110377,14,166,7249,2004,3418.0,9081.0,0.196641,0.8139460000000001,AUS,NZL,520952
10110378,43,166,7249,2004,5127.0,0.0,0.581548,2.8689880000000003,CHN,NZL,520952
10110379,61,166,7249,2004,9409.0,0.0,2.266076,-2.011139,DEU,NZL,520952
10110380,75,166,7249,2004,1154.0,5339.0,-0.8870969999999999,-0.287427,FJI,NZL,520952
10110381,77,166,7249,2004,44946.0,0.0,1.6003530000000001,0.643945,FRA,NZL,520952
10110382,81,166,7249,2004,13276.0,0.0,1.843506,0.684779,GBR,NZL,520952
10110383,97,166,7249,2004,1856.0,0.0,0.604825,2.098745,HKG,NZL,520952
10110384,104,166,7249,2004,10750.0,0.0,0.233348,2.790987,IND,NZL,520952
10110385,111,166,7249,2004,2016.0,0.0,1.358057,1.11533,ITA,NZL,520952
10110386,114,166,7249,2004,8585.0,0.0,2.526624,0.452054,JPN,NZL,520952
10110387,121,166,7249,2004,11616.0,0.0,1.3624690000000002,0.928342,KOR,NZL,520952
10110388,162,166,7249,2004,2160.0,0.0,1.251808,1.586526,NLD,NZL,520952
10110389,39,169,7249,2004,16181.0,0.0,0.9392739999999999,1.19228,CAN,PAN,520952
10110390,230,169,7249,2004,0.0,1940.0,0.151633,0.121776,URY,PAN,520952
10110391,236,169,7249,2004,0.0,8039.0,0.048698000000000005,-0.899776,VEN,PAN,520952
10110392,32,173,7249,2004,31907.0,0.0,0.540718,1.149065,BRA,PER,520952
10110393,39,173,7249,2004,0.0,2890.0,0.9392739999999999,1.19228,CAN,PER,520952
10110394,42,173,7249,2004,2347.0,0.0,-0.07869,-0.33641,CHL,PER,520952
10110395,43,173,7249,2004,3001.0,0.0,0.581548,2.8689880000000003,CHN,PER,520952
10110396,61,173,7249,2004,0.0,10873.0,2.266076,-2.011139,DEU,PER,520952
10110397,197,173,7249,2004,0.0,7432.0,-0.20529499999999998,0.1116,SLV,PER,520952
10110398,231,173,7249,2004,4389.0,66473.0,1.7598630000000002,0.066704,USA,PER,520952
10110399,43,174,7249,2004,75702.0,0.0,0.581548,2.8689880000000003,CHN,PHL,520952
10110400,97,174,7249,2004,223103.0,32955.0,0.604825,2.098745,HKG,PHL,520952
10110401,103,174,7249,2004,6012.0,0.0,-0.223644,1.719065,IDN,PHL,520952
10110402,104,174,7249,2004,20562.0,0.0,0.233348,2.790987,IND,PHL,520952
10110403,111,174,7249,2004,113952.0,0.0,1.358057,1.11533,ITA,PHL,520952
10110404,114,174,7249,2004,95012.0,0.0,2.526624,0.452054,JPN,PHL,520952
10110405,121,174,7249,2004,1223139.0,0.0,1.3624690000000002,0.928342,KOR,PHL,520952
10110406,128,174,7249,2004,0.0,1700.0,-0.658668,0.21912600000000002,LKA,PHL,520952
10110407,216,174,7249,2004,39954.0,0.0,0.5150359999999999,1.583019,THA,PHL,520952
10110408,231,174,7249,2004,0.0,5513.0,1.7598630000000002,0.066704,USA,PHL,520952
10110409,249,174,7249,2004,1193.0,0.0,1.626307,1.358315,TWN,PHL,520952
10110410,15,177,7249,2004,127566.0,0.0,1.825391,0.40553,AUT,POL,520952
10110411,18,177,7249,2004,121051.0,7691.0,1.350911,1.408209,BEL,POL,520952
10110412,23,177,7249,2004,0.0,6115.0,0.35536,1.499182,BGR,POL,520952
10110413,32,177,7249,2004,13526.0,0.0,0.540718,1.149065,BRA,POL,520952
10110414,39,177,7249,2004,2458.0,0.0,0.9392739999999999,1.19228,CAN,POL,520952
10110415,41,177,7249,2004,2858.0,0.0,2.151471,0.7196279999999999,CHE,POL,520952
10110416,59,177,7249,2004,82754.0,36450.0,1.562625,0.865244,CZE,POL,520952
10110417,61,177,7249,2004,1173651.0,78539.0,2.266076,-2.011139,DEU,POL,520952
10110418,64,177,7249,2004,305131.0,39976.0,1.328968,1.262743,DNK,POL,520952
10110419,71,177,7249,2004,2042.0,0.0,0.9784649999999999,2.051216,ESP,POL,520952
10110420,77,177,7249,2004,71946.0,4809.0,1.6003530000000001,0.643945,FRA,POL,520952
10110421,81,177,7249,2004,317001.0,0.0,1.843506,0.684779,GBR,POL,520952
10110422,102,177,7249,2004,11902.0,8501.0,1.207082,1.019714,HUN,POL,520952
10110423,104,177,7249,2004,28922.0,0.0,0.233348,2.790987,IND,POL,520952
10110424,111,177,7249,2004,484668.0,0.0,1.358057,1.11533,ITA,POL,520952
10110425,162,177,7249,2004,66627.0,1704.0,1.251808,1.586526,NLD,POL,520952
10110426,163,177,7249,2004,3955.0,0.0,1.10162,0.118709,NOR,POL,520952
10110427,179,177,7249,2004,66685.0,0.0,0.524524,1.901139,PRT,POL,520952
10110428,186,177,7249,2004,15993.0,7474.0,0.8952399999999999,0.172896,RUS,POL,520952
10110429,207,177,7249,2004,1326.0,0.0,1.628643,1.02381,SVN,POL,520952
10110430,208,177,7249,2004,8486.0,0.0,2.0522080000000003,0.8326969999999999,SWE,POL,520952
10110431,224,177,7249,2004,42828.0,0.0,0.141454,1.9463599999999999,TUR,POL,520952
10110432,228,177,7249,2004,0.0,2387.0,0.8758040000000001,0.8195879999999999,UKR,POL,520952
10110433,8,180,7249,2004,0.0,2188.0,0.28128600000000004,0.64115,ARG,PRY,520952
10110434,32,180,7249,2004,9140.0,0.0,0.540718,1.149065,BRA,PRY,520952
10110435,15,186,7249,2004,14135.0,0.0,1.825391,0.40553,AUT,RUS,520952
10110436,28,186,7249,2004,4503.0,124823.0,0.8553139999999999,0.703926,BLR,RUS,520952
10110437,43,186,7249,2004,135663.0,0.0,0.581548,2.8689880000000003,CHN,RUS,520952
10110438,59,186,7249,2004,12630.0,0.0,1.562625,0.865244,CZE,RUS,520952
10110439,61,186,7249,2004,327003.0,0.0,2.266076,-2.011139,DEU,RUS,520952
10110440,71,186,7249,2004,2651.0,0.0,0.9784649999999999,2.051216,ESP,RUS,520952
10110441,74,186,7249,2004,13446.0,0.0,2.000218,0.9867309999999999,FIN,RUS,520952
10110442,77,186,7249,2004,96974.0,0.0,1.6003530000000001,0.643945,FRA,RUS,520952
10110443,81,186,7249,2004,79819.0,0.0,1.843506,0.684779,GBR,RUS,520952
10110444,102,186,7249,2004,958.0,0.0,1.207082,1.019714,HUN,RUS,520952
10110445,111,186,7249,2004,176546.0,0.0,1.358057,1.11533,ITA,RUS,520952
10110446,121,186,7249,2004,95352.0,0.0,1.3624690000000002,0.928342,KOR,RUS,520952
10110447,130,186,7249,2004,1801.0,0.0,0.403568,0.632707,LTU,RUS,520952
10110448,132,186,7249,2004,0.0,31396.0,0.413821,0.627853,LVA,RUS,520952
10110449,135,186,7249,2004,0.0,60962.0,-0.155523,-0.355142,MDA,RUS,520952
10110450,162,186,7249,2004,4767.0,0.0,1.251808,1.586526,NLD,RUS,520952
10110451,177,186,7249,2004,7474.0,15993.0,1.019341,1.519452,POL,RUS,520952
10110452,224,186,7249,2004,509721.0,0.0,0.141454,1.9463599999999999,TUR,RUS,520952
10110453,228,186,7249,2004,0.0,312924.0,0.8758040000000001,0.8195879999999999,UKR,RUS,520952
10110454,168,190,7249,2004,59087.0,0.0,-0.754143,0.25995100000000004,PAK,SDN,520952
10110455,32,197,7249,2004,38591.0,0.0,0.540718,1.149065,BRA,SLV,520952
10110456,43,197,7249,2004,113991.0,0.0,0.581548,2.8689880000000003,CHN,SLV,520952
10110457,52,197,7249,2004,0.0,2579.0,-0.043266000000000006,-0.376239,CRI,SLV,520952
10110458,93,197,7249,2004,0.0,21687.0,-0.46136000000000005,0.148122,GTM,SLV,520952
10110459,97,197,7249,2004,6566.0,0.0,0.604825,2.098745,HKG,SLV,520952
10110460,99,197,7249,2004,0.0,3198.0,-0.75975,-0.548407,HND,SLV,520952
10110461,138,197,7249,2004,3029.0,0.0,0.868684,0.85506,MEX,SLV,520952
10110462,173,197,7249,2004,7432.0,0.0,-0.564244,0.131232,PER,SLV,520952
10110463,162,205,7249,2004,48826.0,0.0,1.251808,1.586526,NLD,SUR,520952
10110464,18,208,7249,2004,21095.0,1534.0,1.350911,1.408209,BEL,SWE,520952
10110465,61,208,7249,2004,48186.0,2462.0,2.266076,-2.011139,DEU,SWE,520952
10110466,64,208,7249,2004,3130.0,2138.0,1.328968,1.262743,DNK,SWE,520952
10110467,71,208,7249,2004,1486.0,3176.0,0.9784649999999999,2.051216,ESP,SWE,520952
10110468,72,208,7249,2004,8764.0,4906.0,0.6101840000000001,0.9520370000000001,EST,SWE,520952
10110469,74,208,7249,2004,0.0,17952.0,2.000218,0.9867309999999999,FIN,SWE,520952
10110470,77,208,7249,2004,17565.0,3902.0,1.6003530000000001,0.643945,FRA,SWE,520952
10110471,81,208,7249,2004,33271.0,9287.0,1.843506,0.684779,GBR,SWE,520952
10110472,90,208,7249,2004,0.0,1055.0,0.348853,1.661656,GRC,SWE,520952
10110473,111,208,7249,2004,2000.0,12493.0,1.358057,1.11533,ITA,SWE,520952
10110474,114,208,7249,2004,0.0,2455.0,2.526624,0.452054,JPN,SWE,520952
10110475,130,208,7249,2004,13684.0,6771.0,0.403568,0.632707,LTU,SWE,520952
10110476,132,208,7249,2004,9296.0,897322.0,0.413821,0.627853,LVA,SWE,520952
10110477,162,208,7249,2004,89526.0,2349.0,1.251808,1.586526,NLD,SWE,520952
10110478,163,208,7249,2004,0.0,4802.0,1.10162,0.118709,NOR,SWE,520952
10110479,168,208,7249,2004,13840.0,0.0,-0.754143,0.25995100000000004,PAK,SWE,520952
10110480,177,208,7249,2004,0.0,8486.0,1.019341,1.519452,POL,SWE,520952
10110481,179,208,7249,2004,0.0,1512.0,0.524524,1.901139,PRT,SWE,520952
10110482,206,208,7249,2004,0.0,1729.0,1.2375120000000002,0.8777889999999999,SVK,SWE,520952
10110483,224,208,7249,2004,118545.0,2373.0,0.141454,1.9463599999999999,TUR,SWE,520952
10110484,18,216,7249,2004,4301.0,0.0,1.350911,1.408209,BEL,THA,520952
10110485,22,216,7249,2004,0.0,3654.0,-1.150444,-0.885333,BGD,THA,520952
10110486,43,216,7249,2004,33793.0,34691.0,0.581548,2.8689880000000003,CHN,THA,520952
10110487,77,216,7249,2004,14705.0,0.0,1.6003530000000001,0.643945,FRA,THA,520952
10110488,81,216,7249,2004,6639.0,0.0,1.843506,0.684779,GBR,THA,520952
10110489,97,216,7249,2004,146106.0,32504.0,0.604825,2.098745,HKG,THA,520952
10110490,103,216,7249,2004,0.0,17499.0,-0.223644,1.719065,IDN,THA,520952
10110491,104,216,7249,2004,1500.0,0.0,0.233348,2.790987,IND,THA,520952
10110492,111,216,7249,2004,30996.0,0.0,1.358057,1.11533,ITA,THA,520952
10110493,114,216,7249,2004,3309.0,15870.0,2.526624,0.452054,JPN,THA,520952
10110494,121,216,7249,2004,89216.0,0.0,1.3624690000000002,0.928342,KOR,THA,520952
10110495,128,216,7249,2004,0.0,24687.0,-0.658668,0.21912600000000002,LKA,THA,520952
10110496,174,216,7249,2004,0.0,39954.0,-0.076709,-0.149006,PHL,THA,520952
10110497,239,216,7249,2004,0.0,21968.0,-0.5270560000000001,0.8910389999999999,VNM,THA,520952
10110498,246,216,7249,2004,0.0,87442.0,0.460279,1.9736220000000002,ZAF,THA,520952
10110499,249,216,7249,2004,9483.0,0.0,1.626307,1.358315,TWN,THA,520952
10110500,8,230,7249,2004,11568.0,0.0,0.28128600000000004,0.64115,ARG,URY,520952
10110501,32,230,7249,2004,15838.0,0.0,0.540718,1.149065,BRA,URY,520952
10110502,71,230,7249,2004,865.0,0.0,0.9784649999999999,2.051216,ESP,URY,520952
10110503,77,230,7249,2004,4164.0,0.0,1.6003530000000001,0.643945,FRA,URY,520952
10110504,169,230,7249,2004,1940.0,0.0,-0.011979,0.261315,PAN,URY,520952
10110505,15,231,7249,2004,0.0,2432.0,1.825391,0.40553,AUT,USA,520952
10110506,18,231,7249,2004,55638.0,5562.0,1.350911,1.408209,BEL,USA,520952
10110507,23,231,7249,2004,7440.0,946.0,0.35536,1.499182,BGR,USA,520952
10110508,32,231,7249,2004,117940.0,0.0,0.540718,1.149065,BRA,USA,520952
10110509,39,231,7249,2004,4622.0,38174.0,0.9392739999999999,1.19228,CAN,USA,520952
10110510,43,231,7249,2004,1841548.0,50959.0,0.581548,2.8689880000000003,CHN,USA,520952
10110511,49,231,7249,2004,0.0,10544.0,0.033128,0.47524799999999995,COL,USA,520952
10110512,52,231,7249,2004,0.0,1342.0,-0.043266000000000006,-0.376239,CRI,USA,520952
10110513,59,231,7249,2004,1764.0,0.0,1.562625,0.865244,CZE,USA,520952
10110514,61,231,7249,2004,253319.0,25714.0,2.266076,-2.011139,DEU,USA,520952
10110515,65,231,7249,2004,0.0,44091.0,-0.510025,-0.328257,DOM,USA,520952
10110516,71,231,7249,2004,5944.0,104350.0,0.9784649999999999,2.051216,ESP,USA,520952
10110517,74,231,7249,2004,5798.0,0.0,2.000218,0.9867309999999999,FIN,USA,520952
10110518,77,231,7249,2004,111885.0,12566.0,1.6003530000000001,0.643945,FRA,USA,520952
10110519,81,231,7249,2004,401551.0,54526.0,1.843506,0.684779,GBR,USA,520952
10110520,93,231,7249,2004,47889.0,485090.0,-0.46136000000000005,0.148122,GTM,USA,520952
10110521,97,231,7249,2004,338036.0,25380.0,0.604825,2.098745,HKG,USA,520952
10110522,99,231,7249,2004,0.0,15406.0,-0.75975,-0.548407,HND,USA,520952
10110523,103,231,7249,2004,12997.0,0.0,-0.223644,1.719065,IDN,USA,520952
10110524,104,231,7249,2004,92293.0,20719.0,0.233348,2.790987,IND,USA,520952
10110525,106,231,7249,2004,0.0,2326.0,1.501859,0.14456,IRL,USA,520952
10110526,110,231,7249,2004,135061.0,28740.0,1.250393,0.8003979999999999,ISR,USA,520952
10110527,111,231,7249,2004,502068.0,35462.0,1.358057,1.11533,ITA,USA,520952
10110528,112,231,7249,2004,0.0,8109.0,-0.64957,-0.944183,JAM,USA,520952
10110529,114,231,7249,2004,15857.0,0.0,2.526624,0.452054,JPN,USA,520952
10110530,121,231,7249,2004,1142734.0,12813.0,1.3624690000000002,0.928342,KOR,USA,520952
10110531,133,231,7249,2004,0.0,6943.0,-0.351045,-0.487521,MAC,USA,520952
10110532,138,231,7249,2004,1391.0,1147219.0,0.868684,0.85506,MEX,USA,520952
10110533,162,231,7249,2004,1712.0,12832.0,1.251808,1.586526,NLD,USA,520952
10110534,163,231,7249,2004,0.0,2494.0,1.10162,0.118709,NOR,USA,520952
10110535,168,231,7249,2004,20760.0,0.0,-0.754143,0.25995100000000004,PAK,USA,520952
10110536,173,231,7249,2004,66473.0,4389.0,-0.564244,0.131232,PER,USA,520952
10110537,174,231,7249,2004,5513.0,0.0,-0.076709,-0.149006,PHL,USA,520952
10110538,179,231,7249,2004,55905.0,0.0,0.524524,1.901139,PRT,USA,520952
10110539,188,231,7249,2004,0.0,24377.0,0.546196,-0.7014729999999999,SAU,USA,520952
10110540,224,231,7249,2004,16495.0,4465.0,0.141454,1.9463599999999999,TUR,USA,520952
10110541,239,231,7249,2004,0.0,4575.0,-0.5270560000000001,0.8910389999999999,VNM,USA,520952
10110542,246,231,7249,2004,0.0,5601.0,0.460279,1.9736220000000002,ZAF,USA,520952
10110543,249,231,7249,2004,58819.0,8164.0,1.626307,1.358315,TWN,USA,520952
10110544,39,236,7249,2004,5664.0,0.0,0.9392739999999999,1.19228,CAN,VEN,520952
10110545,42,236,7249,2004,70194.0,0.0,-0.07869,-0.33641,CHL,VEN,520952
10110546,43,236,7249,2004,11578.0,0.0,0.581548,2.8689880000000003,CHN,VEN,520952
10110547,169,236,7249,2004,8039.0,0.0,-0.011979,0.261315,PAN,VEN,520952
10110548,14,246,7249,2004,0.0,5348.0,0.196641,0.8139460000000001,AUS,ZAF,520952
10110549,18,246,7249,2004,6389.0,0.0,1.350911,1.408209,BEL,ZAF,520952
10110550,43,246,7249,2004,81919.0,0.0,0.581548,2.8689880000000003,CHN,ZAF,520952
10110551,44,246,7249,2004,2147.0,0.0,-0.8490979999999999,-0.754732,CIV,ZAF,520952
10110552,61,246,7249,2004,1445.0,0.0,2.266076,-2.011139,DEU,ZAF,520952
10110553,71,246,7249,2004,0.0,10025.0,0.9784649999999999,2.051216,ESP,ZAF,520952
10110554,77,246,7249,2004,21661.0,0.0,1.6003530000000001,0.643945,FRA,ZAF,520952
10110555,81,246,7249,2004,8867.0,17559.0,1.843506,0.684779,GBR,ZAF,520952
10110556,102,246,7249,2004,5148.0,0.0,1.207082,1.019714,HUN,ZAF,520952
10110557,104,246,7249,2004,2861.0,0.0,0.233348,2.790987,IND,ZAF,520952
10110558,121,246,7249,2004,4240.0,0.0,1.3624690000000002,0.928342,KOR,ZAF,520952
10110559,168,246,7249,2004,11981.0,0.0,-0.754143,0.25995100000000004,PAK,ZAF,520952
10110560,216,246,7249,2004,87442.0,0.0,0.5150359999999999,1.583019,THA,ZAF,520952
10110561,231,246,7249,2004,5601.0,0.0,1.7598630000000002,0.066704,USA,ZAF,520952
10110562,248,246,7249,2004,374663.0,0.0,-0.560593,-0.091112,ZWE,ZAF,520952
10110563,18,249,7249,2004,19169.0,0.0,1.350911,1.408209,BEL,TWN,520952
10110564,22,249,7249,2004,0.0,16476.0,-1.150444,-0.885333,BGD,TWN,520952
10110565,39,249,7249,2004,2825.0,88428.0,0.9392739999999999,1.19228,CAN,TWN,520952
10110566,43,249,7249,2004,13266.0,45436.0,0.581548,2.8689880000000003,CHN,TWN,520952
10110567,49,249,7249,2004,0.0,52143.0,0.033128,0.47524799999999995,COL,TWN,520952
10110568,61,249,7249,2004,26817.0,0.0,2.266076,-2.011139,DEU,TWN,520952
10110569,75,249,7249,2004,0.0,1944.0,-0.8870969999999999,-0.287427,FJI,TWN,520952
10110570,77,249,7249,2004,12927.0,0.0,1.6003530000000001,0.643945,FRA,TWN,520952
10110571,97,249,7249,2004,34900.0,11688.0,0.604825,2.098745,HKG,TWN,520952
10110572,103,249,7249,2004,0.0,22921.0,-0.223644,1.719065,IDN,TWN,520952
10110573,111,249,7249,2004,12347.0,0.0,1.358057,1.11533,ITA,TWN,520952
10110574,114,249,7249,2004,45623.0,4738.0,2.526624,0.452054,JPN,TWN,520952
10110575,121,249,7249,2004,0.0,2408.0,1.3624690000000002,0.928342,KOR,TWN,520952
10110576,153,249,7249,2004,0.0,58336.0,0.6710050000000001,0.17807,MYS,TWN,520952
10110577,174,249,7249,2004,0.0,1193.0,-0.076709,-0.149006,PHL,TWN,520952
10110578,179,249,7249,2004,0.0,6024.0,0.524524,1.901139,PRT,TWN,520952
10110579,216,249,7249,2004,0.0,9483.0,0.5150359999999999,1.583019,THA,TWN,520952
10110580,231,249,7249,2004,8164.0,58819.0,1.7598630000000002,0.066704,USA,TWN,520952
10110581,239,249,7249,2004,0.0,91772.0,-0.5270560000000001,0.8910389999999999,VNM,TWN,520952
10110582,18,7,7249,2004,16925.0,47288.0,1.350911,1.408209,BEL,ARE,520952
10110583,43,7,7249,2004,441985.0,0.0,0.581548,2.8689880000000003,CHN,ARE,520952
10110584,61,7,7249,2004,10070.0,0.0,2.266076,-2.011139,DEU,ARE,520952
10110585,71,7,7249,2004,5606.0,0.0,0.9784649999999999,2.051216,ESP,ARE,520952
10110586,77,7,7249,2004,39793.0,0.0,1.6003530000000001,0.643945,FRA,ARE,520952
10110587,97,7,7249,2004,314310.0,0.0,0.604825,2.098745,HKG,ARE,520952
10110588,104,7,7249,2004,135429.0,0.0,0.233348,2.790987,IND,ARE,520952
10110589,111,7,7249,2004,9476.0,0.0,1.358057,1.11533,ITA,ARE,520952
10110590,113,7,7249,2004,0.0,7174.0,0.152989,0.385845,JOR,ARE,520952
10110591,114,7,7249,2004,7088.0,0.0,2.526624,0.452054,JPN,ARE,520952
10110592,121,7,7249,2004,25251.0,0.0,1.3624690000000002,0.928342,KOR,ARE,520952
10110593,151,7,7249,2004,0.0,1529.0,-0.374754,-0.288504,MUS,ARE,520952
10110594,43,22,7249,2004,1073002.0,0.0,0.581548,2.8689880000000003,CHN,BGD,520952
10110595,61,22,7249,2004,14271.0,0.0,2.266076,-2.011139,DEU,BGD,520952
10110596,97,22,7249,2004,423943.0,0.0,0.604825,2.098745,HKG,BGD,520952
10110597,104,22,7249,2004,62390.0,0.0,0.233348,2.790987,IND,BGD,520952
10110598,121,22,7249,2004,192952.0,0.0,1.3624690000000002,0.928342,KOR,BGD,520952
10110599,153,22,7249,2004,24245.0,0.0,0.6710050000000001,0.17807,MYS,BGD,520952
10110600,216,22,7249,2004,3654.0,0.0,0.5150359999999999,1.583019,THA,BGD,520952
10110601,249,22,7249,2004,16476.0,0.0,1.626307,1.358315,TWN,BGD,520952
10110602,18,23,7249,2004,1830.0,0.0,1.350911,1.408209,BEL,BGR,520952
10110603,39,23,7249,2004,0.0,1415.0,0.9392739999999999,1.19228,CAN,BGR,520952
10110604,43,23,7249,2004,10306.0,0.0,0.581548,2.8689880000000003,CHN,BGR,520952
10110605,59,23,7249,2004,35082.0,0.0,1.562625,0.865244,CZE,BGR,520952
10110606,61,23,7249,2004,1834439.0,4731.0,2.266076,-2.011139,DEU,BGR,520952
10110607,64,23,7249,2004,7830.0,0.0,1.328968,1.262743,DNK,BGR,520952
10110608,71,23,7249,2004,23722.0,16626.0,0.9784649999999999,2.051216,ESP,BGR,520952
10110609,77,23,7249,2004,84161.0,0.0,1.6003530000000001,0.643945,FRA,BGR,520952
10110610,81,23,7249,2004,67971.0,0.0,1.843506,0.684779,GBR,BGR,520952
10110611,90,23,7249,2004,62716.0,0.0,0.348853,1.661656,GRC,BGR,520952
10110612,97,23,7249,2004,3997.0,0.0,0.604825,2.098745,HKG,BGR,520952
10110613,102,23,7249,2004,86040.0,0.0,1.207082,1.019714,HUN,BGR,520952
10110614,111,23,7249,2004,16475.0,24021.0,1.358057,1.11533,ITA,BGR,520952
10110615,162,23,7249,2004,22212.0,0.0,1.251808,1.586526,NLD,BGR,520952
10110616,163,23,7249,2004,45179.0,0.0,1.10162,0.118709,NOR,BGR,520952
10110617,168,23,7249,2004,6259.0,0.0,-0.754143,0.25995100000000004,PAK,BGR,520952
10110618,177,23,7249,2004,6115.0,0.0,1.019341,1.519452,POL,BGR,520952
10110619,179,23,7249,2004,20057.0,0.0,0.524524,1.901139,PRT,BGR,520952
10110620,189,23,7249,2004,0.0,5589.0,0.628071,2.210424,SCG,BGR,520952
10110621,224,23,7249,2004,16758.0,0.0,0.141454,1.9463599999999999,TUR,BGR,520952
10110622,231,23,7249,2004,946.0,7440.0,1.7598630000000002,0.066704,USA,BGR,520952
10110623,43,24,7249,2004,56308.0,0.0,0.581548,2.8689880000000003,CHN,BHR,520952
10110624,97,24,7249,2004,365405.0,0.0,0.604825,2.098745,HKG,BHR,520952
10110625,104,24,7249,2004,29623.0,0.0,0.233348,2.790987,IND,BHR,520952
10110626,107,24,7249,2004,12309.0,0.0,-0.38210700000000003,-0.8408620000000001,IRN,BHR,520952
10110627,111,24,7249,2004,1524.0,0.0,1.358057,1.11533,ITA,BHR,520952
10110628,43,28,7249,2004,55954.0,0.0,0.581548,2.8689880000000003,CHN,BLR,520952
10110629,59,28,7249,2004,938.0,0.0,1.562625,0.865244,CZE,BLR,520952
10110630,61,28,7249,2004,85581.0,758.0,2.266076,-2.011139,DEU,BLR,520952
10110631,111,28,7249,2004,3458.0,0.0,1.358057,1.11533,ITA,BLR,520952
10110632,130,28,7249,2004,28146.0,0.0,0.403568,0.632707,LTU,BLR,520952
10110633,186,28,7249,2004,124823.0,4503.0,0.8952399999999999,0.172896,RUS,BLR,520952
10110634,15,59,7249,2004,0.0,14021.0,1.825391,0.40553,AUT,CZE,520952
10110635,18,59,7249,2004,73618.0,5141.0,1.350911,1.408209,BEL,CZE,520952
10110636,23,59,7249,2004,0.0,35082.0,0.35536,1.499182,BGR,CZE,520952
10110637,28,59,7249,2004,0.0,938.0,0.8553139999999999,0.703926,BLR,CZE,520952
10110638,39,59,7249,2004,0.0,4966.0,0.9392739999999999,1.19228,CAN,CZE,520952
10110639,61,59,7249,2004,142916.0,1485024.0,2.266076,-2.011139,DEU,CZE,520952
10110640,71,59,7249,2004,3286.0,0.0,0.9784649999999999,2.051216,ESP,CZE,520952
10110641,74,59,7249,2004,0.0,6983.0,2.000218,0.9867309999999999,FIN,CZE,520952
10110642,77,59,7249,2004,3649.0,0.0,1.6003530000000001,0.643945,FRA,CZE,520952
10110643,81,59,7249,2004,1489.0,1395.0,1.843506,0.684779,GBR,CZE,520952
10110644,102,59,7249,2004,0.0,22377.0,1.207082,1.019714,HUN,CZE,520952
10110645,104,59,7249,2004,106883.0,0.0,0.233348,2.790987,IND,CZE,520952
10110646,111,59,7249,2004,48191.0,0.0,1.358057,1.11533,ITA,CZE,520952
10110647,130,59,7249,2004,0.0,22724.0,0.403568,0.632707,LTU,CZE,520952
10110648,134,59,7249,2004,0.0,42485.0,-0.681556,-0.152372,MAR,CZE,520952
10110649,162,59,7249,2004,63827.0,142396.0,1.251808,1.586526,NLD,CZE,520952
10110650,177,59,7249,2004,36450.0,82754.0,1.019341,1.519452,POL,CZE,520952
10110651,185,59,7249,2004,0.0,139651.0,0.37241599999999997,1.015865,ROU,CZE,520952
10110652,186,59,7249,2004,0.0,12630.0,0.8952399999999999,0.172896,RUS,CZE,520952
10110653,189,59,7249,2004,0.0,3866.0,0.628071,2.210424,SCG,CZE,520952
10110654,206,59,7249,2004,5688.0,68128.0,1.2375120000000002,0.8777889999999999,SVK,CZE,520952
10110655,207,59,7249,2004,0.0,3616.0,1.628643,1.02381,SVN,CZE,520952
10110656,223,59,7249,2004,0.0,5336.0,-0.195751,0.335147,TUN,CZE,520952
10110657,224,59,7249,2004,6987.0,0.0,0.141454,1.9463599999999999,TUR,CZE,520952
10110658,228,59,7249,2004,0.0,40111.0,0.8758040000000001,0.8195879999999999,UKR,CZE,520952
10110659,231,59,7249,2004,0.0,1764.0,1.7598630000000002,0.066704,USA,CZE,520952
10110660,250,59,7249,2004,51377.0,0.0,0.509382,-0.30904299999999996,ANS,CZE,520952
10110661,18,68,7249,2004,0.0,19335.0,1.350911,1.408209,BEL,EGY,520952
10110662,43,68,7249,2004,41043.0,0.0,0.581548,2.8689880000000003,CHN,EGY,520952
10110663,61,68,7249,2004,3891.0,0.0,2.266076,-2.011139,DEU,EGY,520952
10110664,97,68,7249,2004,233745.0,32285.0,0.604825,2.098745,HKG,EGY,520952
10110665,103,68,7249,2004,34093.0,0.0,-0.223644,1.719065,IDN,EGY,520952
10110666,111,68,7249,2004,0.0,391252.0,1.358057,1.11533,ITA,EGY,520952
10110667,121,68,7249,2004,15857.0,0.0,1.3624690000000002,0.928342,KOR,EGY,520952
10110668,228,68,7249,2004,0.0,1897.0,0.8758040000000001,0.8195879999999999,UKR,EGY,520952
10110669,15,100,7249,2004,2893.0,0.0,1.825391,0.40553,AUT,HRV,520952
10110670,18,100,7249,2004,989.0,0.0,1.350911,1.408209,BEL,HRV,520952
10110671,61,100,7249,2004,286679.0,0.0,2.266076,-2.011139,DEU,HRV,520952
10110672,77,100,7249,2004,149321.0,0.0,1.6003530000000001,0.643945,FRA,HRV,520952
10110673,102,100,7249,2004,0.0,11558.0,1.207082,1.019714,HUN,HRV,520952
10110674,111,100,7249,2004,58020.0,0.0,1.358057,1.11533,ITA,HRV,520952
10110675,162,100,7249,2004,16103.0,0.0,1.251808,1.586526,NLD,HRV,520952
10110676,207,100,7249,2004,4015.0,0.0,1.628643,1.02381,SVN,HRV,520952
10110677,15,102,7249,2004,56265.0,2846.0,1.825391,0.40553,AUT,HUN,520952
10110678,23,102,7249,2004,0.0,86040.0,0.35536,1.499182,BGR,HUN,520952
10110679,39,102,7249,2004,2317.0,0.0,0.9392739999999999,1.19228,CAN,HUN,520952
10110680,59,102,7249,2004,22377.0,0.0,1.562625,0.865244,CZE,HUN,520952
10110681,61,102,7249,2004,154310.0,33260.0,2.266076,-2.011139,DEU,HUN,520952
10110682,71,102,7249,2004,9144.0,0.0,0.9784649999999999,2.051216,ESP,HUN,520952
10110683,77,102,7249,2004,4849.0,0.0,1.6003530000000001,0.643945,FRA,HUN,520952
10110684,100,102,7249,2004,11558.0,0.0,0.6669970000000001,1.088043,HRV,HUN,520952
10110685,111,102,7249,2004,9773.0,0.0,1.358057,1.11533,ITA,HUN,520952
10110686,177,102,7249,2004,8501.0,11902.0,1.019341,1.519452,POL,HUN,520952
10110687,185,102,7249,2004,0.0,2762.0,0.37241599999999997,1.015865,ROU,HUN,520952
10110688,186,102,7249,2004,0.0,958.0,0.8952399999999999,0.172896,RUS,HUN,520952
10110689,189,102,7249,2004,0.0,974.0,0.628071,2.210424,SCG,HUN,520952
10110690,206,102,7249,2004,40544.0,8814.0,1.2375120000000002,0.8777889999999999,SVK,HUN,520952
10110691,228,102,7249,2004,0.0,3159.0,0.8758040000000001,0.8195879999999999,UKR,HUN,520952
10110692,246,102,7249,2004,0.0,5148.0,0.460279,1.9736220000000002,ZAF,HUN,520952
10110693,24,107,7249,2004,0.0,12309.0,0.045344999999999996,-1.001059,BHR,IRN,520952
10110694,7,113,7249,2004,7174.0,0.0,0.1799,-0.34541900000000003,ARE,JOR,520952
10110695,43,113,7249,2004,11423.0,0.0,0.581548,2.8689880000000003,CHN,JOR,520952
10110696,224,113,7249,2004,9646.0,0.0,0.141454,1.9463599999999999,TUR,JOR,520952
10110697,43,116,7249,2004,4685.0,0.0,0.581548,2.8689880000000003,CHN,KEN,520952
10110698,97,116,7249,2004,304584.0,0.0,0.604825,2.098745,HKG,KEN,520952
10110699,104,116,7249,2004,202800.0,0.0,0.233348,2.790987,IND,KEN,520952
10110700,111,122,7249,2004,11288.0,0.0,1.358057,1.11533,ITA,KWT,520952
10110701,43,124,7249,2004,13192.0,0.0,0.581548,2.8689880000000003,CHN,LBN,520952
10110702,61,124,7249,2004,6781.0,0.0,2.266076,-2.011139,DEU,LBN,520952
10110703,71,124,7249,2004,21632.0,0.0,0.9784649999999999,2.051216,ESP,LBN,520952
10110704,77,124,7249,2004,2430.0,0.0,1.6003530000000001,0.643945,FRA,LBN,520952
10110705,111,124,7249,2004,6375.0,0.0,1.358057,1.11533,ITA,LBN,520952
10110706,162,124,7249,2004,8255.0,0.0,1.251808,1.586526,NLD,LBN,520952
10110707,18,130,7249,2004,101985.0,2417.0,1.350911,1.408209,BEL,LTU,520952
10110708,28,130,7249,2004,0.0,28146.0,0.8553139999999999,0.703926,BLR,LTU,520952
10110709,59,130,7249,2004,22724.0,0.0,1.562625,0.865244,CZE,LTU,520952
10110710,61,130,7249,2004,145377.0,0.0,2.266076,-2.011139,DEU,LTU,520952
10110711,64,130,7249,2004,31600.0,0.0,1.328968,1.262743,DNK,LTU,520952
10110712,72,130,7249,2004,0.0,2132.0,0.6101840000000001,0.9520370000000001,EST,LTU,520952
10110713,74,130,7249,2004,0.0,2084.0,2.000218,0.9867309999999999,FIN,LTU,520952
10110714,77,130,7249,2004,14525.0,0.0,1.6003530000000001,0.643945,FRA,LTU,520952
10110715,81,130,7249,2004,6362.0,0.0,1.843506,0.684779,GBR,LTU,520952
10110716,111,130,7249,2004,5187.0,0.0,1.358057,1.11533,ITA,LTU,520952
10110717,162,130,7249,2004,1148.0,0.0,1.251808,1.586526,NLD,LTU,520952
10110718,186,130,7249,2004,0.0,1801.0,0.8952399999999999,0.172896,RUS,LTU,520952
10110719,208,130,7249,2004,6771.0,13684.0,2.0522080000000003,0.8326969999999999,SWE,LTU,520952
10110720,224,130,7249,2004,2363.0,0.0,0.141454,1.9463599999999999,TUR,LTU,520952
10110721,61,132,7249,2004,8885.0,0.0,2.266076,-2.011139,DEU,LVA,520952
10110722,64,132,7249,2004,1789.0,0.0,1.328968,1.262743,DNK,LVA,520952
10110723,72,132,7249,2004,1606.0,0.0,0.6101840000000001,0.9520370000000001,EST,LVA,520952
10110724,74,132,7249,2004,11849.0,0.0,2.000218,0.9867309999999999,FIN,LVA,520952
10110725,111,132,7249,2004,4779.0,0.0,1.358057,1.11533,ITA,LVA,520952
10110726,162,132,7249,2004,4533.0,0.0,1.251808,1.586526,NLD,LVA,520952
10110727,186,132,7249,2004,31396.0,0.0,0.8952399999999999,0.172896,RUS,LVA,520952
10110728,208,132,7249,2004,897322.0,9296.0,2.0522080000000003,0.8326969999999999,SWE,LVA,520952
10110729,18,163,7249,2004,11117.0,0.0,1.350911,1.408209,BEL,NOR,520952
10110730,23,163,7249,2004,0.0,45179.0,0.35536,1.499182,BGR,NOR,520952
10110731,64,163,7249,2004,1110.0,0.0,1.328968,1.262743,DNK,NOR,520952
10110732,77,163,7249,2004,1165.0,0.0,1.6003530000000001,0.643945,FRA,NOR,520952
10110733,81,163,7249,2004,8466.0,0.0,1.843506,0.684779,GBR,NOR,520952
10110734,111,163,7249,2004,11906.0,0.0,1.358057,1.11533,ITA,NOR,520952
10110735,162,163,7249,2004,4983.0,0.0,1.251808,1.586526,NLD,NOR,520952
10110736,177,163,7249,2004,0.0,3955.0,1.019341,1.519452,POL,NOR,520952
10110737,179,163,7249,2004,9315.0,0.0,0.524524,1.901139,PRT,NOR,520952
10110738,208,163,7249,2004,4802.0,0.0,2.0522080000000003,0.8326969999999999,SWE,NOR,520952
10110739,231,163,7249,2004,2494.0,0.0,1.7598630000000002,0.066704,USA,NOR,520952
10110740,43,167,7249,2004,100194.0,0.0,0.581548,2.8689880000000003,CHN,OMN,520952
10110741,81,167,7249,2004,14914.0,0.0,1.843506,0.684779,GBR,OMN,520952
10110742,104,167,7249,2004,8168.0,0.0,0.233348,2.790987,IND,OMN,520952
10110743,14,168,7249,2004,0.0,3380.0,0.196641,0.8139460000000001,AUS,PAK,520952
10110744,18,168,7249,2004,0.0,51347.0,1.350911,1.408209,BEL,PAK,520952
10110745,23,168,7249,2004,0.0,6259.0,0.35536,1.499182,BGR,PAK,520952
10110746,39,168,7249,2004,0.0,32461.0,0.9392739999999999,1.19228,CAN,PAK,520952
10110747,43,168,7249,2004,0.0,442078.0,0.581548,2.8689880000000003,CHN,PAK,520952
10110748,61,168,7249,2004,0.0,17065.0,2.266076,-2.011139,DEU,PAK,520952
10110749,65,168,7249,2004,0.0,30365.0,-0.510025,-0.328257,DOM,PAK,520952
10110750,71,168,7249,2004,0.0,22419.0,0.9784649999999999,2.051216,ESP,PAK,520952
10110751,81,168,7249,2004,6274.0,49081.0,1.843506,0.684779,GBR,PAK,520952
10110752,97,168,7249,2004,104369.0,72013.0,0.604825,2.098745,HKG,PAK,520952
10110753,103,168,7249,2004,0.0,1299.0,-0.223644,1.719065,IDN,PAK,520952
10110754,128,168,7249,2004,0.0,21154.0,-0.658668,0.21912600000000002,LKA,PAK,520952
10110755,134,168,7249,2004,0.0,2050.0,-0.681556,-0.152372,MAR,PAK,520952
10110756,179,168,7249,2004,0.0,39359.0,0.524524,1.901139,PRT,PAK,520952
10110757,185,168,7249,2004,0.0,5834.0,0.37241599999999997,1.015865,ROU,PAK,520952
10110758,190,168,7249,2004,0.0,59087.0,-1.5346309999999999,-1.2599559999999999,SDN,PAK,520952
10110759,208,168,7249,2004,0.0,13840.0,2.0522080000000003,0.8326969999999999,SWE,PAK,520952
10110760,224,168,7249,2004,0.0,22686.0,0.141454,1.9463599999999999,TUR,PAK,520952
10110761,228,168,7249,2004,0.0,1744.0,0.8758040000000001,0.8195879999999999,UKR,PAK,520952
10110762,231,168,7249,2004,0.0,20760.0,1.7598630000000002,0.066704,USA,PAK,520952
10110763,246,168,7249,2004,0.0,11981.0,0.460279,1.9736220000000002,ZAF,PAK,520952
10110764,15,185,7249,2004,17569.0,0.0,1.825391,0.40553,AUT,ROU,520952
10110765,18,185,7249,2004,156806.0,4770.0,1.350911,1.408209,BEL,ROU,520952
10110766,43,185,7249,2004,1201.0,0.0,0.581548,2.8689880000000003,CHN,ROU,520952
10110767,59,185,7249,2004,139651.0,0.0,1.562625,0.865244,CZE,ROU,520952
10110768,61,185,7249,2004,4221473.0,10961.0,2.266076,-2.011139,DEU,ROU,520952
10110769,71,185,7249,2004,7896.0,0.0,0.9784649999999999,2.051216,ESP,ROU,520952
10110770,77,185,7249,2004,647261.0,0.0,1.6003530000000001,0.643945,FRA,ROU,520952
10110771,81,185,7249,2004,3650.0,0.0,1.843506,0.684779,GBR,ROU,520952
10110772,90,185,7249,2004,2199.0,0.0,0.348853,1.661656,GRC,ROU,520952
10110773,102,185,7249,2004,2762.0,0.0,1.207082,1.019714,HUN,ROU,520952
10110774,111,185,7249,2004,118686.0,0.0,1.358057,1.11533,ITA,ROU,520952
10110775,162,185,7249,2004,123848.0,0.0,1.251808,1.586526,NLD,ROU,520952
10110776,168,185,7249,2004,5834.0,0.0,-0.754143,0.25995100000000004,PAK,ROU,520952
10110777,224,185,7249,2004,55842.0,0.0,0.141454,1.9463599999999999,TUR,ROU,520952
10110778,43,188,7249,2004,975.0,0.0,0.581548,2.8689880000000003,CHN,SAU,520952
10110779,71,188,7249,2004,10545.0,0.0,0.9784649999999999,2.051216,ESP,SAU,520952
10110780,81,188,7249,2004,9790.0,0.0,1.843506,0.684779,GBR,SAU,520952
10110781,104,188,7249,2004,2401.0,0.0,0.233348,2.790987,IND,SAU,520952
10110782,111,188,7249,2004,2030.0,0.0,1.358057,1.11533,ITA,SAU,520952
10110783,162,188,7249,2004,13659.0,0.0,1.251808,1.586526,NLD,SAU,520952
10110784,231,188,7249,2004,24377.0,0.0,1.7598630000000002,0.066704,USA,SAU,520952
10110785,23,189,7249,2004,5589.0,0.0,0.35536,1.499182,BGR,SCG,520952
10110786,59,189,7249,2004,3866.0,0.0,1.562625,0.865244,CZE,SCG,520952
10110787,61,189,7249,2004,23417.0,0.0,2.266076,-2.011139,DEU,SCG,520952
10110788,102,189,7249,2004,974.0,0.0,1.207082,1.019714,HUN,SCG,520952
10110789,111,189,7249,2004,46839.0,0.0,1.358057,1.11533,ITA,SCG,520952
10110790,121,189,7249,2004,9262.0,0.0,1.3624690000000002,0.928342,KOR,SCG,520952
10110791,162,189,7249,2004,0.0,23826.0,1.251808,1.586526,NLD,SCG,520952
10110792,224,189,7249,2004,1298.0,0.0,0.141454,1.9463599999999999,TUR,SCG,520952
10110793,250,189,7249,2004,6348.0,0.0,0.509382,-0.30904299999999996,ANS,SCG,520952
10110794,43,192,7249,2004,4989.0,0.0,0.581548,2.8689880000000003,CHN,SGP,520952
10110795,61,192,7249,2004,2906.0,0.0,2.266076,-2.011139,DEU,SGP,520952
10110796,97,192,7249,2004,1373.0,0.0,0.604825,2.098745,HKG,SGP,520952
10110797,104,192,7249,2004,37946.0,0.0,0.233348,2.790987,IND,SGP,520952
10110798,111,192,7249,2004,1478.0,0.0,1.358057,1.11533,ITA,SGP,520952
10110799,114,192,7249,2004,2466.0,0.0,2.526624,0.452054,JPN,SGP,520952
10110800,153,192,7249,2004,0.0,13673.0,0.6710050000000001,0.17807,MYS,SGP,520952
10110801,211,192,7249,2004,0.0,2757.0,-0.12954100000000002,-0.713507,SYC,SGP,520952
10110802,15,206,7249,2004,10340.0,0.0,1.825391,0.40553,AUT,SVK,520952
10110803,18,206,7249,2004,83910.0,0.0,1.350911,1.408209,BEL,SVK,520952
10110804,59,206,7249,2004,68128.0,5688.0,1.562625,0.865244,CZE,SVK,520952
10110805,61,206,7249,2004,213238.0,12349.0,2.266076,-2.011139,DEU,SVK,520952
10110806,77,206,7249,2004,70042.0,0.0,1.6003530000000001,0.643945,FRA,SVK,520952
10110807,102,206,7249,2004,8814.0,40544.0,1.207082,1.019714,HUN,SVK,520952
10110808,111,206,7249,2004,20689.0,0.0,1.358057,1.11533,ITA,SVK,520952
10110809,162,206,7249,2004,8767.0,0.0,1.251808,1.586526,NLD,SVK,520952
10110810,208,206,7249,2004,1729.0,0.0,2.0522080000000003,0.8326969999999999,SWE,SVK,520952
10110811,224,206,7249,2004,12231.0,0.0,0.141454,1.9463599999999999,TUR,SVK,520952
10110812,228,206,7249,2004,0.0,27492.0,0.8758040000000001,0.8195879999999999,UKR,SVK,520952
10110813,250,206,7249,2004,6296.0,0.0,0.509382,-0.30904299999999996,ANS,SVK,520952
10110814,59,207,7249,2004,3616.0,0.0,1.562625,0.865244,CZE,SVN,520952
10110815,61,207,7249,2004,115813.0,17804.0,2.266076,-2.011139,DEU,SVN,520952
10110816,71,207,7249,2004,3965.0,1160.0,0.9784649999999999,2.051216,ESP,SVN,520952
10110817,77,207,7249,2004,23192.0,0.0,1.6003530000000001,0.643945,FRA,SVN,520952
10110818,81,207,7249,2004,3230.0,0.0,1.843506,0.684779,GBR,SVN,520952
10110819,100,207,7249,2004,0.0,4015.0,0.6669970000000001,1.088043,HRV,SVN,520952
10110820,111,207,7249,2004,23255.0,43131.0,1.358057,1.11533,ITA,SVN,520952
10110821,162,207,7249,2004,14006.0,0.0,1.251808,1.586526,NLD,SVN,520952
10110822,177,207,7249,2004,0.0,1326.0,1.019341,1.519452,POL,SVN,520952
10110823,224,207,7249,2004,4641.0,0.0,0.141454,1.9463599999999999,TUR,SVN,520952
10110824,250,207,7249,2004,9180.0,0.0,0.509382,-0.30904299999999996,ANS,SVN,520952
10110825,97,209,7249,2004,223755.0,0.0,0.604825,2.098745,HKG,SWZ,520952
10110826,18,223,7249,2004,511325.0,1520.0,1.350911,1.408209,BEL,TUN,520952
10110827,43,223,7249,2004,2331.0,0.0,0.581548,2.8689880000000003,CHN,TUN,520952
10110828,59,223,7249,2004,5336.0,0.0,1.562625,0.865244,CZE,TUN,520952
10110829,61,223,7249,2004,1230200.0,0.0,2.266076,-2.011139,DEU,TUN,520952
10110830,71,223,7249,2004,36280.0,0.0,0.9784649999999999,2.051216,ESP,TUN,520952
10110831,77,223,7249,2004,661529.0,0.0,1.6003530000000001,0.643945,FRA,TUN,520952
10110832,111,223,7249,2004,910073.0,0.0,1.358057,1.11533,ITA,TUN,520952
10110833,121,223,7249,2004,0.0,40649.0,1.3624690000000002,0.928342,KOR,TUN,520952
10110834,162,223,7249,2004,1023818.0,0.0,1.251808,1.586526,NLD,TUN,520952
10110835,15,224,7249,2004,0.0,19935.0,1.825391,0.40553,AUT,TUR,520952
10110836,18,224,7249,2004,62464.0,106376.0,1.350911,1.408209,BEL,TUR,520952
10110837,23,224,7249,2004,0.0,16758.0,0.35536,1.499182,BGR,TUR,520952
10110838,32,224,7249,2004,53617.0,0.0,0.540718,1.149065,BRA,TUR,520952
10110839,39,224,7249,2004,0.0,12149.0,0.9392739999999999,1.19228,CAN,TUR,520952
10110840,43,224,7249,2004,12864.0,0.0,0.581548,2.8689880000000003,CHN,TUR,520952
10110841,49,224,7249,2004,0.0,103671.0,0.033128,0.47524799999999995,COL,TUR,520952
10110842,59,224,7249,2004,0.0,6987.0,1.562625,0.865244,CZE,TUR,520952
10110843,61,224,7249,2004,1067864.0,52612.0,2.266076,-2.011139,DEU,TUR,520952
10110844,71,224,7249,2004,214574.0,0.0,0.9784649999999999,2.051216,ESP,TUR,520952
10110845,72,224,7249,2004,0.0,1036.0,0.6101840000000001,0.9520370000000001,EST,TUR,520952
10110846,77,224,7249,2004,6145.0,54416.0,1.6003530000000001,0.643945,FRA,TUR,520952
10110847,81,224,7249,2004,3574.0,42000.0,1.843506,0.684779,GBR,TUR,520952
10110848,103,224,7249,2004,223280.0,0.0,-0.223644,1.719065,IDN,TUR,520952
10110849,104,224,7249,2004,5576.0,0.0,0.233348,2.790987,IND,TUR,520952
10110850,110,224,7249,2004,0.0,17012.0,1.250393,0.8003979999999999,ISR,TUR,520952
10110851,111,224,7249,2004,2689779.0,0.0,1.358057,1.11533,ITA,TUR,520952
10110852,113,224,7249,2004,0.0,9646.0,0.152989,0.385845,JOR,TUR,520952
10110853,114,224,7249,2004,0.0,1881.0,2.526624,0.452054,JPN,TUR,520952
10110854,130,224,7249,2004,0.0,2363.0,0.403568,0.632707,LTU,TUR,520952
10110855,134,224,7249,2004,0.0,22842.0,-0.681556,-0.152372,MAR,TUR,520952
10110856,140,224,7249,2004,0.0,2439.0,-0.091013,0.190649,MKD,TUR,520952
10110857,162,224,7249,2004,24972.0,236296.0,1.251808,1.586526,NLD,TUR,520952
10110858,168,224,7249,2004,22686.0,0.0,-0.754143,0.25995100000000004,PAK,TUR,520952
10110859,177,224,7249,2004,0.0,42828.0,1.019341,1.519452,POL,TUR,520952
10110860,185,224,7249,2004,0.0,55842.0,0.37241599999999997,1.015865,ROU,TUR,520952
10110861,186,224,7249,2004,0.0,509721.0,0.8952399999999999,0.172896,RUS,TUR,520952
10110862,189,224,7249,2004,0.0,1298.0,0.628071,2.210424,SCG,TUR,520952
10110863,206,224,7249,2004,0.0,12231.0,1.2375120000000002,0.8777889999999999,SVK,TUR,520952
10110864,207,224,7249,2004,0.0,4641.0,1.628643,1.02381,SVN,TUR,520952
10110865,208,224,7249,2004,2373.0,118545.0,2.0522080000000003,0.8326969999999999,SWE,TUR,520952
10110866,228,224,7249,2004,0.0,90395.0,0.8758040000000001,0.8195879999999999,UKR,TUR,520952
10110867,231,224,7249,2004,4465.0,16495.0,1.7598630000000002,0.066704,USA,TUR,520952
10110868,250,224,7249,2004,49246.0,100784.0,0.509382,-0.30904299999999996,ANS,TUR,520952
10110869,15,228,7249,2004,5939.0,0.0,1.825391,0.40553,AUT,UKR,520952
10110870,18,228,7249,2004,28096.0,0.0,1.350911,1.408209,BEL,UKR,520952
10110871,43,228,7249,2004,18504.0,0.0,0.581548,2.8689880000000003,CHN,UKR,520952
10110872,59,228,7249,2004,40111.0,0.0,1.562625,0.865244,CZE,UKR,520952
10110873,61,228,7249,2004,851718.0,0.0,2.266076,-2.011139,DEU,UKR,520952
10110874,68,228,7249,2004,1897.0,0.0,-0.300563,0.41834899999999997,EGY,UKR,520952
10110875,77,228,7249,2004,41409.0,0.0,1.6003530000000001,0.643945,FRA,UKR,520952
10110876,81,228,7249,2004,28022.0,0.0,1.843506,0.684779,GBR,UKR,520952
10110877,102,228,7249,2004,3159.0,0.0,1.207082,1.019714,HUN,UKR,520952
10110878,111,228,7249,2004,70896.0,0.0,1.358057,1.11533,ITA,UKR,520952
10110879,162,228,7249,2004,29594.0,0.0,1.251808,1.586526,NLD,UKR,520952
10110880,168,228,7249,2004,1744.0,0.0,-0.754143,0.25995100000000004,PAK,UKR,520952
10110881,177,228,7249,2004,2387.0,0.0,1.019341,1.519452,POL,UKR,520952
10110882,186,228,7249,2004,312924.0,0.0,0.8952399999999999,0.172896,RUS,UKR,520952
10110883,206,228,7249,2004,27492.0,0.0,1.2375120000000002,0.8777889999999999,SVK,UKR,520952
10110884,217,228,7249,2004,5281.0,0.0,-0.608564,-1.021599,TJK,UKR,520952
10110885,224,228,7249,2004,90395.0,0.0,0.141454,1.9463599999999999,TUR,UKR,520952
10110886,162,19,7249,2004,13450.0,0.0,1.251808,1.586526,NLD,BEN,520952
10110887,8,42,7249,2004,0.0,12128.0,0.28128600000000004,0.64115,ARG,CHL,520952
10110888,32,42,7249,2004,31475.0,0.0,0.540718,1.149065,BRA,CHL,520952
10110889,43,42,7249,2004,10137.0,0.0,0.581548,2.8689880000000003,CHN,CHL,520952
10110890,121,42,7249,2004,1058.0,0.0,1.3624690000000002,0.928342,KOR,CHL,520952
10110891,173,42,7249,2004,0.0,2347.0,-0.564244,0.131232,PER,CHL,520952
10110892,236,42,7249,2004,0.0,70194.0,0.048698000000000005,-0.899776,VEN,CHL,520952
10110893,45,44,7249,2004,0.0,5327.0,-1.604916,-1.217399,CMR,CIV,520952
10110894,246,44,7249,2004,0.0,2147.0,0.460279,1.9736220000000002,ZAF,CIV,520952
10110895,44,45,7249,2004,5327.0,0.0,-0.8490979999999999,-0.754732,CIV,CMR,520952
10110896,61,58,7249,2004,1960.0,0.0,2.266076,-2.011139,DEU,CYP,520952
10110897,71,58,7249,2004,2636.0,0.0,0.9784649999999999,2.051216,ESP,CYP,520952
10110898,111,58,7249,2004,18910.0,0.0,1.358057,1.11533,ITA,CYP,520952
10110899,103,80,7249,2004,4819.0,0.0,-0.223644,1.719065,IDN,GAB,520952
10110900,43,133,7249,2004,17495.0,5590.0,0.581548,2.8689880000000003,CHN,MAC,520952
10110901,77,133,7249,2004,2158.0,0.0,1.6003530000000001,0.643945,FRA,MAC,520952
10110902,97,133,7249,2004,61680.0,0.0,0.604825,2.098745,HKG,MAC,520952
10110903,114,133,7249,2004,18260.0,0.0,2.526624,0.452054,JPN,MAC,520952
10110904,231,133,7249,2004,6943.0,0.0,1.7598630000000002,0.066704,USA,MAC,520952
10110905,18,134,7249,2004,155296.0,0.0,1.350911,1.408209,BEL,MAR,520952
10110906,43,134,7249,2004,21251.0,0.0,0.581548,2.8689880000000003,CHN,MAR,520952
10110907,59,134,7249,2004,42485.0,0.0,1.562625,0.865244,CZE,MAR,520952
10110908,61,134,7249,2004,491004.0,0.0,2.266076,-2.011139,DEU,MAR,520952
10110909,71,134,7249,2004,114516.0,1902.0,0.9784649999999999,2.051216,ESP,MAR,520952
10110910,77,134,7249,2004,794760.0,12382.0,1.6003530000000001,0.643945,FRA,MAR,520952
10110911,81,134,7249,2004,336789.0,0.0,1.843506,0.684779,GBR,MAR,520952
10110912,111,134,7249,2004,147031.0,0.0,1.358057,1.11533,ITA,MAR,520952
10110913,162,134,7249,2004,25829.0,0.0,1.251808,1.586526,NLD,MAR,520952
10110914,168,134,7249,2004,2050.0,0.0,-0.754143,0.25995100000000004,PAK,MAR,520952
10110915,179,134,7249,2004,129697.0,0.0,0.524524,1.901139,PRT,MAR,520952
10110916,217,134,7249,2004,34750.0,0.0,-0.608564,-1.021599,TJK,MAR,520952
10110917,224,134,7249,2004,22842.0,0.0,0.141454,1.9463599999999999,TUR,MAR,520952
10110918,250,134,7249,2004,9506.0,0.0,0.509382,-0.30904299999999996,ANS,MAR,520952
10110919,18,141,7249,2004,6827.0,0.0,1.350911,1.408209,BEL,MLI,520952
10110920,162,141,7249,2004,4710.0,0.0,1.251808,1.586526,NLD,MLI,520952
10110921,71,142,7249,2004,9369.0,0.0,0.9784649999999999,2.051216,ESP,MLT,520952
10110922,81,142,7249,2004,1775.0,0.0,1.843506,0.684779,GBR,MLT,520952
10110923,7,151,7249,2004,1529.0,0.0,0.1799,-0.34541900000000003,ARE,MUS,520952
10110924,77,151,7249,2004,6986.0,0.0,1.6003530000000001,0.643945,FRA,MUS,520952
10110925,97,151,7249,2004,42379.0,0.0,0.604825,2.098745,HKG,MUS,520952
10110926,111,151,7249,2004,34230.0,0.0,1.358057,1.11533,ITA,MUS,520952
10110927,136,151,7249,2004,3193.0,37713.0,-1.355542,-0.634409,MDG,MUS,520952
10110928,248,151,7249,2004,1155.0,0.0,-0.560593,-0.091112,ZWE,MUS,520952
10110929,18,179,7249,2004,29753.0,3847.0,1.350911,1.408209,BEL,PRT,520952
10110930,23,179,7249,2004,0.0,20057.0,0.35536,1.499182,BGR,PRT,520952
10110931,32,179,7249,2004,11674.0,0.0,0.540718,1.149065,BRA,PRT,520952
10110932,43,179,7249,2004,1458.0,0.0,0.581548,2.8689880000000003,CHN,PRT,520952
10110933,51,179,7249,2004,0.0,1488.0,-0.160185,-0.729291,CPV,PRT,520952
10110934,61,179,7249,2004,499100.0,15757.0,2.266076,-2.011139,DEU,PRT,520952
10110935,71,179,7249,2004,238690.0,23965.0,0.9784649999999999,2.051216,ESP,PRT,520952
10110936,74,179,7249,2004,0.0,12009.0,2.000218,0.9867309999999999,FIN,PRT,520952
10110937,77,179,7249,2004,79740.0,87572.0,1.6003530000000001,0.643945,FRA,PRT,520952
10110938,81,179,7249,2004,49366.0,2582.0,1.843506,0.684779,GBR,PRT,520952
10110939,111,179,7249,2004,574054.0,78383.0,1.358057,1.11533,ITA,PRT,520952
10110940,134,179,7249,2004,0.0,129697.0,-0.681556,-0.152372,MAR,PRT,520952
10110941,153,179,7249,2004,0.0,1636.0,0.6710050000000001,0.17807,MYS,PRT,520952
10110942,162,179,7249,2004,0.0,5308.0,1.251808,1.586526,NLD,PRT,520952
10110943,163,179,7249,2004,0.0,9315.0,1.10162,0.118709,NOR,PRT,520952
10110944,168,179,7249,2004,39359.0,0.0,-0.754143,0.25995100000000004,PAK,PRT,520952
10110945,177,179,7249,2004,0.0,66685.0,1.019341,1.519452,POL,PRT,520952
10110946,203,179,7249,2004,0.0,8807.0,0.7482850000000001,-0.14005499999999999,STP,PRT,520952
10110947,208,179,7249,2004,1512.0,0.0,2.0522080000000003,0.8326969999999999,SWE,PRT,520952
10110948,231,179,7249,2004,0.0,55905.0,1.7598630000000002,0.066704,USA,PRT,520952
10110949,249,179,7249,2004,6024.0,0.0,1.626307,1.358315,TWN,PRT,520952
10110950,81,183,7249,2004,1491.0,0.0,1.843506,0.684779,GBR,QAT,520952
10110951,97,183,7249,2004,8335.0,0.0,0.604825,2.098745,HKG,QAT,520952
10110952,104,191,7249,2004,7078.0,0.0,0.233348,2.790987,IND,SEN,520952
10110953,179,203,7249,2004,8807.0,0.0,0.524524,1.901139,PRT,STP,520952
10110954,43,212,7249,2004,15826.0,0.0,0.581548,2.8689880000000003,CHN,SYR,520952
10110955,43,239,7249,2004,341158.0,0.0,0.581548,2.8689880000000003,CHN,VNM,520952
10110956,61,239,7249,2004,6869.0,0.0,2.266076,-2.011139,DEU,VNM,520952
10110957,64,239,7249,2004,2374.0,0.0,1.328968,1.262743,DNK,VNM,520952
10110958,97,239,7249,2004,309986.0,0.0,0.604825,2.098745,HKG,VNM,520952
10110959,103,239,7249,2004,20372.0,0.0,-0.223644,1.719065,IDN,VNM,520952
10110960,104,239,7249,2004,80625.0,0.0,0.233348,2.790987,IND,VNM,520952
10110961,114,239,7249,2004,15040.0,0.0,2.526624,0.452054,JPN,VNM,520952
10110962,121,239,7249,2004,31269.0,0.0,1.3624690000000002,0.928342,KOR,VNM,520952
10110963,216,239,7249,2004,21968.0,0.0,0.5150359999999999,1.583019,THA,VNM,520952
10110964,231,239,7249,2004,4575.0,0.0,1.7598630000000002,0.066704,USA,VNM,520952
10110965,249,239,7249,2004,91772.0,0.0,1.626307,1.358315,TWN,VNM,520952
10110966,104,247,7249,2004,5271.0,0.0,0.233348,2.790987,IND,ZMB,520952
10110967,71,248,7249,2004,0.0,1229.0,0.9784649999999999,2.051216,ESP,ZWE,520952
10110968,87,248,7249,2004,16079.0,0.0,-0.135943,-0.226541,GMB,ZWE,520952
10110969,97,248,7249,2004,20306.0,0.0,0.604825,2.098745,HKG,ZWE,520952
10110970,111,248,7249,2004,0.0,4484.0,1.358057,1.11533,ITA,ZWE,520952
10110971,151,248,7249,2004,0.0,1155.0,-0.374754,-0.288504,MUS,ZWE,520952
10110972,246,248,7249,2004,0.0,374663.0,0.460279,1.9736220000000002,ZAF,ZWE,520952
10110973,250,248,7249,2004,0.0,12178.0,0.509382,-0.30904299999999996,ANS,ZWE,520952
10110974,61,82,7249,2004,5571.0,0.0,2.266076,-2.011139,DEU,GEO,520952
10110975,18,135,7249,2004,71958.0,0.0,1.350911,1.408209,BEL,MDA,520952
10110976,61,135,7249,2004,110241.0,0.0,2.266076,-2.011139,DEU,MDA,520952
10110977,77,135,7249,2004,30306.0,0.0,1.6003530000000001,0.643945,FRA,MDA,520952
10110978,111,135,7249,2004,21140.0,0.0,1.358057,1.11533,ITA,MDA,520952
10110979,186,135,7249,2004,60962.0,0.0,0.8952399999999999,0.172896,RUS,MDA,520952
10110980,18,140,7249,2004,6360.0,0.0,1.350911,1.408209,BEL,MKD,520952
10110981,61,140,7249,2004,459729.0,0.0,2.266076,-2.011139,DEU,MKD,520952
10110982,111,140,7249,2004,4835.0,0.0,1.358057,1.11533,ITA,MKD,520952
10110983,162,140,7249,2004,211000.0,0.0,1.251808,1.586526,NLD,MKD,520952
10110984,224,140,7249,2004,2439.0,0.0,0.141454,1.9463599999999999,TUR,MKD,520952
10110985,114,178,7249,2004,2016.0,0.0,2.526624,0.452054,JPN,PRK,520952
10110986,32,31,7249,2004,8419.0,0.0,0.540718,1.149065,BRA,BOL,520952
10110987,104,159,7249,2004,58195.0,0.0,0.233348,2.790987,IND,NGA,520952
10110988,43,160,7249,2004,165674.0,0.0,0.581548,2.8689880000000003,CHN,NIC,520952
10110989,97,160,7249,2004,6430.0,0.0,0.604825,2.098745,HKG,NIC,520952
10110990,18,47,7249,2004,75911.0,0.0,1.350911,1.408209,BEL,COG,520952
10110991,14,75,7249,2004,6117.0,0.0,0.196641,0.8139460000000001,AUS,FJI,520952
10110992,166,75,7249,2004,5339.0,1154.0,0.567392,0.965781,NZL,FJI,520952
10110993,249,75,7249,2004,1944.0,0.0,1.626307,1.358315,TWN,FJI,520952
10110994,248,87,7249,2004,0.0,16079.0,-0.560593,-0.091112,ZWE,GMB,520952
10110995,43,118,7249,2004,770838.0,0.0,0.581548,2.8689880000000003,CHN,KHM,520952
10110996,97,118,7249,2004,280481.0,0.0,0.604825,2.098745,HKG,KHM,520952
10110997,71,126,7249,2004,58566.0,0.0,0.9784649999999999,2.051216,ESP,LBY,520952
10110998,14,136,7249,2004,1401.0,0.0,0.196641,0.8139460000000001,AUS,MDG,520952
10110999,43,136,7249,2004,5829.0,0.0,0.581548,2.8689880000000003,CHN,MDG,520952
10111000,97,136,7249,2004,6007.0,0.0,0.604825,2.098745,HKG,MDG,520952
10111001,111,136,7249,2004,1523.0,0.0,1.358057,1.11533,ITA,MDG,520952
10111002,151,136,7249,2004,37713.0,3193.0,-0.374754,-0.288504,MUS,MDG,520952
10111003,162,136,7249,2004,4203.0,0.0,1.251808,1.586526,NLD,MDG,520952
10111004,114,143,7249,2004,3441.0,0.0,2.526624,0.452054,JPN,MMR,520952
10111005,121,143,7249,2004,2340.0,0.0,1.3624690000000002,0.928342,KOR,MMR,520952
10111006,104,164,7249,2004,46330.0,0.0,0.233348,2.790987,IND,NPL,520952
10111007,77,182,7249,2004,13408.0,0.0,1.6003530000000001,0.643945,FRA,PYF,520952
10111008,192,211,7249,2004,2757.0,0.0,1.6409779999999998,0.634947,SGP,SYC,520952
10111009,104,215,7249,2004,283787.0,0.0,0.233348,2.790987,IND,TGO,520952
10111010,134,217,7249,2004,0.0,34750.0,-0.681556,-0.152372,MAR,TJK,520952
10111011,228,217,7249,2004,0.0,5281.0,0.8758040000000001,0.8195879999999999,UKR,TJK,520952
10111012,104,2,7249,2004,60970.0,0.0,0.233348,2.790987,IND,AGO,520952
10111013,111,2,7249,2004,3979.0,0.0,1.358057,1.11533,ITA,AGO,520952
10111014,18,46,7249,2004,280844.0,0.0,1.350911,1.408209,BEL,COD,520952
10111015,179,51,7249,2004,1488.0,0.0,0.524524,1.901139,PRT,CPV,520952
10111016,77,156,7249,2004,1969.0,0.0,1.6003530000000001,0.643945,FRA,NCL,520952
10111017,162,156,7249,2004,1670.0,0.0,1.251808,1.586526,NLD,NCL,520952
10111018,49,250,7249,2004,0.0,3769.0,0.033128,0.47524799999999995,COL,ANS,520952
10111019,59,250,7249,2004,0.0,51377.0,1.562625,0.865244,CZE,ANS,520952
10111020,61,250,7249,2004,1612.0,0.0,2.266076,-2.011139,DEU,ANS,520952
10111021,72,250,7249,2004,0.0,35369.0,0.6101840000000001,0.9520370000000001,EST,ANS,520952
10111022,121,250,7249,2004,102420.0,0.0,1.3624690000000002,0.928342,KOR,ANS,520952
10111023,134,250,7249,2004,0.0,9506.0,-0.681556,-0.152372,MAR,ANS,520952
10111024,189,250,7249,2004,0.0,6348.0,0.628071,2.210424,SCG,ANS,520952
10111025,206,250,7249,2004,0.0,6296.0,1.2375120000000002,0.8777889999999999,SVK,ANS,520952
10111026,207,250,7249,2004,0.0,9180.0,1.628643,1.02381,SVN,ANS,520952
10111027,224,250,7249,2004,100784.0,49246.0,0.141454,1.9463599999999999,TUR,ANS,520952
10111028,248,250,7249,2004,12178.0,0.0,-0.560593,-0.091112,ZWE,ANS,520952
10111029,162,123,7249,2004,34835.0,0.0,1.251808,1.586526,NLD,LAO,520952
10111030,32,8,7252,2004,108871.0,0.0,0.540718,1.149065,BRA,ARG,521012
10111031,168,8,7252,2004,28795.0,0.0,-0.754143,0.25995100000000004,PAK,ARG,521012
10111032,71,14,7252,2004,4972.0,0.0,0.9784649999999999,2.051216,ESP,AUS,521012
10111033,111,14,7252,2004,8453.0,0.0,1.358057,1.11533,ITA,AUS,521012
10111034,121,14,7252,2004,5289.0,0.0,1.3624690000000002,0.928342,KOR,AUS,521012
10111035,168,14,7252,2004,69034.0,0.0,-0.754143,0.25995100000000004,PAK,AUS,521012
10111036,41,15,7252,2004,170405.0,37900.0,2.151471,0.7196279999999999,CHE,AUT,521012
10111037,59,15,7252,2004,0.0,18203.0,1.562625,0.865244,CZE,AUT,521012
10111038,61,15,7252,2004,6930.0,1405343.0,2.266076,-2.011139,DEU,AUT,521012
10111039,77,15,7252,2004,0.0,1183.0,1.6003530000000001,0.643945,FRA,AUT,521012
10111040,90,15,7252,2004,0.0,1829.0,0.348853,1.661656,GRC,AUT,521012
10111041,102,15,7252,2004,0.0,29905.0,1.207082,1.019714,HUN,AUT,521012
10111042,111,15,7252,2004,49835.0,54095.0,1.358057,1.11533,ITA,AUT,521012
10111043,177,15,7252,2004,0.0,1470.0,1.019341,1.519452,POL,AUT,521012
10111044,24,18,7252,2004,11122.0,0.0,0.045344999999999996,-1.001059,BHR,BEL,521012
10111045,43,18,7252,2004,103653.0,0.0,0.581548,2.8689880000000003,CHN,BEL,521012
10111046,61,18,7252,2004,0.0,177232.0,2.266076,-2.011139,DEU,BEL,521012
10111047,71,18,7252,2004,7533.0,0.0,0.9784649999999999,2.051216,ESP,BEL,521012
10111048,77,18,7252,2004,657101.0,119769.0,1.6003530000000001,0.643945,FRA,BEL,521012
10111049,81,18,7252,2004,58472.0,18920.0,1.843506,0.684779,GBR,BEL,521012
10111050,103,18,7252,2004,39168.0,0.0,-0.223644,1.719065,IDN,BEL,521012
10111051,104,18,7252,2004,6401.0,0.0,0.233348,2.790987,IND,BEL,521012
10111052,111,18,7252,2004,2228.0,0.0,1.358057,1.11533,ITA,BEL,521012
10111053,132,18,7252,2004,0.0,7254.0,0.413821,0.627853,LVA,BEL,521012
10111054,134,18,7252,2004,0.0,18032.0,-0.681556,-0.152372,MAR,BEL,521012
10111055,162,18,7252,2004,0.0,14053.0,1.251808,1.586526,NLD,BEL,521012
10111056,168,18,7252,2004,103492.0,0.0,-0.754143,0.25995100000000004,PAK,BEL,521012
10111057,185,18,7252,2004,0.0,2726.0,0.37241599999999997,1.015865,ROU,BEL,521012
10111058,217,18,7252,2004,7856.0,0.0,-0.608564,-1.021599,TJK,BEL,521012
10111059,231,25,7252,2004,10722.0,0.0,1.7598630000000002,0.066704,USA,BHS,521012
10111060,8,32,7252,2004,0.0,108871.0,0.28128600000000004,0.64115,ARG,BRA,521012
10111061,111,32,7252,2004,0.0,1514.0,1.358057,1.11533,ITA,BRA,521012
10111062,179,32,7252,2004,12533.0,0.0,0.524524,1.901139,PRT,BRA,521012
10111063,41,39,7252,2004,5094.0,0.0,2.151471,0.7196279999999999,CHE,CAN,521012
10111064,71,39,7252,2004,1658.0,0.0,0.9784649999999999,2.051216,ESP,CAN,521012
10111065,111,39,7252,2004,66317.0,0.0,1.358057,1.11533,ITA,CAN,521012
10111066,231,39,7252,2004,25615.0,1186576.0,1.7598630000000002,0.066704,USA,CAN,521012
10111067,249,39,7252,2004,55697.0,0.0,1.626307,1.358315,TWN,CAN,521012
10111068,15,41,7252,2004,37900.0,170405.0,1.825391,0.40553,AUT,CHE,521012
10111069,39,41,7252,2004,0.0,5094.0,0.9392739999999999,1.19228,CAN,CHE,521012
10111070,61,41,7252,2004,67387.0,6116.0,2.266076,-2.011139,DEU,CHE,521012
10111071,71,41,7252,2004,0.0,7185.0,0.9784649999999999,2.051216,ESP,CHE,521012
10111072,77,41,7252,2004,0.0,12545.0,1.6003530000000001,0.643945,FRA,CHE,521012
10111073,111,41,7252,2004,15877.0,116012.0,1.358057,1.11533,ITA,CHE,521012
10111074,177,41,7252,2004,0.0,9894.0,1.019341,1.519452,POL,CHE,521012
10111075,231,41,7252,2004,0.0,2802.0,1.7598630000000002,0.066704,USA,CHE,521012
10111076,18,43,7252,2004,0.0,103653.0,1.350911,1.408209,BEL,CHN,521012
10111077,22,43,7252,2004,0.0,77101.0,-1.150444,-0.885333,BGD,CHN,521012
10111078,61,43,7252,2004,0.0,3204.0,2.266076,-2.011139,DEU,CHN,521012
10111079,71,43,7252,2004,7225.0,0.0,0.9784649999999999,2.051216,ESP,CHN,521012
10111080,77,43,7252,2004,1659.0,0.0,1.6003530000000001,0.643945,FRA,CHN,521012
10111081,97,43,7252,2004,2535252.0,147046.0,0.604825,2.098745,HKG,CHN,521012
10111082,111,43,7252,2004,17600.0,2405.0,1.358057,1.11533,ITA,CHN,521012
10111083,114,43,7252,2004,112328.0,163993.0,2.526624,0.452054,JPN,CHN,521012
10111084,121,43,7252,2004,122116.0,503796.0,1.3624690000000002,0.928342,KOR,CHN,521012
10111085,128,43,7252,2004,0.0,98470.0,-0.658668,0.21912600000000002,LKA,CHN,521012
10111086,136,43,7252,2004,0.0,7235.0,-1.355542,-0.634409,MDG,CHN,521012
10111087,192,43,7252,2004,0.0,88460.0,1.6409779999999998,0.634947,SGP,CHN,521012
10111088,216,43,7252,2004,0.0,17782.0,0.5150359999999999,1.583019,THA,CHN,521012
10111089,249,43,7252,2004,68088.0,0.0,1.626307,1.358315,TWN,CHN,521012
10111090,111,49,7252,2004,1138.0,0.0,1.358057,1.11533,ITA,COL,521012
10111091,138,52,7252,2004,4463.0,0.0,0.868684,0.85506,MEX,CRI,521012
10111092,15,61,7252,2004,1405343.0,6930.0,1.825391,0.40553,AUT,DEU,521012
10111093,18,61,7252,2004,177232.0,0.0,1.350911,1.408209,BEL,DEU,521012
10111094,23,61,7252,2004,0.0,42621.0,0.35536,1.499182,BGR,DEU,521012
10111095,41,61,7252,2004,6116.0,67387.0,2.151471,0.7196279999999999,CHE,DEU,521012
10111096,43,61,7252,2004,3204.0,0.0,0.581548,2.8689880000000003,CHN,DEU,521012
10111097,59,61,7252,2004,194183.0,32745.0,1.562625,0.865244,CZE,DEU,521012
10111098,71,61,7252,2004,4970.0,1409.0,0.9784649999999999,2.051216,ESP,DEU,521012
10111099,77,61,7252,2004,162764.0,26799.0,1.6003530000000001,0.643945,FRA,DEU,521012
10111100,81,61,7252,2004,943.0,2830.0,1.843506,0.684779,GBR,DEU,521012
10111101,100,61,7252,2004,0.0,56343.0,0.6669970000000001,1.088043,HRV,DEU,521012
10111102,103,61,7252,2004,285155.0,0.0,-0.223644,1.719065,IDN,DEU,521012
10111103,104,61,7252,2004,0.0,19137.0,0.233348,2.790987,IND,DEU,521012
10111104,111,61,7252,2004,446268.0,166736.0,1.358057,1.11533,ITA,DEU,521012
10111105,134,61,7252,2004,0.0,2443.0,-0.681556,-0.152372,MAR,DEU,521012
10111106,140,61,7252,2004,0.0,64993.0,-0.091013,0.190649,MKD,DEU,521012
10111107,153,61,7252,2004,540362.0,0.0,0.6710050000000001,0.17807,MYS,DEU,521012
10111108,162,61,7252,2004,157944.0,28348.0,1.251808,1.586526,NLD,DEU,521012
10111109,168,61,7252,2004,22108.0,0.0,-0.754143,0.25995100000000004,PAK,DEU,521012
10111110,177,61,7252,2004,1836.0,89353.0,1.019341,1.519452,POL,DEU,521012
10111111,179,61,7252,2004,52838.0,1144.0,0.524524,1.901139,PRT,DEU,521012
10111112,185,61,7252,2004,0.0,61764.0,0.37241599999999997,1.015865,ROU,DEU,521012
10111113,189,61,7252,2004,0.0,4879.0,0.628071,2.210424,SCG,DEU,521012
10111114,206,61,7252,2004,18842.0,987.0,1.2375120000000002,0.8777889999999999,SVK,DEU,521012
10111115,223,61,7252,2004,0.0,33536.0,-0.195751,0.335147,TUN,DEU,521012
10111116,224,61,7252,2004,243099.0,8848.0,0.141454,1.9463599999999999,TUR,DEU,521012
10111117,228,61,7252,2004,0.0,16915.0,0.8758040000000001,0.8195879999999999,UKR,DEU,521012
10111118,231,61,7252,2004,16001.0,0.0,1.7598630000000002,0.066704,USA,DEU,521012
10111119,71,64,7252,2004,14879.0,0.0,0.9784649999999999,2.051216,ESP,DNK,521012
10111120,74,64,7252,2004,0.0,1594.0,2.000218,0.9867309999999999,FIN,DNK,521012
10111121,132,64,7252,2004,0.0,1496.0,0.413821,0.627853,LVA,DNK,521012
10111122,163,64,7252,2004,0.0,6732.0,1.10162,0.118709,NOR,DNK,521012
10111123,208,64,7252,2004,0.0,1707.0,2.0522080000000003,0.8326969999999999,SWE,DNK,521012
10111124,224,64,7252,2004,1048.0,0.0,0.141454,1.9463599999999999,TUR,DNK,521012
10111125,71,65,7252,2004,2317.0,0.0,0.9784649999999999,2.051216,ESP,DOM,521012
10111126,97,65,7252,2004,1442.0,0.0,0.604825,2.098745,HKG,DOM,521012
10111127,111,65,7252,2004,875.0,0.0,1.358057,1.11533,ITA,DOM,521012
10111128,121,65,7252,2004,315089.0,0.0,1.3624690000000002,0.928342,KOR,DOM,521012
10111129,231,65,7252,2004,379279.0,0.0,1.7598630000000002,0.066704,USA,DOM,521012
10111130,14,71,7252,2004,0.0,4972.0,0.196641,0.8139460000000001,AUS,ESP,521012
10111131,18,71,7252,2004,0.0,7533.0,1.350911,1.408209,BEL,ESP,521012
10111132,39,71,7252,2004,0.0,1658.0,0.9392739999999999,1.19228,CAN,ESP,521012
10111133,41,71,7252,2004,7185.0,0.0,2.151471,0.7196279999999999,CHE,ESP,521012
10111134,43,71,7252,2004,0.0,7225.0,0.581548,2.8689880000000003,CHN,ESP,521012
10111135,58,71,7252,2004,0.0,6976.0,0.533521,0.615939,CYP,ESP,521012
10111136,59,71,7252,2004,0.0,1596.0,1.562625,0.865244,CZE,ESP,521012
10111137,61,71,7252,2004,1409.0,4970.0,2.266076,-2.011139,DEU,ESP,521012
10111138,64,71,7252,2004,0.0,14879.0,1.328968,1.262743,DNK,ESP,521012
10111139,65,71,7252,2004,0.0,2317.0,-0.510025,-0.328257,DOM,ESP,521012
10111140,74,71,7252,2004,0.0,7400.0,2.000218,0.9867309999999999,FIN,ESP,521012
10111141,77,71,7252,2004,720787.0,197400.0,1.6003530000000001,0.643945,FRA,ESP,521012
10111142,81,71,7252,2004,0.0,2343.0,1.843506,0.684779,GBR,ESP,521012
10111143,90,71,7252,2004,0.0,11584.0,0.348853,1.661656,GRC,ESP,521012
10111144,102,71,7252,2004,0.0,3829.0,1.207082,1.019714,HUN,ESP,521012
10111145,103,71,7252,2004,32490.0,0.0,-0.223644,1.719065,IDN,ESP,521012
10111146,110,71,7252,2004,0.0,5602.0,1.250393,0.8003979999999999,ISR,ESP,521012
10111147,111,71,7252,2004,245254.0,26853.0,1.358057,1.11533,ITA,ESP,521012
10111148,114,71,7252,2004,0.0,1204.0,2.526624,0.452054,JPN,ESP,521012
10111149,121,71,7252,2004,1943.0,0.0,1.3624690000000002,0.928342,KOR,ESP,521012
10111150,134,71,7252,2004,0.0,4516.0,-0.681556,-0.152372,MAR,ESP,521012
10111151,138,71,7252,2004,0.0,2193.0,0.868684,0.85506,MEX,ESP,521012
10111152,153,71,7252,2004,20599.0,0.0,0.6710050000000001,0.17807,MYS,ESP,521012
10111153,162,71,7252,2004,0.0,9948.0,1.251808,1.586526,NLD,ESP,521012
10111154,163,71,7252,2004,0.0,52924.0,1.10162,0.118709,NOR,ESP,521012
10111155,166,71,7252,2004,0.0,4596.0,0.567392,0.965781,NZL,ESP,521012
10111156,177,71,7252,2004,0.0,3672.0,1.019341,1.519452,POL,ESP,521012
10111157,179,71,7252,2004,14556.0,5464.0,0.524524,1.901139,PRT,ESP,521012
10111158,185,71,7252,2004,0.0,2261.0,0.37241599999999997,1.015865,ROU,ESP,521012
10111159,186,71,7252,2004,0.0,19576.0,0.8952399999999999,0.172896,RUS,ESP,521012
10111160,192,71,7252,2004,0.0,921.0,1.6409779999999998,0.634947,SGP,ESP,521012
10111161,208,71,7252,2004,0.0,55351.0,2.0522080000000003,0.8326969999999999,SWE,ESP,521012
10111162,216,71,7252,2004,1578.0,0.0,0.5150359999999999,1.583019,THA,ESP,521012
10111163,223,71,7252,2004,0.0,1311.0,-0.195751,0.335147,TUN,ESP,521012
10111164,231,71,7252,2004,8899.0,0.0,1.7598630000000002,0.066704,USA,ESP,521012
10111165,246,71,7252,2004,0.0,6942.0,0.460279,1.9736220000000002,ZAF,ESP,521012
10111166,74,72,7252,2004,13012.0,0.0,2.000218,0.9867309999999999,FIN,EST,521012
10111167,111,72,7252,2004,0.0,1272.0,1.358057,1.11533,ITA,EST,521012
10111168,163,72,7252,2004,1865.0,0.0,1.10162,0.118709,NOR,EST,521012
10111169,177,72,7252,2004,0.0,6832.0,1.019341,1.519452,POL,EST,521012
10111170,64,74,7252,2004,1594.0,0.0,1.328968,1.262743,DNK,FIN,521012
10111171,71,74,7252,2004,7400.0,0.0,0.9784649999999999,2.051216,ESP,FIN,521012
10111172,72,74,7252,2004,0.0,13012.0,0.6101840000000001,0.9520370000000001,EST,FIN,521012
10111173,208,74,7252,2004,10162.0,0.0,2.0522080000000003,0.8326969999999999,SWE,FIN,521012
10111174,15,77,7252,2004,1183.0,0.0,1.825391,0.40553,AUT,FRA,521012
10111175,18,77,7252,2004,119769.0,657101.0,1.350911,1.408209,BEL,FRA,521012
10111176,41,77,7252,2004,12545.0,0.0,2.151471,0.7196279999999999,CHE,FRA,521012
10111177,43,77,7252,2004,0.0,1659.0,0.581548,2.8689880000000003,CHN,FRA,521012
10111178,44,77,7252,2004,970.0,0.0,-0.8490979999999999,-0.754732,CIV,FRA,521012
10111179,61,77,7252,2004,26799.0,162764.0,2.266076,-2.011139,DEU,FRA,521012
10111180,71,77,7252,2004,197400.0,720787.0,0.9784649999999999,2.051216,ESP,FRA,521012
10111181,81,77,7252,2004,27800.0,19635.0,1.843506,0.684779,GBR,FRA,521012
10111182,90,77,7252,2004,0.0,9677.0,0.348853,1.661656,GRC,FRA,521012
10111183,97,77,7252,2004,0.0,7252.0,0.604825,2.098745,HKG,FRA,521012
10111184,102,77,7252,2004,0.0,54506.0,1.207082,1.019714,HUN,FRA,521012
10111185,111,77,7252,2004,71693.0,94180.0,1.358057,1.11533,ITA,FRA,521012
10111186,134,77,7252,2004,0.0,6148.0,-0.681556,-0.152372,MAR,FRA,521012
10111187,162,77,7252,2004,3812.0,12179.0,1.251808,1.586526,NLD,FRA,521012
10111188,177,77,7252,2004,0.0,2398.0,1.019341,1.519452,POL,FRA,521012
10111189,179,77,7252,2004,0.0,25677.0,0.524524,1.901139,PRT,FRA,521012
10111190,185,77,7252,2004,0.0,14099.0,0.37241599999999997,1.015865,ROU,FRA,521012
10111191,223,77,7252,2004,0.0,9725.0,-0.195751,0.335147,TUN,FRA,521012
10111192,224,77,7252,2004,24319.0,0.0,0.141454,1.9463599999999999,TUR,FRA,521012
10111193,228,77,7252,2004,0.0,3702.0,0.8758040000000001,0.8195879999999999,UKR,FRA,521012
10111194,18,81,7252,2004,18920.0,58472.0,1.350911,1.408209,BEL,GBR,521012
10111195,61,81,7252,2004,2830.0,943.0,2.266076,-2.011139,DEU,GBR,521012
10111196,71,81,7252,2004,2343.0,0.0,0.9784649999999999,2.051216,ESP,GBR,521012
10111197,77,81,7252,2004,19635.0,27800.0,1.6003530000000001,0.643945,FRA,GBR,521012
10111198,90,81,7252,2004,0.0,22261.0,0.348853,1.661656,GRC,GBR,521012
10111199,104,81,7252,2004,31685.0,0.0,0.233348,2.790987,IND,GBR,521012
10111200,106,81,7252,2004,0.0,6638.0,1.501859,0.14456,IRL,GBR,521012
10111201,111,81,7252,2004,45944.0,19675.0,1.358057,1.11533,ITA,GBR,521012
10111202,114,81,7252,2004,0.0,36046.0,2.526624,0.452054,JPN,GBR,521012
10111203,116,81,7252,2004,0.0,5580.0,-0.503694,0.410495,KEN,GBR,521012
10111204,162,81,7252,2004,29097.0,0.0,1.251808,1.586526,NLD,GBR,521012
10111205,168,81,7252,2004,98098.0,0.0,-0.754143,0.25995100000000004,PAK,GBR,521012
10111206,185,81,7252,2004,15055.0,25654.0,0.37241599999999997,1.015865,ROU,GBR,521012
10111207,224,81,7252,2004,4161.0,0.0,0.141454,1.9463599999999999,TUR,GBR,521012
10111208,15,90,7252,2004,1829.0,0.0,1.825391,0.40553,AUT,GRC,521012
10111209,71,90,7252,2004,11584.0,0.0,0.9784649999999999,2.051216,ESP,GRC,521012
10111210,77,90,7252,2004,9677.0,0.0,1.6003530000000001,0.643945,FRA,GRC,521012
10111211,81,90,7252,2004,22261.0,0.0,1.843506,0.684779,GBR,GRC,521012
10111212,111,90,7252,2004,2516.0,0.0,1.358057,1.11533,ITA,GRC,521012
10111213,177,90,7252,2004,2577.0,0.0,1.019341,1.519452,POL,GRC,521012
10111214,22,97,7252,2004,0.0,45983.0,-1.150444,-0.885333,BGD,HKG,521012
10111215,43,97,7252,2004,147046.0,2535252.0,0.581548,2.8689880000000003,CHN,HKG,521012
10111216,65,97,7252,2004,0.0,1442.0,-0.510025,-0.328257,DOM,HKG,521012
10111217,77,97,7252,2004,7252.0,0.0,1.6003530000000001,0.643945,FRA,HKG,521012
10111218,103,97,7252,2004,1109.0,0.0,-0.223644,1.719065,IDN,HKG,521012
10111219,104,97,7252,2004,2537.0,0.0,0.233348,2.790987,IND,HKG,521012
10111220,111,97,7252,2004,174296.0,0.0,1.358057,1.11533,ITA,HKG,521012
10111221,114,97,7252,2004,60857.0,2456.0,2.526624,0.452054,JPN,HKG,521012
10111222,121,97,7252,2004,197467.0,8366.0,1.3624690000000002,0.928342,KOR,HKG,521012
10111223,128,97,7252,2004,0.0,18878.0,-0.658668,0.21912600000000002,LKA,HKG,521012
10111224,133,97,7252,2004,0.0,997.0,-0.351045,-0.487521,MAC,HKG,521012
10111225,138,97,7252,2004,0.0,6378.0,0.868684,0.85506,MEX,HKG,521012
10111226,153,97,7252,2004,13590.0,0.0,0.6710050000000001,0.17807,MYS,HKG,521012
10111227,168,97,7252,2004,92114.0,0.0,-0.754143,0.25995100000000004,PAK,HKG,521012
10111228,174,97,7252,2004,0.0,4940.0,-0.076709,-0.149006,PHL,HKG,521012
10111229,224,97,7252,2004,1598.0,0.0,0.141454,1.9463599999999999,TUR,HKG,521012
10111230,231,97,7252,2004,93013.0,3525.0,1.7598630000000002,0.066704,USA,HKG,521012
10111231,239,97,7252,2004,0.0,3707.0,-0.5270560000000001,0.8910389999999999,VNM,HKG,521012
10111232,249,97,7252,2004,431195.0,0.0,1.626307,1.358315,TWN,HKG,521012
10111233,18,103,7252,2004,0.0,39168.0,1.350911,1.408209,BEL,IDN,521012
10111234,22,103,7252,2004,0.0,157991.0,-1.150444,-0.885333,BGD,IDN,521012
10111235,61,103,7252,2004,0.0,285155.0,2.266076,-2.011139,DEU,IDN,521012
10111236,71,103,7252,2004,0.0,32490.0,0.9784649999999999,2.051216,ESP,IDN,521012
10111237,97,103,7252,2004,0.0,1109.0,0.604825,2.098745,HKG,IDN,521012
10111238,100,103,7252,2004,0.0,158473.0,0.6669970000000001,1.088043,HRV,IDN,521012
10111239,111,103,7252,2004,3587.0,38661.0,1.358057,1.11533,ITA,IDN,521012
10111240,114,103,7252,2004,0.0,7184.0,2.526624,0.452054,JPN,IDN,521012
10111241,121,103,7252,2004,146374.0,0.0,1.3624690000000002,0.928342,KOR,IDN,521012
10111242,128,103,7252,2004,0.0,5773.0,-0.658668,0.21912600000000002,LKA,IDN,521012
10111243,153,103,7252,2004,0.0,50199.0,0.6710050000000001,0.17807,MYS,IDN,521012
10111244,192,103,7252,2004,161112.0,0.0,1.6409779999999998,0.634947,SGP,IDN,521012
10111245,216,103,7252,2004,3830.0,65673.0,0.5150359999999999,1.583019,THA,IDN,521012
10111246,231,103,7252,2004,0.0,96213.0,1.7598630000000002,0.066704,USA,IDN,521012
10111247,249,103,7252,2004,0.0,1480950.0,1.626307,1.358315,TWN,IDN,521012
10111248,18,104,7252,2004,0.0,6401.0,1.350911,1.408209,BEL,IND,521012
10111249,22,104,7252,2004,0.0,1817871.0,-1.150444,-0.885333,BGD,IND,521012
10111250,61,104,7252,2004,19137.0,0.0,2.266076,-2.011139,DEU,IND,521012
10111251,81,104,7252,2004,0.0,31685.0,1.843506,0.684779,GBR,IND,521012
10111252,97,104,7252,2004,0.0,2537.0,0.604825,2.098745,HKG,IND,521012
10111253,111,104,7252,2004,105573.0,0.0,1.358057,1.11533,ITA,IND,521012
10111254,114,104,7252,2004,9096.0,0.0,2.526624,0.452054,JPN,IND,521012
10111255,121,104,7252,2004,1556.0,0.0,1.3624690000000002,0.928342,KOR,IND,521012
10111256,128,104,7252,2004,0.0,8375.0,-0.658668,0.21912600000000002,LKA,IND,521012
10111257,151,104,7252,2004,0.0,3947.0,-0.374754,-0.288504,MUS,IND,521012
10111258,153,104,7252,2004,5078.0,0.0,0.6710050000000001,0.17807,MYS,IND,521012
10111259,177,104,7252,2004,0.0,10249.0,1.019341,1.519452,POL,IND,521012
10111260,216,104,7252,2004,0.0,32455.0,0.5150359999999999,1.583019,THA,IND,521012
10111261,249,104,7252,2004,4637.0,0.0,1.626307,1.358315,TWN,IND,521012
10111262,81,106,7252,2004,6638.0,0.0,1.843506,0.684779,GBR,IRL,521012
10111263,111,106,7252,2004,0.0,3492.0,1.358057,1.11533,ITA,IRL,521012
10111264,71,110,7252,2004,5602.0,0.0,0.9784649999999999,2.051216,ESP,ISR,521012
10111265,4,111,7252,2004,0.0,5469.0,-0.131892,0.14985199999999999,ALB,ITA,521012
10111266,14,111,7252,2004,0.0,8453.0,0.196641,0.8139460000000001,AUS,ITA,521012
10111267,15,111,7252,2004,54095.0,49835.0,1.825391,0.40553,AUT,ITA,521012
10111268,18,111,7252,2004,0.0,2228.0,1.350911,1.408209,BEL,ITA,521012
10111269,23,111,7252,2004,0.0,1675.0,0.35536,1.499182,BGR,ITA,521012
10111270,32,111,7252,2004,1514.0,0.0,0.540718,1.149065,BRA,ITA,521012
10111271,39,111,7252,2004,0.0,66317.0,0.9392739999999999,1.19228,CAN,ITA,521012
10111272,41,111,7252,2004,116012.0,15877.0,2.151471,0.7196279999999999,CHE,ITA,521012
10111273,43,111,7252,2004,2405.0,17600.0,0.581548,2.8689880000000003,CHN,ITA,521012
10111274,49,111,7252,2004,0.0,1138.0,0.033128,0.47524799999999995,COL,ITA,521012
10111275,59,111,7252,2004,0.0,2716.0,1.562625,0.865244,CZE,ITA,521012
10111276,61,111,7252,2004,166736.0,446268.0,2.266076,-2.011139,DEU,ITA,521012
10111277,65,111,7252,2004,0.0,875.0,-0.510025,-0.328257,DOM,ITA,521012
10111278,71,111,7252,2004,26853.0,245254.0,0.9784649999999999,2.051216,ESP,ITA,521012
10111279,72,111,7252,2004,1272.0,0.0,0.6101840000000001,0.9520370000000001,EST,ITA,521012
10111280,77,111,7252,2004,94180.0,71693.0,1.6003530000000001,0.643945,FRA,ITA,521012
10111281,81,111,7252,2004,19675.0,45944.0,1.843506,0.684779,GBR,ITA,521012
10111282,90,111,7252,2004,0.0,2516.0,0.348853,1.661656,GRC,ITA,521012
10111283,97,111,7252,2004,0.0,174296.0,0.604825,2.098745,HKG,ITA,521012
10111284,100,111,7252,2004,0.0,8714.0,0.6669970000000001,1.088043,HRV,ITA,521012
10111285,102,111,7252,2004,2971.0,3447.0,1.207082,1.019714,HUN,ITA,521012
10111286,103,111,7252,2004,38661.0,3587.0,-0.223644,1.719065,IDN,ITA,521012
10111287,104,111,7252,2004,0.0,105573.0,0.233348,2.790987,IND,ITA,521012
10111288,106,111,7252,2004,3492.0,0.0,1.501859,0.14456,IRL,ITA,521012
10111289,114,111,7252,2004,0.0,13185.0,2.526624,0.452054,JPN,ITA,521012
10111290,121,111,7252,2004,0.0,48184.0,1.3624690000000002,0.928342,KOR,ITA,521012
10111291,134,111,7252,2004,0.0,3225.0,-0.681556,-0.152372,MAR,ITA,521012
10111292,138,111,7252,2004,0.0,1571.0,0.868684,0.85506,MEX,ITA,521012
10111293,153,111,7252,2004,18228.0,0.0,0.6710050000000001,0.17807,MYS,ITA,521012
10111294,162,111,7252,2004,0.0,55828.0,1.251808,1.586526,NLD,ITA,521012
10111295,168,111,7252,2004,89782.0,0.0,-0.754143,0.25995100000000004,PAK,ITA,521012
10111296,177,111,7252,2004,0.0,6449.0,1.019341,1.519452,POL,ITA,521012
10111297,179,111,7252,2004,28222.0,27103.0,0.524524,1.901139,PRT,ITA,521012
10111298,185,111,7252,2004,0.0,74787.0,0.37241599999999997,1.015865,ROU,ITA,521012
10111299,207,111,7252,2004,0.0,19257.0,1.628643,1.02381,SVN,ITA,521012
10111300,208,111,7252,2004,0.0,1080.0,2.0522080000000003,0.8326969999999999,SWE,ITA,521012
10111301,216,111,7252,2004,5879.0,0.0,0.5150359999999999,1.583019,THA,ITA,521012
10111302,223,111,7252,2004,20229.0,367364.0,-0.195751,0.335147,TUN,ITA,521012
10111303,224,111,7252,2004,0.0,105136.0,0.141454,1.9463599999999999,TUR,ITA,521012
10111304,231,111,7252,2004,0.0,61379.0,1.7598630000000002,0.066704,USA,ITA,521012
10111305,239,111,7252,2004,0.0,21160.0,-0.5270560000000001,0.8910389999999999,VNM,ITA,521012
10111306,249,111,7252,2004,0.0,2568.0,1.626307,1.358315,TWN,ITA,521012
10111307,43,114,7252,2004,163993.0,112328.0,0.581548,2.8689880000000003,CHN,JPN,521012
10111308,71,114,7252,2004,1204.0,0.0,0.9784649999999999,2.051216,ESP,JPN,521012
10111309,81,114,7252,2004,36046.0,0.0,1.843506,0.684779,GBR,JPN,521012
10111310,97,114,7252,2004,2456.0,60857.0,0.604825,2.098745,HKG,JPN,521012
10111311,103,114,7252,2004,7184.0,0.0,-0.223644,1.719065,IDN,JPN,521012
10111312,104,114,7252,2004,0.0,9096.0,0.233348,2.790987,IND,JPN,521012
10111313,111,114,7252,2004,13185.0,0.0,1.358057,1.11533,ITA,JPN,521012
10111314,121,114,7252,2004,2453.0,0.0,1.3624690000000002,0.928342,KOR,JPN,521012
10111315,153,114,7252,2004,3796.0,0.0,0.6710050000000001,0.17807,MYS,JPN,521012
10111316,216,114,7252,2004,4241.0,0.0,0.5150359999999999,1.583019,THA,JPN,521012
10111317,231,114,7252,2004,3753.0,0.0,1.7598630000000002,0.066704,USA,JPN,521012
10111318,14,121,7252,2004,0.0,5289.0,0.196641,0.8139460000000001,AUS,KOR,521012
10111319,22,121,7252,2004,0.0,86348.0,-1.150444,-0.885333,BGD,KOR,521012
10111320,23,121,7252,2004,0.0,11238.0,0.35536,1.499182,BGR,KOR,521012
10111321,43,121,7252,2004,503796.0,122116.0,0.581548,2.8689880000000003,CHN,KOR,521012
10111322,65,121,7252,2004,0.0,315089.0,-0.510025,-0.328257,DOM,KOR,521012
10111323,71,121,7252,2004,0.0,1943.0,0.9784649999999999,2.051216,ESP,KOR,521012
10111324,97,121,7252,2004,8366.0,197467.0,0.604825,2.098745,HKG,KOR,521012
10111325,103,121,7252,2004,0.0,146374.0,-0.223644,1.719065,IDN,KOR,521012
10111326,104,121,7252,2004,0.0,1556.0,0.233348,2.790987,IND,KOR,521012
10111327,111,121,7252,2004,48184.0,0.0,1.358057,1.11533,ITA,KOR,521012
10111328,114,121,7252,2004,0.0,2453.0,2.526624,0.452054,JPN,KOR,521012
10111329,128,121,7252,2004,0.0,18233.0,-0.658668,0.21912600000000002,LKA,KOR,521012
10111330,153,121,7252,2004,0.0,50931.0,0.6710050000000001,0.17807,MYS,KOR,521012
10111331,166,121,7252,2004,0.0,14022.0,0.567392,0.965781,NZL,KOR,521012
10111332,216,121,7252,2004,0.0,1508.0,0.5150359999999999,1.583019,THA,KOR,521012
10111333,239,121,7252,2004,40119.0,280103.0,-0.5270560000000001,0.8910389999999999,VNM,KOR,521012
10111334,43,128,7252,2004,98470.0,0.0,0.581548,2.8689880000000003,CHN,LKA,521012
10111335,97,128,7252,2004,18878.0,0.0,0.604825,2.098745,HKG,LKA,521012
10111336,103,128,7252,2004,5773.0,0.0,-0.223644,1.719065,IDN,LKA,521012
10111337,104,128,7252,2004,8375.0,0.0,0.233348,2.790987,IND,LKA,521012
10111338,121,128,7252,2004,18233.0,0.0,1.3624690000000002,0.928342,KOR,LKA,521012
10111339,168,128,7252,2004,1829.0,0.0,-0.754143,0.25995100000000004,PAK,LKA,521012
10111340,249,128,7252,2004,1763.0,0.0,1.626307,1.358315,TWN,LKA,521012
10111341,52,138,7252,2004,0.0,4463.0,-0.043266000000000006,-0.376239,CRI,MEX,521012
10111342,71,138,7252,2004,2193.0,0.0,0.9784649999999999,2.051216,ESP,MEX,521012
10111343,97,138,7252,2004,6378.0,0.0,0.604825,2.098745,HKG,MEX,521012
10111344,111,138,7252,2004,1571.0,0.0,1.358057,1.11533,ITA,MEX,521012
10111345,231,138,7252,2004,358911.0,0.0,1.7598630000000002,0.066704,USA,MEX,521012
10111346,61,153,7252,2004,0.0,540362.0,2.266076,-2.011139,DEU,MYS,521012
10111347,68,153,7252,2004,0.0,18531.0,-0.300563,0.41834899999999997,EGY,MYS,521012
10111348,71,153,7252,2004,0.0,20599.0,0.9784649999999999,2.051216,ESP,MYS,521012
10111349,97,153,7252,2004,0.0,13590.0,0.604825,2.098745,HKG,MYS,521012
10111350,103,153,7252,2004,50199.0,0.0,-0.223644,1.719065,IDN,MYS,521012
10111351,104,153,7252,2004,0.0,5078.0,0.233348,2.790987,IND,MYS,521012
10111352,111,153,7252,2004,0.0,18228.0,1.358057,1.11533,ITA,MYS,521012
10111353,114,153,7252,2004,0.0,3796.0,2.526624,0.452054,JPN,MYS,521012
10111354,121,153,7252,2004,50931.0,0.0,1.3624690000000002,0.928342,KOR,MYS,521012
10111355,239,153,7252,2004,0.0,37386.0,-0.5270560000000001,0.8910389999999999,VNM,MYS,521012
10111356,18,162,7252,2004,14053.0,0.0,1.350911,1.408209,BEL,NLD,521012
10111357,61,162,7252,2004,28348.0,157944.0,2.266076,-2.011139,DEU,NLD,521012
10111358,71,162,7252,2004,9948.0,0.0,0.9784649999999999,2.051216,ESP,NLD,521012
10111359,77,162,7252,2004,12179.0,3812.0,1.6003530000000001,0.643945,FRA,NLD,521012
10111360,81,162,7252,2004,0.0,29097.0,1.843506,0.684779,GBR,NLD,521012
10111361,111,162,7252,2004,55828.0,0.0,1.358057,1.11533,ITA,NLD,521012
10111362,130,162,7252,2004,0.0,27576.0,0.403568,0.632707,LTU,NLD,521012
10111363,177,162,7252,2004,0.0,7323.0,1.019341,1.519452,POL,NLD,521012
10111364,224,162,7252,2004,23315.0,0.0,0.141454,1.9463599999999999,TUR,NLD,521012
10111365,250,162,7252,2004,11368.0,0.0,0.509382,-0.30904299999999996,ANS,NLD,521012
10111366,71,166,7252,2004,4596.0,0.0,0.9784649999999999,2.051216,ESP,NZL,521012
10111367,121,166,7252,2004,14022.0,0.0,1.3624690000000002,0.928342,KOR,NZL,521012
10111368,97,174,7252,2004,4940.0,0.0,0.604825,2.098745,HKG,PHL,521012
10111369,249,174,7252,2004,0.0,65794.0,1.626307,1.358315,TWN,PHL,521012
10111370,15,177,7252,2004,1470.0,0.0,1.825391,0.40553,AUT,POL,521012
10111371,41,177,7252,2004,9894.0,0.0,2.151471,0.7196279999999999,CHE,POL,521012
10111372,61,177,7252,2004,89353.0,1836.0,2.266076,-2.011139,DEU,POL,521012
10111373,71,177,7252,2004,3672.0,0.0,0.9784649999999999,2.051216,ESP,POL,521012
10111374,72,177,7252,2004,6832.0,0.0,0.6101840000000001,0.9520370000000001,EST,POL,521012
10111375,77,177,7252,2004,2398.0,0.0,1.6003530000000001,0.643945,FRA,POL,521012
10111376,90,177,7252,2004,0.0,2577.0,0.348853,1.661656,GRC,POL,521012
10111377,104,177,7252,2004,10249.0,0.0,0.233348,2.790987,IND,POL,521012
10111378,111,177,7252,2004,6449.0,0.0,1.358057,1.11533,ITA,POL,521012
10111379,162,177,7252,2004,7323.0,0.0,1.251808,1.586526,NLD,POL,521012
10111380,224,177,7252,2004,33147.0,0.0,0.141454,1.9463599999999999,TUR,POL,521012
10111381,28,186,7252,2004,0.0,2116.0,0.8553139999999999,0.703926,BLR,RUS,521012
10111382,71,186,7252,2004,19576.0,0.0,0.9784649999999999,2.051216,ESP,RUS,521012
10111383,231,186,7252,2004,7788.0,0.0,1.7598630000000002,0.066704,USA,RUS,521012
10111384,64,208,7252,2004,1707.0,0.0,1.328968,1.262743,DNK,SWE,521012
10111385,71,208,7252,2004,55351.0,0.0,0.9784649999999999,2.051216,ESP,SWE,521012
10111386,74,208,7252,2004,0.0,10162.0,2.000218,0.9867309999999999,FIN,SWE,521012
10111387,111,208,7252,2004,1080.0,0.0,1.358057,1.11533,ITA,SWE,521012
10111388,130,208,7252,2004,0.0,12007.0,0.403568,0.632707,LTU,SWE,521012
10111389,163,208,7252,2004,0.0,2134.0,1.10162,0.118709,NOR,SWE,521012
10111390,185,208,7252,2004,0.0,2779.0,0.37241599999999997,1.015865,ROU,SWE,521012
10111391,224,208,7252,2004,19621.0,5700.0,0.141454,1.9463599999999999,TUR,SWE,521012
10111392,22,216,7252,2004,0.0,14028.0,-1.150444,-0.885333,BGD,THA,521012
10111393,43,216,7252,2004,17782.0,0.0,0.581548,2.8689880000000003,CHN,THA,521012
10111394,71,216,7252,2004,0.0,1578.0,0.9784649999999999,2.051216,ESP,THA,521012
10111395,103,216,7252,2004,65673.0,3830.0,-0.223644,1.719065,IDN,THA,521012
10111396,104,216,7252,2004,32455.0,0.0,0.233348,2.790987,IND,THA,521012
10111397,111,216,7252,2004,0.0,5879.0,1.358057,1.11533,ITA,THA,521012
10111398,114,216,7252,2004,0.0,4241.0,2.526624,0.452054,JPN,THA,521012
10111399,121,216,7252,2004,1508.0,0.0,1.3624690000000002,0.928342,KOR,THA,521012
10111400,178,216,7252,2004,4185.0,0.0,0.578991,0.781518,PRK,THA,521012
10111401,25,231,7252,2004,0.0,10722.0,0.620432,-0.513724,BHS,USA,521012
10111402,39,231,7252,2004,1186576.0,25615.0,0.9392739999999999,1.19228,CAN,USA,521012
10111403,41,231,7252,2004,2802.0,0.0,2.151471,0.7196279999999999,CHE,USA,521012
10111404,42,231,7252,2004,0.0,31571.0,-0.07869,-0.33641,CHL,USA,521012
10111405,61,231,7252,2004,0.0,16001.0,2.266076,-2.011139,DEU,USA,521012
10111406,65,231,7252,2004,0.0,379279.0,-0.510025,-0.328257,DOM,USA,521012
10111407,71,231,7252,2004,0.0,8899.0,0.9784649999999999,2.051216,ESP,USA,521012
10111408,97,231,7252,2004,3525.0,93013.0,0.604825,2.098745,HKG,USA,521012
10111409,103,231,7252,2004,96213.0,0.0,-0.223644,1.719065,IDN,USA,521012
10111410,111,231,7252,2004,61379.0,0.0,1.358057,1.11533,ITA,USA,521012
10111411,114,231,7252,2004,0.0,3753.0,2.526624,0.452054,JPN,USA,521012
10111412,138,231,7252,2004,0.0,358911.0,0.868684,0.85506,MEX,USA,521012
10111413,168,231,7252,2004,721651.0,0.0,-0.754143,0.25995100000000004,PAK,USA,521012
10111414,186,231,7252,2004,0.0,7788.0,0.8952399999999999,0.172896,RUS,USA,521012
10111415,71,246,7252,2004,6942.0,0.0,0.9784649999999999,2.051216,ESP,ZAF,521012
10111416,155,246,7252,2004,0.0,54721.0,-0.40995299999999996,-0.550272,NAM,ZAF,521012
10111417,209,246,7252,2004,0.0,84405.0,0.397488,-0.264855,SWZ,ZAF,521012
10111418,22,249,7252,2004,0.0,36789.0,-1.150444,-0.885333,BGD,TWN,521012
10111419,39,249,7252,2004,0.0,55697.0,0.9392739999999999,1.19228,CAN,TWN,521012
10111420,43,249,7252,2004,0.0,68088.0,0.581548,2.8689880000000003,CHN,TWN,521012
10111421,97,249,7252,2004,0.0,431195.0,0.604825,2.098745,HKG,TWN,521012
10111422,103,249,7252,2004,1480950.0,0.0,-0.223644,1.719065,IDN,TWN,521012
10111423,104,249,7252,2004,0.0,4637.0,0.233348,2.790987,IND,TWN,521012
10111424,111,249,7252,2004,2568.0,0.0,1.358057,1.11533,ITA,TWN,521012
10111425,128,249,7252,2004,0.0,1763.0,-0.658668,0.21912600000000002,LKA,TWN,521012
10111426,133,249,7252,2004,0.0,1563.0,-0.351045,-0.487521,MAC,TWN,521012
10111427,174,249,7252,2004,65794.0,0.0,-0.076709,-0.149006,PHL,TWN,521012
10111428,239,249,7252,2004,0.0,474027.0,-0.5270560000000001,0.8910389999999999,VNM,TWN,521012
10111429,168,7,7252,2004,44216.0,0.0,-0.754143,0.25995100000000004,PAK,ARE,521012
10111430,43,22,7252,2004,77101.0,0.0,0.581548,2.8689880000000003,CHN,BGD,521012
10111431,97,22,7252,2004,45983.0,0.0,0.604825,2.098745,HKG,BGD,521012
10111432,103,22,7252,2004,157991.0,0.0,-0.223644,1.719065,IDN,BGD,521012
10111433,104,22,7252,2004,1817871.0,0.0,0.233348,2.790987,IND,BGD,521012
10111434,121,22,7252,2004,86348.0,0.0,1.3624690000000002,0.928342,KOR,BGD,521012
10111435,168,22,7252,2004,11396.0,0.0,-0.754143,0.25995100000000004,PAK,BGD,521012
10111436,192,22,7252,2004,4925.0,0.0,1.6409779999999998,0.634947,SGP,BGD,521012
10111437,216,22,7252,2004,14028.0,0.0,0.5150359999999999,1.583019,THA,BGD,521012
10111438,224,22,7252,2004,1027.0,0.0,0.141454,1.9463599999999999,TUR,BGD,521012
10111439,249,22,7252,2004,36789.0,0.0,1.626307,1.358315,TWN,BGD,521012
10111440,61,23,7252,2004,42621.0,0.0,2.266076,-2.011139,DEU,BGR,521012
10111441,111,23,7252,2004,1675.0,0.0,1.358057,1.11533,ITA,BGR,521012
10111442,121,23,7252,2004,11238.0,0.0,1.3624690000000002,0.928342,KOR,BGR,521012
10111443,224,23,7252,2004,79475.0,0.0,0.141454,1.9463599999999999,TUR,BGR,521012
10111444,18,24,7252,2004,0.0,11122.0,1.350911,1.408209,BEL,BHR,521012
10111445,168,24,7252,2004,0.0,346019.0,-0.754143,0.25995100000000004,PAK,BHR,521012
10111446,186,28,7252,2004,2116.0,0.0,0.8952399999999999,0.172896,RUS,BLR,521012
10111447,15,59,7252,2004,18203.0,0.0,1.825391,0.40553,AUT,CZE,521012
10111448,61,59,7252,2004,32745.0,194183.0,2.266076,-2.011139,DEU,CZE,521012
10111449,71,59,7252,2004,1596.0,0.0,0.9784649999999999,2.051216,ESP,CZE,521012
10111450,111,59,7252,2004,2716.0,0.0,1.358057,1.11533,ITA,CZE,521012
10111451,153,68,7252,2004,18531.0,0.0,0.6710050000000001,0.17807,MYS,EGY,521012
10111452,26,100,7252,2004,0.0,7823.0,0.385952,0.571774,BIH,HRV,521012
10111453,61,100,7252,2004,56343.0,0.0,2.266076,-2.011139,DEU,HRV,521012
10111454,103,100,7252,2004,158473.0,0.0,-0.223644,1.719065,IDN,HRV,521012
10111455,111,100,7252,2004,8714.0,0.0,1.358057,1.11533,ITA,HRV,521012
10111456,168,100,7252,2004,35887.0,0.0,-0.754143,0.25995100000000004,PAK,HRV,521012
10111457,15,102,7252,2004,29905.0,0.0,1.825391,0.40553,AUT,HUN,521012
10111458,71,102,7252,2004,3829.0,0.0,0.9784649999999999,2.051216,ESP,HUN,521012
10111459,77,102,7252,2004,54506.0,0.0,1.6003530000000001,0.643945,FRA,HUN,521012
10111460,111,102,7252,2004,3447.0,2971.0,1.358057,1.11533,ITA,HUN,521012
10111461,224,107,7252,2004,13324.0,0.0,0.141454,1.9463599999999999,TUR,IRN,521012
10111462,81,116,7252,2004,5580.0,0.0,1.843506,0.684779,GBR,KEN,521012
10111463,224,122,7252,2004,22277.0,0.0,0.141454,1.9463599999999999,TUR,KWT,521012
10111464,162,130,7252,2004,27576.0,0.0,1.251808,1.586526,NLD,LTU,521012
10111465,163,130,7252,2004,1583.0,0.0,1.10162,0.118709,NOR,LTU,521012
10111466,208,130,7252,2004,12007.0,0.0,2.0522080000000003,0.8326969999999999,SWE,LTU,521012
10111467,224,130,7252,2004,5054.0,0.0,0.141454,1.9463599999999999,TUR,LTU,521012
10111468,18,132,7252,2004,7254.0,0.0,1.350911,1.408209,BEL,LVA,521012
10111469,64,132,7252,2004,1496.0,0.0,1.328968,1.262743,DNK,LVA,521012
10111470,64,163,7252,2004,6732.0,0.0,1.328968,1.262743,DNK,NOR,521012
10111471,71,163,7252,2004,52924.0,0.0,0.9784649999999999,2.051216,ESP,NOR,521012
10111472,72,163,7252,2004,0.0,1865.0,0.6101840000000001,0.9520370000000001,EST,NOR,521012
10111473,130,163,7252,2004,0.0,1583.0,0.403568,0.632707,LTU,NOR,521012
10111474,208,163,7252,2004,2134.0,0.0,2.0522080000000003,0.8326969999999999,SWE,NOR,521012
10111475,7,168,7252,2004,0.0,44216.0,0.1799,-0.34541900000000003,ARE,PAK,521012
10111476,8,168,7252,2004,0.0,28795.0,0.28128600000000004,0.64115,ARG,PAK,521012
10111477,14,168,7252,2004,0.0,69034.0,0.196641,0.8139460000000001,AUS,PAK,521012
10111478,18,168,7252,2004,0.0,103492.0,1.350911,1.408209,BEL,PAK,521012
10111479,22,168,7252,2004,0.0,11396.0,-1.150444,-0.885333,BGD,PAK,521012
10111480,24,168,7252,2004,346019.0,0.0,0.045344999999999996,-1.001059,BHR,PAK,521012
10111481,61,168,7252,2004,0.0,22108.0,2.266076,-2.011139,DEU,PAK,521012
10111482,81,168,7252,2004,0.0,98098.0,1.843506,0.684779,GBR,PAK,521012
10111483,97,168,7252,2004,0.0,92114.0,0.604825,2.098745,HKG,PAK,521012
10111484,100,168,7252,2004,0.0,35887.0,0.6669970000000001,1.088043,HRV,PAK,521012
10111485,111,168,7252,2004,0.0,89782.0,1.358057,1.11533,ITA,PAK,521012
10111486,128,168,7252,2004,0.0,1829.0,-0.658668,0.21912600000000002,LKA,PAK,521012
10111487,179,168,7252,2004,0.0,10685.0,0.524524,1.901139,PRT,PAK,521012
10111488,188,168,7252,2004,0.0,149223.0,0.546196,-0.7014729999999999,SAU,PAK,521012
10111489,207,168,7252,2004,0.0,58055.0,1.628643,1.02381,SVN,PAK,521012
10111490,231,168,7252,2004,0.0,721651.0,1.7598630000000002,0.066704,USA,PAK,521012
10111491,18,185,7252,2004,2726.0,0.0,1.350911,1.408209,BEL,ROU,521012
10111492,61,185,7252,2004,61764.0,0.0,2.266076,-2.011139,DEU,ROU,521012
10111493,71,185,7252,2004,2261.0,0.0,0.9784649999999999,2.051216,ESP,ROU,521012
10111494,77,185,7252,2004,14099.0,0.0,1.6003530000000001,0.643945,FRA,ROU,521012
10111495,81,185,7252,2004,25654.0,15055.0,1.843506,0.684779,GBR,ROU,521012
10111496,111,185,7252,2004,74787.0,0.0,1.358057,1.11533,ITA,ROU,521012
10111497,208,185,7252,2004,2779.0,0.0,2.0522080000000003,0.8326969999999999,SWE,ROU,521012
10111498,224,185,7252,2004,124528.0,0.0,0.141454,1.9463599999999999,TUR,ROU,521012
10111499,168,188,7252,2004,149223.0,0.0,-0.754143,0.25995100000000004,PAK,SAU,521012
10111500,61,189,7252,2004,4879.0,0.0,2.266076,-2.011139,DEU,SCG,521012
10111501,206,189,7252,2004,1279.0,0.0,1.2375120000000002,0.8777889999999999,SVK,SCG,521012
10111502,22,192,7252,2004,0.0,4925.0,-1.150444,-0.885333,BGD,SGP,521012
10111503,43,192,7252,2004,88460.0,0.0,0.581548,2.8689880000000003,CHN,SGP,521012
10111504,71,192,7252,2004,921.0,0.0,0.9784649999999999,2.051216,ESP,SGP,521012
10111505,103,192,7252,2004,0.0,161112.0,-0.223644,1.719065,IDN,SGP,521012
10111506,239,192,7252,2004,0.0,58780.0,-0.5270560000000001,0.8910389999999999,VNM,SGP,521012
10111507,61,206,7252,2004,987.0,18842.0,2.266076,-2.011139,DEU,SVK,521012
10111508,189,206,7252,2004,0.0,1279.0,0.628071,2.210424,SCG,SVK,521012
10111509,111,207,7252,2004,19257.0,0.0,1.358057,1.11533,ITA,SVN,521012
10111510,168,207,7252,2004,58055.0,0.0,-0.754143,0.25995100000000004,PAK,SVN,521012
10111511,246,209,7252,2004,84405.0,0.0,0.460279,1.9736220000000002,ZAF,SWZ,521012
10111512,61,223,7252,2004,33536.0,0.0,2.266076,-2.011139,DEU,TUN,521012
10111513,71,223,7252,2004,1311.0,0.0,0.9784649999999999,2.051216,ESP,TUN,521012
10111514,77,223,7252,2004,9725.0,0.0,1.6003530000000001,0.643945,FRA,TUN,521012
10111515,111,223,7252,2004,367364.0,20229.0,1.358057,1.11533,ITA,TUN,521012
10111516,22,224,7252,2004,0.0,1027.0,-1.150444,-0.885333,BGD,TUR,521012
10111517,23,224,7252,2004,0.0,79475.0,0.35536,1.499182,BGR,TUR,521012
10111518,61,224,7252,2004,8848.0,243099.0,2.266076,-2.011139,DEU,TUR,521012
10111519,64,224,7252,2004,0.0,1048.0,1.328968,1.262743,DNK,TUR,521012
10111520,77,224,7252,2004,0.0,24319.0,1.6003530000000001,0.643945,FRA,TUR,521012
10111521,81,224,7252,2004,0.0,4161.0,1.843506,0.684779,GBR,TUR,521012
10111522,97,224,7252,2004,0.0,1598.0,0.604825,2.098745,HKG,TUR,521012
10111523,107,224,7252,2004,0.0,13324.0,-0.38210700000000003,-0.8408620000000001,IRN,TUR,521012
10111524,111,224,7252,2004,105136.0,0.0,1.358057,1.11533,ITA,TUR,521012
10111525,122,224,7252,2004,0.0,22277.0,-0.481908,-1.172081,KWT,TUR,521012
10111526,130,224,7252,2004,0.0,5054.0,0.403568,0.632707,LTU,TUR,521012
10111527,140,224,7252,2004,0.0,22408.0,-0.091013,0.190649,MKD,TUR,521012
10111528,162,224,7252,2004,0.0,23315.0,1.251808,1.586526,NLD,TUR,521012
10111529,177,224,7252,2004,0.0,33147.0,1.019341,1.519452,POL,TUR,521012
10111530,185,224,7252,2004,0.0,124528.0,0.37241599999999997,1.015865,ROU,TUR,521012
10111531,208,224,7252,2004,5700.0,19621.0,2.0522080000000003,0.8326969999999999,SWE,TUR,521012
10111532,212,224,7252,2004,0.0,7819.0,-0.568707,-0.034736,SYR,TUR,521012
10111533,250,224,7252,2004,3860.0,68591.0,0.509382,-0.30904299999999996,ANS,TUR,521012
10111534,61,228,7252,2004,16915.0,0.0,2.266076,-2.011139,DEU,UKR,521012
10111535,77,228,7252,2004,3702.0,0.0,1.6003530000000001,0.643945,FRA,UKR,521012
10111536,231,42,7252,2004,31571.0,0.0,1.7598630000000002,0.066704,USA,CHL,521012
10111537,77,44,7252,2004,0.0,970.0,1.6003530000000001,0.643945,FRA,CIV,521012
10111538,71,58,7252,2004,6976.0,0.0,0.9784649999999999,2.051216,ESP,CYP,521012
10111539,97,133,7252,2004,997.0,0.0,0.604825,2.098745,HKG,MAC,521012
10111540,249,133,7252,2004,1563.0,0.0,1.626307,1.358315,TWN,MAC,521012
10111541,18,134,7252,2004,18032.0,0.0,1.350911,1.408209,BEL,MAR,521012
10111542,61,134,7252,2004,2443.0,0.0,2.266076,-2.011139,DEU,MAR,521012
10111543,71,134,7252,2004,4516.0,0.0,0.9784649999999999,2.051216,ESP,MAR,521012
10111544,77,134,7252,2004,6148.0,0.0,1.6003530000000001,0.643945,FRA,MAR,521012
10111545,111,134,7252,2004,3225.0,0.0,1.358057,1.11533,ITA,MAR,521012
10111546,104,151,7252,2004,3947.0,0.0,0.233348,2.790987,IND,MUS,521012
10111547,246,155,7252,2004,54721.0,0.0,0.460279,1.9736220000000002,ZAF,NAM,521012
10111548,32,179,7252,2004,0.0,12533.0,0.540718,1.149065,BRA,PRT,521012
10111549,51,179,7252,2004,0.0,16322.0,-0.160185,-0.729291,CPV,PRT,521012
10111550,61,179,7252,2004,1144.0,52838.0,2.266076,-2.011139,DEU,PRT,521012
10111551,71,179,7252,2004,5464.0,14556.0,0.9784649999999999,2.051216,ESP,PRT,521012
10111552,77,179,7252,2004,25677.0,0.0,1.6003530000000001,0.643945,FRA,PRT,521012
10111553,111,179,7252,2004,27103.0,28222.0,1.358057,1.11533,ITA,PRT,521012
10111554,168,179,7252,2004,10685.0,0.0,-0.754143,0.25995100000000004,PAK,PRT,521012
10111555,224,212,7252,2004,7819.0,0.0,0.141454,1.9463599999999999,TUR,SYR,521012
10111556,97,239,7252,2004,3707.0,0.0,0.604825,2.098745,HKG,VNM,521012
10111557,111,239,7252,2004,21160.0,0.0,1.358057,1.11533,ITA,VNM,521012
10111558,121,239,7252,2004,280103.0,40119.0,1.3624690000000002,0.928342,KOR,VNM,521012
10111559,153,239,7252,2004,37386.0,0.0,0.6710050000000001,0.17807,MYS,VNM,521012
10111560,192,239,7252,2004,58780.0,0.0,1.6409779999999998,0.634947,SGP,VNM,521012
10111561,249,239,7252,2004,474027.0,0.0,1.626307,1.358315,TWN,VNM,521012
10111562,100,26,7252,2004,7823.0,0.0,0.6669970000000001,1.088043,HRV,BIH,521012
10111563,61,140,7252,2004,64993.0,0.0,2.266076,-2.011139,DEU,MKD,521012
10111564,224,140,7252,2004,22408.0,0.0,0.141454,1.9463599999999999,TUR,MKD,521012
10111565,216,178,7252,2004,0.0,4185.0,0.5150359999999999,1.583019,THA,PRK,521012
10111566,111,4,7252,2004,5469.0,0.0,1.358057,1.11533,ITA,ALB,521012
10111567,43,136,7252,2004,7235.0,0.0,0.581548,2.8689880000000003,CHN,MDG,521012
10111568,18,217,7252,2004,0.0,7856.0,1.350911,1.408209,BEL,TJK,521012
10111569,179,51,7252,2004,16322.0,0.0,0.524524,1.901139,PRT,CPV,521012
10111570,162,250,7252,2004,0.0,11368.0,1.251808,1.586526,NLD,ANS,521012
10111571,224,250,7252,2004,68591.0,3860.0,0.141454,1.9463599999999999,TUR,ANS,521012
10111572,32,8,7253,2004,236086.0,0.0,0.540718,1.149065,BRA,ARG,521019
10111573,42,8,7253,2004,0.0,87463.0,-0.07869,-0.33641,CHL,ARG,521019
10111574,230,8,7253,2004,0.0,1203.0,0.151633,0.121776,URY,ARG,521019
10111575,231,8,7253,2004,12513.0,0.0,1.7598630000000002,0.066704,USA,ARG,521019
10111576,15,14,7253,2004,3202.0,0.0,1.825391,0.40553,AUT,AUS,521019
10111577,41,14,7253,2004,2640.0,0.0,2.151471,0.7196279999999999,CHE,AUS,521019
10111578,43,14,7253,2004,113086.0,57477.0,0.581548,2.8689880000000003,CHN,AUS,521019
10111579,71,14,7253,2004,5175.0,0.0,0.9784649999999999,2.051216,ESP,AUS,521019
10111580,75,14,7253,2004,0.0,2304.0,-0.8870969999999999,-0.287427,FJI,AUS,521019
10111581,81,14,7253,2004,116861.0,0.0,1.843506,0.684779,GBR,AUS,521019
10111582,103,14,7253,2004,5734.0,91188.0,-0.223644,1.719065,IDN,AUS,521019
10111583,104,14,7253,2004,43756.0,0.0,0.233348,2.790987,IND,AUS,521019
10111584,111,14,7253,2004,5309.0,0.0,1.358057,1.11533,ITA,AUS,521019
10111585,121,14,7253,2004,4660.0,0.0,1.3624690000000002,0.928342,KOR,AUS,521019
10111586,128,14,7253,2004,0.0,2706.0,-0.658668,0.21912600000000002,LKA,AUS,521019
10111587,166,14,7253,2004,10612.0,2135.0,0.567392,0.965781,NZL,AUS,521019
10111588,192,14,7253,2004,6311.0,16016.0,1.6409779999999998,0.634947,SGP,AUS,521019
10111589,216,14,7253,2004,1003.0,0.0,0.5150359999999999,1.583019,THA,AUS,521019
10111590,220,14,7253,2004,0.0,8731.0,0.935424,-0.080261,TLS,AUS,521019
10111591,231,14,7253,2004,7563.0,0.0,1.7598630000000002,0.066704,USA,AUS,521019
10111592,249,14,7253,2004,9327.0,0.0,1.626307,1.358315,TWN,AUS,521019
10111593,14,15,7253,2004,0.0,3202.0,0.196641,0.8139460000000001,AUS,AUT,521019
10111594,18,15,7253,2004,39701.0,0.0,1.350911,1.408209,BEL,AUT,521019
10111595,26,15,7253,2004,0.0,40370.0,0.385952,0.571774,BIH,AUT,521019
10111596,41,15,7253,2004,468104.0,163492.0,2.151471,0.7196279999999999,CHE,AUT,521019
10111597,61,15,7253,2004,30688.0,392932.0,2.266076,-2.011139,DEU,AUT,521019
10111598,74,15,7253,2004,0.0,5495.0,2.000218,0.9867309999999999,FIN,AUT,521019
10111599,77,15,7253,2004,3531.0,0.0,1.6003530000000001,0.643945,FRA,AUT,521019
10111600,81,15,7253,2004,2602.0,0.0,1.843506,0.684779,GBR,AUT,521019
10111601,90,15,7253,2004,0.0,39725.0,0.348853,1.661656,GRC,AUT,521019
10111602,97,15,7253,2004,0.0,973.0,0.604825,2.098745,HKG,AUT,521019
10111603,102,15,7253,2004,180802.0,0.0,1.207082,1.019714,HUN,AUT,521019
10111604,104,15,7253,2004,23127.0,0.0,0.233348,2.790987,IND,AUT,521019
10111605,111,15,7253,2004,7338.0,117333.0,1.358057,1.11533,ITA,AUT,521019
10111606,159,15,7253,2004,0.0,1097.0,-2.413432,-1.3033190000000001,NGA,AUT,521019
10111607,189,15,7253,2004,0.0,11833.0,0.628071,2.210424,SCG,AUT,521019
10111608,206,15,7253,2004,6750.0,4068.0,1.2375120000000002,0.8777889999999999,SVK,AUT,521019
10111609,207,15,7253,2004,86678.0,2703.0,1.628643,1.02381,SVN,AUT,521019
10111610,216,15,7253,2004,0.0,2768.0,0.5150359999999999,1.583019,THA,AUT,521019
10111611,224,15,7253,2004,10845.0,0.0,0.141454,1.9463599999999999,TUR,AUT,521019
10111612,231,15,7253,2004,0.0,1390.0,1.7598630000000002,0.066704,USA,AUT,521019
10111613,15,18,7253,2004,0.0,39701.0,1.825391,0.40553,AUT,BEL,521019
10111614,23,18,7253,2004,26679.0,516460.0,0.35536,1.499182,BGR,BEL,521019
10111615,39,18,7253,2004,0.0,2979.0,0.9392739999999999,1.19228,CAN,BEL,521019
10111616,41,18,7253,2004,0.0,12377.0,2.151471,0.7196279999999999,CHE,BEL,521019
10111617,49,18,7253,2004,0.0,7201.0,0.033128,0.47524799999999995,COL,BEL,521019
10111618,59,18,7253,2004,0.0,15572.0,1.562625,0.865244,CZE,BEL,521019
10111619,61,18,7253,2004,18798.0,35074.0,2.266076,-2.011139,DEU,BEL,521019
10111620,64,18,7253,2004,0.0,178617.0,1.328968,1.262743,DNK,BEL,521019
10111621,71,18,7253,2004,6201.0,1460.0,0.9784649999999999,2.051216,ESP,BEL,521019
10111622,72,18,7253,2004,0.0,273790.0,0.6101840000000001,0.9520370000000001,EST,BEL,521019
10111623,74,18,7253,2004,0.0,107039.0,2.000218,0.9867309999999999,FIN,BEL,521019
10111624,77,18,7253,2004,44294.0,234510.0,1.6003530000000001,0.643945,FRA,BEL,521019
10111625,81,18,7253,2004,2102.0,385131.0,1.843506,0.684779,GBR,BEL,521019
10111626,85,18,7253,2004,0.0,9690.0,-1.314543,-1.155153,GIN,BEL,521019
10111627,90,18,7253,2004,0.0,8606.0,0.348853,1.661656,GRC,BEL,521019
10111628,102,18,7253,2004,0.0,1934.0,1.207082,1.019714,HUN,BEL,521019
10111629,104,18,7253,2004,15443.0,0.0,0.233348,2.790987,IND,BEL,521019
10111630,111,18,7253,2004,21738.0,0.0,1.358057,1.11533,ITA,BEL,521019
10111631,114,18,7253,2004,0.0,2392.0,2.526624,0.452054,JPN,BEL,521019
10111632,121,18,7253,2004,0.0,1438.0,1.3624690000000002,0.928342,KOR,BEL,521019
10111633,130,18,7253,2004,15613.0,34221.0,0.403568,0.632707,LTU,BEL,521019
10111634,131,18,7253,2004,6533.0,0.0,1.37529,1.0172649999999999,LUX,BEL,521019
10111635,132,18,7253,2004,0.0,8842.0,0.413821,0.627853,LVA,BEL,521019
10111636,162,18,7253,2004,9704.0,88138.0,1.251808,1.586526,NLD,BEL,521019
10111637,163,18,7253,2004,0.0,86252.0,1.10162,0.118709,NOR,BEL,521019
10111638,168,18,7253,2004,18759.0,0.0,-0.754143,0.25995100000000004,PAK,BEL,521019
10111639,177,18,7253,2004,0.0,36345.0,1.019341,1.519452,POL,BEL,521019
10111640,185,18,7253,2004,2478.0,37993.0,0.37241599999999997,1.015865,ROU,BEL,521019
10111641,208,18,7253,2004,12674.0,1463460.0,2.0522080000000003,0.8326969999999999,SWE,BEL,521019
10111642,223,18,7253,2004,0.0,6559.0,-0.195751,0.335147,TUN,BEL,521019
10111643,224,18,7253,2004,17869.0,0.0,0.141454,1.9463599999999999,TUR,BEL,521019
10111644,231,18,7253,2004,402291.0,122193.0,1.7598630000000002,0.066704,USA,BEL,521019
10111645,231,25,7253,2004,8095.0,0.0,1.7598630000000002,0.066704,USA,BHS,521019
10111646,8,32,7253,2004,0.0,236086.0,0.28128600000000004,0.64115,ARG,BRA,521019
10111647,31,32,7253,2004,0.0,10568.0,-0.9288489999999999,-0.929884,BOL,BRA,521019
10111648,42,32,7253,2004,0.0,28581.0,-0.07869,-0.33641,CHL,BRA,521019
10111649,77,32,7253,2004,2356.0,0.0,1.6003530000000001,0.643945,FRA,BRA,521019
10111650,104,32,7253,2004,46057.0,0.0,0.233348,2.790987,IND,BRA,521019
10111651,138,32,7253,2004,22019.0,0.0,0.868684,0.85506,MEX,BRA,521019
10111652,168,32,7253,2004,14788.0,0.0,-0.754143,0.25995100000000004,PAK,BRA,521019
10111653,180,32,7253,2004,0.0,6983.0,-0.64574,-0.978875,PRY,BRA,521019
10111654,230,32,7253,2004,0.0,1377.0,0.151633,0.121776,URY,BRA,521019
10111655,231,32,7253,2004,22922.0,0.0,1.7598630000000002,0.066704,USA,BRA,521019
10111656,231,33,7253,2004,918.0,0.0,1.7598630000000002,0.066704,USA,BRB,521019
10111657,18,39,7253,2004,2979.0,0.0,1.350911,1.408209,BEL,CAN,521019
10111658,23,39,7253,2004,0.0,16233.0,0.35536,1.499182,BGR,CAN,521019
10111659,41,39,7253,2004,3211.0,0.0,2.151471,0.7196279999999999,CHE,CAN,521019
10111660,43,39,7253,2004,22732.0,0.0,0.581548,2.8689880000000003,CHN,CAN,521019
10111661,61,39,7253,2004,5799.0,0.0,2.266076,-2.011139,DEU,CAN,521019
10111662,71,39,7253,2004,1796.0,0.0,0.9784649999999999,2.051216,ESP,CAN,521019
10111663,77,39,7253,2004,3591.0,0.0,1.6003530000000001,0.643945,FRA,CAN,521019
10111664,103,39,7253,2004,6844.0,0.0,-0.223644,1.719065,IDN,CAN,521019
10111665,111,39,7253,2004,7117.0,0.0,1.358057,1.11533,ITA,CAN,521019
10111666,112,39,7253,2004,0.0,2431.0,-0.64957,-0.944183,JAM,CAN,521019
10111667,114,39,7253,2004,11522.0,0.0,2.526624,0.452054,JPN,CAN,521019
10111668,121,39,7253,2004,2358.0,0.0,1.3624690000000002,0.928342,KOR,CAN,521019
10111669,138,39,7253,2004,16876.0,0.0,0.868684,0.85506,MEX,CAN,521019
10111670,168,39,7253,2004,12870.0,0.0,-0.754143,0.25995100000000004,PAK,CAN,521019
10111671,179,39,7253,2004,49615.0,0.0,0.524524,1.901139,PRT,CAN,521019
10111672,180,39,7253,2004,0.0,9249.0,-0.64574,-0.978875,PRY,CAN,521019
10111673,216,39,7253,2004,2824.0,0.0,0.5150359999999999,1.583019,THA,CAN,521019
10111674,222,39,7253,2004,0.0,6243.0,0.00677,-0.965385,TTO,CAN,521019
10111675,231,39,7253,2004,328483.0,967566.0,1.7598630000000002,0.066704,USA,CAN,521019
10111676,14,41,7253,2004,0.0,2640.0,0.196641,0.8139460000000001,AUS,CHE,521019
10111677,15,41,7253,2004,163492.0,468104.0,1.825391,0.40553,AUT,CHE,521019
10111678,18,41,7253,2004,12377.0,0.0,1.350911,1.408209,BEL,CHE,521019
10111679,39,41,7253,2004,0.0,3211.0,0.9392739999999999,1.19228,CAN,CHE,521019
10111680,61,41,7253,2004,115001.0,242222.0,2.266076,-2.011139,DEU,CHE,521019
10111681,64,41,7253,2004,0.0,30195.0,1.328968,1.262743,DNK,CHE,521019
10111682,71,41,7253,2004,0.0,19372.0,0.9784649999999999,2.051216,ESP,CHE,521019
10111683,77,41,7253,2004,2440.0,61358.0,1.6003530000000001,0.643945,FRA,CHE,521019
10111684,81,41,7253,2004,6560.0,12521.0,1.843506,0.684779,GBR,CHE,521019
10111685,90,41,7253,2004,0.0,13477.0,0.348853,1.661656,GRC,CHE,521019
10111686,102,41,7253,2004,96768.0,0.0,1.207082,1.019714,HUN,CHE,521019
10111687,104,41,7253,2004,52409.0,0.0,0.233348,2.790987,IND,CHE,521019
10111688,111,41,7253,2004,2067350.0,123205.0,1.358057,1.11533,ITA,CHE,521019
10111689,208,41,7253,2004,0.0,242276.0,2.0522080000000003,0.8326969999999999,SWE,CHE,521019
10111690,231,41,7253,2004,0.0,42187.0,1.7598630000000002,0.066704,USA,CHE,521019
10111691,14,43,7253,2004,57477.0,113086.0,0.196641,0.8139460000000001,AUS,CHN,521019
10111692,22,43,7253,2004,0.0,131082.0,-1.150444,-0.885333,BGD,CHN,521019
10111693,23,43,7253,2004,0.0,20218.0,0.35536,1.499182,BGR,CHN,521019
10111694,24,43,7253,2004,264073.0,0.0,0.045344999999999996,-1.001059,BHR,CHN,521019
10111695,28,43,7253,2004,0.0,5031.0,0.8553139999999999,0.703926,BLR,CHN,521019
10111696,34,43,7253,2004,0.0,41139.0,-1.271325,-1.03277,BRN,CHN,521019
10111697,39,43,7253,2004,0.0,22732.0,0.9392739999999999,1.19228,CAN,CHN,521019
10111698,42,43,7253,2004,0.0,26515.0,-0.07869,-0.33641,CHL,CHN,521019
10111699,61,43,7253,2004,1995.0,14417.0,2.266076,-2.011139,DEU,CHN,521019
10111700,71,43,7253,2004,0.0,46077.0,0.9784649999999999,2.051216,ESP,CHN,521019
10111701,81,43,7253,2004,6537.0,0.0,1.843506,0.684779,GBR,CHN,521019
10111702,83,43,7253,2004,0.0,6393.0,-1.2972540000000001,-0.9967219999999999,GHA,CHN,521019
10111703,97,43,7253,2004,378075.0,173921.0,0.604825,2.098745,HKG,CHN,521019
10111704,103,43,7253,2004,30257.0,262495.0,-0.223644,1.719065,IDN,CHN,521019
10111705,104,43,7253,2004,10332.0,65564.0,0.233348,2.790987,IND,CHN,521019
10111706,110,43,7253,2004,0.0,45851.0,1.250393,0.8003979999999999,ISR,CHN,521019
10111707,111,43,7253,2004,1418.0,4501.0,1.358057,1.11533,ITA,CHN,521019
10111708,113,43,7253,2004,0.0,3986.0,0.152989,0.385845,JOR,CHN,521019
10111709,114,43,7253,2004,89362.0,276836.0,2.526624,0.452054,JPN,CHN,521019
10111710,121,43,7253,2004,135062.0,128256.0,1.3624690000000002,0.928342,KOR,CHN,521019
10111711,124,43,7253,2004,0.0,35424.0,0.32409899999999997,1.037024,LBN,CHN,521019
10111712,128,43,7253,2004,0.0,1245930.0,-0.658668,0.21912600000000002,LKA,CHN,521019
10111713,136,43,7253,2004,0.0,131354.0,-1.355542,-0.634409,MDG,CHN,521019
10111714,143,43,7253,2004,0.0,6250.0,-1.400614,-0.947664,MMR,CHN,521019
10111715,147,43,7253,2004,0.0,7885.0,-1.1010790000000001,-1.0942,MOZ,CHN,521019
10111716,148,43,7253,2004,0.0,46384.0,-1.6173959999999998,-1.2925719999999998,MRT,CHN,521019
10111717,151,43,7253,2004,0.0,24056.0,-0.374754,-0.288504,MUS,CHN,521019
10111718,153,43,7253,2004,0.0,27027.0,0.6710050000000001,0.17807,MYS,CHN,521019
10111719,155,43,7253,2004,0.0,17034.0,-0.40995299999999996,-0.550272,NAM,CHN,521019
10111720,162,43,7253,2004,0.0,75005.0,1.251808,1.586526,NLD,CHN,521019
10111721,163,43,7253,2004,0.0,3676.0,1.10162,0.118709,NOR,CHN,521019
10111722,168,43,7253,2004,0.0,292440.0,-0.754143,0.25995100000000004,PAK,CHN,521019
10111723,174,43,7253,2004,0.0,42320.0,-0.076709,-0.149006,PHL,CHN,521019
10111724,185,43,7253,2004,0.0,7837.0,0.37241599999999997,1.015865,ROU,CHN,521019
10111725,188,43,7253,2004,0.0,91779.0,0.546196,-0.7014729999999999,SAU,CHN,521019
10111726,191,43,7253,2004,0.0,6477.0,-0.527127,-0.368631,SEN,CHN,521019
10111727,192,43,7253,2004,0.0,257779.0,1.6409779999999998,0.634947,SGP,CHN,521019
10111728,209,43,7253,2004,0.0,74892.0,0.397488,-0.264855,SWZ,CHN,521019
10111729,216,43,7253,2004,7846610.0,196752.0,0.5150359999999999,1.583019,THA,CHN,521019
10111730,224,43,7253,2004,0.0,83705.0,0.141454,1.9463599999999999,TUR,CHN,521019
10111731,227,43,7253,2004,0.0,4170.0,-0.914733,-0.554346,UGA,CHN,521019
10111732,231,43,7253,2004,1934596.0,0.0,1.7598630000000002,0.066704,USA,CHN,521019
10111733,239,43,7253,2004,0.0,42083.0,-0.5270560000000001,0.8910389999999999,VNM,CHN,521019
10111734,246,43,7253,2004,0.0,108891.0,0.460279,1.9736220000000002,ZAF,CHN,521019
10111735,249,43,7253,2004,29733.0,1133060.0,1.626307,1.358315,TWN,CHN,521019
10111736,18,49,7253,2004,7201.0,0.0,1.350911,1.408209,BEL,COL,521019
10111737,71,49,7253,2004,2647.0,0.0,0.9784649999999999,2.051216,ESP,COL,521019
10111738,77,49,7253,2004,2187.0,0.0,1.6003530000000001,0.643945,FRA,COL,521019
10111739,111,49,7253,2004,3749.0,0.0,1.358057,1.11533,ITA,COL,521019
10111740,121,49,7253,2004,2091.0,0.0,1.3624690000000002,0.928342,KOR,COL,521019
10111741,179,49,7253,2004,4510.0,0.0,0.524524,1.901139,PRT,COL,521019
10111742,216,49,7253,2004,8075.0,0.0,0.5150359999999999,1.583019,THA,COL,521019
10111743,231,49,7253,2004,52223.0,0.0,1.7598630000000002,0.066704,USA,COL,521019
10111744,250,49,7253,2004,14973.0,0.0,0.509382,-0.30904299999999996,ANS,COL,521019
10111745,71,54,7253,2004,6909.0,0.0,0.9784649999999999,2.051216,ESP,CUB,521019
10111746,15,61,7253,2004,392932.0,30688.0,1.825391,0.40553,AUT,DEU,521019
10111747,18,61,7253,2004,35074.0,18798.0,1.350911,1.408209,BEL,DEU,521019
10111748,23,61,7253,2004,179095.0,21808.0,0.35536,1.499182,BGR,DEU,521019
10111749,39,61,7253,2004,0.0,5799.0,0.9392739999999999,1.19228,CAN,DEU,521019
10111750,41,61,7253,2004,242222.0,115001.0,2.151471,0.7196279999999999,CHE,DEU,521019
10111751,43,61,7253,2004,14417.0,1995.0,0.581548,2.8689880000000003,CHN,DEU,521019
10111752,58,61,7253,2004,0.0,15944.0,0.533521,0.615939,CYP,DEU,521019
10111753,59,61,7253,2004,62064.0,135946.0,1.562625,0.865244,CZE,DEU,521019
10111754,64,61,7253,2004,0.0,71672.0,1.328968,1.262743,DNK,DEU,521019
10111755,68,61,7253,2004,9764.0,0.0,-0.300563,0.41834899999999997,EGY,DEU,521019
10111756,71,61,7253,2004,47154.0,18077.0,0.9784649999999999,2.051216,ESP,DEU,521019
10111757,74,61,7253,2004,0.0,120118.0,2.000218,0.9867309999999999,FIN,DEU,521019
10111758,77,61,7253,2004,139354.0,45563.0,1.6003530000000001,0.643945,FRA,DEU,521019
10111759,81,61,7253,2004,13950.0,1991.0,1.843506,0.684779,GBR,DEU,521019
10111760,90,61,7253,2004,0.0,16217.0,0.348853,1.661656,GRC,DEU,521019
10111761,100,61,7253,2004,0.0,32618.0,0.6669970000000001,1.088043,HRV,DEU,521019
10111762,102,61,7253,2004,0.0,13758.0,1.207082,1.019714,HUN,DEU,521019
10111763,103,61,7253,2004,2826.0,0.0,-0.223644,1.719065,IDN,DEU,521019
10111764,109,61,7253,2004,0.0,1196.0,0.298844,-0.36366,ISL,DEU,521019
10111765,111,61,7253,2004,860556.0,48159.0,1.358057,1.11533,ITA,DEU,521019
10111766,121,61,7253,2004,0.0,4895.0,1.3624690000000002,0.928342,KOR,DEU,521019
10111767,128,61,7253,2004,0.0,14718.0,-0.658668,0.21912600000000002,LKA,DEU,521019
10111768,130,61,7253,2004,0.0,25133.0,0.403568,0.632707,LTU,DEU,521019
10111769,132,61,7253,2004,0.0,3943.0,0.413821,0.627853,LVA,DEU,521019
10111770,134,61,7253,2004,998.0,3258.0,-0.681556,-0.152372,MAR,DEU,521019
10111771,135,61,7253,2004,0.0,8859.0,-0.155523,-0.355142,MDA,DEU,521019
10111772,140,61,7253,2004,0.0,13382.0,-0.091013,0.190649,MKD,DEU,521019
10111773,162,61,7253,2004,20134.0,208408.0,1.251808,1.586526,NLD,DEU,521019
10111774,166,61,7253,2004,0.0,941.0,0.567392,0.965781,NZL,DEU,521019
10111775,177,61,7253,2004,3207.0,55980.0,1.019341,1.519452,POL,DEU,521019
10111776,179,61,7253,2004,5300.0,0.0,0.524524,1.901139,PRT,DEU,521019
10111777,185,61,7253,2004,6377.0,90203.0,0.37241599999999997,1.015865,ROU,DEU,521019
10111778,186,61,7253,2004,0.0,995.0,0.8952399999999999,0.172896,RUS,DEU,521019
10111779,188,61,7253,2004,0.0,71374.0,0.546196,-0.7014729999999999,SAU,DEU,521019
10111780,206,61,7253,2004,0.0,988.0,1.2375120000000002,0.8777889999999999,SVK,DEU,521019
10111781,208,61,7253,2004,0.0,3611.0,2.0522080000000003,0.8326969999999999,SWE,DEU,521019
10111782,216,61,7253,2004,3278.0,0.0,0.5150359999999999,1.583019,THA,DEU,521019
10111783,224,61,7253,2004,78226.0,1965.0,0.141454,1.9463599999999999,TUR,DEU,521019
10111784,228,61,7253,2004,0.0,13931.0,0.8758040000000001,0.8195879999999999,UKR,DEU,521019
10111785,231,61,7253,2004,0.0,2966.0,1.7598630000000002,0.066704,USA,DEU,521019
10111786,239,61,7253,2004,0.0,73087.0,-0.5270560000000001,0.8910389999999999,VNM,DEU,521019
10111787,246,61,7253,2004,6021.0,0.0,0.460279,1.9736220000000002,ZAF,DEU,521019
10111788,248,61,7253,2004,0.0,14048.0,-0.560593,-0.091112,ZWE,DEU,521019
10111789,18,64,7253,2004,178617.0,0.0,1.350911,1.408209,BEL,DNK,521019
10111790,41,64,7253,2004,30195.0,0.0,2.151471,0.7196279999999999,CHE,DNK,521019
10111791,59,64,7253,2004,4219.0,0.0,1.562625,0.865244,CZE,DNK,521019
10111792,61,64,7253,2004,71672.0,0.0,2.266076,-2.011139,DEU,DNK,521019
10111793,71,64,7253,2004,4064.0,0.0,0.9784649999999999,2.051216,ESP,DNK,521019
10111794,74,64,7253,2004,0.0,19800.0,2.000218,0.9867309999999999,FIN,DNK,521019
10111795,81,64,7253,2004,4404.0,0.0,1.843506,0.684779,GBR,DNK,521019
10111796,109,64,7253,2004,0.0,1224.0,0.298844,-0.36366,ISL,DNK,521019
10111797,111,64,7253,2004,30140.0,0.0,1.358057,1.11533,ITA,DNK,521019
10111798,121,64,7253,2004,2020.0,0.0,1.3624690000000002,0.928342,KOR,DNK,521019
10111799,130,64,7253,2004,0.0,1270.0,0.403568,0.632707,LTU,DNK,521019
10111800,132,64,7253,2004,0.0,3030.0,0.413821,0.627853,LVA,DNK,521019
10111801,177,64,7253,2004,0.0,6707.0,1.019341,1.519452,POL,DNK,521019
10111802,208,64,7253,2004,0.0,111174.0,2.0522080000000003,0.8326969999999999,SWE,DNK,521019
10111803,224,64,7253,2004,26934.0,0.0,0.141454,1.9463599999999999,TUR,DNK,521019
10111804,71,65,7253,2004,9168.0,0.0,0.9784649999999999,2.051216,ESP,DOM,521019
10111805,97,65,7253,2004,5871.0,0.0,0.604825,2.098745,HKG,DOM,521019
10111806,121,65,7253,2004,74327.0,0.0,1.3624690000000002,0.928342,KOR,DOM,521019
10111807,231,65,7253,2004,1517427.0,0.0,1.7598630000000002,0.066704,USA,DOM,521019
10111808,42,67,7253,2004,1691.0,0.0,-0.07869,-0.33641,CHL,ECU,521019
10111809,231,67,7253,2004,3084.0,0.0,1.7598630000000002,0.066704,USA,ECU,521019
10111810,14,71,7253,2004,0.0,5175.0,0.196641,0.8139460000000001,AUS,ESP,521019
10111811,18,71,7253,2004,1460.0,6201.0,1.350911,1.408209,BEL,ESP,521019
10111812,23,71,7253,2004,1647.0,76794.0,0.35536,1.499182,BGR,ESP,521019
10111813,39,71,7253,2004,0.0,1796.0,0.9392739999999999,1.19228,CAN,ESP,521019
10111814,41,71,7253,2004,19372.0,0.0,2.151471,0.7196279999999999,CHE,ESP,521019
10111815,42,71,7253,2004,0.0,1250.0,-0.07869,-0.33641,CHL,ESP,521019
10111816,43,71,7253,2004,46077.0,0.0,0.581548,2.8689880000000003,CHN,ESP,521019
10111817,49,71,7253,2004,0.0,2647.0,0.033128,0.47524799999999995,COL,ESP,521019
10111818,54,71,7253,2004,0.0,6909.0,-0.040541,-0.634675,CUB,ESP,521019
10111819,58,71,7253,2004,0.0,1638.0,0.533521,0.615939,CYP,ESP,521019
10111820,61,71,7253,2004,18077.0,47154.0,2.266076,-2.011139,DEU,ESP,521019
10111821,64,71,7253,2004,0.0,4064.0,1.328968,1.262743,DNK,ESP,521019
10111822,65,71,7253,2004,0.0,9168.0,-0.510025,-0.328257,DOM,ESP,521019
10111823,66,71,7253,2004,0.0,12753.0,-0.725066,-1.163606,DZA,ESP,521019
10111824,72,71,7253,2004,0.0,7152.0,0.6101840000000001,0.9520370000000001,EST,ESP,521019
10111825,74,71,7253,2004,0.0,2006.0,2.000218,0.9867309999999999,FIN,ESP,521019
10111826,77,71,7253,2004,60374.0,376592.0,1.6003530000000001,0.643945,FRA,ESP,521019
10111827,81,71,7253,2004,4974.0,49572.0,1.843506,0.684779,GBR,ESP,521019
10111828,90,71,7253,2004,0.0,44051.0,0.348853,1.661656,GRC,ESP,521019
10111829,97,71,7253,2004,0.0,889.0,0.604825,2.098745,HKG,ESP,521019
10111830,102,71,7253,2004,0.0,10529.0,1.207082,1.019714,HUN,ESP,521019
10111831,103,71,7253,2004,38766.0,0.0,-0.223644,1.719065,IDN,ESP,521019
10111832,104,71,7253,2004,3113.0,0.0,0.233348,2.790987,IND,ESP,521019
10111833,106,71,7253,2004,0.0,14997.0,1.501859,0.14456,IRL,ESP,521019
10111834,111,71,7253,2004,296869.0,128242.0,1.358057,1.11533,ITA,ESP,521019
10111835,113,71,7253,2004,0.0,1751.0,0.152989,0.385845,JOR,ESP,521019
10111836,114,71,7253,2004,0.0,55569.0,2.526624,0.452054,JPN,ESP,521019
10111837,116,71,7253,2004,0.0,3062.0,-0.503694,0.410495,KEN,ESP,521019
10111838,121,71,7253,2004,3246.0,0.0,1.3624690000000002,0.928342,KOR,ESP,521019
10111839,124,71,7253,2004,0.0,47026.0,0.32409899999999997,1.037024,LBN,ESP,521019
10111840,128,71,7253,2004,0.0,6453.0,-0.658668,0.21912600000000002,LKA,ESP,521019
10111841,130,71,7253,2004,0.0,3079.0,0.403568,0.632707,LTU,ESP,521019
10111842,134,71,7253,2004,2793.0,45731.0,-0.681556,-0.152372,MAR,ESP,521019
10111843,138,71,7253,2004,0.0,217089.0,0.868684,0.85506,MEX,ESP,521019
10111844,142,71,7253,2004,0.0,8737.0,1.251894,0.063827,MLT,ESP,521019
10111845,162,71,7253,2004,0.0,43165.0,1.251808,1.586526,NLD,ESP,521019
10111846,163,71,7253,2004,0.0,1318.0,1.10162,0.118709,NOR,ESP,521019
10111847,166,71,7253,2004,0.0,2226.0,0.567392,0.965781,NZL,ESP,521019
10111848,168,71,7253,2004,242701.0,0.0,-0.754143,0.25995100000000004,PAK,ESP,521019
10111849,173,71,7253,2004,0.0,1561.0,-0.564244,0.131232,PER,ESP,521019
10111850,177,71,7253,2004,0.0,58385.0,1.019341,1.519452,POL,ESP,521019
10111851,179,71,7253,2004,125032.0,43085.0,0.524524,1.901139,PRT,ESP,521019
10111852,185,71,7253,2004,10438.0,36499.0,0.37241599999999997,1.015865,ROU,ESP,521019
10111853,192,71,7253,2004,45840.0,0.0,1.6409779999999998,0.634947,SGP,ESP,521019
10111854,208,71,7253,2004,0.0,17958.0,2.0522080000000003,0.8326969999999999,SWE,ESP,521019
10111855,216,71,7253,2004,0.0,2763.0,0.5150359999999999,1.583019,THA,ESP,521019
10111856,223,71,7253,2004,0.0,169498.0,-0.195751,0.335147,TUN,ESP,521019
10111857,224,71,7253,2004,0.0,2183.0,0.141454,1.9463599999999999,TUR,ESP,521019
10111858,231,71,7253,2004,5663.0,12399.0,1.7598630000000002,0.066704,USA,ESP,521019
10111859,246,71,7253,2004,0.0,3936.0,0.460279,1.9736220000000002,ZAF,ESP,521019
10111860,249,71,7253,2004,0.0,4112.0,1.626307,1.358315,TWN,ESP,521019
10111861,18,72,7253,2004,273790.0,0.0,1.350911,1.408209,BEL,EST,521019
10111862,71,72,7253,2004,7152.0,0.0,0.9784649999999999,2.051216,ESP,EST,521019
10111863,74,72,7253,2004,93741.0,2425.0,2.000218,0.9867309999999999,FIN,EST,521019
10111864,81,72,7253,2004,8757.0,0.0,1.843506,0.684779,GBR,EST,521019
10111865,111,72,7253,2004,1993.0,0.0,1.358057,1.11533,ITA,EST,521019
10111866,177,72,7253,2004,0.0,71959.0,1.019341,1.519452,POL,EST,521019
10111867,208,72,7253,2004,0.0,7366.0,2.0522080000000003,0.8326969999999999,SWE,EST,521019
10111868,250,72,7253,2004,32926.0,0.0,0.509382,-0.30904299999999996,ANS,EST,521019
10111869,15,74,7253,2004,5495.0,0.0,1.825391,0.40553,AUT,FIN,521019
10111870,18,74,7253,2004,107039.0,0.0,1.350911,1.408209,BEL,FIN,521019
10111871,61,74,7253,2004,120118.0,0.0,2.266076,-2.011139,DEU,FIN,521019
10111872,64,74,7253,2004,19800.0,0.0,1.328968,1.262743,DNK,FIN,521019
10111873,71,74,7253,2004,2006.0,0.0,0.9784649999999999,2.051216,ESP,FIN,521019
10111874,72,74,7253,2004,2425.0,93741.0,0.6101840000000001,0.9520370000000001,EST,FIN,521019
10111875,106,74,7253,2004,8478.0,0.0,1.501859,0.14456,IRL,FIN,521019
10111876,208,74,7253,2004,4109.0,0.0,2.0522080000000003,0.8326969999999999,SWE,FIN,521019
10111877,15,77,7253,2004,0.0,3531.0,1.825391,0.40553,AUT,FRA,521019
10111878,18,77,7253,2004,234510.0,44294.0,1.350911,1.408209,BEL,FRA,521019
10111879,23,77,7253,2004,42404.0,49865.0,0.35536,1.499182,BGR,FRA,521019
10111880,28,77,7253,2004,0.0,10313.0,0.8553139999999999,0.703926,BLR,FRA,521019
10111881,32,77,7253,2004,0.0,2356.0,0.540718,1.149065,BRA,FRA,521019
10111882,39,77,7253,2004,0.0,3591.0,0.9392739999999999,1.19228,CAN,FRA,521019
10111883,41,77,7253,2004,61358.0,2440.0,2.151471,0.7196279999999999,CHE,FRA,521019
10111884,42,77,7253,2004,0.0,1138.0,-0.07869,-0.33641,CHL,FRA,521019
10111885,44,77,7253,2004,0.0,780.0,-0.8490979999999999,-0.754732,CIV,FRA,521019
10111886,49,77,7253,2004,0.0,2187.0,0.033128,0.47524799999999995,COL,FRA,521019
10111887,58,77,7253,2004,0.0,19496.0,0.533521,0.615939,CYP,FRA,521019
10111888,61,77,7253,2004,45563.0,139354.0,2.266076,-2.011139,DEU,FRA,521019
10111889,66,77,7253,2004,0.0,10695.0,-0.725066,-1.163606,DZA,FRA,521019
10111890,71,77,7253,2004,376592.0,60374.0,0.9784649999999999,2.051216,ESP,FRA,521019
10111891,81,77,7253,2004,7926.0,2028.0,1.843506,0.684779,GBR,FRA,521019
10111892,85,77,7253,2004,0.0,3285.0,-1.314543,-1.155153,GIN,FRA,521019
10111893,90,77,7253,2004,0.0,70147.0,0.348853,1.661656,GRC,FRA,521019
10111894,97,77,7253,2004,0.0,25383.0,0.604825,2.098745,HKG,FRA,521019
10111895,100,77,7253,2004,0.0,6906.0,0.6669970000000001,1.088043,HRV,FRA,521019
10111896,102,77,7253,2004,0.0,43852.0,1.207082,1.019714,HUN,FRA,521019
10111897,104,77,7253,2004,42869.0,0.0,0.233348,2.790987,IND,FRA,521019
10111898,106,77,7253,2004,1223.0,0.0,1.501859,0.14456,IRL,FRA,521019
10111899,111,77,7253,2004,357629.0,233422.0,1.358057,1.11533,ITA,FRA,521019
10111900,114,77,7253,2004,0.0,11928.0,2.526624,0.452054,JPN,FRA,521019
10111901,128,77,7253,2004,0.0,3710.0,-0.658668,0.21912600000000002,LKA,FRA,521019
10111902,130,77,7253,2004,0.0,83805.0,0.403568,0.632707,LTU,FRA,521019
10111903,134,77,7253,2004,16217.0,482035.0,-0.681556,-0.152372,MAR,FRA,521019
10111904,136,77,7253,2004,0.0,280864.0,-1.355542,-0.634409,MDG,FRA,521019
10111905,138,77,7253,2004,0.0,3544.0,0.868684,0.85506,MEX,FRA,521019
10111906,162,77,7253,2004,30498.0,36547.0,1.251808,1.586526,NLD,FRA,521019
10111907,168,77,7253,2004,7533.0,0.0,-0.754143,0.25995100000000004,PAK,FRA,521019
10111908,177,77,7253,2004,1202.0,20441.0,1.019341,1.519452,POL,FRA,521019
10111909,179,77,7253,2004,8562.0,39127.0,0.524524,1.901139,PRT,FRA,521019
10111910,185,77,7253,2004,9360.0,44834.0,0.37241599999999997,1.015865,ROU,FRA,521019
10111911,189,77,7253,2004,0.0,6547.0,0.628071,2.210424,SCG,FRA,521019
10111912,191,77,7253,2004,0.0,27404.0,-0.527127,-0.368631,SEN,FRA,521019
10111913,192,77,7253,2004,0.0,1004.0,1.6409779999999998,0.634947,SGP,FRA,521019
10111914,206,77,7253,2004,3276.0,1204.0,1.2375120000000002,0.8777889999999999,SVK,FRA,521019
10111915,208,77,7253,2004,0.0,4766.0,2.0522080000000003,0.8326969999999999,SWE,FRA,521019
10111916,216,77,7253,2004,2202.0,19264.0,0.5150359999999999,1.583019,THA,FRA,521019
10111917,223,77,7253,2004,0.0,1429290.0,-0.195751,0.335147,TUN,FRA,521019
10111918,224,77,7253,2004,9100.0,68575.0,0.141454,1.9463599999999999,TUR,FRA,521019
10111919,228,77,7253,2004,0.0,5092.0,0.8758040000000001,0.8195879999999999,UKR,FRA,521019
10111920,231,77,7253,2004,6814.0,224740.0,1.7598630000000002,0.066704,USA,FRA,521019
10111921,7,81,7253,2004,0.0,56385.0,0.1799,-0.34541900000000003,ARE,GBR,521019
10111922,14,81,7253,2004,0.0,116861.0,0.196641,0.8139460000000001,AUS,GBR,521019
10111923,15,81,7253,2004,0.0,2602.0,1.825391,0.40553,AUT,GBR,521019
10111924,18,81,7253,2004,385131.0,2102.0,1.350911,1.408209,BEL,GBR,521019
10111925,22,81,7253,2004,0.0,1295.0,-1.150444,-0.885333,BGD,GBR,521019
10111926,23,81,7253,2004,0.0,7220.0,0.35536,1.499182,BGR,GBR,521019
10111927,41,81,7253,2004,12521.0,6560.0,2.151471,0.7196279999999999,CHE,GBR,521019
10111928,43,81,7253,2004,0.0,6537.0,0.581548,2.8689880000000003,CHN,GBR,521019
10111929,61,81,7253,2004,1991.0,13950.0,2.266076,-2.011139,DEU,GBR,521019
10111930,64,81,7253,2004,0.0,4404.0,1.328968,1.262743,DNK,GBR,521019
10111931,68,81,7253,2004,0.0,1514.0,-0.300563,0.41834899999999997,EGY,GBR,521019
10111932,71,81,7253,2004,49572.0,4974.0,0.9784649999999999,2.051216,ESP,GBR,521019
10111933,72,81,7253,2004,0.0,8757.0,0.6101840000000001,0.9520370000000001,EST,GBR,521019
10111934,77,81,7253,2004,2028.0,7926.0,1.6003530000000001,0.643945,FRA,GBR,521019
10111935,97,81,7253,2004,0.0,1723.0,0.604825,2.098745,HKG,GBR,521019
10111936,103,81,7253,2004,22498.0,4745.0,-0.223644,1.719065,IDN,GBR,521019
10111937,104,81,7253,2004,2396375.0,0.0,0.233348,2.790987,IND,GBR,521019
10111938,106,81,7253,2004,0.0,6016.0,1.501859,0.14456,IRL,GBR,521019
10111939,110,81,7253,2004,925.0,0.0,1.250393,0.8003979999999999,ISR,GBR,521019
10111940,111,81,7253,2004,39097.0,50196.0,1.358057,1.11533,ITA,GBR,521019
10111941,114,81,7253,2004,7408.0,2676.0,2.526624,0.452054,JPN,GBR,521019
10111942,128,81,7253,2004,2549.0,0.0,-0.658668,0.21912600000000002,LKA,GBR,521019
10111943,134,81,7253,2004,4363.0,1240.0,-0.681556,-0.152372,MAR,GBR,521019
10111944,138,81,7253,2004,0.0,129776.0,0.868684,0.85506,MEX,GBR,521019
10111945,162,81,7253,2004,74559.0,0.0,1.251808,1.586526,NLD,GBR,521019
10111946,166,81,7253,2004,0.0,200227.0,0.567392,0.965781,NZL,GBR,521019
10111947,168,81,7253,2004,35041.0,2911.0,-0.754143,0.25995100000000004,PAK,GBR,521019
10111948,179,81,7253,2004,2003.0,0.0,0.524524,1.901139,PRT,GBR,521019
10111949,185,81,7253,2004,22049.0,53833.0,0.37241599999999997,1.015865,ROU,GBR,521019
10111950,208,81,7253,2004,0.0,1579.0,2.0522080000000003,0.8326969999999999,SWE,GBR,521019
10111951,216,81,7253,2004,86070.0,1471.0,0.5150359999999999,1.583019,THA,GBR,521019
10111952,224,81,7253,2004,9363.0,0.0,0.141454,1.9463599999999999,TUR,GBR,521019
10111953,231,81,7253,2004,217620.0,2557776.0,1.7598630000000002,0.066704,USA,GBR,521019
10111954,246,81,7253,2004,0.0,17600.0,0.460279,1.9736220000000002,ZAF,GBR,521019
10111955,4,90,7253,2004,0.0,41822.0,-0.131892,0.14985199999999999,ALB,GRC,521019
10111956,15,90,7253,2004,39725.0,0.0,1.825391,0.40553,AUT,GRC,521019
10111957,18,90,7253,2004,8606.0,0.0,1.350911,1.408209,BEL,GRC,521019
10111958,23,90,7253,2004,8827.0,69689.0,0.35536,1.499182,BGR,GRC,521019
10111959,41,90,7253,2004,13477.0,0.0,2.151471,0.7196279999999999,CHE,GRC,521019
10111960,61,90,7253,2004,16217.0,0.0,2.266076,-2.011139,DEU,GRC,521019
10111961,71,90,7253,2004,44051.0,0.0,0.9784649999999999,2.051216,ESP,GRC,521019
10111962,77,90,7253,2004,70147.0,0.0,1.6003530000000001,0.643945,FRA,GRC,521019
10111963,111,90,7253,2004,30348.0,0.0,1.358057,1.11533,ITA,GRC,521019
10111964,140,90,7253,2004,0.0,9180.0,-0.091013,0.190649,MKD,GRC,521019
10111965,168,90,7253,2004,0.0,47648.0,-0.754143,0.25995100000000004,PAK,GRC,521019
10111966,185,90,7253,2004,0.0,18623.0,0.37241599999999997,1.015865,ROU,GRC,521019
10111967,189,90,7253,2004,0.0,1026.0,0.628071,2.210424,SCG,GRC,521019
10111968,224,90,7253,2004,9232.0,0.0,0.141454,1.9463599999999999,TUR,GRC,521019
10111969,29,93,7253,2004,0.0,1816.0,-0.355391,-0.662783,BLZ,GTM,521019
10111970,97,93,7253,2004,2805.0,0.0,0.604825,2.098745,HKG,GTM,521019
10111971,138,93,7253,2004,1574.0,0.0,0.868684,0.85506,MEX,GTM,521019
10111972,197,93,7253,2004,0.0,10517.0,-0.20529499999999998,0.1116,SLV,GTM,521019
10111973,231,93,7253,2004,459634.0,0.0,1.7598630000000002,0.066704,USA,GTM,521019
10111974,15,97,7253,2004,973.0,0.0,1.825391,0.40553,AUT,HKG,521019
10111975,22,97,7253,2004,0.0,74702.0,-1.150444,-0.885333,BGD,HKG,521019
10111976,43,97,7253,2004,173921.0,378075.0,0.581548,2.8689880000000003,CHN,HKG,521019
10111977,65,97,7253,2004,0.0,5871.0,-0.510025,-0.328257,DOM,HKG,521019
10111978,71,97,7253,2004,889.0,0.0,0.9784649999999999,2.051216,ESP,HKG,521019
10111979,77,97,7253,2004,25383.0,0.0,1.6003530000000001,0.643945,FRA,HKG,521019
10111980,81,97,7253,2004,1723.0,0.0,1.843506,0.684779,GBR,HKG,521019
10111981,93,97,7253,2004,0.0,2805.0,-0.46136000000000005,0.148122,GTM,HKG,521019
10111982,103,97,7253,2004,14741.0,424703.0,-0.223644,1.719065,IDN,HKG,521019
10111983,104,97,7253,2004,3777.0,1353.0,0.233348,2.790987,IND,HKG,521019
10111984,111,97,7253,2004,429996.0,0.0,1.358057,1.11533,ITA,HKG,521019
10111985,121,97,7253,2004,62290.0,0.0,1.3624690000000002,0.928342,KOR,HKG,521019
10111986,128,97,7253,2004,0.0,1345647.0,-0.658668,0.21912600000000002,LKA,HKG,521019
10111987,141,97,7253,2004,0.0,8269.0,-0.6905100000000001,-0.9162459999999999,MLI,HKG,521019
10111988,147,97,7253,2004,0.0,27657.0,-1.1010790000000001,-1.0942,MOZ,HKG,521019
10111989,151,97,7253,2004,0.0,5677.0,-0.374754,-0.288504,MUS,HKG,521019
10111990,153,97,7253,2004,0.0,29495.0,0.6710050000000001,0.17807,MYS,HKG,521019
10111991,168,97,7253,2004,0.0,289560.0,-0.754143,0.25995100000000004,PAK,HKG,521019
10111992,174,97,7253,2004,0.0,29962.0,-0.076709,-0.149006,PHL,HKG,521019
10111993,179,97,7253,2004,3347.0,0.0,0.524524,1.901139,PRT,HKG,521019
10111994,192,97,7253,2004,0.0,2141.0,1.6409779999999998,0.634947,SGP,HKG,521019
10111995,216,97,7253,2004,1452.0,6973.0,0.5150359999999999,1.583019,THA,HKG,521019
10111996,231,97,7253,2004,8591.0,0.0,1.7598630000000002,0.066704,USA,HKG,521019
10111997,239,97,7253,2004,99726.0,50364.0,-0.5270560000000001,0.8910389999999999,VNM,HKG,521019
10111998,249,97,7253,2004,345693.0,0.0,1.626307,1.358315,TWN,HKG,521019
10111999,160,99,7253,2004,0.0,9740.0,-0.9789479999999999,-0.8374219999999999,NIC,HND,521019
10112000,169,99,7253,2004,0.0,9927.0,-0.011979,0.261315,PAN,HND,521019
10112001,231,99,7253,2004,2122632.0,0.0,1.7598630000000002,0.066704,USA,HND,521019
10112002,7,103,7253,2004,0.0,84223.0,0.1799,-0.34541900000000003,ARE,IDN,521019
10112003,14,103,7253,2004,91188.0,5734.0,0.196641,0.8139460000000001,AUS,IDN,521019
10112004,19,103,7253,2004,0.0,80766.0,-1.299345,-0.9871260000000001,BEN,IDN,521019
10112005,22,103,7253,2004,0.0,19862.0,-1.150444,-0.885333,BGD,IDN,521019
10112006,34,103,7253,2004,0.0,1120.0,-1.271325,-1.03277,BRN,IDN,521019
10112007,39,103,7253,2004,0.0,6844.0,0.9392739999999999,1.19228,CAN,IDN,521019
10112008,43,103,7253,2004,262495.0,30257.0,0.581548,2.8689880000000003,CHN,IDN,521019
10112009,61,103,7253,2004,0.0,2826.0,2.266076,-2.011139,DEU,IDN,521019
10112010,71,103,7253,2004,0.0,38766.0,0.9784649999999999,2.051216,ESP,IDN,521019
10112011,81,103,7253,2004,4745.0,22498.0,1.843506,0.684779,GBR,IDN,521019
10112012,97,103,7253,2004,424703.0,14741.0,0.604825,2.098745,HKG,IDN,521019
10112013,114,103,7253,2004,10693.0,220692.0,2.526624,0.452054,JPN,IDN,521019
10112014,121,103,7253,2004,145929.0,0.0,1.3624690000000002,0.928342,KOR,IDN,521019
10112015,124,103,7253,2004,0.0,1220.0,0.32409899999999997,1.037024,LBN,IDN,521019
10112016,128,103,7253,2004,0.0,19538.0,-0.658668,0.21912600000000002,LKA,IDN,521019
10112017,138,103,7253,2004,0.0,71624.0,0.868684,0.85506,MEX,IDN,521019
10112018,153,103,7253,2004,17436.0,62885.0,0.6710050000000001,0.17807,MYS,IDN,521019
10112019,159,103,7253,2004,0.0,152360.0,-2.413432,-1.3033190000000001,NGA,IDN,521019
10112020,168,103,7253,2004,205312.0,0.0,-0.754143,0.25995100000000004,PAK,IDN,521019
10112021,185,103,7253,2004,0.0,990.0,0.37241599999999997,1.015865,ROU,IDN,521019
10112022,188,103,7253,2004,0.0,143968.0,0.546196,-0.7014729999999999,SAU,IDN,521019
10112023,192,103,7253,2004,389101.0,27153.0,1.6409779999999998,0.634947,SGP,IDN,521019
10112024,231,103,7253,2004,5666.0,268350.0,1.7598630000000002,0.066704,USA,IDN,521019
10112025,239,103,7253,2004,0.0,5964.0,-0.5270560000000001,0.8910389999999999,VNM,IDN,521019
10112026,243,103,7253,2004,0.0,13443.0,-1.15115,-1.207897,YEM,IDN,521019
10112027,246,103,7253,2004,0.0,2244.0,0.460279,1.9736220000000002,ZAF,IDN,521019
10112028,249,103,7253,2004,102816.0,0.0,1.626307,1.358315,TWN,IDN,521019
10112029,7,104,7253,2004,0.0,237181.0,0.1799,-0.34541900000000003,ARE,IND,521019
10112030,14,104,7253,2004,0.0,43756.0,0.196641,0.8139460000000001,AUS,IND,521019
10112031,15,104,7253,2004,0.0,23127.0,1.825391,0.40553,AUT,IND,521019
10112032,18,104,7253,2004,0.0,15443.0,1.350911,1.408209,BEL,IND,521019
10112033,22,104,7253,2004,0.0,39851.0,-1.150444,-0.885333,BGD,IND,521019
10112034,24,104,7253,2004,0.0,126888.0,0.045344999999999996,-1.001059,BHR,IND,521019
10112035,32,104,7253,2004,0.0,46057.0,0.540718,1.149065,BRA,IND,521019
10112036,41,104,7253,2004,0.0,52409.0,2.151471,0.7196279999999999,CHE,IND,521019
10112037,43,104,7253,2004,65564.0,10332.0,0.581548,2.8689880000000003,CHN,IND,521019
10112038,62,104,7253,2004,0.0,3489.0,-0.12463699999999998,-0.304559,DJI,IND,521019
10112039,68,104,7253,2004,0.0,1179193.0,-0.300563,0.41834899999999997,EGY,IND,521019
10112040,71,104,7253,2004,0.0,3113.0,0.9784649999999999,2.051216,ESP,IND,521019
10112041,75,104,7253,2004,0.0,68630.0,-0.8870969999999999,-0.287427,FJI,IND,521019
10112042,77,104,7253,2004,0.0,42869.0,1.6003530000000001,0.643945,FRA,IND,521019
10112043,81,104,7253,2004,0.0,2396375.0,1.843506,0.684779,GBR,IND,521019
10112044,85,104,7253,2004,0.0,53929.0,-1.314543,-1.155153,GIN,IND,521019
10112045,87,104,7253,2004,0.0,49884.0,-0.135943,-0.226541,GMB,IND,521019
10112046,97,104,7253,2004,1353.0,3777.0,0.604825,2.098745,HKG,IND,521019
10112047,106,104,7253,2004,0.0,5024.0,1.501859,0.14456,IRL,IND,521019
10112048,110,104,7253,2004,0.0,170793.0,1.250393,0.8003979999999999,ISR,IND,521019
10112049,111,104,7253,2004,0.0,216069.0,1.358057,1.11533,ITA,IND,521019
10112050,116,104,7253,2004,0.0,79985.0,-0.503694,0.410495,KEN,IND,521019
10112051,121,104,7253,2004,0.0,14546.0,1.3624690000000002,0.928342,KOR,IND,521019
10112052,122,104,7253,2004,0.0,4134.0,-0.481908,-1.172081,KWT,IND,521019
10112053,128,104,7253,2004,18451.0,78803.0,-0.658668,0.21912600000000002,LKA,IND,521019
10112054,147,104,7253,2004,0.0,74415.0,-1.1010790000000001,-1.0942,MOZ,IND,521019
10112055,148,104,7253,2004,0.0,169574.0,-1.6173959999999998,-1.2925719999999998,MRT,IND,521019
10112056,151,104,7253,2004,0.0,6765.0,-0.374754,-0.288504,MUS,IND,521019
10112057,153,104,7253,2004,19964.0,5363.0,0.6710050000000001,0.17807,MYS,IND,521019
10112058,157,104,7253,2004,0.0,430007.0,-0.8203799999999999,-0.7488,NER,IND,521019
10112059,159,104,7253,2004,0.0,37410.0,-2.413432,-1.3033190000000001,NGA,IND,521019
10112060,166,104,7253,2004,0.0,75950.0,0.567392,0.965781,NZL,IND,521019
10112061,168,104,7253,2004,0.0,36157.0,-0.754143,0.25995100000000004,PAK,IND,521019
10112062,174,104,7253,2004,0.0,23135.0,-0.076709,-0.149006,PHL,IND,521019
10112063,185,104,7253,2004,0.0,3556.0,0.37241599999999997,1.015865,ROU,IND,521019
10112064,188,104,7253,2004,0.0,124492.0,0.546196,-0.7014729999999999,SAU,IND,521019
10112065,191,104,7253,2004,0.0,3756.0,-0.527127,-0.368631,SEN,IND,521019
10112066,192,104,7253,2004,0.0,22295.0,1.6409779999999998,0.634947,SGP,IND,521019
10112067,216,104,7253,2004,1084.0,46019.0,0.5150359999999999,1.583019,THA,IND,521019
10112068,231,104,7253,2004,11968.0,48481.0,1.7598630000000002,0.066704,USA,IND,521019
10112069,236,104,7253,2004,0.0,56038.0,0.048698000000000005,-0.899776,VEN,IND,521019
10112070,247,104,7253,2004,0.0,42837.0,-0.9972190000000001,-0.853986,ZMB,IND,521019
10112071,249,104,7253,2004,71920.0,0.0,1.626307,1.358315,TWN,IND,521019
10112072,28,106,7253,2004,0.0,1178.0,0.8553139999999999,0.703926,BLR,IRL,521019
10112073,71,106,7253,2004,14997.0,0.0,0.9784649999999999,2.051216,ESP,IRL,521019
10112074,74,106,7253,2004,0.0,8478.0,2.000218,0.9867309999999999,FIN,IRL,521019
10112075,77,106,7253,2004,0.0,1223.0,1.6003530000000001,0.643945,FRA,IRL,521019
10112076,81,106,7253,2004,6016.0,0.0,1.843506,0.684779,GBR,IRL,521019
10112077,104,106,7253,2004,5024.0,0.0,0.233348,2.790987,IND,IRL,521019
10112078,111,106,7253,2004,5352.0,2817.0,1.358057,1.11533,ITA,IRL,521019
10112079,177,106,7253,2004,4244.0,0.0,1.019341,1.519452,POL,IRL,521019
10112080,43,110,7253,2004,45851.0,0.0,0.581548,2.8689880000000003,CHN,ISR,521019
10112081,81,110,7253,2004,0.0,925.0,1.843506,0.684779,GBR,ISR,521019
10112082,104,110,7253,2004,170793.0,0.0,0.233348,2.790987,IND,ISR,521019
10112083,111,110,7253,2004,19010.0,0.0,1.358057,1.11533,ITA,ISR,521019
10112084,179,110,7253,2004,2508.0,0.0,0.524524,1.901139,PRT,ISR,521019
10112085,224,110,7253,2004,12686.0,0.0,0.141454,1.9463599999999999,TUR,ISR,521019
10112086,231,110,7253,2004,1982.0,7632.0,1.7598630000000002,0.066704,USA,ISR,521019
10112087,7,111,7253,2004,0.0,50877.0,0.1799,-0.34541900000000003,ARE,ITA,521019
10112088,14,111,7253,2004,0.0,5309.0,0.196641,0.8139460000000001,AUS,ITA,521019
10112089,15,111,7253,2004,117333.0,7338.0,1.825391,0.40553,AUT,ITA,521019
10112090,18,111,7253,2004,0.0,21738.0,1.350911,1.408209,BEL,ITA,521019
10112091,23,111,7253,2004,0.0,418921.0,0.35536,1.499182,BGR,ITA,521019
10112092,24,111,7253,2004,87824.0,0.0,0.045344999999999996,-1.001059,BHR,ITA,521019
10112093,26,111,7253,2004,5847.0,474092.0,0.385952,0.571774,BIH,ITA,521019
10112094,39,111,7253,2004,0.0,7117.0,0.9392739999999999,1.19228,CAN,ITA,521019
10112095,41,111,7253,2004,123205.0,2067350.0,2.151471,0.7196279999999999,CHE,ITA,521019
10112096,43,111,7253,2004,4501.0,1418.0,0.581548,2.8689880000000003,CHN,ITA,521019
10112097,49,111,7253,2004,0.0,3749.0,0.033128,0.47524799999999995,COL,ITA,521019
10112098,59,111,7253,2004,36696.0,2316.0,1.562625,0.865244,CZE,ITA,521019
10112099,61,111,7253,2004,48159.0,860556.0,2.266076,-2.011139,DEU,ITA,521019
10112100,64,111,7253,2004,0.0,30140.0,1.328968,1.262743,DNK,ITA,521019
10112101,71,111,7253,2004,128242.0,296869.0,0.9784649999999999,2.051216,ESP,ITA,521019
10112102,72,111,7253,2004,0.0,1993.0,0.6101840000000001,0.9520370000000001,EST,ITA,521019
10112103,77,111,7253,2004,233422.0,357629.0,1.6003530000000001,0.643945,FRA,ITA,521019
10112104,81,111,7253,2004,50196.0,39097.0,1.843506,0.684779,GBR,ITA,521019
10112105,90,111,7253,2004,0.0,30348.0,0.348853,1.661656,GRC,ITA,521019
10112106,97,111,7253,2004,0.0,429996.0,0.604825,2.098745,HKG,ITA,521019
10112107,100,111,7253,2004,188865.0,4040.0,0.6669970000000001,1.088043,HRV,ITA,521019
10112108,102,111,7253,2004,0.0,4945.0,1.207082,1.019714,HUN,ITA,521019
10112109,104,111,7253,2004,216069.0,0.0,0.233348,2.790987,IND,ITA,521019
10112110,106,111,7253,2004,2817.0,5352.0,1.501859,0.14456,IRL,ITA,521019
10112111,110,111,7253,2004,0.0,19010.0,1.250393,0.8003979999999999,ISR,ITA,521019
10112112,114,111,7253,2004,12741.0,58203.0,2.526624,0.452054,JPN,ITA,521019
10112113,121,111,7253,2004,0.0,91045.0,1.3624690000000002,0.928342,KOR,ITA,521019
10112114,124,111,7253,2004,0.0,972.0,0.32409899999999997,1.037024,LBN,ITA,521019
10112115,128,111,7253,2004,0.0,12804.0,-0.658668,0.21912600000000002,LKA,ITA,521019
10112116,130,111,7253,2004,54721.0,978.0,0.403568,0.632707,LTU,ITA,521019
10112117,134,111,7253,2004,3708.0,74316.0,-0.681556,-0.152372,MAR,ITA,521019
10112118,135,111,7253,2004,0.0,2790.0,-0.155523,-0.355142,MDA,ITA,521019
10112119,136,111,7253,2004,0.0,918.0,-1.355542,-0.634409,MDG,ITA,521019
10112120,138,111,7253,2004,0.0,3309.0,0.868684,0.85506,MEX,ITA,521019
10112121,140,111,7253,2004,0.0,7085.0,-0.091013,0.190649,MKD,ITA,521019
10112122,159,111,7253,2004,0.0,2474.0,-2.413432,-1.3033190000000001,NGA,ITA,521019
10112123,162,111,7253,2004,0.0,9526.0,1.251808,1.586526,NLD,ITA,521019
10112124,168,111,7253,2004,0.0,19269.0,-0.754143,0.25995100000000004,PAK,ITA,521019
10112125,174,111,7253,2004,0.0,2668.0,-0.076709,-0.149006,PHL,ITA,521019
10112126,177,111,7253,2004,0.0,48720.0,1.019341,1.519452,POL,ITA,521019
10112127,179,111,7253,2004,0.0,42885.0,0.524524,1.901139,PRT,ITA,521019
10112128,185,111,7253,2004,30842.0,334215.0,0.37241599999999997,1.015865,ROU,ITA,521019
10112129,189,111,7253,2004,0.0,32819.0,0.628071,2.210424,SCG,ITA,521019
10112130,192,111,7253,2004,0.0,21308.0,1.6409779999999998,0.634947,SGP,ITA,521019
10112131,206,111,7253,2004,0.0,1459.0,1.2375120000000002,0.8777889999999999,SVK,ITA,521019
10112132,207,111,7253,2004,107149.0,3300.0,1.628643,1.02381,SVN,ITA,521019
10112133,216,111,7253,2004,95091.0,221808.0,0.5150359999999999,1.583019,THA,ITA,521019
10112134,223,111,7253,2004,6356.0,256441.0,-0.195751,0.335147,TUN,ITA,521019
10112135,224,111,7253,2004,27639.0,302182.0,0.141454,1.9463599999999999,TUR,ITA,521019
10112136,231,111,7253,2004,7156.0,42523.0,1.7598630000000002,0.066704,USA,ITA,521019
10112137,239,111,7253,2004,0.0,36253.0,-0.5270560000000001,0.8910389999999999,VNM,ITA,521019
10112138,246,111,7253,2004,0.0,10109.0,0.460279,1.9736220000000002,ZAF,ITA,521019
10112139,249,111,7253,2004,0.0,9012.0,1.626307,1.358315,TWN,ITA,521019
10112140,39,112,7253,2004,2431.0,0.0,0.9392739999999999,1.19228,CAN,JAM,521019
10112141,231,112,7253,2004,15467.0,0.0,1.7598630000000002,0.066704,USA,JAM,521019
10112142,7,114,7253,2004,0.0,2270.0,0.1799,-0.34541900000000003,ARE,JPN,521019
10112143,18,114,7253,2004,2392.0,0.0,1.350911,1.408209,BEL,JPN,521019
10112144,39,114,7253,2004,0.0,11522.0,0.9392739999999999,1.19228,CAN,JPN,521019
10112145,43,114,7253,2004,276836.0,89362.0,0.581548,2.8689880000000003,CHN,JPN,521019
10112146,71,114,7253,2004,55569.0,0.0,0.9784649999999999,2.051216,ESP,JPN,521019
10112147,77,114,7253,2004,11928.0,0.0,1.6003530000000001,0.643945,FRA,JPN,521019
10112148,81,114,7253,2004,2676.0,7408.0,1.843506,0.684779,GBR,JPN,521019
10112149,103,114,7253,2004,220692.0,10693.0,-0.223644,1.719065,IDN,JPN,521019
10112150,111,114,7253,2004,58203.0,12741.0,1.358057,1.11533,ITA,JPN,521019
10112151,121,114,7253,2004,24169.0,27480.0,1.3624690000000002,0.928342,KOR,JPN,521019
10112152,128,114,7253,2004,0.0,30994.0,-0.658668,0.21912600000000002,LKA,JPN,521019
10112153,162,114,7253,2004,3606.0,0.0,1.251808,1.586526,NLD,JPN,521019
10112154,179,114,7253,2004,1585.0,0.0,0.524524,1.901139,PRT,JPN,521019
10112155,216,114,7253,2004,20208.0,3094.0,0.5150359999999999,1.583019,THA,JPN,521019
10112156,224,114,7253,2004,6054.0,0.0,0.141454,1.9463599999999999,TUR,JPN,521019
10112157,231,114,7253,2004,12616.0,0.0,1.7598630000000002,0.066704,USA,JPN,521019
10112158,239,114,7253,2004,0.0,235443.0,-0.5270560000000001,0.8910389999999999,VNM,JPN,521019
10112159,249,114,7253,2004,16322.0,0.0,1.626307,1.358315,TWN,JPN,521019
10112160,14,121,7253,2004,0.0,4660.0,0.196641,0.8139460000000001,AUS,KOR,521019
10112161,18,121,7253,2004,1438.0,0.0,1.350911,1.408209,BEL,KOR,521019
10112162,22,121,7253,2004,0.0,126286.0,-1.150444,-0.885333,BGD,KOR,521019
10112163,39,121,7253,2004,0.0,2358.0,0.9392739999999999,1.19228,CAN,KOR,521019
10112164,43,121,7253,2004,128256.0,135062.0,0.581548,2.8689880000000003,CHN,KOR,521019
10112165,49,121,7253,2004,0.0,2091.0,0.033128,0.47524799999999995,COL,KOR,521019
10112166,61,121,7253,2004,4895.0,0.0,2.266076,-2.011139,DEU,KOR,521019
10112167,64,121,7253,2004,0.0,2020.0,1.328968,1.262743,DNK,KOR,521019
10112168,65,121,7253,2004,0.0,74327.0,-0.510025,-0.328257,DOM,KOR,521019
10112169,71,121,7253,2004,0.0,3246.0,0.9784649999999999,2.051216,ESP,KOR,521019
10112170,97,121,7253,2004,0.0,62290.0,0.604825,2.098745,HKG,KOR,521019
10112171,103,121,7253,2004,0.0,145929.0,-0.223644,1.719065,IDN,KOR,521019
10112172,104,121,7253,2004,14546.0,0.0,0.233348,2.790987,IND,KOR,521019
10112173,111,121,7253,2004,91045.0,0.0,1.358057,1.11533,ITA,KOR,521019
10112174,114,121,7253,2004,27480.0,24169.0,2.526624,0.452054,JPN,KOR,521019
10112175,128,121,7253,2004,0.0,2369660.0,-0.658668,0.21912600000000002,LKA,KOR,521019
10112176,136,121,7253,2004,0.0,11221.0,-1.355542,-0.634409,MDG,KOR,521019
10112177,162,121,7253,2004,0.0,4892.0,1.251808,1.586526,NLD,KOR,521019
10112178,177,121,7253,2004,0.0,26803.0,1.019341,1.519452,POL,KOR,521019
10112179,185,121,7253,2004,0.0,3375.0,0.37241599999999997,1.015865,ROU,KOR,521019
10112180,192,121,7253,2004,0.0,15886.0,1.6409779999999998,0.634947,SGP,KOR,521019
10112181,208,121,7253,2004,1370.0,0.0,2.0522080000000003,0.8326969999999999,SWE,KOR,521019
10112182,216,121,7253,2004,3178.0,13529.0,0.5150359999999999,1.583019,THA,KOR,521019
10112183,228,121,7253,2004,0.0,4327.0,0.8758040000000001,0.8195879999999999,UKR,KOR,521019
10112184,231,121,7253,2004,1374.0,43312.0,1.7598630000000002,0.066704,USA,KOR,521019
10112185,239,121,7253,2004,0.0,5789.0,-0.5270560000000001,0.8910389999999999,VNM,KOR,521019
10112186,246,121,7253,2004,0.0,6356.0,0.460279,1.9736220000000002,ZAF,KOR,521019
10112187,249,121,7253,2004,0.0,4288.0,1.626307,1.358315,TWN,KOR,521019
10112188,14,128,7253,2004,2706.0,0.0,0.196641,0.8139460000000001,AUS,LKA,521019
10112189,22,128,7253,2004,10194.0,0.0,-1.150444,-0.885333,BGD,LKA,521019
10112190,43,128,7253,2004,1245930.0,0.0,0.581548,2.8689880000000003,CHN,LKA,521019
10112191,61,128,7253,2004,14718.0,0.0,2.266076,-2.011139,DEU,LKA,521019
10112192,71,128,7253,2004,6453.0,0.0,0.9784649999999999,2.051216,ESP,LKA,521019
10112193,77,128,7253,2004,3710.0,0.0,1.6003530000000001,0.643945,FRA,LKA,521019
10112194,81,128,7253,2004,0.0,2549.0,1.843506,0.684779,GBR,LKA,521019
10112195,97,128,7253,2004,1345647.0,0.0,0.604825,2.098745,HKG,LKA,521019
10112196,103,128,7253,2004,19538.0,0.0,-0.223644,1.719065,IDN,LKA,521019
10112197,104,128,7253,2004,78803.0,18451.0,0.233348,2.790987,IND,LKA,521019
10112198,111,128,7253,2004,12804.0,0.0,1.358057,1.11533,ITA,LKA,521019
10112199,113,128,7253,2004,1454.0,0.0,0.152989,0.385845,JOR,LKA,521019
10112200,114,128,7253,2004,30994.0,0.0,2.526624,0.452054,JPN,LKA,521019
10112201,121,128,7253,2004,2369660.0,0.0,1.3624690000000002,0.928342,KOR,LKA,521019
10112202,151,128,7253,2004,38886.0,0.0,-0.374754,-0.288504,MUS,LKA,521019
10112203,153,128,7253,2004,76308.0,0.0,0.6710050000000001,0.17807,MYS,LKA,521019
10112204,162,128,7253,2004,2691.0,0.0,1.251808,1.586526,NLD,LKA,521019
10112205,168,128,7253,2004,35933.0,0.0,-0.754143,0.25995100000000004,PAK,LKA,521019
10112206,192,128,7253,2004,45753.0,0.0,1.6409779999999998,0.634947,SGP,LKA,521019
10112207,216,128,7253,2004,50300.0,0.0,0.5150359999999999,1.583019,THA,LKA,521019
10112208,231,128,7253,2004,82114.0,0.0,1.7598630000000002,0.066704,USA,LKA,521019
10112209,239,128,7253,2004,0.0,936.0,-0.5270560000000001,0.8910389999999999,VNM,LKA,521019
10112210,249,128,7253,2004,145154.0,0.0,1.626307,1.358315,TWN,LKA,521019
10112211,18,131,7253,2004,0.0,6533.0,1.350911,1.408209,BEL,LUX,521019
10112212,32,138,7253,2004,0.0,22019.0,0.540718,1.149065,BRA,MEX,521019
10112213,39,138,7253,2004,0.0,16876.0,0.9392739999999999,1.19228,CAN,MEX,521019
10112214,42,138,7253,2004,12747.0,0.0,-0.07869,-0.33641,CHL,MEX,521019
10112215,71,138,7253,2004,217089.0,0.0,0.9784649999999999,2.051216,ESP,MEX,521019
10112216,77,138,7253,2004,3544.0,0.0,1.6003530000000001,0.643945,FRA,MEX,521019
10112217,81,138,7253,2004,129776.0,0.0,1.843506,0.684779,GBR,MEX,521019
10112218,93,138,7253,2004,0.0,1574.0,-0.46136000000000005,0.148122,GTM,MEX,521019
10112219,103,138,7253,2004,71624.0,0.0,-0.223644,1.719065,IDN,MEX,521019
10112220,111,138,7253,2004,3309.0,0.0,1.358057,1.11533,ITA,MEX,521019
10112221,124,138,7253,2004,0.0,1372.0,0.32409899999999997,1.037024,LBN,MEX,521019
10112222,168,138,7253,2004,8077.0,0.0,-0.754143,0.25995100000000004,PAK,MEX,521019
10112223,179,138,7253,2004,12836.0,0.0,0.524524,1.901139,PRT,MEX,521019
10112224,231,138,7253,2004,798982.0,411846.0,1.7598630000000002,0.066704,USA,MEX,521019
10112225,22,153,7253,2004,0.0,988.0,-1.150444,-0.885333,BGD,MYS,521019
10112226,34,153,7253,2004,0.0,1901.0,-1.271325,-1.03277,BRN,MYS,521019
10112227,43,153,7253,2004,27027.0,0.0,0.581548,2.8689880000000003,CHN,MYS,521019
10112228,97,153,7253,2004,29495.0,0.0,0.604825,2.098745,HKG,MYS,521019
10112229,103,153,7253,2004,62885.0,17436.0,-0.223644,1.719065,IDN,MYS,521019
10112230,104,153,7253,2004,5363.0,19964.0,0.233348,2.790987,IND,MYS,521019
10112231,128,153,7253,2004,0.0,76308.0,-0.658668,0.21912600000000002,LKA,MYS,521019
10112232,168,153,7253,2004,1614.0,0.0,-0.754143,0.25995100000000004,PAK,MYS,521019
10112233,174,153,7253,2004,0.0,3789.0,-0.076709,-0.149006,PHL,MYS,521019
10112234,192,153,7253,2004,2315.0,3723.0,1.6409779999999998,0.634947,SGP,MYS,521019
10112235,231,153,7253,2004,2080.0,0.0,1.7598630000000002,0.066704,USA,MYS,521019
10112236,246,153,7253,2004,0.0,3947.0,0.460279,1.9736220000000002,ZAF,MYS,521019
10112237,249,153,7253,2004,1591.0,0.0,1.626307,1.358315,TWN,MYS,521019
10112238,18,162,7253,2004,88138.0,9704.0,1.350911,1.408209,BEL,NLD,521019
10112239,23,162,7253,2004,4053.0,8631.0,0.35536,1.499182,BGR,NLD,521019
10112240,43,162,7253,2004,75005.0,0.0,0.581548,2.8689880000000003,CHN,NLD,521019
10112241,61,162,7253,2004,208408.0,20134.0,2.266076,-2.011139,DEU,NLD,521019
10112242,71,162,7253,2004,43165.0,0.0,0.9784649999999999,2.051216,ESP,NLD,521019
10112243,77,162,7253,2004,36547.0,30498.0,1.6003530000000001,0.643945,FRA,NLD,521019
10112244,81,162,7253,2004,0.0,74559.0,1.843506,0.684779,GBR,NLD,521019
10112245,109,162,7253,2004,0.0,4728.0,0.298844,-0.36366,ISL,NLD,521019
10112246,111,162,7253,2004,9526.0,0.0,1.358057,1.11533,ITA,NLD,521019
10112247,114,162,7253,2004,0.0,3606.0,2.526624,0.452054,JPN,NLD,521019
10112248,121,162,7253,2004,4892.0,0.0,1.3624690000000002,0.928342,KOR,NLD,521019
10112249,128,162,7253,2004,0.0,2691.0,-0.658668,0.21912600000000002,LKA,NLD,521019
10112250,134,162,7253,2004,0.0,60179.0,-0.681556,-0.152372,MAR,NLD,521019
10112251,168,162,7253,2004,1031.0,0.0,-0.754143,0.25995100000000004,PAK,NLD,521019
10112252,177,162,7253,2004,3712.0,53693.0,1.019341,1.519452,POL,NLD,521019
10112253,185,162,7253,2004,0.0,5874.0,0.37241599999999997,1.015865,ROU,NLD,521019
10112254,216,162,7253,2004,2188.0,0.0,0.5150359999999999,1.583019,THA,NLD,521019
10112255,231,162,7253,2004,4966.0,0.0,1.7598630000000002,0.066704,USA,NLD,521019
10112256,14,166,7253,2004,2135.0,10612.0,0.196641,0.8139460000000001,AUS,NZL,521019
10112257,61,166,7253,2004,941.0,0.0,2.266076,-2.011139,DEU,NZL,521019
10112258,71,166,7253,2004,2226.0,0.0,0.9784649999999999,2.051216,ESP,NZL,521019
10112259,81,166,7253,2004,200227.0,0.0,1.843506,0.684779,GBR,NZL,521019
10112260,104,166,7253,2004,75950.0,0.0,0.233348,2.790987,IND,NZL,521019
10112261,156,166,7253,2004,0.0,1829.0,-0.49824700000000005,-0.8284239999999999,NCL,NZL,521019
10112262,99,169,7253,2004,9927.0,0.0,-0.75975,-0.548407,HND,PAN,521019
10112263,160,169,7253,2004,0.0,66983.0,-0.9789479999999999,-0.8374219999999999,NIC,PAN,521019
10112264,236,169,7253,2004,0.0,7711.0,0.048698000000000005,-0.899776,VEN,PAN,521019
10112265,71,173,7253,2004,1561.0,0.0,0.9784649999999999,2.051216,ESP,PER,521019
10112266,43,174,7253,2004,42320.0,0.0,0.581548,2.8689880000000003,CHN,PHL,521019
10112267,97,174,7253,2004,29962.0,0.0,0.604825,2.098745,HKG,PHL,521019
10112268,104,174,7253,2004,23135.0,0.0,0.233348,2.790987,IND,PHL,521019
10112269,111,174,7253,2004,2668.0,0.0,1.358057,1.11533,ITA,PHL,521019
10112270,153,174,7253,2004,3789.0,0.0,0.6710050000000001,0.17807,MYS,PHL,521019
10112271,216,174,7253,2004,23527.0,0.0,0.5150359999999999,1.583019,THA,PHL,521019
10112272,231,174,7253,2004,46077.0,0.0,1.7598630000000002,0.066704,USA,PHL,521019
10112273,249,174,7253,2004,46366.0,0.0,1.626307,1.358315,TWN,PHL,521019
10112274,18,177,7253,2004,36345.0,0.0,1.350911,1.408209,BEL,POL,521019
10112275,59,177,7253,2004,1714.0,0.0,1.562625,0.865244,CZE,POL,521019
10112276,61,177,7253,2004,55980.0,3207.0,2.266076,-2.011139,DEU,POL,521019
10112277,64,177,7253,2004,6707.0,0.0,1.328968,1.262743,DNK,POL,521019
10112278,71,177,7253,2004,58385.0,0.0,0.9784649999999999,2.051216,ESP,POL,521019
10112279,72,177,7253,2004,71959.0,0.0,0.6101840000000001,0.9520370000000001,EST,POL,521019
10112280,77,177,7253,2004,20441.0,1202.0,1.6003530000000001,0.643945,FRA,POL,521019
10112281,102,177,7253,2004,0.0,1167.0,1.207082,1.019714,HUN,POL,521019
10112282,106,177,7253,2004,0.0,4244.0,1.501859,0.14456,IRL,POL,521019
10112283,111,177,7253,2004,48720.0,0.0,1.358057,1.11533,ITA,POL,521019
10112284,121,177,7253,2004,26803.0,0.0,1.3624690000000002,0.928342,KOR,POL,521019
10112285,162,177,7253,2004,53693.0,3712.0,1.251808,1.586526,NLD,POL,521019
10112286,185,177,7253,2004,17921.0,0.0,0.37241599999999997,1.015865,ROU,POL,521019
10112287,207,177,7253,2004,30089.0,0.0,1.628643,1.02381,SVN,POL,521019
10112288,224,177,7253,2004,190151.0,0.0,0.141454,1.9463599999999999,TUR,POL,521019
10112289,228,177,7253,2004,0.0,2583.0,0.8758040000000001,0.8195879999999999,UKR,POL,521019
10112290,32,180,7253,2004,6983.0,0.0,0.540718,1.149065,BRA,PRY,521019
10112291,39,180,7253,2004,9249.0,0.0,0.9392739999999999,1.19228,CAN,PRY,521019
10112292,28,186,7253,2004,0.0,123882.0,0.8553139999999999,0.703926,BLR,RUS,521019
10112293,61,186,7253,2004,995.0,0.0,2.266076,-2.011139,DEU,RUS,521019
10112294,224,186,7253,2004,5032.0,0.0,0.141454,1.9463599999999999,TUR,RUS,521019
10112295,231,186,7253,2004,5453.0,0.0,1.7598630000000002,0.066704,USA,RUS,521019
10112296,93,197,7253,2004,10517.0,0.0,-0.46136000000000005,0.148122,GTM,SLV,521019
10112297,231,197,7253,2004,1526.0,3710.0,1.7598630000000002,0.066704,USA,SLV,521019
10112298,18,208,7253,2004,1463460.0,12674.0,1.350911,1.408209,BEL,SWE,521019
10112299,41,208,7253,2004,242276.0,0.0,2.151471,0.7196279999999999,CHE,SWE,521019
10112300,61,208,7253,2004,3611.0,0.0,2.266076,-2.011139,DEU,SWE,521019
10112301,64,208,7253,2004,111174.0,0.0,1.328968,1.262743,DNK,SWE,521019
10112302,71,208,7253,2004,17958.0,0.0,0.9784649999999999,2.051216,ESP,SWE,521019
10112303,72,208,7253,2004,7366.0,0.0,0.6101840000000001,0.9520370000000001,EST,SWE,521019
10112304,74,208,7253,2004,0.0,4109.0,2.000218,0.9867309999999999,FIN,SWE,521019
10112305,77,208,7253,2004,4766.0,0.0,1.6003530000000001,0.643945,FRA,SWE,521019
10112306,81,208,7253,2004,1579.0,0.0,1.843506,0.684779,GBR,SWE,521019
10112307,121,208,7253,2004,0.0,1370.0,1.3624690000000002,0.928342,KOR,SWE,521019
10112308,130,208,7253,2004,2678.0,0.0,0.403568,0.632707,LTU,SWE,521019
10112309,163,208,7253,2004,1072.0,2553.0,1.10162,0.118709,NOR,SWE,521019
10112310,185,208,7253,2004,0.0,26934.0,0.37241599999999997,1.015865,ROU,SWE,521019
10112311,224,208,7253,2004,2088.0,0.0,0.141454,1.9463599999999999,TUR,SWE,521019
10112312,7,216,7253,2004,0.0,3034.0,0.1799,-0.34541900000000003,ARE,THA,521019
10112313,14,216,7253,2004,0.0,1003.0,0.196641,0.8139460000000001,AUS,THA,521019
10112314,15,216,7253,2004,2768.0,0.0,1.825391,0.40553,AUT,THA,521019
10112315,22,216,7253,2004,0.0,12226.0,-1.150444,-0.885333,BGD,THA,521019
10112316,24,216,7253,2004,0.0,1606.0,0.045344999999999996,-1.001059,BHR,THA,521019
10112317,39,216,7253,2004,0.0,2824.0,0.9392739999999999,1.19228,CAN,THA,521019
10112318,43,216,7253,2004,196752.0,7846610.0,0.581548,2.8689880000000003,CHN,THA,521019
10112319,49,216,7253,2004,0.0,8075.0,0.033128,0.47524799999999995,COL,THA,521019
10112320,61,216,7253,2004,0.0,3278.0,2.266076,-2.011139,DEU,THA,521019
10112321,71,216,7253,2004,2763.0,0.0,0.9784649999999999,2.051216,ESP,THA,521019
10112322,77,216,7253,2004,19264.0,2202.0,1.6003530000000001,0.643945,FRA,THA,521019
10112323,81,216,7253,2004,1471.0,86070.0,1.843506,0.684779,GBR,THA,521019
10112324,83,216,7253,2004,0.0,1953.0,-1.2972540000000001,-0.9967219999999999,GHA,THA,521019
10112325,97,216,7253,2004,6973.0,1452.0,0.604825,2.098745,HKG,THA,521019
10112326,104,216,7253,2004,46019.0,1084.0,0.233348,2.790987,IND,THA,521019
10112327,111,216,7253,2004,221808.0,95091.0,1.358057,1.11533,ITA,THA,521019
10112328,114,216,7253,2004,3094.0,20208.0,2.526624,0.452054,JPN,THA,521019
10112329,121,216,7253,2004,13529.0,3178.0,1.3624690000000002,0.928342,KOR,THA,521019
10112330,123,216,7253,2004,0.0,400200.0,-1.274622,-1.082807,LAO,THA,521019
10112331,124,216,7253,2004,0.0,1466.0,0.32409899999999997,1.037024,LBN,THA,521019
10112332,128,216,7253,2004,0.0,50300.0,-0.658668,0.21912600000000002,LKA,THA,521019
10112333,136,216,7253,2004,0.0,1547.0,-1.355542,-0.634409,MDG,THA,521019
10112334,143,216,7253,2004,0.0,3986.0,-1.400614,-0.947664,MMR,THA,521019
10112335,162,216,7253,2004,0.0,2188.0,1.251808,1.586526,NLD,THA,521019
10112336,168,216,7253,2004,0.0,128261.0,-0.754143,0.25995100000000004,PAK,THA,521019
10112337,174,216,7253,2004,0.0,23527.0,-0.076709,-0.149006,PHL,THA,521019
10112338,224,216,7253,2004,33017.0,0.0,0.141454,1.9463599999999999,TUR,THA,521019
10112339,231,216,7253,2004,4104.0,797787.0,1.7598630000000002,0.066704,USA,THA,521019
10112340,239,216,7253,2004,0.0,21975.0,-0.5270560000000001,0.8910389999999999,VNM,THA,521019
10112341,246,216,7253,2004,0.0,1810.0,0.460279,1.9736220000000002,ZAF,THA,521019
10112342,249,216,7253,2004,45906.0,3790.0,1.626307,1.358315,TWN,THA,521019
10112343,39,222,7253,2004,6243.0,0.0,0.9392739999999999,1.19228,CAN,TTO,521019
10112344,8,230,7253,2004,1203.0,0.0,0.28128600000000004,0.64115,ARG,URY,521019
10112345,32,230,7253,2004,1377.0,0.0,0.540718,1.149065,BRA,URY,521019
10112346,7,231,7253,2004,112347.0,0.0,0.1799,-0.34541900000000003,ARE,USA,521019
10112347,8,231,7253,2004,0.0,12513.0,0.28128600000000004,0.64115,ARG,USA,521019
10112348,14,231,7253,2004,0.0,7563.0,0.196641,0.8139460000000001,AUS,USA,521019
10112349,15,231,7253,2004,1390.0,0.0,1.825391,0.40553,AUT,USA,521019
10112350,18,231,7253,2004,122193.0,402291.0,1.350911,1.408209,BEL,USA,521019
10112351,25,231,7253,2004,0.0,8095.0,0.620432,-0.513724,BHS,USA,521019
10112352,28,231,7253,2004,0.0,1400.0,0.8553139999999999,0.703926,BLR,USA,521019
10112353,32,231,7253,2004,0.0,22922.0,0.540718,1.149065,BRA,USA,521019
10112354,33,231,7253,2004,0.0,918.0,0.8541559999999999,0.25895799999999997,BRB,USA,521019
10112355,39,231,7253,2004,967566.0,328483.0,0.9392739999999999,1.19228,CAN,USA,521019
10112356,41,231,7253,2004,42187.0,0.0,2.151471,0.7196279999999999,CHE,USA,521019
10112357,42,231,7253,2004,0.0,34674.0,-0.07869,-0.33641,CHL,USA,521019
10112358,43,231,7253,2004,0.0,1934596.0,0.581548,2.8689880000000003,CHN,USA,521019
10112359,49,231,7253,2004,0.0,52223.0,0.033128,0.47524799999999995,COL,USA,521019
10112360,59,231,7253,2004,0.0,3272.0,1.562625,0.865244,CZE,USA,521019
10112361,61,231,7253,2004,2966.0,0.0,2.266076,-2.011139,DEU,USA,521019
10112362,65,231,7253,2004,0.0,1517427.0,-0.510025,-0.328257,DOM,USA,521019
10112363,67,231,7253,2004,0.0,3084.0,-1.149101,-1.013619,ECU,USA,521019
10112364,71,231,7253,2004,12399.0,5663.0,0.9784649999999999,2.051216,ESP,USA,521019
10112365,77,231,7253,2004,224740.0,6814.0,1.6003530000000001,0.643945,FRA,USA,521019
10112366,81,231,7253,2004,2557776.0,217620.0,1.843506,0.684779,GBR,USA,521019
10112367,93,231,7253,2004,0.0,459634.0,-0.46136000000000005,0.148122,GTM,USA,521019
10112368,97,231,7253,2004,0.0,8591.0,0.604825,2.098745,HKG,USA,521019
10112369,99,231,7253,2004,0.0,2122632.0,-0.75975,-0.548407,HND,USA,521019
10112370,103,231,7253,2004,268350.0,5666.0,-0.223644,1.719065,IDN,USA,521019
10112371,104,231,7253,2004,48481.0,11968.0,0.233348,2.790987,IND,USA,521019
10112372,110,231,7253,2004,7632.0,1982.0,1.250393,0.8003979999999999,ISR,USA,521019
10112373,111,231,7253,2004,42523.0,7156.0,1.358057,1.11533,ITA,USA,521019
10112374,112,231,7253,2004,0.0,15467.0,-0.64957,-0.944183,JAM,USA,521019
10112375,114,231,7253,2004,0.0,12616.0,2.526624,0.452054,JPN,USA,521019
10112376,118,231,7253,2004,0.0,381106.0,-1.4676209999999998,-1.1972639999999999,KHM,USA,521019
10112377,121,231,7253,2004,43312.0,1374.0,1.3624690000000002,0.928342,KOR,USA,521019
10112378,124,231,7253,2004,0.0,4692.0,0.32409899999999997,1.037024,LBN,USA,521019
10112379,128,231,7253,2004,0.0,82114.0,-0.658668,0.21912600000000002,LKA,USA,521019
10112380,133,231,7253,2004,0.0,111009.0,-0.351045,-0.487521,MAC,USA,521019
10112381,138,231,7253,2004,411846.0,798982.0,0.868684,0.85506,MEX,USA,521019
10112382,153,231,7253,2004,0.0,2080.0,0.6710050000000001,0.17807,MYS,USA,521019
10112383,159,231,7253,2004,0.0,196157.0,-2.413432,-1.3033190000000001,NGA,USA,521019
10112384,160,231,7253,2004,0.0,174221.0,-0.9789479999999999,-0.8374219999999999,NIC,USA,521019
10112385,162,231,7253,2004,0.0,4966.0,1.251808,1.586526,NLD,USA,521019
10112386,163,231,7253,2004,0.0,1283.0,1.10162,0.118709,NOR,USA,521019
10112387,168,231,7253,2004,62936036.0,0.0,-0.754143,0.25995100000000004,PAK,USA,521019
10112388,174,231,7253,2004,0.0,46077.0,-0.076709,-0.149006,PHL,USA,521019
10112389,179,231,7253,2004,0.0,5450.0,0.524524,1.901139,PRT,USA,521019
10112390,186,231,7253,2004,0.0,5453.0,0.8952399999999999,0.172896,RUS,USA,521019
10112391,188,231,7253,2004,0.0,84642.0,0.546196,-0.7014729999999999,SAU,USA,521019
10112392,192,231,7253,2004,0.0,1449.0,1.6409779999999998,0.634947,SGP,USA,521019
10112393,197,231,7253,2004,3710.0,1526.0,-0.20529499999999998,0.1116,SLV,USA,521019
10112394,216,231,7253,2004,797787.0,4104.0,0.5150359999999999,1.583019,THA,USA,521019
10112395,224,231,7253,2004,1072.0,71882.0,0.141454,1.9463599999999999,TUR,USA,521019
10112396,236,231,7253,2004,0.0,54687.0,0.048698000000000005,-0.899776,VEN,USA,521019
10112397,249,231,7253,2004,14733.0,6615.0,1.626307,1.358315,TWN,USA,521019
10112398,104,236,7253,2004,56038.0,0.0,0.233348,2.790987,IND,VEN,521019
10112399,169,236,7253,2004,7711.0,0.0,-0.011979,0.261315,PAN,VEN,521019
10112400,231,236,7253,2004,54687.0,0.0,1.7598630000000002,0.066704,USA,VEN,521019
10112401,7,243,7253,2004,3013.0,0.0,0.1799,-0.34541900000000003,ARE,YEM,521019
10112402,103,243,7253,2004,13443.0,0.0,-0.223644,1.719065,IDN,YEM,521019
10112403,37,246,7253,2004,0.0,1913.0,-0.8574229999999999,-1.191754,BWA,ZAF,521019
10112404,43,246,7253,2004,108891.0,0.0,0.581548,2.8689880000000003,CHN,ZAF,521019
10112405,61,246,7253,2004,0.0,6021.0,2.266076,-2.011139,DEU,ZAF,521019
10112406,71,246,7253,2004,3936.0,0.0,0.9784649999999999,2.051216,ESP,ZAF,521019
10112407,81,246,7253,2004,17600.0,0.0,1.843506,0.684779,GBR,ZAF,521019
10112408,103,246,7253,2004,2244.0,0.0,-0.223644,1.719065,IDN,ZAF,521019
10112409,111,246,7253,2004,10109.0,0.0,1.358057,1.11533,ITA,ZAF,521019
10112410,121,246,7253,2004,6356.0,0.0,1.3624690000000002,0.928342,KOR,ZAF,521019
10112411,147,246,7253,2004,0.0,7416.0,-1.1010790000000001,-1.0942,MOZ,ZAF,521019
10112412,151,246,7253,2004,0.0,110749.0,-0.374754,-0.288504,MUS,ZAF,521019
10112413,152,246,7253,2004,0.0,7141.0,-1.592983,-1.252423,MWI,ZAF,521019
10112414,153,246,7253,2004,3947.0,0.0,0.6710050000000001,0.17807,MYS,ZAF,521019
10112415,155,246,7253,2004,0.0,18615.0,-0.40995299999999996,-0.550272,NAM,ZAF,521019
10112416,168,246,7253,2004,356605.0,0.0,-0.754143,0.25995100000000004,PAK,ZAF,521019
10112417,216,246,7253,2004,1810.0,0.0,0.5150359999999999,1.583019,THA,ZAF,521019
10112418,224,246,7253,2004,7323.0,0.0,0.141454,1.9463599999999999,TUR,ZAF,521019
10112419,249,246,7253,2004,10872.0,0.0,1.626307,1.358315,TWN,ZAF,521019
10112420,14,249,7253,2004,0.0,9327.0,0.196641,0.8139460000000001,AUS,TWN,521019
10112421,22,249,7253,2004,0.0,16178.0,-1.150444,-0.885333,BGD,TWN,521019
10112422,23,249,7253,2004,0.0,8255.0,0.35536,1.499182,BGR,TWN,521019
10112423,34,249,7253,2004,0.0,17535.0,-1.271325,-1.03277,BRN,TWN,521019
10112424,43,249,7253,2004,1133060.0,29733.0,0.581548,2.8689880000000003,CHN,TWN,521019
10112425,59,249,7253,2004,0.0,4721.0,1.562625,0.865244,CZE,TWN,521019
10112426,71,249,7253,2004,4112.0,0.0,0.9784649999999999,2.051216,ESP,TWN,521019
10112427,97,249,7253,2004,0.0,345693.0,0.604825,2.098745,HKG,TWN,521019
10112428,103,249,7253,2004,0.0,102816.0,-0.223644,1.719065,IDN,TWN,521019
10112429,104,249,7253,2004,0.0,71920.0,0.233348,2.790987,IND,TWN,521019
10112430,111,249,7253,2004,9012.0,0.0,1.358057,1.11533,ITA,TWN,521019
10112431,114,249,7253,2004,0.0,16322.0,2.526624,0.452054,JPN,TWN,521019
10112432,121,249,7253,2004,4288.0,0.0,1.3624690000000002,0.928342,KOR,TWN,521019
10112433,128,249,7253,2004,0.0,145154.0,-0.658668,0.21912600000000002,LKA,TWN,521019
10112434,153,249,7253,2004,0.0,1591.0,0.6710050000000001,0.17807,MYS,TWN,521019
10112435,163,249,7253,2004,0.0,23707.0,1.10162,0.118709,NOR,TWN,521019
10112436,174,249,7253,2004,0.0,46366.0,-0.076709,-0.149006,PHL,TWN,521019
10112437,185,249,7253,2004,0.0,5855.0,0.37241599999999997,1.015865,ROU,TWN,521019
10112438,188,249,7253,2004,0.0,27981.0,0.546196,-0.7014729999999999,SAU,TWN,521019
10112439,192,249,7253,2004,0.0,24523.0,1.6409779999999998,0.634947,SGP,TWN,521019
10112440,216,249,7253,2004,3790.0,45906.0,0.5150359999999999,1.583019,THA,TWN,521019
10112441,231,249,7253,2004,6615.0,14733.0,1.7598630000000002,0.066704,USA,TWN,521019
10112442,239,249,7253,2004,21156.0,13389.0,-0.5270560000000001,0.8910389999999999,VNM,TWN,521019
10112443,246,249,7253,2004,0.0,10872.0,0.460279,1.9736220000000002,ZAF,TWN,521019
10112444,45,7,7253,2004,0.0,2124.0,-1.604916,-1.217399,CMR,ARE,521019
10112445,81,7,7253,2004,56385.0,0.0,1.843506,0.684779,GBR,ARE,521019
10112446,82,7,7253,2004,0.0,6287.0,0.381348,-0.44259,GEO,ARE,521019
10112447,103,7,7253,2004,84223.0,0.0,-0.223644,1.719065,IDN,ARE,521019
10112448,104,7,7253,2004,237181.0,0.0,0.233348,2.790987,IND,ARE,521019
10112449,111,7,7253,2004,50877.0,0.0,1.358057,1.11533,ITA,ARE,521019
10112450,114,7,7253,2004,2270.0,0.0,2.526624,0.452054,JPN,ARE,521019
10112451,148,7,7253,2004,0.0,7231.0,-1.6173959999999998,-1.2925719999999998,MRT,ARE,521019
10112452,168,7,7253,2004,114111.0,77122.0,-0.754143,0.25995100000000004,PAK,ARE,521019
10112453,216,7,7253,2004,3034.0,0.0,0.5150359999999999,1.583019,THA,ARE,521019
10112454,231,7,7253,2004,0.0,112347.0,1.7598630000000002,0.066704,USA,ARE,521019
10112455,243,7,7253,2004,0.0,3013.0,-1.15115,-1.207897,YEM,ARE,521019
10112456,107,16,7253,2004,67180.0,0.0,-0.38210700000000003,-0.8408620000000001,IRN,AZE,521019
10112457,43,22,7253,2004,131082.0,0.0,0.581548,2.8689880000000003,CHN,BGD,521019
10112458,81,22,7253,2004,1295.0,0.0,1.843506,0.684779,GBR,BGD,521019
10112459,97,22,7253,2004,74702.0,0.0,0.604825,2.098745,HKG,BGD,521019
10112460,103,22,7253,2004,19862.0,0.0,-0.223644,1.719065,IDN,BGD,521019
10112461,104,22,7253,2004,39851.0,0.0,0.233348,2.790987,IND,BGD,521019
10112462,121,22,7253,2004,126286.0,0.0,1.3624690000000002,0.928342,KOR,BGD,521019
10112463,128,22,7253,2004,0.0,10194.0,-0.658668,0.21912600000000002,LKA,BGD,521019
10112464,153,22,7253,2004,988.0,0.0,0.6710050000000001,0.17807,MYS,BGD,521019
10112465,168,22,7253,2004,157029.0,0.0,-0.754143,0.25995100000000004,PAK,BGD,521019
10112466,192,22,7253,2004,3519.0,0.0,1.6409779999999998,0.634947,SGP,BGD,521019
10112467,216,22,7253,2004,12226.0,0.0,0.5150359999999999,1.583019,THA,BGD,521019
10112468,239,22,7253,2004,3020.0,0.0,-0.5270560000000001,0.8910389999999999,VNM,BGD,521019
10112469,249,22,7253,2004,16178.0,0.0,1.626307,1.358315,TWN,BGD,521019
10112470,18,23,7253,2004,516460.0,26679.0,1.350911,1.408209,BEL,BGR,521019
10112471,39,23,7253,2004,16233.0,0.0,0.9392739999999999,1.19228,CAN,BGR,521019
10112472,43,23,7253,2004,20218.0,0.0,0.581548,2.8689880000000003,CHN,BGR,521019
10112473,61,23,7253,2004,21808.0,179095.0,2.266076,-2.011139,DEU,BGR,521019
10112474,71,23,7253,2004,76794.0,1647.0,0.9784649999999999,2.051216,ESP,BGR,521019
10112475,77,23,7253,2004,49865.0,42404.0,1.6003530000000001,0.643945,FRA,BGR,521019
10112476,81,23,7253,2004,7220.0,0.0,1.843506,0.684779,GBR,BGR,521019
10112477,90,23,7253,2004,69689.0,8827.0,0.348853,1.661656,GRC,BGR,521019
10112478,111,23,7253,2004,418921.0,0.0,1.358057,1.11533,ITA,BGR,521019
10112479,162,23,7253,2004,8631.0,4053.0,1.251808,1.586526,NLD,BGR,521019
10112480,168,23,7253,2004,636.0,0.0,-0.754143,0.25995100000000004,PAK,BGR,521019
10112481,179,23,7253,2004,108493.0,0.0,0.524524,1.901139,PRT,BGR,521019
10112482,189,23,7253,2004,0.0,7785.0,0.628071,2.210424,SCG,BGR,521019
10112483,224,23,7253,2004,2361251.0,51902.0,0.141454,1.9463599999999999,TUR,BGR,521019
10112484,249,23,7253,2004,8255.0,0.0,1.626307,1.358315,TWN,BGR,521019
10112485,43,24,7253,2004,0.0,264073.0,0.581548,2.8689880000000003,CHN,BHR,521019
10112486,104,24,7253,2004,126888.0,0.0,0.233348,2.790987,IND,BHR,521019
10112487,111,24,7253,2004,0.0,87824.0,1.358057,1.11533,ITA,BHR,521019
10112488,168,24,7253,2004,17835.0,2592590.0,-0.754143,0.25995100000000004,PAK,BHR,521019
10112489,216,24,7253,2004,1606.0,0.0,0.5150359999999999,1.583019,THA,BHR,521019
10112490,43,28,7253,2004,5031.0,0.0,0.581548,2.8689880000000003,CHN,BLR,521019
10112491,77,28,7253,2004,10313.0,0.0,1.6003530000000001,0.643945,FRA,BLR,521019
10112492,106,28,7253,2004,1178.0,0.0,1.501859,0.14456,IRL,BLR,521019
10112493,186,28,7253,2004,123882.0,0.0,0.8952399999999999,0.172896,RUS,BLR,521019
10112494,231,28,7253,2004,1400.0,0.0,1.7598630000000002,0.066704,USA,BLR,521019
10112495,18,59,7253,2004,15572.0,0.0,1.350911,1.408209,BEL,CZE,521019
10112496,61,59,7253,2004,135946.0,62064.0,2.266076,-2.011139,DEU,CZE,521019
10112497,64,59,7253,2004,0.0,4219.0,1.328968,1.262743,DNK,CZE,521019
10112498,111,59,7253,2004,2316.0,36696.0,1.358057,1.11533,ITA,CZE,521019
10112499,177,59,7253,2004,0.0,1714.0,1.019341,1.519452,POL,CZE,521019
10112500,206,59,7253,2004,0.0,1129.0,1.2375120000000002,0.8777889999999999,SVK,CZE,521019
10112501,207,59,7253,2004,19254.0,15445.0,1.628643,1.02381,SVN,CZE,521019
10112502,231,59,7253,2004,3272.0,0.0,1.7598630000000002,0.066704,USA,CZE,521019
10112503,249,59,7253,2004,4721.0,0.0,1.626307,1.358315,TWN,CZE,521019
10112504,61,68,7253,2004,0.0,9764.0,2.266076,-2.011139,DEU,EGY,521019
10112505,81,68,7253,2004,1514.0,0.0,1.843506,0.684779,GBR,EGY,521019
10112506,104,68,7253,2004,1179193.0,0.0,0.233348,2.790987,IND,EGY,521019
10112507,188,68,7253,2004,0.0,19091.0,0.546196,-0.7014729999999999,SAU,EGY,521019
10112508,26,100,7253,2004,0.0,11379.0,0.385952,0.571774,BIH,HRV,521019
10112509,61,100,7253,2004,32618.0,0.0,2.266076,-2.011139,DEU,HRV,521019
10112510,77,100,7253,2004,6906.0,0.0,1.6003530000000001,0.643945,FRA,HRV,521019
10112511,111,100,7253,2004,4040.0,188865.0,1.358057,1.11533,ITA,HRV,521019
10112512,207,100,7253,2004,10611.0,0.0,1.628643,1.02381,SVN,HRV,521019
10112513,15,102,7253,2004,0.0,180802.0,1.825391,0.40553,AUT,HUN,521019
10112514,18,102,7253,2004,1934.0,0.0,1.350911,1.408209,BEL,HUN,521019
10112515,41,102,7253,2004,0.0,96768.0,2.151471,0.7196279999999999,CHE,HUN,521019
10112516,61,102,7253,2004,13758.0,0.0,2.266076,-2.011139,DEU,HUN,521019
10112517,71,102,7253,2004,10529.0,0.0,0.9784649999999999,2.051216,ESP,HUN,521019
10112518,77,102,7253,2004,43852.0,0.0,1.6003530000000001,0.643945,FRA,HUN,521019
10112519,111,102,7253,2004,4945.0,0.0,1.358057,1.11533,ITA,HUN,521019
10112520,177,102,7253,2004,1167.0,0.0,1.019341,1.519452,POL,HUN,521019
10112521,185,102,7253,2004,0.0,4042.0,0.37241599999999997,1.015865,ROU,HUN,521019
10112522,224,102,7253,2004,4951.0,0.0,0.141454,1.9463599999999999,TUR,HUN,521019
10112523,9,107,7253,2004,0.0,20514.0,0.661799,-0.140004,ARM,IRN,521019
10112524,16,107,7253,2004,0.0,67180.0,-0.393221,-0.9494440000000001,AZE,IRN,521019
10112525,224,107,7253,2004,7024.0,0.0,0.141454,1.9463599999999999,TUR,IRN,521019
10112526,43,113,7253,2004,3986.0,0.0,0.581548,2.8689880000000003,CHN,JOR,521019
10112527,71,113,7253,2004,1751.0,0.0,0.9784649999999999,2.051216,ESP,JOR,521019
10112528,128,113,7253,2004,0.0,1454.0,-0.658668,0.21912600000000002,LKA,JOR,521019
10112529,224,113,7253,2004,31123.0,0.0,0.141454,1.9463599999999999,TUR,JOR,521019
10112530,71,116,7253,2004,3062.0,0.0,0.9784649999999999,2.051216,ESP,KEN,521019
10112531,104,116,7253,2004,79985.0,0.0,0.233348,2.790987,IND,KEN,521019
10112532,226,116,7253,2004,8896.0,0.0,-1.022658,-0.007045999999999999,TZA,KEN,521019
10112533,227,116,7253,2004,0.0,8219.0,-0.914733,-0.554346,UGA,KEN,521019
10112534,247,116,7253,2004,0.0,146430.0,-0.9972190000000001,-0.853986,ZMB,KEN,521019
10112535,104,122,7253,2004,4134.0,0.0,0.233348,2.790987,IND,KWT,521019
10112536,43,124,7253,2004,35424.0,0.0,0.581548,2.8689880000000003,CHN,LBN,521019
10112537,71,124,7253,2004,47026.0,0.0,0.9784649999999999,2.051216,ESP,LBN,521019
10112538,103,124,7253,2004,1220.0,0.0,-0.223644,1.719065,IDN,LBN,521019
10112539,111,124,7253,2004,972.0,0.0,1.358057,1.11533,ITA,LBN,521019
10112540,138,124,7253,2004,1372.0,0.0,0.868684,0.85506,MEX,LBN,521019
10112541,168,124,7253,2004,48240.0,0.0,-0.754143,0.25995100000000004,PAK,LBN,521019
10112542,216,124,7253,2004,1466.0,0.0,0.5150359999999999,1.583019,THA,LBN,521019
10112543,224,124,7253,2004,6323.0,0.0,0.141454,1.9463599999999999,TUR,LBN,521019
10112544,231,124,7253,2004,4692.0,0.0,1.7598630000000002,0.066704,USA,LBN,521019
10112545,18,130,7253,2004,34221.0,15613.0,1.350911,1.408209,BEL,LTU,521019
10112546,61,130,7253,2004,25133.0,0.0,2.266076,-2.011139,DEU,LTU,521019
10112547,64,130,7253,2004,1270.0,0.0,1.328968,1.262743,DNK,LTU,521019
10112548,71,130,7253,2004,3079.0,0.0,0.9784649999999999,2.051216,ESP,LTU,521019
10112549,77,130,7253,2004,83805.0,0.0,1.6003530000000001,0.643945,FRA,LTU,521019
10112550,111,130,7253,2004,978.0,54721.0,1.358057,1.11533,ITA,LTU,521019
10112551,135,130,7253,2004,0.0,2642.0,-0.155523,-0.355142,MDA,LTU,521019
10112552,208,130,7253,2004,0.0,2678.0,2.0522080000000003,0.8326969999999999,SWE,LTU,521019
10112553,18,132,7253,2004,8842.0,0.0,1.350911,1.408209,BEL,LVA,521019
10112554,61,132,7253,2004,3943.0,0.0,2.266076,-2.011139,DEU,LVA,521019
10112555,64,132,7253,2004,3030.0,0.0,1.328968,1.262743,DNK,LVA,521019
10112556,43,147,7253,2004,7885.0,0.0,0.581548,2.8689880000000003,CHN,MOZ,521019
10112557,97,147,7253,2004,27657.0,0.0,0.604825,2.098745,HKG,MOZ,521019
10112558,104,147,7253,2004,74415.0,0.0,0.233348,2.790987,IND,MOZ,521019
10112559,246,147,7253,2004,7416.0,0.0,0.460279,1.9736220000000002,ZAF,MOZ,521019
10112560,18,163,7253,2004,86252.0,0.0,1.350911,1.408209,BEL,NOR,521019
10112561,43,163,7253,2004,3676.0,0.0,0.581548,2.8689880000000003,CHN,NOR,521019
10112562,71,163,7253,2004,1318.0,0.0,0.9784649999999999,2.051216,ESP,NOR,521019
10112563,208,163,7253,2004,2553.0,1072.0,2.0522080000000003,0.8326969999999999,SWE,NOR,521019
10112564,231,163,7253,2004,1283.0,0.0,1.7598630000000002,0.066704,USA,NOR,521019
10112565,249,163,7253,2004,23707.0,0.0,1.626307,1.358315,TWN,NOR,521019
10112566,7,168,7253,2004,77122.0,114111.0,0.1799,-0.34541900000000003,ARE,PAK,521019
10112567,18,168,7253,2004,0.0,18759.0,1.350911,1.408209,BEL,PAK,521019
10112568,22,168,7253,2004,0.0,157029.0,-1.150444,-0.885333,BGD,PAK,521019
10112569,23,168,7253,2004,0.0,636.0,0.35536,1.499182,BGR,PAK,521019
10112570,24,168,7253,2004,2592590.0,17835.0,0.045344999999999996,-1.001059,BHR,PAK,521019
10112571,32,168,7253,2004,0.0,14788.0,0.540718,1.149065,BRA,PAK,521019
10112572,39,168,7253,2004,0.0,12870.0,0.9392739999999999,1.19228,CAN,PAK,521019
10112573,43,168,7253,2004,292440.0,0.0,0.581548,2.8689880000000003,CHN,PAK,521019
10112574,71,168,7253,2004,0.0,242701.0,0.9784649999999999,2.051216,ESP,PAK,521019
10112575,75,168,7253,2004,0.0,865.0,-0.8870969999999999,-0.287427,FJI,PAK,521019
10112576,77,168,7253,2004,0.0,7533.0,1.6003530000000001,0.643945,FRA,PAK,521019
10112577,81,168,7253,2004,2911.0,35041.0,1.843506,0.684779,GBR,PAK,521019
10112578,90,168,7253,2004,47648.0,0.0,0.348853,1.661656,GRC,PAK,521019
10112579,97,168,7253,2004,289560.0,0.0,0.604825,2.098745,HKG,PAK,521019
10112580,103,168,7253,2004,0.0,205312.0,-0.223644,1.719065,IDN,PAK,521019
10112581,104,168,7253,2004,36157.0,0.0,0.233348,2.790987,IND,PAK,521019
10112582,111,168,7253,2004,19269.0,0.0,1.358057,1.11533,ITA,PAK,521019
10112583,124,168,7253,2004,0.0,48240.0,0.32409899999999997,1.037024,LBN,PAK,521019
10112584,128,168,7253,2004,0.0,35933.0,-0.658668,0.21912600000000002,LKA,PAK,521019
10112585,138,168,7253,2004,0.0,8077.0,0.868684,0.85506,MEX,PAK,521019
10112586,148,168,7253,2004,0.0,5671.0,-1.6173959999999998,-1.2925719999999998,MRT,PAK,521019
10112587,151,168,7253,2004,0.0,9741.0,-0.374754,-0.288504,MUS,PAK,521019
10112588,153,168,7253,2004,0.0,1614.0,0.6710050000000001,0.17807,MYS,PAK,521019
10112589,162,168,7253,2004,0.0,1031.0,1.251808,1.586526,NLD,PAK,521019
10112590,179,168,7253,2004,0.0,1409.0,0.524524,1.901139,PRT,PAK,521019
10112591,183,168,7253,2004,0.0,48923.0,0.21713400000000002,-1.031806,QAT,PAK,521019
10112592,185,168,7253,2004,0.0,17879.0,0.37241599999999997,1.015865,ROU,PAK,521019
10112593,188,168,7253,2004,44238.0,78146.0,0.546196,-0.7014729999999999,SAU,PAK,521019
10112594,191,168,7253,2004,0.0,41076.0,-0.527127,-0.368631,SEN,PAK,521019
10112595,214,168,7253,2004,40608.0,0.0,-0.8921290000000001,-0.881603,TCD,PAK,521019
10112596,216,168,7253,2004,128261.0,0.0,0.5150359999999999,1.583019,THA,PAK,521019
10112597,217,168,7253,2004,0.0,60183.0,-0.608564,-1.021599,TJK,PAK,521019
10112598,231,168,7253,2004,0.0,62936036.0,1.7598630000000002,0.066704,USA,PAK,521019
10112599,246,168,7253,2004,0.0,356605.0,0.460279,1.9736220000000002,ZAF,PAK,521019
10112600,248,168,7253,2004,0.0,30978.0,-0.560593,-0.091112,ZWE,PAK,521019
10112601,18,185,7253,2004,37993.0,2478.0,1.350911,1.408209,BEL,ROU,521019
10112602,43,185,7253,2004,7837.0,0.0,0.581548,2.8689880000000003,CHN,ROU,521019
10112603,61,185,7253,2004,90203.0,6377.0,2.266076,-2.011139,DEU,ROU,521019
10112604,71,185,7253,2004,36499.0,10438.0,0.9784649999999999,2.051216,ESP,ROU,521019
10112605,77,185,7253,2004,44834.0,9360.0,1.6003530000000001,0.643945,FRA,ROU,521019
10112606,81,185,7253,2004,53833.0,22049.0,1.843506,0.684779,GBR,ROU,521019
10112607,90,185,7253,2004,18623.0,0.0,0.348853,1.661656,GRC,ROU,521019
10112608,102,185,7253,2004,4042.0,0.0,1.207082,1.019714,HUN,ROU,521019
10112609,103,185,7253,2004,990.0,0.0,-0.223644,1.719065,IDN,ROU,521019
10112610,104,185,7253,2004,3556.0,0.0,0.233348,2.790987,IND,ROU,521019
10112611,111,185,7253,2004,334215.0,30842.0,1.358057,1.11533,ITA,ROU,521019
10112612,121,185,7253,2004,3375.0,0.0,1.3624690000000002,0.928342,KOR,ROU,521019
10112613,162,185,7253,2004,5874.0,0.0,1.251808,1.586526,NLD,ROU,521019
10112614,168,185,7253,2004,17879.0,0.0,-0.754143,0.25995100000000004,PAK,ROU,521019
10112615,177,185,7253,2004,0.0,17921.0,1.019341,1.519452,POL,ROU,521019
10112616,179,185,7253,2004,2158.0,0.0,0.524524,1.901139,PRT,ROU,521019
10112617,206,185,7253,2004,7807.0,0.0,1.2375120000000002,0.8777889999999999,SVK,ROU,521019
10112618,208,185,7253,2004,26934.0,0.0,2.0522080000000003,0.8326969999999999,SWE,ROU,521019
10112619,224,185,7253,2004,59648.0,15887.0,0.141454,1.9463599999999999,TUR,ROU,521019
10112620,249,185,7253,2004,5855.0,0.0,1.626307,1.358315,TWN,ROU,521019
10112621,43,188,7253,2004,91779.0,0.0,0.581548,2.8689880000000003,CHN,SAU,521019
10112622,61,188,7253,2004,71374.0,0.0,2.266076,-2.011139,DEU,SAU,521019
10112623,68,188,7253,2004,19091.0,0.0,-0.300563,0.41834899999999997,EGY,SAU,521019
10112624,103,188,7253,2004,143968.0,0.0,-0.223644,1.719065,IDN,SAU,521019
10112625,104,188,7253,2004,124492.0,0.0,0.233348,2.790987,IND,SAU,521019
10112626,168,188,7253,2004,78146.0,44238.0,-0.754143,0.25995100000000004,PAK,SAU,521019
10112627,231,188,7253,2004,84642.0,0.0,1.7598630000000002,0.066704,USA,SAU,521019
10112628,249,188,7253,2004,27981.0,0.0,1.626307,1.358315,TWN,SAU,521019
10112629,15,189,7253,2004,11833.0,0.0,1.825391,0.40553,AUT,SCG,521019
10112630,23,189,7253,2004,7785.0,0.0,0.35536,1.499182,BGR,SCG,521019
10112631,26,189,7253,2004,0.0,5711.0,0.385952,0.571774,BIH,SCG,521019
10112632,77,189,7253,2004,6547.0,0.0,1.6003530000000001,0.643945,FRA,SCG,521019
10112633,90,189,7253,2004,1026.0,0.0,0.348853,1.661656,GRC,SCG,521019
10112634,111,189,7253,2004,32819.0,0.0,1.358057,1.11533,ITA,SCG,521019
10112635,207,189,7253,2004,4956.0,0.0,1.628643,1.02381,SVN,SCG,521019
10112636,224,189,7253,2004,3876.0,0.0,0.141454,1.9463599999999999,TUR,SCG,521019
10112637,250,189,7253,2004,1696.0,0.0,0.509382,-0.30904299999999996,ANS,SCG,521019
10112638,14,192,7253,2004,16016.0,6311.0,0.196641,0.8139460000000001,AUS,SGP,521019
10112639,22,192,7253,2004,0.0,3519.0,-1.150444,-0.885333,BGD,SGP,521019
10112640,34,192,7253,2004,0.0,108474.0,-1.271325,-1.03277,BRN,SGP,521019
10112641,43,192,7253,2004,257779.0,0.0,0.581548,2.8689880000000003,CHN,SGP,521019
10112642,71,192,7253,2004,0.0,45840.0,0.9784649999999999,2.051216,ESP,SGP,521019
10112643,77,192,7253,2004,1004.0,0.0,1.6003530000000001,0.643945,FRA,SGP,521019
10112644,97,192,7253,2004,2141.0,0.0,0.604825,2.098745,HKG,SGP,521019
10112645,103,192,7253,2004,27153.0,389101.0,-0.223644,1.719065,IDN,SGP,521019
10112646,104,192,7253,2004,22295.0,0.0,0.233348,2.790987,IND,SGP,521019
10112647,111,192,7253,2004,21308.0,0.0,1.358057,1.11533,ITA,SGP,521019
10112648,121,192,7253,2004,15886.0,0.0,1.3624690000000002,0.928342,KOR,SGP,521019
10112649,128,192,7253,2004,0.0,45753.0,-0.658668,0.21912600000000002,LKA,SGP,521019
10112650,136,192,7253,2004,0.0,33529.0,-1.355542,-0.634409,MDG,SGP,521019
10112651,151,192,7253,2004,0.0,35501.0,-0.374754,-0.288504,MUS,SGP,521019
10112652,153,192,7253,2004,3723.0,2315.0,0.6710050000000001,0.17807,MYS,SGP,521019
10112653,231,192,7253,2004,1449.0,0.0,1.7598630000000002,0.066704,USA,SGP,521019
10112654,249,192,7253,2004,24523.0,0.0,1.626307,1.358315,TWN,SGP,521019
10112655,15,206,7253,2004,4068.0,6750.0,1.825391,0.40553,AUT,SVK,521019
10112656,59,206,7253,2004,1129.0,0.0,1.562625,0.865244,CZE,SVK,521019
10112657,61,206,7253,2004,988.0,0.0,2.266076,-2.011139,DEU,SVK,521019
10112658,77,206,7253,2004,1204.0,3276.0,1.6003530000000001,0.643945,FRA,SVK,521019
10112659,111,206,7253,2004,1459.0,0.0,1.358057,1.11533,ITA,SVK,521019
10112660,185,206,7253,2004,0.0,7807.0,0.37241599999999997,1.015865,ROU,SVK,521019
10112661,15,207,7253,2004,2703.0,86678.0,1.825391,0.40553,AUT,SVN,521019
10112662,59,207,7253,2004,15445.0,19254.0,1.562625,0.865244,CZE,SVN,521019
10112663,100,207,7253,2004,0.0,10611.0,0.6669970000000001,1.088043,HRV,SVN,521019
10112664,111,207,7253,2004,3300.0,107149.0,1.358057,1.11533,ITA,SVN,521019
10112665,177,207,7253,2004,0.0,30089.0,1.019341,1.519452,POL,SVN,521019
10112666,189,207,7253,2004,0.0,4956.0,0.628071,2.210424,SCG,SVN,521019
10112667,224,207,7253,2004,927.0,0.0,0.141454,1.9463599999999999,TUR,SVN,521019
10112668,43,209,7253,2004,74892.0,0.0,0.581548,2.8689880000000003,CHN,SWZ,521019
10112669,18,223,7253,2004,6559.0,0.0,1.350911,1.408209,BEL,TUN,521019
10112670,71,223,7253,2004,169498.0,0.0,0.9784649999999999,2.051216,ESP,TUN,521019
10112671,77,223,7253,2004,1429290.0,0.0,1.6003530000000001,0.643945,FRA,TUN,521019
10112672,111,223,7253,2004,256441.0,6356.0,1.358057,1.11533,ITA,TUN,521019
10112673,224,223,7253,2004,36197.0,0.0,0.141454,1.9463599999999999,TUR,TUN,521019
10112674,4,224,7253,2004,0.0,29691.0,-0.131892,0.14985199999999999,ALB,TUR,521019
10112675,15,224,7253,2004,0.0,10845.0,1.825391,0.40553,AUT,TUR,521019
10112676,18,224,7253,2004,0.0,17869.0,1.350911,1.408209,BEL,TUR,521019
10112677,23,224,7253,2004,51902.0,2361251.0,0.35536,1.499182,BGR,TUR,521019
10112678,26,224,7253,2004,0.0,9661.0,0.385952,0.571774,BIH,TUR,521019
10112679,43,224,7253,2004,83705.0,0.0,0.581548,2.8689880000000003,CHN,TUR,521019
10112680,61,224,7253,2004,1965.0,78226.0,2.266076,-2.011139,DEU,TUR,521019
10112681,64,224,7253,2004,0.0,26934.0,1.328968,1.262743,DNK,TUR,521019
10112682,71,224,7253,2004,2183.0,0.0,0.9784649999999999,2.051216,ESP,TUR,521019
10112683,77,224,7253,2004,68575.0,9100.0,1.6003530000000001,0.643945,FRA,TUR,521019
10112684,81,224,7253,2004,0.0,9363.0,1.843506,0.684779,GBR,TUR,521019
10112685,90,224,7253,2004,0.0,9232.0,0.348853,1.661656,GRC,TUR,521019
10112686,102,224,7253,2004,0.0,4951.0,1.207082,1.019714,HUN,TUR,521019
10112687,107,224,7253,2004,0.0,7024.0,-0.38210700000000003,-0.8408620000000001,IRN,TUR,521019
10112688,110,224,7253,2004,0.0,12686.0,1.250393,0.8003979999999999,ISR,TUR,521019
10112689,111,224,7253,2004,302182.0,27639.0,1.358057,1.11533,ITA,TUR,521019
10112690,113,224,7253,2004,0.0,31123.0,0.152989,0.385845,JOR,TUR,521019
10112691,114,224,7253,2004,0.0,6054.0,2.526624,0.452054,JPN,TUR,521019
10112692,124,224,7253,2004,0.0,6323.0,0.32409899999999997,1.037024,LBN,TUR,521019
10112693,134,224,7253,2004,0.0,290003.0,-0.681556,-0.152372,MAR,TUR,521019
10112694,177,224,7253,2004,0.0,190151.0,1.019341,1.519452,POL,TUR,521019
10112695,185,224,7253,2004,15887.0,59648.0,0.37241599999999997,1.015865,ROU,TUR,521019
10112696,186,224,7253,2004,0.0,5032.0,0.8952399999999999,0.172896,RUS,TUR,521019
10112697,189,224,7253,2004,0.0,3876.0,0.628071,2.210424,SCG,TUR,521019
10112698,207,224,7253,2004,0.0,927.0,1.628643,1.02381,SVN,TUR,521019
10112699,208,224,7253,2004,0.0,2088.0,2.0522080000000003,0.8326969999999999,SWE,TUR,521019
10112700,216,224,7253,2004,0.0,33017.0,0.5150359999999999,1.583019,THA,TUR,521019
10112701,223,224,7253,2004,0.0,36197.0,-0.195751,0.335147,TUN,TUR,521019
10112702,231,224,7253,2004,71882.0,1072.0,1.7598630000000002,0.066704,USA,TUR,521019
10112703,246,224,7253,2004,0.0,7323.0,0.460279,1.9736220000000002,ZAF,TUR,521019
10112704,250,224,7253,2004,3801.0,5733.0,0.509382,-0.30904299999999996,ANS,TUR,521019
10112705,61,228,7253,2004,13931.0,0.0,2.266076,-2.011139,DEU,UKR,521019
10112706,77,228,7253,2004,5092.0,0.0,1.6003530000000001,0.643945,FRA,UKR,521019
10112707,121,228,7253,2004,4327.0,0.0,1.3624690000000002,0.928342,KOR,UKR,521019
10112708,177,228,7253,2004,2583.0,0.0,1.019341,1.519452,POL,UKR,521019
10112709,103,19,7253,2004,80766.0,0.0,-0.223644,1.719065,IDN,BEN,521019
10112710,246,37,7253,2004,1913.0,0.0,0.460279,1.9736220000000002,ZAF,BWA,521019
10112711,8,42,7253,2004,87463.0,0.0,0.28128600000000004,0.64115,ARG,CHL,521019
10112712,32,42,7253,2004,28581.0,0.0,0.540718,1.149065,BRA,CHL,521019
10112713,43,42,7253,2004,26515.0,0.0,0.581548,2.8689880000000003,CHN,CHL,521019
10112714,67,42,7253,2004,0.0,1691.0,-1.149101,-1.013619,ECU,CHL,521019
10112715,71,42,7253,2004,1250.0,0.0,0.9784649999999999,2.051216,ESP,CHL,521019
10112716,77,42,7253,2004,1138.0,0.0,1.6003530000000001,0.643945,FRA,CHL,521019
10112717,138,42,7253,2004,0.0,12747.0,0.868684,0.85506,MEX,CHL,521019
10112718,231,42,7253,2004,34674.0,0.0,1.7598630000000002,0.066704,USA,CHL,521019
10112719,21,44,7253,2004,0.0,1081.0,-1.000801,-1.00024,BFA,CIV,521019
10112720,77,44,7253,2004,780.0,0.0,1.6003530000000001,0.643945,FRA,CIV,521019
10112721,7,45,7253,2004,2124.0,0.0,0.1799,-0.34541900000000003,ARE,CMR,521019
10112722,61,58,7253,2004,15944.0,0.0,2.266076,-2.011139,DEU,CYP,521019
10112723,71,58,7253,2004,1638.0,0.0,0.9784649999999999,2.051216,ESP,CYP,521019
10112724,77,58,7253,2004,19496.0,0.0,1.6003530000000001,0.643945,FRA,CYP,521019
10112725,43,83,7253,2004,6393.0,0.0,0.581548,2.8689880000000003,CHN,GHA,521019
10112726,216,83,7253,2004,1953.0,0.0,0.5150359999999999,1.583019,THA,GHA,521019
10112727,231,133,7253,2004,111009.0,0.0,1.7598630000000002,0.066704,USA,MAC,521019
10112728,61,134,7253,2004,3258.0,998.0,2.266076,-2.011139,DEU,MAR,521019
10112729,71,134,7253,2004,45731.0,2793.0,0.9784649999999999,2.051216,ESP,MAR,521019
10112730,77,134,7253,2004,482035.0,16217.0,1.6003530000000001,0.643945,FRA,MAR,521019
10112731,81,134,7253,2004,1240.0,4363.0,1.843506,0.684779,GBR,MAR,521019
10112732,111,134,7253,2004,74316.0,3708.0,1.358057,1.11533,ITA,MAR,521019
10112733,162,134,7253,2004,60179.0,0.0,1.251808,1.586526,NLD,MAR,521019
10112734,179,134,7253,2004,4034.0,0.0,0.524524,1.901139,PRT,MAR,521019
10112735,224,134,7253,2004,290003.0,0.0,0.141454,1.9463599999999999,TUR,MAR,521019
10112736,250,134,7253,2004,0.0,1583.0,0.509382,-0.30904299999999996,ANS,MAR,521019
10112737,97,141,7253,2004,8269.0,0.0,0.604825,2.098745,HKG,MLI,521019
10112738,71,142,7253,2004,8737.0,0.0,0.9784649999999999,2.051216,ESP,MLT,521019
10112739,7,148,7253,2004,7231.0,0.0,0.1799,-0.34541900000000003,ARE,MRT,521019
10112740,43,148,7253,2004,46384.0,0.0,0.581548,2.8689880000000003,CHN,MRT,521019
10112741,104,148,7253,2004,169574.0,0.0,0.233348,2.790987,IND,MRT,521019
10112742,168,148,7253,2004,5671.0,0.0,-0.754143,0.25995100000000004,PAK,MRT,521019
10112743,43,151,7253,2004,24056.0,0.0,0.581548,2.8689880000000003,CHN,MUS,521019
10112744,97,151,7253,2004,5677.0,0.0,0.604825,2.098745,HKG,MUS,521019
10112745,104,151,7253,2004,6765.0,0.0,0.233348,2.790987,IND,MUS,521019
10112746,128,151,7253,2004,0.0,38886.0,-0.658668,0.21912600000000002,LKA,MUS,521019
10112747,136,151,7253,2004,0.0,13946.0,-1.355542,-0.634409,MDG,MUS,521019
10112748,154,151,7253,2004,0.0,1803.0,1.179671,0.016149,MYT,MUS,521019
10112749,168,151,7253,2004,9741.0,0.0,-0.754143,0.25995100000000004,PAK,MUS,521019
10112750,192,151,7253,2004,35501.0,0.0,1.6409779999999998,0.634947,SGP,MUS,521019
10112751,246,151,7253,2004,110749.0,0.0,0.460279,1.9736220000000002,ZAF,MUS,521019
10112752,246,152,7253,2004,7141.0,0.0,0.460279,1.9736220000000002,ZAF,MWI,521019
10112753,43,155,7253,2004,17034.0,0.0,0.581548,2.8689880000000003,CHN,NAM,521019
10112754,246,155,7253,2004,18615.0,0.0,0.460279,1.9736220000000002,ZAF,NAM,521019
10112755,23,179,7253,2004,0.0,108493.0,0.35536,1.499182,BGR,PRT,521019
10112756,39,179,7253,2004,0.0,49615.0,0.9392739999999999,1.19228,CAN,PRT,521019
10112757,49,179,7253,2004,0.0,4510.0,0.033128,0.47524799999999995,COL,PRT,521019
10112758,51,179,7253,2004,0.0,16901.0,-0.160185,-0.729291,CPV,PRT,521019
10112759,61,179,7253,2004,0.0,5300.0,2.266076,-2.011139,DEU,PRT,521019
10112760,71,179,7253,2004,43085.0,125032.0,0.9784649999999999,2.051216,ESP,PRT,521019
10112761,77,179,7253,2004,39127.0,8562.0,1.6003530000000001,0.643945,FRA,PRT,521019
10112762,81,179,7253,2004,0.0,2003.0,1.843506,0.684779,GBR,PRT,521019
10112763,97,179,7253,2004,0.0,3347.0,0.604825,2.098745,HKG,PRT,521019
10112764,110,179,7253,2004,0.0,2508.0,1.250393,0.8003979999999999,ISR,PRT,521019
10112765,111,179,7253,2004,42885.0,0.0,1.358057,1.11533,ITA,PRT,521019
10112766,114,179,7253,2004,0.0,1585.0,2.526624,0.452054,JPN,PRT,521019
10112767,134,179,7253,2004,0.0,4034.0,-0.681556,-0.152372,MAR,PRT,521019
10112768,138,179,7253,2004,0.0,12836.0,0.868684,0.85506,MEX,PRT,521019
10112769,168,179,7253,2004,1409.0,0.0,-0.754143,0.25995100000000004,PAK,PRT,521019
10112770,185,179,7253,2004,0.0,2158.0,0.37241599999999997,1.015865,ROU,PRT,521019
10112771,231,179,7253,2004,5450.0,0.0,1.7598630000000002,0.066704,USA,PRT,521019
10112772,239,179,7253,2004,0.0,2514.0,-0.5270560000000001,0.8910389999999999,VNM,PRT,521019
10112773,168,183,7253,2004,48923.0,0.0,-0.754143,0.25995100000000004,PAK,QAT,521019
10112774,43,191,7253,2004,6477.0,0.0,0.581548,2.8689880000000003,CHN,SEN,521019
10112775,77,191,7253,2004,27404.0,0.0,1.6003530000000001,0.643945,FRA,SEN,521019
10112776,104,191,7253,2004,3756.0,0.0,0.233348,2.790987,IND,SEN,521019
10112777,168,191,7253,2004,41076.0,0.0,-0.754143,0.25995100000000004,PAK,SEN,521019
10112778,66,212,7253,2004,0.0,1486.0,-0.725066,-1.163606,DZA,SYR,521019
10112779,116,226,7253,2004,0.0,8896.0,-0.503694,0.410495,KEN,TZA,521019
10112780,43,227,7253,2004,4170.0,0.0,0.581548,2.8689880000000003,CHN,UGA,521019
10112781,116,227,7253,2004,8219.0,0.0,-0.503694,0.410495,KEN,UGA,521019
10112782,22,239,7253,2004,0.0,3020.0,-1.150444,-0.885333,BGD,VNM,521019
10112783,43,239,7253,2004,42083.0,0.0,0.581548,2.8689880000000003,CHN,VNM,521019
10112784,61,239,7253,2004,73087.0,0.0,2.266076,-2.011139,DEU,VNM,521019
10112785,97,239,7253,2004,50364.0,99726.0,0.604825,2.098745,HKG,VNM,521019
10112786,103,239,7253,2004,5964.0,0.0,-0.223644,1.719065,IDN,VNM,521019
10112787,111,239,7253,2004,36253.0,0.0,1.358057,1.11533,ITA,VNM,521019
10112788,114,239,7253,2004,235443.0,0.0,2.526624,0.452054,JPN,VNM,521019
10112789,121,239,7253,2004,5789.0,0.0,1.3624690000000002,0.928342,KOR,VNM,521019
10112790,128,239,7253,2004,936.0,0.0,-0.658668,0.21912600000000002,LKA,VNM,521019
10112791,179,239,7253,2004,2514.0,0.0,0.524524,1.901139,PRT,VNM,521019
10112792,216,239,7253,2004,21975.0,0.0,0.5150359999999999,1.583019,THA,VNM,521019
10112793,249,239,7253,2004,13389.0,21156.0,1.626307,1.358315,TWN,VNM,521019
10112794,104,247,7253,2004,42837.0,0.0,0.233348,2.790987,IND,ZMB,521019
10112795,116,247,7253,2004,146430.0,0.0,-0.503694,0.410495,KEN,ZMB,521019
10112796,61,248,7253,2004,14048.0,0.0,2.266076,-2.011139,DEU,ZWE,521019
10112797,168,248,7253,2004,30978.0,0.0,-0.754143,0.25995100000000004,PAK,ZWE,521019
10112798,15,26,7253,2004,40370.0,0.0,1.825391,0.40553,AUT,BIH,521019
10112799,100,26,7253,2004,11379.0,0.0,0.6669970000000001,1.088043,HRV,BIH,521019
10112800,111,26,7253,2004,474092.0,5847.0,1.358057,1.11533,ITA,BIH,521019
10112801,189,26,7253,2004,5711.0,0.0,0.628071,2.210424,SCG,BIH,521019
10112802,224,26,7253,2004,9661.0,0.0,0.141454,1.9463599999999999,TUR,BIH,521019
10112803,7,82,7253,2004,6287.0,0.0,0.1799,-0.34541900000000003,ARE,GEO,521019
10112804,61,109,7253,2004,1196.0,0.0,2.266076,-2.011139,DEU,ISL,521019
10112805,64,109,7253,2004,1224.0,0.0,1.328968,1.262743,DNK,ISL,521019
10112806,162,109,7253,2004,4728.0,0.0,1.251808,1.586526,NLD,ISL,521019
10112807,61,135,7253,2004,8859.0,0.0,2.266076,-2.011139,DEU,MDA,521019
10112808,111,135,7253,2004,2790.0,0.0,1.358057,1.11533,ITA,MDA,521019
10112809,130,135,7253,2004,2642.0,0.0,0.403568,0.632707,LTU,MDA,521019
10112810,61,140,7253,2004,13382.0,0.0,2.266076,-2.011139,DEU,MKD,521019
10112811,90,140,7253,2004,9180.0,0.0,0.348853,1.661656,GRC,MKD,521019
10112812,111,140,7253,2004,7085.0,0.0,1.358057,1.11533,ITA,MKD,521019
10112813,104,157,7253,2004,430007.0,0.0,0.233348,2.790987,IND,NER,521019
10112814,159,157,7253,2004,3860.0,0.0,-2.413432,-1.3033190000000001,NGA,NER,521019
10112815,215,157,7253,2004,6498.0,0.0,-0.6788270000000001,-0.482984,TGO,NER,521019
10112816,90,4,7253,2004,41822.0,0.0,0.348853,1.661656,GRC,ALB,521019
10112817,224,4,7253,2004,29691.0,0.0,0.141454,1.9463599999999999,TUR,ALB,521019
10112818,32,31,7253,2004,10568.0,0.0,0.540718,1.149065,BRA,BOL,521019
10112819,71,66,7253,2004,12753.0,0.0,0.9784649999999999,2.051216,ESP,DZA,521019
10112820,77,66,7253,2004,10695.0,0.0,1.6003530000000001,0.643945,FRA,DZA,521019
10112821,212,66,7253,2004,1486.0,0.0,-0.568707,-0.034736,SYR,DZA,521019
10112822,15,159,7253,2004,1097.0,0.0,1.825391,0.40553,AUT,NGA,521019
10112823,103,159,7253,2004,152360.0,0.0,-0.223644,1.719065,IDN,NGA,521019
10112824,104,159,7253,2004,37410.0,0.0,0.233348,2.790987,IND,NGA,521019
10112825,111,159,7253,2004,2474.0,0.0,1.358057,1.11533,ITA,NGA,521019
10112826,157,159,7253,2004,0.0,3860.0,-0.8203799999999999,-0.7488,NER,NGA,521019
10112827,231,159,7253,2004,196157.0,0.0,1.7598630000000002,0.066704,USA,NGA,521019
10112828,93,29,7253,2004,1816.0,0.0,-0.46136000000000005,0.148122,GTM,BLZ,521019
10112829,99,160,7253,2004,9740.0,0.0,-0.75975,-0.548407,HND,NIC,521019
10112830,169,160,7253,2004,66983.0,0.0,-0.011979,0.261315,PAN,NIC,521019
10112831,231,160,7253,2004,174221.0,0.0,1.7598630000000002,0.066704,USA,NIC,521019
10112832,107,9,7253,2004,20514.0,0.0,-0.38210700000000003,-0.8408620000000001,IRN,ARM,521019
10112833,44,21,7253,2004,1081.0,0.0,-0.8490979999999999,-0.754732,CIV,BFA,521019
10112834,43,34,7253,2004,41139.0,0.0,0.581548,2.8689880000000003,CHN,BRN,521019
10112835,103,34,7253,2004,1120.0,0.0,-0.223644,1.719065,IDN,BRN,521019
10112836,153,34,7253,2004,1901.0,0.0,0.6710050000000001,0.17807,MYS,BRN,521019
10112837,192,34,7253,2004,108474.0,0.0,1.6409779999999998,0.634947,SGP,BRN,521019
10112838,249,34,7253,2004,17535.0,0.0,1.626307,1.358315,TWN,BRN,521019
10112839,104,62,7253,2004,3489.0,0.0,0.233348,2.790987,IND,DJI,521019
10112840,14,75,7253,2004,2304.0,0.0,0.196641,0.8139460000000001,AUS,FJI,521019
10112841,104,75,7253,2004,68630.0,0.0,0.233348,2.790987,IND,FJI,521019
10112842,168,75,7253,2004,865.0,0.0,-0.754143,0.25995100000000004,PAK,FJI,521019
10112843,18,85,7253,2004,9690.0,0.0,1.350911,1.408209,BEL,GIN,521019
10112844,77,85,7253,2004,3285.0,0.0,1.6003530000000001,0.643945,FRA,GIN,521019
10112845,104,85,7253,2004,53929.0,0.0,0.233348,2.790987,IND,GIN,521019
10112846,104,87,7253,2004,49884.0,0.0,0.233348,2.790987,IND,GMB,521019
10112847,231,118,7253,2004,381106.0,0.0,1.7598630000000002,0.066704,USA,KHM,521019
10112848,43,136,7253,2004,131354.0,0.0,0.581548,2.8689880000000003,CHN,MDG,521019
10112849,77,136,7253,2004,280864.0,0.0,1.6003530000000001,0.643945,FRA,MDG,521019
10112850,111,136,7253,2004,918.0,0.0,1.358057,1.11533,ITA,MDG,521019
10112851,121,136,7253,2004,11221.0,0.0,1.3624690000000002,0.928342,KOR,MDG,521019
10112852,151,136,7253,2004,13946.0,0.0,-0.374754,-0.288504,MUS,MDG,521019
10112853,192,136,7253,2004,33529.0,0.0,1.6409779999999998,0.634947,SGP,MDG,521019
10112854,216,136,7253,2004,1547.0,0.0,0.5150359999999999,1.583019,THA,MDG,521019
10112855,43,143,7253,2004,6250.0,0.0,0.581548,2.8689880000000003,CHN,MMR,521019
10112856,216,143,7253,2004,3986.0,0.0,0.5150359999999999,1.583019,THA,MMR,521019
10112857,151,154,7253,2004,1803.0,0.0,-0.374754,-0.288504,MUS,MYT,521019
10112858,157,215,7253,2004,0.0,6498.0,-0.8203799999999999,-0.7488,NER,TGO,521019
10112859,168,217,7253,2004,60183.0,0.0,-0.754143,0.25995100000000004,PAK,TJK,521019
10112860,179,51,7253,2004,16901.0,0.0,0.524524,1.901139,PRT,CPV,521019
10112861,166,156,7253,2004,1829.0,0.0,0.567392,0.965781,NZL,NCL,521019
10112862,168,214,7253,2004,0.0,40608.0,-0.754143,0.25995100000000004,PAK,TCD,521019
10112863,49,250,7253,2004,0.0,14973.0,0.033128,0.47524799999999995,COL,ANS,521019
10112864,72,250,7253,2004,0.0,32926.0,0.6101840000000001,0.9520370000000001,EST,ANS,521019
10112865,134,250,7253,2004,1583.0,0.0,-0.681556,-0.152372,MAR,ANS,521019
10112866,189,250,7253,2004,0.0,1696.0,0.628071,2.210424,SCG,ANS,521019
10112867,224,250,7253,2004,5733.0,3801.0,0.141454,1.9463599999999999,TUR,ANS,521019
10112868,216,123,7253,2004,400200.0,0.0,0.5150359999999999,1.583019,THA,LAO,521019
10112869,14,220,7253,2004,8731.0,0.0,0.196641,0.8139460000000001,AUS,TLS,521019
10112870,32,8,7255,2004,3206.0,0.0,0.540718,1.149065,BRA,ARG,521022
10112871,104,13,7255,2004,1911.0,0.0,0.233348,2.790987,IND,ATG,521022
10112872,43,14,7255,2004,1398.0,0.0,0.581548,2.8689880000000003,CHN,AUS,521022
10112873,103,14,7255,2004,3203.0,0.0,-0.223644,1.719065,IDN,AUS,521022
10112874,111,14,7255,2004,8177.0,0.0,1.358057,1.11533,ITA,AUS,521022
10112875,121,14,7255,2004,9824.0,0.0,1.3624690000000002,0.928342,KOR,AUS,521022
10112876,18,15,7255,2004,0.0,47714.0,1.350911,1.408209,BEL,AUT,521022
10112877,26,15,7255,2004,0.0,6999.0,0.385952,0.571774,BIH,AUT,521022
10112878,41,15,7255,2004,0.0,29762.0,2.151471,0.7196279999999999,CHE,AUT,521022
10112879,61,15,7255,2004,990.0,974894.0,2.266076,-2.011139,DEU,AUT,521022
10112880,64,15,7255,2004,0.0,5947.0,1.328968,1.262743,DNK,AUT,521022
10112881,77,15,7255,2004,1178.0,30733.0,1.6003530000000001,0.643945,FRA,AUT,521022
10112882,102,15,7255,2004,0.0,12218.0,1.207082,1.019714,HUN,AUT,521022
10112883,111,15,7255,2004,17023.0,0.0,1.358057,1.11533,ITA,AUT,521022
10112884,177,15,7255,2004,0.0,1835.0,1.019341,1.519452,POL,AUT,521022
10112885,15,18,7255,2004,47714.0,0.0,1.825391,0.40553,AUT,BEL,521022
10112886,61,18,7255,2004,0.0,8124.0,2.266076,-2.011139,DEU,BEL,521022
10112887,74,18,7255,2004,0.0,1175.0,2.000218,0.9867309999999999,FIN,BEL,521022
10112888,77,18,7255,2004,33991.0,0.0,1.6003530000000001,0.643945,FRA,BEL,521022
10112889,111,18,7255,2004,67748.0,0.0,1.358057,1.11533,ITA,BEL,521022
10112890,134,18,7255,2004,0.0,30726.0,-0.681556,-0.152372,MAR,BEL,521022
10112891,162,18,7255,2004,1169.0,0.0,1.251808,1.586526,NLD,BEL,521022
10112892,185,18,7255,2004,0.0,5785.0,0.37241599999999997,1.015865,ROU,BEL,521022
10112893,8,32,7255,2004,0.0,3206.0,0.28128600000000004,0.64115,ARG,BRA,521022
10112894,42,32,7255,2004,0.0,10328.0,-0.07869,-0.33641,CHL,BRA,521022
10112895,99,32,7255,2004,0.0,1533.0,-0.75975,-0.548407,HND,BRA,521022
10112896,138,32,7255,2004,0.0,28187.0,0.868684,0.85506,MEX,BRA,521022
10112897,230,32,7255,2004,0.0,4810.0,0.151633,0.121776,URY,BRA,521022
10112898,43,39,7255,2004,3979.0,0.0,0.581548,2.8689880000000003,CHN,CAN,521022
10112899,111,39,7255,2004,3852.0,0.0,1.358057,1.11533,ITA,CAN,521022
10112900,138,39,7255,2004,2340.0,0.0,0.868684,0.85506,MEX,CAN,521022
10112901,216,39,7255,2004,4398.0,0.0,0.5150359999999999,1.583019,THA,CAN,521022
10112902,231,39,7255,2004,8543.0,0.0,1.7598630000000002,0.066704,USA,CAN,521022
10112903,15,41,7255,2004,29762.0,0.0,1.825391,0.40553,AUT,CHE,521022
10112904,43,41,7255,2004,187973.0,0.0,0.581548,2.8689880000000003,CHN,CHE,521022
10112905,77,41,7255,2004,13428.0,0.0,1.6003530000000001,0.643945,FRA,CHE,521022
10112906,81,41,7255,2004,1073.0,0.0,1.843506,0.684779,GBR,CHE,521022
10112907,111,41,7255,2004,5917.0,6084.0,1.358057,1.11533,ITA,CHE,521022
10112908,140,41,7255,2004,0.0,5279.0,-0.091013,0.190649,MKD,CHE,521022
10112909,206,41,7255,2004,0.0,5426.0,1.2375120000000002,0.8777889999999999,SVK,CHE,521022
10112910,249,41,7255,2004,6871.0,0.0,1.626307,1.358315,TWN,CHE,521022
10112911,7,43,7255,2004,0.0,73696.0,0.1799,-0.34541900000000003,ARE,CHN,521022
10112912,14,43,7255,2004,0.0,1398.0,0.196641,0.8139460000000001,AUS,CHN,521022
10112913,22,43,7255,2004,0.0,5799.0,-1.150444,-0.885333,BGD,CHN,521022
10112914,39,43,7255,2004,0.0,3979.0,0.9392739999999999,1.19228,CAN,CHN,521022
10112915,41,43,7255,2004,0.0,187973.0,2.151471,0.7196279999999999,CHE,CHN,521022
10112916,83,43,7255,2004,0.0,4770.0,-1.2972540000000001,-0.9967219999999999,GHA,CHN,521022
10112917,97,43,7255,2004,85361.0,393290.0,0.604825,2.098745,HKG,CHN,521022
10112918,103,43,7255,2004,38920.0,0.0,-0.223644,1.719065,IDN,CHN,521022
10112919,104,43,7255,2004,8970.0,162017.0,0.233348,2.790987,IND,CHN,521022
10112920,110,43,7255,2004,0.0,6486.0,1.250393,0.8003979999999999,ISR,CHN,521022
10112921,111,43,7255,2004,0.0,43593.0,1.358057,1.11533,ITA,CHN,521022
10112922,114,43,7255,2004,478327.0,0.0,2.526624,0.452054,JPN,CHN,521022
10112923,118,43,7255,2004,0.0,13616.0,-1.4676209999999998,-1.1972639999999999,KHM,CHN,521022
10112924,121,43,7255,2004,74838.0,38280.0,1.3624690000000002,0.928342,KOR,CHN,521022
10112925,128,43,7255,2004,0.0,2223.0,-0.658668,0.21912600000000002,LKA,CHN,521022
10112926,134,43,7255,2004,0.0,18455.0,-0.681556,-0.152372,MAR,CHN,521022
10112927,138,43,7255,2004,0.0,75408.0,0.868684,0.85506,MEX,CHN,521022
10112928,153,43,7255,2004,4735.0,24763.0,0.6710050000000001,0.17807,MYS,CHN,521022
10112929,179,43,7255,2004,0.0,5134.0,0.524524,1.901139,PRT,CHN,521022
10112930,186,43,7255,2004,0.0,100867.0,0.8952399999999999,0.172896,RUS,CHN,521022
10112931,216,43,7255,2004,13115.0,45569.0,0.5150359999999999,1.583019,THA,CHN,521022
10112932,223,43,7255,2004,0.0,1629.0,-0.195751,0.335147,TUN,CHN,521022
10112933,224,43,7255,2004,0.0,84827.0,0.141454,1.9463599999999999,TUR,CHN,521022
10112934,246,43,7255,2004,0.0,4175.0,0.460279,1.9736220000000002,ZAF,CHN,521022
10112935,249,43,7255,2004,12098.0,0.0,1.626307,1.358315,TWN,CHN,521022
10112936,103,49,7255,2004,1559.0,0.0,-0.223644,1.719065,IDN,COL,521022
10112937,162,49,7255,2004,2590.0,0.0,1.251808,1.586526,NLD,COL,521022
10112938,216,49,7255,2004,2745.0,0.0,0.5150359999999999,1.583019,THA,COL,521022
10112939,15,61,7255,2004,974894.0,990.0,1.825391,0.40553,AUT,DEU,521022
10112940,18,61,7255,2004,8124.0,0.0,1.350911,1.408209,BEL,DEU,521022
10112941,23,61,7255,2004,0.0,8920.0,0.35536,1.499182,BGR,DEU,521022
10112942,26,61,7255,2004,0.0,62740.0,0.385952,0.571774,BIH,DEU,521022
10112943,59,61,7255,2004,14094.0,66488.0,1.562625,0.865244,CZE,DEU,521022
10112944,64,61,7255,2004,0.0,6416.0,1.328968,1.262743,DNK,DEU,521022
10112945,71,61,7255,2004,63156.0,0.0,0.9784649999999999,2.051216,ESP,DEU,521022
10112946,77,61,7255,2004,160141.0,0.0,1.6003530000000001,0.643945,FRA,DEU,521022
10112947,100,61,7255,2004,0.0,7908.0,0.6669970000000001,1.088043,HRV,DEU,521022
10112948,102,61,7255,2004,0.0,993.0,1.207082,1.019714,HUN,DEU,521022
10112949,103,61,7255,2004,25838.0,0.0,-0.223644,1.719065,IDN,DEU,521022
10112950,111,61,7255,2004,337088.0,113925.0,1.358057,1.11533,ITA,DEU,521022
10112951,130,61,7255,2004,5664.0,0.0,0.403568,0.632707,LTU,DEU,521022
10112952,134,61,7255,2004,0.0,12215.0,-0.681556,-0.152372,MAR,DEU,521022
10112953,135,61,7255,2004,0.0,32487.0,-0.155523,-0.355142,MDA,DEU,521022
10112954,136,61,7255,2004,0.0,1532.0,-1.355542,-0.634409,MDG,DEU,521022
10112955,140,61,7255,2004,0.0,156749.0,-0.091013,0.190649,MKD,DEU,521022
10112956,162,61,7255,2004,21821.0,0.0,1.251808,1.586526,NLD,DEU,521022
10112957,177,61,7255,2004,3460.0,44204.0,1.019341,1.519452,POL,DEU,521022
10112958,185,61,7255,2004,4699.0,122546.0,0.37241599999999997,1.015865,ROU,DEU,521022
10112959,206,61,7255,2004,0.0,57251.0,1.2375120000000002,0.8777889999999999,SVK,DEU,521022
10112960,207,61,7255,2004,0.0,5839.0,1.628643,1.02381,SVN,DEU,521022
10112961,223,61,7255,2004,0.0,68030.0,-0.195751,0.335147,TUN,DEU,521022
10112962,224,61,7255,2004,9203.0,29453.0,0.141454,1.9463599999999999,TUR,DEU,521022
10112963,228,61,7255,2004,0.0,19901.0,0.8758040000000001,0.8195879999999999,UKR,DEU,521022
10112964,15,64,7255,2004,5947.0,0.0,1.825391,0.40553,AUT,DNK,521022
10112965,61,64,7255,2004,6416.0,0.0,2.266076,-2.011139,DEU,DNK,521022
10112966,111,64,7255,2004,24963.0,0.0,1.358057,1.11533,ITA,DNK,521022
10112967,121,64,7255,2004,2238.0,0.0,1.3624690000000002,0.928342,KOR,DNK,521022
10112968,177,64,7255,2004,0.0,10941.0,1.019341,1.519452,POL,DNK,521022
10112969,208,64,7255,2004,1472.0,2751.0,2.0522080000000003,0.8326969999999999,SWE,DNK,521022
10112970,23,71,7255,2004,0.0,10615.0,0.35536,1.499182,BGR,ESP,521022
10112971,61,71,7255,2004,0.0,63156.0,2.266076,-2.011139,DEU,ESP,521022
10112972,74,71,7255,2004,0.0,13417.0,2.000218,0.9867309999999999,FIN,ESP,521022
10112973,77,71,7255,2004,1226.0,52290.0,1.6003530000000001,0.643945,FRA,ESP,521022
10112974,102,71,7255,2004,0.0,1190.0,1.207082,1.019714,HUN,ESP,521022
10112975,111,71,7255,2004,22316.0,172722.0,1.358057,1.11533,ITA,ESP,521022
10112976,134,71,7255,2004,0.0,9876.0,-0.681556,-0.152372,MAR,ESP,521022
10112977,138,71,7255,2004,0.0,1956.0,0.868684,0.85506,MEX,ESP,521022
10112978,162,71,7255,2004,18389.0,15584.0,1.251808,1.586526,NLD,ESP,521022
10112979,168,71,7255,2004,29298.0,0.0,-0.754143,0.25995100000000004,PAK,ESP,521022
10112980,179,71,7255,2004,0.0,25890.0,0.524524,1.901139,PRT,ESP,521022
10112981,208,71,7255,2004,0.0,21429.0,2.0522080000000003,0.8326969999999999,SWE,ESP,521022
10112982,223,71,7255,2004,0.0,3776.0,-0.195751,0.335147,TUN,ESP,521022
10112983,224,71,7255,2004,2449.0,980.0,0.141454,1.9463599999999999,TUR,ESP,521022
10112984,74,72,7255,2004,0.0,1395.0,2.000218,0.9867309999999999,FIN,EST,521022
10112985,77,72,7255,2004,6978.0,0.0,1.6003530000000001,0.643945,FRA,EST,521022
10112986,111,72,7255,2004,4170.0,0.0,1.358057,1.11533,ITA,EST,521022
10112987,231,72,7255,2004,0.0,148587.0,1.7598630000000002,0.066704,USA,EST,521022
10112988,18,74,7255,2004,1175.0,0.0,1.350911,1.408209,BEL,FIN,521022
10112989,71,74,7255,2004,13417.0,0.0,0.9784649999999999,2.051216,ESP,FIN,521022
10112990,72,74,7255,2004,1395.0,0.0,0.6101840000000001,0.9520370000000001,EST,FIN,521022
10112991,77,74,7255,2004,14487.0,0.0,1.6003530000000001,0.643945,FRA,FIN,521022
10112992,111,74,7255,2004,2216.0,0.0,1.358057,1.11533,ITA,FIN,521022
10112993,208,74,7255,2004,15376.0,0.0,2.0522080000000003,0.8326969999999999,SWE,FIN,521022
10112994,15,77,7255,2004,30733.0,1178.0,1.825391,0.40553,AUT,FRA,521022
10112995,18,77,7255,2004,0.0,33991.0,1.350911,1.408209,BEL,FRA,521022
10112996,23,77,7255,2004,0.0,3588.0,0.35536,1.499182,BGR,FRA,521022
10112997,41,77,7255,2004,0.0,13428.0,2.151471,0.7196279999999999,CHE,FRA,521022
10112998,61,77,7255,2004,0.0,160141.0,2.266076,-2.011139,DEU,FRA,521022
10112999,66,77,7255,2004,0.0,6005.0,-0.725066,-1.163606,DZA,FRA,521022
10113000,71,77,7255,2004,52290.0,1226.0,0.9784649999999999,2.051216,ESP,FRA,521022
10113001,72,77,7255,2004,0.0,6978.0,0.6101840000000001,0.9520370000000001,EST,FRA,521022
10113002,74,77,7255,2004,0.0,14487.0,2.000218,0.9867309999999999,FIN,FRA,521022
10113003,81,77,7255,2004,0.0,22089.0,1.843506,0.684779,GBR,FRA,521022
10113004,90,77,7255,2004,0.0,1218.0,0.348853,1.661656,GRC,FRA,521022
10113005,103,77,7255,2004,0.0,3281.0,-0.223644,1.719065,IDN,FRA,521022
10113006,104,77,7255,2004,21129.0,0.0,0.233348,2.790987,IND,FRA,521022
10113007,106,77,7255,2004,0.0,13360.0,1.501859,0.14456,IRL,FRA,521022
10113008,111,77,7255,2004,194931.0,4889.0,1.358057,1.11533,ITA,FRA,521022
10113009,114,77,7255,2004,19699.0,2066.0,2.526624,0.452054,JPN,FRA,521022
10113010,121,77,7255,2004,10624.0,0.0,1.3624690000000002,0.928342,KOR,FRA,521022
10113011,128,77,7255,2004,0.0,22614.0,-0.658668,0.21912600000000002,LKA,FRA,521022
10113012,134,77,7255,2004,0.0,142257.0,-0.681556,-0.152372,MAR,FRA,521022
10113013,138,77,7255,2004,0.0,3377.0,0.868684,0.85506,MEX,FRA,521022
10113014,140,77,7255,2004,0.0,3996.0,-0.091013,0.190649,MKD,FRA,521022
10113015,153,77,7255,2004,0.0,12669.0,0.6710050000000001,0.17807,MYS,FRA,521022
10113016,156,77,7255,2004,0.0,3646.0,-0.49824700000000005,-0.8284239999999999,NCL,FRA,521022
10113017,162,77,7255,2004,1271.0,12123.0,1.251808,1.586526,NLD,FRA,521022
10113018,177,77,7255,2004,0.0,7565.0,1.019341,1.519452,POL,FRA,521022
10113019,179,77,7255,2004,0.0,1222.0,0.524524,1.901139,PRT,FRA,521022
10113020,186,77,7255,2004,0.0,8486.0,0.8952399999999999,0.172896,RUS,FRA,521022
10113021,192,77,7255,2004,0.0,41165.0,1.6409779999999998,0.634947,SGP,FRA,521022
10113022,206,77,7255,2004,0.0,3495.0,1.2375120000000002,0.8777889999999999,SVK,FRA,521022
10113023,216,77,7255,2004,0.0,2301.0,0.5150359999999999,1.583019,THA,FRA,521022
10113024,223,77,7255,2004,0.0,37645.0,-0.195751,0.335147,TUN,FRA,521022
10113025,231,77,7255,2004,0.0,5749.0,1.7598630000000002,0.066704,USA,FRA,521022
10113026,41,81,7255,2004,0.0,1073.0,2.151471,0.7196279999999999,CHE,GBR,521022
10113027,77,81,7255,2004,22089.0,0.0,1.6003530000000001,0.643945,FRA,GBR,521022
10113028,134,81,7255,2004,0.0,1963.0,-0.681556,-0.152372,MAR,GBR,521022
10113029,153,81,7255,2004,52518.0,0.0,0.6710050000000001,0.17807,MYS,GBR,521022
10113030,179,81,7255,2004,0.0,6402.0,0.524524,1.901139,PRT,GBR,521022
10113031,224,81,7255,2004,0.0,61703.0,0.141454,1.9463599999999999,TUR,GBR,521022
10113032,77,90,7255,2004,1218.0,0.0,1.6003530000000001,0.643945,FRA,GRC,521022
10113033,111,90,7255,2004,52522.0,431375.0,1.358057,1.11533,ITA,GRC,521022
10113034,239,90,7255,2004,22256.0,0.0,-0.5270560000000001,0.8910389999999999,VNM,GRC,521022
10113035,138,93,7255,2004,0.0,8608.0,0.868684,0.85506,MEX,GTM,521022
10113036,43,97,7255,2004,393290.0,85361.0,0.581548,2.8689880000000003,CHN,HKG,521022
10113037,104,97,7255,2004,6405.0,1444.0,0.233348,2.790987,IND,HKG,521022
10113038,111,97,7255,2004,46717.0,0.0,1.358057,1.11533,ITA,HKG,521022
10113039,121,97,7255,2004,59549.0,0.0,1.3624690000000002,0.928342,KOR,HKG,521022
10113040,128,97,7255,2004,0.0,31445.0,-0.658668,0.21912600000000002,LKA,HKG,521022
10113041,153,97,7255,2004,25969.0,0.0,0.6710050000000001,0.17807,MYS,HKG,521022
10113042,174,97,7255,2004,0.0,49175.0,-0.076709,-0.149006,PHL,HKG,521022
10113043,216,97,7255,2004,3871.0,0.0,0.5150359999999999,1.583019,THA,HKG,521022
10113044,249,97,7255,2004,5055.0,0.0,1.626307,1.358315,TWN,HKG,521022
10113045,32,99,7255,2004,1533.0,0.0,0.540718,1.149065,BRA,HND,521022
10113046,14,103,7255,2004,0.0,3203.0,0.196641,0.8139460000000001,AUS,IDN,521022
10113047,22,103,7255,2004,0.0,287396.0,-1.150444,-0.885333,BGD,IDN,521022
10113048,43,103,7255,2004,0.0,38920.0,0.581548,2.8689880000000003,CHN,IDN,521022
10113049,49,103,7255,2004,0.0,1559.0,0.033128,0.47524799999999995,COL,IDN,521022
10113050,61,103,7255,2004,0.0,25838.0,2.266076,-2.011139,DEU,IDN,521022
10113051,75,103,7255,2004,0.0,1988.0,-0.8870969999999999,-0.287427,FJI,IDN,521022
10113052,77,103,7255,2004,3281.0,0.0,1.6003530000000001,0.643945,FRA,IDN,521022
10113053,104,103,7255,2004,2602.0,0.0,0.233348,2.790987,IND,IDN,521022
10113054,121,103,7255,2004,713000.0,0.0,1.3624690000000002,0.928342,KOR,IDN,521022
10113055,128,103,7255,2004,0.0,4708.0,-0.658668,0.21912600000000002,LKA,IDN,521022
10113056,162,103,7255,2004,0.0,8315.0,1.251808,1.586526,NLD,IDN,521022
10113057,178,103,7255,2004,4929.0,0.0,0.578991,0.781518,PRK,IDN,521022
10113058,192,103,7255,2004,41463.0,0.0,1.6409779999999998,0.634947,SGP,IDN,521022
10113059,239,103,7255,2004,0.0,12369.0,-0.5270560000000001,0.8910389999999999,VNM,IDN,521022
10113060,13,104,7255,2004,0.0,1911.0,0.257288,-0.645794,ATG,IND,521022
10113061,24,104,7255,2004,0.0,1488.0,0.045344999999999996,-1.001059,BHR,IND,521022
10113062,42,104,7255,2004,0.0,943.0,-0.07869,-0.33641,CHL,IND,521022
10113063,43,104,7255,2004,162017.0,8970.0,0.581548,2.8689880000000003,CHN,IND,521022
10113064,77,104,7255,2004,0.0,21129.0,1.6003530000000001,0.643945,FRA,IND,521022
10113065,97,104,7255,2004,1444.0,6405.0,0.604825,2.098745,HKG,IND,521022
10113066,103,104,7255,2004,0.0,2602.0,-0.223644,1.719065,IDN,IND,521022
10113067,111,104,7255,2004,0.0,936036.0,1.358057,1.11533,ITA,IND,521022
10113068,114,104,7255,2004,19156.0,39049.0,2.526624,0.452054,JPN,IND,521022
10113069,121,104,7255,2004,2836.0,0.0,1.3624690000000002,0.928342,KOR,IND,521022
10113070,128,104,7255,2004,0.0,133087.0,-0.658668,0.21912600000000002,LKA,IND,521022
10113071,133,104,7255,2004,0.0,2996.0,-0.351045,-0.487521,MAC,IND,521022
10113072,216,104,7255,2004,0.0,5486.0,0.5150359999999999,1.583019,THA,IND,521022
10113073,222,104,7255,2004,0.0,8110.0,0.00677,-0.965385,TTO,IND,521022
10113074,226,104,7255,2004,0.0,371372.0,-1.022658,-0.007045999999999999,TZA,IND,521022
10113075,231,104,7255,2004,0.0,51936.0,1.7598630000000002,0.066704,USA,IND,521022
10113076,77,106,7255,2004,13360.0,0.0,1.6003530000000001,0.643945,FRA,IRL,521022
10113077,43,110,7255,2004,6486.0,0.0,0.581548,2.8689880000000003,CHN,ISR,521022
10113078,4,111,7255,2004,0.0,10183.0,-0.131892,0.14985199999999999,ALB,ITA,521022
10113079,14,111,7255,2004,0.0,8177.0,0.196641,0.8139460000000001,AUS,ITA,521022
10113080,15,111,7255,2004,0.0,17023.0,1.825391,0.40553,AUT,ITA,521022
10113081,18,111,7255,2004,0.0,67748.0,1.350911,1.408209,BEL,ITA,521022
10113082,23,111,7255,2004,0.0,12638.0,0.35536,1.499182,BGR,ITA,521022
10113083,39,111,7255,2004,0.0,3852.0,0.9392739999999999,1.19228,CAN,ITA,521022
10113084,41,111,7255,2004,6084.0,5917.0,2.151471,0.7196279999999999,CHE,ITA,521022
10113085,43,111,7255,2004,43593.0,0.0,0.581548,2.8689880000000003,CHN,ITA,521022
10113086,59,111,7255,2004,0.0,23266.0,1.562625,0.865244,CZE,ITA,521022
10113087,61,111,7255,2004,113925.0,337088.0,2.266076,-2.011139,DEU,ITA,521022
10113088,64,111,7255,2004,0.0,24963.0,1.328968,1.262743,DNK,ITA,521022
10113089,71,111,7255,2004,172722.0,22316.0,0.9784649999999999,2.051216,ESP,ITA,521022
10113090,72,111,7255,2004,0.0,4170.0,0.6101840000000001,0.9520370000000001,EST,ITA,521022
10113091,74,111,7255,2004,0.0,2216.0,2.000218,0.9867309999999999,FIN,ITA,521022
10113092,77,111,7255,2004,4889.0,194931.0,1.6003530000000001,0.643945,FRA,ITA,521022
10113093,90,111,7255,2004,431375.0,52522.0,0.348853,1.661656,GRC,ITA,521022
10113094,97,111,7255,2004,0.0,46717.0,0.604825,2.098745,HKG,ITA,521022
10113095,100,111,7255,2004,0.0,7296.0,0.6669970000000001,1.088043,HRV,ITA,521022
10113096,102,111,7255,2004,0.0,2171.0,1.207082,1.019714,HUN,ITA,521022
10113097,104,111,7255,2004,936036.0,0.0,0.233348,2.790987,IND,ITA,521022
10113098,114,111,7255,2004,0.0,14014.0,2.526624,0.452054,JPN,ITA,521022
10113099,121,111,7255,2004,21807.0,0.0,1.3624690000000002,0.928342,KOR,ITA,521022
10113100,128,111,7255,2004,0.0,3326.0,-0.658668,0.21912600000000002,LKA,ITA,521022
10113101,132,111,7255,2004,0.0,7639.0,0.413821,0.627853,LVA,ITA,521022
10113102,134,111,7255,2004,0.0,257851.0,-0.681556,-0.152372,MAR,ITA,521022
10113103,138,111,7255,2004,0.0,3934.0,0.868684,0.85506,MEX,ITA,521022
10113104,162,111,7255,2004,0.0,12575.0,1.251808,1.586526,NLD,ITA,521022
10113105,168,111,7255,2004,59062.0,0.0,-0.754143,0.25995100000000004,PAK,ITA,521022
10113106,177,111,7255,2004,0.0,108469.0,1.019341,1.519452,POL,ITA,521022
10113107,179,111,7255,2004,0.0,5218.0,0.524524,1.901139,PRT,ITA,521022
10113108,185,111,7255,2004,0.0,26165.0,0.37241599999999997,1.015865,ROU,ITA,521022
10113109,186,111,7255,2004,0.0,7986.0,0.8952399999999999,0.172896,RUS,ITA,521022
10113110,189,111,7255,2004,0.0,5826.0,0.628071,2.210424,SCG,ITA,521022
10113111,206,111,7255,2004,0.0,11393.0,1.2375120000000002,0.8777889999999999,SVK,ITA,521022
10113112,207,111,7255,2004,0.0,138972.0,1.628643,1.02381,SVN,ITA,521022
10113113,208,111,7255,2004,976.0,27345.0,2.0522080000000003,0.8326969999999999,SWE,ITA,521022
10113114,223,111,7255,2004,0.0,1089747.0,-0.195751,0.335147,TUN,ITA,521022
10113115,224,111,7255,2004,0.0,169049.0,0.141454,1.9463599999999999,TUR,ITA,521022
10113116,231,111,7255,2004,0.0,13131.0,1.7598630000000002,0.066704,USA,ITA,521022
10113117,43,114,7255,2004,0.0,478327.0,0.581548,2.8689880000000003,CHN,JPN,521022
10113118,77,114,7255,2004,2066.0,19699.0,1.6003530000000001,0.643945,FRA,JPN,521022
10113119,104,114,7255,2004,39049.0,19156.0,0.233348,2.790987,IND,JPN,521022
10113120,111,114,7255,2004,14014.0,0.0,1.358057,1.11533,ITA,JPN,521022
10113121,121,114,7255,2004,5282.0,12983.0,1.3624690000000002,0.928342,KOR,JPN,521022
10113122,143,114,7255,2004,0.0,3172.0,-1.400614,-0.947664,MMR,JPN,521022
10113123,174,114,7255,2004,0.0,4260.0,-0.076709,-0.149006,PHL,JPN,521022
10113124,177,114,7255,2004,0.0,12473.0,1.019341,1.519452,POL,JPN,521022
10113125,231,114,7255,2004,0.0,9690.0,1.7598630000000002,0.066704,USA,JPN,521022
10113126,239,114,7255,2004,0.0,23775.0,-0.5270560000000001,0.8910389999999999,VNM,JPN,521022
10113127,14,121,7255,2004,0.0,9824.0,0.196641,0.8139460000000001,AUS,KOR,521022
10113128,22,121,7255,2004,0.0,12216.0,-1.150444,-0.885333,BGD,KOR,521022
10113129,43,121,7255,2004,38280.0,74838.0,0.581548,2.8689880000000003,CHN,KOR,521022
10113130,64,121,7255,2004,0.0,2238.0,1.328968,1.262743,DNK,KOR,521022
10113131,77,121,7255,2004,0.0,10624.0,1.6003530000000001,0.643945,FRA,KOR,521022
10113132,97,121,7255,2004,0.0,59549.0,0.604825,2.098745,HKG,KOR,521022
10113133,103,121,7255,2004,0.0,713000.0,-0.223644,1.719065,IDN,KOR,521022
10113134,104,121,7255,2004,0.0,2836.0,0.233348,2.790987,IND,KOR,521022
10113135,111,121,7255,2004,0.0,21807.0,1.358057,1.11533,ITA,KOR,521022
10113136,114,121,7255,2004,12983.0,5282.0,2.526624,0.452054,JPN,KOR,521022
10113137,143,121,7255,2004,0.0,24586.0,-1.400614,-0.947664,MMR,KOR,521022
10113138,231,121,7255,2004,0.0,2575.0,1.7598630000000002,0.066704,USA,KOR,521022
10113139,239,121,7255,2004,0.0,71420.0,-0.5270560000000001,0.8910389999999999,VNM,KOR,521022
10113140,43,128,7255,2004,2223.0,0.0,0.581548,2.8689880000000003,CHN,LKA,521022
10113141,77,128,7255,2004,22614.0,0.0,1.6003530000000001,0.643945,FRA,LKA,521022
10113142,97,128,7255,2004,31445.0,0.0,0.604825,2.098745,HKG,LKA,521022
10113143,103,128,7255,2004,4708.0,0.0,-0.223644,1.719065,IDN,LKA,521022
10113144,104,128,7255,2004,133087.0,0.0,0.233348,2.790987,IND,LKA,521022
10113145,111,128,7255,2004,3326.0,0.0,1.358057,1.11533,ITA,LKA,521022
10113146,192,128,7255,2004,4434.0,0.0,1.6409779999999998,0.634947,SGP,LKA,521022
10113147,249,128,7255,2004,16077.0,0.0,1.626307,1.358315,TWN,LKA,521022
10113148,32,138,7255,2004,28187.0,0.0,0.540718,1.149065,BRA,MEX,521022
10113149,39,138,7255,2004,0.0,2340.0,0.9392739999999999,1.19228,CAN,MEX,521022
10113150,43,138,7255,2004,75408.0,0.0,0.581548,2.8689880000000003,CHN,MEX,521022
10113151,71,138,7255,2004,1956.0,0.0,0.9784649999999999,2.051216,ESP,MEX,521022
10113152,77,138,7255,2004,3377.0,0.0,1.6003530000000001,0.643945,FRA,MEX,521022
10113153,93,138,7255,2004,8608.0,0.0,-0.46136000000000005,0.148122,GTM,MEX,521022
10113154,111,138,7255,2004,3934.0,0.0,1.358057,1.11533,ITA,MEX,521022
10113155,168,138,7255,2004,5636.0,0.0,-0.754143,0.25995100000000004,PAK,MEX,521022
10113156,216,138,7255,2004,3300.0,0.0,0.5150359999999999,1.583019,THA,MEX,521022
10113157,231,138,7255,2004,517922.0,0.0,1.7598630000000002,0.066704,USA,MEX,521022
10113158,239,138,7255,2004,10374.0,0.0,-0.5270560000000001,0.8910389999999999,VNM,MEX,521022
10113159,43,153,7255,2004,24763.0,4735.0,0.581548,2.8689880000000003,CHN,MYS,521022
10113160,77,153,7255,2004,12669.0,0.0,1.6003530000000001,0.643945,FRA,MYS,521022
10113161,81,153,7255,2004,0.0,52518.0,1.843506,0.684779,GBR,MYS,521022
10113162,97,153,7255,2004,0.0,25969.0,0.604825,2.098745,HKG,MYS,521022
10113163,18,162,7255,2004,0.0,1169.0,1.350911,1.408209,BEL,NLD,521022
10113164,49,162,7255,2004,0.0,2590.0,0.033128,0.47524799999999995,COL,NLD,521022
10113165,61,162,7255,2004,0.0,21821.0,2.266076,-2.011139,DEU,NLD,521022
10113166,71,162,7255,2004,15584.0,18389.0,0.9784649999999999,2.051216,ESP,NLD,521022
10113167,77,162,7255,2004,12123.0,1271.0,1.6003530000000001,0.643945,FRA,NLD,521022
10113168,103,162,7255,2004,8315.0,0.0,-0.223644,1.719065,IDN,NLD,521022
10113169,111,162,7255,2004,12575.0,0.0,1.358057,1.11533,ITA,NLD,521022
10113170,177,162,7255,2004,0.0,74540.0,1.019341,1.519452,POL,NLD,521022
10113171,179,162,7255,2004,0.0,1183.0,0.524524,1.901139,PRT,NLD,521022
10113172,206,162,7255,2004,0.0,1201.0,1.2375120000000002,0.8777889999999999,SVK,NLD,521022
10113173,223,162,7255,2004,0.0,4500.0,-0.195751,0.335147,TUN,NLD,521022
10113174,224,162,7255,2004,0.0,8614.0,0.141454,1.9463599999999999,TUR,NLD,521022
10113175,97,174,7255,2004,49175.0,0.0,0.604825,2.098745,HKG,PHL,521022
10113176,114,174,7255,2004,4260.0,0.0,2.526624,0.452054,JPN,PHL,521022
10113177,15,177,7255,2004,1835.0,0.0,1.825391,0.40553,AUT,POL,521022
10113178,23,177,7255,2004,1162.0,0.0,0.35536,1.499182,BGR,POL,521022
10113179,61,177,7255,2004,44204.0,3460.0,2.266076,-2.011139,DEU,POL,521022
10113180,64,177,7255,2004,10941.0,0.0,1.328968,1.262743,DNK,POL,521022
10113181,77,177,7255,2004,7565.0,0.0,1.6003530000000001,0.643945,FRA,POL,521022
10113182,111,177,7255,2004,108469.0,0.0,1.358057,1.11533,ITA,POL,521022
10113183,114,177,7255,2004,12473.0,0.0,2.526624,0.452054,JPN,POL,521022
10113184,162,177,7255,2004,74540.0,0.0,1.251808,1.586526,NLD,POL,521022
10113185,224,177,7255,2004,30986.0,0.0,0.141454,1.9463599999999999,TUR,POL,521022
10113186,43,186,7255,2004,100867.0,0.0,0.581548,2.8689880000000003,CHN,RUS,521022
10113187,77,186,7255,2004,8486.0,0.0,1.6003530000000001,0.643945,FRA,RUS,521022
10113188,111,186,7255,2004,7986.0,0.0,1.358057,1.11533,ITA,RUS,521022
10113189,231,197,7255,2004,5580.0,0.0,1.7598630000000002,0.066704,USA,SLV,521022
10113190,64,208,7255,2004,2751.0,1472.0,1.328968,1.262743,DNK,SWE,521022
10113191,71,208,7255,2004,21429.0,0.0,0.9784649999999999,2.051216,ESP,SWE,521022
10113192,74,208,7255,2004,0.0,15376.0,2.000218,0.9867309999999999,FIN,SWE,521022
10113193,102,208,7255,2004,0.0,2750.0,1.207082,1.019714,HUN,SWE,521022
10113194,111,208,7255,2004,27345.0,976.0,1.358057,1.11533,ITA,SWE,521022
10113195,130,208,7255,2004,0.0,5737.0,0.403568,0.632707,LTU,SWE,521022
10113196,132,208,7255,2004,0.0,5118.0,0.413821,0.627853,LVA,SWE,521022
10113197,163,208,7255,2004,0.0,1603.0,1.10162,0.118709,NOR,SWE,521022
10113198,39,216,7255,2004,0.0,4398.0,0.9392739999999999,1.19228,CAN,THA,521022
10113199,43,216,7255,2004,45569.0,13115.0,0.581548,2.8689880000000003,CHN,THA,521022
10113200,49,216,7255,2004,0.0,2745.0,0.033128,0.47524799999999995,COL,THA,521022
10113201,77,216,7255,2004,2301.0,0.0,1.6003530000000001,0.643945,FRA,THA,521022
10113202,97,216,7255,2004,0.0,3871.0,0.604825,2.098745,HKG,THA,521022
10113203,104,216,7255,2004,5486.0,0.0,0.233348,2.790987,IND,THA,521022
10113204,134,216,7255,2004,0.0,34880.0,-0.681556,-0.152372,MAR,THA,521022
10113205,138,216,7255,2004,0.0,3300.0,0.868684,0.85506,MEX,THA,521022
10113206,168,216,7255,2004,1452.0,0.0,-0.754143,0.25995100000000004,PAK,THA,521022
10113207,231,216,7255,2004,0.0,16664.0,1.7598630000000002,0.066704,USA,THA,521022
10113208,104,222,7255,2004,8110.0,0.0,0.233348,2.790987,IND,TTO,521022
10113209,32,230,7255,2004,4810.0,0.0,0.540718,1.149065,BRA,URY,521022
10113210,39,231,7255,2004,0.0,8543.0,0.9392739999999999,1.19228,CAN,USA,521022
10113211,72,231,7255,2004,148587.0,0.0,0.6101840000000001,0.9520370000000001,EST,USA,521022
10113212,77,231,7255,2004,5749.0,0.0,1.6003530000000001,0.643945,FRA,USA,521022
10113213,104,231,7255,2004,51936.0,0.0,0.233348,2.790987,IND,USA,521022
10113214,111,231,7255,2004,13131.0,0.0,1.358057,1.11533,ITA,USA,521022
10113215,114,231,7255,2004,9690.0,0.0,2.526624,0.452054,JPN,USA,521022
10113216,121,231,7255,2004,2575.0,0.0,1.3624690000000002,0.928342,KOR,USA,521022
10113217,138,231,7255,2004,0.0,517922.0,0.868684,0.85506,MEX,USA,521022
10113218,168,231,7255,2004,103297.0,0.0,-0.754143,0.25995100000000004,PAK,USA,521022
10113219,197,231,7255,2004,0.0,5580.0,-0.20529499999999998,0.1116,SLV,USA,521022
10113220,216,231,7255,2004,16664.0,0.0,0.5150359999999999,1.583019,THA,USA,521022
10113221,43,246,7255,2004,4175.0,0.0,0.581548,2.8689880000000003,CHN,ZAF,521022
10113222,247,246,7255,2004,0.0,2463.0,-0.9972190000000001,-0.853986,ZMB,ZAF,521022
10113223,248,246,7255,2004,0.0,8629.0,-0.560593,-0.091112,ZWE,ZAF,521022
10113224,22,249,7255,2004,0.0,2898.0,-1.150444,-0.885333,BGD,TWN,521022
10113225,41,249,7255,2004,0.0,6871.0,2.151471,0.7196279999999999,CHE,TWN,521022
10113226,43,249,7255,2004,0.0,12098.0,0.581548,2.8689880000000003,CHN,TWN,521022
10113227,97,249,7255,2004,0.0,5055.0,0.604825,2.098745,HKG,TWN,521022
10113228,128,249,7255,2004,0.0,16077.0,-0.658668,0.21912600000000002,LKA,TWN,521022
10113229,43,7,7255,2004,73696.0,0.0,0.581548,2.8689880000000003,CHN,ARE,521022
10113230,43,22,7255,2004,5799.0,0.0,0.581548,2.8689880000000003,CHN,BGD,521022
10113231,103,22,7255,2004,287396.0,0.0,-0.223644,1.719065,IDN,BGD,521022
10113232,121,22,7255,2004,12216.0,0.0,1.3624690000000002,0.928342,KOR,BGD,521022
10113233,249,22,7255,2004,2898.0,0.0,1.626307,1.358315,TWN,BGD,521022
10113234,61,23,7255,2004,8920.0,0.0,2.266076,-2.011139,DEU,BGR,521022
10113235,71,23,7255,2004,10615.0,0.0,0.9784649999999999,2.051216,ESP,BGR,521022
10113236,77,23,7255,2004,3588.0,0.0,1.6003530000000001,0.643945,FRA,BGR,521022
10113237,111,23,7255,2004,12638.0,0.0,1.358057,1.11533,ITA,BGR,521022
10113238,177,23,7255,2004,0.0,1162.0,1.019341,1.519452,POL,BGR,521022
10113239,104,24,7255,2004,1488.0,0.0,0.233348,2.790987,IND,BHR,521022
10113240,61,59,7255,2004,66488.0,14094.0,2.266076,-2.011139,DEU,CZE,521022
10113241,111,59,7255,2004,23266.0,0.0,1.358057,1.11533,ITA,CZE,521022
10113242,206,59,7255,2004,0.0,5213.0,1.2375120000000002,0.8777889999999999,SVK,CZE,521022
10113243,61,100,7255,2004,7908.0,0.0,2.266076,-2.011139,DEU,HRV,521022
10113244,111,100,7255,2004,7296.0,0.0,1.358057,1.11533,ITA,HRV,521022
10113245,207,100,7255,2004,9098.0,0.0,1.628643,1.02381,SVN,HRV,521022
10113246,15,102,7255,2004,12218.0,0.0,1.825391,0.40553,AUT,HUN,521022
10113247,61,102,7255,2004,993.0,0.0,2.266076,-2.011139,DEU,HUN,521022
10113248,71,102,7255,2004,1190.0,0.0,0.9784649999999999,2.051216,ESP,HUN,521022
10113249,111,102,7255,2004,2171.0,0.0,1.358057,1.11533,ITA,HUN,521022
10113250,168,102,7255,2004,7567.0,0.0,-0.754143,0.25995100000000004,PAK,HUN,521022
10113251,185,102,7255,2004,1857.0,982.0,0.37241599999999997,1.015865,ROU,HUN,521022
10113252,208,102,7255,2004,2750.0,0.0,2.0522080000000003,0.8326969999999999,SWE,HUN,521022
10113253,61,130,7255,2004,0.0,5664.0,2.266076,-2.011139,DEU,LTU,521022
10113254,208,130,7255,2004,5737.0,0.0,2.0522080000000003,0.8326969999999999,SWE,LTU,521022
10113255,111,132,7255,2004,7639.0,0.0,1.358057,1.11533,ITA,LVA,521022
10113256,208,132,7255,2004,5118.0,0.0,2.0522080000000003,0.8326969999999999,SWE,LVA,521022
10113257,208,163,7255,2004,1603.0,0.0,2.0522080000000003,0.8326969999999999,SWE,NOR,521022
10113258,42,168,7255,2004,0.0,34292.0,-0.07869,-0.33641,CHL,PAK,521022
10113259,71,168,7255,2004,0.0,29298.0,0.9784649999999999,2.051216,ESP,PAK,521022
10113260,102,168,7255,2004,0.0,7567.0,1.207082,1.019714,HUN,PAK,521022
10113261,111,168,7255,2004,0.0,59062.0,1.358057,1.11533,ITA,PAK,521022
10113262,134,168,7255,2004,0.0,31657.0,-0.681556,-0.152372,MAR,PAK,521022
10113263,138,168,7255,2004,0.0,5636.0,0.868684,0.85506,MEX,PAK,521022
10113264,216,168,7255,2004,0.0,1452.0,0.5150359999999999,1.583019,THA,PAK,521022
10113265,231,168,7255,2004,0.0,103297.0,1.7598630000000002,0.066704,USA,PAK,521022
10113266,18,185,7255,2004,5785.0,0.0,1.350911,1.408209,BEL,ROU,521022
10113267,61,185,7255,2004,122546.0,4699.0,2.266076,-2.011139,DEU,ROU,521022
10113268,102,185,7255,2004,982.0,1857.0,1.207082,1.019714,HUN,ROU,521022
10113269,111,185,7255,2004,26165.0,0.0,1.358057,1.11533,ITA,ROU,521022
10113270,179,185,7255,2004,1569.0,0.0,0.524524,1.901139,PRT,ROU,521022
10113271,111,189,7255,2004,5826.0,0.0,1.358057,1.11533,ITA,SCG,521022
10113272,135,189,7255,2004,6292.0,0.0,-0.155523,-0.355142,MDA,SCG,521022
10113273,207,189,7255,2004,24588.0,0.0,1.628643,1.02381,SVN,SCG,521022
10113274,77,192,7255,2004,41165.0,0.0,1.6003530000000001,0.643945,FRA,SGP,521022
10113275,103,192,7255,2004,0.0,41463.0,-0.223644,1.719065,IDN,SGP,521022
10113276,128,192,7255,2004,0.0,4434.0,-0.658668,0.21912600000000002,LKA,SGP,521022
10113277,41,206,7255,2004,5426.0,0.0,2.151471,0.7196279999999999,CHE,SVK,521022
10113278,59,206,7255,2004,5213.0,0.0,1.562625,0.865244,CZE,SVK,521022
10113279,61,206,7255,2004,57251.0,0.0,2.266076,-2.011139,DEU,SVK,521022
10113280,77,206,7255,2004,3495.0,0.0,1.6003530000000001,0.643945,FRA,SVK,521022
10113281,111,206,7255,2004,11393.0,0.0,1.358057,1.11533,ITA,SVK,521022
10113282,162,206,7255,2004,1201.0,0.0,1.251808,1.586526,NLD,SVK,521022
10113283,26,207,7255,2004,0.0,6767.0,0.385952,0.571774,BIH,SVN,521022
10113284,61,207,7255,2004,5839.0,0.0,2.266076,-2.011139,DEU,SVN,521022
10113285,100,207,7255,2004,0.0,9098.0,0.6669970000000001,1.088043,HRV,SVN,521022
10113286,111,207,7255,2004,138972.0,0.0,1.358057,1.11533,ITA,SVN,521022
10113287,189,207,7255,2004,0.0,24588.0,0.628071,2.210424,SCG,SVN,521022
10113288,228,207,7255,2004,0.0,1057.0,0.8758040000000001,0.8195879999999999,UKR,SVN,521022
10113289,250,207,7255,2004,6474.0,0.0,0.509382,-0.30904299999999996,ANS,SVN,521022
10113290,43,223,7255,2004,1629.0,0.0,0.581548,2.8689880000000003,CHN,TUN,521022
10113291,61,223,7255,2004,68030.0,0.0,2.266076,-2.011139,DEU,TUN,521022
10113292,71,223,7255,2004,3776.0,0.0,0.9784649999999999,2.051216,ESP,TUN,521022
10113293,77,223,7255,2004,37645.0,0.0,1.6003530000000001,0.643945,FRA,TUN,521022
10113294,111,223,7255,2004,1089747.0,0.0,1.358057,1.11533,ITA,TUN,521022
10113295,162,223,7255,2004,4500.0,0.0,1.251808,1.586526,NLD,TUN,521022
10113296,26,224,7255,2004,0.0,1235.0,0.385952,0.571774,BIH,TUR,521022
10113297,43,224,7255,2004,84827.0,0.0,0.581548,2.8689880000000003,CHN,TUR,521022
10113298,61,224,7255,2004,29453.0,9203.0,2.266076,-2.011139,DEU,TUR,521022
10113299,71,224,7255,2004,980.0,2449.0,0.9784649999999999,2.051216,ESP,TUR,521022
10113300,81,224,7255,2004,61703.0,0.0,1.843506,0.684779,GBR,TUR,521022
10113301,111,224,7255,2004,169049.0,0.0,1.358057,1.11533,ITA,TUR,521022
10113302,134,224,7255,2004,0.0,2710.0,-0.681556,-0.152372,MAR,TUR,521022
10113303,162,224,7255,2004,8614.0,0.0,1.251808,1.586526,NLD,TUR,521022
10113304,177,224,7255,2004,0.0,30986.0,1.019341,1.519452,POL,TUR,521022
10113305,61,228,7255,2004,19901.0,0.0,2.266076,-2.011139,DEU,UKR,521022
10113306,207,228,7255,2004,1057.0,0.0,1.628643,1.02381,SVN,UKR,521022
10113307,32,42,7255,2004,10328.0,0.0,0.540718,1.149065,BRA,CHL,521022
10113308,104,42,7255,2004,943.0,0.0,0.233348,2.790987,IND,CHL,521022
10113309,168,42,7255,2004,34292.0,0.0,-0.754143,0.25995100000000004,PAK,CHL,521022
10113310,43,83,7255,2004,4770.0,0.0,0.581548,2.8689880000000003,CHN,GHA,521022
10113311,104,133,7255,2004,2996.0,0.0,0.233348,2.790987,IND,MAC,521022
10113312,18,134,7255,2004,30726.0,0.0,1.350911,1.408209,BEL,MAR,521022
10113313,43,134,7255,2004,18455.0,0.0,0.581548,2.8689880000000003,CHN,MAR,521022
10113314,61,134,7255,2004,12215.0,0.0,2.266076,-2.011139,DEU,MAR,521022
10113315,71,134,7255,2004,9876.0,0.0,0.9784649999999999,2.051216,ESP,MAR,521022
10113316,77,134,7255,2004,142257.0,0.0,1.6003530000000001,0.643945,FRA,MAR,521022
10113317,81,134,7255,2004,1963.0,0.0,1.843506,0.684779,GBR,MAR,521022
10113318,111,134,7255,2004,257851.0,0.0,1.358057,1.11533,ITA,MAR,521022
10113319,168,134,7255,2004,31657.0,0.0,-0.754143,0.25995100000000004,PAK,MAR,521022
10113320,216,134,7255,2004,34880.0,0.0,0.5150359999999999,1.583019,THA,MAR,521022
10113321,224,134,7255,2004,2710.0,0.0,0.141454,1.9463599999999999,TUR,MAR,521022
10113322,43,179,7255,2004,5134.0,0.0,0.581548,2.8689880000000003,CHN,PRT,521022
10113323,71,179,7255,2004,25890.0,0.0,0.9784649999999999,2.051216,ESP,PRT,521022
10113324,77,179,7255,2004,1222.0,0.0,1.6003530000000001,0.643945,FRA,PRT,521022
10113325,81,179,7255,2004,6402.0,0.0,1.843506,0.684779,GBR,PRT,521022
10113326,111,179,7255,2004,5218.0,0.0,1.358057,1.11533,ITA,PRT,521022
10113327,162,179,7255,2004,1183.0,0.0,1.251808,1.586526,NLD,PRT,521022
10113328,185,179,7255,2004,0.0,1569.0,0.37241599999999997,1.015865,ROU,PRT,521022
10113329,104,226,7255,2004,371372.0,0.0,0.233348,2.790987,IND,TZA,521022
10113330,90,239,7255,2004,0.0,22256.0,0.348853,1.661656,GRC,VNM,521022
10113331,103,239,7255,2004,12369.0,0.0,-0.223644,1.719065,IDN,VNM,521022
10113332,114,239,7255,2004,23775.0,0.0,2.526624,0.452054,JPN,VNM,521022
10113333,121,239,7255,2004,71420.0,0.0,1.3624690000000002,0.928342,KOR,VNM,521022
10113334,138,239,7255,2004,0.0,10374.0,0.868684,0.85506,MEX,VNM,521022
10113335,246,247,7255,2004,2463.0,0.0,0.460279,1.9736220000000002,ZAF,ZMB,521022
10113336,246,248,7255,2004,8629.0,0.0,0.460279,1.9736220000000002,ZAF,ZWE,521022
10113337,15,26,7255,2004,6999.0,0.0,1.825391,0.40553,AUT,BIH,521022
10113338,61,26,7255,2004,62740.0,0.0,2.266076,-2.011139,DEU,BIH,521022
10113339,207,26,7255,2004,6767.0,0.0,1.628643,1.02381,SVN,BIH,521022
10113340,224,26,7255,2004,1235.0,0.0,0.141454,1.9463599999999999,TUR,BIH,521022
10113341,61,135,7255,2004,32487.0,0.0,2.266076,-2.011139,DEU,MDA,521022
10113342,189,135,7255,2004,0.0,6292.0,0.628071,2.210424,SCG,MDA,521022
10113343,41,140,7255,2004,5279.0,0.0,2.151471,0.7196279999999999,CHE,MKD,521022
10113344,61,140,7255,2004,156749.0,0.0,2.266076,-2.011139,DEU,MKD,521022
10113345,77,140,7255,2004,3996.0,0.0,1.6003530000000001,0.643945,FRA,MKD,521022
10113346,103,178,7255,2004,0.0,4929.0,-0.223644,1.719065,IDN,PRK,521022
10113347,111,4,7255,2004,10183.0,0.0,1.358057,1.11533,ITA,ALB,521022
10113348,77,66,7255,2004,6005.0,0.0,1.6003530000000001,0.643945,FRA,DZA,521022
10113349,103,75,7255,2004,1988.0,0.0,-0.223644,1.719065,IDN,FJI,521022
10113350,43,118,7255,2004,13616.0,0.0,0.581548,2.8689880000000003,CHN,KHM,521022
10113351,61,136,7255,2004,1532.0,0.0,2.266076,-2.011139,DEU,MDG,521022
10113352,114,143,7255,2004,3172.0,0.0,2.526624,0.452054,JPN,MMR,521022
10113353,121,143,7255,2004,24586.0,0.0,1.3624690000000002,0.928342,KOR,MMR,521022
10113354,77,156,7255,2004,3646.0,0.0,1.6003530000000001,0.643945,FRA,NCL,521022
10113355,207,250,7255,2004,0.0,6474.0,1.628643,1.02381,SVN,ANS,521022
10113356,32,8,7257,2004,993115.0,0.0,0.540718,1.149065,BRA,ARG,521031
10113357,42,8,7257,2004,0.0,15011.0,-0.07869,-0.33641,CHL,ARG,521031
10113358,43,8,7257,2004,25973.0,0.0,0.581548,2.8689880000000003,CHN,ARG,521031
10113359,71,8,7257,2004,55521.0,0.0,0.9784649999999999,2.051216,ESP,ARG,521031
10113360,103,8,7257,2004,13983.0,0.0,-0.223644,1.719065,IDN,ARG,521031
10113361,111,8,7257,2004,72165.0,0.0,1.358057,1.11533,ITA,ARG,521031
10113362,121,8,7257,2004,52163.0,0.0,1.3624690000000002,0.928342,KOR,ARG,521031
10113363,168,8,7257,2004,996235.0,0.0,-0.754143,0.25995100000000004,PAK,ARG,521031
10113364,180,8,7257,2004,0.0,2184.0,-0.64574,-0.978875,PRY,ARG,521031
10113365,230,8,7257,2004,0.0,15611.0,0.151633,0.121776,URY,ARG,521031
10113366,231,8,7257,2004,4895.0,0.0,1.7598630000000002,0.066704,USA,ARG,521031
10113367,222,13,7257,2004,2987.0,0.0,0.00677,-0.965385,TTO,ATG,521031
10113368,18,14,7257,2004,13613.0,0.0,1.350911,1.408209,BEL,AUS,521031
10113369,32,14,7257,2004,4292.0,0.0,0.540718,1.149065,BRA,AUS,521031
10113370,43,14,7257,2004,452988.0,15630.0,0.581548,2.8689880000000003,CHN,AUS,521031
10113371,61,14,7257,2004,15464.0,0.0,2.266076,-2.011139,DEU,AUS,521031
10113372,71,14,7257,2004,6682.0,0.0,0.9784649999999999,2.051216,ESP,AUS,521031
10113373,75,14,7257,2004,0.0,196495.0,-0.8870969999999999,-0.287427,FJI,AUS,521031
10113374,77,14,7257,2004,13480.0,0.0,1.6003530000000001,0.643945,FRA,AUS,521031
10113375,81,14,7257,2004,8244.0,0.0,1.843506,0.684779,GBR,AUS,521031
10113376,97,14,7257,2004,45512.0,25047.0,0.604825,2.098745,HKG,AUS,521031
10113377,103,14,7257,2004,719947.0,0.0,-0.223644,1.719065,IDN,AUS,521031
10113378,104,14,7257,2004,5245.0,0.0,0.233348,2.790987,IND,AUS,521031
10113379,111,14,7257,2004,185720.0,0.0,1.358057,1.11533,ITA,AUS,521031
10113380,114,14,7257,2004,61316.0,0.0,2.526624,0.452054,JPN,AUS,521031
10113381,121,14,7257,2004,1436440.0,1412.0,1.3624690000000002,0.928342,KOR,AUS,521031
10113382,136,14,7257,2004,0.0,3770.0,-1.355542,-0.634409,MDG,AUS,521031
10113383,153,14,7257,2004,20640.0,0.0,0.6710050000000001,0.17807,MYS,AUS,521031
10113384,162,14,7257,2004,1177.0,0.0,1.251808,1.586526,NLD,AUS,521031
10113385,166,14,7257,2004,66968.0,43296.0,0.567392,0.965781,NZL,AUS,521031
10113386,168,14,7257,2004,302421.0,0.0,-0.754143,0.25995100000000004,PAK,AUS,521031
10113387,179,14,7257,2004,12002.0,0.0,0.524524,1.901139,PRT,AUS,521031
10113388,192,14,7257,2004,2960.0,956.0,1.6409779999999998,0.634947,SGP,AUS,521031
10113389,216,14,7257,2004,41424.0,0.0,0.5150359999999999,1.583019,THA,AUS,521031
10113390,224,14,7257,2004,93407.0,0.0,0.141454,1.9463599999999999,TUR,AUS,521031
10113391,231,14,7257,2004,6722.0,0.0,1.7598630000000002,0.066704,USA,AUS,521031
10113392,239,14,7257,2004,23601.0,0.0,-0.5270560000000001,0.8910389999999999,VNM,AUS,521031
10113393,246,14,7257,2004,4074.0,0.0,0.460279,1.9736220000000002,ZAF,AUS,521031
10113394,249,14,7257,2004,204448.0,3837.0,1.626307,1.358315,TWN,AUS,521031
10113395,18,15,7257,2004,33020.0,0.0,1.350911,1.408209,BEL,AUT,521031
10113396,23,15,7257,2004,2065.0,114243.0,0.35536,1.499182,BGR,AUT,521031
10113397,28,15,7257,2004,0.0,7804.0,0.8553139999999999,0.703926,BLR,AUT,521031
10113398,41,15,7257,2004,2618.0,25399.0,2.151471,0.7196279999999999,CHE,AUT,521031
10113399,43,15,7257,2004,0.0,5390.0,0.581548,2.8689880000000003,CHN,AUT,521031
10113400,59,15,7257,2004,8379.0,9586.0,1.562625,0.865244,CZE,AUT,521031
10113401,61,15,7257,2004,631626.0,112387.0,2.266076,-2.011139,DEU,AUT,521031
10113402,71,15,7257,2004,250449.0,0.0,0.9784649999999999,2.051216,ESP,AUT,521031
10113403,72,15,7257,2004,0.0,13987.0,0.6101840000000001,0.9520370000000001,EST,AUT,521031
10113404,77,15,7257,2004,12958.0,63958.0,1.6003530000000001,0.643945,FRA,AUT,521031
10113405,81,15,7257,2004,18860.0,0.0,1.843506,0.684779,GBR,AUT,521031
10113406,90,15,7257,2004,19949.0,25892.0,0.348853,1.661656,GRC,AUT,521031
10113407,97,15,7257,2004,0.0,24763.0,0.604825,2.098745,HKG,AUT,521031
10113408,100,15,7257,2004,2251.0,8211.0,0.6669970000000001,1.088043,HRV,AUT,521031
10113409,102,15,7257,2004,18596.0,109578.0,1.207082,1.019714,HUN,AUT,521031
10113410,109,15,7257,2004,0.0,1007.0,0.298844,-0.36366,ISL,AUT,521031
10113411,111,15,7257,2004,226836.0,93118.0,1.358057,1.11533,ITA,AUT,521031
10113412,114,15,7257,2004,1827.0,0.0,2.526624,0.452054,JPN,AUT,521031
10113413,121,15,7257,2004,32877.0,28051.0,1.3624690000000002,0.928342,KOR,AUT,521031
10113414,153,15,7257,2004,0.0,1398.0,0.6710050000000001,0.17807,MYS,AUT,521031
10113415,162,15,7257,2004,48366.0,3517.0,1.251808,1.586526,NLD,AUT,521031
10113416,177,15,7257,2004,0.0,5393.0,1.019341,1.519452,POL,AUT,521031
10113417,179,15,7257,2004,1250.0,12087.0,0.524524,1.901139,PRT,AUT,521031
10113418,185,15,7257,2004,3721.0,11564.0,0.37241599999999997,1.015865,ROU,AUT,521031
10113419,192,15,7257,2004,0.0,1377.0,1.6409779999999998,0.634947,SGP,AUT,521031
10113420,206,15,7257,2004,22467.0,156560.0,1.2375120000000002,0.8777889999999999,SVK,AUT,521031
10113421,208,15,7257,2004,0.0,1175.0,2.0522080000000003,0.8326969999999999,SWE,AUT,521031
10113422,224,15,7257,2004,17510.0,0.0,0.141454,1.9463599999999999,TUR,AUT,521031
10113423,228,15,7257,2004,0.0,6631.0,0.8758040000000001,0.8195879999999999,UKR,AUT,521031
10113424,239,15,7257,2004,0.0,10396.0,-0.5270560000000001,0.8910389999999999,VNM,AUT,521031
10113425,249,15,7257,2004,0.0,8314.0,1.626307,1.358315,TWN,AUT,521031
10113426,14,18,7257,2004,0.0,13613.0,0.196641,0.8139460000000001,AUS,BEL,521031
10113427,15,18,7257,2004,0.0,33020.0,1.825391,0.40553,AUT,BEL,521031
10113428,22,18,7257,2004,0.0,50924.0,-1.150444,-0.885333,BGD,BEL,521031
10113429,23,18,7257,2004,3877.0,91021.0,0.35536,1.499182,BGR,BEL,521031
10113430,28,18,7257,2004,0.0,120925.0,0.8553139999999999,0.703926,BLR,BEL,521031
10113431,39,18,7257,2004,0.0,69439.0,0.9392739999999999,1.19228,CAN,BEL,521031
10113432,41,18,7257,2004,0.0,5079.0,2.151471,0.7196279999999999,CHE,BEL,521031
10113433,43,18,7257,2004,0.0,3652.0,0.581548,2.8689880000000003,CHN,BEL,521031
10113434,47,18,7257,2004,0.0,1124.0,-1.610222,-1.184921,COG,BEL,521031
10113435,59,18,7257,2004,0.0,133876.0,1.562625,0.865244,CZE,BEL,521031
10113436,61,18,7257,2004,129866.0,680540.0,2.266076,-2.011139,DEU,BEL,521031
10113437,64,18,7257,2004,0.0,95994.0,1.328968,1.262743,DNK,BEL,521031
10113438,71,18,7257,2004,1632050.0,341999.0,0.9784649999999999,2.051216,ESP,BEL,521031
10113439,72,18,7257,2004,0.0,17990.0,0.6101840000000001,0.9520370000000001,EST,BEL,521031
10113440,74,18,7257,2004,972843.0,63929.0,2.000218,0.9867309999999999,FIN,BEL,521031
10113441,77,18,7257,2004,1133059.0,1250139.0,1.6003530000000001,0.643945,FRA,BEL,521031
10113442,81,18,7257,2004,36362.0,336892.0,1.843506,0.684779,GBR,BEL,521031
10113443,90,18,7257,2004,0.0,47926.0,0.348853,1.661656,GRC,BEL,521031
10113444,97,18,7257,2004,0.0,32190.0,0.604825,2.098745,HKG,BEL,521031
10113445,102,18,7257,2004,129370.0,249884.0,1.207082,1.019714,HUN,BEL,521031
10113446,103,18,7257,2004,0.0,12477.0,-0.223644,1.719065,IDN,BEL,521031
10113447,104,18,7257,2004,11928.0,0.0,0.233348,2.790987,IND,BEL,521031
10113448,106,18,7257,2004,0.0,9593.0,1.501859,0.14456,IRL,BEL,521031
10113449,110,18,7257,2004,0.0,3165.0,1.250393,0.8003979999999999,ISR,BEL,521031
10113450,111,18,7257,2004,486394.0,42188.0,1.358057,1.11533,ITA,BEL,521031
10113451,114,18,7257,2004,0.0,6641.0,2.526624,0.452054,JPN,BEL,521031
10113452,121,18,7257,2004,24144.0,1414.0,1.3624690000000002,0.928342,KOR,BEL,521031
10113453,130,18,7257,2004,11973.0,27893.0,0.403568,0.632707,LTU,BEL,521031
10113454,131,18,7257,2004,0.0,159221.0,1.37529,1.0172649999999999,LUX,BEL,521031
10113455,132,18,7257,2004,0.0,6918.0,0.413821,0.627853,LVA,BEL,521031
10113456,134,18,7257,2004,0.0,844680.0,-0.681556,-0.152372,MAR,BEL,521031
10113457,135,18,7257,2004,1049.0,80958.0,-0.155523,-0.355142,MDA,BEL,521031
10113458,136,18,7257,2004,0.0,2726.0,-1.355542,-0.634409,MDG,BEL,521031
10113459,138,18,7257,2004,0.0,4421.0,0.868684,0.85506,MEX,BEL,521031
10113460,140,18,7257,2004,0.0,90611.0,-0.091013,0.190649,MKD,BEL,521031
10113461,162,18,7257,2004,539846.0,802536.0,1.251808,1.586526,NLD,BEL,521031
10113462,166,18,7257,2004,0.0,6075.0,0.567392,0.965781,NZL,BEL,521031
10113463,168,18,7257,2004,545149.0,0.0,-0.754143,0.25995100000000004,PAK,BEL,521031
10113464,174,18,7257,2004,0.0,7769.0,-0.076709,-0.149006,PHL,BEL,521031
10113465,177,18,7257,2004,4802.0,207342.0,1.019341,1.519452,POL,BEL,521031
10113466,179,18,7257,2004,117966.0,58663.0,0.524524,1.901139,PRT,BEL,521031
10113467,185,18,7257,2004,7029.0,376717.0,0.37241599999999997,1.015865,ROU,BEL,521031
10113468,186,18,7257,2004,0.0,73326.0,0.8952399999999999,0.172896,RUS,BEL,521031
10113469,189,18,7257,2004,3736.0,0.0,0.628071,2.210424,SCG,BEL,521031
10113470,192,18,7257,2004,0.0,1733.0,1.6409779999999998,0.634947,SGP,BEL,521031
10113471,206,18,7257,2004,3530.0,40610.0,1.2375120000000002,0.8777889999999999,SVK,BEL,521031
10113472,207,18,7257,2004,0.0,23893.0,1.628643,1.02381,SVN,BEL,521031
10113473,208,18,7257,2004,0.0,185365.0,2.0522080000000003,0.8326969999999999,SWE,BEL,521031
10113474,216,18,7257,2004,2644.0,0.0,0.5150359999999999,1.583019,THA,BEL,521031
10113475,223,18,7257,2004,0.0,214537.0,-0.195751,0.335147,TUN,BEL,521031
10113476,224,18,7257,2004,195674.0,130644.0,0.141454,1.9463599999999999,TUR,BEL,521031
10113477,228,18,7257,2004,0.0,29004.0,0.8758040000000001,0.8195879999999999,UKR,BEL,521031
10113478,231,18,7257,2004,3447.0,19659.0,1.7598630000000002,0.066704,USA,BEL,521031
10113479,239,18,7257,2004,5518.0,10913.0,-0.5270560000000001,0.8910389999999999,VNM,BEL,521031
10113480,246,18,7257,2004,6753.0,2250.0,0.460279,1.9736220000000002,ZAF,BEL,521031
10113481,249,18,7257,2004,29471.0,6312.0,1.626307,1.358315,TWN,BEL,521031
10113482,168,25,7257,2004,141459.0,0.0,-0.754143,0.25995100000000004,PAK,BHS,521031
10113483,222,25,7257,2004,3705.0,0.0,0.00677,-0.965385,TTO,BHS,521031
10113484,8,32,7257,2004,0.0,993115.0,0.28128600000000004,0.64115,ARG,BRA,521031
10113485,14,32,7257,2004,0.0,4292.0,0.196641,0.8139460000000001,AUS,BRA,521031
10113486,31,32,7257,2004,0.0,8995.0,-0.9288489999999999,-0.929884,BOL,BRA,521031
10113487,42,32,7257,2004,0.0,21399.0,-0.07869,-0.33641,CHL,BRA,521031
10113488,43,32,7257,2004,139677.0,0.0,0.581548,2.8689880000000003,CHN,BRA,521031
10113489,49,32,7257,2004,0.0,93394.0,0.033128,0.47524799999999995,COL,BRA,521031
10113490,52,32,7257,2004,0.0,2880.0,-0.043266000000000006,-0.376239,CRI,BRA,521031
10113491,67,32,7257,2004,0.0,7093.0,-1.149101,-1.013619,ECU,BRA,521031
10113492,77,32,7257,2004,2826.0,1715.0,1.6003530000000001,0.643945,FRA,BRA,521031
10113493,90,32,7257,2004,0.0,25430.0,0.348853,1.661656,GRC,BRA,521031
10113494,111,32,7257,2004,6740.0,0.0,1.358057,1.11533,ITA,BRA,521031
10113495,121,32,7257,2004,2324.0,0.0,1.3624690000000002,0.928342,KOR,BRA,521031
10113496,134,32,7257,2004,0.0,13790.0,-0.681556,-0.152372,MAR,BRA,521031
10113497,138,32,7257,2004,0.0,6208.0,0.868684,0.85506,MEX,BRA,521031
10113498,168,32,7257,2004,52891.0,0.0,-0.754143,0.25995100000000004,PAK,BRA,521031
10113499,173,32,7257,2004,0.0,30559.0,-0.564244,0.131232,PER,BRA,521031
10113500,179,32,7257,2004,8018.0,30122.0,0.524524,1.901139,PRT,BRA,521031
10113501,180,32,7257,2004,0.0,95121.0,-0.64574,-0.978875,PRY,BRA,521031
10113502,189,32,7257,2004,0.0,9590.0,0.628071,2.210424,SCG,BRA,521031
10113503,230,32,7257,2004,0.0,159642.0,0.151633,0.121776,URY,BRA,521031
10113504,231,32,7257,2004,19390.0,1205.0,1.7598630000000002,0.066704,USA,BRA,521031
10113505,236,32,7257,2004,0.0,1426.0,0.048698000000000005,-0.899776,VEN,BRA,521031
10113506,249,32,7257,2004,9710.0,0.0,1.626307,1.358315,TWN,BRA,521031
10113507,121,33,7257,2004,15406.0,0.0,1.3624690000000002,0.928342,KOR,BRB,521031
10113508,222,33,7257,2004,10059.0,0.0,0.00677,-0.965385,TTO,BRB,521031
10113509,231,33,7257,2004,7577.0,0.0,1.7598630000000002,0.066704,USA,BRB,521031
10113510,7,39,7257,2004,0.0,7742.0,0.1799,-0.34541900000000003,ARE,CAN,521031
10113511,18,39,7257,2004,69439.0,0.0,1.350911,1.408209,BEL,CAN,521031
10113512,41,39,7257,2004,6438.0,0.0,2.151471,0.7196279999999999,CHE,CAN,521031
10113513,43,39,7257,2004,52601.0,1966486.0,0.581548,2.8689880000000003,CHN,CAN,521031
10113514,49,39,7257,2004,0.0,1477.0,0.033128,0.47524799999999995,COL,CAN,521031
10113515,59,39,7257,2004,0.0,12745.0,1.562625,0.865244,CZE,CAN,521031
10113516,61,39,7257,2004,213289.0,0.0,2.266076,-2.011139,DEU,CAN,521031
10113517,71,39,7257,2004,60930.0,7378.0,0.9784649999999999,2.051216,ESP,CAN,521031
10113518,77,39,7257,2004,14375.0,0.0,1.6003530000000001,0.643945,FRA,CAN,521031
10113519,81,39,7257,2004,9735.0,10047.0,1.843506,0.684779,GBR,CAN,521031
10113520,90,39,7257,2004,0.0,5172.0,0.348853,1.661656,GRC,CAN,521031
10113521,97,39,7257,2004,3066.0,32989.0,0.604825,2.098745,HKG,CAN,521031
10113522,102,39,7257,2004,0.0,5032.0,1.207082,1.019714,HUN,CAN,521031
10113523,103,39,7257,2004,26240.0,0.0,-0.223644,1.719065,IDN,CAN,521031
10113524,104,39,7257,2004,64980.0,0.0,0.233348,2.790987,IND,CAN,521031
10113525,110,39,7257,2004,12194.0,0.0,1.250393,0.8003979999999999,ISR,CAN,521031
10113526,111,39,7257,2004,78663.0,1573.0,1.358057,1.11533,ITA,CAN,521031
10113527,112,39,7257,2004,0.0,944.0,-0.64957,-0.944183,JAM,CAN,521031
10113528,114,39,7257,2004,106968.0,0.0,2.526624,0.452054,JPN,CAN,521031
10113529,121,39,7257,2004,138975.0,0.0,1.3624690000000002,0.928342,KOR,CAN,521031
10113530,138,39,7257,2004,41334.0,2850.0,0.868684,0.85506,MEX,CAN,521031
10113531,153,39,7257,2004,6547.0,0.0,0.6710050000000001,0.17807,MYS,CAN,521031
10113532,168,39,7257,2004,681537.0,0.0,-0.754143,0.25995100000000004,PAK,CAN,521031
10113533,177,39,7257,2004,0.0,3542.0,1.019341,1.519452,POL,CAN,521031
10113534,179,39,7257,2004,1416.0,0.0,0.524524,1.901139,PRT,CAN,521031
10113535,192,39,7257,2004,3846.0,0.0,1.6409779999999998,0.634947,SGP,CAN,521031
10113536,208,39,7257,2004,0.0,19137.0,2.0522080000000003,0.8326969999999999,SWE,CAN,521031
10113537,216,39,7257,2004,31547.0,0.0,0.5150359999999999,1.583019,THA,CAN,521031
10113538,224,39,7257,2004,62730.0,0.0,0.141454,1.9463599999999999,TUR,CAN,521031
10113539,231,39,7257,2004,1224103.0,8083860.0,1.7598630000000002,0.066704,USA,CAN,521031
10113540,246,39,7257,2004,1182.0,0.0,0.460279,1.9736220000000002,ZAF,CAN,521031
10113541,249,39,7257,2004,70506.0,0.0,1.626307,1.358315,TWN,CAN,521031
10113542,15,41,7257,2004,25399.0,2618.0,1.825391,0.40553,AUT,CHE,521031
10113543,18,41,7257,2004,5079.0,0.0,1.350911,1.408209,BEL,CHE,521031
10113544,23,41,7257,2004,0.0,21689.0,0.35536,1.499182,BGR,CHE,521031
10113545,39,41,7257,2004,0.0,6438.0,0.9392739999999999,1.19228,CAN,CHE,521031
10113546,43,41,7257,2004,7573.0,7582.0,0.581548,2.8689880000000003,CHN,CHE,521031
10113547,59,41,7257,2004,0.0,6156.0,1.562625,0.865244,CZE,CHE,521031
10113548,61,41,7257,2004,421121.0,84291.0,2.266076,-2.011139,DEU,CHE,521031
10113549,71,41,7257,2004,5284.0,7283.0,0.9784649999999999,2.051216,ESP,CHE,521031
10113550,77,41,7257,2004,34174.0,1971.0,1.6003530000000001,0.643945,FRA,CHE,521031
10113551,81,41,7257,2004,33844.0,20838.0,1.843506,0.684779,GBR,CHE,521031
10113552,97,41,7257,2004,0.0,25966.0,0.604825,2.098745,HKG,CHE,521031
10113553,102,41,7257,2004,0.0,18322.0,1.207082,1.019714,HUN,CHE,521031
10113554,104,41,7257,2004,21658.0,36651.0,0.233348,2.790987,IND,CHE,521031
10113555,111,41,7257,2004,340677.0,15574.0,1.358057,1.11533,ITA,CHE,521031
10113556,114,41,7257,2004,35773.0,11867.0,2.526624,0.452054,JPN,CHE,521031
10113557,140,41,7257,2004,0.0,9828.0,-0.091013,0.190649,MKD,CHE,521031
10113558,162,41,7257,2004,3266.0,6102.0,1.251808,1.586526,NLD,CHE,521031
10113559,166,41,7257,2004,0.0,3725.0,0.567392,0.965781,NZL,CHE,521031
10113560,168,41,7257,2004,46207.0,0.0,-0.754143,0.25995100000000004,PAK,CHE,521031
10113561,177,41,7257,2004,0.0,2615.0,1.019341,1.519452,POL,CHE,521031
10113562,179,41,7257,2004,1666.0,3773.0,0.524524,1.901139,PRT,CHE,521031
10113563,185,41,7257,2004,0.0,66085.0,0.37241599999999997,1.015865,ROU,CHE,521031
10113564,186,41,7257,2004,0.0,4063.0,0.8952399999999999,0.172896,RUS,CHE,521031
10113565,188,41,7257,2004,0.0,9280.0,0.546196,-0.7014729999999999,SAU,CHE,521031
10113566,206,41,7257,2004,0.0,15978.0,1.2375120000000002,0.8777889999999999,SVK,CHE,521031
10113567,207,41,7257,2004,0.0,151499.0,1.628643,1.02381,SVN,CHE,521031
10113568,216,41,7257,2004,8124.0,26481.0,0.5150359999999999,1.583019,THA,CHE,521031
10113569,231,41,7257,2004,2454.0,14398.0,1.7598630000000002,0.066704,USA,CHE,521031
10113570,4,43,7257,2004,0.0,5267.0,-0.131892,0.14985199999999999,ALB,CHN,521031
10113571,7,43,7257,2004,0.0,666166.0,0.1799,-0.34541900000000003,ARE,CHN,521031
10113572,8,43,7257,2004,0.0,25973.0,0.28128600000000004,0.64115,ARG,CHN,521031
10113573,9,43,7257,2004,0.0,4878.0,0.661799,-0.140004,ARM,CHN,521031
10113574,14,43,7257,2004,15630.0,452988.0,0.196641,0.8139460000000001,AUS,CHN,521031
10113575,15,43,7257,2004,5390.0,0.0,1.825391,0.40553,AUT,CHN,521031
10113576,18,43,7257,2004,3652.0,0.0,1.350911,1.408209,BEL,CHN,521031
10113577,22,43,7257,2004,0.0,13888275.0,-1.150444,-0.885333,BGD,CHN,521031
10113578,23,43,7257,2004,0.0,61456.0,0.35536,1.499182,BGR,CHN,521031
10113579,24,43,7257,2004,0.0,21619.0,0.045344999999999996,-1.001059,BHR,CHN,521031
10113580,31,43,7257,2004,0.0,131995.0,-0.9288489999999999,-0.929884,BOL,CHN,521031
10113581,32,43,7257,2004,0.0,139677.0,0.540718,1.149065,BRA,CHN,521031
10113582,39,43,7257,2004,1966486.0,52601.0,0.9392739999999999,1.19228,CAN,CHN,521031
10113583,41,43,7257,2004,7582.0,7573.0,2.151471,0.7196279999999999,CHE,CHN,521031
10113584,42,43,7257,2004,0.0,38105.0,-0.07869,-0.33641,CHL,CHN,521031
10113585,49,43,7257,2004,0.0,193630.0,0.033128,0.47524799999999995,COL,CHN,521031
10113586,52,43,7257,2004,0.0,162321.0,-0.043266000000000006,-0.376239,CRI,CHN,521031
10113587,54,43,7257,2004,0.0,137626.0,-0.040541,-0.634675,CUB,CHN,521031
10113588,58,43,7257,2004,0.0,45911.0,0.533521,0.615939,CYP,CHN,521031
10113589,59,43,7257,2004,0.0,10854.0,1.562625,0.865244,CZE,CHN,521031
10113590,61,43,7257,2004,106554.0,43009.0,2.266076,-2.011139,DEU,CHN,521031
10113591,63,43,7257,2004,0.0,374244.0,0.322803,-0.000479,DMA,CHN,521031
10113592,64,43,7257,2004,11802.0,2409.0,1.328968,1.262743,DNK,CHN,521031
10113593,65,43,7257,2004,0.0,683289.0,-0.510025,-0.328257,DOM,CHN,521031
10113594,66,43,7257,2004,0.0,45864.0,-0.725066,-1.163606,DZA,CHN,521031
10113595,68,43,7257,2004,0.0,15061.0,-0.300563,0.41834899999999997,EGY,CHN,521031
10113596,71,43,7257,2004,14475.0,15062.0,0.9784649999999999,2.051216,ESP,CHN,521031
10113597,74,43,7257,2004,9770.0,0.0,2.000218,0.9867309999999999,FIN,CHN,521031
10113598,77,43,7257,2004,47389.0,31636.0,1.6003530000000001,0.643945,FRA,CHN,521031
10113599,81,43,7257,2004,4792.0,91576.0,1.843506,0.684779,GBR,CHN,521031
10113600,83,43,7257,2004,0.0,31810.0,-1.2972540000000001,-0.9967219999999999,GHA,CHN,521031
10113601,90,43,7257,2004,0.0,69548.0,0.348853,1.661656,GRC,CHN,521031
10113602,93,43,7257,2004,0.0,916565.0,-0.46136000000000005,0.148122,GTM,CHN,521031
10113603,97,43,7257,2004,11575810.0,15159625.0,0.604825,2.098745,HKG,CHN,521031
10113604,99,43,7257,2004,0.0,1099100.0,-0.75975,-0.548407,HND,CHN,521031
10113605,100,43,7257,2004,0.0,172643.0,0.6669970000000001,1.088043,HRV,CHN,521031
10113606,102,43,7257,2004,0.0,93654.0,1.207082,1.019714,HUN,CHN,521031
10113607,103,43,7257,2004,740113.0,2217793.0,-0.223644,1.719065,IDN,CHN,521031
10113608,104,43,7257,2004,10819.0,1020620.0,0.233348,2.790987,IND,CHN,521031
10113609,110,43,7257,2004,0.0,276974.0,1.250393,0.8003979999999999,ISR,CHN,521031
10113610,111,43,7257,2004,222221.0,129372.0,1.358057,1.11533,ITA,CHN,521031
10113611,113,43,7257,2004,0.0,129017.0,0.152989,0.385845,JOR,CHN,521031
10113612,114,43,7257,2004,15687048.0,125127.0,2.526624,0.452054,JPN,CHN,521031
10113613,116,43,7257,2004,0.0,123726.0,-0.503694,0.410495,KEN,CHN,521031
10113614,118,43,7257,2004,0.0,2634640.0,-1.4676209999999998,-1.1972639999999999,KHM,CHN,521031
10113615,121,43,7257,2004,19683484.0,1145408.0,1.3624690000000002,0.928342,KOR,CHN,521031
10113616,122,43,7257,2004,0.0,70204.0,-0.481908,-1.172081,KWT,CHN,521031
10113617,124,43,7257,2004,0.0,31734.0,0.32409899999999997,1.037024,LBN,CHN,521031
10113618,128,43,7257,2004,0.0,1842916.0,-0.658668,0.21912600000000002,LKA,CHN,521031
10113619,130,43,7257,2004,0.0,13578.0,0.403568,0.632707,LTU,CHN,521031
10113620,132,43,7257,2004,0.0,1608.0,0.413821,0.627853,LVA,CHN,521031
10113621,133,43,7257,2004,444225.0,105666.0,-0.351045,-0.487521,MAC,CHN,521031
10113622,134,43,7257,2004,0.0,52030.0,-0.681556,-0.152372,MAR,CHN,521031
10113623,136,43,7257,2004,0.0,42150.0,-1.355542,-0.634409,MDG,CHN,521031
10113624,138,43,7257,2004,0.0,810302.0,0.868684,0.85506,MEX,CHN,521031
10113625,140,43,7257,2004,0.0,2630.0,-0.091013,0.190649,MKD,CHN,521031
10113626,142,43,7257,2004,0.0,16845.0,1.251894,0.063827,MLT,CHN,521031
10113627,143,43,7257,2004,0.0,706028.0,-1.400614,-0.947664,MMR,CHN,521031
10113628,145,43,7257,2004,0.0,59543.0,-1.030558,-1.03145,MNG,CHN,521031
10113629,151,43,7257,2004,0.0,8890.0,-0.374754,-0.288504,MUS,CHN,521031
10113630,153,43,7257,2004,2122480.0,192379.0,0.6710050000000001,0.17807,MYS,CHN,521031
10113631,160,43,7257,2004,0.0,745721.0,-0.9789479999999999,-0.8374219999999999,NIC,CHN,521031
10113632,162,43,7257,2004,5901.0,17627.0,1.251808,1.586526,NLD,CHN,521031
10113633,164,43,7257,2004,0.0,8059.0,-0.323954,0.5528,NPL,CHN,521031
10113634,166,43,7257,2004,0.0,12726.0,0.567392,0.965781,NZL,CHN,521031
10113635,167,43,7257,2004,0.0,37520.0,-0.62946,-1.108933,OMN,CHN,521031
10113636,168,43,7257,2004,275059.0,326278.0,-0.754143,0.25995100000000004,PAK,CHN,521031
10113637,173,43,7257,2004,0.0,104703.0,-0.564244,0.131232,PER,CHN,521031
10113638,174,43,7257,2004,24072.0,535468.0,-0.076709,-0.149006,PHL,CHN,521031
10113639,177,43,7257,2004,0.0,123670.0,1.019341,1.519452,POL,CHN,521031
10113640,178,43,7257,2004,17112.0,70432.0,0.578991,0.781518,PRK,CHN,521031
10113641,179,43,7257,2004,15351.0,0.0,0.524524,1.901139,PRT,CHN,521031
10113642,185,43,7257,2004,0.0,87166.0,0.37241599999999997,1.015865,ROU,CHN,521031
10113643,186,43,7257,2004,0.0,166690.0,0.8952399999999999,0.172896,RUS,CHN,521031
10113644,188,43,7257,2004,0.0,68735.0,0.546196,-0.7014729999999999,SAU,CHN,521031
10113645,189,43,7257,2004,0.0,74636.0,0.628071,2.210424,SCG,CHN,521031
10113646,192,43,7257,2004,147146.0,211836.0,1.6409779999999998,0.634947,SGP,CHN,521031
10113647,197,43,7257,2004,0.0,1050673.0,-0.20529499999999998,0.1116,SLV,CHN,521031
10113648,206,43,7257,2004,0.0,36053.0,1.2375120000000002,0.8777889999999999,SVK,CHN,521031
10113649,207,43,7257,2004,0.0,15566.0,1.628643,1.02381,SVN,CHN,521031
10113650,208,43,7257,2004,1603.0,0.0,2.0522080000000003,0.8326969999999999,SWE,CHN,521031
10113651,209,43,7257,2004,0.0,16019.0,0.397488,-0.264855,SWZ,CHN,521031
10113652,212,43,7257,2004,0.0,31805.0,-0.568707,-0.034736,SYR,CHN,521031
10113653,216,43,7257,2004,300268.0,494815.0,0.5150359999999999,1.583019,THA,CHN,521031
10113654,222,43,7257,2004,0.0,15094.0,0.00677,-0.965385,TTO,CHN,521031
10113655,223,43,7257,2004,0.0,70294.0,-0.195751,0.335147,TUN,CHN,521031
10113656,224,43,7257,2004,15285.0,234896.0,0.141454,1.9463599999999999,TUR,CHN,521031
10113657,228,43,7257,2004,0.0,18331.0,0.8758040000000001,0.8195879999999999,UKR,CHN,521031
10113658,230,43,7257,2004,0.0,20948.0,0.151633,0.121776,URY,CHN,521031
10113659,231,43,7257,2004,52557.0,1079551.0,1.7598630000000002,0.066704,USA,CHN,521031
10113660,234,43,7257,2004,0.0,1354.0,-0.564477,-0.8544,VCT,CHN,521031
10113661,236,43,7257,2004,0.0,93786.0,0.048698000000000005,-0.899776,VEN,CHN,521031
10113662,239,43,7257,2004,140177.0,4142357.0,-0.5270560000000001,0.8910389999999999,VNM,CHN,521031
10113663,246,43,7257,2004,6973.0,524974.0,0.460279,1.9736220000000002,ZAF,CHN,521031
10113664,249,43,7257,2004,5836126.0,111579.0,1.626307,1.358315,TWN,CHN,521031
10113665,250,43,7257,2004,72384.0,0.0,0.509382,-0.30904299999999996,ANS,CHN,521031
10113666,32,49,7257,2004,93394.0,0.0,0.540718,1.149065,BRA,COL,521031
10113667,39,49,7257,2004,1477.0,0.0,0.9392739999999999,1.19228,CAN,COL,521031
10113668,42,49,7257,2004,1541.0,0.0,-0.07869,-0.33641,CHL,COL,521031
10113669,43,49,7257,2004,193630.0,0.0,0.581548,2.8689880000000003,CHN,COL,521031
10113670,67,49,7257,2004,0.0,9231.0,-1.149101,-1.013619,ECU,COL,521031
10113671,71,49,7257,2004,65493.0,0.0,0.9784649999999999,2.051216,ESP,COL,521031
10113672,77,49,7257,2004,3304.0,0.0,1.6003530000000001,0.643945,FRA,COL,521031
10113673,97,49,7257,2004,4152.0,0.0,0.604825,2.098745,HKG,COL,521031
10113674,111,49,7257,2004,3392.0,0.0,1.358057,1.11533,ITA,COL,521031
10113675,121,49,7257,2004,51878.0,0.0,1.3624690000000002,0.928342,KOR,COL,521031
10113676,138,49,7257,2004,0.0,36033.0,0.868684,0.85506,MEX,COL,521031
10113677,162,49,7257,2004,72742.0,0.0,1.251808,1.586526,NLD,COL,521031
10113678,168,49,7257,2004,402911.0,0.0,-0.754143,0.25995100000000004,PAK,COL,521031
10113679,173,49,7257,2004,6254.0,10286.0,-0.564244,0.131232,PER,COL,521031
10113680,216,49,7257,2004,9873.0,0.0,0.5150359999999999,1.583019,THA,COL,521031
10113681,231,49,7257,2004,25321.0,0.0,1.7598630000000002,0.066704,USA,COL,521031
10113682,249,49,7257,2004,5433.0,0.0,1.626307,1.358315,TWN,COL,521031
10113683,32,52,7257,2004,2880.0,0.0,0.540718,1.149065,BRA,CRI,521031
10113684,43,52,7257,2004,162321.0,0.0,0.581548,2.8689880000000003,CHN,CRI,521031
10113685,71,52,7257,2004,5488.0,0.0,0.9784649999999999,2.051216,ESP,CRI,521031
10113686,103,52,7257,2004,18422.0,0.0,-0.223644,1.719065,IDN,CRI,521031
10113687,138,52,7257,2004,10258.0,0.0,0.868684,0.85506,MEX,CRI,521031
10113688,168,52,7257,2004,34150.0,0.0,-0.754143,0.25995100000000004,PAK,CRI,521031
10113689,43,54,7257,2004,137626.0,0.0,0.581548,2.8689880000000003,CHN,CUB,521031
10113690,71,54,7257,2004,5836.0,0.0,0.9784649999999999,2.051216,ESP,CUB,521031
10113691,138,54,7257,2004,2744.0,0.0,0.868684,0.85506,MEX,CUB,521031
10113692,4,61,7257,2004,0.0,170864.0,-0.131892,0.14985199999999999,ALB,DEU,521031
10113693,14,61,7257,2004,0.0,15464.0,0.196641,0.8139460000000001,AUS,DEU,521031
10113694,15,61,7257,2004,112387.0,631626.0,1.825391,0.40553,AUT,DEU,521031
10113695,18,61,7257,2004,680540.0,129866.0,1.350911,1.408209,BEL,DEU,521031
10113696,23,61,7257,2004,8222.0,1468581.0,0.35536,1.499182,BGR,DEU,521031
10113697,26,61,7257,2004,0.0,189173.0,0.385952,0.571774,BIH,DEU,521031
10113698,28,61,7257,2004,1689.0,805237.0,0.8553139999999999,0.703926,BLR,DEU,521031
10113699,39,61,7257,2004,0.0,213289.0,0.9392739999999999,1.19228,CAN,DEU,521031
10113700,41,61,7257,2004,84291.0,421121.0,2.151471,0.7196279999999999,CHE,DEU,521031
10113701,43,61,7257,2004,43009.0,106554.0,0.581548,2.8689880000000003,CHN,DEU,521031
10113702,58,61,7257,2004,0.0,81287.0,0.533521,0.615939,CYP,DEU,521031
10113703,59,61,7257,2004,13735.0,1334575.0,1.562625,0.865244,CZE,DEU,521031
10113704,64,61,7257,2004,41985.0,84861.0,1.328968,1.262743,DNK,DEU,521031
10113705,66,61,7257,2004,0.0,2703.0,-0.725066,-1.163606,DZA,DEU,521031
10113706,68,61,7257,2004,0.0,229554.0,-0.300563,0.41834899999999997,EGY,DEU,521031
10113707,71,61,7257,2004,4366792.0,208767.0,0.9784649999999999,2.051216,ESP,DEU,521031
10113708,72,61,7257,2004,1011.0,78671.0,0.6101840000000001,0.9520370000000001,EST,DEU,521031
10113709,74,61,7257,2004,0.0,153991.0,2.000218,0.9867309999999999,FIN,DEU,521031
10113710,77,61,7257,2004,3092429.0,450968.0,1.6003530000000001,0.643945,FRA,DEU,521031
10113711,81,61,7257,2004,88324.0,146887.0,1.843506,0.684779,GBR,DEU,521031
10113712,90,61,7257,2004,36713.0,862501.0,0.348853,1.661656,GRC,DEU,521031
10113713,97,61,7257,2004,1418.0,236369.0,0.604825,2.098745,HKG,DEU,521031
10113714,100,61,7257,2004,9155.0,267846.0,0.6669970000000001,1.088043,HRV,DEU,521031
10113715,102,61,7257,2004,0.0,250788.0,1.207082,1.019714,HUN,DEU,521031
10113716,103,61,7257,2004,46800.0,8263.0,-0.223644,1.719065,IDN,DEU,521031
10113717,104,61,7257,2004,0.0,101896.0,0.233348,2.790987,IND,DEU,521031
10113718,106,61,7257,2004,0.0,29079.0,1.501859,0.14456,IRL,DEU,521031
10113719,109,61,7257,2004,0.0,2722.0,0.298844,-0.36366,ISL,DEU,521031
10113720,110,61,7257,2004,31130.0,204169.0,1.250393,0.8003979999999999,ISR,DEU,521031
10113721,111,61,7257,2004,4757578.0,293507.0,1.358057,1.11533,ITA,DEU,521031
10113722,113,61,7257,2004,0.0,108937.0,0.152989,0.385845,JOR,DEU,521031
10113723,114,61,7257,2004,9220.0,14795.0,2.526624,0.452054,JPN,DEU,521031
10113724,118,61,7257,2004,0.0,18453.0,-1.4676209999999998,-1.1972639999999999,KHM,DEU,521031
10113725,121,61,7257,2004,1185569.0,54813.0,1.3624690000000002,0.928342,KOR,DEU,521031
10113726,122,61,7257,2004,0.0,2946.0,-0.481908,-1.172081,KWT,DEU,521031
10113727,124,61,7257,2004,0.0,5812.0,0.32409899999999997,1.037024,LBN,DEU,521031
10113728,125,61,7257,2004,0.0,8034.0,0.016191,-1.070051,LBR,DEU,521031
10113729,128,61,7257,2004,0.0,13451.0,-0.658668,0.21912600000000002,LKA,DEU,521031
10113730,130,61,7257,2004,2002.0,274242.0,0.403568,0.632707,LTU,DEU,521031
10113731,131,61,7257,2004,0.0,2968.0,1.37529,1.0172649999999999,LUX,DEU,521031
10113732,132,61,7257,2004,0.0,236587.0,0.413821,0.627853,LVA,DEU,521031
10113733,134,61,7257,2004,0.0,191214.0,-0.681556,-0.152372,MAR,DEU,521031
10113734,135,61,7257,2004,7150.0,342544.0,-0.155523,-0.355142,MDA,DEU,521031
10113735,138,61,7257,2004,0.0,23554.0,0.868684,0.85506,MEX,DEU,521031
10113736,140,61,7257,2004,6663.0,2591126.0,-0.091013,0.190649,MKD,DEU,521031
10113737,142,61,7257,2004,0.0,964.0,1.251894,0.063827,MLT,DEU,521031
10113738,143,61,7257,2004,0.0,1009.0,-1.400614,-0.947664,MMR,DEU,521031
10113739,153,61,7257,2004,21556.0,15191.0,0.6710050000000001,0.17807,MYS,DEU,521031
10113740,156,61,7257,2004,0.0,874.0,-0.49824700000000005,-0.8284239999999999,NCL,DEU,521031
10113741,159,61,7257,2004,0.0,1013.0,-2.413432,-1.3033190000000001,NGA,DEU,521031
10113742,162,61,7257,2004,1634000.0,281335.0,1.251808,1.586526,NLD,DEU,521031
10113743,163,61,7257,2004,0.0,20564.0,1.10162,0.118709,NOR,DEU,521031
10113744,166,61,7257,2004,7246.0,1882.0,0.567392,0.965781,NZL,DEU,521031
10113745,168,61,7257,2004,480403.0,0.0,-0.754143,0.25995100000000004,PAK,DEU,521031
10113746,174,61,7257,2004,0.0,56324.0,-0.076709,-0.149006,PHL,DEU,521031
10113747,177,61,7257,2004,31714.0,2826196.0,1.019341,1.519452,POL,DEU,521031
10113748,179,61,7257,2004,558320.0,341179.0,0.524524,1.901139,PRT,DEU,521031
10113749,185,61,7257,2004,38262.0,4518734.0,0.37241599999999997,1.015865,ROU,DEU,521031
10113750,186,61,7257,2004,0.0,168992.0,0.8952399999999999,0.172896,RUS,DEU,521031
10113751,188,61,7257,2004,0.0,1833.0,0.546196,-0.7014729999999999,SAU,DEU,521031
10113752,189,61,7257,2004,0.0,176594.0,0.628071,2.210424,SCG,DEU,521031
10113753,192,61,7257,2004,0.0,61010.0,1.6409779999999998,0.634947,SGP,DEU,521031
10113754,206,61,7257,2004,5266.0,368188.0,1.2375120000000002,0.8777889999999999,SVK,DEU,521031
10113755,207,61,7257,2004,6479.0,370734.0,1.628643,1.02381,SVN,DEU,521031
10113756,208,61,7257,2004,0.0,108994.0,2.0522080000000003,0.8326969999999999,SWE,DEU,521031
10113757,211,61,7257,2004,0.0,60425.0,-0.12954100000000002,-0.713507,SYC,DEU,521031
10113758,216,61,7257,2004,401461.0,17917.0,0.5150359999999999,1.583019,THA,DEU,521031
10113759,219,61,7257,2004,0.0,15113.0,-0.9705790000000001,-1.212523,TKM,DEU,521031
10113760,223,61,7257,2004,0.0,445457.0,-0.195751,0.335147,TUN,DEU,521031
10113761,224,61,7257,2004,643725.0,2135625.0,0.141454,1.9463599999999999,TUR,DEU,521031
10113762,228,61,7257,2004,0.0,1555250.0,0.8758040000000001,0.8195879999999999,UKR,DEU,521031
10113763,231,61,7257,2004,18488.0,1205129.0,1.7598630000000002,0.066704,USA,DEU,521031
10113764,236,61,7257,2004,0.0,2655.0,0.048698000000000005,-0.899776,VEN,DEU,521031
10113765,239,61,7257,2004,0.0,132295.0,-0.5270560000000001,0.8910389999999999,VNM,DEU,521031
10113766,246,61,7257,2004,0.0,48333.0,0.460279,1.9736220000000002,ZAF,DEU,521031
10113767,249,61,7257,2004,15472.0,1918.0,1.626307,1.358315,TWN,DEU,521031
10113768,250,61,7257,2004,0.0,5374.0,0.509382,-0.30904299999999996,ANS,DEU,521031
10113769,43,63,7257,2004,374244.0,0.0,0.581548,2.8689880000000003,CHN,DMA,521031
10113770,77,63,7257,2004,1808.0,0.0,1.6003530000000001,0.643945,FRA,DMA,521031
10113771,121,63,7257,2004,11615.0,0.0,1.3624690000000002,0.928342,KOR,DMA,521031
10113772,222,63,7257,2004,2534.0,0.0,0.00677,-0.965385,TTO,DMA,521031
10113773,7,64,7257,2004,1128.0,0.0,0.1799,-0.34541900000000003,ARE,DNK,521031
10113774,18,64,7257,2004,95994.0,0.0,1.350911,1.408209,BEL,DNK,521031
10113775,23,64,7257,2004,1540.0,0.0,0.35536,1.499182,BGR,DNK,521031
10113776,28,64,7257,2004,0.0,3183.0,0.8553139999999999,0.703926,BLR,DNK,521031
10113777,43,64,7257,2004,2409.0,11802.0,0.581548,2.8689880000000003,CHN,DNK,521031
10113778,61,64,7257,2004,84861.0,41985.0,2.266076,-2.011139,DEU,DNK,521031
10113779,71,64,7257,2004,36580.0,0.0,0.9784649999999999,2.051216,ESP,DNK,521031
10113780,74,64,7257,2004,123773.0,18186.0,2.000218,0.9867309999999999,FIN,DNK,521031
10113781,77,64,7257,2004,55170.0,0.0,1.6003530000000001,0.643945,FRA,DNK,521031
10113782,81,64,7257,2004,5317.0,0.0,1.843506,0.684779,GBR,DNK,521031
10113783,104,64,7257,2004,5681.0,0.0,0.233348,2.790987,IND,DNK,521031
10113784,111,64,7257,2004,81076.0,0.0,1.358057,1.11533,ITA,DNK,521031
10113785,121,64,7257,2004,1808.0,0.0,1.3624690000000002,0.928342,KOR,DNK,521031
10113786,130,64,7257,2004,3660.0,102937.0,0.403568,0.632707,LTU,DNK,521031
10113787,132,64,7257,2004,0.0,6182.0,0.413821,0.627853,LVA,DNK,521031
10113788,140,64,7257,2004,0.0,14574.0,-0.091013,0.190649,MKD,DNK,521031
10113789,153,64,7257,2004,263020.0,0.0,0.6710050000000001,0.17807,MYS,DNK,521031
10113790,162,64,7257,2004,273383.0,12905.0,1.251808,1.586526,NLD,DNK,521031
10113791,163,64,7257,2004,7794.0,24552.0,1.10162,0.118709,NOR,DNK,521031
10113792,168,64,7257,2004,16057.0,0.0,-0.754143,0.25995100000000004,PAK,DNK,521031
10113793,177,64,7257,2004,4246.0,175060.0,1.019341,1.519452,POL,DNK,521031
10113794,179,64,7257,2004,6856.0,76472.0,0.524524,1.901139,PRT,DNK,521031
10113795,192,64,7257,2004,11942.0,0.0,1.6409779999999998,0.634947,SGP,DNK,521031
10113796,206,64,7257,2004,1204.0,3541.0,1.2375120000000002,0.8777889999999999,SVK,DNK,521031
10113797,208,64,7257,2004,0.0,22644.0,2.0522080000000003,0.8326969999999999,SWE,DNK,521031
10113798,224,64,7257,2004,59554.0,0.0,0.141454,1.9463599999999999,TUR,DNK,521031
10113799,228,64,7257,2004,0.0,52329.0,0.8758040000000001,0.8195879999999999,UKR,DNK,521031
10113800,231,64,7257,2004,4011.0,0.0,1.7598630000000002,0.066704,USA,DNK,521031
10113801,250,64,7257,2004,1955.0,0.0,0.509382,-0.30904299999999996,ANS,DNK,521031
10113802,43,65,7257,2004,683289.0,0.0,0.581548,2.8689880000000003,CHN,DOM,521031
10113803,121,65,7257,2004,1786.0,0.0,1.3624690000000002,0.928342,KOR,DOM,521031
10113804,168,65,7257,2004,151143.0,0.0,-0.754143,0.25995100000000004,PAK,DOM,521031
10113805,216,65,7257,2004,35246.0,0.0,0.5150359999999999,1.583019,THA,DOM,521031
10113806,231,65,7257,2004,196166.0,0.0,1.7598630000000002,0.066704,USA,DOM,521031
10113807,249,65,7257,2004,254911.0,0.0,1.626307,1.358315,TWN,DOM,521031
10113808,32,67,7257,2004,7093.0,0.0,0.540718,1.149065,BRA,ECU,521031
10113809,42,67,7257,2004,7159.0,0.0,-0.07869,-0.33641,CHL,ECU,521031
10113810,49,67,7257,2004,9231.0,0.0,0.033128,0.47524799999999995,COL,ECU,521031
10113811,104,67,7257,2004,0.0,2351.0,0.233348,2.790987,IND,ECU,521031
10113812,111,67,7257,2004,3388.0,0.0,1.358057,1.11533,ITA,ECU,521031
10113813,121,67,7257,2004,10255.0,0.0,1.3624690000000002,0.928342,KOR,ECU,521031
10113814,162,67,7257,2004,77995.0,0.0,1.251808,1.586526,NLD,ECU,521031
10113815,168,67,7257,2004,84032.0,0.0,-0.754143,0.25995100000000004,PAK,ECU,521031
10113816,173,67,7257,2004,0.0,57067.0,-0.564244,0.131232,PER,ECU,521031
10113817,216,67,7257,2004,22287.0,0.0,0.5150359999999999,1.583019,THA,ECU,521031
10113818,231,67,7257,2004,64690.0,0.0,1.7598630000000002,0.066704,USA,ECU,521031
10113819,5,71,7257,2004,0.0,3905.0,1.268618,0.835359,AND,ESP,521031
10113820,7,71,7257,2004,0.0,44221.0,0.1799,-0.34541900000000003,ARE,ESP,521031
10113821,8,71,7257,2004,0.0,55521.0,0.28128600000000004,0.64115,ARG,ESP,521031
10113822,14,71,7257,2004,0.0,6682.0,0.196641,0.8139460000000001,AUS,ESP,521031
10113823,15,71,7257,2004,0.0,250449.0,1.825391,0.40553,AUT,ESP,521031
10113824,18,71,7257,2004,341999.0,1632050.0,1.350911,1.408209,BEL,ESP,521031
10113825,21,71,7257,2004,0.0,3863.0,-1.000801,-1.00024,BFA,ESP,521031
10113826,23,71,7257,2004,13284.0,5112972.0,0.35536,1.499182,BGR,ESP,521031
10113827,39,71,7257,2004,7378.0,60930.0,0.9392739999999999,1.19228,CAN,ESP,521031
10113828,41,71,7257,2004,7283.0,5284.0,2.151471,0.7196279999999999,CHE,ESP,521031
10113829,42,71,7257,2004,0.0,16137.0,-0.07869,-0.33641,CHL,ESP,521031
10113830,43,71,7257,2004,15062.0,14475.0,0.581548,2.8689880000000003,CHN,ESP,521031
10113831,44,71,7257,2004,0.0,4324.0,-0.8490979999999999,-0.754732,CIV,ESP,521031
10113832,49,71,7257,2004,0.0,65493.0,0.033128,0.47524799999999995,COL,ESP,521031
10113833,52,71,7257,2004,0.0,5488.0,-0.043266000000000006,-0.376239,CRI,ESP,521031
10113834,54,71,7257,2004,0.0,5836.0,-0.040541,-0.634675,CUB,ESP,521031
10113835,58,71,7257,2004,0.0,25767.0,0.533521,0.615939,CYP,ESP,521031
10113836,59,71,7257,2004,0.0,14113.0,1.562625,0.865244,CZE,ESP,521031
10113837,61,71,7257,2004,208767.0,4366792.0,2.266076,-2.011139,DEU,ESP,521031
10113838,64,71,7257,2004,0.0,36580.0,1.328968,1.262743,DNK,ESP,521031
10113839,66,71,7257,2004,0.0,43176.0,-0.725066,-1.163606,DZA,ESP,521031
10113840,72,71,7257,2004,0.0,10620.0,0.6101840000000001,0.9520370000000001,EST,ESP,521031
10113841,74,71,7257,2004,0.0,255348.0,2.000218,0.9867309999999999,FIN,ESP,521031
10113842,77,71,7257,2004,641163.0,1507402.0,1.6003530000000001,0.643945,FRA,ESP,521031
10113843,81,71,7257,2004,44978.0,751068.0,1.843506,0.684779,GBR,ESP,521031
10113844,90,71,7257,2004,4623.0,396098.0,0.348853,1.661656,GRC,ESP,521031
10113845,93,71,7257,2004,0.0,22080.0,-0.46136000000000005,0.148122,GTM,ESP,521031
10113846,97,71,7257,2004,0.0,15997.0,0.604825,2.098745,HKG,ESP,521031
10113847,100,71,7257,2004,0.0,3014.0,0.6669970000000001,1.088043,HRV,ESP,521031
10113848,102,71,7257,2004,0.0,16186.0,1.207082,1.019714,HUN,ESP,521031
10113849,103,71,7257,2004,29069.0,0.0,-0.223644,1.719065,IDN,ESP,521031
10113850,104,71,7257,2004,1901.0,5426.0,0.233348,2.790987,IND,ESP,521031
10113851,106,71,7257,2004,0.0,31364.0,1.501859,0.14456,IRL,ESP,521031
10113852,110,71,7257,2004,0.0,1800.0,1.250393,0.8003979999999999,ISR,ESP,521031
10113853,111,71,7257,2004,1482303.0,3015414.0,1.358057,1.11533,ITA,ESP,521031
10113854,113,71,7257,2004,0.0,1040.0,0.152989,0.385845,JOR,ESP,521031
10113855,114,71,7257,2004,0.0,18861.0,2.526624,0.452054,JPN,ESP,521031
10113856,121,71,7257,2004,122635.0,8617.0,1.3624690000000002,0.928342,KOR,ESP,521031
10113857,124,71,7257,2004,0.0,5219.0,0.32409899999999997,1.037024,LBN,ESP,521031
10113858,126,71,7257,2004,0.0,189000.0,-0.42119700000000004,-1.179463,LBY,ESP,521031
10113859,130,71,7257,2004,23888.0,169298.0,0.403568,0.632707,LTU,ESP,521031
10113860,131,71,7257,2004,0.0,20822.0,1.37529,1.0172649999999999,LUX,ESP,521031
10113861,132,71,7257,2004,0.0,12748.0,0.413821,0.627853,LVA,ESP,521031
10113862,134,71,7257,2004,8461.0,3565364.0,-0.681556,-0.152372,MAR,ESP,521031
10113863,138,71,7257,2004,0.0,756544.0,0.868684,0.85506,MEX,ESP,521031
10113864,140,71,7257,2004,3747.0,28353.0,-0.091013,0.190649,MKD,ESP,521031
10113865,142,71,7257,2004,0.0,103004.0,1.251894,0.063827,MLT,ESP,521031
10113866,151,71,7257,2004,0.0,7337.0,-0.374754,-0.288504,MUS,ESP,521031
10113867,153,71,7257,2004,95878.0,0.0,0.6710050000000001,0.17807,MYS,ESP,521031
10113868,162,71,7257,2004,365627.0,380732.0,1.251808,1.586526,NLD,ESP,521031
10113869,163,71,7257,2004,16925.0,21384.0,1.10162,0.118709,NOR,ESP,521031
10113870,166,71,7257,2004,0.0,3726.0,0.567392,0.965781,NZL,ESP,521031
10113871,168,71,7257,2004,782644.0,0.0,-0.754143,0.25995100000000004,PAK,ESP,521031
10113872,169,71,7257,2004,0.0,3842.0,-0.011979,0.261315,PAN,ESP,521031
10113873,177,71,7257,2004,0.0,114730.0,1.019341,1.519452,POL,ESP,521031
10113874,179,71,7257,2004,1559232.0,2213984.0,0.524524,1.901139,PRT,ESP,521031
10113875,185,71,7257,2004,3354.0,1253792.0,0.37241599999999997,1.015865,ROU,ESP,521031
10113876,186,71,7257,2004,0.0,295245.0,0.8952399999999999,0.172896,RUS,ESP,521031
10113877,189,71,7257,2004,0.0,193682.0,0.628071,2.210424,SCG,ESP,521031
10113878,191,71,7257,2004,0.0,8655.0,-0.527127,-0.368631,SEN,ESP,521031
10113879,192,71,7257,2004,0.0,1303.0,1.6409779999999998,0.634947,SGP,ESP,521031
10113880,206,71,7257,2004,0.0,108818.0,1.2375120000000002,0.8777889999999999,SVK,ESP,521031
10113881,207,71,7257,2004,0.0,3250.0,1.628643,1.02381,SVN,ESP,521031
10113882,208,71,7257,2004,13257.0,29312.0,2.0522080000000003,0.8326969999999999,SWE,ESP,521031
10113883,216,71,7257,2004,2970.0,11650.0,0.5150359999999999,1.583019,THA,ESP,521031
10113884,223,71,7257,2004,28029.0,548139.0,-0.195751,0.335147,TUN,ESP,521031
10113885,224,71,7257,2004,89874.0,122874.0,0.141454,1.9463599999999999,TUR,ESP,521031
10113886,228,71,7257,2004,0.0,9809.0,0.8758040000000001,0.8195879999999999,UKR,ESP,521031
10113887,230,71,7257,2004,0.0,14086.0,0.151633,0.121776,URY,ESP,521031
10113888,231,71,7257,2004,2533.0,13290.0,1.7598630000000002,0.066704,USA,ESP,521031
10113889,246,71,7257,2004,0.0,58615.0,0.460279,1.9736220000000002,ZAF,ESP,521031
10113890,249,71,7257,2004,35055.0,0.0,1.626307,1.358315,TWN,ESP,521031
10113891,15,72,7257,2004,13987.0,0.0,1.825391,0.40553,AUT,EST,521031
10113892,18,72,7257,2004,17990.0,0.0,1.350911,1.408209,BEL,EST,521031
10113893,28,72,7257,2004,0.0,2454.0,0.8553139999999999,0.703926,BLR,EST,521031
10113894,61,72,7257,2004,78671.0,1011.0,2.266076,-2.011139,DEU,EST,521031
10113895,71,72,7257,2004,10620.0,0.0,0.9784649999999999,2.051216,ESP,EST,521031
10113896,74,72,7257,2004,185484.0,47739.0,2.000218,0.9867309999999999,FIN,EST,521031
10113897,77,72,7257,2004,136056.0,0.0,1.6003530000000001,0.643945,FRA,EST,521031
10113898,81,72,7257,2004,0.0,45344.0,1.843506,0.684779,GBR,EST,521031
10113899,111,72,7257,2004,18607.0,0.0,1.358057,1.11533,ITA,EST,521031
10113900,114,72,7257,2004,10327.0,0.0,2.526624,0.452054,JPN,EST,521031
10113901,130,72,7257,2004,23165.0,34406.0,0.403568,0.632707,LTU,EST,521031
10113902,132,72,7257,2004,19011.0,5244.0,0.413821,0.627853,LVA,EST,521031
10113903,162,72,7257,2004,49130.0,2215.0,1.251808,1.586526,NLD,EST,521031
10113904,168,72,7257,2004,254301.0,0.0,-0.754143,0.25995100000000004,PAK,EST,521031
10113905,185,72,7257,2004,3769.0,0.0,0.37241599999999997,1.015865,ROU,EST,521031
10113906,186,72,7257,2004,0.0,8655.0,0.8952399999999999,0.172896,RUS,EST,521031
10113907,208,72,7257,2004,58065.0,162060.0,2.0522080000000003,0.8326969999999999,SWE,EST,521031
10113908,216,72,7257,2004,20002.0,0.0,0.5150359999999999,1.583019,THA,EST,521031
10113909,224,72,7257,2004,11538.0,0.0,0.141454,1.9463599999999999,TUR,EST,521031
10113910,249,72,7257,2004,3309.0,0.0,1.626307,1.358315,TWN,EST,521031
10113911,250,72,7257,2004,175608.0,0.0,0.509382,-0.30904299999999996,ANS,EST,521031
10113912,18,74,7257,2004,63929.0,972843.0,1.350911,1.408209,BEL,FIN,521031
10113913,28,74,7257,2004,0.0,10287.0,0.8553139999999999,0.703926,BLR,FIN,521031
10113914,43,74,7257,2004,0.0,9770.0,0.581548,2.8689880000000003,CHN,FIN,521031
10113915,59,74,7257,2004,5237.0,3095.0,1.562625,0.865244,CZE,FIN,521031
10113916,61,74,7257,2004,153991.0,0.0,2.266076,-2.011139,DEU,FIN,521031
10113917,64,74,7257,2004,18186.0,123773.0,1.328968,1.262743,DNK,FIN,521031
10113918,71,74,7257,2004,255348.0,0.0,0.9784649999999999,2.051216,ESP,FIN,521031
10113919,72,74,7257,2004,47739.0,185484.0,0.6101840000000001,0.9520370000000001,EST,FIN,521031
10113920,77,74,7257,2004,159324.0,1098.0,1.6003530000000001,0.643945,FRA,FIN,521031
10113921,81,74,7257,2004,1038.0,0.0,1.843506,0.684779,GBR,FIN,521031
10113922,100,74,7257,2004,0.0,899.0,0.6669970000000001,1.088043,HRV,FIN,521031
10113923,111,74,7257,2004,32988.0,0.0,1.358057,1.11533,ITA,FIN,521031
10113924,114,74,7257,2004,2206.0,0.0,2.526624,0.452054,JPN,FIN,521031
10113925,121,74,7257,2004,17236.0,0.0,1.3624690000000002,0.928342,KOR,FIN,521031
10113926,130,74,7257,2004,1850.0,2354.0,0.403568,0.632707,LTU,FIN,521031
10113927,132,74,7257,2004,27704.0,13640.0,0.413821,0.627853,LVA,FIN,521031
10113928,134,74,7257,2004,0.0,12401.0,-0.681556,-0.152372,MAR,FIN,521031
10113929,162,74,7257,2004,84602.0,240046.0,1.251808,1.586526,NLD,FIN,521031
10113930,168,74,7257,2004,323526.0,0.0,-0.754143,0.25995100000000004,PAK,FIN,521031
10113931,177,74,7257,2004,4528.0,22761.0,1.019341,1.519452,POL,FIN,521031
10113932,179,74,7257,2004,0.0,11024.0,0.524524,1.901139,PRT,FIN,521031
10113933,185,74,7257,2004,0.0,1942.0,0.37241599999999997,1.015865,ROU,FIN,521031
10113934,186,74,7257,2004,0.0,71929.0,0.8952399999999999,0.172896,RUS,FIN,521031
10113935,208,74,7257,2004,7026.0,1718.0,2.0522080000000003,0.8326969999999999,SWE,FIN,521031
10113936,216,74,7257,2004,13615.0,0.0,0.5150359999999999,1.583019,THA,FIN,521031
10113937,228,74,7257,2004,0.0,51735.0,0.8758040000000001,0.8195879999999999,UKR,FIN,521031
10113938,231,74,7257,2004,38885.0,0.0,1.7598630000000002,0.066704,USA,FIN,521031
10113939,249,74,7257,2004,2522.0,0.0,1.626307,1.358315,TWN,FIN,521031
10113940,7,77,7257,2004,0.0,14922.0,0.1799,-0.34541900000000003,ARE,FRA,521031
10113941,14,77,7257,2004,0.0,13480.0,0.196641,0.8139460000000001,AUS,FRA,521031
10113942,15,77,7257,2004,63958.0,12958.0,1.825391,0.40553,AUT,FRA,521031
10113943,18,77,7257,2004,1250139.0,1133059.0,1.350911,1.408209,BEL,FRA,521031
10113944,23,77,7257,2004,6326.0,264354.0,0.35536,1.499182,BGR,FRA,521031
10113945,26,77,7257,2004,0.0,17251.0,0.385952,0.571774,BIH,FRA,521031
10113946,28,77,7257,2004,0.0,123759.0,0.8553139999999999,0.703926,BLR,FRA,521031
10113947,32,77,7257,2004,1715.0,2826.0,0.540718,1.149065,BRA,FRA,521031
10113948,39,77,7257,2004,0.0,14375.0,0.9392739999999999,1.19228,CAN,FRA,521031
10113949,41,77,7257,2004,1971.0,34174.0,2.151471,0.7196279999999999,CHE,FRA,521031
10113950,43,77,7257,2004,31636.0,47389.0,0.581548,2.8689880000000003,CHN,FRA,521031
10113951,49,77,7257,2004,0.0,3304.0,0.033128,0.47524799999999995,COL,FRA,521031
10113952,59,77,7257,2004,0.0,24270.0,1.562625,0.865244,CZE,FRA,521031
10113953,61,77,7257,2004,450968.0,3092429.0,2.266076,-2.011139,DEU,FRA,521031
10113954,63,77,7257,2004,0.0,1808.0,0.322803,-0.000479,DMA,FRA,521031
10113955,64,77,7257,2004,0.0,55170.0,1.328968,1.262743,DNK,FRA,521031
10113956,66,77,7257,2004,0.0,67303.0,-0.725066,-1.163606,DZA,FRA,521031
10113957,71,77,7257,2004,1507402.0,641163.0,0.9784649999999999,2.051216,ESP,FRA,521031
10113958,72,77,7257,2004,0.0,136056.0,0.6101840000000001,0.9520370000000001,EST,FRA,521031
10113959,74,77,7257,2004,1098.0,159324.0,2.000218,0.9867309999999999,FIN,FRA,521031
10113960,81,77,7257,2004,67779.0,693867.0,1.843506,0.684779,GBR,FRA,521031
10113961,90,77,7257,2004,0.0,126870.0,0.348853,1.661656,GRC,FRA,521031
10113962,97,77,7257,2004,0.0,157943.0,0.604825,2.098745,HKG,FRA,521031
10113963,100,77,7257,2004,0.0,8558.0,0.6669970000000001,1.088043,HRV,FRA,521031
10113964,102,77,7257,2004,0.0,50548.0,1.207082,1.019714,HUN,FRA,521031
10113965,103,77,7257,2004,8832.0,4375.0,-0.223644,1.719065,IDN,FRA,521031
10113966,104,77,7257,2004,0.0,2193.0,0.233348,2.790987,IND,FRA,521031
10113967,106,77,7257,2004,0.0,23042.0,1.501859,0.14456,IRL,FRA,521031
10113968,110,77,7257,2004,0.0,36753.0,1.250393,0.8003979999999999,ISR,FRA,521031
10113969,111,77,7257,2004,2933291.0,970857.0,1.358057,1.11533,ITA,FRA,521031
10113970,114,77,7257,2004,66716.0,53447.0,2.526624,0.452054,JPN,FRA,521031
10113971,121,77,7257,2004,47963.0,16490.0,1.3624690000000002,0.928342,KOR,FRA,521031
10113972,124,77,7257,2004,0.0,6036.0,0.32409899999999997,1.037024,LBN,FRA,521031
10113973,130,77,7257,2004,2301.0,98664.0,0.403568,0.632707,LTU,FRA,521031
10113974,131,77,7257,2004,0.0,1214.0,1.37529,1.0172649999999999,LUX,FRA,521031
10113975,132,77,7257,2004,126302.0,25149.0,0.413821,0.627853,LVA,FRA,521031
10113976,133,77,7257,2004,0.0,13770.0,-0.351045,-0.487521,MAC,FRA,521031
10113977,134,77,7257,2004,32477.0,5190278.0,-0.681556,-0.152372,MAR,FRA,521031
10113978,136,77,7257,2004,0.0,19813.0,-1.355542,-0.634409,MDG,FRA,521031
10113979,138,77,7257,2004,0.0,29604.0,0.868684,0.85506,MEX,FRA,521031
10113980,140,77,7257,2004,0.0,53098.0,-0.091013,0.190649,MKD,FRA,521031
10113981,142,77,7257,2004,0.0,3678.0,1.251894,0.063827,MLT,FRA,521031
10113982,151,77,7257,2004,0.0,3493.0,-0.374754,-0.288504,MUS,FRA,521031
10113983,153,77,7257,2004,0.0,4609.0,0.6710050000000001,0.17807,MYS,FRA,521031
10113984,156,77,7257,2004,0.0,1765.0,-0.49824700000000005,-0.8284239999999999,NCL,FRA,521031
10113985,162,77,7257,2004,557424.0,1038154.0,1.251808,1.586526,NLD,FRA,521031
10113986,163,77,7257,2004,3529.0,4652.0,1.10162,0.118709,NOR,FRA,521031
10113987,166,77,7257,2004,0.0,4741.0,0.567392,0.965781,NZL,FRA,521031
10113988,168,77,7257,2004,176103.0,0.0,-0.754143,0.25995100000000004,PAK,FRA,521031
10113989,177,77,7257,2004,19950.0,1581163.0,1.019341,1.519452,POL,FRA,521031
10113990,179,77,7257,2004,541929.0,762976.0,0.524524,1.901139,PRT,FRA,521031
10113991,185,77,7257,2004,6334.0,884213.0,0.37241599999999997,1.015865,ROU,FRA,521031
10113992,186,77,7257,2004,0.0,225151.0,0.8952399999999999,0.172896,RUS,FRA,521031
10113993,189,77,7257,2004,0.0,73034.0,0.628071,2.210424,SCG,FRA,521031
10113994,192,77,7257,2004,0.0,13308.0,1.6409779999999998,0.634947,SGP,FRA,521031
10113995,206,77,7257,2004,9200.0,20973.0,1.2375120000000002,0.8777889999999999,SVK,FRA,521031
10113996,207,77,7257,2004,0.0,16239.0,1.628643,1.02381,SVN,FRA,521031
10113997,208,77,7257,2004,0.0,29237.0,2.0522080000000003,0.8326969999999999,SWE,FRA,521031
10113998,212,77,7257,2004,0.0,208692.0,-0.568707,-0.034736,SYR,FRA,521031
10113999,216,77,7257,2004,13367.0,11337.0,0.5150359999999999,1.583019,THA,FRA,521031
10114000,223,77,7257,2004,28077.0,2634374.0,-0.195751,0.335147,TUN,FRA,521031
10114001,224,77,7257,2004,172700.0,488208.0,0.141454,1.9463599999999999,TUR,FRA,521031
10114002,228,77,7257,2004,0.0,299162.0,0.8758040000000001,0.8195879999999999,UKR,FRA,521031
10114003,231,77,7257,2004,64579.0,162930.0,1.7598630000000002,0.066704,USA,FRA,521031
10114004,239,77,7257,2004,0.0,41879.0,-0.5270560000000001,0.8910389999999999,VNM,FRA,521031
10114005,246,77,7257,2004,0.0,14076.0,0.460279,1.9736220000000002,ZAF,FRA,521031
10114006,249,77,7257,2004,0.0,3538.0,1.626307,1.358315,TWN,FRA,521031
10114007,14,81,7257,2004,0.0,8244.0,0.196641,0.8139460000000001,AUS,GBR,521031
10114008,15,81,7257,2004,0.0,18860.0,1.825391,0.40553,AUT,GBR,521031
10114009,18,81,7257,2004,336892.0,36362.0,1.350911,1.408209,BEL,GBR,521031
10114010,22,81,7257,2004,0.0,3704.0,-1.150444,-0.885333,BGD,GBR,521031
10114011,23,81,7257,2004,0.0,980.0,0.35536,1.499182,BGR,GBR,521031
10114012,28,81,7257,2004,0.0,23156.0,0.8553139999999999,0.703926,BLR,GBR,521031
10114013,39,81,7257,2004,10047.0,9735.0,0.9392739999999999,1.19228,CAN,GBR,521031
10114014,41,81,7257,2004,20838.0,33844.0,2.151471,0.7196279999999999,CHE,GBR,521031
10114015,43,81,7257,2004,91576.0,4792.0,0.581548,2.8689880000000003,CHN,GBR,521031
10114016,59,81,7257,2004,2255.0,0.0,1.562625,0.865244,CZE,GBR,521031
10114017,61,81,7257,2004,146887.0,88324.0,2.266076,-2.011139,DEU,GBR,521031
10114018,64,81,7257,2004,0.0,5317.0,1.328968,1.262743,DNK,GBR,521031
10114019,71,81,7257,2004,751068.0,44978.0,0.9784649999999999,2.051216,ESP,GBR,521031
10114020,72,81,7257,2004,45344.0,0.0,0.6101840000000001,0.9520370000000001,EST,GBR,521031
10114021,74,81,7257,2004,0.0,1038.0,2.000218,0.9867309999999999,FIN,GBR,521031
10114022,77,81,7257,2004,693867.0,67779.0,1.6003530000000001,0.643945,FRA,GBR,521031
10114023,90,81,7257,2004,0.0,19211.0,0.348853,1.661656,GRC,GBR,521031
10114024,97,81,7257,2004,2006.0,91611.0,0.604825,2.098745,HKG,GBR,521031
10114025,103,81,7257,2004,118694.0,0.0,-0.223644,1.719065,IDN,GBR,521031
10114026,104,81,7257,2004,217064.0,2534.0,0.233348,2.790987,IND,GBR,521031
10114027,106,81,7257,2004,43440.0,591181.0,1.501859,0.14456,IRL,GBR,521031
10114028,110,81,7257,2004,0.0,1193.0,1.250393,0.8003979999999999,ISR,GBR,521031
10114029,111,81,7257,2004,3461666.0,120922.0,1.358057,1.11533,ITA,GBR,521031
10114030,114,81,7257,2004,107349.0,13386.0,2.526624,0.452054,JPN,GBR,521031
10114031,121,81,7257,2004,39452.0,8500.0,1.3624690000000002,0.928342,KOR,GBR,521031
10114032,122,81,7257,2004,0.0,39192.0,-0.481908,-1.172081,KWT,GBR,521031
10114033,124,81,7257,2004,0.0,2931.0,0.32409899999999997,1.037024,LBN,GBR,521031
10114034,128,81,7257,2004,0.0,80820.0,-0.658668,0.21912600000000002,LKA,GBR,521031
10114035,130,81,7257,2004,0.0,7340.0,0.403568,0.632707,LTU,GBR,521031
10114036,134,81,7257,2004,21096.0,60349.0,-0.681556,-0.152372,MAR,GBR,521031
10114037,135,81,7257,2004,0.0,800.0,-0.155523,-0.355142,MDA,GBR,521031
10114038,142,81,7257,2004,0.0,8698.0,1.251894,0.063827,MLT,GBR,521031
10114039,153,81,7257,2004,37094.0,0.0,0.6710050000000001,0.17807,MYS,GBR,521031
10114040,162,81,7257,2004,322404.0,110539.0,1.251808,1.586526,NLD,GBR,521031
10114041,163,81,7257,2004,0.0,12927.0,1.10162,0.118709,NOR,GBR,521031
10114042,166,81,7257,2004,2920.0,8315.0,0.567392,0.965781,NZL,GBR,521031
10114043,168,81,7257,2004,9600891.0,16697.0,-0.754143,0.25995100000000004,PAK,GBR,521031
10114044,174,81,7257,2004,0.0,5411.0,-0.076709,-0.149006,PHL,GBR,521031
10114045,177,81,7257,2004,2237.0,75747.0,1.019341,1.519452,POL,GBR,521031
10114046,179,81,7257,2004,188920.0,37137.0,0.524524,1.901139,PRT,GBR,521031
10114047,185,81,7257,2004,35892.0,264971.0,0.37241599999999997,1.015865,ROU,GBR,521031
10114048,186,81,7257,2004,0.0,1690.0,0.8952399999999999,0.172896,RUS,GBR,521031
10114049,188,81,7257,2004,0.0,2040.0,0.546196,-0.7014729999999999,SAU,GBR,521031
10114050,189,81,7257,2004,0.0,2833.0,0.628071,2.210424,SCG,GBR,521031
10114051,192,81,7257,2004,0.0,1228.0,1.6409779999999998,0.634947,SGP,GBR,521031
10114052,206,81,7257,2004,0.0,4092.0,1.2375120000000002,0.8777889999999999,SVK,GBR,521031
10114053,208,81,7257,2004,0.0,17175.0,2.0522080000000003,0.8326969999999999,SWE,GBR,521031
10114054,216,81,7257,2004,31539.0,0.0,0.5150359999999999,1.583019,THA,GBR,521031
10114055,223,81,7257,2004,0.0,5422.0,-0.195751,0.335147,TUN,GBR,521031
10114056,224,81,7257,2004,451677.0,124420.0,0.141454,1.9463599999999999,TUR,GBR,521031
10114057,228,81,7257,2004,0.0,16872.0,0.8758040000000001,0.8195879999999999,UKR,GBR,521031
10114058,231,81,7257,2004,22360.0,1228.0,1.7598630000000002,0.066704,USA,GBR,521031
10114059,246,81,7257,2004,0.0,16746.0,0.460279,1.9736220000000002,ZAF,GBR,521031
10114060,249,81,7257,2004,173261.0,0.0,1.626307,1.358315,TWN,GBR,521031
10114061,4,90,7257,2004,0.0,30064.0,-0.131892,0.14985199999999999,ALB,GRC,521031
10114062,15,90,7257,2004,25892.0,19949.0,1.825391,0.40553,AUT,GRC,521031
10114063,18,90,7257,2004,47926.0,0.0,1.350911,1.408209,BEL,GRC,521031
10114064,23,90,7257,2004,0.0,101449.0,0.35536,1.499182,BGR,GRC,521031
10114065,32,90,7257,2004,25430.0,0.0,0.540718,1.149065,BRA,GRC,521031
10114066,39,90,7257,2004,5172.0,0.0,0.9392739999999999,1.19228,CAN,GRC,521031
10114067,43,90,7257,2004,69548.0,0.0,0.581548,2.8689880000000003,CHN,GRC,521031
10114068,58,90,7257,2004,26611.0,9874.0,0.533521,0.615939,CYP,GRC,521031
10114069,61,90,7257,2004,862501.0,36713.0,2.266076,-2.011139,DEU,GRC,521031
10114070,68,90,7257,2004,109379.0,2068.0,-0.300563,0.41834899999999997,EGY,GRC,521031
10114071,71,90,7257,2004,396098.0,4623.0,0.9784649999999999,2.051216,ESP,GRC,521031
10114072,77,90,7257,2004,126870.0,0.0,1.6003530000000001,0.643945,FRA,GRC,521031
10114073,81,90,7257,2004,19211.0,0.0,1.843506,0.684779,GBR,GRC,521031
10114074,103,90,7257,2004,184856.0,0.0,-0.223644,1.719065,IDN,GRC,521031
10114075,104,90,7257,2004,113972.0,0.0,0.233348,2.790987,IND,GRC,521031
10114076,110,90,7257,2004,10247.0,0.0,1.250393,0.8003979999999999,ISR,GRC,521031
10114077,111,90,7257,2004,322897.0,13838.0,1.358057,1.11533,ITA,GRC,521031
10114078,114,90,7257,2004,16272.0,0.0,2.526624,0.452054,JPN,GRC,521031
10114079,121,90,7257,2004,107058.0,0.0,1.3624690000000002,0.928342,KOR,GRC,521031
10114080,131,90,7257,2004,7708.0,0.0,1.37529,1.0172649999999999,LUX,GRC,521031
10114081,140,90,7257,2004,0.0,1021245.0,-0.091013,0.190649,MKD,GRC,521031
10114082,162,90,7257,2004,177065.0,1116.0,1.251808,1.586526,NLD,GRC,521031
10114083,168,90,7257,2004,1216637.0,0.0,-0.754143,0.25995100000000004,PAK,GRC,521031
10114084,174,90,7257,2004,8372.0,0.0,-0.076709,-0.149006,PHL,GRC,521031
10114085,177,90,7257,2004,11973.0,4197.0,1.019341,1.519452,POL,GRC,521031
10114086,179,90,7257,2004,0.0,47944.0,0.524524,1.901139,PRT,GRC,521031
10114087,185,90,7257,2004,0.0,76581.0,0.37241599999999997,1.015865,ROU,GRC,521031
10114088,189,90,7257,2004,0.0,21293.0,0.628071,2.210424,SCG,GRC,521031
10114089,224,90,7257,2004,296398.0,4122.0,0.141454,1.9463599999999999,TUR,GRC,521031
10114090,239,90,7257,2004,81657.0,0.0,-0.5270560000000001,0.8910389999999999,VNM,GRC,521031
10114091,249,90,7257,2004,2023.0,0.0,1.626307,1.358315,TWN,GRC,521031
10114092,43,93,7257,2004,916565.0,0.0,0.581548,2.8689880000000003,CHN,GTM,521031
10114093,71,93,7257,2004,22080.0,0.0,0.9784649999999999,2.051216,ESP,GTM,521031
10114094,97,93,7257,2004,26269.0,0.0,0.604825,2.098745,HKG,GTM,521031
10114095,121,93,7257,2004,616665.0,0.0,1.3624690000000002,0.928342,KOR,GTM,521031
10114096,138,93,7257,2004,6102.0,167116.0,0.868684,0.85506,MEX,GTM,521031
10114097,168,93,7257,2004,294193.0,0.0,-0.754143,0.25995100000000004,PAK,GTM,521031
10114098,249,93,7257,2004,105444.0,0.0,1.626307,1.358315,TWN,GTM,521031
10114099,168,96,7257,2004,25340.0,0.0,-0.754143,0.25995100000000004,PAK,GUY,521031
10114100,7,97,7257,2004,0.0,95971.0,0.1799,-0.34541900000000003,ARE,HKG,521031
10114101,14,97,7257,2004,25047.0,45512.0,0.196641,0.8139460000000001,AUS,HKG,521031
10114102,15,97,7257,2004,24763.0,0.0,1.825391,0.40553,AUT,HKG,521031
10114103,18,97,7257,2004,32190.0,0.0,1.350911,1.408209,BEL,HKG,521031
10114104,22,97,7257,2004,0.0,2848846.0,-1.150444,-0.885333,BGD,HKG,521031
10114105,23,97,7257,2004,0.0,3221.0,0.35536,1.499182,BGR,HKG,521031
10114106,24,97,7257,2004,0.0,20770.0,0.045344999999999996,-1.001059,BHR,HKG,521031
10114107,34,97,7257,2004,0.0,2708.0,-1.271325,-1.03277,BRN,HKG,521031
10114108,39,97,7257,2004,32989.0,3066.0,0.9392739999999999,1.19228,CAN,HKG,521031
10114109,41,97,7257,2004,25966.0,0.0,2.151471,0.7196279999999999,CHE,HKG,521031
10114110,43,97,7257,2004,15159625.0,11575810.0,0.581548,2.8689880000000003,CHN,HKG,521031
10114111,45,97,7257,2004,0.0,13283.0,-1.604916,-1.217399,CMR,HKG,521031
10114112,49,97,7257,2004,0.0,4152.0,0.033128,0.47524799999999995,COL,HKG,521031
10114113,61,97,7257,2004,236369.0,1418.0,2.266076,-2.011139,DEU,HKG,521031
10114114,71,97,7257,2004,15997.0,0.0,0.9784649999999999,2.051216,ESP,HKG,521031
10114115,75,97,7257,2004,0.0,2098.0,-0.8870969999999999,-0.287427,FJI,HKG,521031
10114116,77,97,7257,2004,157943.0,0.0,1.6003530000000001,0.643945,FRA,HKG,521031
10114117,80,97,7257,2004,0.0,1798.0,-0.700329,-1.137018,GAB,HKG,521031
10114118,81,97,7257,2004,91611.0,2006.0,1.843506,0.684779,GBR,HKG,521031
10114119,93,97,7257,2004,0.0,26269.0,-0.46136000000000005,0.148122,GTM,HKG,521031
10114120,103,97,7257,2004,1551137.0,169111.0,-0.223644,1.719065,IDN,HKG,521031
10114121,104,97,7257,2004,60949.0,155964.0,0.233348,2.790987,IND,HKG,521031
10114122,111,97,7257,2004,5777264.0,20760.0,1.358057,1.11533,ITA,HKG,521031
10114123,113,97,7257,2004,0.0,50193.0,0.152989,0.385845,JOR,HKG,521031
10114124,114,97,7257,2004,1415456.0,3875.0,2.526624,0.452054,JPN,HKG,521031
10114125,116,97,7257,2004,1334.0,50583.0,-0.503694,0.410495,KEN,HKG,521031
10114126,118,97,7257,2004,335.0,603359.0,-1.4676209999999998,-1.1972639999999999,KHM,HKG,521031
10114127,121,97,7257,2004,30498068.0,138940.0,1.3624690000000002,0.928342,KOR,HKG,521031
10114128,122,97,7257,2004,0.0,1341.0,-0.481908,-1.172081,KWT,HKG,521031
10114129,128,97,7257,2004,72070.0,333179.0,-0.658668,0.21912600000000002,LKA,HKG,521031
10114130,132,97,7257,2004,0.0,1148.0,0.413821,0.627853,LVA,HKG,521031
10114131,133,97,7257,2004,66489.0,1640932.0,-0.351045,-0.487521,MAC,HKG,521031
10114132,136,97,7257,2004,0.0,13517.0,-1.355542,-0.634409,MDG,HKG,521031
10114133,138,97,7257,2004,4094.0,2254.0,0.868684,0.85506,MEX,HKG,521031
10114134,143,97,7257,2004,0.0,201817.0,-1.400614,-0.947664,MMR,HKG,521031
10114135,145,97,7257,2004,0.0,115095.0,-1.030558,-1.03145,MNG,HKG,521031
10114136,151,97,7257,2004,0.0,7875.0,-0.374754,-0.288504,MUS,HKG,521031
10114137,152,97,7257,2004,0.0,10242.0,-1.592983,-1.252423,MWI,HKG,521031
10114138,153,97,7257,2004,2369560.0,445612.0,0.6710050000000001,0.17807,MYS,HKG,521031
10114139,160,97,7257,2004,0.0,5968.0,-0.9789479999999999,-0.8374219999999999,NIC,HKG,521031
10114140,162,97,7257,2004,52609.0,4511.0,1.251808,1.586526,NLD,HKG,521031
10114141,163,97,7257,2004,3311.0,0.0,1.10162,0.118709,NOR,HKG,521031
10114142,166,97,7257,2004,10647.0,11321.0,0.567392,0.965781,NZL,HKG,521031
10114143,168,97,7257,2004,1064661.0,34662.0,-0.754143,0.25995100000000004,PAK,HKG,521031
10114144,169,97,7257,2004,0.0,6188.0,-0.011979,0.261315,PAN,HKG,521031
10114145,174,97,7257,2004,54487.0,430427.0,-0.076709,-0.149006,PHL,HKG,521031
10114146,179,97,7257,2004,24755.0,0.0,0.524524,1.901139,PRT,HKG,521031
10114147,185,97,7257,2004,0.0,1063.0,0.37241599999999997,1.015865,ROU,HKG,521031
10114148,192,97,7257,2004,559624.0,166003.0,1.6409779999999998,0.634947,SGP,HKG,521031
10114149,206,97,7257,2004,0.0,7163.0,1.2375120000000002,0.8777889999999999,SVK,HKG,521031
10114150,207,97,7257,2004,927.0,0.0,1.628643,1.02381,SVN,HKG,521031
10114151,212,97,7257,2004,0.0,1283.0,-0.568707,-0.034736,SYR,HKG,521031
10114152,216,97,7257,2004,378044.0,84917.0,0.5150359999999999,1.583019,THA,HKG,521031
10114153,222,97,7257,2004,0.0,6849.0,0.00677,-0.965385,TTO,HKG,521031
10114154,224,97,7257,2004,27614.0,0.0,0.141454,1.9463599999999999,TUR,HKG,521031
10114155,230,97,7257,2004,9931.0,0.0,0.151633,0.121776,URY,HKG,521031
10114156,231,97,7257,2004,462116.0,98740.0,1.7598630000000002,0.066704,USA,HKG,521031
10114157,239,97,7257,2004,59557.0,384656.0,-0.5270560000000001,0.8910389999999999,VNM,HKG,521031
10114158,246,97,7257,2004,0.0,250848.0,0.460279,1.9736220000000002,ZAF,HKG,521031
10114159,248,97,7257,2004,0.0,2719.0,-0.560593,-0.091112,ZWE,HKG,521031
10114160,249,97,7257,2004,8449111.0,38445.0,1.626307,1.358315,TWN,HKG,521031
10114161,43,99,7257,2004,1099100.0,0.0,0.581548,2.8689880000000003,CHN,HND,521031
10114162,103,99,7257,2004,988294.0,0.0,-0.223644,1.719065,IDN,HND,521031
10114163,138,99,7257,2004,3112.0,0.0,0.868684,0.85506,MEX,HND,521031
10114164,153,99,7257,2004,1185344.0,0.0,0.6710050000000001,0.17807,MYS,HND,521031
10114165,168,99,7257,2004,493470.0,0.0,-0.754143,0.25995100000000004,PAK,HND,521031
10114166,7,103,7257,2004,0.0,15893.0,0.1799,-0.34541900000000003,ARE,IDN,521031
10114167,8,103,7257,2004,0.0,13983.0,0.28128600000000004,0.64115,ARG,IDN,521031
10114168,14,103,7257,2004,0.0,719947.0,0.196641,0.8139460000000001,AUS,IDN,521031
10114169,18,103,7257,2004,12477.0,0.0,1.350911,1.408209,BEL,IDN,521031
10114170,22,103,7257,2004,0.0,2403002.0,-1.150444,-0.885333,BGD,IDN,521031
10114171,23,103,7257,2004,0.0,97904.0,0.35536,1.499182,BGR,IDN,521031
10114172,28,103,7257,2004,0.0,6512.0,0.8553139999999999,0.703926,BLR,IDN,521031
10114173,34,103,7257,2004,0.0,23545.0,-1.271325,-1.03277,BRN,IDN,521031
10114174,39,103,7257,2004,0.0,26240.0,0.9392739999999999,1.19228,CAN,IDN,521031
10114175,42,103,7257,2004,0.0,7017.0,-0.07869,-0.33641,CHL,IDN,521031
10114176,43,103,7257,2004,2217793.0,740113.0,0.581548,2.8689880000000003,CHN,IDN,521031
10114177,52,103,7257,2004,0.0,18422.0,-0.043266000000000006,-0.376239,CRI,IDN,521031
10114178,58,103,7257,2004,0.0,8476.0,0.533521,0.615939,CYP,IDN,521031
10114179,59,103,7257,2004,0.0,3086.0,1.562625,0.865244,CZE,IDN,521031
10114180,61,103,7257,2004,8263.0,46800.0,2.266076,-2.011139,DEU,IDN,521031
10114181,66,103,7257,2004,0.0,11983.0,-0.725066,-1.163606,DZA,IDN,521031
10114182,68,103,7257,2004,0.0,2618.0,-0.300563,0.41834899999999997,EGY,IDN,521031
10114183,71,103,7257,2004,0.0,29069.0,0.9784649999999999,2.051216,ESP,IDN,521031
10114184,75,103,7257,2004,0.0,8663.0,-0.8870969999999999,-0.287427,FJI,IDN,521031
10114185,77,103,7257,2004,4375.0,8832.0,1.6003530000000001,0.643945,FRA,IDN,521031
10114186,81,103,7257,2004,0.0,118694.0,1.843506,0.684779,GBR,IDN,521031
10114187,90,103,7257,2004,0.0,184856.0,0.348853,1.661656,GRC,IDN,521031
10114188,97,103,7257,2004,169111.0,1551137.0,0.604825,2.098745,HKG,IDN,521031
10114189,99,103,7257,2004,0.0,988294.0,-0.75975,-0.548407,HND,IDN,521031
10114190,100,103,7257,2004,0.0,3423.0,0.6669970000000001,1.088043,HRV,IDN,521031
10114191,102,103,7257,2004,0.0,5856.0,1.207082,1.019714,HUN,IDN,521031
10114192,104,103,7257,2004,0.0,466651.0,0.233348,2.790987,IND,IDN,521031
10114193,107,103,7257,2004,0.0,12268.0,-0.38210700000000003,-0.8408620000000001,IRN,IDN,521031
10114194,111,103,7257,2004,11582.0,11073.0,1.358057,1.11533,ITA,IDN,521031
10114195,114,103,7257,2004,23529.0,89836.0,2.526624,0.452054,JPN,IDN,521031
10114196,118,103,7257,2004,0.0,113676.0,-1.4676209999999998,-1.1972639999999999,KHM,IDN,521031
10114197,121,103,7257,2004,16472129.0,400679.0,1.3624690000000002,0.928342,KOR,IDN,521031
10114198,124,103,7257,2004,0.0,74817.0,0.32409899999999997,1.037024,LBN,IDN,521031
10114199,128,103,7257,2004,0.0,56744.0,-0.658668,0.21912600000000002,LKA,IDN,521031
10114200,133,103,7257,2004,11925.0,31471.0,-0.351045,-0.487521,MAC,IDN,521031
10114201,134,103,7257,2004,0.0,10669.0,-0.681556,-0.152372,MAR,IDN,521031
10114202,138,103,7257,2004,0.0,91204.0,0.868684,0.85506,MEX,IDN,521031
10114203,143,103,7257,2004,0.0,325009.0,-1.400614,-0.947664,MMR,IDN,521031
10114204,153,103,7257,2004,3784631.0,13510.0,0.6710050000000001,0.17807,MYS,IDN,521031
10114205,162,103,7257,2004,0.0,342722.0,1.251808,1.586526,NLD,IDN,521031
10114206,166,103,7257,2004,0.0,254397.0,0.567392,0.965781,NZL,IDN,521031
10114207,168,103,7257,2004,50311.0,0.0,-0.754143,0.25995100000000004,PAK,IDN,521031
10114208,169,103,7257,2004,0.0,4876.0,-0.011979,0.261315,PAN,IDN,521031
10114209,174,103,7257,2004,0.0,7371.0,-0.076709,-0.149006,PHL,IDN,521031
10114210,177,103,7257,2004,0.0,8635.0,1.019341,1.519452,POL,IDN,521031
10114211,179,103,7257,2004,0.0,13847.0,0.524524,1.901139,PRT,IDN,521031
10114212,185,103,7257,2004,0.0,19012.0,0.37241599999999997,1.015865,ROU,IDN,521031
10114213,192,103,7257,2004,718443.0,213274.0,1.6409779999999998,0.634947,SGP,IDN,521031
10114214,193,103,7257,2004,0.0,12770.0,0.842463,-0.7492949999999999,SGS,IDN,521031
10114215,206,103,7257,2004,0.0,720.0,1.2375120000000002,0.8777889999999999,SVK,IDN,521031
10114216,207,103,7257,2004,0.0,17084.0,1.628643,1.02381,SVN,IDN,521031
10114217,212,103,7257,2004,0.0,20778.0,-0.568707,-0.034736,SYR,IDN,521031
10114218,216,103,7257,2004,74103.0,79756.0,0.5150359999999999,1.583019,THA,IDN,521031
10114219,224,103,7257,2004,0.0,16857.0,0.141454,1.9463599999999999,TUR,IDN,521031
10114220,228,103,7257,2004,0.0,11318.0,0.8758040000000001,0.8195879999999999,UKR,IDN,521031
10114221,231,103,7257,2004,0.0,263705.0,1.7598630000000002,0.066704,USA,IDN,521031
10114222,239,103,7257,2004,14813.0,1223025.0,-0.5270560000000001,0.8910389999999999,VNM,IDN,521031
10114223,246,103,7257,2004,0.0,18795.0,0.460279,1.9736220000000002,ZAF,IDN,521031
10114224,249,103,7257,2004,3489059.0,30011.0,1.626307,1.358315,TWN,IDN,521031
10114225,2,104,7257,2004,0.0,100849.0,-0.8513709999999999,-1.173397,AGO,IND,521031
10114226,7,104,7257,2004,3041.0,127592.0,0.1799,-0.34541900000000003,ARE,IND,521031
10114227,14,104,7257,2004,0.0,5245.0,0.196641,0.8139460000000001,AUS,IND,521031
10114228,18,104,7257,2004,0.0,11928.0,1.350911,1.408209,BEL,IND,521031
10114229,19,104,7257,2004,0.0,109071.0,-1.299345,-0.9871260000000001,BEN,IND,521031
10114230,22,104,7257,2004,153103.0,230174.0,-1.150444,-0.885333,BGD,IND,521031
10114231,24,104,7257,2004,0.0,975.0,0.045344999999999996,-1.001059,BHR,IND,521031
10114232,39,104,7257,2004,0.0,64980.0,0.9392739999999999,1.19228,CAN,IND,521031
10114233,41,104,7257,2004,36651.0,21658.0,2.151471,0.7196279999999999,CHE,IND,521031
10114234,43,104,7257,2004,1020620.0,10819.0,0.581548,2.8689880000000003,CHN,IND,521031
10114235,44,104,7257,2004,0.0,3950.0,-0.8490979999999999,-0.754732,CIV,IND,521031
10114236,47,104,7257,2004,0.0,275677.0,-1.610222,-1.184921,COG,IND,521031
10114237,61,104,7257,2004,101896.0,0.0,2.266076,-2.011139,DEU,IND,521031
10114238,62,104,7257,2004,0.0,16051.0,-0.12463699999999998,-0.304559,DJI,IND,521031
10114239,64,104,7257,2004,0.0,5681.0,1.328968,1.262743,DNK,IND,521031
10114240,67,104,7257,2004,2351.0,0.0,-1.149101,-1.013619,ECU,IND,521031
10114241,68,104,7257,2004,0.0,1430.0,-0.300563,0.41834899999999997,EGY,IND,521031
10114242,71,104,7257,2004,5426.0,1901.0,0.9784649999999999,2.051216,ESP,IND,521031
10114243,77,104,7257,2004,2193.0,0.0,1.6003530000000001,0.643945,FRA,IND,521031
10114244,81,104,7257,2004,2534.0,217064.0,1.843506,0.684779,GBR,IND,521031
10114245,83,104,7257,2004,0.0,127917.0,-1.2972540000000001,-0.9967219999999999,GHA,IND,521031
10114246,90,104,7257,2004,0.0,113972.0,0.348853,1.661656,GRC,IND,521031
10114247,97,104,7257,2004,155964.0,60949.0,0.604825,2.098745,HKG,IND,521031
10114248,103,104,7257,2004,466651.0,0.0,-0.223644,1.719065,IDN,IND,521031
10114249,111,104,7257,2004,10306.0,55959.0,1.358057,1.11533,ITA,IND,521031
10114250,114,104,7257,2004,79094.0,3156.0,2.526624,0.452054,JPN,IND,521031
10114251,121,104,7257,2004,1626623.0,28087.0,1.3624690000000002,0.928342,KOR,IND,521031
10114252,122,104,7257,2004,0.0,19096.0,-0.481908,-1.172081,KWT,IND,521031
10114253,124,104,7257,2004,0.0,4118.0,0.32409899999999997,1.037024,LBN,IND,521031
10114254,128,104,7257,2004,0.0,325094.0,-0.658668,0.21912600000000002,LKA,IND,521031
10114255,134,104,7257,2004,0.0,9925.0,-0.681556,-0.152372,MAR,IND,521031
10114256,148,104,7257,2004,0.0,331149.0,-1.6173959999999998,-1.2925719999999998,MRT,IND,521031
10114257,151,104,7257,2004,1106.0,5478.0,-0.374754,-0.288504,MUS,IND,521031
10114258,153,104,7257,2004,213395.0,21110.0,0.6710050000000001,0.17807,MYS,IND,521031
10114259,159,104,7257,2004,0.0,281750.0,-2.413432,-1.3033190000000001,NGA,IND,521031
10114260,162,104,7257,2004,1329.0,0.0,1.251808,1.586526,NLD,IND,521031
10114261,164,104,7257,2004,0.0,94164.0,-0.323954,0.5528,NPL,IND,521031
10114262,166,104,7257,2004,0.0,1678.0,0.567392,0.965781,NZL,IND,521031
10114263,167,104,7257,2004,0.0,4773.0,-0.62946,-1.108933,OMN,IND,521031
10114264,168,104,7257,2004,76413.0,0.0,-0.754143,0.25995100000000004,PAK,IND,521031
10114265,177,104,7257,2004,0.0,2873.0,1.019341,1.519452,POL,IND,521031
10114266,186,104,7257,2004,0.0,77667.0,0.8952399999999999,0.172896,RUS,IND,521031
10114267,188,104,7257,2004,0.0,36374.0,0.546196,-0.7014729999999999,SAU,IND,521031
10114268,190,104,7257,2004,0.0,50713.0,-1.5346309999999999,-1.2599559999999999,SDN,IND,521031
10114269,192,104,7257,2004,19670.0,0.0,1.6409779999999998,0.634947,SGP,IND,521031
10114270,208,104,7257,2004,0.0,3650.0,2.0522080000000003,0.8326969999999999,SWE,IND,521031
10114271,215,104,7257,2004,0.0,60023.0,-0.6788270000000001,-0.482984,TGO,IND,521031
10114272,216,104,7257,2004,201024.0,2300.0,0.5150359999999999,1.583019,THA,IND,521031
10114273,224,104,7257,2004,1557.0,2064.0,0.141454,1.9463599999999999,TUR,IND,521031
10114274,226,104,7257,2004,0.0,1610.0,-1.022658,-0.007045999999999999,TZA,IND,521031
10114275,231,104,7257,2004,182176.0,40168.0,1.7598630000000002,0.066704,USA,IND,521031
10114276,236,104,7257,2004,0.0,30529.0,0.048698000000000005,-0.899776,VEN,IND,521031
10114277,239,104,7257,2004,2283.0,4573.0,-0.5270560000000001,0.8910389999999999,VNM,IND,521031
10114278,246,104,7257,2004,0.0,22055.0,0.460279,1.9736220000000002,ZAF,IND,521031
10114279,247,104,7257,2004,0.0,1217.0,-0.9972190000000001,-0.853986,ZMB,IND,521031
10114280,249,104,7257,2004,1785887.0,4654.0,1.626307,1.358315,TWN,IND,521031
10114281,250,104,7257,2004,0.0,90067.0,0.509382,-0.30904299999999996,ANS,IND,521031
10114282,18,106,7257,2004,9593.0,0.0,1.350911,1.408209,BEL,IRL,521031
10114283,61,106,7257,2004,29079.0,0.0,2.266076,-2.011139,DEU,IRL,521031
10114284,71,106,7257,2004,31364.0,0.0,0.9784649999999999,2.051216,ESP,IRL,521031
10114285,77,106,7257,2004,23042.0,0.0,1.6003530000000001,0.643945,FRA,IRL,521031
10114286,81,106,7257,2004,591181.0,43440.0,1.843506,0.684779,GBR,IRL,521031
10114287,111,106,7257,2004,86189.0,0.0,1.358057,1.11533,ITA,IRL,521031
10114288,121,106,7257,2004,42786.0,0.0,1.3624690000000002,0.928342,KOR,IRL,521031
10114289,131,106,7257,2004,63265.0,0.0,1.37529,1.0172649999999999,LUX,IRL,521031
10114290,132,106,7257,2004,0.0,20087.0,0.413821,0.627853,LVA,IRL,521031
10114291,134,106,7257,2004,0.0,105625.0,-0.681556,-0.152372,MAR,IRL,521031
10114292,162,106,7257,2004,89259.0,158314.0,1.251808,1.586526,NLD,IRL,521031
10114293,168,106,7257,2004,143924.0,0.0,-0.754143,0.25995100000000004,PAK,IRL,521031
10114294,177,106,7257,2004,0.0,20579.0,1.019341,1.519452,POL,IRL,521031
10114295,179,106,7257,2004,24516.0,0.0,0.524524,1.901139,PRT,IRL,521031
10114296,224,106,7257,2004,36614.0,0.0,0.141454,1.9463599999999999,TUR,IRL,521031
10114297,18,110,7257,2004,3165.0,0.0,1.350911,1.408209,BEL,ISR,521031
10114298,39,110,7257,2004,0.0,12194.0,0.9392739999999999,1.19228,CAN,ISR,521031
10114299,43,110,7257,2004,276974.0,0.0,0.581548,2.8689880000000003,CHN,ISR,521031
10114300,61,110,7257,2004,204169.0,31130.0,2.266076,-2.011139,DEU,ISR,521031
10114301,71,110,7257,2004,1800.0,0.0,0.9784649999999999,2.051216,ESP,ISR,521031
10114302,77,110,7257,2004,36753.0,0.0,1.6003530000000001,0.643945,FRA,ISR,521031
10114303,81,110,7257,2004,1193.0,0.0,1.843506,0.684779,GBR,ISR,521031
10114304,90,110,7257,2004,0.0,10247.0,0.348853,1.661656,GRC,ISR,521031
10114305,111,110,7257,2004,5416.0,0.0,1.358057,1.11533,ITA,ISR,521031
10114306,121,110,7257,2004,1635.0,0.0,1.3624690000000002,0.928342,KOR,ISR,521031
10114307,177,110,7257,2004,0.0,17293.0,1.019341,1.519452,POL,ISR,521031
10114308,179,110,7257,2004,0.0,1491.0,0.524524,1.901139,PRT,ISR,521031
10114309,185,110,7257,2004,5347.0,0.0,0.37241599999999997,1.015865,ROU,ISR,521031
10114310,224,110,7257,2004,80420.0,0.0,0.141454,1.9463599999999999,TUR,ISR,521031
10114311,231,110,7257,2004,1982.0,3906.0,1.7598630000000002,0.066704,USA,ISR,521031
10114312,249,110,7257,2004,4532.0,0.0,1.626307,1.358315,TWN,ISR,521031
10114313,4,111,7257,2004,0.0,20816.0,-0.131892,0.14985199999999999,ALB,ITA,521031
10114314,5,111,7257,2004,0.0,1433.0,1.268618,0.835359,AND,ITA,521031
10114315,7,111,7257,2004,0.0,26974.0,0.1799,-0.34541900000000003,ARE,ITA,521031
10114316,8,111,7257,2004,0.0,72165.0,0.28128600000000004,0.64115,ARG,ITA,521031
10114317,14,111,7257,2004,0.0,185720.0,0.196641,0.8139460000000001,AUS,ITA,521031
10114318,15,111,7257,2004,93118.0,226836.0,1.825391,0.40553,AUT,ITA,521031
10114319,18,111,7257,2004,42188.0,486394.0,1.350911,1.408209,BEL,ITA,521031
10114320,23,111,7257,2004,261141.0,700321.0,0.35536,1.499182,BGR,ITA,521031
10114321,26,111,7257,2004,0.0,78060.0,0.385952,0.571774,BIH,ITA,521031
10114322,28,111,7257,2004,0.0,2290.0,0.8553139999999999,0.703926,BLR,ITA,521031
10114323,31,111,7257,2004,0.0,1596.0,-0.9288489999999999,-0.929884,BOL,ITA,521031
10114324,32,111,7257,2004,0.0,6740.0,0.540718,1.149065,BRA,ITA,521031
10114325,39,111,7257,2004,1573.0,78663.0,0.9392739999999999,1.19228,CAN,ITA,521031
10114326,41,111,7257,2004,15574.0,340677.0,2.151471,0.7196279999999999,CHE,ITA,521031
10114327,42,111,7257,2004,0.0,13797.0,-0.07869,-0.33641,CHL,ITA,521031
10114328,43,111,7257,2004,129372.0,222221.0,0.581548,2.8689880000000003,CHN,ITA,521031
10114329,47,111,7257,2004,0.0,1024.0,-1.610222,-1.184921,COG,ITA,521031
10114330,49,111,7257,2004,0.0,3392.0,0.033128,0.47524799999999995,COL,ITA,521031
10114331,58,111,7257,2004,0.0,7128.0,0.533521,0.615939,CYP,ITA,521031
10114332,59,111,7257,2004,0.0,16037.0,1.562625,0.865244,CZE,ITA,521031
10114333,61,111,7257,2004,293507.0,4757578.0,2.266076,-2.011139,DEU,ITA,521031
10114334,64,111,7257,2004,0.0,81076.0,1.328968,1.262743,DNK,ITA,521031
10114335,67,111,7257,2004,0.0,3388.0,-1.149101,-1.013619,ECU,ITA,521031
10114336,68,111,7257,2004,0.0,80235.0,-0.300563,0.41834899999999997,EGY,ITA,521031
10114337,71,111,7257,2004,3015414.0,1482303.0,0.9784649999999999,2.051216,ESP,ITA,521031
10114338,72,111,7257,2004,0.0,18607.0,0.6101840000000001,0.9520370000000001,EST,ITA,521031
10114339,74,111,7257,2004,0.0,32988.0,2.000218,0.9867309999999999,FIN,ITA,521031
10114340,77,111,7257,2004,970857.0,2933291.0,1.6003530000000001,0.643945,FRA,ITA,521031
10114341,81,111,7257,2004,120922.0,3461666.0,1.843506,0.684779,GBR,ITA,521031
10114342,90,111,7257,2004,13838.0,322897.0,0.348853,1.661656,GRC,ITA,521031
10114343,97,111,7257,2004,20760.0,5777264.0,0.604825,2.098745,HKG,ITA,521031
10114344,100,111,7257,2004,0.0,149294.0,0.6669970000000001,1.088043,HRV,ITA,521031
10114345,102,111,7257,2004,8378.0,1230743.0,1.207082,1.019714,HUN,ITA,521031
10114346,103,111,7257,2004,11073.0,11582.0,-0.223644,1.719065,IDN,ITA,521031
10114347,104,111,7257,2004,55959.0,10306.0,0.233348,2.790987,IND,ITA,521031
10114348,106,111,7257,2004,0.0,86189.0,1.501859,0.14456,IRL,ITA,521031
10114349,110,111,7257,2004,0.0,5416.0,1.250393,0.8003979999999999,ISR,ITA,521031
10114350,114,111,7257,2004,22576.0,725255.0,2.526624,0.452054,JPN,ITA,521031
10114351,118,111,7257,2004,0.0,8440.0,-1.4676209999999998,-1.1972639999999999,KHM,ITA,521031
10114352,121,111,7257,2004,37633.0,242643.0,1.3624690000000002,0.928342,KOR,ITA,521031
10114353,124,111,7257,2004,0.0,41620.0,0.32409899999999997,1.037024,LBN,ITA,521031
10114354,130,111,7257,2004,38593.0,24746.0,0.403568,0.632707,LTU,ITA,521031
10114355,132,111,7257,2004,0.0,228095.0,0.413821,0.627853,LVA,ITA,521031
10114356,133,111,7257,2004,0.0,18260.0,-0.351045,-0.487521,MAC,ITA,521031
10114357,134,111,7257,2004,0.0,225310.0,-0.681556,-0.152372,MAR,ITA,521031
10114358,135,111,7257,2004,1297.0,43781.0,-0.155523,-0.355142,MDA,ITA,521031
10114359,138,111,7257,2004,0.0,26858.0,0.868684,0.85506,MEX,ITA,521031
10114360,140,111,7257,2004,0.0,161270.0,-0.091013,0.190649,MKD,ITA,521031
10114361,142,111,7257,2004,0.0,4808.0,1.251894,0.063827,MLT,ITA,521031
10114362,151,111,7257,2004,4454.0,28427.0,-0.374754,-0.288504,MUS,ITA,521031
10114363,153,111,7257,2004,220475.0,28479.0,0.6710050000000001,0.17807,MYS,ITA,521031
10114364,162,111,7257,2004,135434.0,569197.0,1.251808,1.586526,NLD,ITA,521031
10114365,163,111,7257,2004,0.0,3651.0,1.10162,0.118709,NOR,ITA,521031
10114366,166,111,7257,2004,0.0,4370.0,0.567392,0.965781,NZL,ITA,521031
10114367,168,111,7257,2004,538522.0,0.0,-0.754143,0.25995100000000004,PAK,ITA,521031
10114368,173,111,7257,2004,0.0,13634.0,-0.564244,0.131232,PER,ITA,521031
10114369,174,111,7257,2004,0.0,123687.0,-0.076709,-0.149006,PHL,ITA,521031
10114370,177,111,7257,2004,0.0,122324.0,1.019341,1.519452,POL,ITA,521031
10114371,179,111,7257,2004,1205450.0,1085102.0,0.524524,1.901139,PRT,ITA,521031
10114372,185,111,7257,2004,7454.0,3530808.0,0.37241599999999997,1.015865,ROU,ITA,521031
10114373,186,111,7257,2004,0.0,247729.0,0.8952399999999999,0.172896,RUS,ITA,521031
10114374,189,111,7257,2004,0.0,74848.0,0.628071,2.210424,SCG,ITA,521031
10114375,192,111,7257,2004,0.0,17976.0,1.6409779999999998,0.634947,SGP,ITA,521031
10114376,206,111,7257,2004,0.0,33120.0,1.2375120000000002,0.8777889999999999,SVK,ITA,521031
10114377,207,111,7257,2004,0.0,40813.0,1.628643,1.02381,SVN,ITA,521031
10114378,208,111,7257,2004,0.0,90511.0,2.0522080000000003,0.8326969999999999,SWE,ITA,521031
10114379,212,111,7257,2004,0.0,44931.0,-0.568707,-0.034736,SYR,ITA,521031
10114380,216,111,7257,2004,30378.0,67659.0,0.5150359999999999,1.583019,THA,ITA,521031
10114381,223,111,7257,2004,424213.0,1612525.0,-0.195751,0.335147,TUN,ITA,521031
10114382,224,111,7257,2004,266704.0,860418.0,0.141454,1.9463599999999999,TUR,ITA,521031
10114383,228,111,7257,2004,0.0,52015.0,0.8758040000000001,0.8195879999999999,UKR,ITA,521031
10114384,230,111,7257,2004,0.0,9551.0,0.151633,0.121776,URY,ITA,521031
10114385,231,111,7257,2004,25902.0,892536.0,1.7598630000000002,0.066704,USA,ITA,521031
10114386,236,111,7257,2004,0.0,1451.0,0.048698000000000005,-0.899776,VEN,ITA,521031
10114387,239,111,7257,2004,0.0,1945.0,-0.5270560000000001,0.8910389999999999,VNM,ITA,521031
10114388,246,111,7257,2004,0.0,16033.0,0.460279,1.9736220000000002,ZAF,ITA,521031
10114389,249,111,7257,2004,13434.0,97941.0,1.626307,1.358315,TWN,ITA,521031
10114390,39,112,7257,2004,944.0,0.0,0.9392739999999999,1.19228,CAN,JAM,521031
10114391,222,112,7257,2004,2610.0,0.0,0.00677,-0.965385,TTO,JAM,521031
10114392,231,112,7257,2004,59766.0,0.0,1.7598630000000002,0.066704,USA,JAM,521031
10114393,1,114,7257,2004,0.0,83824.0,-0.6831550000000001,-0.756696,AFG,JPN,521031
10114394,7,114,7257,2004,0.0,17027.0,0.1799,-0.34541900000000003,ARE,JPN,521031
10114395,14,114,7257,2004,0.0,61316.0,0.196641,0.8139460000000001,AUS,JPN,521031
10114396,15,114,7257,2004,0.0,1827.0,1.825391,0.40553,AUT,JPN,521031
10114397,18,114,7257,2004,6641.0,0.0,1.350911,1.408209,BEL,JPN,521031
10114398,22,114,7257,2004,0.0,22529.0,-1.150444,-0.885333,BGD,JPN,521031
10114399,39,114,7257,2004,0.0,106968.0,0.9392739999999999,1.19228,CAN,JPN,521031
10114400,41,114,7257,2004,11867.0,35773.0,2.151471,0.7196279999999999,CHE,JPN,521031
10114401,43,114,7257,2004,125127.0,15687048.0,0.581548,2.8689880000000003,CHN,JPN,521031
10114402,61,114,7257,2004,14795.0,9220.0,2.266076,-2.011139,DEU,JPN,521031
10114403,71,114,7257,2004,18861.0,0.0,0.9784649999999999,2.051216,ESP,JPN,521031
10114404,72,114,7257,2004,0.0,10327.0,0.6101840000000001,0.9520370000000001,EST,JPN,521031
10114405,74,114,7257,2004,0.0,2206.0,2.000218,0.9867309999999999,FIN,JPN,521031
10114406,77,114,7257,2004,53447.0,66716.0,1.6003530000000001,0.643945,FRA,JPN,521031
10114407,81,114,7257,2004,13386.0,107349.0,1.843506,0.684779,GBR,JPN,521031
10114408,90,114,7257,2004,0.0,16272.0,0.348853,1.661656,GRC,JPN,521031
10114409,97,114,7257,2004,3875.0,1415456.0,0.604825,2.098745,HKG,JPN,521031
10114410,103,114,7257,2004,89836.0,23529.0,-0.223644,1.719065,IDN,JPN,521031
10114411,104,114,7257,2004,3156.0,79094.0,0.233348,2.790987,IND,JPN,521031
10114412,107,114,7257,2004,0.0,129692.0,-0.38210700000000003,-0.8408620000000001,IRN,JPN,521031
10114413,111,114,7257,2004,725255.0,22576.0,1.358057,1.11533,ITA,JPN,521031
10114414,113,114,7257,2004,0.0,7704.0,0.152989,0.385845,JOR,JPN,521031
10114415,121,114,7257,2004,1015938.0,1954323.0,1.3624690000000002,0.928342,KOR,JPN,521031
10114416,122,114,7257,2004,0.0,27965.0,-0.481908,-1.172081,KWT,JPN,521031
10114417,128,114,7257,2004,0.0,14204.0,-0.658668,0.21912600000000002,LKA,JPN,521031
10114418,133,114,7257,2004,0.0,21877.0,-0.351045,-0.487521,MAC,JPN,521031
10114419,138,114,7257,2004,0.0,6636.0,0.868684,0.85506,MEX,JPN,521031
10114420,153,114,7257,2004,42915.0,8311.0,0.6710050000000001,0.17807,MYS,JPN,521031
10114421,162,114,7257,2004,128619.0,0.0,1.251808,1.586526,NLD,JPN,521031
10114422,166,114,7257,2004,0.0,5789.0,0.567392,0.965781,NZL,JPN,521031
10114423,168,114,7257,2004,83129.0,0.0,-0.754143,0.25995100000000004,PAK,JPN,521031
10114424,174,114,7257,2004,2259.0,190971.0,-0.076709,-0.149006,PHL,JPN,521031
10114425,177,114,7257,2004,0.0,43033.0,1.019341,1.519452,POL,JPN,521031
10114426,178,114,7257,2004,0.0,13171.0,0.578991,0.781518,PRK,JPN,521031
10114427,179,114,7257,2004,68818.0,0.0,0.524524,1.901139,PRT,JPN,521031
10114428,185,114,7257,2004,0.0,23429.0,0.37241599999999997,1.015865,ROU,JPN,521031
10114429,191,114,7257,2004,1740.0,0.0,-0.527127,-0.368631,SEN,JPN,521031
10114430,192,114,7257,2004,42033.0,10096.0,1.6409779999999998,0.634947,SGP,JPN,521031
10114431,208,114,7257,2004,0.0,127863.0,2.0522080000000003,0.8326969999999999,SWE,JPN,521031
10114432,216,114,7257,2004,29790.0,117406.0,0.5150359999999999,1.583019,THA,JPN,521031
10114433,224,114,7257,2004,7802.0,0.0,0.141454,1.9463599999999999,TUR,JPN,521031
10114434,230,114,7257,2004,0.0,7466.0,0.151633,0.121776,URY,JPN,521031
10114435,231,114,7257,2004,124460.0,16278.0,1.7598630000000002,0.066704,USA,JPN,521031
10114436,239,114,7257,2004,0.0,543445.0,-0.5270560000000001,0.8910389999999999,VNM,JPN,521031
10114437,249,114,7257,2004,368813.0,154233.0,1.626307,1.358315,TWN,JPN,521031
10114438,1,121,7257,2004,0.0,1634.0,-0.6831550000000001,-0.756696,AFG,KOR,521031
10114439,7,121,7257,2004,35225.0,661154.0,0.1799,-0.34541900000000003,ARE,KOR,521031
10114440,8,121,7257,2004,0.0,52163.0,0.28128600000000004,0.64115,ARG,KOR,521031
10114441,14,121,7257,2004,1412.0,1436440.0,0.196641,0.8139460000000001,AUS,KOR,521031
10114442,15,121,7257,2004,28051.0,32877.0,1.825391,0.40553,AUT,KOR,521031
10114443,18,121,7257,2004,1414.0,24144.0,1.350911,1.408209,BEL,KOR,521031
10114444,22,121,7257,2004,0.0,4267445.0,-1.150444,-0.885333,BGD,KOR,521031
10114445,23,121,7257,2004,0.0,19039.0,0.35536,1.499182,BGR,KOR,521031
10114446,24,121,7257,2004,0.0,1640.0,0.045344999999999996,-1.001059,BHR,KOR,521031
10114447,26,121,7257,2004,0.0,25821.0,0.385952,0.571774,BIH,KOR,521031
10114448,28,121,7257,2004,0.0,39038.0,0.8553139999999999,0.703926,BLR,KOR,521031
10114449,32,121,7257,2004,0.0,2324.0,0.540718,1.149065,BRA,KOR,521031
10114450,33,121,7257,2004,0.0,15406.0,0.8541559999999999,0.25895799999999997,BRB,KOR,521031
10114451,39,121,7257,2004,0.0,138975.0,0.9392739999999999,1.19228,CAN,KOR,521031
10114452,42,121,7257,2004,0.0,1270.0,-0.07869,-0.33641,CHL,KOR,521031
10114453,43,121,7257,2004,1145408.0,19683484.0,0.581548,2.8689880000000003,CHN,KOR,521031
10114454,49,121,7257,2004,0.0,51878.0,0.033128,0.47524799999999995,COL,KOR,521031
10114455,59,121,7257,2004,0.0,3688.0,1.562625,0.865244,CZE,KOR,521031
10114456,61,121,7257,2004,54813.0,1185569.0,2.266076,-2.011139,DEU,KOR,521031
10114457,63,121,7257,2004,0.0,11615.0,0.322803,-0.000479,DMA,KOR,521031
10114458,64,121,7257,2004,0.0,1808.0,1.328968,1.262743,DNK,KOR,521031
10114459,65,121,7257,2004,0.0,1786.0,-0.510025,-0.328257,DOM,KOR,521031
10114460,67,121,7257,2004,0.0,10255.0,-1.149101,-1.013619,ECU,KOR,521031
10114461,68,121,7257,2004,0.0,85856.0,-0.300563,0.41834899999999997,EGY,KOR,521031
10114462,71,121,7257,2004,8617.0,122635.0,0.9784649999999999,2.051216,ESP,KOR,521031
10114463,74,121,7257,2004,0.0,17236.0,2.000218,0.9867309999999999,FIN,KOR,521031
10114464,75,121,7257,2004,0.0,46532.0,-0.8870969999999999,-0.287427,FJI,KOR,521031
10114465,77,121,7257,2004,16490.0,47963.0,1.6003530000000001,0.643945,FRA,KOR,521031
10114466,81,121,7257,2004,8500.0,39452.0,1.843506,0.684779,GBR,KOR,521031
10114467,83,121,7257,2004,0.0,10314.0,-1.2972540000000001,-0.9967219999999999,GHA,KOR,521031
10114468,90,121,7257,2004,0.0,107058.0,0.348853,1.661656,GRC,KOR,521031
10114469,93,121,7257,2004,0.0,616665.0,-0.46136000000000005,0.148122,GTM,KOR,521031
10114470,97,121,7257,2004,138940.0,30498068.0,0.604825,2.098745,HKG,KOR,521031
10114471,103,121,7257,2004,400679.0,16472129.0,-0.223644,1.719065,IDN,KOR,521031
10114472,104,121,7257,2004,28087.0,1626623.0,0.233348,2.790987,IND,KOR,521031
10114473,106,121,7257,2004,0.0,42786.0,1.501859,0.14456,IRL,KOR,521031
10114474,110,121,7257,2004,0.0,1635.0,1.250393,0.8003979999999999,ISR,KOR,521031
10114475,111,121,7257,2004,242643.0,37633.0,1.358057,1.11533,ITA,KOR,521031
10114476,113,121,7257,2004,0.0,19599.0,0.152989,0.385845,JOR,KOR,521031
10114477,114,121,7257,2004,1954323.0,1015938.0,2.526624,0.452054,JPN,KOR,521031
10114478,118,121,7257,2004,0.0,1075957.0,-1.4676209999999998,-1.1972639999999999,KHM,KOR,521031
10114479,128,121,7257,2004,0.0,6405745.0,-0.658668,0.21912600000000002,LKA,KOR,521031
10114480,132,121,7257,2004,0.0,17692.0,0.413821,0.627853,LVA,KOR,521031
10114481,133,121,7257,2004,3575.0,582989.0,-0.351045,-0.487521,MAC,KOR,521031
10114482,135,121,7257,2004,0.0,4781.0,-0.155523,-0.355142,MDA,KOR,521031
10114483,136,121,7257,2004,0.0,2526.0,-1.355542,-0.634409,MDG,KOR,521031
10114484,138,121,7257,2004,0.0,1477612.0,0.868684,0.85506,MEX,KOR,521031
10114485,143,121,7257,2004,0.0,454909.0,-1.400614,-0.947664,MMR,KOR,521031
10114486,153,121,7257,2004,141579.0,835510.0,0.6710050000000001,0.17807,MYS,KOR,521031
10114487,162,121,7257,2004,0.0,118656.0,1.251808,1.586526,NLD,KOR,521031
10114488,164,121,7257,2004,0.0,8262.0,-0.323954,0.5528,NPL,KOR,521031
10114489,166,121,7257,2004,0.0,196094.0,0.567392,0.965781,NZL,KOR,521031
10114490,167,121,7257,2004,0.0,52031.0,-0.62946,-1.108933,OMN,KOR,521031
10114491,168,121,7257,2004,168611.0,53596.0,-0.754143,0.25995100000000004,PAK,KOR,521031
10114492,173,121,7257,2004,10209.0,0.0,-0.564244,0.131232,PER,KOR,521031
10114493,174,121,7257,2004,7165.0,2401408.0,-0.076709,-0.149006,PHL,KOR,521031
10114494,177,121,7257,2004,0.0,213776.0,1.019341,1.519452,POL,KOR,521031
10114495,179,121,7257,2004,2252.0,0.0,0.524524,1.901139,PRT,KOR,521031
10114496,180,121,7257,2004,0.0,10235.0,-0.64574,-0.978875,PRY,KOR,521031
10114497,185,121,7257,2004,0.0,29817.0,0.37241599999999997,1.015865,ROU,KOR,521031
10114498,186,121,7257,2004,0.0,769171.0,0.8952399999999999,0.172896,RUS,KOR,521031
10114499,192,121,7257,2004,6986.0,112850.0,1.6409779999999998,0.634947,SGP,KOR,521031
10114500,207,121,7257,2004,0.0,7489.0,1.628643,1.02381,SVN,KOR,521031
10114501,212,121,7257,2004,0.0,36380.0,-0.568707,-0.034736,SYR,KOR,521031
10114502,216,121,7257,2004,99670.0,6441364.0,0.5150359999999999,1.583019,THA,KOR,521031
10114503,224,121,7257,2004,0.0,198995.0,0.141454,1.9463599999999999,TUR,KOR,521031
10114504,228,121,7257,2004,0.0,4137.0,0.8758040000000001,0.8195879999999999,UKR,KOR,521031
10114505,230,121,7257,2004,0.0,11957.0,0.151633,0.121776,URY,KOR,521031
10114506,231,121,7257,2004,32561.0,1520496.0,1.7598630000000002,0.066704,USA,KOR,521031
10114507,236,121,7257,2004,0.0,39818.0,0.048698000000000005,-0.899776,VEN,KOR,521031
10114508,239,121,7257,2004,209787.0,8890106.0,-0.5270560000000001,0.8910389999999999,VNM,KOR,521031
10114509,246,121,7257,2004,0.0,84108.0,0.460279,1.9736220000000002,ZAF,KOR,521031
10114510,249,121,7257,2004,57599.0,789264.0,1.626307,1.358315,TWN,KOR,521031
10114511,22,128,7257,2004,0.0,41340.0,-1.150444,-0.885333,BGD,LKA,521031
10114512,43,128,7257,2004,1842916.0,0.0,0.581548,2.8689880000000003,CHN,LKA,521031
10114513,61,128,7257,2004,13451.0,0.0,2.266076,-2.011139,DEU,LKA,521031
10114514,81,128,7257,2004,80820.0,0.0,1.843506,0.684779,GBR,LKA,521031
10114515,97,128,7257,2004,333179.0,72070.0,0.604825,2.098745,HKG,LKA,521031
10114516,103,128,7257,2004,56744.0,0.0,-0.223644,1.719065,IDN,LKA,521031
10114517,104,128,7257,2004,325094.0,0.0,0.233348,2.790987,IND,LKA,521031
10114518,114,128,7257,2004,14204.0,0.0,2.526624,0.452054,JPN,LKA,521031
10114519,121,128,7257,2004,6405745.0,0.0,1.3624690000000002,0.928342,KOR,LKA,521031
10114520,153,128,7257,2004,464865.0,0.0,0.6710050000000001,0.17807,MYS,LKA,521031
10114521,162,128,7257,2004,1861.0,0.0,1.251808,1.586526,NLD,LKA,521031
10114522,168,128,7257,2004,1054318.0,0.0,-0.754143,0.25995100000000004,PAK,LKA,521031
10114523,174,128,7257,2004,34922.0,1481.0,-0.076709,-0.149006,PHL,LKA,521031
10114524,192,128,7257,2004,934290.0,0.0,1.6409779999999998,0.634947,SGP,LKA,521031
10114525,216,128,7257,2004,48039.0,0.0,0.5150359999999999,1.583019,THA,LKA,521031
10114526,231,128,7257,2004,41841.0,0.0,1.7598630000000002,0.066704,USA,LKA,521031
10114527,239,128,7257,2004,51290.0,0.0,-0.5270560000000001,0.8910389999999999,VNM,LKA,521031
10114528,249,128,7257,2004,724756.0,0.0,1.626307,1.358315,TWN,LKA,521031
10114529,18,131,7257,2004,159221.0,0.0,1.350911,1.408209,BEL,LUX,521031
10114530,61,131,7257,2004,2968.0,0.0,2.266076,-2.011139,DEU,LUX,521031
10114531,71,131,7257,2004,20822.0,0.0,0.9784649999999999,2.051216,ESP,LUX,521031
10114532,77,131,7257,2004,1214.0,0.0,1.6003530000000001,0.643945,FRA,LUX,521031
10114533,90,131,7257,2004,0.0,7708.0,0.348853,1.661656,GRC,LUX,521031
10114534,106,131,7257,2004,0.0,63265.0,1.501859,0.14456,IRL,LUX,521031
10114535,162,131,7257,2004,2333.0,0.0,1.251808,1.586526,NLD,LUX,521031
10114536,18,138,7257,2004,4421.0,0.0,1.350911,1.408209,BEL,MEX,521031
10114537,22,138,7257,2004,84040.0,0.0,-1.150444,-0.885333,BGD,MEX,521031
10114538,32,138,7257,2004,6208.0,0.0,0.540718,1.149065,BRA,MEX,521031
10114539,39,138,7257,2004,2850.0,41334.0,0.9392739999999999,1.19228,CAN,MEX,521031
10114540,42,138,7257,2004,30224.0,0.0,-0.07869,-0.33641,CHL,MEX,521031
10114541,43,138,7257,2004,810302.0,0.0,0.581548,2.8689880000000003,CHN,MEX,521031
10114542,49,138,7257,2004,36033.0,0.0,0.033128,0.47524799999999995,COL,MEX,521031
10114543,52,138,7257,2004,0.0,10258.0,-0.043266000000000006,-0.376239,CRI,MEX,521031
10114544,54,138,7257,2004,0.0,2744.0,-0.040541,-0.634675,CUB,MEX,521031
10114545,61,138,7257,2004,23554.0,0.0,2.266076,-2.011139,DEU,MEX,521031
10114546,71,138,7257,2004,756544.0,0.0,0.9784649999999999,2.051216,ESP,MEX,521031
10114547,77,138,7257,2004,29604.0,0.0,1.6003530000000001,0.643945,FRA,MEX,521031
10114548,93,138,7257,2004,167116.0,6102.0,-0.46136000000000005,0.148122,GTM,MEX,521031
10114549,97,138,7257,2004,2254.0,4094.0,0.604825,2.098745,HKG,MEX,521031
10114550,99,138,7257,2004,0.0,3112.0,-0.75975,-0.548407,HND,MEX,521031
10114551,103,138,7257,2004,91204.0,0.0,-0.223644,1.719065,IDN,MEX,521031
10114552,111,138,7257,2004,26858.0,0.0,1.358057,1.11533,ITA,MEX,521031
10114553,114,138,7257,2004,6636.0,0.0,2.526624,0.452054,JPN,MEX,521031
10114554,121,138,7257,2004,1477612.0,0.0,1.3624690000000002,0.928342,KOR,MEX,521031
10114555,153,138,7257,2004,918492.0,0.0,0.6710050000000001,0.17807,MYS,MEX,521031
10114556,168,138,7257,2004,798440.0,0.0,-0.754143,0.25995100000000004,PAK,MEX,521031
10114557,197,138,7257,2004,78536.0,1994.0,-0.20529499999999998,0.1116,SLV,MEX,521031
10114558,216,138,7257,2004,311680.0,0.0,0.5150359999999999,1.583019,THA,MEX,521031
10114559,224,138,7257,2004,35246.0,12075.0,0.141454,1.9463599999999999,TUR,MEX,521031
10114560,231,138,7257,2004,16228257.0,294210.0,1.7598630000000002,0.066704,USA,MEX,521031
10114561,239,138,7257,2004,1631.0,0.0,-0.5270560000000001,0.8910389999999999,VNM,MEX,521031
10114562,249,138,7257,2004,34415.0,0.0,1.626307,1.358315,TWN,MEX,521031
10114563,250,138,7257,2004,1975.0,0.0,0.509382,-0.30904299999999996,ANS,MEX,521031
10114564,7,153,7257,2004,0.0,183976.0,0.1799,-0.34541900000000003,ARE,MYS,521031
10114565,14,153,7257,2004,0.0,20640.0,0.196641,0.8139460000000001,AUS,MYS,521031
10114566,15,153,7257,2004,1398.0,0.0,1.825391,0.40553,AUT,MYS,521031
10114567,22,153,7257,2004,0.0,4635328.0,-1.150444,-0.885333,BGD,MYS,521031
10114568,23,153,7257,2004,0.0,4827.0,0.35536,1.499182,BGR,MYS,521031
10114569,28,153,7257,2004,0.0,424.0,0.8553139999999999,0.703926,BLR,MYS,521031
10114570,39,153,7257,2004,0.0,6547.0,0.9392739999999999,1.19228,CAN,MYS,521031
10114571,43,153,7257,2004,192379.0,2122480.0,0.581548,2.8689880000000003,CHN,MYS,521031
10114572,58,153,7257,2004,0.0,2420.0,0.533521,0.615939,CYP,MYS,521031
10114573,61,153,7257,2004,15191.0,21556.0,2.266076,-2.011139,DEU,MYS,521031
10114574,64,153,7257,2004,0.0,263020.0,1.328968,1.262743,DNK,MYS,521031
10114575,68,153,7257,2004,0.0,1972120.0,-0.300563,0.41834899999999997,EGY,MYS,521031
10114576,71,153,7257,2004,0.0,95878.0,0.9784649999999999,2.051216,ESP,MYS,521031
10114577,77,153,7257,2004,4609.0,0.0,1.6003530000000001,0.643945,FRA,MYS,521031
10114578,81,153,7257,2004,0.0,37094.0,1.843506,0.684779,GBR,MYS,521031
10114579,97,153,7257,2004,445612.0,2369560.0,0.604825,2.098745,HKG,MYS,521031
10114580,99,153,7257,2004,0.0,1185344.0,-0.75975,-0.548407,HND,MYS,521031
10114581,103,153,7257,2004,13510.0,3784631.0,-0.223644,1.719065,IDN,MYS,521031
10114582,104,153,7257,2004,21110.0,213395.0,0.233348,2.790987,IND,MYS,521031
10114583,111,153,7257,2004,28479.0,220475.0,1.358057,1.11533,ITA,MYS,521031
10114584,114,153,7257,2004,8311.0,42915.0,2.526624,0.452054,JPN,MYS,521031
10114585,118,153,7257,2004,0.0,89635.0,-1.4676209999999998,-1.1972639999999999,KHM,MYS,521031
10114586,121,153,7257,2004,835510.0,141579.0,1.3624690000000002,0.928342,KOR,MYS,521031
10114587,123,153,7257,2004,0.0,3123.0,-1.274622,-1.082807,LAO,MYS,521031
10114588,124,153,7257,2004,0.0,1978.0,0.32409899999999997,1.037024,LBN,MYS,521031
10114589,128,153,7257,2004,0.0,464865.0,-0.658668,0.21912600000000002,LKA,MYS,521031
10114590,130,153,7257,2004,0.0,11758.0,0.403568,0.632707,LTU,MYS,521031
10114591,133,153,7257,2004,0.0,4032.0,-0.351045,-0.487521,MAC,MYS,521031
10114592,137,153,7257,2004,0.0,5019.0,-0.34020700000000004,-0.817298,MDV,MYS,521031
10114593,138,153,7257,2004,0.0,918492.0,0.868684,0.85506,MEX,MYS,521031
10114594,143,153,7257,2004,0.0,119697.0,-1.400614,-0.947664,MMR,MYS,521031
10114595,151,153,7257,2004,0.0,1963.0,-0.374754,-0.288504,MUS,MYS,521031
10114596,162,153,7257,2004,0.0,28303.0,1.251808,1.586526,NLD,MYS,521031
10114597,166,153,7257,2004,0.0,24874.0,0.567392,0.965781,NZL,MYS,521031
10114598,168,153,7257,2004,307316.0,0.0,-0.754143,0.25995100000000004,PAK,MYS,521031
10114599,174,153,7257,2004,0.0,186622.0,-0.076709,-0.149006,PHL,MYS,521031
10114600,177,153,7257,2004,0.0,5973.0,1.019341,1.519452,POL,MYS,521031
10114601,179,153,7257,2004,7455.0,6340.0,0.524524,1.901139,PRT,MYS,521031
10114602,186,153,7257,2004,0.0,1773.0,0.8952399999999999,0.172896,RUS,MYS,521031
10114603,188,153,7257,2004,0.0,6165.0,0.546196,-0.7014729999999999,SAU,MYS,521031
10114604,192,153,7257,2004,52858.0,2396541.0,1.6409779999999998,0.634947,SGP,MYS,521031
10114605,197,153,7257,2004,0.0,818359.0,-0.20529499999999998,0.1116,SLV,MYS,521031
10114606,216,153,7257,2004,58848.0,1581673.0,0.5150359999999999,1.583019,THA,MYS,521031
10114607,224,153,7257,2004,0.0,1259407.0,0.141454,1.9463599999999999,TUR,MYS,521031
10114608,231,153,7257,2004,5681.0,388347.0,1.7598630000000002,0.066704,USA,MYS,521031
10114609,239,153,7257,2004,0.0,1231933.0,-0.5270560000000001,0.8910389999999999,VNM,MYS,521031
10114610,246,153,7257,2004,0.0,63974.0,0.460279,1.9736220000000002,ZAF,MYS,521031
10114611,249,153,7257,2004,517841.0,2912731.0,1.626307,1.358315,TWN,MYS,521031
10114612,0,162,7257,2004,0.0,1244.0,-0.30244099999999996,-0.892926,ABW,NLD,521031
10114613,14,162,7257,2004,0.0,1177.0,0.196641,0.8139460000000001,AUS,NLD,521031
10114614,15,162,7257,2004,3517.0,48366.0,1.825391,0.40553,AUT,NLD,521031
10114615,18,162,7257,2004,802536.0,539846.0,1.350911,1.408209,BEL,NLD,521031
10114616,22,162,7257,2004,0.0,81162.0,-1.150444,-0.885333,BGD,NLD,521031
10114617,23,162,7257,2004,4180.0,184633.0,0.35536,1.499182,BGR,NLD,521031
10114618,28,162,7257,2004,1063.0,225365.0,0.8553139999999999,0.703926,BLR,NLD,521031
10114619,31,162,7257,2004,0.0,1637.0,-0.9288489999999999,-0.929884,BOL,NLD,521031
10114620,41,162,7257,2004,6102.0,3266.0,2.151471,0.7196279999999999,CHE,NLD,521031
10114621,42,162,7257,2004,0.0,26469.0,-0.07869,-0.33641,CHL,NLD,521031
10114622,43,162,7257,2004,17627.0,5901.0,0.581548,2.8689880000000003,CHN,NLD,521031
10114623,49,162,7257,2004,0.0,72742.0,0.033128,0.47524799999999995,COL,NLD,521031
10114624,59,162,7257,2004,3498.0,87558.0,1.562625,0.865244,CZE,NLD,521031
10114625,61,162,7257,2004,281335.0,1634000.0,2.266076,-2.011139,DEU,NLD,521031
10114626,64,162,7257,2004,12905.0,273383.0,1.328968,1.262743,DNK,NLD,521031
10114627,67,162,7257,2004,0.0,77995.0,-1.149101,-1.013619,ECU,NLD,521031
10114628,71,162,7257,2004,380732.0,365627.0,0.9784649999999999,2.051216,ESP,NLD,521031
10114629,72,162,7257,2004,2215.0,49130.0,0.6101840000000001,0.9520370000000001,EST,NLD,521031
10114630,74,162,7257,2004,240046.0,84602.0,2.000218,0.9867309999999999,FIN,NLD,521031
10114631,77,162,7257,2004,1038154.0,557424.0,1.6003530000000001,0.643945,FRA,NLD,521031
10114632,81,162,7257,2004,110539.0,322404.0,1.843506,0.684779,GBR,NLD,521031
10114633,90,162,7257,2004,1116.0,177065.0,0.348853,1.661656,GRC,NLD,521031
10114634,97,162,7257,2004,4511.0,52609.0,0.604825,2.098745,HKG,NLD,521031
10114635,100,162,7257,2004,0.0,11857.0,0.6669970000000001,1.088043,HRV,NLD,521031
10114636,102,162,7257,2004,11302.0,142832.0,1.207082,1.019714,HUN,NLD,521031
10114637,103,162,7257,2004,342722.0,0.0,-0.223644,1.719065,IDN,NLD,521031
10114638,104,162,7257,2004,0.0,1329.0,0.233348,2.790987,IND,NLD,521031
10114639,106,162,7257,2004,158314.0,89259.0,1.501859,0.14456,IRL,NLD,521031
10114640,109,162,7257,2004,0.0,1590.0,0.298844,-0.36366,ISL,NLD,521031
10114641,111,162,7257,2004,569197.0,135434.0,1.358057,1.11533,ITA,NLD,521031
10114642,114,162,7257,2004,0.0,128619.0,2.526624,0.452054,JPN,NLD,521031
10114643,116,162,7257,2004,0.0,12701.0,-0.503694,0.410495,KEN,NLD,521031
10114644,121,162,7257,2004,118656.0,0.0,1.3624690000000002,0.928342,KOR,NLD,521031
10114645,128,162,7257,2004,0.0,1861.0,-0.658668,0.21912600000000002,LKA,NLD,521031
10114646,130,162,7257,2004,3225.0,133945.0,0.403568,0.632707,LTU,NLD,521031
10114647,131,162,7257,2004,0.0,2333.0,1.37529,1.0172649999999999,LUX,NLD,521031
10114648,132,162,7257,2004,0.0,18247.0,0.413821,0.627853,LVA,NLD,521031
10114649,134,162,7257,2004,84401.0,397076.0,-0.681556,-0.152372,MAR,NLD,521031
10114650,135,162,7257,2004,0.0,282104.0,-0.155523,-0.355142,MDA,NLD,521031
10114651,140,162,7257,2004,0.0,115196.0,-0.091013,0.190649,MKD,NLD,521031
10114652,151,162,7257,2004,0.0,52716.0,-0.374754,-0.288504,MUS,NLD,521031
10114653,153,162,7257,2004,28303.0,0.0,0.6710050000000001,0.17807,MYS,NLD,521031
10114654,163,162,7257,2004,0.0,7990.0,1.10162,0.118709,NOR,NLD,521031
10114655,166,162,7257,2004,0.0,5401.0,0.567392,0.965781,NZL,NLD,521031
10114656,168,162,7257,2004,680849.0,0.0,-0.754143,0.25995100000000004,PAK,NLD,521031
10114657,174,162,7257,2004,2436.0,0.0,-0.076709,-0.149006,PHL,NLD,521031
10114658,177,162,7257,2004,20026.0,578734.0,1.019341,1.519452,POL,NLD,521031
10114659,179,162,7257,2004,80547.0,1219103.0,0.524524,1.901139,PRT,NLD,521031
10114660,182,162,7257,2004,0.0,2882.0,-0.414954,-0.773736,PYF,NLD,521031
10114661,185,162,7257,2004,15253.0,289479.0,0.37241599999999997,1.015865,ROU,NLD,521031
10114662,186,162,7257,2004,0.0,29364.0,0.8952399999999999,0.172896,RUS,NLD,521031
10114663,189,162,7257,2004,0.0,135417.0,0.628071,2.210424,SCG,NLD,521031
10114664,198,162,7257,2004,0.0,13685.0,1.547269,0.386809,SMR,NLD,521031
10114665,206,162,7257,2004,18122.0,142999.0,1.2375120000000002,0.8777889999999999,SVK,NLD,521031
10114666,207,162,7257,2004,0.0,16853.0,1.628643,1.02381,SVN,NLD,521031
10114667,208,162,7257,2004,359698.0,82583.0,2.0522080000000003,0.8326969999999999,SWE,NLD,521031
10114668,216,162,7257,2004,4851486.0,0.0,0.5150359999999999,1.583019,THA,NLD,521031
10114669,223,162,7257,2004,0.0,150080.0,-0.195751,0.335147,TUN,NLD,521031
10114670,224,162,7257,2004,463657.0,1783888.0,0.141454,1.9463599999999999,TUR,NLD,521031
10114671,228,162,7257,2004,0.0,43002.0,0.8758040000000001,0.8195879999999999,UKR,NLD,521031
10114672,230,162,7257,2004,0.0,9499.0,0.151633,0.121776,URY,NLD,521031
10114673,236,162,7257,2004,0.0,23659.0,0.048698000000000005,-0.899776,VEN,NLD,521031
10114674,246,162,7257,2004,0.0,19663.0,0.460279,1.9736220000000002,ZAF,NLD,521031
10114675,10,166,7257,2004,0.0,7911.0,1.022895,0.395402,ASM,NZL,521031
10114676,14,166,7257,2004,43296.0,66968.0,0.196641,0.8139460000000001,AUS,NZL,521031
10114677,18,166,7257,2004,6075.0,0.0,1.350911,1.408209,BEL,NZL,521031
10114678,41,166,7257,2004,3725.0,0.0,2.151471,0.7196279999999999,CHE,NZL,521031
10114679,43,166,7257,2004,12726.0,0.0,0.581548,2.8689880000000003,CHN,NZL,521031
10114680,61,166,7257,2004,1882.0,7246.0,2.266076,-2.011139,DEU,NZL,521031
10114681,71,166,7257,2004,3726.0,0.0,0.9784649999999999,2.051216,ESP,NZL,521031
10114682,75,166,7257,2004,1432.0,4535.0,-0.8870969999999999,-0.287427,FJI,NZL,521031
10114683,77,166,7257,2004,4741.0,0.0,1.6003530000000001,0.643945,FRA,NZL,521031
10114684,81,166,7257,2004,8315.0,2920.0,1.843506,0.684779,GBR,NZL,521031
10114685,97,166,7257,2004,11321.0,10647.0,0.604825,2.098745,HKG,NZL,521031
10114686,103,166,7257,2004,254397.0,0.0,-0.223644,1.719065,IDN,NZL,521031
10114687,104,166,7257,2004,1678.0,0.0,0.233348,2.790987,IND,NZL,521031
10114688,111,166,7257,2004,4370.0,0.0,1.358057,1.11533,ITA,NZL,521031
10114689,114,166,7257,2004,5789.0,0.0,2.526624,0.452054,JPN,NZL,521031
10114690,121,166,7257,2004,196094.0,0.0,1.3624690000000002,0.928342,KOR,NZL,521031
10114691,153,166,7257,2004,24874.0,0.0,0.6710050000000001,0.17807,MYS,NZL,521031
10114692,162,166,7257,2004,5401.0,0.0,1.251808,1.586526,NLD,NZL,521031
10114693,168,166,7257,2004,192558.0,0.0,-0.754143,0.25995100000000004,PAK,NZL,521031
10114694,176,166,7257,2004,0.0,898.0,-1.7599200000000002,-1.219971,PNG,NZL,521031
10114695,179,166,7257,2004,2573.0,0.0,0.524524,1.901139,PRT,NZL,521031
10114696,182,166,7257,2004,0.0,1375.0,-0.414954,-0.773736,PYF,NZL,521031
10114697,192,166,7257,2004,8195.0,0.0,1.6409779999999998,0.634947,SGP,NZL,521031
10114698,216,166,7257,2004,130872.0,0.0,0.5150359999999999,1.583019,THA,NZL,521031
10114699,231,166,7257,2004,50423.0,0.0,1.7598630000000002,0.066704,USA,NZL,521031
10114700,239,166,7257,2004,5375.0,0.0,-0.5270560000000001,0.8910389999999999,VNM,NZL,521031
10114701,240,166,7257,2004,0.0,3376.0,-1.2338790000000002,-0.969297,VUT,NZL,521031
10114702,242,166,7257,2004,0.0,19192.0,-0.129153,-0.6165510000000001,WSM,NZL,521031
10114703,246,166,7257,2004,1333.0,0.0,0.460279,1.9736220000000002,ZAF,NZL,521031
10114704,249,166,7257,2004,22143.0,0.0,1.626307,1.358315,TWN,NZL,521031
10114705,9,169,7257,2004,4224.0,3208.0,0.661799,-0.140004,ARM,PAN,521031
10114706,71,169,7257,2004,3842.0,0.0,0.9784649999999999,2.051216,ESP,PAN,521031
10114707,97,169,7257,2004,6188.0,0.0,0.604825,2.098745,HKG,PAN,521031
10114708,103,169,7257,2004,4876.0,0.0,-0.223644,1.719065,IDN,PAN,521031
10114709,168,169,7257,2004,417021.0,0.0,-0.754143,0.25995100000000004,PAK,PAN,521031
10114710,216,169,7257,2004,167981.0,0.0,0.5150359999999999,1.583019,THA,PAN,521031
10114711,31,173,7257,2004,0.0,7964.0,-0.9288489999999999,-0.929884,BOL,PER,521031
10114712,32,173,7257,2004,30559.0,0.0,0.540718,1.149065,BRA,PER,521031
10114713,42,173,7257,2004,4270.0,5089.0,-0.07869,-0.33641,CHL,PER,521031
10114714,43,173,7257,2004,104703.0,0.0,0.581548,2.8689880000000003,CHN,PER,521031
10114715,49,173,7257,2004,10286.0,6254.0,0.033128,0.47524799999999995,COL,PER,521031
10114716,67,173,7257,2004,57067.0,0.0,-1.149101,-1.013619,ECU,PER,521031
10114717,111,173,7257,2004,13634.0,0.0,1.358057,1.11533,ITA,PER,521031
10114718,121,173,7257,2004,0.0,10209.0,1.3624690000000002,0.928342,KOR,PER,521031
10114719,216,173,7257,2004,1899.0,0.0,0.5150359999999999,1.583019,THA,PER,521031
10114720,231,173,7257,2004,0.0,53280.0,1.7598630000000002,0.066704,USA,PER,521031
10114721,249,173,7257,2004,2148.0,0.0,1.626307,1.358315,TWN,PER,521031
10114722,18,174,7257,2004,7769.0,0.0,1.350911,1.408209,BEL,PHL,521031
10114723,43,174,7257,2004,535468.0,24072.0,0.581548,2.8689880000000003,CHN,PHL,521031
10114724,61,174,7257,2004,56324.0,0.0,2.266076,-2.011139,DEU,PHL,521031
10114725,81,174,7257,2004,5411.0,0.0,1.843506,0.684779,GBR,PHL,521031
10114726,90,174,7257,2004,0.0,8372.0,0.348853,1.661656,GRC,PHL,521031
10114727,97,174,7257,2004,430427.0,54487.0,0.604825,2.098745,HKG,PHL,521031
10114728,103,174,7257,2004,7371.0,0.0,-0.223644,1.719065,IDN,PHL,521031
10114729,111,174,7257,2004,123687.0,0.0,1.358057,1.11533,ITA,PHL,521031
10114730,114,174,7257,2004,190971.0,2259.0,2.526624,0.452054,JPN,PHL,521031
10114731,121,174,7257,2004,2401408.0,7165.0,1.3624690000000002,0.928342,KOR,PHL,521031
10114732,128,174,7257,2004,1481.0,34922.0,-0.658668,0.21912600000000002,LKA,PHL,521031
10114733,153,174,7257,2004,186622.0,0.0,0.6710050000000001,0.17807,MYS,PHL,521031
10114734,162,174,7257,2004,0.0,2436.0,1.251808,1.586526,NLD,PHL,521031
10114735,168,174,7257,2004,224758.0,0.0,-0.754143,0.25995100000000004,PAK,PHL,521031
10114736,177,174,7257,2004,0.0,1242.0,1.019341,1.519452,POL,PHL,521031
10114737,192,174,7257,2004,10115.0,0.0,1.6409779999999998,0.634947,SGP,PHL,521031
10114738,216,174,7257,2004,11988.0,0.0,0.5150359999999999,1.583019,THA,PHL,521031
10114739,224,174,7257,2004,90774.0,0.0,0.141454,1.9463599999999999,TUR,PHL,521031
10114740,249,174,7257,2004,692516.0,0.0,1.626307,1.358315,TWN,PHL,521031
10114741,15,177,7257,2004,5393.0,0.0,1.825391,0.40553,AUT,POL,521031
10114742,18,177,7257,2004,207342.0,4802.0,1.350911,1.408209,BEL,POL,521031
10114743,28,177,7257,2004,0.0,14753.0,0.8553139999999999,0.703926,BLR,POL,521031
10114744,39,177,7257,2004,3542.0,0.0,0.9392739999999999,1.19228,CAN,POL,521031
10114745,41,177,7257,2004,2615.0,0.0,2.151471,0.7196279999999999,CHE,POL,521031
10114746,43,177,7257,2004,123670.0,0.0,0.581548,2.8689880000000003,CHN,POL,521031
10114747,58,177,7257,2004,64953.0,0.0,0.533521,0.615939,CYP,POL,521031
10114748,59,177,7257,2004,136970.0,31995.0,1.562625,0.865244,CZE,POL,521031
10114749,61,177,7257,2004,2826196.0,31714.0,2.266076,-2.011139,DEU,POL,521031
10114750,64,177,7257,2004,175060.0,4246.0,1.328968,1.262743,DNK,POL,521031
10114751,71,177,7257,2004,114730.0,0.0,0.9784649999999999,2.051216,ESP,POL,521031
10114752,74,177,7257,2004,22761.0,4528.0,2.000218,0.9867309999999999,FIN,POL,521031
10114753,77,177,7257,2004,1581163.0,19950.0,1.6003530000000001,0.643945,FRA,POL,521031
10114754,81,177,7257,2004,75747.0,2237.0,1.843506,0.684779,GBR,POL,521031
10114755,90,177,7257,2004,4197.0,11973.0,0.348853,1.661656,GRC,POL,521031
10114756,103,177,7257,2004,8635.0,0.0,-0.223644,1.719065,IDN,POL,521031
10114757,104,177,7257,2004,2873.0,0.0,0.233348,2.790987,IND,POL,521031
10114758,106,177,7257,2004,20579.0,0.0,1.501859,0.14456,IRL,POL,521031
10114759,107,177,7257,2004,1793.0,0.0,-0.38210700000000003,-0.8408620000000001,IRN,POL,521031
10114760,110,177,7257,2004,17293.0,0.0,1.250393,0.8003979999999999,ISR,POL,521031
10114761,111,177,7257,2004,122324.0,0.0,1.358057,1.11533,ITA,POL,521031
10114762,114,177,7257,2004,43033.0,0.0,2.526624,0.452054,JPN,POL,521031
10114763,121,177,7257,2004,213776.0,0.0,1.3624690000000002,0.928342,KOR,POL,521031
10114764,130,177,7257,2004,0.0,61708.0,0.403568,0.632707,LTU,POL,521031
10114765,132,177,7257,2004,1586.0,32870.0,0.413821,0.627853,LVA,POL,521031
10114766,135,177,7257,2004,0.0,78714.0,-0.155523,-0.355142,MDA,POL,521031
10114767,153,177,7257,2004,5973.0,0.0,0.6710050000000001,0.17807,MYS,POL,521031
10114768,162,177,7257,2004,578734.0,20026.0,1.251808,1.586526,NLD,POL,521031
10114769,168,177,7257,2004,474867.0,0.0,-0.754143,0.25995100000000004,PAK,POL,521031
10114770,174,177,7257,2004,1242.0,0.0,-0.076709,-0.149006,PHL,POL,521031
10114771,179,177,7257,2004,24010.0,0.0,0.524524,1.901139,PRT,POL,521031
10114772,185,177,7257,2004,27155.0,1048.0,0.37241599999999997,1.015865,ROU,POL,521031
10114773,186,177,7257,2004,0.0,4799.0,0.8952399999999999,0.172896,RUS,POL,521031
10114774,189,177,7257,2004,0.0,12209.0,0.628071,2.210424,SCG,POL,521031
10114775,206,177,7257,2004,0.0,1459.0,1.2375120000000002,0.8777889999999999,SVK,POL,521031
10114776,207,177,7257,2004,10299.0,0.0,1.628643,1.02381,SVN,POL,521031
10114777,208,177,7257,2004,39735.0,20969.0,2.0522080000000003,0.8326969999999999,SWE,POL,521031
10114778,216,177,7257,2004,86728.0,0.0,0.5150359999999999,1.583019,THA,POL,521031
10114779,224,177,7257,2004,369281.0,0.0,0.141454,1.9463599999999999,TUR,POL,521031
10114780,228,177,7257,2004,0.0,21253.0,0.8758040000000001,0.8195879999999999,UKR,POL,521031
10114781,231,177,7257,2004,21465.0,7908.0,1.7598630000000002,0.066704,USA,POL,521031
10114782,232,177,7257,2004,5814.0,0.0,-0.50605,-0.824691,UZB,POL,521031
10114783,249,177,7257,2004,33895.0,0.0,1.626307,1.358315,TWN,POL,521031
10114784,8,180,7257,2004,2184.0,0.0,0.28128600000000004,0.64115,ARG,PRY,521031
10114785,32,180,7257,2004,95121.0,0.0,0.540718,1.149065,BRA,PRY,521031
10114786,121,180,7257,2004,10235.0,0.0,1.3624690000000002,0.928342,KOR,PRY,521031
10114787,168,180,7257,2004,24428.0,0.0,-0.754143,0.25995100000000004,PAK,PRY,521031
10114788,231,180,7257,2004,32126.0,0.0,1.7598630000000002,0.066704,USA,PRY,521031
10114789,9,186,7257,2004,0.0,1190.0,0.661799,-0.140004,ARM,RUS,521031
10114790,18,186,7257,2004,73326.0,0.0,1.350911,1.408209,BEL,RUS,521031
10114791,26,186,7257,2004,0.0,2155.0,0.385952,0.571774,BIH,RUS,521031
10114792,28,186,7257,2004,63823.0,255933.0,0.8553139999999999,0.703926,BLR,RUS,521031
10114793,41,186,7257,2004,4063.0,0.0,2.151471,0.7196279999999999,CHE,RUS,521031
10114794,43,186,7257,2004,166690.0,0.0,0.581548,2.8689880000000003,CHN,RUS,521031
10114795,61,186,7257,2004,168992.0,0.0,2.266076,-2.011139,DEU,RUS,521031
10114796,68,186,7257,2004,1106.0,0.0,-0.300563,0.41834899999999997,EGY,RUS,521031
10114797,71,186,7257,2004,295245.0,0.0,0.9784649999999999,2.051216,ESP,RUS,521031
10114798,72,186,7257,2004,8655.0,0.0,0.6101840000000001,0.9520370000000001,EST,RUS,521031
10114799,74,186,7257,2004,71929.0,0.0,2.000218,0.9867309999999999,FIN,RUS,521031
10114800,77,186,7257,2004,225151.0,0.0,1.6003530000000001,0.643945,FRA,RUS,521031
10114801,81,186,7257,2004,1690.0,0.0,1.843506,0.684779,GBR,RUS,521031
10114802,104,186,7257,2004,77667.0,0.0,0.233348,2.790987,IND,RUS,521031
10114803,111,186,7257,2004,247729.0,0.0,1.358057,1.11533,ITA,RUS,521031
10114804,115,186,7257,2004,0.0,3254.0,-0.09288300000000001,-0.537664,KAZ,RUS,521031
10114805,121,186,7257,2004,769171.0,0.0,1.3624690000000002,0.928342,KOR,RUS,521031
10114806,130,186,7257,2004,69491.0,0.0,0.403568,0.632707,LTU,RUS,521031
10114807,135,186,7257,2004,0.0,4846.0,-0.155523,-0.355142,MDA,RUS,521031
10114808,153,186,7257,2004,1773.0,0.0,0.6710050000000001,0.17807,MYS,RUS,521031
10114809,162,186,7257,2004,29364.0,0.0,1.251808,1.586526,NLD,RUS,521031
10114810,168,186,7257,2004,331250.0,0.0,-0.754143,0.25995100000000004,PAK,RUS,521031
10114811,177,186,7257,2004,4799.0,0.0,1.019341,1.519452,POL,RUS,521031
10114812,178,186,7257,2004,25349.0,0.0,0.578991,0.781518,PRK,RUS,521031
10114813,179,186,7257,2004,3523.0,0.0,0.524524,1.901139,PRT,RUS,521031
10114814,212,186,7257,2004,1029.0,0.0,-0.568707,-0.034736,SYR,RUS,521031
10114815,224,186,7257,2004,466069.0,0.0,0.141454,1.9463599999999999,TUR,RUS,521031
10114816,228,186,7257,2004,2648.0,0.0,0.8758040000000001,0.8195879999999999,UKR,RUS,521031
10114817,249,186,7257,2004,29540.0,0.0,1.626307,1.358315,TWN,RUS,521031
10114818,104,190,7257,2004,50713.0,0.0,0.233348,2.790987,IND,SDN,521031
10114819,168,190,7257,2004,170816.0,0.0,-0.754143,0.25995100000000004,PAK,SDN,521031
10114820,43,197,7257,2004,1050673.0,0.0,0.581548,2.8689880000000003,CHN,SLV,521031
10114821,138,197,7257,2004,1994.0,78536.0,0.868684,0.85506,MEX,SLV,521031
10114822,153,197,7257,2004,818359.0,0.0,0.6710050000000001,0.17807,MYS,SLV,521031
10114823,168,197,7257,2004,189320.0,0.0,-0.754143,0.25995100000000004,PAK,SLV,521031
10114824,222,197,7257,2004,4313.0,0.0,0.00677,-0.965385,TTO,SLV,521031
10114825,231,197,7257,2004,0.0,12828.0,1.7598630000000002,0.066704,USA,SLV,521031
10114826,249,197,7257,2004,8000.0,0.0,1.626307,1.358315,TWN,SLV,521031
10114827,222,205,7257,2004,2321.0,0.0,0.00677,-0.965385,TTO,SUR,521031
10114828,15,208,7257,2004,1175.0,0.0,1.825391,0.40553,AUT,SWE,521031
10114829,18,208,7257,2004,185365.0,0.0,1.350911,1.408209,BEL,SWE,521031
10114830,28,208,7257,2004,459.0,5435.0,0.8553139999999999,0.703926,BLR,SWE,521031
10114831,39,208,7257,2004,19137.0,0.0,0.9392739999999999,1.19228,CAN,SWE,521031
10114832,43,208,7257,2004,0.0,1603.0,0.581548,2.8689880000000003,CHN,SWE,521031
10114833,61,208,7257,2004,108994.0,0.0,2.266076,-2.011139,DEU,SWE,521031
10114834,64,208,7257,2004,22644.0,0.0,1.328968,1.262743,DNK,SWE,521031
10114835,71,208,7257,2004,29312.0,13257.0,0.9784649999999999,2.051216,ESP,SWE,521031
10114836,72,208,7257,2004,162060.0,58065.0,0.6101840000000001,0.9520370000000001,EST,SWE,521031
10114837,74,208,7257,2004,1718.0,7026.0,2.000218,0.9867309999999999,FIN,SWE,521031
10114838,77,208,7257,2004,29237.0,0.0,1.6003530000000001,0.643945,FRA,SWE,521031
10114839,81,208,7257,2004,17175.0,0.0,1.843506,0.684779,GBR,SWE,521031
10114840,102,208,7257,2004,0.0,48590.0,1.207082,1.019714,HUN,SWE,521031
10114841,104,208,7257,2004,3650.0,0.0,0.233348,2.790987,IND,SWE,521031
10114842,109,208,7257,2004,0.0,1129.0,0.298844,-0.36366,ISL,SWE,521031
10114843,111,208,7257,2004,90511.0,0.0,1.358057,1.11533,ITA,SWE,521031
10114844,114,208,7257,2004,127863.0,0.0,2.526624,0.452054,JPN,SWE,521031
10114845,130,208,7257,2004,2975.0,115688.0,0.403568,0.632707,LTU,SWE,521031
10114846,132,208,7257,2004,5701.0,69037.0,0.413821,0.627853,LVA,SWE,521031
10114847,162,208,7257,2004,82583.0,359698.0,1.251808,1.586526,NLD,SWE,521031
10114848,163,208,7257,2004,0.0,5478.0,1.10162,0.118709,NOR,SWE,521031
10114849,168,208,7257,2004,983678.0,0.0,-0.754143,0.25995100000000004,PAK,SWE,521031
10114850,177,208,7257,2004,20969.0,39735.0,1.019341,1.519452,POL,SWE,521031
10114851,179,208,7257,2004,12554.0,11798.0,0.524524,1.901139,PRT,SWE,521031
10114852,206,208,7257,2004,1430.0,24519.0,1.2375120000000002,0.8777889999999999,SVK,SWE,521031
10114853,216,208,7257,2004,5498.0,0.0,0.5150359999999999,1.583019,THA,SWE,521031
10114854,224,208,7257,2004,24442.0,0.0,0.141454,1.9463599999999999,TUR,SWE,521031
10114855,228,208,7257,2004,0.0,1814.0,0.8758040000000001,0.8195879999999999,UKR,SWE,521031
10114856,231,208,7257,2004,6920.0,0.0,1.7598630000000002,0.066704,USA,SWE,521031
10114857,7,216,7257,2004,0.0,82341.0,0.1799,-0.34541900000000003,ARE,THA,521031
10114858,14,216,7257,2004,0.0,41424.0,0.196641,0.8139460000000001,AUS,THA,521031
10114859,18,216,7257,2004,0.0,2644.0,1.350911,1.408209,BEL,THA,521031
10114860,22,216,7257,2004,0.0,778262.0,-1.150444,-0.885333,BGD,THA,521031
10114861,23,216,7257,2004,0.0,30555.0,0.35536,1.499182,BGR,THA,521031
10114862,24,216,7257,2004,0.0,1108.0,0.045344999999999996,-1.001059,BHR,THA,521031
10114863,28,216,7257,2004,0.0,5067.0,0.8553139999999999,0.703926,BLR,THA,521031
10114864,39,216,7257,2004,0.0,31547.0,0.9392739999999999,1.19228,CAN,THA,521031
10114865,41,216,7257,2004,26481.0,8124.0,2.151471,0.7196279999999999,CHE,THA,521031
10114866,43,216,7257,2004,494815.0,300268.0,0.581548,2.8689880000000003,CHN,THA,521031
10114867,49,216,7257,2004,0.0,9873.0,0.033128,0.47524799999999995,COL,THA,521031
10114868,58,216,7257,2004,0.0,84921.0,0.533521,0.615939,CYP,THA,521031
10114869,59,216,7257,2004,0.0,19322.0,1.562625,0.865244,CZE,THA,521031
10114870,61,216,7257,2004,17917.0,401461.0,2.266076,-2.011139,DEU,THA,521031
10114871,65,216,7257,2004,0.0,35246.0,-0.510025,-0.328257,DOM,THA,521031
10114872,67,216,7257,2004,0.0,22287.0,-1.149101,-1.013619,ECU,THA,521031
10114873,71,216,7257,2004,11650.0,2970.0,0.9784649999999999,2.051216,ESP,THA,521031
10114874,72,216,7257,2004,0.0,20002.0,0.6101840000000001,0.9520370000000001,EST,THA,521031
10114875,74,216,7257,2004,0.0,13615.0,2.000218,0.9867309999999999,FIN,THA,521031
10114876,75,216,7257,2004,0.0,972.0,-0.8870969999999999,-0.287427,FJI,THA,521031
10114877,77,216,7257,2004,11337.0,13367.0,1.6003530000000001,0.643945,FRA,THA,521031
10114878,81,216,7257,2004,0.0,31539.0,1.843506,0.684779,GBR,THA,521031
10114879,97,216,7257,2004,84917.0,378044.0,0.604825,2.098745,HKG,THA,521031
10114880,100,216,7257,2004,0.0,2314.0,0.6669970000000001,1.088043,HRV,THA,521031
10114881,102,216,7257,2004,0.0,20384.0,1.207082,1.019714,HUN,THA,521031
10114882,103,216,7257,2004,79756.0,74103.0,-0.223644,1.719065,IDN,THA,521031
10114883,104,216,7257,2004,2300.0,201024.0,0.233348,2.790987,IND,THA,521031
10114884,111,216,7257,2004,67659.0,30378.0,1.358057,1.11533,ITA,THA,521031
10114885,113,216,7257,2004,0.0,12378.0,0.152989,0.385845,JOR,THA,521031
10114886,114,216,7257,2004,117406.0,29790.0,2.526624,0.452054,JPN,THA,521031
10114887,116,216,7257,2004,0.0,2895.0,-0.503694,0.410495,KEN,THA,521031
10114888,121,216,7257,2004,6441364.0,99670.0,1.3624690000000002,0.928342,KOR,THA,521031
10114889,123,216,7257,2004,0.0,27408.0,-1.274622,-1.082807,LAO,THA,521031
10114890,124,216,7257,2004,0.0,25134.0,0.32409899999999997,1.037024,LBN,THA,521031
10114891,128,216,7257,2004,0.0,48039.0,-0.658668,0.21912600000000002,LKA,THA,521031
10114892,134,216,7257,2004,0.0,101395.0,-0.681556,-0.152372,MAR,THA,521031
10114893,138,216,7257,2004,0.0,311680.0,0.868684,0.85506,MEX,THA,521031
10114894,140,216,7257,2004,0.0,2059.0,-0.091013,0.190649,MKD,THA,521031
10114895,143,216,7257,2004,0.0,472256.0,-1.400614,-0.947664,MMR,THA,521031
10114896,151,216,7257,2004,0.0,14695.0,-0.374754,-0.288504,MUS,THA,521031
10114897,153,216,7257,2004,1581673.0,58848.0,0.6710050000000001,0.17807,MYS,THA,521031
10114898,162,216,7257,2004,0.0,4851486.0,1.251808,1.586526,NLD,THA,521031
10114899,163,216,7257,2004,0.0,6513.0,1.10162,0.118709,NOR,THA,521031
10114900,166,216,7257,2004,0.0,130872.0,0.567392,0.965781,NZL,THA,521031
10114901,168,216,7257,2004,24924.0,0.0,-0.754143,0.25995100000000004,PAK,THA,521031
10114902,169,216,7257,2004,0.0,167981.0,-0.011979,0.261315,PAN,THA,521031
10114903,173,216,7257,2004,0.0,1899.0,-0.564244,0.131232,PER,THA,521031
10114904,174,216,7257,2004,0.0,11988.0,-0.076709,-0.149006,PHL,THA,521031
10114905,177,216,7257,2004,0.0,86728.0,1.019341,1.519452,POL,THA,521031
10114906,178,216,7257,2004,26410.0,2708.0,0.578991,0.781518,PRK,THA,521031
10114907,179,216,7257,2004,0.0,22799.0,0.524524,1.901139,PRT,THA,521031
10114908,185,216,7257,2004,0.0,26582.0,0.37241599999999997,1.015865,ROU,THA,521031
10114909,192,216,7257,2004,1332929.0,266115.0,1.6409779999999998,0.634947,SGP,THA,521031
10114910,206,216,7257,2004,0.0,44216.0,1.2375120000000002,0.8777889999999999,SVK,THA,521031
10114911,208,216,7257,2004,0.0,5498.0,2.0522080000000003,0.8326969999999999,SWE,THA,521031
10114912,212,216,7257,2004,0.0,119168.0,-0.568707,-0.034736,SYR,THA,521031
10114913,223,216,7257,2004,0.0,79966.0,-0.195751,0.335147,TUN,THA,521031
10114914,224,216,7257,2004,16613.0,1122951.0,0.141454,1.9463599999999999,TUR,THA,521031
10114915,228,216,7257,2004,0.0,154239.0,0.8758040000000001,0.8195879999999999,UKR,THA,521031
10114916,231,216,7257,2004,45138.0,46810.0,1.7598630000000002,0.066704,USA,THA,521031
10114917,236,216,7257,2004,0.0,190259.0,0.048698000000000005,-0.899776,VEN,THA,521031
10114918,239,216,7257,2004,7469.0,791135.0,-0.5270560000000001,0.8910389999999999,VNM,THA,521031
10114919,246,216,7257,2004,0.0,65832.0,0.460279,1.9736220000000002,ZAF,THA,521031
10114920,249,216,7257,2004,1430309.0,18548.0,1.626307,1.358315,TWN,THA,521031
10114921,0,222,7257,2004,0.0,2646.0,-0.30244099999999996,-0.892926,ABW,TTO,521031
10114922,13,222,7257,2004,0.0,2987.0,0.257288,-0.645794,ATG,TTO,521031
10114923,25,222,7257,2004,0.0,3705.0,0.620432,-0.513724,BHS,TTO,521031
10114924,33,222,7257,2004,0.0,10059.0,0.8541559999999999,0.25895799999999997,BRB,TTO,521031
10114925,43,222,7257,2004,15094.0,0.0,0.581548,2.8689880000000003,CHN,TTO,521031
10114926,63,222,7257,2004,0.0,2534.0,0.322803,-0.000479,DMA,TTO,521031
10114927,97,222,7257,2004,6849.0,0.0,0.604825,2.098745,HKG,TTO,521031
10114928,112,222,7257,2004,0.0,2610.0,-0.64957,-0.944183,JAM,TTO,521031
10114929,120,222,7257,2004,0.0,2259.0,0.538271,-0.43505299999999997,KNA,TTO,521031
10114930,127,222,7257,2004,0.0,1415.0,0.233152,-0.351169,LCA,TTO,521031
10114931,197,222,7257,2004,0.0,4313.0,-0.20529499999999998,0.1116,SLV,TTO,521031
10114932,205,222,7257,2004,0.0,2321.0,-0.991433,-0.926657,SUR,TTO,521031
10114933,231,222,7257,2004,4155.0,0.0,1.7598630000000002,0.066704,USA,TTO,521031
10114934,8,230,7257,2004,15611.0,0.0,0.28128600000000004,0.64115,ARG,URY,521031
10114935,32,230,7257,2004,159642.0,0.0,0.540718,1.149065,BRA,URY,521031
10114936,42,230,7257,2004,2493.0,0.0,-0.07869,-0.33641,CHL,URY,521031
10114937,43,230,7257,2004,20948.0,0.0,0.581548,2.8689880000000003,CHN,URY,521031
10114938,71,230,7257,2004,14086.0,0.0,0.9784649999999999,2.051216,ESP,URY,521031
10114939,97,230,7257,2004,0.0,9931.0,0.604825,2.098745,HKG,URY,521031
10114940,111,230,7257,2004,9551.0,0.0,1.358057,1.11533,ITA,URY,521031
10114941,114,230,7257,2004,7466.0,0.0,2.526624,0.452054,JPN,URY,521031
10114942,121,230,7257,2004,11957.0,0.0,1.3624690000000002,0.928342,KOR,URY,521031
10114943,162,230,7257,2004,9499.0,0.0,1.251808,1.586526,NLD,URY,521031
10114944,168,230,7257,2004,7736.0,0.0,-0.754143,0.25995100000000004,PAK,URY,521031
10114945,8,231,7257,2004,0.0,4895.0,0.28128600000000004,0.64115,ARG,USA,521031
10114946,9,231,7257,2004,108800.0,68284.0,0.661799,-0.140004,ARM,USA,521031
10114947,14,231,7257,2004,0.0,6722.0,0.196641,0.8139460000000001,AUS,USA,521031
10114948,18,231,7257,2004,19659.0,3447.0,1.350911,1.408209,BEL,USA,521031
10114949,22,231,7257,2004,0.0,4537.0,-1.150444,-0.885333,BGD,USA,521031
10114950,31,231,7257,2004,0.0,4769.0,-0.9288489999999999,-0.929884,BOL,USA,521031
10114951,32,231,7257,2004,1205.0,19390.0,0.540718,1.149065,BRA,USA,521031
10114952,33,231,7257,2004,0.0,7577.0,0.8541559999999999,0.25895799999999997,BRB,USA,521031
10114953,39,231,7257,2004,8083860.0,1224103.0,0.9392739999999999,1.19228,CAN,USA,521031
10114954,41,231,7257,2004,14398.0,2454.0,2.151471,0.7196279999999999,CHE,USA,521031
10114955,42,231,7257,2004,2529.0,28890.0,-0.07869,-0.33641,CHL,USA,521031
10114956,43,231,7257,2004,1079551.0,52557.0,0.581548,2.8689880000000003,CHN,USA,521031
10114957,49,231,7257,2004,0.0,25321.0,0.033128,0.47524799999999995,COL,USA,521031
10114958,61,231,7257,2004,1205129.0,18488.0,2.266076,-2.011139,DEU,USA,521031
10114959,64,231,7257,2004,0.0,4011.0,1.328968,1.262743,DNK,USA,521031
10114960,65,231,7257,2004,0.0,196166.0,-0.510025,-0.328257,DOM,USA,521031
10114961,67,231,7257,2004,0.0,64690.0,-1.149101,-1.013619,ECU,USA,521031
10114962,68,231,7257,2004,0.0,28222.0,-0.300563,0.41834899999999997,EGY,USA,521031
10114963,71,231,7257,2004,13290.0,2533.0,0.9784649999999999,2.051216,ESP,USA,521031
10114964,74,231,7257,2004,0.0,38885.0,2.000218,0.9867309999999999,FIN,USA,521031
10114965,77,231,7257,2004,162930.0,64579.0,1.6003530000000001,0.643945,FRA,USA,521031
10114966,81,231,7257,2004,1228.0,22360.0,1.843506,0.684779,GBR,USA,521031
10114967,97,231,7257,2004,98740.0,462116.0,0.604825,2.098745,HKG,USA,521031
10114968,103,231,7257,2004,263705.0,0.0,-0.223644,1.719065,IDN,USA,521031
10114969,104,231,7257,2004,40168.0,182176.0,0.233348,2.790987,IND,USA,521031
10114970,110,231,7257,2004,3906.0,1982.0,1.250393,0.8003979999999999,ISR,USA,521031
10114971,111,231,7257,2004,892536.0,25902.0,1.358057,1.11533,ITA,USA,521031
10114972,112,231,7257,2004,0.0,59766.0,-0.64957,-0.944183,JAM,USA,521031
10114973,114,231,7257,2004,16278.0,124460.0,2.526624,0.452054,JPN,USA,521031
10114974,121,231,7257,2004,1520496.0,32561.0,1.3624690000000002,0.928342,KOR,USA,521031
10114975,124,231,7257,2004,0.0,18733.0,0.32409899999999997,1.037024,LBN,USA,521031
10114976,128,231,7257,2004,0.0,41841.0,-0.658668,0.21912600000000002,LKA,USA,521031
10114977,133,231,7257,2004,0.0,25492.0,-0.351045,-0.487521,MAC,USA,521031
10114978,138,231,7257,2004,294210.0,16228257.0,0.868684,0.85506,MEX,USA,521031
10114979,142,231,7257,2004,0.0,5810.0,1.251894,0.063827,MLT,USA,521031
10114980,153,231,7257,2004,388347.0,5681.0,0.6710050000000001,0.17807,MYS,USA,521031
10114981,166,231,7257,2004,0.0,50423.0,0.567392,0.965781,NZL,USA,521031
10114982,168,231,7257,2004,6790856.0,5193.0,-0.754143,0.25995100000000004,PAK,USA,521031
10114983,173,231,7257,2004,53280.0,0.0,-0.564244,0.131232,PER,USA,521031
10114984,177,231,7257,2004,7908.0,21465.0,1.019341,1.519452,POL,USA,521031
10114985,179,231,7257,2004,36403.0,0.0,0.524524,1.901139,PRT,USA,521031
10114986,180,231,7257,2004,0.0,32126.0,-0.64574,-0.978875,PRY,USA,521031
10114987,182,231,7257,2004,0.0,1776.0,-0.414954,-0.773736,PYF,USA,521031
10114988,185,231,7257,2004,0.0,27565.0,0.37241599999999997,1.015865,ROU,USA,521031
10114989,188,231,7257,2004,0.0,34050.0,0.546196,-0.7014729999999999,SAU,USA,521031
10114990,189,231,7257,2004,0.0,2411.0,0.628071,2.210424,SCG,USA,521031
10114991,197,231,7257,2004,12828.0,0.0,-0.20529499999999998,0.1116,SLV,USA,521031
10114992,208,231,7257,2004,0.0,6920.0,2.0522080000000003,0.8326969999999999,SWE,USA,521031
10114993,216,231,7257,2004,46810.0,45138.0,0.5150359999999999,1.583019,THA,USA,521031
10114994,222,231,7257,2004,0.0,4155.0,0.00677,-0.965385,TTO,USA,521031
10114995,224,231,7257,2004,346215.0,3790.0,0.141454,1.9463599999999999,TUR,USA,521031
10114996,236,231,7257,2004,0.0,27899.0,0.048698000000000005,-0.899776,VEN,USA,521031
10114997,239,231,7257,2004,1260.0,0.0,-0.5270560000000001,0.8910389999999999,VNM,USA,521031
10114998,246,231,7257,2004,0.0,2721.0,0.460279,1.9736220000000002,ZAF,USA,521031
10114999,249,231,7257,2004,359981.0,0.0,1.626307,1.358315,TWN,USA,521031
10115000,32,236,7257,2004,1426.0,0.0,0.540718,1.149065,BRA,VEN,521031
10115001,43,236,7257,2004,93786.0,0.0,0.581548,2.8689880000000003,CHN,VEN,521031
10115002,61,236,7257,2004,2655.0,0.0,2.266076,-2.011139,DEU,VEN,521031
10115003,104,236,7257,2004,30529.0,0.0,0.233348,2.790987,IND,VEN,521031
10115004,111,236,7257,2004,1451.0,0.0,1.358057,1.11533,ITA,VEN,521031
10115005,121,236,7257,2004,39818.0,0.0,1.3624690000000002,0.928342,KOR,VEN,521031
10115006,162,236,7257,2004,23659.0,0.0,1.251808,1.586526,NLD,VEN,521031
10115007,168,236,7257,2004,639774.0,0.0,-0.754143,0.25995100000000004,PAK,VEN,521031
10115008,216,236,7257,2004,190259.0,0.0,0.5150359999999999,1.583019,THA,VEN,521031
10115009,231,236,7257,2004,27899.0,0.0,1.7598630000000002,0.066704,USA,VEN,521031
10115010,249,236,7257,2004,20266.0,0.0,1.626307,1.358315,TWN,VEN,521031
10115011,168,243,7257,2004,212167.0,0.0,-0.754143,0.25995100000000004,PAK,YEM,521031
10115012,14,246,7257,2004,0.0,4074.0,0.196641,0.8139460000000001,AUS,ZAF,521031
10115013,18,246,7257,2004,2250.0,6753.0,1.350911,1.408209,BEL,ZAF,521031
10115014,39,246,7257,2004,0.0,1182.0,0.9392739999999999,1.19228,CAN,ZAF,521031
10115015,43,246,7257,2004,524974.0,6973.0,0.581548,2.8689880000000003,CHN,ZAF,521031
10115016,61,246,7257,2004,48333.0,0.0,2.266076,-2.011139,DEU,ZAF,521031
10115017,71,246,7257,2004,58615.0,0.0,0.9784649999999999,2.051216,ESP,ZAF,521031
10115018,77,246,7257,2004,14076.0,0.0,1.6003530000000001,0.643945,FRA,ZAF,521031
10115019,81,246,7257,2004,16746.0,0.0,1.843506,0.684779,GBR,ZAF,521031
10115020,97,246,7257,2004,250848.0,0.0,0.604825,2.098745,HKG,ZAF,521031
10115021,102,246,7257,2004,0.0,1434.0,1.207082,1.019714,HUN,ZAF,521031
10115022,103,246,7257,2004,18795.0,0.0,-0.223644,1.719065,IDN,ZAF,521031
10115023,104,246,7257,2004,22055.0,0.0,0.233348,2.790987,IND,ZAF,521031
10115024,111,246,7257,2004,16033.0,0.0,1.358057,1.11533,ITA,ZAF,521031
10115025,121,246,7257,2004,84108.0,0.0,1.3624690000000002,0.928342,KOR,ZAF,521031
10115026,151,246,7257,2004,0.0,5661.0,-0.374754,-0.288504,MUS,ZAF,521031
10115027,153,246,7257,2004,63974.0,0.0,0.6710050000000001,0.17807,MYS,ZAF,521031
10115028,155,246,7257,2004,0.0,18029.0,-0.40995299999999996,-0.550272,NAM,ZAF,521031
10115029,162,246,7257,2004,19663.0,0.0,1.251808,1.586526,NLD,ZAF,521031
10115030,166,246,7257,2004,0.0,1333.0,0.567392,0.965781,NZL,ZAF,521031
10115031,168,246,7257,2004,4119588.0,0.0,-0.754143,0.25995100000000004,PAK,ZAF,521031
10115032,192,246,7257,2004,36194.0,0.0,1.6409779999999998,0.634947,SGP,ZAF,521031
10115033,209,246,7257,2004,0.0,12954.0,0.397488,-0.264855,SWZ,ZAF,521031
10115034,216,246,7257,2004,65832.0,0.0,0.5150359999999999,1.583019,THA,ZAF,521031
10115035,224,246,7257,2004,9494.0,0.0,0.141454,1.9463599999999999,TUR,ZAF,521031
10115036,231,246,7257,2004,2721.0,0.0,1.7598630000000002,0.066704,USA,ZAF,521031
10115037,249,246,7257,2004,19800.0,0.0,1.626307,1.358315,TWN,ZAF,521031
10115038,7,249,7257,2004,0.0,184449.0,0.1799,-0.34541900000000003,ARE,TWN,521031
10115039,14,249,7257,2004,3837.0,204448.0,0.196641,0.8139460000000001,AUS,TWN,521031
10115040,15,249,7257,2004,8314.0,0.0,1.825391,0.40553,AUT,TWN,521031
10115041,18,249,7257,2004,6312.0,29471.0,1.350911,1.408209,BEL,TWN,521031
10115042,22,249,7257,2004,14008.0,923655.0,-1.150444,-0.885333,BGD,TWN,521031
10115043,32,249,7257,2004,0.0,9710.0,0.540718,1.149065,BRA,TWN,521031
10115044,39,249,7257,2004,0.0,70506.0,0.9392739999999999,1.19228,CAN,TWN,521031
10115045,42,249,7257,2004,0.0,24302.0,-0.07869,-0.33641,CHL,TWN,521031
10115046,43,249,7257,2004,111579.0,5836126.0,0.581548,2.8689880000000003,CHN,TWN,521031
10115047,49,249,7257,2004,0.0,5433.0,0.033128,0.47524799999999995,COL,TWN,521031
10115048,58,249,7257,2004,0.0,61514.0,0.533521,0.615939,CYP,TWN,521031
10115049,59,249,7257,2004,0.0,4726.0,1.562625,0.865244,CZE,TWN,521031
10115050,61,249,7257,2004,1918.0,15472.0,2.266076,-2.011139,DEU,TWN,521031
10115051,65,249,7257,2004,0.0,254911.0,-0.510025,-0.328257,DOM,TWN,521031
10115052,71,249,7257,2004,0.0,35055.0,0.9784649999999999,2.051216,ESP,TWN,521031
10115053,72,249,7257,2004,0.0,3309.0,0.6101840000000001,0.9520370000000001,EST,TWN,521031
10115054,74,249,7257,2004,0.0,2522.0,2.000218,0.9867309999999999,FIN,TWN,521031
10115055,77,249,7257,2004,3538.0,0.0,1.6003530000000001,0.643945,FRA,TWN,521031
10115056,81,249,7257,2004,0.0,173261.0,1.843506,0.684779,GBR,TWN,521031
10115057,90,249,7257,2004,0.0,2023.0,0.348853,1.661656,GRC,TWN,521031
10115058,93,249,7257,2004,0.0,105444.0,-0.46136000000000005,0.148122,GTM,TWN,521031
10115059,97,249,7257,2004,38445.0,8449111.0,0.604825,2.098745,HKG,TWN,521031
10115060,102,249,7257,2004,0.0,5445.0,1.207082,1.019714,HUN,TWN,521031
10115061,103,249,7257,2004,30011.0,3489059.0,-0.223644,1.719065,IDN,TWN,521031
10115062,104,249,7257,2004,4654.0,1785887.0,0.233348,2.790987,IND,TWN,521031
10115063,110,249,7257,2004,0.0,4532.0,1.250393,0.8003979999999999,ISR,TWN,521031
10115064,111,249,7257,2004,97941.0,13434.0,1.358057,1.11533,ITA,TWN,521031
10115065,114,249,7257,2004,154233.0,368813.0,2.526624,0.452054,JPN,TWN,521031
10115066,115,249,7257,2004,0.0,886.0,-0.09288300000000001,-0.537664,KAZ,TWN,521031
10115067,116,249,7257,2004,0.0,1995.0,-0.503694,0.410495,KEN,TWN,521031
10115068,118,249,7257,2004,0.0,471565.0,-1.4676209999999998,-1.1972639999999999,KHM,TWN,521031
10115069,121,249,7257,2004,789264.0,57599.0,1.3624690000000002,0.928342,KOR,TWN,521031
10115070,124,249,7257,2004,0.0,7638.0,0.32409899999999997,1.037024,LBN,TWN,521031
10115071,128,249,7257,2004,0.0,724756.0,-0.658668,0.21912600000000002,LKA,TWN,521031
10115072,129,249,7257,2004,0.0,42811.0,-1.343146,-1.041126,LSO,TWN,521031
10115073,130,249,7257,2004,0.0,2372.0,0.403568,0.632707,LTU,TWN,521031
10115074,133,249,7257,2004,6119.0,71833.0,-0.351045,-0.487521,MAC,TWN,521031
10115075,134,249,7257,2004,0.0,7661.0,-0.681556,-0.152372,MAR,TWN,521031
10115076,136,249,7257,2004,0.0,28082.0,-1.355542,-0.634409,MDG,TWN,521031
10115077,138,249,7257,2004,0.0,34415.0,0.868684,0.85506,MEX,TWN,521031
10115078,140,249,7257,2004,0.0,609.0,-0.091013,0.190649,MKD,TWN,521031
10115079,143,249,7257,2004,0.0,63719.0,-1.400614,-0.947664,MMR,TWN,521031
10115080,146,249,7257,2004,0.0,29576.0,-0.47053199999999995,-0.7803220000000001,MNP,TWN,521031
10115081,153,249,7257,2004,2912731.0,517841.0,0.6710050000000001,0.17807,MYS,TWN,521031
10115082,160,249,7257,2004,0.0,16569.0,-0.9789479999999999,-0.8374219999999999,NIC,TWN,521031
10115083,164,249,7257,2004,0.0,3803.0,-0.323954,0.5528,NPL,TWN,521031
10115084,166,249,7257,2004,0.0,22143.0,0.567392,0.965781,NZL,TWN,521031
10115085,168,249,7257,2004,127391.0,0.0,-0.754143,0.25995100000000004,PAK,TWN,521031
10115086,171,249,7257,2004,0.0,167382.0,0.462645,-0.671204,PCN,TWN,521031
10115087,173,249,7257,2004,0.0,2148.0,-0.564244,0.131232,PER,TWN,521031
10115088,174,249,7257,2004,0.0,692516.0,-0.076709,-0.149006,PHL,TWN,521031
10115089,177,249,7257,2004,0.0,33895.0,1.019341,1.519452,POL,TWN,521031
10115090,185,249,7257,2004,0.0,60674.0,0.37241599999999997,1.015865,ROU,TWN,521031
10115091,186,249,7257,2004,0.0,29540.0,0.8952399999999999,0.172896,RUS,TWN,521031
10115092,192,249,7257,2004,106163.0,58022.0,1.6409779999999998,0.634947,SGP,TWN,521031
10115093,197,249,7257,2004,0.0,8000.0,-0.20529499999999998,0.1116,SLV,TWN,521031
10115094,206,249,7257,2004,0.0,6618.0,1.2375120000000002,0.8777889999999999,SVK,TWN,521031
10115095,212,249,7257,2004,0.0,813.0,-0.568707,-0.034736,SYR,TWN,521031
10115096,216,249,7257,2004,18548.0,1430309.0,0.5150359999999999,1.583019,THA,TWN,521031
10115097,223,249,7257,2004,0.0,158662.0,-0.195751,0.335147,TUN,TWN,521031
10115098,224,249,7257,2004,4931.0,94828.0,0.141454,1.9463599999999999,TUR,TWN,521031
10115099,231,249,7257,2004,0.0,359981.0,1.7598630000000002,0.066704,USA,TWN,521031
10115100,236,249,7257,2004,0.0,20266.0,0.048698000000000005,-0.899776,VEN,TWN,521031
10115101,239,249,7257,2004,0.0,1084160.0,-0.5270560000000001,0.8910389999999999,VNM,TWN,521031
10115102,246,249,7257,2004,0.0,19800.0,0.460279,1.9736220000000002,ZAF,TWN,521031
10115103,39,7,7257,2004,7742.0,0.0,0.9392739999999999,1.19228,CAN,ARE,521031
10115104,43,7,7257,2004,666166.0,0.0,0.581548,2.8689880000000003,CHN,ARE,521031
10115105,58,7,7257,2004,18087.0,1608.0,0.533521,0.615939,CYP,ARE,521031
10115106,64,7,7257,2004,0.0,1128.0,1.328968,1.262743,DNK,ARE,521031
10115107,71,7,7257,2004,44221.0,0.0,0.9784649999999999,2.051216,ESP,ARE,521031
10115108,77,7,7257,2004,14922.0,0.0,1.6003530000000001,0.643945,FRA,ARE,521031
10115109,97,7,7257,2004,95971.0,0.0,0.604825,2.098745,HKG,ARE,521031
10115110,103,7,7257,2004,15893.0,0.0,-0.223644,1.719065,IDN,ARE,521031
10115111,104,7,7257,2004,127592.0,3041.0,0.233348,2.790987,IND,ARE,521031
10115112,111,7,7257,2004,26974.0,0.0,1.358057,1.11533,ITA,ARE,521031
10115113,114,7,7257,2004,17027.0,0.0,2.526624,0.452054,JPN,ARE,521031
10115114,121,7,7257,2004,661154.0,35225.0,1.3624690000000002,0.928342,KOR,ARE,521031
10115115,153,7,7257,2004,183976.0,0.0,0.6710050000000001,0.17807,MYS,ARE,521031
10115116,167,7,7257,2004,0.0,194352.0,-0.62946,-1.108933,OMN,ARE,521031
10115117,168,7,7257,2004,7220378.0,0.0,-0.754143,0.25995100000000004,PAK,ARE,521031
10115118,216,7,7257,2004,82341.0,0.0,0.5150359999999999,1.583019,THA,ARE,521031
10115119,239,7,7257,2004,81545.0,0.0,-0.5270560000000001,0.8910389999999999,VNM,ARE,521031
10115120,249,7,7257,2004,184449.0,0.0,1.626307,1.358315,TWN,ARE,521031
10115121,224,16,7257,2004,2023330.0,0.0,0.141454,1.9463599999999999,TUR,AZE,521031
10115122,18,22,7257,2004,50924.0,0.0,1.350911,1.408209,BEL,BGD,521031
10115123,43,22,7257,2004,13888275.0,0.0,0.581548,2.8689880000000003,CHN,BGD,521031
10115124,81,22,7257,2004,3704.0,0.0,1.843506,0.684779,GBR,BGD,521031
10115125,97,22,7257,2004,2848846.0,0.0,0.604825,2.098745,HKG,BGD,521031
10115126,103,22,7257,2004,2403002.0,0.0,-0.223644,1.719065,IDN,BGD,521031
10115127,104,22,7257,2004,230174.0,153103.0,0.233348,2.790987,IND,BGD,521031
10115128,114,22,7257,2004,22529.0,0.0,2.526624,0.452054,JPN,BGD,521031
10115129,121,22,7257,2004,4267445.0,0.0,1.3624690000000002,0.928342,KOR,BGD,521031
10115130,128,22,7257,2004,41340.0,0.0,-0.658668,0.21912600000000002,LKA,BGD,521031
10115131,138,22,7257,2004,0.0,84040.0,0.868684,0.85506,MEX,BGD,521031
10115132,153,22,7257,2004,4635328.0,0.0,0.6710050000000001,0.17807,MYS,BGD,521031
10115133,162,22,7257,2004,81162.0,0.0,1.251808,1.586526,NLD,BGD,521031
10115134,168,22,7257,2004,1801400.0,0.0,-0.754143,0.25995100000000004,PAK,BGD,521031
10115135,192,22,7257,2004,8945.0,0.0,1.6409779999999998,0.634947,SGP,BGD,521031
10115136,216,22,7257,2004,778262.0,0.0,0.5150359999999999,1.583019,THA,BGD,521031
10115137,231,22,7257,2004,4537.0,0.0,1.7598630000000002,0.066704,USA,BGD,521031
10115138,249,22,7257,2004,923655.0,14008.0,1.626307,1.358315,TWN,BGD,521031
10115139,15,23,7257,2004,114243.0,2065.0,1.825391,0.40553,AUT,BGR,521031
10115140,18,23,7257,2004,91021.0,3877.0,1.350911,1.408209,BEL,BGR,521031
10115141,41,23,7257,2004,21689.0,0.0,2.151471,0.7196279999999999,CHE,BGR,521031
10115142,43,23,7257,2004,61456.0,0.0,0.581548,2.8689880000000003,CHN,BGR,521031
10115143,59,23,7257,2004,17285.0,0.0,1.562625,0.865244,CZE,BGR,521031
10115144,61,23,7257,2004,1468581.0,8222.0,2.266076,-2.011139,DEU,BGR,521031
10115145,64,23,7257,2004,0.0,1540.0,1.328968,1.262743,DNK,BGR,521031
10115146,71,23,7257,2004,5112972.0,13284.0,0.9784649999999999,2.051216,ESP,BGR,521031
10115147,77,23,7257,2004,264354.0,6326.0,1.6003530000000001,0.643945,FRA,BGR,521031
10115148,81,23,7257,2004,980.0,0.0,1.843506,0.684779,GBR,BGR,521031
10115149,90,23,7257,2004,101449.0,0.0,0.348853,1.661656,GRC,BGR,521031
10115150,97,23,7257,2004,3221.0,0.0,0.604825,2.098745,HKG,BGR,521031
10115151,103,23,7257,2004,97904.0,0.0,-0.223644,1.719065,IDN,BGR,521031
10115152,111,23,7257,2004,700321.0,261141.0,1.358057,1.11533,ITA,BGR,521031
10115153,121,23,7257,2004,19039.0,0.0,1.3624690000000002,0.928342,KOR,BGR,521031
10115154,134,23,7257,2004,0.0,2867.0,-0.681556,-0.152372,MAR,BGR,521031
10115155,140,23,7257,2004,0.0,7709.0,-0.091013,0.190649,MKD,BGR,521031
10115156,153,23,7257,2004,4827.0,0.0,0.6710050000000001,0.17807,MYS,BGR,521031
10115157,162,23,7257,2004,184633.0,4180.0,1.251808,1.586526,NLD,BGR,521031
10115158,168,23,7257,2004,66185.0,0.0,-0.754143,0.25995100000000004,PAK,BGR,521031
10115159,178,23,7257,2004,17478.0,0.0,0.578991,0.781518,PRK,BGR,521031
10115160,179,23,7257,2004,167506.0,0.0,0.524524,1.901139,PRT,BGR,521031
10115161,185,23,7257,2004,0.0,15112.0,0.37241599999999997,1.015865,ROU,BGR,521031
10115162,189,23,7257,2004,0.0,3536.0,0.628071,2.210424,SCG,BGR,521031
10115163,207,23,7257,2004,6029.0,0.0,1.628643,1.02381,SVN,BGR,521031
10115164,216,23,7257,2004,30555.0,0.0,0.5150359999999999,1.583019,THA,BGR,521031
10115165,224,23,7257,2004,1019319.0,26796.0,0.141454,1.9463599999999999,TUR,BGR,521031
10115166,43,24,7257,2004,21619.0,0.0,0.581548,2.8689880000000003,CHN,BHR,521031
10115167,97,24,7257,2004,20770.0,0.0,0.604825,2.098745,HKG,BHR,521031
10115168,104,24,7257,2004,975.0,0.0,0.233348,2.790987,IND,BHR,521031
10115169,121,24,7257,2004,1640.0,0.0,1.3624690000000002,0.928342,KOR,BHR,521031
10115170,168,24,7257,2004,88977.0,0.0,-0.754143,0.25995100000000004,PAK,BHR,521031
10115171,216,24,7257,2004,1108.0,0.0,0.5150359999999999,1.583019,THA,BHR,521031
10115172,15,28,7257,2004,7804.0,0.0,1.825391,0.40553,AUT,BLR,521031
10115173,18,28,7257,2004,120925.0,0.0,1.350911,1.408209,BEL,BLR,521031
10115174,59,28,7257,2004,45397.0,0.0,1.562625,0.865244,CZE,BLR,521031
10115175,61,28,7257,2004,805237.0,1689.0,2.266076,-2.011139,DEU,BLR,521031
10115176,64,28,7257,2004,3183.0,0.0,1.328968,1.262743,DNK,BLR,521031
10115177,72,28,7257,2004,2454.0,0.0,0.6101840000000001,0.9520370000000001,EST,BLR,521031
10115178,74,28,7257,2004,10287.0,0.0,2.000218,0.9867309999999999,FIN,BLR,521031
10115179,77,28,7257,2004,123759.0,0.0,1.6003530000000001,0.643945,FRA,BLR,521031
10115180,81,28,7257,2004,23156.0,0.0,1.843506,0.684779,GBR,BLR,521031
10115181,103,28,7257,2004,6512.0,0.0,-0.223644,1.719065,IDN,BLR,521031
10115182,111,28,7257,2004,2290.0,0.0,1.358057,1.11533,ITA,BLR,521031
10115183,121,28,7257,2004,39038.0,0.0,1.3624690000000002,0.928342,KOR,BLR,521031
10115184,130,28,7257,2004,2945.0,0.0,0.403568,0.632707,LTU,BLR,521031
10115185,132,28,7257,2004,1387.0,0.0,0.413821,0.627853,LVA,BLR,521031
10115186,153,28,7257,2004,424.0,0.0,0.6710050000000001,0.17807,MYS,BLR,521031
10115187,162,28,7257,2004,225365.0,1063.0,1.251808,1.586526,NLD,BLR,521031
10115188,177,28,7257,2004,14753.0,0.0,1.019341,1.519452,POL,BLR,521031
10115189,179,28,7257,2004,36918.0,0.0,0.524524,1.901139,PRT,BLR,521031
10115190,186,28,7257,2004,255933.0,63823.0,0.8952399999999999,0.172896,RUS,BLR,521031
10115191,208,28,7257,2004,5435.0,459.0,2.0522080000000003,0.8326969999999999,SWE,BLR,521031
10115192,216,28,7257,2004,5067.0,0.0,0.5150359999999999,1.583019,THA,BLR,521031
10115193,224,28,7257,2004,37586.0,0.0,0.141454,1.9463599999999999,TUR,BLR,521031
10115194,15,59,7257,2004,9586.0,8379.0,1.825391,0.40553,AUT,CZE,521031
10115195,18,59,7257,2004,133876.0,0.0,1.350911,1.408209,BEL,CZE,521031
10115196,23,59,7257,2004,0.0,17285.0,0.35536,1.499182,BGR,CZE,521031
10115197,28,59,7257,2004,0.0,45397.0,0.8553139999999999,0.703926,BLR,CZE,521031
10115198,39,59,7257,2004,12745.0,0.0,0.9392739999999999,1.19228,CAN,CZE,521031
10115199,41,59,7257,2004,6156.0,0.0,2.151471,0.7196279999999999,CHE,CZE,521031
10115200,43,59,7257,2004,10854.0,0.0,0.581548,2.8689880000000003,CHN,CZE,521031
10115201,61,59,7257,2004,1334575.0,13735.0,2.266076,-2.011139,DEU,CZE,521031
10115202,71,59,7257,2004,14113.0,0.0,0.9784649999999999,2.051216,ESP,CZE,521031
10115203,74,59,7257,2004,3095.0,5237.0,2.000218,0.9867309999999999,FIN,CZE,521031
10115204,77,59,7257,2004,24270.0,0.0,1.6003530000000001,0.643945,FRA,CZE,521031
10115205,81,59,7257,2004,0.0,2255.0,1.843506,0.684779,GBR,CZE,521031
10115206,102,59,7257,2004,9827.0,0.0,1.207082,1.019714,HUN,CZE,521031
10115207,103,59,7257,2004,3086.0,0.0,-0.223644,1.719065,IDN,CZE,521031
10115208,111,59,7257,2004,16037.0,0.0,1.358057,1.11533,ITA,CZE,521031
10115209,121,59,7257,2004,3688.0,0.0,1.3624690000000002,0.928342,KOR,CZE,521031
10115210,162,59,7257,2004,87558.0,3498.0,1.251808,1.586526,NLD,CZE,521031
10115211,163,59,7257,2004,0.0,2766.0,1.10162,0.118709,NOR,CZE,521031
10115212,168,59,7257,2004,13059.0,0.0,-0.754143,0.25995100000000004,PAK,CZE,521031
10115213,177,59,7257,2004,31995.0,136970.0,1.019341,1.519452,POL,CZE,521031
10115214,185,59,7257,2004,0.0,973.0,0.37241599999999997,1.015865,ROU,CZE,521031
10115215,189,59,7257,2004,0.0,4575.0,0.628071,2.210424,SCG,CZE,521031
10115216,206,59,7257,2004,28090.0,139840.0,1.2375120000000002,0.8777889999999999,SVK,CZE,521031
10115217,216,59,7257,2004,19322.0,0.0,0.5150359999999999,1.583019,THA,CZE,521031
10115218,224,59,7257,2004,4199.0,11423.0,0.141454,1.9463599999999999,TUR,CZE,521031
10115219,228,59,7257,2004,0.0,4357.0,0.8758040000000001,0.8195879999999999,UKR,CZE,521031
10115220,249,59,7257,2004,4726.0,0.0,1.626307,1.358315,TWN,CZE,521031
10115221,43,68,7257,2004,15061.0,0.0,0.581548,2.8689880000000003,CHN,EGY,521031
10115222,58,68,7257,2004,16474.0,6793.0,0.533521,0.615939,CYP,EGY,521031
10115223,61,68,7257,2004,229554.0,0.0,2.266076,-2.011139,DEU,EGY,521031
10115224,90,68,7257,2004,2068.0,109379.0,0.348853,1.661656,GRC,EGY,521031
10115225,103,68,7257,2004,2618.0,0.0,-0.223644,1.719065,IDN,EGY,521031
10115226,104,68,7257,2004,1430.0,0.0,0.233348,2.790987,IND,EGY,521031
10115227,111,68,7257,2004,80235.0,0.0,1.358057,1.11533,ITA,EGY,521031
10115228,121,68,7257,2004,85856.0,0.0,1.3624690000000002,0.928342,KOR,EGY,521031
10115229,153,68,7257,2004,1972120.0,0.0,0.6710050000000001,0.17807,MYS,EGY,521031
10115230,168,68,7257,2004,560853.0,0.0,-0.754143,0.25995100000000004,PAK,EGY,521031
10115231,186,68,7257,2004,0.0,1106.0,0.8952399999999999,0.172896,RUS,EGY,521031
10115232,224,68,7257,2004,74348.0,0.0,0.141454,1.9463599999999999,TUR,EGY,521031
10115233,231,68,7257,2004,28222.0,0.0,1.7598630000000002,0.066704,USA,EGY,521031
10115234,15,100,7257,2004,8211.0,2251.0,1.825391,0.40553,AUT,HRV,521031
10115235,26,100,7257,2004,5914.0,9821.0,0.385952,0.571774,BIH,HRV,521031
10115236,43,100,7257,2004,172643.0,0.0,0.581548,2.8689880000000003,CHN,HRV,521031
10115237,61,100,7257,2004,267846.0,9155.0,2.266076,-2.011139,DEU,HRV,521031
10115238,71,100,7257,2004,3014.0,0.0,0.9784649999999999,2.051216,ESP,HRV,521031
10115239,74,100,7257,2004,899.0,0.0,2.000218,0.9867309999999999,FIN,HRV,521031
10115240,77,100,7257,2004,8558.0,0.0,1.6003530000000001,0.643945,FRA,HRV,521031
10115241,103,100,7257,2004,3423.0,0.0,-0.223644,1.719065,IDN,HRV,521031
10115242,111,100,7257,2004,149294.0,0.0,1.358057,1.11533,ITA,HRV,521031
10115243,162,100,7257,2004,11857.0,0.0,1.251808,1.586526,NLD,HRV,521031
10115244,168,100,7257,2004,5503.0,0.0,-0.754143,0.25995100000000004,PAK,HRV,521031
10115245,179,100,7257,2004,831.0,0.0,0.524524,1.901139,PRT,HRV,521031
10115246,189,100,7257,2004,0.0,26920.0,0.628071,2.210424,SCG,HRV,521031
10115247,207,100,7257,2004,250417.0,0.0,1.628643,1.02381,SVN,HRV,521031
10115248,216,100,7257,2004,2314.0,0.0,0.5150359999999999,1.583019,THA,HRV,521031
10115249,224,100,7257,2004,16403.0,0.0,0.141454,1.9463599999999999,TUR,HRV,521031
10115250,15,102,7257,2004,109578.0,18596.0,1.825391,0.40553,AUT,HUN,521031
10115251,18,102,7257,2004,249884.0,129370.0,1.350911,1.408209,BEL,HUN,521031
10115252,39,102,7257,2004,5032.0,0.0,0.9392739999999999,1.19228,CAN,HUN,521031
10115253,41,102,7257,2004,18322.0,0.0,2.151471,0.7196279999999999,CHE,HUN,521031
10115254,43,102,7257,2004,93654.0,0.0,0.581548,2.8689880000000003,CHN,HUN,521031
10115255,59,102,7257,2004,0.0,9827.0,1.562625,0.865244,CZE,HUN,521031
10115256,61,102,7257,2004,250788.0,0.0,2.266076,-2.011139,DEU,HUN,521031
10115257,71,102,7257,2004,16186.0,0.0,0.9784649999999999,2.051216,ESP,HUN,521031
10115258,77,102,7257,2004,50548.0,0.0,1.6003530000000001,0.643945,FRA,HUN,521031
10115259,103,102,7257,2004,5856.0,0.0,-0.223644,1.719065,IDN,HUN,521031
10115260,111,102,7257,2004,1230743.0,8378.0,1.358057,1.11533,ITA,HUN,521031
10115261,162,102,7257,2004,142832.0,11302.0,1.251808,1.586526,NLD,HUN,521031
10115262,168,102,7257,2004,53664.0,0.0,-0.754143,0.25995100000000004,PAK,HUN,521031
10115263,185,102,7257,2004,7639.0,164105.0,0.37241599999999997,1.015865,ROU,HUN,521031
10115264,189,102,7257,2004,0.0,12215.0,0.628071,2.210424,SCG,HUN,521031
10115265,192,102,7257,2004,60334.0,0.0,1.6409779999999998,0.634947,SGP,HUN,521031
10115266,206,102,7257,2004,0.0,44069.0,1.2375120000000002,0.8777889999999999,SVK,HUN,521031
10115267,207,102,7257,2004,11831.0,12402.0,1.628643,1.02381,SVN,HUN,521031
10115268,208,102,7257,2004,48590.0,0.0,2.0522080000000003,0.8326969999999999,SWE,HUN,521031
10115269,216,102,7257,2004,20384.0,0.0,0.5150359999999999,1.583019,THA,HUN,521031
10115270,224,102,7257,2004,28995.0,0.0,0.141454,1.9463599999999999,TUR,HUN,521031
10115271,228,102,7257,2004,0.0,10901.0,0.8758040000000001,0.8195879999999999,UKR,HUN,521031
10115272,246,102,7257,2004,1434.0,0.0,0.460279,1.9736220000000002,ZAF,HUN,521031
10115273,249,102,7257,2004,5445.0,0.0,1.626307,1.358315,TWN,HUN,521031
10115274,103,107,7257,2004,12268.0,0.0,-0.223644,1.719065,IDN,IRN,521031
10115275,114,107,7257,2004,129692.0,0.0,2.526624,0.452054,JPN,IRN,521031
10115276,168,107,7257,2004,561817.0,0.0,-0.754143,0.25995100000000004,PAK,IRN,521031
10115277,177,107,7257,2004,0.0,1793.0,1.019341,1.519452,POL,IRN,521031
10115278,224,107,7257,2004,33237.0,0.0,0.141454,1.9463599999999999,TUR,IRN,521031
10115279,43,113,7257,2004,129017.0,0.0,0.581548,2.8689880000000003,CHN,JOR,521031
10115280,61,113,7257,2004,108937.0,0.0,2.266076,-2.011139,DEU,JOR,521031
10115281,71,113,7257,2004,1040.0,0.0,0.9784649999999999,2.051216,ESP,JOR,521031
10115282,97,113,7257,2004,50193.0,0.0,0.604825,2.098745,HKG,JOR,521031
10115283,114,113,7257,2004,7704.0,0.0,2.526624,0.452054,JPN,JOR,521031
10115284,121,113,7257,2004,19599.0,0.0,1.3624690000000002,0.928342,KOR,JOR,521031
10115285,168,113,7257,2004,262022.0,0.0,-0.754143,0.25995100000000004,PAK,JOR,521031
10115286,216,113,7257,2004,12378.0,0.0,0.5150359999999999,1.583019,THA,JOR,521031
10115287,186,115,7257,2004,3254.0,0.0,0.8952399999999999,0.172896,RUS,KAZ,521031
10115288,249,115,7257,2004,886.0,0.0,1.626307,1.358315,TWN,KAZ,521031
10115289,43,116,7257,2004,123726.0,0.0,0.581548,2.8689880000000003,CHN,KEN,521031
10115290,97,116,7257,2004,50583.0,1334.0,0.604825,2.098745,HKG,KEN,521031
10115291,152,116,7257,2004,0.0,13131.0,-1.592983,-1.252423,MWI,KEN,521031
10115292,162,116,7257,2004,12701.0,0.0,1.251808,1.586526,NLD,KEN,521031
10115293,168,116,7257,2004,268381.0,0.0,-0.754143,0.25995100000000004,PAK,KEN,521031
10115294,216,116,7257,2004,2895.0,0.0,0.5150359999999999,1.583019,THA,KEN,521031
10115295,226,116,7257,2004,77811.0,0.0,-1.022658,-0.007045999999999999,TZA,KEN,521031
10115296,248,116,7257,2004,0.0,29355.0,-0.560593,-0.091112,ZWE,KEN,521031
10115297,249,116,7257,2004,1995.0,0.0,1.626307,1.358315,TWN,KEN,521031
10115298,228,117,7257,2004,0.0,882.0,0.8758040000000001,0.8195879999999999,UKR,KGZ,521031
10115299,43,122,7257,2004,70204.0,0.0,0.581548,2.8689880000000003,CHN,KWT,521031
10115300,61,122,7257,2004,2946.0,0.0,2.266076,-2.011139,DEU,KWT,521031
10115301,81,122,7257,2004,39192.0,0.0,1.843506,0.684779,GBR,KWT,521031
10115302,97,122,7257,2004,1341.0,0.0,0.604825,2.098745,HKG,KWT,521031
10115303,104,122,7257,2004,19096.0,0.0,0.233348,2.790987,IND,KWT,521031
10115304,114,122,7257,2004,27965.0,0.0,2.526624,0.452054,JPN,KWT,521031
10115305,168,122,7257,2004,129532.0,0.0,-0.754143,0.25995100000000004,PAK,KWT,521031
10115306,43,124,7257,2004,31734.0,0.0,0.581548,2.8689880000000003,CHN,LBN,521031
10115307,58,124,7257,2004,183380.0,0.0,0.533521,0.615939,CYP,LBN,521031
10115308,61,124,7257,2004,5812.0,0.0,2.266076,-2.011139,DEU,LBN,521031
10115309,71,124,7257,2004,5219.0,0.0,0.9784649999999999,2.051216,ESP,LBN,521031
10115310,77,124,7257,2004,6036.0,0.0,1.6003530000000001,0.643945,FRA,LBN,521031
10115311,81,124,7257,2004,2931.0,0.0,1.843506,0.684779,GBR,LBN,521031
10115312,103,124,7257,2004,74817.0,0.0,-0.223644,1.719065,IDN,LBN,521031
10115313,104,124,7257,2004,4118.0,0.0,0.233348,2.790987,IND,LBN,521031
10115314,111,124,7257,2004,41620.0,0.0,1.358057,1.11533,ITA,LBN,521031
10115315,153,124,7257,2004,1978.0,0.0,0.6710050000000001,0.17807,MYS,LBN,521031
10115316,168,124,7257,2004,309044.0,0.0,-0.754143,0.25995100000000004,PAK,LBN,521031
10115317,216,124,7257,2004,25134.0,0.0,0.5150359999999999,1.583019,THA,LBN,521031
10115318,224,124,7257,2004,8009.0,0.0,0.141454,1.9463599999999999,TUR,LBN,521031
10115319,231,124,7257,2004,18733.0,0.0,1.7598630000000002,0.066704,USA,LBN,521031
10115320,249,124,7257,2004,7638.0,0.0,1.626307,1.358315,TWN,LBN,521031
10115321,18,130,7257,2004,27893.0,11973.0,1.350911,1.408209,BEL,LTU,521031
10115322,28,130,7257,2004,0.0,2945.0,0.8553139999999999,0.703926,BLR,LTU,521031
10115323,43,130,7257,2004,13578.0,0.0,0.581548,2.8689880000000003,CHN,LTU,521031
10115324,61,130,7257,2004,274242.0,2002.0,2.266076,-2.011139,DEU,LTU,521031
10115325,64,130,7257,2004,102937.0,3660.0,1.328968,1.262743,DNK,LTU,521031
10115326,71,130,7257,2004,169298.0,23888.0,0.9784649999999999,2.051216,ESP,LTU,521031
10115327,72,130,7257,2004,34406.0,23165.0,0.6101840000000001,0.9520370000000001,EST,LTU,521031
10115328,74,130,7257,2004,2354.0,1850.0,2.000218,0.9867309999999999,FIN,LTU,521031
10115329,77,130,7257,2004,98664.0,2301.0,1.6003530000000001,0.643945,FRA,LTU,521031
10115330,81,130,7257,2004,7340.0,0.0,1.843506,0.684779,GBR,LTU,521031
10115331,111,130,7257,2004,24746.0,38593.0,1.358057,1.11533,ITA,LTU,521031
10115332,132,130,7257,2004,35634.0,1704.0,0.413821,0.627853,LVA,LTU,521031
10115333,153,130,7257,2004,11758.0,0.0,0.6710050000000001,0.17807,MYS,LTU,521031
10115334,162,130,7257,2004,133945.0,3225.0,1.251808,1.586526,NLD,LTU,521031
10115335,168,130,7257,2004,521457.0,0.0,-0.754143,0.25995100000000004,PAK,LTU,521031
10115336,177,130,7257,2004,61708.0,0.0,1.019341,1.519452,POL,LTU,521031
10115337,186,130,7257,2004,0.0,69491.0,0.8952399999999999,0.172896,RUS,LTU,521031
10115338,208,130,7257,2004,115688.0,2975.0,2.0522080000000003,0.8326969999999999,SWE,LTU,521031
10115339,224,130,7257,2004,73173.0,0.0,0.141454,1.9463599999999999,TUR,LTU,521031
10115340,249,130,7257,2004,2372.0,0.0,1.626307,1.358315,TWN,LTU,521031
10115341,18,132,7257,2004,6918.0,0.0,1.350911,1.408209,BEL,LVA,521031
10115342,28,132,7257,2004,0.0,1387.0,0.8553139999999999,0.703926,BLR,LVA,521031
10115343,43,132,7257,2004,1608.0,0.0,0.581548,2.8689880000000003,CHN,LVA,521031
10115344,61,132,7257,2004,236587.0,0.0,2.266076,-2.011139,DEU,LVA,521031
10115345,64,132,7257,2004,6182.0,0.0,1.328968,1.262743,DNK,LVA,521031
10115346,71,132,7257,2004,12748.0,0.0,0.9784649999999999,2.051216,ESP,LVA,521031
10115347,72,132,7257,2004,5244.0,19011.0,0.6101840000000001,0.9520370000000001,EST,LVA,521031
10115348,74,132,7257,2004,13640.0,27704.0,2.000218,0.9867309999999999,FIN,LVA,521031
10115349,77,132,7257,2004,25149.0,126302.0,1.6003530000000001,0.643945,FRA,LVA,521031
10115350,97,132,7257,2004,1148.0,0.0,0.604825,2.098745,HKG,LVA,521031
10115351,106,132,7257,2004,20087.0,0.0,1.501859,0.14456,IRL,LVA,521031
10115352,111,132,7257,2004,228095.0,0.0,1.358057,1.11533,ITA,LVA,521031
10115353,121,132,7257,2004,17692.0,0.0,1.3624690000000002,0.928342,KOR,LVA,521031
10115354,130,132,7257,2004,1704.0,35634.0,0.403568,0.632707,LTU,LVA,521031
10115355,162,132,7257,2004,18247.0,0.0,1.251808,1.586526,NLD,LVA,521031
10115356,177,132,7257,2004,32870.0,1586.0,1.019341,1.519452,POL,LVA,521031
10115357,208,132,7257,2004,69037.0,5701.0,2.0522080000000003,0.8326969999999999,SWE,LVA,521031
10115358,228,132,7257,2004,0.0,7539.0,0.8758040000000001,0.8195879999999999,UKR,LVA,521031
10115359,168,147,7257,2004,97703.0,0.0,-0.754143,0.25995100000000004,PAK,MOZ,521031
10115360,59,163,7257,2004,2766.0,0.0,1.562625,0.865244,CZE,NOR,521031
10115361,61,163,7257,2004,20564.0,0.0,2.266076,-2.011139,DEU,NOR,521031
10115362,64,163,7257,2004,24552.0,7794.0,1.328968,1.262743,DNK,NOR,521031
10115363,71,163,7257,2004,21384.0,16925.0,0.9784649999999999,2.051216,ESP,NOR,521031
10115364,77,163,7257,2004,4652.0,3529.0,1.6003530000000001,0.643945,FRA,NOR,521031
10115365,81,163,7257,2004,12927.0,0.0,1.843506,0.684779,GBR,NOR,521031
10115366,97,163,7257,2004,0.0,3311.0,0.604825,2.098745,HKG,NOR,521031
10115367,111,163,7257,2004,3651.0,0.0,1.358057,1.11533,ITA,NOR,521031
10115368,162,163,7257,2004,7990.0,0.0,1.251808,1.586526,NLD,NOR,521031
10115369,168,163,7257,2004,232501.0,0.0,-0.754143,0.25995100000000004,PAK,NOR,521031
10115370,179,163,7257,2004,5131.0,0.0,0.524524,1.901139,PRT,NOR,521031
10115371,208,163,7257,2004,5478.0,0.0,2.0522080000000003,0.8326969999999999,SWE,NOR,521031
10115372,216,163,7257,2004,6513.0,0.0,0.5150359999999999,1.583019,THA,NOR,521031
10115373,224,163,7257,2004,1435.0,0.0,0.141454,1.9463599999999999,TUR,NOR,521031
10115374,7,167,7257,2004,194352.0,0.0,0.1799,-0.34541900000000003,ARE,OMN,521031
10115375,43,167,7257,2004,37520.0,0.0,0.581548,2.8689880000000003,CHN,OMN,521031
10115376,104,167,7257,2004,4773.0,0.0,0.233348,2.790987,IND,OMN,521031
10115377,121,167,7257,2004,52031.0,0.0,1.3624690000000002,0.928342,KOR,OMN,521031
10115378,168,167,7257,2004,112811.0,0.0,-0.754143,0.25995100000000004,PAK,OMN,521031
10115379,7,168,7257,2004,0.0,7220378.0,0.1799,-0.34541900000000003,ARE,PAK,521031
10115380,8,168,7257,2004,0.0,996235.0,0.28128600000000004,0.64115,ARG,PAK,521031
10115381,14,168,7257,2004,0.0,302421.0,0.196641,0.8139460000000001,AUS,PAK,521031
10115382,18,168,7257,2004,0.0,545149.0,1.350911,1.408209,BEL,PAK,521031
10115383,19,168,7257,2004,0.0,309024.0,-1.299345,-0.9871260000000001,BEN,PAK,521031
10115384,22,168,7257,2004,0.0,1801400.0,-1.150444,-0.885333,BGD,PAK,521031
10115385,23,168,7257,2004,0.0,66185.0,0.35536,1.499182,BGR,PAK,521031
10115386,24,168,7257,2004,0.0,88977.0,0.045344999999999996,-1.001059,BHR,PAK,521031
10115387,25,168,7257,2004,0.0,141459.0,0.620432,-0.513724,BHS,PAK,521031
10115388,32,168,7257,2004,0.0,52891.0,0.540718,1.149065,BRA,PAK,521031
10115389,39,168,7257,2004,0.0,681537.0,0.9392739999999999,1.19228,CAN,PAK,521031
10115390,41,168,7257,2004,0.0,46207.0,2.151471,0.7196279999999999,CHE,PAK,521031
10115391,42,168,7257,2004,0.0,460337.0,-0.07869,-0.33641,CHL,PAK,521031
10115392,43,168,7257,2004,326278.0,275059.0,0.581548,2.8689880000000003,CHN,PAK,521031
10115393,45,168,7257,2004,0.0,81758.0,-1.604916,-1.217399,CMR,PAK,521031
10115394,49,168,7257,2004,0.0,402911.0,0.033128,0.47524799999999995,COL,PAK,521031
10115395,52,168,7257,2004,0.0,34150.0,-0.043266000000000006,-0.376239,CRI,PAK,521031
10115396,58,168,7257,2004,0.0,85836.0,0.533521,0.615939,CYP,PAK,521031
10115397,59,168,7257,2004,0.0,13059.0,1.562625,0.865244,CZE,PAK,521031
10115398,61,168,7257,2004,0.0,480403.0,2.266076,-2.011139,DEU,PAK,521031
10115399,64,168,7257,2004,0.0,16057.0,1.328968,1.262743,DNK,PAK,521031
10115400,65,168,7257,2004,0.0,151143.0,-0.510025,-0.328257,DOM,PAK,521031
10115401,66,168,7257,2004,0.0,186379.0,-0.725066,-1.163606,DZA,PAK,521031
10115402,67,168,7257,2004,0.0,84032.0,-1.149101,-1.013619,ECU,PAK,521031
10115403,68,168,7257,2004,0.0,560853.0,-0.300563,0.41834899999999997,EGY,PAK,521031
10115404,71,168,7257,2004,0.0,782644.0,0.9784649999999999,2.051216,ESP,PAK,521031
10115405,72,168,7257,2004,0.0,254301.0,0.6101840000000001,0.9520370000000001,EST,PAK,521031
10115406,74,168,7257,2004,0.0,323526.0,2.000218,0.9867309999999999,FIN,PAK,521031
10115407,75,168,7257,2004,0.0,11032.0,-0.8870969999999999,-0.287427,FJI,PAK,521031
10115408,77,168,7257,2004,0.0,176103.0,1.6003530000000001,0.643945,FRA,PAK,521031
10115409,81,168,7257,2004,16697.0,9600891.0,1.843506,0.684779,GBR,PAK,521031
10115410,90,168,7257,2004,0.0,1216637.0,0.348853,1.661656,GRC,PAK,521031
10115411,93,168,7257,2004,0.0,294193.0,-0.46136000000000005,0.148122,GTM,PAK,521031
10115412,96,168,7257,2004,0.0,25340.0,-1.046232,-0.985188,GUY,PAK,521031
10115413,97,168,7257,2004,34662.0,1064661.0,0.604825,2.098745,HKG,PAK,521031
10115414,99,168,7257,2004,0.0,493470.0,-0.75975,-0.548407,HND,PAK,521031
10115415,100,168,7257,2004,0.0,5503.0,0.6669970000000001,1.088043,HRV,PAK,521031
10115416,102,168,7257,2004,0.0,53664.0,1.207082,1.019714,HUN,PAK,521031
10115417,103,168,7257,2004,0.0,50311.0,-0.223644,1.719065,IDN,PAK,521031
10115418,104,168,7257,2004,0.0,76413.0,0.233348,2.790987,IND,PAK,521031
10115419,106,168,7257,2004,0.0,143924.0,1.501859,0.14456,IRL,PAK,521031
10115420,107,168,7257,2004,0.0,561817.0,-0.38210700000000003,-0.8408620000000001,IRN,PAK,521031
10115421,111,168,7257,2004,0.0,538522.0,1.358057,1.11533,ITA,PAK,521031
10115422,113,168,7257,2004,0.0,262022.0,0.152989,0.385845,JOR,PAK,521031
10115423,114,168,7257,2004,0.0,83129.0,2.526624,0.452054,JPN,PAK,521031
10115424,116,168,7257,2004,0.0,268381.0,-0.503694,0.410495,KEN,PAK,521031
10115425,118,168,7257,2004,0.0,141247.0,-1.4676209999999998,-1.1972639999999999,KHM,PAK,521031
10115426,121,168,7257,2004,53596.0,168611.0,1.3624690000000002,0.928342,KOR,PAK,521031
10115427,122,168,7257,2004,0.0,129532.0,-0.481908,-1.172081,KWT,PAK,521031
10115428,124,168,7257,2004,0.0,309044.0,0.32409899999999997,1.037024,LBN,PAK,521031
10115429,128,168,7257,2004,0.0,1054318.0,-0.658668,0.21912600000000002,LKA,PAK,521031
10115430,130,168,7257,2004,0.0,521457.0,0.403568,0.632707,LTU,PAK,521031
10115431,134,168,7257,2004,0.0,298841.0,-0.681556,-0.152372,MAR,PAK,521031
10115432,136,168,7257,2004,0.0,238332.0,-1.355542,-0.634409,MDG,PAK,521031
10115433,138,168,7257,2004,0.0,798440.0,0.868684,0.85506,MEX,PAK,521031
10115434,147,168,7257,2004,0.0,97703.0,-1.1010790000000001,-1.0942,MOZ,PAK,521031
10115435,148,168,7257,2004,0.0,81804.0,-1.6173959999999998,-1.2925719999999998,MRT,PAK,521031
10115436,151,168,7257,2004,0.0,316239.0,-0.374754,-0.288504,MUS,PAK,521031
10115437,153,168,7257,2004,0.0,307316.0,0.6710050000000001,0.17807,MYS,PAK,521031
10115438,156,168,7257,2004,0.0,2802.0,-0.49824700000000005,-0.8284239999999999,NCL,PAK,521031
10115439,157,168,7257,2004,0.0,1686545.0,-0.8203799999999999,-0.7488,NER,PAK,521031
10115440,159,168,7257,2004,0.0,2863996.0,-2.413432,-1.3033190000000001,NGA,PAK,521031
10115441,160,168,7257,2004,0.0,237361.0,-0.9789479999999999,-0.8374219999999999,NIC,PAK,521031
10115442,162,168,7257,2004,0.0,680849.0,1.251808,1.586526,NLD,PAK,521031
10115443,163,168,7257,2004,0.0,232501.0,1.10162,0.118709,NOR,PAK,521031
10115444,164,168,7257,2004,0.0,53901.0,-0.323954,0.5528,NPL,PAK,521031
10115445,166,168,7257,2004,0.0,192558.0,0.567392,0.965781,NZL,PAK,521031
10115446,167,168,7257,2004,0.0,112811.0,-0.62946,-1.108933,OMN,PAK,521031
10115447,169,168,7257,2004,0.0,417021.0,-0.011979,0.261315,PAN,PAK,521031
10115448,174,168,7257,2004,0.0,224758.0,-0.076709,-0.149006,PHL,PAK,521031
10115449,177,168,7257,2004,0.0,474867.0,1.019341,1.519452,POL,PAK,521031
10115450,179,168,7257,2004,0.0,406687.0,0.524524,1.901139,PRT,PAK,521031
10115451,180,168,7257,2004,0.0,24428.0,-0.64574,-0.978875,PRY,PAK,521031
10115452,183,168,7257,2004,0.0,110441.0,0.21713400000000002,-1.031806,QAT,PAK,521031
10115453,185,168,7257,2004,0.0,85289.0,0.37241599999999997,1.015865,ROU,PAK,521031
10115454,186,168,7257,2004,0.0,331250.0,0.8952399999999999,0.172896,RUS,PAK,521031
10115455,188,168,7257,2004,0.0,3858914.0,0.546196,-0.7014729999999999,SAU,PAK,521031
10115456,189,168,7257,2004,0.0,15105.0,0.628071,2.210424,SCG,PAK,521031
10115457,190,168,7257,2004,0.0,170816.0,-1.5346309999999999,-1.2599559999999999,SDN,PAK,521031
10115458,191,168,7257,2004,0.0,49204.0,-0.527127,-0.368631,SEN,PAK,521031
10115459,192,168,7257,2004,0.0,386473.0,1.6409779999999998,0.634947,SGP,PAK,521031
10115460,197,168,7257,2004,0.0,189320.0,-0.20529499999999998,0.1116,SLV,PAK,521031
10115461,206,168,7257,2004,0.0,16958.0,1.2375120000000002,0.8777889999999999,SVK,PAK,521031
10115462,207,168,7257,2004,0.0,4385.0,1.628643,1.02381,SVN,PAK,521031
10115463,208,168,7257,2004,0.0,983678.0,2.0522080000000003,0.8326969999999999,SWE,PAK,521031
10115464,212,168,7257,2004,0.0,78503.0,-0.568707,-0.034736,SYR,PAK,521031
10115465,216,168,7257,2004,0.0,24924.0,0.5150359999999999,1.583019,THA,PAK,521031
10115466,223,168,7257,2004,0.0,313605.0,-0.195751,0.335147,TUN,PAK,521031
10115467,224,168,7257,2004,0.0,1481153.0,0.141454,1.9463599999999999,TUR,PAK,521031
10115468,227,168,7257,2004,0.0,104964.0,-0.914733,-0.554346,UGA,PAK,521031
10115469,228,168,7257,2004,0.0,156135.0,0.8758040000000001,0.8195879999999999,UKR,PAK,521031
10115470,230,168,7257,2004,0.0,7736.0,0.151633,0.121776,URY,PAK,521031
10115471,231,168,7257,2004,5193.0,6790856.0,1.7598630000000002,0.066704,USA,PAK,521031
10115472,236,168,7257,2004,0.0,639774.0,0.048698000000000005,-0.899776,VEN,PAK,521031
10115473,239,168,7257,2004,0.0,45061.0,-0.5270560000000001,0.8910389999999999,VNM,PAK,521031
10115474,243,168,7257,2004,0.0,212167.0,-1.15115,-1.207897,YEM,PAK,521031
10115475,246,168,7257,2004,0.0,4119588.0,0.460279,1.9736220000000002,ZAF,PAK,521031
10115476,247,168,7257,2004,0.0,17924.0,-0.9972190000000001,-0.853986,ZMB,PAK,521031
10115477,248,168,7257,2004,0.0,23461.0,-0.560593,-0.091112,ZWE,PAK,521031
10115478,249,168,7257,2004,0.0,127391.0,1.626307,1.358315,TWN,PAK,521031
10115479,15,185,7257,2004,11564.0,3721.0,1.825391,0.40553,AUT,ROU,521031
10115480,18,185,7257,2004,376717.0,7029.0,1.350911,1.408209,BEL,ROU,521031
10115481,23,185,7257,2004,15112.0,0.0,0.35536,1.499182,BGR,ROU,521031
10115482,41,185,7257,2004,66085.0,0.0,2.151471,0.7196279999999999,CHE,ROU,521031
10115483,43,185,7257,2004,87166.0,0.0,0.581548,2.8689880000000003,CHN,ROU,521031
10115484,58,185,7257,2004,215435.0,0.0,0.533521,0.615939,CYP,ROU,521031
10115485,59,185,7257,2004,973.0,0.0,1.562625,0.865244,CZE,ROU,521031
10115486,61,185,7257,2004,4518734.0,38262.0,2.266076,-2.011139,DEU,ROU,521031
10115487,71,185,7257,2004,1253792.0,3354.0,0.9784649999999999,2.051216,ESP,ROU,521031
10115488,72,185,7257,2004,0.0,3769.0,0.6101840000000001,0.9520370000000001,EST,ROU,521031
10115489,74,185,7257,2004,1942.0,0.0,2.000218,0.9867309999999999,FIN,ROU,521031
10115490,77,185,7257,2004,884213.0,6334.0,1.6003530000000001,0.643945,FRA,ROU,521031
10115491,81,185,7257,2004,264971.0,35892.0,1.843506,0.684779,GBR,ROU,521031
10115492,90,185,7257,2004,76581.0,0.0,0.348853,1.661656,GRC,ROU,521031
10115493,97,185,7257,2004,1063.0,0.0,0.604825,2.098745,HKG,ROU,521031
10115494,102,185,7257,2004,164105.0,7639.0,1.207082,1.019714,HUN,ROU,521031
10115495,103,185,7257,2004,19012.0,0.0,-0.223644,1.719065,IDN,ROU,521031
10115496,110,185,7257,2004,0.0,5347.0,1.250393,0.8003979999999999,ISR,ROU,521031
10115497,111,185,7257,2004,3530808.0,7454.0,1.358057,1.11533,ITA,ROU,521031
10115498,114,185,7257,2004,23429.0,0.0,2.526624,0.452054,JPN,ROU,521031
10115499,121,185,7257,2004,29817.0,0.0,1.3624690000000002,0.928342,KOR,ROU,521031
10115500,162,185,7257,2004,289479.0,15253.0,1.251808,1.586526,NLD,ROU,521031
10115501,168,185,7257,2004,85289.0,0.0,-0.754143,0.25995100000000004,PAK,ROU,521031
10115502,177,185,7257,2004,1048.0,27155.0,1.019341,1.519452,POL,ROU,521031
10115503,179,185,7257,2004,6122.0,0.0,0.524524,1.901139,PRT,ROU,521031
10115504,189,185,7257,2004,1555.0,10079.0,0.628071,2.210424,SCG,ROU,521031
10115505,207,185,7257,2004,50492.0,0.0,1.628643,1.02381,SVN,ROU,521031
10115506,216,185,7257,2004,26582.0,0.0,0.5150359999999999,1.583019,THA,ROU,521031
10115507,224,185,7257,2004,1690595.0,20886.0,0.141454,1.9463599999999999,TUR,ROU,521031
10115508,228,185,7257,2004,5965.0,6229.0,0.8758040000000001,0.8195879999999999,UKR,ROU,521031
10115509,231,185,7257,2004,27565.0,0.0,1.7598630000000002,0.066704,USA,ROU,521031
10115510,249,185,7257,2004,60674.0,0.0,1.626307,1.358315,TWN,ROU,521031
10115511,250,185,7257,2004,1549.0,0.0,0.509382,-0.30904299999999996,ANS,ROU,521031
10115512,41,188,7257,2004,9280.0,0.0,2.151471,0.7196279999999999,CHE,SAU,521031
10115513,43,188,7257,2004,68735.0,0.0,0.581548,2.8689880000000003,CHN,SAU,521031
10115514,61,188,7257,2004,1833.0,0.0,2.266076,-2.011139,DEU,SAU,521031
10115515,81,188,7257,2004,2040.0,0.0,1.843506,0.684779,GBR,SAU,521031
10115516,104,188,7257,2004,36374.0,0.0,0.233348,2.790987,IND,SAU,521031
10115517,153,188,7257,2004,6165.0,0.0,0.6710050000000001,0.17807,MYS,SAU,521031
10115518,168,188,7257,2004,3858914.0,0.0,-0.754143,0.25995100000000004,PAK,SAU,521031
10115519,224,188,7257,2004,128688.0,0.0,0.141454,1.9463599999999999,TUR,SAU,521031
10115520,231,188,7257,2004,34050.0,0.0,1.7598630000000002,0.066704,USA,SAU,521031
10115521,18,189,7257,2004,0.0,3736.0,1.350911,1.408209,BEL,SCG,521031
10115522,23,189,7257,2004,3536.0,0.0,0.35536,1.499182,BGR,SCG,521031
10115523,32,189,7257,2004,9590.0,0.0,0.540718,1.149065,BRA,SCG,521031
10115524,43,189,7257,2004,74636.0,0.0,0.581548,2.8689880000000003,CHN,SCG,521031
10115525,59,189,7257,2004,4575.0,0.0,1.562625,0.865244,CZE,SCG,521031
10115526,61,189,7257,2004,176594.0,0.0,2.266076,-2.011139,DEU,SCG,521031
10115527,71,189,7257,2004,193682.0,0.0,0.9784649999999999,2.051216,ESP,SCG,521031
10115528,77,189,7257,2004,73034.0,0.0,1.6003530000000001,0.643945,FRA,SCG,521031
10115529,81,189,7257,2004,2833.0,0.0,1.843506,0.684779,GBR,SCG,521031
10115530,90,189,7257,2004,21293.0,0.0,0.348853,1.661656,GRC,SCG,521031
10115531,100,189,7257,2004,26920.0,0.0,0.6669970000000001,1.088043,HRV,SCG,521031
10115532,102,189,7257,2004,12215.0,0.0,1.207082,1.019714,HUN,SCG,521031
10115533,111,189,7257,2004,74848.0,0.0,1.358057,1.11533,ITA,SCG,521031
10115534,140,189,7257,2004,3087.0,0.0,-0.091013,0.190649,MKD,SCG,521031
10115535,162,189,7257,2004,135417.0,0.0,1.251808,1.586526,NLD,SCG,521031
10115536,168,189,7257,2004,15105.0,0.0,-0.754143,0.25995100000000004,PAK,SCG,521031
10115537,177,189,7257,2004,12209.0,0.0,1.019341,1.519452,POL,SCG,521031
10115538,185,189,7257,2004,10079.0,1555.0,0.37241599999999997,1.015865,ROU,SCG,521031
10115539,207,189,7257,2004,126748.0,0.0,1.628643,1.02381,SVN,SCG,521031
10115540,224,189,7257,2004,1915.0,0.0,0.141454,1.9463599999999999,TUR,SCG,521031
10115541,231,189,7257,2004,2411.0,0.0,1.7598630000000002,0.066704,USA,SCG,521031
10115542,250,189,7257,2004,6301.0,0.0,0.509382,-0.30904299999999996,ANS,SCG,521031
10115543,14,192,7257,2004,956.0,2960.0,0.196641,0.8139460000000001,AUS,SGP,521031
10115544,15,192,7257,2004,1377.0,0.0,1.825391,0.40553,AUT,SGP,521031
10115545,18,192,7257,2004,1733.0,0.0,1.350911,1.408209,BEL,SGP,521031
10115546,22,192,7257,2004,0.0,8945.0,-1.150444,-0.885333,BGD,SGP,521031
10115547,39,192,7257,2004,0.0,3846.0,0.9392739999999999,1.19228,CAN,SGP,521031
10115548,43,192,7257,2004,211836.0,147146.0,0.581548,2.8689880000000003,CHN,SGP,521031
10115549,61,192,7257,2004,61010.0,0.0,2.266076,-2.011139,DEU,SGP,521031
10115550,64,192,7257,2004,0.0,11942.0,1.328968,1.262743,DNK,SGP,521031
10115551,71,192,7257,2004,1303.0,0.0,0.9784649999999999,2.051216,ESP,SGP,521031
10115552,75,192,7257,2004,0.0,16966.0,-0.8870969999999999,-0.287427,FJI,SGP,521031
10115553,77,192,7257,2004,13308.0,0.0,1.6003530000000001,0.643945,FRA,SGP,521031
10115554,81,192,7257,2004,1228.0,0.0,1.843506,0.684779,GBR,SGP,521031
10115555,97,192,7257,2004,166003.0,559624.0,0.604825,2.098745,HKG,SGP,521031
10115556,102,192,7257,2004,0.0,60334.0,1.207082,1.019714,HUN,SGP,521031
10115557,103,192,7257,2004,213274.0,718443.0,-0.223644,1.719065,IDN,SGP,521031
10115558,104,192,7257,2004,0.0,19670.0,0.233348,2.790987,IND,SGP,521031
10115559,111,192,7257,2004,17976.0,0.0,1.358057,1.11533,ITA,SGP,521031
10115560,114,192,7257,2004,10096.0,42033.0,2.526624,0.452054,JPN,SGP,521031
10115561,118,192,7257,2004,0.0,218889.0,-1.4676209999999998,-1.1972639999999999,KHM,SGP,521031
10115562,121,192,7257,2004,112850.0,6986.0,1.3624690000000002,0.928342,KOR,SGP,521031
10115563,128,192,7257,2004,0.0,934290.0,-0.658668,0.21912600000000002,LKA,SGP,521031
10115564,133,192,7257,2004,0.0,9799.0,-0.351045,-0.487521,MAC,SGP,521031
10115565,137,192,7257,2004,0.0,7782.0,-0.34020700000000004,-0.817298,MDV,SGP,521031
10115566,143,192,7257,2004,0.0,36826.0,-1.400614,-0.947664,MMR,SGP,521031
10115567,153,192,7257,2004,2396541.0,52858.0,0.6710050000000001,0.17807,MYS,SGP,521031
10115568,166,192,7257,2004,0.0,8195.0,0.567392,0.965781,NZL,SGP,521031
10115569,168,192,7257,2004,386473.0,0.0,-0.754143,0.25995100000000004,PAK,SGP,521031
10115570,174,192,7257,2004,0.0,10115.0,-0.076709,-0.149006,PHL,SGP,521031
10115571,211,192,7257,2004,0.0,5736.0,-0.12954100000000002,-0.713507,SYC,SGP,521031
10115572,216,192,7257,2004,266115.0,1332929.0,0.5150359999999999,1.583019,THA,SGP,521031
10115573,239,192,7257,2004,0.0,1510716.0,-0.5270560000000001,0.8910389999999999,VNM,SGP,521031
10115574,246,192,7257,2004,0.0,36194.0,0.460279,1.9736220000000002,ZAF,SGP,521031
10115575,249,192,7257,2004,58022.0,106163.0,1.626307,1.358315,TWN,SGP,521031
10115576,15,206,7257,2004,156560.0,22467.0,1.825391,0.40553,AUT,SVK,521031
10115577,18,206,7257,2004,40610.0,3530.0,1.350911,1.408209,BEL,SVK,521031
10115578,41,206,7257,2004,15978.0,0.0,2.151471,0.7196279999999999,CHE,SVK,521031
10115579,43,206,7257,2004,36053.0,0.0,0.581548,2.8689880000000003,CHN,SVK,521031
10115580,59,206,7257,2004,139840.0,28090.0,1.562625,0.865244,CZE,SVK,521031
10115581,61,206,7257,2004,368188.0,5266.0,2.266076,-2.011139,DEU,SVK,521031
10115582,64,206,7257,2004,3541.0,1204.0,1.328968,1.262743,DNK,SVK,521031
10115583,71,206,7257,2004,108818.0,0.0,0.9784649999999999,2.051216,ESP,SVK,521031
10115584,77,206,7257,2004,20973.0,9200.0,1.6003530000000001,0.643945,FRA,SVK,521031
10115585,81,206,7257,2004,4092.0,0.0,1.843506,0.684779,GBR,SVK,521031
10115586,97,206,7257,2004,7163.0,0.0,0.604825,2.098745,HKG,SVK,521031
10115587,102,206,7257,2004,44069.0,0.0,1.207082,1.019714,HUN,SVK,521031
10115588,103,206,7257,2004,720.0,0.0,-0.223644,1.719065,IDN,SVK,521031
10115589,111,206,7257,2004,33120.0,0.0,1.358057,1.11533,ITA,SVK,521031
10115590,162,206,7257,2004,142999.0,18122.0,1.251808,1.586526,NLD,SVK,521031
10115591,168,206,7257,2004,16958.0,0.0,-0.754143,0.25995100000000004,PAK,SVK,521031
10115592,177,206,7257,2004,1459.0,0.0,1.019341,1.519452,POL,SVK,521031
10115593,179,206,7257,2004,7275.0,0.0,0.524524,1.901139,PRT,SVK,521031
10115594,208,206,7257,2004,24519.0,1430.0,2.0522080000000003,0.8326969999999999,SWE,SVK,521031
10115595,216,206,7257,2004,44216.0,0.0,0.5150359999999999,1.583019,THA,SVK,521031
10115596,224,206,7257,2004,27117.0,0.0,0.141454,1.9463599999999999,TUR,SVK,521031
10115597,228,206,7257,2004,0.0,14901.0,0.8758040000000001,0.8195879999999999,UKR,SVK,521031
10115598,249,206,7257,2004,6618.0,0.0,1.626307,1.358315,TWN,SVK,521031
10115599,250,206,7257,2004,63287.0,0.0,0.509382,-0.30904299999999996,ANS,SVK,521031
10115600,18,207,7257,2004,23893.0,0.0,1.350911,1.408209,BEL,SVN,521031
10115601,23,207,7257,2004,0.0,6029.0,0.35536,1.499182,BGR,SVN,521031
10115602,26,207,7257,2004,0.0,41385.0,0.385952,0.571774,BIH,SVN,521031
10115603,41,207,7257,2004,151499.0,0.0,2.151471,0.7196279999999999,CHE,SVN,521031
10115604,43,207,7257,2004,15566.0,0.0,0.581548,2.8689880000000003,CHN,SVN,521031
10115605,61,207,7257,2004,370734.0,6479.0,2.266076,-2.011139,DEU,SVN,521031
10115606,71,207,7257,2004,3250.0,0.0,0.9784649999999999,2.051216,ESP,SVN,521031
10115607,77,207,7257,2004,16239.0,0.0,1.6003530000000001,0.643945,FRA,SVN,521031
10115608,97,207,7257,2004,0.0,927.0,0.604825,2.098745,HKG,SVN,521031
10115609,100,207,7257,2004,0.0,250417.0,0.6669970000000001,1.088043,HRV,SVN,521031
10115610,102,207,7257,2004,12402.0,11831.0,1.207082,1.019714,HUN,SVN,521031
10115611,103,207,7257,2004,17084.0,0.0,-0.223644,1.719065,IDN,SVN,521031
10115612,111,207,7257,2004,40813.0,0.0,1.358057,1.11533,ITA,SVN,521031
10115613,121,207,7257,2004,7489.0,0.0,1.3624690000000002,0.928342,KOR,SVN,521031
10115614,140,207,7257,2004,0.0,21065.0,-0.091013,0.190649,MKD,SVN,521031
10115615,151,207,7257,2004,0.0,1597.0,-0.374754,-0.288504,MUS,SVN,521031
10115616,162,207,7257,2004,16853.0,0.0,1.251808,1.586526,NLD,SVN,521031
10115617,168,207,7257,2004,4385.0,0.0,-0.754143,0.25995100000000004,PAK,SVN,521031
10115618,177,207,7257,2004,0.0,10299.0,1.019341,1.519452,POL,SVN,521031
10115619,185,207,7257,2004,0.0,50492.0,0.37241599999999997,1.015865,ROU,SVN,521031
10115620,189,207,7257,2004,0.0,126748.0,0.628071,2.210424,SCG,SVN,521031
10115621,224,207,7257,2004,22002.0,0.0,0.141454,1.9463599999999999,TUR,SVN,521031
10115622,43,209,7257,2004,16019.0,0.0,0.581548,2.8689880000000003,CHN,SWZ,521031
10115623,246,209,7257,2004,12954.0,0.0,0.460279,1.9736220000000002,ZAF,SWZ,521031
10115624,18,223,7257,2004,214537.0,0.0,1.350911,1.408209,BEL,TUN,521031
10115625,43,223,7257,2004,70294.0,0.0,0.581548,2.8689880000000003,CHN,TUN,521031
10115626,58,223,7257,2004,23522.0,0.0,0.533521,0.615939,CYP,TUN,521031
10115627,61,223,7257,2004,445457.0,0.0,2.266076,-2.011139,DEU,TUN,521031
10115628,71,223,7257,2004,548139.0,28029.0,0.9784649999999999,2.051216,ESP,TUN,521031
10115629,77,223,7257,2004,2634374.0,28077.0,1.6003530000000001,0.643945,FRA,TUN,521031
10115630,81,223,7257,2004,5422.0,0.0,1.843506,0.684779,GBR,TUN,521031
10115631,111,223,7257,2004,1612525.0,424213.0,1.358057,1.11533,ITA,TUN,521031
10115632,162,223,7257,2004,150080.0,0.0,1.251808,1.586526,NLD,TUN,521031
10115633,168,223,7257,2004,313605.0,0.0,-0.754143,0.25995100000000004,PAK,TUN,521031
10115634,179,223,7257,2004,16409.0,0.0,0.524524,1.901139,PRT,TUN,521031
10115635,216,223,7257,2004,79966.0,0.0,0.5150359999999999,1.583019,THA,TUN,521031
10115636,224,223,7257,2004,92348.0,0.0,0.141454,1.9463599999999999,TUR,TUN,521031
10115637,249,223,7257,2004,158662.0,0.0,1.626307,1.358315,TWN,TUN,521031
10115638,14,224,7257,2004,0.0,93407.0,0.196641,0.8139460000000001,AUS,TUR,521031
10115639,15,224,7257,2004,0.0,17510.0,1.825391,0.40553,AUT,TUR,521031
10115640,16,224,7257,2004,0.0,2023330.0,-0.393221,-0.9494440000000001,AZE,TUR,521031
10115641,18,224,7257,2004,130644.0,195674.0,1.350911,1.408209,BEL,TUR,521031
10115642,23,224,7257,2004,26796.0,1019319.0,0.35536,1.499182,BGR,TUR,521031
10115643,26,224,7257,2004,0.0,6969.0,0.385952,0.571774,BIH,TUR,521031
10115644,28,224,7257,2004,0.0,37586.0,0.8553139999999999,0.703926,BLR,TUR,521031
10115645,39,224,7257,2004,0.0,62730.0,0.9392739999999999,1.19228,CAN,TUR,521031
10115646,43,224,7257,2004,234896.0,15285.0,0.581548,2.8689880000000003,CHN,TUR,521031
10115647,59,224,7257,2004,11423.0,4199.0,1.562625,0.865244,CZE,TUR,521031
10115648,61,224,7257,2004,2135625.0,643725.0,2.266076,-2.011139,DEU,TUR,521031
10115649,64,224,7257,2004,0.0,59554.0,1.328968,1.262743,DNK,TUR,521031
10115650,68,224,7257,2004,0.0,74348.0,-0.300563,0.41834899999999997,EGY,TUR,521031
10115651,71,224,7257,2004,122874.0,89874.0,0.9784649999999999,2.051216,ESP,TUR,521031
10115652,72,224,7257,2004,0.0,11538.0,0.6101840000000001,0.9520370000000001,EST,TUR,521031
10115653,77,224,7257,2004,488208.0,172700.0,1.6003530000000001,0.643945,FRA,TUR,521031
10115654,81,224,7257,2004,124420.0,451677.0,1.843506,0.684779,GBR,TUR,521031
10115655,90,224,7257,2004,4122.0,296398.0,0.348853,1.661656,GRC,TUR,521031
10115656,97,224,7257,2004,0.0,27614.0,0.604825,2.098745,HKG,TUR,521031
10115657,100,224,7257,2004,0.0,16403.0,0.6669970000000001,1.088043,HRV,TUR,521031
10115658,102,224,7257,2004,0.0,28995.0,1.207082,1.019714,HUN,TUR,521031
10115659,103,224,7257,2004,16857.0,0.0,-0.223644,1.719065,IDN,TUR,521031
10115660,104,224,7257,2004,2064.0,1557.0,0.233348,2.790987,IND,TUR,521031
10115661,106,224,7257,2004,0.0,36614.0,1.501859,0.14456,IRL,TUR,521031
10115662,107,224,7257,2004,0.0,33237.0,-0.38210700000000003,-0.8408620000000001,IRN,TUR,521031
10115663,110,224,7257,2004,0.0,80420.0,1.250393,0.8003979999999999,ISR,TUR,521031
10115664,111,224,7257,2004,860418.0,266704.0,1.358057,1.11533,ITA,TUR,521031
10115665,114,224,7257,2004,0.0,7802.0,2.526624,0.452054,JPN,TUR,521031
10115666,121,224,7257,2004,198995.0,0.0,1.3624690000000002,0.928342,KOR,TUR,521031
10115667,124,224,7257,2004,0.0,8009.0,0.32409899999999997,1.037024,LBN,TUR,521031
10115668,130,224,7257,2004,0.0,73173.0,0.403568,0.632707,LTU,TUR,521031
10115669,133,224,7257,2004,0.0,3024.0,-0.351045,-0.487521,MAC,TUR,521031
10115670,134,224,7257,2004,0.0,341821.0,-0.681556,-0.152372,MAR,TUR,521031
10115671,135,224,7257,2004,0.0,18163.0,-0.155523,-0.355142,MDA,TUR,521031
10115672,138,224,7257,2004,12075.0,35246.0,0.868684,0.85506,MEX,TUR,521031
10115673,140,224,7257,2004,0.0,29132.0,-0.091013,0.190649,MKD,TUR,521031
10115674,153,224,7257,2004,1259407.0,0.0,0.6710050000000001,0.17807,MYS,TUR,521031
10115675,162,224,7257,2004,1783888.0,463657.0,1.251808,1.586526,NLD,TUR,521031
10115676,163,224,7257,2004,0.0,1435.0,1.10162,0.118709,NOR,TUR,521031
10115677,168,224,7257,2004,1481153.0,0.0,-0.754143,0.25995100000000004,PAK,TUR,521031
10115678,174,224,7257,2004,0.0,90774.0,-0.076709,-0.149006,PHL,TUR,521031
10115679,177,224,7257,2004,0.0,369281.0,1.019341,1.519452,POL,TUR,521031
10115680,179,224,7257,2004,62827.0,50957.0,0.524524,1.901139,PRT,TUR,521031
10115681,185,224,7257,2004,20886.0,1690595.0,0.37241599999999997,1.015865,ROU,TUR,521031
10115682,186,224,7257,2004,0.0,466069.0,0.8952399999999999,0.172896,RUS,TUR,521031
10115683,188,224,7257,2004,0.0,128688.0,0.546196,-0.7014729999999999,SAU,TUR,521031
10115684,189,224,7257,2004,0.0,1915.0,0.628071,2.210424,SCG,TUR,521031
10115685,206,224,7257,2004,0.0,27117.0,1.2375120000000002,0.8777889999999999,SVK,TUR,521031
10115686,207,224,7257,2004,0.0,22002.0,1.628643,1.02381,SVN,TUR,521031
10115687,208,224,7257,2004,0.0,24442.0,2.0522080000000003,0.8326969999999999,SWE,TUR,521031
10115688,212,224,7257,2004,0.0,262391.0,-0.568707,-0.034736,SYR,TUR,521031
10115689,216,224,7257,2004,1122951.0,16613.0,0.5150359999999999,1.583019,THA,TUR,521031
10115690,223,224,7257,2004,0.0,92348.0,-0.195751,0.335147,TUN,TUR,521031
10115691,228,224,7257,2004,0.0,128838.0,0.8758040000000001,0.8195879999999999,UKR,TUR,521031
10115692,231,224,7257,2004,3790.0,346215.0,1.7598630000000002,0.066704,USA,TUR,521031
10115693,239,224,7257,2004,66293.0,0.0,-0.5270560000000001,0.8910389999999999,VNM,TUR,521031
10115694,246,224,7257,2004,0.0,9494.0,0.460279,1.9736220000000002,ZAF,TUR,521031
10115695,249,224,7257,2004,94828.0,4931.0,1.626307,1.358315,TWN,TUR,521031
10115696,250,224,7257,2004,1129645.0,3212756.0,0.509382,-0.30904299999999996,ANS,TUR,521031
10115697,15,228,7257,2004,6631.0,0.0,1.825391,0.40553,AUT,UKR,521031
10115698,18,228,7257,2004,29004.0,0.0,1.350911,1.408209,BEL,UKR,521031
10115699,43,228,7257,2004,18331.0,0.0,0.581548,2.8689880000000003,CHN,UKR,521031
10115700,59,228,7257,2004,4357.0,0.0,1.562625,0.865244,CZE,UKR,521031
10115701,61,228,7257,2004,1555250.0,0.0,2.266076,-2.011139,DEU,UKR,521031
10115702,64,228,7257,2004,52329.0,0.0,1.328968,1.262743,DNK,UKR,521031
10115703,71,228,7257,2004,9809.0,0.0,0.9784649999999999,2.051216,ESP,UKR,521031
10115704,74,228,7257,2004,51735.0,0.0,2.000218,0.9867309999999999,FIN,UKR,521031
10115705,77,228,7257,2004,299162.0,0.0,1.6003530000000001,0.643945,FRA,UKR,521031
10115706,81,228,7257,2004,16872.0,0.0,1.843506,0.684779,GBR,UKR,521031
10115707,102,228,7257,2004,10901.0,0.0,1.207082,1.019714,HUN,UKR,521031
10115708,103,228,7257,2004,11318.0,0.0,-0.223644,1.719065,IDN,UKR,521031
10115709,111,228,7257,2004,52015.0,0.0,1.358057,1.11533,ITA,UKR,521031
10115710,117,228,7257,2004,882.0,0.0,0.005121,0.176652,KGZ,UKR,521031
10115711,121,228,7257,2004,4137.0,0.0,1.3624690000000002,0.928342,KOR,UKR,521031
10115712,132,228,7257,2004,7539.0,0.0,0.413821,0.627853,LVA,UKR,521031
10115713,134,228,7257,2004,0.0,5357.0,-0.681556,-0.152372,MAR,UKR,521031
10115714,162,228,7257,2004,43002.0,0.0,1.251808,1.586526,NLD,UKR,521031
10115715,168,228,7257,2004,156135.0,0.0,-0.754143,0.25995100000000004,PAK,UKR,521031
10115716,177,228,7257,2004,21253.0,0.0,1.019341,1.519452,POL,UKR,521031
10115717,179,228,7257,2004,7620.0,0.0,0.524524,1.901139,PRT,UKR,521031
10115718,185,228,7257,2004,6229.0,5965.0,0.37241599999999997,1.015865,ROU,UKR,521031
10115719,186,228,7257,2004,0.0,2648.0,0.8952399999999999,0.172896,RUS,UKR,521031
10115720,206,228,7257,2004,14901.0,0.0,1.2375120000000002,0.8777889999999999,SVK,UKR,521031
10115721,208,228,7257,2004,1814.0,0.0,2.0522080000000003,0.8326969999999999,SWE,UKR,521031
10115722,216,228,7257,2004,154239.0,0.0,0.5150359999999999,1.583019,THA,UKR,521031
10115723,224,228,7257,2004,128838.0,0.0,0.141454,1.9463599999999999,TUR,UKR,521031
10115724,104,19,7257,2004,109071.0,0.0,0.233348,2.790987,IND,BEN,521031
10115725,168,19,7257,2004,309024.0,0.0,-0.754143,0.25995100000000004,PAK,BEN,521031
10115726,8,42,7257,2004,15011.0,0.0,0.28128600000000004,0.64115,ARG,CHL,521031
10115727,32,42,7257,2004,21399.0,0.0,0.540718,1.149065,BRA,CHL,521031
10115728,43,42,7257,2004,38105.0,0.0,0.581548,2.8689880000000003,CHN,CHL,521031
10115729,49,42,7257,2004,0.0,1541.0,0.033128,0.47524799999999995,COL,CHL,521031
10115730,67,42,7257,2004,0.0,7159.0,-1.149101,-1.013619,ECU,CHL,521031
10115731,71,42,7257,2004,16137.0,0.0,0.9784649999999999,2.051216,ESP,CHL,521031
10115732,103,42,7257,2004,7017.0,0.0,-0.223644,1.719065,IDN,CHL,521031
10115733,111,42,7257,2004,13797.0,0.0,1.358057,1.11533,ITA,CHL,521031
10115734,121,42,7257,2004,1270.0,0.0,1.3624690000000002,0.928342,KOR,CHL,521031
10115735,138,42,7257,2004,0.0,30224.0,0.868684,0.85506,MEX,CHL,521031
10115736,162,42,7257,2004,26469.0,0.0,1.251808,1.586526,NLD,CHL,521031
10115737,168,42,7257,2004,460337.0,0.0,-0.754143,0.25995100000000004,PAK,CHL,521031
10115738,173,42,7257,2004,5089.0,4270.0,-0.564244,0.131232,PER,CHL,521031
10115739,230,42,7257,2004,0.0,2493.0,0.151633,0.121776,URY,CHL,521031
10115740,231,42,7257,2004,28890.0,2529.0,1.7598630000000002,0.066704,USA,CHL,521031
10115741,249,42,7257,2004,24302.0,0.0,1.626307,1.358315,TWN,CHL,521031
10115742,71,44,7257,2004,4324.0,0.0,0.9784649999999999,2.051216,ESP,CIV,521031
10115743,104,44,7257,2004,3950.0,0.0,0.233348,2.790987,IND,CIV,521031
10115744,97,45,7257,2004,13283.0,0.0,0.604825,2.098745,HKG,CMR,521031
10115745,168,45,7257,2004,81758.0,0.0,-0.754143,0.25995100000000004,PAK,CMR,521031
10115746,7,58,7257,2004,1608.0,18087.0,0.1799,-0.34541900000000003,ARE,CYP,521031
10115747,43,58,7257,2004,45911.0,0.0,0.581548,2.8689880000000003,CHN,CYP,521031
10115748,61,58,7257,2004,81287.0,0.0,2.266076,-2.011139,DEU,CYP,521031
10115749,68,58,7257,2004,6793.0,16474.0,-0.300563,0.41834899999999997,EGY,CYP,521031
10115750,71,58,7257,2004,25767.0,0.0,0.9784649999999999,2.051216,ESP,CYP,521031
10115751,90,58,7257,2004,9874.0,26611.0,0.348853,1.661656,GRC,CYP,521031
10115752,103,58,7257,2004,8476.0,0.0,-0.223644,1.719065,IDN,CYP,521031
10115753,111,58,7257,2004,7128.0,0.0,1.358057,1.11533,ITA,CYP,521031
10115754,124,58,7257,2004,0.0,183380.0,0.32409899999999997,1.037024,LBN,CYP,521031
10115755,153,58,7257,2004,2420.0,0.0,0.6710050000000001,0.17807,MYS,CYP,521031
10115756,168,58,7257,2004,85836.0,0.0,-0.754143,0.25995100000000004,PAK,CYP,521031
10115757,177,58,7257,2004,0.0,64953.0,1.019341,1.519452,POL,CYP,521031
10115758,185,58,7257,2004,0.0,215435.0,0.37241599999999997,1.015865,ROU,CYP,521031
10115759,212,58,7257,2004,0.0,97272.0,-0.568707,-0.034736,SYR,CYP,521031
10115760,216,58,7257,2004,84921.0,0.0,0.5150359999999999,1.583019,THA,CYP,521031
10115761,223,58,7257,2004,0.0,23522.0,-0.195751,0.335147,TUN,CYP,521031
10115762,249,58,7257,2004,61514.0,0.0,1.626307,1.358315,TWN,CYP,521031
10115763,97,80,7257,2004,1798.0,0.0,0.604825,2.098745,HKG,GAB,521031
10115764,43,83,7257,2004,31810.0,0.0,0.581548,2.8689880000000003,CHN,GHA,521031
10115765,104,83,7257,2004,127917.0,0.0,0.233348,2.790987,IND,GHA,521031
10115766,121,83,7257,2004,10314.0,0.0,1.3624690000000002,0.928342,KOR,GHA,521031
10115767,43,133,7257,2004,105666.0,444225.0,0.581548,2.8689880000000003,CHN,MAC,521031
10115768,77,133,7257,2004,13770.0,0.0,1.6003530000000001,0.643945,FRA,MAC,521031
10115769,97,133,7257,2004,1640932.0,66489.0,0.604825,2.098745,HKG,MAC,521031
10115770,103,133,7257,2004,31471.0,11925.0,-0.223644,1.719065,IDN,MAC,521031
10115771,111,133,7257,2004,18260.0,0.0,1.358057,1.11533,ITA,MAC,521031
10115772,114,133,7257,2004,21877.0,0.0,2.526624,0.452054,JPN,MAC,521031
10115773,121,133,7257,2004,582989.0,3575.0,1.3624690000000002,0.928342,KOR,MAC,521031
10115774,153,133,7257,2004,4032.0,0.0,0.6710050000000001,0.17807,MYS,MAC,521031
10115775,192,133,7257,2004,9799.0,0.0,1.6409779999999998,0.634947,SGP,MAC,521031
10115776,224,133,7257,2004,3024.0,0.0,0.141454,1.9463599999999999,TUR,MAC,521031
10115777,231,133,7257,2004,25492.0,0.0,1.7598630000000002,0.066704,USA,MAC,521031
10115778,239,133,7257,2004,7142.0,167.0,-0.5270560000000001,0.8910389999999999,VNM,MAC,521031
10115779,249,133,7257,2004,71833.0,6119.0,1.626307,1.358315,TWN,MAC,521031
10115780,18,134,7257,2004,844680.0,0.0,1.350911,1.408209,BEL,MAR,521031
10115781,23,134,7257,2004,2867.0,0.0,0.35536,1.499182,BGR,MAR,521031
10115782,32,134,7257,2004,13790.0,0.0,0.540718,1.149065,BRA,MAR,521031
10115783,43,134,7257,2004,52030.0,0.0,0.581548,2.8689880000000003,CHN,MAR,521031
10115784,61,134,7257,2004,191214.0,0.0,2.266076,-2.011139,DEU,MAR,521031
10115785,71,134,7257,2004,3565364.0,8461.0,0.9784649999999999,2.051216,ESP,MAR,521031
10115786,74,134,7257,2004,12401.0,0.0,2.000218,0.9867309999999999,FIN,MAR,521031
10115787,77,134,7257,2004,5190278.0,32477.0,1.6003530000000001,0.643945,FRA,MAR,521031
10115788,81,134,7257,2004,60349.0,21096.0,1.843506,0.684779,GBR,MAR,521031
10115789,103,134,7257,2004,10669.0,0.0,-0.223644,1.719065,IDN,MAR,521031
10115790,104,134,7257,2004,9925.0,0.0,0.233348,2.790987,IND,MAR,521031
10115791,106,134,7257,2004,105625.0,0.0,1.501859,0.14456,IRL,MAR,521031
10115792,111,134,7257,2004,225310.0,0.0,1.358057,1.11533,ITA,MAR,521031
10115793,162,134,7257,2004,397076.0,84401.0,1.251808,1.586526,NLD,MAR,521031
10115794,168,134,7257,2004,298841.0,0.0,-0.754143,0.25995100000000004,PAK,MAR,521031
10115795,179,134,7257,2004,183304.0,0.0,0.524524,1.901139,PRT,MAR,521031
10115796,216,134,7257,2004,101395.0,0.0,0.5150359999999999,1.583019,THA,MAR,521031
10115797,224,134,7257,2004,341821.0,0.0,0.141454,1.9463599999999999,TUR,MAR,521031
10115798,228,134,7257,2004,5357.0,0.0,0.8758040000000001,0.8195879999999999,UKR,MAR,521031
10115799,249,134,7257,2004,7661.0,0.0,1.626307,1.358315,TWN,MAR,521031
10115800,250,134,7257,2004,39371.0,0.0,0.509382,-0.30904299999999996,ANS,MAR,521031
10115801,43,142,7257,2004,16845.0,0.0,0.581548,2.8689880000000003,CHN,MLT,521031
10115802,61,142,7257,2004,964.0,0.0,2.266076,-2.011139,DEU,MLT,521031
10115803,71,142,7257,2004,103004.0,0.0,0.9784649999999999,2.051216,ESP,MLT,521031
10115804,77,142,7257,2004,3678.0,0.0,1.6003530000000001,0.643945,FRA,MLT,521031
10115805,81,142,7257,2004,8698.0,0.0,1.843506,0.684779,GBR,MLT,521031
10115806,111,142,7257,2004,4808.0,0.0,1.358057,1.11533,ITA,MLT,521031
10115807,231,142,7257,2004,5810.0,0.0,1.7598630000000002,0.066704,USA,MLT,521031
10115808,104,148,7257,2004,331149.0,0.0,0.233348,2.790987,IND,MRT,521031
10115809,168,148,7257,2004,81804.0,0.0,-0.754143,0.25995100000000004,PAK,MRT,521031
10115810,191,148,7257,2004,1283.0,0.0,-0.527127,-0.368631,SEN,MRT,521031
10115811,43,151,7257,2004,8890.0,0.0,0.581548,2.8689880000000003,CHN,MUS,521031
10115812,71,151,7257,2004,7337.0,0.0,0.9784649999999999,2.051216,ESP,MUS,521031
10115813,77,151,7257,2004,3493.0,0.0,1.6003530000000001,0.643945,FRA,MUS,521031
10115814,97,151,7257,2004,7875.0,0.0,0.604825,2.098745,HKG,MUS,521031
10115815,104,151,7257,2004,5478.0,1106.0,0.233348,2.790987,IND,MUS,521031
10115816,111,151,7257,2004,28427.0,4454.0,1.358057,1.11533,ITA,MUS,521031
10115817,136,151,7257,2004,0.0,139314.0,-1.355542,-0.634409,MDG,MUS,521031
10115818,153,151,7257,2004,1963.0,0.0,0.6710050000000001,0.17807,MYS,MUS,521031
10115819,162,151,7257,2004,52716.0,0.0,1.251808,1.586526,NLD,MUS,521031
10115820,168,151,7257,2004,316239.0,0.0,-0.754143,0.25995100000000004,PAK,MUS,521031
10115821,207,151,7257,2004,1597.0,0.0,1.628643,1.02381,SVN,MUS,521031
10115822,216,151,7257,2004,14695.0,0.0,0.5150359999999999,1.583019,THA,MUS,521031
10115823,246,151,7257,2004,5661.0,0.0,0.460279,1.9736220000000002,ZAF,MUS,521031
10115824,97,152,7257,2004,10242.0,0.0,0.604825,2.098745,HKG,MWI,521031
10115825,116,152,7257,2004,13131.0,0.0,-0.503694,0.410495,KEN,MWI,521031
10115826,246,155,7257,2004,18029.0,0.0,0.460279,1.9736220000000002,ZAF,NAM,521031
10115827,2,179,7257,2004,0.0,33802.0,-0.8513709999999999,-1.173397,AGO,PRT,521031
10115828,14,179,7257,2004,0.0,12002.0,0.196641,0.8139460000000001,AUS,PRT,521031
10115829,15,179,7257,2004,12087.0,1250.0,1.825391,0.40553,AUT,PRT,521031
10115830,18,179,7257,2004,58663.0,117966.0,1.350911,1.408209,BEL,PRT,521031
10115831,23,179,7257,2004,0.0,167506.0,0.35536,1.499182,BGR,PRT,521031
10115832,28,179,7257,2004,0.0,36918.0,0.8553139999999999,0.703926,BLR,PRT,521031
10115833,32,179,7257,2004,30122.0,8018.0,0.540718,1.149065,BRA,PRT,521031
10115834,39,179,7257,2004,0.0,1416.0,0.9392739999999999,1.19228,CAN,PRT,521031
10115835,41,179,7257,2004,3773.0,1666.0,2.151471,0.7196279999999999,CHE,PRT,521031
10115836,43,179,7257,2004,0.0,15351.0,0.581548,2.8689880000000003,CHN,PRT,521031
10115837,61,179,7257,2004,341179.0,558320.0,2.266076,-2.011139,DEU,PRT,521031
10115838,64,179,7257,2004,76472.0,6856.0,1.328968,1.262743,DNK,PRT,521031
10115839,71,179,7257,2004,2213984.0,1559232.0,0.9784649999999999,2.051216,ESP,PRT,521031
10115840,74,179,7257,2004,11024.0,0.0,2.000218,0.9867309999999999,FIN,PRT,521031
10115841,77,179,7257,2004,762976.0,541929.0,1.6003530000000001,0.643945,FRA,PRT,521031
10115842,81,179,7257,2004,37137.0,188920.0,1.843506,0.684779,GBR,PRT,521031
10115843,90,179,7257,2004,47944.0,0.0,0.348853,1.661656,GRC,PRT,521031
10115844,97,179,7257,2004,0.0,24755.0,0.604825,2.098745,HKG,PRT,521031
10115845,100,179,7257,2004,0.0,831.0,0.6669970000000001,1.088043,HRV,PRT,521031
10115846,103,179,7257,2004,13847.0,0.0,-0.223644,1.719065,IDN,PRT,521031
10115847,106,179,7257,2004,0.0,24516.0,1.501859,0.14456,IRL,PRT,521031
10115848,110,179,7257,2004,1491.0,0.0,1.250393,0.8003979999999999,ISR,PRT,521031
10115849,111,179,7257,2004,1085102.0,1205450.0,1.358057,1.11533,ITA,PRT,521031
10115850,114,179,7257,2004,0.0,68818.0,2.526624,0.452054,JPN,PRT,521031
10115851,121,179,7257,2004,0.0,2252.0,1.3624690000000002,0.928342,KOR,PRT,521031
10115852,134,179,7257,2004,0.0,183304.0,-0.681556,-0.152372,MAR,PRT,521031
10115853,153,179,7257,2004,6340.0,7455.0,0.6710050000000001,0.17807,MYS,PRT,521031
10115854,162,179,7257,2004,1219103.0,80547.0,1.251808,1.586526,NLD,PRT,521031
10115855,163,179,7257,2004,0.0,5131.0,1.10162,0.118709,NOR,PRT,521031
10115856,166,179,7257,2004,0.0,2573.0,0.567392,0.965781,NZL,PRT,521031
10115857,168,179,7257,2004,406687.0,0.0,-0.754143,0.25995100000000004,PAK,PRT,521031
10115858,177,179,7257,2004,0.0,24010.0,1.019341,1.519452,POL,PRT,521031
10115859,185,179,7257,2004,0.0,6122.0,0.37241599999999997,1.015865,ROU,PRT,521031
10115860,186,179,7257,2004,0.0,3523.0,0.8952399999999999,0.172896,RUS,PRT,521031
10115861,191,179,7257,2004,0.0,1015.0,-0.527127,-0.368631,SEN,PRT,521031
10115862,206,179,7257,2004,0.0,7275.0,1.2375120000000002,0.8777889999999999,SVK,PRT,521031
10115863,208,179,7257,2004,11798.0,12554.0,2.0522080000000003,0.8326969999999999,SWE,PRT,521031
10115864,216,179,7257,2004,22799.0,0.0,0.5150359999999999,1.583019,THA,PRT,521031
10115865,223,179,7257,2004,0.0,16409.0,-0.195751,0.335147,TUN,PRT,521031
10115866,224,179,7257,2004,50957.0,62827.0,0.141454,1.9463599999999999,TUR,PRT,521031
10115867,228,179,7257,2004,0.0,7620.0,0.8758040000000001,0.8195879999999999,UKR,PRT,521031
10115868,231,179,7257,2004,0.0,36403.0,1.7598630000000002,0.066704,USA,PRT,521031
10115869,168,183,7257,2004,110441.0,0.0,-0.754143,0.25995100000000004,PAK,QAT,521031
10115870,71,191,7257,2004,8655.0,0.0,0.9784649999999999,2.051216,ESP,SEN,521031
10115871,114,191,7257,2004,0.0,1740.0,2.526624,0.452054,JPN,SEN,521031
10115872,148,191,7257,2004,0.0,1283.0,-1.6173959999999998,-1.2925719999999998,MRT,SEN,521031
10115873,168,191,7257,2004,49204.0,0.0,-0.754143,0.25995100000000004,PAK,SEN,521031
10115874,179,191,7257,2004,1015.0,0.0,0.524524,1.901139,PRT,SEN,521031
10115875,43,212,7257,2004,31805.0,0.0,0.581548,2.8689880000000003,CHN,SYR,521031
10115876,58,212,7257,2004,97272.0,0.0,0.533521,0.615939,CYP,SYR,521031
10115877,77,212,7257,2004,208692.0,0.0,1.6003530000000001,0.643945,FRA,SYR,521031
10115878,97,212,7257,2004,1283.0,0.0,0.604825,2.098745,HKG,SYR,521031
10115879,103,212,7257,2004,20778.0,0.0,-0.223644,1.719065,IDN,SYR,521031
10115880,111,212,7257,2004,44931.0,0.0,1.358057,1.11533,ITA,SYR,521031
10115881,121,212,7257,2004,36380.0,0.0,1.3624690000000002,0.928342,KOR,SYR,521031
10115882,135,212,7257,2004,0.0,6941.0,-0.155523,-0.355142,MDA,SYR,521031
10115883,168,212,7257,2004,78503.0,0.0,-0.754143,0.25995100000000004,PAK,SYR,521031
10115884,186,212,7257,2004,0.0,1029.0,0.8952399999999999,0.172896,RUS,SYR,521031
10115885,216,212,7257,2004,119168.0,0.0,0.5150359999999999,1.583019,THA,SYR,521031
10115886,224,212,7257,2004,262391.0,0.0,0.141454,1.9463599999999999,TUR,SYR,521031
10115887,249,212,7257,2004,813.0,0.0,1.626307,1.358315,TWN,SYR,521031
10115888,104,226,7257,2004,1610.0,0.0,0.233348,2.790987,IND,TZA,521031
10115889,116,226,7257,2004,0.0,77811.0,-0.503694,0.410495,KEN,TZA,521031
10115890,168,227,7257,2004,104964.0,0.0,-0.754143,0.25995100000000004,PAK,UGA,521031
10115891,7,239,7257,2004,0.0,81545.0,0.1799,-0.34541900000000003,ARE,VNM,521031
10115892,14,239,7257,2004,0.0,23601.0,0.196641,0.8139460000000001,AUS,VNM,521031
10115893,15,239,7257,2004,10396.0,0.0,1.825391,0.40553,AUT,VNM,521031
10115894,18,239,7257,2004,10913.0,5518.0,1.350911,1.408209,BEL,VNM,521031
10115895,43,239,7257,2004,4142357.0,140177.0,0.581548,2.8689880000000003,CHN,VNM,521031
10115896,61,239,7257,2004,132295.0,0.0,2.266076,-2.011139,DEU,VNM,521031
10115897,77,239,7257,2004,41879.0,0.0,1.6003530000000001,0.643945,FRA,VNM,521031
10115898,90,239,7257,2004,0.0,81657.0,0.348853,1.661656,GRC,VNM,521031
10115899,97,239,7257,2004,384656.0,59557.0,0.604825,2.098745,HKG,VNM,521031
10115900,103,239,7257,2004,1223025.0,14813.0,-0.223644,1.719065,IDN,VNM,521031
10115901,104,239,7257,2004,4573.0,2283.0,0.233348,2.790987,IND,VNM,521031
10115902,111,239,7257,2004,1945.0,0.0,1.358057,1.11533,ITA,VNM,521031
10115903,114,239,7257,2004,543445.0,0.0,2.526624,0.452054,JPN,VNM,521031
10115904,118,239,7257,2004,0.0,31516.0,-1.4676209999999998,-1.1972639999999999,KHM,VNM,521031
10115905,121,239,7257,2004,8890106.0,209787.0,1.3624690000000002,0.928342,KOR,VNM,521031
10115906,128,239,7257,2004,0.0,51290.0,-0.658668,0.21912600000000002,LKA,VNM,521031
10115907,133,239,7257,2004,167.0,7142.0,-0.351045,-0.487521,MAC,VNM,521031
10115908,138,239,7257,2004,0.0,1631.0,0.868684,0.85506,MEX,VNM,521031
10115909,153,239,7257,2004,1231933.0,0.0,0.6710050000000001,0.17807,MYS,VNM,521031
10115910,166,239,7257,2004,0.0,5375.0,0.567392,0.965781,NZL,VNM,521031
10115911,168,239,7257,2004,45061.0,0.0,-0.754143,0.25995100000000004,PAK,VNM,521031
10115912,192,239,7257,2004,1510716.0,0.0,1.6409779999999998,0.634947,SGP,VNM,521031
10115913,216,239,7257,2004,791135.0,7469.0,0.5150359999999999,1.583019,THA,VNM,521031
10115914,224,239,7257,2004,0.0,66293.0,0.141454,1.9463599999999999,TUR,VNM,521031
10115915,231,239,7257,2004,0.0,1260.0,1.7598630000000002,0.066704,USA,VNM,521031
10115916,249,239,7257,2004,1084160.0,0.0,1.626307,1.358315,TWN,VNM,521031
10115917,104,247,7257,2004,1217.0,0.0,0.233348,2.790987,IND,ZMB,521031
10115918,168,247,7257,2004,17924.0,0.0,-0.754143,0.25995100000000004,PAK,ZMB,521031
10115919,97,248,7257,2004,2719.0,0.0,0.604825,2.098745,HKG,ZWE,521031
10115920,116,248,7257,2004,29355.0,0.0,-0.503694,0.410495,KEN,ZWE,521031
10115921,168,248,7257,2004,23461.0,0.0,-0.754143,0.25995100000000004,PAK,ZWE,521031
10115922,222,120,7257,2004,2259.0,0.0,0.00677,-0.965385,TTO,KNA,521031
10115923,222,127,7257,2004,1415.0,0.0,0.00677,-0.965385,TTO,LCA,521031
10115924,43,234,7257,2004,1354.0,0.0,0.581548,2.8689880000000003,CHN,VCT,521031
10115925,71,5,7257,2004,3905.0,0.0,0.9784649999999999,2.051216,ESP,AND,521031
10115926,111,5,7257,2004,1433.0,0.0,1.358057,1.11533,ITA,AND,521031
10115927,61,26,7257,2004,189173.0,0.0,2.266076,-2.011139,DEU,BIH,521031
10115928,77,26,7257,2004,17251.0,0.0,1.6003530000000001,0.643945,FRA,BIH,521031
10115929,100,26,7257,2004,9821.0,5914.0,0.6669970000000001,1.088043,HRV,BIH,521031
10115930,111,26,7257,2004,78060.0,0.0,1.358057,1.11533,ITA,BIH,521031
10115931,121,26,7257,2004,25821.0,0.0,1.3624690000000002,0.928342,KOR,BIH,521031
10115932,186,26,7257,2004,2155.0,0.0,0.8952399999999999,0.172896,RUS,BIH,521031
10115933,207,26,7257,2004,41385.0,0.0,1.628643,1.02381,SVN,BIH,521031
10115934,224,26,7257,2004,6969.0,0.0,0.141454,1.9463599999999999,TUR,BIH,521031
10115935,15,109,7257,2004,1007.0,0.0,1.825391,0.40553,AUT,ISL,521031
10115936,61,109,7257,2004,2722.0,0.0,2.266076,-2.011139,DEU,ISL,521031
10115937,162,109,7257,2004,1590.0,0.0,1.251808,1.586526,NLD,ISL,521031
10115938,208,109,7257,2004,1129.0,0.0,2.0522080000000003,0.8326969999999999,SWE,ISL,521031
10115939,18,135,7257,2004,80958.0,1049.0,1.350911,1.408209,BEL,MDA,521031
10115940,61,135,7257,2004,342544.0,7150.0,2.266076,-2.011139,DEU,MDA,521031
10115941,81,135,7257,2004,800.0,0.0,1.843506,0.684779,GBR,MDA,521031
10115942,111,135,7257,2004,43781.0,1297.0,1.358057,1.11533,ITA,MDA,521031
10115943,121,135,7257,2004,4781.0,0.0,1.3624690000000002,0.928342,KOR,MDA,521031
10115944,162,135,7257,2004,282104.0,0.0,1.251808,1.586526,NLD,MDA,521031
10115945,177,135,7257,2004,78714.0,0.0,1.019341,1.519452,POL,MDA,521031
10115946,186,135,7257,2004,4846.0,0.0,0.8952399999999999,0.172896,RUS,MDA,521031
10115947,212,135,7257,2004,6941.0,0.0,-0.568707,-0.034736,SYR,MDA,521031
10115948,224,135,7257,2004,18163.0,0.0,0.141454,1.9463599999999999,TUR,MDA,521031
10115949,18,140,7257,2004,90611.0,0.0,1.350911,1.408209,BEL,MKD,521031
10115950,23,140,7257,2004,7709.0,0.0,0.35536,1.499182,BGR,MKD,521031
10115951,41,140,7257,2004,9828.0,0.0,2.151471,0.7196279999999999,CHE,MKD,521031
10115952,43,140,7257,2004,2630.0,0.0,0.581548,2.8689880000000003,CHN,MKD,521031
10115953,61,140,7257,2004,2591126.0,6663.0,2.266076,-2.011139,DEU,MKD,521031
10115954,64,140,7257,2004,14574.0,0.0,1.328968,1.262743,DNK,MKD,521031
10115955,71,140,7257,2004,28353.0,3747.0,0.9784649999999999,2.051216,ESP,MKD,521031
10115956,77,140,7257,2004,53098.0,0.0,1.6003530000000001,0.643945,FRA,MKD,521031
10115957,90,140,7257,2004,1021245.0,0.0,0.348853,1.661656,GRC,MKD,521031
10115958,111,140,7257,2004,161270.0,0.0,1.358057,1.11533,ITA,MKD,521031
10115959,162,140,7257,2004,115196.0,0.0,1.251808,1.586526,NLD,MKD,521031
10115960,189,140,7257,2004,0.0,3087.0,0.628071,2.210424,SCG,MKD,521031
10115961,207,140,7257,2004,21065.0,0.0,1.628643,1.02381,SVN,MKD,521031
10115962,216,140,7257,2004,2059.0,0.0,0.5150359999999999,1.583019,THA,MKD,521031
10115963,224,140,7257,2004,29132.0,0.0,0.141454,1.9463599999999999,TUR,MKD,521031
10115964,249,140,7257,2004,609.0,0.0,1.626307,1.358315,TWN,MKD,521031
10115965,168,157,7257,2004,1686545.0,0.0,-0.754143,0.25995100000000004,PAK,NER,521031
10115966,23,178,7257,2004,0.0,17478.0,0.35536,1.499182,BGR,PRK,521031
10115967,43,178,7257,2004,70432.0,17112.0,0.581548,2.8689880000000003,CHN,PRK,521031
10115968,114,178,7257,2004,13171.0,0.0,2.526624,0.452054,JPN,PRK,521031
10115969,186,178,7257,2004,0.0,25349.0,0.8952399999999999,0.172896,RUS,PRK,521031
10115970,216,178,7257,2004,2708.0,26410.0,0.5150359999999999,1.583019,THA,PRK,521031
10115971,61,219,7257,2004,15113.0,0.0,2.266076,-2.011139,DEU,TKM,521031
10115972,43,4,7257,2004,5267.0,0.0,0.581548,2.8689880000000003,CHN,ALB,521031
10115973,61,4,7257,2004,170864.0,0.0,2.266076,-2.011139,DEU,ALB,521031
10115974,90,4,7257,2004,30064.0,0.0,0.348853,1.661656,GRC,ALB,521031
10115975,111,4,7257,2004,20816.0,0.0,1.358057,1.11533,ITA,ALB,521031
10115976,32,31,7257,2004,8995.0,0.0,0.540718,1.149065,BRA,BOL,521031
10115977,43,31,7257,2004,131995.0,0.0,0.581548,2.8689880000000003,CHN,BOL,521031
10115978,111,31,7257,2004,1596.0,0.0,1.358057,1.11533,ITA,BOL,521031
10115979,162,31,7257,2004,1637.0,0.0,1.251808,1.586526,NLD,BOL,521031
10115980,173,31,7257,2004,7964.0,0.0,-0.564244,0.131232,PER,BOL,521031
10115981,231,31,7257,2004,4769.0,0.0,1.7598630000000002,0.066704,USA,BOL,521031
10115982,43,66,7257,2004,45864.0,0.0,0.581548,2.8689880000000003,CHN,DZA,521031
10115983,61,66,7257,2004,2703.0,0.0,2.266076,-2.011139,DEU,DZA,521031
10115984,71,66,7257,2004,43176.0,0.0,0.9784649999999999,2.051216,ESP,DZA,521031
10115985,77,66,7257,2004,67303.0,0.0,1.6003530000000001,0.643945,FRA,DZA,521031
10115986,103,66,7257,2004,11983.0,0.0,-0.223644,1.719065,IDN,DZA,521031
10115987,168,66,7257,2004,186379.0,0.0,-0.754143,0.25995100000000004,PAK,DZA,521031
10115988,250,66,7257,2004,16654.0,0.0,0.509382,-0.30904299999999996,ANS,DZA,521031
10115989,61,159,7257,2004,1013.0,0.0,2.266076,-2.011139,DEU,NGA,521031
10115990,104,159,7257,2004,281750.0,0.0,0.233348,2.790987,IND,NGA,521031
10115991,168,159,7257,2004,2863996.0,0.0,-0.754143,0.25995100000000004,PAK,NGA,521031
10115992,162,0,7257,2004,1244.0,0.0,1.251808,1.586526,NLD,ABW,521031
10115993,222,0,7257,2004,2646.0,0.0,0.00677,-0.965385,TTO,ABW,521031
10115994,43,160,7257,2004,745721.0,0.0,0.581548,2.8689880000000003,CHN,NIC,521031
10115995,97,160,7257,2004,5968.0,0.0,0.604825,2.098745,HKG,NIC,521031
10115996,168,160,7257,2004,237361.0,0.0,-0.754143,0.25995100000000004,PAK,NIC,521031
10115997,249,160,7257,2004,16569.0,0.0,1.626307,1.358315,TWN,NIC,521031
10115998,166,176,7257,2004,898.0,0.0,0.567392,0.965781,NZL,PNG,521031
10115999,114,1,7257,2004,83824.0,0.0,2.526624,0.452054,JPN,AFG,521031
10116000,121,1,7257,2004,1634.0,0.0,1.3624690000000002,0.928342,KOR,AFG,521031
10116001,43,9,7257,2004,4878.0,0.0,0.581548,2.8689880000000003,CHN,ARM,521031
10116002,169,9,7257,2004,3208.0,4224.0,-0.011979,0.261315,PAN,ARM,521031
10116003,186,9,7257,2004,1190.0,0.0,0.8952399999999999,0.172896,RUS,ARM,521031
10116004,231,9,7257,2004,68284.0,108800.0,1.7598630000000002,0.066704,USA,ARM,521031
10116005,71,21,7257,2004,3863.0,0.0,0.9784649999999999,2.051216,ESP,BFA,521031
10116006,97,34,7257,2004,2708.0,0.0,0.604825,2.098745,HKG,BRN,521031
10116007,103,34,7257,2004,23545.0,0.0,-0.223644,1.719065,IDN,BRN,521031
10116008,18,47,7257,2004,1124.0,0.0,1.350911,1.408209,BEL,COG,521031
10116009,104,47,7257,2004,275677.0,0.0,0.233348,2.790987,IND,COG,521031
10116010,111,47,7257,2004,1024.0,0.0,1.358057,1.11533,ITA,COG,521031
10116011,104,62,7257,2004,16051.0,0.0,0.233348,2.790987,IND,DJI,521031
10116012,14,75,7257,2004,196495.0,0.0,0.196641,0.8139460000000001,AUS,FJI,521031
10116013,97,75,7257,2004,2098.0,0.0,0.604825,2.098745,HKG,FJI,521031
10116014,103,75,7257,2004,8663.0,0.0,-0.223644,1.719065,IDN,FJI,521031
10116015,121,75,7257,2004,46532.0,0.0,1.3624690000000002,0.928342,KOR,FJI,521031
10116016,166,75,7257,2004,4535.0,1432.0,0.567392,0.965781,NZL,FJI,521031
10116017,168,75,7257,2004,11032.0,0.0,-0.754143,0.25995100000000004,PAK,FJI,521031
10116018,192,75,7257,2004,16966.0,0.0,1.6409779999999998,0.634947,SGP,FJI,521031
10116019,216,75,7257,2004,972.0,0.0,0.5150359999999999,1.583019,THA,FJI,521031
10116020,43,118,7257,2004,2634640.0,0.0,0.581548,2.8689880000000003,CHN,KHM,521031
10116021,61,118,7257,2004,18453.0,0.0,2.266076,-2.011139,DEU,KHM,521031
10116022,97,118,7257,2004,603359.0,335.0,0.604825,2.098745,HKG,KHM,521031
10116023,103,118,7257,2004,113676.0,0.0,-0.223644,1.719065,IDN,KHM,521031
10116024,111,118,7257,2004,8440.0,0.0,1.358057,1.11533,ITA,KHM,521031
10116025,121,118,7257,2004,1075957.0,0.0,1.3624690000000002,0.928342,KOR,KHM,521031
10116026,153,118,7257,2004,89635.0,0.0,0.6710050000000001,0.17807,MYS,KHM,521031
10116027,168,118,7257,2004,141247.0,0.0,-0.754143,0.25995100000000004,PAK,KHM,521031
10116028,192,118,7257,2004,218889.0,0.0,1.6409779999999998,0.634947,SGP,KHM,521031
10116029,239,118,7257,2004,31516.0,0.0,-0.5270560000000001,0.8910389999999999,VNM,KHM,521031
10116030,249,118,7257,2004,471565.0,0.0,1.626307,1.358315,TWN,KHM,521031
10116031,61,125,7257,2004,8034.0,0.0,2.266076,-2.011139,DEU,LBR,521031
10116032,71,126,7257,2004,189000.0,0.0,0.9784649999999999,2.051216,ESP,LBY,521031
10116033,14,136,7257,2004,3770.0,0.0,0.196641,0.8139460000000001,AUS,MDG,521031
10116034,18,136,7257,2004,2726.0,0.0,1.350911,1.408209,BEL,MDG,521031
10116035,43,136,7257,2004,42150.0,0.0,0.581548,2.8689880000000003,CHN,MDG,521031
10116036,77,136,7257,2004,19813.0,0.0,1.6003530000000001,0.643945,FRA,MDG,521031
10116037,97,136,7257,2004,13517.0,0.0,0.604825,2.098745,HKG,MDG,521031
10116038,121,136,7257,2004,2526.0,0.0,1.3624690000000002,0.928342,KOR,MDG,521031
10116039,151,136,7257,2004,139314.0,0.0,-0.374754,-0.288504,MUS,MDG,521031
10116040,168,136,7257,2004,238332.0,0.0,-0.754143,0.25995100000000004,PAK,MDG,521031
10116041,249,136,7257,2004,28082.0,0.0,1.626307,1.358315,TWN,MDG,521031
10116042,250,136,7257,2004,19171.0,0.0,0.509382,-0.30904299999999996,ANS,MDG,521031
10116043,153,137,7257,2004,5019.0,0.0,0.6710050000000001,0.17807,MYS,MDV,521031
10116044,192,137,7257,2004,7782.0,0.0,1.6409779999999998,0.634947,SGP,MDV,521031
10116045,43,143,7257,2004,706028.0,0.0,0.581548,2.8689880000000003,CHN,MMR,521031
10116046,61,143,7257,2004,1009.0,0.0,2.266076,-2.011139,DEU,MMR,521031
10116047,97,143,7257,2004,201817.0,0.0,0.604825,2.098745,HKG,MMR,521031
10116048,103,143,7257,2004,325009.0,0.0,-0.223644,1.719065,IDN,MMR,521031
10116049,121,143,7257,2004,454909.0,0.0,1.3624690000000002,0.928342,KOR,MMR,521031
10116050,153,143,7257,2004,119697.0,0.0,0.6710050000000001,0.17807,MYS,MMR,521031
10116051,192,143,7257,2004,36826.0,0.0,1.6409779999999998,0.634947,SGP,MMR,521031
10116052,216,143,7257,2004,472256.0,0.0,0.5150359999999999,1.583019,THA,MMR,521031
10116053,249,143,7257,2004,63719.0,0.0,1.626307,1.358315,TWN,MMR,521031
10116054,43,145,7257,2004,59543.0,0.0,0.581548,2.8689880000000003,CHN,MNG,521031
10116055,97,145,7257,2004,115095.0,0.0,0.604825,2.098745,HKG,MNG,521031
10116056,43,164,7257,2004,8059.0,0.0,0.581548,2.8689880000000003,CHN,NPL,521031
10116057,104,164,7257,2004,94164.0,0.0,0.233348,2.790987,IND,NPL,521031
10116058,121,164,7257,2004,8262.0,0.0,1.3624690000000002,0.928342,KOR,NPL,521031
10116059,168,164,7257,2004,53901.0,0.0,-0.754143,0.25995100000000004,PAK,NPL,521031
10116060,249,164,7257,2004,3803.0,0.0,1.626307,1.358315,TWN,NPL,521031
10116061,162,182,7257,2004,2882.0,0.0,1.251808,1.586526,NLD,PYF,521031
10116062,166,182,7257,2004,1375.0,0.0,0.567392,0.965781,NZL,PYF,521031
10116063,231,182,7257,2004,1776.0,0.0,1.7598630000000002,0.066704,USA,PYF,521031
10116064,61,211,7257,2004,60425.0,0.0,2.266076,-2.011139,DEU,SYC,521031
10116065,192,211,7257,2004,5736.0,0.0,1.6409779999999998,0.634947,SGP,SYC,521031
10116066,104,215,7257,2004,60023.0,0.0,0.233348,2.790987,IND,TGO,521031
10116067,104,2,7257,2004,100849.0,0.0,0.233348,2.790987,IND,AGO,521031
10116068,179,2,7257,2004,33802.0,0.0,0.524524,1.901139,PRT,AGO,521031
10116069,61,156,7257,2004,874.0,0.0,2.266076,-2.011139,DEU,NCL,521031
10116070,77,156,7257,2004,1765.0,0.0,1.6003530000000001,0.643945,FRA,NCL,521031
10116071,168,156,7257,2004,2802.0,0.0,-0.754143,0.25995100000000004,PAK,NCL,521031
10116072,177,232,7257,2004,0.0,5814.0,1.019341,1.519452,POL,UZB,521031
10116073,43,250,7257,2004,0.0,72384.0,0.581548,2.8689880000000003,CHN,ANS,521031
10116074,61,250,7257,2004,5374.0,0.0,2.266076,-2.011139,DEU,ANS,521031
10116075,64,250,7257,2004,0.0,1955.0,1.328968,1.262743,DNK,ANS,521031
10116076,66,250,7257,2004,0.0,16654.0,-0.725066,-1.163606,DZA,ANS,521031
10116077,72,250,7257,2004,0.0,175608.0,0.6101840000000001,0.9520370000000001,EST,ANS,521031
10116078,104,250,7257,2004,90067.0,0.0,0.233348,2.790987,IND,ANS,521031
10116079,134,250,7257,2004,0.0,39371.0,-0.681556,-0.152372,MAR,ANS,521031
10116080,136,250,7257,2004,0.0,19171.0,-1.355542,-0.634409,MDG,ANS,521031
10116081,138,250,7257,2004,0.0,1975.0,0.868684,0.85506,MEX,ANS,521031
10116082,185,250,7257,2004,0.0,1549.0,0.37241599999999997,1.015865,ROU,ANS,521031
10116083,189,250,7257,2004,0.0,6301.0,0.628071,2.210424,SCG,ANS,521031
10116084,206,250,7257,2004,0.0,63287.0,1.2375120000000002,0.8777889999999999,SVK,ANS,521031
10116085,224,250,7257,2004,3212756.0,1129645.0,0.141454,1.9463599999999999,TUR,ANS,521031
10116086,166,242,7257,2004,19192.0,0.0,0.567392,0.965781,NZL,WSM,521031
10116087,166,10,7257,2004,7911.0,0.0,0.567392,0.965781,NZL,ASM,521031
10116088,153,123,7257,2004,3123.0,0.0,0.6710050000000001,0.17807,MYS,LAO,521031
10116089,216,123,7257,2004,27408.0,0.0,0.5150359999999999,1.583019,THA,LAO,521031
10116090,249,129,7257,2004,42811.0,0.0,1.626307,1.358315,TWN,LSO,521031
10116091,249,146,7257,2004,29576.0,0.0,1.626307,1.358315,TWN,MNP,521031
10116092,249,171,7257,2004,167382.0,0.0,1.626307,1.358315,TWN,PCN,521031
10116093,166,240,7257,2004,3376.0,0.0,0.567392,0.965781,NZL,VUT,521031
10116094,162,198,7257,2004,13685.0,0.0,1.251808,1.586526,NLD,SMR,521031
10116095,103,193,7257,2004,12770.0,0.0,-0.223644,1.719065,IDN,SGS,521031
10116096,32,8,7258,2004,50860.0,0.0,0.540718,1.149065,BRA,ARG,521032
10116097,71,8,7258,2004,4073.0,0.0,0.9784649999999999,2.051216,ESP,ARG,521032
10116098,77,8,7258,2004,12375.0,0.0,1.6003530000000001,0.643945,FRA,ARG,521032
10116099,103,8,7258,2004,7133.0,0.0,-0.223644,1.719065,IDN,ARG,521032
10116100,111,8,7258,2004,1376.0,0.0,1.358057,1.11533,ITA,ARG,521032
10116101,121,8,7258,2004,65690.0,0.0,1.3624690000000002,0.928342,KOR,ARG,521032
10116102,18,14,7258,2004,1880.0,0.0,1.350911,1.408209,BEL,AUS,521032
10116103,41,14,7258,2004,36795.0,0.0,2.151471,0.7196279999999999,CHE,AUS,521032
10116104,43,14,7258,2004,93582.0,0.0,0.581548,2.8689880000000003,CHN,AUS,521032
10116105,61,14,7258,2004,11734.0,0.0,2.266076,-2.011139,DEU,AUS,521032
10116106,71,14,7258,2004,3461.0,0.0,0.9784649999999999,2.051216,ESP,AUS,521032
10116107,77,14,7258,2004,92715.0,0.0,1.6003530000000001,0.643945,FRA,AUS,521032
10116108,97,14,7258,2004,28389.0,1522.0,0.604825,2.098745,HKG,AUS,521032
10116109,103,14,7258,2004,11051.0,0.0,-0.223644,1.719065,IDN,AUS,521032
10116110,111,14,7258,2004,22156.0,0.0,1.358057,1.11533,ITA,AUS,521032
10116111,114,14,7258,2004,92072.0,0.0,2.526624,0.452054,JPN,AUS,521032
10116112,121,14,7258,2004,204230.0,0.0,1.3624690000000002,0.928342,KOR,AUS,521032
10116113,162,14,7258,2004,32971.0,0.0,1.251808,1.586526,NLD,AUS,521032
10116114,166,14,7258,2004,27875.0,0.0,0.567392,0.965781,NZL,AUS,521032
10116115,231,14,7258,2004,3228.0,0.0,1.7598630000000002,0.066704,USA,AUS,521032
10116116,249,14,7258,2004,14295.0,0.0,1.626307,1.358315,TWN,AUS,521032
10116117,18,15,7258,2004,18666.0,0.0,1.350911,1.408209,BEL,AUT,521032
10116118,23,15,7258,2004,0.0,3350.0,0.35536,1.499182,BGR,AUT,521032
10116119,26,15,7258,2004,0.0,1929.0,0.385952,0.571774,BIH,AUT,521032
10116120,41,15,7258,2004,136031.0,128582.0,2.151471,0.7196279999999999,CHE,AUT,521032
10116121,61,15,7258,2004,348457.0,2921.0,2.266076,-2.011139,DEU,AUT,521032
10116122,71,15,7258,2004,1365.0,0.0,0.9784649999999999,2.051216,ESP,AUT,521032
10116123,77,15,7258,2004,18835.0,0.0,1.6003530000000001,0.643945,FRA,AUT,521032
10116124,97,15,7258,2004,0.0,8505.0,0.604825,2.098745,HKG,AUT,521032
10116125,100,15,7258,2004,0.0,13112.0,0.6669970000000001,1.088043,HRV,AUT,521032
10116126,102,15,7258,2004,0.0,73188.0,1.207082,1.019714,HUN,AUT,521032
10116127,111,15,7258,2004,114169.0,0.0,1.358057,1.11533,ITA,AUT,521032
10116128,114,15,7258,2004,0.0,4241.0,2.526624,0.452054,JPN,AUT,521032
10116129,121,15,7258,2004,6460.0,0.0,1.3624690000000002,0.928342,KOR,AUT,521032
10116130,162,15,7258,2004,2502.0,0.0,1.251808,1.586526,NLD,AUT,521032
10116131,168,15,7258,2004,0.0,12862.0,-0.754143,0.25995100000000004,PAK,AUT,521032
10116132,177,15,7258,2004,0.0,20240.0,1.019341,1.519452,POL,AUT,521032
10116133,185,15,7258,2004,0.0,22375.0,0.37241599999999997,1.015865,ROU,AUT,521032
10116134,206,15,7258,2004,0.0,28167.0,1.2375120000000002,0.8777889999999999,SVK,AUT,521032
10116135,207,15,7258,2004,1067.0,0.0,1.628643,1.02381,SVN,AUT,521032
10116136,208,15,7258,2004,0.0,1800.0,2.0522080000000003,0.8326969999999999,SWE,AUT,521032
10116137,249,15,7258,2004,0.0,1673.0,1.626307,1.358315,TWN,AUT,521032
10116138,14,18,7258,2004,0.0,1880.0,0.196641,0.8139460000000001,AUS,BEL,521032
10116139,15,18,7258,2004,0.0,18666.0,1.825391,0.40553,AUT,BEL,521032
10116140,23,18,7258,2004,0.0,95566.0,0.35536,1.499182,BGR,BEL,521032
10116141,28,18,7258,2004,0.0,18312.0,0.8553139999999999,0.703926,BLR,BEL,521032
10116142,41,18,7258,2004,0.0,1107.0,2.151471,0.7196279999999999,CHE,BEL,521032
10116143,59,18,7258,2004,0.0,2173.0,1.562625,0.865244,CZE,BEL,521032
10116144,61,18,7258,2004,17544.0,33366.0,2.266076,-2.011139,DEU,BEL,521032
10116145,64,18,7258,2004,0.0,37296.0,1.328968,1.262743,DNK,BEL,521032
10116146,71,18,7258,2004,113153.0,493858.0,0.9784649999999999,2.051216,ESP,BEL,521032
10116147,72,18,7258,2004,0.0,12914.0,0.6101840000000001,0.9520370000000001,EST,BEL,521032
10116148,74,18,7258,2004,0.0,116458.0,2.000218,0.9867309999999999,FIN,BEL,521032
10116149,77,18,7258,2004,616185.0,464820.0,1.6003530000000001,0.643945,FRA,BEL,521032
10116150,81,18,7258,2004,26570.0,5953.0,1.843506,0.684779,GBR,BEL,521032
10116151,100,18,7258,2004,0.0,7589.0,0.6669970000000001,1.088043,HRV,BEL,521032
10116152,102,18,7258,2004,8726.0,74887.0,1.207082,1.019714,HUN,BEL,521032
10116153,104,18,7258,2004,2431.0,0.0,0.233348,2.790987,IND,BEL,521032
10116154,111,18,7258,2004,145453.0,14831.0,1.358057,1.11533,ITA,BEL,521032
10116155,121,18,7258,2004,38249.0,2431.0,1.3624690000000002,0.928342,KOR,BEL,521032
10116156,130,18,7258,2004,0.0,17741.0,0.403568,0.632707,LTU,BEL,521032
10116157,132,18,7258,2004,0.0,20034.0,0.413821,0.627853,LVA,BEL,521032
10116158,134,18,7258,2004,0.0,83619.0,-0.681556,-0.152372,MAR,BEL,521032
10116159,140,18,7258,2004,0.0,2483.0,-0.091013,0.190649,MKD,BEL,521032
10116160,162,18,7258,2004,258250.0,176375.0,1.251808,1.586526,NLD,BEL,521032
10116161,166,18,7258,2004,0.0,2126.0,0.567392,0.965781,NZL,BEL,521032
10116162,177,18,7258,2004,5446.0,263285.0,1.019341,1.519452,POL,BEL,521032
10116163,179,18,7258,2004,0.0,15612.0,0.524524,1.901139,PRT,BEL,521032
10116164,185,18,7258,2004,0.0,86984.0,0.37241599999999997,1.015865,ROU,BEL,521032
10116165,189,18,7258,2004,1026.0,0.0,0.628071,2.210424,SCG,BEL,521032
10116166,206,18,7258,2004,0.0,3909.0,1.2375120000000002,0.8777889999999999,SVK,BEL,521032
10116167,208,18,7258,2004,0.0,20181.0,2.0522080000000003,0.8326969999999999,SWE,BEL,521032
10116168,216,18,7258,2004,0.0,10742.0,0.5150359999999999,1.583019,THA,BEL,521032
10116169,223,18,7258,2004,0.0,82616.0,-0.195751,0.335147,TUN,BEL,521032
10116170,224,18,7258,2004,39846.0,26254.0,0.141454,1.9463599999999999,TUR,BEL,521032
10116171,228,18,7258,2004,0.0,77287.0,0.8758040000000001,0.8195879999999999,UKR,BEL,521032
10116172,239,18,7258,2004,0.0,11151.0,-0.5270560000000001,0.8910389999999999,VNM,BEL,521032
10116173,8,32,7258,2004,0.0,50860.0,0.28128600000000004,0.64115,ARG,BRA,521032
10116174,31,32,7258,2004,0.0,5954.0,-0.9288489999999999,-0.929884,BOL,BRA,521032
10116175,42,32,7258,2004,0.0,38564.0,-0.07869,-0.33641,CHL,BRA,521032
10116176,49,32,7258,2004,0.0,16937.0,0.033128,0.47524799999999995,COL,BRA,521032
10116177,67,32,7258,2004,0.0,2219.0,-1.149101,-1.013619,ECU,BRA,521032
10116178,71,32,7258,2004,0.0,7898.0,0.9784649999999999,2.051216,ESP,BRA,521032
10116179,99,32,7258,2004,0.0,8350.0,-0.75975,-0.548407,HND,BRA,521032
10116180,111,32,7258,2004,2367.0,0.0,1.358057,1.11533,ITA,BRA,521032
10116181,121,32,7258,2004,20310.0,0.0,1.3624690000000002,0.928342,KOR,BRA,521032
10116182,138,32,7258,2004,0.0,53273.0,0.868684,0.85506,MEX,BRA,521032
10116183,179,32,7258,2004,0.0,33089.0,0.524524,1.901139,PRT,BRA,521032
10116184,224,32,7258,2004,0.0,18083.0,0.141454,1.9463599999999999,TUR,BRA,521032
10116185,230,32,7258,2004,0.0,34764.0,0.151633,0.121776,URY,BRA,521032
10116186,41,39,7258,2004,5249.0,0.0,2.151471,0.7196279999999999,CHE,CAN,521032
10116187,43,39,7258,2004,42492.0,0.0,0.581548,2.8689880000000003,CHN,CAN,521032
10116188,61,39,7258,2004,5799.0,0.0,2.266076,-2.011139,DEU,CAN,521032
10116189,71,39,7258,2004,5636.0,0.0,0.9784649999999999,2.051216,ESP,CAN,521032
10116190,77,39,7258,2004,1235.0,0.0,1.6003530000000001,0.643945,FRA,CAN,521032
10116191,103,39,7258,2004,6295.0,0.0,-0.223644,1.719065,IDN,CAN,521032
10116192,111,39,7258,2004,29270.0,0.0,1.358057,1.11533,ITA,CAN,521032
10116193,121,39,7258,2004,82226.0,0.0,1.3624690000000002,0.928342,KOR,CAN,521032
10116194,224,39,7258,2004,3029.0,0.0,0.141454,1.9463599999999999,TUR,CAN,521032
10116195,231,39,7258,2004,16469.0,8380.0,1.7598630000000002,0.066704,USA,CAN,521032
10116196,249,39,7258,2004,27955.0,0.0,1.626307,1.358315,TWN,CAN,521032
10116197,14,41,7258,2004,0.0,36795.0,0.196641,0.8139460000000001,AUS,CHE,521032
10116198,15,41,7258,2004,128582.0,136031.0,1.825391,0.40553,AUT,CHE,521032
10116199,18,41,7258,2004,1107.0,0.0,1.350911,1.408209,BEL,CHE,521032
10116200,23,41,7258,2004,0.0,81125.0,0.35536,1.499182,BGR,CHE,521032
10116201,39,41,7258,2004,0.0,5249.0,0.9392739999999999,1.19228,CAN,CHE,521032
10116202,43,41,7258,2004,334781.0,0.0,0.581548,2.8689880000000003,CHN,CHE,521032
10116203,61,41,7258,2004,31707.0,153398.0,2.266076,-2.011139,DEU,CHE,521032
10116204,71,41,7258,2004,44043.0,6104.0,0.9784649999999999,2.051216,ESP,CHE,521032
10116205,77,41,7258,2004,54901.0,0.0,1.6003530000000001,0.643945,FRA,CHE,521032
10116206,102,41,7258,2004,0.0,9602.0,1.207082,1.019714,HUN,CHE,521032
10116207,111,41,7258,2004,98384.0,1081.0,1.358057,1.11533,ITA,CHE,521032
10116208,114,41,7258,2004,2576.0,0.0,2.526624,0.452054,JPN,CHE,521032
10116209,121,41,7258,2004,4901.0,20057.0,1.3624690000000002,0.928342,KOR,CHE,521032
10116210,133,41,7258,2004,4838.0,3933.0,-0.351045,-0.487521,MAC,CHE,521032
10116211,162,41,7258,2004,11860.0,0.0,1.251808,1.586526,NLD,CHE,521032
10116212,179,41,7258,2004,0.0,17086.0,0.524524,1.901139,PRT,CHE,521032
10116213,185,41,7258,2004,2035.0,136690.0,0.37241599999999997,1.015865,ROU,CHE,521032
10116214,206,41,7258,2004,0.0,8275.0,1.2375120000000002,0.8777889999999999,SVK,CHE,521032
10116215,216,41,7258,2004,6965.0,0.0,0.5150359999999999,1.583019,THA,CHE,521032
10116216,7,43,7258,2004,0.0,35027.0,0.1799,-0.34541900000000003,ARE,CHN,521032
10116217,14,43,7258,2004,0.0,93582.0,0.196641,0.8139460000000001,AUS,CHN,521032
10116218,22,43,7258,2004,0.0,441182.0,-1.150444,-0.885333,BGD,CHN,521032
10116219,26,43,7258,2004,0.0,352.0,0.385952,0.571774,BIH,CHN,521032
10116220,39,43,7258,2004,0.0,42492.0,0.9392739999999999,1.19228,CAN,CHN,521032
10116221,41,43,7258,2004,0.0,334781.0,2.151471,0.7196279999999999,CHE,CHN,521032
10116222,42,43,7258,2004,0.0,25727.0,-0.07869,-0.33641,CHL,CHN,521032
10116223,49,43,7258,2004,0.0,6655.0,0.033128,0.47524799999999995,COL,CHN,521032
10116224,59,43,7258,2004,0.0,15911.0,1.562625,0.865244,CZE,CHN,521032
10116225,61,43,7258,2004,32373.0,0.0,2.266076,-2.011139,DEU,CHN,521032
10116226,64,43,7258,2004,0.0,2770.0,1.328968,1.262743,DNK,CHN,521032
10116227,68,43,7258,2004,0.0,5058.0,-0.300563,0.41834899999999997,EGY,CHN,521032
10116228,71,43,7258,2004,32884.0,0.0,0.9784649999999999,2.051216,ESP,CHN,521032
10116229,77,43,7258,2004,129509.0,2989.0,1.6003530000000001,0.643945,FRA,CHN,521032
10116230,97,43,7258,2004,1687206.0,3380211.0,0.604825,2.098745,HKG,CHN,521032
10116231,100,43,7258,2004,0.0,13359.0,0.6669970000000001,1.088043,HRV,CHN,521032
10116232,102,43,7258,2004,0.0,4752.0,1.207082,1.019714,HUN,CHN,521032
10116233,103,43,7258,2004,83340.0,1127893.0,-0.223644,1.719065,IDN,CHN,521032
10116234,104,43,7258,2004,0.0,156719.0,0.233348,2.790987,IND,CHN,521032
10116235,106,43,7258,2004,12730.0,0.0,1.501859,0.14456,IRL,CHN,521032
10116236,110,43,7258,2004,0.0,57555.0,1.250393,0.8003979999999999,ISR,CHN,521032
10116237,111,43,7258,2004,89188.0,52586.0,1.358057,1.11533,ITA,CHN,521032
10116238,114,43,7258,2004,9797100.0,20563.0,2.526624,0.452054,JPN,CHN,521032
10116239,118,43,7258,2004,0.0,620030.0,-1.4676209999999998,-1.1972639999999999,KHM,CHN,521032
10116240,121,43,7258,2004,9593673.0,73330.0,1.3624690000000002,0.928342,KOR,CHN,521032
10116241,128,43,7258,2004,0.0,21335.0,-0.658668,0.21912600000000002,LKA,CHN,521032
10116242,130,43,7258,2004,0.0,11892.0,0.403568,0.632707,LTU,CHN,521032
10116243,133,43,7258,2004,27326.0,595695.0,-0.351045,-0.487521,MAC,CHN,521032
10116244,134,43,7258,2004,0.0,94042.0,-0.681556,-0.152372,MAR,CHN,521032
10116245,138,43,7258,2004,0.0,11963.0,0.868684,0.85506,MEX,CHN,521032
10116246,145,43,7258,2004,0.0,469440.0,-1.030558,-1.03145,MNG,CHN,521032
10116247,152,43,7258,2004,0.0,329871.0,-1.592983,-1.252423,MWI,CHN,521032
10116248,160,43,7258,2004,0.0,80538.0,-0.9789479999999999,-0.8374219999999999,NIC,CHN,521032
10116249,162,43,7258,2004,8263.0,0.0,1.251808,1.586526,NLD,CHN,521032
10116250,163,43,7258,2004,0.0,1873.0,1.10162,0.118709,NOR,CHN,521032
10116251,166,43,7258,2004,0.0,13216.0,0.567392,0.965781,NZL,CHN,521032
10116252,168,43,7258,2004,0.0,14168.0,-0.754143,0.25995100000000004,PAK,CHN,521032
10116253,174,43,7258,2004,0.0,265064.0,-0.076709,-0.149006,PHL,CHN,521032
10116254,177,43,7258,2004,0.0,25259.0,1.019341,1.519452,POL,CHN,521032
10116255,179,43,7258,2004,14385.0,6739.0,0.524524,1.901139,PRT,CHN,521032
10116256,180,43,7258,2004,0.0,16810.0,-0.64574,-0.978875,PRY,CHN,521032
10116257,185,43,7258,2004,0.0,18679.0,0.37241599999999997,1.015865,ROU,CHN,521032
10116258,192,43,7258,2004,13618.0,1551.0,1.6409779999999998,0.634947,SGP,CHN,521032
10116259,209,43,7258,2004,0.0,24258.0,0.397488,-0.264855,SWZ,CHN,521032
10116260,216,43,7258,2004,1442135.0,113658.0,0.5150359999999999,1.583019,THA,CHN,521032
10116261,223,43,7258,2004,0.0,16544.0,-0.195751,0.335147,TUN,CHN,521032
10116262,224,43,7258,2004,39584.0,36871.0,0.141454,1.9463599999999999,TUR,CHN,521032
10116263,228,43,7258,2004,0.0,30836.0,0.8758040000000001,0.8195879999999999,UKR,CHN,521032
10116264,231,43,7258,2004,4942.0,74333.0,1.7598630000000002,0.066704,USA,CHN,521032
10116265,236,43,7258,2004,0.0,7586.0,0.048698000000000005,-0.899776,VEN,CHN,521032
10116266,239,43,7258,2004,199165.0,478030.0,-0.5270560000000001,0.8910389999999999,VNM,CHN,521032
10116267,246,43,7258,2004,0.0,40258.0,0.460279,1.9736220000000002,ZAF,CHN,521032
10116268,249,43,7258,2004,788203.0,0.0,1.626307,1.358315,TWN,CHN,521032
10116269,32,49,7258,2004,16937.0,0.0,0.540718,1.149065,BRA,COL,521032
10116270,43,49,7258,2004,6655.0,0.0,0.581548,2.8689880000000003,CHN,COL,521032
10116271,77,49,7258,2004,21788.0,0.0,1.6003530000000001,0.643945,FRA,COL,521032
10116272,111,49,7258,2004,4622.0,0.0,1.358057,1.11533,ITA,COL,521032
10116273,121,49,7258,2004,12148.0,0.0,1.3624690000000002,0.928342,KOR,COL,521032
10116274,162,49,7258,2004,4400.0,0.0,1.251808,1.586526,NLD,COL,521032
10116275,231,49,7258,2004,2096.0,0.0,1.7598630000000002,0.066704,USA,COL,521032
10116276,2,61,7258,2004,0.0,4025.0,-0.8513709999999999,-1.173397,AGO,DEU,521032
10116277,4,61,7258,2004,0.0,14024.0,-0.131892,0.14985199999999999,ALB,DEU,521032
10116278,14,61,7258,2004,0.0,11734.0,0.196641,0.8139460000000001,AUS,DEU,521032
10116279,15,61,7258,2004,2921.0,348457.0,1.825391,0.40553,AUT,DEU,521032
10116280,18,61,7258,2004,33366.0,17544.0,1.350911,1.408209,BEL,DEU,521032
10116281,23,61,7258,2004,29618.0,760220.0,0.35536,1.499182,BGR,DEU,521032
10116282,26,61,7258,2004,0.0,107147.0,0.385952,0.571774,BIH,DEU,521032
10116283,28,61,7258,2004,0.0,26256.0,0.8553139999999999,0.703926,BLR,DEU,521032
10116284,39,61,7258,2004,0.0,5799.0,0.9392739999999999,1.19228,CAN,DEU,521032
10116285,41,61,7258,2004,153398.0,31707.0,2.151471,0.7196279999999999,CHE,DEU,521032
10116286,43,61,7258,2004,0.0,32373.0,0.581548,2.8689880000000003,CHN,DEU,521032
10116287,59,61,7258,2004,40774.0,741282.0,1.562625,0.865244,CZE,DEU,521032
10116288,64,61,7258,2004,0.0,13779.0,1.328968,1.262743,DNK,DEU,521032
10116289,68,61,7258,2004,0.0,217882.0,-0.300563,0.41834899999999997,EGY,DEU,521032
10116290,71,61,7258,2004,890885.0,66962.0,0.9784649999999999,2.051216,ESP,DEU,521032
10116291,72,61,7258,2004,0.0,44678.0,0.6101840000000001,0.9520370000000001,EST,DEU,521032
10116292,74,61,7258,2004,33070.0,14709.0,2.000218,0.9867309999999999,FIN,DEU,521032
10116293,77,61,7258,2004,1504082.0,133200.0,1.6003530000000001,0.643945,FRA,DEU,521032
10116294,81,61,7258,2004,15082.0,24676.0,1.843506,0.684779,GBR,DEU,521032
10116295,90,61,7258,2004,0.0,17868.0,0.348853,1.661656,GRC,DEU,521032
10116296,97,61,7258,2004,2002.0,802314.0,0.604825,2.098745,HKG,DEU,521032
10116297,100,61,7258,2004,0.0,351839.0,0.6669970000000001,1.088043,HRV,DEU,521032
10116298,102,61,7258,2004,994.0,189761.0,1.207082,1.019714,HUN,DEU,521032
10116299,104,61,7258,2004,0.0,12267.0,0.233348,2.790987,IND,DEU,521032
10116300,106,61,7258,2004,0.0,969.0,1.501859,0.14456,IRL,DEU,521032
10116301,109,61,7258,2004,0.0,1933.0,0.298844,-0.36366,ISL,DEU,521032
10116302,110,61,7258,2004,0.0,5240.0,1.250393,0.8003979999999999,ISR,DEU,521032
10116303,111,61,7258,2004,2034982.0,1096787.0,1.358057,1.11533,ITA,DEU,521032
10116304,114,61,7258,2004,1877.0,56132.0,2.526624,0.452054,JPN,DEU,521032
10116305,121,61,7258,2004,189432.0,179090.0,1.3624690000000002,0.928342,KOR,DEU,521032
10116306,122,61,7258,2004,0.0,982.0,-0.481908,-1.172081,KWT,DEU,521032
10116307,130,61,7258,2004,951.0,560112.0,0.403568,0.632707,LTU,DEU,521032
10116308,131,61,7258,2004,0.0,6925.0,1.37529,1.0172649999999999,LUX,DEU,521032
10116309,132,61,7258,2004,0.0,26608.0,0.413821,0.627853,LVA,DEU,521032
10116310,134,61,7258,2004,0.0,279227.0,-0.681556,-0.152372,MAR,DEU,521032
10116311,135,61,7258,2004,0.0,116159.0,-0.155523,-0.355142,MDA,DEU,521032
10116312,138,61,7258,2004,0.0,2944.0,0.868684,0.85506,MEX,DEU,521032
10116313,140,61,7258,2004,0.0,367015.0,-0.091013,0.190649,MKD,DEU,521032
10116314,162,61,7258,2004,190889.0,125885.0,1.251808,1.586526,NLD,DEU,521032
10116315,163,61,7258,2004,0.0,9124.0,1.10162,0.118709,NOR,DEU,521032
10116316,166,61,7258,2004,0.0,10349.0,0.567392,0.965781,NZL,DEU,521032
10116317,177,61,7258,2004,20743.0,1372060.0,1.019341,1.519452,POL,DEU,521032
10116318,179,61,7258,2004,246657.0,369793.0,0.524524,1.901139,PRT,DEU,521032
10116319,185,61,7258,2004,10104.0,5106918.0,0.37241599999999997,1.015865,ROU,DEU,521032
10116320,186,61,7258,2004,0.0,148098.0,0.8952399999999999,0.172896,RUS,DEU,521032
10116321,189,61,7258,2004,0.0,443920.0,0.628071,2.210424,SCG,DEU,521032
10116322,192,61,7258,2004,0.0,4844.0,1.6409779999999998,0.634947,SGP,DEU,521032
10116323,206,61,7258,2004,35550.0,615893.0,1.2375120000000002,0.8777889999999999,SVK,DEU,521032
10116324,207,61,7258,2004,0.0,181960.0,1.628643,1.02381,SVN,DEU,521032
10116325,208,61,7258,2004,0.0,17772.0,2.0522080000000003,0.8326969999999999,SWE,DEU,521032
10116326,212,61,7258,2004,0.0,1683.0,-0.568707,-0.034736,SYR,DEU,521032
10116327,216,61,7258,2004,0.0,9442.0,0.5150359999999999,1.583019,THA,DEU,521032
10116328,223,61,7258,2004,0.0,519117.0,-0.195751,0.335147,TUN,DEU,521032
10116329,224,61,7258,2004,1962593.0,179754.0,0.141454,1.9463599999999999,TUR,DEU,521032
10116330,228,61,7258,2004,0.0,1151287.0,0.8758040000000001,0.8195879999999999,UKR,DEU,521032
10116331,230,61,7258,2004,0.0,4543.0,0.151633,0.121776,URY,DEU,521032
10116332,231,61,7258,2004,0.0,10714.0,1.7598630000000002,0.066704,USA,DEU,521032
10116333,239,61,7258,2004,0.0,183839.0,-0.5270560000000001,0.8910389999999999,VNM,DEU,521032
10116334,246,61,7258,2004,0.0,16118.0,0.460279,1.9736220000000002,ZAF,DEU,521032
10116335,249,61,7258,2004,0.0,6712.0,1.626307,1.358315,TWN,DEU,521032
10116336,250,61,7258,2004,0.0,3224.0,0.509382,-0.30904299999999996,ANS,DEU,521032
10116337,18,64,7258,2004,37296.0,0.0,1.350911,1.408209,BEL,DNK,521032
10116338,23,64,7258,2004,1353.0,0.0,0.35536,1.499182,BGR,DNK,521032
10116339,43,64,7258,2004,2770.0,0.0,0.581548,2.8689880000000003,CHN,DNK,521032
10116340,61,64,7258,2004,13779.0,0.0,2.266076,-2.011139,DEU,DNK,521032
10116341,71,64,7258,2004,9390.0,0.0,0.9784649999999999,2.051216,ESP,DNK,521032
10116342,77,64,7258,2004,37975.0,3220.0,1.6003530000000001,0.643945,FRA,DNK,521032
10116343,78,64,7258,2004,0.0,2011.0,-1.026359,-0.960327,FRO,DNK,521032
10116344,111,64,7258,2004,105712.0,0.0,1.358057,1.11533,ITA,DNK,521032
10116345,121,64,7258,2004,14886.0,0.0,1.3624690000000002,0.928342,KOR,DNK,521032
10116346,130,64,7258,2004,0.0,7380.0,0.403568,0.632707,LTU,DNK,521032
10116347,133,64,7258,2004,0.0,3642.0,-0.351045,-0.487521,MAC,DNK,521032
10116348,162,64,7258,2004,2956.0,0.0,1.251808,1.586526,NLD,DNK,521032
10116349,163,64,7258,2004,0.0,79856.0,1.10162,0.118709,NOR,DNK,521032
10116350,177,64,7258,2004,7729.0,47200.0,1.019341,1.519452,POL,DNK,521032
10116351,207,64,7258,2004,0.0,1918.0,1.628643,1.02381,SVN,DNK,521032
10116352,208,64,7258,2004,0.0,2489.0,2.0522080000000003,0.8326969999999999,SWE,DNK,521032
10116353,224,64,7258,2004,8079.0,0.0,0.141454,1.9463599999999999,TUR,DNK,521032
10116354,71,65,7258,2004,1443.0,0.0,0.9784649999999999,2.051216,ESP,DOM,521032
10116355,114,65,7258,2004,11596.0,0.0,2.526624,0.452054,JPN,DOM,521032
10116356,121,65,7258,2004,43384.0,0.0,1.3624690000000002,0.928342,KOR,DOM,521032
10116357,231,65,7258,2004,18547.0,0.0,1.7598630000000002,0.066704,USA,DOM,521032
10116358,32,67,7258,2004,2219.0,0.0,0.540718,1.149065,BRA,ECU,521032
10116359,8,71,7258,2004,0.0,4073.0,0.28128600000000004,0.64115,ARG,ESP,521032
10116360,14,71,7258,2004,0.0,3461.0,0.196641,0.8139460000000001,AUS,ESP,521032
10116361,15,71,7258,2004,0.0,1365.0,1.825391,0.40553,AUT,ESP,521032
10116362,18,71,7258,2004,493858.0,113153.0,1.350911,1.408209,BEL,ESP,521032
10116363,23,71,7258,2004,0.0,3836.0,0.35536,1.499182,BGR,ESP,521032
10116364,32,71,7258,2004,7898.0,0.0,0.540718,1.149065,BRA,ESP,521032
10116365,39,71,7258,2004,0.0,5636.0,0.9392739999999999,1.19228,CAN,ESP,521032
10116366,41,71,7258,2004,6104.0,44043.0,2.151471,0.7196279999999999,CHE,ESP,521032
10116367,42,71,7258,2004,0.0,2277.0,-0.07869,-0.33641,CHL,ESP,521032
10116368,43,71,7258,2004,0.0,32884.0,0.581548,2.8689880000000003,CHN,ESP,521032
10116369,59,71,7258,2004,0.0,7174.0,1.562625,0.865244,CZE,ESP,521032
10116370,61,71,7258,2004,66962.0,890885.0,2.266076,-2.011139,DEU,ESP,521032
10116371,64,71,7258,2004,0.0,9390.0,1.328968,1.262743,DNK,ESP,521032
10116372,65,71,7258,2004,0.0,1443.0,-0.510025,-0.328257,DOM,ESP,521032
10116373,72,71,7258,2004,0.0,1066283.0,0.6101840000000001,0.9520370000000001,EST,ESP,521032
10116374,74,71,7258,2004,0.0,1363.0,2.000218,0.9867309999999999,FIN,ESP,521032
10116375,77,71,7258,2004,473853.0,74252.0,1.6003530000000001,0.643945,FRA,ESP,521032
10116376,78,71,7258,2004,0.0,451.0,-1.026359,-0.960327,FRO,ESP,521032
10116377,81,71,7258,2004,0.0,321410.0,1.843506,0.684779,GBR,ESP,521032
10116378,90,71,7258,2004,0.0,47160.0,0.348853,1.661656,GRC,ESP,521032
10116379,97,71,7258,2004,0.0,5950.0,0.604825,2.098745,HKG,ESP,521032
10116380,100,71,7258,2004,0.0,35480.0,0.6669970000000001,1.088043,HRV,ESP,521032
10116381,102,71,7258,2004,0.0,8306.0,1.207082,1.019714,HUN,ESP,521032
10116382,106,71,7258,2004,0.0,5135.0,1.501859,0.14456,IRL,ESP,521032
10116383,110,71,7258,2004,0.0,2688.0,1.250393,0.8003979999999999,ISR,ESP,521032
10116384,111,71,7258,2004,608232.0,185709.0,1.358057,1.11533,ITA,ESP,521032
10116385,114,71,7258,2004,13461.0,1869.0,2.526624,0.452054,JPN,ESP,521032
10116386,121,71,7258,2004,16613.0,0.0,1.3624690000000002,0.928342,KOR,ESP,521032
10116387,124,71,7258,2004,0.0,20710.0,0.32409899999999997,1.037024,LBN,ESP,521032
10116388,130,71,7258,2004,0.0,321658.0,0.403568,0.632707,LTU,ESP,521032
10116389,132,71,7258,2004,0.0,3532.0,0.413821,0.627853,LVA,ESP,521032
10116390,134,71,7258,2004,0.0,81459.0,-0.681556,-0.152372,MAR,ESP,521032
10116391,138,71,7258,2004,0.0,34027.0,0.868684,0.85506,MEX,ESP,521032
10116392,162,71,7258,2004,110843.0,215884.0,1.251808,1.586526,NLD,ESP,521032
10116393,163,71,7258,2004,0.0,34152.0,1.10162,0.118709,NOR,ESP,521032
10116394,166,71,7258,2004,0.0,35833.0,0.567392,0.965781,NZL,ESP,521032
10116395,168,71,7258,2004,84309.0,0.0,-0.754143,0.25995100000000004,PAK,ESP,521032
10116396,173,71,7258,2004,0.0,2156.0,-0.564244,0.131232,PER,ESP,521032
10116397,177,71,7258,2004,4872.0,1708547.0,1.019341,1.519452,POL,ESP,521032
10116398,179,71,7258,2004,3351.0,231293.0,0.524524,1.901139,PRT,ESP,521032
10116399,185,71,7258,2004,0.0,4489.0,0.37241599999999997,1.015865,ROU,ESP,521032
10116400,186,71,7258,2004,0.0,147042.0,0.8952399999999999,0.172896,RUS,ESP,521032
10116401,192,71,7258,2004,0.0,1072.0,1.6409779999999998,0.634947,SGP,ESP,521032
10116402,206,71,7258,2004,0.0,16351.0,1.2375120000000002,0.8777889999999999,SVK,ESP,521032
10116403,208,71,7258,2004,0.0,9050.0,2.0522080000000003,0.8326969999999999,SWE,ESP,521032
10116404,216,71,7258,2004,0.0,3387.0,0.5150359999999999,1.583019,THA,ESP,521032
10116405,223,71,7258,2004,0.0,164113.0,-0.195751,0.335147,TUN,ESP,521032
10116406,224,71,7258,2004,320124.0,58203.0,0.141454,1.9463599999999999,TUR,ESP,521032
10116407,231,71,7258,2004,0.0,45201.0,1.7598630000000002,0.066704,USA,ESP,521032
10116408,239,71,7258,2004,0.0,1370.0,-0.5270560000000001,0.8910389999999999,VNM,ESP,521032
10116409,246,71,7258,2004,0.0,1163.0,0.460279,1.9736220000000002,ZAF,ESP,521032
10116410,18,72,7258,2004,12914.0,0.0,1.350911,1.408209,BEL,EST,521032
10116411,28,72,7258,2004,0.0,3809.0,0.8553139999999999,0.703926,BLR,EST,521032
10116412,61,72,7258,2004,44678.0,0.0,2.266076,-2.011139,DEU,EST,521032
10116413,71,72,7258,2004,1066283.0,0.0,0.9784649999999999,2.051216,ESP,EST,521032
10116414,74,72,7258,2004,78802.0,2494.0,2.000218,0.9867309999999999,FIN,EST,521032
10116415,103,72,7258,2004,809.0,0.0,-0.223644,1.719065,IDN,EST,521032
10116416,111,72,7258,2004,190395.0,0.0,1.358057,1.11533,ITA,EST,521032
10116417,121,72,7258,2004,10180.0,0.0,1.3624690000000002,0.928342,KOR,EST,521032
10116418,132,72,7258,2004,0.0,55040.0,0.413821,0.627853,LVA,EST,521032
10116419,162,72,7258,2004,2384.0,0.0,1.251808,1.586526,NLD,EST,521032
10116420,177,72,7258,2004,0.0,14658.0,1.019341,1.519452,POL,EST,521032
10116421,186,72,7258,2004,0.0,4049.0,0.8952399999999999,0.172896,RUS,EST,521032
10116422,208,72,7258,2004,7296.0,0.0,2.0522080000000003,0.8326969999999999,SWE,EST,521032
10116423,250,72,7258,2004,158458.0,0.0,0.509382,-0.30904299999999996,ANS,EST,521032
10116424,18,74,7258,2004,116458.0,0.0,1.350911,1.408209,BEL,FIN,521032
10116425,61,74,7258,2004,14709.0,33070.0,2.266076,-2.011139,DEU,FIN,521032
10116426,71,74,7258,2004,1363.0,0.0,0.9784649999999999,2.051216,ESP,FIN,521032
10116427,72,74,7258,2004,2494.0,78802.0,0.6101840000000001,0.9520370000000001,EST,FIN,521032
10116428,77,74,7258,2004,30165.0,0.0,1.6003530000000001,0.643945,FRA,FIN,521032
10116429,104,74,7258,2004,0.0,21087.0,0.233348,2.790987,IND,FIN,521032
10116430,111,74,7258,2004,86996.0,0.0,1.358057,1.11533,ITA,FIN,521032
10116431,121,74,7258,2004,43408.0,0.0,1.3624690000000002,0.928342,KOR,FIN,521032
10116432,132,74,7258,2004,0.0,10726.0,0.413821,0.627853,LVA,FIN,521032
10116433,162,74,7258,2004,16133.0,46081.0,1.251808,1.586526,NLD,FIN,521032
10116434,177,74,7258,2004,0.0,7822.0,1.019341,1.519452,POL,FIN,521032
10116435,179,74,7258,2004,0.0,3651.0,0.524524,1.901139,PRT,FIN,521032
10116436,185,74,7258,2004,0.0,2598.0,0.37241599999999997,1.015865,ROU,FIN,521032
10116437,186,74,7258,2004,0.0,29032.0,0.8952399999999999,0.172896,RUS,FIN,521032
10116438,216,74,7258,2004,10807.0,0.0,0.5150359999999999,1.583019,THA,FIN,521032
10116439,224,74,7258,2004,0.0,16971.0,0.141454,1.9463599999999999,TUR,FIN,521032
10116440,7,77,7258,2004,0.0,6217.0,0.1799,-0.34541900000000003,ARE,FRA,521032
10116441,8,77,7258,2004,0.0,12375.0,0.28128600000000004,0.64115,ARG,FRA,521032
10116442,14,77,7258,2004,0.0,92715.0,0.196641,0.8139460000000001,AUS,FRA,521032
10116443,15,77,7258,2004,0.0,18835.0,1.825391,0.40553,AUT,FRA,521032
10116444,18,77,7258,2004,464820.0,616185.0,1.350911,1.408209,BEL,FRA,521032
10116445,23,77,7258,2004,0.0,176583.0,0.35536,1.499182,BGR,FRA,521032
10116446,28,77,7258,2004,2237.0,10314.0,0.8553139999999999,0.703926,BLR,FRA,521032
10116447,39,77,7258,2004,0.0,1235.0,0.9392739999999999,1.19228,CAN,FRA,521032
10116448,41,77,7258,2004,0.0,54901.0,2.151471,0.7196279999999999,CHE,FRA,521032
10116449,42,77,7258,2004,0.0,985.0,-0.07869,-0.33641,CHL,FRA,521032
10116450,43,77,7258,2004,2989.0,129509.0,0.581548,2.8689880000000003,CHN,FRA,521032
10116451,49,77,7258,2004,0.0,21788.0,0.033128,0.47524799999999995,COL,FRA,521032
10116452,59,77,7258,2004,0.0,54575.0,1.562625,0.865244,CZE,FRA,521032
10116453,61,77,7258,2004,133200.0,1504082.0,2.266076,-2.011139,DEU,FRA,521032
10116454,64,77,7258,2004,3220.0,37975.0,1.328968,1.262743,DNK,FRA,521032
10116455,71,77,7258,2004,74252.0,473853.0,0.9784649999999999,2.051216,ESP,FRA,521032
10116456,74,77,7258,2004,0.0,30165.0,2.000218,0.9867309999999999,FIN,FRA,521032
10116457,81,77,7258,2004,168598.0,224114.0,1.843506,0.684779,GBR,FRA,521032
10116458,90,77,7258,2004,0.0,49574.0,0.348853,1.661656,GRC,FRA,521032
10116459,97,77,7258,2004,0.0,232703.0,0.604825,2.098745,HKG,FRA,521032
10116460,100,77,7258,2004,0.0,20450.0,0.6669970000000001,1.088043,HRV,FRA,521032
10116461,102,77,7258,2004,0.0,16955.0,1.207082,1.019714,HUN,FRA,521032
10116462,103,77,7258,2004,0.0,43751.0,-0.223644,1.719065,IDN,FRA,521032
10116463,104,77,7258,2004,0.0,43852.0,0.233348,2.790987,IND,FRA,521032
10116464,106,77,7258,2004,0.0,58200.0,1.501859,0.14456,IRL,FRA,521032
10116465,109,77,7258,2004,0.0,9474.0,0.298844,-0.36366,ISL,FRA,521032
10116466,110,77,7258,2004,0.0,4607.0,1.250393,0.8003979999999999,ISR,FRA,521032
10116467,111,77,7258,2004,615381.0,421251.0,1.358057,1.11533,ITA,FRA,521032
10116468,114,77,7258,2004,49294.0,3173.0,2.526624,0.452054,JPN,FRA,521032
10116469,121,77,7258,2004,135772.0,22349.0,1.3624690000000002,0.928342,KOR,FRA,521032
10116470,124,77,7258,2004,0.0,4854.0,0.32409899999999997,1.037024,LBN,FRA,521032
10116471,130,77,7258,2004,5360.0,59221.0,0.403568,0.632707,LTU,FRA,521032
10116472,132,77,7258,2004,0.0,3248.0,0.413821,0.627853,LVA,FRA,521032
10116473,134,77,7258,2004,68653.0,714644.0,-0.681556,-0.152372,MAR,FRA,521032
10116474,136,77,7258,2004,0.0,12817.0,-1.355542,-0.634409,MDG,FRA,521032
10116475,138,77,7258,2004,0.0,9446.0,0.868684,0.85506,MEX,FRA,521032
10116476,140,77,7258,2004,0.0,4994.0,-0.091013,0.190649,MKD,FRA,521032
10116477,153,77,7258,2004,0.0,31093.0,0.6710050000000001,0.17807,MYS,FRA,521032
10116478,156,77,7258,2004,0.0,2430.0,-0.49824700000000005,-0.8284239999999999,NCL,FRA,521032
10116479,162,77,7258,2004,26288.0,303162.0,1.251808,1.586526,NLD,FRA,521032
10116480,166,77,7258,2004,0.0,23666.0,0.567392,0.965781,NZL,FRA,521032
10116481,173,77,7258,2004,0.0,4353.0,-0.564244,0.131232,PER,FRA,521032
10116482,177,77,7258,2004,1194.0,283696.0,1.019341,1.519452,POL,FRA,521032
10116483,179,77,7258,2004,12282.0,130995.0,0.524524,1.901139,PRT,FRA,521032
10116484,185,77,7258,2004,14076.0,165401.0,0.37241599999999997,1.015865,ROU,FRA,521032
10116485,186,77,7258,2004,0.0,6062.0,0.8952399999999999,0.172896,RUS,FRA,521032
10116486,188,77,7258,2004,0.0,6725.0,0.546196,-0.7014729999999999,SAU,FRA,521032
10116487,189,77,7258,2004,0.0,112320.0,0.628071,2.210424,SCG,FRA,521032
10116488,192,77,7258,2004,0.0,42360.0,1.6409779999999998,0.634947,SGP,FRA,521032
10116489,197,77,7258,2004,0.0,14668.0,-0.20529499999999998,0.1116,SLV,FRA,521032
10116490,206,77,7258,2004,5528.0,60615.0,1.2375120000000002,0.8777889999999999,SVK,FRA,521032
10116491,207,77,7258,2004,0.0,5817.0,1.628643,1.02381,SVN,FRA,521032
10116492,208,77,7258,2004,0.0,17550.0,2.0522080000000003,0.8326969999999999,SWE,FRA,521032
10116493,223,77,7258,2004,23194.0,496879.0,-0.195751,0.335147,TUN,FRA,521032
10116494,224,77,7258,2004,228144.0,260544.0,0.141454,1.9463599999999999,TUR,FRA,521032
10116495,228,77,7258,2004,0.0,104180.0,0.8758040000000001,0.8195879999999999,UKR,FRA,521032
10116496,230,77,7258,2004,0.0,6861.0,0.151633,0.121776,URY,FRA,521032
10116497,231,77,7258,2004,0.0,127909.0,1.7598630000000002,0.066704,USA,FRA,521032
10116498,246,77,7258,2004,0.0,13021.0,0.460279,1.9736220000000002,ZAF,FRA,521032
10116499,249,77,7258,2004,0.0,24634.0,1.626307,1.358315,TWN,FRA,521032
10116500,18,81,7258,2004,5953.0,26570.0,1.350911,1.408209,BEL,GBR,521032
10116501,23,81,7258,2004,0.0,30390.0,0.35536,1.499182,BGR,GBR,521032
10116502,58,81,7258,2004,0.0,2553.0,0.533521,0.615939,CYP,GBR,521032
10116503,61,81,7258,2004,24676.0,15082.0,2.266076,-2.011139,DEU,GBR,521032
10116504,71,81,7258,2004,321410.0,0.0,0.9784649999999999,2.051216,ESP,GBR,521032
10116505,77,81,7258,2004,224114.0,168598.0,1.6003530000000001,0.643945,FRA,GBR,521032
10116506,97,81,7258,2004,0.0,7322.0,0.604825,2.098745,HKG,GBR,521032
10116507,103,81,7258,2004,33702.0,0.0,-0.223644,1.719065,IDN,GBR,521032
10116508,104,81,7258,2004,91118.0,0.0,0.233348,2.790987,IND,GBR,521032
10116509,111,81,7258,2004,31391.0,1023.0,1.358057,1.11533,ITA,GBR,521032
10116510,114,81,7258,2004,0.0,5195.0,2.526624,0.452054,JPN,GBR,521032
10116511,128,81,7258,2004,0.0,7262.0,-0.658668,0.21912600000000002,LKA,GBR,521032
10116512,130,81,7258,2004,0.0,5173.0,0.403568,0.632707,LTU,GBR,521032
10116513,134,81,7258,2004,0.0,13202.0,-0.681556,-0.152372,MAR,GBR,521032
10116514,153,81,7258,2004,1618.0,0.0,0.6710050000000001,0.17807,MYS,GBR,521032
10116515,162,81,7258,2004,27745.0,0.0,1.251808,1.586526,NLD,GBR,521032
10116516,163,81,7258,2004,0.0,8449.0,1.10162,0.118709,NOR,GBR,521032
10116517,168,81,7258,2004,21881.0,0.0,-0.754143,0.25995100000000004,PAK,GBR,521032
10116518,174,81,7258,2004,0.0,6798.0,-0.076709,-0.149006,PHL,GBR,521032
10116519,177,81,7258,2004,0.0,14377.0,1.019341,1.519452,POL,GBR,521032
10116520,179,81,7258,2004,36293.0,5469.0,0.524524,1.901139,PRT,GBR,521032
10116521,185,81,7258,2004,0.0,36094.0,0.37241599999999997,1.015865,ROU,GBR,521032
10116522,224,81,7258,2004,65544.0,3306.0,0.141454,1.9463599999999999,TUR,GBR,521032
10116523,231,81,7258,2004,3270.0,0.0,1.7598630000000002,0.066704,USA,GBR,521032
10116524,249,81,7258,2004,22097.0,0.0,1.626307,1.358315,TWN,GBR,521032
10116525,23,90,7258,2004,0.0,12564.0,0.35536,1.499182,BGR,GRC,521032
10116526,61,90,7258,2004,17868.0,0.0,2.266076,-2.011139,DEU,GRC,521032
10116527,71,90,7258,2004,47160.0,0.0,0.9784649999999999,2.051216,ESP,GRC,521032
10116528,77,90,7258,2004,49574.0,0.0,1.6003530000000001,0.643945,FRA,GRC,521032
10116529,111,90,7258,2004,56128.0,0.0,1.358057,1.11533,ITA,GRC,521032
10116530,121,90,7258,2004,6442.0,0.0,1.3624690000000002,0.928342,KOR,GRC,521032
10116531,162,90,7258,2004,30134.0,0.0,1.251808,1.586526,NLD,GRC,521032
10116532,185,90,7258,2004,0.0,7519.0,0.37241599999999997,1.015865,ROU,GRC,521032
10116533,216,90,7258,2004,87780.0,0.0,0.5150359999999999,1.583019,THA,GRC,521032
10116534,224,90,7258,2004,38972.0,2004.0,0.141454,1.9463599999999999,TUR,GRC,521032
10116535,239,90,7258,2004,9336.0,0.0,-0.5270560000000001,0.8910389999999999,VNM,GRC,521032
10116536,121,93,7258,2004,37461.0,0.0,1.3624690000000002,0.928342,KOR,GTM,521032
10116537,138,93,7258,2004,0.0,1170.0,0.868684,0.85506,MEX,GTM,521032
10116538,231,93,7258,2004,77695.0,0.0,1.7598630000000002,0.066704,USA,GTM,521032
10116539,7,97,7258,2004,0.0,199536.0,0.1799,-0.34541900000000003,ARE,HKG,521032
10116540,14,97,7258,2004,1522.0,28389.0,0.196641,0.8139460000000001,AUS,HKG,521032
10116541,15,97,7258,2004,8505.0,0.0,1.825391,0.40553,AUT,HKG,521032
10116542,22,97,7258,2004,0.0,179514.0,-1.150444,-0.885333,BGD,HKG,521032
10116543,24,97,7258,2004,0.0,8476.0,0.045344999999999996,-1.001059,BHR,HKG,521032
10116544,43,97,7258,2004,3380211.0,1687206.0,0.581548,2.8689880000000003,CHN,HKG,521032
10116545,61,97,7258,2004,802314.0,2002.0,2.266076,-2.011139,DEU,HKG,521032
10116546,71,97,7258,2004,5950.0,0.0,0.9784649999999999,2.051216,ESP,HKG,521032
10116547,77,97,7258,2004,232703.0,0.0,1.6003530000000001,0.643945,FRA,HKG,521032
10116548,81,97,7258,2004,7322.0,0.0,1.843506,0.684779,GBR,HKG,521032
10116549,103,97,7258,2004,856708.0,101526.0,-0.223644,1.719065,IDN,HKG,521032
10116550,104,97,7258,2004,2046.0,56955.0,0.233348,2.790987,IND,HKG,521032
10116551,111,97,7258,2004,207577.0,21363.0,1.358057,1.11533,ITA,HKG,521032
10116552,113,97,7258,2004,0.0,110820.0,0.152989,0.385845,JOR,HKG,521032
10116553,114,97,7258,2004,728534.0,0.0,2.526624,0.452054,JPN,HKG,521032
10116554,118,97,7258,2004,0.0,75981.0,-1.4676209999999998,-1.1972639999999999,KHM,HKG,521032
10116555,121,97,7258,2004,9438368.0,43522.0,1.3624690000000002,0.928342,KOR,HKG,521032
10116556,128,97,7258,2004,0.0,189133.0,-0.658668,0.21912600000000002,LKA,HKG,521032
10116557,133,97,7258,2004,11870.0,13277.0,-0.351045,-0.487521,MAC,HKG,521032
10116558,138,97,7258,2004,0.0,11060.0,0.868684,0.85506,MEX,HKG,521032
10116559,151,97,7258,2004,0.0,31824.0,-0.374754,-0.288504,MUS,HKG,521032
10116560,152,97,7258,2004,0.0,82426.0,-1.592983,-1.252423,MWI,HKG,521032
10116561,153,97,7258,2004,0.0,56695.0,0.6710050000000001,0.17807,MYS,HKG,521032
10116562,164,97,7258,2004,0.0,41341.0,-0.323954,0.5528,NPL,HKG,521032
10116563,168,97,7258,2004,71466.0,7250.0,-0.754143,0.25995100000000004,PAK,HKG,521032
10116564,174,97,7258,2004,0.0,143365.0,-0.076709,-0.149006,PHL,HKG,521032
10116565,177,97,7258,2004,0.0,72306.0,1.019341,1.519452,POL,HKG,521032
10116566,192,97,7258,2004,0.0,109719.0,1.6409779999999998,0.634947,SGP,HKG,521032
10116567,216,97,7258,2004,24332.0,31602.0,0.5150359999999999,1.583019,THA,HKG,521032
10116568,223,97,7258,2004,0.0,33064.0,-0.195751,0.335147,TUN,HKG,521032
10116569,224,97,7258,2004,17799.0,0.0,0.141454,1.9463599999999999,TUR,HKG,521032
10116570,231,97,7258,2004,16097.0,17035.0,1.7598630000000002,0.066704,USA,HKG,521032
10116571,239,97,7258,2004,22203.0,253209.0,-0.5270560000000001,0.8910389999999999,VNM,HKG,521032
10116572,249,97,7258,2004,361417.0,10460.0,1.626307,1.358315,TWN,HKG,521032
10116573,32,99,7258,2004,8350.0,0.0,0.540718,1.149065,BRA,HND,521032
10116574,231,99,7258,2004,3243.0,0.0,1.7598630000000002,0.066704,USA,HND,521032
10116575,8,103,7258,2004,0.0,7133.0,0.28128600000000004,0.64115,ARG,IDN,521032
10116576,14,103,7258,2004,0.0,11051.0,0.196641,0.8139460000000001,AUS,IDN,521032
10116577,22,103,7258,2004,2638.0,69649.0,-1.150444,-0.885333,BGD,IDN,521032
10116578,23,103,7258,2004,0.0,1412.0,0.35536,1.499182,BGR,IDN,521032
10116579,28,103,7258,2004,0.0,4270.0,0.8553139999999999,0.703926,BLR,IDN,521032
10116580,39,103,7258,2004,0.0,6295.0,0.9392739999999999,1.19228,CAN,IDN,521032
10116581,42,103,7258,2004,0.0,8918.0,-0.07869,-0.33641,CHL,IDN,521032
10116582,43,103,7258,2004,1127893.0,83340.0,0.581548,2.8689880000000003,CHN,IDN,521032
10116583,72,103,7258,2004,0.0,809.0,0.6101840000000001,0.9520370000000001,EST,IDN,521032
10116584,75,103,7258,2004,0.0,2898.0,-0.8870969999999999,-0.287427,FJI,IDN,521032
10116585,77,103,7258,2004,43751.0,0.0,1.6003530000000001,0.643945,FRA,IDN,521032
10116586,81,103,7258,2004,0.0,33702.0,1.843506,0.684779,GBR,IDN,521032
10116587,97,103,7258,2004,101526.0,856708.0,0.604825,2.098745,HKG,IDN,521032
10116588,104,103,7258,2004,0.0,50403.0,0.233348,2.790987,IND,IDN,521032
10116589,114,103,7258,2004,10321.0,4143.0,2.526624,0.452054,JPN,IDN,521032
10116590,121,103,7258,2004,4466824.0,124354.0,1.3624690000000002,0.928342,KOR,IDN,521032
10116591,124,103,7258,2004,0.0,2046.0,0.32409899999999997,1.037024,LBN,IDN,521032
10116592,128,103,7258,2004,0.0,39767.0,-0.658668,0.21912600000000002,LKA,IDN,521032
10116593,136,103,7258,2004,0.0,523.0,-1.355542,-0.634409,MDG,IDN,521032
10116594,143,103,7258,2004,0.0,28683.0,-1.400614,-0.947664,MMR,IDN,521032
10116595,153,103,7258,2004,21911.0,0.0,0.6710050000000001,0.17807,MYS,IDN,521032
10116596,162,103,7258,2004,0.0,333789.0,1.251808,1.586526,NLD,IDN,521032
10116597,177,103,7258,2004,0.0,1943.0,1.019341,1.519452,POL,IDN,521032
10116598,185,103,7258,2004,0.0,1486.0,0.37241599999999997,1.015865,ROU,IDN,521032
10116599,206,103,7258,2004,0.0,1260.0,1.2375120000000002,0.8777889999999999,SVK,IDN,521032
10116600,216,103,7258,2004,0.0,36504.0,0.5150359999999999,1.583019,THA,IDN,521032
10116601,223,103,7258,2004,0.0,1100.0,-0.195751,0.335147,TUN,IDN,521032
10116602,224,103,7258,2004,0.0,46105.0,0.141454,1.9463599999999999,TUR,IDN,521032
10116603,228,103,7258,2004,0.0,17675.0,0.8758040000000001,0.8195879999999999,UKR,IDN,521032
10116604,239,103,7258,2004,63274.0,15317.0,-0.5270560000000001,0.8910389999999999,VNM,IDN,521032
10116605,249,103,7258,2004,4103448.0,5136.0,1.626307,1.358315,TWN,IDN,521032
10116606,7,104,7258,2004,0.0,36572.0,0.1799,-0.34541900000000003,ARE,IND,521032
10116607,18,104,7258,2004,0.0,2431.0,1.350911,1.408209,BEL,IND,521032
10116608,43,104,7258,2004,156719.0,0.0,0.581548,2.8689880000000003,CHN,IND,521032
10116609,61,104,7258,2004,12267.0,0.0,2.266076,-2.011139,DEU,IND,521032
10116610,74,104,7258,2004,21087.0,0.0,2.000218,0.9867309999999999,FIN,IND,521032
10116611,77,104,7258,2004,43852.0,0.0,1.6003530000000001,0.643945,FRA,IND,521032
10116612,81,104,7258,2004,0.0,91118.0,1.843506,0.684779,GBR,IND,521032
10116613,97,104,7258,2004,56955.0,2046.0,0.604825,2.098745,HKG,IND,521032
10116614,103,104,7258,2004,50403.0,0.0,-0.223644,1.719065,IDN,IND,521032
10116615,114,104,7258,2004,23463.0,0.0,2.526624,0.452054,JPN,IND,521032
10116616,121,104,7258,2004,245683.0,0.0,1.3624690000000002,0.928342,KOR,IND,521032
10116617,153,104,7258,2004,13972.0,0.0,0.6710050000000001,0.17807,MYS,IND,521032
10116618,164,104,7258,2004,0.0,27320.0,-0.323954,0.5528,NPL,IND,521032
10116619,168,104,7258,2004,4818.0,0.0,-0.754143,0.25995100000000004,PAK,IND,521032
10116620,192,104,7258,2004,4288.0,9231.0,1.6409779999999998,0.634947,SGP,IND,521032
10116621,216,104,7258,2004,1314.0,0.0,0.5150359999999999,1.583019,THA,IND,521032
10116622,231,104,7258,2004,0.0,32868.0,1.7598630000000002,0.066704,USA,IND,521032
10116623,239,104,7258,2004,20313.0,0.0,-0.5270560000000001,0.8910389999999999,VNM,IND,521032
10116624,43,106,7258,2004,0.0,12730.0,0.581548,2.8689880000000003,CHN,IRL,521032
10116625,61,106,7258,2004,969.0,0.0,2.266076,-2.011139,DEU,IRL,521032
10116626,71,106,7258,2004,5135.0,0.0,0.9784649999999999,2.051216,ESP,IRL,521032
10116627,77,106,7258,2004,58200.0,0.0,1.6003530000000001,0.643945,FRA,IRL,521032
10116628,130,106,7258,2004,0.0,3383.0,0.403568,0.632707,LTU,IRL,521032
10116629,134,106,7258,2004,0.0,10880.0,-0.681556,-0.152372,MAR,IRL,521032
10116630,43,110,7258,2004,57555.0,0.0,0.581548,2.8689880000000003,CHN,ISR,521032
10116631,61,110,7258,2004,5240.0,0.0,2.266076,-2.011139,DEU,ISR,521032
10116632,71,110,7258,2004,2688.0,0.0,0.9784649999999999,2.051216,ESP,ISR,521032
10116633,77,110,7258,2004,4607.0,0.0,1.6003530000000001,0.643945,FRA,ISR,521032
10116634,111,110,7258,2004,3744.0,0.0,1.358057,1.11533,ITA,ISR,521032
10116635,224,110,7258,2004,79722.0,2485.0,0.141454,1.9463599999999999,TUR,ISR,521032
10116636,4,111,7258,2004,0.0,3506.0,-0.131892,0.14985199999999999,ALB,ITA,521032
10116637,8,111,7258,2004,0.0,1376.0,0.28128600000000004,0.64115,ARG,ITA,521032
10116638,14,111,7258,2004,0.0,22156.0,0.196641,0.8139460000000001,AUS,ITA,521032
10116639,15,111,7258,2004,0.0,114169.0,1.825391,0.40553,AUT,ITA,521032
10116640,18,111,7258,2004,14831.0,145453.0,1.350911,1.408209,BEL,ITA,521032
10116641,23,111,7258,2004,0.0,61658.0,0.35536,1.499182,BGR,ITA,521032
10116642,26,111,7258,2004,0.0,107857.0,0.385952,0.571774,BIH,ITA,521032
10116643,28,111,7258,2004,0.0,188676.0,0.8553139999999999,0.703926,BLR,ITA,521032
10116644,32,111,7258,2004,0.0,2367.0,0.540718,1.149065,BRA,ITA,521032
10116645,39,111,7258,2004,0.0,29270.0,0.9392739999999999,1.19228,CAN,ITA,521032
10116646,41,111,7258,2004,1081.0,98384.0,2.151471,0.7196279999999999,CHE,ITA,521032
10116647,43,111,7258,2004,52586.0,89188.0,0.581548,2.8689880000000003,CHN,ITA,521032
10116648,49,111,7258,2004,0.0,4622.0,0.033128,0.47524799999999995,COL,ITA,521032
10116649,58,111,7258,2004,0.0,5112.0,0.533521,0.615939,CYP,ITA,521032
10116650,59,111,7258,2004,0.0,31055.0,1.562625,0.865244,CZE,ITA,521032
10116651,61,111,7258,2004,1096787.0,2034982.0,2.266076,-2.011139,DEU,ITA,521032
10116652,64,111,7258,2004,0.0,105712.0,1.328968,1.262743,DNK,ITA,521032
10116653,68,111,7258,2004,0.0,11349.0,-0.300563,0.41834899999999997,EGY,ITA,521032
10116654,71,111,7258,2004,185709.0,608232.0,0.9784649999999999,2.051216,ESP,ITA,521032
10116655,72,111,7258,2004,0.0,190395.0,0.6101840000000001,0.9520370000000001,EST,ITA,521032
10116656,74,111,7258,2004,0.0,86996.0,2.000218,0.9867309999999999,FIN,ITA,521032
10116657,77,111,7258,2004,421251.0,615381.0,1.6003530000000001,0.643945,FRA,ITA,521032
10116658,81,111,7258,2004,1023.0,31391.0,1.843506,0.684779,GBR,ITA,521032
10116659,90,111,7258,2004,0.0,56128.0,0.348853,1.661656,GRC,ITA,521032
10116660,97,111,7258,2004,21363.0,207577.0,0.604825,2.098745,HKG,ITA,521032
10116661,100,111,7258,2004,0.0,31974.0,0.6669970000000001,1.088043,HRV,ITA,521032
10116662,102,111,7258,2004,0.0,36774.0,1.207082,1.019714,HUN,ITA,521032
10116663,110,111,7258,2004,0.0,3744.0,1.250393,0.8003979999999999,ISR,ITA,521032
10116664,114,111,7258,2004,51829.0,78006.0,2.526624,0.452054,JPN,ITA,521032
10116665,121,111,7258,2004,4853.0,112189.0,1.3624690000000002,0.928342,KOR,ITA,521032
10116666,130,111,7258,2004,0.0,18519.0,0.403568,0.632707,LTU,ITA,521032
10116667,132,111,7258,2004,0.0,200952.0,0.413821,0.627853,LVA,ITA,521032
10116668,133,111,7258,2004,0.0,12667.0,-0.351045,-0.487521,MAC,ITA,521032
10116669,134,111,7258,2004,11178.0,163548.0,-0.681556,-0.152372,MAR,ITA,521032
10116670,135,111,7258,2004,0.0,116648.0,-0.155523,-0.355142,MDA,ITA,521032
10116671,138,111,7258,2004,0.0,65404.0,0.868684,0.85506,MEX,ITA,521032
10116672,140,111,7258,2004,0.0,18408.0,-0.091013,0.190649,MKD,ITA,521032
10116673,162,111,7258,2004,113842.0,201088.0,1.251808,1.586526,NLD,ITA,521032
10116674,163,111,7258,2004,0.0,1221.0,1.10162,0.118709,NOR,ITA,521032
10116675,166,111,7258,2004,0.0,8200.0,0.567392,0.965781,NZL,ITA,521032
10116676,174,111,7258,2004,0.0,40394.0,-0.076709,-0.149006,PHL,ITA,521032
10116677,177,111,7258,2004,0.0,341409.0,1.019341,1.519452,POL,ITA,521032
10116678,179,111,7258,2004,8217.0,202258.0,0.524524,1.901139,PRT,ITA,521032
10116679,185,111,7258,2004,4033.0,4201206.0,0.37241599999999997,1.015865,ROU,ITA,521032
10116680,186,111,7258,2004,0.0,146290.0,0.8952399999999999,0.172896,RUS,ITA,521032
10116681,189,111,7258,2004,0.0,68756.0,0.628071,2.210424,SCG,ITA,521032
10116682,206,111,7258,2004,2483.0,1897.0,1.2375120000000002,0.8777889999999999,SVK,ITA,521032
10116683,207,111,7258,2004,56756.0,209919.0,1.628643,1.02381,SVN,ITA,521032
10116684,208,111,7258,2004,0.0,245447.0,2.0522080000000003,0.8326969999999999,SWE,ITA,521032
10116685,216,111,7258,2004,0.0,478474.0,0.5150359999999999,1.583019,THA,ITA,521032
10116686,223,111,7258,2004,2496.0,323169.0,-0.195751,0.335147,TUN,ITA,521032
10116687,224,111,7258,2004,98252.0,375976.0,0.141454,1.9463599999999999,TUR,ITA,521032
10116688,228,111,7258,2004,0.0,30266.0,0.8758040000000001,0.8195879999999999,UKR,ITA,521032
10116689,231,111,7258,2004,0.0,198218.0,1.7598630000000002,0.066704,USA,ITA,521032
10116690,246,111,7258,2004,0.0,6717.0,0.460279,1.9736220000000002,ZAF,ITA,521032
10116691,249,111,7258,2004,0.0,14097.0,1.626307,1.358315,TWN,ITA,521032
10116692,7,114,7258,2004,0.0,12413.0,0.1799,-0.34541900000000003,ARE,JPN,521032
10116693,14,114,7258,2004,0.0,92072.0,0.196641,0.8139460000000001,AUS,JPN,521032
10116694,15,114,7258,2004,4241.0,0.0,1.825391,0.40553,AUT,JPN,521032
10116695,41,114,7258,2004,0.0,2576.0,2.151471,0.7196279999999999,CHE,JPN,521032
10116696,43,114,7258,2004,20563.0,9797100.0,0.581548,2.8689880000000003,CHN,JPN,521032
10116697,61,114,7258,2004,56132.0,1877.0,2.266076,-2.011139,DEU,JPN,521032
10116698,65,114,7258,2004,0.0,11596.0,-0.510025,-0.328257,DOM,JPN,521032
10116699,71,114,7258,2004,1869.0,13461.0,0.9784649999999999,2.051216,ESP,JPN,521032
10116700,77,114,7258,2004,3173.0,49294.0,1.6003530000000001,0.643945,FRA,JPN,521032
10116701,81,114,7258,2004,5195.0,0.0,1.843506,0.684779,GBR,JPN,521032
10116702,97,114,7258,2004,0.0,728534.0,0.604825,2.098745,HKG,JPN,521032
10116703,103,114,7258,2004,4143.0,10321.0,-0.223644,1.719065,IDN,JPN,521032
10116704,104,114,7258,2004,0.0,23463.0,0.233348,2.790987,IND,JPN,521032
10116705,111,114,7258,2004,78006.0,51829.0,1.358057,1.11533,ITA,JPN,521032
10116706,121,114,7258,2004,373185.0,394120.0,1.3624690000000002,0.928342,KOR,JPN,521032
10116707,133,114,7258,2004,0.0,3102.0,-0.351045,-0.487521,MAC,JPN,521032
10116708,143,114,7258,2004,0.0,5475.0,-1.400614,-0.947664,MMR,JPN,521032
10116709,153,114,7258,2004,0.0,6697.0,0.6710050000000001,0.17807,MYS,JPN,521032
10116710,174,114,7258,2004,0.0,16723.0,-0.076709,-0.149006,PHL,JPN,521032
10116711,177,114,7258,2004,0.0,1859.0,1.019341,1.519452,POL,JPN,521032
10116712,178,114,7258,2004,0.0,8130.0,0.578991,0.781518,PRK,JPN,521032
10116713,179,114,7258,2004,0.0,2501.0,0.524524,1.901139,PRT,JPN,521032
10116714,185,114,7258,2004,0.0,5153.0,0.37241599999999997,1.015865,ROU,JPN,521032
10116715,192,114,7258,2004,0.0,7940.0,1.6409779999999998,0.634947,SGP,JPN,521032
10116716,206,114,7258,2004,0.0,1321.0,1.2375120000000002,0.8777889999999999,SVK,JPN,521032
10116717,216,114,7258,2004,0.0,13586.0,0.5150359999999999,1.583019,THA,JPN,521032
10116718,223,114,7258,2004,0.0,14191.0,-0.195751,0.335147,TUN,JPN,521032
10116719,224,114,7258,2004,9112.0,0.0,0.141454,1.9463599999999999,TUR,JPN,521032
10116720,228,114,7258,2004,0.0,1538.0,0.8758040000000001,0.8195879999999999,UKR,JPN,521032
10116721,239,114,7258,2004,0.0,2746511.0,-0.5270560000000001,0.8910389999999999,VNM,JPN,521032
10116722,249,114,7258,2004,0.0,42678.0,1.626307,1.358315,TWN,JPN,521032
10116723,1,121,7258,2004,0.0,8994.0,-0.6831550000000001,-0.756696,AFG,KOR,521032
10116724,7,121,7258,2004,9354.0,12609.0,0.1799,-0.34541900000000003,ARE,KOR,521032
10116725,8,121,7258,2004,0.0,65690.0,0.28128600000000004,0.64115,ARG,KOR,521032
10116726,14,121,7258,2004,0.0,204230.0,0.196641,0.8139460000000001,AUS,KOR,521032
10116727,15,121,7258,2004,0.0,6460.0,1.825391,0.40553,AUT,KOR,521032
10116728,18,121,7258,2004,2431.0,38249.0,1.350911,1.408209,BEL,KOR,521032
10116729,22,121,7258,2004,0.0,667537.0,-1.150444,-0.885333,BGD,KOR,521032
10116730,23,121,7258,2004,0.0,8694.0,0.35536,1.499182,BGR,KOR,521032
10116731,28,121,7258,2004,0.0,50643.0,0.8553139999999999,0.703926,BLR,KOR,521032
10116732,32,121,7258,2004,0.0,20310.0,0.540718,1.149065,BRA,KOR,521032
10116733,39,121,7258,2004,0.0,82226.0,0.9392739999999999,1.19228,CAN,KOR,521032
10116734,41,121,7258,2004,20057.0,4901.0,2.151471,0.7196279999999999,CHE,KOR,521032
10116735,43,121,7258,2004,73330.0,9593673.0,0.581548,2.8689880000000003,CHN,KOR,521032
10116736,49,121,7258,2004,0.0,12148.0,0.033128,0.47524799999999995,COL,KOR,521032
10116737,58,121,7258,2004,0.0,26952.0,0.533521,0.615939,CYP,KOR,521032
10116738,59,121,7258,2004,0.0,12721.0,1.562625,0.865244,CZE,KOR,521032
10116739,61,121,7258,2004,179090.0,189432.0,2.266076,-2.011139,DEU,KOR,521032
10116740,64,121,7258,2004,0.0,14886.0,1.328968,1.262743,DNK,KOR,521032
10116741,65,121,7258,2004,0.0,43384.0,-0.510025,-0.328257,DOM,KOR,521032
10116742,71,121,7258,2004,0.0,16613.0,0.9784649999999999,2.051216,ESP,KOR,521032
10116743,72,121,7258,2004,0.0,10180.0,0.6101840000000001,0.9520370000000001,EST,KOR,521032
10116744,74,121,7258,2004,0.0,43408.0,2.000218,0.9867309999999999,FIN,KOR,521032
10116745,77,121,7258,2004,22349.0,135772.0,1.6003530000000001,0.643945,FRA,KOR,521032
10116746,90,121,7258,2004,0.0,6442.0,0.348853,1.661656,GRC,KOR,521032
10116747,93,121,7258,2004,0.0,37461.0,-0.46136000000000005,0.148122,GTM,KOR,521032
10116748,97,121,7258,2004,43522.0,9438368.0,0.604825,2.098745,HKG,KOR,521032
10116749,100,121,7258,2004,0.0,1130.0,0.6669970000000001,1.088043,HRV,KOR,521032
10116750,103,121,7258,2004,124354.0,4466824.0,-0.223644,1.719065,IDN,KOR,521032
10116751,104,121,7258,2004,0.0,245683.0,0.233348,2.790987,IND,KOR,521032
10116752,111,121,7258,2004,112189.0,4853.0,1.358057,1.11533,ITA,KOR,521032
10116753,114,121,7258,2004,394120.0,373185.0,2.526624,0.452054,JPN,KOR,521032
10116754,118,121,7258,2004,5346.0,216574.0,-1.4676209999999998,-1.1972639999999999,KHM,KOR,521032
10116755,123,121,7258,2004,0.0,25821.0,-1.274622,-1.082807,LAO,KOR,521032
10116756,128,121,7258,2004,0.0,1558974.0,-0.658668,0.21912600000000002,LKA,KOR,521032
10116757,132,121,7258,2004,0.0,1490.0,0.413821,0.627853,LVA,KOR,521032
10116758,133,121,7258,2004,0.0,70395.0,-0.351045,-0.487521,MAC,KOR,521032
10116759,134,121,7258,2004,0.0,27892.0,-0.681556,-0.152372,MAR,KOR,521032
10116760,136,121,7258,2004,0.0,2291.0,-1.355542,-0.634409,MDG,KOR,521032
10116761,138,121,7258,2004,0.0,18660.0,0.868684,0.85506,MEX,KOR,521032
10116762,143,121,7258,2004,0.0,223743.0,-1.400614,-0.947664,MMR,KOR,521032
10116763,145,121,7258,2004,0.0,19288.0,-1.030558,-1.03145,MNG,KOR,521032
10116764,151,121,7258,2004,0.0,2675.0,-0.374754,-0.288504,MUS,KOR,521032
10116765,153,121,7258,2004,0.0,4727.0,0.6710050000000001,0.17807,MYS,KOR,521032
10116766,162,121,7258,2004,0.0,123585.0,1.251808,1.586526,NLD,KOR,521032
10116767,166,121,7258,2004,0.0,110218.0,0.567392,0.965781,NZL,KOR,521032
10116768,173,121,7258,2004,0.0,1042.0,-0.564244,0.131232,PER,KOR,521032
10116769,174,121,7258,2004,0.0,366166.0,-0.076709,-0.149006,PHL,KOR,521032
10116770,177,121,7258,2004,0.0,167148.0,1.019341,1.519452,POL,KOR,521032
10116771,185,121,7258,2004,0.0,64721.0,0.37241599999999997,1.015865,ROU,KOR,521032
10116772,186,121,7258,2004,0.0,145086.0,0.8952399999999999,0.172896,RUS,KOR,521032
10116773,189,121,7258,2004,0.0,5734.0,0.628071,2.210424,SCG,KOR,521032
10116774,192,121,7258,2004,0.0,17100.0,1.6409779999999998,0.634947,SGP,KOR,521032
10116775,206,121,7258,2004,0.0,885.0,1.2375120000000002,0.8777889999999999,SVK,KOR,521032
10116776,212,121,7258,2004,0.0,26590.0,-0.568707,-0.034736,SYR,KOR,521032
10116777,216,121,7258,2004,16295.0,625337.0,0.5150359999999999,1.583019,THA,KOR,521032
10116778,223,121,7258,2004,0.0,19040.0,-0.195751,0.335147,TUN,KOR,521032
10116779,224,121,7258,2004,0.0,19958.0,0.141454,1.9463599999999999,TUR,KOR,521032
10116780,228,121,7258,2004,0.0,21017.0,0.8758040000000001,0.8195879999999999,UKR,KOR,521032
10116781,231,121,7258,2004,0.0,211936.0,1.7598630000000002,0.066704,USA,KOR,521032
10116782,239,121,7258,2004,164335.0,2135544.0,-0.5270560000000001,0.8910389999999999,VNM,KOR,521032
10116783,246,121,7258,2004,0.0,74847.0,0.460279,1.9736220000000002,ZAF,KOR,521032
10116784,249,121,7258,2004,24983.0,155682.0,1.626307,1.358315,TWN,KOR,521032
10116785,43,128,7258,2004,21335.0,0.0,0.581548,2.8689880000000003,CHN,LKA,521032
10116786,81,128,7258,2004,7262.0,0.0,1.843506,0.684779,GBR,LKA,521032
10116787,97,128,7258,2004,189133.0,0.0,0.604825,2.098745,HKG,LKA,521032
10116788,103,128,7258,2004,39767.0,0.0,-0.223644,1.719065,IDN,LKA,521032
10116789,121,128,7258,2004,1558974.0,0.0,1.3624690000000002,0.928342,KOR,LKA,521032
10116790,216,128,7258,2004,3973.0,0.0,0.5150359999999999,1.583019,THA,LKA,521032
10116791,249,128,7258,2004,288957.0,0.0,1.626307,1.358315,TWN,LKA,521032
10116792,61,131,7258,2004,6925.0,0.0,2.266076,-2.011139,DEU,LUX,521032
10116793,32,138,7258,2004,53273.0,0.0,0.540718,1.149065,BRA,MEX,521032
10116794,43,138,7258,2004,11963.0,0.0,0.581548,2.8689880000000003,CHN,MEX,521032
10116795,61,138,7258,2004,2944.0,0.0,2.266076,-2.011139,DEU,MEX,521032
10116796,71,138,7258,2004,34027.0,0.0,0.9784649999999999,2.051216,ESP,MEX,521032
10116797,77,138,7258,2004,9446.0,0.0,1.6003530000000001,0.643945,FRA,MEX,521032
10116798,93,138,7258,2004,1170.0,0.0,-0.46136000000000005,0.148122,GTM,MEX,521032
10116799,97,138,7258,2004,11060.0,0.0,0.604825,2.098745,HKG,MEX,521032
10116800,111,138,7258,2004,65404.0,0.0,1.358057,1.11533,ITA,MEX,521032
10116801,121,138,7258,2004,18660.0,0.0,1.3624690000000002,0.928342,KOR,MEX,521032
10116802,153,138,7258,2004,12088.0,0.0,0.6710050000000001,0.17807,MYS,MEX,521032
10116803,168,138,7258,2004,25952.0,0.0,-0.754143,0.25995100000000004,PAK,MEX,521032
10116804,216,138,7258,2004,13941.0,0.0,0.5150359999999999,1.583019,THA,MEX,521032
10116805,224,138,7258,2004,8288.0,0.0,0.141454,1.9463599999999999,TUR,MEX,521032
10116806,231,138,7258,2004,83326.0,0.0,1.7598630000000002,0.066704,USA,MEX,521032
10116807,239,138,7258,2004,94402.0,0.0,-0.5270560000000001,0.8910389999999999,VNM,MEX,521032
10116808,249,138,7258,2004,2185.0,0.0,1.626307,1.358315,TWN,MEX,521032
10116809,22,153,7258,2004,0.0,67872.0,-1.150444,-0.885333,BGD,MYS,521032
10116810,77,153,7258,2004,31093.0,0.0,1.6003530000000001,0.643945,FRA,MYS,521032
10116811,81,153,7258,2004,0.0,1618.0,1.843506,0.684779,GBR,MYS,521032
10116812,97,153,7258,2004,56695.0,0.0,0.604825,2.098745,HKG,MYS,521032
10116813,103,153,7258,2004,0.0,21911.0,-0.223644,1.719065,IDN,MYS,521032
10116814,104,153,7258,2004,0.0,13972.0,0.233348,2.790987,IND,MYS,521032
10116815,114,153,7258,2004,6697.0,0.0,2.526624,0.452054,JPN,MYS,521032
10116816,121,153,7258,2004,4727.0,0.0,1.3624690000000002,0.928342,KOR,MYS,521032
10116817,138,153,7258,2004,0.0,12088.0,0.868684,0.85506,MEX,MYS,521032
10116818,174,153,7258,2004,0.0,28043.0,-0.076709,-0.149006,PHL,MYS,521032
10116819,216,153,7258,2004,0.0,107048.0,0.5150359999999999,1.583019,THA,MYS,521032
10116820,224,153,7258,2004,0.0,3738.0,0.141454,1.9463599999999999,TUR,MYS,521032
10116821,14,162,7258,2004,0.0,32971.0,0.196641,0.8139460000000001,AUS,NLD,521032
10116822,15,162,7258,2004,0.0,2502.0,1.825391,0.40553,AUT,NLD,521032
10116823,18,162,7258,2004,176375.0,258250.0,1.350911,1.408209,BEL,NLD,521032
10116824,23,162,7258,2004,0.0,64286.0,0.35536,1.499182,BGR,NLD,521032
10116825,28,162,7258,2004,38492.0,154368.0,0.8553139999999999,0.703926,BLR,NLD,521032
10116826,41,162,7258,2004,0.0,11860.0,2.151471,0.7196279999999999,CHE,NLD,521032
10116827,42,162,7258,2004,0.0,5107.0,-0.07869,-0.33641,CHL,NLD,521032
10116828,43,162,7258,2004,0.0,8263.0,0.581548,2.8689880000000003,CHN,NLD,521032
10116829,49,162,7258,2004,0.0,4400.0,0.033128,0.47524799999999995,COL,NLD,521032
10116830,59,162,7258,2004,0.0,8895.0,1.562625,0.865244,CZE,NLD,521032
10116831,61,162,7258,2004,125885.0,190889.0,2.266076,-2.011139,DEU,NLD,521032
10116832,64,162,7258,2004,0.0,2956.0,1.328968,1.262743,DNK,NLD,521032
10116833,71,162,7258,2004,215884.0,110843.0,0.9784649999999999,2.051216,ESP,NLD,521032
10116834,72,162,7258,2004,0.0,2384.0,0.6101840000000001,0.9520370000000001,EST,NLD,521032
10116835,74,162,7258,2004,46081.0,16133.0,2.000218,0.9867309999999999,FIN,NLD,521032
10116836,77,162,7258,2004,303162.0,26288.0,1.6003530000000001,0.643945,FRA,NLD,521032
10116837,81,162,7258,2004,0.0,27745.0,1.843506,0.684779,GBR,NLD,521032
10116838,90,162,7258,2004,0.0,30134.0,0.348853,1.661656,GRC,NLD,521032
10116839,102,162,7258,2004,0.0,28767.0,1.207082,1.019714,HUN,NLD,521032
10116840,103,162,7258,2004,333789.0,0.0,-0.223644,1.719065,IDN,NLD,521032
10116841,111,162,7258,2004,201088.0,113842.0,1.358057,1.11533,ITA,NLD,521032
10116842,121,162,7258,2004,123585.0,0.0,1.3624690000000002,0.928342,KOR,NLD,521032
10116843,130,162,7258,2004,0.0,4530.0,0.403568,0.632707,LTU,NLD,521032
10116844,134,162,7258,2004,61712.0,146764.0,-0.681556,-0.152372,MAR,NLD,521032
10116845,163,162,7258,2004,0.0,1257.0,1.10162,0.118709,NOR,NLD,521032
10116846,177,162,7258,2004,3712.0,7103306.0,1.019341,1.519452,POL,NLD,521032
10116847,179,162,7258,2004,0.0,32913.0,0.524524,1.901139,PRT,NLD,521032
10116848,185,162,7258,2004,2436.0,121241.0,0.37241599999999997,1.015865,ROU,NLD,521032
10116849,186,162,7258,2004,0.0,1459.0,0.8952399999999999,0.172896,RUS,NLD,521032
10116850,189,162,7258,2004,0.0,23629.0,0.628071,2.210424,SCG,NLD,521032
10116851,198,162,7258,2004,0.0,99528.0,1.547269,0.386809,SMR,NLD,521032
10116852,206,162,7258,2004,0.0,8458.0,1.2375120000000002,0.8777889999999999,SVK,NLD,521032
10116853,208,162,7258,2004,0.0,15073.0,2.0522080000000003,0.8326969999999999,SWE,NLD,521032
10116854,216,162,7258,2004,247508.0,0.0,0.5150359999999999,1.583019,THA,NLD,521032
10116855,223,162,7258,2004,0.0,60574.0,-0.195751,0.335147,TUN,NLD,521032
10116856,224,162,7258,2004,180382.0,169812.0,0.141454,1.9463599999999999,TUR,NLD,521032
10116857,228,162,7258,2004,0.0,5235.0,0.8758040000000001,0.8195879999999999,UKR,NLD,521032
10116858,231,162,7258,2004,0.0,1219.0,1.7598630000000002,0.066704,USA,NLD,521032
10116859,236,162,7258,2004,0.0,6863.0,0.048698000000000005,-0.899776,VEN,NLD,521032
10116860,249,162,7258,2004,5961.0,0.0,1.626307,1.358315,TWN,NLD,521032
10116861,14,166,7258,2004,0.0,27875.0,0.196641,0.8139460000000001,AUS,NZL,521032
10116862,18,166,7258,2004,2126.0,0.0,1.350911,1.408209,BEL,NZL,521032
10116863,43,166,7258,2004,13216.0,0.0,0.581548,2.8689880000000003,CHN,NZL,521032
10116864,61,166,7258,2004,10349.0,0.0,2.266076,-2.011139,DEU,NZL,521032
10116865,71,166,7258,2004,35833.0,0.0,0.9784649999999999,2.051216,ESP,NZL,521032
10116866,75,166,7258,2004,0.0,4792.0,-0.8870969999999999,-0.287427,FJI,NZL,521032
10116867,77,166,7258,2004,23666.0,0.0,1.6003530000000001,0.643945,FRA,NZL,521032
10116868,111,166,7258,2004,8200.0,0.0,1.358057,1.11533,ITA,NZL,521032
10116869,121,166,7258,2004,110218.0,0.0,1.3624690000000002,0.928342,KOR,NZL,521032
10116870,168,166,7258,2004,29262.0,0.0,-0.754143,0.25995100000000004,PAK,NZL,521032
10116871,249,166,7258,2004,1890.0,0.0,1.626307,1.358315,TWN,NZL,521032
10116872,26,169,7258,2004,0.0,13181.0,0.385952,0.571774,BIH,PAN,521032
10116873,71,173,7258,2004,2156.0,0.0,0.9784649999999999,2.051216,ESP,PER,521032
10116874,77,173,7258,2004,4353.0,0.0,1.6003530000000001,0.643945,FRA,PER,521032
10116875,121,173,7258,2004,1042.0,0.0,1.3624690000000002,0.928342,KOR,PER,521032
10116876,43,174,7258,2004,265064.0,0.0,0.581548,2.8689880000000003,CHN,PHL,521032
10116877,81,174,7258,2004,6798.0,0.0,1.843506,0.684779,GBR,PHL,521032
10116878,97,174,7258,2004,143365.0,0.0,0.604825,2.098745,HKG,PHL,521032
10116879,111,174,7258,2004,40394.0,0.0,1.358057,1.11533,ITA,PHL,521032
10116880,114,174,7258,2004,16723.0,0.0,2.526624,0.452054,JPN,PHL,521032
10116881,121,174,7258,2004,366166.0,0.0,1.3624690000000002,0.928342,KOR,PHL,521032
10116882,153,174,7258,2004,28043.0,0.0,0.6710050000000001,0.17807,MYS,PHL,521032
10116883,249,174,7258,2004,169882.0,0.0,1.626307,1.358315,TWN,PHL,521032
10116884,15,177,7258,2004,20240.0,0.0,1.825391,0.40553,AUT,POL,521032
10116885,18,177,7258,2004,263285.0,5446.0,1.350911,1.408209,BEL,POL,521032
10116886,43,177,7258,2004,25259.0,0.0,0.581548,2.8689880000000003,CHN,POL,521032
10116887,59,177,7258,2004,312806.0,9936.0,1.562625,0.865244,CZE,POL,521032
10116888,61,177,7258,2004,1372060.0,20743.0,2.266076,-2.011139,DEU,POL,521032
10116889,64,177,7258,2004,47200.0,7729.0,1.328968,1.262743,DNK,POL,521032
10116890,71,177,7258,2004,1708547.0,4872.0,0.9784649999999999,2.051216,ESP,POL,521032
10116891,72,177,7258,2004,14658.0,0.0,0.6101840000000001,0.9520370000000001,EST,POL,521032
10116892,74,177,7258,2004,7822.0,0.0,2.000218,0.9867309999999999,FIN,POL,521032
10116893,77,177,7258,2004,283696.0,1194.0,1.6003530000000001,0.643945,FRA,POL,521032
10116894,81,177,7258,2004,14377.0,0.0,1.843506,0.684779,GBR,POL,521032
10116895,97,177,7258,2004,72306.0,0.0,0.604825,2.098745,HKG,POL,521032
10116896,103,177,7258,2004,1943.0,0.0,-0.223644,1.719065,IDN,POL,521032
10116897,111,177,7258,2004,341409.0,0.0,1.358057,1.11533,ITA,POL,521032
10116898,114,177,7258,2004,1859.0,0.0,2.526624,0.452054,JPN,POL,521032
10116899,121,177,7258,2004,167148.0,0.0,1.3624690000000002,0.928342,KOR,POL,521032
10116900,162,177,7258,2004,7103306.0,3712.0,1.251808,1.586526,NLD,POL,521032
10116901,163,177,7258,2004,15310.0,0.0,1.10162,0.118709,NOR,POL,521032
10116902,178,177,7258,2004,1279.0,0.0,0.578991,0.781518,PRK,POL,521032
10116903,189,177,7258,2004,0.0,3423.0,0.628071,2.210424,SCG,POL,521032
10116904,208,177,7258,2004,2144.0,0.0,2.0522080000000003,0.8326969999999999,SWE,POL,521032
10116905,216,177,7258,2004,2462.0,0.0,0.5150359999999999,1.583019,THA,POL,521032
10116906,224,177,7258,2004,5530.0,0.0,0.141454,1.9463599999999999,TUR,POL,521032
10116907,228,177,7258,2004,0.0,6039.0,0.8758040000000001,0.8195879999999999,UKR,POL,521032
10116908,43,180,7258,2004,16810.0,0.0,0.581548,2.8689880000000003,CHN,PRY,521032
10116909,28,186,7258,2004,0.0,41137.0,0.8553139999999999,0.703926,BLR,RUS,521032
10116910,61,186,7258,2004,148098.0,0.0,2.266076,-2.011139,DEU,RUS,521032
10116911,71,186,7258,2004,147042.0,0.0,0.9784649999999999,2.051216,ESP,RUS,521032
10116912,72,186,7258,2004,4049.0,0.0,0.6101840000000001,0.9520370000000001,EST,RUS,521032
10116913,74,186,7258,2004,29032.0,0.0,2.000218,0.9867309999999999,FIN,RUS,521032
10116914,77,186,7258,2004,6062.0,0.0,1.6003530000000001,0.643945,FRA,RUS,521032
10116915,111,186,7258,2004,146290.0,0.0,1.358057,1.11533,ITA,RUS,521032
10116916,115,186,7258,2004,0.0,2561.0,-0.09288300000000001,-0.537664,KAZ,RUS,521032
10116917,121,186,7258,2004,145086.0,0.0,1.3624690000000002,0.928342,KOR,RUS,521032
10116918,132,186,7258,2004,0.0,126161.0,0.413821,0.627853,LVA,RUS,521032
10116919,135,186,7258,2004,7645.0,71399.0,-0.155523,-0.355142,MDA,RUS,521032
10116920,162,186,7258,2004,1459.0,0.0,1.251808,1.586526,NLD,RUS,521032
10116921,178,186,7258,2004,1918.0,0.0,0.578991,0.781518,PRK,RUS,521032
10116922,224,186,7258,2004,8900.0,0.0,0.141454,1.9463599999999999,TUR,RUS,521032
10116923,228,186,7258,2004,0.0,38244.0,0.8758040000000001,0.8195879999999999,UKR,RUS,521032
10116924,77,197,7258,2004,14668.0,0.0,1.6003530000000001,0.643945,FRA,SLV,521032
10116925,15,208,7258,2004,1800.0,0.0,1.825391,0.40553,AUT,SWE,521032
10116926,18,208,7258,2004,20181.0,0.0,1.350911,1.408209,BEL,SWE,521032
10116927,28,208,7258,2004,7815.0,0.0,0.8553139999999999,0.703926,BLR,SWE,521032
10116928,61,208,7258,2004,17772.0,0.0,2.266076,-2.011139,DEU,SWE,521032
10116929,64,208,7258,2004,2489.0,0.0,1.328968,1.262743,DNK,SWE,521032
10116930,71,208,7258,2004,9050.0,0.0,0.9784649999999999,2.051216,ESP,SWE,521032
10116931,72,208,7258,2004,0.0,7296.0,0.6101840000000001,0.9520370000000001,EST,SWE,521032
10116932,77,208,7258,2004,17550.0,0.0,1.6003530000000001,0.643945,FRA,SWE,521032
10116933,111,208,7258,2004,245447.0,0.0,1.358057,1.11533,ITA,SWE,521032
10116934,130,208,7258,2004,18937.0,28773.0,0.403568,0.632707,LTU,SWE,521032
10116935,132,208,7258,2004,3300.0,766224.0,0.413821,0.627853,LVA,SWE,521032
10116936,162,208,7258,2004,15073.0,0.0,1.251808,1.586526,NLD,SWE,521032
10116937,163,208,7258,2004,0.0,21249.0,1.10162,0.118709,NOR,SWE,521032
10116938,177,208,7258,2004,0.0,2144.0,1.019341,1.519452,POL,SWE,521032
10116939,185,208,7258,2004,0.0,45752.0,0.37241599999999997,1.015865,ROU,SWE,521032
10116940,224,208,7258,2004,0.0,209811.0,0.141454,1.9463599999999999,TUR,SWE,521032
10116941,18,216,7258,2004,10742.0,0.0,1.350911,1.408209,BEL,THA,521032
10116942,23,216,7258,2004,0.0,3682.0,0.35536,1.499182,BGR,THA,521032
10116943,28,216,7258,2004,0.0,1652.0,0.8553139999999999,0.703926,BLR,THA,521032
10116944,41,216,7258,2004,0.0,6965.0,2.151471,0.7196279999999999,CHE,THA,521032
10116945,43,216,7258,2004,113658.0,1442135.0,0.581548,2.8689880000000003,CHN,THA,521032
10116946,61,216,7258,2004,9442.0,0.0,2.266076,-2.011139,DEU,THA,521032
10116947,71,216,7258,2004,3387.0,0.0,0.9784649999999999,2.051216,ESP,THA,521032
10116948,74,216,7258,2004,0.0,10807.0,2.000218,0.9867309999999999,FIN,THA,521032
10116949,90,216,7258,2004,0.0,87780.0,0.348853,1.661656,GRC,THA,521032
10116950,97,216,7258,2004,31602.0,24332.0,0.604825,2.098745,HKG,THA,521032
10116951,103,216,7258,2004,36504.0,0.0,-0.223644,1.719065,IDN,THA,521032
10116952,104,216,7258,2004,0.0,1314.0,0.233348,2.790987,IND,THA,521032
10116953,111,216,7258,2004,478474.0,0.0,1.358057,1.11533,ITA,THA,521032
10116954,114,216,7258,2004,13586.0,0.0,2.526624,0.452054,JPN,THA,521032
10116955,121,216,7258,2004,625337.0,16295.0,1.3624690000000002,0.928342,KOR,THA,521032
10116956,123,216,7258,2004,0.0,20543.0,-1.274622,-1.082807,LAO,THA,521032
10116957,124,216,7258,2004,0.0,997.0,0.32409899999999997,1.037024,LBN,THA,521032
10116958,128,216,7258,2004,0.0,3973.0,-0.658668,0.21912600000000002,LKA,THA,521032
10116959,134,216,7258,2004,0.0,3994.0,-0.681556,-0.152372,MAR,THA,521032
10116960,138,216,7258,2004,0.0,13941.0,0.868684,0.85506,MEX,THA,521032
10116961,153,216,7258,2004,107048.0,0.0,0.6710050000000001,0.17807,MYS,THA,521032
10116962,162,216,7258,2004,0.0,247508.0,1.251808,1.586526,NLD,THA,521032
10116963,177,216,7258,2004,0.0,2462.0,1.019341,1.519452,POL,THA,521032
10116964,189,216,7258,2004,0.0,6423.0,0.628071,2.210424,SCG,THA,521032
10116965,206,216,7258,2004,0.0,1048.0,1.2375120000000002,0.8777889999999999,SVK,THA,521032
10116966,223,216,7258,2004,0.0,5481.0,-0.195751,0.335147,TUN,THA,521032
10116967,224,216,7258,2004,0.0,54879.0,0.141454,1.9463599999999999,TUR,THA,521032
10116968,228,216,7258,2004,0.0,146836.0,0.8758040000000001,0.8195879999999999,UKR,THA,521032
10116969,231,216,7258,2004,0.0,50372.0,1.7598630000000002,0.066704,USA,THA,521032
10116970,239,216,7258,2004,4249.0,13500.0,-0.5270560000000001,0.8910389999999999,VNM,THA,521032
10116971,249,216,7258,2004,61867.0,0.0,1.626307,1.358315,TWN,THA,521032
10116972,231,222,7258,2004,31484.0,0.0,1.7598630000000002,0.066704,USA,TTO,521032
10116973,32,230,7258,2004,34764.0,0.0,0.540718,1.149065,BRA,URY,521032
10116974,61,230,7258,2004,4543.0,0.0,2.266076,-2.011139,DEU,URY,521032
10116975,77,230,7258,2004,6861.0,0.0,1.6003530000000001,0.643945,FRA,URY,521032
10116976,14,231,7258,2004,0.0,3228.0,0.196641,0.8139460000000001,AUS,USA,521032
10116977,39,231,7258,2004,8380.0,16469.0,0.9392739999999999,1.19228,CAN,USA,521032
10116978,42,231,7258,2004,0.0,1302.0,-0.07869,-0.33641,CHL,USA,521032
10116979,43,231,7258,2004,74333.0,4942.0,0.581548,2.8689880000000003,CHN,USA,521032
10116980,45,231,7258,2004,0.0,9361.0,-1.604916,-1.217399,CMR,USA,521032
10116981,49,231,7258,2004,0.0,2096.0,0.033128,0.47524799999999995,COL,USA,521032
10116982,61,231,7258,2004,10714.0,0.0,2.266076,-2.011139,DEU,USA,521032
10116983,65,231,7258,2004,0.0,18547.0,-0.510025,-0.328257,DOM,USA,521032
10116984,71,231,7258,2004,45201.0,0.0,0.9784649999999999,2.051216,ESP,USA,521032
10116985,77,231,7258,2004,127909.0,0.0,1.6003530000000001,0.643945,FRA,USA,521032
10116986,81,231,7258,2004,0.0,3270.0,1.843506,0.684779,GBR,USA,521032
10116987,93,231,7258,2004,0.0,77695.0,-0.46136000000000005,0.148122,GTM,USA,521032
10116988,97,231,7258,2004,17035.0,16097.0,0.604825,2.098745,HKG,USA,521032
10116989,99,231,7258,2004,0.0,3243.0,-0.75975,-0.548407,HND,USA,521032
10116990,104,231,7258,2004,32868.0,0.0,0.233348,2.790987,IND,USA,521032
10116991,111,231,7258,2004,198218.0,0.0,1.358057,1.11533,ITA,USA,521032
10116992,121,231,7258,2004,211936.0,0.0,1.3624690000000002,0.928342,KOR,USA,521032
10116993,138,231,7258,2004,0.0,83326.0,0.868684,0.85506,MEX,USA,521032
10116994,162,231,7258,2004,1219.0,0.0,1.251808,1.586526,NLD,USA,521032
10116995,216,231,7258,2004,50372.0,0.0,0.5150359999999999,1.583019,THA,USA,521032
10116996,222,231,7258,2004,0.0,31484.0,0.00677,-0.965385,TTO,USA,521032
10116997,249,231,7258,2004,32561.0,0.0,1.626307,1.358315,TWN,USA,521032
10116998,43,236,7258,2004,7586.0,0.0,0.581548,2.8689880000000003,CHN,VEN,521032
10116999,162,236,7258,2004,6863.0,0.0,1.251808,1.586526,NLD,VEN,521032
10117000,37,246,7258,2004,0.0,1430.0,-0.8574229999999999,-1.191754,BWA,ZAF,521032
10117001,43,246,7258,2004,40258.0,0.0,0.581548,2.8689880000000003,CHN,ZAF,521032
10117002,61,246,7258,2004,16118.0,0.0,2.266076,-2.011139,DEU,ZAF,521032
10117003,71,246,7258,2004,1163.0,0.0,0.9784649999999999,2.051216,ESP,ZAF,521032
10117004,77,246,7258,2004,13021.0,0.0,1.6003530000000001,0.643945,FRA,ZAF,521032
10117005,111,246,7258,2004,6717.0,0.0,1.358057,1.11533,ITA,ZAF,521032
10117006,121,246,7258,2004,74847.0,0.0,1.3624690000000002,0.928342,KOR,ZAF,521032
10117007,151,246,7258,2004,0.0,8233.0,-0.374754,-0.288504,MUS,ZAF,521032
10117008,14,249,7258,2004,0.0,14295.0,0.196641,0.8139460000000001,AUS,TWN,521032
10117009,15,249,7258,2004,1673.0,0.0,1.825391,0.40553,AUT,TWN,521032
10117010,22,249,7258,2004,0.0,20374.0,-1.150444,-0.885333,BGD,TWN,521032
10117011,39,249,7258,2004,0.0,27955.0,0.9392739999999999,1.19228,CAN,TWN,521032
10117012,43,249,7258,2004,0.0,788203.0,0.581548,2.8689880000000003,CHN,TWN,521032
10117013,58,249,7258,2004,0.0,14014.0,0.533521,0.615939,CYP,TWN,521032
10117014,59,249,7258,2004,0.0,6274.0,1.562625,0.865244,CZE,TWN,521032
10117015,61,249,7258,2004,6712.0,0.0,2.266076,-2.011139,DEU,TWN,521032
10117016,77,249,7258,2004,24634.0,0.0,1.6003530000000001,0.643945,FRA,TWN,521032
10117017,81,249,7258,2004,0.0,22097.0,1.843506,0.684779,GBR,TWN,521032
10117018,97,249,7258,2004,10460.0,361417.0,0.604825,2.098745,HKG,TWN,521032
10117019,100,249,7258,2004,0.0,2302.0,0.6669970000000001,1.088043,HRV,TWN,521032
10117020,103,249,7258,2004,5136.0,4103448.0,-0.223644,1.719065,IDN,TWN,521032
10117021,111,249,7258,2004,14097.0,0.0,1.358057,1.11533,ITA,TWN,521032
10117022,114,249,7258,2004,42678.0,0.0,2.526624,0.452054,JPN,TWN,521032
10117023,121,249,7258,2004,155682.0,24983.0,1.3624690000000002,0.928342,KOR,TWN,521032
10117024,128,249,7258,2004,0.0,288957.0,-0.658668,0.21912600000000002,LKA,TWN,521032
10117025,129,249,7258,2004,0.0,4100.0,-1.343146,-1.041126,LSO,TWN,521032
10117026,133,249,7258,2004,0.0,18716.0,-0.351045,-0.487521,MAC,TWN,521032
10117027,134,249,7258,2004,0.0,3153.0,-0.681556,-0.152372,MAR,TWN,521032
10117028,138,249,7258,2004,0.0,2185.0,0.868684,0.85506,MEX,TWN,521032
10117029,152,249,7258,2004,0.0,316458.0,-1.592983,-1.252423,MWI,TWN,521032
10117030,162,249,7258,2004,0.0,5961.0,1.251808,1.586526,NLD,TWN,521032
10117031,166,249,7258,2004,0.0,1890.0,0.567392,0.965781,NZL,TWN,521032
10117032,174,249,7258,2004,0.0,169882.0,-0.076709,-0.149006,PHL,TWN,521032
10117033,185,249,7258,2004,0.0,121761.0,0.37241599999999997,1.015865,ROU,TWN,521032
10117034,192,249,7258,2004,0.0,2968.0,1.6409779999999998,0.634947,SGP,TWN,521032
10117035,206,249,7258,2004,0.0,2529.0,1.2375120000000002,0.8777889999999999,SVK,TWN,521032
10117036,216,249,7258,2004,0.0,61867.0,0.5150359999999999,1.583019,THA,TWN,521032
10117037,223,249,7258,2004,0.0,914.0,-0.195751,0.335147,TUN,TWN,521032
10117038,231,249,7258,2004,0.0,32561.0,1.7598630000000002,0.066704,USA,TWN,521032
10117039,239,249,7258,2004,0.0,273449.0,-0.5270560000000001,0.8910389999999999,VNM,TWN,521032
10117040,43,7,7258,2004,35027.0,0.0,0.581548,2.8689880000000003,CHN,ARE,521032
10117041,77,7,7258,2004,6217.0,0.0,1.6003530000000001,0.643945,FRA,ARE,521032
10117042,97,7,7258,2004,199536.0,0.0,0.604825,2.098745,HKG,ARE,521032
10117043,104,7,7258,2004,36572.0,0.0,0.233348,2.790987,IND,ARE,521032
10117044,114,7,7258,2004,12413.0,0.0,2.526624,0.452054,JPN,ARE,521032
10117045,121,7,7258,2004,12609.0,9354.0,1.3624690000000002,0.928342,KOR,ARE,521032
10117046,43,22,7258,2004,441182.0,0.0,0.581548,2.8689880000000003,CHN,BGD,521032
10117047,97,22,7258,2004,179514.0,0.0,0.604825,2.098745,HKG,BGD,521032
10117048,103,22,7258,2004,69649.0,2638.0,-0.223644,1.719065,IDN,BGD,521032
10117049,121,22,7258,2004,667537.0,0.0,1.3624690000000002,0.928342,KOR,BGD,521032
10117050,153,22,7258,2004,67872.0,0.0,0.6710050000000001,0.17807,MYS,BGD,521032
10117051,239,22,7258,2004,52034.0,0.0,-0.5270560000000001,0.8910389999999999,VNM,BGD,521032
10117052,249,22,7258,2004,20374.0,0.0,1.626307,1.358315,TWN,BGD,521032
10117053,15,23,7258,2004,3350.0,0.0,1.825391,0.40553,AUT,BGR,521032
10117054,18,23,7258,2004,95566.0,0.0,1.350911,1.408209,BEL,BGR,521032
10117055,41,23,7258,2004,81125.0,0.0,2.151471,0.7196279999999999,CHE,BGR,521032
10117056,61,23,7258,2004,760220.0,29618.0,2.266076,-2.011139,DEU,BGR,521032
10117057,64,23,7258,2004,0.0,1353.0,1.328968,1.262743,DNK,BGR,521032
10117058,71,23,7258,2004,3836.0,0.0,0.9784649999999999,2.051216,ESP,BGR,521032
10117059,77,23,7258,2004,176583.0,0.0,1.6003530000000001,0.643945,FRA,BGR,521032
10117060,81,23,7258,2004,30390.0,0.0,1.843506,0.684779,GBR,BGR,521032
10117061,90,23,7258,2004,12564.0,0.0,0.348853,1.661656,GRC,BGR,521032
10117062,103,23,7258,2004,1412.0,0.0,-0.223644,1.719065,IDN,BGR,521032
10117063,111,23,7258,2004,61658.0,0.0,1.358057,1.11533,ITA,BGR,521032
10117064,121,23,7258,2004,8694.0,0.0,1.3624690000000002,0.928342,KOR,BGR,521032
10117065,162,23,7258,2004,64286.0,0.0,1.251808,1.586526,NLD,BGR,521032
10117066,179,23,7258,2004,3065.0,0.0,0.524524,1.901139,PRT,BGR,521032
10117067,189,23,7258,2004,0.0,18372.0,0.628071,2.210424,SCG,BGR,521032
10117068,206,23,7258,2004,3085.0,0.0,1.2375120000000002,0.8777889999999999,SVK,BGR,521032
10117069,216,23,7258,2004,3682.0,0.0,0.5150359999999999,1.583019,THA,BGR,521032
10117070,224,23,7258,2004,196016.0,0.0,0.141454,1.9463599999999999,TUR,BGR,521032
10117071,97,24,7258,2004,8476.0,0.0,0.604825,2.098745,HKG,BHR,521032
10117072,168,24,7258,2004,0.0,52514.0,-0.754143,0.25995100000000004,PAK,BHR,521032
10117073,18,28,7258,2004,18312.0,0.0,1.350911,1.408209,BEL,BLR,521032
10117074,61,28,7258,2004,26256.0,0.0,2.266076,-2.011139,DEU,BLR,521032
10117075,72,28,7258,2004,3809.0,0.0,0.6101840000000001,0.9520370000000001,EST,BLR,521032
10117076,77,28,7258,2004,10314.0,2237.0,1.6003530000000001,0.643945,FRA,BLR,521032
10117077,103,28,7258,2004,4270.0,0.0,-0.223644,1.719065,IDN,BLR,521032
10117078,111,28,7258,2004,188676.0,0.0,1.358057,1.11533,ITA,BLR,521032
10117079,121,28,7258,2004,50643.0,0.0,1.3624690000000002,0.928342,KOR,BLR,521032
10117080,132,28,7258,2004,26321.0,16434.0,0.413821,0.627853,LVA,BLR,521032
10117081,162,28,7258,2004,154368.0,38492.0,1.251808,1.586526,NLD,BLR,521032
10117082,186,28,7258,2004,41137.0,0.0,0.8952399999999999,0.172896,RUS,BLR,521032
10117083,208,28,7258,2004,0.0,7815.0,2.0522080000000003,0.8326969999999999,SWE,BLR,521032
10117084,216,28,7258,2004,1652.0,0.0,0.5150359999999999,1.583019,THA,BLR,521032
10117085,224,28,7258,2004,1026.0,0.0,0.141454,1.9463599999999999,TUR,BLR,521032
10117086,18,59,7258,2004,2173.0,0.0,1.350911,1.408209,BEL,CZE,521032
10117087,43,59,7258,2004,15911.0,0.0,0.581548,2.8689880000000003,CHN,CZE,521032
10117088,61,59,7258,2004,741282.0,40774.0,2.266076,-2.011139,DEU,CZE,521032
10117089,71,59,7258,2004,7174.0,0.0,0.9784649999999999,2.051216,ESP,CZE,521032
10117090,77,59,7258,2004,54575.0,0.0,1.6003530000000001,0.643945,FRA,CZE,521032
10117091,100,59,7258,2004,0.0,29986.0,0.6669970000000001,1.088043,HRV,CZE,521032
10117092,111,59,7258,2004,31055.0,0.0,1.358057,1.11533,ITA,CZE,521032
10117093,121,59,7258,2004,12721.0,0.0,1.3624690000000002,0.928342,KOR,CZE,521032
10117094,162,59,7258,2004,8895.0,0.0,1.251808,1.586526,NLD,CZE,521032
10117095,177,59,7258,2004,9936.0,312806.0,1.019341,1.519452,POL,CZE,521032
10117096,185,59,7258,2004,0.0,9678.0,0.37241599999999997,1.015865,ROU,CZE,521032
10117097,206,59,7258,2004,5925.0,61006.0,1.2375120000000002,0.8777889999999999,SVK,CZE,521032
10117098,223,59,7258,2004,0.0,3459.0,-0.195751,0.335147,TUN,CZE,521032
10117099,228,59,7258,2004,0.0,1171.0,0.8758040000000001,0.8195879999999999,UKR,CZE,521032
10117100,249,59,7258,2004,6274.0,0.0,1.626307,1.358315,TWN,CZE,521032
10117101,43,68,7258,2004,5058.0,0.0,0.581548,2.8689880000000003,CHN,EGY,521032
10117102,61,68,7258,2004,217882.0,0.0,2.266076,-2.011139,DEU,EGY,521032
10117103,111,68,7258,2004,11349.0,0.0,1.358057,1.11533,ITA,EGY,521032
10117104,15,100,7258,2004,13112.0,0.0,1.825391,0.40553,AUT,HRV,521032
10117105,18,100,7258,2004,7589.0,0.0,1.350911,1.408209,BEL,HRV,521032
10117106,26,100,7258,2004,1398.0,9516.0,0.385952,0.571774,BIH,HRV,521032
10117107,43,100,7258,2004,13359.0,0.0,0.581548,2.8689880000000003,CHN,HRV,521032
10117108,59,100,7258,2004,29986.0,0.0,1.562625,0.865244,CZE,HRV,521032
10117109,61,100,7258,2004,351839.0,0.0,2.266076,-2.011139,DEU,HRV,521032
10117110,71,100,7258,2004,35480.0,0.0,0.9784649999999999,2.051216,ESP,HRV,521032
10117111,77,100,7258,2004,20450.0,0.0,1.6003530000000001,0.643945,FRA,HRV,521032
10117112,111,100,7258,2004,31974.0,0.0,1.358057,1.11533,ITA,HRV,521032
10117113,121,100,7258,2004,1130.0,0.0,1.3624690000000002,0.928342,KOR,HRV,521032
10117114,206,100,7258,2004,1658.0,0.0,1.2375120000000002,0.8777889999999999,SVK,HRV,521032
10117115,207,100,7258,2004,21206.0,0.0,1.628643,1.02381,SVN,HRV,521032
10117116,224,100,7258,2004,2835.0,0.0,0.141454,1.9463599999999999,TUR,HRV,521032
10117117,249,100,7258,2004,2302.0,0.0,1.626307,1.358315,TWN,HRV,521032
10117118,15,102,7258,2004,73188.0,0.0,1.825391,0.40553,AUT,HUN,521032
10117119,18,102,7258,2004,74887.0,8726.0,1.350911,1.408209,BEL,HUN,521032
10117120,41,102,7258,2004,9602.0,0.0,2.151471,0.7196279999999999,CHE,HUN,521032
10117121,43,102,7258,2004,4752.0,0.0,0.581548,2.8689880000000003,CHN,HUN,521032
10117122,61,102,7258,2004,189761.0,994.0,2.266076,-2.011139,DEU,HUN,521032
10117123,71,102,7258,2004,8306.0,0.0,0.9784649999999999,2.051216,ESP,HUN,521032
10117124,77,102,7258,2004,16955.0,0.0,1.6003530000000001,0.643945,FRA,HUN,521032
10117125,111,102,7258,2004,36774.0,0.0,1.358057,1.11533,ITA,HUN,521032
10117126,162,102,7258,2004,28767.0,0.0,1.251808,1.586526,NLD,HUN,521032
10117127,185,102,7258,2004,0.0,15965.0,0.37241599999999997,1.015865,ROU,HUN,521032
10117128,206,102,7258,2004,0.0,979.0,1.2375120000000002,0.8777889999999999,SVK,HUN,521032
10117129,228,102,7258,2004,0.0,41036.0,0.8758040000000001,0.8195879999999999,UKR,HUN,521032
10117130,224,107,7258,2004,29264.0,0.0,0.141454,1.9463599999999999,TUR,IRN,521032
10117131,97,113,7258,2004,110820.0,0.0,0.604825,2.098745,HKG,JOR,521032
10117132,186,115,7258,2004,2561.0,0.0,0.8952399999999999,0.172896,RUS,KAZ,521032
10117133,61,122,7258,2004,982.0,0.0,2.266076,-2.011139,DEU,KWT,521032
10117134,71,124,7258,2004,20710.0,0.0,0.9784649999999999,2.051216,ESP,LBN,521032
10117135,77,124,7258,2004,4854.0,0.0,1.6003530000000001,0.643945,FRA,LBN,521032
10117136,103,124,7258,2004,2046.0,0.0,-0.223644,1.719065,IDN,LBN,521032
10117137,216,124,7258,2004,997.0,0.0,0.5150359999999999,1.583019,THA,LBN,521032
10117138,18,130,7258,2004,17741.0,0.0,1.350911,1.408209,BEL,LTU,521032
10117139,43,130,7258,2004,11892.0,0.0,0.581548,2.8689880000000003,CHN,LTU,521032
10117140,61,130,7258,2004,560112.0,951.0,2.266076,-2.011139,DEU,LTU,521032
10117141,64,130,7258,2004,7380.0,0.0,1.328968,1.262743,DNK,LTU,521032
10117142,71,130,7258,2004,321658.0,0.0,0.9784649999999999,2.051216,ESP,LTU,521032
10117143,77,130,7258,2004,59221.0,5360.0,1.6003530000000001,0.643945,FRA,LTU,521032
10117144,81,130,7258,2004,5173.0,0.0,1.843506,0.684779,GBR,LTU,521032
10117145,106,130,7258,2004,3383.0,0.0,1.501859,0.14456,IRL,LTU,521032
10117146,111,130,7258,2004,18519.0,0.0,1.358057,1.11533,ITA,LTU,521032
10117147,132,130,7258,2004,125551.0,0.0,0.413821,0.627853,LVA,LTU,521032
10117148,162,130,7258,2004,4530.0,0.0,1.251808,1.586526,NLD,LTU,521032
10117149,163,130,7258,2004,2533.0,0.0,1.10162,0.118709,NOR,LTU,521032
10117150,208,130,7258,2004,28773.0,18937.0,2.0522080000000003,0.8326969999999999,SWE,LTU,521032
10117151,224,130,7258,2004,88319.0,0.0,0.141454,1.9463599999999999,TUR,LTU,521032
10117152,18,132,7258,2004,20034.0,0.0,1.350911,1.408209,BEL,LVA,521032
10117153,28,132,7258,2004,16434.0,26321.0,0.8553139999999999,0.703926,BLR,LVA,521032
10117154,61,132,7258,2004,26608.0,0.0,2.266076,-2.011139,DEU,LVA,521032
10117155,71,132,7258,2004,3532.0,0.0,0.9784649999999999,2.051216,ESP,LVA,521032
10117156,72,132,7258,2004,55040.0,0.0,0.6101840000000001,0.9520370000000001,EST,LVA,521032
10117157,74,132,7258,2004,10726.0,0.0,2.000218,0.9867309999999999,FIN,LVA,521032
10117158,77,132,7258,2004,3248.0,0.0,1.6003530000000001,0.643945,FRA,LVA,521032
10117159,111,132,7258,2004,200952.0,0.0,1.358057,1.11533,ITA,LVA,521032
10117160,121,132,7258,2004,1490.0,0.0,1.3624690000000002,0.928342,KOR,LVA,521032
10117161,130,132,7258,2004,0.0,125551.0,0.403568,0.632707,LTU,LVA,521032
10117162,186,132,7258,2004,126161.0,0.0,0.8952399999999999,0.172896,RUS,LVA,521032
10117163,208,132,7258,2004,766224.0,3300.0,2.0522080000000003,0.8326969999999999,SWE,LVA,521032
10117164,228,132,7258,2004,0.0,14055.0,0.8758040000000001,0.8195879999999999,UKR,LVA,521032
10117165,43,163,7258,2004,1873.0,0.0,0.581548,2.8689880000000003,CHN,NOR,521032
10117166,61,163,7258,2004,9124.0,0.0,2.266076,-2.011139,DEU,NOR,521032
10117167,64,163,7258,2004,79856.0,0.0,1.328968,1.262743,DNK,NOR,521032
10117168,71,163,7258,2004,34152.0,0.0,0.9784649999999999,2.051216,ESP,NOR,521032
10117169,81,163,7258,2004,8449.0,0.0,1.843506,0.684779,GBR,NOR,521032
10117170,111,163,7258,2004,1221.0,0.0,1.358057,1.11533,ITA,NOR,521032
10117171,130,163,7258,2004,0.0,2533.0,0.403568,0.632707,LTU,NOR,521032
10117172,162,163,7258,2004,1257.0,0.0,1.251808,1.586526,NLD,NOR,521032
10117173,177,163,7258,2004,0.0,15310.0,1.019341,1.519452,POL,NOR,521032
10117174,208,163,7258,2004,21249.0,0.0,2.0522080000000003,0.8326969999999999,SWE,NOR,521032
10117175,15,168,7258,2004,12862.0,0.0,1.825391,0.40553,AUT,PAK,521032
10117176,24,168,7258,2004,52514.0,0.0,0.045344999999999996,-1.001059,BHR,PAK,521032
10117177,43,168,7258,2004,14168.0,0.0,0.581548,2.8689880000000003,CHN,PAK,521032
10117178,71,168,7258,2004,0.0,84309.0,0.9784649999999999,2.051216,ESP,PAK,521032
10117179,81,168,7258,2004,0.0,21881.0,1.843506,0.684779,GBR,PAK,521032
10117180,97,168,7258,2004,7250.0,71466.0,0.604825,2.098745,HKG,PAK,521032
10117181,104,168,7258,2004,0.0,4818.0,0.233348,2.790987,IND,PAK,521032
10117182,133,168,7258,2004,0.0,1411.0,-0.351045,-0.487521,MAC,PAK,521032
10117183,138,168,7258,2004,0.0,25952.0,0.868684,0.85506,MEX,PAK,521032
10117184,151,168,7258,2004,0.0,4024.0,-0.374754,-0.288504,MUS,PAK,521032
10117185,166,168,7258,2004,0.0,29262.0,0.567392,0.965781,NZL,PAK,521032
10117186,185,168,7258,2004,0.0,7564.0,0.37241599999999997,1.015865,ROU,PAK,521032
10117187,188,168,7258,2004,0.0,29720.0,0.546196,-0.7014729999999999,SAU,PAK,521032
10117188,15,185,7258,2004,22375.0,0.0,1.825391,0.40553,AUT,ROU,521032
10117189,18,185,7258,2004,86984.0,0.0,1.350911,1.408209,BEL,ROU,521032
10117190,41,185,7258,2004,136690.0,2035.0,2.151471,0.7196279999999999,CHE,ROU,521032
10117191,43,185,7258,2004,18679.0,0.0,0.581548,2.8689880000000003,CHN,ROU,521032
10117192,59,185,7258,2004,9678.0,0.0,1.562625,0.865244,CZE,ROU,521032
10117193,61,185,7258,2004,5106918.0,10104.0,2.266076,-2.011139,DEU,ROU,521032
10117194,71,185,7258,2004,4489.0,0.0,0.9784649999999999,2.051216,ESP,ROU,521032
10117195,74,185,7258,2004,2598.0,0.0,2.000218,0.9867309999999999,FIN,ROU,521032
10117196,77,185,7258,2004,165401.0,14076.0,1.6003530000000001,0.643945,FRA,ROU,521032
10117197,81,185,7258,2004,36094.0,0.0,1.843506,0.684779,GBR,ROU,521032
10117198,90,185,7258,2004,7519.0,0.0,0.348853,1.661656,GRC,ROU,521032
10117199,102,185,7258,2004,15965.0,0.0,1.207082,1.019714,HUN,ROU,521032
10117200,103,185,7258,2004,1486.0,0.0,-0.223644,1.719065,IDN,ROU,521032
10117201,111,185,7258,2004,4201206.0,4033.0,1.358057,1.11533,ITA,ROU,521032
10117202,114,185,7258,2004,5153.0,0.0,2.526624,0.452054,JPN,ROU,521032
10117203,121,185,7258,2004,64721.0,0.0,1.3624690000000002,0.928342,KOR,ROU,521032
10117204,162,185,7258,2004,121241.0,2436.0,1.251808,1.586526,NLD,ROU,521032
10117205,168,185,7258,2004,7564.0,0.0,-0.754143,0.25995100000000004,PAK,ROU,521032
10117206,207,185,7258,2004,2907.0,0.0,1.628643,1.02381,SVN,ROU,521032
10117207,208,185,7258,2004,45752.0,0.0,2.0522080000000003,0.8326969999999999,SWE,ROU,521032
10117208,224,185,7258,2004,111340.0,0.0,0.141454,1.9463599999999999,TUR,ROU,521032
10117209,228,185,7258,2004,6970.0,2985.0,0.8758040000000001,0.8195879999999999,UKR,ROU,521032
10117210,249,185,7258,2004,121761.0,0.0,1.626307,1.358315,TWN,ROU,521032
10117211,250,185,7258,2004,16381.0,0.0,0.509382,-0.30904299999999996,ANS,ROU,521032
10117212,77,188,7258,2004,6725.0,0.0,1.6003530000000001,0.643945,FRA,SAU,521032
10117213,168,188,7258,2004,29720.0,0.0,-0.754143,0.25995100000000004,PAK,SAU,521032
10117214,18,189,7258,2004,0.0,1026.0,1.350911,1.408209,BEL,SCG,521032
10117215,23,189,7258,2004,18372.0,0.0,0.35536,1.499182,BGR,SCG,521032
10117216,61,189,7258,2004,443920.0,0.0,2.266076,-2.011139,DEU,SCG,521032
10117217,77,189,7258,2004,112320.0,0.0,1.6003530000000001,0.643945,FRA,SCG,521032
10117218,111,189,7258,2004,68756.0,0.0,1.358057,1.11533,ITA,SCG,521032
10117219,121,189,7258,2004,5734.0,0.0,1.3624690000000002,0.928342,KOR,SCG,521032
10117220,162,189,7258,2004,23629.0,0.0,1.251808,1.586526,NLD,SCG,521032
10117221,177,189,7258,2004,3423.0,0.0,1.019341,1.519452,POL,SCG,521032
10117222,207,189,7258,2004,7337.0,0.0,1.628643,1.02381,SVN,SCG,521032
10117223,216,189,7258,2004,6423.0,0.0,0.5150359999999999,1.583019,THA,SCG,521032
10117224,224,189,7258,2004,27641.0,0.0,0.141454,1.9463599999999999,TUR,SCG,521032
10117225,43,192,7258,2004,1551.0,13618.0,0.581548,2.8689880000000003,CHN,SGP,521032
10117226,61,192,7258,2004,4844.0,0.0,2.266076,-2.011139,DEU,SGP,521032
10117227,71,192,7258,2004,1072.0,0.0,0.9784649999999999,2.051216,ESP,SGP,521032
10117228,77,192,7258,2004,42360.0,0.0,1.6003530000000001,0.643945,FRA,SGP,521032
10117229,97,192,7258,2004,109719.0,0.0,0.604825,2.098745,HKG,SGP,521032
10117230,104,192,7258,2004,9231.0,4288.0,0.233348,2.790987,IND,SGP,521032
10117231,114,192,7258,2004,7940.0,0.0,2.526624,0.452054,JPN,SGP,521032
10117232,121,192,7258,2004,17100.0,0.0,1.3624690000000002,0.928342,KOR,SGP,521032
10117233,249,192,7258,2004,2968.0,0.0,1.626307,1.358315,TWN,SGP,521032
10117234,15,206,7258,2004,28167.0,0.0,1.825391,0.40553,AUT,SVK,521032
10117235,18,206,7258,2004,3909.0,0.0,1.350911,1.408209,BEL,SVK,521032
10117236,23,206,7258,2004,0.0,3085.0,0.35536,1.499182,BGR,SVK,521032
10117237,41,206,7258,2004,8275.0,0.0,2.151471,0.7196279999999999,CHE,SVK,521032
10117238,59,206,7258,2004,61006.0,5925.0,1.562625,0.865244,CZE,SVK,521032
10117239,61,206,7258,2004,615893.0,35550.0,2.266076,-2.011139,DEU,SVK,521032
10117240,71,206,7258,2004,16351.0,0.0,0.9784649999999999,2.051216,ESP,SVK,521032
10117241,77,206,7258,2004,60615.0,5528.0,1.6003530000000001,0.643945,FRA,SVK,521032
10117242,100,206,7258,2004,0.0,1658.0,0.6669970000000001,1.088043,HRV,SVK,521032
10117243,102,206,7258,2004,979.0,0.0,1.207082,1.019714,HUN,SVK,521032
10117244,103,206,7258,2004,1260.0,0.0,-0.223644,1.719065,IDN,SVK,521032
10117245,111,206,7258,2004,1897.0,2483.0,1.358057,1.11533,ITA,SVK,521032
10117246,114,206,7258,2004,1321.0,0.0,2.526624,0.452054,JPN,SVK,521032
10117247,121,206,7258,2004,885.0,0.0,1.3624690000000002,0.928342,KOR,SVK,521032
10117248,162,206,7258,2004,8458.0,0.0,1.251808,1.586526,NLD,SVK,521032
10117249,207,206,7258,2004,0.0,2079.0,1.628643,1.02381,SVN,SVK,521032
10117250,216,206,7258,2004,1048.0,0.0,0.5150359999999999,1.583019,THA,SVK,521032
10117251,224,206,7258,2004,3173.0,0.0,0.141454,1.9463599999999999,TUR,SVK,521032
10117252,228,206,7258,2004,0.0,5315.0,0.8758040000000001,0.8195879999999999,UKR,SVK,521032
10117253,249,206,7258,2004,2529.0,0.0,1.626307,1.358315,TWN,SVK,521032
10117254,250,206,7258,2004,17839.0,0.0,0.509382,-0.30904299999999996,ANS,SVK,521032
10117255,15,207,7258,2004,0.0,1067.0,1.825391,0.40553,AUT,SVN,521032
10117256,26,207,7258,2004,0.0,28071.0,0.385952,0.571774,BIH,SVN,521032
10117257,61,207,7258,2004,181960.0,0.0,2.266076,-2.011139,DEU,SVN,521032
10117258,64,207,7258,2004,1918.0,0.0,1.328968,1.262743,DNK,SVN,521032
10117259,77,207,7258,2004,5817.0,0.0,1.6003530000000001,0.643945,FRA,SVN,521032
10117260,100,207,7258,2004,0.0,21206.0,0.6669970000000001,1.088043,HRV,SVN,521032
10117261,111,207,7258,2004,209919.0,56756.0,1.358057,1.11533,ITA,SVN,521032
10117262,185,207,7258,2004,0.0,2907.0,0.37241599999999997,1.015865,ROU,SVN,521032
10117263,189,207,7258,2004,0.0,7337.0,0.628071,2.210424,SCG,SVN,521032
10117264,206,207,7258,2004,2079.0,0.0,1.2375120000000002,0.8777889999999999,SVK,SVN,521032
10117265,224,207,7258,2004,13768.0,0.0,0.141454,1.9463599999999999,TUR,SVN,521032
10117266,228,207,7258,2004,0.0,1475.0,0.8758040000000001,0.8195879999999999,UKR,SVN,521032
10117267,250,207,7258,2004,12957.0,0.0,0.509382,-0.30904299999999996,ANS,SVN,521032
10117268,43,209,7258,2004,24258.0,0.0,0.581548,2.8689880000000003,CHN,SWZ,521032
10117269,18,223,7258,2004,82616.0,0.0,1.350911,1.408209,BEL,TUN,521032
10117270,43,223,7258,2004,16544.0,0.0,0.581548,2.8689880000000003,CHN,TUN,521032
10117271,59,223,7258,2004,3459.0,0.0,1.562625,0.865244,CZE,TUN,521032
10117272,61,223,7258,2004,519117.0,0.0,2.266076,-2.011139,DEU,TUN,521032
10117273,71,223,7258,2004,164113.0,0.0,0.9784649999999999,2.051216,ESP,TUN,521032
10117274,77,223,7258,2004,496879.0,23194.0,1.6003530000000001,0.643945,FRA,TUN,521032
10117275,97,223,7258,2004,33064.0,0.0,0.604825,2.098745,HKG,TUN,521032
10117276,103,223,7258,2004,1100.0,0.0,-0.223644,1.719065,IDN,TUN,521032
10117277,111,223,7258,2004,323169.0,2496.0,1.358057,1.11533,ITA,TUN,521032
10117278,114,223,7258,2004,14191.0,0.0,2.526624,0.452054,JPN,TUN,521032
10117279,121,223,7258,2004,19040.0,0.0,1.3624690000000002,0.928342,KOR,TUN,521032
10117280,162,223,7258,2004,60574.0,0.0,1.251808,1.586526,NLD,TUN,521032
10117281,216,223,7258,2004,5481.0,0.0,0.5150359999999999,1.583019,THA,TUN,521032
10117282,224,223,7258,2004,6596.0,0.0,0.141454,1.9463599999999999,TUR,TUN,521032
10117283,249,223,7258,2004,914.0,0.0,1.626307,1.358315,TWN,TUN,521032
10117284,18,224,7258,2004,26254.0,39846.0,1.350911,1.408209,BEL,TUR,521032
10117285,23,224,7258,2004,0.0,196016.0,0.35536,1.499182,BGR,TUR,521032
10117286,26,224,7258,2004,0.0,1401.0,0.385952,0.571774,BIH,TUR,521032
10117287,28,224,7258,2004,0.0,1026.0,0.8553139999999999,0.703926,BLR,TUR,521032
10117288,32,224,7258,2004,18083.0,0.0,0.540718,1.149065,BRA,TUR,521032
10117289,39,224,7258,2004,0.0,3029.0,0.9392739999999999,1.19228,CAN,TUR,521032
10117290,43,224,7258,2004,36871.0,39584.0,0.581548,2.8689880000000003,CHN,TUR,521032
10117291,61,224,7258,2004,179754.0,1962593.0,2.266076,-2.011139,DEU,TUR,521032
10117292,64,224,7258,2004,0.0,8079.0,1.328968,1.262743,DNK,TUR,521032
10117293,71,224,7258,2004,58203.0,320124.0,0.9784649999999999,2.051216,ESP,TUR,521032
10117294,74,224,7258,2004,16971.0,0.0,2.000218,0.9867309999999999,FIN,TUR,521032
10117295,77,224,7258,2004,260544.0,228144.0,1.6003530000000001,0.643945,FRA,TUR,521032
10117296,81,224,7258,2004,3306.0,65544.0,1.843506,0.684779,GBR,TUR,521032
10117297,90,224,7258,2004,2004.0,38972.0,0.348853,1.661656,GRC,TUR,521032
10117298,97,224,7258,2004,0.0,17799.0,0.604825,2.098745,HKG,TUR,521032
10117299,100,224,7258,2004,0.0,2835.0,0.6669970000000001,1.088043,HRV,TUR,521032
10117300,103,224,7258,2004,46105.0,0.0,-0.223644,1.719065,IDN,TUR,521032
10117301,107,224,7258,2004,0.0,29264.0,-0.38210700000000003,-0.8408620000000001,IRN,TUR,521032
10117302,110,224,7258,2004,2485.0,79722.0,1.250393,0.8003979999999999,ISR,TUR,521032
10117303,111,224,7258,2004,375976.0,98252.0,1.358057,1.11533,ITA,TUR,521032
10117304,114,224,7258,2004,0.0,9112.0,2.526624,0.452054,JPN,TUR,521032
10117305,121,224,7258,2004,19958.0,0.0,1.3624690000000002,0.928342,KOR,TUR,521032
10117306,130,224,7258,2004,0.0,88319.0,0.403568,0.632707,LTU,TUR,521032
10117307,134,224,7258,2004,0.0,165720.0,-0.681556,-0.152372,MAR,TUR,521032
10117308,135,224,7258,2004,0.0,17079.0,-0.155523,-0.355142,MDA,TUR,521032
10117309,138,224,7258,2004,0.0,8288.0,0.868684,0.85506,MEX,TUR,521032
10117310,140,224,7258,2004,0.0,11018.0,-0.091013,0.190649,MKD,TUR,521032
10117311,153,224,7258,2004,3738.0,0.0,0.6710050000000001,0.17807,MYS,TUR,521032
10117312,162,224,7258,2004,169812.0,180382.0,1.251808,1.586526,NLD,TUR,521032
10117313,177,224,7258,2004,0.0,5530.0,1.019341,1.519452,POL,TUR,521032
10117314,179,224,7258,2004,8072.0,32604.0,0.524524,1.901139,PRT,TUR,521032
10117315,185,224,7258,2004,0.0,111340.0,0.37241599999999997,1.015865,ROU,TUR,521032
10117316,186,224,7258,2004,0.0,8900.0,0.8952399999999999,0.172896,RUS,TUR,521032
10117317,189,224,7258,2004,0.0,27641.0,0.628071,2.210424,SCG,TUR,521032
10117318,206,224,7258,2004,0.0,3173.0,1.2375120000000002,0.8777889999999999,SVK,TUR,521032
10117319,207,224,7258,2004,0.0,13768.0,1.628643,1.02381,SVN,TUR,521032
10117320,208,224,7258,2004,209811.0,0.0,2.0522080000000003,0.8326969999999999,SWE,TUR,521032
10117321,216,224,7258,2004,54879.0,0.0,0.5150359999999999,1.583019,THA,TUR,521032
10117322,223,224,7258,2004,0.0,6596.0,-0.195751,0.335147,TUN,TUR,521032
10117323,228,224,7258,2004,0.0,34529.0,0.8758040000000001,0.8195879999999999,UKR,TUR,521032
10117324,239,224,7258,2004,5816.0,0.0,-0.5270560000000001,0.8910389999999999,VNM,TUR,521032
10117325,250,224,7258,2004,2208177.0,3278154.0,0.509382,-0.30904299999999996,ANS,TUR,521032
10117326,18,228,7258,2004,77287.0,0.0,1.350911,1.408209,BEL,UKR,521032
10117327,43,228,7258,2004,30836.0,0.0,0.581548,2.8689880000000003,CHN,UKR,521032
10117328,59,228,7258,2004,1171.0,0.0,1.562625,0.865244,CZE,UKR,521032
10117329,61,228,7258,2004,1151287.0,0.0,2.266076,-2.011139,DEU,UKR,521032
10117330,77,228,7258,2004,104180.0,0.0,1.6003530000000001,0.643945,FRA,UKR,521032
10117331,102,228,7258,2004,41036.0,0.0,1.207082,1.019714,HUN,UKR,521032
10117332,103,228,7258,2004,17675.0,0.0,-0.223644,1.719065,IDN,UKR,521032
10117333,111,228,7258,2004,30266.0,0.0,1.358057,1.11533,ITA,UKR,521032
10117334,114,228,7258,2004,1538.0,0.0,2.526624,0.452054,JPN,UKR,521032
10117335,121,228,7258,2004,21017.0,0.0,1.3624690000000002,0.928342,KOR,UKR,521032
10117336,132,228,7258,2004,14055.0,0.0,0.413821,0.627853,LVA,UKR,521032
10117337,162,228,7258,2004,5235.0,0.0,1.251808,1.586526,NLD,UKR,521032
10117338,177,228,7258,2004,6039.0,0.0,1.019341,1.519452,POL,UKR,521032
10117339,179,228,7258,2004,5503.0,0.0,0.524524,1.901139,PRT,UKR,521032
10117340,185,228,7258,2004,2985.0,6970.0,0.37241599999999997,1.015865,ROU,UKR,521032
10117341,186,228,7258,2004,38244.0,0.0,0.8952399999999999,0.172896,RUS,UKR,521032
10117342,206,228,7258,2004,5315.0,0.0,1.2375120000000002,0.8777889999999999,SVK,UKR,521032
10117343,207,228,7258,2004,1475.0,0.0,1.628643,1.02381,SVN,UKR,521032
10117344,216,228,7258,2004,146836.0,0.0,0.5150359999999999,1.583019,THA,UKR,521032
10117345,224,228,7258,2004,34529.0,0.0,0.141454,1.9463599999999999,TUR,UKR,521032
10117346,246,37,7258,2004,1430.0,0.0,0.460279,1.9736220000000002,ZAF,BWA,521032
10117347,32,42,7258,2004,38564.0,0.0,0.540718,1.149065,BRA,CHL,521032
10117348,43,42,7258,2004,25727.0,0.0,0.581548,2.8689880000000003,CHN,CHL,521032
10117349,71,42,7258,2004,2277.0,0.0,0.9784649999999999,2.051216,ESP,CHL,521032
10117350,77,42,7258,2004,985.0,0.0,1.6003530000000001,0.643945,FRA,CHL,521032
10117351,103,42,7258,2004,8918.0,0.0,-0.223644,1.719065,IDN,CHL,521032
10117352,162,42,7258,2004,5107.0,0.0,1.251808,1.586526,NLD,CHL,521032
10117353,231,42,7258,2004,1302.0,0.0,1.7598630000000002,0.066704,USA,CHL,521032
10117354,231,45,7258,2004,9361.0,0.0,1.7598630000000002,0.066704,USA,CMR,521032
10117355,81,58,7258,2004,2553.0,0.0,1.843506,0.684779,GBR,CYP,521032
10117356,111,58,7258,2004,5112.0,0.0,1.358057,1.11533,ITA,CYP,521032
10117357,121,58,7258,2004,26952.0,0.0,1.3624690000000002,0.928342,KOR,CYP,521032
10117358,249,58,7258,2004,14014.0,0.0,1.626307,1.358315,TWN,CYP,521032
10117359,41,133,7258,2004,3933.0,4838.0,2.151471,0.7196279999999999,CHE,MAC,521032
10117360,43,133,7258,2004,595695.0,27326.0,0.581548,2.8689880000000003,CHN,MAC,521032
10117361,64,133,7258,2004,3642.0,0.0,1.328968,1.262743,DNK,MAC,521032
10117362,97,133,7258,2004,13277.0,11870.0,0.604825,2.098745,HKG,MAC,521032
10117363,111,133,7258,2004,12667.0,0.0,1.358057,1.11533,ITA,MAC,521032
10117364,114,133,7258,2004,3102.0,0.0,2.526624,0.452054,JPN,MAC,521032
10117365,121,133,7258,2004,70395.0,0.0,1.3624690000000002,0.928342,KOR,MAC,521032
10117366,168,133,7258,2004,1411.0,0.0,-0.754143,0.25995100000000004,PAK,MAC,521032
10117367,239,133,7258,2004,3634.0,0.0,-0.5270560000000001,0.8910389999999999,VNM,MAC,521032
10117368,249,133,7258,2004,18716.0,0.0,1.626307,1.358315,TWN,MAC,521032
10117369,18,134,7258,2004,83619.0,0.0,1.350911,1.408209,BEL,MAR,521032
10117370,43,134,7258,2004,94042.0,0.0,0.581548,2.8689880000000003,CHN,MAR,521032
10117371,61,134,7258,2004,279227.0,0.0,2.266076,-2.011139,DEU,MAR,521032
10117372,71,134,7258,2004,81459.0,0.0,0.9784649999999999,2.051216,ESP,MAR,521032
10117373,77,134,7258,2004,714644.0,68653.0,1.6003530000000001,0.643945,FRA,MAR,521032
10117374,81,134,7258,2004,13202.0,0.0,1.843506,0.684779,GBR,MAR,521032
10117375,106,134,7258,2004,10880.0,0.0,1.501859,0.14456,IRL,MAR,521032
10117376,111,134,7258,2004,163548.0,11178.0,1.358057,1.11533,ITA,MAR,521032
10117377,121,134,7258,2004,27892.0,0.0,1.3624690000000002,0.928342,KOR,MAR,521032
10117378,162,134,7258,2004,146764.0,61712.0,1.251808,1.586526,NLD,MAR,521032
10117379,179,134,7258,2004,26120.0,0.0,0.524524,1.901139,PRT,MAR,521032
10117380,216,134,7258,2004,3994.0,0.0,0.5150359999999999,1.583019,THA,MAR,521032
10117381,224,134,7258,2004,165720.0,0.0,0.141454,1.9463599999999999,TUR,MAR,521032
10117382,249,134,7258,2004,3153.0,0.0,1.626307,1.358315,TWN,MAR,521032
10117383,97,151,7258,2004,31824.0,0.0,0.604825,2.098745,HKG,MUS,521032
10117384,121,151,7258,2004,2675.0,0.0,1.3624690000000002,0.928342,KOR,MUS,521032
10117385,136,151,7258,2004,0.0,45720.0,-1.355542,-0.634409,MDG,MUS,521032
10117386,168,151,7258,2004,4024.0,0.0,-0.754143,0.25995100000000004,PAK,MUS,521032
10117387,246,151,7258,2004,8233.0,0.0,0.460279,1.9736220000000002,ZAF,MUS,521032
10117388,43,152,7258,2004,329871.0,0.0,0.581548,2.8689880000000003,CHN,MWI,521032
10117389,97,152,7258,2004,82426.0,0.0,0.604825,2.098745,HKG,MWI,521032
10117390,249,152,7258,2004,316458.0,0.0,1.626307,1.358315,TWN,MWI,521032
10117391,18,179,7258,2004,15612.0,0.0,1.350911,1.408209,BEL,PRT,521032
10117392,23,179,7258,2004,0.0,3065.0,0.35536,1.499182,BGR,PRT,521032
10117393,32,179,7258,2004,33089.0,0.0,0.540718,1.149065,BRA,PRT,521032
10117394,41,179,7258,2004,17086.0,0.0,2.151471,0.7196279999999999,CHE,PRT,521032
10117395,43,179,7258,2004,6739.0,14385.0,0.581548,2.8689880000000003,CHN,PRT,521032
10117396,61,179,7258,2004,369793.0,246657.0,2.266076,-2.011139,DEU,PRT,521032
10117397,71,179,7258,2004,231293.0,3351.0,0.9784649999999999,2.051216,ESP,PRT,521032
10117398,74,179,7258,2004,3651.0,0.0,2.000218,0.9867309999999999,FIN,PRT,521032
10117399,77,179,7258,2004,130995.0,12282.0,1.6003530000000001,0.643945,FRA,PRT,521032
10117400,81,179,7258,2004,5469.0,36293.0,1.843506,0.684779,GBR,PRT,521032
10117401,111,179,7258,2004,202258.0,8217.0,1.358057,1.11533,ITA,PRT,521032
10117402,114,179,7258,2004,2501.0,0.0,2.526624,0.452054,JPN,PRT,521032
10117403,134,179,7258,2004,0.0,26120.0,-0.681556,-0.152372,MAR,PRT,521032
10117404,162,179,7258,2004,32913.0,0.0,1.251808,1.586526,NLD,PRT,521032
10117405,224,179,7258,2004,32604.0,8072.0,0.141454,1.9463599999999999,TUR,PRT,521032
10117406,228,179,7258,2004,0.0,5503.0,0.8758040000000001,0.8195879999999999,UKR,PRT,521032
10117407,61,212,7258,2004,1683.0,0.0,2.266076,-2.011139,DEU,SYR,521032
10117408,121,212,7258,2004,26590.0,0.0,1.3624690000000002,0.928342,KOR,SYR,521032
10117409,18,239,7258,2004,11151.0,0.0,1.350911,1.408209,BEL,VNM,521032
10117410,22,239,7258,2004,0.0,52034.0,-1.150444,-0.885333,BGD,VNM,521032
10117411,43,239,7258,2004,478030.0,199165.0,0.581548,2.8689880000000003,CHN,VNM,521032
10117412,61,239,7258,2004,183839.0,0.0,2.266076,-2.011139,DEU,VNM,521032
10117413,71,239,7258,2004,1370.0,0.0,0.9784649999999999,2.051216,ESP,VNM,521032
10117414,90,239,7258,2004,0.0,9336.0,0.348853,1.661656,GRC,VNM,521032
10117415,97,239,7258,2004,253209.0,22203.0,0.604825,2.098745,HKG,VNM,521032
10117416,103,239,7258,2004,15317.0,63274.0,-0.223644,1.719065,IDN,VNM,521032
10117417,104,239,7258,2004,0.0,20313.0,0.233348,2.790987,IND,VNM,521032
10117418,114,239,7258,2004,2746511.0,0.0,2.526624,0.452054,JPN,VNM,521032
10117419,118,239,7258,2004,0.0,23404.0,-1.4676209999999998,-1.1972639999999999,KHM,VNM,521032
10117420,121,239,7258,2004,2135544.0,164335.0,1.3624690000000002,0.928342,KOR,VNM,521032
10117421,133,239,7258,2004,0.0,3634.0,-0.351045,-0.487521,MAC,VNM,521032
10117422,138,239,7258,2004,0.0,94402.0,0.868684,0.85506,MEX,VNM,521032
10117423,216,239,7258,2004,13500.0,4249.0,0.5150359999999999,1.583019,THA,VNM,521032
10117424,224,239,7258,2004,0.0,5816.0,0.141454,1.9463599999999999,TUR,VNM,521032
10117425,249,239,7258,2004,273449.0,0.0,1.626307,1.358315,TWN,VNM,521032
10117426,15,26,7258,2004,1929.0,0.0,1.825391,0.40553,AUT,BIH,521032
10117427,43,26,7258,2004,352.0,0.0,0.581548,2.8689880000000003,CHN,BIH,521032
10117428,61,26,7258,2004,107147.0,0.0,2.266076,-2.011139,DEU,BIH,521032
10117429,100,26,7258,2004,9516.0,1398.0,0.6669970000000001,1.088043,HRV,BIH,521032
10117430,111,26,7258,2004,107857.0,0.0,1.358057,1.11533,ITA,BIH,521032
10117431,169,26,7258,2004,13181.0,0.0,-0.011979,0.261315,PAN,BIH,521032
10117432,207,26,7258,2004,28071.0,0.0,1.628643,1.02381,SVN,BIH,521032
10117433,224,26,7258,2004,1401.0,0.0,0.141454,1.9463599999999999,TUR,BIH,521032
10117434,61,109,7258,2004,1933.0,0.0,2.266076,-2.011139,DEU,ISL,521032
10117435,77,109,7258,2004,9474.0,0.0,1.6003530000000001,0.643945,FRA,ISL,521032
10117436,61,135,7258,2004,116159.0,0.0,2.266076,-2.011139,DEU,MDA,521032
10117437,111,135,7258,2004,116648.0,0.0,1.358057,1.11533,ITA,MDA,521032
10117438,186,135,7258,2004,71399.0,7645.0,0.8952399999999999,0.172896,RUS,MDA,521032
10117439,224,135,7258,2004,17079.0,0.0,0.141454,1.9463599999999999,TUR,MDA,521032
10117440,18,140,7258,2004,2483.0,0.0,1.350911,1.408209,BEL,MKD,521032
10117441,61,140,7258,2004,367015.0,0.0,2.266076,-2.011139,DEU,MKD,521032
10117442,77,140,7258,2004,4994.0,0.0,1.6003530000000001,0.643945,FRA,MKD,521032
10117443,111,140,7258,2004,18408.0,0.0,1.358057,1.11533,ITA,MKD,521032
10117444,224,140,7258,2004,11018.0,0.0,0.141454,1.9463599999999999,TUR,MKD,521032
10117445,114,178,7258,2004,8130.0,0.0,2.526624,0.452054,JPN,PRK,521032
10117446,177,178,7258,2004,0.0,1279.0,1.019341,1.519452,POL,PRK,521032
10117447,186,178,7258,2004,0.0,1918.0,0.8952399999999999,0.172896,RUS,PRK,521032
10117448,61,4,7258,2004,14024.0,0.0,2.266076,-2.011139,DEU,ALB,521032
10117449,111,4,7258,2004,3506.0,0.0,1.358057,1.11533,ITA,ALB,521032
10117450,32,31,7258,2004,5954.0,0.0,0.540718,1.149065,BRA,BOL,521032
10117451,43,160,7258,2004,80538.0,0.0,0.581548,2.8689880000000003,CHN,NIC,521032
10117452,121,1,7258,2004,8994.0,0.0,1.3624690000000002,0.928342,KOR,AFG,521032
10117453,103,75,7258,2004,2898.0,0.0,-0.223644,1.719065,IDN,FJI,521032
10117454,166,75,7258,2004,4792.0,0.0,0.567392,0.965781,NZL,FJI,521032
10117455,43,118,7258,2004,620030.0,0.0,0.581548,2.8689880000000003,CHN,KHM,521032
10117456,97,118,7258,2004,75981.0,0.0,0.604825,2.098745,HKG,KHM,521032
10117457,121,118,7258,2004,216574.0,5346.0,1.3624690000000002,0.928342,KOR,KHM,521032
10117458,239,118,7258,2004,23404.0,0.0,-0.5270560000000001,0.8910389999999999,VNM,KHM,521032
10117459,77,136,7258,2004,12817.0,0.0,1.6003530000000001,0.643945,FRA,MDG,521032
10117460,103,136,7258,2004,523.0,0.0,-0.223644,1.719065,IDN,MDG,521032
10117461,121,136,7258,2004,2291.0,0.0,1.3624690000000002,0.928342,KOR,MDG,521032
10117462,151,136,7258,2004,45720.0,0.0,-0.374754,-0.288504,MUS,MDG,521032
10117463,103,143,7258,2004,28683.0,0.0,-0.223644,1.719065,IDN,MMR,521032
10117464,114,143,7258,2004,5475.0,0.0,2.526624,0.452054,JPN,MMR,521032
10117465,121,143,7258,2004,223743.0,0.0,1.3624690000000002,0.928342,KOR,MMR,521032
10117466,43,145,7258,2004,469440.0,0.0,0.581548,2.8689880000000003,CHN,MNG,521032
10117467,121,145,7258,2004,19288.0,0.0,1.3624690000000002,0.928342,KOR,MNG,521032
10117468,97,164,7258,2004,41341.0,0.0,0.604825,2.098745,HKG,NPL,521032
10117469,104,164,7258,2004,27320.0,0.0,0.233348,2.790987,IND,NPL,521032
10117470,61,2,7258,2004,4025.0,0.0,2.266076,-2.011139,DEU,AGO,521032
10117471,64,78,7258,2004,2011.0,0.0,1.328968,1.262743,DNK,FRO,521032
10117472,71,78,7258,2004,451.0,0.0,0.9784649999999999,2.051216,ESP,FRO,521032
10117473,77,156,7258,2004,2430.0,0.0,1.6003530000000001,0.643945,FRA,NCL,521032
10117474,61,250,7258,2004,3224.0,0.0,2.266076,-2.011139,DEU,ANS,521032
10117475,72,250,7258,2004,0.0,158458.0,0.6101840000000001,0.9520370000000001,EST,ANS,521032
10117476,185,250,7258,2004,0.0,16381.0,0.37241599999999997,1.015865,ROU,ANS,521032
10117477,206,250,7258,2004,0.0,17839.0,1.2375120000000002,0.8777889999999999,SVK,ANS,521032
10117478,207,250,7258,2004,0.0,12957.0,1.628643,1.02381,SVN,ANS,521032
10117479,224,250,7258,2004,3278154.0,2208177.0,0.141454,1.9463599999999999,TUR,ANS,521032
10117480,121,123,7258,2004,25821.0,0.0,1.3624690000000002,0.928342,KOR,LAO,521032
10117481,216,123,7258,2004,20543.0,0.0,0.5150359999999999,1.583019,THA,LAO,521032
10117482,249,129,7258,2004,4100.0,0.0,1.626307,1.358315,TWN,LSO,521032
10117483,162,198,7258,2004,99528.0,0.0,1.251808,1.586526,NLD,SMR,521032
10117484,32,8,7261,2004,22853.0,0.0,0.540718,1.149065,BRA,ARG,521042
10117485,77,8,7261,2004,1031.0,0.0,1.6003530000000001,0.643945,FRA,ARG,521042
10117486,121,8,7261,2004,10413.0,0.0,1.3624690000000002,0.928342,KOR,ARG,521042
10117487,18,14,7261,2004,5168.0,0.0,1.350911,1.408209,BEL,AUS,521042
10117488,43,14,7261,2004,2950.0,0.0,0.581548,2.8689880000000003,CHN,AUS,521042
10117489,71,14,7261,2004,3768.0,0.0,0.9784649999999999,2.051216,ESP,AUS,521042
10117490,77,14,7261,2004,7118.0,0.0,1.6003530000000001,0.643945,FRA,AUS,521042
10117491,111,14,7261,2004,5275.0,0.0,1.358057,1.11533,ITA,AUS,521042
10117492,121,14,7261,2004,32793.0,0.0,1.3624690000000002,0.928342,KOR,AUS,521042
10117493,216,14,7261,2004,74900.0,0.0,0.5150359999999999,1.583019,THA,AUS,521042
10117494,224,14,7261,2004,4296.0,0.0,0.141454,1.9463599999999999,TUR,AUS,521042
10117495,231,14,7261,2004,1380.0,0.0,1.7598630000000002,0.066704,USA,AUS,521042
10117496,18,15,7261,2004,7490.0,0.0,1.350911,1.408209,BEL,AUT,521042
10117497,61,15,7261,2004,7921.0,974.0,2.266076,-2.011139,DEU,AUT,521042
10117498,71,15,7261,2004,2106.0,0.0,0.9784649999999999,2.051216,ESP,AUT,521042
10117499,77,15,7261,2004,25888.0,0.0,1.6003530000000001,0.643945,FRA,AUT,521042
10117500,97,15,7261,2004,0.0,7515.0,0.604825,2.098745,HKG,AUT,521042
10117501,102,15,7261,2004,0.0,11588.0,1.207082,1.019714,HUN,AUT,521042
10117502,109,15,7261,2004,0.0,3724.0,0.298844,-0.36366,ISL,AUT,521042
10117503,111,15,7261,2004,5291.0,0.0,1.358057,1.11533,ITA,AUT,521042
10117504,163,15,7261,2004,0.0,2349.0,1.10162,0.118709,NOR,AUT,521042
10117505,177,15,7261,2004,0.0,1474.0,1.019341,1.519452,POL,AUT,521042
10117506,185,15,7261,2004,0.0,1433.0,0.37241599999999997,1.015865,ROU,AUT,521042
10117507,208,15,7261,2004,0.0,2291.0,2.0522080000000003,0.8326969999999999,SWE,AUT,521042
10117508,224,15,7261,2004,0.0,1518.0,0.141454,1.9463599999999999,TUR,AUT,521042
10117509,246,15,7261,2004,0.0,894.0,0.460279,1.9736220000000002,ZAF,AUT,521042
10117510,249,15,7261,2004,0.0,3099.0,1.626307,1.358315,TWN,AUT,521042
10117511,14,18,7261,2004,0.0,5168.0,0.196641,0.8139460000000001,AUS,BEL,521042
10117512,15,18,7261,2004,0.0,7490.0,1.825391,0.40553,AUT,BEL,521042
10117513,61,18,7261,2004,1935.0,0.0,2.266076,-2.011139,DEU,BEL,521042
10117514,71,18,7261,2004,26409.0,5131.0,0.9784649999999999,2.051216,ESP,BEL,521042
10117515,77,18,7261,2004,46015.0,0.0,1.6003530000000001,0.643945,FRA,BEL,521042
10117516,81,18,7261,2004,0.0,6324.0,1.843506,0.684779,GBR,BEL,521042
10117517,97,18,7261,2004,0.0,923.0,0.604825,2.098745,HKG,BEL,521042
10117518,102,18,7261,2004,0.0,968.0,1.207082,1.019714,HUN,BEL,521042
10117519,111,18,7261,2004,26587.0,0.0,1.358057,1.11533,ITA,BEL,521042
10117520,114,18,7261,2004,6219.0,0.0,2.526624,0.452054,JPN,BEL,521042
10117521,130,18,7261,2004,6155.0,0.0,0.403568,0.632707,LTU,BEL,521042
10117522,132,18,7261,2004,0.0,4401.0,0.413821,0.627853,LVA,BEL,521042
10117523,134,18,7261,2004,0.0,1636.0,-0.681556,-0.152372,MAR,BEL,521042
10117524,140,18,7261,2004,0.0,6124.0,-0.091013,0.190649,MKD,BEL,521042
10117525,162,18,7261,2004,8491.0,0.0,1.251808,1.586526,NLD,BEL,521042
10117526,185,18,7261,2004,1265.0,16838.0,0.37241599999999997,1.015865,ROU,BEL,521042
10117527,228,18,7261,2004,0.0,16930.0,0.8758040000000001,0.8195879999999999,UKR,BEL,521042
10117528,249,18,7261,2004,0.0,3209.0,1.626307,1.358315,TWN,BEL,521042
10117529,8,32,7261,2004,0.0,22853.0,0.28128600000000004,0.64115,ARG,BRA,521042
10117530,42,32,7261,2004,0.0,46360.0,-0.07869,-0.33641,CHL,BRA,521042
10117531,49,32,7261,2004,0.0,1444.0,0.033128,0.47524799999999995,COL,BRA,521042
10117532,71,32,7261,2004,6827.0,0.0,0.9784649999999999,2.051216,ESP,BRA,521042
10117533,111,32,7261,2004,4530.0,0.0,1.358057,1.11533,ITA,BRA,521042
10117534,138,32,7261,2004,0.0,10126.0,0.868684,0.85506,MEX,BRA,521042
10117535,179,32,7261,2004,23537.0,0.0,0.524524,1.901139,PRT,BRA,521042
10117536,43,39,7261,2004,26882.0,0.0,0.581548,2.8689880000000003,CHN,CAN,521042
10117537,49,39,7261,2004,0.0,1139.0,0.033128,0.47524799999999995,COL,CAN,521042
10117538,61,39,7261,2004,968.0,0.0,2.266076,-2.011139,DEU,CAN,521042
10117539,71,39,7261,2004,16983.0,0.0,0.9784649999999999,2.051216,ESP,CAN,521042
10117540,77,39,7261,2004,68322.0,0.0,1.6003530000000001,0.643945,FRA,CAN,521042
10117541,103,39,7261,2004,5157.0,0.0,-0.223644,1.719065,IDN,CAN,521042
10117542,111,39,7261,2004,9101.0,0.0,1.358057,1.11533,ITA,CAN,521042
10117543,114,39,7261,2004,2633.0,0.0,2.526624,0.452054,JPN,CAN,521042
10117544,138,39,7261,2004,14497.0,0.0,0.868684,0.85506,MEX,CAN,521042
10117545,224,39,7261,2004,1305.0,0.0,0.141454,1.9463599999999999,TUR,CAN,521042
10117546,231,39,7261,2004,7086.0,0.0,1.7598630000000002,0.066704,USA,CAN,521042
10117547,43,41,7261,2004,0.0,7472.0,0.581548,2.8689880000000003,CHN,CHE,521042
10117548,61,41,7261,2004,5103.0,996.0,2.266076,-2.011139,DEU,CHE,521042
10117549,64,41,7261,2004,13167.0,0.0,1.328968,1.262743,DNK,CHE,521042
10117550,77,41,7261,2004,2286.0,0.0,1.6003530000000001,0.643945,FRA,CHE,521042
10117551,81,41,7261,2004,1009.0,0.0,1.843506,0.684779,GBR,CHE,521042
10117552,111,41,7261,2004,6757.0,7718.0,1.358057,1.11533,ITA,CHE,521042
10117553,162,41,7261,2004,0.0,9164.0,1.251808,1.586526,NLD,CHE,521042
10117554,206,41,7261,2004,0.0,10857.0,1.2375120000000002,0.8777889999999999,SVK,CHE,521042
10117555,7,43,7261,2004,0.0,17268.0,0.1799,-0.34541900000000003,ARE,CHN,521042
10117556,14,43,7261,2004,0.0,2950.0,0.196641,0.8139460000000001,AUS,CHN,521042
10117557,22,43,7261,2004,0.0,252560.0,-1.150444,-0.885333,BGD,CHN,521042
10117558,39,43,7261,2004,0.0,26882.0,0.9392739999999999,1.19228,CAN,CHN,521042
10117559,41,43,7261,2004,7472.0,0.0,2.151471,0.7196279999999999,CHE,CHN,521042
10117560,49,43,7261,2004,0.0,902.0,0.033128,0.47524799999999995,COL,CHN,521042
10117561,59,43,7261,2004,0.0,2665.0,1.562625,0.865244,CZE,CHN,521042
10117562,61,43,7261,2004,5886.0,0.0,2.266076,-2.011139,DEU,CHN,521042
10117563,71,43,7261,2004,6108.0,0.0,0.9784649999999999,2.051216,ESP,CHN,521042
10117564,77,43,7261,2004,0.0,2989.0,1.6003530000000001,0.643945,FRA,CHN,521042
10117565,93,43,7261,2004,0.0,24807.0,-0.46136000000000005,0.148122,GTM,CHN,521042
10117566,97,43,7261,2004,456069.0,373787.0,0.604825,2.098745,HKG,CHN,521042
10117567,103,43,7261,2004,0.0,76792.0,-0.223644,1.719065,IDN,CHN,521042
10117568,104,43,7261,2004,0.0,47572.0,0.233348,2.790987,IND,CHN,521042
10117569,110,43,7261,2004,0.0,17560.0,1.250393,0.8003979999999999,ISR,CHN,521042
10117570,111,43,7261,2004,2785.0,69457.0,1.358057,1.11533,ITA,CHN,521042
10117571,112,43,7261,2004,0.0,4489.0,-0.64957,-0.944183,JAM,CHN,521042
10117572,114,43,7261,2004,2661156.0,15562.0,2.526624,0.452054,JPN,CHN,521042
10117573,118,43,7261,2004,0.0,21353.0,-1.4676209999999998,-1.1972639999999999,KHM,CHN,521042
10117574,121,43,7261,2004,287223.0,50539.0,1.3624690000000002,0.928342,KOR,CHN,521042
10117575,124,43,7261,2004,0.0,2267.0,0.32409899999999997,1.037024,LBN,CHN,521042
10117576,128,43,7261,2004,0.0,130838.0,-0.658668,0.21912600000000002,LKA,CHN,521042
10117577,133,43,7261,2004,13023.0,59488.0,-0.351045,-0.487521,MAC,CHN,521042
10117578,134,43,7261,2004,0.0,5029.0,-0.681556,-0.152372,MAR,CHN,521042
10117579,138,43,7261,2004,0.0,21091.0,0.868684,0.85506,MEX,CHN,521042
10117580,140,43,7261,2004,0.0,10391.0,-0.091013,0.190649,MKD,CHN,521042
10117581,162,43,7261,2004,22427.0,7441.0,1.251808,1.586526,NLD,CHN,521042
10117582,168,43,7261,2004,0.0,24175.0,-0.754143,0.25995100000000004,PAK,CHN,521042
10117583,174,43,7261,2004,0.0,6842.0,-0.076709,-0.149006,PHL,CHN,521042
10117584,177,43,7261,2004,0.0,2643.0,1.019341,1.519452,POL,CHN,521042
10117585,185,43,7261,2004,0.0,12291.0,0.37241599999999997,1.015865,ROU,CHN,521042
10117586,212,43,7261,2004,0.0,4207.0,-0.568707,-0.034736,SYR,CHN,521042
10117587,216,43,7261,2004,9747.0,615804.0,0.5150359999999999,1.583019,THA,CHN,521042
10117588,231,43,7261,2004,0.0,7964.0,1.7598630000000002,0.066704,USA,CHN,521042
10117589,246,43,7261,2004,0.0,9152.0,0.460279,1.9736220000000002,ZAF,CHN,521042
10117590,249,43,7261,2004,1112284.0,0.0,1.626307,1.358315,TWN,CHN,521042
10117591,32,49,7261,2004,1444.0,0.0,0.540718,1.149065,BRA,COL,521042
10117592,39,49,7261,2004,1139.0,0.0,0.9392739999999999,1.19228,CAN,COL,521042
10117593,43,49,7261,2004,902.0,0.0,0.581548,2.8689880000000003,CHN,COL,521042
10117594,61,49,7261,2004,6581.0,0.0,2.266076,-2.011139,DEU,COL,521042
10117595,71,49,7261,2004,9885.0,0.0,0.9784649999999999,2.051216,ESP,COL,521042
10117596,103,49,7261,2004,5067.0,0.0,-0.223644,1.719065,IDN,COL,521042
10117597,162,49,7261,2004,12921.0,0.0,1.251808,1.586526,NLD,COL,521042
10117598,173,49,7261,2004,48724.0,0.0,-0.564244,0.131232,PER,COL,521042
10117599,216,49,7261,2004,16137.0,0.0,0.5150359999999999,1.583019,THA,COL,521042
10117600,231,49,7261,2004,2218.0,0.0,1.7598630000000002,0.066704,USA,COL,521042
10117601,15,61,7261,2004,974.0,7921.0,1.825391,0.40553,AUT,DEU,521042
10117602,18,61,7261,2004,0.0,1935.0,1.350911,1.408209,BEL,DEU,521042
10117603,23,61,7261,2004,0.0,201175.0,0.35536,1.499182,BGR,DEU,521042
10117604,26,61,7261,2004,0.0,116791.0,0.385952,0.571774,BIH,DEU,521042
10117605,39,61,7261,2004,0.0,968.0,0.9392739999999999,1.19228,CAN,DEU,521042
10117606,41,61,7261,2004,996.0,5103.0,2.151471,0.7196279999999999,CHE,DEU,521042
10117607,43,61,7261,2004,0.0,5886.0,0.581548,2.8689880000000003,CHN,DEU,521042
10117608,49,61,7261,2004,0.0,6581.0,0.033128,0.47524799999999995,COL,DEU,521042
10117609,58,61,7261,2004,0.0,1238.0,0.533521,0.615939,CYP,DEU,521042
10117610,59,61,7261,2004,7998.0,67478.0,1.562625,0.865244,CZE,DEU,521042
10117611,64,61,7261,2004,0.0,13817.0,1.328968,1.262743,DNK,DEU,521042
10117612,71,61,7261,2004,111400.0,51355.0,0.9784649999999999,2.051216,ESP,DEU,521042
10117613,72,61,7261,2004,0.0,16511.0,0.6101840000000001,0.9520370000000001,EST,DEU,521042
10117614,74,61,7261,2004,0.0,3922.0,2.000218,0.9867309999999999,FIN,DEU,521042
10117615,77,61,7261,2004,787336.0,17847.0,1.6003530000000001,0.643945,FRA,DEU,521042
10117616,81,61,7261,2004,0.0,1000.0,1.843506,0.684779,GBR,DEU,521042
10117617,90,61,7261,2004,0.0,12905.0,0.348853,1.661656,GRC,DEU,521042
10117618,97,61,7261,2004,0.0,5829.0,0.604825,2.098745,HKG,DEU,521042
10117619,100,61,7261,2004,0.0,47442.0,0.6669970000000001,1.088043,HRV,DEU,521042
10117620,102,61,7261,2004,0.0,37348.0,1.207082,1.019714,HUN,DEU,521042
10117621,106,61,7261,2004,0.0,2919.0,1.501859,0.14456,IRL,DEU,521042
10117622,111,61,7261,2004,507964.0,129034.0,1.358057,1.11533,ITA,DEU,521042
10117623,114,61,7261,2004,0.0,37464.0,2.526624,0.452054,JPN,DEU,521042
10117624,121,61,7261,2004,1591.0,7831.0,1.3624690000000002,0.928342,KOR,DEU,521042
10117625,124,61,7261,2004,0.0,970.0,0.32409899999999997,1.037024,LBN,DEU,521042
10117626,130,61,7261,2004,0.0,4845.0,0.403568,0.632707,LTU,DEU,521042
10117627,132,61,7261,2004,0.0,3942.0,0.413821,0.627853,LVA,DEU,521042
10117628,134,61,7261,2004,0.0,7348.0,-0.681556,-0.152372,MAR,DEU,521042
10117629,135,61,7261,2004,0.0,20672.0,-0.155523,-0.355142,MDA,DEU,521042
10117630,140,61,7261,2004,0.0,129988.0,-0.091013,0.190649,MKD,DEU,521042
10117631,162,61,7261,2004,11558.0,55508.0,1.251808,1.586526,NLD,DEU,521042
10117632,168,61,7261,2004,3878.0,0.0,-0.754143,0.25995100000000004,PAK,DEU,521042
10117633,177,61,7261,2004,2450.0,488057.0,1.019341,1.519452,POL,DEU,521042
10117634,179,61,7261,2004,41264.0,71569.0,0.524524,1.901139,PRT,DEU,521042
10117635,185,61,7261,2004,6281.0,716761.0,0.37241599999999997,1.015865,ROU,DEU,521042
10117636,186,61,7261,2004,0.0,28844.0,0.8952399999999999,0.172896,RUS,DEU,521042
10117637,189,61,7261,2004,0.0,27319.0,0.628071,2.210424,SCG,DEU,521042
10117638,206,61,7261,2004,0.0,112518.0,1.2375120000000002,0.8777889999999999,SVK,DEU,521042
10117639,207,61,7261,2004,0.0,133303.0,1.628643,1.02381,SVN,DEU,521042
10117640,216,61,7261,2004,1493.0,0.0,0.5150359999999999,1.583019,THA,DEU,521042
10117641,223,61,7261,2004,0.0,48850.0,-0.195751,0.335147,TUN,DEU,521042
10117642,224,61,7261,2004,97398.0,12827.0,0.141454,1.9463599999999999,TUR,DEU,521042
10117643,228,61,7261,2004,0.0,177098.0,0.8758040000000001,0.8195879999999999,UKR,DEU,521042
10117644,230,61,7261,2004,0.0,4920.0,0.151633,0.121776,URY,DEU,521042
10117645,231,61,7261,2004,0.0,5625.0,1.7598630000000002,0.066704,USA,DEU,521042
10117646,236,61,7261,2004,0.0,12390.0,0.048698000000000005,-0.899776,VEN,DEU,521042
10117647,41,64,7261,2004,0.0,13167.0,2.151471,0.7196279999999999,CHE,DNK,521042
10117648,61,64,7261,2004,13817.0,0.0,2.266076,-2.011139,DEU,DNK,521042
10117649,71,64,7261,2004,20929.0,0.0,0.9784649999999999,2.051216,ESP,DNK,521042
10117650,77,64,7261,2004,10757.0,0.0,1.6003530000000001,0.643945,FRA,DNK,521042
10117651,162,64,7261,2004,2493.0,0.0,1.251808,1.586526,NLD,DNK,521042
10117652,177,64,7261,2004,0.0,2405.0,1.019341,1.519452,POL,DNK,521042
10117653,224,64,7261,2004,1558.0,0.0,0.141454,1.9463599999999999,TUR,DNK,521042
10117654,231,67,7261,2004,2856.0,0.0,1.7598630000000002,0.066704,USA,ECU,521042
10117655,14,71,7261,2004,0.0,3768.0,0.196641,0.8139460000000001,AUS,ESP,521042
10117656,15,71,7261,2004,0.0,2106.0,1.825391,0.40553,AUT,ESP,521042
10117657,18,71,7261,2004,5131.0,26409.0,1.350911,1.408209,BEL,ESP,521042
10117658,23,71,7261,2004,0.0,2820.0,0.35536,1.499182,BGR,ESP,521042
10117659,32,71,7261,2004,0.0,6827.0,0.540718,1.149065,BRA,ESP,521042
10117660,39,71,7261,2004,0.0,16983.0,0.9392739999999999,1.19228,CAN,ESP,521042
10117661,43,71,7261,2004,0.0,6108.0,0.581548,2.8689880000000003,CHN,ESP,521042
10117662,49,71,7261,2004,0.0,9885.0,0.033128,0.47524799999999995,COL,ESP,521042
10117663,59,71,7261,2004,0.0,3310.0,1.562625,0.865244,CZE,ESP,521042
10117664,61,71,7261,2004,51355.0,111400.0,2.266076,-2.011139,DEU,ESP,521042
10117665,64,71,7261,2004,0.0,20929.0,1.328968,1.262743,DNK,ESP,521042
10117666,72,71,7261,2004,0.0,10666.0,0.6101840000000001,0.9520370000000001,EST,ESP,521042
10117667,74,71,7261,2004,0.0,72407.0,2.000218,0.9867309999999999,FIN,ESP,521042
10117668,77,71,7261,2004,194920.0,68573.0,1.6003530000000001,0.643945,FRA,ESP,521042
10117669,81,71,7261,2004,0.0,91627.0,1.843506,0.684779,GBR,ESP,521042
10117670,90,71,7261,2004,1003.0,5272.0,0.348853,1.661656,GRC,ESP,521042
10117671,97,71,7261,2004,0.0,1273.0,0.604825,2.098745,HKG,ESP,521042
10117672,100,71,7261,2004,0.0,1542.0,0.6669970000000001,1.088043,HRV,ESP,521042
10117673,102,71,7261,2004,0.0,14677.0,1.207082,1.019714,HUN,ESP,521042
10117674,104,71,7261,2004,0.0,1541.0,0.233348,2.790987,IND,ESP,521042
10117675,106,71,7261,2004,0.0,25888.0,1.501859,0.14456,IRL,ESP,521042
10117676,111,71,7261,2004,215955.0,63649.0,1.358057,1.11533,ITA,ESP,521042
10117677,121,71,7261,2004,33243.0,0.0,1.3624690000000002,0.928342,KOR,ESP,521042
10117678,122,71,7261,2004,0.0,3645.0,-0.481908,-1.172081,KWT,ESP,521042
10117679,130,71,7261,2004,0.0,12069.0,0.403568,0.632707,LTU,ESP,521042
10117680,134,71,7261,2004,0.0,127079.0,-0.681556,-0.152372,MAR,ESP,521042
10117681,136,71,7261,2004,0.0,1406.0,-1.355542,-0.634409,MDG,ESP,521042
10117682,138,71,7261,2004,0.0,66865.0,0.868684,0.85506,MEX,ESP,521042
10117683,162,71,7261,2004,1043.0,339991.0,1.251808,1.586526,NLD,ESP,521042
10117684,177,71,7261,2004,0.0,38381.0,1.019341,1.519452,POL,ESP,521042
10117685,179,71,7261,2004,13435.0,260620.0,0.524524,1.901139,PRT,ESP,521042
10117686,185,71,7261,2004,0.0,87379.0,0.37241599999999997,1.015865,ROU,ESP,521042
10117687,197,71,7261,2004,0.0,1156.0,-0.20529499999999998,0.1116,SLV,ESP,521042
10117688,198,71,7261,2004,0.0,10956.0,1.547269,0.386809,SMR,ESP,521042
10117689,207,71,7261,2004,2503.0,2345.0,1.628643,1.02381,SVN,ESP,521042
10117690,216,71,7261,2004,0.0,4684.0,0.5150359999999999,1.583019,THA,ESP,521042
10117691,223,71,7261,2004,0.0,3722.0,-0.195751,0.335147,TUN,ESP,521042
10117692,224,71,7261,2004,141609.0,50774.0,0.141454,1.9463599999999999,TUR,ESP,521042
10117693,231,71,7261,2004,0.0,8801.0,1.7598630000000002,0.066704,USA,ESP,521042
10117694,246,71,7261,2004,0.0,1768.0,0.460279,1.9736220000000002,ZAF,ESP,521042
10117695,249,71,7261,2004,0.0,2873.0,1.626307,1.358315,TWN,ESP,521042
10117696,61,72,7261,2004,16511.0,0.0,2.266076,-2.011139,DEU,EST,521042
10117697,71,72,7261,2004,10666.0,0.0,0.9784649999999999,2.051216,ESP,EST,521042
10117698,74,72,7261,2004,39761.0,0.0,2.000218,0.9867309999999999,FIN,EST,521042
10117699,81,72,7261,2004,2666.0,18121.0,1.843506,0.684779,GBR,EST,521042
10117700,111,72,7261,2004,1830.0,0.0,1.358057,1.11533,ITA,EST,521042
10117701,208,72,7261,2004,5262.0,0.0,2.0522080000000003,0.8326969999999999,SWE,EST,521042
10117702,250,72,7261,2004,4230.0,0.0,0.509382,-0.30904299999999996,ANS,EST,521042
10117703,61,74,7261,2004,3922.0,0.0,2.266076,-2.011139,DEU,FIN,521042
10117704,71,74,7261,2004,72407.0,0.0,0.9784649999999999,2.051216,ESP,FIN,521042
10117705,72,74,7261,2004,0.0,39761.0,0.6101840000000001,0.9520370000000001,EST,FIN,521042
10117706,77,74,7261,2004,45855.0,0.0,1.6003530000000001,0.643945,FRA,FIN,521042
10117707,208,74,7261,2004,10486.0,0.0,2.0522080000000003,0.8326969999999999,SWE,FIN,521042
10117708,8,77,7261,2004,0.0,1031.0,0.28128600000000004,0.64115,ARG,FRA,521042
10117709,14,77,7261,2004,0.0,7118.0,0.196641,0.8139460000000001,AUS,FRA,521042
10117710,15,77,7261,2004,0.0,25888.0,1.825391,0.40553,AUT,FRA,521042
10117711,18,77,7261,2004,0.0,46015.0,1.350911,1.408209,BEL,FRA,521042
10117712,23,77,7261,2004,0.0,31976.0,0.35536,1.499182,BGR,FRA,521042
10117713,39,77,7261,2004,0.0,68322.0,0.9392739999999999,1.19228,CAN,FRA,521042
10117714,41,77,7261,2004,0.0,2286.0,2.151471,0.7196279999999999,CHE,FRA,521042
10117715,43,77,7261,2004,2989.0,0.0,0.581548,2.8689880000000003,CHN,FRA,521042
10117716,61,77,7261,2004,17847.0,787336.0,2.266076,-2.011139,DEU,FRA,521042
10117717,64,77,7261,2004,0.0,10757.0,1.328968,1.262743,DNK,FRA,521042
10117718,71,77,7261,2004,68573.0,194920.0,0.9784649999999999,2.051216,ESP,FRA,521042
10117719,74,77,7261,2004,0.0,45855.0,2.000218,0.9867309999999999,FIN,FRA,521042
10117720,81,77,7261,2004,15554.0,23391.0,1.843506,0.684779,GBR,FRA,521042
10117721,90,77,7261,2004,0.0,15716.0,0.348853,1.661656,GRC,FRA,521042
10117722,97,77,7261,2004,0.0,14540.0,0.604825,2.098745,HKG,FRA,521042
10117723,106,77,7261,2004,0.0,10935.0,1.501859,0.14456,IRL,FRA,521042
10117724,111,77,7261,2004,111808.0,466278.0,1.358057,1.11533,ITA,FRA,521042
10117725,114,77,7261,2004,10526.0,2395.0,2.526624,0.452054,JPN,FRA,521042
10117726,116,77,7261,2004,0.0,6628.0,-0.503694,0.410495,KEN,FRA,521042
10117727,121,77,7261,2004,0.0,5896.0,1.3624690000000002,0.928342,KOR,FRA,521042
10117728,124,77,7261,2004,0.0,4824.0,0.32409899999999997,1.037024,LBN,FRA,521042
10117729,130,77,7261,2004,0.0,23456.0,0.403568,0.632707,LTU,FRA,521042
10117730,132,77,7261,2004,0.0,4277.0,0.413821,0.627853,LVA,FRA,521042
10117731,134,77,7261,2004,1021.0,217779.0,-0.681556,-0.152372,MAR,FRA,521042
10117732,138,77,7261,2004,0.0,8282.0,0.868684,0.85506,MEX,FRA,521042
10117733,162,77,7261,2004,0.0,109138.0,1.251808,1.586526,NLD,FRA,521042
10117734,177,77,7261,2004,0.0,1229.0,1.019341,1.519452,POL,FRA,521042
10117735,179,77,7261,2004,52443.0,262080.0,0.524524,1.901139,PRT,FRA,521042
10117736,185,77,7261,2004,11352.0,73668.0,0.37241599999999997,1.015865,ROU,FRA,521042
10117737,186,77,7261,2004,0.0,6061.0,0.8952399999999999,0.172896,RUS,FRA,521042
10117738,206,77,7261,2004,0.0,8155.0,1.2375120000000002,0.8777889999999999,SVK,FRA,521042
10117739,207,77,7261,2004,0.0,39308.0,1.628643,1.02381,SVN,FRA,521042
10117740,208,77,7261,2004,0.0,23486.0,2.0522080000000003,0.8326969999999999,SWE,FRA,521042
10117741,216,77,7261,2004,0.0,9051.0,0.5150359999999999,1.583019,THA,FRA,521042
10117742,223,77,7261,2004,0.0,47276.0,-0.195751,0.335147,TUN,FRA,521042
10117743,224,77,7261,2004,14235.0,71016.0,0.141454,1.9463599999999999,TUR,FRA,521042
10117744,231,77,7261,2004,0.0,128488.0,1.7598630000000002,0.066704,USA,FRA,521042
10117745,249,77,7261,2004,7813.0,99621.0,1.626307,1.358315,TWN,FRA,521042
10117746,18,81,7261,2004,6324.0,0.0,1.350911,1.408209,BEL,GBR,521042
10117747,41,81,7261,2004,0.0,1009.0,2.151471,0.7196279999999999,CHE,GBR,521042
10117748,61,81,7261,2004,1000.0,0.0,2.266076,-2.011139,DEU,GBR,521042
10117749,71,81,7261,2004,91627.0,0.0,0.9784649999999999,2.051216,ESP,GBR,521042
10117750,72,81,7261,2004,18121.0,2666.0,0.6101840000000001,0.9520370000000001,EST,GBR,521042
10117751,77,81,7261,2004,23391.0,15554.0,1.6003530000000001,0.643945,FRA,GBR,521042
10117752,104,81,7261,2004,3646.0,0.0,0.233348,2.790987,IND,GBR,521042
10117753,106,81,7261,2004,1228.0,22341.0,1.501859,0.14456,IRL,GBR,521042
10117754,111,81,7261,2004,72541.0,21907.0,1.358057,1.11533,ITA,GBR,521042
10117755,134,81,7261,2004,0.0,43734.0,-0.681556,-0.152372,MAR,GBR,521042
10117756,162,81,7261,2004,0.0,2776.0,1.251808,1.586526,NLD,GBR,521042
10117757,163,81,7261,2004,0.0,2810.0,1.10162,0.118709,NOR,GBR,521042
10117758,179,81,7261,2004,54197.0,16664.0,0.524524,1.901139,PRT,GBR,521042
10117759,185,81,7261,2004,0.0,23421.0,0.37241599999999997,1.015865,ROU,GBR,521042
10117760,224,81,7261,2004,35576.0,3330.0,0.141454,1.9463599999999999,TUR,GBR,521042
10117761,231,81,7261,2004,0.0,218971.0,1.7598630000000002,0.066704,USA,GBR,521042
10117762,249,81,7261,2004,3017.0,0.0,1.626307,1.358315,TWN,GBR,521042
10117763,61,90,7261,2004,12905.0,0.0,2.266076,-2.011139,DEU,GRC,521042
10117764,71,90,7261,2004,5272.0,1003.0,0.9784649999999999,2.051216,ESP,GRC,521042
10117765,77,90,7261,2004,15716.0,0.0,1.6003530000000001,0.643945,FRA,GRC,521042
10117766,111,90,7261,2004,3433.0,0.0,1.358057,1.11533,ITA,GRC,521042
10117767,185,90,7261,2004,0.0,17581.0,0.37241599999999997,1.015865,ROU,GRC,521042
10117768,224,90,7261,2004,37649.0,0.0,0.141454,1.9463599999999999,TUR,GRC,521042
10117769,43,93,7261,2004,24807.0,0.0,0.581548,2.8689880000000003,CHN,GTM,521042
10117770,138,93,7261,2004,0.0,14913.0,0.868684,0.85506,MEX,GTM,521042
10117771,7,97,7261,2004,0.0,33413.0,0.1799,-0.34541900000000003,ARE,HKG,521042
10117772,15,97,7261,2004,7515.0,0.0,1.825391,0.40553,AUT,HKG,521042
10117773,18,97,7261,2004,923.0,0.0,1.350911,1.408209,BEL,HKG,521042
10117774,22,97,7261,2004,0.0,95364.0,-1.150444,-0.885333,BGD,HKG,521042
10117775,43,97,7261,2004,373787.0,456069.0,0.581548,2.8689880000000003,CHN,HKG,521042
10117776,61,97,7261,2004,5829.0,0.0,2.266076,-2.011139,DEU,HKG,521042
10117777,71,97,7261,2004,1273.0,0.0,0.9784649999999999,2.051216,ESP,HKG,521042
10117778,77,97,7261,2004,14540.0,0.0,1.6003530000000001,0.643945,FRA,HKG,521042
10117779,103,97,7261,2004,3165.0,0.0,-0.223644,1.719065,IDN,HKG,521042
10117780,104,97,7261,2004,0.0,18000.0,0.233348,2.790987,IND,HKG,521042
10117781,111,97,7261,2004,205296.0,0.0,1.358057,1.11533,ITA,HKG,521042
10117782,114,97,7261,2004,116629.0,0.0,2.526624,0.452054,JPN,HKG,521042
10117783,121,97,7261,2004,420816.0,0.0,1.3624690000000002,0.928342,KOR,HKG,521042
10117784,128,97,7261,2004,0.0,62618.0,-0.658668,0.21912600000000002,LKA,HKG,521042
10117785,133,97,7261,2004,14766.0,55266.0,-0.351045,-0.487521,MAC,HKG,521042
10117786,174,97,7261,2004,0.0,33092.0,-0.076709,-0.149006,PHL,HKG,521042
10117787,216,97,7261,2004,0.0,1200.0,0.5150359999999999,1.583019,THA,HKG,521042
10117788,224,97,7261,2004,8165.0,0.0,0.141454,1.9463599999999999,TUR,HKG,521042
10117789,239,97,7261,2004,0.0,21353.0,-0.5270560000000001,0.8910389999999999,VNM,HKG,521042
10117790,246,97,7261,2004,0.0,10949.0,0.460279,1.9736220000000002,ZAF,HKG,521042
10117791,249,97,7261,2004,360706.0,11487.0,1.626307,1.358315,TWN,HKG,521042
10117792,39,103,7261,2004,0.0,5157.0,0.9392739999999999,1.19228,CAN,IDN,521042
10117793,43,103,7261,2004,76792.0,0.0,0.581548,2.8689880000000003,CHN,IDN,521042
10117794,49,103,7261,2004,0.0,5067.0,0.033128,0.47524799999999995,COL,IDN,521042
10117795,97,103,7261,2004,0.0,3165.0,0.604825,2.098745,HKG,IDN,521042
10117796,114,103,7261,2004,137075.0,2815.0,2.526624,0.452054,JPN,IDN,521042
10117797,121,103,7261,2004,77639.0,0.0,1.3624690000000002,0.928342,KOR,IDN,521042
10117798,134,103,7261,2004,0.0,1589.0,-0.681556,-0.152372,MAR,IDN,521042
10117799,162,103,7261,2004,31087.0,0.0,1.251808,1.586526,NLD,IDN,521042
10117800,174,103,7261,2004,0.0,11600.0,-0.076709,-0.149006,PHL,IDN,521042
10117801,216,103,7261,2004,47981.0,0.0,0.5150359999999999,1.583019,THA,IDN,521042
10117802,7,104,7261,2004,0.0,7618.0,0.1799,-0.34541900000000003,ARE,IND,521042
10117803,43,104,7261,2004,47572.0,0.0,0.581548,2.8689880000000003,CHN,IND,521042
10117804,71,104,7261,2004,1541.0,0.0,0.9784649999999999,2.051216,ESP,IND,521042
10117805,81,104,7261,2004,0.0,3646.0,1.843506,0.684779,GBR,IND,521042
10117806,97,104,7261,2004,18000.0,0.0,0.604825,2.098745,HKG,IND,521042
10117807,111,104,7261,2004,2553.0,0.0,1.358057,1.11533,ITA,IND,521042
10117808,121,104,7261,2004,96796.0,0.0,1.3624690000000002,0.928342,KOR,IND,521042
10117809,128,104,7261,2004,0.0,12964.0,-0.658668,0.21912600000000002,LKA,IND,521042
10117810,164,104,7261,2004,0.0,1056.0,-0.323954,0.5528,NPL,IND,521042
10117811,183,104,7261,2004,0.0,1138.0,0.21713400000000002,-1.031806,QAT,IND,521042
10117812,231,104,7261,2004,0.0,130315.0,1.7598630000000002,0.066704,USA,IND,521042
10117813,247,104,7261,2004,0.0,1180.0,-0.9972190000000001,-0.853986,ZMB,IND,521042
10117814,249,104,7261,2004,103995.0,0.0,1.626307,1.358315,TWN,IND,521042
10117815,61,106,7261,2004,2919.0,0.0,2.266076,-2.011139,DEU,IRL,521042
10117816,71,106,7261,2004,25888.0,0.0,0.9784649999999999,2.051216,ESP,IRL,521042
10117817,77,106,7261,2004,10935.0,0.0,1.6003530000000001,0.643945,FRA,IRL,521042
10117818,81,106,7261,2004,22341.0,1228.0,1.843506,0.684779,GBR,IRL,521042
10117819,179,106,7261,2004,0.0,3790.0,0.524524,1.901139,PRT,IRL,521042
10117820,43,110,7261,2004,17560.0,0.0,0.581548,2.8689880000000003,CHN,ISR,521042
10117821,102,110,7261,2004,0.0,22981.0,1.207082,1.019714,HUN,ISR,521042
10117822,206,110,7261,2004,0.0,646.0,1.2375120000000002,0.8777889999999999,SVK,ISR,521042
10117823,207,110,7261,2004,0.0,1672.0,1.628643,1.02381,SVN,ISR,521042
10117824,14,111,7261,2004,0.0,5275.0,0.196641,0.8139460000000001,AUS,ITA,521042
10117825,15,111,7261,2004,0.0,5291.0,1.825391,0.40553,AUT,ITA,521042
10117826,18,111,7261,2004,0.0,26587.0,1.350911,1.408209,BEL,ITA,521042
10117827,23,111,7261,2004,0.0,27575.0,0.35536,1.499182,BGR,ITA,521042
10117828,26,111,7261,2004,0.0,16324.0,0.385952,0.571774,BIH,ITA,521042
10117829,32,111,7261,2004,0.0,4530.0,0.540718,1.149065,BRA,ITA,521042
10117830,39,111,7261,2004,0.0,9101.0,0.9392739999999999,1.19228,CAN,ITA,521042
10117831,41,111,7261,2004,7718.0,6757.0,2.151471,0.7196279999999999,CHE,ITA,521042
10117832,43,111,7261,2004,69457.0,2785.0,0.581548,2.8689880000000003,CHN,ITA,521042
10117833,59,111,7261,2004,0.0,23611.0,1.562625,0.865244,CZE,ITA,521042
10117834,61,111,7261,2004,129034.0,507964.0,2.266076,-2.011139,DEU,ITA,521042
10117835,71,111,7261,2004,63649.0,215955.0,0.9784649999999999,2.051216,ESP,ITA,521042
10117836,72,111,7261,2004,0.0,1830.0,0.6101840000000001,0.9520370000000001,EST,ITA,521042
10117837,77,111,7261,2004,466278.0,111808.0,1.6003530000000001,0.643945,FRA,ITA,521042
10117838,81,111,7261,2004,21907.0,72541.0,1.843506,0.684779,GBR,ITA,521042
10117839,90,111,7261,2004,0.0,3433.0,0.348853,1.661656,GRC,ITA,521042
10117840,97,111,7261,2004,0.0,205296.0,0.604825,2.098745,HKG,ITA,521042
10117841,100,111,7261,2004,0.0,4006.0,0.6669970000000001,1.088043,HRV,ITA,521042
10117842,102,111,7261,2004,0.0,21253.0,1.207082,1.019714,HUN,ITA,521042
10117843,104,111,7261,2004,0.0,2553.0,0.233348,2.790987,IND,ITA,521042
10117844,114,111,7261,2004,7442.0,92356.0,2.526624,0.452054,JPN,ITA,521042
10117845,121,111,7261,2004,0.0,55206.0,1.3624690000000002,0.928342,KOR,ITA,521042
10117846,124,111,7261,2004,0.0,2915.0,0.32409899999999997,1.037024,LBN,ITA,521042
10117847,133,111,7261,2004,0.0,741.0,-0.351045,-0.487521,MAC,ITA,521042
10117848,134,111,7261,2004,0.0,290818.0,-0.681556,-0.152372,MAR,ITA,521042
10117849,135,111,7261,2004,0.0,8578.0,-0.155523,-0.355142,MDA,ITA,521042
10117850,138,111,7261,2004,0.0,1958.0,0.868684,0.85506,MEX,ITA,521042
10117851,140,111,7261,2004,0.0,19811.0,-0.091013,0.190649,MKD,ITA,521042
10117852,142,111,7261,2004,0.0,5281.0,1.251894,0.063827,MLT,ITA,521042
10117853,151,111,7261,2004,0.0,1805.0,-0.374754,-0.288504,MUS,ITA,521042
10117854,162,111,7261,2004,0.0,70294.0,1.251808,1.586526,NLD,ITA,521042
10117855,177,111,7261,2004,0.0,269296.0,1.019341,1.519452,POL,ITA,521042
10117856,179,111,7261,2004,0.0,103516.0,0.524524,1.901139,PRT,ITA,521042
10117857,185,111,7261,2004,2331.0,134014.0,0.37241599999999997,1.015865,ROU,ITA,521042
10117858,186,111,7261,2004,0.0,2852.0,0.8952399999999999,0.172896,RUS,ITA,521042
10117859,206,111,7261,2004,0.0,16901.0,1.2375120000000002,0.8777889999999999,SVK,ITA,521042
10117860,207,111,7261,2004,0.0,4478.0,1.628643,1.02381,SVN,ITA,521042
10117861,208,111,7261,2004,0.0,1147.0,2.0522080000000003,0.8326969999999999,SWE,ITA,521042
10117862,223,111,7261,2004,0.0,66472.0,-0.195751,0.335147,TUN,ITA,521042
10117863,224,111,7261,2004,0.0,72564.0,0.141454,1.9463599999999999,TUR,ITA,521042
10117864,228,111,7261,2004,0.0,108523.0,0.8758040000000001,0.8195879999999999,UKR,ITA,521042
10117865,231,111,7261,2004,0.0,215583.0,1.7598630000000002,0.066704,USA,ITA,521042
10117866,236,111,7261,2004,0.0,15254.0,0.048698000000000005,-0.899776,VEN,ITA,521042
10117867,239,111,7261,2004,0.0,19650.0,-0.5270560000000001,0.8910389999999999,VNM,ITA,521042
10117868,249,111,7261,2004,0.0,15304.0,1.626307,1.358315,TWN,ITA,521042
10117869,43,112,7261,2004,4489.0,0.0,0.581548,2.8689880000000003,CHN,JAM,521042
10117870,18,114,7261,2004,0.0,6219.0,1.350911,1.408209,BEL,JPN,521042
10117871,39,114,7261,2004,0.0,2633.0,0.9392739999999999,1.19228,CAN,JPN,521042
10117872,43,114,7261,2004,15562.0,2661156.0,0.581548,2.8689880000000003,CHN,JPN,521042
10117873,61,114,7261,2004,37464.0,0.0,2.266076,-2.011139,DEU,JPN,521042
10117874,77,114,7261,2004,2395.0,10526.0,1.6003530000000001,0.643945,FRA,JPN,521042
10117875,97,114,7261,2004,0.0,116629.0,0.604825,2.098745,HKG,JPN,521042
10117876,103,114,7261,2004,2815.0,137075.0,-0.223644,1.719065,IDN,JPN,521042
10117877,111,114,7261,2004,92356.0,7442.0,1.358057,1.11533,ITA,JPN,521042
10117878,121,114,7261,2004,80307.0,46144.0,1.3624690000000002,0.928342,KOR,JPN,521042
10117879,128,114,7261,2004,0.0,2403.0,-0.658668,0.21912600000000002,LKA,JPN,521042
10117880,174,114,7261,2004,0.0,4389.0,-0.076709,-0.149006,PHL,JPN,521042
10117881,188,114,7261,2004,0.0,1877.0,0.546196,-0.7014729999999999,SAU,JPN,521042
10117882,192,114,7261,2004,0.0,3809.0,1.6409779999999998,0.634947,SGP,JPN,521042
10117883,216,114,7261,2004,0.0,49967.0,0.5150359999999999,1.583019,THA,JPN,521042
10117884,224,114,7261,2004,0.0,29540.0,0.141454,1.9463599999999999,TUR,JPN,521042
10117885,239,114,7261,2004,0.0,50706.0,-0.5270560000000001,0.8910389999999999,VNM,JPN,521042
10117886,249,114,7261,2004,8719.0,10912.0,1.626307,1.358315,TWN,JPN,521042
10117887,8,121,7261,2004,0.0,10413.0,0.28128600000000004,0.64115,ARG,KOR,521042
10117888,14,121,7261,2004,0.0,32793.0,0.196641,0.8139460000000001,AUS,KOR,521042
10117889,22,121,7261,2004,0.0,44349.0,-1.150444,-0.885333,BGD,KOR,521042
10117890,43,121,7261,2004,50539.0,287223.0,0.581548,2.8689880000000003,CHN,KOR,521042
10117891,61,121,7261,2004,7831.0,1591.0,2.266076,-2.011139,DEU,KOR,521042
10117892,71,121,7261,2004,0.0,33243.0,0.9784649999999999,2.051216,ESP,KOR,521042
10117893,77,121,7261,2004,5896.0,0.0,1.6003530000000001,0.643945,FRA,KOR,521042
10117894,97,121,7261,2004,0.0,420816.0,0.604825,2.098745,HKG,KOR,521042
10117895,103,121,7261,2004,0.0,77639.0,-0.223644,1.719065,IDN,KOR,521042
10117896,104,121,7261,2004,0.0,96796.0,0.233348,2.790987,IND,KOR,521042
10117897,111,121,7261,2004,55206.0,0.0,1.358057,1.11533,ITA,KOR,521042
10117898,114,121,7261,2004,46144.0,80307.0,2.526624,0.452054,JPN,KOR,521042
10117899,128,121,7261,2004,0.0,46020.0,-0.658668,0.21912600000000002,LKA,KOR,521042
10117900,134,121,7261,2004,0.0,1820.0,-0.681556,-0.152372,MAR,KOR,521042
10117901,166,121,7261,2004,0.0,3936.0,0.567392,0.965781,NZL,KOR,521042
10117902,174,121,7261,2004,0.0,22909.0,-0.076709,-0.149006,PHL,KOR,521042
10117903,224,121,7261,2004,0.0,16110.0,0.141454,1.9463599999999999,TUR,KOR,521042
10117904,231,121,7261,2004,0.0,16204.0,1.7598630000000002,0.066704,USA,KOR,521042
10117905,239,121,7261,2004,0.0,47752.0,-0.5270560000000001,0.8910389999999999,VNM,KOR,521042
10117906,249,121,7261,2004,27135.0,5842.0,1.626307,1.358315,TWN,KOR,521042
10117907,43,128,7261,2004,130838.0,0.0,0.581548,2.8689880000000003,CHN,LKA,521042
10117908,97,128,7261,2004,62618.0,0.0,0.604825,2.098745,HKG,LKA,521042
10117909,104,128,7261,2004,12964.0,0.0,0.233348,2.790987,IND,LKA,521042
10117910,114,128,7261,2004,2403.0,0.0,2.526624,0.452054,JPN,LKA,521042
10117911,121,128,7261,2004,46020.0,0.0,1.3624690000000002,0.928342,KOR,LKA,521042
10117912,249,128,7261,2004,1025089.0,0.0,1.626307,1.358315,TWN,LKA,521042
10117913,32,138,7261,2004,10126.0,0.0,0.540718,1.149065,BRA,MEX,521042
10117914,39,138,7261,2004,0.0,14497.0,0.9392739999999999,1.19228,CAN,MEX,521042
10117915,42,138,7261,2004,9032.0,0.0,-0.07869,-0.33641,CHL,MEX,521042
10117916,43,138,7261,2004,21091.0,0.0,0.581548,2.8689880000000003,CHN,MEX,521042
10117917,71,138,7261,2004,66865.0,0.0,0.9784649999999999,2.051216,ESP,MEX,521042
10117918,77,138,7261,2004,8282.0,0.0,1.6003530000000001,0.643945,FRA,MEX,521042
10117919,93,138,7261,2004,14913.0,0.0,-0.46136000000000005,0.148122,GTM,MEX,521042
10117920,111,138,7261,2004,1958.0,0.0,1.358057,1.11533,ITA,MEX,521042
10117921,173,138,7261,2004,2828.0,0.0,-0.564244,0.131232,PER,MEX,521042
10117922,179,138,7261,2004,2754.0,0.0,0.524524,1.901139,PRT,MEX,521042
10117923,216,138,7261,2004,14253.0,0.0,0.5150359999999999,1.583019,THA,MEX,521042
10117924,224,138,7261,2004,1636.0,0.0,0.141454,1.9463599999999999,TUR,MEX,521042
10117925,230,138,7261,2004,6907.0,0.0,0.151633,0.121776,URY,MEX,521042
10117926,231,138,7261,2004,1082082.0,551023.0,1.7598630000000002,0.066704,USA,MEX,521042
10117927,249,138,7261,2004,13881.0,0.0,1.626307,1.358315,TWN,MEX,521042
10117928,216,153,7261,2004,0.0,172674.0,0.5150359999999999,1.583019,THA,MYS,521042
10117929,231,153,7261,2004,0.0,21642.0,1.7598630000000002,0.066704,USA,MYS,521042
10117930,18,162,7261,2004,0.0,8491.0,1.350911,1.408209,BEL,NLD,521042
10117931,23,162,7261,2004,0.0,36460.0,0.35536,1.499182,BGR,NLD,521042
10117932,41,162,7261,2004,9164.0,0.0,2.151471,0.7196279999999999,CHE,NLD,521042
10117933,43,162,7261,2004,7441.0,22427.0,0.581548,2.8689880000000003,CHN,NLD,521042
10117934,49,162,7261,2004,0.0,12921.0,0.033128,0.47524799999999995,COL,NLD,521042
10117935,61,162,7261,2004,55508.0,11558.0,2.266076,-2.011139,DEU,NLD,521042
10117936,64,162,7261,2004,0.0,2493.0,1.328968,1.262743,DNK,NLD,521042
10117937,71,162,7261,2004,339991.0,1043.0,0.9784649999999999,2.051216,ESP,NLD,521042
10117938,77,162,7261,2004,109138.0,0.0,1.6003530000000001,0.643945,FRA,NLD,521042
10117939,81,162,7261,2004,2776.0,0.0,1.843506,0.684779,GBR,NLD,521042
10117940,103,162,7261,2004,0.0,31087.0,-0.223644,1.719065,IDN,NLD,521042
10117941,111,162,7261,2004,70294.0,0.0,1.358057,1.11533,ITA,NLD,521042
10117942,130,162,7261,2004,0.0,6234.0,0.403568,0.632707,LTU,NLD,521042
10117943,177,162,7261,2004,0.0,31231.0,1.019341,1.519452,POL,NLD,521042
10117944,179,162,7261,2004,10129.0,3936.0,0.524524,1.901139,PRT,NLD,521042
10117945,185,162,7261,2004,0.0,17512.0,0.37241599999999997,1.015865,ROU,NLD,521042
10117946,186,162,7261,2004,0.0,21100.0,0.8952399999999999,0.172896,RUS,NLD,521042
10117947,223,162,7261,2004,0.0,35671.0,-0.195751,0.335147,TUN,NLD,521042
10117948,121,166,7261,2004,3936.0,0.0,1.3624690000000002,0.928342,KOR,NZL,521042
10117949,231,166,7261,2004,30506.0,0.0,1.7598630000000002,0.066704,USA,NZL,521042
10117950,49,173,7261,2004,0.0,48724.0,0.033128,0.47524799999999995,COL,PER,521042
10117951,138,173,7261,2004,0.0,2828.0,0.868684,0.85506,MEX,PER,521042
10117952,43,174,7261,2004,6842.0,0.0,0.581548,2.8689880000000003,CHN,PHL,521042
10117953,97,174,7261,2004,33092.0,0.0,0.604825,2.098745,HKG,PHL,521042
10117954,103,174,7261,2004,11600.0,0.0,-0.223644,1.719065,IDN,PHL,521042
10117955,114,174,7261,2004,4389.0,0.0,2.526624,0.452054,JPN,PHL,521042
10117956,121,174,7261,2004,22909.0,0.0,1.3624690000000002,0.928342,KOR,PHL,521042
10117957,249,174,7261,2004,3027.0,0.0,1.626307,1.358315,TWN,PHL,521042
10117958,15,177,7261,2004,1474.0,0.0,1.825391,0.40553,AUT,POL,521042
10117959,43,177,7261,2004,2643.0,0.0,0.581548,2.8689880000000003,CHN,POL,521042
10117960,61,177,7261,2004,488057.0,2450.0,2.266076,-2.011139,DEU,POL,521042
10117961,64,177,7261,2004,2405.0,0.0,1.328968,1.262743,DNK,POL,521042
10117962,71,177,7261,2004,38381.0,0.0,0.9784649999999999,2.051216,ESP,POL,521042
10117963,77,177,7261,2004,1229.0,0.0,1.6003530000000001,0.643945,FRA,POL,521042
10117964,111,177,7261,2004,269296.0,0.0,1.358057,1.11533,ITA,POL,521042
10117965,162,177,7261,2004,31231.0,0.0,1.251808,1.586526,NLD,POL,521042
10117966,179,177,7261,2004,6444.0,0.0,0.524524,1.901139,PRT,POL,521042
10117967,185,177,7261,2004,0.0,45910.0,0.37241599999999997,1.015865,ROU,POL,521042
10117968,250,177,7261,2004,3625.0,0.0,0.509382,-0.30904299999999996,ANS,POL,521042
10117969,61,186,7261,2004,28844.0,0.0,2.266076,-2.011139,DEU,RUS,521042
10117970,77,186,7261,2004,6061.0,0.0,1.6003530000000001,0.643945,FRA,RUS,521042
10117971,111,186,7261,2004,2852.0,0.0,1.358057,1.11533,ITA,RUS,521042
10117972,162,186,7261,2004,21100.0,0.0,1.251808,1.586526,NLD,RUS,521042
10117973,224,186,7261,2004,11613.0,0.0,0.141454,1.9463599999999999,TUR,RUS,521042
10117974,71,197,7261,2004,1156.0,0.0,0.9784649999999999,2.051216,ESP,SLV,521042
10117975,15,208,7261,2004,2291.0,0.0,1.825391,0.40553,AUT,SWE,521042
10117976,72,208,7261,2004,0.0,5262.0,0.6101840000000001,0.9520370000000001,EST,SWE,521042
10117977,74,208,7261,2004,0.0,10486.0,2.000218,0.9867309999999999,FIN,SWE,521042
10117978,77,208,7261,2004,23486.0,0.0,1.6003530000000001,0.643945,FRA,SWE,521042
10117979,78,208,7261,2004,0.0,806.0,-1.026359,-0.960327,FRO,SWE,521042
10117980,109,208,7261,2004,0.0,4371.0,0.298844,-0.36366,ISL,SWE,521042
10117981,111,208,7261,2004,1147.0,0.0,1.358057,1.11533,ITA,SWE,521042
10117982,130,208,7261,2004,0.0,3743.0,0.403568,0.632707,LTU,SWE,521042
10117983,132,208,7261,2004,0.0,5804.0,0.413821,0.627853,LVA,SWE,521042
10117984,163,208,7261,2004,0.0,1336.0,1.10162,0.118709,NOR,SWE,521042
10117985,14,216,7261,2004,0.0,74900.0,0.196641,0.8139460000000001,AUS,THA,521042
10117986,43,216,7261,2004,615804.0,9747.0,0.581548,2.8689880000000003,CHN,THA,521042
10117987,49,216,7261,2004,0.0,16137.0,0.033128,0.47524799999999995,COL,THA,521042
10117988,61,216,7261,2004,0.0,1493.0,2.266076,-2.011139,DEU,THA,521042
10117989,71,216,7261,2004,4684.0,0.0,0.9784649999999999,2.051216,ESP,THA,521042
10117990,77,216,7261,2004,9051.0,0.0,1.6003530000000001,0.643945,FRA,THA,521042
10117991,97,216,7261,2004,1200.0,0.0,0.604825,2.098745,HKG,THA,521042
10117992,103,216,7261,2004,0.0,47981.0,-0.223644,1.719065,IDN,THA,521042
10117993,114,216,7261,2004,49967.0,0.0,2.526624,0.452054,JPN,THA,521042
10117994,134,216,7261,2004,0.0,121381.0,-0.681556,-0.152372,MAR,THA,521042
10117995,138,216,7261,2004,0.0,14253.0,0.868684,0.85506,MEX,THA,521042
10117996,153,216,7261,2004,172674.0,0.0,0.6710050000000001,0.17807,MYS,THA,521042
10117997,185,216,7261,2004,0.0,52981.0,0.37241599999999997,1.015865,ROU,THA,521042
10117998,224,216,7261,2004,0.0,19625.0,0.141454,1.9463599999999999,TUR,THA,521042
10117999,231,216,7261,2004,0.0,5434.0,1.7598630000000002,0.066704,USA,THA,521042
10118000,249,216,7261,2004,1192516.0,11908.0,1.626307,1.358315,TWN,THA,521042
10118001,61,230,7261,2004,4920.0,0.0,2.266076,-2.011139,DEU,URY,521042
10118002,138,230,7261,2004,0.0,6907.0,0.868684,0.85506,MEX,URY,521042
10118003,14,231,7261,2004,0.0,1380.0,0.196641,0.8139460000000001,AUS,USA,521042
10118004,30,231,7261,2004,0.0,11765.0,1.024248,-0.499122,BMU,USA,521042
10118005,39,231,7261,2004,0.0,7086.0,0.9392739999999999,1.19228,CAN,USA,521042
10118006,43,231,7261,2004,7964.0,0.0,0.581548,2.8689880000000003,CHN,USA,521042
10118007,49,231,7261,2004,0.0,2218.0,0.033128,0.47524799999999995,COL,USA,521042
10118008,61,231,7261,2004,5625.0,0.0,2.266076,-2.011139,DEU,USA,521042
10118009,67,231,7261,2004,0.0,2856.0,-1.149101,-1.013619,ECU,USA,521042
10118010,71,231,7261,2004,8801.0,0.0,0.9784649999999999,2.051216,ESP,USA,521042
10118011,77,231,7261,2004,128488.0,0.0,1.6003530000000001,0.643945,FRA,USA,521042
10118012,81,231,7261,2004,218971.0,0.0,1.843506,0.684779,GBR,USA,521042
10118013,104,231,7261,2004,130315.0,0.0,0.233348,2.790987,IND,USA,521042
10118014,111,231,7261,2004,215583.0,0.0,1.358057,1.11533,ITA,USA,521042
10118015,121,231,7261,2004,16204.0,0.0,1.3624690000000002,0.928342,KOR,USA,521042
10118016,138,231,7261,2004,551023.0,1082082.0,0.868684,0.85506,MEX,USA,521042
10118017,153,231,7261,2004,21642.0,0.0,0.6710050000000001,0.17807,MYS,USA,521042
10118018,166,231,7261,2004,0.0,30506.0,0.567392,0.965781,NZL,USA,521042
10118019,216,231,7261,2004,5434.0,0.0,0.5150359999999999,1.583019,THA,USA,521042
10118020,249,231,7261,2004,35328.0,0.0,1.626307,1.358315,TWN,USA,521042
10118021,61,236,7261,2004,12390.0,0.0,2.266076,-2.011139,DEU,VEN,521042
10118022,111,236,7261,2004,15254.0,0.0,1.358057,1.11533,ITA,VEN,521042
10118023,15,246,7261,2004,894.0,0.0,1.825391,0.40553,AUT,ZAF,521042
10118024,43,246,7261,2004,9152.0,0.0,0.581548,2.8689880000000003,CHN,ZAF,521042
10118025,71,246,7261,2004,1768.0,0.0,0.9784649999999999,2.051216,ESP,ZAF,521042
10118026,97,246,7261,2004,10949.0,0.0,0.604825,2.098745,HKG,ZAF,521042
10118027,15,249,7261,2004,3099.0,0.0,1.825391,0.40553,AUT,TWN,521042
10118028,18,249,7261,2004,3209.0,0.0,1.350911,1.408209,BEL,TWN,521042
10118029,22,249,7261,2004,0.0,16987.0,-1.150444,-0.885333,BGD,TWN,521042
10118030,26,249,7261,2004,0.0,1836.0,0.385952,0.571774,BIH,TWN,521042
10118031,43,249,7261,2004,0.0,1112284.0,0.581548,2.8689880000000003,CHN,TWN,521042
10118032,71,249,7261,2004,2873.0,0.0,0.9784649999999999,2.051216,ESP,TWN,521042
10118033,77,249,7261,2004,99621.0,7813.0,1.6003530000000001,0.643945,FRA,TWN,521042
10118034,81,249,7261,2004,0.0,3017.0,1.843506,0.684779,GBR,TWN,521042
10118035,97,249,7261,2004,11487.0,360706.0,0.604825,2.098745,HKG,TWN,521042
10118036,104,249,7261,2004,0.0,103995.0,0.233348,2.790987,IND,TWN,521042
10118037,111,249,7261,2004,15304.0,0.0,1.358057,1.11533,ITA,TWN,521042
10118038,114,249,7261,2004,10912.0,8719.0,2.526624,0.452054,JPN,TWN,521042
10118039,121,249,7261,2004,5842.0,27135.0,1.3624690000000002,0.928342,KOR,TWN,521042
10118040,128,249,7261,2004,0.0,1025089.0,-0.658668,0.21912600000000002,LKA,TWN,521042
10118041,133,249,7261,2004,0.0,6246.0,-0.351045,-0.487521,MAC,TWN,521042
10118042,138,249,7261,2004,0.0,13881.0,0.868684,0.85506,MEX,TWN,521042
10118043,174,249,7261,2004,0.0,3027.0,-0.076709,-0.149006,PHL,TWN,521042
10118044,192,249,7261,2004,0.0,217361.0,1.6409779999999998,0.634947,SGP,TWN,521042
10118045,206,249,7261,2004,0.0,983.0,1.2375120000000002,0.8777889999999999,SVK,TWN,521042
10118046,216,249,7261,2004,11908.0,1192516.0,0.5150359999999999,1.583019,THA,TWN,521042
10118047,224,249,7261,2004,2125.0,0.0,0.141454,1.9463599999999999,TUR,TWN,521042
10118048,231,249,7261,2004,0.0,35328.0,1.7598630000000002,0.066704,USA,TWN,521042
10118049,43,7,7261,2004,17268.0,0.0,0.581548,2.8689880000000003,CHN,ARE,521042
10118050,97,7,7261,2004,33413.0,0.0,0.604825,2.098745,HKG,ARE,521042
10118051,104,7,7261,2004,7618.0,0.0,0.233348,2.790987,IND,ARE,521042
10118052,43,22,7261,2004,252560.0,0.0,0.581548,2.8689880000000003,CHN,BGD,521042
10118053,97,22,7261,2004,95364.0,0.0,0.604825,2.098745,HKG,BGD,521042
10118054,121,22,7261,2004,44349.0,0.0,1.3624690000000002,0.928342,KOR,BGD,521042
10118055,249,22,7261,2004,16987.0,0.0,1.626307,1.358315,TWN,BGD,521042
10118056,61,23,7261,2004,201175.0,0.0,2.266076,-2.011139,DEU,BGR,521042
10118057,71,23,7261,2004,2820.0,0.0,0.9784649999999999,2.051216,ESP,BGR,521042
10118058,77,23,7261,2004,31976.0,0.0,1.6003530000000001,0.643945,FRA,BGR,521042
10118059,111,23,7261,2004,27575.0,0.0,1.358057,1.11533,ITA,BGR,521042
10118060,134,23,7261,2004,0.0,5999.0,-0.681556,-0.152372,MAR,BGR,521042
10118061,162,23,7261,2004,36460.0,0.0,1.251808,1.586526,NLD,BGR,521042
10118062,43,59,7261,2004,2665.0,0.0,0.581548,2.8689880000000003,CHN,CZE,521042
10118063,61,59,7261,2004,67478.0,7998.0,2.266076,-2.011139,DEU,CZE,521042
10118064,71,59,7261,2004,3310.0,0.0,0.9784649999999999,2.051216,ESP,CZE,521042
10118065,111,59,7261,2004,23611.0,0.0,1.358057,1.11533,ITA,CZE,521042
10118066,185,59,7261,2004,0.0,14212.0,0.37241599999999997,1.015865,ROU,CZE,521042
10118067,206,59,7261,2004,0.0,15959.0,1.2375120000000002,0.8777889999999999,SVK,CZE,521042
10118068,61,100,7261,2004,47442.0,0.0,2.266076,-2.011139,DEU,HRV,521042
10118069,71,100,7261,2004,1542.0,0.0,0.9784649999999999,2.051216,ESP,HRV,521042
10118070,111,100,7261,2004,4006.0,0.0,1.358057,1.11533,ITA,HRV,521042
10118071,179,100,7261,2004,944.0,0.0,0.524524,1.901139,PRT,HRV,521042
10118072,207,100,7261,2004,15632.0,1766.0,1.628643,1.02381,SVN,HRV,521042
10118073,15,102,7261,2004,11588.0,0.0,1.825391,0.40553,AUT,HUN,521042
10118074,18,102,7261,2004,968.0,0.0,1.350911,1.408209,BEL,HUN,521042
10118075,26,102,7261,2004,0.0,978.0,0.385952,0.571774,BIH,HUN,521042
10118076,61,102,7261,2004,37348.0,0.0,2.266076,-2.011139,DEU,HUN,521042
10118077,71,102,7261,2004,14677.0,0.0,0.9784649999999999,2.051216,ESP,HUN,521042
10118078,110,102,7261,2004,22981.0,0.0,1.250393,0.8003979999999999,ISR,HUN,521042
10118079,111,102,7261,2004,21253.0,0.0,1.358057,1.11533,ITA,HUN,521042
10118080,185,102,7261,2004,11077.0,0.0,0.37241599999999997,1.015865,ROU,HUN,521042
10118081,206,102,7261,2004,0.0,2938.0,1.2375120000000002,0.8777889999999999,SVK,HUN,521042
10118082,207,102,7261,2004,0.0,2862.0,1.628643,1.02381,SVN,HUN,521042
10118083,77,116,7261,2004,6628.0,0.0,1.6003530000000001,0.643945,FRA,KEN,521042
10118084,71,122,7261,2004,3645.0,0.0,0.9784649999999999,2.051216,ESP,KWT,521042
10118085,43,124,7261,2004,2267.0,0.0,0.581548,2.8689880000000003,CHN,LBN,521042
10118086,61,124,7261,2004,970.0,0.0,2.266076,-2.011139,DEU,LBN,521042
10118087,77,124,7261,2004,4824.0,0.0,1.6003530000000001,0.643945,FRA,LBN,521042
10118088,111,124,7261,2004,2915.0,0.0,1.358057,1.11533,ITA,LBN,521042
10118089,18,130,7261,2004,0.0,6155.0,1.350911,1.408209,BEL,LTU,521042
10118090,61,130,7261,2004,4845.0,0.0,2.266076,-2.011139,DEU,LTU,521042
10118091,71,130,7261,2004,12069.0,0.0,0.9784649999999999,2.051216,ESP,LTU,521042
10118092,77,130,7261,2004,23456.0,0.0,1.6003530000000001,0.643945,FRA,LTU,521042
10118093,162,130,7261,2004,6234.0,0.0,1.251808,1.586526,NLD,LTU,521042
10118094,208,130,7261,2004,3743.0,0.0,2.0522080000000003,0.8326969999999999,SWE,LTU,521042
10118095,18,132,7261,2004,4401.0,0.0,1.350911,1.408209,BEL,LVA,521042
10118096,61,132,7261,2004,3942.0,0.0,2.266076,-2.011139,DEU,LVA,521042
10118097,77,132,7261,2004,4277.0,0.0,1.6003530000000001,0.643945,FRA,LVA,521042
10118098,179,132,7261,2004,686.0,0.0,0.524524,1.901139,PRT,LVA,521042
10118099,208,132,7261,2004,5804.0,0.0,2.0522080000000003,0.8326969999999999,SWE,LVA,521042
10118100,15,163,7261,2004,2349.0,0.0,1.825391,0.40553,AUT,NOR,521042
10118101,81,163,7261,2004,2810.0,0.0,1.843506,0.684779,GBR,NOR,521042
10118102,208,163,7261,2004,1336.0,0.0,2.0522080000000003,0.8326969999999999,SWE,NOR,521042
10118103,43,168,7261,2004,24175.0,0.0,0.581548,2.8689880000000003,CHN,PAK,521042
10118104,61,168,7261,2004,0.0,3878.0,2.266076,-2.011139,DEU,PAK,521042
10118105,228,168,7261,2004,0.0,741.0,0.8758040000000001,0.8195879999999999,UKR,PAK,521042
10118106,15,185,7261,2004,1433.0,0.0,1.825391,0.40553,AUT,ROU,521042
10118107,18,185,7261,2004,16838.0,1265.0,1.350911,1.408209,BEL,ROU,521042
10118108,43,185,7261,2004,12291.0,0.0,0.581548,2.8689880000000003,CHN,ROU,521042
10118109,59,185,7261,2004,14212.0,0.0,1.562625,0.865244,CZE,ROU,521042
10118110,61,185,7261,2004,716761.0,6281.0,2.266076,-2.011139,DEU,ROU,521042
10118111,71,185,7261,2004,87379.0,0.0,0.9784649999999999,2.051216,ESP,ROU,521042
10118112,77,185,7261,2004,73668.0,11352.0,1.6003530000000001,0.643945,FRA,ROU,521042
10118113,81,185,7261,2004,23421.0,0.0,1.843506,0.684779,GBR,ROU,521042
10118114,90,185,7261,2004,17581.0,0.0,0.348853,1.661656,GRC,ROU,521042
10118115,102,185,7261,2004,0.0,11077.0,1.207082,1.019714,HUN,ROU,521042
10118116,111,185,7261,2004,134014.0,2331.0,1.358057,1.11533,ITA,ROU,521042
10118117,162,185,7261,2004,17512.0,0.0,1.251808,1.586526,NLD,ROU,521042
10118118,177,185,7261,2004,45910.0,0.0,1.019341,1.519452,POL,ROU,521042
10118119,179,185,7261,2004,13082.0,0.0,0.524524,1.901139,PRT,ROU,521042
10118120,206,185,7261,2004,0.0,33469.0,1.2375120000000002,0.8777889999999999,SVK,ROU,521042
10118121,216,185,7261,2004,52981.0,0.0,0.5150359999999999,1.583019,THA,ROU,521042
10118122,224,185,7261,2004,366497.0,14637.0,0.141454,1.9463599999999999,TUR,ROU,521042
10118123,250,185,7261,2004,4064.0,0.0,0.509382,-0.30904299999999996,ANS,ROU,521042
10118124,114,188,7261,2004,1877.0,0.0,2.526624,0.452054,JPN,SAU,521042
10118125,61,189,7261,2004,27319.0,0.0,2.266076,-2.011139,DEU,SCG,521042
10118126,114,192,7261,2004,3809.0,0.0,2.526624,0.452054,JPN,SGP,521042
10118127,249,192,7261,2004,217361.0,0.0,1.626307,1.358315,TWN,SGP,521042
10118128,41,206,7261,2004,10857.0,0.0,2.151471,0.7196279999999999,CHE,SVK,521042
10118129,59,206,7261,2004,15959.0,0.0,1.562625,0.865244,CZE,SVK,521042
10118130,61,206,7261,2004,112518.0,0.0,2.266076,-2.011139,DEU,SVK,521042
10118131,77,206,7261,2004,8155.0,0.0,1.6003530000000001,0.643945,FRA,SVK,521042
10118132,102,206,7261,2004,2938.0,0.0,1.207082,1.019714,HUN,SVK,521042
10118133,110,206,7261,2004,646.0,0.0,1.250393,0.8003979999999999,ISR,SVK,521042
10118134,111,206,7261,2004,16901.0,0.0,1.358057,1.11533,ITA,SVK,521042
10118135,185,206,7261,2004,33469.0,0.0,0.37241599999999997,1.015865,ROU,SVK,521042
10118136,207,206,7261,2004,2919.0,0.0,1.628643,1.02381,SVN,SVK,521042
10118137,249,206,7261,2004,983.0,0.0,1.626307,1.358315,TWN,SVK,521042
10118138,250,206,7261,2004,1385.0,0.0,0.509382,-0.30904299999999996,ANS,SVK,521042
10118139,61,207,7261,2004,133303.0,0.0,2.266076,-2.011139,DEU,SVN,521042
10118140,71,207,7261,2004,2345.0,2503.0,0.9784649999999999,2.051216,ESP,SVN,521042
10118141,77,207,7261,2004,39308.0,0.0,1.6003530000000001,0.643945,FRA,SVN,521042
10118142,100,207,7261,2004,1766.0,15632.0,0.6669970000000001,1.088043,HRV,SVN,521042
10118143,102,207,7261,2004,2862.0,0.0,1.207082,1.019714,HUN,SVN,521042
10118144,110,207,7261,2004,1672.0,0.0,1.250393,0.8003979999999999,ISR,SVN,521042
10118145,111,207,7261,2004,4478.0,0.0,1.358057,1.11533,ITA,SVN,521042
10118146,179,207,7261,2004,5424.0,0.0,0.524524,1.901139,PRT,SVN,521042
10118147,206,207,7261,2004,0.0,2919.0,1.2375120000000002,0.8777889999999999,SVK,SVN,521042
10118148,250,207,7261,2004,1285.0,0.0,0.509382,-0.30904299999999996,ANS,SVN,521042
10118149,61,223,7261,2004,48850.0,0.0,2.266076,-2.011139,DEU,TUN,521042
10118150,71,223,7261,2004,3722.0,0.0,0.9784649999999999,2.051216,ESP,TUN,521042
10118151,77,223,7261,2004,47276.0,0.0,1.6003530000000001,0.643945,FRA,TUN,521042
10118152,111,223,7261,2004,66472.0,0.0,1.358057,1.11533,ITA,TUN,521042
10118153,162,223,7261,2004,35671.0,0.0,1.251808,1.586526,NLD,TUN,521042
10118154,14,224,7261,2004,0.0,4296.0,0.196641,0.8139460000000001,AUS,TUR,521042
10118155,15,224,7261,2004,1518.0,0.0,1.825391,0.40553,AUT,TUR,521042
10118156,39,224,7261,2004,0.0,1305.0,0.9392739999999999,1.19228,CAN,TUR,521042
10118157,61,224,7261,2004,12827.0,97398.0,2.266076,-2.011139,DEU,TUR,521042
10118158,64,224,7261,2004,0.0,1558.0,1.328968,1.262743,DNK,TUR,521042
10118159,71,224,7261,2004,50774.0,141609.0,0.9784649999999999,2.051216,ESP,TUR,521042
10118160,77,224,7261,2004,71016.0,14235.0,1.6003530000000001,0.643945,FRA,TUR,521042
10118161,81,224,7261,2004,3330.0,35576.0,1.843506,0.684779,GBR,TUR,521042
10118162,90,224,7261,2004,0.0,37649.0,0.348853,1.661656,GRC,TUR,521042
10118163,97,224,7261,2004,0.0,8165.0,0.604825,2.098745,HKG,TUR,521042
10118164,111,224,7261,2004,72564.0,0.0,1.358057,1.11533,ITA,TUR,521042
10118165,114,224,7261,2004,29540.0,0.0,2.526624,0.452054,JPN,TUR,521042
10118166,121,224,7261,2004,16110.0,0.0,1.3624690000000002,0.928342,KOR,TUR,521042
10118167,134,224,7261,2004,0.0,101564.0,-0.681556,-0.152372,MAR,TUR,521042
10118168,135,224,7261,2004,0.0,72757.0,-0.155523,-0.355142,MDA,TUR,521042
10118169,138,224,7261,2004,0.0,1636.0,0.868684,0.85506,MEX,TUR,521042
10118170,140,224,7261,2004,0.0,2366.0,-0.091013,0.190649,MKD,TUR,521042
10118171,179,224,7261,2004,3774.0,46353.0,0.524524,1.901139,PRT,TUR,521042
10118172,185,224,7261,2004,14637.0,366497.0,0.37241599999999997,1.015865,ROU,TUR,521042
10118173,186,224,7261,2004,0.0,11613.0,0.8952399999999999,0.172896,RUS,TUR,521042
10118174,216,224,7261,2004,19625.0,0.0,0.5150359999999999,1.583019,THA,TUR,521042
10118175,228,224,7261,2004,0.0,16227.0,0.8758040000000001,0.8195879999999999,UKR,TUR,521042
10118176,249,224,7261,2004,0.0,2125.0,1.626307,1.358315,TWN,TUR,521042
10118177,250,224,7261,2004,24655.0,166186.0,0.509382,-0.30904299999999996,ANS,TUR,521042
10118178,18,228,7261,2004,16930.0,0.0,1.350911,1.408209,BEL,UKR,521042
10118179,61,228,7261,2004,177098.0,0.0,2.266076,-2.011139,DEU,UKR,521042
10118180,111,228,7261,2004,108523.0,0.0,1.358057,1.11533,ITA,UKR,521042
10118181,168,228,7261,2004,741.0,0.0,-0.754143,0.25995100000000004,PAK,UKR,521042
10118182,224,228,7261,2004,16227.0,0.0,0.141454,1.9463599999999999,TUR,UKR,521042
10118183,32,42,7261,2004,46360.0,0.0,0.540718,1.149065,BRA,CHL,521042
10118184,138,42,7261,2004,0.0,9032.0,0.868684,0.85506,MEX,CHL,521042
10118185,61,58,7261,2004,1238.0,0.0,2.266076,-2.011139,DEU,CYP,521042
10118186,43,133,7261,2004,59488.0,13023.0,0.581548,2.8689880000000003,CHN,MAC,521042
10118187,97,133,7261,2004,55266.0,14766.0,0.604825,2.098745,HKG,MAC,521042
10118188,111,133,7261,2004,741.0,0.0,1.358057,1.11533,ITA,MAC,521042
10118189,179,133,7261,2004,7145.0,0.0,0.524524,1.901139,PRT,MAC,521042
10118190,249,133,7261,2004,6246.0,0.0,1.626307,1.358315,TWN,MAC,521042
10118191,18,134,7261,2004,1636.0,0.0,1.350911,1.408209,BEL,MAR,521042
10118192,23,134,7261,2004,5999.0,0.0,0.35536,1.499182,BGR,MAR,521042
10118193,43,134,7261,2004,5029.0,0.0,0.581548,2.8689880000000003,CHN,MAR,521042
10118194,61,134,7261,2004,7348.0,0.0,2.266076,-2.011139,DEU,MAR,521042
10118195,71,134,7261,2004,127079.0,0.0,0.9784649999999999,2.051216,ESP,MAR,521042
10118196,77,134,7261,2004,217779.0,1021.0,1.6003530000000001,0.643945,FRA,MAR,521042
10118197,81,134,7261,2004,43734.0,0.0,1.843506,0.684779,GBR,MAR,521042
10118198,103,134,7261,2004,1589.0,0.0,-0.223644,1.719065,IDN,MAR,521042
10118199,111,134,7261,2004,290818.0,0.0,1.358057,1.11533,ITA,MAR,521042
10118200,121,134,7261,2004,1820.0,0.0,1.3624690000000002,0.928342,KOR,MAR,521042
10118201,179,134,7261,2004,31249.0,0.0,0.524524,1.901139,PRT,MAR,521042
10118202,216,134,7261,2004,121381.0,0.0,0.5150359999999999,1.583019,THA,MAR,521042
10118203,224,134,7261,2004,101564.0,0.0,0.141454,1.9463599999999999,TUR,MAR,521042
10118204,111,142,7261,2004,5281.0,0.0,1.358057,1.11533,ITA,MLT,521042
10118205,111,151,7261,2004,1805.0,0.0,1.358057,1.11533,ITA,MUS,521042
10118206,32,179,7261,2004,0.0,23537.0,0.540718,1.149065,BRA,PRT,521042
10118207,61,179,7261,2004,71569.0,41264.0,2.266076,-2.011139,DEU,PRT,521042
10118208,71,179,7261,2004,260620.0,13435.0,0.9784649999999999,2.051216,ESP,PRT,521042
10118209,77,179,7261,2004,262080.0,52443.0,1.6003530000000001,0.643945,FRA,PRT,521042
10118210,81,179,7261,2004,16664.0,54197.0,1.843506,0.684779,GBR,PRT,521042
10118211,100,179,7261,2004,0.0,944.0,0.6669970000000001,1.088043,HRV,PRT,521042
10118212,106,179,7261,2004,3790.0,0.0,1.501859,0.14456,IRL,PRT,521042
10118213,111,179,7261,2004,103516.0,0.0,1.358057,1.11533,ITA,PRT,521042
10118214,132,179,7261,2004,0.0,686.0,0.413821,0.627853,LVA,PRT,521042
10118215,133,179,7261,2004,0.0,7145.0,-0.351045,-0.487521,MAC,PRT,521042
10118216,134,179,7261,2004,0.0,31249.0,-0.681556,-0.152372,MAR,PRT,521042
10118217,138,179,7261,2004,0.0,2754.0,0.868684,0.85506,MEX,PRT,521042
10118218,162,179,7261,2004,3936.0,10129.0,1.251808,1.586526,NLD,PRT,521042
10118219,177,179,7261,2004,0.0,6444.0,1.019341,1.519452,POL,PRT,521042
10118220,185,179,7261,2004,0.0,13082.0,0.37241599999999997,1.015865,ROU,PRT,521042
10118221,207,179,7261,2004,0.0,5424.0,1.628643,1.02381,SVN,PRT,521042
10118222,224,179,7261,2004,46353.0,3774.0,0.141454,1.9463599999999999,TUR,PRT,521042
10118223,104,183,7261,2004,1138.0,0.0,0.233348,2.790987,IND,QAT,521042
10118224,43,212,7261,2004,4207.0,0.0,0.581548,2.8689880000000003,CHN,SYR,521042
10118225,97,239,7261,2004,21353.0,0.0,0.604825,2.098745,HKG,VNM,521042
10118226,111,239,7261,2004,19650.0,0.0,1.358057,1.11533,ITA,VNM,521042
10118227,114,239,7261,2004,50706.0,0.0,2.526624,0.452054,JPN,VNM,521042
10118228,121,239,7261,2004,47752.0,0.0,1.3624690000000002,0.928342,KOR,VNM,521042
10118229,104,247,7261,2004,1180.0,0.0,0.233348,2.790987,IND,ZMB,521042
10118230,61,26,7261,2004,116791.0,0.0,2.266076,-2.011139,DEU,BIH,521042
10118231,102,26,7261,2004,978.0,0.0,1.207082,1.019714,HUN,BIH,521042
10118232,111,26,7261,2004,16324.0,0.0,1.358057,1.11533,ITA,BIH,521042
10118233,249,26,7261,2004,1836.0,0.0,1.626307,1.358315,TWN,BIH,521042
10118234,15,109,7261,2004,3724.0,0.0,1.825391,0.40553,AUT,ISL,521042
10118235,208,109,7261,2004,4371.0,0.0,2.0522080000000003,0.8326969999999999,SWE,ISL,521042
10118236,61,135,7261,2004,20672.0,0.0,2.266076,-2.011139,DEU,MDA,521042
10118237,111,135,7261,2004,8578.0,0.0,1.358057,1.11533,ITA,MDA,521042
10118238,224,135,7261,2004,72757.0,0.0,0.141454,1.9463599999999999,TUR,MDA,521042
10118239,18,140,7261,2004,6124.0,0.0,1.350911,1.408209,BEL,MKD,521042
10118240,43,140,7261,2004,10391.0,0.0,0.581548,2.8689880000000003,CHN,MKD,521042
10118241,61,140,7261,2004,129988.0,0.0,2.266076,-2.011139,DEU,MKD,521042
10118242,111,140,7261,2004,19811.0,0.0,1.358057,1.11533,ITA,MKD,521042
10118243,224,140,7261,2004,2366.0,0.0,0.141454,1.9463599999999999,TUR,MKD,521042
10118244,43,118,7261,2004,21353.0,0.0,0.581548,2.8689880000000003,CHN,KHM,521042
10118245,71,136,7261,2004,1406.0,0.0,0.9784649999999999,2.051216,ESP,MDG,521042
10118246,104,164,7261,2004,1056.0,0.0,0.233348,2.790987,IND,NPL,521042
10118247,208,78,7261,2004,806.0,0.0,2.0522080000000003,0.8326969999999999,SWE,FRO,521042
10118248,72,250,7261,2004,0.0,4230.0,0.6101840000000001,0.9520370000000001,EST,ANS,521042
10118249,177,250,7261,2004,0.0,3625.0,1.019341,1.519452,POL,ANS,521042
10118250,185,250,7261,2004,0.0,4064.0,0.37241599999999997,1.015865,ROU,ANS,521042
10118251,206,250,7261,2004,0.0,1385.0,1.2375120000000002,0.8777889999999999,SVK,ANS,521042
10118252,207,250,7261,2004,0.0,1285.0,1.628643,1.02381,SVN,ANS,521042
10118253,224,250,7261,2004,166186.0,24655.0,0.141454,1.9463599999999999,TUR,ANS,521042
10118254,231,30,7261,2004,11765.0,0.0,1.7598630000000002,0.066704,USA,BMU,521042
10118255,71,198,7261,2004,10956.0,0.0,0.9784649999999999,2.051216,ESP,SMR,521042
10118256,32,8,7264,2004,8856.0,0.0,0.540718,1.149065,BRA,ARG,521052
10118257,81,14,7264,2004,34947.0,0.0,1.843506,0.684779,GBR,AUS,521052
10118258,104,14,7264,2004,32183.0,0.0,0.233348,2.790987,IND,AUS,521052
10118259,111,14,7264,2004,14961.0,0.0,1.358057,1.11533,ITA,AUS,521052
10118260,162,14,7264,2004,8722.0,0.0,1.251808,1.586526,NLD,AUS,521052
10118261,231,14,7264,2004,43981.0,0.0,1.7598630000000002,0.066704,USA,AUS,521052
10118262,249,14,7264,2004,0.0,1255.0,1.626307,1.358315,TWN,AUS,521052
10118263,61,15,7264,2004,1980.0,0.0,2.266076,-2.011139,DEU,AUT,521052
10118264,102,15,7264,2004,0.0,7097.0,1.207082,1.019714,HUN,AUT,521052
10118265,231,15,7264,2004,7069.0,5035.0,1.7598630000000002,0.066704,USA,AUT,521052
10118266,23,18,7264,2004,0.0,1321.0,0.35536,1.499182,BGR,BEL,521052
10118267,61,18,7264,2004,250678.0,3011.0,2.266076,-2.011139,DEU,BEL,521052
10118268,71,18,7264,2004,4844.0,0.0,0.9784649999999999,2.051216,ESP,BEL,521052
10118269,77,18,7264,2004,3695.0,363309.0,1.6003530000000001,0.643945,FRA,BEL,521052
10118270,81,18,7264,2004,14102.0,14927.0,1.843506,0.684779,GBR,BEL,521052
10118271,111,18,7264,2004,4440.0,0.0,1.358057,1.11533,ITA,BEL,521052
10118272,162,18,7264,2004,6064.0,150465.0,1.251808,1.586526,NLD,BEL,521052
10118273,179,18,7264,2004,3704.0,0.0,0.524524,1.901139,PRT,BEL,521052
10118274,8,32,7264,2004,0.0,8856.0,0.28128600000000004,0.64115,ARG,BRA,521052
10118275,180,32,7264,2004,0.0,1262.0,-0.64574,-0.978875,PRY,BRA,521052
10118276,77,39,7264,2004,2392.0,0.0,1.6003530000000001,0.643945,FRA,CAN,521052
10118277,111,39,7264,2004,25439.0,0.0,1.358057,1.11533,ITA,CAN,521052
10118278,168,39,7264,2004,2494.0,0.0,-0.754143,0.25995100000000004,PAK,CAN,521052
10118279,231,39,7264,2004,1425.0,0.0,1.7598630000000002,0.066704,USA,CAN,521052
10118280,61,41,7264,2004,19810.0,0.0,2.266076,-2.011139,DEU,CHE,521052
10118281,64,41,7264,2004,11202.0,0.0,1.328968,1.262743,DNK,CHE,521052
10118282,77,41,7264,2004,6710.0,0.0,1.6003530000000001,0.643945,FRA,CHE,521052
10118283,22,43,7264,2004,0.0,364157.0,-1.150444,-0.885333,BGD,CHN,521052
10118284,52,43,7264,2004,0.0,8073976.0,-0.043266000000000006,-0.376239,CRI,CHN,521052
10118285,61,43,7264,2004,8829.0,0.0,2.266076,-2.011139,DEU,CHN,521052
10118286,71,43,7264,2004,131094.0,0.0,0.9784649999999999,2.051216,ESP,CHN,521052
10118287,97,43,7264,2004,22269.0,245009.0,0.604825,2.098745,HKG,CHN,521052
10118288,103,43,7264,2004,0.0,114522.0,-0.223644,1.719065,IDN,CHN,521052
10118289,104,43,7264,2004,0.0,99459.0,0.233348,2.790987,IND,CHN,521052
10118290,114,43,7264,2004,138031.0,0.0,2.526624,0.452054,JPN,CHN,521052
10118291,118,43,7264,2004,0.0,347574.0,-1.4676209999999998,-1.1972639999999999,KHM,CHN,521052
10118292,121,43,7264,2004,167213.0,0.0,1.3624690000000002,0.928342,KOR,CHN,521052
10118293,128,43,7264,2004,0.0,86228.0,-0.658668,0.21912600000000002,LKA,CHN,521052
10118294,162,43,7264,2004,3634.0,0.0,1.251808,1.586526,NLD,CHN,521052
10118295,168,43,7264,2004,385453.0,0.0,-0.754143,0.25995100000000004,PAK,CHN,521052
10118296,174,43,7264,2004,0.0,4634.0,-0.076709,-0.149006,PHL,CHN,521052
10118297,178,43,7264,2004,0.0,17937.0,0.578991,0.781518,PRK,CHN,521052
10118298,192,43,7264,2004,0.0,18753.0,1.6409779999999998,0.634947,SGP,CHN,521052
10118299,209,43,7264,2004,0.0,72970.0,0.397488,-0.264855,SWZ,CHN,521052
10118300,231,43,7264,2004,8136.0,1657.0,1.7598630000000002,0.066704,USA,CHN,521052
10118301,249,43,7264,2004,11471.0,0.0,1.626307,1.358315,TWN,CHN,521052
10118302,61,49,7264,2004,3589.0,0.0,2.266076,-2.011139,DEU,COL,521052
10118303,43,52,7264,2004,8073976.0,0.0,0.581548,2.8689880000000003,CHN,CRI,521052
10118304,99,52,7264,2004,331013.0,0.0,-0.75975,-0.548407,HND,CRI,521052
10118305,224,52,7264,2004,43795.0,0.0,0.141454,1.9463599999999999,TUR,CRI,521052
10118306,231,52,7264,2004,2264828.0,0.0,1.7598630000000002,0.066704,USA,CRI,521052
10118307,15,61,7264,2004,0.0,1980.0,1.825391,0.40553,AUT,DEU,521052
10118308,18,61,7264,2004,3011.0,250678.0,1.350911,1.408209,BEL,DEU,521052
10118309,23,61,7264,2004,0.0,997.0,0.35536,1.499182,BGR,DEU,521052
10118310,26,61,7264,2004,0.0,7842.0,0.385952,0.571774,BIH,DEU,521052
10118311,41,61,7264,2004,0.0,19810.0,2.151471,0.7196279999999999,CHE,DEU,521052
10118312,43,61,7264,2004,0.0,8829.0,0.581548,2.8689880000000003,CHN,DEU,521052
10118313,49,61,7264,2004,0.0,3589.0,0.033128,0.47524799999999995,COL,DEU,521052
10118314,59,61,7264,2004,9010.0,12180.0,1.562625,0.865244,CZE,DEU,521052
10118315,64,61,7264,2004,0.0,6900.0,1.328968,1.262743,DNK,DEU,521052
10118316,71,61,7264,2004,23213.0,24593.0,0.9784649999999999,2.051216,ESP,DEU,521052
10118317,77,61,7264,2004,29296.0,0.0,1.6003530000000001,0.643945,FRA,DEU,521052
10118318,97,61,7264,2004,0.0,20401.0,0.604825,2.098745,HKG,DEU,521052
10118319,100,61,7264,2004,0.0,25698.0,0.6669970000000001,1.088043,HRV,DEU,521052
10118320,111,61,7264,2004,620363.0,0.0,1.358057,1.11533,ITA,DEU,521052
10118321,114,61,7264,2004,0.0,9832.0,2.526624,0.452054,JPN,DEU,521052
10118322,130,61,7264,2004,0.0,106398.0,0.403568,0.632707,LTU,DEU,521052
10118323,132,61,7264,2004,0.0,1972.0,0.413821,0.627853,LVA,DEU,521052
10118324,140,61,7264,2004,0.0,13381.0,-0.091013,0.190649,MKD,DEU,521052
10118325,162,61,7264,2004,198469.0,104432.0,1.251808,1.586526,NLD,DEU,521052
10118326,177,61,7264,2004,0.0,12778.0,1.019341,1.519452,POL,DEU,521052
10118327,179,61,7264,2004,0.0,1056.0,0.524524,1.901139,PRT,DEU,521052
10118328,185,61,7264,2004,0.0,77469.0,0.37241599999999997,1.015865,ROU,DEU,521052
10118329,206,61,7264,2004,0.0,222078.0,1.2375120000000002,0.8777889999999999,SVK,DEU,521052
10118330,207,61,7264,2004,0.0,2920.0,1.628643,1.02381,SVN,DEU,521052
10118331,208,61,7264,2004,0.0,986.0,2.0522080000000003,0.8326969999999999,SWE,DEU,521052
10118332,223,61,7264,2004,0.0,816358.0,-0.195751,0.335147,TUN,DEU,521052
10118333,224,61,7264,2004,19326.0,17678.0,0.141454,1.9463599999999999,TUR,DEU,521052
10118334,228,61,7264,2004,0.0,6966.0,0.8758040000000001,0.8195879999999999,UKR,DEU,521052
10118335,231,61,7264,2004,7978.0,26695.0,1.7598630000000002,0.066704,USA,DEU,521052
10118336,41,64,7264,2004,0.0,11202.0,2.151471,0.7196279999999999,CHE,DNK,521052
10118337,61,64,7264,2004,6900.0,0.0,2.266076,-2.011139,DEU,DNK,521052
10118338,130,64,7264,2004,0.0,1220.0,0.403568,0.632707,LTU,DNK,521052
10118339,168,64,7264,2004,1082.0,0.0,-0.754143,0.25995100000000004,PAK,DNK,521052
10118340,18,71,7264,2004,0.0,4844.0,1.350911,1.408209,BEL,ESP,521052
10118341,23,71,7264,2004,0.0,11432.0,0.35536,1.499182,BGR,ESP,521052
10118342,42,71,7264,2004,0.0,23667.0,-0.07869,-0.33641,CHL,ESP,521052
10118343,43,71,7264,2004,0.0,131094.0,0.581548,2.8689880000000003,CHN,ESP,521052
10118344,59,71,7264,2004,1852.0,0.0,1.562625,0.865244,CZE,ESP,521052
10118345,61,71,7264,2004,24593.0,23213.0,2.266076,-2.011139,DEU,ESP,521052
10118346,74,71,7264,2004,0.0,1535.0,2.000218,0.9867309999999999,FIN,ESP,521052
10118347,77,71,7264,2004,4896.0,20862.0,1.6003530000000001,0.643945,FRA,ESP,521052
10118348,81,71,7264,2004,0.0,6097.0,1.843506,0.684779,GBR,ESP,521052
10118349,90,71,7264,2004,0.0,4533.0,0.348853,1.661656,GRC,ESP,521052
10118350,97,71,7264,2004,0.0,26592.0,0.604825,2.098745,HKG,ESP,521052
10118351,102,71,7264,2004,0.0,2610.0,1.207082,1.019714,HUN,ESP,521052
10118352,110,71,7264,2004,0.0,5608.0,1.250393,0.8003979999999999,ISR,ESP,521052
10118353,111,71,7264,2004,159698.0,12231.0,1.358057,1.11533,ITA,ESP,521052
10118354,134,71,7264,2004,0.0,13592.0,-0.681556,-0.152372,MAR,ESP,521052
10118355,136,71,7264,2004,0.0,1070.0,-1.355542,-0.634409,MDG,ESP,521052
10118356,138,71,7264,2004,0.0,153267.0,0.868684,0.85506,MEX,ESP,521052
10118357,142,71,7264,2004,0.0,4804.0,1.251894,0.063827,MLT,ESP,521052
10118358,163,71,7264,2004,0.0,1009.0,1.10162,0.118709,NOR,ESP,521052
10118359,168,71,7264,2004,5836.0,0.0,-0.754143,0.25995100000000004,PAK,ESP,521052
10118360,177,71,7264,2004,0.0,1267.0,1.019341,1.519452,POL,ESP,521052
10118361,179,71,7264,2004,11562.0,62591.0,0.524524,1.901139,PRT,ESP,521052
10118362,185,71,7264,2004,3865.0,0.0,0.37241599999999997,1.015865,ROU,ESP,521052
10118363,208,71,7264,2004,0.0,71042.0,2.0522080000000003,0.8326969999999999,SWE,ESP,521052
10118364,224,71,7264,2004,0.0,2388.0,0.141454,1.9463599999999999,TUR,ESP,521052
10118365,231,71,7264,2004,0.0,2314.0,1.7598630000000002,0.066704,USA,ESP,521052
10118366,111,72,7264,2004,0.0,2152.0,1.358057,1.11533,ITA,EST,521052
10118367,231,72,7264,2004,0.0,57447.0,1.7598630000000002,0.066704,USA,EST,521052
10118368,71,74,7264,2004,1535.0,0.0,0.9784649999999999,2.051216,ESP,FIN,521052
10118369,77,74,7264,2004,2415.0,0.0,1.6003530000000001,0.643945,FRA,FIN,521052
10118370,132,74,7264,2004,0.0,1145.0,0.413821,0.627853,LVA,FIN,521052
10118371,208,74,7264,2004,4917.0,0.0,2.0522080000000003,0.8326969999999999,SWE,FIN,521052
10118372,18,77,7264,2004,363309.0,3695.0,1.350911,1.408209,BEL,FRA,521052
10118373,23,77,7264,2004,0.0,7104.0,0.35536,1.499182,BGR,FRA,521052
10118374,39,77,7264,2004,0.0,2392.0,0.9392739999999999,1.19228,CAN,FRA,521052
10118375,41,77,7264,2004,0.0,6710.0,2.151471,0.7196279999999999,CHE,FRA,521052
10118376,61,77,7264,2004,0.0,29296.0,2.266076,-2.011139,DEU,FRA,521052
10118377,71,77,7264,2004,20862.0,4896.0,0.9784649999999999,2.051216,ESP,FRA,521052
10118378,74,77,7264,2004,0.0,2415.0,2.000218,0.9867309999999999,FIN,FRA,521052
10118379,81,77,7264,2004,0.0,6136.0,1.843506,0.684779,GBR,FRA,521052
10118380,97,77,7264,2004,0.0,13582.0,0.604825,2.098745,HKG,FRA,521052
10118381,111,77,7264,2004,38435.0,11916.0,1.358057,1.11533,ITA,FRA,521052
10118382,130,77,7264,2004,0.0,3363.0,0.403568,0.632707,LTU,FRA,521052
10118383,134,77,7264,2004,2422.0,46509.0,-0.681556,-0.152372,MAR,FRA,521052
10118384,136,77,7264,2004,0.0,17920.0,-1.355542,-0.634409,MDG,FRA,521052
10118385,138,77,7264,2004,0.0,1095.0,0.868684,0.85506,MEX,FRA,521052
10118386,162,77,7264,2004,22873.0,2435.0,1.251808,1.586526,NLD,FRA,521052
10118387,168,77,7264,2004,241444.0,0.0,-0.754143,0.25995100000000004,PAK,FRA,521052
10118388,179,77,7264,2004,0.0,2441.0,0.524524,1.901139,PRT,FRA,521052
10118389,208,77,7264,2004,0.0,1175.0,2.0522080000000003,0.8326969999999999,SWE,FRA,521052
10118390,223,77,7264,2004,10986.0,11193.0,-0.195751,0.335147,TUN,FRA,521052
10118391,224,77,7264,2004,2099.0,0.0,0.141454,1.9463599999999999,TUR,FRA,521052
10118392,231,77,7264,2004,0.0,20428.0,1.7598630000000002,0.066704,USA,FRA,521052
10118393,14,81,7264,2004,0.0,34947.0,0.196641,0.8139460000000001,AUS,GBR,521052
10118394,18,81,7264,2004,14927.0,14102.0,1.350911,1.408209,BEL,GBR,521052
10118395,71,81,7264,2004,6097.0,0.0,0.9784649999999999,2.051216,ESP,GBR,521052
10118396,77,81,7264,2004,6136.0,0.0,1.6003530000000001,0.643945,FRA,GBR,521052
10118397,103,81,7264,2004,2866.0,0.0,-0.223644,1.719065,IDN,GBR,521052
10118398,111,81,7264,2004,2259.0,28861.0,1.358057,1.11533,ITA,GBR,521052
10118399,134,81,7264,2004,0.0,84202.0,-0.681556,-0.152372,MAR,GBR,521052
10118400,162,81,7264,2004,0.0,2425.0,1.251808,1.586526,NLD,GBR,521052
10118401,163,81,7264,2004,0.0,1154.0,1.10162,0.118709,NOR,GBR,521052
10118402,168,81,7264,2004,2021.0,0.0,-0.754143,0.25995100000000004,PAK,GBR,521052
10118403,174,81,7264,2004,0.0,5986.0,-0.076709,-0.149006,PHL,GBR,521052
10118404,177,81,7264,2004,4074.0,3967.0,1.019341,1.519452,POL,GBR,521052
10118405,231,81,7264,2004,10504.0,0.0,1.7598630000000002,0.066704,USA,GBR,521052
10118406,246,81,7264,2004,0.0,18976.0,0.460279,1.9736220000000002,ZAF,GBR,521052
10118407,23,90,7264,2004,0.0,3201.0,0.35536,1.499182,BGR,GRC,521052
10118408,71,90,7264,2004,4533.0,0.0,0.9784649999999999,2.051216,ESP,GRC,521052
10118409,111,90,7264,2004,51969.0,0.0,1.358057,1.11533,ITA,GRC,521052
10118410,179,90,7264,2004,3620.0,0.0,0.524524,1.901139,PRT,GRC,521052
10118411,185,90,7264,2004,0.0,5399.0,0.37241599999999997,1.015865,ROU,GRC,521052
10118412,43,97,7264,2004,245009.0,22269.0,0.581548,2.8689880000000003,CHN,HKG,521052
10118413,61,97,7264,2004,20401.0,0.0,2.266076,-2.011139,DEU,HKG,521052
10118414,71,97,7264,2004,26592.0,0.0,0.9784649999999999,2.051216,ESP,HKG,521052
10118415,77,97,7264,2004,13582.0,0.0,1.6003530000000001,0.643945,FRA,HKG,521052
10118416,103,97,7264,2004,0.0,2894.0,-0.223644,1.719065,IDN,HKG,521052
10118417,111,97,7264,2004,15826.0,0.0,1.358057,1.11533,ITA,HKG,521052
10118418,114,97,7264,2004,9014.0,0.0,2.526624,0.452054,JPN,HKG,521052
10118419,121,97,7264,2004,53509.0,1299.0,1.3624690000000002,0.928342,KOR,HKG,521052
10118420,133,97,7264,2004,0.0,1519.0,-0.351045,-0.487521,MAC,HKG,521052
10118421,239,97,7264,2004,0.0,37672.0,-0.5270560000000001,0.8910389999999999,VNM,HKG,521052
10118422,249,97,7264,2004,41454.0,0.0,1.626307,1.358315,TWN,HKG,521052
10118423,52,99,7264,2004,0.0,331013.0,-0.043266000000000006,-0.376239,CRI,HND,521052
10118424,22,103,7264,2004,0.0,97617.0,-1.150444,-0.885333,BGD,IDN,521052
10118425,43,103,7264,2004,114522.0,0.0,0.581548,2.8689880000000003,CHN,IDN,521052
10118426,81,103,7264,2004,0.0,2866.0,1.843506,0.684779,GBR,IDN,521052
10118427,97,103,7264,2004,2894.0,0.0,0.604825,2.098745,HKG,IDN,521052
10118428,249,103,7264,2004,88545.0,0.0,1.626307,1.358315,TWN,IDN,521052
10118429,14,104,7264,2004,0.0,32183.0,0.196641,0.8139460000000001,AUS,IND,521052
10118430,22,104,7264,2004,0.0,104192.0,-1.150444,-0.885333,BGD,IND,521052
10118431,23,104,7264,2004,0.0,5520.0,0.35536,1.499182,BGR,IND,521052
10118432,43,104,7264,2004,99459.0,0.0,0.581548,2.8689880000000003,CHN,IND,521052
10118433,153,104,7264,2004,13650.0,0.0,0.6710050000000001,0.17807,MYS,IND,521052
10118434,159,104,7264,2004,0.0,129712.0,-2.413432,-1.3033190000000001,NGA,IND,521052
10118435,162,104,7264,2004,0.0,5056.0,1.251808,1.586526,NLD,IND,521052
10118436,164,104,7264,2004,0.0,1838.0,-0.323954,0.5528,NPL,IND,521052
10118437,191,104,7264,2004,0.0,25928.0,-0.527127,-0.368631,SEN,IND,521052
10118438,215,104,7264,2004,0.0,172331.0,-0.6788270000000001,-0.482984,TGO,IND,521052
10118439,71,110,7264,2004,5608.0,0.0,0.9784649999999999,2.051216,ESP,ISR,521052
10118440,14,111,7264,2004,0.0,14961.0,0.196641,0.8139460000000001,AUS,ITA,521052
10118441,18,111,7264,2004,0.0,4440.0,1.350911,1.408209,BEL,ITA,521052
10118442,39,111,7264,2004,0.0,25439.0,0.9392739999999999,1.19228,CAN,ITA,521052
10118443,59,111,7264,2004,0.0,1662.0,1.562625,0.865244,CZE,ITA,521052
10118444,61,111,7264,2004,0.0,620363.0,2.266076,-2.011139,DEU,ITA,521052
10118445,71,111,7264,2004,12231.0,159698.0,0.9784649999999999,2.051216,ESP,ITA,521052
10118446,72,111,7264,2004,2152.0,0.0,0.6101840000000001,0.9520370000000001,EST,ITA,521052
10118447,77,111,7264,2004,11916.0,38435.0,1.6003530000000001,0.643945,FRA,ITA,521052
10118448,81,111,7264,2004,28861.0,2259.0,1.843506,0.684779,GBR,ITA,521052
10118449,90,111,7264,2004,0.0,51969.0,0.348853,1.661656,GRC,ITA,521052
10118450,97,111,7264,2004,0.0,15826.0,0.604825,2.098745,HKG,ITA,521052
10118451,102,111,7264,2004,990.0,65269.0,1.207082,1.019714,HUN,ITA,521052
10118452,114,111,7264,2004,0.0,18880.0,2.526624,0.452054,JPN,ITA,521052
10118453,121,111,7264,2004,0.0,15948.0,1.3624690000000002,0.928342,KOR,ITA,521052
10118454,124,111,7264,2004,0.0,33949.0,0.32409899999999997,1.037024,LBN,ITA,521052
10118455,162,111,7264,2004,0.0,13548.0,1.251808,1.586526,NLD,ITA,521052
10118456,174,111,7264,2004,0.0,1014.0,-0.076709,-0.149006,PHL,ITA,521052
10118457,177,111,7264,2004,0.0,6495.0,1.019341,1.519452,POL,ITA,521052
10118458,179,111,7264,2004,0.0,5369.0,0.524524,1.901139,PRT,ITA,521052
10118459,185,111,7264,2004,0.0,3093.0,0.37241599999999997,1.015865,ROU,ITA,521052
10118460,186,111,7264,2004,0.0,9096.0,0.8952399999999999,0.172896,RUS,ITA,521052
10118461,206,111,7264,2004,1016.0,29467.0,1.2375120000000002,0.8777889999999999,SVK,ITA,521052
10118462,207,111,7264,2004,0.0,2553.0,1.628643,1.02381,SVN,ITA,521052
10118463,224,111,7264,2004,0.0,1858.0,0.141454,1.9463599999999999,TUR,ITA,521052
10118464,228,111,7264,2004,0.0,2395.0,0.8758040000000001,0.8195879999999999,UKR,ITA,521052
10118465,231,111,7264,2004,0.0,35443.0,1.7598630000000002,0.066704,USA,ITA,521052
10118466,231,112,7264,2004,137773.0,0.0,1.7598630000000002,0.066704,USA,JAM,521052
10118467,43,114,7264,2004,0.0,138031.0,0.581548,2.8689880000000003,CHN,JPN,521052
10118468,61,114,7264,2004,9832.0,0.0,2.266076,-2.011139,DEU,JPN,521052
10118469,97,114,7264,2004,0.0,9014.0,0.604825,2.098745,HKG,JPN,521052
10118470,111,114,7264,2004,18880.0,0.0,1.358057,1.11533,ITA,JPN,521052
10118471,121,114,7264,2004,0.0,13898.0,1.3624690000000002,0.928342,KOR,JPN,521052
10118472,216,114,7264,2004,0.0,3458.0,0.5150359999999999,1.583019,THA,JPN,521052
10118473,231,114,7264,2004,1878.0,0.0,1.7598630000000002,0.066704,USA,JPN,521052
10118474,43,121,7264,2004,0.0,167213.0,0.581548,2.8689880000000003,CHN,KOR,521052
10118475,97,121,7264,2004,1299.0,53509.0,0.604825,2.098745,HKG,KOR,521052
10118476,111,121,7264,2004,15948.0,0.0,1.358057,1.11533,ITA,KOR,521052
10118477,114,121,7264,2004,13898.0,0.0,2.526624,0.452054,JPN,KOR,521052
10118478,133,121,7264,2004,0.0,20598.0,-0.351045,-0.487521,MAC,KOR,521052
10118479,143,121,7264,2004,0.0,19107.0,-1.400614,-0.947664,MMR,KOR,521052
10118480,231,121,7264,2004,0.0,20986.0,1.7598630000000002,0.066704,USA,KOR,521052
10118481,249,121,7264,2004,0.0,1734.0,1.626307,1.358315,TWN,KOR,521052
10118482,43,128,7264,2004,86228.0,0.0,0.581548,2.8689880000000003,CHN,LKA,521052
10118483,168,128,7264,2004,13855.0,0.0,-0.754143,0.25995100000000004,PAK,LKA,521052
10118484,249,128,7264,2004,19888.0,0.0,1.626307,1.358315,TWN,LKA,521052
10118485,71,138,7264,2004,153267.0,0.0,0.9784649999999999,2.051216,ESP,MEX,521052
10118486,77,138,7264,2004,1095.0,0.0,1.6003530000000001,0.643945,FRA,MEX,521052
10118487,231,138,7264,2004,136364.0,0.0,1.7598630000000002,0.066704,USA,MEX,521052
10118488,104,153,7264,2004,0.0,13650.0,0.233348,2.790987,IND,MYS,521052
10118489,14,162,7264,2004,0.0,8722.0,0.196641,0.8139460000000001,AUS,NLD,521052
10118490,18,162,7264,2004,150465.0,6064.0,1.350911,1.408209,BEL,NLD,521052
10118491,43,162,7264,2004,0.0,3634.0,0.581548,2.8689880000000003,CHN,NLD,521052
10118492,61,162,7264,2004,104432.0,198469.0,2.266076,-2.011139,DEU,NLD,521052
10118493,77,162,7264,2004,2435.0,22873.0,1.6003530000000001,0.643945,FRA,NLD,521052
10118494,81,162,7264,2004,2425.0,0.0,1.843506,0.684779,GBR,NLD,521052
10118495,104,162,7264,2004,5056.0,0.0,0.233348,2.790987,IND,NLD,521052
10118496,111,162,7264,2004,13548.0,0.0,1.358057,1.11533,ITA,NLD,521052
10118497,130,162,7264,2004,0.0,53982.0,0.403568,0.632707,LTU,NLD,521052
10118498,223,162,7264,2004,0.0,205889.0,-0.195751,0.335147,TUN,NLD,521052
10118499,224,162,7264,2004,27117.0,0.0,0.141454,1.9463599999999999,TUR,NLD,521052
10118500,43,174,7264,2004,4634.0,0.0,0.581548,2.8689880000000003,CHN,PHL,521052
10118501,81,174,7264,2004,5986.0,0.0,1.843506,0.684779,GBR,PHL,521052
10118502,111,174,7264,2004,1014.0,0.0,1.358057,1.11533,ITA,PHL,521052
10118503,168,174,7264,2004,3074.0,0.0,-0.754143,0.25995100000000004,PAK,PHL,521052
10118504,216,174,7264,2004,27916.0,0.0,0.5150359999999999,1.583019,THA,PHL,521052
10118505,249,174,7264,2004,19409.0,0.0,1.626307,1.358315,TWN,PHL,521052
10118506,61,177,7264,2004,12778.0,0.0,2.266076,-2.011139,DEU,POL,521052
10118507,71,177,7264,2004,1267.0,0.0,0.9784649999999999,2.051216,ESP,POL,521052
10118508,81,177,7264,2004,3967.0,4074.0,1.843506,0.684779,GBR,POL,521052
10118509,111,177,7264,2004,6495.0,0.0,1.358057,1.11533,ITA,POL,521052
10118510,206,177,7264,2004,0.0,3775.0,1.2375120000000002,0.8777889999999999,SVK,POL,521052
10118511,32,180,7264,2004,1262.0,0.0,0.540718,1.149065,BRA,PRY,521052
10118512,111,186,7264,2004,9096.0,0.0,1.358057,1.11533,ITA,RUS,521052
10118513,132,186,7264,2004,0.0,57399.0,0.413821,0.627853,LVA,RUS,521052
10118514,168,186,7264,2004,4436.0,0.0,-0.754143,0.25995100000000004,PAK,RUS,521052
10118515,228,186,7264,2004,0.0,21735.0,0.8758040000000001,0.8195879999999999,UKR,RUS,521052
10118516,231,186,7264,2004,0.0,8429.0,1.7598630000000002,0.066704,USA,RUS,521052
10118517,231,197,7264,2004,11245.0,0.0,1.7598630000000002,0.066704,USA,SLV,521052
10118518,61,208,7264,2004,986.0,0.0,2.266076,-2.011139,DEU,SWE,521052
10118519,71,208,7264,2004,71042.0,0.0,0.9784649999999999,2.051216,ESP,SWE,521052
10118520,74,208,7264,2004,0.0,4917.0,2.000218,0.9867309999999999,FIN,SWE,521052
10118521,77,208,7264,2004,1175.0,0.0,1.6003530000000001,0.643945,FRA,SWE,521052
10118522,163,208,7264,2004,0.0,9482.0,1.10162,0.118709,NOR,SWE,521052
10118523,114,216,7264,2004,3458.0,0.0,2.526624,0.452054,JPN,THA,521052
10118524,174,216,7264,2004,0.0,27916.0,-0.076709,-0.149006,PHL,THA,521052
10118525,249,216,7264,2004,69087.0,0.0,1.626307,1.358315,TWN,THA,521052
10118526,14,231,7264,2004,0.0,43981.0,0.196641,0.8139460000000001,AUS,USA,521052
10118527,15,231,7264,2004,5035.0,7069.0,1.825391,0.40553,AUT,USA,521052
10118528,39,231,7264,2004,0.0,1425.0,0.9392739999999999,1.19228,CAN,USA,521052
10118529,43,231,7264,2004,1657.0,8136.0,0.581548,2.8689880000000003,CHN,USA,521052
10118530,52,231,7264,2004,0.0,2264828.0,-0.043266000000000006,-0.376239,CRI,USA,521052
10118531,61,231,7264,2004,26695.0,7978.0,2.266076,-2.011139,DEU,USA,521052
10118532,71,231,7264,2004,2314.0,0.0,0.9784649999999999,2.051216,ESP,USA,521052
10118533,72,231,7264,2004,57447.0,0.0,0.6101840000000001,0.9520370000000001,EST,USA,521052
10118534,77,231,7264,2004,20428.0,0.0,1.6003530000000001,0.643945,FRA,USA,521052
10118535,81,231,7264,2004,0.0,10504.0,1.843506,0.684779,GBR,USA,521052
10118536,109,231,7264,2004,0.0,5317.0,0.298844,-0.36366,ISL,USA,521052
10118537,111,231,7264,2004,35443.0,0.0,1.358057,1.11533,ITA,USA,521052
10118538,112,231,7264,2004,0.0,137773.0,-0.64957,-0.944183,JAM,USA,521052
10118539,114,231,7264,2004,0.0,1878.0,2.526624,0.452054,JPN,USA,521052
10118540,121,231,7264,2004,20986.0,0.0,1.3624690000000002,0.928342,KOR,USA,521052
10118541,138,231,7264,2004,0.0,136364.0,0.868684,0.85506,MEX,USA,521052
10118542,168,231,7264,2004,8634.0,0.0,-0.754143,0.25995100000000004,PAK,USA,521052
10118543,186,231,7264,2004,8429.0,0.0,0.8952399999999999,0.172896,RUS,USA,521052
10118544,197,231,7264,2004,0.0,11245.0,-0.20529499999999998,0.1116,SLV,USA,521052
10118545,249,231,7264,2004,1412.0,0.0,1.626307,1.358315,TWN,USA,521052
10118546,81,246,7264,2004,18976.0,0.0,1.843506,0.684779,GBR,ZAF,521052
10118547,14,249,7264,2004,1255.0,0.0,0.196641,0.8139460000000001,AUS,TWN,521052
10118548,43,249,7264,2004,0.0,11471.0,0.581548,2.8689880000000003,CHN,TWN,521052
10118549,97,249,7264,2004,0.0,41454.0,0.604825,2.098745,HKG,TWN,521052
10118550,103,249,7264,2004,0.0,88545.0,-0.223644,1.719065,IDN,TWN,521052
10118551,121,249,7264,2004,1734.0,0.0,1.3624690000000002,0.928342,KOR,TWN,521052
10118552,128,249,7264,2004,0.0,19888.0,-0.658668,0.21912600000000002,LKA,TWN,521052
10118553,133,249,7264,2004,0.0,8402.0,-0.351045,-0.487521,MAC,TWN,521052
10118554,174,249,7264,2004,0.0,19409.0,-0.076709,-0.149006,PHL,TWN,521052
10118555,192,249,7264,2004,0.0,84952.0,1.6409779999999998,0.634947,SGP,TWN,521052
10118556,216,249,7264,2004,0.0,69087.0,0.5150359999999999,1.583019,THA,TWN,521052
10118557,231,249,7264,2004,0.0,1412.0,1.7598630000000002,0.066704,USA,TWN,521052
10118558,239,249,7264,2004,0.0,8457.0,-0.5270560000000001,0.8910389999999999,VNM,TWN,521052
10118559,168,7,7264,2004,5304.0,0.0,-0.754143,0.25995100000000004,PAK,ARE,521052
10118560,43,22,7264,2004,364157.0,0.0,0.581548,2.8689880000000003,CHN,BGD,521052
10118561,103,22,7264,2004,97617.0,0.0,-0.223644,1.719065,IDN,BGD,521052
10118562,104,22,7264,2004,104192.0,0.0,0.233348,2.790987,IND,BGD,521052
10118563,168,22,7264,2004,91868.0,0.0,-0.754143,0.25995100000000004,PAK,BGD,521052
10118564,18,23,7264,2004,1321.0,0.0,1.350911,1.408209,BEL,BGR,521052
10118565,61,23,7264,2004,997.0,0.0,2.266076,-2.011139,DEU,BGR,521052
10118566,71,23,7264,2004,11432.0,0.0,0.9784649999999999,2.051216,ESP,BGR,521052
10118567,77,23,7264,2004,7104.0,0.0,1.6003530000000001,0.643945,FRA,BGR,521052
10118568,90,23,7264,2004,3201.0,0.0,0.348853,1.661656,GRC,BGR,521052
10118569,104,23,7264,2004,5520.0,0.0,0.233348,2.790987,IND,BGR,521052
10118570,124,23,7264,2004,0.0,1897.0,0.32409899999999997,1.037024,LBN,BGR,521052
10118571,189,23,7264,2004,0.0,290453.0,0.628071,2.210424,SCG,BGR,521052
10118572,61,59,7264,2004,12180.0,9010.0,2.266076,-2.011139,DEU,CZE,521052
10118573,71,59,7264,2004,0.0,1852.0,0.9784649999999999,2.051216,ESP,CZE,521052
10118574,111,59,7264,2004,1662.0,0.0,1.358057,1.11533,ITA,CZE,521052
10118575,140,59,7264,2004,0.0,2499.0,-0.091013,0.190649,MKD,CZE,521052
10118576,206,59,7264,2004,8761.0,0.0,1.2375120000000002,0.8777889999999999,SVK,CZE,521052
10118577,228,59,7264,2004,0.0,19954.0,0.8758040000000001,0.8195879999999999,UKR,CZE,521052
10118578,61,100,7264,2004,25698.0,0.0,2.266076,-2.011139,DEU,HRV,521052
10118579,15,102,7264,2004,7097.0,0.0,1.825391,0.40553,AUT,HUN,521052
10118580,71,102,7264,2004,2610.0,0.0,0.9784649999999999,2.051216,ESP,HUN,521052
10118581,111,102,7264,2004,65269.0,990.0,1.358057,1.11533,ITA,HUN,521052
10118582,168,102,7264,2004,36459.0,0.0,-0.754143,0.25995100000000004,PAK,HUN,521052
10118583,23,124,7264,2004,1897.0,0.0,0.35536,1.499182,BGR,LBN,521052
10118584,111,124,7264,2004,33949.0,0.0,1.358057,1.11533,ITA,LBN,521052
10118585,61,130,7264,2004,106398.0,0.0,2.266076,-2.011139,DEU,LTU,521052
10118586,64,130,7264,2004,1220.0,0.0,1.328968,1.262743,DNK,LTU,521052
10118587,77,130,7264,2004,3363.0,0.0,1.6003530000000001,0.643945,FRA,LTU,521052
10118588,162,130,7264,2004,53982.0,0.0,1.251808,1.586526,NLD,LTU,521052
10118589,61,132,7264,2004,1972.0,0.0,2.266076,-2.011139,DEU,LVA,521052
10118590,74,132,7264,2004,1145.0,0.0,2.000218,0.9867309999999999,FIN,LVA,521052
10118591,186,132,7264,2004,57399.0,0.0,0.8952399999999999,0.172896,RUS,LVA,521052
10118592,71,163,7264,2004,1009.0,0.0,0.9784649999999999,2.051216,ESP,NOR,521052
10118593,81,163,7264,2004,1154.0,0.0,1.843506,0.684779,GBR,NOR,521052
10118594,206,163,7264,2004,0.0,144359.0,1.2375120000000002,0.8777889999999999,SVK,NOR,521052
10118595,208,163,7264,2004,9482.0,0.0,2.0522080000000003,0.8326969999999999,SWE,NOR,521052
10118596,7,168,7264,2004,0.0,5304.0,0.1799,-0.34541900000000003,ARE,PAK,521052
10118597,22,168,7264,2004,0.0,91868.0,-1.150444,-0.885333,BGD,PAK,521052
10118598,39,168,7264,2004,0.0,2494.0,0.9392739999999999,1.19228,CAN,PAK,521052
10118599,43,168,7264,2004,0.0,385453.0,0.581548,2.8689880000000003,CHN,PAK,521052
10118600,64,168,7264,2004,0.0,1082.0,1.328968,1.262743,DNK,PAK,521052
10118601,71,168,7264,2004,0.0,5836.0,0.9784649999999999,2.051216,ESP,PAK,521052
10118602,77,168,7264,2004,0.0,241444.0,1.6003530000000001,0.643945,FRA,PAK,521052
10118603,81,168,7264,2004,0.0,2021.0,1.843506,0.684779,GBR,PAK,521052
10118604,102,168,7264,2004,0.0,36459.0,1.207082,1.019714,HUN,PAK,521052
10118605,128,168,7264,2004,0.0,13855.0,-0.658668,0.21912600000000002,LKA,PAK,521052
10118606,174,168,7264,2004,0.0,3074.0,-0.076709,-0.149006,PHL,PAK,521052
10118607,186,168,7264,2004,0.0,4436.0,0.8952399999999999,0.172896,RUS,PAK,521052
10118608,231,168,7264,2004,0.0,8634.0,1.7598630000000002,0.066704,USA,PAK,521052
10118609,61,185,7264,2004,77469.0,0.0,2.266076,-2.011139,DEU,ROU,521052
10118610,71,185,7264,2004,0.0,3865.0,0.9784649999999999,2.051216,ESP,ROU,521052
10118611,90,185,7264,2004,5399.0,0.0,0.348853,1.661656,GRC,ROU,521052
10118612,111,185,7264,2004,3093.0,0.0,1.358057,1.11533,ITA,ROU,521052
10118613,224,185,7264,2004,169281.0,0.0,0.141454,1.9463599999999999,TUR,ROU,521052
10118614,23,189,7264,2004,290453.0,0.0,0.35536,1.499182,BGR,SCG,521052
10118615,250,189,7264,2004,172.0,0.0,0.509382,-0.30904299999999996,ANS,SCG,521052
10118616,43,192,7264,2004,18753.0,0.0,0.581548,2.8689880000000003,CHN,SGP,521052
10118617,249,192,7264,2004,84952.0,0.0,1.626307,1.358315,TWN,SGP,521052
10118618,59,206,7264,2004,0.0,8761.0,1.562625,0.865244,CZE,SVK,521052
10118619,61,206,7264,2004,222078.0,0.0,2.266076,-2.011139,DEU,SVK,521052
10118620,111,206,7264,2004,29467.0,1016.0,1.358057,1.11533,ITA,SVK,521052
10118621,163,206,7264,2004,144359.0,0.0,1.10162,0.118709,NOR,SVK,521052
10118622,177,206,7264,2004,3775.0,0.0,1.019341,1.519452,POL,SVK,521052
10118623,250,206,7264,2004,7511.0,0.0,0.509382,-0.30904299999999996,ANS,SVK,521052
10118624,61,207,7264,2004,2920.0,0.0,2.266076,-2.011139,DEU,SVN,521052
10118625,111,207,7264,2004,2553.0,0.0,1.358057,1.11533,ITA,SVN,521052
10118626,43,209,7264,2004,72970.0,0.0,0.581548,2.8689880000000003,CHN,SWZ,521052
10118627,61,223,7264,2004,816358.0,0.0,2.266076,-2.011139,DEU,TUN,521052
10118628,77,223,7264,2004,11193.0,10986.0,1.6003530000000001,0.643945,FRA,TUN,521052
10118629,162,223,7264,2004,205889.0,0.0,1.251808,1.586526,NLD,TUN,521052
10118630,52,224,7264,2004,0.0,43795.0,-0.043266000000000006,-0.376239,CRI,TUR,521052
10118631,61,224,7264,2004,17678.0,19326.0,2.266076,-2.011139,DEU,TUR,521052
10118632,71,224,7264,2004,2388.0,0.0,0.9784649999999999,2.051216,ESP,TUR,521052
10118633,77,224,7264,2004,0.0,2099.0,1.6003530000000001,0.643945,FRA,TUR,521052
10118634,111,224,7264,2004,1858.0,0.0,1.358057,1.11533,ITA,TUR,521052
10118635,134,224,7264,2004,0.0,11740.0,-0.681556,-0.152372,MAR,TUR,521052
10118636,162,224,7264,2004,0.0,27117.0,1.251808,1.586526,NLD,TUR,521052
10118637,185,224,7264,2004,0.0,169281.0,0.37241599999999997,1.015865,ROU,TUR,521052
10118638,59,228,7264,2004,19954.0,0.0,1.562625,0.865244,CZE,UKR,521052
10118639,61,228,7264,2004,6966.0,0.0,2.266076,-2.011139,DEU,UKR,521052
10118640,111,228,7264,2004,2395.0,0.0,1.358057,1.11533,ITA,UKR,521052
10118641,186,228,7264,2004,21735.0,0.0,0.8952399999999999,0.172896,RUS,UKR,521052
10118642,71,42,7264,2004,23667.0,0.0,0.9784649999999999,2.051216,ESP,CHL,521052
10118643,97,133,7264,2004,1519.0,0.0,0.604825,2.098745,HKG,MAC,521052
10118644,121,133,7264,2004,20598.0,0.0,1.3624690000000002,0.928342,KOR,MAC,521052
10118645,249,133,7264,2004,8402.0,0.0,1.626307,1.358315,TWN,MAC,521052
10118646,71,134,7264,2004,13592.0,0.0,0.9784649999999999,2.051216,ESP,MAR,521052
10118647,77,134,7264,2004,46509.0,2422.0,1.6003530000000001,0.643945,FRA,MAR,521052
10118648,81,134,7264,2004,84202.0,0.0,1.843506,0.684779,GBR,MAR,521052
10118649,224,134,7264,2004,11740.0,0.0,0.141454,1.9463599999999999,TUR,MAR,521052
10118650,71,142,7264,2004,4804.0,0.0,0.9784649999999999,2.051216,ESP,MLT,521052
10118651,18,179,7264,2004,0.0,3704.0,1.350911,1.408209,BEL,PRT,521052
10118652,61,179,7264,2004,1056.0,0.0,2.266076,-2.011139,DEU,PRT,521052
10118653,71,179,7264,2004,62591.0,11562.0,0.9784649999999999,2.051216,ESP,PRT,521052
10118654,77,179,7264,2004,2441.0,0.0,1.6003530000000001,0.643945,FRA,PRT,521052
10118655,90,179,7264,2004,0.0,3620.0,0.348853,1.661656,GRC,PRT,521052
10118656,111,179,7264,2004,5369.0,0.0,1.358057,1.11533,ITA,PRT,521052
10118657,104,191,7264,2004,25928.0,0.0,0.233348,2.790987,IND,SEN,521052
10118658,97,239,7264,2004,37672.0,0.0,0.604825,2.098745,HKG,VNM,521052
10118659,249,239,7264,2004,8457.0,0.0,1.626307,1.358315,TWN,VNM,521052
10118660,61,26,7264,2004,7842.0,0.0,2.266076,-2.011139,DEU,BIH,521052
10118661,231,109,7264,2004,5317.0,0.0,1.7598630000000002,0.066704,USA,ISL,521052
10118662,59,140,7264,2004,2499.0,0.0,1.562625,0.865244,CZE,MKD,521052
10118663,61,140,7264,2004,13381.0,0.0,2.266076,-2.011139,DEU,MKD,521052
10118664,43,178,7264,2004,17937.0,0.0,0.581548,2.8689880000000003,CHN,PRK,521052
10118665,104,159,7264,2004,129712.0,0.0,0.233348,2.790987,IND,NGA,521052
10118666,43,118,7264,2004,347574.0,0.0,0.581548,2.8689880000000003,CHN,KHM,521052
10118667,71,136,7264,2004,1070.0,0.0,0.9784649999999999,2.051216,ESP,MDG,521052
10118668,77,136,7264,2004,17920.0,0.0,1.6003530000000001,0.643945,FRA,MDG,521052
10118669,121,143,7264,2004,19107.0,0.0,1.3624690000000002,0.928342,KOR,MMR,521052
10118670,104,164,7264,2004,1838.0,0.0,0.233348,2.790987,IND,NPL,521052
10118671,104,215,7264,2004,172331.0,0.0,0.233348,2.790987,IND,TGO,521052
10118672,189,250,7264,2004,0.0,172.0,0.628071,2.210424,SCG,ANS,521052
10118673,206,250,7264,2004,0.0,7511.0,1.2375120000000002,0.8777889999999999,SVK,ANS,521052
10118674,32,8,7266,2004,20364.0,0.0,0.540718,1.149065,BRA,ARG,521111
10118675,42,8,7266,2004,0.0,27526.0,-0.07869,-0.33641,CHL,ARG,521111
10118676,230,8,7266,2004,0.0,14704.0,0.151633,0.121776,URY,ARG,521111
10118677,18,14,7266,2004,986.0,0.0,1.350911,1.408209,BEL,AUS,521111
10118678,24,14,7266,2004,0.0,805.0,0.045344999999999996,-1.001059,BHR,AUS,521111
10118679,41,14,7266,2004,1111.0,0.0,2.151471,0.7196279999999999,CHE,AUS,521111
10118680,43,14,7266,2004,625141.0,0.0,0.581548,2.8689880000000003,CHN,AUS,521111
10118681,71,14,7266,2004,7190.0,0.0,0.9784649999999999,2.051216,ESP,AUS,521111
10118682,75,14,7266,2004,0.0,4569.0,-0.8870969999999999,-0.287427,FJI,AUS,521111
10118683,77,14,7266,2004,1001.0,0.0,1.6003530000000001,0.643945,FRA,AUS,521111
10118684,97,14,7266,2004,0.0,4925.0,0.604825,2.098745,HKG,AUS,521111
10118685,103,14,7266,2004,5930.0,0.0,-0.223644,1.719065,IDN,AUS,521111
10118686,104,14,7266,2004,65481.0,0.0,0.233348,2.790987,IND,AUS,521111
10118687,111,14,7266,2004,22526.0,0.0,1.358057,1.11533,ITA,AUS,521111
10118688,162,14,7266,2004,7175.0,0.0,1.251808,1.586526,NLD,AUS,521111
10118689,166,14,7266,2004,3989.0,0.0,0.567392,0.965781,NZL,AUS,521111
10118690,183,14,7266,2004,0.0,13454.0,0.21713400000000002,-1.031806,QAT,AUS,521111
10118691,226,14,7266,2004,990.0,0.0,-1.022658,-0.007045999999999999,TZA,AUS,521111
10118692,246,14,7266,2004,6240.0,0.0,0.460279,1.9736220000000002,ZAF,AUS,521111
10118693,249,14,7266,2004,18312.0,0.0,1.626307,1.358315,TWN,AUS,521111
10118694,39,15,7266,2004,0.0,3046.0,0.9392739999999999,1.19228,CAN,AUT,521111
10118695,41,15,7266,2004,4861.0,0.0,2.151471,0.7196279999999999,CHE,AUT,521111
10118696,59,15,7266,2004,1779.0,0.0,1.562625,0.865244,CZE,AUT,521111
10118697,61,15,7266,2004,1969806.0,477206.0,2.266076,-2.011139,DEU,AUT,521111
10118698,77,15,7266,2004,3537.0,81645.0,1.6003530000000001,0.643945,FRA,AUT,521111
10118699,81,15,7266,2004,1254.0,33671.0,1.843506,0.684779,GBR,AUT,521111
10118700,102,15,7266,2004,0.0,2849.0,1.207082,1.019714,HUN,AUT,521111
10118701,111,15,7266,2004,60793.0,10729.0,1.358057,1.11533,ITA,AUT,521111
10118702,162,15,7266,2004,4845.0,0.0,1.251808,1.586526,NLD,AUT,521111
10118703,163,15,7266,2004,0.0,1543.0,1.10162,0.118709,NOR,AUT,521111
10118704,185,15,7266,2004,0.0,25517.0,0.37241599999999997,1.015865,ROU,AUT,521111
10118705,14,18,7266,2004,0.0,986.0,0.196641,0.8139460000000001,AUS,BEL,521111
10118706,24,18,7266,2004,92236.0,0.0,0.045344999999999996,-1.001059,BHR,BEL,521111
10118707,41,18,7266,2004,0.0,6456.0,2.151471,0.7196279999999999,CHE,BEL,521111
10118708,61,18,7266,2004,4878.0,4621.0,2.266076,-2.011139,DEU,BEL,521111
10118709,68,18,7266,2004,229631.0,0.0,-0.300563,0.41834899999999997,EGY,BEL,521111
10118710,71,18,7266,2004,4666.0,0.0,0.9784649999999999,2.051216,ESP,BEL,521111
10118711,77,18,7266,2004,121066.0,298769.0,1.6003530000000001,0.643945,FRA,BEL,521111
10118712,81,18,7266,2004,1648.0,1395.0,1.843506,0.684779,GBR,BEL,521111
10118713,103,18,7266,2004,94595.0,0.0,-0.223644,1.719065,IDN,BEL,521111
10118714,104,18,7266,2004,2086.0,0.0,0.233348,2.790987,IND,BEL,521111
10118715,111,18,7266,2004,8854.0,10974.0,1.358057,1.11533,ITA,BEL,521111
10118716,136,18,7266,2004,0.0,42991.0,-1.355542,-0.634409,MDG,BEL,521111
10118717,162,18,7266,2004,1331.0,39781.0,1.251808,1.586526,NLD,BEL,521111
10118718,168,18,7266,2004,74913.0,0.0,-0.754143,0.25995100000000004,PAK,BEL,521111
10118719,177,18,7266,2004,0.0,3244.0,1.019341,1.519452,POL,BEL,521111
10118720,179,18,7266,2004,0.0,23168.0,0.524524,1.901139,PRT,BEL,521111
10118721,185,18,7266,2004,0.0,111852.0,0.37241599999999997,1.015865,ROU,BEL,521111
10118722,186,18,7266,2004,0.0,3395.0,0.8952399999999999,0.172896,RUS,BEL,521111
10118723,223,18,7266,2004,0.0,17630.0,-0.195751,0.335147,TUN,BEL,521111
10118724,224,18,7266,2004,3974.0,0.0,0.141454,1.9463599999999999,TUR,BEL,521111
10118725,246,18,7266,2004,47968.0,0.0,0.460279,1.9736220000000002,ZAF,BEL,521111
10118726,8,32,7266,2004,0.0,20364.0,0.28128600000000004,0.64115,ARG,BRA,521111
10118727,42,32,7266,2004,0.0,1462.0,-0.07869,-0.33641,CHL,BRA,521111
10118728,138,32,7266,2004,0.0,17597.0,0.868684,0.85506,MEX,BRA,521111
10118729,179,32,7266,2004,0.0,2338.0,0.524524,1.901139,PRT,BRA,521111
10118730,15,39,7266,2004,3046.0,0.0,1.825391,0.40553,AUT,CAN,521111
10118731,43,39,7266,2004,0.0,160787.0,0.581548,2.8689880000000003,CHN,CAN,521111
10118732,81,39,7266,2004,14062.0,0.0,1.843506,0.684779,GBR,CAN,521111
10118733,111,39,7266,2004,2194.0,0.0,1.358057,1.11533,ITA,CAN,521111
10118734,166,39,7266,2004,6267.0,0.0,0.567392,0.965781,NZL,CAN,521111
10118735,168,39,7266,2004,67098.0,0.0,-0.754143,0.25995100000000004,PAK,CAN,521111
10118736,224,39,7266,2004,3529.0,0.0,0.141454,1.9463599999999999,TUR,CAN,521111
10118737,231,39,7266,2004,38235.0,0.0,1.7598630000000002,0.066704,USA,CAN,521111
10118738,14,41,7266,2004,0.0,1111.0,0.196641,0.8139460000000001,AUS,CHE,521111
10118739,15,41,7266,2004,0.0,4861.0,1.825391,0.40553,AUT,CHE,521111
10118740,18,41,7266,2004,6456.0,0.0,1.350911,1.408209,BEL,CHE,521111
10118741,24,41,7266,2004,0.0,2217.0,0.045344999999999996,-1.001059,BHR,CHE,521111
10118742,61,41,7266,2004,14861.0,12000.0,2.266076,-2.011139,DEU,CHE,521111
10118743,64,41,7266,2004,0.0,7889.0,1.328968,1.262743,DNK,CHE,521111
10118744,71,41,7266,2004,1194.0,0.0,0.9784649999999999,2.051216,ESP,CHE,521111
10118745,81,41,7266,2004,1278.0,3500.0,1.843506,0.684779,GBR,CHE,521111
10118746,102,41,7266,2004,0.0,61999.0,1.207082,1.019714,HUN,CHE,521111
10118747,111,41,7266,2004,76000.0,0.0,1.358057,1.11533,ITA,CHE,521111
10118748,179,41,7266,2004,22587.0,0.0,0.524524,1.901139,PRT,CHE,521111
10118749,188,41,7266,2004,0.0,22207.0,0.546196,-0.7014729999999999,SAU,CHE,521111
10118750,14,43,7266,2004,0.0,625141.0,0.196641,0.8139460000000001,AUS,CHN,521111
10118751,22,43,7266,2004,0.0,384367.0,-1.150444,-0.885333,BGD,CHN,521111
10118752,24,43,7266,2004,0.0,233332.0,0.045344999999999996,-1.001059,BHR,CHN,521111
10118753,39,43,7266,2004,160787.0,0.0,0.9392739999999999,1.19228,CAN,CHN,521111
10118754,49,43,7266,2004,0.0,1628.0,0.033128,0.47524799999999995,COL,CHN,521111
10118755,59,43,7266,2004,0.0,2910.0,1.562625,0.865244,CZE,CHN,521111
10118756,73,43,7266,2004,0.0,9775.0,-1.156284,-0.900874,ETH,CHN,521111
10118757,75,43,7266,2004,2373.0,9404.0,-0.8870969999999999,-0.287427,FJI,CHN,521111
10118758,77,43,7266,2004,1183.0,0.0,1.6003530000000001,0.643945,FRA,CHN,521111
10118759,97,43,7266,2004,1378549.0,739128.0,0.604825,2.098745,HKG,CHN,521111
10118760,100,43,7266,2004,0.0,6536.0,0.6669970000000001,1.088043,HRV,CHN,521111
10118761,103,43,7266,2004,0.0,197914.0,-0.223644,1.719065,IDN,CHN,521111
10118762,104,43,7266,2004,0.0,90019.0,0.233348,2.790987,IND,CHN,521111
10118763,111,43,7266,2004,62897.0,0.0,1.358057,1.11533,ITA,CHN,521111
10118764,113,43,7266,2004,0.0,128811.0,0.152989,0.385845,JOR,CHN,521111
10118765,114,43,7266,2004,65095.0,132007.0,2.526624,0.452054,JPN,CHN,521111
10118766,121,43,7266,2004,121601.0,189741.0,1.3624690000000002,0.928342,KOR,CHN,521111
10118767,128,43,7266,2004,0.0,46878.0,-0.658668,0.21912600000000002,LKA,CHN,521111
10118768,138,43,7266,2004,0.0,65315.0,0.868684,0.85506,MEX,CHN,521111
10118769,152,43,7266,2004,0.0,1580.0,-1.592983,-1.252423,MWI,CHN,521111
10118770,153,43,7266,2004,0.0,31751.0,0.6710050000000001,0.17807,MYS,CHN,521111
10118771,174,43,7266,2004,0.0,114569.0,-0.076709,-0.149006,PHL,CHN,521111
10118772,192,43,7266,2004,0.0,2386136.0,1.6409779999999998,0.634947,SGP,CHN,521111
10118773,216,43,7266,2004,23146.0,0.0,0.5150359999999999,1.583019,THA,CHN,521111
10118774,223,43,7266,2004,0.0,1085.0,-0.195751,0.335147,TUN,CHN,521111
10118775,231,43,7266,2004,9566.0,709471.0,1.7598630000000002,0.066704,USA,CHN,521111
10118776,239,43,7266,2004,0.0,346729.0,-0.5270560000000001,0.8910389999999999,VNM,CHN,521111
10118777,249,43,7266,2004,2771482.0,0.0,1.626307,1.358315,TWN,CHN,521111
10118778,42,49,7266,2004,10508.0,0.0,-0.07869,-0.33641,CHL,COL,521111
10118779,43,49,7266,2004,1628.0,0.0,0.581548,2.8689880000000003,CHN,COL,521111
10118780,67,49,7266,2004,0.0,2542.0,-1.149101,-1.013619,ECU,COL,521111
10118781,77,49,7266,2004,2180.0,0.0,1.6003530000000001,0.643945,FRA,COL,521111
10118782,111,49,7266,2004,1927.0,0.0,1.358057,1.11533,ITA,COL,521111
10118783,71,52,7266,2004,8146.0,0.0,0.9784649999999999,2.051216,ESP,CRI,521111
10118784,138,52,7266,2004,99933.0,0.0,0.868684,0.85506,MEX,CRI,521111
10118785,71,54,7266,2004,2608.0,0.0,0.9784649999999999,2.051216,ESP,CUB,521111
10118786,15,61,7266,2004,477206.0,1969806.0,1.825391,0.40553,AUT,DEU,521111
10118787,18,61,7266,2004,4621.0,4878.0,1.350911,1.408209,BEL,DEU,521111
10118788,23,61,7266,2004,0.0,35756.0,0.35536,1.499182,BGR,DEU,521111
10118789,41,61,7266,2004,12000.0,14861.0,2.151471,0.7196279999999999,CHE,DEU,521111
10118790,59,61,7266,2004,95012.0,1987.0,1.562625,0.865244,CZE,DEU,521111
10118791,64,61,7266,2004,0.0,5917.0,1.328968,1.262743,DNK,DEU,521111
10118792,68,61,7266,2004,13698.0,0.0,-0.300563,0.41834899999999997,EGY,DEU,521111
10118793,71,61,7266,2004,111846.0,0.0,0.9784649999999999,2.051216,ESP,DEU,521111
10118794,77,61,7266,2004,15869.0,20706.0,1.6003530000000001,0.643945,FRA,DEU,521111
10118795,81,61,7266,2004,0.0,1095779.0,1.843506,0.684779,GBR,DEU,521111
10118796,90,61,7266,2004,0.0,4166.0,0.348853,1.661656,GRC,DEU,521111
10118797,110,61,7266,2004,0.0,6117.0,1.250393,0.8003979999999999,ISR,DEU,521111
10118798,111,61,7266,2004,644098.0,17208.0,1.358057,1.11533,ITA,DEU,521111
10118799,121,61,7266,2004,0.0,7705.0,1.3624690000000002,0.928342,KOR,DEU,521111
10118800,128,61,7266,2004,0.0,66327.0,-0.658668,0.21912600000000002,LKA,DEU,521111
10118801,130,61,7266,2004,0.0,6005.0,0.403568,0.632707,LTU,DEU,521111
10118802,140,61,7266,2004,0.0,956.0,-0.091013,0.190649,MKD,DEU,521111
10118803,162,61,7266,2004,29733.0,177768.0,1.251808,1.586526,NLD,DEU,521111
10118804,163,61,7266,2004,7847.0,0.0,1.10162,0.118709,NOR,DEU,521111
10118805,168,61,7266,2004,12601.0,0.0,-0.754143,0.25995100000000004,PAK,DEU,521111
10118806,177,61,7266,2004,0.0,1968.0,1.019341,1.519452,POL,DEU,521111
10118807,179,61,7266,2004,0.0,23652.0,0.524524,1.901139,PRT,DEU,521111
10118808,185,61,7266,2004,7204.0,48732.0,0.37241599999999997,1.015865,ROU,DEU,521111
10118809,189,61,7266,2004,0.0,1193.0,0.628071,2.210424,SCG,DEU,521111
10118810,223,61,7266,2004,0.0,5010.0,-0.195751,0.335147,TUN,DEU,521111
10118811,224,61,7266,2004,4427.0,2287.0,0.141454,1.9463599999999999,TUR,DEU,521111
10118812,228,61,7266,2004,0.0,1990.0,0.8758040000000001,0.8195879999999999,UKR,DEU,521111
10118813,231,61,7266,2004,5022.0,991.0,1.7598630000000002,0.066704,USA,DEU,521111
10118814,249,61,7266,2004,6346.0,0.0,1.626307,1.358315,TWN,DEU,521111
10118815,41,64,7266,2004,7889.0,0.0,2.151471,0.7196279999999999,CHE,DNK,521111
10118816,61,64,7266,2004,5917.0,0.0,2.266076,-2.011139,DEU,DNK,521111
10118817,68,64,7266,2004,10834.0,0.0,-0.300563,0.41834899999999997,EGY,DNK,521111
10118818,71,64,7266,2004,18688.0,0.0,0.9784649999999999,2.051216,ESP,DNK,521111
10118819,77,64,7266,2004,7501.0,0.0,1.6003530000000001,0.643945,FRA,DNK,521111
10118820,111,64,7266,2004,1414.0,0.0,1.358057,1.11533,ITA,DNK,521111
10118821,130,64,7266,2004,2308.0,11190.0,0.403568,0.632707,LTU,DNK,521111
10118822,162,64,7266,2004,7631.0,0.0,1.251808,1.586526,NLD,DNK,521111
10118823,177,64,7266,2004,0.0,3723.0,1.019341,1.519452,POL,DNK,521111
10118824,169,65,7266,2004,2577.0,0.0,-0.011979,0.261315,PAN,DOM,521111
10118825,231,65,7266,2004,2430982.0,0.0,1.7598630000000002,0.066704,USA,DOM,521111
10118826,236,65,7266,2004,3520.0,0.0,0.048698000000000005,-0.899776,VEN,DOM,521111
10118827,42,67,7266,2004,2258.0,0.0,-0.07869,-0.33641,CHL,ECU,521111
10118828,49,67,7266,2004,2542.0,0.0,0.033128,0.47524799999999995,COL,ECU,521111
10118829,231,67,7266,2004,5589.0,0.0,1.7598630000000002,0.066704,USA,ECU,521111
10118830,14,71,7266,2004,0.0,7190.0,0.196641,0.8139460000000001,AUS,ESP,521111
10118831,18,71,7266,2004,0.0,4666.0,1.350911,1.408209,BEL,ESP,521111
10118832,41,71,7266,2004,0.0,1194.0,2.151471,0.7196279999999999,CHE,ESP,521111
10118833,42,71,7266,2004,0.0,1112.0,-0.07869,-0.33641,CHL,ESP,521111
10118834,52,71,7266,2004,0.0,8146.0,-0.043266000000000006,-0.376239,CRI,ESP,521111
10118835,54,71,7266,2004,0.0,2608.0,-0.040541,-0.634675,CUB,ESP,521111
10118836,58,71,7266,2004,0.0,2158.0,0.533521,0.615939,CYP,ESP,521111
10118837,61,71,7266,2004,0.0,111846.0,2.266076,-2.011139,DEU,ESP,521111
10118838,64,71,7266,2004,0.0,18688.0,1.328968,1.262743,DNK,ESP,521111
10118839,74,71,7266,2004,0.0,8450.0,2.000218,0.9867309999999999,FIN,ESP,521111
10118840,77,71,7266,2004,93383.0,365080.0,1.6003530000000001,0.643945,FRA,ESP,521111
10118841,81,71,7266,2004,3078.0,143786.0,1.843506,0.684779,GBR,ESP,521111
10118842,90,71,7266,2004,0.0,179171.0,0.348853,1.661656,GRC,ESP,521111
10118843,102,71,7266,2004,0.0,957.0,1.207082,1.019714,HUN,ESP,521111
10118844,106,71,7266,2004,0.0,3203.0,1.501859,0.14456,IRL,ESP,521111
10118845,109,71,7266,2004,0.0,4832.0,0.298844,-0.36366,ISL,ESP,521111
10118846,110,71,7266,2004,0.0,2323.0,1.250393,0.8003979999999999,ISR,ESP,521111
10118847,111,71,7266,2004,68159.0,30142.0,1.358057,1.11533,ITA,ESP,521111
10118848,121,71,7266,2004,0.0,1613.0,1.3624690000000002,0.928342,KOR,ESP,521111
10118849,124,71,7266,2004,0.0,29523.0,0.32409899999999997,1.037024,LBN,ESP,521111
10118850,132,71,7266,2004,0.0,966.0,0.413821,0.627853,LVA,ESP,521111
10118851,134,71,7266,2004,0.0,25357.0,-0.681556,-0.152372,MAR,ESP,521111
10118852,138,71,7266,2004,0.0,259246.0,0.868684,0.85506,MEX,ESP,521111
10118853,142,71,7266,2004,0.0,7460.0,1.251894,0.063827,MLT,ESP,521111
10118854,162,71,7266,2004,0.0,53363.0,1.251808,1.586526,NLD,ESP,521111
10118855,163,71,7266,2004,0.0,4224.0,1.10162,0.118709,NOR,ESP,521111
10118856,168,71,7266,2004,44547.0,0.0,-0.754143,0.25995100000000004,PAK,ESP,521111
10118857,177,71,7266,2004,0.0,127738.0,1.019341,1.519452,POL,ESP,521111
10118858,179,71,7266,2004,13886.0,47405.0,0.524524,1.901139,PRT,ESP,521111
10118859,183,71,7266,2004,0.0,19577.0,0.21713400000000002,-1.031806,QAT,ESP,521111
10118860,185,71,7266,2004,0.0,2359.0,0.37241599999999997,1.015865,ROU,ESP,521111
10118861,186,71,7266,2004,0.0,4365.0,0.8952399999999999,0.172896,RUS,ESP,521111
10118862,192,71,7266,2004,0.0,2669.0,1.6409779999999998,0.634947,SGP,ESP,521111
10118863,206,71,7266,2004,3424.0,0.0,1.2375120000000002,0.8777889999999999,SVK,ESP,521111
10118864,208,71,7266,2004,0.0,12238.0,2.0522080000000003,0.8326969999999999,SWE,ESP,521111
10118865,223,71,7266,2004,0.0,3430.0,-0.195751,0.335147,TUN,ESP,521111
10118866,224,71,7266,2004,6224.0,0.0,0.141454,1.9463599999999999,TUR,ESP,521111
10118867,230,71,7266,2004,0.0,4330.0,0.151633,0.121776,URY,ESP,521111
10118868,231,71,7266,2004,0.0,15644.0,1.7598630000000002,0.066704,USA,ESP,521111
10118869,236,71,7266,2004,0.0,74016.0,0.048698000000000005,-0.899776,VEN,ESP,521111
10118870,246,71,7266,2004,0.0,2382.0,0.460279,1.9736220000000002,ZAF,ESP,521111
10118871,74,72,7266,2004,4291.0,0.0,2.000218,0.9867309999999999,FIN,EST,521111
10118872,208,72,7266,2004,1858.0,0.0,2.0522080000000003,0.8326969999999999,SWE,EST,521111
10118873,250,72,7266,2004,1415.0,0.0,0.509382,-0.30904299999999996,ANS,EST,521111
10118874,71,74,7266,2004,8450.0,0.0,0.9784649999999999,2.051216,ESP,FIN,521111
10118875,72,74,7266,2004,0.0,4291.0,0.6101840000000001,0.9520370000000001,EST,FIN,521111
10118876,77,74,7266,2004,2415.0,0.0,1.6003530000000001,0.643945,FRA,FIN,521111
10118877,81,74,7266,2004,474383.0,0.0,1.843506,0.684779,GBR,FIN,521111
10118878,111,74,7266,2004,7527.0,0.0,1.358057,1.11533,ITA,FIN,521111
10118879,14,77,7266,2004,0.0,1001.0,0.196641,0.8139460000000001,AUS,FRA,521111
10118880,15,77,7266,2004,81645.0,3537.0,1.825391,0.40553,AUT,FRA,521111
10118881,18,77,7266,2004,298769.0,121066.0,1.350911,1.408209,BEL,FRA,521111
10118882,23,77,7266,2004,0.0,1919.0,0.35536,1.499182,BGR,FRA,521111
10118883,24,77,7266,2004,34919.0,0.0,0.045344999999999996,-1.001059,BHR,FRA,521111
10118884,43,77,7266,2004,0.0,1183.0,0.581548,2.8689880000000003,CHN,FRA,521111
10118885,49,77,7266,2004,0.0,2180.0,0.033128,0.47524799999999995,COL,FRA,521111
10118886,58,77,7266,2004,0.0,2203.0,0.533521,0.615939,CYP,FRA,521111
10118887,61,77,7266,2004,20706.0,15869.0,2.266076,-2.011139,DEU,FRA,521111
10118888,64,77,7266,2004,0.0,7501.0,1.328968,1.262743,DNK,FRA,521111
10118889,68,77,7266,2004,735519.0,0.0,-0.300563,0.41834899999999997,EGY,FRA,521111
10118890,71,77,7266,2004,365080.0,93383.0,0.9784649999999999,2.051216,ESP,FRA,521111
10118891,74,77,7266,2004,0.0,2415.0,2.000218,0.9867309999999999,FIN,FRA,521111
10118892,81,77,7266,2004,182017.0,2454.0,1.843506,0.684779,GBR,FRA,521111
10118893,90,77,7266,2004,0.0,20564.0,0.348853,1.661656,GRC,FRA,521111
10118894,97,77,7266,2004,0.0,2417.0,0.604825,2.098745,HKG,FRA,521111
10118895,102,77,7266,2004,0.0,9689.0,1.207082,1.019714,HUN,FRA,521111
10118896,104,77,7266,2004,1198.0,0.0,0.233348,2.790987,IND,FRA,521111
10118897,111,77,7266,2004,51493.0,56406.0,1.358057,1.11533,ITA,FRA,521111
10118898,134,77,7266,2004,0.0,41601.0,-0.681556,-0.152372,MAR,FRA,521111
10118899,136,77,7266,2004,0.0,7897.0,-1.355542,-0.634409,MDG,FRA,521111
10118900,151,77,7266,2004,0.0,2328.0,-0.374754,-0.288504,MUS,FRA,521111
10118901,162,77,7266,2004,43428.0,114301.0,1.251808,1.586526,NLD,FRA,521111
10118902,166,77,7266,2004,0.0,7111.0,0.567392,0.965781,NZL,FRA,521111
10118903,168,77,7266,2004,112630.0,0.0,-0.754143,0.25995100000000004,PAK,FRA,521111
10118904,177,77,7266,2004,0.0,9596.0,1.019341,1.519452,POL,FRA,521111
10118905,179,77,7266,2004,29971.0,2492.0,0.524524,1.901139,PRT,FRA,521111
10118906,185,77,7266,2004,0.0,6173.0,0.37241599999999997,1.015865,ROU,FRA,521111
10118907,192,77,7266,2004,0.0,1328.0,1.6409779999999998,0.634947,SGP,FRA,521111
10118908,206,77,7266,2004,0.0,16621.0,1.2375120000000002,0.8777889999999999,SVK,FRA,521111
10118909,223,77,7266,2004,0.0,116406.0,-0.195751,0.335147,TUN,FRA,521111
10118910,224,77,7266,2004,60020.0,6857.0,0.141454,1.9463599999999999,TUR,FRA,521111
10118911,231,77,7266,2004,0.0,10580.0,1.7598630000000002,0.066704,USA,FRA,521111
10118912,7,81,7266,2004,182264.0,1563.0,0.1799,-0.34541900000000003,ARE,GBR,521111
10118913,15,81,7266,2004,33671.0,1254.0,1.825391,0.40553,AUT,GBR,521111
10118914,18,81,7266,2004,1395.0,1648.0,1.350911,1.408209,BEL,GBR,521111
10118915,39,81,7266,2004,0.0,14062.0,0.9392739999999999,1.19228,CAN,GBR,521111
10118916,41,81,7266,2004,3500.0,1278.0,2.151471,0.7196279999999999,CHE,GBR,521111
10118917,58,81,7266,2004,0.0,4181.0,0.533521,0.615939,CYP,GBR,521111
10118918,59,81,7266,2004,0.0,12323.0,1.562625,0.865244,CZE,GBR,521111
10118919,61,81,7266,2004,1095779.0,0.0,2.266076,-2.011139,DEU,GBR,521111
10118920,68,81,7266,2004,152800.0,0.0,-0.300563,0.41834899999999997,EGY,GBR,521111
10118921,71,81,7266,2004,143786.0,3078.0,0.9784649999999999,2.051216,ESP,GBR,521111
10118922,74,81,7266,2004,0.0,474383.0,2.000218,0.9867309999999999,FIN,GBR,521111
10118923,77,81,7266,2004,2454.0,182017.0,1.6003530000000001,0.643945,FRA,GBR,521111
10118924,102,81,7266,2004,0.0,12962.0,1.207082,1.019714,HUN,GBR,521111
10118925,103,81,7266,2004,64456.0,0.0,-0.223644,1.719065,IDN,GBR,521111
10118926,104,81,7266,2004,4884.0,0.0,0.233348,2.790987,IND,GBR,521111
10118927,106,81,7266,2004,0.0,8292.0,1.501859,0.14456,IRL,GBR,521111
10118928,111,81,7266,2004,1121744.0,3879.0,1.358057,1.11533,ITA,GBR,521111
10118929,114,81,7266,2004,0.0,1298.0,2.526624,0.452054,JPN,GBR,521111
10118930,122,81,7266,2004,0.0,18082.0,-0.481908,-1.172081,KWT,GBR,521111
10118931,124,81,7266,2004,0.0,1858.0,0.32409899999999997,1.037024,LBN,GBR,521111
10118932,130,81,7266,2004,0.0,27175.0,0.403568,0.632707,LTU,GBR,521111
10118933,138,81,7266,2004,0.0,5244.0,0.868684,0.85506,MEX,GBR,521111
10118934,162,81,7266,2004,196480.0,2129.0,1.251808,1.586526,NLD,GBR,521111
10118935,166,81,7266,2004,0.0,4376.0,0.567392,0.965781,NZL,GBR,521111
10118936,167,81,7266,2004,0.0,5603.0,-0.62946,-1.108933,OMN,GBR,521111
10118937,168,81,7266,2004,190609.0,0.0,-0.754143,0.25995100000000004,PAK,GBR,521111
10118938,177,81,7266,2004,0.0,11249.0,1.019341,1.519452,POL,GBR,521111
10118939,179,81,7266,2004,62145.0,2001.0,0.524524,1.901139,PRT,GBR,521111
10118940,183,81,7266,2004,0.0,23240.0,0.21713400000000002,-1.031806,QAT,GBR,521111
10118941,185,81,7266,2004,17648.0,39877.0,0.37241599999999997,1.015865,ROU,GBR,521111
10118942,186,81,7266,2004,0.0,1156.0,0.8952399999999999,0.172896,RUS,GBR,521111
10118943,189,81,7266,2004,0.0,4511.0,0.628071,2.210424,SCG,GBR,521111
10118944,208,81,7266,2004,0.0,14440.0,2.0522080000000003,0.8326969999999999,SWE,GBR,521111
10118945,216,81,7266,2004,0.0,6169.0,0.5150359999999999,1.583019,THA,GBR,521111
10118946,224,81,7266,2004,20285.0,0.0,0.141454,1.9463599999999999,TUR,GBR,521111
10118947,228,81,7266,2004,0.0,1210.0,0.8758040000000001,0.8195879999999999,UKR,GBR,521111
10118948,231,81,7266,2004,31807.0,154709.0,1.7598630000000002,0.066704,USA,GBR,521111
10118949,239,81,7266,2004,0.0,18275.0,-0.5270560000000001,0.8910389999999999,VNM,GBR,521111
10118950,246,81,7266,2004,3095.0,12272.0,0.460279,1.9736220000000002,ZAF,GBR,521111
10118951,249,81,7266,2004,0.0,1485.0,1.626307,1.358315,TWN,GBR,521111
10118952,23,90,7266,2004,0.0,7961.0,0.35536,1.499182,BGR,GRC,521111
10118953,61,90,7266,2004,4166.0,0.0,2.266076,-2.011139,DEU,GRC,521111
10118954,68,90,7266,2004,592249.0,0.0,-0.300563,0.41834899999999997,EGY,GRC,521111
10118955,71,90,7266,2004,179171.0,0.0,0.9784649999999999,2.051216,ESP,GRC,521111
10118956,77,90,7266,2004,20564.0,0.0,1.6003530000000001,0.643945,FRA,GRC,521111
10118957,111,90,7266,2004,4271.0,6081.0,1.358057,1.11533,ITA,GRC,521111
10118958,185,90,7266,2004,0.0,15847.0,0.37241599999999997,1.015865,ROU,GRC,521111
10118959,223,90,7266,2004,0.0,43611.0,-0.195751,0.335147,TUN,GRC,521111
10118960,224,90,7266,2004,4505.0,0.0,0.141454,1.9463599999999999,TUR,GRC,521111
10118961,7,97,7266,2004,0.0,50758.0,0.1799,-0.34541900000000003,ARE,HKG,521111
10118962,14,97,7266,2004,4925.0,0.0,0.196641,0.8139460000000001,AUS,HKG,521111
10118963,22,97,7266,2004,0.0,334225.0,-1.150444,-0.885333,BGD,HKG,521111
10118964,24,97,7266,2004,0.0,10135.0,0.045344999999999996,-1.001059,BHR,HKG,521111
10118965,43,97,7266,2004,739128.0,1378549.0,0.581548,2.8689880000000003,CHN,HKG,521111
10118966,77,97,7266,2004,2417.0,0.0,1.6003530000000001,0.643945,FRA,HKG,521111
10118967,103,97,7266,2004,14015.0,7884.0,-0.223644,1.719065,IDN,HKG,521111
10118968,111,97,7266,2004,127270.0,0.0,1.358057,1.11533,ITA,HKG,521111
10118969,113,97,7266,2004,0.0,120221.0,0.152989,0.385845,JOR,HKG,521111
10118970,114,97,7266,2004,9069.0,0.0,2.526624,0.452054,JPN,HKG,521111
10118971,121,97,7266,2004,254204.0,0.0,1.3624690000000002,0.928342,KOR,HKG,521111
10118972,128,97,7266,2004,0.0,44144.0,-0.658668,0.21912600000000002,LKA,HKG,521111
10118973,153,97,7266,2004,0.0,18387.0,0.6710050000000001,0.17807,MYS,HKG,521111
10118974,168,97,7266,2004,15401.0,0.0,-0.754143,0.25995100000000004,PAK,HKG,521111
10118975,174,97,7266,2004,0.0,46726.0,-0.076709,-0.149006,PHL,HKG,521111
10118976,188,97,7266,2004,0.0,10907.0,0.546196,-0.7014729999999999,SAU,HKG,521111
10118977,216,97,7266,2004,12055.0,378192.0,0.5150359999999999,1.583019,THA,HKG,521111
10118978,227,97,7266,2004,0.0,2104.0,-0.914733,-0.554346,UGA,HKG,521111
10118979,231,97,7266,2004,9701.0,0.0,1.7598630000000002,0.066704,USA,HKG,521111
10118980,239,97,7266,2004,0.0,72071.0,-0.5270560000000001,0.8910389999999999,VNM,HKG,521111
10118981,246,97,7266,2004,0.0,5499.0,0.460279,1.9736220000000002,ZAF,HKG,521111
10118982,249,97,7266,2004,128401.0,3154.0,1.626307,1.358315,TWN,HKG,521111
10118983,231,99,7266,2004,155099.0,0.0,1.7598630000000002,0.066704,USA,HND,521111
10118984,7,103,7266,2004,0.0,134821.0,0.1799,-0.34541900000000003,ARE,IDN,521111
10118985,14,103,7266,2004,0.0,5930.0,0.196641,0.8139460000000001,AUS,IDN,521111
10118986,18,103,7266,2004,0.0,94595.0,1.350911,1.408209,BEL,IDN,521111
10118987,24,103,7266,2004,0.0,4329.0,0.045344999999999996,-1.001059,BHR,IDN,521111
10118988,43,103,7266,2004,197914.0,0.0,0.581548,2.8689880000000003,CHN,IDN,521111
10118989,81,103,7266,2004,0.0,64456.0,1.843506,0.684779,GBR,IDN,521111
10118990,97,103,7266,2004,7884.0,14015.0,0.604825,2.098745,HKG,IDN,521111
10118991,104,103,7266,2004,122419.0,0.0,0.233348,2.790987,IND,IDN,521111
10118992,111,103,7266,2004,0.0,29895.0,1.358057,1.11533,ITA,IDN,521111
10118993,114,103,7266,2004,22154.0,3520.0,2.526624,0.452054,JPN,IDN,521111
10118994,118,103,7266,2004,0.0,135187.0,-1.4676209999999998,-1.1972639999999999,KHM,IDN,521111
10118995,121,103,7266,2004,261864.0,0.0,1.3624690000000002,0.928342,KOR,IDN,521111
10118996,128,103,7266,2004,0.0,90081.0,-0.658668,0.21912600000000002,LKA,IDN,521111
10118997,153,103,7266,2004,0.0,10587.0,0.6710050000000001,0.17807,MYS,IDN,521111
10118998,159,103,7266,2004,0.0,44803.0,-2.413432,-1.3033190000000001,NGA,IDN,521111
10118999,162,103,7266,2004,0.0,84165.0,1.251808,1.586526,NLD,IDN,521111
10119000,192,103,7266,2004,2629007.0,5536.0,1.6409779999999998,0.634947,SGP,IDN,521111
10119001,228,103,7266,2004,0.0,32217.0,0.8758040000000001,0.8195879999999999,UKR,IDN,521111
10119002,231,103,7266,2004,0.0,1036907.0,1.7598630000000002,0.066704,USA,IDN,521111
10119003,249,103,7266,2004,0.0,40757.0,1.626307,1.358315,TWN,IDN,521111
10119004,14,104,7266,2004,0.0,65481.0,0.196641,0.8139460000000001,AUS,IND,521111
10119005,18,104,7266,2004,0.0,2086.0,1.350911,1.408209,BEL,IND,521111
10119006,22,104,7266,2004,0.0,221037.0,-1.150444,-0.885333,BGD,IND,521111
10119007,24,104,7266,2004,0.0,2892.0,0.045344999999999996,-1.001059,BHR,IND,521111
10119008,43,104,7266,2004,90019.0,0.0,0.581548,2.8689880000000003,CHN,IND,521111
10119009,44,104,7266,2004,0.0,14799.0,-0.8490979999999999,-0.754732,CIV,IND,521111
10119010,75,104,7266,2004,0.0,987.0,-0.8870969999999999,-0.287427,FJI,IND,521111
10119011,77,104,7266,2004,0.0,1198.0,1.6003530000000001,0.643945,FRA,IND,521111
10119012,81,104,7266,2004,0.0,4884.0,1.843506,0.684779,GBR,IND,521111
10119013,103,104,7266,2004,0.0,122419.0,-0.223644,1.719065,IDN,IND,521111
10119014,111,104,7266,2004,1101.0,3392.0,1.358057,1.11533,ITA,IND,521111
10119015,114,104,7266,2004,8923.0,1239.0,2.526624,0.452054,JPN,IND,521111
10119016,121,104,7266,2004,7390.0,0.0,1.3624690000000002,0.928342,KOR,IND,521111
10119017,133,104,7266,2004,0.0,1980.0,-0.351045,-0.487521,MAC,IND,521111
10119018,136,104,7266,2004,0.0,38708.0,-1.355542,-0.634409,MDG,IND,521111
10119019,153,104,7266,2004,11712.0,0.0,0.6710050000000001,0.17807,MYS,IND,521111
10119020,159,104,7266,2004,0.0,189336.0,-2.413432,-1.3033190000000001,NGA,IND,521111
10119021,162,104,7266,2004,4341.0,0.0,1.251808,1.586526,NLD,IND,521111
10119022,167,104,7266,2004,0.0,57257.0,-0.62946,-1.108933,OMN,IND,521111
10119023,179,104,7266,2004,35862.0,0.0,0.524524,1.901139,PRT,IND,521111
10119024,183,104,7266,2004,0.0,6566.0,0.21713400000000002,-1.031806,QAT,IND,521111
10119025,185,104,7266,2004,0.0,12122.0,0.37241599999999997,1.015865,ROU,IND,521111
10119026,188,104,7266,2004,0.0,23667.0,0.546196,-0.7014729999999999,SAU,IND,521111
10119027,190,104,7266,2004,0.0,15194.0,-1.5346309999999999,-1.2599559999999999,SDN,IND,521111
10119028,192,104,7266,2004,0.0,65074.0,1.6409779999999998,0.634947,SGP,IND,521111
10119029,208,104,7266,2004,1779.0,0.0,2.0522080000000003,0.8326969999999999,SWE,IND,521111
10119030,215,104,7266,2004,0.0,88716.0,-0.6788270000000001,-0.482984,TGO,IND,521111
10119031,231,104,7266,2004,0.0,82554.0,1.7598630000000002,0.066704,USA,IND,521111
10119032,236,104,7266,2004,0.0,9983.0,0.048698000000000005,-0.899776,VEN,IND,521111
10119033,246,104,7266,2004,0.0,3626.0,0.460279,1.9736220000000002,ZAF,IND,521111
10119034,71,106,7266,2004,3203.0,0.0,0.9784649999999999,2.051216,ESP,IRL,521111
10119035,81,106,7266,2004,8292.0,0.0,1.843506,0.684779,GBR,IRL,521111
10119036,168,106,7266,2004,55796.0,0.0,-0.754143,0.25995100000000004,PAK,IRL,521111
10119037,61,110,7266,2004,6117.0,0.0,2.266076,-2.011139,DEU,ISR,521111
10119038,71,110,7266,2004,2323.0,0.0,0.9784649999999999,2.051216,ESP,ISR,521111
10119039,113,110,7266,2004,0.0,50440.0,0.152989,0.385845,JOR,ISR,521111
10119040,14,111,7266,2004,0.0,22526.0,0.196641,0.8139460000000001,AUS,ITA,521111
10119041,15,111,7266,2004,10729.0,60793.0,1.825391,0.40553,AUT,ITA,521111
10119042,18,111,7266,2004,10974.0,8854.0,1.350911,1.408209,BEL,ITA,521111
10119043,23,111,7266,2004,11787.0,1231.0,0.35536,1.499182,BGR,ITA,521111
10119044,24,111,7266,2004,0.0,14946.0,0.045344999999999996,-1.001059,BHR,ITA,521111
10119045,39,111,7266,2004,0.0,2194.0,0.9392739999999999,1.19228,CAN,ITA,521111
10119046,41,111,7266,2004,0.0,76000.0,2.151471,0.7196279999999999,CHE,ITA,521111
10119047,43,111,7266,2004,0.0,62897.0,0.581548,2.8689880000000003,CHN,ITA,521111
10119048,49,111,7266,2004,0.0,1927.0,0.033128,0.47524799999999995,COL,ITA,521111
10119049,59,111,7266,2004,0.0,21599.0,1.562625,0.865244,CZE,ITA,521111
10119050,61,111,7266,2004,17208.0,644098.0,2.266076,-2.011139,DEU,ITA,521111
10119051,64,111,7266,2004,0.0,1414.0,1.328968,1.262743,DNK,ITA,521111
10119052,66,111,7266,2004,0.0,39824.0,-0.725066,-1.163606,DZA,ITA,521111
10119053,68,111,7266,2004,5889.0,0.0,-0.300563,0.41834899999999997,EGY,ITA,521111
10119054,71,111,7266,2004,30142.0,68159.0,0.9784649999999999,2.051216,ESP,ITA,521111
10119055,74,111,7266,2004,0.0,7527.0,2.000218,0.9867309999999999,FIN,ITA,521111
10119056,77,111,7266,2004,56406.0,51493.0,1.6003530000000001,0.643945,FRA,ITA,521111
10119057,81,111,7266,2004,3879.0,1121744.0,1.843506,0.684779,GBR,ITA,521111
10119058,90,111,7266,2004,6081.0,4271.0,0.348853,1.661656,GRC,ITA,521111
10119059,97,111,7266,2004,0.0,127270.0,0.604825,2.098745,HKG,ITA,521111
10119060,102,111,7266,2004,0.0,8364.0,1.207082,1.019714,HUN,ITA,521111
10119061,103,111,7266,2004,29895.0,0.0,-0.223644,1.719065,IDN,ITA,521111
10119062,104,111,7266,2004,3392.0,1101.0,0.233348,2.790987,IND,ITA,521111
10119063,113,111,7266,2004,0.0,1208.0,0.152989,0.385845,JOR,ITA,521111
10119064,114,111,7266,2004,0.0,340942.0,2.526624,0.452054,JPN,ITA,521111
10119065,121,111,7266,2004,0.0,20675.0,1.3624690000000002,0.928342,KOR,ITA,521111
10119066,124,111,7266,2004,0.0,29153.0,0.32409899999999997,1.037024,LBN,ITA,521111
10119067,128,111,7266,2004,0.0,5749.0,-0.658668,0.21912600000000002,LKA,ITA,521111
10119068,130,111,7266,2004,0.0,5529.0,0.403568,0.632707,LTU,ITA,521111
10119069,134,111,7266,2004,0.0,2725.0,-0.681556,-0.152372,MAR,ITA,521111
10119070,138,111,7266,2004,0.0,4199.0,0.868684,0.85506,MEX,ITA,521111
10119071,142,111,7266,2004,0.0,2232.0,1.251894,0.063827,MLT,ITA,521111
10119072,151,111,7266,2004,0.0,6199.0,-0.374754,-0.288504,MUS,ITA,521111
10119073,153,111,7266,2004,11591.0,0.0,0.6710050000000001,0.17807,MYS,ITA,521111
10119074,162,111,7266,2004,0.0,4587.0,1.251808,1.586526,NLD,ITA,521111
10119075,167,111,7266,2004,0.0,4133.0,-0.62946,-1.108933,OMN,ITA,521111
10119076,177,111,7266,2004,0.0,4435.0,1.019341,1.519452,POL,ITA,521111
10119077,179,111,7266,2004,0.0,4804.0,0.524524,1.901139,PRT,ITA,521111
10119078,185,111,7266,2004,0.0,151501.0,0.37241599999999997,1.015865,ROU,ITA,521111
10119079,186,111,7266,2004,0.0,2294.0,0.8952399999999999,0.172896,RUS,ITA,521111
10119080,189,111,7266,2004,0.0,4199.0,0.628071,2.210424,SCG,ITA,521111
10119081,206,111,7266,2004,6147.0,0.0,1.2375120000000002,0.8777889999999999,SVK,ITA,521111
10119082,207,111,7266,2004,0.0,11828.0,1.628643,1.02381,SVN,ITA,521111
10119083,223,111,7266,2004,0.0,1594756.0,-0.195751,0.335147,TUN,ITA,521111
10119084,224,111,7266,2004,94497.0,45427.0,0.141454,1.9463599999999999,TUR,ITA,521111
10119085,228,111,7266,2004,0.0,4717.0,0.8758040000000001,0.8195879999999999,UKR,ITA,521111
10119086,231,111,7266,2004,2510.0,722959.0,1.7598630000000002,0.066704,USA,ITA,521111
10119087,236,111,7266,2004,0.0,2343.0,0.048698000000000005,-0.899776,VEN,ITA,521111
10119088,239,111,7266,2004,0.0,1320.0,-0.5270560000000001,0.8910389999999999,VNM,ITA,521111
10119089,246,111,7266,2004,0.0,3287.0,0.460279,1.9736220000000002,ZAF,ITA,521111
10119090,24,114,7266,2004,0.0,1412.0,0.045344999999999996,-1.001059,BHR,JPN,521111
10119091,43,114,7266,2004,132007.0,65095.0,0.581548,2.8689880000000003,CHN,JPN,521111
10119092,79,114,7266,2004,0.0,3825.0,-1.647605,-1.093832,FSM,JPN,521111
10119093,81,114,7266,2004,1298.0,0.0,1.843506,0.684779,GBR,JPN,521111
10119094,97,114,7266,2004,0.0,9069.0,0.604825,2.098745,HKG,JPN,521111
10119095,103,114,7266,2004,3520.0,22154.0,-0.223644,1.719065,IDN,JPN,521111
10119096,104,114,7266,2004,1239.0,8923.0,0.233348,2.790987,IND,JPN,521111
10119097,111,114,7266,2004,340942.0,0.0,1.358057,1.11533,ITA,JPN,521111
10119098,121,114,7266,2004,0.0,4436.0,1.3624690000000002,0.928342,KOR,JPN,521111
10119099,143,114,7266,2004,0.0,9415.0,-1.400614,-0.947664,MMR,JPN,521111
10119100,174,114,7266,2004,0.0,73054.0,-0.076709,-0.149006,PHL,JPN,521111
10119101,216,114,7266,2004,232561.0,92924.0,0.5150359999999999,1.583019,THA,JPN,521111
10119102,231,114,7266,2004,18504.0,4526.0,1.7598630000000002,0.066704,USA,JPN,521111
10119103,239,114,7266,2004,0.0,30906.0,-0.5270560000000001,0.8910389999999999,VNM,JPN,521111
10119104,249,114,7266,2004,157130.0,0.0,1.626307,1.358315,TWN,JPN,521111
10119105,22,121,7266,2004,0.0,27989.0,-1.150444,-0.885333,BGD,KOR,521111
10119106,24,121,7266,2004,0.0,1476.0,0.045344999999999996,-1.001059,BHR,KOR,521111
10119107,43,121,7266,2004,189741.0,121601.0,0.581548,2.8689880000000003,CHN,KOR,521111
10119108,61,121,7266,2004,7705.0,0.0,2.266076,-2.011139,DEU,KOR,521111
10119109,71,121,7266,2004,1613.0,0.0,0.9784649999999999,2.051216,ESP,KOR,521111
10119110,97,121,7266,2004,0.0,254204.0,0.604825,2.098745,HKG,KOR,521111
10119111,103,121,7266,2004,0.0,261864.0,-0.223644,1.719065,IDN,KOR,521111
10119112,104,121,7266,2004,0.0,7390.0,0.233348,2.790987,IND,KOR,521111
10119113,111,121,7266,2004,20675.0,0.0,1.358057,1.11533,ITA,KOR,521111
10119114,114,121,7266,2004,4436.0,0.0,2.526624,0.452054,JPN,KOR,521111
10119115,128,121,7266,2004,0.0,4708.0,-0.658668,0.21912600000000002,LKA,KOR,521111
10119116,153,121,7266,2004,0.0,18606.0,0.6710050000000001,0.17807,MYS,KOR,521111
10119117,174,121,7266,2004,0.0,10213.0,-0.076709,-0.149006,PHL,KOR,521111
10119118,183,121,7266,2004,0.0,2069.0,0.21713400000000002,-1.031806,QAT,KOR,521111
10119119,192,121,7266,2004,0.0,31593.0,1.6409779999999998,0.634947,SGP,KOR,521111
10119120,216,121,7266,2004,96114.0,7319.0,0.5150359999999999,1.583019,THA,KOR,521111
10119121,231,121,7266,2004,0.0,16515.0,1.7598630000000002,0.066704,USA,KOR,521111
10119122,239,121,7266,2004,24752.0,553065.0,-0.5270560000000001,0.8910389999999999,VNM,KOR,521111
10119123,246,121,7266,2004,0.0,969.0,0.460279,1.9736220000000002,ZAF,KOR,521111
10119124,43,128,7266,2004,46878.0,0.0,0.581548,2.8689880000000003,CHN,LKA,521111
10119125,61,128,7266,2004,66327.0,0.0,2.266076,-2.011139,DEU,LKA,521111
10119126,97,128,7266,2004,44144.0,0.0,0.604825,2.098745,HKG,LKA,521111
10119127,103,128,7266,2004,90081.0,0.0,-0.223644,1.719065,IDN,LKA,521111
10119128,111,128,7266,2004,5749.0,0.0,1.358057,1.11533,ITA,LKA,521111
10119129,113,128,7266,2004,1527.0,0.0,0.152989,0.385845,JOR,LKA,521111
10119130,121,128,7266,2004,4708.0,0.0,1.3624690000000002,0.928342,KOR,LKA,521111
10119131,216,128,7266,2004,1652.0,0.0,0.5150359999999999,1.583019,THA,LKA,521111
10119132,249,128,7266,2004,75884.0,0.0,1.626307,1.358315,TWN,LKA,521111
10119133,32,138,7266,2004,17597.0,0.0,0.540718,1.149065,BRA,MEX,521111
10119134,42,138,7266,2004,5442.0,0.0,-0.07869,-0.33641,CHL,MEX,521111
10119135,43,138,7266,2004,65315.0,0.0,0.581548,2.8689880000000003,CHN,MEX,521111
10119136,52,138,7266,2004,0.0,99933.0,-0.043266000000000006,-0.376239,CRI,MEX,521111
10119137,71,138,7266,2004,259246.0,0.0,0.9784649999999999,2.051216,ESP,MEX,521111
10119138,81,138,7266,2004,5244.0,0.0,1.843506,0.684779,GBR,MEX,521111
10119139,111,138,7266,2004,4199.0,0.0,1.358057,1.11533,ITA,MEX,521111
10119140,231,138,7266,2004,447275.0,4979.0,1.7598630000000002,0.066704,USA,MEX,521111
10119141,43,153,7266,2004,31751.0,0.0,0.581548,2.8689880000000003,CHN,MYS,521111
10119142,97,153,7266,2004,18387.0,0.0,0.604825,2.098745,HKG,MYS,521111
10119143,103,153,7266,2004,10587.0,0.0,-0.223644,1.719065,IDN,MYS,521111
10119144,104,153,7266,2004,0.0,11712.0,0.233348,2.790987,IND,MYS,521111
10119145,111,153,7266,2004,0.0,11591.0,1.358057,1.11533,ITA,MYS,521111
10119146,121,153,7266,2004,18606.0,0.0,1.3624690000000002,0.928342,KOR,MYS,521111
10119147,124,153,7266,2004,0.0,3297.0,0.32409899999999997,1.037024,LBN,MYS,521111
10119148,192,153,7266,2004,11475.0,0.0,1.6409779999999998,0.634947,SGP,MYS,521111
10119149,216,153,7266,2004,7686.0,0.0,0.5150359999999999,1.583019,THA,MYS,521111
10119150,249,153,7266,2004,3768.0,0.0,1.626307,1.358315,TWN,MYS,521111
10119151,14,162,7266,2004,0.0,7175.0,0.196641,0.8139460000000001,AUS,NLD,521111
10119152,15,162,7266,2004,0.0,4845.0,1.825391,0.40553,AUT,NLD,521111
10119153,18,162,7266,2004,39781.0,1331.0,1.350911,1.408209,BEL,NLD,521111
10119154,58,162,7266,2004,0.0,4120.0,0.533521,0.615939,CYP,NLD,521111
10119155,61,162,7266,2004,177768.0,29733.0,2.266076,-2.011139,DEU,NLD,521111
10119156,64,162,7266,2004,0.0,7631.0,1.328968,1.262743,DNK,NLD,521111
10119157,71,162,7266,2004,53363.0,0.0,0.9784649999999999,2.051216,ESP,NLD,521111
10119158,77,162,7266,2004,114301.0,43428.0,1.6003530000000001,0.643945,FRA,NLD,521111
10119159,81,162,7266,2004,2129.0,196480.0,1.843506,0.684779,GBR,NLD,521111
10119160,102,162,7266,2004,0.0,1486.0,1.207082,1.019714,HUN,NLD,521111
10119161,103,162,7266,2004,84165.0,0.0,-0.223644,1.719065,IDN,NLD,521111
10119162,104,162,7266,2004,0.0,4341.0,0.233348,2.790987,IND,NLD,521111
10119163,109,162,7266,2004,0.0,968.0,0.298844,-0.36366,ISL,NLD,521111
10119164,111,162,7266,2004,4587.0,0.0,1.358057,1.11533,ITA,NLD,521111
10119165,136,162,7266,2004,0.0,2627.0,-1.355542,-0.634409,MDG,NLD,521111
10119166,177,162,7266,2004,4904.0,18544.0,1.019341,1.519452,POL,NLD,521111
10119167,183,162,7266,2004,0.0,5587.0,0.21713400000000002,-1.031806,QAT,NLD,521111
10119168,185,162,7266,2004,0.0,6240.0,0.37241599999999997,1.015865,ROU,NLD,521111
10119169,189,162,7266,2004,0.0,4510.0,0.628071,2.210424,SCG,NLD,521111
10119170,206,162,7266,2004,0.0,2403.0,1.2375120000000002,0.8777889999999999,SVK,NLD,521111
10119171,208,162,7266,2004,0.0,14997.0,2.0522080000000003,0.8326969999999999,SWE,NLD,521111
10119172,224,162,7266,2004,14833.0,3602.0,0.141454,1.9463599999999999,TUR,NLD,521111
10119173,14,166,7266,2004,0.0,3989.0,0.196641,0.8139460000000001,AUS,NZL,521111
10119174,39,166,7266,2004,0.0,6267.0,0.9392739999999999,1.19228,CAN,NZL,521111
10119175,77,166,7266,2004,7111.0,0.0,1.6003530000000001,0.643945,FRA,NZL,521111
10119176,81,166,7266,2004,4376.0,0.0,1.843506,0.684779,GBR,NZL,521111
10119177,231,166,7266,2004,2409.0,0.0,1.7598630000000002,0.066704,USA,NZL,521111
10119178,246,166,7266,2004,107839.0,0.0,0.460279,1.9736220000000002,ZAF,NZL,521111
10119179,65,169,7266,2004,0.0,2577.0,-0.510025,-0.328257,DOM,PAN,521111
10119180,231,169,7266,2004,37603.0,0.0,1.7598630000000002,0.066704,USA,PAN,521111
10119181,43,174,7266,2004,114569.0,0.0,0.581548,2.8689880000000003,CHN,PHL,521111
10119182,97,174,7266,2004,46726.0,0.0,0.604825,2.098745,HKG,PHL,521111
10119183,114,174,7266,2004,73054.0,0.0,2.526624,0.452054,JPN,PHL,521111
10119184,121,174,7266,2004,10213.0,0.0,1.3624690000000002,0.928342,KOR,PHL,521111
10119185,216,174,7266,2004,0.0,18690.0,0.5150359999999999,1.583019,THA,PHL,521111
10119186,231,174,7266,2004,0.0,29644.0,1.7598630000000002,0.066704,USA,PHL,521111
10119187,18,177,7266,2004,3244.0,0.0,1.350911,1.408209,BEL,POL,521111
10119188,61,177,7266,2004,1968.0,0.0,2.266076,-2.011139,DEU,POL,521111
10119189,64,177,7266,2004,3723.0,0.0,1.328968,1.262743,DNK,POL,521111
10119190,71,177,7266,2004,127738.0,0.0,0.9784649999999999,2.051216,ESP,POL,521111
10119191,77,177,7266,2004,9596.0,0.0,1.6003530000000001,0.643945,FRA,POL,521111
10119192,81,177,7266,2004,11249.0,0.0,1.843506,0.684779,GBR,POL,521111
10119193,111,177,7266,2004,4435.0,0.0,1.358057,1.11533,ITA,POL,521111
10119194,162,177,7266,2004,18544.0,4904.0,1.251808,1.586526,NLD,POL,521111
10119195,224,177,7266,2004,8580.0,0.0,0.141454,1.9463599999999999,TUR,POL,521111
10119196,228,177,7266,2004,0.0,2417.0,0.8758040000000001,0.8195879999999999,UKR,POL,521111
10119197,42,180,7266,2004,6025.0,0.0,-0.07869,-0.33641,CHL,PRY,521111
10119198,231,180,7266,2004,2103.0,0.0,1.7598630000000002,0.066704,USA,PRY,521111
10119199,18,186,7266,2004,3395.0,0.0,1.350911,1.408209,BEL,RUS,521111
10119200,28,186,7266,2004,1013.0,54595.0,0.8553139999999999,0.703926,BLR,RUS,521111
10119201,68,186,7266,2004,5641.0,0.0,-0.300563,0.41834899999999997,EGY,RUS,521111
10119202,71,186,7266,2004,4365.0,0.0,0.9784649999999999,2.051216,ESP,RUS,521111
10119203,81,186,7266,2004,1156.0,0.0,1.843506,0.684779,GBR,RUS,521111
10119204,111,186,7266,2004,2294.0,0.0,1.358057,1.11533,ITA,RUS,521111
10119205,132,186,7266,2004,0.0,1037222.0,0.413821,0.627853,LVA,RUS,521111
10119206,135,186,7266,2004,32708.0,0.0,-0.155523,-0.355142,MDA,RUS,521111
10119207,224,186,7266,2004,2461.0,0.0,0.141454,1.9463599999999999,TUR,RUS,521111
10119208,228,186,7266,2004,0.0,271011.0,0.8758040000000001,0.8195879999999999,UKR,RUS,521111
10119209,231,186,7266,2004,0.0,54782.0,1.7598630000000002,0.066704,USA,RUS,521111
10119210,104,190,7266,2004,15194.0,0.0,0.233348,2.790987,IND,SDN,521111
10119211,42,197,7266,2004,4377.0,0.0,-0.07869,-0.33641,CHL,SLV,521111
10119212,71,208,7266,2004,12238.0,0.0,0.9784649999999999,2.051216,ESP,SWE,521111
10119213,72,208,7266,2004,0.0,1858.0,0.6101840000000001,0.9520370000000001,EST,SWE,521111
10119214,81,208,7266,2004,14440.0,0.0,1.843506,0.684779,GBR,SWE,521111
10119215,104,208,7266,2004,0.0,1779.0,0.233348,2.790987,IND,SWE,521111
10119216,162,208,7266,2004,14997.0,0.0,1.251808,1.586526,NLD,SWE,521111
10119217,43,216,7266,2004,0.0,23146.0,0.581548,2.8689880000000003,CHN,THA,521111
10119218,75,216,7266,2004,0.0,1117.0,-0.8870969999999999,-0.287427,FJI,THA,521111
10119219,81,216,7266,2004,6169.0,0.0,1.843506,0.684779,GBR,THA,521111
10119220,97,216,7266,2004,378192.0,12055.0,0.604825,2.098745,HKG,THA,521111
10119221,114,216,7266,2004,92924.0,232561.0,2.526624,0.452054,JPN,THA,521111
10119222,118,216,7266,2004,0.0,97595.0,-1.4676209999999998,-1.1972639999999999,KHM,THA,521111
10119223,121,216,7266,2004,7319.0,96114.0,1.3624690000000002,0.928342,KOR,THA,521111
10119224,123,216,7266,2004,0.0,171546.0,-1.274622,-1.082807,LAO,THA,521111
10119225,128,216,7266,2004,0.0,1652.0,-0.658668,0.21912600000000002,LKA,THA,521111
10119226,143,216,7266,2004,2074.0,0.0,-1.400614,-0.947664,MMR,THA,521111
10119227,153,216,7266,2004,0.0,7686.0,0.6710050000000001,0.17807,MYS,THA,521111
10119228,174,216,7266,2004,18690.0,0.0,-0.076709,-0.149006,PHL,THA,521111
10119229,224,216,7266,2004,0.0,8907.0,0.141454,1.9463599999999999,TUR,THA,521111
10119230,231,216,7266,2004,2509.0,270948.0,1.7598630000000002,0.066704,USA,THA,521111
10119231,239,216,7266,2004,6721.0,238595.0,-0.5270560000000001,0.8910389999999999,VNM,THA,521111
10119232,249,216,7266,2004,2509.0,0.0,1.626307,1.358315,TWN,THA,521111
10119233,8,230,7266,2004,14704.0,0.0,0.28128600000000004,0.64115,ARG,URY,521111
10119234,42,230,7266,2004,966.0,0.0,-0.07869,-0.33641,CHL,URY,521111
10119235,71,230,7266,2004,4330.0,0.0,0.9784649999999999,2.051216,ESP,URY,521111
10119236,0,231,7266,2004,0.0,7880.0,-0.30244099999999996,-0.892926,ABW,USA,521111
10119237,22,231,7266,2004,11935.0,0.0,-1.150444,-0.885333,BGD,USA,521111
10119238,24,231,7266,2004,0.0,1995.0,0.045344999999999996,-1.001059,BHR,USA,521111
10119239,31,231,7266,2004,0.0,2500.0,-0.9288489999999999,-0.929884,BOL,USA,521111
10119240,39,231,7266,2004,0.0,38235.0,0.9392739999999999,1.19228,CAN,USA,521111
10119241,42,231,7266,2004,0.0,1161.0,-0.07869,-0.33641,CHL,USA,521111
10119242,43,231,7266,2004,709471.0,9566.0,0.581548,2.8689880000000003,CHN,USA,521111
10119243,61,231,7266,2004,991.0,5022.0,2.266076,-2.011139,DEU,USA,521111
10119244,65,231,7266,2004,0.0,2430982.0,-0.510025,-0.328257,DOM,USA,521111
10119245,67,231,7266,2004,0.0,5589.0,-1.149101,-1.013619,ECU,USA,521111
10119246,68,231,7266,2004,15375.0,0.0,-0.300563,0.41834899999999997,EGY,USA,521111
10119247,71,231,7266,2004,15644.0,0.0,0.9784649999999999,2.051216,ESP,USA,521111
10119248,77,231,7266,2004,10580.0,0.0,1.6003530000000001,0.643945,FRA,USA,521111
10119249,81,231,7266,2004,154709.0,31807.0,1.843506,0.684779,GBR,USA,521111
10119250,97,231,7266,2004,0.0,9701.0,0.604825,2.098745,HKG,USA,521111
10119251,99,231,7266,2004,0.0,155099.0,-0.75975,-0.548407,HND,USA,521111
10119252,101,231,7266,2004,0.0,474083.0,-1.348507,-0.979369,HTI,USA,521111
10119253,103,231,7266,2004,1036907.0,0.0,-0.223644,1.719065,IDN,USA,521111
10119254,104,231,7266,2004,82554.0,0.0,0.233348,2.790987,IND,USA,521111
10119255,111,231,7266,2004,722959.0,2510.0,1.358057,1.11533,ITA,USA,521111
10119256,114,231,7266,2004,4526.0,18504.0,2.526624,0.452054,JPN,USA,521111
10119257,115,231,7266,2004,0.0,3108.0,-0.09288300000000001,-0.537664,KAZ,USA,521111
10119258,121,231,7266,2004,16515.0,0.0,1.3624690000000002,0.928342,KOR,USA,521111
10119259,138,231,7266,2004,4979.0,447275.0,0.868684,0.85506,MEX,USA,521111
10119260,166,231,7266,2004,0.0,2409.0,0.567392,0.965781,NZL,USA,521111
10119261,168,231,7266,2004,458956.0,0.0,-0.754143,0.25995100000000004,PAK,USA,521111
10119262,169,231,7266,2004,0.0,37603.0,-0.011979,0.261315,PAN,USA,521111
10119263,174,231,7266,2004,29644.0,0.0,-0.076709,-0.149006,PHL,USA,521111
10119264,180,231,7266,2004,0.0,2103.0,-0.64574,-0.978875,PRY,USA,521111
10119265,183,231,7266,2004,0.0,4211.0,0.21713400000000002,-1.031806,QAT,USA,521111
10119266,186,231,7266,2004,54782.0,0.0,0.8952399999999999,0.172896,RUS,USA,521111
10119267,192,231,7266,2004,0.0,3479.0,1.6409779999999998,0.634947,SGP,USA,521111
10119268,216,231,7266,2004,270948.0,2509.0,0.5150359999999999,1.583019,THA,USA,521111
10119269,236,231,7266,2004,0.0,4639.0,0.048698000000000005,-0.899776,VEN,USA,521111
10119270,246,231,7266,2004,13686.0,43380.0,0.460279,1.9736220000000002,ZAF,USA,521111
10119271,249,231,7266,2004,248410.0,0.0,1.626307,1.358315,TWN,USA,521111
10119272,65,236,7266,2004,0.0,3520.0,-0.510025,-0.328257,DOM,VEN,521111
10119273,71,236,7266,2004,74016.0,0.0,0.9784649999999999,2.051216,ESP,VEN,521111
10119274,104,236,7266,2004,9983.0,0.0,0.233348,2.790987,IND,VEN,521111
10119275,111,236,7266,2004,2343.0,0.0,1.358057,1.11533,ITA,VEN,521111
10119276,231,236,7266,2004,4639.0,0.0,1.7598630000000002,0.066704,USA,VEN,521111
10119277,14,246,7266,2004,0.0,6240.0,0.196641,0.8139460000000001,AUS,ZAF,521111
10119278,18,246,7266,2004,0.0,47968.0,1.350911,1.408209,BEL,ZAF,521111
10119279,37,246,7266,2004,9750.0,0.0,-0.8574229999999999,-1.191754,BWA,ZAF,521111
10119280,68,246,7266,2004,16849.0,0.0,-0.300563,0.41834899999999997,EGY,ZAF,521111
10119281,71,246,7266,2004,2382.0,0.0,0.9784649999999999,2.051216,ESP,ZAF,521111
10119282,81,246,7266,2004,12272.0,3095.0,1.843506,0.684779,GBR,ZAF,521111
10119283,97,246,7266,2004,5499.0,0.0,0.604825,2.098745,HKG,ZAF,521111
10119284,104,246,7266,2004,3626.0,0.0,0.233348,2.790987,IND,ZAF,521111
10119285,111,246,7266,2004,3287.0,0.0,1.358057,1.11533,ITA,ZAF,521111
10119286,121,246,7266,2004,969.0,0.0,1.3624690000000002,0.928342,KOR,ZAF,521111
10119287,155,246,7266,2004,0.0,9948.0,-0.40995299999999996,-0.550272,NAM,ZAF,521111
10119288,166,246,7266,2004,0.0,107839.0,0.567392,0.965781,NZL,ZAF,521111
10119289,209,246,7266,2004,120.0,1240.0,0.397488,-0.264855,SWZ,ZAF,521111
10119290,231,246,7266,2004,43380.0,13686.0,1.7598630000000002,0.066704,USA,ZAF,521111
10119291,247,246,7266,2004,0.0,29297.0,-0.9972190000000001,-0.853986,ZMB,ZAF,521111
10119292,248,246,7266,2004,0.0,2048.0,-0.560593,-0.091112,ZWE,ZAF,521111
10119293,249,246,7266,2004,9371.0,0.0,1.626307,1.358315,TWN,ZAF,521111
10119294,14,249,7266,2004,0.0,18312.0,0.196641,0.8139460000000001,AUS,TWN,521111
10119295,22,249,7266,2004,0.0,367863.0,-1.150444,-0.885333,BGD,TWN,521111
10119296,24,249,7266,2004,0.0,46485.0,0.045344999999999996,-1.001059,BHR,TWN,521111
10119297,43,249,7266,2004,0.0,2771482.0,0.581548,2.8689880000000003,CHN,TWN,521111
10119298,61,249,7266,2004,0.0,6346.0,2.266076,-2.011139,DEU,TWN,521111
10119299,81,249,7266,2004,1485.0,0.0,1.843506,0.684779,GBR,TWN,521111
10119300,97,249,7266,2004,3154.0,128401.0,0.604825,2.098745,HKG,TWN,521111
10119301,103,249,7266,2004,40757.0,0.0,-0.223644,1.719065,IDN,TWN,521111
10119302,113,249,7266,2004,0.0,270444.0,0.152989,0.385845,JOR,TWN,521111
10119303,114,249,7266,2004,0.0,157130.0,2.526624,0.452054,JPN,TWN,521111
10119304,128,249,7266,2004,0.0,75884.0,-0.658668,0.21912600000000002,LKA,TWN,521111
10119305,129,249,7266,2004,0.0,49692.0,-1.343146,-1.041126,LSO,TWN,521111
10119306,153,249,7266,2004,0.0,3768.0,0.6710050000000001,0.17807,MYS,TWN,521111
10119307,216,249,7266,2004,0.0,2509.0,0.5150359999999999,1.583019,THA,TWN,521111
10119308,231,249,7266,2004,0.0,248410.0,1.7598630000000002,0.066704,USA,TWN,521111
10119309,239,249,7266,2004,0.0,353003.0,-0.5270560000000001,0.8910389999999999,VNM,TWN,521111
10119310,246,249,7266,2004,0.0,9371.0,0.460279,1.9736220000000002,ZAF,TWN,521111
10119311,247,249,7266,2004,0.0,38768.0,-0.9972190000000001,-0.853986,ZMB,TWN,521111
10119312,24,7,7266,2004,0.0,93176.0,0.045344999999999996,-1.001059,BHR,ARE,521111
10119313,81,7,7266,2004,1563.0,182264.0,1.843506,0.684779,GBR,ARE,521111
10119314,97,7,7266,2004,50758.0,0.0,0.604825,2.098745,HKG,ARE,521111
10119315,103,7,7266,2004,134821.0,0.0,-0.223644,1.719065,IDN,ARE,521111
10119316,107,7,7266,2004,0.0,2250.0,-0.38210700000000003,-0.8408620000000001,IRN,ARE,521111
10119317,168,7,7266,2004,383464.0,0.0,-0.754143,0.25995100000000004,PAK,ARE,521111
10119318,43,22,7266,2004,384367.0,0.0,0.581548,2.8689880000000003,CHN,BGD,521111
10119319,97,22,7266,2004,334225.0,0.0,0.604825,2.098745,HKG,BGD,521111
10119320,104,22,7266,2004,221037.0,0.0,0.233348,2.790987,IND,BGD,521111
10119321,121,22,7266,2004,27989.0,0.0,1.3624690000000002,0.928342,KOR,BGD,521111
10119322,168,22,7266,2004,106441.0,0.0,-0.754143,0.25995100000000004,PAK,BGD,521111
10119323,192,22,7266,2004,41323.0,0.0,1.6409779999999998,0.634947,SGP,BGD,521111
10119324,231,22,7266,2004,0.0,11935.0,1.7598630000000002,0.066704,USA,BGD,521111
10119325,249,22,7266,2004,367863.0,0.0,1.626307,1.358315,TWN,BGD,521111
10119326,250,22,7266,2004,0.0,57023.0,0.509382,-0.30904299999999996,ANS,BGD,521111
10119327,61,23,7266,2004,35756.0,0.0,2.266076,-2.011139,DEU,BGR,521111
10119328,77,23,7266,2004,1919.0,0.0,1.6003530000000001,0.643945,FRA,BGR,521111
10119329,90,23,7266,2004,7961.0,0.0,0.348853,1.661656,GRC,BGR,521111
10119330,111,23,7266,2004,1231.0,11787.0,1.358057,1.11533,ITA,BGR,521111
10119331,7,24,7266,2004,93176.0,0.0,0.1799,-0.34541900000000003,ARE,BHR,521111
10119332,14,24,7266,2004,805.0,0.0,0.196641,0.8139460000000001,AUS,BHR,521111
10119333,18,24,7266,2004,0.0,92236.0,1.350911,1.408209,BEL,BHR,521111
10119334,41,24,7266,2004,2217.0,0.0,2.151471,0.7196279999999999,CHE,BHR,521111
10119335,43,24,7266,2004,233332.0,0.0,0.581548,2.8689880000000003,CHN,BHR,521111
10119336,68,24,7266,2004,5450.0,0.0,-0.300563,0.41834899999999997,EGY,BHR,521111
10119337,77,24,7266,2004,0.0,34919.0,1.6003530000000001,0.643945,FRA,BHR,521111
10119338,97,24,7266,2004,10135.0,0.0,0.604825,2.098745,HKG,BHR,521111
10119339,103,24,7266,2004,4329.0,0.0,-0.223644,1.719065,IDN,BHR,521111
10119340,104,24,7266,2004,2892.0,0.0,0.233348,2.790987,IND,BHR,521111
10119341,111,24,7266,2004,14946.0,0.0,1.358057,1.11533,ITA,BHR,521111
10119342,114,24,7266,2004,1412.0,0.0,2.526624,0.452054,JPN,BHR,521111
10119343,121,24,7266,2004,1476.0,0.0,1.3624690000000002,0.928342,KOR,BHR,521111
10119344,122,24,7266,2004,2972.0,0.0,-0.481908,-1.172081,KWT,BHR,521111
10119345,168,24,7266,2004,6107.0,0.0,-0.754143,0.25995100000000004,PAK,BHR,521111
10119346,188,24,7266,2004,38330.0,0.0,0.546196,-0.7014729999999999,SAU,BHR,521111
10119347,212,24,7266,2004,4807.0,0.0,-0.568707,-0.034736,SYR,BHR,521111
10119348,231,24,7266,2004,1995.0,0.0,1.7598630000000002,0.066704,USA,BHR,521111
10119349,249,24,7266,2004,46485.0,0.0,1.626307,1.358315,TWN,BHR,521111
10119350,186,28,7266,2004,54595.0,1013.0,0.8952399999999999,0.172896,RUS,BLR,521111
10119351,15,59,7266,2004,0.0,1779.0,1.825391,0.40553,AUT,CZE,521111
10119352,43,59,7266,2004,2910.0,0.0,0.581548,2.8689880000000003,CHN,CZE,521111
10119353,61,59,7266,2004,1987.0,95012.0,2.266076,-2.011139,DEU,CZE,521111
10119354,81,59,7266,2004,12323.0,0.0,1.843506,0.684779,GBR,CZE,521111
10119355,111,59,7266,2004,21599.0,0.0,1.358057,1.11533,ITA,CZE,521111
10119356,163,59,7266,2004,0.0,18902.0,1.10162,0.118709,NOR,CZE,521111
10119357,206,59,7266,2004,0.0,96199.0,1.2375120000000002,0.8777889999999999,SVK,CZE,521111
10119358,207,59,7266,2004,0.0,31958.0,1.628643,1.02381,SVN,CZE,521111
10119359,18,68,7266,2004,0.0,229631.0,1.350911,1.408209,BEL,EGY,521111
10119360,24,68,7266,2004,0.0,5450.0,0.045344999999999996,-1.001059,BHR,EGY,521111
10119361,61,68,7266,2004,0.0,13698.0,2.266076,-2.011139,DEU,EGY,521111
10119362,64,68,7266,2004,0.0,10834.0,1.328968,1.262743,DNK,EGY,521111
10119363,77,68,7266,2004,0.0,735519.0,1.6003530000000001,0.643945,FRA,EGY,521111
10119364,81,68,7266,2004,0.0,152800.0,1.843506,0.684779,GBR,EGY,521111
10119365,90,68,7266,2004,0.0,592249.0,0.348853,1.661656,GRC,EGY,521111
10119366,111,68,7266,2004,0.0,5889.0,1.358057,1.11533,ITA,EGY,521111
10119367,113,68,7266,2004,0.0,47697.0,0.152989,0.385845,JOR,EGY,521111
10119368,126,68,7266,2004,0.0,130364.0,-0.42119700000000004,-1.179463,LBY,EGY,521111
10119369,134,68,7266,2004,0.0,71276.0,-0.681556,-0.152372,MAR,EGY,521111
10119370,181,68,7266,2004,0.0,15412.0,-0.20239100000000002,-0.6123460000000001,PSE,EGY,521111
10119371,186,68,7266,2004,0.0,5641.0,0.8952399999999999,0.172896,RUS,EGY,521111
10119372,188,68,7266,2004,0.0,91271.0,0.546196,-0.7014729999999999,SAU,EGY,521111
10119373,212,68,7266,2004,0.0,144204.0,-0.568707,-0.034736,SYR,EGY,521111
10119374,223,68,7266,2004,0.0,3388.0,-0.195751,0.335147,TUN,EGY,521111
10119375,231,68,7266,2004,0.0,15375.0,1.7598630000000002,0.066704,USA,EGY,521111
10119376,246,68,7266,2004,0.0,16849.0,0.460279,1.9736220000000002,ZAF,EGY,521111
10119377,250,68,7266,2004,0.0,32735.0,0.509382,-0.30904299999999996,ANS,EGY,521111
10119378,26,100,7266,2004,0.0,2738.0,0.385952,0.571774,BIH,HRV,521111
10119379,43,100,7266,2004,6536.0,0.0,0.581548,2.8689880000000003,CHN,HRV,521111
10119380,189,100,7266,2004,86638.0,0.0,0.628071,2.210424,SCG,HRV,521111
10119381,15,102,7266,2004,2849.0,0.0,1.825391,0.40553,AUT,HUN,521111
10119382,41,102,7266,2004,61999.0,0.0,2.151471,0.7196279999999999,CHE,HUN,521111
10119383,71,102,7266,2004,957.0,0.0,0.9784649999999999,2.051216,ESP,HUN,521111
10119384,77,102,7266,2004,9689.0,0.0,1.6003530000000001,0.643945,FRA,HUN,521111
10119385,81,102,7266,2004,12962.0,0.0,1.843506,0.684779,GBR,HUN,521111
10119386,111,102,7266,2004,8364.0,0.0,1.358057,1.11533,ITA,HUN,521111
10119387,162,102,7266,2004,1486.0,0.0,1.251808,1.586526,NLD,HUN,521111
10119388,185,102,7266,2004,0.0,2028.0,0.37241599999999997,1.015865,ROU,HUN,521111
10119389,224,102,7266,2004,34372.0,0.0,0.141454,1.9463599999999999,TUR,HUN,521111
10119390,7,107,7266,2004,2250.0,0.0,0.1799,-0.34541900000000003,ARE,IRN,521111
10119391,219,107,7266,2004,48829.0,0.0,-0.9705790000000001,-1.212523,TKM,IRN,521111
10119392,43,113,7266,2004,128811.0,0.0,0.581548,2.8689880000000003,CHN,JOR,521111
10119393,68,113,7266,2004,47697.0,0.0,-0.300563,0.41834899999999997,EGY,JOR,521111
10119394,97,113,7266,2004,120221.0,0.0,0.604825,2.098745,HKG,JOR,521111
10119395,110,113,7266,2004,50440.0,0.0,1.250393,0.8003979999999999,ISR,JOR,521111
10119396,111,113,7266,2004,1208.0,0.0,1.358057,1.11533,ITA,JOR,521111
10119397,128,113,7266,2004,0.0,1527.0,-0.658668,0.21912600000000002,LKA,JOR,521111
10119398,224,113,7266,2004,6786.0,0.0,0.141454,1.9463599999999999,TUR,JOR,521111
10119399,249,113,7266,2004,270444.0,0.0,1.626307,1.358315,TWN,JOR,521111
10119400,231,115,7266,2004,3108.0,0.0,1.7598630000000002,0.066704,USA,KAZ,521111
10119401,24,122,7266,2004,0.0,2972.0,0.045344999999999996,-1.001059,BHR,KWT,521111
10119402,81,122,7266,2004,18082.0,0.0,1.843506,0.684779,GBR,KWT,521111
10119403,71,124,7266,2004,29523.0,0.0,0.9784649999999999,2.051216,ESP,LBN,521111
10119404,81,124,7266,2004,1858.0,0.0,1.843506,0.684779,GBR,LBN,521111
10119405,111,124,7266,2004,29153.0,0.0,1.358057,1.11533,ITA,LBN,521111
10119406,153,124,7266,2004,3297.0,0.0,0.6710050000000001,0.17807,MYS,LBN,521111
10119407,61,130,7266,2004,6005.0,0.0,2.266076,-2.011139,DEU,LTU,521111
10119408,64,130,7266,2004,11190.0,2308.0,1.328968,1.262743,DNK,LTU,521111
10119409,81,130,7266,2004,27175.0,0.0,1.843506,0.684779,GBR,LTU,521111
10119410,111,130,7266,2004,5529.0,0.0,1.358057,1.11533,ITA,LTU,521111
10119411,71,132,7266,2004,966.0,0.0,0.9784649999999999,2.051216,ESP,LVA,521111
10119412,186,132,7266,2004,1037222.0,0.0,0.8952399999999999,0.172896,RUS,LVA,521111
10119413,239,132,7266,2004,0.0,2473.0,-0.5270560000000001,0.8910389999999999,VNM,LVA,521111
10119414,15,163,7266,2004,1543.0,0.0,1.825391,0.40553,AUT,NOR,521111
10119415,59,163,7266,2004,18902.0,0.0,1.562625,0.865244,CZE,NOR,521111
10119416,61,163,7266,2004,0.0,7847.0,2.266076,-2.011139,DEU,NOR,521111
10119417,71,163,7266,2004,4224.0,0.0,0.9784649999999999,2.051216,ESP,NOR,521111
10119418,224,163,7266,2004,4122.0,0.0,0.141454,1.9463599999999999,TUR,NOR,521111
10119419,81,167,7266,2004,5603.0,0.0,1.843506,0.684779,GBR,OMN,521111
10119420,104,167,7266,2004,57257.0,0.0,0.233348,2.790987,IND,OMN,521111
10119421,111,167,7266,2004,4133.0,0.0,1.358057,1.11533,ITA,OMN,521111
10119422,168,167,7266,2004,14421.0,0.0,-0.754143,0.25995100000000004,PAK,OMN,521111
10119423,224,167,7266,2004,1219.0,0.0,0.141454,1.9463599999999999,TUR,OMN,521111
10119424,7,168,7266,2004,0.0,383464.0,0.1799,-0.34541900000000003,ARE,PAK,521111
10119425,18,168,7266,2004,0.0,74913.0,1.350911,1.408209,BEL,PAK,521111
10119426,22,168,7266,2004,0.0,106441.0,-1.150444,-0.885333,BGD,PAK,521111
10119427,24,168,7266,2004,0.0,6107.0,0.045344999999999996,-1.001059,BHR,PAK,521111
10119428,39,168,7266,2004,0.0,67098.0,0.9392739999999999,1.19228,CAN,PAK,521111
10119429,61,168,7266,2004,0.0,12601.0,2.266076,-2.011139,DEU,PAK,521111
10119430,71,168,7266,2004,0.0,44547.0,0.9784649999999999,2.051216,ESP,PAK,521111
10119431,77,168,7266,2004,0.0,112630.0,1.6003530000000001,0.643945,FRA,PAK,521111
10119432,81,168,7266,2004,0.0,190609.0,1.843506,0.684779,GBR,PAK,521111
10119433,97,168,7266,2004,0.0,15401.0,0.604825,2.098745,HKG,PAK,521111
10119434,106,168,7266,2004,0.0,55796.0,1.501859,0.14456,IRL,PAK,521111
10119435,167,168,7266,2004,0.0,14421.0,-0.62946,-1.108933,OMN,PAK,521111
10119436,183,168,7266,2004,0.0,8469.0,0.21713400000000002,-1.031806,QAT,PAK,521111
10119437,185,168,7266,2004,0.0,21501.0,0.37241599999999997,1.015865,ROU,PAK,521111
10119438,188,168,7266,2004,0.0,124043.0,0.546196,-0.7014729999999999,SAU,PAK,521111
10119439,224,168,7266,2004,0.0,1008.0,0.141454,1.9463599999999999,TUR,PAK,521111
10119440,231,168,7266,2004,0.0,458956.0,1.7598630000000002,0.066704,USA,PAK,521111
10119441,15,185,7266,2004,25517.0,0.0,1.825391,0.40553,AUT,ROU,521111
10119442,18,185,7266,2004,111852.0,0.0,1.350911,1.408209,BEL,ROU,521111
10119443,61,185,7266,2004,48732.0,7204.0,2.266076,-2.011139,DEU,ROU,521111
10119444,71,185,7266,2004,2359.0,0.0,0.9784649999999999,2.051216,ESP,ROU,521111
10119445,77,185,7266,2004,6173.0,0.0,1.6003530000000001,0.643945,FRA,ROU,521111
10119446,81,185,7266,2004,39877.0,17648.0,1.843506,0.684779,GBR,ROU,521111
10119447,90,185,7266,2004,15847.0,0.0,0.348853,1.661656,GRC,ROU,521111
10119448,102,185,7266,2004,2028.0,0.0,1.207082,1.019714,HUN,ROU,521111
10119449,104,185,7266,2004,12122.0,0.0,0.233348,2.790987,IND,ROU,521111
10119450,111,185,7266,2004,151501.0,0.0,1.358057,1.11533,ITA,ROU,521111
10119451,162,185,7266,2004,6240.0,0.0,1.251808,1.586526,NLD,ROU,521111
10119452,168,185,7266,2004,21501.0,0.0,-0.754143,0.25995100000000004,PAK,ROU,521111
10119453,179,185,7266,2004,5012.0,0.0,0.524524,1.901139,PRT,ROU,521111
10119454,224,185,7266,2004,156622.0,0.0,0.141454,1.9463599999999999,TUR,ROU,521111
10119455,24,188,7266,2004,0.0,38330.0,0.045344999999999996,-1.001059,BHR,SAU,521111
10119456,41,188,7266,2004,22207.0,0.0,2.151471,0.7196279999999999,CHE,SAU,521111
10119457,68,188,7266,2004,91271.0,0.0,-0.300563,0.41834899999999997,EGY,SAU,521111
10119458,97,188,7266,2004,10907.0,0.0,0.604825,2.098745,HKG,SAU,521111
10119459,104,188,7266,2004,23667.0,0.0,0.233348,2.790987,IND,SAU,521111
10119460,168,188,7266,2004,124043.0,0.0,-0.754143,0.25995100000000004,PAK,SAU,521111
10119461,61,189,7266,2004,1193.0,0.0,2.266076,-2.011139,DEU,SCG,521111
10119462,81,189,7266,2004,4511.0,0.0,1.843506,0.684779,GBR,SCG,521111
10119463,100,189,7266,2004,0.0,86638.0,0.6669970000000001,1.088043,HRV,SCG,521111
10119464,111,189,7266,2004,4199.0,0.0,1.358057,1.11533,ITA,SCG,521111
10119465,162,189,7266,2004,4510.0,0.0,1.251808,1.586526,NLD,SCG,521111
10119466,22,192,7266,2004,0.0,41323.0,-1.150444,-0.885333,BGD,SGP,521111
10119467,43,192,7266,2004,2386136.0,0.0,0.581548,2.8689880000000003,CHN,SGP,521111
10119468,71,192,7266,2004,2669.0,0.0,0.9784649999999999,2.051216,ESP,SGP,521111
10119469,77,192,7266,2004,1328.0,0.0,1.6003530000000001,0.643945,FRA,SGP,521111
10119470,103,192,7266,2004,5536.0,2629007.0,-0.223644,1.719065,IDN,SGP,521111
10119471,104,192,7266,2004,65074.0,0.0,0.233348,2.790987,IND,SGP,521111
10119472,121,192,7266,2004,31593.0,0.0,1.3624690000000002,0.928342,KOR,SGP,521111
10119473,148,192,7266,2004,0.0,6893.0,-1.6173959999999998,-1.2925719999999998,MRT,SGP,521111
10119474,153,192,7266,2004,0.0,11475.0,0.6710050000000001,0.17807,MYS,SGP,521111
10119475,156,192,7266,2004,0.0,3211.0,-0.49824700000000005,-0.8284239999999999,NCL,SGP,521111
10119476,231,192,7266,2004,3479.0,0.0,1.7598630000000002,0.066704,USA,SGP,521111
10119477,59,206,7266,2004,96199.0,0.0,1.562625,0.865244,CZE,SVK,521111
10119478,71,206,7266,2004,0.0,3424.0,0.9784649999999999,2.051216,ESP,SVK,521111
10119479,77,206,7266,2004,16621.0,0.0,1.6003530000000001,0.643945,FRA,SVK,521111
10119480,111,206,7266,2004,0.0,6147.0,1.358057,1.11533,ITA,SVK,521111
10119481,162,206,7266,2004,2403.0,0.0,1.251808,1.586526,NLD,SVK,521111
10119482,224,206,7266,2004,9773.0,0.0,0.141454,1.9463599999999999,TUR,SVK,521111
10119483,228,206,7266,2004,0.0,13275.0,0.8758040000000001,0.8195879999999999,UKR,SVK,521111
10119484,59,207,7266,2004,31958.0,0.0,1.562625,0.865244,CZE,SVN,521111
10119485,111,207,7266,2004,11828.0,0.0,1.358057,1.11533,ITA,SVN,521111
10119486,246,209,7266,2004,1240.0,120.0,0.460279,1.9736220000000002,ZAF,SWZ,521111
10119487,18,223,7266,2004,17630.0,0.0,1.350911,1.408209,BEL,TUN,521111
10119488,43,223,7266,2004,1085.0,0.0,0.581548,2.8689880000000003,CHN,TUN,521111
10119489,61,223,7266,2004,5010.0,0.0,2.266076,-2.011139,DEU,TUN,521111
10119490,68,223,7266,2004,3388.0,0.0,-0.300563,0.41834899999999997,EGY,TUN,521111
10119491,71,223,7266,2004,3430.0,0.0,0.9784649999999999,2.051216,ESP,TUN,521111
10119492,77,223,7266,2004,116406.0,0.0,1.6003530000000001,0.643945,FRA,TUN,521111
10119493,90,223,7266,2004,43611.0,0.0,0.348853,1.661656,GRC,TUN,521111
10119494,111,223,7266,2004,1594756.0,0.0,1.358057,1.11533,ITA,TUN,521111
10119495,4,224,7266,2004,0.0,57855.0,-0.131892,0.14985199999999999,ALB,TUR,521111
10119496,18,224,7266,2004,0.0,3974.0,1.350911,1.408209,BEL,TUR,521111
10119497,39,224,7266,2004,0.0,3529.0,0.9392739999999999,1.19228,CAN,TUR,521111
10119498,61,224,7266,2004,2287.0,4427.0,2.266076,-2.011139,DEU,TUR,521111
10119499,66,224,7266,2004,0.0,1595.0,-0.725066,-1.163606,DZA,TUR,521111
10119500,71,224,7266,2004,0.0,6224.0,0.9784649999999999,2.051216,ESP,TUR,521111
10119501,77,224,7266,2004,6857.0,60020.0,1.6003530000000001,0.643945,FRA,TUR,521111
10119502,81,224,7266,2004,0.0,20285.0,1.843506,0.684779,GBR,TUR,521111
10119503,90,224,7266,2004,0.0,4505.0,0.348853,1.661656,GRC,TUR,521111
10119504,102,224,7266,2004,0.0,34372.0,1.207082,1.019714,HUN,TUR,521111
10119505,111,224,7266,2004,45427.0,94497.0,1.358057,1.11533,ITA,TUR,521111
10119506,113,224,7266,2004,0.0,6786.0,0.152989,0.385845,JOR,TUR,521111
10119507,151,224,7266,2004,162619.0,0.0,-0.374754,-0.288504,MUS,TUR,521111
10119508,162,224,7266,2004,3602.0,14833.0,1.251808,1.586526,NLD,TUR,521111
10119509,163,224,7266,2004,0.0,4122.0,1.10162,0.118709,NOR,TUR,521111
10119510,167,224,7266,2004,0.0,1219.0,-0.62946,-1.108933,OMN,TUR,521111
10119511,168,224,7266,2004,1008.0,0.0,-0.754143,0.25995100000000004,PAK,TUR,521111
10119512,177,224,7266,2004,0.0,8580.0,1.019341,1.519452,POL,TUR,521111
10119513,185,224,7266,2004,0.0,156622.0,0.37241599999999997,1.015865,ROU,TUR,521111
10119514,186,224,7266,2004,0.0,2461.0,0.8952399999999999,0.172896,RUS,TUR,521111
10119515,206,224,7266,2004,0.0,9773.0,1.2375120000000002,0.8777889999999999,SVK,TUR,521111
10119516,216,224,7266,2004,8907.0,0.0,0.5150359999999999,1.583019,THA,TUR,521111
10119517,228,224,7266,2004,0.0,41949.0,0.8758040000000001,0.8195879999999999,UKR,TUR,521111
10119518,250,224,7266,2004,161870.0,163323.0,0.509382,-0.30904299999999996,ANS,TUR,521111
10119519,61,228,7266,2004,1990.0,0.0,2.266076,-2.011139,DEU,UKR,521111
10119520,81,228,7266,2004,1210.0,0.0,1.843506,0.684779,GBR,UKR,521111
10119521,103,228,7266,2004,32217.0,0.0,-0.223644,1.719065,IDN,UKR,521111
10119522,111,228,7266,2004,4717.0,0.0,1.358057,1.11533,ITA,UKR,521111
10119523,177,228,7266,2004,2417.0,0.0,1.019341,1.519452,POL,UKR,521111
10119524,186,228,7266,2004,271011.0,0.0,0.8952399999999999,0.172896,RUS,UKR,521111
10119525,206,228,7266,2004,13275.0,0.0,1.2375120000000002,0.8777889999999999,SVK,UKR,521111
10119526,224,228,7266,2004,41949.0,0.0,0.141454,1.9463599999999999,TUR,UKR,521111
10119527,246,37,7266,2004,0.0,9750.0,0.460279,1.9736220000000002,ZAF,BWA,521111
10119528,8,42,7266,2004,27526.0,0.0,0.28128600000000004,0.64115,ARG,CHL,521111
10119529,32,42,7266,2004,1462.0,0.0,0.540718,1.149065,BRA,CHL,521111
10119530,49,42,7266,2004,0.0,10508.0,0.033128,0.47524799999999995,COL,CHL,521111
10119531,67,42,7266,2004,0.0,2258.0,-1.149101,-1.013619,ECU,CHL,521111
10119532,71,42,7266,2004,1112.0,0.0,0.9784649999999999,2.051216,ESP,CHL,521111
10119533,138,42,7266,2004,0.0,5442.0,0.868684,0.85506,MEX,CHL,521111
10119534,180,42,7266,2004,0.0,6025.0,-0.64574,-0.978875,PRY,CHL,521111
10119535,197,42,7266,2004,0.0,4377.0,-0.20529499999999998,0.1116,SLV,CHL,521111
10119536,230,42,7266,2004,0.0,966.0,0.151633,0.121776,URY,CHL,521111
10119537,231,42,7266,2004,1161.0,0.0,1.7598630000000002,0.066704,USA,CHL,521111
10119538,83,44,7266,2004,0.0,17508.0,-1.2972540000000001,-0.9967219999999999,GHA,CIV,521111
10119539,104,44,7266,2004,14799.0,0.0,0.233348,2.790987,IND,CIV,521111
10119540,71,58,7266,2004,2158.0,0.0,0.9784649999999999,2.051216,ESP,CYP,521111
10119541,77,58,7266,2004,2203.0,0.0,1.6003530000000001,0.643945,FRA,CYP,521111
10119542,81,58,7266,2004,4181.0,0.0,1.843506,0.684779,GBR,CYP,521111
10119543,162,58,7266,2004,4120.0,0.0,1.251808,1.586526,NLD,CYP,521111
10119544,44,83,7266,2004,17508.0,0.0,-0.8490979999999999,-0.754732,CIV,GHA,521111
10119545,104,133,7266,2004,1980.0,0.0,0.233348,2.790987,IND,MAC,521111
10119546,68,134,7266,2004,71276.0,0.0,-0.300563,0.41834899999999997,EGY,MAR,521111
10119547,71,134,7266,2004,25357.0,0.0,0.9784649999999999,2.051216,ESP,MAR,521111
10119548,77,134,7266,2004,41601.0,0.0,1.6003530000000001,0.643945,FRA,MAR,521111
10119549,111,134,7266,2004,2725.0,0.0,1.358057,1.11533,ITA,MAR,521111
10119550,71,142,7266,2004,7460.0,0.0,0.9784649999999999,2.051216,ESP,MLT,521111
10119551,111,142,7266,2004,2232.0,0.0,1.358057,1.11533,ITA,MLT,521111
10119552,192,148,7266,2004,6893.0,0.0,1.6409779999999998,0.634947,SGP,MRT,521111
10119553,77,151,7266,2004,2328.0,0.0,1.6003530000000001,0.643945,FRA,MUS,521111
10119554,111,151,7266,2004,6199.0,0.0,1.358057,1.11533,ITA,MUS,521111
10119555,136,151,7266,2004,0.0,39899.0,-1.355542,-0.634409,MDG,MUS,521111
10119556,224,151,7266,2004,0.0,162619.0,0.141454,1.9463599999999999,TUR,MUS,521111
10119557,43,152,7266,2004,1580.0,0.0,0.581548,2.8689880000000003,CHN,MWI,521111
10119558,247,152,7266,2004,0.0,996.0,-0.9972190000000001,-0.853986,ZMB,MWI,521111
10119559,246,155,7266,2004,9948.0,0.0,0.460279,1.9736220000000002,ZAF,NAM,521111
10119560,2,179,7266,2004,0.0,7207.0,-0.8513709999999999,-1.173397,AGO,PRT,521111
10119561,18,179,7266,2004,23168.0,0.0,1.350911,1.408209,BEL,PRT,521111
10119562,32,179,7266,2004,2338.0,0.0,0.540718,1.149065,BRA,PRT,521111
10119563,41,179,7266,2004,0.0,22587.0,2.151471,0.7196279999999999,CHE,PRT,521111
10119564,61,179,7266,2004,23652.0,0.0,2.266076,-2.011139,DEU,PRT,521111
10119565,71,179,7266,2004,47405.0,13886.0,0.9784649999999999,2.051216,ESP,PRT,521111
10119566,77,179,7266,2004,2492.0,29971.0,1.6003530000000001,0.643945,FRA,PRT,521111
10119567,81,179,7266,2004,2001.0,62145.0,1.843506,0.684779,GBR,PRT,521111
10119568,104,179,7266,2004,0.0,35862.0,0.233348,2.790987,IND,PRT,521111
10119569,111,179,7266,2004,4804.0,0.0,1.358057,1.11533,ITA,PRT,521111
10119570,185,179,7266,2004,0.0,5012.0,0.37241599999999997,1.015865,ROU,PRT,521111
10119571,14,183,7266,2004,13454.0,0.0,0.196641,0.8139460000000001,AUS,QAT,521111
10119572,71,183,7266,2004,19577.0,0.0,0.9784649999999999,2.051216,ESP,QAT,521111
10119573,81,183,7266,2004,23240.0,0.0,1.843506,0.684779,GBR,QAT,521111
10119574,104,183,7266,2004,6566.0,0.0,0.233348,2.790987,IND,QAT,521111
10119575,121,183,7266,2004,2069.0,0.0,1.3624690000000002,0.928342,KOR,QAT,521111
10119576,162,183,7266,2004,5587.0,0.0,1.251808,1.586526,NLD,QAT,521111
10119577,168,183,7266,2004,8469.0,0.0,-0.754143,0.25995100000000004,PAK,QAT,521111
10119578,231,183,7266,2004,4211.0,0.0,1.7598630000000002,0.066704,USA,QAT,521111
10119579,24,212,7266,2004,0.0,4807.0,0.045344999999999996,-1.001059,BHR,SYR,521111
10119580,68,212,7266,2004,144204.0,0.0,-0.300563,0.41834899999999997,EGY,SYR,521111
10119581,14,226,7266,2004,0.0,990.0,0.196641,0.8139460000000001,AUS,TZA,521111
10119582,97,227,7266,2004,2104.0,0.0,0.604825,2.098745,HKG,UGA,521111
10119583,43,239,7266,2004,346729.0,0.0,0.581548,2.8689880000000003,CHN,VNM,521111
10119584,81,239,7266,2004,18275.0,0.0,1.843506,0.684779,GBR,VNM,521111
10119585,97,239,7266,2004,72071.0,0.0,0.604825,2.098745,HKG,VNM,521111
10119586,111,239,7266,2004,1320.0,0.0,1.358057,1.11533,ITA,VNM,521111
10119587,114,239,7266,2004,30906.0,0.0,2.526624,0.452054,JPN,VNM,521111
10119588,121,239,7266,2004,553065.0,24752.0,1.3624690000000002,0.928342,KOR,VNM,521111
10119589,132,239,7266,2004,2473.0,0.0,0.413821,0.627853,LVA,VNM,521111
10119590,216,239,7266,2004,238595.0,6721.0,0.5150359999999999,1.583019,THA,VNM,521111
10119591,249,239,7266,2004,353003.0,0.0,1.626307,1.358315,TWN,VNM,521111
10119592,152,247,7266,2004,996.0,0.0,-1.592983,-1.252423,MWI,ZMB,521111
10119593,246,247,7266,2004,29297.0,0.0,0.460279,1.9736220000000002,ZAF,ZMB,521111
10119594,249,247,7266,2004,38768.0,0.0,1.626307,1.358315,TWN,ZMB,521111
10119595,246,248,7266,2004,2048.0,0.0,0.460279,1.9736220000000002,ZAF,ZWE,521111
10119596,43,73,7266,2004,9775.0,0.0,0.581548,2.8689880000000003,CHN,ETH,521111
10119597,100,26,7266,2004,2738.0,0.0,0.6669970000000001,1.088043,HRV,BIH,521111
10119598,71,109,7266,2004,4832.0,0.0,0.9784649999999999,2.051216,ESP,ISL,521111
10119599,162,109,7266,2004,968.0,0.0,1.251808,1.586526,NLD,ISL,521111
10119600,186,135,7266,2004,0.0,32708.0,0.8952399999999999,0.172896,RUS,MDA,521111
10119601,61,140,7266,2004,956.0,0.0,2.266076,-2.011139,DEU,MKD,521111
10119602,107,219,7266,2004,0.0,48829.0,-0.38210700000000003,-0.8408620000000001,IRN,TKM,521111
10119603,224,4,7266,2004,57855.0,0.0,0.141454,1.9463599999999999,TUR,ALB,521111
10119604,231,31,7266,2004,2500.0,0.0,1.7598630000000002,0.066704,USA,BOL,521111
10119605,111,66,7266,2004,39824.0,0.0,1.358057,1.11533,ITA,DZA,521111
10119606,224,66,7266,2004,1595.0,0.0,0.141454,1.9463599999999999,TUR,DZA,521111
10119607,103,159,7266,2004,44803.0,0.0,-0.223644,1.719065,IDN,NGA,521111
10119608,104,159,7266,2004,189336.0,0.0,0.233348,2.790987,IND,NGA,521111
10119609,231,0,7266,2004,7880.0,0.0,1.7598630000000002,0.066704,USA,ABW,521111
10119610,14,75,7266,2004,4569.0,0.0,0.196641,0.8139460000000001,AUS,FJI,521111
10119611,43,75,7266,2004,9404.0,2373.0,0.581548,2.8689880000000003,CHN,FJI,521111
10119612,104,75,7266,2004,987.0,0.0,0.233348,2.790987,IND,FJI,521111
10119613,216,75,7266,2004,1117.0,0.0,0.5150359999999999,1.583019,THA,FJI,521111
10119614,103,118,7266,2004,135187.0,0.0,-0.223644,1.719065,IDN,KHM,521111
10119615,216,118,7266,2004,97595.0,0.0,0.5150359999999999,1.583019,THA,KHM,521111
10119616,68,126,7266,2004,130364.0,0.0,-0.300563,0.41834899999999997,EGY,LBY,521111
10119617,18,136,7266,2004,42991.0,0.0,1.350911,1.408209,BEL,MDG,521111
10119618,77,136,7266,2004,7897.0,0.0,1.6003530000000001,0.643945,FRA,MDG,521111
10119619,104,136,7266,2004,38708.0,0.0,0.233348,2.790987,IND,MDG,521111
10119620,151,136,7266,2004,39899.0,0.0,-0.374754,-0.288504,MUS,MDG,521111
10119621,162,136,7266,2004,2627.0,0.0,1.251808,1.586526,NLD,MDG,521111
10119622,114,143,7266,2004,9415.0,0.0,2.526624,0.452054,JPN,MMR,521111
10119623,216,143,7266,2004,0.0,2074.0,0.5150359999999999,1.583019,THA,MMR,521111
10119624,104,215,7266,2004,88716.0,0.0,0.233348,2.790987,IND,TGO,521111
10119625,179,2,7266,2004,7207.0,0.0,0.524524,1.901139,PRT,AGO,521111
10119626,231,101,7266,2004,474083.0,0.0,1.7598630000000002,0.066704,USA,HTI,521111
10119627,192,156,7266,2004,3211.0,0.0,1.6409779999999998,0.634947,SGP,NCL,521111
10119628,68,181,7266,2004,15412.0,0.0,-0.300563,0.41834899999999997,EGY,PSE,521111
10119629,22,250,7266,2004,57023.0,0.0,-1.150444,-0.885333,BGD,ANS,521111
10119630,68,250,7266,2004,32735.0,0.0,-0.300563,0.41834899999999997,EGY,ANS,521111
10119631,72,250,7266,2004,0.0,1415.0,0.6101840000000001,0.9520370000000001,EST,ANS,521111
10119632,224,250,7266,2004,163323.0,161870.0,0.141454,1.9463599999999999,TUR,ANS,521111
10119633,114,79,7266,2004,3825.0,0.0,2.526624,0.452054,JPN,FSM,521111
10119634,216,123,7266,2004,171546.0,0.0,0.5150359999999999,1.583019,THA,LAO,521111
10119635,249,129,7266,2004,49692.0,0.0,1.626307,1.358315,TWN,LSO,521111
10119636,32,8,7267,2004,250953.0,0.0,0.540718,1.149065,BRA,ARG,521112
10119637,61,14,7267,2004,5887.0,0.0,2.266076,-2.011139,DEU,AUS,521112
10119638,103,14,7267,2004,284448.0,0.0,-0.223644,1.719065,IDN,AUS,521112
10119639,121,14,7267,2004,8721.0,0.0,1.3624690000000002,0.928342,KOR,AUS,521112
10119640,239,14,7267,2004,0.0,2716.0,-0.5270560000000001,0.8910389999999999,VNM,AUS,521112
10119641,18,15,7267,2004,7445.0,0.0,1.350911,1.408209,BEL,AUT,521112
10119642,41,15,7267,2004,5087.0,171008.0,2.151471,0.7196279999999999,CHE,AUT,521112
10119643,59,15,7267,2004,2049.0,1221.0,1.562625,0.865244,CZE,AUT,521112
10119644,61,15,7267,2004,3960.0,1296873.0,2.266076,-2.011139,DEU,AUT,521112
10119645,71,15,7267,2004,26913.0,0.0,0.9784649999999999,2.051216,ESP,AUT,521112
10119646,77,15,7267,2004,0.0,594572.0,1.6003530000000001,0.643945,FRA,AUT,521112
10119647,81,15,7267,2004,0.0,64933.0,1.843506,0.684779,GBR,AUT,521112
10119648,111,15,7267,2004,0.0,80093.0,1.358057,1.11533,ITA,AUT,521112
10119649,162,15,7267,2004,0.0,36339.0,1.251808,1.586526,NLD,AUT,521112
10119650,177,15,7267,2004,0.0,31864.0,1.019341,1.519452,POL,AUT,521112
10119651,206,15,7267,2004,0.0,4075.0,1.2375120000000002,0.8777889999999999,SVK,AUT,521112
10119652,7,18,7267,2004,24590.0,0.0,0.1799,-0.34541900000000003,ARE,BEL,521112
10119653,15,18,7267,2004,0.0,7445.0,1.825391,0.40553,AUT,BEL,521112
10119654,24,18,7267,2004,114650.0,0.0,0.045344999999999996,-1.001059,BHR,BEL,521112
10119655,28,18,7267,2004,3546.0,0.0,0.8553139999999999,0.703926,BLR,BEL,521112
10119656,45,18,7267,2004,0.0,11355.0,-1.604916,-1.217399,CMR,BEL,521112
10119657,61,18,7267,2004,153852.0,514460.0,2.266076,-2.011139,DEU,BEL,521112
10119658,68,18,7267,2004,989.0,0.0,-0.300563,0.41834899999999997,EGY,BEL,521112
10119659,71,18,7267,2004,0.0,4394.0,0.9784649999999999,2.051216,ESP,BEL,521112
10119660,77,18,7267,2004,2568762.0,120013.0,1.6003530000000001,0.643945,FRA,BEL,521112
10119661,81,18,7267,2004,0.0,32370.0,1.843506,0.684779,GBR,BEL,521112
10119662,103,18,7267,2004,25764.0,0.0,-0.223644,1.719065,IDN,BEL,521112
10119663,110,18,7267,2004,0.0,22154.0,1.250393,0.8003979999999999,ISR,BEL,521112
10119664,111,18,7267,2004,0.0,25366.0,1.358057,1.11533,ITA,BEL,521112
10119665,130,18,7267,2004,6056.0,77179.0,0.403568,0.632707,LTU,BEL,521112
10119666,132,18,7267,2004,0.0,3758.0,0.413821,0.627853,LVA,BEL,521112
10119667,134,18,7267,2004,0.0,63726.0,-0.681556,-0.152372,MAR,BEL,521112
10119668,179,18,7267,2004,0.0,46681.0,0.524524,1.901139,PRT,BEL,521112
10119669,206,18,7267,2004,0.0,14100.0,1.2375120000000002,0.8777889999999999,SVK,BEL,521112
10119670,207,18,7267,2004,0.0,42850.0,1.628643,1.02381,SVN,BEL,521112
10119671,239,18,7267,2004,0.0,191481.0,-0.5270560000000001,0.8910389999999999,VNM,BEL,521112
10119672,8,32,7267,2004,0.0,250953.0,0.28128600000000004,0.64115,ARG,BRA,521112
10119673,77,32,7267,2004,0.0,1900.0,1.6003530000000001,0.643945,FRA,BRA,521112
10119674,111,32,7267,2004,0.0,2253.0,1.358057,1.11533,ITA,BRA,521112
10119675,179,32,7267,2004,3460.0,0.0,0.524524,1.901139,PRT,BRA,521112
10119676,180,32,7267,2004,0.0,1477.0,-0.64574,-0.978875,PRY,BRA,521112
10119677,230,32,7267,2004,0.0,2698.0,0.151633,0.121776,URY,BRA,521112
10119678,231,32,7267,2004,25661.0,0.0,1.7598630000000002,0.066704,USA,BRA,521112
10119679,58,39,7267,2004,0.0,12162.0,0.533521,0.615939,CYP,CAN,521112
10119680,74,39,7267,2004,0.0,2624.0,2.000218,0.9867309999999999,FIN,CAN,521112
10119681,77,39,7267,2004,1197.0,0.0,1.6003530000000001,0.643945,FRA,CAN,521112
10119682,111,39,7267,2004,13307.0,0.0,1.358057,1.11533,ITA,CAN,521112
10119683,168,39,7267,2004,23177.0,0.0,-0.754143,0.25995100000000004,PAK,CAN,521112
10119684,216,39,7267,2004,53837.0,0.0,0.5150359999999999,1.583019,THA,CAN,521112
10119685,231,39,7267,2004,177378.0,0.0,1.7598630000000002,0.066704,USA,CAN,521112
10119686,239,39,7267,2004,0.0,12927.0,-0.5270560000000001,0.8910389999999999,VNM,CAN,521112
10119687,15,41,7267,2004,171008.0,5087.0,1.825391,0.40553,AUT,CHE,521112
10119688,22,41,7267,2004,0.0,150881.0,-1.150444,-0.885333,BGD,CHE,521112
10119689,61,41,7267,2004,15340.0,12131.0,2.266076,-2.011139,DEU,CHE,521112
10119690,71,41,7267,2004,7237.0,0.0,0.9784649999999999,2.051216,ESP,CHE,521112
10119691,77,41,7267,2004,8543.0,0.0,1.6003530000000001,0.643945,FRA,CHE,521112
10119692,102,41,7267,2004,0.0,2274.0,1.207082,1.019714,HUN,CHE,521112
10119693,111,41,7267,2004,0.0,3602.0,1.358057,1.11533,ITA,CHE,521112
10119694,239,41,7267,2004,0.0,1025.0,-0.5270560000000001,0.8910389999999999,VNM,CHE,521112
10119695,22,43,7267,2004,0.0,101362.0,-1.150444,-0.885333,BGD,CHN,521112
10119696,45,43,7267,2004,0.0,4452.0,-1.604916,-1.217399,CMR,CHN,521112
10119697,61,43,7267,2004,0.0,50769.0,2.266076,-2.011139,DEU,CHN,521112
10119698,81,43,7267,2004,53681.0,7203.0,1.843506,0.684779,GBR,CHN,521112
10119699,97,43,7267,2004,247337.0,342532.0,0.604825,2.098745,HKG,CHN,521112
10119700,103,43,7267,2004,0.0,48025.0,-0.223644,1.719065,IDN,CHN,521112
10119701,104,43,7267,2004,0.0,6260.0,0.233348,2.790987,IND,CHN,521112
10119702,114,43,7267,2004,76991.0,377032.0,2.526624,0.452054,JPN,CHN,521112
10119703,121,43,7267,2004,145328.0,206145.0,1.3624690000000002,0.928342,KOR,CHN,521112
10119704,134,43,7267,2004,0.0,437839.0,-0.681556,-0.152372,MAR,CHN,521112
10119705,138,43,7267,2004,0.0,35286.0,0.868684,0.85506,MEX,CHN,521112
10119706,153,43,7267,2004,0.0,18380.0,0.6710050000000001,0.17807,MYS,CHN,521112
10119707,168,43,7267,2004,255271.0,0.0,-0.754143,0.25995100000000004,PAK,CHN,521112
10119708,174,43,7267,2004,0.0,108696.0,-0.076709,-0.149006,PHL,CHN,521112
10119709,177,43,7267,2004,0.0,1222.0,1.019341,1.519452,POL,CHN,521112
10119710,186,43,7267,2004,0.0,26747.0,0.8952399999999999,0.172896,RUS,CHN,521112
10119711,192,43,7267,2004,0.0,189433.0,1.6409779999999998,0.634947,SGP,CHN,521112
10119712,216,43,7267,2004,1522.0,0.0,0.5150359999999999,1.583019,THA,CHN,521112
10119713,231,43,7267,2004,0.0,4766.0,1.7598630000000002,0.066704,USA,CHN,521112
10119714,239,43,7267,2004,10596.0,25318162.0,-0.5270560000000001,0.8910389999999999,VNM,CHN,521112
10119715,249,43,7267,2004,4106.0,0.0,1.626307,1.358315,TWN,CHN,521112
10119716,77,49,7267,2004,1090.0,0.0,1.6003530000000001,0.643945,FRA,COL,521112
10119717,231,49,7267,2004,18336.0,0.0,1.7598630000000002,0.066704,USA,COL,521112
10119718,249,49,7267,2004,128046.0,0.0,1.626307,1.358315,TWN,COL,521112
10119719,138,54,7267,2004,7457.0,0.0,0.868684,0.85506,MEX,CUB,521112
10119720,7,61,7267,2004,64285.0,0.0,0.1799,-0.34541900000000003,ARE,DEU,521112
10119721,14,61,7267,2004,0.0,5887.0,0.196641,0.8139460000000001,AUS,DEU,521112
10119722,15,61,7267,2004,1296873.0,3960.0,1.825391,0.40553,AUT,DEU,521112
10119723,18,61,7267,2004,514460.0,153852.0,1.350911,1.408209,BEL,DEU,521112
10119724,23,61,7267,2004,0.0,135793.0,0.35536,1.499182,BGR,DEU,521112
10119725,26,61,7267,2004,0.0,967.0,0.385952,0.571774,BIH,DEU,521112
10119726,28,61,7267,2004,0.0,6808.0,0.8553139999999999,0.703926,BLR,DEU,521112
10119727,41,61,7267,2004,12131.0,15340.0,2.151471,0.7196279999999999,CHE,DEU,521112
10119728,43,61,7267,2004,50769.0,0.0,0.581548,2.8689880000000003,CHN,DEU,521112
10119729,59,61,7267,2004,256785.0,1993.0,1.562625,0.865244,CZE,DEU,521112
10119730,71,61,7267,2004,128587.0,96679.0,0.9784649999999999,2.051216,ESP,DEU,521112
10119731,74,61,7267,2004,0.0,134418.0,2.000218,0.9867309999999999,FIN,DEU,521112
10119732,77,61,7267,2004,418546.0,320906.0,1.6003530000000001,0.643945,FRA,DEU,521112
10119733,81,61,7267,2004,1885.0,0.0,1.843506,0.684779,GBR,DEU,521112
10119734,97,61,7267,2004,0.0,29042.0,0.604825,2.098745,HKG,DEU,521112
10119735,102,61,7267,2004,0.0,3934.0,1.207082,1.019714,HUN,DEU,521112
10119736,111,61,7267,2004,58606.0,26988.0,1.358057,1.11533,ITA,DEU,521112
10119737,121,61,7267,2004,2386.0,0.0,1.3624690000000002,0.928342,KOR,DEU,521112
10119738,130,61,7267,2004,0.0,3625.0,0.403568,0.632707,LTU,DEU,521112
10119739,131,61,7267,2004,0.0,9575.0,1.37529,1.0172649999999999,LUX,DEU,521112
10119740,134,61,7267,2004,0.0,8957.0,-0.681556,-0.152372,MAR,DEU,521112
10119741,135,61,7267,2004,0.0,1969.0,-0.155523,-0.355142,MDA,DEU,521112
10119742,140,61,7267,2004,0.0,7647.0,-0.091013,0.190649,MKD,DEU,521112
10119743,162,61,7267,2004,2436.0,2198439.0,1.251808,1.586526,NLD,DEU,521112
10119744,168,61,7267,2004,901321.0,0.0,-0.754143,0.25995100000000004,PAK,DEU,521112
10119745,173,61,7267,2004,0.0,8562.0,-0.564244,0.131232,PER,DEU,521112
10119746,177,61,7267,2004,0.0,252337.0,1.019341,1.519452,POL,DEU,521112
10119747,179,61,7267,2004,0.0,5928.0,0.524524,1.901139,PRT,DEU,521112
10119748,185,61,7267,2004,0.0,981.0,0.37241599999999997,1.015865,ROU,DEU,521112
10119749,189,61,7267,2004,0.0,21466.0,0.628071,2.210424,SCG,DEU,521112
10119750,206,61,7267,2004,19960.0,139184.0,1.2375120000000002,0.8777889999999999,SVK,DEU,521112
10119751,223,61,7267,2004,0.0,1683.0,-0.195751,0.335147,TUN,DEU,521112
10119752,224,61,7267,2004,26278.0,0.0,0.141454,1.9463599999999999,TUR,DEU,521112
10119753,228,61,7267,2004,0.0,997.0,0.8758040000000001,0.8195879999999999,UKR,DEU,521112
10119754,239,61,7267,2004,1373.0,350273.0,-0.5270560000000001,0.8910389999999999,VNM,DEU,521112
10119755,250,61,7267,2004,0.0,1075.0,0.509382,-0.30904299999999996,ANS,DEU,521112
10119756,71,64,7267,2004,28740.0,0.0,0.9784649999999999,2.051216,ESP,DNK,521112
10119757,77,64,7267,2004,1162.0,0.0,1.6003530000000001,0.643945,FRA,DNK,521112
10119758,177,64,7267,2004,0.0,2651.0,1.019341,1.519452,POL,DNK,521112
10119759,239,64,7267,2004,0.0,45113.0,-0.5270560000000001,0.8910389999999999,VNM,DNK,521112
10119760,231,65,7267,2004,3831.0,0.0,1.7598630000000002,0.066704,USA,DOM,521112
10119761,7,71,7267,2004,0.0,1397.0,0.1799,-0.34541900000000003,ARE,ESP,521112
10119762,15,71,7267,2004,0.0,26913.0,1.825391,0.40553,AUT,ESP,521112
10119763,18,71,7267,2004,4394.0,0.0,1.350911,1.408209,BEL,ESP,521112
10119764,24,71,7267,2004,147206.0,0.0,0.045344999999999996,-1.001059,BHR,ESP,521112
10119765,41,71,7267,2004,0.0,7237.0,2.151471,0.7196279999999999,CHE,ESP,521112
10119766,58,71,7267,2004,0.0,1571.0,0.533521,0.615939,CYP,ESP,521112
10119767,59,71,7267,2004,0.0,5991.0,1.562625,0.865244,CZE,ESP,521112
10119768,61,71,7267,2004,96679.0,128587.0,2.266076,-2.011139,DEU,ESP,521112
10119769,64,71,7267,2004,0.0,28740.0,1.328968,1.262743,DNK,ESP,521112
10119770,74,71,7267,2004,0.0,10486.0,2.000218,0.9867309999999999,FIN,ESP,521112
10119771,77,71,7267,2004,106075.0,141126.0,1.6003530000000001,0.643945,FRA,ESP,521112
10119772,81,71,7267,2004,0.0,109237.0,1.843506,0.684779,GBR,ESP,521112
10119773,90,71,7267,2004,0.0,4550.0,0.348853,1.661656,GRC,ESP,521112
10119774,97,71,7267,2004,0.0,12506.0,0.604825,2.098745,HKG,ESP,521112
10119775,102,71,7267,2004,0.0,1577.0,1.207082,1.019714,HUN,ESP,521112
10119776,103,71,7267,2004,67430.0,0.0,-0.223644,1.719065,IDN,ESP,521112
10119777,106,71,7267,2004,0.0,2802.0,1.501859,0.14456,IRL,ESP,521112
10119778,109,71,7267,2004,0.0,4860.0,0.298844,-0.36366,ISL,ESP,521112
10119779,111,71,7267,2004,38533.0,42280.0,1.358057,1.11533,ITA,ESP,521112
10119780,114,71,7267,2004,0.0,1080.0,2.526624,0.452054,JPN,ESP,521112
10119781,134,71,7267,2004,0.0,492645.0,-0.681556,-0.152372,MAR,ESP,521112
10119782,138,71,7267,2004,0.0,14328.0,0.868684,0.85506,MEX,ESP,521112
10119783,151,71,7267,2004,0.0,4347.0,-0.374754,-0.288504,MUS,ESP,521112
10119784,162,71,7267,2004,0.0,4798.0,1.251808,1.586526,NLD,ESP,521112
10119785,163,71,7267,2004,0.0,2542.0,1.10162,0.118709,NOR,ESP,521112
10119786,168,71,7267,2004,10641.0,0.0,-0.754143,0.25995100000000004,PAK,ESP,521112
10119787,177,71,7267,2004,0.0,3321.0,1.019341,1.519452,POL,ESP,521112
10119788,179,71,7267,2004,12763.0,15250.0,0.524524,1.901139,PRT,ESP,521112
10119789,186,71,7267,2004,0.0,1050.0,0.8952399999999999,0.172896,RUS,ESP,521112
10119790,208,71,7267,2004,0.0,24320.0,2.0522080000000003,0.8326969999999999,SWE,ESP,521112
10119791,224,71,7267,2004,107490.0,0.0,0.141454,1.9463599999999999,TUR,ESP,521112
10119792,239,71,7267,2004,0.0,8387.0,-0.5270560000000001,0.8910389999999999,VNM,ESP,521112
10119793,246,71,7267,2004,0.0,1699.0,0.460279,1.9736220000000002,ZAF,ESP,521112
10119794,249,71,7267,2004,0.0,3829.0,1.626307,1.358315,TWN,ESP,521112
10119795,111,72,7267,2004,0.0,7818.0,1.358057,1.11533,ITA,EST,521112
10119796,208,72,7267,2004,0.0,3162.0,2.0522080000000003,0.8326969999999999,SWE,EST,521112
10119797,39,74,7267,2004,2624.0,0.0,0.9392739999999999,1.19228,CAN,FIN,521112
10119798,61,74,7267,2004,134418.0,0.0,2.266076,-2.011139,DEU,FIN,521112
10119799,71,74,7267,2004,10486.0,0.0,0.9784649999999999,2.051216,ESP,FIN,521112
10119800,7,77,7267,2004,0.0,2487.0,0.1799,-0.34541900000000003,ARE,FRA,521112
10119801,15,77,7267,2004,594572.0,0.0,1.825391,0.40553,AUT,FRA,521112
10119802,18,77,7267,2004,120013.0,2568762.0,1.350911,1.408209,BEL,FRA,521112
10119803,23,77,7267,2004,0.0,13087.0,0.35536,1.499182,BGR,FRA,521112
10119804,24,77,7267,2004,15405.0,0.0,0.045344999999999996,-1.001059,BHR,FRA,521112
10119805,28,77,7267,2004,0.0,5212.0,0.8553139999999999,0.703926,BLR,FRA,521112
10119806,32,77,7267,2004,1900.0,0.0,0.540718,1.149065,BRA,FRA,521112
10119807,39,77,7267,2004,0.0,1197.0,0.9392739999999999,1.19228,CAN,FRA,521112
10119808,41,77,7267,2004,0.0,8543.0,2.151471,0.7196279999999999,CHE,FRA,521112
10119809,45,77,7267,2004,0.0,2017.0,-1.604916,-1.217399,CMR,FRA,521112
10119810,49,77,7267,2004,0.0,1090.0,0.033128,0.47524799999999995,COL,FRA,521112
10119811,61,77,7267,2004,320906.0,418546.0,2.266076,-2.011139,DEU,FRA,521112
10119812,64,77,7267,2004,0.0,1162.0,1.328968,1.262743,DNK,FRA,521112
10119813,71,77,7267,2004,141126.0,106075.0,0.9784649999999999,2.051216,ESP,FRA,521112
10119814,90,77,7267,2004,0.0,19308.0,0.348853,1.661656,GRC,FRA,521112
10119815,97,77,7267,2004,0.0,3626.0,0.604825,2.098745,HKG,FRA,521112
10119816,111,77,7267,2004,23078.0,68382.0,1.358057,1.11533,ITA,FRA,521112
10119817,114,77,7267,2004,0.0,9542.0,2.526624,0.452054,JPN,FRA,521112
10119818,122,77,7267,2004,0.0,4533.0,-0.481908,-1.172081,KWT,FRA,521112
10119819,124,77,7267,2004,0.0,3622.0,0.32409899999999997,1.037024,LBN,FRA,521112
10119820,134,77,7267,2004,19374.0,7410.0,-0.681556,-0.152372,MAR,FRA,521112
10119821,162,77,7267,2004,0.0,24449.0,1.251808,1.586526,NLD,FRA,521112
10119822,163,77,7267,2004,0.0,1163.0,1.10162,0.118709,NOR,FRA,521112
10119823,166,77,7267,2004,0.0,1185.0,0.567392,0.965781,NZL,FRA,521112
10119824,168,77,7267,2004,942.0,0.0,-0.754143,0.25995100000000004,PAK,FRA,521112
10119825,177,77,7267,2004,0.0,167777.0,1.019341,1.519452,POL,FRA,521112
10119826,179,77,7267,2004,0.0,3668.0,0.524524,1.901139,PRT,FRA,521112
10119827,183,77,7267,2004,0.0,5931.0,0.21713400000000002,-1.031806,QAT,FRA,521112
10119828,188,77,7267,2004,0.0,7846.0,0.546196,-0.7014729999999999,SAU,FRA,521112
10119829,206,77,7267,2004,3869.0,162893.0,1.2375120000000002,0.8777889999999999,SVK,FRA,521112
10119830,208,77,7267,2004,0.0,9394.0,2.0522080000000003,0.8326969999999999,SWE,FRA,521112
10119831,216,77,7267,2004,0.0,2266.0,0.5150359999999999,1.583019,THA,FRA,521112
10119832,223,77,7267,2004,21973.0,56987.0,-0.195751,0.335147,TUN,FRA,521112
10119833,224,77,7267,2004,17894.0,3461.0,0.141454,1.9463599999999999,TUR,FRA,521112
10119834,230,77,7267,2004,0.0,2100.0,0.151633,0.121776,URY,FRA,521112
10119835,231,77,7267,2004,0.0,210150.0,1.7598630000000002,0.066704,USA,FRA,521112
10119836,239,77,7267,2004,18977.0,0.0,-0.5270560000000001,0.8910389999999999,VNM,FRA,521112
10119837,15,81,7267,2004,64933.0,0.0,1.825391,0.40553,AUT,GBR,521112
10119838,18,81,7267,2004,32370.0,0.0,1.350911,1.408209,BEL,GBR,521112
10119839,24,81,7267,2004,1446997.0,8177.0,0.045344999999999996,-1.001059,BHR,GBR,521112
10119840,43,81,7267,2004,7203.0,53681.0,0.581548,2.8689880000000003,CHN,GBR,521112
10119841,61,81,7267,2004,0.0,1885.0,2.266076,-2.011139,DEU,GBR,521112
10119842,71,81,7267,2004,109237.0,0.0,0.9784649999999999,2.051216,ESP,GBR,521112
10119843,106,81,7267,2004,0.0,25478.0,1.501859,0.14456,IRL,GBR,521112
10119844,111,81,7267,2004,131459.0,0.0,1.358057,1.11533,ITA,GBR,521112
10119845,121,81,7267,2004,11433.0,0.0,1.3624690000000002,0.928342,KOR,GBR,521112
10119846,132,81,7267,2004,49976.0,0.0,0.413821,0.627853,LVA,GBR,521112
10119847,134,81,7267,2004,0.0,30885.0,-0.681556,-0.152372,MAR,GBR,521112
10119848,168,81,7267,2004,997933.0,0.0,-0.754143,0.25995100000000004,PAK,GBR,521112
10119849,185,81,7267,2004,0.0,7865.0,0.37241599999999997,1.015865,ROU,GBR,521112
10119850,216,81,7267,2004,185383.0,0.0,0.5150359999999999,1.583019,THA,GBR,521112
10119851,217,81,7267,2004,43413.0,0.0,-0.608564,-1.021599,TJK,GBR,521112
10119852,223,81,7267,2004,0.0,161558.0,-0.195751,0.335147,TUN,GBR,521112
10119853,231,81,7267,2004,2640.0,1763.0,1.7598630000000002,0.066704,USA,GBR,521112
10119854,239,81,7267,2004,0.0,20564.0,-0.5270560000000001,0.8910389999999999,VNM,GBR,521112
10119855,71,90,7267,2004,4550.0,0.0,0.9784649999999999,2.051216,ESP,GRC,521112
10119856,77,90,7267,2004,19308.0,0.0,1.6003530000000001,0.643945,FRA,GRC,521112
10119857,111,90,7267,2004,4703.0,0.0,1.358057,1.11533,ITA,GRC,521112
10119858,22,97,7267,2004,0.0,165611.0,-1.150444,-0.885333,BGD,HKG,521112
10119859,43,97,7267,2004,342532.0,247337.0,0.581548,2.8689880000000003,CHN,HKG,521112
10119860,45,97,7267,2004,0.0,12807.0,-1.604916,-1.217399,CMR,HKG,521112
10119861,61,97,7267,2004,29042.0,0.0,2.266076,-2.011139,DEU,HKG,521112
10119862,71,97,7267,2004,12506.0,0.0,0.9784649999999999,2.051216,ESP,HKG,521112
10119863,77,97,7267,2004,3626.0,0.0,1.6003530000000001,0.643945,FRA,HKG,521112
10119864,111,97,7267,2004,28146.0,0.0,1.358057,1.11533,ITA,HKG,521112
10119865,114,97,7267,2004,19474.0,568965.0,2.526624,0.452054,JPN,HKG,521112
10119866,121,97,7267,2004,85256.0,6353.0,1.3624690000000002,0.928342,KOR,HKG,521112
10119867,133,97,7267,2004,0.0,1835.0,-0.351045,-0.487521,MAC,HKG,521112
10119868,168,97,7267,2004,225623.0,0.0,-0.754143,0.25995100000000004,PAK,HKG,521112
10119869,216,97,7267,2004,97635.0,0.0,0.5150359999999999,1.583019,THA,HKG,521112
10119870,231,97,7267,2004,9697.0,0.0,1.7598630000000002,0.066704,USA,HKG,521112
10119871,239,97,7267,2004,104048.0,5009257.0,-0.5270560000000001,0.8910389999999999,VNM,HKG,521112
10119872,249,97,7267,2004,29513.0,0.0,1.626307,1.358315,TWN,HKG,521112
10119873,14,103,7267,2004,0.0,284448.0,0.196641,0.8139460000000001,AUS,IDN,521112
10119874,18,103,7267,2004,0.0,25764.0,1.350911,1.408209,BEL,IDN,521112
10119875,43,103,7267,2004,48025.0,0.0,0.581548,2.8689880000000003,CHN,IDN,521112
10119876,71,103,7267,2004,0.0,67430.0,0.9784649999999999,2.051216,ESP,IDN,521112
10119877,111,103,7267,2004,0.0,31007.0,1.358057,1.11533,ITA,IDN,521112
10119878,114,103,7267,2004,0.0,1594265.0,2.526624,0.452054,JPN,IDN,521112
10119879,121,103,7267,2004,13228.0,0.0,1.3624690000000002,0.928342,KOR,IDN,521112
10119880,153,103,7267,2004,0.0,65579.0,0.6710050000000001,0.17807,MYS,IDN,521112
10119881,162,103,7267,2004,0.0,76023.0,1.251808,1.586526,NLD,IDN,521112
10119882,207,103,7267,2004,0.0,16791.0,1.628643,1.02381,SVN,IDN,521112
10119883,231,103,7267,2004,0.0,142211.0,1.7598630000000002,0.066704,USA,IDN,521112
10119884,239,103,7267,2004,36056.0,3077735.0,-0.5270560000000001,0.8910389999999999,VNM,IDN,521112
10119885,43,104,7267,2004,6260.0,0.0,0.581548,2.8689880000000003,CHN,IND,521112
10119886,75,104,7267,2004,0.0,2948.0,-0.8870969999999999,-0.287427,FJI,IND,521112
10119887,121,104,7267,2004,1394.0,0.0,1.3624690000000002,0.928342,KOR,IND,521112
10119888,164,104,7267,2004,0.0,4755.0,-0.323954,0.5528,NPL,IND,521112
10119889,167,104,7267,2004,0.0,3053.0,-0.62946,-1.108933,OMN,IND,521112
10119890,231,104,7267,2004,0.0,27608.0,1.7598630000000002,0.066704,USA,IND,521112
10119891,239,104,7267,2004,0.0,720722.0,-0.5270560000000001,0.8910389999999999,VNM,IND,521112
10119892,249,104,7267,2004,35275.0,0.0,1.626307,1.358315,TWN,IND,521112
10119893,250,104,7267,2004,0.0,4051.0,0.509382,-0.30904299999999996,ANS,IND,521112
10119894,71,106,7267,2004,2802.0,0.0,0.9784649999999999,2.051216,ESP,IRL,521112
10119895,81,106,7267,2004,25478.0,0.0,1.843506,0.684779,GBR,IRL,521112
10119896,18,110,7267,2004,22154.0,0.0,1.350911,1.408209,BEL,ISR,521112
10119897,111,110,7267,2004,7655.0,0.0,1.358057,1.11533,ITA,ISR,521112
10119898,15,111,7267,2004,80093.0,0.0,1.825391,0.40553,AUT,ITA,521112
10119899,18,111,7267,2004,25366.0,0.0,1.350911,1.408209,BEL,ITA,521112
10119900,23,111,7267,2004,74722.0,18505.0,0.35536,1.499182,BGR,ITA,521112
10119901,24,111,7267,2004,1696.0,0.0,0.045344999999999996,-1.001059,BHR,ITA,521112
10119902,32,111,7267,2004,2253.0,0.0,0.540718,1.149065,BRA,ITA,521112
10119903,39,111,7267,2004,0.0,13307.0,0.9392739999999999,1.19228,CAN,ITA,521112
10119904,41,111,7267,2004,3602.0,0.0,2.151471,0.7196279999999999,CHE,ITA,521112
10119905,59,111,7267,2004,0.0,3726.0,1.562625,0.865244,CZE,ITA,521112
10119906,61,111,7267,2004,26988.0,58606.0,2.266076,-2.011139,DEU,ITA,521112
10119907,71,111,7267,2004,42280.0,38533.0,0.9784649999999999,2.051216,ESP,ITA,521112
10119908,72,111,7267,2004,7818.0,0.0,0.6101840000000001,0.9520370000000001,EST,ITA,521112
10119909,77,111,7267,2004,68382.0,23078.0,1.6003530000000001,0.643945,FRA,ITA,521112
10119910,81,111,7267,2004,0.0,131459.0,1.843506,0.684779,GBR,ITA,521112
10119911,90,111,7267,2004,0.0,4703.0,0.348853,1.661656,GRC,ITA,521112
10119912,97,111,7267,2004,0.0,28146.0,0.604825,2.098745,HKG,ITA,521112
10119913,100,111,7267,2004,30113.0,4280.0,0.6669970000000001,1.088043,HRV,ITA,521112
10119914,102,111,7267,2004,302580.0,13280.0,1.207082,1.019714,HUN,ITA,521112
10119915,103,111,7267,2004,31007.0,0.0,-0.223644,1.719065,IDN,ITA,521112
10119916,110,111,7267,2004,0.0,7655.0,1.250393,0.8003979999999999,ISR,ITA,521112
10119917,114,111,7267,2004,0.0,4594.0,2.526624,0.452054,JPN,ITA,521112
10119918,121,111,7267,2004,0.0,36431.0,1.3624690000000002,0.928342,KOR,ITA,521112
10119919,130,111,7267,2004,0.0,6303.0,0.403568,0.632707,LTU,ITA,521112
10119920,162,111,7267,2004,3733.0,2002.0,1.251808,1.586526,NLD,ITA,521112
10119921,177,111,7267,2004,0.0,48933.0,1.019341,1.519452,POL,ITA,521112
10119922,179,111,7267,2004,13242.0,1658.0,0.524524,1.901139,PRT,ITA,521112
10119923,185,111,7267,2004,1664.0,5509.0,0.37241599999999997,1.015865,ROU,ITA,521112
10119924,186,111,7267,2004,0.0,3756.0,0.8952399999999999,0.172896,RUS,ITA,521112
10119925,206,111,7267,2004,0.0,12658.0,1.2375120000000002,0.8777889999999999,SVK,ITA,521112
10119926,208,111,7267,2004,0.0,70535.0,2.0522080000000003,0.8326969999999999,SWE,ITA,521112
10119927,223,111,7267,2004,26439.0,4593.0,-0.195751,0.335147,TUN,ITA,521112
10119928,224,111,7267,2004,0.0,24399.0,0.141454,1.9463599999999999,TUR,ITA,521112
10119929,231,111,7267,2004,0.0,1697.0,1.7598630000000002,0.066704,USA,ITA,521112
10119930,239,111,7267,2004,0.0,382422.0,-0.5270560000000001,0.8910389999999999,VNM,ITA,521112
10119931,246,111,7267,2004,0.0,4171.0,0.460279,1.9736220000000002,ZAF,ITA,521112
10119932,43,114,7267,2004,377032.0,76991.0,0.581548,2.8689880000000003,CHN,JPN,521112
10119933,71,114,7267,2004,1080.0,0.0,0.9784649999999999,2.051216,ESP,JPN,521112
10119934,77,114,7267,2004,9542.0,0.0,1.6003530000000001,0.643945,FRA,JPN,521112
10119935,97,114,7267,2004,568965.0,19474.0,0.604825,2.098745,HKG,JPN,521112
10119936,103,114,7267,2004,1594265.0,0.0,-0.223644,1.719065,IDN,JPN,521112
10119937,111,114,7267,2004,4594.0,0.0,1.358057,1.11533,ITA,JPN,521112
10119938,121,114,7267,2004,69012.0,8407.0,1.3624690000000002,0.928342,KOR,JPN,521112
10119939,216,114,7267,2004,205845.0,2861.0,0.5150359999999999,1.583019,THA,JPN,521112
10119940,224,114,7267,2004,2848.0,0.0,0.141454,1.9463599999999999,TUR,JPN,521112
10119941,239,114,7267,2004,0.0,5147746.0,-0.5270560000000001,0.8910389999999999,VNM,JPN,521112
10119942,249,114,7267,2004,70715.0,0.0,1.626307,1.358315,TWN,JPN,521112
10119943,14,121,7267,2004,0.0,8721.0,0.196641,0.8139460000000001,AUS,KOR,521112
10119944,43,121,7267,2004,206145.0,145328.0,0.581548,2.8689880000000003,CHN,KOR,521112
10119945,61,121,7267,2004,0.0,2386.0,2.266076,-2.011139,DEU,KOR,521112
10119946,81,121,7267,2004,0.0,11433.0,1.843506,0.684779,GBR,KOR,521112
10119947,97,121,7267,2004,6353.0,85256.0,0.604825,2.098745,HKG,KOR,521112
10119948,103,121,7267,2004,0.0,13228.0,-0.223644,1.719065,IDN,KOR,521112
10119949,104,121,7267,2004,0.0,1394.0,0.233348,2.790987,IND,KOR,521112
10119950,111,121,7267,2004,36431.0,0.0,1.358057,1.11533,ITA,KOR,521112
10119951,114,121,7267,2004,8407.0,69012.0,2.526624,0.452054,JPN,KOR,521112
10119952,168,121,7267,2004,193382.0,0.0,-0.754143,0.25995100000000004,PAK,KOR,521112
10119953,223,121,7267,2004,0.0,5423.0,-0.195751,0.335147,TUN,KOR,521112
10119954,239,121,7267,2004,123944.0,2467710.0,-0.5270560000000001,0.8910389999999999,VNM,KOR,521112
10119955,239,128,7267,2004,0.0,21296.0,-0.5270560000000001,0.8910389999999999,VNM,LKA,521112
10119956,61,131,7267,2004,9575.0,0.0,2.266076,-2.011139,DEU,LUX,521112
10119957,43,138,7267,2004,35286.0,0.0,0.581548,2.8689880000000003,CHN,MEX,521112
10119958,54,138,7267,2004,0.0,7457.0,-0.040541,-0.634675,CUB,MEX,521112
10119959,71,138,7267,2004,14328.0,0.0,0.9784649999999999,2.051216,ESP,MEX,521112
10119960,168,138,7267,2004,48266.0,0.0,-0.754143,0.25995100000000004,PAK,MEX,521112
10119961,231,138,7267,2004,91996.0,238877.0,1.7598630000000002,0.066704,USA,MEX,521112
10119962,43,153,7267,2004,18380.0,0.0,0.581548,2.8689880000000003,CHN,MYS,521112
10119963,103,153,7267,2004,65579.0,0.0,-0.223644,1.719065,IDN,MYS,521112
10119964,239,153,7267,2004,0.0,587664.0,-0.5270560000000001,0.8910389999999999,VNM,MYS,521112
10119965,7,162,7267,2004,27619.0,0.0,0.1799,-0.34541900000000003,ARE,NLD,521112
10119966,15,162,7267,2004,36339.0,0.0,1.825391,0.40553,AUT,NLD,521112
10119967,24,162,7267,2004,49860.0,0.0,0.045344999999999996,-1.001059,BHR,NLD,521112
10119968,61,162,7267,2004,2198439.0,2436.0,2.266076,-2.011139,DEU,NLD,521112
10119969,71,162,7267,2004,4798.0,0.0,0.9784649999999999,2.051216,ESP,NLD,521112
10119970,77,162,7267,2004,24449.0,0.0,1.6003530000000001,0.643945,FRA,NLD,521112
10119971,103,162,7267,2004,76023.0,0.0,-0.223644,1.719065,IDN,NLD,521112
10119972,109,162,7267,2004,0.0,1485.0,0.298844,-0.36366,ISL,NLD,521112
10119973,111,162,7267,2004,2002.0,3733.0,1.358057,1.11533,ITA,NLD,521112
10119974,140,162,7267,2004,0.0,8241.0,-0.091013,0.190649,MKD,NLD,521112
10119975,168,162,7267,2004,740212.0,0.0,-0.754143,0.25995100000000004,PAK,NLD,521112
10119976,177,162,7267,2004,0.0,45034.0,1.019341,1.519452,POL,NLD,521112
10119977,206,162,7267,2004,0.0,39309.0,1.2375120000000002,0.8777889999999999,SVK,NLD,521112
10119978,207,162,7267,2004,0.0,128808.0,1.628643,1.02381,SVN,NLD,521112
10119979,216,162,7267,2004,627512.0,0.0,0.5150359999999999,1.583019,THA,NLD,521112
10119980,224,162,7267,2004,80446.0,0.0,0.141454,1.9463599999999999,TUR,NLD,521112
10119981,239,162,7267,2004,0.0,32076.0,-0.5270560000000001,0.8910389999999999,VNM,NLD,521112
10119982,77,166,7267,2004,1185.0,0.0,1.6003530000000001,0.643945,FRA,NZL,521112
10119983,61,173,7267,2004,8562.0,0.0,2.266076,-2.011139,DEU,PER,521112
10119984,43,174,7267,2004,108696.0,0.0,0.581548,2.8689880000000003,CHN,PHL,521112
10119985,15,177,7267,2004,31864.0,0.0,1.825391,0.40553,AUT,POL,521112
10119986,28,177,7267,2004,0.0,6605.0,0.8553139999999999,0.703926,BLR,POL,521112
10119987,43,177,7267,2004,1222.0,0.0,0.581548,2.8689880000000003,CHN,POL,521112
10119988,59,177,7267,2004,8956.0,0.0,1.562625,0.865244,CZE,POL,521112
10119989,61,177,7267,2004,252337.0,0.0,2.266076,-2.011139,DEU,POL,521112
10119990,64,177,7267,2004,2651.0,0.0,1.328968,1.262743,DNK,POL,521112
10119991,71,177,7267,2004,3321.0,0.0,0.9784649999999999,2.051216,ESP,POL,521112
10119992,77,177,7267,2004,167777.0,0.0,1.6003530000000001,0.643945,FRA,POL,521112
10119993,111,177,7267,2004,48933.0,0.0,1.358057,1.11533,ITA,POL,521112
10119994,162,177,7267,2004,45034.0,0.0,1.251808,1.586526,NLD,POL,521112
10119995,185,177,7267,2004,22891.0,0.0,0.37241599999999997,1.015865,ROU,POL,521112
10119996,224,177,7267,2004,24688.0,13482.0,0.141454,1.9463599999999999,TUR,POL,521112
10119997,32,180,7267,2004,1477.0,0.0,0.540718,1.149065,BRA,PRY,521112
10119998,28,186,7267,2004,206778.0,0.0,0.8553139999999999,0.703926,BLR,RUS,521112
