2019999,168,159,1704,2009,3384.0,0.0,-0.514907,0.44733100000000003,PAK,NGA,8501
2020000,177,159,1704,2009,12922.0,0.0,1.11055,1.069074,POL,NGA,8501
2020001,179,159,1704,2009,2941.0,124379.0,0.559189,2.4359919999999997,PRT,NGA,8501
2020002,185,159,1704,2009,124314.0,0.0,0.833802,1.024418,ROU,NGA,8501
2020003,192,159,1704,2009,864290.0,0.0,1.9503540000000001,0.498033,SGP,NGA,8501
2020004,203,159,1704,2009,0.0,6043.0,0.370989,-0.518133,STP,NGA,8501
2020005,207,159,1704,2009,14625.0,0.0,1.548036,0.730396,SVN,NGA,8501
2020006,208,159,1704,2009,272501.0,4025.0,1.877821,0.336565,SWE,NGA,8501
2020007,216,159,1704,2009,94846.0,0.0,0.79692,1.315501,THA,NGA,8501
2020008,224,159,1704,2009,894737.0,0.0,0.384596,2.3797610000000002,TUR,NGA,8501
2020009,226,159,1704,2009,0.0,30233.0,-0.822897,0.644899,TZA,NGA,8501
2020010,228,159,1704,2009,19173.0,0.0,0.602688,0.830247,UKR,NGA,8501
2020011,231,159,1704,2009,8214905.0,3576.0,1.657663,-0.41411400000000004,USA,NGA,8501
2020012,239,159,1704,2009,202915.0,0.0,-0.27396,1.131199,VNM,NGA,8501
2020013,246,159,1704,2009,846215.0,2421.0,0.316452,1.767795,ZAF,NGA,8501
2020014,249,159,1704,2009,208055.0,48778.0,1.5763120000000002,0.9567950000000001,TWN,NGA,8501
2020015,250,159,1704,2009,2334.0,0.0,0.582246,-0.10603,ANS,NGA,8501
2020016,7,167,1704,2009,1752775.0,190418.0,0.070059,-0.619075,ARE,OMN,8501
2020017,14,167,1704,2009,66055.0,0.0,-0.109286,0.13586900000000002,AUS,OMN,8501
2020018,15,167,1704,2009,33095.0,0.0,1.651325,-0.020794,AUT,OMN,8501
2020019,18,167,1704,2009,11579.0,0.0,1.272011,1.074548,BEL,OMN,8501
2020020,24,167,1704,2009,15992.0,959.0,0.250645,-0.767742,BHR,OMN,8501
2020021,32,167,1704,2009,1355108.0,0.0,0.35447199999999995,0.8522360000000001,BRA,OMN,8501
2020022,39,167,1704,2009,573547.0,7531.0,0.6778069999999999,1.278402,CAN,OMN,8501
2020023,41,167,1704,2009,248691.0,0.0,2.124438,0.484861,CHE,OMN,8501
2020024,43,167,1704,2009,1762027.0,0.0,0.898623,2.08703,CHN,OMN,8501
2020025,59,167,1704,2009,305346.0,0.0,1.6323159999999999,0.47257200000000005,CZE,OMN,8501
2020026,61,167,1704,2009,2971323.0,12074.0,2.056515,-3.034837,DEU,OMN,8501
2020027,62,167,1704,2009,0.0,64201.0,0.062037,-0.596527,DJI,OMN,8501
2020028,64,167,1704,2009,66259.0,0.0,1.242327,1.064709,DNK,OMN,8501
2020029,68,167,1704,2009,32099.0,0.0,-0.20940300000000003,1.6466290000000001,EGY,OMN,8501
2020030,71,167,1704,2009,34613.0,0.0,0.9021020000000001,2.170578,ESP,OMN,8501
2020031,74,167,1704,2009,275412.0,0.0,1.8206849999999999,0.797421,FIN,OMN,8501
2020032,77,167,1704,2009,1712417.0,0.0,1.540346,0.090377,FRA,OMN,8501
2020033,81,167,1704,2009,1560735.0,3671.0,1.7921779999999998,0.41211499999999995,GBR,OMN,8501
2020034,103,167,1704,2009,1071.0,0.0,-0.253835,1.260101,IDN,OMN,8501
2020035,104,167,1704,2009,1223226.0,237083.0,0.209867,2.254003,IND,OMN,8501
2020036,106,167,1704,2009,2445.0,0.0,1.627233,0.020024,IRL,OMN,8501
2020037,107,167,1704,2009,49702.0,34731.0,-1.185702,-1.1049360000000001,IRN,OMN,8501
2020038,111,167,1704,2009,1396420.0,1635.0,1.289,0.64549,ITA,OMN,8501
2020039,113,167,1704,2009,5637.0,0.0,0.21374899999999997,0.423774,JOR,OMN,8501
2020040,114,167,1704,2009,2328167.0,0.0,2.306791,-0.251712,JPN,OMN,8501
2020041,121,167,1704,2009,77351.0,0.0,1.509336,0.784515,KOR,OMN,8501
2020042,122,167,1704,2009,70828.0,0.0,-1.386993,-1.203527,KWT,OMN,8501
2020043,128,167,1704,2009,2328.0,0.0,-0.653836,0.174403,LKA,OMN,8501
2020044,153,167,1704,2009,62112.0,0.0,0.8718229999999999,0.607429,MYS,OMN,8501
2020045,162,167,1704,2009,47937.0,3803.0,1.1914850000000001,1.3076780000000001,NLD,OMN,8501
2020046,166,167,1704,2009,1155.0,0.0,0.38301999999999997,0.720644,NZL,OMN,8501
2020047,168,167,1704,2009,21381.0,41409.0,-0.514907,0.44733100000000003,PAK,OMN,8501
2020048,177,167,1704,2009,49351.0,0.0,1.11055,1.069074,POL,OMN,8501
2020049,183,167,1704,2009,131229.0,2575.0,-0.484947,-1.07179,QAT,OMN,8501
2020050,188,167,1704,2009,1090109.0,3440.0,0.300581,-0.813199,SAU,OMN,8501
2020051,190,167,1704,2009,0.0,4044.0,-2.2948020000000002,-1.3182040000000002,SDN,OMN,8501
2020052,192,167,1704,2009,1506657.0,122356.0,1.9503540000000001,0.498033,SGP,OMN,8501
2020053,208,167,1704,2009,29508.0,0.0,1.877821,0.336565,SWE,OMN,8501
2020054,216,167,1704,2009,25334.0,0.0,0.79692,1.315501,THA,OMN,8501
2020055,224,167,1704,2009,47491.0,0.0,0.384596,2.3797610000000002,TUR,OMN,8501
2020056,226,167,1704,2009,0.0,6785.0,-0.822897,0.644899,TZA,OMN,8501
2020057,231,167,1704,2009,1612519.0,370612.0,1.657663,-0.41411400000000004,USA,OMN,8501
2020058,246,167,1704,2009,55099.0,0.0,0.316452,1.767795,ZAF,OMN,8501
2020059,249,167,1704,2009,236224.0,0.0,1.5763120000000002,0.9567950000000001,TWN,OMN,8501
2020060,7,183,1704,2009,0.0,119190.0,0.070059,-0.619075,ARE,QAT,8501
2020061,14,183,1704,2009,58735.0,2598.0,-0.109286,0.13586900000000002,AUS,QAT,8501
2020062,15,183,1704,2009,142568.0,0.0,1.651325,-0.020794,AUT,QAT,8501
2020063,18,183,1704,2009,1107361.0,0.0,1.272011,1.074548,BEL,QAT,8501
2020064,24,183,1704,2009,31463.0,37777.0,0.250645,-0.767742,BHR,QAT,8501
2020065,32,183,1704,2009,9512.0,0.0,0.35447199999999995,0.8522360000000001,BRA,QAT,8501
2020066,39,183,1704,2009,112756.0,0.0,0.6778069999999999,1.278402,CAN,QAT,8501
2020067,41,183,1704,2009,2597503.0,0.0,2.124438,0.484861,CHE,QAT,8501
2020068,43,183,1704,2009,19483.0,0.0,0.898623,2.08703,CHN,QAT,8501
2020069,61,183,1704,2009,8212666.0,40469.0,2.056515,-3.034837,DEU,QAT,8501
2020070,64,183,1704,2009,41562.0,0.0,1.242327,1.064709,DNK,QAT,8501
2020071,66,183,1704,2009,0.0,20463.0,-1.161786,-1.188669,DZA,QAT,8501
2020072,68,183,1704,2009,0.0,41603.0,-0.20940300000000003,1.6466290000000001,EGY,QAT,8501
2020073,69,183,1704,2009,0.0,19849.0,0.081675,-0.37700100000000003,ERI,QAT,8501
2020074,71,183,1704,2009,27848.0,0.0,0.9021020000000001,2.170578,ESP,QAT,8501
2020075,74,183,1704,2009,2326930.0,0.0,1.8206849999999999,0.797421,FIN,QAT,8501
2020076,77,183,1704,2009,2193744.0,32963.0,1.540346,0.090377,FRA,QAT,8501
2020077,81,183,1704,2009,1661326.0,154370.0,1.7921779999999998,0.41211499999999995,GBR,QAT,8501
2020078,90,183,1704,2009,35425.0,0.0,0.2196,1.63301,GRC,QAT,8501
2020079,100,183,1704,2009,7302.0,0.0,0.740174,1.005258,HRV,QAT,8501
2020080,104,183,1704,2009,99805.0,33657.0,0.209867,2.254003,IND,QAT,8501
2020081,111,183,1704,2009,7757555.0,131669.0,1.289,0.64549,ITA,QAT,8501
2020082,114,183,1704,2009,56928958.0,0.0,2.306791,-0.251712,JPN,QAT,8501
2020083,116,183,1704,2009,0.0,49824.0,-0.26477399999999995,0.932587,KEN,QAT,8501
2020084,121,183,1704,2009,1710303.0,80143.0,1.509336,0.784515,KOR,QAT,8501
2020085,122,183,1704,2009,30702.0,226440.0,-1.386993,-1.203527,KWT,QAT,8501
2020086,124,183,1704,2009,322768.0,21339.0,0.48618599999999995,1.4748620000000001,LBN,QAT,8501
2020087,153,183,1704,2009,39762.0,0.0,0.8718229999999999,0.607429,MYS,QAT,8501
2020088,162,183,1704,2009,53021.0,10363.0,1.1914850000000001,1.3076780000000001,NLD,QAT,8501
2020089,163,183,1704,2009,67220.0,0.0,0.865455,0.082808,NOR,QAT,8501
2020090,166,183,1704,2009,2523.0,0.0,0.38301999999999997,0.720644,NZL,QAT,8501
2020091,167,183,1704,2009,2575.0,131229.0,-0.691918,-1.015434,OMN,QAT,8501
2020092,168,183,1704,2009,0.0,34361.0,-0.514907,0.44733100000000003,PAK,QAT,8501
2020093,179,183,1704,2009,18853.0,0.0,0.559189,2.4359919999999997,PRT,QAT,8501
2020094,185,183,1704,2009,1362.0,0.0,0.833802,1.024418,ROU,QAT,8501
2020095,188,183,1704,2009,9061660.0,170025.0,0.300581,-0.813199,SAU,QAT,8501
2020096,190,183,1704,2009,0.0,418.0,-2.2948020000000002,-1.3182040000000002,SDN,QAT,8501
2020097,192,183,1704,2009,1573.0,33166.0,1.9503540000000001,0.498033,SGP,QAT,8501
2020098,207,183,1704,2009,1234.0,0.0,1.548036,0.730396,SVN,QAT,8501
2020099,208,183,1704,2009,2332891.0,1573.0,1.877821,0.336565,SWE,QAT,8501
2020100,216,183,1704,2009,61649.0,0.0,0.79692,1.315501,THA,QAT,8501
2020101,224,183,1704,2009,54249.0,0.0,0.384596,2.3797610000000002,TUR,QAT,8501
2020102,231,183,1704,2009,14000595.0,17997.0,1.657663,-0.41411400000000004,USA,QAT,8501
2020103,249,183,1704,2009,42362.0,0.0,1.5763120000000002,0.9567950000000001,TWN,QAT,8501
2020104,1,186,1704,2009,0.0,11658.0,-0.424354,-0.563383,AFG,RUS,8501
2020105,2,186,1704,2009,0.0,13377.0,-0.809438,-1.190006,AGO,RUS,8501
2020106,4,186,1704,2009,0.0,1137.0,-0.41612200000000005,-0.256639,ALB,RUS,8501
2020107,7,186,1704,2009,2651.0,5647.0,0.070059,-0.619075,ARE,RUS,8501
2020108,9,186,1704,2009,461908.0,666661.0,0.24424899999999997,-0.30152399999999996,ARM,RUS,8501
2020109,14,186,1704,2009,54295.0,0.0,-0.109286,0.13586900000000002,AUS,RUS,8501
2020110,15,186,1704,2009,20818330.0,252852.0,1.651325,-0.020794,AUT,RUS,8501
2020111,16,186,1704,2009,0.0,1458014.0,-1.124423,-1.228081,AZE,RUS,8501
2020112,18,186,1704,2009,800460.0,6128.0,1.272011,1.074548,BEL,RUS,8501
2020113,22,186,1704,2009,0.0,6697.0,-1.030722,-0.860137,BGD,RUS,8501
2020114,23,186,1704,2009,501352.0,7762883.0,0.373594,1.571413,BGR,RUS,8501
2020115,26,186,1704,2009,0.0,95484.0,0.519113,0.762582,BIH,RUS,8501
2020116,28,186,1704,2009,23163861.0,36943807.0,0.977663,0.549549,BLR,RUS,8501
2020117,32,186,1704,2009,1790627.0,8753693.0,0.35447199999999995,0.8522360000000001,BRA,RUS,8501
2020118,39,186,1704,2009,803295.0,520467.0,0.6778069999999999,1.278402,CAN,RUS,8501
2020119,41,186,1704,2009,12308449.0,138401.0,2.124438,0.484861,CHE,RUS,8501
2020120,43,186,1704,2009,51790846.0,2590990.0,0.898623,2.08703,CHN,RUS,8501
2020121,49,186,1704,2009,2227.0,33276.0,0.263416,0.38947,COL,RUS,8501
2020122,54,186,1704,2009,6743.0,393940.0,0.188114,-0.819958,CUB,RUS,8501
2020123,58,186,1704,2009,10124.0,0.0,0.934193,0.657555,CYP,RUS,8501
2020124,59,186,1704,2009,6026358.0,274415.0,1.6323159999999999,0.47257200000000005,CZE,RUS,8501
2020125,61,186,1704,2009,140451447.0,6761421.0,2.056515,-3.034837,DEU,RUS,8501
2020126,64,186,1704,2009,1267042.0,7278.0,1.242327,1.064709,DNK,RUS,8501
2020127,65,186,1704,2009,0.0,1368.0,-0.317894,0.198926,DOM,RUS,8501
2020128,66,186,1704,2009,0.0,81994.0,-1.161786,-1.188669,DZA,RUS,8501
2020129,67,186,1704,2009,121507.0,3998.0,-0.92724,-0.965628,ECU,RUS,8501
2020130,68,186,1704,2009,0.0,441694.0,-0.20940300000000003,1.6466290000000001,EGY,RUS,8501
2020131,71,186,1704,2009,948440.0,6335.0,0.9021020000000001,2.170578,ESP,RUS,8501
2020132,72,186,1704,2009,491787.0,451103.0,0.749058,1.269572,EST,RUS,8501
2020133,73,186,1704,2009,0.0,6037.0,-0.967483,-0.8219,ETH,RUS,8501
2020134,74,186,1704,2009,22025861.0,1248768.0,1.8206849999999999,0.797421,FIN,RUS,8501
2020135,77,186,1704,2009,6619009.0,3319311.0,1.540346,0.090377,FRA,RUS,8501
2020136,81,186,1704,2009,11675099.0,1359172.0,1.7921779999999998,0.41211499999999995,GBR,RUS,8501
2020137,82,186,1704,2009,0.0,303894.0,0.045952,-0.381822,GEO,RUS,8501
2020138,85,186,1704,2009,0.0,4080.0,-1.618121,-1.2200520000000001,GIN,RUS,8501
2020139,90,186,1704,2009,297459.0,5354.0,0.2196,1.63301,GRC,RUS,8501
2020140,97,186,1704,2009,75277.0,174987.0,0.654964,1.98672,HKG,RUS,8501
2020141,100,186,1704,2009,185896.0,77079.0,0.740174,1.005258,HRV,RUS,8501
2020142,102,186,1704,2009,9390343.0,33354.0,1.397765,0.772375,HUN,RUS,8501
2020143,103,186,1704,2009,3264.0,253197.0,-0.253835,1.260101,IDN,RUS,8501
2020144,104,186,1704,2009,100179.0,6100832.0,0.209867,2.254003,IND,RUS,8501
2020145,106,186,1704,2009,28130.0,0.0,1.627233,0.020024,IRL,RUS,8501
2020146,107,186,1704,2009,0.0,1582446.0,-1.185702,-1.1049360000000001,IRN,RUS,8501
2020147,108,186,1704,2009,0.0,23944.0,-1.1683270000000001,-0.9517459999999999,IRQ,RUS,8501
2020148,110,186,1704,2009,13399.0,1811.0,1.226438,0.816299,ISR,RUS,8501
2020149,111,186,1704,2009,17183986.0,1548046.0,1.289,0.64549,ITA,RUS,8501
2020150,113,186,1704,2009,0.0,1244.0,0.21374899999999997,0.423774,JOR,RUS,8501
2020151,114,186,1704,2009,3723944.0,5122.0,2.306791,-0.251712,JPN,RUS,8501
2020152,115,186,1704,2009,73455.0,21241265.0,-0.6547970000000001,-0.772256,KAZ,RUS,8501
2020153,117,186,1704,2009,0.0,394501.0,-0.251815,0.144822,KGZ,RUS,8501
2020154,121,186,1704,2009,3138146.0,56031.0,1.509336,0.784515,KOR,RUS,8501
2020155,130,186,1704,2009,1489341.0,665175.0,0.647736,1.150962,LTU,RUS,8501
2020156,131,186,1704,2009,51943.0,2103.0,1.323336,1.026341,LUX,RUS,8501
2020157,132,186,1704,2009,8758378.0,453780.0,0.675643,0.99977,LVA,RUS,8501
2020158,134,186,1704,2009,0.0,245363.0,-0.48819300000000004,0.173952,MAR,RUS,8501
2020159,135,186,1704,2009,3184320.0,165312.0,0.009281999999999999,-0.039299,MDA,RUS,8501
2020160,138,186,1704,2009,338950.0,0.0,1.061625,0.719234,MEX,RUS,8501
2020161,143,186,1704,2009,0.0,13337.0,-1.6459529999999998,-1.186635,MMR,RUS,8501
2020162,144,186,1704,2009,0.0,2264.0,0.19963499999999998,-0.073107,MNE,RUS,8501
2020163,145,186,1704,2009,0.0,975480.0,-0.825506,-1.067644,MNG,RUS,8501
2020164,147,186,1704,2009,3594.0,0.0,-1.0023090000000001,-0.844765,MOZ,RUS,8501
2020165,153,186,1704,2009,61666.0,16090.0,0.8718229999999999,0.607429,MYS,RUS,8501
2020166,160,186,1704,2009,0.0,2665.0,-0.924057,-0.809557,NIC,RUS,8501
2020167,162,186,1704,2009,7445302.0,31607.0,1.1914850000000001,1.3076780000000001,NLD,RUS,8501
2020168,163,186,1704,2009,118081.0,207711.0,0.865455,0.082808,NOR,RUS,8501
2020169,166,186,1704,2009,7798.0,13728.0,0.38301999999999997,0.720644,NZL,RUS,8501
2020170,173,186,1704,2009,2721.0,105867.0,-0.53304,0.221183,PER,RUS,8501
2020171,174,186,1704,2009,6390.0,0.0,0.34318000000000004,0.095375,PHL,RUS,8501
2020172,177,186,1704,2009,3738278.0,399089.0,1.11055,1.069074,POL,RUS,8501
2020173,178,186,1704,2009,29866.0,33708.0,0.608089,0.709831,PRK,RUS,8501
2020174,179,186,1704,2009,26485.0,18705.0,0.559189,2.4359919999999997,PRT,RUS,8501
2020175,185,186,1704,2009,1622946.0,29491.0,0.833802,1.024418,ROU,RUS,8501
2020176,190,186,1704,2009,0.0,341725.0,-2.2948020000000002,-1.3182040000000002,SDN,RUS,8501
2020177,192,186,1704,2009,2157271.0,645529.0,1.9503540000000001,0.498033,SGP,RUS,8501
2020178,201,186,1704,2009,1286899.0,2516624.0,0.531766,1.477837,SRB,RUS,8501
2020179,206,186,1704,2009,1210504.0,96172.0,1.231382,0.820968,SVK,RUS,8501
2020180,207,186,1704,2009,1828345.0,0.0,1.548036,0.730396,SVN,RUS,8501
2020181,208,186,1704,2009,3143511.0,11501.0,1.877821,0.336565,SWE,RUS,8501
2020182,212,186,1704,2009,0.0,133071.0,-0.48481199999999997,1.464509,SYR,RUS,8501
2020183,216,186,1704,2009,44812.0,10724.0,0.79692,1.315501,THA,RUS,8501
2020184,217,186,1704,2009,0.0,1399070.0,-1.0237319999999999,-1.1837950000000002,TJK,RUS,8501
2020185,219,186,1704,2009,0.0,1172059.0,-1.060378,-1.17279,TKM,RUS,8501
2020186,224,186,1704,2009,5874138.0,197586.0,0.384596,2.3797610000000002,TUR,RUS,8501
2020187,228,186,1704,2009,71817212.0,16785707.0,0.602688,0.830247,UKR,RUS,8501
2020188,230,186,1704,2009,0.0,2296.0,0.260419,-0.171944,URY,RUS,8501
2020189,231,186,1704,2009,32102304.0,736436.0,1.657663,-0.41411400000000004,USA,RUS,8501
2020190,232,186,1704,2009,0.0,18543780.0,-0.6115470000000001,-0.710622,UZB,RUS,8501
2020191,236,186,1704,2009,0.0,878239.0,-0.5847600000000001,-1.150334,VEN,RUS,8501
2020192,239,186,1704,2009,12124.0,379915.0,-0.27396,1.131199,VNM,RUS,8501
2020193,246,186,1704,2009,9056.0,18777.0,0.316452,1.767795,ZAF,RUS,8501
2020194,249,186,1704,2009,759964.0,0.0,1.5763120000000002,0.9567950000000001,TWN,RUS,8501
2020195,250,186,1704,2009,69345.0,0.0,0.582246,-0.10603,ANS,RUS,8501
2020196,1,192,1704,2009,0.0,6335.0,-0.424354,-0.563383,AFG,SGP,8501
2020197,2,192,1704,2009,0.0,79141.0,-0.809438,-1.190006,AGO,SGP,8501
2020198,7,192,1704,2009,259379.0,906785.0,0.070059,-0.619075,ARE,SGP,8501
2020199,8,192,1704,2009,101266.0,665605.0,0.27637,0.611129,ARG,SGP,8501
2020200,14,192,1704,2009,2373309.0,3115014.0,-0.109286,0.13586900000000002,AUS,SGP,8501
2020201,15,192,1704,2009,910665.0,121140.0,1.651325,-0.020794,AUT,SGP,8501
2020202,18,192,1704,2009,1287107.0,435585.0,1.272011,1.074548,BEL,SGP,8501
2020203,19,192,1704,2009,0.0,1777.0,-0.93195,-0.813017,BEN,SGP,8501
2020204,22,192,1704,2009,0.0,2841875.0,-1.030722,-0.860137,BGD,SGP,8501
2020205,23,192,1704,2009,3098.0,1274.0,0.373594,1.571413,BGR,SGP,8501
2020206,24,192,1704,2009,0.0,23457.0,0.250645,-0.767742,BHR,SGP,8501
2020207,25,192,1704,2009,0.0,2137.0,0.5451729999999999,-0.496575,BHS,SGP,8501
2020208,32,192,1704,2009,3607279.0,1763145.0,0.35447199999999995,0.8522360000000001,BRA,SGP,8501
2020209,34,192,1704,2009,334728.0,1211922.0,-1.371042,-0.9792120000000001,BRN,SGP,8501
2020210,37,192,1704,2009,0.0,3587.0,-0.008142,-0.599115,BWA,SGP,8501
2020211,39,192,1704,2009,659650.0,9711119.0,0.6778069999999999,1.278402,CAN,SGP,8501
2020212,41,192,1704,2009,3714795.0,1277375.0,2.124438,0.484861,CHE,SGP,8501
2020213,42,192,1704,2009,0.0,29053.0,-0.219521,-0.34239,CHL,SGP,8501
2020214,43,192,1704,2009,99016779.0,5742677.0,0.898623,2.08703,CHN,SGP,8501
2020215,44,192,1704,2009,0.0,69276.0,-0.924681,-0.801371,CIV,SGP,8501
2020216,45,192,1704,2009,0.0,1363.0,-1.128734,-1.022546,CMR,SGP,8501
2020217,46,192,1704,2009,0.0,1181.0,-1.532165,-1.160269,COD,SGP,8501
2020218,47,192,1704,2009,24351.0,0.0,-1.466289,-1.201249,COG,SGP,8501
2020219,49,192,1704,2009,0.0,2132506.0,0.263416,0.38947,COL,SGP,8501
2020220,54,192,1704,2009,0.0,2315.0,0.188114,-0.819958,CUB,SGP,8501
2020221,58,192,1704,2009,0.0,2591.0,0.934193,0.657555,CYP,SGP,8501
2020222,59,192,1704,2009,1067376.0,40656.0,1.6323159999999999,0.47257200000000005,CZE,SGP,8501
2020223,61,192,1704,2009,41121421.0,1621427.0,2.056515,-3.034837,DEU,SGP,8501
2020224,62,192,1704,2009,0.0,1579.0,0.062037,-0.596527,DJI,SGP,8501
2020225,64,192,1704,2009,1267139.0,33286.0,1.242327,1.064709,DNK,SGP,8501
2020226,65,192,1704,2009,121214.0,162088.0,-0.317894,0.198926,DOM,SGP,8501
2020227,66,192,1704,2009,0.0,10610.0,-1.161786,-1.188669,DZA,SGP,8501
2020228,68,192,1704,2009,0.0,1022479.0,-0.20940300000000003,1.6466290000000001,EGY,SGP,8501
2020229,71,192,1704,2009,1059207.0,35296.0,0.9021020000000001,2.170578,ESP,SGP,8501
2020230,74,192,1704,2009,13783769.0,282370.0,1.8206849999999999,0.797421,FIN,SGP,8501
2020231,75,192,1704,2009,0.0,43434.0,-0.785772,-0.305228,FJI,SGP,8501
2020232,77,192,1704,2009,10036758.0,630947.0,1.540346,0.090377,FRA,SGP,8501
2020233,79,192,1704,2009,0.0,1236.0,-1.011055,-0.983978,FSM,SGP,8501
2020234,80,192,1704,2009,0.0,123222.0,-1.197711,-1.147469,GAB,SGP,8501
2020235,81,192,1704,2009,32454380.0,1271789.0,1.7921779999999998,0.41211499999999995,GBR,SGP,8501
2020236,83,192,1704,2009,8769.0,67767.0,-0.909436,-0.6619470000000001,GHA,SGP,8501
2020237,85,192,1704,2009,0.0,6582.0,-1.618121,-1.2200520000000001,GIN,SGP,8501
2020238,87,192,1704,2009,0.0,9074.0,-0.573979,-0.644636,GMB,SGP,8501
2020239,93,192,1704,2009,0.0,11948.0,-0.33276999999999995,0.551257,GTM,SGP,8501
2020240,95,192,1704,2009,0.0,12924.0,0.518098,-0.124172,GUM,SGP,8501
2020241,96,192,1704,2009,0.0,156505.0,-1.0557809999999999,-1.055825,GUY,SGP,8501
2020242,97,192,1704,2009,8747781.0,19037169.0,0.654964,1.98672,HKG,SGP,8501
2020243,100,192,1704,2009,8916.0,0.0,0.740174,1.005258,HRV,SGP,8501
2020244,102,192,1704,2009,2518177.0,4016397.0,1.397765,0.772375,HUN,SGP,8501
2020245,103,192,1704,2009,106725552.0,45881733.0,-0.253835,1.260101,IDN,SGP,8501
2020246,104,192,1704,2009,2822256.0,21650705.0,0.209867,2.254003,IND,SGP,8501
2020247,106,192,1704,2009,36708.0,65265.0,1.627233,0.020024,IRL,SGP,8501
2020248,107,192,1704,2009,1906.0,505934.0,-1.185702,-1.1049360000000001,IRN,SGP,8501
2020249,108,192,1704,2009,0.0,7789.0,-1.1683270000000001,-0.9517459999999999,IRQ,SGP,8501
2020250,110,192,1704,2009,201213.0,235768.0,1.226438,0.816299,ISR,SGP,8501
2020251,111,192,1704,2009,8297317.0,254637.0,1.289,0.64549,ITA,SGP,8501
2020252,114,192,1704,2009,35299575.0,7730267.0,2.306791,-0.251712,JPN,SGP,8501
2020253,116,192,1704,2009,0.0,65165.0,-0.26477399999999995,0.932587,KEN,SGP,8501
2020254,118,192,1704,2009,880.0,1097217.0,-1.194288,-1.09924,KHM,SGP,8501
2020255,121,192,1704,2009,9464014.0,3638108.0,1.509336,0.784515,KOR,SGP,8501
2020256,122,192,1704,2009,0.0,6382.0,-1.386993,-1.203527,KWT,SGP,8501
2020257,123,192,1704,2009,0.0,1308.0,-1.235693,-1.0440040000000002,LAO,SGP,8501
2020258,124,192,1704,2009,819.0,125598.0,0.48618599999999995,1.4748620000000001,LBN,SGP,8501
2020259,126,192,1704,2009,0.0,1885961.0,-1.196032,-1.1829,LBY,SGP,8501
2020260,128,192,1704,2009,7575.0,644288.0,-0.653836,0.174403,LKA,SGP,8501
2020261,130,192,1704,2009,28465.0,0.0,0.647736,1.150962,LTU,SGP,8501
2020262,131,192,1704,2009,4438.0,0.0,1.323336,1.026341,LUX,SGP,8501
2020263,133,192,1704,2009,0.0,21557.0,0.450395,0.6237739999999999,MAC,SGP,8501
2020264,134,192,1704,2009,151385.0,1460.0,-0.48819300000000004,0.173952,MAR,SGP,8501
2020265,136,192,1704,2009,0.0,36407.0,-1.0356610000000002,-0.198062,MDG,SGP,8501
2020266,137,192,1704,2009,4356.0,734170.0,-0.415182,-0.9298379999999999,MDV,SGP,8501
2020267,138,192,1704,2009,760245.0,363380.0,1.061625,0.719234,MEX,SGP,8501
2020268,139,192,1704,2009,3439.0,0.0,-0.960635,-0.99724,MHL,SGP,8501
2020269,140,192,1704,2009,0.0,28856.0,-0.14890499999999998,0.405505,MKD,SGP,8501
2020270,143,192,1704,2009,45335.0,4655057.0,-1.6459529999999998,-1.186635,MMR,SGP,8501
2020271,145,192,1704,2009,0.0,198603.0,-0.825506,-1.067644,MNG,SGP,8501
2020272,147,192,1704,2009,8852.0,0.0,-1.0023090000000001,-0.844765,MOZ,SGP,8501
2020273,151,192,1704,2009,0.0,40418.0,-0.198194,0.067014,MUS,SGP,8501
2020274,153,192,1704,2009,22480220.0,78911706.0,0.8718229999999999,0.607429,MYS,SGP,8501
2020275,156,192,1704,2009,71.0,0.0,1.323528,0.523435,NCL,SGP,8501
2020276,159,192,1704,2009,0.0,864290.0,-1.584051,-1.156247,NGA,SGP,8501
2020277,162,192,1704,2009,3587516.0,1070093.0,1.1914850000000001,1.3076780000000001,NLD,SGP,8501
2020278,163,192,1704,2009,2594920.0,137206.0,0.865455,0.082808,NOR,SGP,8501
2020279,164,192,1704,2009,0.0,21389.0,-0.324434,1.076908,NPL,SGP,8501
2020280,166,192,1704,2009,201721.0,359164.0,0.38301999999999997,0.720644,NZL,SGP,8501
2020281,167,192,1704,2009,122356.0,1506657.0,-0.691918,-1.015434,OMN,SGP,8501
2020282,168,192,1704,2009,19449.0,1083923.0,-0.514907,0.44733100000000003,PAK,SGP,8501
2020283,169,192,1704,2009,0.0,17880.0,0.629137,0.5894010000000001,PAN,SGP,8501
2020284,173,192,1704,2009,0.0,10850.0,-0.53304,0.221183,PER,SGP,8501
2020285,174,192,1704,2009,32118006.0,24085971.0,0.34318000000000004,0.095375,PHL,SGP,8501
2020286,176,192,1704,2009,0.0,633234.0,-1.90537,-1.2462030000000002,PNG,SGP,8501
2020287,177,192,1704,2009,227705.0,163213.0,1.11055,1.069074,POL,SGP,8501
2020288,178,192,1704,2009,0.0,1725.0,0.608089,0.709831,PRK,SGP,8501
2020289,179,192,1704,2009,873899.0,278157.0,0.559189,2.4359919999999997,PRT,SGP,8501
2020290,182,192,1704,2009,0.0,1710.0,-0.440014,-0.835513,PYF,SGP,8501
2020291,183,192,1704,2009,33166.0,1573.0,-0.484947,-1.07179,QAT,SGP,8501
2020292,185,192,1704,2009,806730.0,40243.0,0.833802,1.024418,ROU,SGP,8501
2020293,186,192,1704,2009,645529.0,2157271.0,0.392478,-0.20038399999999998,RUS,SGP,8501
2020294,188,192,1704,2009,0.0,565076.0,0.300581,-0.813199,SAU,SGP,8501
2020295,190,192,1704,2009,0.0,456066.0,-2.2948020000000002,-1.3182040000000002,SDN,SGP,8501
2020296,195,192,1704,2009,1752.0,4410.0,-1.9380110000000002,-1.06035,SLB,SGP,8501
2020297,206,192,1704,2009,0.0,23511.0,1.231382,0.820968,SVK,SGP,8501
2020298,207,192,1704,2009,51298.0,870.0,1.548036,0.730396,SVN,SGP,8501
2020299,208,192,1704,2009,3133105.0,689330.0,1.877821,0.336565,SWE,SGP,8501
2020300,211,192,1704,2009,0.0,76098.0,-0.16046400000000002,-0.81512,SYC,SGP,8501
2020301,212,192,1704,2009,0.0,19494.0,-0.48481199999999997,1.464509,SYR,SGP,8501
2020302,216,192,1704,2009,111399899.0,10809259.0,0.79692,1.315501,THA,SGP,8501
2020303,222,192,1704,2009,0.0,16430.0,-0.508195,-1.097365,TTO,SGP,8501
2020304,223,192,1704,2009,11401.0,1112467.0,0.044903,0.9126120000000001,TUN,SGP,8501
2020305,224,192,1704,2009,27961.0,990012.0,0.384596,2.3797610000000002,TUR,SGP,8501
2020306,226,192,1704,2009,0.0,295351.0,-0.822897,0.644899,TZA,SGP,8501
2020307,228,192,1704,2009,0.0,3209.0,0.602688,0.830247,UKR,SGP,8501
2020308,231,192,1704,2009,69958197.0,1988653.0,1.657663,-0.41411400000000004,USA,SGP,8501
2020309,236,192,1704,2009,0.0,314719.0,-0.5847600000000001,-1.150334,VEN,SGP,8501
2020310,239,192,1704,2009,19900152.0,15677632.0,-0.27396,1.131199,VNM,SGP,8501
2020311,243,192,1704,2009,0.0,757386.0,-0.845426,-1.119091,YEM,SGP,8501
2020312,246,192,1704,2009,16100.0,112129.0,0.316452,1.767795,ZAF,SGP,8501
2020313,249,192,1704,2009,12550874.0,4317461.0,1.5763120000000002,0.9567950000000001,TWN,SGP,8501
2020314,250,192,1704,2009,19595.0,81846.0,0.582246,-0.10603,ANS,SGP,8501
2020315,4,201,1704,2009,12293.0,31443.0,-0.41612200000000005,-0.256639,ALB,SRB,8501
2020316,6,201,1704,2009,0.0,6865.0,0.351025,-0.699817,ANT,SRB,8501
2020317,7,201,1704,2009,0.0,566772.0,0.070059,-0.619075,ARE,SRB,8501
2020318,15,201,1704,2009,1678466.0,2883703.0,1.651325,-0.020794,AUT,SRB,8501
2020319,18,201,1704,2009,54842.0,0.0,1.272011,1.074548,BEL,SRB,8501
2020320,23,201,1704,2009,199237.0,177028.0,0.373594,1.571413,BGR,SRB,8501
2020321,24,201,1704,2009,0.0,57128.0,0.250645,-0.767742,BHR,SRB,8501
2020322,26,201,1704,2009,490294.0,1379152.0,0.519113,0.762582,BIH,SRB,8501
2020323,32,201,1704,2009,18038.0,0.0,0.35447199999999995,0.8522360000000001,BRA,SRB,8501
2020324,39,201,1704,2009,2701.0,0.0,0.6778069999999999,1.278402,CAN,SRB,8501
2020325,41,201,1704,2009,178849.0,16402.0,2.124438,0.484861,CHE,SRB,8501
2020326,42,201,1704,2009,0.0,1068492.0,-0.219521,-0.34239,CHL,SRB,8501
2020327,43,201,1704,2009,413401.0,37334.0,0.898623,2.08703,CHN,SRB,8501
2020328,44,201,1704,2009,0.0,17781.0,-0.924681,-0.801371,CIV,SRB,8501
2020329,59,201,1704,2009,439351.0,715476.0,1.6323159999999999,0.47257200000000005,CZE,SRB,8501
2020330,61,201,1704,2009,2053323.0,86299614.0,2.056515,-3.034837,DEU,SRB,8501
2020331,64,201,1704,2009,11342.0,12828.0,1.242327,1.064709,DNK,SRB,8501
2020332,66,201,1704,2009,0.0,10097.0,-1.161786,-1.188669,DZA,SRB,8501
2020333,68,201,1704,2009,3218.0,283145.0,-0.20940300000000003,1.6466290000000001,EGY,SRB,8501
2020334,71,201,1704,2009,40941.0,147093.0,0.9021020000000001,2.170578,ESP,SRB,8501
2020335,74,201,1704,2009,20555.0,17141.0,1.8206849999999999,0.797421,FIN,SRB,8501
2020336,77,201,1704,2009,140751.0,351919.0,1.540346,0.090377,FRA,SRB,8501
2020337,80,201,1704,2009,0.0,16980.0,-1.197711,-1.147469,GAB,SRB,8501
2020338,81,201,1704,2009,134817.0,652427.0,1.7921779999999998,0.41211499999999995,GBR,SRB,8501
2020339,89,201,1704,2009,0.0,1675.0,-1.426661,-0.9459870000000001,GNQ,SRB,8501
2020340,90,201,1704,2009,308473.0,222557.0,0.2196,1.63301,GRC,SRB,8501
2020341,97,201,1704,2009,3248.0,0.0,0.654964,1.98672,HKG,SRB,8501
2020342,100,201,1704,2009,226191.0,809922.0,0.740174,1.005258,HRV,SRB,8501
2020343,102,201,1704,2009,562587.0,304815.0,1.397765,0.772375,HUN,SRB,8501
2020344,104,201,1704,2009,297.0,0.0,0.209867,2.254003,IND,SRB,8501
2020345,107,201,1704,2009,0.0,90705.0,-1.185702,-1.1049360000000001,IRN,SRB,8501
2020346,111,201,1704,2009,1778328.0,1364957.0,1.289,0.64549,ITA,SRB,8501
2020347,114,201,1704,2009,19449.0,0.0,2.306791,-0.251712,JPN,SRB,8501
2020348,115,201,1704,2009,0.0,66352.0,-0.6547970000000001,-0.772256,KAZ,SRB,8501
2020349,121,201,1704,2009,13189.0,0.0,1.509336,0.784515,KOR,SRB,8501
2020350,126,201,1704,2009,0.0,12422.0,-1.196032,-1.1829,LBY,SRB,8501
2020351,131,201,1704,2009,2893.0,0.0,1.323336,1.026341,LUX,SRB,8501
2020352,138,201,1704,2009,2835.0,0.0,1.061625,0.719234,MEX,SRB,8501
2020353,140,201,1704,2009,164806.0,699774.0,-0.14890499999999998,0.405505,MKD,SRB,8501
2020354,144,201,1704,2009,21099.0,275696.0,0.19963499999999998,-0.073107,MNE,SRB,8501
2020355,153,201,1704,2009,3590.0,0.0,0.8718229999999999,0.607429,MYS,SRB,8501
2020356,162,201,1704,2009,210163.0,77118.0,1.1914850000000001,1.3076780000000001,NLD,SRB,8501
2020357,163,201,1704,2009,7531.0,112607.0,0.865455,0.082808,NOR,SRB,8501
2020358,177,201,1704,2009,43277.0,290428.0,1.11055,1.069074,POL,SRB,8501
2020359,178,201,1704,2009,3894.0,0.0,0.608089,0.709831,PRK,SRB,8501
2020360,185,201,1704,2009,57765.0,2926.0,0.833802,1.024418,ROU,SRB,8501
2020361,186,201,1704,2009,2516624.0,1286899.0,0.392478,-0.20038399999999998,RUS,SRB,8501
2020362,206,201,1704,2009,106866.0,0.0,1.231382,0.820968,SVK,SRB,8501
2020363,207,201,1704,2009,590051.0,679276.0,1.548036,0.730396,SVN,SRB,8501
2020364,208,201,1704,2009,145138.0,14638.0,1.877821,0.336565,SWE,SRB,8501
2020365,209,201,1704,2009,28955.0,0.0,0.6420859999999999,0.060127999999999994,SWZ,SRB,8501
2020366,212,201,1704,2009,0.0,234753.0,-0.48481199999999997,1.464509,SYR,SRB,8501
2020367,216,201,1704,2009,502.0,0.0,0.79692,1.315501,THA,SRB,8501
2020368,224,201,1704,2009,240665.0,21008.0,0.384596,2.3797610000000002,TUR,SRB,8501
2020369,228,201,1704,2009,13627.0,19051.0,0.602688,0.830247,UKR,SRB,8501
2020370,231,201,1704,2009,96753.0,305008.0,1.657663,-0.41411400000000004,USA,SRB,8501
2020371,237,201,1704,2009,0.0,8713.0,0.903839,0.093044,VGB,SRB,8501
2020372,239,201,1704,2009,321.0,0.0,-0.27396,1.131199,VNM,SRB,8501
2020373,249,201,1704,2009,203227.0,0.0,1.5763120000000002,0.9567950000000001,TWN,SRB,8501
2020374,8,206,1704,2009,0.0,3431.0,0.27637,0.611129,ARG,SVK,8501
2020375,10,206,1704,2009,61553.0,0.0,0.989991,0.109608,ASM,SVK,8501
2020376,14,206,1704,2009,1701.0,28577.0,-0.109286,0.13586900000000002,AUS,SVK,8501
2020377,15,206,1704,2009,25008313.0,669171.0,1.651325,-0.020794,AUT,SVK,8501
2020378,18,206,1704,2009,110874.0,24522.0,1.272011,1.074548,BEL,SVK,8501
2020379,23,206,1704,2009,100275.0,25172.0,0.373594,1.571413,BGR,SVK,8501
2020380,24,206,1704,2009,0.0,2707.0,0.250645,-0.767742,BHR,SVK,8501
2020381,28,206,1704,2009,0.0,1166910.0,0.977663,0.549549,BLR,SVK,8501
2020382,32,206,1704,2009,1901.0,25385.0,0.35447199999999995,0.8522360000000001,BRA,SVK,8501
2020383,39,206,1704,2009,29803.0,53551.0,0.6778069999999999,1.278402,CAN,SVK,8501
2020384,41,206,1704,2009,1836998.0,1603061.0,2.124438,0.484861,CHE,SVK,8501
2020385,43,206,1704,2009,5840660.0,93251.0,0.898623,2.08703,CHN,SVK,8501
2020386,49,206,1704,2009,0.0,5912.0,0.263416,0.38947,COL,SVK,8501
2020387,59,206,1704,2009,20272575.0,2386949.0,1.6323159999999999,0.47257200000000005,CZE,SVK,8501
2020388,61,206,1704,2009,36911460.0,101638510.0,2.056515,-3.034837,DEU,SVK,8501
2020389,64,206,1704,2009,1703522.0,10720985.0,1.242327,1.064709,DNK,SVK,8501
2020390,66,206,1704,2009,0.0,11134.0,-1.161786,-1.188669,DZA,SVK,8501
2020391,68,206,1704,2009,0.0,664320.0,-0.20940300000000003,1.6466290000000001,EGY,SVK,8501
2020392,71,206,1704,2009,4391645.0,32896789.0,0.9021020000000001,2.170578,ESP,SVK,8501
2020393,72,206,1704,2009,851.0,0.0,0.749058,1.269572,EST,SVK,8501
2020394,73,206,1704,2009,0.0,28755.0,-0.967483,-0.8219,ETH,SVK,8501
2020395,74,206,1704,2009,131941.0,2356030.0,1.8206849999999999,0.797421,FIN,SVK,8501
2020396,77,206,1704,2009,11492560.0,207021.0,1.540346,0.090377,FRA,SVK,8501
2020397,81,206,1704,2009,180985.0,2140149.0,1.7921779999999998,0.41211499999999995,GBR,SVK,8501
2020398,90,206,1704,2009,2804.0,0.0,0.2196,1.63301,GRC,SVK,8501
2020399,97,206,1704,2009,1525258.0,4468.0,0.654964,1.98672,HKG,SVK,8501
2020400,100,206,1704,2009,6425.0,21591.0,0.740174,1.005258,HRV,SVK,8501
2020401,101,206,1704,2009,0.0,3068.0,-1.406148,-1.108465,HTI,SVK,8501
2020402,102,206,1704,2009,4663479.0,501164.0,1.397765,0.772375,HUN,SVK,8501
2020403,103,206,1704,2009,61390.0,0.0,-0.253835,1.260101,IDN,SVK,8501
2020404,104,206,1704,2009,6223.0,4422.0,0.209867,2.254003,IND,SVK,8501
2020405,107,206,1704,2009,0.0,2323.0,-1.185702,-1.1049360000000001,IRN,SVK,8501
2020406,109,206,1704,2009,5304.0,0.0,0.21713200000000002,-0.371812,ISL,SVK,8501
2020407,110,206,1704,2009,0.0,4347.0,1.226438,0.816299,ISR,SVK,8501
2020408,111,206,1704,2009,10009913.0,28837881.0,1.289,0.64549,ITA,SVK,8501
2020409,114,206,1704,2009,92904.0,20226.0,2.306791,-0.251712,JPN,SVK,8501
2020410,115,206,1704,2009,0.0,2688.0,-0.6547970000000001,-0.772256,KAZ,SVK,8501
2020411,121,206,1704,2009,4605790.0,74142.0,1.509336,0.784515,KOR,SVK,8501
2020412,124,206,1704,2009,0.0,1981.0,0.48618599999999995,1.4748620000000001,LBN,SVK,8501
2020413,130,206,1704,2009,0.0,11586.0,0.647736,1.150962,LTU,SVK,8501
2020414,131,206,1704,2009,15689.0,0.0,1.323336,1.026341,LUX,SVK,8501
2020415,132,206,1704,2009,0.0,1658.0,0.675643,0.99977,LVA,SVK,8501
2020416,134,206,1704,2009,0.0,4592.0,-0.48819300000000004,0.173952,MAR,SVK,8501
2020417,135,206,1704,2009,0.0,1072.0,0.009281999999999999,-0.039299,MDA,SVK,8501
2020418,138,206,1704,2009,52489.0,81772.0,1.061625,0.719234,MEX,SVK,8501
2020419,140,206,1704,2009,0.0,1626.0,-0.14890499999999998,0.405505,MKD,SVK,8501
2020420,144,206,1704,2009,0.0,4912.0,0.19963499999999998,-0.073107,MNE,SVK,8501
2020421,153,206,1704,2009,16470.0,11804.0,0.8718229999999999,0.607429,MYS,SVK,8501
2020422,160,206,1704,2009,0.0,1430.0,-0.924057,-0.809557,NIC,SVK,8501
2020423,162,206,1704,2009,795626.0,2540923.0,1.1914850000000001,1.3076780000000001,NLD,SVK,8501
2020424,163,206,1704,2009,13405.0,45432.0,0.865455,0.082808,NOR,SVK,8501
2020425,166,206,1704,2009,0.0,2950.0,0.38301999999999997,0.720644,NZL,SVK,8501
2020426,174,206,1704,2009,544.0,0.0,0.34318000000000004,0.095375,PHL,SVK,8501
2020427,177,206,1704,2009,2113190.0,86409012.0,1.11055,1.069074,POL,SVK,8501
2020428,179,206,1704,2009,0.0,4844.0,0.559189,2.4359919999999997,PRT,SVK,8501
2020429,181,206,1704,2009,0.0,385.0,0.119192,0.6390680000000001,PSE,SVK,8501
2020430,182,206,1704,2009,0.0,531.0,-0.440014,-0.835513,PYF,SVK,8501
2020431,185,206,1704,2009,730995.0,351122.0,0.833802,1.024418,ROU,SVK,8501
2020432,186,206,1704,2009,96172.0,1210504.0,0.392478,-0.20038399999999998,RUS,SVK,8501
2020433,188,206,1704,2009,0.0,519633.0,0.300581,-0.813199,SAU,SVK,8501
2020434,192,206,1704,2009,23511.0,0.0,1.9503540000000001,0.498033,SGP,SVK,8501
2020435,201,206,1704,2009,0.0,106866.0,0.531766,1.477837,SRB,SVK,8501
2020436,207,206,1704,2009,230784.0,1098776.0,1.548036,0.730396,SVN,SVK,8501
2020437,208,206,1704,2009,91167.0,178945.0,1.877821,0.336565,SWE,SVK,8501
2020438,212,206,1704,2009,0.0,36615.0,-0.48481199999999997,1.464509,SYR,SVK,8501
2020439,216,206,1704,2009,58580.0,2612570.0,0.79692,1.315501,THA,SVK,8501
2020440,217,206,1704,2009,0.0,6175.0,-1.0237319999999999,-1.1837950000000002,TJK,SVK,8501
2020441,224,206,1704,2009,92386.0,14726130.0,0.384596,2.3797610000000002,TUR,SVK,8501
2020442,226,206,1704,2009,0.0,1433.0,-0.822897,0.644899,TZA,SVK,8501
2020443,228,206,1704,2009,1986.0,94621.0,0.602688,0.830247,UKR,SVK,8501
2020444,231,206,1704,2009,215376.0,820104.0,1.657663,-0.41411400000000004,USA,SVK,8501
2020445,232,206,1704,2009,0.0,163600.0,-0.6115470000000001,-0.710622,UZB,SVK,8501
2020446,239,206,1704,2009,17739.0,0.0,-0.27396,1.131199,VNM,SVK,8501
2020447,246,206,1704,2009,0.0,22747.0,0.316452,1.767795,ZAF,SVK,8501
2020448,249,206,1704,2009,18957.0,2282.0,1.5763120000000002,0.9567950000000001,TWN,SVK,8501
2020449,250,206,1704,2009,34270609.0,0.0,0.582246,-0.10603,ANS,SVK,8501
2020450,2,207,1704,2009,0.0,10142.0,-0.809438,-1.190006,AGO,SVN,8501
2020451,4,207,1704,2009,0.0,43491.0,-0.41612200000000005,-0.256639,ALB,SVN,8501
2020452,7,207,1704,2009,0.0,4067.0,0.070059,-0.619075,ARE,SVN,8501
2020453,8,207,1704,2009,0.0,15838.0,0.27637,0.611129,ARG,SVN,8501
2020454,14,207,1704,2009,0.0,125621.0,-0.109286,0.13586900000000002,AUS,SVN,8501
2020455,15,207,1704,2009,9828175.0,1658435.0,1.651325,-0.020794,AUT,SVN,8501
2020456,18,207,1704,2009,87934.0,364524.0,1.272011,1.074548,BEL,SVN,8501
2020457,23,207,1704,2009,8349.0,418774.0,0.373594,1.571413,BGR,SVN,8501
2020458,26,207,1704,2009,52519.0,1835150.0,0.519113,0.762582,BIH,SVN,8501
2020459,28,207,1704,2009,0.0,39955.0,0.977663,0.549549,BLR,SVN,8501
2020460,32,207,1704,2009,53039.0,745441.0,0.35447199999999995,0.8522360000000001,BRA,SVN,8501
2020461,39,207,1704,2009,6971.0,592539.0,0.6778069999999999,1.278402,CAN,SVN,8501
2020462,41,207,1704,2009,334310.0,589477.0,2.124438,0.484861,CHE,SVN,8501
2020463,42,207,1704,2009,0.0,5695.0,-0.219521,-0.34239,CHL,SVN,8501
2020464,43,207,1704,2009,13887533.0,7522708.0,0.898623,2.08703,CHN,SVN,8501
2020465,49,207,1704,2009,0.0,10664.0,0.263416,0.38947,COL,SVN,8501
2020466,58,207,1704,2009,13334.0,0.0,0.934193,0.657555,CYP,SVN,8501
2020467,59,207,1704,2009,572500.0,256334.0,1.6323159999999999,0.47257200000000005,CZE,SVN,8501
2020468,61,207,1704,2009,6612768.0,51610282.0,2.056515,-3.034837,DEU,SVN,8501
2020469,64,207,1704,2009,147514.0,719290.0,1.242327,1.064709,DNK,SVN,8501
2020470,68,207,1704,2009,0.0,66397.0,-0.20940300000000003,1.6466290000000001,EGY,SVN,8501
2020471,71,207,1704,2009,30844.0,708863.0,0.9021020000000001,2.170578,ESP,SVN,8501
2020472,74,207,1704,2009,97048.0,100641.0,1.8206849999999999,0.797421,FIN,SVN,8501
2020473,77,207,1704,2009,7955144.0,5052573.0,1.540346,0.090377,FRA,SVN,8501
2020474,81,207,1704,2009,171806.0,6888417.0,1.7921779999999998,0.41211499999999995,GBR,SVN,8501
2020475,90,207,1704,2009,0.0,9119.0,0.2196,1.63301,GRC,SVN,8501
2020476,97,207,1704,2009,172616.0,1483148.0,0.654964,1.98672,HKG,SVN,8501
2020477,100,207,1704,2009,5246093.0,1655412.0,0.740174,1.005258,HRV,SVN,8501
2020478,102,207,1704,2009,447383.0,3404445.0,1.397765,0.772375,HUN,SVN,8501
2020479,103,207,1704,2009,699.0,12777.0,-0.253835,1.260101,IDN,SVN,8501
2020480,104,207,1704,2009,33365.0,44990.0,0.209867,2.254003,IND,SVN,8501
2020481,106,207,1704,2009,0.0,258313.0,1.627233,0.020024,IRL,SVN,8501
2020482,107,207,1704,2009,0.0,373257.0,-1.185702,-1.1049360000000001,IRN,SVN,8501
2020483,109,207,1704,2009,0.0,28672.0,0.21713200000000002,-0.371812,ISL,SVN,8501
2020484,110,207,1704,2009,5700.0,138150.0,1.226438,0.816299,ISR,SVN,8501
2020485,111,207,1704,2009,9488344.0,8983706.0,1.289,0.64549,ITA,SVN,8501
2020486,113,207,1704,2009,0.0,1024.0,0.21374899999999997,0.423774,JOR,SVN,8501
2020487,114,207,1704,2009,109714.0,315275.0,2.306791,-0.251712,JPN,SVN,8501
2020488,115,207,1704,2009,0.0,6262.0,-0.6547970000000001,-0.772256,KAZ,SVN,8501
2020489,121,207,1704,2009,57843.0,60177.0,1.509336,0.784515,KOR,SVN,8501
2020490,128,207,1704,2009,0.0,364359.0,-0.653836,0.174403,LKA,SVN,8501
2020491,130,207,1704,2009,0.0,3952.0,0.647736,1.150962,LTU,SVN,8501
2020492,131,207,1704,2009,18760.0,146886.0,1.323336,1.026341,LUX,SVN,8501
2020493,132,207,1704,2009,0.0,4006.0,0.675643,0.99977,LVA,SVN,8501
2020494,133,207,1704,2009,1730236.0,0.0,0.450395,0.6237739999999999,MAC,SVN,8501
2020495,134,207,1704,2009,0.0,2523.0,-0.48819300000000004,0.173952,MAR,SVN,8501
2020496,135,207,1704,2009,0.0,6569.0,0.009281999999999999,-0.039299,MDA,SVN,8501
2020497,138,207,1704,2009,6389.0,135795.0,1.061625,0.719234,MEX,SVN,8501
2020498,140,207,1704,2009,0.0,371322.0,-0.14890499999999998,0.405505,MKD,SVN,8501
2020499,142,207,1704,2009,0.0,546.0,1.233965,-0.016763,MLT,SVN,8501
2020500,144,207,1704,2009,0.0,52789.0,0.19963499999999998,-0.073107,MNE,SVN,8501
2020501,153,207,1704,2009,3989.0,133904.0,0.8718229999999999,0.607429,MYS,SVN,8501
2020502,155,207,1704,2009,9769.0,0.0,-0.081207,-0.075292,NAM,SVN,8501
2020503,159,207,1704,2009,0.0,14625.0,-1.584051,-1.156247,NGA,SVN,8501
2020504,162,207,1704,2009,374622.0,1846417.0,1.1914850000000001,1.3076780000000001,NLD,SVN,8501
2020505,163,207,1704,2009,2429.0,183445.0,0.865455,0.082808,NOR,SVN,8501
2020506,166,207,1704,2009,0.0,6127.0,0.38301999999999997,0.720644,NZL,SVN,8501
2020507,173,207,1704,2009,0.0,10035.0,-0.53304,0.221183,PER,SVN,8501
2020508,177,207,1704,2009,195971.0,14279808.0,1.11055,1.069074,POL,SVN,8501
2020509,179,207,1704,2009,0.0,332758.0,0.559189,2.4359919999999997,PRT,SVN,8501
2020510,183,207,1704,2009,0.0,1234.0,-0.484947,-1.07179,QAT,SVN,8501
2020511,185,207,1704,2009,26495.0,1083085.0,0.833802,1.024418,ROU,SVN,8501
2020512,186,207,1704,2009,0.0,1828345.0,0.392478,-0.20038399999999998,RUS,SVN,8501
2020513,188,207,1704,2009,0.0,2525.0,0.300581,-0.813199,SAU,SVN,8501
2020514,192,207,1704,2009,870.0,51298.0,1.9503540000000001,0.498033,SGP,SVN,8501
2020515,201,207,1704,2009,679276.0,590051.0,0.531766,1.477837,SRB,SVN,8501
2020516,206,207,1704,2009,1098776.0,230784.0,1.231382,0.820968,SVK,SVN,8501
2020517,208,207,1704,2009,155373.0,2581289.0,1.877821,0.336565,SWE,SVN,8501
2020518,212,207,1704,2009,0.0,77266.0,-0.48481199999999997,1.464509,SYR,SVN,8501
2020519,216,207,1704,2009,164534.0,5446.0,0.79692,1.315501,THA,SVN,8501
2020520,223,207,1704,2009,0.0,31960.0,0.044903,0.9126120000000001,TUN,SVN,8501
2020521,224,207,1704,2009,88706.0,4193444.0,0.384596,2.3797610000000002,TUR,SVN,8501
2020522,227,207,1704,2009,0.0,878298.0,-0.573707,-0.036203,UGA,SVN,8501
2020523,228,207,1704,2009,0.0,295193.0,0.602688,0.830247,UKR,SVN,8501
2020524,231,207,1704,2009,628324.0,10176302.0,1.657663,-0.41411400000000004,USA,SVN,8501
2020525,239,207,1704,2009,226032.0,764.0,-0.27396,1.131199,VNM,SVN,8501
2020526,246,207,1704,2009,0.0,230014.0,0.316452,1.767795,ZAF,SVN,8501
2020527,249,207,1704,2009,56657.0,144870.0,1.5763120000000002,0.9567950000000001,TWN,SVN,8501
2020528,250,207,1704,2009,1310172.0,0.0,0.582246,-0.10603,ANS,SVN,8501
2020529,2,209,1704,2009,0.0,46717.0,-0.809438,-1.190006,AGO,SWZ,8501
2020530,7,209,1704,2009,9705.0,0.0,0.070059,-0.619075,ARE,SWZ,8501
2020531,39,209,1704,2009,0.0,4042.0,0.6778069999999999,1.278402,CAN,SWZ,8501
2020532,43,209,1704,2009,0.0,1029.0,0.898623,2.08703,CHN,SWZ,8501
2020533,61,209,1704,2009,3465.0,0.0,2.056515,-3.034837,DEU,SWZ,8501
2020534,65,209,1704,2009,0.0,1657.0,-0.317894,0.198926,DOM,SWZ,8501
2020535,73,209,1704,2009,0.0,8717.0,-0.967483,-0.8219,ETH,SWZ,8501
2020536,81,209,1704,2009,0.0,1651.0,1.7921779999999998,0.41211499999999995,GBR,SWZ,8501
2020537,97,209,1704,2009,463097.0,0.0,0.654964,1.98672,HKG,SWZ,8501
2020538,104,209,1704,2009,274276.0,473141.0,0.209867,2.254003,IND,SWZ,8501
2020539,110,209,1704,2009,4399.0,0.0,1.226438,0.816299,ISR,SWZ,8501
2020540,121,209,1704,2009,48079.0,1016.0,1.509336,0.784515,KOR,SWZ,8501
2020541,138,209,1704,2009,0.0,84926.0,1.061625,0.719234,MEX,SWZ,8501
2020542,147,209,1704,2009,0.0,37899.0,-1.0023090000000001,-0.844765,MOZ,SWZ,8501
2020543,153,209,1704,2009,0.0,8289.0,0.8718229999999999,0.607429,MYS,SWZ,8501
2020544,168,209,1704,2009,0.0,6900.0,-0.514907,0.44733100000000003,PAK,SWZ,8501
2020545,190,209,1704,2009,0.0,219020.0,-2.2948020000000002,-1.3182040000000002,SDN,SWZ,8501
2020546,201,209,1704,2009,0.0,28955.0,0.531766,1.477837,SRB,SWZ,8501
2020547,222,209,1704,2009,0.0,5330.0,-0.508195,-1.097365,TTO,SWZ,8501
2020548,231,209,1704,2009,53643.0,5341.0,1.657663,-0.41411400000000004,USA,SWZ,8501
2020549,246,209,1704,2009,1412161.0,7630.0,0.316452,1.767795,ZAF,SWZ,8501
2020550,15,217,1704,2009,21863.0,0.0,1.651325,-0.020794,AUT,TJK,8501
2020551,28,217,1704,2009,1601.0,0.0,0.977663,0.549549,BLR,TJK,8501
2020552,43,217,1704,2009,739850.0,0.0,0.898623,2.08703,CHN,TJK,8501
2020553,61,217,1704,2009,68785.0,0.0,2.056515,-3.034837,DEU,TJK,8501
2020554,66,217,1704,2009,0.0,1971.0,-1.161786,-1.188669,DZA,TJK,8501
2020555,81,217,1704,2009,14387.0,0.0,1.7921779999999998,0.41211499999999995,GBR,TJK,8501
2020556,111,217,1704,2009,29156.0,0.0,1.289,0.64549,ITA,TJK,8501
2020557,114,217,1704,2009,18986.0,0.0,2.306791,-0.251712,JPN,TJK,8501
2020558,115,217,1704,2009,6327.0,0.0,-0.6547970000000001,-0.772256,KAZ,TJK,8501
2020559,117,217,1704,2009,303636.0,0.0,-0.251815,0.144822,KGZ,TJK,8501
2020560,132,217,1704,2009,1507.0,0.0,0.675643,0.99977,LVA,TJK,8501
2020561,168,217,1704,2009,0.0,1111.0,-0.514907,0.44733100000000003,PAK,TJK,8501
2020562,177,217,1704,2009,5786.0,0.0,1.11055,1.069074,POL,TJK,8501
2020563,186,217,1704,2009,1399070.0,0.0,0.392478,-0.20038399999999998,RUS,TJK,8501
2020564,206,217,1704,2009,6175.0,0.0,1.231382,0.820968,SVK,TJK,8501
2020565,224,217,1704,2009,21730.0,0.0,0.384596,2.3797610000000002,TUR,TJK,8501
2020566,228,217,1704,2009,179639.0,0.0,0.602688,0.830247,UKR,TJK,8501
2020567,15,219,1704,2009,13323730.0,0.0,1.651325,-0.020794,AUT,TKM,8501
2020568,18,219,1704,2009,1025758.0,0.0,1.272011,1.074548,BEL,TKM,8501
2020569,28,219,1704,2009,121029.0,0.0,0.977663,0.549549,BLR,TKM,8501
2020570,41,219,1704,2009,4874.0,0.0,2.124438,0.484861,CHE,TKM,8501
2020571,43,219,1704,2009,931483.0,0.0,0.898623,2.08703,CHN,TKM,8501
2020572,61,219,1704,2009,243590.0,0.0,2.056515,-3.034837,DEU,TKM,8501
2020573,74,219,1704,2009,40944.0,0.0,1.8206849999999999,0.797421,FIN,TKM,8501
2020574,77,219,1704,2009,775244.0,0.0,1.540346,0.090377,FRA,TKM,8501
2020575,81,219,1704,2009,96714.0,0.0,1.7921779999999998,0.41211499999999995,GBR,TKM,8501
2020576,111,219,1704,2009,90592.0,0.0,1.289,0.64549,ITA,TKM,8501
2020577,114,219,1704,2009,24560.0,0.0,2.306791,-0.251712,JPN,TKM,8501
2020578,115,219,1704,2009,11974.0,0.0,-0.6547970000000001,-0.772256,KAZ,TKM,8501
2020579,186,219,1704,2009,1172059.0,0.0,0.392478,-0.20038399999999998,RUS,TKM,8501
2020580,224,219,1704,2009,2336164.0,42578.0,0.384596,2.3797610000000002,TUR,TKM,8501
2020581,228,219,1704,2009,428177.0,0.0,0.602688,0.830247,UKR,TKM,8501
2020582,231,219,1704,2009,37549.0,0.0,1.657663,-0.41411400000000004,USA,TKM,8501
2020583,8,223,1704,2009,0.0,8537.0,0.27637,0.611129,ARG,TUN,8501
2020584,14,223,1704,2009,0.0,139051.0,-0.109286,0.13586900000000002,AUS,TUN,8501
2020585,15,223,1704,2009,23991.0,0.0,1.651325,-0.020794,AUT,TUN,8501
2020586,18,223,1704,2009,283399.0,12175497.0,1.272011,1.074548,BEL,TUN,8501
2020587,21,223,1704,2009,0.0,932.0,-1.283807,-1.061272,BFA,TUN,8501
2020588,32,223,1704,2009,215104.0,0.0,0.35447199999999995,0.8522360000000001,BRA,TUN,8501
2020589,39,223,1704,2009,55616.0,0.0,0.6778069999999999,1.278402,CAN,TUN,8501
2020590,41,223,1704,2009,191350.0,0.0,2.124438,0.484861,CHE,TUN,8501
2020591,42,223,1704,2009,0.0,5239.0,-0.219521,-0.34239,CHL,TUN,8501
2020592,43,223,1704,2009,1676133.0,0.0,0.898623,2.08703,CHN,TUN,8501
2020593,58,223,1704,2009,14893.0,0.0,0.934193,0.657555,CYP,TUN,8501
2020594,59,223,1704,2009,193569.0,0.0,1.6323159999999999,0.47257200000000005,CZE,TUN,8501
2020595,61,223,1704,2009,3415142.0,38078757.0,2.056515,-3.034837,DEU,TUN,8501
2020596,64,223,1704,2009,10450.0,93885.0,1.242327,1.064709,DNK,TUN,8501
2020597,66,223,1704,2009,0.0,98742.0,-1.161786,-1.188669,DZA,TUN,8501
2020598,68,223,1704,2009,197713.0,0.0,-0.20940300000000003,1.6466290000000001,EGY,TUN,8501
2020599,71,223,1704,2009,6160246.0,18948.0,0.9021020000000001,2.170578,ESP,TUN,8501
2020600,73,223,1704,2009,0.0,15050.0,-0.967483,-0.8219,ETH,TUN,8501
2020601,74,223,1704,2009,533279.0,0.0,1.8206849999999999,0.797421,FIN,TUN,8501
2020602,77,223,1704,2009,19603246.0,65418194.0,1.540346,0.090377,FRA,TUN,8501
2020603,80,223,1704,2009,0.0,4038.0,-1.197711,-1.147469,GAB,TUN,8501
2020604,81,223,1704,2009,219503.0,49078.0,1.7921779999999998,0.41211499999999995,GBR,TUN,8501
2020605,89,223,1704,2009,0.0,8833.0,-1.426661,-0.9459870000000001,GNQ,TUN,8501
2020606,90,223,1704,2009,0.0,535337.0,0.2196,1.63301,GRC,TUN,8501
2020607,97,223,1704,2009,15669.0,0.0,0.654964,1.98672,HKG,TUN,8501
2020608,102,223,1704,2009,2250994.0,0.0,1.397765,0.772375,HUN,TUN,8501
2020609,103,223,1704,2009,480497.0,0.0,-0.253835,1.260101,IDN,TUN,8501
2020610,104,223,1704,2009,41820.0,0.0,0.209867,2.254003,IND,TUN,8501
2020611,111,223,1704,2009,6902512.0,7581256.0,1.289,0.64549,ITA,TUN,8501
2020612,114,223,1704,2009,78416.0,29061.0,2.306791,-0.251712,JPN,TUN,8501
2020613,121,223,1704,2009,250227.0,85882.0,1.509336,0.784515,KOR,TUN,8501
2020614,126,223,1704,2009,0.0,253414.0,-1.196032,-1.1829,LBY,TUN,8501
2020615,130,223,1704,2009,2308.0,0.0,0.647736,1.150962,LTU,TUN,8501
2020616,131,223,1704,2009,36430.0,8638.0,1.323336,1.026341,LUX,TUN,8501
2020617,134,223,1704,2009,22825.0,0.0,-0.48819300000000004,0.173952,MAR,TUN,8501
2020618,138,223,1704,2009,796.0,0.0,1.061625,0.719234,MEX,TUN,8501
2020619,147,223,1704,2009,162253.0,97248.0,-1.0023090000000001,-0.844765,MOZ,TUN,8501
2020620,162,223,1704,2009,96559.0,382555.0,1.1914850000000001,1.3076780000000001,NLD,TUN,8501
2020621,163,223,1704,2009,15032.0,0.0,0.865455,0.082808,NOR,TUN,8501
2020622,177,223,1704,2009,9184.0,0.0,1.11055,1.069074,POL,TUN,8501
2020623,179,223,1704,2009,175586.0,23327.0,0.559189,2.4359919999999997,PRT,TUN,8501
2020624,185,223,1704,2009,214991.0,0.0,0.833802,1.024418,ROU,TUN,8501
2020625,188,223,1704,2009,1581.0,0.0,0.300581,-0.813199,SAU,TUN,8501
2020626,192,223,1704,2009,1112467.0,11401.0,1.9503540000000001,0.498033,SGP,TUN,8501
2020627,207,223,1704,2009,31960.0,0.0,1.548036,0.730396,SVN,TUN,8501
2020628,208,223,1704,2009,607121.0,2195.0,1.877821,0.336565,SWE,TUN,8501
2020629,216,223,1704,2009,159050.0,0.0,0.79692,1.315501,THA,TUN,8501
2020630,224,223,1704,2009,153277.0,4347.0,0.384596,2.3797610000000002,TUR,TUN,8501
2020631,231,223,1704,2009,3284563.0,2010554.0,1.657663,-0.41411400000000004,USA,TUN,8501
2020632,246,223,1704,2009,0.0,1741.0,0.316452,1.767795,ZAF,TUN,8501
2020633,249,223,1704,2009,96143.0,0.0,1.5763120000000002,0.9567950000000001,TWN,TUN,8501
2020634,250,223,1704,2009,365464.0,156855.0,0.582246,-0.10603,ANS,TUN,8501
2020635,7,226,1704,2009,224969.0,58959.0,0.070059,-0.619075,ARE,TZA,8501
2020636,14,226,1704,2009,153216.0,0.0,-0.109286,0.13586900000000002,AUS,TZA,8501
2020637,17,226,1704,2009,0.0,3444.0,-0.43971099999999996,-0.575079,BDI,TZA,8501
2020638,18,226,1704,2009,267697.0,0.0,1.272011,1.074548,BEL,TZA,8501
2020639,32,226,1704,2009,1018.0,0.0,0.35447199999999995,0.8522360000000001,BRA,TZA,8501
2020640,39,226,1704,2009,7800.0,0.0,0.6778069999999999,1.278402,CAN,TZA,8501
2020641,41,226,1704,2009,4028.0,0.0,2.124438,0.484861,CHE,TZA,8501
2020642,42,226,1704,2009,3488.0,0.0,-0.219521,-0.34239,CHL,TZA,8501
2020643,43,226,1704,2009,1985851.0,0.0,0.898623,2.08703,CHN,TZA,8501
2020644,45,226,1704,2009,9048.0,0.0,-1.128734,-1.022546,CMR,TZA,8501
2020645,46,226,1704,2009,0.0,2129.0,-1.532165,-1.160269,COD,TZA,8501
2020646,50,226,1704,2009,0.0,8419.0,0.080831,-0.7148760000000001,COM,TZA,8501
2020647,59,226,1704,2009,615650.0,0.0,1.6323159999999999,0.47257200000000005,CZE,TZA,8501
2020648,61,226,1704,2009,1725784.0,71731.0,2.056515,-3.034837,DEU,TZA,8501
2020649,64,226,1704,2009,3567.0,0.0,1.242327,1.064709,DNK,TZA,8501
2020650,68,226,1704,2009,5410.0,0.0,-0.20940300000000003,1.6466290000000001,EGY,TZA,8501
2020651,74,226,1704,2009,50909.0,0.0,1.8206849999999999,0.797421,FIN,TZA,8501
2020652,77,226,1704,2009,65490.0,0.0,1.540346,0.090377,FRA,TZA,8501
2020653,81,226,1704,2009,224454.0,10289.0,1.7921779999999998,0.41211499999999995,GBR,TZA,8501
2020654,97,226,1704,2009,8888.0,0.0,0.654964,1.98672,HKG,TZA,8501
2020655,104,226,1704,2009,385320.0,27920.0,0.209867,2.254003,IND,TZA,8501
2020656,110,226,1704,2009,290289.0,0.0,1.226438,0.816299,ISR,TZA,8501
2020657,111,226,1704,2009,355819.0,0.0,1.289,0.64549,ITA,TZA,8501
2020658,114,226,1704,2009,113834.0,0.0,2.306791,-0.251712,JPN,TZA,8501
2020659,116,226,1704,2009,242769.0,29594.0,-0.26477399999999995,0.932587,KEN,TZA,8501
2020660,121,226,1704,2009,94643.0,0.0,1.509336,0.784515,KOR,TZA,8501
2020661,124,226,1704,2009,1846.0,0.0,0.48618599999999995,1.4748620000000001,LBN,TZA,8501
2020662,136,226,1704,2009,1445.0,0.0,-1.0356610000000002,-0.198062,MDG,TZA,8501
2020663,147,226,1704,2009,0.0,7054.0,-1.0023090000000001,-0.844765,MOZ,TZA,8501
2020664,151,226,1704,2009,1874.0,0.0,-0.198194,0.067014,MUS,TZA,8501
2020665,152,226,1704,2009,0.0,16136.0,-1.571672,-1.244864,MWI,TZA,8501
2020666,153,226,1704,2009,8388.0,0.0,0.8718229999999999,0.607429,MYS,TZA,8501
2020667,155,226,1704,2009,2579.0,0.0,-0.081207,-0.075292,NAM,TZA,8501
2020668,159,226,1704,2009,30233.0,0.0,-1.584051,-1.156247,NGA,TZA,8501
2020669,162,226,1704,2009,11375.0,0.0,1.1914850000000001,1.3076780000000001,NLD,TZA,8501
2020670,163,226,1704,2009,361024.0,188451.0,0.865455,0.082808,NOR,TZA,8501
2020671,167,226,1704,2009,6785.0,0.0,-0.691918,-1.015434,OMN,TZA,8501
2020672,168,226,1704,2009,6709.0,0.0,-0.514907,0.44733100000000003,PAK,TZA,8501
2020673,187,226,1704,2009,10588.0,662.0,-0.31001599999999996,-0.5382170000000001,RWA,TZA,8501
2020674,188,226,1704,2009,4323.0,0.0,0.300581,-0.813199,SAU,TZA,8501
2020675,192,226,1704,2009,295351.0,0.0,1.9503540000000001,0.498033,SGP,TZA,8501
2020676,206,226,1704,2009,1433.0,0.0,1.231382,0.820968,SVK,TZA,8501
2020677,208,226,1704,2009,26585.0,0.0,1.877821,0.336565,SWE,TZA,8501
2020678,216,226,1704,2009,19474.0,0.0,0.79692,1.315501,THA,TZA,8501
2020679,224,226,1704,2009,115176.0,0.0,0.384596,2.3797610000000002,TUR,TZA,8501
2020680,227,226,1704,2009,18123.0,18779.0,-0.573707,-0.036203,UGA,TZA,8501
2020681,231,226,1704,2009,35177.0,0.0,1.657663,-0.41411400000000004,USA,TZA,8501
2020682,246,226,1704,2009,1469348.0,9781.0,0.316452,1.767795,ZAF,TZA,8501
2020683,247,226,1704,2009,0.0,12160.0,-0.6423909999999999,-0.815315,ZMB,TZA,8501
2020684,249,226,1704,2009,8374.0,0.0,1.5763120000000002,0.9567950000000001,TWN,TZA,8501
2020685,9,232,1704,2009,7955.0,0.0,0.24424899999999997,-0.30152399999999996,ARM,UZB,8501
2020686,15,232,1704,2009,9589.0,0.0,1.651325,-0.020794,AUT,UZB,8501
2020687,18,232,1704,2009,3435.0,0.0,1.272011,1.074548,BEL,UZB,8501
2020688,28,232,1704,2009,180132.0,0.0,0.977663,0.549549,BLR,UZB,8501
2020689,41,232,1704,2009,236901.0,0.0,2.124438,0.484861,CHE,UZB,8501
2020690,43,232,1704,2009,7248144.0,21777.0,0.898623,2.08703,CHN,UZB,8501
2020691,59,232,1704,2009,20000.0,0.0,1.6323159999999999,0.47257200000000005,CZE,UZB,8501
2020692,61,232,1704,2009,1317871.0,409555.0,2.056515,-3.034837,DEU,UZB,8501
2020693,72,232,1704,2009,1412855.0,0.0,0.749058,1.269572,EST,UZB,8501
2020694,77,232,1704,2009,0.0,16533.0,1.540346,0.090377,FRA,UZB,8501
2020695,81,232,1704,2009,44586.0,0.0,1.7921779999999998,0.41211499999999995,GBR,UZB,8501
2020696,104,232,1704,2009,34135.0,0.0,0.209867,2.254003,IND,UZB,8501
2020697,110,232,1704,2009,1000.0,0.0,1.226438,0.816299,ISR,UZB,8501
2020698,111,232,1704,2009,85770.0,0.0,1.289,0.64549,ITA,UZB,8501
2020699,114,232,1704,2009,12971.0,0.0,2.306791,-0.251712,JPN,UZB,8501
2020700,115,232,1704,2009,92120.0,0.0,-0.6547970000000001,-0.772256,KAZ,UZB,8501
2020701,117,232,1704,2009,0.0,1500.0,-0.251815,0.144822,KGZ,UZB,8501
2020702,121,232,1704,2009,69426.0,0.0,1.509336,0.784515,KOR,UZB,8501
2020703,132,232,1704,2009,20699.0,0.0,0.675643,0.99977,LVA,UZB,8501
2020704,162,232,1704,2009,23720.0,0.0,1.1914850000000001,1.3076780000000001,NLD,UZB,8501
2020705,177,232,1704,2009,5697.0,0.0,1.11055,1.069074,POL,UZB,8501
2020706,186,232,1704,2009,18543780.0,0.0,0.392478,-0.20038399999999998,RUS,UZB,8501
2020707,206,232,1704,2009,163600.0,0.0,1.231382,0.820968,SVK,UZB,8501
2020708,224,232,1704,2009,215987.0,0.0,0.384596,2.3797610000000002,TUR,UZB,8501
2020709,228,232,1704,2009,136663.0,0.0,0.602688,0.830247,UKR,UZB,8501
2020710,231,232,1704,2009,5193.0,0.0,1.657663,-0.41411400000000004,USA,UZB,8501
2020711,249,232,1704,2009,1063.0,0.0,1.5763120000000002,0.9567950000000001,TWN,UZB,8501
2020712,2,239,1704,2009,0.0,38805.0,-0.809438,-1.190006,AGO,VNM,8501
2020713,7,239,1704,2009,188491.0,0.0,0.070059,-0.619075,ARE,VNM,8501
2020714,8,239,1704,2009,106572.0,13874.0,0.27637,0.611129,ARG,VNM,8501
2020715,14,239,1704,2009,226635.0,1142364.0,-0.109286,0.13586900000000002,AUS,VNM,8501
2020716,15,239,1704,2009,53333.0,3681614.0,1.651325,-0.020794,AUT,VNM,8501
2020717,18,239,1704,2009,53041.0,12703.0,1.272011,1.074548,BEL,VNM,8501
2020718,21,239,1704,2009,0.0,2527.0,-1.283807,-1.061272,BFA,VNM,8501
2020719,22,239,1704,2009,0.0,158445.0,-1.030722,-0.860137,BGD,VNM,8501
2020720,23,239,1704,2009,3158.0,0.0,0.373594,1.571413,BGR,VNM,8501
2020721,32,239,1704,2009,224731.0,6343827.0,0.35447199999999995,0.8522360000000001,BRA,VNM,8501
2020722,39,239,1704,2009,215240.0,435715.0,0.6778069999999999,1.278402,CAN,VNM,8501
2020723,41,239,1704,2009,69108.0,78674.0,2.124438,0.484861,CHE,VNM,8501
2020724,42,239,1704,2009,437461.0,1296236.0,-0.219521,-0.34239,CHL,VNM,8501
2020725,43,239,1704,2009,48802791.0,95882431.0,0.898623,2.08703,CHN,VNM,8501
2020726,47,239,1704,2009,0.0,5710.0,-1.466289,-1.201249,COG,VNM,8501
2020727,49,239,1704,2009,0.0,885294.0,0.263416,0.38947,COL,VNM,8501
2020728,52,239,1704,2009,0.0,117720.0,-0.142465,-0.669277,CRI,VNM,8501
2020729,59,239,1704,2009,248714.0,583413.0,1.6323159999999999,0.47257200000000005,CZE,VNM,8501
2020730,61,239,1704,2009,7080931.0,1222635.0,2.056515,-3.034837,DEU,VNM,8501
2020731,64,239,1704,2009,19270.0,8632.0,1.242327,1.064709,DNK,VNM,8501
2020732,65,239,1704,2009,0.0,5604.0,-0.317894,0.198926,DOM,VNM,8501
2020733,68,239,1704,2009,0.0,1666792.0,-0.20940300000000003,1.6466290000000001,EGY,VNM,8501
2020734,71,239,1704,2009,39959.0,1440421.0,0.9021020000000001,2.170578,ESP,VNM,8501
2020735,74,239,1704,2009,139747.0,0.0,1.8206849999999999,0.797421,FIN,VNM,8501
2020736,77,239,1704,2009,2672989.0,1756499.0,1.540346,0.090377,FRA,VNM,8501
2020737,81,239,1704,2009,1414474.0,2939938.0,1.7921779999999998,0.41211499999999995,GBR,VNM,8501
2020738,87,239,1704,2009,0.0,4000.0,-0.573979,-0.644636,GMB,VNM,8501
2020739,90,239,1704,2009,0.0,59182.0,0.2196,1.63301,GRC,VNM,8501
2020740,93,239,1704,2009,0.0,36637.0,-0.33276999999999995,0.551257,GTM,VNM,8501
2020741,97,239,1704,2009,9453862.0,60191827.0,0.654964,1.98672,HKG,VNM,8501
2020742,99,239,1704,2009,0.0,4145.0,-0.587607,-0.189167,HND,VNM,8501
2020743,102,239,1704,2009,12095.0,4851.0,1.397765,0.772375,HUN,VNM,8501
2020744,103,239,1704,2009,1101060.0,3354190.0,-0.253835,1.260101,IDN,VNM,8501
2020745,104,239,1704,2009,1430171.0,3132763.0,0.209867,2.254003,IND,VNM,8501
2020746,110,239,1704,2009,914.0,1785.0,1.226438,0.816299,ISR,VNM,8501
2020747,111,239,1704,2009,1316570.0,1485173.0,1.289,0.64549,ITA,VNM,8501
2020748,114,239,1704,2009,9916987.0,43248869.0,2.306791,-0.251712,JPN,VNM,8501
2020749,118,239,1704,2009,2160.0,84381.0,-1.194288,-1.09924,KHM,VNM,8501
2020750,121,239,1704,2009,3671996.0,18206603.0,1.509336,0.784515,KOR,VNM,8501
2020751,123,239,1704,2009,0.0,5028.0,-1.235693,-1.0440040000000002,LAO,VNM,8501
2020752,128,239,1704,2009,0.0,142028.0,-0.653836,0.174403,LKA,VNM,8501
2020753,130,239,1704,2009,22867.0,1913.0,0.647736,1.150962,LTU,VNM,8501
2020754,131,239,1704,2009,1754.0,0.0,1.323336,1.026341,LUX,VNM,8501
2020755,132,239,1704,2009,3707.0,0.0,0.675643,0.99977,LVA,VNM,8501
2020756,138,239,1704,2009,38499.0,6983160.0,1.061625,0.719234,MEX,VNM,8501
2020757,143,239,1704,2009,384840.0,17680.0,-1.6459529999999998,-1.186635,MMR,VNM,8501
2020758,153,239,1704,2009,989162.0,12236838.0,0.8718229999999999,0.607429,MYS,VNM,8501
2020759,159,239,1704,2009,0.0,202915.0,-1.584051,-1.156247,NGA,VNM,8501
2020760,160,239,1704,2009,0.0,3900.0,-0.924057,-0.809557,NIC,VNM,8501
2020761,162,239,1704,2009,1537427.0,14447625.0,1.1914850000000001,1.3076780000000001,NLD,VNM,8501
2020762,163,239,1704,2009,111192.0,0.0,0.865455,0.082808,NOR,VNM,8501
2020763,166,239,1704,2009,0.0,3259.0,0.38301999999999997,0.720644,NZL,VNM,8501
2020764,173,239,1704,2009,0.0,8089.0,-0.53304,0.221183,PER,VNM,8501
2020765,174,239,1704,2009,274341.0,19173277.0,0.34318000000000004,0.095375,PHL,VNM,8501
2020766,177,239,1704,2009,27444.0,100027.0,1.11055,1.069074,POL,VNM,8501
2020767,179,239,1704,2009,6667.0,3791.0,0.559189,2.4359919999999997,PRT,VNM,8501
2020768,186,239,1704,2009,379915.0,12124.0,0.392478,-0.20038399999999998,RUS,VNM,8501
2020769,192,239,1704,2009,15677632.0,19900152.0,1.9503540000000001,0.498033,SGP,VNM,8501
2020770,197,239,1704,2009,0.0,2070.0,-0.19729100000000002,0.23434899999999997,SLV,VNM,8501
2020771,201,239,1704,2009,0.0,321.0,0.531766,1.477837,SRB,VNM,8501
2020772,206,239,1704,2009,0.0,17739.0,1.231382,0.820968,SVK,VNM,8501
2020773,207,239,1704,2009,764.0,226032.0,1.548036,0.730396,SVN,VNM,8501
2020774,208,239,1704,2009,171555.0,0.0,1.877821,0.336565,SWE,VNM,8501
2020775,216,239,1704,2009,8683499.0,32974116.0,0.79692,1.315501,THA,VNM,8501
2020776,222,239,1704,2009,0.0,743.0,-0.508195,-1.097365,TTO,VNM,8501
2020777,224,239,1704,2009,43037.0,2091115.0,0.384596,2.3797610000000002,TUR,VNM,8501
2020778,228,239,1704,2009,89212.0,944.0,0.602688,0.830247,UKR,VNM,8501
2020779,230,239,1704,2009,0.0,1054.0,0.260419,-0.171944,URY,VNM,8501
2020780,231,239,1704,2009,5008335.0,17395125.0,1.657663,-0.41411400000000004,USA,VNM,8501
2020781,236,239,1704,2009,0.0,309413.0,-0.5847600000000001,-1.150334,VEN,VNM,8501
2020782,240,239,1704,2009,0.0,1106.0,-0.9398479999999999,-0.9635799999999999,VUT,VNM,8501
2020783,243,239,1704,2009,0.0,38274.0,-0.845426,-1.119091,YEM,VNM,8501
2020784,246,239,1704,2009,0.0,147235.0,0.316452,1.767795,ZAF,VNM,8501
2020785,249,239,1704,2009,7545005.0,5615980.0,1.5763120000000002,0.9567950000000001,TWN,VNM,8501
2020786,250,239,1704,2009,654447.0,8823.0,0.582246,-0.10603,ANS,VNM,8501
2020787,7,248,1704,2009,10793.0,0.0,0.070059,-0.619075,ARE,ZWE,8501
2020788,18,248,1704,2009,782508.0,0.0,1.272011,1.074548,BEL,ZWE,8501
2020789,23,248,1704,2009,7307.0,0.0,0.373594,1.571413,BGR,ZWE,8501
2020790,37,248,1704,2009,89433.0,0.0,-0.008142,-0.599115,BWA,ZWE,8501
2020791,39,248,1704,2009,88297.0,0.0,0.6778069999999999,1.278402,CAN,ZWE,8501
2020792,41,248,1704,2009,3419.0,0.0,2.124438,0.484861,CHE,ZWE,8501
2020793,43,248,1704,2009,170620.0,0.0,0.898623,2.08703,CHN,ZWE,8501
2020794,46,248,1704,2009,0.0,65731.0,-1.532165,-1.160269,COD,ZWE,8501
2020795,61,248,1704,2009,97252.0,0.0,2.056515,-3.034837,DEU,ZWE,8501
2020796,71,248,1704,2009,1123.0,0.0,0.9021020000000001,2.170578,ESP,ZWE,8501
2020797,73,248,1704,2009,0.0,1252.0,-0.967483,-0.8219,ETH,ZWE,8501
2020798,74,248,1704,2009,342916.0,0.0,1.8206849999999999,0.797421,FIN,ZWE,8501
2020799,81,248,1704,2009,246058.0,0.0,1.7921779999999998,0.41211499999999995,GBR,ZWE,8501
2020800,97,248,1704,2009,17778.0,0.0,0.654964,1.98672,HKG,ZWE,8501
2020801,104,248,1704,2009,18031.0,0.0,0.209867,2.254003,IND,ZWE,8501
2020802,106,248,1704,2009,3893.0,0.0,1.627233,0.020024,IRL,ZWE,8501
2020803,111,248,1704,2009,1018.0,0.0,1.289,0.64549,ITA,ZWE,8501
2020804,116,248,1704,2009,119580.0,0.0,-0.26477399999999995,0.932587,KEN,ZWE,8501
2020805,151,248,1704,2009,53739.0,0.0,-0.198194,0.067014,MUS,ZWE,8501
2020806,162,248,1704,2009,61122.0,0.0,1.1914850000000001,1.3076780000000001,NLD,ZWE,8501
2020807,168,248,1704,2009,1619.0,0.0,-0.514907,0.44733100000000003,PAK,ZWE,8501
2020808,188,248,1704,2009,1358.0,0.0,0.300581,-0.813199,SAU,ZWE,8501
2020809,208,248,1704,2009,2757.0,0.0,1.877821,0.336565,SWE,ZWE,8501
2020810,216,248,1704,2009,3278.0,0.0,0.79692,1.315501,THA,ZWE,8501
2020811,231,248,1704,2009,185721.0,0.0,1.657663,-0.41411400000000004,USA,ZWE,8501
2020812,246,248,1704,2009,7705045.0,395962.0,0.316452,1.767795,ZAF,ZWE,8501
2020813,247,248,1704,2009,46783.0,3532.0,-0.6423909999999999,-0.815315,ZMB,ZWE,8501
2020814,249,248,1704,2009,619.0,0.0,1.5763120000000002,0.9567950000000001,TWN,ZWE,8501
2020815,39,1,1704,2009,0.0,5777.0,0.6778069999999999,1.278402,CAN,AFG,8501
2020816,43,1,1704,2009,396967.0,0.0,0.898623,2.08703,CHN,AFG,8501
2020817,61,1,1704,2009,109397.0,0.0,2.056515,-3.034837,DEU,AFG,8501
2020818,77,1,1704,2009,1388.0,0.0,1.540346,0.090377,FRA,AFG,8501
2020819,81,1,1704,2009,11778.0,0.0,1.7921779999999998,0.41211499999999995,GBR,AFG,8501
2020820,104,1,1704,2009,21977.0,0.0,0.209867,2.254003,IND,AFG,8501
2020821,124,1,1704,2009,447234.0,0.0,0.48618599999999995,1.4748620000000001,LBN,AFG,8501
2020822,159,1,1704,2009,4405.0,21034.0,-1.584051,-1.156247,NGA,AFG,8501
2020823,168,1,1704,2009,48110.0,0.0,-0.514907,0.44733100000000003,PAK,AFG,8501
2020824,186,1,1704,2009,11658.0,0.0,0.392478,-0.20038399999999998,RUS,AFG,8501
2020825,192,1,1704,2009,6335.0,0.0,1.9503540000000001,0.498033,SGP,AFG,8501
2020826,208,1,1704,2009,16286.0,0.0,1.877821,0.336565,SWE,AFG,8501
2020827,216,1,1704,2009,1262.0,0.0,0.79692,1.315501,THA,AFG,8501
2020828,224,1,1704,2009,505038.0,0.0,0.384596,2.3797610000000002,TUR,AFG,8501
2020829,228,1,1704,2009,8033.0,0.0,0.602688,0.830247,UKR,AFG,8501
2020830,231,1,1704,2009,7764294.0,0.0,1.657663,-0.41411400000000004,USA,AFG,8501
2020831,246,1,1704,2009,3087.0,0.0,0.316452,1.767795,ZAF,AFG,8501
2020832,15,4,1704,2009,141071.0,0.0,1.651325,-0.020794,AUT,ALB,8501
2020833,39,4,1704,2009,8579.0,2071.0,0.6778069999999999,1.278402,CAN,ALB,8501
2020834,43,4,1704,2009,630850.0,0.0,0.898623,2.08703,CHN,ALB,8501
2020835,59,4,1704,2009,888.0,0.0,1.6323159999999999,0.47257200000000005,CZE,ALB,8501
2020836,61,4,1704,2009,1539968.0,0.0,2.056515,-3.034837,DEU,ALB,8501
2020837,64,4,1704,2009,740.0,0.0,1.242327,1.064709,DNK,ALB,8501
2020838,77,4,1704,2009,5716.0,11519.0,1.540346,0.090377,FRA,ALB,8501
2020839,81,4,1704,2009,6849.0,0.0,1.7921779999999998,0.41211499999999995,GBR,ALB,8501
2020840,90,4,1704,2009,127203.0,6243.0,0.2196,1.63301,GRC,ALB,8501
2020841,100,4,1704,2009,4588.0,0.0,0.740174,1.005258,HRV,ALB,8501
2020842,102,4,1704,2009,5497.0,0.0,1.397765,0.772375,HUN,ALB,8501
2020843,111,4,1704,2009,892881.0,11776108.0,1.289,0.64549,ITA,ALB,8501
2020844,138,4,1704,2009,607.0,0.0,1.061625,0.719234,MEX,ALB,8501
2020845,140,4,1704,2009,3105.0,0.0,-0.14890499999999998,0.405505,MKD,ALB,8501
2020846,144,4,1704,2009,0.0,1449.0,0.19963499999999998,-0.073107,MNE,ALB,8501
2020847,162,4,1704,2009,2286.0,68284.0,1.1914850000000001,1.3076780000000001,NLD,ALB,8501
2020848,186,4,1704,2009,1137.0,0.0,0.392478,-0.20038399999999998,RUS,ALB,8501
2020849,188,4,1704,2009,0.0,187230.0,0.300581,-0.813199,SAU,ALB,8501
2020850,201,4,1704,2009,31443.0,12293.0,0.531766,1.477837,SRB,ALB,8501
2020851,207,4,1704,2009,43491.0,0.0,1.548036,0.730396,SVN,ALB,8501
2020852,208,4,1704,2009,2630.0,0.0,1.877821,0.336565,SWE,ALB,8501
2020853,224,4,1704,2009,387756.0,0.0,0.384596,2.3797610000000002,TUR,ALB,8501
2020854,231,4,1704,2009,52137.0,0.0,1.657663,-0.41411400000000004,USA,ALB,8501
2020855,236,4,1704,2009,0.0,11652.0,-0.5847600000000001,-1.150334,VEN,ALB,8501
2020856,15,5,1704,2009,691.0,0.0,1.651325,-0.020794,AUT,AND,8501
2020857,43,5,1704,2009,144.0,0.0,0.898623,2.08703,CHN,AND,8501
2020858,61,5,1704,2009,41583.0,0.0,2.056515,-3.034837,DEU,AND,8501
2020859,71,5,1704,2009,341909.0,2409.0,0.9021020000000001,2.170578,ESP,AND,8501
2020860,77,5,1704,2009,24918.0,2245.0,1.540346,0.090377,FRA,AND,8501
2020861,83,5,1704,2009,0.0,1359.0,-0.909436,-0.6619470000000001,GHA,AND,8501
2020862,153,5,1704,2009,0.0,25016.0,0.8718229999999999,0.607429,MYS,AND,8501
2020863,208,5,1704,2009,5095.0,0.0,1.877821,0.336565,SWE,AND,8501
2020864,39,10,1704,2009,3939.0,3247.0,0.6778069999999999,1.278402,CAN,ASM,8501
2020865,166,10,1704,2009,5068.0,0.0,0.38301999999999997,0.720644,NZL,ASM,8501
2020866,206,10,1704,2009,0.0,61553.0,1.231382,0.820968,SVK,ASM,8501
2020867,249,10,1704,2009,4193.0,0.0,1.5763120000000002,0.9567950000000001,TWN,ASM,8501
2020868,2,13,1704,2009,0.0,4036.0,-0.809438,-1.190006,AGO,ATG,8501
2020869,15,13,1704,2009,7155.0,0.0,1.651325,-0.020794,AUT,ATG,8501
2020870,39,13,1704,2009,1017.0,0.0,0.6778069999999999,1.278402,CAN,ATG,8501
2020871,43,13,1704,2009,17945.0,0.0,0.898623,2.08703,CHN,ATG,8501
2020872,61,13,1704,2009,12148.0,0.0,2.056515,-3.034837,DEU,ATG,8501
2020873,64,13,1704,2009,1810.0,0.0,1.242327,1.064709,DNK,ATG,8501
2020874,77,13,1704,2009,11756.0,0.0,1.540346,0.090377,FRA,ATG,8501
2020875,81,13,1704,2009,28940.0,281.0,1.7921779999999998,0.41211499999999995,GBR,ATG,8501
2020876,83,13,1704,2009,0.0,3639.0,-0.909436,-0.6619470000000001,GHA,ATG,8501
2020877,91,13,1704,2009,0.0,1930.0,0.035948,-0.586996,GRD,ATG,8501
2020878,111,13,1704,2009,29558.0,0.0,1.289,0.64549,ITA,ATG,8501
2020879,114,13,1704,2009,20290.0,0.0,2.306791,-0.251712,JPN,ATG,8501
2020880,138,13,1704,2009,1089.0,0.0,1.061625,0.719234,MEX,ATG,8501
2020881,159,13,1704,2009,1668.0,61658.0,-1.584051,-1.156247,NGA,ATG,8501
2020882,169,13,1704,2009,5500.0,0.0,0.629137,0.5894010000000001,PAN,ATG,8501
2020883,222,13,1704,2009,51330.0,36157.0,-0.508195,-1.097365,TTO,ATG,8501
2020884,231,13,1704,2009,1269897.0,21010.0,1.657663,-0.41411400000000004,USA,ATG,8501
2020885,7,19,1704,2009,73930.0,0.0,0.070059,-0.619075,ARE,BEN,8501
2020886,18,19,1704,2009,2853.0,0.0,1.272011,1.074548,BEL,BEN,8501
2020887,39,19,1704,2009,6142.0,0.0,0.6778069999999999,1.278402,CAN,BEN,8501
2020888,41,19,1704,2009,2971.0,0.0,2.124438,0.484861,CHE,BEN,8501
2020889,43,19,1704,2009,954440.0,0.0,0.898623,2.08703,CHN,BEN,8501
2020890,44,19,1704,2009,4162.0,0.0,-0.924681,-0.801371,CIV,BEN,8501
2020891,47,19,1704,2009,3884.0,0.0,-1.466289,-1.201249,COG,BEN,8501
2020892,61,19,1704,2009,28422.0,0.0,2.056515,-3.034837,DEU,BEN,8501
2020893,77,19,1704,2009,157335.0,0.0,1.540346,0.090377,FRA,BEN,8501
2020894,81,19,1704,2009,1718.0,0.0,1.7921779999999998,0.41211499999999995,GBR,BEN,8501
2020895,83,19,1704,2009,3814.0,13700.0,-0.909436,-0.6619470000000001,GHA,BEN,8501
2020896,103,19,1704,2009,21091.0,0.0,-0.253835,1.260101,IDN,BEN,8501
2020897,104,19,1704,2009,1732.0,0.0,0.209867,2.254003,IND,BEN,8501
2020898,111,19,1704,2009,55178.0,0.0,1.289,0.64549,ITA,BEN,8501
2020899,116,19,1704,2009,27142.0,18543.0,-0.26477399999999995,0.932587,KEN,BEN,8501
2020900,124,19,1704,2009,15317.0,0.0,0.48618599999999995,1.4748620000000001,LBN,BEN,8501
2020901,159,19,1704,2009,2897.0,0.0,-1.584051,-1.156247,NGA,BEN,8501
2020902,162,19,1704,2009,10917.0,5403.0,1.1914850000000001,1.3076780000000001,NLD,BEN,8501
2020903,163,19,1704,2009,1132.0,0.0,0.865455,0.082808,NOR,BEN,8501
2020904,192,19,1704,2009,1777.0,0.0,1.9503540000000001,0.498033,SGP,BEN,8501
2020905,215,19,1704,2009,0.0,14448.0,-0.561619,-0.759929,TGO,BEN,8501
2020906,246,19,1704,2009,5599.0,0.0,0.316452,1.767795,ZAF,BEN,8501
2020907,250,19,1704,2009,2340.0,0.0,0.582246,-0.10603,ANS,BEN,8501
2020908,14,29,1704,2009,2199.0,0.0,-0.109286,0.13586900000000002,AUS,BLZ,8501
2020909,32,29,1704,2009,277742.0,0.0,0.35447199999999995,0.8522360000000001,BRA,BLZ,8501
2020910,39,29,1704,2009,7894.0,371597.0,0.6778069999999999,1.278402,CAN,BLZ,8501
2020911,43,29,1704,2009,19778.0,0.0,0.898623,2.08703,CHN,BLZ,8501
2020912,61,29,1704,2009,12745.0,0.0,2.056515,-3.034837,DEU,BLZ,8501
2020913,64,29,1704,2009,1484.0,0.0,1.242327,1.064709,DNK,BLZ,8501
2020914,71,29,1704,2009,4807.0,0.0,0.9021020000000001,2.170578,ESP,BLZ,8501
2020915,81,29,1704,2009,927.0,0.0,1.7921779999999998,0.41211499999999995,GBR,BLZ,8501
2020916,93,29,1704,2009,15064.0,0.0,-0.33276999999999995,0.551257,GTM,BLZ,8501
2020917,99,29,1704,2009,8886.0,0.0,-0.587607,-0.189167,HND,BLZ,8501
2020918,100,29,1704,2009,152883.0,0.0,0.740174,1.005258,HRV,BLZ,8501
2020919,114,29,1704,2009,71225.0,0.0,2.306791,-0.251712,JPN,BLZ,8501
2020920,138,29,1704,2009,9452.0,0.0,1.061625,0.719234,MEX,BLZ,8501
2020921,159,29,1704,2009,931.0,0.0,-1.584051,-1.156247,NGA,BLZ,8501
2020922,169,29,1704,2009,36699.0,0.0,0.629137,0.5894010000000001,PAN,BLZ,8501
2020923,208,29,1704,2009,301469.0,0.0,1.877821,0.336565,SWE,BLZ,8501
2020924,216,29,1704,2009,0.0,7117.0,0.79692,1.315501,THA,BLZ,8501
2020925,231,29,1704,2009,196784.0,6866.0,1.657663,-0.41411400000000004,USA,BLZ,8501
2020926,249,29,1704,2009,19544.0,0.0,1.5763120000000002,0.9567950000000001,TWN,BLZ,8501
2020927,39,30,1704,2009,3042.0,0.0,0.6778069999999999,1.278402,CAN,BMU,8501
2020928,61,30,1704,2009,3820.0,0.0,2.056515,-3.034837,DEU,BMU,8501
2020929,81,30,1704,2009,494505.0,0.0,1.7921779999999998,0.41211499999999995,GBR,BMU,8501
2020930,90,30,1704,2009,0.0,18921.0,0.2196,1.63301,GRC,BMU,8501
2020931,114,30,1704,2009,6968.0,0.0,2.306791,-0.251712,JPN,BMU,8501
2020932,162,30,1704,2009,20930.0,0.0,1.1914850000000001,1.3076780000000001,NLD,BMU,8501
2020933,208,30,1704,2009,1543.0,0.0,1.877821,0.336565,SWE,BMU,8501
2020934,231,30,1704,2009,1056824.0,0.0,1.657663,-0.41411400000000004,USA,BMU,8501
2020935,14,34,1704,2009,81317.0,15788.0,-0.109286,0.13586900000000002,AUS,BRN,8501
2020936,39,34,1704,2009,5727.0,0.0,0.6778069999999999,1.278402,CAN,BRN,8501
2020937,41,34,1704,2009,585.0,0.0,2.124438,0.484861,CHE,BRN,8501
2020938,43,34,1704,2009,63968.0,0.0,0.898623,2.08703,CHN,BRN,8501
2020939,61,34,1704,2009,1581339.0,8821.0,2.056515,-3.034837,DEU,BRN,8501
2020940,64,34,1704,2009,7393.0,0.0,1.242327,1.064709,DNK,BRN,8501
2020941,71,34,1704,2009,4715.0,0.0,0.9021020000000001,2.170578,ESP,BRN,8501
2020942,77,34,1704,2009,1010.0,0.0,1.540346,0.090377,FRA,BRN,8501
2020943,81,34,1704,2009,158894.0,4210.0,1.7921779999999998,0.41211499999999995,GBR,BRN,8501
2020944,97,34,1704,2009,15864.0,0.0,0.654964,1.98672,HKG,BRN,8501
2020945,103,34,1704,2009,21969.0,0.0,-0.253835,1.260101,IDN,BRN,8501
2020946,111,34,1704,2009,11282.0,0.0,1.289,0.64549,ITA,BRN,8501
2020947,114,34,1704,2009,4662127.0,0.0,2.306791,-0.251712,JPN,BRN,8501
2020948,118,34,1704,2009,0.0,2157.0,-1.194288,-1.09924,KHM,BRN,8501
2020949,121,34,1704,2009,33926.0,0.0,1.509336,0.784515,KOR,BRN,8501
2020950,138,34,1704,2009,1092.0,0.0,1.061625,0.719234,MEX,BRN,8501
2020951,153,34,1704,2009,63890.0,20323.0,0.8718229999999999,0.607429,MYS,BRN,8501
2020952,159,34,1704,2009,0.0,3224.0,-1.584051,-1.156247,NGA,BRN,8501
2020953,162,34,1704,2009,1097.0,0.0,1.1914850000000001,1.3076780000000001,NLD,BRN,8501
2020954,163,34,1704,2009,2943.0,0.0,0.865455,0.082808,NOR,BRN,8501
2020955,174,34,1704,2009,0.0,32490.0,0.34318000000000004,0.095375,PHL,BRN,8501
2020956,177,34,1704,2009,16536.0,0.0,1.11055,1.069074,POL,BRN,8501
2020957,192,34,1704,2009,1211922.0,334728.0,1.9503540000000001,0.498033,SGP,BRN,8501
2020958,208,34,1704,2009,3453.0,0.0,1.877821,0.336565,SWE,BRN,8501
2020959,216,34,1704,2009,32225.0,3831.0,0.79692,1.315501,THA,BRN,8501
2020960,231,34,1704,2009,216343.0,0.0,1.657663,-0.41411400000000004,USA,BRN,8501
2020961,249,34,1704,2009,20601.0,0.0,1.5763120000000002,0.9567950000000001,TWN,BRN,8501
2020962,7,37,1704,2009,32071.0,0.0,0.070059,-0.619075,ARE,BWA,8501
2020963,14,37,1704,2009,611.0,0.0,-0.109286,0.13586900000000002,AUS,BWA,8501
2020964,18,37,1704,2009,1837.0,0.0,1.272011,1.074548,BEL,BWA,8501
2020965,39,37,1704,2009,2331.0,0.0,0.6778069999999999,1.278402,CAN,BWA,8501
2020966,41,37,1704,2009,38435.0,0.0,2.124438,0.484861,CHE,BWA,8501
2020967,43,37,1704,2009,123568.0,0.0,0.898623,2.08703,CHN,BWA,8501
2020968,44,37,1704,2009,0.0,3874.0,-0.924681,-0.801371,CIV,BWA,8501
2020969,61,37,1704,2009,9874.0,0.0,2.056515,-3.034837,DEU,BWA,8501
2020970,77,37,1704,2009,59941.0,0.0,1.540346,0.090377,FRA,BWA,8501
2020971,81,37,1704,2009,1850.0,1889.0,1.7921779999999998,0.41211499999999995,GBR,BWA,8501
2020972,104,37,1704,2009,1016.0,1144.0,0.209867,2.254003,IND,BWA,8501
2020973,110,37,1704,2009,194339.0,0.0,1.226438,0.816299,ISR,BWA,8501
2020974,111,37,1704,2009,17062.0,0.0,1.289,0.64549,ITA,BWA,8501
2020975,147,37,1704,2009,1381.0,0.0,-1.0023090000000001,-0.844765,MOZ,BWA,8501
2020976,152,37,1704,2009,0.0,16843.0,-1.571672,-1.244864,MWI,BWA,8501
2020977,155,37,1704,2009,1968.0,1029.0,-0.081207,-0.075292,NAM,BWA,8501
2020978,159,37,1704,2009,0.0,98346.0,-1.584051,-1.156247,NGA,BWA,8501
2020979,192,37,1704,2009,3587.0,0.0,1.9503540000000001,0.498033,SGP,BWA,8501
2020980,216,37,1704,2009,14289.0,0.0,0.79692,1.315501,THA,BWA,8501
2020981,231,37,1704,2009,5509.0,0.0,1.657663,-0.41411400000000004,USA,BWA,8501
2020982,246,37,1704,2009,10517945.0,83551.0,0.316452,1.767795,ZAF,BWA,8501
2020983,247,37,1704,2009,0.0,14981.0,-0.6423909999999999,-0.815315,ZMB,BWA,8501
2020984,248,37,1704,2009,0.0,89433.0,-0.686822,-0.683511,ZWE,BWA,8501
2020985,2,45,1704,2009,0.0,14501.0,-0.809438,-1.190006,AGO,CMR,8501
2020986,7,45,1704,2009,336835.0,0.0,0.070059,-0.619075,ARE,CMR,8501
2020987,15,45,1704,2009,5216.0,0.0,1.651325,-0.020794,AUT,CMR,8501
2020988,18,45,1704,2009,220751.0,11853.0,1.272011,1.074548,BEL,CMR,8501
2020989,32,45,1704,2009,5658.0,0.0,0.35447199999999995,0.8522360000000001,BRA,CMR,8501
2020990,38,45,1704,2009,0.0,4533.0,-0.5777260000000001,-0.839981,CAF,CMR,8501
2020991,41,45,1704,2009,9515.0,0.0,2.124438,0.484861,CHE,CMR,8501
2020992,43,45,1704,2009,1429946.0,0.0,0.898623,2.08703,CHN,CMR,8501
2020993,44,45,1704,2009,5424.0,0.0,-0.924681,-0.801371,CIV,CMR,8501
2020994,46,45,1704,2009,17005.0,0.0,-1.532165,-1.160269,COD,CMR,8501
2020995,47,45,1704,2009,0.0,14374.0,-1.466289,-1.201249,COG,CMR,8501
2020996,59,45,1704,2009,22314.0,0.0,1.6323159999999999,0.47257200000000005,CZE,CMR,8501
2020997,61,45,1704,2009,186763.0,0.0,2.056515,-3.034837,DEU,CMR,8501
2020998,64,45,1704,2009,12646.0,0.0,1.242327,1.064709,DNK,CMR,8501
2020999,68,45,1704,2009,31388.0,0.0,-0.20940300000000003,1.6466290000000001,EGY,CMR,8501
2021000,71,45,1704,2009,13030.0,0.0,0.9021020000000001,2.170578,ESP,CMR,8501
2021001,77,45,1704,2009,1375550.0,1193416.0,1.540346,0.090377,FRA,CMR,8501
2021002,80,45,1704,2009,0.0,88312.0,-1.197711,-1.147469,GAB,CMR,8501
2021003,81,45,1704,2009,91669.0,0.0,1.7921779999999998,0.41211499999999995,GBR,CMR,8501
2021004,89,45,1704,2009,0.0,8225.0,-1.426661,-0.9459870000000001,GNQ,CMR,8501
2021005,90,45,1704,2009,42499.0,1989.0,0.2196,1.63301,GRC,CMR,8501
2021006,100,45,1704,2009,728.0,0.0,0.740174,1.005258,HRV,CMR,8501
2021007,103,45,1704,2009,1199.0,0.0,-0.253835,1.260101,IDN,CMR,8501
2021008,104,45,1704,2009,169884.0,0.0,0.209867,2.254003,IND,CMR,8501
2021009,108,45,1704,2009,219723.0,0.0,-1.1683270000000001,-0.9517459999999999,IRQ,CMR,8501
2021010,111,45,1704,2009,226009.0,0.0,1.289,0.64549,ITA,CMR,8501
2021011,114,45,1704,2009,11990.0,0.0,2.306791,-0.251712,JPN,CMR,8501
2021012,121,45,1704,2009,8797.0,0.0,1.509336,0.784515,KOR,CMR,8501
2021013,153,45,1704,2009,22071.0,1149.0,0.8718229999999999,0.607429,MYS,CMR,8501
2021014,155,45,1704,2009,0.0,2220.0,-0.081207,-0.075292,NAM,CMR,8501
2021015,159,45,1704,2009,15405.0,0.0,-1.584051,-1.156247,NGA,CMR,8501
2021016,162,45,1704,2009,73899.0,5984.0,1.1914850000000001,1.3076780000000001,NLD,CMR,8501
2021017,163,45,1704,2009,1322.0,0.0,0.865455,0.082808,NOR,CMR,8501
2021018,177,45,1704,2009,22584.0,0.0,1.11055,1.069074,POL,CMR,8501
2021019,179,45,1704,2009,3260.0,0.0,0.559189,2.4359919999999997,PRT,CMR,8501
2021020,185,45,1704,2009,11981.0,0.0,0.833802,1.024418,ROU,CMR,8501
2021021,188,45,1704,2009,30452.0,0.0,0.300581,-0.813199,SAU,CMR,8501
2021022,192,45,1704,2009,1363.0,0.0,1.9503540000000001,0.498033,SGP,CMR,8501
2021023,208,45,1704,2009,2344.0,0.0,1.877821,0.336565,SWE,CMR,8501
2021024,216,45,1704,2009,15171.0,0.0,0.79692,1.315501,THA,CMR,8501
2021025,226,45,1704,2009,0.0,9048.0,-0.822897,0.644899,TZA,CMR,8501
2021026,231,45,1704,2009,618516.0,7654.0,1.657663,-0.41411400000000004,USA,CMR,8501
2021027,246,45,1704,2009,7562.0,6213.0,0.316452,1.767795,ZAF,CMR,8501
2021028,249,45,1704,2009,6137.0,0.0,1.5763120000000002,0.9567950000000001,TWN,CMR,8501
2021029,18,46,1704,2009,716087.0,0.0,1.272011,1.074548,BEL,COD,8501
2021030,39,46,1704,2009,4574.0,0.0,0.6778069999999999,1.278402,CAN,COD,8501
2021031,41,46,1704,2009,2309.0,0.0,2.124438,0.484861,CHE,COD,8501
2021032,43,46,1704,2009,352937.0,0.0,0.898623,2.08703,CHN,COD,8501
2021033,45,46,1704,2009,0.0,17005.0,-1.128734,-1.022546,CMR,COD,8501
2021034,47,46,1704,2009,65405.0,14598.0,-1.466289,-1.201249,COG,COD,8501
2021035,61,46,1704,2009,374903.0,0.0,2.056515,-3.034837,DEU,COD,8501
2021036,71,46,1704,2009,57305.0,0.0,0.9021020000000001,2.170578,ESP,COD,8501
2021037,77,46,1704,2009,33343.0,0.0,1.540346,0.090377,FRA,COD,8501
2021038,81,46,1704,2009,14343.0,0.0,1.7921779999999998,0.41211499999999995,GBR,COD,8501
2021039,111,46,1704,2009,461204.0,0.0,1.289,0.64549,ITA,COD,8501
2021040,114,46,1704,2009,9326.0,0.0,2.306791,-0.251712,JPN,COD,8501
2021041,115,46,1704,2009,1116.0,0.0,-0.6547970000000001,-0.772256,KAZ,COD,8501
2021042,116,46,1704,2009,2033.0,0.0,-0.26477399999999995,0.932587,KEN,COD,8501
2021043,124,46,1704,2009,70717.0,0.0,0.48618599999999995,1.4748620000000001,LBN,COD,8501
2021044,155,46,1704,2009,15701.0,0.0,-0.081207,-0.075292,NAM,COD,8501
2021045,179,46,1704,2009,18827.0,0.0,0.559189,2.4359919999999997,PRT,COD,8501
2021046,187,46,1704,2009,17937.0,0.0,-0.31001599999999996,-0.5382170000000001,RWA,COD,8501
2021047,192,46,1704,2009,1181.0,0.0,1.9503540000000001,0.498033,SGP,COD,8501
2021048,226,46,1704,2009,2129.0,0.0,-0.822897,0.644899,TZA,COD,8501
2021049,227,46,1704,2009,56523.0,0.0,-0.573707,-0.036203,UGA,COD,8501
2021050,231,46,1704,2009,8219.0,0.0,1.657663,-0.41411400000000004,USA,COD,8501
2021051,246,46,1704,2009,3359352.0,0.0,0.316452,1.767795,ZAF,COD,8501
2021052,247,46,1704,2009,417490.0,24490.0,-0.6423909999999999,-0.815315,ZMB,COD,8501
2021053,248,46,1704,2009,65731.0,0.0,-0.686822,-0.683511,ZWE,COD,8501
2021054,249,46,1704,2009,35285.0,0.0,1.5763120000000002,0.9567950000000001,TWN,COD,8501
2021055,2,47,1704,2009,31637.0,1120085.0,-0.809438,-1.190006,AGO,COG,8501
2021056,7,47,1704,2009,20318.0,0.0,0.070059,-0.619075,ARE,COG,8501
2021057,18,47,1704,2009,87343.0,0.0,1.272011,1.074548,BEL,COG,8501
2021058,19,47,1704,2009,0.0,3884.0,-0.93195,-0.813017,BEN,COG,8501
2021059,32,47,1704,2009,1236.0,0.0,0.35447199999999995,0.8522360000000001,BRA,COG,8501
2021060,39,47,1704,2009,115517.0,1963.0,0.6778069999999999,1.278402,CAN,COG,8501
2021061,41,47,1704,2009,8374.0,0.0,2.124438,0.484861,CHE,COG,8501
2021062,43,47,1704,2009,45781.0,0.0,0.898623,2.08703,CHN,COG,8501
2021063,45,47,1704,2009,14374.0,0.0,-1.128734,-1.022546,CMR,COG,8501
2021064,46,47,1704,2009,14598.0,65405.0,-1.532165,-1.160269,COD,COG,8501
2021065,61,47,1704,2009,54588.0,0.0,2.056515,-3.034837,DEU,COG,8501
2021066,71,47,1704,2009,2897.0,0.0,0.9021020000000001,2.170578,ESP,COG,8501
2021067,74,47,1704,2009,34191.0,0.0,1.8206849999999999,0.797421,FIN,COG,8501
2021068,77,47,1704,2009,2552475.0,35094.0,1.540346,0.090377,FRA,COG,8501
2021069,80,47,1704,2009,57092.0,137504.0,-1.197711,-1.147469,GAB,COG,8501
2021070,81,47,1704,2009,126270.0,577.0,1.7921779999999998,0.41211499999999995,GBR,COG,8501
2021071,83,47,1704,2009,0.0,1835.0,-0.909436,-0.6619470000000001,GHA,COG,8501
2021072,104,47,1704,2009,80249.0,0.0,0.209867,2.254003,IND,COG,8501
2021073,110,47,1704,2009,32587.0,0.0,1.226438,0.816299,ISR,COG,8501
2021074,111,47,1704,2009,1745169.0,78470.0,1.289,0.64549,ITA,COG,8501
2021075,114,47,1704,2009,1758.0,0.0,2.306791,-0.251712,JPN,COG,8501
2021076,124,47,1704,2009,161743.0,0.0,0.48618599999999995,1.4748620000000001,LBN,COG,8501
2021077,159,47,1704,2009,0.0,85528.0,-1.584051,-1.156247,NGA,COG,8501
2021078,162,47,1704,2009,8077.0,0.0,1.1914850000000001,1.3076780000000001,NLD,COG,8501
2021079,163,47,1704,2009,1421.0,0.0,0.865455,0.082808,NOR,COG,8501
2021080,179,47,1704,2009,11598.0,0.0,0.559189,2.4359919999999997,PRT,COG,8501
2021081,192,47,1704,2009,0.0,24351.0,1.9503540000000001,0.498033,SGP,COG,8501
2021082,216,47,1704,2009,4841.0,0.0,0.79692,1.315501,THA,COG,8501
2021083,224,47,1704,2009,110715.0,0.0,0.384596,2.3797610000000002,TUR,COG,8501
2021084,227,47,1704,2009,4835.0,0.0,-0.573707,-0.036203,UGA,COG,8501
2021085,231,47,1704,2009,1242193.0,0.0,1.657663,-0.41411400000000004,USA,COG,8501
2021086,239,47,1704,2009,5710.0,0.0,-0.27396,1.131199,VNM,COG,8501
2021087,246,47,1704,2009,233401.0,1328.0,0.316452,1.767795,ZAF,COG,8501
2021088,249,47,1704,2009,29516.0,0.0,1.5763120000000002,0.9567950000000001,TWN,COG,8501
2021089,18,51,1704,2009,176036.0,0.0,1.272011,1.074548,BEL,CPV,8501
2021090,32,51,1704,2009,24366.0,0.0,0.35447199999999995,0.8522360000000001,BRA,CPV,8501
2021091,39,51,1704,2009,0.0,191.0,0.6778069999999999,1.278402,CAN,CPV,8501
2021092,41,51,1704,2009,284.0,0.0,2.124438,0.484861,CHE,CPV,8501
2021093,43,51,1704,2009,33154.0,0.0,0.898623,2.08703,CHN,CPV,8501
2021094,61,51,1704,2009,4939.0,1034.0,2.056515,-3.034837,DEU,CPV,8501
2021095,64,51,1704,2009,22280.0,0.0,1.242327,1.064709,DNK,CPV,8501
2021096,71,51,1704,2009,69256.0,104181.0,0.9021020000000001,2.170578,ESP,CPV,8501
2021097,77,51,1704,2009,521591.0,148.0,1.540346,0.090377,FRA,CPV,8501
2021098,81,51,1704,2009,32605.0,907.0,1.7921779999999998,0.41211499999999995,GBR,CPV,8501
2021099,111,51,1704,2009,100680.0,0.0,1.289,0.64549,ITA,CPV,8501
2021100,114,51,1704,2009,1284.0,0.0,2.306791,-0.251712,JPN,CPV,8501
2021101,162,51,1704,2009,52809.0,0.0,1.1914850000000001,1.3076780000000001,NLD,CPV,8501
2021102,179,51,1704,2009,1197201.0,9024.0,0.559189,2.4359919999999997,PRT,CPV,8501
2021103,231,51,1704,2009,77754.0,4210.0,1.657663,-0.41411400000000004,USA,CPV,8501
2021104,250,51,1704,2009,35954.0,3023.0,0.582246,-0.10603,ANS,CPV,8501
2021105,7,62,1704,2009,46349.0,0.0,0.070059,-0.619075,ARE,DJI,8501
2021106,39,62,1704,2009,10966.0,0.0,0.6778069999999999,1.278402,CAN,DJI,8501
2021107,41,62,1704,2009,8190.0,0.0,2.124438,0.484861,CHE,DJI,8501
2021108,43,62,1704,2009,140139.0,0.0,0.898623,2.08703,CHN,DJI,8501
2021109,61,62,1704,2009,123076.0,0.0,2.056515,-3.034837,DEU,DJI,8501
2021110,73,62,1704,2009,1586.0,13427.0,-0.967483,-0.8219,ETH,DJI,8501
2021111,77,62,1704,2009,546392.0,2523.0,1.540346,0.090377,FRA,DJI,8501
2021112,81,62,1704,2009,62936.0,0.0,1.7921779999999998,0.41211499999999995,GBR,DJI,8501
2021113,104,62,1704,2009,246962.0,0.0,0.209867,2.254003,IND,DJI,8501
2021114,111,62,1704,2009,178241.0,0.0,1.289,0.64549,ITA,DJI,8501
2021115,114,62,1704,2009,100361.0,0.0,2.306791,-0.251712,JPN,DJI,8501
2021116,121,62,1704,2009,13955.0,0.0,1.509336,0.784515,KOR,DJI,8501
2021117,134,62,1704,2009,840.0,0.0,-0.48819300000000004,0.173952,MAR,DJI,8501
2021118,162,62,1704,2009,27157.0,0.0,1.1914850000000001,1.3076780000000001,NLD,DJI,8501
2021119,167,62,1704,2009,64201.0,0.0,-0.691918,-1.015434,OMN,DJI,8501
2021120,192,62,1704,2009,1579.0,0.0,1.9503540000000001,0.498033,SGP,DJI,8501
2021121,224,62,1704,2009,4714.0,0.0,0.384596,2.3797610000000002,TUR,DJI,8501
2021122,231,62,1704,2009,20670.0,0.0,1.657663,-0.41411400000000004,USA,DJI,8501
2021123,249,62,1704,2009,336333.0,0.0,1.5763120000000002,0.9567950000000001,TWN,DJI,8501
2021124,61,69,1704,2009,84080.0,0.0,2.056515,-3.034837,DEU,ERI,8501
2021125,64,69,1704,2009,1031.0,0.0,1.242327,1.064709,DNK,ERI,8501
2021126,77,69,1704,2009,165330.0,0.0,1.540346,0.090377,FRA,ERI,8501
2021127,104,69,1704,2009,2586.0,0.0,0.209867,2.254003,IND,ERI,8501
2021128,111,69,1704,2009,975636.0,0.0,1.289,0.64549,ITA,ERI,8501
2021129,183,69,1704,2009,19849.0,0.0,-0.484947,-1.07179,QAT,ERI,8501
2021130,7,73,1704,2009,218556.0,0.0,0.070059,-0.619075,ARE,ETH,8501
2021131,14,73,1704,2009,2132.0,0.0,-0.109286,0.13586900000000002,AUS,ETH,8501
2021132,23,73,1704,2009,488.0,0.0,0.373594,1.571413,BGR,ETH,8501
2021133,32,73,1704,2009,2164.0,0.0,0.35447199999999995,0.8522360000000001,BRA,ETH,8501
2021134,41,73,1704,2009,38163.0,0.0,2.124438,0.484861,CHE,ETH,8501
2021135,43,73,1704,2009,1866823.0,0.0,0.898623,2.08703,CHN,ETH,8501
2021136,58,73,1704,2009,0.0,928.0,0.934193,0.657555,CYP,ETH,8501
2021137,61,73,1704,2009,3962731.0,36630.0,2.056515,-3.034837,DEU,ETH,8501
2021138,62,73,1704,2009,13427.0,1586.0,0.062037,-0.596527,DJI,ETH,8501
2021139,64,73,1704,2009,85247.0,0.0,1.242327,1.064709,DNK,ETH,8501
2021140,68,73,1704,2009,157088.0,0.0,-0.20940300000000003,1.6466290000000001,EGY,ETH,8501
2021141,71,73,1704,2009,708830.0,0.0,0.9021020000000001,2.170578,ESP,ETH,8501
2021142,74,73,1704,2009,5933.0,0.0,1.8206849999999999,0.797421,FIN,ETH,8501
2021143,77,73,1704,2009,295258.0,4347.0,1.540346,0.090377,FRA,ETH,8501
2021144,81,73,1704,2009,1125945.0,17016.0,1.7921779999999998,0.41211499999999995,GBR,ETH,8501
2021145,83,73,1704,2009,0.0,1560.0,-0.909436,-0.6619470000000001,GHA,ETH,8501
2021146,90,73,1704,2009,8658.0,0.0,0.2196,1.63301,GRC,ETH,8501
2021147,104,73,1704,2009,194871.0,0.0,0.209867,2.254003,IND,ETH,8501
2021148,110,73,1704,2009,5597.0,0.0,1.226438,0.816299,ISR,ETH,8501
2021149,111,73,1704,2009,814427.0,54250.0,1.289,0.64549,ITA,ETH,8501
2021150,114,73,1704,2009,303740.0,0.0,2.306791,-0.251712,JPN,ETH,8501
2021151,116,73,1704,2009,89544.0,0.0,-0.26477399999999995,0.932587,KEN,ETH,8501
2021152,121,73,1704,2009,18752.0,0.0,1.509336,0.784515,KOR,ETH,8501
2021153,124,73,1704,2009,52001.0,0.0,0.48618599999999995,1.4748620000000001,LBN,ETH,8501
2021154,128,73,1704,2009,0.0,10126.0,-0.653836,0.174403,LKA,ETH,8501
2021155,141,73,1704,2009,6188.0,0.0,-0.84835,-0.780324,MLI,ETH,8501
2021156,162,73,1704,2009,40960.0,57225.0,1.1914850000000001,1.3076780000000001,NLD,ETH,8501
2021157,168,73,1704,2009,31310.0,0.0,-0.514907,0.44733100000000003,PAK,ETH,8501
2021158,177,73,1704,2009,3257.0,0.0,1.11055,1.069074,POL,ETH,8501
2021159,185,73,1704,2009,1294.0,0.0,0.833802,1.024418,ROU,ETH,8501
2021160,186,73,1704,2009,6037.0,0.0,0.392478,-0.20038399999999998,RUS,ETH,8501
2021161,188,73,1704,2009,5217.0,0.0,0.300581,-0.813199,SAU,ETH,8501
2021162,196,73,1704,2009,38769.0,0.0,0.06259400000000001,-0.273258,SLE,ETH,8501
2021163,206,73,1704,2009,28755.0,0.0,1.231382,0.820968,SVK,ETH,8501
2021164,208,73,1704,2009,25747.0,0.0,1.877821,0.336565,SWE,ETH,8501
2021165,209,73,1704,2009,8717.0,0.0,0.6420859999999999,0.060127999999999994,SWZ,ETH,8501
2021166,216,73,1704,2009,0.0,26469.0,0.79692,1.315501,THA,ETH,8501
2021167,223,73,1704,2009,15050.0,0.0,0.044903,0.9126120000000001,TUN,ETH,8501
2021168,224,73,1704,2009,88465.0,0.0,0.384596,2.3797610000000002,TUR,ETH,8501
2021169,227,73,1704,2009,8606.0,1749.0,-0.573707,-0.036203,UGA,ETH,8501
2021170,231,73,1704,2009,1040434.0,0.0,1.657663,-0.41411400000000004,USA,ETH,8501
2021171,246,73,1704,2009,7675.0,0.0,0.316452,1.767795,ZAF,ETH,8501
2021172,248,73,1704,2009,1252.0,0.0,-0.686822,-0.683511,ZWE,ETH,8501
2021173,249,73,1704,2009,43263.0,0.0,1.5763120000000002,0.9567950000000001,TWN,ETH,8501
2021174,2,80,1704,2009,13624.0,23570.0,-0.809438,-1.190006,AGO,GAB,8501
2021175,7,80,1704,2009,13766.0,0.0,0.070059,-0.619075,ARE,GAB,8501
2021176,15,80,1704,2009,40451.0,0.0,1.651325,-0.020794,AUT,GAB,8501
2021177,18,80,1704,2009,618704.0,0.0,1.272011,1.074548,BEL,GAB,8501
2021178,39,80,1704,2009,721580.0,2034.0,0.6778069999999999,1.278402,CAN,GAB,8501
2021179,41,80,1704,2009,36153.0,0.0,2.124438,0.484861,CHE,GAB,8501
2021180,43,80,1704,2009,144744.0,1596.0,0.898623,2.08703,CHN,GAB,8501
2021181,45,80,1704,2009,88312.0,0.0,-1.128734,-1.022546,CMR,GAB,8501
2021182,47,80,1704,2009,137504.0,57092.0,-1.466289,-1.201249,COG,GAB,8501
2021183,59,80,1704,2009,2226.0,0.0,1.6323159999999999,0.47257200000000005,CZE,GAB,8501
2021184,61,80,1704,2009,95789.0,0.0,2.056515,-3.034837,DEU,GAB,8501
2021185,64,80,1704,2009,1442.0,0.0,1.242327,1.064709,DNK,GAB,8501
2021186,68,80,1704,2009,110467.0,0.0,-0.20940300000000003,1.6466290000000001,EGY,GAB,8501
2021187,71,80,1704,2009,22792.0,0.0,0.9021020000000001,2.170578,ESP,GAB,8501
2021188,74,80,1704,2009,25561.0,0.0,1.8206849999999999,0.797421,FIN,GAB,8501
2021189,77,80,1704,2009,1555606.0,23297.0,1.540346,0.090377,FRA,GAB,8501
2021190,81,80,1704,2009,230330.0,2034.0,1.7921779999999998,0.41211499999999995,GBR,GAB,8501
2021191,89,80,1704,2009,0.0,4772.0,-1.426661,-0.9459870000000001,GNQ,GAB,8501
2021192,106,80,1704,2009,0.0,229.0,1.627233,0.020024,IRL,GAB,8501
2021193,109,80,1704,2009,245735.0,0.0,0.21713200000000002,-0.371812,ISL,GAB,8501
2021194,110,80,1704,2009,14544.0,0.0,1.226438,0.816299,ISR,GAB,8501
2021195,111,80,1704,2009,78695.0,0.0,1.289,0.64549,ITA,GAB,8501
2021196,114,80,1704,2009,2009.0,0.0,2.306791,-0.251712,JPN,GAB,8501
2021197,124,80,1704,2009,11343.0,0.0,0.48618599999999995,1.4748620000000001,LBN,GAB,8501
2021198,159,80,1704,2009,7391.0,0.0,-1.584051,-1.156247,NGA,GAB,8501
2021199,162,80,1704,2009,69104.0,297.0,1.1914850000000001,1.3076780000000001,NLD,GAB,8501
2021200,163,80,1704,2009,43362.0,0.0,0.865455,0.082808,NOR,GAB,8501
2021201,177,80,1704,2009,10559.0,8804.0,1.11055,1.069074,POL,GAB,8501
2021202,179,80,1704,2009,3180.0,0.0,0.559189,2.4359919999999997,PRT,GAB,8501
2021203,192,80,1704,2009,123222.0,0.0,1.9503540000000001,0.498033,SGP,GAB,8501
2021204,201,80,1704,2009,16980.0,0.0,0.531766,1.477837,SRB,GAB,8501
2021205,203,80,1704,2009,0.0,828.0,0.370989,-0.518133,STP,GAB,8501
2021206,215,80,1704,2009,341.0,0.0,-0.561619,-0.759929,TGO,GAB,8501
2021207,223,80,1704,2009,4038.0,0.0,0.044903,0.9126120000000001,TUN,GAB,8501
2021208,231,80,1704,2009,1569549.0,10900.0,1.657663,-0.41411400000000004,USA,GAB,8501
2021209,246,80,1704,2009,219091.0,11790.0,0.316452,1.767795,ZAF,GAB,8501
2021210,2,83,1704,2009,13163.0,3626.0,-0.809438,-1.190006,AGO,GHA,8501
2021211,5,83,1704,2009,1359.0,0.0,1.002767,0.6733,AND,GHA,8501
2021212,6,83,1704,2009,19097.0,0.0,0.351025,-0.699817,ANT,GHA,8501
2021213,7,83,1704,2009,81093.0,0.0,0.070059,-0.619075,ARE,GHA,8501
2021214,13,83,1704,2009,3639.0,0.0,0.930903,0.279441,ATG,GHA,8501
2021215,14,83,1704,2009,224035.0,0.0,-0.109286,0.13586900000000002,AUS,GHA,8501
2021216,15,83,1704,2009,61879.0,0.0,1.651325,-0.020794,AUT,GHA,8501
2021217,18,83,1704,2009,210393.0,10873.0,1.272011,1.074548,BEL,GHA,8501
2021218,19,83,1704,2009,13700.0,3814.0,-0.93195,-0.813017,BEN,GHA,8501
2021219,21,83,1704,2009,0.0,90513.0,-1.283807,-1.061272,BFA,GHA,8501
2021220,25,83,1704,2009,10023.0,0.0,0.5451729999999999,-0.496575,BHS,GHA,8501
2021221,32,83,1704,2009,372073.0,0.0,0.35447199999999995,0.8522360000000001,BRA,GHA,8501
2021222,39,83,1704,2009,40318.0,0.0,0.6778069999999999,1.278402,CAN,GHA,8501
2021223,41,83,1704,2009,170126.0,0.0,2.124438,0.484861,CHE,GHA,8501
2021224,43,83,1704,2009,2235611.0,0.0,0.898623,2.08703,CHN,GHA,8501
2021225,44,83,1704,2009,35443.0,22596.0,-0.924681,-0.801371,CIV,GHA,8501
2021226,47,83,1704,2009,1835.0,0.0,-1.466289,-1.201249,COG,GHA,8501
2021227,61,83,1704,2009,389028.0,8062.0,2.056515,-3.034837,DEU,GHA,8501
2021228,64,83,1704,2009,40429.0,0.0,1.242327,1.064709,DNK,GHA,8501
2021229,68,83,1704,2009,14165.0,0.0,-0.20940300000000003,1.6466290000000001,EGY,GHA,8501
2021230,71,83,1704,2009,22230.0,0.0,0.9021020000000001,2.170578,ESP,GHA,8501
2021231,73,83,1704,2009,1560.0,0.0,-0.967483,-0.8219,ETH,GHA,8501
2021232,74,83,1704,2009,8379.0,0.0,1.8206849999999999,0.797421,FIN,GHA,8501
2021233,77,83,1704,2009,83322.0,0.0,1.540346,0.090377,FRA,GHA,8501
2021234,81,83,1704,2009,636519.0,32683.0,1.7921779999999998,0.41211499999999995,GBR,GHA,8501
2021235,90,83,1704,2009,3846.0,0.0,0.2196,1.63301,GRC,GHA,8501
2021236,97,83,1704,2009,645261.0,0.0,0.654964,1.98672,HKG,GHA,8501
2021237,104,83,1704,2009,157316.0,0.0,0.209867,2.254003,IND,GHA,8501
2021238,106,83,1704,2009,2787.0,0.0,1.627233,0.020024,IRL,GHA,8501
2021239,110,83,1704,2009,234066.0,0.0,1.226438,0.816299,ISR,GHA,8501
2021240,111,83,1704,2009,374100.0,0.0,1.289,0.64549,ITA,GHA,8501
2021241,113,83,1704,2009,957.0,0.0,0.21374899999999997,0.423774,JOR,GHA,8501
2021242,114,83,1704,2009,1135066.0,0.0,2.306791,-0.251712,JPN,GHA,8501
2021243,116,83,1704,2009,1576.0,0.0,-0.26477399999999995,0.932587,KEN,GHA,8501
2021244,121,83,1704,2009,48837.0,0.0,1.509336,0.784515,KOR,GHA,8501
2021245,124,83,1704,2009,642506.0,0.0,0.48618599999999995,1.4748620000000001,LBN,GHA,8501
2021246,125,83,1704,2009,10228.0,0.0,-0.07508,-0.994632,LBR,GHA,8501
2021247,138,83,1704,2009,0.0,1556.0,1.061625,0.719234,MEX,GHA,8501
2021248,153,83,1704,2009,5245.0,0.0,0.8718229999999999,0.607429,MYS,GHA,8501
2021249,159,83,1704,2009,12149.0,0.0,-1.584051,-1.156247,NGA,GHA,8501
2021250,162,83,1704,2009,1232034.0,43011.0,1.1914850000000001,1.3076780000000001,NLD,GHA,8501
2021251,163,83,1704,2009,34663.0,0.0,0.865455,0.082808,NOR,GHA,8501
2021252,169,83,1704,2009,13711.0,0.0,0.629137,0.5894010000000001,PAN,GHA,8501
2021253,179,83,1704,2009,6432.0,0.0,0.559189,2.4359919999999997,PRT,GHA,8501
2021254,185,83,1704,2009,0.0,3585.0,0.833802,1.024418,ROU,GHA,8501
2021255,188,83,1704,2009,10632.0,0.0,0.300581,-0.813199,SAU,GHA,8501
2021256,191,83,1704,2009,22869.0,0.0,-0.53392,-0.415513,SEN,GHA,8501
2021257,192,83,1704,2009,67767.0,8769.0,1.9503540000000001,0.498033,SGP,GHA,8501
2021258,196,83,1704,2009,0.0,1556.0,0.06259400000000001,-0.273258,SLE,GHA,8501
2021259,208,83,1704,2009,84699.0,0.0,1.877821,0.336565,SWE,GHA,8501
2021260,231,83,1704,2009,198418.0,0.0,1.657663,-0.41411400000000004,USA,GHA,8501
2021261,246,83,1704,2009,1898557.0,896.0,0.316452,1.767795,ZAF,GHA,8501
2021262,249,83,1704,2009,914705.0,0.0,1.5763120000000002,0.9567950000000001,TWN,GHA,8501
2021263,250,83,1704,2009,14170.0,0.0,0.582246,-0.10603,ANS,GHA,8501
2021264,61,84,1704,2009,2514.0,0.0,2.056515,-3.034837,DEU,GIB,8501
2021265,71,84,1704,2009,372372.0,143225.0,0.9021020000000001,2.170578,ESP,GIB,8501
2021266,81,84,1704,2009,206170.0,15198.0,1.7921779999999998,0.41211499999999995,GBR,GIB,8501
2021267,90,84,1704,2009,0.0,2883.0,0.2196,1.63301,GRC,GIB,8501
2021268,111,84,1704,2009,2061.0,0.0,1.289,0.64549,ITA,GIB,8501
2021269,114,84,1704,2009,7504.0,0.0,2.306791,-0.251712,JPN,GIB,8501
2021270,162,84,1704,2009,1395.0,0.0,1.1914850000000001,1.3076780000000001,NLD,GIB,8501
2021271,177,84,1704,2009,8949.0,0.0,1.11055,1.069074,POL,GIB,8501
2021272,18,85,1704,2009,36776.0,0.0,1.272011,1.074548,BEL,GIN,8501
2021273,32,85,1704,2009,4073.0,0.0,0.35447199999999995,0.8522360000000001,BRA,GIN,8501
2021274,39,85,1704,2009,5627.0,0.0,0.6778069999999999,1.278402,CAN,GIN,8501
2021275,43,85,1704,2009,38154.0,0.0,0.898623,2.08703,CHN,GIN,8501
2021276,61,85,1704,2009,368204.0,0.0,2.056515,-3.034837,DEU,GIN,8501
2021277,71,85,1704,2009,1074639.0,0.0,0.9021020000000001,2.170578,ESP,GIN,8501
2021278,77,85,1704,2009,204232.0,0.0,1.540346,0.090377,FRA,GIN,8501
2021279,81,85,1704,2009,24876.0,0.0,1.7921779999999998,0.41211499999999995,GBR,GIN,8501
2021280,104,85,1704,2009,46059.0,0.0,0.209867,2.254003,IND,GIN,8501
2021281,110,85,1704,2009,100000.0,0.0,1.226438,0.816299,ISR,GIN,8501
2021282,111,85,1704,2009,182824.0,0.0,1.289,0.64549,ITA,GIN,8501
2021283,114,85,1704,2009,2262.0,0.0,2.306791,-0.251712,JPN,GIN,8501
2021284,121,85,1704,2009,215538.0,0.0,1.509336,0.784515,KOR,GIN,8501
2021285,124,85,1704,2009,197424.0,0.0,0.48618599999999995,1.4748620000000001,LBN,GIN,8501
2021286,138,85,1704,2009,0.0,5299.0,1.061625,0.719234,MEX,GIN,8501
2021287,162,85,1704,2009,108832.0,0.0,1.1914850000000001,1.3076780000000001,NLD,GIN,8501
2021288,163,85,1704,2009,28097.0,0.0,0.865455,0.082808,NOR,GIN,8501
2021289,179,85,1704,2009,14844.0,0.0,0.559189,2.4359919999999997,PRT,GIN,8501
2021290,186,85,1704,2009,4080.0,0.0,0.392478,-0.20038399999999998,RUS,GIN,8501
2021291,192,85,1704,2009,6582.0,0.0,1.9503540000000001,0.498033,SGP,GIN,8501
2021292,208,85,1704,2009,3288.0,0.0,1.877821,0.336565,SWE,GIN,8501
2021293,224,85,1704,2009,60781.0,0.0,0.384596,2.3797610000000002,TUR,GIN,8501
2021294,231,85,1704,2009,16009.0,0.0,1.657663,-0.41411400000000004,USA,GIN,8501
2021295,246,85,1704,2009,1495757.0,0.0,0.316452,1.767795,ZAF,GIN,8501
2021296,249,85,1704,2009,3709.0,0.0,1.5763120000000002,0.9567950000000001,TWN,GIN,8501
2021297,2,89,1704,2009,0.0,301474.0,-0.809438,-1.190006,AGO,GNQ,8501
2021298,18,89,1704,2009,332256.0,2520.0,1.272011,1.074548,BEL,GNQ,8501
2021299,32,89,1704,2009,56681.0,0.0,0.35447199999999995,0.8522360000000001,BRA,GNQ,8501
2021300,39,89,1704,2009,3919.0,0.0,0.6778069999999999,1.278402,CAN,GNQ,8501
2021301,43,89,1704,2009,27336.0,0.0,0.898623,2.08703,CHN,GNQ,8501
2021302,45,89,1704,2009,8225.0,0.0,-1.128734,-1.022546,CMR,GNQ,8501
2021303,61,89,1704,2009,18029.0,0.0,2.056515,-3.034837,DEU,GNQ,8501
2021304,71,89,1704,2009,312770.0,0.0,0.9021020000000001,2.170578,ESP,GNQ,8501
2021305,77,89,1704,2009,61130.0,0.0,1.540346,0.090377,FRA,GNQ,8501
2021306,80,89,1704,2009,4772.0,0.0,-1.197711,-1.147469,GAB,GNQ,8501
2021307,110,89,1704,2009,12000.0,0.0,1.226438,0.816299,ISR,GNQ,8501
2021308,111,89,1704,2009,108157.0,0.0,1.289,0.64549,ITA,GNQ,8501
2021309,114,89,1704,2009,4749.0,0.0,2.306791,-0.251712,JPN,GNQ,8501
2021310,124,89,1704,2009,172033.0,0.0,0.48618599999999995,1.4748620000000001,LBN,GNQ,8501
2021311,134,89,1704,2009,31852.0,0.0,-0.48819300000000004,0.173952,MAR,GNQ,8501
2021312,162,89,1704,2009,64183.0,0.0,1.1914850000000001,1.3076780000000001,NLD,GNQ,8501
2021313,179,89,1704,2009,67562.0,15217.0,0.559189,2.4359919999999997,PRT,GNQ,8501
2021314,201,89,1704,2009,1675.0,0.0,0.531766,1.477837,SRB,GNQ,8501
2021315,223,89,1704,2009,8833.0,0.0,0.044903,0.9126120000000001,TUN,GNQ,8501
2021316,228,89,1704,2009,7471.0,0.0,0.602688,0.830247,UKR,GNQ,8501
2021317,231,89,1704,2009,405436.0,0.0,1.657663,-0.41411400000000004,USA,GNQ,8501
2021318,8,101,1704,2009,4517.0,0.0,0.27637,0.611129,ARG,HTI,8501
2021319,18,101,1704,2009,5919.0,0.0,1.272011,1.074548,BEL,HTI,8501
2021320,32,101,1704,2009,7696.0,0.0,0.35447199999999995,0.8522360000000001,BRA,HTI,8501
2021321,39,101,1704,2009,0.0,2638.0,0.6778069999999999,1.278402,CAN,HTI,8501
2021322,43,101,1704,2009,5894.0,0.0,0.898623,2.08703,CHN,HTI,8501
2021323,49,101,1704,2009,2651.0,0.0,0.263416,0.38947,COL,HTI,8501
2021324,61,101,1704,2009,11282.0,0.0,2.056515,-3.034837,DEU,HTI,8501
2021325,65,101,1704,2009,175312.0,2426.0,-0.317894,0.198926,DOM,HTI,8501
2021326,77,101,1704,2009,6947.0,0.0,1.540346,0.090377,FRA,HTI,8501
2021327,93,101,1704,2009,6303.0,0.0,-0.33276999999999995,0.551257,GTM,HTI,8501
2021328,114,101,1704,2009,30810.0,0.0,2.306791,-0.251712,JPN,HTI,8501
2021329,138,101,1704,2009,8568.0,0.0,1.061625,0.719234,MEX,HTI,8501
2021330,169,101,1704,2009,253859.0,0.0,0.629137,0.5894010000000001,PAN,HTI,8501
2021331,206,101,1704,2009,3068.0,0.0,1.231382,0.820968,SVK,HTI,8501
2021332,231,101,1704,2009,1416650.0,0.0,1.657663,-0.41411400000000004,USA,HTI,8501
2021333,249,101,1704,2009,11461.0,0.0,1.5763120000000002,0.9567950000000001,TWN,HTI,8501
2021334,14,109,1704,2009,34.0,2040.0,-0.109286,0.13586900000000002,AUS,ISL,8501
2021335,15,109,1704,2009,398143.0,2664.0,1.651325,-0.020794,AUT,ISL,8501
2021336,18,109,1704,2009,15894.0,0.0,1.272011,1.074548,BEL,ISL,8501
2021337,22,109,1704,2009,0.0,25618.0,-1.030722,-0.860137,BGD,ISL,8501
2021338,32,109,1704,2009,0.0,822.0,0.35447199999999995,0.8522360000000001,BRA,ISL,8501
2021339,39,109,1704,2009,22676.0,22195.0,0.6778069999999999,1.278402,CAN,ISL,8501
2021340,41,109,1704,2009,47871.0,0.0,2.124438,0.484861,CHE,ISL,8501
2021341,43,109,1704,2009,5862.0,0.0,0.898623,2.08703,CHN,ISL,8501
2021342,59,109,1704,2009,121877.0,0.0,1.6323159999999999,0.47257200000000005,CZE,ISL,8501
2021343,61,109,1704,2009,1316640.0,5698.0,2.056515,-3.034837,DEU,ISL,8501
2021344,64,109,1704,2009,546616.0,59091.0,1.242327,1.064709,DNK,ISL,8501
2021345,71,109,1704,2009,44538.0,206550.0,0.9021020000000001,2.170578,ESP,ISL,8501
2021346,74,109,1704,2009,18478.0,11428.0,1.8206849999999999,0.797421,FIN,ISL,8501
2021347,77,109,1704,2009,65135.0,0.0,1.540346,0.090377,FRA,ISL,8501
2021348,78,109,1704,2009,0.0,24501.0,-0.437934,-0.8733879999999999,FRO,ISL,8501
2021349,80,109,1704,2009,0.0,245735.0,-1.197711,-1.147469,GAB,ISL,8501
2021350,81,109,1704,2009,95766.0,5352.0,1.7921779999999998,0.41211499999999995,GBR,ISL,8501
2021351,90,109,1704,2009,0.0,1004.0,0.2196,1.63301,GRC,ISL,8501
2021352,92,109,1704,2009,0.0,1799.0,-1.29302,-1.024092,GRL,ISL,8501
2021353,102,109,1704,2009,8934.0,0.0,1.397765,0.772375,HUN,ISL,8501
2021354,106,109,1704,2009,511.0,0.0,1.627233,0.020024,IRL,ISL,8501
2021355,111,109,1704,2009,164050.0,85675.0,1.289,0.64549,ITA,ISL,8501
2021356,114,109,1704,2009,498343.0,11663.0,2.306791,-0.251712,JPN,ISL,8501
2021357,121,109,1704,2009,15158.0,0.0,1.509336,0.784515,KOR,ISL,8501
2021358,130,109,1704,2009,2437.0,0.0,0.647736,1.150962,LTU,ISL,8501
2021359,131,109,1704,2009,963.0,0.0,1.323336,1.026341,LUX,ISL,8501
2021360,132,109,1704,2009,1163.0,0.0,0.675643,0.99977,LVA,ISL,8501
2021361,159,109,1704,2009,0.0,1486.0,-1.584051,-1.156247,NGA,ISL,8501
2021362,162,109,1704,2009,814909.0,262401.0,1.1914850000000001,1.3076780000000001,NLD,ISL,8501
2021363,163,109,1704,2009,449554.0,11691.0,0.865455,0.082808,NOR,ISL,8501
2021364,166,109,1704,2009,0.0,4104.0,0.38301999999999997,0.720644,NZL,ISL,8501
2021365,177,109,1704,2009,10272.0,1653.0,1.11055,1.069074,POL,ISL,8501
2021366,185,109,1704,2009,1030.0,0.0,0.833802,1.024418,ROU,ISL,8501
2021367,206,109,1704,2009,0.0,5304.0,1.231382,0.820968,SVK,ISL,8501
2021368,207,109,1704,2009,28672.0,0.0,1.548036,0.730396,SVN,ISL,8501
2021369,208,109,1704,2009,108055.0,5416.0,1.877821,0.336565,SWE,ISL,8501
2021370,216,109,1704,2009,10634.0,2556.0,0.79692,1.315501,THA,ISL,8501
2021371,224,109,1704,2009,0.0,1245.0,0.384596,2.3797610000000002,TUR,ISL,8501
2021372,231,109,1704,2009,300199.0,94128.0,1.657663,-0.41411400000000004,USA,ISL,8501
2021373,249,109,1704,2009,2002.0,0.0,1.5763120000000002,0.9567950000000001,TWN,ISL,8501
2021374,15,125,1704,2009,116001.0,0.0,1.651325,-0.020794,AUT,LBR,8501
2021375,18,125,1704,2009,13362.0,0.0,1.272011,1.074548,BEL,LBR,8501
2021376,41,125,1704,2009,18903.0,0.0,2.124438,0.484861,CHE,LBR,8501
2021377,44,125,1704,2009,0.0,15972.0,-0.924681,-0.801371,CIV,LBR,8501
2021378,61,125,1704,2009,26664.0,4609.0,2.056515,-3.034837,DEU,LBR,8501
2021379,81,125,1704,2009,66842.0,0.0,1.7921779999999998,0.41211499999999995,GBR,LBR,8501
2021380,83,125,1704,2009,0.0,10228.0,-0.909436,-0.6619470000000001,GHA,LBR,8501
2021381,90,125,1704,2009,8357.0,1667.0,0.2196,1.63301,GRC,LBR,8501
2021382,100,125,1704,2009,1167.0,0.0,0.740174,1.005258,HRV,LBR,8501
2021383,103,125,1704,2009,1137.0,0.0,-0.253835,1.260101,IDN,LBR,8501
2021384,104,125,1704,2009,10158.0,0.0,0.209867,2.254003,IND,LBR,8501
2021385,110,125,1704,2009,1000.0,0.0,1.226438,0.816299,ISR,LBR,8501
2021386,111,125,1704,2009,273679.0,0.0,1.289,0.64549,ITA,LBR,8501
2021387,114,125,1704,2009,20711.0,0.0,2.306791,-0.251712,JPN,LBR,8501
2021388,124,125,1704,2009,65367.0,0.0,0.48618599999999995,1.4748620000000001,LBN,LBR,8501
2021389,132,125,1704,2009,7442.0,0.0,0.675643,0.99977,LVA,LBR,8501
2021390,163,125,1704,2009,16052.0,0.0,0.865455,0.082808,NOR,LBR,8501
2021391,177,125,1704,2009,126187.0,0.0,1.11055,1.069074,POL,LBR,8501
2021392,231,125,1704,2009,16810.0,0.0,1.657663,-0.41411400000000004,USA,LBR,8501
2021393,246,125,1704,2009,5596.0,0.0,0.316452,1.767795,ZAF,LBR,8501
2021394,7,136,1704,2009,6025.0,0.0,0.070059,-0.619075,ARE,MDG,8501
2021395,14,136,1704,2009,47597.0,0.0,-0.109286,0.13586900000000002,AUS,MDG,8501
2021396,15,136,1704,2009,5153.0,0.0,1.651325,-0.020794,AUT,MDG,8501
2021397,18,136,1704,2009,132445.0,0.0,1.272011,1.074548,BEL,MDG,8501
2021398,39,136,1704,2009,0.0,1809.0,0.6778069999999999,1.278402,CAN,MDG,8501
2021399,41,136,1704,2009,370524.0,0.0,2.124438,0.484861,CHE,MDG,8501
2021400,43,136,1704,2009,389688.0,0.0,0.898623,2.08703,CHN,MDG,8501
2021401,50,136,1704,2009,2135.0,0.0,0.080831,-0.7148760000000001,COM,MDG,8501
2021402,61,136,1704,2009,1117581.0,0.0,2.056515,-3.034837,DEU,MDG,8501
2021403,68,136,1704,2009,2581.0,0.0,-0.20940300000000003,1.6466290000000001,EGY,MDG,8501
2021404,71,136,1704,2009,151158.0,0.0,0.9021020000000001,2.170578,ESP,MDG,8501
2021405,74,136,1704,2009,3828.0,0.0,1.8206849999999999,0.797421,FIN,MDG,8501
2021406,77,136,1704,2009,1914589.0,52004.0,1.540346,0.090377,FRA,MDG,8501
2021407,81,136,1704,2009,13840.0,2928.0,1.7921779999999998,0.41211499999999995,GBR,MDG,8501
2021408,90,136,1704,2009,109889.0,0.0,0.2196,1.63301,GRC,MDG,8501
2021409,97,136,1704,2009,36497.0,0.0,0.654964,1.98672,HKG,MDG,8501
2021410,104,136,1704,2009,13401.0,0.0,0.209867,2.254003,IND,MDG,8501
2021411,111,136,1704,2009,69729.0,0.0,1.289,0.64549,ITA,MDG,8501
2021412,113,136,1704,2009,82345.0,0.0,0.21374899999999997,0.423774,JOR,MDG,8501
2021413,114,136,1704,2009,17386.0,0.0,2.306791,-0.251712,JPN,MDG,8501
2021414,116,136,1704,2009,18108.0,2151.0,-0.26477399999999995,0.932587,KEN,MDG,8501
2021415,121,136,1704,2009,22209.0,0.0,1.509336,0.784515,KOR,MDG,8501
2021416,151,136,1704,2009,175630.0,983.0,-0.198194,0.067014,MUS,MDG,8501
2021417,153,136,1704,2009,861.0,0.0,0.8718229999999999,0.607429,MYS,MDG,8501
2021418,162,136,1704,2009,14445.0,2300.0,1.1914850000000001,1.3076780000000001,NLD,MDG,8501
2021419,192,136,1704,2009,36407.0,0.0,1.9503540000000001,0.498033,SGP,MDG,8501
2021420,208,136,1704,2009,2639.0,0.0,1.877821,0.336565,SWE,MDG,8501
2021421,216,136,1704,2009,2366.0,0.0,0.79692,1.315501,THA,MDG,8501
2021422,226,136,1704,2009,0.0,1445.0,-0.822897,0.644899,TZA,MDG,8501
2021423,231,136,1704,2009,366014.0,63685.0,1.657663,-0.41411400000000004,USA,MDG,8501
2021424,246,136,1704,2009,516919.0,53299.0,0.316452,1.767795,ZAF,MDG,8501
2021425,249,136,1704,2009,615116.0,0.0,1.5763120000000002,0.9567950000000001,TWN,MDG,8501
2021426,71,139,1704,2009,4190.0,0.0,0.9021020000000001,2.170578,ESP,MHL,8501
2021427,114,139,1704,2009,17291.0,0.0,2.306791,-0.251712,JPN,MHL,8501
2021428,192,139,1704,2009,0.0,3439.0,1.9503540000000001,0.498033,SGP,MHL,8501
2021429,224,139,1704,2009,30000.0,0.0,0.384596,2.3797610000000002,TUR,MHL,8501
2021430,231,139,1704,2009,276187.0,0.0,1.657663,-0.41411400000000004,USA,MHL,8501
2021431,249,139,1704,2009,5495.0,0.0,1.5763120000000002,0.9567950000000001,TWN,MHL,8501
2021432,7,147,1704,2009,210530.0,0.0,0.070059,-0.619075,ARE,MOZ,8501
2021433,14,147,1704,2009,18162.0,0.0,-0.109286,0.13586900000000002,AUS,MOZ,8501
2021434,15,147,1704,2009,7672.0,0.0,1.651325,-0.020794,AUT,MOZ,8501
2021435,18,147,1704,2009,106837.0,0.0,1.272011,1.074548,BEL,MOZ,8501
2021436,32,147,1704,2009,5599.0,0.0,0.35447199999999995,0.8522360000000001,BRA,MOZ,8501
2021437,37,147,1704,2009,0.0,1381.0,-0.008142,-0.599115,BWA,MOZ,8501
2021438,41,147,1704,2009,43469.0,0.0,2.124438,0.484861,CHE,MOZ,8501
2021439,42,147,1704,2009,7493.0,0.0,-0.219521,-0.34239,CHL,MOZ,8501
2021440,43,147,1704,2009,407338.0,0.0,0.898623,2.08703,CHN,MOZ,8501
2021441,49,147,1704,2009,6631.0,0.0,0.263416,0.38947,COL,MOZ,8501
2021442,58,147,1704,2009,92516.0,0.0,0.934193,0.657555,CYP,MOZ,8501
2021443,59,147,1704,2009,4276.0,0.0,1.6323159999999999,0.47257200000000005,CZE,MOZ,8501
2021444,61,147,1704,2009,359361.0,0.0,2.056515,-3.034837,DEU,MOZ,8501
2021445,64,147,1704,2009,11136.0,0.0,1.242327,1.064709,DNK,MOZ,8501
2021446,71,147,1704,2009,579631.0,0.0,0.9021020000000001,2.170578,ESP,MOZ,8501
2021447,74,147,1704,2009,7467.0,0.0,1.8206849999999999,0.797421,FIN,MOZ,8501
2021448,77,147,1704,2009,4469.0,0.0,1.540346,0.090377,FRA,MOZ,8501
2021449,81,147,1704,2009,509248.0,13241.0,1.7921779999999998,0.41211499999999995,GBR,MOZ,8501
2021450,90,147,1704,2009,6840.0,0.0,0.2196,1.63301,GRC,MOZ,8501
2021451,97,147,1704,2009,2849.0,0.0,0.654964,1.98672,HKG,MOZ,8501
2021452,104,147,1704,2009,41724.0,0.0,0.209867,2.254003,IND,MOZ,8501
2021453,110,147,1704,2009,1290.0,0.0,1.226438,0.816299,ISR,MOZ,8501
2021454,111,147,1704,2009,258423.0,0.0,1.289,0.64549,ITA,MOZ,8501
2021455,114,147,1704,2009,4652.0,0.0,2.306791,-0.251712,JPN,MOZ,8501
2021456,116,147,1704,2009,8154.0,5148.0,-0.26477399999999995,0.932587,KEN,MOZ,8501
2021457,121,147,1704,2009,3051.0,0.0,1.509336,0.784515,KOR,MOZ,8501
2021458,124,147,1704,2009,2589.0,0.0,0.48618599999999995,1.4748620000000001,LBN,MOZ,8501
2021459,138,147,1704,2009,2291.0,0.0,1.061625,0.719234,MEX,MOZ,8501
2021460,146,147,1704,2009,0.0,27605.0,0.500134,-0.0069489999999999994,MNP,MOZ,8501
2021461,152,147,1704,2009,44449.0,6199.0,-1.571672,-1.244864,MWI,MOZ,8501
2021462,162,147,1704,2009,1103.0,0.0,1.1914850000000001,1.3076780000000001,NLD,MOZ,8501
2021463,168,147,1704,2009,12779.0,0.0,-0.514907,0.44733100000000003,PAK,MOZ,8501
2021464,169,147,1704,2009,0.0,17617.0,0.629137,0.5894010000000001,PAN,MOZ,8501
2021465,179,147,1704,2009,231691.0,3796.0,0.559189,2.4359919999999997,PRT,MOZ,8501
2021466,186,147,1704,2009,0.0,3594.0,0.392478,-0.20038399999999998,RUS,MOZ,8501
2021467,192,147,1704,2009,0.0,8852.0,1.9503540000000001,0.498033,SGP,MOZ,8501
2021468,208,147,1704,2009,1770.0,0.0,1.877821,0.336565,SWE,MOZ,8501
2021469,209,147,1704,2009,37899.0,0.0,0.6420859999999999,0.060127999999999994,SWZ,MOZ,8501
2021470,216,147,1704,2009,16644.0,0.0,0.79692,1.315501,THA,MOZ,8501
2021471,223,147,1704,2009,97248.0,162253.0,0.044903,0.9126120000000001,TUN,MOZ,8501
2021472,226,147,1704,2009,7054.0,0.0,-0.822897,0.644899,TZA,MOZ,8501
2021473,231,147,1704,2009,163726.0,9369.0,1.657663,-0.41411400000000004,USA,MOZ,8501
2021474,246,147,1704,2009,4917089.0,962468.0,0.316452,1.767795,ZAF,MOZ,8501
2021475,247,147,1704,2009,6316.0,7412.0,-0.6423909999999999,-0.815315,ZMB,MOZ,8501
2021476,249,147,1704,2009,286966.0,0.0,1.5763120000000002,0.9567950000000001,TWN,MOZ,8501
2021477,250,147,1704,2009,20835.0,0.0,0.582246,-0.10603,ANS,MOZ,8501
2021478,7,148,1704,2009,10098.0,0.0,0.070059,-0.619075,ARE,MRT,8501
2021479,14,148,1704,2009,128842.0,0.0,-0.109286,0.13586900000000002,AUS,MRT,8501
2021480,18,148,1704,2009,882684.0,0.0,1.272011,1.074548,BEL,MRT,8501
2021481,32,148,1704,2009,46442.0,0.0,0.35447199999999995,0.8522360000000001,BRA,MRT,8501
2021482,39,148,1704,2009,121689.0,0.0,0.6778069999999999,1.278402,CAN,MRT,8501
2021483,43,148,1704,2009,10438.0,4789.0,0.898623,2.08703,CHN,MRT,8501
2021484,61,148,1704,2009,569526.0,0.0,2.056515,-3.034837,DEU,MRT,8501
2021485,71,148,1704,2009,60142.0,0.0,0.9021020000000001,2.170578,ESP,MRT,8501
2021486,77,148,1704,2009,20527133.0,0.0,1.540346,0.090377,FRA,MRT,8501
2021487,81,148,1704,2009,191008.0,0.0,1.7921779999999998,0.41211499999999995,GBR,MRT,8501
2021488,111,148,1704,2009,6344.0,0.0,1.289,0.64549,ITA,MRT,8501
2021489,124,148,1704,2009,1464.0,0.0,0.48618599999999995,1.4748620000000001,LBN,MRT,8501
2021490,134,148,1704,2009,378922.0,7250.0,-0.48819300000000004,0.173952,MAR,MRT,8501
2021491,162,148,1704,2009,45044.0,0.0,1.1914850000000001,1.3076780000000001,NLD,MRT,8501
2021492,179,148,1704,2009,7264.0,0.0,0.559189,2.4359919999999997,PRT,MRT,8501
2021493,224,148,1704,2009,79744.0,0.0,0.384596,2.3797610000000002,TUR,MRT,8501
2021494,231,148,1704,2009,242350.0,0.0,1.657663,-0.41411400000000004,USA,MRT,8501
2021495,246,148,1704,2009,247589.0,0.0,0.316452,1.767795,ZAF,MRT,8501
2021496,249,148,1704,2009,488043.0,0.0,1.5763120000000002,0.9567950000000001,TWN,MRT,8501
2021497,7,151,1704,2009,1435.0,0.0,0.070059,-0.619075,ARE,MUS,8501
2021498,14,151,1704,2009,6040.0,2304.0,-0.109286,0.13586900000000002,AUS,MUS,8501
2021499,15,151,1704,2009,63493.0,0.0,1.651325,-0.020794,AUT,MUS,8501
2021500,18,151,1704,2009,6588.0,0.0,1.272011,1.074548,BEL,MUS,8501
2021501,32,151,1704,2009,11789.0,0.0,0.35447199999999995,0.8522360000000001,BRA,MUS,8501
2021502,41,151,1704,2009,19635.0,0.0,2.124438,0.484861,CHE,MUS,8501
2021503,43,151,1704,2009,367938.0,0.0,0.898623,2.08703,CHN,MUS,8501
2021504,61,151,1704,2009,450964.0,3622.0,2.056515,-3.034837,DEU,MUS,8501
2021505,64,151,1704,2009,15449.0,0.0,1.242327,1.064709,DNK,MUS,8501
2021506,71,151,1704,2009,54333.0,0.0,0.9021020000000001,2.170578,ESP,MUS,8501
2021507,74,151,1704,2009,1698.0,0.0,1.8206849999999999,0.797421,FIN,MUS,8501
2021508,77,151,1704,2009,435836.0,90777.0,1.540346,0.090377,FRA,MUS,8501
2021509,81,151,1704,2009,94836.0,0.0,1.7921779999999998,0.41211499999999995,GBR,MUS,8501
2021510,90,151,1704,2009,784.0,0.0,0.2196,1.63301,GRC,MUS,8501
2021511,97,151,1704,2009,3510.0,0.0,0.654964,1.98672,HKG,MUS,8501
2021512,104,151,1704,2009,61246.0,0.0,0.209867,2.254003,IND,MUS,8501
2021513,111,151,1704,2009,148859.0,0.0,1.289,0.64549,ITA,MUS,8501
2021514,114,151,1704,2009,54621.0,0.0,2.306791,-0.251712,JPN,MUS,8501
2021515,121,151,1704,2009,27973.0,0.0,1.509336,0.784515,KOR,MUS,8501
2021516,136,151,1704,2009,983.0,175630.0,-1.0356610000000002,-0.198062,MDG,MUS,8501
2021517,138,151,1704,2009,694.0,0.0,1.061625,0.719234,MEX,MUS,8501
2021518,153,151,1704,2009,29594.0,0.0,0.8718229999999999,0.607429,MYS,MUS,8501
2021519,159,151,1704,2009,0.0,1676.0,-1.584051,-1.156247,NGA,MUS,8501
2021520,162,151,1704,2009,41717.0,1178.0,1.1914850000000001,1.3076780000000001,NLD,MUS,8501
2021521,177,151,1704,2009,756.0,0.0,1.11055,1.069074,POL,MUS,8501
2021522,192,151,1704,2009,40418.0,0.0,1.9503540000000001,0.498033,SGP,MUS,8501
2021523,208,151,1704,2009,4842.0,0.0,1.877821,0.336565,SWE,MUS,8501
2021524,211,151,1704,2009,0.0,10525.0,-0.16046400000000002,-0.81512,SYC,MUS,8501
2021525,216,151,1704,2009,36245.0,0.0,0.79692,1.315501,THA,MUS,8501
2021526,226,151,1704,2009,0.0,1874.0,-0.822897,0.644899,TZA,MUS,8501
2021527,231,151,1704,2009,586722.0,5002.0,1.657663,-0.41411400000000004,USA,MUS,8501
2021528,246,151,1704,2009,317583.0,15838.0,0.316452,1.767795,ZAF,MUS,8501
2021529,247,151,1704,2009,0.0,1001.0,-0.6423909999999999,-0.815315,ZMB,MUS,8501
2021530,248,151,1704,2009,0.0,53739.0,-0.686822,-0.683511,ZWE,MUS,8501
2021531,249,151,1704,2009,19313.0,3201.0,1.5763120000000002,0.9567950000000001,TWN,MUS,8501
2021532,2,155,1704,2009,0.0,2875631.0,-0.809438,-1.190006,AGO,NAM,8501
2021533,14,155,1704,2009,556435.0,0.0,-0.109286,0.13586900000000002,AUS,NAM,8501
2021534,15,155,1704,2009,20483.0,0.0,1.651325,-0.020794,AUT,NAM,8501
2021535,18,155,1704,2009,2797.0,7681.0,1.272011,1.074548,BEL,NAM,8501
2021536,37,155,1704,2009,1029.0,1968.0,-0.008142,-0.599115,BWA,NAM,8501
2021537,41,155,1704,2009,234.0,0.0,2.124438,0.484861,CHE,NAM,8501
2021538,43,155,1704,2009,62168.0,0.0,0.898623,2.08703,CHN,NAM,8501
2021539,45,155,1704,2009,2220.0,0.0,-1.128734,-1.022546,CMR,NAM,8501
2021540,46,155,1704,2009,0.0,15701.0,-1.532165,-1.160269,COD,NAM,8501
2021541,61,155,1704,2009,51804.0,0.0,2.056515,-3.034837,DEU,NAM,8501
2021542,71,155,1704,2009,3835.0,0.0,0.9021020000000001,2.170578,ESP,NAM,8501
2021543,77,155,1704,2009,93399.0,1012.0,1.540346,0.090377,FRA,NAM,8501
2021544,81,155,1704,2009,20675.0,25095.0,1.7921779999999998,0.41211499999999995,GBR,NAM,8501
2021545,97,155,1704,2009,43633.0,0.0,0.654964,1.98672,HKG,NAM,8501
2021546,104,155,1704,2009,413241.0,0.0,0.209867,2.254003,IND,NAM,8501
2021547,111,155,1704,2009,13103.0,0.0,1.289,0.64549,ITA,NAM,8501
2021548,114,155,1704,2009,13505.0,0.0,2.306791,-0.251712,JPN,NAM,8501
2021549,159,155,1704,2009,0.0,29623.0,-1.584051,-1.156247,NGA,NAM,8501
2021550,162,155,1704,2009,0.0,2027.0,1.1914850000000001,1.3076780000000001,NLD,NAM,8501
2021551,163,155,1704,2009,29200.0,0.0,0.865455,0.082808,NOR,NAM,8501
2021552,207,155,1704,2009,0.0,9769.0,1.548036,0.730396,SVN,NAM,8501
2021553,208,155,1704,2009,556752.0,0.0,1.877821,0.336565,SWE,NAM,8501
2021554,226,155,1704,2009,0.0,2579.0,-0.822897,0.644899,TZA,NAM,8501
2021555,228,155,1704,2009,9901.0,0.0,0.602688,0.830247,UKR,NAM,8501
2021556,231,155,1704,2009,16099.0,3300.0,1.657663,-0.41411400000000004,USA,NAM,8501
2021557,234,155,1704,2009,0.0,5143.0,-0.068356,-0.6011350000000001,VCT,NAM,8501
2021558,246,155,1704,2009,8159070.0,91575.0,0.316452,1.767795,ZAF,NAM,8501
2021559,247,155,1704,2009,0.0,12691.0,-0.6423909999999999,-0.815315,ZMB,NAM,8501
2021560,249,155,1704,2009,0.0,1614.0,1.5763120000000002,0.9567950000000001,TWN,NAM,8501
2021561,250,155,1704,2009,1906.0,132577.0,0.582246,-0.10603,ANS,NAM,8501
2021562,14,156,1704,2009,991979.0,489795.0,-0.109286,0.13586900000000002,AUS,NCL,8501
2021563,15,156,1704,2009,1573.0,0.0,1.651325,-0.020794,AUT,NCL,8501
2021564,18,156,1704,2009,0.0,1709.0,1.272011,1.074548,BEL,NCL,8501
2021565,32,156,1704,2009,130285.0,0.0,0.35447199999999995,0.8522360000000001,BRA,NCL,8501
2021566,39,156,1704,2009,1355.0,167.0,0.6778069999999999,1.278402,CAN,NCL,8501
2021567,41,156,1704,2009,719.0,0.0,2.124438,0.484861,CHE,NCL,8501
2021568,43,156,1704,2009,381625.0,301766.0,0.898623,2.08703,CHN,NCL,8501
2021569,59,156,1704,2009,1260.0,0.0,1.6323159999999999,0.47257200000000005,CZE,NCL,8501
2021570,61,156,1704,2009,92905.0,3298.0,2.056515,-3.034837,DEU,NCL,8501
2021571,71,156,1704,2009,53765.0,91512.0,0.9021020000000001,2.170578,ESP,NCL,8501
2021572,74,156,1704,2009,27565.0,0.0,1.8206849999999999,0.797421,FIN,NCL,8501
2021573,77,156,1704,2009,2679173.0,1640409.0,1.540346,0.090377,FRA,NCL,8501
2021574,81,156,1704,2009,4948.0,76.0,1.7921779999999998,0.41211499999999995,GBR,NCL,8501
2021575,104,156,1704,2009,44730.0,0.0,0.209867,2.254003,IND,NCL,8501
2021576,111,156,1704,2009,110716.0,42072.0,1.289,0.64549,ITA,NCL,8501
2021577,114,156,1704,2009,20356.0,23402.0,2.306791,-0.251712,JPN,NCL,8501
2021578,121,156,1704,2009,5350.0,6264.0,1.509336,0.784515,KOR,NCL,8501
2021579,131,156,1704,2009,25086.0,47299.0,1.323336,1.026341,LUX,NCL,8501
2021580,153,156,1704,2009,1508.0,0.0,0.8718229999999999,0.607429,MYS,NCL,8501
2021581,162,156,1704,2009,6719.0,81.0,1.1914850000000001,1.3076780000000001,NLD,NCL,8501
2021582,166,156,1704,2009,118354.0,1652.0,0.38301999999999997,0.720644,NZL,NCL,8501
2021583,192,156,1704,2009,0.0,71.0,1.9503540000000001,0.498033,SGP,NCL,8501
2021584,208,156,1704,2009,22191.0,2494.0,1.877821,0.336565,SWE,NCL,8501
2021585,216,156,1704,2009,932.0,14.0,0.79692,1.315501,THA,NCL,8501
2021586,231,156,1704,2009,49827.0,25381.0,1.657663,-0.41411400000000004,USA,NCL,8501
2021587,240,156,1704,2009,0.0,6391.0,-0.9398479999999999,-0.9635799999999999,VUT,NCL,8501
2021588,246,156,1704,2009,4268.0,12556.0,0.316452,1.767795,ZAF,NCL,8501
2021589,249,156,1704,2009,170268.0,386824.0,1.5763120000000002,0.9567950000000001,TWN,NCL,8501
2021590,166,158,1704,2009,2132.0,0.0,0.38301999999999997,0.720644,NZL,NFK,8501
2021591,14,165,1704,2009,1661.0,2442.0,-0.109286,0.13586900000000002,AUS,NRU,8501
2021592,77,165,1704,2009,0.0,2221.0,1.540346,0.090377,FRA,NRU,8501
2021593,166,171,1704,2009,1634.0,0.0,0.38301999999999997,0.720644,NZL,PCN,8501
2021594,14,176,1704,2009,2728482.0,63026.0,-0.109286,0.13586900000000002,AUS,PNG,8501
2021595,32,176,1704,2009,42550.0,0.0,0.35447199999999995,0.8522360000000001,BRA,PNG,8501
2021596,39,176,1704,2009,6094136.0,0.0,0.6778069999999999,1.278402,CAN,PNG,8501
2021597,43,176,1704,2009,545531.0,0.0,0.898623,2.08703,CHN,PNG,8501
2021598,61,176,1704,2009,566464.0,0.0,2.056515,-3.034837,DEU,PNG,8501
2021599,74,176,1704,2009,2413.0,0.0,1.8206849999999999,0.797421,FIN,PNG,8501
2021600,81,176,1704,2009,5334.0,0.0,1.7921779999999998,0.41211499999999995,GBR,PNG,8501
2021601,103,176,1704,2009,749707.0,0.0,-0.253835,1.260101,IDN,PNG,8501
2021602,104,176,1704,2009,36548.0,0.0,0.209867,2.254003,IND,PNG,8501
2021603,114,176,1704,2009,26875.0,0.0,2.306791,-0.251712,JPN,PNG,8501
2021604,121,176,1704,2009,26397.0,0.0,1.509336,0.784515,KOR,PNG,8501
2021605,153,176,1704,2009,278130.0,0.0,0.8718229999999999,0.607429,MYS,PNG,8501
2021606,162,176,1704,2009,65578.0,601470.0,1.1914850000000001,1.3076780000000001,NLD,PNG,8501
2021607,166,176,1704,2009,8567.0,0.0,0.38301999999999997,0.720644,NZL,PNG,8501
2021608,174,176,1704,2009,2510.0,0.0,0.34318000000000004,0.095375,PHL,PNG,8501
2021609,192,176,1704,2009,633234.0,0.0,1.9503540000000001,0.498033,SGP,PNG,8501
2021610,216,176,1704,2009,7503.0,0.0,0.79692,1.315501,THA,PNG,8501
2021611,221,176,1704,2009,0.0,47728.0,-0.439709,-0.7270939999999999,TON,PNG,8501
2021612,231,176,1704,2009,28874.0,0.0,1.657663,-0.41411400000000004,USA,PNG,8501
2021613,240,176,1704,2009,0.0,61416.0,-0.9398479999999999,-0.9635799999999999,VUT,PNG,8501
2021614,246,176,1704,2009,6340.0,0.0,0.316452,1.767795,ZAF,PNG,8501
2021615,249,176,1704,2009,355907.0,0.0,1.5763120000000002,0.9567950000000001,TWN,PNG,8501
2021616,15,178,1704,2009,204403.0,0.0,1.651325,-0.020794,AUT,PRK,8501
2021617,23,178,1704,2009,0.0,2896.0,0.373594,1.571413,BGR,PRK,8501
2021618,32,178,1704,2009,76633.0,29600.0,0.35447199999999995,0.8522360000000001,BRA,PRK,8501
2021619,43,178,1704,2009,6117300.0,0.0,0.898623,2.08703,CHN,PRK,8501
2021620,61,178,1704,2009,857140.0,0.0,2.056515,-3.034837,DEU,PRK,8501
2021621,64,178,1704,2009,9626.0,0.0,1.242327,1.064709,DNK,PRK,8501
2021622,66,178,1704,2009,0.0,4568.0,-1.161786,-1.188669,DZA,PRK,8501
2021623,68,178,1704,2009,0.0,693243.0,-0.20940300000000003,1.6466290000000001,EGY,PRK,8501
2021624,77,178,1704,2009,0.0,1110.0,1.540346,0.090377,FRA,PRK,8501
2021625,96,178,1704,2009,0.0,10311.0,-1.0557809999999999,-1.055825,GUY,PRK,8501
2021626,104,178,1704,2009,34051.0,6898.0,0.209867,2.254003,IND,PRK,8501
2021627,114,178,1704,2009,9852.0,0.0,2.306791,-0.251712,JPN,PRK,8501
2021628,138,178,1704,2009,0.0,22051.0,1.061625,0.719234,MEX,PRK,8501
2021629,186,178,1704,2009,33708.0,29866.0,0.392478,-0.20038399999999998,RUS,PRK,8501
2021630,192,178,1704,2009,1725.0,0.0,1.9503540000000001,0.498033,SGP,PRK,8501
2021631,201,178,1704,2009,0.0,3894.0,0.531766,1.477837,SRB,PRK,8501
2021632,216,178,1704,2009,0.0,3931.0,0.79692,1.315501,THA,PRK,8501
2021633,236,178,1704,2009,0.0,52063.0,-0.5847600000000001,-1.150334,VEN,PRK,8501
2021634,249,178,1704,2009,3065.0,0.0,1.5763120000000002,0.9567950000000001,TWN,PRK,8501
2021635,7,187,1704,2009,248947.0,0.0,0.070059,-0.619075,ARE,RWA,8501
2021636,18,187,1704,2009,13489.0,0.0,1.272011,1.074548,BEL,RWA,8501
2021637,39,187,1704,2009,0.0,1061.0,0.6778069999999999,1.278402,CAN,RWA,8501
2021638,41,187,1704,2009,8985.0,0.0,2.124438,0.484861,CHE,RWA,8501
2021639,43,187,1704,2009,50785.0,0.0,0.898623,2.08703,CHN,RWA,8501
2021640,46,187,1704,2009,0.0,17937.0,-1.532165,-1.160269,COD,RWA,8501
2021641,59,187,1704,2009,2395.0,0.0,1.6323159999999999,0.47257200000000005,CZE,RWA,8501
2021642,61,187,1704,2009,63355.0,0.0,2.056515,-3.034837,DEU,RWA,8501
2021643,74,187,1704,2009,2901.0,0.0,1.8206849999999999,0.797421,FIN,RWA,8501
2021644,77,187,1704,2009,168951.0,0.0,1.540346,0.090377,FRA,RWA,8501
2021645,81,187,1704,2009,116465.0,0.0,1.7921779999999998,0.41211499999999995,GBR,RWA,8501
2021646,104,187,1704,2009,166912.0,0.0,0.209867,2.254003,IND,RWA,8501
2021647,110,187,1704,2009,384643.0,0.0,1.226438,0.816299,ISR,RWA,8501
2021648,111,187,1704,2009,78699.0,0.0,1.289,0.64549,ITA,RWA,8501
2021649,114,187,1704,2009,674.0,0.0,2.306791,-0.251712,JPN,RWA,8501
2021650,116,187,1704,2009,264507.0,0.0,-0.26477399999999995,0.932587,KEN,RWA,8501
2021651,121,187,1704,2009,2308.0,0.0,1.509336,0.784515,KOR,RWA,8501
2021652,162,187,1704,2009,387706.0,0.0,1.1914850000000001,1.3076780000000001,NLD,RWA,8501
2021653,190,187,1704,2009,0.0,90511.0,-2.2948020000000002,-1.3182040000000002,SDN,RWA,8501
2021654,226,187,1704,2009,662.0,10588.0,-0.822897,0.644899,TZA,RWA,8501
2021655,227,187,1704,2009,151302.0,7080.0,-0.573707,-0.036203,UGA,RWA,8501
2021656,231,187,1704,2009,13560.0,0.0,1.657663,-0.41411400000000004,USA,RWA,8501
2021657,246,187,1704,2009,160655.0,0.0,0.316452,1.767795,ZAF,RWA,8501
2021658,7,191,1704,2009,9133.0,0.0,0.070059,-0.619075,ARE,SEN,8501
2021659,14,191,1704,2009,142531.0,0.0,-0.109286,0.13586900000000002,AUS,SEN,8501
2021660,18,191,1704,2009,739577.0,0.0,1.272011,1.074548,BEL,SEN,8501
2021661,32,191,1704,2009,3199.0,0.0,0.35447199999999995,0.8522360000000001,BRA,SEN,8501
2021662,39,191,1704,2009,16106.0,0.0,0.6778069999999999,1.278402,CAN,SEN,8501
2021663,41,191,1704,2009,18735.0,0.0,2.124438,0.484861,CHE,SEN,8501
2021664,43,191,1704,2009,215463.0,0.0,0.898623,2.08703,CHN,SEN,8501
2021665,61,191,1704,2009,369637.0,2140.0,2.056515,-3.034837,DEU,SEN,8501
2021666,64,191,1704,2009,1008.0,0.0,1.242327,1.064709,DNK,SEN,8501
2021667,71,191,1704,2009,225428.0,10967.0,0.9021020000000001,2.170578,ESP,SEN,8501
2021668,74,191,1704,2009,130951.0,0.0,1.8206849999999999,0.797421,FIN,SEN,8501
2021669,77,191,1704,2009,729462.0,0.0,1.540346,0.090377,FRA,SEN,8501
2021670,81,191,1704,2009,211758.0,242.0,1.7921779999999998,0.41211499999999995,GBR,SEN,8501
2021671,83,191,1704,2009,0.0,22869.0,-0.909436,-0.6619470000000001,GHA,SEN,8501
2021672,88,191,1704,2009,0.0,76188.0,-0.6868890000000001,-0.9243459999999999,GNB,SEN,8501
2021673,97,191,1704,2009,5006.0,0.0,0.654964,1.98672,HKG,SEN,8501
2021674,103,191,1704,2009,2023.0,0.0,-0.253835,1.260101,IDN,SEN,8501
2021675,104,191,1704,2009,95453.0,0.0,0.209867,2.254003,IND,SEN,8501
2021676,111,191,1704,2009,576877.0,0.0,1.289,0.64549,ITA,SEN,8501
2021677,114,191,1704,2009,6728.0,0.0,2.306791,-0.251712,JPN,SEN,8501
2021678,121,191,1704,2009,38800.0,0.0,1.509336,0.784515,KOR,SEN,8501
2021679,124,191,1704,2009,6072.0,0.0,0.48618599999999995,1.4748620000000001,LBN,SEN,8501
2021680,134,191,1704,2009,1571.0,0.0,-0.48819300000000004,0.173952,MAR,SEN,8501
2021681,141,191,1704,2009,0.0,5810.0,-0.84835,-0.780324,MLI,SEN,8501
2021682,157,191,1704,2009,0.0,4843.0,-1.306036,-0.956361,NER,SEN,8501
2021683,162,191,1704,2009,2813.0,0.0,1.1914850000000001,1.3076780000000001,NLD,SEN,8501
2021684,179,191,1704,2009,10543.0,0.0,0.559189,2.4359919999999997,PRT,SEN,8501
2021685,208,191,1704,2009,2260.0,0.0,1.877821,0.336565,SWE,SEN,8501
2021686,224,191,1704,2009,428996.0,0.0,0.384596,2.3797610000000002,TUR,SEN,8501
2021687,231,191,1704,2009,26837.0,937.0,1.657663,-0.41411400000000004,USA,SEN,8501
2021688,246,191,1704,2009,169358.0,0.0,0.316452,1.767795,ZAF,SEN,8501
2021689,249,191,1704,2009,1800.0,0.0,1.5763120000000002,0.9567950000000001,TWN,SEN,8501
2021690,116,199,1704,2009,771353.0,0.0,-0.26477399999999995,0.932587,KEN,SOM,8501
2021691,246,199,1704,2009,361295.0,0.0,0.316452,1.767795,ZAF,SOM,8501
2021692,18,215,1704,2009,35358.0,0.0,1.272011,1.074548,BEL,TGO,8501
2021693,19,215,1704,2009,14448.0,0.0,-0.93195,-0.813017,BEN,TGO,8501
2021694,41,215,1704,2009,17263.0,0.0,2.124438,0.484861,CHE,TGO,8501
2021695,43,215,1704,2009,49567.0,0.0,0.898623,2.08703,CHN,TGO,8501
2021696,44,215,1704,2009,9886.0,0.0,-0.924681,-0.801371,CIV,TGO,8501
2021697,61,215,1704,2009,31770.0,0.0,2.056515,-3.034837,DEU,TGO,8501
2021698,74,215,1704,2009,58438.0,0.0,1.8206849999999999,0.797421,FIN,TGO,8501
2021699,77,215,1704,2009,63067.0,0.0,1.540346,0.090377,FRA,TGO,8501
2021700,80,215,1704,2009,0.0,341.0,-1.197711,-1.147469,GAB,TGO,8501
2021701,103,215,1704,2009,5738.0,0.0,-0.253835,1.260101,IDN,TGO,8501
2021702,104,215,1704,2009,180104.0,0.0,0.209867,2.254003,IND,TGO,8501
2021703,111,215,1704,2009,41962.0,0.0,1.289,0.64549,ITA,TGO,8501
2021704,114,215,1704,2009,1443.0,0.0,2.306791,-0.251712,JPN,TGO,8501
2021705,121,215,1704,2009,4480.0,0.0,1.509336,0.784515,KOR,TGO,8501
2021706,124,215,1704,2009,1300.0,0.0,0.48618599999999995,1.4748620000000001,LBN,TGO,8501
2021707,188,215,1704,2009,1778.0,0.0,0.300581,-0.813199,SAU,TGO,8501
2021708,246,215,1704,2009,0.0,14320.0,0.316452,1.767795,ZAF,TGO,8501
2021709,249,215,1704,2009,15622.0,0.0,1.5763120000000002,0.9567950000000001,TWN,TGO,8501
2021710,14,220,1704,2009,24628.0,1640.0,-0.109286,0.13586900000000002,AUS,TLS,8501
2021711,43,220,1704,2009,12941.0,0.0,0.898623,2.08703,CHN,TLS,8501
2021712,103,220,1704,2009,192872.0,0.0,-0.253835,1.260101,IDN,TLS,8501
2021713,114,220,1704,2009,2680.0,0.0,2.306791,-0.251712,JPN,TLS,8501
2021714,7,227,1704,2009,295961.0,0.0,0.070059,-0.619075,ARE,UGA,8501
2021715,14,227,1704,2009,1343.0,8102.0,-0.109286,0.13586900000000002,AUS,UGA,8501
2021716,15,227,1704,2009,2733.0,0.0,1.651325,-0.020794,AUT,UGA,8501
2021717,17,227,1704,2009,0.0,26980.0,-0.43971099999999996,-0.575079,BDI,UGA,8501
2021718,18,227,1704,2009,5774.0,0.0,1.272011,1.074548,BEL,UGA,8501
2021719,23,227,1704,2009,268.0,0.0,0.373594,1.571413,BGR,UGA,8501
2021720,32,227,1704,2009,135.0,0.0,0.35447199999999995,0.8522360000000001,BRA,UGA,8501
2021721,39,227,1704,2009,1780.0,1038.0,0.6778069999999999,1.278402,CAN,UGA,8501
2021722,41,227,1704,2009,8354.0,0.0,2.124438,0.484861,CHE,UGA,8501
2021723,43,227,1704,2009,157065.0,0.0,0.898623,2.08703,CHN,UGA,8501
2021724,46,227,1704,2009,0.0,56523.0,-1.532165,-1.160269,COD,UGA,8501
2021725,47,227,1704,2009,0.0,4835.0,-1.466289,-1.201249,COG,UGA,8501
2021726,61,227,1704,2009,620603.0,0.0,2.056515,-3.034837,DEU,UGA,8501
2021727,64,227,1704,2009,1434.0,0.0,1.242327,1.064709,DNK,UGA,8501
2021728,68,227,1704,2009,50069.0,11517.0,-0.20940300000000003,1.6466290000000001,EGY,UGA,8501
2021729,71,227,1704,2009,219666.0,0.0,0.9021020000000001,2.170578,ESP,UGA,8501
2021730,73,227,1704,2009,1749.0,8606.0,-0.967483,-0.8219,ETH,UGA,8501
2021731,74,227,1704,2009,154845.0,0.0,1.8206849999999999,0.797421,FIN,UGA,8501
2021732,77,227,1704,2009,9757.0,0.0,1.540346,0.090377,FRA,UGA,8501
2021733,81,227,1704,2009,238572.0,32876.0,1.7921779999999998,0.41211499999999995,GBR,UGA,8501
2021734,90,227,1704,2009,1891.0,0.0,0.2196,1.63301,GRC,UGA,8501
2021735,97,227,1704,2009,2122.0,0.0,0.654964,1.98672,HKG,UGA,8501
2021736,103,227,1704,2009,66203.0,0.0,-0.253835,1.260101,IDN,UGA,8501
2021737,104,227,1704,2009,312577.0,0.0,0.209867,2.254003,IND,UGA,8501
2021738,110,227,1704,2009,11276.0,0.0,1.226438,0.816299,ISR,UGA,8501
2021739,111,227,1704,2009,423453.0,0.0,1.289,0.64549,ITA,UGA,8501
2021740,114,227,1704,2009,68841.0,0.0,2.306791,-0.251712,JPN,UGA,8501
2021741,116,227,1704,2009,578269.0,199687.0,-0.26477399999999995,0.932587,KEN,UGA,8501
2021742,121,227,1704,2009,1681.0,0.0,1.509336,0.784515,KOR,UGA,8501
2021743,124,227,1704,2009,6839.0,0.0,0.48618599999999995,1.4748620000000001,LBN,UGA,8501
2021744,131,227,1704,2009,0.0,17320.0,1.323336,1.026341,LUX,UGA,8501
2021745,153,227,1704,2009,35549.0,0.0,0.8718229999999999,0.607429,MYS,UGA,8501
2021746,162,227,1704,2009,13128.0,0.0,1.1914850000000001,1.3076780000000001,NLD,UGA,8501
2021747,177,227,1704,2009,2161.0,0.0,1.11055,1.069074,POL,UGA,8501
2021748,187,227,1704,2009,7080.0,151302.0,-0.31001599999999996,-0.5382170000000001,RWA,UGA,8501
2021749,190,227,1704,2009,1096.0,141799.0,-2.2948020000000002,-1.3182040000000002,SDN,UGA,8501
2021750,207,227,1704,2009,878298.0,0.0,1.548036,0.730396,SVN,UGA,8501
2021751,216,227,1704,2009,9774.0,0.0,0.79692,1.315501,THA,UGA,8501
2021752,224,227,1704,2009,789.0,0.0,0.384596,2.3797610000000002,TUR,UGA,8501
2021753,226,227,1704,2009,18779.0,18123.0,-0.822897,0.644899,TZA,UGA,8501
2021754,228,227,1704,2009,12737.0,0.0,0.602688,0.830247,UKR,UGA,8501
2021755,231,227,1704,2009,45566.0,0.0,1.657663,-0.41411400000000004,USA,UGA,8501
2021756,246,227,1704,2009,372453.0,16007.0,0.316452,1.767795,ZAF,UGA,8501
2021757,249,227,1704,2009,942.0,0.0,1.5763120000000002,0.9567950000000001,TWN,UGA,8501
2021758,81,229,1704,2009,0.0,27812.0,1.7921779999999998,0.41211499999999995,GBR,UMI,8501
2021759,43,234,1704,2009,8611.0,0.0,0.898623,2.08703,CHN,VCT,8501
2021760,61,234,1704,2009,2944.0,0.0,2.056515,-3.034837,DEU,VCT,8501
2021761,63,234,1704,2009,0.0,1532.0,0.348966,-0.09711399999999999,DMA,VCT,8501
2021762,64,234,1704,2009,2136.0,0.0,1.242327,1.064709,DNK,VCT,8501
2021763,81,234,1704,2009,10219.0,0.0,1.7921779999999998,0.41211499999999995,GBR,VCT,8501
2021764,111,234,1704,2009,27919.0,0.0,1.289,0.64549,ITA,VCT,8501
2021765,114,234,1704,2009,4215.0,0.0,2.306791,-0.251712,JPN,VCT,8501
2021766,127,234,1704,2009,31257.0,0.0,0.34839699999999996,-0.531658,LCA,VCT,8501
2021767,155,234,1704,2009,5143.0,0.0,-0.081207,-0.075292,NAM,VCT,8501
2021768,208,234,1704,2009,3715.0,0.0,1.877821,0.336565,SWE,VCT,8501
2021769,222,234,1704,2009,9040.0,3062.0,-0.508195,-1.097365,TTO,VCT,8501
2021770,224,234,1704,2009,16267.0,0.0,0.384596,2.3797610000000002,TUR,VCT,8501
2021771,231,234,1704,2009,613707.0,97153.0,1.657663,-0.41411400000000004,USA,VCT,8501
2021772,59,237,1704,2009,20852.0,0.0,1.6323159999999999,0.47257200000000005,CZE,VGB,8501
2021773,61,237,1704,2009,2190.0,0.0,2.056515,-3.034837,DEU,VGB,8501
2021774,81,237,1704,2009,7842.0,0.0,1.7921779999999998,0.41211499999999995,GBR,VGB,8501
2021775,153,237,1704,2009,0.0,908054.0,0.8718229999999999,0.607429,MYS,VGB,8501
2021776,177,237,1704,2009,3909.0,0.0,1.11055,1.069074,POL,VGB,8501
2021777,201,237,1704,2009,8713.0,0.0,0.531766,1.477837,SRB,VGB,8501
2021778,216,237,1704,2009,0.0,57215.0,0.79692,1.315501,THA,VGB,8501
2021779,231,237,1704,2009,528266.0,0.0,1.657663,-0.41411400000000004,USA,VGB,8501
2021780,249,237,1704,2009,0.0,8359.0,1.5763120000000002,0.9567950000000001,TWN,VGB,8501
2021781,14,240,1704,2009,66306.0,0.0,-0.109286,0.13586900000000002,AUS,VUT,8501
2021782,43,240,1704,2009,37628.0,0.0,0.898623,2.08703,CHN,VUT,8501
2021783,61,240,1704,2009,4438.0,0.0,2.056515,-3.034837,DEU,VUT,8501
2021784,75,240,1704,2009,27463.0,0.0,-0.785772,-0.305228,FJI,VUT,8501
2021785,77,240,1704,2009,8391.0,0.0,1.540346,0.090377,FRA,VUT,8501
2021786,104,240,1704,2009,2502.0,0.0,0.209867,2.254003,IND,VUT,8501
2021787,114,240,1704,2009,7570.0,0.0,2.306791,-0.251712,JPN,VUT,8501
2021788,156,240,1704,2009,6391.0,0.0,1.323528,0.523435,NCL,VUT,8501
2021789,162,240,1704,2009,356.0,0.0,1.1914850000000001,1.3076780000000001,NLD,VUT,8501
2021790,166,240,1704,2009,49463.0,0.0,0.38301999999999997,0.720644,NZL,VUT,8501
2021791,176,240,1704,2009,61416.0,0.0,-1.90537,-1.2462030000000002,PNG,VUT,8501
2021792,239,240,1704,2009,1106.0,0.0,-0.27396,1.131199,VNM,VUT,8501
2021793,246,240,1704,2009,13942.0,0.0,0.316452,1.767795,ZAF,VUT,8501
2021794,249,240,1704,2009,4986.0,0.0,1.5763120000000002,0.9567950000000001,TWN,VUT,8501
2021795,7,247,1704,2009,12435.0,0.0,0.070059,-0.619075,ARE,ZMB,8501
2021796,14,247,1704,2009,112300.0,2990.0,-0.109286,0.13586900000000002,AUS,ZMB,8501
2021797,15,247,1704,2009,2051.0,0.0,1.651325,-0.020794,AUT,ZMB,8501
2021798,18,247,1704,2009,937.0,0.0,1.272011,1.074548,BEL,ZMB,8501
2021799,32,247,1704,2009,101989.0,0.0,0.35447199999999995,0.8522360000000001,BRA,ZMB,8501
2021800,37,247,1704,2009,14981.0,0.0,-0.008142,-0.599115,BWA,ZMB,8501
2021801,39,247,1704,2009,38542.0,1311.0,0.6778069999999999,1.278402,CAN,ZMB,8501
2021802,41,247,1704,2009,4981.0,0.0,2.124438,0.484861,CHE,ZMB,8501
2021803,43,247,1704,2009,377084.0,0.0,0.898623,2.08703,CHN,ZMB,8501
2021804,44,247,1704,2009,1865.0,0.0,-0.924681,-0.801371,CIV,ZMB,8501
2021805,46,247,1704,2009,24490.0,417490.0,-1.532165,-1.160269,COD,ZMB,8501
2021806,61,247,1704,2009,126813.0,0.0,2.056515,-3.034837,DEU,ZMB,8501
2021807,64,247,1704,2009,5975.0,0.0,1.242327,1.064709,DNK,ZMB,8501
2021808,71,247,1704,2009,2653.0,0.0,0.9021020000000001,2.170578,ESP,ZMB,8501
2021809,74,247,1704,2009,3703.0,0.0,1.8206849999999999,0.797421,FIN,ZMB,8501
2021810,77,247,1704,2009,776384.0,0.0,1.540346,0.090377,FRA,ZMB,8501
2021811,81,247,1704,2009,600891.0,0.0,1.7921779999999998,0.41211499999999995,GBR,ZMB,8501
2021812,104,247,1704,2009,216768.0,0.0,0.209867,2.254003,IND,ZMB,8501
2021813,106,247,1704,2009,3068.0,0.0,1.627233,0.020024,IRL,ZMB,8501
2021814,111,247,1704,2009,555963.0,0.0,1.289,0.64549,ITA,ZMB,8501
2021815,116,247,1704,2009,11209.0,0.0,-0.26477399999999995,0.932587,KEN,ZMB,8501
2021816,121,247,1704,2009,1286.0,0.0,1.509336,0.784515,KOR,ZMB,8501
2021817,124,247,1704,2009,11068.0,0.0,0.48618599999999995,1.4748620000000001,LBN,ZMB,8501
2021818,131,247,1704,2009,2838.0,0.0,1.323336,1.026341,LUX,ZMB,8501
2021819,147,247,1704,2009,7412.0,6316.0,-1.0023090000000001,-0.844765,MOZ,ZMB,8501
2021820,151,247,1704,2009,1001.0,0.0,-0.198194,0.067014,MUS,ZMB,8501
2021821,152,247,1704,2009,2728.0,3143.0,-1.571672,-1.244864,MWI,ZMB,8501
2021822,153,247,1704,2009,703.0,0.0,0.8718229999999999,0.607429,MYS,ZMB,8501
2021823,155,247,1704,2009,12691.0,0.0,-0.081207,-0.075292,NAM,ZMB,8501
2021824,162,247,1704,2009,4676.0,0.0,1.1914850000000001,1.3076780000000001,NLD,ZMB,8501
2021825,173,247,1704,2009,1487.0,0.0,-0.53304,0.221183,PER,ZMB,8501
2021826,208,247,1704,2009,81137.0,0.0,1.877821,0.336565,SWE,ZMB,8501
2021827,216,247,1704,2009,1371.0,0.0,0.79692,1.315501,THA,ZMB,8501
2021828,226,247,1704,2009,12160.0,0.0,-0.822897,0.644899,TZA,ZMB,8501
2021829,231,247,1704,2009,56001.0,763.0,1.657663,-0.41411400000000004,USA,ZMB,8501
2021830,246,247,1704,2009,7600362.0,316999.0,0.316452,1.767795,ZAF,ZMB,8501
2021831,248,247,1704,2009,3532.0,46783.0,-0.686822,-0.683511,ZWE,ZMB,8501
2021832,249,247,1704,2009,5564.0,0.0,1.5763120000000002,0.9567950000000001,TWN,ZMB,8501
2021833,68,63,1704,2009,0.0,43553.0,-0.20940300000000003,1.6466290000000001,EGY,DMA,8501
2021834,77,63,1704,2009,5696.0,0.0,1.540346,0.090377,FRA,DMA,8501
2021835,114,63,1704,2009,24658.0,0.0,2.306791,-0.251712,JPN,DMA,8501
2021836,222,63,1704,2009,5996.0,0.0,-0.508195,-1.097365,TTO,DMA,8501
2021837,231,63,1704,2009,312319.0,15541.0,1.657663,-0.41411400000000004,USA,DMA,8501
2021838,234,63,1704,2009,1532.0,0.0,-0.068356,-0.6011350000000001,VCT,DMA,8501
2021839,32,120,1704,2009,2794.0,0.0,0.35447199999999995,0.8522360000000001,BRA,KNA,8501
2021840,39,120,1704,2009,5221.0,0.0,0.6778069999999999,1.278402,CAN,KNA,8501
2021841,43,120,1704,2009,6892.0,0.0,0.898623,2.08703,CHN,KNA,8501
2021842,59,120,1704,2009,0.0,36350.0,1.6323159999999999,0.47257200000000005,CZE,KNA,8501
2021843,61,120,1704,2009,2451.0,0.0,2.056515,-3.034837,DEU,KNA,8501
2021844,77,120,1704,2009,11445.0,0.0,1.540346,0.090377,FRA,KNA,8501
2021845,81,120,1704,2009,16018.0,1812.0,1.7921779999999998,0.41211499999999995,GBR,KNA,8501
2021846,111,120,1704,2009,3130.0,0.0,1.289,0.64549,ITA,KNA,8501
2021847,138,120,1704,2009,0.0,2525.0,1.061625,0.719234,MEX,KNA,8501
2021848,231,120,1704,2009,520158.0,3527.0,1.657663,-0.41411400000000004,USA,KNA,8501
2021849,249,120,1704,2009,984.0,0.0,1.5763120000000002,0.9567950000000001,TWN,KNA,8501
2021850,138,149,1704,2009,0.0,3293.0,1.061625,0.719234,MEX,MSR,8501
2021851,231,149,1704,2009,1497.0,0.0,1.657663,-0.41411400000000004,USA,MSR,8501
2021852,7,9,1704,2009,2976.0,0.0,0.070059,-0.619075,ARE,ARM,8501
2021853,8,9,1704,2009,2368.0,0.0,0.27637,0.611129,ARG,ARM,8501
2021854,15,9,1704,2009,3866.0,0.0,1.651325,-0.020794,AUT,ARM,8501
2021855,18,9,1704,2009,929.0,0.0,1.272011,1.074548,BEL,ARM,8501
2021856,41,9,1704,2009,19264.0,0.0,2.124438,0.484861,CHE,ARM,8501
2021857,43,9,1704,2009,163402.0,0.0,0.898623,2.08703,CHN,ARM,8501
2021858,59,9,1704,2009,8922.0,0.0,1.6323159999999999,0.47257200000000005,CZE,ARM,8501
2021859,61,9,1704,2009,56220.0,0.0,2.056515,-3.034837,DEU,ARM,8501
2021860,64,9,1704,2009,8471.0,0.0,1.242327,1.064709,DNK,ARM,8501
2021861,74,9,1704,2009,1142911.0,0.0,1.8206849999999999,0.797421,FIN,ARM,8501
2021862,77,9,1704,2009,20392.0,0.0,1.540346,0.090377,FRA,ARM,8501
2021863,82,9,1704,2009,115971.0,15579.0,0.045952,-0.381822,GEO,ARM,8501
2021864,104,9,1704,2009,270535.0,0.0,0.209867,2.254003,IND,ARM,8501
2021865,106,9,1704,2009,1129.0,0.0,1.627233,0.020024,IRL,ARM,8501
2021866,107,9,1704,2009,0.0,3423.0,-1.185702,-1.1049360000000001,IRN,ARM,8501
2021867,111,9,1704,2009,190912.0,0.0,1.289,0.64549,ITA,ARM,8501
2021868,114,9,1704,2009,1129.0,0.0,2.306791,-0.251712,JPN,ARM,8501
2021869,115,9,1704,2009,0.0,62816.0,-0.6547970000000001,-0.772256,KAZ,ARM,8501
2021870,121,9,1704,2009,53162.0,0.0,1.509336,0.784515,KOR,ARM,8501
2021871,132,9,1704,2009,4363.0,0.0,0.675643,0.99977,LVA,ARM,8501
2021872,135,9,1704,2009,63096.0,4333.0,0.009281999999999999,-0.039299,MDA,ARM,8501
2021873,138,9,1704,2009,183.0,0.0,1.061625,0.719234,MEX,ARM,8501
2021874,177,9,1704,2009,974.0,0.0,1.11055,1.069074,POL,ARM,8501
2021875,185,9,1704,2009,15465.0,0.0,0.833802,1.024418,ROU,ARM,8501
2021876,186,9,1704,2009,666661.0,461908.0,0.392478,-0.20038399999999998,RUS,ARM,8501
2021877,208,9,1704,2009,2643.0,4096.0,1.877821,0.336565,SWE,ARM,8501
2021878,224,9,1704,2009,330.0,0.0,0.384596,2.3797610000000002,TUR,ARM,8501
2021879,228,9,1704,2009,5479.0,0.0,0.602688,0.830247,UKR,ARM,8501
2021880,231,9,1704,2009,7828.0,13106.0,1.657663,-0.41411400000000004,USA,ARM,8501
2021881,232,9,1704,2009,0.0,7955.0,-0.6115470000000001,-0.710622,UZB,ARM,8501
2021882,246,9,1704,2009,774.0,0.0,0.316452,1.767795,ZAF,ARM,8501
2021883,249,9,1704,2009,1886.0,0.0,1.5763120000000002,0.9567950000000001,TWN,ARM,8501
2021884,7,17,1704,2009,35127.0,0.0,0.070059,-0.619075,ARE,BDI,8501
2021885,18,17,1704,2009,63269.0,0.0,1.272011,1.074548,BEL,BDI,8501
2021886,61,17,1704,2009,58838.0,0.0,2.056515,-3.034837,DEU,BDI,8501
2021887,77,17,1704,2009,71466.0,0.0,1.540346,0.090377,FRA,BDI,8501
2021888,81,17,1704,2009,45550.0,0.0,1.7921779999999998,0.41211499999999995,GBR,BDI,8501
2021889,104,17,1704,2009,7692.0,0.0,0.209867,2.254003,IND,BDI,8501
2021890,111,17,1704,2009,8342.0,0.0,1.289,0.64549,ITA,BDI,8501
2021891,116,17,1704,2009,35336.0,0.0,-0.26477399999999995,0.932587,KEN,BDI,8501
2021892,224,17,1704,2009,1053.0,0.0,0.384596,2.3797610000000002,TUR,BDI,8501
2021893,226,17,1704,2009,3444.0,0.0,-0.822897,0.644899,TZA,BDI,8501
2021894,227,17,1704,2009,26980.0,0.0,-0.573707,-0.036203,UGA,BDI,8501
2021895,15,126,1704,2009,19032.0,0.0,1.651325,-0.020794,AUT,LBY,8501
2021896,18,126,1704,2009,62334.0,0.0,1.272011,1.074548,BEL,LBY,8501
2021897,39,126,1704,2009,162262.0,0.0,0.6778069999999999,1.278402,CAN,LBY,8501
2021898,41,126,1704,2009,26423.0,0.0,2.124438,0.484861,CHE,LBY,8501
2021899,43,126,1704,2009,8145231.0,0.0,0.898623,2.08703,CHN,LBY,8501
2021900,58,126,1704,2009,503733.0,0.0,0.934193,0.657555,CYP,LBY,8501
2021901,61,126,1704,2009,3413297.0,0.0,2.056515,-3.034837,DEU,LBY,8501
2021902,64,126,1704,2009,1074.0,0.0,1.242327,1.064709,DNK,LBY,8501
2021903,71,126,1704,2009,6287208.0,0.0,0.9021020000000001,2.170578,ESP,LBY,8501
2021904,74,126,1704,2009,12714.0,0.0,1.8206849999999999,0.797421,FIN,LBY,8501
2021905,77,126,1704,2009,682120.0,0.0,1.540346,0.090377,FRA,LBY,8501
2021906,81,126,1704,2009,3081093.0,30089.0,1.7921779999999998,0.41211499999999995,GBR,LBY,8501
2021907,90,126,1704,2009,100660.0,0.0,0.2196,1.63301,GRC,LBY,8501
2021908,100,126,1704,2009,1012.0,0.0,0.740174,1.005258,HRV,LBY,8501
2021909,104,126,1704,2009,3436663.0,0.0,0.209867,2.254003,IND,LBY,8501
2021910,106,126,1704,2009,15166.0,0.0,1.627233,0.020024,IRL,LBY,8501
2021911,111,126,1704,2009,3639517.0,2911.0,1.289,0.64549,ITA,LBY,8501
2021912,113,126,1704,2009,977072.0,0.0,0.21374899999999997,0.423774,JOR,LBY,8501
2021913,114,126,1704,2009,784553.0,0.0,2.306791,-0.251712,JPN,LBY,8501
2021914,115,126,1704,2009,111662.0,0.0,-0.6547970000000001,-0.772256,KAZ,LBY,8501
2021915,121,126,1704,2009,1310607.0,0.0,1.509336,0.784515,KOR,LBY,8501
2021916,138,126,1704,2009,715718.0,0.0,1.061625,0.719234,MEX,LBY,8501
2021917,142,126,1704,2009,24150.0,0.0,1.233965,-0.016763,MLT,LBY,8501
2021918,153,126,1704,2009,7106.0,0.0,0.8718229999999999,0.607429,MYS,LBY,8501
2021919,162,126,1704,2009,151043.0,0.0,1.1914850000000001,1.3076780000000001,NLD,LBY,8501
2021920,166,126,1704,2009,232039.0,0.0,0.38301999999999997,0.720644,NZL,LBY,8501
2021921,177,126,1704,2009,30877.0,0.0,1.11055,1.069074,POL,LBY,8501
2021922,179,126,1704,2009,1547.0,0.0,0.559189,2.4359919999999997,PRT,LBY,8501
2021923,188,126,1704,2009,286697.0,0.0,0.300581,-0.813199,SAU,LBY,8501
2021924,192,126,1704,2009,1885961.0,0.0,1.9503540000000001,0.498033,SGP,LBY,8501
2021925,201,126,1704,2009,12422.0,0.0,0.531766,1.477837,SRB,LBY,8501
2021926,208,126,1704,2009,81023.0,0.0,1.877821,0.336565,SWE,LBY,8501
2021927,216,126,1704,2009,111959.0,0.0,0.79692,1.315501,THA,LBY,8501
2021928,223,126,1704,2009,253414.0,0.0,0.044903,0.9126120000000001,TUN,LBY,8501
2021929,224,126,1704,2009,2489083.0,0.0,0.384596,2.3797610000000002,TUR,LBY,8501
2021930,228,126,1704,2009,10289.0,0.0,0.602688,0.830247,UKR,LBY,8501
2021931,231,126,1704,2009,1766643.0,0.0,1.657663,-0.41411400000000004,USA,LBY,8501
2021932,249,126,1704,2009,13905.0,0.0,1.5763120000000002,0.9567950000000001,TWN,LBY,8501
2021933,250,126,1704,2009,30464341.0,0.0,0.582246,-0.10603,ANS,LBY,8501
2021934,4,140,1704,2009,0.0,3105.0,-0.41612200000000005,-0.256639,ALB,MKD,8501
2021935,15,140,1704,2009,470151.0,44438.0,1.651325,-0.020794,AUT,MKD,8501
2021936,18,140,1704,2009,1256.0,0.0,1.272011,1.074548,BEL,MKD,8501
2021937,23,140,1704,2009,75679.0,1505.0,0.373594,1.571413,BGR,MKD,8501
2021938,26,140,1704,2009,18066.0,2857.0,0.519113,0.762582,BIH,MKD,8501
2021939,32,140,1704,2009,7709.0,0.0,0.35447199999999995,0.8522360000000001,BRA,MKD,8501
2021940,41,140,1704,2009,67961.0,8879.0,2.124438,0.484861,CHE,MKD,8501
2021941,43,140,1704,2009,87260.0,0.0,0.898623,2.08703,CHN,MKD,8501
2021942,59,140,1704,2009,224613.0,0.0,1.6323159999999999,0.47257200000000005,CZE,MKD,8501
2021943,61,140,1704,2009,748046.0,1074.0,2.056515,-3.034837,DEU,MKD,8501
2021944,64,140,1704,2009,29599.0,0.0,1.242327,1.064709,DNK,MKD,8501
2021945,71,140,1704,2009,6803.0,1292.0,0.9021020000000001,2.170578,ESP,MKD,8501
2021946,77,140,1704,2009,18471.0,0.0,1.540346,0.090377,FRA,MKD,8501
2021947,81,140,1704,2009,16368.0,7102.0,1.7921779999999998,0.41211499999999995,GBR,MKD,8501
2021948,90,140,1704,2009,558032.0,36475.0,0.2196,1.63301,GRC,MKD,8501
2021949,100,140,1704,2009,68287.0,5646.0,0.740174,1.005258,HRV,MKD,8501
2021950,102,140,1704,2009,31285.0,0.0,1.397765,0.772375,HUN,MKD,8501
2021951,104,140,1704,2009,309.0,0.0,0.209867,2.254003,IND,MKD,8501
2021952,111,140,1704,2009,626220.0,7232.0,1.289,0.64549,ITA,MKD,8501
2021953,114,140,1704,2009,2235.0,0.0,2.306791,-0.251712,JPN,MKD,8501
2021954,121,140,1704,2009,2081.0,0.0,1.509336,0.784515,KOR,MKD,8501
2021955,138,140,1704,2009,938.0,0.0,1.061625,0.719234,MEX,MKD,8501
2021956,144,140,1704,2009,0.0,2886.0,0.19963499999999998,-0.073107,MNE,MKD,8501
2021957,162,140,1704,2009,47339.0,2653.0,1.1914850000000001,1.3076780000000001,NLD,MKD,8501
2021958,177,140,1704,2009,18940.0,0.0,1.11055,1.069074,POL,MKD,8501
2021959,179,140,1704,2009,4678.0,0.0,0.559189,2.4359919999999997,PRT,MKD,8501
2021960,185,140,1704,2009,140870.0,154213.0,0.833802,1.024418,ROU,MKD,8501
2021961,192,140,1704,2009,28856.0,0.0,1.9503540000000001,0.498033,SGP,MKD,8501
2021962,201,140,1704,2009,699774.0,164806.0,0.531766,1.477837,SRB,MKD,8501
2021963,206,140,1704,2009,1626.0,0.0,1.231382,0.820968,SVK,MKD,8501
2021964,207,140,1704,2009,371322.0,0.0,1.548036,0.730396,SVN,MKD,8501
2021965,208,140,1704,2009,76071.0,0.0,1.877821,0.336565,SWE,MKD,8501
2021966,224,140,1704,2009,103178.0,4359.0,0.384596,2.3797610000000002,TUR,MKD,8501
2021967,228,140,1704,2009,9906.0,9267.0,0.602688,0.830247,UKR,MKD,8501
2021968,231,140,1704,2009,50032.0,128080.0,1.657663,-0.41411400000000004,USA,MKD,8501
2021969,249,140,1704,2009,27729.0,0.0,1.5763120000000002,0.9567950000000001,TWN,MKD,8501
2021970,32,143,1704,2009,10601.0,0.0,0.35447199999999995,0.8522360000000001,BRA,MMR,8501
2021971,41,143,1704,2009,2550.0,0.0,2.124438,0.484861,CHE,MMR,8501
2021972,43,143,1704,2009,13063154.0,7784.0,0.898623,2.08703,CHN,MMR,8501
2021973,61,143,1704,2009,314179.0,0.0,2.056515,-3.034837,DEU,MMR,8501
2021974,77,143,1704,2009,461256.0,45525.0,1.540346,0.090377,FRA,MMR,8501
2021975,97,143,1704,2009,7859.0,0.0,0.654964,1.98672,HKG,MMR,8501
2021976,104,143,1704,2009,176696.0,0.0,0.209867,2.254003,IND,MMR,8501
2021977,111,143,1704,2009,81908.0,0.0,1.289,0.64549,ITA,MMR,8501
2021978,114,143,1704,2009,55564.0,0.0,2.306791,-0.251712,JPN,MMR,8501
2021979,121,143,1704,2009,81589.0,0.0,1.509336,0.784515,KOR,MMR,8501
2021980,153,143,1704,2009,83443.0,0.0,0.8718229999999999,0.607429,MYS,MMR,8501
2021981,186,143,1704,2009,13337.0,0.0,0.392478,-0.20038399999999998,RUS,MMR,8501
2021982,192,143,1704,2009,4655057.0,45335.0,1.9503540000000001,0.498033,SGP,MMR,8501
2021983,208,143,1704,2009,51534.0,0.0,1.877821,0.336565,SWE,MMR,8501
2021984,216,143,1704,2009,674125.0,0.0,0.79692,1.315501,THA,MMR,8501
2021985,239,143,1704,2009,17680.0,384840.0,-0.27396,1.131199,VNM,MMR,8501
2021986,249,143,1704,2009,202081.0,0.0,1.5763120000000002,0.9567950000000001,TWN,MMR,8501
2021987,15,198,1704,2009,820167.0,4465.0,1.651325,-0.020794,AUT,SMR,8501
2021988,61,198,1704,2009,446134.0,17884.0,2.056515,-3.034837,DEU,SMR,8501
2021989,177,198,1704,2009,0.0,1107.0,1.11055,1.069074,POL,SMR,8501
2021990,185,198,1704,2009,0.0,1408.0,0.833802,1.024418,ROU,SMR,8501
2021991,6,0,1704,2009,4564.0,37850.0,0.351025,-0.699817,ANT,ABW,8501
2021992,18,0,1704,2009,871.0,0.0,1.272011,1.074548,BEL,ABW,8501
2021993,32,0,1704,2009,2049.0,0.0,0.35447199999999995,0.8522360000000001,BRA,ABW,8501
2021994,43,0,1704,2009,30010.0,0.0,0.898623,2.08703,CHN,ABW,8501
2021995,49,0,1704,2009,1407.0,0.0,0.263416,0.38947,COL,ABW,8501
2021996,61,0,1704,2009,7216.0,0.0,2.056515,-3.034837,DEU,ABW,8501
2021997,65,0,1704,2009,0.0,3821.0,-0.317894,0.198926,DOM,ABW,8501
2021998,71,0,1704,2009,1223.0,0.0,0.9021020000000001,2.170578,ESP,ABW,8501
2021999,81,0,1704,2009,44113.0,0.0,1.7921779999999998,0.41211499999999995,GBR,ABW,8501
2022000,97,0,1704,2009,1145.0,0.0,0.654964,1.98672,HKG,ABW,8501
2022001,111,0,1704,2009,1633422.0,0.0,1.289,0.64549,ITA,ABW,8501
2022002,114,0,1704,2009,16190.0,0.0,2.306791,-0.251712,JPN,ABW,8501
2022003,121,0,1704,2009,1360.0,0.0,1.509336,0.784515,KOR,ABW,8501
2022004,138,0,1704,2009,2483.0,0.0,1.061625,0.719234,MEX,ABW,8501
2022005,162,0,1704,2009,75479.0,21337.0,1.1914850000000001,1.3076780000000001,NLD,ABW,8501
2022006,169,0,1704,2009,29641.0,0.0,0.629137,0.5894010000000001,PAN,ABW,8501
2022007,190,0,1704,2009,0.0,409175.0,-2.2948020000000002,-1.3182040000000002,SDN,ABW,8501
2022008,222,0,1704,2009,0.0,3502.0,-0.508195,-1.097365,TTO,ABW,8501
2022009,231,0,1704,2009,929209.0,116780.0,1.657663,-0.41411400000000004,USA,ABW,8501
2022010,236,0,1704,2009,5629.0,265.0,-0.5847600000000001,-1.150334,VEN,ABW,8501
2022011,243,0,1704,2009,0.0,9348898.0,-0.845426,-1.119091,YEM,ABW,8501
2022012,249,0,1704,2009,9104.0,0.0,1.5763120000000002,0.9567950000000001,TWN,ABW,8501
2022013,250,0,1704,2009,12357.0,20403.0,0.582246,-0.10603,ANS,ABW,8501
2022014,14,21,1704,2009,1044.0,0.0,-0.109286,0.13586900000000002,AUS,BFA,8501
2022015,18,21,1704,2009,3153.0,0.0,1.272011,1.074548,BEL,BFA,8501
2022016,39,21,1704,2009,144082.0,0.0,0.6778069999999999,1.278402,CAN,BFA,8501
2022017,41,21,1704,2009,5079.0,0.0,2.124438,0.484861,CHE,BFA,8501
2022018,43,21,1704,2009,178358.0,0.0,0.898623,2.08703,CHN,BFA,8501
2022019,44,21,1704,2009,79428.0,0.0,-0.924681,-0.801371,CIV,BFA,8501
2022020,61,21,1704,2009,60055.0,0.0,2.056515,-3.034837,DEU,BFA,8501
2022021,64,21,1704,2009,3034.0,0.0,1.242327,1.064709,DNK,BFA,8501
2022022,71,21,1704,2009,5730.0,0.0,0.9021020000000001,2.170578,ESP,BFA,8501
2022023,77,21,1704,2009,363314.0,0.0,1.540346,0.090377,FRA,BFA,8501
2022024,81,21,1704,2009,15623.0,0.0,1.7921779999999998,0.41211499999999995,GBR,BFA,8501
2022025,83,21,1704,2009,90513.0,0.0,-0.909436,-0.6619470000000001,GHA,BFA,8501
2022026,103,21,1704,2009,1824.0,0.0,-0.253835,1.260101,IDN,BFA,8501
2022027,104,21,1704,2009,55558.0,0.0,0.209867,2.254003,IND,BFA,8501
2022028,111,21,1704,2009,69665.0,0.0,1.289,0.64549,ITA,BFA,8501
2022029,114,21,1704,2009,1550.0,0.0,2.306791,-0.251712,JPN,BFA,8501
2022030,124,21,1704,2009,38213.0,0.0,0.48618599999999995,1.4748620000000001,LBN,BFA,8501
2022031,157,21,1704,2009,0.0,2300.0,-1.306036,-0.956361,NER,BFA,8501
2022032,162,21,1704,2009,1241.0,1039.0,1.1914850000000001,1.3076780000000001,NLD,BFA,8501
2022033,190,21,1704,2009,0.0,162603.0,-2.2948020000000002,-1.3182040000000002,SDN,BFA,8501
2022034,223,21,1704,2009,932.0,0.0,0.044903,0.9126120000000001,TUN,BFA,8501
2022035,231,21,1704,2009,12015.0,0.0,1.657663,-0.41411400000000004,USA,BFA,8501
2022036,239,21,1704,2009,2527.0,0.0,-0.27396,1.131199,VNM,BFA,8501
2022037,246,21,1704,2009,1489706.0,0.0,0.316452,1.767795,ZAF,BFA,8501
2022038,249,21,1704,2009,808203.0,0.0,1.5763120000000002,0.9567950000000001,TWN,BFA,8501
2022039,8,91,1704,2009,992.0,0.0,0.27637,0.611129,ARG,GRD,8501
2022040,13,91,1704,2009,1930.0,0.0,0.930903,0.279441,ATG,GRD,8501
2022041,39,91,1704,2009,5531.0,0.0,0.6778069999999999,1.278402,CAN,GRD,8501
2022042,43,91,1704,2009,1036.0,0.0,0.898623,2.08703,CHN,GRD,8501
2022043,64,91,1704,2009,3691.0,0.0,1.242327,1.064709,DNK,GRD,8501
2022044,65,91,1704,2009,896.0,0.0,-0.317894,0.198926,DOM,GRD,8501
2022045,71,91,1704,2009,1382.0,0.0,0.9021020000000001,2.170578,ESP,GRD,8501
2022046,74,91,1704,2009,5989.0,0.0,1.8206849999999999,0.797421,FIN,GRD,8501
2022047,77,91,1704,2009,20445.0,0.0,1.540346,0.090377,FRA,GRD,8501
2022048,81,91,1704,2009,68597.0,0.0,1.7921779999999998,0.41211499999999995,GBR,GRD,8501
2022049,114,91,1704,2009,5771.0,0.0,2.306791,-0.251712,JPN,GRD,8501
2022050,162,91,1704,2009,2745.0,0.0,1.1914850000000001,1.3076780000000001,NLD,GRD,8501
2022051,169,91,1704,2009,1428.0,0.0,0.629137,0.5894010000000001,PAN,GRD,8501
2022052,222,91,1704,2009,1339.0,0.0,-0.508195,-1.097365,TTO,GRD,8501
2022053,231,91,1704,2009,79471.0,0.0,1.657663,-0.41411400000000004,USA,GRD,8501
2022054,249,91,1704,2009,3195.0,0.0,1.5763120000000002,0.9567950000000001,TWN,GRD,8501
2022055,6,127,1704,2009,2308.0,0.0,0.351025,-0.699817,ANT,LCA,8501
2022056,33,127,1704,2009,1105.0,13283.0,0.8652620000000001,0.796057,BRB,LCA,8501
2022057,39,127,1704,2009,0.0,4460.0,0.6778069999999999,1.278402,CAN,LCA,8501
2022058,71,127,1704,2009,673.0,0.0,0.9021020000000001,2.170578,ESP,LCA,8501
2022059,74,127,1704,2009,3437.0,0.0,1.8206849999999999,0.797421,FIN,LCA,8501
2022060,77,127,1704,2009,15604.0,0.0,1.540346,0.090377,FRA,LCA,8501
2022061,81,127,1704,2009,55710.0,2290.0,1.7921779999999998,0.41211499999999995,GBR,LCA,8501
2022062,111,127,1704,2009,3942.0,0.0,1.289,0.64549,ITA,LCA,8501
2022063,114,127,1704,2009,4407.0,0.0,2.306791,-0.251712,JPN,LCA,8501
2022064,138,127,1704,2009,5938.0,0.0,1.061625,0.719234,MEX,LCA,8501
2022065,163,127,1704,2009,3054.0,0.0,0.865455,0.082808,NOR,LCA,8501
2022066,216,127,1704,2009,2082.0,0.0,0.79692,1.315501,THA,LCA,8501
2022067,222,127,1704,2009,14740.0,0.0,-0.508195,-1.097365,TTO,LCA,8501
2022068,231,127,1704,2009,218749.0,178401.0,1.657663,-0.41411400000000004,USA,LCA,8501
2022069,234,127,1704,2009,0.0,31257.0,-0.068356,-0.6011350000000001,VCT,LCA,8501
2022070,249,127,1704,2009,149577.0,0.0,1.5763120000000002,0.9567950000000001,TWN,LCA,8501
2022071,8,160,1704,2009,4179.0,0.0,0.27637,0.611129,ARG,NIC,8501
2022072,14,160,1704,2009,718.0,0.0,-0.109286,0.13586900000000002,AUS,NIC,8501
2022073,15,160,1704,2009,4316.0,0.0,1.651325,-0.020794,AUT,NIC,8501
2022074,32,160,1704,2009,43312.0,0.0,0.35447199999999995,0.8522360000000001,BRA,NIC,8501
2022075,39,160,1704,2009,90570.0,0.0,0.6778069999999999,1.278402,CAN,NIC,8501
2022076,41,160,1704,2009,799.0,0.0,2.124438,0.484861,CHE,NIC,8501
2022077,42,160,1704,2009,4792.0,0.0,-0.219521,-0.34239,CHL,NIC,8501
2022078,43,160,1704,2009,125565.0,0.0,0.898623,2.08703,CHN,NIC,8501
2022079,49,160,1704,2009,7420.0,0.0,0.263416,0.38947,COL,NIC,8501
2022080,52,160,1704,2009,423077.0,28918.0,-0.142465,-0.669277,CRI,NIC,8501
2022081,61,160,1704,2009,100288.0,0.0,2.056515,-3.034837,DEU,NIC,8501
2022082,64,160,1704,2009,4949.0,0.0,1.242327,1.064709,DNK,NIC,8501
2022083,65,160,1704,2009,0.0,42552.0,-0.317894,0.198926,DOM,NIC,8501
2022084,71,160,1704,2009,233756.0,0.0,0.9021020000000001,2.170578,ESP,NIC,8501
2022085,77,160,1704,2009,74641.0,0.0,1.540346,0.090377,FRA,NIC,8501
2022086,81,160,1704,2009,130010.0,0.0,1.7921779999999998,0.41211499999999995,GBR,NIC,8501
2022087,93,160,1704,2009,222068.0,37719.0,-0.33276999999999995,0.551257,GTM,NIC,8501
2022088,97,160,1704,2009,1835.0,0.0,0.654964,1.98672,HKG,NIC,8501
2022089,99,160,1704,2009,30099.0,96068.0,-0.587607,-0.189167,HND,NIC,8501
2022090,104,160,1704,2009,36228.0,0.0,0.209867,2.254003,IND,NIC,8501
2022091,110,160,1704,2009,1072.0,0.0,1.226438,0.816299,ISR,NIC,8501
2022092,111,160,1704,2009,123121.0,48709.0,1.289,0.64549,ITA,NIC,8501
2022093,114,160,1704,2009,48342.0,0.0,2.306791,-0.251712,JPN,NIC,8501
2022094,121,160,1704,2009,10535.0,0.0,1.509336,0.784515,KOR,NIC,8501
2022095,138,160,1704,2009,152904.0,0.0,1.061625,0.719234,MEX,NIC,8501
2022096,162,160,1704,2009,155463.0,0.0,1.1914850000000001,1.3076780000000001,NLD,NIC,8501
2022097,166,160,1704,2009,2869.0,0.0,0.38301999999999997,0.720644,NZL,NIC,8501
2022098,169,160,1704,2009,13694.0,6527.0,0.629137,0.5894010000000001,PAN,NIC,8501
2022099,186,160,1704,2009,2665.0,0.0,0.392478,-0.20038399999999998,RUS,NIC,8501
2022100,188,160,1704,2009,0.0,3778.0,0.300581,-0.813199,SAU,NIC,8501
2022101,197,160,1704,2009,418821.0,21364.0,-0.19729100000000002,0.23434899999999997,SLV,NIC,8501
2022102,206,160,1704,2009,1430.0,0.0,1.231382,0.820968,SVK,NIC,8501
2022103,208,160,1704,2009,2332.0,0.0,1.877821,0.336565,SWE,NIC,8501
2022104,228,160,1704,2009,40796.0,0.0,0.602688,0.830247,UKR,NIC,8501
2022105,231,160,1704,2009,1806641.0,362992.0,1.657663,-0.41411400000000004,USA,NIC,8501
2022106,239,160,1704,2009,3900.0,0.0,-0.27396,1.131199,VNM,NIC,8501
2022107,249,160,1704,2009,3022.0,0.0,1.5763120000000002,0.9567950000000001,TWN,NIC,8501
2022108,43,35,1704,2009,2889.0,0.0,0.898623,2.08703,CHN,BTN,8501
2022109,61,35,1704,2009,2079.0,0.0,2.056515,-3.034837,DEU,BTN,8501
2022110,104,35,1704,2009,156303.0,0.0,0.209867,2.254003,IND,BTN,8501
2022111,163,35,1704,2009,125770.0,0.0,0.865455,0.082808,NOR,BTN,8501
2022112,18,38,1704,2009,10237.0,0.0,1.272011,1.074548,BEL,CAF,8501
2022113,41,38,1704,2009,535.0,0.0,2.124438,0.484861,CHE,CAF,8501
2022114,43,38,1704,2009,10938.0,0.0,0.898623,2.08703,CHN,CAF,8501
2022115,45,38,1704,2009,4533.0,0.0,-1.128734,-1.022546,CMR,CAF,8501
2022116,61,38,1704,2009,11802.0,0.0,2.056515,-3.034837,DEU,CAF,8501
2022117,77,38,1704,2009,21553.0,0.0,1.540346,0.090377,FRA,CAF,8501
2022118,124,38,1704,2009,3381.0,0.0,0.48618599999999995,1.4748620000000001,LBN,CAF,8501
2022119,138,38,1704,2009,0.0,1841.0,1.061625,0.719234,MEX,CAF,8501
2022120,7,50,1704,2009,9394.0,0.0,0.070059,-0.619075,ARE,COM,8501
2022121,77,50,1704,2009,6036.0,0.0,1.540346,0.090377,FRA,COM,8501
2022122,122,50,1704,2009,2680.0,0.0,-1.386993,-1.203527,KWT,COM,8501
2022123,124,50,1704,2009,25077.0,0.0,0.48618599999999995,1.4748620000000001,LBN,COM,8501
2022124,136,50,1704,2009,0.0,2135.0,-1.0356610000000002,-0.198062,MDG,COM,8501
2022125,188,50,1704,2009,4626.0,0.0,0.300581,-0.813199,SAU,COM,8501
2022126,226,50,1704,2009,8419.0,0.0,-0.822897,0.644899,TZA,COM,8501
2022127,14,75,1704,2009,197407.0,3370.0,-0.109286,0.13586900000000002,AUS,FJI,8501
2022128,43,75,1704,2009,72176.0,0.0,0.898623,2.08703,CHN,FJI,8501
2022129,81,75,1704,2009,1683.0,0.0,1.7921779999999998,0.41211499999999995,GBR,FJI,8501
2022130,97,75,1704,2009,22874.0,0.0,0.654964,1.98672,HKG,FJI,8501
2022131,103,75,1704,2009,1848.0,0.0,-0.253835,1.260101,IDN,FJI,8501
2022132,104,75,1704,2009,30096.0,0.0,0.209867,2.254003,IND,FJI,8501
2022133,111,75,1704,2009,18092.0,1257.0,1.289,0.64549,ITA,FJI,8501
2022134,114,75,1704,2009,25389.0,0.0,2.306791,-0.251712,JPN,FJI,8501
2022135,121,75,1704,2009,1607.0,0.0,1.509336,0.784515,KOR,FJI,8501
2022136,153,75,1704,2009,9694.0,0.0,0.8718229999999999,0.607429,MYS,FJI,8501
2022137,162,75,1704,2009,2853.0,0.0,1.1914850000000001,1.3076780000000001,NLD,FJI,8501
2022138,166,75,1704,2009,2036583.0,5320.0,0.38301999999999997,0.720644,NZL,FJI,8501
2022139,192,75,1704,2009,43434.0,0.0,1.9503540000000001,0.498033,SGP,FJI,8501
2022140,208,75,1704,2009,7689.0,0.0,1.877821,0.336565,SWE,FJI,8501
2022141,216,75,1704,2009,7259.0,0.0,0.79692,1.315501,THA,FJI,8501
2022142,224,75,1704,2009,1422.0,0.0,0.384596,2.3797610000000002,TUR,FJI,8501
2022143,225,75,1704,2009,0.0,8902.0,0.531324,-0.689902,TUV,FJI,8501
2022144,231,75,1704,2009,73883.0,32130.0,1.657663,-0.41411400000000004,USA,FJI,8501
2022145,240,75,1704,2009,0.0,27463.0,-0.9398479999999999,-0.9635799999999999,VUT,FJI,8501
2022146,241,75,1704,2009,0.0,4872.0,1.551821,-0.5478390000000001,WLF,FJI,8501
2022147,249,75,1704,2009,12684.0,0.0,1.5763120000000002,0.9567950000000001,TWN,FJI,8501
2022148,7,87,1704,2009,15493.0,0.0,0.070059,-0.619075,ARE,GMB,8501
2022149,15,87,1704,2009,1121.0,0.0,1.651325,-0.020794,AUT,GMB,8501
2022150,18,87,1704,2009,4276.0,0.0,1.272011,1.074548,BEL,GMB,8501
2022151,41,87,1704,2009,9793.0,0.0,2.124438,0.484861,CHE,GMB,8501
2022152,43,87,1704,2009,40478.0,0.0,0.898623,2.08703,CHN,GMB,8501
2022153,64,87,1704,2009,1683.0,0.0,1.242327,1.064709,DNK,GMB,8501
2022154,77,87,1704,2009,76746.0,0.0,1.540346,0.090377,FRA,GMB,8501
2022155,81,87,1704,2009,69203.0,0.0,1.7921779999999998,0.41211499999999995,GBR,GMB,8501
2022156,104,87,1704,2009,20953.0,0.0,0.209867,2.254003,IND,GMB,8501
2022157,111,87,1704,2009,4220.0,0.0,1.289,0.64549,ITA,GMB,8501
2022158,124,87,1704,2009,6556.0,0.0,0.48618599999999995,1.4748620000000001,LBN,GMB,8501
2022159,162,87,1704,2009,20051.0,0.0,1.1914850000000001,1.3076780000000001,NLD,GMB,8501
2022160,179,87,1704,2009,14652.0,0.0,0.559189,2.4359919999999997,PRT,GMB,8501
2022161,192,87,1704,2009,9074.0,0.0,1.9503540000000001,0.498033,SGP,GMB,8501
2022162,239,87,1704,2009,4000.0,0.0,-0.27396,1.131199,VNM,GMB,8501
2022163,14,133,1704,2009,124063.0,0.0,-0.109286,0.13586900000000002,AUS,MAC,8501
2022164,15,133,1704,2009,1063.0,0.0,1.651325,-0.020794,AUT,MAC,8501
2022165,18,133,1704,2009,661.0,0.0,1.272011,1.074548,BEL,MAC,8501
2022166,24,133,1704,2009,0.0,1206.0,0.250645,-0.767742,BHR,MAC,8501
2022167,32,133,1704,2009,0.0,1051.0,0.35447199999999995,0.8522360000000001,BRA,MAC,8501
2022168,39,133,1704,2009,23539.0,1155.0,0.6778069999999999,1.278402,CAN,MAC,8501
2022169,41,133,1704,2009,37149.0,3752.0,2.124438,0.484861,CHE,MAC,8501
2022170,43,133,1704,2009,201613.0,104726.0,0.898623,2.08703,CHN,MAC,8501
2022171,61,133,1704,2009,11307.0,16898.0,2.056515,-3.034837,DEU,MAC,8501
2022172,77,133,1704,2009,1902.0,0.0,1.540346,0.090377,FRA,MAC,8501
2022173,81,133,1704,2009,0.0,1571.0,1.7921779999999998,0.41211499999999995,GBR,MAC,8501
2022174,97,133,1704,2009,443069.0,68137.0,0.654964,1.98672,HKG,MAC,8501
2022175,102,133,1704,2009,0.0,11203.0,1.397765,0.772375,HUN,MAC,8501
2022176,110,133,1704,2009,0.0,40373.0,1.226438,0.816299,ISR,MAC,8501
2022177,111,133,1704,2009,54588.0,4724.0,1.289,0.64549,ITA,MAC,8501
2022178,114,133,1704,2009,81692.0,0.0,2.306791,-0.251712,JPN,MAC,8501
2022179,121,133,1704,2009,3803.0,0.0,1.509336,0.784515,KOR,MAC,8501
2022180,153,133,1704,2009,0.0,295841.0,0.8718229999999999,0.607429,MYS,MAC,8501
2022181,166,133,1704,2009,602.0,0.0,0.38301999999999997,0.720644,NZL,MAC,8501
2022182,192,133,1704,2009,21557.0,0.0,1.9503540000000001,0.498033,SGP,MAC,8501
2022183,207,133,1704,2009,0.0,1730236.0,1.548036,0.730396,SVN,MAC,8501
2022184,216,133,1704,2009,1266.0,0.0,0.79692,1.315501,THA,MAC,8501
2022185,231,133,1704,2009,237549.0,9700.0,1.657663,-0.41411400000000004,USA,MAC,8501
2022186,249,133,1704,2009,94801.0,46207.0,1.5763120000000002,0.9567950000000001,TWN,MAC,8501
2022187,7,137,1704,2009,9290.0,0.0,0.070059,-0.619075,ARE,MDV,8501
2022188,14,137,1704,2009,30240.0,0.0,-0.109286,0.13586900000000002,AUS,MDV,8501
2022189,15,137,1704,2009,5403.0,0.0,1.651325,-0.020794,AUT,MDV,8501
2022190,39,137,1704,2009,30420.0,0.0,0.6778069999999999,1.278402,CAN,MDV,8501
2022191,41,137,1704,2009,4573.0,0.0,2.124438,0.484861,CHE,MDV,8501
2022192,43,137,1704,2009,187872.0,0.0,0.898623,2.08703,CHN,MDV,8501
2022193,59,137,1704,2009,6820.0,0.0,1.6323159999999999,0.47257200000000005,CZE,MDV,8501
2022194,61,137,1704,2009,175557.0,0.0,2.056515,-3.034837,DEU,MDV,8501
2022195,64,137,1704,2009,24395.0,0.0,1.242327,1.064709,DNK,MDV,8501
2022196,71,137,1704,2009,976.0,0.0,0.9021020000000001,2.170578,ESP,MDV,8501
2022197,77,137,1704,2009,1042.0,0.0,1.540346,0.090377,FRA,MDV,8501
2022198,81,137,1704,2009,547070.0,0.0,1.7921779999999998,0.41211499999999995,GBR,MDV,8501
2022199,97,137,1704,2009,20100.0,0.0,0.654964,1.98672,HKG,MDV,8501
2022200,102,137,1704,2009,6756.0,0.0,1.397765,0.772375,HUN,MDV,8501
2022201,104,137,1704,2009,27472.0,2470.0,0.209867,2.254003,IND,MDV,8501
2022202,111,137,1704,2009,205964.0,0.0,1.289,0.64549,ITA,MDV,8501
2022203,114,137,1704,2009,10275.0,0.0,2.306791,-0.251712,JPN,MDV,8501
2022204,121,137,1704,2009,2844.0,0.0,1.509336,0.784515,KOR,MDV,8501
2022205,128,137,1704,2009,44918.0,0.0,-0.653836,0.174403,LKA,MDV,8501
2022206,153,137,1704,2009,77269.0,0.0,0.8718229999999999,0.607429,MYS,MDV,8501
2022207,163,137,1704,2009,1087.0,0.0,0.865455,0.082808,NOR,MDV,8501
2022208,192,137,1704,2009,734170.0,4356.0,1.9503540000000001,0.498033,SGP,MDV,8501
2022209,208,137,1704,2009,14523.0,0.0,1.877821,0.336565,SWE,MDV,8501
2022210,216,137,1704,2009,36905.0,0.0,0.79692,1.315501,THA,MDV,8501
2022211,224,137,1704,2009,6537.0,0.0,0.384596,2.3797610000000002,TUR,MDV,8501
2022212,231,137,1704,2009,42267.0,0.0,1.657663,-0.41411400000000004,USA,MDV,8501
2022213,249,137,1704,2009,1407.0,0.0,1.5763120000000002,0.9567950000000001,TWN,MDV,8501
2022214,14,141,1704,2009,12230.0,0.0,-0.109286,0.13586900000000002,AUS,MLI,8501
2022215,18,141,1704,2009,2267.0,0.0,1.272011,1.074548,BEL,MLI,8501
2022216,32,141,1704,2009,87421.0,0.0,0.35447199999999995,0.8522360000000001,BRA,MLI,8501
2022217,43,141,1704,2009,4802.0,0.0,0.898623,2.08703,CHN,MLI,8501
2022218,44,141,1704,2009,29881.0,36367.0,-0.924681,-0.801371,CIV,MLI,8501
2022219,61,141,1704,2009,337521.0,0.0,2.056515,-3.034837,DEU,MLI,8501
2022220,64,141,1704,2009,1259.0,0.0,1.242327,1.064709,DNK,MLI,8501
2022221,71,141,1704,2009,2912.0,0.0,0.9021020000000001,2.170578,ESP,MLI,8501
2022222,73,141,1704,2009,0.0,6188.0,-0.967483,-0.8219,ETH,MLI,8501
2022223,77,141,1704,2009,282034.0,0.0,1.540346,0.090377,FRA,MLI,8501
2022224,81,141,1704,2009,2160.0,0.0,1.7921779999999998,0.41211499999999995,GBR,MLI,8501
2022225,104,141,1704,2009,11903.0,0.0,0.209867,2.254003,IND,MLI,8501
2022226,110,141,1704,2009,25000.0,0.0,1.226438,0.816299,ISR,MLI,8501
2022227,111,141,1704,2009,259544.0,0.0,1.289,0.64549,ITA,MLI,8501
2022228,124,141,1704,2009,1343.0,0.0,0.48618599999999995,1.4748620000000001,LBN,MLI,8501
2022229,138,141,1704,2009,0.0,107160.0,1.061625,0.719234,MEX,MLI,8501
2022230,191,141,1704,2009,5810.0,0.0,-0.53392,-0.415513,SEN,MLI,8501
2022231,231,141,1704,2009,11350.0,0.0,1.657663,-0.41411400000000004,USA,MLI,8501
2022232,246,141,1704,2009,1035098.0,3449.0,0.316452,1.767795,ZAF,MLI,8501
2022233,7,152,1704,2009,117503.0,0.0,0.070059,-0.619075,ARE,MWI,8501
2022234,37,152,1704,2009,16843.0,0.0,-0.008142,-0.599115,BWA,MWI,8501
2022235,43,152,1704,2009,169953.0,0.0,0.898623,2.08703,CHN,MWI,8501
2022236,61,152,1704,2009,30355.0,0.0,2.056515,-3.034837,DEU,MWI,8501
2022237,68,152,1704,2009,0.0,33011.0,-0.20940300000000003,1.6466290000000001,EGY,MWI,8501
2022238,77,152,1704,2009,11697.0,0.0,1.540346,0.090377,FRA,MWI,8501
2022239,81,152,1704,2009,66227.0,0.0,1.7921779999999998,0.41211499999999995,GBR,MWI,8501
2022240,104,152,1704,2009,121055.0,0.0,0.209867,2.254003,IND,MWI,8501
2022241,111,152,1704,2009,770.0,0.0,1.289,0.64549,ITA,MWI,8501
2022242,116,152,1704,2009,58336.0,6796.0,-0.26477399999999995,0.932587,KEN,MWI,8501
2022243,124,152,1704,2009,1087.0,0.0,0.48618599999999995,1.4748620000000001,LBN,MWI,8501
2022244,147,152,1704,2009,6199.0,44449.0,-1.0023090000000001,-0.844765,MOZ,MWI,8501
2022245,224,152,1704,2009,630.0,0.0,0.384596,2.3797610000000002,TUR,MWI,8501
2022246,226,152,1704,2009,16136.0,0.0,-0.822897,0.644899,TZA,MWI,8501
2022247,231,152,1704,2009,12659.0,0.0,1.657663,-0.41411400000000004,USA,MWI,8501
2022248,246,152,1704,2009,1573371.0,24433.0,0.316452,1.767795,ZAF,MWI,8501
2022249,247,152,1704,2009,3143.0,2728.0,-0.6423909999999999,-0.815315,ZMB,MWI,8501
2022250,249,152,1704,2009,5523.0,0.0,1.5763120000000002,0.9567950000000001,TWN,MWI,8501
2022251,18,154,1704,2009,17689.0,0.0,1.272011,1.074548,BEL,MYT,8501
2022252,43,154,1704,2009,337.0,0.0,0.898623,2.08703,CHN,MYT,8501
2022253,61,154,1704,2009,10116.0,0.0,2.056515,-3.034837,DEU,MYT,8501
2022254,71,154,1704,2009,16397.0,0.0,0.9021020000000001,2.170578,ESP,MYT,8501
2022255,74,154,1704,2009,6911.0,0.0,1.8206849999999999,0.797421,FIN,MYT,8501
2022256,77,154,1704,2009,688077.0,0.0,1.540346,0.090377,FRA,MYT,8501
2022257,111,154,1704,2009,12152.0,0.0,1.289,0.64549,ITA,MYT,8501
2022258,114,154,1704,2009,4718.0,0.0,2.306791,-0.251712,JPN,MYT,8501
2022259,208,154,1704,2009,847994.0,0.0,1.877821,0.336565,SWE,MYT,8501
2022260,246,154,1704,2009,1277.0,0.0,0.316452,1.767795,ZAF,MYT,8501
2022261,18,157,1704,2009,28644.0,0.0,1.272011,1.074548,BEL,NER,8501
2022262,21,157,1704,2009,2300.0,0.0,-1.283807,-1.061272,BFA,NER,8501
2022263,32,157,1704,2009,239.0,0.0,0.35447199999999995,0.8522360000000001,BRA,NER,8501
2022264,39,157,1704,2009,279516.0,0.0,0.6778069999999999,1.278402,CAN,NER,8501
2022265,43,157,1704,2009,249710.0,0.0,0.898623,2.08703,CHN,NER,8501
2022266,44,157,1704,2009,21304.0,0.0,-0.924681,-0.801371,CIV,NER,8501
2022267,61,157,1704,2009,14566.0,0.0,2.056515,-3.034837,DEU,NER,8501
2022268,66,157,1704,2009,2578.0,0.0,-1.161786,-1.188669,DZA,NER,8501
2022269,71,157,1704,2009,1782.0,0.0,0.9021020000000001,2.170578,ESP,NER,8501
2022270,77,157,1704,2009,339570.0,15020.0,1.540346,0.090377,FRA,NER,8501
2022271,104,157,1704,2009,893.0,0.0,0.209867,2.254003,IND,NER,8501
2022272,111,157,1704,2009,11168.0,0.0,1.289,0.64549,ITA,NER,8501
2022273,114,157,1704,2009,7745.0,0.0,2.306791,-0.251712,JPN,NER,8501
2022274,124,157,1704,2009,13076.0,0.0,0.48618599999999995,1.4748620000000001,LBN,NER,8501
2022275,191,157,1704,2009,4843.0,0.0,-0.53392,-0.415513,SEN,NER,8501
2022276,208,157,1704,2009,995.0,0.0,1.877821,0.336565,SWE,NER,8501
2022277,231,157,1704,2009,75955.0,0.0,1.657663,-0.41411400000000004,USA,NER,8501
2022278,246,157,1704,2009,3469.0,0.0,0.316452,1.767795,ZAF,NER,8501
2022279,7,164,1704,2009,124796.0,0.0,0.070059,-0.619075,ARE,NPL,8501
2022280,32,164,1704,2009,402.0,0.0,0.35447199999999995,0.8522360000000001,BRA,NPL,8501
2022281,39,164,1704,2009,1428.0,0.0,0.6778069999999999,1.278402,CAN,NPL,8501
2022282,43,164,1704,2009,1264746.0,0.0,0.898623,2.08703,CHN,NPL,8501
2022283,61,164,1704,2009,160601.0,0.0,2.056515,-3.034837,DEU,NPL,8501
2022284,77,164,1704,2009,984227.0,1018.0,1.540346,0.090377,FRA,NPL,8501
2022285,81,164,1704,2009,1803.0,1239.0,1.7921779999999998,0.41211499999999995,GBR,NPL,8501
2022286,97,164,1704,2009,991.0,0.0,0.654964,1.98672,HKG,NPL,8501
2022287,104,164,1704,2009,4548989.0,14628.0,0.209867,2.254003,IND,NPL,8501
2022288,111,164,1704,2009,10618.0,0.0,1.289,0.64549,ITA,NPL,8501
2022289,114,164,1704,2009,40438.0,0.0,2.306791,-0.251712,JPN,NPL,8501
2022290,162,164,1704,2009,5121.0,0.0,1.1914850000000001,1.3076780000000001,NLD,NPL,8501
2022291,192,164,1704,2009,21389.0,0.0,1.9503540000000001,0.498033,SGP,NPL,8501
2022292,231,164,1704,2009,7023.0,0.0,1.657663,-0.41411400000000004,USA,NPL,8501
2022293,249,164,1704,2009,514.0,0.0,1.5763120000000002,0.9567950000000001,TWN,NPL,8501
2022294,43,181,1704,2009,63016.0,0.0,0.898623,2.08703,CHN,PSE,8501
2022295,61,181,1704,2009,32169.0,0.0,2.056515,-3.034837,DEU,PSE,8501
2022296,64,181,1704,2009,335.0,0.0,1.242327,1.064709,DNK,PSE,8501
2022297,68,181,1704,2009,4091.0,0.0,-0.20940300000000003,1.6466290000000001,EGY,PSE,8501
2022298,97,181,1704,2009,33844.0,0.0,0.654964,1.98672,HKG,PSE,8501
2022299,106,181,1704,2009,1699.0,0.0,1.627233,0.020024,IRL,PSE,8501
2022300,110,181,1704,2009,2067074.0,388857.0,1.226438,0.816299,ISR,PSE,8501
2022301,111,181,1704,2009,31714.0,0.0,1.289,0.64549,ITA,PSE,8501
2022302,113,181,1704,2009,2917.0,75979.0,0.21374899999999997,0.423774,JOR,PSE,8501
2022303,114,181,1704,2009,459.0,0.0,2.306791,-0.251712,JPN,PSE,8501
2022304,121,181,1704,2009,21289.0,0.0,1.509336,0.784515,KOR,PSE,8501
2022305,162,181,1704,2009,1527.0,0.0,1.1914850000000001,1.3076780000000001,NLD,PSE,8501
2022306,206,181,1704,2009,385.0,0.0,1.231382,0.820968,SVK,PSE,8501
2022307,224,181,1704,2009,22715.0,0.0,0.384596,2.3797610000000002,TUR,PSE,8501
2022308,231,181,1704,2009,438.0,0.0,1.657663,-0.41411400000000004,USA,PSE,8501
2022309,14,182,1704,2009,1849774.0,9460.0,-0.109286,0.13586900000000002,AUS,PYF,8501
2022310,18,182,1704,2009,5470.0,0.0,1.272011,1.074548,BEL,PYF,8501
2022311,32,182,1704,2009,4219.0,0.0,0.35447199999999995,0.8522360000000001,BRA,PYF,8501
2022312,41,182,1704,2009,134.0,0.0,2.124438,0.484861,CHE,PYF,8501
2022313,43,182,1704,2009,44785.0,0.0,0.898623,2.08703,CHN,PYF,8501
2022314,61,182,1704,2009,27623.0,0.0,2.056515,-3.034837,DEU,PYF,8501
2022315,64,182,1704,2009,2315.0,0.0,1.242327,1.064709,DNK,PYF,8501
2022316,71,182,1704,2009,18320.0,0.0,0.9021020000000001,2.170578,ESP,PYF,8501
2022317,77,182,1704,2009,510113.0,44224.0,1.540346,0.090377,FRA,PYF,8501
2022318,81,182,1704,2009,13420.0,0.0,1.7921779999999998,0.41211499999999995,GBR,PYF,8501
2022319,104,182,1704,2009,2226.0,0.0,0.209867,2.254003,IND,PYF,8501
2022320,111,182,1704,2009,150456.0,0.0,1.289,0.64549,ITA,PYF,8501
2022321,114,182,1704,2009,31002.0,0.0,2.306791,-0.251712,JPN,PYF,8501
2022322,121,182,1704,2009,4637.0,0.0,1.509336,0.784515,KOR,PYF,8501
2022323,153,182,1704,2009,1046.0,0.0,0.8718229999999999,0.607429,MYS,PYF,8501
2022324,162,182,1704,2009,5003.0,0.0,1.1914850000000001,1.3076780000000001,NLD,PYF,8501
2022325,166,182,1704,2009,19508.0,0.0,0.38301999999999997,0.720644,NZL,PYF,8501
2022326,177,182,1704,2009,261.0,0.0,1.11055,1.069074,POL,PYF,8501
2022327,192,182,1704,2009,1710.0,0.0,1.9503540000000001,0.498033,SGP,PYF,8501
2022328,206,182,1704,2009,531.0,0.0,1.231382,0.820968,SVK,PYF,8501
2022329,208,182,1704,2009,612.0,0.0,1.877821,0.336565,SWE,PYF,8501
2022330,216,182,1704,2009,927.0,0.0,0.79692,1.315501,THA,PYF,8501
2022331,231,182,1704,2009,481080.0,0.0,1.657663,-0.41411400000000004,USA,PYF,8501
2022332,249,182,1704,2009,1186.0,0.0,1.5763120000000002,0.9567950000000001,TWN,PYF,8501
2022333,43,211,1704,2009,1061.0,0.0,0.898623,2.08703,CHN,SYC,8501
2022334,61,211,1704,2009,82292.0,0.0,2.056515,-3.034837,DEU,SYC,8501
2022335,71,211,1704,2009,2114.0,0.0,0.9021020000000001,2.170578,ESP,SYC,8501
2022336,77,211,1704,2009,38901.0,0.0,1.540346,0.090377,FRA,SYC,8501
2022337,81,211,1704,2009,133894.0,1800.0,1.7921779999999998,0.41211499999999995,GBR,SYC,8501
2022338,104,211,1704,2009,7508.0,0.0,0.209867,2.254003,IND,SYC,8501
2022339,111,211,1704,2009,144934.0,0.0,1.289,0.64549,ITA,SYC,8501
2022340,151,211,1704,2009,10525.0,0.0,-0.198194,0.067014,MUS,SYC,8501
2022341,163,211,1704,2009,2177.0,0.0,0.865455,0.082808,NOR,SYC,8501
2022342,192,211,1704,2009,76098.0,0.0,1.9503540000000001,0.498033,SGP,SYC,8501
2022343,208,211,1704,2009,4098.0,0.0,1.877821,0.336565,SWE,SYC,8501
2022344,246,211,1704,2009,90101.0,0.0,0.316452,1.767795,ZAF,SYC,8501
2022345,18,214,1704,2009,326213.0,0.0,1.272011,1.074548,BEL,TCD,8501
2022346,41,214,1704,2009,5263.0,0.0,2.124438,0.484861,CHE,TCD,8501
2022347,43,214,1704,2009,993939.0,0.0,0.898623,2.08703,CHN,TCD,8501
2022348,61,214,1704,2009,37885.0,0.0,2.056515,-3.034837,DEU,TCD,8501
2022349,77,214,1704,2009,194504.0,0.0,1.540346,0.090377,FRA,TCD,8501
2022350,81,214,1704,2009,14563.0,0.0,1.7921779999999998,0.41211499999999995,GBR,TCD,8501
2022351,111,214,1704,2009,306362.0,0.0,1.289,0.64549,ITA,TCD,8501
2022352,134,214,1704,2009,4700.0,0.0,-0.48819300000000004,0.173952,MAR,TCD,8501
2022353,18,78,1704,2009,461.0,0.0,1.272011,1.074548,BEL,FRO,8501
2022354,43,78,1704,2009,111.0,0.0,0.898623,2.08703,CHN,FRO,8501
2022355,61,78,1704,2009,18337.0,0.0,2.056515,-3.034837,DEU,FRO,8501
2022356,64,78,1704,2009,243294.0,0.0,1.242327,1.064709,DNK,FRO,8501
2022357,71,78,1704,2009,7982.0,0.0,0.9021020000000001,2.170578,ESP,FRO,8501
2022358,77,78,1704,2009,675.0,0.0,1.540346,0.090377,FRA,FRO,8501
2022359,81,78,1704,2009,48582.0,0.0,1.7921779999999998,0.41211499999999995,GBR,FRO,8501
2022360,92,78,1704,2009,0.0,446.0,-1.29302,-1.024092,GRL,FRO,8501
2022361,109,78,1704,2009,24501.0,0.0,0.21713200000000002,-0.371812,ISL,FRO,8501
2022362,111,78,1704,2009,2339.0,0.0,1.289,0.64549,ITA,FRO,8501
2022363,114,78,1704,2009,8117.0,0.0,2.306791,-0.251712,JPN,FRO,8501
2022364,159,78,1704,2009,0.0,8219.0,-1.584051,-1.156247,NGA,FRO,8501
2022365,162,78,1704,2009,3776.0,0.0,1.1914850000000001,1.3076780000000001,NLD,FRO,8501
2022366,163,78,1704,2009,18759.0,0.0,0.865455,0.082808,NOR,FRO,8501
2022367,185,78,1704,2009,549.0,0.0,0.833802,1.024418,ROU,FRO,8501
2022368,208,78,1704,2009,8992.0,0.0,1.877821,0.336565,SWE,FRO,8501
2022369,231,78,1704,2009,0.0,1745.0,1.657663,-0.41411400000000004,USA,FRO,8501
2022370,250,78,1704,2009,1641.0,0.0,0.582246,-0.10603,ANS,FRO,8501
2022371,32,88,1704,2009,4202.0,0.0,0.35447199999999995,0.8522360000000001,BRA,GNB,8501
2022372,43,88,1704,2009,1025.0,0.0,0.898623,2.08703,CHN,GNB,8501
2022373,111,88,1704,2009,107152.0,0.0,1.289,0.64549,ITA,GNB,8501
2022374,121,88,1704,2009,12825.0,0.0,1.509336,0.784515,KOR,GNB,8501
2022375,162,88,1704,2009,13953.0,0.0,1.1914850000000001,1.3076780000000001,NLD,GNB,8501
2022376,179,88,1704,2009,317741.0,70018.0,0.559189,2.4359919999999997,PRT,GNB,8501
2022377,191,88,1704,2009,76188.0,0.0,-0.53392,-0.415513,SEN,GNB,8501
2022378,39,92,1704,2009,17169.0,3470.0,0.6778069999999999,1.278402,CAN,GRL,8501
2022379,41,92,1704,2009,309.0,0.0,2.124438,0.484861,CHE,GRL,8501
2022380,43,92,1704,2009,126.0,0.0,0.898623,2.08703,CHN,GRL,8501
2022381,61,92,1704,2009,1301222.0,0.0,2.056515,-3.034837,DEU,GRL,8501
2022382,64,92,1704,2009,782610.0,1932.0,1.242327,1.064709,DNK,GRL,8501
2022383,74,92,1704,2009,3948.0,0.0,1.8206849999999999,0.797421,FIN,GRL,8501
2022384,77,92,1704,2009,2386.0,0.0,1.540346,0.090377,FRA,GRL,8501
2022385,78,92,1704,2009,446.0,0.0,-0.437934,-0.8733879999999999,FRO,GRL,8501
2022386,81,92,1704,2009,4586.0,0.0,1.7921779999999998,0.41211499999999995,GBR,GRL,8501
2022387,109,92,1704,2009,1799.0,0.0,0.21713200000000002,-0.371812,ISL,GRL,8501
2022388,114,92,1704,2009,1247.0,0.0,2.306791,-0.251712,JPN,GRL,8501
2022389,208,92,1704,2009,5941.0,0.0,1.877821,0.336565,SWE,GRL,8501
2022390,43,123,1704,2009,389839.0,0.0,0.898623,2.08703,CHN,LAO,8501
2022391,61,123,1704,2009,898699.0,0.0,2.056515,-3.034837,DEU,LAO,8501
2022392,77,123,1704,2009,56962.0,0.0,1.540346,0.090377,FRA,LAO,8501
2022393,114,123,1704,2009,380577.0,0.0,2.306791,-0.251712,JPN,LAO,8501
2022394,121,123,1704,2009,7018.0,0.0,1.509336,0.784515,KOR,LAO,8501
2022395,153,123,1704,2009,0.0,8766.0,0.8718229999999999,0.607429,MYS,LAO,8501
2022396,192,123,1704,2009,1308.0,0.0,1.9503540000000001,0.498033,SGP,LAO,8501
2022397,208,123,1704,2009,60557.0,0.0,1.877821,0.336565,SWE,LAO,8501
2022398,216,123,1704,2009,1662750.0,102270.0,0.79692,1.315501,THA,LAO,8501
2022399,239,123,1704,2009,5028.0,0.0,-0.27396,1.131199,VNM,LAO,8501
2022400,14,145,1704,2009,14097.0,0.0,-0.109286,0.13586900000000002,AUS,MNG,8501
2022401,39,145,1704,2009,10560.0,0.0,0.6778069999999999,1.278402,CAN,MNG,8501
2022402,41,145,1704,2009,30775.0,0.0,2.124438,0.484861,CHE,MNG,8501
2022403,43,145,1704,2009,3609662.0,0.0,0.898623,2.08703,CHN,MNG,8501
2022404,59,145,1704,2009,3087.0,0.0,1.6323159999999999,0.47257200000000005,CZE,MNG,8501
2022405,61,145,1704,2009,113246.0,32434.0,2.056515,-3.034837,DEU,MNG,8501
2022406,74,145,1704,2009,3154.0,0.0,1.8206849999999999,0.797421,FIN,MNG,8501
2022407,81,145,1704,2009,3849.0,0.0,1.7921779999999998,0.41211499999999995,GBR,MNG,8501
2022408,114,145,1704,2009,35934.0,0.0,2.306791,-0.251712,JPN,MNG,8501
2022409,121,145,1704,2009,31593.0,0.0,1.509336,0.784515,KOR,MNG,8501
2022410,186,145,1704,2009,975480.0,0.0,0.392478,-0.20038399999999998,RUS,MNG,8501
2022411,192,145,1704,2009,198603.0,0.0,1.9503540000000001,0.498033,SGP,MNG,8501
2022412,208,145,1704,2009,25383.0,0.0,1.877821,0.336565,SWE,MNG,8501
2022413,228,145,1704,2009,18862.0,0.0,0.602688,0.830247,UKR,MNG,8501
2022414,231,145,1704,2009,20000.0,0.0,1.657663,-0.41411400000000004,USA,MNG,8501
2022415,14,196,1704,2009,0.0,7710.0,-0.109286,0.13586900000000002,AUS,SLE,8501
2022416,32,196,1704,2009,12184.0,0.0,0.35447199999999995,0.8522360000000001,BRA,SLE,8501
2022417,39,196,1704,2009,0.0,4577.0,0.6778069999999999,1.278402,CAN,SLE,8501
2022418,41,196,1704,2009,1600.0,0.0,2.124438,0.484861,CHE,SLE,8501
2022419,43,196,1704,2009,38763.0,0.0,0.898623,2.08703,CHN,SLE,8501
2022420,61,196,1704,2009,18252.0,0.0,2.056515,-3.034837,DEU,SLE,8501
2022421,71,196,1704,2009,2792.0,7006.0,0.9021020000000001,2.170578,ESP,SLE,8501
2022422,73,196,1704,2009,0.0,38769.0,-0.967483,-0.8219,ETH,SLE,8501
2022423,81,196,1704,2009,392029.0,0.0,1.7921779999999998,0.41211499999999995,GBR,SLE,8501
2022424,83,196,1704,2009,1556.0,0.0,-0.909436,-0.6619470000000001,GHA,SLE,8501
2022425,114,196,1704,2009,1012596.0,0.0,2.306791,-0.251712,JPN,SLE,8501
2022426,121,196,1704,2009,22277.0,0.0,1.509336,0.784515,KOR,SLE,8501
2022427,124,196,1704,2009,159993.0,0.0,0.48618599999999995,1.4748620000000001,LBN,SLE,8501
2022428,138,196,1704,2009,0.0,34110.0,1.061625,0.719234,MEX,SLE,8501
2022429,162,196,1704,2009,97670.0,0.0,1.1914850000000001,1.3076780000000001,NLD,SLE,8501
2022430,163,196,1704,2009,3841.0,0.0,0.865455,0.082808,NOR,SLE,8501
2022431,177,196,1704,2009,0.0,1777255.0,1.11055,1.069074,POL,SLE,8501
2022432,224,196,1704,2009,3430.0,0.0,0.384596,2.3797610000000002,TUR,SLE,8501
2022433,231,196,1704,2009,24585.0,24675.0,1.657663,-0.41411400000000004,USA,SLE,8501
2022434,246,196,1704,2009,14225.0,0.0,0.316452,1.767795,ZAF,SLE,8501
2022435,14,221,1704,2009,22765.0,0.0,-0.109286,0.13586900000000002,AUS,TON,8501
2022436,114,221,1704,2009,2046.0,0.0,2.306791,-0.251712,JPN,TON,8501
2022437,121,221,1704,2009,1036.0,0.0,1.509336,0.784515,KOR,TON,8501
2022438,166,221,1704,2009,105295.0,0.0,0.38301999999999997,0.720644,NZL,TON,8501
2022439,176,221,1704,2009,47728.0,0.0,-1.90537,-1.2462030000000002,PNG,TON,8501
2022440,231,221,1704,2009,28297.0,0.0,1.657663,-0.41411400000000004,USA,TON,8501
2022441,14,242,1704,2009,266761.0,0.0,-0.109286,0.13586900000000002,AUS,WSM,8501
2022442,43,242,1704,2009,770.0,0.0,0.898623,2.08703,CHN,WSM,8501
2022443,61,242,1704,2009,7471.0,0.0,2.056515,-3.034837,DEU,WSM,8501
2022444,104,242,1704,2009,4088.0,0.0,0.209867,2.254003,IND,WSM,8501
2022445,114,242,1704,2009,2069.0,0.0,2.306791,-0.251712,JPN,WSM,8501
2022446,119,242,1704,2009,0.0,157981.0,-0.41403999999999996,-0.8960100000000001,KIR,WSM,8501
2022447,121,242,1704,2009,0.0,338602.0,1.509336,0.784515,KOR,WSM,8501
2022448,166,242,1704,2009,513314.0,0.0,0.38301999999999997,0.720644,NZL,WSM,8501
2022449,236,242,1704,2009,0.0,376864.0,-0.5847600000000001,-1.150334,VEN,WSM,8501
2022450,249,242,1704,2009,0.0,1207.0,1.5763120000000002,0.9567950000000001,TWN,WSM,8501
2022451,39,3,1704,2009,0.0,2880.0,0.6778069999999999,1.278402,CAN,AIA,8501
2022452,59,3,1704,2009,4664.0,0.0,1.6323159999999999,0.47257200000000005,CZE,AIA,8501
2022453,231,3,1704,2009,32285.0,0.0,1.657663,-0.41411400000000004,USA,AIA,8501
2022454,41,57,1704,2009,1107.0,0.0,2.124438,0.484861,CHE,CYM,8501
2022455,43,57,1704,2009,1064.0,0.0,0.898623,2.08703,CHN,CYM,8501
2022456,61,57,1704,2009,25348.0,0.0,2.056515,-3.034837,DEU,CYM,8501
2022457,74,57,1704,2009,714180.0,0.0,1.8206849999999999,0.797421,FIN,CYM,8501
2022458,231,57,1704,2009,984313.0,0.0,1.657663,-0.41411400000000004,USA,CYM,8501
2022459,14,11,1704,2009,4717.0,0.0,-0.109286,0.13586900000000002,AUS,ATA,8501
2022460,61,11,1704,2009,2628.0,0.0,2.056515,-3.034837,DEU,ATA,8501
2022461,177,11,1704,2009,22007.0,0.0,1.11055,1.069074,POL,ATA,8501
2022462,14,40,1704,2009,12982.0,0.0,-0.109286,0.13586900000000002,AUS,CCK,8501
2022463,14,48,1704,2009,1363651.0,0.0,-0.109286,0.13586900000000002,AUS,COK,8501
2022464,103,48,1704,2009,0.0,13298.0,-0.253835,1.260101,IDN,COK,8501
2022465,166,48,1704,2009,41564.0,0.0,0.38301999999999997,0.720644,NZL,COK,8501
2022466,14,56,1704,2009,408637.0,0.0,-0.109286,0.13586900000000002,AUS,CXR,8501
2022467,81,76,1704,2009,34187.0,0.0,1.7921779999999998,0.41211499999999995,GBR,FLK,8501
2022468,166,76,1704,2009,1393.0,0.0,0.38301999999999997,0.720644,NZL,FLK,8501
2022469,14,79,1704,2009,23665.0,0.0,-0.109286,0.13586900000000002,AUS,FSM,8501
2022470,43,79,1704,2009,2782.0,0.0,0.898623,2.08703,CHN,FSM,8501
2022471,95,79,1704,2009,118228.0,0.0,0.518098,-0.124172,GUM,FSM,8501
2022472,114,79,1704,2009,128180.0,0.0,2.306791,-0.251712,JPN,FSM,8501
2022473,121,79,1704,2009,2128.0,0.0,1.509336,0.784515,KOR,FSM,8501
2022474,146,79,1704,2009,1517.0,0.0,0.500134,-0.0069489999999999994,MNP,FSM,8501
2022475,174,79,1704,2009,4616.0,0.0,0.34318000000000004,0.095375,PHL,FSM,8501
2022476,175,79,1704,2009,4059.0,0.0,0.408333,-0.826412,PLW,FSM,8501
2022477,192,79,1704,2009,1236.0,0.0,1.9503540000000001,0.498033,SGP,FSM,8501
2022478,231,79,1704,2009,209205.0,0.0,1.657663,-0.41411400000000004,USA,FSM,8501
2022479,236,79,1704,2009,0.0,25788.0,-0.5847600000000001,-1.150334,VEN,FSM,8501
2022480,249,79,1704,2009,60985.0,0.0,1.5763120000000002,0.9567950000000001,TWN,FSM,8501
2022481,14,95,1704,2009,39710.0,0.0,-0.109286,0.13586900000000002,AUS,GUM,8501
2022482,79,95,1704,2009,0.0,118228.0,-1.011055,-0.983978,FSM,GUM,8501
2022483,114,95,1704,2009,10892.0,0.0,2.306791,-0.251712,JPN,GUM,8501
2022484,121,95,1704,2009,3149.0,0.0,1.509336,0.784515,KOR,GUM,8501
2022485,175,95,1704,2009,0.0,1714.0,0.408333,-0.826412,PLW,GUM,8501
2022486,192,95,1704,2009,12924.0,0.0,1.9503540000000001,0.498033,SGP,GUM,8501
2022487,216,95,1704,2009,1435.0,0.0,0.79692,1.315501,THA,GUM,8501
2022488,249,95,1704,2009,21092.0,0.0,1.5763120000000002,0.9567950000000001,TWN,GUM,8501
2022489,103,105,1704,2009,0.0,15959.0,-0.253835,1.260101,IDN,IOT,8501
2022490,14,119,1704,2009,7539.0,0.0,-0.109286,0.13586900000000002,AUS,KIR,8501
2022491,97,119,1704,2009,731.0,0.0,0.654964,1.98672,HKG,KIR,8501
2022492,104,119,1704,2009,14118.0,0.0,0.209867,2.254003,IND,KIR,8501
2022493,114,119,1704,2009,71898.0,0.0,2.306791,-0.251712,JPN,KIR,8501
2022494,121,119,1704,2009,3912.0,0.0,1.509336,0.784515,KOR,KIR,8501
2022495,166,119,1704,2009,1061.0,0.0,0.38301999999999997,0.720644,NZL,KIR,8501
2022496,242,119,1704,2009,157981.0,0.0,1.3006149999999999,0.354537,WSM,KIR,8501
2022497,61,129,1704,2009,1732.0,0.0,2.056515,-3.034837,DEU,LSO,8501
2022498,104,129,1704,2009,69504.0,0.0,0.209867,2.254003,IND,LSO,8501
2022499,246,129,1704,2009,1478570.0,24.0,0.316452,1.767795,ZAF,LSO,8501
2022500,249,129,1704,2009,13964.0,0.0,1.5763120000000002,0.9567950000000001,TWN,LSO,8501
2022501,14,146,1704,2009,11889.0,0.0,-0.109286,0.13586900000000002,AUS,MNP,8501
2022502,79,146,1704,2009,0.0,1517.0,-1.011055,-0.983978,FSM,MNP,8501
2022503,114,146,1704,2009,13690.0,0.0,2.306791,-0.251712,JPN,MNP,8501
2022504,147,146,1704,2009,27605.0,0.0,-1.0023090000000001,-0.844765,MOZ,MNP,8501
2022505,249,146,1704,2009,17714.0,0.0,1.5763120000000002,0.9567950000000001,TWN,MNP,8501
2022506,79,175,1704,2009,0.0,4059.0,-1.011055,-0.983978,FSM,PLW,8501
2022507,95,175,1704,2009,1714.0,0.0,0.518098,-0.124172,GUM,PLW,8501
2022508,114,175,1704,2009,98014.0,0.0,2.306791,-0.251712,JPN,PLW,8501
2022509,121,175,1704,2009,18564.0,0.0,1.509336,0.784515,KOR,PLW,8501
2022510,174,175,1704,2009,1953.0,0.0,0.34318000000000004,0.095375,PHL,PLW,8501
2022511,231,175,1704,2009,116060.0,0.0,1.657663,-0.41411400000000004,USA,PLW,8501
2022512,249,175,1704,2009,35714.0,0.0,1.5763120000000002,0.9567950000000001,TWN,PLW,8501
2022513,14,195,1704,2009,423083.0,0.0,-0.109286,0.13586900000000002,AUS,SLB,8501
2022514,61,195,1704,2009,16134.0,0.0,2.056515,-3.034837,DEU,SLB,8501
2022515,97,195,1704,2009,1279.0,0.0,0.654964,1.98672,HKG,SLB,8501
2022516,121,195,1704,2009,2393.0,0.0,1.509336,0.784515,KOR,SLB,8501
2022517,153,195,1704,2009,61981.0,0.0,0.8718229999999999,0.607429,MYS,SLB,8501
2022518,192,195,1704,2009,4410.0,1752.0,1.9503540000000001,0.498033,SGP,SLB,8501
2022519,216,195,1704,2009,1106.0,0.0,0.79692,1.315501,THA,SLB,8501
2022520,236,195,1704,2009,0.0,26013.0,-0.5847600000000001,-1.150334,VEN,SLB,8501
2022521,75,225,1704,2009,8902.0,0.0,-0.785772,-0.305228,FJI,TUV,8501
2022522,14,241,1704,2009,462067.0,0.0,-0.109286,0.13586900000000002,AUS,WLF,8501
2022523,75,241,1704,2009,4872.0,0.0,-0.785772,-0.305228,FJI,WLF,8501
2022524,77,241,1704,2009,2779.0,0.0,1.540346,0.090377,FRA,WLF,8501
2022525,64,12,1704,2009,5755.0,0.0,1.242327,1.064709,DNK,ATF,8501
2022526,174,12,1704,2009,2110.0,0.0,0.34318000000000004,0.095375,PHL,ATF,8501
2022527,77,218,1704,2009,58352.0,0.0,1.540346,0.090377,FRA,TKL,8501
2022528,81,218,1704,2009,131685.0,0.0,1.7921779999999998,0.41211499999999995,GBR,TKL,8501
2022529,121,218,1704,2009,0.0,172016.0,1.509336,0.784515,KOR,TKL,8501
2022530,231,218,1704,2009,15597.0,0.0,1.657663,-0.41411400000000004,USA,TKL,8501
2022531,61,233,1704,2009,1360.0,0.0,2.056515,-3.034837,DEU,VAT,8501
2022532,81,193,1704,2009,0.0,2659.0,1.7921779999999998,0.41211499999999995,GBR,SGS,8501
2022533,39,200,1704,2009,6295.0,0.0,0.6778069999999999,1.278402,CAN,SPM,8501
2022534,77,200,1704,2009,61131.0,0.0,1.540346,0.090377,FRA,SPM,8501
2022535,39,213,1704,2009,50990.0,0.0,0.6778069999999999,1.278402,CAN,TCA,8501
2022536,65,213,1704,2009,0.0,8644.0,-0.317894,0.198926,DOM,TCA,8501
2022537,231,213,1704,2009,1928864.0,0.0,1.657663,-0.41411400000000004,USA,TCA,8501
2022538,159,161,1704,2009,0.0,194654.0,-1.584051,-1.156247,NGA,NIU,8501
2022539,61,194,1704,2009,2060.0,0.0,2.056515,-3.034837,DEU,SHN,8501
2022540,0,6,1705,2009,140182.0,7309.0,0.770077,-0.71001,ABW,ANT,8502
2022541,13,6,1705,2009,0.0,12755.0,0.930903,0.279441,ATG,ANT,8502
2022542,14,6,1705,2009,12418.0,0.0,-0.109286,0.13586900000000002,AUS,ANT,8502
2022543,32,6,1705,2009,4933239.0,0.0,0.35447199999999995,0.8522360000000001,BRA,ANT,8502
2022544,42,6,1705,2009,65768.0,0.0,-0.219521,-0.34239,CHL,ANT,8502
2022545,43,6,1705,2009,148442.0,0.0,0.898623,2.08703,CHN,ANT,8502
2022546,64,6,1705,2009,6175244.0,0.0,1.242327,1.064709,DNK,ANT,8502
2022547,65,6,1705,2009,2095.0,1853.0,-0.317894,0.198926,DOM,ANT,8502
2022548,77,6,1705,2009,1065613.0,0.0,1.540346,0.090377,FRA,ANT,8502
2022549,81,6,1705,2009,222228.0,0.0,1.7921779999999998,0.41211499999999995,GBR,ANT,8502
2022550,83,6,1705,2009,0.0,22422.0,-0.909436,-0.6619470000000001,GHA,ANT,8502
2022551,99,6,1705,2009,0.0,2838.0,-0.587607,-0.189167,HND,ANT,8502
2022552,111,6,1705,2009,90567.0,0.0,1.289,0.64549,ITA,ANT,8502
2022553,112,6,1705,2009,738046.0,0.0,-0.083743,-0.6222479999999999,JAM,ANT,8502
2022554,114,6,1705,2009,244131.0,0.0,2.306791,-0.251712,JPN,ANT,8502
2022555,120,6,1705,2009,0.0,2843.0,0.9218370000000001,-0.303977,KNA,ANT,8502
2022556,124,6,1705,2009,87202.0,0.0,0.48618599999999995,1.4748620000000001,LBN,ANT,8502
2022557,127,6,1705,2009,0.0,4190.0,0.34839699999999996,-0.531658,LCA,ANT,8502
2022558,162,6,1705,2009,618110.0,4512.0,1.1914850000000001,1.3076780000000001,NLD,ANT,8502
2022559,169,6,1705,2009,2954.0,0.0,0.629137,0.5894010000000001,PAN,ANT,8502
2022560,222,6,1705,2009,2980.0,0.0,-0.508195,-1.097365,TTO,ANT,8502
2022561,224,6,1705,2009,220798.0,0.0,0.384596,2.3797610000000002,TUR,ANT,8502
2022562,231,6,1705,2009,1600452.0,0.0,1.657663,-0.41411400000000004,USA,ANT,8502
2022563,236,6,1705,2009,0.0,237592.0,-0.5847600000000001,-1.150334,VEN,ANT,8502
2022564,0,8,1705,2009,0.0,8587.0,0.770077,-0.71001,ABW,ARG,8502
2022565,2,8,1705,2009,0.0,721189.0,-0.809438,-1.190006,AGO,ARG,8502
2022566,15,8,1705,2009,5659961.0,0.0,1.651325,-0.020794,AUT,ARG,8502
2022567,18,8,1705,2009,16766.0,0.0,1.272011,1.074548,BEL,ARG,8502
2022568,22,8,1705,2009,0.0,280158.0,-1.030722,-0.860137,BGD,ARG,8502
2022569,31,8,1705,2009,0.0,2238975.0,-0.909969,-0.8899879999999999,BOL,ARG,8502
2022570,32,8,1705,2009,311114.0,818560.0,0.35447199999999995,0.8522360000000001,BRA,ARG,8502
2022571,39,8,1705,2009,337336.0,1917.0,0.6778069999999999,1.278402,CAN,ARG,8502
2022572,41,8,1705,2009,17956.0,0.0,2.124438,0.484861,CHE,ARG,8502
2022573,42,8,1705,2009,3108578.0,1956779.0,-0.219521,-0.34239,CHL,ARG,8502
2022574,43,8,1705,2009,18874801.0,0.0,0.898623,2.08703,CHN,ARG,8502
2022575,49,8,1705,2009,0.0,1084671.0,0.263416,0.38947,COL,ARG,8502
2022576,61,8,1705,2009,26429261.0,59980.0,2.056515,-3.034837,DEU,ARG,8502
2022577,64,8,1705,2009,40619.0,0.0,1.242327,1.064709,DNK,ARG,8502
2022578,67,8,1705,2009,0.0,1407361.0,-0.92724,-0.965628,ECU,ARG,8502
2022579,71,8,1705,2009,5058084.0,0.0,0.9021020000000001,2.170578,ESP,ARG,8502
2022580,74,8,1705,2009,1624496.0,0.0,1.8206849999999999,0.797421,FIN,ARG,8502
2022581,77,8,1705,2009,3975244.0,0.0,1.540346,0.090377,FRA,ARG,8502
2022582,81,8,1705,2009,4931295.0,0.0,1.7921779999999998,0.41211499999999995,GBR,ARG,8502
2022583,97,8,1705,2009,107202.0,0.0,0.654964,1.98672,HKG,ARG,8502
2022584,104,8,1705,2009,46564.0,0.0,0.209867,2.254003,IND,ARG,8502
2022585,106,8,1705,2009,35876.0,0.0,1.627233,0.020024,IRL,ARG,8502
2022586,110,8,1705,2009,5314.0,0.0,1.226438,0.816299,ISR,ARG,8502
2022587,111,8,1705,2009,117774.0,0.0,1.289,0.64549,ITA,ARG,8502
2022588,114,8,1705,2009,327011.0,0.0,2.306791,-0.251712,JPN,ARG,8502
2022589,121,8,1705,2009,2320732.0,0.0,1.509336,0.784515,KOR,ARG,8502
2022590,138,8,1705,2009,1787001.0,176102.0,1.061625,0.719234,MEX,ARG,8502
2022591,153,8,1705,2009,0.0,20889.0,0.8718229999999999,0.607429,MYS,ARG,8502
2022592,159,8,1705,2009,0.0,54450.0,-1.584051,-1.156247,NGA,ARG,8502
2022593,160,8,1705,2009,0.0,161154.0,-0.924057,-0.809557,NIC,ARG,8502
2022594,162,8,1705,2009,339723.0,296098.0,1.1914850000000001,1.3076780000000001,NLD,ARG,8502
2022595,163,8,1705,2009,39095.0,0.0,0.865455,0.082808,NOR,ARG,8502
2022596,168,8,1705,2009,20952.0,0.0,-0.514907,0.44733100000000003,PAK,ARG,8502
2022597,169,8,1705,2009,0.0,10179.0,0.629137,0.5894010000000001,PAN,ARG,8502
2022598,173,8,1705,2009,0.0,163305.0,-0.53304,0.221183,PER,ARG,8502
2022599,177,8,1705,2009,4102.0,0.0,1.11055,1.069074,POL,ARG,8502
2022600,180,8,1705,2009,194428.0,332323.0,-0.564858,-0.941735,PRY,ARG,8502
2022601,190,8,1705,2009,0.0,19049.0,-2.2948020000000002,-1.3182040000000002,SDN,ARG,8502
2022602,208,8,1705,2009,19080870.0,5308.0,1.877821,0.336565,SWE,ARG,8502
2022603,216,8,1705,2009,1086.0,0.0,0.79692,1.315501,THA,ARG,8502
2022604,230,8,1705,2009,0.0,629905.0,0.260419,-0.171944,URY,ARG,8502
2022605,231,8,1705,2009,19541877.0,7504069.0,1.657663,-0.41411400000000004,USA,ARG,8502
2022606,236,8,1705,2009,0.0,463397.0,-0.5847600000000001,-1.150334,VEN,ARG,8502
2022607,246,8,1705,2009,317132.0,0.0,0.316452,1.767795,ZAF,ARG,8502
2022608,250,8,1705,2009,255131.0,121097.0,0.582246,-0.10603,ANS,ARG,8502
2022609,1,15,1705,2009,0.0,23727.0,-0.424354,-0.563383,AFG,AUT,8502
2022610,7,15,1705,2009,0.0,2471340.0,0.070059,-0.619075,ARE,AUT,8502
2022611,8,15,1705,2009,0.0,5659961.0,0.27637,0.611129,ARG,AUT,8502
2022612,14,15,1705,2009,0.0,4411647.0,-0.109286,0.13586900000000002,AUS,AUT,8502
2022613,16,15,1705,2009,4351.0,0.0,-1.124423,-1.228081,AZE,AUT,8502
2022614,18,15,1705,2009,13407396.0,1703728.0,1.272011,1.074548,BEL,AUT,8502
2022615,19,15,1705,2009,0.0,6132.0,-0.93195,-0.813017,BEN,AUT,8502
2022616,22,15,1705,2009,0.0,40947061.0,-1.030722,-0.860137,BGD,AUT,8502
2022617,23,15,1705,2009,75318.0,236882.0,0.373594,1.571413,BGR,AUT,8502
2022618,24,15,1705,2009,0.0,81326.0,0.250645,-0.767742,BHR,AUT,8502
2022619,26,15,1705,2009,6350.0,15996.0,0.519113,0.762582,BIH,AUT,8502
2022620,28,15,1705,2009,0.0,13402954.0,0.977663,0.549549,BLR,AUT,8502
2022621,32,15,1705,2009,0.0,3933585.0,0.35447199999999995,0.8522360000000001,BRA,AUT,8502
2022622,39,15,1705,2009,4566.0,2349714.0,0.6778069999999999,1.278402,CAN,AUT,8502
2022623,41,15,1705,2009,414427.0,3819133.0,2.124438,0.484861,CHE,AUT,8502
2022624,42,15,1705,2009,0.0,1740.0,-0.219521,-0.34239,CHL,AUT,8502
2022625,43,15,1705,2009,1674267.0,11815218.0,0.898623,2.08703,CHN,AUT,8502
2022626,45,15,1705,2009,0.0,17453.0,-1.128734,-1.022546,CMR,AUT,8502
2022627,49,15,1705,2009,377360.0,495682.0,0.263416,0.38947,COL,AUT,8502
2022628,52,15,1705,2009,0.0,100724.0,-0.142465,-0.669277,CRI,AUT,8502
2022629,58,15,1705,2009,0.0,899137.0,0.934193,0.657555,CYP,AUT,8502
2022630,59,15,1705,2009,4885207.0,1650446.0,1.6323159999999999,0.47257200000000005,CZE,AUT,8502
2022631,61,15,1705,2009,32540215.0,23633216.0,2.056515,-3.034837,DEU,AUT,8502
2022632,64,15,1705,2009,8094369.0,97020.0,1.242327,1.064709,DNK,AUT,8502
2022633,66,15,1705,2009,0.0,858692.0,-1.161786,-1.188669,DZA,AUT,8502
2022634,68,15,1705,2009,0.0,2115.0,-0.20940300000000003,1.6466290000000001,EGY,AUT,8502
2022635,71,15,1705,2009,571220.0,6743847.0,0.9021020000000001,2.170578,ESP,AUT,8502
2022636,72,15,1705,2009,1237.0,654484.0,0.749058,1.269572,EST,AUT,8502
2022637,74,15,1705,2009,50870.0,15424.0,1.8206849999999999,0.797421,FIN,AUT,8502
2022638,77,15,1705,2009,2522160.0,6085957.0,1.540346,0.090377,FRA,AUT,8502
2022639,80,15,1705,2009,0.0,37406.0,-1.197711,-1.147469,GAB,AUT,8502
2022640,81,15,1705,2009,1395713.0,16173137.0,1.7921779999999998,0.41211499999999995,GBR,AUT,8502
2022641,82,15,1705,2009,0.0,85761.0,0.045952,-0.381822,GEO,AUT,8502
2022642,83,15,1705,2009,0.0,185254.0,-0.909436,-0.6619470000000001,GHA,AUT,8502
2022643,84,15,1705,2009,0.0,268839.0,0.9646979999999999,-0.461183,GIB,AUT,8502
2022644,87,15,1705,2009,0.0,9663.0,-0.573979,-0.644636,GMB,AUT,8502
2022645,90,15,1705,2009,8431.0,1404978.0,0.2196,1.63301,GRC,AUT,8502
2022646,93,15,1705,2009,0.0,1607616.0,-0.33276999999999995,0.551257,GTM,AUT,8502
2022647,97,15,1705,2009,0.0,4223827.0,0.654964,1.98672,HKG,AUT,8502
2022648,100,15,1705,2009,17108.0,2419428.0,0.740174,1.005258,HRV,AUT,8502
2022649,101,15,1705,2009,0.0,1561541.0,-1.406148,-1.108465,HTI,AUT,8502
2022650,102,15,1705,2009,506645.0,1165534.0,1.397765,0.772375,HUN,AUT,8502
2022651,103,15,1705,2009,42197.0,6123888.0,-0.253835,1.260101,IDN,AUT,8502
2022652,104,15,1705,2009,343916.0,5811133.0,0.209867,2.254003,IND,AUT,8502
2022653,106,15,1705,2009,14855.0,31975.0,1.627233,0.020024,IRL,AUT,8502
2022654,107,15,1705,2009,0.0,657177.0,-1.185702,-1.1049360000000001,IRN,AUT,8502
2022655,108,15,1705,2009,0.0,344080.0,-1.1683270000000001,-0.9517459999999999,IRQ,AUT,8502
2022656,109,15,1705,2009,17549.0,0.0,0.21713200000000002,-0.371812,ISL,AUT,8502
2022657,110,15,1705,2009,0.0,209507.0,1.226438,0.816299,ISR,AUT,8502
2022658,111,15,1705,2009,5091573.0,5256802.0,1.289,0.64549,ITA,AUT,8502
2022659,114,15,1705,2009,263556.0,4258640.0,2.306791,-0.251712,JPN,AUT,8502
2022660,115,15,1705,2009,0.0,2962447.0,-0.6547970000000001,-0.772256,KAZ,AUT,8502
2022661,116,15,1705,2009,0.0,3335.0,-0.26477399999999995,0.932587,KEN,AUT,8502
2022662,121,15,1705,2009,84735.0,709191.0,1.509336,0.784515,KOR,AUT,8502
2022663,126,15,1705,2009,0.0,224791.0,-1.196032,-1.1829,LBY,AUT,8502
2022664,128,15,1705,2009,0.0,589622.0,-0.653836,0.174403,LKA,AUT,8502
2022665,131,15,1705,2009,0.0,1810.0,1.323336,1.026341,LUX,AUT,8502
2022666,134,15,1705,2009,0.0,619746.0,-0.48819300000000004,0.173952,MAR,AUT,8502
2022667,135,15,1705,2009,0.0,47047.0,0.009281999999999999,-0.039299,MDA,AUT,8502
2022668,138,15,1705,2009,2428.0,528769.0,1.061625,0.719234,MEX,AUT,8502
2022669,140,15,1705,2009,0.0,44935.0,-0.14890499999999998,0.405505,MKD,AUT,8502
2022670,144,15,1705,2009,0.0,34488.0,0.19963499999999998,-0.073107,MNE,AUT,8502
2022671,145,15,1705,2009,0.0,1724.0,-0.825506,-1.067644,MNG,AUT,8502
2022672,153,15,1705,2009,0.0,500052.0,0.8718229999999999,0.607429,MYS,AUT,8502
2022673,159,15,1705,2009,0.0,962895.0,-1.584051,-1.156247,NGA,AUT,8502
2022674,162,15,1705,2009,1045472.0,205482.0,1.1914850000000001,1.3076780000000001,NLD,AUT,8502
2022675,163,15,1705,2009,32043.0,1665103.0,0.865455,0.082808,NOR,AUT,8502
2022676,166,15,1705,2009,0.0,135772.0,0.38301999999999997,0.720644,NZL,AUT,8502
2022677,167,15,1705,2009,1011.0,0.0,-0.691918,-1.015434,OMN,AUT,8502
2022678,168,15,1705,2009,0.0,88115403.0,-0.514907,0.44733100000000003,PAK,AUT,8502
2022679,173,15,1705,2009,0.0,5384.0,-0.53304,0.221183,PER,AUT,8502
2022680,177,15,1705,2009,30137.0,160013.0,1.11055,1.069074,POL,AUT,8502
2022681,178,15,1705,2009,0.0,87529.0,0.608089,0.709831,PRK,AUT,8502
2022682,179,15,1705,2009,0.0,1426.0,0.559189,2.4359919999999997,PRT,AUT,8502
2022683,185,15,1705,2009,44268.0,926442.0,0.833802,1.024418,ROU,AUT,8502
2022684,186,15,1705,2009,0.0,19086676.0,0.392478,-0.20038399999999998,RUS,AUT,8502
2022685,188,15,1705,2009,98899.0,427479.0,0.300581,-0.813199,SAU,AUT,8502
2022686,190,15,1705,2009,0.0,14406.0,-2.2948020000000002,-1.3182040000000002,SDN,AUT,8502
2022687,192,15,1705,2009,0.0,9933142.0,1.9503540000000001,0.498033,SGP,AUT,8502
2022688,197,15,1705,2009,0.0,1354364.0,-0.19729100000000002,0.23434899999999997,SLV,AUT,8502
2022689,201,15,1705,2009,54238.0,585083.0,0.531766,1.477837,SRB,AUT,8502
2022690,206,15,1705,2009,0.0,3115848.0,1.231382,0.820968,SVK,AUT,8502
2022691,207,15,1705,2009,368566.0,1964049.0,1.548036,0.730396,SVN,AUT,8502
2022692,208,15,1705,2009,29852.0,3946.0,1.877821,0.336565,SWE,AUT,8502
2022693,216,15,1705,2009,0.0,12053050.0,0.79692,1.315501,THA,AUT,8502
2022694,222,15,1705,2009,0.0,4382428.0,-0.508195,-1.097365,TTO,AUT,8502
2022695,223,15,1705,2009,1850.0,5418.0,0.044903,0.9126120000000001,TUN,AUT,8502
2022696,224,15,1705,2009,277534.0,4794391.0,0.384596,2.3797610000000002,TUR,AUT,8502
2022697,226,15,1705,2009,0.0,1018755.0,-0.822897,0.644899,TZA,AUT,8502
2022698,228,15,1705,2009,0.0,3199599.0,0.602688,0.830247,UKR,AUT,8502
2022699,230,15,1705,2009,0.0,202165.0,0.260419,-0.171944,URY,AUT,8502
2022700,231,15,1705,2009,1350837.0,14996469.0,1.657663,-0.41411400000000004,USA,AUT,8502
2022701,232,15,1705,2009,351509.0,1341775.0,-0.6115470000000001,-0.710622,UZB,AUT,8502
2022702,236,15,1705,2009,0.0,679075.0,-0.5847600000000001,-1.150334,VEN,AUT,8502
2022703,239,15,1705,2009,0.0,256446.0,-0.27396,1.131199,VNM,AUT,8502
2022704,246,15,1705,2009,2404.0,16760091.0,0.316452,1.767795,ZAF,AUT,8502
2022705,249,15,1705,2009,33430.0,3117.0,1.5763120000000002,0.9567950000000001,TWN,AUT,8502
2022706,1,18,1705,2009,0.0,1232437.0,-0.424354,-0.563383,AFG,BEL,8502
2022707,2,18,1705,2009,0.0,755605.0,-0.809438,-1.190006,AGO,BEL,8502
2022708,4,18,1705,2009,0.0,60749.0,-0.41612200000000005,-0.256639,ALB,BEL,8502
2022709,7,18,1705,2009,0.0,891406.0,0.070059,-0.619075,ARE,BEL,8502
2022710,8,18,1705,2009,0.0,16766.0,0.27637,0.611129,ARG,BEL,8502
2022711,9,18,1705,2009,0.0,241007.0,0.24424899999999997,-0.30152399999999996,ARM,BEL,8502
2022712,12,18,1705,2009,0.0,50173.0,-0.129751,-0.8515290000000001,ATF,BEL,8502
2022713,13,18,1705,2009,0.0,9569.0,0.930903,0.279441,ATG,BEL,8502
2022714,14,18,1705,2009,0.0,2194092.0,-0.109286,0.13586900000000002,AUS,BEL,8502
2022715,15,18,1705,2009,1703728.0,13407396.0,1.651325,-0.020794,AUT,BEL,8502
2022716,16,18,1705,2009,0.0,24682.0,-1.124423,-1.228081,AZE,BEL,8502
2022717,17,18,1705,2009,0.0,426628.0,-0.43971099999999996,-0.575079,BDI,BEL,8502
2022718,19,18,1705,2009,0.0,76874.0,-0.93195,-0.813017,BEN,BEL,8502
2022719,21,18,1705,2009,0.0,220467.0,-1.283807,-1.061272,BFA,BEL,8502
2022720,22,18,1705,2009,0.0,9200.0,-1.030722,-0.860137,BGD,BEL,8502
2022721,23,18,1705,2009,0.0,78732.0,0.373594,1.571413,BGR,BEL,8502
2022722,26,18,1705,2009,0.0,39685.0,0.519113,0.762582,BIH,BEL,8502
2022723,28,18,1705,2009,0.0,79349.0,0.977663,0.549549,BLR,BEL,8502
2022724,32,18,1705,2009,236260.0,184179.0,0.35447199999999995,0.8522360000000001,BRA,BEL,8502
2022725,38,18,1705,2009,0.0,7334.0,-0.5777260000000001,-0.839981,CAF,BEL,8502
2022726,39,18,1705,2009,14667.0,92497.0,0.6778069999999999,1.278402,CAN,BEL,8502
2022727,41,18,1705,2009,2010981.0,3020155.0,2.124438,0.484861,CHE,BEL,8502
2022728,42,18,1705,2009,0.0,1574207.0,-0.219521,-0.34239,CHL,BEL,8502
2022729,43,18,1705,2009,5817899.0,578878.0,0.898623,2.08703,CHN,BEL,8502
2022730,44,18,1705,2009,0.0,14317.0,-0.924681,-0.801371,CIV,BEL,8502
2022731,45,18,1705,2009,2252.0,844167.0,-1.128734,-1.022546,CMR,BEL,8502
2022732,46,18,1705,2009,0.0,1458224.0,-1.532165,-1.160269,COD,BEL,8502
2022733,47,18,1705,2009,1634.0,2494796.0,-1.466289,-1.201249,COG,BEL,8502
2022734,49,18,1705,2009,0.0,34341.0,0.263416,0.38947,COL,BEL,8502
2022735,50,18,1705,2009,0.0,98665.0,0.080831,-0.7148760000000001,COM,BEL,8502
2022736,54,18,1705,2009,0.0,1707.0,0.188114,-0.819958,CUB,BEL,8502
2022737,58,18,1705,2009,0.0,215048.0,0.934193,0.657555,CYP,BEL,8502
2022738,59,18,1705,2009,707682.0,1472686.0,1.6323159999999999,0.47257200000000005,CZE,BEL,8502
2022739,61,18,1705,2009,13194549.0,10967001.0,2.056515,-3.034837,DEU,BEL,8502
2022740,62,18,1705,2009,0.0,1257702.0,0.062037,-0.596527,DJI,BEL,8502
2022741,64,18,1705,2009,23282630.0,639771.0,1.242327,1.064709,DNK,BEL,8502
2022742,65,18,1705,2009,0.0,171714.0,-0.317894,0.198926,DOM,BEL,8502
2022743,66,18,1705,2009,0.0,4657188.0,-1.161786,-1.188669,DZA,BEL,8502
2022744,67,18,1705,2009,0.0,39580.0,-0.92724,-0.965628,ECU,BEL,8502
2022745,68,18,1705,2009,0.0,630255.0,-0.20940300000000003,1.6466290000000001,EGY,BEL,8502
2022746,71,18,1705,2009,4738972.0,1707376.0,0.9021020000000001,2.170578,ESP,BEL,8502
2022747,72,18,1705,2009,0.0,1173038.0,0.749058,1.269572,EST,BEL,8502
2022748,73,18,1705,2009,0.0,1364961.0,-0.967483,-0.8219,ETH,BEL,8502
2022749,74,18,1705,2009,18646059.0,413900.0,1.8206849999999999,0.797421,FIN,BEL,8502
2022750,77,18,1705,2009,25272020.0,6790351.0,1.540346,0.090377,FRA,BEL,8502
2022751,80,18,1705,2009,0.0,469421.0,-1.197711,-1.147469,GAB,BEL,8502
2022752,81,18,1705,2009,24548744.0,10114287.0,1.7921779999999998,0.41211499999999995,GBR,BEL,8502
2022753,82,18,1705,2009,0.0,146699.0,0.045952,-0.381822,GEO,BEL,8502
2022754,83,18,1705,2009,0.0,463288.0,-0.909436,-0.6619470000000001,GHA,BEL,8502
2022755,85,18,1705,2009,0.0,46616.0,-1.618121,-1.2200520000000001,GIN,BEL,8502
2022756,87,18,1705,2009,0.0,3855.0,-0.573979,-0.644636,GMB,BEL,8502
2022757,89,18,1705,2009,2660.0,0.0,-1.426661,-0.9459870000000001,GNQ,BEL,8502
2022758,90,18,1705,2009,0.0,129556.0,0.2196,1.63301,GRC,BEL,8502
2022759,100,18,1705,2009,0.0,4193304.0,0.740174,1.005258,HRV,BEL,8502
2022760,102,18,1705,2009,0.0,576409.0,1.397765,0.772375,HUN,BEL,8502
2022761,103,18,1705,2009,0.0,88916.0,-0.253835,1.260101,IDN,BEL,8502
2022762,104,18,1705,2009,2861676.0,613485.0,0.209867,2.254003,IND,BEL,8502
2022763,106,18,1705,2009,224949.0,87599.0,1.627233,0.020024,IRL,BEL,8502
2022764,108,18,1705,2009,0.0,6976.0,-1.1683270000000001,-0.9517459999999999,IRQ,BEL,8502
2022765,110,18,1705,2009,31273.0,3479204.0,1.226438,0.816299,ISR,BEL,8502
2022766,111,18,1705,2009,1508429.0,6796144.0,1.289,0.64549,ITA,BEL,8502
2022767,112,18,1705,2009,0.0,1923.0,-0.083743,-0.6222479999999999,JAM,BEL,8502
2022768,113,18,1705,2009,0.0,18870.0,0.21374899999999997,0.423774,JOR,BEL,8502
2022769,114,18,1705,2009,6846259.0,1374.0,2.306791,-0.251712,JPN,BEL,8502
2022770,115,18,1705,2009,0.0,1077954.0,-0.6547970000000001,-0.772256,KAZ,BEL,8502
2022771,116,18,1705,2009,0.0,529234.0,-0.26477399999999995,0.932587,KEN,BEL,8502
2022772,117,18,1705,2009,0.0,29455.0,-0.251815,0.144822,KGZ,BEL,8502
2022773,122,18,1705,2009,0.0,139540.0,-1.386993,-1.203527,KWT,BEL,8502
2022774,124,18,1705,2009,0.0,12871.0,0.48618599999999995,1.4748620000000001,LBN,BEL,8502
2022775,125,18,1705,2009,0.0,159797.0,-0.07508,-0.994632,LBR,BEL,8502
2022776,126,18,1705,2009,0.0,653913.0,-1.196032,-1.1829,LBY,BEL,8502
2022777,130,18,1705,2009,0.0,762005.0,0.647736,1.150962,LTU,BEL,8502
2022778,131,18,1705,2009,4168631.0,193865.0,1.323336,1.026341,LUX,BEL,8502
2022779,132,18,1705,2009,0.0,4273.0,0.675643,0.99977,LVA,BEL,8502
2022780,134,18,1705,2009,0.0,430858.0,-0.48819300000000004,0.173952,MAR,BEL,8502
2022781,136,18,1705,2009,1012.0,99619.0,-1.0356610000000002,-0.198062,MDG,BEL,8502
2022782,138,18,1705,2009,0.0,43254.0,1.061625,0.719234,MEX,BEL,8502
2022783,140,18,1705,2009,0.0,11974.0,-0.14890499999999998,0.405505,MKD,BEL,8502
2022784,141,18,1705,2009,0.0,130547.0,-0.84835,-0.780324,MLI,BEL,8502
2022785,142,18,1705,2009,0.0,55887.0,1.233965,-0.016763,MLT,BEL,8502
2022786,145,18,1705,2009,0.0,385635.0,-0.825506,-1.067644,MNG,BEL,8502
2022787,147,18,1705,2009,0.0,26451.0,-1.0023090000000001,-0.844765,MOZ,BEL,8502
2022788,148,18,1705,2009,0.0,145582.0,-1.761436,-1.2898479999999999,MRT,BEL,8502
2022789,151,18,1705,2009,0.0,111071.0,-0.198194,0.067014,MUS,BEL,8502
2022790,152,18,1705,2009,0.0,6914.0,-1.571672,-1.244864,MWI,BEL,8502
2022791,156,18,1705,2009,9374.0,7518.0,1.323528,0.523435,NCL,BEL,8502
2022792,157,18,1705,2009,0.0,44513.0,-1.306036,-0.956361,NER,BEL,8502
2022793,159,18,1705,2009,1515.0,10704661.0,-1.584051,-1.156247,NGA,BEL,8502
2022794,162,18,1705,2009,13630545.0,12774275.0,1.1914850000000001,1.3076780000000001,NLD,BEL,8502
2022795,163,18,1705,2009,9262.0,2412309.0,0.865455,0.082808,NOR,BEL,8502
2022796,166,18,1705,2009,0.0,77200.0,0.38301999999999997,0.720644,NZL,BEL,8502
2022797,167,18,1705,2009,0.0,65738.0,-0.691918,-1.015434,OMN,BEL,8502
2022798,168,18,1705,2009,1096542.0,1884036.0,-0.514907,0.44733100000000003,PAK,BEL,8502
2022799,169,18,1705,2009,0.0,154124.0,0.629137,0.5894010000000001,PAN,BEL,8502
2022800,177,18,1705,2009,177883.0,2873112.0,1.11055,1.069074,POL,BEL,8502
2022801,179,18,1705,2009,10750.0,1934092.0,0.559189,2.4359919999999997,PRT,BEL,8502
2022802,182,18,1705,2009,0.0,147853.0,-0.440014,-0.835513,PYF,BEL,8502
2022803,183,18,1705,2009,2194315.0,540086.0,-0.484947,-1.07179,QAT,BEL,8502
2022804,185,18,1705,2009,0.0,612281.0,0.833802,1.024418,ROU,BEL,8502
2022805,186,18,1705,2009,58572.0,80762113.0,0.392478,-0.20038399999999998,RUS,BEL,8502
2022806,187,18,1705,2009,875.0,601020.0,-0.31001599999999996,-0.5382170000000001,RWA,BEL,8502
2022807,188,18,1705,2009,821598.0,968603.0,0.300581,-0.813199,SAU,BEL,8502
2022808,190,18,1705,2009,0.0,699667.0,-2.2948020000000002,-1.3182040000000002,SDN,BEL,8502
2022809,191,18,1705,2009,2973834.0,327260.0,-0.53392,-0.415513,SEN,BEL,8502
2022810,192,18,1705,2009,0.0,491472.0,1.9503540000000001,0.498033,SGP,BEL,8502
2022811,196,18,1705,2009,0.0,12867.0,0.06259400000000001,-0.273258,SLE,BEL,8502
2022812,198,18,1705,2009,64629.0,0.0,1.221869,0.351498,SMR,BEL,8502
2022813,201,18,1705,2009,0.0,6048.0,0.531766,1.477837,SRB,BEL,8502
2022814,206,18,1705,2009,0.0,226595.0,1.231382,0.820968,SVK,BEL,8502
2022815,207,18,1705,2009,0.0,464862.0,1.548036,0.730396,SVN,BEL,8502
2022816,208,18,1705,2009,1411975.0,1818686.0,1.877821,0.336565,SWE,BEL,8502
2022817,215,18,1705,2009,0.0,121903.0,-0.561619,-0.759929,TGO,BEL,8502
2022818,216,18,1705,2009,173738.0,9728793.0,0.79692,1.315501,THA,BEL,8502
2022819,219,18,1705,2009,0.0,274017.0,-1.060378,-1.17279,TKM,BEL,8502
2022820,223,18,1705,2009,0.0,126626.0,0.044903,0.9126120000000001,TUN,BEL,8502
2022821,224,18,1705,2009,445562.0,25014389.0,0.384596,2.3797610000000002,TUR,BEL,8502
2022822,226,18,1705,2009,0.0,2086455.0,-0.822897,0.644899,TZA,BEL,8502
2022823,227,18,1705,2009,0.0,141781.0,-0.573707,-0.036203,UGA,BEL,8502
2022824,228,18,1705,2009,0.0,1965932.0,0.602688,0.830247,UKR,BEL,8502
2022825,230,18,1705,2009,0.0,49962.0,0.260419,-0.171944,URY,BEL,8502
2022826,231,18,1705,2009,49644045.0,2816527.0,1.657663,-0.41411400000000004,USA,BEL,8502
2022827,232,18,1705,2009,0.0,77180.0,-0.6115470000000001,-0.710622,UZB,BEL,8502
2022828,243,18,1705,2009,0.0,386142.0,-0.845426,-1.119091,YEM,BEL,8502
2022829,246,18,1705,2009,1060122.0,22381963.0,0.316452,1.767795,ZAF,BEL,8502
2022830,247,18,1705,2009,0.0,8393.0,-0.6423909999999999,-0.815315,ZMB,BEL,8502
2022831,248,18,1705,2009,0.0,39341.0,-0.686822,-0.683511,ZWE,BEL,8502
2022832,249,18,1705,2009,35224.0,681657.0,1.5763120000000002,0.9567950000000001,TWN,BEL,8502
2022833,32,25,1705,2009,194453.0,0.0,0.35447199999999995,0.8522360000000001,BRA,BHS,8502
2022834,39,25,1705,2009,7291.0,0.0,0.6778069999999999,1.278402,CAN,BHS,8502
2022835,43,25,1705,2009,150677.0,0.0,0.898623,2.08703,CHN,BHS,8502
2022836,57,25,1705,2009,0.0,15413.0,0.805117,-0.684305,CYM,BHS,8502
2022837,61,25,1705,2009,118016.0,0.0,2.056515,-3.034837,DEU,BHS,8502
2022838,77,25,1705,2009,3969.0,0.0,1.540346,0.090377,FRA,BHS,8502
2022839,81,25,1705,2009,73916.0,1353.0,1.7921779999999998,0.41211499999999995,GBR,BHS,8502
2022840,83,25,1705,2009,0.0,17331.0,-0.909436,-0.6619470000000001,GHA,BHS,8502
2022841,111,25,1705,2009,16516.0,0.0,1.289,0.64549,ITA,BHS,8502
2022842,169,25,1705,2009,4589.0,0.0,0.629137,0.5894010000000001,PAN,BHS,8502
2022843,231,25,1705,2009,3309068.0,1728305.0,1.657663,-0.41411400000000004,USA,BHS,8502
2022844,2,32,1705,2009,0.0,7414124.0,-0.809438,-1.190006,AGO,BRA,8502
2022845,6,32,1705,2009,0.0,4933239.0,0.351025,-0.699817,ANT,BRA,8502
2022846,7,32,1705,2009,0.0,409939.0,0.070059,-0.619075,ARE,BRA,8502
2022847,8,32,1705,2009,818560.0,311114.0,0.27637,0.611129,ARG,BRA,8502
2022848,15,32,1705,2009,3933585.0,0.0,1.651325,-0.020794,AUT,BRA,8502
2022849,18,32,1705,2009,184179.0,236260.0,1.272011,1.074548,BEL,BRA,8502
2022850,19,32,1705,2009,0.0,73306.0,-0.93195,-0.813017,BEN,BRA,8502
2022851,22,32,1705,2009,0.0,6012.0,-1.030722,-0.860137,BGD,BRA,8502
2022852,24,32,1705,2009,0.0,709392.0,0.250645,-0.767742,BHR,BRA,8502
2022853,25,32,1705,2009,0.0,194453.0,0.5451729999999999,-0.496575,BHS,BRA,8502
2022854,29,32,1705,2009,0.0,48799.0,-1.0464040000000001,-0.949774,BLZ,BRA,8502
2022855,31,32,1705,2009,0.0,556587.0,-0.909969,-0.8899879999999999,BOL,BRA,8502
2022856,39,32,1705,2009,730748.0,176382.0,0.6778069999999999,1.278402,CAN,BRA,8502
2022857,41,32,1705,2009,1257271.0,5777.0,2.124438,0.484861,CHE,BRA,8502
2022858,42,32,1705,2009,14734300.0,5572011.0,-0.219521,-0.34239,CHL,BRA,8502
2022859,43,32,1705,2009,16690076.0,181891.0,0.898623,2.08703,CHN,BRA,8502
2022860,49,32,1705,2009,0.0,11388480.0,0.263416,0.38947,COL,BRA,8502
2022861,51,32,1705,2009,0.0,46712.0,0.32592600000000005,-0.531697,CPV,BRA,8502
2022862,52,32,1705,2009,0.0,10395588.0,-0.142465,-0.669277,CRI,BRA,8502
2022863,54,32,1705,2009,0.0,2837278.0,0.188114,-0.819958,CUB,BRA,8502
2022864,61,32,1705,2009,8102211.0,10450137.0,2.056515,-3.034837,DEU,BRA,8502
2022865,64,32,1705,2009,1484.0,3693.0,1.242327,1.064709,DNK,BRA,8502
2022866,65,32,1705,2009,46207.0,1813313.0,-0.317894,0.198926,DOM,BRA,8502
2022867,66,32,1705,2009,0.0,48640.0,-1.161786,-1.188669,DZA,BRA,8502
2022868,67,32,1705,2009,0.0,8316623.0,-0.92724,-0.965628,ECU,BRA,8502
2022869,68,32,1705,2009,0.0,13971274.0,-0.20940300000000003,1.6466290000000001,EGY,BRA,8502
2022870,71,32,1705,2009,2316309.0,2118.0,0.9021020000000001,2.170578,ESP,BRA,8502
2022871,73,32,1705,2009,0.0,39558.0,-0.967483,-0.8219,ETH,BRA,8502
2022872,74,32,1705,2009,156569572.0,0.0,1.8206849999999999,0.797421,FIN,BRA,8502
2022873,77,32,1705,2009,71409.0,11723.0,1.540346,0.090377,FRA,BRA,8502
2022874,81,32,1705,2009,698882.0,46549.0,1.7921779999999998,0.41211499999999995,GBR,BRA,8502
2022875,88,32,1705,2009,0.0,8143.0,-0.6868890000000001,-0.9243459999999999,GNB,BRA,8502
2022876,89,32,1705,2009,0.0,440253.0,-1.426661,-0.9459870000000001,GNQ,BRA,8502
2022877,93,32,1705,2009,0.0,491425.0,-0.33276999999999995,0.551257,GTM,BRA,8502
2022878,96,32,1705,2009,0.0,368504.0,-1.0557809999999999,-1.055825,GUY,BRA,8502
2022879,99,32,1705,2009,0.0,911411.0,-0.587607,-0.189167,HND,BRA,8502
2022880,101,32,1705,2009,0.0,96637.0,-1.406148,-1.108465,HTI,BRA,8502
2022881,103,32,1705,2009,0.0,32637.0,-0.253835,1.260101,IDN,BRA,8502
2022882,104,32,1705,2009,39724904.0,12647.0,0.209867,2.254003,IND,BRA,8502
2022883,106,32,1705,2009,68624.0,0.0,1.627233,0.020024,IRL,BRA,8502
2022884,110,32,1705,2009,0.0,230050.0,1.226438,0.816299,ISR,BRA,8502
2022885,111,32,1705,2009,2173663.0,0.0,1.289,0.64549,ITA,BRA,8502
2022886,112,32,1705,2009,0.0,42436.0,-0.083743,-0.6222479999999999,JAM,BRA,8502
2022887,114,32,1705,2009,2476769.0,136948.0,2.306791,-0.251712,JPN,BRA,8502
2022888,116,32,1705,2009,0.0,107177.0,-0.26477399999999995,0.932587,KEN,BRA,8502
2022889,121,32,1705,2009,54866548.0,0.0,1.509336,0.784515,KOR,BRA,8502
2022890,134,32,1705,2009,0.0,6462.0,-0.48819300000000004,0.173952,MAR,BRA,8502
2022891,138,32,1705,2009,2533145.0,13993640.0,1.061625,0.719234,MEX,BRA,8502
2022892,147,32,1705,2009,0.0,1417.0,-1.0023090000000001,-0.844765,MOZ,BRA,8502
2022893,148,32,1705,2009,0.0,11702.0,-1.761436,-1.2898479999999999,MRT,BRA,8502
2022894,159,32,1705,2009,0.0,82969.0,-1.584051,-1.156247,NGA,BRA,8502
2022895,160,32,1705,2009,0.0,73533.0,-0.924057,-0.809557,NIC,BRA,8502
2022896,162,32,1705,2009,3951743.0,0.0,1.1914850000000001,1.3076780000000001,NLD,BRA,8502
2022897,163,32,1705,2009,199807.0,0.0,0.865455,0.082808,NOR,BRA,8502
2022898,167,32,1705,2009,0.0,691935.0,-0.691918,-1.015434,OMN,BRA,8502
2022899,168,32,1705,2009,0.0,151131.0,-0.514907,0.44733100000000003,PAK,BRA,8502
2022900,169,32,1705,2009,15555.0,1004996.0,0.629137,0.5894010000000001,PAN,BRA,8502
2022901,173,32,1705,2009,0.0,3356450.0,-0.53304,0.221183,PER,BRA,8502
2022902,178,32,1705,2009,4224036.0,0.0,0.608089,0.709831,PRK,BRA,8502
2022903,179,32,1705,2009,0.0,110730.0,0.559189,2.4359919999999997,PRT,BRA,8502
2022904,180,32,1705,2009,0.0,1040630.0,-0.564858,-0.941735,PRY,BRA,8502
2022905,185,32,1705,2009,11589.0,0.0,0.833802,1.024418,ROU,BRA,8502
2022906,186,32,1705,2009,0.0,6145.0,0.392478,-0.20038399999999998,RUS,BRA,8502
2022907,188,32,1705,2009,109139.0,0.0,0.300581,-0.813199,SAU,BRA,8502
2022908,192,32,1705,2009,3154809.0,0.0,1.9503540000000001,0.498033,SGP,BRA,8502
2022909,196,32,1705,2009,0.0,3858.0,0.06259400000000001,-0.273258,SLE,BRA,8502
2022910,197,32,1705,2009,0.0,144481.0,-0.19729100000000002,0.23434899999999997,SLV,BRA,8502
2022911,205,32,1705,2009,444.0,200804.0,-0.580507,-1.072833,SUR,BRA,8502
2022912,208,32,1705,2009,4590.0,0.0,1.877821,0.336565,SWE,BRA,8502
2022913,222,32,1705,2009,0.0,791051.0,-0.508195,-1.097365,TTO,BRA,8502
2022914,224,32,1705,2009,0.0,28407566.0,0.384596,2.3797610000000002,TUR,BRA,8502
2022915,227,32,1705,2009,0.0,1623.0,-0.573707,-0.036203,UGA,BRA,8502
2022916,230,32,1705,2009,0.0,176690.0,0.260419,-0.171944,URY,BRA,8502
2022917,231,32,1705,2009,103658837.0,8166273.0,1.657663,-0.41411400000000004,USA,BRA,8502
2022918,236,32,1705,2009,0.0,31420951.0,-0.5847600000000001,-1.150334,VEN,BRA,8502
2022919,239,32,1705,2009,1310.0,0.0,-0.27396,1.131199,VNM,BRA,8502
2022920,243,32,1705,2009,0.0,1286.0,-0.845426,-1.119091,YEM,BRA,8502
2022921,246,32,1705,2009,0.0,179159.0,0.316452,1.767795,ZAF,BRA,8502
2022922,249,32,1705,2009,4370.0,0.0,1.5763120000000002,0.9567950000000001,TWN,BRA,8502
2022923,43,33,1705,2009,123891.0,0.0,0.898623,2.08703,CHN,BRB,8502
2022924,61,33,1705,2009,1627.0,0.0,2.056515,-3.034837,DEU,BRB,8502
2022925,77,33,1705,2009,106158.0,0.0,1.540346,0.090377,FRA,BRB,8502
2022926,81,33,1705,2009,95649.0,0.0,1.7921779999999998,0.41211499999999995,GBR,BRB,8502
2022927,91,33,1705,2009,0.0,6260.0,0.035948,-0.586996,GRD,BRB,8502
2022928,96,33,1705,2009,0.0,35933.0,-1.0557809999999999,-1.055825,GUY,BRB,8502
2022929,114,33,1705,2009,12409.0,0.0,2.306791,-0.251712,JPN,BRB,8502
2022930,127,33,1705,2009,9706.0,14226.0,0.34839699999999996,-0.531658,LCA,BRB,8502
2022931,159,33,1705,2009,0.0,285966.0,-1.584051,-1.156247,NGA,BRB,8502
2022932,222,33,1705,2009,0.0,7740.0,-0.508195,-1.097365,TTO,BRB,8502
2022933,231,33,1705,2009,962115.0,170783.0,1.657663,-0.41411400000000004,USA,BRB,8502
2022934,234,33,1705,2009,0.0,34343.0,-0.068356,-0.6011350000000001,VCT,BRB,8502
2022935,0,39,1705,2009,0.0,20489.0,0.770077,-0.71001,ABW,CAN,8502
2022936,1,39,1705,2009,0.0,36136.0,-0.424354,-0.563383,AFG,CAN,8502
2022937,7,39,1705,2009,0.0,279528.0,0.070059,-0.619075,ARE,CAN,8502
2022938,8,39,1705,2009,1917.0,337336.0,0.27637,0.611129,ARG,CAN,8502
2022939,14,39,1705,2009,39018.0,4355004.0,-0.109286,0.13586900000000002,AUS,CAN,8502
2022940,15,39,1705,2009,2349714.0,4566.0,1.651325,-0.020794,AUT,CAN,8502
2022941,17,39,1705,2009,851.0,270.0,-0.43971099999999996,-0.575079,BDI,CAN,8502
2022942,18,39,1705,2009,92497.0,14667.0,1.272011,1.074548,BEL,CAN,8502
2022943,19,39,1705,2009,0.0,3917.0,-0.93195,-0.813017,BEN,CAN,8502
2022944,21,39,1705,2009,0.0,11814.0,-1.283807,-1.061272,BFA,CAN,8502
2022945,22,39,1705,2009,0.0,339727.0,-1.030722,-0.860137,BGD,CAN,8502
2022946,24,39,1705,2009,0.0,8988.0,0.250645,-0.767742,BHR,CAN,8502
2022947,25,39,1705,2009,0.0,7291.0,0.5451729999999999,-0.496575,BHS,CAN,8502
2022948,29,39,1705,2009,0.0,4005.0,-1.0464040000000001,-0.949774,BLZ,CAN,8502
2022949,31,39,1705,2009,0.0,30452.0,-0.909969,-0.8899879999999999,BOL,CAN,8502
2022950,32,39,1705,2009,176382.0,730748.0,0.35447199999999995,0.8522360000000001,BRA,CAN,8502
2022951,41,39,1705,2009,847667.0,2524.0,2.124438,0.484861,CHE,CAN,8502
2022952,42,39,1705,2009,0.0,499943.0,-0.219521,-0.34239,CHL,CAN,8502
2022953,43,39,1705,2009,31525840.0,253982.0,0.898623,2.08703,CHN,CAN,8502
2022954,49,39,1705,2009,0.0,33983.0,0.263416,0.38947,COL,CAN,8502
2022955,54,39,1705,2009,0.0,20300.0,0.188114,-0.819958,CUB,CAN,8502
2022956,59,39,1705,2009,2773872.0,0.0,1.6323159999999999,0.47257200000000005,CZE,CAN,8502
2022957,61,39,1705,2009,67746717.0,434477.0,2.056515,-3.034837,DEU,CAN,8502
2022958,64,39,1705,2009,127328800.0,15007.0,1.242327,1.064709,DNK,CAN,8502
2022959,65,39,1705,2009,0.0,2597.0,-0.317894,0.198926,DOM,CAN,8502
2022960,66,39,1705,2009,0.0,701067.0,-1.161786,-1.188669,DZA,CAN,8502
2022961,67,39,1705,2009,0.0,1683.0,-0.92724,-0.965628,ECU,CAN,8502
2022962,68,39,1705,2009,0.0,86835.0,-0.20940300000000003,1.6466290000000001,EGY,CAN,8502
2022963,71,39,1705,2009,1520777.0,234882.0,0.9021020000000001,2.170578,ESP,CAN,8502
2022964,73,39,1705,2009,0.0,36947.0,-0.967483,-0.8219,ETH,CAN,8502
2022965,74,39,1705,2009,447010.0,10927.0,1.8206849999999999,0.797421,FIN,CAN,8502
2022966,77,39,1705,2009,2675799.0,773151.0,1.540346,0.090377,FRA,CAN,8502
2022967,81,39,1705,2009,2721557.0,207142.0,1.7921779999999998,0.41211499999999995,GBR,CAN,8502
2022968,83,39,1705,2009,0.0,15379.0,-0.909436,-0.6619470000000001,GHA,CAN,8502
2022969,91,39,1705,2009,0.0,1096.0,0.035948,-0.586996,GRD,CAN,8502
2022970,92,39,1705,2009,0.0,9211.0,-1.29302,-1.024092,GRL,CAN,8502
2022971,96,39,1705,2009,0.0,66445.0,-1.0557809999999999,-1.055825,GUY,CAN,8502
2022972,97,39,1705,2009,1151.0,0.0,0.654964,1.98672,HKG,CAN,8502
2022973,99,39,1705,2009,0.0,884.0,-0.587607,-0.189167,HND,CAN,8502
2022974,100,39,1705,2009,17388.0,125925.0,0.740174,1.005258,HRV,CAN,8502
2022975,102,39,1705,2009,0.0,2221.0,1.397765,0.772375,HUN,CAN,8502
2022976,103,39,1705,2009,0.0,361320.0,-0.253835,1.260101,IDN,CAN,8502
2022977,104,39,1705,2009,21920792.0,11872.0,0.209867,2.254003,IND,CAN,8502
2022978,106,39,1705,2009,8639.0,50466.0,1.627233,0.020024,IRL,CAN,8502
2022979,107,39,1705,2009,0.0,365101.0,-1.185702,-1.1049360000000001,IRN,CAN,8502
2022980,111,39,1705,2009,4858837.0,13160.0,1.289,0.64549,ITA,CAN,8502
2022981,112,39,1705,2009,201108.0,107968.0,-0.083743,-0.6222479999999999,JAM,CAN,8502
2022982,114,39,1705,2009,38933574.0,22582.0,2.306791,-0.251712,JPN,CAN,8502
2022983,115,39,1705,2009,0.0,676227.0,-0.6547970000000001,-0.772256,KAZ,CAN,8502
2022984,116,39,1705,2009,0.0,14920.0,-0.26477399999999995,0.932587,KEN,CAN,8502
2022985,120,39,1705,2009,0.0,3247.0,0.9218370000000001,-0.303977,KNA,CAN,8502
2022986,121,39,1705,2009,1225815.0,659660.0,1.509336,0.784515,KOR,CAN,8502
2022987,122,39,1705,2009,0.0,1735763.0,-1.386993,-1.203527,KWT,CAN,8502
2022988,124,39,1705,2009,0.0,12409.0,0.48618599999999995,1.4748620000000001,LBN,CAN,8502
2022989,126,39,1705,2009,0.0,7442.0,-1.196032,-1.1829,LBY,CAN,8502
2022990,130,39,1705,2009,0.0,3700.0,0.647736,1.150962,LTU,CAN,8502
2022991,131,39,1705,2009,0.0,2920.0,1.323336,1.026341,LUX,CAN,8502
2022992,134,39,1705,2009,0.0,50358.0,-0.48819300000000004,0.173952,MAR,CAN,8502
2022993,136,39,1705,2009,4751.0,2195189.0,-1.0356610000000002,-0.198062,MDG,CAN,8502
2022994,138,39,1705,2009,57404.0,3617437.0,1.061625,0.719234,MEX,CAN,8502
2022995,145,39,1705,2009,0.0,1323.0,-0.825506,-1.067644,MNG,CAN,8502
2022996,148,39,1705,2009,0.0,4920.0,-1.761436,-1.2898479999999999,MRT,CAN,8502
2022997,153,39,1705,2009,726424.0,57170.0,0.8718229999999999,0.607429,MYS,CAN,8502
2022998,157,39,1705,2009,0.0,852.0,-1.306036,-0.956361,NER,CAN,8502
2022999,162,39,1705,2009,227100.0,1874545.0,1.1914850000000001,1.3076780000000001,NLD,CAN,8502
2023000,163,39,1705,2009,26686.0,4550.0,0.865455,0.082808,NOR,CAN,8502
2023001,166,39,1705,2009,145641.0,26606.0,0.38301999999999997,0.720644,NZL,CAN,8502
2023002,167,39,1705,2009,0.0,240219.0,-0.691918,-1.015434,OMN,CAN,8502
2023003,168,39,1705,2009,49466.0,1966084.0,-0.514907,0.44733100000000003,PAK,CAN,8502
2023004,169,39,1705,2009,9786.0,1128.0,0.629137,0.5894010000000001,PAN,CAN,8502
2023005,173,39,1705,2009,0.0,158910.0,-0.53304,0.221183,PER,CAN,8502
2023006,174,39,1705,2009,60615.0,7001.0,0.34318000000000004,0.095375,PHL,CAN,8502
2023007,177,39,1705,2009,5427.0,1204.0,1.11055,1.069074,POL,CAN,8502
2023008,179,39,1705,2009,0.0,57706.0,0.559189,2.4359919999999997,PRT,CAN,8502
2023009,183,39,1705,2009,0.0,3955.0,-0.484947,-1.07179,QAT,CAN,8502
2023010,185,39,1705,2009,57217.0,0.0,0.833802,1.024418,ROU,CAN,8502
2023011,186,39,1705,2009,16453.0,1458085.0,0.392478,-0.20038399999999998,RUS,CAN,8502
2023012,188,39,1705,2009,0.0,233212.0,0.300581,-0.813199,SAU,CAN,8502
2023013,190,39,1705,2009,0.0,49427.0,-2.2948020000000002,-1.3182040000000002,SDN,CAN,8502
2023014,191,39,1705,2009,0.0,3798.0,-0.53392,-0.415513,SEN,CAN,8502
2023015,192,39,1705,2009,15671.0,596376.0,1.9503540000000001,0.498033,SGP,CAN,8502
2023016,207,39,1705,2009,948.0,13058.0,1.548036,0.730396,SVN,CAN,8502
2023017,208,39,1705,2009,14066404.0,4912.0,1.877821,0.336565,SWE,CAN,8502
2023018,216,39,1705,2009,34613.0,2784318.0,0.79692,1.315501,THA,CAN,8502
2023019,222,39,1705,2009,2268.0,7553.0,-0.508195,-1.097365,TTO,CAN,8502
2023020,223,39,1705,2009,0.0,8423.0,0.044903,0.9126120000000001,TUN,CAN,8502
2023021,224,39,1705,2009,116242.0,466948.0,0.384596,2.3797610000000002,TUR,CAN,8502
2023022,227,39,1705,2009,7803.0,113605.0,-0.573707,-0.036203,UGA,CAN,8502
2023023,228,39,1705,2009,0.0,1790484.0,0.602688,0.830247,UKR,CAN,8502
2023024,231,39,1705,2009,444953742.0,74236791.0,1.657663,-0.41411400000000004,USA,CAN,8502
2023025,234,39,1705,2009,0.0,1059.0,-0.068356,-0.6011350000000001,VCT,CAN,8502
2023026,236,39,1705,2009,0.0,290178.0,-0.5847600000000001,-1.150334,VEN,CAN,8502
2023027,239,39,1705,2009,10504.0,302855.0,-0.27396,1.131199,VNM,CAN,8502
2023028,246,39,1705,2009,0.0,177238.0,0.316452,1.767795,ZAF,CAN,8502
2023029,247,39,1705,2009,0.0,5980.0,-0.6423909999999999,-0.815315,ZMB,CAN,8502
2023030,249,39,1705,2009,812574.0,124153.0,1.5763120000000002,0.9567950000000001,TWN,CAN,8502
2023031,2,41,1705,2009,0.0,3061.0,-0.809438,-1.190006,AGO,CHE,8502
2023032,7,41,1705,2009,0.0,51022696.0,0.070059,-0.619075,ARE,CHE,8502
2023033,8,41,1705,2009,0.0,17956.0,0.27637,0.611129,ARG,CHE,8502
2023034,14,41,1705,2009,0.0,39394761.0,-0.109286,0.13586900000000002,AUS,CHE,8502
2023035,15,41,1705,2009,3819133.0,414427.0,1.651325,-0.020794,AUT,CHE,8502
2023036,17,41,1705,2009,0.0,1569.0,-0.43971099999999996,-0.575079,BDI,CHE,8502
2023037,18,41,1705,2009,3020155.0,2010981.0,1.272011,1.074548,BEL,CHE,8502
2023038,21,41,1705,2009,0.0,7317.0,-1.283807,-1.061272,BFA,CHE,8502
2023039,23,41,1705,2009,0.0,2400.0,0.373594,1.571413,BGR,CHE,8502
2023040,26,41,1705,2009,0.0,9338.0,0.519113,0.762582,BIH,CHE,8502
2023041,28,41,1705,2009,0.0,950.0,0.977663,0.549549,BLR,CHE,8502
2023042,32,41,1705,2009,5777.0,1257271.0,0.35447199999999995,0.8522360000000001,BRA,CHE,8502
2023043,38,41,1705,2009,0.0,17679.0,-0.5777260000000001,-0.839981,CAF,CHE,8502
2023044,39,41,1705,2009,2524.0,847667.0,0.6778069999999999,1.278402,CAN,CHE,8502
2023045,42,41,1705,2009,0.0,972514.0,-0.219521,-0.34239,CHL,CHE,8502
2023046,43,41,1705,2009,1182311.0,30549.0,0.898623,2.08703,CHN,CHE,8502
2023047,44,41,1705,2009,0.0,34854.0,-0.924681,-0.801371,CIV,CHE,8502
2023048,45,41,1705,2009,0.0,26675.0,-1.128734,-1.022546,CMR,CHE,8502
2023049,49,41,1705,2009,0.0,3493079.0,0.263416,0.38947,COL,CHE,8502
2023050,52,41,1705,2009,0.0,59651.0,-0.142465,-0.669277,CRI,CHE,8502
2023051,59,41,1705,2009,2139031.0,69827.0,1.6323159999999999,0.47257200000000005,CZE,CHE,8502
2023052,61,41,1705,2009,23536276.0,29811583.0,2.056515,-3.034837,DEU,CHE,8502
2023053,64,41,1705,2009,201432.0,16172.0,1.242327,1.064709,DNK,CHE,8502
2023054,65,41,1705,2009,0.0,777.0,-0.317894,0.198926,DOM,CHE,8502
2023055,66,41,1705,2009,0.0,3924197.0,-1.161786,-1.188669,DZA,CHE,8502
2023056,68,41,1705,2009,0.0,423292.0,-0.20940300000000003,1.6466290000000001,EGY,CHE,8502
2023057,71,41,1705,2009,1729066.0,24725296.0,0.9021020000000001,2.170578,ESP,CHE,8502
2023058,73,41,1705,2009,0.0,452170.0,-0.967483,-0.8219,ETH,CHE,8502
2023059,74,41,1705,2009,45293.0,2871.0,1.8206849999999999,0.797421,FIN,CHE,8502
2023060,75,41,1705,2009,0.0,17663.0,-0.785772,-0.305228,FJI,CHE,8502
2023061,77,41,1705,2009,2339769.0,8148887.0,1.540346,0.090377,FRA,CHE,8502
2023062,80,41,1705,2009,0.0,12839982.0,-1.197711,-1.147469,GAB,CHE,8502
2023063,81,41,1705,2009,4118290.0,9493789.0,1.7921779999999998,0.41211499999999995,GBR,CHE,8502
2023064,83,41,1705,2009,0.0,13749.0,-0.909436,-0.6619470000000001,GHA,CHE,8502
2023065,84,41,1705,2009,0.0,123727.0,0.9646979999999999,-0.461183,GIB,CHE,8502
2023066,87,41,1705,2009,0.0,8813.0,-0.573979,-0.644636,GMB,CHE,8502
2023067,93,41,1705,2009,0.0,3675.0,-0.33276999999999995,0.551257,GTM,CHE,8502
2023068,97,41,1705,2009,11950.0,4120.0,0.654964,1.98672,HKG,CHE,8502
2023069,99,41,1705,2009,0.0,540596.0,-0.587607,-0.189167,HND,CHE,8502
2023070,100,41,1705,2009,0.0,3824700.0,0.740174,1.005258,HRV,CHE,8502
2023071,102,41,1705,2009,22170.0,4389.0,1.397765,0.772375,HUN,CHE,8502
2023072,103,41,1705,2009,0.0,7509471.0,-0.253835,1.260101,IDN,CHE,8502
2023073,104,41,1705,2009,49963.0,3952661.0,0.209867,2.254003,IND,CHE,8502
2023074,106,41,1705,2009,1242550.0,3134569.0,1.627233,0.020024,IRL,CHE,8502
2023075,107,41,1705,2009,0.0,361657.0,-1.185702,-1.1049360000000001,IRN,CHE,8502
2023076,108,41,1705,2009,0.0,3686.0,-1.1683270000000001,-0.9517459999999999,IRQ,CHE,8502
2023077,110,41,1705,2009,0.0,516130.0,1.226438,0.816299,ISR,CHE,8502
2023078,111,41,1705,2009,3440335.0,18375851.0,1.289,0.64549,ITA,CHE,8502
2023079,112,41,1705,2009,0.0,380.0,-0.083743,-0.6222479999999999,JAM,CHE,8502
2023080,113,41,1705,2009,0.0,1274.0,0.21374899999999997,0.423774,JOR,CHE,8502
2023081,114,41,1705,2009,914170.0,31076.0,2.306791,-0.251712,JPN,CHE,8502
2023082,115,41,1705,2009,0.0,1960684.0,-0.6547970000000001,-0.772256,KAZ,CHE,8502
2023083,116,41,1705,2009,0.0,13999.0,-0.26477399999999995,0.932587,KEN,CHE,8502
2023084,119,41,1705,2009,0.0,20192.0,-0.41403999999999996,-0.8960100000000001,KIR,CHE,8502
2023085,121,41,1705,2009,0.0,6801.0,1.509336,0.784515,KOR,CHE,8502
2023086,124,41,1705,2009,0.0,22416.0,0.48618599999999995,1.4748620000000001,LBN,CHE,8502
2023087,131,41,1705,2009,135333.0,93092.0,1.323336,1.026341,LUX,CHE,8502
2023088,132,41,1705,2009,0.0,2675.0,0.675643,0.99977,LVA,CHE,8502
2023089,134,41,1705,2009,0.0,10370.0,-0.48819300000000004,0.173952,MAR,CHE,8502
2023090,136,41,1705,2009,0.0,1024.0,-1.0356610000000002,-0.198062,MDG,CHE,8502
2023091,138,41,1705,2009,0.0,3401.0,1.061625,0.719234,MEX,CHE,8502
2023092,140,41,1705,2009,0.0,5115.0,-0.14890499999999998,0.405505,MKD,CHE,8502
2023093,147,41,1705,2009,0.0,51995.0,-1.0023090000000001,-0.844765,MOZ,CHE,8502
2023094,153,41,1705,2009,0.0,1028154.0,0.8718229999999999,0.607429,MYS,CHE,8502
2023095,155,41,1705,2009,0.0,25594.0,-0.081207,-0.075292,NAM,CHE,8502
2023096,156,41,1705,2009,0.0,1314.0,1.323528,0.523435,NCL,CHE,8502
2023097,157,41,1705,2009,0.0,63125.0,-1.306036,-0.956361,NER,CHE,8502
2023098,159,41,1705,2009,0.0,1550472.0,-1.584051,-1.156247,NGA,CHE,8502
2023099,162,41,1705,2009,139790.0,13195605.0,1.1914850000000001,1.3076780000000001,NLD,CHE,8502
2023100,163,41,1705,2009,8904.0,75329.0,0.865455,0.082808,NOR,CHE,8502
2023101,164,41,1705,2009,0.0,6941.0,-0.324434,1.076908,NPL,CHE,8502
2023102,166,41,1705,2009,0.0,2118.0,0.38301999999999997,0.720644,NZL,CHE,8502
2023103,167,41,1705,2009,0.0,1335883.0,-0.691918,-1.015434,OMN,CHE,8502
2023104,168,41,1705,2009,0.0,9039512.0,-0.514907,0.44733100000000003,PAK,CHE,8502
2023105,169,41,1705,2009,0.0,1236393.0,0.629137,0.5894010000000001,PAN,CHE,8502
2023106,174,41,1705,2009,0.0,216360.0,0.34318000000000004,0.095375,PHL,CHE,8502
2023107,177,41,1705,2009,122712.0,5773965.0,1.11055,1.069074,POL,CHE,8502
2023108,179,41,1705,2009,6559.0,1251290.0,0.559189,2.4359919999999997,PRT,CHE,8502
2023109,185,41,1705,2009,16294.0,26198.0,0.833802,1.024418,ROU,CHE,8502
2023110,186,41,1705,2009,0.0,79486.0,0.392478,-0.20038399999999998,RUS,CHE,8502
2023111,188,41,1705,2009,0.0,638560.0,0.300581,-0.813199,SAU,CHE,8502
2023112,191,41,1705,2009,0.0,795.0,-0.53392,-0.415513,SEN,CHE,8502
2023113,192,41,1705,2009,0.0,25842.0,1.9503540000000001,0.498033,SGP,CHE,8502
2023114,195,41,1705,2009,0.0,4479.0,-1.9380110000000002,-1.06035,SLB,CHE,8502
2023115,201,41,1705,2009,0.0,83522.0,0.531766,1.477837,SRB,CHE,8502
2023116,206,41,1705,2009,35527.0,2337.0,1.231382,0.820968,SVK,CHE,8502
2023117,207,41,1705,2009,20530.0,3914.0,1.548036,0.730396,SVN,CHE,8502
2023118,208,41,1705,2009,86721.0,326893.0,1.877821,0.336565,SWE,CHE,8502
2023119,215,41,1705,2009,0.0,1296.0,-0.561619,-0.759929,TGO,CHE,8502
2023120,216,41,1705,2009,0.0,703524.0,0.79692,1.315501,THA,CHE,8502
2023121,222,41,1705,2009,0.0,15292.0,-0.508195,-1.097365,TTO,CHE,8502
2023122,223,41,1705,2009,0.0,4224.0,0.044903,0.9126120000000001,TUN,CHE,8502
2023123,224,41,1705,2009,428118.0,6032031.0,0.384596,2.3797610000000002,TUR,CHE,8502
2023124,226,41,1705,2009,0.0,1944.0,-0.822897,0.644899,TZA,CHE,8502
2023125,227,41,1705,2009,0.0,69935.0,-0.573707,-0.036203,UGA,CHE,8502
2023126,228,41,1705,2009,0.0,1823.0,0.602688,0.830247,UKR,CHE,8502
2023127,230,41,1705,2009,0.0,36710.0,0.260419,-0.171944,URY,CHE,8502
2023128,231,41,1705,2009,4995402.0,475607.0,1.657663,-0.41411400000000004,USA,CHE,8502
2023129,234,41,1705,2009,0.0,32205.0,-0.068356,-0.6011350000000001,VCT,CHE,8502
2023130,236,41,1705,2009,0.0,117373.0,-0.5847600000000001,-1.150334,VEN,CHE,8502
2023131,239,41,1705,2009,0.0,6014244.0,-0.27396,1.131199,VNM,CHE,8502
2023132,243,41,1705,2009,0.0,12268843.0,-0.845426,-1.119091,YEM,CHE,8502
2023133,246,41,1705,2009,479796.0,8536.0,0.316452,1.767795,ZAF,CHE,8502
2023134,248,41,1705,2009,0.0,11253.0,-0.686822,-0.683511,ZWE,CHE,8502
2023135,249,41,1705,2009,0.0,6862.0,1.5763120000000002,0.9567950000000001,TWN,CHE,8502
2023136,6,42,1705,2009,0.0,65768.0,0.351025,-0.699817,ANT,CHL,8502
2023137,8,42,1705,2009,1956779.0,3108578.0,0.27637,0.611129,ARG,CHL,8502
2023138,15,42,1705,2009,1740.0,0.0,1.651325,-0.020794,AUT,CHL,8502
2023139,18,42,1705,2009,1574207.0,0.0,1.272011,1.074548,BEL,CHL,8502
2023140,31,42,1705,2009,0.0,844168.0,-0.909969,-0.8899879999999999,BOL,CHL,8502
2023141,32,42,1705,2009,5572011.0,14734300.0,0.35447199999999995,0.8522360000000001,BRA,CHL,8502
2023142,39,42,1705,2009,499943.0,0.0,0.6778069999999999,1.278402,CAN,CHL,8502
2023143,41,42,1705,2009,972514.0,0.0,2.124438,0.484861,CHE,CHL,8502
2023144,43,42,1705,2009,31385391.0,0.0,0.898623,2.08703,CHN,CHL,8502
2023145,49,42,1705,2009,0.0,357008.0,0.263416,0.38947,COL,CHL,8502
2023146,54,42,1705,2009,0.0,11107.0,0.188114,-0.819958,CUB,CHL,8502
2023147,61,42,1705,2009,6149923.0,0.0,2.056515,-3.034837,DEU,CHL,8502
2023148,64,42,1705,2009,2974409.0,0.0,1.242327,1.064709,DNK,CHL,8502
2023149,67,42,1705,2009,0.0,796244.0,-0.92724,-0.965628,ECU,CHL,8502
2023150,71,42,1705,2009,8497049.0,0.0,0.9021020000000001,2.170578,ESP,CHL,8502
2023151,77,42,1705,2009,5694796.0,0.0,1.540346,0.090377,FRA,CHL,8502
2023152,81,42,1705,2009,9615346.0,0.0,1.7921779999999998,0.41211499999999995,GBR,CHL,8502
2023153,90,42,1705,2009,45235.0,0.0,0.2196,1.63301,GRC,CHL,8502
2023154,93,42,1705,2009,641.0,0.0,-0.33276999999999995,0.551257,GTM,CHL,8502
2023155,97,42,1705,2009,21015.0,0.0,0.654964,1.98672,HKG,CHL,8502
2023156,99,42,1705,2009,0.0,94967.0,-0.587607,-0.189167,HND,CHL,8502
2023157,103,42,1705,2009,3752912.0,0.0,-0.253835,1.260101,IDN,CHL,8502
2023158,104,42,1705,2009,468828.0,0.0,0.209867,2.254003,IND,CHL,8502
2023159,106,42,1705,2009,95648.0,0.0,1.627233,0.020024,IRL,CHL,8502
2023160,109,42,1705,2009,52681.0,0.0,0.21713200000000002,-0.371812,ISL,CHL,8502
2023161,111,42,1705,2009,1320848.0,0.0,1.289,0.64549,ITA,CHL,8502
2023162,112,42,1705,2009,9694.0,0.0,-0.083743,-0.6222479999999999,JAM,CHL,8502
2023163,114,42,1705,2009,59752482.0,0.0,2.306791,-0.251712,JPN,CHL,8502
2023164,121,42,1705,2009,7836057.0,0.0,1.509336,0.784515,KOR,CHL,8502
2023165,136,42,1705,2009,6559.0,0.0,-1.0356610000000002,-0.198062,MDG,CHL,8502
2023166,138,42,1705,2009,1259049.0,0.0,1.061625,0.719234,MEX,CHL,8502
2023167,142,42,1705,2009,0.0,49362.0,1.233965,-0.016763,MLT,CHL,8502
2023168,159,42,1705,2009,0.0,49035.0,-1.584051,-1.156247,NGA,CHL,8502
2023169,162,42,1705,2009,327167.0,0.0,1.1914850000000001,1.3076780000000001,NLD,CHL,8502
2023170,169,42,1705,2009,3602.0,0.0,0.629137,0.5894010000000001,PAN,CHL,8502
2023171,173,42,1705,2009,310150.0,607192.0,-0.53304,0.221183,PER,CHL,8502
2023172,180,42,1705,2009,0.0,116441.0,-0.564858,-0.941735,PRY,CHL,8502
2023173,190,42,1705,2009,0.0,52998.0,-2.2948020000000002,-1.3182040000000002,SDN,CHL,8502
2023174,207,42,1705,2009,4139.0,0.0,1.548036,0.730396,SVN,CHL,8502
2023175,208,42,1705,2009,13282.0,0.0,1.877821,0.336565,SWE,CHL,8502
2023176,216,42,1705,2009,140950.0,0.0,0.79692,1.315501,THA,CHL,8502
2023177,222,42,1705,2009,0.0,118105.0,-0.508195,-1.097365,TTO,CHL,8502
2023178,224,42,1705,2009,5694.0,0.0,0.384596,2.3797610000000002,TUR,CHL,8502
2023179,230,42,1705,2009,1054959.0,8616306.0,0.260419,-0.171944,URY,CHL,8502
2023180,231,42,1705,2009,41298061.0,123726.0,1.657663,-0.41411400000000004,USA,CHL,8502
2023181,246,42,1705,2009,311671.0,0.0,0.316452,1.767795,ZAF,CHL,8502
2023182,249,42,1705,2009,925224.0,0.0,1.5763120000000002,0.9567950000000001,TWN,CHL,8502
2023183,250,42,1705,2009,68962.0,399871.0,0.582246,-0.10603,ANS,CHL,8502
2023184,0,43,1705,2009,0.0,106375.0,0.770077,-0.71001,ABW,CHN,8502
2023185,1,43,1705,2009,0.0,496506.0,-0.424354,-0.563383,AFG,CHN,8502
2023186,2,43,1705,2009,0.0,78885516.0,-0.809438,-1.190006,AGO,CHN,8502
2023187,4,43,1705,2009,0.0,2155713.0,-0.41612200000000005,-0.256639,ALB,CHN,8502
2023188,5,43,1705,2009,0.0,4450.0,1.002767,0.6733,AND,CHN,8502
2023189,6,43,1705,2009,0.0,148442.0,0.351025,-0.699817,ANT,CHN,8502
2023190,7,43,1705,2009,0.0,121690585.0,0.070059,-0.619075,ARE,CHN,8502
2023191,8,43,1705,2009,0.0,18874801.0,0.27637,0.611129,ARG,CHN,8502
2023192,9,43,1705,2009,0.0,1207562.0,0.24424899999999997,-0.30152399999999996,ARM,CHN,8502
2023193,13,43,1705,2009,0.0,60541.0,0.930903,0.279441,ATG,CHN,8502
2023194,14,43,1705,2009,244488.0,23854339.0,-0.109286,0.13586900000000002,AUS,CHN,8502
2023195,15,43,1705,2009,11815218.0,1674267.0,1.651325,-0.020794,AUT,CHN,8502
2023196,16,43,1705,2009,0.0,4859105.0,-1.124423,-1.228081,AZE,CHN,8502
2023197,17,43,1705,2009,0.0,17786.0,-0.43971099999999996,-0.575079,BDI,CHN,8502
2023198,18,43,1705,2009,578878.0,5817899.0,1.272011,1.074548,BEL,CHN,8502
2023199,19,43,1705,2009,0.0,2004201.0,-0.93195,-0.813017,BEN,CHN,8502
2023200,21,43,1705,2009,0.0,109105.0,-1.283807,-1.061272,BFA,CHN,8502
2023201,22,43,1705,2009,177981.0,20252390.0,-1.030722,-0.860137,BGD,CHN,8502
2023202,23,43,1705,2009,0.0,898974.0,0.373594,1.571413,BGR,CHN,8502
2023203,24,43,1705,2009,0.0,1434236.0,0.250645,-0.767742,BHR,CHN,8502
2023204,25,43,1705,2009,0.0,150677.0,0.5451729999999999,-0.496575,BHS,CHN,8502
2023205,26,43,1705,2009,0.0,49950.0,0.519113,0.762582,BIH,CHN,8502
2023206,28,43,1705,2009,0.0,173615.0,0.977663,0.549549,BLR,CHN,8502
2023207,29,43,1705,2009,0.0,654556.0,-1.0464040000000001,-0.949774,BLZ,CHN,8502
2023208,30,43,1705,2009,0.0,10186.0,0.917207,-0.654219,BMU,CHN,8502
2023209,31,43,1705,2009,0.0,310843.0,-0.909969,-0.8899879999999999,BOL,CHN,8502
2023210,32,43,1705,2009,181891.0,16690076.0,0.35447199999999995,0.8522360000000001,BRA,CHN,8502
2023211,33,43,1705,2009,0.0,123891.0,0.8652620000000001,0.796057,BRB,CHN,8502
2023212,34,43,1705,2009,0.0,168818.0,-1.371042,-0.9792120000000001,BRN,CHN,8502
2023213,37,43,1705,2009,0.0,1205552.0,-0.008142,-0.599115,BWA,CHN,8502
2023214,38,43,1705,2009,0.0,201364.0,-0.5777260000000001,-0.839981,CAF,CHN,8502
2023215,39,43,1705,2009,253982.0,31525840.0,0.6778069999999999,1.278402,CAN,CHN,8502
2023216,41,43,1705,2009,30549.0,1182311.0,2.124438,0.484861,CHE,CHN,8502
2023217,42,43,1705,2009,0.0,31385391.0,-0.219521,-0.34239,CHL,CHN,8502
2023218,44,43,1705,2009,0.0,973560.0,-0.924681,-0.801371,CIV,CHN,8502
2023219,45,43,1705,2009,0.0,1925412.0,-1.128734,-1.022546,CMR,CHN,8502
2023220,46,43,1705,2009,0.0,3749246.0,-1.532165,-1.160269,COD,CHN,8502
2023221,47,43,1705,2009,0.0,4643976.0,-1.466289,-1.201249,COG,CHN,8502
2023222,49,43,1705,2009,0.0,9031393.0,0.263416,0.38947,COL,CHN,8502
2023223,50,43,1705,2009,0.0,93459.0,0.080831,-0.7148760000000001,COM,CHN,8502
2023224,51,43,1705,2009,0.0,55793.0,0.32592600000000005,-0.531697,CPV,CHN,8502
2023225,52,43,1705,2009,0.0,425518.0,-0.142465,-0.669277,CRI,CHN,8502
2023226,57,43,1705,2009,0.0,5737.0,0.805117,-0.684305,CYM,CHN,8502
2023227,58,43,1705,2009,0.0,716243.0,0.934193,0.657555,CYP,CHN,8502
2023228,59,43,1705,2009,45351.0,567525.0,1.6323159999999999,0.47257200000000005,CZE,CHN,8502
2023229,61,43,1705,2009,55915766.0,23161420.0,2.056515,-3.034837,DEU,CHN,8502
2023230,62,43,1705,2009,0.0,1613718.0,0.062037,-0.596527,DJI,CHN,8502
2023231,63,43,1705,2009,0.0,105454.0,0.348966,-0.09711399999999999,DMA,CHN,8502
2023232,64,43,1705,2009,11951118.0,37201366.0,1.242327,1.064709,DNK,CHN,8502
2023233,65,43,1705,2009,0.0,2124506.0,-0.317894,0.198926,DOM,CHN,8502
2023234,66,43,1705,2009,0.0,11430814.0,-1.161786,-1.188669,DZA,CHN,8502
2023235,67,43,1705,2009,0.0,5207451.0,-0.92724,-0.965628,ECU,CHN,8502
2023236,68,43,1705,2009,0.0,11354688.0,-0.20940300000000003,1.6466290000000001,EGY,CHN,8502
2023237,69,43,1705,2009,0.0,73575.0,0.081675,-0.37700100000000003,ERI,CHN,8502
2023238,71,43,1705,2009,6707263.0,23756467.0,0.9021020000000001,2.170578,ESP,CHN,8502
2023239,72,43,1705,2009,0.0,459161.0,0.749058,1.269572,EST,CHN,8502
2023240,73,43,1705,2009,0.0,6592462.0,-0.967483,-0.8219,ETH,CHN,8502
2023241,74,43,1705,2009,47391841.0,12567947.0,1.8206849999999999,0.797421,FIN,CHN,8502
2023242,75,43,1705,2009,0.0,1257894.0,-0.785772,-0.305228,FJI,CHN,8502
2023243,77,43,1705,2009,5722924.0,23567304.0,1.540346,0.090377,FRA,CHN,8502
2023244,78,43,1705,2009,0.0,100.0,-0.437934,-0.8733879999999999,FRO,CHN,8502
2023245,79,43,1705,2009,0.0,32988.0,-1.011055,-0.983978,FSM,CHN,8502
2023246,80,43,1705,2009,0.0,1391398.0,-1.197711,-1.147469,GAB,CHN,8502
2023247,81,43,1705,2009,19923075.0,12022925.0,1.7921779999999998,0.41211499999999995,GBR,CHN,8502
2023248,82,43,1705,2009,0.0,123446.0,0.045952,-0.381822,GEO,CHN,8502
2023249,83,43,1705,2009,0.0,4232119.0,-0.909436,-0.6619470000000001,GHA,CHN,8502
2023250,85,43,1705,2009,0.0,4150783.0,-1.618121,-1.2200520000000001,GIN,CHN,8502
2023251,87,43,1705,2009,0.0,104105.0,-0.573979,-0.644636,GMB,CHN,8502
2023252,88,43,1705,2009,0.0,9657.0,-0.6868890000000001,-0.9243459999999999,GNB,CHN,8502
2023253,89,43,1705,2009,0.0,7108946.0,-1.426661,-0.9459870000000001,GNQ,CHN,8502
2023254,90,43,1705,2009,0.0,4857298.0,0.2196,1.63301,GRC,CHN,8502
2023255,91,43,1705,2009,0.0,3891.0,0.035948,-0.586996,GRD,CHN,8502
2023256,93,43,1705,2009,0.0,1374667.0,-0.33276999999999995,0.551257,GTM,CHN,8502
2023257,96,43,1705,2009,17125.0,793820.0,-1.0557809999999999,-1.055825,GUY,CHN,8502
2023258,97,43,1705,2009,52212913.0,60612603.0,0.654964,1.98672,HKG,CHN,8502
2023259,99,43,1705,2009,0.0,542361.0,-0.587607,-0.189167,HND,CHN,8502
2023260,100,43,1705,2009,0.0,614410.0,0.740174,1.005258,HRV,CHN,8502
2023261,101,43,1705,2009,0.0,1535022.0,-1.406148,-1.108465,HTI,CHN,8502
2023262,102,43,1705,2009,0.0,475111.0,1.397765,0.772375,HUN,CHN,8502
2023263,103,43,1705,2009,1906750.0,121858074.0,-0.253835,1.260101,IDN,CHN,8502
2023264,104,43,1705,2009,7882568.0,50061351.0,0.209867,2.254003,IND,CHN,8502
2023265,106,43,1705,2009,0.0,755599.0,1.627233,0.020024,IRL,CHN,8502
2023266,107,43,1705,2009,0.0,31359067.0,-1.185702,-1.1049360000000001,IRN,CHN,8502
2023267,108,43,1705,2009,0.0,39886620.0,-1.1683270000000001,-0.9517459999999999,IRQ,CHN,8502
2023268,109,43,1705,2009,0.0,10419.0,0.21713200000000002,-0.371812,ISL,CHN,8502
2023269,110,43,1705,2009,39790.0,2587608.0,1.226438,0.816299,ISR,CHN,8502
2023270,111,43,1705,2009,35798872.0,35045913.0,1.289,0.64549,ITA,CHN,8502
2023271,112,43,1705,2009,0.0,792778.0,-0.083743,-0.6222479999999999,JAM,CHN,8502
2023272,113,43,1705,2009,0.0,21267096.0,0.21374899999999997,0.423774,JOR,CHN,8502
2023273,114,43,1705,2009,270370952.0,7905633.0,2.306791,-0.251712,JPN,CHN,8502
2023274,115,43,1705,2009,0.0,12083597.0,-0.6547970000000001,-0.772256,KAZ,CHN,8502
2023275,116,43,1705,2009,5716.0,7519196.0,-0.26477399999999995,0.932587,KEN,CHN,8502
2023276,117,43,1705,2009,13619.0,1121435.0,-0.251815,0.144822,KGZ,CHN,8502
2023277,118,43,1705,2009,0.0,4465758.0,-1.194288,-1.09924,KHM,CHN,8502
2023278,119,43,1705,2009,0.0,2565.0,-0.41403999999999996,-0.8960100000000001,KIR,CHN,8502
2023279,120,43,1705,2009,0.0,2553.0,0.9218370000000001,-0.303977,KNA,CHN,8502
2023280,121,43,1705,2009,156833657.0,11235215.0,1.509336,0.784515,KOR,CHN,8502
2023281,122,43,1705,2009,87246.0,6075966.0,-1.386993,-1.203527,KWT,CHN,8502
2023282,123,43,1705,2009,0.0,1853318.0,-1.235693,-1.0440040000000002,LAO,CHN,8502
2023283,124,43,1705,2009,64084.0,9895843.0,0.48618599999999995,1.4748620000000001,LBN,CHN,8502
2023284,125,43,1705,2009,0.0,3761913.0,-0.07508,-0.994632,LBR,CHN,8502
2023285,126,43,1705,2009,0.0,14864460.0,-1.196032,-1.1829,LBY,CHN,8502
2023286,128,43,1705,2009,17137.0,3820702.0,-0.653836,0.174403,LKA,CHN,8502
2023287,129,43,1705,2009,0.0,32671.0,-1.446041,-1.102158,LSO,CHN,8502
2023288,130,43,1705,2009,0.0,365271.0,0.647736,1.150962,LTU,CHN,8502
2023289,131,43,1705,2009,0.0,43545.0,1.323336,1.026341,LUX,CHN,8502
2023290,132,43,1705,2009,0.0,3196050.0,0.675643,0.99977,LVA,CHN,8502
2023291,133,43,1705,2009,0.0,161181.0,0.450395,0.6237739999999999,MAC,CHN,8502
2023292,134,43,1705,2009,0.0,2005106.0,-0.48819300000000004,0.173952,MAR,CHN,8502
2023293,135,43,1705,2009,0.0,123330.0,0.009281999999999999,-0.039299,MDA,CHN,8502
2023294,136,43,1705,2009,0.0,2251832.0,-1.0356610000000002,-0.198062,MDG,CHN,8502
2023295,137,43,1705,2009,0.0,138046.0,-0.415182,-0.9298379999999999,MDV,CHN,8502
2023296,138,43,1705,2009,0.0,5648313.0,1.061625,0.719234,MEX,CHN,8502
2023297,139,43,1705,2009,0.0,546984.0,-0.960635,-0.99724,MHL,CHN,8502
2023298,140,43,1705,2009,0.0,116864.0,-0.14890499999999998,0.405505,MKD,CHN,8502
2023299,141,43,1705,2009,0.0,365515.0,-0.84835,-0.780324,MLI,CHN,8502
2023300,142,43,1705,2009,0.0,859363.0,1.233965,-0.016763,MLT,CHN,8502
2023301,143,43,1705,2009,0.0,23913149.0,-1.6459529999999998,-1.186635,MMR,CHN,8502
2023302,144,43,1705,2009,0.0,184605.0,0.19963499999999998,-0.073107,MNE,CHN,8502
2023303,145,43,1705,2009,0.0,6420359.0,-0.825506,-1.067644,MNG,CHN,8502
2023304,147,43,1705,2009,0.0,1102393.0,-1.0023090000000001,-0.844765,MOZ,CHN,8502
2023305,148,43,1705,2009,0.0,2839731.0,-1.761436,-1.2898479999999999,MRT,CHN,8502
2023306,151,43,1705,2009,0.0,456682.0,-0.198194,0.067014,MUS,CHN,8502
2023307,152,43,1705,2009,0.0,186387.0,-1.571672,-1.244864,MWI,CHN,8502
2023308,153,43,1705,2009,399817.0,15685670.0,0.8718229999999999,0.607429,MYS,CHN,8502
2023309,154,43,1705,2009,0.0,6622.0,1.173729,-0.08655800000000001,MYT,CHN,8502
2023310,155,43,1705,2009,0.0,1869218.0,-0.081207,-0.075292,NAM,CHN,8502
2023311,156,43,1705,2009,236495.0,184989.0,1.323528,0.523435,NCL,CHN,8502
2023312,157,43,1705,2009,0.0,4319172.0,-1.306036,-0.956361,NER,CHN,8502
2023313,159,43,1705,2009,0.0,229465855.0,-1.584051,-1.156247,NGA,CHN,8502
2023314,160,43,1705,2009,0.0,132593.0,-0.924057,-0.809557,NIC,CHN,8502
2023315,162,43,1705,2009,6144812.0,20454602.0,1.1914850000000001,1.3076780000000001,NLD,CHN,8502
2023316,163,43,1705,2009,12713644.0,5087582.0,0.865455,0.082808,NOR,CHN,8502
2023317,164,43,1705,2009,0.0,2373833.0,-0.324434,1.076908,NPL,CHN,8502
2023318,166,43,1705,2009,0.0,2727648.0,0.38301999999999997,0.720644,NZL,CHN,8502
2023319,167,43,1705,2009,0.0,620891.0,-0.691918,-1.015434,OMN,CHN,8502
2023320,168,43,1705,2009,1342172.0,82518728.0,-0.514907,0.44733100000000003,PAK,CHN,8502
2023321,169,43,1705,2009,0.0,4514854.0,0.629137,0.5894010000000001,PAN,CHN,8502
2023322,173,43,1705,2009,0.0,5677731.0,-0.53304,0.221183,PER,CHN,8502
2023323,174,43,1705,2009,2872.0,28021978.0,0.34318000000000004,0.095375,PHL,CHN,8502
2023324,176,43,1705,2009,0.0,5581549.0,-1.90537,-1.2462030000000002,PNG,CHN,8502
2023325,177,43,1705,2009,4214412.0,5466701.0,1.11055,1.069074,POL,CHN,8502
2023326,178,43,1705,2009,0.0,5130502.0,0.608089,0.709831,PRK,CHN,8502
2023327,179,43,1705,2009,0.0,2454950.0,0.559189,2.4359919999999997,PRT,CHN,8502
2023328,180,43,1705,2009,0.0,799102.0,-0.564858,-0.941735,PRY,CHN,8502
2023329,181,43,1705,2009,0.0,17556.0,0.119192,0.6390680000000001,PSE,CHN,8502
2023330,182,43,1705,2009,0.0,82060.0,-0.440014,-0.835513,PYF,CHN,8502
2023331,183,43,1705,2009,2656.0,1069493.0,-0.484947,-1.07179,QAT,CHN,8502
2023332,185,43,1705,2009,2926983.0,6784834.0,0.833802,1.024418,ROU,CHN,8502
2023333,186,43,1705,2009,9577199.0,31637398.0,0.392478,-0.20038399999999998,RUS,CHN,8502
2023334,187,43,1705,2009,0.0,187340.0,-0.31001599999999996,-0.5382170000000001,RWA,CHN,8502
2023335,188,43,1705,2009,670431.0,16240341.0,0.300581,-0.813199,SAU,CHN,8502
2023336,190,43,1705,2009,196563.0,13123942.0,-2.2948020000000002,-1.3182040000000002,SDN,CHN,8502
2023337,191,43,1705,2009,0.0,2633315.0,-0.53392,-0.415513,SEN,CHN,8502
2023338,192,43,1705,2009,36714879.0,29914459.0,1.9503540000000001,0.498033,SGP,CHN,8502
2023339,195,43,1705,2009,0.0,127491.0,-1.9380110000000002,-1.06035,SLB,CHN,8502
2023340,196,43,1705,2009,0.0,1097538.0,0.06259400000000001,-0.273258,SLE,CHN,8502
2023341,197,43,1705,2009,0.0,7522.0,-0.19729100000000002,0.23434899999999997,SLV,CHN,8502
2023342,199,43,1705,2009,0.0,1920880.0,-0.9824440000000001,-0.99467,SOM,CHN,8502
2023343,201,43,1705,2009,3259799.0,213352.0,0.531766,1.477837,SRB,CHN,8502
2023344,203,43,1705,2009,0.0,79509.0,0.370989,-0.518133,STP,CHN,8502
2023345,205,43,1705,2009,0.0,473573.0,-0.580507,-1.072833,SUR,CHN,8502
2023346,206,43,1705,2009,0.0,1507406.0,1.231382,0.820968,SVK,CHN,8502
2023347,207,43,1705,2009,0.0,738580.0,1.548036,0.730396,SVN,CHN,8502
2023348,208,43,1705,2009,3229696.0,1201026.0,1.877821,0.336565,SWE,CHN,8502
2023349,212,43,1705,2009,0.0,7556724.0,-0.48481199999999997,1.464509,SYR,CHN,8502
2023350,214,43,1705,2009,0.0,6734562.0,-1.294648,-0.9645020000000001,TCD,CHN,8502
2023351,215,43,1705,2009,0.0,1877885.0,-0.561619,-0.759929,TGO,CHN,8502
2023352,216,43,1705,2009,4949.0,27755205.0,0.79692,1.315501,THA,CHN,8502
2023353,217,43,1705,2009,0.0,1064612.0,-1.0237319999999999,-1.1837950000000002,TJK,CHN,8502
2023354,219,43,1705,2009,0.0,1915138.0,-1.060378,-1.17279,TKM,CHN,8502
2023355,220,43,1705,2009,0.0,1534847.0,0.317308,-0.8093199999999999,TLS,CHN,8502
2023356,221,43,1705,2009,0.0,8579.0,-0.439709,-0.7270939999999999,TON,CHN,8502
2023357,222,43,1705,2009,0.0,114448.0,-0.508195,-1.097365,TTO,CHN,8502
2023358,223,43,1705,2009,0.0,294723.0,0.044903,0.9126120000000001,TUN,CHN,8502
2023359,224,43,1705,2009,812089.0,83991381.0,0.384596,2.3797610000000002,TUR,CHN,8502
2023360,226,43,1705,2009,0.0,6044321.0,-0.822897,0.644899,TZA,CHN,8502
2023361,227,43,1705,2009,2554.0,1164389.0,-0.573707,-0.036203,UGA,CHN,8502
2023362,228,43,1705,2009,0.0,4955381.0,0.602688,0.830247,UKR,CHN,8502
2023363,230,43,1705,2009,0.0,945497.0,0.260419,-0.171944,URY,CHN,8502
2023364,231,43,1705,2009,153498689.0,239951108.0,1.657663,-0.41411400000000004,USA,CHN,8502
2023365,232,43,1705,2009,0.0,6921565.0,-0.6115470000000001,-0.710622,UZB,CHN,8502
2023366,234,43,1705,2009,0.0,17106.0,-0.068356,-0.6011350000000001,VCT,CHN,8502
2023367,236,43,1705,2009,0.0,26718558.0,-0.5847600000000001,-1.150334,VEN,CHN,8502
2023368,237,43,1705,2009,0.0,4000.0,0.903839,0.093044,VGB,CHN,8502
2023369,239,43,1705,2009,8488022.0,70878881.0,-0.27396,1.131199,VNM,CHN,8502
2023370,240,43,1705,2009,0.0,163777.0,-0.9398479999999999,-0.9635799999999999,VUT,CHN,8502
2023371,242,43,1705,2009,0.0,327941.0,1.3006149999999999,0.354537,WSM,CHN,8502
2023372,243,43,1705,2009,0.0,19301927.0,-0.845426,-1.119091,YEM,CHN,8502
2023373,246,43,1705,2009,2358.0,21463371.0,0.316452,1.767795,ZAF,CHN,8502
2023374,247,43,1705,2009,0.0,620311.0,-0.6423909999999999,-0.815315,ZMB,CHN,8502
2023375,248,43,1705,2009,0.0,1519110.0,-0.686822,-0.683511,ZWE,CHN,8502
2023376,249,43,1705,2009,1889141.0,1404147.0,1.5763120000000002,0.9567950000000001,TWN,CHN,8502
2023377,7,44,1705,2009,91190.0,0.0,0.070059,-0.619075,ARE,CIV,8502
2023378,14,44,1705,2009,49057.0,0.0,-0.109286,0.13586900000000002,AUS,CIV,8502
2023379,18,44,1705,2009,14317.0,0.0,1.272011,1.074548,BEL,CIV,8502
2023380,19,44,1705,2009,0.0,2865.0,-0.93195,-0.813017,BEN,CIV,8502
2023381,21,44,1705,2009,7961.0,0.0,-1.283807,-1.061272,BFA,CIV,8502
2023382,22,44,1705,2009,0.0,142404.0,-1.030722,-0.860137,BGD,CIV,8502
2023383,41,44,1705,2009,34854.0,0.0,2.124438,0.484861,CHE,CIV,8502
2023384,43,44,1705,2009,973560.0,0.0,0.898623,2.08703,CHN,CIV,8502
2023385,59,44,1705,2009,841126.0,0.0,1.6323159999999999,0.47257200000000005,CZE,CIV,8502
2023386,61,44,1705,2009,382174.0,0.0,2.056515,-3.034837,DEU,CIV,8502
2023387,64,44,1705,2009,110176.0,0.0,1.242327,1.064709,DNK,CIV,8502
2023388,68,44,1705,2009,35176.0,0.0,-0.20940300000000003,1.6466290000000001,EGY,CIV,8502
2023389,71,44,1705,2009,972518.0,0.0,0.9021020000000001,2.170578,ESP,CIV,8502
2023390,74,44,1705,2009,1829.0,0.0,1.8206849999999999,0.797421,FIN,CIV,8502
2023391,77,44,1705,2009,10620515.0,2193383.0,1.540346,0.090377,FRA,CIV,8502
2023392,80,44,1705,2009,0.0,13635.0,-1.197711,-1.147469,GAB,CIV,8502
2023393,81,44,1705,2009,708049.0,468483.0,1.7921779999999998,0.41211499999999995,GBR,CIV,8502
2023394,83,44,1705,2009,6133.0,911.0,-0.909436,-0.6619470000000001,GHA,CIV,8502
2023395,90,44,1705,2009,1687.0,0.0,0.2196,1.63301,GRC,CIV,8502
2023396,103,44,1705,2009,5627.0,0.0,-0.253835,1.260101,IDN,CIV,8502
2023397,104,44,1705,2009,76836.0,0.0,0.209867,2.254003,IND,CIV,8502
2023398,106,44,1705,2009,131946.0,0.0,1.627233,0.020024,IRL,CIV,8502
2023399,111,44,1705,2009,913922.0,0.0,1.289,0.64549,ITA,CIV,8502
2023400,114,44,1705,2009,12103.0,0.0,2.306791,-0.251712,JPN,CIV,8502
2023401,124,44,1705,2009,305413.0,0.0,0.48618599999999995,1.4748620000000001,LBN,CIV,8502
2023402,125,44,1705,2009,0.0,26304.0,-0.07508,-0.994632,LBR,CIV,8502
2023403,153,44,1705,2009,5321.0,0.0,0.8718229999999999,0.607429,MYS,CIV,8502
2023404,159,44,1705,2009,0.0,10368.0,-1.584051,-1.156247,NGA,CIV,8502
2023405,162,44,1705,2009,4974.0,0.0,1.1914850000000001,1.3076780000000001,NLD,CIV,8502
2023406,185,44,1705,2009,14234.0,0.0,0.833802,1.024418,ROU,CIV,8502
2023407,187,44,1705,2009,0.0,1630.0,-0.31001599999999996,-0.5382170000000001,RWA,CIV,8502
2023408,191,44,1705,2009,8717.0,3458.0,-0.53392,-0.415513,SEN,CIV,8502
2023409,192,44,1705,2009,9589.0,0.0,1.9503540000000001,0.498033,SGP,CIV,8502
2023410,215,44,1705,2009,0.0,6853.0,-0.561619,-0.759929,TGO,CIV,8502
2023411,224,44,1705,2009,12152.0,0.0,0.384596,2.3797610000000002,TUR,CIV,8502
2023412,231,44,1705,2009,32856.0,0.0,1.657663,-0.41411400000000004,USA,CIV,8502
2023413,246,44,1705,2009,64269.0,0.0,0.316452,1.767795,ZAF,CIV,8502
2023414,250,44,1705,2009,2201278.0,0.0,0.582246,-0.10603,ANS,CIV,8502
2023415,0,49,1705,2009,0.0,5190.0,0.770077,-0.71001,ABW,COL,8502
2023416,8,49,1705,2009,1084671.0,0.0,0.27637,0.611129,ARG,COL,8502
2023417,15,49,1705,2009,495682.0,377360.0,1.651325,-0.020794,AUT,COL,8502
2023418,18,49,1705,2009,34341.0,0.0,1.272011,1.074548,BEL,COL,8502
2023419,32,49,1705,2009,11388480.0,0.0,0.35447199999999995,0.8522360000000001,BRA,COL,8502
2023420,39,49,1705,2009,33983.0,0.0,0.6778069999999999,1.278402,CAN,COL,8502
2023421,41,49,1705,2009,3493079.0,0.0,2.124438,0.484861,CHE,COL,8502
2023422,42,49,1705,2009,357008.0,0.0,-0.219521,-0.34239,CHL,COL,8502
2023423,43,49,1705,2009,9031393.0,0.0,0.898623,2.08703,CHN,COL,8502
2023424,52,49,1705,2009,4081.0,0.0,-0.142465,-0.669277,CRI,COL,8502
2023425,54,49,1705,2009,0.0,7677.0,0.188114,-0.819958,CUB,COL,8502
2023426,61,49,1705,2009,588218.0,2018.0,2.056515,-3.034837,DEU,COL,8502
2023427,64,49,1705,2009,18232.0,0.0,1.242327,1.064709,DNK,COL,8502
2023428,65,49,1705,2009,87131.0,0.0,-0.317894,0.198926,DOM,COL,8502
2023429,67,49,1705,2009,0.0,1632432.0,-0.92724,-0.965628,ECU,COL,8502
2023430,71,49,1705,2009,67611.0,0.0,0.9021020000000001,2.170578,ESP,COL,8502
2023431,74,49,1705,2009,11535056.0,0.0,1.8206849999999999,0.797421,FIN,COL,8502
2023432,77,49,1705,2009,1083526.0,0.0,1.540346,0.090377,FRA,COL,8502
2023433,81,49,1705,2009,3312595.0,0.0,1.7921779999999998,0.41211499999999995,GBR,COL,8502
2023434,97,49,1705,2009,56587.0,0.0,0.654964,1.98672,HKG,COL,8502
2023435,104,49,1705,2009,270914.0,0.0,0.209867,2.254003,IND,COL,8502
2023436,106,49,1705,2009,99133.0,0.0,1.627233,0.020024,IRL,COL,8502
2023437,111,49,1705,2009,28559.0,0.0,1.289,0.64549,ITA,COL,8502
2023438,114,49,1705,2009,3143434.0,0.0,2.306791,-0.251712,JPN,COL,8502
2023439,121,49,1705,2009,38418.0,0.0,1.509336,0.784515,KOR,COL,8502
2023440,138,49,1705,2009,5072263.0,0.0,1.061625,0.719234,MEX,COL,8502
2023441,169,49,1705,2009,139028.0,245542.0,0.629137,0.5894010000000001,PAN,COL,8502
2023442,173,49,1705,2009,4763043.0,0.0,-0.53304,0.221183,PER,COL,8502
2023443,186,49,1705,2009,1267144.0,0.0,0.392478,-0.20038399999999998,RUS,COL,8502
2023444,206,49,1705,2009,3989.0,0.0,1.231382,0.820968,SVK,COL,8502
2023445,228,49,1705,2009,0.0,10261.0,0.602688,0.830247,UKR,COL,8502
2023446,231,49,1705,2009,21267721.0,284190.0,1.657663,-0.41411400000000004,USA,COL,8502
2023447,236,49,1705,2009,45651.0,2538422.0,-0.5847600000000001,-1.150334,VEN,COL,8502
2023448,249,49,1705,2009,18711.0,0.0,1.5763120000000002,0.9567950000000001,TWN,COL,8502
2023449,250,49,1705,2009,0.0,208342.0,0.582246,-0.10603,ANS,COL,8502
2023450,15,52,1705,2009,100724.0,0.0,1.651325,-0.020794,AUT,CRI,8502
2023451,32,52,1705,2009,10395588.0,0.0,0.35447199999999995,0.8522360000000001,BRA,CRI,8502
2023452,41,52,1705,2009,59651.0,0.0,2.124438,0.484861,CHE,CRI,8502
2023453,43,52,1705,2009,425518.0,0.0,0.898623,2.08703,CHN,CRI,8502
2023454,49,52,1705,2009,0.0,4081.0,0.263416,0.38947,COL,CRI,8502
2023455,61,52,1705,2009,12812583.0,0.0,2.056515,-3.034837,DEU,CRI,8502
2023456,67,52,1705,2009,0.0,67782.0,-0.92724,-0.965628,ECU,CRI,8502
2023457,71,52,1705,2009,435540.0,0.0,0.9021020000000001,2.170578,ESP,CRI,8502
2023458,77,52,1705,2009,701685.0,0.0,1.540346,0.090377,FRA,CRI,8502
2023459,81,52,1705,2009,481450.0,0.0,1.7921779999999998,0.41211499999999995,GBR,CRI,8502
2023460,97,52,1705,2009,2030.0,0.0,0.654964,1.98672,HKG,CRI,8502
2023461,104,52,1705,2009,271497.0,0.0,0.209867,2.254003,IND,CRI,8502
2023462,110,52,1705,2009,6090544.0,0.0,1.226438,0.816299,ISR,CRI,8502
2023463,111,52,1705,2009,8918.0,0.0,1.289,0.64549,ITA,CRI,8502
2023464,112,52,1705,2009,18664.0,0.0,-0.083743,-0.6222479999999999,JAM,CRI,8502
2023465,114,52,1705,2009,96245.0,0.0,2.306791,-0.251712,JPN,CRI,8502
2023466,138,52,1705,2009,256365.0,0.0,1.061625,0.719234,MEX,CRI,8502
2023467,160,52,1705,2009,36031.0,159835.0,-0.924057,-0.809557,NIC,CRI,8502
2023468,162,52,1705,2009,26842.0,0.0,1.1914850000000001,1.3076780000000001,NLD,CRI,8502
2023469,169,52,1705,2009,107635.0,75637.0,0.629137,0.5894010000000001,PAN,CRI,8502
2023470,173,52,1705,2009,164801.0,0.0,-0.53304,0.221183,PER,CRI,8502
2023471,174,52,1705,2009,727.0,0.0,0.34318000000000004,0.095375,PHL,CRI,8502
2023472,197,52,1705,2009,0.0,8587.0,-0.19729100000000002,0.23434899999999997,SLV,CRI,8502
2023473,231,52,1705,2009,4594948.0,18757.0,1.657663,-0.41411400000000004,USA,CRI,8502
2023474,236,52,1705,2009,0.0,178843.0,-0.5847600000000001,-1.150334,VEN,CRI,8502
2023475,249,52,1705,2009,23775.0,0.0,1.5763120000000002,0.9567950000000001,TWN,CRI,8502
2023476,250,52,1705,2009,8807.0,0.0,0.582246,-0.10603,ANS,CRI,8502
2023477,0,61,1705,2009,0.0,2067.0,0.770077,-0.71001,ABW,DEU,8502
2023478,1,61,1705,2009,0.0,5240354.0,-0.424354,-0.563383,AFG,DEU,8502
2023479,2,61,1705,2009,0.0,430189.0,-0.809438,-1.190006,AGO,DEU,8502
2023480,4,61,1705,2009,10445.0,21010.0,-0.41612200000000005,-0.256639,ALB,DEU,8502
2023481,7,61,1705,2009,774066.0,7889859.0,0.070059,-0.619075,ARE,DEU,8502
2023482,8,61,1705,2009,59980.0,26429261.0,0.27637,0.611129,ARG,DEU,8502
2023483,9,61,1705,2009,0.0,10899.0,0.24424899999999997,-0.30152399999999996,ARM,DEU,8502
2023484,13,61,1705,2009,0.0,1784.0,0.930903,0.279441,ATG,DEU,8502
2023485,14,61,1705,2009,521224.0,11827383.0,-0.109286,0.13586900000000002,AUS,DEU,8502
2023486,15,61,1705,2009,23633216.0,32540215.0,1.651325,-0.020794,AUT,DEU,8502
2023487,16,61,1705,2009,0.0,2340916.0,-1.124423,-1.228081,AZE,DEU,8502
2023488,17,61,1705,2009,0.0,43642.0,-0.43971099999999996,-0.575079,BDI,DEU,8502
2023489,18,61,1705,2009,10967001.0,13194549.0,1.272011,1.074548,BEL,DEU,8502
2023490,19,61,1705,2009,0.0,2301.0,-0.93195,-0.813017,BEN,DEU,8502
2023491,21,61,1705,2009,0.0,16304.0,-1.283807,-1.061272,BFA,DEU,8502
2023492,22,61,1705,2009,0.0,35573266.0,-1.030722,-0.860137,BGD,DEU,8502
2023493,23,61,1705,2009,46867.0,3424927.0,0.373594,1.571413,BGR,DEU,8502
2023494,24,61,1705,2009,108798.0,305209.0,0.250645,-0.767742,BHR,DEU,8502
2023495,25,61,1705,2009,0.0,118016.0,0.5451729999999999,-0.496575,BHS,DEU,8502
2023496,26,61,1705,2009,7495.0,89659.0,0.519113,0.762582,BIH,DEU,8502
2023497,28,61,1705,2009,0.0,1906656.0,0.977663,0.549549,BLR,DEU,8502
2023498,31,61,1705,2009,0.0,11785.0,-0.909969,-0.8899879999999999,BOL,DEU,8502
2023499,32,61,1705,2009,10450137.0,8102211.0,0.35447199999999995,0.8522360000000001,BRA,DEU,8502
2023500,33,61,1705,2009,0.0,1627.0,0.8652620000000001,0.796057,BRB,DEU,8502
2023501,34,61,1705,2009,0.0,262346.0,-1.371042,-0.9792120000000001,BRN,DEU,8502
2023502,38,61,1705,2009,0.0,1597.0,-0.5777260000000001,-0.839981,CAF,DEU,8502
2023503,39,61,1705,2009,434477.0,67746717.0,0.6778069999999999,1.278402,CAN,DEU,8502
2023504,41,61,1705,2009,29811583.0,23536276.0,2.124438,0.484861,CHE,DEU,8502
2023505,42,61,1705,2009,0.0,6149923.0,-0.219521,-0.34239,CHL,DEU,8502
2023506,43,61,1705,2009,23161420.0,55915766.0,0.898623,2.08703,CHN,DEU,8502
2023507,44,61,1705,2009,0.0,382174.0,-0.924681,-0.801371,CIV,DEU,8502
2023508,45,61,1705,2009,0.0,478108.0,-1.128734,-1.022546,CMR,DEU,8502
2023509,46,61,1705,2009,0.0,90453.0,-1.532165,-1.160269,COD,DEU,8502
2023510,47,61,1705,2009,0.0,103303.0,-1.466289,-1.201249,COG,DEU,8502
2023511,49,61,1705,2009,2018.0,588218.0,0.263416,0.38947,COL,DEU,8502
2023512,51,61,1705,2009,0.0,104284.0,0.32592600000000005,-0.531697,CPV,DEU,8502
2023513,52,61,1705,2009,0.0,12812583.0,-0.142465,-0.669277,CRI,DEU,8502
2023514,54,61,1705,2009,0.0,3552858.0,0.188114,-0.819958,CUB,DEU,8502
2023515,58,61,1705,2009,62563.0,40988.0,0.934193,0.657555,CYP,DEU,8502
2023516,59,61,1705,2009,5691267.0,20125121.0,1.6323159999999999,0.47257200000000005,CZE,DEU,8502
2023517,62,61,1705,2009,0.0,1032.0,0.062037,-0.596527,DJI,DEU,8502
2023518,64,61,1705,2009,627727628.0,7045010.0,1.242327,1.064709,DNK,DEU,8502
2023519,65,61,1705,2009,0.0,34761.0,-0.317894,0.198926,DOM,DEU,8502
2023520,66,61,1705,2009,0.0,11722431.0,-1.161786,-1.188669,DZA,DEU,8502
2023521,67,61,1705,2009,0.0,2985396.0,-0.92724,-0.965628,ECU,DEU,8502
2023522,68,61,1705,2009,0.0,2692858.0,-0.20940300000000003,1.6466290000000001,EGY,DEU,8502
2023523,71,61,1705,2009,16724055.0,24752775.0,0.9021020000000001,2.170578,ESP,DEU,8502
2023524,72,61,1705,2009,0.0,294061.0,0.749058,1.269572,EST,DEU,8502
2023525,73,61,1705,2009,0.0,387099.0,-0.967483,-0.8219,ETH,DEU,8502
2023526,74,61,1705,2009,10823366.0,10471740.0,1.8206849999999999,0.797421,FIN,DEU,8502
2023527,75,61,1705,2009,0.0,12530.0,-0.785772,-0.305228,FJI,DEU,8502
2023528,76,61,1705,2009,0.0,14553.0,-0.891749,-0.97485,FLK,DEU,8502
2023529,77,61,1705,2009,24973700.0,181198947.0,1.540346,0.090377,FRA,DEU,8502
2023530,78,61,1705,2009,0.0,4260.0,-0.437934,-0.8733879999999999,FRO,DEU,8502
2023531,80,61,1705,2009,0.0,89329.0,-1.197711,-1.147469,GAB,DEU,8502
2023532,81,61,1705,2009,10223979.0,146938639.0,1.7921779999999998,0.41211499999999995,GBR,DEU,8502
2023533,82,61,1705,2009,0.0,40169.0,0.045952,-0.381822,GEO,DEU,8502
2023534,83,61,1705,2009,0.0,364431.0,-0.909436,-0.6619470000000001,GHA,DEU,8502
2023535,85,61,1705,2009,0.0,25248.0,-1.618121,-1.2200520000000001,GIN,DEU,8502
2023536,87,61,1705,2009,0.0,971.0,-0.573979,-0.644636,GMB,DEU,8502
2023537,89,61,1705,2009,0.0,32954.0,-1.426661,-0.9459870000000001,GNQ,DEU,8502
2023538,90,61,1705,2009,127032.0,9796776.0,0.2196,1.63301,GRC,DEU,8502
2023539,91,61,1705,2009,22402.0,2365.0,0.035948,-0.586996,GRD,DEU,8502
2023540,93,61,1705,2009,0.0,7224.0,-0.33276999999999995,0.551257,GTM,DEU,8502
2023541,97,61,1705,2009,341045.0,10803090.0,0.654964,1.98672,HKG,DEU,8502
2023542,99,61,1705,2009,0.0,2952035.0,-0.587607,-0.189167,HND,DEU,8502
2023543,100,61,1705,2009,1126215.0,7521701.0,0.740174,1.005258,HRV,DEU,8502
2023544,101,61,1705,2009,0.0,10022.0,-1.406148,-1.108465,HTI,DEU,8502
2023545,102,61,1705,2009,472154.0,5880914.0,1.397765,0.772375,HUN,DEU,8502
2023546,103,61,1705,2009,631138.0,21675995.0,-0.253835,1.260101,IDN,DEU,8502
2023547,104,61,1705,2009,4276304.0,17623135.0,0.209867,2.254003,IND,DEU,8502
2023548,106,61,1705,2009,32698.0,24444115.0,1.627233,0.020024,IRL,DEU,8502
2023549,107,61,1705,2009,166218.0,7114754.0,-1.185702,-1.1049360000000001,IRN,DEU,8502
2023550,108,61,1705,2009,0.0,1296823.0,-1.1683270000000001,-0.9517459999999999,IRQ,DEU,8502
2023551,109,61,1705,2009,34479.0,585238.0,0.21713200000000002,-0.371812,ISL,DEU,8502
2023552,110,61,1705,2009,457250.0,1012489.0,1.226438,0.816299,ISR,DEU,8502
2023553,111,61,1705,2009,17094032.0,132682162.0,1.289,0.64549,ITA,DEU,8502
2023554,113,61,1705,2009,0.0,208770.0,0.21374899999999997,0.423774,JOR,DEU,8502
2023555,114,61,1705,2009,4141799.0,44370096.0,2.306791,-0.251712,JPN,DEU,8502
2023556,115,61,1705,2009,8089.0,3047391.0,-0.6547970000000001,-0.772256,KAZ,DEU,8502
2023557,116,61,1705,2009,52328.0,245233.0,-0.26477399999999995,0.932587,KEN,DEU,8502
2023558,117,61,1705,2009,0.0,1648373.0,-0.251815,0.144822,KGZ,DEU,8502
2023559,118,61,1705,2009,0.0,21552.0,-1.194288,-1.09924,KHM,DEU,8502
2023560,121,61,1705,2009,8182325.0,8266888.0,1.509336,0.784515,KOR,DEU,8502
2023561,122,61,1705,2009,0.0,428843.0,-1.386993,-1.203527,KWT,DEU,8502
2023562,124,61,1705,2009,92585.0,242111.0,0.48618599999999995,1.4748620000000001,LBN,DEU,8502
2023563,125,61,1705,2009,0.0,47673.0,-0.07508,-0.994632,LBR,DEU,8502
2023564,126,61,1705,2009,56208.0,7468079.0,-1.196032,-1.1829,LBY,DEU,8502
2023565,128,61,1705,2009,0.0,1978015.0,-0.653836,0.174403,LKA,DEU,8502
2023566,130,61,1705,2009,118155.0,3788828.0,0.647736,1.150962,LTU,DEU,8502
2023567,131,61,1705,2009,2405742.0,10063205.0,1.323336,1.026341,LUX,DEU,8502
2023568,132,61,1705,2009,143768.0,4965047.0,0.675643,0.99977,LVA,DEU,8502
2023569,134,61,1705,2009,9766.0,227267.0,-0.48819300000000004,0.173952,MAR,DEU,8502
2023570,135,61,1705,2009,0.0,188722.0,0.009281999999999999,-0.039299,MDA,DEU,8502
2023571,136,61,1705,2009,0.0,1204491.0,-1.0356610000000002,-0.198062,MDG,DEU,8502
2023572,137,61,1705,2009,0.0,228297.0,-0.415182,-0.9298379999999999,MDV,DEU,8502
2023573,138,61,1705,2009,43079.0,1061450.0,1.061625,0.719234,MEX,DEU,8502
2023574,140,61,1705,2009,0.0,632569.0,-0.14890499999999998,0.405505,MKD,DEU,8502
2023575,141,61,1705,2009,0.0,32791.0,-0.84835,-0.780324,MLI,DEU,8502
2023576,142,61,1705,2009,580339.0,44125.0,1.233965,-0.016763,MLT,DEU,8502
2023577,144,61,1705,2009,0.0,40702.0,0.19963499999999998,-0.073107,MNE,DEU,8502
2023578,145,61,1705,2009,0.0,4393.0,-0.825506,-1.067644,MNG,DEU,8502
2023579,147,61,1705,2009,0.0,1930.0,-1.0023090000000001,-0.844765,MOZ,DEU,8502
2023580,148,61,1705,2009,0.0,78349.0,-1.761436,-1.2898479999999999,MRT,DEU,8502
2023581,151,61,1705,2009,0.0,14510.0,-0.198194,0.067014,MUS,DEU,8502
2023582,152,61,1705,2009,0.0,22135.0,-1.571672,-1.244864,MWI,DEU,8502
2023583,153,61,1705,2009,1931432.0,5836476.0,0.8718229999999999,0.607429,MYS,DEU,8502
2023584,155,61,1705,2009,0.0,2246075.0,-0.081207,-0.075292,NAM,DEU,8502
2023585,156,61,1705,2009,3293.0,135212.0,1.323528,0.523435,NCL,DEU,8502
2023586,157,61,1705,2009,514.0,38017.0,-1.306036,-0.956361,NER,DEU,8502
2023587,159,61,1705,2009,1888.0,6314663.0,-1.584051,-1.156247,NGA,DEU,8502
2023588,160,61,1705,2009,0.0,812.0,-0.924057,-0.809557,NIC,DEU,8502
2023589,162,61,1705,2009,5548845.0,37436517.0,1.1914850000000001,1.3076780000000001,NLD,DEU,8502
2023590,163,61,1705,2009,664143.0,10831442.0,0.865455,0.082808,NOR,DEU,8502
2023591,164,61,1705,2009,0.0,10218.0,-0.324434,1.076908,NPL,DEU,8502
2023592,166,61,1705,2009,61583.0,1289540.0,0.38301999999999997,0.720644,NZL,DEU,8502
2023593,167,61,1705,2009,0.0,130696.0,-0.691918,-1.015434,OMN,DEU,8502
2023594,168,61,1705,2009,0.0,5549943.0,-0.514907,0.44733100000000003,PAK,DEU,8502
2023595,169,61,1705,2009,0.0,1999685.0,0.629137,0.5894010000000001,PAN,DEU,8502
2023596,173,61,1705,2009,0.0,12035.0,-0.53304,0.221183,PER,DEU,8502
2023597,174,61,1705,2009,165917.0,1697412.0,0.34318000000000004,0.095375,PHL,DEU,8502
2023598,177,61,1705,2009,11710917.0,30039179.0,1.11055,1.069074,POL,DEU,8502
2023599,179,61,1705,2009,1237.0,56031986.0,0.559189,2.4359919999999997,PRT,DEU,8502
2023600,180,61,1705,2009,0.0,5078.0,-0.564858,-0.941735,PRY,DEU,8502
2023601,182,61,1705,2009,0.0,7498.0,-0.440014,-0.835513,PYF,DEU,8502
2023602,183,61,1705,2009,110019.0,31160501.0,-0.484947,-1.07179,QAT,DEU,8502
2023603,185,61,1705,2009,71745.0,1182619.0,0.833802,1.024418,ROU,DEU,8502
2023604,186,61,1705,2009,131681.0,41536010.0,0.392478,-0.20038399999999998,RUS,DEU,8502
2023605,187,61,1705,2009,0.0,5945.0,-0.31001599999999996,-0.5382170000000001,RWA,DEU,8502
2023606,188,61,1705,2009,427024.0,41659698.0,0.300581,-0.813199,SAU,DEU,8502
2023607,190,61,1705,2009,4673.0,9464572.0,-2.2948020000000002,-1.3182040000000002,SDN,DEU,8502
2023608,191,61,1705,2009,0.0,6748741.0,-0.53392,-0.415513,SEN,DEU,8502
2023609,192,61,1705,2009,94442.0,22206764.0,1.9503540000000001,0.498033,SGP,DEU,8502
2023610,194,61,1705,2009,0.0,6072917.0,0.99651,-0.284003,SHN,DEU,8502
2023611,196,61,1705,2009,0.0,146844.0,0.06259400000000001,-0.273258,SLE,DEU,8502
2023612,197,61,1705,2009,0.0,4234.0,-0.19729100000000002,0.23434899999999997,SLV,DEU,8502
2023613,201,61,1705,2009,111305.0,3128623.0,0.531766,1.477837,SRB,DEU,8502
2023614,206,61,1705,2009,226985.0,2125741.0,1.231382,0.820968,SVK,DEU,8502
2023615,207,61,1705,2009,105711.0,422288.0,1.548036,0.730396,SVN,DEU,8502
2023616,208,61,1705,2009,21497416.0,33459269.0,1.877821,0.336565,SWE,DEU,8502
2023617,211,61,1705,2009,0.0,163175.0,-0.16046400000000002,-0.81512,SYC,DEU,8502
2023618,212,61,1705,2009,0.0,1327564.0,-0.48481199999999997,1.464509,SYR,DEU,8502
2023619,214,61,1705,2009,0.0,100962.0,-1.294648,-0.9645020000000001,TCD,DEU,8502
2023620,215,61,1705,2009,0.0,67037.0,-0.561619,-0.759929,TGO,DEU,8502
2023621,216,61,1705,2009,88308.0,12421998.0,0.79692,1.315501,THA,DEU,8502
2023622,217,61,1705,2009,0.0,2501701.0,-1.0237319999999999,-1.1837950000000002,TJK,DEU,8502
2023623,219,61,1705,2009,0.0,1412688.0,-1.060378,-1.17279,TKM,DEU,8502
2023624,222,61,1705,2009,0.0,1236.0,-0.508195,-1.097365,TTO,DEU,8502
2023625,223,61,1705,2009,26928.0,2146870.0,0.044903,0.9126120000000001,TUN,DEU,8502
2023626,224,61,1705,2009,5570186.0,239832143.0,0.384596,2.3797610000000002,TUR,DEU,8502
2023627,226,61,1705,2009,0.0,1065937.0,-0.822897,0.644899,TZA,DEU,8502
2023628,227,61,1705,2009,0.0,24543.0,-0.573707,-0.036203,UGA,DEU,8502
2023629,228,61,1705,2009,11119.0,9588936.0,0.602688,0.830247,UKR,DEU,8502
2023630,230,61,1705,2009,0.0,54872.0,0.260419,-0.171944,URY,DEU,8502
2023631,231,61,1705,2009,42256107.0,245719867.0,1.657663,-0.41411400000000004,USA,DEU,8502
2023632,232,61,1705,2009,129403.0,664172.0,-0.6115470000000001,-0.710622,UZB,DEU,8502
2023633,234,61,1705,2009,0.0,2724985.0,-0.068356,-0.6011350000000001,VCT,DEU,8502
2023634,236,61,1705,2009,48822.0,410905.0,-0.5847600000000001,-1.150334,VEN,DEU,8502
2023635,239,61,1705,2009,10980442.0,5059185.0,-0.27396,1.131199,VNM,DEU,8502
2023636,243,61,1705,2009,0.0,1444074.0,-0.845426,-1.119091,YEM,DEU,8502
2023637,246,61,1705,2009,16738.0,1071569.0,0.316452,1.767795,ZAF,DEU,8502
2023638,247,61,1705,2009,0.0,1496823.0,-0.6423909999999999,-0.815315,ZMB,DEU,8502
2023639,248,61,1705,2009,0.0,66064.0,-0.686822,-0.683511,ZWE,DEU,8502
2023640,249,61,1705,2009,394544.0,28302301.0,1.5763120000000002,0.9567950000000001,TWN,DEU,8502
2023641,0,64,1705,2009,0.0,27532328.0,0.770077,-0.71001,ABW,DNK,8502
2023642,2,64,1705,2009,0.0,15229.0,-0.809438,-1.190006,AGO,DNK,8502
2023643,6,64,1705,2009,0.0,6175244.0,0.351025,-0.699817,ANT,DNK,8502
2023644,7,64,1705,2009,0.0,1850.0,0.070059,-0.619075,ARE,DNK,8502
2023645,8,64,1705,2009,0.0,40619.0,0.27637,0.611129,ARG,DNK,8502
2023646,14,64,1705,2009,719988.0,74465719.0,-0.109286,0.13586900000000002,AUS,DNK,8502
2023647,15,64,1705,2009,97020.0,8094369.0,1.651325,-0.020794,AUT,DNK,8502
2023648,17,64,1705,2009,0.0,354.0,-0.43971099999999996,-0.575079,BDI,DNK,8502
2023649,18,64,1705,2009,639771.0,23282630.0,1.272011,1.074548,BEL,DNK,8502
2023650,19,64,1705,2009,0.0,6256.0,-0.93195,-0.813017,BEN,DNK,8502
2023651,22,64,1705,2009,0.0,2279.0,-1.030722,-0.860137,BGD,DNK,8502
2023652,23,64,1705,2009,0.0,55842444.0,0.373594,1.571413,BGR,DNK,8502
2023653,28,64,1705,2009,0.0,71602.0,0.977663,0.549549,BLR,DNK,8502
2023654,32,64,1705,2009,3693.0,1484.0,0.35447199999999995,0.8522360000000001,BRA,DNK,8502
2023655,39,64,1705,2009,15007.0,127328800.0,0.6778069999999999,1.278402,CAN,DNK,8502
2023656,41,64,1705,2009,16172.0,201432.0,2.124438,0.484861,CHE,DNK,8502
2023657,42,64,1705,2009,0.0,2974409.0,-0.219521,-0.34239,CHL,DNK,8502
2023658,43,64,1705,2009,37201366.0,11951118.0,0.898623,2.08703,CHN,DNK,8502
2023659,44,64,1705,2009,0.0,110176.0,-0.924681,-0.801371,CIV,DNK,8502
2023660,49,64,1705,2009,0.0,18232.0,0.263416,0.38947,COL,DNK,8502
2023661,58,64,1705,2009,0.0,18774568.0,0.934193,0.657555,CYP,DNK,8502
2023662,59,64,1705,2009,15807.0,4286282.0,1.6323159999999999,0.47257200000000005,CZE,DNK,8502
2023663,61,64,1705,2009,7045010.0,627727628.0,2.056515,-3.034837,DEU,DNK,8502
2023664,65,64,1705,2009,0.0,2328.0,-0.317894,0.198926,DOM,DNK,8502
2023665,66,64,1705,2009,0.0,1451.0,-1.161786,-1.188669,DZA,DNK,8502
2023666,68,64,1705,2009,0.0,1509.0,-0.20940300000000003,1.6466290000000001,EGY,DNK,8502
2023667,71,64,1705,2009,27305953.0,68245571.0,0.9021020000000001,2.170578,ESP,DNK,8502
2023668,73,64,1705,2009,0.0,157236.0,-0.967483,-0.8219,ETH,DNK,8502
2023669,74,64,1705,2009,313738.0,2487815.0,1.8206849999999999,0.797421,FIN,DNK,8502
2023670,77,64,1705,2009,3401013.0,50993170.0,1.540346,0.090377,FRA,DNK,8502
2023671,78,64,1705,2009,1654.0,120125.0,-0.437934,-0.8733879999999999,FRO,DNK,8502
2023672,81,64,1705,2009,10892269.0,182119005.0,1.7921779999999998,0.41211499999999995,GBR,DNK,8502
2023673,83,64,1705,2009,0.0,267506.0,-0.909436,-0.6619470000000001,GHA,DNK,8502
2023674,87,64,1705,2009,0.0,1904.0,-0.573979,-0.644636,GMB,DNK,8502
2023675,90,64,1705,2009,432652.0,41247644.0,0.2196,1.63301,GRC,DNK,8502
2023676,92,64,1705,2009,0.0,5181427.0,-1.29302,-1.024092,GRL,DNK,8502
2023677,97,64,1705,2009,8927.0,234847.0,0.654964,1.98672,HKG,DNK,8502
2023678,99,64,1705,2009,0.0,34082.0,-0.587607,-0.189167,HND,DNK,8502
2023679,100,64,1705,2009,0.0,28663.0,0.740174,1.005258,HRV,DNK,8502
2023680,102,64,1705,2009,0.0,10069045.0,1.397765,0.772375,HUN,DNK,8502
2023681,104,64,1705,2009,117032.0,1433136.0,0.209867,2.254003,IND,DNK,8502
2023682,106,64,1705,2009,1945062.0,28639196.0,1.627233,0.020024,IRL,DNK,8502
2023683,108,64,1705,2009,0.0,5292610.0,-1.1683270000000001,-0.9517459999999999,IRQ,DNK,8502
2023684,109,64,1705,2009,31750.0,195912.0,0.21713200000000002,-0.371812,ISL,DNK,8502
2023685,111,64,1705,2009,3056099.0,35306100.0,1.289,0.64549,ITA,DNK,8502
2023686,112,64,1705,2009,0.0,170535.0,-0.083743,-0.6222479999999999,JAM,DNK,8502
2023687,113,64,1705,2009,0.0,3892.0,0.21374899999999997,0.423774,JOR,DNK,8502
2023688,114,64,1705,2009,1113501.0,1053963.0,2.306791,-0.251712,JPN,DNK,8502
2023689,116,64,1705,2009,0.0,2304608.0,-0.26477399999999995,0.932587,KEN,DNK,8502
2023690,120,64,1705,2009,0.0,1666635.0,0.9218370000000001,-0.303977,KNA,DNK,8502
2023691,121,64,1705,2009,2707968.0,23338137.0,1.509336,0.784515,KOR,DNK,8502
2023692,124,64,1705,2009,0.0,26650.0,0.48618599999999995,1.4748620000000001,LBN,DNK,8502
2023693,125,64,1705,2009,0.0,12100.0,-0.07508,-0.994632,LBR,DNK,8502
2023694,128,64,1705,2009,0.0,37987.0,-0.653836,0.174403,LKA,DNK,8502
2023695,130,64,1705,2009,23547.0,1332.0,0.647736,1.150962,LTU,DNK,8502
2023696,132,64,1705,2009,0.0,19234.0,0.675643,0.99977,LVA,DNK,8502
2023697,134,64,1705,2009,0.0,1073.0,-0.48819300000000004,0.173952,MAR,DNK,8502
2023698,136,64,1705,2009,0.0,1541674.0,-1.0356610000000002,-0.198062,MDG,DNK,8502
2023699,138,64,1705,2009,0.0,4465.0,1.061625,0.719234,MEX,DNK,8502
2023700,148,64,1705,2009,0.0,11891.0,-1.761436,-1.2898479999999999,MRT,DNK,8502
2023701,151,64,1705,2009,0.0,4887.0,-0.198194,0.067014,MUS,DNK,8502
2023702,152,64,1705,2009,0.0,417.0,-1.571672,-1.244864,MWI,DNK,8502
2023703,153,64,1705,2009,0.0,77125.0,0.8718229999999999,0.607429,MYS,DNK,8502
2023704,155,64,1705,2009,0.0,4541.0,-0.081207,-0.075292,NAM,DNK,8502
2023705,160,64,1705,2009,0.0,2357.0,-0.924057,-0.809557,NIC,DNK,8502
2023706,162,64,1705,2009,3874905.0,62221726.0,1.1914850000000001,1.3076780000000001,NLD,DNK,8502
2023707,163,64,1705,2009,694806.0,6604082.0,0.865455,0.082808,NOR,DNK,8502
2023708,166,64,1705,2009,109148.0,24135460.0,0.38301999999999997,0.720644,NZL,DNK,8502
2023709,168,64,1705,2009,0.0,93486.0,-0.514907,0.44733100000000003,PAK,DNK,8502
2023710,169,64,1705,2009,0.0,1113662.0,0.629137,0.5894010000000001,PAN,DNK,8502
2023711,177,64,1705,2009,11799233.0,62295659.0,1.11055,1.069074,POL,DNK,8502
2023712,179,64,1705,2009,0.0,222025.0,0.559189,2.4359919999999997,PRT,DNK,8502
2023713,185,64,1705,2009,0.0,4851780.0,0.833802,1.024418,ROU,DNK,8502
2023714,186,64,1705,2009,1759.0,1610948.0,0.392478,-0.20038399999999998,RUS,DNK,8502
2023715,188,64,1705,2009,0.0,678348.0,0.300581,-0.813199,SAU,DNK,8502
2023716,192,64,1705,2009,4406.0,4532839.0,1.9503540000000001,0.498033,SGP,DNK,8502
2023717,201,64,1705,2009,0.0,69719.0,0.531766,1.477837,SRB,DNK,8502
2023718,207,64,1705,2009,3488.0,9126.0,1.548036,0.730396,SVN,DNK,8502
2023719,208,64,1705,2009,470844.0,117528426.0,1.877821,0.336565,SWE,DNK,8502
2023720,215,64,1705,2009,0.0,32319.0,-0.561619,-0.759929,TGO,DNK,8502
2023721,216,64,1705,2009,0.0,66113.0,0.79692,1.315501,THA,DNK,8502
2023722,222,64,1705,2009,0.0,21148.0,-0.508195,-1.097365,TTO,DNK,8502
2023723,223,64,1705,2009,0.0,5718.0,0.044903,0.9126120000000001,TUN,DNK,8502
2023724,224,64,1705,2009,532438.0,34379368.0,0.384596,2.3797610000000002,TUR,DNK,8502
2023725,228,64,1705,2009,0.0,5221.0,0.602688,0.830247,UKR,DNK,8502
2023726,231,64,1705,2009,144831.0,580704937.0,1.657663,-0.41411400000000004,USA,DNK,8502
2023727,239,64,1705,2009,850819.0,82030.0,-0.27396,1.131199,VNM,DNK,8502
2023728,243,64,1705,2009,0.0,75383.0,-0.845426,-1.119091,YEM,DNK,8502
2023729,246,64,1705,2009,0.0,23233.0,0.316452,1.767795,ZAF,DNK,8502
2023730,249,64,1705,2009,91188.0,26270068.0,1.5763120000000002,0.9567950000000001,TWN,DNK,8502
2023731,250,64,1705,2009,0.0,56973.0,0.582246,-0.10603,ANS,DNK,8502
2023732,6,65,1705,2009,1853.0,2095.0,0.351025,-0.699817,ANT,DOM,8502
2023733,18,65,1705,2009,171714.0,0.0,1.272011,1.074548,BEL,DOM,8502
2023734,32,65,1705,2009,1813313.0,46207.0,0.35447199999999995,0.8522360000000001,BRA,DOM,8502
2023735,39,65,1705,2009,2597.0,0.0,0.6778069999999999,1.278402,CAN,DOM,8502
2023736,41,65,1705,2009,777.0,0.0,2.124438,0.484861,CHE,DOM,8502
2023737,43,65,1705,2009,2124506.0,0.0,0.898623,2.08703,CHN,DOM,8502
2023738,49,65,1705,2009,0.0,87131.0,0.263416,0.38947,COL,DOM,8502
2023739,61,65,1705,2009,34761.0,0.0,2.056515,-3.034837,DEU,DOM,8502
2023740,64,65,1705,2009,2328.0,0.0,1.242327,1.064709,DNK,DOM,8502
2023741,71,65,1705,2009,1638419.0,0.0,0.9021020000000001,2.170578,ESP,DOM,8502
2023742,74,65,1705,2009,4341218.0,0.0,1.8206849999999999,0.797421,FIN,DOM,8502
2023743,77,65,1705,2009,768765.0,0.0,1.540346,0.090377,FRA,DOM,8502
2023744,81,65,1705,2009,515511.0,1324748.0,1.7921779999999998,0.41211499999999995,GBR,DOM,8502
2023745,97,65,1705,2009,8615.0,0.0,0.654964,1.98672,HKG,DOM,8502
2023746,101,65,1705,2009,55590.0,224038.0,-1.406148,-1.108465,HTI,DOM,8502
2023747,104,65,1705,2009,325937.0,0.0,0.209867,2.254003,IND,DOM,8502
2023748,110,65,1705,2009,1581.0,0.0,1.226438,0.816299,ISR,DOM,8502
2023749,111,65,1705,2009,353201.0,14317.0,1.289,0.64549,ITA,DOM,8502
2023750,112,65,1705,2009,15094.0,0.0,-0.083743,-0.6222479999999999,JAM,DOM,8502
2023751,114,65,1705,2009,1036242.0,0.0,2.306791,-0.251712,JPN,DOM,8502
2023752,121,65,1705,2009,11918.0,0.0,1.509336,0.784515,KOR,DOM,8502
2023753,138,65,1705,2009,1126305.0,12739.0,1.061625,0.719234,MEX,DOM,8502
2023754,153,65,1705,2009,17770.0,0.0,0.8718229999999999,0.607429,MYS,DOM,8502
2023755,169,65,1705,2009,50009.0,33670.0,0.629137,0.5894010000000001,PAN,DOM,8502
2023756,173,65,1705,2009,119771.0,0.0,-0.53304,0.221183,PER,DOM,8502
2023757,185,65,1705,2009,13189.0,0.0,0.833802,1.024418,ROU,DOM,8502
2023758,208,65,1705,2009,48497.0,0.0,1.877821,0.336565,SWE,DOM,8502
2023759,231,65,1705,2009,8833180.0,2280489.0,1.657663,-0.41411400000000004,USA,DOM,8502
2023760,236,65,1705,2009,10078.0,0.0,-0.5847600000000001,-1.150334,VEN,DOM,8502
2023761,249,65,1705,2009,8074.0,0.0,1.5763120000000002,0.9567950000000001,TWN,DOM,8502
2023762,8,67,1705,2009,1407361.0,0.0,0.27637,0.611129,ARG,ECU,8502
2023763,18,67,1705,2009,39580.0,0.0,1.272011,1.074548,BEL,ECU,8502
2023764,32,67,1705,2009,8316623.0,0.0,0.35447199999999995,0.8522360000000001,BRA,ECU,8502
2023765,39,67,1705,2009,1683.0,0.0,0.6778069999999999,1.278402,CAN,ECU,8502
2023766,42,67,1705,2009,796244.0,0.0,-0.219521,-0.34239,CHL,ECU,8502
2023767,43,67,1705,2009,5207451.0,0.0,0.898623,2.08703,CHN,ECU,8502
2023768,49,67,1705,2009,1632432.0,0.0,0.263416,0.38947,COL,ECU,8502
2023769,52,67,1705,2009,67782.0,0.0,-0.142465,-0.669277,CRI,ECU,8502
2023770,61,67,1705,2009,2985396.0,0.0,2.056515,-3.034837,DEU,ECU,8502
2023771,71,67,1705,2009,22206.0,0.0,0.9021020000000001,2.170578,ESP,ECU,8502
2023772,74,67,1705,2009,5230414.0,0.0,1.8206849999999999,0.797421,FIN,ECU,8502
2023773,77,67,1705,2009,765254.0,0.0,1.540346,0.090377,FRA,ECU,8502
2023774,81,67,1705,2009,52440.0,0.0,1.7921779999999998,0.41211499999999995,GBR,ECU,8502
2023775,97,67,1705,2009,146191.0,3723.0,0.654964,1.98672,HKG,ECU,8502
2023776,104,67,1705,2009,224973.0,0.0,0.209867,2.254003,IND,ECU,8502
2023777,111,67,1705,2009,222397.0,0.0,1.289,0.64549,ITA,ECU,8502
2023778,114,67,1705,2009,524620.0,0.0,2.306791,-0.251712,JPN,ECU,8502
2023779,121,67,1705,2009,33561.0,0.0,1.509336,0.784515,KOR,ECU,8502
2023780,131,67,1705,2009,0.0,237.0,1.323336,1.026341,LUX,ECU,8502
2023781,138,67,1705,2009,3344426.0,0.0,1.061625,0.719234,MEX,ECU,8502
2023782,162,67,1705,2009,23051.0,0.0,1.1914850000000001,1.3076780000000001,NLD,ECU,8502
2023783,169,67,1705,2009,548452.0,1630.0,0.629137,0.5894010000000001,PAN,ECU,8502
2023784,173,67,1705,2009,2854390.0,16249.0,-0.53304,0.221183,PER,ECU,8502
2023785,190,67,1705,2009,0.0,5326946.0,-2.2948020000000002,-1.3182040000000002,SDN,ECU,8502
2023786,192,67,1705,2009,1461.0,0.0,1.9503540000000001,0.498033,SGP,ECU,8502
2023787,208,67,1705,2009,5944.0,0.0,1.877821,0.336565,SWE,ECU,8502
2023788,231,67,1705,2009,17670765.0,44895.0,1.657663,-0.41411400000000004,USA,ECU,8502
2023789,249,67,1705,2009,30914.0,0.0,1.5763120000000002,0.9567950000000001,TWN,ECU,8502
2023790,250,67,1705,2009,0.0,9548.0,0.582246,-0.10603,ANS,ECU,8502
2023791,1,71,1705,2009,0.0,559992.0,-0.424354,-0.563383,AFG,ESP,8502
2023792,2,71,1705,2009,0.0,9535612.0,-0.809438,-1.190006,AGO,ESP,8502
2023793,5,71,1705,2009,7651.0,511657.0,1.002767,0.6733,AND,ESP,8502
2023794,7,71,1705,2009,3761.0,2988466.0,0.070059,-0.619075,ARE,ESP,8502
2023795,8,71,1705,2009,0.0,5058084.0,0.27637,0.611129,ARG,ESP,8502
2023796,9,71,1705,2009,0.0,7091.0,0.24424899999999997,-0.30152399999999996,ARM,ESP,8502
2023797,11,71,1705,2009,0.0,303849.0,2.014378,-0.596029,ATA,ESP,8502
2023798,14,71,1705,2009,0.0,3383019.0,-0.109286,0.13586900000000002,AUS,ESP,8502
2023799,15,71,1705,2009,6743847.0,571220.0,1.651325,-0.020794,AUT,ESP,8502
2023800,16,71,1705,2009,0.0,10532.0,-1.124423,-1.228081,AZE,ESP,8502
2023801,17,71,1705,2009,0.0,737376.0,-0.43971099999999996,-0.575079,BDI,ESP,8502
2023802,18,71,1705,2009,1707376.0,4738972.0,1.272011,1.074548,BEL,ESP,8502
2023803,19,71,1705,2009,0.0,91325.0,-0.93195,-0.813017,BEN,ESP,8502
2023804,21,71,1705,2009,0.0,352708.0,-1.283807,-1.061272,BFA,ESP,8502
2023805,22,71,1705,2009,0.0,3402401.0,-1.030722,-0.860137,BGD,ESP,8502
2023806,23,71,1705,2009,0.0,37426646.0,0.373594,1.571413,BGR,ESP,8502
2023807,24,71,1705,2009,0.0,528315.0,0.250645,-0.767742,BHR,ESP,8502
2023808,26,71,1705,2009,0.0,9148.0,0.519113,0.762582,BIH,ESP,8502
2023809,28,71,1705,2009,0.0,47394.0,0.977663,0.549549,BLR,ESP,8502
2023810,31,71,1705,2009,0.0,241064.0,-0.909969,-0.8899879999999999,BOL,ESP,8502
2023811,32,71,1705,2009,2118.0,2316309.0,0.35447199999999995,0.8522360000000001,BRA,ESP,8502
2023812,39,71,1705,2009,234882.0,1520777.0,0.6778069999999999,1.278402,CAN,ESP,8502
2023813,41,71,1705,2009,24725296.0,1729066.0,2.124438,0.484861,CHE,ESP,8502
2023814,42,71,1705,2009,0.0,8497049.0,-0.219521,-0.34239,CHL,ESP,8502
2023815,43,71,1705,2009,23756467.0,6707263.0,0.898623,2.08703,CHN,ESP,8502
2023816,44,71,1705,2009,0.0,972518.0,-0.924681,-0.801371,CIV,ESP,8502
2023817,45,71,1705,2009,2941.0,233472.0,-1.128734,-1.022546,CMR,ESP,8502
2023818,46,71,1705,2009,0.0,343506.0,-1.532165,-1.160269,COD,ESP,8502
2023819,47,71,1705,2009,0.0,597050.0,-1.466289,-1.201249,COG,ESP,8502
2023820,49,71,1705,2009,0.0,67611.0,0.263416,0.38947,COL,ESP,8502
2023821,51,71,1705,2009,0.0,43112.0,0.32592600000000005,-0.531697,CPV,ESP,8502
2023822,52,71,1705,2009,0.0,435540.0,-0.142465,-0.669277,CRI,ESP,8502
2023823,54,71,1705,2009,0.0,8135333.0,0.188114,-0.819958,CUB,ESP,8502
2023824,58,71,1705,2009,0.0,726962.0,0.934193,0.657555,CYP,ESP,8502
2023825,59,71,1705,2009,90072.0,1136477.0,1.6323159999999999,0.47257200000000005,CZE,ESP,8502
2023826,61,71,1705,2009,24752775.0,16724055.0,2.056515,-3.034837,DEU,ESP,8502
2023827,62,71,1705,2009,0.0,1049168.0,0.062037,-0.596527,DJI,ESP,8502
2023828,64,71,1705,2009,68245571.0,27305953.0,1.242327,1.064709,DNK,ESP,8502
2023829,65,71,1705,2009,0.0,1638419.0,-0.317894,0.198926,DOM,ESP,8502
2023830,66,71,1705,2009,3794.0,15183043.0,-1.161786,-1.188669,DZA,ESP,8502
2023831,67,71,1705,2009,0.0,22206.0,-0.92724,-0.965628,ECU,ESP,8502
2023832,68,71,1705,2009,0.0,70247357.0,-0.20940300000000003,1.6466290000000001,EGY,ESP,8502
2023833,72,71,1705,2009,1493.0,83692.0,0.749058,1.269572,EST,ESP,8502
2023834,73,71,1705,2009,0.0,1596441.0,-0.967483,-0.8219,ETH,ESP,8502
2023835,74,71,1705,2009,0.0,1308856.0,1.8206849999999999,0.797421,FIN,ESP,8502
2023836,77,71,1705,2009,28051549.0,133054978.0,1.540346,0.090377,FRA,ESP,8502
2023837,80,71,1705,2009,0.0,471744.0,-1.197711,-1.147469,GAB,ESP,8502
2023838,81,71,1705,2009,17632771.0,5804263.0,1.7921779999999998,0.41211499999999995,GBR,ESP,8502
2023839,82,71,1705,2009,0.0,989.0,0.045952,-0.381822,GEO,ESP,8502
2023840,83,71,1705,2009,0.0,178036.0,-0.909436,-0.6619470000000001,GHA,ESP,8502
2023841,84,71,1705,2009,0.0,110804.0,0.9646979999999999,-0.461183,GIB,ESP,8502
2023842,85,71,1705,2009,0.0,22864.0,-1.618121,-1.2200520000000001,GIN,ESP,8502
2023843,87,71,1705,2009,0.0,2508.0,-0.573979,-0.644636,GMB,ESP,8502
2023844,89,71,1705,2009,0.0,8810742.0,-1.426661,-0.9459870000000001,GNQ,ESP,8502
2023845,90,71,1705,2009,513602.0,3459978.0,0.2196,1.63301,GRC,ESP,8502
2023846,93,71,1705,2009,0.0,13662.0,-0.33276999999999995,0.551257,GTM,ESP,8502
2023847,96,71,1705,2009,0.0,14622.0,-1.0557809999999999,-1.055825,GUY,ESP,8502
2023848,97,71,1705,2009,365022.0,1966.0,0.654964,1.98672,HKG,ESP,8502
2023849,99,71,1705,2009,0.0,413085.0,-0.587607,-0.189167,HND,ESP,8502
2023850,100,71,1705,2009,0.0,131464.0,0.740174,1.005258,HRV,ESP,8502
2023851,101,71,1705,2009,0.0,146649.0,-1.406148,-1.108465,HTI,ESP,8502
2023852,102,71,1705,2009,0.0,33443347.0,1.397765,0.772375,HUN,ESP,8502
2023853,103,71,1705,2009,0.0,2484743.0,-0.253835,1.260101,IDN,ESP,8502
2023854,104,71,1705,2009,525640.0,1734367.0,0.209867,2.254003,IND,ESP,8502
2023855,106,71,1705,2009,1418840.0,513781.0,1.627233,0.020024,IRL,ESP,8502
2023856,107,71,1705,2009,0.0,6973096.0,-1.185702,-1.1049360000000001,IRN,ESP,8502
2023857,108,71,1705,2009,0.0,3451299.0,-1.1683270000000001,-0.9517459999999999,IRQ,ESP,8502
2023858,109,71,1705,2009,0.0,3804.0,0.21713200000000002,-0.371812,ISL,ESP,8502
2023859,110,71,1705,2009,41746.0,4209.0,1.226438,0.816299,ISR,ESP,8502
2023860,111,71,1705,2009,12972095.0,138358338.0,1.289,0.64549,ITA,ESP,8502
2023861,112,71,1705,2009,2920.0,72634.0,-0.083743,-0.6222479999999999,JAM,ESP,8502
2023862,113,71,1705,2009,0.0,632072.0,0.21374899999999997,0.423774,JOR,ESP,8502
2023863,114,71,1705,2009,3345530.0,153993.0,2.306791,-0.251712,JPN,ESP,8502
2023864,115,71,1705,2009,71448.0,268750.0,-0.6547970000000001,-0.772256,KAZ,ESP,8502
2023865,116,71,1705,2009,0.0,1051894.0,-0.26477399999999995,0.932587,KEN,ESP,8502
2023866,117,71,1705,2009,0.0,13094.0,-0.251815,0.144822,KGZ,ESP,8502
2023867,118,71,1705,2009,0.0,77756.0,-1.194288,-1.09924,KHM,ESP,8502
2023868,121,71,1705,2009,14451.0,264387.0,1.509336,0.784515,KOR,ESP,8502
2023869,122,71,1705,2009,0.0,33281.0,-1.386993,-1.203527,KWT,ESP,8502
2023870,124,71,1705,2009,213642.0,28390.0,0.48618599999999995,1.4748620000000001,LBN,ESP,8502
2023871,125,71,1705,2009,0.0,183515.0,-0.07508,-0.994632,LBR,ESP,8502
2023872,126,71,1705,2009,0.0,3948890.0,-1.196032,-1.1829,LBY,ESP,8502
2023873,128,71,1705,2009,0.0,89225.0,-0.653836,0.174403,LKA,ESP,8502
2023874,130,71,1705,2009,10141.0,222355.0,0.647736,1.150962,LTU,ESP,8502
2023875,131,71,1705,2009,46968.0,0.0,1.323336,1.026341,LUX,ESP,8502
2023876,132,71,1705,2009,0.0,122258.0,0.675643,0.99977,LVA,ESP,8502
2023877,134,71,1705,2009,84962.0,6067452.0,-0.48819300000000004,0.173952,MAR,ESP,8502
2023878,135,71,1705,2009,0.0,1487159.0,0.009281999999999999,-0.039299,MDA,ESP,8502
2023879,136,71,1705,2009,0.0,22150.0,-1.0356610000000002,-0.198062,MDG,ESP,8502
2023880,137,71,1705,2009,0.0,104199.0,-0.415182,-0.9298379999999999,MDV,ESP,8502
2023881,138,71,1705,2009,2320239.0,68647116.0,1.061625,0.719234,MEX,ESP,8502
2023882,140,71,1705,2009,0.0,38182.0,-0.14890499999999998,0.405505,MKD,ESP,8502
2023883,141,71,1705,2009,0.0,556347.0,-0.84835,-0.780324,MLI,ESP,8502
2023884,142,71,1705,2009,0.0,96501.0,1.233965,-0.016763,MLT,ESP,8502
2023885,143,71,1705,2009,0.0,78085.0,-1.6459529999999998,-1.186635,MMR,ESP,8502
2023886,144,71,1705,2009,0.0,25672.0,0.19963499999999998,-0.073107,MNE,ESP,8502
2023887,147,71,1705,2009,0.0,1272508.0,-1.0023090000000001,-0.844765,MOZ,ESP,8502
2023888,148,71,1705,2009,0.0,1668811.0,-1.761436,-1.2898479999999999,MRT,ESP,8502
2023889,151,71,1705,2009,0.0,238625.0,-0.198194,0.067014,MUS,ESP,8502
2023890,152,71,1705,2009,0.0,4430.0,-1.571672,-1.244864,MWI,ESP,8502
2023891,153,71,1705,2009,0.0,515155.0,0.8718229999999999,0.607429,MYS,ESP,8502
2023892,154,71,1705,2009,0.0,23398.0,1.173729,-0.08655800000000001,MYT,ESP,8502
2023893,156,71,1705,2009,14748.0,28360.0,1.323528,0.523435,NCL,ESP,8502
2023894,157,71,1705,2009,0.0,7274.0,-1.306036,-0.956361,NER,ESP,8502
2023895,159,71,1705,2009,0.0,1880723.0,-1.584051,-1.156247,NGA,ESP,8502
2023896,162,71,1705,2009,1290613.0,9015204.0,1.1914850000000001,1.3076780000000001,NLD,ESP,8502
2023897,163,71,1705,2009,2350285.0,1446892.0,0.865455,0.082808,NOR,ESP,8502
2023898,164,71,1705,2009,0.0,7632.0,-0.324434,1.076908,NPL,ESP,8502
2023899,166,71,1705,2009,42460.0,448121.0,0.38301999999999997,0.720644,NZL,ESP,8502
2023900,167,71,1705,2009,0.0,88233.0,-0.691918,-1.015434,OMN,ESP,8502
2023901,168,71,1705,2009,0.0,2718386.0,-0.514907,0.44733100000000003,PAK,ESP,8502
2023902,169,71,1705,2009,36641.0,870071.0,0.629137,0.5894010000000001,PAN,ESP,8502
2023903,173,71,1705,2009,0.0,120333.0,-0.53304,0.221183,PER,ESP,8502
2023904,174,71,1705,2009,0.0,213245.0,0.34318000000000004,0.095375,PHL,ESP,8502
2023905,176,71,1705,2009,0.0,2801201.0,-1.90537,-1.2462030000000002,PNG,ESP,8502
2023906,177,71,1705,2009,1013.0,160598569.0,1.11055,1.069074,POL,ESP,8502
2023907,179,71,1705,2009,22026431.0,43995076.0,0.559189,2.4359919999999997,PRT,ESP,8502
2023908,182,71,1705,2009,0.0,7942.0,-0.440014,-0.835513,PYF,ESP,8502
2023909,183,71,1705,2009,0.0,178880.0,-0.484947,-1.07179,QAT,ESP,8502
2023910,185,71,1705,2009,16997.0,3150559.0,0.833802,1.024418,ROU,ESP,8502
2023911,186,71,1705,2009,0.0,2254927.0,0.392478,-0.20038399999999998,RUS,ESP,8502
2023912,187,71,1705,2009,0.0,16410.0,-0.31001599999999996,-0.5382170000000001,RWA,ESP,8502
2023913,188,71,1705,2009,0.0,2269302.0,0.300581,-0.813199,SAU,ESP,8502
2023914,190,71,1705,2009,0.0,488125.0,-2.2948020000000002,-1.3182040000000002,SDN,ESP,8502
2023915,191,71,1705,2009,50825.0,2494003.0,-0.53392,-0.415513,SEN,ESP,8502
2023916,192,71,1705,2009,209151.0,3602563.0,1.9503540000000001,0.498033,SGP,ESP,8502
2023917,196,71,1705,2009,0.0,10052.0,0.06259400000000001,-0.273258,SLE,ESP,8502
2023918,201,71,1705,2009,0.0,500988.0,0.531766,1.477837,SRB,ESP,8502
2023919,206,71,1705,2009,0.0,243511.0,1.231382,0.820968,SVK,ESP,8502
2023920,207,71,1705,2009,0.0,273023.0,1.548036,0.730396,SVN,ESP,8502
2023921,208,71,1705,2009,1709655.0,1640738.0,1.877821,0.336565,SWE,ESP,8502
2023922,212,71,1705,2009,0.0,1186962.0,-0.48481199999999997,1.464509,SYR,ESP,8502
2023923,214,71,1705,2009,0.0,102777.0,-1.294648,-0.9645020000000001,TCD,ESP,8502
2023924,215,71,1705,2009,0.0,101630.0,-0.561619,-0.759929,TGO,ESP,8502
2023925,216,71,1705,2009,0.0,1086118.0,0.79692,1.315501,THA,ESP,8502
2023926,223,71,1705,2009,0.0,1379435.0,0.044903,0.9126120000000001,TUN,ESP,8502
2023927,224,71,1705,2009,694201.0,343062.0,0.384596,2.3797610000000002,TUR,ESP,8502
2023928,226,71,1705,2009,0.0,1065219.0,-0.822897,0.644899,TZA,ESP,8502
2023929,227,71,1705,2009,0.0,40136.0,-0.573707,-0.036203,UGA,ESP,8502
2023930,228,71,1705,2009,44916.0,436276.0,0.602688,0.830247,UKR,ESP,8502
2023931,230,71,1705,2009,0.0,1034816.0,0.260419,-0.171944,URY,ESP,8502
2023932,231,71,1705,2009,51167100.0,95771839.0,1.657663,-0.41411400000000004,USA,ESP,8502
2023933,232,71,1705,2009,0.0,62875.0,-0.6115470000000001,-0.710622,UZB,ESP,8502
2023934,236,71,1705,2009,23391.0,26557577.0,-0.5847600000000001,-1.150334,VEN,ESP,8502
2023935,239,71,1705,2009,0.0,75937.0,-0.27396,1.131199,VNM,ESP,8502
2023936,243,71,1705,2009,0.0,650797.0,-0.845426,-1.119091,YEM,ESP,8502
2023937,246,71,1705,2009,905500.0,501017.0,0.316452,1.767795,ZAF,ESP,8502
2023938,247,71,1705,2009,0.0,16134.0,-0.6423909999999999,-0.815315,ZMB,ESP,8502
2023939,249,71,1705,2009,8370.0,8379.0,1.5763120000000002,0.9567950000000001,TWN,ESP,8502
2023940,250,71,1705,2009,571551.0,0.0,0.582246,-0.10603,ANS,ESP,8502
2023941,2,74,1705,2009,0.0,11284412.0,-0.809438,-1.190006,AGO,FIN,8502
2023942,7,74,1705,2009,0.0,16367400.0,0.070059,-0.619075,ARE,FIN,8502
2023943,8,74,1705,2009,0.0,1624496.0,0.27637,0.611129,ARG,FIN,8502
2023944,14,74,1705,2009,1158.0,41807.0,-0.109286,0.13586900000000002,AUS,FIN,8502
2023945,15,74,1705,2009,15424.0,50870.0,1.651325,-0.020794,AUT,FIN,8502
2023946,18,74,1705,2009,413900.0,18646059.0,1.272011,1.074548,BEL,FIN,8502
2023947,21,74,1705,2009,0.0,13737338.0,-1.283807,-1.061272,BFA,FIN,8502
2023948,22,74,1705,2009,0.0,3352607.0,-1.030722,-0.860137,BGD,FIN,8502
2023949,24,74,1705,2009,0.0,9099.0,0.250645,-0.767742,BHR,FIN,8502
2023950,32,74,1705,2009,0.0,156569572.0,0.35447199999999995,0.8522360000000001,BRA,FIN,8502
2023951,34,74,1705,2009,0.0,49.0,-1.371042,-0.9792120000000001,BRN,FIN,8502
2023952,39,74,1705,2009,10927.0,447010.0,0.6778069999999999,1.278402,CAN,FIN,8502
2023953,41,74,1705,2009,2871.0,45293.0,2.124438,0.484861,CHE,FIN,8502
2023954,43,74,1705,2009,12567947.0,47391841.0,0.898623,2.08703,CHN,FIN,8502
2023955,44,74,1705,2009,0.0,1829.0,-0.924681,-0.801371,CIV,FIN,8502
2023956,45,74,1705,2009,0.0,8994770.0,-1.128734,-1.022546,CMR,FIN,8502
2023957,49,74,1705,2009,0.0,11535056.0,0.263416,0.38947,COL,FIN,8502
2023958,59,74,1705,2009,80817.0,977483.0,1.6323159999999999,0.47257200000000005,CZE,FIN,8502
2023959,61,74,1705,2009,10471740.0,10823366.0,2.056515,-3.034837,DEU,FIN,8502
2023960,64,74,1705,2009,2487815.0,313738.0,1.242327,1.064709,DNK,FIN,8502
2023961,65,74,1705,2009,0.0,4341218.0,-0.317894,0.198926,DOM,FIN,8502
2023962,66,74,1705,2009,0.0,3108.0,-1.161786,-1.188669,DZA,FIN,8502
2023963,67,74,1705,2009,0.0,5230414.0,-0.92724,-0.965628,ECU,FIN,8502
2023964,71,74,1705,2009,1308856.0,0.0,0.9021020000000001,2.170578,ESP,FIN,8502
2023965,72,74,1705,2009,1634379.0,379593.0,0.749058,1.269572,EST,FIN,8502
2023966,77,74,1705,2009,635651.0,75255.0,1.540346,0.090377,FRA,FIN,8502
2023967,81,74,1705,2009,3863934.0,51855.0,1.7921779999999998,0.41211499999999995,GBR,FIN,8502
2023968,96,74,1705,2009,0.0,11480064.0,-1.0557809999999999,-1.055825,GUY,FIN,8502
2023969,97,74,1705,2009,3235.0,2029983.0,0.654964,1.98672,HKG,FIN,8502
2023970,99,74,1705,2009,0.0,642280.0,-0.587607,-0.189167,HND,FIN,8502
2023971,100,74,1705,2009,0.0,3368216.0,0.740174,1.005258,HRV,FIN,8502
2023972,102,74,1705,2009,0.0,17937.0,1.397765,0.772375,HUN,FIN,8502
2023973,103,74,1705,2009,0.0,24077738.0,-0.253835,1.260101,IDN,FIN,8502
2023974,104,74,1705,2009,2706.0,20017910.0,0.209867,2.254003,IND,FIN,8502
2023975,106,74,1705,2009,4031.0,0.0,1.627233,0.020024,IRL,FIN,8502
2023976,110,74,1705,2009,312243.0,0.0,1.226438,0.816299,ISR,FIN,8502
2023977,111,74,1705,2009,1945921.0,25209999.0,1.289,0.64549,ITA,FIN,8502
2023978,113,74,1705,2009,2707.0,15525209.0,0.21374899999999997,0.423774,JOR,FIN,8502
2023979,114,74,1705,2009,9275514.0,14401.0,2.306791,-0.251712,JPN,FIN,8502
2023980,116,74,1705,2009,0.0,4772130.0,-0.26477399999999995,0.932587,KEN,FIN,8502
2023981,121,74,1705,2009,8902.0,30606366.0,1.509336,0.784515,KOR,FIN,8502
2023982,124,74,1705,2009,0.0,5175.0,0.48618599999999995,1.4748620000000001,LBN,FIN,8502
2023983,126,74,1705,2009,0.0,2102.0,-1.196032,-1.1829,LBY,FIN,8502
2023984,130,74,1705,2009,51054.0,2005643.0,0.647736,1.150962,LTU,FIN,8502
2023985,132,74,1705,2009,0.0,199288.0,0.675643,0.99977,LVA,FIN,8502
2023986,134,74,1705,2009,0.0,84294.0,-0.48819300000000004,0.173952,MAR,FIN,8502
2023987,138,74,1705,2009,245773.0,4875.0,1.061625,0.719234,MEX,FIN,8502
2023988,153,74,1705,2009,0.0,7622.0,0.8718229999999999,0.607429,MYS,FIN,8502
2023989,159,74,1705,2009,0.0,4323582.0,-1.584051,-1.156247,NGA,FIN,8502
2023990,162,74,1705,2009,511780.0,6707320.0,1.1914850000000001,1.3076780000000001,NLD,FIN,8502
2023991,163,74,1705,2009,100258.0,7539148.0,0.865455,0.082808,NOR,FIN,8502
2023992,166,74,1705,2009,0.0,39774.0,0.38301999999999997,0.720644,NZL,FIN,8502
2023993,168,74,1705,2009,1128.0,96538782.0,-0.514907,0.44733100000000003,PAK,FIN,8502
2023994,173,74,1705,2009,0.0,2387.0,-0.53304,0.221183,PER,FIN,8502
2023995,176,74,1705,2009,0.0,21495738.0,-1.90537,-1.2462030000000002,PNG,FIN,8502
2023996,177,74,1705,2009,73973.0,6060628.0,1.11055,1.069074,POL,FIN,8502
2023997,179,74,1705,2009,0.0,1899945.0,0.559189,2.4359919999999997,PRT,FIN,8502
2023998,183,74,1705,2009,6015.0,0.0,-0.484947,-1.07179,QAT,FIN,8502
2023999,185,74,1705,2009,52277.0,788611.0,0.833802,1.024418,ROU,FIN,8502
2024000,186,74,1705,2009,55541.0,28248638.0,0.392478,-0.20038399999999998,RUS,FIN,8502
2024001,188,74,1705,2009,11876.0,1566671.0,0.300581,-0.813199,SAU,FIN,8502
2024002,192,74,1705,2009,337334.0,149222.0,1.9503540000000001,0.498033,SGP,FIN,8502
2024003,197,74,1705,2009,0.0,7888928.0,-0.19729100000000002,0.23434899999999997,SLV,FIN,8502
2024004,206,74,1705,2009,0.0,3649.0,1.231382,0.820968,SVK,FIN,8502
2024005,208,74,1705,2009,573174.0,10595755.0,1.877821,0.336565,SWE,FIN,8502
2024006,223,74,1705,2009,0.0,1982.0,0.044903,0.9126120000000001,TUN,FIN,8502
2024007,224,74,1705,2009,362767.0,86771802.0,0.384596,2.3797610000000002,TUR,FIN,8502
2024008,226,74,1705,2009,0.0,22008.0,-0.822897,0.644899,TZA,FIN,8502
2024009,227,74,1705,2009,4957.0,0.0,-0.573707,-0.036203,UGA,FIN,8502
2024010,228,74,1705,2009,0.0,414248.0,0.602688,0.830247,UKR,FIN,8502
2024011,230,74,1705,2009,0.0,8713525.0,0.260419,-0.171944,URY,FIN,8502
2024012,231,74,1705,2009,1359442.0,40954941.0,1.657663,-0.41411400000000004,USA,FIN,8502
2024013,239,74,1705,2009,0.0,28440.0,-0.27396,1.131199,VNM,FIN,8502
2024014,243,74,1705,2009,0.0,15103382.0,-0.845426,-1.119091,YEM,FIN,8502
2024015,246,74,1705,2009,0.0,49904.0,0.316452,1.767795,ZAF,FIN,8502
2024016,249,74,1705,2009,3783.0,750883.0,1.5763120000000002,0.9567950000000001,TWN,FIN,8502
2024017,1,77,1705,2009,0.0,523290.0,-0.424354,-0.563383,AFG,FRA,8502
2024018,2,77,1705,2009,0.0,5161510.0,-0.809438,-1.190006,AGO,FRA,8502
2024019,3,77,1705,2009,0.0,11115.0,1.5343360000000001,-0.035211,AIA,FRA,8502
2024020,4,77,1705,2009,0.0,4881.0,-0.41612200000000005,-0.256639,ALB,FRA,8502
2024021,5,77,1705,2009,0.0,116306.0,1.002767,0.6733,AND,FRA,8502
2024022,6,77,1705,2009,0.0,1065613.0,0.351025,-0.699817,ANT,FRA,8502
2024023,7,77,1705,2009,0.0,15209431.0,0.070059,-0.619075,ARE,FRA,8502
2024024,8,77,1705,2009,0.0,3975244.0,0.27637,0.611129,ARG,FRA,8502
2024025,9,77,1705,2009,0.0,61428.0,0.24424899999999997,-0.30152399999999996,ARM,FRA,8502
2024026,14,77,1705,2009,752672.0,4272075.0,-0.109286,0.13586900000000002,AUS,FRA,8502
2024027,15,77,1705,2009,6085957.0,2522160.0,1.651325,-0.020794,AUT,FRA,8502
2024028,16,77,1705,2009,0.0,91334.0,-1.124423,-1.228081,AZE,FRA,8502
2024029,17,77,1705,2009,0.0,85260.0,-0.43971099999999996,-0.575079,BDI,FRA,8502
2024030,18,77,1705,2009,6790351.0,25272020.0,1.272011,1.074548,BEL,FRA,8502
2024031,19,77,1705,2009,0.0,3130644.0,-0.93195,-0.813017,BEN,FRA,8502
2024032,21,77,1705,2009,0.0,4585928.0,-1.283807,-1.061272,BFA,FRA,8502
2024033,22,77,1705,2009,0.0,1283400.0,-1.030722,-0.860137,BGD,FRA,8502
2024034,23,77,1705,2009,0.0,1240610.0,0.373594,1.571413,BGR,FRA,8502
2024035,24,77,1705,2009,447422.0,928269.0,0.250645,-0.767742,BHR,FRA,8502
2024036,25,77,1705,2009,0.0,3969.0,0.5451729999999999,-0.496575,BHS,FRA,8502
2024037,26,77,1705,2009,0.0,94807.0,0.519113,0.762582,BIH,FRA,8502
2024038,28,77,1705,2009,0.0,327384.0,0.977663,0.549549,BLR,FRA,8502
2024039,31,77,1705,2009,0.0,105480.0,-0.909969,-0.8899879999999999,BOL,FRA,8502
2024040,32,77,1705,2009,11723.0,71409.0,0.35447199999999995,0.8522360000000001,BRA,FRA,8502
2024041,33,77,1705,2009,0.0,106158.0,0.8652620000000001,0.796057,BRB,FRA,8502
2024042,34,77,1705,2009,0.0,46471.0,-1.371042,-0.9792120000000001,BRN,FRA,8502
2024043,37,77,1705,2009,0.0,7407.0,-0.008142,-0.599115,BWA,FRA,8502
2024044,38,77,1705,2009,0.0,1080112.0,-0.5777260000000001,-0.839981,CAF,FRA,8502
2024045,39,77,1705,2009,773151.0,2675799.0,0.6778069999999999,1.278402,CAN,FRA,8502
2024046,41,77,1705,2009,8148887.0,2339769.0,2.124438,0.484861,CHE,FRA,8502
2024047,42,77,1705,2009,0.0,5694796.0,-0.219521,-0.34239,CHL,FRA,8502
2024048,43,77,1705,2009,23567304.0,5722924.0,0.898623,2.08703,CHN,FRA,8502
2024049,44,77,1705,2009,2193383.0,10620515.0,-0.924681,-0.801371,CIV,FRA,8502
2024050,45,77,1705,2009,0.0,6243641.0,-1.128734,-1.022546,CMR,FRA,8502
2024051,46,77,1705,2009,0.0,2479946.0,-1.532165,-1.160269,COD,FRA,8502
2024052,47,77,1705,2009,18513.0,17098086.0,-1.466289,-1.201249,COG,FRA,8502
2024053,49,77,1705,2009,0.0,1083526.0,0.263416,0.38947,COL,FRA,8502
2024054,50,77,1705,2009,0.0,188440.0,0.080831,-0.7148760000000001,COM,FRA,8502
2024055,51,77,1705,2009,45.0,7733.0,0.32592600000000005,-0.531697,CPV,FRA,8502
2024056,52,77,1705,2009,0.0,701685.0,-0.142465,-0.669277,CRI,FRA,8502
2024057,58,77,1705,2009,0.0,2392512.0,0.934193,0.657555,CYP,FRA,8502
2024058,59,77,1705,2009,1623866.0,1426667.0,1.6323159999999999,0.47257200000000005,CZE,FRA,8502
2024059,61,77,1705,2009,181198947.0,24973700.0,2.056515,-3.034837,DEU,FRA,8502
2024060,62,77,1705,2009,43141.0,601571.0,0.062037,-0.596527,DJI,FRA,8502
2024061,63,77,1705,2009,0.0,44164.0,0.348966,-0.09711399999999999,DMA,FRA,8502
2024062,64,77,1705,2009,50993170.0,3401013.0,1.242327,1.064709,DNK,FRA,8502
2024063,65,77,1705,2009,0.0,768765.0,-0.317894,0.198926,DOM,FRA,8502
2024064,66,77,1705,2009,127790.0,27418470.0,-1.161786,-1.188669,DZA,FRA,8502
2024065,67,77,1705,2009,0.0,765254.0,-0.92724,-0.965628,ECU,FRA,8502
2024066,68,77,1705,2009,0.0,6403262.0,-0.20940300000000003,1.6466290000000001,EGY,FRA,8502
2024067,69,77,1705,2009,0.0,90306.0,0.081675,-0.37700100000000003,ERI,FRA,8502
2024068,71,77,1705,2009,133054978.0,28051549.0,0.9021020000000001,2.170578,ESP,FRA,8502
2024069,72,77,1705,2009,7243.0,1102774.0,0.749058,1.269572,EST,FRA,8502
2024070,73,77,1705,2009,0.0,2329314.0,-0.967483,-0.8219,ETH,FRA,8502
2024071,74,77,1705,2009,75255.0,635651.0,1.8206849999999999,0.797421,FIN,FRA,8502
2024072,78,77,1705,2009,0.0,1170.0,-0.437934,-0.8733879999999999,FRO,FRA,8502
2024073,80,77,1705,2009,0.0,8207855.0,-1.197711,-1.147469,GAB,FRA,8502
2024074,81,77,1705,2009,41314316.0,59109274.0,1.7921779999999998,0.41211499999999995,GBR,FRA,8502
2024075,82,77,1705,2009,19582.0,790770.0,0.045952,-0.381822,GEO,FRA,8502
2024076,83,77,1705,2009,13593.0,20462350.0,-0.909436,-0.6619470000000001,GHA,FRA,8502
2024077,85,77,1705,2009,55383.0,1832519.0,-1.618121,-1.2200520000000001,GIN,FRA,8502
2024078,87,77,1705,2009,0.0,97332.0,-0.573979,-0.644636,GMB,FRA,8502
2024079,88,77,1705,2009,0.0,25008.0,-0.6868890000000001,-0.9243459999999999,GNB,FRA,8502
2024080,89,77,1705,2009,0.0,12487252.0,-1.426661,-0.9459870000000001,GNQ,FRA,8502
2024081,90,77,1705,2009,2489871.0,3345370.0,0.2196,1.63301,GRC,FRA,8502
2024082,91,77,1705,2009,0.0,86106.0,0.035948,-0.586996,GRD,FRA,8502
2024083,93,77,1705,2009,0.0,258405.0,-0.33276999999999995,0.551257,GTM,FRA,8502
2024084,96,77,1705,2009,0.0,217303.0,-1.0557809999999999,-1.055825,GUY,FRA,8502
2024085,97,77,1705,2009,48578.0,110729.0,0.654964,1.98672,HKG,FRA,8502
2024086,99,77,1705,2009,0.0,332117.0,-0.587607,-0.189167,HND,FRA,8502
2024087,100,77,1705,2009,0.0,217551.0,0.740174,1.005258,HRV,FRA,8502
2024088,101,77,1705,2009,0.0,4708423.0,-1.406148,-1.108465,HTI,FRA,8502
2024089,102,77,1705,2009,0.0,1053421.0,1.397765,0.772375,HUN,FRA,8502
2024090,103,77,1705,2009,0.0,220361.0,-0.253835,1.260101,IDN,FRA,8502
2024091,104,77,1705,2009,472659.0,1419752.0,0.209867,2.254003,IND,FRA,8502
2024092,106,77,1705,2009,22348414.0,50827.0,1.627233,0.020024,IRL,FRA,8502
2024093,107,77,1705,2009,0.0,22229.0,-1.185702,-1.1049360000000001,IRN,FRA,8502
2024094,108,77,1705,2009,0.0,6381169.0,-1.1683270000000001,-0.9517459999999999,IRQ,FRA,8502
2024095,110,77,1705,2009,99458.0,2467265.0,1.226438,0.816299,ISR,FRA,8502
2024096,111,77,1705,2009,14554433.0,9160699.0,1.289,0.64549,ITA,FRA,8502
2024097,112,77,1705,2009,0.0,710131.0,-0.083743,-0.6222479999999999,JAM,FRA,8502
2024098,113,77,1705,2009,0.0,1619674.0,0.21374899999999997,0.423774,JOR,FRA,8502
2024099,114,77,1705,2009,3801545.0,589704.0,2.306791,-0.251712,JPN,FRA,8502
2024100,115,77,1705,2009,0.0,401143.0,-0.6547970000000001,-0.772256,KAZ,FRA,8502
2024101,116,77,1705,2009,0.0,2321400.0,-0.26477399999999995,0.932587,KEN,FRA,8502
2024102,117,77,1705,2009,0.0,239601.0,-0.251815,0.144822,KGZ,FRA,8502
2024103,118,77,1705,2009,0.0,69692.0,-1.194288,-1.09924,KHM,FRA,8502
2024104,120,77,1705,2009,0.0,918970.0,0.9218370000000001,-0.303977,KNA,FRA,8502
2024105,121,77,1705,2009,246282.0,11703520.0,1.509336,0.784515,KOR,FRA,8502
2024106,122,77,1705,2009,0.0,1210102.0,-1.386993,-1.203527,KWT,FRA,8502
2024107,123,77,1705,2009,0.0,9725.0,-1.235693,-1.0440040000000002,LAO,FRA,8502
2024108,124,77,1705,2009,33721.0,748133.0,0.48618599999999995,1.4748620000000001,LBN,FRA,8502
2024109,125,77,1705,2009,0.0,1219828.0,-0.07508,-0.994632,LBR,FRA,8502
2024110,126,77,1705,2009,0.0,3804966.0,-1.196032,-1.1829,LBY,FRA,8502
2024111,127,77,1705,2009,0.0,184316.0,0.34839699999999996,-0.531658,LCA,FRA,8502
2024112,128,77,1705,2009,0.0,8417.0,-0.653836,0.174403,LKA,FRA,8502
2024113,130,77,1705,2009,886440.0,406878.0,0.647736,1.150962,LTU,FRA,8502
2024114,131,77,1705,2009,8574191.0,1597373.0,1.323336,1.026341,LUX,FRA,8502
2024115,132,77,1705,2009,0.0,1443554.0,0.675643,0.99977,LVA,FRA,8502
2024116,134,77,1705,2009,199566.0,8022102.0,-0.48819300000000004,0.173952,MAR,FRA,8502
2024117,135,77,1705,2009,0.0,122160.0,0.009281999999999999,-0.039299,MDA,FRA,8502
2024118,136,77,1705,2009,55349.0,640313.0,-1.0356610000000002,-0.198062,MDG,FRA,8502
2024119,137,77,1705,2009,0.0,13028.0,-0.415182,-0.9298379999999999,MDV,FRA,8502
2024120,138,77,1705,2009,2026.0,1548547.0,1.061625,0.719234,MEX,FRA,8502
2024121,140,77,1705,2009,0.0,78683.0,-0.14890499999999998,0.405505,MKD,FRA,8502
2024122,141,77,1705,2009,0.0,3345496.0,-0.84835,-0.780324,MLI,FRA,8502
2024123,142,77,1705,2009,35003.0,157279.0,1.233965,-0.016763,MLT,FRA,8502
2024124,143,77,1705,2009,0.0,215346.0,-1.6459529999999998,-1.186635,MMR,FRA,8502
2024125,144,77,1705,2009,0.0,17940.0,0.19963499999999998,-0.073107,MNE,FRA,8502
2024126,147,77,1705,2009,0.0,400828.0,-1.0023090000000001,-0.844765,MOZ,FRA,8502
2024127,148,77,1705,2009,0.0,2057159.0,-1.761436,-1.2898479999999999,MRT,FRA,8502
2024128,151,77,1705,2009,3106.0,273322.0,-0.198194,0.067014,MUS,FRA,8502
2024129,152,77,1705,2009,0.0,19340.0,-1.571672,-1.244864,MWI,FRA,8502
2024130,153,77,1705,2009,2156.0,576573.0,0.8718229999999999,0.607429,MYS,FRA,8502
2024131,154,77,1705,2009,0.0,571246.0,1.173729,-0.08655800000000001,MYT,FRA,8502
2024132,156,77,1705,2009,912765.0,5843426.0,1.323528,0.523435,NCL,FRA,8502
2024133,157,77,1705,2009,0.0,2264356.0,-1.306036,-0.956361,NER,FRA,8502
2024134,158,77,1705,2009,1110.0,0.0,1.412664,-0.299607,NFK,FRA,8502
2024135,159,77,1705,2009,0.0,20557954.0,-1.584051,-1.156247,NGA,FRA,8502
2024136,160,77,1705,2009,0.0,82659.0,-0.924057,-0.809557,NIC,FRA,8502
2024137,162,77,1705,2009,2018385.0,5563810.0,1.1914850000000001,1.3076780000000001,NLD,FRA,8502
2024138,163,77,1705,2009,228144.0,2269210.0,0.865455,0.082808,NOR,FRA,8502
2024139,166,77,1705,2009,0.0,190430.0,0.38301999999999997,0.720644,NZL,FRA,8502
2024140,167,77,1705,2009,0.0,126726.0,-0.691918,-1.015434,OMN,FRA,8502
2024141,168,77,1705,2009,0.0,4680992.0,-0.514907,0.44733100000000003,PAK,FRA,8502
2024142,169,77,1705,2009,0.0,1030545.0,0.629137,0.5894010000000001,PAN,FRA,8502
2024143,173,77,1705,2009,0.0,460543.0,-0.53304,0.221183,PER,FRA,8502
2024144,174,77,1705,2009,0.0,29983.0,0.34318000000000004,0.095375,PHL,FRA,8502
2024145,177,77,1705,2009,13480.0,7849487.0,1.11055,1.069074,POL,FRA,8502
2024146,179,77,1705,2009,324627.0,8909791.0,0.559189,2.4359919999999997,PRT,FRA,8502
2024147,180,77,1705,2009,0.0,56324.0,-0.564858,-0.941735,PRY,FRA,8502
2024148,182,77,1705,2009,0.0,1745097.0,-0.440014,-0.835513,PYF,FRA,8502
2024149,183,77,1705,2009,0.0,3280197.0,-0.484947,-1.07179,QAT,FRA,8502
2024150,185,77,1705,2009,14725.0,4463212.0,0.833802,1.024418,ROU,FRA,8502
2024151,186,77,1705,2009,19298.0,3374066.0,0.392478,-0.20038399999999998,RUS,FRA,8502
2024152,187,77,1705,2009,0.0,329749.0,-0.31001599999999996,-0.5382170000000001,RWA,FRA,8502
2024153,188,77,1705,2009,729070.0,27894247.0,0.300581,-0.813199,SAU,FRA,8502
2024154,190,77,1705,2009,0.0,670253.0,-2.2948020000000002,-1.3182040000000002,SDN,FRA,8502
2024155,191,77,1705,2009,83809.0,6021778.0,-0.53392,-0.415513,SEN,FRA,8502
2024156,192,77,1705,2009,85239.0,2758636.0,1.9503540000000001,0.498033,SGP,FRA,8502
2024157,196,77,1705,2009,0.0,106977.0,0.06259400000000001,-0.273258,SLE,FRA,8502
2024158,197,77,1705,2009,0.0,33149.0,-0.19729100000000002,0.23434899999999997,SLV,FRA,8502
2024159,198,77,1705,2009,54130.0,5557.0,1.221869,0.351498,SMR,FRA,8502
2024160,200,77,1705,2009,0.0,22230.0,-0.476847,-0.902595,SPM,FRA,8502
2024161,201,77,1705,2009,0.0,538741.0,0.531766,1.477837,SRB,FRA,8502
2024162,203,77,1705,2009,0.0,7296.0,0.370989,-0.518133,STP,FRA,8502
2024163,205,77,1705,2009,0.0,80808.0,-0.580507,-1.072833,SUR,FRA,8502
2024164,206,77,1705,2009,0.0,519732.0,1.231382,0.820968,SVK,FRA,8502
2024165,207,77,1705,2009,24525.0,127667.0,1.548036,0.730396,SVN,FRA,8502
2024166,208,77,1705,2009,53845806.0,1964223.0,1.877821,0.336565,SWE,FRA,8502
2024167,212,77,1705,2009,0.0,3259749.0,-0.48481199999999997,1.464509,SYR,FRA,8502
2024168,214,77,1705,2009,0.0,3296869.0,-1.294648,-0.9645020000000001,TCD,FRA,8502
2024169,215,77,1705,2009,0.0,2364340.0,-0.561619,-0.759929,TGO,FRA,8502
2024170,216,77,1705,2009,37463.0,2250946.0,0.79692,1.315501,THA,FRA,8502
2024171,219,77,1705,2009,0.0,1085063.0,-1.060378,-1.17279,TKM,FRA,8502
2024172,222,77,1705,2009,0.0,1962067.0,-0.508195,-1.097365,TTO,FRA,8502
2024173,223,77,1705,2009,0.0,2053203.0,0.044903,0.9126120000000001,TUN,FRA,8502
2024174,224,77,1705,2009,918491.0,9067784.0,0.384596,2.3797610000000002,TUR,FRA,8502
2024175,226,77,1705,2009,0.0,206066.0,-0.822897,0.644899,TZA,FRA,8502
2024176,227,77,1705,2009,0.0,1974720.0,-0.573707,-0.036203,UGA,FRA,8502
2024177,228,77,1705,2009,11395.0,1744884.0,0.602688,0.830247,UKR,FRA,8502
2024178,230,77,1705,2009,0.0,86855.0,0.260419,-0.171944,URY,FRA,8502
2024179,231,77,1705,2009,16302909.0,12382865.0,1.657663,-0.41411400000000004,USA,FRA,8502
2024180,234,77,1705,2009,0.0,246039.0,-0.068356,-0.6011350000000001,VCT,FRA,8502
2024181,236,77,1705,2009,3852.0,3904637.0,-0.5847600000000001,-1.150334,VEN,FRA,8502
2024182,239,77,1705,2009,0.0,2394016.0,-0.27396,1.131199,VNM,FRA,8502
2024183,240,77,1705,2009,0.0,29764.0,-0.9398479999999999,-0.9635799999999999,VUT,FRA,8502
2024184,241,77,1705,2009,0.0,230628.0,1.551821,-0.5478390000000001,WLF,FRA,8502
2024185,243,77,1705,2009,129996.0,1906580.0,-0.845426,-1.119091,YEM,FRA,8502
2024186,246,77,1705,2009,165505.0,6626123.0,0.316452,1.767795,ZAF,FRA,8502
2024187,247,77,1705,2009,0.0,105274.0,-0.6423909999999999,-0.815315,ZMB,FRA,8502
2024188,249,77,1705,2009,13959.0,1148577.0,1.5763120000000002,0.9567950000000001,TWN,FRA,8502
2024189,250,77,1705,2009,84856.0,20840.0,0.582246,-0.10603,ANS,FRA,8502
2024190,1,81,1705,2009,0.0,21202677.0,-0.424354,-0.563383,AFG,GBR,8502
2024191,2,81,1705,2009,0.0,19749077.0,-0.809438,-1.190006,AGO,GBR,8502
2024192,4,81,1705,2009,0.0,112245.0,-0.41612200000000005,-0.256639,ALB,GBR,8502
2024193,6,81,1705,2009,0.0,222228.0,0.351025,-0.699817,ANT,GBR,8502
2024194,7,81,1705,2009,38877.0,200703396.0,0.070059,-0.619075,ARE,GBR,8502
2024195,8,81,1705,2009,0.0,4931295.0,0.27637,0.611129,ARG,GBR,8502
2024196,9,81,1705,2009,0.0,195691.0,0.24424899999999997,-0.30152399999999996,ARM,GBR,8502
2024197,13,81,1705,2009,207.0,1781687.0,0.930903,0.279441,ATG,GBR,8502
2024198,14,81,1705,2009,454252.0,30204891.0,-0.109286,0.13586900000000002,AUS,GBR,8502
2024199,15,81,1705,2009,16173137.0,1395713.0,1.651325,-0.020794,AUT,GBR,8502
2024200,16,81,1705,2009,0.0,431080.0,-1.124423,-1.228081,AZE,GBR,8502
2024201,17,81,1705,2009,0.0,23150.0,-0.43971099999999996,-0.575079,BDI,GBR,8502
2024202,18,81,1705,2009,10114287.0,24548744.0,1.272011,1.074548,BEL,GBR,8502
2024203,19,81,1705,2009,0.0,374216.0,-0.93195,-0.813017,BEN,GBR,8502
2024204,21,81,1705,2009,0.0,143212.0,-1.283807,-1.061272,BFA,GBR,8502
2024205,22,81,1705,2009,0.0,6231349.0,-1.030722,-0.860137,BGD,GBR,8502
2024206,23,81,1705,2009,0.0,1253800.0,0.373594,1.571413,BGR,GBR,8502
2024207,24,81,1705,2009,3694.0,638363.0,0.250645,-0.767742,BHR,GBR,8502
2024208,25,81,1705,2009,1353.0,73916.0,0.5451729999999999,-0.496575,BHS,GBR,8502
2024209,26,81,1705,2009,0.0,593523.0,0.519113,0.762582,BIH,GBR,8502
2024210,28,81,1705,2009,0.0,393585.0,0.977663,0.549549,BLR,GBR,8502
2024211,29,81,1705,2009,0.0,189258.0,-1.0464040000000001,-0.949774,BLZ,GBR,8502
2024212,30,81,1705,2009,0.0,1111.0,0.917207,-0.654219,BMU,GBR,8502
2024213,31,81,1705,2009,0.0,568861.0,-0.909969,-0.8899879999999999,BOL,GBR,8502
2024214,32,81,1705,2009,46549.0,698882.0,0.35447199999999995,0.8522360000000001,BRA,GBR,8502
2024215,33,81,1705,2009,0.0,95649.0,0.8652620000000001,0.796057,BRB,GBR,8502
2024216,34,81,1705,2009,52997.0,404739.0,-1.371042,-0.9792120000000001,BRN,GBR,8502
2024217,37,81,1705,2009,0.0,1305.0,-0.008142,-0.599115,BWA,GBR,8502
2024218,38,81,1705,2009,0.0,87712.0,-0.5777260000000001,-0.839981,CAF,GBR,8502
2024219,39,81,1705,2009,207142.0,2721557.0,0.6778069999999999,1.278402,CAN,GBR,8502
2024220,41,81,1705,2009,9493789.0,4118290.0,2.124438,0.484861,CHE,GBR,8502
2024221,42,81,1705,2009,0.0,9615346.0,-0.219521,-0.34239,CHL,GBR,8502
2024222,43,81,1705,2009,12022925.0,19923075.0,0.898623,2.08703,CHN,GBR,8502
2024223,44,81,1705,2009,468483.0,708049.0,-0.924681,-0.801371,CIV,GBR,8502
2024224,45,81,1705,2009,0.0,2838021.0,-1.128734,-1.022546,CMR,GBR,8502
2024225,46,81,1705,2009,0.0,578926.0,-1.532165,-1.160269,COD,GBR,8502
2024226,47,81,1705,2009,394617.0,300197.0,-1.466289,-1.201249,COG,GBR,8502
2024227,49,81,1705,2009,0.0,3312595.0,0.263416,0.38947,COL,GBR,8502
2024228,51,81,1705,2009,0.0,79211.0,0.32592600000000005,-0.531697,CPV,GBR,8502
2024229,52,81,1705,2009,0.0,481450.0,-0.142465,-0.669277,CRI,GBR,8502
2024230,57,81,1705,2009,0.0,35979.0,0.805117,-0.684305,CYM,GBR,8502
2024231,58,81,1705,2009,5695.0,1944725.0,0.934193,0.657555,CYP,GBR,8502
2024232,59,81,1705,2009,6328880.0,3055565.0,1.6323159999999999,0.47257200000000005,CZE,GBR,8502
2024233,61,81,1705,2009,146938639.0,10223979.0,2.056515,-3.034837,DEU,GBR,8502
2024234,62,81,1705,2009,0.0,884808.0,0.062037,-0.596527,DJI,GBR,8502
2024235,63,81,1705,2009,0.0,57062.0,0.348966,-0.09711399999999999,DMA,GBR,8502
2024236,64,81,1705,2009,182119005.0,10892269.0,1.242327,1.064709,DNK,GBR,8502
2024237,65,81,1705,2009,1324748.0,515511.0,-0.317894,0.198926,DOM,GBR,8502
2024238,66,81,1705,2009,0.0,6325990.0,-1.161786,-1.188669,DZA,GBR,8502
2024239,67,81,1705,2009,0.0,52440.0,-0.92724,-0.965628,ECU,GBR,8502
2024240,68,81,1705,2009,386714.0,32290912.0,-0.20940300000000003,1.6466290000000001,EGY,GBR,8502
2024241,69,81,1705,2009,0.0,172494.0,0.081675,-0.37700100000000003,ERI,GBR,8502
2024242,71,81,1705,2009,5804263.0,17632771.0,0.9021020000000001,2.170578,ESP,GBR,8502
2024243,72,81,1705,2009,0.0,636200.0,0.749058,1.269572,EST,GBR,8502
2024244,73,81,1705,2009,177226.0,6587703.0,-0.967483,-0.8219,ETH,GBR,8502
2024245,74,81,1705,2009,51855.0,3863934.0,1.8206849999999999,0.797421,FIN,GBR,8502
2024246,75,81,1705,2009,0.0,26456.0,-0.785772,-0.305228,FJI,GBR,8502
2024247,76,81,1705,2009,0.0,88888.0,-0.891749,-0.97485,FLK,GBR,8502
2024248,77,81,1705,2009,59109274.0,41314316.0,1.540346,0.090377,FRA,GBR,8502
2024249,78,81,1705,2009,0.0,3592.0,-0.437934,-0.8733879999999999,FRO,GBR,8502
2024250,80,81,1705,2009,0.0,83543.0,-1.197711,-1.147469,GAB,GBR,8502
2024251,82,81,1705,2009,118685.0,182695.0,0.045952,-0.381822,GEO,GBR,8502
2024252,83,81,1705,2009,0.0,13669771.0,-0.909436,-0.6619470000000001,GHA,GBR,8502
2024253,84,81,1705,2009,0.0,67268.0,0.9646979999999999,-0.461183,GIB,GBR,8502
2024254,85,81,1705,2009,0.0,128202.0,-1.618121,-1.2200520000000001,GIN,GBR,8502
2024255,87,81,1705,2009,0.0,202153.0,-0.573979,-0.644636,GMB,GBR,8502
2024256,89,81,1705,2009,0.0,602880.0,-1.426661,-0.9459870000000001,GNQ,GBR,8502
2024257,90,81,1705,2009,6432.0,11233020.0,0.2196,1.63301,GRC,GBR,8502
2024258,91,81,1705,2009,0.0,92769.0,0.035948,-0.586996,GRD,GBR,8502
2024259,92,81,1705,2009,0.0,606.0,-1.29302,-1.024092,GRL,GBR,8502
2024260,93,81,1705,2009,0.0,332553.0,-0.33276999999999995,0.551257,GTM,GBR,8502
2024261,96,81,1705,2009,1429.0,171310.0,-1.0557809999999999,-1.055825,GUY,GBR,8502
2024262,97,81,1705,2009,644805.0,51413082.0,0.654964,1.98672,HKG,GBR,8502
2024263,99,81,1705,2009,0.0,814444.0,-0.587607,-0.189167,HND,GBR,8502
2024264,100,81,1705,2009,63024.0,2893792.0,0.740174,1.005258,HRV,GBR,8502
2024265,101,81,1705,2009,0.0,2039872.0,-1.406148,-1.108465,HTI,GBR,8502
2024266,102,81,1705,2009,2261.0,3813307.0,1.397765,0.772375,HUN,GBR,8502
2024267,103,81,1705,2009,126256.0,2267209.0,-0.253835,1.260101,IDN,GBR,8502
2024268,104,81,1705,2009,764898.0,14481876.0,0.209867,2.254003,IND,GBR,8502
2024269,106,81,1705,2009,2529441.0,18640577.0,1.627233,0.020024,IRL,GBR,8502
2024270,107,81,1705,2009,0.0,13017700.0,-1.185702,-1.1049360000000001,IRN,GBR,8502
2024271,108,81,1705,2009,0.0,10724719.0,-1.1683270000000001,-0.9517459999999999,IRQ,GBR,8502
2024272,109,81,1705,2009,0.0,143825.0,0.21713200000000002,-0.371812,ISL,GBR,8502
2024273,110,81,1705,2009,970841.0,9401613.0,1.226438,0.816299,ISR,GBR,8502
2024274,111,81,1705,2009,27186669.0,18062955.0,1.289,0.64549,ITA,GBR,8502
2024275,112,81,1705,2009,2403.0,1485153.0,-0.083743,-0.6222479999999999,JAM,GBR,8502
2024276,113,81,1705,2009,13119.0,25948517.0,0.21374899999999997,0.423774,JOR,GBR,8502
2024277,114,81,1705,2009,4904667.0,1208692.0,2.306791,-0.251712,JPN,GBR,8502
2024278,115,81,1705,2009,1207.0,1161616.0,-0.6547970000000001,-0.772256,KAZ,GBR,8502
2024279,116,81,1705,2009,27095.0,9381177.0,-0.26477399999999995,0.932587,KEN,GBR,8502
2024280,117,81,1705,2009,0.0,62842.0,-0.251815,0.144822,KGZ,GBR,8502
2024281,120,81,1705,2009,0.0,60612.0,0.9218370000000001,-0.303977,KNA,GBR,8502
2024282,121,81,1705,2009,66224.0,12402636.0,1.509336,0.784515,KOR,GBR,8502
2024283,122,81,1705,2009,26813.0,26737878.0,-1.386993,-1.203527,KWT,GBR,8502
2024284,124,81,1705,2009,0.0,42476733.0,0.48618599999999995,1.4748620000000001,LBN,GBR,8502
2024285,125,81,1705,2009,0.0,2040684.0,-0.07508,-0.994632,LBR,GBR,8502
2024286,126,81,1705,2009,0.0,13027936.0,-1.196032,-1.1829,LBY,GBR,8502
2024287,127,81,1705,2009,1234.0,120891.0,0.34839699999999996,-0.531658,LCA,GBR,8502
2024288,128,81,1705,2009,1269.0,3375243.0,-0.653836,0.174403,LKA,GBR,8502
2024289,130,81,1705,2009,17730.0,216389.0,0.647736,1.150962,LTU,GBR,8502
2024290,131,81,1705,2009,2619.0,147409.0,1.323336,1.026341,LUX,GBR,8502
2024291,132,81,1705,2009,3533.0,471680.0,0.675643,0.99977,LVA,GBR,8502
2024292,133,81,1705,2009,0.0,105627.0,0.450395,0.6237739999999999,MAC,GBR,8502
2024293,134,81,1705,2009,0.0,3392857.0,-0.48819300000000004,0.173952,MAR,GBR,8502
2024294,136,81,1705,2009,0.0,857058.0,-1.0356610000000002,-0.198062,MDG,GBR,8502
2024295,137,81,1705,2009,0.0,166385.0,-0.415182,-0.9298379999999999,MDV,GBR,8502
2024296,138,81,1705,2009,247361.0,4957688.0,1.061625,0.719234,MEX,GBR,8502
2024297,140,81,1705,2009,4431.0,789426.0,-0.14890499999999998,0.405505,MKD,GBR,8502
2024298,141,81,1705,2009,0.0,403250.0,-0.84835,-0.780324,MLI,GBR,8502
2024299,142,81,1705,2009,0.0,740079.0,1.233965,-0.016763,MLT,GBR,8502
2024300,143,81,1705,2009,0.0,66199.0,-1.6459529999999998,-1.186635,MMR,GBR,8502
2024301,144,81,1705,2009,6306.0,190198.0,0.19963499999999998,-0.073107,MNE,GBR,8502
2024302,147,81,1705,2009,0.0,478377.0,-1.0023090000000001,-0.844765,MOZ,GBR,8502
2024303,148,81,1705,2009,0.0,17201.0,-1.761436,-1.2898479999999999,MRT,GBR,8502
2024304,151,81,1705,2009,0.0,1817167.0,-0.198194,0.067014,MUS,GBR,8502
2024305,152,81,1705,2009,0.0,737103.0,-1.571672,-1.244864,MWI,GBR,8502
2024306,153,81,1705,2009,42349.0,1231042.0,0.8718229999999999,0.607429,MYS,GBR,8502
2024307,155,81,1705,2009,0.0,80299.0,-0.081207,-0.075292,NAM,GBR,8502
2024308,156,81,1705,2009,5231.0,314890.0,1.323528,0.523435,NCL,GBR,8502
2024309,157,81,1705,2009,0.0,26868.0,-1.306036,-0.956361,NER,GBR,8502
2024310,159,81,1705,2009,0.0,153420378.0,-1.584051,-1.156247,NGA,GBR,8502
2024311,160,81,1705,2009,0.0,14399.0,-0.924057,-0.809557,NIC,GBR,8502
2024312,162,81,1705,2009,57003408.0,22661132.0,1.1914850000000001,1.3076780000000001,NLD,GBR,8502
2024313,163,81,1705,2009,526528.0,7335328.0,0.865455,0.082808,NOR,GBR,8502
2024314,164,81,1705,2009,0.0,86224.0,-0.324434,1.076908,NPL,GBR,8502
2024315,166,81,1705,2009,311450.0,619169.0,0.38301999999999997,0.720644,NZL,GBR,8502
2024316,167,81,1705,2009,8688.0,2566409.0,-0.691918,-1.015434,OMN,GBR,8502
2024317,168,81,1705,2009,129517.0,44987837.0,-0.514907,0.44733100000000003,PAK,GBR,8502
2024318,169,81,1705,2009,0.0,2298567.0,0.629137,0.5894010000000001,PAN,GBR,8502
2024319,173,81,1705,2009,0.0,1154787.0,-0.53304,0.221183,PER,GBR,8502
2024320,174,81,1705,2009,243064.0,3763081.0,0.34318000000000004,0.095375,PHL,GBR,8502
2024321,176,81,1705,2009,0.0,780832.0,-1.90537,-1.2462030000000002,PNG,GBR,8502
2024322,177,81,1705,2009,1904418.0,5005064.0,1.11055,1.069074,POL,GBR,8502
2024323,179,81,1705,2009,407861.0,11075720.0,0.559189,2.4359919999999997,PRT,GBR,8502
2024324,180,81,1705,2009,0.0,655679.0,-0.564858,-0.941735,PRY,GBR,8502
2024325,181,81,1705,2009,0.0,234547.0,0.119192,0.6390680000000001,PSE,GBR,8502
2024326,182,81,1705,2009,0.0,149404.0,-0.440014,-0.835513,PYF,GBR,8502
2024327,183,81,1705,2009,3081.0,3937944.0,-0.484947,-1.07179,QAT,GBR,8502
2024328,185,81,1705,2009,21042.0,2405785.0,0.833802,1.024418,ROU,GBR,8502
2024329,186,81,1705,2009,655107.0,56952738.0,0.392478,-0.20038399999999998,RUS,GBR,8502
2024330,187,81,1705,2009,0.0,1178601.0,-0.31001599999999996,-0.5382170000000001,RWA,GBR,8502
2024331,188,81,1705,2009,188746.0,62095952.0,0.300581,-0.813199,SAU,GBR,8502
2024332,190,81,1705,2009,0.0,16086555.0,-2.2948020000000002,-1.3182040000000002,SDN,GBR,8502
2024333,191,81,1705,2009,0.0,2001726.0,-0.53392,-0.415513,SEN,GBR,8502
2024334,192,81,1705,2009,1547531.0,22802292.0,1.9503540000000001,0.498033,SGP,GBR,8502
2024335,194,81,1705,2009,0.0,89495.0,0.99651,-0.284003,SHN,GBR,8502
2024336,195,81,1705,2009,0.0,680306.0,-1.9380110000000002,-1.06035,SLB,GBR,8502
2024337,196,81,1705,2009,0.0,1299066.0,0.06259400000000001,-0.273258,SLE,GBR,8502
2024338,197,81,1705,2009,0.0,117400.0,-0.19729100000000002,0.23434899999999997,SLV,GBR,8502
2024339,199,81,1705,2009,0.0,56080.0,-0.9824440000000001,-0.99467,SOM,GBR,8502
2024340,201,81,1705,2009,0.0,1468480.0,0.531766,1.477837,SRB,GBR,8502
2024341,205,81,1705,2009,0.0,93877.0,-0.580507,-1.072833,SUR,GBR,8502
2024342,206,81,1705,2009,0.0,5051926.0,1.231382,0.820968,SVK,GBR,8502
2024343,207,81,1705,2009,5382.0,2689660.0,1.548036,0.730396,SVN,GBR,8502
2024344,208,81,1705,2009,12780990.0,5127721.0,1.877821,0.336565,SWE,GBR,8502
2024345,211,81,1705,2009,0.0,467439.0,-0.16046400000000002,-0.81512,SYC,GBR,8502
2024346,212,81,1705,2009,0.0,6117536.0,-0.48481199999999997,1.464509,SYR,GBR,8502
2024347,214,81,1705,2009,0.0,433546.0,-1.294648,-0.9645020000000001,TCD,GBR,8502
2024348,215,81,1705,2009,0.0,193301.0,-0.561619,-0.759929,TGO,GBR,8502
2024349,216,81,1705,2009,9010.0,1110625.0,0.79692,1.315501,THA,GBR,8502
2024350,219,81,1705,2009,0.0,265688.0,-1.060378,-1.17279,TKM,GBR,8502
2024351,220,81,1705,2009,0.0,55929.0,0.317308,-0.8093199999999999,TLS,GBR,8502
2024352,222,81,1705,2009,1380.0,1730284.0,-0.508195,-1.097365,TTO,GBR,8502
2024353,223,81,1705,2009,0.0,3026346.0,0.044903,0.9126120000000001,TUN,GBR,8502
2024354,224,81,1705,2009,2312980.0,34649911.0,0.384596,2.3797610000000002,TUR,GBR,8502
2024355,226,81,1705,2009,0.0,4155495.0,-0.822897,0.644899,TZA,GBR,8502
2024356,227,81,1705,2009,26934.0,4214864.0,-0.573707,-0.036203,UGA,GBR,8502
2024357,228,81,1705,2009,0.0,2381581.0,0.602688,0.830247,UKR,GBR,8502
2024358,230,81,1705,2009,0.0,237193.0,0.260419,-0.171944,URY,GBR,8502
2024359,231,81,1705,2009,32294041.0,93597264.0,1.657663,-0.41411400000000004,USA,GBR,8502
2024360,232,81,1705,2009,0.0,182796.0,-0.6115470000000001,-0.710622,UZB,GBR,8502
2024361,234,81,1705,2009,0.0,5668.0,-0.068356,-0.6011350000000001,VCT,GBR,8502
2024362,236,81,1705,2009,0.0,1006394.0,-0.5847600000000001,-1.150334,VEN,GBR,8502
2024363,237,81,1705,2009,0.0,159272.0,0.903839,0.093044,VGB,GBR,8502
2024364,239,81,1705,2009,0.0,6394773.0,-0.27396,1.131199,VNM,GBR,8502
2024365,243,81,1705,2009,6287.0,4418985.0,-0.845426,-1.119091,YEM,GBR,8502
2024366,246,81,1705,2009,209799.0,21998903.0,0.316452,1.767795,ZAF,GBR,8502
2024367,247,81,1705,2009,0.0,142008.0,-0.6423909999999999,-0.815315,ZMB,GBR,8502
2024368,248,81,1705,2009,0.0,864314.0,-0.686822,-0.683511,ZWE,GBR,8502
2024369,249,81,1705,2009,92022.0,2337113.0,1.5763120000000002,0.9567950000000001,TWN,GBR,8502
2024370,4,90,1705,2009,1019.0,1210077.0,-0.41612200000000005,-0.256639,ALB,GRC,8502
2024371,7,90,1705,2009,0.0,20860.0,0.070059,-0.619075,ARE,GRC,8502
2024372,9,90,1705,2009,0.0,3870.0,0.24424899999999997,-0.30152399999999996,ARM,GRC,8502
2024373,15,90,1705,2009,1404978.0,8431.0,1.651325,-0.020794,AUT,GRC,8502
2024374,18,90,1705,2009,129556.0,0.0,1.272011,1.074548,BEL,GRC,8502
2024375,22,90,1705,2009,0.0,3693.0,-1.030722,-0.860137,BGD,GRC,8502
2024376,23,90,1705,2009,114251.0,407607.0,0.373594,1.571413,BGR,GRC,8502
2024377,42,90,1705,2009,0.0,45235.0,-0.219521,-0.34239,CHL,GRC,8502
2024378,43,90,1705,2009,4857298.0,0.0,0.898623,2.08703,CHN,GRC,8502
2024379,44,90,1705,2009,0.0,1687.0,-0.924681,-0.801371,CIV,GRC,8502
2024380,45,90,1705,2009,1061.0,1783284.0,-1.128734,-1.022546,CMR,GRC,8502
2024381,58,90,1705,2009,11269167.0,207041.0,0.934193,0.657555,CYP,GRC,8502
2024382,59,90,1705,2009,13401.0,66089.0,1.6323159999999999,0.47257200000000005,CZE,GRC,8502
2024383,61,90,1705,2009,9796776.0,127032.0,2.056515,-3.034837,DEU,GRC,8502
2024384,64,90,1705,2009,41247644.0,432652.0,1.242327,1.064709,DNK,GRC,8502
2024385,68,90,1705,2009,0.0,16881.0,-0.20940300000000003,1.6466290000000001,EGY,GRC,8502
2024386,71,90,1705,2009,3459978.0,513602.0,0.9021020000000001,2.170578,ESP,GRC,8502
2024387,77,90,1705,2009,3345370.0,2489871.0,1.540346,0.090377,FRA,GRC,8502
2024388,81,90,1705,2009,11233020.0,6432.0,1.7921779999999998,0.41211499999999995,GBR,GRC,8502
2024389,83,90,1705,2009,9655.0,12119.0,-0.909436,-0.6619470000000001,GHA,GRC,8502
2024390,97,90,1705,2009,64137.0,0.0,0.654964,1.98672,HKG,GRC,8502
2024391,102,90,1705,2009,0.0,30605.0,1.397765,0.772375,HUN,GRC,8502
2024392,103,90,1705,2009,5597.0,0.0,-0.253835,1.260101,IDN,GRC,8502
2024393,104,90,1705,2009,458874.0,0.0,0.209867,2.254003,IND,GRC,8502
2024394,110,90,1705,2009,0.0,4576.0,1.226438,0.816299,ISR,GRC,8502
2024395,111,90,1705,2009,4420408.0,34084.0,1.289,0.64549,ITA,GRC,8502
2024396,114,90,1705,2009,2764651.0,0.0,2.306791,-0.251712,JPN,GRC,8502
2024397,121,90,1705,2009,101656.0,0.0,1.509336,0.784515,KOR,GRC,8502
2024398,125,90,1705,2009,5954.0,0.0,-0.07508,-0.994632,LBR,GRC,8502
2024399,131,90,1705,2009,22957.0,0.0,1.323336,1.026341,LUX,GRC,8502
2024400,140,90,1705,2009,29726.0,153417.0,-0.14890499999999998,0.405505,MKD,GRC,8502
2024401,144,90,1705,2009,0.0,4798.0,0.19963499999999998,-0.073107,MNE,GRC,8502
2024402,159,90,1705,2009,0.0,1167.0,-1.584051,-1.156247,NGA,GRC,8502
2024403,162,90,1705,2009,401665.0,0.0,1.1914850000000001,1.3076780000000001,NLD,GRC,8502
2024404,163,90,1705,2009,65321.0,0.0,0.865455,0.082808,NOR,GRC,8502
2024405,167,90,1705,2009,0.0,8498.0,-0.691918,-1.015434,OMN,GRC,8502
2024406,168,90,1705,2009,8978.0,0.0,-0.514907,0.44733100000000003,PAK,GRC,8502
2024407,173,90,1705,2009,0.0,93558.0,-0.53304,0.221183,PER,GRC,8502
2024408,177,90,1705,2009,45873.0,165236.0,1.11055,1.069074,POL,GRC,8502
2024409,185,90,1705,2009,192708.0,1033912.0,0.833802,1.024418,ROU,GRC,8502
2024410,190,90,1705,2009,0.0,311102.0,-2.2948020000000002,-1.3182040000000002,SDN,GRC,8502
2024411,192,90,1705,2009,71792.0,2684.0,1.9503540000000001,0.498033,SGP,GRC,8502
2024412,201,90,1705,2009,0.0,113589.0,0.531766,1.477837,SRB,GRC,8502
2024413,207,90,1705,2009,1981.0,0.0,1.548036,0.730396,SVN,GRC,8502
2024414,223,90,1705,2009,0.0,36508.0,0.044903,0.9126120000000001,TUN,GRC,8502
2024415,224,90,1705,2009,3693928.0,14109708.0,0.384596,2.3797610000000002,TUR,GRC,8502
2024416,226,90,1705,2009,0.0,8719.0,-0.822897,0.644899,TZA,GRC,8502
2024417,228,90,1705,2009,0.0,255345.0,0.602688,0.830247,UKR,GRC,8502
2024418,231,90,1705,2009,5028136.0,24113.0,1.657663,-0.41411400000000004,USA,GRC,8502
2024419,243,90,1705,2009,0.0,4834.0,-0.845426,-1.119091,YEM,GRC,8502
2024420,246,90,1705,2009,1446.0,47212.0,0.316452,1.767795,ZAF,GRC,8502
2024421,250,90,1705,2009,0.0,296667.0,0.582246,-0.10603,ANS,GRC,8502
2024422,15,93,1705,2009,1607616.0,0.0,1.651325,-0.020794,AUT,GTM,8502
2024423,32,93,1705,2009,491425.0,0.0,0.35447199999999995,0.8522360000000001,BRA,GTM,8502
2024424,41,93,1705,2009,3675.0,0.0,2.124438,0.484861,CHE,GTM,8502
2024425,42,93,1705,2009,0.0,641.0,-0.219521,-0.34239,CHL,GTM,8502
2024426,43,93,1705,2009,1374667.0,0.0,0.898623,2.08703,CHN,GTM,8502
2024427,61,93,1705,2009,7224.0,0.0,2.056515,-3.034837,DEU,GTM,8502
2024428,71,93,1705,2009,13662.0,0.0,0.9021020000000001,2.170578,ESP,GTM,8502
2024429,77,93,1705,2009,258405.0,0.0,1.540346,0.090377,FRA,GTM,8502
2024430,81,93,1705,2009,332553.0,0.0,1.7921779999999998,0.41211499999999995,GBR,GTM,8502
2024431,99,93,1705,2009,8471.0,90618.0,-0.587607,-0.189167,HND,GTM,8502
2024432,104,93,1705,2009,189402.0,0.0,0.209867,2.254003,IND,GTM,8502
2024433,110,93,1705,2009,20096.0,0.0,1.226438,0.816299,ISR,GTM,8502
2024434,111,93,1705,2009,8793.0,0.0,1.289,0.64549,ITA,GTM,8502
2024435,114,93,1705,2009,90695.0,0.0,2.306791,-0.251712,JPN,GTM,8502
2024436,121,93,1705,2009,77264.0,0.0,1.509336,0.784515,KOR,GTM,8502
2024437,138,93,1705,2009,2576117.0,0.0,1.061625,0.719234,MEX,GTM,8502
2024438,162,93,1705,2009,0.0,41134.0,1.1914850000000001,1.3076780000000001,NLD,GTM,8502
2024439,169,93,1705,2009,8174.0,3553.0,0.629137,0.5894010000000001,PAN,GTM,8502
2024440,173,93,1705,2009,680457.0,0.0,-0.53304,0.221183,PER,GTM,8502
2024441,197,93,1705,2009,35812.0,56299.0,-0.19729100000000002,0.23434899999999997,SLV,GTM,8502
2024442,208,93,1705,2009,199609.0,0.0,1.877821,0.336565,SWE,GTM,8502
2024443,216,93,1705,2009,177605.0,0.0,0.79692,1.315501,THA,GTM,8502
2024444,231,93,1705,2009,1899992.0,0.0,1.657663,-0.41411400000000004,USA,GTM,8502
2024445,239,93,1705,2009,45797.0,0.0,-0.27396,1.131199,VNM,GTM,8502
2024446,249,93,1705,2009,6719.0,0.0,1.5763120000000002,0.9567950000000001,TWN,GTM,8502
2024447,2,96,1705,2009,0.0,207628.0,-0.809438,-1.190006,AGO,GUY,8502
2024448,32,96,1705,2009,368504.0,0.0,0.35447199999999995,0.8522360000000001,BRA,GUY,8502
2024449,33,96,1705,2009,35933.0,0.0,0.8652620000000001,0.796057,BRB,GUY,8502
2024450,39,96,1705,2009,66445.0,0.0,0.6778069999999999,1.278402,CAN,GUY,8502
2024451,43,96,1705,2009,793820.0,17125.0,0.898623,2.08703,CHN,GUY,8502
2024452,71,96,1705,2009,14622.0,0.0,0.9021020000000001,2.170578,ESP,GUY,8502
2024453,74,96,1705,2009,11480064.0,0.0,1.8206849999999999,0.797421,FIN,GUY,8502
2024454,77,96,1705,2009,217303.0,0.0,1.540346,0.090377,FRA,GUY,8502
2024455,81,96,1705,2009,171310.0,1429.0,1.7921779999999998,0.41211499999999995,GBR,GUY,8502
2024456,97,96,1705,2009,3254.0,0.0,0.654964,1.98672,HKG,GUY,8502
2024457,104,96,1705,2009,445391.0,0.0,0.209867,2.254003,IND,GUY,8502
2024458,114,96,1705,2009,75398.0,0.0,2.306791,-0.251712,JPN,GUY,8502
2024459,153,96,1705,2009,895.0,0.0,0.8718229999999999,0.607429,MYS,GUY,8502
2024460,169,96,1705,2009,68933.0,0.0,0.629137,0.5894010000000001,PAN,GUY,8502
2024461,205,96,1705,2009,31496.0,77648.0,-0.580507,-1.072833,SUR,GUY,8502
2024462,216,96,1705,2009,10272.0,0.0,0.79692,1.315501,THA,GUY,8502
2024463,222,96,1705,2009,39921.0,0.0,-0.508195,-1.097365,TTO,GUY,8502
2024464,228,96,1705,2009,1191.0,0.0,0.602688,0.830247,UKR,GUY,8502
2024465,231,96,1705,2009,875967.0,0.0,1.657663,-0.41411400000000004,USA,GUY,8502
2024466,236,96,1705,2009,2883.0,0.0,-0.5847600000000001,-1.150334,VEN,GUY,8502
2024467,0,97,1705,2009,0.0,5452.0,0.770077,-0.71001,ABW,HKG,8502
2024468,2,97,1705,2009,0.0,2369690.0,-0.809438,-1.190006,AGO,HKG,8502
2024469,7,97,1705,2009,71212.0,159758.0,0.070059,-0.619075,ARE,HKG,8502
2024470,8,97,1705,2009,0.0,107202.0,0.27637,0.611129,ARG,HKG,8502
2024471,14,97,1705,2009,16455.0,81138.0,-0.109286,0.13586900000000002,AUS,HKG,8502
2024472,15,97,1705,2009,4223827.0,0.0,1.651325,-0.020794,AUT,HKG,8502
2024473,16,97,1705,2009,0.0,4872.0,-1.124423,-1.228081,AZE,HKG,8502
2024474,17,97,1705,2009,0.0,584371.0,-0.43971099999999996,-0.575079,BDI,HKG,8502
2024475,22,97,1705,2009,0.0,2177680.0,-1.030722,-0.860137,BGD,HKG,8502
2024476,23,97,1705,2009,0.0,39281.0,0.373594,1.571413,BGR,HKG,8502
2024477,39,97,1705,2009,0.0,1151.0,0.6778069999999999,1.278402,CAN,HKG,8502
2024478,41,97,1705,2009,4120.0,11950.0,2.124438,0.484861,CHE,HKG,8502
2024479,42,97,1705,2009,0.0,21015.0,-0.219521,-0.34239,CHL,HKG,8502
2024480,43,97,1705,2009,60612603.0,52212913.0,0.898623,2.08703,CHN,HKG,8502
2024481,45,97,1705,2009,0.0,158441.0,-1.128734,-1.022546,CMR,HKG,8502
2024482,46,97,1705,2009,0.0,350443.0,-1.532165,-1.160269,COD,HKG,8502
2024483,47,97,1705,2009,0.0,2031519.0,-1.466289,-1.201249,COG,HKG,8502
2024484,49,97,1705,2009,0.0,56587.0,0.263416,0.38947,COL,HKG,8502
2024485,52,97,1705,2009,0.0,2030.0,-0.142465,-0.669277,CRI,HKG,8502
2024486,59,97,1705,2009,0.0,110362.0,1.6323159999999999,0.47257200000000005,CZE,HKG,8502
2024487,61,97,1705,2009,10803090.0,341045.0,2.056515,-3.034837,DEU,HKG,8502
2024488,64,97,1705,2009,234847.0,8927.0,1.242327,1.064709,DNK,HKG,8502
2024489,65,97,1705,2009,0.0,8615.0,-0.317894,0.198926,DOM,HKG,8502
2024490,67,97,1705,2009,3723.0,146191.0,-0.92724,-0.965628,ECU,HKG,8502
2024491,68,97,1705,2009,0.0,97443.0,-0.20940300000000003,1.6466290000000001,EGY,HKG,8502
2024492,71,97,1705,2009,1966.0,365022.0,0.9021020000000001,2.170578,ESP,HKG,8502
2024493,72,97,1705,2009,0.0,1320.0,0.749058,1.269572,EST,HKG,8502
2024494,74,97,1705,2009,2029983.0,3235.0,1.8206849999999999,0.797421,FIN,HKG,8502
2024495,75,97,1705,2009,0.0,134926.0,-0.785772,-0.305228,FJI,HKG,8502
2024496,77,97,1705,2009,110729.0,48578.0,1.540346,0.090377,FRA,HKG,8502
2024497,80,97,1705,2009,0.0,1927490.0,-1.197711,-1.147469,GAB,HKG,8502
2024498,81,97,1705,2009,51413082.0,644805.0,1.7921779999999998,0.41211499999999995,GBR,HKG,8502
2024499,83,97,1705,2009,0.0,3830688.0,-0.909436,-0.6619470000000001,GHA,HKG,8502
2024500,90,97,1705,2009,0.0,64137.0,0.2196,1.63301,GRC,HKG,8502
2024501,96,97,1705,2009,0.0,3254.0,-1.0557809999999999,-1.055825,GUY,HKG,8502
2024502,103,97,1705,2009,738439.0,3946464.0,-0.253835,1.260101,IDN,HKG,8502
2024503,104,97,1705,2009,118622.0,175822.0,0.209867,2.254003,IND,HKG,8502
2024504,106,97,1705,2009,0.0,90267.0,1.627233,0.020024,IRL,HKG,8502
2024505,107,97,1705,2009,0.0,1028520.0,-1.185702,-1.1049360000000001,IRN,HKG,8502
2024506,108,97,1705,2009,0.0,79767.0,-1.1683270000000001,-0.9517459999999999,IRQ,HKG,8502
2024507,110,97,1705,2009,2931.0,549458.0,1.226438,0.816299,ISR,HKG,8502
2024508,111,97,1705,2009,83038.0,0.0,1.289,0.64549,ITA,HKG,8502
2024509,114,97,1705,2009,6673368.0,0.0,2.306791,-0.251712,JPN,HKG,8502
2024510,115,97,1705,2009,0.0,88354.0,-0.6547970000000001,-0.772256,KAZ,HKG,8502
2024511,116,97,1705,2009,0.0,60638.0,-0.26477399999999995,0.932587,KEN,HKG,8502
2024512,118,97,1705,2009,1662.0,668398.0,-1.194288,-1.09924,KHM,HKG,8502
2024513,119,97,1705,2009,0.0,1758.0,-0.41403999999999996,-0.8960100000000001,KIR,HKG,8502
2024514,121,97,1705,2009,66786.0,220963.0,1.509336,0.784515,KOR,HKG,8502
2024515,124,97,1705,2009,0.0,382861.0,0.48618599999999995,1.4748620000000001,LBN,HKG,8502
2024516,128,97,1705,2009,0.0,114509.0,-0.653836,0.174403,LKA,HKG,8502
2024517,129,97,1705,2009,0.0,133402.0,-1.446041,-1.102158,LSO,HKG,8502
2024518,132,97,1705,2009,8744.0,0.0,0.675643,0.99977,LVA,HKG,8502
2024519,133,97,1705,2009,448415.0,2496672.0,0.450395,0.6237739999999999,MAC,HKG,8502
2024520,134,97,1705,2009,0.0,1936.0,-0.48819300000000004,0.173952,MAR,HKG,8502
2024521,136,97,1705,2009,0.0,2289213.0,-1.0356610000000002,-0.198062,MDG,HKG,8502
2024522,138,97,1705,2009,374888.0,6158.0,1.061625,0.719234,MEX,HKG,8502
2024523,141,97,1705,2009,0.0,5032.0,-0.84835,-0.780324,MLI,HKG,8502
2024524,142,97,1705,2009,0.0,8626.0,1.233965,-0.016763,MLT,HKG,8502
2024525,143,97,1705,2009,0.0,20755.0,-1.6459529999999998,-1.186635,MMR,HKG,8502
2024526,147,97,1705,2009,0.0,28207.0,-1.0023090000000001,-0.844765,MOZ,HKG,8502
2024527,151,97,1705,2009,0.0,19317.0,-0.198194,0.067014,MUS,HKG,8502
2024528,153,97,1705,2009,977486.0,722338.0,0.8718229999999999,0.607429,MYS,HKG,8502
2024529,155,97,1705,2009,0.0,5568.0,-0.081207,-0.075292,NAM,HKG,8502
2024530,156,97,1705,2009,20031.0,16346.0,1.323528,0.523435,NCL,HKG,8502
2024531,159,97,1705,2009,0.0,1273010.0,-1.584051,-1.156247,NGA,HKG,8502
2024532,162,97,1705,2009,13153.0,9559.0,1.1914850000000001,1.3076780000000001,NLD,HKG,8502
2024533,164,97,1705,2009,0.0,2267.0,-0.324434,1.076908,NPL,HKG,8502
2024534,166,97,1705,2009,968.0,387856.0,0.38301999999999997,0.720644,NZL,HKG,8502
2024535,167,97,1705,2009,0.0,109140.0,-0.691918,-1.015434,OMN,HKG,8502
2024536,168,97,1705,2009,0.0,776756.0,-0.514907,0.44733100000000003,PAK,HKG,8502
2024537,169,97,1705,2009,0.0,52547.0,0.629137,0.5894010000000001,PAN,HKG,8502
2024538,173,97,1705,2009,0.0,4120.0,-0.53304,0.221183,PER,HKG,8502
2024539,174,97,1705,2009,364287.0,2996461.0,0.34318000000000004,0.095375,PHL,HKG,8502
2024540,175,97,1705,2009,0.0,2546.0,0.408333,-0.826412,PLW,HKG,8502
2024541,176,97,1705,2009,0.0,9957.0,-1.90537,-1.2462030000000002,PNG,HKG,8502
2024542,177,97,1705,2009,0.0,38003.0,1.11055,1.069074,POL,HKG,8502
2024543,181,97,1705,2009,0.0,1891.0,0.119192,0.6390680000000001,PSE,HKG,8502
2024544,182,97,1705,2009,0.0,7908.0,-0.440014,-0.835513,PYF,HKG,8502
2024545,188,97,1705,2009,791557.0,47668.0,0.300581,-0.813199,SAU,HKG,8502
2024546,190,97,1705,2009,0.0,92882.0,-2.2948020000000002,-1.3182040000000002,SDN,HKG,8502
2024547,191,97,1705,2009,0.0,1070254.0,-0.53392,-0.415513,SEN,HKG,8502
2024548,192,97,1705,2009,21269992.0,979218.0,1.9503540000000001,0.498033,SGP,HKG,8502
2024549,195,97,1705,2009,0.0,6259.0,-1.9380110000000002,-1.06035,SLB,HKG,8502
2024550,196,97,1705,2009,0.0,17913.0,0.06259400000000001,-0.273258,SLE,HKG,8502
2024551,208,97,1705,2009,0.0,20225.0,1.877821,0.336565,SWE,HKG,8502
2024552,215,97,1705,2009,0.0,3268.0,-0.561619,-0.759929,TGO,HKG,8502
2024553,216,97,1705,2009,55473.0,1353108.0,0.79692,1.315501,THA,HKG,8502
2024554,226,97,1705,2009,0.0,21219.0,-0.822897,0.644899,TZA,HKG,8502
2024555,227,97,1705,2009,0.0,72833.0,-0.573707,-0.036203,UGA,HKG,8502
2024556,230,97,1705,2009,0.0,1104.0,0.260419,-0.171944,URY,HKG,8502
2024557,231,97,1705,2009,16856348.0,98175.0,1.657663,-0.41411400000000004,USA,HKG,8502
2024558,232,97,1705,2009,0.0,193566.0,-0.6115470000000001,-0.710622,UZB,HKG,8502
2024559,236,97,1705,2009,0.0,294839.0,-0.5847600000000001,-1.150334,VEN,HKG,8502
2024560,239,97,1705,2009,6710360.0,554242.0,-0.27396,1.131199,VNM,HKG,8502
2024561,246,97,1705,2009,445429.0,160087.0,0.316452,1.767795,ZAF,HKG,8502
2024562,247,97,1705,2009,0.0,1247770.0,-0.6423909999999999,-0.815315,ZMB,HKG,8502
2024563,248,97,1705,2009,0.0,110892.0,-0.686822,-0.683511,ZWE,HKG,8502
2024564,249,97,1705,2009,301949.0,239450.0,1.5763120000000002,0.9567950000000001,TWN,HKG,8502
2024565,6,99,1705,2009,2838.0,0.0,0.351025,-0.699817,ANT,HND,8502
2024566,32,99,1705,2009,911411.0,0.0,0.35447199999999995,0.8522360000000001,BRA,HND,8502
2024567,39,99,1705,2009,884.0,0.0,0.6778069999999999,1.278402,CAN,HND,8502
2024568,41,99,1705,2009,540596.0,0.0,2.124438,0.484861,CHE,HND,8502
2024569,42,99,1705,2009,94967.0,0.0,-0.219521,-0.34239,CHL,HND,8502
2024570,43,99,1705,2009,542361.0,0.0,0.898623,2.08703,CHN,HND,8502
2024571,61,99,1705,2009,2952035.0,0.0,2.056515,-3.034837,DEU,HND,8502
2024572,64,99,1705,2009,34082.0,0.0,1.242327,1.064709,DNK,HND,8502
2024573,71,99,1705,2009,413085.0,0.0,0.9021020000000001,2.170578,ESP,HND,8502
2024574,74,99,1705,2009,642280.0,0.0,1.8206849999999999,0.797421,FIN,HND,8502
2024575,77,99,1705,2009,332117.0,0.0,1.540346,0.090377,FRA,HND,8502
2024576,81,99,1705,2009,814444.0,0.0,1.7921779999999998,0.41211499999999995,GBR,HND,8502
2024577,93,99,1705,2009,90618.0,8471.0,-0.33276999999999995,0.551257,GTM,HND,8502
2024578,104,99,1705,2009,17826.0,0.0,0.209867,2.254003,IND,HND,8502
2024579,111,99,1705,2009,2849.0,0.0,1.289,0.64549,ITA,HND,8502
2024580,114,99,1705,2009,7478.0,0.0,2.306791,-0.251712,JPN,HND,8502
2024581,121,99,1705,2009,17459.0,0.0,1.509336,0.784515,KOR,HND,8502
2024582,138,99,1705,2009,148252.0,0.0,1.061625,0.719234,MEX,HND,8502
2024583,162,99,1705,2009,199425.0,0.0,1.1914850000000001,1.3076780000000001,NLD,HND,8502
2024584,166,99,1705,2009,78973.0,0.0,0.38301999999999997,0.720644,NZL,HND,8502
2024585,169,99,1705,2009,5119.0,128944.0,0.629137,0.5894010000000001,PAN,HND,8502
2024586,197,99,1705,2009,2337.0,1603.0,-0.19729100000000002,0.23434899999999997,SLV,HND,8502
2024587,208,99,1705,2009,30282.0,0.0,1.877821,0.336565,SWE,HND,8502
2024588,222,99,1705,2009,1035.0,0.0,-0.508195,-1.097365,TTO,HND,8502
2024589,228,99,1705,2009,3321.0,0.0,0.602688,0.830247,UKR,HND,8502
2024590,231,99,1705,2009,2137689.0,47410.0,1.657663,-0.41411400000000004,USA,HND,8502
2024591,236,99,1705,2009,1171.0,0.0,-0.5847600000000001,-1.150334,VEN,HND,8502
2024592,249,99,1705,2009,2389.0,0.0,1.5763120000000002,0.9567950000000001,TWN,HND,8502
2024593,14,102,1705,2009,0.0,16097396.0,-0.109286,0.13586900000000002,AUS,HUN,8502
2024594,15,102,1705,2009,1165534.0,506645.0,1.651325,-0.020794,AUT,HUN,8502
2024595,18,102,1705,2009,576409.0,0.0,1.272011,1.074548,BEL,HUN,8502
2024596,28,102,1705,2009,0.0,1924364.0,0.977663,0.549549,BLR,HUN,8502
2024597,39,102,1705,2009,2221.0,0.0,0.6778069999999999,1.278402,CAN,HUN,8502
2024598,41,102,1705,2009,4389.0,22170.0,2.124438,0.484861,CHE,HUN,8502
2024599,43,102,1705,2009,475111.0,0.0,0.898623,2.08703,CHN,HUN,8502
2024600,58,102,1705,2009,0.0,68738.0,0.934193,0.657555,CYP,HUN,8502
2024601,59,102,1705,2009,9109190.0,104842.0,1.6323159999999999,0.47257200000000005,CZE,HUN,8502
2024602,61,102,1705,2009,5880914.0,472154.0,2.056515,-3.034837,DEU,HUN,8502
2024603,64,102,1705,2009,10069045.0,0.0,1.242327,1.064709,DNK,HUN,8502
2024604,66,102,1705,2009,0.0,9055.0,-1.161786,-1.188669,DZA,HUN,8502
2024605,68,102,1705,2009,0.0,495691.0,-0.20940300000000003,1.6466290000000001,EGY,HUN,8502
2024606,71,102,1705,2009,33443347.0,0.0,0.9021020000000001,2.170578,ESP,HUN,8502
2024607,74,102,1705,2009,17937.0,0.0,1.8206849999999999,0.797421,FIN,HUN,8502
2024608,77,102,1705,2009,1053421.0,0.0,1.540346,0.090377,FRA,HUN,8502
2024609,81,102,1705,2009,3813307.0,2261.0,1.7921779999999998,0.41211499999999995,GBR,HUN,8502
2024610,90,102,1705,2009,30605.0,0.0,0.2196,1.63301,GRC,HUN,8502
2024611,100,102,1705,2009,5189.0,657319.0,0.740174,1.005258,HRV,HUN,8502
2024612,103,102,1705,2009,0.0,4718.0,-0.253835,1.260101,IDN,HUN,8502
2024613,110,102,1705,2009,5475.0,31368.0,1.226438,0.816299,ISR,HUN,8502
2024614,111,102,1705,2009,4791981.0,3861112.0,1.289,0.64549,ITA,HUN,8502
2024615,114,102,1705,2009,108609.0,0.0,2.306791,-0.251712,JPN,HUN,8502
2024616,115,102,1705,2009,0.0,25384.0,-0.6547970000000001,-0.772256,KAZ,HUN,8502
2024617,116,102,1705,2009,0.0,25896.0,-0.26477399999999995,0.932587,KEN,HUN,8502
2024618,130,102,1705,2009,2653.0,0.0,0.647736,1.150962,LTU,HUN,8502
2024619,135,102,1705,2009,0.0,2137293.0,0.009281999999999999,-0.039299,MDA,HUN,8502
2024620,138,102,1705,2009,0.0,2702320.0,1.061625,0.719234,MEX,HUN,8502
2024621,140,102,1705,2009,0.0,4893.0,-0.14890499999999998,0.405505,MKD,HUN,8502
2024622,153,102,1705,2009,8602.0,0.0,0.8718229999999999,0.607429,MYS,HUN,8502
2024623,162,102,1705,2009,31015.0,0.0,1.1914850000000001,1.3076780000000001,NLD,HUN,8502
2024624,163,102,1705,2009,0.0,16904.0,0.865455,0.082808,NOR,HUN,8502
2024625,177,102,1705,2009,444012.0,47871.0,1.11055,1.069074,POL,HUN,8502
2024626,185,102,1705,2009,16491.0,874335.0,0.833802,1.024418,ROU,HUN,8502
2024627,186,102,1705,2009,0.0,88008217.0,0.392478,-0.20038399999999998,RUS,HUN,8502
2024628,192,102,1705,2009,34212.0,0.0,1.9503540000000001,0.498033,SGP,HUN,8502
2024629,201,102,1705,2009,4237.0,1404.0,0.531766,1.477837,SRB,HUN,8502
2024630,206,102,1705,2009,1179386.0,22377720.0,1.231382,0.820968,SVK,HUN,8502
2024631,207,102,1705,2009,97673.0,0.0,1.548036,0.730396,SVN,HUN,8502
2024632,208,102,1705,2009,2045.0,0.0,1.877821,0.336565,SWE,HUN,8502
2024633,216,102,1705,2009,0.0,2214.0,0.79692,1.315501,THA,HUN,8502
2024634,223,102,1705,2009,0.0,308595.0,0.044903,0.9126120000000001,TUN,HUN,8502
2024635,224,102,1705,2009,418985.0,495152.0,0.384596,2.3797610000000002,TUR,HUN,8502
2024636,228,102,1705,2009,16486.0,89652.0,0.602688,0.830247,UKR,HUN,8502
2024637,231,102,1705,2009,79195.0,3481218.0,1.657663,-0.41411400000000004,USA,HUN,8502
2024638,246,102,1705,2009,0.0,947772.0,0.316452,1.767795,ZAF,HUN,8502
2024639,2,103,1705,2009,0.0,9513.0,-0.809438,-1.190006,AGO,IDN,8502
2024640,7,103,1705,2009,31958.0,1181550.0,0.070059,-0.619075,ARE,IDN,8502
2024641,14,103,1705,2009,721511.0,1818884.0,-0.109286,0.13586900000000002,AUS,IDN,8502
2024642,15,103,1705,2009,6123888.0,42197.0,1.651325,-0.020794,AUT,IDN,8502
2024643,18,103,1705,2009,88916.0,0.0,1.272011,1.074548,BEL,IDN,8502
2024644,19,103,1705,2009,0.0,1314.0,-0.93195,-0.813017,BEN,IDN,8502
2024645,22,103,1705,2009,0.0,4086861.0,-1.030722,-0.860137,BGD,IDN,8502
2024646,24,103,1705,2009,0.0,27538.0,0.250645,-0.767742,BHR,IDN,8502
2024647,26,103,1705,2009,0.0,134.0,0.519113,0.762582,BIH,IDN,8502
2024648,32,103,1705,2009,32637.0,0.0,0.35447199999999995,0.8522360000000001,BRA,IDN,8502
2024649,34,103,1705,2009,0.0,1309.0,-1.371042,-0.9792120000000001,BRN,IDN,8502
2024650,35,103,1705,2009,0.0,268768.0,-0.16578900000000002,-0.7013560000000001,BTN,IDN,8502
2024651,39,103,1705,2009,361320.0,0.0,0.6778069999999999,1.278402,CAN,IDN,8502
2024652,41,103,1705,2009,7509471.0,0.0,2.124438,0.484861,CHE,IDN,8502
2024653,42,103,1705,2009,0.0,3752912.0,-0.219521,-0.34239,CHL,IDN,8502
2024654,43,103,1705,2009,121858074.0,1906750.0,0.898623,2.08703,CHN,IDN,8502
2024655,44,103,1705,2009,0.0,5627.0,-0.924681,-0.801371,CIV,IDN,8502
2024656,45,103,1705,2009,0.0,2022.0,-1.128734,-1.022546,CMR,IDN,8502
2024657,59,103,1705,2009,250365.0,0.0,1.6323159999999999,0.47257200000000005,CZE,IDN,8502
2024658,61,103,1705,2009,21675995.0,631138.0,2.056515,-3.034837,DEU,IDN,8502
2024659,68,103,1705,2009,0.0,32940.0,-0.20940300000000003,1.6466290000000001,EGY,IDN,8502
2024660,71,103,1705,2009,2484743.0,0.0,0.9021020000000001,2.170578,ESP,IDN,8502
2024661,73,103,1705,2009,0.0,18502.0,-0.967483,-0.8219,ETH,IDN,8502
2024662,74,103,1705,2009,24077738.0,0.0,1.8206849999999999,0.797421,FIN,IDN,8502
2024663,77,103,1705,2009,220361.0,0.0,1.540346,0.090377,FRA,IDN,8502
2024664,81,103,1705,2009,2267209.0,126256.0,1.7921779999999998,0.41211499999999995,GBR,IDN,8502
2024665,90,103,1705,2009,0.0,5597.0,0.2196,1.63301,GRC,IDN,8502
2024666,97,103,1705,2009,3946464.0,738439.0,0.654964,1.98672,HKG,IDN,8502
2024667,102,103,1705,2009,4718.0,0.0,1.397765,0.772375,HUN,IDN,8502
2024668,104,103,1705,2009,1443383.0,0.0,0.209867,2.254003,IND,IDN,8502
2024669,106,103,1705,2009,14289.0,0.0,1.627233,0.020024,IRL,IDN,8502
2024670,110,103,1705,2009,686997.0,0.0,1.226438,0.816299,ISR,IDN,8502
2024671,111,103,1705,2009,286541.0,0.0,1.289,0.64549,ITA,IDN,8502
2024672,113,103,1705,2009,0.0,6313.0,0.21374899999999997,0.423774,JOR,IDN,8502
2024673,114,103,1705,2009,14354859.0,1990111.0,2.306791,-0.251712,JPN,IDN,8502
2024674,115,103,1705,2009,0.0,995.0,-0.6547970000000001,-0.772256,KAZ,IDN,8502
2024675,116,103,1705,2009,0.0,468.0,-0.26477399999999995,0.932587,KEN,IDN,8502
2024676,121,103,1705,2009,1892748.0,185695.0,1.509336,0.784515,KOR,IDN,8502
2024677,122,103,1705,2009,0.0,23319.0,-1.386993,-1.203527,KWT,IDN,8502
2024678,137,103,1705,2009,0.0,17440.0,-0.415182,-0.9298379999999999,MDV,IDN,8502
2024679,138,103,1705,2009,150037.0,9095388.0,1.061625,0.719234,MEX,IDN,8502
2024680,153,103,1705,2009,1996693.0,344035.0,0.8718229999999999,0.607429,MYS,IDN,8502
2024681,156,103,1705,2009,103.0,1054.0,1.323528,0.523435,NCL,IDN,8502
2024682,159,103,1705,2009,0.0,5101.0,-1.584051,-1.156247,NGA,IDN,8502
2024683,162,103,1705,2009,1701004.0,1476838.0,1.1914850000000001,1.3076780000000001,NLD,IDN,8502
2024684,166,103,1705,2009,76892.0,35258.0,0.38301999999999997,0.720644,NZL,IDN,8502
2024685,167,103,1705,2009,0.0,55702.0,-0.691918,-1.015434,OMN,IDN,8502
2024686,168,103,1705,2009,0.0,3391853.0,-0.514907,0.44733100000000003,PAK,IDN,8502
2024687,174,103,1705,2009,126549.0,46201.0,0.34318000000000004,0.095375,PHL,IDN,8502
2024688,176,103,1705,2009,0.0,279345.0,-1.90537,-1.2462030000000002,PNG,IDN,8502
2024689,177,103,1705,2009,18665.0,0.0,1.11055,1.069074,POL,IDN,8502
2024690,182,103,1705,2009,0.0,7352.0,-0.440014,-0.835513,PYF,IDN,8502
2024691,188,103,1705,2009,1198978.0,762962.0,0.300581,-0.813199,SAU,IDN,8502
2024692,192,103,1705,2009,57423182.0,6571433.0,1.9503540000000001,0.498033,SGP,IDN,8502
2024693,208,103,1705,2009,75254.0,0.0,1.877821,0.336565,SWE,IDN,8502
2024694,216,103,1705,2009,137538.0,101748.0,0.79692,1.315501,THA,IDN,8502
2024695,220,103,1705,2009,0.0,294006.0,0.317308,-0.8093199999999999,TLS,IDN,8502
2024696,231,103,1705,2009,2391936.0,2440.0,1.657663,-0.41411400000000004,USA,IDN,8502
2024697,239,103,1705,2009,6822429.0,358945.0,-0.27396,1.131199,VNM,IDN,8502
2024698,248,103,1705,2009,0.0,2576.0,-0.686822,-0.683511,ZWE,IDN,8502
2024699,249,103,1705,2009,224782.0,0.0,1.5763120000000002,0.9567950000000001,TWN,IDN,8502
2024700,1,104,1705,2009,0.0,47352.0,-0.424354,-0.563383,AFG,IND,8502
2024701,2,104,1705,2009,0.0,191911.0,-0.809438,-1.190006,AGO,IND,8502
2024702,4,104,1705,2009,0.0,7747.0,-0.41612200000000005,-0.256639,ALB,IND,8502
2024703,7,104,1705,2009,45022.0,11100347.0,0.070059,-0.619075,ARE,IND,8502
2024704,8,104,1705,2009,0.0,46564.0,0.27637,0.611129,ARG,IND,8502
2024705,13,104,1705,2009,0.0,3778.0,0.930903,0.279441,ATG,IND,8502
2024706,14,104,1705,2009,269491.0,76603923.0,-0.109286,0.13586900000000002,AUS,IND,8502
2024707,15,104,1705,2009,5811133.0,343916.0,1.651325,-0.020794,AUT,IND,8502
2024708,17,104,1705,2009,0.0,107085.0,-0.43971099999999996,-0.575079,BDI,IND,8502
2024709,18,104,1705,2009,613485.0,2861676.0,1.272011,1.074548,BEL,IND,8502
2024710,19,104,1705,2009,0.0,121323.0,-0.93195,-0.813017,BEN,IND,8502
2024711,21,104,1705,2009,0.0,55941.0,-1.283807,-1.061272,BFA,IND,8502
2024712,22,104,1705,2009,99841.0,2811014.0,-1.030722,-0.860137,BGD,IND,8502
2024713,23,104,1705,2009,0.0,533588.0,0.373594,1.571413,BGR,IND,8502
2024714,24,104,1705,2009,23487.0,160221.0,0.250645,-0.767742,BHR,IND,8502
2024715,31,104,1705,2009,0.0,20151.0,-0.909969,-0.8899879999999999,BOL,IND,8502
2024716,32,104,1705,2009,12647.0,39724904.0,0.35447199999999995,0.8522360000000001,BRA,IND,8502
2024717,35,104,1705,2009,0.0,758753.0,-0.16578900000000002,-0.7013560000000001,BTN,IND,8502
2024718,39,104,1705,2009,11872.0,21920792.0,0.6778069999999999,1.278402,CAN,IND,8502
2024719,41,104,1705,2009,3952661.0,49963.0,2.124438,0.484861,CHE,IND,8502
2024720,42,104,1705,2009,0.0,468828.0,-0.219521,-0.34239,CHL,IND,8502
2024721,43,104,1705,2009,50061351.0,7882568.0,0.898623,2.08703,CHN,IND,8502
2024722,44,104,1705,2009,0.0,76836.0,-0.924681,-0.801371,CIV,IND,8502
2024723,45,104,1705,2009,0.0,283205.0,-1.128734,-1.022546,CMR,IND,8502
2024724,47,104,1705,2009,0.0,949492.0,-1.466289,-1.201249,COG,IND,8502
2024725,49,104,1705,2009,0.0,270914.0,0.263416,0.38947,COL,IND,8502
2024726,50,104,1705,2009,0.0,5902.0,0.080831,-0.7148760000000001,COM,IND,8502
2024727,52,104,1705,2009,0.0,271497.0,-0.142465,-0.669277,CRI,IND,8502
2024728,59,104,1705,2009,15826.0,0.0,1.6323159999999999,0.47257200000000005,CZE,IND,8502
2024729,61,104,1705,2009,17623135.0,4276304.0,2.056515,-3.034837,DEU,IND,8502
2024730,62,104,1705,2009,0.0,1704560.0,0.062037,-0.596527,DJI,IND,8502
2024731,64,104,1705,2009,1433136.0,117032.0,1.242327,1.064709,DNK,IND,8502
2024732,65,104,1705,2009,0.0,325937.0,-0.317894,0.198926,DOM,IND,8502
2024733,66,104,1705,2009,0.0,1706705.0,-1.161786,-1.188669,DZA,IND,8502
2024734,67,104,1705,2009,0.0,224973.0,-0.92724,-0.965628,ECU,IND,8502
2024735,68,104,1705,2009,0.0,367926.0,-0.20940300000000003,1.6466290000000001,EGY,IND,8502
2024736,71,104,1705,2009,1734367.0,525640.0,0.9021020000000001,2.170578,ESP,IND,8502
2024737,73,104,1705,2009,0.0,227479.0,-0.967483,-0.8219,ETH,IND,8502
2024738,74,104,1705,2009,20017910.0,2706.0,1.8206849999999999,0.797421,FIN,IND,8502
2024739,75,104,1705,2009,0.0,46683.0,-0.785772,-0.305228,FJI,IND,8502
2024740,77,104,1705,2009,1419752.0,472659.0,1.540346,0.090377,FRA,IND,8502
2024741,80,104,1705,2009,0.0,48606.0,-1.197711,-1.147469,GAB,IND,8502
2024742,81,104,1705,2009,14481876.0,764898.0,1.7921779999999998,0.41211499999999995,GBR,IND,8502
2024743,82,104,1705,2009,0.0,7319.0,0.045952,-0.381822,GEO,IND,8502
2024744,83,104,1705,2009,0.0,1371511.0,-0.909436,-0.6619470000000001,GHA,IND,8502
2024745,85,104,1705,2009,0.0,56978.0,-1.618121,-1.2200520000000001,GIN,IND,8502
2024746,87,104,1705,2009,0.0,178254.0,-0.573979,-0.644636,GMB,IND,8502
2024747,89,104,1705,2009,0.0,170416.0,-1.426661,-0.9459870000000001,GNQ,IND,8502
2024748,90,104,1705,2009,0.0,458874.0,0.2196,1.63301,GRC,IND,8502
2024749,93,104,1705,2009,0.0,189402.0,-0.33276999999999995,0.551257,GTM,IND,8502
2024750,96,104,1705,2009,0.0,445391.0,-1.0557809999999999,-1.055825,GUY,IND,8502
2024751,97,104,1705,2009,175822.0,118622.0,0.654964,1.98672,HKG,IND,8502
2024752,99,104,1705,2009,0.0,17826.0,-0.587607,-0.189167,HND,IND,8502
2024753,100,104,1705,2009,0.0,929.0,0.740174,1.005258,HRV,IND,8502
2024754,103,104,1705,2009,0.0,1443383.0,-0.253835,1.260101,IDN,IND,8502
2024755,106,104,1705,2009,989.0,2146697.0,1.627233,0.020024,IRL,IND,8502
2024756,107,104,1705,2009,0.0,1111047.0,-1.185702,-1.1049360000000001,IRN,IND,8502
2024757,108,104,1705,2009,0.0,1515716.0,-1.1683270000000001,-0.9517459999999999,IRQ,IND,8502
2024758,110,104,1705,2009,48556.0,0.0,1.226438,0.816299,ISR,IND,8502
2024759,111,104,1705,2009,3447250.0,1848564.0,1.289,0.64549,ITA,IND,8502
2024760,113,104,1705,2009,0.0,484317.0,0.21374899999999997,0.423774,JOR,IND,8502
2024761,114,104,1705,2009,6133446.0,18717.0,2.306791,-0.251712,JPN,IND,8502
2024762,115,104,1705,2009,0.0,46738.0,-0.6547970000000001,-0.772256,KAZ,IND,8502
2024763,116,104,1705,2009,0.0,3737208.0,-0.26477399999999995,0.932587,KEN,IND,8502
2024764,118,104,1705,2009,0.0,10403.0,-1.194288,-1.09924,KHM,IND,8502
2024765,121,104,1705,2009,1247021.0,284161.0,1.509336,0.784515,KOR,IND,8502
2024766,122,104,1705,2009,0.0,775566.0,-1.386993,-1.203527,KWT,IND,8502
2024767,124,104,1705,2009,0.0,333334.0,0.48618599999999995,1.4748620000000001,LBN,IND,8502
2024768,125,104,1705,2009,0.0,28506.0,-0.07508,-0.994632,LBR,IND,8502
2024769,126,104,1705,2009,0.0,685712.0,-1.196032,-1.1829,LBY,IND,8502
2024770,128,104,1705,2009,9500.0,2127923.0,-0.653836,0.174403,LKA,IND,8502
2024771,130,104,1705,2009,0.0,245878.0,0.647736,1.150962,LTU,IND,8502
2024772,135,104,1705,2009,0.0,18670.0,0.009281999999999999,-0.039299,MDA,IND,8502
2024773,136,104,1705,2009,36871.0,315601.0,-1.0356610000000002,-0.198062,MDG,IND,8502
2024774,137,104,1705,2009,0.0,197970.0,-0.415182,-0.9298379999999999,MDV,IND,8502
2024775,138,104,1705,2009,8161.0,737975.0,1.061625,0.719234,MEX,IND,8502
2024776,141,104,1705,2009,0.0,146285.0,-0.84835,-0.780324,MLI,IND,8502
2024777,143,104,1705,2009,0.0,29638.0,-1.6459529999999998,-1.186635,MMR,IND,8502
2024778,144,104,1705,2009,0.0,6128.0,0.19963499999999998,-0.073107,MNE,IND,8502
2024779,147,104,1705,2009,3668.0,16758.0,-1.0023090000000001,-0.844765,MOZ,IND,8502
2024780,148,104,1705,2009,0.0,43897.0,-1.761436,-1.2898479999999999,MRT,IND,8502
2024781,151,104,1705,2009,1549.0,74812.0,-0.198194,0.067014,MUS,IND,8502
2024782,152,104,1705,2009,0.0,588061.0,-1.571672,-1.244864,MWI,IND,8502
2024783,153,104,1705,2009,120953.0,940064.0,0.8718229999999999,0.607429,MYS,IND,8502
2024784,155,104,1705,2009,0.0,9412.0,-0.081207,-0.075292,NAM,IND,8502
2024785,157,104,1705,2009,0.0,2788262.0,-1.306036,-0.956361,NER,IND,8502
2024786,159,104,1705,2009,0.0,2295277.0,-1.584051,-1.156247,NGA,IND,8502
2024787,160,104,1705,2009,55593.0,34192.0,-0.924057,-0.809557,NIC,IND,8502
2024788,162,104,1705,2009,1175938.0,3653.0,1.1914850000000001,1.3076780000000001,NLD,IND,8502
2024789,163,104,1705,2009,4882704.0,10095.0,0.865455,0.082808,NOR,IND,8502
2024790,164,104,1705,2009,58673.0,10120567.0,-0.324434,1.076908,NPL,IND,8502
2024791,166,104,1705,2009,2435.0,11019.0,0.38301999999999997,0.720644,NZL,IND,8502
2024792,167,104,1705,2009,61482.0,7251844.0,-0.691918,-1.015434,OMN,IND,8502
2024793,168,104,1705,2009,3352.0,71879.0,-0.514907,0.44733100000000003,PAK,IND,8502
2024794,173,104,1705,2009,0.0,214605.0,-0.53304,0.221183,PER,IND,8502
2024795,174,104,1705,2009,0.0,626626.0,0.34318000000000004,0.095375,PHL,IND,8502
2024796,176,104,1705,2009,0.0,786673.0,-1.90537,-1.2462030000000002,PNG,IND,8502
2024797,177,104,1705,2009,22467.0,8478.0,1.11055,1.069074,POL,IND,8502
2024798,179,104,1705,2009,0.0,364323.0,0.559189,2.4359919999999997,PRT,IND,8502
2024799,183,104,1705,2009,91139.0,2208739.0,-0.484947,-1.07179,QAT,IND,8502
2024800,185,104,1705,2009,0.0,2399880.0,0.833802,1.024418,ROU,IND,8502
2024801,186,104,1705,2009,7261648.0,3009535.0,0.392478,-0.20038399999999998,RUS,IND,8502
2024802,187,104,1705,2009,0.0,148003.0,-0.31001599999999996,-0.5382170000000001,RWA,IND,8502
2024803,188,104,1705,2009,39537.0,7427810.0,0.300581,-0.813199,SAU,IND,8502
2024804,190,104,1705,2009,0.0,5694905.0,-2.2948020000000002,-1.3182040000000002,SDN,IND,8502
2024805,191,104,1705,2009,0.0,2466725.0,-0.53392,-0.415513,SEN,IND,8502
2024806,192,104,1705,2009,24612159.0,7641890.0,1.9503540000000001,0.498033,SGP,IND,8502
2024807,196,104,1705,2009,0.0,76757.0,0.06259400000000001,-0.273258,SLE,IND,8502
2024808,206,104,1705,2009,0.0,10998.0,1.231382,0.820968,SVK,IND,8502
2024809,208,104,1705,2009,9117.0,3577.0,1.877821,0.336565,SWE,IND,8502
2024810,212,104,1705,2009,0.0,39296.0,-0.48481199999999997,1.464509,SYR,IND,8502
2024811,215,104,1705,2009,0.0,432789.0,-0.561619,-0.759929,TGO,IND,8502
2024812,216,104,1705,2009,42918.0,4214413.0,0.79692,1.315501,THA,IND,8502
2024813,217,104,1705,2009,0.0,140824.0,-1.0237319999999999,-1.1837950000000002,TJK,IND,8502
2024814,223,104,1705,2009,0.0,92758.0,0.044903,0.9126120000000001,TUN,IND,8502
2024815,224,104,1705,2009,0.0,2895393.0,0.384596,2.3797610000000002,TUR,IND,8502
2024816,226,104,1705,2009,0.0,603385.0,-0.822897,0.644899,TZA,IND,8502
2024817,227,104,1705,2009,10388.0,1682242.0,-0.573707,-0.036203,UGA,IND,8502
2024818,228,104,1705,2009,85886.0,167765.0,0.602688,0.830247,UKR,IND,8502
2024819,231,104,1705,2009,29722866.0,181534560.0,1.657663,-0.41411400000000004,USA,IND,8502
2024820,232,104,1705,2009,0.0,40921.0,-0.6115470000000001,-0.710622,UZB,IND,8502
2024821,236,104,1705,2009,0.0,135943.0,-0.5847600000000001,-1.150334,VEN,IND,8502
2024822,239,104,1705,2009,3555531.0,2260936.0,-0.27396,1.131199,VNM,IND,8502
2024823,243,104,1705,2009,0.0,259603.0,-0.845426,-1.119091,YEM,IND,8502
2024824,246,104,1705,2009,26397.0,1683024.0,0.316452,1.767795,ZAF,IND,8502
2024825,247,104,1705,2009,0.0,138778.0,-0.6423909999999999,-0.815315,ZMB,IND,8502
2024826,248,104,1705,2009,0.0,41913.0,-0.686822,-0.683511,ZWE,IND,8502
2024827,249,104,1705,2009,76787.0,102679.0,1.5763120000000002,0.9567950000000001,TWN,IND,8502
2024828,250,104,1705,2009,3045590.0,50312.0,0.582246,-0.10603,ANS,IND,8502
2024829,2,110,1705,2009,0.0,609014.0,-0.809438,-1.190006,AGO,ISR,8502
2024830,8,110,1705,2009,0.0,5314.0,0.27637,0.611129,ARG,ISR,8502
2024831,14,110,1705,2009,3898.0,62804.0,-0.109286,0.13586900000000002,AUS,ISR,8502
2024832,15,110,1705,2009,209507.0,0.0,1.651325,-0.020794,AUT,ISR,8502
2024833,18,110,1705,2009,3479204.0,31273.0,1.272011,1.074548,BEL,ISR,8502
2024834,32,110,1705,2009,230050.0,0.0,0.35447199999999995,0.8522360000000001,BRA,ISR,8502
2024835,41,110,1705,2009,516130.0,0.0,2.124438,0.484861,CHE,ISR,8502
2024836,43,110,1705,2009,2587608.0,39790.0,0.898623,2.08703,CHN,ISR,8502
2024837,45,110,1705,2009,0.0,12177.0,-1.128734,-1.022546,CMR,ISR,8502
2024838,47,110,1705,2009,0.0,34080.0,-1.466289,-1.201249,COG,ISR,8502
2024839,52,110,1705,2009,0.0,6090544.0,-0.142465,-0.669277,CRI,ISR,8502
2024840,58,110,1705,2009,62877.0,605.0,0.934193,0.657555,CYP,ISR,8502
2024841,59,110,1705,2009,79606.0,0.0,1.6323159999999999,0.47257200000000005,CZE,ISR,8502
2024842,61,110,1705,2009,1012489.0,457250.0,2.056515,-3.034837,DEU,ISR,8502
2024843,62,110,1705,2009,0.0,85677.0,0.062037,-0.596527,DJI,ISR,8502
2024844,65,110,1705,2009,0.0,1581.0,-0.317894,0.198926,DOM,ISR,8502
2024845,68,110,1705,2009,0.0,33800.0,-0.20940300000000003,1.6466290000000001,EGY,ISR,8502
2024846,71,110,1705,2009,4209.0,41746.0,0.9021020000000001,2.170578,ESP,ISR,8502
2024847,73,110,1705,2009,0.0,66008.0,-0.967483,-0.8219,ETH,ISR,8502
2024848,74,110,1705,2009,0.0,312243.0,1.8206849999999999,0.797421,FIN,ISR,8502
2024849,77,110,1705,2009,2467265.0,99458.0,1.540346,0.090377,FRA,ISR,8502
2024850,80,110,1705,2009,0.0,5363.0,-1.197711,-1.147469,GAB,ISR,8502
2024851,81,110,1705,2009,9401613.0,970841.0,1.7921779999999998,0.41211499999999995,GBR,ISR,8502
2024852,82,110,1705,2009,0.0,128839.0,0.045952,-0.381822,GEO,ISR,8502
2024853,83,110,1705,2009,0.0,342903.0,-0.909436,-0.6619470000000001,GHA,ISR,8502
2024854,85,110,1705,2009,0.0,9000.0,-1.618121,-1.2200520000000001,GIN,ISR,8502
2024855,90,110,1705,2009,4576.0,0.0,0.2196,1.63301,GRC,ISR,8502
2024856,93,110,1705,2009,0.0,20096.0,-0.33276999999999995,0.551257,GTM,ISR,8502
2024857,97,110,1705,2009,549458.0,2931.0,0.654964,1.98672,HKG,ISR,8502
2024858,100,110,1705,2009,0.0,57155.0,0.740174,1.005258,HRV,ISR,8502
2024859,102,110,1705,2009,31368.0,5475.0,1.397765,0.772375,HUN,ISR,8502
2024860,103,110,1705,2009,0.0,686997.0,-0.253835,1.260101,IDN,ISR,8502
2024861,104,110,1705,2009,0.0,48556.0,0.209867,2.254003,IND,ISR,8502
2024862,106,110,1705,2009,8746.0,0.0,1.627233,0.020024,IRL,ISR,8502
2024863,109,110,1705,2009,0.0,1331.0,0.21713200000000002,-0.371812,ISL,ISR,8502
2024864,111,110,1705,2009,249026.0,4705108.0,1.289,0.64549,ITA,ISR,8502
2024865,113,110,1705,2009,0.0,1804.0,0.21374899999999997,0.423774,JOR,ISR,8502
2024866,114,110,1705,2009,1537944.0,0.0,2.306791,-0.251712,JPN,ISR,8502
2024867,116,110,1705,2009,0.0,57393.0,-0.26477399999999995,0.932587,KEN,ISR,8502
2024868,121,110,1705,2009,3810.0,906.0,1.509336,0.784515,KOR,ISR,8502
2024869,138,110,1705,2009,2385330.0,0.0,1.061625,0.719234,MEX,ISR,8502
2024870,159,110,1705,2009,0.0,1979372.0,-1.584051,-1.156247,NGA,ISR,8502
2024871,162,110,1705,2009,200217.0,17873.0,1.1914850000000001,1.3076780000000001,NLD,ISR,8502
2024872,163,110,1705,2009,317893.0,0.0,0.865455,0.082808,NOR,ISR,8502
2024873,166,110,1705,2009,0.0,14699271.0,0.38301999999999997,0.720644,NZL,ISR,8502
2024874,169,110,1705,2009,0.0,2223.0,0.629137,0.5894010000000001,PAN,ISR,8502
2024875,173,110,1705,2009,0.0,2306.0,-0.53304,0.221183,PER,ISR,8502
2024876,174,110,1705,2009,0.0,7806.0,0.34318000000000004,0.095375,PHL,ISR,8502
2024877,177,110,1705,2009,959.0,18696.0,1.11055,1.069074,POL,ISR,8502
2024878,179,110,1705,2009,1706007.0,785.0,0.559189,2.4359919999999997,PRT,ISR,8502
2024879,181,110,1705,2009,4073.0,1227984.0,0.119192,0.6390680000000001,PSE,ISR,8502
2024880,185,110,1705,2009,0.0,9767.0,0.833802,1.024418,ROU,ISR,8502
2024881,186,110,1705,2009,1814.0,43665.0,0.392478,-0.20038399999999998,RUS,ISR,8502
2024882,187,110,1705,2009,0.0,46157.0,-0.31001599999999996,-0.5382170000000001,RWA,ISR,8502
2024883,192,110,1705,2009,100685.0,0.0,1.9503540000000001,0.498033,SGP,ISR,8502
2024884,207,110,1705,2009,0.0,325285.0,1.548036,0.730396,SVN,ISR,8502
2024885,208,110,1705,2009,89323.0,0.0,1.877821,0.336565,SWE,ISR,8502
2024886,216,110,1705,2009,0.0,9911.0,0.79692,1.315501,THA,ISR,8502
2024887,224,110,1705,2009,1840802.0,6275944.0,0.384596,2.3797610000000002,TUR,ISR,8502
2024888,226,110,1705,2009,0.0,6149.0,-0.822897,0.644899,TZA,ISR,8502
2024889,227,110,1705,2009,0.0,11276.0,-0.573707,-0.036203,UGA,ISR,8502
2024890,228,110,1705,2009,0.0,16565.0,0.602688,0.830247,UKR,ISR,8502
2024891,231,110,1705,2009,4414409.0,764227.0,1.657663,-0.41411400000000004,USA,ISR,8502
2024892,239,110,1705,2009,938639.0,0.0,-0.27396,1.131199,VNM,ISR,8502
2024893,249,110,1705,2009,2088.0,0.0,1.5763120000000002,0.9567950000000001,TWN,ISR,8502
2024894,0,111,1705,2009,0.0,1724.0,0.770077,-0.71001,ABW,ITA,8502
2024895,1,111,1705,2009,0.0,1115217.0,-0.424354,-0.563383,AFG,ITA,8502
2024896,2,111,1705,2009,0.0,10316337.0,-0.809438,-1.190006,AGO,ITA,8502
2024897,4,111,1705,2009,18013.0,2252839.0,-0.41612200000000005,-0.256639,ALB,ITA,8502
2024898,6,111,1705,2009,0.0,90567.0,0.351025,-0.699817,ANT,ITA,8502
2024899,7,111,1705,2009,0.0,9755579.0,0.070059,-0.619075,ARE,ITA,8502
2024900,8,111,1705,2009,0.0,117774.0,0.27637,0.611129,ARG,ITA,8502
2024901,9,111,1705,2009,0.0,12884.0,0.24424899999999997,-0.30152399999999996,ARM,ITA,8502
2024902,13,111,1705,2009,0.0,2045.0,0.930903,0.279441,ATG,ITA,8502
2024903,14,111,1705,2009,0.0,1547047.0,-0.109286,0.13586900000000002,AUS,ITA,8502
2024904,15,111,1705,2009,5256802.0,5091573.0,1.651325,-0.020794,AUT,ITA,8502
2024905,16,111,1705,2009,0.0,26239.0,-1.124423,-1.228081,AZE,ITA,8502
2024906,17,111,1705,2009,0.0,38712.0,-0.43971099999999996,-0.575079,BDI,ITA,8502
2024907,18,111,1705,2009,6796144.0,1508429.0,1.272011,1.074548,BEL,ITA,8502
2024908,19,111,1705,2009,0.0,1058860.0,-0.93195,-0.813017,BEN,ITA,8502
2024909,21,111,1705,2009,0.0,53979.0,-1.283807,-1.061272,BFA,ITA,8502
2024910,22,111,1705,2009,11477.0,750133.0,-1.030722,-0.860137,BGD,ITA,8502
2024911,23,111,1705,2009,14328.0,6344382.0,0.373594,1.571413,BGR,ITA,8502
2024912,24,111,1705,2009,0.0,317288.0,0.250645,-0.767742,BHR,ITA,8502
2024913,25,111,1705,2009,0.0,16516.0,0.5451729999999999,-0.496575,BHS,ITA,8502
2024914,26,111,1705,2009,0.0,371313.0,0.519113,0.762582,BIH,ITA,8502
2024915,28,111,1705,2009,0.0,101068.0,0.977663,0.549549,BLR,ITA,8502
2024916,32,111,1705,2009,0.0,2173663.0,0.35447199999999995,0.8522360000000001,BRA,ITA,8502
2024917,38,111,1705,2009,0.0,18044.0,-0.5777260000000001,-0.839981,CAF,ITA,8502
2024918,39,111,1705,2009,13160.0,4858837.0,0.6778069999999999,1.278402,CAN,ITA,8502
2024919,41,111,1705,2009,18375851.0,3440335.0,2.124438,0.484861,CHE,ITA,8502
2024920,42,111,1705,2009,0.0,1320848.0,-0.219521,-0.34239,CHL,ITA,8502
2024921,43,111,1705,2009,35045913.0,35798872.0,0.898623,2.08703,CHN,ITA,8502
2024922,44,111,1705,2009,0.0,913922.0,-0.924681,-0.801371,CIV,ITA,8502
2024923,45,111,1705,2009,2015.0,396397.0,-1.128734,-1.022546,CMR,ITA,8502
2024924,46,111,1705,2009,0.0,271067.0,-1.532165,-1.160269,COD,ITA,8502
2024925,47,111,1705,2009,0.0,1451429.0,-1.466289,-1.201249,COG,ITA,8502
2024926,49,111,1705,2009,0.0,28559.0,0.263416,0.38947,COL,ITA,8502
2024927,51,111,1705,2009,0.0,296745.0,0.32592600000000005,-0.531697,CPV,ITA,8502
2024928,52,111,1705,2009,0.0,8918.0,-0.142465,-0.669277,CRI,ITA,8502
2024929,58,111,1705,2009,0.0,7107406.0,0.934193,0.657555,CYP,ITA,8502
2024930,59,111,1705,2009,4085758.0,1093655.0,1.6323159999999999,0.47257200000000005,CZE,ITA,8502
2024931,61,111,1705,2009,132682162.0,17094032.0,2.056515,-3.034837,DEU,ITA,8502
2024932,62,111,1705,2009,0.0,636545.0,0.062037,-0.596527,DJI,ITA,8502
2024933,64,111,1705,2009,35306100.0,3056099.0,1.242327,1.064709,DNK,ITA,8502
2024934,65,111,1705,2009,14317.0,353201.0,-0.317894,0.198926,DOM,ITA,8502
2024935,66,111,1705,2009,60660.0,31391721.0,-1.161786,-1.188669,DZA,ITA,8502
2024936,67,111,1705,2009,0.0,222397.0,-0.92724,-0.965628,ECU,ITA,8502
2024937,68,111,1705,2009,2724.0,5182090.0,-0.20940300000000003,1.6466290000000001,EGY,ITA,8502
2024938,69,111,1705,2009,0.0,4962667.0,0.081675,-0.37700100000000003,ERI,ITA,8502
2024939,71,111,1705,2009,138358338.0,12972095.0,0.9021020000000001,2.170578,ESP,ITA,8502
2024940,72,111,1705,2009,0.0,232329.0,0.749058,1.269572,EST,ITA,8502
2024941,73,111,1705,2009,0.0,3117455.0,-0.967483,-0.8219,ETH,ITA,8502
2024942,74,111,1705,2009,25209999.0,1945921.0,1.8206849999999999,0.797421,FIN,ITA,8502
2024943,77,111,1705,2009,9160699.0,14554433.0,1.540346,0.090377,FRA,ITA,8502
2024944,80,111,1705,2009,0.0,597894.0,-1.197711,-1.147469,GAB,ITA,8502
2024945,81,111,1705,2009,18062955.0,27186669.0,1.7921779999999998,0.41211499999999995,GBR,ITA,8502
2024946,82,111,1705,2009,0.0,360835.0,0.045952,-0.381822,GEO,ITA,8502
2024947,83,111,1705,2009,0.0,567185.0,-0.909436,-0.6619470000000001,GHA,ITA,8502
2024948,84,111,1705,2009,0.0,3982.0,0.9646979999999999,-0.461183,GIB,ITA,8502
2024949,85,111,1705,2009,0.0,248987.0,-1.618121,-1.2200520000000001,GIN,ITA,8502
2024950,87,111,1705,2009,0.0,75802.0,-0.573979,-0.644636,GMB,ITA,8502
2024951,88,111,1705,2009,0.0,83393.0,-0.6868890000000001,-0.9243459999999999,GNB,ITA,8502
2024952,89,111,1705,2009,0.0,3108327.0,-1.426661,-0.9459870000000001,GNQ,ITA,8502
2024953,90,111,1705,2009,34084.0,4420408.0,0.2196,1.63301,GRC,ITA,8502
2024954,91,111,1705,2009,0.0,867.0,0.035948,-0.586996,GRD,ITA,8502
2024955,93,111,1705,2009,0.0,8793.0,-0.33276999999999995,0.551257,GTM,ITA,8502
2024956,97,111,1705,2009,0.0,83038.0,0.654964,1.98672,HKG,ITA,8502
2024957,99,111,1705,2009,0.0,2849.0,-0.587607,-0.189167,HND,ITA,8502
2024958,100,111,1705,2009,12833.0,2535232.0,0.740174,1.005258,HRV,ITA,8502
2024959,102,111,1705,2009,3861112.0,4791981.0,1.397765,0.772375,HUN,ITA,8502
2024960,103,111,1705,2009,0.0,286541.0,-0.253835,1.260101,IDN,ITA,8502
2024961,104,111,1705,2009,1848564.0,3447250.0,0.209867,2.254003,IND,ITA,8502
2024962,106,111,1705,2009,0.0,872734.0,1.627233,0.020024,IRL,ITA,8502
2024963,107,111,1705,2009,0.0,6075100.0,-1.185702,-1.1049360000000001,IRN,ITA,8502
2024964,108,111,1705,2009,0.0,3443542.0,-1.1683270000000001,-0.9517459999999999,IRQ,ITA,8502
2024965,109,111,1705,2009,0.0,32069.0,0.21713200000000002,-0.371812,ISL,ITA,8502
2024966,110,111,1705,2009,4705108.0,249026.0,1.226438,0.816299,ISR,ITA,8502
2024967,112,111,1705,2009,0.0,2623249.0,-0.083743,-0.6222479999999999,JAM,ITA,8502
2024968,113,111,1705,2009,0.0,539897.0,0.21374899999999997,0.423774,JOR,ITA,8502
2024969,114,111,1705,2009,1681909.0,299127.0,2.306791,-0.251712,JPN,ITA,8502
2024970,115,111,1705,2009,2672.0,2590032.0,-0.6547970000000001,-0.772256,KAZ,ITA,8502
2024971,116,111,1705,2009,153258.0,6374631.0,-0.26477399999999995,0.932587,KEN,ITA,8502
2024972,118,111,1705,2009,0.0,8521.0,-1.194288,-1.09924,KHM,ITA,8502
2024973,121,111,1705,2009,2731010.0,874482.0,1.509336,0.784515,KOR,ITA,8502
2024974,122,111,1705,2009,1065623.0,934317.0,-1.386993,-1.203527,KWT,ITA,8502
2024975,124,111,1705,2009,0.0,1963650.0,0.48618599999999995,1.4748620000000001,LBN,ITA,8502
2024976,125,111,1705,2009,0.0,1217987.0,-0.07508,-0.994632,LBR,ITA,8502
2024977,126,111,1705,2009,0.0,19144014.0,-1.196032,-1.1829,LBY,ITA,8502
2024978,128,111,1705,2009,79981.0,18989.0,-0.653836,0.174403,LKA,ITA,8502
2024979,130,111,1705,2009,0.0,789613.0,0.647736,1.150962,LTU,ITA,8502
2024980,131,111,1705,2009,0.0,162024.0,1.323336,1.026341,LUX,ITA,8502
2024981,132,111,1705,2009,0.0,725088.0,0.675643,0.99977,LVA,ITA,8502
2024982,134,111,1705,2009,2689.0,2226881.0,-0.48819300000000004,0.173952,MAR,ITA,8502
2024983,135,111,1705,2009,0.0,74556.0,0.009281999999999999,-0.039299,MDA,ITA,8502
2024984,136,111,1705,2009,12816.0,88444.0,-1.0356610000000002,-0.198062,MDG,ITA,8502
2024985,138,111,1705,2009,54506.0,89801.0,1.061625,0.719234,MEX,ITA,8502
2024986,140,111,1705,2009,0.0,294766.0,-0.14890499999999998,0.405505,MKD,ITA,8502
2024987,141,111,1705,2009,0.0,79225.0,-0.84835,-0.780324,MLI,ITA,8502
2024988,142,111,1705,2009,19983.0,2895314.0,1.233965,-0.016763,MLT,ITA,8502
2024989,143,111,1705,2009,0.0,49656.0,-1.6459529999999998,-1.186635,MMR,ITA,8502
2024990,144,111,1705,2009,0.0,616494.0,0.19963499999999998,-0.073107,MNE,ITA,8502
2024991,147,111,1705,2009,0.0,136599.0,-1.0023090000000001,-0.844765,MOZ,ITA,8502
2024992,148,111,1705,2009,0.0,575663.0,-1.761436,-1.2898479999999999,MRT,ITA,8502
2024993,151,111,1705,2009,0.0,98539.0,-0.198194,0.067014,MUS,ITA,8502
2024994,152,111,1705,2009,0.0,19571.0,-1.571672,-1.244864,MWI,ITA,8502
2024995,153,111,1705,2009,0.0,756742.0,0.8718229999999999,0.607429,MYS,ITA,8502
2024996,154,111,1705,2009,0.0,62904.0,1.173729,-0.08655800000000001,MYT,ITA,8502
2024997,156,111,1705,2009,9120.0,18665.0,1.323528,0.523435,NCL,ITA,8502
2024998,157,111,1705,2009,0.0,8170.0,-1.306036,-0.956361,NER,ITA,8502
2024999,159,111,1705,2009,0.0,3336292.0,-1.584051,-1.156247,NGA,ITA,8502
2025000,160,111,1705,2009,0.0,90961.0,-0.924057,-0.809557,NIC,ITA,8502
2025001,162,111,1705,2009,3231923.0,4375079.0,1.1914850000000001,1.3076780000000001,NLD,ITA,8502
2025002,163,111,1705,2009,10053.0,12197244.0,0.865455,0.082808,NOR,ITA,8502
2025003,164,111,1705,2009,0.0,43586.0,-0.324434,1.076908,NPL,ITA,8502
2025004,166,111,1705,2009,0.0,800124.0,0.38301999999999997,0.720644,NZL,ITA,8502
2025005,167,111,1705,2009,1732.0,2415118.0,-0.691918,-1.015434,OMN,ITA,8502
2025006,168,111,1705,2009,2904.0,616142.0,-0.514907,0.44733100000000003,PAK,ITA,8502
2025007,169,111,1705,2009,0.0,94785.0,0.629137,0.5894010000000001,PAN,ITA,8502
2025008,173,111,1705,2009,0.0,434790.0,-0.53304,0.221183,PER,ITA,8502
2025009,174,111,1705,2009,0.0,72373.0,0.34318000000000004,0.095375,PHL,ITA,8502
2025010,176,111,1705,2009,0.0,68108.0,-1.90537,-1.2462030000000002,PNG,ITA,8502
2025011,177,111,1705,2009,3085.0,4667872.0,1.11055,1.069074,POL,ITA,8502
2025012,178,111,1705,2009,0.0,42470.0,0.608089,0.709831,PRK,ITA,8502
2025013,179,111,1705,2009,99109.0,4096730.0,0.559189,2.4359919999999997,PRT,ITA,8502
2025014,180,111,1705,2009,0.0,63847.0,-0.564858,-0.941735,PRY,ITA,8502
2025015,182,111,1705,2009,4932.0,0.0,-0.440014,-0.835513,PYF,ITA,8502
2025016,183,111,1705,2009,318811.0,6750961.0,-0.484947,-1.07179,QAT,ITA,8502
2025017,185,111,1705,2009,11907.0,3541359.0,0.833802,1.024418,ROU,ITA,8502
2025018,186,111,1705,2009,7088.0,5474353.0,0.392478,-0.20038399999999998,RUS,ITA,8502
2025019,187,111,1705,2009,0.0,372246.0,-0.31001599999999996,-0.5382170000000001,RWA,ITA,8502
2025020,188,111,1705,2009,466070.0,16762756.0,0.300581,-0.813199,SAU,ITA,8502
2025021,190,111,1705,2009,0.0,4152066.0,-2.2948020000000002,-1.3182040000000002,SDN,ITA,8502
2025022,191,111,1705,2009,0.0,1787824.0,-0.53392,-0.415513,SEN,ITA,8502
2025023,192,111,1705,2009,243703.0,10521818.0,1.9503540000000001,0.498033,SGP,ITA,8502
2025024,193,111,1705,2009,0.0,10088.0,0.402905,-0.810702,SGS,ITA,8502
2025025,195,111,1705,2009,0.0,6226.0,-1.9380110000000002,-1.06035,SLB,ITA,8502
2025026,196,111,1705,2009,0.0,67843.0,0.06259400000000001,-0.273258,SLE,ITA,8502
2025027,197,111,1705,2009,0.0,47813.0,-0.19729100000000002,0.23434899999999997,SLV,ITA,8502
2025028,201,111,1705,2009,6730.0,1255145.0,0.531766,1.477837,SRB,ITA,8502
2025029,206,111,1705,2009,11876.0,409639.0,1.231382,0.820968,SVK,ITA,8502
2025030,207,111,1705,2009,25167.0,2207827.0,1.548036,0.730396,SVN,ITA,8502
2025031,208,111,1705,2009,613234.0,4033083.0,1.877821,0.336565,SWE,ITA,8502
2025032,211,111,1705,2009,0.0,45164.0,-0.16046400000000002,-0.81512,SYC,ITA,8502
2025033,212,111,1705,2009,0.0,9298812.0,-0.48481199999999997,1.464509,SYR,ITA,8502
2025034,214,111,1705,2009,0.0,3146238.0,-1.294648,-0.9645020000000001,TCD,ITA,8502
2025035,215,111,1705,2009,0.0,1164826.0,-0.561619,-0.759929,TGO,ITA,8502
2025036,216,111,1705,2009,18938.0,20292801.0,0.79692,1.315501,THA,ITA,8502
2025037,217,111,1705,2009,0.0,1980.0,-1.0237319999999999,-1.1837950000000002,TJK,ITA,8502
2025038,219,111,1705,2009,0.0,2728138.0,-1.060378,-1.17279,TKM,ITA,8502
2025039,222,111,1705,2009,0.0,192227.0,-0.508195,-1.097365,TTO,ITA,8502
2025040,223,111,1705,2009,44565.0,3351841.0,0.044903,0.9126120000000001,TUN,ITA,8502
2025041,224,111,1705,2009,575735.0,29820875.0,0.384596,2.3797610000000002,TUR,ITA,8502
2025042,226,111,1705,2009,0.0,592280.0,-0.822897,0.644899,TZA,ITA,8502
2025043,227,111,1705,2009,108095.0,1309567.0,-0.573707,-0.036203,UGA,ITA,8502
2025044,228,111,1705,2009,0.0,303311.0,0.602688,0.830247,UKR,ITA,8502
2025045,231,111,1705,2009,46404746.0,12416426.0,1.657663,-0.41411400000000004,USA,ITA,8502
2025046,232,111,1705,2009,0.0,19758.0,-0.6115470000000001,-0.710622,UZB,ITA,8502
2025047,236,111,1705,2009,14309.0,1759001.0,-0.5847600000000001,-1.150334,VEN,ITA,8502
2025048,239,111,1705,2009,0.0,1024642.0,-0.27396,1.131199,VNM,ITA,8502
2025049,243,111,1705,2009,361239.0,3093441.0,-0.845426,-1.119091,YEM,ITA,8502
2025050,246,111,1705,2009,180864.0,2620756.0,0.316452,1.767795,ZAF,ITA,8502
2025051,247,111,1705,2009,0.0,108922.0,-0.6423909999999999,-0.815315,ZMB,ITA,8502
2025052,248,111,1705,2009,0.0,137487.0,-0.686822,-0.683511,ZWE,ITA,8502
2025053,249,111,1705,2009,59080.0,66955.0,1.5763120000000002,0.9567950000000001,TWN,ITA,8502
2025054,250,111,1705,2009,0.0,206214.0,0.582246,-0.10603,ANS,ITA,8502
2025055,6,112,1705,2009,0.0,738046.0,0.351025,-0.699817,ANT,JAM,8502
2025056,18,112,1705,2009,1923.0,0.0,1.272011,1.074548,BEL,JAM,8502
2025057,32,112,1705,2009,42436.0,0.0,0.35447199999999995,0.8522360000000001,BRA,JAM,8502
2025058,39,112,1705,2009,107968.0,201108.0,0.6778069999999999,1.278402,CAN,JAM,8502
2025059,41,112,1705,2009,380.0,0.0,2.124438,0.484861,CHE,JAM,8502
2025060,42,112,1705,2009,0.0,9694.0,-0.219521,-0.34239,CHL,JAM,8502
2025061,43,112,1705,2009,792778.0,0.0,0.898623,2.08703,CHN,JAM,8502
2025062,52,112,1705,2009,0.0,18664.0,-0.142465,-0.669277,CRI,JAM,8502
2025063,64,112,1705,2009,170535.0,0.0,1.242327,1.064709,DNK,JAM,8502
2025064,65,112,1705,2009,0.0,15094.0,-0.317894,0.198926,DOM,JAM,8502
2025065,71,112,1705,2009,72634.0,2920.0,0.9021020000000001,2.170578,ESP,JAM,8502
2025066,77,112,1705,2009,710131.0,0.0,1.540346,0.090377,FRA,JAM,8502
2025067,81,112,1705,2009,1485153.0,2403.0,1.7921779999999998,0.41211499999999995,GBR,JAM,8502
2025068,106,112,1705,2009,39465.0,0.0,1.627233,0.020024,IRL,JAM,8502
2025069,111,112,1705,2009,2623249.0,0.0,1.289,0.64549,ITA,JAM,8502
2025070,114,112,1705,2009,59283.0,0.0,2.306791,-0.251712,JPN,JAM,8502
2025071,127,112,1705,2009,13333.0,40351.0,0.34839699999999996,-0.531658,LCA,JAM,8502
2025072,138,112,1705,2009,638186.0,0.0,1.061625,0.719234,MEX,JAM,8502
2025073,169,112,1705,2009,318113.0,17267.0,0.629137,0.5894010000000001,PAN,JAM,8502
2025074,205,112,1705,2009,0.0,69000.0,-0.580507,-1.072833,SUR,JAM,8502
2025075,222,112,1705,2009,1820.0,60354.0,-0.508195,-1.097365,TTO,JAM,8502
2025076,230,112,1705,2009,5797.0,0.0,0.260419,-0.171944,URY,JAM,8502
2025077,231,112,1705,2009,1791300.0,290966.0,1.657663,-0.41411400000000004,USA,JAM,8502
2025078,0,114,1705,2009,0.0,38229.0,0.770077,-0.71001,ABW,JPN,8502
2025079,1,114,1705,2009,0.0,205044.0,-0.424354,-0.563383,AFG,JPN,8502
2025080,2,114,1705,2009,0.0,2071540.0,-0.809438,-1.190006,AGO,JPN,8502
2025081,6,114,1705,2009,0.0,244131.0,0.351025,-0.699817,ANT,JPN,8502
2025082,7,114,1705,2009,0.0,19982791.0,0.070059,-0.619075,ARE,JPN,8502
2025083,8,114,1705,2009,0.0,327011.0,0.27637,0.611129,ARG,JPN,8502
2025084,9,114,1705,2009,0.0,7532621.0,0.24424899999999997,-0.30152399999999996,ARM,JPN,8502
2025085,13,114,1705,2009,0.0,57421.0,0.930903,0.279441,ATG,JPN,8502
2025086,14,114,1705,2009,82014.0,26902409.0,-0.109286,0.13586900000000002,AUS,JPN,8502
2025087,15,114,1705,2009,4258640.0,263556.0,1.651325,-0.020794,AUT,JPN,8502
2025088,16,114,1705,2009,0.0,71244.0,-1.124423,-1.228081,AZE,JPN,8502
2025089,17,114,1705,2009,0.0,28547.0,-0.43971099999999996,-0.575079,BDI,JPN,8502
2025090,18,114,1705,2009,1374.0,6846259.0,1.272011,1.074548,BEL,JPN,8502
2025091,19,114,1705,2009,0.0,996.0,-0.93195,-0.813017,BEN,JPN,8502
2025092,21,114,1705,2009,0.0,768.0,-1.283807,-1.061272,BFA,JPN,8502
2025093,22,114,1705,2009,0.0,3415761.0,-1.030722,-0.860137,BGD,JPN,8502
2025094,23,114,1705,2009,0.0,2645280.0,0.373594,1.571413,BGR,JPN,8502
2025095,24,114,1705,2009,0.0,453118.0,0.250645,-0.767742,BHR,JPN,8502
2025096,28,114,1705,2009,0.0,38226.0,0.977663,0.549549,BLR,JPN,8502
2025097,29,114,1705,2009,0.0,42455.0,-1.0464040000000001,-0.949774,BLZ,JPN,8502
2025098,31,114,1705,2009,0.0,26567.0,-0.909969,-0.8899879999999999,BOL,JPN,8502
2025099,32,114,1705,2009,136948.0,2476769.0,0.35447199999999995,0.8522360000000001,BRA,JPN,8502
2025100,33,114,1705,2009,0.0,12409.0,0.8652620000000001,0.796057,BRB,JPN,8502
2025101,34,114,1705,2009,0.0,4594486.0,-1.371042,-0.9792120000000001,BRN,JPN,8502
2025102,35,114,1705,2009,0.0,3974.0,-0.16578900000000002,-0.7013560000000001,BTN,JPN,8502
2025103,38,114,1705,2009,0.0,16376.0,-0.5777260000000001,-0.839981,CAF,JPN,8502
2025104,39,114,1705,2009,22582.0,38933574.0,0.6778069999999999,1.278402,CAN,JPN,8502
2025105,41,114,1705,2009,31076.0,914170.0,2.124438,0.484861,CHE,JPN,8502
2025106,42,114,1705,2009,0.0,59752482.0,-0.219521,-0.34239,CHL,JPN,8502
2025107,43,114,1705,2009,7905633.0,270370952.0,0.898623,2.08703,CHN,JPN,8502
2025108,44,114,1705,2009,0.0,12103.0,-0.924681,-0.801371,CIV,JPN,8502
2025109,45,114,1705,2009,0.0,112607.0,-1.128734,-1.022546,CMR,JPN,8502
2025110,46,114,1705,2009,0.0,175800.0,-1.532165,-1.160269,COD,JPN,8502
2025111,47,114,1705,2009,0.0,89586.0,-1.466289,-1.201249,COG,JPN,8502
2025112,49,114,1705,2009,0.0,3143434.0,0.263416,0.38947,COL,JPN,8502
2025113,52,114,1705,2009,0.0,96245.0,-0.142465,-0.669277,CRI,JPN,8502
2025114,54,114,1705,2009,0.0,3946913.0,0.188114,-0.819958,CUB,JPN,8502
2025115,58,114,1705,2009,0.0,30396818.0,0.934193,0.657555,CYP,JPN,8502
2025116,59,114,1705,2009,0.0,136683.0,1.6323159999999999,0.47257200000000005,CZE,JPN,8502
2025117,61,114,1705,2009,44370096.0,4141799.0,2.056515,-3.034837,DEU,JPN,8502
2025118,62,114,1705,2009,0.0,114935.0,0.062037,-0.596527,DJI,JPN,8502
2025119,63,114,1705,2009,0.0,46293.0,0.348966,-0.09711399999999999,DMA,JPN,8502
2025120,64,114,1705,2009,1053963.0,1113501.0,1.242327,1.064709,DNK,JPN,8502
2025121,65,114,1705,2009,0.0,1036242.0,-0.317894,0.198926,DOM,JPN,8502
2025122,66,114,1705,2009,0.0,4247010.0,-1.161786,-1.188669,DZA,JPN,8502
2025123,67,114,1705,2009,0.0,524620.0,-0.92724,-0.965628,ECU,JPN,8502
2025124,68,114,1705,2009,4916.0,4009670.0,-0.20940300000000003,1.6466290000000001,EGY,JPN,8502
2025125,69,114,1705,2009,0.0,30252.0,0.081675,-0.37700100000000003,ERI,JPN,8502
2025126,71,114,1705,2009,153993.0,3345530.0,0.9021020000000001,2.170578,ESP,JPN,8502
2025127,72,114,1705,2009,0.0,12741.0,0.749058,1.269572,EST,JPN,8502
2025128,73,114,1705,2009,0.0,186251.0,-0.967483,-0.8219,ETH,JPN,8502
2025129,74,114,1705,2009,14401.0,9275514.0,1.8206849999999999,0.797421,FIN,JPN,8502
2025130,75,114,1705,2009,0.0,111880.0,-0.785772,-0.305228,FJI,JPN,8502
2025131,77,114,1705,2009,589704.0,3801545.0,1.540346,0.090377,FRA,JPN,8502
2025132,78,114,1705,2009,0.0,4078.0,-0.437934,-0.8733879999999999,FRO,JPN,8502
2025133,79,114,1705,2009,0.0,157442.0,-1.011055,-0.983978,FSM,JPN,8502
2025134,80,114,1705,2009,0.0,21224.0,-1.197711,-1.147469,GAB,JPN,8502
2025135,81,114,1705,2009,1208692.0,4904667.0,1.7921779999999998,0.41211499999999995,GBR,JPN,8502
2025136,82,114,1705,2009,0.0,4076.0,0.045952,-0.381822,GEO,JPN,8502
2025137,83,114,1705,2009,0.0,49422.0,-0.909436,-0.6619470000000001,GHA,JPN,8502
2025138,85,114,1705,2009,0.0,9863.0,-1.618121,-1.2200520000000001,GIN,JPN,8502
2025139,90,114,1705,2009,0.0,2764651.0,0.2196,1.63301,GRC,JPN,8502
2025140,93,114,1705,2009,0.0,90695.0,-0.33276999999999995,0.551257,GTM,JPN,8502
2025141,95,114,1705,2009,0.0,380942.0,0.518098,-0.124172,GUM,JPN,8502
2025142,96,114,1705,2009,0.0,75398.0,-1.0557809999999999,-1.055825,GUY,JPN,8502
2025143,97,114,1705,2009,0.0,6673368.0,0.654964,1.98672,HKG,JPN,8502
2025144,99,114,1705,2009,0.0,7478.0,-0.587607,-0.189167,HND,JPN,8502
2025145,100,114,1705,2009,175714.0,85745.0,0.740174,1.005258,HRV,JPN,8502
2025146,101,114,1705,2009,0.0,2860969.0,-1.406148,-1.108465,HTI,JPN,8502
2025147,102,114,1705,2009,0.0,108609.0,1.397765,0.772375,HUN,JPN,8502
2025148,103,114,1705,2009,1990111.0,14354859.0,-0.253835,1.260101,IDN,JPN,8502
2025149,104,114,1705,2009,18717.0,6133446.0,0.209867,2.254003,IND,JPN,8502
2025150,106,114,1705,2009,13497.0,52166.0,1.627233,0.020024,IRL,JPN,8502
2025151,107,114,1705,2009,0.0,2611082.0,-1.185702,-1.1049360000000001,IRN,JPN,8502
2025152,108,114,1705,2009,0.0,401535.0,-1.1683270000000001,-0.9517459999999999,IRQ,JPN,8502
2025153,109,114,1705,2009,0.0,962.0,0.21713200000000002,-0.371812,ISL,JPN,8502
2025154,110,114,1705,2009,0.0,1537944.0,1.226438,0.816299,ISR,JPN,8502
2025155,111,114,1705,2009,299127.0,1681909.0,1.289,0.64549,ITA,JPN,8502
2025156,112,114,1705,2009,0.0,59283.0,-0.083743,-0.6222479999999999,JAM,JPN,8502
2025157,113,114,1705,2009,0.0,37327.0,0.21374899999999997,0.423774,JOR,JPN,8502
2025158,115,114,1705,2009,0.0,393279.0,-0.6547970000000001,-0.772256,KAZ,JPN,8502
2025159,116,114,1705,2009,0.0,738348.0,-0.26477399999999995,0.932587,KEN,JPN,8502
2025160,117,114,1705,2009,0.0,19398.0,-0.251815,0.144822,KGZ,JPN,8502
2025161,118,114,1705,2009,0.0,2630632.0,-1.194288,-1.09924,KHM,JPN,8502
2025162,119,114,1705,2009,0.0,35438.0,-0.41403999999999996,-0.8960100000000001,KIR,JPN,8502
2025163,121,114,1705,2009,6882752.0,134237680.0,1.509336,0.784515,KOR,JPN,8502
2025164,122,114,1705,2009,0.0,2557588.0,-1.386993,-1.203527,KWT,JPN,8502
2025165,123,114,1705,2009,0.0,15019.0,-1.235693,-1.0440040000000002,LAO,JPN,8502
2025166,124,114,1705,2009,0.0,1093955.0,0.48618599999999995,1.4748620000000001,LBN,JPN,8502
2025167,125,114,1705,2009,0.0,212356.0,-0.07508,-0.994632,LBR,JPN,8502
2025168,126,114,1705,2009,0.0,44121124.0,-1.196032,-1.1829,LBY,JPN,8502
2025169,127,114,1705,2009,0.0,4062.0,0.34839699999999996,-0.531658,LCA,JPN,8502
2025170,128,114,1705,2009,0.0,2109924.0,-0.653836,0.174403,LKA,JPN,8502
2025171,129,114,1705,2009,0.0,92.0,-1.446041,-1.102158,LSO,JPN,8502
2025172,130,114,1705,2009,0.0,103802.0,0.647736,1.150962,LTU,JPN,8502
2025173,131,114,1705,2009,14214.0,4562.0,1.323336,1.026341,LUX,JPN,8502
2025174,132,114,1705,2009,0.0,145294.0,0.675643,0.99977,LVA,JPN,8502
2025175,133,114,1705,2009,0.0,117896.0,0.450395,0.6237739999999999,MAC,JPN,8502
2025176,134,114,1705,2009,0.0,103893.0,-0.48819300000000004,0.173952,MAR,JPN,8502
2025177,135,114,1705,2009,0.0,589.0,0.009281999999999999,-0.039299,MDA,JPN,8502
2025178,136,114,1705,2009,0.0,7133.0,-1.0356610000000002,-0.198062,MDG,JPN,8502
2025179,138,114,1705,2009,0.0,2691790.0,1.061625,0.719234,MEX,JPN,8502
2025180,139,114,1705,2009,0.0,91594.0,-0.960635,-0.99724,MHL,JPN,8502
2025181,140,114,1705,2009,0.0,469.0,-0.14890499999999998,0.405505,MKD,JPN,8502
2025182,142,114,1705,2009,0.0,86688.0,1.233965,-0.016763,MLT,JPN,8502
2025183,143,114,1705,2009,0.0,2899036.0,-1.6459529999999998,-1.186635,MMR,JPN,8502
2025184,144,114,1705,2009,0.0,2772.0,0.19963499999999998,-0.073107,MNE,JPN,8502
2025185,145,114,1705,2009,0.0,379312.0,-0.825506,-1.067644,MNG,JPN,8502
2025186,146,114,1705,2009,0.0,27079.0,0.500134,-0.0069489999999999994,MNP,JPN,8502
2025187,147,114,1705,2009,0.0,1115.0,-1.0023090000000001,-0.844765,MOZ,JPN,8502
2025188,151,114,1705,2009,0.0,42877.0,-0.198194,0.067014,MUS,JPN,8502
2025189,153,114,1705,2009,2749930.0,5863438.0,0.8718229999999999,0.607429,MYS,JPN,8502
2025190,154,114,1705,2009,0.0,3159.0,1.173729,-0.08655800000000001,MYT,JPN,8502
2025191,155,114,1705,2009,0.0,88040.0,-0.081207,-0.075292,NAM,JPN,8502
2025192,156,114,1705,2009,9895.0,8825.0,1.323528,0.523435,NCL,JPN,8502
2025193,157,114,1705,2009,0.0,18146.0,-1.306036,-0.956361,NER,JPN,8502
2025194,159,114,1705,2009,0.0,6764607.0,-1.584051,-1.156247,NGA,JPN,8502
2025195,160,114,1705,2009,0.0,74926.0,-0.924057,-0.809557,NIC,JPN,8502
2025196,162,114,1705,2009,517501.0,1388705.0,1.1914850000000001,1.3076780000000001,NLD,JPN,8502
2025197,163,114,1705,2009,0.0,1401038.0,0.865455,0.082808,NOR,JPN,8502
2025198,164,114,1705,2009,0.0,931498.0,-0.324434,1.076908,NPL,JPN,8502
2025199,166,114,1705,2009,1722.0,1324316.0,0.38301999999999997,0.720644,NZL,JPN,8502
2025200,167,114,1705,2009,0.0,1460545.0,-0.691918,-1.015434,OMN,JPN,8502
2025201,168,114,1705,2009,2541.0,10175340.0,-0.514907,0.44733100000000003,PAK,JPN,8502
2025202,169,114,1705,2009,0.0,949765.0,0.629137,0.5894010000000001,PAN,JPN,8502
2025203,173,114,1705,2009,0.0,812506.0,-0.53304,0.221183,PER,JPN,8502
2025204,174,114,1705,2009,26584.0,45490887.0,0.34318000000000004,0.095375,PHL,JPN,8502
2025205,175,114,1705,2009,0.0,105206.0,0.408333,-0.826412,PLW,JPN,8502
2025206,176,114,1705,2009,0.0,301162.0,-1.90537,-1.2462030000000002,PNG,JPN,8502
2025207,177,114,1705,2009,0.0,294043.0,1.11055,1.069074,POL,JPN,8502
2025208,179,114,1705,2009,0.0,329289.0,0.559189,2.4359919999999997,PRT,JPN,8502
2025209,180,114,1705,2009,0.0,6600.0,-0.564858,-0.941735,PRY,JPN,8502
2025210,182,114,1705,2009,0.0,53146.0,-0.440014,-0.835513,PYF,JPN,8502
2025211,183,114,1705,2009,0.0,731213.0,-0.484947,-1.07179,QAT,JPN,8502
2025212,185,114,1705,2009,0.0,609612.0,0.833802,1.024418,ROU,JPN,8502
2025213,186,114,1705,2009,1129512.0,14463877.0,0.392478,-0.20038399999999998,RUS,JPN,8502
2025214,187,114,1705,2009,0.0,7083.0,-0.31001599999999996,-0.5382170000000001,RWA,JPN,8502
2025215,188,114,1705,2009,183146.0,13955576.0,0.300581,-0.813199,SAU,JPN,8502
2025216,190,114,1705,2009,0.0,544074.0,-2.2948020000000002,-1.3182040000000002,SDN,JPN,8502
2025217,191,114,1705,2009,0.0,22946.0,-0.53392,-0.415513,SEN,JPN,8502
2025218,192,114,1705,2009,586929.0,44435919.0,1.9503540000000001,0.498033,SGP,JPN,8502
2025219,195,114,1705,2009,0.0,56231.0,-1.9380110000000002,-1.06035,SLB,JPN,8502
2025220,196,114,1705,2009,0.0,12157.0,0.06259400000000001,-0.273258,SLE,JPN,8502
2025221,197,114,1705,2009,0.0,30275.0,-0.19729100000000002,0.23434899999999997,SLV,JPN,8502
2025222,201,114,1705,2009,3739.0,2361.0,0.531766,1.477837,SRB,JPN,8502
2025223,205,114,1705,2009,0.0,156595.0,-0.580507,-1.072833,SUR,JPN,8502
2025224,206,114,1705,2009,0.0,105376.0,1.231382,0.820968,SVK,JPN,8502
2025225,207,114,1705,2009,0.0,81788.0,1.548036,0.730396,SVN,JPN,8502
2025226,208,114,1705,2009,10126.0,73621.0,1.877821,0.336565,SWE,JPN,8502
2025227,211,114,1705,2009,0.0,43952.0,-0.16046400000000002,-0.81512,SYC,JPN,8502
2025228,212,114,1705,2009,0.0,2425.0,-0.48481199999999997,1.464509,SYR,JPN,8502
2025229,215,114,1705,2009,0.0,3765.0,-0.561619,-0.759929,TGO,JPN,8502
2025230,216,114,1705,2009,139713.0,27664078.0,0.79692,1.315501,THA,JPN,8502
2025231,217,114,1705,2009,0.0,415268.0,-1.0237319999999999,-1.1837950000000002,TJK,JPN,8502
2025232,220,114,1705,2009,0.0,22030.0,0.317308,-0.8093199999999999,TLS,JPN,8502
2025233,222,114,1705,2009,0.0,43457.0,-0.508195,-1.097365,TTO,JPN,8502
2025234,223,114,1705,2009,0.0,9831.0,0.044903,0.9126120000000001,TUN,JPN,8502
2025235,224,114,1705,2009,0.0,5676860.0,0.384596,2.3797610000000002,TUR,JPN,8502
2025236,226,114,1705,2009,0.0,222728.0,-0.822897,0.644899,TZA,JPN,8502
2025237,227,114,1705,2009,0.0,78726.0,-0.573707,-0.036203,UGA,JPN,8502
2025238,228,114,1705,2009,0.0,363968.0,0.602688,0.830247,UKR,JPN,8502
2025239,230,114,1705,2009,0.0,20194.0,0.260419,-0.171944,URY,JPN,8502
2025240,231,114,1705,2009,5028474.0,1050948889.0,1.657663,-0.41411400000000004,USA,JPN,8502
2025241,234,114,1705,2009,0.0,7992.0,-0.068356,-0.6011350000000001,VCT,JPN,8502
2025242,236,114,1705,2009,0.0,972246.0,-0.5847600000000001,-1.150334,VEN,JPN,8502
2025243,239,114,1705,2009,0.0,36581680.0,-0.27396,1.131199,VNM,JPN,8502
2025244,240,114,1705,2009,0.0,187808.0,-0.9398479999999999,-0.9635799999999999,VUT,JPN,8502
2025245,242,114,1705,2009,0.0,1358.0,1.3006149999999999,0.354537,WSM,JPN,8502
2025246,243,114,1705,2009,0.0,1302097.0,-0.845426,-1.119091,YEM,JPN,8502
2025247,246,114,1705,2009,0.0,387205.0,0.316452,1.767795,ZAF,JPN,8502
2025248,247,114,1705,2009,0.0,8407.0,-0.6423909999999999,-0.815315,ZMB,JPN,8502
2025249,248,114,1705,2009,0.0,11894.0,-0.686822,-0.683511,ZWE,JPN,8502
2025250,249,114,1705,2009,1218673.0,52850218.0,1.5763120000000002,0.9567950000000001,TWN,JPN,8502
2025251,1,121,1705,2009,0.0,1491.0,-0.424354,-0.563383,AFG,KOR,8502
2025252,2,121,1705,2009,0.0,244180.0,-0.809438,-1.190006,AGO,KOR,8502
2025253,7,121,1705,2009,27970.0,15776104.0,0.070059,-0.619075,ARE,KOR,8502
2025254,8,121,1705,2009,0.0,2320732.0,0.27637,0.611129,ARG,KOR,8502
2025255,9,121,1705,2009,0.0,29669.0,0.24424899999999997,-0.30152399999999996,ARM,KOR,8502
2025256,14,121,1705,2009,315986.0,2716505.0,-0.109286,0.13586900000000002,AUS,KOR,8502
2025257,15,121,1705,2009,709191.0,84735.0,1.651325,-0.020794,AUT,KOR,8502
2025258,16,121,1705,2009,0.0,35420.0,-1.124423,-1.228081,AZE,KOR,8502
2025259,22,121,1705,2009,0.0,287250.0,-1.030722,-0.860137,BGD,KOR,8502
2025260,24,121,1705,2009,0.0,2418086.0,0.250645,-0.767742,BHR,KOR,8502
2025261,32,121,1705,2009,0.0,54866548.0,0.35447199999999995,0.8522360000000001,BRA,KOR,8502
2025262,34,121,1705,2009,0.0,3391.0,-1.371042,-0.9792120000000001,BRN,KOR,8502
2025263,39,121,1705,2009,659660.0,1225815.0,0.6778069999999999,1.278402,CAN,KOR,8502
2025264,41,121,1705,2009,6801.0,0.0,2.124438,0.484861,CHE,KOR,8502
2025265,42,121,1705,2009,0.0,7836057.0,-0.219521,-0.34239,CHL,KOR,8502
2025266,43,121,1705,2009,11235215.0,156833657.0,0.898623,2.08703,CHN,KOR,8502
2025267,45,121,1705,2009,0.0,30374.0,-1.128734,-1.022546,CMR,KOR,8502
2025268,47,121,1705,2009,0.0,21208.0,-1.466289,-1.201249,COG,KOR,8502
2025269,49,121,1705,2009,0.0,38418.0,0.263416,0.38947,COL,KOR,8502
2025270,58,121,1705,2009,0.0,10184.0,0.934193,0.657555,CYP,KOR,8502
2025271,59,121,1705,2009,6642452.0,0.0,1.6323159999999999,0.47257200000000005,CZE,KOR,8502
2025272,61,121,1705,2009,8266888.0,8182325.0,2.056515,-3.034837,DEU,KOR,8502
2025273,64,121,1705,2009,23338137.0,2707968.0,1.242327,1.064709,DNK,KOR,8502
2025274,65,121,1705,2009,0.0,11918.0,-0.317894,0.198926,DOM,KOR,8502
2025275,66,121,1705,2009,0.0,642931.0,-1.161786,-1.188669,DZA,KOR,8502
2025276,67,121,1705,2009,0.0,33561.0,-0.92724,-0.965628,ECU,KOR,8502
2025277,68,121,1705,2009,0.0,320029.0,-0.20940300000000003,1.6466290000000001,EGY,KOR,8502
2025278,71,121,1705,2009,264387.0,14451.0,0.9021020000000001,2.170578,ESP,KOR,8502
2025279,73,121,1705,2009,0.0,8111.0,-0.967483,-0.8219,ETH,KOR,8502
2025280,74,121,1705,2009,30606366.0,8902.0,1.8206849999999999,0.797421,FIN,KOR,8502
2025281,75,121,1705,2009,0.0,2026.0,-0.785772,-0.305228,FJI,KOR,8502
2025282,77,121,1705,2009,11703520.0,246282.0,1.540346,0.090377,FRA,KOR,8502
2025283,81,121,1705,2009,12402636.0,66224.0,1.7921779999999998,0.41211499999999995,GBR,KOR,8502
2025284,83,121,1705,2009,0.0,81824.0,-0.909436,-0.6619470000000001,GHA,KOR,8502
2025285,89,121,1705,2009,0.0,871461.0,-1.426661,-0.9459870000000001,GNQ,KOR,8502
2025286,90,121,1705,2009,0.0,101656.0,0.2196,1.63301,GRC,KOR,8502
2025287,93,121,1705,2009,0.0,77264.0,-0.33276999999999995,0.551257,GTM,KOR,8502
2025288,95,121,1705,2009,0.0,1491.0,0.518098,-0.124172,GUM,KOR,8502
2025289,97,121,1705,2009,220963.0,66786.0,0.654964,1.98672,HKG,KOR,8502
2025290,99,121,1705,2009,0.0,17459.0,-0.587607,-0.189167,HND,KOR,8502
2025291,100,121,1705,2009,0.0,1835180.0,0.740174,1.005258,HRV,KOR,8502
2025292,103,121,1705,2009,185695.0,1892748.0,-0.253835,1.260101,IDN,KOR,8502
2025293,104,121,1705,2009,284161.0,1247021.0,0.209867,2.254003,IND,KOR,8502
2025294,106,121,1705,2009,0.0,12718.0,1.627233,0.020024,IRL,KOR,8502
2025295,107,121,1705,2009,0.0,3185.0,-1.185702,-1.1049360000000001,IRN,KOR,8502
2025296,108,121,1705,2009,0.0,15765.0,-1.1683270000000001,-0.9517459999999999,IRQ,KOR,8502
2025297,110,121,1705,2009,906.0,3810.0,1.226438,0.816299,ISR,KOR,8502
2025298,111,121,1705,2009,874482.0,2731010.0,1.289,0.64549,ITA,KOR,8502
2025299,114,121,1705,2009,134237680.0,6882752.0,2.306791,-0.251712,JPN,KOR,8502
2025300,115,121,1705,2009,0.0,38570.0,-0.6547970000000001,-0.772256,KAZ,KOR,8502
2025301,116,121,1705,2009,0.0,9577.0,-0.26477399999999995,0.932587,KEN,KOR,8502
2025302,117,121,1705,2009,0.0,32787.0,-0.251815,0.144822,KGZ,KOR,8502
2025303,118,121,1705,2009,0.0,677968.0,-1.194288,-1.09924,KHM,KOR,8502
2025304,122,121,1705,2009,0.0,4650289.0,-1.386993,-1.203527,KWT,KOR,8502
2025305,124,121,1705,2009,815437.0,38822.0,0.48618599999999995,1.4748620000000001,LBN,KOR,8502
2025306,126,121,1705,2009,0.0,640878.0,-1.196032,-1.1829,LBY,KOR,8502
2025307,128,121,1705,2009,0.0,80274.0,-0.653836,0.174403,LKA,KOR,8502
2025308,130,121,1705,2009,0.0,5925.0,0.647736,1.150962,LTU,KOR,8502
2025309,134,121,1705,2009,0.0,26381.0,-0.48819300000000004,0.173952,MAR,KOR,8502
2025310,138,121,1705,2009,459191.0,1709036.0,1.061625,0.719234,MEX,KOR,8502
2025311,140,121,1705,2009,0.0,973.0,-0.14890499999999998,0.405505,MKD,KOR,8502
2025312,143,121,1705,2009,0.0,59324.0,-1.6459529999999998,-1.186635,MMR,KOR,8502
2025313,145,121,1705,2009,0.0,1185703.0,-0.825506,-1.067644,MNG,KOR,8502
2025314,146,121,1705,2009,0.0,405248.0,0.500134,-0.0069489999999999994,MNP,KOR,8502
2025315,153,121,1705,2009,0.0,9117.0,0.8718229999999999,0.607429,MYS,KOR,8502
2025316,159,121,1705,2009,0.0,360069.0,-1.584051,-1.156247,NGA,KOR,8502
2025317,160,121,1705,2009,0.0,55198.0,-0.924057,-0.809557,NIC,KOR,8502
2025318,162,121,1705,2009,2327142.0,238426.0,1.1914850000000001,1.3076780000000001,NLD,KOR,8502
2025319,163,121,1705,2009,34128465.0,53981499.0,0.865455,0.082808,NOR,KOR,8502
2025320,164,121,1705,2009,0.0,2562.0,-0.324434,1.076908,NPL,KOR,8502
2025321,166,121,1705,2009,8344.0,7966.0,0.38301999999999997,0.720644,NZL,KOR,8502
2025322,168,121,1705,2009,0.0,9760412.0,-0.514907,0.44733100000000003,PAK,KOR,8502
2025323,169,121,1705,2009,0.0,35542.0,0.629137,0.5894010000000001,PAN,KOR,8502
2025324,174,121,1705,2009,16116.0,584549.0,0.34318000000000004,0.095375,PHL,KOR,8502
2025325,176,121,1705,2009,0.0,5275162.0,-1.90537,-1.2462030000000002,PNG,KOR,8502
2025326,177,121,1705,2009,0.0,4242.0,1.11055,1.069074,POL,KOR,8502
2025327,179,121,1705,2009,0.0,1210.0,0.559189,2.4359919999999997,PRT,KOR,8502
2025328,183,121,1705,2009,1637538.0,886283.0,-0.484947,-1.07179,QAT,KOR,8502
2025329,185,121,1705,2009,0.0,7323462.0,0.833802,1.024418,ROU,KOR,8502
2025330,186,121,1705,2009,978872.0,715861.0,0.392478,-0.20038399999999998,RUS,KOR,8502
2025331,188,121,1705,2009,0.0,13232972.0,0.300581,-0.813199,SAU,KOR,8502
2025332,191,121,1705,2009,0.0,14976.0,-0.53392,-0.415513,SEN,KOR,8502
2025333,192,121,1705,2009,15204386.0,2358984.0,1.9503540000000001,0.498033,SGP,KOR,8502
2025334,206,121,1705,2009,8989.0,0.0,1.231382,0.820968,SVK,KOR,8502
2025335,208,121,1705,2009,1200421.0,3955.0,1.877821,0.336565,SWE,KOR,8502
2025336,212,121,1705,2009,0.0,12448.0,-0.48481199999999997,1.464509,SYR,KOR,8502
2025337,216,121,1705,2009,4183.0,7981577.0,0.79692,1.315501,THA,KOR,8502
2025338,224,121,1705,2009,7222.0,2260374.0,0.384596,2.3797610000000002,TUR,KOR,8502
2025339,226,121,1705,2009,0.0,138140.0,-0.822897,0.644899,TZA,KOR,8502
2025340,227,121,1705,2009,0.0,2023000.0,-0.573707,-0.036203,UGA,KOR,8502
2025341,228,121,1705,2009,0.0,504748.0,0.602688,0.830247,UKR,KOR,8502
2025342,231,121,1705,2009,122028181.0,4719996.0,1.657663,-0.41411400000000004,USA,KOR,8502
2025343,232,121,1705,2009,0.0,16901.0,-0.6115470000000001,-0.710622,UZB,KOR,8502
2025344,236,121,1705,2009,0.0,11676.0,-0.5847600000000001,-1.150334,VEN,KOR,8502
2025345,239,121,1705,2009,228972.0,3907323.0,-0.27396,1.131199,VNM,KOR,8502
2025346,243,121,1705,2009,0.0,1491265.0,-0.845426,-1.119091,YEM,KOR,8502
2025347,246,121,1705,2009,45871.0,156449.0,0.316452,1.767795,ZAF,KOR,8502
2025348,247,121,1705,2009,0.0,49428.0,-0.6423909999999999,-0.815315,ZMB,KOR,8502
2025349,249,121,1705,2009,277358.0,239924.0,1.5763120000000002,0.9567950000000001,TWN,KOR,8502
2025350,250,121,1705,2009,61559.0,0.0,0.582246,-0.10603,ANS,KOR,8502
2025351,15,134,1705,2009,619746.0,0.0,1.651325,-0.020794,AUT,MAR,8502
2025352,16,134,1705,2009,0.0,31459.0,-1.124423,-1.228081,AZE,MAR,8502
2025353,18,134,1705,2009,430858.0,0.0,1.272011,1.074548,BEL,MAR,8502
2025354,21,134,1705,2009,0.0,9872.0,-1.283807,-1.061272,BFA,MAR,8502
2025355,32,134,1705,2009,6462.0,0.0,0.35447199999999995,0.8522360000000001,BRA,MAR,8502
2025356,39,134,1705,2009,50358.0,0.0,0.6778069999999999,1.278402,CAN,MAR,8502
2025357,41,134,1705,2009,10370.0,0.0,2.124438,0.484861,CHE,MAR,8502
2025358,43,134,1705,2009,2005106.0,0.0,0.898623,2.08703,CHN,MAR,8502
2025359,61,134,1705,2009,227267.0,9766.0,2.056515,-3.034837,DEU,MAR,8502
2025360,62,134,1705,2009,0.0,10388.0,0.062037,-0.596527,DJI,MAR,8502
2025361,64,134,1705,2009,1073.0,0.0,1.242327,1.064709,DNK,MAR,8502
2025362,66,134,1705,2009,878893.0,0.0,-1.161786,-1.188669,DZA,MAR,8502
2025363,71,134,1705,2009,6067452.0,84962.0,0.9021020000000001,2.170578,ESP,MAR,8502
2025364,74,134,1705,2009,84294.0,0.0,1.8206849999999999,0.797421,FIN,MAR,8502
2025365,77,134,1705,2009,8022102.0,199566.0,1.540346,0.090377,FRA,MAR,8502
2025366,81,134,1705,2009,3392857.0,0.0,1.7921779999999998,0.41211499999999995,GBR,MAR,8502
2025367,89,134,1705,2009,0.0,27755.0,-1.426661,-0.9459870000000001,GNQ,MAR,8502
2025368,97,134,1705,2009,1936.0,0.0,0.654964,1.98672,HKG,MAR,8502
2025369,111,134,1705,2009,2226881.0,2689.0,1.289,0.64549,ITA,MAR,8502
2025370,114,134,1705,2009,103893.0,0.0,2.306791,-0.251712,JPN,MAR,8502
2025371,121,134,1705,2009,26381.0,0.0,1.509336,0.784515,KOR,MAR,8502
2025372,122,134,1705,2009,18909.0,0.0,-1.386993,-1.203527,KWT,MAR,8502
2025373,126,134,1705,2009,0.0,101963.0,-1.196032,-1.1829,LBY,MAR,8502
2025374,148,134,1705,2009,0.0,859479.0,-1.761436,-1.2898479999999999,MRT,MAR,8502
2025375,157,134,1705,2009,0.0,11148.0,-1.306036,-0.956361,NER,MAR,8502
2025376,162,134,1705,2009,212611.0,0.0,1.1914850000000001,1.3076780000000001,NLD,MAR,8502
2025377,177,134,1705,2009,2370870.0,0.0,1.11055,1.069074,POL,MAR,8502
2025378,179,134,1705,2009,68886.0,0.0,0.559189,2.4359919999999997,PRT,MAR,8502
2025379,185,134,1705,2009,21518.0,0.0,0.833802,1.024418,ROU,MAR,8502
2025380,190,134,1705,2009,0.0,33483.0,-2.2948020000000002,-1.3182040000000002,SDN,MAR,8502
2025381,191,134,1705,2009,0.0,444759.0,-0.53392,-0.415513,SEN,MAR,8502
2025382,192,134,1705,2009,289163.0,0.0,1.9503540000000001,0.498033,SGP,MAR,8502
2025383,206,134,1705,2009,16342.0,0.0,1.231382,0.820968,SVK,MAR,8502
2025384,207,134,1705,2009,3730.0,0.0,1.548036,0.730396,SVN,MAR,8502
2025385,208,134,1705,2009,66234.0,0.0,1.877821,0.336565,SWE,MAR,8502
2025386,215,134,1705,2009,0.0,15457.0,-0.561619,-0.759929,TGO,MAR,8502
2025387,224,134,1705,2009,1082680.0,47715.0,0.384596,2.3797610000000002,TUR,MAR,8502
2025388,231,134,1705,2009,303555.0,5477.0,1.657663,-0.41411400000000004,USA,MAR,8502
2025389,249,134,1705,2009,10934.0,0.0,1.5763120000000002,0.9567950000000001,TWN,MAR,8502
2025390,0,138,1705,2009,0.0,2225.0,0.770077,-0.71001,ABW,MEX,8502
2025391,7,138,1705,2009,0.0,56650.0,0.070059,-0.619075,ARE,MEX,8502
2025392,8,138,1705,2009,176102.0,1787001.0,0.27637,0.611129,ARG,MEX,8502
2025393,14,138,1705,2009,1648.0,1273704.0,-0.109286,0.13586900000000002,AUS,MEX,8502
2025394,15,138,1705,2009,528769.0,2428.0,1.651325,-0.020794,AUT,MEX,8502
2025395,18,138,1705,2009,43254.0,0.0,1.272011,1.074548,BEL,MEX,8502
2025396,22,138,1705,2009,0.0,161775.0,-1.030722,-0.860137,BGD,MEX,8502
2025397,29,138,1705,2009,0.0,41242.0,-1.0464040000000001,-0.949774,BLZ,MEX,8502
2025398,31,138,1705,2009,0.0,10050.0,-0.909969,-0.8899879999999999,BOL,MEX,8502
2025399,32,138,1705,2009,13993640.0,2533145.0,0.35447199999999995,0.8522360000000001,BRA,MEX,8502
2025400,39,138,1705,2009,3617437.0,57404.0,0.6778069999999999,1.278402,CAN,MEX,8502
2025401,41,138,1705,2009,3401.0,0.0,2.124438,0.484861,CHE,MEX,8502
2025402,42,138,1705,2009,0.0,1259049.0,-0.219521,-0.34239,CHL,MEX,8502
2025403,43,138,1705,2009,5648313.0,0.0,0.898623,2.08703,CHN,MEX,8502
2025404,49,138,1705,2009,0.0,5072263.0,0.263416,0.38947,COL,MEX,8502
2025405,52,138,1705,2009,0.0,256365.0,-0.142465,-0.669277,CRI,MEX,8502
2025406,54,138,1705,2009,0.0,540692.0,0.188114,-0.819958,CUB,MEX,8502
2025407,59,138,1705,2009,6144154.0,0.0,1.6323159999999999,0.47257200000000005,CZE,MEX,8502
2025408,61,138,1705,2009,1061450.0,43079.0,2.056515,-3.034837,DEU,MEX,8502
2025409,64,138,1705,2009,4465.0,0.0,1.242327,1.064709,DNK,MEX,8502
2025410,65,138,1705,2009,12739.0,1126305.0,-0.317894,0.198926,DOM,MEX,8502
2025411,67,138,1705,2009,0.0,3344426.0,-0.92724,-0.965628,ECU,MEX,8502
2025412,68,138,1705,2009,0.0,5101.0,-0.20940300000000003,1.6466290000000001,EGY,MEX,8502
2025413,71,138,1705,2009,68647116.0,2320239.0,0.9021020000000001,2.170578,ESP,MEX,8502
2025414,74,138,1705,2009,4875.0,245773.0,1.8206849999999999,0.797421,FIN,MEX,8502
2025415,75,138,1705,2009,0.0,372997.0,-0.785772,-0.305228,FJI,MEX,8502
2025416,77,138,1705,2009,1548547.0,2026.0,1.540346,0.090377,FRA,MEX,8502
2025417,81,138,1705,2009,4957688.0,247361.0,1.7921779999999998,0.41211499999999995,GBR,MEX,8502
2025418,93,138,1705,2009,0.0,2576117.0,-0.33276999999999995,0.551257,GTM,MEX,8502
2025419,97,138,1705,2009,6158.0,374888.0,0.654964,1.98672,HKG,MEX,8502
2025420,99,138,1705,2009,0.0,148252.0,-0.587607,-0.189167,HND,MEX,8502
2025421,101,138,1705,2009,0.0,33892.0,-1.406148,-1.108465,HTI,MEX,8502
2025422,102,138,1705,2009,2702320.0,0.0,1.397765,0.772375,HUN,MEX,8502
2025423,103,138,1705,2009,9095388.0,150037.0,-0.253835,1.260101,IDN,MEX,8502
2025424,104,138,1705,2009,737975.0,8161.0,0.209867,2.254003,IND,MEX,8502
2025425,106,138,1705,2009,300992.0,0.0,1.627233,0.020024,IRL,MEX,8502
2025426,110,138,1705,2009,0.0,2385330.0,1.226438,0.816299,ISR,MEX,8502
2025427,111,138,1705,2009,89801.0,54506.0,1.289,0.64549,ITA,MEX,8502
2025428,112,138,1705,2009,0.0,638186.0,-0.083743,-0.6222479999999999,JAM,MEX,8502
2025429,114,138,1705,2009,2691790.0,0.0,2.306791,-0.251712,JPN,MEX,8502
2025430,117,138,1705,2009,0.0,8323.0,-0.251815,0.144822,KGZ,MEX,8502
2025431,121,138,1705,2009,1709036.0,459191.0,1.509336,0.784515,KOR,MEX,8502
2025432,131,138,1705,2009,193147.0,0.0,1.323336,1.026341,LUX,MEX,8502
2025433,153,138,1705,2009,9145.0,604511.0,0.8718229999999999,0.607429,MYS,MEX,8502
2025434,159,138,1705,2009,0.0,373173.0,-1.584051,-1.156247,NGA,MEX,8502
2025435,160,138,1705,2009,0.0,432598.0,-0.924057,-0.809557,NIC,MEX,8502
2025436,162,138,1705,2009,1721394.0,46976.0,1.1914850000000001,1.3076780000000001,NLD,MEX,8502
2025437,163,138,1705,2009,0.0,6989.0,0.865455,0.082808,NOR,MEX,8502
2025438,168,138,1705,2009,0.0,533991.0,-0.514907,0.44733100000000003,PAK,MEX,8502
2025439,169,138,1705,2009,1371.0,1046043.0,0.629137,0.5894010000000001,PAN,MEX,8502
2025440,173,138,1705,2009,0.0,241241.0,-0.53304,0.221183,PER,MEX,8502
2025441,174,138,1705,2009,2203.0,0.0,0.34318000000000004,0.095375,PHL,MEX,8502
2025442,180,138,1705,2009,0.0,31889.0,-0.564858,-0.941735,PRY,MEX,8502
2025443,188,138,1705,2009,0.0,414234.0,0.300581,-0.813199,SAU,MEX,8502
2025444,192,138,1705,2009,12652.0,259322.0,1.9503540000000001,0.498033,SGP,MEX,8502
2025445,197,138,1705,2009,0.0,440493.0,-0.19729100000000002,0.23434899999999997,SLV,MEX,8502
2025446,205,138,1705,2009,0.0,75630.0,-0.580507,-1.072833,SUR,MEX,8502
2025447,208,138,1705,2009,94822.0,0.0,1.877821,0.336565,SWE,MEX,8502
2025448,212,138,1705,2009,0.0,225457.0,-0.48481199999999997,1.464509,SYR,MEX,8502
2025449,216,138,1705,2009,23956.0,0.0,0.79692,1.315501,THA,MEX,8502
2025450,228,138,1705,2009,1365248.0,0.0,0.602688,0.830247,UKR,MEX,8502
2025451,230,138,1705,2009,0.0,1504.0,0.260419,-0.171944,URY,MEX,8502
2025452,231,138,1705,2009,118659810.0,10964034.0,1.657663,-0.41411400000000004,USA,MEX,8502
2025453,236,138,1705,2009,0.0,1989249.0,-0.5847600000000001,-1.150334,VEN,MEX,8502
2025454,243,138,1705,2009,0.0,71290.0,-0.845426,-1.119091,YEM,MEX,8502
2025455,249,138,1705,2009,2123.0,0.0,1.5763120000000002,0.9567950000000001,TWN,MEX,8502
2025456,2,153,1705,2009,0.0,9285.0,-0.809438,-1.190006,AGO,MYS,8502
2025457,7,153,1705,2009,2741128.0,486858.0,0.070059,-0.619075,ARE,MYS,8502
2025458,8,153,1705,2009,20889.0,0.0,0.27637,0.611129,ARG,MYS,8502
2025459,14,153,1705,2009,594167.0,371818.0,-0.109286,0.13586900000000002,AUS,MYS,8502
2025460,15,153,1705,2009,500052.0,0.0,1.651325,-0.020794,AUT,MYS,8502
2025461,22,153,1705,2009,0.0,306951.0,-1.030722,-0.860137,BGD,MYS,8502
2025462,24,153,1705,2009,0.0,6777.0,0.250645,-0.767742,BHR,MYS,8502
2025463,34,153,1705,2009,6235.0,130601.0,-1.371042,-0.9792120000000001,BRN,MYS,8502
2025464,37,153,1705,2009,0.0,12234.0,-0.008142,-0.599115,BWA,MYS,8502
2025465,39,153,1705,2009,57170.0,726424.0,0.6778069999999999,1.278402,CAN,MYS,8502
2025466,41,153,1705,2009,1028154.0,0.0,2.124438,0.484861,CHE,MYS,8502
2025467,43,153,1705,2009,15685670.0,399817.0,0.898623,2.08703,CHN,MYS,8502
2025468,44,153,1705,2009,0.0,5321.0,-0.924681,-0.801371,CIV,MYS,8502
2025469,61,153,1705,2009,5836476.0,1931432.0,2.056515,-3.034837,DEU,MYS,8502
2025470,64,153,1705,2009,77125.0,0.0,1.242327,1.064709,DNK,MYS,8502
2025471,65,153,1705,2009,0.0,17770.0,-0.317894,0.198926,DOM,MYS,8502
2025472,66,153,1705,2009,0.0,3980.0,-1.161786,-1.188669,DZA,MYS,8502
2025473,68,153,1705,2009,0.0,2662.0,-0.20940300000000003,1.6466290000000001,EGY,MYS,8502
2025474,71,153,1705,2009,515155.0,0.0,0.9021020000000001,2.170578,ESP,MYS,8502
2025475,72,153,1705,2009,0.0,3252.0,0.749058,1.269572,EST,MYS,8502
2025476,74,153,1705,2009,7622.0,0.0,1.8206849999999999,0.797421,FIN,MYS,8502
2025477,77,153,1705,2009,576573.0,2156.0,1.540346,0.090377,FRA,MYS,8502
2025478,80,153,1705,2009,0.0,35237.0,-1.197711,-1.147469,GAB,MYS,8502
2025479,81,153,1705,2009,1231042.0,42349.0,1.7921779999999998,0.41211499999999995,GBR,MYS,8502
2025480,83,153,1705,2009,0.0,5339.0,-0.909436,-0.6619470000000001,GHA,MYS,8502
2025481,96,153,1705,2009,0.0,895.0,-1.0557809999999999,-1.055825,GUY,MYS,8502
2025482,97,153,1705,2009,722338.0,977486.0,0.654964,1.98672,HKG,MYS,8502
2025483,102,153,1705,2009,0.0,8602.0,1.397765,0.772375,HUN,MYS,8502
2025484,103,153,1705,2009,344035.0,1996693.0,-0.253835,1.260101,IDN,MYS,8502
2025485,104,153,1705,2009,940064.0,120953.0,0.209867,2.254003,IND,MYS,8502
2025486,107,153,1705,2009,0.0,639614.0,-1.185702,-1.1049360000000001,IRN,MYS,8502
2025487,111,153,1705,2009,756742.0,0.0,1.289,0.64549,ITA,MYS,8502
2025488,114,153,1705,2009,5863438.0,2749930.0,2.306791,-0.251712,JPN,MYS,8502
2025489,118,153,1705,2009,10033.0,139783.0,-1.194288,-1.09924,KHM,MYS,8502
2025490,121,153,1705,2009,9117.0,0.0,1.509336,0.784515,KOR,MYS,8502
2025491,126,153,1705,2009,0.0,114154.0,-1.196032,-1.1829,LBY,MYS,8502
2025492,128,153,1705,2009,0.0,1523.0,-0.653836,0.174403,LKA,MYS,8502
2025493,136,153,1705,2009,0.0,5174.0,-1.0356610000000002,-0.198062,MDG,MYS,8502
2025494,137,153,1705,2009,0.0,32657.0,-0.415182,-0.9298379999999999,MDV,MYS,8502
2025495,138,153,1705,2009,604511.0,9145.0,1.061625,0.719234,MEX,MYS,8502
2025496,142,153,1705,2009,0.0,2983.0,1.233965,-0.016763,MLT,MYS,8502
2025497,143,153,1705,2009,0.0,150467.0,-1.6459529999999998,-1.186635,MMR,MYS,8502
2025498,162,153,1705,2009,307760.0,0.0,1.1914850000000001,1.3076780000000001,NLD,MYS,8502
2025499,164,153,1705,2009,0.0,14057.0,-0.324434,1.076908,NPL,MYS,8502
2025500,166,153,1705,2009,2971.0,12308.0,0.38301999999999997,0.720644,NZL,MYS,8502
2025501,167,153,1705,2009,0.0,8403.0,-0.691918,-1.015434,OMN,MYS,8502
2025502,168,153,1705,2009,0.0,579945.0,-0.514907,0.44733100000000003,PAK,MYS,8502
2025503,174,153,1705,2009,125629.0,165996.0,0.34318000000000004,0.095375,PHL,MYS,8502
2025504,176,153,1705,2009,0.0,255313.0,-1.90537,-1.2462030000000002,PNG,MYS,8502
2025505,177,153,1705,2009,38407.0,0.0,1.11055,1.069074,POL,MYS,8502
2025506,179,153,1705,2009,0.0,694830.0,0.559189,2.4359919999999997,PRT,MYS,8502
2025507,183,153,1705,2009,106371.0,25219.0,-0.484947,-1.07179,QAT,MYS,8502
2025508,188,153,1705,2009,0.0,3403010.0,0.300581,-0.813199,SAU,MYS,8502
2025509,190,153,1705,2009,0.0,433691.0,-2.2948020000000002,-1.3182040000000002,SDN,MYS,8502
2025510,192,153,1705,2009,17388244.0,6915343.0,1.9503540000000001,0.498033,SGP,MYS,8502
2025511,208,153,1705,2009,176867.0,0.0,1.877821,0.336565,SWE,MYS,8502
2025512,212,153,1705,2009,0.0,2725.0,-0.48481199999999997,1.464509,SYR,MYS,8502
2025513,216,153,1705,2009,584112.0,5351310.0,0.79692,1.315501,THA,MYS,8502
2025514,219,153,1705,2009,0.0,45218.0,-1.060378,-1.17279,TKM,MYS,8502
2025515,220,153,1705,2009,0.0,19092.0,0.317308,-0.8093199999999999,TLS,MYS,8502
2025516,224,153,1705,2009,82950.0,0.0,0.384596,2.3797610000000002,TUR,MYS,8502
2025517,226,153,1705,2009,0.0,7496.0,-0.822897,0.644899,TZA,MYS,8502
2025518,231,153,1705,2009,60632260.0,233712.0,1.657663,-0.41411400000000004,USA,MYS,8502
2025519,239,153,1705,2009,0.0,1570421.0,-0.27396,1.131199,VNM,MYS,8502
2025520,243,153,1705,2009,0.0,2315.0,-0.845426,-1.119091,YEM,MYS,8502
2025521,246,153,1705,2009,1596193.0,66709.0,0.316452,1.767795,ZAF,MYS,8502
2025522,249,153,1705,2009,187746.0,0.0,1.5763120000000002,0.9567950000000001,TWN,MYS,8502
2025523,250,153,1705,2009,231716.0,0.0,0.582246,-0.10603,ANS,MYS,8502
2025524,0,162,1705,2009,2799.0,23233447.0,0.770077,-0.71001,ABW,NLD,8502
2025525,2,162,1705,2009,0.0,2612991.0,-0.809438,-1.190006,AGO,NLD,8502
2025526,4,162,1705,2009,0.0,4570.0,-0.41612200000000005,-0.256639,ALB,NLD,8502
2025527,6,162,1705,2009,4512.0,618110.0,0.351025,-0.699817,ANT,NLD,8502
2025528,7,162,1705,2009,0.0,17997055.0,0.070059,-0.619075,ARE,NLD,8502
2025529,8,162,1705,2009,296098.0,339723.0,0.27637,0.611129,ARG,NLD,8502
2025530,13,162,1705,2009,0.0,3548619.0,0.930903,0.279441,ATG,NLD,8502
2025531,14,162,1705,2009,153959.0,2473950.0,-0.109286,0.13586900000000002,AUS,NLD,8502
2025532,15,162,1705,2009,205482.0,1045472.0,1.651325,-0.020794,AUT,NLD,8502
2025533,16,162,1705,2009,0.0,1787173.0,-1.124423,-1.228081,AZE,NLD,8502
2025534,17,162,1705,2009,0.0,113064.0,-0.43971099999999996,-0.575079,BDI,NLD,8502
2025535,18,162,1705,2009,12774275.0,13630545.0,1.272011,1.074548,BEL,NLD,8502
2025536,19,162,1705,2009,0.0,60333.0,-0.93195,-0.813017,BEN,NLD,8502
2025537,21,162,1705,2009,0.0,959.0,-1.283807,-1.061272,BFA,NLD,8502
2025538,22,162,1705,2009,0.0,1033133.0,-1.030722,-0.860137,BGD,NLD,8502
2025539,23,162,1705,2009,0.0,41720.0,0.373594,1.571413,BGR,NLD,8502
2025540,24,162,1705,2009,0.0,132318.0,0.250645,-0.767742,BHR,NLD,8502
2025541,26,162,1705,2009,0.0,25384.0,0.519113,0.762582,BIH,NLD,8502
2025542,28,162,1705,2009,0.0,94923.0,0.977663,0.549549,BLR,NLD,8502
2025543,31,162,1705,2009,0.0,6804.0,-0.909969,-0.8899879999999999,BOL,NLD,8502
2025544,32,162,1705,2009,0.0,3951743.0,0.35447199999999995,0.8522360000000001,BRA,NLD,8502
2025545,38,162,1705,2009,0.0,41505.0,-0.5777260000000001,-0.839981,CAF,NLD,8502
2025546,39,162,1705,2009,1874545.0,227100.0,0.6778069999999999,1.278402,CAN,NLD,8502
2025547,41,162,1705,2009,13195605.0,139790.0,2.124438,0.484861,CHE,NLD,8502
2025548,42,162,1705,2009,0.0,327167.0,-0.219521,-0.34239,CHL,NLD,8502
2025549,43,162,1705,2009,20454602.0,6144812.0,0.898623,2.08703,CHN,NLD,8502
2025550,44,162,1705,2009,0.0,4974.0,-0.924681,-0.801371,CIV,NLD,8502
2025551,45,162,1705,2009,0.0,3426088.0,-1.128734,-1.022546,CMR,NLD,8502
2025552,46,162,1705,2009,0.0,22325.0,-1.532165,-1.160269,COD,NLD,8502
2025553,47,162,1705,2009,0.0,145217.0,-1.466289,-1.201249,COG,NLD,8502
2025554,51,162,1705,2009,5628.0,146964.0,0.32592600000000005,-0.531697,CPV,NLD,8502
2025555,52,162,1705,2009,0.0,26842.0,-0.142465,-0.669277,CRI,NLD,8502
2025556,58,162,1705,2009,0.0,18256.0,0.934193,0.657555,CYP,NLD,8502
2025557,59,162,1705,2009,4886672.0,110764.0,1.6323159999999999,0.47257200000000005,CZE,NLD,8502
2025558,61,162,1705,2009,37436517.0,5548845.0,2.056515,-3.034837,DEU,NLD,8502
2025559,62,162,1705,2009,0.0,19010.0,0.062037,-0.596527,DJI,NLD,8502
2025560,63,162,1705,2009,0.0,8447.0,0.348966,-0.09711399999999999,DMA,NLD,8502
2025561,64,162,1705,2009,62221726.0,3874905.0,1.242327,1.064709,DNK,NLD,8502
2025562,66,162,1705,2009,0.0,340747.0,-1.161786,-1.188669,DZA,NLD,8502
2025563,67,162,1705,2009,0.0,23051.0,-0.92724,-0.965628,ECU,NLD,8502
2025564,68,162,1705,2009,0.0,698244.0,-0.20940300000000003,1.6466290000000001,EGY,NLD,8502
2025565,71,162,1705,2009,9015204.0,1290613.0,0.9021020000000001,2.170578,ESP,NLD,8502
2025566,72,162,1705,2009,10434.0,1325572.0,0.749058,1.269572,EST,NLD,8502
2025567,73,162,1705,2009,3228308.0,11462838.0,-0.967483,-0.8219,ETH,NLD,8502
2025568,74,162,1705,2009,6707320.0,511780.0,1.8206849999999999,0.797421,FIN,NLD,8502
2025569,77,162,1705,2009,5563810.0,2018385.0,1.540346,0.090377,FRA,NLD,8502
2025570,80,162,1705,2009,0.0,496324.0,-1.197711,-1.147469,GAB,NLD,8502
2025571,81,162,1705,2009,22661132.0,57003408.0,1.7921779999999998,0.41211499999999995,GBR,NLD,8502
2025572,82,162,1705,2009,0.0,14191.0,0.045952,-0.381822,GEO,NLD,8502
2025573,83,162,1705,2009,151118.0,201137.0,-0.909436,-0.6619470000000001,GHA,NLD,8502
2025574,85,162,1705,2009,0.0,5581.0,-1.618121,-1.2200520000000001,GIN,NLD,8502
2025575,87,162,1705,2009,653.0,406959.0,-0.573979,-0.644636,GMB,NLD,8502
2025576,88,162,1705,2009,0.0,41858.0,-0.6868890000000001,-0.9243459999999999,GNB,NLD,8502
2025577,89,162,1705,2009,0.0,79531.0,-1.426661,-0.9459870000000001,GNQ,NLD,8502
2025578,90,162,1705,2009,0.0,401665.0,0.2196,1.63301,GRC,NLD,8502
2025579,91,162,1705,2009,0.0,362095.0,0.035948,-0.586996,GRD,NLD,8502
2025580,93,162,1705,2009,41134.0,0.0,-0.33276999999999995,0.551257,GTM,NLD,8502
2025581,97,162,1705,2009,9559.0,13153.0,0.654964,1.98672,HKG,NLD,8502
2025582,99,162,1705,2009,0.0,199425.0,-0.587607,-0.189167,HND,NLD,8502
2025583,100,162,1705,2009,22358.0,37484.0,0.740174,1.005258,HRV,NLD,8502
2025584,102,162,1705,2009,0.0,31015.0,1.397765,0.772375,HUN,NLD,8502
2025585,103,162,1705,2009,1476838.0,1701004.0,-0.253835,1.260101,IDN,NLD,8502
2025586,104,162,1705,2009,3653.0,1175938.0,0.209867,2.254003,IND,NLD,8502
2025587,106,162,1705,2009,240559.0,33387.0,1.627233,0.020024,IRL,NLD,8502
2025588,107,162,1705,2009,0.0,173161.0,-1.185702,-1.1049360000000001,IRN,NLD,8502
2025589,108,162,1705,2009,0.0,579043.0,-1.1683270000000001,-0.9517459999999999,IRQ,NLD,8502
2025590,109,162,1705,2009,24010.0,6360.0,0.21713200000000002,-0.371812,ISL,NLD,8502
2025591,110,162,1705,2009,17873.0,200217.0,1.226438,0.816299,ISR,NLD,8502
2025592,111,162,1705,2009,4375079.0,3231923.0,1.289,0.64549,ITA,NLD,8502
2025593,113,162,1705,2009,0.0,99451.0,0.21374899999999997,0.423774,JOR,NLD,8502
2025594,114,162,1705,2009,1388705.0,517501.0,2.306791,-0.251712,JPN,NLD,8502
2025595,115,162,1705,2009,0.0,679306.0,-0.6547970000000001,-0.772256,KAZ,NLD,8502
2025596,116,162,1705,2009,28573.0,4662072.0,-0.26477399999999995,0.932587,KEN,NLD,8502
2025597,117,162,1705,2009,19532.0,0.0,-0.251815,0.144822,KGZ,NLD,8502
2025598,118,162,1705,2009,0.0,233886.0,-1.194288,-1.09924,KHM,NLD,8502
2025599,121,162,1705,2009,238426.0,2327142.0,1.509336,0.784515,KOR,NLD,8502
2025600,122,162,1705,2009,0.0,39205.0,-1.386993,-1.203527,KWT,NLD,8502
2025601,124,162,1705,2009,135486.0,38324.0,0.48618599999999995,1.4748620000000001,LBN,NLD,8502
2025602,125,162,1705,2009,0.0,1395.0,-0.07508,-0.994632,LBR,NLD,8502
2025603,126,162,1705,2009,0.0,323318.0,-1.196032,-1.1829,LBY,NLD,8502
2025604,128,162,1705,2009,0.0,47467.0,-0.653836,0.174403,LKA,NLD,8502
2025605,130,162,1705,2009,0.0,8559.0,0.647736,1.150962,LTU,NLD,8502
2025606,131,162,1705,2009,57097.0,24448.0,1.323336,1.026341,LUX,NLD,8502
2025607,132,162,1705,2009,0.0,304034.0,0.675643,0.99977,LVA,NLD,8502
2025608,134,162,1705,2009,0.0,212611.0,-0.48819300000000004,0.173952,MAR,NLD,8502
2025609,135,162,1705,2009,0.0,10718.0,0.009281999999999999,-0.039299,MDA,NLD,8502
2025610,136,162,1705,2009,0.0,670212.0,-1.0356610000000002,-0.198062,MDG,NLD,8502
2025611,137,162,1705,2009,0.0,17553.0,-0.415182,-0.9298379999999999,MDV,NLD,8502
2025612,138,162,1705,2009,46976.0,1721394.0,1.061625,0.719234,MEX,NLD,8502
2025613,140,162,1705,2009,0.0,18395.0,-0.14890499999999998,0.405505,MKD,NLD,8502
2025614,142,162,1705,2009,0.0,103516.0,1.233965,-0.016763,MLT,NLD,8502
2025615,148,162,1705,2009,0.0,259658.0,-1.761436,-1.2898479999999999,MRT,NLD,8502
2025616,151,162,1705,2009,0.0,26491.0,-0.198194,0.067014,MUS,NLD,8502
2025617,152,162,1705,2009,0.0,2299.0,-1.571672,-1.244864,MWI,NLD,8502
2025618,153,162,1705,2009,0.0,307760.0,0.8718229999999999,0.607429,MYS,NLD,8502
2025619,155,162,1705,2009,0.0,97785.0,-0.081207,-0.075292,NAM,NLD,8502
2025620,159,162,1705,2009,47324.0,2427865.0,-1.584051,-1.156247,NGA,NLD,8502
2025621,160,162,1705,2009,0.0,40705.0,-0.924057,-0.809557,NIC,NLD,8502
2025622,163,162,1705,2009,3239983.0,1858721.0,0.865455,0.082808,NOR,NLD,8502
2025623,166,162,1705,2009,62584.0,2079039.0,0.38301999999999997,0.720644,NZL,NLD,8502
2025624,168,162,1705,2009,139947.0,4070505.0,-0.514907,0.44733100000000003,PAK,NLD,8502
2025625,169,162,1705,2009,0.0,167269.0,0.629137,0.5894010000000001,PAN,NLD,8502
2025626,173,162,1705,2009,0.0,60001.0,-0.53304,0.221183,PER,NLD,8502
2025627,174,162,1705,2009,40804.0,6299.0,0.34318000000000004,0.095375,PHL,NLD,8502
2025628,177,162,1705,2009,6334125.0,2088039.0,1.11055,1.069074,POL,NLD,8502
2025629,179,162,1705,2009,492377.0,2263867.0,0.559189,2.4359919999999997,PRT,NLD,8502
2025630,183,162,1705,2009,39537.0,0.0,-0.484947,-1.07179,QAT,NLD,8502
2025631,185,162,1705,2009,4272.0,2503419.0,0.833802,1.024418,ROU,NLD,8502
2025632,186,162,1705,2009,40715.0,114724688.0,0.392478,-0.20038399999999998,RUS,NLD,8502
2025633,188,162,1705,2009,662480.0,16363413.0,0.300581,-0.813199,SAU,NLD,8502
2025634,190,162,1705,2009,0.0,109175.0,-2.2948020000000002,-1.3182040000000002,SDN,NLD,8502
2025635,191,162,1705,2009,534765.0,2672.0,-0.53392,-0.415513,SEN,NLD,8502
2025636,192,162,1705,2009,18960.0,11863615.0,1.9503540000000001,0.498033,SGP,NLD,8502
2025637,196,162,1705,2009,0.0,192548.0,0.06259400000000001,-0.273258,SLE,NLD,8502
2025638,199,162,1705,2009,0.0,13953.0,-0.9824440000000001,-0.99467,SOM,NLD,8502
2025639,201,162,1705,2009,2237.0,834057.0,0.531766,1.477837,SRB,NLD,8502
2025640,205,162,1705,2009,64456.0,716465.0,-0.580507,-1.072833,SUR,NLD,8502
2025641,206,162,1705,2009,1373.0,1076574.0,1.231382,0.820968,SVK,NLD,8502
2025642,207,162,1705,2009,0.0,140520.0,1.548036,0.730396,SVN,NLD,8502
2025643,208,162,1705,2009,8073.0,236633.0,1.877821,0.336565,SWE,NLD,8502
2025644,211,162,1705,2009,0.0,15348.0,-0.16046400000000002,-0.81512,SYC,NLD,8502
2025645,212,162,1705,2009,0.0,80255.0,-0.48481199999999997,1.464509,SYR,NLD,8502
2025646,214,162,1705,2009,0.0,431143.0,-1.294648,-0.9645020000000001,TCD,NLD,8502
2025647,216,162,1705,2009,6136.0,1561703.0,0.79692,1.315501,THA,NLD,8502
2025648,222,162,1705,2009,63633.0,64201.0,-0.508195,-1.097365,TTO,NLD,8502
2025649,223,162,1705,2009,265927.0,101583.0,0.044903,0.9126120000000001,TUN,NLD,8502
2025650,224,162,1705,2009,761361.0,2628833.0,0.384596,2.3797610000000002,TUR,NLD,8502
2025651,226,162,1705,2009,0.0,500029.0,-0.822897,0.644899,TZA,NLD,8502
2025652,227,162,1705,2009,0.0,20828.0,-0.573707,-0.036203,UGA,NLD,8502
2025653,228,162,1705,2009,0.0,47125.0,0.602688,0.830247,UKR,NLD,8502
2025654,230,162,1705,2009,0.0,58689.0,0.260419,-0.171944,URY,NLD,8502
2025655,231,162,1705,2009,6822240.0,1983398.0,1.657663,-0.41411400000000004,USA,NLD,8502
2025656,232,162,1705,2009,0.0,460443.0,-0.6115470000000001,-0.710622,UZB,NLD,8502
2025657,236,162,1705,2009,0.0,3545255.0,-0.5847600000000001,-1.150334,VEN,NLD,8502
2025658,239,162,1705,2009,0.0,641147.0,-0.27396,1.131199,VNM,NLD,8502
2025659,243,162,1705,2009,0.0,5217.0,-0.845426,-1.119091,YEM,NLD,8502
2025660,246,162,1705,2009,1525716.0,11199018.0,0.316452,1.767795,ZAF,NLD,8502
2025661,247,162,1705,2009,0.0,15998.0,-0.6423909999999999,-0.815315,ZMB,NLD,8502
2025662,249,162,1705,2009,31286.0,24880.0,1.5763120000000002,0.9567950000000001,TWN,NLD,8502
2025663,250,162,1705,2009,549356.0,139710.0,0.582246,-0.10603,ANS,NLD,8502
2025664,1,163,1705,2009,0.0,2360.0,-0.424354,-0.563383,AFG,NOR,8502
2025665,7,163,1705,2009,40051.0,1382436.0,0.070059,-0.619075,ARE,NOR,8502
2025666,8,163,1705,2009,0.0,39095.0,0.27637,0.611129,ARG,NOR,8502
2025667,15,163,1705,2009,1665103.0,32043.0,1.651325,-0.020794,AUT,NOR,8502
2025668,18,163,1705,2009,2412309.0,9262.0,1.272011,1.074548,BEL,NOR,8502
2025669,22,163,1705,2009,0.0,3293417.0,-1.030722,-0.860137,BGD,NOR,8502
2025670,24,163,1705,2009,0.0,41966.0,0.250645,-0.767742,BHR,NOR,8502
2025671,32,163,1705,2009,0.0,199807.0,0.35447199999999995,0.8522360000000001,BRA,NOR,8502
2025672,39,163,1705,2009,4550.0,26686.0,0.6778069999999999,1.278402,CAN,NOR,8502
2025673,41,163,1705,2009,75329.0,8904.0,2.124438,0.484861,CHE,NOR,8502
2025674,43,163,1705,2009,5087582.0,12713644.0,0.898623,2.08703,CHN,NOR,8502
2025675,47,163,1705,2009,0.0,75685.0,-1.466289,-1.201249,COG,NOR,8502
2025676,59,163,1705,2009,30059.0,25416.0,1.6323159999999999,0.47257200000000005,CZE,NOR,8502
2025677,61,163,1705,2009,10831442.0,664143.0,2.056515,-3.034837,DEU,NOR,8502
2025678,64,163,1705,2009,6604082.0,694806.0,1.242327,1.064709,DNK,NOR,8502
2025679,68,163,1705,2009,92052.0,0.0,-0.20940300000000003,1.6466290000000001,EGY,NOR,8502
2025680,71,163,1705,2009,1446892.0,2350285.0,0.9021020000000001,2.170578,ESP,NOR,8502
2025681,72,163,1705,2009,298436.0,188004.0,0.749058,1.269572,EST,NOR,8502
2025682,73,163,1705,2009,0.0,19202.0,-0.967483,-0.8219,ETH,NOR,8502
2025683,74,163,1705,2009,7539148.0,100258.0,1.8206849999999999,0.797421,FIN,NOR,8502
2025684,77,163,1705,2009,2269210.0,228144.0,1.540346,0.090377,FRA,NOR,8502
2025685,78,163,1705,2009,0.0,7121.0,-0.437934,-0.8733879999999999,FRO,NOR,8502
2025686,80,163,1705,2009,0.0,1093.0,-1.197711,-1.147469,GAB,NOR,8502
2025687,81,163,1705,2009,7335328.0,526528.0,1.7921779999999998,0.41211499999999995,GBR,NOR,8502
2025688,83,163,1705,2009,0.0,2388.0,-0.909436,-0.6619470000000001,GHA,NOR,8502
2025689,85,163,1705,2009,0.0,1242.0,-1.618121,-1.2200520000000001,GIN,NOR,8502
2025690,87,163,1705,2009,0.0,2148.0,-0.573979,-0.644636,GMB,NOR,8502
2025691,90,163,1705,2009,0.0,65321.0,0.2196,1.63301,GRC,NOR,8502
2025692,92,163,1705,2009,0.0,45491.0,-1.29302,-1.024092,GRL,NOR,8502
2025693,100,163,1705,2009,0.0,61671.0,0.740174,1.005258,HRV,NOR,8502
2025694,102,163,1705,2009,16904.0,0.0,1.397765,0.772375,HUN,NOR,8502
2025695,104,163,1705,2009,10095.0,4882704.0,0.209867,2.254003,IND,NOR,8502
2025696,106,163,1705,2009,1220140.0,0.0,1.627233,0.020024,IRL,NOR,8502
2025697,108,163,1705,2009,0.0,5146.0,-1.1683270000000001,-0.9517459999999999,IRQ,NOR,8502
2025698,109,163,1705,2009,25841.0,10351.0,0.21713200000000002,-0.371812,ISL,NOR,8502
2025699,110,163,1705,2009,0.0,317893.0,1.226438,0.816299,ISR,NOR,8502
2025700,111,163,1705,2009,12197244.0,10053.0,1.289,0.64549,ITA,NOR,8502
2025701,114,163,1705,2009,1401038.0,0.0,2.306791,-0.251712,JPN,NOR,8502
2025702,121,163,1705,2009,53981499.0,34128465.0,1.509336,0.784515,KOR,NOR,8502
2025703,130,163,1705,2009,1033.0,1259593.0,0.647736,1.150962,LTU,NOR,8502
2025704,131,163,1705,2009,0.0,1625.0,1.323336,1.026341,LUX,NOR,8502
2025705,132,163,1705,2009,0.0,22086.0,0.675643,0.99977,LVA,NOR,8502
2025706,138,163,1705,2009,6989.0,0.0,1.061625,0.719234,MEX,NOR,8502
2025707,142,163,1705,2009,0.0,2129.0,1.233965,-0.016763,MLT,NOR,8502
2025708,159,163,1705,2009,0.0,13048.0,-1.584051,-1.156247,NGA,NOR,8502
2025709,162,163,1705,2009,1858721.0,3239983.0,1.1914850000000001,1.3076780000000001,NLD,NOR,8502
2025710,168,163,1705,2009,0.0,1124104.0,-0.514907,0.44733100000000003,PAK,NOR,8502
2025711,173,163,1705,2009,0.0,924.0,-0.53304,0.221183,PER,NOR,8502
2025712,177,163,1705,2009,3899.0,4138024.0,1.11055,1.069074,POL,NOR,8502
2025713,180,163,1705,2009,0.0,2270.0,-0.564858,-0.941735,PRY,NOR,8502
2025714,185,163,1705,2009,0.0,3345178.0,0.833802,1.024418,ROU,NOR,8502
2025715,186,163,1705,2009,0.0,292334.0,0.392478,-0.20038399999999998,RUS,NOR,8502
2025716,188,163,1705,2009,0.0,179010.0,0.300581,-0.813199,SAU,NOR,8502
2025717,192,163,1705,2009,191297.0,42415605.0,1.9503540000000001,0.498033,SGP,NOR,8502
2025718,206,163,1705,2009,105195.0,0.0,1.231382,0.820968,SVK,NOR,8502
2025719,208,163,1705,2009,2904353.0,2090169.0,1.877821,0.336565,SWE,NOR,8502
2025720,215,163,1705,2009,0.0,1039.0,-0.561619,-0.759929,TGO,NOR,8502
2025721,224,163,1705,2009,0.0,814795.0,0.384596,2.3797610000000002,TUR,NOR,8502
2025722,226,163,1705,2009,0.0,6640.0,-0.822897,0.644899,TZA,NOR,8502
2025723,227,163,1705,2009,0.0,16259.0,-0.573707,-0.036203,UGA,NOR,8502
2025724,228,163,1705,2009,28354.0,0.0,0.602688,0.830247,UKR,NOR,8502
2025725,231,163,1705,2009,2472819.0,48010.0,1.657663,-0.41411400000000004,USA,NOR,8502
2025726,239,163,1705,2009,0.0,567983.0,-0.27396,1.131199,VNM,NOR,8502
2025727,7,166,1705,2009,1302.0,2122.0,0.070059,-0.619075,ARE,NZL,8502
2025728,10,166,1705,2009,0.0,6030.0,0.989991,0.109608,ASM,NZL,8502
2025729,14,166,1705,2009,1560266.0,165651.0,-0.109286,0.13586900000000002,AUS,NZL,8502
2025730,15,166,1705,2009,135772.0,0.0,1.651325,-0.020794,AUT,NZL,8502
2025731,18,166,1705,2009,77200.0,0.0,1.272011,1.074548,BEL,NZL,8502
2025732,39,166,1705,2009,26606.0,145641.0,0.6778069999999999,1.278402,CAN,NZL,8502
2025733,41,166,1705,2009,2118.0,0.0,2.124438,0.484861,CHE,NZL,8502
2025734,43,166,1705,2009,2727648.0,0.0,0.898623,2.08703,CHN,NZL,8502
2025735,48,166,1705,2009,0.0,70202.0,0.291299,-0.477813,COK,NZL,8502
2025736,59,166,1705,2009,4557036.0,0.0,1.6323159999999999,0.47257200000000005,CZE,NZL,8502
2025737,61,166,1705,2009,1289540.0,61583.0,2.056515,-3.034837,DEU,NZL,8502
2025738,64,166,1705,2009,24135460.0,109148.0,1.242327,1.064709,DNK,NZL,8502
2025739,66,166,1705,2009,0.0,399202.0,-1.161786,-1.188669,DZA,NZL,8502
2025740,71,166,1705,2009,448121.0,42460.0,0.9021020000000001,2.170578,ESP,NZL,8502
2025741,72,166,1705,2009,657503.0,0.0,0.749058,1.269572,EST,NZL,8502
2025742,74,166,1705,2009,39774.0,0.0,1.8206849999999999,0.797421,FIN,NZL,8502
2025743,75,166,1705,2009,0.0,708815.0,-0.785772,-0.305228,FJI,NZL,8502
2025744,77,166,1705,2009,190430.0,0.0,1.540346,0.090377,FRA,NZL,8502
2025745,81,166,1705,2009,619169.0,311450.0,1.7921779999999998,0.41211499999999995,GBR,NZL,8502
2025746,97,166,1705,2009,387856.0,968.0,0.654964,1.98672,HKG,NZL,8502
2025747,99,166,1705,2009,0.0,78973.0,-0.587607,-0.189167,HND,NZL,8502
2025748,103,166,1705,2009,35258.0,76892.0,-0.253835,1.260101,IDN,NZL,8502
2025749,104,166,1705,2009,11019.0,2435.0,0.209867,2.254003,IND,NZL,8502
2025750,106,166,1705,2009,42296.0,0.0,1.627233,0.020024,IRL,NZL,8502
2025751,108,166,1705,2009,0.0,15143.0,-1.1683270000000001,-0.9517459999999999,IRQ,NZL,8502
2025752,110,166,1705,2009,14699271.0,0.0,1.226438,0.816299,ISR,NZL,8502
2025753,111,166,1705,2009,800124.0,0.0,1.289,0.64549,ITA,NZL,8502
2025754,114,166,1705,2009,1324316.0,1722.0,2.306791,-0.251712,JPN,NZL,8502
2025755,116,166,1705,2009,1015.0,0.0,-0.26477399999999995,0.932587,KEN,NZL,8502
2025756,121,166,1705,2009,7966.0,8344.0,1.509336,0.784515,KOR,NZL,8502
2025757,153,166,1705,2009,12308.0,2971.0,0.8718229999999999,0.607429,MYS,NZL,8502
2025758,156,166,1705,2009,1186.0,34672.0,1.323528,0.523435,NCL,NZL,8502
2025759,162,166,1705,2009,2079039.0,62584.0,1.1914850000000001,1.3076780000000001,NLD,NZL,8502
2025760,168,166,1705,2009,0.0,968050.0,-0.514907,0.44733100000000003,PAK,NZL,8502
2025761,174,166,1705,2009,0.0,1633.0,0.34318000000000004,0.095375,PHL,NZL,8502
2025762,176,166,1705,2009,0.0,70654.0,-1.90537,-1.2462030000000002,PNG,NZL,8502
2025763,179,166,1705,2009,0.0,36198.0,0.559189,2.4359919999999997,PRT,NZL,8502
2025764,182,166,1705,2009,868.0,158953.0,-0.440014,-0.835513,PYF,NZL,8502
2025765,188,166,1705,2009,0.0,1282.0,0.300581,-0.813199,SAU,NZL,8502
2025766,192,166,1705,2009,1428960.0,6277.0,1.9503540000000001,0.498033,SGP,NZL,8502
2025767,195,166,1705,2009,0.0,119547.0,-1.9380110000000002,-1.06035,SLB,NZL,8502
2025768,216,166,1705,2009,0.0,12817.0,0.79692,1.315501,THA,NZL,8502
2025769,221,166,1705,2009,0.0,39257.0,-0.439709,-0.7270939999999999,TON,NZL,8502
2025770,222,166,1705,2009,1803.0,0.0,-0.508195,-1.097365,TTO,NZL,8502
2025771,224,166,1705,2009,159671.0,0.0,0.384596,2.3797610000000002,TUR,NZL,8502
2025772,231,166,1705,2009,51737541.0,82074.0,1.657663,-0.41411400000000004,USA,NZL,8502
2025773,240,166,1705,2009,0.0,61516.0,-0.9398479999999999,-0.9635799999999999,VUT,NZL,8502
2025774,241,166,1705,2009,0.0,106682.0,1.551821,-0.5478390000000001,WLF,NZL,8502
2025775,242,166,1705,2009,0.0,126283.0,1.3006149999999999,0.354537,WSM,NZL,8502
2025776,249,166,1705,2009,39871.0,0.0,1.5763120000000002,0.9567950000000001,TWN,NZL,8502
2025777,250,166,1705,2009,552624.0,0.0,0.582246,-0.10603,ANS,NZL,8502
2025778,1,168,1705,2009,50686.0,1282410.0,-0.424354,-0.563383,AFG,PAK,8502
2025779,7,168,1705,2009,2140704.0,1062483.0,0.070059,-0.619075,ARE,PAK,8502
2025780,8,168,1705,2009,0.0,20952.0,0.27637,0.611129,ARG,PAK,8502
2025781,14,168,1705,2009,1993063.0,0.0,-0.109286,0.13586900000000002,AUS,PAK,8502
2025782,15,168,1705,2009,88115403.0,0.0,1.651325,-0.020794,AUT,PAK,8502
2025783,18,168,1705,2009,1884036.0,1096542.0,1.272011,1.074548,BEL,PAK,8502
2025784,22,168,1705,2009,0.0,22635.0,-1.030722,-0.860137,BGD,PAK,8502
2025785,24,168,1705,2009,33428.0,0.0,0.250645,-0.767742,BHR,PAK,8502
2025786,32,168,1705,2009,151131.0,0.0,0.35447199999999995,0.8522360000000001,BRA,PAK,8502
2025787,39,168,1705,2009,1966084.0,49466.0,0.6778069999999999,1.278402,CAN,PAK,8502
2025788,41,168,1705,2009,9039512.0,0.0,2.124438,0.484861,CHE,PAK,8502
2025789,43,168,1705,2009,82518728.0,1342172.0,0.898623,2.08703,CHN,PAK,8502
2025790,58,168,1705,2009,5658.0,0.0,0.934193,0.657555,CYP,PAK,8502
2025791,59,168,1705,2009,2920882.0,0.0,1.6323159999999999,0.47257200000000005,CZE,PAK,8502
2025792,61,168,1705,2009,5549943.0,0.0,2.056515,-3.034837,DEU,PAK,8502
2025793,62,168,1705,2009,0.0,62514.0,0.062037,-0.596527,DJI,PAK,8502
2025794,64,168,1705,2009,93486.0,0.0,1.242327,1.064709,DNK,PAK,8502
2025795,66,168,1705,2009,1706.0,0.0,-1.161786,-1.188669,DZA,PAK,8502
2025796,68,168,1705,2009,39342.0,0.0,-0.20940300000000003,1.6466290000000001,EGY,PAK,8502
2025797,71,168,1705,2009,2718386.0,0.0,0.9021020000000001,2.170578,ESP,PAK,8502
2025798,73,168,1705,2009,0.0,454960.0,-0.967483,-0.8219,ETH,PAK,8502
2025799,74,168,1705,2009,96538782.0,1128.0,1.8206849999999999,0.797421,FIN,PAK,8502
2025800,77,168,1705,2009,4680992.0,0.0,1.540346,0.090377,FRA,PAK,8502
2025801,81,168,1705,2009,44987837.0,129517.0,1.7921779999999998,0.41211499999999995,GBR,PAK,8502
2025802,83,168,1705,2009,0.0,21174.0,-0.909436,-0.6619470000000001,GHA,PAK,8502
2025803,90,168,1705,2009,0.0,8978.0,0.2196,1.63301,GRC,PAK,8502
2025804,97,168,1705,2009,776756.0,0.0,0.654964,1.98672,HKG,PAK,8502
2025805,103,168,1705,2009,3391853.0,0.0,-0.253835,1.260101,IDN,PAK,8502
2025806,104,168,1705,2009,71879.0,3352.0,0.209867,2.254003,IND,PAK,8502
2025807,107,168,1705,2009,0.0,86109.0,-1.185702,-1.1049360000000001,IRN,PAK,8502
2025808,111,168,1705,2009,616142.0,2904.0,1.289,0.64549,ITA,PAK,8502
2025809,114,168,1705,2009,10175340.0,2541.0,2.306791,-0.251712,JPN,PAK,8502
2025810,115,168,1705,2009,11211.0,0.0,-0.6547970000000001,-0.772256,KAZ,PAK,8502
2025811,121,168,1705,2009,9760412.0,0.0,1.509336,0.784515,KOR,PAK,8502
2025812,122,168,1705,2009,430110.0,0.0,-1.386993,-1.203527,KWT,PAK,8502
2025813,124,168,1705,2009,1976538.0,0.0,0.48618599999999995,1.4748620000000001,LBN,PAK,8502
2025814,126,168,1705,2009,0.0,117321.0,-1.196032,-1.1829,LBY,PAK,8502
2025815,128,168,1705,2009,0.0,27069.0,-0.653836,0.174403,LKA,PAK,8502
2025816,138,168,1705,2009,533991.0,0.0,1.061625,0.719234,MEX,PAK,8502
2025817,153,168,1705,2009,579945.0,0.0,0.8718229999999999,0.607429,MYS,PAK,8502
2025818,159,168,1705,2009,0.0,16312.0,-1.584051,-1.156247,NGA,PAK,8502
2025819,162,168,1705,2009,4070505.0,139947.0,1.1914850000000001,1.3076780000000001,NLD,PAK,8502
2025820,163,168,1705,2009,1124104.0,0.0,0.865455,0.082808,NOR,PAK,8502
2025821,166,168,1705,2009,968050.0,0.0,0.38301999999999997,0.720644,NZL,PAK,8502
2025822,167,168,1705,2009,183847.0,29986.0,-0.691918,-1.015434,OMN,PAK,8502
2025823,177,168,1705,2009,17579.0,0.0,1.11055,1.069074,POL,PAK,8502
2025824,178,168,1705,2009,11166.0,0.0,0.608089,0.709831,PRK,PAK,8502
2025825,183,168,1705,2009,109965.0,0.0,-0.484947,-1.07179,QAT,PAK,8502
2025826,188,168,1705,2009,950604.0,0.0,0.300581,-0.813199,SAU,PAK,8502
2025827,191,168,1705,2009,0.0,67426.0,-0.53392,-0.415513,SEN,PAK,8502
2025828,192,168,1705,2009,3306941.0,12333.0,1.9503540000000001,0.498033,SGP,PAK,8502
2025829,196,168,1705,2009,0.0,8042.0,0.06259400000000001,-0.273258,SLE,PAK,8502
2025830,208,168,1705,2009,10965909.0,0.0,1.877821,0.336565,SWE,PAK,8502
2025831,209,168,1705,2009,73587.0,0.0,0.6420859999999999,0.060127999999999994,SWZ,PAK,8502
2025832,216,168,1705,2009,271629.0,0.0,0.79692,1.315501,THA,PAK,8502
2025833,224,168,1705,2009,1977480.0,0.0,0.384596,2.3797610000000002,TUR,PAK,8502
2025834,226,168,1705,2009,0.0,5951.0,-0.822897,0.644899,TZA,PAK,8502
2025835,228,168,1705,2009,35369.0,0.0,0.602688,0.830247,UKR,PAK,8502
2025836,231,168,1705,2009,15929172.0,90177.0,1.657663,-0.41411400000000004,USA,PAK,8502
2025837,239,168,1705,2009,334513.0,0.0,-0.27396,1.131199,VNM,PAK,8502
2025838,246,168,1705,2009,20728.0,1033.0,0.316452,1.767795,ZAF,PAK,8502
2025839,249,168,1705,2009,37096.0,0.0,1.5763120000000002,0.9567950000000001,TWN,PAK,8502
2025840,0,169,1705,2009,0.0,3139.0,0.770077,-0.71001,ABW,PAN,8502
2025841,6,169,1705,2009,0.0,2954.0,0.351025,-0.699817,ANT,PAN,8502
2025842,8,169,1705,2009,10179.0,0.0,0.27637,0.611129,ARG,PAN,8502
2025843,13,169,1705,2009,137758.0,0.0,0.930903,0.279441,ATG,PAN,8502
2025844,18,169,1705,2009,154124.0,0.0,1.272011,1.074548,BEL,PAN,8502
2025845,25,169,1705,2009,0.0,4589.0,0.5451729999999999,-0.496575,BHS,PAN,8502
2025846,29,169,1705,2009,0.0,51541.0,-1.0464040000000001,-0.949774,BLZ,PAN,8502
2025847,32,169,1705,2009,1004996.0,15555.0,0.35447199999999995,0.8522360000000001,BRA,PAN,8502
2025848,39,169,1705,2009,1128.0,9786.0,0.6778069999999999,1.278402,CAN,PAN,8502
2025849,41,169,1705,2009,1236393.0,0.0,2.124438,0.484861,CHE,PAN,8502
2025850,42,169,1705,2009,0.0,3602.0,-0.219521,-0.34239,CHL,PAN,8502
2025851,43,169,1705,2009,4514854.0,0.0,0.898623,2.08703,CHN,PAN,8502
2025852,49,169,1705,2009,245542.0,139028.0,0.263416,0.38947,COL,PAN,8502
2025853,52,169,1705,2009,75637.0,107635.0,-0.142465,-0.669277,CRI,PAN,8502
2025854,54,169,1705,2009,0.0,101021.0,0.188114,-0.819958,CUB,PAN,8502
2025855,61,169,1705,2009,1999685.0,0.0,2.056515,-3.034837,DEU,PAN,8502
2025856,64,169,1705,2009,1113662.0,0.0,1.242327,1.064709,DNK,PAN,8502
2025857,65,169,1705,2009,33670.0,50009.0,-0.317894,0.198926,DOM,PAN,8502
2025858,67,169,1705,2009,1630.0,548452.0,-0.92724,-0.965628,ECU,PAN,8502
2025859,68,169,1705,2009,59545.0,0.0,-0.20940300000000003,1.6466290000000001,EGY,PAN,8502
2025860,71,169,1705,2009,870071.0,36641.0,0.9021020000000001,2.170578,ESP,PAN,8502
2025861,77,169,1705,2009,1030545.0,0.0,1.540346,0.090377,FRA,PAN,8502
2025862,81,169,1705,2009,2298567.0,0.0,1.7921779999999998,0.41211499999999995,GBR,PAN,8502
2025863,83,169,1705,2009,0.0,245928.0,-0.909436,-0.6619470000000001,GHA,PAN,8502
2025864,93,169,1705,2009,3553.0,8174.0,-0.33276999999999995,0.551257,GTM,PAN,8502
2025865,96,169,1705,2009,0.0,68933.0,-1.0557809999999999,-1.055825,GUY,PAN,8502
2025866,97,169,1705,2009,52547.0,0.0,0.654964,1.98672,HKG,PAN,8502
2025867,99,169,1705,2009,128944.0,5119.0,-0.587607,-0.189167,HND,PAN,8502
2025868,101,169,1705,2009,0.0,36002.0,-1.406148,-1.108465,HTI,PAN,8502
2025869,110,169,1705,2009,2223.0,0.0,1.226438,0.816299,ISR,PAN,8502
2025870,111,169,1705,2009,94785.0,0.0,1.289,0.64549,ITA,PAN,8502
2025871,112,169,1705,2009,17267.0,318113.0,-0.083743,-0.6222479999999999,JAM,PAN,8502
2025872,114,169,1705,2009,949765.0,0.0,2.306791,-0.251712,JPN,PAN,8502
2025873,121,169,1705,2009,35542.0,0.0,1.509336,0.784515,KOR,PAN,8502
2025874,138,169,1705,2009,1046043.0,1371.0,1.061625,0.719234,MEX,PAN,8502
2025875,160,169,1705,2009,15923.0,519.0,-0.924057,-0.809557,NIC,PAN,8502
2025876,162,169,1705,2009,167269.0,0.0,1.1914850000000001,1.3076780000000001,NLD,PAN,8502
2025877,173,169,1705,2009,3858496.0,47895.0,-0.53304,0.221183,PER,PAN,8502
2025878,174,169,1705,2009,44786.0,0.0,0.34318000000000004,0.095375,PHL,PAN,8502
2025879,186,169,1705,2009,757147.0,0.0,0.392478,-0.20038399999999998,RUS,PAN,8502
2025880,197,169,1705,2009,0.0,21334.0,-0.19729100000000002,0.23434899999999997,SLV,PAN,8502
2025881,222,169,1705,2009,0.0,9719.0,-0.508195,-1.097365,TTO,PAN,8502
2025882,224,169,1705,2009,35278.0,0.0,0.384596,2.3797610000000002,TUR,PAN,8502
2025883,228,169,1705,2009,4601.0,0.0,0.602688,0.830247,UKR,PAN,8502
2025884,230,169,1705,2009,176312.0,0.0,0.260419,-0.171944,URY,PAN,8502
2025885,231,169,1705,2009,6555637.0,0.0,1.657663,-0.41411400000000004,USA,PAN,8502
2025886,236,169,1705,2009,69682.0,2817391.0,-0.5847600000000001,-1.150334,VEN,PAN,8502
2025887,239,169,1705,2009,48933.0,0.0,-0.27396,1.131199,VNM,PAN,8502
2025888,246,169,1705,2009,24030.0,0.0,0.316452,1.767795,ZAF,PAN,8502
2025889,248,169,1705,2009,0.0,113510.0,-0.686822,-0.683511,ZWE,PAN,8502
2025890,249,169,1705,2009,135915.0,0.0,1.5763120000000002,0.9567950000000001,TWN,PAN,8502
2025891,250,169,1705,2009,0.0,48040.0,0.582246,-0.10603,ANS,PAN,8502
2025892,8,173,1705,2009,163305.0,0.0,0.27637,0.611129,ARG,PER,8502
2025893,13,173,1705,2009,8889.0,0.0,0.930903,0.279441,ATG,PER,8502
2025894,15,173,1705,2009,5384.0,0.0,1.651325,-0.020794,AUT,PER,8502
2025895,31,173,1705,2009,0.0,1428.0,-0.909969,-0.8899879999999999,BOL,PER,8502
2025896,32,173,1705,2009,3356450.0,0.0,0.35447199999999995,0.8522360000000001,BRA,PER,8502
2025897,39,173,1705,2009,158910.0,0.0,0.6778069999999999,1.278402,CAN,PER,8502
2025898,42,173,1705,2009,607192.0,310150.0,-0.219521,-0.34239,CHL,PER,8502
2025899,43,173,1705,2009,5677731.0,0.0,0.898623,2.08703,CHN,PER,8502
2025900,49,173,1705,2009,0.0,4763043.0,0.263416,0.38947,COL,PER,8502
2025901,52,173,1705,2009,0.0,164801.0,-0.142465,-0.669277,CRI,PER,8502
2025902,61,173,1705,2009,12035.0,0.0,2.056515,-3.034837,DEU,PER,8502
2025903,65,173,1705,2009,0.0,119771.0,-0.317894,0.198926,DOM,PER,8502
2025904,67,173,1705,2009,16249.0,2854390.0,-0.92724,-0.965628,ECU,PER,8502
2025905,71,173,1705,2009,120333.0,0.0,0.9021020000000001,2.170578,ESP,PER,8502
2025906,74,173,1705,2009,2387.0,0.0,1.8206849999999999,0.797421,FIN,PER,8502
2025907,77,173,1705,2009,460543.0,0.0,1.540346,0.090377,FRA,PER,8502
2025908,81,173,1705,2009,1154787.0,0.0,1.7921779999999998,0.41211499999999995,GBR,PER,8502
2025909,90,173,1705,2009,93558.0,0.0,0.2196,1.63301,GRC,PER,8502
2025910,93,173,1705,2009,0.0,680457.0,-0.33276999999999995,0.551257,GTM,PER,8502
2025911,97,173,1705,2009,4120.0,0.0,0.654964,1.98672,HKG,PER,8502
2025912,104,173,1705,2009,214605.0,0.0,0.209867,2.254003,IND,PER,8502
2025913,106,173,1705,2009,19651.0,0.0,1.627233,0.020024,IRL,PER,8502
2025914,110,173,1705,2009,2306.0,0.0,1.226438,0.816299,ISR,PER,8502
2025915,111,173,1705,2009,434790.0,0.0,1.289,0.64549,ITA,PER,8502
2025916,114,173,1705,2009,812506.0,0.0,2.306791,-0.251712,JPN,PER,8502
2025917,138,173,1705,2009,241241.0,0.0,1.061625,0.719234,MEX,PER,8502
2025918,162,173,1705,2009,60001.0,0.0,1.1914850000000001,1.3076780000000001,NLD,PER,8502
2025919,163,173,1705,2009,924.0,0.0,0.865455,0.082808,NOR,PER,8502
2025920,169,173,1705,2009,47895.0,3858496.0,0.629137,0.5894010000000001,PAN,PER,8502
2025921,186,173,1705,2009,2421.0,0.0,0.392478,-0.20038399999999998,RUS,PER,8502
2025922,192,173,1705,2009,7291.0,0.0,1.9503540000000001,0.498033,SGP,PER,8502
2025923,208,173,1705,2009,3454.0,0.0,1.877821,0.336565,SWE,PER,8502
2025924,231,173,1705,2009,18131744.0,48470.0,1.657663,-0.41411400000000004,USA,PER,8502
2025925,236,173,1705,2009,225456.0,4797360.0,-0.5847600000000001,-1.150334,VEN,PER,8502
2025926,237,173,1705,2009,0.0,71534.0,0.903839,0.093044,VGB,PER,8502
2025927,249,173,1705,2009,0.0,8632.0,1.5763120000000002,0.9567950000000001,TWN,PER,8502
2025928,250,173,1705,2009,0.0,840281.0,0.582246,-0.10603,ANS,PER,8502
2025929,2,174,1705,2009,0.0,105656.0,-0.809438,-1.190006,AGO,PHL,8502
2025930,7,174,1705,2009,10097.0,0.0,0.070059,-0.619075,ARE,PHL,8502
2025931,14,174,1705,2009,53570.0,0.0,-0.109286,0.13586900000000002,AUS,PHL,8502
2025932,39,174,1705,2009,7001.0,60615.0,0.6778069999999999,1.278402,CAN,PHL,8502
2025933,41,174,1705,2009,216360.0,0.0,2.124438,0.484861,CHE,PHL,8502
2025934,43,174,1705,2009,28021978.0,2872.0,0.898623,2.08703,CHN,PHL,8502
2025935,47,174,1705,2009,0.0,11300.0,-1.466289,-1.201249,COG,PHL,8502
2025936,52,174,1705,2009,0.0,727.0,-0.142465,-0.669277,CRI,PHL,8502
2025937,61,174,1705,2009,1697412.0,165917.0,2.056515,-3.034837,DEU,PHL,8502
2025938,71,174,1705,2009,213245.0,0.0,0.9021020000000001,2.170578,ESP,PHL,8502
2025939,73,174,1705,2009,0.0,9253.0,-0.967483,-0.8219,ETH,PHL,8502
2025940,77,174,1705,2009,29983.0,0.0,1.540346,0.090377,FRA,PHL,8502
2025941,81,174,1705,2009,3763081.0,243064.0,1.7921779999999998,0.41211499999999995,GBR,PHL,8502
2025942,95,174,1705,2009,1306.0,3370.0,0.518098,-0.124172,GUM,PHL,8502
2025943,97,174,1705,2009,2996461.0,364287.0,0.654964,1.98672,HKG,PHL,8502
2025944,103,174,1705,2009,46201.0,126549.0,-0.253835,1.260101,IDN,PHL,8502
2025945,104,174,1705,2009,626626.0,0.0,0.209867,2.254003,IND,PHL,8502
2025946,106,174,1705,2009,10779.0,0.0,1.627233,0.020024,IRL,PHL,8502
2025947,110,174,1705,2009,7806.0,0.0,1.226438,0.816299,ISR,PHL,8502
2025948,111,174,1705,2009,72373.0,0.0,1.289,0.64549,ITA,PHL,8502
2025949,114,174,1705,2009,45490887.0,26584.0,2.306791,-0.251712,JPN,PHL,8502
2025950,121,174,1705,2009,584549.0,16116.0,1.509336,0.784515,KOR,PHL,8502
2025951,124,174,1705,2009,0.0,1407.0,0.48618599999999995,1.4748620000000001,LBN,PHL,8502
2025952,137,174,1705,2009,0.0,856.0,-0.415182,-0.9298379999999999,MDV,PHL,8502
2025953,138,174,1705,2009,0.0,2203.0,1.061625,0.719234,MEX,PHL,8502
2025954,153,174,1705,2009,165996.0,125629.0,0.8718229999999999,0.607429,MYS,PHL,8502
2025955,162,174,1705,2009,6299.0,40804.0,1.1914850000000001,1.3076780000000001,NLD,PHL,8502
2025956,166,174,1705,2009,1633.0,0.0,0.38301999999999997,0.720644,NZL,PHL,8502
2025957,169,174,1705,2009,0.0,44786.0,0.629137,0.5894010000000001,PAN,PHL,8502
2025958,175,174,1705,2009,0.0,8123.0,0.408333,-0.826412,PLW,PHL,8502
2025959,185,174,1705,2009,1256.0,0.0,0.833802,1.024418,ROU,PHL,8502
2025960,188,174,1705,2009,0.0,6858.0,0.300581,-0.813199,SAU,PHL,8502
2025961,192,174,1705,2009,13389029.0,1989452.0,1.9503540000000001,0.498033,SGP,PHL,8502
2025962,208,174,1705,2009,2864.0,0.0,1.877821,0.336565,SWE,PHL,8502
2025963,231,174,1705,2009,4269326.0,935.0,1.657663,-0.41411400000000004,USA,PHL,8502
2025964,239,174,1705,2009,7359460.0,0.0,-0.27396,1.131199,VNM,PHL,8502
2025965,246,174,1705,2009,0.0,54186.0,0.316452,1.767795,ZAF,PHL,8502
2025966,248,174,1705,2009,0.0,36017.0,-0.686822,-0.683511,ZWE,PHL,8502
2025967,249,174,1705,2009,197629.0,21902.0,1.5763120000000002,0.9567950000000001,TWN,PHL,8502
2025968,4,177,1705,2009,8732.0,0.0,-0.41612200000000005,-0.256639,ALB,POL,8502
2025969,7,177,1705,2009,0.0,15380570.0,0.070059,-0.619075,ARE,POL,8502
2025970,8,177,1705,2009,0.0,4102.0,0.27637,0.611129,ARG,POL,8502
2025971,11,177,1705,2009,0.0,1157.0,2.014378,-0.596029,ATA,POL,8502
2025972,14,177,1705,2009,0.0,2401978.0,-0.109286,0.13586900000000002,AUS,POL,8502
2025973,15,177,1705,2009,160013.0,30137.0,1.651325,-0.020794,AUT,POL,8502
2025974,18,177,1705,2009,2873112.0,177883.0,1.272011,1.074548,BEL,POL,8502
2025975,22,177,1705,2009,0.0,4304.0,-1.030722,-0.860137,BGD,POL,8502
2025976,23,177,1705,2009,0.0,1255156.0,0.373594,1.571413,BGR,POL,8502
2025977,26,177,1705,2009,0.0,1000.0,0.519113,0.762582,BIH,POL,8502
2025978,28,177,1705,2009,1364.0,1127188.0,0.977663,0.549549,BLR,POL,8502
2025979,39,177,1705,2009,1204.0,5427.0,0.6778069999999999,1.278402,CAN,POL,8502
2025980,41,177,1705,2009,5773965.0,122712.0,2.124438,0.484861,CHE,POL,8502
2025981,43,177,1705,2009,5466701.0,4214412.0,0.898623,2.08703,CHN,POL,8502
2025982,59,177,1705,2009,19644463.0,166745.0,1.6323159999999999,0.47257200000000005,CZE,POL,8502
2025983,61,177,1705,2009,30039179.0,11710917.0,2.056515,-3.034837,DEU,POL,8502
2025984,64,177,1705,2009,62295659.0,11799233.0,1.242327,1.064709,DNK,POL,8502
2025985,68,177,1705,2009,0.0,1744.0,-0.20940300000000003,1.6466290000000001,EGY,POL,8502
2025986,71,177,1705,2009,160598569.0,1013.0,0.9021020000000001,2.170578,ESP,POL,8502
2025987,72,177,1705,2009,49669.0,69918.0,0.749058,1.269572,EST,POL,8502
2025988,73,177,1705,2009,0.0,736.0,-0.967483,-0.8219,ETH,POL,8502
2025989,74,177,1705,2009,6060628.0,73973.0,1.8206849999999999,0.797421,FIN,POL,8502
2025990,77,177,1705,2009,7849487.0,13480.0,1.540346,0.090377,FRA,POL,8502
2025991,80,177,1705,2009,775.0,0.0,-1.197711,-1.147469,GAB,POL,8502
2025992,81,177,1705,2009,5005064.0,1904418.0,1.7921779999999998,0.41211499999999995,GBR,POL,8502
2025993,82,177,1705,2009,0.0,78206.0,0.045952,-0.381822,GEO,POL,8502
2025994,83,177,1705,2009,0.0,2750.0,-0.909436,-0.6619470000000001,GHA,POL,8502
2025995,90,177,1705,2009,165236.0,45873.0,0.2196,1.63301,GRC,POL,8502
2025996,97,177,1705,2009,38003.0,0.0,0.654964,1.98672,HKG,POL,8502
2025997,100,177,1705,2009,0.0,3081.0,0.740174,1.005258,HRV,POL,8502
2025998,102,177,1705,2009,47871.0,444012.0,1.397765,0.772375,HUN,POL,8502
2025999,103,177,1705,2009,0.0,18665.0,-0.253835,1.260101,IDN,POL,8502
2026000,104,177,1705,2009,8478.0,22467.0,0.209867,2.254003,IND,POL,8502
2026001,106,177,1705,2009,4808.0,0.0,1.627233,0.020024,IRL,POL,8502
2026002,110,177,1705,2009,18696.0,959.0,1.226438,0.816299,ISR,POL,8502
2026003,111,177,1705,2009,4667872.0,3085.0,1.289,0.64549,ITA,POL,8502
2026004,114,177,1705,2009,294043.0,0.0,2.306791,-0.251712,JPN,POL,8502
2026005,115,177,1705,2009,0.0,43123.0,-0.6547970000000001,-0.772256,KAZ,POL,8502
2026006,121,177,1705,2009,4242.0,0.0,1.509336,0.784515,KOR,POL,8502
2026007,122,177,1705,2009,0.0,3697.0,-1.386993,-1.203527,KWT,POL,8502
2026008,130,177,1705,2009,64101.0,573766.0,0.647736,1.150962,LTU,POL,8502
2026009,132,177,1705,2009,6714.0,171699.0,0.675643,0.99977,LVA,POL,8502
2026010,134,177,1705,2009,0.0,2370870.0,-0.48819300000000004,0.173952,MAR,POL,8502
2026011,136,177,1705,2009,0.0,5263472.0,-1.0356610000000002,-0.198062,MDG,POL,8502
2026012,153,177,1705,2009,0.0,38407.0,0.8718229999999999,0.607429,MYS,POL,8502
2026013,159,177,1705,2009,0.0,209768.0,-1.584051,-1.156247,NGA,POL,8502
2026014,162,177,1705,2009,2088039.0,6334125.0,1.1914850000000001,1.3076780000000001,NLD,POL,8502
2026015,163,177,1705,2009,4138024.0,3899.0,0.865455,0.082808,NOR,POL,8502
2026016,167,177,1705,2009,0.0,16741.0,-0.691918,-1.015434,OMN,POL,8502
2026017,168,177,1705,2009,0.0,17579.0,-0.514907,0.44733100000000003,PAK,POL,8502
2026018,178,177,1705,2009,0.0,9656.0,0.608089,0.709831,PRK,POL,8502
2026019,179,177,1705,2009,1596509.0,43510.0,0.559189,2.4359919999999997,PRT,POL,8502
2026020,185,177,1705,2009,0.0,30822.0,0.833802,1.024418,ROU,POL,8502
2026021,186,177,1705,2009,100240.0,1794086.0,0.392478,-0.20038399999999998,RUS,POL,8502
2026022,206,177,1705,2009,3102012.0,32346.0,1.231382,0.820968,SVK,POL,8502
2026023,207,177,1705,2009,17002.0,1536.0,1.548036,0.730396,SVN,POL,8502
2026024,208,177,1705,2009,59810.0,0.0,1.877821,0.336565,SWE,POL,8502
2026025,211,177,1705,2009,4442.0,0.0,-0.16046400000000002,-0.81512,SYC,POL,8502
2026026,219,177,1705,2009,0.0,26542.0,-1.060378,-1.17279,TKM,POL,8502
2026027,224,177,1705,2009,740693.0,0.0,0.384596,2.3797610000000002,TUR,POL,8502
2026028,228,177,1705,2009,126756.0,2290118.0,0.602688,0.830247,UKR,POL,8502
2026029,231,177,1705,2009,1775663.0,512937.0,1.657663,-0.41411400000000004,USA,POL,8502
2026030,232,177,1705,2009,0.0,419402.0,-0.6115470000000001,-0.710622,UZB,POL,8502
2026031,236,177,1705,2009,0.0,47890.0,-0.5847600000000001,-1.150334,VEN,POL,8502
2026032,246,177,1705,2009,0.0,4718.0,0.316452,1.767795,ZAF,POL,8502
2026033,249,177,1705,2009,6320.0,1172.0,1.5763120000000002,0.9567950000000001,TWN,POL,8502
2026034,250,177,1705,2009,1230639.0,0.0,0.582246,-0.10603,ANS,POL,8502
2026035,2,179,1705,2009,0.0,26981227.0,-0.809438,-1.190006,AGO,PRT,8502
2026036,15,179,1705,2009,1426.0,0.0,1.651325,-0.020794,AUT,PRT,8502
2026037,18,179,1705,2009,1934092.0,10750.0,1.272011,1.074548,BEL,PRT,8502
2026038,32,179,1705,2009,110730.0,0.0,0.35447199999999995,0.8522360000000001,BRA,PRT,8502
2026039,39,179,1705,2009,57706.0,0.0,0.6778069999999999,1.278402,CAN,PRT,8502
2026040,41,179,1705,2009,1251290.0,6559.0,2.124438,0.484861,CHE,PRT,8502
2026041,43,179,1705,2009,2454950.0,0.0,0.898623,2.08703,CHN,PRT,8502
2026042,45,179,1705,2009,0.0,167927.0,-1.128734,-1.022546,CMR,PRT,8502
2026043,51,179,1705,2009,170974.0,1634504.0,0.32592600000000005,-0.531697,CPV,PRT,8502
2026044,54,179,1705,2009,0.0,87933.0,0.188114,-0.819958,CUB,PRT,8502
2026045,59,179,1705,2009,7371058.0,0.0,1.6323159999999999,0.47257200000000005,CZE,PRT,8502
2026046,61,179,1705,2009,56031986.0,1237.0,2.056515,-3.034837,DEU,PRT,8502
2026047,64,179,1705,2009,222025.0,0.0,1.242327,1.064709,DNK,PRT,8502
2026048,66,179,1705,2009,0.0,176901.0,-1.161786,-1.188669,DZA,PRT,8502
2026049,71,179,1705,2009,43995076.0,22026431.0,0.9021020000000001,2.170578,ESP,PRT,8502
2026050,73,179,1705,2009,0.0,1682543.0,-0.967483,-0.8219,ETH,PRT,8502
2026051,74,179,1705,2009,1899945.0,0.0,1.8206849999999999,0.797421,FIN,PRT,8502
2026052,77,179,1705,2009,8909791.0,324627.0,1.540346,0.090377,FRA,PRT,8502
2026053,81,179,1705,2009,11075720.0,407861.0,1.7921779999999998,0.41211499999999995,GBR,PRT,8502
2026054,84,179,1705,2009,0.0,30750.0,0.9646979999999999,-0.461183,GIB,PRT,8502
2026055,85,179,1705,2009,0.0,13792.0,-1.618121,-1.2200520000000001,GIN,PRT,8502
2026056,88,179,1705,2009,0.0,517588.0,-0.6868890000000001,-0.9243459999999999,GNB,PRT,8502
2026057,100,179,1705,2009,0.0,2821.0,0.740174,1.005258,HRV,PRT,8502
2026058,104,179,1705,2009,364323.0,0.0,0.209867,2.254003,IND,PRT,8502
2026059,110,179,1705,2009,785.0,1706007.0,1.226438,0.816299,ISR,PRT,8502
2026060,111,179,1705,2009,4096730.0,99109.0,1.289,0.64549,ITA,PRT,8502
2026061,114,179,1705,2009,329289.0,0.0,2.306791,-0.251712,JPN,PRT,8502
2026062,115,179,1705,2009,0.0,984.0,-0.6547970000000001,-0.772256,KAZ,PRT,8502
2026063,121,179,1705,2009,1210.0,0.0,1.509336,0.784515,KOR,PRT,8502
2026064,134,179,1705,2009,0.0,68886.0,-0.48819300000000004,0.173952,MAR,PRT,8502
2026065,141,179,1705,2009,0.0,116430.0,-0.84835,-0.780324,MLI,PRT,8502
2026066,147,179,1705,2009,0.0,277834.0,-1.0023090000000001,-0.844765,MOZ,PRT,8502
2026067,153,179,1705,2009,694830.0,0.0,0.8718229999999999,0.607429,MYS,PRT,8502
2026068,162,179,1705,2009,2263867.0,492377.0,1.1914850000000001,1.3076780000000001,NLD,PRT,8502
2026069,166,179,1705,2009,36198.0,0.0,0.38301999999999997,0.720644,NZL,PRT,8502
2026070,177,179,1705,2009,43510.0,1596509.0,1.11055,1.069074,POL,PRT,8502
2026071,188,179,1705,2009,195877.0,0.0,0.300581,-0.813199,SAU,PRT,8502
2026072,191,179,1705,2009,0.0,161063.0,-0.53392,-0.415513,SEN,PRT,8502
2026073,192,179,1705,2009,75052.0,0.0,1.9503540000000001,0.498033,SGP,PRT,8502
2026074,203,179,1705,2009,0.0,3104638.0,0.370989,-0.518133,STP,PRT,8502
2026075,208,179,1705,2009,25215.0,0.0,1.877821,0.336565,SWE,PRT,8502
2026076,220,179,1705,2009,0.0,36270.0,0.317308,-0.8093199999999999,TLS,PRT,8502
2026077,222,179,1705,2009,0.0,2866.0,-0.508195,-1.097365,TTO,PRT,8502
2026078,224,179,1705,2009,0.0,713680.0,0.384596,2.3797610000000002,TUR,PRT,8502
2026079,226,179,1705,2009,0.0,3839.0,-0.822897,0.644899,TZA,PRT,8502
2026080,231,179,1705,2009,22146320.0,0.0,1.657663,-0.41411400000000004,USA,PRT,8502
2026081,236,179,1705,2009,0.0,342474.0,-0.5847600000000001,-1.150334,VEN,PRT,8502
2026082,246,179,1705,2009,126391.0,0.0,0.316452,1.767795,ZAF,PRT,8502
2026083,249,179,1705,2009,5266.0,0.0,1.5763120000000002,0.9567950000000001,TWN,PRT,8502
2026084,8,180,1705,2009,332323.0,194428.0,0.27637,0.611129,ARG,PRY,8502
2026085,31,180,1705,2009,0.0,73969.0,-0.909969,-0.8899879999999999,BOL,PRY,8502
2026086,32,180,1705,2009,1040630.0,0.0,0.35447199999999995,0.8522360000000001,BRA,PRY,8502
2026087,42,180,1705,2009,116441.0,0.0,-0.219521,-0.34239,CHL,PRY,8502
2026088,43,180,1705,2009,799102.0,0.0,0.898623,2.08703,CHN,PRY,8502
2026089,61,180,1705,2009,5078.0,0.0,2.056515,-3.034837,DEU,PRY,8502
2026090,77,180,1705,2009,56324.0,0.0,1.540346,0.090377,FRA,PRY,8502
2026091,81,180,1705,2009,655679.0,0.0,1.7921779999999998,0.41211499999999995,GBR,PRY,8502
2026092,111,180,1705,2009,63847.0,0.0,1.289,0.64549,ITA,PRY,8502
2026093,114,180,1705,2009,6600.0,0.0,2.306791,-0.251712,JPN,PRY,8502
2026094,138,180,1705,2009,31889.0,0.0,1.061625,0.719234,MEX,PRY,8502
2026095,163,180,1705,2009,2270.0,0.0,0.865455,0.082808,NOR,PRY,8502
2026096,208,180,1705,2009,1754.0,0.0,1.877821,0.336565,SWE,PRY,8502
2026097,230,180,1705,2009,20969.0,0.0,0.260419,-0.171944,URY,PRY,8502
2026098,231,180,1705,2009,407213.0,0.0,1.657663,-0.41411400000000004,USA,PRY,8502
2026099,4,185,1705,2009,165588.0,0.0,-0.41612200000000005,-0.256639,ALB,ROU,8502
2026100,7,185,1705,2009,0.0,14814.0,0.070059,-0.619075,ARE,ROU,8502
2026101,9,185,1705,2009,0.0,22559.0,0.24424899999999997,-0.30152399999999996,ARM,ROU,8502
2026102,15,185,1705,2009,926442.0,44268.0,1.651325,-0.020794,AUT,ROU,8502
2026103,18,185,1705,2009,612281.0,0.0,1.272011,1.074548,BEL,ROU,8502
2026104,22,185,1705,2009,0.0,3102.0,-1.030722,-0.860137,BGD,ROU,8502
2026105,23,185,1705,2009,47477.0,268290.0,0.373594,1.571413,BGR,ROU,8502
2026106,28,185,1705,2009,0.0,155758.0,0.977663,0.549549,BLR,ROU,8502
2026107,32,185,1705,2009,0.0,11589.0,0.35447199999999995,0.8522360000000001,BRA,ROU,8502
2026108,39,185,1705,2009,0.0,57217.0,0.6778069999999999,1.278402,CAN,ROU,8502
2026109,41,185,1705,2009,26198.0,16294.0,2.124438,0.484861,CHE,ROU,8502
2026110,43,185,1705,2009,6784834.0,2926983.0,0.898623,2.08703,CHN,ROU,8502
2026111,44,185,1705,2009,0.0,14234.0,-0.924681,-0.801371,CIV,ROU,8502
2026112,59,185,1705,2009,63411.0,1292.0,1.6323159999999999,0.47257200000000005,CZE,ROU,8502
2026113,61,185,1705,2009,1182619.0,71745.0,2.056515,-3.034837,DEU,ROU,8502
2026114,64,185,1705,2009,4851780.0,0.0,1.242327,1.064709,DNK,ROU,8502
2026115,65,185,1705,2009,0.0,13189.0,-0.317894,0.198926,DOM,ROU,8502
2026116,68,185,1705,2009,0.0,1048543.0,-0.20940300000000003,1.6466290000000001,EGY,ROU,8502
2026117,71,185,1705,2009,3150559.0,16997.0,0.9021020000000001,2.170578,ESP,ROU,8502
2026118,74,185,1705,2009,788611.0,52277.0,1.8206849999999999,0.797421,FIN,ROU,8502
2026119,77,185,1705,2009,4463212.0,14725.0,1.540346,0.090377,FRA,ROU,8502
2026120,81,185,1705,2009,2405785.0,21042.0,1.7921779999999998,0.41211499999999995,GBR,ROU,8502
2026121,90,185,1705,2009,1033912.0,192708.0,0.2196,1.63301,GRC,ROU,8502
2026122,102,185,1705,2009,874335.0,16491.0,1.397765,0.772375,HUN,ROU,8502
2026123,104,185,1705,2009,2399880.0,0.0,0.209867,2.254003,IND,ROU,8502
2026124,107,185,1705,2009,2318.0,0.0,-1.185702,-1.1049360000000001,IRN,ROU,8502
2026125,110,185,1705,2009,9767.0,0.0,1.226438,0.816299,ISR,ROU,8502
2026126,111,185,1705,2009,3541359.0,11907.0,1.289,0.64549,ITA,ROU,8502
2026127,114,185,1705,2009,609612.0,0.0,2.306791,-0.251712,JPN,ROU,8502
2026128,116,185,1705,2009,0.0,2513192.0,-0.26477399999999995,0.932587,KEN,ROU,8502
2026129,121,185,1705,2009,7323462.0,0.0,1.509336,0.784515,KOR,ROU,8502
2026130,124,185,1705,2009,96836.0,0.0,0.48618599999999995,1.4748620000000001,LBN,ROU,8502
2026131,134,185,1705,2009,0.0,21518.0,-0.48819300000000004,0.173952,MAR,ROU,8502
2026132,135,185,1705,2009,22237.0,2016570.0,0.009281999999999999,-0.039299,MDA,ROU,8502
2026133,159,185,1705,2009,0.0,1776.0,-1.584051,-1.156247,NGA,ROU,8502
2026134,162,185,1705,2009,2503419.0,4272.0,1.1914850000000001,1.3076780000000001,NLD,ROU,8502
2026135,163,185,1705,2009,3345178.0,0.0,0.865455,0.082808,NOR,ROU,8502
2026136,174,185,1705,2009,0.0,1256.0,0.34318000000000004,0.095375,PHL,ROU,8502
2026137,177,185,1705,2009,30822.0,0.0,1.11055,1.069074,POL,ROU,8502
2026138,186,185,1705,2009,26876.0,8364452.0,0.392478,-0.20038399999999998,RUS,ROU,8502
2026139,192,185,1705,2009,0.0,57264.0,1.9503540000000001,0.498033,SGP,ROU,8502
2026140,206,185,1705,2009,242266.0,0.0,1.231382,0.820968,SVK,ROU,8502
2026141,207,185,1705,2009,57042.0,3087.0,1.548036,0.730396,SVN,ROU,8502
2026142,208,185,1705,2009,6971.0,0.0,1.877821,0.336565,SWE,ROU,8502
2026143,224,185,1705,2009,6714332.0,498364.0,0.384596,2.3797610000000002,TUR,ROU,8502
2026144,228,185,1705,2009,0.0,151376.0,0.602688,0.830247,UKR,ROU,8502
2026145,231,185,1705,2009,1689879.0,0.0,1.657663,-0.41411400000000004,USA,ROU,8502
2026146,239,185,1705,2009,202842.0,0.0,-0.27396,1.131199,VNM,ROU,8502
2026147,243,185,1705,2009,0.0,82832.0,-0.845426,-1.119091,YEM,ROU,8502
2026148,249,185,1705,2009,1184.0,0.0,1.5763120000000002,0.9567950000000001,TWN,ROU,8502
2026149,7,188,1705,2009,196591.0,22818156.0,0.070059,-0.619075,ARE,SAU,8502
2026150,14,188,1705,2009,101136.0,0.0,-0.109286,0.13586900000000002,AUS,SAU,8502
2026151,15,188,1705,2009,427479.0,98899.0,1.651325,-0.020794,AUT,SAU,8502
2026152,18,188,1705,2009,968603.0,821598.0,1.272011,1.074548,BEL,SAU,8502
2026153,21,188,1705,2009,0.0,5062.0,-1.283807,-1.061272,BFA,SAU,8502
2026154,22,188,1705,2009,31709.0,0.0,-1.030722,-0.860137,BGD,SAU,8502
2026155,24,188,1705,2009,1118898.0,270427.0,0.250645,-0.767742,BHR,SAU,8502
2026156,32,188,1705,2009,0.0,109139.0,0.35447199999999995,0.8522360000000001,BRA,SAU,8502
2026157,38,188,1705,2009,0.0,3846.0,-0.5777260000000001,-0.839981,CAF,SAU,8502
2026158,39,188,1705,2009,233212.0,0.0,0.6778069999999999,1.278402,CAN,SAU,8502
2026159,41,188,1705,2009,638560.0,0.0,2.124438,0.484861,CHE,SAU,8502
2026160,43,188,1705,2009,16240341.0,670431.0,0.898623,2.08703,CHN,SAU,8502
2026161,46,188,1705,2009,0.0,724336.0,-1.532165,-1.160269,COD,SAU,8502
2026162,47,188,1705,2009,0.0,3731.0,-1.466289,-1.201249,COG,SAU,8502
2026163,59,188,1705,2009,136340.0,0.0,1.6323159999999999,0.47257200000000005,CZE,SAU,8502
2026164,61,188,1705,2009,41659698.0,427024.0,2.056515,-3.034837,DEU,SAU,8502
2026165,62,188,1705,2009,0.0,1218065.0,0.062037,-0.596527,DJI,SAU,8502
2026166,64,188,1705,2009,678348.0,0.0,1.242327,1.064709,DNK,SAU,8502
2026167,66,188,1705,2009,0.0,661250.0,-1.161786,-1.188669,DZA,SAU,8502
2026168,68,188,1705,2009,1066405.0,497829.0,-0.20940300000000003,1.6466290000000001,EGY,SAU,8502
2026169,69,188,1705,2009,0.0,53338.0,0.081675,-0.37700100000000003,ERI,SAU,8502
2026170,71,188,1705,2009,2269302.0,0.0,0.9021020000000001,2.170578,ESP,SAU,8502
2026171,73,188,1705,2009,2334.0,1510.0,-0.967483,-0.8219,ETH,SAU,8502
2026172,74,188,1705,2009,1566671.0,11876.0,1.8206849999999999,0.797421,FIN,SAU,8502
2026173,77,188,1705,2009,27894247.0,729070.0,1.540346,0.090377,FRA,SAU,8502
2026174,81,188,1705,2009,62095952.0,188746.0,1.7921779999999998,0.41211499999999995,GBR,SAU,8502
2026175,97,188,1705,2009,47668.0,791557.0,0.654964,1.98672,HKG,SAU,8502
2026176,103,188,1705,2009,762962.0,1198978.0,-0.253835,1.260101,IDN,SAU,8502
2026177,104,188,1705,2009,7427810.0,39537.0,0.209867,2.254003,IND,SAU,8502
2026178,108,188,1705,2009,0.0,2292485.0,-1.1683270000000001,-0.9517459999999999,IRQ,SAU,8502
2026179,111,188,1705,2009,16762756.0,466070.0,1.289,0.64549,ITA,SAU,8502
2026180,113,188,1705,2009,0.0,224739.0,0.21374899999999997,0.423774,JOR,SAU,8502
2026181,114,188,1705,2009,13955576.0,183146.0,2.306791,-0.251712,JPN,SAU,8502
2026182,121,188,1705,2009,13232972.0,0.0,1.509336,0.784515,KOR,SAU,8502
2026183,122,188,1705,2009,1525666.0,6003238.0,-1.386993,-1.203527,KWT,SAU,8502
2026184,124,188,1705,2009,8388730.0,370831.0,0.48618599999999995,1.4748620000000001,LBN,SAU,8502
2026185,138,188,1705,2009,414234.0,0.0,1.061625,0.719234,MEX,SAU,8502
2026186,153,188,1705,2009,3403010.0,0.0,0.8718229999999999,0.607429,MYS,SAU,8502
2026187,162,188,1705,2009,16363413.0,662480.0,1.1914850000000001,1.3076780000000001,NLD,SAU,8502
2026188,163,188,1705,2009,179010.0,0.0,0.865455,0.082808,NOR,SAU,8502
2026189,166,188,1705,2009,1282.0,0.0,0.38301999999999997,0.720644,NZL,SAU,8502
2026190,167,188,1705,2009,4424.0,1454194.0,-0.691918,-1.015434,OMN,SAU,8502
2026191,168,188,1705,2009,0.0,950604.0,-0.514907,0.44733100000000003,PAK,SAU,8502
2026192,174,188,1705,2009,6858.0,0.0,0.34318000000000004,0.095375,PHL,SAU,8502
2026193,179,188,1705,2009,0.0,195877.0,0.559189,2.4359919999999997,PRT,SAU,8502
2026194,183,188,1705,2009,809586.0,295495.0,-0.484947,-1.07179,QAT,SAU,8502
2026195,186,188,1705,2009,0.0,1070880.0,0.392478,-0.20038399999999998,RUS,SAU,8502
2026196,187,188,1705,2009,0.0,78437.0,-0.31001599999999996,-0.5382170000000001,RWA,SAU,8502
2026197,190,188,1705,2009,0.0,1046242.0,-2.2948020000000002,-1.3182040000000002,SDN,SAU,8502
2026198,191,188,1705,2009,0.0,736.0,-0.53392,-0.415513,SEN,SAU,8502
2026199,192,188,1705,2009,6854560.0,0.0,1.9503540000000001,0.498033,SGP,SAU,8502
2026200,201,188,1705,2009,33993.0,0.0,0.531766,1.477837,SRB,SAU,8502
2026201,206,188,1705,2009,58148.0,0.0,1.231382,0.820968,SVK,SAU,8502
2026202,208,188,1705,2009,864789.0,0.0,1.877821,0.336565,SWE,SAU,8502
2026203,212,188,1705,2009,6840.0,0.0,-0.48481199999999997,1.464509,SYR,SAU,8502
2026204,216,188,1705,2009,62109.0,0.0,0.79692,1.315501,THA,SAU,8502
2026205,224,188,1705,2009,3596380.0,566136.0,0.384596,2.3797610000000002,TUR,SAU,8502
2026206,227,188,1705,2009,0.0,155204.0,-0.573707,-0.036203,UGA,SAU,8502
2026207,231,188,1705,2009,31395865.0,448018.0,1.657663,-0.41411400000000004,USA,SAU,8502
2026208,243,188,1705,2009,20914.0,75504.0,-0.845426,-1.119091,YEM,SAU,8502
2026209,246,188,1705,2009,1607.0,0.0,0.316452,1.767795,ZAF,SAU,8502
2026210,249,188,1705,2009,260645.0,0.0,1.5763120000000002,0.9567950000000001,TWN,SAU,8502
2026211,250,188,1705,2009,115943.0,0.0,0.582246,-0.10603,ANS,SAU,8502
2026212,0,190,1705,2009,22364.0,0.0,0.770077,-0.71001,ABW,SDN,8502
2026213,7,190,1705,2009,913477.0,0.0,0.070059,-0.619075,ARE,SDN,8502
2026214,8,190,1705,2009,19049.0,0.0,0.27637,0.611129,ARG,SDN,8502
2026215,14,190,1705,2009,8880.0,0.0,-0.109286,0.13586900000000002,AUS,SDN,8502
2026216,15,190,1705,2009,14406.0,0.0,1.651325,-0.020794,AUT,SDN,8502
2026217,18,190,1705,2009,699667.0,0.0,1.272011,1.074548,BEL,SDN,8502
2026218,22,190,1705,2009,92105.0,0.0,-1.030722,-0.860137,BGD,SDN,8502
2026219,23,190,1705,2009,40857.0,0.0,0.373594,1.571413,BGR,SDN,8502
2026220,39,190,1705,2009,49427.0,0.0,0.6778069999999999,1.278402,CAN,SDN,8502
2026221,42,190,1705,2009,52998.0,0.0,-0.219521,-0.34239,CHL,SDN,8502
2026222,43,190,1705,2009,13123942.0,196563.0,0.898623,2.08703,CHN,SDN,8502
2026223,58,190,1705,2009,18987.0,0.0,0.934193,0.657555,CYP,SDN,8502
2026224,61,190,1705,2009,9464572.0,4673.0,2.056515,-3.034837,DEU,SDN,8502
2026225,67,190,1705,2009,5326946.0,0.0,-0.92724,-0.965628,ECU,SDN,8502
2026226,68,190,1705,2009,319110.0,0.0,-0.20940300000000003,1.6466290000000001,EGY,SDN,8502
2026227,71,190,1705,2009,488125.0,0.0,0.9021020000000001,2.170578,ESP,SDN,8502
2026228,77,190,1705,2009,670253.0,0.0,1.540346,0.090377,FRA,SDN,8502
2026229,80,190,1705,2009,22262.0,0.0,-1.197711,-1.147469,GAB,SDN,8502
2026230,81,190,1705,2009,16086555.0,0.0,1.7921779999999998,0.41211499999999995,GBR,SDN,8502
2026231,84,190,1705,2009,29566945.0,0.0,0.9646979999999999,-0.461183,GIB,SDN,8502
2026232,90,190,1705,2009,311102.0,0.0,0.2196,1.63301,GRC,SDN,8502
2026233,97,190,1705,2009,92882.0,0.0,0.654964,1.98672,HKG,SDN,8502
2026234,104,190,1705,2009,5694905.0,0.0,0.209867,2.254003,IND,SDN,8502
2026235,106,190,1705,2009,464521.0,0.0,1.627233,0.020024,IRL,SDN,8502
2026236,107,190,1705,2009,17126.0,0.0,-1.185702,-1.1049360000000001,IRN,SDN,8502
2026237,111,190,1705,2009,4152066.0,0.0,1.289,0.64549,ITA,SDN,8502
2026238,113,190,1705,2009,33452.0,0.0,0.21374899999999997,0.423774,JOR,SDN,8502
2026239,114,190,1705,2009,544074.0,0.0,2.306791,-0.251712,JPN,SDN,8502
2026240,116,190,1705,2009,793907.0,0.0,-0.26477399999999995,0.932587,KEN,SDN,8502
2026241,124,190,1705,2009,1235916.0,0.0,0.48618599999999995,1.4748620000000001,LBN,SDN,8502
2026242,134,190,1705,2009,33483.0,0.0,-0.48819300000000004,0.173952,MAR,SDN,8502
2026243,153,190,1705,2009,433691.0,0.0,0.8718229999999999,0.607429,MYS,SDN,8502
2026244,162,190,1705,2009,109175.0,0.0,1.1914850000000001,1.3076780000000001,NLD,SDN,8502
2026245,186,190,1705,2009,1561.0,0.0,0.392478,-0.20038399999999998,RUS,SDN,8502
2026246,187,190,1705,2009,27206.0,0.0,-0.31001599999999996,-0.5382170000000001,RWA,SDN,8502
2026247,188,190,1705,2009,1046242.0,0.0,0.300581,-0.813199,SAU,SDN,8502
2026248,191,190,1705,2009,38670.0,0.0,-0.53392,-0.415513,SEN,SDN,8502
2026249,192,190,1705,2009,103930.0,0.0,1.9503540000000001,0.498033,SGP,SDN,8502
2026250,208,190,1705,2009,52375.0,0.0,1.877821,0.336565,SWE,SDN,8502
2026251,209,190,1705,2009,201769.0,0.0,0.6420859999999999,0.060127999999999994,SWZ,SDN,8502
2026252,212,190,1705,2009,73528.0,0.0,-0.48481199999999997,1.464509,SYR,SDN,8502
2026253,213,190,1705,2009,119454.0,0.0,0.660828,-0.24060700000000002,TCA,SDN,8502
2026254,223,190,1705,2009,11530.0,0.0,0.044903,0.9126120000000001,TUN,SDN,8502
2026255,224,190,1705,2009,272246.0,0.0,0.384596,2.3797610000000002,TUR,SDN,8502
2026256,227,190,1705,2009,238057.0,0.0,-0.573707,-0.036203,UGA,SDN,8502
2026257,228,190,1705,2009,82357.0,0.0,0.602688,0.830247,UKR,SDN,8502
2026258,231,190,1705,2009,70364.0,0.0,1.657663,-0.41411400000000004,USA,SDN,8502
2026259,234,190,1705,2009,1313.0,0.0,-0.068356,-0.6011350000000001,VCT,SDN,8502
2026260,246,190,1705,2009,699960.0,0.0,0.316452,1.767795,ZAF,SDN,8502
2026261,15,197,1705,2009,1354364.0,0.0,1.651325,-0.020794,AUT,SLV,8502
2026262,32,197,1705,2009,144481.0,0.0,0.35447199999999995,0.8522360000000001,BRA,SLV,8502
2026263,43,197,1705,2009,7522.0,0.0,0.898623,2.08703,CHN,SLV,8502
2026264,52,197,1705,2009,8587.0,0.0,-0.142465,-0.669277,CRI,SLV,8502
2026265,61,197,1705,2009,4234.0,0.0,2.056515,-3.034837,DEU,SLV,8502
2026266,74,197,1705,2009,7888928.0,0.0,1.8206849999999999,0.797421,FIN,SLV,8502
2026267,77,197,1705,2009,33149.0,0.0,1.540346,0.090377,FRA,SLV,8502
2026268,81,197,1705,2009,117400.0,0.0,1.7921779999999998,0.41211499999999995,GBR,SLV,8502
2026269,93,197,1705,2009,56299.0,35812.0,-0.33276999999999995,0.551257,GTM,SLV,8502
2026270,99,197,1705,2009,1603.0,2337.0,-0.587607,-0.189167,HND,SLV,8502
2026271,111,197,1705,2009,47813.0,0.0,1.289,0.64549,ITA,SLV,8502
2026272,114,197,1705,2009,30275.0,0.0,2.306791,-0.251712,JPN,SLV,8502
2026273,138,197,1705,2009,440493.0,0.0,1.061625,0.719234,MEX,SLV,8502
2026274,160,197,1705,2009,6303.0,1446.0,-0.924057,-0.809557,NIC,SLV,8502
2026275,169,197,1705,2009,21334.0,0.0,0.629137,0.5894010000000001,PAN,SLV,8502
2026276,208,197,1705,2009,606.0,0.0,1.877821,0.336565,SWE,SLV,8502
2026277,231,197,1705,2009,1312348.0,0.0,1.657663,-0.41411400000000004,USA,SLV,8502
2026278,43,203,1705,2009,79509.0,0.0,0.898623,2.08703,CHN,STP,8502
2026279,77,203,1705,2009,7296.0,0.0,1.540346,0.090377,FRA,STP,8502
2026280,179,203,1705,2009,3104638.0,0.0,0.559189,2.4359919999999997,PRT,STP,8502
2026281,0,205,1705,2009,1845.0,0.0,0.770077,-0.71001,ABW,SUR,8502
2026282,32,205,1705,2009,200804.0,444.0,0.35447199999999995,0.8522360000000001,BRA,SUR,8502
2026283,43,205,1705,2009,473573.0,0.0,0.898623,2.08703,CHN,SUR,8502
2026284,77,205,1705,2009,80808.0,0.0,1.540346,0.090377,FRA,SUR,8502
2026285,81,205,1705,2009,93877.0,0.0,1.7921779999999998,0.41211499999999995,GBR,SUR,8502
2026286,96,205,1705,2009,77648.0,31496.0,-1.0557809999999999,-1.055825,GUY,SUR,8502
2026287,112,205,1705,2009,69000.0,0.0,-0.083743,-0.6222479999999999,JAM,SUR,8502
2026288,114,205,1705,2009,156595.0,0.0,2.306791,-0.251712,JPN,SUR,8502
2026289,125,205,1705,2009,0.0,2121.0,-0.07508,-0.994632,LBR,SUR,8502
2026290,138,205,1705,2009,75630.0,0.0,1.061625,0.719234,MEX,SUR,8502
2026291,162,205,1705,2009,716465.0,64456.0,1.1914850000000001,1.3076780000000001,NLD,SUR,8502
2026292,216,205,1705,2009,10591.0,0.0,0.79692,1.315501,THA,SUR,8502
2026293,222,205,1705,2009,213641.0,0.0,-0.508195,-1.097365,TTO,SUR,8502
2026294,231,205,1705,2009,139864.0,62608.0,1.657663,-0.41411400000000004,USA,SUR,8502
2026295,2,208,1705,2009,0.0,48444606.0,-0.809438,-1.190006,AGO,SWE,8502
2026296,7,208,1705,2009,0.0,33380.0,0.070059,-0.619075,ARE,SWE,8502
2026297,8,208,1705,2009,5308.0,19080870.0,0.27637,0.611129,ARG,SWE,8502
2026298,14,208,1705,2009,71493.0,74996822.0,-0.109286,0.13586900000000002,AUS,SWE,8502
2026299,15,208,1705,2009,3946.0,29852.0,1.651325,-0.020794,AUT,SWE,8502
2026300,18,208,1705,2009,1818686.0,1411975.0,1.272011,1.074548,BEL,SWE,8502
2026301,21,208,1705,2009,0.0,1886.0,-1.283807,-1.061272,BFA,SWE,8502
2026302,22,208,1705,2009,0.0,88027.0,-1.030722,-0.860137,BGD,SWE,8502
2026303,23,208,1705,2009,0.0,18788.0,0.373594,1.571413,BGR,SWE,8502
2026304,26,208,1705,2009,0.0,30019.0,0.519113,0.762582,BIH,SWE,8502
2026305,28,208,1705,2009,0.0,9018186.0,0.977663,0.549549,BLR,SWE,8502
2026306,31,208,1705,2009,0.0,31146366.0,-0.909969,-0.8899879999999999,BOL,SWE,8502
2026307,32,208,1705,2009,0.0,4590.0,0.35447199999999995,0.8522360000000001,BRA,SWE,8502
2026308,39,208,1705,2009,4912.0,14066404.0,0.6778069999999999,1.278402,CAN,SWE,8502
2026309,41,208,1705,2009,326893.0,86721.0,2.124438,0.484861,CHE,SWE,8502
2026310,42,208,1705,2009,0.0,13282.0,-0.219521,-0.34239,CHL,SWE,8502
2026311,43,208,1705,2009,1201026.0,3229696.0,0.898623,2.08703,CHN,SWE,8502
2026312,45,208,1705,2009,0.0,4385.0,-1.128734,-1.022546,CMR,SWE,8502
2026313,46,208,1705,2009,0.0,2762.0,-1.532165,-1.160269,COD,SWE,8502
2026314,54,208,1705,2009,0.0,1711.0,0.188114,-0.819958,CUB,SWE,8502
2026315,58,208,1705,2009,0.0,1759.0,0.934193,0.657555,CYP,SWE,8502
2026316,59,208,1705,2009,9520.0,15526.0,1.6323159999999999,0.47257200000000005,CZE,SWE,8502
2026317,61,208,1705,2009,33459269.0,21497416.0,2.056515,-3.034837,DEU,SWE,8502
2026318,64,208,1705,2009,117528426.0,470844.0,1.242327,1.064709,DNK,SWE,8502
2026319,65,208,1705,2009,0.0,48497.0,-0.317894,0.198926,DOM,SWE,8502
2026320,66,208,1705,2009,0.0,28663781.0,-1.161786,-1.188669,DZA,SWE,8502
2026321,67,208,1705,2009,0.0,5944.0,-0.92724,-0.965628,ECU,SWE,8502
2026322,68,208,1705,2009,0.0,14036173.0,-0.20940300000000003,1.6466290000000001,EGY,SWE,8502
2026323,71,208,1705,2009,1640738.0,1709655.0,0.9021020000000001,2.170578,ESP,SWE,8502
2026324,72,208,1705,2009,0.0,13635.0,0.749058,1.269572,EST,SWE,8502
2026325,73,208,1705,2009,0.0,101085.0,-0.967483,-0.8219,ETH,SWE,8502
2026326,74,208,1705,2009,10595755.0,573174.0,1.8206849999999999,0.797421,FIN,SWE,8502
2026327,77,208,1705,2009,1964223.0,53845806.0,1.540346,0.090377,FRA,SWE,8502
2026328,81,208,1705,2009,5127721.0,12780990.0,1.7921779999999998,0.41211499999999995,GBR,SWE,8502
2026329,83,208,1705,2009,0.0,5493.0,-0.909436,-0.6619470000000001,GHA,SWE,8502
2026330,87,208,1705,2009,0.0,4311.0,-0.573979,-0.644636,GMB,SWE,8502
2026331,92,208,1705,2009,0.0,68826.0,-1.29302,-1.024092,GRL,SWE,8502
2026332,93,208,1705,2009,0.0,199609.0,-0.33276999999999995,0.551257,GTM,SWE,8502
2026333,97,208,1705,2009,20225.0,0.0,0.654964,1.98672,HKG,SWE,8502
2026334,99,208,1705,2009,0.0,30282.0,-0.587607,-0.189167,HND,SWE,8502
2026335,100,208,1705,2009,0.0,2926.0,0.740174,1.005258,HRV,SWE,8502
2026336,101,208,1705,2009,0.0,1316.0,-1.406148,-1.108465,HTI,SWE,8502
2026337,102,208,1705,2009,0.0,2045.0,1.397765,0.772375,HUN,SWE,8502
2026338,103,208,1705,2009,0.0,75254.0,-0.253835,1.260101,IDN,SWE,8502
2026339,104,208,1705,2009,3577.0,9117.0,0.209867,2.254003,IND,SWE,8502
2026340,107,208,1705,2009,0.0,24913390.0,-1.185702,-1.1049360000000001,IRN,SWE,8502
2026341,108,208,1705,2009,0.0,48143201.0,-1.1683270000000001,-0.9517459999999999,IRQ,SWE,8502
2026342,109,208,1705,2009,36069.0,986.0,0.21713200000000002,-0.371812,ISL,SWE,8502
2026343,110,208,1705,2009,0.0,89323.0,1.226438,0.816299,ISR,SWE,8502
2026344,111,208,1705,2009,4033083.0,613234.0,1.289,0.64549,ITA,SWE,8502
2026345,113,208,1705,2009,0.0,10548.0,0.21374899999999997,0.423774,JOR,SWE,8502
2026346,114,208,1705,2009,73621.0,10126.0,2.306791,-0.251712,JPN,SWE,8502
2026347,115,208,1705,2009,0.0,1371.0,-0.6547970000000001,-0.772256,KAZ,SWE,8502
2026348,116,208,1705,2009,0.0,315528.0,-0.26477399999999995,0.932587,KEN,SWE,8502
2026349,121,208,1705,2009,3955.0,1200421.0,1.509336,0.784515,KOR,SWE,8502
2026350,123,208,1705,2009,0.0,537893.0,-1.235693,-1.0440040000000002,LAO,SWE,8502
2026351,124,208,1705,2009,14516.0,694334.0,0.48618599999999995,1.4748620000000001,LBN,SWE,8502
2026352,126,208,1705,2009,0.0,10646.0,-1.196032,-1.1829,LBY,SWE,8502
2026353,130,208,1705,2009,0.0,143329.0,0.647736,1.150962,LTU,SWE,8502
2026354,132,208,1705,2009,0.0,57430.0,0.675643,0.99977,LVA,SWE,8502
2026355,134,208,1705,2009,0.0,66234.0,-0.48819300000000004,0.173952,MAR,SWE,8502
2026356,138,208,1705,2009,0.0,94822.0,1.061625,0.719234,MEX,SWE,8502
2026357,140,208,1705,2009,0.0,914.0,-0.14890499999999998,0.405505,MKD,SWE,8502
2026358,144,208,1705,2009,0.0,1987.0,0.19963499999999998,-0.073107,MNE,SWE,8502
2026359,153,208,1705,2009,0.0,176867.0,0.8718229999999999,0.607429,MYS,SWE,8502
2026360,155,208,1705,2009,0.0,673040.0,-0.081207,-0.075292,NAM,SWE,8502
2026361,160,208,1705,2009,0.0,1354.0,-0.924057,-0.809557,NIC,SWE,8502
2026362,162,208,1705,2009,236633.0,8073.0,1.1914850000000001,1.3076780000000001,NLD,SWE,8502
2026363,163,208,1705,2009,2090169.0,2904353.0,0.865455,0.082808,NOR,SWE,8502
2026364,168,208,1705,2009,0.0,10965909.0,-0.514907,0.44733100000000003,PAK,SWE,8502
2026365,173,208,1705,2009,0.0,3454.0,-0.53304,0.221183,PER,SWE,8502
2026366,174,208,1705,2009,0.0,2864.0,0.34318000000000004,0.095375,PHL,SWE,8502
2026367,177,208,1705,2009,0.0,59810.0,1.11055,1.069074,POL,SWE,8502
2026368,179,208,1705,2009,0.0,25215.0,0.559189,2.4359919999999997,PRT,SWE,8502
2026369,180,208,1705,2009,0.0,1754.0,-0.564858,-0.941735,PRY,SWE,8502
2026370,185,208,1705,2009,0.0,6971.0,0.833802,1.024418,ROU,SWE,8502
2026371,186,208,1705,2009,0.0,103132924.0,0.392478,-0.20038399999999998,RUS,SWE,8502
2026372,187,208,1705,2009,0.0,330296.0,-0.31001599999999996,-0.5382170000000001,RWA,SWE,8502
2026373,188,208,1705,2009,0.0,864789.0,0.300581,-0.813199,SAU,SWE,8502
2026374,190,208,1705,2009,0.0,52375.0,-2.2948020000000002,-1.3182040000000002,SDN,SWE,8502
2026375,191,208,1705,2009,0.0,30884.0,-0.53392,-0.415513,SEN,SWE,8502
2026376,192,208,1705,2009,0.0,6318514.0,1.9503540000000001,0.498033,SGP,SWE,8502
2026377,197,208,1705,2009,0.0,606.0,-0.19729100000000002,0.23434899999999997,SLV,SWE,8502
2026378,201,208,1705,2009,0.0,26139.0,0.531766,1.477837,SRB,SWE,8502
2026379,206,208,1705,2009,180007.0,4175.0,1.231382,0.820968,SVK,SWE,8502
2026380,207,208,1705,2009,8201.0,2765.0,1.548036,0.730396,SVN,SWE,8502
2026381,216,208,1705,2009,0.0,269194.0,0.79692,1.315501,THA,SWE,8502
2026382,222,208,1705,2009,0.0,6974.0,-0.508195,-1.097365,TTO,SWE,8502
2026383,223,208,1705,2009,0.0,31388.0,0.044903,0.9126120000000001,TUN,SWE,8502
2026384,224,208,1705,2009,62898.0,2336090.0,0.384596,2.3797610000000002,TUR,SWE,8502
2026385,226,208,1705,2009,0.0,13144.0,-0.822897,0.644899,TZA,SWE,8502
2026386,227,208,1705,2009,0.0,195354.0,-0.573707,-0.036203,UGA,SWE,8502
2026387,231,208,1705,2009,1152304.0,7097412.0,1.657663,-0.41411400000000004,USA,SWE,8502
2026388,236,208,1705,2009,0.0,30336060.0,-0.5847600000000001,-1.150334,VEN,SWE,8502
2026389,239,208,1705,2009,0.0,885234.0,-0.27396,1.131199,VNM,SWE,8502
2026390,243,208,1705,2009,0.0,31843.0,-0.845426,-1.119091,YEM,SWE,8502
2026391,246,208,1705,2009,0.0,34565.0,0.316452,1.767795,ZAF,SWE,8502
2026392,249,208,1705,2009,98017.0,4103.0,1.5763120000000002,0.9567950000000001,TWN,SWE,8502
2026393,2,212,1705,2009,0.0,377170.0,-0.809438,-1.190006,AGO,SYR,8502
2026394,7,212,1705,2009,9528.0,24792.0,0.070059,-0.619075,ARE,SYR,8502
2026395,28,212,1705,2009,21518.0,0.0,0.977663,0.549549,BLR,SYR,8502
2026396,43,212,1705,2009,7556724.0,0.0,0.898623,2.08703,CHN,SYR,8502
2026397,58,212,1705,2009,32313.0,0.0,0.934193,0.657555,CYP,SYR,8502
2026398,61,212,1705,2009,1327564.0,0.0,2.056515,-3.034837,DEU,SYR,8502
2026399,66,212,1705,2009,0.0,48774.0,-1.161786,-1.188669,DZA,SYR,8502
2026400,68,212,1705,2009,0.0,49623.0,-0.20940300000000003,1.6466290000000001,EGY,SYR,8502
2026401,71,212,1705,2009,1186962.0,0.0,0.9021020000000001,2.170578,ESP,SYR,8502
2026402,73,212,1705,2009,0.0,3388.0,-0.967483,-0.8219,ETH,SYR,8502
2026403,77,212,1705,2009,3259749.0,0.0,1.540346,0.090377,FRA,SYR,8502
2026404,81,212,1705,2009,6117536.0,0.0,1.7921779999999998,0.41211499999999995,GBR,SYR,8502
2026405,100,212,1705,2009,19698.0,0.0,0.740174,1.005258,HRV,SYR,8502
2026406,104,212,1705,2009,39296.0,0.0,0.209867,2.254003,IND,SYR,8502
2026407,108,212,1705,2009,0.0,58173.0,-1.1683270000000001,-0.9517459999999999,IRQ,SYR,8502
2026408,111,212,1705,2009,9298812.0,0.0,1.289,0.64549,ITA,SYR,8502
2026409,113,212,1705,2009,110252.0,18420.0,0.21374899999999997,0.423774,JOR,SYR,8502
2026410,114,212,1705,2009,2425.0,0.0,2.306791,-0.251712,JPN,SYR,8502
2026411,121,212,1705,2009,12448.0,0.0,1.509336,0.784515,KOR,SYR,8502
2026412,122,212,1705,2009,54046.0,0.0,-1.386993,-1.203527,KWT,SYR,8502
2026413,124,212,1705,2009,3069489.0,1705.0,0.48618599999999995,1.4748620000000001,LBN,SYR,8502
2026414,130,212,1705,2009,12853.0,0.0,0.647736,1.150962,LTU,SYR,8502
2026415,138,212,1705,2009,225457.0,0.0,1.061625,0.719234,MEX,SYR,8502
2026416,153,212,1705,2009,2725.0,0.0,0.8718229999999999,0.607429,MYS,SYR,8502
2026417,162,212,1705,2009,80255.0,0.0,1.1914850000000001,1.3076780000000001,NLD,SYR,8502
2026418,183,212,1705,2009,322207.0,0.0,-0.484947,-1.07179,QAT,SYR,8502
2026419,186,212,1705,2009,4932.0,0.0,0.392478,-0.20038399999999998,RUS,SYR,8502
2026420,188,212,1705,2009,0.0,6840.0,0.300581,-0.813199,SAU,SYR,8502
2026421,190,212,1705,2009,0.0,73528.0,-2.2948020000000002,-1.3182040000000002,SDN,SYR,8502
2026422,191,212,1705,2009,0.0,6990.0,-0.53392,-0.415513,SEN,SYR,8502
2026423,224,212,1705,2009,3074218.0,5649.0,0.384596,2.3797610000000002,TUR,SYR,8502
2026424,231,212,1705,2009,672527.0,0.0,1.657663,-0.41411400000000004,USA,SYR,8502
2026425,243,212,1705,2009,0.0,73509.0,-0.845426,-1.119091,YEM,SYR,8502
2026426,246,212,1705,2009,150597.0,0.0,0.316452,1.767795,ZAF,SYR,8502
2026427,249,212,1705,2009,10716.0,0.0,1.5763120000000002,0.9567950000000001,TWN,SYR,8502
2026428,250,212,1705,2009,3989358.0,0.0,0.582246,-0.10603,ANS,SYR,8502
2026429,1,216,1705,2009,0.0,44210.0,-0.424354,-0.563383,AFG,THA,8502
2026430,7,216,1705,2009,204466.0,237085.0,0.070059,-0.619075,ARE,THA,8502
2026431,8,216,1705,2009,0.0,1086.0,0.27637,0.611129,ARG,THA,8502
2026432,14,216,1705,2009,77453.0,96330.0,-0.109286,0.13586900000000002,AUS,THA,8502
2026433,15,216,1705,2009,12053050.0,0.0,1.651325,-0.020794,AUT,THA,8502
2026434,18,216,1705,2009,9728793.0,173738.0,1.272011,1.074548,BEL,THA,8502
2026435,19,216,1705,2009,0.0,6734.0,-0.93195,-0.813017,BEN,THA,8502
2026436,22,216,1705,2009,0.0,87223.0,-1.030722,-0.860137,BGD,THA,8502
2026437,34,216,1705,2009,0.0,45288.0,-1.371042,-0.9792120000000001,BRN,THA,8502
2026438,39,216,1705,2009,2784318.0,34613.0,0.6778069999999999,1.278402,CAN,THA,8502
2026439,41,216,1705,2009,703524.0,0.0,2.124438,0.484861,CHE,THA,8502
2026440,42,216,1705,2009,0.0,140950.0,-0.219521,-0.34239,CHL,THA,8502
2026441,43,216,1705,2009,27755205.0,4949.0,0.898623,2.08703,CHN,THA,8502
2026442,45,216,1705,2009,0.0,15813.0,-1.128734,-1.022546,CMR,THA,8502
2026443,58,216,1705,2009,0.0,18305.0,0.934193,0.657555,CYP,THA,8502
2026444,59,216,1705,2009,198627.0,44386.0,1.6323159999999999,0.47257200000000005,CZE,THA,8502
2026445,61,216,1705,2009,12421998.0,88308.0,2.056515,-3.034837,DEU,THA,8502
2026446,64,216,1705,2009,66113.0,0.0,1.242327,1.064709,DNK,THA,8502
2026447,68,216,1705,2009,0.0,218616.0,-0.20940300000000003,1.6466290000000001,EGY,THA,8502
2026448,71,216,1705,2009,1086118.0,0.0,0.9021020000000001,2.170578,ESP,THA,8502
2026449,73,216,1705,2009,6147.0,107183.0,-0.967483,-0.8219,ETH,THA,8502
2026450,77,216,1705,2009,2250946.0,37463.0,1.540346,0.090377,FRA,THA,8502
2026451,81,216,1705,2009,1110625.0,9010.0,1.7921779999999998,0.41211499999999995,GBR,THA,8502
2026452,87,216,1705,2009,0.0,1349.0,-0.573979,-0.644636,GMB,THA,8502
2026453,93,216,1705,2009,0.0,177605.0,-0.33276999999999995,0.551257,GTM,THA,8502
2026454,96,216,1705,2009,0.0,10272.0,-1.0557809999999999,-1.055825,GUY,THA,8502
2026455,97,216,1705,2009,1353108.0,55473.0,0.654964,1.98672,HKG,THA,8502
2026456,100,216,1705,2009,274363.0,0.0,0.740174,1.005258,HRV,THA,8502
2026457,102,216,1705,2009,2214.0,0.0,1.397765,0.772375,HUN,THA,8502
2026458,103,216,1705,2009,101748.0,137538.0,-0.253835,1.260101,IDN,THA,8502
2026459,104,216,1705,2009,4214413.0,42918.0,0.209867,2.254003,IND,THA,8502
2026460,106,216,1705,2009,0.0,16644.0,1.627233,0.020024,IRL,THA,8502
2026461,107,216,1705,2009,0.0,16730.0,-1.185702,-1.1049360000000001,IRN,THA,8502
2026462,108,216,1705,2009,0.0,2200.0,-1.1683270000000001,-0.9517459999999999,IRQ,THA,8502
2026463,110,216,1705,2009,9911.0,0.0,1.226438,0.816299,ISR,THA,8502
2026464,111,216,1705,2009,20292801.0,18938.0,1.289,0.64549,ITA,THA,8502
2026465,114,216,1705,2009,27664078.0,139713.0,2.306791,-0.251712,JPN,THA,8502
2026466,115,216,1705,2009,0.0,1717.0,-0.6547970000000001,-0.772256,KAZ,THA,8502
2026467,118,216,1705,2009,17024.0,686689.0,-1.194288,-1.09924,KHM,THA,8502
2026468,121,216,1705,2009,7981577.0,4183.0,1.509336,0.784515,KOR,THA,8502
2026469,122,216,1705,2009,2616.0,0.0,-1.386993,-1.203527,KWT,THA,8502
2026470,123,216,1705,2009,26681.0,1027628.0,-1.235693,-1.0440040000000002,LAO,THA,8502
2026471,128,216,1705,2009,6627.0,8133.0,-0.653836,0.174403,LKA,THA,8502
2026472,133,216,1705,2009,0.0,11491.0,0.450395,0.6237739999999999,MAC,THA,8502
2026473,137,216,1705,2009,0.0,4880.0,-0.415182,-0.9298379999999999,MDV,THA,8502
2026474,138,216,1705,2009,0.0,23956.0,1.061625,0.719234,MEX,THA,8502
2026475,143,216,1705,2009,0.0,1082206.0,-1.6459529999999998,-1.186635,MMR,THA,8502
2026476,147,216,1705,2009,0.0,12253.0,-1.0023090000000001,-0.844765,MOZ,THA,8502
2026477,153,216,1705,2009,5351310.0,584112.0,0.8718229999999999,0.607429,MYS,THA,8502
2026478,159,216,1705,2009,0.0,37184.0,-1.584051,-1.156247,NGA,THA,8502
2026479,162,216,1705,2009,1561703.0,6136.0,1.1914850000000001,1.3076780000000001,NLD,THA,8502
2026480,166,216,1705,2009,12817.0,0.0,0.38301999999999997,0.720644,NZL,THA,8502
2026481,167,216,1705,2009,0.0,1521.0,-0.691918,-1.015434,OMN,THA,8502
2026482,168,216,1705,2009,0.0,271629.0,-0.514907,0.44733100000000003,PAK,THA,8502
2026483,176,216,1705,2009,0.0,49501.0,-1.90537,-1.2462030000000002,PNG,THA,8502
2026484,188,216,1705,2009,0.0,62109.0,0.300581,-0.813199,SAU,THA,8502
2026485,191,216,1705,2009,0.0,1237.0,-0.53392,-0.415513,SEN,THA,8502
2026486,192,216,1705,2009,7966238.0,1673396.0,1.9503540000000001,0.498033,SGP,THA,8502
2026487,205,216,1705,2009,0.0,10591.0,-0.580507,-1.072833,SUR,THA,8502
2026488,206,216,1705,2009,0.0,1670.0,1.231382,0.820968,SVK,THA,8502
2026489,207,216,1705,2009,0.0,9609.0,1.548036,0.730396,SVN,THA,8502
2026490,208,216,1705,2009,269194.0,0.0,1.877821,0.336565,SWE,THA,8502
2026491,224,216,1705,2009,184212.0,0.0,0.384596,2.3797610000000002,TUR,THA,8502
2026492,226,216,1705,2009,0.0,948.0,-0.822897,0.644899,TZA,THA,8502
2026493,231,216,1705,2009,12467387.0,2923171.0,1.657663,-0.41411400000000004,USA,THA,8502
2026494,239,216,1705,2009,44007.0,323940.0,-0.27396,1.131199,VNM,THA,8502
2026495,240,216,1705,2009,0.0,22724.0,-0.9398479999999999,-0.9635799999999999,VUT,THA,8502
2026496,249,216,1705,2009,1305856.0,17273.0,1.5763120000000002,0.9567950000000001,TWN,THA,8502
2026497,6,222,1705,2009,0.0,2980.0,0.351025,-0.699817,ANT,TTO,8502
2026498,13,222,1705,2009,0.0,3706.0,0.930903,0.279441,ATG,TTO,8502
2026499,15,222,1705,2009,4382428.0,0.0,1.651325,-0.020794,AUT,TTO,8502
2026500,32,222,1705,2009,791051.0,0.0,0.35447199999999995,0.8522360000000001,BRA,TTO,8502
2026501,33,222,1705,2009,7740.0,0.0,0.8652620000000001,0.796057,BRB,TTO,8502
2026502,39,222,1705,2009,7553.0,2268.0,0.6778069999999999,1.278402,CAN,TTO,8502
2026503,41,222,1705,2009,15292.0,0.0,2.124438,0.484861,CHE,TTO,8502
2026504,42,222,1705,2009,118105.0,0.0,-0.219521,-0.34239,CHL,TTO,8502
2026505,43,222,1705,2009,114448.0,0.0,0.898623,2.08703,CHN,TTO,8502
2026506,61,222,1705,2009,1236.0,0.0,2.056515,-3.034837,DEU,TTO,8502
2026507,63,222,1705,2009,0.0,864.0,0.348966,-0.09711399999999999,DMA,TTO,8502
2026508,64,222,1705,2009,21148.0,0.0,1.242327,1.064709,DNK,TTO,8502
2026509,77,222,1705,2009,1962067.0,0.0,1.540346,0.090377,FRA,TTO,8502
2026510,81,222,1705,2009,1730284.0,1380.0,1.7921779999999998,0.41211499999999995,GBR,TTO,8502
2026511,91,222,1705,2009,0.0,1158.0,0.035948,-0.586996,GRD,TTO,8502
2026512,96,222,1705,2009,0.0,39921.0,-1.0557809999999999,-1.055825,GUY,TTO,8502
2026513,99,222,1705,2009,0.0,1035.0,-0.587607,-0.189167,HND,TTO,8502
2026514,106,222,1705,2009,70304.0,0.0,1.627233,0.020024,IRL,TTO,8502
2026515,111,222,1705,2009,192227.0,0.0,1.289,0.64549,ITA,TTO,8502
2026516,112,222,1705,2009,60354.0,1820.0,-0.083743,-0.6222479999999999,JAM,TTO,8502
2026517,114,222,1705,2009,43457.0,0.0,2.306791,-0.251712,JPN,TTO,8502
2026518,127,222,1705,2009,27473.0,53686.0,0.34839699999999996,-0.531658,LCA,TTO,8502
2026519,162,222,1705,2009,64201.0,63633.0,1.1914850000000001,1.3076780000000001,NLD,TTO,8502
2026520,166,222,1705,2009,0.0,1803.0,0.38301999999999997,0.720644,NZL,TTO,8502
2026521,169,222,1705,2009,9719.0,0.0,0.629137,0.5894010000000001,PAN,TTO,8502
2026522,179,222,1705,2009,2866.0,0.0,0.559189,2.4359919999999997,PRT,TTO,8502
2026523,205,222,1705,2009,0.0,213641.0,-0.580507,-1.072833,SUR,TTO,8502
2026524,208,222,1705,2009,6974.0,0.0,1.877821,0.336565,SWE,TTO,8502
2026525,231,222,1705,2009,3988084.0,48086.0,1.657663,-0.41411400000000004,USA,TTO,8502
2026526,234,222,1705,2009,9127.0,9079.0,-0.068356,-0.6011350000000001,VCT,TTO,8502
2026527,236,222,1705,2009,0.0,305105.0,-0.5847600000000001,-1.150334,VEN,TTO,8502
2026528,246,222,1705,2009,0.0,1001.0,0.316452,1.767795,ZAF,TTO,8502
2026529,249,222,1705,2009,30322.0,0.0,1.5763120000000002,0.9567950000000001,TWN,TTO,8502
2026530,1,224,1705,2009,17052.0,14083563.0,-0.424354,-0.563383,AFG,TUR,8502
2026531,2,224,1705,2009,0.0,43987.0,-0.809438,-1.190006,AGO,TUR,8502
2026532,4,224,1705,2009,0.0,957272.0,-0.41612200000000005,-0.256639,ALB,TUR,8502
2026533,6,224,1705,2009,0.0,220798.0,0.351025,-0.699817,ANT,TUR,8502
2026534,7,224,1705,2009,0.0,3971736.0,0.070059,-0.619075,ARE,TUR,8502
2026535,9,224,1705,2009,0.0,825.0,0.24424899999999997,-0.30152399999999996,ARM,TUR,8502
2026536,15,224,1705,2009,4794391.0,277534.0,1.651325,-0.020794,AUT,TUR,8502
2026537,16,224,1705,2009,2334.0,13426683.0,-1.124423,-1.228081,AZE,TUR,8502
2026538,17,224,1705,2009,0.0,28616.0,-0.43971099999999996,-0.575079,BDI,TUR,8502
2026539,18,224,1705,2009,25014389.0,445562.0,1.272011,1.074548,BEL,TUR,8502
2026540,19,224,1705,2009,0.0,5509.0,-0.93195,-0.813017,BEN,TUR,8502
2026541,21,224,1705,2009,0.0,65121.0,-1.283807,-1.061272,BFA,TUR,8502
2026542,22,224,1705,2009,0.0,790072.0,-1.030722,-0.860137,BGD,TUR,8502
2026543,23,224,1705,2009,13251.0,1700116.0,0.373594,1.571413,BGR,TUR,8502
2026544,24,224,1705,2009,0.0,84867.0,0.250645,-0.767742,BHR,TUR,8502
2026545,26,224,1705,2009,0.0,23914.0,0.519113,0.762582,BIH,TUR,8502
2026546,28,224,1705,2009,0.0,446540.0,0.977663,0.549549,BLR,TUR,8502
2026547,32,224,1705,2009,28407566.0,0.0,0.35447199999999995,0.8522360000000001,BRA,TUR,8502
2026548,39,224,1705,2009,466948.0,116242.0,0.6778069999999999,1.278402,CAN,TUR,8502
2026549,41,224,1705,2009,6032031.0,428118.0,2.124438,0.484861,CHE,TUR,8502
2026550,42,224,1705,2009,0.0,5694.0,-0.219521,-0.34239,CHL,TUR,8502
2026551,43,224,1705,2009,83991381.0,812089.0,0.898623,2.08703,CHN,TUR,8502
2026552,44,224,1705,2009,0.0,12152.0,-0.924681,-0.801371,CIV,TUR,8502
2026553,45,224,1705,2009,0.0,7712.0,-1.128734,-1.022546,CMR,TUR,8502
2026554,47,224,1705,2009,0.0,84349.0,-1.466289,-1.201249,COG,TUR,8502
2026555,58,224,1705,2009,2604.0,2459768.0,0.934193,0.657555,CYP,TUR,8502
2026556,59,224,1705,2009,5721217.0,418225.0,1.6323159999999999,0.47257200000000005,CZE,TUR,8502
2026557,61,224,1705,2009,239832143.0,5570186.0,2.056515,-3.034837,DEU,TUR,8502
2026558,62,224,1705,2009,0.0,51991.0,0.062037,-0.596527,DJI,TUR,8502
2026559,64,224,1705,2009,34379368.0,532438.0,1.242327,1.064709,DNK,TUR,8502
2026560,66,224,1705,2009,0.0,5557496.0,-1.161786,-1.188669,DZA,TUR,8502
2026561,68,224,1705,2009,0.0,323351.0,-0.20940300000000003,1.6466290000000001,EGY,TUR,8502
2026562,71,224,1705,2009,343062.0,694201.0,0.9021020000000001,2.170578,ESP,TUR,8502
2026563,72,224,1705,2009,0.0,36833.0,0.749058,1.269572,EST,TUR,8502
2026564,73,224,1705,2009,0.0,1044832.0,-0.967483,-0.8219,ETH,TUR,8502
2026565,74,224,1705,2009,86771802.0,362767.0,1.8206849999999999,0.797421,FIN,TUR,8502
2026566,77,224,1705,2009,9067784.0,918491.0,1.540346,0.090377,FRA,TUR,8502
2026567,80,224,1705,2009,0.0,100741.0,-1.197711,-1.147469,GAB,TUR,8502
2026568,81,224,1705,2009,34649911.0,2312980.0,1.7921779999999998,0.41211499999999995,GBR,TUR,8502
2026569,82,224,1705,2009,647230.0,4939196.0,0.045952,-0.381822,GEO,TUR,8502
2026570,83,224,1705,2009,0.0,36810.0,-0.909436,-0.6619470000000001,GHA,TUR,8502
2026571,87,224,1705,2009,0.0,4643.0,-0.573979,-0.644636,GMB,TUR,8502
2026572,90,224,1705,2009,14109708.0,3693928.0,0.2196,1.63301,GRC,TUR,8502
2026573,100,224,1705,2009,0.0,340311.0,0.740174,1.005258,HRV,TUR,8502
2026574,102,224,1705,2009,495152.0,418985.0,1.397765,0.772375,HUN,TUR,8502
2026575,104,224,1705,2009,2895393.0,0.0,0.209867,2.254003,IND,TUR,8502
2026576,107,224,1705,2009,0.0,16797928.0,-1.185702,-1.1049360000000001,IRN,TUR,8502
2026577,108,224,1705,2009,233337.0,40205668.0,-1.1683270000000001,-0.9517459999999999,IRQ,TUR,8502
2026578,110,224,1705,2009,6275944.0,1840802.0,1.226438,0.816299,ISR,TUR,8502
2026579,111,224,1705,2009,29820875.0,575735.0,1.289,0.64549,ITA,TUR,8502
2026580,113,224,1705,2009,122654.0,939391.0,0.21374899999999997,0.423774,JOR,TUR,8502
2026581,114,224,1705,2009,5676860.0,0.0,2.306791,-0.251712,JPN,TUR,8502
2026582,115,224,1705,2009,70745.0,6803193.0,-0.6547970000000001,-0.772256,KAZ,TUR,8502
2026583,116,224,1705,2009,0.0,1220382.0,-0.26477399999999995,0.932587,KEN,TUR,8502
2026584,117,224,1705,2009,0.0,484911.0,-0.251815,0.144822,KGZ,TUR,8502
2026585,118,224,1705,2009,0.0,79126.0,-1.194288,-1.09924,KHM,TUR,8502
2026586,121,224,1705,2009,2260374.0,7222.0,1.509336,0.784515,KOR,TUR,8502
2026587,122,224,1705,2009,121320.0,0.0,-1.386993,-1.203527,KWT,TUR,8502
2026588,124,224,1705,2009,157218.0,250634.0,0.48618599999999995,1.4748620000000001,LBN,TUR,8502
2026589,126,224,1705,2009,0.0,3935562.0,-1.196032,-1.1829,LBY,TUR,8502
2026590,130,224,1705,2009,0.0,196385.0,0.647736,1.150962,LTU,TUR,8502
2026591,134,224,1705,2009,47715.0,1082680.0,-0.48819300000000004,0.173952,MAR,TUR,8502
2026592,135,224,1705,2009,28872.0,168600.0,0.009281999999999999,-0.039299,MDA,TUR,8502
2026593,136,224,1705,2009,0.0,43643.0,-1.0356610000000002,-0.198062,MDG,TUR,8502
2026594,140,224,1705,2009,0.0,385954.0,-0.14890499999999998,0.405505,MKD,TUR,8502
2026595,142,224,1705,2009,0.0,35860.0,1.233965,-0.016763,MLT,TUR,8502
2026596,144,224,1705,2009,0.0,7785.0,0.19963499999999998,-0.073107,MNE,TUR,8502
2026597,147,224,1705,2009,0.0,59004.0,-1.0023090000000001,-0.844765,MOZ,TUR,8502
2026598,148,224,1705,2009,0.0,55007.0,-1.761436,-1.2898479999999999,MRT,TUR,8502
2026599,151,224,1705,2009,0.0,333119.0,-0.198194,0.067014,MUS,TUR,8502
2026600,153,224,1705,2009,0.0,82950.0,0.8718229999999999,0.607429,MYS,TUR,8502
2026601,157,224,1705,2009,0.0,1370.0,-1.306036,-0.956361,NER,TUR,8502
2026602,159,224,1705,2009,0.0,158734.0,-1.584051,-1.156247,NGA,TUR,8502
2026603,162,224,1705,2009,2628833.0,761361.0,1.1914850000000001,1.3076780000000001,NLD,TUR,8502
2026604,163,224,1705,2009,814795.0,0.0,0.865455,0.082808,NOR,TUR,8502
2026605,166,224,1705,2009,0.0,159671.0,0.38301999999999997,0.720644,NZL,TUR,8502
2026606,167,224,1705,2009,5373.0,0.0,-0.691918,-1.015434,OMN,TUR,8502
2026607,168,224,1705,2009,0.0,1977480.0,-0.514907,0.44733100000000003,PAK,TUR,8502
2026608,169,224,1705,2009,0.0,35278.0,0.629137,0.5894010000000001,PAN,TUR,8502
2026609,177,224,1705,2009,0.0,740693.0,1.11055,1.069074,POL,TUR,8502
2026610,179,224,1705,2009,713680.0,0.0,0.559189,2.4359919999999997,PRT,TUR,8502
2026611,181,224,1705,2009,0.0,135315.0,0.119192,0.6390680000000001,PSE,TUR,8502
2026612,183,224,1705,2009,0.0,926514.0,-0.484947,-1.07179,QAT,TUR,8502
2026613,185,224,1705,2009,498364.0,6714332.0,0.833802,1.024418,ROU,TUR,8502
2026614,186,224,1705,2009,453738.0,5524004.0,0.392478,-0.20038399999999998,RUS,TUR,8502
2026615,188,224,1705,2009,566136.0,3596380.0,0.300581,-0.813199,SAU,TUR,8502
2026616,190,224,1705,2009,0.0,272246.0,-2.2948020000000002,-1.3182040000000002,SDN,TUR,8502
2026617,191,224,1705,2009,0.0,405125.0,-0.53392,-0.415513,SEN,TUR,8502
2026618,192,224,1705,2009,834073.0,290490.0,1.9503540000000001,0.498033,SGP,TUR,8502
2026619,196,224,1705,2009,0.0,32013.0,0.06259400000000001,-0.273258,SLE,TUR,8502
2026620,201,224,1705,2009,0.0,1022448.0,0.531766,1.477837,SRB,TUR,8502
2026621,206,224,1705,2009,0.0,185608.0,1.231382,0.820968,SVK,TUR,8502
2026622,207,224,1705,2009,176571.0,14067.0,1.548036,0.730396,SVN,TUR,8502
2026623,208,224,1705,2009,2336090.0,62898.0,1.877821,0.336565,SWE,TUR,8502
2026624,212,224,1705,2009,5649.0,3074218.0,-0.48481199999999997,1.464509,SYR,TUR,8502
2026625,216,224,1705,2009,0.0,184212.0,0.79692,1.315501,THA,TUR,8502
2026626,217,224,1705,2009,0.0,397811.0,-1.0237319999999999,-1.1837950000000002,TJK,TUR,8502
2026627,219,224,1705,2009,0.0,7955805.0,-1.060378,-1.17279,TKM,TUR,8502
2026628,226,224,1705,2009,0.0,594772.0,-0.822897,0.644899,TZA,TUR,8502
2026629,227,224,1705,2009,0.0,2103.0,-0.573707,-0.036203,UGA,TUR,8502
2026630,228,224,1705,2009,21608.0,1286328.0,0.602688,0.830247,UKR,TUR,8502
2026631,231,224,1705,2009,97221349.0,222253.0,1.657663,-0.41411400000000004,USA,TUR,8502
2026632,232,224,1705,2009,0.0,1022099.0,-0.6115470000000001,-0.710622,UZB,TUR,8502
2026633,239,224,1705,2009,3714321.0,288932.0,-0.27396,1.131199,VNM,TUR,8502
2026634,243,224,1705,2009,0.0,3321573.0,-0.845426,-1.119091,YEM,TUR,8502
2026635,246,224,1705,2009,139361.0,560345.0,0.316452,1.767795,ZAF,TUR,8502
2026636,249,224,1705,2009,14447.0,0.0,1.5763120000000002,0.9567950000000001,TWN,TUR,8502
2026637,250,224,1705,2009,6250540.0,2612609.0,0.582246,-0.10603,ANS,TUR,8502
2026638,2,228,1705,2009,0.0,14217.0,-0.809438,-1.190006,AGO,UKR,8502
2026639,15,228,1705,2009,3199599.0,0.0,1.651325,-0.020794,AUT,UKR,8502
2026640,16,228,1705,2009,0.0,3544334.0,-1.124423,-1.228081,AZE,UKR,8502
2026641,18,228,1705,2009,1965932.0,0.0,1.272011,1.074548,BEL,UKR,8502
2026642,22,228,1705,2009,0.0,255954.0,-1.030722,-0.860137,BGD,UKR,8502
2026643,28,228,1705,2009,41783.0,7374027.0,0.977663,0.549549,BLR,UKR,8502
2026644,39,228,1705,2009,1790484.0,0.0,0.6778069999999999,1.278402,CAN,UKR,8502
2026645,41,228,1705,2009,1823.0,0.0,2.124438,0.484861,CHE,UKR,8502
2026646,43,228,1705,2009,4955381.0,0.0,0.898623,2.08703,CHN,UKR,8502
2026647,46,228,1705,2009,0.0,12450.0,-1.532165,-1.160269,COD,UKR,8502
2026648,49,228,1705,2009,10261.0,0.0,0.263416,0.38947,COL,UKR,8502
2026649,54,228,1705,2009,0.0,113560.0,0.188114,-0.819958,CUB,UKR,8502
2026650,59,228,1705,2009,3693830.0,104902.0,1.6323159999999999,0.47257200000000005,CZE,UKR,8502
2026651,61,228,1705,2009,9588936.0,11119.0,2.056515,-3.034837,DEU,UKR,8502
2026652,64,228,1705,2009,5221.0,0.0,1.242327,1.064709,DNK,UKR,8502
2026653,68,228,1705,2009,0.0,222633.0,-0.20940300000000003,1.6466290000000001,EGY,UKR,8502
2026654,71,228,1705,2009,436276.0,44916.0,0.9021020000000001,2.170578,ESP,UKR,8502
2026655,72,228,1705,2009,0.0,30177.0,0.749058,1.269572,EST,UKR,8502
2026656,74,228,1705,2009,414248.0,0.0,1.8206849999999999,0.797421,FIN,UKR,8502
2026657,77,228,1705,2009,1744884.0,11395.0,1.540346,0.090377,FRA,UKR,8502
2026658,81,228,1705,2009,2381581.0,0.0,1.7921779999999998,0.41211499999999995,GBR,UKR,8502
2026659,82,228,1705,2009,0.0,291648.0,0.045952,-0.381822,GEO,UKR,8502
2026660,90,228,1705,2009,255345.0,0.0,0.2196,1.63301,GRC,UKR,8502
2026661,96,228,1705,2009,0.0,1191.0,-1.0557809999999999,-1.055825,GUY,UKR,8502
2026662,99,228,1705,2009,0.0,3321.0,-0.587607,-0.189167,HND,UKR,8502
2026663,102,228,1705,2009,89652.0,16486.0,1.397765,0.772375,HUN,UKR,8502
2026664,104,228,1705,2009,167765.0,85886.0,0.209867,2.254003,IND,UKR,8502
2026665,110,228,1705,2009,16565.0,0.0,1.226438,0.816299,ISR,UKR,8502
2026666,111,228,1705,2009,303311.0,0.0,1.289,0.64549,ITA,UKR,8502
2026667,114,228,1705,2009,363968.0,0.0,2.306791,-0.251712,JPN,UKR,8502
2026668,115,228,1705,2009,0.0,51797.0,-0.6547970000000001,-0.772256,KAZ,UKR,8502
2026669,121,228,1705,2009,504748.0,0.0,1.509336,0.784515,KOR,UKR,8502
2026670,130,228,1705,2009,71581.0,9796.0,0.647736,1.150962,LTU,UKR,8502
2026671,132,228,1705,2009,69231.0,2824.0,0.675643,0.99977,LVA,UKR,8502
2026672,135,228,1705,2009,0.0,10842.0,0.009281999999999999,-0.039299,MDA,UKR,8502
2026673,138,228,1705,2009,0.0,1365248.0,1.061625,0.719234,MEX,UKR,8502
2026674,140,228,1705,2009,164214.0,0.0,-0.14890499999999998,0.405505,MKD,UKR,8502
2026675,162,228,1705,2009,47125.0,0.0,1.1914850000000001,1.3076780000000001,NLD,UKR,8502
2026676,163,228,1705,2009,0.0,28354.0,0.865455,0.082808,NOR,UKR,8502
2026677,168,228,1705,2009,0.0,35369.0,-0.514907,0.44733100000000003,PAK,UKR,8502
2026678,169,228,1705,2009,0.0,4601.0,0.629137,0.5894010000000001,PAN,UKR,8502
2026679,177,228,1705,2009,2290118.0,126756.0,1.11055,1.069074,POL,UKR,8502
2026680,185,228,1705,2009,151376.0,0.0,0.833802,1.024418,ROU,UKR,8502
2026681,186,228,1705,2009,10125685.0,5147025.0,0.392478,-0.20038399999999998,RUS,UKR,8502
2026682,190,228,1705,2009,0.0,82357.0,-2.2948020000000002,-1.3182040000000002,SDN,UKR,8502
2026683,201,228,1705,2009,0.0,35781.0,0.531766,1.477837,SRB,UKR,8502
2026684,206,228,1705,2009,669585.0,170954.0,1.231382,0.820968,SVK,UKR,8502
2026685,214,228,1705,2009,0.0,58528.0,-1.294648,-0.9645020000000001,TCD,UKR,8502
2026686,219,228,1705,2009,0.0,3398883.0,-1.060378,-1.17279,TKM,UKR,8502
2026687,224,228,1705,2009,1286328.0,21608.0,0.384596,2.3797610000000002,TUR,UKR,8502
2026688,226,228,1705,2009,0.0,1296.0,-0.822897,0.644899,TZA,UKR,8502
2026689,231,228,1705,2009,1664529.0,26391.0,1.657663,-0.41411400000000004,USA,UKR,8502
2026690,232,228,1705,2009,0.0,2809.0,-0.6115470000000001,-0.710622,UZB,UKR,8502
2026691,239,228,1705,2009,298637.0,424123.0,-0.27396,1.131199,VNM,UKR,8502
2026692,246,228,1705,2009,0.0,75545.0,0.316452,1.767795,ZAF,UKR,8502
2026693,8,230,1705,2009,629905.0,0.0,0.27637,0.611129,ARG,URY,8502
2026694,13,230,1705,2009,0.0,50518.0,0.930903,0.279441,ATG,URY,8502
2026695,15,230,1705,2009,202165.0,0.0,1.651325,-0.020794,AUT,URY,8502
2026696,18,230,1705,2009,49962.0,0.0,1.272011,1.074548,BEL,URY,8502
2026697,22,230,1705,2009,0.0,52386.0,-1.030722,-0.860137,BGD,URY,8502
2026698,32,230,1705,2009,176690.0,0.0,0.35447199999999995,0.8522360000000001,BRA,URY,8502
2026699,41,230,1705,2009,36710.0,0.0,2.124438,0.484861,CHE,URY,8502
2026700,42,230,1705,2009,8616306.0,1054959.0,-0.219521,-0.34239,CHL,URY,8502
2026701,43,230,1705,2009,945497.0,0.0,0.898623,2.08703,CHN,URY,8502
2026702,61,230,1705,2009,54872.0,0.0,2.056515,-3.034837,DEU,URY,8502
2026703,71,230,1705,2009,1034816.0,0.0,0.9021020000000001,2.170578,ESP,URY,8502
2026704,74,230,1705,2009,8713525.0,0.0,1.8206849999999999,0.797421,FIN,URY,8502
2026705,77,230,1705,2009,86855.0,0.0,1.540346,0.090377,FRA,URY,8502
2026706,81,230,1705,2009,237193.0,0.0,1.7921779999999998,0.41211499999999995,GBR,URY,8502
2026707,97,230,1705,2009,1104.0,0.0,0.654964,1.98672,HKG,URY,8502
2026708,112,230,1705,2009,0.0,5797.0,-0.083743,-0.6222479999999999,JAM,URY,8502
2026709,114,230,1705,2009,20194.0,0.0,2.306791,-0.251712,JPN,URY,8502
2026710,136,230,1705,2009,0.0,874.0,-1.0356610000000002,-0.198062,MDG,URY,8502
2026711,138,230,1705,2009,1504.0,0.0,1.061625,0.719234,MEX,URY,8502
2026712,162,230,1705,2009,58689.0,0.0,1.1914850000000001,1.3076780000000001,NLD,URY,8502
2026713,169,230,1705,2009,0.0,176312.0,0.629137,0.5894010000000001,PAN,URY,8502
2026714,180,230,1705,2009,0.0,20969.0,-0.564858,-0.941735,PRY,URY,8502
2026715,231,230,1705,2009,18336724.0,0.0,1.657663,-0.41411400000000004,USA,URY,8502
2026716,236,230,1705,2009,0.0,1405605.0,-0.5847600000000001,-1.150334,VEN,URY,8502
2026717,239,230,1705,2009,1604.0,0.0,-0.27396,1.131199,VNM,URY,8502
2026718,250,230,1705,2009,157780.0,257966.0,0.582246,-0.10603,ANS,URY,8502
2026719,0,231,1705,2009,8001.0,68738.0,0.770077,-0.71001,ABW,USA,8502
2026720,1,231,1705,2009,0.0,36486768.0,-0.424354,-0.563383,AFG,USA,8502
2026721,2,231,1705,2009,0.0,55838727.0,-0.809438,-1.190006,AGO,USA,8502
2026722,3,231,1705,2009,0.0,14016.0,1.5343360000000001,-0.035211,AIA,USA,8502
2026723,4,231,1705,2009,0.0,1403.0,-0.41612200000000005,-0.256639,ALB,USA,8502
2026724,6,231,1705,2009,0.0,1600452.0,0.351025,-0.699817,ANT,USA,8502
2026725,7,231,1705,2009,173387.0,91066094.0,0.070059,-0.619075,ARE,USA,8502
2026726,8,231,1705,2009,7504069.0,19541877.0,0.27637,0.611129,ARG,USA,8502
2026727,13,231,1705,2009,0.0,794347.0,0.930903,0.279441,ATG,USA,8502
2026728,14,231,1705,2009,1982806.0,52775292.0,-0.109286,0.13586900000000002,AUS,USA,8502
2026729,15,231,1705,2009,14996469.0,1350837.0,1.651325,-0.020794,AUT,USA,8502
2026730,16,231,1705,2009,0.0,574547.0,-1.124423,-1.228081,AZE,USA,8502
2026731,18,231,1705,2009,2816527.0,49644045.0,1.272011,1.074548,BEL,USA,8502
2026732,19,231,1705,2009,0.0,13451.0,-0.93195,-0.813017,BEN,USA,8502
2026733,21,231,1705,2009,0.0,40491.0,-1.283807,-1.061272,BFA,USA,8502
2026734,22,231,1705,2009,0.0,19543888.0,-1.030722,-0.860137,BGD,USA,8502
2026735,23,231,1705,2009,0.0,150564.0,0.373594,1.571413,BGR,USA,8502
2026736,24,231,1705,2009,191833.0,7588970.0,0.250645,-0.767742,BHR,USA,8502
2026737,25,231,1705,2009,1728305.0,3309068.0,0.5451729999999999,-0.496575,BHS,USA,8502
2026738,26,231,1705,2009,0.0,103710.0,0.519113,0.762582,BIH,USA,8502
2026739,28,231,1705,2009,0.0,1054163.0,0.977663,0.549549,BLR,USA,8502
2026740,29,231,1705,2009,21707.0,457349.0,-1.0464040000000001,-0.949774,BLZ,USA,8502
2026741,30,231,1705,2009,0.0,1103669.0,0.917207,-0.654219,BMU,USA,8502
2026742,31,231,1705,2009,0.0,5366299.0,-0.909969,-0.8899879999999999,BOL,USA,8502
2026743,32,231,1705,2009,8166273.0,103658837.0,0.35447199999999995,0.8522360000000001,BRA,USA,8502
2026744,33,231,1705,2009,170783.0,962115.0,0.8652620000000001,0.796057,BRB,USA,8502
2026745,34,231,1705,2009,0.0,227404.0,-1.371042,-0.9792120000000001,BRN,USA,8502
2026746,35,231,1705,2009,0.0,20023.0,-0.16578900000000002,-0.7013560000000001,BTN,USA,8502
2026747,37,231,1705,2009,0.0,21440801.0,-0.008142,-0.599115,BWA,USA,8502
2026748,39,231,1705,2009,74236791.0,444953742.0,0.6778069999999999,1.278402,CAN,USA,8502
2026749,41,231,1705,2009,475607.0,4995402.0,2.124438,0.484861,CHE,USA,8502
2026750,42,231,1705,2009,123726.0,41298061.0,-0.219521,-0.34239,CHL,USA,8502
2026751,43,231,1705,2009,239951108.0,153498689.0,0.898623,2.08703,CHN,USA,8502
2026752,44,231,1705,2009,0.0,32856.0,-0.924681,-0.801371,CIV,USA,8502
2026753,45,231,1705,2009,1235.0,958238.0,-1.128734,-1.022546,CMR,USA,8502
2026754,46,231,1705,2009,0.0,28600.0,-1.532165,-1.160269,COD,USA,8502
2026755,47,231,1705,2009,0.0,6704820.0,-1.466289,-1.201249,COG,USA,8502
2026756,49,231,1705,2009,284190.0,21267721.0,0.263416,0.38947,COL,USA,8502
2026757,51,231,1705,2009,1016.0,17709.0,0.32592600000000005,-0.531697,CPV,USA,8502
2026758,52,231,1705,2009,18757.0,4594948.0,-0.142465,-0.669277,CRI,USA,8502
2026759,56,231,1705,2009,0.0,11803.0,0.883293,-0.597838,CXR,USA,8502
2026760,57,231,1705,2009,0.0,71056.0,0.805117,-0.684305,CYM,USA,8502
2026761,58,231,1705,2009,0.0,96959.0,0.934193,0.657555,CYP,USA,8502
2026762,59,231,1705,2009,23649682.0,1813194.0,1.6323159999999999,0.47257200000000005,CZE,USA,8502
2026763,61,231,1705,2009,245719867.0,42256107.0,2.056515,-3.034837,DEU,USA,8502
2026764,62,231,1705,2009,0.0,4686.0,0.062037,-0.596527,DJI,USA,8502
2026765,63,231,1705,2009,0.0,275387.0,0.348966,-0.09711399999999999,DMA,USA,8502
2026766,64,231,1705,2009,580704937.0,144831.0,1.242327,1.064709,DNK,USA,8502
2026767,65,231,1705,2009,2280489.0,8833180.0,-0.317894,0.198926,DOM,USA,8502
2026768,66,231,1705,2009,0.0,7528477.0,-1.161786,-1.188669,DZA,USA,8502
2026769,67,231,1705,2009,44895.0,17670765.0,-0.92724,-0.965628,ECU,USA,8502
2026770,68,231,1705,2009,0.0,27423152.0,-0.20940300000000003,1.6466290000000001,EGY,USA,8502
2026771,71,231,1705,2009,95771839.0,51167100.0,0.9021020000000001,2.170578,ESP,USA,8502
2026772,72,231,1705,2009,0.0,139591.0,0.749058,1.269572,EST,USA,8502
2026773,73,231,1705,2009,0.0,463873.0,-0.967483,-0.8219,ETH,USA,8502
2026774,74,231,1705,2009,40954941.0,1359442.0,1.8206849999999999,0.797421,FIN,USA,8502
2026775,75,231,1705,2009,0.0,11306.0,-0.785772,-0.305228,FJI,USA,8502
2026776,77,231,1705,2009,12382865.0,16302909.0,1.540346,0.090377,FRA,USA,8502
2026777,79,231,1705,2009,0.0,133097.0,-1.011055,-0.983978,FSM,USA,8502
2026778,80,231,1705,2009,40850.0,160950.0,-1.197711,-1.147469,GAB,USA,8502
2026779,81,231,1705,2009,93597264.0,32294041.0,1.7921779999999998,0.41211499999999995,GBR,USA,8502
2026780,82,231,1705,2009,0.0,3849460.0,0.045952,-0.381822,GEO,USA,8502
2026781,83,231,1705,2009,0.0,4884534.0,-0.909436,-0.6619470000000001,GHA,USA,8502
2026782,87,231,1705,2009,0.0,3377.0,-0.573979,-0.644636,GMB,USA,8502
2026783,89,231,1705,2009,0.0,377445.0,-1.426661,-0.9459870000000001,GNQ,USA,8502
2026784,90,231,1705,2009,24113.0,5028136.0,0.2196,1.63301,GRC,USA,8502
2026785,91,231,1705,2009,0.0,153451.0,0.035948,-0.586996,GRD,USA,8502
2026786,93,231,1705,2009,0.0,1899992.0,-0.33276999999999995,0.551257,GTM,USA,8502
2026787,96,231,1705,2009,0.0,875967.0,-1.0557809999999999,-1.055825,GUY,USA,8502
2026788,97,231,1705,2009,98175.0,16856348.0,0.654964,1.98672,HKG,USA,8502
2026789,99,231,1705,2009,47410.0,2137689.0,-0.587607,-0.189167,HND,USA,8502
2026790,100,231,1705,2009,9565.0,99143.0,0.740174,1.005258,HRV,USA,8502
2026791,101,231,1705,2009,0.0,2811493.0,-1.406148,-1.108465,HTI,USA,8502
2026792,102,231,1705,2009,3481218.0,79195.0,1.397765,0.772375,HUN,USA,8502
2026793,103,231,1705,2009,2440.0,2391936.0,-0.253835,1.260101,IDN,USA,8502
2026794,104,231,1705,2009,181534560.0,29722866.0,0.209867,2.254003,IND,USA,8502
2026795,106,231,1705,2009,16588.0,28084869.0,1.627233,0.020024,IRL,USA,8502
2026796,108,231,1705,2009,0.0,90640445.0,-1.1683270000000001,-0.9517459999999999,IRQ,USA,8502
2026797,109,231,1705,2009,0.0,54276.0,0.21713200000000002,-0.371812,ISL,USA,8502
2026798,110,231,1705,2009,764227.0,4414409.0,1.226438,0.816299,ISR,USA,8502
2026799,111,231,1705,2009,12416426.0,46404746.0,1.289,0.64549,ITA,USA,8502
2026800,112,231,1705,2009,290966.0,1791300.0,-0.083743,-0.6222479999999999,JAM,USA,8502
2026801,113,231,1705,2009,0.0,269671.0,0.21374899999999997,0.423774,JOR,USA,8502
2026802,114,231,1705,2009,1050948889.0,5028474.0,2.306791,-0.251712,JPN,USA,8502
2026803,115,231,1705,2009,0.0,8421032.0,-0.6547970000000001,-0.772256,KAZ,USA,8502
2026804,116,231,1705,2009,0.0,993616.0,-0.26477399999999995,0.932587,KEN,USA,8502
2026805,117,231,1705,2009,0.0,366007.0,-0.251815,0.144822,KGZ,USA,8502
2026806,118,231,1705,2009,0.0,564538.0,-1.194288,-1.09924,KHM,USA,8502
2026807,120,231,1705,2009,6846.0,161993.0,0.9218370000000001,-0.303977,KNA,USA,8502
2026808,121,231,1705,2009,4719996.0,122028181.0,1.509336,0.784515,KOR,USA,8502
2026809,122,231,1705,2009,0.0,16823202.0,-1.386993,-1.203527,KWT,USA,8502
2026810,124,231,1705,2009,0.0,2246935.0,0.48618599999999995,1.4748620000000001,LBN,USA,8502
2026811,126,231,1705,2009,0.0,5553922.0,-1.196032,-1.1829,LBY,USA,8502
2026812,127,231,1705,2009,195589.0,539120.0,0.34839699999999996,-0.531658,LCA,USA,8502
2026813,128,231,1705,2009,0.0,1661280.0,-0.653836,0.174403,LKA,USA,8502
2026814,130,231,1705,2009,0.0,519407.0,0.647736,1.150962,LTU,USA,8502
2026815,132,231,1705,2009,0.0,92375.0,0.675643,0.99977,LVA,USA,8502
2026816,133,231,1705,2009,0.0,51556.0,0.450395,0.6237739999999999,MAC,USA,8502
2026817,134,231,1705,2009,5477.0,303555.0,-0.48819300000000004,0.173952,MAR,USA,8502
2026818,136,231,1705,2009,301779.0,677729.0,-1.0356610000000002,-0.198062,MDG,USA,8502
2026819,137,231,1705,2009,0.0,3541.0,-0.415182,-0.9298379999999999,MDV,USA,8502
2026820,138,231,1705,2009,10964034.0,118659810.0,1.061625,0.719234,MEX,USA,8502
2026821,139,231,1705,2009,0.0,64525.0,-0.960635,-0.99724,MHL,USA,8502
2026822,140,231,1705,2009,0.0,12060.0,-0.14890499999999998,0.405505,MKD,USA,8502
2026823,142,231,1705,2009,0.0,121782.0,1.233965,-0.016763,MLT,USA,8502
2026824,144,231,1705,2009,0.0,14798.0,0.19963499999999998,-0.073107,MNE,USA,8502
2026825,145,231,1705,2009,0.0,299480.0,-0.825506,-1.067644,MNG,USA,8502
2026826,147,231,1705,2009,0.0,99385.0,-1.0023090000000001,-0.844765,MOZ,USA,8502
2026827,149,231,1705,2009,0.0,12122.0,1.163257,-0.332029,MSR,USA,8502
2026828,151,231,1705,2009,0.0,195834.0,-0.198194,0.067014,MUS,USA,8502
2026829,152,231,1705,2009,0.0,5177.0,-1.571672,-1.244864,MWI,USA,8502
2026830,153,231,1705,2009,233712.0,60632260.0,0.8718229999999999,0.607429,MYS,USA,8502
2026831,154,231,1705,2009,0.0,463.0,1.173729,-0.08655800000000001,MYT,USA,8502
2026832,156,231,1705,2009,578.0,1101.0,1.323528,0.523435,NCL,USA,8502
2026833,157,231,1705,2009,0.0,216510.0,-1.306036,-0.956361,NER,USA,8502
2026834,159,231,1705,2009,0.0,26289032.0,-1.584051,-1.156247,NGA,USA,8502
2026835,160,231,1705,2009,0.0,517064.0,-0.924057,-0.809557,NIC,USA,8502
2026836,162,231,1705,2009,1983398.0,6822240.0,1.1914850000000001,1.3076780000000001,NLD,USA,8502
2026837,163,231,1705,2009,48010.0,2472819.0,0.865455,0.082808,NOR,USA,8502
2026838,164,231,1705,2009,0.0,281996.0,-0.324434,1.076908,NPL,USA,8502
2026839,166,231,1705,2009,82074.0,51737541.0,0.38301999999999997,0.720644,NZL,USA,8502
2026840,167,231,1705,2009,0.0,11209392.0,-0.691918,-1.015434,OMN,USA,8502
2026841,168,231,1705,2009,90177.0,15929172.0,-0.514907,0.44733100000000003,PAK,USA,8502
2026842,169,231,1705,2009,0.0,6555637.0,0.629137,0.5894010000000001,PAN,USA,8502
2026843,173,231,1705,2009,48470.0,18131744.0,-0.53304,0.221183,PER,USA,8502
2026844,174,231,1705,2009,935.0,4269326.0,0.34318000000000004,0.095375,PHL,USA,8502
2026845,175,231,1705,2009,0.0,120823.0,0.408333,-0.826412,PLW,USA,8502
2026846,176,231,1705,2009,0.0,564750.0,-1.90537,-1.2462030000000002,PNG,USA,8502
2026847,177,231,1705,2009,512937.0,1775663.0,1.11055,1.069074,POL,USA,8502
2026848,179,231,1705,2009,0.0,22146320.0,0.559189,2.4359919999999997,PRT,USA,8502
2026849,180,231,1705,2009,0.0,407213.0,-0.564858,-0.941735,PRY,USA,8502
2026850,182,231,1705,2009,0.0,145742.0,-0.440014,-0.835513,PYF,USA,8502
2026851,183,231,1705,2009,60008.0,15283448.0,-0.484947,-1.07179,QAT,USA,8502
2026852,185,231,1705,2009,0.0,1689879.0,0.833802,1.024418,ROU,USA,8502
2026853,186,231,1705,2009,36202.0,114637374.0,0.392478,-0.20038399999999998,RUS,USA,8502
2026854,187,231,1705,2009,0.0,8782.0,-0.31001599999999996,-0.5382170000000001,RWA,USA,8502
2026855,188,231,1705,2009,448018.0,31395865.0,0.300581,-0.813199,SAU,USA,8502
2026856,190,231,1705,2009,0.0,70364.0,-2.2948020000000002,-1.3182040000000002,SDN,USA,8502
2026857,191,231,1705,2009,0.0,98185.0,-0.53392,-0.415513,SEN,USA,8502
2026858,192,231,1705,2009,938654.0,181946616.0,1.9503540000000001,0.498033,SGP,USA,8502
2026859,195,231,1705,2009,0.0,542.0,-1.9380110000000002,-1.06035,SLB,USA,8502
2026860,196,231,1705,2009,0.0,14753.0,0.06259400000000001,-0.273258,SLE,USA,8502
2026861,197,231,1705,2009,0.0,1312348.0,-0.19729100000000002,0.23434899999999997,SLV,USA,8502
2026862,201,231,1705,2009,0.0,101398.0,0.531766,1.477837,SRB,USA,8502
2026863,205,231,1705,2009,62608.0,139864.0,-0.580507,-1.072833,SUR,USA,8502
2026864,206,231,1705,2009,8668.0,74250.0,1.231382,0.820968,SVK,USA,8502
2026865,207,231,1705,2009,5859.0,109992.0,1.548036,0.730396,SVN,USA,8502
2026866,208,231,1705,2009,7097412.0,1152304.0,1.877821,0.336565,SWE,USA,8502
2026867,212,231,1705,2009,0.0,672527.0,-0.48481199999999997,1.464509,SYR,USA,8502
2026868,213,231,1705,2009,0.0,125987.0,0.660828,-0.24060700000000002,TCA,USA,8502
2026869,214,231,1705,2009,0.0,10885.0,-1.294648,-0.9645020000000001,TCD,USA,8502
2026870,215,231,1705,2009,0.0,60440.0,-0.561619,-0.759929,TGO,USA,8502
2026871,216,231,1705,2009,2923171.0,12467387.0,0.79692,1.315501,THA,USA,8502
2026872,219,231,1705,2009,0.0,248248.0,-1.060378,-1.17279,TKM,USA,8502
2026873,221,231,1705,2009,0.0,2558.0,-0.439709,-0.7270939999999999,TON,USA,8502
2026874,222,231,1705,2009,48086.0,3988084.0,-0.508195,-1.097365,TTO,USA,8502
2026875,223,231,1705,2009,0.0,9555011.0,0.044903,0.9126120000000001,TUN,USA,8502
2026876,224,231,1705,2009,222253.0,97221349.0,0.384596,2.3797610000000002,TUR,USA,8502
2026877,226,231,1705,2009,0.0,116177.0,-0.822897,0.644899,TZA,USA,8502
2026878,227,231,1705,2009,0.0,511527.0,-0.573707,-0.036203,UGA,USA,8502
2026879,228,231,1705,2009,26391.0,1664529.0,0.602688,0.830247,UKR,USA,8502
2026880,230,231,1705,2009,0.0,18336724.0,0.260419,-0.171944,URY,USA,8502
2026881,234,231,1705,2009,0.0,626659.0,-0.068356,-0.6011350000000001,VCT,USA,8502
2026882,236,231,1705,2009,21675.0,158947278.0,-0.5847600000000001,-1.150334,VEN,USA,8502
2026883,237,231,1705,2009,0.0,218206.0,0.903839,0.093044,VGB,USA,8502
2026884,239,231,1705,2009,84080014.0,4139365.0,-0.27396,1.131199,VNM,USA,8502
2026885,243,231,1705,2009,0.0,5218228.0,-0.845426,-1.119091,YEM,USA,8502
2026886,246,231,1705,2009,1080058.0,19452450.0,0.316452,1.767795,ZAF,USA,8502
2026887,247,231,1705,2009,1888.0,29132.0,-0.6423909999999999,-0.815315,ZMB,USA,8502
2026888,248,231,1705,2009,0.0,23412.0,-0.686822,-0.683511,ZWE,USA,8502
2026889,249,231,1705,2009,995782.0,3455642.0,1.5763120000000002,0.9567950000000001,TWN,USA,8502
2026890,0,236,1705,2009,490.0,0.0,0.770077,-0.71001,ABW,VEN,8502
2026891,6,236,1705,2009,237592.0,0.0,0.351025,-0.699817,ANT,VEN,8502
2026892,7,236,1705,2009,0.0,364302.0,0.070059,-0.619075,ARE,VEN,8502
2026893,8,236,1705,2009,463397.0,0.0,0.27637,0.611129,ARG,VEN,8502
2026894,15,236,1705,2009,679075.0,0.0,1.651325,-0.020794,AUT,VEN,8502
2026895,32,236,1705,2009,31420951.0,0.0,0.35447199999999995,0.8522360000000001,BRA,VEN,8502
2026896,39,236,1705,2009,290178.0,0.0,0.6778069999999999,1.278402,CAN,VEN,8502
2026897,41,236,1705,2009,117373.0,0.0,2.124438,0.484861,CHE,VEN,8502
2026898,43,236,1705,2009,26718558.0,0.0,0.898623,2.08703,CHN,VEN,8502
2026899,49,236,1705,2009,2538422.0,45651.0,0.263416,0.38947,COL,VEN,8502
2026900,52,236,1705,2009,178843.0,0.0,-0.142465,-0.669277,CRI,VEN,8502
2026901,54,236,1705,2009,259504.0,0.0,0.188114,-0.819958,CUB,VEN,8502
2026902,61,236,1705,2009,410905.0,48822.0,2.056515,-3.034837,DEU,VEN,8502
2026903,65,236,1705,2009,0.0,10078.0,-0.317894,0.198926,DOM,VEN,8502
2026904,71,236,1705,2009,26557577.0,23391.0,0.9021020000000001,2.170578,ESP,VEN,8502
2026905,77,236,1705,2009,3904637.0,3852.0,1.540346,0.090377,FRA,VEN,8502
2026906,81,236,1705,2009,1006394.0,0.0,1.7921779999999998,0.41211499999999995,GBR,VEN,8502
2026907,96,236,1705,2009,0.0,2883.0,-1.0557809999999999,-1.055825,GUY,VEN,8502
2026908,97,236,1705,2009,294839.0,0.0,0.654964,1.98672,HKG,VEN,8502
2026909,99,236,1705,2009,0.0,1171.0,-0.587607,-0.189167,HND,VEN,8502
2026910,104,236,1705,2009,135943.0,0.0,0.209867,2.254003,IND,VEN,8502
2026911,106,236,1705,2009,36562.0,0.0,1.627233,0.020024,IRL,VEN,8502
2026912,111,236,1705,2009,1759001.0,14309.0,1.289,0.64549,ITA,VEN,8502
2026913,114,236,1705,2009,972246.0,0.0,2.306791,-0.251712,JPN,VEN,8502
2026914,121,236,1705,2009,11676.0,0.0,1.509336,0.784515,KOR,VEN,8502
2026915,138,236,1705,2009,1989249.0,0.0,1.061625,0.719234,MEX,VEN,8502
2026916,159,236,1705,2009,0.0,776.0,-1.584051,-1.156247,NGA,VEN,8502
2026917,162,236,1705,2009,3545255.0,0.0,1.1914850000000001,1.3076780000000001,NLD,VEN,8502
2026918,169,236,1705,2009,2817391.0,69682.0,0.629137,0.5894010000000001,PAN,VEN,8502
2026919,173,236,1705,2009,4797360.0,225456.0,-0.53304,0.221183,PER,VEN,8502
2026920,177,236,1705,2009,47890.0,0.0,1.11055,1.069074,POL,VEN,8502
2026921,178,236,1705,2009,73989.0,0.0,0.608089,0.709831,PRK,VEN,8502
2026922,179,236,1705,2009,342474.0,0.0,0.559189,2.4359919999999997,PRT,VEN,8502
2026923,206,236,1705,2009,2318.0,0.0,1.231382,0.820968,SVK,VEN,8502
2026924,208,236,1705,2009,30336060.0,0.0,1.877821,0.336565,SWE,VEN,8502
2026925,222,236,1705,2009,305105.0,0.0,-0.508195,-1.097365,TTO,VEN,8502
2026926,230,236,1705,2009,1405605.0,0.0,0.260419,-0.171944,URY,VEN,8502
2026927,231,236,1705,2009,158947278.0,21675.0,1.657663,-0.41411400000000004,USA,VEN,8502
2026928,7,243,1705,2009,248992.0,0.0,0.070059,-0.619075,ARE,YEM,8502
2026929,18,243,1705,2009,386142.0,0.0,1.272011,1.074548,BEL,YEM,8502
2026930,32,243,1705,2009,1286.0,0.0,0.35447199999999995,0.8522360000000001,BRA,YEM,8502
2026931,41,243,1705,2009,12268843.0,0.0,2.124438,0.484861,CHE,YEM,8502
2026932,43,243,1705,2009,19301927.0,0.0,0.898623,2.08703,CHN,YEM,8502
2026933,61,243,1705,2009,1444074.0,0.0,2.056515,-3.034837,DEU,YEM,8502
2026934,62,243,1705,2009,0.0,8249.0,0.062037,-0.596527,DJI,YEM,8502
2026935,64,243,1705,2009,75383.0,0.0,1.242327,1.064709,DNK,YEM,8502
2026936,68,243,1705,2009,940574.0,0.0,-0.20940300000000003,1.6466290000000001,EGY,YEM,8502
2026937,71,243,1705,2009,650797.0,0.0,0.9021020000000001,2.170578,ESP,YEM,8502
2026938,74,243,1705,2009,15103382.0,0.0,1.8206849999999999,0.797421,FIN,YEM,8502
2026939,77,243,1705,2009,1906580.0,129996.0,1.540346,0.090377,FRA,YEM,8502
2026940,81,243,1705,2009,4418985.0,6287.0,1.7921779999999998,0.41211499999999995,GBR,YEM,8502
2026941,90,243,1705,2009,4834.0,0.0,0.2196,1.63301,GRC,YEM,8502
2026942,104,243,1705,2009,259603.0,0.0,0.209867,2.254003,IND,YEM,8502
2026943,111,243,1705,2009,3093441.0,361239.0,1.289,0.64549,ITA,YEM,8502
2026944,113,243,1705,2009,6126.0,0.0,0.21374899999999997,0.423774,JOR,YEM,8502
2026945,114,243,1705,2009,1302097.0,0.0,2.306791,-0.251712,JPN,YEM,8502
2026946,121,243,1705,2009,1491265.0,0.0,1.509336,0.784515,KOR,YEM,8502
2026947,122,243,1705,2009,32718.0,0.0,-1.386993,-1.203527,KWT,YEM,8502
2026948,124,243,1705,2009,2073757.0,0.0,0.48618599999999995,1.4748620000000001,LBN,YEM,8502
2026949,138,243,1705,2009,71290.0,0.0,1.061625,0.719234,MEX,YEM,8502
2026950,153,243,1705,2009,2315.0,0.0,0.8718229999999999,0.607429,MYS,YEM,8502
2026951,162,243,1705,2009,5217.0,0.0,1.1914850000000001,1.3076780000000001,NLD,YEM,8502
2026952,167,243,1705,2009,9840.0,0.0,-0.691918,-1.015434,OMN,YEM,8502
2026953,183,243,1705,2009,2291.0,0.0,-0.484947,-1.07179,QAT,YEM,8502
2026954,185,243,1705,2009,82832.0,0.0,0.833802,1.024418,ROU,YEM,8502
2026955,188,243,1705,2009,75504.0,20914.0,0.300581,-0.813199,SAU,YEM,8502
2026956,192,243,1705,2009,905536.0,0.0,1.9503540000000001,0.498033,SGP,YEM,8502
2026957,208,243,1705,2009,31843.0,0.0,1.877821,0.336565,SWE,YEM,8502
2026958,212,243,1705,2009,73509.0,0.0,-0.48481199999999997,1.464509,SYR,YEM,8502
2026959,224,243,1705,2009,3321573.0,0.0,0.384596,2.3797610000000002,TUR,YEM,8502
2026960,231,243,1705,2009,5218228.0,0.0,1.657663,-0.41411400000000004,USA,YEM,8502
2026961,239,243,1705,2009,44022.0,0.0,-0.27396,1.131199,VNM,YEM,8502
2026962,249,243,1705,2009,2319.0,0.0,1.5763120000000002,0.9567950000000001,TWN,YEM,8502
2026963,250,243,1705,2009,1578131.0,15792.0,0.582246,-0.10603,ANS,YEM,8502
2026964,2,246,1705,2009,0.0,7194066.0,-0.809438,-1.190006,AGO,ZAF,8502
2026965,7,246,1705,2009,37194.0,5776301.0,0.070059,-0.619075,ARE,ZAF,8502
2026966,8,246,1705,2009,0.0,317132.0,0.27637,0.611129,ARG,ZAF,8502
2026967,11,246,1705,2009,0.0,42717.0,2.014378,-0.596029,ATA,ZAF,8502
2026968,14,246,1705,2009,2249890.0,35508.0,-0.109286,0.13586900000000002,AUS,ZAF,8502
2026969,15,246,1705,2009,16760091.0,2404.0,1.651325,-0.020794,AUT,ZAF,8502
2026970,17,246,1705,2009,0.0,9392.0,-0.43971099999999996,-0.575079,BDI,ZAF,8502
2026971,18,246,1705,2009,22381963.0,1060122.0,1.272011,1.074548,BEL,ZAF,8502
2026972,24,246,1705,2009,0.0,194323.0,0.250645,-0.767742,BHR,ZAF,8502
2026973,31,246,1705,2009,0.0,69926.0,-0.909969,-0.8899879999999999,BOL,ZAF,8502
2026974,32,246,1705,2009,179159.0,0.0,0.35447199999999995,0.8522360000000001,BRA,ZAF,8502
2026975,37,246,1705,2009,88789.0,4553560.0,-0.008142,-0.599115,BWA,ZAF,8502
2026976,39,246,1705,2009,177238.0,0.0,0.6778069999999999,1.278402,CAN,ZAF,8502
2026977,41,246,1705,2009,8536.0,479796.0,2.124438,0.484861,CHE,ZAF,8502
2026978,42,246,1705,2009,0.0,311671.0,-0.219521,-0.34239,CHL,ZAF,8502
2026979,43,246,1705,2009,21463371.0,2358.0,0.898623,2.08703,CHN,ZAF,8502
2026980,44,246,1705,2009,0.0,64269.0,-0.924681,-0.801371,CIV,ZAF,8502
2026981,45,246,1705,2009,0.0,135860.0,-1.128734,-1.022546,CMR,ZAF,8502
2026982,46,246,1705,2009,1808.0,1064480.0,-1.532165,-1.160269,COD,ZAF,8502
2026983,47,246,1705,2009,2285.0,274152.0,-1.466289,-1.201249,COG,ZAF,8502
2026984,61,246,1705,2009,1071569.0,16738.0,2.056515,-3.034837,DEU,ZAF,8502
2026985,62,246,1705,2009,0.0,1432.0,0.062037,-0.596527,DJI,ZAF,8502
2026986,64,246,1705,2009,23233.0,0.0,1.242327,1.064709,DNK,ZAF,8502
2026987,68,246,1705,2009,0.0,2255182.0,-0.20940300000000003,1.6466290000000001,EGY,ZAF,8502
2026988,69,246,1705,2009,0.0,7167.0,0.081675,-0.37700100000000003,ERI,ZAF,8502
2026989,71,246,1705,2009,501017.0,905500.0,0.9021020000000001,2.170578,ESP,ZAF,8502
2026990,73,246,1705,2009,0.0,172127.0,-0.967483,-0.8219,ETH,ZAF,8502
2026991,74,246,1705,2009,49904.0,0.0,1.8206849999999999,0.797421,FIN,ZAF,8502
2026992,77,246,1705,2009,6626123.0,165505.0,1.540346,0.090377,FRA,ZAF,8502
2026993,80,246,1705,2009,21427.0,364829.0,-1.197711,-1.147469,GAB,ZAF,8502
2026994,81,246,1705,2009,21998903.0,209799.0,1.7921779999999998,0.41211499999999995,GBR,ZAF,8502
2026995,83,246,1705,2009,0.0,1500299.0,-0.909436,-0.6619470000000001,GHA,ZAF,8502
2026996,85,246,1705,2009,0.0,43278.0,-1.618121,-1.2200520000000001,GIN,ZAF,8502
2026997,89,246,1705,2009,0.0,23545.0,-1.426661,-0.9459870000000001,GNQ,ZAF,8502
2026998,90,246,1705,2009,47212.0,1446.0,0.2196,1.63301,GRC,ZAF,8502
2026999,97,246,1705,2009,160087.0,445429.0,0.654964,1.98672,HKG,ZAF,8502
2027000,102,246,1705,2009,947772.0,0.0,1.397765,0.772375,HUN,ZAF,8502
2027001,104,246,1705,2009,1683024.0,26397.0,0.209867,2.254003,IND,ZAF,8502
2027002,106,246,1705,2009,33238.0,23196.0,1.627233,0.020024,IRL,ZAF,8502
2027003,107,246,1705,2009,0.0,57695.0,-1.185702,-1.1049360000000001,IRN,ZAF,8502
2027004,111,246,1705,2009,2620756.0,180864.0,1.289,0.64549,ITA,ZAF,8502
2027005,113,246,1705,2009,0.0,2496.0,0.21374899999999997,0.423774,JOR,ZAF,8502
2027006,114,246,1705,2009,387205.0,0.0,2.306791,-0.251712,JPN,ZAF,8502
2027007,116,246,1705,2009,0.0,515690.0,-0.26477399999999995,0.932587,KEN,ZAF,8502
2027008,121,246,1705,2009,156449.0,45871.0,1.509336,0.784515,KOR,ZAF,8502
2027009,122,246,1705,2009,0.0,819881.0,-1.386993,-1.203527,KWT,ZAF,8502
2027010,124,246,1705,2009,146635.0,0.0,0.48618599999999995,1.4748620000000001,LBN,ZAF,8502
2027011,126,246,1705,2009,0.0,74427.0,-1.196032,-1.1829,LBY,ZAF,8502
2027012,128,246,1705,2009,0.0,2344.0,-0.653836,0.174403,LKA,ZAF,8502
2027013,129,246,1705,2009,0.0,519895.0,-1.446041,-1.102158,LSO,ZAF,8502
2027014,136,246,1705,2009,12474.0,278859.0,-1.0356610000000002,-0.198062,MDG,ZAF,8502
2027015,141,246,1705,2009,0.0,173119.0,-0.84835,-0.780324,MLI,ZAF,8502
2027016,147,246,1705,2009,49562.0,3483673.0,-1.0023090000000001,-0.844765,MOZ,ZAF,8502
2027017,148,246,1705,2009,0.0,7575.0,-1.761436,-1.2898479999999999,MRT,ZAF,8502
2027018,151,246,1705,2009,3504.0,90553.0,-0.198194,0.067014,MUS,ZAF,8502
2027019,152,246,1705,2009,28160.0,1713795.0,-1.571672,-1.244864,MWI,ZAF,8502
2027020,153,246,1705,2009,66709.0,1596193.0,0.8718229999999999,0.607429,MYS,ZAF,8502
2027021,154,246,1705,2009,0.0,2069.0,1.173729,-0.08655800000000001,MYT,ZAF,8502
2027022,155,246,1705,2009,16044.0,3256905.0,-0.081207,-0.075292,NAM,ZAF,8502
2027023,157,246,1705,2009,0.0,683042.0,-1.306036,-0.956361,NER,ZAF,8502
2027024,159,246,1705,2009,1536.0,3559547.0,-1.584051,-1.156247,NGA,ZAF,8502
2027025,160,246,1705,2009,0.0,2044.0,-0.924057,-0.809557,NIC,ZAF,8502
2027026,162,246,1705,2009,11199018.0,1525716.0,1.1914850000000001,1.3076780000000001,NLD,ZAF,8502
2027027,164,246,1705,2009,0.0,647.0,-0.324434,1.076908,NPL,ZAF,8502
2027028,168,246,1705,2009,1033.0,20728.0,-0.514907,0.44733100000000003,PAK,ZAF,8502
2027029,169,246,1705,2009,0.0,24030.0,0.629137,0.5894010000000001,PAN,ZAF,8502
2027030,174,246,1705,2009,54186.0,0.0,0.34318000000000004,0.095375,PHL,ZAF,8502
2027031,177,246,1705,2009,4718.0,0.0,1.11055,1.069074,POL,ZAF,8502
2027032,179,246,1705,2009,0.0,126391.0,0.559189,2.4359919999999997,PRT,ZAF,8502
2027033,183,246,1705,2009,0.0,1578.0,-0.484947,-1.07179,QAT,ZAF,8502
2027034,187,246,1705,2009,484.0,909435.0,-0.31001599999999996,-0.5382170000000001,RWA,ZAF,8502
2027035,188,246,1705,2009,0.0,1607.0,0.300581,-0.813199,SAU,ZAF,8502
2027036,190,246,1705,2009,0.0,699960.0,-2.2948020000000002,-1.3182040000000002,SDN,ZAF,8502
2027037,191,246,1705,2009,0.0,36134.0,-0.53392,-0.415513,SEN,ZAF,8502
2027038,192,246,1705,2009,25361.0,114422.0,1.9503540000000001,0.498033,SGP,ZAF,8502
2027039,194,246,1705,2009,0.0,4993.0,0.99651,-0.284003,SHN,ZAF,8502
2027040,196,246,1705,2009,0.0,4179.0,0.06259400000000001,-0.273258,SLE,ZAF,8502
2027041,206,246,1705,2009,2865.0,0.0,1.231382,0.820968,SVK,ZAF,8502
2027042,208,246,1705,2009,34565.0,0.0,1.877821,0.336565,SWE,ZAF,8502
2027043,209,246,1705,2009,1765.0,1350924.0,0.6420859999999999,0.060127999999999994,SWZ,ZAF,8502
2027044,211,246,1705,2009,0.0,311973.0,-0.16046400000000002,-0.81512,SYC,ZAF,8502
2027045,212,246,1705,2009,0.0,150597.0,-0.48481199999999997,1.464509,SYR,ZAF,8502
2027046,222,246,1705,2009,1001.0,0.0,-0.508195,-1.097365,TTO,ZAF,8502
2027047,224,246,1705,2009,560345.0,139361.0,0.384596,2.3797610000000002,TUR,ZAF,8502
2027048,226,246,1705,2009,478.0,1394500.0,-0.822897,0.644899,TZA,ZAF,8502
2027049,227,246,1705,2009,22231.0,997002.0,-0.573707,-0.036203,UGA,ZAF,8502
2027050,228,246,1705,2009,75545.0,0.0,0.602688,0.830247,UKR,ZAF,8502
2027051,231,246,1705,2009,19452450.0,1080058.0,1.657663,-0.41411400000000004,USA,ZAF,8502
2027052,239,246,1705,2009,0.0,85457.0,-0.27396,1.131199,VNM,ZAF,8502
2027053,240,246,1705,2009,0.0,41280.0,-0.9398479999999999,-0.9635799999999999,VUT,ZAF,8502
2027054,247,246,1705,2009,140882.0,4531160.0,-0.6423909999999999,-0.815315,ZMB,ZAF,8502
2027055,248,246,1705,2009,93702.0,4290554.0,-0.686822,-0.683511,ZWE,ZAF,8502
2027056,249,246,1705,2009,39880.0,0.0,1.5763120000000002,0.9567950000000001,TWN,ZAF,8502
2027057,250,246,1705,2009,36392778.0,3687819.0,0.582246,-0.10603,ANS,ZAF,8502
2027058,2,249,1705,2009,0.0,73246.0,-0.809438,-1.190006,AGO,TWN,8502
2027059,7,249,1705,2009,0.0,13491.0,0.070059,-0.619075,ARE,TWN,8502
2027060,14,249,1705,2009,1723738.0,111547.0,-0.109286,0.13586900000000002,AUS,TWN,8502
2027061,15,249,1705,2009,3117.0,33430.0,1.651325,-0.020794,AUT,TWN,8502
2027062,18,249,1705,2009,681657.0,35224.0,1.272011,1.074548,BEL,TWN,8502
2027063,21,249,1705,2009,0.0,14881.0,-1.283807,-1.061272,BFA,TWN,8502
2027064,22,249,1705,2009,0.0,265172.0,-1.030722,-0.860137,BGD,TWN,8502
2027065,29,249,1705,2009,0.0,1120.0,-1.0464040000000001,-0.949774,BLZ,TWN,8502
2027066,31,249,1705,2009,0.0,2763.0,-0.909969,-0.8899879999999999,BOL,TWN,8502
2027067,32,249,1705,2009,0.0,4370.0,0.35447199999999995,0.8522360000000001,BRA,TWN,8502
2027068,39,249,1705,2009,124153.0,812574.0,0.6778069999999999,1.278402,CAN,TWN,8502
2027069,41,249,1705,2009,6862.0,0.0,2.124438,0.484861,CHE,TWN,8502
2027070,42,249,1705,2009,0.0,925224.0,-0.219521,-0.34239,CHL,TWN,8502
2027071,43,249,1705,2009,1404147.0,1889141.0,0.898623,2.08703,CHN,TWN,8502
2027072,46,249,1705,2009,0.0,2034.0,-1.532165,-1.160269,COD,TWN,8502
2027073,47,249,1705,2009,0.0,1010.0,-1.466289,-1.201249,COG,TWN,8502
2027074,49,249,1705,2009,0.0,18711.0,0.263416,0.38947,COL,TWN,8502
2027075,52,249,1705,2009,0.0,23775.0,-0.142465,-0.669277,CRI,TWN,8502
2027076,61,249,1705,2009,28302301.0,394544.0,2.056515,-3.034837,DEU,TWN,8502
2027077,64,249,1705,2009,26270068.0,91188.0,1.242327,1.064709,DNK,TWN,8502
2027078,65,249,1705,2009,0.0,8074.0,-0.317894,0.198926,DOM,TWN,8502
2027079,66,249,1705,2009,0.0,4934.0,-1.161786,-1.188669,DZA,TWN,8502
2027080,67,249,1705,2009,0.0,30914.0,-0.92724,-0.965628,ECU,TWN,8502
2027081,68,249,1705,2009,0.0,93568.0,-0.20940300000000003,1.6466290000000001,EGY,TWN,8502
2027082,71,249,1705,2009,8379.0,8370.0,0.9021020000000001,2.170578,ESP,TWN,8502
2027083,73,249,1705,2009,0.0,94275.0,-0.967483,-0.8219,ETH,TWN,8502
2027084,74,249,1705,2009,750883.0,3783.0,1.8206849999999999,0.797421,FIN,TWN,8502
2027085,75,249,1705,2009,9664.0,19415.0,-0.785772,-0.305228,FJI,TWN,8502
2027086,77,249,1705,2009,1148577.0,13959.0,1.540346,0.090377,FRA,TWN,8502
2027087,81,249,1705,2009,2337113.0,92022.0,1.7921779999999998,0.41211499999999995,GBR,TWN,8502
2027088,83,249,1705,2009,0.0,2730.0,-0.909436,-0.6619470000000001,GHA,TWN,8502
2027089,93,249,1705,2009,0.0,6719.0,-0.33276999999999995,0.551257,GTM,TWN,8502
2027090,95,249,1705,2009,0.0,1702.0,0.518098,-0.124172,GUM,TWN,8502
2027091,97,249,1705,2009,239450.0,301949.0,0.654964,1.98672,HKG,TWN,8502
2027092,99,249,1705,2009,0.0,2389.0,-0.587607,-0.189167,HND,TWN,8502
2027093,100,249,1705,2009,0.0,34189.0,0.740174,1.005258,HRV,TWN,8502
2027094,101,249,1705,2009,0.0,10671.0,-1.406148,-1.108465,HTI,TWN,8502
2027095,103,249,1705,2009,0.0,224782.0,-0.253835,1.260101,IDN,TWN,8502
2027096,104,249,1705,2009,102679.0,76787.0,0.209867,2.254003,IND,TWN,8502
2027097,106,249,1705,2009,0.0,1584.0,1.627233,0.020024,IRL,TWN,8502
2027098,110,249,1705,2009,0.0,2088.0,1.226438,0.816299,ISR,TWN,8502
2027099,111,249,1705,2009,66955.0,59080.0,1.289,0.64549,ITA,TWN,8502
2027100,113,249,1705,2009,0.0,1553.0,0.21374899999999997,0.423774,JOR,TWN,8502
2027101,114,249,1705,2009,52850218.0,1218673.0,2.306791,-0.251712,JPN,TWN,8502
2027102,116,249,1705,2009,0.0,6257.0,-0.26477399999999995,0.932587,KEN,TWN,8502
2027103,118,249,1705,2009,284055.0,601493.0,-1.194288,-1.09924,KHM,TWN,8502
2027104,121,249,1705,2009,239924.0,277358.0,1.509336,0.784515,KOR,TWN,8502
2027105,122,249,1705,2009,0.0,7554.0,-1.386993,-1.203527,KWT,TWN,8502
2027106,133,249,1705,2009,0.0,6106.0,0.450395,0.6237739999999999,MAC,TWN,8502
2027107,134,249,1705,2009,0.0,10934.0,-0.48819300000000004,0.173952,MAR,TWN,8502
2027108,138,249,1705,2009,0.0,2123.0,1.061625,0.719234,MEX,TWN,8502
2027109,140,249,1705,2009,0.0,244.0,-0.14890499999999998,0.405505,MKD,TWN,8502
2027110,143,249,1705,2009,0.0,124075.0,-1.6459529999999998,-1.186635,MMR,TWN,8502
2027111,147,249,1705,2009,0.0,2917.0,-1.0023090000000001,-0.844765,MOZ,TWN,8502
2027112,151,249,1705,2009,992.0,4754.0,-0.198194,0.067014,MUS,TWN,8502
2027113,153,249,1705,2009,0.0,187746.0,0.8718229999999999,0.607429,MYS,TWN,8502
2027114,156,249,1705,2009,27217.0,12408.0,1.323528,0.523435,NCL,TWN,8502
2027115,159,249,1705,2009,0.0,146540.0,-1.584051,-1.156247,NGA,TWN,8502
2027116,162,249,1705,2009,24880.0,31286.0,1.1914850000000001,1.3076780000000001,NLD,TWN,8502
2027117,166,249,1705,2009,0.0,39871.0,0.38301999999999997,0.720644,NZL,TWN,8502
2027118,168,249,1705,2009,0.0,37096.0,-0.514907,0.44733100000000003,PAK,TWN,8502
2027119,169,249,1705,2009,0.0,135915.0,0.629137,0.5894010000000001,PAN,TWN,8502
2027120,173,249,1705,2009,8632.0,0.0,-0.53304,0.221183,PER,TWN,8502
2027121,174,249,1705,2009,21902.0,197629.0,0.34318000000000004,0.095375,PHL,TWN,8502
2027122,175,249,1705,2009,0.0,68389.0,0.408333,-0.826412,PLW,TWN,8502
2027123,177,249,1705,2009,1172.0,6320.0,1.11055,1.069074,POL,TWN,8502
2027124,179,249,1705,2009,0.0,5266.0,0.559189,2.4359919999999997,PRT,TWN,8502
2027125,182,249,1705,2009,0.0,739.0,-0.440014,-0.835513,PYF,TWN,8502
2027126,185,249,1705,2009,0.0,1184.0,0.833802,1.024418,ROU,TWN,8502
2027127,186,249,1705,2009,0.0,17736.0,0.392478,-0.20038399999999998,RUS,TWN,8502
2027128,188,249,1705,2009,0.0,260645.0,0.300581,-0.813199,SAU,TWN,8502
2027129,192,249,1705,2009,12749463.0,550940.0,1.9503540000000001,0.498033,SGP,TWN,8502
2027130,195,249,1705,2009,0.0,22845.0,-1.9380110000000002,-1.06035,SLB,TWN,8502
2027131,207,249,1705,2009,11270.0,102781.0,1.548036,0.730396,SVN,TWN,8502
2027132,208,249,1705,2009,4103.0,98017.0,1.877821,0.336565,SWE,TWN,8502
2027133,212,249,1705,2009,0.0,10716.0,-0.48481199999999997,1.464509,SYR,TWN,8502
2027134,216,249,1705,2009,17273.0,1305856.0,0.79692,1.315501,THA,TWN,8502
2027135,222,249,1705,2009,0.0,30322.0,-0.508195,-1.097365,TTO,TWN,8502
2027136,223,249,1705,2009,0.0,1063.0,0.044903,0.9126120000000001,TUN,TWN,8502
2027137,224,249,1705,2009,0.0,14447.0,0.384596,2.3797610000000002,TUR,TWN,8502
2027138,231,249,1705,2009,3455642.0,995782.0,1.657663,-0.41411400000000004,USA,TWN,8502
2027139,239,249,1705,2009,101032.0,2080915.0,-0.27396,1.131199,VNM,TWN,8502
2027140,240,249,1705,2009,0.0,3574.0,-0.9398479999999999,-0.9635799999999999,VUT,TWN,8502
2027141,243,249,1705,2009,0.0,2319.0,-0.845426,-1.119091,YEM,TWN,8502
2027142,246,249,1705,2009,0.0,39880.0,0.316452,1.767795,ZAF,TWN,8502
2027143,250,249,1705,2009,4587.0,0.0,0.582246,-0.10603,ANS,TWN,8502
2027144,0,250,1705,2009,1981.0,0.0,0.770077,-0.71001,ABW,ANS,8502
2027145,2,250,1705,2009,0.0,940718.0,-0.809438,-1.190006,AGO,ANS,8502
2027146,8,250,1705,2009,121097.0,255131.0,0.27637,0.611129,ARG,ANS,8502
2027147,13,250,1705,2009,662083.0,0.0,0.930903,0.279441,ATG,ANS,8502
2027148,22,250,1705,2009,204879.0,489980.0,-1.030722,-0.860137,BGD,ANS,8502
2027149,34,250,1705,2009,91167.0,0.0,-1.371042,-0.9792120000000001,BRN,ANS,8502
2027150,42,250,1705,2009,399871.0,68962.0,-0.219521,-0.34239,CHL,ANS,8502
2027151,44,250,1705,2009,0.0,2201278.0,-0.924681,-0.801371,CIV,ANS,8502
2027152,49,250,1705,2009,208342.0,0.0,0.263416,0.38947,COL,ANS,8502
2027153,52,250,1705,2009,0.0,8807.0,-0.142465,-0.669277,CRI,ANS,8502
2027154,59,250,1705,2009,0.0,70158.0,1.6323159999999999,0.47257200000000005,CZE,ANS,8502
2027155,64,250,1705,2009,56973.0,0.0,1.242327,1.064709,DNK,ANS,8502
2027156,66,250,1705,2009,0.0,598592.0,-1.161786,-1.188669,DZA,ANS,8502
2027157,67,250,1705,2009,9548.0,0.0,-0.92724,-0.965628,ECU,ANS,8502
2027158,68,250,1705,2009,0.0,5488270.0,-0.20940300000000003,1.6466290000000001,EGY,ANS,8502
2027159,71,250,1705,2009,0.0,571551.0,0.9021020000000001,2.170578,ESP,ANS,8502
2027160,77,250,1705,2009,20840.0,84856.0,1.540346,0.090377,FRA,ANS,8502
2027161,90,250,1705,2009,296667.0,0.0,0.2196,1.63301,GRC,ANS,8502
2027162,104,250,1705,2009,50312.0,3045590.0,0.209867,2.254003,IND,ANS,8502
2027163,106,250,1705,2009,0.0,10464.0,1.627233,0.020024,IRL,ANS,8502
2027164,111,250,1705,2009,206214.0,0.0,1.289,0.64549,ITA,ANS,8502
2027165,113,250,1705,2009,6652344.0,0.0,0.21374899999999997,0.423774,JOR,ANS,8502
2027166,121,250,1705,2009,0.0,61559.0,1.509336,0.784515,KOR,ANS,8502
2027167,122,250,1705,2009,95141.0,0.0,-1.386993,-1.203527,KWT,ANS,8502
2027168,124,250,1705,2009,1440244.0,4619122.0,0.48618599999999995,1.4748620000000001,LBN,ANS,8502
2027169,126,250,1705,2009,0.0,18413720.0,-1.196032,-1.1829,LBY,ANS,8502
2027170,131,250,1705,2009,0.0,678162.0,1.323336,1.026341,LUX,ANS,8502
2027171,136,250,1705,2009,62111.0,54226.0,-1.0356610000000002,-0.198062,MDG,ANS,8502
2027172,144,250,1705,2009,0.0,180078.0,0.19963499999999998,-0.073107,MNE,ANS,8502
2027173,153,250,1705,2009,0.0,231716.0,0.8718229999999999,0.607429,MYS,ANS,8502
2027174,157,250,1705,2009,0.0,847954.0,-1.306036,-0.956361,NER,ANS,8502
2027175,162,250,1705,2009,139710.0,549356.0,1.1914850000000001,1.3076780000000001,NLD,ANS,8502
2027176,166,250,1705,2009,0.0,552624.0,0.38301999999999997,0.720644,NZL,ANS,8502
2027177,169,250,1705,2009,48040.0,0.0,0.629137,0.5894010000000001,PAN,ANS,8502
2027178,173,250,1705,2009,840281.0,0.0,-0.53304,0.221183,PER,ANS,8502
2027179,177,250,1705,2009,0.0,1230639.0,1.11055,1.069074,POL,ANS,8502
2027180,188,250,1705,2009,0.0,115943.0,0.300581,-0.813199,SAU,ANS,8502
2027181,192,250,1705,2009,4914045.0,216757.0,1.9503540000000001,0.498033,SGP,ANS,8502
2027182,206,250,1705,2009,0.0,1451898.0,1.231382,0.820968,SVK,ANS,8502
2027183,207,250,1705,2009,0.0,248677.0,1.548036,0.730396,SVN,ANS,8502
2027184,212,250,1705,2009,0.0,3989358.0,-0.48481199999999997,1.464509,SYR,ANS,8502
2027185,215,250,1705,2009,49667.0,0.0,-0.561619,-0.759929,TGO,ANS,8502
2027186,223,250,1705,2009,98991.0,0.0,0.044903,0.9126120000000001,TUN,ANS,8502
2027187,224,250,1705,2009,2612609.0,6250540.0,0.384596,2.3797610000000002,TUR,ANS,8502
2027188,230,250,1705,2009,257966.0,157780.0,0.260419,-0.171944,URY,ANS,8502
2027189,239,250,1705,2009,11500.0,202112.0,-0.27396,1.131199,VNM,ANS,8502
2027190,243,250,1705,2009,15792.0,1578131.0,-0.845426,-1.119091,YEM,ANS,8502
2027191,246,250,1705,2009,3687819.0,36392778.0,0.316452,1.767795,ZAF,ANS,8502
2027192,249,250,1705,2009,0.0,4587.0,1.5763120000000002,0.9567950000000001,TWN,ANS,8502
2027193,1,2,1705,2009,52335.0,0.0,-0.424354,-0.563383,AFG,AGO,8502
2027194,7,2,1705,2009,4416063.0,0.0,0.070059,-0.619075,ARE,AGO,8502
2027195,8,2,1705,2009,721189.0,0.0,0.27637,0.611129,ARG,AGO,8502
2027196,13,2,1705,2009,140893.0,0.0,0.930903,0.279441,ATG,AGO,8502
2027197,14,2,1705,2009,39455.0,0.0,-0.109286,0.13586900000000002,AUS,AGO,8502
2027198,18,2,1705,2009,755605.0,0.0,1.272011,1.074548,BEL,AGO,8502
2027199,32,2,1705,2009,7414124.0,0.0,0.35447199999999995,0.8522360000000001,BRA,AGO,8502
2027200,41,2,1705,2009,3061.0,0.0,2.124438,0.484861,CHE,AGO,8502
2027201,43,2,1705,2009,78885516.0,0.0,0.898623,2.08703,CHN,AGO,8502
2027202,47,2,1705,2009,291699.0,0.0,-1.466289,-1.201249,COG,AGO,8502
2027203,61,2,1705,2009,430189.0,0.0,2.056515,-3.034837,DEU,AGO,8502
2027204,64,2,1705,2009,15229.0,0.0,1.242327,1.064709,DNK,AGO,8502
2027205,71,2,1705,2009,9535612.0,0.0,0.9021020000000001,2.170578,ESP,AGO,8502
2027206,74,2,1705,2009,11284412.0,0.0,1.8206849999999999,0.797421,FIN,AGO,8502
2027207,77,2,1705,2009,5161510.0,0.0,1.540346,0.090377,FRA,AGO,8502
2027208,81,2,1705,2009,19749077.0,0.0,1.7921779999999998,0.41211499999999995,GBR,AGO,8502
2027209,89,2,1705,2009,133340.0,0.0,-1.426661,-0.9459870000000001,GNQ,AGO,8502
2027210,96,2,1705,2009,207628.0,0.0,-1.0557809999999999,-1.055825,GUY,AGO,8502
2027211,97,2,1705,2009,2369690.0,0.0,0.654964,1.98672,HKG,AGO,8502
2027212,103,2,1705,2009,9513.0,0.0,-0.253835,1.260101,IDN,AGO,8502
2027213,104,2,1705,2009,191911.0,0.0,0.209867,2.254003,IND,AGO,8502
2027214,106,2,1705,2009,65884.0,0.0,1.627233,0.020024,IRL,AGO,8502
2027215,110,2,1705,2009,609014.0,0.0,1.226438,0.816299,ISR,AGO,8502
2027216,111,2,1705,2009,10316337.0,0.0,1.289,0.64549,ITA,AGO,8502
2027217,114,2,1705,2009,2071540.0,0.0,2.306791,-0.251712,JPN,AGO,8502
2027218,121,2,1705,2009,244180.0,0.0,1.509336,0.784515,KOR,AGO,8502
2027219,122,2,1705,2009,1809.0,0.0,-1.386993,-1.203527,KWT,AGO,8502
2027220,124,2,1705,2009,8017450.0,0.0,0.48618599999999995,1.4748620000000001,LBN,AGO,8502
2027221,131,2,1705,2009,174.0,0.0,1.323336,1.026341,LUX,AGO,8502
2027222,153,2,1705,2009,9285.0,0.0,0.8718229999999999,0.607429,MYS,AGO,8502
2027223,155,2,1705,2009,6403520.0,0.0,-0.081207,-0.075292,NAM,AGO,8502
2027224,159,2,1705,2009,95409.0,22807670.0,-1.584051,-1.156247,NGA,AGO,8502
2027225,162,2,1705,2009,2612991.0,0.0,1.1914850000000001,1.3076780000000001,NLD,AGO,8502
2027226,171,2,1705,2009,240526.0,0.0,0.779567,-0.458002,PCN,AGO,8502
2027227,174,2,1705,2009,105656.0,0.0,0.34318000000000004,0.095375,PHL,AGO,8502
2027228,179,2,1705,2009,26981227.0,0.0,0.559189,2.4359919999999997,PRT,AGO,8502
2027229,186,2,1705,2009,22978.0,0.0,0.392478,-0.20038399999999998,RUS,AGO,8502
2027230,187,2,1705,2009,2865196.0,0.0,-0.31001599999999996,-0.5382170000000001,RWA,AGO,8502
2027231,192,2,1705,2009,1433892.0,0.0,1.9503540000000001,0.498033,SGP,AGO,8502
2027232,199,2,1705,2009,21789.0,0.0,-0.9824440000000001,-0.99467,SOM,AGO,8502
2027233,208,2,1705,2009,48444606.0,0.0,1.877821,0.336565,SWE,AGO,8502
2027234,212,2,1705,2009,377170.0,0.0,-0.48481199999999997,1.464509,SYR,AGO,8502
2027235,224,2,1705,2009,43987.0,0.0,0.384596,2.3797610000000002,TUR,AGO,8502
2027236,228,2,1705,2009,14217.0,0.0,0.602688,0.830247,UKR,AGO,8502
2027237,231,2,1705,2009,55838727.0,0.0,1.657663,-0.41411400000000004,USA,AGO,8502
2027238,239,2,1705,2009,44106.0,0.0,-0.27396,1.131199,VNM,AGO,8502
2027239,246,2,1705,2009,7194066.0,0.0,0.316452,1.767795,ZAF,AGO,8502
2027240,249,2,1705,2009,73246.0,0.0,1.5763120000000002,0.9567950000000001,TWN,AGO,8502
2027241,250,2,1705,2009,940718.0,0.0,0.582246,-0.10603,ANS,AGO,8502
2027242,2,7,1705,2009,0.0,4416063.0,-0.809438,-1.190006,AGO,ARE,8502
2027243,9,7,1705,2009,0.0,67206.0,0.24424899999999997,-0.30152399999999996,ARM,ARE,8502
2027244,14,7,1705,2009,337261.0,0.0,-0.109286,0.13586900000000002,AUS,ARE,8502
2027245,15,7,1705,2009,2471340.0,0.0,1.651325,-0.020794,AUT,ARE,8502
2027246,16,7,1705,2009,0.0,27156.0,-1.124423,-1.228081,AZE,ARE,8502
2027247,17,7,1705,2009,0.0,259422.0,-0.43971099999999996,-0.575079,BDI,ARE,8502
2027248,18,7,1705,2009,891406.0,0.0,1.272011,1.074548,BEL,ARE,8502
2027249,19,7,1705,2009,0.0,8348.0,-0.93195,-0.813017,BEN,ARE,8502
2027250,21,7,1705,2009,0.0,15911.0,-1.283807,-1.061272,BFA,ARE,8502
2027251,22,7,1705,2009,360357.0,501624.0,-1.030722,-0.860137,BGD,ARE,8502
2027252,23,7,1705,2009,0.0,16955.0,0.373594,1.571413,BGR,ARE,8502
2027253,24,7,1705,2009,4133134.0,17031.0,0.250645,-0.767742,BHR,ARE,8502
2027254,32,7,1705,2009,409939.0,0.0,0.35447199999999995,0.8522360000000001,BRA,ARE,8502
2027255,34,7,1705,2009,0.0,9171.0,-1.371042,-0.9792120000000001,BRN,ARE,8502
2027256,38,7,1705,2009,0.0,11245.0,-0.5777260000000001,-0.839981,CAF,ARE,8502
2027257,39,7,1705,2009,279528.0,0.0,0.6778069999999999,1.278402,CAN,ARE,8502
2027258,41,7,1705,2009,51022696.0,0.0,2.124438,0.484861,CHE,ARE,8502
2027259,43,7,1705,2009,121690585.0,0.0,0.898623,2.08703,CHN,ARE,8502
2027260,44,7,1705,2009,0.0,91190.0,-0.924681,-0.801371,CIV,ARE,8502
2027261,45,7,1705,2009,0.0,287227.0,-1.128734,-1.022546,CMR,ARE,8502
2027262,47,7,1705,2009,0.0,4203439.0,-1.466289,-1.201249,COG,ARE,8502
2027263,50,7,1705,2009,0.0,183165.0,0.080831,-0.7148760000000001,COM,ARE,8502
2027264,58,7,1705,2009,42863.0,13353.0,0.934193,0.657555,CYP,ARE,8502
2027265,61,7,1705,2009,7889859.0,774066.0,2.056515,-3.034837,DEU,ARE,8502
2027266,62,7,1705,2009,0.0,63683.0,0.062037,-0.596527,DJI,ARE,8502
2027267,64,7,1705,2009,1850.0,0.0,1.242327,1.064709,DNK,ARE,8502
2027268,66,7,1705,2009,0.0,374600.0,-1.161786,-1.188669,DZA,ARE,8502
2027269,68,7,1705,2009,0.0,219880.0,-0.20940300000000003,1.6466290000000001,EGY,ARE,8502
2027270,71,7,1705,2009,2988466.0,3761.0,0.9021020000000001,2.170578,ESP,ARE,8502
2027271,73,7,1705,2009,4111.0,147436.0,-0.967483,-0.8219,ETH,ARE,8502
2027272,74,7,1705,2009,16367400.0,0.0,1.8206849999999999,0.797421,FIN,ARE,8502
2027273,77,7,1705,2009,15209431.0,0.0,1.540346,0.090377,FRA,ARE,8502
2027274,80,7,1705,2009,0.0,762826.0,-1.197711,-1.147469,GAB,ARE,8502
2027275,81,7,1705,2009,200703396.0,38877.0,1.7921779999999998,0.41211499999999995,GBR,ARE,8502
2027276,82,7,1705,2009,0.0,109992.0,0.045952,-0.381822,GEO,ARE,8502
2027277,83,7,1705,2009,0.0,1392262.0,-0.909436,-0.6619470000000001,GHA,ARE,8502
2027278,87,7,1705,2009,0.0,112243.0,-0.573979,-0.644636,GMB,ARE,8502
2027279,90,7,1705,2009,20860.0,0.0,0.2196,1.63301,GRC,ARE,8502
2027280,97,7,1705,2009,159758.0,71212.0,0.654964,1.98672,HKG,ARE,8502
2027281,100,7,1705,2009,1811.0,0.0,0.740174,1.005258,HRV,ARE,8502
2027282,103,7,1705,2009,1181550.0,31958.0,-0.253835,1.260101,IDN,ARE,8502
2027283,104,7,1705,2009,11100347.0,45022.0,0.209867,2.254003,IND,ARE,8502
2027284,111,7,1705,2009,9755579.0,0.0,1.289,0.64549,ITA,ARE,8502
2027285,113,7,1705,2009,2279.0,0.0,0.21374899999999997,0.423774,JOR,ARE,8502
2027286,114,7,1705,2009,19982791.0,0.0,2.306791,-0.251712,JPN,ARE,8502
2027287,115,7,1705,2009,169363.0,48422.0,-0.6547970000000001,-0.772256,KAZ,ARE,8502
2027288,116,7,1705,2009,0.0,4795742.0,-0.26477399999999995,0.932587,KEN,ARE,8502
2027289,121,7,1705,2009,15776104.0,27970.0,1.509336,0.784515,KOR,ARE,8502
2027290,122,7,1705,2009,2184440.0,0.0,-1.386993,-1.203527,KWT,ARE,8502
2027291,124,7,1705,2009,10045466.0,0.0,0.48618599999999995,1.4748620000000001,LBN,ARE,8502
2027292,128,7,1705,2009,147009.0,123718.0,-0.653836,0.174403,LKA,ARE,8502
2027293,136,7,1705,2009,0.0,18704.0,-1.0356610000000002,-0.198062,MDG,ARE,8502
2027294,137,7,1705,2009,0.0,10498.0,-0.415182,-0.9298379999999999,MDV,ARE,8502
2027295,138,7,1705,2009,56650.0,0.0,1.061625,0.719234,MEX,ARE,8502
2027296,142,7,1705,2009,0.0,1132.0,1.233965,-0.016763,MLT,ARE,8502
2027297,147,7,1705,2009,0.0,25448.0,-1.0023090000000001,-0.844765,MOZ,ARE,8502
2027298,148,7,1705,2009,0.0,5623783.0,-1.761436,-1.2898479999999999,MRT,ARE,8502
2027299,152,7,1705,2009,0.0,75265.0,-1.571672,-1.244864,MWI,ARE,8502
2027300,153,7,1705,2009,486858.0,2741128.0,0.8718229999999999,0.607429,MYS,ARE,8502
2027301,154,7,1705,2009,0.0,60498.0,1.173729,-0.08655800000000001,MYT,ARE,8502
2027302,155,7,1705,2009,0.0,5442.0,-0.081207,-0.075292,NAM,ARE,8502
2027303,157,7,1705,2009,0.0,18850.0,-1.306036,-0.956361,NER,ARE,8502
2027304,159,7,1705,2009,0.0,5065504.0,-1.584051,-1.156247,NGA,ARE,8502
2027305,162,7,1705,2009,17997055.0,0.0,1.1914850000000001,1.3076780000000001,NLD,ARE,8502
2027306,163,7,1705,2009,1382436.0,40051.0,0.865455,0.082808,NOR,ARE,8502
2027307,164,7,1705,2009,0.0,27006.0,-0.324434,1.076908,NPL,ARE,8502
2027308,166,7,1705,2009,2122.0,1302.0,0.38301999999999997,0.720644,NZL,ARE,8502
2027309,167,7,1705,2009,4809089.0,15063359.0,-0.691918,-1.015434,OMN,ARE,8502
2027310,168,7,1705,2009,1062483.0,2140704.0,-0.514907,0.44733100000000003,PAK,ARE,8502
2027311,174,7,1705,2009,0.0,10097.0,0.34318000000000004,0.095375,PHL,ARE,8502
2027312,177,7,1705,2009,15380570.0,0.0,1.11055,1.069074,POL,ARE,8502
2027313,183,7,1705,2009,3695663.0,0.0,-0.484947,-1.07179,QAT,ARE,8502
2027314,185,7,1705,2009,14814.0,0.0,0.833802,1.024418,ROU,ARE,8502
2027315,186,7,1705,2009,4607.0,0.0,0.392478,-0.20038399999999998,RUS,ARE,8502
2027316,187,7,1705,2009,558893.0,2040690.0,-0.31001599999999996,-0.5382170000000001,RWA,ARE,8502
2027317,188,7,1705,2009,22818156.0,196591.0,0.300581,-0.813199,SAU,ARE,8502
2027318,190,7,1705,2009,0.0,913477.0,-2.2948020000000002,-1.3182040000000002,SDN,ARE,8502
2027319,191,7,1705,2009,0.0,170046.0,-0.53392,-0.415513,SEN,ARE,8502
2027320,192,7,1705,2009,18671069.0,87520.0,1.9503540000000001,0.498033,SGP,ARE,8502
2027321,208,7,1705,2009,33380.0,0.0,1.877821,0.336565,SWE,ARE,8502
2027322,209,7,1705,2009,0.0,18940.0,0.6420859999999999,0.060127999999999994,SWZ,ARE,8502
2027323,212,7,1705,2009,24792.0,9528.0,-0.48481199999999997,1.464509,SYR,ARE,8502
2027324,215,7,1705,2009,0.0,25254.0,-0.561619,-0.759929,TGO,ARE,8502
2027325,216,7,1705,2009,237085.0,204466.0,0.79692,1.315501,THA,ARE,8502
2027326,224,7,1705,2009,3971736.0,0.0,0.384596,2.3797610000000002,TUR,ARE,8502
2027327,226,7,1705,2009,16841173.0,3646798.0,-0.822897,0.644899,TZA,ARE,8502
2027328,227,7,1705,2009,79755.0,754299.0,-0.573707,-0.036203,UGA,ARE,8502
2027329,231,7,1705,2009,91066094.0,173387.0,1.657663,-0.41411400000000004,USA,ARE,8502
2027330,236,7,1705,2009,364302.0,0.0,-0.5847600000000001,-1.150334,VEN,ARE,8502
2027331,239,7,1705,2009,261635.0,0.0,-0.27396,1.131199,VNM,ARE,8502
2027332,243,7,1705,2009,0.0,248992.0,-0.845426,-1.119091,YEM,ARE,8502
2027333,246,7,1705,2009,5776301.0,37194.0,0.316452,1.767795,ZAF,ARE,8502
2027334,247,7,1705,2009,0.0,34330.0,-0.6423909999999999,-0.815315,ZMB,ARE,8502
2027335,248,7,1705,2009,0.0,902439.0,-0.686822,-0.683511,ZWE,ARE,8502
2027336,249,7,1705,2009,13491.0,0.0,1.5763120000000002,0.9567950000000001,TWN,ARE,8502
2027337,2,14,1705,2009,0.0,39455.0,-0.809438,-1.190006,AGO,AUS,8502
2027338,6,14,1705,2009,0.0,12418.0,0.351025,-0.699817,ANT,AUS,8502
2027339,7,14,1705,2009,0.0,337261.0,0.070059,-0.619075,ARE,AUS,8502
2027340,10,14,1705,2009,0.0,12580.0,0.989991,0.109608,ASM,AUS,8502
2027341,11,14,1705,2009,0.0,28145.0,2.014378,-0.596029,ATA,AUS,8502
2027342,15,14,1705,2009,4411647.0,0.0,1.651325,-0.020794,AUT,AUS,8502
2027343,18,14,1705,2009,2194092.0,0.0,1.272011,1.074548,BEL,AUS,8502
2027344,22,14,1705,2009,0.0,921806.0,-1.030722,-0.860137,BGD,AUS,8502
2027345,23,14,1705,2009,0.0,183849.0,0.373594,1.571413,BGR,AUS,8502
2027346,34,14,1705,2009,0.0,2317.0,-1.371042,-0.9792120000000001,BRN,AUS,8502
2027347,39,14,1705,2009,4355004.0,39018.0,0.6778069999999999,1.278402,CAN,AUS,8502
2027348,40,14,1705,2009,0.0,46018.0,0.973582,-0.5092479999999999,CCK,AUS,8502
2027349,41,14,1705,2009,39394761.0,0.0,2.124438,0.484861,CHE,AUS,8502
2027350,43,14,1705,2009,23854339.0,244488.0,0.898623,2.08703,CHN,AUS,8502
2027351,44,14,1705,2009,0.0,49057.0,-0.924681,-0.801371,CIV,AUS,8502
2027352,45,14,1705,2009,0.0,7830.0,-1.128734,-1.022546,CMR,AUS,8502
2027353,48,14,1705,2009,0.0,87012.0,0.291299,-0.477813,COK,AUS,8502
2027354,56,14,1705,2009,0.0,18509.0,0.883293,-0.597838,CXR,AUS,8502
2027355,59,14,1705,2009,2400942.0,0.0,1.6323159999999999,0.47257200000000005,CZE,AUS,8502
2027356,61,14,1705,2009,11827383.0,521224.0,2.056515,-3.034837,DEU,AUS,8502
2027357,64,14,1705,2009,74465719.0,719988.0,1.242327,1.064709,DNK,AUS,8502
2027358,68,14,1705,2009,0.0,12924.0,-0.20940300000000003,1.6466290000000001,EGY,AUS,8502
2027359,71,14,1705,2009,3383019.0,0.0,0.9021020000000001,2.170578,ESP,AUS,8502
2027360,74,14,1705,2009,41807.0,1158.0,1.8206849999999999,0.797421,FIN,AUS,8502
2027361,75,14,1705,2009,0.0,1046934.0,-0.785772,-0.305228,FJI,AUS,8502
2027362,77,14,1705,2009,4272075.0,752672.0,1.540346,0.090377,FRA,AUS,8502
2027363,79,14,1705,2009,0.0,19969.0,-1.011055,-0.983978,FSM,AUS,8502
2027364,81,14,1705,2009,30204891.0,454252.0,1.7921779999999998,0.41211499999999995,GBR,AUS,8502
2027365,83,14,1705,2009,0.0,30141.0,-0.909436,-0.6619470000000001,GHA,AUS,8502
2027366,97,14,1705,2009,81138.0,16455.0,0.654964,1.98672,HKG,AUS,8502
2027367,102,14,1705,2009,16097396.0,0.0,1.397765,0.772375,HUN,AUS,8502
2027368,103,14,1705,2009,1818884.0,721511.0,-0.253835,1.260101,IDN,AUS,8502
2027369,104,14,1705,2009,76603923.0,269491.0,0.209867,2.254003,IND,AUS,8502
2027370,106,14,1705,2009,4167.0,0.0,1.627233,0.020024,IRL,AUS,8502
2027371,110,14,1705,2009,62804.0,3898.0,1.226438,0.816299,ISR,AUS,8502
2027372,111,14,1705,2009,1547047.0,0.0,1.289,0.64549,ITA,AUS,8502
2027373,114,14,1705,2009,26902409.0,82014.0,2.306791,-0.251712,JPN,AUS,8502
2027374,115,14,1705,2009,0.0,1813.0,-0.6547970000000001,-0.772256,KAZ,AUS,8502
2027375,118,14,1705,2009,0.0,8898.0,-1.194288,-1.09924,KHM,AUS,8502
2027376,119,14,1705,2009,0.0,24372.0,-0.41403999999999996,-0.8960100000000001,KIR,AUS,8502
2027377,121,14,1705,2009,2716505.0,315986.0,1.509336,0.784515,KOR,AUS,8502
2027378,124,14,1705,2009,0.0,1539.0,0.48618599999999995,1.4748620000000001,LBN,AUS,8502
2027379,137,14,1705,2009,0.0,57677.0,-0.415182,-0.9298379999999999,MDV,AUS,8502
2027380,138,14,1705,2009,1273704.0,1648.0,1.061625,0.719234,MEX,AUS,8502
2027381,139,14,1705,2009,0.0,714838.0,-0.960635,-0.99724,MHL,AUS,8502
2027382,147,14,1705,2009,0.0,11385.0,-1.0023090000000001,-0.844765,MOZ,AUS,8502
2027383,151,14,1705,2009,0.0,3287.0,-0.198194,0.067014,MUS,AUS,8502
2027384,153,14,1705,2009,371818.0,594167.0,0.8718229999999999,0.607429,MYS,AUS,8502
2027385,156,14,1705,2009,499113.0,1216615.0,1.323528,0.523435,NCL,AUS,8502
2027386,158,14,1705,2009,0.0,65013.0,1.412664,-0.299607,NFK,AUS,8502
2027387,159,14,1705,2009,1434.0,523286.0,-1.584051,-1.156247,NGA,AUS,8502
2027388,162,14,1705,2009,2473950.0,153959.0,1.1914850000000001,1.3076780000000001,NLD,AUS,8502
2027389,164,14,1705,2009,0.0,130490.0,-0.324434,1.076908,NPL,AUS,8502
2027390,165,14,1705,2009,0.0,22295.0,0.721114,-0.581005,NRU,AUS,8502
2027391,166,14,1705,2009,165651.0,1560266.0,0.38301999999999997,0.720644,NZL,AUS,8502
2027392,167,14,1705,2009,0.0,7929.0,-0.691918,-1.015434,OMN,AUS,8502
2027393,168,14,1705,2009,0.0,1993063.0,-0.514907,0.44733100000000003,PAK,AUS,8502
2027394,174,14,1705,2009,0.0,53570.0,0.34318000000000004,0.095375,PHL,AUS,8502
2027395,176,14,1705,2009,79209.0,6827763.0,-1.90537,-1.2462030000000002,PNG,AUS,8502
2027396,177,14,1705,2009,2401978.0,0.0,1.11055,1.069074,POL,AUS,8502
2027397,182,14,1705,2009,0.0,168008.0,-0.440014,-0.835513,PYF,AUS,8502
2027398,183,14,1705,2009,6772.0,0.0,-0.484947,-1.07179,QAT,AUS,8502
2027399,188,14,1705,2009,0.0,101136.0,0.300581,-0.813199,SAU,AUS,8502
2027400,190,14,1705,2009,0.0,8880.0,-2.2948020000000002,-1.3182040000000002,SDN,AUS,8502
2027401,191,14,1705,2009,0.0,7219.0,-0.53392,-0.415513,SEN,AUS,8502
2027402,192,14,1705,2009,27983003.0,842503.0,1.9503540000000001,0.498033,SGP,AUS,8502
2027403,195,14,1705,2009,0.0,676804.0,-1.9380110000000002,-1.06035,SLB,AUS,8502
2027404,208,14,1705,2009,74996822.0,71493.0,1.877821,0.336565,SWE,AUS,8502
2027405,216,14,1705,2009,96330.0,77453.0,0.79692,1.315501,THA,AUS,8502
2027406,220,14,1705,2009,0.0,47988.0,0.317308,-0.8093199999999999,TLS,AUS,8502
2027407,221,14,1705,2009,0.0,30979.0,-0.439709,-0.7270939999999999,TON,AUS,8502
2027408,226,14,1705,2009,0.0,79347.0,-0.822897,0.644899,TZA,AUS,8502
2027409,227,14,1705,2009,0.0,5904.0,-0.573707,-0.036203,UGA,AUS,8502
2027410,231,14,1705,2009,52775292.0,1982806.0,1.657663,-0.41411400000000004,USA,AUS,8502
2027411,239,14,1705,2009,5432.0,509171.0,-0.27396,1.131199,VNM,AUS,8502
2027412,240,14,1705,2009,0.0,302832.0,-0.9398479999999999,-0.9635799999999999,VUT,AUS,8502
2027413,242,14,1705,2009,0.0,69071.0,1.3006149999999999,0.354537,WSM,AUS,8502
2027414,246,14,1705,2009,35508.0,2249890.0,0.316452,1.767795,ZAF,AUS,8502
2027415,249,14,1705,2009,111547.0,1723738.0,1.5763120000000002,0.9567950000000001,TWN,AUS,8502
2027416,7,16,1705,2009,27156.0,0.0,0.070059,-0.619075,ARE,AZE,8502
2027417,15,16,1705,2009,0.0,4351.0,1.651325,-0.020794,AUT,AZE,8502
2027418,18,16,1705,2009,24682.0,0.0,1.272011,1.074548,BEL,AZE,8502
2027419,28,16,1705,2009,27290.0,0.0,0.977663,0.549549,BLR,AZE,8502
2027420,43,16,1705,2009,4859105.0,0.0,0.898623,2.08703,CHN,AZE,8502
2027421,59,16,1705,2009,9926.0,0.0,1.6323159999999999,0.47257200000000005,CZE,AZE,8502
2027422,61,16,1705,2009,2340916.0,0.0,2.056515,-3.034837,DEU,AZE,8502
2027423,71,16,1705,2009,10532.0,0.0,0.9021020000000001,2.170578,ESP,AZE,8502
2027424,77,16,1705,2009,91334.0,0.0,1.540346,0.090377,FRA,AZE,8502
2027425,81,16,1705,2009,431080.0,0.0,1.7921779999999998,0.41211499999999995,GBR,AZE,8502
2027426,82,16,1705,2009,4718.0,57465.0,0.045952,-0.381822,GEO,AZE,8502
2027427,97,16,1705,2009,4872.0,0.0,0.654964,1.98672,HKG,AZE,8502
2027428,107,16,1705,2009,5002.0,0.0,-1.185702,-1.1049360000000001,IRN,AZE,8502
2027429,111,16,1705,2009,26239.0,0.0,1.289,0.64549,ITA,AZE,8502
2027430,114,16,1705,2009,71244.0,0.0,2.306791,-0.251712,JPN,AZE,8502
2027431,115,16,1705,2009,29911.0,28623.0,-0.6547970000000001,-0.772256,KAZ,AZE,8502
2027432,121,16,1705,2009,35420.0,0.0,1.509336,0.784515,KOR,AZE,8502
2027433,124,16,1705,2009,945431.0,0.0,0.48618599999999995,1.4748620000000001,LBN,AZE,8502
2027434,134,16,1705,2009,31459.0,0.0,-0.48819300000000004,0.173952,MAR,AZE,8502
2027435,162,16,1705,2009,1787173.0,0.0,1.1914850000000001,1.3076780000000001,NLD,AZE,8502
2027436,186,16,1705,2009,376224.0,476.0,0.392478,-0.20038399999999998,RUS,AZE,8502
2027437,192,16,1705,2009,0.0,373346.0,1.9503540000000001,0.498033,SGP,AZE,8502
2027438,201,16,1705,2009,8214.0,0.0,0.531766,1.477837,SRB,AZE,8502
2027439,224,16,1705,2009,13426683.0,2334.0,0.384596,2.3797610000000002,TUR,AZE,8502
2027440,228,16,1705,2009,3544334.0,0.0,0.602688,0.830247,UKR,AZE,8502
2027441,231,16,1705,2009,574547.0,0.0,1.657663,-0.41411400000000004,USA,AZE,8502
2027442,7,22,1705,2009,501624.0,360357.0,0.070059,-0.619075,ARE,BGD,8502
2027443,8,22,1705,2009,280158.0,0.0,0.27637,0.611129,ARG,BGD,8502
2027444,14,22,1705,2009,921806.0,0.0,-0.109286,0.13586900000000002,AUS,BGD,8502
2027445,15,22,1705,2009,40947061.0,0.0,1.651325,-0.020794,AUT,BGD,8502
2027446,18,22,1705,2009,9200.0,0.0,1.272011,1.074548,BEL,BGD,8502
2027447,32,22,1705,2009,6012.0,0.0,0.35447199999999995,0.8522360000000001,BRA,BGD,8502
2027448,39,22,1705,2009,339727.0,0.0,0.6778069999999999,1.278402,CAN,BGD,8502
2027449,43,22,1705,2009,20252390.0,177981.0,0.898623,2.08703,CHN,BGD,8502
2027450,44,22,1705,2009,142404.0,0.0,-0.924681,-0.801371,CIV,BGD,8502
2027451,61,22,1705,2009,35573266.0,0.0,2.056515,-3.034837,DEU,BGD,8502
2027452,64,22,1705,2009,2279.0,0.0,1.242327,1.064709,DNK,BGD,8502
2027453,68,22,1705,2009,14839.0,0.0,-0.20940300000000003,1.6466290000000001,EGY,BGD,8502
2027454,71,22,1705,2009,3402401.0,0.0,0.9021020000000001,2.170578,ESP,BGD,8502
2027455,74,22,1705,2009,3352607.0,0.0,1.8206849999999999,0.797421,FIN,BGD,8502
2027456,77,22,1705,2009,1283400.0,0.0,1.540346,0.090377,FRA,BGD,8502
2027457,80,22,1705,2009,166732.0,0.0,-1.197711,-1.147469,GAB,BGD,8502
2027458,81,22,1705,2009,6231349.0,0.0,1.7921779999999998,0.41211499999999995,GBR,BGD,8502
2027459,90,22,1705,2009,3693.0,0.0,0.2196,1.63301,GRC,BGD,8502
2027460,97,22,1705,2009,2177680.0,0.0,0.654964,1.98672,HKG,BGD,8502
2027461,100,22,1705,2009,3427.0,0.0,0.740174,1.005258,HRV,BGD,8502
2027462,103,22,1705,2009,4086861.0,0.0,-0.253835,1.260101,IDN,BGD,8502
2027463,104,22,1705,2009,2811014.0,99841.0,0.209867,2.254003,IND,BGD,8502
2027464,106,22,1705,2009,91307.0,0.0,1.627233,0.020024,IRL,BGD,8502
2027465,111,22,1705,2009,750133.0,11477.0,1.289,0.64549,ITA,BGD,8502
2027466,114,22,1705,2009,3415761.0,0.0,2.306791,-0.251712,JPN,BGD,8502
2027467,121,22,1705,2009,287250.0,0.0,1.509336,0.784515,KOR,BGD,8502
2027468,128,22,1705,2009,21679.0,0.0,-0.653836,0.174403,LKA,BGD,8502
2027469,138,22,1705,2009,161775.0,0.0,1.061625,0.719234,MEX,BGD,8502
2027470,139,22,1705,2009,5322.0,0.0,-0.960635,-0.99724,MHL,BGD,8502
2027471,153,22,1705,2009,306951.0,0.0,0.8718229999999999,0.607429,MYS,BGD,8502
2027472,162,22,1705,2009,1033133.0,0.0,1.1914850000000001,1.3076780000000001,NLD,BGD,8502
2027473,163,22,1705,2009,3293417.0,0.0,0.865455,0.082808,NOR,BGD,8502
2027474,168,22,1705,2009,22635.0,0.0,-0.514907,0.44733100000000003,PAK,BGD,8502
2027475,177,22,1705,2009,4304.0,0.0,1.11055,1.069074,POL,BGD,8502
2027476,185,22,1705,2009,3102.0,0.0,0.833802,1.024418,ROU,BGD,8502
2027477,186,22,1705,2009,2604.0,0.0,0.392478,-0.20038399999999998,RUS,BGD,8502
2027478,188,22,1705,2009,0.0,31709.0,0.300581,-0.813199,SAU,BGD,8502
2027479,190,22,1705,2009,0.0,92105.0,-2.2948020000000002,-1.3182040000000002,SDN,BGD,8502
2027480,192,22,1705,2009,33698959.0,1364796.0,1.9503540000000001,0.498033,SGP,BGD,8502
2027481,201,22,1705,2009,7070.0,0.0,0.531766,1.477837,SRB,BGD,8502
2027482,206,22,1705,2009,7618.0,0.0,1.231382,0.820968,SVK,BGD,8502
2027483,208,22,1705,2009,88027.0,0.0,1.877821,0.336565,SWE,BGD,8502
2027484,216,22,1705,2009,87223.0,0.0,0.79692,1.315501,THA,BGD,8502
2027485,224,22,1705,2009,790072.0,0.0,0.384596,2.3797610000000002,TUR,BGD,8502
2027486,228,22,1705,2009,255954.0,0.0,0.602688,0.830247,UKR,BGD,8502
2027487,230,22,1705,2009,52386.0,0.0,0.260419,-0.171944,URY,BGD,8502
2027488,231,22,1705,2009,19543888.0,0.0,1.657663,-0.41411400000000004,USA,BGD,8502
2027489,239,22,1705,2009,640580.0,38619.0,-0.27396,1.131199,VNM,BGD,8502
2027490,249,22,1705,2009,265172.0,0.0,1.5763120000000002,0.9567950000000001,TWN,BGD,8502
2027491,250,22,1705,2009,489980.0,204879.0,0.582246,-0.10603,ANS,BGD,8502
2027492,4,23,1705,2009,1245.0,2746.0,-0.41612200000000005,-0.256639,ALB,BGR,8502
2027493,7,23,1705,2009,16955.0,0.0,0.070059,-0.619075,ARE,BGR,8502
2027494,14,23,1705,2009,183849.0,0.0,-0.109286,0.13586900000000002,AUS,BGR,8502
2027495,15,23,1705,2009,236882.0,75318.0,1.651325,-0.020794,AUT,BGR,8502
2027496,18,23,1705,2009,78732.0,0.0,1.272011,1.074548,BEL,BGR,8502
2027497,28,23,1705,2009,2542.0,0.0,0.977663,0.549549,BLR,BGR,8502
2027498,41,23,1705,2009,2400.0,0.0,2.124438,0.484861,CHE,BGR,8502
2027499,43,23,1705,2009,898974.0,0.0,0.898623,2.08703,CHN,BGR,8502
2027500,59,23,1705,2009,936204.0,0.0,1.6323159999999999,0.47257200000000005,CZE,BGR,8502
2027501,61,23,1705,2009,3424927.0,46867.0,2.056515,-3.034837,DEU,BGR,8502
2027502,64,23,1705,2009,55842444.0,0.0,1.242327,1.064709,DNK,BGR,8502
2027503,71,23,1705,2009,37426646.0,0.0,0.9021020000000001,2.170578,ESP,BGR,8502
2027504,73,23,1705,2009,0.0,36935.0,-0.967483,-0.8219,ETH,BGR,8502
2027505,77,23,1705,2009,1240610.0,0.0,1.540346,0.090377,FRA,BGR,8502
2027506,81,23,1705,2009,1253800.0,0.0,1.7921779999999998,0.41211499999999995,GBR,BGR,8502
2027507,82,23,1705,2009,0.0,131793.0,0.045952,-0.381822,GEO,BGR,8502
2027508,90,23,1705,2009,407607.0,114251.0,0.2196,1.63301,GRC,BGR,8502
2027509,97,23,1705,2009,39281.0,0.0,0.654964,1.98672,HKG,BGR,8502
2027510,100,23,1705,2009,60077.0,11323.0,0.740174,1.005258,HRV,BGR,8502
2027511,104,23,1705,2009,533588.0,0.0,0.209867,2.254003,IND,BGR,8502
2027512,111,23,1705,2009,6344382.0,14328.0,1.289,0.64549,ITA,BGR,8502
2027513,114,23,1705,2009,2645280.0,0.0,2.306791,-0.251712,JPN,BGR,8502
2027514,115,23,1705,2009,0.0,300620.0,-0.6547970000000001,-0.772256,KAZ,BGR,8502
2027515,124,23,1705,2009,0.0,1776.0,0.48618599999999995,1.4748620000000001,LBN,BGR,8502
2027516,132,23,1705,2009,229689.0,0.0,0.675643,0.99977,LVA,BGR,8502
2027517,140,23,1705,2009,0.0,47500.0,-0.14890499999999998,0.405505,MKD,BGR,8502
2027518,162,23,1705,2009,41720.0,0.0,1.1914850000000001,1.3076780000000001,NLD,BGR,8502
2027519,177,23,1705,2009,1255156.0,0.0,1.11055,1.069074,POL,BGR,8502
2027520,185,23,1705,2009,268290.0,47477.0,0.833802,1.024418,ROU,BGR,8502
2027521,190,23,1705,2009,0.0,40857.0,-2.2948020000000002,-1.3182040000000002,SDN,BGR,8502
2027522,201,23,1705,2009,0.0,10199.0,0.531766,1.477837,SRB,BGR,8502
2027523,207,23,1705,2009,5286.0,7541.0,1.548036,0.730396,SVN,BGR,8502
2027524,208,23,1705,2009,18788.0,0.0,1.877821,0.336565,SWE,BGR,8502
2027525,224,23,1705,2009,1700116.0,13251.0,0.384596,2.3797610000000002,TUR,BGR,8502
2027526,231,23,1705,2009,150564.0,0.0,1.657663,-0.41411400000000004,USA,BGR,8502
2027527,239,23,1705,2009,15020106.0,0.0,-0.27396,1.131199,VNM,BGR,8502
2027528,7,24,1705,2009,17031.0,4133134.0,0.070059,-0.619075,ARE,BHR,8502
2027529,15,24,1705,2009,81326.0,0.0,1.651325,-0.020794,AUT,BHR,8502
2027530,32,24,1705,2009,709392.0,0.0,0.35447199999999995,0.8522360000000001,BRA,BHR,8502
2027531,39,24,1705,2009,8988.0,0.0,0.6778069999999999,1.278402,CAN,BHR,8502
2027532,43,24,1705,2009,1434236.0,0.0,0.898623,2.08703,CHN,BHR,8502
2027533,59,24,1705,2009,2570.0,0.0,1.6323159999999999,0.47257200000000005,CZE,BHR,8502
2027534,61,24,1705,2009,305209.0,108798.0,2.056515,-3.034837,DEU,BHR,8502
2027535,71,24,1705,2009,528315.0,0.0,0.9021020000000001,2.170578,ESP,BHR,8502
2027536,74,24,1705,2009,9099.0,0.0,1.8206849999999999,0.797421,FIN,BHR,8502
2027537,77,24,1705,2009,928269.0,447422.0,1.540346,0.090377,FRA,BHR,8502
2027538,81,24,1705,2009,638363.0,3694.0,1.7921779999999998,0.41211499999999995,GBR,BHR,8502
2027539,83,24,1705,2009,0.0,2097.0,-0.909436,-0.6619470000000001,GHA,BHR,8502
2027540,103,24,1705,2009,27538.0,0.0,-0.253835,1.260101,IDN,BHR,8502
2027541,104,24,1705,2009,160221.0,23487.0,0.209867,2.254003,IND,BHR,8502
2027542,111,24,1705,2009,317288.0,0.0,1.289,0.64549,ITA,BHR,8502
2027543,113,24,1705,2009,0.0,11378.0,0.21374899999999997,0.423774,JOR,BHR,8502
2027544,114,24,1705,2009,453118.0,0.0,2.306791,-0.251712,JPN,BHR,8502
2027545,121,24,1705,2009,2418086.0,0.0,1.509336,0.784515,KOR,BHR,8502
2027546,122,24,1705,2009,55598.0,1420326.0,-1.386993,-1.203527,KWT,BHR,8502
2027547,124,24,1705,2009,245181.0,0.0,0.48618599999999995,1.4748620000000001,LBN,BHR,8502
2027548,153,24,1705,2009,6777.0,0.0,0.8718229999999999,0.607429,MYS,BHR,8502
2027549,159,24,1705,2009,0.0,190455.0,-1.584051,-1.156247,NGA,BHR,8502
2027550,162,24,1705,2009,132318.0,0.0,1.1914850000000001,1.3076780000000001,NLD,BHR,8502
2027551,163,24,1705,2009,41966.0,0.0,0.865455,0.082808,NOR,BHR,8502
2027552,167,24,1705,2009,2394.0,940232.0,-0.691918,-1.015434,OMN,BHR,8502
2027553,168,24,1705,2009,0.0,33428.0,-0.514907,0.44733100000000003,PAK,BHR,8502
2027554,183,24,1705,2009,407461.0,1015149.0,-0.484947,-1.07179,QAT,BHR,8502
2027555,188,24,1705,2009,270427.0,1118898.0,0.300581,-0.813199,SAU,BHR,8502
2027556,192,24,1705,2009,8492.0,0.0,1.9503540000000001,0.498033,SGP,BHR,8502
2027557,201,24,1705,2009,79710.0,0.0,0.531766,1.477837,SRB,BHR,8502
2027558,224,24,1705,2009,84867.0,0.0,0.384596,2.3797610000000002,TUR,BHR,8502
2027559,231,24,1705,2009,7588970.0,191833.0,1.657663,-0.41411400000000004,USA,BHR,8502
2027560,246,24,1705,2009,194323.0,0.0,0.316452,1.767795,ZAF,BHR,8502
2027561,15,26,1705,2009,15996.0,6350.0,1.651325,-0.020794,AUT,BIH,8502
2027562,18,26,1705,2009,39685.0,0.0,1.272011,1.074548,BEL,BIH,8502
2027563,41,26,1705,2009,9338.0,0.0,2.124438,0.484861,CHE,BIH,8502
2027564,43,26,1705,2009,49950.0,0.0,0.898623,2.08703,CHN,BIH,8502
2027565,61,26,1705,2009,89659.0,7495.0,2.056515,-3.034837,DEU,BIH,8502
2027566,66,26,1705,2009,0.0,104761.0,-1.161786,-1.188669,DZA,BIH,8502
2027567,71,26,1705,2009,9148.0,0.0,0.9021020000000001,2.170578,ESP,BIH,8502
2027568,77,26,1705,2009,94807.0,0.0,1.540346,0.090377,FRA,BIH,8502
2027569,81,26,1705,2009,593523.0,0.0,1.7921779999999998,0.41211499999999995,GBR,BIH,8502
2027570,100,26,1705,2009,179849.0,70199.0,0.740174,1.005258,HRV,BIH,8502
2027571,103,26,1705,2009,134.0,0.0,-0.253835,1.260101,IDN,BIH,8502
2027572,111,26,1705,2009,371313.0,0.0,1.289,0.64549,ITA,BIH,8502
2027573,144,26,1705,2009,6803.0,107770.0,0.19963499999999998,-0.073107,MNE,BIH,8502
2027574,162,26,1705,2009,25384.0,0.0,1.1914850000000001,1.3076780000000001,NLD,BIH,8502
2027575,177,26,1705,2009,1000.0,0.0,1.11055,1.069074,POL,BIH,8502
2027576,201,26,1705,2009,122791.0,27948.0,0.531766,1.477837,SRB,BIH,8502
2027577,206,26,1705,2009,32714.0,0.0,1.231382,0.820968,SVK,BIH,8502
2027578,207,26,1705,2009,637185.0,34978.0,1.548036,0.730396,SVN,BIH,8502
2027579,208,26,1705,2009,30019.0,0.0,1.877821,0.336565,SWE,BIH,8502
2027580,224,26,1705,2009,23914.0,0.0,0.384596,2.3797610000000002,TUR,BIH,8502
2027581,226,26,1705,2009,0.0,4373.0,-0.822897,0.644899,TZA,BIH,8502
2027582,231,26,1705,2009,103710.0,0.0,1.657663,-0.41411400000000004,USA,BIH,8502
2027583,15,28,1705,2009,13402954.0,0.0,1.651325,-0.020794,AUT,BLR,8502
2027584,16,28,1705,2009,0.0,27290.0,-1.124423,-1.228081,AZE,BLR,8502
2027585,18,28,1705,2009,79349.0,0.0,1.272011,1.074548,BEL,BLR,8502
2027586,23,28,1705,2009,0.0,2542.0,0.373594,1.571413,BGR,BLR,8502
2027587,41,28,1705,2009,950.0,0.0,2.124438,0.484861,CHE,BLR,8502
2027588,43,28,1705,2009,173615.0,0.0,0.898623,2.08703,CHN,BLR,8502
2027589,59,28,1705,2009,2060718.0,0.0,1.6323159999999999,0.47257200000000005,CZE,BLR,8502
2027590,61,28,1705,2009,1906656.0,0.0,2.056515,-3.034837,DEU,BLR,8502
2027591,64,28,1705,2009,71602.0,0.0,1.242327,1.064709,DNK,BLR,8502
2027592,71,28,1705,2009,47394.0,0.0,0.9021020000000001,2.170578,ESP,BLR,8502
2027593,72,28,1705,2009,3791928.0,1435.0,0.749058,1.269572,EST,BLR,8502
2027594,77,28,1705,2009,327384.0,0.0,1.540346,0.090377,FRA,BLR,8502
2027595,81,28,1705,2009,393585.0,0.0,1.7921779999999998,0.41211499999999995,GBR,BLR,8502
2027596,102,28,1705,2009,1924364.0,0.0,1.397765,0.772375,HUN,BLR,8502
2027597,111,28,1705,2009,101068.0,0.0,1.289,0.64549,ITA,BLR,8502
2027598,114,28,1705,2009,38226.0,0.0,2.306791,-0.251712,JPN,BLR,8502
2027599,115,28,1705,2009,0.0,7700.0,-0.6547970000000001,-0.772256,KAZ,BLR,8502
2027600,130,28,1705,2009,885845.0,0.0,0.647736,1.150962,LTU,BLR,8502
2027601,132,28,1705,2009,20275.0,0.0,0.675643,0.99977,LVA,BLR,8502
2027602,162,28,1705,2009,94923.0,0.0,1.1914850000000001,1.3076780000000001,NLD,BLR,8502
2027603,177,28,1705,2009,1127188.0,1364.0,1.11055,1.069074,POL,BLR,8502
2027604,185,28,1705,2009,155758.0,0.0,0.833802,1.024418,ROU,BLR,8502
2027605,186,28,1705,2009,6197334.0,136424.0,0.392478,-0.20038399999999998,RUS,BLR,8502
2027606,206,28,1705,2009,1695565.0,0.0,1.231382,0.820968,SVK,BLR,8502
2027607,208,28,1705,2009,9018186.0,0.0,1.877821,0.336565,SWE,BLR,8502
2027608,212,28,1705,2009,0.0,21518.0,-0.48481199999999997,1.464509,SYR,BLR,8502
2027609,224,28,1705,2009,446540.0,0.0,0.384596,2.3797610000000002,TUR,BLR,8502
2027610,228,28,1705,2009,7374027.0,41783.0,0.602688,0.830247,UKR,BLR,8502
2027611,231,28,1705,2009,1054163.0,0.0,1.657663,-0.41411400000000004,USA,BLR,8502
2027612,8,31,1705,2009,2238975.0,0.0,0.27637,0.611129,ARG,BOL,8502
2027613,32,31,1705,2009,556587.0,0.0,0.35447199999999995,0.8522360000000001,BRA,BOL,8502
2027614,39,31,1705,2009,30452.0,0.0,0.6778069999999999,1.278402,CAN,BOL,8502
2027615,42,31,1705,2009,844168.0,0.0,-0.219521,-0.34239,CHL,BOL,8502
2027616,43,31,1705,2009,310843.0,0.0,0.898623,2.08703,CHN,BOL,8502
2027617,61,31,1705,2009,11785.0,0.0,2.056515,-3.034837,DEU,BOL,8502
2027618,71,31,1705,2009,241064.0,0.0,0.9021020000000001,2.170578,ESP,BOL,8502
2027619,77,31,1705,2009,105480.0,0.0,1.540346,0.090377,FRA,BOL,8502
2027620,81,31,1705,2009,568861.0,0.0,1.7921779999999998,0.41211499999999995,GBR,BOL,8502
2027621,104,31,1705,2009,20151.0,0.0,0.209867,2.254003,IND,BOL,8502
2027622,106,31,1705,2009,73824.0,0.0,1.627233,0.020024,IRL,BOL,8502
2027623,114,31,1705,2009,26567.0,0.0,2.306791,-0.251712,JPN,BOL,8502
2027624,138,31,1705,2009,10050.0,0.0,1.061625,0.719234,MEX,BOL,8502
2027625,162,31,1705,2009,6804.0,0.0,1.1914850000000001,1.3076780000000001,NLD,BOL,8502
2027626,173,31,1705,2009,1428.0,0.0,-0.53304,0.221183,PER,BOL,8502
2027627,180,31,1705,2009,73969.0,0.0,-0.564858,-0.941735,PRY,BOL,8502
2027628,208,31,1705,2009,31146366.0,0.0,1.877821,0.336565,SWE,BOL,8502
2027629,231,31,1705,2009,5366299.0,0.0,1.657663,-0.41411400000000004,USA,BOL,8502
2027630,246,31,1705,2009,69926.0,0.0,0.316452,1.767795,ZAF,BOL,8502
2027631,249,31,1705,2009,2763.0,0.0,1.5763120000000002,0.9567950000000001,TWN,BOL,8502
2027632,18,54,1705,2009,1707.0,0.0,1.272011,1.074548,BEL,CUB,8502
2027633,32,54,1705,2009,2837278.0,0.0,0.35447199999999995,0.8522360000000001,BRA,CUB,8502
2027634,39,54,1705,2009,20300.0,0.0,0.6778069999999999,1.278402,CAN,CUB,8502
2027635,42,54,1705,2009,11107.0,0.0,-0.219521,-0.34239,CHL,CUB,8502
2027636,49,54,1705,2009,7677.0,0.0,0.263416,0.38947,COL,CUB,8502
2027637,61,54,1705,2009,3552858.0,0.0,2.056515,-3.034837,DEU,CUB,8502
2027638,71,54,1705,2009,8135333.0,0.0,0.9021020000000001,2.170578,ESP,CUB,8502
2027639,114,54,1705,2009,3946913.0,0.0,2.306791,-0.251712,JPN,CUB,8502
2027640,138,54,1705,2009,540692.0,0.0,1.061625,0.719234,MEX,CUB,8502
2027641,169,54,1705,2009,101021.0,0.0,0.629137,0.5894010000000001,PAN,CUB,8502
2027642,179,54,1705,2009,87933.0,0.0,0.559189,2.4359919999999997,PRT,CUB,8502
2027643,186,54,1705,2009,654589.0,0.0,0.392478,-0.20038399999999998,RUS,CUB,8502
2027644,208,54,1705,2009,1711.0,0.0,1.877821,0.336565,SWE,CUB,8502
2027645,228,54,1705,2009,113560.0,0.0,0.602688,0.830247,UKR,CUB,8502
2027646,236,54,1705,2009,0.0,259504.0,-0.5847600000000001,-1.150334,VEN,CUB,8502
2027647,7,58,1705,2009,13353.0,42863.0,0.070059,-0.619075,ARE,CYP,8502
2027648,15,58,1705,2009,899137.0,0.0,1.651325,-0.020794,AUT,CYP,8502
2027649,18,58,1705,2009,215048.0,0.0,1.272011,1.074548,BEL,CYP,8502
2027650,43,58,1705,2009,716243.0,0.0,0.898623,2.08703,CHN,CYP,8502
2027651,59,58,1705,2009,21924.0,0.0,1.6323159999999999,0.47257200000000005,CZE,CYP,8502
2027652,61,58,1705,2009,40988.0,62563.0,2.056515,-3.034837,DEU,CYP,8502
2027653,64,58,1705,2009,18774568.0,0.0,1.242327,1.064709,DNK,CYP,8502
2027654,68,58,1705,2009,0.0,11911.0,-0.20940300000000003,1.6466290000000001,EGY,CYP,8502
2027655,71,58,1705,2009,726962.0,0.0,0.9021020000000001,2.170578,ESP,CYP,8502
2027656,77,58,1705,2009,2392512.0,0.0,1.540346,0.090377,FRA,CYP,8502
2027657,81,58,1705,2009,1944725.0,5695.0,1.7921779999999998,0.41211499999999995,GBR,CYP,8502
2027658,83,58,1705,2009,0.0,7276.0,-0.909436,-0.6619470000000001,GHA,CYP,8502
2027659,90,58,1705,2009,207041.0,11269167.0,0.2196,1.63301,GRC,CYP,8502
2027660,102,58,1705,2009,68738.0,0.0,1.397765,0.772375,HUN,CYP,8502
2027661,106,58,1705,2009,96841.0,0.0,1.627233,0.020024,IRL,CYP,8502
2027662,110,58,1705,2009,605.0,62877.0,1.226438,0.816299,ISR,CYP,8502
2027663,111,58,1705,2009,7107406.0,0.0,1.289,0.64549,ITA,CYP,8502
2027664,114,58,1705,2009,30396818.0,0.0,2.306791,-0.251712,JPN,CYP,8502
2027665,121,58,1705,2009,10184.0,0.0,1.509336,0.784515,KOR,CYP,8502
2027666,124,58,1705,2009,126684.0,7525.0,0.48618599999999995,1.4748620000000001,LBN,CYP,8502
2027667,126,58,1705,2009,0.0,125225.0,-1.196032,-1.1829,LBY,CYP,8502
2027668,159,58,1705,2009,0.0,3721.0,-1.584051,-1.156247,NGA,CYP,8502
2027669,162,58,1705,2009,18256.0,0.0,1.1914850000000001,1.3076780000000001,NLD,CYP,8502
2027670,168,58,1705,2009,0.0,5658.0,-0.514907,0.44733100000000003,PAK,CYP,8502
2027671,187,58,1705,2009,0.0,334294.0,-0.31001599999999996,-0.5382170000000001,RWA,CYP,8502
2027672,190,58,1705,2009,0.0,18987.0,-2.2948020000000002,-1.3182040000000002,SDN,CYP,8502
2027673,206,58,1705,2009,0.0,7756.0,1.231382,0.820968,SVK,CYP,8502
2027674,208,58,1705,2009,1759.0,0.0,1.877821,0.336565,SWE,CYP,8502
2027675,212,58,1705,2009,0.0,32313.0,-0.48481199999999997,1.464509,SYR,CYP,8502
2027676,216,58,1705,2009,18305.0,0.0,0.79692,1.315501,THA,CYP,8502
2027677,224,58,1705,2009,2459768.0,2604.0,0.384596,2.3797610000000002,TUR,CYP,8502
2027678,231,58,1705,2009,96959.0,0.0,1.657663,-0.41411400000000004,USA,CYP,8502
2027679,1,59,1705,2009,0.0,200773.0,-0.424354,-0.563383,AFG,CZE,8502
2027680,9,59,1705,2009,0.0,112417.0,0.24424899999999997,-0.30152399999999996,ARM,CZE,8502
2027681,14,59,1705,2009,0.0,2400942.0,-0.109286,0.13586900000000002,AUS,CZE,8502
2027682,15,59,1705,2009,1650446.0,4885207.0,1.651325,-0.020794,AUT,CZE,8502
2027683,16,59,1705,2009,0.0,9926.0,-1.124423,-1.228081,AZE,CZE,8502
2027684,18,59,1705,2009,1472686.0,707682.0,1.272011,1.074548,BEL,CZE,8502
2027685,23,59,1705,2009,0.0,936204.0,0.373594,1.571413,BGR,CZE,8502
2027686,24,59,1705,2009,0.0,2570.0,0.250645,-0.767742,BHR,CZE,8502
2027687,28,59,1705,2009,0.0,2060718.0,0.977663,0.549549,BLR,CZE,8502
2027688,39,59,1705,2009,0.0,2773872.0,0.6778069999999999,1.278402,CAN,CZE,8502
2027689,41,59,1705,2009,69827.0,2139031.0,2.124438,0.484861,CHE,CZE,8502
2027690,43,59,1705,2009,567525.0,45351.0,0.898623,2.08703,CHN,CZE,8502
2027691,44,59,1705,2009,0.0,841126.0,-0.924681,-0.801371,CIV,CZE,8502
2027692,58,59,1705,2009,0.0,21924.0,0.934193,0.657555,CYP,CZE,8502
2027693,61,59,1705,2009,20125121.0,5691267.0,2.056515,-3.034837,DEU,CZE,8502
2027694,64,59,1705,2009,4286282.0,15807.0,1.242327,1.064709,DNK,CZE,8502
2027695,66,59,1705,2009,0.0,350030.0,-1.161786,-1.188669,DZA,CZE,8502
2027696,68,59,1705,2009,0.0,17899.0,-0.20940300000000003,1.6466290000000001,EGY,CZE,8502
2027697,71,59,1705,2009,1136477.0,90072.0,0.9021020000000001,2.170578,ESP,CZE,8502
2027698,74,59,1705,2009,977483.0,80817.0,1.8206849999999999,0.797421,FIN,CZE,8502
2027699,77,59,1705,2009,1426667.0,1623866.0,1.540346,0.090377,FRA,CZE,8502
2027700,81,59,1705,2009,3055565.0,6328880.0,1.7921779999999998,0.41211499999999995,GBR,CZE,8502
2027701,82,59,1705,2009,0.0,3354.0,0.045952,-0.381822,GEO,CZE,8502
2027702,90,59,1705,2009,66089.0,13401.0,0.2196,1.63301,GRC,CZE,8502
2027703,97,59,1705,2009,110362.0,0.0,0.654964,1.98672,HKG,CZE,8502
2027704,100,59,1705,2009,0.0,8403230.0,0.740174,1.005258,HRV,CZE,8502
2027705,102,59,1705,2009,104842.0,9109190.0,1.397765,0.772375,HUN,CZE,8502
2027706,103,59,1705,2009,0.0,250365.0,-0.253835,1.260101,IDN,CZE,8502
2027707,104,59,1705,2009,0.0,15826.0,0.209867,2.254003,IND,CZE,8502
2027708,106,59,1705,2009,15899.0,2705090.0,1.627233,0.020024,IRL,CZE,8502
2027709,107,59,1705,2009,0.0,38953.0,-1.185702,-1.1049360000000001,IRN,CZE,8502
2027710,108,59,1705,2009,0.0,15346310.0,-1.1683270000000001,-0.9517459999999999,IRQ,CZE,8502
2027711,109,59,1705,2009,76233.0,0.0,0.21713200000000002,-0.371812,ISL,CZE,8502
2027712,110,59,1705,2009,0.0,79606.0,1.226438,0.816299,ISR,CZE,8502
2027713,111,59,1705,2009,1093655.0,4085758.0,1.289,0.64549,ITA,CZE,8502
2027714,113,59,1705,2009,0.0,3420.0,0.21374899999999997,0.423774,JOR,CZE,8502
2027715,114,59,1705,2009,136683.0,0.0,2.306791,-0.251712,JPN,CZE,8502
2027716,115,59,1705,2009,0.0,982844.0,-0.6547970000000001,-0.772256,KAZ,CZE,8502
2027717,118,59,1705,2009,0.0,338951.0,-1.194288,-1.09924,KHM,CZE,8502
2027718,121,59,1705,2009,0.0,6642452.0,1.509336,0.784515,KOR,CZE,8502
2027719,130,59,1705,2009,0.0,380048.0,0.647736,1.150962,LTU,CZE,8502
2027720,132,59,1705,2009,0.0,2610177.0,0.675643,0.99977,LVA,CZE,8502
2027721,136,59,1705,2009,3708512.0,213594.0,-1.0356610000000002,-0.198062,MDG,CZE,8502
2027722,138,59,1705,2009,0.0,6144154.0,1.061625,0.719234,MEX,CZE,8502
2027723,140,59,1705,2009,0.0,27064.0,-0.14890499999999998,0.405505,MKD,CZE,8502
2027724,151,59,1705,2009,0.0,6088.0,-0.198194,0.067014,MUS,CZE,8502
2027725,162,59,1705,2009,110764.0,4886672.0,1.1914850000000001,1.3076780000000001,NLD,CZE,8502
2027726,163,59,1705,2009,25416.0,30059.0,0.865455,0.082808,NOR,CZE,8502
2027727,166,59,1705,2009,0.0,4557036.0,0.38301999999999997,0.720644,NZL,CZE,8502
2027728,168,59,1705,2009,0.0,2920882.0,-0.514907,0.44733100000000003,PAK,CZE,8502
2027729,177,59,1705,2009,166745.0,19644463.0,1.11055,1.069074,POL,CZE,8502
2027730,179,59,1705,2009,0.0,7371058.0,0.559189,2.4359919999999997,PRT,CZE,8502
2027731,183,59,1705,2009,0.0,5377642.0,-0.484947,-1.07179,QAT,CZE,8502
2027732,185,59,1705,2009,1292.0,63411.0,0.833802,1.024418,ROU,CZE,8502
2027733,186,59,1705,2009,39786.0,39265083.0,0.392478,-0.20038399999999998,RUS,CZE,8502
2027734,188,59,1705,2009,0.0,136340.0,0.300581,-0.813199,SAU,CZE,8502
2027735,192,59,1705,2009,0.0,318624.0,1.9503540000000001,0.498033,SGP,CZE,8502
2027736,201,59,1705,2009,0.0,135025.0,0.531766,1.477837,SRB,CZE,8502
2027737,206,59,1705,2009,1756585.0,2526226.0,1.231382,0.820968,SVK,CZE,8502
2027738,207,59,1705,2009,2230.0,2773.0,1.548036,0.730396,SVN,CZE,8502
2027739,208,59,1705,2009,15526.0,9520.0,1.877821,0.336565,SWE,CZE,8502
2027740,216,59,1705,2009,44386.0,198627.0,0.79692,1.315501,THA,CZE,8502
2027741,224,59,1705,2009,418225.0,5721217.0,0.384596,2.3797610000000002,TUR,CZE,8502
2027742,226,59,1705,2009,0.0,1555052.0,-0.822897,0.644899,TZA,CZE,8502
2027743,228,59,1705,2009,104902.0,3693830.0,0.602688,0.830247,UKR,CZE,8502
2027744,231,59,1705,2009,1813194.0,23649682.0,1.657663,-0.41411400000000004,USA,CZE,8502
2027745,239,59,1705,2009,0.0,4235.0,-0.27396,1.131199,VNM,CZE,8502
2027746,250,59,1705,2009,70158.0,0.0,0.582246,-0.10603,ANS,CZE,8502
2027747,7,66,1705,2009,374600.0,0.0,0.070059,-0.619075,ARE,DZA,8502
2027748,15,66,1705,2009,858692.0,0.0,1.651325,-0.020794,AUT,DZA,8502
2027749,18,66,1705,2009,4657188.0,0.0,1.272011,1.074548,BEL,DZA,8502
2027750,26,66,1705,2009,104761.0,0.0,0.519113,0.762582,BIH,DZA,8502
2027751,32,66,1705,2009,48640.0,0.0,0.35447199999999995,0.8522360000000001,BRA,DZA,8502
2027752,39,66,1705,2009,701067.0,0.0,0.6778069999999999,1.278402,CAN,DZA,8502
2027753,41,66,1705,2009,3924197.0,0.0,2.124438,0.484861,CHE,DZA,8502
2027754,43,66,1705,2009,11430814.0,0.0,0.898623,2.08703,CHN,DZA,8502
2027755,59,66,1705,2009,350030.0,0.0,1.6323159999999999,0.47257200000000005,CZE,DZA,8502
2027756,61,66,1705,2009,11722431.0,0.0,2.056515,-3.034837,DEU,DZA,8502
2027757,64,66,1705,2009,1451.0,0.0,1.242327,1.064709,DNK,DZA,8502
2027758,68,66,1705,2009,275602.0,0.0,-0.20940300000000003,1.6466290000000001,EGY,DZA,8502
2027759,71,66,1705,2009,15183043.0,3794.0,0.9021020000000001,2.170578,ESP,DZA,8502
2027760,74,66,1705,2009,3108.0,0.0,1.8206849999999999,0.797421,FIN,DZA,8502
2027761,77,66,1705,2009,27418470.0,127790.0,1.540346,0.090377,FRA,DZA,8502
2027762,81,66,1705,2009,6325990.0,0.0,1.7921779999999998,0.41211499999999995,GBR,DZA,8502
2027763,85,66,1705,2009,0.0,23161.0,-1.618121,-1.2200520000000001,GIN,DZA,8502
2027764,102,66,1705,2009,9055.0,0.0,1.397765,0.772375,HUN,DZA,8502
2027765,104,66,1705,2009,1706705.0,0.0,0.209867,2.254003,IND,DZA,8502
2027766,106,66,1705,2009,1188504.0,0.0,1.627233,0.020024,IRL,DZA,8502
2027767,111,66,1705,2009,31391721.0,60660.0,1.289,0.64549,ITA,DZA,8502
2027768,114,66,1705,2009,4247010.0,0.0,2.306791,-0.251712,JPN,DZA,8502
2027769,121,66,1705,2009,642931.0,0.0,1.509336,0.784515,KOR,DZA,8502
2027770,124,66,1705,2009,4848012.0,0.0,0.48618599999999995,1.4748620000000001,LBN,DZA,8502
2027771,131,66,1705,2009,178715.0,0.0,1.323336,1.026341,LUX,DZA,8502
2027772,134,66,1705,2009,0.0,878893.0,-0.48819300000000004,0.173952,MAR,DZA,8502
2027773,153,66,1705,2009,3980.0,0.0,0.8718229999999999,0.607429,MYS,DZA,8502
2027774,157,66,1705,2009,0.0,129821.0,-1.306036,-0.956361,NER,DZA,8502
2027775,159,66,1705,2009,0.0,2936.0,-1.584051,-1.156247,NGA,DZA,8502
2027776,162,66,1705,2009,340747.0,0.0,1.1914850000000001,1.3076780000000001,NLD,DZA,8502
2027777,166,66,1705,2009,399202.0,0.0,0.38301999999999997,0.720644,NZL,DZA,8502
2027778,168,66,1705,2009,0.0,1706.0,-0.514907,0.44733100000000003,PAK,DZA,8502
2027779,178,66,1705,2009,12661.0,0.0,0.608089,0.709831,PRK,DZA,8502
2027780,179,66,1705,2009,176901.0,0.0,0.559189,2.4359919999999997,PRT,DZA,8502
2027781,183,66,1705,2009,70480.0,0.0,-0.484947,-1.07179,QAT,DZA,8502
2027782,188,66,1705,2009,661250.0,0.0,0.300581,-0.813199,SAU,DZA,8502
2027783,192,66,1705,2009,282438.0,0.0,1.9503540000000001,0.498033,SGP,DZA,8502
2027784,206,66,1705,2009,2286.0,0.0,1.231382,0.820968,SVK,DZA,8502
2027785,208,66,1705,2009,28663781.0,0.0,1.877821,0.336565,SWE,DZA,8502
2027786,212,66,1705,2009,48774.0,0.0,-0.48481199999999997,1.464509,SYR,DZA,8502
2027787,223,66,1705,2009,211573.0,23943.0,0.044903,0.9126120000000001,TUN,DZA,8502
2027788,224,66,1705,2009,5557496.0,0.0,0.384596,2.3797610000000002,TUR,DZA,8502
2027789,231,66,1705,2009,7528477.0,0.0,1.657663,-0.41411400000000004,USA,DZA,8502
2027790,249,66,1705,2009,4934.0,0.0,1.5763120000000002,0.9567950000000001,TWN,DZA,8502
2027791,250,66,1705,2009,598592.0,0.0,0.582246,-0.10603,ANS,DZA,8502
2027792,7,68,1705,2009,219880.0,0.0,0.070059,-0.619075,ARE,EGY,8502
2027793,14,68,1705,2009,12924.0,0.0,-0.109286,0.13586900000000002,AUS,EGY,8502
2027794,15,68,1705,2009,2115.0,0.0,1.651325,-0.020794,AUT,EGY,8502
2027795,18,68,1705,2009,630255.0,0.0,1.272011,1.074548,BEL,EGY,8502
2027796,22,68,1705,2009,0.0,14839.0,-1.030722,-0.860137,BGD,EGY,8502
2027797,32,68,1705,2009,13971274.0,0.0,0.35447199999999995,0.8522360000000001,BRA,EGY,8502
2027798,38,68,1705,2009,0.0,23793.0,-0.5777260000000001,-0.839981,CAF,EGY,8502
2027799,39,68,1705,2009,86835.0,0.0,0.6778069999999999,1.278402,CAN,EGY,8502
2027800,41,68,1705,2009,423292.0,0.0,2.124438,0.484861,CHE,EGY,8502
2027801,43,68,1705,2009,11354688.0,0.0,0.898623,2.08703,CHN,EGY,8502
2027802,44,68,1705,2009,0.0,35176.0,-0.924681,-0.801371,CIV,EGY,8502
2027803,47,68,1705,2009,0.0,29860.0,-1.466289,-1.201249,COG,EGY,8502
2027804,58,68,1705,2009,11911.0,0.0,0.934193,0.657555,CYP,EGY,8502
2027805,59,68,1705,2009,17899.0,0.0,1.6323159999999999,0.47257200000000005,CZE,EGY,8502
2027806,61,68,1705,2009,2692858.0,0.0,2.056515,-3.034837,DEU,EGY,8502
2027807,64,68,1705,2009,1509.0,0.0,1.242327,1.064709,DNK,EGY,8502
2027808,66,68,1705,2009,0.0,275602.0,-1.161786,-1.188669,DZA,EGY,8502
2027809,71,68,1705,2009,70247357.0,0.0,0.9021020000000001,2.170578,ESP,EGY,8502
2027810,72,68,1705,2009,2847.0,0.0,0.749058,1.269572,EST,EGY,8502
2027811,77,68,1705,2009,6403262.0,0.0,1.540346,0.090377,FRA,EGY,8502
2027812,81,68,1705,2009,32290912.0,386714.0,1.7921779999999998,0.41211499999999995,GBR,EGY,8502
2027813,83,68,1705,2009,0.0,38667.0,-0.909436,-0.6619470000000001,GHA,EGY,8502
2027814,85,68,1705,2009,0.0,18630.0,-1.618121,-1.2200520000000001,GIN,EGY,8502
2027815,90,68,1705,2009,16881.0,0.0,0.2196,1.63301,GRC,EGY,8502
2027816,97,68,1705,2009,97443.0,0.0,0.654964,1.98672,HKG,EGY,8502
2027817,100,68,1705,2009,7898.0,0.0,0.740174,1.005258,HRV,EGY,8502
2027818,102,68,1705,2009,495691.0,0.0,1.397765,0.772375,HUN,EGY,8502
2027819,103,68,1705,2009,32940.0,0.0,-0.253835,1.260101,IDN,EGY,8502
2027820,104,68,1705,2009,367926.0,0.0,0.209867,2.254003,IND,EGY,8502
2027821,106,68,1705,2009,11441.0,0.0,1.627233,0.020024,IRL,EGY,8502
2027822,110,68,1705,2009,33800.0,0.0,1.226438,0.816299,ISR,EGY,8502
2027823,111,68,1705,2009,5182090.0,2724.0,1.289,0.64549,ITA,EGY,8502
2027824,113,68,1705,2009,1891.0,0.0,0.21374899999999997,0.423774,JOR,EGY,8502
2027825,114,68,1705,2009,4009670.0,4916.0,2.306791,-0.251712,JPN,EGY,8502
2027826,116,68,1705,2009,0.0,268097.0,-0.26477399999999995,0.932587,KEN,EGY,8502
2027827,121,68,1705,2009,320029.0,0.0,1.509336,0.784515,KOR,EGY,8502
2027828,122,68,1705,2009,54011.0,0.0,-1.386993,-1.203527,KWT,EGY,8502
2027829,124,68,1705,2009,1204183.0,0.0,0.48618599999999995,1.4748620000000001,LBN,EGY,8502
2027830,126,68,1705,2009,0.0,151823.0,-1.196032,-1.1829,LBY,EGY,8502
2027831,138,68,1705,2009,5101.0,0.0,1.061625,0.719234,MEX,EGY,8502
2027832,142,68,1705,2009,14751.0,0.0,1.233965,-0.016763,MLT,EGY,8502
2027833,144,68,1705,2009,1953.0,0.0,0.19963499999999998,-0.073107,MNE,EGY,8502
2027834,153,68,1705,2009,2662.0,0.0,0.8718229999999999,0.607429,MYS,EGY,8502
2027835,157,68,1705,2009,0.0,9290.0,-1.306036,-0.956361,NER,EGY,8502
2027836,159,68,1705,2009,0.0,404406.0,-1.584051,-1.156247,NGA,EGY,8502
2027837,162,68,1705,2009,698244.0,0.0,1.1914850000000001,1.3076780000000001,NLD,EGY,8502
2027838,163,68,1705,2009,0.0,92052.0,0.865455,0.082808,NOR,EGY,8502
2027839,168,68,1705,2009,0.0,39342.0,-0.514907,0.44733100000000003,PAK,EGY,8502
2027840,169,68,1705,2009,0.0,59545.0,0.629137,0.5894010000000001,PAN,EGY,8502
2027841,177,68,1705,2009,1744.0,0.0,1.11055,1.069074,POL,EGY,8502
2027842,183,68,1705,2009,54043.0,0.0,-0.484947,-1.07179,QAT,EGY,8502
2027843,185,68,1705,2009,1048543.0,0.0,0.833802,1.024418,ROU,EGY,8502
2027844,186,68,1705,2009,29704.0,2860.0,0.392478,-0.20038399999999998,RUS,EGY,8502
2027845,188,68,1705,2009,497829.0,1066405.0,0.300581,-0.813199,SAU,EGY,8502
2027846,190,68,1705,2009,0.0,319110.0,-2.2948020000000002,-1.3182040000000002,SDN,EGY,8502
2027847,192,68,1705,2009,2407521.0,0.0,1.9503540000000001,0.498033,SGP,EGY,8502
2027848,206,68,1705,2009,8674.0,0.0,1.231382,0.820968,SVK,EGY,8502
2027849,207,68,1705,2009,1098.0,0.0,1.548036,0.730396,SVN,EGY,8502
2027850,208,68,1705,2009,14036173.0,0.0,1.877821,0.336565,SWE,EGY,8502
2027851,212,68,1705,2009,49623.0,0.0,-0.48481199999999997,1.464509,SYR,EGY,8502
2027852,216,68,1705,2009,218616.0,0.0,0.79692,1.315501,THA,EGY,8502
2027853,223,68,1705,2009,22657.0,0.0,0.044903,0.9126120000000001,TUN,EGY,8502
2027854,224,68,1705,2009,323351.0,0.0,0.384596,2.3797610000000002,TUR,EGY,8502
2027855,226,68,1705,2009,0.0,206330.0,-0.822897,0.644899,TZA,EGY,8502
2027856,227,68,1705,2009,0.0,568504.0,-0.573707,-0.036203,UGA,EGY,8502
2027857,228,68,1705,2009,222633.0,0.0,0.602688,0.830247,UKR,EGY,8502
2027858,231,68,1705,2009,27423152.0,0.0,1.657663,-0.41411400000000004,USA,EGY,8502
2027859,239,68,1705,2009,40805.0,0.0,-0.27396,1.131199,VNM,EGY,8502
2027860,243,68,1705,2009,0.0,940574.0,-0.845426,-1.119091,YEM,EGY,8502
2027861,246,68,1705,2009,2255182.0,0.0,0.316452,1.767795,ZAF,EGY,8502
2027862,249,68,1705,2009,93568.0,0.0,1.5763120000000002,0.9567950000000001,TWN,EGY,8502
2027863,250,68,1705,2009,5488270.0,0.0,0.582246,-0.10603,ANS,EGY,8502
2027864,15,72,1705,2009,654484.0,1237.0,1.651325,-0.020794,AUT,EST,8502
2027865,18,72,1705,2009,1173038.0,0.0,1.272011,1.074548,BEL,EST,8502
2027866,28,72,1705,2009,1435.0,3791928.0,0.977663,0.549549,BLR,EST,8502
2027867,43,72,1705,2009,459161.0,0.0,0.898623,2.08703,CHN,EST,8502
2027868,61,72,1705,2009,294061.0,0.0,2.056515,-3.034837,DEU,EST,8502
2027869,68,72,1705,2009,0.0,2847.0,-0.20940300000000003,1.6466290000000001,EGY,EST,8502
2027870,71,72,1705,2009,83692.0,1493.0,0.9021020000000001,2.170578,ESP,EST,8502
2027871,74,72,1705,2009,379593.0,1634379.0,1.8206849999999999,0.797421,FIN,EST,8502
2027872,77,72,1705,2009,1102774.0,7243.0,1.540346,0.090377,FRA,EST,8502
2027873,81,72,1705,2009,636200.0,0.0,1.7921779999999998,0.41211499999999995,GBR,EST,8502
2027874,97,72,1705,2009,1320.0,0.0,0.654964,1.98672,HKG,EST,8502
2027875,106,72,1705,2009,0.0,6655.0,1.627233,0.020024,IRL,EST,8502
2027876,111,72,1705,2009,232329.0,0.0,1.289,0.64549,ITA,EST,8502
2027877,114,72,1705,2009,12741.0,0.0,2.306791,-0.251712,JPN,EST,8502
2027878,130,72,1705,2009,7792757.0,116396.0,0.647736,1.150962,LTU,EST,8502
2027879,132,72,1705,2009,41144.0,2788415.0,0.675643,0.99977,LVA,EST,8502
2027880,153,72,1705,2009,3252.0,0.0,0.8718229999999999,0.607429,MYS,EST,8502
2027881,162,72,1705,2009,1325572.0,10434.0,1.1914850000000001,1.3076780000000001,NLD,EST,8502
2027882,163,72,1705,2009,188004.0,298436.0,0.865455,0.082808,NOR,EST,8502
2027883,166,72,1705,2009,0.0,657503.0,0.38301999999999997,0.720644,NZL,EST,8502
2027884,177,72,1705,2009,69918.0,49669.0,1.11055,1.069074,POL,EST,8502
2027885,186,72,1705,2009,31292.0,330709.0,0.392478,-0.20038399999999998,RUS,EST,8502
2027886,208,72,1705,2009,13635.0,0.0,1.877821,0.336565,SWE,EST,8502
2027887,224,72,1705,2009,36833.0,0.0,0.384596,2.3797610000000002,TUR,EST,8502
2027888,228,72,1705,2009,30177.0,0.0,0.602688,0.830247,UKR,EST,8502
2027889,231,72,1705,2009,139591.0,0.0,1.657663,-0.41411400000000004,USA,EST,8502
2027890,7,82,1705,2009,109992.0,0.0,0.070059,-0.619075,ARE,GEO,8502
2027891,9,82,1705,2009,40616.0,19204.0,0.24424899999999997,-0.30152399999999996,ARM,GEO,8502
2027892,15,82,1705,2009,85761.0,0.0,1.651325,-0.020794,AUT,GEO,8502
2027893,16,82,1705,2009,57465.0,4718.0,-1.124423,-1.228081,AZE,GEO,8502
2027894,18,82,1705,2009,146699.0,0.0,1.272011,1.074548,BEL,GEO,8502
2027895,23,82,1705,2009,131793.0,0.0,0.373594,1.571413,BGR,GEO,8502
2027896,43,82,1705,2009,123446.0,0.0,0.898623,2.08703,CHN,GEO,8502
2027897,59,82,1705,2009,3354.0,0.0,1.6323159999999999,0.47257200000000005,CZE,GEO,8502
2027898,61,82,1705,2009,40169.0,0.0,2.056515,-3.034837,DEU,GEO,8502
2027899,71,82,1705,2009,989.0,0.0,0.9021020000000001,2.170578,ESP,GEO,8502
2027900,77,82,1705,2009,790770.0,19582.0,1.540346,0.090377,FRA,GEO,8502
2027901,81,82,1705,2009,182695.0,118685.0,1.7921779999999998,0.41211499999999995,GBR,GEO,8502
2027902,104,82,1705,2009,7319.0,0.0,0.209867,2.254003,IND,GEO,8502
2027903,107,82,1705,2009,0.0,79964.0,-1.185702,-1.1049360000000001,IRN,GEO,8502
2027904,110,82,1705,2009,128839.0,0.0,1.226438,0.816299,ISR,GEO,8502
2027905,111,82,1705,2009,360835.0,0.0,1.289,0.64549,ITA,GEO,8502
2027906,114,82,1705,2009,4076.0,0.0,2.306791,-0.251712,JPN,GEO,8502
2027907,142,82,1705,2009,296766.0,0.0,1.233965,-0.016763,MLT,GEO,8502
2027908,162,82,1705,2009,14191.0,0.0,1.1914850000000001,1.3076780000000001,NLD,GEO,8502
2027909,177,82,1705,2009,78206.0,0.0,1.11055,1.069074,POL,GEO,8502
2027910,186,82,1705,2009,258173.0,0.0,0.392478,-0.20038399999999998,RUS,GEO,8502
2027911,224,82,1705,2009,4939196.0,647230.0,0.384596,2.3797610000000002,TUR,GEO,8502
2027912,226,82,1705,2009,0.0,92272.0,-0.822897,0.644899,TZA,GEO,8502
2027913,228,82,1705,2009,291648.0,0.0,0.602688,0.830247,UKR,GEO,8502
2027914,231,82,1705,2009,3849460.0,0.0,1.657663,-0.41411400000000004,USA,GEO,8502
2027915,7,100,1705,2009,0.0,1811.0,0.070059,-0.619075,ARE,HRV,8502
2027916,15,100,1705,2009,2419428.0,17108.0,1.651325,-0.020794,AUT,HRV,8502
2027917,18,100,1705,2009,4193304.0,0.0,1.272011,1.074548,BEL,HRV,8502
2027918,22,100,1705,2009,0.0,3427.0,-1.030722,-0.860137,BGD,HRV,8502
2027919,23,100,1705,2009,11323.0,60077.0,0.373594,1.571413,BGR,HRV,8502
2027920,26,100,1705,2009,70199.0,179849.0,0.519113,0.762582,BIH,HRV,8502
2027921,39,100,1705,2009,125925.0,17388.0,0.6778069999999999,1.278402,CAN,HRV,8502
2027922,41,100,1705,2009,3824700.0,0.0,2.124438,0.484861,CHE,HRV,8502
2027923,43,100,1705,2009,614410.0,0.0,0.898623,2.08703,CHN,HRV,8502
2027924,59,100,1705,2009,8403230.0,0.0,1.6323159999999999,0.47257200000000005,CZE,HRV,8502
2027925,61,100,1705,2009,7521701.0,1126215.0,2.056515,-3.034837,DEU,HRV,8502
2027926,64,100,1705,2009,28663.0,0.0,1.242327,1.064709,DNK,HRV,8502
2027927,68,100,1705,2009,0.0,7898.0,-0.20940300000000003,1.6466290000000001,EGY,HRV,8502
2027928,71,100,1705,2009,131464.0,0.0,0.9021020000000001,2.170578,ESP,HRV,8502
2027929,74,100,1705,2009,3368216.0,0.0,1.8206849999999999,0.797421,FIN,HRV,8502
2027930,77,100,1705,2009,217551.0,0.0,1.540346,0.090377,FRA,HRV,8502
2027931,81,100,1705,2009,2893792.0,63024.0,1.7921779999999998,0.41211499999999995,GBR,HRV,8502
2027932,83,100,1705,2009,0.0,2485.0,-0.909436,-0.6619470000000001,GHA,HRV,8502
2027933,102,100,1705,2009,657319.0,5189.0,1.397765,0.772375,HUN,HRV,8502
2027934,104,100,1705,2009,929.0,0.0,0.209867,2.254003,IND,HRV,8502
2027935,110,100,1705,2009,57155.0,0.0,1.226438,0.816299,ISR,HRV,8502
2027936,111,100,1705,2009,2535232.0,12833.0,1.289,0.64549,ITA,HRV,8502
2027937,114,100,1705,2009,85745.0,175714.0,2.306791,-0.251712,JPN,HRV,8502
2027938,121,100,1705,2009,1835180.0,0.0,1.509336,0.784515,KOR,HRV,8502
2027939,126,100,1705,2009,0.0,31594.0,-1.196032,-1.1829,LBY,HRV,8502
2027940,130,100,1705,2009,0.0,13726.0,0.647736,1.150962,LTU,HRV,8502
2027941,140,100,1705,2009,0.0,3126.0,-0.14890499999999998,0.405505,MKD,HRV,8502
2027942,144,100,1705,2009,3721.0,113658.0,0.19963499999999998,-0.073107,MNE,HRV,8502
2027943,162,100,1705,2009,37484.0,22358.0,1.1914850000000001,1.3076780000000001,NLD,HRV,8502
2027944,163,100,1705,2009,61671.0,0.0,0.865455,0.082808,NOR,HRV,8502
2027945,177,100,1705,2009,3081.0,0.0,1.11055,1.069074,POL,HRV,8502
2027946,179,100,1705,2009,2821.0,0.0,0.559189,2.4359919999999997,PRT,HRV,8502
2027947,186,100,1705,2009,207844.0,0.0,0.392478,-0.20038399999999998,RUS,HRV,8502
2027948,201,100,1705,2009,9935.0,32549.0,0.531766,1.477837,SRB,HRV,8502
2027949,206,100,1705,2009,40362.0,0.0,1.231382,0.820968,SVK,HRV,8502
2027950,207,100,1705,2009,510107.0,8477.0,1.548036,0.730396,SVN,HRV,8502
2027951,208,100,1705,2009,2926.0,0.0,1.877821,0.336565,SWE,HRV,8502
2027952,212,100,1705,2009,0.0,19698.0,-0.48481199999999997,1.464509,SYR,HRV,8502
2027953,216,100,1705,2009,0.0,274363.0,0.79692,1.315501,THA,HRV,8502
2027954,224,100,1705,2009,340311.0,0.0,0.384596,2.3797610000000002,TUR,HRV,8502
2027955,231,100,1705,2009,99143.0,9565.0,1.657663,-0.41411400000000004,USA,HRV,8502
2027956,239,100,1705,2009,0.0,225697.0,-0.27396,1.131199,VNM,HRV,8502
2027957,249,100,1705,2009,34189.0,0.0,1.5763120000000002,0.9567950000000001,TWN,HRV,8502
2027958,2,106,1705,2009,0.0,65884.0,-0.809438,-1.190006,AGO,IRL,8502
2027959,4,106,1705,2009,0.0,1052.0,-0.41612200000000005,-0.256639,ALB,IRL,8502
2027960,8,106,1705,2009,0.0,35876.0,0.27637,0.611129,ARG,IRL,8502
2027961,13,106,1705,2009,0.0,3681.0,0.930903,0.279441,ATG,IRL,8502
2027962,14,106,1705,2009,0.0,4167.0,-0.109286,0.13586900000000002,AUS,IRL,8502
2027963,15,106,1705,2009,31975.0,14855.0,1.651325,-0.020794,AUT,IRL,8502
2027964,18,106,1705,2009,87599.0,224949.0,1.272011,1.074548,BEL,IRL,8502
2027965,22,106,1705,2009,0.0,91307.0,-1.030722,-0.860137,BGD,IRL,8502
2027966,31,106,1705,2009,0.0,73824.0,-0.909969,-0.8899879999999999,BOL,IRL,8502
2027967,32,106,1705,2009,0.0,68624.0,0.35447199999999995,0.8522360000000001,BRA,IRL,8502
2027968,38,106,1705,2009,0.0,61726.0,-0.5777260000000001,-0.839981,CAF,IRL,8502
2027969,39,106,1705,2009,50466.0,8639.0,0.6778069999999999,1.278402,CAN,IRL,8502
2027970,41,106,1705,2009,3134569.0,1242550.0,2.124438,0.484861,CHE,IRL,8502
2027971,42,106,1705,2009,0.0,95648.0,-0.219521,-0.34239,CHL,IRL,8502
2027972,43,106,1705,2009,755599.0,0.0,0.898623,2.08703,CHN,IRL,8502
2027973,44,106,1705,2009,0.0,131946.0,-0.924681,-0.801371,CIV,IRL,8502
2027974,45,106,1705,2009,0.0,224479.0,-1.128734,-1.022546,CMR,IRL,8502
2027975,46,106,1705,2009,0.0,73128.0,-1.532165,-1.160269,COD,IRL,8502
2027976,47,106,1705,2009,0.0,43223.0,-1.466289,-1.201249,COG,IRL,8502
2027977,49,106,1705,2009,0.0,99133.0,0.263416,0.38947,COL,IRL,8502
2027978,51,106,1705,2009,0.0,6599.0,0.32592600000000005,-0.531697,CPV,IRL,8502
2027979,58,106,1705,2009,0.0,96841.0,0.934193,0.657555,CYP,IRL,8502
2027980,59,106,1705,2009,2705090.0,15899.0,1.6323159999999999,0.47257200000000005,CZE,IRL,8502
2027981,61,106,1705,2009,24444115.0,32698.0,2.056515,-3.034837,DEU,IRL,8502
2027982,64,106,1705,2009,28639196.0,1945062.0,1.242327,1.064709,DNK,IRL,8502
2027983,66,106,1705,2009,0.0,1188504.0,-1.161786,-1.188669,DZA,IRL,8502
2027984,68,106,1705,2009,0.0,11441.0,-0.20940300000000003,1.6466290000000001,EGY,IRL,8502
2027985,71,106,1705,2009,513781.0,1418840.0,0.9021020000000001,2.170578,ESP,IRL,8502
2027986,72,106,1705,2009,6655.0,0.0,0.749058,1.269572,EST,IRL,8502
2027987,74,106,1705,2009,0.0,4031.0,1.8206849999999999,0.797421,FIN,IRL,8502
2027988,77,106,1705,2009,50827.0,22348414.0,1.540346,0.090377,FRA,IRL,8502
2027989,81,106,1705,2009,18640577.0,2529441.0,1.7921779999999998,0.41211499999999995,GBR,IRL,8502
2027990,83,106,1705,2009,0.0,313500.0,-0.909436,-0.6619470000000001,GHA,IRL,8502
2027991,97,106,1705,2009,90267.0,0.0,0.654964,1.98672,HKG,IRL,8502
2027992,103,106,1705,2009,0.0,14289.0,-0.253835,1.260101,IDN,IRL,8502
2027993,104,106,1705,2009,2146697.0,989.0,0.209867,2.254003,IND,IRL,8502
2027994,107,106,1705,2009,0.0,227829.0,-1.185702,-1.1049360000000001,IRN,IRL,8502
2027995,110,106,1705,2009,0.0,8746.0,1.226438,0.816299,ISR,IRL,8502
2027996,111,106,1705,2009,872734.0,0.0,1.289,0.64549,ITA,IRL,8502
2027997,112,106,1705,2009,0.0,39465.0,-0.083743,-0.6222479999999999,JAM,IRL,8502
2027998,114,106,1705,2009,52166.0,13497.0,2.306791,-0.251712,JPN,IRL,8502
2027999,115,106,1705,2009,0.0,4952.0,-0.6547970000000001,-0.772256,KAZ,IRL,8502
2028000,121,106,1705,2009,12718.0,0.0,1.509336,0.784515,KOR,IRL,8502
2028001,124,106,1705,2009,0.0,1952.0,0.48618599999999995,1.4748620000000001,LBN,IRL,8502
2028002,138,106,1705,2009,0.0,300992.0,1.061625,0.719234,MEX,IRL,8502
2028003,154,106,1705,2009,0.0,8673.0,1.173729,-0.08655800000000001,MYT,IRL,8502
2028004,159,106,1705,2009,0.0,306757.0,-1.584051,-1.156247,NGA,IRL,8502
2028005,162,106,1705,2009,33387.0,240559.0,1.1914850000000001,1.3076780000000001,NLD,IRL,8502
2028006,163,106,1705,2009,0.0,1220140.0,0.865455,0.082808,NOR,IRL,8502
2028007,166,106,1705,2009,0.0,42296.0,0.38301999999999997,0.720644,NZL,IRL,8502
2028008,173,106,1705,2009,0.0,19651.0,-0.53304,0.221183,PER,IRL,8502
2028009,174,106,1705,2009,0.0,10779.0,0.34318000000000004,0.095375,PHL,IRL,8502
2028010,177,106,1705,2009,0.0,4808.0,1.11055,1.069074,POL,IRL,8502
2028011,182,106,1705,2009,0.0,83061.0,-0.440014,-0.835513,PYF,IRL,8502
2028012,186,106,1705,2009,0.0,105477.0,0.392478,-0.20038399999999998,RUS,IRL,8502
2028013,187,106,1705,2009,0.0,135835.0,-0.31001599999999996,-0.5382170000000001,RWA,IRL,8502
2028014,190,106,1705,2009,0.0,464521.0,-2.2948020000000002,-1.3182040000000002,SDN,IRL,8502
2028015,196,106,1705,2009,0.0,286428.0,0.06259400000000001,-0.273258,SLE,IRL,8502
2028016,216,106,1705,2009,16644.0,0.0,0.79692,1.315501,THA,IRL,8502
2028017,222,106,1705,2009,0.0,70304.0,-0.508195,-1.097365,TTO,IRL,8502
2028018,223,106,1705,2009,0.0,34384.0,0.044903,0.9126120000000001,TUN,IRL,8502
2028019,226,106,1705,2009,0.0,76708.0,-0.822897,0.644899,TZA,IRL,8502
2028020,227,106,1705,2009,0.0,44142.0,-0.573707,-0.036203,UGA,IRL,8502
2028021,231,106,1705,2009,28084869.0,16588.0,1.657663,-0.41411400000000004,USA,IRL,8502
2028022,236,106,1705,2009,0.0,36562.0,-0.5847600000000001,-1.150334,VEN,IRL,8502
2028023,246,106,1705,2009,23196.0,33238.0,0.316452,1.767795,ZAF,IRL,8502
2028024,249,106,1705,2009,1584.0,0.0,1.5763120000000002,0.9567950000000001,TWN,IRL,8502
2028025,250,106,1705,2009,10464.0,0.0,0.582246,-0.10603,ANS,IRL,8502
2028026,15,107,1705,2009,657177.0,0.0,1.651325,-0.020794,AUT,IRN,8502
2028027,16,107,1705,2009,0.0,5002.0,-1.124423,-1.228081,AZE,IRN,8502
2028028,39,107,1705,2009,365101.0,0.0,0.6778069999999999,1.278402,CAN,IRN,8502
2028029,41,107,1705,2009,361657.0,0.0,2.124438,0.484861,CHE,IRN,8502
2028030,43,107,1705,2009,31359067.0,0.0,0.898623,2.08703,CHN,IRN,8502
2028031,59,107,1705,2009,38953.0,0.0,1.6323159999999999,0.47257200000000005,CZE,IRN,8502
2028032,61,107,1705,2009,7114754.0,166218.0,2.056515,-3.034837,DEU,IRN,8502
2028033,71,107,1705,2009,6973096.0,0.0,0.9021020000000001,2.170578,ESP,IRN,8502
2028034,77,107,1705,2009,22229.0,0.0,1.540346,0.090377,FRA,IRN,8502
2028035,81,107,1705,2009,13017700.0,0.0,1.7921779999999998,0.41211499999999995,GBR,IRN,8502
2028036,82,107,1705,2009,79964.0,0.0,0.045952,-0.381822,GEO,IRN,8502
2028037,97,107,1705,2009,1028520.0,0.0,0.654964,1.98672,HKG,IRN,8502
2028038,104,107,1705,2009,1111047.0,0.0,0.209867,2.254003,IND,IRN,8502
2028039,106,107,1705,2009,227829.0,0.0,1.627233,0.020024,IRL,IRN,8502
2028040,111,107,1705,2009,6075100.0,0.0,1.289,0.64549,ITA,IRN,8502
2028041,114,107,1705,2009,2611082.0,0.0,2.306791,-0.251712,JPN,IRN,8502
2028042,115,107,1705,2009,0.0,324208.0,-0.6547970000000001,-0.772256,KAZ,IRN,8502
2028043,121,107,1705,2009,3185.0,0.0,1.509336,0.784515,KOR,IRN,8502
2028044,122,107,1705,2009,305392.0,0.0,-1.386993,-1.203527,KWT,IRN,8502
2028045,124,107,1705,2009,537753.0,0.0,0.48618599999999995,1.4748620000000001,LBN,IRN,8502
2028046,153,107,1705,2009,639614.0,0.0,0.8718229999999999,0.607429,MYS,IRN,8502
2028047,162,107,1705,2009,173161.0,0.0,1.1914850000000001,1.3076780000000001,NLD,IRN,8502
2028048,167,107,1705,2009,2601.0,0.0,-0.691918,-1.015434,OMN,IRN,8502
2028049,168,107,1705,2009,86109.0,0.0,-0.514907,0.44733100000000003,PAK,IRN,8502
2028050,185,107,1705,2009,0.0,2318.0,0.833802,1.024418,ROU,IRN,8502
2028051,186,107,1705,2009,309919.0,0.0,0.392478,-0.20038399999999998,RUS,IRN,8502
2028052,190,107,1705,2009,0.0,17126.0,-2.2948020000000002,-1.3182040000000002,SDN,IRN,8502
2028053,191,107,1705,2009,0.0,4134.0,-0.53392,-0.415513,SEN,IRN,8502
2028054,192,107,1705,2009,124023.0,0.0,1.9503540000000001,0.498033,SGP,IRN,8502
2028055,207,107,1705,2009,34394.0,0.0,1.548036,0.730396,SVN,IRN,8502
2028056,208,107,1705,2009,24913390.0,0.0,1.877821,0.336565,SWE,IRN,8502
2028057,216,107,1705,2009,16730.0,0.0,0.79692,1.315501,THA,IRN,8502
2028058,224,107,1705,2009,16797928.0,0.0,0.384596,2.3797610000000002,TUR,IRN,8502
2028059,239,107,1705,2009,564063.0,0.0,-0.27396,1.131199,VNM,IRN,8502
2028060,246,107,1705,2009,57695.0,0.0,0.316452,1.767795,ZAF,IRN,8502
2028061,15,108,1705,2009,344080.0,0.0,1.651325,-0.020794,AUT,IRQ,8502
2028062,18,108,1705,2009,6976.0,0.0,1.272011,1.074548,BEL,IRQ,8502
2028063,41,108,1705,2009,3686.0,0.0,2.124438,0.484861,CHE,IRQ,8502
2028064,43,108,1705,2009,39886620.0,0.0,0.898623,2.08703,CHN,IRQ,8502
2028065,59,108,1705,2009,15346310.0,0.0,1.6323159999999999,0.47257200000000005,CZE,IRQ,8502
2028066,61,108,1705,2009,1296823.0,0.0,2.056515,-3.034837,DEU,IRQ,8502
2028067,64,108,1705,2009,5292610.0,0.0,1.242327,1.064709,DNK,IRQ,8502
2028068,71,108,1705,2009,3451299.0,0.0,0.9021020000000001,2.170578,ESP,IRQ,8502
2028069,77,108,1705,2009,6381169.0,0.0,1.540346,0.090377,FRA,IRQ,8502
2028070,81,108,1705,2009,10724719.0,0.0,1.7921779999999998,0.41211499999999995,GBR,IRQ,8502
2028071,97,108,1705,2009,79767.0,0.0,0.654964,1.98672,HKG,IRQ,8502
2028072,104,108,1705,2009,1515716.0,0.0,0.209867,2.254003,IND,IRQ,8502
2028073,111,108,1705,2009,3443542.0,0.0,1.289,0.64549,ITA,IRQ,8502
2028074,113,108,1705,2009,1377190.0,0.0,0.21374899999999997,0.423774,JOR,IRQ,8502
2028075,114,108,1705,2009,401535.0,0.0,2.306791,-0.251712,JPN,IRQ,8502
2028076,115,108,1705,2009,95774.0,0.0,-0.6547970000000001,-0.772256,KAZ,IRQ,8502
2028077,121,108,1705,2009,15765.0,0.0,1.509336,0.784515,KOR,IRQ,8502
2028078,124,108,1705,2009,25588108.0,2008.0,0.48618599999999995,1.4748620000000001,LBN,IRQ,8502
2028079,162,108,1705,2009,579043.0,0.0,1.1914850000000001,1.3076780000000001,NLD,IRQ,8502
2028080,163,108,1705,2009,5146.0,0.0,0.865455,0.082808,NOR,IRQ,8502
2028081,166,108,1705,2009,15143.0,0.0,0.38301999999999997,0.720644,NZL,IRQ,8502
2028082,183,108,1705,2009,50155.0,0.0,-0.484947,-1.07179,QAT,IRQ,8502
2028083,188,108,1705,2009,2292485.0,0.0,0.300581,-0.813199,SAU,IRQ,8502
2028084,208,108,1705,2009,48143201.0,0.0,1.877821,0.336565,SWE,IRQ,8502
2028085,212,108,1705,2009,58173.0,0.0,-0.48481199999999997,1.464509,SYR,IRQ,8502
2028086,216,108,1705,2009,2200.0,0.0,0.79692,1.315501,THA,IRQ,8502
2028087,224,108,1705,2009,40205668.0,233337.0,0.384596,2.3797610000000002,TUR,IRQ,8502
2028088,231,108,1705,2009,90640445.0,0.0,1.657663,-0.41411400000000004,USA,IRQ,8502
2028089,7,113,1705,2009,0.0,2279.0,0.070059,-0.619075,ARE,JOR,8502
2028090,18,113,1705,2009,18870.0,0.0,1.272011,1.074548,BEL,JOR,8502
2028091,24,113,1705,2009,11378.0,0.0,0.250645,-0.767742,BHR,JOR,8502
2028092,41,113,1705,2009,1274.0,0.0,2.124438,0.484861,CHE,JOR,8502
2028093,43,113,1705,2009,21267096.0,0.0,0.898623,2.08703,CHN,JOR,8502
2028094,59,113,1705,2009,3420.0,0.0,1.6323159999999999,0.47257200000000005,CZE,JOR,8502
2028095,61,113,1705,2009,208770.0,0.0,2.056515,-3.034837,DEU,JOR,8502
2028096,64,113,1705,2009,3892.0,0.0,1.242327,1.064709,DNK,JOR,8502
2028097,68,113,1705,2009,0.0,1891.0,-0.20940300000000003,1.6466290000000001,EGY,JOR,8502
2028098,71,113,1705,2009,632072.0,0.0,0.9021020000000001,2.170578,ESP,JOR,8502
2028099,74,113,1705,2009,15525209.0,2707.0,1.8206849999999999,0.797421,FIN,JOR,8502
2028100,77,113,1705,2009,1619674.0,0.0,1.540346,0.090377,FRA,JOR,8502
2028101,81,113,1705,2009,25948517.0,13119.0,1.7921779999999998,0.41211499999999995,GBR,JOR,8502
2028102,103,113,1705,2009,6313.0,0.0,-0.253835,1.260101,IDN,JOR,8502
2028103,104,113,1705,2009,484317.0,0.0,0.209867,2.254003,IND,JOR,8502
2028104,108,113,1705,2009,0.0,1377190.0,-1.1683270000000001,-0.9517459999999999,IRQ,JOR,8502
2028105,110,113,1705,2009,1804.0,0.0,1.226438,0.816299,ISR,JOR,8502
2028106,111,113,1705,2009,539897.0,0.0,1.289,0.64549,ITA,JOR,8502
2028107,114,113,1705,2009,37327.0,0.0,2.306791,-0.251712,JPN,JOR,8502
2028108,124,113,1705,2009,455701.0,6376.0,0.48618599999999995,1.4748620000000001,LBN,JOR,8502
2028109,162,113,1705,2009,99451.0,0.0,1.1914850000000001,1.3076780000000001,NLD,JOR,8502
2028110,188,113,1705,2009,224739.0,0.0,0.300581,-0.813199,SAU,JOR,8502
2028111,190,113,1705,2009,0.0,33452.0,-2.2948020000000002,-1.3182040000000002,SDN,JOR,8502
2028112,192,113,1705,2009,3402181.0,0.0,1.9503540000000001,0.498033,SGP,JOR,8502
2028113,208,113,1705,2009,10548.0,0.0,1.877821,0.336565,SWE,JOR,8502
2028114,212,113,1705,2009,18420.0,110252.0,-0.48481199999999997,1.464509,SYR,JOR,8502
2028115,224,113,1705,2009,939391.0,122654.0,0.384596,2.3797610000000002,TUR,JOR,8502
2028116,231,113,1705,2009,269671.0,0.0,1.657663,-0.41411400000000004,USA,JOR,8502
2028117,243,113,1705,2009,0.0,6126.0,-0.845426,-1.119091,YEM,JOR,8502
2028118,246,113,1705,2009,2496.0,0.0,0.316452,1.767795,ZAF,JOR,8502
2028119,249,113,1705,2009,1553.0,0.0,1.5763120000000002,0.9567950000000001,TWN,JOR,8502
2028120,250,113,1705,2009,0.0,6652344.0,0.582246,-0.10603,ANS,JOR,8502
2028121,7,115,1705,2009,48422.0,169363.0,0.070059,-0.619075,ARE,KAZ,8502
2028122,14,115,1705,2009,1813.0,0.0,-0.109286,0.13586900000000002,AUS,KAZ,8502
2028123,15,115,1705,2009,2962447.0,0.0,1.651325,-0.020794,AUT,KAZ,8502
2028124,16,115,1705,2009,28623.0,29911.0,-1.124423,-1.228081,AZE,KAZ,8502
2028125,18,115,1705,2009,1077954.0,0.0,1.272011,1.074548,BEL,KAZ,8502
2028126,23,115,1705,2009,300620.0,0.0,0.373594,1.571413,BGR,KAZ,8502
2028127,28,115,1705,2009,7700.0,0.0,0.977663,0.549549,BLR,KAZ,8502
2028128,39,115,1705,2009,676227.0,0.0,0.6778069999999999,1.278402,CAN,KAZ,8502
2028129,41,115,1705,2009,1960684.0,0.0,2.124438,0.484861,CHE,KAZ,8502
2028130,43,115,1705,2009,12083597.0,0.0,0.898623,2.08703,CHN,KAZ,8502
2028131,59,115,1705,2009,982844.0,0.0,1.6323159999999999,0.47257200000000005,CZE,KAZ,8502
2028132,61,115,1705,2009,3047391.0,8089.0,2.056515,-3.034837,DEU,KAZ,8502
2028133,71,115,1705,2009,268750.0,71448.0,0.9021020000000001,2.170578,ESP,KAZ,8502
2028134,77,115,1705,2009,401143.0,0.0,1.540346,0.090377,FRA,KAZ,8502
2028135,81,115,1705,2009,1161616.0,1207.0,1.7921779999999998,0.41211499999999995,GBR,KAZ,8502
2028136,97,115,1705,2009,88354.0,0.0,0.654964,1.98672,HKG,KAZ,8502
2028137,102,115,1705,2009,25384.0,0.0,1.397765,0.772375,HUN,KAZ,8502
2028138,103,115,1705,2009,995.0,0.0,-0.253835,1.260101,IDN,KAZ,8502
2028139,104,115,1705,2009,46738.0,0.0,0.209867,2.254003,IND,KAZ,8502
2028140,106,115,1705,2009,4952.0,0.0,1.627233,0.020024,IRL,KAZ,8502
2028141,107,115,1705,2009,324208.0,0.0,-1.185702,-1.1049360000000001,IRN,KAZ,8502
2028142,108,115,1705,2009,0.0,95774.0,-1.1683270000000001,-0.9517459999999999,IRQ,KAZ,8502
2028143,111,115,1705,2009,2590032.0,2672.0,1.289,0.64549,ITA,KAZ,8502
2028144,114,115,1705,2009,393279.0,0.0,2.306791,-0.251712,JPN,KAZ,8502
2028145,117,115,1705,2009,2924.0,123675.0,-0.251815,0.144822,KGZ,KAZ,8502
2028146,121,115,1705,2009,38570.0,0.0,1.509336,0.784515,KOR,KAZ,8502
2028147,124,115,1705,2009,19786.0,0.0,0.48618599999999995,1.4748620000000001,LBN,KAZ,8502
2028148,130,115,1705,2009,1645687.0,0.0,0.647736,1.150962,LTU,KAZ,8502
2028149,132,115,1705,2009,1194598.0,0.0,0.675643,0.99977,LVA,KAZ,8502
2028150,162,115,1705,2009,679306.0,0.0,1.1914850000000001,1.3076780000000001,NLD,KAZ,8502
2028151,168,115,1705,2009,0.0,11211.0,-0.514907,0.44733100000000003,PAK,KAZ,8502
2028152,177,115,1705,2009,43123.0,0.0,1.11055,1.069074,POL,KAZ,8502
2028153,179,115,1705,2009,984.0,0.0,0.559189,2.4359919999999997,PRT,KAZ,8502
2028154,186,115,1705,2009,4710847.0,232212.0,0.392478,-0.20038399999999998,RUS,KAZ,8502
2028155,206,115,1705,2009,236607.0,0.0,1.231382,0.820968,SVK,KAZ,8502
2028156,207,115,1705,2009,28648.0,0.0,1.548036,0.730396,SVN,KAZ,8502
2028157,208,115,1705,2009,1371.0,0.0,1.877821,0.336565,SWE,KAZ,8502
2028158,216,115,1705,2009,1717.0,0.0,0.79692,1.315501,THA,KAZ,8502
2028159,224,115,1705,2009,6803193.0,70745.0,0.384596,2.3797610000000002,TUR,KAZ,8502
2028160,228,115,1705,2009,51797.0,0.0,0.602688,0.830247,UKR,KAZ,8502
2028161,231,115,1705,2009,8421032.0,0.0,1.657663,-0.41411400000000004,USA,KAZ,8502
2028162,232,115,1705,2009,13981.0,0.0,-0.6115470000000001,-0.710622,UZB,KAZ,8502
2028163,7,116,1705,2009,4795742.0,0.0,0.070059,-0.619075,ARE,KEN,8502
2028164,15,116,1705,2009,3335.0,0.0,1.651325,-0.020794,AUT,KEN,8502
2028165,17,116,1705,2009,0.0,62216.0,-0.43971099999999996,-0.575079,BDI,KEN,8502
2028166,18,116,1705,2009,529234.0,0.0,1.272011,1.074548,BEL,KEN,8502
2028167,32,116,1705,2009,107177.0,0.0,0.35447199999999995,0.8522360000000001,BRA,KEN,8502
2028168,37,116,1705,2009,0.0,174513.0,-0.008142,-0.599115,BWA,KEN,8502
2028169,38,116,1705,2009,0.0,1142.0,-0.5777260000000001,-0.839981,CAF,KEN,8502
2028170,39,116,1705,2009,14920.0,0.0,0.6778069999999999,1.278402,CAN,KEN,8502
2028171,41,116,1705,2009,13999.0,0.0,2.124438,0.484861,CHE,KEN,8502
2028172,43,116,1705,2009,7519196.0,5716.0,0.898623,2.08703,CHN,KEN,8502
2028173,46,116,1705,2009,0.0,49046.0,-1.532165,-1.160269,COD,KEN,8502
2028174,61,116,1705,2009,245233.0,52328.0,2.056515,-3.034837,DEU,KEN,8502
2028175,64,116,1705,2009,2304608.0,0.0,1.242327,1.064709,DNK,KEN,8502
2028176,68,116,1705,2009,268097.0,0.0,-0.20940300000000003,1.6466290000000001,EGY,KEN,8502
2028177,71,116,1705,2009,1051894.0,0.0,0.9021020000000001,2.170578,ESP,KEN,8502
2028178,73,116,1705,2009,0.0,697219.0,-0.967483,-0.8219,ETH,KEN,8502
2028179,74,116,1705,2009,4772130.0,0.0,1.8206849999999999,0.797421,FIN,KEN,8502
2028180,77,116,1705,2009,2321400.0,0.0,1.540346,0.090377,FRA,KEN,8502
2028181,81,116,1705,2009,9381177.0,27095.0,1.7921779999999998,0.41211499999999995,GBR,KEN,8502
2028182,97,116,1705,2009,60638.0,0.0,0.654964,1.98672,HKG,KEN,8502
2028183,102,116,1705,2009,25896.0,0.0,1.397765,0.772375,HUN,KEN,8502
2028184,103,116,1705,2009,468.0,0.0,-0.253835,1.260101,IDN,KEN,8502
2028185,104,116,1705,2009,3737208.0,0.0,0.209867,2.254003,IND,KEN,8502
2028186,110,116,1705,2009,57393.0,0.0,1.226438,0.816299,ISR,KEN,8502
2028187,111,116,1705,2009,6374631.0,153258.0,1.289,0.64549,ITA,KEN,8502
2028188,114,116,1705,2009,738348.0,0.0,2.306791,-0.251712,JPN,KEN,8502
2028189,121,116,1705,2009,9577.0,0.0,1.509336,0.784515,KOR,KEN,8502
2028190,136,116,1705,2009,0.0,19580.0,-1.0356610000000002,-0.198062,MDG,KEN,8502
2028191,147,116,1705,2009,20001.0,87836.0,-1.0023090000000001,-0.844765,MOZ,KEN,8502
2028192,162,116,1705,2009,4662072.0,28573.0,1.1914850000000001,1.3076780000000001,NLD,KEN,8502
2028193,166,116,1705,2009,0.0,1015.0,0.38301999999999997,0.720644,NZL,KEN,8502
2028194,183,116,1705,2009,370846.0,0.0,-0.484947,-1.07179,QAT,KEN,8502
2028195,185,116,1705,2009,2513192.0,0.0,0.833802,1.024418,ROU,KEN,8502
2028196,187,116,1705,2009,1551231.0,281348.0,-0.31001599999999996,-0.5382170000000001,RWA,KEN,8502
2028197,190,116,1705,2009,0.0,793907.0,-2.2948020000000002,-1.3182040000000002,SDN,KEN,8502
2028198,191,116,1705,2009,57162.0,0.0,-0.53392,-0.415513,SEN,KEN,8502
2028199,192,116,1705,2009,443077.0,0.0,1.9503540000000001,0.498033,SGP,KEN,8502
2028200,199,116,1705,2009,0.0,1569765.0,-0.9824440000000001,-0.99467,SOM,KEN,8502
2028201,206,116,1705,2009,5272.0,0.0,1.231382,0.820968,SVK,KEN,8502
2028202,208,116,1705,2009,315528.0,0.0,1.877821,0.336565,SWE,KEN,8502
2028203,223,116,1705,2009,73690.0,0.0,0.044903,0.9126120000000001,TUN,KEN,8502
2028204,224,116,1705,2009,1220382.0,0.0,0.384596,2.3797610000000002,TUR,KEN,8502
2028205,226,116,1705,2009,2928862.0,448202.0,-0.822897,0.644899,TZA,KEN,8502
2028206,227,116,1705,2009,134125.0,229201.0,-0.573707,-0.036203,UGA,KEN,8502
2028207,231,116,1705,2009,993616.0,0.0,1.657663,-0.41411400000000004,USA,KEN,8502
2028208,246,116,1705,2009,515690.0,0.0,0.316452,1.767795,ZAF,KEN,8502
2028209,247,116,1705,2009,0.0,1046.0,-0.6423909999999999,-0.815315,ZMB,KEN,8502
2028210,249,116,1705,2009,6257.0,0.0,1.5763120000000002,0.9567950000000001,TWN,KEN,8502
2028211,18,117,1705,2009,29455.0,0.0,1.272011,1.074548,BEL,KGZ,8502
2028212,43,117,1705,2009,1121435.0,13619.0,0.898623,2.08703,CHN,KGZ,8502
2028213,61,117,1705,2009,1648373.0,0.0,2.056515,-3.034837,DEU,KGZ,8502
2028214,71,117,1705,2009,13094.0,0.0,0.9021020000000001,2.170578,ESP,KGZ,8502
2028215,77,117,1705,2009,239601.0,0.0,1.540346,0.090377,FRA,KGZ,8502
2028216,81,117,1705,2009,62842.0,0.0,1.7921779999999998,0.41211499999999995,GBR,KGZ,8502
2028217,114,117,1705,2009,19398.0,0.0,2.306791,-0.251712,JPN,KGZ,8502
2028218,115,117,1705,2009,123675.0,2924.0,-0.6547970000000001,-0.772256,KAZ,KGZ,8502
2028219,121,117,1705,2009,32787.0,0.0,1.509336,0.784515,KOR,KGZ,8502
2028220,138,117,1705,2009,8323.0,0.0,1.061625,0.719234,MEX,KGZ,8502
2028221,162,117,1705,2009,0.0,19532.0,1.1914850000000001,1.3076780000000001,NLD,KGZ,8502
2028222,186,117,1705,2009,70296.0,8023.0,0.392478,-0.20038399999999998,RUS,KGZ,8502
2028223,224,117,1705,2009,484911.0,0.0,0.384596,2.3797610000000002,TUR,KGZ,8502
2028224,231,117,1705,2009,366007.0,0.0,1.657663,-0.41411400000000004,USA,KGZ,8502
2028225,14,118,1705,2009,8898.0,0.0,-0.109286,0.13586900000000002,AUS,KHM,8502
2028226,43,118,1705,2009,4465758.0,0.0,0.898623,2.08703,CHN,KHM,8502
2028227,59,118,1705,2009,338951.0,0.0,1.6323159999999999,0.47257200000000005,CZE,KHM,8502
2028228,61,118,1705,2009,21552.0,0.0,2.056515,-3.034837,DEU,KHM,8502
2028229,71,118,1705,2009,77756.0,0.0,0.9021020000000001,2.170578,ESP,KHM,8502
2028230,77,118,1705,2009,69692.0,0.0,1.540346,0.090377,FRA,KHM,8502
2028231,97,118,1705,2009,668398.0,1662.0,0.654964,1.98672,HKG,KHM,8502
2028232,104,118,1705,2009,10403.0,0.0,0.209867,2.254003,IND,KHM,8502
2028233,111,118,1705,2009,8521.0,0.0,1.289,0.64549,ITA,KHM,8502
2028234,114,118,1705,2009,2630632.0,0.0,2.306791,-0.251712,JPN,KHM,8502
2028235,121,118,1705,2009,677968.0,0.0,1.509336,0.784515,KOR,KHM,8502
2028236,153,118,1705,2009,139783.0,10033.0,0.8718229999999999,0.607429,MYS,KHM,8502
2028237,162,118,1705,2009,233886.0,0.0,1.1914850000000001,1.3076780000000001,NLD,KHM,8502
2028238,192,118,1705,2009,1765507.0,0.0,1.9503540000000001,0.498033,SGP,KHM,8502
2028239,209,118,1705,2009,2207.0,0.0,0.6420859999999999,0.060127999999999994,SWZ,KHM,8502
2028240,216,118,1705,2009,686689.0,17024.0,0.79692,1.315501,THA,KHM,8502
2028241,224,118,1705,2009,79126.0,0.0,0.384596,2.3797610000000002,TUR,KHM,8502
2028242,231,118,1705,2009,564538.0,0.0,1.657663,-0.41411400000000004,USA,KHM,8502
2028243,239,118,1705,2009,2391096.0,0.0,-0.27396,1.131199,VNM,KHM,8502
2028244,249,118,1705,2009,601493.0,284055.0,1.5763120000000002,0.9567950000000001,TWN,KHM,8502
2028245,1,122,1705,2009,0.0,7653.0,-0.424354,-0.563383,AFG,KWT,8502
2028246,2,122,1705,2009,0.0,1809.0,-0.809438,-1.190006,AGO,KWT,8502
2028247,7,122,1705,2009,0.0,2184440.0,0.070059,-0.619075,ARE,KWT,8502
2028248,18,122,1705,2009,139540.0,0.0,1.272011,1.074548,BEL,KWT,8502
2028249,21,122,1705,2009,0.0,5230.0,-1.283807,-1.061272,BFA,KWT,8502
2028250,24,122,1705,2009,1420326.0,55598.0,0.250645,-0.767742,BHR,KWT,8502
2028251,39,122,1705,2009,1735763.0,0.0,0.6778069999999999,1.278402,CAN,KWT,8502
2028252,43,122,1705,2009,6075966.0,87246.0,0.898623,2.08703,CHN,KWT,8502
2028253,61,122,1705,2009,428843.0,0.0,2.056515,-3.034837,DEU,KWT,8502
2028254,62,122,1705,2009,0.0,40555.0,0.062037,-0.596527,DJI,KWT,8502
2028255,68,122,1705,2009,0.0,54011.0,-0.20940300000000003,1.6466290000000001,EGY,KWT,8502
2028256,71,122,1705,2009,33281.0,0.0,0.9021020000000001,2.170578,ESP,KWT,8502
2028257,77,122,1705,2009,1210102.0,0.0,1.540346,0.090377,FRA,KWT,8502
2028258,81,122,1705,2009,26737878.0,26813.0,1.7921779999999998,0.41211499999999995,GBR,KWT,8502
2028259,83,122,1705,2009,0.0,1527.0,-0.909436,-0.6619470000000001,GHA,KWT,8502
2028260,103,122,1705,2009,23319.0,0.0,-0.253835,1.260101,IDN,KWT,8502
2028261,104,122,1705,2009,775566.0,0.0,0.209867,2.254003,IND,KWT,8502
2028262,107,122,1705,2009,0.0,305392.0,-1.185702,-1.1049360000000001,IRN,KWT,8502
2028263,111,122,1705,2009,934317.0,1065623.0,1.289,0.64549,ITA,KWT,8502
2028264,114,122,1705,2009,2557588.0,0.0,2.306791,-0.251712,JPN,KWT,8502
2028265,121,122,1705,2009,4650289.0,0.0,1.509336,0.784515,KOR,KWT,8502
2028266,124,122,1705,2009,10546532.0,506351.0,0.48618599999999995,1.4748620000000001,LBN,KWT,8502
2028267,126,122,1705,2009,0.0,78827.0,-1.196032,-1.1829,LBY,KWT,8502
2028268,128,122,1705,2009,0.0,44548.0,-0.653836,0.174403,LKA,KWT,8502
2028269,134,122,1705,2009,0.0,18909.0,-0.48819300000000004,0.173952,MAR,KWT,8502
2028270,162,122,1705,2009,39205.0,0.0,1.1914850000000001,1.3076780000000001,NLD,KWT,8502
2028271,167,122,1705,2009,355102.0,284373.0,-0.691918,-1.015434,OMN,KWT,8502
2028272,168,122,1705,2009,0.0,430110.0,-0.514907,0.44733100000000003,PAK,KWT,8502
2028273,177,122,1705,2009,3697.0,0.0,1.11055,1.069074,POL,KWT,8502
2028274,183,122,1705,2009,1787510.0,2559362.0,-0.484947,-1.07179,QAT,KWT,8502
2028275,188,122,1705,2009,6003238.0,1525666.0,0.300581,-0.813199,SAU,KWT,8502
2028276,192,122,1705,2009,608416.0,0.0,1.9503540000000001,0.498033,SGP,KWT,8502
2028277,212,122,1705,2009,0.0,54046.0,-0.48481199999999997,1.464509,SYR,KWT,8502
2028278,216,122,1705,2009,0.0,2616.0,0.79692,1.315501,THA,KWT,8502
2028279,224,122,1705,2009,0.0,121320.0,0.384596,2.3797610000000002,TUR,KWT,8502
2028280,227,122,1705,2009,0.0,194648.0,-0.573707,-0.036203,UGA,KWT,8502
2028281,231,122,1705,2009,16823202.0,0.0,1.657663,-0.41411400000000004,USA,KWT,8502
2028282,243,122,1705,2009,0.0,32718.0,-0.845426,-1.119091,YEM,KWT,8502
2028283,246,122,1705,2009,819881.0,0.0,0.316452,1.767795,ZAF,KWT,8502
2028284,249,122,1705,2009,7554.0,0.0,1.5763120000000002,0.9567950000000001,TWN,KWT,8502
2028285,250,122,1705,2009,0.0,95141.0,0.582246,-0.10603,ANS,KWT,8502
2028286,1,124,1705,2009,0.0,2953638.0,-0.424354,-0.563383,AFG,LBN,8502
2028287,2,124,1705,2009,0.0,8017450.0,-0.809438,-1.190006,AGO,LBN,8502
2028288,3,124,1705,2009,0.0,14213.0,1.5343360000000001,-0.035211,AIA,LBN,8502
2028289,6,124,1705,2009,0.0,87202.0,0.351025,-0.699817,ANT,LBN,8502
2028290,7,124,1705,2009,0.0,10045466.0,0.070059,-0.619075,ARE,LBN,8502
2028291,9,124,1705,2009,0.0,371918.0,0.24424899999999997,-0.30152399999999996,ARM,LBN,8502
2028292,14,124,1705,2009,1539.0,0.0,-0.109286,0.13586900000000002,AUS,LBN,8502
2028293,16,124,1705,2009,0.0,945431.0,-1.124423,-1.228081,AZE,LBN,8502
2028294,17,124,1705,2009,0.0,695315.0,-0.43971099999999996,-0.575079,BDI,LBN,8502
2028295,18,124,1705,2009,12871.0,0.0,1.272011,1.074548,BEL,LBN,8502
2028296,19,124,1705,2009,0.0,371796.0,-0.93195,-0.813017,BEN,LBN,8502
2028297,21,124,1705,2009,0.0,6298.0,-1.283807,-1.061272,BFA,LBN,8502
2028298,23,124,1705,2009,1776.0,0.0,0.373594,1.571413,BGR,LBN,8502
2028299,24,124,1705,2009,0.0,245181.0,0.250645,-0.767742,BHR,LBN,8502
2028300,34,124,1705,2009,0.0,1322.0,-1.371042,-0.9792120000000001,BRN,LBN,8502
2028301,38,124,1705,2009,0.0,544760.0,-0.5777260000000001,-0.839981,CAF,LBN,8502
2028302,39,124,1705,2009,12409.0,0.0,0.6778069999999999,1.278402,CAN,LBN,8502
2028303,41,124,1705,2009,22416.0,0.0,2.124438,0.484861,CHE,LBN,8502
2028304,43,124,1705,2009,9895843.0,64084.0,0.898623,2.08703,CHN,LBN,8502
2028305,44,124,1705,2009,0.0,305413.0,-0.924681,-0.801371,CIV,LBN,8502
2028306,45,124,1705,2009,0.0,256325.0,-1.128734,-1.022546,CMR,LBN,8502
2028307,47,124,1705,2009,0.0,2341752.0,-1.466289,-1.201249,COG,LBN,8502
2028308,50,124,1705,2009,0.0,2657.0,0.080831,-0.7148760000000001,COM,LBN,8502
2028309,58,124,1705,2009,7525.0,126684.0,0.934193,0.657555,CYP,LBN,8502
2028310,61,124,1705,2009,242111.0,92585.0,2.056515,-3.034837,DEU,LBN,8502
2028311,64,124,1705,2009,26650.0,0.0,1.242327,1.064709,DNK,LBN,8502
2028312,66,124,1705,2009,0.0,4848012.0,-1.161786,-1.188669,DZA,LBN,8502
2028313,68,124,1705,2009,0.0,1204183.0,-0.20940300000000003,1.6466290000000001,EGY,LBN,8502
2028314,71,124,1705,2009,28390.0,213642.0,0.9021020000000001,2.170578,ESP,LBN,8502
2028315,73,124,1705,2009,0.0,50362.0,-0.967483,-0.8219,ETH,LBN,8502
2028316,74,124,1705,2009,5175.0,0.0,1.8206849999999999,0.797421,FIN,LBN,8502
2028317,77,124,1705,2009,748133.0,33721.0,1.540346,0.090377,FRA,LBN,8502
2028318,80,124,1705,2009,0.0,405839.0,-1.197711,-1.147469,GAB,LBN,8502
2028319,81,124,1705,2009,42476733.0,0.0,1.7921779999999998,0.41211499999999995,GBR,LBN,8502
2028320,83,124,1705,2009,0.0,2216818.0,-0.909436,-0.6619470000000001,GHA,LBN,8502
2028321,85,124,1705,2009,0.0,1823460.0,-1.618121,-1.2200520000000001,GIN,LBN,8502
2028322,87,124,1705,2009,0.0,55396.0,-0.573979,-0.644636,GMB,LBN,8502
2028323,89,124,1705,2009,0.0,90537.0,-1.426661,-0.9459870000000001,GNQ,LBN,8502
2028324,97,124,1705,2009,382861.0,0.0,0.654964,1.98672,HKG,LBN,8502
2028325,101,124,1705,2009,0.0,690000.0,-1.406148,-1.108465,HTI,LBN,8502
2028326,104,124,1705,2009,333334.0,0.0,0.209867,2.254003,IND,LBN,8502
2028327,106,124,1705,2009,1952.0,0.0,1.627233,0.020024,IRL,LBN,8502
2028328,107,124,1705,2009,0.0,537753.0,-1.185702,-1.1049360000000001,IRN,LBN,8502
2028329,108,124,1705,2009,2008.0,25588108.0,-1.1683270000000001,-0.9517459999999999,IRQ,LBN,8502
2028330,111,124,1705,2009,1963650.0,0.0,1.289,0.64549,ITA,LBN,8502
2028331,113,124,1705,2009,6376.0,455701.0,0.21374899999999997,0.423774,JOR,LBN,8502
2028332,114,124,1705,2009,1093955.0,0.0,2.306791,-0.251712,JPN,LBN,8502
2028333,115,124,1705,2009,0.0,19786.0,-0.6547970000000001,-0.772256,KAZ,LBN,8502
2028334,121,124,1705,2009,38822.0,815437.0,1.509336,0.784515,KOR,LBN,8502
2028335,122,124,1705,2009,506351.0,10546532.0,-1.386993,-1.203527,KWT,LBN,8502
2028336,125,124,1705,2009,0.0,1780024.0,-0.07508,-0.994632,LBR,LBN,8502
2028337,141,124,1705,2009,0.0,8032.0,-0.84835,-0.780324,MLI,LBN,8502
2028338,147,124,1705,2009,0.0,4848.0,-1.0023090000000001,-0.844765,MOZ,LBN,8502
2028339,148,124,1705,2009,0.0,83966.0,-1.761436,-1.2898479999999999,MRT,LBN,8502
2028340,152,124,1705,2009,0.0,870.0,-1.571672,-1.244864,MWI,LBN,8502
2028341,155,124,1705,2009,0.0,169636.0,-0.081207,-0.075292,NAM,LBN,8502
2028342,157,124,1705,2009,0.0,24616.0,-1.306036,-0.956361,NER,LBN,8502
2028343,159,124,1705,2009,0.0,1068367.0,-1.584051,-1.156247,NGA,LBN,8502
2028344,162,124,1705,2009,38324.0,135486.0,1.1914850000000001,1.3076780000000001,NLD,LBN,8502
2028345,167,124,1705,2009,0.0,198272.0,-0.691918,-1.015434,OMN,LBN,8502
2028346,168,124,1705,2009,0.0,1976538.0,-0.514907,0.44733100000000003,PAK,LBN,8502
2028347,174,124,1705,2009,1407.0,0.0,0.34318000000000004,0.095375,PHL,LBN,8502
2028348,178,124,1705,2009,9574.0,0.0,0.608089,0.709831,PRK,LBN,8502
2028349,183,124,1705,2009,81365.0,2321214.0,-0.484947,-1.07179,QAT,LBN,8502
2028350,185,124,1705,2009,0.0,96836.0,0.833802,1.024418,ROU,LBN,8502
2028351,186,124,1705,2009,0.0,256061.0,0.392478,-0.20038399999999998,RUS,LBN,8502
2028352,187,124,1705,2009,0.0,154354.0,-0.31001599999999996,-0.5382170000000001,RWA,LBN,8502
2028353,188,124,1705,2009,370831.0,8388730.0,0.300581,-0.813199,SAU,LBN,8502
2028354,190,124,1705,2009,0.0,1235916.0,-2.2948020000000002,-1.3182040000000002,SDN,LBN,8502
2028355,191,124,1705,2009,0.0,139059.0,-0.53392,-0.415513,SEN,LBN,8502
2028356,192,124,1705,2009,5437.0,47448.0,1.9503540000000001,0.498033,SGP,LBN,8502
2028357,196,124,1705,2009,0.0,1331848.0,0.06259400000000001,-0.273258,SLE,LBN,8502
2028358,208,124,1705,2009,694334.0,14516.0,1.877821,0.336565,SWE,LBN,8502
2028359,212,124,1705,2009,1705.0,3069489.0,-0.48481199999999997,1.464509,SYR,LBN,8502
2028360,215,124,1705,2009,230709.0,467880.0,-0.561619,-0.759929,TGO,LBN,8502
2028361,224,124,1705,2009,250634.0,157218.0,0.384596,2.3797610000000002,TUR,LBN,8502
2028362,226,124,1705,2009,0.0,109760.0,-0.822897,0.644899,TZA,LBN,8502
2028363,227,124,1705,2009,0.0,121738.0,-0.573707,-0.036203,UGA,LBN,8502
2028364,231,124,1705,2009,2246935.0,0.0,1.657663,-0.41411400000000004,USA,LBN,8502
2028365,243,124,1705,2009,0.0,2073757.0,-0.845426,-1.119091,YEM,LBN,8502
2028366,246,124,1705,2009,0.0,146635.0,0.316452,1.767795,ZAF,LBN,8502
2028367,247,124,1705,2009,0.0,161339.0,-0.6423909999999999,-0.815315,ZMB,LBN,8502
2028368,250,124,1705,2009,4619122.0,1440244.0,0.582246,-0.10603,ANS,LBN,8502
2028369,7,128,1705,2009,123718.0,147009.0,0.070059,-0.619075,ARE,LKA,8502
2028370,15,128,1705,2009,589622.0,0.0,1.651325,-0.020794,AUT,LKA,8502
2028371,22,128,1705,2009,0.0,21679.0,-1.030722,-0.860137,BGD,LKA,8502
2028372,43,128,1705,2009,3820702.0,17137.0,0.898623,2.08703,CHN,LKA,8502
2028373,61,128,1705,2009,1978015.0,0.0,2.056515,-3.034837,DEU,LKA,8502
2028374,64,128,1705,2009,37987.0,0.0,1.242327,1.064709,DNK,LKA,8502
2028375,71,128,1705,2009,89225.0,0.0,0.9021020000000001,2.170578,ESP,LKA,8502
2028376,77,128,1705,2009,8417.0,0.0,1.540346,0.090377,FRA,LKA,8502
2028377,81,128,1705,2009,3375243.0,1269.0,1.7921779999999998,0.41211499999999995,GBR,LKA,8502
2028378,97,128,1705,2009,114509.0,0.0,0.654964,1.98672,HKG,LKA,8502
2028379,104,128,1705,2009,2127923.0,9500.0,0.209867,2.254003,IND,LKA,8502
2028380,111,128,1705,2009,18989.0,79981.0,1.289,0.64549,ITA,LKA,8502
2028381,114,128,1705,2009,2109924.0,0.0,2.306791,-0.251712,JPN,LKA,8502
2028382,121,128,1705,2009,80274.0,0.0,1.509336,0.784515,KOR,LKA,8502
2028383,122,128,1705,2009,44548.0,0.0,-1.386993,-1.203527,KWT,LKA,8502
2028384,130,128,1705,2009,7779.0,0.0,0.647736,1.150962,LTU,LKA,8502
2028385,137,128,1705,2009,16332.0,0.0,-0.415182,-0.9298379999999999,MDV,LKA,8502
2028386,153,128,1705,2009,1523.0,0.0,0.8718229999999999,0.607429,MYS,LKA,8502
2028387,162,128,1705,2009,47467.0,0.0,1.1914850000000001,1.3076780000000001,NLD,LKA,8502
2028388,168,128,1705,2009,27069.0,0.0,-0.514907,0.44733100000000003,PAK,LKA,8502
2028389,183,128,1705,2009,2073.0,0.0,-0.484947,-1.07179,QAT,LKA,8502
2028390,187,128,1705,2009,0.0,8263.0,-0.31001599999999996,-0.5382170000000001,RWA,LKA,8502
2028391,192,128,1705,2009,3888219.0,0.0,1.9503540000000001,0.498033,SGP,LKA,8502
2028392,216,128,1705,2009,8133.0,6627.0,0.79692,1.315501,THA,LKA,8502
2028393,231,128,1705,2009,1661280.0,0.0,1.657663,-0.41411400000000004,USA,LKA,8502
2028394,246,128,1705,2009,2344.0,0.0,0.316452,1.767795,ZAF,LKA,8502
2028395,18,130,1705,2009,762005.0,0.0,1.272011,1.074548,BEL,LTU,8502
2028396,28,130,1705,2009,0.0,885845.0,0.977663,0.549549,BLR,LTU,8502
2028397,39,130,1705,2009,3700.0,0.0,0.6778069999999999,1.278402,CAN,LTU,8502
2028398,43,130,1705,2009,365271.0,0.0,0.898623,2.08703,CHN,LTU,8502
2028399,59,130,1705,2009,380048.0,0.0,1.6323159999999999,0.47257200000000005,CZE,LTU,8502
2028400,61,130,1705,2009,3788828.0,118155.0,2.056515,-3.034837,DEU,LTU,8502
2028401,64,130,1705,2009,1332.0,23547.0,1.242327,1.064709,DNK,LTU,8502
2028402,71,130,1705,2009,222355.0,10141.0,0.9021020000000001,2.170578,ESP,LTU,8502
2028403,72,130,1705,2009,116396.0,7792757.0,0.749058,1.269572,EST,LTU,8502
2028404,74,130,1705,2009,2005643.0,51054.0,1.8206849999999999,0.797421,FIN,LTU,8502
2028405,77,130,1705,2009,406878.0,886440.0,1.540346,0.090377,FRA,LTU,8502
2028406,81,130,1705,2009,216389.0,17730.0,1.7921779999999998,0.41211499999999995,GBR,LTU,8502
2028407,100,130,1705,2009,13726.0,0.0,0.740174,1.005258,HRV,LTU,8502
2028408,102,130,1705,2009,0.0,2653.0,1.397765,0.772375,HUN,LTU,8502
2028409,104,130,1705,2009,245878.0,0.0,0.209867,2.254003,IND,LTU,8502
2028410,111,130,1705,2009,789613.0,0.0,1.289,0.64549,ITA,LTU,8502
2028411,114,130,1705,2009,103802.0,0.0,2.306791,-0.251712,JPN,LTU,8502
2028412,115,130,1705,2009,0.0,1645687.0,-0.6547970000000001,-0.772256,KAZ,LTU,8502
2028413,121,130,1705,2009,5925.0,0.0,1.509336,0.784515,KOR,LTU,8502
2028414,128,130,1705,2009,0.0,7779.0,-0.653836,0.174403,LKA,LTU,8502
2028415,132,130,1705,2009,1126144.0,666013.0,0.675643,0.99977,LVA,LTU,8502
2028416,162,130,1705,2009,8559.0,0.0,1.1914850000000001,1.3076780000000001,NLD,LTU,8502
2028417,163,130,1705,2009,1259593.0,1033.0,0.865455,0.082808,NOR,LTU,8502
2028418,177,130,1705,2009,573766.0,64101.0,1.11055,1.069074,POL,LTU,8502
2028419,186,130,1705,2009,48795.0,7540271.0,0.392478,-0.20038399999999998,RUS,LTU,8502
2028420,208,130,1705,2009,143329.0,0.0,1.877821,0.336565,SWE,LTU,8502
2028421,212,130,1705,2009,0.0,12853.0,-0.48481199999999997,1.464509,SYR,LTU,8502
2028422,224,130,1705,2009,196385.0,0.0,0.384596,2.3797610000000002,TUR,LTU,8502
2028423,228,130,1705,2009,9796.0,71581.0,0.602688,0.830247,UKR,LTU,8502
2028424,231,130,1705,2009,519407.0,0.0,1.657663,-0.41411400000000004,USA,LTU,8502
2028425,239,130,1705,2009,0.0,30298.0,-0.27396,1.131199,VNM,LTU,8502
2028426,2,131,1705,2009,0.0,174.0,-0.809438,-1.190006,AGO,LUX,8502
2028427,15,131,1705,2009,1810.0,0.0,1.651325,-0.020794,AUT,LUX,8502
2028428,18,131,1705,2009,193865.0,4168631.0,1.272011,1.074548,BEL,LUX,8502
2028429,19,131,1705,2009,0.0,60205.0,-0.93195,-0.813017,BEN,LUX,8502
2028430,39,131,1705,2009,2920.0,0.0,0.6778069999999999,1.278402,CAN,LUX,8502
2028431,41,131,1705,2009,93092.0,135333.0,2.124438,0.484861,CHE,LUX,8502
2028432,43,131,1705,2009,43545.0,0.0,0.898623,2.08703,CHN,LUX,8502
2028433,61,131,1705,2009,10063205.0,2405742.0,2.056515,-3.034837,DEU,LUX,8502
2028434,66,131,1705,2009,0.0,178715.0,-1.161786,-1.188669,DZA,LUX,8502
2028435,67,131,1705,2009,237.0,0.0,-0.92724,-0.965628,ECU,LUX,8502
2028436,71,131,1705,2009,0.0,46968.0,0.9021020000000001,2.170578,ESP,LUX,8502
2028437,77,131,1705,2009,1597373.0,8574191.0,1.540346,0.090377,FRA,LUX,8502
2028438,81,131,1705,2009,147409.0,2619.0,1.7921779999999998,0.41211499999999995,GBR,LUX,8502
2028439,90,131,1705,2009,0.0,22957.0,0.2196,1.63301,GRC,LUX,8502
2028440,111,131,1705,2009,162024.0,0.0,1.289,0.64549,ITA,LUX,8502
2028441,114,131,1705,2009,4562.0,14214.0,2.306791,-0.251712,JPN,LUX,8502
2028442,138,131,1705,2009,0.0,193147.0,1.061625,0.719234,MEX,LUX,8502
2028443,162,131,1705,2009,24448.0,57097.0,1.1914850000000001,1.3076780000000001,NLD,LUX,8502
2028444,163,131,1705,2009,1625.0,0.0,0.865455,0.082808,NOR,LUX,8502
2028445,186,131,1705,2009,0.0,27210.0,0.392478,-0.20038399999999998,RUS,LUX,8502
2028446,250,131,1705,2009,678162.0,0.0,0.582246,-0.10603,ANS,LUX,8502
2028447,18,132,1705,2009,4273.0,0.0,1.272011,1.074548,BEL,LVA,8502
2028448,23,132,1705,2009,0.0,229689.0,0.373594,1.571413,BGR,LVA,8502
2028449,28,132,1705,2009,0.0,20275.0,0.977663,0.549549,BLR,LVA,8502
2028450,41,132,1705,2009,2675.0,0.0,2.124438,0.484861,CHE,LVA,8502
2028451,43,132,1705,2009,3196050.0,0.0,0.898623,2.08703,CHN,LVA,8502
2028452,59,132,1705,2009,2610177.0,0.0,1.6323159999999999,0.47257200000000005,CZE,LVA,8502
2028453,61,132,1705,2009,4965047.0,143768.0,2.056515,-3.034837,DEU,LVA,8502
2028454,64,132,1705,2009,19234.0,0.0,1.242327,1.064709,DNK,LVA,8502
2028455,71,132,1705,2009,122258.0,0.0,0.9021020000000001,2.170578,ESP,LVA,8502
2028456,72,132,1705,2009,2788415.0,41144.0,0.749058,1.269572,EST,LVA,8502
2028457,74,132,1705,2009,199288.0,0.0,1.8206849999999999,0.797421,FIN,LVA,8502
2028458,77,132,1705,2009,1443554.0,0.0,1.540346,0.090377,FRA,LVA,8502
2028459,81,132,1705,2009,471680.0,3533.0,1.7921779999999998,0.41211499999999995,GBR,LVA,8502
2028460,97,132,1705,2009,0.0,8744.0,0.654964,1.98672,HKG,LVA,8502
2028461,111,132,1705,2009,725088.0,0.0,1.289,0.64549,ITA,LVA,8502
2028462,114,132,1705,2009,145294.0,0.0,2.306791,-0.251712,JPN,LVA,8502
2028463,115,132,1705,2009,0.0,1194598.0,-0.6547970000000001,-0.772256,KAZ,LVA,8502
2028464,130,132,1705,2009,666013.0,1126144.0,0.647736,1.150962,LTU,LVA,8502
2028465,162,132,1705,2009,304034.0,0.0,1.1914850000000001,1.3076780000000001,NLD,LVA,8502
2028466,163,132,1705,2009,22086.0,0.0,0.865455,0.082808,NOR,LVA,8502
2028467,177,132,1705,2009,171699.0,6714.0,1.11055,1.069074,POL,LVA,8502
2028468,186,132,1705,2009,22359.0,2062856.0,0.392478,-0.20038399999999998,RUS,LVA,8502
2028469,208,132,1705,2009,57430.0,0.0,1.877821,0.336565,SWE,LVA,8502
2028470,219,132,1705,2009,0.0,1822.0,-1.060378,-1.17279,TKM,LVA,8502
2028471,228,132,1705,2009,2824.0,69231.0,0.602688,0.830247,UKR,LVA,8502
2028472,231,132,1705,2009,92375.0,0.0,1.657663,-0.41411400000000004,USA,LVA,8502
2028473,15,135,1705,2009,47047.0,0.0,1.651325,-0.020794,AUT,MDA,8502
2028474,43,135,1705,2009,123330.0,0.0,0.898623,2.08703,CHN,MDA,8502
2028475,61,135,1705,2009,188722.0,0.0,2.056515,-3.034837,DEU,MDA,8502
2028476,71,135,1705,2009,1487159.0,0.0,0.9021020000000001,2.170578,ESP,MDA,8502
2028477,77,135,1705,2009,122160.0,0.0,1.540346,0.090377,FRA,MDA,8502
2028478,102,135,1705,2009,2137293.0,0.0,1.397765,0.772375,HUN,MDA,8502
2028479,104,135,1705,2009,18670.0,0.0,0.209867,2.254003,IND,MDA,8502
2028480,111,135,1705,2009,74556.0,0.0,1.289,0.64549,ITA,MDA,8502
2028481,114,135,1705,2009,589.0,0.0,2.306791,-0.251712,JPN,MDA,8502
2028482,162,135,1705,2009,10718.0,0.0,1.1914850000000001,1.3076780000000001,NLD,MDA,8502
2028483,185,135,1705,2009,2016570.0,22237.0,0.833802,1.024418,ROU,MDA,8502
2028484,186,135,1705,2009,41879.0,198878.0,0.392478,-0.20038399999999998,RUS,MDA,8502
2028485,206,135,1705,2009,69298.0,0.0,1.231382,0.820968,SVK,MDA,8502
2028486,224,135,1705,2009,168600.0,28872.0,0.384596,2.3797610000000002,TUR,MDA,8502
2028487,228,135,1705,2009,10842.0,0.0,0.602688,0.830247,UKR,MDA,8502
2028488,7,142,1705,2009,1132.0,0.0,0.070059,-0.619075,ARE,MLT,8502
2028489,18,142,1705,2009,55887.0,0.0,1.272011,1.074548,BEL,MLT,8502
2028490,42,142,1705,2009,49362.0,0.0,-0.219521,-0.34239,CHL,MLT,8502
2028491,43,142,1705,2009,859363.0,0.0,0.898623,2.08703,CHN,MLT,8502
2028492,61,142,1705,2009,44125.0,580339.0,2.056515,-3.034837,DEU,MLT,8502
2028493,68,142,1705,2009,0.0,14751.0,-0.20940300000000003,1.6466290000000001,EGY,MLT,8502
2028494,71,142,1705,2009,96501.0,0.0,0.9021020000000001,2.170578,ESP,MLT,8502
2028495,77,142,1705,2009,157279.0,35003.0,1.540346,0.090377,FRA,MLT,8502
2028496,81,142,1705,2009,740079.0,0.0,1.7921779999999998,0.41211499999999995,GBR,MLT,8502
2028497,82,142,1705,2009,0.0,296766.0,0.045952,-0.381822,GEO,MLT,8502
2028498,97,142,1705,2009,8626.0,0.0,0.654964,1.98672,HKG,MLT,8502
2028499,111,142,1705,2009,2895314.0,19983.0,1.289,0.64549,ITA,MLT,8502
2028500,114,142,1705,2009,86688.0,0.0,2.306791,-0.251712,JPN,MLT,8502
2028501,126,142,1705,2009,0.0,1148929.0,-1.196032,-1.1829,LBY,MLT,8502
2028502,153,142,1705,2009,2983.0,0.0,0.8718229999999999,0.607429,MYS,MLT,8502
2028503,162,142,1705,2009,103516.0,0.0,1.1914850000000001,1.3076780000000001,NLD,MLT,8502
2028504,163,142,1705,2009,2129.0,0.0,0.865455,0.082808,NOR,MLT,8502
2028505,198,142,1705,2009,7454.0,0.0,1.221869,0.351498,SMR,MLT,8502
2028506,224,142,1705,2009,35860.0,0.0,0.384596,2.3797610000000002,TUR,MLT,8502
2028507,231,142,1705,2009,121782.0,0.0,1.657663,-0.41411400000000004,USA,MLT,8502
2028508,4,144,1705,2009,6337.0,0.0,-0.41612200000000005,-0.256639,ALB,MNE,8502
2028509,15,144,1705,2009,34488.0,0.0,1.651325,-0.020794,AUT,MNE,8502
2028510,26,144,1705,2009,107770.0,6803.0,0.519113,0.762582,BIH,MNE,8502
2028511,43,144,1705,2009,184605.0,0.0,0.898623,2.08703,CHN,MNE,8502
2028512,61,144,1705,2009,40702.0,0.0,2.056515,-3.034837,DEU,MNE,8502
2028513,68,144,1705,2009,0.0,1953.0,-0.20940300000000003,1.6466290000000001,EGY,MNE,8502
2028514,71,144,1705,2009,25672.0,0.0,0.9021020000000001,2.170578,ESP,MNE,8502
2028515,77,144,1705,2009,17940.0,0.0,1.540346,0.090377,FRA,MNE,8502
2028516,81,144,1705,2009,190198.0,6306.0,1.7921779999999998,0.41211499999999995,GBR,MNE,8502
2028517,90,144,1705,2009,4798.0,0.0,0.2196,1.63301,GRC,MNE,8502
2028518,100,144,1705,2009,113658.0,3721.0,0.740174,1.005258,HRV,MNE,8502
2028519,104,144,1705,2009,6128.0,0.0,0.209867,2.254003,IND,MNE,8502
2028520,111,144,1705,2009,616494.0,0.0,1.289,0.64549,ITA,MNE,8502
2028521,114,144,1705,2009,2772.0,0.0,2.306791,-0.251712,JPN,MNE,8502
2028522,140,144,1705,2009,0.0,17834.0,-0.14890499999999998,0.405505,MKD,MNE,8502
2028523,201,144,1705,2009,512272.0,22886.0,0.531766,1.477837,SRB,MNE,8502
2028524,207,144,1705,2009,385424.0,0.0,1.548036,0.730396,SVN,MNE,8502
2028525,208,144,1705,2009,1987.0,0.0,1.877821,0.336565,SWE,MNE,8502
2028526,224,144,1705,2009,7785.0,0.0,0.384596,2.3797610000000002,TUR,MNE,8502
2028527,231,144,1705,2009,14798.0,0.0,1.657663,-0.41411400000000004,USA,MNE,8502
2028528,250,144,1705,2009,180078.0,0.0,0.582246,-0.10603,ANS,MNE,8502
2028529,1,159,1705,2009,72453.0,0.0,-0.424354,-0.563383,AFG,NGA,8502
2028530,2,159,1705,2009,22807670.0,95409.0,-0.809438,-1.190006,AGO,NGA,8502
2028531,5,159,1705,2009,185086.0,0.0,1.002767,0.6733,AND,NGA,8502
2028532,7,159,1705,2009,5065504.0,0.0,0.070059,-0.619075,ARE,NGA,8502
2028533,8,159,1705,2009,54450.0,0.0,0.27637,0.611129,ARG,NGA,8502
2028534,13,159,1705,2009,253187.0,13019.0,0.930903,0.279441,ATG,NGA,8502
2028535,14,159,1705,2009,523286.0,1434.0,-0.109286,0.13586900000000002,AUS,NGA,8502
2028536,15,159,1705,2009,962895.0,0.0,1.651325,-0.020794,AUT,NGA,8502
2028537,18,159,1705,2009,10704661.0,1515.0,1.272011,1.074548,BEL,NGA,8502
2028538,19,159,1705,2009,56242.0,38645.0,-0.93195,-0.813017,BEN,NGA,8502
2028539,24,159,1705,2009,190455.0,0.0,0.250645,-0.767742,BHR,NGA,8502
2028540,29,159,1705,2009,0.0,2191.0,-1.0464040000000001,-0.949774,BLZ,NGA,8502
2028541,32,159,1705,2009,82969.0,0.0,0.35447199999999995,0.8522360000000001,BRA,NGA,8502
2028542,33,159,1705,2009,285966.0,0.0,0.8652620000000001,0.796057,BRB,NGA,8502
2028543,34,159,1705,2009,2303.0,0.0,-1.371042,-0.9792120000000001,BRN,NGA,8502
2028544,36,159,1705,2009,417316.0,0.0,0.936732,-0.438837,BVT,NGA,8502
2028545,37,159,1705,2009,303532.0,0.0,-0.008142,-0.599115,BWA,NGA,8502
2028546,41,159,1705,2009,1550472.0,0.0,2.124438,0.484861,CHE,NGA,8502
2028547,42,159,1705,2009,49035.0,0.0,-0.219521,-0.34239,CHL,NGA,8502
2028548,43,159,1705,2009,229465855.0,0.0,0.898623,2.08703,CHN,NGA,8502
2028549,44,159,1705,2009,10368.0,0.0,-0.924681,-0.801371,CIV,NGA,8502
2028550,47,159,1705,2009,1825.0,0.0,-1.466289,-1.201249,COG,NGA,8502
2028551,58,159,1705,2009,3721.0,0.0,0.934193,0.657555,CYP,NGA,8502
2028552,61,159,1705,2009,6314663.0,1888.0,2.056515,-3.034837,DEU,NGA,8502
2028553,66,159,1705,2009,2936.0,0.0,-1.161786,-1.188669,DZA,NGA,8502
2028554,68,159,1705,2009,404406.0,0.0,-0.20940300000000003,1.6466290000000001,EGY,NGA,8502
2028555,71,159,1705,2009,1880723.0,0.0,0.9021020000000001,2.170578,ESP,NGA,8502
2028556,74,159,1705,2009,4323582.0,0.0,1.8206849999999999,0.797421,FIN,NGA,8502
2028557,77,159,1705,2009,20557954.0,0.0,1.540346,0.090377,FRA,NGA,8502
2028558,80,159,1705,2009,3858.0,0.0,-1.197711,-1.147469,GAB,NGA,8502
2028559,81,159,1705,2009,153420378.0,0.0,1.7921779999999998,0.41211499999999995,GBR,NGA,8502
2028560,83,159,1705,2009,2426787.0,10439.0,-0.909436,-0.6619470000000001,GHA,NGA,8502
2028561,87,159,1705,2009,33156.0,5218.0,-0.573979,-0.644636,GMB,NGA,8502
2028562,89,159,1705,2009,87348.0,0.0,-1.426661,-0.9459870000000001,GNQ,NGA,8502
2028563,90,159,1705,2009,1167.0,0.0,0.2196,1.63301,GRC,NGA,8502
2028564,97,159,1705,2009,1273010.0,0.0,0.654964,1.98672,HKG,NGA,8502
2028565,103,159,1705,2009,5101.0,0.0,-0.253835,1.260101,IDN,NGA,8502
2028566,104,159,1705,2009,2295277.0,0.0,0.209867,2.254003,IND,NGA,8502
2028567,106,159,1705,2009,306757.0,0.0,1.627233,0.020024,IRL,NGA,8502
2028568,109,159,1705,2009,27005.0,0.0,0.21713200000000002,-0.371812,ISL,NGA,8502
2028569,110,159,1705,2009,1979372.0,0.0,1.226438,0.816299,ISR,NGA,8502
2028570,111,159,1705,2009,3336292.0,0.0,1.289,0.64549,ITA,NGA,8502
2028571,114,159,1705,2009,6764607.0,0.0,2.306791,-0.251712,JPN,NGA,8502
2028572,121,159,1705,2009,360069.0,0.0,1.509336,0.784515,KOR,NGA,8502
2028573,124,159,1705,2009,1068367.0,0.0,0.48618599999999995,1.4748620000000001,LBN,NGA,8502
2028574,138,159,1705,2009,373173.0,0.0,1.061625,0.719234,MEX,NGA,8502
2028575,157,159,1705,2009,45359.0,262400.0,-1.306036,-0.956361,NER,NGA,8502
2028576,162,159,1705,2009,2427865.0,47324.0,1.1914850000000001,1.3076780000000001,NLD,NGA,8502
2028577,163,159,1705,2009,13048.0,0.0,0.865455,0.082808,NOR,NGA,8502
2028578,168,159,1705,2009,16312.0,0.0,-0.514907,0.44733100000000003,PAK,NGA,8502
2028579,177,159,1705,2009,209768.0,0.0,1.11055,1.069074,POL,NGA,8502
2028580,185,159,1705,2009,1776.0,0.0,0.833802,1.024418,ROU,NGA,8502
2028581,191,159,1705,2009,0.0,1909.0,-0.53392,-0.415513,SEN,NGA,8502
2028582,192,159,1705,2009,2370012.0,674586.0,1.9503540000000001,0.498033,SGP,NGA,8502
2028583,216,159,1705,2009,37184.0,0.0,0.79692,1.315501,THA,NGA,8502
2028584,224,159,1705,2009,158734.0,0.0,0.384596,2.3797610000000002,TUR,NGA,8502
2028585,231,159,1705,2009,26289032.0,0.0,1.657663,-0.41411400000000004,USA,NGA,8502
2028586,236,159,1705,2009,776.0,0.0,-0.5847600000000001,-1.150334,VEN,NGA,8502
2028587,246,159,1705,2009,3559547.0,1536.0,0.316452,1.767795,ZAF,NGA,8502
2028588,249,159,1705,2009,146540.0,0.0,1.5763120000000002,0.9567950000000001,TWN,NGA,8502
2028589,7,167,1705,2009,15063359.0,4809089.0,0.070059,-0.619075,ARE,OMN,8502
2028590,14,167,1705,2009,7929.0,0.0,-0.109286,0.13586900000000002,AUS,OMN,8502
2028591,15,167,1705,2009,0.0,1011.0,1.651325,-0.020794,AUT,OMN,8502
2028592,18,167,1705,2009,65738.0,0.0,1.272011,1.074548,BEL,OMN,8502
2028593,24,167,1705,2009,940232.0,2394.0,0.250645,-0.767742,BHR,OMN,8502
2028594,32,167,1705,2009,691935.0,0.0,0.35447199999999995,0.8522360000000001,BRA,OMN,8502
2028595,39,167,1705,2009,240219.0,0.0,0.6778069999999999,1.278402,CAN,OMN,8502
2028596,41,167,1705,2009,1335883.0,0.0,2.124438,0.484861,CHE,OMN,8502
2028597,43,167,1705,2009,620891.0,0.0,0.898623,2.08703,CHN,OMN,8502
2028598,61,167,1705,2009,130696.0,0.0,2.056515,-3.034837,DEU,OMN,8502
2028599,71,167,1705,2009,88233.0,0.0,0.9021020000000001,2.170578,ESP,OMN,8502
2028600,73,167,1705,2009,0.0,48842.0,-0.967483,-0.8219,ETH,OMN,8502
2028601,77,167,1705,2009,126726.0,0.0,1.540346,0.090377,FRA,OMN,8502
2028602,81,167,1705,2009,2566409.0,8688.0,1.7921779999999998,0.41211499999999995,GBR,OMN,8502
2028603,83,167,1705,2009,0.0,2371.0,-0.909436,-0.6619470000000001,GHA,OMN,8502
2028604,90,167,1705,2009,8498.0,0.0,0.2196,1.63301,GRC,OMN,8502
2028605,97,167,1705,2009,109140.0,0.0,0.654964,1.98672,HKG,OMN,8502
2028606,103,167,1705,2009,55702.0,0.0,-0.253835,1.260101,IDN,OMN,8502
2028607,104,167,1705,2009,7251844.0,61482.0,0.209867,2.254003,IND,OMN,8502
2028608,107,167,1705,2009,0.0,2601.0,-1.185702,-1.1049360000000001,IRN,OMN,8502
2028609,111,167,1705,2009,2415118.0,1732.0,1.289,0.64549,ITA,OMN,8502
2028610,114,167,1705,2009,1460545.0,0.0,2.306791,-0.251712,JPN,OMN,8502
2028611,122,167,1705,2009,284373.0,355102.0,-1.386993,-1.203527,KWT,OMN,8502
2028612,124,167,1705,2009,198272.0,0.0,0.48618599999999995,1.4748620000000001,LBN,OMN,8502
2028613,151,167,1705,2009,43570.0,0.0,-0.198194,0.067014,MUS,OMN,8502
2028614,153,167,1705,2009,8403.0,0.0,0.8718229999999999,0.607429,MYS,OMN,8502
2028615,168,167,1705,2009,29986.0,183847.0,-0.514907,0.44733100000000003,PAK,OMN,8502
2028616,177,167,1705,2009,16741.0,0.0,1.11055,1.069074,POL,OMN,8502
2028617,183,167,1705,2009,433964.0,281243.0,-0.484947,-1.07179,QAT,OMN,8502
2028618,188,167,1705,2009,1454194.0,4424.0,0.300581,-0.813199,SAU,OMN,8502
2028619,192,167,1705,2009,0.0,264936.0,1.9503540000000001,0.498033,SGP,OMN,8502
2028620,199,167,1705,2009,0.0,1897298.0,-0.9824440000000001,-0.99467,SOM,OMN,8502
2028621,216,167,1705,2009,1521.0,0.0,0.79692,1.315501,THA,OMN,8502
2028622,224,167,1705,2009,0.0,5373.0,0.384596,2.3797610000000002,TUR,OMN,8502
2028623,226,167,1705,2009,0.0,10117.0,-0.822897,0.644899,TZA,OMN,8502
2028624,231,167,1705,2009,11209392.0,0.0,1.657663,-0.41411400000000004,USA,OMN,8502
2028625,243,167,1705,2009,0.0,9840.0,-0.845426,-1.119091,YEM,OMN,8502
2028626,7,183,1705,2009,0.0,3695663.0,0.070059,-0.619075,ARE,QAT,8502
2028627,14,183,1705,2009,0.0,6772.0,-0.109286,0.13586900000000002,AUS,QAT,8502
2028628,18,183,1705,2009,540086.0,2194315.0,1.272011,1.074548,BEL,QAT,8502
2028629,24,183,1705,2009,1015149.0,407461.0,0.250645,-0.767742,BHR,QAT,8502
2028630,39,183,1705,2009,3955.0,0.0,0.6778069999999999,1.278402,CAN,QAT,8502
2028631,43,183,1705,2009,1069493.0,2656.0,0.898623,2.08703,CHN,QAT,8502
2028632,59,183,1705,2009,5377642.0,0.0,1.6323159999999999,0.47257200000000005,CZE,QAT,8502
2028633,61,183,1705,2009,31160501.0,110019.0,2.056515,-3.034837,DEU,QAT,8502
2028634,66,183,1705,2009,0.0,70480.0,-1.161786,-1.188669,DZA,QAT,8502
2028635,68,183,1705,2009,0.0,54043.0,-0.20940300000000003,1.6466290000000001,EGY,QAT,8502
2028636,69,183,1705,2009,0.0,15480.0,0.081675,-0.37700100000000003,ERI,QAT,8502
2028637,71,183,1705,2009,178880.0,0.0,0.9021020000000001,2.170578,ESP,QAT,8502
2028638,74,183,1705,2009,0.0,6015.0,1.8206849999999999,0.797421,FIN,QAT,8502
2028639,77,183,1705,2009,3280197.0,0.0,1.540346,0.090377,FRA,QAT,8502
2028640,81,183,1705,2009,3937944.0,3081.0,1.7921779999999998,0.41211499999999995,GBR,QAT,8502
2028641,104,183,1705,2009,2208739.0,91139.0,0.209867,2.254003,IND,QAT,8502
2028642,108,183,1705,2009,0.0,50155.0,-1.1683270000000001,-0.9517459999999999,IRQ,QAT,8502
2028643,111,183,1705,2009,6750961.0,318811.0,1.289,0.64549,ITA,QAT,8502
2028644,114,183,1705,2009,731213.0,0.0,2.306791,-0.251712,JPN,QAT,8502
2028645,116,183,1705,2009,0.0,370846.0,-0.26477399999999995,0.932587,KEN,QAT,8502
2028646,121,183,1705,2009,886283.0,1637538.0,1.509336,0.784515,KOR,QAT,8502
2028647,122,183,1705,2009,2559362.0,1787510.0,-1.386993,-1.203527,KWT,QAT,8502
2028648,124,183,1705,2009,2321214.0,81365.0,0.48618599999999995,1.4748620000000001,LBN,QAT,8502
2028649,128,183,1705,2009,0.0,2073.0,-0.653836,0.174403,LKA,QAT,8502
2028650,153,183,1705,2009,25219.0,106371.0,0.8718229999999999,0.607429,MYS,QAT,8502
2028651,162,183,1705,2009,0.0,39537.0,1.1914850000000001,1.3076780000000001,NLD,QAT,8502
2028652,167,183,1705,2009,281243.0,433964.0,-0.691918,-1.015434,OMN,QAT,8502
2028653,168,183,1705,2009,0.0,109965.0,-0.514907,0.44733100000000003,PAK,QAT,8502
2028654,188,183,1705,2009,295495.0,809586.0,0.300581,-0.813199,SAU,QAT,8502
2028655,192,183,1705,2009,939638.0,13959.0,1.9503540000000001,0.498033,SGP,QAT,8502
2028656,212,183,1705,2009,0.0,322207.0,-0.48481199999999997,1.464509,SYR,QAT,8502
2028657,224,183,1705,2009,926514.0,0.0,0.384596,2.3797610000000002,TUR,QAT,8502
2028658,231,183,1705,2009,15283448.0,60008.0,1.657663,-0.41411400000000004,USA,QAT,8502
2028659,243,183,1705,2009,0.0,2291.0,-0.845426,-1.119091,YEM,QAT,8502
2028660,246,183,1705,2009,1578.0,0.0,0.316452,1.767795,ZAF,QAT,8502
2028661,2,186,1705,2009,0.0,22978.0,-0.809438,-1.190006,AGO,RUS,8502
2028662,7,186,1705,2009,0.0,4607.0,0.070059,-0.619075,ARE,RUS,8502
2028663,9,186,1705,2009,209837.0,263213.0,0.24424899999999997,-0.30152399999999996,ARM,RUS,8502
2028664,15,186,1705,2009,19086676.0,0.0,1.651325,-0.020794,AUT,RUS,8502
2028665,16,186,1705,2009,476.0,376224.0,-1.124423,-1.228081,AZE,RUS,8502
2028666,18,186,1705,2009,80762113.0,58572.0,1.272011,1.074548,BEL,RUS,8502
2028667,22,186,1705,2009,0.0,2604.0,-1.030722,-0.860137,BGD,RUS,8502
2028668,28,186,1705,2009,136424.0,6197334.0,0.977663,0.549549,BLR,RUS,8502
2028669,32,186,1705,2009,6145.0,0.0,0.35447199999999995,0.8522360000000001,BRA,RUS,8502
2028670,39,186,1705,2009,1458085.0,16453.0,0.6778069999999999,1.278402,CAN,RUS,8502
2028671,41,186,1705,2009,79486.0,0.0,2.124438,0.484861,CHE,RUS,8502
2028672,43,186,1705,2009,31637398.0,9577199.0,0.898623,2.08703,CHN,RUS,8502
2028673,47,186,1705,2009,0.0,50153.0,-1.466289,-1.201249,COG,RUS,8502
2028674,49,186,1705,2009,0.0,1267144.0,0.263416,0.38947,COL,RUS,8502
2028675,54,186,1705,2009,0.0,654589.0,0.188114,-0.819958,CUB,RUS,8502
2028676,59,186,1705,2009,39265083.0,39786.0,1.6323159999999999,0.47257200000000005,CZE,RUS,8502
2028677,61,186,1705,2009,41536010.0,131681.0,2.056515,-3.034837,DEU,RUS,8502
2028678,62,186,1705,2009,0.0,21772.0,0.062037,-0.596527,DJI,RUS,8502
2028679,64,186,1705,2009,1610948.0,1759.0,1.242327,1.064709,DNK,RUS,8502
2028680,68,186,1705,2009,2860.0,29704.0,-0.20940300000000003,1.6466290000000001,EGY,RUS,8502
2028681,71,186,1705,2009,2254927.0,0.0,0.9021020000000001,2.170578,ESP,RUS,8502
2028682,72,186,1705,2009,330709.0,31292.0,0.749058,1.269572,EST,RUS,8502
2028683,74,186,1705,2009,28248638.0,55541.0,1.8206849999999999,0.797421,FIN,RUS,8502
2028684,77,186,1705,2009,3374066.0,19298.0,1.540346,0.090377,FRA,RUS,8502
2028685,81,186,1705,2009,56952738.0,655107.0,1.7921779999999998,0.41211499999999995,GBR,RUS,8502
2028686,82,186,1705,2009,0.0,258173.0,0.045952,-0.381822,GEO,RUS,8502
2028687,85,186,1705,2009,0.0,5696.0,-1.618121,-1.2200520000000001,GIN,RUS,8502
2028688,100,186,1705,2009,0.0,207844.0,0.740174,1.005258,HRV,RUS,8502
2028689,102,186,1705,2009,88008217.0,0.0,1.397765,0.772375,HUN,RUS,8502
2028690,104,186,1705,2009,3009535.0,7261648.0,0.209867,2.254003,IND,RUS,8502
2028691,106,186,1705,2009,105477.0,0.0,1.627233,0.020024,IRL,RUS,8502
2028692,107,186,1705,2009,0.0,309919.0,-1.185702,-1.1049360000000001,IRN,RUS,8502
2028693,110,186,1705,2009,43665.0,1814.0,1.226438,0.816299,ISR,RUS,8502
2028694,111,186,1705,2009,5474353.0,7088.0,1.289,0.64549,ITA,RUS,8502
2028695,114,186,1705,2009,14463877.0,1129512.0,2.306791,-0.251712,JPN,RUS,8502
2028696,115,186,1705,2009,232212.0,4710847.0,-0.6547970000000001,-0.772256,KAZ,RUS,8502
2028697,117,186,1705,2009,8023.0,70296.0,-0.251815,0.144822,KGZ,RUS,8502
2028698,121,186,1705,2009,715861.0,978872.0,1.509336,0.784515,KOR,RUS,8502
2028699,124,186,1705,2009,256061.0,0.0,0.48618599999999995,1.4748620000000001,LBN,RUS,8502
2028700,130,186,1705,2009,7540271.0,48795.0,0.647736,1.150962,LTU,RUS,8502
2028701,131,186,1705,2009,27210.0,0.0,1.323336,1.026341,LUX,RUS,8502
2028702,132,186,1705,2009,2062856.0,22359.0,0.675643,0.99977,LVA,RUS,8502
2028703,135,186,1705,2009,198878.0,41879.0,0.009281999999999999,-0.039299,MDA,RUS,8502
2028704,143,186,1705,2009,0.0,17311.0,-1.6459529999999998,-1.186635,MMR,RUS,8502
2028705,145,186,1705,2009,0.0,8835.0,-0.825506,-1.067644,MNG,RUS,8502
2028706,162,186,1705,2009,114724688.0,40715.0,1.1914850000000001,1.3076780000000001,NLD,RUS,8502
2028707,163,186,1705,2009,292334.0,0.0,0.865455,0.082808,NOR,RUS,8502
2028708,169,186,1705,2009,0.0,757147.0,0.629137,0.5894010000000001,PAN,RUS,8502
2028709,173,186,1705,2009,0.0,2421.0,-0.53304,0.221183,PER,RUS,8502
2028710,177,186,1705,2009,1794086.0,100240.0,1.11055,1.069074,POL,RUS,8502
2028711,178,186,1705,2009,4198.0,55552.0,0.608089,0.709831,PRK,RUS,8502
2028712,185,186,1705,2009,8364452.0,26876.0,0.833802,1.024418,ROU,RUS,8502
2028713,188,186,1705,2009,1070880.0,0.0,0.300581,-0.813199,SAU,RUS,8502
2028714,190,186,1705,2009,0.0,1561.0,-2.2948020000000002,-1.3182040000000002,SDN,RUS,8502
2028715,192,186,1705,2009,1177832.0,1848447.0,1.9503540000000001,0.498033,SGP,RUS,8502
2028716,206,186,1705,2009,12268828.0,3586.0,1.231382,0.820968,SVK,RUS,8502
2028717,207,186,1705,2009,69414.0,0.0,1.548036,0.730396,SVN,RUS,8502
2028718,208,186,1705,2009,103132924.0,0.0,1.877821,0.336565,SWE,RUS,8502
2028719,212,186,1705,2009,0.0,4932.0,-0.48481199999999997,1.464509,SYR,RUS,8502
2028720,217,186,1705,2009,0.0,41375.0,-1.0237319999999999,-1.1837950000000002,TJK,RUS,8502
2028721,219,186,1705,2009,0.0,2312942.0,-1.060378,-1.17279,TKM,RUS,8502
2028722,224,186,1705,2009,5524004.0,453738.0,0.384596,2.3797610000000002,TUR,RUS,8502
2028723,227,186,1705,2009,0.0,129272.0,-0.573707,-0.036203,UGA,RUS,8502
2028724,228,186,1705,2009,5147025.0,10125685.0,0.602688,0.830247,UKR,RUS,8502
2028725,231,186,1705,2009,114637374.0,36202.0,1.657663,-0.41411400000000004,USA,RUS,8502
2028726,232,186,1705,2009,82162.0,1831502.0,-0.6115470000000001,-0.710622,UZB,RUS,8502
2028727,239,186,1705,2009,167531.0,103621.0,-0.27396,1.131199,VNM,RUS,8502
2028728,249,186,1705,2009,17736.0,0.0,1.5763120000000002,0.9567950000000001,TWN,RUS,8502
2028729,2,192,1705,2009,0.0,1433892.0,-0.809438,-1.190006,AGO,SGP,8502
2028730,7,192,1705,2009,87520.0,18671069.0,0.070059,-0.619075,ARE,SGP,8502
2028731,14,192,1705,2009,842503.0,27983003.0,-0.109286,0.13586900000000002,AUS,SGP,8502
2028732,15,192,1705,2009,9933142.0,0.0,1.651325,-0.020794,AUT,SGP,8502
2028733,16,192,1705,2009,373346.0,0.0,-1.124423,-1.228081,AZE,SGP,8502
2028734,18,192,1705,2009,491472.0,0.0,1.272011,1.074548,BEL,SGP,8502
2028735,22,192,1705,2009,1364796.0,33698959.0,-1.030722,-0.860137,BGD,SGP,8502
2028736,24,192,1705,2009,0.0,8492.0,0.250645,-0.767742,BHR,SGP,8502
2028737,32,192,1705,2009,0.0,3154809.0,0.35447199999999995,0.8522360000000001,BRA,SGP,8502
2028738,34,192,1705,2009,24443.0,1330619.0,-1.371042,-0.9792120000000001,BRN,SGP,8502
2028739,35,192,1705,2009,0.0,44327.0,-0.16578900000000002,-0.7013560000000001,BTN,SGP,8502
2028740,39,192,1705,2009,596376.0,15671.0,0.6778069999999999,1.278402,CAN,SGP,8502
2028741,41,192,1705,2009,25842.0,0.0,2.124438,0.484861,CHE,SGP,8502
2028742,43,192,1705,2009,29914459.0,36714879.0,0.898623,2.08703,CHN,SGP,8502
2028743,44,192,1705,2009,0.0,9589.0,-0.924681,-0.801371,CIV,SGP,8502
2028744,45,192,1705,2009,0.0,1516.0,-1.128734,-1.022546,CMR,SGP,8502
2028745,47,192,1705,2009,0.0,3284.0,-1.466289,-1.201249,COG,SGP,8502
2028746,59,192,1705,2009,318624.0,0.0,1.6323159999999999,0.47257200000000005,CZE,SGP,8502
2028747,61,192,1705,2009,22206764.0,94442.0,2.056515,-3.034837,DEU,SGP,8502
2028748,64,192,1705,2009,4532839.0,4406.0,1.242327,1.064709,DNK,SGP,8502
2028749,66,192,1705,2009,0.0,282438.0,-1.161786,-1.188669,DZA,SGP,8502
2028750,67,192,1705,2009,0.0,1461.0,-0.92724,-0.965628,ECU,SGP,8502
2028751,68,192,1705,2009,0.0,2407521.0,-0.20940300000000003,1.6466290000000001,EGY,SGP,8502
2028752,71,192,1705,2009,3602563.0,209151.0,0.9021020000000001,2.170578,ESP,SGP,8502
2028753,73,192,1705,2009,0.0,274356.0,-0.967483,-0.8219,ETH,SGP,8502
2028754,74,192,1705,2009,149222.0,337334.0,1.8206849999999999,0.797421,FIN,SGP,8502
2028755,75,192,1705,2009,0.0,945949.0,-0.785772,-0.305228,FJI,SGP,8502
2028756,77,192,1705,2009,2758636.0,85239.0,1.540346,0.090377,FRA,SGP,8502
2028757,79,192,1705,2009,0.0,3304.0,-1.011055,-0.983978,FSM,SGP,8502
2028758,81,192,1705,2009,22802292.0,1547531.0,1.7921779999999998,0.41211499999999995,GBR,SGP,8502
2028759,83,192,1705,2009,0.0,121273.0,-0.909436,-0.6619470000000001,GHA,SGP,8502
2028760,90,192,1705,2009,2684.0,71792.0,0.2196,1.63301,GRC,SGP,8502
2028761,97,192,1705,2009,979218.0,21269992.0,0.654964,1.98672,HKG,SGP,8502
2028762,102,192,1705,2009,0.0,34212.0,1.397765,0.772375,HUN,SGP,8502
2028763,103,192,1705,2009,6571433.0,57423182.0,-0.253835,1.260101,IDN,SGP,8502
2028764,104,192,1705,2009,7641890.0,24612159.0,0.209867,2.254003,IND,SGP,8502
2028765,107,192,1705,2009,0.0,124023.0,-1.185702,-1.1049360000000001,IRN,SGP,8502
2028766,110,192,1705,2009,0.0,100685.0,1.226438,0.816299,ISR,SGP,8502
2028767,111,192,1705,2009,10521818.0,243703.0,1.289,0.64549,ITA,SGP,8502
2028768,113,192,1705,2009,0.0,3402181.0,0.21374899999999997,0.423774,JOR,SGP,8502
2028769,114,192,1705,2009,44435919.0,586929.0,2.306791,-0.251712,JPN,SGP,8502
2028770,116,192,1705,2009,0.0,443077.0,-0.26477399999999995,0.932587,KEN,SGP,8502
2028771,118,192,1705,2009,0.0,1765507.0,-1.194288,-1.09924,KHM,SGP,8502
2028772,121,192,1705,2009,2358984.0,15204386.0,1.509336,0.784515,KOR,SGP,8502
2028773,122,192,1705,2009,0.0,608416.0,-1.386993,-1.203527,KWT,SGP,8502
2028774,124,192,1705,2009,47448.0,5437.0,0.48618599999999995,1.4748620000000001,LBN,SGP,8502
2028775,126,192,1705,2009,0.0,24309.0,-1.196032,-1.1829,LBY,SGP,8502
2028776,128,192,1705,2009,0.0,3888219.0,-0.653836,0.174403,LKA,SGP,8502
2028777,133,192,1705,2009,0.0,525592.0,0.450395,0.6237739999999999,MAC,SGP,8502
2028778,134,192,1705,2009,0.0,289163.0,-0.48819300000000004,0.173952,MAR,SGP,8502
2028779,136,192,1705,2009,0.0,67790.0,-1.0356610000000002,-0.198062,MDG,SGP,8502
2028780,137,192,1705,2009,0.0,2988743.0,-0.415182,-0.9298379999999999,MDV,SGP,8502
2028781,138,192,1705,2009,259322.0,12652.0,1.061625,0.719234,MEX,SGP,8502
2028782,143,192,1705,2009,0.0,5586894.0,-1.6459529999999998,-1.186635,MMR,SGP,8502
2028783,147,192,1705,2009,259.0,0.0,-1.0023090000000001,-0.844765,MOZ,SGP,8502
2028784,151,192,1705,2009,0.0,249927.0,-0.198194,0.067014,MUS,SGP,8502
2028785,153,192,1705,2009,6915343.0,17388244.0,0.8718229999999999,0.607429,MYS,SGP,8502
2028786,159,192,1705,2009,674586.0,2370012.0,-1.584051,-1.156247,NGA,SGP,8502
2028787,162,192,1705,2009,11863615.0,18960.0,1.1914850000000001,1.3076780000000001,NLD,SGP,8502
2028788,163,192,1705,2009,42415605.0,191297.0,0.865455,0.082808,NOR,SGP,8502
2028789,164,192,1705,2009,0.0,200837.0,-0.324434,1.076908,NPL,SGP,8502
2028790,166,192,1705,2009,6277.0,1428960.0,0.38301999999999997,0.720644,NZL,SGP,8502
2028791,167,192,1705,2009,264936.0,0.0,-0.691918,-1.015434,OMN,SGP,8502
2028792,168,192,1705,2009,12333.0,3306941.0,-0.514907,0.44733100000000003,PAK,SGP,8502
2028793,173,192,1705,2009,0.0,7291.0,-0.53304,0.221183,PER,SGP,8502
2028794,174,192,1705,2009,1989452.0,13389029.0,0.34318000000000004,0.095375,PHL,SGP,8502
2028795,176,192,1705,2009,57665.0,881228.0,-1.90537,-1.2462030000000002,PNG,SGP,8502
2028796,179,192,1705,2009,0.0,75052.0,0.559189,2.4359919999999997,PRT,SGP,8502
2028797,182,192,1705,2009,0.0,1635433.0,-0.440014,-0.835513,PYF,SGP,8502
2028798,183,192,1705,2009,13959.0,939638.0,-0.484947,-1.07179,QAT,SGP,8502
2028799,185,192,1705,2009,57264.0,0.0,0.833802,1.024418,ROU,SGP,8502
2028800,186,192,1705,2009,1848447.0,1177832.0,0.392478,-0.20038399999999998,RUS,SGP,8502
2028801,188,192,1705,2009,0.0,6854560.0,0.300581,-0.813199,SAU,SGP,8502
2028802,190,192,1705,2009,0.0,103930.0,-2.2948020000000002,-1.3182040000000002,SDN,SGP,8502
2028803,195,192,1705,2009,0.0,287458.0,-1.9380110000000002,-1.06035,SLB,SGP,8502
2028804,208,192,1705,2009,6318514.0,0.0,1.877821,0.336565,SWE,SGP,8502
2028805,211,192,1705,2009,0.0,22447.0,-0.16046400000000002,-0.81512,SYC,SGP,8502
2028806,216,192,1705,2009,1673396.0,7966238.0,0.79692,1.315501,THA,SGP,8502
2028807,223,192,1705,2009,0.0,177458.0,0.044903,0.9126120000000001,TUN,SGP,8502
2028808,224,192,1705,2009,290490.0,834073.0,0.384596,2.3797610000000002,TUR,SGP,8502
2028809,226,192,1705,2009,0.0,348648.0,-0.822897,0.644899,TZA,SGP,8502
2028810,227,192,1705,2009,0.0,94902.0,-0.573707,-0.036203,UGA,SGP,8502
2028811,231,192,1705,2009,181946616.0,938654.0,1.657663,-0.41411400000000004,USA,SGP,8502
2028812,239,192,1705,2009,6691787.0,23631992.0,-0.27396,1.131199,VNM,SGP,8502
2028813,243,192,1705,2009,0.0,905536.0,-0.845426,-1.119091,YEM,SGP,8502
2028814,246,192,1705,2009,114422.0,25361.0,0.316452,1.767795,ZAF,SGP,8502
2028815,249,192,1705,2009,550940.0,12749463.0,1.5763120000000002,0.9567950000000001,TWN,SGP,8502
2028816,250,192,1705,2009,216757.0,4914045.0,0.582246,-0.10603,ANS,SGP,8502
2028817,4,201,1705,2009,42649.0,0.0,-0.41612200000000005,-0.256639,ALB,SRB,8502
2028818,15,201,1705,2009,585083.0,54238.0,1.651325,-0.020794,AUT,SRB,8502
2028819,16,201,1705,2009,0.0,8214.0,-1.124423,-1.228081,AZE,SRB,8502
2028820,18,201,1705,2009,6048.0,0.0,1.272011,1.074548,BEL,SRB,8502
2028821,22,201,1705,2009,0.0,7070.0,-1.030722,-0.860137,BGD,SRB,8502
2028822,23,201,1705,2009,10199.0,0.0,0.373594,1.571413,BGR,SRB,8502
2028823,24,201,1705,2009,0.0,79710.0,0.250645,-0.767742,BHR,SRB,8502
2028824,26,201,1705,2009,27948.0,122791.0,0.519113,0.762582,BIH,SRB,8502
2028825,41,201,1705,2009,83522.0,0.0,2.124438,0.484861,CHE,SRB,8502
2028826,43,201,1705,2009,213352.0,3259799.0,0.898623,2.08703,CHN,SRB,8502
2028827,59,201,1705,2009,135025.0,0.0,1.6323159999999999,0.47257200000000005,CZE,SRB,8502
2028828,61,201,1705,2009,3128623.0,111305.0,2.056515,-3.034837,DEU,SRB,8502
2028829,64,201,1705,2009,69719.0,0.0,1.242327,1.064709,DNK,SRB,8502
2028830,71,201,1705,2009,500988.0,0.0,0.9021020000000001,2.170578,ESP,SRB,8502
2028831,77,201,1705,2009,538741.0,0.0,1.540346,0.090377,FRA,SRB,8502
2028832,81,201,1705,2009,1468480.0,0.0,1.7921779999999998,0.41211499999999995,GBR,SRB,8502
2028833,90,201,1705,2009,113589.0,0.0,0.2196,1.63301,GRC,SRB,8502
2028834,100,201,1705,2009,32549.0,9935.0,0.740174,1.005258,HRV,SRB,8502
2028835,102,201,1705,2009,1404.0,4237.0,1.397765,0.772375,HUN,SRB,8502
2028836,111,201,1705,2009,1255145.0,6730.0,1.289,0.64549,ITA,SRB,8502
2028837,114,201,1705,2009,2361.0,3739.0,2.306791,-0.251712,JPN,SRB,8502
2028838,140,201,1705,2009,3569635.0,92034.0,-0.14890499999999998,0.405505,MKD,SRB,8502
2028839,144,201,1705,2009,22886.0,512272.0,0.19963499999999998,-0.073107,MNE,SRB,8502
2028840,162,201,1705,2009,834057.0,2237.0,1.1914850000000001,1.3076780000000001,NLD,SRB,8502
2028841,188,201,1705,2009,0.0,33993.0,0.300581,-0.813199,SAU,SRB,8502
2028842,206,201,1705,2009,8965.0,0.0,1.231382,0.820968,SVK,SRB,8502
2028843,207,201,1705,2009,1653351.0,1374.0,1.548036,0.730396,SVN,SRB,8502
2028844,208,201,1705,2009,26139.0,0.0,1.877821,0.336565,SWE,SRB,8502
2028845,224,201,1705,2009,1022448.0,0.0,0.384596,2.3797610000000002,TUR,SRB,8502
2028846,228,201,1705,2009,35781.0,0.0,0.602688,0.830247,UKR,SRB,8502
2028847,231,201,1705,2009,101398.0,0.0,1.657663,-0.41411400000000004,USA,SRB,8502
2028848,15,206,1705,2009,3115848.0,0.0,1.651325,-0.020794,AUT,SVK,8502
2028849,18,206,1705,2009,226595.0,0.0,1.272011,1.074548,BEL,SVK,8502
2028850,22,206,1705,2009,0.0,7618.0,-1.030722,-0.860137,BGD,SVK,8502
2028851,26,206,1705,2009,0.0,32714.0,0.519113,0.762582,BIH,SVK,8502
2028852,28,206,1705,2009,0.0,1695565.0,0.977663,0.549549,BLR,SVK,8502
2028853,41,206,1705,2009,2337.0,35527.0,2.124438,0.484861,CHE,SVK,8502
2028854,43,206,1705,2009,1507406.0,0.0,0.898623,2.08703,CHN,SVK,8502
2028855,49,206,1705,2009,0.0,3989.0,0.263416,0.38947,COL,SVK,8502
2028856,58,206,1705,2009,7756.0,0.0,0.934193,0.657555,CYP,SVK,8502
2028857,59,206,1705,2009,2526226.0,1756585.0,1.6323159999999999,0.47257200000000005,CZE,SVK,8502
2028858,61,206,1705,2009,2125741.0,226985.0,2.056515,-3.034837,DEU,SVK,8502
2028859,66,206,1705,2009,0.0,2286.0,-1.161786,-1.188669,DZA,SVK,8502
2028860,68,206,1705,2009,0.0,8674.0,-0.20940300000000003,1.6466290000000001,EGY,SVK,8502
2028861,71,206,1705,2009,243511.0,0.0,0.9021020000000001,2.170578,ESP,SVK,8502
2028862,74,206,1705,2009,3649.0,0.0,1.8206849999999999,0.797421,FIN,SVK,8502
2028863,77,206,1705,2009,519732.0,0.0,1.540346,0.090377,FRA,SVK,8502
2028864,80,206,1705,2009,21016.0,0.0,-1.197711,-1.147469,GAB,SVK,8502
2028865,81,206,1705,2009,5051926.0,0.0,1.7921779999999998,0.41211499999999995,GBR,SVK,8502
2028866,100,206,1705,2009,0.0,40362.0,0.740174,1.005258,HRV,SVK,8502
2028867,102,206,1705,2009,22377720.0,1179386.0,1.397765,0.772375,HUN,SVK,8502
2028868,104,206,1705,2009,10998.0,0.0,0.209867,2.254003,IND,SVK,8502
2028869,111,206,1705,2009,409639.0,11876.0,1.289,0.64549,ITA,SVK,8502
2028870,114,206,1705,2009,105376.0,0.0,2.306791,-0.251712,JPN,SVK,8502
2028871,115,206,1705,2009,0.0,236607.0,-0.6547970000000001,-0.772256,KAZ,SVK,8502
2028872,116,206,1705,2009,0.0,5272.0,-0.26477399999999995,0.932587,KEN,SVK,8502
2028873,121,206,1705,2009,0.0,8989.0,1.509336,0.784515,KOR,SVK,8502
2028874,134,206,1705,2009,0.0,16342.0,-0.48819300000000004,0.173952,MAR,SVK,8502
2028875,135,206,1705,2009,0.0,69298.0,0.009281999999999999,-0.039299,MDA,SVK,8502
2028876,162,206,1705,2009,1076574.0,1373.0,1.1914850000000001,1.3076780000000001,NLD,SVK,8502
2028877,163,206,1705,2009,0.0,105195.0,0.865455,0.082808,NOR,SVK,8502
2028878,177,206,1705,2009,32346.0,3102012.0,1.11055,1.069074,POL,SVK,8502
2028879,185,206,1705,2009,0.0,242266.0,0.833802,1.024418,ROU,SVK,8502
2028880,186,206,1705,2009,3586.0,12268828.0,0.392478,-0.20038399999999998,RUS,SVK,8502
2028881,188,206,1705,2009,0.0,58148.0,0.300581,-0.813199,SAU,SVK,8502
2028882,201,206,1705,2009,0.0,8965.0,0.531766,1.477837,SRB,SVK,8502
2028883,207,206,1705,2009,0.0,4354.0,1.548036,0.730396,SVN,SVK,8502
2028884,208,206,1705,2009,4175.0,180007.0,1.877821,0.336565,SWE,SVK,8502
2028885,216,206,1705,2009,1670.0,0.0,0.79692,1.315501,THA,SVK,8502
2028886,219,206,1705,2009,0.0,13343.0,-1.060378,-1.17279,TKM,SVK,8502
2028887,224,206,1705,2009,185608.0,0.0,0.384596,2.3797610000000002,TUR,SVK,8502
2028888,226,206,1705,2009,0.0,1216.0,-0.822897,0.644899,TZA,SVK,8502
2028889,228,206,1705,2009,170954.0,669585.0,0.602688,0.830247,UKR,SVK,8502
2028890,231,206,1705,2009,74250.0,8668.0,1.657663,-0.41411400000000004,USA,SVK,8502
2028891,236,206,1705,2009,0.0,2318.0,-0.5847600000000001,-1.150334,VEN,SVK,8502
2028892,246,206,1705,2009,0.0,2865.0,0.316452,1.767795,ZAF,SVK,8502
2028893,250,206,1705,2009,1451898.0,0.0,0.582246,-0.10603,ANS,SVK,8502
2028894,4,207,1705,2009,0.0,65608.0,-0.41612200000000005,-0.256639,ALB,SVN,8502
2028895,15,207,1705,2009,1964049.0,368566.0,1.651325,-0.020794,AUT,SVN,8502
2028896,18,207,1705,2009,464862.0,0.0,1.272011,1.074548,BEL,SVN,8502
2028897,23,207,1705,2009,7541.0,5286.0,0.373594,1.571413,BGR,SVN,8502
2028898,26,207,1705,2009,34978.0,637185.0,0.519113,0.762582,BIH,SVN,8502
2028899,39,207,1705,2009,13058.0,948.0,0.6778069999999999,1.278402,CAN,SVN,8502
2028900,41,207,1705,2009,3914.0,20530.0,2.124438,0.484861,CHE,SVN,8502
2028901,42,207,1705,2009,0.0,4139.0,-0.219521,-0.34239,CHL,SVN,8502
2028902,43,207,1705,2009,738580.0,0.0,0.898623,2.08703,CHN,SVN,8502
2028903,59,207,1705,2009,2773.0,2230.0,1.6323159999999999,0.47257200000000005,CZE,SVN,8502
2028904,61,207,1705,2009,422288.0,105711.0,2.056515,-3.034837,DEU,SVN,8502
2028905,64,207,1705,2009,9126.0,3488.0,1.242327,1.064709,DNK,SVN,8502
2028906,68,207,1705,2009,0.0,1098.0,-0.20940300000000003,1.6466290000000001,EGY,SVN,8502
2028907,71,207,1705,2009,273023.0,0.0,0.9021020000000001,2.170578,ESP,SVN,8502
2028908,77,207,1705,2009,127667.0,24525.0,1.540346,0.090377,FRA,SVN,8502
2028909,81,207,1705,2009,2689660.0,5382.0,1.7921779999999998,0.41211499999999995,GBR,SVN,8502
2028910,90,207,1705,2009,0.0,1981.0,0.2196,1.63301,GRC,SVN,8502
2028911,100,207,1705,2009,8477.0,510107.0,0.740174,1.005258,HRV,SVN,8502
2028912,102,207,1705,2009,0.0,97673.0,1.397765,0.772375,HUN,SVN,8502
2028913,107,207,1705,2009,0.0,34394.0,-1.185702,-1.1049360000000001,IRN,SVN,8502
2028914,110,207,1705,2009,325285.0,0.0,1.226438,0.816299,ISR,SVN,8502
2028915,111,207,1705,2009,2207827.0,25167.0,1.289,0.64549,ITA,SVN,8502
2028916,114,207,1705,2009,81788.0,0.0,2.306791,-0.251712,JPN,SVN,8502
2028917,115,207,1705,2009,0.0,28648.0,-0.6547970000000001,-0.772256,KAZ,SVN,8502
2028918,134,207,1705,2009,0.0,3730.0,-0.48819300000000004,0.173952,MAR,SVN,8502
2028919,140,207,1705,2009,0.0,871435.0,-0.14890499999999998,0.405505,MKD,SVN,8502
2028920,144,207,1705,2009,0.0,385424.0,0.19963499999999998,-0.073107,MNE,SVN,8502
2028921,162,207,1705,2009,140520.0,0.0,1.1914850000000001,1.3076780000000001,NLD,SVN,8502
2028922,177,207,1705,2009,1536.0,17002.0,1.11055,1.069074,POL,SVN,8502
2028923,185,207,1705,2009,3087.0,57042.0,0.833802,1.024418,ROU,SVN,8502
2028924,186,207,1705,2009,0.0,69414.0,0.392478,-0.20038399999999998,RUS,SVN,8502
2028925,201,207,1705,2009,1374.0,1653351.0,0.531766,1.477837,SRB,SVN,8502
2028926,206,207,1705,2009,4354.0,0.0,1.231382,0.820968,SVK,SVN,8502
2028927,208,207,1705,2009,2765.0,8201.0,1.877821,0.336565,SWE,SVN,8502
2028928,216,207,1705,2009,9609.0,0.0,0.79692,1.315501,THA,SVN,8502
2028929,224,207,1705,2009,14067.0,176571.0,0.384596,2.3797610000000002,TUR,SVN,8502
2028930,231,207,1705,2009,109992.0,5859.0,1.657663,-0.41411400000000004,USA,SVN,8502
2028931,249,207,1705,2009,102781.0,11270.0,1.5763120000000002,0.9567950000000001,TWN,SVN,8502
2028932,250,207,1705,2009,248677.0,0.0,0.582246,-0.10603,ANS,SVN,8502
2028933,7,209,1705,2009,18940.0,0.0,0.070059,-0.619075,ARE,SWZ,8502
2028934,118,209,1705,2009,0.0,2207.0,-1.194288,-1.09924,KHM,SWZ,8502
2028935,147,209,1705,2009,0.0,3188.0,-1.0023090000000001,-0.844765,MOZ,SWZ,8502
2028936,168,209,1705,2009,0.0,73587.0,-0.514907,0.44733100000000003,PAK,SWZ,8502
2028937,190,209,1705,2009,0.0,201769.0,-2.2948020000000002,-1.3182040000000002,SDN,SWZ,8502
2028938,246,209,1705,2009,1350924.0,1765.0,0.316452,1.767795,ZAF,SWZ,8502
2028939,43,217,1705,2009,1064612.0,0.0,0.898623,2.08703,CHN,TJK,8502
2028940,61,217,1705,2009,2501701.0,0.0,2.056515,-3.034837,DEU,TJK,8502
2028941,104,217,1705,2009,140824.0,0.0,0.209867,2.254003,IND,TJK,8502
2028942,111,217,1705,2009,1980.0,0.0,1.289,0.64549,ITA,TJK,8502
2028943,114,217,1705,2009,415268.0,0.0,2.306791,-0.251712,JPN,TJK,8502
2028944,186,217,1705,2009,41375.0,0.0,0.392478,-0.20038399999999998,RUS,TJK,8502
2028945,224,217,1705,2009,397811.0,0.0,0.384596,2.3797610000000002,TUR,TJK,8502
2028946,18,219,1705,2009,274017.0,0.0,1.272011,1.074548,BEL,TKM,8502
2028947,43,219,1705,2009,1915138.0,0.0,0.898623,2.08703,CHN,TKM,8502
2028948,61,219,1705,2009,1412688.0,0.0,2.056515,-3.034837,DEU,TKM,8502
2028949,77,219,1705,2009,1085063.0,0.0,1.540346,0.090377,FRA,TKM,8502
2028950,81,219,1705,2009,265688.0,0.0,1.7921779999999998,0.41211499999999995,GBR,TKM,8502
2028951,111,219,1705,2009,2728138.0,0.0,1.289,0.64549,ITA,TKM,8502
2028952,132,219,1705,2009,1822.0,0.0,0.675643,0.99977,LVA,TKM,8502
2028953,153,219,1705,2009,45218.0,0.0,0.8718229999999999,0.607429,MYS,TKM,8502
2028954,177,219,1705,2009,26542.0,0.0,1.11055,1.069074,POL,TKM,8502
2028955,186,219,1705,2009,2312942.0,0.0,0.392478,-0.20038399999999998,RUS,TKM,8502
2028956,206,219,1705,2009,13343.0,0.0,1.231382,0.820968,SVK,TKM,8502
2028957,224,219,1705,2009,7955805.0,0.0,0.384596,2.3797610000000002,TUR,TKM,8502
2028958,228,219,1705,2009,3398883.0,0.0,0.602688,0.830247,UKR,TKM,8502
2028959,231,219,1705,2009,248248.0,0.0,1.657663,-0.41411400000000004,USA,TKM,8502
2028960,15,223,1705,2009,5418.0,1850.0,1.651325,-0.020794,AUT,TUN,8502
2028961,18,223,1705,2009,126626.0,0.0,1.272011,1.074548,BEL,TUN,8502
2028962,39,223,1705,2009,8423.0,0.0,0.6778069999999999,1.278402,CAN,TUN,8502
2028963,41,223,1705,2009,4224.0,0.0,2.124438,0.484861,CHE,TUN,8502
2028964,43,223,1705,2009,294723.0,0.0,0.898623,2.08703,CHN,TUN,8502
2028965,47,223,1705,2009,0.0,3872.0,-1.466289,-1.201249,COG,TUN,8502
2028966,61,223,1705,2009,2146870.0,26928.0,2.056515,-3.034837,DEU,TUN,8502
2028967,64,223,1705,2009,5718.0,0.0,1.242327,1.064709,DNK,TUN,8502
2028968,66,223,1705,2009,23943.0,211573.0,-1.161786,-1.188669,DZA,TUN,8502
2028969,68,223,1705,2009,0.0,22657.0,-0.20940300000000003,1.6466290000000001,EGY,TUN,8502
2028970,71,223,1705,2009,1379435.0,0.0,0.9021020000000001,2.170578,ESP,TUN,8502
2028971,74,223,1705,2009,1982.0,0.0,1.8206849999999999,0.797421,FIN,TUN,8502
2028972,77,223,1705,2009,2053203.0,0.0,1.540346,0.090377,FRA,TUN,8502
2028973,81,223,1705,2009,3026346.0,0.0,1.7921779999999998,0.41211499999999995,GBR,TUN,8502
2028974,83,223,1705,2009,0.0,88615.0,-0.909436,-0.6619470000000001,GHA,TUN,8502
2028975,90,223,1705,2009,36508.0,0.0,0.2196,1.63301,GRC,TUN,8502
2028976,102,223,1705,2009,308595.0,0.0,1.397765,0.772375,HUN,TUN,8502
2028977,104,223,1705,2009,92758.0,0.0,0.209867,2.254003,IND,TUN,8502
2028978,106,223,1705,2009,34384.0,0.0,1.627233,0.020024,IRL,TUN,8502
2028979,111,223,1705,2009,3351841.0,44565.0,1.289,0.64549,ITA,TUN,8502
2028980,114,223,1705,2009,9831.0,0.0,2.306791,-0.251712,JPN,TUN,8502
2028981,116,223,1705,2009,0.0,73690.0,-0.26477399999999995,0.932587,KEN,TUN,8502
2028982,126,223,1705,2009,0.0,2441004.0,-1.196032,-1.1829,LBY,TUN,8502
2028983,148,223,1705,2009,0.0,2119.0,-1.761436,-1.2898479999999999,MRT,TUN,8502
2028984,162,223,1705,2009,101583.0,265927.0,1.1914850000000001,1.3076780000000001,NLD,TUN,8502
2028985,190,223,1705,2009,0.0,11530.0,-2.2948020000000002,-1.3182040000000002,SDN,TUN,8502
2028986,191,223,1705,2009,11044.0,0.0,-0.53392,-0.415513,SEN,TUN,8502
2028987,192,223,1705,2009,177458.0,0.0,1.9503540000000001,0.498033,SGP,TUN,8502
2028988,208,223,1705,2009,31388.0,0.0,1.877821,0.336565,SWE,TUN,8502
2028989,231,223,1705,2009,9555011.0,0.0,1.657663,-0.41411400000000004,USA,TUN,8502
2028990,249,223,1705,2009,1063.0,0.0,1.5763120000000002,0.9567950000000001,TWN,TUN,8502
2028991,250,223,1705,2009,0.0,98991.0,0.582246,-0.10603,ANS,TUN,8502
2028992,7,226,1705,2009,3646798.0,16841173.0,0.070059,-0.619075,ARE,TZA,8502
2028993,14,226,1705,2009,79347.0,0.0,-0.109286,0.13586900000000002,AUS,TZA,8502
2028994,15,226,1705,2009,1018755.0,0.0,1.651325,-0.020794,AUT,TZA,8502
2028995,18,226,1705,2009,2086455.0,0.0,1.272011,1.074548,BEL,TZA,8502
2028996,26,226,1705,2009,4373.0,0.0,0.519113,0.762582,BIH,TZA,8502
2028997,37,226,1705,2009,0.0,2658135.0,-0.008142,-0.599115,BWA,TZA,8502
2028998,41,226,1705,2009,1944.0,0.0,2.124438,0.484861,CHE,TZA,8502
2028999,43,226,1705,2009,6044321.0,0.0,0.898623,2.08703,CHN,TZA,8502
2029000,46,226,1705,2009,0.0,2209.0,-1.532165,-1.160269,COD,TZA,8502
2029001,50,226,1705,2009,0.0,11569.0,0.080831,-0.7148760000000001,COM,TZA,8502
2029002,59,226,1705,2009,1555052.0,0.0,1.6323159999999999,0.47257200000000005,CZE,TZA,8502
2029003,61,226,1705,2009,1065937.0,0.0,2.056515,-3.034837,DEU,TZA,8502
2029004,68,226,1705,2009,206330.0,0.0,-0.20940300000000003,1.6466290000000001,EGY,TZA,8502
2029005,71,226,1705,2009,1065219.0,0.0,0.9021020000000001,2.170578,ESP,TZA,8502
2029006,74,226,1705,2009,22008.0,0.0,1.8206849999999999,0.797421,FIN,TZA,8502
2029007,77,226,1705,2009,206066.0,0.0,1.540346,0.090377,FRA,TZA,8502
2029008,81,226,1705,2009,4155495.0,0.0,1.7921779999999998,0.41211499999999995,GBR,TZA,8502
2029009,82,226,1705,2009,92272.0,0.0,0.045952,-0.381822,GEO,TZA,8502
2029010,90,226,1705,2009,8719.0,0.0,0.2196,1.63301,GRC,TZA,8502
2029011,97,226,1705,2009,21219.0,0.0,0.654964,1.98672,HKG,TZA,8502
2029012,104,226,1705,2009,603385.0,0.0,0.209867,2.254003,IND,TZA,8502
2029013,106,226,1705,2009,76708.0,0.0,1.627233,0.020024,IRL,TZA,8502
2029014,110,226,1705,2009,6149.0,0.0,1.226438,0.816299,ISR,TZA,8502
2029015,111,226,1705,2009,592280.0,0.0,1.289,0.64549,ITA,TZA,8502
2029016,114,226,1705,2009,222728.0,0.0,2.306791,-0.251712,JPN,TZA,8502
2029017,116,226,1705,2009,448202.0,2928862.0,-0.26477399999999995,0.932587,KEN,TZA,8502
2029018,121,226,1705,2009,138140.0,0.0,1.509336,0.784515,KOR,TZA,8502
2029019,124,226,1705,2009,109760.0,0.0,0.48618599999999995,1.4748620000000001,LBN,TZA,8502
2029020,147,226,1705,2009,0.0,3200.0,-1.0023090000000001,-0.844765,MOZ,TZA,8502
2029021,152,226,1705,2009,0.0,9716.0,-1.571672,-1.244864,MWI,TZA,8502
2029022,153,226,1705,2009,7496.0,0.0,0.8718229999999999,0.607429,MYS,TZA,8502
2029023,162,226,1705,2009,500029.0,0.0,1.1914850000000001,1.3076780000000001,NLD,TZA,8502
2029024,163,226,1705,2009,6640.0,0.0,0.865455,0.082808,NOR,TZA,8502
2029025,167,226,1705,2009,10117.0,0.0,-0.691918,-1.015434,OMN,TZA,8502
2029026,168,226,1705,2009,5951.0,0.0,-0.514907,0.44733100000000003,PAK,TZA,8502
2029027,179,226,1705,2009,3839.0,0.0,0.559189,2.4359919999999997,PRT,TZA,8502
2029028,187,226,1705,2009,22676.0,14529.0,-0.31001599999999996,-0.5382170000000001,RWA,TZA,8502
2029029,192,226,1705,2009,348648.0,0.0,1.9503540000000001,0.498033,SGP,TZA,8502
2029030,194,226,1705,2009,3877.0,0.0,0.99651,-0.284003,SHN,TZA,8502
2029031,206,226,1705,2009,1216.0,0.0,1.231382,0.820968,SVK,TZA,8502
2029032,208,226,1705,2009,13144.0,0.0,1.877821,0.336565,SWE,TZA,8502
2029033,216,226,1705,2009,948.0,0.0,0.79692,1.315501,THA,TZA,8502
2029034,224,226,1705,2009,594772.0,0.0,0.384596,2.3797610000000002,TUR,TZA,8502
2029035,227,226,1705,2009,28010.0,1179.0,-0.573707,-0.036203,UGA,TZA,8502
2029036,228,226,1705,2009,1296.0,0.0,0.602688,0.830247,UKR,TZA,8502
2029037,231,226,1705,2009,116177.0,0.0,1.657663,-0.41411400000000004,USA,TZA,8502
2029038,246,226,1705,2009,1394500.0,478.0,0.316452,1.767795,ZAF,TZA,8502
2029039,247,226,1705,2009,8799.0,13716.0,-0.6423909999999999,-0.815315,ZMB,TZA,8502
2029040,15,232,1705,2009,1341775.0,351509.0,1.651325,-0.020794,AUT,UZB,8502
2029041,18,232,1705,2009,77180.0,0.0,1.272011,1.074548,BEL,UZB,8502
2029042,43,232,1705,2009,6921565.0,0.0,0.898623,2.08703,CHN,UZB,8502
2029043,61,232,1705,2009,664172.0,129403.0,2.056515,-3.034837,DEU,UZB,8502
2029044,71,232,1705,2009,62875.0,0.0,0.9021020000000001,2.170578,ESP,UZB,8502
2029045,81,232,1705,2009,182796.0,0.0,1.7921779999999998,0.41211499999999995,GBR,UZB,8502
2029046,97,232,1705,2009,193566.0,0.0,0.654964,1.98672,HKG,UZB,8502
2029047,104,232,1705,2009,40921.0,0.0,0.209867,2.254003,IND,UZB,8502
2029048,111,232,1705,2009,19758.0,0.0,1.289,0.64549,ITA,UZB,8502
2029049,115,232,1705,2009,0.0,13981.0,-0.6547970000000001,-0.772256,KAZ,UZB,8502
2029050,121,232,1705,2009,16901.0,0.0,1.509336,0.784515,KOR,UZB,8502
2029051,162,232,1705,2009,460443.0,0.0,1.1914850000000001,1.3076780000000001,NLD,UZB,8502
2029052,177,232,1705,2009,419402.0,0.0,1.11055,1.069074,POL,UZB,8502
2029053,186,232,1705,2009,1831502.0,82162.0,0.392478,-0.20038399999999998,RUS,UZB,8502
2029054,224,232,1705,2009,1022099.0,0.0,0.384596,2.3797610000000002,TUR,UZB,8502
2029055,228,232,1705,2009,2809.0,0.0,0.602688,0.830247,UKR,UZB,8502
2029056,2,239,1705,2009,0.0,44106.0,-0.809438,-1.190006,AGO,VNM,8502
2029057,7,239,1705,2009,0.0,261635.0,0.070059,-0.619075,ARE,VNM,8502
2029058,14,239,1705,2009,509171.0,5432.0,-0.109286,0.13586900000000002,AUS,VNM,8502
2029059,15,239,1705,2009,256446.0,0.0,1.651325,-0.020794,AUT,VNM,8502
2029060,22,239,1705,2009,38619.0,640580.0,-1.030722,-0.860137,BGD,VNM,8502
2029061,23,239,1705,2009,0.0,15020106.0,0.373594,1.571413,BGR,VNM,8502
2029062,32,239,1705,2009,0.0,1310.0,0.35447199999999995,0.8522360000000001,BRA,VNM,8502
2029063,39,239,1705,2009,302855.0,10504.0,0.6778069999999999,1.278402,CAN,VNM,8502
2029064,41,239,1705,2009,6014244.0,0.0,2.124438,0.484861,CHE,VNM,8502
2029065,43,239,1705,2009,70878881.0,8488022.0,0.898623,2.08703,CHN,VNM,8502
2029066,47,239,1705,2009,0.0,4825.0,-1.466289,-1.201249,COG,VNM,8502
2029067,59,239,1705,2009,4235.0,0.0,1.6323159999999999,0.47257200000000005,CZE,VNM,8502
2029068,61,239,1705,2009,5059185.0,10980442.0,2.056515,-3.034837,DEU,VNM,8502
2029069,64,239,1705,2009,82030.0,850819.0,1.242327,1.064709,DNK,VNM,8502
2029070,68,239,1705,2009,0.0,40805.0,-0.20940300000000003,1.6466290000000001,EGY,VNM,8502
2029071,71,239,1705,2009,75937.0,0.0,0.9021020000000001,2.170578,ESP,VNM,8502
2029072,74,239,1705,2009,28440.0,0.0,1.8206849999999999,0.797421,FIN,VNM,8502
2029073,77,239,1705,2009,2394016.0,0.0,1.540346,0.090377,FRA,VNM,8502
2029074,81,239,1705,2009,6394773.0,0.0,1.7921779999999998,0.41211499999999995,GBR,VNM,8502
2029075,91,239,1705,2009,0.0,60182.0,0.035948,-0.586996,GRD,VNM,8502
2029076,93,239,1705,2009,0.0,45797.0,-0.33276999999999995,0.551257,GTM,VNM,8502
2029077,97,239,1705,2009,554242.0,6710360.0,0.654964,1.98672,HKG,VNM,8502
2029078,100,239,1705,2009,225697.0,0.0,0.740174,1.005258,HRV,VNM,8502
2029079,103,239,1705,2009,358945.0,6822429.0,-0.253835,1.260101,IDN,VNM,8502
2029080,104,239,1705,2009,2260936.0,3555531.0,0.209867,2.254003,IND,VNM,8502
2029081,107,239,1705,2009,0.0,564063.0,-1.185702,-1.1049360000000001,IRN,VNM,8502
2029082,110,239,1705,2009,0.0,938639.0,1.226438,0.816299,ISR,VNM,8502
2029083,111,239,1705,2009,1024642.0,0.0,1.289,0.64549,ITA,VNM,8502
2029084,114,239,1705,2009,36581680.0,0.0,2.306791,-0.251712,JPN,VNM,8502
2029085,118,239,1705,2009,0.0,2391096.0,-1.194288,-1.09924,KHM,VNM,8502
2029086,121,239,1705,2009,3907323.0,228972.0,1.509336,0.784515,KOR,VNM,8502
2029087,123,239,1705,2009,0.0,8099.0,-1.235693,-1.0440040000000002,LAO,VNM,8502
2029088,130,239,1705,2009,30298.0,0.0,0.647736,1.150962,LTU,VNM,8502
2029089,153,239,1705,2009,1570421.0,0.0,0.8718229999999999,0.607429,MYS,VNM,8502
2029090,162,239,1705,2009,641147.0,0.0,1.1914850000000001,1.3076780000000001,NLD,VNM,8502
2029091,163,239,1705,2009,567983.0,0.0,0.865455,0.082808,NOR,VNM,8502
2029092,164,239,1705,2009,0.0,447994.0,-0.324434,1.076908,NPL,VNM,8502
2029093,168,239,1705,2009,0.0,334513.0,-0.514907,0.44733100000000003,PAK,VNM,8502
2029094,169,239,1705,2009,0.0,48933.0,0.629137,0.5894010000000001,PAN,VNM,8502
2029095,174,239,1705,2009,0.0,7359460.0,0.34318000000000004,0.095375,PHL,VNM,8502
2029096,185,239,1705,2009,0.0,202842.0,0.833802,1.024418,ROU,VNM,8502
2029097,186,239,1705,2009,103621.0,167531.0,0.392478,-0.20038399999999998,RUS,VNM,8502
2029098,192,239,1705,2009,23631992.0,6691787.0,1.9503540000000001,0.498033,SGP,VNM,8502
2029099,208,239,1705,2009,885234.0,0.0,1.877821,0.336565,SWE,VNM,8502
2029100,216,239,1705,2009,323940.0,44007.0,0.79692,1.315501,THA,VNM,8502
2029101,224,239,1705,2009,288932.0,3714321.0,0.384596,2.3797610000000002,TUR,VNM,8502
2029102,228,239,1705,2009,424123.0,298637.0,0.602688,0.830247,UKR,VNM,8502
2029103,230,239,1705,2009,0.0,1604.0,0.260419,-0.171944,URY,VNM,8502
2029104,231,239,1705,2009,4139365.0,84080014.0,1.657663,-0.41411400000000004,USA,VNM,8502
2029105,243,239,1705,2009,0.0,44022.0,-0.845426,-1.119091,YEM,VNM,8502
2029106,246,239,1705,2009,85457.0,0.0,0.316452,1.767795,ZAF,VNM,8502
2029107,249,239,1705,2009,2080915.0,101032.0,1.5763120000000002,0.9567950000000001,TWN,VNM,8502
2029108,250,239,1705,2009,202112.0,11500.0,0.582246,-0.10603,ANS,VNM,8502
2029109,7,248,1705,2009,902439.0,0.0,0.070059,-0.619075,ARE,ZWE,8502
2029110,18,248,1705,2009,39341.0,0.0,1.272011,1.074548,BEL,ZWE,8502
2029111,37,248,1705,2009,1100.0,0.0,-0.008142,-0.599115,BWA,ZWE,8502
2029112,41,248,1705,2009,11253.0,0.0,2.124438,0.484861,CHE,ZWE,8502
2029113,43,248,1705,2009,1519110.0,0.0,0.898623,2.08703,CHN,ZWE,8502
2029114,46,248,1705,2009,0.0,193453.0,-1.532165,-1.160269,COD,ZWE,8502
2029115,61,248,1705,2009,66064.0,0.0,2.056515,-3.034837,DEU,ZWE,8502
2029116,81,248,1705,2009,864314.0,0.0,1.7921779999999998,0.41211499999999995,GBR,ZWE,8502
2029117,97,248,1705,2009,110892.0,0.0,0.654964,1.98672,HKG,ZWE,8502
2029118,103,248,1705,2009,2576.0,0.0,-0.253835,1.260101,IDN,ZWE,8502
2029119,104,248,1705,2009,41913.0,0.0,0.209867,2.254003,IND,ZWE,8502
2029120,111,248,1705,2009,137487.0,0.0,1.289,0.64549,ITA,ZWE,8502
2029121,114,248,1705,2009,11894.0,0.0,2.306791,-0.251712,JPN,ZWE,8502
2029122,147,248,1705,2009,62356.0,176106.0,-1.0023090000000001,-0.844765,MOZ,ZWE,8502
2029123,152,248,1705,2009,13058.0,1672.0,-1.571672,-1.244864,MWI,ZWE,8502
2029124,155,248,1705,2009,15928.0,0.0,-0.081207,-0.075292,NAM,ZWE,8502
2029125,169,248,1705,2009,113510.0,0.0,0.629137,0.5894010000000001,PAN,ZWE,8502
2029126,174,248,1705,2009,36017.0,0.0,0.34318000000000004,0.095375,PHL,ZWE,8502
2029127,231,248,1705,2009,23412.0,0.0,1.657663,-0.41411400000000004,USA,ZWE,8502
2029128,246,248,1705,2009,4290554.0,93702.0,0.316452,1.767795,ZAF,ZWE,8502
2029129,247,248,1705,2009,137022.0,76234.0,-0.6423909999999999,-0.815315,ZMB,ZWE,8502
2029130,2,1,1705,2009,0.0,52335.0,-0.809438,-1.190006,AGO,AFG,8502
2029131,15,1,1705,2009,23727.0,0.0,1.651325,-0.020794,AUT,AFG,8502
2029132,18,1,1705,2009,1232437.0,0.0,1.272011,1.074548,BEL,AFG,8502
2029133,39,1,1705,2009,36136.0,0.0,0.6778069999999999,1.278402,CAN,AFG,8502
2029134,43,1,1705,2009,496506.0,0.0,0.898623,2.08703,CHN,AFG,8502
2029135,59,1,1705,2009,200773.0,0.0,1.6323159999999999,0.47257200000000005,CZE,AFG,8502
2029136,61,1,1705,2009,5240354.0,0.0,2.056515,-3.034837,DEU,AFG,8502
2029137,71,1,1705,2009,559992.0,0.0,0.9021020000000001,2.170578,ESP,AFG,8502
2029138,77,1,1705,2009,523290.0,0.0,1.540346,0.090377,FRA,AFG,8502
2029139,81,1,1705,2009,21202677.0,0.0,1.7921779999999998,0.41211499999999995,GBR,AFG,8502
2029140,104,1,1705,2009,47352.0,0.0,0.209867,2.254003,IND,AFG,8502
2029141,111,1,1705,2009,1115217.0,0.0,1.289,0.64549,ITA,AFG,8502
2029142,114,1,1705,2009,205044.0,0.0,2.306791,-0.251712,JPN,AFG,8502
2029143,121,1,1705,2009,1491.0,0.0,1.509336,0.784515,KOR,AFG,8502
2029144,122,1,1705,2009,7653.0,0.0,-1.386993,-1.203527,KWT,AFG,8502
2029145,124,1,1705,2009,2953638.0,0.0,0.48618599999999995,1.4748620000000001,LBN,AFG,8502
2029146,159,1,1705,2009,0.0,72453.0,-1.584051,-1.156247,NGA,AFG,8502
2029147,163,1,1705,2009,2360.0,0.0,0.865455,0.082808,NOR,AFG,8502
2029148,168,1,1705,2009,1282410.0,50686.0,-0.514907,0.44733100000000003,PAK,AFG,8502
2029149,216,1,1705,2009,44210.0,0.0,0.79692,1.315501,THA,AFG,8502
2029150,224,1,1705,2009,14083563.0,17052.0,0.384596,2.3797610000000002,TUR,AFG,8502
2029151,231,1,1705,2009,36486768.0,0.0,1.657663,-0.41411400000000004,USA,AFG,8502
2029152,18,4,1705,2009,60749.0,0.0,1.272011,1.074548,BEL,ALB,8502
2029153,23,4,1705,2009,2746.0,1245.0,0.373594,1.571413,BGR,ALB,8502
2029154,43,4,1705,2009,2155713.0,0.0,0.898623,2.08703,CHN,ALB,8502
2029155,61,4,1705,2009,21010.0,10445.0,2.056515,-3.034837,DEU,ALB,8502
2029156,77,4,1705,2009,4881.0,0.0,1.540346,0.090377,FRA,ALB,8502
2029157,81,4,1705,2009,112245.0,0.0,1.7921779999999998,0.41211499999999995,GBR,ALB,8502
2029158,90,4,1705,2009,1210077.0,1019.0,0.2196,1.63301,GRC,ALB,8502
2029159,104,4,1705,2009,7747.0,0.0,0.209867,2.254003,IND,ALB,8502
2029160,106,4,1705,2009,1052.0,0.0,1.627233,0.020024,IRL,ALB,8502
2029161,111,4,1705,2009,2252839.0,18013.0,1.289,0.64549,ITA,ALB,8502
2029162,140,4,1705,2009,1595.0,0.0,-0.14890499999999998,0.405505,MKD,ALB,8502
2029163,144,4,1705,2009,0.0,6337.0,0.19963499999999998,-0.073107,MNE,ALB,8502
2029164,162,4,1705,2009,4570.0,0.0,1.1914850000000001,1.3076780000000001,NLD,ALB,8502
2029165,177,4,1705,2009,0.0,8732.0,1.11055,1.069074,POL,ALB,8502
2029166,185,4,1705,2009,0.0,165588.0,0.833802,1.024418,ROU,ALB,8502
2029167,201,4,1705,2009,0.0,42649.0,0.531766,1.477837,SRB,ALB,8502
2029168,207,4,1705,2009,65608.0,0.0,1.548036,0.730396,SVN,ALB,8502
2029169,224,4,1705,2009,957272.0,0.0,0.384596,2.3797610000000002,TUR,ALB,8502
2029170,231,4,1705,2009,1403.0,0.0,1.657663,-0.41411400000000004,USA,ALB,8502
2029171,43,5,1705,2009,4450.0,0.0,0.898623,2.08703,CHN,AND,8502
2029172,71,5,1705,2009,511657.0,7651.0,0.9021020000000001,2.170578,ESP,AND,8502
2029173,77,5,1705,2009,116306.0,0.0,1.540346,0.090377,FRA,AND,8502
2029174,159,5,1705,2009,0.0,185086.0,-1.584051,-1.156247,NGA,AND,8502
2029175,14,10,1705,2009,12580.0,0.0,-0.109286,0.13586900000000002,AUS,ASM,8502
2029176,166,10,1705,2009,6030.0,0.0,0.38301999999999997,0.720644,NZL,ASM,8502
2029177,2,13,1705,2009,0.0,140893.0,-0.809438,-1.190006,AGO,ATG,8502
2029178,6,13,1705,2009,12755.0,0.0,0.351025,-0.699817,ANT,ATG,8502
2029179,18,13,1705,2009,9569.0,0.0,1.272011,1.074548,BEL,ATG,8502
2029180,43,13,1705,2009,60541.0,0.0,0.898623,2.08703,CHN,ATG,8502
2029181,61,13,1705,2009,1784.0,0.0,2.056515,-3.034837,DEU,ATG,8502
2029182,81,13,1705,2009,1781687.0,207.0,1.7921779999999998,0.41211499999999995,GBR,ATG,8502
2029183,104,13,1705,2009,3778.0,0.0,0.209867,2.254003,IND,ATG,8502
2029184,106,13,1705,2009,3681.0,0.0,1.627233,0.020024,IRL,ATG,8502
2029185,111,13,1705,2009,2045.0,0.0,1.289,0.64549,ITA,ATG,8502
2029186,114,13,1705,2009,57421.0,0.0,2.306791,-0.251712,JPN,ATG,8502
2029187,149,13,1705,2009,0.0,649.0,1.163257,-0.332029,MSR,ATG,8502
2029188,159,13,1705,2009,13019.0,253187.0,-1.584051,-1.156247,NGA,ATG,8502
2029189,162,13,1705,2009,3548619.0,0.0,1.1914850000000001,1.3076780000000001,NLD,ATG,8502
2029190,169,13,1705,2009,0.0,137758.0,0.629137,0.5894010000000001,PAN,ATG,8502
2029191,173,13,1705,2009,0.0,8889.0,-0.53304,0.221183,PER,ATG,8502
2029192,222,13,1705,2009,3706.0,0.0,-0.508195,-1.097365,TTO,ATG,8502
2029193,230,13,1705,2009,50518.0,0.0,0.260419,-0.171944,URY,ATG,8502
2029194,231,13,1705,2009,794347.0,0.0,1.657663,-0.41411400000000004,USA,ATG,8502
2029195,234,13,1705,2009,0.0,234.0,-0.068356,-0.6011350000000001,VCT,ATG,8502
2029196,250,13,1705,2009,0.0,662083.0,0.582246,-0.10603,ANS,ATG,8502
2029197,7,19,1705,2009,8348.0,0.0,0.070059,-0.619075,ARE,BEN,8502
2029198,15,19,1705,2009,6132.0,0.0,1.651325,-0.020794,AUT,BEN,8502
2029199,18,19,1705,2009,76874.0,0.0,1.272011,1.074548,BEL,BEN,8502
2029200,21,19,1705,2009,737.0,0.0,-1.283807,-1.061272,BFA,BEN,8502
2029201,32,19,1705,2009,73306.0,0.0,0.35447199999999995,0.8522360000000001,BRA,BEN,8502
2029202,39,19,1705,2009,3917.0,0.0,0.6778069999999999,1.278402,CAN,BEN,8502
2029203,43,19,1705,2009,2004201.0,0.0,0.898623,2.08703,CHN,BEN,8502
2029204,44,19,1705,2009,2865.0,0.0,-0.924681,-0.801371,CIV,BEN,8502
2029205,45,19,1705,2009,0.0,1708.0,-1.128734,-1.022546,CMR,BEN,8502
2029206,61,19,1705,2009,2301.0,0.0,2.056515,-3.034837,DEU,BEN,8502
2029207,64,19,1705,2009,6256.0,0.0,1.242327,1.064709,DNK,BEN,8502
2029208,71,19,1705,2009,91325.0,0.0,0.9021020000000001,2.170578,ESP,BEN,8502
2029209,77,19,1705,2009,3130644.0,0.0,1.540346,0.090377,FRA,BEN,8502
2029210,81,19,1705,2009,374216.0,0.0,1.7921779999999998,0.41211499999999995,GBR,BEN,8502
2029211,83,19,1705,2009,0.0,12062.0,-0.909436,-0.6619470000000001,GHA,BEN,8502
2029212,103,19,1705,2009,1314.0,0.0,-0.253835,1.260101,IDN,BEN,8502
2029213,104,19,1705,2009,121323.0,0.0,0.209867,2.254003,IND,BEN,8502
2029214,111,19,1705,2009,1058860.0,0.0,1.289,0.64549,ITA,BEN,8502
2029215,114,19,1705,2009,996.0,0.0,2.306791,-0.251712,JPN,BEN,8502
2029216,124,19,1705,2009,371796.0,0.0,0.48618599999999995,1.4748620000000001,LBN,BEN,8502
2029217,126,19,1705,2009,0.0,35673.0,-1.196032,-1.1829,LBY,BEN,8502
2029218,131,19,1705,2009,60205.0,0.0,1.323336,1.026341,LUX,BEN,8502
2029219,157,19,1705,2009,562.0,723.0,-1.306036,-0.956361,NER,BEN,8502
2029220,159,19,1705,2009,38645.0,56242.0,-1.584051,-1.156247,NGA,BEN,8502
2029221,162,19,1705,2009,60333.0,0.0,1.1914850000000001,1.3076780000000001,NLD,BEN,8502
2029222,191,19,1705,2009,5121.0,4083.0,-0.53392,-0.415513,SEN,BEN,8502
2029223,215,19,1705,2009,981.0,29201.0,-0.561619,-0.759929,TGO,BEN,8502
2029224,216,19,1705,2009,6734.0,0.0,0.79692,1.315501,THA,BEN,8502
2029225,224,19,1705,2009,5509.0,0.0,0.384596,2.3797610000000002,TUR,BEN,8502
2029226,231,19,1705,2009,13451.0,0.0,1.657663,-0.41411400000000004,USA,BEN,8502
2029227,32,29,1705,2009,48799.0,0.0,0.35447199999999995,0.8522360000000001,BRA,BLZ,8502
2029228,39,29,1705,2009,4005.0,0.0,0.6778069999999999,1.278402,CAN,BLZ,8502
2029229,43,29,1705,2009,654556.0,0.0,0.898623,2.08703,CHN,BLZ,8502
2029230,81,29,1705,2009,189258.0,0.0,1.7921779999999998,0.41211499999999995,GBR,BLZ,8502
2029231,114,29,1705,2009,42455.0,0.0,2.306791,-0.251712,JPN,BLZ,8502
2029232,138,29,1705,2009,41242.0,0.0,1.061625,0.719234,MEX,BLZ,8502
2029233,159,29,1705,2009,2191.0,0.0,-1.584051,-1.156247,NGA,BLZ,8502
2029234,169,29,1705,2009,51541.0,0.0,0.629137,0.5894010000000001,PAN,BLZ,8502
2029235,231,29,1705,2009,457349.0,21707.0,1.657663,-0.41411400000000004,USA,BLZ,8502
2029236,249,29,1705,2009,1120.0,0.0,1.5763120000000002,0.9567950000000001,TWN,BLZ,8502
2029237,43,30,1705,2009,10186.0,0.0,0.898623,2.08703,CHN,BMU,8502
2029238,81,30,1705,2009,1111.0,0.0,1.7921779999999998,0.41211499999999995,GBR,BMU,8502
2029239,231,30,1705,2009,1103669.0,0.0,1.657663,-0.41411400000000004,USA,BMU,8502
2029240,7,34,1705,2009,9171.0,0.0,0.070059,-0.619075,ARE,BRN,8502
2029241,14,34,1705,2009,2317.0,0.0,-0.109286,0.13586900000000002,AUS,BRN,8502
2029242,43,34,1705,2009,168818.0,0.0,0.898623,2.08703,CHN,BRN,8502
2029243,61,34,1705,2009,262346.0,0.0,2.056515,-3.034837,DEU,BRN,8502
2029244,74,34,1705,2009,49.0,0.0,1.8206849999999999,0.797421,FIN,BRN,8502
2029245,77,34,1705,2009,46471.0,0.0,1.540346,0.090377,FRA,BRN,8502
2029246,81,34,1705,2009,404739.0,52997.0,1.7921779999999998,0.41211499999999995,GBR,BRN,8502
2029247,103,34,1705,2009,1309.0,0.0,-0.253835,1.260101,IDN,BRN,8502
2029248,114,34,1705,2009,4594486.0,0.0,2.306791,-0.251712,JPN,BRN,8502
2029249,121,34,1705,2009,3391.0,0.0,1.509336,0.784515,KOR,BRN,8502
2029250,124,34,1705,2009,1322.0,0.0,0.48618599999999995,1.4748620000000001,LBN,BRN,8502
2029251,153,34,1705,2009,130601.0,6235.0,0.8718229999999999,0.607429,MYS,BRN,8502
2029252,159,34,1705,2009,0.0,2303.0,-1.584051,-1.156247,NGA,BRN,8502
2029253,192,34,1705,2009,1330619.0,24443.0,1.9503540000000001,0.498033,SGP,BRN,8502
2029254,216,34,1705,2009,45288.0,0.0,0.79692,1.315501,THA,BRN,8502
2029255,231,34,1705,2009,227404.0,0.0,1.657663,-0.41411400000000004,USA,BRN,8502
2029256,250,34,1705,2009,0.0,91167.0,0.582246,-0.10603,ANS,BRN,8502
2029257,43,37,1705,2009,1205552.0,0.0,0.898623,2.08703,CHN,BWA,8502
2029258,77,37,1705,2009,7407.0,0.0,1.540346,0.090377,FRA,BWA,8502
2029259,81,37,1705,2009,1305.0,0.0,1.7921779999999998,0.41211499999999995,GBR,BWA,8502
2029260,116,37,1705,2009,174513.0,0.0,-0.26477399999999995,0.932587,KEN,BWA,8502
2029261,152,37,1705,2009,0.0,16649.0,-1.571672,-1.244864,MWI,BWA,8502
2029262,153,37,1705,2009,12234.0,0.0,0.8718229999999999,0.607429,MYS,BWA,8502
2029263,155,37,1705,2009,0.0,95690.0,-0.081207,-0.075292,NAM,BWA,8502
2029264,159,37,1705,2009,0.0,303532.0,-1.584051,-1.156247,NGA,BWA,8502
2029265,226,37,1705,2009,2658135.0,0.0,-0.822897,0.644899,TZA,BWA,8502
2029266,231,37,1705,2009,21440801.0,0.0,1.657663,-0.41411400000000004,USA,BWA,8502
2029267,246,37,1705,2009,4553560.0,88789.0,0.316452,1.767795,ZAF,BWA,8502
2029268,247,37,1705,2009,9814.0,1069.0,-0.6423909999999999,-0.815315,ZMB,BWA,8502
2029269,248,37,1705,2009,0.0,1100.0,-0.686822,-0.683511,ZWE,BWA,8502
2029270,7,45,1705,2009,287227.0,0.0,0.070059,-0.619075,ARE,CMR,8502
2029271,14,45,1705,2009,7830.0,0.0,-0.109286,0.13586900000000002,AUS,CMR,8502
2029272,15,45,1705,2009,17453.0,0.0,1.651325,-0.020794,AUT,CMR,8502
2029273,18,45,1705,2009,844167.0,2252.0,1.272011,1.074548,BEL,CMR,8502
2029274,19,45,1705,2009,1708.0,0.0,-0.93195,-0.813017,BEN,CMR,8502
2029275,38,45,1705,2009,3887.0,85712.0,-0.5777260000000001,-0.839981,CAF,CMR,8502
2029276,41,45,1705,2009,26675.0,0.0,2.124438,0.484861,CHE,CMR,8502
2029277,43,45,1705,2009,1925412.0,0.0,0.898623,2.08703,CHN,CMR,8502
2029278,47,45,1705,2009,0.0,5023.0,-1.466289,-1.201249,COG,CMR,8502
2029279,61,45,1705,2009,478108.0,0.0,2.056515,-3.034837,DEU,CMR,8502
2029280,71,45,1705,2009,233472.0,2941.0,0.9021020000000001,2.170578,ESP,CMR,8502
2029281,74,45,1705,2009,8994770.0,0.0,1.8206849999999999,0.797421,FIN,CMR,8502
2029282,77,45,1705,2009,6243641.0,0.0,1.540346,0.090377,FRA,CMR,8502
2029283,80,45,1705,2009,9303.0,15880.0,-1.197711,-1.147469,GAB,CMR,8502
2029284,81,45,1705,2009,2838021.0,0.0,1.7921779999999998,0.41211499999999995,GBR,CMR,8502
2029285,83,45,1705,2009,0.0,33100.0,-0.909436,-0.6619470000000001,GHA,CMR,8502
2029286,89,45,1705,2009,0.0,59472.0,-1.426661,-0.9459870000000001,GNQ,CMR,8502
2029287,90,45,1705,2009,1783284.0,1061.0,0.2196,1.63301,GRC,CMR,8502
2029288,97,45,1705,2009,158441.0,0.0,0.654964,1.98672,HKG,CMR,8502
2029289,103,45,1705,2009,2022.0,0.0,-0.253835,1.260101,IDN,CMR,8502
2029290,104,45,1705,2009,283205.0,0.0,0.209867,2.254003,IND,CMR,8502
2029291,106,45,1705,2009,224479.0,0.0,1.627233,0.020024,IRL,CMR,8502
2029292,110,45,1705,2009,12177.0,0.0,1.226438,0.816299,ISR,CMR,8502
2029293,111,45,1705,2009,396397.0,2015.0,1.289,0.64549,ITA,CMR,8502
2029294,114,45,1705,2009,112607.0,0.0,2.306791,-0.251712,JPN,CMR,8502
2029295,121,45,1705,2009,30374.0,0.0,1.509336,0.784515,KOR,CMR,8502
2029296,124,45,1705,2009,256325.0,0.0,0.48618599999999995,1.4748620000000001,LBN,CMR,8502
2029297,162,45,1705,2009,3426088.0,0.0,1.1914850000000001,1.3076780000000001,NLD,CMR,8502
2029298,179,45,1705,2009,167927.0,0.0,0.559189,2.4359919999999997,PRT,CMR,8502
2029299,192,45,1705,2009,1516.0,0.0,1.9503540000000001,0.498033,SGP,CMR,8502
2029300,208,45,1705,2009,4385.0,0.0,1.877821,0.336565,SWE,CMR,8502
2029301,214,45,1705,2009,0.0,18594.0,-1.294648,-0.9645020000000001,TCD,CMR,8502
2029302,215,45,1705,2009,0.0,5406.0,-0.561619,-0.759929,TGO,CMR,8502
2029303,216,45,1705,2009,15813.0,0.0,0.79692,1.315501,THA,CMR,8502
2029304,224,45,1705,2009,7712.0,0.0,0.384596,2.3797610000000002,TUR,CMR,8502
2029305,231,45,1705,2009,958238.0,1235.0,1.657663,-0.41411400000000004,USA,CMR,8502
2029306,246,45,1705,2009,135860.0,0.0,0.316452,1.767795,ZAF,CMR,8502
2029307,17,46,1705,2009,43061.0,3687.0,-0.43971099999999996,-0.575079,BDI,COD,8502
2029308,18,46,1705,2009,1458224.0,0.0,1.272011,1.074548,BEL,COD,8502
2029309,43,46,1705,2009,3749246.0,0.0,0.898623,2.08703,CHN,COD,8502
2029310,47,46,1705,2009,125766.0,96048.0,-1.466289,-1.201249,COG,COD,8502
2029311,61,46,1705,2009,90453.0,0.0,2.056515,-3.034837,DEU,COD,8502
2029312,71,46,1705,2009,343506.0,0.0,0.9021020000000001,2.170578,ESP,COD,8502
2029313,77,46,1705,2009,2479946.0,0.0,1.540346,0.090377,FRA,COD,8502
2029314,80,46,1705,2009,3178.0,0.0,-1.197711,-1.147469,GAB,COD,8502
2029315,81,46,1705,2009,578926.0,0.0,1.7921779999999998,0.41211499999999995,GBR,COD,8502
2029316,97,46,1705,2009,350443.0,0.0,0.654964,1.98672,HKG,COD,8502
2029317,106,46,1705,2009,73128.0,0.0,1.627233,0.020024,IRL,COD,8502
2029318,111,46,1705,2009,271067.0,0.0,1.289,0.64549,ITA,COD,8502
2029319,114,46,1705,2009,175800.0,0.0,2.306791,-0.251712,JPN,COD,8502
2029320,116,46,1705,2009,49046.0,0.0,-0.26477399999999995,0.932587,KEN,COD,8502
2029321,162,46,1705,2009,22325.0,0.0,1.1914850000000001,1.3076780000000001,NLD,COD,8502
2029322,188,46,1705,2009,724336.0,0.0,0.300581,-0.813199,SAU,COD,8502
2029323,208,46,1705,2009,2762.0,0.0,1.877821,0.336565,SWE,COD,8502
2029324,226,46,1705,2009,2209.0,0.0,-0.822897,0.644899,TZA,COD,8502
2029325,227,46,1705,2009,184070.0,0.0,-0.573707,-0.036203,UGA,COD,8502
2029326,228,46,1705,2009,12450.0,0.0,0.602688,0.830247,UKR,COD,8502
2029327,231,46,1705,2009,28600.0,0.0,1.657663,-0.41411400000000004,USA,COD,8502
2029328,246,46,1705,2009,1064480.0,1808.0,0.316452,1.767795,ZAF,COD,8502
2029329,247,46,1705,2009,78408.0,70289.0,-0.6423909999999999,-0.815315,ZMB,COD,8502
2029330,248,46,1705,2009,193453.0,0.0,-0.686822,-0.683511,ZWE,COD,8502
2029331,249,46,1705,2009,2034.0,0.0,1.5763120000000002,0.9567950000000001,TWN,COD,8502
2029332,2,47,1705,2009,0.0,291699.0,-0.809438,-1.190006,AGO,COG,8502
2029333,7,47,1705,2009,4203439.0,0.0,0.070059,-0.619075,ARE,COG,8502
2029334,18,47,1705,2009,2494796.0,1634.0,1.272011,1.074548,BEL,COG,8502
2029335,43,47,1705,2009,4643976.0,0.0,0.898623,2.08703,CHN,COG,8502
2029336,45,47,1705,2009,5023.0,0.0,-1.128734,-1.022546,CMR,COG,8502
2029337,46,47,1705,2009,96048.0,125766.0,-1.532165,-1.160269,COD,COG,8502
2029338,61,47,1705,2009,103303.0,0.0,2.056515,-3.034837,DEU,COG,8502
2029339,68,47,1705,2009,29860.0,0.0,-0.20940300000000003,1.6466290000000001,EGY,COG,8502
2029340,71,47,1705,2009,597050.0,0.0,0.9021020000000001,2.170578,ESP,COG,8502
2029341,77,47,1705,2009,17098086.0,18513.0,1.540346,0.090377,FRA,COG,8502
2029342,80,47,1705,2009,158812.0,122970.0,-1.197711,-1.147469,GAB,COG,8502
2029343,81,47,1705,2009,300197.0,394617.0,1.7921779999999998,0.41211499999999995,GBR,COG,8502
2029344,97,47,1705,2009,2031519.0,0.0,0.654964,1.98672,HKG,COG,8502
2029345,104,47,1705,2009,949492.0,0.0,0.209867,2.254003,IND,COG,8502
2029346,106,47,1705,2009,43223.0,0.0,1.627233,0.020024,IRL,COG,8502
2029347,110,47,1705,2009,34080.0,0.0,1.226438,0.816299,ISR,COG,8502
2029348,111,47,1705,2009,1451429.0,0.0,1.289,0.64549,ITA,COG,8502
2029349,114,47,1705,2009,89586.0,0.0,2.306791,-0.251712,JPN,COG,8502
2029350,121,47,1705,2009,21208.0,0.0,1.509336,0.784515,KOR,COG,8502
2029351,124,47,1705,2009,2341752.0,0.0,0.48618599999999995,1.4748620000000001,LBN,COG,8502
2029352,159,47,1705,2009,0.0,1825.0,-1.584051,-1.156247,NGA,COG,8502
2029353,162,47,1705,2009,145217.0,0.0,1.1914850000000001,1.3076780000000001,NLD,COG,8502
2029354,163,47,1705,2009,75685.0,0.0,0.865455,0.082808,NOR,COG,8502
2029355,174,47,1705,2009,11300.0,0.0,0.34318000000000004,0.095375,PHL,COG,8502
2029356,186,47,1705,2009,50153.0,0.0,0.392478,-0.20038399999999998,RUS,COG,8502
2029357,188,47,1705,2009,3731.0,0.0,0.300581,-0.813199,SAU,COG,8502
2029358,192,47,1705,2009,3284.0,0.0,1.9503540000000001,0.498033,SGP,COG,8502
2029359,223,47,1705,2009,3872.0,0.0,0.044903,0.9126120000000001,TUN,COG,8502
2029360,224,47,1705,2009,84349.0,0.0,0.384596,2.3797610000000002,TUR,COG,8502
2029361,227,47,1705,2009,10057.0,0.0,-0.573707,-0.036203,UGA,COG,8502
2029362,231,47,1705,2009,6704820.0,0.0,1.657663,-0.41411400000000004,USA,COG,8502
2029363,239,47,1705,2009,4825.0,0.0,-0.27396,1.131199,VNM,COG,8502
2029364,246,47,1705,2009,274152.0,2285.0,0.316452,1.767795,ZAF,COG,8502
2029365,249,47,1705,2009,1010.0,0.0,1.5763120000000002,0.9567950000000001,TWN,COG,8502
2029366,32,51,1705,2009,46712.0,0.0,0.35447199999999995,0.8522360000000001,BRA,CPV,8502
2029367,43,51,1705,2009,55793.0,0.0,0.898623,2.08703,CHN,CPV,8502
2029368,61,51,1705,2009,104284.0,0.0,2.056515,-3.034837,DEU,CPV,8502
2029369,71,51,1705,2009,43112.0,0.0,0.9021020000000001,2.170578,ESP,CPV,8502
2029370,77,51,1705,2009,7733.0,45.0,1.540346,0.090377,FRA,CPV,8502
2029371,81,51,1705,2009,79211.0,0.0,1.7921779999999998,0.41211499999999995,GBR,CPV,8502
2029372,106,51,1705,2009,6599.0,0.0,1.627233,0.020024,IRL,CPV,8502
2029373,111,51,1705,2009,296745.0,0.0,1.289,0.64549,ITA,CPV,8502
2029374,162,51,1705,2009,146964.0,5628.0,1.1914850000000001,1.3076780000000001,NLD,CPV,8502
2029375,179,51,1705,2009,1634504.0,170974.0,0.559189,2.4359919999999997,PRT,CPV,8502
2029376,191,51,1705,2009,0.0,4213.0,-0.53392,-0.415513,SEN,CPV,8502
2029377,231,51,1705,2009,17709.0,1016.0,1.657663,-0.41411400000000004,USA,CPV,8502
2029378,7,62,1705,2009,63683.0,0.0,0.070059,-0.619075,ARE,DJI,8502
2029379,18,62,1705,2009,1257702.0,0.0,1.272011,1.074548,BEL,DJI,8502
2029380,43,62,1705,2009,1613718.0,0.0,0.898623,2.08703,CHN,DJI,8502
2029381,61,62,1705,2009,1032.0,0.0,2.056515,-3.034837,DEU,DJI,8502
2029382,71,62,1705,2009,1049168.0,0.0,0.9021020000000001,2.170578,ESP,DJI,8502
2029383,73,62,1705,2009,0.0,22710.0,-0.967483,-0.8219,ETH,DJI,8502
2029384,77,62,1705,2009,601571.0,43141.0,1.540346,0.090377,FRA,DJI,8502
2029385,81,62,1705,2009,884808.0,0.0,1.7921779999999998,0.41211499999999995,GBR,DJI,8502
2029386,104,62,1705,2009,1704560.0,0.0,0.209867,2.254003,IND,DJI,8502
2029387,110,62,1705,2009,85677.0,0.0,1.226438,0.816299,ISR,DJI,8502
2029388,111,62,1705,2009,636545.0,0.0,1.289,0.64549,ITA,DJI,8502
2029389,114,62,1705,2009,114935.0,0.0,2.306791,-0.251712,JPN,DJI,8502
2029390,122,62,1705,2009,40555.0,0.0,-1.386993,-1.203527,KWT,DJI,8502
2029391,134,62,1705,2009,10388.0,0.0,-0.48819300000000004,0.173952,MAR,DJI,8502
2029392,162,62,1705,2009,19010.0,0.0,1.1914850000000001,1.3076780000000001,NLD,DJI,8502
2029393,168,62,1705,2009,62514.0,0.0,-0.514907,0.44733100000000003,PAK,DJI,8502
2029394,186,62,1705,2009,21772.0,0.0,0.392478,-0.20038399999999998,RUS,DJI,8502
2029395,188,62,1705,2009,1218065.0,0.0,0.300581,-0.813199,SAU,DJI,8502
2029396,224,62,1705,2009,51991.0,0.0,0.384596,2.3797610000000002,TUR,DJI,8502
2029397,231,62,1705,2009,4686.0,0.0,1.657663,-0.41411400000000004,USA,DJI,8502
2029398,243,62,1705,2009,8249.0,0.0,-0.845426,-1.119091,YEM,DJI,8502
2029399,246,62,1705,2009,1432.0,0.0,0.316452,1.767795,ZAF,DJI,8502
2029400,43,69,1705,2009,73575.0,0.0,0.898623,2.08703,CHN,ERI,8502
2029401,77,69,1705,2009,90306.0,0.0,1.540346,0.090377,FRA,ERI,8502
2029402,81,69,1705,2009,172494.0,0.0,1.7921779999999998,0.41211499999999995,GBR,ERI,8502
2029403,111,69,1705,2009,4962667.0,0.0,1.289,0.64549,ITA,ERI,8502
2029404,114,69,1705,2009,30252.0,0.0,2.306791,-0.251712,JPN,ERI,8502
2029405,147,69,1705,2009,0.0,2615.0,-1.0023090000000001,-0.844765,MOZ,ERI,8502
2029406,183,69,1705,2009,15480.0,0.0,-0.484947,-1.07179,QAT,ERI,8502
2029407,188,69,1705,2009,53338.0,0.0,0.300581,-0.813199,SAU,ERI,8502
2029408,246,69,1705,2009,7167.0,0.0,0.316452,1.767795,ZAF,ERI,8502
2029409,7,73,1705,2009,147436.0,4111.0,0.070059,-0.619075,ARE,ETH,8502
2029410,18,73,1705,2009,1364961.0,0.0,1.272011,1.074548,BEL,ETH,8502
2029411,23,73,1705,2009,36935.0,0.0,0.373594,1.571413,BGR,ETH,8502
2029412,32,73,1705,2009,39558.0,0.0,0.35447199999999995,0.8522360000000001,BRA,ETH,8502
2029413,39,73,1705,2009,36947.0,0.0,0.6778069999999999,1.278402,CAN,ETH,8502
2029414,41,73,1705,2009,452170.0,0.0,2.124438,0.484861,CHE,ETH,8502
2029415,43,73,1705,2009,6592462.0,0.0,0.898623,2.08703,CHN,ETH,8502
2029416,61,73,1705,2009,387099.0,0.0,2.056515,-3.034837,DEU,ETH,8502
2029417,62,73,1705,2009,22710.0,0.0,0.062037,-0.596527,DJI,ETH,8502
2029418,64,73,1705,2009,157236.0,0.0,1.242327,1.064709,DNK,ETH,8502
2029419,71,73,1705,2009,1596441.0,0.0,0.9021020000000001,2.170578,ESP,ETH,8502
2029420,77,73,1705,2009,2329314.0,0.0,1.540346,0.090377,FRA,ETH,8502
2029421,81,73,1705,2009,6587703.0,177226.0,1.7921779999999998,0.41211499999999995,GBR,ETH,8502
2029422,103,73,1705,2009,18502.0,0.0,-0.253835,1.260101,IDN,ETH,8502
2029423,104,73,1705,2009,227479.0,0.0,0.209867,2.254003,IND,ETH,8502
2029424,110,73,1705,2009,66008.0,0.0,1.226438,0.816299,ISR,ETH,8502
2029425,111,73,1705,2009,3117455.0,0.0,1.289,0.64549,ITA,ETH,8502
2029426,114,73,1705,2009,186251.0,0.0,2.306791,-0.251712,JPN,ETH,8502
2029427,116,73,1705,2009,697219.0,0.0,-0.26477399999999995,0.932587,KEN,ETH,8502
2029428,121,73,1705,2009,8111.0,0.0,1.509336,0.784515,KOR,ETH,8502
2029429,123,73,1705,2009,0.0,28408.0,-1.235693,-1.0440040000000002,LAO,ETH,8502
2029430,124,73,1705,2009,50362.0,0.0,0.48618599999999995,1.4748620000000001,LBN,ETH,8502
2029431,162,73,1705,2009,11462838.0,3228308.0,1.1914850000000001,1.3076780000000001,NLD,ETH,8502
2029432,163,73,1705,2009,19202.0,0.0,0.865455,0.082808,NOR,ETH,8502
2029433,167,73,1705,2009,48842.0,0.0,-0.691918,-1.015434,OMN,ETH,8502
2029434,168,73,1705,2009,454960.0,0.0,-0.514907,0.44733100000000003,PAK,ETH,8502
2029435,174,73,1705,2009,9253.0,0.0,0.34318000000000004,0.095375,PHL,ETH,8502
2029436,177,73,1705,2009,736.0,0.0,1.11055,1.069074,POL,ETH,8502
2029437,179,73,1705,2009,1682543.0,0.0,0.559189,2.4359919999999997,PRT,ETH,8502
2029438,188,73,1705,2009,1510.0,2334.0,0.300581,-0.813199,SAU,ETH,8502
2029439,192,73,1705,2009,274356.0,0.0,1.9503540000000001,0.498033,SGP,ETH,8502
2029440,208,73,1705,2009,101085.0,0.0,1.877821,0.336565,SWE,ETH,8502
2029441,212,73,1705,2009,3388.0,0.0,-0.48481199999999997,1.464509,SYR,ETH,8502
2029442,216,73,1705,2009,107183.0,6147.0,0.79692,1.315501,THA,ETH,8502
2029443,224,73,1705,2009,1044832.0,0.0,0.384596,2.3797610000000002,TUR,ETH,8502
2029444,227,73,1705,2009,7061.0,0.0,-0.573707,-0.036203,UGA,ETH,8502
2029445,231,73,1705,2009,463873.0,0.0,1.657663,-0.41411400000000004,USA,ETH,8502
2029446,246,73,1705,2009,172127.0,0.0,0.316452,1.767795,ZAF,ETH,8502
2029447,249,73,1705,2009,94275.0,0.0,1.5763120000000002,0.9567950000000001,TWN,ETH,8502
2029448,7,80,1705,2009,762826.0,0.0,0.070059,-0.619075,ARE,GAB,8502
2029449,15,80,1705,2009,37406.0,0.0,1.651325,-0.020794,AUT,GAB,8502
2029450,18,80,1705,2009,469421.0,0.0,1.272011,1.074548,BEL,GAB,8502
2029451,22,80,1705,2009,0.0,166732.0,-1.030722,-0.860137,BGD,GAB,8502
2029452,41,80,1705,2009,12839982.0,0.0,2.124438,0.484861,CHE,GAB,8502
2029453,43,80,1705,2009,1391398.0,0.0,0.898623,2.08703,CHN,GAB,8502
2029454,44,80,1705,2009,13635.0,0.0,-0.924681,-0.801371,CIV,GAB,8502
2029455,45,80,1705,2009,15880.0,9303.0,-1.128734,-1.022546,CMR,GAB,8502
2029456,46,80,1705,2009,0.0,3178.0,-1.532165,-1.160269,COD,GAB,8502
2029457,47,80,1705,2009,122970.0,158812.0,-1.466289,-1.201249,COG,GAB,8502
2029458,61,80,1705,2009,89329.0,0.0,2.056515,-3.034837,DEU,GAB,8502
2029459,71,80,1705,2009,471744.0,0.0,0.9021020000000001,2.170578,ESP,GAB,8502
2029460,77,80,1705,2009,8207855.0,0.0,1.540346,0.090377,FRA,GAB,8502
2029461,81,80,1705,2009,83543.0,0.0,1.7921779999999998,0.41211499999999995,GBR,GAB,8502
2029462,83,80,1705,2009,0.0,1658.0,-0.909436,-0.6619470000000001,GHA,GAB,8502
2029463,89,80,1705,2009,0.0,190060.0,-1.426661,-0.9459870000000001,GNQ,GAB,8502
2029464,97,80,1705,2009,1927490.0,0.0,0.654964,1.98672,HKG,GAB,8502
2029465,104,80,1705,2009,48606.0,0.0,0.209867,2.254003,IND,GAB,8502
2029466,110,80,1705,2009,5363.0,0.0,1.226438,0.816299,ISR,GAB,8502
2029467,111,80,1705,2009,597894.0,0.0,1.289,0.64549,ITA,GAB,8502
2029468,114,80,1705,2009,21224.0,0.0,2.306791,-0.251712,JPN,GAB,8502
2029469,124,80,1705,2009,405839.0,0.0,0.48618599999999995,1.4748620000000001,LBN,GAB,8502
2029470,153,80,1705,2009,35237.0,0.0,0.8718229999999999,0.607429,MYS,GAB,8502
2029471,159,80,1705,2009,0.0,3858.0,-1.584051,-1.156247,NGA,GAB,8502
2029472,162,80,1705,2009,496324.0,0.0,1.1914850000000001,1.3076780000000001,NLD,GAB,8502
2029473,163,80,1705,2009,1093.0,0.0,0.865455,0.082808,NOR,GAB,8502
2029474,177,80,1705,2009,0.0,775.0,1.11055,1.069074,POL,GAB,8502
2029475,190,80,1705,2009,0.0,22262.0,-2.2948020000000002,-1.3182040000000002,SDN,GAB,8502
2029476,206,80,1705,2009,0.0,21016.0,1.231382,0.820968,SVK,GAB,8502
2029477,224,80,1705,2009,100741.0,0.0,0.384596,2.3797610000000002,TUR,GAB,8502
2029478,231,80,1705,2009,160950.0,40850.0,1.657663,-0.41411400000000004,USA,GAB,8502
2029479,246,80,1705,2009,364829.0,21427.0,0.316452,1.767795,ZAF,GAB,8502
2029480,6,83,1705,2009,22422.0,0.0,0.351025,-0.699817,ANT,GHA,8502
2029481,7,83,1705,2009,1392262.0,0.0,0.070059,-0.619075,ARE,GHA,8502
2029482,14,83,1705,2009,30141.0,0.0,-0.109286,0.13586900000000002,AUS,GHA,8502
2029483,15,83,1705,2009,185254.0,0.0,1.651325,-0.020794,AUT,GHA,8502
2029484,18,83,1705,2009,463288.0,0.0,1.272011,1.074548,BEL,GHA,8502
2029485,19,83,1705,2009,12062.0,0.0,-0.93195,-0.813017,BEN,GHA,8502
2029486,21,83,1705,2009,0.0,57982.0,-1.283807,-1.061272,BFA,GHA,8502
2029487,24,83,1705,2009,2097.0,0.0,0.250645,-0.767742,BHR,GHA,8502
2029488,25,83,1705,2009,17331.0,0.0,0.5451729999999999,-0.496575,BHS,GHA,8502
2029489,39,83,1705,2009,15379.0,0.0,0.6778069999999999,1.278402,CAN,GHA,8502
2029490,41,83,1705,2009,13749.0,0.0,2.124438,0.484861,CHE,GHA,8502
2029491,43,83,1705,2009,4232119.0,0.0,0.898623,2.08703,CHN,GHA,8502
2029492,44,83,1705,2009,911.0,6133.0,-0.924681,-0.801371,CIV,GHA,8502
2029493,45,83,1705,2009,33100.0,0.0,-1.128734,-1.022546,CMR,GHA,8502
2029494,58,83,1705,2009,7276.0,0.0,0.934193,0.657555,CYP,GHA,8502
2029495,61,83,1705,2009,364431.0,0.0,2.056515,-3.034837,DEU,GHA,8502
2029496,64,83,1705,2009,267506.0,0.0,1.242327,1.064709,DNK,GHA,8502
2029497,68,83,1705,2009,38667.0,0.0,-0.20940300000000003,1.6466290000000001,EGY,GHA,8502
2029498,71,83,1705,2009,178036.0,0.0,0.9021020000000001,2.170578,ESP,GHA,8502
2029499,77,83,1705,2009,20462350.0,13593.0,1.540346,0.090377,FRA,GHA,8502
2029500,80,83,1705,2009,1658.0,0.0,-1.197711,-1.147469,GAB,GHA,8502
2029501,81,83,1705,2009,13669771.0,0.0,1.7921779999999998,0.41211499999999995,GBR,GHA,8502
2029502,90,83,1705,2009,12119.0,9655.0,0.2196,1.63301,GRC,GHA,8502
2029503,97,83,1705,2009,3830688.0,0.0,0.654964,1.98672,HKG,GHA,8502
2029504,100,83,1705,2009,2485.0,0.0,0.740174,1.005258,HRV,GHA,8502
2029505,104,83,1705,2009,1371511.0,0.0,0.209867,2.254003,IND,GHA,8502
2029506,106,83,1705,2009,313500.0,0.0,1.627233,0.020024,IRL,GHA,8502
2029507,110,83,1705,2009,342903.0,0.0,1.226438,0.816299,ISR,GHA,8502
2029508,111,83,1705,2009,567185.0,0.0,1.289,0.64549,ITA,GHA,8502
2029509,114,83,1705,2009,49422.0,0.0,2.306791,-0.251712,JPN,GHA,8502
2029510,121,83,1705,2009,81824.0,0.0,1.509336,0.784515,KOR,GHA,8502
2029511,122,83,1705,2009,1527.0,0.0,-1.386993,-1.203527,KWT,GHA,8502
2029512,124,83,1705,2009,2216818.0,0.0,0.48618599999999995,1.4748620000000001,LBN,GHA,8502
2029513,125,83,1705,2009,85255.0,33503.0,-0.07508,-0.994632,LBR,GHA,8502
2029514,139,83,1705,2009,13513.0,0.0,-0.960635,-0.99724,MHL,GHA,8502
2029515,153,83,1705,2009,5339.0,0.0,0.8718229999999999,0.607429,MYS,GHA,8502
2029516,157,83,1705,2009,0.0,2559.0,-1.306036,-0.956361,NER,GHA,8502
2029517,159,83,1705,2009,10439.0,2426787.0,-1.584051,-1.156247,NGA,GHA,8502
2029518,162,83,1705,2009,201137.0,151118.0,1.1914850000000001,1.3076780000000001,NLD,GHA,8502
2029519,163,83,1705,2009,2388.0,0.0,0.865455,0.082808,NOR,GHA,8502
2029520,167,83,1705,2009,2371.0,0.0,-0.691918,-1.015434,OMN,GHA,8502
2029521,168,83,1705,2009,21174.0,0.0,-0.514907,0.44733100000000003,PAK,GHA,8502
2029522,169,83,1705,2009,245928.0,0.0,0.629137,0.5894010000000001,PAN,GHA,8502
2029523,177,83,1705,2009,2750.0,0.0,1.11055,1.069074,POL,GHA,8502
2029524,191,83,1705,2009,18771.0,0.0,-0.53392,-0.415513,SEN,GHA,8502
2029525,192,83,1705,2009,121273.0,0.0,1.9503540000000001,0.498033,SGP,GHA,8502
2029526,196,83,1705,2009,2472.0,5987.0,0.06259400000000001,-0.273258,SLE,GHA,8502
2029527,208,83,1705,2009,5493.0,0.0,1.877821,0.336565,SWE,GHA,8502
2029528,215,83,1705,2009,156185.0,9278.0,-0.561619,-0.759929,TGO,GHA,8502
2029529,223,83,1705,2009,88615.0,0.0,0.044903,0.9126120000000001,TUN,GHA,8502
2029530,224,83,1705,2009,36810.0,0.0,0.384596,2.3797610000000002,TUR,GHA,8502
2029531,231,83,1705,2009,4884534.0,0.0,1.657663,-0.41411400000000004,USA,GHA,8502
2029532,246,83,1705,2009,1500299.0,0.0,0.316452,1.767795,ZAF,GHA,8502
2029533,249,83,1705,2009,2730.0,0.0,1.5763120000000002,0.9567950000000001,TWN,GHA,8502
2029534,15,84,1705,2009,268839.0,0.0,1.651325,-0.020794,AUT,GIB,8502
2029535,41,84,1705,2009,123727.0,0.0,2.124438,0.484861,CHE,GIB,8502
2029536,71,84,1705,2009,110804.0,0.0,0.9021020000000001,2.170578,ESP,GIB,8502
2029537,81,84,1705,2009,67268.0,0.0,1.7921779999999998,0.41211499999999995,GBR,GIB,8502
2029538,111,84,1705,2009,3982.0,0.0,1.289,0.64549,ITA,GIB,8502
2029539,179,84,1705,2009,30750.0,0.0,0.559189,2.4359919999999997,PRT,GIB,8502
2029540,190,84,1705,2009,0.0,29566945.0,-2.2948020000000002,-1.3182040000000002,SDN,GIB,8502
2029541,18,85,1705,2009,46616.0,0.0,1.272011,1.074548,BEL,GIN,8502
2029542,43,85,1705,2009,4150783.0,0.0,0.898623,2.08703,CHN,GIN,8502
2029543,61,85,1705,2009,25248.0,0.0,2.056515,-3.034837,DEU,GIN,8502
2029544,66,85,1705,2009,23161.0,0.0,-1.161786,-1.188669,DZA,GIN,8502
2029545,68,85,1705,2009,18630.0,0.0,-0.20940300000000003,1.6466290000000001,EGY,GIN,8502
2029546,71,85,1705,2009,22864.0,0.0,0.9021020000000001,2.170578,ESP,GIN,8502
2029547,77,85,1705,2009,1832519.0,55383.0,1.540346,0.090377,FRA,GIN,8502
2029548,81,85,1705,2009,128202.0,0.0,1.7921779999999998,0.41211499999999995,GBR,GIN,8502
2029549,104,85,1705,2009,56978.0,0.0,0.209867,2.254003,IND,GIN,8502
2029550,110,85,1705,2009,9000.0,0.0,1.226438,0.816299,ISR,GIN,8502
2029551,111,85,1705,2009,248987.0,0.0,1.289,0.64549,ITA,GIN,8502
2029552,114,85,1705,2009,9863.0,0.0,2.306791,-0.251712,JPN,GIN,8502
2029553,124,85,1705,2009,1823460.0,0.0,0.48618599999999995,1.4748620000000001,LBN,GIN,8502
2029554,162,85,1705,2009,5581.0,0.0,1.1914850000000001,1.3076780000000001,NLD,GIN,8502
2029555,163,85,1705,2009,1242.0,0.0,0.865455,0.082808,NOR,GIN,8502
2029556,179,85,1705,2009,13792.0,0.0,0.559189,2.4359919999999997,PRT,GIN,8502
2029557,186,85,1705,2009,5696.0,0.0,0.392478,-0.20038399999999998,RUS,GIN,8502
2029558,215,85,1705,2009,0.0,118416.0,-0.561619,-0.759929,TGO,GIN,8502
2029559,246,85,1705,2009,43278.0,0.0,0.316452,1.767795,ZAF,GIN,8502
2029560,2,89,1705,2009,0.0,133340.0,-0.809438,-1.190006,AGO,GNQ,8502
2029561,18,89,1705,2009,0.0,2660.0,1.272011,1.074548,BEL,GNQ,8502
2029562,32,89,1705,2009,440253.0,0.0,0.35447199999999995,0.8522360000000001,BRA,GNQ,8502
2029563,43,89,1705,2009,7108946.0,0.0,0.898623,2.08703,CHN,GNQ,8502
2029564,45,89,1705,2009,59472.0,0.0,-1.128734,-1.022546,CMR,GNQ,8502
2029565,61,89,1705,2009,32954.0,0.0,2.056515,-3.034837,DEU,GNQ,8502
2029566,71,89,1705,2009,8810742.0,0.0,0.9021020000000001,2.170578,ESP,GNQ,8502
2029567,77,89,1705,2009,12487252.0,0.0,1.540346,0.090377,FRA,GNQ,8502
2029568,80,89,1705,2009,190060.0,0.0,-1.197711,-1.147469,GAB,GNQ,8502
2029569,81,89,1705,2009,602880.0,0.0,1.7921779999999998,0.41211499999999995,GBR,GNQ,8502
2029570,104,89,1705,2009,170416.0,0.0,0.209867,2.254003,IND,GNQ,8502
2029571,111,89,1705,2009,3108327.0,0.0,1.289,0.64549,ITA,GNQ,8502
2029572,121,89,1705,2009,871461.0,0.0,1.509336,0.784515,KOR,GNQ,8502
2029573,124,89,1705,2009,90537.0,0.0,0.48618599999999995,1.4748620000000001,LBN,GNQ,8502
2029574,134,89,1705,2009,27755.0,0.0,-0.48819300000000004,0.173952,MAR,GNQ,8502
2029575,159,89,1705,2009,0.0,87348.0,-1.584051,-1.156247,NGA,GNQ,8502
2029576,162,89,1705,2009,79531.0,0.0,1.1914850000000001,1.3076780000000001,NLD,GNQ,8502
2029577,231,89,1705,2009,377445.0,0.0,1.657663,-0.41411400000000004,USA,GNQ,8502
2029578,246,89,1705,2009,23545.0,0.0,0.316452,1.767795,ZAF,GNQ,8502
2029579,15,101,1705,2009,1561541.0,0.0,1.651325,-0.020794,AUT,HTI,8502
2029580,32,101,1705,2009,96637.0,0.0,0.35447199999999995,0.8522360000000001,BRA,HTI,8502
2029581,43,101,1705,2009,1535022.0,0.0,0.898623,2.08703,CHN,HTI,8502
2029582,61,101,1705,2009,10022.0,0.0,2.056515,-3.034837,DEU,HTI,8502
2029583,65,101,1705,2009,224038.0,55590.0,-0.317894,0.198926,DOM,HTI,8502
2029584,71,101,1705,2009,146649.0,0.0,0.9021020000000001,2.170578,ESP,HTI,8502
2029585,77,101,1705,2009,4708423.0,0.0,1.540346,0.090377,FRA,HTI,8502
2029586,81,101,1705,2009,2039872.0,0.0,1.7921779999999998,0.41211499999999995,GBR,HTI,8502
2029587,114,101,1705,2009,2860969.0,0.0,2.306791,-0.251712,JPN,HTI,8502
2029588,124,101,1705,2009,690000.0,0.0,0.48618599999999995,1.4748620000000001,LBN,HTI,8502
2029589,138,101,1705,2009,33892.0,0.0,1.061625,0.719234,MEX,HTI,8502
2029590,169,101,1705,2009,36002.0,0.0,0.629137,0.5894010000000001,PAN,HTI,8502
2029591,208,101,1705,2009,1316.0,0.0,1.877821,0.336565,SWE,HTI,8502
2029592,231,101,1705,2009,2811493.0,0.0,1.657663,-0.41411400000000004,USA,HTI,8502
2029593,249,101,1705,2009,10671.0,0.0,1.5763120000000002,0.9567950000000001,TWN,HTI,8502
2029594,15,109,1705,2009,0.0,17549.0,1.651325,-0.020794,AUT,ISL,8502
2029595,42,109,1705,2009,0.0,52681.0,-0.219521,-0.34239,CHL,ISL,8502
2029596,43,109,1705,2009,10419.0,0.0,0.898623,2.08703,CHN,ISL,8502
2029597,59,109,1705,2009,0.0,76233.0,1.6323159999999999,0.47257200000000005,CZE,ISL,8502
2029598,61,109,1705,2009,585238.0,34479.0,2.056515,-3.034837,DEU,ISL,8502
2029599,64,109,1705,2009,195912.0,31750.0,1.242327,1.064709,DNK,ISL,8502
2029600,71,109,1705,2009,3804.0,0.0,0.9021020000000001,2.170578,ESP,ISL,8502
2029601,81,109,1705,2009,143825.0,0.0,1.7921779999999998,0.41211499999999995,GBR,ISL,8502
2029602,110,109,1705,2009,1331.0,0.0,1.226438,0.816299,ISR,ISL,8502
2029603,111,109,1705,2009,32069.0,0.0,1.289,0.64549,ITA,ISL,8502
2029604,114,109,1705,2009,962.0,0.0,2.306791,-0.251712,JPN,ISL,8502
2029605,159,109,1705,2009,0.0,27005.0,-1.584051,-1.156247,NGA,ISL,8502
2029606,162,109,1705,2009,6360.0,24010.0,1.1914850000000001,1.3076780000000001,NLD,ISL,8502
2029607,163,109,1705,2009,10351.0,25841.0,0.865455,0.082808,NOR,ISL,8502
2029608,208,109,1705,2009,986.0,36069.0,1.877821,0.336565,SWE,ISL,8502
2029609,231,109,1705,2009,54276.0,0.0,1.657663,-0.41411400000000004,USA,ISL,8502
2029610,18,125,1705,2009,159797.0,0.0,1.272011,1.074548,BEL,LBR,8502
2029611,43,125,1705,2009,3761913.0,0.0,0.898623,2.08703,CHN,LBR,8502
2029612,44,125,1705,2009,26304.0,0.0,-0.924681,-0.801371,CIV,LBR,8502
2029613,61,125,1705,2009,47673.0,0.0,2.056515,-3.034837,DEU,LBR,8502
2029614,64,125,1705,2009,12100.0,0.0,1.242327,1.064709,DNK,LBR,8502
2029615,71,125,1705,2009,183515.0,0.0,0.9021020000000001,2.170578,ESP,LBR,8502
2029616,77,125,1705,2009,1219828.0,0.0,1.540346,0.090377,FRA,LBR,8502
2029617,81,125,1705,2009,2040684.0,0.0,1.7921779999999998,0.41211499999999995,GBR,LBR,8502
2029618,83,125,1705,2009,33503.0,85255.0,-0.909436,-0.6619470000000001,GHA,LBR,8502
2029619,90,125,1705,2009,0.0,5954.0,0.2196,1.63301,GRC,LBR,8502
2029620,104,125,1705,2009,28506.0,0.0,0.209867,2.254003,IND,LBR,8502
2029621,111,125,1705,2009,1217987.0,0.0,1.289,0.64549,ITA,LBR,8502
2029622,114,125,1705,2009,212356.0,0.0,2.306791,-0.251712,JPN,LBR,8502
2029623,124,125,1705,2009,1780024.0,0.0,0.48618599999999995,1.4748620000000001,LBN,LBR,8502
2029624,162,125,1705,2009,1395.0,0.0,1.1914850000000001,1.3076780000000001,NLD,LBR,8502
2029625,187,125,1705,2009,0.0,429977.0,-0.31001599999999996,-0.5382170000000001,RWA,LBR,8502
2029626,205,125,1705,2009,2121.0,0.0,-0.580507,-1.072833,SUR,LBR,8502
2029627,7,136,1705,2009,18704.0,0.0,0.070059,-0.619075,ARE,MDG,8502
2029628,18,136,1705,2009,99619.0,1012.0,1.272011,1.074548,BEL,MDG,8502
2029629,39,136,1705,2009,2195189.0,4751.0,0.6778069999999999,1.278402,CAN,MDG,8502
2029630,41,136,1705,2009,1024.0,0.0,2.124438,0.484861,CHE,MDG,8502
2029631,42,136,1705,2009,0.0,6559.0,-0.219521,-0.34239,CHL,MDG,8502
2029632,43,136,1705,2009,2251832.0,0.0,0.898623,2.08703,CHN,MDG,8502
2029633,50,136,1705,2009,0.0,47018.0,0.080831,-0.7148760000000001,COM,MDG,8502
2029634,59,136,1705,2009,213594.0,3708512.0,1.6323159999999999,0.47257200000000005,CZE,MDG,8502
2029635,61,136,1705,2009,1204491.0,0.0,2.056515,-3.034837,DEU,MDG,8502
2029636,64,136,1705,2009,1541674.0,0.0,1.242327,1.064709,DNK,MDG,8502
2029637,71,136,1705,2009,22150.0,0.0,0.9021020000000001,2.170578,ESP,MDG,8502
2029638,77,136,1705,2009,640313.0,55349.0,1.540346,0.090377,FRA,MDG,8502
2029639,81,136,1705,2009,857058.0,0.0,1.7921779999999998,0.41211499999999995,GBR,MDG,8502
2029640,97,136,1705,2009,2289213.0,0.0,0.654964,1.98672,HKG,MDG,8502
2029641,104,136,1705,2009,315601.0,36871.0,0.209867,2.254003,IND,MDG,8502
2029642,111,136,1705,2009,88444.0,12816.0,1.289,0.64549,ITA,MDG,8502
2029643,114,136,1705,2009,7133.0,0.0,2.306791,-0.251712,JPN,MDG,8502
2029644,116,136,1705,2009,19580.0,0.0,-0.26477399999999995,0.932587,KEN,MDG,8502
2029645,151,136,1705,2009,125054.0,2783.0,-0.198194,0.067014,MUS,MDG,8502
2029646,153,136,1705,2009,5174.0,0.0,0.8718229999999999,0.607429,MYS,MDG,8502
2029647,154,136,1705,2009,130809.0,8174.0,1.173729,-0.08655800000000001,MYT,MDG,8502
2029648,162,136,1705,2009,670212.0,0.0,1.1914850000000001,1.3076780000000001,NLD,MDG,8502
2029649,177,136,1705,2009,5263472.0,0.0,1.11055,1.069074,POL,MDG,8502
2029650,192,136,1705,2009,67790.0,0.0,1.9503540000000001,0.498033,SGP,MDG,8502
2029651,224,136,1705,2009,43643.0,0.0,0.384596,2.3797610000000002,TUR,MDG,8502
2029652,230,136,1705,2009,874.0,0.0,0.260419,-0.171944,URY,MDG,8502
2029653,231,136,1705,2009,677729.0,301779.0,1.657663,-0.41411400000000004,USA,MDG,8502
2029654,246,136,1705,2009,278859.0,12474.0,0.316452,1.767795,ZAF,MDG,8502
2029655,247,136,1705,2009,2223.0,0.0,-0.6423909999999999,-0.815315,ZMB,MDG,8502
2029656,250,136,1705,2009,54226.0,62111.0,0.582246,-0.10603,ANS,MDG,8502
2029657,14,139,1705,2009,714838.0,0.0,-0.109286,0.13586900000000002,AUS,MHL,8502
2029658,22,139,1705,2009,0.0,5322.0,-1.030722,-0.860137,BGD,MHL,8502
2029659,43,139,1705,2009,546984.0,0.0,0.898623,2.08703,CHN,MHL,8502
2029660,83,139,1705,2009,0.0,13513.0,-0.909436,-0.6619470000000001,GHA,MHL,8502
2029661,114,139,1705,2009,91594.0,0.0,2.306791,-0.251712,JPN,MHL,8502
2029662,231,139,1705,2009,64525.0,0.0,1.657663,-0.41411400000000004,USA,MHL,8502
2029663,7,147,1705,2009,25448.0,0.0,0.070059,-0.619075,ARE,MOZ,8502
2029664,14,147,1705,2009,11385.0,0.0,-0.109286,0.13586900000000002,AUS,MOZ,8502
2029665,18,147,1705,2009,26451.0,0.0,1.272011,1.074548,BEL,MOZ,8502
2029666,32,147,1705,2009,1417.0,0.0,0.35447199999999995,0.8522360000000001,BRA,MOZ,8502
2029667,41,147,1705,2009,51995.0,0.0,2.124438,0.484861,CHE,MOZ,8502
2029668,43,147,1705,2009,1102393.0,0.0,0.898623,2.08703,CHN,MOZ,8502
2029669,61,147,1705,2009,1930.0,0.0,2.056515,-3.034837,DEU,MOZ,8502
2029670,69,147,1705,2009,2615.0,0.0,0.081675,-0.37700100000000003,ERI,MOZ,8502
2029671,71,147,1705,2009,1272508.0,0.0,0.9021020000000001,2.170578,ESP,MOZ,8502
2029672,77,147,1705,2009,400828.0,0.0,1.540346,0.090377,FRA,MOZ,8502
2029673,81,147,1705,2009,478377.0,0.0,1.7921779999999998,0.41211499999999995,GBR,MOZ,8502
2029674,97,147,1705,2009,28207.0,0.0,0.654964,1.98672,HKG,MOZ,8502
2029675,104,147,1705,2009,16758.0,3668.0,0.209867,2.254003,IND,MOZ,8502
2029676,111,147,1705,2009,136599.0,0.0,1.289,0.64549,ITA,MOZ,8502
2029677,114,147,1705,2009,1115.0,0.0,2.306791,-0.251712,JPN,MOZ,8502
2029678,116,147,1705,2009,87836.0,20001.0,-0.26477399999999995,0.932587,KEN,MOZ,8502
2029679,124,147,1705,2009,4848.0,0.0,0.48618599999999995,1.4748620000000001,LBN,MOZ,8502
2029680,151,147,1705,2009,992153.0,0.0,-0.198194,0.067014,MUS,MOZ,8502
2029681,152,147,1705,2009,29448.0,3136.0,-1.571672,-1.244864,MWI,MOZ,8502
2029682,178,147,1705,2009,1517.0,0.0,0.608089,0.709831,PRK,MOZ,8502
2029683,179,147,1705,2009,277834.0,0.0,0.559189,2.4359919999999997,PRT,MOZ,8502
2029684,192,147,1705,2009,0.0,259.0,1.9503540000000001,0.498033,SGP,MOZ,8502
2029685,209,147,1705,2009,3188.0,0.0,0.6420859999999999,0.060127999999999994,SWZ,MOZ,8502
2029686,216,147,1705,2009,12253.0,0.0,0.79692,1.315501,THA,MOZ,8502
2029687,224,147,1705,2009,59004.0,0.0,0.384596,2.3797610000000002,TUR,MOZ,8502
2029688,226,147,1705,2009,3200.0,0.0,-0.822897,0.644899,TZA,MOZ,8502
2029689,231,147,1705,2009,99385.0,0.0,1.657663,-0.41411400000000004,USA,MOZ,8502
2029690,246,147,1705,2009,3483673.0,49562.0,0.316452,1.767795,ZAF,MOZ,8502
2029691,247,147,1705,2009,661.0,0.0,-0.6423909999999999,-0.815315,ZMB,MOZ,8502
2029692,248,147,1705,2009,176106.0,62356.0,-0.686822,-0.683511,ZWE,MOZ,8502
2029693,249,147,1705,2009,2917.0,0.0,1.5763120000000002,0.9567950000000001,TWN,MOZ,8502
2029694,7,148,1705,2009,5623783.0,0.0,0.070059,-0.619075,ARE,MRT,8502
2029695,18,148,1705,2009,145582.0,0.0,1.272011,1.074548,BEL,MRT,8502
2029696,32,148,1705,2009,11702.0,0.0,0.35447199999999995,0.8522360000000001,BRA,MRT,8502
2029697,39,148,1705,2009,4920.0,0.0,0.6778069999999999,1.278402,CAN,MRT,8502
2029698,43,148,1705,2009,2839731.0,0.0,0.898623,2.08703,CHN,MRT,8502
2029699,61,148,1705,2009,78349.0,0.0,2.056515,-3.034837,DEU,MRT,8502
2029700,64,148,1705,2009,11891.0,0.0,1.242327,1.064709,DNK,MRT,8502
2029701,71,148,1705,2009,1668811.0,0.0,0.9021020000000001,2.170578,ESP,MRT,8502
2029702,77,148,1705,2009,2057159.0,0.0,1.540346,0.090377,FRA,MRT,8502
2029703,81,148,1705,2009,17201.0,0.0,1.7921779999999998,0.41211499999999995,GBR,MRT,8502
2029704,104,148,1705,2009,43897.0,0.0,0.209867,2.254003,IND,MRT,8502
2029705,111,148,1705,2009,575663.0,0.0,1.289,0.64549,ITA,MRT,8502
2029706,124,148,1705,2009,83966.0,0.0,0.48618599999999995,1.4748620000000001,LBN,MRT,8502
2029707,134,148,1705,2009,859479.0,0.0,-0.48819300000000004,0.173952,MAR,MRT,8502
2029708,162,148,1705,2009,259658.0,0.0,1.1914850000000001,1.3076780000000001,NLD,MRT,8502
2029709,191,148,1705,2009,120202.0,0.0,-0.53392,-0.415513,SEN,MRT,8502
2029710,223,148,1705,2009,2119.0,0.0,0.044903,0.9126120000000001,TUN,MRT,8502
2029711,224,148,1705,2009,55007.0,0.0,0.384596,2.3797610000000002,TUR,MRT,8502
2029712,246,148,1705,2009,7575.0,0.0,0.316452,1.767795,ZAF,MRT,8502
2029713,14,151,1705,2009,3287.0,0.0,-0.109286,0.13586900000000002,AUS,MUS,8502
2029714,18,151,1705,2009,111071.0,0.0,1.272011,1.074548,BEL,MUS,8502
2029715,43,151,1705,2009,456682.0,0.0,0.898623,2.08703,CHN,MUS,8502
2029716,50,151,1705,2009,0.0,5265.0,0.080831,-0.7148760000000001,COM,MUS,8502
2029717,59,151,1705,2009,6088.0,0.0,1.6323159999999999,0.47257200000000005,CZE,MUS,8502
2029718,61,151,1705,2009,14510.0,0.0,2.056515,-3.034837,DEU,MUS,8502
2029719,64,151,1705,2009,4887.0,0.0,1.242327,1.064709,DNK,MUS,8502
2029720,71,151,1705,2009,238625.0,0.0,0.9021020000000001,2.170578,ESP,MUS,8502
2029721,77,151,1705,2009,273322.0,3106.0,1.540346,0.090377,FRA,MUS,8502
2029722,81,151,1705,2009,1817167.0,0.0,1.7921779999999998,0.41211499999999995,GBR,MUS,8502
2029723,97,151,1705,2009,19317.0,0.0,0.654964,1.98672,HKG,MUS,8502
2029724,104,151,1705,2009,74812.0,1549.0,0.209867,2.254003,IND,MUS,8502
2029725,111,151,1705,2009,98539.0,0.0,1.289,0.64549,ITA,MUS,8502
2029726,114,151,1705,2009,42877.0,0.0,2.306791,-0.251712,JPN,MUS,8502
2029727,136,151,1705,2009,2783.0,125054.0,-1.0356610000000002,-0.198062,MDG,MUS,8502
2029728,147,151,1705,2009,0.0,992153.0,-1.0023090000000001,-0.844765,MOZ,MUS,8502
2029729,154,151,1705,2009,0.0,1958.0,1.173729,-0.08655800000000001,MYT,MUS,8502
2029730,162,151,1705,2009,26491.0,0.0,1.1914850000000001,1.3076780000000001,NLD,MUS,8502
2029731,167,151,1705,2009,0.0,43570.0,-0.691918,-1.015434,OMN,MUS,8502
2029732,187,151,1705,2009,0.0,104571.0,-0.31001599999999996,-0.5382170000000001,RWA,MUS,8502
2029733,192,151,1705,2009,249927.0,0.0,1.9503540000000001,0.498033,SGP,MUS,8502
2029734,211,151,1705,2009,0.0,4782.0,-0.16046400000000002,-0.81512,SYC,MUS,8502
2029735,224,151,1705,2009,333119.0,0.0,0.384596,2.3797610000000002,TUR,MUS,8502
2029736,231,151,1705,2009,195834.0,0.0,1.657663,-0.41411400000000004,USA,MUS,8502
2029737,246,151,1705,2009,90553.0,3504.0,0.316452,1.767795,ZAF,MUS,8502
2029738,249,151,1705,2009,4754.0,992.0,1.5763120000000002,0.9567950000000001,TWN,MUS,8502
2029739,2,155,1705,2009,0.0,6403520.0,-0.809438,-1.190006,AGO,NAM,8502
2029740,7,155,1705,2009,5442.0,0.0,0.070059,-0.619075,ARE,NAM,8502
2029741,37,155,1705,2009,95690.0,0.0,-0.008142,-0.599115,BWA,NAM,8502
2029742,41,155,1705,2009,25594.0,0.0,2.124438,0.484861,CHE,NAM,8502
2029743,43,155,1705,2009,1869218.0,0.0,0.898623,2.08703,CHN,NAM,8502
2029744,61,155,1705,2009,2246075.0,0.0,2.056515,-3.034837,DEU,NAM,8502
2029745,64,155,1705,2009,4541.0,0.0,1.242327,1.064709,DNK,NAM,8502
2029746,81,155,1705,2009,80299.0,0.0,1.7921779999999998,0.41211499999999995,GBR,NAM,8502
2029747,97,155,1705,2009,5568.0,0.0,0.654964,1.98672,HKG,NAM,8502
2029748,104,155,1705,2009,9412.0,0.0,0.209867,2.254003,IND,NAM,8502
2029749,114,155,1705,2009,88040.0,0.0,2.306791,-0.251712,JPN,NAM,8502
2029750,124,155,1705,2009,169636.0,0.0,0.48618599999999995,1.4748620000000001,LBN,NAM,8502
2029751,162,155,1705,2009,97785.0,0.0,1.1914850000000001,1.3076780000000001,NLD,NAM,8502
2029752,208,155,1705,2009,673040.0,0.0,1.877821,0.336565,SWE,NAM,8502
2029753,246,155,1705,2009,3256905.0,16044.0,0.316452,1.767795,ZAF,NAM,8502
2029754,248,155,1705,2009,0.0,15928.0,-0.686822,-0.683511,ZWE,NAM,8502
2029755,14,156,1705,2009,1216615.0,499113.0,-0.109286,0.13586900000000002,AUS,NCL,8502
2029756,18,156,1705,2009,7518.0,9374.0,1.272011,1.074548,BEL,NCL,8502
2029757,41,156,1705,2009,1314.0,0.0,2.124438,0.484861,CHE,NCL,8502
2029758,43,156,1705,2009,184989.0,236495.0,0.898623,2.08703,CHN,NCL,8502
2029759,61,156,1705,2009,135212.0,3293.0,2.056515,-3.034837,DEU,NCL,8502
2029760,71,156,1705,2009,28360.0,14748.0,0.9021020000000001,2.170578,ESP,NCL,8502
2029761,77,156,1705,2009,5843426.0,912765.0,1.540346,0.090377,FRA,NCL,8502
2029762,81,156,1705,2009,314890.0,5231.0,1.7921779999999998,0.41211499999999995,GBR,NCL,8502
2029763,97,156,1705,2009,16346.0,20031.0,0.654964,1.98672,HKG,NCL,8502
2029764,103,156,1705,2009,1054.0,103.0,-0.253835,1.260101,IDN,NCL,8502
2029765,111,156,1705,2009,18665.0,9120.0,1.289,0.64549,ITA,NCL,8502
2029766,114,156,1705,2009,8825.0,9895.0,2.306791,-0.251712,JPN,NCL,8502
2029767,166,156,1705,2009,34672.0,1186.0,0.38301999999999997,0.720644,NZL,NCL,8502
2029768,231,156,1705,2009,1101.0,578.0,1.657663,-0.41411400000000004,USA,NCL,8502
2029769,240,156,1705,2009,0.0,38346.0,-0.9398479999999999,-0.9635799999999999,VUT,NCL,8502
2029770,249,156,1705,2009,12408.0,27217.0,1.5763120000000002,0.9567950000000001,TWN,NCL,8502
2029771,14,158,1705,2009,65013.0,0.0,-0.109286,0.13586900000000002,AUS,NFK,8502
2029772,77,158,1705,2009,0.0,1110.0,1.540346,0.090377,FRA,NFK,8502
2029773,14,165,1705,2009,22295.0,0.0,-0.109286,0.13586900000000002,AUS,NRU,8502
2029774,2,171,1705,2009,0.0,240526.0,-0.809438,-1.190006,AGO,PCN,8502
2029775,14,176,1705,2009,6827763.0,79209.0,-0.109286,0.13586900000000002,AUS,PNG,8502
2029776,43,176,1705,2009,5581549.0,0.0,0.898623,2.08703,CHN,PNG,8502
2029777,71,176,1705,2009,2801201.0,0.0,0.9021020000000001,2.170578,ESP,PNG,8502
2029778,74,176,1705,2009,21495738.0,0.0,1.8206849999999999,0.797421,FIN,PNG,8502
2029779,81,176,1705,2009,780832.0,0.0,1.7921779999999998,0.41211499999999995,GBR,PNG,8502
2029780,97,176,1705,2009,9957.0,0.0,0.654964,1.98672,HKG,PNG,8502
2029781,103,176,1705,2009,279345.0,0.0,-0.253835,1.260101,IDN,PNG,8502
2029782,104,176,1705,2009,786673.0,0.0,0.209867,2.254003,IND,PNG,8502
2029783,111,176,1705,2009,68108.0,0.0,1.289,0.64549,ITA,PNG,8502
2029784,114,176,1705,2009,301162.0,0.0,2.306791,-0.251712,JPN,PNG,8502
2029785,121,176,1705,2009,5275162.0,0.0,1.509336,0.784515,KOR,PNG,8502
2029786,153,176,1705,2009,255313.0,0.0,0.8718229999999999,0.607429,MYS,PNG,8502
2029787,166,176,1705,2009,70654.0,0.0,0.38301999999999997,0.720644,NZL,PNG,8502
2029788,192,176,1705,2009,881228.0,57665.0,1.9503540000000001,0.498033,SGP,PNG,8502
2029789,195,176,1705,2009,0.0,5832.0,-1.9380110000000002,-1.06035,SLB,PNG,8502
2029790,216,176,1705,2009,49501.0,0.0,0.79692,1.315501,THA,PNG,8502
2029791,231,176,1705,2009,564750.0,0.0,1.657663,-0.41411400000000004,USA,PNG,8502
2029792,240,176,1705,2009,65017.0,0.0,-0.9398479999999999,-0.9635799999999999,VUT,PNG,8502
2029793,15,178,1705,2009,87529.0,0.0,1.651325,-0.020794,AUT,PRK,8502
2029794,32,178,1705,2009,0.0,4224036.0,0.35447199999999995,0.8522360000000001,BRA,PRK,8502
2029795,43,178,1705,2009,5130502.0,0.0,0.898623,2.08703,CHN,PRK,8502
2029796,66,178,1705,2009,0.0,12661.0,-1.161786,-1.188669,DZA,PRK,8502
2029797,111,178,1705,2009,42470.0,0.0,1.289,0.64549,ITA,PRK,8502
2029798,124,178,1705,2009,0.0,9574.0,0.48618599999999995,1.4748620000000001,LBN,PRK,8502
2029799,147,178,1705,2009,0.0,1517.0,-1.0023090000000001,-0.844765,MOZ,PRK,8502
2029800,168,178,1705,2009,0.0,11166.0,-0.514907,0.44733100000000003,PAK,PRK,8502
2029801,177,178,1705,2009,9656.0,0.0,1.11055,1.069074,POL,PRK,8502
2029802,186,178,1705,2009,55552.0,4198.0,0.392478,-0.20038399999999998,RUS,PRK,8502
2029803,191,178,1705,2009,0.0,2211.0,-0.53392,-0.415513,SEN,PRK,8502
2029804,236,178,1705,2009,0.0,73989.0,-0.5847600000000001,-1.150334,VEN,PRK,8502
2029805,2,187,1705,2009,0.0,2865196.0,-0.809438,-1.190006,AGO,RWA,8502
2029806,7,187,1705,2009,2040690.0,558893.0,0.070059,-0.619075,ARE,RWA,8502
2029807,17,187,1705,2009,5067.0,1893.0,-0.43971099999999996,-0.575079,BDI,RWA,8502
2029808,18,187,1705,2009,601020.0,875.0,1.272011,1.074548,BEL,RWA,8502
2029809,43,187,1705,2009,187340.0,0.0,0.898623,2.08703,CHN,RWA,8502
2029810,44,187,1705,2009,1630.0,0.0,-0.924681,-0.801371,CIV,RWA,8502
2029811,58,187,1705,2009,334294.0,0.0,0.934193,0.657555,CYP,RWA,8502
2029812,61,187,1705,2009,5945.0,0.0,2.056515,-3.034837,DEU,RWA,8502
2029813,71,187,1705,2009,16410.0,0.0,0.9021020000000001,2.170578,ESP,RWA,8502
2029814,77,187,1705,2009,329749.0,0.0,1.540346,0.090377,FRA,RWA,8502
2029815,81,187,1705,2009,1178601.0,0.0,1.7921779999999998,0.41211499999999995,GBR,RWA,8502
2029816,104,187,1705,2009,148003.0,0.0,0.209867,2.254003,IND,RWA,8502
2029817,106,187,1705,2009,135835.0,0.0,1.627233,0.020024,IRL,RWA,8502
2029818,110,187,1705,2009,46157.0,0.0,1.226438,0.816299,ISR,RWA,8502
2029819,111,187,1705,2009,372246.0,0.0,1.289,0.64549,ITA,RWA,8502
2029820,114,187,1705,2009,7083.0,0.0,2.306791,-0.251712,JPN,RWA,8502
2029821,116,187,1705,2009,281348.0,1551231.0,-0.26477399999999995,0.932587,KEN,RWA,8502
2029822,124,187,1705,2009,154354.0,0.0,0.48618599999999995,1.4748620000000001,LBN,RWA,8502
2029823,125,187,1705,2009,429977.0,0.0,-0.07508,-0.994632,LBR,RWA,8502
2029824,128,187,1705,2009,8263.0,0.0,-0.653836,0.174403,LKA,RWA,8502
2029825,151,187,1705,2009,104571.0,0.0,-0.198194,0.067014,MUS,RWA,8502
2029826,188,187,1705,2009,78437.0,0.0,0.300581,-0.813199,SAU,RWA,8502
2029827,190,187,1705,2009,0.0,27206.0,-2.2948020000000002,-1.3182040000000002,SDN,RWA,8502
2029828,208,187,1705,2009,330296.0,0.0,1.877821,0.336565,SWE,RWA,8502
2029829,226,187,1705,2009,14529.0,22676.0,-0.822897,0.644899,TZA,RWA,8502
2029830,227,187,1705,2009,237907.0,1477.0,-0.573707,-0.036203,UGA,RWA,8502
2029831,231,187,1705,2009,8782.0,0.0,1.657663,-0.41411400000000004,USA,RWA,8502
2029832,246,187,1705,2009,909435.0,484.0,0.316452,1.767795,ZAF,RWA,8502
2029833,7,191,1705,2009,170046.0,0.0,0.070059,-0.619075,ARE,SEN,8502
2029834,14,191,1705,2009,7219.0,0.0,-0.109286,0.13586900000000002,AUS,SEN,8502
2029835,18,191,1705,2009,327260.0,2973834.0,1.272011,1.074548,BEL,SEN,8502
2029836,19,191,1705,2009,4083.0,5121.0,-0.93195,-0.813017,BEN,SEN,8502
2029837,21,191,1705,2009,0.0,7092.0,-1.283807,-1.061272,BFA,SEN,8502
2029838,39,191,1705,2009,3798.0,0.0,0.6778069999999999,1.278402,CAN,SEN,8502
2029839,41,191,1705,2009,795.0,0.0,2.124438,0.484861,CHE,SEN,8502
2029840,43,191,1705,2009,2633315.0,0.0,0.898623,2.08703,CHN,SEN,8502
2029841,44,191,1705,2009,3458.0,8717.0,-0.924681,-0.801371,CIV,SEN,8502
2029842,51,191,1705,2009,4213.0,0.0,0.32592600000000005,-0.531697,CPV,SEN,8502
2029843,61,191,1705,2009,6748741.0,0.0,2.056515,-3.034837,DEU,SEN,8502
2029844,71,191,1705,2009,2494003.0,50825.0,0.9021020000000001,2.170578,ESP,SEN,8502
2029845,77,191,1705,2009,6021778.0,83809.0,1.540346,0.090377,FRA,SEN,8502
2029846,81,191,1705,2009,2001726.0,0.0,1.7921779999999998,0.41211499999999995,GBR,SEN,8502
2029847,83,191,1705,2009,0.0,18771.0,-0.909436,-0.6619470000000001,GHA,SEN,8502
2029848,87,191,1705,2009,0.0,208757.0,-0.573979,-0.644636,GMB,SEN,8502
2029849,88,191,1705,2009,0.0,303582.0,-0.6868890000000001,-0.9243459999999999,GNB,SEN,8502
2029850,97,191,1705,2009,1070254.0,0.0,0.654964,1.98672,HKG,SEN,8502
2029851,104,191,1705,2009,2466725.0,0.0,0.209867,2.254003,IND,SEN,8502
2029852,107,191,1705,2009,4134.0,0.0,-1.185702,-1.1049360000000001,IRN,SEN,8502
2029853,111,191,1705,2009,1787824.0,0.0,1.289,0.64549,ITA,SEN,8502
2029854,114,191,1705,2009,22946.0,0.0,2.306791,-0.251712,JPN,SEN,8502
2029855,116,191,1705,2009,0.0,57162.0,-0.26477399999999995,0.932587,KEN,SEN,8502
2029856,121,191,1705,2009,14976.0,0.0,1.509336,0.784515,KOR,SEN,8502
2029857,124,191,1705,2009,139059.0,0.0,0.48618599999999995,1.4748620000000001,LBN,SEN,8502
2029858,134,191,1705,2009,444759.0,0.0,-0.48819300000000004,0.173952,MAR,SEN,8502
2029859,141,191,1705,2009,0.0,529114.0,-0.84835,-0.780324,MLI,SEN,8502
2029860,148,191,1705,2009,0.0,120202.0,-1.761436,-1.2898479999999999,MRT,SEN,8502
2029861,157,191,1705,2009,0.0,131802.0,-1.306036,-0.956361,NER,SEN,8502
2029862,159,191,1705,2009,1909.0,0.0,-1.584051,-1.156247,NGA,SEN,8502
2029863,162,191,1705,2009,2672.0,534765.0,1.1914850000000001,1.3076780000000001,NLD,SEN,8502
2029864,168,191,1705,2009,67426.0,0.0,-0.514907,0.44733100000000003,PAK,SEN,8502
2029865,178,191,1705,2009,2211.0,0.0,0.608089,0.709831,PRK,SEN,8502
2029866,179,191,1705,2009,161063.0,0.0,0.559189,2.4359919999999997,PRT,SEN,8502
2029867,188,191,1705,2009,736.0,0.0,0.300581,-0.813199,SAU,SEN,8502
2029868,190,191,1705,2009,0.0,38670.0,-2.2948020000000002,-1.3182040000000002,SDN,SEN,8502
2029869,208,191,1705,2009,30884.0,0.0,1.877821,0.336565,SWE,SEN,8502
2029870,212,191,1705,2009,6990.0,0.0,-0.48481199999999997,1.464509,SYR,SEN,8502
2029871,216,191,1705,2009,1237.0,0.0,0.79692,1.315501,THA,SEN,8502
2029872,223,191,1705,2009,0.0,11044.0,0.044903,0.9126120000000001,TUN,SEN,8502
2029873,224,191,1705,2009,405125.0,0.0,0.384596,2.3797610000000002,TUR,SEN,8502
2029874,231,191,1705,2009,98185.0,0.0,1.657663,-0.41411400000000004,USA,SEN,8502
2029875,246,191,1705,2009,36134.0,0.0,0.316452,1.767795,ZAF,SEN,8502
2029876,2,199,1705,2009,0.0,21789.0,-0.809438,-1.190006,AGO,SOM,8502
2029877,43,199,1705,2009,1920880.0,0.0,0.898623,2.08703,CHN,SOM,8502
2029878,81,199,1705,2009,56080.0,0.0,1.7921779999999998,0.41211499999999995,GBR,SOM,8502
2029879,116,199,1705,2009,1569765.0,0.0,-0.26477399999999995,0.932587,KEN,SOM,8502
2029880,162,199,1705,2009,13953.0,0.0,1.1914850000000001,1.3076780000000001,NLD,SOM,8502
2029881,167,199,1705,2009,1897298.0,0.0,-0.691918,-1.015434,OMN,SOM,8502
2029882,227,199,1705,2009,69390.0,0.0,-0.573707,-0.036203,UGA,SOM,8502
2029883,7,215,1705,2009,25254.0,0.0,0.070059,-0.619075,ARE,TGO,8502
2029884,18,215,1705,2009,121903.0,0.0,1.272011,1.074548,BEL,TGO,8502
2029885,19,215,1705,2009,29201.0,981.0,-0.93195,-0.813017,BEN,TGO,8502
2029886,21,215,1705,2009,3454.0,7283.0,-1.283807,-1.061272,BFA,TGO,8502
2029887,41,215,1705,2009,1296.0,0.0,2.124438,0.484861,CHE,TGO,8502
2029888,43,215,1705,2009,1877885.0,0.0,0.898623,2.08703,CHN,TGO,8502
2029889,44,215,1705,2009,6853.0,0.0,-0.924681,-0.801371,CIV,TGO,8502
2029890,45,215,1705,2009,5406.0,0.0,-1.128734,-1.022546,CMR,TGO,8502
2029891,61,215,1705,2009,67037.0,0.0,2.056515,-3.034837,DEU,TGO,8502
2029892,64,215,1705,2009,32319.0,0.0,1.242327,1.064709,DNK,TGO,8502
2029893,71,215,1705,2009,101630.0,0.0,0.9021020000000001,2.170578,ESP,TGO,8502
2029894,77,215,1705,2009,2364340.0,0.0,1.540346,0.090377,FRA,TGO,8502
2029895,81,215,1705,2009,193301.0,0.0,1.7921779999999998,0.41211499999999995,GBR,TGO,8502
2029896,83,215,1705,2009,9278.0,156185.0,-0.909436,-0.6619470000000001,GHA,TGO,8502
2029897,85,215,1705,2009,118416.0,0.0,-1.618121,-1.2200520000000001,GIN,TGO,8502
2029898,97,215,1705,2009,3268.0,0.0,0.654964,1.98672,HKG,TGO,8502
2029899,104,215,1705,2009,432789.0,0.0,0.209867,2.254003,IND,TGO,8502
2029900,111,215,1705,2009,1164826.0,0.0,1.289,0.64549,ITA,TGO,8502
2029901,114,215,1705,2009,3765.0,0.0,2.306791,-0.251712,JPN,TGO,8502
2029902,124,215,1705,2009,467880.0,230709.0,0.48618599999999995,1.4748620000000001,LBN,TGO,8502
2029903,134,215,1705,2009,15457.0,0.0,-0.48819300000000004,0.173952,MAR,TGO,8502
2029904,141,215,1705,2009,14895.0,0.0,-0.84835,-0.780324,MLI,TGO,8502
2029905,157,215,1705,2009,0.0,1413.0,-1.306036,-0.956361,NER,TGO,8502
2029906,163,215,1705,2009,1039.0,0.0,0.865455,0.082808,NOR,TGO,8502
2029907,231,215,1705,2009,60440.0,0.0,1.657663,-0.41411400000000004,USA,TGO,8502
2029908,250,215,1705,2009,0.0,49667.0,0.582246,-0.10603,ANS,TGO,8502
2029909,14,220,1705,2009,47988.0,0.0,-0.109286,0.13586900000000002,AUS,TLS,8502
2029910,43,220,1705,2009,1534847.0,0.0,0.898623,2.08703,CHN,TLS,8502
2029911,81,220,1705,2009,55929.0,0.0,1.7921779999999998,0.41211499999999995,GBR,TLS,8502
2029912,103,220,1705,2009,294006.0,0.0,-0.253835,1.260101,IDN,TLS,8502
2029913,114,220,1705,2009,22030.0,0.0,2.306791,-0.251712,JPN,TLS,8502
2029914,153,220,1705,2009,19092.0,0.0,0.8718229999999999,0.607429,MYS,TLS,8502
2029915,179,220,1705,2009,36270.0,0.0,0.559189,2.4359919999999997,PRT,TLS,8502
2029916,7,227,1705,2009,754299.0,79755.0,0.070059,-0.619075,ARE,UGA,8502
2029917,14,227,1705,2009,5904.0,0.0,-0.109286,0.13586900000000002,AUS,UGA,8502
2029918,17,227,1705,2009,0.0,6693.0,-0.43971099999999996,-0.575079,BDI,UGA,8502
2029919,18,227,1705,2009,141781.0,0.0,1.272011,1.074548,BEL,UGA,8502
2029920,21,227,1705,2009,6681.0,0.0,-1.283807,-1.061272,BFA,UGA,8502
2029921,32,227,1705,2009,1623.0,0.0,0.35447199999999995,0.8522360000000001,BRA,UGA,8502
2029922,38,227,1705,2009,0.0,20575.0,-0.5777260000000001,-0.839981,CAF,UGA,8502
2029923,39,227,1705,2009,113605.0,7803.0,0.6778069999999999,1.278402,CAN,UGA,8502
2029924,41,227,1705,2009,69935.0,0.0,2.124438,0.484861,CHE,UGA,8502
2029925,43,227,1705,2009,1164389.0,2554.0,0.898623,2.08703,CHN,UGA,8502
2029926,46,227,1705,2009,0.0,184070.0,-1.532165,-1.160269,COD,UGA,8502
2029927,47,227,1705,2009,0.0,10057.0,-1.466289,-1.201249,COG,UGA,8502
2029928,61,227,1705,2009,24543.0,0.0,2.056515,-3.034837,DEU,UGA,8502
2029929,68,227,1705,2009,568504.0,0.0,-0.20940300000000003,1.6466290000000001,EGY,UGA,8502
2029930,71,227,1705,2009,40136.0,0.0,0.9021020000000001,2.170578,ESP,UGA,8502
2029931,73,227,1705,2009,0.0,7061.0,-0.967483,-0.8219,ETH,UGA,8502
2029932,74,227,1705,2009,0.0,4957.0,1.8206849999999999,0.797421,FIN,UGA,8502
2029933,77,227,1705,2009,1974720.0,0.0,1.540346,0.090377,FRA,UGA,8502
2029934,81,227,1705,2009,4214864.0,26934.0,1.7921779999999998,0.41211499999999995,GBR,UGA,8502
2029935,97,227,1705,2009,72833.0,0.0,0.654964,1.98672,HKG,UGA,8502
2029936,104,227,1705,2009,1682242.0,10388.0,0.209867,2.254003,IND,UGA,8502
2029937,106,227,1705,2009,44142.0,0.0,1.627233,0.020024,IRL,UGA,8502
2029938,110,227,1705,2009,11276.0,0.0,1.226438,0.816299,ISR,UGA,8502
2029939,111,227,1705,2009,1309567.0,108095.0,1.289,0.64549,ITA,UGA,8502
2029940,114,227,1705,2009,78726.0,0.0,2.306791,-0.251712,JPN,UGA,8502
2029941,116,227,1705,2009,229201.0,134125.0,-0.26477399999999995,0.932587,KEN,UGA,8502
2029942,121,227,1705,2009,2023000.0,0.0,1.509336,0.784515,KOR,UGA,8502
2029943,122,227,1705,2009,194648.0,0.0,-1.386993,-1.203527,KWT,UGA,8502
2029944,124,227,1705,2009,121738.0,0.0,0.48618599999999995,1.4748620000000001,LBN,UGA,8502
2029945,162,227,1705,2009,20828.0,0.0,1.1914850000000001,1.3076780000000001,NLD,UGA,8502
2029946,163,227,1705,2009,16259.0,0.0,0.865455,0.082808,NOR,UGA,8502
2029947,186,227,1705,2009,129272.0,0.0,0.392478,-0.20038399999999998,RUS,UGA,8502
2029948,187,227,1705,2009,1477.0,237907.0,-0.31001599999999996,-0.5382170000000001,RWA,UGA,8502
2029949,188,227,1705,2009,155204.0,0.0,0.300581,-0.813199,SAU,UGA,8502
2029950,190,227,1705,2009,0.0,238057.0,-2.2948020000000002,-1.3182040000000002,SDN,UGA,8502
2029951,192,227,1705,2009,94902.0,0.0,1.9503540000000001,0.498033,SGP,UGA,8502
2029952,199,227,1705,2009,0.0,69390.0,-0.9824440000000001,-0.99467,SOM,UGA,8502
2029953,208,227,1705,2009,195354.0,0.0,1.877821,0.336565,SWE,UGA,8502
2029954,224,227,1705,2009,2103.0,0.0,0.384596,2.3797610000000002,TUR,UGA,8502
2029955,226,227,1705,2009,1179.0,28010.0,-0.822897,0.644899,TZA,UGA,8502
2029956,231,227,1705,2009,511527.0,0.0,1.657663,-0.41411400000000004,USA,UGA,8502
2029957,237,227,1705,2009,1234298.0,0.0,0.903839,0.093044,VGB,UGA,8502
2029958,246,227,1705,2009,997002.0,22231.0,0.316452,1.767795,ZAF,UGA,8502
2029959,13,234,1705,2009,234.0,0.0,0.930903,0.279441,ATG,VCT,8502
2029960,33,234,1705,2009,34343.0,0.0,0.8652620000000001,0.796057,BRB,VCT,8502
2029961,39,234,1705,2009,1059.0,0.0,0.6778069999999999,1.278402,CAN,VCT,8502
2029962,41,234,1705,2009,32205.0,0.0,2.124438,0.484861,CHE,VCT,8502
2029963,43,234,1705,2009,17106.0,0.0,0.898623,2.08703,CHN,VCT,8502
2029964,61,234,1705,2009,2724985.0,0.0,2.056515,-3.034837,DEU,VCT,8502
2029965,77,234,1705,2009,246039.0,0.0,1.540346,0.090377,FRA,VCT,8502
2029966,81,234,1705,2009,5668.0,0.0,1.7921779999999998,0.41211499999999995,GBR,VCT,8502
2029967,114,234,1705,2009,7992.0,0.0,2.306791,-0.251712,JPN,VCT,8502
2029968,127,234,1705,2009,5608.0,8200.0,0.34839699999999996,-0.531658,LCA,VCT,8502
2029969,190,234,1705,2009,0.0,1313.0,-2.2948020000000002,-1.3182040000000002,SDN,VCT,8502
2029970,222,234,1705,2009,9079.0,9127.0,-0.508195,-1.097365,TTO,VCT,8502
2029971,231,234,1705,2009,626659.0,0.0,1.657663,-0.41411400000000004,USA,VCT,8502
2029972,43,237,1705,2009,4000.0,0.0,0.898623,2.08703,CHN,VGB,8502
2029973,81,237,1705,2009,159272.0,0.0,1.7921779999999998,0.41211499999999995,GBR,VGB,8502
2029974,173,237,1705,2009,71534.0,0.0,-0.53304,0.221183,PER,VGB,8502
2029975,227,237,1705,2009,0.0,1234298.0,-0.573707,-0.036203,UGA,VGB,8502
2029976,231,237,1705,2009,218206.0,0.0,1.657663,-0.41411400000000004,USA,VGB,8502
2029977,14,240,1705,2009,302832.0,0.0,-0.109286,0.13586900000000002,AUS,VUT,8502
2029978,43,240,1705,2009,163777.0,0.0,0.898623,2.08703,CHN,VUT,8502
2029979,75,240,1705,2009,89963.0,0.0,-0.785772,-0.305228,FJI,VUT,8502
2029980,77,240,1705,2009,29764.0,0.0,1.540346,0.090377,FRA,VUT,8502
2029981,114,240,1705,2009,187808.0,0.0,2.306791,-0.251712,JPN,VUT,8502
2029982,156,240,1705,2009,38346.0,0.0,1.323528,0.523435,NCL,VUT,8502
2029983,166,240,1705,2009,61516.0,0.0,0.38301999999999997,0.720644,NZL,VUT,8502
2029984,176,240,1705,2009,0.0,65017.0,-1.90537,-1.2462030000000002,PNG,VUT,8502
2029985,216,240,1705,2009,22724.0,0.0,0.79692,1.315501,THA,VUT,8502
2029986,246,240,1705,2009,41280.0,0.0,0.316452,1.767795,ZAF,VUT,8502
2029987,249,240,1705,2009,3574.0,0.0,1.5763120000000002,0.9567950000000001,TWN,VUT,8502
2029988,7,247,1705,2009,34330.0,0.0,0.070059,-0.619075,ARE,ZMB,8502
2029989,18,247,1705,2009,8393.0,0.0,1.272011,1.074548,BEL,ZMB,8502
2029990,37,247,1705,2009,1069.0,9814.0,-0.008142,-0.599115,BWA,ZMB,8502
2029991,39,247,1705,2009,5980.0,0.0,0.6778069999999999,1.278402,CAN,ZMB,8502
2029992,43,247,1705,2009,620311.0,0.0,0.898623,2.08703,CHN,ZMB,8502
2029993,46,247,1705,2009,70289.0,78408.0,-1.532165,-1.160269,COD,ZMB,8502
2029994,61,247,1705,2009,1496823.0,0.0,2.056515,-3.034837,DEU,ZMB,8502
2029995,71,247,1705,2009,16134.0,0.0,0.9021020000000001,2.170578,ESP,ZMB,8502
2029996,77,247,1705,2009,105274.0,0.0,1.540346,0.090377,FRA,ZMB,8502
2029997,81,247,1705,2009,142008.0,0.0,1.7921779999999998,0.41211499999999995,GBR,ZMB,8502
2029998,97,247,1705,2009,1247770.0,0.0,0.654964,1.98672,HKG,ZMB,8502
