2829999,39,111,1219,1997,10045.0,58839.0,1.109494,1.178772,CAN,ITA,4905
2830000,41,111,1219,1997,487754.0,707003.0,2.280163,0.597819,CHE,ITA,4905
2830001,42,111,1219,1997,0.0,16217.0,0.002791,-0.030604000000000003,CHL,ITA,4905
2830002,44,111,1219,1997,0.0,9143.0,-0.685339,-0.62129,CIV,ITA,4905
2830003,49,111,1219,1997,0.0,40725.0,0.190632,0.068001,COL,ITA,4905
2830004,54,111,1219,1997,0.0,5880.0,-0.403192,-1.041751,CUB,ITA,4905
2830005,58,111,1219,1997,0.0,34334.0,0.451212,0.452754,CYP,ITA,4905
2830006,59,111,1219,1997,0.0,480529.0,1.40651,1.354695,CZE,ITA,4905
2830007,61,111,1219,1997,671089.0,8126488.0,2.293936,-2.2301919999999997,DEU,ITA,4905
2830008,64,111,1219,1997,203283.0,53604.0,1.358279,1.420107,DNK,ITA,4905
2830009,66,111,1219,1997,0.0,116631.0,-0.717599,-1.126311,DZA,ITA,4905
2830010,67,111,1219,1997,0.0,6124.0,-1.1931690000000001,-1.0139690000000001,ECU,ITA,4905
2830011,71,111,1219,1997,57786.0,790692.0,1.082049,2.0238650000000002,ESP,ITA,4905
2830012,72,111,1219,1997,0.0,2492.0,0.460823,0.9126700000000001,EST,ITA,4905
2830013,74,111,1219,1997,0.0,122335.0,1.9298959999999998,1.083861,FIN,ITA,4905
2830014,77,111,1219,1997,497645.0,3625079.0,1.69504,0.8278549999999999,FRA,ITA,4905
2830015,80,111,1219,1997,0.0,1733.0,-1.177994,-1.134955,GAB,ITA,4905
2830016,81,111,1219,1997,353400.0,2126122.0,1.886353,0.783832,GBR,ITA,4905
2830017,82,111,1219,1997,0.0,12554.0,0.304927,-0.082,GEO,ITA,4905
2830018,84,111,1219,1997,0.0,6451.0,0.811642,-0.186555,GIB,ITA,4905
2830019,89,111,1219,1997,0.0,1754.0,-1.447242,-0.830466,GNQ,ITA,4905
2830020,90,111,1219,1997,0.0,220188.0,0.229516,1.085225,GRC,ITA,4905
2830021,97,111,1219,1997,1839.0,41122.0,0.521942,2.578405,HKG,ITA,4905
2830022,100,111,1219,1997,2022.0,164818.0,0.607903,1.147751,HRV,ITA,4905
2830023,102,111,1219,1997,3341.0,118657.0,0.746743,1.577102,HUN,ITA,4905
2830024,103,111,1219,1997,0.0,2003.0,-0.44080699999999995,1.220104,IDN,ITA,4905
2830025,104,111,1219,1997,0.0,17566.0,0.262571,2.31305,IND,ITA,4905
2830026,106,111,1219,1997,4490.0,21152.0,1.471048,0.8769370000000001,IRL,ITA,4905
2830027,107,111,1219,1997,0.0,1175.0,-0.503841,-0.9984059999999999,IRN,ITA,4905
2830028,110,111,1219,1997,13279.0,42064.0,1.3230030000000002,0.965016,ISR,ITA,4905
2830029,113,111,1219,1997,0.0,1702.0,0.49456300000000003,0.33966,JOR,ITA,4905
2830030,114,111,1219,1997,1577.0,63641.0,2.631846,0.553144,JPN,ITA,4905
2830031,116,111,1219,1997,0.0,4602.0,-0.399028,0.196115,KEN,ITA,4905
2830032,121,111,1219,1997,0.0,38816.0,1.0478290000000001,1.2874370000000002,KOR,ITA,4905
2830033,122,111,1219,1997,0.0,2829.0,-0.660185,-1.1410129999999998,KWT,ITA,4905
2830034,124,111,1219,1997,6503.0,22206.0,0.334291,0.783104,LBN,ITA,4905
2830035,126,111,1219,1997,0.0,240234.0,-0.49745600000000006,-1.126254,LBY,ITA,4905
2830036,130,111,1219,1997,0.0,18669.0,0.377245,0.8823270000000001,LTU,ITA,4905
2830037,132,111,1219,1997,0.0,3938.0,0.398848,0.215206,LVA,ITA,4905
2830038,134,111,1219,1997,0.0,7477.0,-0.649616,-0.260554,MAR,ITA,4905
2830039,136,111,1219,1997,1466.0,0.0,-1.2630370000000002,-0.565295,MDG,ITA,4905
2830040,138,111,1219,1997,0.0,18098.0,0.603221,0.898488,MEX,ITA,4905
2830041,140,111,1219,1997,0.0,7546.0,0.26327399999999995,0.704879,MKD,ITA,4905
2830042,141,111,1219,1997,0.0,3180.0,-1.230276,-1.086769,MLI,ITA,4905
2830043,142,111,1219,1997,0.0,127578.0,0.936998,0.062266999999999996,MLT,ITA,4905
2830044,151,111,1219,1997,0.0,4211.0,-0.49241,-0.695729,MUS,ITA,4905
2830045,153,111,1219,1997,0.0,45164.0,0.37340999999999996,0.36853600000000003,MYS,ITA,4905
2830046,162,111,1219,1997,179426.0,1202769.0,1.267794,1.727888,NLD,ITA,4905
2830047,163,111,1219,1997,2581.0,325622.0,1.003945,0.188826,NOR,ITA,4905
2830048,166,111,1219,1997,0.0,10934.0,0.557545,0.731294,NZL,ITA,4905
2830049,168,111,1219,1997,0.0,119800.0,-0.882432,-0.563344,PAK,ITA,4905
2830050,173,111,1219,1997,0.0,6007.0,-0.5023880000000001,-0.262563,PER,ITA,4905
2830051,174,111,1219,1997,0.0,3728.0,-0.24310900000000002,0.085784,PHL,ITA,4905
2830052,177,111,1219,1997,0.0,507680.0,0.805559,1.9598520000000001,POL,ITA,4905
2830053,179,111,1219,1997,0.0,230311.0,0.379367,1.296551,PRT,ITA,4905
2830054,182,111,1219,1997,0.0,6476.0,0.333947,-0.5391560000000001,PYF,ITA,4905
2830055,185,111,1219,1997,0.0,8816.0,0.44381000000000004,1.084109,ROU,ITA,4905
2830056,186,111,1219,1997,14011.0,230101.0,0.87377,0.423861,RUS,ITA,4905
2830057,188,111,1219,1997,0.0,147056.0,0.015040000000000001,-0.954475,SAU,ITA,4905
2830058,189,111,1219,1997,0.0,32531.0,0.659904,1.702849,SCG,ITA,4905
2830059,192,111,1219,1997,48065.0,124237.0,1.01557,0.360154,SGP,ITA,4905
2830060,206,111,1219,1997,0.0,10712.0,1.200699,1.318346,SVK,ITA,4905
2830061,207,111,1219,1997,12041.0,146096.0,1.435765,1.348897,SVN,ITA,4905
2830062,208,111,1219,1997,82993.0,276628.0,2.120182,0.993078,SWE,ITA,4905
2830063,211,111,1219,1997,0.0,8982.0,-0.19443,-0.768889,SYC,ITA,4905
2830064,216,111,1219,1997,0.0,17343.0,0.084875,1.41931,THA,ITA,4905
2830065,223,111,1219,1997,0.0,91103.0,-0.24073899999999998,-0.146818,TUN,ITA,4905
2830066,224,111,1219,1997,0.0,94636.0,0.167734,1.5827870000000002,TUR,ITA,4905
2830067,228,111,1219,1997,0.0,42185.0,0.8502559999999999,0.956254,UKR,ITA,4905
2830068,230,111,1219,1997,0.0,28914.0,0.226228,0.29183400000000004,URY,ITA,4905
2830069,231,111,1219,1997,117914.0,713693.0,1.823511,0.888084,USA,ITA,4905
2830070,236,111,1219,1997,0.0,9005.0,0.21363200000000002,-0.668341,VEN,ITA,4905
2830071,243,111,1219,1997,0.0,1133.0,-1.7204130000000002,-1.242057,YEM,ITA,4905
2830072,246,111,1219,1997,3214.0,30998.0,0.501792,1.1192440000000001,ZAF,ITA,4905
2830073,249,111,1219,1997,0.0,9262.0,1.317672,1.800561,TWN,ITA,4905
2830074,250,111,1219,1997,2167.0,0.0,1.036748,0.851626,ANS,ITA,4905
2830075,7,121,1219,1997,0.0,9617.0,-0.042154000000000004,-0.667389,ARE,KOR,4905
2830076,14,121,1219,1997,29371.0,1417.0,0.428555,0.798283,AUS,KOR,4905
2830077,18,121,1219,1997,144800.0,0.0,1.4274069999999999,1.490435,BEL,KOR,4905
2830078,22,121,1219,1997,0.0,17835.0,-1.027777,-1.048214,BGD,KOR,4905
2830079,41,121,1219,1997,3649.0,0.0,2.280163,0.597819,CHE,KOR,4905
2830080,43,121,1219,1997,57456.0,60186.0,0.36051300000000003,3.287322,CHN,KOR,4905
2830081,61,121,1219,1997,5025.0,10085.0,2.293936,-2.2301919999999997,DEU,KOR,4905
2830082,73,121,1219,1997,0.0,88305.0,-1.239473,-1.159345,ETH,KOR,4905
2830083,77,121,1219,1997,99493.0,0.0,1.69504,0.8278549999999999,FRA,KOR,4905
2830084,81,121,1219,1997,716306.0,0.0,1.886353,0.783832,GBR,KOR,4905
2830085,97,121,1219,1997,11548.0,56615.0,0.521942,2.578405,HKG,KOR,4905
2830086,103,121,1219,1997,0.0,66969.0,-0.44080699999999995,1.220104,IDN,KOR,4905
2830087,111,121,1219,1997,38816.0,0.0,1.4860389999999999,1.235674,ITA,KOR,4905
2830088,114,121,1219,1997,173925.0,88349.0,2.631846,0.553144,JPN,KOR,4905
2830089,153,121,1219,1997,0.0,23630.0,0.37340999999999996,0.36853600000000003,MYS,KOR,4905
2830090,162,121,1219,1997,1382.0,107968.0,1.267794,1.727888,NLD,KOR,4905
2830091,163,121,1219,1997,959.0,0.0,1.003945,0.188826,NOR,KOR,4905
2830092,186,121,1219,1997,0.0,1445.0,0.87377,0.423861,RUS,KOR,4905
2830093,192,121,1219,1997,1926.0,36719.0,1.01557,0.360154,SGP,KOR,4905
2830094,208,121,1219,1997,7612.0,0.0,2.120182,0.993078,SWE,KOR,4905
2830095,216,121,1219,1997,0.0,2733.0,0.084875,1.41931,THA,KOR,4905
2830096,231,121,1219,1997,65948.0,45275.0,1.823511,0.888084,USA,KOR,4905
2830097,249,121,1219,1997,0.0,1408.0,1.317672,1.800561,TWN,KOR,4905
2830098,7,124,1219,1997,0.0,2135.0,-0.042154000000000004,-0.667389,ARE,LBN,4905
2830099,14,124,1219,1997,0.0,2496.0,0.428555,0.798283,AUS,LBN,4905
2830100,39,124,1219,1997,1446.0,0.0,1.109494,1.178772,CAN,LBN,4905
2830101,77,124,1219,1997,1782.0,0.0,1.69504,0.8278549999999999,FRA,LBN,4905
2830102,81,124,1219,1997,4957.0,5500.0,1.886353,0.783832,GBR,LBN,4905
2830103,111,124,1219,1997,22206.0,6503.0,1.4860389999999999,1.235674,ITA,LBN,4905
2830104,162,124,1219,1997,1389.0,0.0,1.267794,1.727888,NLD,LBN,4905
2830105,212,124,1219,1997,35844.0,0.0,-1.046433,-0.9678620000000001,SYR,LBN,4905
2830106,231,124,1219,1997,2049.0,0.0,1.823511,0.888084,USA,LBN,4905
2830107,250,124,1219,1997,1280.0,0.0,1.036748,0.851626,ANS,LBN,4905
2830108,15,130,1219,1997,4201.0,0.0,1.8926189999999998,0.624346,AUT,LTU,4905
2830109,28,130,1219,1997,598150.0,0.0,0.563179,0.339149,BLR,LTU,4905
2830110,41,130,1219,1997,1632.0,1311.0,2.280163,0.597819,CHE,LTU,4905
2830111,61,130,1219,1997,9392.0,157777.0,2.293936,-2.2301919999999997,DEU,LTU,4905
2830112,64,130,1219,1997,19161.0,0.0,1.358279,1.420107,DNK,LTU,4905
2830113,72,130,1219,1997,9062.0,22841.0,0.460823,0.9126700000000001,EST,LTU,4905
2830114,81,130,1219,1997,5351.0,0.0,1.886353,0.783832,GBR,LTU,4905
2830115,111,130,1219,1997,18669.0,0.0,1.4860389999999999,1.235674,ITA,LTU,4905
2830116,132,130,1219,1997,52181.0,0.0,0.398848,0.215206,LVA,LTU,4905
2830117,162,130,1219,1997,2390.0,0.0,1.267794,1.727888,NLD,LTU,4905
2830118,192,130,1219,1997,3677.0,0.0,1.01557,0.360154,SGP,LTU,4905
2830119,8,138,1219,1997,1823.0,0.0,0.273654,0.495389,ARG,MEX,4905
2830120,31,138,1219,1997,0.0,887.0,-0.697563,-0.8841479999999999,BOL,MEX,4905
2830121,39,138,1219,1997,11969.0,6226.0,1.109494,1.178772,CAN,MEX,4905
2830122,41,138,1219,1997,11645.0,0.0,2.280163,0.597819,CHE,MEX,4905
2830123,42,138,1219,1997,0.0,8404.0,0.002791,-0.030604000000000003,CHL,MEX,4905
2830124,43,138,1219,1997,172340.0,0.0,0.36051300000000003,3.287322,CHN,MEX,4905
2830125,49,138,1219,1997,0.0,188276.0,0.190632,0.068001,COL,MEX,4905
2830126,54,138,1219,1997,0.0,3747.0,-0.403192,-1.041751,CUB,MEX,4905
2830127,61,138,1219,1997,1275.0,0.0,2.293936,-2.2301919999999997,DEU,MEX,4905
2830128,64,138,1219,1997,2469.0,0.0,1.358279,1.420107,DNK,MEX,4905
2830129,67,138,1219,1997,0.0,13403.0,-1.1931690000000001,-1.0139690000000001,ECU,MEX,4905
2830130,71,138,1219,1997,13036.0,0.0,1.082049,2.0238650000000002,ESP,MEX,4905
2830131,77,138,1219,1997,0.0,36900.0,1.69504,0.8278549999999999,FRA,MEX,4905
2830132,81,138,1219,1997,21679.0,2167.0,1.886353,0.783832,GBR,MEX,4905
2830133,93,138,1219,1997,0.0,4135.0,-0.310042,0.2096,GTM,MEX,4905
2830134,97,138,1219,1997,7944.0,0.0,0.521942,2.578405,HKG,MEX,4905
2830135,99,138,1219,1997,0.0,19021.0,-0.832161,-0.5578270000000001,HND,MEX,4905
2830136,111,138,1219,1997,18098.0,0.0,1.4860389999999999,1.235674,ITA,MEX,4905
2830137,114,138,1219,1997,2253.0,2575.0,2.631846,0.553144,JPN,MEX,4905
2830138,160,138,1219,1997,0.0,1993.0,-0.8090109999999999,-0.783853,NIC,MEX,4905
2830139,169,138,1219,1997,0.0,4097.0,-0.028676999999999998,0.00023999999999999998,PAN,MEX,4905
2830140,180,138,1219,1997,0.0,30243.0,-0.44951,-0.818817,PRY,MEX,4905
2830141,192,138,1219,1997,40125.0,0.0,1.01557,0.360154,SGP,MEX,4905
2830142,197,138,1219,1997,0.0,901.0,-0.09174500000000001,-0.034391000000000005,SLV,MEX,4905
2830143,216,138,1219,1997,1664.0,0.0,0.084875,1.41931,THA,MEX,4905
2830144,231,138,1219,1997,1247299.0,4232395.0,1.823511,0.888084,USA,MEX,4905
2830145,236,138,1219,1997,0.0,1478.0,0.21363200000000002,-0.668341,VEN,MEX,4905
2830146,246,138,1219,1997,6201.0,0.0,0.501792,1.1192440000000001,ZAF,MEX,4905
2830147,249,138,1219,1997,12278.0,0.0,1.317672,1.800561,TWN,MEX,4905
2830148,14,153,1219,1997,4937.0,6286.0,0.428555,0.798283,AUS,MYS,4905
2830149,18,153,1219,1997,2075.0,0.0,1.4274069999999999,1.490435,BEL,MYS,4905
2830150,22,153,1219,1997,0.0,21555.0,-1.027777,-1.048214,BGD,MYS,4905
2830151,34,153,1219,1997,0.0,15881.0,-0.092276,-0.772393,BRN,MYS,4905
2830152,41,153,1219,1997,3583.0,0.0,2.280163,0.597819,CHE,MYS,4905
2830153,43,153,1219,1997,10922.0,0.0,0.36051300000000003,3.287322,CHN,MYS,4905
2830154,61,153,1219,1997,7593.0,1233.0,2.293936,-2.2301919999999997,DEU,MYS,4905
2830155,77,153,1219,1997,0.0,4115.0,1.69504,0.8278549999999999,FRA,MYS,4905
2830156,81,153,1219,1997,26422.0,7798.0,1.886353,0.783832,GBR,MYS,4905
2830157,97,153,1219,1997,21230.0,35541.0,0.521942,2.578405,HKG,MYS,4905
2830158,103,153,1219,1997,6485.0,2260.0,-0.44080699999999995,1.220104,IDN,MYS,4905
2830159,111,153,1219,1997,45164.0,0.0,1.4860389999999999,1.235674,ITA,MYS,4905
2830160,114,153,1219,1997,101173.0,13679.0,2.631846,0.553144,JPN,MYS,4905
2830161,121,153,1219,1997,23630.0,0.0,1.0478290000000001,1.2874370000000002,KOR,MYS,4905
2830162,163,153,1219,1997,2373.0,0.0,1.003945,0.188826,NOR,MYS,4905
2830163,166,153,1219,1997,0.0,2577.0,0.557545,0.731294,NZL,MYS,4905
2830164,192,153,1219,1997,73458.0,68579.0,1.01557,0.360154,SGP,MYS,4905
2830165,216,153,1219,1997,19501.0,0.0,0.084875,1.41931,THA,MYS,4905
2830166,231,153,1219,1997,26205.0,17629.0,1.823511,0.888084,USA,MYS,4905
2830167,232,153,1219,1997,0.0,8269.0,-0.26560700000000004,-0.870447,UZB,MYS,4905
2830168,246,153,1219,1997,0.0,4346.0,0.501792,1.1192440000000001,ZAF,MYS,4905
2830169,249,153,1219,1997,16121.0,8108.0,1.317672,1.800561,TWN,MYS,4905
2830170,0,162,1219,1997,0.0,4716.0,-1.2908190000000002,-0.824577,ABW,NLD,4905
2830171,6,162,1219,1997,1281.0,683348.0,0.406411,-0.46148100000000003,ANT,NLD,4905
2830172,14,162,1219,1997,21774.0,4521.0,0.428555,0.798283,AUS,NLD,4905
2830173,15,162,1219,1997,58971.0,9448.0,1.8926189999999998,0.624346,AUT,NLD,4905
2830174,18,162,1219,1997,3231917.0,575574.0,1.4274069999999999,1.490435,BEL,NLD,4905
2830175,32,162,1219,1997,0.0,1860.0,0.718336,1.203066,BRA,NLD,4905
2830176,33,162,1219,1997,0.0,1477.0,0.896769,0.22225300000000003,BRB,NLD,4905
2830177,39,162,1219,1997,15274.0,4483.0,1.109494,1.178772,CAN,NLD,4905
2830178,41,162,1219,1997,708360.0,18555.0,2.280163,0.597819,CHE,NLD,4905
2830179,43,162,1219,1997,6931.0,0.0,0.36051300000000003,3.287322,CHN,NLD,4905
2830180,49,162,1219,1997,0.0,6494.0,0.190632,0.068001,COL,NLD,4905
2830181,59,162,1219,1997,3556.0,26880.0,1.40651,1.354695,CZE,NLD,4905
2830182,61,162,1219,1997,804411.0,547465.0,2.293936,-2.2301919999999997,DEU,NLD,4905
2830183,64,162,1219,1997,178363.0,14641.0,1.358279,1.420107,DNK,NLD,4905
2830184,66,162,1219,1997,0.0,810.0,-0.717599,-1.126311,DZA,NLD,4905
2830185,68,162,1219,1997,0.0,2835.0,-0.314425,0.156345,EGY,NLD,4905
2830186,71,162,1219,1997,11511.0,6253.0,1.082049,2.0238650000000002,ESP,NLD,4905
2830187,73,162,1219,1997,0.0,179768.0,-1.239473,-1.159345,ETH,NLD,4905
2830188,74,162,1219,1997,0.0,5536.0,1.9298959999999998,1.083861,FIN,NLD,4905
2830189,77,162,1219,1997,88382.0,248514.0,1.69504,0.8278549999999999,FRA,NLD,4905
2830190,81,162,1219,1997,952977.0,642453.0,1.886353,0.783832,GBR,NLD,4905
2830191,83,162,1219,1997,0.0,679.0,-1.012728,-0.939893,GHA,NLD,4905
2830192,90,162,1219,1997,1060.0,2958.0,0.229516,1.085225,GRC,NLD,4905
2830193,97,162,1219,1997,47012.0,11432.0,0.521942,2.578405,HKG,NLD,4905
2830194,100,162,1219,1997,0.0,5122.0,0.607903,1.147751,HRV,NLD,4905
2830195,102,162,1219,1997,4768.0,988.0,0.746743,1.577102,HUN,NLD,4905
2830196,103,162,1219,1997,21795.0,0.0,-0.44080699999999995,1.220104,IDN,NLD,4905
2830197,106,162,1219,1997,3853.0,22657.0,1.471048,0.8769370000000001,IRL,NLD,4905
2830198,110,162,1219,1997,53102.0,1560.0,1.3230030000000002,0.965016,ISR,NLD,4905
2830199,111,162,1219,1997,1202769.0,179426.0,1.4860389999999999,1.235674,ITA,NLD,4905
2830200,112,162,1219,1997,2005.0,0.0,-0.65455,-0.820413,JAM,NLD,4905
2830201,114,162,1219,1997,2583.0,183692.0,2.631846,0.553144,JPN,NLD,4905
2830202,121,162,1219,1997,107968.0,1382.0,1.0478290000000001,1.2874370000000002,KOR,NLD,4905
2830203,124,162,1219,1997,0.0,1389.0,0.334291,0.783104,LBN,NLD,4905
2830204,130,162,1219,1997,0.0,2390.0,0.377245,0.8823270000000001,LTU,NLD,4905
2830205,134,162,1219,1997,0.0,13709.0,-0.649616,-0.260554,MAR,NLD,4905
2830206,163,162,1219,1997,253701.0,88574.0,1.003945,0.188826,NOR,NLD,4905
2830207,166,162,1219,1997,0.0,3921.0,0.557545,0.731294,NZL,NLD,4905
2830208,169,162,1219,1997,0.0,4893.0,-0.028676999999999998,0.00023999999999999998,PAN,NLD,4905
2830209,179,162,1219,1997,0.0,1464.0,0.379367,1.296551,PRT,NLD,4905
2830210,185,162,1219,1997,0.0,11441.0,0.44381000000000004,1.084109,ROU,NLD,4905
2830211,186,162,1219,1997,5435.0,12924.0,0.87377,0.423861,RUS,NLD,4905
2830212,192,162,1219,1997,8892.0,26268.0,1.01557,0.360154,SGP,NLD,4905
2830213,205,162,1219,1997,0.0,467725.0,-0.806946,-0.83919,SUR,NLD,4905
2830214,206,162,1219,1997,2876.0,0.0,1.200699,1.318346,SVK,NLD,4905
2830215,207,162,1219,1997,0.0,22819.0,1.435765,1.348897,SVN,NLD,4905
2830216,208,162,1219,1997,31729.0,45122.0,2.120182,0.993078,SWE,NLD,4905
2830217,212,162,1219,1997,0.0,5136.0,-1.046433,-0.9678620000000001,SYR,NLD,4905
2830218,226,162,1219,1997,0.0,6174.0,-1.368133,-0.753692,TZA,NLD,4905
2830219,228,162,1219,1997,0.0,1356.0,0.8502559999999999,0.956254,UKR,NLD,4905
2830220,231,162,1219,1997,343500.0,81842.0,1.823511,0.888084,USA,NLD,4905
2830221,236,162,1219,1997,0.0,1199.0,0.21363200000000002,-0.668341,VEN,NLD,4905
2830222,246,162,1219,1997,6866.0,3767.0,0.501792,1.1192440000000001,ZAF,NLD,4905
2830223,249,162,1219,1997,30992.0,0.0,1.317672,1.800561,TWN,NLD,4905
2830224,250,162,1219,1997,0.0,1025.0,1.036748,0.851626,ANS,NLD,4905
2830225,7,163,1219,1997,0.0,11153.0,-0.042154000000000004,-0.667389,ARE,NOR,4905
2830226,8,163,1219,1997,0.0,1783.0,0.273654,0.495389,ARG,NOR,4905
2830227,14,163,1219,1997,0.0,3356.0,0.428555,0.798283,AUS,NOR,4905
2830228,18,163,1219,1997,57084.0,9623.0,1.4274069999999999,1.490435,BEL,NOR,4905
2830229,25,163,1219,1997,0.0,42898.0,0.874886,-0.144043,BHS,NOR,4905
2830230,30,163,1219,1997,0.0,2895.0,1.069048,-0.35702399999999995,BMU,NOR,4905
2830231,32,163,1219,1997,0.0,1141.0,0.718336,1.203066,BRA,NOR,4905
2830232,39,163,1219,1997,91214.0,3218.0,1.109494,1.178772,CAN,NOR,4905
2830233,41,163,1219,1997,325785.0,0.0,2.280163,0.597819,CHE,NOR,4905
2830234,42,163,1219,1997,0.0,1411.0,0.002791,-0.030604000000000003,CHL,NOR,4905
2830235,43,163,1219,1997,15544.0,0.0,0.36051300000000003,3.287322,CHN,NOR,4905
2830236,59,163,1219,1997,0.0,2398.0,1.40651,1.354695,CZE,NOR,4905
2830237,61,163,1219,1997,45959.0,131628.0,2.293936,-2.2301919999999997,DEU,NOR,4905
2830238,64,163,1219,1997,429249.0,63532.0,1.358279,1.420107,DNK,NOR,4905
2830239,71,163,1219,1997,328252.0,10661.0,1.082049,2.0238650000000002,ESP,NOR,4905
2830240,74,163,1219,1997,31119.0,56117.0,1.9298959999999998,1.083861,FIN,NOR,4905
2830241,77,163,1219,1997,58386.0,2172.0,1.69504,0.8278549999999999,FRA,NOR,4905
2830242,81,163,1219,1997,1682043.0,220594.0,1.886353,0.783832,GBR,NOR,4905
2830243,84,163,1219,1997,0.0,1810.0,0.811642,-0.186555,GIB,NOR,4905
2830244,97,163,1219,1997,97671.0,19927.0,0.521942,2.578405,HKG,NOR,4905
2830245,104,163,1219,1997,0.0,1174.0,0.262571,2.31305,IND,NOR,4905
2830246,109,163,1219,1997,0.0,1505.0,0.217533,-0.405395,ISL,NOR,4905
2830247,111,163,1219,1997,325622.0,2581.0,1.4860389999999999,1.235674,ITA,NOR,4905
2830248,114,163,1219,1997,1275.0,47137.0,2.631846,0.553144,JPN,NOR,4905
2830249,121,163,1219,1997,0.0,959.0,1.0478290000000001,1.2874370000000002,KOR,NOR,4905
2830250,125,163,1219,1997,0.0,28318.0,-0.468764,-1.087005,LBR,NOR,4905
2830251,134,163,1219,1997,0.0,869.0,-0.649616,-0.260554,MAR,NOR,4905
2830252,142,163,1219,1997,0.0,9445.0,0.936998,0.062266999999999996,MLT,NOR,4905
2830253,153,163,1219,1997,0.0,2373.0,0.37340999999999996,0.36853600000000003,MYS,NOR,4905
2830254,162,163,1219,1997,88574.0,253701.0,1.267794,1.727888,NLD,NOR,4905
2830255,169,163,1219,1997,0.0,24487.0,-0.028676999999999998,0.00023999999999999998,PAN,NOR,4905
2830256,174,163,1219,1997,0.0,15336.0,-0.24310900000000002,0.085784,PHL,NOR,4905
2830257,177,163,1219,1997,0.0,922.0,0.805559,1.9598520000000001,POL,NOR,4905
2830258,179,163,1219,1997,980.0,0.0,0.379367,1.296551,PRT,NOR,4905
2830259,192,163,1219,1997,0.0,15301.0,1.01557,0.360154,SGP,NOR,4905
2830260,208,163,1219,1997,252899.0,238793.0,2.120182,0.993078,SWE,NOR,4905
2830261,222,163,1219,1997,0.0,1148.0,0.28791,-0.38322399999999995,TTO,NOR,4905
2830262,224,163,1219,1997,0.0,3078.0,0.167734,1.5827870000000002,TUR,NOR,4905
2830263,230,163,1219,1997,0.0,2858.0,0.226228,0.29183400000000004,URY,NOR,4905
2830264,231,163,1219,1997,44188.0,19351.0,1.823511,0.888084,USA,NOR,4905
2830265,234,163,1219,1997,0.0,2151.0,0.069461,-0.459567,VCT,NOR,4905
2830266,246,163,1219,1997,0.0,11161.0,0.501792,1.1192440000000001,ZAF,NOR,4905
2830267,249,163,1219,1997,8724.0,0.0,1.317672,1.800561,TWN,NOR,4905
2830268,14,166,1219,1997,328139.0,32087.0,0.428555,0.798283,AUS,NZL,4905
2830269,18,166,1219,1997,0.0,1058.0,1.4274069999999999,1.490435,BEL,NZL,4905
2830270,39,166,1219,1997,8017.0,0.0,1.109494,1.178772,CAN,NZL,4905
2830271,41,166,1219,1997,7319.0,0.0,2.280163,0.597819,CHE,NZL,4905
2830272,43,166,1219,1997,18900.0,0.0,0.36051300000000003,3.287322,CHN,NZL,4905
2830273,48,166,1219,1997,0.0,2325.0,0.021011000000000002,-0.432936,COK,NZL,4905
2830274,61,166,1219,1997,9534.0,9659.0,2.293936,-2.2301919999999997,DEU,NZL,4905
2830275,64,166,1219,1997,4912.0,0.0,1.358279,1.420107,DNK,NZL,4905
2830276,75,166,1219,1997,0.0,5274.0,-0.9404020000000001,-0.8833989999999999,FJI,NZL,4905
2830277,77,166,1219,1997,0.0,3011.0,1.69504,0.8278549999999999,FRA,NZL,4905
2830278,81,166,1219,1997,945369.0,7287.0,1.886353,0.783832,GBR,NZL,4905
2830279,83,166,1219,1997,0.0,1836.0,-1.012728,-0.939893,GHA,NZL,4905
2830280,97,166,1219,1997,106800.0,3317.0,0.521942,2.578405,HKG,NZL,4905
2830281,111,166,1219,1997,10934.0,0.0,1.4860389999999999,1.235674,ITA,NZL,4905
2830282,114,166,1219,1997,1943.0,22109.0,2.631846,0.553144,JPN,NZL,4905
2830283,119,166,1219,1997,0.0,1345.0,-0.9250889999999999,-0.866958,KIR,NZL,4905
2830284,153,166,1219,1997,2577.0,0.0,0.37340999999999996,0.36853600000000003,MYS,NZL,4905
2830285,162,166,1219,1997,3921.0,0.0,1.267794,1.727888,NLD,NZL,4905
2830286,182,166,1219,1997,0.0,7761.0,0.333947,-0.5391560000000001,PYF,NZL,4905
2830287,192,166,1219,1997,16789.0,21920.0,1.01557,0.360154,SGP,NZL,4905
2830288,231,166,1219,1997,82078.0,26797.0,1.823511,0.888084,USA,NZL,4905
2830289,242,166,1219,1997,0.0,1183.0,-1.033099,-0.8692129999999999,WSM,NZL,4905
2830290,246,166,1219,1997,1261.0,0.0,0.501792,1.1192440000000001,ZAF,NZL,4905
2830291,249,166,1219,1997,1104.0,0.0,1.317672,1.800561,TWN,NZL,4905
2830292,8,169,1219,1997,2919.0,0.0,0.273654,0.495389,ARG,PAN,4905
2830293,49,169,1219,1997,3063.0,0.0,0.190632,0.068001,COL,PAN,4905
2830294,52,169,1219,1997,3909.0,0.0,-0.25974200000000003,0.196955,CRI,PAN,4905
2830295,71,169,1219,1997,32612.0,0.0,1.082049,2.0238650000000002,ESP,PAN,4905
2830296,81,169,1219,1997,218228.0,2492.0,1.886353,0.783832,GBR,PAN,4905
2830297,90,169,1219,1997,108273.0,0.0,0.229516,1.085225,GRC,PAN,4905
2830298,97,169,1219,1997,1831.0,0.0,0.521942,2.578405,HKG,PAN,4905
2830299,110,169,1219,1997,50732.0,0.0,1.3230030000000002,0.965016,ISR,PAN,4905
2830300,114,169,1219,1997,9287.0,0.0,2.631846,0.553144,JPN,PAN,4905
2830301,138,169,1219,1997,4097.0,0.0,0.603221,0.898488,MEX,PAN,4905
2830302,160,169,1219,1997,0.0,3352.0,-0.8090109999999999,-0.783853,NIC,PAN,4905
2830303,162,169,1219,1997,4893.0,0.0,1.267794,1.727888,NLD,PAN,4905
2830304,163,169,1219,1997,24487.0,0.0,1.003945,0.188826,NOR,PAN,4905
2830305,231,169,1219,1997,18716.0,0.0,1.823511,0.888084,USA,PAN,4905
2830306,236,169,1219,1997,2824.0,0.0,0.21363200000000002,-0.668341,VEN,PAN,4905
2830307,14,174,1219,1997,55885.0,0.0,0.428555,0.798283,AUS,PHL,4905
2830308,18,174,1219,1997,1111.0,0.0,1.4274069999999999,1.490435,BEL,PHL,4905
2830309,39,174,1219,1997,0.0,1481.0,1.109494,1.178772,CAN,PHL,4905
2830310,61,174,1219,1997,14356.0,0.0,2.293936,-2.2301919999999997,DEU,PHL,4905
2830311,81,174,1219,1997,52732.0,0.0,1.886353,0.783832,GBR,PHL,4905
2830312,97,174,1219,1997,219980.0,0.0,0.521942,2.578405,HKG,PHL,4905
2830313,111,174,1219,1997,3728.0,0.0,1.4860389999999999,1.235674,ITA,PHL,4905
2830314,114,174,1219,1997,4804.0,8144.0,2.631846,0.553144,JPN,PHL,4905
2830315,163,174,1219,1997,15336.0,0.0,1.003945,0.188826,NOR,PHL,4905
2830316,192,174,1219,1997,11426.0,0.0,1.01557,0.360154,SGP,PHL,4905
2830317,231,174,1219,1997,33842.0,24077.0,1.823511,0.888084,USA,PHL,4905
2830318,249,174,1219,1997,19800.0,0.0,1.317672,1.800561,TWN,PHL,4905
2830319,2,179,1219,1997,0.0,14175.0,-1.574236,-1.1722219999999999,AGO,PRT,4905
2830320,18,179,1219,1997,1283.0,0.0,1.4274069999999999,1.490435,BEL,PRT,4905
2830321,32,179,1219,1997,0.0,2249.0,0.718336,1.203066,BRA,PRT,4905
2830322,41,179,1219,1997,137523.0,7560.0,2.280163,0.597819,CHE,PRT,4905
2830323,43,179,1219,1997,48891.0,0.0,0.36051300000000003,3.287322,CHN,PRT,4905
2830324,51,179,1219,1997,0.0,2940.0,1.154102,-0.255423,CPV,PRT,4905
2830325,61,179,1219,1997,131361.0,4549.0,2.293936,-2.2301919999999997,DEU,PRT,4905
2830326,64,179,1219,1997,14817.0,0.0,1.358279,1.420107,DNK,PRT,4905
2830327,71,179,1219,1997,32649.0,46353.0,1.082049,2.0238650000000002,ESP,PRT,4905
2830328,77,179,1219,1997,104448.0,2182.0,1.69504,0.8278549999999999,FRA,PRT,4905
2830329,81,179,1219,1997,263433.0,1644.0,1.886353,0.783832,GBR,PRT,4905
2830330,111,179,1219,1997,230311.0,0.0,1.4860389999999999,1.235674,ITA,PRT,4905
2830331,134,179,1219,1997,0.0,140401.0,-0.649616,-0.260554,MAR,PRT,4905
2830332,162,179,1219,1997,1464.0,0.0,1.267794,1.727888,NLD,PRT,4905
2830333,163,179,1219,1997,0.0,980.0,1.003945,0.188826,NOR,PRT,4905
2830334,177,179,1219,1997,0.0,9471.0,0.805559,1.9598520000000001,POL,PRT,4905
2830335,231,179,1219,1997,65952.0,0.0,1.823511,0.888084,USA,PRT,4905
2830336,250,179,1219,1997,0.0,6581.0,1.036748,0.851626,ANS,PRT,4905
2830337,61,190,1219,1997,3918.0,0.0,2.293936,-2.2301919999999997,DEU,SDN,4905
2830338,77,190,1219,1997,2453.0,0.0,1.69504,0.8278549999999999,FRA,SDN,4905
2830339,44,191,1219,1997,0.0,652.0,-0.685339,-0.62129,CIV,SEN,4905
2830340,77,191,1219,1997,12703.0,0.0,1.69504,0.8278549999999999,FRA,SEN,4905
2830341,81,191,1219,1997,881.0,0.0,1.886353,0.783832,GBR,SEN,4905
2830342,52,197,1219,1997,1100.0,0.0,-0.25974200000000003,0.196955,CRI,SLV,4905
2830343,93,197,1219,1997,66401.0,3459.0,-0.310042,0.2096,GTM,SLV,4905
2830344,99,197,1219,1997,0.0,2360.0,-0.832161,-0.5578270000000001,HND,SLV,4905
2830345,138,197,1219,1997,901.0,0.0,0.603221,0.898488,MEX,SLV,4905
2830346,231,197,1219,1997,22987.0,0.0,1.823511,0.888084,USA,SLV,4905
2830347,7,208,1219,1997,0.0,2775.0,-0.042154000000000004,-0.667389,ARE,SWE,4905
2830348,14,208,1219,1997,8111.0,1203.0,0.428555,0.798283,AUS,SWE,4905
2830349,15,208,1219,1997,8276.0,0.0,1.8926189999999998,0.624346,AUT,SWE,4905
2830350,16,208,1219,1997,0.0,1761.0,0.290957,-0.18282,AZE,SWE,4905
2830351,18,208,1219,1997,3063.0,29531.0,1.4274069999999999,1.490435,BEL,SWE,4905
2830352,32,208,1219,1997,0.0,9871.0,0.718336,1.203066,BRA,SWE,4905
2830353,39,208,1219,1997,2516.0,6282.0,1.109494,1.178772,CAN,SWE,4905
2830354,41,208,1219,1997,171156.0,3264.0,2.280163,0.597819,CHE,SWE,4905
2830355,43,208,1219,1997,15855.0,2431.0,0.36051300000000003,3.287322,CHN,SWE,4905
2830356,61,208,1219,1997,42138.0,133364.0,2.293936,-2.2301919999999997,DEU,SWE,4905
2830357,64,208,1219,1997,575990.0,45885.0,1.358279,1.420107,DNK,SWE,4905
2830358,71,208,1219,1997,66097.0,2126.0,1.082049,2.0238650000000002,ESP,SWE,4905
2830359,72,208,1219,1997,1160.0,1505.0,0.460823,0.9126700000000001,EST,SWE,4905
2830360,74,208,1219,1997,55458.0,86095.0,1.9298959999999998,1.083861,FIN,SWE,4905
2830361,77,208,1219,1997,70899.0,68390.0,1.69504,0.8278549999999999,FRA,SWE,4905
2830362,81,208,1219,1997,211234.0,23508.0,1.886353,0.783832,GBR,SWE,4905
2830363,90,208,1219,1997,1418.0,0.0,0.229516,1.085225,GRC,SWE,4905
2830364,97,208,1219,1997,64981.0,6021.0,0.521942,2.578405,HKG,SWE,4905
2830365,102,208,1219,1997,37831.0,0.0,0.746743,1.577102,HUN,SWE,4905
2830366,109,208,1219,1997,2133.0,156512.0,0.217533,-0.405395,ISL,SWE,4905
2830367,111,208,1219,1997,276628.0,82993.0,1.4860389999999999,1.235674,ITA,SWE,4905
2830368,114,208,1219,1997,0.0,15803.0,2.631846,0.553144,JPN,SWE,4905
2830369,121,208,1219,1997,0.0,7612.0,1.0478290000000001,1.2874370000000002,KOR,SWE,4905
2830370,162,208,1219,1997,45122.0,31729.0,1.267794,1.727888,NLD,SWE,4905
2830371,163,208,1219,1997,238793.0,252899.0,1.003945,0.188826,NOR,SWE,4905
2830372,186,208,1219,1997,409.0,976.0,0.87377,0.423861,RUS,SWE,4905
2830373,192,208,1219,1997,0.0,3217.0,1.01557,0.360154,SGP,SWE,4905
2830374,207,208,1219,1997,0.0,3444.0,1.435765,1.348897,SVN,SWE,4905
2830375,226,208,1219,1997,0.0,12311.0,-1.368133,-0.753692,TZA,SWE,4905
2830376,231,208,1219,1997,104781.0,77252.0,1.823511,0.888084,USA,SWE,4905
2830377,249,208,1219,1997,20170.0,0.0,1.317672,1.800561,TWN,SWE,4905
2830378,250,208,1219,1997,0.0,4435.0,1.036748,0.851626,ANS,SWE,4905
2830379,14,216,1219,1997,0.0,19410.0,0.428555,0.798283,AUS,THA,4905
2830380,34,216,1219,1997,0.0,12383.0,-0.092276,-0.772393,BRN,THA,4905
2830381,39,216,1219,1997,0.0,2108.0,1.109494,1.178772,CAN,THA,4905
2830382,43,216,1219,1997,7404.0,0.0,0.36051300000000003,3.287322,CHN,THA,4905
2830383,61,216,1219,1997,71360.0,1798.0,2.293936,-2.2301919999999997,DEU,THA,4905
2830384,64,216,1219,1997,56152.0,0.0,1.358279,1.420107,DNK,THA,4905
2830385,72,216,1219,1997,0.0,736.0,0.460823,0.9126700000000001,EST,THA,4905
2830386,77,216,1219,1997,3879.0,0.0,1.69504,0.8278549999999999,FRA,THA,4905
2830387,81,216,1219,1997,39225.0,0.0,1.886353,0.783832,GBR,THA,4905
2830388,97,216,1219,1997,5597.0,0.0,0.521942,2.578405,HKG,THA,4905
2830389,110,216,1219,1997,0.0,3986.0,1.3230030000000002,0.965016,ISR,THA,4905
2830390,111,216,1219,1997,17343.0,0.0,1.4860389999999999,1.235674,ITA,THA,4905
2830391,114,216,1219,1997,4888.0,12269.0,2.631846,0.553144,JPN,THA,4905
2830392,121,216,1219,1997,2733.0,0.0,1.0478290000000001,1.2874370000000002,KOR,THA,4905
2830393,138,216,1219,1997,0.0,1664.0,0.603221,0.898488,MEX,THA,4905
2830394,143,216,1219,1997,0.0,3089.0,-1.595159,-1.09562,MMR,THA,4905
2830395,153,216,1219,1997,0.0,19501.0,0.37340999999999996,0.36853600000000003,MYS,THA,4905
2830396,192,216,1219,1997,19633.0,0.0,1.01557,0.360154,SGP,THA,4905
2830397,231,216,1219,1997,88833.0,991.0,1.823511,0.888084,USA,THA,4905
2830398,246,216,1219,1997,19466.0,0.0,0.501792,1.1192440000000001,ZAF,THA,4905
2830399,249,216,1219,1997,28908.0,0.0,1.317672,1.800561,TWN,THA,4905
2830400,250,216,1219,1997,1610.0,0.0,1.036748,0.851626,ANS,THA,4905
2830401,39,222,1219,1997,2099.0,0.0,1.109494,1.178772,CAN,TTO,4905
2830402,71,222,1219,1997,9841.0,0.0,1.082049,2.0238650000000002,ESP,TTO,4905
2830403,81,222,1219,1997,79841.0,0.0,1.886353,0.783832,GBR,TTO,4905
2830404,112,222,1219,1997,873.0,0.0,-0.65455,-0.820413,JAM,TTO,4905
2830405,120,222,1219,1997,0.0,7657.0,0.8765370000000001,-0.268836,KNA,TTO,4905
2830406,163,222,1219,1997,1148.0,0.0,1.003945,0.188826,NOR,TTO,4905
2830407,231,222,1219,1997,11030.0,0.0,1.823511,0.888084,USA,TTO,4905
2830408,7,224,1219,1997,0.0,1083.0,-0.042154000000000004,-0.667389,ARE,TUR,4905
2830409,18,224,1219,1997,1345.0,1410.0,1.4274069999999999,1.490435,BEL,TUR,4905
2830410,41,224,1219,1997,6413.0,0.0,2.280163,0.597819,CHE,TUR,4905
2830411,43,224,1219,1997,4807.0,0.0,0.36051300000000003,3.287322,CHN,TUR,4905
2830412,61,224,1219,1997,681651.0,4969.0,2.293936,-2.2301919999999997,DEU,TUR,4905
2830413,64,224,1219,1997,25449.0,0.0,1.358279,1.420107,DNK,TUR,4905
2830414,71,224,1219,1997,2899.0,0.0,1.082049,2.0238650000000002,ESP,TUR,4905
2830415,81,224,1219,1997,122477.0,0.0,1.886353,0.783832,GBR,TUR,4905
2830416,110,224,1219,1997,1739.0,7753.0,1.3230030000000002,0.965016,ISR,TUR,4905
2830417,111,224,1219,1997,94636.0,0.0,1.4860389999999999,1.235674,ITA,TUR,4905
2830418,163,224,1219,1997,3078.0,0.0,1.003945,0.188826,NOR,TUR,4905
2830419,186,224,1219,1997,17172.0,0.0,0.87377,0.423861,RUS,TUR,4905
2830420,231,224,1219,1997,12316.0,0.0,1.823511,0.888084,USA,TUR,4905
2830421,8,230,1219,1997,15093.0,0.0,0.273654,0.495389,ARG,URY,4905
2830422,41,230,1219,1997,1123.0,0.0,2.280163,0.597819,CHE,URY,4905
2830423,43,230,1219,1997,3113.0,0.0,0.36051300000000003,3.287322,CHN,URY,4905
2830424,61,230,1219,1997,0.0,8001.0,2.293936,-2.2301919999999997,DEU,URY,4905
2830425,71,230,1219,1997,2484.0,0.0,1.082049,2.0238650000000002,ESP,URY,4905
2830426,77,230,1219,1997,1662.0,0.0,1.69504,0.8278549999999999,FRA,URY,4905
2830427,81,230,1219,1997,41916.0,0.0,1.886353,0.783832,GBR,URY,4905
2830428,111,230,1219,1997,28914.0,0.0,1.4860389999999999,1.235674,ITA,URY,4905
2830429,163,230,1219,1997,2858.0,0.0,1.003945,0.188826,NOR,URY,4905
2830430,180,230,1219,1997,0.0,2298.0,-0.44951,-0.818817,PRY,URY,4905
2830431,192,230,1219,1997,6501.0,0.0,1.01557,0.360154,SGP,URY,4905
2830432,249,230,1219,1997,10185.0,0.0,1.317672,1.800561,TWN,URY,4905
2830433,6,231,1219,1997,0.0,6276.0,0.406411,-0.46148100000000003,ANT,USA,4905
2830434,7,231,1219,1997,0.0,35637.0,-0.042154000000000004,-0.667389,ARE,USA,4905
2830435,8,231,1219,1997,19861.0,61887.0,0.273654,0.495389,ARG,USA,4905
2830436,14,231,1219,1997,50561.0,418351.0,0.428555,0.798283,AUS,USA,4905
2830437,15,231,1219,1997,115633.0,6973.0,1.8926189999999998,0.624346,AUT,USA,4905
2830438,18,231,1219,1997,19448.0,181524.0,1.4274069999999999,1.490435,BEL,USA,4905
2830439,22,231,1219,1997,0.0,8016.0,-1.027777,-1.048214,BGD,USA,4905
2830440,23,231,1219,1997,1049.0,0.0,0.487041,1.287344,BGR,USA,4905
2830441,25,231,1219,1997,1530.0,44316.0,0.874886,-0.144043,BHS,USA,4905
2830442,29,231,1219,1997,0.0,13188.0,-0.46634200000000003,-0.688645,BLZ,USA,4905
2830443,30,231,1219,1997,39341.0,7354.0,1.069048,-0.35702399999999995,BMU,USA,4905
2830444,31,231,1219,1997,3323.0,6703.0,-0.697563,-0.8841479999999999,BOL,USA,4905
2830445,32,231,1219,1997,1309.0,79558.0,0.718336,1.203066,BRA,USA,4905
2830446,33,231,1219,1997,0.0,4796.0,0.896769,0.22225300000000003,BRB,USA,4905
2830447,34,231,1219,1997,0.0,7536.0,-0.092276,-0.772393,BRN,USA,4905
2830448,39,231,1219,1997,5211460.0,5540133.0,1.109494,1.178772,CAN,USA,4905
2830449,41,231,1219,1997,297623.0,263391.0,2.280163,0.597819,CHE,USA,4905
2830450,42,231,1219,1997,0.0,56813.0,0.002791,-0.030604000000000003,CHL,USA,4905
2830451,43,231,1219,1997,482896.0,97011.0,0.36051300000000003,3.287322,CHN,USA,4905
2830452,49,231,1219,1997,5665.0,237728.0,0.190632,0.068001,COL,USA,4905
2830453,52,231,1219,1997,1207.0,8590.0,-0.25974200000000003,0.196955,CRI,USA,4905
2830454,57,231,1219,1997,0.0,87244.0,0.504191,-0.512525,CYM,USA,4905
2830455,59,231,1219,1997,0.0,14258.0,1.40651,1.354695,CZE,USA,4905
2830456,61,231,1219,1997,915192.0,1039546.0,2.293936,-2.2301919999999997,DEU,USA,4905
2830457,63,231,1219,1997,0.0,1755.0,0.795112,0.438787,DMA,USA,4905
2830458,64,231,1219,1997,257899.0,285136.0,1.358279,1.420107,DNK,USA,4905
2830459,65,231,1219,1997,0.0,28273.0,-0.6062850000000001,-0.648523,DOM,USA,4905
2830460,67,231,1219,1997,0.0,29931.0,-1.1931690000000001,-1.0139690000000001,ECU,USA,4905
2830461,68,231,1219,1997,8350.0,0.0,-0.314425,0.156345,EGY,USA,4905
2830462,71,231,1219,1997,58442.0,127420.0,1.082049,2.0238650000000002,ESP,USA,4905
2830463,72,231,1219,1997,0.0,4024.0,0.460823,0.9126700000000001,EST,USA,4905
2830464,73,231,1219,1997,0.0,131370.0,-1.239473,-1.159345,ETH,USA,4905
2830465,74,231,1219,1997,3595.0,62198.0,1.9298959999999998,1.083861,FIN,USA,4905
2830466,77,231,1219,1997,747395.0,210538.0,1.69504,0.8278549999999999,FRA,USA,4905
2830467,81,231,1219,1997,2763162.0,1720134.0,1.886353,0.783832,GBR,USA,4905
2830468,83,231,1219,1997,0.0,2646.0,-1.012728,-0.939893,GHA,USA,4905
2830469,84,231,1219,1997,0.0,7692.0,0.811642,-0.186555,GIB,USA,4905
2830470,85,231,1219,1997,3160.0,0.0,-1.529401,-1.163973,GIN,USA,4905
2830471,90,231,1219,1997,5017.0,53353.0,0.229516,1.085225,GRC,USA,4905
2830472,91,231,1219,1997,0.0,3885.0,0.24891799999999997,-0.44986499999999996,GRD,USA,4905
2830473,93,231,1219,1997,4573.0,9949.0,-0.310042,0.2096,GTM,USA,4905
2830474,96,231,1219,1997,0.0,3357.0,-0.7141810000000001,-0.8589030000000001,GUY,USA,4905
2830475,97,231,1219,1997,498030.0,71037.0,0.521942,2.578405,HKG,USA,4905
2830476,99,231,1219,1997,0.0,24146.0,-0.832161,-0.5578270000000001,HND,USA,4905
2830477,101,231,1219,1997,0.0,8225.0,-0.945809,-0.7246560000000001,HTI,USA,4905
2830478,102,231,1219,1997,7758.0,4961.0,0.746743,1.577102,HUN,USA,4905
2830479,103,231,1219,1997,0.0,20804.0,-0.44080699999999995,1.220104,IDN,USA,4905
2830480,104,231,1219,1997,12559.0,18931.0,0.262571,2.31305,IND,USA,4905
2830481,106,231,1219,1997,3013.0,33888.0,1.471048,0.8769370000000001,IRL,USA,4905
2830482,109,231,1219,1997,0.0,2152.0,0.217533,-0.405395,ISL,USA,4905
2830483,110,231,1219,1997,25942.0,18172.0,1.3230030000000002,0.965016,ISR,USA,4905
2830484,111,231,1219,1997,713693.0,117914.0,1.4860389999999999,1.235674,ITA,USA,4905
2830485,112,231,1219,1997,0.0,19273.0,-0.65455,-0.820413,JAM,USA,4905
2830486,114,231,1219,1997,311869.0,680788.0,2.631846,0.553144,JPN,USA,4905
2830487,115,231,1219,1997,0.0,8128.0,0.44044300000000003,-0.10249000000000001,KAZ,USA,4905
2830488,116,231,1219,1997,0.0,967.0,-0.399028,0.196115,KEN,USA,4905
2830489,120,231,1219,1997,0.0,2348.0,0.8765370000000001,-0.268836,KNA,USA,4905
2830490,121,231,1219,1997,45275.0,65948.0,1.0478290000000001,1.2874370000000002,KOR,USA,4905
2830491,124,231,1219,1997,0.0,2049.0,0.334291,0.783104,LBN,USA,4905
2830492,127,231,1219,1997,1001.0,14868.0,-0.148373,-0.516139,LCA,USA,4905
2830493,134,231,1219,1997,1749.0,0.0,-0.649616,-0.260554,MAR,USA,4905
2830494,138,231,1219,1997,4232395.0,1247299.0,0.603221,0.898488,MEX,USA,4905
2830495,151,231,1219,1997,0.0,4303.0,-0.49241,-0.695729,MUS,USA,4905
2830496,152,231,1219,1997,0.0,7499.0,-1.24261,-1.1258860000000002,MWI,USA,4905
2830497,153,231,1219,1997,17629.0,26205.0,0.37340999999999996,0.36853600000000003,MYS,USA,4905
2830498,159,231,1219,1997,0.0,6143.0,-1.615102,-1.129541,NGA,USA,4905
2830499,162,231,1219,1997,81842.0,343500.0,1.267794,1.727888,NLD,USA,4905
2830500,163,231,1219,1997,19351.0,44188.0,1.003945,0.188826,NOR,USA,4905
2830501,166,231,1219,1997,26797.0,82078.0,0.557545,0.731294,NZL,USA,4905
2830502,167,231,1219,1997,0.0,5865.0,-0.335834,-0.945859,OMN,USA,4905
2830503,169,231,1219,1997,0.0,18716.0,-0.028676999999999998,0.00023999999999999998,PAN,USA,4905
2830504,173,231,1219,1997,3660.0,6808.0,-0.5023880000000001,-0.262563,PER,USA,4905
2830505,174,231,1219,1997,24077.0,33842.0,-0.24310900000000002,0.085784,PHL,USA,4905
2830506,177,231,1219,1997,4039.0,28035.0,0.805559,1.9598520000000001,POL,USA,4905
2830507,179,231,1219,1997,0.0,65952.0,0.379367,1.296551,PRT,USA,4905
2830508,180,231,1219,1997,0.0,21751.0,-0.44951,-0.818817,PRY,USA,4905
2830509,182,231,1219,1997,0.0,2624.0,0.333947,-0.5391560000000001,PYF,USA,4905
2830510,185,231,1219,1997,0.0,49126.0,0.44381000000000004,1.084109,ROU,USA,4905
2830511,186,231,1219,1997,14727.0,64713.0,0.87377,0.423861,RUS,USA,4905
2830512,188,231,1219,1997,0.0,6559.0,0.015040000000000001,-0.954475,SAU,USA,4905
2830513,192,231,1219,1997,378717.0,355540.0,1.01557,0.360154,SGP,USA,4905
2830514,197,231,1219,1997,0.0,22987.0,-0.09174500000000001,-0.034391000000000005,SLV,USA,4905
2830515,206,231,1219,1997,1503.0,0.0,1.200699,1.318346,SVK,USA,4905
2830516,207,231,1219,1997,112064.0,0.0,1.435765,1.348897,SVN,USA,4905
2830517,208,231,1219,1997,77252.0,104781.0,2.120182,0.993078,SWE,USA,4905
2830518,216,231,1219,1997,991.0,88833.0,0.084875,1.41931,THA,USA,4905
2830519,222,231,1219,1997,0.0,11030.0,0.28791,-0.38322399999999995,TTO,USA,4905
2830520,223,231,1219,1997,0.0,4283.0,-0.24073899999999998,-0.146818,TUN,USA,4905
2830521,224,231,1219,1997,0.0,12316.0,0.167734,1.5827870000000002,TUR,USA,4905
2830522,228,231,1219,1997,910.0,0.0,0.8502559999999999,0.956254,UKR,USA,4905
2830523,234,231,1219,1997,0.0,880.0,0.069461,-0.459567,VCT,USA,4905
2830524,236,231,1219,1997,8475.0,135042.0,0.21363200000000002,-0.668341,VEN,USA,4905
2830525,237,231,1219,1997,0.0,6641.0,0.5966060000000001,-0.381473,VGB,USA,4905
2830526,239,231,1219,1997,3567.0,0.0,-0.93384,0.06253099999999999,VNM,USA,4905
2830527,246,231,1219,1997,6197.0,41946.0,0.501792,1.1192440000000001,ZAF,USA,4905
2830528,249,231,1219,1997,106326.0,136191.0,1.317672,1.800561,TWN,USA,4905
2830529,49,236,1219,1997,0.0,8220.0,0.190632,0.068001,COL,VEN,4905
2830530,65,236,1219,1997,0.0,3124.0,-0.6062850000000001,-0.648523,DOM,VEN,4905
2830531,71,236,1219,1997,36073.0,0.0,1.082049,2.0238650000000002,ESP,VEN,4905
2830532,81,236,1219,1997,7770.0,0.0,1.886353,0.783832,GBR,VEN,4905
2830533,97,236,1219,1997,8848.0,0.0,0.521942,2.578405,HKG,VEN,4905
2830534,111,236,1219,1997,9005.0,0.0,1.4860389999999999,1.235674,ITA,VEN,4905
2830535,138,236,1219,1997,1478.0,0.0,0.603221,0.898488,MEX,VEN,4905
2830536,162,236,1219,1997,1199.0,0.0,1.267794,1.727888,NLD,VEN,4905
2830537,169,236,1219,1997,0.0,2824.0,-0.028676999999999998,0.00023999999999999998,PAN,VEN,4905
2830538,231,236,1219,1997,135042.0,8475.0,1.823511,0.888084,USA,VEN,4905
2830539,249,236,1219,1997,1616.0,29496.0,1.317672,1.800561,TWN,VEN,4905
2830540,250,236,1219,1997,2402.0,0.0,1.036748,0.851626,ANS,VEN,4905
2830541,7,246,1219,1997,0.0,7268.0,-0.042154000000000004,-0.667389,ARE,ZAF,4905
2830542,8,246,1219,1997,0.0,19066.0,0.273654,0.495389,ARG,ZAF,4905
2830543,14,246,1219,1997,3319.0,4749.0,0.428555,0.798283,AUS,ZAF,4905
2830544,18,246,1219,1997,2940.0,2161.0,1.4274069999999999,1.490435,BEL,ZAF,4905
2830545,41,246,1219,1997,2768.0,0.0,2.280163,0.597819,CHE,ZAF,4905
2830546,61,246,1219,1997,9832.0,15697.0,2.293936,-2.2301919999999997,DEU,ZAF,4905
2830547,64,246,1219,1997,815.0,0.0,1.358279,1.420107,DNK,ZAF,4905
2830548,73,246,1219,1997,0.0,799.0,-1.239473,-1.159345,ETH,ZAF,4905
2830549,77,246,1219,1997,4258.0,0.0,1.69504,0.8278549999999999,FRA,ZAF,4905
2830550,80,246,1219,1997,0.0,1201.0,-1.177994,-1.134955,GAB,ZAF,4905
2830551,81,246,1219,1997,425508.0,18699.0,1.886353,0.783832,GBR,ZAF,4905
2830552,83,246,1219,1997,0.0,11110.0,-1.012728,-0.939893,GHA,ZAF,4905
2830553,97,246,1219,1997,141032.0,0.0,0.521942,2.578405,HKG,ZAF,4905
2830554,104,246,1219,1997,3055.0,0.0,0.262571,2.31305,IND,ZAF,4905
2830555,106,246,1219,1997,0.0,1002.0,1.471048,0.8769370000000001,IRL,ZAF,4905
2830556,110,246,1219,1997,867.0,1112.0,1.3230030000000002,0.965016,ISR,ZAF,4905
2830557,111,246,1219,1997,30998.0,3214.0,1.4860389999999999,1.235674,ITA,ZAF,4905
2830558,114,246,1219,1997,2096.0,0.0,2.631846,0.553144,JPN,ZAF,4905
2830559,116,246,1219,1997,0.0,4613.0,-0.399028,0.196115,KEN,ZAF,4905
2830560,138,246,1219,1997,0.0,6201.0,0.603221,0.898488,MEX,ZAF,4905
2830561,141,246,1219,1997,0.0,4512.0,-1.230276,-1.086769,MLI,ZAF,4905
2830562,147,246,1219,1997,0.0,13393.0,-0.8600620000000001,-0.9672270000000001,MOZ,ZAF,4905
2830563,151,246,1219,1997,0.0,2541.0,-0.49241,-0.695729,MUS,ZAF,4905
2830564,153,246,1219,1997,4346.0,0.0,0.37340999999999996,0.36853600000000003,MYS,ZAF,4905
2830565,162,246,1219,1997,3767.0,6866.0,1.267794,1.727888,NLD,ZAF,4905
2830566,163,246,1219,1997,11161.0,0.0,1.003945,0.188826,NOR,ZAF,4905
2830567,166,246,1219,1997,0.0,1261.0,0.557545,0.731294,NZL,ZAF,4905
2830568,192,246,1219,1997,55419.0,2024.0,1.01557,0.360154,SGP,ZAF,4905
2830569,211,246,1219,1997,0.0,6186.0,-0.19443,-0.768889,SYC,ZAF,4905
2830570,216,246,1219,1997,0.0,19466.0,0.084875,1.41931,THA,ZAF,4905
2830571,226,246,1219,1997,0.0,2223.0,-1.368133,-0.753692,TZA,ZAF,4905
2830572,227,246,1219,1997,0.0,5697.0,-0.9304819999999999,-0.9731540000000001,UGA,ZAF,4905
2830573,231,246,1219,1997,41946.0,6197.0,1.823511,0.888084,USA,ZAF,4905
2830574,247,246,1219,1997,0.0,24687.0,-0.62183,-0.809639,ZMB,ZAF,4905
2830575,248,246,1219,1997,0.0,47506.0,-0.36357399999999995,-0.449161,ZWE,ZAF,4905
2830576,249,246,1219,1997,29199.0,0.0,1.317672,1.800561,TWN,ZAF,4905
2830577,250,246,1219,1997,713.0,2119.0,1.036748,0.851626,ANS,ZAF,4905
2830578,15,14,1219,1997,5271.0,0.0,1.8926189999999998,0.624346,AUT,AUS,4905
2830579,18,14,1219,1997,0.0,5275.0,1.4274069999999999,1.490435,BEL,AUS,4905
2830580,39,14,1219,1997,70266.0,6501.0,1.109494,1.178772,CAN,AUS,4905
2830581,41,14,1219,1997,26385.0,26660.0,2.280163,0.597819,CHE,AUS,4905
2830582,43,14,1219,1997,58514.0,56479.0,0.36051300000000003,3.287322,CHN,AUS,4905
2830583,59,14,1219,1997,0.0,1141.0,1.40651,1.354695,CZE,AUS,4905
2830584,61,14,1219,1997,33777.0,17747.0,2.293936,-2.2301919999999997,DEU,AUS,4905
2830585,64,14,1219,1997,46881.0,959.0,1.358279,1.420107,DNK,AUS,4905
2830586,74,14,1219,1997,1051.0,0.0,1.9298959999999998,1.083861,FIN,AUS,4905
2830587,75,14,1219,1997,0.0,19440.0,-0.9404020000000001,-0.8833989999999999,FJI,AUS,4905
2830588,77,14,1219,1997,3988.0,2625.0,1.69504,0.8278549999999999,FRA,AUS,4905
2830589,81,14,1219,1997,1449788.0,55686.0,1.886353,0.783832,GBR,AUS,4905
2830590,90,14,1219,1997,1319.0,0.0,0.229516,1.085225,GRC,AUS,4905
2830591,97,14,1219,1997,548717.0,47936.0,0.521942,2.578405,HKG,AUS,4905
2830592,103,14,1219,1997,0.0,1987.0,-0.44080699999999995,1.220104,IDN,AUS,4905
2830593,104,14,1219,1997,0.0,16393.0,0.262571,2.31305,IND,AUS,4905
2830594,110,14,1219,1997,24043.0,0.0,1.3230030000000002,0.965016,ISR,AUS,4905
2830595,111,14,1219,1997,117792.0,0.0,1.4860389999999999,1.235674,ITA,AUS,4905
2830596,114,14,1219,1997,22526.0,153604.0,2.631846,0.553144,JPN,AUS,4905
2830597,118,14,1219,1997,0.0,1323.0,-1.458246,-1.243995,KHM,AUS,4905
2830598,121,14,1219,1997,1417.0,29371.0,1.0478290000000001,1.2874370000000002,KOR,AUS,4905
2830599,124,14,1219,1997,2496.0,0.0,0.334291,0.783104,LBN,AUS,4905
2830600,153,14,1219,1997,6286.0,4937.0,0.37340999999999996,0.36853600000000003,MYS,AUS,4905
2830601,156,14,1219,1997,0.0,5938.0,-0.9234049999999999,-0.8851110000000001,NCL,AUS,4905
2830602,162,14,1219,1997,4521.0,21774.0,1.267794,1.727888,NLD,AUS,4905
2830603,163,14,1219,1997,3356.0,0.0,1.003945,0.188826,NOR,AUS,4905
2830604,166,14,1219,1997,32087.0,328139.0,0.557545,0.731294,NZL,AUS,4905
2830605,173,14,1219,1997,0.0,5747.0,-0.5023880000000001,-0.262563,PER,AUS,4905
2830606,174,14,1219,1997,0.0,55885.0,-0.24310900000000002,0.085784,PHL,AUS,4905
2830607,176,14,1219,1997,0.0,36575.0,-2.2823439999999997,-1.264621,PNG,AUS,4905
2830608,177,14,1219,1997,0.0,35706.0,0.805559,1.9598520000000001,POL,AUS,4905
2830609,186,14,1219,1997,2482.0,0.0,0.87377,0.423861,RUS,AUS,4905
2830610,192,14,1219,1997,864305.0,246613.0,1.01557,0.360154,SGP,AUS,4905
2830611,195,14,1219,1997,0.0,7000.0,-2.247325,-0.982799,SLB,AUS,4905
2830612,207,14,1219,1997,4258.0,0.0,1.435765,1.348897,SVN,AUS,4905
2830613,208,14,1219,1997,1203.0,8111.0,2.120182,0.993078,SWE,AUS,4905
2830614,216,14,1219,1997,19410.0,0.0,0.084875,1.41931,THA,AUS,4905
2830615,227,14,1219,1997,0.0,1167.0,-0.9304819999999999,-0.9731540000000001,UGA,AUS,4905
2830616,231,14,1219,1997,418351.0,50561.0,1.823511,0.888084,USA,AUS,4905
2830617,240,14,1219,1997,0.0,5786.0,-1.300604,-0.921262,VUT,AUS,4905
2830618,246,14,1219,1997,4749.0,3319.0,0.501792,1.1192440000000001,ZAF,AUS,4905
2830619,249,14,1219,1997,53956.0,19953.0,1.317672,1.800561,TWN,AUS,4905
2830620,250,14,1219,1997,28960.0,38697.0,1.036748,0.851626,ANS,AUS,4905
2830621,81,16,1219,1997,0.0,357660.0,1.886353,0.783832,GBR,AZE,4905
2830622,111,16,1219,1997,1077.0,0.0,1.4860389999999999,1.235674,ITA,AZE,4905
2830623,186,16,1219,1997,15768.0,0.0,0.87377,0.423861,RUS,AZE,4905
2830624,208,16,1219,1997,1761.0,0.0,2.120182,0.993078,SWE,AZE,4905
2830625,81,22,1219,1997,2608.0,0.0,1.886353,0.783832,GBR,BGD,4905
2830626,121,22,1219,1997,17835.0,0.0,1.0478290000000001,1.2874370000000002,KOR,BGD,4905
2830627,153,22,1219,1997,21555.0,0.0,0.37340999999999996,0.36853600000000003,MYS,BGD,4905
2830628,192,22,1219,1997,1851.0,0.0,1.01557,0.360154,SGP,BGD,4905
2830629,231,22,1219,1997,8016.0,0.0,1.823511,0.888084,USA,BGD,4905
2830630,41,23,1219,1997,1722.0,0.0,2.280163,0.597819,CHE,BGR,4905
2830631,43,23,1219,1997,2598.0,0.0,0.36051300000000003,3.287322,CHN,BGR,4905
2830632,61,23,1219,1997,99522.0,1500.0,2.293936,-2.2301919999999997,DEU,BGR,4905
2830633,81,23,1219,1997,1192.0,0.0,1.886353,0.783832,GBR,BGR,4905
2830634,82,23,1219,1997,0.0,1323.0,0.304927,-0.082,GEO,BGR,4905
2830635,90,23,1219,1997,964.0,0.0,0.229516,1.085225,GRC,BGR,4905
2830636,111,23,1219,1997,8005.0,0.0,1.4860389999999999,1.235674,ITA,BGR,4905
2830637,135,23,1219,1997,0.0,1208.0,0.148579,-0.334685,MDA,BGR,4905
2830638,140,23,1219,1997,0.0,85108.0,0.26327399999999995,0.704879,MKD,BGR,4905
2830639,231,23,1219,1997,0.0,1049.0,1.823511,0.888084,USA,BGR,4905
2830640,250,23,1219,1997,0.0,1044.0,1.036748,0.851626,ANS,BGR,4905
2830641,8,32,1219,1997,18625.0,0.0,0.273654,0.495389,ARG,BRA,4905
2830642,41,32,1219,1997,4744.0,0.0,2.280163,0.597819,CHE,BRA,4905
2830643,43,32,1219,1997,13242.0,0.0,0.36051300000000003,3.287322,CHN,BRA,4905
2830644,61,32,1219,1997,2696.0,1355.0,2.293936,-2.2301919999999997,DEU,BRA,4905
2830645,71,32,1219,1997,32717.0,0.0,1.082049,2.0238650000000002,ESP,BRA,4905
2830646,77,32,1219,1997,1932.0,0.0,1.69504,0.8278549999999999,FRA,BRA,4905
2830647,81,32,1219,1997,88628.0,0.0,1.886353,0.783832,GBR,BRA,4905
2830648,97,32,1219,1997,38363.0,0.0,0.521942,2.578405,HKG,BRA,4905
2830649,104,32,1219,1997,3910.0,0.0,0.262571,2.31305,IND,BRA,4905
2830650,111,32,1219,1997,319163.0,0.0,1.4860389999999999,1.235674,ITA,BRA,4905
2830651,114,32,1219,1997,6988.0,0.0,2.631846,0.553144,JPN,BRA,4905
2830652,162,32,1219,1997,1860.0,0.0,1.267794,1.727888,NLD,BRA,4905
2830653,163,32,1219,1997,1141.0,0.0,1.003945,0.188826,NOR,BRA,4905
2830654,179,32,1219,1997,2249.0,0.0,0.379367,1.296551,PRT,BRA,4905
2830655,180,32,1219,1997,0.0,9398.0,-0.44951,-0.818817,PRY,BRA,4905
2830656,208,32,1219,1997,9871.0,0.0,2.120182,0.993078,SWE,BRA,4905
2830657,231,32,1219,1997,79558.0,1309.0,1.823511,0.888084,USA,BRA,4905
2830658,249,32,1219,1997,29454.0,0.0,1.317672,1.800561,TWN,BRA,4905
2830659,8,39,1219,1997,1654.0,0.0,0.273654,0.495389,ARG,CAN,4905
2830660,14,39,1219,1997,6501.0,70266.0,0.428555,0.798283,AUS,CAN,4905
2830661,15,39,1219,1997,2809.0,0.0,1.8926189999999998,0.624346,AUT,CAN,4905
2830662,18,39,1219,1997,10736.0,19529.0,1.4274069999999999,1.490435,BEL,CAN,4905
2830663,25,39,1219,1997,0.0,2193.0,0.874886,-0.144043,BHS,CAN,4905
2830664,30,39,1219,1997,0.0,23591.0,1.069048,-0.35702399999999995,BMU,CAN,4905
2830665,41,39,1219,1997,6142.0,25711.0,2.280163,0.597819,CHE,CAN,4905
2830666,43,39,1219,1997,49776.0,0.0,0.36051300000000003,3.287322,CHN,CAN,4905
2830667,52,39,1219,1997,0.0,1431.0,-0.25974200000000003,0.196955,CRI,CAN,4905
2830668,59,39,1219,1997,0.0,4814.0,1.40651,1.354695,CZE,CAN,4905
2830669,61,39,1219,1997,7704.0,40079.0,2.293936,-2.2301919999999997,DEU,CAN,4905
2830670,64,39,1219,1997,57292.0,3123.0,1.358279,1.420107,DNK,CAN,4905
2830671,71,39,1219,1997,19233.0,16351.0,1.082049,2.0238650000000002,ESP,CAN,4905
2830672,74,39,1219,1997,1629.0,0.0,1.9298959999999998,1.083861,FIN,CAN,4905
2830673,77,39,1219,1997,333626.0,15468.0,1.69504,0.8278549999999999,FRA,CAN,4905
2830674,80,39,1219,1997,0.0,1099.0,-1.177994,-1.134955,GAB,CAN,4905
2830675,81,39,1219,1997,359045.0,109669.0,1.886353,0.783832,GBR,CAN,4905
2830676,97,39,1219,1997,40165.0,0.0,0.521942,2.578405,HKG,CAN,4905
2830677,102,39,1219,1997,2613.0,0.0,0.746743,1.577102,HUN,CAN,4905
2830678,110,39,1219,1997,18846.0,0.0,1.3230030000000002,0.965016,ISR,CAN,4905
2830679,111,39,1219,1997,58839.0,10045.0,1.4860389999999999,1.235674,ITA,CAN,4905
2830680,112,39,1219,1997,0.0,9680.0,-0.65455,-0.820413,JAM,CAN,4905
2830681,114,39,1219,1997,16294.0,22607.0,2.631846,0.553144,JPN,CAN,4905
2830682,124,39,1219,1997,0.0,1446.0,0.334291,0.783104,LBN,CAN,4905
2830683,138,39,1219,1997,6226.0,11969.0,0.603221,0.898488,MEX,CAN,4905
2830684,162,39,1219,1997,4483.0,15274.0,1.267794,1.727888,NLD,CAN,4905
2830685,163,39,1219,1997,3218.0,91214.0,1.003945,0.188826,NOR,CAN,4905
2830686,166,39,1219,1997,0.0,8017.0,0.557545,0.731294,NZL,CAN,4905
2830687,174,39,1219,1997,1481.0,0.0,-0.24310900000000002,0.085784,PHL,CAN,4905
2830688,185,39,1219,1997,1626.0,0.0,0.44381000000000004,1.084109,ROU,CAN,4905
2830689,186,39,1219,1997,0.0,26665.0,0.87377,0.423861,RUS,CAN,4905
2830690,192,39,1219,1997,1952.0,0.0,1.01557,0.360154,SGP,CAN,4905
2830691,206,39,1219,1997,0.0,1320.0,1.200699,1.318346,SVK,CAN,4905
2830692,208,39,1219,1997,6282.0,2516.0,2.120182,0.993078,SWE,CAN,4905
2830693,211,39,1219,1997,0.0,4001.0,-0.19443,-0.768889,SYC,CAN,4905
2830694,216,39,1219,1997,2108.0,0.0,0.084875,1.41931,THA,CAN,4905
2830695,222,39,1219,1997,0.0,2099.0,0.28791,-0.38322399999999995,TTO,CAN,4905
2830696,228,39,1219,1997,0.0,897.0,0.8502559999999999,0.956254,UKR,CAN,4905
2830697,231,39,1219,1997,5540133.0,5211460.0,1.823511,0.888084,USA,CAN,4905
2830698,247,39,1219,1997,0.0,158401.0,-0.62183,-0.809639,ZMB,CAN,4905
2830699,249,39,1219,1997,9126.0,0.0,1.317672,1.800561,TWN,CAN,4905
2830700,250,39,1219,1997,6810.0,0.0,1.036748,0.851626,ANS,CAN,4905
2830701,4,41,1219,1997,5865.0,0.0,-0.32351599999999997,-0.170449,ALB,CHE,4905
2830702,7,41,1219,1997,0.0,22094.0,-0.042154000000000004,-0.667389,ARE,CHE,4905
2830703,8,41,1219,1997,0.0,2755.0,0.273654,0.495389,ARG,CHE,4905
2830704,14,41,1219,1997,26660.0,26385.0,0.428555,0.798283,AUS,CHE,4905
2830705,15,41,1219,1997,142408.0,393618.0,1.8926189999999998,0.624346,AUT,CHE,4905
2830706,18,41,1219,1997,24905.0,447588.0,1.4274069999999999,1.490435,BEL,CHE,4905
2830707,23,41,1219,1997,0.0,1722.0,0.487041,1.287344,BGR,CHE,4905
2830708,32,41,1219,1997,0.0,4744.0,0.718336,1.203066,BRA,CHE,4905
2830709,39,41,1219,1997,25711.0,6142.0,1.109494,1.178772,CAN,CHE,4905
2830710,42,41,1219,1997,0.0,2433.0,0.002791,-0.030604000000000003,CHL,CHE,4905
2830711,49,41,1219,1997,0.0,2657.0,0.190632,0.068001,COL,CHE,4905
2830712,59,41,1219,1997,963.0,8734.0,1.40651,1.354695,CZE,CHE,4905
2830713,61,41,1219,1997,1373819.0,2856782.0,2.293936,-2.2301919999999997,DEU,CHE,4905
2830714,64,41,1219,1997,144092.0,178171.0,1.358279,1.420107,DNK,CHE,4905
2830715,67,41,1219,1997,0.0,1019.0,-1.1931690000000001,-1.0139690000000001,ECU,CHE,4905
2830716,68,41,1219,1997,0.0,11158.0,-0.314425,0.156345,EGY,CHE,4905
2830717,71,41,1219,1997,3062.0,100203.0,1.082049,2.0238650000000002,ESP,CHE,4905
2830718,72,41,1219,1997,0.0,1533.0,0.460823,0.9126700000000001,EST,CHE,4905
2830719,73,41,1219,1997,0.0,3676.0,-1.239473,-1.159345,ETH,CHE,4905
2830720,74,41,1219,1997,6849.0,96559.0,1.9298959999999998,1.083861,FIN,CHE,4905
2830721,77,41,1219,1997,561571.0,426496.0,1.69504,0.8278549999999999,FRA,CHE,4905
2830722,81,41,1219,1997,183973.0,309373.0,1.886353,0.783832,GBR,CHE,4905
2830723,90,41,1219,1997,2387.0,40269.0,0.229516,1.085225,GRC,CHE,4905
2830724,97,41,1219,1997,5490.0,8968.0,0.521942,2.578405,HKG,CHE,4905
2830725,100,41,1219,1997,0.0,4458.0,0.607903,1.147751,HRV,CHE,4905
2830726,102,41,1219,1997,1813.0,17987.0,0.746743,1.577102,HUN,CHE,4905
2830727,104,41,1219,1997,0.0,428.0,0.262571,2.31305,IND,CHE,4905
2830728,107,41,1219,1997,0.0,431.0,-0.503841,-0.9984059999999999,IRN,CHE,4905
2830729,109,41,1219,1997,0.0,5356.0,0.217533,-0.405395,ISL,CHE,4905
2830730,110,41,1219,1997,11981.0,28975.0,1.3230030000000002,0.965016,ISR,CHE,4905
2830731,111,41,1219,1997,707003.0,487754.0,1.4860389999999999,1.235674,ITA,CHE,4905
2830732,114,41,1219,1997,11535.0,32525.0,2.631846,0.553144,JPN,CHE,4905
2830733,121,41,1219,1997,0.0,3649.0,1.0478290000000001,1.2874370000000002,KOR,CHE,4905
2830734,130,41,1219,1997,1311.0,1632.0,0.377245,0.8823270000000001,LTU,CHE,4905
2830735,132,41,1219,1997,1281.0,3893.0,0.398848,0.215206,LVA,CHE,4905
2830736,137,41,1219,1997,0.0,1052.0,-1.155491,-1.0362200000000001,MDV,CHE,4905
2830737,138,41,1219,1997,0.0,11645.0,0.603221,0.898488,MEX,CHE,4905
2830738,140,41,1219,1997,0.0,3924.0,0.26327399999999995,0.704879,MKD,CHE,4905
2830739,142,41,1219,1997,0.0,1158.0,0.936998,0.062266999999999996,MLT,CHE,4905
2830740,153,41,1219,1997,0.0,3583.0,0.37340999999999996,0.36853600000000003,MYS,CHE,4905
2830741,162,41,1219,1997,18555.0,708360.0,1.267794,1.727888,NLD,CHE,4905
2830742,163,41,1219,1997,0.0,325785.0,1.003945,0.188826,NOR,CHE,4905
2830743,166,41,1219,1997,0.0,7319.0,0.557545,0.731294,NZL,CHE,4905
2830744,177,41,1219,1997,1420.0,69853.0,0.805559,1.9598520000000001,POL,CHE,4905
2830745,179,41,1219,1997,7560.0,137523.0,0.379367,1.296551,PRT,CHE,4905
2830746,185,41,1219,1997,0.0,37308.0,0.44381000000000004,1.084109,ROU,CHE,4905
2830747,192,41,1219,1997,0.0,9492.0,1.01557,0.360154,SGP,CHE,4905
2830748,206,41,1219,1997,5421.0,16567.0,1.200699,1.318346,SVK,CHE,4905
2830749,207,41,1219,1997,0.0,33879.0,1.435765,1.348897,SVN,CHE,4905
2830750,208,41,1219,1997,3264.0,171156.0,2.120182,0.993078,SWE,CHE,4905
2830751,224,41,1219,1997,0.0,6413.0,0.167734,1.5827870000000002,TUR,CHE,4905
2830752,228,41,1219,1997,0.0,3142.0,0.8502559999999999,0.956254,UKR,CHE,4905
2830753,230,41,1219,1997,0.0,1123.0,0.226228,0.29183400000000004,URY,CHE,4905
2830754,231,41,1219,1997,263391.0,297623.0,1.823511,0.888084,USA,CHE,4905
2830755,239,41,1219,1997,0.0,1360.0,-0.93384,0.06253099999999999,VNM,CHE,4905
2830756,246,41,1219,1997,0.0,2768.0,0.501792,1.1192440000000001,ZAF,CHE,4905
2830757,250,41,1219,1997,4860.0,0.0,1.036748,0.851626,ANS,CHE,4905
2830758,8,42,1219,1997,1597.0,0.0,0.273654,0.495389,ARG,CHL,4905
2830759,41,42,1219,1997,2433.0,0.0,2.280163,0.597819,CHE,CHL,4905
2830760,61,42,1219,1997,1700.0,0.0,2.293936,-2.2301919999999997,DEU,CHL,4905
2830761,71,42,1219,1997,509418.0,0.0,1.082049,2.0238650000000002,ESP,CHL,4905
2830762,77,42,1219,1997,965.0,0.0,1.69504,0.8278549999999999,FRA,CHL,4905
2830763,81,42,1219,1997,6094.0,0.0,1.886353,0.783832,GBR,CHL,4905
2830764,111,42,1219,1997,16217.0,0.0,1.4860389999999999,1.235674,ITA,CHL,4905
2830765,138,42,1219,1997,8404.0,0.0,0.603221,0.898488,MEX,CHL,4905
2830766,163,42,1219,1997,1411.0,0.0,1.003945,0.188826,NOR,CHL,4905
2830767,180,42,1219,1997,1317.0,0.0,-0.44951,-0.818817,PRY,CHL,4905
2830768,231,42,1219,1997,56813.0,0.0,1.823511,0.888084,USA,CHL,4905
2830769,14,59,1219,1997,1141.0,0.0,0.428555,0.798283,AUS,CZE,4905
2830770,15,59,1219,1997,158484.0,3827.0,1.8926189999999998,0.624346,AUT,CZE,4905
2830771,18,59,1219,1997,4127.0,1433.0,1.4274069999999999,1.490435,BEL,CZE,4905
2830772,28,59,1219,1997,0.0,41649.0,0.563179,0.339149,BLR,CZE,4905
2830773,39,59,1219,1997,4814.0,0.0,1.109494,1.178772,CAN,CZE,4905
2830774,41,59,1219,1997,8734.0,963.0,2.280163,0.597819,CHE,CZE,4905
2830775,43,59,1219,1997,25952.0,0.0,0.36051300000000003,3.287322,CHN,CZE,4905
2830776,61,59,1219,1997,2541445.0,1113639.0,2.293936,-2.2301919999999997,DEU,CZE,4905
2830777,64,59,1219,1997,14298.0,24305.0,1.358279,1.420107,DNK,CZE,4905
2830778,71,59,1219,1997,47633.0,0.0,1.082049,2.0238650000000002,ESP,CZE,4905
2830779,77,59,1219,1997,20606.0,15884.0,1.69504,0.8278549999999999,FRA,CZE,4905
2830780,81,59,1219,1997,26633.0,1251.0,1.886353,0.783832,GBR,CZE,4905
2830781,100,59,1219,1997,0.0,5425.0,0.607903,1.147751,HRV,CZE,4905
2830782,102,59,1219,1997,7708.0,0.0,0.746743,1.577102,HUN,CZE,4905
2830783,110,59,1219,1997,2914.0,0.0,1.3230030000000002,0.965016,ISR,CZE,4905
2830784,111,59,1219,1997,480529.0,0.0,1.4860389999999999,1.235674,ITA,CZE,4905
2830785,114,59,1219,1997,685.0,0.0,2.631846,0.553144,JPN,CZE,4905
2830786,115,59,1219,1997,0.0,3613.0,0.44044300000000003,-0.10249000000000001,KAZ,CZE,4905
2830787,162,59,1219,1997,26880.0,3556.0,1.267794,1.727888,NLD,CZE,4905
2830788,163,59,1219,1997,2398.0,0.0,1.003945,0.188826,NOR,CZE,4905
2830789,177,59,1219,1997,0.0,19022.0,0.805559,1.9598520000000001,POL,CZE,4905
2830790,186,59,1219,1997,0.0,25393.0,0.87377,0.423861,RUS,CZE,4905
2830791,206,59,1219,1997,690884.0,364205.0,1.200699,1.318346,SVK,CZE,4905
2830792,228,59,1219,1997,1023.0,11464.0,0.8502559999999999,0.956254,UKR,CZE,4905
2830793,231,59,1219,1997,14258.0,0.0,1.823511,0.888084,USA,CZE,4905
2830794,232,59,1219,1997,0.0,1208.0,-0.26560700000000004,-0.870447,UZB,CZE,4905
2830795,250,59,1219,1997,13000.0,0.0,1.036748,0.851626,ANS,CZE,4905
2830796,61,66,1219,1997,29913.0,7023.0,2.293936,-2.2301919999999997,DEU,DZA,4905
2830797,77,66,1219,1997,1509.0,0.0,1.69504,0.8278549999999999,FRA,DZA,4905
2830798,81,66,1219,1997,1090.0,0.0,1.886353,0.783832,GBR,DZA,4905
2830799,111,66,1219,1997,116631.0,0.0,1.4860389999999999,1.235674,ITA,DZA,4905
2830800,162,66,1219,1997,810.0,0.0,1.267794,1.727888,NLD,DZA,4905
2830801,41,68,1219,1997,11158.0,0.0,2.280163,0.597819,CHE,EGY,4905
2830802,61,68,1219,1997,3897.0,816.0,2.293936,-2.2301919999999997,DEU,EGY,4905
2830803,77,68,1219,1997,5459.0,0.0,1.69504,0.8278549999999999,FRA,EGY,4905
2830804,81,68,1219,1997,182670.0,169266.0,1.886353,0.783832,GBR,EGY,4905
2830805,110,68,1219,1997,35935.0,1424.0,1.3230030000000002,0.965016,ISR,EGY,4905
2830806,162,68,1219,1997,2835.0,0.0,1.267794,1.727888,NLD,EGY,4905
2830807,231,68,1219,1997,0.0,8350.0,1.823511,0.888084,USA,EGY,4905
2830808,249,68,1219,1997,1809.0,0.0,1.317672,1.800561,TWN,EGY,4905
2830809,28,72,1219,1997,17551.0,0.0,0.563179,0.339149,BLR,EST,4905
2830810,41,72,1219,1997,1533.0,0.0,2.280163,0.597819,CHE,EST,4905
2830811,61,72,1219,1997,9067.0,0.0,2.293936,-2.2301919999999997,DEU,EST,4905
2830812,64,72,1219,1997,37743.0,0.0,1.358279,1.420107,DNK,EST,4905
2830813,74,72,1219,1997,101823.0,9980.0,1.9298959999999998,1.083861,FIN,EST,4905
2830814,81,72,1219,1997,1385.0,0.0,1.886353,0.783832,GBR,EST,4905
2830815,102,72,1219,1997,1573.0,0.0,0.746743,1.577102,HUN,EST,4905
2830816,111,72,1219,1997,2492.0,0.0,1.4860389999999999,1.235674,ITA,EST,4905
2830817,130,72,1219,1997,22841.0,9062.0,0.377245,0.8823270000000001,LTU,EST,4905
2830818,132,72,1219,1997,22621.0,11083.0,0.398848,0.215206,LVA,EST,4905
2830819,186,72,1219,1997,6154.0,25352.0,0.87377,0.423861,RUS,EST,4905
2830820,208,72,1219,1997,1505.0,1160.0,2.120182,0.993078,SWE,EST,4905
2830821,216,72,1219,1997,736.0,0.0,0.084875,1.41931,THA,EST,4905
2830822,231,72,1219,1997,4024.0,0.0,1.823511,0.888084,USA,EST,4905
2830823,81,87,1219,1997,1038.0,0.0,1.886353,0.783832,GBR,GMB,4905
2830824,15,102,1219,1997,191822.0,13084.0,1.8926189999999998,0.624346,AUT,HUN,4905
2830825,18,102,1219,1997,1870.0,0.0,1.4274069999999999,1.490435,BEL,HUN,4905
2830826,39,102,1219,1997,0.0,2613.0,1.109494,1.178772,CAN,HUN,4905
2830827,41,102,1219,1997,17987.0,1813.0,2.280163,0.597819,CHE,HUN,4905
2830828,43,102,1219,1997,51632.0,0.0,0.36051300000000003,3.287322,CHN,HUN,4905
2830829,59,102,1219,1997,0.0,7708.0,1.40651,1.354695,CZE,HUN,4905
2830830,61,102,1219,1997,269204.0,115996.0,2.293936,-2.2301919999999997,DEU,HUN,4905
2830831,64,102,1219,1997,73329.0,0.0,1.358279,1.420107,DNK,HUN,4905
2830832,71,102,1219,1997,10445.0,5234.0,1.082049,2.0238650000000002,ESP,HUN,4905
2830833,72,102,1219,1997,0.0,1573.0,0.460823,0.9126700000000001,EST,HUN,4905
2830834,74,102,1219,1997,0.0,1095.0,1.9298959999999998,1.083861,FIN,HUN,4905
2830835,77,102,1219,1997,18810.0,24446.0,1.69504,0.8278549999999999,FRA,HUN,4905
2830836,81,102,1219,1997,8398.0,38817.0,1.886353,0.783832,GBR,HUN,4905
2830837,90,102,1219,1997,0.0,3920.0,0.229516,1.085225,GRC,HUN,4905
2830838,110,102,1219,1997,0.0,782.0,1.3230030000000002,0.965016,ISR,HUN,4905
2830839,111,102,1219,1997,118657.0,3341.0,1.4860389999999999,1.235674,ITA,HUN,4905
2830840,114,102,1219,1997,0.0,5761.0,2.631846,0.553144,JPN,HUN,4905
2830841,132,102,1219,1997,0.0,1751.0,0.398848,0.215206,LVA,HUN,4905
2830842,162,102,1219,1997,988.0,4768.0,1.267794,1.727888,NLD,HUN,4905
2830843,177,102,1219,1997,0.0,87946.0,0.805559,1.9598520000000001,POL,HUN,4905
2830844,185,102,1219,1997,0.0,76723.0,0.44381000000000004,1.084109,ROU,HUN,4905
2830845,186,102,1219,1997,0.0,29984.0,0.87377,0.423861,RUS,HUN,4905
2830846,189,102,1219,1997,0.0,1796.0,0.659904,1.702849,SCG,HUN,4905
2830847,206,102,1219,1997,56061.0,14125.0,1.200699,1.318346,SVK,HUN,4905
2830848,208,102,1219,1997,0.0,37831.0,2.120182,0.993078,SWE,HUN,4905
2830849,228,102,1219,1997,0.0,5758.0,0.8502559999999999,0.956254,UKR,HUN,4905
2830850,231,102,1219,1997,4961.0,7758.0,1.823511,0.888084,USA,HUN,4905
2830851,7,104,1219,1997,1551.0,1541.0,-0.042154000000000004,-0.667389,ARE,IND,4905
2830852,14,104,1219,1997,16393.0,0.0,0.428555,0.798283,AUS,IND,4905
2830853,15,104,1219,1997,0.0,1209.0,1.8926189999999998,0.624346,AUT,IND,4905
2830854,18,104,1219,1997,5137.0,0.0,1.4274069999999999,1.490435,BEL,IND,4905
2830855,32,104,1219,1997,0.0,3910.0,0.718336,1.203066,BRA,IND,4905
2830856,41,104,1219,1997,428.0,0.0,2.280163,0.597819,CHE,IND,4905
2830857,46,104,1219,1997,0.0,3811.0,-1.274443,-1.073668,COD,IND,4905
2830858,61,104,1219,1997,153258.0,3542.0,2.293936,-2.2301919999999997,DEU,IND,4905
2830859,64,104,1219,1997,41816.0,0.0,1.358279,1.420107,DNK,IND,4905
2830860,77,104,1219,1997,0.0,15785.0,1.69504,0.8278549999999999,FRA,IND,4905
2830861,81,104,1219,1997,365407.0,0.0,1.886353,0.783832,GBR,IND,4905
2830862,97,104,1219,1997,30602.0,0.0,0.521942,2.578405,HKG,IND,4905
2830863,103,104,1219,1997,0.0,1330.0,-0.44080699999999995,1.220104,IDN,IND,4905
2830864,106,104,1219,1997,0.0,1493.0,1.471048,0.8769370000000001,IRL,IND,4905
2830865,110,104,1219,1997,0.0,3574.0,1.3230030000000002,0.965016,ISR,IND,4905
2830866,111,104,1219,1997,17566.0,0.0,1.4860389999999999,1.235674,ITA,IND,4905
2830867,114,104,1219,1997,11319.0,0.0,2.631846,0.553144,JPN,IND,4905
2830868,116,104,1219,1997,0.0,2017.0,-0.399028,0.196115,KEN,IND,4905
2830869,128,104,1219,1997,0.0,4037.0,-0.925745,-0.308559,LKA,IND,4905
2830870,137,104,1219,1997,0.0,689.0,-1.155491,-1.0362200000000001,MDV,IND,4905
2830871,151,104,1219,1997,0.0,2624.0,-0.49241,-0.695729,MUS,IND,4905
2830872,163,104,1219,1997,1174.0,0.0,1.003945,0.188826,NOR,IND,4905
2830873,186,104,1219,1997,0.0,30076.0,0.87377,0.423861,RUS,IND,4905
2830874,192,104,1219,1997,2576.0,2035.0,1.01557,0.360154,SGP,IND,4905
2830875,212,104,1219,1997,0.0,8922.0,-1.046433,-0.9678620000000001,SYR,IND,4905
2830876,231,104,1219,1997,18931.0,12559.0,1.823511,0.888084,USA,IND,4905
2830877,246,104,1219,1997,0.0,3055.0,0.501792,1.1192440000000001,ZAF,IND,4905
2830878,248,104,1219,1997,0.0,1986.0,-0.36357399999999995,-0.449161,ZWE,IND,4905
2830879,250,104,1219,1997,0.0,1134.0,1.036748,0.851626,ANS,IND,4905
2830880,41,107,1219,1997,431.0,0.0,2.280163,0.597819,CHE,IRN,4905
2830881,43,107,1219,1997,4004.0,0.0,0.36051300000000003,3.287322,CHN,IRN,4905
2830882,61,107,1219,1997,43090.0,0.0,2.293936,-2.2301919999999997,DEU,IRN,4905
2830883,81,107,1219,1997,17691.0,0.0,1.886353,0.783832,GBR,IRN,4905
2830884,106,107,1219,1997,674.0,0.0,1.471048,0.8769370000000001,IRL,IRN,4905
2830885,111,107,1219,1997,1175.0,0.0,1.4860389999999999,1.235674,ITA,IRN,4905
2830886,192,107,1219,1997,1550.0,0.0,1.01557,0.360154,SGP,IRN,4905
2830887,43,113,1219,1997,6358.0,0.0,0.36051300000000003,3.287322,CHN,JOR,4905
2830888,110,113,1219,1997,0.0,8243.0,1.3230030000000002,0.965016,ISR,JOR,4905
2830889,111,113,1219,1997,1702.0,0.0,1.4860389999999999,1.235674,ITA,JOR,4905
2830890,249,113,1219,1997,7831.0,0.0,1.317672,1.800561,TWN,JOR,4905
2830891,14,114,1219,1997,153604.0,22526.0,0.428555,0.798283,AUS,JPN,4905
2830892,15,114,1219,1997,8422.0,0.0,1.8926189999999998,0.624346,AUT,JPN,4905
2830893,18,114,1219,1997,151423.0,1418.0,1.4274069999999999,1.490435,BEL,JPN,4905
2830894,31,114,1219,1997,0.0,2474.0,-0.697563,-0.8841479999999999,BOL,JPN,4905
2830895,32,114,1219,1997,0.0,6988.0,0.718336,1.203066,BRA,JPN,4905
2830896,39,114,1219,1997,22607.0,16294.0,1.109494,1.178772,CAN,JPN,4905
2830897,41,114,1219,1997,32525.0,11535.0,2.280163,0.597819,CHE,JPN,4905
2830898,43,114,1219,1997,50166.0,64818.0,0.36051300000000003,3.287322,CHN,JPN,4905
2830899,59,114,1219,1997,0.0,685.0,1.40651,1.354695,CZE,JPN,4905
2830900,61,114,1219,1997,44854.0,5925.0,2.293936,-2.2301919999999997,DEU,JPN,4905
2830901,64,114,1219,1997,125057.0,0.0,1.358279,1.420107,DNK,JPN,4905
2830902,71,114,1219,1997,3795.0,28922.0,1.082049,2.0238650000000002,ESP,JPN,4905
2830903,73,114,1219,1997,0.0,141253.0,-1.239473,-1.159345,ETH,JPN,4905
2830904,75,114,1219,1997,0.0,8104.0,-0.9404020000000001,-0.8833989999999999,FJI,JPN,4905
2830905,77,114,1219,1997,35763.0,11726.0,1.69504,0.8278549999999999,FRA,JPN,4905
2830906,81,114,1219,1997,2139866.0,5920.0,1.886353,0.783832,GBR,JPN,4905
2830907,90,114,1219,1997,1125.0,5323.0,0.229516,1.085225,GRC,JPN,4905
2830908,93,114,1219,1997,0.0,1168.0,-0.310042,0.2096,GTM,JPN,4905
2830909,97,114,1219,1997,30407.0,17416.0,0.521942,2.578405,HKG,JPN,4905
2830910,102,114,1219,1997,5761.0,0.0,0.746743,1.577102,HUN,JPN,4905
2830911,103,114,1219,1997,5421.0,8456.0,-0.44080699999999995,1.220104,IDN,JPN,4905
2830912,104,114,1219,1997,0.0,11319.0,0.262571,2.31305,IND,JPN,4905
2830913,111,114,1219,1997,63641.0,1577.0,1.4860389999999999,1.235674,ITA,JPN,4905
2830914,121,114,1219,1997,88349.0,173925.0,1.0478290000000001,1.2874370000000002,KOR,JPN,4905
2830915,125,114,1219,1997,0.0,1794.0,-0.468764,-1.087005,LBR,JPN,4905
2830916,138,114,1219,1997,2575.0,2253.0,0.603221,0.898488,MEX,JPN,4905
2830917,153,114,1219,1997,13679.0,101173.0,0.37340999999999996,0.36853600000000003,MYS,JPN,4905
2830918,156,114,1219,1997,0.0,3141.0,-0.9234049999999999,-0.8851110000000001,NCL,JPN,4905
2830919,162,114,1219,1997,183692.0,2583.0,1.267794,1.727888,NLD,JPN,4905
2830920,163,114,1219,1997,47137.0,1275.0,1.003945,0.188826,NOR,JPN,4905
2830921,166,114,1219,1997,22109.0,1943.0,0.557545,0.731294,NZL,JPN,4905
2830922,169,114,1219,1997,0.0,9287.0,-0.028676999999999998,0.00023999999999999998,PAN,JPN,4905
2830923,174,114,1219,1997,8144.0,4804.0,-0.24310900000000002,0.085784,PHL,JPN,4905
2830924,186,114,1219,1997,9493.0,0.0,0.87377,0.423861,RUS,JPN,4905
2830925,192,114,1219,1997,16760.0,131005.0,1.01557,0.360154,SGP,JPN,4905
2830926,208,114,1219,1997,15803.0,0.0,2.120182,0.993078,SWE,JPN,4905
2830927,216,114,1219,1997,12269.0,4888.0,0.084875,1.41931,THA,JPN,4905
2830928,231,114,1219,1997,680788.0,311869.0,1.823511,0.888084,USA,JPN,4905
2830929,246,114,1219,1997,0.0,2096.0,0.501792,1.1192440000000001,ZAF,JPN,4905
2830930,249,114,1219,1997,589323.0,11491.0,1.317672,1.800561,TWN,JPN,4905
2830931,250,114,1219,1997,5049.0,2193.0,1.036748,0.851626,ANS,JPN,4905
2830932,15,132,1219,1997,915.0,0.0,1.8926189999999998,0.624346,AUT,LVA,4905
2830933,41,132,1219,1997,3893.0,1281.0,2.280163,0.597819,CHE,LVA,4905
2830934,61,132,1219,1997,10967.0,0.0,2.293936,-2.2301919999999997,DEU,LVA,4905
2830935,64,132,1219,1997,5217.0,0.0,1.358279,1.420107,DNK,LVA,4905
2830936,72,132,1219,1997,11083.0,22621.0,0.460823,0.9126700000000001,EST,LVA,4905
2830937,81,132,1219,1997,15060.0,1551.0,1.886353,0.783832,GBR,LVA,4905
2830938,102,132,1219,1997,1751.0,0.0,0.746743,1.577102,HUN,LVA,4905
2830939,111,132,1219,1997,3938.0,0.0,1.4860389999999999,1.235674,ITA,LVA,4905
2830940,130,132,1219,1997,0.0,52181.0,0.377245,0.8823270000000001,LTU,LVA,4905
2830941,186,132,1219,1997,10094.0,89041.0,0.87377,0.423861,RUS,LVA,4905
2830942,228,132,1219,1997,0.0,2359.0,0.8502559999999999,0.956254,UKR,LVA,4905
2830943,23,140,1219,1997,85108.0,0.0,0.487041,1.287344,BGR,MKD,4905
2830944,41,140,1219,1997,3924.0,0.0,2.280163,0.597819,CHE,MKD,4905
2830945,61,140,1219,1997,6508.0,0.0,2.293936,-2.2301919999999997,DEU,MKD,4905
2830946,103,140,1219,1997,122.0,0.0,-0.44080699999999995,1.220104,IDN,MKD,4905
2830947,111,140,1219,1997,7546.0,0.0,1.4860389999999999,1.235674,ITA,MKD,4905
2830948,189,140,1219,1997,132564.0,0.0,0.659904,1.702849,SCG,MKD,4905
2830949,81,159,1219,1997,3460.0,4716.0,1.886353,0.783832,GBR,NGA,4905
2830950,192,159,1219,1997,17926.0,0.0,1.01557,0.360154,SGP,NGA,4905
2830951,231,159,1219,1997,6143.0,0.0,1.823511,0.888084,USA,NGA,4905
2830952,249,159,1219,1997,14751.0,0.0,1.317672,1.800561,TWN,NGA,4905
2830953,7,167,1219,1997,1079.0,0.0,-0.042154000000000004,-0.667389,ARE,OMN,4905
2830954,61,167,1219,1997,4613.0,3940.0,2.293936,-2.2301919999999997,DEU,OMN,4905
2830955,77,167,1219,1997,937.0,0.0,1.69504,0.8278549999999999,FRA,OMN,4905
2830956,81,167,1219,1997,17553.0,0.0,1.886353,0.783832,GBR,OMN,4905
2830957,231,167,1219,1997,5865.0,0.0,1.823511,0.888084,USA,OMN,4905
2830958,14,177,1219,1997,35706.0,0.0,0.428555,0.798283,AUS,POL,4905
2830959,15,177,1219,1997,74588.0,3730.0,1.8926189999999998,0.624346,AUT,POL,4905
2830960,18,177,1219,1997,108641.0,0.0,1.4274069999999999,1.490435,BEL,POL,4905
2830961,41,177,1219,1997,69853.0,1420.0,2.280163,0.597819,CHE,POL,4905
2830962,43,177,1219,1997,109926.0,0.0,0.36051300000000003,3.287322,CHN,POL,4905
2830963,59,177,1219,1997,19022.0,0.0,1.40651,1.354695,CZE,POL,4905
2830964,61,177,1219,1997,1119427.0,59840.0,2.293936,-2.2301919999999997,DEU,POL,4905
2830965,64,177,1219,1997,99260.0,70821.0,1.358279,1.420107,DNK,POL,4905
2830966,71,177,1219,1997,122989.0,0.0,1.082049,2.0238650000000002,ESP,POL,4905
2830967,77,177,1219,1997,41558.0,1545.0,1.69504,0.8278549999999999,FRA,POL,4905
2830968,81,177,1219,1997,25317.0,0.0,1.886353,0.783832,GBR,POL,4905
2830969,90,177,1219,1997,1957.0,0.0,0.229516,1.085225,GRC,POL,4905
2830970,102,177,1219,1997,87946.0,0.0,0.746743,1.577102,HUN,POL,4905
2830971,111,177,1219,1997,507680.0,0.0,1.4860389999999999,1.235674,ITA,POL,4905
2830972,163,177,1219,1997,922.0,0.0,1.003945,0.188826,NOR,POL,4905
2830973,179,177,1219,1997,9471.0,0.0,0.379367,1.296551,PRT,POL,4905
2830974,186,177,1219,1997,9918.0,2485.0,0.87377,0.423861,RUS,POL,4905
2830975,206,177,1219,1997,83395.0,3298.0,1.200699,1.318346,SVK,POL,4905
2830976,207,177,1219,1997,153307.0,0.0,1.435765,1.348897,SVN,POL,4905
2830977,228,177,1219,1997,0.0,11498.0,0.8502559999999999,0.956254,UKR,POL,4905
2830978,231,177,1219,1997,28035.0,4039.0,1.823511,0.888084,USA,POL,4905
2830979,250,177,1219,1997,359084.0,43523.0,1.036748,0.851626,ANS,POL,4905
2830980,7,186,1219,1997,5114.0,0.0,-0.042154000000000004,-0.667389,ARE,RUS,4905
2830981,14,186,1219,1997,0.0,2482.0,0.428555,0.798283,AUS,RUS,4905
2830982,15,186,1219,1997,176107.0,0.0,1.8926189999999998,0.624346,AUT,RUS,4905
2830983,16,186,1219,1997,0.0,15768.0,0.290957,-0.18282,AZE,RUS,4905
2830984,18,186,1219,1997,38790.0,0.0,1.4274069999999999,1.490435,BEL,RUS,4905
2830985,39,186,1219,1997,26665.0,0.0,1.109494,1.178772,CAN,RUS,4905
2830986,43,186,1219,1997,12345.0,0.0,0.36051300000000003,3.287322,CHN,RUS,4905
2830987,59,186,1219,1997,25393.0,0.0,1.40651,1.354695,CZE,RUS,4905
2830988,61,186,1219,1997,746251.0,39119.0,2.293936,-2.2301919999999997,DEU,RUS,4905
2830989,64,186,1219,1997,80607.0,0.0,1.358279,1.420107,DNK,RUS,4905
2830990,71,186,1219,1997,78516.0,0.0,1.082049,2.0238650000000002,ESP,RUS,4905
2830991,72,186,1219,1997,25352.0,6154.0,0.460823,0.9126700000000001,EST,RUS,4905
2830992,74,186,1219,1997,91486.0,19716.0,1.9298959999999998,1.083861,FIN,RUS,4905
2830993,77,186,1219,1997,140657.0,0.0,1.69504,0.8278549999999999,FRA,RUS,4905
2830994,81,186,1219,1997,142598.0,137382.0,1.886353,0.783832,GBR,RUS,4905
2830995,82,186,1219,1997,200609.0,0.0,0.304927,-0.082,GEO,RUS,4905
2830996,90,186,1219,1997,0.0,34521.0,0.229516,1.085225,GRC,RUS,4905
2830997,102,186,1219,1997,29984.0,0.0,0.746743,1.577102,HUN,RUS,4905
2830998,104,186,1219,1997,30076.0,0.0,0.262571,2.31305,IND,RUS,4905
2830999,110,186,1219,1997,0.0,40066.0,1.3230030000000002,0.965016,ISR,RUS,4905
2831000,111,186,1219,1997,230101.0,14011.0,1.4860389999999999,1.235674,ITA,RUS,4905
2831001,114,186,1219,1997,0.0,9493.0,2.631846,0.553144,JPN,RUS,4905
2831002,121,186,1219,1997,1445.0,0.0,1.0478290000000001,1.2874370000000002,KOR,RUS,4905
2831003,132,186,1219,1997,89041.0,10094.0,0.398848,0.215206,LVA,RUS,4905
2831004,135,186,1219,1997,0.0,23827.0,0.148579,-0.334685,MDA,RUS,4905
2831005,162,186,1219,1997,12924.0,5435.0,1.267794,1.727888,NLD,RUS,4905
2831006,177,186,1219,1997,2485.0,9918.0,0.805559,1.9598520000000001,POL,RUS,4905
2831007,192,186,1219,1997,81151.0,0.0,1.01557,0.360154,SGP,RUS,4905
2831008,207,186,1219,1997,10846.0,0.0,1.435765,1.348897,SVN,RUS,4905
2831009,208,186,1219,1997,976.0,409.0,2.120182,0.993078,SWE,RUS,4905
2831010,224,186,1219,1997,0.0,17172.0,0.167734,1.5827870000000002,TUR,RUS,4905
2831011,228,186,1219,1997,11870.0,11390.0,0.8502559999999999,0.956254,UKR,RUS,4905
2831012,231,186,1219,1997,64713.0,14727.0,1.823511,0.888084,USA,RUS,4905
2831013,249,186,1219,1997,10193.0,0.0,1.317672,1.800561,TWN,RUS,4905
2831014,14,192,1219,1997,246613.0,864305.0,0.428555,0.798283,AUS,SGP,4905
2831015,15,192,1219,1997,1871.0,1413.0,1.8926189999999998,0.624346,AUT,SGP,4905
2831016,22,192,1219,1997,0.0,1851.0,-1.027777,-1.048214,BGD,SGP,4905
2831017,24,192,1219,1997,0.0,10310.0,-0.021125,-0.914009,BHR,SGP,4905
2831018,34,192,1219,1997,0.0,66619.0,-0.092276,-0.772393,BRN,SGP,4905
2831019,39,192,1219,1997,0.0,1952.0,1.109494,1.178772,CAN,SGP,4905
2831020,41,192,1219,1997,9492.0,0.0,2.280163,0.597819,CHE,SGP,4905
2831021,43,192,1219,1997,21014.0,39722.0,0.36051300000000003,3.287322,CHN,SGP,4905
2831022,61,192,1219,1997,144851.0,10609.0,2.293936,-2.2301919999999997,DEU,SGP,4905
2831023,64,192,1219,1997,995.0,0.0,1.358279,1.420107,DNK,SGP,4905
2831024,71,192,1219,1997,2306.0,0.0,1.082049,2.0238650000000002,ESP,SGP,4905
2831025,73,192,1219,1997,0.0,3573.0,-1.239473,-1.159345,ETH,SGP,4905
2831026,75,192,1219,1997,0.0,2912.0,-0.9404020000000001,-0.8833989999999999,FJI,SGP,4905
2831027,77,192,1219,1997,50826.0,9048.0,1.69504,0.8278549999999999,FRA,SGP,4905
2831028,81,192,1219,1997,3268367.0,327329.0,1.886353,0.783832,GBR,SGP,4905
2831029,90,192,1219,1997,2126.0,0.0,0.229516,1.085225,GRC,SGP,4905
2831030,97,192,1219,1997,84991.0,54105.0,0.521942,2.578405,HKG,SGP,4905
2831031,100,192,1219,1997,0.0,1464.0,0.607903,1.147751,HRV,SGP,4905
2831032,103,192,1219,1997,11676.0,19244.0,-0.44080699999999995,1.220104,IDN,SGP,4905
2831033,104,192,1219,1997,2035.0,2576.0,0.262571,2.31305,IND,SGP,4905
2831034,107,192,1219,1997,0.0,1550.0,-0.503841,-0.9984059999999999,IRN,SGP,4905
2831035,110,192,1219,1997,0.0,3691.0,1.3230030000000002,0.965016,ISR,SGP,4905
2831036,111,192,1219,1997,124237.0,48065.0,1.4860389999999999,1.235674,ITA,SGP,4905
2831037,114,192,1219,1997,131005.0,16760.0,2.631846,0.553144,JPN,SGP,4905
2831038,121,192,1219,1997,36719.0,1926.0,1.0478290000000001,1.2874370000000002,KOR,SGP,4905
2831039,122,192,1219,1997,1098.0,0.0,-0.660185,-1.1410129999999998,KWT,SGP,4905
2831040,128,192,1219,1997,71617.0,6135.0,-0.925745,-0.308559,LKA,SGP,4905
2831041,130,192,1219,1997,0.0,3677.0,0.377245,0.8823270000000001,LTU,SGP,4905
2831042,137,192,1219,1997,0.0,1479.0,-1.155491,-1.0362200000000001,MDV,SGP,4905
2831043,138,192,1219,1997,0.0,40125.0,0.603221,0.898488,MEX,SGP,4905
2831044,151,192,1219,1997,0.0,812.0,-0.49241,-0.695729,MUS,SGP,4905
2831045,153,192,1219,1997,68579.0,73458.0,0.37340999999999996,0.36853600000000003,MYS,SGP,4905
2831046,159,192,1219,1997,0.0,17926.0,-1.615102,-1.129541,NGA,SGP,4905
2831047,162,192,1219,1997,26268.0,8892.0,1.267794,1.727888,NLD,SGP,4905
2831048,163,192,1219,1997,15301.0,0.0,1.003945,0.188826,NOR,SGP,4905
2831049,166,192,1219,1997,21920.0,16789.0,0.557545,0.731294,NZL,SGP,4905
2831050,168,192,1219,1997,0.0,4762.0,-0.882432,-0.563344,PAK,SGP,4905
2831051,174,192,1219,1997,0.0,11426.0,-0.24310900000000002,0.085784,PHL,SGP,4905
2831052,176,192,1219,1997,0.0,3448.0,-2.2823439999999997,-1.264621,PNG,SGP,4905
2831053,186,192,1219,1997,0.0,81151.0,0.87377,0.423861,RUS,SGP,4905
2831054,208,192,1219,1997,3217.0,0.0,2.120182,0.993078,SWE,SGP,4905
2831055,216,192,1219,1997,0.0,19633.0,0.084875,1.41931,THA,SGP,4905
2831056,230,192,1219,1997,0.0,6501.0,0.226228,0.29183400000000004,URY,SGP,4905
2831057,231,192,1219,1997,355540.0,378717.0,1.823511,0.888084,USA,SGP,4905
2831058,239,192,1219,1997,0.0,2017.0,-0.93384,0.06253099999999999,VNM,SGP,4905
2831059,246,192,1219,1997,2024.0,55419.0,0.501792,1.1192440000000001,ZAF,SGP,4905
2831060,249,192,1219,1997,3612.0,9993.0,1.317672,1.800561,TWN,SGP,4905
2831061,250,192,1219,1997,0.0,1513.0,1.036748,0.851626,ANS,SGP,4905
2831062,15,206,1219,1997,121158.0,46196.0,1.8926189999999998,0.624346,AUT,SVK,4905
2831063,39,206,1219,1997,1320.0,0.0,1.109494,1.178772,CAN,SVK,4905
2831064,41,206,1219,1997,16567.0,5421.0,2.280163,0.597819,CHE,SVK,4905
2831065,59,206,1219,1997,364205.0,690884.0,1.40651,1.354695,CZE,SVK,4905
2831066,61,206,1219,1997,215835.0,833805.0,2.293936,-2.2301919999999997,DEU,SVK,4905
2831067,64,206,1219,1997,6353.0,0.0,1.358279,1.420107,DNK,SVK,4905
2831068,77,206,1219,1997,1231.0,0.0,1.69504,0.8278549999999999,FRA,SVK,4905
2831069,81,206,1219,1997,2768.0,0.0,1.886353,0.783832,GBR,SVK,4905
2831070,97,206,1219,1997,5857.0,0.0,0.521942,2.578405,HKG,SVK,4905
2831071,102,206,1219,1997,14125.0,56061.0,0.746743,1.577102,HUN,SVK,4905
2831072,111,206,1219,1997,10712.0,0.0,1.4860389999999999,1.235674,ITA,SVK,4905
2831073,162,206,1219,1997,0.0,2876.0,1.267794,1.727888,NLD,SVK,4905
2831074,177,206,1219,1997,3298.0,83395.0,0.805559,1.9598520000000001,POL,SVK,4905
2831075,228,206,1219,1997,0.0,27843.0,0.8502559999999999,0.956254,UKR,SVK,4905
2831076,231,206,1219,1997,0.0,1503.0,1.823511,0.888084,USA,SVK,4905
2831077,249,206,1219,1997,5508.0,0.0,1.317672,1.800561,TWN,SVK,4905
2831078,250,206,1219,1997,8120.0,0.0,1.036748,0.851626,ANS,SVK,4905
2831079,14,207,1219,1997,0.0,4258.0,0.428555,0.798283,AUS,SVN,4905
2831080,15,207,1219,1997,90906.0,909919.0,1.8926189999999998,0.624346,AUT,SVN,4905
2831081,18,207,1219,1997,0.0,6805.0,1.4274069999999999,1.490435,BEL,SVN,4905
2831082,41,207,1219,1997,33879.0,0.0,2.280163,0.597819,CHE,SVN,4905
2831083,61,207,1219,1997,34977.0,81689.0,2.293936,-2.2301919999999997,DEU,SVN,4905
2831084,77,207,1219,1997,1001.0,0.0,1.69504,0.8278549999999999,FRA,SVN,4905
2831085,81,207,1219,1997,0.0,15774.0,1.886353,0.783832,GBR,SVN,4905
2831086,100,207,1219,1997,41620.0,37012.0,0.607903,1.147751,HRV,SVN,4905
2831087,111,207,1219,1997,146096.0,12041.0,1.4860389999999999,1.235674,ITA,SVN,4905
2831088,162,207,1219,1997,22819.0,0.0,1.267794,1.727888,NLD,SVN,4905
2831089,177,207,1219,1997,0.0,153307.0,0.805559,1.9598520000000001,POL,SVN,4905
2831090,186,207,1219,1997,0.0,10846.0,0.87377,0.423861,RUS,SVN,4905
2831091,189,207,1219,1997,10893.0,0.0,0.659904,1.702849,SCG,SVN,4905
2831092,208,207,1219,1997,3444.0,0.0,2.120182,0.993078,SWE,SVN,4905
2831093,231,207,1219,1997,0.0,112064.0,1.823511,0.888084,USA,SVN,4905
2831094,250,207,1219,1997,20112.0,0.0,1.036748,0.851626,ANS,SVN,4905
2831095,7,226,1219,1997,6372.0,0.0,-0.042154000000000004,-0.667389,ARE,TZA,4905
2831096,64,226,1219,1997,901.0,0.0,1.358279,1.420107,DNK,TZA,4905
2831097,81,226,1219,1997,79222.0,0.0,1.886353,0.783832,GBR,TZA,4905
2831098,116,226,1219,1997,26065.0,0.0,-0.399028,0.196115,KEN,TZA,4905
2831099,162,226,1219,1997,6174.0,0.0,1.267794,1.727888,NLD,TZA,4905
2831100,208,226,1219,1997,12311.0,0.0,2.120182,0.993078,SWE,TZA,4905
2831101,246,226,1219,1997,2223.0,0.0,0.501792,1.1192440000000001,ZAF,TZA,4905
2831102,39,228,1219,1997,897.0,0.0,1.109494,1.178772,CAN,UKR,4905
2831103,41,228,1219,1997,3142.0,0.0,2.280163,0.597819,CHE,UKR,4905
2831104,43,228,1219,1997,37032.0,0.0,0.36051300000000003,3.287322,CHN,UKR,4905
2831105,59,228,1219,1997,11464.0,1023.0,1.40651,1.354695,CZE,UKR,4905
2831106,61,228,1219,1997,9442.0,0.0,2.293936,-2.2301919999999997,DEU,UKR,4905
2831107,64,228,1219,1997,42465.0,0.0,1.358279,1.420107,DNK,UKR,4905
2831108,81,228,1219,1997,1545.0,0.0,1.886353,0.783832,GBR,UKR,4905
2831109,102,228,1219,1997,5758.0,0.0,0.746743,1.577102,HUN,UKR,4905
2831110,111,228,1219,1997,42185.0,0.0,1.4860389999999999,1.235674,ITA,UKR,4905
2831111,117,228,1219,1997,0.0,24087.0,0.023634,-0.194868,KGZ,UKR,4905
2831112,132,228,1219,1997,2359.0,0.0,0.398848,0.215206,LVA,UKR,4905
2831113,135,228,1219,1997,0.0,4328.0,0.148579,-0.334685,MDA,UKR,4905
2831114,162,228,1219,1997,1356.0,0.0,1.267794,1.727888,NLD,UKR,4905
2831115,177,228,1219,1997,11498.0,0.0,0.805559,1.9598520000000001,POL,UKR,4905
2831116,186,228,1219,1997,11390.0,11870.0,0.87377,0.423861,RUS,UKR,4905
2831117,206,228,1219,1997,27843.0,0.0,1.200699,1.318346,SVK,UKR,4905
2831118,219,228,1219,1997,0.0,33232.0,-0.554162,-1.042607,TKM,UKR,4905
2831119,231,228,1219,1997,0.0,910.0,1.823511,0.888084,USA,UKR,4905
2831120,8,249,1219,1997,0.0,2547.0,0.273654,0.495389,ARG,TWN,4905
2831121,14,249,1219,1997,19953.0,53956.0,0.428555,0.798283,AUS,TWN,4905
2831122,18,249,1219,1997,29093.0,0.0,1.4274069999999999,1.490435,BEL,TWN,4905
2831123,32,249,1219,1997,0.0,29454.0,0.718336,1.203066,BRA,TWN,4905
2831124,39,249,1219,1997,0.0,9126.0,1.109494,1.178772,CAN,TWN,4905
2831125,43,249,1219,1997,0.0,25218.0,0.36051300000000003,3.287322,CHN,TWN,4905
2831126,44,249,1219,1997,0.0,1202.0,-0.685339,-0.62129,CIV,TWN,4905
2831127,49,249,1219,1997,0.0,903.0,0.190632,0.068001,COL,TWN,4905
2831128,61,249,1219,1997,11339.0,5121.0,2.293936,-2.2301919999999997,DEU,TWN,4905
2831129,64,249,1219,1997,7246.0,0.0,1.358279,1.420107,DNK,TWN,4905
2831130,68,249,1219,1997,0.0,1809.0,-0.314425,0.156345,EGY,TWN,4905
2831131,71,249,1219,1997,0.0,122435.0,1.082049,2.0238650000000002,ESP,TWN,4905
2831132,77,249,1219,1997,6273.0,5545.0,1.69504,0.8278549999999999,FRA,TWN,4905
2831133,81,249,1219,1997,122013.0,12800.0,1.886353,0.783832,GBR,TWN,4905
2831134,97,249,1219,1997,0.0,53475.0,0.521942,2.578405,HKG,TWN,4905
2831135,110,249,1219,1997,0.0,10318.0,1.3230030000000002,0.965016,ISR,TWN,4905
2831136,111,249,1219,1997,9262.0,0.0,1.4860389999999999,1.235674,ITA,TWN,4905
2831137,113,249,1219,1997,0.0,7831.0,0.49456300000000003,0.33966,JOR,TWN,4905
2831138,114,249,1219,1997,11491.0,589323.0,2.631846,0.553144,JPN,TWN,4905
2831139,121,249,1219,1997,1408.0,0.0,1.0478290000000001,1.2874370000000002,KOR,TWN,4905
2831140,122,249,1219,1997,0.0,1053.0,-0.660185,-1.1410129999999998,KWT,TWN,4905
2831141,138,249,1219,1997,0.0,12278.0,0.603221,0.898488,MEX,TWN,4905
2831142,153,249,1219,1997,8108.0,16121.0,0.37340999999999996,0.36853600000000003,MYS,TWN,4905
2831143,159,249,1219,1997,0.0,14751.0,-1.615102,-1.129541,NGA,TWN,4905
2831144,162,249,1219,1997,0.0,30992.0,1.267794,1.727888,NLD,TWN,4905
2831145,163,249,1219,1997,0.0,8724.0,1.003945,0.188826,NOR,TWN,4905
2831146,166,249,1219,1997,0.0,1104.0,0.557545,0.731294,NZL,TWN,4905
2831147,168,249,1219,1997,0.0,3017.0,-0.882432,-0.563344,PAK,TWN,4905
2831148,174,249,1219,1997,0.0,19800.0,-0.24310900000000002,0.085784,PHL,TWN,4905
2831149,180,249,1219,1997,0.0,4906.0,-0.44951,-0.818817,PRY,TWN,4905
2831150,186,249,1219,1997,0.0,10193.0,0.87377,0.423861,RUS,TWN,4905
2831151,188,249,1219,1997,0.0,4665.0,0.015040000000000001,-0.954475,SAU,TWN,4905
2831152,192,249,1219,1997,9993.0,3612.0,1.01557,0.360154,SGP,TWN,4905
2831153,206,249,1219,1997,0.0,5508.0,1.200699,1.318346,SVK,TWN,4905
2831154,208,249,1219,1997,0.0,20170.0,2.120182,0.993078,SWE,TWN,4905
2831155,216,249,1219,1997,0.0,28908.0,0.084875,1.41931,THA,TWN,4905
2831156,230,249,1219,1997,0.0,10185.0,0.226228,0.29183400000000004,URY,TWN,4905
2831157,231,249,1219,1997,136191.0,106326.0,1.823511,0.888084,USA,TWN,4905
2831158,236,249,1219,1997,29496.0,1616.0,0.21363200000000002,-0.668341,VEN,TWN,4905
2831159,246,249,1219,1997,0.0,29199.0,0.501792,1.1192440000000001,ZAF,TWN,4905
2831160,18,8,1219,1997,921.0,1842.0,1.4274069999999999,1.490435,BEL,ARG,4905
2831161,31,8,1219,1997,0.0,6263.0,-0.697563,-0.8841479999999999,BOL,ARG,4905
2831162,32,8,1219,1997,0.0,18625.0,0.718336,1.203066,BRA,ARG,4905
2831163,39,8,1219,1997,0.0,1654.0,1.109494,1.178772,CAN,ARG,4905
2831164,41,8,1219,1997,2755.0,0.0,2.280163,0.597819,CHE,ARG,4905
2831165,42,8,1219,1997,0.0,1597.0,0.002791,-0.030604000000000003,CHL,ARG,4905
2831166,43,8,1219,1997,297499.0,0.0,0.36051300000000003,3.287322,CHN,ARG,4905
2831167,52,8,1219,1997,0.0,17616.0,-0.25974200000000003,0.196955,CRI,ARG,4905
2831168,61,8,1219,1997,0.0,15709.0,2.293936,-2.2301919999999997,DEU,ARG,4905
2831169,71,8,1219,1997,2449597.0,0.0,1.082049,2.0238650000000002,ESP,ARG,4905
2831170,77,8,1219,1997,6668.0,0.0,1.69504,0.8278549999999999,FRA,ARG,4905
2831171,81,8,1219,1997,45847.0,0.0,1.886353,0.783832,GBR,ARG,4905
2831172,93,8,1219,1997,0.0,1689.0,-0.310042,0.2096,GTM,ARG,4905
2831173,99,8,1219,1997,0.0,189962.0,-0.832161,-0.5578270000000001,HND,ARG,4905
2831174,100,8,1219,1997,1492.0,0.0,0.607903,1.147751,HRV,ARG,4905
2831175,106,8,1219,1997,15975.0,0.0,1.471048,0.8769370000000001,IRL,ARG,4905
2831176,111,8,1219,1997,11762.0,0.0,1.4860389999999999,1.235674,ITA,ARG,4905
2831177,138,8,1219,1997,0.0,1823.0,0.603221,0.898488,MEX,ARG,4905
2831178,163,8,1219,1997,1783.0,0.0,1.003945,0.188826,NOR,ARG,4905
2831179,169,8,1219,1997,0.0,2919.0,-0.028676999999999998,0.00023999999999999998,PAN,ARG,4905
2831180,173,8,1219,1997,1655.0,0.0,-0.5023880000000001,-0.262563,PER,ARG,4905
2831181,180,8,1219,1997,0.0,142802.0,-0.44951,-0.818817,PRY,ARG,4905
2831182,230,8,1219,1997,0.0,15093.0,0.226228,0.29183400000000004,URY,ARG,4905
2831183,231,8,1219,1997,61887.0,19861.0,1.823511,0.888084,USA,ARG,4905
2831184,246,8,1219,1997,19066.0,0.0,0.501792,1.1192440000000001,ZAF,ARG,4905
2831185,249,8,1219,1997,2547.0,0.0,1.317672,1.800561,TWN,ARG,4905
2831186,250,8,1219,1997,12446.0,0.0,1.036748,0.851626,ANS,ARG,4905
2831187,21,44,1219,1997,0.0,3424.0,-0.204096,-0.731299,BFA,CIV,4905
2831188,61,44,1219,1997,1974.0,0.0,2.293936,-2.2301919999999997,DEU,CIV,4905
2831189,71,44,1219,1997,1148.0,0.0,1.082049,2.0238650000000002,ESP,CIV,4905
2831190,77,44,1219,1997,67886.0,0.0,1.69504,0.8278549999999999,FRA,CIV,4905
2831191,81,44,1219,1997,22528.0,0.0,1.886353,0.783832,GBR,CIV,4905
2831192,111,44,1219,1997,9143.0,0.0,1.4860389999999999,1.235674,ITA,CIV,4905
2831193,191,44,1219,1997,652.0,0.0,-0.606205,-0.727753,SEN,CIV,4905
2831194,249,44,1219,1997,1202.0,0.0,1.317672,1.800561,TWN,CIV,4905
2831195,18,45,1219,1997,2362.0,0.0,1.4274069999999999,1.490435,BEL,CMR,4905
2831196,61,45,1219,1997,8727.0,0.0,2.293936,-2.2301919999999997,DEU,CMR,4905
2831197,77,45,1219,1997,13533.0,0.0,1.69504,0.8278549999999999,FRA,CMR,4905
2831198,18,51,1219,1997,1535.0,0.0,1.4274069999999999,1.490435,BEL,CPV,4905
2831199,179,51,1219,1997,2940.0,0.0,0.379367,1.296551,PRT,CPV,4905
2831200,41,73,1219,1997,3676.0,0.0,2.280163,0.597819,CHE,ETH,4905
2831201,61,73,1219,1997,157767.0,0.0,2.293936,-2.2301919999999997,DEU,ETH,4905
2831202,81,73,1219,1997,48152.0,0.0,1.886353,0.783832,GBR,ETH,4905
2831203,114,73,1219,1997,141253.0,0.0,2.631846,0.553144,JPN,ETH,4905
2831204,121,73,1219,1997,88305.0,0.0,1.0478290000000001,1.2874370000000002,KOR,ETH,4905
2831205,162,73,1219,1997,179768.0,0.0,1.267794,1.727888,NLD,ETH,4905
2831206,192,73,1219,1997,3573.0,0.0,1.01557,0.360154,SGP,ETH,4905
2831207,231,73,1219,1997,131370.0,0.0,1.823511,0.888084,USA,ETH,4905
2831208,237,73,1219,1997,2559.0,0.0,0.5966060000000001,-0.381473,VGB,ETH,4905
2831209,246,73,1219,1997,799.0,0.0,0.501792,1.1192440000000001,ZAF,ETH,4905
2831210,39,80,1219,1997,1099.0,0.0,1.109494,1.178772,CAN,GAB,4905
2831211,77,80,1219,1997,21500.0,0.0,1.69504,0.8278549999999999,FRA,GAB,4905
2831212,81,80,1219,1997,893.0,0.0,1.886353,0.783832,GBR,GAB,4905
2831213,111,80,1219,1997,1733.0,0.0,1.4860389999999999,1.235674,ITA,GAB,4905
2831214,246,80,1219,1997,1201.0,0.0,0.501792,1.1192440000000001,ZAF,GAB,4905
2831215,77,83,1219,1997,1045.0,0.0,1.69504,0.8278549999999999,FRA,GHA,4905
2831216,81,83,1219,1997,9752.0,0.0,1.886353,0.783832,GBR,GHA,4905
2831217,162,83,1219,1997,679.0,0.0,1.267794,1.727888,NLD,GHA,4905
2831218,166,83,1219,1997,1836.0,0.0,0.557545,0.731294,NZL,GHA,4905
2831219,188,83,1219,1997,1542.0,0.0,0.015040000000000001,-0.954475,SAU,GHA,4905
2831220,231,83,1219,1997,2646.0,0.0,1.823511,0.888084,USA,GHA,4905
2831221,246,83,1219,1997,11110.0,0.0,0.501792,1.1192440000000001,ZAF,GHA,4905
2831222,61,116,1219,1997,3615.0,0.0,2.293936,-2.2301919999999997,DEU,KEN,4905
2831223,77,116,1219,1997,995.0,0.0,1.69504,0.8278549999999999,FRA,KEN,4905
2831224,81,116,1219,1997,12310.0,0.0,1.886353,0.783832,GBR,KEN,4905
2831225,97,116,1219,1997,20841.0,0.0,0.521942,2.578405,HKG,KEN,4905
2831226,104,116,1219,1997,2017.0,0.0,0.262571,2.31305,IND,KEN,4905
2831227,111,116,1219,1997,4602.0,0.0,1.4860389999999999,1.235674,ITA,KEN,4905
2831228,187,116,1219,1997,0.0,9050.0,-0.412674,-0.735488,RWA,KEN,4905
2831229,199,116,1219,1997,0.0,1527.0,-0.6645270000000001,-0.8022739999999999,SOM,KEN,4905
2831230,226,116,1219,1997,0.0,26065.0,-1.368133,-0.753692,TZA,KEN,4905
2831231,227,116,1219,1997,0.0,3040.0,-0.9304819999999999,-0.9731540000000001,UGA,KEN,4905
2831232,231,116,1219,1997,967.0,0.0,1.823511,0.888084,USA,KEN,4905
2831233,246,116,1219,1997,4613.0,0.0,0.501792,1.1192440000000001,ZAF,KEN,4905
2831234,61,134,1219,1997,8012.0,6794.0,2.293936,-2.2301919999999997,DEU,MAR,4905
2831235,71,134,1219,1997,4442.0,0.0,1.082049,2.0238650000000002,ESP,MAR,4905
2831236,74,134,1219,1997,118421.0,0.0,1.9298959999999998,1.083861,FIN,MAR,4905
2831237,77,134,1219,1997,70976.0,3221.0,1.69504,0.8278549999999999,FRA,MAR,4905
2831238,81,134,1219,1997,3018.0,0.0,1.886353,0.783832,GBR,MAR,4905
2831239,111,134,1219,1997,7477.0,0.0,1.4860389999999999,1.235674,ITA,MAR,4905
2831240,162,134,1219,1997,13709.0,0.0,1.267794,1.727888,NLD,MAR,4905
2831241,163,134,1219,1997,869.0,0.0,1.003945,0.188826,NOR,MAR,4905
2831242,179,134,1219,1997,140401.0,0.0,0.379367,1.296551,PRT,MAR,4905
2831243,231,134,1219,1997,0.0,1749.0,1.823511,0.888084,USA,MAR,4905
2831244,231,152,1219,1997,7499.0,0.0,1.823511,0.888084,USA,MWI,4905
2831245,8,173,1219,1997,0.0,1655.0,0.273654,0.495389,ARG,PER,4905
2831246,14,173,1219,1997,5747.0,0.0,0.428555,0.798283,AUS,PER,4905
2831247,43,173,1219,1997,46088.0,0.0,0.36051300000000003,3.287322,CHN,PER,4905
2831248,52,173,1219,1997,0.0,1166.0,-0.25974200000000003,0.196955,CRI,PER,4905
2831249,61,173,1219,1997,0.0,1677.0,2.293936,-2.2301919999999997,DEU,PER,4905
2831250,71,173,1219,1997,27995.0,1213.0,1.082049,2.0238650000000002,ESP,PER,4905
2831251,81,173,1219,1997,16056.0,0.0,1.886353,0.783832,GBR,PER,4905
2831252,111,173,1219,1997,6007.0,0.0,1.4860389999999999,1.235674,ITA,PER,4905
2831253,231,173,1219,1997,6808.0,3660.0,1.823511,0.888084,USA,PER,4905
2831254,7,247,1219,1997,325825.0,0.0,-0.042154000000000004,-0.667389,ARE,ZMB,4905
2831255,39,247,1219,1997,158401.0,0.0,1.109494,1.178772,CAN,ZMB,4905
2831256,61,247,1219,1997,0.0,1361.0,2.293936,-2.2301919999999997,DEU,ZMB,4905
2831257,246,247,1219,1997,24687.0,0.0,0.501792,1.1192440000000001,ZAF,ZMB,4905
2831258,23,82,1219,1997,1323.0,0.0,0.487041,1.287344,BGR,GEO,4905
2831259,111,82,1219,1997,12554.0,0.0,1.4860389999999999,1.235674,ITA,GEO,4905
2831260,186,82,1219,1997,0.0,200609.0,0.87377,0.423861,RUS,GEO,4905
2831261,8,100,1219,1997,0.0,1492.0,0.273654,0.495389,ARG,HRV,4905
2831262,15,100,1219,1997,155456.0,16699.0,1.8926189999999998,0.624346,AUT,HRV,4905
2831263,26,100,1219,1997,0.0,40202.0,0.459512,0.194939,BIH,HRV,4905
2831264,41,100,1219,1997,4458.0,0.0,2.280163,0.597819,CHE,HRV,4905
2831265,59,100,1219,1997,5425.0,0.0,1.40651,1.354695,CZE,HRV,4905
2831266,61,100,1219,1997,101504.0,1190.0,2.293936,-2.2301919999999997,DEU,HRV,4905
2831267,77,100,1219,1997,1017.0,0.0,1.69504,0.8278549999999999,FRA,HRV,4905
2831268,81,100,1219,1997,60033.0,0.0,1.886353,0.783832,GBR,HRV,4905
2831269,111,100,1219,1997,164818.0,2022.0,1.4860389999999999,1.235674,ITA,HRV,4905
2831270,162,100,1219,1997,5122.0,0.0,1.267794,1.727888,NLD,HRV,4905
2831271,192,100,1219,1997,1464.0,0.0,1.01557,0.360154,SGP,HRV,4905
2831272,207,100,1219,1997,37012.0,41620.0,1.435765,1.348897,SVN,HRV,4905
2831273,23,135,1219,1997,1208.0,0.0,0.487041,1.287344,BGR,MDA,4905
2831274,185,135,1219,1997,10878.0,0.0,0.44381000000000004,1.084109,ROU,MDA,4905
2831275,186,135,1219,1997,23827.0,0.0,0.87377,0.423861,RUS,MDA,4905
2831276,228,135,1219,1997,4328.0,0.0,0.8502559999999999,0.956254,UKR,MDA,4905
2831277,15,142,1219,1997,2812.0,0.0,1.8926189999999998,0.624346,AUT,MLT,4905
2831278,41,142,1219,1997,1158.0,0.0,2.280163,0.597819,CHE,MLT,4905
2831279,61,142,1219,1997,0.0,1285.0,2.293936,-2.2301919999999997,DEU,MLT,4905
2831280,77,142,1219,1997,2334.0,0.0,1.69504,0.8278549999999999,FRA,MLT,4905
2831281,81,142,1219,1997,27136.0,0.0,1.886353,0.783832,GBR,MLT,4905
2831282,90,142,1219,1997,141805.0,0.0,0.229516,1.085225,GRC,MLT,4905
2831283,111,142,1219,1997,127578.0,0.0,1.4860389999999999,1.235674,ITA,MLT,4905
2831284,163,142,1219,1997,9445.0,0.0,1.003945,0.188826,NOR,MLT,4905
2831285,250,142,1219,1997,4685.0,0.0,1.036748,0.851626,ANS,MLT,4905
2831286,15,185,1219,1997,10818.0,0.0,1.8926189999999998,0.624346,AUT,ROU,4905
2831287,18,185,1219,1997,890.0,0.0,1.4274069999999999,1.490435,BEL,ROU,4905
2831288,39,185,1219,1997,0.0,1626.0,1.109494,1.178772,CAN,ROU,4905
2831289,41,185,1219,1997,37308.0,0.0,2.280163,0.597819,CHE,ROU,4905
2831290,61,185,1219,1997,14670.0,0.0,2.293936,-2.2301919999999997,DEU,ROU,4905
2831291,77,185,1219,1997,2195.0,0.0,1.69504,0.8278549999999999,FRA,ROU,4905
2831292,81,185,1219,1997,27399.0,0.0,1.886353,0.783832,GBR,ROU,4905
2831293,102,185,1219,1997,76723.0,0.0,0.746743,1.577102,HUN,ROU,4905
2831294,106,185,1219,1997,4762.0,0.0,1.471048,0.8769370000000001,IRL,ROU,4905
2831295,111,185,1219,1997,8816.0,0.0,1.4860389999999999,1.235674,ITA,ROU,4905
2831296,135,185,1219,1997,0.0,10878.0,0.148579,-0.334685,MDA,ROU,4905
2831297,162,185,1219,1997,11441.0,0.0,1.267794,1.727888,NLD,ROU,4905
2831298,231,185,1219,1997,49126.0,0.0,1.823511,0.888084,USA,ROU,4905
2831299,15,189,1219,1997,2966.0,0.0,1.8926189999999998,0.624346,AUT,SCG,4905
2831300,26,189,1219,1997,0.0,1020.0,0.459512,0.194939,BIH,SCG,4905
2831301,43,189,1219,1997,2112.0,0.0,0.36051300000000003,3.287322,CHN,SCG,4905
2831302,90,189,1219,1997,683.0,0.0,0.229516,1.085225,GRC,SCG,4905
2831303,102,189,1219,1997,1796.0,0.0,0.746743,1.577102,HUN,SCG,4905
2831304,111,189,1219,1997,32531.0,0.0,1.4860389999999999,1.235674,ITA,SCG,4905
2831305,140,189,1219,1997,0.0,132564.0,0.26327399999999995,0.704879,MKD,SCG,4905
2831306,207,189,1219,1997,0.0,10893.0,1.435765,1.348897,SVN,SCG,4905
2831307,61,212,1219,1997,9549.0,0.0,2.293936,-2.2301919999999997,DEU,SYR,4905
2831308,104,212,1219,1997,8922.0,0.0,0.262571,2.31305,IND,SYR,4905
2831309,124,212,1219,1997,0.0,35844.0,0.334291,0.783104,LBN,SYR,4905
2831310,162,212,1219,1997,5136.0,0.0,1.267794,1.727888,NLD,SYR,4905
2831311,7,223,1219,1997,1154.0,0.0,-0.042154000000000004,-0.667389,ARE,TUN,4905
2831312,43,223,1219,1997,12639.0,0.0,0.36051300000000003,3.287322,CHN,TUN,4905
2831313,61,223,1219,1997,4468.0,1558.0,2.293936,-2.2301919999999997,DEU,TUN,4905
2831314,77,223,1219,1997,454824.0,16684.0,1.69504,0.8278549999999999,FRA,TUN,4905
2831315,81,223,1219,1997,1583.0,0.0,1.886353,0.783832,GBR,TUN,4905
2831316,111,223,1219,1997,91103.0,0.0,1.4860389999999999,1.235674,ITA,TUN,4905
2831317,231,223,1219,1997,4283.0,0.0,1.823511,0.888084,USA,TUN,4905
2831318,8,250,1219,1997,0.0,12446.0,0.273654,0.495389,ARG,ANS,4905
2831319,14,250,1219,1997,38697.0,28960.0,0.428555,0.798283,AUS,ANS,4905
2831320,18,250,1219,1997,8618.0,0.0,1.4274069999999999,1.490435,BEL,ANS,4905
2831321,23,250,1219,1997,1044.0,0.0,0.487041,1.287344,BGR,ANS,4905
2831322,31,250,1219,1997,0.0,1747.0,-0.697563,-0.8841479999999999,BOL,ANS,4905
2831323,39,250,1219,1997,0.0,6810.0,1.109494,1.178772,CAN,ANS,4905
2831324,41,250,1219,1997,0.0,4860.0,2.280163,0.597819,CHE,ANS,4905
2831325,43,250,1219,1997,3501.0,1051.0,0.36051300000000003,3.287322,CHN,ANS,4905
2831326,52,250,1219,1997,0.0,1699.0,-0.25974200000000003,0.196955,CRI,ANS,4905
2831327,59,250,1219,1997,0.0,13000.0,1.40651,1.354695,CZE,ANS,4905
2831328,61,250,1219,1997,66898.0,0.0,2.293936,-2.2301919999999997,DEU,ANS,4905
2831329,71,250,1219,1997,26561.0,1974.0,1.082049,2.0238650000000002,ESP,ANS,4905
2831330,74,250,1219,1997,1234.0,0.0,1.9298959999999998,1.083861,FIN,ANS,4905
2831331,77,250,1219,1997,0.0,37888.0,1.69504,0.8278549999999999,FRA,ANS,4905
2831332,81,250,1219,1997,3766.0,0.0,1.886353,0.783832,GBR,ANS,4905
2831333,90,250,1219,1997,19379.0,0.0,0.229516,1.085225,GRC,ANS,4905
2831334,103,250,1219,1997,0.0,1673.0,-0.44080699999999995,1.220104,IDN,ANS,4905
2831335,104,250,1219,1997,1134.0,0.0,0.262571,2.31305,IND,ANS,4905
2831336,106,250,1219,1997,6543.0,0.0,1.471048,0.8769370000000001,IRL,ANS,4905
2831337,111,250,1219,1997,0.0,2167.0,1.4860389999999999,1.235674,ITA,ANS,4905
2831338,114,250,1219,1997,2193.0,5049.0,2.631846,0.553144,JPN,ANS,4905
2831339,124,250,1219,1997,0.0,1280.0,0.334291,0.783104,LBN,ANS,4905
2831340,142,250,1219,1997,0.0,4685.0,0.936998,0.062266999999999996,MLT,ANS,4905
2831341,162,250,1219,1997,1025.0,0.0,1.267794,1.727888,NLD,ANS,4905
2831342,177,250,1219,1997,43523.0,359084.0,0.805559,1.9598520000000001,POL,ANS,4905
2831343,179,250,1219,1997,6581.0,0.0,0.379367,1.296551,PRT,ANS,4905
2831344,192,250,1219,1997,1513.0,0.0,1.01557,0.360154,SGP,ANS,4905
2831345,206,250,1219,1997,0.0,8120.0,1.200699,1.318346,SVK,ANS,4905
2831346,207,250,1219,1997,0.0,20112.0,1.435765,1.348897,SVN,ANS,4905
2831347,208,250,1219,1997,4435.0,0.0,2.120182,0.993078,SWE,ANS,4905
2831348,216,250,1219,1997,0.0,1610.0,0.084875,1.41931,THA,ANS,4905
2831349,227,250,1219,1997,0.0,5568.0,-0.9304819999999999,-0.9731540000000001,UGA,ANS,4905
2831350,236,250,1219,1997,0.0,2402.0,0.21363200000000002,-0.668341,VEN,ANS,4905
2831351,246,250,1219,1997,2119.0,713.0,0.501792,1.1192440000000001,ZAF,ANS,4905
2831352,71,54,1219,1997,0.0,2134.0,1.082049,2.0238650000000002,ESP,CUB,4905
2831353,111,54,1219,1997,5880.0,0.0,1.4860389999999999,1.235674,ITA,CUB,4905
2831354,138,54,1219,1997,3747.0,0.0,0.603221,0.898488,MEX,CUB,4905
2831355,81,168,1219,1997,50763.0,0.0,1.886353,0.783832,GBR,PAK,4905
2831356,111,168,1219,1997,119800.0,0.0,1.4860389999999999,1.235674,ITA,PAK,4905
2831357,192,168,1219,1997,4762.0,0.0,1.01557,0.360154,SGP,PAK,4905
2831358,249,168,1219,1997,3017.0,0.0,1.317672,1.800561,TWN,PAK,4905
2831359,41,239,1219,1997,1360.0,0.0,2.280163,0.597819,CHE,VNM,4905
2831360,61,239,1219,1997,2338.0,7548.0,2.293936,-2.2301919999999997,DEU,VNM,4905
2831361,77,239,1219,1997,4502.0,0.0,1.69504,0.8278549999999999,FRA,VNM,4905
2831362,81,239,1219,1997,4906.0,0.0,1.886353,0.783832,GBR,VNM,4905
2831363,192,239,1219,1997,2017.0,0.0,1.01557,0.360154,SGP,VNM,4905
2831364,231,239,1219,1997,0.0,3567.0,1.823511,0.888084,USA,VNM,4905
2831365,71,29,1219,1997,969.0,0.0,1.082049,2.0238650000000002,ESP,BLZ,4905
2831366,81,29,1219,1997,16057.0,0.0,1.886353,0.783832,GBR,BLZ,4905
2831367,231,29,1219,1997,13188.0,0.0,1.823511,0.888084,USA,BLZ,4905
2831368,8,31,1219,1997,6263.0,0.0,0.273654,0.495389,ARG,BOL,4905
2831369,49,31,1219,1997,6010.0,0.0,0.190632,0.068001,COL,BOL,4905
2831370,61,31,1219,1997,0.0,3366.0,2.293936,-2.2301919999999997,DEU,BOL,4905
2831371,71,31,1219,1997,1577.0,0.0,1.082049,2.0238650000000002,ESP,BOL,4905
2831372,114,31,1219,1997,2474.0,0.0,2.631846,0.553144,JPN,BOL,4905
2831373,138,31,1219,1997,887.0,0.0,0.603221,0.898488,MEX,BOL,4905
2831374,231,31,1219,1997,6703.0,3323.0,1.823511,0.888084,USA,BOL,4905
2831375,250,31,1219,1997,1747.0,0.0,1.036748,0.851626,ANS,BOL,4905
2831376,6,63,1219,1997,1000.0,0.0,0.406411,-0.46148100000000003,ANT,DMA,4905
2831377,43,63,1219,1997,1976.0,0.0,0.36051300000000003,3.287322,CHN,DMA,4905
2831378,77,63,1219,1997,669.0,0.0,1.69504,0.8278549999999999,FRA,DMA,4905
2831379,81,63,1219,1997,860.0,0.0,1.886353,0.783832,GBR,DMA,4905
2831380,231,63,1219,1997,1755.0,0.0,1.823511,0.888084,USA,DMA,4905
2831381,33,91,1219,1997,3101.0,0.0,0.896769,0.22225300000000003,BRB,GRD,4905
2831382,81,91,1219,1997,13288.0,0.0,1.886353,0.783832,GBR,GRD,4905
2831383,97,91,1219,1997,3129.0,0.0,0.521942,2.578405,HKG,GRD,4905
2831384,231,91,1219,1997,3885.0,0.0,1.823511,0.888084,USA,GRD,4905
2831385,231,101,1219,1997,8225.0,0.0,1.823511,0.888084,USA,HTI,4905
2831386,39,112,1219,1997,9680.0,0.0,1.109494,1.178772,CAN,JAM,4905
2831387,81,112,1219,1997,4737.0,1945.0,1.886353,0.783832,GBR,JAM,4905
2831388,162,112,1219,1997,0.0,2005.0,1.267794,1.727888,NLD,JAM,4905
2831389,222,112,1219,1997,0.0,873.0,0.28791,-0.38322399999999995,TTO,JAM,4905
2831390,231,112,1219,1997,19273.0,0.0,1.823511,0.888084,USA,JAM,4905
2831391,33,120,1219,1997,12424.0,0.0,0.896769,0.22225300000000003,BRB,KNA,4905
2831392,81,120,1219,1997,1918.0,0.0,1.886353,0.783832,GBR,KNA,4905
2831393,97,120,1219,1997,5553.0,0.0,0.521942,2.578405,HKG,KNA,4905
2831394,222,120,1219,1997,7657.0,0.0,0.28791,-0.38322399999999995,TTO,KNA,4905
2831395,231,120,1219,1997,2348.0,0.0,1.823511,0.888084,USA,KNA,4905
2831396,15,160,1219,1997,1827.0,0.0,1.8926189999999998,0.624346,AUT,NIC,4905
2831397,52,160,1219,1997,3566.0,0.0,-0.25974200000000003,0.196955,CRI,NIC,4905
2831398,93,160,1219,1997,1546.0,0.0,-0.310042,0.2096,GTM,NIC,4905
2831399,138,160,1219,1997,1993.0,0.0,0.603221,0.898488,MEX,NIC,4905
2831400,169,160,1219,1997,3352.0,0.0,-0.028676999999999998,0.00023999999999999998,PAN,NIC,4905
2831401,33,234,1219,1997,3359.0,0.0,0.896769,0.22225300000000003,BRB,VCT,4905
2831402,77,234,1219,1997,2501.0,0.0,1.69504,0.8278549999999999,FRA,VCT,4905
2831403,90,234,1219,1997,1506.0,0.0,0.229516,1.085225,GRC,VCT,4905
2831404,163,234,1219,1997,2151.0,0.0,1.003945,0.188826,NOR,VCT,4905
2831405,231,234,1219,1997,880.0,0.0,1.823511,0.888084,USA,VCT,4905
2831406,44,21,1219,1997,3424.0,0.0,-0.685339,-0.62129,CIV,BFA,4905
2831407,77,21,1219,1997,5501.0,0.0,1.69504,0.8278549999999999,FRA,BFA,4905
2831408,81,34,1219,1997,3449.0,0.0,1.886353,0.783832,GBR,BRN,4905
2831409,153,34,1219,1997,15881.0,0.0,0.37340999999999996,0.36853600000000003,MYS,BRN,4905
2831410,192,34,1219,1997,66619.0,0.0,1.01557,0.360154,SGP,BRN,4905
2831411,216,34,1219,1997,12383.0,0.0,0.084875,1.41931,THA,BRN,4905
2831412,231,34,1219,1997,7536.0,0.0,1.823511,0.888084,USA,BRN,4905
2831413,77,50,1219,1997,4757.0,0.0,1.69504,0.8278549999999999,FRA,COM,4905
2831414,18,85,1219,1997,8706.0,0.0,1.4274069999999999,1.490435,BEL,GIN,4905
2831415,77,85,1219,1997,3343.0,0.0,1.69504,0.8278549999999999,FRA,GIN,4905
2831416,231,85,1219,1997,0.0,3160.0,1.823511,0.888084,USA,GIN,4905
2831417,41,109,1219,1997,5356.0,0.0,2.280163,0.597819,CHE,ISL,4905
2831418,61,109,1219,1997,1055.0,4513.0,2.293936,-2.2301919999999997,DEU,ISL,4905
2831419,64,109,1219,1997,240858.0,0.0,1.358279,1.420107,DNK,ISL,4905
2831420,81,109,1219,1997,4250.0,0.0,1.886353,0.783832,GBR,ISL,4905
2831421,163,109,1219,1997,1505.0,0.0,1.003945,0.188826,NOR,ISL,4905
2831422,208,109,1219,1997,156512.0,2133.0,2.120182,0.993078,SWE,ISL,4905
2831423,231,109,1219,1997,2152.0,0.0,1.823511,0.888084,USA,ISL,4905
2831424,97,133,1219,1997,32090.0,0.0,0.521942,2.578405,HKG,MAC,4905
2831425,61,136,1219,1997,960.0,0.0,2.293936,-2.2301919999999997,DEU,MDG,4905
2831426,77,136,1219,1997,19449.0,0.0,1.69504,0.8278549999999999,FRA,MDG,4905
2831427,111,136,1219,1997,0.0,1466.0,1.4860389999999999,1.235674,ITA,MDG,4905
2831428,41,137,1219,1997,1052.0,0.0,2.280163,0.597819,CHE,MDV,4905
2831429,61,137,1219,1997,3946.0,0.0,2.293936,-2.2301919999999997,DEU,MDV,4905
2831430,81,137,1219,1997,2944.0,0.0,1.886353,0.783832,GBR,MDV,4905
2831431,104,137,1219,1997,689.0,0.0,0.262571,2.31305,IND,MDV,4905
2831432,128,137,1219,1997,2979.0,0.0,-0.925745,-0.308559,LKA,MDV,4905
2831433,192,137,1219,1997,1479.0,0.0,1.01557,0.360154,SGP,MDV,4905
2831434,77,141,1219,1997,32915.0,0.0,1.69504,0.8278549999999999,FRA,MLI,4905
2831435,111,141,1219,1997,3180.0,0.0,1.4860389999999999,1.235674,ITA,MLI,4905
2831436,246,141,1219,1997,4512.0,0.0,0.501792,1.1192440000000001,ZAF,MLI,4905
2831437,64,151,1219,1997,7255.0,0.0,1.358279,1.420107,DNK,MUS,4905
2831438,77,151,1219,1997,8710.0,0.0,1.69504,0.8278549999999999,FRA,MUS,4905
2831439,81,151,1219,1997,5837.0,0.0,1.886353,0.783832,GBR,MUS,4905
2831440,97,151,1219,1997,721.0,0.0,0.521942,2.578405,HKG,MUS,4905
2831441,104,151,1219,1997,2624.0,0.0,0.262571,2.31305,IND,MUS,4905
2831442,111,151,1219,1997,4211.0,0.0,1.4860389999999999,1.235674,ITA,MUS,4905
2831443,192,151,1219,1997,812.0,0.0,1.01557,0.360154,SGP,MUS,4905
2831444,231,151,1219,1997,4303.0,0.0,1.823511,0.888084,USA,MUS,4905
2831445,246,151,1219,1997,2541.0,0.0,0.501792,1.1192440000000001,ZAF,MUS,4905
2831446,77,157,1219,1997,13904.0,0.0,1.69504,0.8278549999999999,FRA,NER,4905
2831447,77,182,1219,1997,21235.0,0.0,1.69504,0.8278549999999999,FRA,PYF,4905
2831448,81,182,1219,1997,5105.0,0.0,1.886353,0.783832,GBR,PYF,4905
2831449,111,182,1219,1997,6476.0,0.0,1.4860389999999999,1.235674,ITA,PYF,4905
2831450,166,182,1219,1997,7761.0,0.0,0.557545,0.731294,NZL,PYF,4905
2831451,231,182,1219,1997,2624.0,0.0,1.823511,0.888084,USA,PYF,4905
2831452,18,187,1219,1997,2255.0,0.0,1.4274069999999999,1.490435,BEL,RWA,4905
2831453,61,187,1219,1997,1204.0,0.0,2.293936,-2.2301919999999997,DEU,RWA,4905
2831454,64,187,1219,1997,17041.0,0.0,1.358279,1.420107,DNK,RWA,4905
2831455,81,187,1219,1997,14420.0,0.0,1.886353,0.783832,GBR,RWA,4905
2831456,116,187,1219,1997,9050.0,0.0,-0.399028,0.196115,KEN,RWA,4905
2831457,227,187,1219,1997,1370.0,0.0,-0.9304819999999999,-0.9731540000000001,UGA,RWA,4905
2831458,39,211,1219,1997,4001.0,0.0,1.109494,1.178772,CAN,SYC,4905
2831459,81,211,1219,1997,23398.0,0.0,1.886353,0.783832,GBR,SYC,4905
2831460,111,211,1219,1997,8982.0,0.0,1.4860389999999999,1.235674,ITA,SYC,4905
2831461,246,211,1219,1997,6186.0,0.0,0.501792,1.1192440000000001,ZAF,SYC,4905
2831462,64,215,1219,1997,0.0,826.0,1.358279,1.420107,DNK,TGO,4905
2831463,77,215,1219,1997,16106.0,0.0,1.69504,0.8278549999999999,FRA,TGO,4905
2831464,14,227,1219,1997,1167.0,0.0,0.428555,0.798283,AUS,UGA,4905
2831465,64,227,1219,1997,857.0,0.0,1.358279,1.420107,DNK,UGA,4905
2831466,81,227,1219,1997,45952.0,0.0,1.886353,0.783832,GBR,UGA,4905
2831467,116,227,1219,1997,3040.0,0.0,-0.399028,0.196115,KEN,UGA,4905
2831468,187,227,1219,1997,0.0,1370.0,-0.412674,-0.735488,RWA,UGA,4905
2831469,188,227,1219,1997,4217.0,0.0,0.015040000000000001,-0.954475,SAU,UGA,4905
2831470,246,227,1219,1997,5697.0,0.0,0.501792,1.1192440000000001,ZAF,UGA,4905
2831471,250,227,1219,1997,5568.0,0.0,1.036748,0.851626,ANS,UGA,4905
2831472,81,2,1219,1997,27215.0,0.0,1.886353,0.783832,GBR,AGO,4905
2831473,179,2,1219,1997,14175.0,0.0,0.379367,1.296551,PRT,AGO,4905
2831474,63,6,1219,1997,0.0,1000.0,0.795112,0.438787,DMA,ANT,4905
2831475,77,6,1219,1997,7394.0,0.0,1.69504,0.8278549999999999,FRA,ANT,4905
2831476,162,6,1219,1997,683348.0,1281.0,1.267794,1.727888,NLD,ANT,4905
2831477,231,6,1219,1997,6276.0,0.0,1.823511,0.888084,USA,ANT,4905
2831478,41,7,1219,1997,22094.0,0.0,2.280163,0.597819,CHE,ARE,4905
2831479,43,7,1219,1997,37271.0,0.0,0.36051300000000003,3.287322,CHN,ARE,4905
2831480,61,7,1219,1997,1186.0,0.0,2.293936,-2.2301919999999997,DEU,ARE,4905
2831481,77,7,1219,1997,56337.0,0.0,1.69504,0.8278549999999999,FRA,ARE,4905
2831482,81,7,1219,1997,876970.0,0.0,1.886353,0.783832,GBR,ARE,4905
2831483,104,7,1219,1997,1541.0,1551.0,0.262571,2.31305,IND,ARE,4905
2831484,111,7,1219,1997,10904.0,0.0,1.4860389999999999,1.235674,ITA,ARE,4905
2831485,121,7,1219,1997,9617.0,0.0,1.0478290000000001,1.2874370000000002,KOR,ARE,4905
2831486,124,7,1219,1997,2135.0,0.0,0.334291,0.783104,LBN,ARE,4905
2831487,163,7,1219,1997,11153.0,0.0,1.003945,0.188826,NOR,ARE,4905
2831488,167,7,1219,1997,0.0,1079.0,-0.335834,-0.945859,OMN,ARE,4905
2831489,186,7,1219,1997,0.0,5114.0,0.87377,0.423861,RUS,ARE,4905
2831490,208,7,1219,1997,2775.0,0.0,2.120182,0.993078,SWE,ARE,4905
2831491,223,7,1219,1997,0.0,1154.0,-0.24073899999999998,-0.146818,TUN,ARE,4905
2831492,224,7,1219,1997,1083.0,0.0,0.167734,1.5827870000000002,TUR,ARE,4905
2831493,226,7,1219,1997,0.0,6372.0,-1.368133,-0.753692,TZA,ARE,4905
2831494,231,7,1219,1997,35637.0,0.0,1.823511,0.888084,USA,ARE,4905
2831495,246,7,1219,1997,7268.0,0.0,0.501792,1.1192440000000001,ZAF,ARE,4905
2831496,247,7,1219,1997,0.0,325825.0,-0.62183,-0.809639,ZMB,ARE,4905
2831497,33,13,1219,1997,1761.0,0.0,0.896769,0.22225300000000003,BRB,ATG,4905
2831498,77,19,1219,1997,173906.0,0.0,1.69504,0.8278549999999999,FRA,BEN,4905
2831499,81,24,1219,1997,21374.0,0.0,1.886353,0.783832,GBR,BHR,4905
2831500,192,24,1219,1997,10310.0,0.0,1.01557,0.360154,SGP,BHR,4905
2831501,61,26,1219,1997,2384.0,0.0,2.293936,-2.2301919999999997,DEU,BIH,4905
2831502,100,26,1219,1997,40202.0,0.0,0.607903,1.147751,HRV,BIH,4905
2831503,111,26,1219,1997,30816.0,0.0,1.4860389999999999,1.235674,ITA,BIH,4905
2831504,189,26,1219,1997,1020.0,0.0,0.659904,1.702849,SCG,BIH,4905
2831505,59,28,1219,1997,41649.0,0.0,1.40651,1.354695,CZE,BLR,4905
2831506,72,28,1219,1997,0.0,17551.0,0.460823,0.9126700000000001,EST,BLR,4905
2831507,111,28,1219,1997,1335.0,0.0,1.4860389999999999,1.235674,ITA,BLR,4905
2831508,130,28,1219,1997,0.0,598150.0,0.377245,0.8823270000000001,LTU,BLR,4905
2831509,18,46,1219,1997,12441.0,0.0,1.4274069999999999,1.490435,BEL,COD,4905
2831510,104,46,1219,1997,3811.0,0.0,0.262571,2.31305,IND,COD,4905
2831511,77,47,1219,1997,12257.0,0.0,1.69504,0.8278549999999999,FRA,COG,4905
2831512,81,47,1219,1997,7081.0,0.0,1.886353,0.783832,GBR,COG,4905
2831513,71,84,1219,1997,3211.0,0.0,1.082049,2.0238650000000002,ESP,GIB,4905
2831514,81,84,1219,1997,40611.0,0.0,1.886353,0.783832,GBR,GIB,4905
2831515,111,84,1219,1997,6451.0,0.0,1.4860389999999999,1.235674,ITA,GIB,4905
2831516,163,84,1219,1997,1810.0,0.0,1.003945,0.188826,NOR,GIB,4905
2831517,231,84,1219,1997,7692.0,0.0,1.823511,0.888084,USA,GIB,4905
2831518,111,89,1219,1997,1754.0,0.0,1.4860389999999999,1.235674,ITA,GNQ,4905
2831519,59,115,1219,1997,3613.0,0.0,1.40651,1.354695,CZE,KAZ,4905
2831520,61,115,1219,1997,3050.0,0.0,2.293936,-2.2301919999999997,DEU,KAZ,4905
2831521,231,115,1219,1997,8128.0,0.0,1.823511,0.888084,USA,KAZ,4905
2831522,81,122,1219,1997,195609.0,0.0,1.886353,0.783832,GBR,KWT,4905
2831523,111,122,1219,1997,2829.0,0.0,1.4860389999999999,1.235674,ITA,KWT,4905
2831524,192,122,1219,1997,0.0,1098.0,1.01557,0.360154,SGP,KWT,4905
2831525,249,122,1219,1997,1053.0,0.0,1.317672,1.800561,TWN,KWT,4905
2831526,90,125,1219,1997,6450.0,0.0,0.229516,1.085225,GRC,LBR,4905
2831527,114,125,1219,1997,1794.0,0.0,2.631846,0.553144,JPN,LBR,4905
2831528,163,125,1219,1997,28318.0,0.0,1.003945,0.188826,NOR,LBR,4905
2831529,18,126,1219,1997,3698.0,0.0,1.4274069999999999,1.490435,BEL,LBY,4905
2831530,77,126,1219,1997,10505.0,0.0,1.69504,0.8278549999999999,FRA,LBY,4905
2831531,111,126,1219,1997,240234.0,0.0,1.4860389999999999,1.235674,ITA,LBY,4905
2831532,61,127,1219,1997,6063.0,0.0,2.293936,-2.2301919999999997,DEU,LCA,4905
2831533,77,127,1219,1997,2939.0,0.0,1.69504,0.8278549999999999,FRA,LCA,4905
2831534,81,127,1219,1997,6111.0,0.0,1.886353,0.783832,GBR,LCA,4905
2831535,231,127,1219,1997,14868.0,1001.0,1.823511,0.888084,USA,LCA,4905
2831536,61,128,1219,1997,6378.0,0.0,2.293936,-2.2301919999999997,DEU,LKA,4905
2831537,81,128,1219,1997,152212.0,0.0,1.886353,0.783832,GBR,LKA,4905
2831538,103,128,1219,1997,101192.0,0.0,-0.44080699999999995,1.220104,IDN,LKA,4905
2831539,104,128,1219,1997,4037.0,0.0,0.262571,2.31305,IND,LKA,4905
2831540,137,128,1219,1997,0.0,2979.0,-1.155491,-1.0362200000000001,MDV,LKA,4905
2831541,192,128,1219,1997,6135.0,71617.0,1.01557,0.360154,SGP,LKA,4905
2831542,216,143,1219,1997,3089.0,0.0,0.084875,1.41931,THA,MMR,4905
2831543,246,147,1219,1997,13393.0,0.0,0.501792,1.1192440000000001,ZAF,MOZ,4905
2831544,77,148,1219,1997,17587.0,0.0,1.69504,0.8278549999999999,FRA,MRT,4905
2831545,61,164,1219,1997,9281.0,2429.0,2.293936,-2.2301919999999997,DEU,NPL,4905
2831546,81,164,1219,1997,0.0,1601.0,1.886353,0.783832,GBR,NPL,4905
2831547,8,180,1219,1997,142802.0,0.0,0.273654,0.495389,ARG,PRY,4905
2831548,32,180,1219,1997,9398.0,0.0,0.718336,1.203066,BRA,PRY,4905
2831549,42,180,1219,1997,0.0,1317.0,0.002791,-0.030604000000000003,CHL,PRY,4905
2831550,71,180,1219,1997,25061.0,0.0,1.082049,2.0238650000000002,ESP,PRY,4905
2831551,138,180,1219,1997,30243.0,0.0,0.603221,0.898488,MEX,PRY,4905
2831552,230,180,1219,1997,2298.0,0.0,0.226228,0.29183400000000004,URY,PRY,4905
2831553,231,180,1219,1997,21751.0,0.0,1.823511,0.888084,USA,PRY,4905
2831554,249,180,1219,1997,4906.0,0.0,1.317672,1.800561,TWN,PRY,4905
2831555,61,183,1219,1997,1826.0,0.0,2.293936,-2.2301919999999997,DEU,QAT,4905
2831556,81,183,1219,1997,1608.0,0.0,1.886353,0.783832,GBR,QAT,4905
2831557,15,188,1219,1997,1322.0,0.0,1.8926189999999998,0.624346,AUT,SAU,4905
2831558,64,188,1219,1997,10958.0,0.0,1.358279,1.420107,DNK,SAU,4905
2831559,81,188,1219,1997,128853.0,0.0,1.886353,0.783832,GBR,SAU,4905
2831560,83,188,1219,1997,0.0,1542.0,-1.012728,-0.939893,GHA,SAU,4905
2831561,111,188,1219,1997,147056.0,0.0,1.4860389999999999,1.235674,ITA,SAU,4905
2831562,227,188,1219,1997,0.0,4217.0,-0.9304819999999999,-0.9731540000000001,UGA,SAU,4905
2831563,231,188,1219,1997,6559.0,0.0,1.823511,0.888084,USA,SAU,4905
2831564,249,188,1219,1997,4665.0,0.0,1.317672,1.800561,TWN,SAU,4905
2831565,162,205,1219,1997,467725.0,0.0,1.267794,1.727888,NLD,SUR,4905
2831566,77,214,1219,1997,122512.0,0.0,1.69504,0.8278549999999999,FRA,TCD,4905
2831567,59,232,1219,1997,1208.0,0.0,1.40651,1.354695,CZE,UZB,4905
2831568,153,232,1219,1997,8269.0,0.0,0.37340999999999996,0.36853600000000003,MYS,UZB,4905
2831569,61,243,1219,1997,5304.0,0.0,2.293936,-2.2301919999999997,DEU,YEM,4905
2831570,81,243,1219,1997,4627.0,0.0,1.886353,0.783832,GBR,YEM,4905
2831571,111,243,1219,1997,1133.0,0.0,1.4860389999999999,1.235674,ITA,YEM,4905
2831572,77,248,1219,1997,9512.0,0.0,1.69504,0.8278549999999999,FRA,ZWE,4905
2831573,104,248,1219,1997,1986.0,0.0,0.262571,2.31305,IND,ZWE,4905
2831574,246,248,1219,1997,47506.0,0.0,0.501792,1.1192440000000001,ZAF,ZWE,4905
2831575,81,3,1219,1997,16533.0,0.0,1.886353,0.783832,GBR,AIA,4905
2831576,228,219,1219,1997,33232.0,0.0,0.8502559999999999,0.956254,UKR,TKM,4905
2831577,41,4,1219,1997,0.0,5865.0,2.280163,0.597819,CHE,ALB,4905
2831578,111,4,1219,1997,5498.0,0.0,1.4860389999999999,1.235674,ITA,ALB,4905
2831579,43,5,1219,1997,447.0,0.0,0.36051300000000003,3.287322,CHN,AND,4905
2831580,71,5,1219,1997,9308.0,0.0,1.082049,2.0238650000000002,ESP,AND,4905
2831581,77,5,1219,1997,16803.0,0.0,1.69504,0.8278549999999999,FRA,AND,4905
2831582,166,48,1219,1997,2325.0,0.0,0.557545,0.731294,NZL,COK,4905
2831583,231,57,1219,1997,87244.0,0.0,1.823511,0.888084,USA,CYM,4905
2831584,77,62,1219,1997,79830.0,0.0,1.69504,0.8278549999999999,FRA,DJI,4905
2831585,14,75,1219,1997,19440.0,0.0,0.428555,0.798283,AUS,FJI,4905
2831586,81,75,1219,1997,8946.0,0.0,1.886353,0.783832,GBR,FJI,4905
2831587,114,75,1219,1997,8104.0,0.0,2.631846,0.553144,JPN,FJI,4905
2831588,166,75,1219,1997,5274.0,0.0,0.557545,0.731294,NZL,FJI,4905
2831589,192,75,1219,1997,2912.0,0.0,1.01557,0.360154,SGP,FJI,4905
2831590,64,78,1219,1997,25927.0,0.0,1.358279,1.420107,DNK,FRO,4905
2831591,77,78,1219,1997,63.0,0.0,1.69504,0.8278549999999999,FRA,FRO,4905
2831592,228,117,1219,1997,24087.0,0.0,0.8502559999999999,0.956254,UKR,KGZ,4905
2831593,14,118,1219,1997,1323.0,0.0,0.428555,0.798283,AUS,KHM,4905
2831594,81,118,1219,1997,69670.0,0.0,1.886353,0.783832,GBR,KHM,4905
2831595,81,119,1219,1997,9984.0,0.0,1.886353,0.783832,GBR,KIR,4905
2831596,166,119,1219,1997,1345.0,0.0,0.557545,0.731294,NZL,KIR,4905
2831597,61,145,1219,1997,5858.0,0.0,2.293936,-2.2301919999999997,DEU,MNG,4905
2831598,14,156,1219,1997,5938.0,0.0,0.428555,0.798283,AUS,NCL,4905
2831599,77,156,1219,1997,45134.0,0.0,1.69504,0.8278549999999999,FRA,NCL,4905
2831600,114,156,1219,1997,3141.0,0.0,2.631846,0.553144,JPN,NCL,4905
2831601,14,176,1219,1997,36575.0,0.0,0.428555,0.798283,AUS,PNG,4905
2831602,192,176,1219,1997,3448.0,0.0,1.01557,0.360154,SGP,PNG,4905
2831603,15,178,1219,1997,13189.0,0.0,1.8926189999999998,0.624346,AUT,PRK,4905
2831604,81,178,1219,1997,35110.0,0.0,1.886353,0.783832,GBR,PRK,4905
2831605,14,195,1219,1997,7000.0,0.0,0.428555,0.798283,AUS,SLB,4905
2831606,14,240,1219,1997,5786.0,0.0,0.428555,0.798283,AUS,VUT,4905
2831607,166,242,1219,1997,1183.0,0.0,0.557545,0.731294,NZL,WSM,4905
2831608,81,0,1219,1997,2152.0,0.0,1.886353,0.783832,GBR,ABW,4905
2831609,162,0,1219,1997,4716.0,0.0,1.267794,1.727888,NLD,ABW,4905
2831610,77,38,1219,1997,4292.0,0.0,1.69504,0.8278549999999999,FRA,CAF,4905
2831611,64,92,1219,1997,23605.0,0.0,1.358279,1.420107,DNK,GRL,4905
2831612,81,199,1219,1997,1815.0,0.0,1.886353,0.783832,GBR,SOM,4905
2831613,116,199,1219,1997,1527.0,0.0,-0.399028,0.196115,KEN,SOM,4905
2831614,73,237,1219,1997,0.0,2559.0,-1.239473,-1.159345,ETH,VGB,4905
2831615,77,237,1219,1997,2573.0,0.0,1.69504,0.8278549999999999,FRA,VGB,4905
2831616,231,237,1219,1997,6641.0,0.0,1.823511,0.888084,USA,VGB,4905
2831617,81,194,1219,1997,43383.0,0.0,1.886353,0.783832,GBR,SHN,4905
2831618,14,15,1234,1997,12806.0,0.0,0.428555,0.798283,AUS,AUT,5102
2831619,18,15,1234,1997,20812.0,0.0,1.4274069999999999,1.490435,BEL,AUT,5102
2831620,41,15,1234,1997,27809.0,0.0,2.280163,0.597819,CHE,AUT,5102
2831621,43,15,1234,1997,230385.0,0.0,0.36051300000000003,3.287322,CHN,AUT,5102
2831622,61,15,1234,1997,327427.0,9306.0,2.293936,-2.2301919999999997,DEU,AUT,5102
2831623,81,15,1234,1997,1425.0,1078.0,1.886353,0.783832,GBR,AUT,5102
2831624,90,15,1234,1997,167486.0,0.0,0.229516,1.085225,GRC,AUT,5102
2831625,102,15,1234,1997,0.0,7017.0,0.746743,1.577102,HUN,AUT,5102
2831626,111,15,1234,1997,0.0,19547.0,1.4860389999999999,1.235674,ITA,AUT,5102
2831627,113,15,1234,1997,0.0,1703.0,0.49456300000000003,0.33966,JOR,AUT,5102
2831628,134,15,1234,1997,19433.0,0.0,-0.649616,-0.260554,MAR,AUT,5102
2831629,162,15,1234,1997,64666.0,0.0,1.267794,1.727888,NLD,AUT,5102
2831630,168,15,1234,1997,79453.0,0.0,-0.882432,-0.563344,PAK,AUT,5102
2831631,173,15,1234,1997,5744.0,0.0,-0.5023880000000001,-0.262563,PER,AUT,5102
2831632,206,15,1234,1997,0.0,18847.0,1.200699,1.318346,SVK,AUT,5102
2831633,224,15,1234,1997,70996.0,0.0,0.167734,1.5827870000000002,TUR,AUT,5102
2831634,231,15,1234,1997,0.0,1434.0,1.823511,0.888084,USA,AUT,5102
2831635,1,18,1234,1997,12008948.0,0.0,0.019025999999999998,-0.351461,AFG,BEL,5102
2831636,8,18,1234,1997,35048.0,0.0,0.273654,0.495389,ARG,BEL,5102
2831637,15,18,1234,1997,0.0,20812.0,1.8926189999999998,0.624346,AUT,BEL,5102
2831638,23,18,1234,1997,0.0,2661.0,0.487041,1.287344,BGR,BEL,5102
2831639,32,18,1234,1997,0.0,10774.0,0.718336,1.203066,BRA,BEL,5102
2831640,41,18,1234,1997,189552.0,618968.0,2.280163,0.597819,CHE,BEL,5102
2831641,43,18,1234,1997,1108114.0,3698893.0,0.36051300000000003,3.287322,CHN,BEL,5102
2831642,49,18,1234,1997,0.0,111857.0,0.190632,0.068001,COL,BEL,5102
2831643,59,18,1234,1997,15144.0,96985.0,1.40651,1.354695,CZE,BEL,5102
2831644,61,18,1234,1997,199767.0,1115099.0,2.293936,-2.2301919999999997,DEU,BEL,5102
2831645,64,18,1234,1997,1475.0,0.0,1.358279,1.420107,DNK,BEL,5102
2831646,71,18,1234,1997,17269.0,84738.0,1.082049,2.0238650000000002,ESP,BEL,5102
2831647,72,18,1234,1997,97592.0,0.0,0.460823,0.9126700000000001,EST,BEL,5102
2831648,77,18,1234,1997,329633.0,533955.0,1.69504,0.8278549999999999,FRA,BEL,5102
2831649,81,18,1234,1997,167031.0,9917899.0,1.886353,0.783832,GBR,BEL,5102
2831650,97,18,1234,1997,0.0,97538.0,0.521942,2.578405,HKG,BEL,5102
2831651,100,18,1234,1997,7009.0,0.0,0.607903,1.147751,HRV,BEL,5102
2831652,102,18,1234,1997,359728.0,3230.0,0.746743,1.577102,HUN,BEL,5102
2831653,106,18,1234,1997,1519.0,0.0,1.471048,0.8769370000000001,IRL,BEL,5102
2831654,107,18,1234,1997,4975255.0,0.0,-0.503841,-0.9984059999999999,IRN,BEL,5102
2831655,111,18,1234,1997,180736.0,4081766.0,1.4860389999999999,1.235674,ITA,BEL,5102
2831656,114,18,1234,1997,0.0,127485.0,2.631846,0.553144,JPN,BEL,5102
2831657,130,18,1234,1997,107095.0,0.0,0.377245,0.8823270000000001,LTU,BEL,5102
2831658,138,18,1234,1997,0.0,2060.0,0.603221,0.898488,MEX,BEL,5102
2831659,151,18,1234,1997,0.0,24925.0,-0.49241,-0.695729,MUS,BEL,5102
2831660,162,18,1234,1997,314411.0,960584.0,1.267794,1.727888,NLD,BEL,5102
2831661,168,18,1234,1997,605450.0,0.0,-0.882432,-0.563344,PAK,BEL,5102
2831662,173,18,1234,1997,1026.0,0.0,-0.5023880000000001,-0.262563,PER,BEL,5102
2831663,177,18,1234,1997,0.0,4942.0,0.805559,1.9598520000000001,POL,BEL,5102
2831664,179,18,1234,1997,0.0,36354.0,0.379367,1.296551,PRT,BEL,5102
2831665,185,18,1234,1997,0.0,11463.0,0.44381000000000004,1.084109,ROU,BEL,5102
2831666,186,18,1234,1997,135530.0,171524.0,0.87377,0.423861,RUS,BEL,5102
2831667,189,18,1234,1997,0.0,24896.0,0.659904,1.702849,SCG,BEL,5102
2831668,206,18,1234,1997,0.0,250672.0,1.200699,1.318346,SVK,BEL,5102
2831669,207,18,1234,1997,0.0,34916.0,1.435765,1.348897,SVN,BEL,5102
2831670,224,18,1234,1997,15242.0,77104.0,0.167734,1.5827870000000002,TUR,BEL,5102
2831671,228,18,1234,1997,0.0,2435.0,0.8502559999999999,0.956254,UKR,BEL,5102
2831672,231,18,1234,1997,484790.0,1458891.0,1.823511,0.888084,USA,BEL,5102
2831673,231,25,1234,1997,33946.0,0.0,1.823511,0.888084,USA,BHS,5102
2831674,1,43,1234,1997,360651.0,0.0,0.019025999999999998,-0.351461,AFG,CHN,5102
2831675,8,43,1234,1997,124623.0,0.0,0.273654,0.495389,ARG,CHN,5102
2831676,14,43,1234,1997,346369.0,14025.0,0.428555,0.798283,AUS,CHN,5102
2831677,15,43,1234,1997,0.0,230385.0,1.8926189999999998,0.624346,AUT,CHN,5102
2831678,18,43,1234,1997,3698893.0,1108114.0,1.4274069999999999,1.490435,BEL,CHN,5102
2831679,39,43,1234,1997,0.0,1602.0,1.109494,1.178772,CAN,CHN,5102
2831680,41,43,1234,1997,371335.0,3341481.0,2.280163,0.597819,CHE,CHN,5102
2831681,49,43,1234,1997,0.0,3420.0,0.190632,0.068001,COL,CHN,5102
2831682,59,43,1234,1997,0.0,49094.0,1.40651,1.354695,CZE,CHN,5102
2831683,61,43,1234,1997,0.0,14790867.0,2.293936,-2.2301919999999997,DEU,CHN,5102
2831684,71,43,1234,1997,0.0,4361775.0,1.082049,2.0238650000000002,ESP,CHN,5102
2831685,74,43,1234,1997,0.0,2693.0,1.9298959999999998,1.083861,FIN,CHN,5102
2831686,77,43,1234,1997,0.0,2054158.0,1.69504,0.8278549999999999,FRA,CHN,5102
2831687,81,43,1234,1997,949406.0,30927779.0,1.886353,0.783832,GBR,CHN,5102
2831688,97,43,1234,1997,532136.0,4649549.0,0.521942,2.578405,HKG,CHN,5102
2831689,103,43,1234,1997,0.0,216499.0,-0.44080699999999995,1.220104,IDN,CHN,5102
2831690,104,43,1234,1997,0.0,232444.0,0.262571,2.31305,IND,CHN,5102
2831691,107,43,1234,1997,130625.0,0.0,-0.503841,-0.9984059999999999,IRN,CHN,5102
2831692,111,43,1234,1997,63644.0,97360653.0,1.4860389999999999,1.235674,ITA,CHN,5102
2831693,114,43,1234,1997,28872.0,72819372.0,2.631846,0.553144,JPN,CHN,5102
2831694,115,43,1234,1997,652362.0,0.0,0.44044300000000003,-0.10249000000000001,KAZ,CHN,5102
2831695,117,43,1234,1997,80495.0,0.0,0.023634,-0.194868,KGZ,CHN,5102
2831696,120,43,1234,1997,0.0,5123.0,0.8765370000000001,-0.268836,KNA,CHN,5102
2831697,121,43,1234,1997,92285.0,21471763.0,1.0478290000000001,1.2874370000000002,KOR,CHN,5102
2831698,133,43,1234,1997,55534.0,178281.0,-0.238002,-0.361492,MAC,CHN,5102
2831699,145,43,1234,1997,8937263.0,834.0,-0.36035300000000003,-0.862088,MNG,CHN,5102
2831700,151,43,1234,1997,0.0,18342.0,-0.49241,-0.695729,MUS,CHN,5102
2831701,162,43,1234,1997,26897.0,2248122.0,1.267794,1.727888,NLD,CHN,5102
2831702,166,43,1234,1997,655523.0,109366.0,0.557545,0.731294,NZL,CHN,5102
2831703,173,43,1234,1997,0.0,3002.0,-0.5023880000000001,-0.262563,PER,CHN,5102
2831704,174,43,1234,1997,0.0,300480.0,-0.24310900000000002,0.085784,PHL,CHN,5102
2831705,178,43,1234,1997,1327.0,0.0,0.701604,0.649257,PRK,CHN,5102
2831706,186,43,1234,1997,65810.0,0.0,0.87377,0.423861,RUS,CHN,5102
2831707,207,43,1234,1997,0.0,12640.0,1.435765,1.348897,SVN,CHN,5102
2831708,224,43,1234,1997,469868.0,88793.0,0.167734,1.5827870000000002,TUR,CHN,5102
2831709,230,43,1234,1997,1737010.0,0.0,0.226228,0.29183400000000004,URY,CHN,5102
2831710,231,43,1234,1997,28422.0,11697114.0,1.823511,0.888084,USA,CHN,5102
2831711,246,43,1234,1997,500364.0,0.0,0.501792,1.1192440000000001,ZAF,CHN,5102
2831712,249,43,1234,1997,15906.0,850031.0,1.317672,1.800561,TWN,CHN,5102
2831713,250,43,1234,1997,1265255.0,0.0,1.036748,0.851626,ANS,CHN,5102
2831714,8,49,1234,1997,6774.0,0.0,0.273654,0.495389,ARG,COL,5102
2831715,14,49,1234,1997,0.0,2706.0,0.428555,0.798283,AUS,COL,5102
2831716,18,49,1234,1997,111857.0,0.0,1.4274069999999999,1.490435,BEL,COL,5102
2831717,43,49,1234,1997,3420.0,0.0,0.36051300000000003,3.287322,CHN,COL,5102
2831718,59,49,1234,1997,17478.0,0.0,1.40651,1.354695,CZE,COL,5102
2831719,77,49,1234,1997,16032.0,0.0,1.69504,0.8278549999999999,FRA,COL,5102
2831720,102,49,1234,1997,53925.0,0.0,0.746743,1.577102,HUN,COL,5102
2831721,179,49,1234,1997,58587.0,0.0,0.379367,1.296551,PRT,COL,5102
2831722,231,49,1234,1997,3937.0,0.0,1.823511,0.888084,USA,COL,5102
2831723,8,61,1234,1997,749112.0,62276.0,0.273654,0.495389,ARG,DEU,5102
2831724,15,61,1234,1997,9306.0,327427.0,1.8926189999999998,0.624346,AUT,DEU,5102
2831725,18,61,1234,1997,1115099.0,199767.0,1.4274069999999999,1.490435,BEL,DEU,5102
2831726,28,61,1234,1997,435999.0,0.0,0.563179,0.339149,BLR,DEU,5102
2831727,31,61,1234,1997,7569.0,5930.0,-0.697563,-0.8841479999999999,BOL,DEU,5102
2831728,32,61,1234,1997,32503.0,0.0,0.718336,1.203066,BRA,DEU,5102
2831729,41,61,1234,1997,721660.0,318018.0,2.280163,0.597819,CHE,DEU,5102
2831730,42,61,1234,1997,76130.0,0.0,0.002791,-0.030604000000000003,CHL,DEU,5102
2831731,43,61,1234,1997,14790867.0,0.0,0.36051300000000003,3.287322,CHN,DEU,5102
2831732,59,61,1234,1997,60095.0,1600429.0,1.40651,1.354695,CZE,DEU,5102
2831733,64,61,1234,1997,0.0,21821.0,1.358279,1.420107,DNK,DEU,5102
2831734,67,61,1234,1997,82823.0,0.0,-1.1931690000000001,-1.0139690000000001,ECU,DEU,5102
2831735,71,61,1234,1997,96945.0,44653.0,1.082049,2.0238650000000002,ESP,DEU,5102
2831736,77,61,1234,1997,267492.0,525658.0,1.69504,0.8278549999999999,FRA,DEU,5102
2831737,81,61,1234,1997,956039.0,699393.0,1.886353,0.783832,GBR,DEU,5102
2831738,90,61,1234,1997,60014.0,0.0,0.229516,1.085225,GRC,DEU,5102
2831739,93,61,1234,1997,20173.0,0.0,-0.310042,0.2096,GTM,DEU,5102
2831740,97,61,1234,1997,10053.0,0.0,0.521942,2.578405,HKG,DEU,5102
2831741,102,61,1234,1997,5980.0,0.0,0.746743,1.577102,HUN,DEU,5102
2831742,104,61,1234,1997,13395.0,0.0,0.262571,2.31305,IND,DEU,5102
2831743,106,61,1234,1997,4400513.0,1256.0,1.471048,0.8769370000000001,IRL,DEU,5102
2831744,107,61,1234,1997,101876.0,0.0,-0.503841,-0.9984059999999999,IRN,DEU,5102
2831745,111,61,1234,1997,1322051.0,15023305.0,1.4860389999999999,1.235674,ITA,DEU,5102
2831746,114,61,1234,1997,0.0,67002.0,2.631846,0.553144,JPN,DEU,5102
2831747,117,61,1234,1997,38922.0,0.0,0.023634,-0.194868,KGZ,DEU,5102
2831748,130,61,1234,1997,55818.0,600567.0,0.377245,0.8823270000000001,LTU,DEU,5102
2831749,132,61,1234,1997,119737.0,26543.0,0.398848,0.215206,LVA,DEU,5102
2831750,133,61,1234,1997,0.0,108455.0,-0.238002,-0.361492,MAC,DEU,5102
2831751,145,61,1234,1997,241564.0,0.0,-0.36035300000000003,-0.862088,MNG,DEU,5102
2831752,151,61,1234,1997,0.0,53206.0,-0.49241,-0.695729,MUS,DEU,5102
2831753,162,61,1234,1997,4266884.0,39589.0,1.267794,1.727888,NLD,DEU,5102
2831754,166,61,1234,1997,26234.0,0.0,0.557545,0.731294,NZL,DEU,5102
2831755,168,61,1234,1997,321107.0,0.0,-0.882432,-0.563344,PAK,DEU,5102
2831756,173,61,1234,1997,813934.0,0.0,-0.5023880000000001,-0.262563,PER,DEU,5102
2831757,177,61,1234,1997,0.0,53499.0,0.805559,1.9598520000000001,POL,DEU,5102
2831758,179,61,1234,1997,0.0,23249.0,0.379367,1.296551,PRT,DEU,5102
2831759,180,61,1234,1997,38642.0,0.0,-0.44951,-0.818817,PRY,DEU,5102
2831760,186,61,1234,1997,19875.0,0.0,0.87377,0.423861,RUS,DEU,5102
2831761,206,61,1234,1997,0.0,32893.0,1.200699,1.318346,SVK,DEU,5102
2831762,207,61,1234,1997,357267.0,77762.0,1.435765,1.348897,SVN,DEU,5102
2831763,208,61,1234,1997,0.0,86062.0,2.120182,0.993078,SWE,DEU,5102
2831764,224,61,1234,1997,189284.0,45911.0,0.167734,1.5827870000000002,TUR,DEU,5102
2831765,228,61,1234,1997,24489.0,0.0,0.8502559999999999,0.956254,UKR,DEU,5102
2831766,230,61,1234,1997,104553.0,0.0,0.226228,0.29183400000000004,URY,DEU,5102
2831767,231,61,1234,1997,183921.0,82587.0,1.823511,0.888084,USA,DEU,5102
2831768,246,61,1234,1997,432495.0,0.0,0.501792,1.1192440000000001,ZAF,DEU,5102
2831769,18,64,1234,1997,0.0,1475.0,1.4274069999999999,1.490435,BEL,DNK,5102
2831770,61,64,1234,1997,21821.0,0.0,2.293936,-2.2301919999999997,DEU,DNK,5102
2831771,71,64,1234,1997,5589.0,1805.0,1.082049,2.0238650000000002,ESP,DNK,5102
2831772,81,64,1234,1997,162133.0,0.0,1.886353,0.783832,GBR,DNK,5102
2831773,163,64,1234,1997,5675.0,0.0,1.003945,0.188826,NOR,DNK,5102
2831774,61,67,1234,1997,0.0,82823.0,2.293936,-2.2301919999999997,DEU,ECU,5102
2831775,77,67,1234,1997,0.0,4232.0,1.69504,0.8278549999999999,FRA,ECU,5102
2831776,173,67,1234,1997,16086.0,0.0,-0.5023880000000001,-0.262563,PER,ECU,5102
2831777,8,71,1234,1997,0.0,1460397.0,0.273654,0.495389,ARG,ESP,5102
2831778,18,71,1234,1997,84738.0,17269.0,1.4274069999999999,1.490435,BEL,ESP,5102
2831779,32,71,1234,1997,0.0,518504.0,0.718336,1.203066,BRA,ESP,5102
2831780,41,71,1234,1997,154324.0,12291.0,2.280163,0.597819,CHE,ESP,5102
2831781,43,71,1234,1997,4361775.0,0.0,0.36051300000000003,3.287322,CHN,ESP,5102
2831782,61,71,1234,1997,44653.0,96945.0,2.293936,-2.2301919999999997,DEU,ESP,5102
2831783,64,71,1234,1997,1805.0,5589.0,1.358279,1.420107,DNK,ESP,5102
2831784,77,71,1234,1997,179930.0,4616962.0,1.69504,0.8278549999999999,FRA,ESP,5102
2831785,81,71,1234,1997,9721.0,266228.0,1.886353,0.783832,GBR,ESP,5102
2831786,97,71,1234,1997,15413.0,0.0,0.521942,2.578405,HKG,ESP,5102
2831787,111,71,1234,1997,88755.0,2289407.0,1.4860389999999999,1.235674,ITA,ESP,5102
2831788,114,71,1234,1997,0.0,11670.0,2.631846,0.553144,JPN,ESP,5102
2831789,166,71,1234,1997,0.0,12311.0,0.557545,0.731294,NZL,ESP,5102
2831790,173,71,1234,1997,3134.0,0.0,-0.5023880000000001,-0.262563,PER,ESP,5102
2831791,179,71,1234,1997,57586.0,32838.0,0.379367,1.296551,PRT,ESP,5102
2831792,230,71,1234,1997,0.0,11872.0,0.226228,0.29183400000000004,URY,ESP,5102
2831793,231,71,1234,1997,56289.0,0.0,1.823511,0.888084,USA,ESP,5102
2831794,246,71,1234,1997,14039.0,0.0,0.501792,1.1192440000000001,ZAF,ESP,5102
2831795,43,74,1234,1997,2693.0,0.0,0.36051300000000003,3.287322,CHN,FIN,5102
2831796,72,74,1234,1997,2382.0,94683.0,0.460823,0.9126700000000001,EST,FIN,5102
2831797,81,74,1234,1997,23864.0,0.0,1.886353,0.783832,GBR,FIN,5102
2831798,162,74,1234,1997,3994.0,0.0,1.267794,1.727888,NLD,FIN,5102
2831799,168,74,1234,1997,2816.0,0.0,-0.882432,-0.563344,PAK,FIN,5102
2831800,8,77,1234,1997,53056.0,266737.0,0.273654,0.495389,ARG,FRA,5102
2831801,14,77,1234,1997,108263.0,0.0,0.428555,0.798283,AUS,FRA,5102
2831802,18,77,1234,1997,533955.0,329633.0,1.4274069999999999,1.490435,BEL,FRA,5102
2831803,39,77,1234,1997,0.0,2270.0,1.109494,1.178772,CAN,FRA,5102
2831804,41,77,1234,1997,107683.0,10940.0,2.280163,0.597819,CHE,FRA,5102
2831805,43,77,1234,1997,2054158.0,0.0,0.36051300000000003,3.287322,CHN,FRA,5102
2831806,49,77,1234,1997,0.0,16032.0,0.190632,0.068001,COL,FRA,5102
2831807,59,77,1234,1997,0.0,8417.0,1.40651,1.354695,CZE,FRA,5102
2831808,61,77,1234,1997,525658.0,267492.0,2.293936,-2.2301919999999997,DEU,FRA,5102
2831809,67,77,1234,1997,4232.0,0.0,-1.1931690000000001,-1.0139690000000001,ECU,FRA,5102
2831810,71,77,1234,1997,4616962.0,179930.0,1.082049,2.0238650000000002,ESP,FRA,5102
2831811,81,77,1234,1997,663741.0,1134800.0,1.886353,0.783832,GBR,FRA,5102
2831812,90,77,1234,1997,1557.0,0.0,0.229516,1.085225,GRC,FRA,5102
2831813,102,77,1234,1997,0.0,5723.0,0.746743,1.577102,HUN,FRA,5102
2831814,104,77,1234,1997,0.0,10775.0,0.262571,2.31305,IND,FRA,5102
2831815,107,77,1234,1997,106218.0,0.0,-0.503841,-0.9984059999999999,IRN,FRA,5102
2831816,111,77,1234,1997,493072.0,1436758.0,1.4860389999999999,1.235674,ITA,FRA,5102
2831817,114,77,1234,1997,0.0,1016390.0,2.631846,0.553144,JPN,FRA,5102
2831818,115,77,1234,1997,541292.0,0.0,0.44044300000000003,-0.10249000000000001,KAZ,FRA,5102
2831819,138,77,1234,1997,0.0,30346.0,0.603221,0.898488,MEX,FRA,5102
2831820,145,77,1234,1997,149353.0,0.0,-0.36035300000000003,-0.862088,MNG,FRA,5102
2831821,151,77,1234,1997,0.0,17145.0,-0.49241,-0.695729,MUS,FRA,5102
2831822,162,77,1234,1997,972209.0,39173.0,1.267794,1.727888,NLD,FRA,5102
2831823,166,77,1234,1997,7438.0,35936.0,0.557545,0.731294,NZL,FRA,5102
2831824,179,77,1234,1997,0.0,17882.0,0.379367,1.296551,PRT,FRA,5102
2831825,223,77,1234,1997,0.0,3130.0,-0.24073899999999998,-0.146818,TUN,FRA,5102
2831826,224,77,1234,1997,137665.0,0.0,0.167734,1.5827870000000002,TUR,FRA,5102
2831827,231,77,1234,1997,313777.0,40866.0,1.823511,0.888084,USA,FRA,5102
2831828,246,77,1234,1997,3834437.0,22441.0,0.501792,1.1192440000000001,ZAF,FRA,5102
2831829,249,77,1234,1997,0.0,116733.0,1.317672,1.800561,TWN,FRA,5102
2831830,1,81,1234,1997,2351130.0,0.0,0.019025999999999998,-0.351461,AFG,GBR,5102
2831831,7,81,1234,1997,0.0,10737.0,-0.042154000000000004,-0.667389,ARE,GBR,5102
2831832,8,81,1234,1997,147925.0,253447.0,0.273654,0.495389,ARG,GBR,5102
2831833,14,81,1234,1997,409614.0,106643.0,0.428555,0.798283,AUS,GBR,5102
2831834,15,81,1234,1997,1078.0,1425.0,1.8926189999999998,0.624346,AUT,GBR,5102
2831835,18,81,1234,1997,9917899.0,167031.0,1.4274069999999999,1.490435,BEL,GBR,5102
2831836,31,81,1234,1997,8217.0,0.0,-0.697563,-0.8841479999999999,BOL,GBR,5102
2831837,39,81,1234,1997,214914.0,25349.0,1.109494,1.178772,CAN,GBR,5102
2831838,41,81,1234,1997,212236.0,529255.0,2.280163,0.597819,CHE,GBR,5102
2831839,42,81,1234,1997,0.0,8863.0,0.002791,-0.030604000000000003,CHL,GBR,5102
2831840,43,81,1234,1997,30927779.0,949406.0,0.36051300000000003,3.287322,CHN,GBR,5102
2831841,59,81,1234,1997,0.0,9699.0,1.40651,1.354695,CZE,GBR,5102
2831842,61,81,1234,1997,699393.0,956039.0,2.293936,-2.2301919999999997,DEU,GBR,5102
2831843,64,81,1234,1997,0.0,162133.0,1.358279,1.420107,DNK,GBR,5102
2831844,71,81,1234,1997,266228.0,9721.0,1.082049,2.0238650000000002,ESP,GBR,5102
2831845,74,81,1234,1997,0.0,23864.0,1.9298959999999998,1.083861,FIN,GBR,5102
2831846,77,81,1234,1997,1134800.0,663741.0,1.69504,0.8278549999999999,FRA,GBR,5102
2831847,83,81,1234,1997,0.0,10763.0,-1.012728,-0.939893,GHA,GBR,5102
2831848,90,81,1234,1997,0.0,14208.0,0.229516,1.085225,GRC,GBR,5102
2831849,97,81,1234,1997,7300182.0,131055.0,0.521942,2.578405,HKG,GBR,5102
2831850,102,81,1234,1997,0.0,133793.0,0.746743,1.577102,HUN,GBR,5102
2831851,104,81,1234,1997,74042.0,286037.0,0.262571,2.31305,IND,GBR,5102
2831852,106,81,1234,1997,38352.0,205039.0,1.471048,0.8769370000000001,IRL,GBR,5102
2831853,107,81,1234,1997,1909638.0,124244.0,-0.503841,-0.9984059999999999,IRN,GBR,5102
2831854,109,81,1234,1997,0.0,8719.0,0.217533,-0.405395,ISL,GBR,5102
2831855,111,81,1234,1997,882810.0,19944871.0,1.4860389999999999,1.235674,ITA,GBR,5102
2831856,114,81,1234,1997,4537.0,836869.0,2.631846,0.553144,JPN,GBR,5102
2831857,121,81,1234,1997,236820.0,428809.0,1.0478290000000001,1.2874370000000002,KOR,GBR,5102
2831858,122,81,1234,1997,0.0,3448.0,-0.660185,-1.1410129999999998,KWT,GBR,5102
2831859,132,81,1234,1997,0.0,3175.0,0.398848,0.215206,LVA,GBR,5102
2831860,133,81,1234,1997,689636.0,0.0,-0.238002,-0.361492,MAC,GBR,5102
2831861,134,81,1234,1997,0.0,80680.0,-0.649616,-0.260554,MAR,GBR,5102
2831862,138,81,1234,1997,0.0,23205.0,0.603221,0.898488,MEX,GBR,5102
2831863,145,81,1234,1997,11093500.0,0.0,-0.36035300000000003,-0.862088,MNG,GBR,5102
2831864,148,81,1234,1997,0.0,5048.0,-1.7012040000000002,-1.2302799999999998,MRT,GBR,5102
2831865,151,81,1234,1997,73132.0,186461.0,-0.49241,-0.695729,MUS,GBR,5102
2831866,159,81,1234,1997,0.0,72897.0,-1.615102,-1.129541,NGA,GBR,5102
2831867,162,81,1234,1997,343050.0,19055.0,1.267794,1.727888,NLD,GBR,5102
2831868,163,81,1234,1997,63967.0,20758.0,1.003945,0.188826,NOR,GBR,5102
2831869,166,81,1234,1997,425102.0,52591.0,0.557545,0.731294,NZL,GBR,5102
2831870,168,81,1234,1997,203867.0,0.0,-0.882432,-0.563344,PAK,GBR,5102
2831871,173,81,1234,1997,1993978.0,0.0,-0.5023880000000001,-0.262563,PER,GBR,5102
2831872,177,81,1234,1997,0.0,64222.0,0.805559,1.9598520000000001,POL,GBR,5102
2831873,178,81,1234,1997,0.0,37182.0,0.701604,0.649257,PRK,GBR,5102
2831874,179,81,1234,1997,0.0,61121.0,0.379367,1.296551,PRT,GBR,5102
2831875,186,81,1234,1997,238501.0,0.0,0.87377,0.423861,RUS,GBR,5102
2831876,188,81,1234,1997,6944.0,30009.0,0.015040000000000001,-0.954475,SAU,GBR,5102
2831877,189,81,1234,1997,0.0,6575.0,0.659904,1.702849,SCG,GBR,5102
2831878,192,81,1234,1997,355862.0,86914.0,1.01557,0.360154,SGP,GBR,5102
2831879,208,81,1234,1997,27773.0,0.0,2.120182,0.993078,SWE,GBR,5102
2831880,216,81,1234,1997,0.0,55970.0,0.084875,1.41931,THA,GBR,5102
2831881,224,81,1234,1997,695053.0,0.0,0.167734,1.5827870000000002,TUR,GBR,5102
2831882,230,81,1234,1997,0.0,29364.0,0.226228,0.29183400000000004,URY,GBR,5102
2831883,231,81,1234,1997,4066892.0,9535351.0,1.823511,0.888084,USA,GBR,5102
2831884,246,81,1234,1997,3238491.0,33860.0,0.501792,1.1192440000000001,ZAF,GBR,5102
2831885,249,81,1234,1997,0.0,183606.0,1.317672,1.800561,TWN,GBR,5102
2831886,4,90,1234,1997,1260.0,0.0,-0.32351599999999997,-0.170449,ALB,GRC,5102
2831887,15,90,1234,1997,0.0,167486.0,1.8926189999999998,0.624346,AUT,GRC,5102
2831888,59,90,1234,1997,0.0,7233.0,1.40651,1.354695,CZE,GRC,5102
2831889,61,90,1234,1997,0.0,60014.0,2.293936,-2.2301919999999997,DEU,GRC,5102
2831890,77,90,1234,1997,0.0,1557.0,1.69504,0.8278549999999999,FRA,GRC,5102
2831891,81,90,1234,1997,14208.0,0.0,1.886353,0.783832,GBR,GRC,5102
2831892,111,90,1234,1997,12247.0,98255.0,1.4860389999999999,1.235674,ITA,GRC,5102
2831893,114,90,1234,1997,0.0,205299.0,2.631846,0.553144,JPN,GRC,5102
2831894,162,90,1234,1997,0.0,66487.0,1.267794,1.727888,NLD,GRC,5102
2831895,206,90,1234,1997,0.0,15818.0,1.200699,1.318346,SVK,GRC,5102
2831896,61,93,1234,1997,0.0,20173.0,2.293936,-2.2301919999999997,DEU,GTM,5102
2831897,99,93,1234,1997,3135.0,0.0,-0.832161,-0.5578270000000001,HND,GTM,5102
2831898,18,97,1234,1997,97538.0,0.0,1.4274069999999999,1.490435,BEL,HKG,5102
2831899,43,97,1234,1997,4649549.0,532136.0,0.36051300000000003,3.287322,CHN,HKG,5102
2831900,61,97,1234,1997,0.0,10053.0,2.293936,-2.2301919999999997,DEU,HKG,5102
2831901,71,97,1234,1997,0.0,15413.0,1.082049,2.0238650000000002,ESP,HKG,5102
2831902,81,97,1234,1997,131055.0,7300182.0,1.886353,0.783832,GBR,HKG,5102
2831903,104,97,1234,1997,10842.0,54934.0,0.262571,2.31305,IND,HKG,5102
2831904,111,97,1234,1997,16859.0,357852.0,1.4860389999999999,1.235674,ITA,HKG,5102
2831905,114,97,1234,1997,0.0,3550.0,2.631846,0.553144,JPN,HKG,5102
2831906,121,97,1234,1997,98085.0,924495.0,1.0478290000000001,1.2874370000000002,KOR,HKG,5102
2831907,133,97,1234,1997,0.0,611867.0,-0.238002,-0.361492,MAC,HKG,5102
2831908,151,97,1234,1997,0.0,611642.0,-0.49241,-0.695729,MUS,HKG,5102
2831909,162,97,1234,1997,307352.0,0.0,1.267794,1.727888,NLD,HKG,5102
2831910,174,97,1234,1997,0.0,28830.0,-0.24310900000000002,0.085784,PHL,HKG,5102
2831911,231,97,1234,1997,28315.0,216081.0,1.823511,0.888084,USA,HKG,5102
2831912,246,97,1234,1997,97432.0,0.0,0.501792,1.1192440000000001,ZAF,HKG,5102
2831913,249,97,1234,1997,133041.0,655243.0,1.317672,1.800561,TWN,HKG,5102
2831914,93,99,1234,1997,0.0,3135.0,-0.310042,0.2096,GTM,HND,5102
2831915,14,103,1234,1997,2187.0,4952.0,0.428555,0.798283,AUS,IDN,5102
2831916,43,103,1234,1997,216499.0,0.0,0.36051300000000003,3.287322,CHN,IDN,5102
2831917,104,103,1234,1997,2945.0,0.0,0.262571,2.31305,IND,IDN,5102
2831918,111,103,1234,1997,0.0,132689.0,1.4860389999999999,1.235674,ITA,IDN,5102
2831919,162,103,1234,1997,11681.0,0.0,1.267794,1.727888,NLD,IDN,5102
2831920,231,103,1234,1997,33429.0,0.0,1.823511,0.888084,USA,IDN,5102
2831921,18,106,1234,1997,0.0,1519.0,1.4274069999999999,1.490435,BEL,IRL,5102
2831922,22,106,1234,1997,3366.0,0.0,-1.027777,-1.048214,BGD,IRL,5102
2831923,61,106,1234,1997,1256.0,4400513.0,2.293936,-2.2301919999999997,DEU,IRL,5102
2831924,81,106,1234,1997,205039.0,38352.0,1.886353,0.783832,GBR,IRL,5102
2831925,114,106,1234,1997,1314.0,0.0,2.631846,0.553144,JPN,IRL,5102
2831926,162,106,1234,1997,2751417.0,0.0,1.267794,1.727888,NLD,IRL,5102
2831927,163,106,1234,1997,7896.0,0.0,1.003945,0.188826,NOR,IRL,5102
2831928,173,106,1234,1997,8290.0,0.0,-0.5023880000000001,-0.262563,PER,IRL,5102
2831929,231,106,1234,1997,11648.0,0.0,1.823511,0.888084,USA,IRL,5102
2831930,1,111,1234,1997,27000.0,0.0,0.019025999999999998,-0.351461,AFG,ITA,5102
2831931,8,111,1234,1997,84832.0,0.0,0.273654,0.495389,ARG,ITA,5102
2831932,14,111,1234,1997,393078.0,0.0,0.428555,0.798283,AUS,ITA,5102
2831933,15,111,1234,1997,19547.0,0.0,1.8926189999999998,0.624346,AUT,ITA,5102
2831934,18,111,1234,1997,4081766.0,180736.0,1.4274069999999999,1.490435,BEL,ITA,5102
2831935,31,111,1234,1997,9152.0,0.0,-0.697563,-0.8841479999999999,BOL,ITA,5102
2831936,39,111,1234,1997,60234.0,0.0,1.109494,1.178772,CAN,ITA,5102
2831937,41,111,1234,1997,1247659.0,282573.0,2.280163,0.597819,CHE,ITA,5102
2831938,43,111,1234,1997,97360653.0,63644.0,0.36051300000000003,3.287322,CHN,ITA,5102
2831939,59,111,1234,1997,0.0,9272.0,1.40651,1.354695,CZE,ITA,5102
2831940,61,111,1234,1997,15023305.0,1322051.0,2.293936,-2.2301919999999997,DEU,ITA,5102
2831941,71,111,1234,1997,2289407.0,88755.0,1.082049,2.0238650000000002,ESP,ITA,5102
2831942,77,111,1234,1997,1436758.0,493072.0,1.69504,0.8278549999999999,FRA,ITA,5102
2831943,81,111,1234,1997,19944871.0,882810.0,1.886353,0.783832,GBR,ITA,5102
2831944,90,111,1234,1997,98255.0,12247.0,0.229516,1.085225,GRC,ITA,5102
2831945,97,111,1234,1997,357852.0,16859.0,0.521942,2.578405,HKG,ITA,5102
2831946,102,111,1234,1997,228174.0,0.0,0.746743,1.577102,HUN,ITA,5102
2831947,103,111,1234,1997,132689.0,0.0,-0.44080699999999995,1.220104,IDN,ITA,5102
2831948,107,111,1234,1997,8579745.0,0.0,-0.503841,-0.9984059999999999,IRN,ITA,5102
2831949,114,111,1234,1997,153193.0,112610.0,2.631846,0.553144,JPN,ITA,5102
2831950,133,111,1234,1997,73223.0,0.0,-0.238002,-0.361492,MAC,ITA,5102
2831951,138,111,1234,1997,0.0,48167.0,0.603221,0.898488,MEX,ITA,5102
2831952,145,111,1234,1997,11015127.0,0.0,-0.36035300000000003,-0.862088,MNG,ITA,5102
2831953,151,111,1234,1997,0.0,158020.0,-0.49241,-0.695729,MUS,ITA,5102
2831954,162,111,1234,1997,770684.0,164028.0,1.267794,1.727888,NLD,ITA,5102
2831955,164,111,1234,1997,479210.0,0.0,-0.559546,-0.358545,NPL,ITA,5102
2831956,166,111,1234,1997,139266.0,0.0,0.557545,0.731294,NZL,ITA,5102
2831957,168,111,1234,1997,387044.0,0.0,-0.882432,-0.563344,PAK,ITA,5102
2831958,173,111,1234,1997,354318.0,9374.0,-0.5023880000000001,-0.262563,PER,ITA,5102
2831959,179,111,1234,1997,82071.0,61156.0,0.379367,1.296551,PRT,ITA,5102
2831960,185,111,1234,1997,0.0,2961.0,0.44381000000000004,1.084109,ROU,ITA,5102
2831961,186,111,1234,1997,24666.0,0.0,0.87377,0.423861,RUS,ITA,5102
2831962,206,111,1234,1997,19961.0,0.0,1.200699,1.318346,SVK,ITA,5102
2831963,207,111,1234,1997,98073.0,44107.0,1.435765,1.348897,SVN,ITA,5102
2831964,224,111,1234,1997,318666.0,12375.0,0.167734,1.5827870000000002,TUR,ITA,5102
2831965,230,111,1234,1997,17439.0,0.0,0.226228,0.29183400000000004,URY,ITA,5102
2831966,231,111,1234,1997,571662.0,986418.0,1.823511,0.888084,USA,ITA,5102
2831967,246,111,1234,1997,1562088.0,0.0,0.501792,1.1192440000000001,ZAF,ITA,5102
2831968,14,121,1234,1997,44997.0,0.0,0.428555,0.798283,AUS,KOR,5102
2831969,41,121,1234,1997,70352.0,0.0,2.280163,0.597819,CHE,KOR,5102
2831970,43,121,1234,1997,21471763.0,92285.0,0.36051300000000003,3.287322,CHN,KOR,5102
2831971,81,121,1234,1997,428809.0,236820.0,1.886353,0.783832,GBR,KOR,5102
2831972,97,121,1234,1997,924495.0,98085.0,0.521942,2.578405,HKG,KOR,5102
2831973,114,121,1234,1997,100741.0,50523.0,2.631846,0.553144,JPN,KOR,5102
2831974,145,121,1234,1997,459852.0,0.0,-0.36035300000000003,-0.862088,MNG,KOR,5102
2831975,153,121,1234,1997,38542.0,0.0,0.37340999999999996,0.36853600000000003,MYS,KOR,5102
2831976,168,121,1234,1997,119107.0,0.0,-0.882432,-0.563344,PAK,KOR,5102
2831977,173,121,1234,1997,16872.0,0.0,-0.5023880000000001,-0.262563,PER,KOR,5102
2831978,231,121,1234,1997,24273.0,0.0,1.823511,0.888084,USA,KOR,5102
2831979,246,121,1234,1997,493474.0,0.0,0.501792,1.1192440000000001,ZAF,KOR,5102
2831980,249,121,1234,1997,228650.0,0.0,1.317672,1.800561,TWN,KOR,5102
2831981,212,124,1234,1997,5906.0,0.0,-1.046433,-0.9678620000000001,SYR,LBN,5102
2831982,224,124,1234,1997,13901.0,0.0,0.167734,1.5827870000000002,TUR,LBN,5102
2831983,18,130,1234,1997,0.0,107095.0,1.4274069999999999,1.490435,BEL,LTU,5102
2831984,61,130,1234,1997,600567.0,55818.0,2.293936,-2.2301919999999997,DEU,LTU,5102
2831985,132,130,1234,1997,8293.0,0.0,0.398848,0.215206,LVA,LTU,5102
2831986,186,130,1234,1997,155021.0,0.0,0.87377,0.423861,RUS,LTU,5102
2831987,18,138,1234,1997,2060.0,0.0,1.4274069999999999,1.490435,BEL,MEX,5102
2831988,77,138,1234,1997,30346.0,0.0,1.69504,0.8278549999999999,FRA,MEX,5102
2831989,81,138,1234,1997,23205.0,0.0,1.886353,0.783832,GBR,MEX,5102
2831990,111,138,1234,1997,48167.0,0.0,1.4860389999999999,1.235674,ITA,MEX,5102
2831991,162,138,1234,1997,7043.0,0.0,1.267794,1.727888,NLD,MEX,5102
2831992,231,138,1234,1997,121436.0,1281.0,1.823511,0.888084,USA,MEX,5102
2831993,250,138,1234,1997,23854.0,0.0,1.036748,0.851626,ANS,MEX,5102
2831994,121,153,1234,1997,0.0,38542.0,1.0478290000000001,1.2874370000000002,KOR,MYS,5102
2831995,15,162,1234,1997,0.0,64666.0,1.8926189999999998,0.624346,AUT,NLD,5102
2831996,18,162,1234,1997,960584.0,314411.0,1.4274069999999999,1.490435,BEL,NLD,5102
2831997,41,162,1234,1997,0.0,55847.0,2.280163,0.597819,CHE,NLD,5102
2831998,43,162,1234,1997,2248122.0,26897.0,0.36051300000000003,3.287322,CHN,NLD,5102
2831999,61,162,1234,1997,39589.0,4266884.0,2.293936,-2.2301919999999997,DEU,NLD,5102
2832000,74,162,1234,1997,0.0,3994.0,1.9298959999999998,1.083861,FIN,NLD,5102
2832001,77,162,1234,1997,39173.0,972209.0,1.69504,0.8278549999999999,FRA,NLD,5102
2832002,81,162,1234,1997,19055.0,343050.0,1.886353,0.783832,GBR,NLD,5102
2832003,90,162,1234,1997,66487.0,0.0,0.229516,1.085225,GRC,NLD,5102
2832004,97,162,1234,1997,0.0,307352.0,0.521942,2.578405,HKG,NLD,5102
2832005,103,162,1234,1997,0.0,11681.0,-0.44080699999999995,1.220104,IDN,NLD,5102
2832006,104,162,1234,1997,44705.0,11948.0,0.262571,2.31305,IND,NLD,5102
2832007,106,162,1234,1997,0.0,2751417.0,1.471048,0.8769370000000001,IRL,NLD,5102
2832008,107,162,1234,1997,13904.0,0.0,-0.503841,-0.9984059999999999,IRN,NLD,5102
2832009,111,162,1234,1997,164028.0,770684.0,1.4860389999999999,1.235674,ITA,NLD,5102
2832010,138,162,1234,1997,0.0,7043.0,0.603221,0.898488,MEX,NLD,5102
2832011,145,162,1234,1997,15534.0,0.0,-0.36035300000000003,-0.862088,MNG,NLD,5102
2832012,168,162,1234,1997,246021.0,0.0,-0.882432,-0.563344,PAK,NLD,5102
2832013,173,162,1234,1997,39270.0,0.0,-0.5023880000000001,-0.262563,PER,NLD,5102
2832014,179,162,1234,1997,0.0,41508.0,0.379367,1.296551,PRT,NLD,5102
2832015,207,162,1234,1997,0.0,49486.0,1.435765,1.348897,SVN,NLD,5102
2832016,208,162,1234,1997,0.0,7439.0,2.120182,0.993078,SWE,NLD,5102
2832017,224,162,1234,1997,115906.0,3339.0,0.167734,1.5827870000000002,TUR,NLD,5102
2832018,231,162,1234,1997,9487.0,108640.0,1.823511,0.888084,USA,NLD,5102
2832019,64,163,1234,1997,0.0,5675.0,1.358279,1.420107,DNK,NOR,5102
2832020,81,163,1234,1997,20758.0,63967.0,1.886353,0.783832,GBR,NOR,5102
2832021,106,163,1234,1997,0.0,7896.0,1.471048,0.8769370000000001,IRL,NOR,5102
2832022,208,163,1234,1997,0.0,5565.0,2.120182,0.993078,SWE,NOR,5102
2832023,14,166,1234,1997,1867.0,0.0,0.428555,0.798283,AUS,NZL,5102
2832024,43,166,1234,1997,109366.0,655523.0,0.36051300000000003,3.287322,CHN,NZL,5102
2832025,61,166,1234,1997,0.0,26234.0,2.293936,-2.2301919999999997,DEU,NZL,5102
2832026,71,166,1234,1997,12311.0,0.0,1.082049,2.0238650000000002,ESP,NZL,5102
2832027,77,166,1234,1997,35936.0,7438.0,1.69504,0.8278549999999999,FRA,NZL,5102
2832028,81,166,1234,1997,52591.0,425102.0,1.886353,0.783832,GBR,NZL,5102
2832029,104,166,1234,1997,0.0,81645.0,0.262571,2.31305,IND,NZL,5102
2832030,111,166,1234,1997,0.0,139266.0,1.4860389999999999,1.235674,ITA,NZL,5102
2832031,114,166,1234,1997,0.0,16639.0,2.631846,0.553144,JPN,NZL,5102
2832032,151,166,1234,1997,0.0,438241.0,-0.49241,-0.695729,MUS,NZL,5102
2832033,231,166,1234,1997,0.0,70535.0,1.823511,0.888084,USA,NZL,5102
2832034,249,166,1234,1997,0.0,725542.0,1.317672,1.800561,TWN,NZL,5102
2832035,43,174,1234,1997,300480.0,0.0,0.36051300000000003,3.287322,CHN,PHL,5102
2832036,97,174,1234,1997,28830.0,0.0,0.521942,2.578405,HKG,PHL,5102
2832037,231,174,1234,1997,19080.0,0.0,1.823511,0.888084,USA,PHL,5102
2832038,246,174,1234,1997,6463.0,0.0,0.501792,1.1192440000000001,ZAF,PHL,5102
2832039,8,179,1234,1997,29620.0,0.0,0.273654,0.495389,ARG,PRT,5102
2832040,18,179,1234,1997,36354.0,0.0,1.4274069999999999,1.490435,BEL,PRT,5102
2832041,49,179,1234,1997,0.0,58587.0,0.190632,0.068001,COL,PRT,5102
2832042,61,179,1234,1997,23249.0,0.0,2.293936,-2.2301919999999997,DEU,PRT,5102
2832043,71,179,1234,1997,32838.0,57586.0,1.082049,2.0238650000000002,ESP,PRT,5102
2832044,77,179,1234,1997,17882.0,0.0,1.69504,0.8278549999999999,FRA,PRT,5102
2832045,81,179,1234,1997,61121.0,0.0,1.886353,0.783832,GBR,PRT,5102
2832046,102,179,1234,1997,5129.0,0.0,0.746743,1.577102,HUN,PRT,5102
2832047,104,179,1234,1997,12861.0,0.0,0.262571,2.31305,IND,PRT,5102
2832048,111,179,1234,1997,61156.0,82071.0,1.4860389999999999,1.235674,ITA,PRT,5102
2832049,114,179,1234,1997,0.0,147875.0,2.631846,0.553144,JPN,PRT,5102
2832050,162,179,1234,1997,41508.0,0.0,1.267794,1.727888,NLD,PRT,5102
2832051,231,179,1234,1997,0.0,429059.0,1.823511,0.888084,USA,PRT,5102
2832052,231,197,1234,1997,61835.0,0.0,1.823511,0.888084,USA,SLV,5102
2832053,61,208,1234,1997,86062.0,0.0,2.293936,-2.2301919999999997,DEU,SWE,5102
2832054,81,208,1234,1997,0.0,27773.0,1.886353,0.783832,GBR,SWE,5102
2832055,162,208,1234,1997,7439.0,0.0,1.267794,1.727888,NLD,SWE,5102
2832056,163,208,1234,1997,5565.0,0.0,1.003945,0.188826,NOR,SWE,5102
2832057,81,216,1234,1997,55970.0,0.0,1.886353,0.783832,GBR,THA,5102
2832058,114,216,1234,1997,4123.0,0.0,2.631846,0.553144,JPN,THA,5102
2832059,7,224,1234,1997,0.0,233617.0,-0.042154000000000004,-0.667389,ARE,TUR,5102
2832060,14,224,1234,1997,64267.0,0.0,0.428555,0.798283,AUS,TUR,5102
2832061,15,224,1234,1997,0.0,70996.0,1.8926189999999998,0.624346,AUT,TUR,5102
2832062,18,224,1234,1997,77104.0,15242.0,1.4274069999999999,1.490435,BEL,TUR,5102
2832063,41,224,1234,1997,0.0,29999.0,2.280163,0.597819,CHE,TUR,5102
2832064,43,224,1234,1997,88793.0,469868.0,0.36051300000000003,3.287322,CHN,TUR,5102
2832065,59,224,1234,1997,0.0,4110.0,1.40651,1.354695,CZE,TUR,5102
2832066,61,224,1234,1997,45911.0,189284.0,2.293936,-2.2301919999999997,DEU,TUR,5102
2832067,77,224,1234,1997,0.0,137665.0,1.69504,0.8278549999999999,FRA,TUR,5102
2832068,81,224,1234,1997,0.0,695053.0,1.886353,0.783832,GBR,TUR,5102
2832069,111,224,1234,1997,12375.0,318666.0,1.4860389999999999,1.235674,ITA,TUR,5102
2832070,124,224,1234,1997,0.0,13901.0,0.334291,0.783104,LBN,TUR,5102
2832071,162,224,1234,1997,3339.0,115906.0,1.267794,1.727888,NLD,TUR,5102
2832072,43,230,1234,1997,0.0,1737010.0,0.36051300000000003,3.287322,CHN,URY,5102
2832073,61,230,1234,1997,0.0,104553.0,2.293936,-2.2301919999999997,DEU,URY,5102
2832074,71,230,1234,1997,11872.0,0.0,1.082049,2.0238650000000002,ESP,URY,5102
2832075,81,230,1234,1997,29364.0,0.0,1.886353,0.783832,GBR,URY,5102
2832076,111,230,1234,1997,0.0,17439.0,1.4860389999999999,1.235674,ITA,URY,5102
2832077,207,230,1234,1997,0.0,2971.0,1.435765,1.348897,SVN,URY,5102
2832078,1,231,1234,1997,148233.0,0.0,0.019025999999999998,-0.351461,AFG,USA,5102
2832079,14,231,1234,1997,30195.0,0.0,0.428555,0.798283,AUS,USA,5102
2832080,15,231,1234,1997,1434.0,0.0,1.8926189999999998,0.624346,AUT,USA,5102
2832081,18,231,1234,1997,1458891.0,484790.0,1.4274069999999999,1.490435,BEL,USA,5102
2832082,23,231,1234,1997,80842.0,0.0,0.487041,1.287344,BGR,USA,5102
2832083,25,231,1234,1997,0.0,33946.0,0.874886,-0.144043,BHS,USA,5102
2832084,31,231,1234,1997,63121.0,0.0,-0.697563,-0.8841479999999999,BOL,USA,5102
2832085,32,231,1234,1997,0.0,5303.0,0.718336,1.203066,BRA,USA,5102
2832086,39,231,1234,1997,8432.0,214454.0,1.109494,1.178772,CAN,USA,5102
2832087,41,231,1234,1997,2996.0,0.0,2.280163,0.597819,CHE,USA,5102
2832088,42,231,1234,1997,33154.0,0.0,0.002791,-0.030604000000000003,CHL,USA,5102
2832089,43,231,1234,1997,11697114.0,28422.0,0.36051300000000003,3.287322,CHN,USA,5102
2832090,49,231,1234,1997,0.0,3937.0,0.190632,0.068001,COL,USA,5102
2832091,59,231,1234,1997,0.0,13480.0,1.40651,1.354695,CZE,USA,5102
2832092,61,231,1234,1997,82587.0,183921.0,2.293936,-2.2301919999999997,DEU,USA,5102
2832093,71,231,1234,1997,0.0,56289.0,1.082049,2.0238650000000002,ESP,USA,5102
2832094,77,231,1234,1997,40866.0,313777.0,1.69504,0.8278549999999999,FRA,USA,5102
2832095,81,231,1234,1997,9535351.0,4066892.0,1.886353,0.783832,GBR,USA,5102
2832096,92,231,1234,1997,18034.0,0.0,-0.880433,-0.8654799999999999,GRL,USA,5102
2832097,97,231,1234,1997,216081.0,28315.0,0.521942,2.578405,HKG,USA,5102
2832098,103,231,1234,1997,0.0,33429.0,-0.44080699999999995,1.220104,IDN,USA,5102
2832099,104,231,1234,1997,0.0,440585.0,0.262571,2.31305,IND,USA,5102
2832100,106,231,1234,1997,0.0,11648.0,1.471048,0.8769370000000001,IRL,USA,5102
2832101,111,231,1234,1997,986418.0,571662.0,1.4860389999999999,1.235674,ITA,USA,5102
2832102,112,231,1234,1997,0.0,1415.0,-0.65455,-0.820413,JAM,USA,5102
2832103,114,231,1234,1997,0.0,322918.0,2.631846,0.553144,JPN,USA,5102
2832104,120,231,1234,1997,0.0,29951.0,0.8765370000000001,-0.268836,KNA,USA,5102
2832105,121,231,1234,1997,0.0,24273.0,1.0478290000000001,1.2874370000000002,KOR,USA,5102
2832106,128,231,1234,1997,0.0,21675.0,-0.925745,-0.308559,LKA,USA,5102
2832107,138,231,1234,1997,1281.0,121436.0,0.603221,0.898488,MEX,USA,5102
2832108,145,231,1234,1997,3782171.0,0.0,-0.36035300000000003,-0.862088,MNG,USA,5102
2832109,159,231,1234,1997,0.0,12780.0,-1.615102,-1.129541,NGA,USA,5102
2832110,162,231,1234,1997,108640.0,9487.0,1.267794,1.727888,NLD,USA,5102
2832111,166,231,1234,1997,70535.0,0.0,0.557545,0.731294,NZL,USA,5102
2832112,168,231,1234,1997,5609.0,0.0,-0.882432,-0.563344,PAK,USA,5102
2832113,173,231,1234,1997,0.0,4614.0,-0.5023880000000001,-0.262563,PER,USA,5102
2832114,174,231,1234,1997,0.0,19080.0,-0.24310900000000002,0.085784,PHL,USA,5102
2832115,179,231,1234,1997,429059.0,0.0,0.379367,1.296551,PRT,USA,5102
2832116,192,231,1234,1997,0.0,7128.0,1.01557,0.360154,SGP,USA,5102
2832117,197,231,1234,1997,0.0,61835.0,-0.09174500000000001,-0.034391000000000005,SLV,USA,5102
2832118,246,231,1234,1997,620282.0,1748241.0,0.501792,1.1192440000000001,ZAF,USA,5102
2832119,8,246,1234,1997,87866.0,0.0,0.273654,0.495389,ARG,ZAF,5102
2832120,14,246,1234,1997,80039.0,0.0,0.428555,0.798283,AUS,ZAF,5102
2832121,43,246,1234,1997,0.0,500364.0,0.36051300000000003,3.287322,CHN,ZAF,5102
2832122,59,246,1234,1997,0.0,1095.0,1.40651,1.354695,CZE,ZAF,5102
2832123,61,246,1234,1997,0.0,432495.0,2.293936,-2.2301919999999997,DEU,ZAF,5102
2832124,71,246,1234,1997,0.0,14039.0,1.082049,2.0238650000000002,ESP,ZAF,5102
2832125,77,246,1234,1997,22441.0,3834437.0,1.69504,0.8278549999999999,FRA,ZAF,5102
2832126,81,246,1234,1997,33860.0,3238491.0,1.886353,0.783832,GBR,ZAF,5102
2832127,97,246,1234,1997,0.0,97432.0,0.521942,2.578405,HKG,ZAF,5102
2832128,104,246,1234,1997,0.0,635211.0,0.262571,2.31305,IND,ZAF,5102
2832129,111,246,1234,1997,0.0,1562088.0,1.4860389999999999,1.235674,ITA,ZAF,5102
2832130,114,246,1234,1997,0.0,147201.0,2.631846,0.553144,JPN,ZAF,5102
2832131,121,246,1234,1997,0.0,493474.0,1.0478290000000001,1.2874370000000002,KOR,ZAF,5102
2832132,133,246,1234,1997,0.0,2458.0,-0.238002,-0.361492,MAC,ZAF,5102
2832133,151,246,1234,1997,0.0,1009127.0,-0.49241,-0.695729,MUS,ZAF,5102
2832134,174,246,1234,1997,0.0,6463.0,-0.24310900000000002,0.085784,PHL,ZAF,5102
2832135,231,246,1234,1997,1748241.0,620282.0,1.823511,0.888084,USA,ZAF,5102
2832136,249,246,1234,1997,5766.0,57951.0,1.317672,1.800561,TWN,ZAF,5102
2832137,250,246,1234,1997,47076.0,0.0,1.036748,0.851626,ANS,ZAF,5102
2832138,15,14,1234,1997,0.0,12806.0,1.8926189999999998,0.624346,AUT,AUS,5102
2832139,43,14,1234,1997,14025.0,346369.0,0.36051300000000003,3.287322,CHN,AUS,5102
2832140,49,14,1234,1997,2706.0,0.0,0.190632,0.068001,COL,AUS,5102
2832141,59,14,1234,1997,0.0,8718.0,1.40651,1.354695,CZE,AUS,5102
2832142,77,14,1234,1997,0.0,108263.0,1.69504,0.8278549999999999,FRA,AUS,5102
2832143,81,14,1234,1997,106643.0,409614.0,1.886353,0.783832,GBR,AUS,5102
2832144,103,14,1234,1997,4952.0,2187.0,-0.44080699999999995,1.220104,IDN,AUS,5102
2832145,104,14,1234,1997,420142.0,226942.0,0.262571,2.31305,IND,AUS,5102
2832146,111,14,1234,1997,0.0,393078.0,1.4860389999999999,1.235674,ITA,AUS,5102
2832147,114,14,1234,1997,0.0,10751.0,2.631846,0.553144,JPN,AUS,5102
2832148,121,14,1234,1997,0.0,44997.0,1.0478290000000001,1.2874370000000002,KOR,AUS,5102
2832149,151,14,1234,1997,0.0,552973.0,-0.49241,-0.695729,MUS,AUS,5102
2832150,166,14,1234,1997,0.0,1867.0,0.557545,0.731294,NZL,AUS,5102
2832151,173,14,1234,1997,3571.0,0.0,-0.5023880000000001,-0.262563,PER,AUS,5102
2832152,224,14,1234,1997,0.0,64267.0,0.167734,1.5827870000000002,TUR,AUS,5102
2832153,231,14,1234,1997,0.0,30195.0,1.823511,0.888084,USA,AUS,5102
2832154,246,14,1234,1997,0.0,80039.0,0.501792,1.1192440000000001,ZAF,AUS,5102
2832155,249,14,1234,1997,0.0,1083334.0,1.317672,1.800561,TWN,AUS,5102
2832156,106,22,1234,1997,0.0,3366.0,1.471048,0.8769370000000001,IRL,BGD,5102
2832157,192,22,1234,1997,1876.0,0.0,1.01557,0.360154,SGP,BGD,5102
2832158,18,23,1234,1997,2661.0,0.0,1.4274069999999999,1.490435,BEL,BGR,5102
2832159,186,23,1234,1997,1363.0,0.0,0.87377,0.423861,RUS,BGR,5102
2832160,231,23,1234,1997,0.0,80842.0,1.823511,0.888084,USA,BGR,5102
2832161,8,32,1234,1997,5071.0,0.0,0.273654,0.495389,ARG,BRA,5102
2832162,18,32,1234,1997,10774.0,0.0,1.4274069999999999,1.490435,BEL,BRA,5102
2832163,61,32,1234,1997,0.0,32503.0,2.293936,-2.2301919999999997,DEU,BRA,5102
2832164,71,32,1234,1997,518504.0,0.0,1.082049,2.0238650000000002,ESP,BRA,5102
2832165,102,32,1234,1997,24673.0,0.0,0.746743,1.577102,HUN,BRA,5102
2832166,231,32,1234,1997,5303.0,0.0,1.823511,0.888084,USA,BRA,5102
2832167,31,39,1234,1997,1705.0,0.0,-0.697563,-0.8841479999999999,BOL,CAN,5102
2832168,43,39,1234,1997,1602.0,0.0,0.36051300000000003,3.287322,CHN,CAN,5102
2832169,77,39,1234,1997,2270.0,0.0,1.69504,0.8278549999999999,FRA,CAN,5102
2832170,81,39,1234,1997,25349.0,214914.0,1.886353,0.783832,GBR,CAN,5102
2832171,111,39,1234,1997,0.0,60234.0,1.4860389999999999,1.235674,ITA,CAN,5102
2832172,231,39,1234,1997,214454.0,8432.0,1.823511,0.888084,USA,CAN,5102
2832173,15,41,1234,1997,0.0,27809.0,1.8926189999999998,0.624346,AUT,CHE,5102
2832174,18,41,1234,1997,618968.0,189552.0,1.4274069999999999,1.490435,BEL,CHE,5102
2832175,43,41,1234,1997,3341481.0,371335.0,0.36051300000000003,3.287322,CHN,CHE,5102
2832176,61,41,1234,1997,318018.0,721660.0,2.293936,-2.2301919999999997,DEU,CHE,5102
2832177,71,41,1234,1997,12291.0,154324.0,1.082049,2.0238650000000002,ESP,CHE,5102
2832178,77,41,1234,1997,10940.0,107683.0,1.69504,0.8278549999999999,FRA,CHE,5102
2832179,81,41,1234,1997,529255.0,212236.0,1.886353,0.783832,GBR,CHE,5102
2832180,107,41,1234,1997,994104.0,0.0,-0.503841,-0.9984059999999999,IRN,CHE,5102
2832181,111,41,1234,1997,282573.0,1247659.0,1.4860389999999999,1.235674,ITA,CHE,5102
2832182,121,41,1234,1997,0.0,70352.0,1.0478290000000001,1.2874370000000002,KOR,CHE,5102
2832183,133,41,1234,1997,0.0,21126.0,-0.238002,-0.361492,MAC,CHE,5102
2832184,145,41,1234,1997,723206.0,0.0,-0.36035300000000003,-0.862088,MNG,CHE,5102
2832185,162,41,1234,1997,55847.0,0.0,1.267794,1.727888,NLD,CHE,5102
2832186,224,41,1234,1997,29999.0,0.0,0.167734,1.5827870000000002,TUR,CHE,5102
2832187,231,41,1234,1997,0.0,2996.0,1.823511,0.888084,USA,CHE,5102
2832188,249,41,1234,1997,0.0,17864.0,1.317672,1.800561,TWN,CHE,5102
2832189,8,42,1234,1997,0.0,8923.0,0.273654,0.495389,ARG,CHL,5102
2832190,31,42,1234,1997,0.0,9613.0,-0.697563,-0.8841479999999999,BOL,CHL,5102
2832191,61,42,1234,1997,0.0,76130.0,2.293936,-2.2301919999999997,DEU,CHL,5102
2832192,81,42,1234,1997,8863.0,0.0,1.886353,0.783832,GBR,CHL,5102
2832193,114,42,1234,1997,0.0,120811.0,2.631846,0.553144,JPN,CHL,5102
2832194,173,42,1234,1997,0.0,4641.0,-0.5023880000000001,-0.262563,PER,CHL,5102
2832195,231,42,1234,1997,0.0,33154.0,1.823511,0.888084,USA,CHL,5102
2832196,8,59,1234,1997,1864.0,0.0,0.273654,0.495389,ARG,CZE,5102
2832197,14,59,1234,1997,8718.0,0.0,0.428555,0.798283,AUS,CZE,5102
2832198,18,59,1234,1997,96985.0,15144.0,1.4274069999999999,1.490435,BEL,CZE,5102
2832199,43,59,1234,1997,49094.0,0.0,0.36051300000000003,3.287322,CHN,CZE,5102
2832200,49,59,1234,1997,0.0,17478.0,0.190632,0.068001,COL,CZE,5102
2832201,61,59,1234,1997,1600429.0,60095.0,2.293936,-2.2301919999999997,DEU,CZE,5102
2832202,77,59,1234,1997,8417.0,0.0,1.69504,0.8278549999999999,FRA,CZE,5102
2832203,81,59,1234,1997,9699.0,0.0,1.886353,0.783832,GBR,CZE,5102
2832204,90,59,1234,1997,7233.0,0.0,0.229516,1.085225,GRC,CZE,5102
2832205,102,59,1234,1997,16026.0,0.0,0.746743,1.577102,HUN,CZE,5102
2832206,104,59,1234,1997,13321.0,0.0,0.262571,2.31305,IND,CZE,5102
2832207,111,59,1234,1997,9272.0,0.0,1.4860389999999999,1.235674,ITA,CZE,5102
2832208,173,59,1234,1997,2885.0,0.0,-0.5023880000000001,-0.262563,PER,CZE,5102
2832209,177,59,1234,1997,0.0,18149.0,0.805559,1.9598520000000001,POL,CZE,5102
2832210,206,59,1234,1997,0.0,70238.0,1.200699,1.318346,SVK,CZE,5102
2832211,224,59,1234,1997,4110.0,0.0,0.167734,1.5827870000000002,TUR,CZE,5102
2832212,231,59,1234,1997,13480.0,0.0,1.823511,0.888084,USA,CZE,5102
2832213,246,59,1234,1997,1095.0,0.0,0.501792,1.1192440000000001,ZAF,CZE,5102
2832214,18,72,1234,1997,0.0,97592.0,1.4274069999999999,1.490435,BEL,EST,5102
2832215,74,72,1234,1997,94683.0,2382.0,1.9298959999999998,1.083861,FIN,EST,5102
2832216,15,102,1234,1997,7017.0,0.0,1.8926189999999998,0.624346,AUT,HUN,5102
2832217,18,102,1234,1997,3230.0,359728.0,1.4274069999999999,1.490435,BEL,HUN,5102
2832218,32,102,1234,1997,0.0,24673.0,0.718336,1.203066,BRA,HUN,5102
2832219,49,102,1234,1997,0.0,53925.0,0.190632,0.068001,COL,HUN,5102
2832220,59,102,1234,1997,0.0,16026.0,1.40651,1.354695,CZE,HUN,5102
2832221,61,102,1234,1997,0.0,5980.0,2.293936,-2.2301919999999997,DEU,HUN,5102
2832222,77,102,1234,1997,5723.0,0.0,1.69504,0.8278549999999999,FRA,HUN,5102
2832223,81,102,1234,1997,133793.0,0.0,1.886353,0.783832,GBR,HUN,5102
2832224,111,102,1234,1997,0.0,228174.0,1.4860389999999999,1.235674,ITA,HUN,5102
2832225,173,102,1234,1997,0.0,28632.0,-0.5023880000000001,-0.262563,PER,HUN,5102
2832226,179,102,1234,1997,0.0,5129.0,0.379367,1.296551,PRT,HUN,5102
2832227,186,102,1234,1997,0.0,26916.0,0.87377,0.423861,RUS,HUN,5102
2832228,189,102,1234,1997,0.0,90019.0,0.659904,1.702849,SCG,HUN,5102
2832229,206,102,1234,1997,810.0,0.0,1.200699,1.318346,SVK,HUN,5102
2832230,7,104,1234,1997,0.0,171540.0,-0.042154000000000004,-0.667389,ARE,IND,5102
2832231,8,104,1234,1997,259553.0,0.0,0.273654,0.495389,ARG,IND,5102
2832232,14,104,1234,1997,226942.0,420142.0,0.428555,0.798283,AUS,IND,5102
2832233,43,104,1234,1997,232444.0,0.0,0.36051300000000003,3.287322,CHN,IND,5102
2832234,59,104,1234,1997,0.0,13321.0,1.40651,1.354695,CZE,IND,5102
2832235,61,104,1234,1997,0.0,13395.0,2.293936,-2.2301919999999997,DEU,IND,5102
2832236,77,104,1234,1997,10775.0,0.0,1.69504,0.8278549999999999,FRA,IND,5102
2832237,81,104,1234,1997,286037.0,74042.0,1.886353,0.783832,GBR,IND,5102
2832238,97,104,1234,1997,54934.0,10842.0,0.521942,2.578405,HKG,IND,5102
2832239,103,104,1234,1997,0.0,2945.0,-0.44080699999999995,1.220104,IDN,IND,5102
2832240,114,104,1234,1997,0.0,8797.0,2.631846,0.553144,JPN,IND,5102
2832241,162,104,1234,1997,11948.0,44705.0,1.267794,1.727888,NLD,IND,5102
2832242,166,104,1234,1997,81645.0,0.0,0.557545,0.731294,NZL,IND,5102
2832243,178,104,1234,1997,35073.0,0.0,0.701604,0.649257,PRK,IND,5102
2832244,179,104,1234,1997,0.0,12861.0,0.379367,1.296551,PRT,IND,5102
2832245,188,104,1234,1997,48718.0,0.0,0.015040000000000001,-0.954475,SAU,IND,5102
2832246,226,104,1234,1997,0.0,7204.0,-1.368133,-0.753692,TZA,IND,5102
2832247,231,104,1234,1997,440585.0,0.0,1.823511,0.888084,USA,IND,5102
2832248,246,104,1234,1997,635211.0,0.0,0.501792,1.1192440000000001,ZAF,IND,5102
2832249,249,104,1234,1997,84608.0,0.0,1.317672,1.800561,TWN,IND,5102
2832250,7,107,1234,1997,0.0,111598.0,-0.042154000000000004,-0.667389,ARE,IRN,5102
2832251,18,107,1234,1997,0.0,4975255.0,1.4274069999999999,1.490435,BEL,IRN,5102
2832252,41,107,1234,1997,0.0,994104.0,2.280163,0.597819,CHE,IRN,5102
2832253,43,107,1234,1997,0.0,130625.0,0.36051300000000003,3.287322,CHN,IRN,5102
2832254,61,107,1234,1997,0.0,101876.0,2.293936,-2.2301919999999997,DEU,IRN,5102
2832255,77,107,1234,1997,0.0,106218.0,1.69504,0.8278549999999999,FRA,IRN,5102
2832256,81,107,1234,1997,124244.0,1909638.0,1.886353,0.783832,GBR,IRN,5102
2832257,111,107,1234,1997,0.0,8579745.0,1.4860389999999999,1.235674,ITA,IRN,5102
2832258,114,107,1234,1997,0.0,68736.0,2.631846,0.553144,JPN,IRN,5102
2832259,162,107,1234,1997,0.0,13904.0,1.267794,1.727888,NLD,IRN,5102
2832260,212,107,1234,1997,0.0,4810.0,-1.046433,-0.9678620000000001,SYR,IRN,5102
2832261,228,107,1234,1997,0.0,143448.0,0.8502559999999999,0.956254,UKR,IRN,5102
2832262,15,113,1234,1997,1703.0,0.0,1.8926189999999998,0.624346,AUT,JOR,5102
2832263,14,114,1234,1997,10751.0,0.0,0.428555,0.798283,AUS,JPN,5102
2832264,18,114,1234,1997,127485.0,0.0,1.4274069999999999,1.490435,BEL,JPN,5102
2832265,42,114,1234,1997,120811.0,0.0,0.002791,-0.030604000000000003,CHL,JPN,5102
2832266,43,114,1234,1997,72819372.0,28872.0,0.36051300000000003,3.287322,CHN,JPN,5102
2832267,61,114,1234,1997,67002.0,0.0,2.293936,-2.2301919999999997,DEU,JPN,5102
2832268,71,114,1234,1997,11670.0,0.0,1.082049,2.0238650000000002,ESP,JPN,5102
2832269,77,114,1234,1997,1016390.0,0.0,1.69504,0.8278549999999999,FRA,JPN,5102
2832270,81,114,1234,1997,836869.0,4537.0,1.886353,0.783832,GBR,JPN,5102
2832271,90,114,1234,1997,205299.0,0.0,0.229516,1.085225,GRC,JPN,5102
2832272,97,114,1234,1997,3550.0,0.0,0.521942,2.578405,HKG,JPN,5102
2832273,104,114,1234,1997,8797.0,0.0,0.262571,2.31305,IND,JPN,5102
2832274,106,114,1234,1997,0.0,1314.0,1.471048,0.8769370000000001,IRL,JPN,5102
2832275,107,114,1234,1997,68736.0,0.0,-0.503841,-0.9984059999999999,IRN,JPN,5102
2832276,111,114,1234,1997,112610.0,153193.0,1.4860389999999999,1.235674,ITA,JPN,5102
2832277,121,114,1234,1997,50523.0,100741.0,1.0478290000000001,1.2874370000000002,KOR,JPN,5102
2832278,145,114,1234,1997,4809081.0,0.0,-0.36035300000000003,-0.862088,MNG,JPN,5102
2832279,166,114,1234,1997,16639.0,0.0,0.557545,0.731294,NZL,JPN,5102
2832280,168,114,1234,1997,226565.0,0.0,-0.882432,-0.563344,PAK,JPN,5102
2832281,179,114,1234,1997,147875.0,0.0,0.379367,1.296551,PRT,JPN,5102
2832282,216,114,1234,1997,0.0,4123.0,0.084875,1.41931,THA,JPN,5102
2832283,231,114,1234,1997,322918.0,0.0,1.823511,0.888084,USA,JPN,5102
2832284,246,114,1234,1997,147201.0,0.0,0.501792,1.1192440000000001,ZAF,JPN,5102
2832285,249,114,1234,1997,32050.0,2810.0,1.317672,1.800561,TWN,JPN,5102
2832286,61,132,1234,1997,26543.0,119737.0,2.293936,-2.2301919999999997,DEU,LVA,5102
2832287,81,132,1234,1997,3175.0,0.0,1.886353,0.783832,GBR,LVA,5102
2832288,130,132,1234,1997,0.0,8293.0,0.377245,0.8823270000000001,LTU,LVA,5102
2832289,186,132,1234,1997,107646.0,0.0,0.87377,0.423861,RUS,LVA,5102
2832290,81,159,1234,1997,72897.0,0.0,1.886353,0.783832,GBR,NGA,5102
2832291,231,159,1234,1997,12780.0,0.0,1.823511,0.888084,USA,NGA,5102
2832292,18,177,1234,1997,4942.0,0.0,1.4274069999999999,1.490435,BEL,POL,5102
2832293,59,177,1234,1997,18149.0,0.0,1.40651,1.354695,CZE,POL,5102
2832294,61,177,1234,1997,53499.0,0.0,2.293936,-2.2301919999999997,DEU,POL,5102
2832295,81,177,1234,1997,64222.0,0.0,1.886353,0.783832,GBR,POL,5102
2832296,207,177,1234,1997,0.0,14049.0,1.435765,1.348897,SVN,POL,5102
2832297,228,177,1234,1997,978.0,0.0,0.8502559999999999,0.956254,UKR,POL,5102
2832298,250,177,1234,1997,31315.0,0.0,1.036748,0.851626,ANS,POL,5102
2832299,18,186,1234,1997,171524.0,135530.0,1.4274069999999999,1.490435,BEL,RUS,5102
2832300,23,186,1234,1997,0.0,1363.0,0.487041,1.287344,BGR,RUS,5102
2832301,43,186,1234,1997,0.0,65810.0,0.36051300000000003,3.287322,CHN,RUS,5102
2832302,61,186,1234,1997,0.0,19875.0,2.293936,-2.2301919999999997,DEU,RUS,5102
2832303,81,186,1234,1997,0.0,238501.0,1.886353,0.783832,GBR,RUS,5102
2832304,102,186,1234,1997,26916.0,0.0,0.746743,1.577102,HUN,RUS,5102
2832305,111,186,1234,1997,0.0,24666.0,1.4860389999999999,1.235674,ITA,RUS,5102
2832306,115,186,1234,1997,58243.0,0.0,0.44044300000000003,-0.10249000000000001,KAZ,RUS,5102
2832307,117,186,1234,1997,37147.0,0.0,0.023634,-0.194868,KGZ,RUS,5102
2832308,130,186,1234,1997,0.0,155021.0,0.377245,0.8823270000000001,LTU,RUS,5102
2832309,132,186,1234,1997,0.0,107646.0,0.398848,0.215206,LVA,RUS,5102
2832310,145,186,1234,1997,0.0,3399.0,-0.36035300000000003,-0.862088,MNG,RUS,5102
2832311,217,186,1234,1997,4397.0,0.0,-0.350646,-0.835419,TJK,RUS,5102
2832312,228,186,1234,1997,14848.0,0.0,0.8502559999999999,0.956254,UKR,RUS,5102
2832313,232,186,1234,1997,52120.0,0.0,-0.26560700000000004,-0.870447,UZB,RUS,5102
2832314,22,192,1234,1997,0.0,1876.0,-1.027777,-1.048214,BGD,SGP,5102
2832315,81,192,1234,1997,86914.0,355862.0,1.886353,0.783832,GBR,SGP,5102
2832316,231,192,1234,1997,7128.0,0.0,1.823511,0.888084,USA,SGP,5102
2832317,15,206,1234,1997,18847.0,0.0,1.8926189999999998,0.624346,AUT,SVK,5102
2832318,18,206,1234,1997,250672.0,0.0,1.4274069999999999,1.490435,BEL,SVK,5102
2832319,59,206,1234,1997,70238.0,0.0,1.40651,1.354695,CZE,SVK,5102
2832320,61,206,1234,1997,32893.0,0.0,2.293936,-2.2301919999999997,DEU,SVK,5102
2832321,90,206,1234,1997,15818.0,0.0,0.229516,1.085225,GRC,SVK,5102
2832322,102,206,1234,1997,0.0,810.0,0.746743,1.577102,HUN,SVK,5102
2832323,111,206,1234,1997,0.0,19961.0,1.4860389999999999,1.235674,ITA,SVK,5102
2832324,168,206,1234,1997,238810.0,0.0,-0.882432,-0.563344,PAK,SVK,5102
2832325,18,207,1234,1997,34916.0,0.0,1.4274069999999999,1.490435,BEL,SVN,5102
2832326,43,207,1234,1997,12640.0,0.0,0.36051300000000003,3.287322,CHN,SVN,5102
2832327,61,207,1234,1997,77762.0,357267.0,2.293936,-2.2301919999999997,DEU,SVN,5102
2832328,111,207,1234,1997,44107.0,98073.0,1.4860389999999999,1.235674,ITA,SVN,5102
2832329,162,207,1234,1997,49486.0,0.0,1.267794,1.727888,NLD,SVN,5102
2832330,177,207,1234,1997,14049.0,0.0,0.805559,1.9598520000000001,POL,SVN,5102
2832331,230,207,1234,1997,2971.0,0.0,0.226228,0.29183400000000004,URY,SVN,5102
2832332,7,226,1234,1997,5694.0,0.0,-0.042154000000000004,-0.667389,ARE,TZA,5102
2832333,104,226,1234,1997,7204.0,0.0,0.262571,2.31305,IND,TZA,5102
2832334,1,228,1234,1997,11393.0,0.0,0.019025999999999998,-0.351461,AFG,UKR,5102
2832335,18,228,1234,1997,2435.0,0.0,1.4274069999999999,1.490435,BEL,UKR,5102
2832336,61,228,1234,1997,0.0,24489.0,2.293936,-2.2301919999999997,DEU,UKR,5102
2832337,107,228,1234,1997,143448.0,0.0,-0.503841,-0.9984059999999999,IRN,UKR,5102
2832338,177,228,1234,1997,0.0,978.0,0.805559,1.9598520000000001,POL,UKR,5102
2832339,186,228,1234,1997,0.0,14848.0,0.87377,0.423861,RUS,UKR,5102
2832340,14,249,1234,1997,1083334.0,0.0,0.428555,0.798283,AUS,TWN,5102
2832341,41,249,1234,1997,17864.0,0.0,2.280163,0.597819,CHE,TWN,5102
2832342,43,249,1234,1997,850031.0,15906.0,0.36051300000000003,3.287322,CHN,TWN,5102
2832343,77,249,1234,1997,116733.0,0.0,1.69504,0.8278549999999999,FRA,TWN,5102
2832344,81,249,1234,1997,183606.0,0.0,1.886353,0.783832,GBR,TWN,5102
2832345,97,249,1234,1997,655243.0,133041.0,0.521942,2.578405,HKG,TWN,5102
2832346,104,249,1234,1997,0.0,84608.0,0.262571,2.31305,IND,TWN,5102
2832347,114,249,1234,1997,2810.0,32050.0,2.631846,0.553144,JPN,TWN,5102
2832348,121,249,1234,1997,0.0,228650.0,1.0478290000000001,1.2874370000000002,KOR,TWN,5102
2832349,166,249,1234,1997,725542.0,0.0,0.557545,0.731294,NZL,TWN,5102
2832350,246,249,1234,1997,57951.0,5766.0,0.501792,1.1192440000000001,ZAF,TWN,5102
2832351,18,8,1234,1997,0.0,35048.0,1.4274069999999999,1.490435,BEL,ARG,5102
2832352,31,8,1234,1997,0.0,6181.0,-0.697563,-0.8841479999999999,BOL,ARG,5102
2832353,32,8,1234,1997,0.0,5071.0,0.718336,1.203066,BRA,ARG,5102
2832354,42,8,1234,1997,8923.0,0.0,0.002791,-0.030604000000000003,CHL,ARG,5102
2832355,43,8,1234,1997,0.0,124623.0,0.36051300000000003,3.287322,CHN,ARG,5102
2832356,49,8,1234,1997,0.0,6774.0,0.190632,0.068001,COL,ARG,5102
2832357,59,8,1234,1997,0.0,1864.0,1.40651,1.354695,CZE,ARG,5102
2832358,61,8,1234,1997,62276.0,749112.0,2.293936,-2.2301919999999997,DEU,ARG,5102
2832359,71,8,1234,1997,1460397.0,0.0,1.082049,2.0238650000000002,ESP,ARG,5102
2832360,77,8,1234,1997,266737.0,53056.0,1.69504,0.8278549999999999,FRA,ARG,5102
2832361,81,8,1234,1997,253447.0,147925.0,1.886353,0.783832,GBR,ARG,5102
2832362,104,8,1234,1997,0.0,259553.0,0.262571,2.31305,IND,ARG,5102
2832363,111,8,1234,1997,0.0,84832.0,1.4860389999999999,1.235674,ITA,ARG,5102
2832364,151,8,1234,1997,0.0,78638.0,-0.49241,-0.695729,MUS,ARG,5102
2832365,179,8,1234,1997,0.0,29620.0,0.379367,1.296551,PRT,ARG,5102
2832366,246,8,1234,1997,0.0,87866.0,0.501792,1.1192440000000001,ZAF,ARG,5102
2832367,81,83,1234,1997,10763.0,0.0,1.886353,0.783832,GBR,GHA,5102
2832368,15,134,1234,1997,0.0,19433.0,1.8926189999999998,0.624346,AUT,MAR,5102
2832369,81,134,1234,1997,80680.0,0.0,1.886353,0.783832,GBR,MAR,5102
2832370,14,173,1234,1997,0.0,3571.0,0.428555,0.798283,AUS,PER,5102
2832371,15,173,1234,1997,0.0,5744.0,1.8926189999999998,0.624346,AUT,PER,5102
2832372,18,173,1234,1997,0.0,1026.0,1.4274069999999999,1.490435,BEL,PER,5102
2832373,31,173,1234,1997,27957.0,1538.0,-0.697563,-0.8841479999999999,BOL,PER,5102
2832374,42,173,1234,1997,4641.0,0.0,0.002791,-0.030604000000000003,CHL,PER,5102
2832375,43,173,1234,1997,3002.0,0.0,0.36051300000000003,3.287322,CHN,PER,5102
2832376,59,173,1234,1997,0.0,2885.0,1.40651,1.354695,CZE,PER,5102
2832377,61,173,1234,1997,0.0,813934.0,2.293936,-2.2301919999999997,DEU,PER,5102
2832378,67,173,1234,1997,0.0,16086.0,-1.1931690000000001,-1.0139690000000001,ECU,PER,5102
2832379,71,173,1234,1997,0.0,3134.0,1.082049,2.0238650000000002,ESP,PER,5102
2832380,81,173,1234,1997,0.0,1993978.0,1.886353,0.783832,GBR,PER,5102
2832381,102,173,1234,1997,28632.0,0.0,0.746743,1.577102,HUN,PER,5102
2832382,106,173,1234,1997,0.0,8290.0,1.471048,0.8769370000000001,IRL,PER,5102
2832383,111,173,1234,1997,9374.0,354318.0,1.4860389999999999,1.235674,ITA,PER,5102
2832384,121,173,1234,1997,0.0,16872.0,1.0478290000000001,1.2874370000000002,KOR,PER,5102
2832385,162,173,1234,1997,0.0,39270.0,1.267794,1.727888,NLD,PER,5102
2832386,231,173,1234,1997,4614.0,0.0,1.823511,0.888084,USA,PER,5102
2832387,7,247,1234,1997,0.0,44968.0,-0.042154000000000004,-0.667389,ARE,ZMB,5102
2832388,18,100,1234,1997,0.0,7009.0,1.4274069999999999,1.490435,BEL,HRV,5102
2832389,18,185,1234,1997,11463.0,0.0,1.4274069999999999,1.490435,BEL,ROU,5102
2832390,111,185,1234,1997,2961.0,0.0,1.4860389999999999,1.235674,ITA,ROU,5102
2832391,18,189,1234,1997,24896.0,0.0,1.4274069999999999,1.490435,BEL,SCG,5102
2832392,81,189,1234,1997,6575.0,0.0,1.886353,0.783832,GBR,SCG,5102
2832393,102,189,1234,1997,90019.0,0.0,0.746743,1.577102,HUN,SCG,5102
2832394,107,212,1234,1997,4810.0,0.0,-0.503841,-0.9984059999999999,IRN,SYR,5102
2832395,124,212,1234,1997,0.0,5906.0,0.334291,0.783104,LBN,SYR,5102
2832396,77,223,1234,1997,3130.0,0.0,1.69504,0.8278549999999999,FRA,TUN,5102
2832397,43,250,1234,1997,0.0,1265255.0,0.36051300000000003,3.287322,CHN,ANS,5102
2832398,138,250,1234,1997,0.0,23854.0,0.603221,0.898488,MEX,ANS,5102
2832399,145,250,1234,1997,3541.0,0.0,-0.36035300000000003,-0.862088,MNG,ANS,5102
2832400,177,250,1234,1997,0.0,31315.0,0.805559,1.9598520000000001,POL,ANS,5102
2832401,246,250,1234,1997,0.0,47076.0,0.501792,1.1192440000000001,ZAF,ANS,5102
2832402,15,168,1234,1997,0.0,79453.0,1.8926189999999998,0.624346,AUT,PAK,5102
2832403,18,168,1234,1997,0.0,605450.0,1.4274069999999999,1.490435,BEL,PAK,5102
2832404,61,168,1234,1997,0.0,321107.0,2.293936,-2.2301919999999997,DEU,PAK,5102
2832405,74,168,1234,1997,0.0,2816.0,1.9298959999999998,1.083861,FIN,PAK,5102
2832406,81,168,1234,1997,0.0,203867.0,1.886353,0.783832,GBR,PAK,5102
2832407,111,168,1234,1997,0.0,387044.0,1.4860389999999999,1.235674,ITA,PAK,5102
2832408,114,168,1234,1997,0.0,226565.0,2.631846,0.553144,JPN,PAK,5102
2832409,121,168,1234,1997,0.0,119107.0,1.0478290000000001,1.2874370000000002,KOR,PAK,5102
2832410,162,168,1234,1997,0.0,246021.0,1.267794,1.727888,NLD,PAK,5102
2832411,206,168,1234,1997,0.0,238810.0,1.200699,1.318346,SVK,PAK,5102
2832412,231,168,1234,1997,0.0,5609.0,1.823511,0.888084,USA,PAK,5102
2832413,8,31,1234,1997,6181.0,0.0,0.273654,0.495389,ARG,BOL,5102
2832414,39,31,1234,1997,0.0,1705.0,1.109494,1.178772,CAN,BOL,5102
2832415,42,31,1234,1997,9613.0,0.0,0.002791,-0.030604000000000003,CHL,BOL,5102
2832416,61,31,1234,1997,5930.0,7569.0,2.293936,-2.2301919999999997,DEU,BOL,5102
2832417,81,31,1234,1997,0.0,8217.0,1.886353,0.783832,GBR,BOL,5102
2832418,111,31,1234,1997,0.0,9152.0,1.4860389999999999,1.235674,ITA,BOL,5102
2832419,173,31,1234,1997,1538.0,27957.0,-0.5023880000000001,-0.262563,PER,BOL,5102
2832420,231,31,1234,1997,0.0,63121.0,1.823511,0.888084,USA,BOL,5102
2832421,231,112,1234,1997,1415.0,0.0,1.823511,0.888084,USA,JAM,5102
2832422,43,120,1234,1997,5123.0,0.0,0.36051300000000003,3.287322,CHN,KNA,5102
2832423,231,120,1234,1997,29951.0,0.0,1.823511,0.888084,USA,KNA,5102
2832424,81,109,1234,1997,8719.0,0.0,1.886353,0.783832,GBR,ISL,5102
2832425,41,133,1234,1997,21126.0,0.0,2.280163,0.597819,CHE,MAC,5102
2832426,43,133,1234,1997,178281.0,55534.0,0.36051300000000003,3.287322,CHN,MAC,5102
2832427,61,133,1234,1997,108455.0,0.0,2.293936,-2.2301919999999997,DEU,MAC,5102
2832428,81,133,1234,1997,0.0,689636.0,1.886353,0.783832,GBR,MAC,5102
2832429,97,133,1234,1997,611867.0,0.0,0.521942,2.578405,HKG,MAC,5102
2832430,111,133,1234,1997,0.0,73223.0,1.4860389999999999,1.235674,ITA,MAC,5102
2832431,246,133,1234,1997,2458.0,0.0,0.501792,1.1192440000000001,ZAF,MAC,5102
2832432,8,151,1234,1997,78638.0,0.0,0.273654,0.495389,ARG,MUS,5102
2832433,14,151,1234,1997,552973.0,0.0,0.428555,0.798283,AUS,MUS,5102
2832434,18,151,1234,1997,24925.0,0.0,1.4274069999999999,1.490435,BEL,MUS,5102
2832435,43,151,1234,1997,18342.0,0.0,0.36051300000000003,3.287322,CHN,MUS,5102
2832436,61,151,1234,1997,53206.0,0.0,2.293936,-2.2301919999999997,DEU,MUS,5102
2832437,77,151,1234,1997,17145.0,0.0,1.69504,0.8278549999999999,FRA,MUS,5102
2832438,81,151,1234,1997,186461.0,73132.0,1.886353,0.783832,GBR,MUS,5102
2832439,97,151,1234,1997,611642.0,0.0,0.521942,2.578405,HKG,MUS,5102
2832440,111,151,1234,1997,158020.0,0.0,1.4860389999999999,1.235674,ITA,MUS,5102
2832441,166,151,1234,1997,438241.0,0.0,0.557545,0.731294,NZL,MUS,5102
2832442,246,151,1234,1997,1009127.0,0.0,0.501792,1.1192440000000001,ZAF,MUS,5102
2832443,81,7,1234,1997,10737.0,0.0,1.886353,0.783832,GBR,ARE,5102
2832444,104,7,1234,1997,171540.0,0.0,0.262571,2.31305,IND,ARE,5102
2832445,107,7,1234,1997,111598.0,0.0,-0.503841,-0.9984059999999999,IRN,ARE,5102
2832446,224,7,1234,1997,233617.0,0.0,0.167734,1.5827870000000002,TUR,ARE,5102
2832447,226,7,1234,1997,0.0,5694.0,-1.368133,-0.753692,TZA,ARE,5102
2832448,247,7,1234,1997,44968.0,0.0,-0.62183,-0.809639,ZMB,ARE,5102
2832449,61,28,1234,1997,0.0,435999.0,2.293936,-2.2301919999999997,DEU,BLR,5102
2832450,43,115,1234,1997,0.0,652362.0,0.36051300000000003,3.287322,CHN,KAZ,5102
2832451,77,115,1234,1997,0.0,541292.0,1.69504,0.8278549999999999,FRA,KAZ,5102
2832452,186,115,1234,1997,0.0,58243.0,0.87377,0.423861,RUS,KAZ,5102
2832453,81,122,1234,1997,3448.0,0.0,1.886353,0.783832,GBR,KWT,5102
2832454,231,128,1234,1997,21675.0,0.0,1.823511,0.888084,USA,LKA,5102
2832455,81,148,1234,1997,5048.0,0.0,1.886353,0.783832,GBR,MRT,5102
2832456,111,164,1234,1997,0.0,479210.0,1.4860389999999999,1.235674,ITA,NPL,5102
2832457,61,180,1234,1997,0.0,38642.0,2.293936,-2.2301919999999997,DEU,PRY,5102
2832458,81,188,1234,1997,30009.0,6944.0,1.886353,0.783832,GBR,SAU,5102
2832459,104,188,1234,1997,0.0,48718.0,0.262571,2.31305,IND,SAU,5102
2832460,186,232,1234,1997,0.0,52120.0,0.87377,0.423861,RUS,UZB,5102
2832461,18,1,1234,1997,0.0,12008948.0,1.4274069999999999,1.490435,BEL,AFG,5102
2832462,43,1,1234,1997,0.0,360651.0,0.36051300000000003,3.287322,CHN,AFG,5102
2832463,81,1,1234,1997,0.0,2351130.0,1.886353,0.783832,GBR,AFG,5102
2832464,111,1,1234,1997,0.0,27000.0,1.4860389999999999,1.235674,ITA,AFG,5102
2832465,228,1,1234,1997,0.0,11393.0,0.8502559999999999,0.956254,UKR,AFG,5102
2832466,231,1,1234,1997,0.0,148233.0,1.823511,0.888084,USA,AFG,5102
2832467,90,4,1234,1997,0.0,1260.0,0.229516,1.085225,GRC,ALB,5102
2832468,43,117,1234,1997,0.0,80495.0,0.36051300000000003,3.287322,CHN,KGZ,5102
2832469,61,117,1234,1997,0.0,38922.0,2.293936,-2.2301919999999997,DEU,KGZ,5102
2832470,186,117,1234,1997,0.0,37147.0,0.87377,0.423861,RUS,KGZ,5102
2832471,41,145,1234,1997,0.0,723206.0,2.280163,0.597819,CHE,MNG,5102
2832472,43,145,1234,1997,834.0,8937263.0,0.36051300000000003,3.287322,CHN,MNG,5102
2832473,61,145,1234,1997,0.0,241564.0,2.293936,-2.2301919999999997,DEU,MNG,5102
2832474,77,145,1234,1997,0.0,149353.0,1.69504,0.8278549999999999,FRA,MNG,5102
2832475,81,145,1234,1997,0.0,11093500.0,1.886353,0.783832,GBR,MNG,5102
2832476,111,145,1234,1997,0.0,11015127.0,1.4860389999999999,1.235674,ITA,MNG,5102
2832477,114,145,1234,1997,0.0,4809081.0,2.631846,0.553144,JPN,MNG,5102
2832478,121,145,1234,1997,0.0,459852.0,1.0478290000000001,1.2874370000000002,KOR,MNG,5102
2832479,162,145,1234,1997,0.0,15534.0,1.267794,1.727888,NLD,MNG,5102
2832480,186,145,1234,1997,3399.0,0.0,0.87377,0.423861,RUS,MNG,5102
2832481,231,145,1234,1997,0.0,3782171.0,1.823511,0.888084,USA,MNG,5102
2832482,250,145,1234,1997,0.0,3541.0,1.036748,0.851626,ANS,MNG,5102
2832483,43,178,1234,1997,0.0,1327.0,0.36051300000000003,3.287322,CHN,PRK,5102
2832484,81,178,1234,1997,37182.0,0.0,1.886353,0.783832,GBR,PRK,5102
2832485,104,178,1234,1997,0.0,35073.0,0.262571,2.31305,IND,PRK,5102
2832486,231,92,1234,1997,0.0,18034.0,1.823511,0.888084,USA,GRL,5102
2832487,186,217,1234,1997,0.0,4397.0,0.87377,0.423861,RUS,TJK,5102
2832488,14,15,1237,1997,391263.0,0.0,0.428555,0.798283,AUS,AUT,5105
2832489,18,15,1237,1997,43732.0,0.0,1.4274069999999999,1.490435,BEL,AUT,5105
2832490,23,15,1237,1997,0.0,17074.0,0.487041,1.287344,BGR,AUT,5105
2832491,32,15,1237,1997,404751.0,0.0,0.718336,1.203066,BRA,AUT,5105
2832492,39,15,1237,1997,13723.0,6351.0,1.109494,1.178772,CAN,AUT,5105
2832493,41,15,1237,1997,45304.0,53636.0,2.280163,0.597819,CHE,AUT,5105
2832494,43,15,1237,1997,13600.0,0.0,0.36051300000000003,3.287322,CHN,AUT,5105
2832495,59,15,1237,1997,28808.0,147628.0,1.40651,1.354695,CZE,AUT,5105
2832496,61,15,1237,1997,7090543.0,35472.0,2.293936,-2.2301919999999997,DEU,AUT,5105
2832497,64,15,1237,1997,1881.0,0.0,1.358279,1.420107,DNK,AUT,5105
2832498,71,15,1237,1997,71123.0,90205.0,1.082049,2.0238650000000002,ESP,AUT,5105
2832499,77,15,1237,1997,718162.0,43172.0,1.69504,0.8278549999999999,FRA,AUT,5105
2832500,81,15,1237,1997,1621073.0,5972.0,1.886353,0.783832,GBR,AUT,5105
2832501,100,15,1237,1997,0.0,153998.0,0.607903,1.147751,HRV,AUT,5105
2832502,102,15,1237,1997,0.0,13696.0,0.746743,1.577102,HUN,AUT,5105
2832503,111,15,1237,1997,1567005.0,84354.0,1.4860389999999999,1.235674,ITA,AUT,5105
2832504,114,15,1237,1997,0.0,29689.0,2.631846,0.553144,JPN,AUT,5105
2832505,121,15,1237,1997,0.0,1937854.0,1.0478290000000001,1.2874370000000002,KOR,AUT,5105
2832506,166,15,1237,1997,4655.0,0.0,0.557545,0.731294,NZL,AUT,5105
2832507,179,15,1237,1997,2641.0,0.0,0.379367,1.296551,PRT,AUT,5105
2832508,206,15,1237,1997,0.0,1869.0,1.200699,1.318346,SVK,AUT,5105
2832509,207,15,1237,1997,14915.0,78283.0,1.435765,1.348897,SVN,AUT,5105
2832510,224,15,1237,1997,32799.0,0.0,0.167734,1.5827870000000002,TUR,AUT,5105
2832511,230,15,1237,1997,514911.0,0.0,0.226228,0.29183400000000004,URY,AUT,5105
2832512,8,18,1237,1997,150767.0,0.0,0.273654,0.495389,ARG,BEL,5105
2832513,14,18,1237,1997,86867.0,0.0,0.428555,0.798283,AUS,BEL,5105
2832514,15,18,1237,1997,0.0,43732.0,1.8926189999999998,0.624346,AUT,BEL,5105
2832515,23,18,1237,1997,0.0,5841.0,0.487041,1.287344,BGR,BEL,5105
2832516,26,18,1237,1997,0.0,163894.0,0.459512,0.194939,BIH,BEL,5105
2832517,32,18,1237,1997,270415.0,0.0,0.718336,1.203066,BRA,BEL,5105
2832518,41,18,1237,1997,7338.0,104564.0,2.280163,0.597819,CHE,BEL,5105
2832519,43,18,1237,1997,1436678.0,0.0,0.36051300000000003,3.287322,CHN,BEL,5105
2832520,61,18,1237,1997,2952495.0,314868.0,2.293936,-2.2301919999999997,DEU,BEL,5105
2832521,64,18,1237,1997,2404632.0,29654.0,1.358279,1.420107,DNK,BEL,5105
2832522,71,18,1237,1997,753019.0,10601.0,1.082049,2.0238650000000002,ESP,BEL,5105
2832523,72,18,1237,1997,0.0,70873.0,0.460823,0.9126700000000001,EST,BEL,5105
2832524,74,18,1237,1997,0.0,71631.0,1.9298959999999998,1.083861,FIN,BEL,5105
2832525,77,18,1237,1997,11546847.0,736179.0,1.69504,0.8278549999999999,FRA,BEL,5105
2832526,81,18,1237,1997,4163477.0,21276.0,1.886353,0.783832,GBR,BEL,5105
2832527,90,18,1237,1997,0.0,33970.0,0.229516,1.085225,GRC,BEL,5105
2832528,102,18,1237,1997,0.0,254005.0,0.746743,1.577102,HUN,BEL,5105
2832529,104,18,1237,1997,4365.0,41765.0,0.262571,2.31305,IND,BEL,5105
2832530,107,18,1237,1997,193011.0,0.0,-0.503841,-0.9984059999999999,IRN,BEL,5105
2832531,111,18,1237,1997,235745.0,1596861.0,1.4860389999999999,1.235674,ITA,BEL,5105
2832532,121,18,1237,1997,0.0,2166.0,1.0478290000000001,1.2874370000000002,KOR,BEL,5105
2832533,138,18,1237,1997,0.0,281962.0,0.603221,0.898488,MEX,BEL,5105
2832534,140,18,1237,1997,0.0,196690.0,0.26327399999999995,0.704879,MKD,BEL,5105
2832535,145,18,1237,1997,157220.0,0.0,-0.36035300000000003,-0.862088,MNG,BEL,5105
2832536,162,18,1237,1997,763632.0,1271128.0,1.267794,1.727888,NLD,BEL,5105
2832537,177,18,1237,1997,22872.0,74078.0,0.805559,1.9598520000000001,POL,BEL,5105
2832538,179,18,1237,1997,28769.0,0.0,0.379367,1.296551,PRT,BEL,5105
2832539,185,18,1237,1997,0.0,161165.0,0.44381000000000004,1.084109,ROU,BEL,5105
2832540,186,18,1237,1997,0.0,5240.0,0.87377,0.423861,RUS,BEL,5105
2832541,189,18,1237,1997,0.0,52855.0,0.659904,1.702849,SCG,BEL,5105
2832542,207,18,1237,1997,8157.0,1263879.0,1.435765,1.348897,SVN,BEL,5105
2832543,223,18,1237,1997,0.0,7484.0,-0.24073899999999998,-0.146818,TUN,BEL,5105
2832544,224,18,1237,1997,0.0,19202.0,0.167734,1.5827870000000002,TUR,BEL,5105
2832545,230,18,1237,1997,1646251.0,0.0,0.226228,0.29183400000000004,URY,BEL,5105
2832546,231,18,1237,1997,43122.0,0.0,1.823511,0.888084,USA,BEL,5105
2832547,246,18,1237,1997,1055389.0,0.0,0.501792,1.1192440000000001,ZAF,BEL,5105
2832548,81,33,1237,1997,1660.0,0.0,1.886353,0.783832,GBR,BRB,5105
2832549,8,43,1237,1997,28788348.0,1255.0,0.273654,0.495389,ARG,CHN,5105
2832550,14,43,1237,1997,120399833.0,93716.0,0.428555,0.798283,AUS,CHN,5105
2832551,15,43,1237,1997,0.0,13600.0,1.8926189999999998,0.624346,AUT,CHN,5105
2832552,18,43,1237,1997,0.0,1436678.0,1.4274069999999999,1.490435,BEL,CHN,5105
2832553,32,43,1237,1997,567985.0,0.0,0.718336,1.203066,BRA,CHN,5105
2832554,39,43,1237,1997,0.0,23372.0,1.109494,1.178772,CAN,CHN,5105
2832555,41,43,1237,1997,71748.0,881842.0,2.280163,0.597819,CHE,CHN,5105
2832556,42,43,1237,1997,1934670.0,0.0,0.002791,-0.030604000000000003,CHL,CHN,5105
2832557,59,43,1237,1997,0.0,48958.0,1.40651,1.354695,CZE,CHN,5105
2832558,61,43,1237,1997,7042272.0,1641903.0,2.293936,-2.2301919999999997,DEU,CHN,5105
2832559,62,43,1237,1997,0.0,37276.0,0.398301,-0.170681,DJI,CHN,5105
2832560,71,43,1237,1997,38495.0,5248039.0,1.082049,2.0238650000000002,ESP,CHN,5105
2832561,77,43,1237,1997,2061989.0,1201094.0,1.69504,0.8278549999999999,FRA,CHN,5105
2832562,81,43,1237,1997,4183940.0,3739732.0,1.886353,0.783832,GBR,CHN,5105
2832563,97,43,1237,1997,4724406.0,27094802.0,0.521942,2.578405,HKG,CHN,5105
2832564,103,43,1237,1997,18703.0,2890076.0,-0.44080699999999995,1.220104,IDN,CHN,5105
2832565,104,43,1237,1997,0.0,538467.0,0.262571,2.31305,IND,CHN,5105
2832566,107,43,1237,1997,204202.0,0.0,-0.503841,-0.9984059999999999,IRN,CHN,5105
2832567,111,43,1237,1997,584005.0,6411607.0,1.4860389999999999,1.235674,ITA,CHN,5105
2832568,114,43,1237,1997,7232594.0,22206966.0,2.631846,0.553144,JPN,CHN,5105
2832569,115,43,1237,1997,0.0,7022.0,0.44044300000000003,-0.10249000000000001,KAZ,CHN,5105
2832570,121,43,1237,1997,7471855.0,8986035.0,1.0478290000000001,1.2874370000000002,KOR,CHN,5105
2832571,133,43,1237,1997,0.0,682475.0,-0.238002,-0.361492,MAC,CHN,5105
2832572,136,43,1237,1997,0.0,205350.0,-1.2630370000000002,-0.565295,MDG,CHN,5105
2832573,138,43,1237,1997,47952.0,0.0,0.603221,0.898488,MEX,CHN,5105
2832574,145,43,1237,1997,3201371.0,0.0,-0.36035300000000003,-0.862088,MNG,CHN,5105
2832575,151,43,1237,1997,0.0,28584.0,-0.49241,-0.695729,MUS,CHN,5105
2832576,153,43,1237,1997,3759830.0,319753.0,0.37340999999999996,0.36853600000000003,MYS,CHN,5105
2832577,162,43,1237,1997,0.0,2230618.0,1.267794,1.727888,NLD,CHN,5105
2832578,164,43,1237,1997,0.0,1401826.0,-0.559546,-0.358545,NPL,CHN,5105
2832579,166,43,1237,1997,10006172.0,138634.0,0.557545,0.731294,NZL,CHN,5105
2832580,173,43,1237,1997,302697.0,0.0,-0.5023880000000001,-0.262563,PER,CHN,5105
2832581,174,43,1237,1997,0.0,1565133.0,-0.24310900000000002,0.085784,PHL,CHN,5105
2832582,192,43,1237,1997,3207.0,0.0,1.01557,0.360154,SGP,CHN,5105
2832583,207,43,1237,1997,0.0,76489.0,1.435765,1.348897,SVN,CHN,5105
2832584,216,43,1237,1997,9664187.0,28248.0,0.084875,1.41931,THA,CHN,5105
2832585,224,43,1237,1997,0.0,131530.0,0.167734,1.5827870000000002,TUR,CHN,5105
2832586,230,43,1237,1997,63242395.0,0.0,0.226228,0.29183400000000004,URY,CHN,5105
2832587,231,43,1237,1997,6054624.0,9350963.0,1.823511,0.888084,USA,CHN,5105
2832588,239,43,1237,1997,0.0,3593.0,-0.93384,0.06253099999999999,VNM,CHN,5105
2832589,246,43,1237,1997,5282018.0,0.0,0.501792,1.1192440000000001,ZAF,CHN,5105
2832590,249,43,1237,1997,9756571.0,327961.0,1.317672,1.800561,TWN,CHN,5105
2832591,250,43,1237,1997,1087329.0,0.0,1.036748,0.851626,ANS,CHN,5105
2832592,8,49,1237,1997,98456.0,0.0,0.273654,0.495389,ARG,COL,5105
2832593,14,49,1237,1997,366200.0,0.0,0.428555,0.798283,AUS,COL,5105
2832594,111,49,1237,1997,96770.0,0.0,1.4860389999999999,1.235674,ITA,COL,5105
2832595,136,49,1237,1997,84921.0,0.0,-1.2630370000000002,-0.565295,MDG,COL,5105
2832596,173,49,1237,1997,48919.0,0.0,-0.5023880000000001,-0.262563,PER,COL,5105
2832597,230,49,1237,1997,6701668.0,0.0,0.226228,0.29183400000000004,URY,COL,5105
2832598,231,49,1237,1997,37277.0,0.0,1.823511,0.888084,USA,COL,5105
2832599,71,52,1237,1997,2167.0,0.0,1.082049,2.0238650000000002,ESP,CRI,5105
2832600,23,58,1237,1997,6547.0,0.0,0.487041,1.287344,BGR,CYP,5105
2832601,77,58,1237,1997,4112.0,0.0,1.69504,0.8278549999999999,FRA,CYP,5105
2832602,8,61,1237,1997,1334172.0,0.0,0.273654,0.495389,ARG,DEU,5105
2832603,14,61,1237,1997,12329904.0,4983.0,0.428555,0.798283,AUS,DEU,5105
2832604,15,61,1237,1997,35472.0,7090543.0,1.8926189999999998,0.624346,AUT,DEU,5105
2832605,18,61,1237,1997,314868.0,2952495.0,1.4274069999999999,1.490435,BEL,DEU,5105
2832606,23,61,1237,1997,257900.0,249397.0,0.487041,1.287344,BGR,DEU,5105
2832607,26,61,1237,1997,0.0,60216.0,0.459512,0.194939,BIH,DEU,5105
2832608,28,61,1237,1997,45161.0,0.0,0.563179,0.339149,BLR,DEU,5105
2832609,31,61,1237,1997,2019.0,0.0,-0.697563,-0.8841479999999999,BOL,DEU,5105
2832610,32,61,1237,1997,4913930.0,52859.0,0.718336,1.203066,BRA,DEU,5105
2832611,39,61,1237,1997,0.0,258752.0,1.109494,1.178772,CAN,DEU,5105
2832612,41,61,1237,1997,980715.0,7912680.0,2.280163,0.597819,CHE,DEU,5105
2832613,42,61,1237,1997,22440.0,0.0,0.002791,-0.030604000000000003,CHL,DEU,5105
2832614,43,61,1237,1997,1641903.0,7042272.0,0.36051300000000003,3.287322,CHN,DEU,5105
2832615,59,61,1237,1997,13719767.0,13584233.0,1.40651,1.354695,CZE,DEU,5105
2832616,64,61,1237,1997,0.0,348623.0,1.358279,1.420107,DNK,DEU,5105
2832617,68,61,1237,1997,0.0,2231005.0,-0.314425,0.156345,EGY,DEU,5105
2832618,71,61,1237,1997,732166.0,5892621.0,1.082049,2.0238650000000002,ESP,DEU,5105
2832619,77,61,1237,1997,69401505.0,9732927.0,1.69504,0.8278549999999999,FRA,DEU,5105
2832620,81,61,1237,1997,11964303.0,14518012.0,1.886353,0.783832,GBR,DEU,5105
2832621,90,61,1237,1997,129787.0,3929323.0,0.229516,1.085225,GRC,DEU,5105
2832622,97,61,1237,1997,11563.0,1023764.0,0.521942,2.578405,HKG,DEU,5105
2832623,100,61,1237,1997,0.0,2594247.0,0.607903,1.147751,HRV,DEU,5105
2832624,102,61,1237,1997,294172.0,183330.0,0.746743,1.577102,HUN,DEU,5105
2832625,103,61,1237,1997,0.0,562873.0,-0.44080699999999995,1.220104,IDN,DEU,5105
2832626,104,61,1237,1997,102679.0,687191.0,0.262571,2.31305,IND,DEU,5105
2832627,106,61,1237,1997,21558.0,3817366.0,1.471048,0.8769370000000001,IRL,DEU,5105
2832628,107,61,1237,1997,0.0,396567.0,-0.503841,-0.9984059999999999,IRN,DEU,5105
2832629,110,61,1237,1997,0.0,3676128.0,1.3230030000000002,0.965016,ISR,DEU,5105
2832630,111,61,1237,1997,12111496.0,59662043.0,1.4860389999999999,1.235674,ITA,DEU,5105
2832631,114,61,1237,1997,0.0,507220.0,2.631846,0.553144,JPN,DEU,5105
2832632,116,61,1237,1997,35233.0,0.0,-0.399028,0.196115,KEN,DEU,5105
2832633,121,61,1237,1997,0.0,3362977.0,1.0478290000000001,1.2874370000000002,KOR,DEU,5105
2832634,124,61,1237,1997,0.0,550094.0,0.334291,0.783104,LBN,DEU,5105
2832635,130,61,1237,1997,0.0,376964.0,0.377245,0.8823270000000001,LTU,DEU,5105
2832636,132,61,1237,1997,0.0,403569.0,0.398848,0.215206,LVA,DEU,5105
2832637,134,61,1237,1997,0.0,2212335.0,-0.649616,-0.260554,MAR,DEU,5105
2832638,138,61,1237,1997,0.0,1763208.0,0.603221,0.898488,MEX,DEU,5105
2832639,140,61,1237,1997,0.0,1511013.0,0.26327399999999995,0.704879,MKD,DEU,5105
2832640,151,61,1237,1997,0.0,61699.0,-0.49241,-0.695729,MUS,DEU,5105
2832641,153,61,1237,1997,21742.0,0.0,0.37340999999999996,0.36853600000000003,MYS,DEU,5105
2832642,159,61,1237,1997,55204.0,0.0,-1.615102,-1.129541,NGA,DEU,5105
2832643,162,61,1237,1997,240615.0,1422033.0,1.267794,1.727888,NLD,DEU,5105
2832644,163,61,1237,1997,0.0,55623.0,1.003945,0.188826,NOR,DEU,5105
2832645,166,61,1237,1997,125621.0,4297.0,0.557545,0.731294,NZL,DEU,5105
2832646,173,61,1237,1997,785321.0,0.0,-0.5023880000000001,-0.262563,PER,DEU,5105
2832647,177,61,1237,1997,441875.0,29000972.0,0.805559,1.9598520000000001,POL,DEU,5105
2832648,179,61,1237,1997,203050.0,37649432.0,0.379367,1.296551,PRT,DEU,5105
2832649,185,61,1237,1997,0.0,127533.0,0.44381000000000004,1.084109,ROU,DEU,5105
2832650,186,61,1237,1997,10523.0,0.0,0.87377,0.423861,RUS,DEU,5105
2832651,189,61,1237,1997,0.0,160978.0,0.659904,1.702849,SCG,DEU,5105
2832652,206,61,1237,1997,0.0,172575.0,1.200699,1.318346,SVK,DEU,5105
2832653,207,61,1237,1997,199416.0,3256697.0,1.435765,1.348897,SVN,DEU,5105
2832654,208,61,1237,1997,7941.0,16619.0,2.120182,0.993078,SWE,DEU,5105
2832655,216,61,1237,1997,74756.0,0.0,0.084875,1.41931,THA,DEU,5105
2832656,223,61,1237,1997,0.0,7447.0,-0.24073899999999998,-0.146818,TUN,DEU,5105
2832657,224,61,1237,1997,287494.0,26682087.0,0.167734,1.5827870000000002,TUR,DEU,5105
2832658,228,61,1237,1997,0.0,30737.0,0.8502559999999999,0.956254,UKR,DEU,5105
2832659,230,61,1237,1997,31501706.0,0.0,0.226228,0.29183400000000004,URY,DEU,5105
2832660,231,61,1237,1997,412939.0,2609598.0,1.823511,0.888084,USA,DEU,5105
2832661,236,61,1237,1997,0.0,332280.0,0.21363200000000002,-0.668341,VEN,DEU,5105
2832662,246,61,1237,1997,4329027.0,112533.0,0.501792,1.1192440000000001,ZAF,DEU,5105
2832663,249,61,1237,1997,190116.0,484864.0,1.317672,1.800561,TWN,DEU,5105
2832664,250,61,1237,1997,0.0,15571.0,1.036748,0.851626,ANS,DEU,5105
2832665,15,64,1237,1997,0.0,1881.0,1.8926189999999998,0.624346,AUT,DNK,5105
2832666,18,64,1237,1997,29654.0,2404632.0,1.4274069999999999,1.490435,BEL,DNK,5105
2832667,23,64,1237,1997,177285.0,0.0,0.487041,1.287344,BGR,DNK,5105
2832668,41,64,1237,1997,0.0,60874.0,2.280163,0.597819,CHE,DNK,5105
2832669,59,64,1237,1997,0.0,19788.0,1.40651,1.354695,CZE,DNK,5105
2832670,61,64,1237,1997,348623.0,0.0,2.293936,-2.2301919999999997,DEU,DNK,5105
2832671,71,64,1237,1997,0.0,11333.0,1.082049,2.0238650000000002,ESP,DNK,5105
2832672,72,64,1237,1997,0.0,5162.0,0.460823,0.9126700000000001,EST,DNK,5105
2832673,77,64,1237,1997,18116.0,0.0,1.69504,0.8278549999999999,FRA,DNK,5105
2832674,81,64,1237,1997,69156.0,0.0,1.886353,0.783832,GBR,DNK,5105
2832675,109,64,1237,1997,1101.0,0.0,0.217533,-0.405395,ISL,DNK,5105
2832676,111,64,1237,1997,0.0,59663.0,1.4860389999999999,1.235674,ITA,DNK,5105
2832677,130,64,1237,1997,0.0,57808.0,0.377245,0.8823270000000001,LTU,DNK,5105
2832678,162,64,1237,1997,12814.0,109160.0,1.267794,1.727888,NLD,DNK,5105
2832679,163,64,1237,1997,5768.0,7798.0,1.003945,0.188826,NOR,DNK,5105
2832680,166,64,1237,1997,945.0,0.0,0.557545,0.731294,NZL,DNK,5105
2832681,208,64,1237,1997,4865.0,25148.0,2.120182,0.993078,SWE,DNK,5105
2832682,23,65,1237,1997,47896.0,0.0,0.487041,1.287344,BGR,DOM,5105
2832683,77,65,1237,1997,22960.0,0.0,1.69504,0.8278549999999999,FRA,DOM,5105
2832684,231,65,1237,1997,31223.0,0.0,1.823511,0.888084,USA,DOM,5105
2832685,8,67,1237,1997,335901.0,0.0,0.273654,0.495389,ARG,ECU,5105
2832686,71,67,1237,1997,0.0,34389.0,1.082049,2.0238650000000002,ESP,ECU,5105
2832687,173,67,1237,1997,1877.0,0.0,-0.5023880000000001,-0.262563,PER,ECU,5105
2832688,230,67,1237,1997,181398.0,0.0,0.226228,0.29183400000000004,URY,ECU,5105
2832689,231,67,1237,1997,1997.0,0.0,1.823511,0.888084,USA,ECU,5105
2832690,8,71,1237,1997,761477.0,12148.0,0.273654,0.495389,ARG,ESP,5105
2832691,14,71,1237,1997,370768.0,0.0,0.428555,0.798283,AUS,ESP,5105
2832692,15,71,1237,1997,90205.0,71123.0,1.8926189999999998,0.624346,AUT,ESP,5105
2832693,18,71,1237,1997,10601.0,753019.0,1.4274069999999999,1.490435,BEL,ESP,5105
2832694,23,71,1237,1997,128158.0,122042.0,0.487041,1.287344,BGR,ESP,5105
2832695,32,71,1237,1997,0.0,116211.0,0.718336,1.203066,BRA,ESP,5105
2832696,39,71,1237,1997,0.0,212195.0,1.109494,1.178772,CAN,ESP,5105
2832697,41,71,1237,1997,41841.0,0.0,2.280163,0.597819,CHE,ESP,5105
2832698,42,71,1237,1997,105896.0,0.0,0.002791,-0.030604000000000003,CHL,ESP,5105
2832699,43,71,1237,1997,5248039.0,38495.0,0.36051300000000003,3.287322,CHN,ESP,5105
2832700,52,71,1237,1997,0.0,2167.0,-0.25974200000000003,0.196955,CRI,ESP,5105
2832701,59,71,1237,1997,0.0,289994.0,1.40651,1.354695,CZE,ESP,5105
2832702,61,71,1237,1997,5892621.0,732166.0,2.293936,-2.2301919999999997,DEU,ESP,5105
2832703,64,71,1237,1997,11333.0,0.0,1.358279,1.420107,DNK,ESP,5105
2832704,66,71,1237,1997,0.0,43201.0,-0.717599,-1.126311,DZA,ESP,5105
2832705,67,71,1237,1997,34389.0,0.0,-1.1931690000000001,-1.0139690000000001,ECU,ESP,5105
2832706,68,71,1237,1997,0.0,129586.0,-0.314425,0.156345,EGY,ESP,5105
2832707,77,71,1237,1997,15452075.0,5715998.0,1.69504,0.8278549999999999,FRA,ESP,5105
2832708,81,71,1237,1997,3264063.0,820419.0,1.886353,0.783832,GBR,ESP,5105
2832709,90,71,1237,1997,0.0,311314.0,0.229516,1.085225,GRC,ESP,5105
2832710,97,71,1237,1997,0.0,625828.0,0.521942,2.578405,HKG,ESP,5105
2832711,106,71,1237,1997,3291.0,121498.0,1.471048,0.8769370000000001,IRL,ESP,5105
2832712,107,71,1237,1997,0.0,495395.0,-0.503841,-0.9984059999999999,IRN,ESP,5105
2832713,110,71,1237,1997,0.0,16528.0,1.3230030000000002,0.965016,ISR,ESP,5105
2832714,111,71,1237,1997,912927.0,38175141.0,1.4860389999999999,1.235674,ITA,ESP,5105
2832715,114,71,1237,1997,0.0,801104.0,2.631846,0.553144,JPN,ESP,5105
2832716,121,71,1237,1997,0.0,797163.0,1.0478290000000001,1.2874370000000002,KOR,ESP,5105
2832717,130,71,1237,1997,0.0,953136.0,0.377245,0.8823270000000001,LTU,ESP,5105
2832718,134,71,1237,1997,0.0,905815.0,-0.649616,-0.260554,MAR,ESP,5105
2832719,138,71,1237,1997,0.0,6013.0,0.603221,0.898488,MEX,ESP,5105
2832720,166,71,1237,1997,0.0,5125.0,0.557545,0.731294,NZL,ESP,5105
2832721,173,71,1237,1997,96739.0,14769.0,-0.5023880000000001,-0.262563,PER,ESP,5105
2832722,177,71,1237,1997,29258.0,0.0,0.805559,1.9598520000000001,POL,ESP,5105
2832723,178,71,1237,1997,0.0,55371.0,0.701604,0.649257,PRK,ESP,5105
2832724,179,71,1237,1997,2571861.0,1460491.0,0.379367,1.296551,PRT,ESP,5105
2832725,185,71,1237,1997,0.0,1860733.0,0.44381000000000004,1.084109,ROU,ESP,5105
2832726,186,71,1237,1997,0.0,208830.0,0.87377,0.423861,RUS,ESP,5105
2832727,223,71,1237,1997,0.0,1451084.0,-0.24073899999999998,-0.146818,TUN,ESP,5105
2832728,224,71,1237,1997,0.0,115259.0,0.167734,1.5827870000000002,TUR,ESP,5105
2832729,230,71,1237,1997,1404421.0,22197.0,0.226228,0.29183400000000004,URY,ESP,5105
2832730,231,71,1237,1997,289588.0,156550.0,1.823511,0.888084,USA,ESP,5105
2832731,246,71,1237,1997,324401.0,2298.0,0.501792,1.1192440000000001,ZAF,ESP,5105
2832732,249,71,1237,1997,0.0,299445.0,1.317672,1.800561,TWN,ESP,5105
2832733,18,74,1237,1997,71631.0,0.0,1.4274069999999999,1.490435,BEL,FIN,5105
2832734,72,74,1237,1997,24077.0,13324.0,0.460823,0.9126700000000001,EST,FIN,5105
2832735,81,74,1237,1997,3062237.0,0.0,1.886353,0.783832,GBR,FIN,5105
2832736,111,74,1237,1997,3710.0,0.0,1.4860389999999999,1.235674,ITA,FIN,5105
2832737,163,74,1237,1997,0.0,1859.0,1.003945,0.188826,NOR,FIN,5105
2832738,186,74,1237,1997,0.0,3988.0,0.87377,0.423861,RUS,FIN,5105
2832739,208,74,1237,1997,1717.0,0.0,2.120182,0.993078,SWE,FIN,5105
2832740,216,74,1237,1997,2729.0,0.0,0.084875,1.41931,THA,FIN,5105
2832741,5,77,1237,1997,0.0,1989.0,1.087564,0.602846,AND,FRA,5105
2832742,8,77,1237,1997,405778.0,0.0,0.273654,0.495389,ARG,FRA,5105
2832743,14,77,1237,1997,590808.0,7157.0,0.428555,0.798283,AUS,FRA,5105
2832744,15,77,1237,1997,43172.0,718162.0,1.8926189999999998,0.624346,AUT,FRA,5105
2832745,18,77,1237,1997,736179.0,11546847.0,1.4274069999999999,1.490435,BEL,FRA,5105
2832746,23,77,1237,1997,241712.0,958170.0,0.487041,1.287344,BGR,FRA,5105
2832747,32,77,1237,1997,512225.0,6056.0,0.718336,1.203066,BRA,FRA,5105
2832748,39,77,1237,1997,0.0,3447.0,1.109494,1.178772,CAN,FRA,5105
2832749,41,77,1237,1997,618265.0,12407350.0,2.280163,0.597819,CHE,FRA,5105
2832750,43,77,1237,1997,1201094.0,2061989.0,0.36051300000000003,3.287322,CHN,FRA,5105
2832751,58,77,1237,1997,0.0,4112.0,0.451212,0.452754,CYP,FRA,5105
2832752,59,77,1237,1997,201790.0,2234059.0,1.40651,1.354695,CZE,FRA,5105
2832753,61,77,1237,1997,9732927.0,69401505.0,2.293936,-2.2301919999999997,DEU,FRA,5105
2832754,64,77,1237,1997,0.0,18116.0,1.358279,1.420107,DNK,FRA,5105
2832755,65,77,1237,1997,0.0,22960.0,-0.6062850000000001,-0.648523,DOM,FRA,5105
2832756,71,77,1237,1997,5715998.0,15452075.0,1.082049,2.0238650000000002,ESP,FRA,5105
2832757,81,77,1237,1997,1657648.0,12959867.0,1.886353,0.783832,GBR,FRA,5105
2832758,90,77,1237,1997,0.0,3818869.0,0.229516,1.085225,GRC,FRA,5105
2832759,97,77,1237,1997,370401.0,712797.0,0.521942,2.578405,HKG,FRA,5105
2832760,100,77,1237,1997,0.0,463413.0,0.607903,1.147751,HRV,FRA,5105
2832761,102,77,1237,1997,1232998.0,42219.0,0.746743,1.577102,HUN,FRA,5105
2832762,104,77,1237,1997,64473.0,0.0,0.262571,2.31305,IND,FRA,5105
2832763,106,77,1237,1997,89609.0,4373446.0,1.471048,0.8769370000000001,IRL,FRA,5105
2832764,107,77,1237,1997,0.0,568070.0,-0.503841,-0.9984059999999999,IRN,FRA,5105
2832765,110,77,1237,1997,0.0,889811.0,1.3230030000000002,0.965016,ISR,FRA,5105
2832766,111,77,1237,1997,8289836.0,148886251.0,1.4860389999999999,1.235674,ITA,FRA,5105
2832767,114,77,1237,1997,0.0,1348746.0,2.631846,0.553144,JPN,FRA,5105
2832768,116,77,1237,1997,32560.0,0.0,-0.399028,0.196115,KEN,FRA,5105
2832769,121,77,1237,1997,0.0,1229094.0,1.0478290000000001,1.2874370000000002,KOR,FRA,5105
2832770,130,77,1237,1997,0.0,717983.0,0.377245,0.8823270000000001,LTU,FRA,5105
2832771,132,77,1237,1997,0.0,130556.0,0.398848,0.215206,LVA,FRA,5105
2832772,133,77,1237,1997,0.0,34005.0,-0.238002,-0.361492,MAC,FRA,5105
2832773,134,77,1237,1997,0.0,3152097.0,-0.649616,-0.260554,MAR,FRA,5105
2832774,138,77,1237,1997,0.0,239848.0,0.603221,0.898488,MEX,FRA,5105
2832775,140,77,1237,1997,0.0,103160.0,0.26327399999999995,0.704879,MKD,FRA,5105
2832776,145,77,1237,1997,99607.0,0.0,-0.36035300000000003,-0.862088,MNG,FRA,5105
2832777,151,77,1237,1997,0.0,123359.0,-0.49241,-0.695729,MUS,FRA,5105
2832778,162,77,1237,1997,377188.0,803344.0,1.267794,1.727888,NLD,FRA,5105
2832779,163,77,1237,1997,12349.0,0.0,1.003945,0.188826,NOR,FRA,5105
2832780,166,77,1237,1997,142756.0,1348.0,0.557545,0.731294,NZL,FRA,5105
2832781,173,77,1237,1997,36106.0,44675.0,-0.5023880000000001,-0.262563,PER,FRA,5105
2832782,177,77,1237,1997,96449.0,9446003.0,0.805559,1.9598520000000001,POL,FRA,5105
2832783,179,77,1237,1997,304034.0,12158881.0,0.379367,1.296551,PRT,FRA,5105
2832784,185,77,1237,1997,0.0,863765.0,0.44381000000000004,1.084109,ROU,FRA,5105
2832785,189,77,1237,1997,0.0,63037.0,0.659904,1.702849,SCG,FRA,5105
2832786,206,77,1237,1997,0.0,1694.0,1.200699,1.318346,SVK,FRA,5105
2832787,207,77,1237,1997,0.0,1787461.0,1.435765,1.348897,SVN,FRA,5105
2832788,216,77,1237,1997,0.0,1707.0,0.084875,1.41931,THA,FRA,5105
2832789,223,77,1237,1997,0.0,6097.0,-0.24073899999999998,-0.146818,TUN,FRA,5105
2832790,224,77,1237,1997,0.0,17645844.0,0.167734,1.5827870000000002,TUR,FRA,5105
2832791,228,77,1237,1997,0.0,201367.0,0.8502559999999999,0.956254,UKR,FRA,5105
2832792,230,77,1237,1997,4075009.0,23781.0,0.226228,0.29183400000000004,URY,FRA,5105
2832793,231,77,1237,1997,13900.0,141942.0,1.823511,0.888084,USA,FRA,5105
2832794,236,77,1237,1997,0.0,1095.0,0.21363200000000002,-0.668341,VEN,FRA,5105
2832795,246,77,1237,1997,1031188.0,0.0,0.501792,1.1192440000000001,ZAF,FRA,5105
2832796,249,77,1237,1997,0.0,77555.0,1.317672,1.800561,TWN,FRA,5105
2832797,250,77,1237,1997,595211.0,0.0,1.036748,0.851626,ANS,FRA,5105
2832798,7,81,1237,1997,0.0,160507.0,-0.042154000000000004,-0.667389,ARE,GBR,5105
2832799,8,81,1237,1997,1229075.0,8106.0,0.273654,0.495389,ARG,GBR,5105
2832800,14,81,1237,1997,5608529.0,197280.0,0.428555,0.798283,AUS,GBR,5105
2832801,15,81,1237,1997,5972.0,1621073.0,1.8926189999999998,0.624346,AUT,GBR,5105
2832802,18,81,1237,1997,21276.0,4163477.0,1.4274069999999999,1.490435,BEL,GBR,5105
2832803,23,81,1237,1997,10786.0,0.0,0.487041,1.287344,BGR,GBR,5105
2832804,31,81,1237,1997,10844.0,0.0,-0.697563,-0.8841479999999999,BOL,GBR,5105
2832805,32,81,1237,1997,573621.0,191827.0,0.718336,1.203066,BRA,GBR,5105
2832806,33,81,1237,1997,0.0,1660.0,0.896769,0.22225300000000003,BRB,GBR,5105
2832807,34,81,1237,1997,0.0,1874.0,-0.092276,-0.772393,BRN,GBR,5105
2832808,39,81,1237,1997,51904.0,5356163.0,1.109494,1.178772,CAN,GBR,5105
2832809,41,81,1237,1997,246339.0,1554012.0,2.280163,0.597819,CHE,GBR,5105
2832810,42,81,1237,1997,255127.0,0.0,0.002791,-0.030604000000000003,CHL,GBR,5105
2832811,43,81,1237,1997,3739732.0,4183940.0,0.36051300000000003,3.287322,CHN,GBR,5105
2832812,50,81,1237,1997,0.0,132835.0,0.42716899999999997,-0.618352,COM,GBR,5105
2832813,51,81,1237,1997,0.0,33552.0,1.154102,-0.255423,CPV,GBR,5105
2832814,59,81,1237,1997,2743763.0,1593027.0,1.40651,1.354695,CZE,GBR,5105
2832815,61,81,1237,1997,14518012.0,11964303.0,2.293936,-2.2301919999999997,DEU,GBR,5105
2832816,64,81,1237,1997,0.0,69156.0,1.358279,1.420107,DNK,GBR,5105
2832817,68,81,1237,1997,0.0,125747.0,-0.314425,0.156345,EGY,GBR,5105
2832818,71,81,1237,1997,820419.0,3264063.0,1.082049,2.0238650000000002,ESP,GBR,5105
2832819,72,81,1237,1997,0.0,11084.0,0.460823,0.9126700000000001,EST,GBR,5105
2832820,74,81,1237,1997,0.0,3062237.0,1.9298959999999998,1.083861,FIN,GBR,5105
2832821,77,81,1237,1997,12959867.0,1657648.0,1.69504,0.8278549999999999,FRA,GBR,5105
2832822,84,81,1237,1997,0.0,3430.0,0.811642,-0.186555,GIB,GBR,5105
2832823,90,81,1237,1997,254439.0,1640136.0,0.229516,1.085225,GRC,GBR,5105
2832824,97,81,1237,1997,1245185.0,687891.0,0.521942,2.578405,HKG,GBR,5105
2832825,100,81,1237,1997,3282.0,1753.0,0.607903,1.147751,HRV,GBR,5105
2832826,102,81,1237,1997,102967.0,762363.0,0.746743,1.577102,HUN,GBR,5105
2832827,103,81,1237,1997,0.0,1510.0,-0.44080699999999995,1.220104,IDN,GBR,5105
2832828,104,81,1237,1997,60040.0,177702.0,0.262571,2.31305,IND,GBR,5105
2832829,106,81,1237,1997,29464.0,8328952.0,1.471048,0.8769370000000001,IRL,GBR,5105
2832830,107,81,1237,1997,606893.0,892195.0,-0.503841,-0.9984059999999999,IRN,GBR,5105
2832831,110,81,1237,1997,43975.0,551509.0,1.3230030000000002,0.965016,ISR,GBR,5105
2832832,111,81,1237,1997,4493083.0,44310459.0,1.4860389999999999,1.235674,ITA,GBR,5105
2832833,113,81,1237,1997,0.0,750834.0,0.49456300000000003,0.33966,JOR,GBR,5105
2832834,114,81,1237,1997,4040.0,6330522.0,2.631846,0.553144,JPN,GBR,5105
2832835,116,81,1237,1997,106064.0,82442.0,-0.399028,0.196115,KEN,GBR,5105
2832836,121,81,1237,1997,12476.0,1639474.0,1.0478290000000001,1.2874370000000002,KOR,GBR,5105
2832837,124,81,1237,1997,123428.0,77196.0,0.334291,0.783104,LBN,GBR,5105
2832838,128,81,1237,1997,0.0,10622.0,-0.925745,-0.308559,LKA,GBR,5105
2832839,130,81,1237,1997,0.0,10950.0,0.377245,0.8823270000000001,LTU,GBR,5105
2832840,132,81,1237,1997,0.0,3209.0,0.398848,0.215206,LVA,GBR,5105
2832841,134,81,1237,1997,0.0,1631762.0,-0.649616,-0.260554,MAR,GBR,5105
2832842,138,81,1237,1997,0.0,233974.0,0.603221,0.898488,MEX,GBR,5105
2832843,140,81,1237,1997,0.0,433908.0,0.26327399999999995,0.704879,MKD,GBR,5105
2832844,142,81,1237,1997,0.0,36245.0,0.936998,0.062266999999999996,MLT,GBR,5105
2832845,145,81,1237,1997,771702.0,0.0,-0.36035300000000003,-0.862088,MNG,GBR,5105
2832846,153,81,1237,1997,0.0,9061.0,0.37340999999999996,0.36853600000000003,MYS,GBR,5105
2832847,159,81,1237,1997,0.0,15269.0,-1.615102,-1.129541,NGA,GBR,5105
2832848,162,81,1237,1997,46387.0,212454.0,1.267794,1.727888,NLD,GBR,5105
2832849,163,81,1237,1997,48461.0,4708197.0,1.003945,0.188826,NOR,GBR,5105
2832850,166,81,1237,1997,175961.0,146136.0,0.557545,0.731294,NZL,GBR,5105
2832851,168,81,1237,1997,0.0,150616.0,-0.882432,-0.563344,PAK,GBR,5105
2832852,173,81,1237,1997,585270.0,13373.0,-0.5023880000000001,-0.262563,PER,GBR,5105
2832853,177,81,1237,1997,786927.0,4815888.0,0.805559,1.9598520000000001,POL,GBR,5105
2832854,178,81,1237,1997,0.0,127785.0,0.701604,0.649257,PRK,GBR,5105
2832855,179,81,1237,1997,7239.0,5660385.0,0.379367,1.296551,PRT,GBR,5105
2832856,180,81,1237,1997,109463.0,0.0,-0.44951,-0.818817,PRY,GBR,5105
2832857,185,81,1237,1997,0.0,3062071.0,0.44381000000000004,1.084109,ROU,GBR,5105
2832858,186,81,1237,1997,0.0,53499.0,0.87377,0.423861,RUS,GBR,5105
2832859,188,81,1237,1997,0.0,44436.0,0.015040000000000001,-0.954475,SAU,GBR,5105
2832860,189,81,1237,1997,0.0,143408.0,0.659904,1.702849,SCG,GBR,5105
2832861,192,81,1237,1997,0.0,43226.0,1.01557,0.360154,SGP,GBR,5105
2832862,196,81,1237,1997,0.0,19086.0,0.181753,-0.532284,SLE,GBR,5105
2832863,207,81,1237,1997,0.0,903183.0,1.435765,1.348897,SVN,GBR,5105
2832864,215,81,1237,1997,0.0,14260.0,-0.974678,-0.8150350000000001,TGO,GBR,5105
2832865,223,81,1237,1997,0.0,104451.0,-0.24073899999999998,-0.146818,TUN,GBR,5105
2832866,224,81,1237,1997,28732.0,9740816.0,0.167734,1.5827870000000002,TUR,GBR,5105
2832867,226,81,1237,1997,0.0,19072.0,-1.368133,-0.753692,TZA,GBR,5105
2832868,227,81,1237,1997,56200.0,0.0,-0.9304819999999999,-0.9731540000000001,UGA,GBR,5105
2832869,230,81,1237,1997,11646874.0,135758.0,0.226228,0.29183400000000004,URY,GBR,5105
2832870,231,81,1237,1997,222519.0,1307210.0,1.823511,0.888084,USA,GBR,5105
2832871,236,81,1237,1997,0.0,20388.0,0.21363200000000002,-0.668341,VEN,GBR,5105
2832872,246,81,1237,1997,5178100.0,159413.0,0.501792,1.1192440000000001,ZAF,GBR,5105
2832873,249,81,1237,1997,0.0,817774.0,1.317672,1.800561,TWN,GBR,5105
2832874,4,90,1237,1997,0.0,1035.0,-0.32351599999999997,-0.170449,ALB,GRC,5105
2832875,14,90,1237,1997,288657.0,0.0,0.428555,0.798283,AUS,GRC,5105
2832876,18,90,1237,1997,33970.0,0.0,1.4274069999999999,1.490435,BEL,GRC,5105
2832877,23,90,1237,1997,73440.0,0.0,0.487041,1.287344,BGR,GRC,5105
2832878,32,90,1237,1997,33342.0,0.0,0.718336,1.203066,BRA,GRC,5105
2832879,42,90,1237,1997,14408.0,0.0,0.002791,-0.030604000000000003,CHL,GRC,5105
2832880,61,90,1237,1997,3929323.0,129787.0,2.293936,-2.2301919999999997,DEU,GRC,5105
2832881,71,90,1237,1997,311314.0,0.0,1.082049,2.0238650000000002,ESP,GRC,5105
2832882,77,90,1237,1997,3818869.0,0.0,1.69504,0.8278549999999999,FRA,GRC,5105
2832883,81,90,1237,1997,1640136.0,254439.0,1.886353,0.783832,GBR,GRC,5105
2832884,102,90,1237,1997,9589.0,0.0,0.746743,1.577102,HUN,GRC,5105
2832885,111,90,1237,1997,740326.0,0.0,1.4860389999999999,1.235674,ITA,GRC,5105
2832886,114,90,1237,1997,0.0,7882.0,2.631846,0.553144,JPN,GRC,5105
2832887,162,90,1237,1997,384708.0,0.0,1.267794,1.727888,NLD,GRC,5105
2832888,173,90,1237,1997,33098.0,0.0,-0.5023880000000001,-0.262563,PER,GRC,5105
2832889,185,90,1237,1997,49644.0,0.0,0.44381000000000004,1.084109,ROU,GRC,5105
2832890,230,90,1237,1997,296138.0,0.0,0.226228,0.29183400000000004,URY,GRC,5105
2832891,246,90,1237,1997,241959.0,0.0,0.501792,1.1192440000000001,ZAF,GRC,5105
2832892,23,93,1237,1997,73470.0,0.0,0.487041,1.287344,BGR,GTM,5105
2832893,231,93,1237,1997,31724.0,3804.0,1.823511,0.888084,USA,GTM,5105
2832894,8,97,1237,1997,2873836.0,0.0,0.273654,0.495389,ARG,HKG,5105
2832895,14,97,1237,1997,12893332.0,42850.0,0.428555,0.798283,AUS,HKG,5105
2832896,22,97,1237,1997,0.0,1567.0,-1.027777,-1.048214,BGD,HKG,5105
2832897,32,97,1237,1997,244868.0,56894.0,0.718336,1.203066,BRA,HKG,5105
2832898,39,97,1237,1997,0.0,2742.0,1.109494,1.178772,CAN,HKG,5105
2832899,42,97,1237,1997,1374678.0,0.0,0.002791,-0.030604000000000003,CHL,HKG,5105
2832900,43,97,1237,1997,27094802.0,4724406.0,0.36051300000000003,3.287322,CHN,HKG,5105
2832901,61,97,1237,1997,1023764.0,11563.0,2.293936,-2.2301919999999997,DEU,HKG,5105
2832902,71,97,1237,1997,625828.0,0.0,1.082049,2.0238650000000002,ESP,HKG,5105
2832903,77,97,1237,1997,712797.0,370401.0,1.69504,0.8278549999999999,FRA,HKG,5105
2832904,81,97,1237,1997,687891.0,1245185.0,1.886353,0.783832,GBR,HKG,5105
2832905,104,97,1237,1997,0.0,16254.0,0.262571,2.31305,IND,HKG,5105
2832906,111,97,1237,1997,155992.0,4169189.0,1.4860389999999999,1.235674,ITA,HKG,5105
2832907,114,97,1237,1997,44321.0,340335.0,2.631846,0.553144,JPN,HKG,5105
2832908,121,97,1237,1997,0.0,721410.0,1.0478290000000001,1.2874370000000002,KOR,HKG,5105
2832909,133,97,1237,1997,210981.0,6777433.0,-0.238002,-0.361492,MAC,HKG,5105
2832910,151,97,1237,1997,0.0,792982.0,-0.49241,-0.695729,MUS,HKG,5105
2832911,166,97,1237,1997,3401691.0,0.0,0.557545,0.731294,NZL,HKG,5105
2832912,173,97,1237,1997,122810.0,0.0,-0.5023880000000001,-0.262563,PER,HKG,5105
2832913,174,97,1237,1997,334704.0,81792.0,-0.24310900000000002,0.085784,PHL,HKG,5105
2832914,216,97,1237,1997,393426.0,7963.0,0.084875,1.41931,THA,HKG,5105
2832915,230,97,1237,1997,16555450.0,0.0,0.226228,0.29183400000000004,URY,HKG,5105
2832916,231,97,1237,1997,293231.0,302825.0,1.823511,0.888084,USA,HKG,5105
2832917,239,97,1237,1997,0.0,973154.0,-0.93384,0.06253099999999999,VNM,HKG,5105
2832918,246,97,1237,1997,6430382.0,0.0,0.501792,1.1192440000000001,ZAF,HKG,5105
2832919,249,97,1237,1997,15537936.0,10212.0,1.317672,1.800561,TWN,HKG,5105
2832920,8,99,1237,1997,162517.0,0.0,0.273654,0.495389,ARG,HND,5105
2832921,111,99,1237,1997,0.0,37562.0,1.4860389999999999,1.235674,ITA,HND,5105
2832922,178,99,1237,1997,2328.0,0.0,0.701604,0.649257,PRK,HND,5105
2832923,231,99,1237,1997,12705.0,0.0,1.823511,0.888084,USA,HND,5105
2832924,14,103,1237,1997,10780879.0,32518.0,0.428555,0.798283,AUS,IDN,5105
2832925,39,103,1237,1997,16333.0,53578.0,1.109494,1.178772,CAN,IDN,5105
2832926,43,103,1237,1997,2890076.0,18703.0,0.36051300000000003,3.287322,CHN,IDN,5105
2832927,61,103,1237,1997,562873.0,0.0,2.293936,-2.2301919999999997,DEU,IDN,5105
2832928,81,103,1237,1997,1510.0,0.0,1.886353,0.783832,GBR,IDN,5105
2832929,114,103,1237,1997,364318.0,55457.0,2.631846,0.553144,JPN,IDN,5105
2832930,121,103,1237,1997,242775.0,0.0,1.0478290000000001,1.2874370000000002,KOR,IDN,5105
2832931,153,103,1237,1997,1944500.0,0.0,0.37340999999999996,0.36853600000000003,MYS,IDN,5105
2832932,166,103,1237,1997,933459.0,0.0,0.557545,0.731294,NZL,IDN,5105
2832933,216,103,1237,1997,1422524.0,0.0,0.084875,1.41931,THA,IDN,5105
2832934,231,103,1237,1997,420306.0,53034.0,1.823511,0.888084,USA,IDN,5105
2832935,249,103,1237,1997,2281275.0,0.0,1.317672,1.800561,TWN,IDN,5105
2832936,61,106,1237,1997,3817366.0,21558.0,2.293936,-2.2301919999999997,DEU,IRL,5105
2832937,71,106,1237,1997,121498.0,3291.0,1.082049,2.0238650000000002,ESP,IRL,5105
2832938,77,106,1237,1997,4373446.0,89609.0,1.69504,0.8278549999999999,FRA,IRL,5105
2832939,81,106,1237,1997,8328952.0,29464.0,1.886353,0.783832,GBR,IRL,5105
2832940,104,106,1237,1997,6352.0,77343.0,0.262571,2.31305,IND,IRL,5105
2832941,111,106,1237,1997,0.0,173180.0,1.4860389999999999,1.235674,ITA,IRL,5105
2832942,114,106,1237,1997,0.0,155485.0,2.631846,0.553144,JPN,IRL,5105
2832943,179,106,1237,1997,0.0,796987.0,0.379367,1.296551,PRT,IRL,5105
2832944,207,106,1237,1997,0.0,36075.0,1.435765,1.348897,SVN,IRL,5105
2832945,231,106,1237,1997,9182.0,4395.0,1.823511,0.888084,USA,IRL,5105
2832946,246,106,1237,1997,1897916.0,0.0,0.501792,1.1192440000000001,ZAF,IRL,5105
2832947,14,110,1237,1997,175780.0,0.0,0.428555,0.798283,AUS,ISR,5105
2832948,41,110,1237,1997,62830.0,0.0,2.280163,0.597819,CHE,ISR,5105
2832949,61,110,1237,1997,3676128.0,0.0,2.293936,-2.2301919999999997,DEU,ISR,5105
2832950,71,110,1237,1997,16528.0,0.0,1.082049,2.0238650000000002,ESP,ISR,5105
2832951,77,110,1237,1997,889811.0,0.0,1.69504,0.8278549999999999,FRA,ISR,5105
2832952,81,110,1237,1997,551509.0,43975.0,1.886353,0.783832,GBR,ISR,5105
2832953,111,110,1237,1997,96630.0,56656.0,1.4860389999999999,1.235674,ITA,ISR,5105
2832954,162,110,1237,1997,52253.0,0.0,1.267794,1.727888,NLD,ISR,5105
2832955,230,110,1237,1997,0.0,1687.0,0.226228,0.29183400000000004,URY,ISR,5105
2832956,8,111,1237,1997,9485654.0,6403.0,0.273654,0.495389,ARG,ITA,5105
2832957,14,111,1237,1997,35338717.0,349592.0,0.428555,0.798283,AUS,ITA,5105
2832958,15,111,1237,1997,84354.0,1567005.0,1.8926189999999998,0.624346,AUT,ITA,5105
2832959,18,111,1237,1997,1596861.0,235745.0,1.4274069999999999,1.490435,BEL,ITA,5105
2832960,23,111,1237,1997,1356628.0,10702.0,0.487041,1.287344,BGR,ITA,5105
2832961,26,111,1237,1997,0.0,186618.0,0.459512,0.194939,BIH,ITA,5105
2832962,31,111,1237,1997,111025.0,0.0,-0.697563,-0.8841479999999999,BOL,ITA,5105
2832963,32,111,1237,1997,4532864.0,116642.0,0.718336,1.203066,BRA,ITA,5105
2832964,41,111,1237,1997,450410.0,1476994.0,2.280163,0.597819,CHE,ITA,5105
2832965,42,111,1237,1997,5619402.0,215920.0,0.002791,-0.030604000000000003,CHL,ITA,5105
2832966,43,111,1237,1997,6411607.0,584005.0,0.36051300000000003,3.287322,CHN,ITA,5105
2832967,49,111,1237,1997,0.0,96770.0,0.190632,0.068001,COL,ITA,5105
2832968,59,111,1237,1997,372181.0,1375954.0,1.40651,1.354695,CZE,ITA,5105
2832969,61,111,1237,1997,59662043.0,12111496.0,2.293936,-2.2301919999999997,DEU,ITA,5105
2832970,64,111,1237,1997,59663.0,0.0,1.358279,1.420107,DNK,ITA,5105
2832971,68,111,1237,1997,0.0,65141.0,-0.314425,0.156345,EGY,ITA,5105
2832972,71,111,1237,1997,38175141.0,912927.0,1.082049,2.0238650000000002,ESP,ITA,5105
2832973,74,111,1237,1997,0.0,3710.0,1.9298959999999998,1.083861,FIN,ITA,5105
2832974,77,111,1237,1997,148886251.0,8289836.0,1.69504,0.8278549999999999,FRA,ITA,5105
2832975,81,111,1237,1997,44310459.0,4493083.0,1.886353,0.783832,GBR,ITA,5105
2832976,90,111,1237,1997,0.0,740326.0,0.229516,1.085225,GRC,ITA,5105
2832977,97,111,1237,1997,4169189.0,155992.0,0.521942,2.578405,HKG,ITA,5105
2832978,99,111,1237,1997,37562.0,0.0,-0.832161,-0.5578270000000001,HND,ITA,5105
2832979,100,111,1237,1997,0.0,155639.0,0.607903,1.147751,HRV,ITA,5105
2832980,102,111,1237,1997,8568967.0,11837.0,0.746743,1.577102,HUN,ITA,5105
2832981,104,111,1237,1997,597138.0,193599.0,0.262571,2.31305,IND,ITA,5105
2832982,106,111,1237,1997,173180.0,0.0,1.471048,0.8769370000000001,IRL,ITA,5105
2832983,107,111,1237,1997,5126682.0,30206.0,-0.503841,-0.9984059999999999,IRN,ITA,5105
2832984,110,111,1237,1997,56656.0,96630.0,1.3230030000000002,0.965016,ISR,ITA,5105
2832985,114,111,1237,1997,98819.0,1669938.0,2.631846,0.553144,JPN,ITA,5105
2832986,121,111,1237,1997,120490.0,172856.0,1.0478290000000001,1.2874370000000002,KOR,ITA,5105
2832987,124,111,1237,1997,0.0,19731.0,0.334291,0.783104,LBN,ITA,5105
2832988,130,111,1237,1997,0.0,1967.0,0.377245,0.8823270000000001,LTU,ITA,5105
2832989,132,111,1237,1997,4311.0,0.0,0.398848,0.215206,LVA,ITA,5105
2832990,133,111,1237,1997,0.0,3159.0,-0.238002,-0.361492,MAC,ITA,5105
2832991,134,111,1237,1997,0.0,19633.0,-0.649616,-0.260554,MAR,ITA,5105
2832992,138,111,1237,1997,41174.0,544225.0,0.603221,0.898488,MEX,ITA,5105
2832993,140,111,1237,1997,0.0,38592.0,0.26327399999999995,0.704879,MKD,ITA,5105
2832994,142,111,1237,1997,0.0,2046.0,0.936998,0.062266999999999996,MLT,ITA,5105
2832995,145,111,1237,1997,106355.0,0.0,-0.36035300000000003,-0.862088,MNG,ITA,5105
2832996,151,111,1237,1997,0.0,140451.0,-0.49241,-0.695729,MUS,ITA,5105
2832997,153,111,1237,1997,0.0,131328.0,0.37340999999999996,0.36853600000000003,MYS,ITA,5105
2832998,162,111,1237,1997,439440.0,227925.0,1.267794,1.727888,NLD,ITA,5105
2832999,163,111,1237,1997,0.0,22774.0,1.003945,0.188826,NOR,ITA,5105
2833000,166,111,1237,1997,44611.0,0.0,0.557545,0.731294,NZL,ITA,5105
2833001,173,111,1237,1997,3907019.0,11376.0,-0.5023880000000001,-0.262563,PER,ITA,5105
2833002,177,111,1237,1997,752907.0,169631.0,0.805559,1.9598520000000001,POL,ITA,5105
2833003,178,111,1237,1997,101678.0,0.0,0.701604,0.649257,PRK,ITA,5105
2833004,179,111,1237,1997,354903.0,525452.0,0.379367,1.296551,PRT,ITA,5105
2833005,185,111,1237,1997,106647.0,906964.0,0.44381000000000004,1.084109,ROU,ITA,5105
2833006,186,111,1237,1997,2312461.0,0.0,0.87377,0.423861,RUS,ITA,5105
2833007,192,111,1237,1997,0.0,321454.0,1.01557,0.360154,SGP,ITA,5105
2833008,206,111,1237,1997,0.0,2339.0,1.200699,1.318346,SVK,ITA,5105
2833009,207,111,1237,1997,78369.0,1001554.0,1.435765,1.348897,SVN,ITA,5105
2833010,208,111,1237,1997,0.0,67301.0,2.120182,0.993078,SWE,ITA,5105
2833011,223,111,1237,1997,0.0,2567.0,-0.24073899999999998,-0.146818,TUN,ITA,5105
2833012,224,111,1237,1997,78523.0,1130588.0,0.167734,1.5827870000000002,TUR,ITA,5105
2833013,228,111,1237,1997,0.0,119485.0,0.8502559999999999,0.956254,UKR,ITA,5105
2833014,230,111,1237,1997,23881989.0,5043.0,0.226228,0.29183400000000004,URY,ITA,5105
2833015,231,111,1237,1997,1464204.0,118846.0,1.823511,0.888084,USA,ITA,5105
2833016,246,111,1237,1997,19354005.0,30243.0,0.501792,1.1192440000000001,ZAF,ITA,5105
2833017,249,111,1237,1997,41246.0,0.0,1.317672,1.800561,TWN,ITA,5105
2833018,8,121,1237,1997,1156517.0,0.0,0.273654,0.495389,ARG,KOR,5105
2833019,14,121,1237,1997,53631105.0,0.0,0.428555,0.798283,AUS,KOR,5105
2833020,15,121,1237,1997,1937854.0,0.0,1.8926189999999998,0.624346,AUT,KOR,5105
2833021,18,121,1237,1997,2166.0,0.0,1.4274069999999999,1.490435,BEL,KOR,5105
2833022,22,121,1237,1997,0.0,4524.0,-1.027777,-1.048214,BGD,KOR,5105
2833023,32,121,1237,1997,131716.0,0.0,0.718336,1.203066,BRA,KOR,5105
2833024,42,121,1237,1997,273282.0,0.0,0.002791,-0.030604000000000003,CHL,KOR,5105
2833025,43,121,1237,1997,8986035.0,7471855.0,0.36051300000000003,3.287322,CHN,KOR,5105
2833026,61,121,1237,1997,3362977.0,0.0,2.293936,-2.2301919999999997,DEU,KOR,5105
2833027,71,121,1237,1997,797163.0,0.0,1.082049,2.0238650000000002,ESP,KOR,5105
2833028,77,121,1237,1997,1229094.0,0.0,1.69504,0.8278549999999999,FRA,KOR,5105
2833029,81,121,1237,1997,1639474.0,12476.0,1.886353,0.783832,GBR,KOR,5105
2833030,97,121,1237,1997,721410.0,0.0,0.521942,2.578405,HKG,KOR,5105
2833031,103,121,1237,1997,0.0,242775.0,-0.44080699999999995,1.220104,IDN,KOR,5105
2833032,104,121,1237,1997,127569.0,159437.0,0.262571,2.31305,IND,KOR,5105
2833033,111,121,1237,1997,172856.0,120490.0,1.4860389999999999,1.235674,ITA,KOR,5105
2833034,114,121,1237,1997,175455.0,359318.0,2.631846,0.553144,JPN,KOR,5105
2833035,115,121,1237,1997,4258.0,0.0,0.44044300000000003,-0.10249000000000001,KAZ,KOR,5105
2833036,142,121,1237,1997,228122.0,0.0,0.936998,0.062266999999999996,MLT,KOR,5105
2833037,145,121,1237,1997,256072.0,0.0,-0.36035300000000003,-0.862088,MNG,KOR,5105
2833038,153,121,1237,1997,921051.0,0.0,0.37340999999999996,0.36853600000000003,MYS,KOR,5105
2833039,166,121,1237,1997,70355.0,0.0,0.557545,0.731294,NZL,KOR,5105
2833040,173,121,1237,1997,709347.0,0.0,-0.5023880000000001,-0.262563,PER,KOR,5105
2833041,174,121,1237,1997,22784.0,0.0,-0.24310900000000002,0.085784,PHL,KOR,5105
2833042,186,121,1237,1997,14997.0,0.0,0.87377,0.423861,RUS,KOR,5105
2833043,188,121,1237,1997,39173.0,45846.0,0.015040000000000001,-0.954475,SAU,KOR,5105
2833044,216,121,1237,1997,93359.0,0.0,0.084875,1.41931,THA,KOR,5105
2833045,224,121,1237,1997,40839.0,35526.0,0.167734,1.5827870000000002,TUR,KOR,5105
2833046,230,121,1237,1997,256994.0,0.0,0.226228,0.29183400000000004,URY,KOR,5105
2833047,231,121,1237,1997,7491457.0,0.0,1.823511,0.888084,USA,KOR,5105
2833048,246,121,1237,1997,10339864.0,0.0,0.501792,1.1192440000000001,ZAF,KOR,5105
2833049,249,121,1237,1997,27491278.0,77078.0,1.317672,1.800561,TWN,KOR,5105
2833050,23,124,1237,1997,3532.0,0.0,0.487041,1.287344,BGR,LBN,5105
2833051,32,124,1237,1997,48330.0,0.0,0.718336,1.203066,BRA,LBN,5105
2833052,61,124,1237,1997,550094.0,0.0,2.293936,-2.2301919999999997,DEU,LBN,5105
2833053,81,124,1237,1997,77196.0,123428.0,1.886353,0.783832,GBR,LBN,5105
2833054,111,124,1237,1997,19731.0,0.0,1.4860389999999999,1.235674,ITA,LBN,5105
2833055,224,124,1237,1997,26002.0,0.0,0.167734,1.5827870000000002,TUR,LBN,5105
2833056,8,130,1237,1997,234340.0,0.0,0.273654,0.495389,ARG,LTU,5105
2833057,14,130,1237,1997,165018.0,0.0,0.428555,0.798283,AUS,LTU,5105
2833058,59,130,1237,1997,73544.0,0.0,1.40651,1.354695,CZE,LTU,5105
2833059,61,130,1237,1997,376964.0,0.0,2.293936,-2.2301919999999997,DEU,LTU,5105
2833060,64,130,1237,1997,57808.0,0.0,1.358279,1.420107,DNK,LTU,5105
2833061,71,130,1237,1997,953136.0,0.0,1.082049,2.0238650000000002,ESP,LTU,5105
2833062,77,130,1237,1997,717983.0,0.0,1.69504,0.8278549999999999,FRA,LTU,5105
2833063,81,130,1237,1997,10950.0,0.0,1.886353,0.783832,GBR,LTU,5105
2833064,111,130,1237,1997,1967.0,0.0,1.4860389999999999,1.235674,ITA,LTU,5105
2833065,186,130,1237,1997,92957.0,0.0,0.87377,0.423861,RUS,LTU,5105
2833066,230,130,1237,1997,206843.0,0.0,0.226228,0.29183400000000004,URY,LTU,5105
2833067,246,130,1237,1997,36187.0,0.0,0.501792,1.1192440000000001,ZAF,LTU,5105
2833068,8,138,1237,1997,2482279.0,0.0,0.273654,0.495389,ARG,MEX,5105
2833069,14,138,1237,1997,11912660.0,0.0,0.428555,0.798283,AUS,MEX,5105
2833070,18,138,1237,1997,281962.0,0.0,1.4274069999999999,1.490435,BEL,MEX,5105
2833071,31,138,1237,1997,1480.0,0.0,-0.697563,-0.8841479999999999,BOL,MEX,5105
2833072,43,138,1237,1997,0.0,47952.0,0.36051300000000003,3.287322,CHN,MEX,5105
2833073,61,138,1237,1997,1763208.0,0.0,2.293936,-2.2301919999999997,DEU,MEX,5105
2833074,71,138,1237,1997,6013.0,0.0,1.082049,2.0238650000000002,ESP,MEX,5105
2833075,77,138,1237,1997,239848.0,0.0,1.69504,0.8278549999999999,FRA,MEX,5105
2833076,81,138,1237,1997,233974.0,0.0,1.886353,0.783832,GBR,MEX,5105
2833077,111,138,1237,1997,544225.0,41174.0,1.4860389999999999,1.235674,ITA,MEX,5105
2833078,216,138,1237,1997,38508.0,0.0,0.084875,1.41931,THA,MEX,5105
2833079,230,138,1237,1997,687789.0,0.0,0.226228,0.29183400000000004,URY,MEX,5105
2833080,231,138,1237,1997,7936456.0,815236.0,1.823511,0.888084,USA,MEX,5105
2833081,236,138,1237,1997,0.0,158516.0,0.21363200000000002,-0.668341,VEN,MEX,5105
2833082,246,138,1237,1997,500453.0,0.0,0.501792,1.1192440000000001,ZAF,MEX,5105
2833083,14,153,1237,1997,236267.0,0.0,0.428555,0.798283,AUS,MYS,5105
2833084,32,153,1237,1997,0.0,18811.0,0.718336,1.203066,BRA,MYS,5105
2833085,34,153,1237,1997,0.0,1337.0,-0.092276,-0.772393,BRN,MYS,5105
2833086,43,153,1237,1997,319753.0,3759830.0,0.36051300000000003,3.287322,CHN,MYS,5105
2833087,61,153,1237,1997,0.0,21742.0,2.293936,-2.2301919999999997,DEU,MYS,5105
2833088,81,153,1237,1997,9061.0,0.0,1.886353,0.783832,GBR,MYS,5105
2833089,103,153,1237,1997,0.0,1944500.0,-0.44080699999999995,1.220104,IDN,MYS,5105
2833090,104,153,1237,1997,0.0,52964.0,0.262571,2.31305,IND,MYS,5105
2833091,111,153,1237,1997,131328.0,0.0,1.4860389999999999,1.235674,ITA,MYS,5105
2833092,114,153,1237,1997,111018.0,58520710.0,2.631846,0.553144,JPN,MYS,5105
2833093,121,153,1237,1997,0.0,921051.0,1.0478290000000001,1.2874370000000002,KOR,MYS,5105
2833094,166,153,1237,1997,32261.0,0.0,0.557545,0.731294,NZL,MYS,5105
2833095,174,153,1237,1997,0.0,35573.0,-0.24310900000000002,0.085784,PHL,MYS,5105
2833096,216,153,1237,1997,4773915.0,0.0,0.084875,1.41931,THA,MYS,5105
2833097,246,153,1237,1997,18965.0,0.0,0.501792,1.1192440000000001,ZAF,MYS,5105
2833098,249,153,1237,1997,580280.0,256696.0,1.317672,1.800561,TWN,MYS,5105
2833099,18,162,1237,1997,1271128.0,763632.0,1.4274069999999999,1.490435,BEL,NLD,5105
2833100,23,162,1237,1997,4266.0,0.0,0.487041,1.287344,BGR,NLD,5105
2833101,41,162,1237,1997,0.0,103141.0,2.280163,0.597819,CHE,NLD,5105
2833102,43,162,1237,1997,2230618.0,0.0,0.36051300000000003,3.287322,CHN,NLD,5105
2833103,61,162,1237,1997,1422033.0,240615.0,2.293936,-2.2301919999999997,DEU,NLD,5105
2833104,64,162,1237,1997,109160.0,12814.0,1.358279,1.420107,DNK,NLD,5105
2833105,77,162,1237,1997,803344.0,377188.0,1.69504,0.8278549999999999,FRA,NLD,5105
2833106,81,162,1237,1997,212454.0,46387.0,1.886353,0.783832,GBR,NLD,5105
2833107,90,162,1237,1997,0.0,384708.0,0.229516,1.085225,GRC,NLD,5105
2833108,110,162,1237,1997,0.0,52253.0,1.3230030000000002,0.965016,ISR,NLD,5105
2833109,111,162,1237,1997,227925.0,439440.0,1.4860389999999999,1.235674,ITA,NLD,5105
2833110,132,162,1237,1997,0.0,3579.0,0.398848,0.215206,LVA,NLD,5105
2833111,145,162,1237,1997,54465.0,0.0,-0.36035300000000003,-0.862088,MNG,NLD,5105
2833112,166,162,1237,1997,78328.0,0.0,0.557545,0.731294,NZL,NLD,5105
2833113,224,162,1237,1997,0.0,49470.0,0.167734,1.5827870000000002,TUR,NLD,5105
2833114,231,162,1237,1997,142285.0,0.0,1.823511,0.888084,USA,NLD,5105
2833115,14,163,1237,1997,1399.0,0.0,0.428555,0.798283,AUS,NOR,5105
2833116,61,163,1237,1997,55623.0,0.0,2.293936,-2.2301919999999997,DEU,NOR,5105
2833117,64,163,1237,1997,7798.0,5768.0,1.358279,1.420107,DNK,NOR,5105
2833118,74,163,1237,1997,1859.0,0.0,1.9298959999999998,1.083861,FIN,NOR,5105
2833119,77,163,1237,1997,0.0,12349.0,1.69504,0.8278549999999999,FRA,NOR,5105
2833120,81,163,1237,1997,4708197.0,48461.0,1.886353,0.783832,GBR,NOR,5105
2833121,111,163,1237,1997,22774.0,0.0,1.4860389999999999,1.235674,ITA,NOR,5105
2833122,166,163,1237,1997,292117.0,0.0,0.557545,0.731294,NZL,NOR,5105
2833123,173,163,1237,1997,9951.0,0.0,-0.5023880000000001,-0.262563,PER,NOR,5105
2833124,208,163,1237,1997,2659.0,16942.0,2.120182,0.993078,SWE,NOR,5105
2833125,14,166,1237,1997,1135324.0,398461.0,0.428555,0.798283,AUS,NZL,5105
2833126,15,166,1237,1997,0.0,4655.0,1.8926189999999998,0.624346,AUT,NZL,5105
2833127,23,166,1237,1997,0.0,5822.0,0.487041,1.287344,BGR,NZL,5105
2833128,39,166,1237,1997,0.0,913963.0,1.109494,1.178772,CAN,NZL,5105
2833129,41,166,1237,1997,0.0,54649.0,2.280163,0.597819,CHE,NZL,5105
2833130,43,166,1237,1997,138634.0,10006172.0,0.36051300000000003,3.287322,CHN,NZL,5105
2833131,59,166,1237,1997,0.0,15089.0,1.40651,1.354695,CZE,NZL,5105
2833132,61,166,1237,1997,4297.0,125621.0,2.293936,-2.2301919999999997,DEU,NZL,5105
2833133,64,166,1237,1997,0.0,945.0,1.358279,1.420107,DNK,NZL,5105
2833134,71,166,1237,1997,5125.0,0.0,1.082049,2.0238650000000002,ESP,NZL,5105
2833135,77,166,1237,1997,1348.0,142756.0,1.69504,0.8278549999999999,FRA,NZL,5105
2833136,81,166,1237,1997,146136.0,175961.0,1.886353,0.783832,GBR,NZL,5105
2833137,97,166,1237,1997,0.0,3401691.0,0.521942,2.578405,HKG,NZL,5105
2833138,100,166,1237,1997,0.0,65764.0,0.607903,1.147751,HRV,NZL,5105
2833139,103,166,1237,1997,0.0,933459.0,-0.44080699999999995,1.220104,IDN,NZL,5105
2833140,104,166,1237,1997,0.0,192189.0,0.262571,2.31305,IND,NZL,5105
2833141,107,166,1237,1997,0.0,92426.0,-0.503841,-0.9984059999999999,IRN,NZL,5105
2833142,111,166,1237,1997,0.0,44611.0,1.4860389999999999,1.235674,ITA,NZL,5105
2833143,114,166,1237,1997,0.0,2258130.0,2.631846,0.553144,JPN,NZL,5105
2833144,121,166,1237,1997,0.0,70355.0,1.0478290000000001,1.2874370000000002,KOR,NZL,5105
2833145,134,166,1237,1997,0.0,176375.0,-0.649616,-0.260554,MAR,NZL,5105
2833146,153,166,1237,1997,0.0,32261.0,0.37340999999999996,0.36853600000000003,MYS,NZL,5105
2833147,162,166,1237,1997,0.0,78328.0,1.267794,1.727888,NLD,NZL,5105
2833148,163,166,1237,1997,0.0,292117.0,1.003945,0.188826,NOR,NZL,5105
2833149,173,166,1237,1997,2351.0,0.0,-0.5023880000000001,-0.262563,PER,NZL,5105
2833150,179,166,1237,1997,20996.0,34608.0,0.379367,1.296551,PRT,NZL,5105
2833151,185,166,1237,1997,0.0,34223.0,0.44381000000000004,1.084109,ROU,NZL,5105
2833152,207,166,1237,1997,0.0,1116.0,1.435765,1.348897,SVN,NZL,5105
2833153,212,166,1237,1997,0.0,492774.0,-1.046433,-0.9678620000000001,SYR,NZL,5105
2833154,224,166,1237,1997,0.0,468172.0,0.167734,1.5827870000000002,TUR,NZL,5105
2833155,231,166,1237,1997,0.0,609354.0,1.823511,0.888084,USA,NZL,5105
2833156,246,166,1237,1997,13563.0,0.0,0.501792,1.1192440000000001,ZAF,NZL,5105
2833157,249,166,1237,1997,0.0,4693662.0,1.317672,1.800561,TWN,NZL,5105
2833158,250,166,1237,1997,37873.0,0.0,1.036748,0.851626,ANS,NZL,5105
2833159,43,174,1237,1997,1565133.0,0.0,0.36051300000000003,3.287322,CHN,PHL,5105
2833160,97,174,1237,1997,81792.0,334704.0,0.521942,2.578405,HKG,PHL,5105
2833161,121,174,1237,1997,0.0,22784.0,1.0478290000000001,1.2874370000000002,KOR,PHL,5105
2833162,153,174,1237,1997,35573.0,0.0,0.37340999999999996,0.36853600000000003,MYS,PHL,5105
2833163,216,174,1237,1997,107024.0,0.0,0.084875,1.41931,THA,PHL,5105
2833164,231,174,1237,1997,20670.0,0.0,1.823511,0.888084,USA,PHL,5105
2833165,8,179,1237,1997,35608.0,0.0,0.273654,0.495389,ARG,PRT,5105
2833166,14,179,1237,1997,295334.0,0.0,0.428555,0.798283,AUS,PRT,5105
2833167,15,179,1237,1997,0.0,2641.0,1.8926189999999998,0.624346,AUT,PRT,5105
2833168,18,179,1237,1997,0.0,28769.0,1.4274069999999999,1.490435,BEL,PRT,5105
2833169,41,179,1237,1997,26382.0,0.0,2.280163,0.597819,CHE,PRT,5105
2833170,59,179,1237,1997,210815.0,0.0,1.40651,1.354695,CZE,PRT,5105
2833171,61,179,1237,1997,37649432.0,203050.0,2.293936,-2.2301919999999997,DEU,PRT,5105
2833172,71,179,1237,1997,1460491.0,2571861.0,1.082049,2.0238650000000002,ESP,PRT,5105
2833173,77,179,1237,1997,12158881.0,304034.0,1.69504,0.8278549999999999,FRA,PRT,5105
2833174,81,179,1237,1997,5660385.0,7239.0,1.886353,0.783832,GBR,PRT,5105
2833175,104,179,1237,1997,273086.0,0.0,0.262571,2.31305,IND,PRT,5105
2833176,106,179,1237,1997,796987.0,0.0,1.471048,0.8769370000000001,IRL,PRT,5105
2833177,111,179,1237,1997,525452.0,354903.0,1.4860389999999999,1.235674,ITA,PRT,5105
2833178,166,179,1237,1997,34608.0,20996.0,0.557545,0.731294,NZL,PRT,5105
2833179,177,179,1237,1997,80570.0,0.0,0.805559,1.9598520000000001,POL,PRT,5105
2833180,231,179,1237,1997,0.0,249309.0,1.823511,0.888084,USA,PRT,5105
2833181,246,179,1237,1997,70302.0,0.0,0.501792,1.1192440000000001,ZAF,PRT,5105
2833182,61,208,1237,1997,16619.0,7941.0,2.293936,-2.2301919999999997,DEU,SWE,5105
2833183,64,208,1237,1997,25148.0,4865.0,1.358279,1.420107,DNK,SWE,5105
2833184,74,208,1237,1997,0.0,1717.0,1.9298959999999998,1.083861,FIN,SWE,5105
2833185,111,208,1237,1997,67301.0,0.0,1.4860389999999999,1.235674,ITA,SWE,5105
2833186,114,208,1237,1997,0.0,1554.0,2.631846,0.553144,JPN,SWE,5105
2833187,163,208,1237,1997,16942.0,2659.0,1.003945,0.188826,NOR,SWE,5105
2833188,14,216,1237,1997,203240.0,0.0,0.428555,0.798283,AUS,THA,5105
2833189,32,216,1237,1997,0.0,66909.0,0.718336,1.203066,BRA,THA,5105
2833190,39,216,1237,1997,0.0,68698.0,1.109494,1.178772,CAN,THA,5105
2833191,43,216,1237,1997,28248.0,9664187.0,0.36051300000000003,3.287322,CHN,THA,5105
2833192,61,216,1237,1997,0.0,74756.0,2.293936,-2.2301919999999997,DEU,THA,5105
2833193,74,216,1237,1997,0.0,2729.0,1.9298959999999998,1.083861,FIN,THA,5105
2833194,77,216,1237,1997,1707.0,0.0,1.69504,0.8278549999999999,FRA,THA,5105
2833195,97,216,1237,1997,7963.0,393426.0,0.521942,2.578405,HKG,THA,5105
2833196,103,216,1237,1997,0.0,1422524.0,-0.44080699999999995,1.220104,IDN,THA,5105
2833197,114,216,1237,1997,18441.0,21878492.0,2.631846,0.553144,JPN,THA,5105
2833198,121,216,1237,1997,0.0,93359.0,1.0478290000000001,1.2874370000000002,KOR,THA,5105
2833199,138,216,1237,1997,0.0,38508.0,0.603221,0.898488,MEX,THA,5105
2833200,153,216,1237,1997,0.0,4773915.0,0.37340999999999996,0.36853600000000003,MYS,THA,5105
2833201,174,216,1237,1997,0.0,107024.0,-0.24310900000000002,0.085784,PHL,THA,5105
2833202,231,216,1237,1997,0.0,121264.0,1.823511,0.888084,USA,THA,5105
2833203,231,222,1237,1997,1854.0,0.0,1.823511,0.888084,USA,TTO,5105
2833204,8,224,1237,1997,1329600.0,0.0,0.273654,0.495389,ARG,TUR,5105
2833205,14,224,1237,1997,3490748.0,0.0,0.428555,0.798283,AUS,TUR,5105
2833206,15,224,1237,1997,0.0,32799.0,1.8926189999999998,0.624346,AUT,TUR,5105
2833207,16,224,1237,1997,13161.0,0.0,0.290957,-0.18282,AZE,TUR,5105
2833208,18,224,1237,1997,19202.0,0.0,1.4274069999999999,1.490435,BEL,TUR,5105
2833209,23,224,1237,1997,149711.0,0.0,0.487041,1.287344,BGR,TUR,5105
2833210,41,224,1237,1997,692439.0,0.0,2.280163,0.597819,CHE,TUR,5105
2833211,43,224,1237,1997,131530.0,0.0,0.36051300000000003,3.287322,CHN,TUR,5105
2833212,59,224,1237,1997,1154412.0,0.0,1.40651,1.354695,CZE,TUR,5105
2833213,61,224,1237,1997,26682087.0,287494.0,2.293936,-2.2301919999999997,DEU,TUR,5105
2833214,71,224,1237,1997,115259.0,0.0,1.082049,2.0238650000000002,ESP,TUR,5105
2833215,77,224,1237,1997,17645844.0,0.0,1.69504,0.8278549999999999,FRA,TUR,5105
2833216,81,224,1237,1997,9740816.0,28732.0,1.886353,0.783832,GBR,TUR,5105
2833217,102,224,1237,1997,313256.0,0.0,0.746743,1.577102,HUN,TUR,5105
2833218,104,224,1237,1997,43240.0,858328.0,0.262571,2.31305,IND,TUR,5105
2833219,111,224,1237,1997,1130588.0,78523.0,1.4860389999999999,1.235674,ITA,TUR,5105
2833220,117,224,1237,1997,1499.0,0.0,0.023634,-0.194868,KGZ,TUR,5105
2833221,121,224,1237,1997,35526.0,40839.0,1.0478290000000001,1.2874370000000002,KOR,TUR,5105
2833222,124,224,1237,1997,0.0,26002.0,0.334291,0.783104,LBN,TUR,5105
2833223,134,224,1237,1997,0.0,117088.0,-0.649616,-0.260554,MAR,TUR,5105
2833224,162,224,1237,1997,49470.0,0.0,1.267794,1.727888,NLD,TUR,5105
2833225,166,224,1237,1997,468172.0,0.0,0.557545,0.731294,NZL,TUR,5105
2833226,173,224,1237,1997,36915.0,0.0,-0.5023880000000001,-0.262563,PER,TUR,5105
2833227,185,224,1237,1997,0.0,94383.0,0.44381000000000004,1.084109,ROU,TUR,5105
2833228,186,224,1237,1997,686046.0,4605.0,0.87377,0.423861,RUS,TUR,5105
2833229,207,224,1237,1997,0.0,16307.0,1.435765,1.348897,SVN,TUR,5105
2833230,230,224,1237,1997,749513.0,0.0,0.226228,0.29183400000000004,URY,TUR,5105
2833231,231,224,1237,1997,379708.0,33830.0,1.823511,0.888084,USA,TUR,5105
2833232,232,224,1237,1997,42037.0,0.0,-0.26560700000000004,-0.870447,UZB,TUR,5105
2833233,246,224,1237,1997,798163.0,0.0,0.501792,1.1192440000000001,ZAF,TUR,5105
2833234,249,224,1237,1997,0.0,14631.0,1.317672,1.800561,TWN,TUR,5105
2833235,250,224,1237,1997,1043986.0,1256748.0,1.036748,0.851626,ANS,TUR,5105
2833236,8,230,1237,1997,274634.0,482373.0,0.273654,0.495389,ARG,URY,5105
2833237,14,230,1237,1997,2316.0,0.0,0.428555,0.798283,AUS,URY,5105
2833238,15,230,1237,1997,0.0,514911.0,1.8926189999999998,0.624346,AUT,URY,5105
2833239,18,230,1237,1997,0.0,1646251.0,1.4274069999999999,1.490435,BEL,URY,5105
2833240,23,230,1237,1997,0.0,104760.0,0.487041,1.287344,BGR,URY,5105
2833241,32,230,1237,1997,547330.0,9857943.0,0.718336,1.203066,BRA,URY,5105
2833242,39,230,1237,1997,0.0,238908.0,1.109494,1.178772,CAN,URY,5105
2833243,41,230,1237,1997,0.0,499283.0,2.280163,0.597819,CHE,URY,5105
2833244,42,230,1237,1997,0.0,1540882.0,0.002791,-0.030604000000000003,CHL,URY,5105
2833245,43,230,1237,1997,0.0,63242395.0,0.36051300000000003,3.287322,CHN,URY,5105
2833246,49,230,1237,1997,0.0,6701668.0,0.190632,0.068001,COL,URY,5105
2833247,59,230,1237,1997,0.0,340537.0,1.40651,1.354695,CZE,URY,5105
2833248,61,230,1237,1997,0.0,31501706.0,2.293936,-2.2301919999999997,DEU,URY,5105
2833249,67,230,1237,1997,0.0,181398.0,-1.1931690000000001,-1.0139690000000001,ECU,URY,5105
2833250,71,230,1237,1997,22197.0,1404421.0,1.082049,2.0238650000000002,ESP,URY,5105
2833251,77,230,1237,1997,23781.0,4075009.0,1.69504,0.8278549999999999,FRA,URY,5105
2833252,81,230,1237,1997,135758.0,11646874.0,1.886353,0.783832,GBR,URY,5105
2833253,90,230,1237,1997,0.0,296138.0,0.229516,1.085225,GRC,URY,5105
2833254,97,230,1237,1997,0.0,16555450.0,0.521942,2.578405,HKG,URY,5105
2833255,104,230,1237,1997,0.0,181086.0,0.262571,2.31305,IND,URY,5105
2833256,107,230,1237,1997,0.0,2754923.0,-0.503841,-0.9984059999999999,IRN,URY,5105
2833257,110,230,1237,1997,1687.0,0.0,1.3230030000000002,0.965016,ISR,URY,5105
2833258,111,230,1237,1997,5043.0,23881989.0,1.4860389999999999,1.235674,ITA,URY,5105
2833259,114,230,1237,1997,0.0,2731804.0,2.631846,0.553144,JPN,URY,5105
2833260,121,230,1237,1997,0.0,256994.0,1.0478290000000001,1.2874370000000002,KOR,URY,5105
2833261,130,230,1237,1997,0.0,206843.0,0.377245,0.8823270000000001,LTU,URY,5105
2833262,133,230,1237,1997,0.0,167285.0,-0.238002,-0.361492,MAC,URY,5105
2833263,134,230,1237,1997,0.0,571268.0,-0.649616,-0.260554,MAR,URY,5105
2833264,138,230,1237,1997,0.0,687789.0,0.603221,0.898488,MEX,URY,5105
2833265,140,230,1237,1997,0.0,83604.0,0.26327399999999995,0.704879,MKD,URY,5105
2833266,173,230,1237,1997,59145.0,1929203.0,-0.5023880000000001,-0.262563,PER,URY,5105
2833267,177,230,1237,1997,0.0,44119.0,0.805559,1.9598520000000001,POL,URY,5105
2833268,185,230,1237,1997,0.0,49726.0,0.44381000000000004,1.084109,ROU,URY,5105
2833269,207,230,1237,1997,0.0,17045.0,1.435765,1.348897,SVN,URY,5105
2833270,224,230,1237,1997,0.0,749513.0,0.167734,1.5827870000000002,TUR,URY,5105
2833271,239,230,1237,1997,0.0,1394592.0,-0.93384,0.06253099999999999,VNM,URY,5105
2833272,246,230,1237,1997,0.0,217535.0,0.501792,1.1192440000000001,ZAF,URY,5105
2833273,8,231,1237,1997,43202.0,30752.0,0.273654,0.495389,ARG,USA,5105
2833274,14,231,1237,1997,3268419.0,0.0,0.428555,0.798283,AUS,USA,5105
2833275,18,231,1237,1997,0.0,43122.0,1.4274069999999999,1.490435,BEL,USA,5105
2833276,22,231,1237,1997,94109.0,0.0,-1.027777,-1.048214,BGD,USA,5105
2833277,23,231,1237,1997,439722.0,13086.0,0.487041,1.287344,BGR,USA,5105
2833278,31,231,1237,1997,1163.0,0.0,-0.697563,-0.8841479999999999,BOL,USA,5105
2833279,32,231,1237,1997,35170.0,24929.0,0.718336,1.203066,BRA,USA,5105
2833280,39,231,1237,1997,553334.0,2800784.0,1.109494,1.178772,CAN,USA,5105
2833281,43,231,1237,1997,9350963.0,6054624.0,0.36051300000000003,3.287322,CHN,USA,5105
2833282,49,231,1237,1997,0.0,37277.0,0.190632,0.068001,COL,USA,5105
2833283,61,231,1237,1997,2609598.0,412939.0,2.293936,-2.2301919999999997,DEU,USA,5105
2833284,65,231,1237,1997,0.0,31223.0,-0.6062850000000001,-0.648523,DOM,USA,5105
2833285,67,231,1237,1997,0.0,1997.0,-1.1931690000000001,-1.0139690000000001,ECU,USA,5105
2833286,68,231,1237,1997,0.0,51260.0,-0.314425,0.156345,EGY,USA,5105
2833287,71,231,1237,1997,156550.0,289588.0,1.082049,2.0238650000000002,ESP,USA,5105
2833288,77,231,1237,1997,141942.0,13900.0,1.69504,0.8278549999999999,FRA,USA,5105
2833289,81,231,1237,1997,1307210.0,222519.0,1.886353,0.783832,GBR,USA,5105
2833290,93,231,1237,1997,3804.0,31724.0,-0.310042,0.2096,GTM,USA,5105
2833291,97,231,1237,1997,302825.0,293231.0,0.521942,2.578405,HKG,USA,5105
2833292,99,231,1237,1997,0.0,12705.0,-0.832161,-0.5578270000000001,HND,USA,5105
2833293,103,231,1237,1997,53034.0,420306.0,-0.44080699999999995,1.220104,IDN,USA,5105
2833294,104,231,1237,1997,80202.0,2444125.0,0.262571,2.31305,IND,USA,5105
2833295,106,231,1237,1997,4395.0,9182.0,1.471048,0.8769370000000001,IRL,USA,5105
2833296,111,231,1237,1997,118846.0,1464204.0,1.4860389999999999,1.235674,ITA,USA,5105
2833297,114,231,1237,1997,0.0,1172796.0,2.631846,0.553144,JPN,USA,5105
2833298,121,231,1237,1997,0.0,7491457.0,1.0478290000000001,1.2874370000000002,KOR,USA,5105
2833299,138,231,1237,1997,815236.0,7936456.0,0.603221,0.898488,MEX,USA,5105
2833300,145,231,1237,1997,63856.0,0.0,-0.36035300000000003,-0.862088,MNG,USA,5105
2833301,162,231,1237,1997,0.0,142285.0,1.267794,1.727888,NLD,USA,5105
2833302,166,231,1237,1997,609354.0,0.0,0.557545,0.731294,NZL,USA,5105
2833303,173,231,1237,1997,113747.0,0.0,-0.5023880000000001,-0.262563,PER,USA,5105
2833304,174,231,1237,1997,0.0,20670.0,-0.24310900000000002,0.085784,PHL,USA,5105
2833305,179,231,1237,1997,249309.0,0.0,0.379367,1.296551,PRT,USA,5105
2833306,192,231,1237,1997,0.0,52468.0,1.01557,0.360154,SGP,USA,5105
2833307,207,231,1237,1997,0.0,10963.0,1.435765,1.348897,SVN,USA,5105
2833308,216,231,1237,1997,121264.0,0.0,0.084875,1.41931,THA,USA,5105
2833309,222,231,1237,1997,0.0,1854.0,0.28791,-0.38322399999999995,TTO,USA,5105
2833310,224,231,1237,1997,33830.0,379708.0,0.167734,1.5827870000000002,TUR,USA,5105
2833311,236,231,1237,1997,0.0,520627.0,0.21363200000000002,-0.668341,VEN,USA,5105
2833312,246,231,1237,1997,304801.0,131455.0,0.501792,1.1192440000000001,ZAF,USA,5105
2833313,249,231,1237,1997,0.0,2614.0,1.317672,1.800561,TWN,USA,5105
2833314,14,236,1237,1997,366239.0,0.0,0.428555,0.798283,AUS,VEN,5105
2833315,61,236,1237,1997,332280.0,0.0,2.293936,-2.2301919999999997,DEU,VEN,5105
2833316,77,236,1237,1997,1095.0,0.0,1.69504,0.8278549999999999,FRA,VEN,5105
2833317,81,236,1237,1997,20388.0,0.0,1.886353,0.783832,GBR,VEN,5105
2833318,114,236,1237,1997,0.0,71006.0,2.631846,0.553144,JPN,VEN,5105
2833319,138,236,1237,1997,158516.0,0.0,0.603221,0.898488,MEX,VEN,5105
2833320,231,236,1237,1997,520627.0,0.0,1.823511,0.888084,USA,VEN,5105
2833321,246,236,1237,1997,2073569.0,0.0,0.501792,1.1192440000000001,ZAF,VEN,5105
2833322,14,246,1237,1997,208277.0,0.0,0.428555,0.798283,AUS,ZAF,5105
2833323,18,246,1237,1997,0.0,1055389.0,1.4274069999999999,1.490435,BEL,ZAF,5105
2833324,39,246,1237,1997,0.0,2908606.0,1.109494,1.178772,CAN,ZAF,5105
2833325,41,246,1237,1997,11247.0,0.0,2.280163,0.597819,CHE,ZAF,5105
2833326,43,246,1237,1997,0.0,5282018.0,0.36051300000000003,3.287322,CHN,ZAF,5105
2833327,59,246,1237,1997,0.0,20391.0,1.40651,1.354695,CZE,ZAF,5105
2833328,61,246,1237,1997,112533.0,4329027.0,2.293936,-2.2301919999999997,DEU,ZAF,5105
2833329,71,246,1237,1997,2298.0,324401.0,1.082049,2.0238650000000002,ESP,ZAF,5105
2833330,77,246,1237,1997,0.0,1031188.0,1.69504,0.8278549999999999,FRA,ZAF,5105
2833331,81,246,1237,1997,159413.0,5178100.0,1.886353,0.783832,GBR,ZAF,5105
2833332,90,246,1237,1997,0.0,241959.0,0.229516,1.085225,GRC,ZAF,5105
2833333,97,246,1237,1997,0.0,6430382.0,0.521942,2.578405,HKG,ZAF,5105
2833334,104,246,1237,1997,0.0,2924315.0,0.262571,2.31305,IND,ZAF,5105
2833335,106,246,1237,1997,0.0,1897916.0,1.471048,0.8769370000000001,IRL,ZAF,5105
2833336,107,246,1237,1997,0.0,249363.0,-0.503841,-0.9984059999999999,IRN,ZAF,5105
2833337,111,246,1237,1997,30243.0,19354005.0,1.4860389999999999,1.235674,ITA,ZAF,5105
2833338,114,246,1237,1997,0.0,12968981.0,2.631846,0.553144,JPN,ZAF,5105
2833339,121,246,1237,1997,0.0,10339864.0,1.0478290000000001,1.2874370000000002,KOR,ZAF,5105
2833340,130,246,1237,1997,0.0,36187.0,0.377245,0.8823270000000001,LTU,ZAF,5105
2833341,133,246,1237,1997,0.0,6579.0,-0.238002,-0.361492,MAC,ZAF,5105
2833342,138,246,1237,1997,0.0,500453.0,0.603221,0.898488,MEX,ZAF,5105
2833343,151,246,1237,1997,0.0,1484494.0,-0.49241,-0.695729,MUS,ZAF,5105
2833344,153,246,1237,1997,0.0,18965.0,0.37340999999999996,0.36853600000000003,MYS,ZAF,5105
2833345,166,246,1237,1997,0.0,13563.0,0.557545,0.731294,NZL,ZAF,5105
2833346,173,246,1237,1997,0.0,37181.0,-0.5023880000000001,-0.262563,PER,ZAF,5105
2833347,179,246,1237,1997,0.0,70302.0,0.379367,1.296551,PRT,ZAF,5105
2833348,207,246,1237,1997,0.0,28194.0,1.435765,1.348897,SVN,ZAF,5105
2833349,224,246,1237,1997,0.0,798163.0,0.167734,1.5827870000000002,TUR,ZAF,5105
2833350,230,246,1237,1997,217535.0,0.0,0.226228,0.29183400000000004,URY,ZAF,5105
2833351,231,246,1237,1997,131455.0,304801.0,1.823511,0.888084,USA,ZAF,5105
2833352,236,246,1237,1997,0.0,2073569.0,0.21363200000000002,-0.668341,VEN,ZAF,5105
2833353,247,246,1237,1997,0.0,4524.0,-0.62183,-0.809639,ZMB,ZAF,5105
2833354,248,246,1237,1997,0.0,29289.0,-0.36357399999999995,-0.449161,ZWE,ZAF,5105
2833355,249,246,1237,1997,0.0,14178832.0,1.317672,1.800561,TWN,ZAF,5105
2833356,250,246,1237,1997,39585.0,0.0,1.036748,0.851626,ANS,ZAF,5105
2833357,1,14,1237,1997,0.0,6110.0,0.019025999999999998,-0.351461,AFG,AUS,5105
2833358,15,14,1237,1997,0.0,391263.0,1.8926189999999998,0.624346,AUT,AUS,5105
2833359,18,14,1237,1997,0.0,86867.0,1.4274069999999999,1.490435,BEL,AUS,5105
2833360,23,14,1237,1997,14827.0,0.0,0.487041,1.287344,BGR,AUS,5105
2833361,39,14,1237,1997,0.0,2258916.0,1.109494,1.178772,CAN,AUS,5105
2833362,42,14,1237,1997,6452.0,0.0,0.002791,-0.030604000000000003,CHL,AUS,5105
2833363,43,14,1237,1997,93716.0,120399833.0,0.36051300000000003,3.287322,CHN,AUS,5105
2833364,49,14,1237,1997,0.0,366200.0,0.190632,0.068001,COL,AUS,5105
2833365,59,14,1237,1997,0.0,1709381.0,1.40651,1.354695,CZE,AUS,5105
2833366,61,14,1237,1997,4983.0,12329904.0,2.293936,-2.2301919999999997,DEU,AUS,5105
2833367,68,14,1237,1997,0.0,180473.0,-0.314425,0.156345,EGY,AUS,5105
2833368,71,14,1237,1997,0.0,370768.0,1.082049,2.0238650000000002,ESP,AUS,5105
2833369,77,14,1237,1997,7157.0,590808.0,1.69504,0.8278549999999999,FRA,AUS,5105
2833370,80,14,1237,1997,0.0,368795.0,-1.177994,-1.134955,GAB,AUS,5105
2833371,81,14,1237,1997,197280.0,5608529.0,1.886353,0.783832,GBR,AUS,5105
2833372,90,14,1237,1997,0.0,288657.0,0.229516,1.085225,GRC,AUS,5105
2833373,97,14,1237,1997,42850.0,12893332.0,0.521942,2.578405,HKG,AUS,5105
2833374,100,14,1237,1997,0.0,1710368.0,0.607903,1.147751,HRV,AUS,5105
2833375,102,14,1237,1997,0.0,242516.0,0.746743,1.577102,HUN,AUS,5105
2833376,103,14,1237,1997,32518.0,10780879.0,-0.44080699999999995,1.220104,IDN,AUS,5105
2833377,104,14,1237,1997,12850.0,4000653.0,0.262571,2.31305,IND,AUS,5105
2833378,107,14,1237,1997,0.0,3037039.0,-0.503841,-0.9984059999999999,IRN,AUS,5105
2833379,109,14,1237,1997,0.0,10587.0,0.217533,-0.405395,ISL,AUS,5105
2833380,110,14,1237,1997,0.0,175780.0,1.3230030000000002,0.965016,ISR,AUS,5105
2833381,111,14,1237,1997,349592.0,35338717.0,1.4860389999999999,1.235674,ITA,AUS,5105
2833382,114,14,1237,1997,11170.0,44912587.0,2.631846,0.553144,JPN,AUS,5105
2833383,121,14,1237,1997,0.0,53631105.0,1.0478290000000001,1.2874370000000002,KOR,AUS,5105
2833384,130,14,1237,1997,0.0,165018.0,0.377245,0.8823270000000001,LTU,AUS,5105
2833385,133,14,1237,1997,0.0,3617.0,-0.238002,-0.361492,MAC,AUS,5105
2833386,134,14,1237,1997,0.0,225414.0,-0.649616,-0.260554,MAR,AUS,5105
2833387,138,14,1237,1997,0.0,11912660.0,0.603221,0.898488,MEX,AUS,5105
2833388,140,14,1237,1997,0.0,405055.0,0.26327399999999995,0.704879,MKD,AUS,5105
2833389,151,14,1237,1997,0.0,153606.0,-0.49241,-0.695729,MUS,AUS,5105
2833390,153,14,1237,1997,0.0,236267.0,0.37340999999999996,0.36853600000000003,MYS,AUS,5105
2833391,163,14,1237,1997,0.0,1399.0,1.003945,0.188826,NOR,AUS,5105
2833392,166,14,1237,1997,398461.0,1135324.0,0.557545,0.731294,NZL,AUS,5105
2833393,168,14,1237,1997,0.0,4045.0,-0.882432,-0.563344,PAK,AUS,5105
2833394,173,14,1237,1997,86208.0,82257.0,-0.5023880000000001,-0.262563,PER,AUS,5105
2833395,179,14,1237,1997,0.0,295334.0,0.379367,1.296551,PRT,AUS,5105
2833396,185,14,1237,1997,0.0,1023468.0,0.44381000000000004,1.084109,ROU,AUS,5105
2833397,189,14,1237,1997,0.0,256341.0,0.659904,1.702849,SCG,AUS,5105
2833398,192,14,1237,1997,0.0,2153.0,1.01557,0.360154,SGP,AUS,5105
2833399,206,14,1237,1997,0.0,127230.0,1.200699,1.318346,SVK,AUS,5105
2833400,207,14,1237,1997,0.0,171294.0,1.435765,1.348897,SVN,AUS,5105
2833401,216,14,1237,1997,0.0,203240.0,0.084875,1.41931,THA,AUS,5105
2833402,224,14,1237,1997,0.0,3490748.0,0.167734,1.5827870000000002,TUR,AUS,5105
2833403,228,14,1237,1997,0.0,8370.0,0.8502559999999999,0.956254,UKR,AUS,5105
2833404,230,14,1237,1997,0.0,2316.0,0.226228,0.29183400000000004,URY,AUS,5105
2833405,231,14,1237,1997,0.0,3268419.0,1.823511,0.888084,USA,AUS,5105
2833406,236,14,1237,1997,0.0,366239.0,0.21363200000000002,-0.668341,VEN,AUS,5105
2833407,246,14,1237,1997,0.0,208277.0,0.501792,1.1192440000000001,ZAF,AUS,5105
2833408,249,14,1237,1997,47787.0,12580464.0,1.317672,1.800561,TWN,AUS,5105
2833409,250,14,1237,1997,193969.0,1156127.0,1.036748,0.851626,ANS,AUS,5105
2833410,224,16,1237,1997,0.0,13161.0,0.167734,1.5827870000000002,TUR,AZE,5105
2833411,97,22,1237,1997,1567.0,0.0,0.521942,2.578405,HKG,BGD,5105
2833412,121,22,1237,1997,4524.0,0.0,1.0478290000000001,1.2874370000000002,KOR,BGD,5105
2833413,231,22,1237,1997,0.0,94109.0,1.823511,0.888084,USA,BGD,5105
2833414,8,23,1237,1997,83903.0,0.0,0.273654,0.495389,ARG,BGR,5105
2833415,9,23,1237,1997,0.0,2667.0,1.178568,0.331529,ARM,BGR,5105
2833416,14,23,1237,1997,0.0,14827.0,0.428555,0.798283,AUS,BGR,5105
2833417,15,23,1237,1997,17074.0,0.0,1.8926189999999998,0.624346,AUT,BGR,5105
2833418,18,23,1237,1997,5841.0,0.0,1.4274069999999999,1.490435,BEL,BGR,5105
2833419,28,23,1237,1997,28206.0,17673.0,0.563179,0.339149,BLR,BGR,5105
2833420,39,23,1237,1997,0.0,12447.0,1.109494,1.178772,CAN,BGR,5105
2833421,58,23,1237,1997,0.0,6547.0,0.451212,0.452754,CYP,BGR,5105
2833422,59,23,1237,1997,51430.0,0.0,1.40651,1.354695,CZE,BGR,5105
2833423,61,23,1237,1997,249397.0,257900.0,2.293936,-2.2301919999999997,DEU,BGR,5105
2833424,64,23,1237,1997,0.0,177285.0,1.358279,1.420107,DNK,BGR,5105
2833425,65,23,1237,1997,0.0,47896.0,-0.6062850000000001,-0.648523,DOM,BGR,5105
2833426,71,23,1237,1997,122042.0,128158.0,1.082049,2.0238650000000002,ESP,BGR,5105
2833427,77,23,1237,1997,958170.0,241712.0,1.69504,0.8278549999999999,FRA,BGR,5105
2833428,81,23,1237,1997,0.0,10786.0,1.886353,0.783832,GBR,BGR,5105
2833429,90,23,1237,1997,0.0,73440.0,0.229516,1.085225,GRC,BGR,5105
2833430,93,23,1237,1997,0.0,73470.0,-0.310042,0.2096,GTM,BGR,5105
2833431,102,23,1237,1997,495688.0,103572.0,0.746743,1.577102,HUN,BGR,5105
2833432,111,23,1237,1997,10702.0,1356628.0,1.4860389999999999,1.235674,ITA,BGR,5105
2833433,124,23,1237,1997,0.0,3532.0,0.334291,0.783104,LBN,BGR,5105
2833434,134,23,1237,1997,0.0,17359.0,-0.649616,-0.260554,MAR,BGR,5105
2833435,135,23,1237,1997,0.0,49919.0,0.148579,-0.334685,MDA,BGR,5105
2833436,140,23,1237,1997,0.0,44699.0,0.26327399999999995,0.704879,MKD,BGR,5105
2833437,162,23,1237,1997,0.0,4266.0,1.267794,1.727888,NLD,BGR,5105
2833438,166,23,1237,1997,5822.0,0.0,0.557545,0.731294,NZL,BGR,5105
2833439,177,23,1237,1997,0.0,59407.0,0.805559,1.9598520000000001,POL,BGR,5105
2833440,185,23,1237,1997,0.0,175779.0,0.44381000000000004,1.084109,ROU,BGR,5105
2833441,186,23,1237,1997,1105213.0,149067.0,0.87377,0.423861,RUS,BGR,5105
2833442,189,23,1237,1997,0.0,25084.0,0.659904,1.702849,SCG,BGR,5105
2833443,224,23,1237,1997,0.0,149711.0,0.167734,1.5827870000000002,TUR,BGR,5105
2833444,228,23,1237,1997,144986.0,58861.0,0.8502559999999999,0.956254,UKR,BGR,5105
2833445,230,23,1237,1997,104760.0,0.0,0.226228,0.29183400000000004,URY,BGR,5105
2833446,231,23,1237,1997,13086.0,439722.0,1.823511,0.888084,USA,BGR,5105
2833447,237,23,1237,1997,5345.0,0.0,0.5966060000000001,-0.381473,VGB,BGR,5105
2833448,250,23,1237,1997,132395.0,3580139.0,1.036748,0.851626,ANS,BGR,5105
2833449,15,32,1237,1997,0.0,404751.0,1.8926189999999998,0.624346,AUT,BRA,5105
2833450,18,32,1237,1997,0.0,270415.0,1.4274069999999999,1.490435,BEL,BRA,5105
2833451,41,32,1237,1997,3741.0,120944.0,2.280163,0.597819,CHE,BRA,5105
2833452,43,32,1237,1997,0.0,567985.0,0.36051300000000003,3.287322,CHN,BRA,5105
2833453,59,32,1237,1997,0.0,151037.0,1.40651,1.354695,CZE,BRA,5105
2833454,61,32,1237,1997,52859.0,4913930.0,2.293936,-2.2301919999999997,DEU,BRA,5105
2833455,71,32,1237,1997,116211.0,0.0,1.082049,2.0238650000000002,ESP,BRA,5105
2833456,77,32,1237,1997,6056.0,512225.0,1.69504,0.8278549999999999,FRA,BRA,5105
2833457,81,32,1237,1997,191827.0,573621.0,1.886353,0.783832,GBR,BRA,5105
2833458,90,32,1237,1997,0.0,33342.0,0.229516,1.085225,GRC,BRA,5105
2833459,97,32,1237,1997,56894.0,244868.0,0.521942,2.578405,HKG,BRA,5105
2833460,100,32,1237,1997,0.0,104861.0,0.607903,1.147751,HRV,BRA,5105
2833461,111,32,1237,1997,116642.0,4532864.0,1.4860389999999999,1.235674,ITA,BRA,5105
2833462,121,32,1237,1997,0.0,131716.0,1.0478290000000001,1.2874370000000002,KOR,BRA,5105
2833463,124,32,1237,1997,0.0,48330.0,0.334291,0.783104,LBN,BRA,5105
2833464,153,32,1237,1997,18811.0,0.0,0.37340999999999996,0.36853600000000003,MYS,BRA,5105
2833465,173,32,1237,1997,0.0,8218.0,-0.5023880000000001,-0.262563,PER,BRA,5105
2833466,177,32,1237,1997,0.0,81658.0,0.805559,1.9598520000000001,POL,BRA,5105
2833467,216,32,1237,1997,66909.0,0.0,0.084875,1.41931,THA,BRA,5105
2833468,230,32,1237,1997,9857943.0,547330.0,0.226228,0.29183400000000004,URY,BRA,5105
2833469,231,32,1237,1997,24929.0,35170.0,1.823511,0.888084,USA,BRA,5105
2833470,249,32,1237,1997,29242.0,0.0,1.317672,1.800561,TWN,BRA,5105
2833471,8,39,1237,1997,725938.0,0.0,0.273654,0.495389,ARG,CAN,5105
2833472,14,39,1237,1997,2258916.0,0.0,0.428555,0.798283,AUS,CAN,5105
2833473,15,39,1237,1997,6351.0,13723.0,1.8926189999999998,0.624346,AUT,CAN,5105
2833474,23,39,1237,1997,12447.0,0.0,0.487041,1.287344,BGR,CAN,5105
2833475,41,39,1237,1997,1131.0,0.0,2.280163,0.597819,CHE,CAN,5105
2833476,43,39,1237,1997,23372.0,0.0,0.36051300000000003,3.287322,CHN,CAN,5105
2833477,61,39,1237,1997,258752.0,0.0,2.293936,-2.2301919999999997,DEU,CAN,5105
2833478,71,39,1237,1997,212195.0,0.0,1.082049,2.0238650000000002,ESP,CAN,5105
2833479,77,39,1237,1997,3447.0,0.0,1.69504,0.8278549999999999,FRA,CAN,5105
2833480,81,39,1237,1997,5356163.0,51904.0,1.886353,0.783832,GBR,CAN,5105
2833481,97,39,1237,1997,2742.0,0.0,0.521942,2.578405,HKG,CAN,5105
2833482,103,39,1237,1997,53578.0,16333.0,-0.44080699999999995,1.220104,IDN,CAN,5105
2833483,104,39,1237,1997,7912.0,0.0,0.262571,2.31305,IND,CAN,5105
2833484,114,39,1237,1997,1376.0,0.0,2.631846,0.553144,JPN,CAN,5105
2833485,166,39,1237,1997,913963.0,0.0,0.557545,0.731294,NZL,CAN,5105
2833486,216,39,1237,1997,68698.0,0.0,0.084875,1.41931,THA,CAN,5105
2833487,230,39,1237,1997,238908.0,0.0,0.226228,0.29183400000000004,URY,CAN,5105
2833488,231,39,1237,1997,2800784.0,553334.0,1.823511,0.888084,USA,CAN,5105
2833489,246,39,1237,1997,2908606.0,0.0,0.501792,1.1192440000000001,ZAF,CAN,5105
2833490,5,41,1237,1997,0.0,1054.0,1.087564,0.602846,AND,CHE,5105
2833491,15,41,1237,1997,53636.0,45304.0,1.8926189999999998,0.624346,AUT,CHE,5105
2833492,18,41,1237,1997,104564.0,7338.0,1.4274069999999999,1.490435,BEL,CHE,5105
2833493,31,41,1237,1997,39446.0,0.0,-0.697563,-0.8841479999999999,BOL,CHE,5105
2833494,32,41,1237,1997,120944.0,3741.0,0.718336,1.203066,BRA,CHE,5105
2833495,39,41,1237,1997,0.0,1131.0,1.109494,1.178772,CAN,CHE,5105
2833496,43,41,1237,1997,881842.0,71748.0,0.36051300000000003,3.287322,CHN,CHE,5105
2833497,59,41,1237,1997,167808.0,153108.0,1.40651,1.354695,CZE,CHE,5105
2833498,61,41,1237,1997,7912680.0,980715.0,2.293936,-2.2301919999999997,DEU,CHE,5105
2833499,64,41,1237,1997,60874.0,0.0,1.358279,1.420107,DNK,CHE,5105
2833500,71,41,1237,1997,0.0,41841.0,1.082049,2.0238650000000002,ESP,CHE,5105
2833501,77,41,1237,1997,12407350.0,618265.0,1.69504,0.8278549999999999,FRA,CHE,5105
2833502,81,41,1237,1997,1554012.0,246339.0,1.886353,0.783832,GBR,CHE,5105
2833503,104,41,1237,1997,0.0,29217.0,0.262571,2.31305,IND,CHE,5105
2833504,107,41,1237,1997,694799.0,0.0,-0.503841,-0.9984059999999999,IRN,CHE,5105
2833505,110,41,1237,1997,0.0,62830.0,1.3230030000000002,0.965016,ISR,CHE,5105
2833506,111,41,1237,1997,1476994.0,450410.0,1.4860389999999999,1.235674,ITA,CHE,5105
2833507,114,41,1237,1997,0.0,30688.0,2.631846,0.553144,JPN,CHE,5105
2833508,145,41,1237,1997,196157.0,0.0,-0.36035300000000003,-0.862088,MNG,CHE,5105
2833509,151,41,1237,1997,0.0,64335.0,-0.49241,-0.695729,MUS,CHE,5105
2833510,162,41,1237,1997,103141.0,0.0,1.267794,1.727888,NLD,CHE,5105
2833511,166,41,1237,1997,54649.0,0.0,0.557545,0.731294,NZL,CHE,5105
2833512,173,41,1237,1997,33623.0,3337.0,-0.5023880000000001,-0.262563,PER,CHE,5105
2833513,177,41,1237,1997,52203.0,0.0,0.805559,1.9598520000000001,POL,CHE,5105
2833514,179,41,1237,1997,0.0,26382.0,0.379367,1.296551,PRT,CHE,5105
2833515,224,41,1237,1997,0.0,692439.0,0.167734,1.5827870000000002,TUR,CHE,5105
2833516,230,41,1237,1997,499283.0,0.0,0.226228,0.29183400000000004,URY,CHE,5105
2833517,246,41,1237,1997,0.0,11247.0,0.501792,1.1192440000000001,ZAF,CHE,5105
2833518,8,42,1237,1997,7843666.0,0.0,0.273654,0.495389,ARG,CHL,5105
2833519,14,42,1237,1997,0.0,6452.0,0.428555,0.798283,AUS,CHL,5105
2833520,43,42,1237,1997,0.0,1934670.0,0.36051300000000003,3.287322,CHN,CHL,5105
2833521,61,42,1237,1997,0.0,22440.0,2.293936,-2.2301919999999997,DEU,CHL,5105
2833522,71,42,1237,1997,0.0,105896.0,1.082049,2.0238650000000002,ESP,CHL,5105
2833523,81,42,1237,1997,0.0,255127.0,1.886353,0.783832,GBR,CHL,5105
2833524,90,42,1237,1997,0.0,14408.0,0.229516,1.085225,GRC,CHL,5105
2833525,97,42,1237,1997,0.0,1374678.0,0.521942,2.578405,HKG,CHL,5105
2833526,107,42,1237,1997,0.0,838567.0,-0.503841,-0.9984059999999999,IRN,CHL,5105
2833527,111,42,1237,1997,215920.0,5619402.0,1.4860389999999999,1.235674,ITA,CHL,5105
2833528,114,42,1237,1997,0.0,560387.0,2.631846,0.553144,JPN,CHL,5105
2833529,121,42,1237,1997,0.0,273282.0,1.0478290000000001,1.2874370000000002,KOR,CHL,5105
2833530,173,42,1237,1997,241894.0,0.0,-0.5023880000000001,-0.262563,PER,CHL,5105
2833531,230,42,1237,1997,1540882.0,0.0,0.226228,0.29183400000000004,URY,CHL,5105
2833532,14,59,1237,1997,1709381.0,0.0,0.428555,0.798283,AUS,CZE,5105
2833533,15,59,1237,1997,147628.0,28808.0,1.8926189999999998,0.624346,AUT,CZE,5105
2833534,23,59,1237,1997,0.0,51430.0,0.487041,1.287344,BGR,CZE,5105
2833535,28,59,1237,1997,0.0,127653.0,0.563179,0.339149,BLR,CZE,5105
2833536,32,59,1237,1997,151037.0,0.0,0.718336,1.203066,BRA,CZE,5105
2833537,41,59,1237,1997,153108.0,167808.0,2.280163,0.597819,CHE,CZE,5105
2833538,43,59,1237,1997,48958.0,0.0,0.36051300000000003,3.287322,CHN,CZE,5105
2833539,61,59,1237,1997,13584233.0,13719767.0,2.293936,-2.2301919999999997,DEU,CZE,5105
2833540,64,59,1237,1997,19788.0,0.0,1.358279,1.420107,DNK,CZE,5105
2833541,71,59,1237,1997,289994.0,0.0,1.082049,2.0238650000000002,ESP,CZE,5105
2833542,77,59,1237,1997,2234059.0,201790.0,1.69504,0.8278549999999999,FRA,CZE,5105
2833543,81,59,1237,1997,1593027.0,2743763.0,1.886353,0.783832,GBR,CZE,5105
2833544,100,59,1237,1997,0.0,33463.0,0.607903,1.147751,HRV,CZE,5105
2833545,102,59,1237,1997,78919.0,0.0,0.746743,1.577102,HUN,CZE,5105
2833546,107,59,1237,1997,9111.0,128729.0,-0.503841,-0.9984059999999999,IRN,CZE,5105
2833547,111,59,1237,1997,1375954.0,372181.0,1.4860389999999999,1.235674,ITA,CZE,5105
2833548,130,59,1237,1997,0.0,73544.0,0.377245,0.8823270000000001,LTU,CZE,5105
2833549,132,59,1237,1997,0.0,43322.0,0.398848,0.215206,LVA,CZE,5105
2833550,140,59,1237,1997,0.0,72834.0,0.26327399999999995,0.704879,MKD,CZE,5105
2833551,166,59,1237,1997,15089.0,0.0,0.557545,0.731294,NZL,CZE,5105
2833552,173,59,1237,1997,84316.0,0.0,-0.5023880000000001,-0.262563,PER,CZE,5105
2833553,177,59,1237,1997,49111.0,540600.0,0.805559,1.9598520000000001,POL,CZE,5105
2833554,179,59,1237,1997,0.0,210815.0,0.379367,1.296551,PRT,CZE,5105
2833555,185,59,1237,1997,0.0,300685.0,0.44381000000000004,1.084109,ROU,CZE,5105
2833556,189,59,1237,1997,79096.0,0.0,0.659904,1.702849,SCG,CZE,5105
2833557,206,59,1237,1997,20632.0,1070484.0,1.200699,1.318346,SVK,CZE,5105
2833558,207,59,1237,1997,0.0,496516.0,1.435765,1.348897,SVN,CZE,5105
2833559,224,59,1237,1997,0.0,1154412.0,0.167734,1.5827870000000002,TUR,CZE,5105
2833560,228,59,1237,1997,0.0,19634.0,0.8502559999999999,0.956254,UKR,CZE,5105
2833561,230,59,1237,1997,340537.0,0.0,0.226228,0.29183400000000004,URY,CZE,5105
2833562,246,59,1237,1997,20391.0,0.0,0.501792,1.1192440000000001,ZAF,CZE,5105
2833563,250,59,1237,1997,197852.0,75004.0,1.036748,0.851626,ANS,CZE,5105
2833564,71,66,1237,1997,43201.0,0.0,1.082049,2.0238650000000002,ESP,DZA,5105
2833565,14,68,1237,1997,180473.0,0.0,0.428555,0.798283,AUS,EGY,5105
2833566,61,68,1237,1997,2231005.0,0.0,2.293936,-2.2301919999999997,DEU,EGY,5105
2833567,71,68,1237,1997,129586.0,0.0,1.082049,2.0238650000000002,ESP,EGY,5105
2833568,81,68,1237,1997,125747.0,0.0,1.886353,0.783832,GBR,EGY,5105
2833569,111,68,1237,1997,65141.0,0.0,1.4860389999999999,1.235674,ITA,EGY,5105
2833570,113,68,1237,1997,0.0,1612.0,0.49456300000000003,0.33966,JOR,EGY,5105
2833571,167,68,1237,1997,0.0,19520.0,-0.335834,-0.945859,OMN,EGY,5105
2833572,231,68,1237,1997,51260.0,0.0,1.823511,0.888084,USA,EGY,5105
2833573,18,72,1237,1997,70873.0,0.0,1.4274069999999999,1.490435,BEL,EST,5105
2833574,64,72,1237,1997,5162.0,0.0,1.358279,1.420107,DNK,EST,5105
2833575,74,72,1237,1997,13324.0,24077.0,1.9298959999999998,1.083861,FIN,EST,5105
2833576,81,72,1237,1997,11084.0,0.0,1.886353,0.783832,GBR,EST,5105
2833577,8,102,1237,1997,11515.0,0.0,0.273654,0.495389,ARG,HUN,5105
2833578,14,102,1237,1997,242516.0,0.0,0.428555,0.798283,AUS,HUN,5105
2833579,15,102,1237,1997,13696.0,0.0,1.8926189999999998,0.624346,AUT,HUN,5105
2833580,18,102,1237,1997,254005.0,0.0,1.4274069999999999,1.490435,BEL,HUN,5105
2833581,23,102,1237,1997,103572.0,495688.0,0.487041,1.287344,BGR,HUN,5105
2833582,59,102,1237,1997,0.0,78919.0,1.40651,1.354695,CZE,HUN,5105
2833583,61,102,1237,1997,183330.0,294172.0,2.293936,-2.2301919999999997,DEU,HUN,5105
2833584,77,102,1237,1997,42219.0,1232998.0,1.69504,0.8278549999999999,FRA,HUN,5105
2833585,81,102,1237,1997,762363.0,102967.0,1.886353,0.783832,GBR,HUN,5105
2833586,90,102,1237,1997,0.0,9589.0,0.229516,1.085225,GRC,HUN,5105
2833587,111,102,1237,1997,11837.0,8568967.0,1.4860389999999999,1.235674,ITA,HUN,5105
2833588,134,102,1237,1997,0.0,126276.0,-0.649616,-0.260554,MAR,HUN,5105
2833589,177,102,1237,1997,0.0,236506.0,0.805559,1.9598520000000001,POL,HUN,5105
2833590,189,102,1237,1997,0.0,234253.0,0.659904,1.702849,SCG,HUN,5105
2833591,207,102,1237,1997,0.0,132322.0,1.435765,1.348897,SVN,HUN,5105
2833592,224,102,1237,1997,0.0,313256.0,0.167734,1.5827870000000002,TUR,HUN,5105
2833593,8,104,1237,1997,153152.0,0.0,0.273654,0.495389,ARG,IND,5105
2833594,14,104,1237,1997,4000653.0,12850.0,0.428555,0.798283,AUS,IND,5105
2833595,18,104,1237,1997,41765.0,4365.0,1.4274069999999999,1.490435,BEL,IND,5105
2833596,39,104,1237,1997,0.0,7912.0,1.109494,1.178772,CAN,IND,5105
2833597,41,104,1237,1997,29217.0,0.0,2.280163,0.597819,CHE,IND,5105
2833598,43,104,1237,1997,538467.0,0.0,0.36051300000000003,3.287322,CHN,IND,5105
2833599,61,104,1237,1997,687191.0,102679.0,2.293936,-2.2301919999999997,DEU,IND,5105
2833600,77,104,1237,1997,0.0,64473.0,1.69504,0.8278549999999999,FRA,IND,5105
2833601,81,104,1237,1997,177702.0,60040.0,1.886353,0.783832,GBR,IND,5105
2833602,97,104,1237,1997,16254.0,0.0,0.521942,2.578405,HKG,IND,5105
2833603,106,104,1237,1997,77343.0,6352.0,1.471048,0.8769370000000001,IRL,IND,5105
2833604,111,104,1237,1997,193599.0,597138.0,1.4860389999999999,1.235674,ITA,IND,5105
2833605,114,104,1237,1997,0.0,487492.0,2.631846,0.553144,JPN,IND,5105
2833606,116,104,1237,1997,0.0,76841.0,-0.399028,0.196115,KEN,IND,5105
2833607,121,104,1237,1997,159437.0,127569.0,1.0478290000000001,1.2874370000000002,KOR,IND,5105
2833608,128,104,1237,1997,0.0,5671.0,-0.925745,-0.308559,LKA,IND,5105
2833609,153,104,1237,1997,52964.0,0.0,0.37340999999999996,0.36853600000000003,MYS,IND,5105
2833610,166,104,1237,1997,192189.0,0.0,0.557545,0.731294,NZL,IND,5105
2833611,179,104,1237,1997,0.0,273086.0,0.379367,1.296551,PRT,IND,5105
2833612,188,104,1237,1997,325761.0,0.0,0.015040000000000001,-0.954475,SAU,IND,5105
2833613,212,104,1237,1997,0.0,12837.0,-1.046433,-0.9678620000000001,SYR,IND,5105
2833614,223,104,1237,1997,0.0,47050.0,-0.24073899999999998,-0.146818,TUN,IND,5105
2833615,224,104,1237,1997,858328.0,43240.0,0.167734,1.5827870000000002,TUR,IND,5105
2833616,230,104,1237,1997,181086.0,0.0,0.226228,0.29183400000000004,URY,IND,5105
2833617,231,104,1237,1997,2444125.0,80202.0,1.823511,0.888084,USA,IND,5105
2833618,246,104,1237,1997,2924315.0,0.0,0.501792,1.1192440000000001,ZAF,IND,5105
2833619,249,104,1237,1997,639972.0,351804.0,1.317672,1.800561,TWN,IND,5105
2833620,7,107,1237,1997,325751.0,0.0,-0.042154000000000004,-0.667389,ARE,IRN,5105
2833621,14,107,1237,1997,3037039.0,0.0,0.428555,0.798283,AUS,IRN,5105
2833622,18,107,1237,1997,0.0,193011.0,1.4274069999999999,1.490435,BEL,IRN,5105
2833623,41,107,1237,1997,0.0,694799.0,2.280163,0.597819,CHE,IRN,5105
2833624,42,107,1237,1997,838567.0,0.0,0.002791,-0.030604000000000003,CHL,IRN,5105
2833625,43,107,1237,1997,0.0,204202.0,0.36051300000000003,3.287322,CHN,IRN,5105
2833626,59,107,1237,1997,128729.0,9111.0,1.40651,1.354695,CZE,IRN,5105
2833627,61,107,1237,1997,396567.0,0.0,2.293936,-2.2301919999999997,DEU,IRN,5105
2833628,71,107,1237,1997,495395.0,0.0,1.082049,2.0238650000000002,ESP,IRN,5105
2833629,77,107,1237,1997,568070.0,0.0,1.69504,0.8278549999999999,FRA,IRN,5105
2833630,81,107,1237,1997,892195.0,606893.0,1.886353,0.783832,GBR,IRN,5105
2833631,111,107,1237,1997,30206.0,5126682.0,1.4860389999999999,1.235674,ITA,IRN,5105
2833632,114,107,1237,1997,219399.0,6791.0,2.631846,0.553144,JPN,IRN,5105
2833633,166,107,1237,1997,92426.0,0.0,0.557545,0.731294,NZL,IRN,5105
2833634,186,107,1237,1997,117063.0,0.0,0.87377,0.423861,RUS,IRN,5105
2833635,219,107,1237,1997,49482.0,0.0,-0.554162,-1.042607,TKM,IRN,5105
2833636,230,107,1237,1997,2754923.0,0.0,0.226228,0.29183400000000004,URY,IRN,5105
2833637,232,107,1237,1997,6816.0,0.0,-0.26560700000000004,-0.870447,UZB,IRN,5105
2833638,246,107,1237,1997,249363.0,0.0,0.501792,1.1192440000000001,ZAF,IRN,5105
2833639,68,113,1237,1997,1612.0,0.0,-0.314425,0.156345,EGY,JOR,5105
2833640,81,113,1237,1997,750834.0,0.0,1.886353,0.783832,GBR,JOR,5105
2833641,8,114,1237,1997,1313083.0,0.0,0.273654,0.495389,ARG,JPN,5105
2833642,14,114,1237,1997,44912587.0,11170.0,0.428555,0.798283,AUS,JPN,5105
2833643,15,114,1237,1997,29689.0,0.0,1.8926189999999998,0.624346,AUT,JPN,5105
2833644,31,114,1237,1997,68096.0,0.0,-0.697563,-0.8841479999999999,BOL,JPN,5105
2833645,39,114,1237,1997,0.0,1376.0,1.109494,1.178772,CAN,JPN,5105
2833646,41,114,1237,1997,30688.0,0.0,2.280163,0.597819,CHE,JPN,5105
2833647,42,114,1237,1997,560387.0,0.0,0.002791,-0.030604000000000003,CHL,JPN,5105
2833648,43,114,1237,1997,22206966.0,7232594.0,0.36051300000000003,3.287322,CHN,JPN,5105
2833649,61,114,1237,1997,507220.0,0.0,2.293936,-2.2301919999999997,DEU,JPN,5105
2833650,71,114,1237,1997,801104.0,0.0,1.082049,2.0238650000000002,ESP,JPN,5105
2833651,77,114,1237,1997,1348746.0,0.0,1.69504,0.8278549999999999,FRA,JPN,5105
2833652,81,114,1237,1997,6330522.0,4040.0,1.886353,0.783832,GBR,JPN,5105
2833653,90,114,1237,1997,7882.0,0.0,0.229516,1.085225,GRC,JPN,5105
2833654,97,114,1237,1997,340335.0,44321.0,0.521942,2.578405,HKG,JPN,5105
2833655,103,114,1237,1997,55457.0,364318.0,-0.44080699999999995,1.220104,IDN,JPN,5105
2833656,104,114,1237,1997,487492.0,0.0,0.262571,2.31305,IND,JPN,5105
2833657,106,114,1237,1997,155485.0,0.0,1.471048,0.8769370000000001,IRL,JPN,5105
2833658,107,114,1237,1997,6791.0,219399.0,-0.503841,-0.9984059999999999,IRN,JPN,5105
2833659,111,114,1237,1997,1669938.0,98819.0,1.4860389999999999,1.235674,ITA,JPN,5105
2833660,121,114,1237,1997,359318.0,175455.0,1.0478290000000001,1.2874370000000002,KOR,JPN,5105
2833661,133,114,1237,1997,12402.0,0.0,-0.238002,-0.361492,MAC,JPN,5105
2833662,145,114,1237,1997,812721.0,0.0,-0.36035300000000003,-0.862088,MNG,JPN,5105
2833663,153,114,1237,1997,58520710.0,111018.0,0.37340999999999996,0.36853600000000003,MYS,JPN,5105
2833664,166,114,1237,1997,2258130.0,0.0,0.557545,0.731294,NZL,JPN,5105
2833665,173,114,1237,1997,2752135.0,0.0,-0.5023880000000001,-0.262563,PER,JPN,5105
2833666,186,114,1237,1997,36695.0,0.0,0.87377,0.423861,RUS,JPN,5105
2833667,188,114,1237,1997,88271.0,0.0,0.015040000000000001,-0.954475,SAU,JPN,5105
2833668,208,114,1237,1997,1554.0,0.0,2.120182,0.993078,SWE,JPN,5105
2833669,216,114,1237,1997,21878492.0,18441.0,0.084875,1.41931,THA,JPN,5105
2833670,230,114,1237,1997,2731804.0,0.0,0.226228,0.29183400000000004,URY,JPN,5105
2833671,231,114,1237,1997,1172796.0,0.0,1.823511,0.888084,USA,JPN,5105
2833672,236,114,1237,1997,71006.0,0.0,0.21363200000000002,-0.668341,VEN,JPN,5105
2833673,246,114,1237,1997,12968981.0,0.0,0.501792,1.1192440000000001,ZAF,JPN,5105
2833674,249,114,1237,1997,64805942.0,435920.0,1.317672,1.800561,TWN,JPN,5105
2833675,59,132,1237,1997,43322.0,0.0,1.40651,1.354695,CZE,LVA,5105
2833676,61,132,1237,1997,403569.0,0.0,2.293936,-2.2301919999999997,DEU,LVA,5105
2833677,77,132,1237,1997,130556.0,0.0,1.69504,0.8278549999999999,FRA,LVA,5105
2833678,81,132,1237,1997,3209.0,0.0,1.886353,0.783832,GBR,LVA,5105
2833679,111,132,1237,1997,0.0,4311.0,1.4860389999999999,1.235674,ITA,LVA,5105
2833680,162,132,1237,1997,3579.0,0.0,1.267794,1.727888,NLD,LVA,5105
2833681,14,140,1237,1997,405055.0,0.0,0.428555,0.798283,AUS,MKD,5105
2833682,18,140,1237,1997,196690.0,0.0,1.4274069999999999,1.490435,BEL,MKD,5105
2833683,23,140,1237,1997,44699.0,0.0,0.487041,1.287344,BGR,MKD,5105
2833684,28,140,1237,1997,26150.0,0.0,0.563179,0.339149,BLR,MKD,5105
2833685,59,140,1237,1997,72834.0,0.0,1.40651,1.354695,CZE,MKD,5105
2833686,61,140,1237,1997,1511013.0,0.0,2.293936,-2.2301919999999997,DEU,MKD,5105
2833687,77,140,1237,1997,103160.0,0.0,1.69504,0.8278549999999999,FRA,MKD,5105
2833688,81,140,1237,1997,433908.0,0.0,1.886353,0.783832,GBR,MKD,5105
2833689,111,140,1237,1997,38592.0,0.0,1.4860389999999999,1.235674,ITA,MKD,5105
2833690,230,140,1237,1997,83604.0,0.0,0.226228,0.29183400000000004,URY,MKD,5105
2833691,61,159,1237,1997,0.0,55204.0,2.293936,-2.2301919999999997,DEU,NGA,5105
2833692,81,159,1237,1997,15269.0,0.0,1.886353,0.783832,GBR,NGA,5105
2833693,68,167,1237,1997,19520.0,0.0,-0.314425,0.156345,EGY,OMN,5105
2833694,18,177,1237,1997,74078.0,22872.0,1.4274069999999999,1.490435,BEL,POL,5105
2833695,23,177,1237,1997,59407.0,0.0,0.487041,1.287344,BGR,POL,5105
2833696,32,177,1237,1997,81658.0,0.0,0.718336,1.203066,BRA,POL,5105
2833697,41,177,1237,1997,0.0,52203.0,2.280163,0.597819,CHE,POL,5105
2833698,59,177,1237,1997,540600.0,49111.0,1.40651,1.354695,CZE,POL,5105
2833699,61,177,1237,1997,29000972.0,441875.0,2.293936,-2.2301919999999997,DEU,POL,5105
2833700,71,177,1237,1997,0.0,29258.0,1.082049,2.0238650000000002,ESP,POL,5105
2833701,77,177,1237,1997,9446003.0,96449.0,1.69504,0.8278549999999999,FRA,POL,5105
2833702,81,177,1237,1997,4815888.0,786927.0,1.886353,0.783832,GBR,POL,5105
2833703,85,177,1237,1997,98066.0,0.0,-1.529401,-1.163973,GIN,POL,5105
2833704,102,177,1237,1997,236506.0,0.0,0.746743,1.577102,HUN,POL,5105
2833705,111,177,1237,1997,169631.0,752907.0,1.4860389999999999,1.235674,ITA,POL,5105
2833706,179,177,1237,1997,0.0,80570.0,0.379367,1.296551,PRT,POL,5105
2833707,189,177,1237,1997,0.0,18506.0,0.659904,1.702849,SCG,POL,5105
2833708,206,177,1237,1997,0.0,4270.0,1.200699,1.318346,SVK,POL,5105
2833709,230,177,1237,1997,44119.0,0.0,0.226228,0.29183400000000004,URY,POL,5105
2833710,250,177,1237,1997,66541.0,34168.0,1.036748,0.851626,ANS,POL,5105
2833711,18,186,1237,1997,5240.0,0.0,1.4274069999999999,1.490435,BEL,RUS,5105
2833712,23,186,1237,1997,149067.0,1105213.0,0.487041,1.287344,BGR,RUS,5105
2833713,61,186,1237,1997,0.0,10523.0,2.293936,-2.2301919999999997,DEU,RUS,5105
2833714,71,186,1237,1997,208830.0,0.0,1.082049,2.0238650000000002,ESP,RUS,5105
2833715,74,186,1237,1997,3988.0,0.0,1.9298959999999998,1.083861,FIN,RUS,5105
2833716,81,186,1237,1997,53499.0,0.0,1.886353,0.783832,GBR,RUS,5105
2833717,107,186,1237,1997,0.0,117063.0,-0.503841,-0.9984059999999999,IRN,RUS,5105
2833718,111,186,1237,1997,0.0,2312461.0,1.4860389999999999,1.235674,ITA,RUS,5105
2833719,114,186,1237,1997,0.0,36695.0,2.631846,0.553144,JPN,RUS,5105
2833720,115,186,1237,1997,182865.0,0.0,0.44044300000000003,-0.10249000000000001,KAZ,RUS,5105
2833721,121,186,1237,1997,0.0,14997.0,1.0478290000000001,1.2874370000000002,KOR,RUS,5105
2833722,130,186,1237,1997,0.0,92957.0,0.377245,0.8823270000000001,LTU,RUS,5105
2833723,145,186,1237,1997,87368.0,1367.0,-0.36035300000000003,-0.862088,MNG,RUS,5105
2833724,185,186,1237,1997,0.0,49620.0,0.44381000000000004,1.084109,ROU,RUS,5105
2833725,189,186,1237,1997,0.0,27719.0,0.659904,1.702849,SCG,RUS,5105
2833726,206,186,1237,1997,0.0,9302.0,1.200699,1.318346,SVK,RUS,5105
2833727,217,186,1237,1997,30975.0,0.0,-0.350646,-0.835419,TJK,RUS,5105
2833728,224,186,1237,1997,4605.0,686046.0,0.167734,1.5827870000000002,TUR,RUS,5105
2833729,228,186,1237,1997,230920.0,56333.0,0.8502559999999999,0.956254,UKR,RUS,5105
2833730,14,192,1237,1997,2153.0,0.0,0.428555,0.798283,AUS,SGP,5105
2833731,43,192,1237,1997,0.0,3207.0,0.36051300000000003,3.287322,CHN,SGP,5105
2833732,81,192,1237,1997,43226.0,0.0,1.886353,0.783832,GBR,SGP,5105
2833733,111,192,1237,1997,321454.0,0.0,1.4860389999999999,1.235674,ITA,SGP,5105
2833734,156,192,1237,1997,0.0,1256.0,-0.9234049999999999,-0.8851110000000001,NCL,SGP,5105
2833735,195,192,1237,1997,0.0,16810.0,-2.247325,-0.982799,SLB,SGP,5105
2833736,231,192,1237,1997,52468.0,0.0,1.823511,0.888084,USA,SGP,5105
2833737,14,206,1237,1997,127230.0,0.0,0.428555,0.798283,AUS,SVK,5105
2833738,15,206,1237,1997,1869.0,0.0,1.8926189999999998,0.624346,AUT,SVK,5105
2833739,59,206,1237,1997,1070484.0,20632.0,1.40651,1.354695,CZE,SVK,5105
2833740,61,206,1237,1997,172575.0,0.0,2.293936,-2.2301919999999997,DEU,SVK,5105
2833741,77,206,1237,1997,1694.0,0.0,1.69504,0.8278549999999999,FRA,SVK,5105
2833742,111,206,1237,1997,2339.0,0.0,1.4860389999999999,1.235674,ITA,SVK,5105
2833743,177,206,1237,1997,4270.0,0.0,0.805559,1.9598520000000001,POL,SVK,5105
2833744,186,206,1237,1997,9302.0,0.0,0.87377,0.423861,RUS,SVK,5105
2833745,250,206,1237,1997,7009.0,0.0,1.036748,0.851626,ANS,SVK,5105
2833746,8,207,1237,1997,223500.0,0.0,0.273654,0.495389,ARG,SVN,5105
2833747,14,207,1237,1997,171294.0,0.0,0.428555,0.798283,AUS,SVN,5105
2833748,15,207,1237,1997,78283.0,14915.0,1.8926189999999998,0.624346,AUT,SVN,5105
2833749,18,207,1237,1997,1263879.0,8157.0,1.4274069999999999,1.490435,BEL,SVN,5105
2833750,43,207,1237,1997,76489.0,0.0,0.36051300000000003,3.287322,CHN,SVN,5105
2833751,59,207,1237,1997,496516.0,0.0,1.40651,1.354695,CZE,SVN,5105
2833752,61,207,1237,1997,3256697.0,199416.0,2.293936,-2.2301919999999997,DEU,SVN,5105
2833753,77,207,1237,1997,1787461.0,0.0,1.69504,0.8278549999999999,FRA,SVN,5105
2833754,81,207,1237,1997,903183.0,0.0,1.886353,0.783832,GBR,SVN,5105
2833755,100,207,1237,1997,0.0,285472.0,0.607903,1.147751,HRV,SVN,5105
2833756,102,207,1237,1997,132322.0,0.0,0.746743,1.577102,HUN,SVN,5105
2833757,106,207,1237,1997,36075.0,0.0,1.471048,0.8769370000000001,IRL,SVN,5105
2833758,111,207,1237,1997,1001554.0,78369.0,1.4860389999999999,1.235674,ITA,SVN,5105
2833759,128,207,1237,1997,1493.0,0.0,-0.925745,-0.308559,LKA,SVN,5105
2833760,166,207,1237,1997,1116.0,0.0,0.557545,0.731294,NZL,SVN,5105
2833761,224,207,1237,1997,16307.0,0.0,0.167734,1.5827870000000002,TUR,SVN,5105
2833762,230,207,1237,1997,17045.0,0.0,0.226228,0.29183400000000004,URY,SVN,5105
2833763,231,207,1237,1997,10963.0,0.0,1.823511,0.888084,USA,SVN,5105
2833764,246,207,1237,1997,28194.0,0.0,0.501792,1.1192440000000001,ZAF,SVN,5105
2833765,81,226,1237,1997,19072.0,0.0,1.886353,0.783832,GBR,TZA,5105
2833766,14,228,1237,1997,8370.0,0.0,0.428555,0.798283,AUS,UKR,5105
2833767,23,228,1237,1997,58861.0,144986.0,0.487041,1.287344,BGR,UKR,5105
2833768,59,228,1237,1997,19634.0,0.0,1.40651,1.354695,CZE,UKR,5105
2833769,61,228,1237,1997,30737.0,0.0,2.293936,-2.2301919999999997,DEU,UKR,5105
2833770,77,228,1237,1997,201367.0,0.0,1.69504,0.8278549999999999,FRA,UKR,5105
2833771,111,228,1237,1997,119485.0,0.0,1.4860389999999999,1.235674,ITA,UKR,5105
2833772,186,228,1237,1997,56333.0,230920.0,0.87377,0.423861,RUS,UKR,5105
2833773,8,249,1237,1997,1083877.0,0.0,0.273654,0.495389,ARG,TWN,5105
2833774,14,249,1237,1997,12580464.0,47787.0,0.428555,0.798283,AUS,TWN,5105
2833775,32,249,1237,1997,0.0,29242.0,0.718336,1.203066,BRA,TWN,5105
2833776,34,249,1237,1997,0.0,607.0,-0.092276,-0.772393,BRN,TWN,5105
2833777,43,249,1237,1997,327961.0,9756571.0,0.36051300000000003,3.287322,CHN,TWN,5105
2833778,61,249,1237,1997,484864.0,190116.0,2.293936,-2.2301919999999997,DEU,TWN,5105
2833779,71,249,1237,1997,299445.0,0.0,1.082049,2.0238650000000002,ESP,TWN,5105
2833780,77,249,1237,1997,77555.0,0.0,1.69504,0.8278549999999999,FRA,TWN,5105
2833781,81,249,1237,1997,817774.0,0.0,1.886353,0.783832,GBR,TWN,5105
2833782,97,249,1237,1997,10212.0,15537936.0,0.521942,2.578405,HKG,TWN,5105
2833783,103,249,1237,1997,0.0,2281275.0,-0.44080699999999995,1.220104,IDN,TWN,5105
2833784,104,249,1237,1997,351804.0,639972.0,0.262571,2.31305,IND,TWN,5105
2833785,111,249,1237,1997,0.0,41246.0,1.4860389999999999,1.235674,ITA,TWN,5105
2833786,114,249,1237,1997,435920.0,64805942.0,2.631846,0.553144,JPN,TWN,5105
2833787,121,249,1237,1997,77078.0,27491278.0,1.0478290000000001,1.2874370000000002,KOR,TWN,5105
2833788,151,249,1237,1997,0.0,203817.0,-0.49241,-0.695729,MUS,TWN,5105
2833789,153,249,1237,1997,256696.0,580280.0,0.37340999999999996,0.36853600000000003,MYS,TWN,5105
2833790,166,249,1237,1997,4693662.0,0.0,0.557545,0.731294,NZL,TWN,5105
2833791,173,249,1237,1997,10301.0,0.0,-0.5023880000000001,-0.262563,PER,TWN,5105
2833792,224,249,1237,1997,14631.0,0.0,0.167734,1.5827870000000002,TUR,TWN,5105
2833793,231,249,1237,1997,2614.0,0.0,1.823511,0.888084,USA,TWN,5105
2833794,246,249,1237,1997,14178832.0,0.0,0.501792,1.1192440000000001,ZAF,TWN,5105
2833795,18,8,1237,1997,0.0,150767.0,1.4274069999999999,1.490435,BEL,ARG,5105
2833796,23,8,1237,1997,0.0,83903.0,0.487041,1.287344,BGR,ARG,5105
2833797,39,8,1237,1997,0.0,725938.0,1.109494,1.178772,CAN,ARG,5105
2833798,42,8,1237,1997,0.0,7843666.0,0.002791,-0.030604000000000003,CHL,ARG,5105
2833799,43,8,1237,1997,1255.0,28788348.0,0.36051300000000003,3.287322,CHN,ARG,5105
2833800,49,8,1237,1997,0.0,98456.0,0.190632,0.068001,COL,ARG,5105
2833801,61,8,1237,1997,0.0,1334172.0,2.293936,-2.2301919999999997,DEU,ARG,5105
2833802,67,8,1237,1997,0.0,335901.0,-1.1931690000000001,-1.0139690000000001,ECU,ARG,5105
2833803,71,8,1237,1997,12148.0,761477.0,1.082049,2.0238650000000002,ESP,ARG,5105
2833804,77,8,1237,1997,0.0,405778.0,1.69504,0.8278549999999999,FRA,ARG,5105
2833805,81,8,1237,1997,8106.0,1229075.0,1.886353,0.783832,GBR,ARG,5105
2833806,97,8,1237,1997,0.0,2873836.0,0.521942,2.578405,HKG,ARG,5105
2833807,99,8,1237,1997,0.0,162517.0,-0.832161,-0.5578270000000001,HND,ARG,5105
2833808,100,8,1237,1997,0.0,36633.0,0.607903,1.147751,HRV,ARG,5105
2833809,102,8,1237,1997,0.0,11515.0,0.746743,1.577102,HUN,ARG,5105
2833810,104,8,1237,1997,0.0,153152.0,0.262571,2.31305,IND,ARG,5105
2833811,111,8,1237,1997,6403.0,9485654.0,1.4860389999999999,1.235674,ITA,ARG,5105
2833812,114,8,1237,1997,0.0,1313083.0,2.631846,0.553144,JPN,ARG,5105
2833813,121,8,1237,1997,0.0,1156517.0,1.0478290000000001,1.2874370000000002,KOR,ARG,5105
2833814,130,8,1237,1997,0.0,234340.0,0.377245,0.8823270000000001,LTU,ARG,5105
2833815,138,8,1237,1997,0.0,2482279.0,0.603221,0.898488,MEX,ARG,5105
2833816,173,8,1237,1997,27125.0,3582008.0,-0.5023880000000001,-0.262563,PER,ARG,5105
2833817,179,8,1237,1997,0.0,35608.0,0.379367,1.296551,PRT,ARG,5105
2833818,185,8,1237,1997,0.0,87278.0,0.44381000000000004,1.084109,ROU,ARG,5105
2833819,207,8,1237,1997,0.0,223500.0,1.435765,1.348897,SVN,ARG,5105
2833820,224,8,1237,1997,0.0,1329600.0,0.167734,1.5827870000000002,TUR,ARG,5105
2833821,230,8,1237,1997,482373.0,274634.0,0.226228,0.29183400000000004,URY,ARG,5105
2833822,231,8,1237,1997,30752.0,43202.0,1.823511,0.888084,USA,ARG,5105
2833823,249,8,1237,1997,0.0,1083877.0,1.317672,1.800561,TWN,ARG,5105
2833824,250,8,1237,1997,0.0,299122.0,1.036748,0.851626,ANS,ARG,5105
2833825,81,51,1237,1997,33552.0,0.0,1.886353,0.783832,GBR,CPV,5105
2833826,14,80,1237,1997,368795.0,0.0,0.428555,0.798283,AUS,GAB,5105
2833827,61,116,1237,1997,0.0,35233.0,2.293936,-2.2301919999999997,DEU,KEN,5105
2833828,77,116,1237,1997,0.0,32560.0,1.69504,0.8278549999999999,FRA,KEN,5105
2833829,81,116,1237,1997,82442.0,106064.0,1.886353,0.783832,GBR,KEN,5105
2833830,104,116,1237,1997,76841.0,0.0,0.262571,2.31305,IND,KEN,5105
2833831,14,134,1237,1997,225414.0,0.0,0.428555,0.798283,AUS,MAR,5105
2833832,23,134,1237,1997,17359.0,0.0,0.487041,1.287344,BGR,MAR,5105
2833833,61,134,1237,1997,2212335.0,0.0,2.293936,-2.2301919999999997,DEU,MAR,5105
2833834,71,134,1237,1997,905815.0,0.0,1.082049,2.0238650000000002,ESP,MAR,5105
2833835,77,134,1237,1997,3152097.0,0.0,1.69504,0.8278549999999999,FRA,MAR,5105
2833836,81,134,1237,1997,1631762.0,0.0,1.886353,0.783832,GBR,MAR,5105
2833837,102,134,1237,1997,126276.0,0.0,0.746743,1.577102,HUN,MAR,5105
2833838,111,134,1237,1997,19633.0,0.0,1.4860389999999999,1.235674,ITA,MAR,5105
2833839,166,134,1237,1997,176375.0,0.0,0.557545,0.731294,NZL,MAR,5105
2833840,224,134,1237,1997,117088.0,0.0,0.167734,1.5827870000000002,TUR,MAR,5105
2833841,230,134,1237,1997,571268.0,0.0,0.226228,0.29183400000000004,URY,MAR,5105
2833842,8,173,1237,1997,3582008.0,27125.0,0.273654,0.495389,ARG,PER,5105
2833843,14,173,1237,1997,82257.0,86208.0,0.428555,0.798283,AUS,PER,5105
2833844,31,173,1237,1997,217396.0,0.0,-0.697563,-0.8841479999999999,BOL,PER,5105
2833845,32,173,1237,1997,8218.0,0.0,0.718336,1.203066,BRA,PER,5105
2833846,41,173,1237,1997,3337.0,33623.0,2.280163,0.597819,CHE,PER,5105
2833847,42,173,1237,1997,0.0,241894.0,0.002791,-0.030604000000000003,CHL,PER,5105
2833848,43,173,1237,1997,0.0,302697.0,0.36051300000000003,3.287322,CHN,PER,5105
2833849,49,173,1237,1997,0.0,48919.0,0.190632,0.068001,COL,PER,5105
2833850,59,173,1237,1997,0.0,84316.0,1.40651,1.354695,CZE,PER,5105
2833851,61,173,1237,1997,0.0,785321.0,2.293936,-2.2301919999999997,DEU,PER,5105
2833852,67,173,1237,1997,0.0,1877.0,-1.1931690000000001,-1.0139690000000001,ECU,PER,5105
2833853,71,173,1237,1997,14769.0,96739.0,1.082049,2.0238650000000002,ESP,PER,5105
2833854,77,173,1237,1997,44675.0,36106.0,1.69504,0.8278549999999999,FRA,PER,5105
2833855,81,173,1237,1997,13373.0,585270.0,1.886353,0.783832,GBR,PER,5105
2833856,90,173,1237,1997,0.0,33098.0,0.229516,1.085225,GRC,PER,5105
2833857,97,173,1237,1997,0.0,122810.0,0.521942,2.578405,HKG,PER,5105
2833858,111,173,1237,1997,11376.0,3907019.0,1.4860389999999999,1.235674,ITA,PER,5105
2833859,114,173,1237,1997,0.0,2752135.0,2.631846,0.553144,JPN,PER,5105
2833860,121,173,1237,1997,0.0,709347.0,1.0478290000000001,1.2874370000000002,KOR,PER,5105
2833861,163,173,1237,1997,0.0,9951.0,1.003945,0.188826,NOR,PER,5105
2833862,166,173,1237,1997,0.0,2351.0,0.557545,0.731294,NZL,PER,5105
2833863,178,173,1237,1997,0.0,49360.0,0.701604,0.649257,PRK,PER,5105
2833864,224,173,1237,1997,0.0,36915.0,0.167734,1.5827870000000002,TUR,PER,5105
2833865,230,173,1237,1997,1929203.0,59145.0,0.226228,0.29183400000000004,URY,PER,5105
2833866,231,173,1237,1997,0.0,113747.0,1.823511,0.888084,USA,PER,5105
2833867,246,173,1237,1997,37181.0,0.0,0.501792,1.1192440000000001,ZAF,PER,5105
2833868,249,173,1237,1997,0.0,10301.0,1.317672,1.800561,TWN,PER,5105
2833869,246,247,1237,1997,4524.0,0.0,0.501792,1.1192440000000001,ZAF,ZMB,5105
2833870,23,9,1237,1997,2667.0,0.0,0.487041,1.287344,BGR,ARM,5105
2833871,4,100,1237,1997,1858.0,0.0,-0.32351599999999997,-0.170449,ALB,HRV,5105
2833872,8,100,1237,1997,36633.0,0.0,0.273654,0.495389,ARG,HRV,5105
2833873,14,100,1237,1997,1710368.0,0.0,0.428555,0.798283,AUS,HRV,5105
2833874,15,100,1237,1997,153998.0,0.0,1.8926189999999998,0.624346,AUT,HRV,5105
2833875,32,100,1237,1997,104861.0,0.0,0.718336,1.203066,BRA,HRV,5105
2833876,59,100,1237,1997,33463.0,0.0,1.40651,1.354695,CZE,HRV,5105
2833877,61,100,1237,1997,2594247.0,0.0,2.293936,-2.2301919999999997,DEU,HRV,5105
2833878,77,100,1237,1997,463413.0,0.0,1.69504,0.8278549999999999,FRA,HRV,5105
2833879,81,100,1237,1997,1753.0,3282.0,1.886353,0.783832,GBR,HRV,5105
2833880,111,100,1237,1997,155639.0,0.0,1.4860389999999999,1.235674,ITA,HRV,5105
2833881,166,100,1237,1997,65764.0,0.0,0.557545,0.731294,NZL,HRV,5105
2833882,207,100,1237,1997,285472.0,0.0,1.435765,1.348897,SVN,HRV,5105
2833883,23,135,1237,1997,49919.0,0.0,0.487041,1.287344,BGR,MDA,5105
2833884,81,142,1237,1997,36245.0,0.0,1.886353,0.783832,GBR,MLT,5105
2833885,111,142,1237,1997,2046.0,0.0,1.4860389999999999,1.235674,ITA,MLT,5105
2833886,121,142,1237,1997,0.0,228122.0,1.0478290000000001,1.2874370000000002,KOR,MLT,5105
2833887,8,185,1237,1997,87278.0,0.0,0.273654,0.495389,ARG,ROU,5105
2833888,14,185,1237,1997,1023468.0,0.0,0.428555,0.798283,AUS,ROU,5105
2833889,18,185,1237,1997,161165.0,0.0,1.4274069999999999,1.490435,BEL,ROU,5105
2833890,23,185,1237,1997,175779.0,0.0,0.487041,1.287344,BGR,ROU,5105
2833891,59,185,1237,1997,300685.0,0.0,1.40651,1.354695,CZE,ROU,5105
2833892,61,185,1237,1997,127533.0,0.0,2.293936,-2.2301919999999997,DEU,ROU,5105
2833893,71,185,1237,1997,1860733.0,0.0,1.082049,2.0238650000000002,ESP,ROU,5105
2833894,77,185,1237,1997,863765.0,0.0,1.69504,0.8278549999999999,FRA,ROU,5105
2833895,81,185,1237,1997,3062071.0,0.0,1.886353,0.783832,GBR,ROU,5105
2833896,90,185,1237,1997,0.0,49644.0,0.229516,1.085225,GRC,ROU,5105
2833897,111,185,1237,1997,906964.0,106647.0,1.4860389999999999,1.235674,ITA,ROU,5105
2833898,166,185,1237,1997,34223.0,0.0,0.557545,0.731294,NZL,ROU,5105
2833899,186,185,1237,1997,49620.0,0.0,0.87377,0.423861,RUS,ROU,5105
2833900,189,185,1237,1997,0.0,109292.0,0.659904,1.702849,SCG,ROU,5105
2833901,224,185,1237,1997,94383.0,0.0,0.167734,1.5827870000000002,TUR,ROU,5105
2833902,230,185,1237,1997,49726.0,0.0,0.226228,0.29183400000000004,URY,ROU,5105
2833903,14,189,1237,1997,256341.0,0.0,0.428555,0.798283,AUS,SCG,5105
2833904,18,189,1237,1997,52855.0,0.0,1.4274069999999999,1.490435,BEL,SCG,5105
2833905,23,189,1237,1997,25084.0,0.0,0.487041,1.287344,BGR,SCG,5105
2833906,59,189,1237,1997,0.0,79096.0,1.40651,1.354695,CZE,SCG,5105
2833907,61,189,1237,1997,160978.0,0.0,2.293936,-2.2301919999999997,DEU,SCG,5105
2833908,77,189,1237,1997,63037.0,0.0,1.69504,0.8278549999999999,FRA,SCG,5105
2833909,81,189,1237,1997,143408.0,0.0,1.886353,0.783832,GBR,SCG,5105
2833910,102,189,1237,1997,234253.0,0.0,0.746743,1.577102,HUN,SCG,5105
2833911,177,189,1237,1997,18506.0,0.0,0.805559,1.9598520000000001,POL,SCG,5105
2833912,185,189,1237,1997,109292.0,0.0,0.44381000000000004,1.084109,ROU,SCG,5105
2833913,186,189,1237,1997,27719.0,0.0,0.87377,0.423861,RUS,SCG,5105
2833914,104,212,1237,1997,12837.0,0.0,0.262571,2.31305,IND,SYR,5105
2833915,166,212,1237,1997,492774.0,0.0,0.557545,0.731294,NZL,SYR,5105
2833916,18,223,1237,1997,7484.0,0.0,1.4274069999999999,1.490435,BEL,TUN,5105
2833917,61,223,1237,1997,7447.0,0.0,2.293936,-2.2301919999999997,DEU,TUN,5105
2833918,71,223,1237,1997,1451084.0,0.0,1.082049,2.0238650000000002,ESP,TUN,5105
2833919,77,223,1237,1997,6097.0,0.0,1.69504,0.8278549999999999,FRA,TUN,5105
2833920,81,223,1237,1997,104451.0,0.0,1.886353,0.783832,GBR,TUN,5105
2833921,104,223,1237,1997,47050.0,0.0,0.262571,2.31305,IND,TUN,5105
2833922,111,223,1237,1997,2567.0,0.0,1.4860389999999999,1.235674,ITA,TUN,5105
2833923,8,250,1237,1997,299122.0,0.0,0.273654,0.495389,ARG,ANS,5105
2833924,14,250,1237,1997,1156127.0,193969.0,0.428555,0.798283,AUS,ANS,5105
2833925,23,250,1237,1997,3580139.0,132395.0,0.487041,1.287344,BGR,ANS,5105
2833926,43,250,1237,1997,0.0,1087329.0,0.36051300000000003,3.287322,CHN,ANS,5105
2833927,59,250,1237,1997,75004.0,197852.0,1.40651,1.354695,CZE,ANS,5105
2833928,61,250,1237,1997,15571.0,0.0,2.293936,-2.2301919999999997,DEU,ANS,5105
2833929,77,250,1237,1997,0.0,595211.0,1.69504,0.8278549999999999,FRA,ANS,5105
2833930,166,250,1237,1997,0.0,37873.0,0.557545,0.731294,NZL,ANS,5105
2833931,177,250,1237,1997,34168.0,66541.0,0.805559,1.9598520000000001,POL,ANS,5105
2833932,206,250,1237,1997,0.0,7009.0,1.200699,1.318346,SVK,ANS,5105
2833933,224,250,1237,1997,1256748.0,1043986.0,0.167734,1.5827870000000002,TUR,ANS,5105
2833934,246,250,1237,1997,0.0,39585.0,0.501792,1.1192440000000001,ZAF,ANS,5105
2833935,14,168,1237,1997,4045.0,0.0,0.428555,0.798283,AUS,PAK,5105
2833936,81,168,1237,1997,150616.0,0.0,1.886353,0.783832,GBR,PAK,5105
2833937,43,239,1237,1997,3593.0,0.0,0.36051300000000003,3.287322,CHN,VNM,5105
2833938,97,239,1237,1997,973154.0,0.0,0.521942,2.578405,HKG,VNM,5105
2833939,230,239,1237,1997,1394592.0,0.0,0.226228,0.29183400000000004,URY,VNM,5105
2833940,41,31,1237,1997,0.0,39446.0,2.280163,0.597819,CHE,BOL,5105
2833941,61,31,1237,1997,0.0,2019.0,2.293936,-2.2301919999999997,DEU,BOL,5105
2833942,81,31,1237,1997,0.0,10844.0,1.886353,0.783832,GBR,BOL,5105
2833943,111,31,1237,1997,0.0,111025.0,1.4860389999999999,1.235674,ITA,BOL,5105
2833944,114,31,1237,1997,0.0,68096.0,2.631846,0.553144,JPN,BOL,5105
2833945,138,31,1237,1997,0.0,1480.0,0.603221,0.898488,MEX,BOL,5105
2833946,173,31,1237,1997,0.0,217396.0,-0.5023880000000001,-0.262563,PER,BOL,5105
2833947,231,31,1237,1997,0.0,1163.0,1.823511,0.888084,USA,BOL,5105
2833948,81,34,1237,1997,1874.0,0.0,1.886353,0.783832,GBR,BRN,5105
2833949,153,34,1237,1997,1337.0,0.0,0.37340999999999996,0.36853600000000003,MYS,BRN,5105
2833950,249,34,1237,1997,607.0,0.0,1.317672,1.800561,TWN,BRN,5105
2833951,81,50,1237,1997,132835.0,0.0,1.886353,0.783832,GBR,COM,5105
2833952,177,85,1237,1997,0.0,98066.0,0.805559,1.9598520000000001,POL,GIN,5105
2833953,14,109,1237,1997,10587.0,0.0,0.428555,0.798283,AUS,ISL,5105
2833954,64,109,1237,1997,0.0,1101.0,1.358279,1.420107,DNK,ISL,5105
2833955,14,133,1237,1997,3617.0,0.0,0.428555,0.798283,AUS,MAC,5105
2833956,43,133,1237,1997,682475.0,0.0,0.36051300000000003,3.287322,CHN,MAC,5105
2833957,77,133,1237,1997,34005.0,0.0,1.69504,0.8278549999999999,FRA,MAC,5105
2833958,97,133,1237,1997,6777433.0,210981.0,0.521942,2.578405,HKG,MAC,5105
2833959,111,133,1237,1997,3159.0,0.0,1.4860389999999999,1.235674,ITA,MAC,5105
2833960,114,133,1237,1997,0.0,12402.0,2.631846,0.553144,JPN,MAC,5105
2833961,145,133,1237,1997,142112.0,0.0,-0.36035300000000003,-0.862088,MNG,MAC,5105
2833962,230,133,1237,1997,167285.0,0.0,0.226228,0.29183400000000004,URY,MAC,5105
2833963,246,133,1237,1997,6579.0,0.0,0.501792,1.1192440000000001,ZAF,MAC,5105
2833964,43,136,1237,1997,205350.0,0.0,0.36051300000000003,3.287322,CHN,MDG,5105
2833965,49,136,1237,1997,0.0,84921.0,0.190632,0.068001,COL,MDG,5105
2833966,14,151,1237,1997,153606.0,0.0,0.428555,0.798283,AUS,MUS,5105
2833967,41,151,1237,1997,64335.0,0.0,2.280163,0.597819,CHE,MUS,5105
2833968,43,151,1237,1997,28584.0,0.0,0.36051300000000003,3.287322,CHN,MUS,5105
2833969,61,151,1237,1997,61699.0,0.0,2.293936,-2.2301919999999997,DEU,MUS,5105
2833970,77,151,1237,1997,123359.0,0.0,1.69504,0.8278549999999999,FRA,MUS,5105
2833971,97,151,1237,1997,792982.0,0.0,0.521942,2.578405,HKG,MUS,5105
2833972,111,151,1237,1997,140451.0,0.0,1.4860389999999999,1.235674,ITA,MUS,5105
2833973,246,151,1237,1997,1484494.0,0.0,0.501792,1.1192440000000001,ZAF,MUS,5105
2833974,249,151,1237,1997,203817.0,0.0,1.317672,1.800561,TWN,MUS,5105
2833975,81,215,1237,1997,14260.0,0.0,1.886353,0.783832,GBR,TGO,5105
2833976,81,227,1237,1997,0.0,56200.0,1.886353,0.783832,GBR,UGA,5105
2833977,81,7,1237,1997,160507.0,0.0,1.886353,0.783832,GBR,ARE,5105
2833978,107,7,1237,1997,0.0,325751.0,-0.503841,-0.9984059999999999,IRN,ARE,5105
2833979,18,26,1237,1997,163894.0,0.0,1.4274069999999999,1.490435,BEL,BIH,5105
2833980,61,26,1237,1997,60216.0,0.0,2.293936,-2.2301919999999997,DEU,BIH,5105
2833981,111,26,1237,1997,186618.0,0.0,1.4860389999999999,1.235674,ITA,BIH,5105
2833982,23,28,1237,1997,17673.0,28206.0,0.487041,1.287344,BGR,BLR,5105
2833983,59,28,1237,1997,127653.0,0.0,1.40651,1.354695,CZE,BLR,5105
2833984,61,28,1237,1997,0.0,45161.0,2.293936,-2.2301919999999997,DEU,BLR,5105
2833985,140,28,1237,1997,0.0,26150.0,0.26327399999999995,0.704879,MKD,BLR,5105
2833986,81,84,1237,1997,3430.0,0.0,1.886353,0.783832,GBR,GIB,5105
2833987,43,115,1237,1997,7022.0,0.0,0.36051300000000003,3.287322,CHN,KAZ,5105
2833988,121,115,1237,1997,0.0,4258.0,1.0478290000000001,1.2874370000000002,KOR,KAZ,5105
2833989,186,115,1237,1997,0.0,182865.0,0.87377,0.423861,RUS,KAZ,5105
2833990,81,128,1237,1997,10622.0,0.0,1.886353,0.783832,GBR,LKA,5105
2833991,104,128,1237,1997,5671.0,0.0,0.262571,2.31305,IND,LKA,5105
2833992,207,128,1237,1997,0.0,1493.0,1.435765,1.348897,SVN,LKA,5105
2833993,43,164,1237,1997,1401826.0,0.0,0.36051300000000003,3.287322,CHN,NPL,5105
2833994,81,180,1237,1997,0.0,109463.0,1.886353,0.783832,GBR,PRY,5105
2833995,81,188,1237,1997,44436.0,0.0,1.886353,0.783832,GBR,SAU,5105
2833996,104,188,1237,1997,0.0,325761.0,0.262571,2.31305,IND,SAU,5105
2833997,114,188,1237,1997,0.0,88271.0,2.631846,0.553144,JPN,SAU,5105
2833998,121,188,1237,1997,45846.0,39173.0,1.0478290000000001,1.2874370000000002,KOR,SAU,5105
2833999,81,196,1237,1997,19086.0,0.0,1.886353,0.783832,GBR,SLE,5105
2834000,107,232,1237,1997,0.0,6816.0,-0.503841,-0.9984059999999999,IRN,UZB,5105
2834001,224,232,1237,1997,0.0,42037.0,0.167734,1.5827870000000002,TUR,UZB,5105
2834002,246,248,1237,1997,29289.0,0.0,0.501792,1.1192440000000001,ZAF,ZWE,5105
2834003,107,219,1237,1997,0.0,49482.0,-0.503841,-0.9984059999999999,IRN,TKM,5105
2834004,14,1,1237,1997,6110.0,0.0,0.428555,0.798283,AUS,AFG,5105
2834005,90,4,1237,1997,1035.0,0.0,0.229516,1.085225,GRC,ALB,5105
2834006,100,4,1237,1997,0.0,1858.0,0.607903,1.147751,HRV,ALB,5105
2834007,41,5,1237,1997,1054.0,0.0,2.280163,0.597819,CHE,AND,5105
2834008,77,5,1237,1997,1989.0,0.0,1.69504,0.8278549999999999,FRA,AND,5105
2834009,43,62,1237,1997,37276.0,0.0,0.36051300000000003,3.287322,CHN,DJI,5105
2834010,224,117,1237,1997,0.0,1499.0,0.167734,1.5827870000000002,TUR,KGZ,5105
2834011,18,145,1237,1997,0.0,157220.0,1.4274069999999999,1.490435,BEL,MNG,5105
2834012,41,145,1237,1997,0.0,196157.0,2.280163,0.597819,CHE,MNG,5105
2834013,43,145,1237,1997,0.0,3201371.0,0.36051300000000003,3.287322,CHN,MNG,5105
2834014,77,145,1237,1997,0.0,99607.0,1.69504,0.8278549999999999,FRA,MNG,5105
2834015,81,145,1237,1997,0.0,771702.0,1.886353,0.783832,GBR,MNG,5105
2834016,111,145,1237,1997,0.0,106355.0,1.4860389999999999,1.235674,ITA,MNG,5105
2834017,114,145,1237,1997,0.0,812721.0,2.631846,0.553144,JPN,MNG,5105
2834018,121,145,1237,1997,0.0,256072.0,1.0478290000000001,1.2874370000000002,KOR,MNG,5105
2834019,133,145,1237,1997,0.0,142112.0,-0.238002,-0.361492,MAC,MNG,5105
2834020,162,145,1237,1997,0.0,54465.0,1.267794,1.727888,NLD,MNG,5105
2834021,186,145,1237,1997,1367.0,87368.0,0.87377,0.423861,RUS,MNG,5105
2834022,231,145,1237,1997,0.0,63856.0,1.823511,0.888084,USA,MNG,5105
2834023,192,156,1237,1997,1256.0,0.0,1.01557,0.360154,SGP,NCL,5105
2834024,71,178,1237,1997,55371.0,0.0,1.082049,2.0238650000000002,ESP,PRK,5105
2834025,81,178,1237,1997,127785.0,0.0,1.886353,0.783832,GBR,PRK,5105
2834026,99,178,1237,1997,0.0,2328.0,-0.832161,-0.5578270000000001,HND,PRK,5105
2834027,111,178,1237,1997,0.0,101678.0,1.4860389999999999,1.235674,ITA,PRK,5105
2834028,173,178,1237,1997,49360.0,0.0,-0.5023880000000001,-0.262563,PER,PRK,5105
2834029,192,195,1237,1997,16810.0,0.0,1.01557,0.360154,SGP,SLB,5105
2834030,186,217,1237,1997,0.0,30975.0,0.87377,0.423861,RUS,TJK,5105
2834031,23,237,1237,1997,0.0,5345.0,0.487041,1.287344,BGR,VGB,5105
2834032,14,15,1238,1997,0.0,2249.0,0.428555,0.798283,AUS,AUT,5106
2834033,18,15,1238,1997,0.0,109967.0,1.4274069999999999,1.490435,BEL,AUT,5106
2834034,23,15,1238,1997,0.0,11471.0,0.487041,1.287344,BGR,AUT,5106
2834035,41,15,1238,1997,468973.0,127566.0,2.280163,0.597819,CHE,AUT,5106
2834036,59,15,1238,1997,146998.0,12342.0,1.40651,1.354695,CZE,AUT,5106
2834037,61,15,1238,1997,846925.0,441566.0,2.293936,-2.2301919999999997,DEU,AUT,5106
2834038,64,15,1238,1997,2344.0,0.0,1.358279,1.420107,DNK,AUT,5106
2834039,74,15,1238,1997,7231.0,7219.0,1.9298959999999998,1.083861,FIN,AUT,5106
2834040,77,15,1238,1997,43030.0,6145.0,1.69504,0.8278549999999999,FRA,AUT,5106
2834041,81,15,1238,1997,4669777.0,0.0,1.886353,0.783832,GBR,AUT,5106
2834042,97,15,1238,1997,0.0,349191.0,0.521942,2.578405,HKG,AUT,5106
2834043,102,15,1238,1997,0.0,91394.0,0.746743,1.577102,HUN,AUT,5106
2834044,106,15,1238,1997,21001.0,63667.0,1.471048,0.8769370000000001,IRL,AUT,5106
2834045,111,15,1238,1997,884365.0,23996.0,1.4860389999999999,1.235674,ITA,AUT,5106
2834046,162,15,1238,1997,1719.0,17927.0,1.267794,1.727888,NLD,AUT,5106
2834047,166,15,1238,1997,0.0,1821.0,0.557545,0.731294,NZL,AUT,5106
2834048,206,15,1238,1997,1068.0,18096.0,1.200699,1.318346,SVK,AUT,5106
2834049,207,15,1238,1997,9863.0,0.0,1.435765,1.348897,SVN,AUT,5106
2834050,216,15,1238,1997,3497.0,0.0,0.084875,1.41931,THA,AUT,5106
2834051,1,18,1238,1997,0.0,6044.0,0.019025999999999998,-0.351461,AFG,BEL,5106
2834052,14,18,1238,1997,0.0,45927.0,0.428555,0.798283,AUS,BEL,5106
2834053,15,18,1238,1997,109967.0,0.0,1.8926189999999998,0.624346,AUT,BEL,5106
2834054,23,18,1238,1997,0.0,30573.0,0.487041,1.287344,BGR,BEL,5106
2834055,26,18,1238,1997,124848.0,0.0,0.459512,0.194939,BIH,BEL,5106
2834056,41,18,1238,1997,5339.0,1117962.0,2.280163,0.597819,CHE,BEL,5106
2834057,43,18,1238,1997,0.0,889.0,0.36051300000000003,3.287322,CHN,BEL,5106
2834058,59,18,1238,1997,0.0,45995.0,1.40651,1.354695,CZE,BEL,5106
2834059,61,18,1238,1997,428146.0,2830247.0,2.293936,-2.2301919999999997,DEU,BEL,5106
2834060,64,18,1238,1997,4945.0,3412099.0,1.358279,1.420107,DNK,BEL,5106
2834061,71,18,1238,1997,19115.0,19089.0,1.082049,2.0238650000000002,ESP,BEL,5106
2834062,74,18,1238,1997,59383.0,0.0,1.9298959999999998,1.083861,FIN,BEL,5106
2834063,77,18,1238,1997,1391182.0,4251403.0,1.69504,0.8278549999999999,FRA,BEL,5106
2834064,81,18,1238,1997,6642323.0,1576236.0,1.886353,0.783832,GBR,BEL,5106
2834065,102,18,1238,1997,0.0,27486.0,0.746743,1.577102,HUN,BEL,5106
2834066,104,18,1238,1997,72617.0,37342.0,0.262571,2.31305,IND,BEL,5106
2834067,106,18,1238,1997,609109.0,0.0,1.471048,0.8769370000000001,IRL,BEL,5106
2834068,110,18,1238,1997,0.0,2559.0,1.3230030000000002,0.965016,ISR,BEL,5106
2834069,111,18,1238,1997,7505000.0,91371.0,1.4860389999999999,1.235674,ITA,BEL,5106
2834070,124,18,1238,1997,0.0,117095.0,0.334291,0.783104,LBN,BEL,5106
2834071,130,18,1238,1997,1696.0,9908.0,0.377245,0.8823270000000001,LTU,BEL,5106
2834072,134,18,1238,1997,0.0,9126.0,-0.649616,-0.260554,MAR,BEL,5106
2834073,136,18,1238,1997,0.0,25387.0,-1.2630370000000002,-0.565295,MDG,BEL,5106
2834074,140,18,1238,1997,160332.0,320910.0,0.26327399999999995,0.704879,MKD,BEL,5106
2834075,162,18,1238,1997,2647676.0,17515016.0,1.267794,1.727888,NLD,BEL,5106
2834076,177,18,1238,1997,0.0,1968.0,0.805559,1.9598520000000001,POL,BEL,5106
2834077,179,18,1238,1997,2142353.0,96903.0,0.379367,1.296551,PRT,BEL,5106
2834078,206,18,1238,1997,8967.0,0.0,1.200699,1.318346,SVK,BEL,5106
2834079,207,18,1238,1997,643173.0,539780.0,1.435765,1.348897,SVN,BEL,5106
2834080,223,18,1238,1997,0.0,6506.0,-0.24073899999999998,-0.146818,TUN,BEL,5106
2834081,224,18,1238,1997,0.0,16857.0,0.167734,1.5827870000000002,TUR,BEL,5106
2834082,231,18,1238,1997,13048.0,0.0,1.823511,0.888084,USA,BEL,5106
2834083,246,18,1238,1997,0.0,7775.0,0.501792,1.1192440000000001,ZAF,BEL,5106
2834084,231,33,1238,1997,4709.0,0.0,1.823511,0.888084,USA,BRB,5106
2834085,8,43,1238,1997,164779.0,0.0,0.273654,0.495389,ARG,CHN,5106
2834086,14,43,1238,1997,707747.0,597959.0,0.428555,0.798283,AUS,CHN,5106
2834087,18,43,1238,1997,889.0,0.0,1.4274069999999999,1.490435,BEL,CHN,5106
2834088,39,43,1238,1997,2769.0,24319.0,1.109494,1.178772,CAN,CHN,5106
2834089,41,43,1238,1997,9514.0,0.0,2.280163,0.597819,CHE,CHN,5106
2834090,45,43,1238,1997,0.0,1464.0,-1.205482,-1.015714,CMR,CHN,5106
2834091,61,43,1238,1997,16249.0,2197.0,2.293936,-2.2301919999999997,DEU,CHN,5106
2834092,64,43,1238,1997,23364.0,1212.0,1.358279,1.420107,DNK,CHN,5106
2834093,71,43,1238,1997,11490.0,0.0,1.082049,2.0238650000000002,ESP,CHN,5106
2834094,77,43,1238,1997,4953.0,0.0,1.69504,0.8278549999999999,FRA,CHN,5106
2834095,81,43,1238,1997,1464843.0,2203276.0,1.886353,0.783832,GBR,CHN,5106
2834096,97,43,1238,1997,27767258.0,112191352.0,0.521942,2.578405,HKG,CHN,5106
2834097,102,43,1238,1997,0.0,3952231.0,0.746743,1.577102,HUN,CHN,5106
2834098,103,43,1238,1997,0.0,150291.0,-0.44080699999999995,1.220104,IDN,CHN,5106
2834099,104,43,1238,1997,100435.0,102435.0,0.262571,2.31305,IND,CHN,5106
2834100,111,43,1238,1997,965237.0,391029.0,1.4860389999999999,1.235674,ITA,CHN,5106
2834101,113,43,1238,1997,0.0,16172.0,0.49456300000000003,0.33966,JOR,CHN,5106
2834102,114,43,1238,1997,2985451.0,5378753.0,2.631846,0.553144,JPN,CHN,5106
2834103,121,43,1238,1997,2512299.0,1057023.0,1.0478290000000001,1.2874370000000002,KOR,CHN,5106
2834104,133,43,1238,1997,444943.0,26304408.0,-0.238002,-0.361492,MAC,CHN,5106
2834105,136,43,1238,1997,0.0,363324.0,-1.2630370000000002,-0.565295,MDG,CHN,5106
2834106,151,43,1238,1997,0.0,538621.0,-0.49241,-0.695729,MUS,CHN,5106
2834107,153,43,1238,1997,61208.0,2520.0,0.37340999999999996,0.36853600000000003,MYS,CHN,5106
2834108,164,43,1238,1997,0.0,69018.0,-0.559546,-0.358545,NPL,CHN,5106
2834109,166,43,1238,1997,955053.0,162849.0,0.557545,0.731294,NZL,CHN,5106
2834110,168,43,1238,1997,1158.0,0.0,-0.882432,-0.563344,PAK,CHN,5106
2834111,174,43,1238,1997,3216.0,181492.0,-0.24310900000000002,0.085784,PHL,CHN,5106
2834112,178,43,1238,1997,0.0,37116.0,0.701604,0.649257,PRK,CHN,5106
2834113,192,43,1238,1997,1102.0,172381.0,1.01557,0.360154,SGP,CHN,5106
2834114,216,43,1238,1997,0.0,457116.0,0.084875,1.41931,THA,CHN,5106
2834115,224,43,1238,1997,0.0,14525.0,0.167734,1.5827870000000002,TUR,CHN,5106
2834116,231,43,1238,1997,177240.0,1215.0,1.823511,0.888084,USA,CHN,5106
2834117,239,43,1238,1997,0.0,28331.0,-0.93384,0.06253099999999999,VNM,CHN,5106
2834118,246,43,1238,1997,0.0,784879.0,0.501792,1.1192440000000001,ZAF,CHN,5106
2834119,249,43,1238,1997,788102.0,46383.0,1.317672,1.800561,TWN,CHN,5106
2834120,250,43,1238,1997,15169277.0,0.0,1.036748,0.851626,ANS,CHN,5106
2834121,8,49,1238,1997,192821.0,0.0,0.273654,0.495389,ARG,COL,5106
2834122,71,49,1238,1997,14205.0,0.0,1.082049,2.0238650000000002,ESP,COL,5106
2834123,81,49,1238,1997,23245.0,0.0,1.886353,0.783832,GBR,COL,5106
2834124,111,49,1238,1997,18285.0,0.0,1.4860389999999999,1.235674,ITA,COL,5106
2834125,39,52,1238,1997,9744.0,0.0,1.109494,1.178772,CAN,CRI,5106
2834126,121,52,1238,1997,248078.0,0.0,1.0478290000000001,1.2874370000000002,KOR,CRI,5106
2834127,61,58,1238,1997,1597.0,0.0,2.293936,-2.2301919999999997,DEU,CYP,5106
2834128,81,58,1238,1997,385640.0,0.0,1.886353,0.783832,GBR,CYP,5106
2834129,90,58,1238,1997,163197.0,0.0,0.229516,1.085225,GRC,CYP,5106
2834130,111,58,1238,1997,16328.0,4919.0,1.4860389999999999,1.235674,ITA,CYP,5106
2834131,14,61,1238,1997,0.0,19445.0,0.428555,0.798283,AUS,DEU,5106
2834132,15,61,1238,1997,441566.0,846925.0,1.8926189999999998,0.624346,AUT,DEU,5106
2834133,18,61,1238,1997,2830247.0,428146.0,1.4274069999999999,1.490435,BEL,DEU,5106
2834134,23,61,1238,1997,0.0,54624.0,0.487041,1.287344,BGR,DEU,5106
2834135,41,61,1238,1997,25811.0,1619007.0,2.280163,0.597819,CHE,DEU,5106
2834136,43,61,1238,1997,2197.0,16249.0,0.36051300000000003,3.287322,CHN,DEU,5106
2834137,58,61,1238,1997,0.0,1597.0,0.451212,0.452754,CYP,DEU,5106
2834138,59,61,1238,1997,369171.0,220515.0,1.40651,1.354695,CZE,DEU,5106
2834139,64,61,1238,1997,3589552.0,79991.0,1.358279,1.420107,DNK,DEU,5106
2834140,68,61,1238,1997,0.0,25216.0,-0.314425,0.156345,EGY,DEU,5106
2834141,71,61,1238,1997,170633.0,5327.0,1.082049,2.0238650000000002,ESP,DEU,5106
2834142,72,61,1238,1997,301873.0,0.0,0.460823,0.9126700000000001,EST,DEU,5106
2834143,74,61,1238,1997,2472415.0,78640.0,1.9298959999999998,1.083861,FIN,DEU,5106
2834144,77,61,1238,1997,118975.0,563240.0,1.69504,0.8278549999999999,FRA,DEU,5106
2834145,81,61,1238,1997,4222042.0,136500.0,1.886353,0.783832,GBR,DEU,5106
2834146,90,61,1238,1997,16825.0,186607.0,0.229516,1.085225,GRC,DEU,5106
2834147,97,61,1238,1997,4000.0,272788.0,0.521942,2.578405,HKG,DEU,5106
2834148,100,61,1238,1997,24512.0,17384.0,0.607903,1.147751,HRV,DEU,5106
2834149,102,61,1238,1997,264903.0,365172.0,0.746743,1.577102,HUN,DEU,5106
2834150,104,61,1238,1997,779153.0,0.0,0.262571,2.31305,IND,DEU,5106
2834151,106,61,1238,1997,0.0,26743.0,1.471048,0.8769370000000001,IRL,DEU,5106
2834152,107,61,1238,1997,0.0,2181.0,-0.503841,-0.9984059999999999,IRN,DEU,5106
2834153,109,61,1238,1997,0.0,15783.0,0.217533,-0.405395,ISL,DEU,5106
2834154,110,61,1238,1997,0.0,307771.0,1.3230030000000002,0.965016,ISR,DEU,5106
2834155,111,61,1238,1997,16182901.0,731722.0,1.4860389999999999,1.235674,ITA,DEU,5106
2834156,114,61,1238,1997,23164.0,1487.0,2.631846,0.553144,JPN,DEU,5106
2834157,130,61,1238,1997,0.0,375475.0,0.377245,0.8823270000000001,LTU,DEU,5106
2834158,133,61,1238,1997,0.0,22990.0,-0.238002,-0.361492,MAC,DEU,5106
2834159,134,61,1238,1997,0.0,342926.0,-0.649616,-0.260554,MAR,DEU,5106
2834160,136,61,1238,1997,25340.0,0.0,-1.2630370000000002,-0.565295,MDG,DEU,5106
2834161,151,61,1238,1997,0.0,12966.0,-0.49241,-0.695729,MUS,DEU,5106
2834162,162,61,1238,1997,3135.0,2657667.0,1.267794,1.727888,NLD,DEU,5106
2834163,163,61,1238,1997,19604.0,403365.0,1.003945,0.188826,NOR,DEU,5106
2834164,166,61,1238,1997,0.0,69493.0,0.557545,0.731294,NZL,DEU,5106
2834165,174,61,1238,1997,0.0,78794.0,-0.24310900000000002,0.085784,PHL,DEU,5106
2834166,177,61,1238,1997,3419.0,264591.0,0.805559,1.9598520000000001,POL,DEU,5106
2834167,179,61,1238,1997,42083.0,71692.0,0.379367,1.296551,PRT,DEU,5106
2834168,185,61,1238,1997,6453.0,203713.0,0.44381000000000004,1.084109,ROU,DEU,5106
2834169,186,61,1238,1997,0.0,4645.0,0.87377,0.423861,RUS,DEU,5106
2834170,189,61,1238,1997,0.0,1620.0,0.659904,1.702849,SCG,DEU,5106
2834171,206,61,1238,1997,4564.0,25192.0,1.200699,1.318346,SVK,DEU,5106
2834172,207,61,1238,1997,0.0,278717.0,1.435765,1.348897,SVN,DEU,5106
2834173,208,61,1238,1997,0.0,68851.0,2.120182,0.993078,SWE,DEU,5106
2834174,216,61,1238,1997,7251.0,12726.0,0.084875,1.41931,THA,DEU,5106
2834175,224,61,1238,1997,2098.0,108597.0,0.167734,1.5827870000000002,TUR,DEU,5106
2834176,231,61,1238,1997,4030.0,504974.0,1.823511,0.888084,USA,DEU,5106
2834177,239,61,1238,1997,0.0,168970.0,-0.93384,0.06253099999999999,VNM,DEU,5106
2834178,246,61,1238,1997,77873.0,248553.0,0.501792,1.1192440000000001,ZAF,DEU,5106
2834179,249,61,1238,1997,0.0,92213.0,1.317672,1.800561,TWN,DEU,5106
2834180,250,61,1238,1997,0.0,19031.0,1.036748,0.851626,ANS,DEU,5106
2834181,14,64,1238,1997,0.0,13342.0,0.428555,0.798283,AUS,DNK,5106
2834182,15,64,1238,1997,0.0,2344.0,1.8926189999999998,0.624346,AUT,DNK,5106
2834183,18,64,1238,1997,3412099.0,4945.0,1.4274069999999999,1.490435,BEL,DNK,5106
2834184,41,64,1238,1997,0.0,263840.0,2.280163,0.597819,CHE,DNK,5106
2834185,43,64,1238,1997,1212.0,23364.0,0.36051300000000003,3.287322,CHN,DNK,5106
2834186,59,64,1238,1997,47391.0,0.0,1.40651,1.354695,CZE,DNK,5106
2834187,61,64,1238,1997,79991.0,3589552.0,2.293936,-2.2301919999999997,DEU,DNK,5106
2834188,71,64,1238,1997,5835.0,0.0,1.082049,2.0238650000000002,ESP,DNK,5106
2834189,72,64,1238,1997,10039.0,2817.0,0.460823,0.9126700000000001,EST,DNK,5106
2834190,74,64,1238,1997,1259478.0,0.0,1.9298959999999998,1.083861,FIN,DNK,5106
2834191,77,64,1238,1997,177048.0,606821.0,1.69504,0.8278549999999999,FRA,DNK,5106
2834192,78,64,1238,1997,0.0,18501.0,-0.602436,-0.8477809999999999,FRO,DNK,5106
2834193,81,64,1238,1997,7713540.0,7949574.0,1.886353,0.783832,GBR,DNK,5106
2834194,90,64,1238,1997,1067.0,57509.0,0.229516,1.085225,GRC,DNK,5106
2834195,104,64,1238,1997,14449.0,0.0,0.262571,2.31305,IND,DNK,5106
2834196,109,64,1238,1997,144095.0,1665.0,0.217533,-0.405395,ISL,DNK,5106
2834197,111,64,1238,1997,211512.0,0.0,1.4860389999999999,1.235674,ITA,DNK,5106
2834198,114,64,1238,1997,6837.0,0.0,2.631846,0.553144,JPN,DNK,5106
2834199,130,64,1238,1997,1422.0,15457.0,0.377245,0.8823270000000001,LTU,DNK,5106
2834200,136,64,1238,1997,56101.0,0.0,-1.2630370000000002,-0.565295,MDG,DNK,5106
2834201,162,64,1238,1997,219525.0,717797.0,1.267794,1.727888,NLD,DNK,5106
2834202,163,64,1238,1997,2457235.0,57394.0,1.003945,0.188826,NOR,DNK,5106
2834203,177,64,1238,1997,0.0,3287.0,0.805559,1.9598520000000001,POL,DNK,5106
2834204,179,64,1238,1997,0.0,39124.0,0.379367,1.296551,PRT,DNK,5106
2834205,188,64,1238,1997,0.0,59719.0,0.015040000000000001,-0.954475,SAU,DNK,5106
2834206,208,64,1238,1997,3162.0,0.0,2.120182,0.993078,SWE,DNK,5106
2834207,224,64,1238,1997,9707.0,49368.0,0.167734,1.5827870000000002,TUR,DNK,5106
2834208,231,64,1238,1997,0.0,13728.0,1.823511,0.888084,USA,DNK,5106
2834209,81,65,1238,1997,11562.0,0.0,1.886353,0.783832,GBR,DOM,5106
2834210,97,65,1238,1997,1169.0,0.0,0.521942,2.578405,HKG,DOM,5106
2834211,231,65,1238,1997,16078.0,0.0,1.823511,0.888084,USA,DOM,5106
2834212,71,67,1238,1997,34989.0,0.0,1.082049,2.0238650000000002,ESP,ECU,5106
2834213,18,71,1238,1997,19089.0,19115.0,1.4274069999999999,1.490435,BEL,ESP,5106
2834214,23,71,1238,1997,6176.0,0.0,0.487041,1.287344,BGR,ESP,5106
2834215,41,71,1238,1997,0.0,25687.0,2.280163,0.597819,CHE,ESP,5106
2834216,42,71,1238,1997,0.0,45912.0,0.002791,-0.030604000000000003,CHL,ESP,5106
2834217,43,71,1238,1997,0.0,11490.0,0.36051300000000003,3.287322,CHN,ESP,5106
2834218,49,71,1238,1997,0.0,14205.0,0.190632,0.068001,COL,ESP,5106
2834219,61,71,1238,1997,5327.0,170633.0,2.293936,-2.2301919999999997,DEU,ESP,5106
2834220,64,71,1238,1997,0.0,5835.0,1.358279,1.420107,DNK,ESP,5106
2834221,66,71,1238,1997,0.0,26861.0,-0.717599,-1.126311,DZA,ESP,5106
2834222,67,71,1238,1997,0.0,34989.0,-1.1931690000000001,-1.0139690000000001,ECU,ESP,5106
2834223,77,71,1238,1997,189326.0,34236.0,1.69504,0.8278549999999999,FRA,ESP,5106
2834224,81,71,1238,1997,1296716.0,1461925.0,1.886353,0.783832,GBR,ESP,5106
2834225,90,71,1238,1997,0.0,46906.0,0.229516,1.085225,GRC,ESP,5106
2834226,97,71,1238,1997,0.0,24845.0,0.521942,2.578405,HKG,ESP,5106
2834227,104,71,1238,1997,32996.0,0.0,0.262571,2.31305,IND,ESP,5106
2834228,106,71,1238,1997,80008.0,50389.0,1.471048,0.8769370000000001,IRL,ESP,5106
2834229,109,71,1238,1997,0.0,4584.0,0.217533,-0.405395,ISL,ESP,5106
2834230,110,71,1238,1997,0.0,17217.0,1.3230030000000002,0.965016,ISR,ESP,5106
2834231,111,71,1238,1997,7240539.0,148352.0,1.4860389999999999,1.235674,ITA,ESP,5106
2834232,113,71,1238,1997,0.0,45229.0,0.49456300000000003,0.33966,JOR,ESP,5106
2834233,114,71,1238,1997,0.0,3836.0,2.631846,0.553144,JPN,ESP,5106
2834234,121,71,1238,1997,0.0,101611.0,1.0478290000000001,1.2874370000000002,KOR,ESP,5106
2834235,132,71,1238,1997,11339.0,87267.0,0.398848,0.215206,LVA,ESP,5106
2834236,134,71,1238,1997,51140.0,20025.0,-0.649616,-0.260554,MAR,ESP,5106
2834237,136,71,1238,1997,3300.0,0.0,-1.2630370000000002,-0.565295,MDG,ESP,5106
2834238,151,71,1238,1997,0.0,249206.0,-0.49241,-0.695729,MUS,ESP,5106
2834239,162,71,1238,1997,5237.0,571224.0,1.267794,1.727888,NLD,ESP,5106
2834240,163,71,1238,1997,0.0,53895.0,1.003945,0.188826,NOR,ESP,5106
2834241,179,71,1238,1997,47803.0,451177.0,0.379367,1.296551,PRT,ESP,5106
2834242,208,71,1238,1997,0.0,3575.0,2.120182,0.993078,SWE,ESP,5106
2834243,216,71,1238,1997,0.0,23550.0,0.084875,1.41931,THA,ESP,5106
2834244,223,71,1238,1997,0.0,8894.0,-0.24073899999999998,-0.146818,TUN,ESP,5106
2834245,224,71,1238,1997,0.0,198269.0,0.167734,1.5827870000000002,TUR,ESP,5106
2834246,230,71,1238,1997,0.0,10110.0,0.226228,0.29183400000000004,URY,ESP,5106
2834247,231,71,1238,1997,0.0,4378.0,1.823511,0.888084,USA,ESP,5106
2834248,246,71,1238,1997,0.0,16653.0,0.501792,1.1192440000000001,ZAF,ESP,5106
2834249,15,74,1238,1997,7219.0,7231.0,1.8926189999999998,0.624346,AUT,FIN,5106
2834250,18,74,1238,1997,0.0,59383.0,1.4274069999999999,1.490435,BEL,FIN,5106
2834251,41,74,1238,1997,21728.0,518837.0,2.280163,0.597819,CHE,FIN,5106
2834252,61,74,1238,1997,78640.0,2472415.0,2.293936,-2.2301919999999997,DEU,FIN,5106
2834253,64,74,1238,1997,0.0,1259478.0,1.358279,1.420107,DNK,FIN,5106
2834254,72,74,1238,1997,6655.0,14925.0,0.460823,0.9126700000000001,EST,FIN,5106
2834255,77,74,1238,1997,6331.0,0.0,1.69504,0.8278549999999999,FRA,FIN,5106
2834256,81,74,1238,1997,26117.0,0.0,1.886353,0.783832,GBR,FIN,5106
2834257,104,74,1238,1997,35221.0,0.0,0.262571,2.31305,IND,FIN,5106
2834258,106,74,1238,1997,0.0,1099.0,1.471048,0.8769370000000001,IRL,FIN,5106
2834259,111,74,1238,1997,97317.0,24061.0,1.4860389999999999,1.235674,ITA,FIN,5106
2834260,162,74,1238,1997,0.0,225765.0,1.267794,1.727888,NLD,FIN,5106
2834261,163,74,1238,1997,25983.0,0.0,1.003945,0.188826,NOR,FIN,5106
2834262,208,74,1238,1997,0.0,9848.0,2.120182,0.993078,SWE,FIN,5106
2834263,224,74,1238,1997,0.0,1864.0,0.167734,1.5827870000000002,TUR,FIN,5106
2834264,9,77,1238,1997,0.0,3114.0,1.178568,0.331529,ARM,FRA,5106
2834265,15,77,1238,1997,6145.0,43030.0,1.8926189999999998,0.624346,AUT,FRA,5106
2834266,18,77,1238,1997,4251403.0,1391182.0,1.4274069999999999,1.490435,BEL,FRA,5106
2834267,39,77,1238,1997,0.0,55623.0,1.109494,1.178772,CAN,FRA,5106
2834268,41,77,1238,1997,1678.0,253170.0,2.280163,0.597819,CHE,FRA,5106
2834269,43,77,1238,1997,0.0,4953.0,0.36051300000000003,3.287322,CHN,FRA,5106
2834270,59,77,1238,1997,0.0,5604.0,1.40651,1.354695,CZE,FRA,5106
2834271,61,77,1238,1997,563240.0,118975.0,2.293936,-2.2301919999999997,DEU,FRA,5106
2834272,64,77,1238,1997,606821.0,177048.0,1.358279,1.420107,DNK,FRA,5106
2834273,71,77,1238,1997,34236.0,189326.0,1.082049,2.0238650000000002,ESP,FRA,5106
2834274,74,77,1238,1997,0.0,6331.0,1.9298959999999998,1.083861,FIN,FRA,5106
2834275,81,77,1238,1997,1187294.0,842270.0,1.886353,0.783832,GBR,FRA,5106
2834276,90,77,1238,1997,0.0,13812.0,0.229516,1.085225,GRC,FRA,5106
2834277,97,77,1238,1997,0.0,265145.0,0.521942,2.578405,HKG,FRA,5106
2834278,100,77,1238,1997,0.0,35789.0,0.607903,1.147751,HRV,FRA,5106
2834279,102,77,1238,1997,0.0,1975854.0,0.746743,1.577102,HUN,FRA,5106
2834280,103,77,1238,1997,4112.0,0.0,-0.44080699999999995,1.220104,IDN,FRA,5106
2834281,104,77,1238,1997,28567.0,32715.0,0.262571,2.31305,IND,FRA,5106
2834282,106,77,1238,1997,0.0,1053.0,1.471048,0.8769370000000001,IRL,FRA,5106
2834283,107,77,1238,1997,0.0,58243.0,-0.503841,-0.9984059999999999,IRN,FRA,5106
2834284,111,77,1238,1997,14418458.0,544460.0,1.4860389999999999,1.235674,ITA,FRA,5106
2834285,114,77,1238,1997,0.0,34384.0,2.631846,0.553144,JPN,FRA,5106
2834286,121,77,1238,1997,0.0,5995.0,1.0478290000000001,1.2874370000000002,KOR,FRA,5106
2834287,130,77,1238,1997,0.0,1122.0,0.377245,0.8823270000000001,LTU,FRA,5106
2834288,133,77,1238,1997,0.0,5992.0,-0.238002,-0.361492,MAC,FRA,5106
2834289,134,77,1238,1997,267311.0,1283436.0,-0.649616,-0.260554,MAR,FRA,5106
2834290,136,77,1238,1997,376176.0,14175.0,-1.2630370000000002,-0.565295,MDG,FRA,5106
2834291,142,77,1238,1997,0.0,8067.0,0.936998,0.062266999999999996,MLT,FRA,5106
2834292,151,77,1238,1997,0.0,199751.0,-0.49241,-0.695729,MUS,FRA,5106
2834293,162,77,1238,1997,0.0,245110.0,1.267794,1.727888,NLD,FRA,5106
2834294,166,77,1238,1997,0.0,1583.0,0.557545,0.731294,NZL,FRA,5106
2834295,173,77,1238,1997,31327.0,0.0,-0.5023880000000001,-0.262563,PER,FRA,5106
2834296,177,77,1238,1997,0.0,179916.0,0.805559,1.9598520000000001,POL,FRA,5106
2834297,179,77,1238,1997,432890.0,1287710.0,0.379367,1.296551,PRT,FRA,5106
2834298,185,77,1238,1997,5452.0,397621.0,0.44381000000000004,1.084109,ROU,FRA,5106
2834299,207,77,1238,1997,0.0,2002.0,1.435765,1.348897,SVN,FRA,5106
2834300,208,77,1238,1997,0.0,21812.0,2.120182,0.993078,SWE,FRA,5106
2834301,223,77,1238,1997,0.0,161818.0,-0.24073899999999998,-0.146818,TUN,FRA,5106
2834302,224,77,1238,1997,0.0,150662.0,0.167734,1.5827870000000002,TUR,FRA,5106
2834303,231,77,1238,1997,0.0,4462.0,1.823511,0.888084,USA,FRA,5106
2834304,246,77,1238,1997,0.0,212561.0,0.501792,1.1192440000000001,ZAF,FRA,5106
2834305,250,77,1238,1997,178578.0,0.0,1.036748,0.851626,ANS,FRA,5106
2834306,7,81,1238,1997,1424.0,141154.0,-0.042154000000000004,-0.667389,ARE,GBR,5106
2834307,14,81,1238,1997,31805.0,507587.0,0.428555,0.798283,AUS,GBR,5106
2834308,15,81,1238,1997,0.0,4669777.0,1.8926189999999998,0.624346,AUT,GBR,5106
2834309,18,81,1238,1997,1576236.0,6642323.0,1.4274069999999999,1.490435,BEL,GBR,5106
2834310,22,81,1238,1997,0.0,41544.0,-1.027777,-1.048214,BGD,GBR,5106
2834311,23,81,1238,1997,43289.0,2003.0,0.487041,1.287344,BGR,GBR,5106
2834312,32,81,1238,1997,0.0,95009.0,0.718336,1.203066,BRA,GBR,5106
2834313,39,81,1238,1997,0.0,1109839.0,1.109494,1.178772,CAN,GBR,5106
2834314,41,81,1238,1997,53337.0,1992681.0,2.280163,0.597819,CHE,GBR,5106
2834315,42,81,1238,1997,0.0,3285.0,0.002791,-0.030604000000000003,CHL,GBR,5106
2834316,43,81,1238,1997,2203276.0,1464843.0,0.36051300000000003,3.287322,CHN,GBR,5106
2834317,44,81,1238,1997,0.0,814.0,-0.685339,-0.62129,CIV,GBR,5106
2834318,49,81,1238,1997,0.0,23245.0,0.190632,0.068001,COL,GBR,5106
2834319,58,81,1238,1997,0.0,385640.0,0.451212,0.452754,CYP,GBR,5106
2834320,59,81,1238,1997,35018.0,7381.0,1.40651,1.354695,CZE,GBR,5106
2834321,61,81,1238,1997,136500.0,4222042.0,2.293936,-2.2301919999999997,DEU,GBR,5106
2834322,64,81,1238,1997,7949574.0,7713540.0,1.358279,1.420107,DNK,GBR,5106
2834323,65,81,1238,1997,0.0,11562.0,-0.6062850000000001,-0.648523,DOM,GBR,5106
2834324,68,81,1238,1997,0.0,87575.0,-0.314425,0.156345,EGY,GBR,5106
2834325,71,81,1238,1997,1461925.0,1296716.0,1.082049,2.0238650000000002,ESP,GBR,5106
2834326,72,81,1238,1997,0.0,12966.0,0.460823,0.9126700000000001,EST,GBR,5106
2834327,74,81,1238,1997,0.0,26117.0,1.9298959999999998,1.083861,FIN,GBR,5106
2834328,76,81,1238,1997,3933.0,0.0,1.410488,-0.441326,FLK,GBR,5106
2834329,77,81,1238,1997,842270.0,1187294.0,1.69504,0.8278549999999999,FRA,GBR,5106
2834330,78,81,1238,1997,6957.0,75519.0,-0.602436,-0.8477809999999999,FRO,GBR,5106
2834331,83,81,1238,1997,0.0,22953.0,-1.012728,-0.939893,GHA,GBR,5106
2834332,84,81,1238,1997,0.0,106217.0,0.811642,-0.186555,GIB,GBR,5106
2834333,90,81,1238,1997,4369290.0,288368.0,0.229516,1.085225,GRC,GBR,5106
2834334,97,81,1238,1997,326087.0,21229501.0,0.521942,2.578405,HKG,GBR,5106
2834335,102,81,1238,1997,1025.0,404225.0,0.746743,1.577102,HUN,GBR,5106
2834336,103,81,1238,1997,0.0,47811.0,-0.44080699999999995,1.220104,IDN,GBR,5106
2834337,104,81,1238,1997,1268717.0,434098.0,0.262571,2.31305,IND,GBR,5106
2834338,106,81,1238,1997,5421320.0,15319548.0,1.471048,0.8769370000000001,IRL,GBR,5106
2834339,109,81,1238,1997,1557546.0,206143.0,0.217533,-0.405395,ISL,GBR,5106
2834340,110,81,1238,1997,0.0,328655.0,1.3230030000000002,0.965016,ISR,GBR,5106
2834341,111,81,1238,1997,7123867.0,4862554.0,1.4860389999999999,1.235674,ITA,GBR,5106
2834342,113,81,1238,1997,0.0,249043.0,0.49456300000000003,0.33966,JOR,GBR,5106
2834343,114,81,1238,1997,0.0,1043199.0,2.631846,0.553144,JPN,GBR,5106
2834344,116,81,1238,1997,0.0,9732.0,-0.399028,0.196115,KEN,GBR,5106
2834345,118,81,1238,1997,0.0,10736.0,-1.458246,-1.243995,KHM,GBR,5106
2834346,121,81,1238,1997,0.0,404417.0,1.0478290000000001,1.2874370000000002,KOR,GBR,5106
2834347,122,81,1238,1997,0.0,242999.0,-0.660185,-1.1410129999999998,KWT,GBR,5106
2834348,128,81,1238,1997,0.0,251694.0,-0.925745,-0.308559,LKA,GBR,5106
2834349,132,81,1238,1997,0.0,6960.0,0.398848,0.215206,LVA,GBR,5106
2834350,133,81,1238,1997,0.0,3392.0,-0.238002,-0.361492,MAC,GBR,5106
2834351,134,81,1238,1997,0.0,568622.0,-0.649616,-0.260554,MAR,GBR,5106
2834352,136,81,1238,1997,340040.0,711810.0,-1.2630370000000002,-0.565295,MDG,GBR,5106
2834353,138,81,1238,1997,0.0,49259.0,0.603221,0.898488,MEX,GBR,5106
2834354,140,81,1238,1997,0.0,194551.0,0.26327399999999995,0.704879,MKD,GBR,5106
2834355,142,81,1238,1997,0.0,30739.0,0.936998,0.062266999999999996,MLT,GBR,5106
2834356,151,81,1238,1997,0.0,655964.0,-0.49241,-0.695729,MUS,GBR,5106
2834357,153,81,1238,1997,0.0,3134656.0,0.37340999999999996,0.36853600000000003,MYS,GBR,5106
2834358,159,81,1238,1997,0.0,105252.0,-1.615102,-1.129541,NGA,GBR,5106
2834359,162,81,1238,1997,120074.0,3880120.0,1.267794,1.727888,NLD,GBR,5106
2834360,163,81,1238,1997,167790.0,307660.0,1.003945,0.188826,NOR,GBR,5106
2834361,166,81,1238,1997,65186.0,250512.0,0.557545,0.731294,NZL,GBR,5106
2834362,167,81,1238,1997,0.0,131320.0,-0.335834,-0.945859,OMN,GBR,5106
2834363,173,81,1238,1997,30401.0,0.0,-0.5023880000000001,-0.262563,PER,GBR,5106
2834364,174,81,1238,1997,0.0,508159.0,-0.24310900000000002,0.085784,PHL,GBR,5106
2834365,177,81,1238,1997,0.0,61902.0,0.805559,1.9598520000000001,POL,GBR,5106
2834366,179,81,1238,1997,89597.0,3938864.0,0.379367,1.296551,PRT,GBR,5106
2834367,180,81,1238,1997,0.0,6230.0,-0.44951,-0.818817,PRY,GBR,5106
2834368,185,81,1238,1997,0.0,5808.0,0.44381000000000004,1.084109,ROU,GBR,5106
2834369,186,81,1238,1997,0.0,5867.0,0.87377,0.423861,RUS,GBR,5106
2834370,188,81,1238,1997,0.0,4565.0,0.015040000000000001,-0.954475,SAU,GBR,5106
2834371,189,81,1238,1997,0.0,24199.0,0.659904,1.702849,SCG,GBR,5106
2834372,191,81,1238,1997,0.0,8617.0,-0.606205,-0.727753,SEN,GBR,5106
2834373,192,81,1238,1997,0.0,414666.0,1.01557,0.360154,SGP,GBR,5106
2834374,194,81,1238,1997,0.0,5285.0,1.05749,-0.006716,SHN,GBR,5106
2834375,196,81,1238,1997,0.0,2709.0,0.181753,-0.532284,SLE,GBR,5106
2834376,205,81,1238,1997,0.0,327733.0,-0.806946,-0.83919,SUR,GBR,5106
2834377,206,81,1238,1997,0.0,5858.0,1.200699,1.318346,SVK,GBR,5106
2834378,207,81,1238,1997,0.0,23175.0,1.435765,1.348897,SVN,GBR,5106
2834379,208,81,1238,1997,0.0,266962.0,2.120182,0.993078,SWE,GBR,5106
2834380,216,81,1238,1997,0.0,791459.0,0.084875,1.41931,THA,GBR,5106
2834381,224,81,1238,1997,143540.0,357882.0,0.167734,1.5827870000000002,TUR,GBR,5106
2834382,227,81,1238,1997,0.0,1662.0,-0.9304819999999999,-0.9731540000000001,UGA,GBR,5106
2834383,230,81,1238,1997,0.0,52231.0,0.226228,0.29183400000000004,URY,GBR,5106
2834384,231,81,1238,1997,22594.0,8067465.0,1.823511,0.888084,USA,GBR,5106
2834385,246,81,1238,1997,21866.0,400376.0,0.501792,1.1192440000000001,ZAF,GBR,5106
2834386,249,81,1238,1997,0.0,37369.0,1.317672,1.800561,TWN,GBR,5106
2834387,4,90,1238,1997,0.0,8860.0,-0.32351599999999997,-0.170449,ALB,GRC,5106
2834388,7,90,1238,1997,0.0,13296.0,-0.042154000000000004,-0.667389,ARE,GRC,5106
2834389,9,90,1238,1997,0.0,5960.0,1.178568,0.331529,ARM,GRC,5106
2834390,23,90,1238,1997,0.0,2013.0,0.487041,1.287344,BGR,GRC,5106
2834391,58,90,1238,1997,0.0,163197.0,0.451212,0.452754,CYP,GRC,5106
2834392,61,90,1238,1997,186607.0,16825.0,2.293936,-2.2301919999999997,DEU,GRC,5106
2834393,64,90,1238,1997,57509.0,1067.0,1.358279,1.420107,DNK,GRC,5106
2834394,71,90,1238,1997,46906.0,0.0,1.082049,2.0238650000000002,ESP,GRC,5106
2834395,77,90,1238,1997,13812.0,0.0,1.69504,0.8278549999999999,FRA,GRC,5106
2834396,81,90,1238,1997,288368.0,4369290.0,1.886353,0.783832,GBR,GRC,5106
2834397,104,90,1238,1997,32569.0,0.0,0.262571,2.31305,IND,GRC,5106
2834398,111,90,1238,1997,1654766.0,21416.0,1.4860389999999999,1.235674,ITA,GRC,5106
2834399,140,90,1238,1997,0.0,448420.0,0.26327399999999995,0.704879,MKD,GRC,5106
2834400,162,90,1238,1997,19965.0,0.0,1.267794,1.727888,NLD,GRC,5106
2834401,250,90,1238,1997,13333.0,0.0,1.036748,0.851626,ANS,GRC,5106
2834402,111,93,1238,1997,14249.0,0.0,1.4860389999999999,1.235674,ITA,GTM,5106
2834403,231,93,1238,1997,17450.0,0.0,1.823511,0.888084,USA,GTM,5106
2834404,8,97,1238,1997,0.0,29815.0,0.273654,0.495389,ARG,HKG,5106
2834405,14,97,1238,1997,131959.0,1005932.0,0.428555,0.798283,AUS,HKG,5106
2834406,15,97,1238,1997,349191.0,0.0,1.8926189999999998,0.624346,AUT,HKG,5106
2834407,22,97,1238,1997,0.0,1205134.0,-1.027777,-1.048214,BGD,HKG,5106
2834408,39,97,1238,1997,1389705.0,0.0,1.109494,1.178772,CAN,HKG,5106
2834409,41,97,1238,1997,50898.0,0.0,2.280163,0.597819,CHE,HKG,5106
2834410,43,97,1238,1997,112191352.0,27767258.0,0.36051300000000003,3.287322,CHN,HKG,5106
2834411,61,97,1238,1997,272788.0,4000.0,2.293936,-2.2301919999999997,DEU,HKG,5106
2834412,65,97,1238,1997,0.0,1169.0,-0.6062850000000001,-0.648523,DOM,HKG,5106
2834413,71,97,1238,1997,24845.0,0.0,1.082049,2.0238650000000002,ESP,HKG,5106
2834414,77,97,1238,1997,265145.0,0.0,1.69504,0.8278549999999999,FRA,HKG,5106
2834415,81,97,1238,1997,21229501.0,326087.0,1.886353,0.783832,GBR,HKG,5106
2834416,103,97,1238,1997,156863.0,278037.0,-0.44080699999999995,1.220104,IDN,HKG,5106
2834417,104,97,1238,1997,470119.0,674609.0,0.262571,2.31305,IND,HKG,5106
2834418,106,97,1238,1997,22221.0,0.0,1.471048,0.8769370000000001,IRL,HKG,5106
2834419,110,97,1238,1997,0.0,183472.0,1.3230030000000002,0.965016,ISR,HKG,5106
2834420,111,97,1238,1997,24030873.0,47112.0,1.4860389999999999,1.235674,ITA,HKG,5106
2834421,112,97,1238,1997,190038.0,97685.0,-0.65455,-0.820413,JAM,HKG,5106
2834422,114,97,1238,1997,4796647.0,36320.0,2.631846,0.553144,JPN,HKG,5106
2834423,118,97,1238,1997,0.0,284425.0,-1.458246,-1.243995,KHM,HKG,5106
2834424,121,97,1238,1997,16346111.0,24274.0,1.0478290000000001,1.2874370000000002,KOR,HKG,5106
2834425,128,97,1238,1997,138068.0,46512.0,-0.925745,-0.308559,LKA,HKG,5106
2834426,133,97,1238,1997,36487114.0,11823562.0,-0.238002,-0.361492,MAC,HKG,5106
2834427,136,97,1238,1997,0.0,632350.0,-1.2630370000000002,-0.565295,MDG,HKG,5106
2834428,142,97,1238,1997,1479.0,0.0,0.936998,0.062266999999999996,MLT,HKG,5106
2834429,151,97,1238,1997,45955.0,503769.0,-0.49241,-0.695729,MUS,HKG,5106
2834430,153,97,1238,1997,520060.0,242725.0,0.37340999999999996,0.36853600000000003,MYS,HKG,5106
2834431,162,97,1238,1997,11163.0,0.0,1.267794,1.727888,NLD,HKG,5106
2834432,166,97,1238,1997,3136189.0,41381.0,0.557545,0.731294,NZL,HKG,5106
2834433,173,97,1238,1997,116717.0,0.0,-0.5023880000000001,-0.262563,PER,HKG,5106
2834434,174,97,1238,1997,475650.0,724526.0,-0.24310900000000002,0.085784,PHL,HKG,5106
2834435,178,97,1238,1997,158680.0,0.0,0.701604,0.649257,PRK,HKG,5106
2834436,208,97,1238,1997,40369.0,0.0,2.120182,0.993078,SWE,HKG,5106
2834437,216,97,1238,1997,79206.0,860445.0,0.084875,1.41931,THA,HKG,5106
2834438,231,97,1238,1997,160375.0,10419.0,1.823511,0.888084,USA,HKG,5106
2834439,239,97,1238,1997,24278.0,321239.0,-0.93384,0.06253099999999999,VNM,HKG,5106
2834440,249,97,1238,1997,15893248.0,190448.0,1.317672,1.800561,TWN,HKG,5106
2834441,14,103,1238,1997,218256.0,125361.0,0.428555,0.798283,AUS,IDN,5106
2834442,39,103,1238,1997,0.0,85684.0,1.109494,1.178772,CAN,IDN,5106
2834443,43,103,1238,1997,150291.0,0.0,0.36051300000000003,3.287322,CHN,IDN,5106
2834444,77,103,1238,1997,0.0,4112.0,1.69504,0.8278549999999999,FRA,IDN,5106
2834445,81,103,1238,1997,47811.0,0.0,1.886353,0.783832,GBR,IDN,5106
2834446,97,103,1238,1997,278037.0,156863.0,0.521942,2.578405,HKG,IDN,5106
2834447,104,103,1238,1997,0.0,55044.0,0.262571,2.31305,IND,IDN,5106
2834448,111,103,1238,1997,57272.0,0.0,1.4860389999999999,1.235674,ITA,IDN,5106
2834449,113,103,1238,1997,0.0,13240.0,0.49456300000000003,0.33966,JOR,IDN,5106
2834450,114,103,1238,1997,0.0,1573.0,2.631846,0.553144,JPN,IDN,5106
2834451,121,103,1238,1997,146939.0,93895.0,1.0478290000000001,1.2874370000000002,KOR,IDN,5106
2834452,153,103,1238,1997,30696.0,0.0,0.37340999999999996,0.36853600000000003,MYS,IDN,5106
2834453,166,103,1238,1997,76183.0,6681.0,0.557545,0.731294,NZL,IDN,5106
2834454,216,103,1238,1997,0.0,117067.0,0.084875,1.41931,THA,IDN,5106
2834455,249,103,1238,1997,379933.0,0.0,1.317672,1.800561,TWN,IDN,5106
2834456,14,106,1238,1997,1371.0,0.0,0.428555,0.798283,AUS,IRL,5106
2834457,15,106,1238,1997,63667.0,21001.0,1.8926189999999998,0.624346,AUT,IRL,5106
2834458,18,106,1238,1997,0.0,609109.0,1.4274069999999999,1.490435,BEL,IRL,5106
2834459,39,106,1238,1997,0.0,2996.0,1.109494,1.178772,CAN,IRL,5106
2834460,61,106,1238,1997,26743.0,0.0,2.293936,-2.2301919999999997,DEU,IRL,5106
2834461,71,106,1238,1997,50389.0,80008.0,1.082049,2.0238650000000002,ESP,IRL,5106
2834462,74,106,1238,1997,1099.0,0.0,1.9298959999999998,1.083861,FIN,IRL,5106
2834463,77,106,1238,1997,1053.0,0.0,1.69504,0.8278549999999999,FRA,IRL,5106
2834464,78,106,1238,1997,0.0,417.0,-0.602436,-0.8477809999999999,FRO,IRL,5106
2834465,81,106,1238,1997,15319548.0,5421320.0,1.886353,0.783832,GBR,IRL,5106
2834466,97,106,1238,1997,0.0,22221.0,0.521942,2.578405,HKG,IRL,5106
2834467,104,106,1238,1997,46704.0,0.0,0.262571,2.31305,IND,IRL,5106
2834468,111,106,1238,1997,244937.0,0.0,1.4860389999999999,1.235674,ITA,IRL,5106
2834469,114,106,1238,1997,3084.0,0.0,2.631846,0.553144,JPN,IRL,5106
2834470,124,106,1238,1997,0.0,6109.0,0.334291,0.783104,LBN,IRL,5106
2834471,162,106,1238,1997,43593.0,0.0,1.267794,1.727888,NLD,IRL,5106
2834472,163,106,1238,1997,100211.0,178435.0,1.003945,0.188826,NOR,IRL,5106
2834473,179,106,1238,1997,460748.0,0.0,0.379367,1.296551,PRT,IRL,5106
2834474,224,106,1238,1997,10793.0,0.0,0.167734,1.5827870000000002,TUR,IRL,5106
2834475,231,106,1238,1997,0.0,67632.0,1.823511,0.888084,USA,IRL,5106
2834476,246,106,1238,1997,0.0,15699.0,0.501792,1.1192440000000001,ZAF,IRL,5106
2834477,250,106,1238,1997,0.0,173433.0,1.036748,0.851626,ANS,IRL,5106
2834478,18,110,1238,1997,2559.0,0.0,1.4274069999999999,1.490435,BEL,ISR,5106
2834479,61,110,1238,1997,307771.0,0.0,2.293936,-2.2301919999999997,DEU,ISR,5106
2834480,71,110,1238,1997,17217.0,0.0,1.082049,2.0238650000000002,ESP,ISR,5106
2834481,81,110,1238,1997,328655.0,0.0,1.886353,0.783832,GBR,ISR,5106
2834482,97,110,1238,1997,183472.0,0.0,0.521942,2.578405,HKG,ISR,5106
2834483,111,110,1238,1997,480551.0,0.0,1.4860389999999999,1.235674,ITA,ISR,5106
2834484,224,110,1238,1997,5169.0,0.0,0.167734,1.5827870000000002,TUR,ISR,5106
2834485,8,111,1238,1997,0.0,2122164.0,0.273654,0.495389,ARG,ITA,5106
2834486,14,111,1238,1997,5894.0,428871.0,0.428555,0.798283,AUS,ITA,5106
2834487,15,111,1238,1997,23996.0,884365.0,1.8926189999999998,0.624346,AUT,ITA,5106
2834488,17,111,1238,1997,0.0,38851.0,-1.118475,-0.881657,BDI,ITA,5106
2834489,18,111,1238,1997,91371.0,7505000.0,1.4274069999999999,1.490435,BEL,ITA,5106
2834490,23,111,1238,1997,24305.0,457332.0,0.487041,1.287344,BGR,ITA,5106
2834491,26,111,1238,1997,0.0,33255.0,0.459512,0.194939,BIH,ITA,5106
2834492,32,111,1238,1997,0.0,193468.0,0.718336,1.203066,BRA,ITA,5106
2834493,39,111,1238,1997,0.0,341319.0,1.109494,1.178772,CAN,ITA,5106
2834494,41,111,1238,1997,26958.0,1365248.0,2.280163,0.597819,CHE,ITA,5106
2834495,42,111,1238,1997,1991.0,931450.0,0.002791,-0.030604000000000003,CHL,ITA,5106
2834496,43,111,1238,1997,391029.0,965237.0,0.36051300000000003,3.287322,CHN,ITA,5106
2834497,49,111,1238,1997,0.0,18285.0,0.190632,0.068001,COL,ITA,5106
2834498,58,111,1238,1997,4919.0,16328.0,0.451212,0.452754,CYP,ITA,5106
2834499,59,111,1238,1997,4245.0,587138.0,1.40651,1.354695,CZE,ITA,5106
2834500,61,111,1238,1997,731722.0,16182901.0,2.293936,-2.2301919999999997,DEU,ITA,5106
2834501,64,111,1238,1997,0.0,211512.0,1.358279,1.420107,DNK,ITA,5106
2834502,68,111,1238,1997,0.0,416552.0,-0.314425,0.156345,EGY,ITA,5106
2834503,71,111,1238,1997,148352.0,7240539.0,1.082049,2.0238650000000002,ESP,ITA,5106
2834504,73,111,1238,1997,0.0,18585.0,-1.239473,-1.159345,ETH,ITA,5106
2834505,74,111,1238,1997,24061.0,97317.0,1.9298959999999998,1.083861,FIN,ITA,5106
2834506,77,111,1238,1997,544460.0,14418458.0,1.69504,0.8278549999999999,FRA,ITA,5106
2834507,81,111,1238,1997,4862554.0,7123867.0,1.886353,0.783832,GBR,ITA,5106
2834508,90,111,1238,1997,21416.0,1654766.0,0.229516,1.085225,GRC,ITA,5106
2834509,93,111,1238,1997,0.0,14249.0,-0.310042,0.2096,GTM,ITA,5106
2834510,97,111,1238,1997,47112.0,24030873.0,0.521942,2.578405,HKG,ITA,5106
2834511,100,111,1238,1997,5114.0,1935472.0,0.607903,1.147751,HRV,ITA,5106
2834512,102,111,1238,1997,19304.0,494000.0,0.746743,1.577102,HUN,ITA,5106
2834513,103,111,1238,1997,0.0,57272.0,-0.44080699999999995,1.220104,IDN,ITA,5106
2834514,104,111,1238,1997,261241.0,101963.0,0.262571,2.31305,IND,ITA,5106
2834515,106,111,1238,1997,0.0,244937.0,1.471048,0.8769370000000001,IRL,ITA,5106
2834516,107,111,1238,1997,0.0,246513.0,-0.503841,-0.9984059999999999,IRN,ITA,5106
2834517,109,111,1238,1997,0.0,11616.0,0.217533,-0.405395,ISL,ITA,5106
2834518,110,111,1238,1997,0.0,480551.0,1.3230030000000002,0.965016,ISR,ITA,5106
2834519,113,111,1238,1997,0.0,13313.0,0.49456300000000003,0.33966,JOR,ITA,5106
2834520,114,111,1238,1997,5932.0,2938165.0,2.631846,0.553144,JPN,ITA,5106
2834521,117,111,1238,1997,6949.0,0.0,0.023634,-0.194868,KGZ,ITA,5106
2834522,121,111,1238,1997,6202.0,2846504.0,1.0478290000000001,1.2874370000000002,KOR,ITA,5106
2834523,130,111,1238,1997,0.0,12912.0,0.377245,0.8823270000000001,LTU,ITA,5106
2834524,132,111,1238,1997,50687.0,3550.0,0.398848,0.215206,LVA,ITA,5106
2834525,133,111,1238,1997,6391.0,87997.0,-0.238002,-0.361492,MAC,ITA,5106
2834526,134,111,1238,1997,0.0,238166.0,-0.649616,-0.260554,MAR,ITA,5106
2834527,136,111,1238,1997,514498.0,650019.0,-1.2630370000000002,-0.565295,MDG,ITA,5106
2834528,138,111,1238,1997,0.0,729436.0,0.603221,0.898488,MEX,ITA,5106
2834529,140,111,1238,1997,28822.0,58729.0,0.26327399999999995,0.704879,MKD,ITA,5106
2834530,142,111,1238,1997,2722.0,20654.0,0.936998,0.062266999999999996,MLT,ITA,5106
2834531,148,111,1238,1997,0.0,33020.0,-1.7012040000000002,-1.2302799999999998,MRT,ITA,5106
2834532,151,111,1238,1997,0.0,2998742.0,-0.49241,-0.695729,MUS,ITA,5106
2834533,162,111,1238,1997,0.0,2187055.0,1.267794,1.727888,NLD,ITA,5106
2834534,163,111,1238,1997,0.0,415269.0,1.003945,0.188826,NOR,ITA,5106
2834535,166,111,1238,1997,0.0,14324.0,0.557545,0.731294,NZL,ITA,5106
2834536,173,111,1238,1997,19396.0,0.0,-0.5023880000000001,-0.262563,PER,ITA,5106
2834537,174,111,1238,1997,0.0,38481.0,-0.24310900000000002,0.085784,PHL,ITA,5106
2834538,177,111,1238,1997,24254.0,244042.0,0.805559,1.9598520000000001,POL,ITA,5106
2834539,179,111,1238,1997,30148.0,10694271.0,0.379367,1.296551,PRT,ITA,5106
2834540,185,111,1238,1997,101188.0,4269252.0,0.44381000000000004,1.084109,ROU,ITA,5106
2834541,186,111,1238,1997,0.0,27951.0,0.87377,0.423861,RUS,ITA,5106
2834542,188,111,1238,1997,0.0,1781.0,0.015040000000000001,-0.954475,SAU,ITA,5106
2834543,189,111,1238,1997,0.0,645626.0,0.659904,1.702849,SCG,ITA,5106
2834544,190,111,1238,1997,0.0,3263.0,-1.300352,-1.199816,SDN,ITA,5106
2834545,206,111,1238,1997,18229.0,151496.0,1.200699,1.318346,SVK,ITA,5106
2834546,207,111,1238,1997,67222.0,101875.0,1.435765,1.348897,SVN,ITA,5106
2834547,208,111,1238,1997,0.0,54492.0,2.120182,0.993078,SWE,ITA,5106
2834548,212,111,1238,1997,0.0,349431.0,-1.046433,-0.9678620000000001,SYR,ITA,5106
2834549,215,111,1238,1997,0.0,1301.0,-0.974678,-0.8150350000000001,TGO,ITA,5106
2834550,216,111,1238,1997,0.0,166881.0,0.084875,1.41931,THA,ITA,5106
2834551,222,111,1238,1997,0.0,7822.0,0.28791,-0.38322399999999995,TTO,ITA,5106
2834552,223,111,1238,1997,41768.0,6794546.0,-0.24073899999999998,-0.146818,TUN,ITA,5106
2834553,224,111,1238,1997,658278.0,9967806.0,0.167734,1.5827870000000002,TUR,ITA,5106
2834554,230,111,1238,1997,0.0,675458.0,0.226228,0.29183400000000004,URY,ITA,5106
2834555,231,111,1238,1997,21223.0,3702195.0,1.823511,0.888084,USA,ITA,5106
2834556,236,111,1238,1997,0.0,653212.0,0.21363200000000002,-0.668341,VEN,ITA,5106
2834557,246,111,1238,1997,0.0,2099231.0,0.501792,1.1192440000000001,ZAF,ITA,5106
2834558,249,111,1238,1997,0.0,542731.0,1.317672,1.800561,TWN,ITA,5106
2834559,7,121,1238,1997,0.0,33762.0,-0.042154000000000004,-0.667389,ARE,KOR,5106
2834560,14,121,1238,1997,8845.0,31444.0,0.428555,0.798283,AUS,KOR,5106
2834561,22,121,1238,1997,0.0,201933.0,-1.027777,-1.048214,BGD,KOR,5106
2834562,43,121,1238,1997,1057023.0,2512299.0,0.36051300000000003,3.287322,CHN,KOR,5106
2834563,52,121,1238,1997,0.0,248078.0,-0.25974200000000003,0.196955,CRI,KOR,5106
2834564,71,121,1238,1997,101611.0,0.0,1.082049,2.0238650000000002,ESP,KOR,5106
2834565,77,121,1238,1997,5995.0,0.0,1.69504,0.8278549999999999,FRA,KOR,5106
2834566,81,121,1238,1997,404417.0,0.0,1.886353,0.783832,GBR,KOR,5106
2834567,97,121,1238,1997,24274.0,16346111.0,0.521942,2.578405,HKG,KOR,5106
2834568,103,121,1238,1997,93895.0,146939.0,-0.44080699999999995,1.220104,IDN,KOR,5106
2834569,104,121,1238,1997,87249.0,368175.0,0.262571,2.31305,IND,KOR,5106
2834570,111,121,1238,1997,2846504.0,6202.0,1.4860389999999999,1.235674,ITA,KOR,5106
2834571,114,121,1238,1997,191421.0,1233041.0,2.631846,0.553144,JPN,KOR,5106
2834572,118,121,1238,1997,0.0,251022.0,-1.458246,-1.243995,KHM,KOR,5106
2834573,128,121,1238,1997,0.0,10186.0,-0.925745,-0.308559,LKA,KOR,5106
2834574,133,121,1238,1997,0.0,202603.0,-0.238002,-0.361492,MAC,KOR,5106
2834575,138,121,1238,1997,0.0,55157.0,0.603221,0.898488,MEX,KOR,5106
2834576,151,121,1238,1997,0.0,266173.0,-0.49241,-0.695729,MUS,KOR,5106
2834577,164,121,1238,1997,0.0,128133.0,-0.559546,-0.358545,NPL,KOR,5106
2834578,168,121,1238,1997,0.0,609828.0,-0.882432,-0.563344,PAK,KOR,5106
2834579,174,121,1238,1997,0.0,649638.0,-0.24310900000000002,0.085784,PHL,KOR,5106
2834580,216,121,1238,1997,296377.0,92120.0,0.084875,1.41931,THA,KOR,5106
2834581,230,121,1238,1997,0.0,11001.0,0.226228,0.29183400000000004,URY,KOR,5106
2834582,239,121,1238,1997,14655.0,19479.0,-0.93384,0.06253099999999999,VNM,KOR,5106
2834583,249,121,1238,1997,211807.0,42152.0,1.317672,1.800561,TWN,KOR,5106
2834584,18,124,1238,1997,117095.0,0.0,1.4274069999999999,1.490435,BEL,LBN,5106
2834585,23,124,1238,1997,37750.0,0.0,0.487041,1.287344,BGR,LBN,5106
2834586,104,124,1238,1997,6892.0,0.0,0.262571,2.31305,IND,LBN,5106
2834587,106,124,1238,1997,6109.0,0.0,1.471048,0.8769370000000001,IRL,LBN,5106
2834588,18,130,1238,1997,9908.0,1696.0,1.4274069999999999,1.490435,BEL,LTU,5106
2834589,28,130,1238,1997,1601.0,0.0,0.563179,0.339149,BLR,LTU,5106
2834590,61,130,1238,1997,375475.0,0.0,2.293936,-2.2301919999999997,DEU,LTU,5106
2834591,64,130,1238,1997,15457.0,1422.0,1.358279,1.420107,DNK,LTU,5106
2834592,72,130,1238,1997,0.0,48743.0,0.460823,0.9126700000000001,EST,LTU,5106
2834593,77,130,1238,1997,1122.0,0.0,1.69504,0.8278549999999999,FRA,LTU,5106
2834594,111,130,1238,1997,12912.0,0.0,1.4860389999999999,1.235674,ITA,LTU,5106
2834595,117,130,1238,1997,0.0,115432.0,0.023634,-0.194868,KGZ,LTU,5106
2834596,132,130,1238,1997,14782.0,59066.0,0.398848,0.215206,LVA,LTU,5106
2834597,163,130,1238,1997,1197.0,0.0,1.003945,0.188826,NOR,LTU,5106
2834598,186,130,1238,1997,56253.0,0.0,0.87377,0.423861,RUS,LTU,5106
2834599,250,130,1238,1997,13610.0,0.0,1.036748,0.851626,ANS,LTU,5106
2834600,8,138,1238,1997,129132.0,0.0,0.273654,0.495389,ARG,MEX,5106
2834601,81,138,1238,1997,49259.0,0.0,1.886353,0.783832,GBR,MEX,5106
2834602,104,138,1238,1997,3444.0,0.0,0.262571,2.31305,IND,MEX,5106
2834603,111,138,1238,1997,729436.0,0.0,1.4860389999999999,1.235674,ITA,MEX,5106
2834604,121,138,1238,1997,55157.0,0.0,1.0478290000000001,1.2874370000000002,KOR,MEX,5106
2834605,160,138,1238,1997,0.0,4982.0,-0.8090109999999999,-0.783853,NIC,MEX,5106
2834606,166,138,1238,1997,1489.0,0.0,0.557545,0.731294,NZL,MEX,5106
2834607,231,138,1238,1997,17241.0,22026.0,1.823511,0.888084,USA,MEX,5106
2834608,7,153,1238,1997,0.0,734734.0,-0.042154000000000004,-0.667389,ARE,MYS,5106
2834609,14,153,1238,1997,365685.0,43966.0,0.428555,0.798283,AUS,MYS,5106
2834610,43,153,1238,1997,2520.0,61208.0,0.36051300000000003,3.287322,CHN,MYS,5106
2834611,81,153,1238,1997,3134656.0,0.0,1.886353,0.783832,GBR,MYS,5106
2834612,97,153,1238,1997,242725.0,520060.0,0.521942,2.578405,HKG,MYS,5106
2834613,103,153,1238,1997,0.0,30696.0,-0.44080699999999995,1.220104,IDN,MYS,5106
2834614,104,153,1238,1997,35876.0,0.0,0.262571,2.31305,IND,MYS,5106
2834615,114,153,1238,1997,0.0,131896.0,2.631846,0.553144,JPN,MYS,5106
2834616,133,153,1238,1997,0.0,15004.0,-0.238002,-0.361492,MAC,MYS,5106
2834617,166,153,1238,1997,909205.0,3328.0,0.557545,0.731294,NZL,MYS,5106
2834618,167,153,1238,1997,0.0,41213.0,-0.335834,-0.945859,OMN,MYS,5106
2834619,174,153,1238,1997,0.0,5690.0,-0.24310900000000002,0.085784,PHL,MYS,5106
2834620,188,153,1238,1997,6845.0,0.0,0.015040000000000001,-0.954475,SAU,MYS,5106
2834621,192,153,1238,1997,93999.0,138679.0,1.01557,0.360154,SGP,MYS,5106
2834622,216,153,1238,1997,0.0,39575.0,0.084875,1.41931,THA,MYS,5106
2834623,231,153,1238,1997,1869.0,0.0,1.823511,0.888084,USA,MYS,5106
2834624,246,153,1238,1997,42782.0,0.0,0.501792,1.1192440000000001,ZAF,MYS,5106
2834625,15,162,1238,1997,17927.0,1719.0,1.8926189999999998,0.624346,AUT,NLD,5106
2834626,18,162,1238,1997,17515016.0,2647676.0,1.4274069999999999,1.490435,BEL,NLD,5106
2834627,23,162,1238,1997,12200.0,0.0,0.487041,1.287344,BGR,NLD,5106
2834628,41,162,1238,1997,18284.0,98217.0,2.280163,0.597819,CHE,NLD,5106
2834629,61,162,1238,1997,2657667.0,3135.0,2.293936,-2.2301919999999997,DEU,NLD,5106
2834630,64,162,1238,1997,717797.0,219525.0,1.358279,1.420107,DNK,NLD,5106
2834631,71,162,1238,1997,571224.0,5237.0,1.082049,2.0238650000000002,ESP,NLD,5106
2834632,72,162,1238,1997,108410.0,0.0,0.460823,0.9126700000000001,EST,NLD,5106
2834633,74,162,1238,1997,225765.0,0.0,1.9298959999999998,1.083861,FIN,NLD,5106
2834634,77,162,1238,1997,245110.0,0.0,1.69504,0.8278549999999999,FRA,NLD,5106
2834635,81,162,1238,1997,3880120.0,120074.0,1.886353,0.783832,GBR,NLD,5106
2834636,90,162,1238,1997,0.0,19965.0,0.229516,1.085225,GRC,NLD,5106
2834637,97,162,1238,1997,0.0,11163.0,0.521942,2.578405,HKG,NLD,5106
2834638,104,162,1238,1997,10713.0,0.0,0.262571,2.31305,IND,NLD,5106
2834639,106,162,1238,1997,0.0,43593.0,1.471048,0.8769370000000001,IRL,NLD,5106
2834640,111,162,1238,1997,2187055.0,0.0,1.4860389999999999,1.235674,ITA,NLD,5106
2834641,136,162,1238,1997,19042.0,0.0,-1.2630370000000002,-0.565295,MDG,NLD,5106
2834642,163,162,1238,1997,3524.0,0.0,1.003945,0.188826,NOR,NLD,5106
2834643,189,162,1238,1997,0.0,11576.0,0.659904,1.702849,SCG,NLD,5106
2834644,207,162,1238,1997,0.0,7451.0,1.435765,1.348897,SVN,NLD,5106
2834645,216,162,1238,1997,0.0,49272.0,0.084875,1.41931,THA,NLD,5106
2834646,228,162,1238,1997,0.0,2917.0,0.8502559999999999,0.956254,UKR,NLD,5106
2834647,14,163,1238,1997,598.0,0.0,0.428555,0.798283,AUS,NOR,5106
2834648,41,163,1238,1997,2288.0,6065.0,2.280163,0.597819,CHE,NOR,5106
2834649,59,163,1238,1997,0.0,1025.0,1.40651,1.354695,CZE,NOR,5106
2834650,61,163,1238,1997,403365.0,19604.0,2.293936,-2.2301919999999997,DEU,NOR,5106
2834651,64,163,1238,1997,57394.0,2457235.0,1.358279,1.420107,DNK,NOR,5106
2834652,71,163,1238,1997,53895.0,0.0,1.082049,2.0238650000000002,ESP,NOR,5106
2834653,72,163,1238,1997,0.0,143857.0,0.460823,0.9126700000000001,EST,NOR,5106
2834654,74,163,1238,1997,0.0,25983.0,1.9298959999999998,1.083861,FIN,NOR,5106
2834655,78,163,1238,1997,0.0,1330.0,-0.602436,-0.8477809999999999,FRO,NOR,5106
2834656,81,163,1238,1997,307660.0,167790.0,1.886353,0.783832,GBR,NOR,5106
2834657,104,163,1238,1997,195301.0,0.0,0.262571,2.31305,IND,NOR,5106
2834658,106,163,1238,1997,178435.0,100211.0,1.471048,0.8769370000000001,IRL,NOR,5106
2834659,111,163,1238,1997,415269.0,0.0,1.4860389999999999,1.235674,ITA,NOR,5106
2834660,114,163,1238,1997,0.0,6799.0,2.631846,0.553144,JPN,NOR,5106
2834661,130,163,1238,1997,0.0,1197.0,0.377245,0.8823270000000001,LTU,NOR,5106
2834662,132,163,1238,1997,0.0,26342.0,0.398848,0.215206,LVA,NOR,5106
2834663,162,163,1238,1997,0.0,3524.0,1.267794,1.727888,NLD,NOR,5106
2834664,179,163,1238,1997,0.0,15330.0,0.379367,1.296551,PRT,NOR,5106
2834665,208,163,1238,1997,3225.0,604988.0,2.120182,0.993078,SWE,NOR,5106
2834666,231,163,1238,1997,0.0,9386.0,1.823511,0.888084,USA,NOR,5106
2834667,14,166,1238,1997,1049351.0,16455187.0,0.428555,0.798283,AUS,NZL,5106
2834668,15,166,1238,1997,1821.0,0.0,1.8926189999999998,0.624346,AUT,NZL,5106
2834669,39,166,1238,1997,0.0,9848.0,1.109494,1.178772,CAN,NZL,5106
2834670,43,166,1238,1997,162849.0,955053.0,0.36051300000000003,3.287322,CHN,NZL,5106
2834671,61,166,1238,1997,69493.0,0.0,2.293936,-2.2301919999999997,DEU,NZL,5106
2834672,75,166,1238,1997,0.0,7068.0,-0.9404020000000001,-0.8833989999999999,FJI,NZL,5106
2834673,77,166,1238,1997,1583.0,0.0,1.69504,0.8278549999999999,FRA,NZL,5106
2834674,81,166,1238,1997,250512.0,65186.0,1.886353,0.783832,GBR,NZL,5106
2834675,97,166,1238,1997,41381.0,3136189.0,0.521942,2.578405,HKG,NZL,5106
2834676,103,166,1238,1997,6681.0,76183.0,-0.44080699999999995,1.220104,IDN,NZL,5106
2834677,104,166,1238,1997,89751.0,0.0,0.262571,2.31305,IND,NZL,5106
2834678,111,166,1238,1997,14324.0,0.0,1.4860389999999999,1.235674,ITA,NZL,5106
2834679,114,166,1238,1997,10992.0,593841.0,2.631846,0.553144,JPN,NZL,5106
2834680,134,166,1238,1997,0.0,34878.0,-0.649616,-0.260554,MAR,NZL,5106
2834681,138,166,1238,1997,0.0,1489.0,0.603221,0.898488,MEX,NZL,5106
2834682,151,166,1238,1997,0.0,347441.0,-0.49241,-0.695729,MUS,NZL,5106
2834683,153,166,1238,1997,3328.0,909205.0,0.37340999999999996,0.36853600000000003,MYS,NZL,5106
2834684,168,166,1238,1997,0.0,318188.0,-0.882432,-0.563344,PAK,NZL,5106
2834685,174,166,1238,1997,0.0,63190.0,-0.24310900000000002,0.085784,PHL,NZL,5106
2834686,186,166,1238,1997,0.0,68784.0,0.87377,0.423861,RUS,NZL,5106
2834687,208,166,1238,1997,0.0,13196.0,2.120182,0.993078,SWE,NZL,5106
2834688,216,166,1238,1997,22203.0,1314639.0,0.084875,1.41931,THA,NZL,5106
2834689,231,166,1238,1997,0.0,2531207.0,1.823511,0.888084,USA,NZL,5106
2834690,239,166,1238,1997,0.0,90601.0,-0.93384,0.06253099999999999,VNM,NZL,5106
2834691,246,166,1238,1997,0.0,17253.0,0.501792,1.1192440000000001,ZAF,NZL,5106
2834692,250,166,1238,1997,116262.0,0.0,1.036748,0.851626,ANS,NZL,5106
2834693,197,169,1238,1997,26402.0,0.0,-0.09174500000000001,-0.034391000000000005,SLV,PAN,5106
2834694,231,169,1238,1997,4161.0,0.0,1.823511,0.888084,USA,PAN,5106
2834695,14,174,1238,1997,132805.0,0.0,0.428555,0.798283,AUS,PHL,5106
2834696,43,174,1238,1997,181492.0,3216.0,0.36051300000000003,3.287322,CHN,PHL,5106
2834697,61,174,1238,1997,78794.0,0.0,2.293936,-2.2301919999999997,DEU,PHL,5106
2834698,81,174,1238,1997,508159.0,0.0,1.886353,0.783832,GBR,PHL,5106
2834699,97,174,1238,1997,724526.0,475650.0,0.521942,2.578405,HKG,PHL,5106
2834700,111,174,1238,1997,38481.0,0.0,1.4860389999999999,1.235674,ITA,PHL,5106
2834701,114,174,1238,1997,151968.0,0.0,2.631846,0.553144,JPN,PHL,5106
2834702,121,174,1238,1997,649638.0,0.0,1.0478290000000001,1.2874370000000002,KOR,PHL,5106
2834703,153,174,1238,1997,5690.0,0.0,0.37340999999999996,0.36853600000000003,MYS,PHL,5106
2834704,166,174,1238,1997,63190.0,0.0,0.557545,0.731294,NZL,PHL,5106
2834705,168,174,1238,1997,145110.0,0.0,-0.882432,-0.563344,PAK,PHL,5106
2834706,216,174,1238,1997,42635.0,56714.0,0.084875,1.41931,THA,PHL,5106
2834707,231,174,1238,1997,404631.0,0.0,1.823511,0.888084,USA,PHL,5106
2834708,249,174,1238,1997,192498.0,0.0,1.317672,1.800561,TWN,PHL,5106
2834709,18,179,1238,1997,96903.0,2142353.0,1.4274069999999999,1.490435,BEL,PRT,5106
2834710,61,179,1238,1997,71692.0,42083.0,2.293936,-2.2301919999999997,DEU,PRT,5106
2834711,64,179,1238,1997,39124.0,0.0,1.358279,1.420107,DNK,PRT,5106
2834712,71,179,1238,1997,451177.0,47803.0,1.082049,2.0238650000000002,ESP,PRT,5106
2834713,77,179,1238,1997,1287710.0,432890.0,1.69504,0.8278549999999999,FRA,PRT,5106
2834714,81,179,1238,1997,3938864.0,89597.0,1.886353,0.783832,GBR,PRT,5106
2834715,104,179,1238,1997,156364.0,0.0,0.262571,2.31305,IND,PRT,5106
2834716,106,179,1238,1997,0.0,460748.0,1.471048,0.8769370000000001,IRL,PRT,5106
2834717,111,179,1238,1997,10694271.0,30148.0,1.4860389999999999,1.235674,ITA,PRT,5106
2834718,163,179,1238,1997,15330.0,0.0,1.003945,0.188826,NOR,PRT,5106
2834719,177,179,1238,1997,0.0,2735.0,0.805559,1.9598520000000001,POL,PRT,5106
2834720,111,190,1238,1997,3263.0,0.0,1.4860389999999999,1.235674,ITA,SDN,5106
2834721,81,191,1238,1997,8617.0,0.0,1.886353,0.783832,GBR,SEN,5106
2834722,223,191,1238,1997,2994.0,0.0,-0.24073899999999998,-0.146818,TUN,SEN,5106
2834723,169,197,1238,1997,0.0,26402.0,-0.028676999999999998,0.00023999999999999998,PAN,SLV,5106
2834724,231,197,1238,1997,4216.0,0.0,1.823511,0.888084,USA,SLV,5106
2834725,59,208,1238,1997,0.0,9842.0,1.40651,1.354695,CZE,SWE,5106
2834726,61,208,1238,1997,68851.0,0.0,2.293936,-2.2301919999999997,DEU,SWE,5106
2834727,64,208,1238,1997,0.0,3162.0,1.358279,1.420107,DNK,SWE,5106
2834728,71,208,1238,1997,3575.0,0.0,1.082049,2.0238650000000002,ESP,SWE,5106
2834729,72,208,1238,1997,0.0,12792.0,0.460823,0.9126700000000001,EST,SWE,5106
2834730,74,208,1238,1997,9848.0,0.0,1.9298959999999998,1.083861,FIN,SWE,5106
2834731,77,208,1238,1997,21812.0,0.0,1.69504,0.8278549999999999,FRA,SWE,5106
2834732,81,208,1238,1997,266962.0,0.0,1.886353,0.783832,GBR,SWE,5106
2834733,97,208,1238,1997,0.0,40369.0,0.521942,2.578405,HKG,SWE,5106
2834734,104,208,1238,1997,65306.0,0.0,0.262571,2.31305,IND,SWE,5106
2834735,111,208,1238,1997,54492.0,0.0,1.4860389999999999,1.235674,ITA,SWE,5106
2834736,114,208,1238,1997,0.0,9032.0,2.631846,0.553144,JPN,SWE,5106
2834737,132,208,1238,1997,24020.0,0.0,0.398848,0.215206,LVA,SWE,5106
2834738,163,208,1238,1997,604988.0,3225.0,1.003945,0.188826,NOR,SWE,5106
2834739,166,208,1238,1997,13196.0,0.0,0.557545,0.731294,NZL,SWE,5106
2834740,224,208,1238,1997,16130.0,0.0,0.167734,1.5827870000000002,TUR,SWE,5106
2834741,14,216,1238,1997,163183.0,2205.0,0.428555,0.798283,AUS,THA,5106
2834742,15,216,1238,1997,0.0,3497.0,1.8926189999999998,0.624346,AUT,THA,5106
2834743,24,216,1238,1997,0.0,1240.0,-0.021125,-0.914009,BHR,THA,5106
2834744,43,216,1238,1997,457116.0,0.0,0.36051300000000003,3.287322,CHN,THA,5106
2834745,61,216,1238,1997,12726.0,7251.0,2.293936,-2.2301919999999997,DEU,THA,5106
2834746,71,216,1238,1997,23550.0,0.0,1.082049,2.0238650000000002,ESP,THA,5106
2834747,81,216,1238,1997,791459.0,0.0,1.886353,0.783832,GBR,THA,5106
2834748,97,216,1238,1997,860445.0,79206.0,0.521942,2.578405,HKG,THA,5106
2834749,103,216,1238,1997,117067.0,0.0,-0.44080699999999995,1.220104,IDN,THA,5106
2834750,104,216,1238,1997,23833.0,32429.0,0.262571,2.31305,IND,THA,5106
2834751,111,216,1238,1997,166881.0,0.0,1.4860389999999999,1.235674,ITA,THA,5106
2834752,114,216,1238,1997,15830.0,1164.0,2.631846,0.553144,JPN,THA,5106
2834753,121,216,1238,1997,92120.0,296377.0,1.0478290000000001,1.2874370000000002,KOR,THA,5106
2834754,133,216,1238,1997,2969.0,0.0,-0.238002,-0.361492,MAC,THA,5106
2834755,153,216,1238,1997,39575.0,0.0,0.37340999999999996,0.36853600000000003,MYS,THA,5106
2834756,162,216,1238,1997,49272.0,0.0,1.267794,1.727888,NLD,THA,5106
2834757,166,216,1238,1997,1314639.0,22203.0,0.557545,0.731294,NZL,THA,5106
2834758,174,216,1238,1997,56714.0,42635.0,-0.24310900000000002,0.085784,PHL,THA,5106
2834759,231,216,1238,1997,157106.0,2248.0,1.823511,0.888084,USA,THA,5106
2834760,249,216,1238,1997,258907.0,0.0,1.317672,1.800561,TWN,THA,5106
2834761,111,222,1238,1997,7822.0,0.0,1.4860389999999999,1.235674,ITA,TTO,5106
2834762,18,224,1238,1997,16857.0,0.0,1.4274069999999999,1.490435,BEL,TUR,5106
2834763,23,224,1238,1997,34227.0,34297.0,0.487041,1.287344,BGR,TUR,5106
2834764,43,224,1238,1997,14525.0,0.0,0.36051300000000003,3.287322,CHN,TUR,5106
2834765,61,224,1238,1997,108597.0,2098.0,2.293936,-2.2301919999999997,DEU,TUR,5106
2834766,64,224,1238,1997,49368.0,9707.0,1.358279,1.420107,DNK,TUR,5106
2834767,68,224,1238,1997,0.0,13651.0,-0.314425,0.156345,EGY,TUR,5106
2834768,71,224,1238,1997,198269.0,0.0,1.082049,2.0238650000000002,ESP,TUR,5106
2834769,74,224,1238,1997,1864.0,0.0,1.9298959999999998,1.083861,FIN,TUR,5106
2834770,77,224,1238,1997,150662.0,0.0,1.69504,0.8278549999999999,FRA,TUR,5106
2834771,81,224,1238,1997,357882.0,143540.0,1.886353,0.783832,GBR,TUR,5106
2834772,104,224,1238,1997,346192.0,0.0,0.262571,2.31305,IND,TUR,5106
2834773,106,224,1238,1997,0.0,10793.0,1.471048,0.8769370000000001,IRL,TUR,5106
2834774,110,224,1238,1997,0.0,5169.0,1.3230030000000002,0.965016,ISR,TUR,5106
2834775,111,224,1238,1997,9967806.0,658278.0,1.4860389999999999,1.235674,ITA,TUR,5106
2834776,113,224,1238,1997,0.0,144430.0,0.49456300000000003,0.33966,JOR,TUR,5106
2834777,117,224,1238,1997,87606.0,0.0,0.023634,-0.194868,KGZ,TUR,5106
2834778,132,224,1238,1997,1692.0,0.0,0.398848,0.215206,LVA,TUR,5106
2834779,151,224,1238,1997,0.0,131524.0,-0.49241,-0.695729,MUS,TUR,5106
2834780,185,224,1238,1997,0.0,215900.0,0.44381000000000004,1.084109,ROU,TUR,5106
2834781,208,224,1238,1997,0.0,16130.0,2.120182,0.993078,SWE,TUR,5106
2834782,212,224,1238,1997,0.0,8732.0,-1.046433,-0.9678620000000001,SYR,TUR,5106
2834783,231,224,1238,1997,148801.0,1522.0,1.823511,0.888084,USA,TUR,5106
2834784,250,224,1238,1997,533841.0,1053784.0,1.036748,0.851626,ANS,TUR,5106
2834785,8,230,1238,1997,0.0,96241.0,0.273654,0.495389,ARG,URY,5106
2834786,32,230,1238,1997,0.0,204647.0,0.718336,1.203066,BRA,URY,5106
2834787,42,230,1238,1997,0.0,45661.0,0.002791,-0.030604000000000003,CHL,URY,5106
2834788,71,230,1238,1997,10110.0,0.0,1.082049,2.0238650000000002,ESP,URY,5106
2834789,81,230,1238,1997,52231.0,0.0,1.886353,0.783832,GBR,URY,5106
2834790,111,230,1238,1997,675458.0,0.0,1.4860389999999999,1.235674,ITA,URY,5106
2834791,114,230,1238,1997,0.0,5263.0,2.631846,0.553144,JPN,URY,5106
2834792,121,230,1238,1997,11001.0,0.0,1.0478290000000001,1.2874370000000002,KOR,URY,5106
2834793,231,230,1238,1997,2944.0,36398.0,1.823511,0.888084,USA,URY,5106
2834794,6,231,1238,1997,0.0,3573.0,0.406411,-0.46148100000000003,ANT,USA,5106
2834795,14,231,1238,1997,106384.0,0.0,0.428555,0.798283,AUS,USA,5106
2834796,18,231,1238,1997,0.0,13048.0,1.4274069999999999,1.490435,BEL,USA,5106
2834797,23,231,1238,1997,111236.0,0.0,0.487041,1.287344,BGR,USA,5106
2834798,32,231,1238,1997,0.0,4103.0,0.718336,1.203066,BRA,USA,5106
2834799,33,231,1238,1997,0.0,4709.0,0.896769,0.22225300000000003,BRB,USA,5106
2834800,39,231,1238,1997,1704564.0,521397.0,1.109494,1.178772,CAN,USA,5106
2834801,41,231,1238,1997,8702.0,0.0,2.280163,0.597819,CHE,USA,5106
2834802,43,231,1238,1997,1215.0,177240.0,0.36051300000000003,3.287322,CHN,USA,5106
2834803,59,231,1238,1997,109212.0,0.0,1.40651,1.354695,CZE,USA,5106
2834804,61,231,1238,1997,504974.0,4030.0,2.293936,-2.2301919999999997,DEU,USA,5106
2834805,64,231,1238,1997,13728.0,0.0,1.358279,1.420107,DNK,USA,5106
2834806,65,231,1238,1997,0.0,16078.0,-0.6062850000000001,-0.648523,DOM,USA,5106
2834807,71,231,1238,1997,4378.0,0.0,1.082049,2.0238650000000002,ESP,USA,5106
2834808,77,231,1238,1997,4462.0,0.0,1.69504,0.8278549999999999,FRA,USA,5106
2834809,81,231,1238,1997,8067465.0,22594.0,1.886353,0.783832,GBR,USA,5106
2834810,82,231,1238,1997,54133.0,0.0,0.304927,-0.082,GEO,USA,5106
2834811,93,231,1238,1997,0.0,17450.0,-0.310042,0.2096,GTM,USA,5106
2834812,97,231,1238,1997,10419.0,160375.0,0.521942,2.578405,HKG,USA,5106
2834813,101,231,1238,1997,0.0,46659.0,-0.945809,-0.7246560000000001,HTI,USA,5106
2834814,104,231,1238,1997,149953.0,0.0,0.262571,2.31305,IND,USA,5106
2834815,106,231,1238,1997,67632.0,0.0,1.471048,0.8769370000000001,IRL,USA,5106
2834816,109,231,1238,1997,24888.0,0.0,0.217533,-0.405395,ISL,USA,5106
2834817,111,231,1238,1997,3702195.0,21223.0,1.4860389999999999,1.235674,ITA,USA,5106
2834818,114,231,1238,1997,1128.0,5681.0,2.631846,0.553144,JPN,USA,5106
2834819,134,231,1238,1997,1153.0,0.0,-0.649616,-0.260554,MAR,USA,5106
2834820,136,231,1238,1997,26768.0,0.0,-1.2630370000000002,-0.565295,MDG,USA,5106
2834821,138,231,1238,1997,22026.0,17241.0,0.603221,0.898488,MEX,USA,5106
2834822,153,231,1238,1997,0.0,1869.0,0.37340999999999996,0.36853600000000003,MYS,USA,5106
2834823,163,231,1238,1997,9386.0,0.0,1.003945,0.188826,NOR,USA,5106
2834824,166,231,1238,1997,2531207.0,0.0,0.557545,0.731294,NZL,USA,5106
2834825,169,231,1238,1997,0.0,4161.0,-0.028676999999999998,0.00023999999999999998,PAN,USA,5106
2834826,174,231,1238,1997,0.0,404631.0,-0.24310900000000002,0.085784,PHL,USA,5106
2834827,192,231,1238,1997,0.0,1174.0,1.01557,0.360154,SGP,USA,5106
2834828,197,231,1238,1997,0.0,4216.0,-0.09174500000000001,-0.034391000000000005,SLV,USA,5106
2834829,212,231,1238,1997,0.0,156081.0,-1.046433,-0.9678620000000001,SYR,USA,5106
2834830,216,231,1238,1997,2248.0,157106.0,0.084875,1.41931,THA,USA,5106
2834831,224,231,1238,1997,1522.0,148801.0,0.167734,1.5827870000000002,TUR,USA,5106
2834832,230,231,1238,1997,36398.0,2944.0,0.226228,0.29183400000000004,URY,USA,5106
2834833,246,231,1238,1997,23053.0,2313.0,0.501792,1.1192440000000001,ZAF,USA,5106
2834834,249,231,1238,1997,0.0,41107.0,1.317672,1.800561,TWN,USA,5106
2834835,111,236,1238,1997,653212.0,0.0,1.4860389999999999,1.235674,ITA,VEN,5106
2834836,14,246,1238,1997,0.0,36404.0,0.428555,0.798283,AUS,ZAF,5106
2834837,18,246,1238,1997,7775.0,0.0,1.4274069999999999,1.490435,BEL,ZAF,5106
2834838,43,246,1238,1997,784879.0,0.0,0.36051300000000003,3.287322,CHN,ZAF,5106
2834839,61,246,1238,1997,248553.0,77873.0,2.293936,-2.2301919999999997,DEU,ZAF,5106
2834840,71,246,1238,1997,16653.0,0.0,1.082049,2.0238650000000002,ESP,ZAF,5106
2834841,77,246,1238,1997,212561.0,0.0,1.69504,0.8278549999999999,FRA,ZAF,5106
2834842,81,246,1238,1997,400376.0,21866.0,1.886353,0.783832,GBR,ZAF,5106
2834843,104,246,1238,1997,0.0,31945.0,0.262571,2.31305,IND,ZAF,5106
2834844,106,246,1238,1997,15699.0,0.0,1.471048,0.8769370000000001,IRL,ZAF,5106
2834845,111,246,1238,1997,2099231.0,0.0,1.4860389999999999,1.235674,ITA,ZAF,5106
2834846,114,246,1238,1997,0.0,16134.0,2.631846,0.553144,JPN,ZAF,5106
2834847,151,246,1238,1997,49372.0,0.0,-0.49241,-0.695729,MUS,ZAF,5106
2834848,153,246,1238,1997,0.0,42782.0,0.37340999999999996,0.36853600000000003,MYS,ZAF,5106
2834849,166,246,1238,1997,17253.0,0.0,0.557545,0.731294,NZL,ZAF,5106
2834850,231,246,1238,1997,2313.0,23053.0,1.823511,0.888084,USA,ZAF,5106
2834851,248,246,1238,1997,0.0,55031.0,-0.36357399999999995,-0.449161,ZWE,ZAF,5106
2834852,249,246,1238,1997,23066.0,0.0,1.317672,1.800561,TWN,ZAF,5106
2834853,250,246,1238,1997,7658.0,0.0,1.036748,0.851626,ANS,ZAF,5106
2834854,15,14,1238,1997,2249.0,0.0,1.8926189999999998,0.624346,AUT,AUS,5106
2834855,18,14,1238,1997,45927.0,0.0,1.4274069999999999,1.490435,BEL,AUS,5106
2834856,23,14,1238,1997,107603.0,0.0,0.487041,1.287344,BGR,AUS,5106
2834857,39,14,1238,1997,0.0,35813.0,1.109494,1.178772,CAN,AUS,5106
2834858,43,14,1238,1997,597959.0,707747.0,0.36051300000000003,3.287322,CHN,AUS,5106
2834859,61,14,1238,1997,19445.0,0.0,2.293936,-2.2301919999999997,DEU,AUS,5106
2834860,64,14,1238,1997,13342.0,0.0,1.358279,1.420107,DNK,AUS,5106
2834861,81,14,1238,1997,507587.0,31805.0,1.886353,0.783832,GBR,AUS,5106
2834862,97,14,1238,1997,1005932.0,131959.0,0.521942,2.578405,HKG,AUS,5106
2834863,103,14,1238,1997,125361.0,218256.0,-0.44080699999999995,1.220104,IDN,AUS,5106
2834864,104,14,1238,1997,60601.0,0.0,0.262571,2.31305,IND,AUS,5106
2834865,106,14,1238,1997,0.0,1371.0,1.471048,0.8769370000000001,IRL,AUS,5106
2834866,111,14,1238,1997,428871.0,5894.0,1.4860389999999999,1.235674,ITA,AUS,5106
2834867,114,14,1238,1997,11745.0,0.0,2.631846,0.553144,JPN,AUS,5106
2834868,121,14,1238,1997,31444.0,8845.0,1.0478290000000001,1.2874370000000002,KOR,AUS,5106
2834869,151,14,1238,1997,0.0,94364.0,-0.49241,-0.695729,MUS,AUS,5106
2834870,153,14,1238,1997,43966.0,365685.0,0.37340999999999996,0.36853600000000003,MYS,AUS,5106
2834871,163,14,1238,1997,0.0,598.0,1.003945,0.188826,NOR,AUS,5106
2834872,166,14,1238,1997,16455187.0,1049351.0,0.557545,0.731294,NZL,AUS,5106
2834873,174,14,1238,1997,0.0,132805.0,-0.24310900000000002,0.085784,PHL,AUS,5106
2834874,192,14,1238,1997,0.0,18611.0,1.01557,0.360154,SGP,AUS,5106
2834875,216,14,1238,1997,2205.0,163183.0,0.084875,1.41931,THA,AUS,5106
2834876,231,14,1238,1997,0.0,106384.0,1.823511,0.888084,USA,AUS,5106
2834877,239,14,1238,1997,0.0,31989.0,-0.93384,0.06253099999999999,VNM,AUS,5106
2834878,246,14,1238,1997,36404.0,0.0,0.501792,1.1192440000000001,ZAF,AUS,5106
2834879,249,14,1238,1997,15477.0,0.0,1.317672,1.800561,TWN,AUS,5106
2834880,107,16,1238,1997,47492.0,0.0,-0.503841,-0.9984059999999999,IRN,AZE,5106
2834881,81,22,1238,1997,41544.0,0.0,1.886353,0.783832,GBR,BGD,5106
2834882,97,22,1238,1997,1205134.0,0.0,0.521942,2.578405,HKG,BGD,5106
2834883,121,22,1238,1997,201933.0,0.0,1.0478290000000001,1.2874370000000002,KOR,BGD,5106
2834884,249,22,1238,1997,36320.0,0.0,1.317672,1.800561,TWN,BGD,5106
2834885,9,23,1238,1997,0.0,14089.0,1.178568,0.331529,ARM,BGR,5106
2834886,14,23,1238,1997,0.0,107603.0,0.428555,0.798283,AUS,BGR,5106
2834887,15,23,1238,1997,11471.0,0.0,1.8926189999999998,0.624346,AUT,BGR,5106
2834888,18,23,1238,1997,30573.0,0.0,1.4274069999999999,1.490435,BEL,BGR,5106
2834889,61,23,1238,1997,54624.0,0.0,2.293936,-2.2301919999999997,DEU,BGR,5106
2834890,71,23,1238,1997,0.0,6176.0,1.082049,2.0238650000000002,ESP,BGR,5106
2834891,81,23,1238,1997,2003.0,43289.0,1.886353,0.783832,GBR,BGR,5106
2834892,90,23,1238,1997,2013.0,0.0,0.229516,1.085225,GRC,BGR,5106
2834893,102,23,1238,1997,0.0,4643.0,0.746743,1.577102,HUN,BGR,5106
2834894,111,23,1238,1997,457332.0,24305.0,1.4860389999999999,1.235674,ITA,BGR,5106
2834895,114,23,1238,1997,0.0,275879.0,2.631846,0.553144,JPN,BGR,5106
2834896,124,23,1238,1997,0.0,37750.0,0.334291,0.783104,LBN,BGR,5106
2834897,140,23,1238,1997,761040.0,25564.0,0.26327399999999995,0.704879,MKD,BGR,5106
2834898,162,23,1238,1997,0.0,12200.0,1.267794,1.727888,NLD,BGR,5106
2834899,185,23,1238,1997,0.0,19371.0,0.44381000000000004,1.084109,ROU,BGR,5106
2834900,189,23,1238,1997,11044.0,9563.0,0.659904,1.702849,SCG,BGR,5106
2834901,224,23,1238,1997,34297.0,34227.0,0.167734,1.5827870000000002,TUR,BGR,5106
2834902,231,23,1238,1997,0.0,111236.0,1.823511,0.888084,USA,BGR,5106
2834903,250,23,1238,1997,0.0,10388.0,1.036748,0.851626,ANS,BGR,5106
2834904,8,32,1238,1997,490774.0,0.0,0.273654,0.495389,ARG,BRA,5106
2834905,81,32,1238,1997,95009.0,0.0,1.886353,0.783832,GBR,BRA,5106
2834906,111,32,1238,1997,193468.0,0.0,1.4860389999999999,1.235674,ITA,BRA,5106
2834907,230,32,1238,1997,204647.0,0.0,0.226228,0.29183400000000004,URY,BRA,5106
2834908,231,32,1238,1997,4103.0,0.0,1.823511,0.888084,USA,BRA,5106
2834909,14,39,1238,1997,35813.0,0.0,0.428555,0.798283,AUS,CAN,5106
2834910,43,39,1238,1997,24319.0,2769.0,0.36051300000000003,3.287322,CHN,CAN,5106
2834911,52,39,1238,1997,0.0,9744.0,-0.25974200000000003,0.196955,CRI,CAN,5106
2834912,77,39,1238,1997,55623.0,0.0,1.69504,0.8278549999999999,FRA,CAN,5106
2834913,81,39,1238,1997,1109839.0,0.0,1.886353,0.783832,GBR,CAN,5106
2834914,97,39,1238,1997,0.0,1389705.0,0.521942,2.578405,HKG,CAN,5106
2834915,103,39,1238,1997,85684.0,0.0,-0.44080699999999995,1.220104,IDN,CAN,5106
2834916,104,39,1238,1997,88254.0,0.0,0.262571,2.31305,IND,CAN,5106
2834917,106,39,1238,1997,2996.0,0.0,1.471048,0.8769370000000001,IRL,CAN,5106
2834918,111,39,1238,1997,341319.0,0.0,1.4860389999999999,1.235674,ITA,CAN,5106
2834919,114,39,1238,1997,0.0,4358.0,2.631846,0.553144,JPN,CAN,5106
2834920,166,39,1238,1997,9848.0,0.0,0.557545,0.731294,NZL,CAN,5106
2834921,231,39,1238,1997,521397.0,1704564.0,1.823511,0.888084,USA,CAN,5106
2834922,15,41,1238,1997,127566.0,468973.0,1.8926189999999998,0.624346,AUT,CHE,5106
2834923,18,41,1238,1997,1117962.0,5339.0,1.4274069999999999,1.490435,BEL,CHE,5106
2834924,43,41,1238,1997,0.0,9514.0,0.36051300000000003,3.287322,CHN,CHE,5106
2834925,61,41,1238,1997,1619007.0,25811.0,2.293936,-2.2301919999999997,DEU,CHE,5106
2834926,64,41,1238,1997,263840.0,0.0,1.358279,1.420107,DNK,CHE,5106
2834927,71,41,1238,1997,25687.0,0.0,1.082049,2.0238650000000002,ESP,CHE,5106
2834928,72,41,1238,1997,286018.0,10081.0,0.460823,0.9126700000000001,EST,CHE,5106
2834929,74,41,1238,1997,518837.0,21728.0,1.9298959999999998,1.083861,FIN,CHE,5106
2834930,77,41,1238,1997,253170.0,1678.0,1.69504,0.8278549999999999,FRA,CHE,5106
2834931,81,41,1238,1997,1992681.0,53337.0,1.886353,0.783832,GBR,CHE,5106
2834932,97,41,1238,1997,0.0,50898.0,0.521942,2.578405,HKG,CHE,5106
2834933,104,41,1238,1997,32192.0,0.0,0.262571,2.31305,IND,CHE,5106
2834934,111,41,1238,1997,1365248.0,26958.0,1.4860389999999999,1.235674,ITA,CHE,5106
2834935,162,41,1238,1997,98217.0,18284.0,1.267794,1.727888,NLD,CHE,5106
2834936,163,41,1238,1997,6065.0,2288.0,1.003945,0.188826,NOR,CHE,5106
2834937,173,41,1238,1997,3484.0,0.0,-0.5023880000000001,-0.262563,PER,CHE,5106
2834938,231,41,1238,1997,0.0,8702.0,1.823511,0.888084,USA,CHE,5106
2834939,8,42,1238,1997,824247.0,0.0,0.273654,0.495389,ARG,CHL,5106
2834940,71,42,1238,1997,45912.0,0.0,1.082049,2.0238650000000002,ESP,CHL,5106
2834941,81,42,1238,1997,3285.0,0.0,1.886353,0.783832,GBR,CHL,5106
2834942,111,42,1238,1997,931450.0,1991.0,1.4860389999999999,1.235674,ITA,CHL,5106
2834943,230,42,1238,1997,45661.0,0.0,0.226228,0.29183400000000004,URY,CHL,5106
2834944,15,59,1238,1997,12342.0,146998.0,1.8926189999999998,0.624346,AUT,CZE,5106
2834945,18,59,1238,1997,45995.0,0.0,1.4274069999999999,1.490435,BEL,CZE,5106
2834946,61,59,1238,1997,220515.0,369171.0,2.293936,-2.2301919999999997,DEU,CZE,5106
2834947,64,59,1238,1997,0.0,47391.0,1.358279,1.420107,DNK,CZE,5106
2834948,77,59,1238,1997,5604.0,0.0,1.69504,0.8278549999999999,FRA,CZE,5106
2834949,81,59,1238,1997,7381.0,35018.0,1.886353,0.783832,GBR,CZE,5106
2834950,102,59,1238,1997,0.0,18278.0,0.746743,1.577102,HUN,CZE,5106
2834951,111,59,1238,1997,587138.0,4245.0,1.4860389999999999,1.235674,ITA,CZE,5106
2834952,163,59,1238,1997,1025.0,0.0,1.003945,0.188826,NOR,CZE,5106
2834953,177,59,1238,1997,0.0,21869.0,0.805559,1.9598520000000001,POL,CZE,5106
2834954,189,59,1238,1997,4836.0,0.0,0.659904,1.702849,SCG,CZE,5106
2834955,206,59,1238,1997,776882.0,381469.0,1.200699,1.318346,SVK,CZE,5106
2834956,208,59,1238,1997,9842.0,0.0,2.120182,0.993078,SWE,CZE,5106
2834957,231,59,1238,1997,0.0,109212.0,1.823511,0.888084,USA,CZE,5106
2834958,250,59,1238,1997,0.0,2960.0,1.036748,0.851626,ANS,CZE,5106
2834959,68,66,1238,1997,31966.0,0.0,-0.314425,0.156345,EGY,DZA,5106
2834960,71,66,1238,1997,26861.0,0.0,1.082049,2.0238650000000002,ESP,DZA,5106
2834961,61,68,1238,1997,25216.0,0.0,2.293936,-2.2301919999999997,DEU,EGY,5106
2834962,66,68,1238,1997,0.0,31966.0,-0.717599,-1.126311,DZA,EGY,5106
2834963,81,68,1238,1997,87575.0,0.0,1.886353,0.783832,GBR,EGY,5106
2834964,104,68,1238,1997,155442.0,0.0,0.262571,2.31305,IND,EGY,5106
2834965,111,68,1238,1997,416552.0,0.0,1.4860389999999999,1.235674,ITA,EGY,5106
2834966,113,68,1238,1997,0.0,5848.0,0.49456300000000003,0.33966,JOR,EGY,5106
2834967,189,68,1238,1997,104809.0,0.0,0.659904,1.702849,SCG,EGY,5106
2834968,224,68,1238,1997,13651.0,0.0,0.167734,1.5827870000000002,TUR,EGY,5106
2834969,28,72,1238,1997,57576.0,0.0,0.563179,0.339149,BLR,EST,5106
2834970,41,72,1238,1997,10081.0,286018.0,2.280163,0.597819,CHE,EST,5106
2834971,61,72,1238,1997,0.0,301873.0,2.293936,-2.2301919999999997,DEU,EST,5106
2834972,64,72,1238,1997,2817.0,10039.0,1.358279,1.420107,DNK,EST,5106
2834973,74,72,1238,1997,14925.0,6655.0,1.9298959999999998,1.083861,FIN,EST,5106
2834974,81,72,1238,1997,12966.0,0.0,1.886353,0.783832,GBR,EST,5106
2834975,130,72,1238,1997,48743.0,0.0,0.377245,0.8823270000000001,LTU,EST,5106
2834976,132,72,1238,1997,64726.0,0.0,0.398848,0.215206,LVA,EST,5106
2834977,162,72,1238,1997,0.0,108410.0,1.267794,1.727888,NLD,EST,5106
2834978,163,72,1238,1997,143857.0,0.0,1.003945,0.188826,NOR,EST,5106
2834979,208,72,1238,1997,12792.0,0.0,2.120182,0.993078,SWE,EST,5106
2834980,15,102,1238,1997,91394.0,0.0,1.8926189999999998,0.624346,AUT,HUN,5106
2834981,18,102,1238,1997,27486.0,0.0,1.4274069999999999,1.490435,BEL,HUN,5106
2834982,23,102,1238,1997,4643.0,0.0,0.487041,1.287344,BGR,HUN,5106
2834983,43,102,1238,1997,3952231.0,0.0,0.36051300000000003,3.287322,CHN,HUN,5106
2834984,59,102,1238,1997,18278.0,0.0,1.40651,1.354695,CZE,HUN,5106
2834985,61,102,1238,1997,365172.0,264903.0,2.293936,-2.2301919999999997,DEU,HUN,5106
2834986,77,102,1238,1997,1975854.0,0.0,1.69504,0.8278549999999999,FRA,HUN,5106
2834987,81,102,1238,1997,404225.0,1025.0,1.886353,0.783832,GBR,HUN,5106
2834988,111,102,1238,1997,494000.0,19304.0,1.4860389999999999,1.235674,ITA,HUN,5106
2834989,185,102,1238,1997,2871.0,16052.0,0.44381000000000004,1.084109,ROU,HUN,5106
2834990,189,102,1238,1997,16095.0,0.0,0.659904,1.702849,SCG,HUN,5106
2834991,206,102,1238,1997,8866.0,0.0,1.200699,1.318346,SVK,HUN,5106
2834992,239,102,1238,1997,0.0,1000.0,-0.93384,0.06253099999999999,VNM,HUN,5106
2834993,7,104,1238,1997,0.0,109901.0,-0.042154000000000004,-0.667389,ARE,IND,5106
2834994,14,104,1238,1997,0.0,60601.0,0.428555,0.798283,AUS,IND,5106
2834995,18,104,1238,1997,37342.0,72617.0,1.4274069999999999,1.490435,BEL,IND,5106
2834996,39,104,1238,1997,0.0,88254.0,1.109494,1.178772,CAN,IND,5106
2834997,41,104,1238,1997,0.0,32192.0,2.280163,0.597819,CHE,IND,5106
2834998,43,104,1238,1997,102435.0,100435.0,0.36051300000000003,3.287322,CHN,IND,5106
2834999,61,104,1238,1997,0.0,779153.0,2.293936,-2.2301919999999997,DEU,IND,5106
2835000,64,104,1238,1997,0.0,14449.0,1.358279,1.420107,DNK,IND,5106
2835001,68,104,1238,1997,0.0,155442.0,-0.314425,0.156345,EGY,IND,5106
2835002,71,104,1238,1997,0.0,32996.0,1.082049,2.0238650000000002,ESP,IND,5106
2835003,74,104,1238,1997,0.0,35221.0,1.9298959999999998,1.083861,FIN,IND,5106
2835004,77,104,1238,1997,32715.0,28567.0,1.69504,0.8278549999999999,FRA,IND,5106
2835005,81,104,1238,1997,434098.0,1268717.0,1.886353,0.783832,GBR,IND,5106
2835006,90,104,1238,1997,0.0,32569.0,0.229516,1.085225,GRC,IND,5106
2835007,97,104,1238,1997,674609.0,470119.0,0.521942,2.578405,HKG,IND,5106
2835008,103,104,1238,1997,55044.0,0.0,-0.44080699999999995,1.220104,IDN,IND,5106
2835009,106,104,1238,1997,0.0,46704.0,1.471048,0.8769370000000001,IRL,IND,5106
2835010,111,104,1238,1997,101963.0,261241.0,1.4860389999999999,1.235674,ITA,IND,5106
2835011,113,104,1238,1997,0.0,14533.0,0.49456300000000003,0.33966,JOR,IND,5106
2835012,114,104,1238,1997,0.0,417959.0,2.631846,0.553144,JPN,IND,5106
2835013,116,104,1238,1997,0.0,26266.0,-0.399028,0.196115,KEN,IND,5106
2835014,121,104,1238,1997,368175.0,87249.0,1.0478290000000001,1.2874370000000002,KOR,IND,5106
2835015,124,104,1238,1997,0.0,6892.0,0.334291,0.783104,LBN,IND,5106
2835016,138,104,1238,1997,0.0,3444.0,0.603221,0.898488,MEX,IND,5106
2835017,151,104,1238,1997,0.0,21342.0,-0.49241,-0.695729,MUS,IND,5106
2835018,153,104,1238,1997,0.0,35876.0,0.37340999999999996,0.36853600000000003,MYS,IND,5106
2835019,162,104,1238,1997,0.0,10713.0,1.267794,1.727888,NLD,IND,5106
2835020,163,104,1238,1997,0.0,195301.0,1.003945,0.188826,NOR,IND,5106
2835021,164,104,1238,1997,0.0,12546.0,-0.559546,-0.358545,NPL,IND,5106
2835022,166,104,1238,1997,0.0,89751.0,0.557545,0.731294,NZL,IND,5106
2835023,167,104,1238,1997,0.0,12707.0,-0.335834,-0.945859,OMN,IND,5106
2835024,168,104,1238,1997,0.0,1689.0,-0.882432,-0.563344,PAK,IND,5106
2835025,177,104,1238,1997,0.0,81249.0,0.805559,1.9598520000000001,POL,IND,5106
2835026,179,104,1238,1997,0.0,156364.0,0.379367,1.296551,PRT,IND,5106
2835027,186,104,1238,1997,0.0,4535.0,0.87377,0.423861,RUS,IND,5106
2835028,188,104,1238,1997,0.0,27699.0,0.015040000000000001,-0.954475,SAU,IND,5106
2835029,208,104,1238,1997,0.0,65306.0,2.120182,0.993078,SWE,IND,5106
2835030,216,104,1238,1997,32429.0,23833.0,0.084875,1.41931,THA,IND,5106
2835031,223,104,1238,1997,0.0,35323.0,-0.24073899999999998,-0.146818,TUN,IND,5106
2835032,224,104,1238,1997,0.0,346192.0,0.167734,1.5827870000000002,TUR,IND,5106
2835033,226,104,1238,1997,0.0,55064.0,-1.368133,-0.753692,TZA,IND,5106
2835034,231,104,1238,1997,0.0,149953.0,1.823511,0.888084,USA,IND,5106
2835035,246,104,1238,1997,31945.0,0.0,0.501792,1.1192440000000001,ZAF,IND,5106
2835036,249,104,1238,1997,173330.0,0.0,1.317672,1.800561,TWN,IND,5106
2835037,16,107,1238,1997,0.0,47492.0,0.290957,-0.18282,AZE,IRN,5106
2835038,61,107,1238,1997,2181.0,0.0,2.293936,-2.2301919999999997,DEU,IRN,5106
2835039,77,107,1238,1997,58243.0,0.0,1.69504,0.8278549999999999,FRA,IRN,5106
2835040,111,107,1238,1997,246513.0,0.0,1.4860389999999999,1.235674,ITA,IRN,5106
2835041,114,107,1238,1997,0.0,1490.0,2.631846,0.553144,JPN,IRN,5106
2835042,115,107,1238,1997,86428.0,0.0,0.44044300000000003,-0.10249000000000001,KAZ,IRN,5106
2835043,117,107,1238,1997,153433.0,0.0,0.023634,-0.194868,KGZ,IRN,5106
2835044,43,113,1238,1997,16172.0,0.0,0.36051300000000003,3.287322,CHN,JOR,5106
2835045,68,113,1238,1997,5848.0,0.0,-0.314425,0.156345,EGY,JOR,5106
2835046,71,113,1238,1997,45229.0,0.0,1.082049,2.0238650000000002,ESP,JOR,5106
2835047,81,113,1238,1997,249043.0,0.0,1.886353,0.783832,GBR,JOR,5106
2835048,103,113,1238,1997,13240.0,0.0,-0.44080699999999995,1.220104,IDN,JOR,5106
2835049,104,113,1238,1997,14533.0,0.0,0.262571,2.31305,IND,JOR,5106
2835050,111,113,1238,1997,13313.0,0.0,1.4860389999999999,1.235674,ITA,JOR,5106
2835051,126,113,1238,1997,0.0,14105.0,-0.49745600000000006,-1.126254,LBY,JOR,5106
2835052,224,113,1238,1997,144430.0,0.0,0.167734,1.5827870000000002,TUR,JOR,5106
2835053,14,114,1238,1997,0.0,11745.0,0.428555,0.798283,AUS,JPN,5106
2835054,23,114,1238,1997,275879.0,0.0,0.487041,1.287344,BGR,JPN,5106
2835055,39,114,1238,1997,4358.0,0.0,1.109494,1.178772,CAN,JPN,5106
2835056,43,114,1238,1997,5378753.0,2985451.0,0.36051300000000003,3.287322,CHN,JPN,5106
2835057,61,114,1238,1997,1487.0,23164.0,2.293936,-2.2301919999999997,DEU,JPN,5106
2835058,64,114,1238,1997,0.0,6837.0,1.358279,1.420107,DNK,JPN,5106
2835059,71,114,1238,1997,3836.0,0.0,1.082049,2.0238650000000002,ESP,JPN,5106
2835060,77,114,1238,1997,34384.0,0.0,1.69504,0.8278549999999999,FRA,JPN,5106
2835061,81,114,1238,1997,1043199.0,0.0,1.886353,0.783832,GBR,JPN,5106
2835062,97,114,1238,1997,36320.0,4796647.0,0.521942,2.578405,HKG,JPN,5106
2835063,103,114,1238,1997,1573.0,0.0,-0.44080699999999995,1.220104,IDN,JPN,5106
2835064,104,114,1238,1997,417959.0,0.0,0.262571,2.31305,IND,JPN,5106
2835065,106,114,1238,1997,0.0,3084.0,1.471048,0.8769370000000001,IRL,JPN,5106
2835066,107,114,1238,1997,1490.0,0.0,-0.503841,-0.9984059999999999,IRN,JPN,5106
2835067,111,114,1238,1997,2938165.0,5932.0,1.4860389999999999,1.235674,ITA,JPN,5106
2835068,121,114,1238,1997,1233041.0,191421.0,1.0478290000000001,1.2874370000000002,KOR,JPN,5106
2835069,133,114,1238,1997,0.0,23550.0,-0.238002,-0.361492,MAC,JPN,5106
2835070,153,114,1238,1997,131896.0,0.0,0.37340999999999996,0.36853600000000003,MYS,JPN,5106
2835071,163,114,1238,1997,6799.0,0.0,1.003945,0.188826,NOR,JPN,5106
2835072,166,114,1238,1997,593841.0,10992.0,0.557545,0.731294,NZL,JPN,5106
2835073,173,114,1238,1997,328571.0,0.0,-0.5023880000000001,-0.262563,PER,JPN,5106
2835074,174,114,1238,1997,0.0,151968.0,-0.24310900000000002,0.085784,PHL,JPN,5106
2835075,178,114,1238,1997,0.0,13165.0,0.701604,0.649257,PRK,JPN,5106
2835076,192,114,1238,1997,0.0,2212.0,1.01557,0.360154,SGP,JPN,5106
2835077,208,114,1238,1997,9032.0,0.0,2.120182,0.993078,SWE,JPN,5106
2835078,216,114,1238,1997,1164.0,15830.0,0.084875,1.41931,THA,JPN,5106
2835079,230,114,1238,1997,5263.0,0.0,0.226228,0.29183400000000004,URY,JPN,5106
2835080,231,114,1238,1997,5681.0,1128.0,1.823511,0.888084,USA,JPN,5106
2835081,239,114,1238,1997,0.0,245393.0,-0.93384,0.06253099999999999,VNM,JPN,5106
2835082,246,114,1238,1997,16134.0,0.0,0.501792,1.1192440000000001,ZAF,JPN,5106
2835083,249,114,1238,1997,678289.0,35737.0,1.317672,1.800561,TWN,JPN,5106
2835084,71,132,1238,1997,87267.0,11339.0,1.082049,2.0238650000000002,ESP,LVA,5106
2835085,72,132,1238,1997,0.0,64726.0,0.460823,0.9126700000000001,EST,LVA,5106
2835086,81,132,1238,1997,6960.0,0.0,1.886353,0.783832,GBR,LVA,5106
2835087,111,132,1238,1997,3550.0,50687.0,1.4860389999999999,1.235674,ITA,LVA,5106
2835088,130,132,1238,1997,59066.0,14782.0,0.377245,0.8823270000000001,LTU,LVA,5106
2835089,163,132,1238,1997,26342.0,0.0,1.003945,0.188826,NOR,LVA,5106
2835090,177,132,1238,1997,0.0,894.0,0.805559,1.9598520000000001,POL,LVA,5106
2835091,208,132,1238,1997,0.0,24020.0,2.120182,0.993078,SWE,LVA,5106
2835092,224,132,1238,1997,0.0,1692.0,0.167734,1.5827870000000002,TUR,LVA,5106
2835093,18,140,1238,1997,320910.0,160332.0,1.4274069999999999,1.490435,BEL,MKD,5106
2835094,23,140,1238,1997,25564.0,761040.0,0.487041,1.287344,BGR,MKD,5106
2835095,26,140,1238,1997,0.0,6379.0,0.459512,0.194939,BIH,MKD,5106
2835096,81,140,1238,1997,194551.0,0.0,1.886353,0.783832,GBR,MKD,5106
2835097,90,140,1238,1997,448420.0,0.0,0.229516,1.085225,GRC,MKD,5106
2835098,111,140,1238,1997,58729.0,28822.0,1.4860389999999999,1.235674,ITA,MKD,5106
2835099,189,140,1238,1997,11945.0,18260.0,0.659904,1.702849,SCG,MKD,5106
2835100,81,159,1238,1997,105252.0,0.0,1.886353,0.783832,GBR,NGA,5106
2835101,7,167,1238,1997,5512.0,0.0,-0.042154000000000004,-0.667389,ARE,OMN,5106
2835102,81,167,1238,1997,131320.0,0.0,1.886353,0.783832,GBR,OMN,5106
2835103,104,167,1238,1997,12707.0,0.0,0.262571,2.31305,IND,OMN,5106
2835104,153,167,1238,1997,41213.0,0.0,0.37340999999999996,0.36853600000000003,MYS,OMN,5106
2835105,18,177,1238,1997,1968.0,0.0,1.4274069999999999,1.490435,BEL,POL,5106
2835106,59,177,1238,1997,21869.0,0.0,1.40651,1.354695,CZE,POL,5106
2835107,61,177,1238,1997,264591.0,3419.0,2.293936,-2.2301919999999997,DEU,POL,5106
2835108,64,177,1238,1997,3287.0,0.0,1.358279,1.420107,DNK,POL,5106
2835109,77,177,1238,1997,179916.0,0.0,1.69504,0.8278549999999999,FRA,POL,5106
2835110,81,177,1238,1997,61902.0,0.0,1.886353,0.783832,GBR,POL,5106
2835111,104,177,1238,1997,81249.0,0.0,0.262571,2.31305,IND,POL,5106
2835112,111,177,1238,1997,244042.0,24254.0,1.4860389999999999,1.235674,ITA,POL,5106
2835113,132,177,1238,1997,894.0,0.0,0.398848,0.215206,LVA,POL,5106
2835114,179,177,1238,1997,2735.0,0.0,0.379367,1.296551,PRT,POL,5106
2835115,250,177,1238,1997,93588.0,0.0,1.036748,0.851626,ANS,POL,5106
2835116,61,186,1238,1997,4645.0,0.0,2.293936,-2.2301919999999997,DEU,RUS,5106
2835117,81,186,1238,1997,5867.0,0.0,1.886353,0.783832,GBR,RUS,5106
2835118,104,186,1238,1997,4535.0,0.0,0.262571,2.31305,IND,RUS,5106
2835119,109,186,1238,1997,4040.0,0.0,0.217533,-0.405395,ISL,RUS,5106
2835120,111,186,1238,1997,27951.0,0.0,1.4860389999999999,1.235674,ITA,RUS,5106
2835121,115,186,1238,1997,11208.0,0.0,0.44044300000000003,-0.10249000000000001,KAZ,RUS,5106
2835122,130,186,1238,1997,0.0,56253.0,0.377245,0.8823270000000001,LTU,RUS,5106
2835123,135,186,1238,1997,1539.0,0.0,0.148579,-0.334685,MDA,RUS,5106
2835124,166,186,1238,1997,68784.0,0.0,0.557545,0.731294,NZL,RUS,5106
2835125,228,186,1238,1997,0.0,59594.0,0.8502559999999999,0.956254,UKR,RUS,5106
2835126,14,192,1238,1997,18611.0,0.0,0.428555,0.798283,AUS,SGP,5106
2835127,34,192,1238,1997,0.0,46858.0,-0.092276,-0.772393,BRN,SGP,5106
2835128,43,192,1238,1997,172381.0,1102.0,0.36051300000000003,3.287322,CHN,SGP,5106
2835129,81,192,1238,1997,414666.0,0.0,1.886353,0.783832,GBR,SGP,5106
2835130,114,192,1238,1997,2212.0,0.0,2.631846,0.553144,JPN,SGP,5106
2835131,153,192,1238,1997,138679.0,93999.0,0.37340999999999996,0.36853600000000003,MYS,SGP,5106
2835132,231,192,1238,1997,1174.0,0.0,1.823511,0.888084,USA,SGP,5106
2835133,15,206,1238,1997,18096.0,1068.0,1.8926189999999998,0.624346,AUT,SVK,5106
2835134,18,206,1238,1997,0.0,8967.0,1.4274069999999999,1.490435,BEL,SVK,5106
2835135,59,206,1238,1997,381469.0,776882.0,1.40651,1.354695,CZE,SVK,5106
2835136,61,206,1238,1997,25192.0,4564.0,2.293936,-2.2301919999999997,DEU,SVK,5106
2835137,81,206,1238,1997,5858.0,0.0,1.886353,0.783832,GBR,SVK,5106
2835138,102,206,1238,1997,0.0,8866.0,0.746743,1.577102,HUN,SVK,5106
2835139,111,206,1238,1997,151496.0,18229.0,1.4860389999999999,1.235674,ITA,SVK,5106
2835140,15,207,1238,1997,0.0,9863.0,1.8926189999999998,0.624346,AUT,SVN,5106
2835141,18,207,1238,1997,539780.0,643173.0,1.4274069999999999,1.490435,BEL,SVN,5106
2835142,61,207,1238,1997,278717.0,0.0,2.293936,-2.2301919999999997,DEU,SVN,5106
2835143,77,207,1238,1997,2002.0,0.0,1.69504,0.8278549999999999,FRA,SVN,5106
2835144,81,207,1238,1997,23175.0,0.0,1.886353,0.783832,GBR,SVN,5106
2835145,100,207,1238,1997,0.0,5432.0,0.607903,1.147751,HRV,SVN,5106
2835146,111,207,1238,1997,101875.0,67222.0,1.4860389999999999,1.235674,ITA,SVN,5106
2835147,162,207,1238,1997,7451.0,0.0,1.267794,1.727888,NLD,SVN,5106
2835148,212,207,1238,1997,0.0,24296.0,-1.046433,-0.9678620000000001,SYR,SVN,5106
2835149,104,226,1238,1997,55064.0,0.0,0.262571,2.31305,IND,TZA,5106
2835150,28,228,1238,1997,35019.0,0.0,0.563179,0.339149,BLR,UKR,5106
2835151,82,228,1238,1997,39980.0,0.0,0.304927,-0.082,GEO,UKR,5106
2835152,162,228,1238,1997,2917.0,0.0,1.267794,1.727888,NLD,UKR,5106
2835153,186,228,1238,1997,59594.0,0.0,0.87377,0.423861,RUS,UKR,5106
2835154,14,249,1238,1997,0.0,15477.0,0.428555,0.798283,AUS,TWN,5106
2835155,22,249,1238,1997,0.0,36320.0,-1.027777,-1.048214,BGD,TWN,5106
2835156,43,249,1238,1997,46383.0,788102.0,0.36051300000000003,3.287322,CHN,TWN,5106
2835157,61,249,1238,1997,92213.0,0.0,2.293936,-2.2301919999999997,DEU,TWN,5106
2835158,81,249,1238,1997,37369.0,0.0,1.886353,0.783832,GBR,TWN,5106
2835159,97,249,1238,1997,190448.0,15893248.0,0.521942,2.578405,HKG,TWN,5106
2835160,103,249,1238,1997,0.0,379933.0,-0.44080699999999995,1.220104,IDN,TWN,5106
2835161,104,249,1238,1997,0.0,173330.0,0.262571,2.31305,IND,TWN,5106
2835162,111,249,1238,1997,542731.0,0.0,1.4860389999999999,1.235674,ITA,TWN,5106
2835163,114,249,1238,1997,35737.0,678289.0,2.631846,0.553144,JPN,TWN,5106
2835164,121,249,1238,1997,42152.0,211807.0,1.0478290000000001,1.2874370000000002,KOR,TWN,5106
2835165,128,249,1238,1997,0.0,1199671.0,-0.925745,-0.308559,LKA,TWN,5106
2835166,133,249,1238,1997,0.0,155500.0,-0.238002,-0.361492,MAC,TWN,5106
2835167,151,249,1238,1997,0.0,617489.0,-0.49241,-0.695729,MUS,TWN,5106
2835168,168,249,1238,1997,0.0,3333.0,-0.882432,-0.563344,PAK,TWN,5106
2835169,174,249,1238,1997,0.0,192498.0,-0.24310900000000002,0.085784,PHL,TWN,5106
2835170,216,249,1238,1997,0.0,258907.0,0.084875,1.41931,THA,TWN,5106
2835171,231,249,1238,1997,41107.0,0.0,1.823511,0.888084,USA,TWN,5106
2835172,239,249,1238,1997,0.0,28319.0,-0.93384,0.06253099999999999,VNM,TWN,5106
2835173,246,249,1238,1997,0.0,23066.0,0.501792,1.1192440000000001,ZAF,TWN,5106
2835174,32,8,1238,1997,0.0,490774.0,0.718336,1.203066,BRA,ARG,5106
2835175,42,8,1238,1997,0.0,824247.0,0.002791,-0.030604000000000003,CHL,ARG,5106
2835176,43,8,1238,1997,0.0,164779.0,0.36051300000000003,3.287322,CHN,ARG,5106
2835177,49,8,1238,1997,0.0,192821.0,0.190632,0.068001,COL,ARG,5106
2835178,97,8,1238,1997,29815.0,0.0,0.521942,2.578405,HKG,ARG,5106
2835179,111,8,1238,1997,2122164.0,0.0,1.4860389999999999,1.235674,ITA,ARG,5106
2835180,138,8,1238,1997,0.0,129132.0,0.603221,0.898488,MEX,ARG,5106
2835181,230,8,1238,1997,96241.0,0.0,0.226228,0.29183400000000004,URY,ARG,5106
2835182,111,17,1238,1997,38851.0,0.0,1.4860389999999999,1.235674,ITA,BDI,5106
2835183,81,44,1238,1997,814.0,0.0,1.886353,0.783832,GBR,CIV,5106
2835184,43,45,1238,1997,1464.0,0.0,0.36051300000000003,3.287322,CHN,CMR,5106
2835185,111,73,1238,1997,18585.0,0.0,1.4860389999999999,1.235674,ITA,ETH,5106
2835186,81,83,1238,1997,22953.0,0.0,1.886353,0.783832,GBR,GHA,5106
2835187,81,116,1238,1997,9732.0,0.0,1.886353,0.783832,GBR,KEN,5106
2835188,104,116,1238,1997,26266.0,0.0,0.262571,2.31305,IND,KEN,5106
2835189,18,134,1238,1997,9126.0,0.0,1.4274069999999999,1.490435,BEL,MAR,5106
2835190,61,134,1238,1997,342926.0,0.0,2.293936,-2.2301919999999997,DEU,MAR,5106
2835191,71,134,1238,1997,20025.0,51140.0,1.082049,2.0238650000000002,ESP,MAR,5106
2835192,77,134,1238,1997,1283436.0,267311.0,1.69504,0.8278549999999999,FRA,MAR,5106
2835193,81,134,1238,1997,568622.0,0.0,1.886353,0.783832,GBR,MAR,5106
2835194,111,134,1238,1997,238166.0,0.0,1.4860389999999999,1.235674,ITA,MAR,5106
2835195,166,134,1238,1997,34878.0,0.0,0.557545,0.731294,NZL,MAR,5106
2835196,231,134,1238,1997,0.0,1153.0,1.823511,0.888084,USA,MAR,5106
2835197,31,173,1238,1997,0.0,55663.0,-0.697563,-0.8841479999999999,BOL,PER,5106
2835198,41,173,1238,1997,0.0,3484.0,2.280163,0.597819,CHE,PER,5106
2835199,77,173,1238,1997,0.0,31327.0,1.69504,0.8278549999999999,FRA,PER,5106
2835200,81,173,1238,1997,0.0,30401.0,1.886353,0.783832,GBR,PER,5106
2835201,97,173,1238,1997,0.0,116717.0,0.521942,2.578405,HKG,PER,5106
2835202,111,173,1238,1997,0.0,19396.0,1.4860389999999999,1.235674,ITA,PER,5106
2835203,114,173,1238,1997,0.0,328571.0,2.631846,0.553144,JPN,PER,5106
2835204,23,9,1238,1997,14089.0,0.0,0.487041,1.287344,BGR,ARM,5106
2835205,77,9,1238,1997,3114.0,0.0,1.69504,0.8278549999999999,FRA,ARM,5106
2835206,90,9,1238,1997,5960.0,0.0,0.229516,1.085225,GRC,ARM,5106
2835207,228,82,1238,1997,0.0,39980.0,0.8502559999999999,0.956254,UKR,GEO,5106
2835208,231,82,1238,1997,0.0,54133.0,1.823511,0.888084,USA,GEO,5106
2835209,4,100,1238,1997,1480.0,0.0,-0.32351599999999997,-0.170449,ALB,HRV,5106
2835210,26,100,1238,1997,18936.0,0.0,0.459512,0.194939,BIH,HRV,5106
2835211,61,100,1238,1997,17384.0,24512.0,2.293936,-2.2301919999999997,DEU,HRV,5106
2835212,77,100,1238,1997,35789.0,0.0,1.69504,0.8278549999999999,FRA,HRV,5106
2835213,111,100,1238,1997,1935472.0,5114.0,1.4860389999999999,1.235674,ITA,HRV,5106
2835214,189,100,1238,1997,4173.0,6734.0,0.659904,1.702849,SCG,HRV,5106
2835215,207,100,1238,1997,5432.0,0.0,1.435765,1.348897,SVN,HRV,5106
2835216,185,135,1238,1997,10878.0,0.0,0.44381000000000004,1.084109,ROU,MDA,5106
2835217,186,135,1238,1997,0.0,1539.0,0.87377,0.423861,RUS,MDA,5106
2835218,77,142,1238,1997,8067.0,0.0,1.69504,0.8278549999999999,FRA,MLT,5106
2835219,81,142,1238,1997,30739.0,0.0,1.886353,0.783832,GBR,MLT,5106
2835220,97,142,1238,1997,0.0,1479.0,0.521942,2.578405,HKG,MLT,5106
2835221,111,142,1238,1997,20654.0,2722.0,1.4860389999999999,1.235674,ITA,MLT,5106
2835222,23,185,1238,1997,19371.0,0.0,0.487041,1.287344,BGR,ROU,5106
2835223,61,185,1238,1997,203713.0,6453.0,2.293936,-2.2301919999999997,DEU,ROU,5106
2835224,77,185,1238,1997,397621.0,5452.0,1.69504,0.8278549999999999,FRA,ROU,5106
2835225,81,185,1238,1997,5808.0,0.0,1.886353,0.783832,GBR,ROU,5106
2835226,102,185,1238,1997,16052.0,2871.0,0.746743,1.577102,HUN,ROU,5106
2835227,111,185,1238,1997,4269252.0,101188.0,1.4860389999999999,1.235674,ITA,ROU,5106
2835228,135,185,1238,1997,0.0,10878.0,0.148579,-0.334685,MDA,ROU,5106
2835229,224,185,1238,1997,215900.0,0.0,0.167734,1.5827870000000002,TUR,ROU,5106
2835230,23,189,1238,1997,9563.0,11044.0,0.487041,1.287344,BGR,SCG,5106
2835231,59,189,1238,1997,0.0,4836.0,1.40651,1.354695,CZE,SCG,5106
2835232,61,189,1238,1997,1620.0,0.0,2.293936,-2.2301919999999997,DEU,SCG,5106
2835233,68,189,1238,1997,0.0,104809.0,-0.314425,0.156345,EGY,SCG,5106
2835234,81,189,1238,1997,24199.0,0.0,1.886353,0.783832,GBR,SCG,5106
2835235,100,189,1238,1997,6734.0,4173.0,0.607903,1.147751,HRV,SCG,5106
2835236,102,189,1238,1997,0.0,16095.0,0.746743,1.577102,HUN,SCG,5106
2835237,109,189,1238,1997,24472.0,0.0,0.217533,-0.405395,ISL,SCG,5106
2835238,111,189,1238,1997,645626.0,0.0,1.4860389999999999,1.235674,ITA,SCG,5106
2835239,140,189,1238,1997,18260.0,11945.0,0.26327399999999995,0.704879,MKD,SCG,5106
2835240,162,189,1238,1997,11576.0,0.0,1.267794,1.727888,NLD,SCG,5106
2835241,111,212,1238,1997,349431.0,0.0,1.4860389999999999,1.235674,ITA,SYR,5106
2835242,207,212,1238,1997,24296.0,0.0,1.435765,1.348897,SVN,SYR,5106
2835243,224,212,1238,1997,8732.0,0.0,0.167734,1.5827870000000002,TUR,SYR,5106
2835244,231,212,1238,1997,156081.0,0.0,1.823511,0.888084,USA,SYR,5106
2835245,18,223,1238,1997,6506.0,0.0,1.4274069999999999,1.490435,BEL,TUN,5106
2835246,71,223,1238,1997,8894.0,0.0,1.082049,2.0238650000000002,ESP,TUN,5106
2835247,77,223,1238,1997,161818.0,0.0,1.69504,0.8278549999999999,FRA,TUN,5106
2835248,104,223,1238,1997,35323.0,0.0,0.262571,2.31305,IND,TUN,5106
2835249,111,223,1238,1997,6794546.0,41768.0,1.4860389999999999,1.235674,ITA,TUN,5106
2835250,191,223,1238,1997,0.0,2994.0,-0.606205,-0.727753,SEN,TUN,5106
2835251,23,250,1238,1997,10388.0,0.0,0.487041,1.287344,BGR,ANS,5106
2835252,43,250,1238,1997,0.0,15169277.0,0.36051300000000003,3.287322,CHN,ANS,5106
2835253,59,250,1238,1997,2960.0,0.0,1.40651,1.354695,CZE,ANS,5106
2835254,61,250,1238,1997,19031.0,0.0,2.293936,-2.2301919999999997,DEU,ANS,5106
2835255,77,250,1238,1997,0.0,178578.0,1.69504,0.8278549999999999,FRA,ANS,5106
2835256,90,250,1238,1997,0.0,13333.0,0.229516,1.085225,GRC,ANS,5106
2835257,106,250,1238,1997,173433.0,0.0,1.471048,0.8769370000000001,IRL,ANS,5106
2835258,130,250,1238,1997,0.0,13610.0,0.377245,0.8823270000000001,LTU,ANS,5106
2835259,166,250,1238,1997,0.0,116262.0,0.557545,0.731294,NZL,ANS,5106
2835260,177,250,1238,1997,0.0,93588.0,0.805559,1.9598520000000001,POL,ANS,5106
2835261,224,250,1238,1997,1053784.0,533841.0,0.167734,1.5827870000000002,TUR,ANS,5106
2835262,246,250,1238,1997,0.0,7658.0,0.501792,1.1192440000000001,ZAF,ANS,5106
2835263,43,168,1238,1997,0.0,1158.0,0.36051300000000003,3.287322,CHN,PAK,5106
2835264,104,168,1238,1997,1689.0,0.0,0.262571,2.31305,IND,PAK,5106
2835265,121,168,1238,1997,609828.0,0.0,1.0478290000000001,1.2874370000000002,KOR,PAK,5106
2835266,166,168,1238,1997,318188.0,0.0,0.557545,0.731294,NZL,PAK,5106
2835267,174,168,1238,1997,0.0,145110.0,-0.24310900000000002,0.085784,PHL,PAK,5106
2835268,249,168,1238,1997,3333.0,0.0,1.317672,1.800561,TWN,PAK,5106
2835269,14,239,1238,1997,31989.0,0.0,0.428555,0.798283,AUS,VNM,5106
2835270,43,239,1238,1997,28331.0,0.0,0.36051300000000003,3.287322,CHN,VNM,5106
2835271,61,239,1238,1997,168970.0,0.0,2.293936,-2.2301919999999997,DEU,VNM,5106
2835272,97,239,1238,1997,321239.0,24278.0,0.521942,2.578405,HKG,VNM,5106
2835273,102,239,1238,1997,1000.0,0.0,0.746743,1.577102,HUN,VNM,5106
2835274,114,239,1238,1997,245393.0,0.0,2.631846,0.553144,JPN,VNM,5106
2835275,121,239,1238,1997,19479.0,14655.0,1.0478290000000001,1.2874370000000002,KOR,VNM,5106
2835276,166,239,1238,1997,90601.0,0.0,0.557545,0.731294,NZL,VNM,5106
2835277,249,239,1238,1997,28319.0,0.0,1.317672,1.800561,TWN,VNM,5106
2835278,173,31,1238,1997,55663.0,0.0,-0.5023880000000001,-0.262563,PER,BOL,5106
2835279,231,101,1238,1997,46659.0,0.0,1.823511,0.888084,USA,HTI,5106
2835280,97,112,1238,1997,97685.0,190038.0,0.521942,2.578405,HKG,JAM,5106
2835281,138,160,1238,1997,4982.0,0.0,0.603221,0.898488,MEX,NIC,5106
2835282,192,34,1238,1997,46858.0,0.0,1.01557,0.360154,SGP,BRN,5106
2835283,61,109,1238,1997,15783.0,0.0,2.293936,-2.2301919999999997,DEU,ISL,5106
2835284,64,109,1238,1997,1665.0,144095.0,1.358279,1.420107,DNK,ISL,5106
2835285,71,109,1238,1997,4584.0,0.0,1.082049,2.0238650000000002,ESP,ISL,5106
2835286,81,109,1238,1997,206143.0,1557546.0,1.886353,0.783832,GBR,ISL,5106
2835287,111,109,1238,1997,11616.0,0.0,1.4860389999999999,1.235674,ITA,ISL,5106
2835288,186,109,1238,1997,0.0,4040.0,0.87377,0.423861,RUS,ISL,5106
2835289,189,109,1238,1997,0.0,24472.0,0.659904,1.702849,SCG,ISL,5106
2835290,231,109,1238,1997,0.0,24888.0,1.823511,0.888084,USA,ISL,5106
2835291,43,133,1238,1997,26304408.0,444943.0,0.36051300000000003,3.287322,CHN,MAC,5106
2835292,61,133,1238,1997,22990.0,0.0,2.293936,-2.2301919999999997,DEU,MAC,5106
2835293,77,133,1238,1997,5992.0,0.0,1.69504,0.8278549999999999,FRA,MAC,5106
2835294,81,133,1238,1997,3392.0,0.0,1.886353,0.783832,GBR,MAC,5106
2835295,97,133,1238,1997,11823562.0,36487114.0,0.521942,2.578405,HKG,MAC,5106
2835296,111,133,1238,1997,87997.0,6391.0,1.4860389999999999,1.235674,ITA,MAC,5106
2835297,114,133,1238,1997,23550.0,0.0,2.631846,0.553144,JPN,MAC,5106
2835298,121,133,1238,1997,202603.0,0.0,1.0478290000000001,1.2874370000000002,KOR,MAC,5106
2835299,151,133,1238,1997,0.0,891280.0,-0.49241,-0.695729,MUS,MAC,5106
2835300,153,133,1238,1997,15004.0,0.0,0.37340999999999996,0.36853600000000003,MYS,MAC,5106
2835301,216,133,1238,1997,0.0,2969.0,0.084875,1.41931,THA,MAC,5106
2835302,249,133,1238,1997,155500.0,0.0,1.317672,1.800561,TWN,MAC,5106
2835303,18,136,1238,1997,25387.0,0.0,1.4274069999999999,1.490435,BEL,MDG,5106
2835304,43,136,1238,1997,363324.0,0.0,0.36051300000000003,3.287322,CHN,MDG,5106
2835305,61,136,1238,1997,0.0,25340.0,2.293936,-2.2301919999999997,DEU,MDG,5106
2835306,64,136,1238,1997,0.0,56101.0,1.358279,1.420107,DNK,MDG,5106
2835307,71,136,1238,1997,0.0,3300.0,1.082049,2.0238650000000002,ESP,MDG,5106
2835308,77,136,1238,1997,14175.0,376176.0,1.69504,0.8278549999999999,FRA,MDG,5106
2835309,81,136,1238,1997,711810.0,340040.0,1.886353,0.783832,GBR,MDG,5106
2835310,97,136,1238,1997,632350.0,0.0,0.521942,2.578405,HKG,MDG,5106
2835311,111,136,1238,1997,650019.0,514498.0,1.4860389999999999,1.235674,ITA,MDG,5106
2835312,151,136,1238,1997,351993.0,3970.0,-0.49241,-0.695729,MUS,MDG,5106
2835313,162,136,1238,1997,0.0,19042.0,1.267794,1.727888,NLD,MDG,5106
2835314,231,136,1238,1997,0.0,26768.0,1.823511,0.888084,USA,MDG,5106
2835315,14,151,1238,1997,94364.0,0.0,0.428555,0.798283,AUS,MUS,5106
2835316,43,151,1238,1997,538621.0,0.0,0.36051300000000003,3.287322,CHN,MUS,5106
2835317,61,151,1238,1997,12966.0,0.0,2.293936,-2.2301919999999997,DEU,MUS,5106
2835318,71,151,1238,1997,249206.0,0.0,1.082049,2.0238650000000002,ESP,MUS,5106
2835319,77,151,1238,1997,199751.0,0.0,1.69504,0.8278549999999999,FRA,MUS,5106
2835320,81,151,1238,1997,655964.0,0.0,1.886353,0.783832,GBR,MUS,5106
2835321,97,151,1238,1997,503769.0,45955.0,0.521942,2.578405,HKG,MUS,5106
2835322,104,151,1238,1997,21342.0,0.0,0.262571,2.31305,IND,MUS,5106
2835323,111,151,1238,1997,2998742.0,0.0,1.4860389999999999,1.235674,ITA,MUS,5106
2835324,121,151,1238,1997,266173.0,0.0,1.0478290000000001,1.2874370000000002,KOR,MUS,5106
2835325,133,151,1238,1997,891280.0,0.0,-0.238002,-0.361492,MAC,MUS,5106
2835326,136,151,1238,1997,3970.0,351993.0,-1.2630370000000002,-0.565295,MDG,MUS,5106
2835327,166,151,1238,1997,347441.0,0.0,0.557545,0.731294,NZL,MUS,5106
2835328,224,151,1238,1997,131524.0,0.0,0.167734,1.5827870000000002,TUR,MUS,5106
2835329,246,151,1238,1997,0.0,49372.0,0.501792,1.1192440000000001,ZAF,MUS,5106
2835330,249,151,1238,1997,617489.0,0.0,1.317672,1.800561,TWN,MUS,5106
2835331,111,215,1238,1997,1301.0,0.0,1.4860389999999999,1.235674,ITA,TGO,5106
2835332,81,227,1238,1997,1662.0,0.0,1.886353,0.783832,GBR,UGA,5106
2835333,231,6,1238,1997,3573.0,0.0,1.823511,0.888084,USA,ANT,5106
2835334,81,7,1238,1997,141154.0,1424.0,1.886353,0.783832,GBR,ARE,5106
2835335,90,7,1238,1997,13296.0,0.0,0.229516,1.085225,GRC,ARE,5106
2835336,104,7,1238,1997,109901.0,0.0,0.262571,2.31305,IND,ARE,5106
2835337,121,7,1238,1997,33762.0,0.0,1.0478290000000001,1.2874370000000002,KOR,ARE,5106
2835338,153,7,1238,1997,734734.0,0.0,0.37340999999999996,0.36853600000000003,MYS,ARE,5106
2835339,167,7,1238,1997,0.0,5512.0,-0.335834,-0.945859,OMN,ARE,5106
2835340,216,24,1238,1997,1240.0,0.0,0.084875,1.41931,THA,BHR,5106
2835341,18,26,1238,1997,0.0,124848.0,1.4274069999999999,1.490435,BEL,BIH,5106
2835342,100,26,1238,1997,0.0,18936.0,0.607903,1.147751,HRV,BIH,5106
2835343,111,26,1238,1997,33255.0,0.0,1.4860389999999999,1.235674,ITA,BIH,5106
2835344,140,26,1238,1997,6379.0,0.0,0.26327399999999995,0.704879,MKD,BIH,5106
2835345,72,28,1238,1997,0.0,57576.0,0.460823,0.9126700000000001,EST,BLR,5106
2835346,130,28,1238,1997,0.0,1601.0,0.377245,0.8823270000000001,LTU,BLR,5106
2835347,228,28,1238,1997,0.0,35019.0,0.8502559999999999,0.956254,UKR,BLR,5106
2835348,81,84,1238,1997,106217.0,0.0,1.886353,0.783832,GBR,GIB,5106
2835349,107,115,1238,1997,0.0,86428.0,-0.503841,-0.9984059999999999,IRN,KAZ,5106
2835350,186,115,1238,1997,0.0,11208.0,0.87377,0.423861,RUS,KAZ,5106
2835351,81,122,1238,1997,242999.0,0.0,1.886353,0.783832,GBR,KWT,5106
2835352,113,126,1238,1997,14105.0,0.0,0.49456300000000003,0.33966,JOR,LBY,5106
2835353,81,128,1238,1997,251694.0,0.0,1.886353,0.783832,GBR,LKA,5106
2835354,97,128,1238,1997,46512.0,138068.0,0.521942,2.578405,HKG,LKA,5106
2835355,121,128,1238,1997,10186.0,0.0,1.0478290000000001,1.2874370000000002,KOR,LKA,5106
2835356,249,128,1238,1997,1199671.0,0.0,1.317672,1.800561,TWN,LKA,5106
2835357,111,148,1238,1997,33020.0,0.0,1.4860389999999999,1.235674,ITA,MRT,5106
2835358,43,164,1238,1997,69018.0,0.0,0.36051300000000003,3.287322,CHN,NPL,5106
2835359,104,164,1238,1997,12546.0,0.0,0.262571,2.31305,IND,NPL,5106
2835360,121,164,1238,1997,128133.0,0.0,1.0478290000000001,1.2874370000000002,KOR,NPL,5106
2835361,81,180,1238,1997,6230.0,0.0,1.886353,0.783832,GBR,PRY,5106
2835362,64,188,1238,1997,59719.0,0.0,1.358279,1.420107,DNK,SAU,5106
2835363,81,188,1238,1997,4565.0,0.0,1.886353,0.783832,GBR,SAU,5106
2835364,104,188,1238,1997,27699.0,0.0,0.262571,2.31305,IND,SAU,5106
2835365,111,188,1238,1997,1781.0,0.0,1.4860389999999999,1.235674,ITA,SAU,5106
2835366,153,188,1238,1997,0.0,6845.0,0.37340999999999996,0.36853600000000003,MYS,SAU,5106
2835367,81,196,1238,1997,2709.0,0.0,1.886353,0.783832,GBR,SLE,5106
2835368,81,205,1238,1997,327733.0,0.0,1.886353,0.783832,GBR,SUR,5106
2835369,246,248,1238,1997,55031.0,0.0,0.501792,1.1192440000000001,ZAF,ZWE,5106
2835370,18,1,1238,1997,6044.0,0.0,1.4274069999999999,1.490435,BEL,AFG,5106
2835371,90,4,1238,1997,8860.0,0.0,0.229516,1.085225,GRC,ALB,5106
2835372,100,4,1238,1997,0.0,1480.0,0.607903,1.147751,HRV,ALB,5106
2835373,166,75,1238,1997,7068.0,0.0,0.557545,0.731294,NZL,FJI,5106
2835374,64,78,1238,1997,18501.0,0.0,1.358279,1.420107,DNK,FRO,5106
2835375,81,78,1238,1997,75519.0,6957.0,1.886353,0.783832,GBR,FRO,5106
2835376,106,78,1238,1997,417.0,0.0,1.471048,0.8769370000000001,IRL,FRO,5106
2835377,163,78,1238,1997,1330.0,0.0,1.003945,0.188826,NOR,FRO,5106
2835378,107,117,1238,1997,0.0,153433.0,-0.503841,-0.9984059999999999,IRN,KGZ,5106
2835379,111,117,1238,1997,0.0,6949.0,1.4860389999999999,1.235674,ITA,KGZ,5106
2835380,130,117,1238,1997,115432.0,0.0,0.377245,0.8823270000000001,LTU,KGZ,5106
2835381,224,117,1238,1997,0.0,87606.0,0.167734,1.5827870000000002,TUR,KGZ,5106
2835382,81,118,1238,1997,10736.0,0.0,1.886353,0.783832,GBR,KHM,5106
2835383,97,118,1238,1997,284425.0,0.0,0.521942,2.578405,HKG,KHM,5106
2835384,121,118,1238,1997,251022.0,0.0,1.0478290000000001,1.2874370000000002,KOR,KHM,5106
2835385,43,178,1238,1997,37116.0,0.0,0.36051300000000003,3.287322,CHN,PRK,5106
2835386,97,178,1238,1997,0.0,158680.0,0.521942,2.578405,HKG,PRK,5106
2835387,114,178,1238,1997,13165.0,0.0,2.631846,0.553144,JPN,PRK,5106
2835388,81,76,1238,1997,0.0,3933.0,1.886353,0.783832,GBR,FLK,5106
2835389,81,194,1238,1997,5285.0,0.0,1.886353,0.783832,GBR,SHN,5106
2835390,14,15,1239,1997,0.0,386725.0,0.428555,0.798283,AUS,AUT,5107
2835391,18,15,1239,1997,5886.0,187968.0,1.4274069999999999,1.490435,BEL,AUT,5107
2835392,41,15,1239,1997,1785262.0,695017.0,2.280163,0.597819,CHE,AUT,5107
2835393,59,15,1239,1997,3861086.0,160206.0,1.40651,1.354695,CZE,AUT,5107
2835394,61,15,1239,1997,8684635.0,3223862.0,2.293936,-2.2301919999999997,DEU,AUT,5107
2835395,64,15,1239,1997,0.0,485429.0,1.358279,1.420107,DNK,AUT,5107
2835396,71,15,1239,1997,266305.0,614507.0,1.082049,2.0238650000000002,ESP,AUT,5107
2835397,74,15,1239,1997,0.0,510934.0,1.9298959999999998,1.083861,FIN,AUT,5107
2835398,77,15,1239,1997,1292443.0,3207381.0,1.69504,0.8278549999999999,FRA,AUT,5107
2835399,81,15,1239,1997,442392.0,962950.0,1.886353,0.783832,GBR,AUT,5107
2835400,97,15,1239,1997,0.0,523243.0,0.521942,2.578405,HKG,AUT,5107
2835401,100,15,1239,1997,0.0,17389.0,0.607903,1.147751,HRV,AUT,5107
2835402,102,15,1239,1997,12901.0,71689.0,0.746743,1.577102,HUN,AUT,5107
2835403,106,15,1239,1997,0.0,297596.0,1.471048,0.8769370000000001,IRL,AUT,5107
2835404,111,15,1239,1997,5852610.0,4868254.0,1.4860389999999999,1.235674,ITA,AUT,5107
2835405,128,15,1239,1997,0.0,19583.0,-0.925745,-0.308559,LKA,AUT,5107
2835406,132,15,1239,1997,0.0,4792.0,0.398848,0.215206,LVA,AUT,5107
2835407,134,15,1239,1997,0.0,4362.0,-0.649616,-0.260554,MAR,AUT,5107
2835408,162,15,1239,1997,121457.0,15737.0,1.267794,1.727888,NLD,AUT,5107
2835409,163,15,1239,1997,2189.0,791275.0,1.003945,0.188826,NOR,AUT,5107
2835410,166,15,1239,1997,0.0,128584.0,0.557545,0.731294,NZL,AUT,5107
2835411,179,15,1239,1997,5005.0,141312.0,0.379367,1.296551,PRT,AUT,5107
2835412,185,15,1239,1997,0.0,8074.0,0.44381000000000004,1.084109,ROU,AUT,5107
2835413,189,15,1239,1997,2711.0,57728.0,0.659904,1.702849,SCG,AUT,5107
2835414,206,15,1239,1997,3139.0,88599.0,1.200699,1.318346,SVK,AUT,5107
2835415,207,15,1239,1997,276523.0,4692.0,1.435765,1.348897,SVN,AUT,5107
2835416,208,15,1239,1997,0.0,690796.0,2.120182,0.993078,SWE,AUT,5107
2835417,223,15,1239,1997,0.0,337828.0,-0.24073899999999998,-0.146818,TUN,AUT,5107
2835418,224,15,1239,1997,0.0,12390.0,0.167734,1.5827870000000002,TUR,AUT,5107
2835419,231,15,1239,1997,3035.0,148374.0,1.823511,0.888084,USA,AUT,5107
2835420,1,18,1239,1997,0.0,19333.0,0.019025999999999998,-0.351461,AFG,BEL,5107
2835421,14,18,1239,1997,0.0,247547.0,0.428555,0.798283,AUS,BEL,5107
2835422,15,18,1239,1997,187968.0,5886.0,1.8926189999999998,0.624346,AUT,BEL,5107
2835423,41,18,1239,1997,17778.0,98175.0,2.280163,0.597819,CHE,BEL,5107
2835424,43,18,1239,1997,20534.0,0.0,0.36051300000000003,3.287322,CHN,BEL,5107
2835425,59,18,1239,1997,0.0,41832.0,1.40651,1.354695,CZE,BEL,5107
2835426,61,18,1239,1997,5358686.0,1714678.0,2.293936,-2.2301919999999997,DEU,BEL,5107
2835427,64,18,1239,1997,19303.0,248100.0,1.358279,1.420107,DNK,BEL,5107
2835428,71,18,1239,1997,239523.0,65463.0,1.082049,2.0238650000000002,ESP,BEL,5107
2835429,77,18,1239,1997,4853427.0,9057234.0,1.69504,0.8278549999999999,FRA,BEL,5107
2835430,81,18,1239,1997,1552242.0,806234.0,1.886353,0.783832,GBR,BEL,5107
2835431,97,18,1239,1997,0.0,1336.0,0.521942,2.578405,HKG,BEL,5107
2835432,102,18,1239,1997,117176.0,38848.0,0.746743,1.577102,HUN,BEL,5107
2835433,104,18,1239,1997,556338.0,0.0,0.262571,2.31305,IND,BEL,5107
2835434,106,18,1239,1997,206396.0,137812.0,1.471048,0.8769370000000001,IRL,BEL,5107
2835435,107,18,1239,1997,0.0,324519.0,-0.503841,-0.9984059999999999,IRN,BEL,5107
2835436,109,18,1239,1997,0.0,2745.0,0.217533,-0.405395,ISL,BEL,5107
2835437,110,18,1239,1997,0.0,240009.0,1.3230030000000002,0.965016,ISR,BEL,5107
2835438,111,18,1239,1997,6464952.0,2246492.0,1.4860389999999999,1.235674,ITA,BEL,5107
2835439,121,18,1239,1997,0.0,8255.0,1.0478290000000001,1.2874370000000002,KOR,BEL,5107
2835440,124,18,1239,1997,0.0,132265.0,0.334291,0.783104,LBN,BEL,5107
2835441,130,18,1239,1997,0.0,4053.0,0.377245,0.8823270000000001,LTU,BEL,5107
2835442,134,18,1239,1997,0.0,37062.0,-0.649616,-0.260554,MAR,BEL,5107
2835443,140,18,1239,1997,241339.0,0.0,0.26327399999999995,0.704879,MKD,BEL,5107
2835444,153,18,1239,1997,38754.0,0.0,0.37340999999999996,0.36853600000000003,MYS,BEL,5107
2835445,162,18,1239,1997,804555.0,1024333.0,1.267794,1.727888,NLD,BEL,5107
2835446,163,18,1239,1997,0.0,41527.0,1.003945,0.188826,NOR,BEL,5107
2835447,173,18,1239,1997,38610.0,0.0,-0.5023880000000001,-0.262563,PER,BEL,5107
2835448,174,18,1239,1997,0.0,1626.0,-0.24310900000000002,0.085784,PHL,BEL,5107
2835449,177,18,1239,1997,4738.0,78499.0,0.805559,1.9598520000000001,POL,BEL,5107
2835450,179,18,1239,1997,1138972.0,12571.0,0.379367,1.296551,PRT,BEL,5107
2835451,185,18,1239,1997,0.0,110211.0,0.44381000000000004,1.084109,ROU,BEL,5107
2835452,188,18,1239,1997,0.0,237406.0,0.015040000000000001,-0.954475,SAU,BEL,5107
2835453,190,18,1239,1997,0.0,246163.0,-1.300352,-1.199816,SDN,BEL,5107
2835454,192,18,1239,1997,0.0,4156.0,1.01557,0.360154,SGP,BEL,5107
2835455,206,18,1239,1997,1446.0,0.0,1.200699,1.318346,SVK,BEL,5107
2835456,207,18,1239,1997,372553.0,0.0,1.435765,1.348897,SVN,BEL,5107
2835457,223,18,1239,1997,0.0,8355.0,-0.24073899999999998,-0.146818,TUN,BEL,5107
2835458,224,18,1239,1997,356530.0,5019.0,0.167734,1.5827870000000002,TUR,BEL,5107
2835459,231,18,1239,1997,0.0,90123.0,1.823511,0.888084,USA,BEL,5107
2835460,246,18,1239,1997,0.0,16470.0,0.501792,1.1192440000000001,ZAF,BEL,5107
2835461,7,43,1239,1997,0.0,262454.0,-0.042154000000000004,-0.667389,ARE,CHN,5107
2835462,8,43,1239,1997,844811.0,0.0,0.273654,0.495389,ARG,CHN,5107
2835463,14,43,1239,1997,5234821.0,2576363.0,0.428555,0.798283,AUS,CHN,5107
2835464,18,43,1239,1997,0.0,20534.0,1.4274069999999999,1.490435,BEL,CHN,5107
2835465,32,43,1239,1997,0.0,71079.0,0.718336,1.203066,BRA,CHN,5107
2835466,39,43,1239,1997,1062174.0,493237.0,1.109494,1.178772,CAN,CHN,5107
2835467,42,43,1239,1997,0.0,117996.0,0.002791,-0.030604000000000003,CHL,CHN,5107
2835468,61,43,1239,1997,95381.0,15705269.0,2.293936,-2.2301919999999997,DEU,CHN,5107
2835469,71,43,1239,1997,23412.0,4247.0,1.082049,2.0238650000000002,ESP,CHN,5107
2835470,77,43,1239,1997,394013.0,0.0,1.69504,0.8278549999999999,FRA,CHN,5107
2835471,81,43,1239,1997,293349.0,2117662.0,1.886353,0.783832,GBR,CHN,5107
2835472,97,43,1239,1997,28728469.0,108958022.0,0.521942,2.578405,HKG,CHN,5107
2835473,103,43,1239,1997,336522.0,332499.0,-0.44080699999999995,1.220104,IDN,CHN,5107
2835474,104,43,1239,1997,204162.0,105828.0,0.262571,2.31305,IND,CHN,5107
2835475,106,43,1239,1997,3277.0,0.0,1.471048,0.8769370000000001,IRL,CHN,5107
2835476,111,43,1239,1997,7417137.0,30480.0,1.4860389999999999,1.235674,ITA,CHN,5107
2835477,112,43,1239,1997,0.0,83282.0,-0.65455,-0.820413,JAM,CHN,5107
2835478,114,43,1239,1997,6094032.0,61195278.0,2.631846,0.553144,JPN,CHN,5107
2835479,121,43,1239,1997,1960376.0,11669523.0,1.0478290000000001,1.2874370000000002,KOR,CHN,5107
2835480,133,43,1239,1997,5628126.0,2838818.0,-0.238002,-0.361492,MAC,CHN,5107
2835481,145,43,1239,1997,0.0,3695.0,-0.36035300000000003,-0.862088,MNG,CHN,5107
2835482,151,43,1239,1997,0.0,149672.0,-0.49241,-0.695729,MUS,CHN,5107
2835483,153,43,1239,1997,1581676.0,75431.0,0.37340999999999996,0.36853600000000003,MYS,CHN,5107
2835484,162,43,1239,1997,2770.0,263532.0,1.267794,1.727888,NLD,CHN,5107
2835485,164,43,1239,1997,0.0,351954.0,-0.559546,-0.358545,NPL,CHN,5107
2835486,166,43,1239,1997,627550.0,38986.0,0.557545,0.731294,NZL,CHN,5107
2835487,173,43,1239,1997,11986.0,339720.0,-0.5023880000000001,-0.262563,PER,CHN,5107
2835488,174,43,1239,1997,86688.0,282928.0,-0.24310900000000002,0.085784,PHL,CHN,5107
2835489,177,43,1239,1997,0.0,69174.0,0.805559,1.9598520000000001,POL,CHN,5107
2835490,178,43,1239,1997,0.0,2104.0,0.701604,0.649257,PRK,CHN,5107
2835491,180,43,1239,1997,14072.0,0.0,-0.44951,-0.818817,PRY,CHN,5107
2835492,188,43,1239,1997,8936.0,0.0,0.015040000000000001,-0.954475,SAU,CHN,5107
2835493,192,43,1239,1997,99428.0,443142.0,1.01557,0.360154,SGP,CHN,5107
2835494,212,43,1239,1997,0.0,33451.0,-1.046433,-0.9678620000000001,SYR,CHN,5107
2835495,216,43,1239,1997,401708.0,1280012.0,0.084875,1.41931,THA,CHN,5107
2835496,224,43,1239,1997,0.0,171022.0,0.167734,1.5827870000000002,TUR,CHN,5107
2835497,230,43,1239,1997,994908.0,0.0,0.226228,0.29183400000000004,URY,CHN,5107
2835498,231,43,1239,1997,159206.0,93519.0,1.823511,0.888084,USA,CHN,5107
2835499,239,43,1239,1997,4856.0,801966.0,-0.93384,0.06253099999999999,VNM,CHN,5107
2835500,246,43,1239,1997,2400.0,0.0,0.501792,1.1192440000000001,ZAF,CHN,5107
2835501,249,43,1239,1997,6409326.0,359812.0,1.317672,1.800561,TWN,CHN,5107
2835502,250,43,1239,1997,63654718.0,0.0,1.036748,0.851626,ANS,CHN,5107
2835503,32,49,1239,1997,28397.0,0.0,0.718336,1.203066,BRA,COL,5107
2835504,67,49,1239,1997,199362.0,0.0,-1.1931690000000001,-1.0139690000000001,ECU,COL,5107
2835505,71,49,1239,1997,9278.0,0.0,1.082049,2.0238650000000002,ESP,COL,5107
2835506,81,49,1239,1997,787981.0,0.0,1.886353,0.783832,GBR,COL,5107
2835507,104,49,1239,1997,157983.0,0.0,0.262571,2.31305,IND,COL,5107
2835508,138,49,1239,1997,0.0,36859.0,0.603221,0.898488,MEX,COL,5107
2835509,153,49,1239,1997,1421.0,0.0,0.37340999999999996,0.36853600000000003,MYS,COL,5107
2835510,173,49,1239,1997,7482.0,0.0,-0.5023880000000001,-0.262563,PER,COL,5107
2835511,216,49,1239,1997,121253.0,0.0,0.084875,1.41931,THA,COL,5107
2835512,231,49,1239,1997,26171.0,0.0,1.823511,0.888084,USA,COL,5107
2835513,39,52,1239,1997,11619.0,0.0,1.109494,1.178772,CAN,CRI,5107
2835514,61,52,1239,1997,41969.0,0.0,2.293936,-2.2301919999999997,DEU,CRI,5107
2835515,77,52,1239,1997,1421.0,0.0,1.69504,0.8278549999999999,FRA,CRI,5107
2835516,173,52,1239,1997,4692.0,0.0,-0.5023880000000001,-0.262563,PER,CRI,5107
2835517,216,52,1239,1997,53431.0,0.0,0.084875,1.41931,THA,CRI,5107
2835518,231,52,1239,1997,16305.0,0.0,1.823511,0.888084,USA,CRI,5107
2835519,61,58,1239,1997,51649.0,0.0,2.293936,-2.2301919999999997,DEU,CYP,5107
2835520,77,58,1239,1997,2541.0,0.0,1.69504,0.8278549999999999,FRA,CYP,5107
2835521,81,58,1239,1997,16181.0,0.0,1.886353,0.783832,GBR,CYP,5107
2835522,90,58,1239,1997,96446.0,0.0,0.229516,1.085225,GRC,CYP,5107
2835523,111,58,1239,1997,555307.0,4306.0,1.4860389999999999,1.235674,ITA,CYP,5107
2835524,7,61,1239,1997,0.0,237314.0,-0.042154000000000004,-0.667389,ARE,DEU,5107
2835525,14,61,1239,1997,33165.0,1139070.0,0.428555,0.798283,AUS,DEU,5107
2835526,15,61,1239,1997,3223862.0,8684635.0,1.8926189999999998,0.624346,AUT,DEU,5107
2835527,18,61,1239,1997,1714678.0,5358686.0,1.4274069999999999,1.490435,BEL,DEU,5107
2835528,23,61,1239,1997,11693.0,1796538.0,0.487041,1.287344,BGR,DEU,5107
2835529,32,61,1239,1997,15817.0,95468.0,0.718336,1.203066,BRA,DEU,5107
2835530,39,61,1239,1997,0.0,5398384.0,1.109494,1.178772,CAN,DEU,5107
2835531,41,61,1239,1997,16108724.0,3369224.0,2.280163,0.597819,CHE,DEU,5107
2835532,42,61,1239,1997,0.0,114449.0,0.002791,-0.030604000000000003,CHL,DEU,5107
2835533,43,61,1239,1997,15705269.0,95381.0,0.36051300000000003,3.287322,CHN,DEU,5107
2835534,52,61,1239,1997,0.0,41969.0,-0.25974200000000003,0.196955,CRI,DEU,5107
2835535,58,61,1239,1997,0.0,51649.0,0.451212,0.452754,CYP,DEU,5107
2835536,59,61,1239,1997,5176873.0,4180242.0,1.40651,1.354695,CZE,DEU,5107
2835537,64,61,1239,1997,16597.0,4390792.0,1.358279,1.420107,DNK,DEU,5107
2835538,68,61,1239,1997,0.0,125425.0,-0.314425,0.156345,EGY,DEU,5107
2835539,71,61,1239,1997,1236741.0,10065375.0,1.082049,2.0238650000000002,ESP,DEU,5107
2835540,72,61,1239,1997,36229.0,0.0,0.460823,0.9126700000000001,EST,DEU,5107
2835541,74,61,1239,1997,0.0,1319418.0,1.9298959999999998,1.083861,FIN,DEU,5107
2835542,77,61,1239,1997,7632183.0,13471876.0,1.69504,0.8278549999999999,FRA,DEU,5107
2835543,78,61,1239,1997,0.0,873.0,-0.602436,-0.8477809999999999,FRO,DEU,5107
2835544,81,61,1239,1997,5528656.0,28614176.0,1.886353,0.783832,GBR,DEU,5107
2835545,90,61,1239,1997,206569.0,3270706.0,0.229516,1.085225,GRC,DEU,5107
2835546,93,61,1239,1997,0.0,19595.0,-0.310042,0.2096,GTM,DEU,5107
2835547,97,61,1239,1997,0.0,2515480.0,0.521942,2.578405,HKG,DEU,5107
2835548,100,61,1239,1997,24742.0,1555651.0,0.607903,1.147751,HRV,DEU,5107
2835549,102,61,1239,1997,43576.0,9645043.0,0.746743,1.577102,HUN,DEU,5107
2835550,103,61,1239,1997,3081128.0,6000.0,-0.44080699999999995,1.220104,IDN,DEU,5107
2835551,104,61,1239,1997,665138.0,55319.0,0.262571,2.31305,IND,DEU,5107
2835552,106,61,1239,1997,781011.0,128478.0,1.471048,0.8769370000000001,IRL,DEU,5107
2835553,107,61,1239,1997,0.0,94360.0,-0.503841,-0.9984059999999999,IRN,DEU,5107
2835554,109,61,1239,1997,0.0,45363.0,0.217533,-0.405395,ISL,DEU,5107
2835555,110,61,1239,1997,0.0,7573196.0,1.3230030000000002,0.965016,ISR,DEU,5107
2835556,111,61,1239,1997,65900848.0,84601268.0,1.4860389999999999,1.235674,ITA,DEU,5107
2835557,113,61,1239,1997,0.0,21460.0,0.49456300000000003,0.33966,JOR,DEU,5107
2835558,114,61,1239,1997,0.0,877846.0,2.631846,0.553144,JPN,DEU,5107
2835559,121,61,1239,1997,6815.0,55835.0,1.0478290000000001,1.2874370000000002,KOR,DEU,5107
2835560,124,61,1239,1997,0.0,10336.0,0.334291,0.783104,LBN,DEU,5107
2835561,128,61,1239,1997,0.0,361872.0,-0.925745,-0.308559,LKA,DEU,5107
2835562,130,61,1239,1997,28012.0,3337651.0,0.377245,0.8823270000000001,LTU,DEU,5107
2835563,132,61,1239,1997,6095.0,75040.0,0.398848,0.215206,LVA,DEU,5107
2835564,133,61,1239,1997,0.0,1499.0,-0.238002,-0.361492,MAC,DEU,5107
2835565,134,61,1239,1997,0.0,1602.0,-0.649616,-0.260554,MAR,DEU,5107
2835566,138,61,1239,1997,0.0,2318238.0,0.603221,0.898488,MEX,DEU,5107
2835567,140,61,1239,1997,0.0,74303.0,0.26327399999999995,0.704879,MKD,DEU,5107
2835568,142,61,1239,1997,0.0,12128.0,0.936998,0.062266999999999996,MLT,DEU,5107
2835569,153,61,1239,1997,511732.0,53383.0,0.37340999999999996,0.36853600000000003,MYS,DEU,5107
2835570,162,61,1239,1997,1064270.0,11828718.0,1.267794,1.727888,NLD,DEU,5107
2835571,163,61,1239,1997,6107.0,3626470.0,1.003945,0.188826,NOR,DEU,5107
2835572,166,61,1239,1997,5860.0,372836.0,0.557545,0.731294,NZL,DEU,5107
2835573,168,61,1239,1997,0.0,14994.0,-0.882432,-0.563344,PAK,DEU,5107
2835574,173,61,1239,1997,609789.0,1024.0,-0.5023880000000001,-0.262563,PER,DEU,5107
2835575,174,61,1239,1997,0.0,351461.0,-0.24310900000000002,0.085784,PHL,DEU,5107
2835576,177,61,1239,1997,35011983.0,4399772.0,0.805559,1.9598520000000001,POL,DEU,5107
2835577,179,61,1239,1997,30956437.0,6475693.0,0.379367,1.296551,PRT,DEU,5107
2835578,183,61,1239,1997,51548.0,0.0,-1.0874469999999998,-1.204852,QAT,DEU,5107
2835579,185,61,1239,1997,8782.0,1555792.0,0.44381000000000004,1.084109,ROU,DEU,5107
2835580,186,61,1239,1997,0.0,20907.0,0.87377,0.423861,RUS,DEU,5107
2835581,189,61,1239,1997,0.0,133428.0,0.659904,1.702849,SCG,DEU,5107
2835582,206,61,1239,1997,26428.0,2027361.0,1.200699,1.318346,SVK,DEU,5107
2835583,207,61,1239,1997,35626.0,2240295.0,1.435765,1.348897,SVN,DEU,5107
2835584,208,61,1239,1997,4252.0,2310652.0,2.120182,0.993078,SWE,DEU,5107
2835585,212,61,1239,1997,0.0,170109.0,-1.046433,-0.9678620000000001,SYR,DEU,5107
2835586,216,61,1239,1997,0.0,267328.0,0.084875,1.41931,THA,DEU,5107
2835587,223,61,1239,1997,0.0,11286.0,-0.24073899999999998,-0.146818,TUN,DEU,5107
2835588,224,61,1239,1997,13476.0,10591970.0,0.167734,1.5827870000000002,TUR,DEU,5107
2835589,228,61,1239,1997,0.0,385057.0,0.8502559999999999,0.956254,UKR,DEU,5107
2835590,230,61,1239,1997,2659.0,34881.0,0.226228,0.29183400000000004,URY,DEU,5107
2835591,231,61,1239,1997,11905.0,4448303.0,1.823511,0.888084,USA,DEU,5107
2835592,246,61,1239,1997,6559.0,142573.0,0.501792,1.1192440000000001,ZAF,DEU,5107
2835593,249,61,1239,1997,0.0,790458.0,1.317672,1.800561,TWN,DEU,5107
2835594,250,61,1239,1997,0.0,23068.0,1.036748,0.851626,ANS,DEU,5107
2835595,15,64,1239,1997,485429.0,0.0,1.8926189999999998,0.624346,AUT,DNK,5107
2835596,18,64,1239,1997,248100.0,19303.0,1.4274069999999999,1.490435,BEL,DNK,5107
2835597,39,64,1239,1997,0.0,2013.0,1.109494,1.178772,CAN,DNK,5107
2835598,41,64,1239,1997,0.0,22393.0,2.280163,0.597819,CHE,DNK,5107
2835599,59,64,1239,1997,56750.0,7878.0,1.40651,1.354695,CZE,DNK,5107
2835600,61,64,1239,1997,4390792.0,16597.0,2.293936,-2.2301919999999997,DEU,DNK,5107
2835601,71,64,1239,1997,16554.0,0.0,1.082049,2.0238650000000002,ESP,DNK,5107
2835602,74,64,1239,1997,1109.0,5129.0,1.9298959999999998,1.083861,FIN,DNK,5107
2835603,77,64,1239,1997,432142.0,0.0,1.69504,0.8278549999999999,FRA,DNK,5107
2835604,81,64,1239,1997,1556832.0,101792.0,1.886353,0.783832,GBR,DNK,5107
2835605,109,64,1239,1997,1831.0,1951.0,0.217533,-0.405395,ISL,DNK,5107
2835606,111,64,1239,1997,2766750.0,205552.0,1.4860389999999999,1.235674,ITA,DNK,5107
2835607,130,64,1239,1997,0.0,10036.0,0.377245,0.8823270000000001,LTU,DNK,5107
2835608,132,64,1239,1997,94370.0,85330.0,0.398848,0.215206,LVA,DNK,5107
2835609,162,64,1239,1997,860485.0,8103.0,1.267794,1.727888,NLD,DNK,5107
2835610,163,64,1239,1997,127895.0,22738.0,1.003945,0.188826,NOR,DNK,5107
2835611,166,64,1239,1997,819.0,0.0,0.557545,0.731294,NZL,DNK,5107
2835612,173,64,1239,1997,5830.0,0.0,-0.5023880000000001,-0.262563,PER,DNK,5107
2835613,177,64,1239,1997,0.0,17231.0,0.805559,1.9598520000000001,POL,DNK,5107
2835614,179,64,1239,1997,20728.0,0.0,0.379367,1.296551,PRT,DNK,5107
2835615,208,64,1239,1997,20185.0,0.0,2.120182,0.993078,SWE,DNK,5107
2835616,224,64,1239,1997,0.0,29467.0,0.167734,1.5827870000000002,TUR,DNK,5107
2835617,231,64,1239,1997,75692.0,5195.0,1.823511,0.888084,USA,DNK,5107
2835618,97,65,1239,1997,1689.0,0.0,0.521942,2.578405,HKG,DOM,5107
2835619,231,65,1239,1997,72272.0,0.0,1.823511,0.888084,USA,DOM,5107
2835620,49,67,1239,1997,0.0,199362.0,0.190632,0.068001,COL,ECU,5107
2835621,71,67,1239,1997,54501.0,0.0,1.082049,2.0238650000000002,ESP,ECU,5107
2835622,111,67,1239,1997,27581.0,0.0,1.4860389999999999,1.235674,ITA,ECU,5107
2835623,8,71,1239,1997,0.0,31624.0,0.273654,0.495389,ARG,ESP,5107
2835624,14,71,1239,1997,0.0,1383180.0,0.428555,0.798283,AUS,ESP,5107
2835625,15,71,1239,1997,614507.0,266305.0,1.8926189999999998,0.624346,AUT,ESP,5107
2835626,18,71,1239,1997,65463.0,239523.0,1.4274069999999999,1.490435,BEL,ESP,5107
2835627,23,71,1239,1997,45080.0,924.0,0.487041,1.287344,BGR,ESP,5107
2835628,32,71,1239,1997,0.0,5072.0,0.718336,1.203066,BRA,ESP,5107
2835629,41,71,1239,1997,60954.0,0.0,2.280163,0.597819,CHE,ESP,5107
2835630,43,71,1239,1997,4247.0,23412.0,0.36051300000000003,3.287322,CHN,ESP,5107
2835631,49,71,1239,1997,0.0,9278.0,0.190632,0.068001,COL,ESP,5107
2835632,59,71,1239,1997,994.0,0.0,1.40651,1.354695,CZE,ESP,5107
2835633,61,71,1239,1997,10065375.0,1236741.0,2.293936,-2.2301919999999997,DEU,ESP,5107
2835634,64,71,1239,1997,0.0,16554.0,1.358279,1.420107,DNK,ESP,5107
2835635,66,71,1239,1997,0.0,584981.0,-0.717599,-1.126311,DZA,ESP,5107
2835636,67,71,1239,1997,0.0,54501.0,-1.1931690000000001,-1.0139690000000001,ECU,ESP,5107
2835637,74,71,1239,1997,0.0,16129.0,1.9298959999999998,1.083861,FIN,ESP,5107
2835638,77,71,1239,1997,881861.0,1544955.0,1.69504,0.8278549999999999,FRA,ESP,5107
2835639,81,71,1239,1997,2963562.0,833999.0,1.886353,0.783832,GBR,ESP,5107
2835640,90,71,1239,1997,14908.0,745098.0,0.229516,1.085225,GRC,ESP,5107
2835641,97,71,1239,1997,0.0,171162.0,0.521942,2.578405,HKG,ESP,5107
2835642,100,71,1239,1997,0.0,13147.0,0.607903,1.147751,HRV,ESP,5107
2835643,104,71,1239,1997,207494.0,88008.0,0.262571,2.31305,IND,ESP,5107
2835644,106,71,1239,1997,71556.0,161533.0,1.471048,0.8769370000000001,IRL,ESP,5107
2835645,109,71,1239,1997,0.0,4558.0,0.217533,-0.405395,ISL,ESP,5107
2835646,110,71,1239,1997,0.0,130497.0,1.3230030000000002,0.965016,ISR,ESP,5107
2835647,111,71,1239,1997,12746515.0,127519.0,1.4860389999999999,1.235674,ITA,ESP,5107
2835648,114,71,1239,1997,0.0,36244.0,2.631846,0.553144,JPN,ESP,5107
2835649,121,71,1239,1997,0.0,76910.0,1.0478290000000001,1.2874370000000002,KOR,ESP,5107
2835650,124,71,1239,1997,6477.0,33919.0,0.334291,0.783104,LBN,ESP,5107
2835651,130,71,1239,1997,0.0,9141.0,0.377245,0.8823270000000001,LTU,ESP,5107
2835652,132,71,1239,1997,35665.0,0.0,0.398848,0.215206,LVA,ESP,5107
2835653,134,71,1239,1997,27366.0,541490.0,-0.649616,-0.260554,MAR,ESP,5107
2835654,138,71,1239,1997,0.0,328512.0,0.603221,0.898488,MEX,ESP,5107
2835655,151,71,1239,1997,0.0,7305.0,-0.49241,-0.695729,MUS,ESP,5107
2835656,153,71,1239,1997,18143.0,0.0,0.37340999999999996,0.36853600000000003,MYS,ESP,5107
2835657,162,71,1239,1997,0.0,15903.0,1.267794,1.727888,NLD,ESP,5107
2835658,163,71,1239,1997,32143.0,901858.0,1.003945,0.188826,NOR,ESP,5107
2835659,166,71,1239,1997,0.0,866344.0,0.557545,0.731294,NZL,ESP,5107
2835660,173,71,1239,1997,97261.0,0.0,-0.5023880000000001,-0.262563,PER,ESP,5107
2835661,177,71,1239,1997,107300.0,0.0,0.805559,1.9598520000000001,POL,ESP,5107
2835662,179,71,1239,1997,269083.0,1506246.0,0.379367,1.296551,PRT,ESP,5107
2835663,207,71,1239,1997,0.0,8859.0,1.435765,1.348897,SVN,ESP,5107
2835664,208,71,1239,1997,27774.0,910246.0,2.120182,0.993078,SWE,ESP,5107
2835665,216,71,1239,1997,88379.0,14131.0,0.084875,1.41931,THA,ESP,5107
2835666,223,71,1239,1997,0.0,149324.0,-0.24073899999999998,-0.146818,TUN,ESP,5107
2835667,224,71,1239,1997,0.0,34665.0,0.167734,1.5827870000000002,TUR,ESP,5107
2835668,230,71,1239,1997,0.0,3002.0,0.226228,0.29183400000000004,URY,ESP,5107
2835669,231,71,1239,1997,0.0,72193.0,1.823511,0.888084,USA,ESP,5107
2835670,249,71,1239,1997,0.0,1413.0,1.317672,1.800561,TWN,ESP,5107
2835671,15,74,1239,1997,510934.0,0.0,1.8926189999999998,0.624346,AUT,FIN,5107
2835672,41,74,1239,1997,83036.0,0.0,2.280163,0.597819,CHE,FIN,5107
2835673,59,74,1239,1997,321179.0,0.0,1.40651,1.354695,CZE,FIN,5107
2835674,61,74,1239,1997,1319418.0,0.0,2.293936,-2.2301919999999997,DEU,FIN,5107
2835675,64,74,1239,1997,5129.0,1109.0,1.358279,1.420107,DNK,FIN,5107
2835676,71,74,1239,1997,16129.0,0.0,1.082049,2.0238650000000002,ESP,FIN,5107
2835677,72,74,1239,1997,5399.0,2678.0,0.460823,0.9126700000000001,EST,FIN,5107
2835678,77,74,1239,1997,520247.0,0.0,1.69504,0.8278549999999999,FRA,FIN,5107
2835679,81,74,1239,1997,329412.0,2781.0,1.886353,0.783832,GBR,FIN,5107
2835680,111,74,1239,1997,1260619.0,4933.0,1.4860389999999999,1.235674,ITA,FIN,5107
2835681,132,74,1239,1997,80854.0,1383.0,0.398848,0.215206,LVA,FIN,5107
2835682,163,74,1239,1997,22366.0,0.0,1.003945,0.188826,NOR,FIN,5107
2835683,173,74,1239,1997,4065.0,0.0,-0.5023880000000001,-0.262563,PER,FIN,5107
2835684,179,74,1239,1997,48688.0,0.0,0.379367,1.296551,PRT,FIN,5107
2835685,206,74,1239,1997,0.0,7526.0,1.200699,1.318346,SVK,FIN,5107
2835686,208,74,1239,1997,73275.0,0.0,2.120182,0.993078,SWE,FIN,5107
2835687,8,77,1239,1997,0.0,3623.0,0.273654,0.495389,ARG,FRA,5107
2835688,14,77,1239,1997,0.0,147251.0,0.428555,0.798283,AUS,FRA,5107
2835689,15,77,1239,1997,3207381.0,1292443.0,1.8926189999999998,0.624346,AUT,FRA,5107
2835690,18,77,1239,1997,9057234.0,4853427.0,1.4274069999999999,1.490435,BEL,FRA,5107
2835691,23,77,1239,1997,11204.0,122200.0,0.487041,1.287344,BGR,FRA,5107
2835692,39,77,1239,1997,0.0,74544.0,1.109494,1.178772,CAN,FRA,5107
2835693,41,77,1239,1997,7570256.0,777158.0,2.280163,0.597819,CHE,FRA,5107
2835694,43,77,1239,1997,0.0,394013.0,0.36051300000000003,3.287322,CHN,FRA,5107
2835695,52,77,1239,1997,0.0,1421.0,-0.25974200000000003,0.196955,CRI,FRA,5107
2835696,58,77,1239,1997,0.0,2541.0,0.451212,0.452754,CYP,FRA,5107
2835697,59,77,1239,1997,0.0,14340.0,1.40651,1.354695,CZE,FRA,5107
2835698,61,77,1239,1997,13471876.0,7632183.0,2.293936,-2.2301919999999997,DEU,FRA,5107
2835699,64,77,1239,1997,0.0,432142.0,1.358279,1.420107,DNK,FRA,5107
2835700,66,77,1239,1997,0.0,2458.0,-0.717599,-1.126311,DZA,FRA,5107
2835701,71,77,1239,1997,1544955.0,881861.0,1.082049,2.0238650000000002,ESP,FRA,5107
2835702,72,77,1239,1997,0.0,21657.0,0.460823,0.9126700000000001,EST,FRA,5107
2835703,74,77,1239,1997,0.0,520247.0,1.9298959999999998,1.083861,FIN,FRA,5107
2835704,81,77,1239,1997,5204861.0,11902484.0,1.886353,0.783832,GBR,FRA,5107
2835705,90,77,1239,1997,516631.0,32606.0,0.229516,1.085225,GRC,FRA,5107
2835706,97,77,1239,1997,19645.0,753159.0,0.521942,2.578405,HKG,FRA,5107
2835707,102,77,1239,1997,4805.0,383693.0,0.746743,1.577102,HUN,FRA,5107
2835708,103,77,1239,1997,0.0,15077.0,-0.44080699999999995,1.220104,IDN,FRA,5107
2835709,104,77,1239,1997,443000.0,24243.0,0.262571,2.31305,IND,FRA,5107
2835710,106,77,1239,1997,38317.0,416383.0,1.471048,0.8769370000000001,IRL,FRA,5107
2835711,107,77,1239,1997,0.0,14969.0,-0.503841,-0.9984059999999999,IRN,FRA,5107
2835712,110,77,1239,1997,0.0,103131.0,1.3230030000000002,0.965016,ISR,FRA,5107
2835713,111,77,1239,1997,26952620.0,3689607.0,1.4860389999999999,1.235674,ITA,FRA,5107
2835714,113,77,1239,1997,0.0,1362.0,0.49456300000000003,0.33966,JOR,FRA,5107
2835715,114,77,1239,1997,0.0,305926.0,2.631846,0.553144,JPN,FRA,5107
2835716,121,77,1239,1997,0.0,69483.0,1.0478290000000001,1.2874370000000002,KOR,FRA,5107
2835717,124,77,1239,1997,0.0,9061.0,0.334291,0.783104,LBN,FRA,5107
2835718,128,77,1239,1997,0.0,157959.0,-0.925745,-0.308559,LKA,FRA,5107
2835719,130,77,1239,1997,1521.0,2813.0,0.377245,0.8823270000000001,LTU,FRA,5107
2835720,133,77,1239,1997,0.0,13769.0,-0.238002,-0.361492,MAC,FRA,5107
2835721,134,77,1239,1997,361130.0,524472.0,-0.649616,-0.260554,MAR,FRA,5107
2835722,136,77,1239,1997,0.0,52909.0,-1.2630370000000002,-0.565295,MDG,FRA,5107
2835723,137,77,1239,1997,2035.0,0.0,-1.155491,-1.0362200000000001,MDV,FRA,5107
2835724,138,77,1239,1997,0.0,4741.0,0.603221,0.898488,MEX,FRA,5107
2835725,151,77,1239,1997,0.0,1232811.0,-0.49241,-0.695729,MUS,FRA,5107
2835726,153,77,1239,1997,43113.0,0.0,0.37340999999999996,0.36853600000000003,MYS,FRA,5107
2835727,157,77,1239,1997,0.0,2366.0,-0.322358,-0.63647,NER,FRA,5107
2835728,162,77,1239,1997,208920.0,633674.0,1.267794,1.727888,NLD,FRA,5107
2835729,163,77,1239,1997,0.0,36827.0,1.003945,0.188826,NOR,FRA,5107
2835730,166,77,1239,1997,0.0,46875.0,0.557545,0.731294,NZL,FRA,5107
2835731,173,77,1239,1997,73589.0,0.0,-0.5023880000000001,-0.262563,PER,FRA,5107
2835732,174,77,1239,1997,0.0,1839.0,-0.24310900000000002,0.085784,PHL,FRA,5107
2835733,177,77,1239,1997,24575.0,1262071.0,0.805559,1.9598520000000001,POL,FRA,5107
2835734,179,77,1239,1997,334640.0,2745680.0,0.379367,1.296551,PRT,FRA,5107
2835735,185,77,1239,1997,14845.0,362359.0,0.44381000000000004,1.084109,ROU,FRA,5107
2835736,191,77,1239,1997,0.0,5062.0,-0.606205,-0.727753,SEN,FRA,5107
2835737,192,77,1239,1997,0.0,6185.0,1.01557,0.360154,SGP,FRA,5107
2835738,206,77,1239,1997,0.0,13400.0,1.200699,1.318346,SVK,FRA,5107
2835739,208,77,1239,1997,0.0,225585.0,2.120182,0.993078,SWE,FRA,5107
2835740,212,77,1239,1997,0.0,39990.0,-1.046433,-0.9678620000000001,SYR,FRA,5107
2835741,216,77,1239,1997,520916.0,0.0,0.084875,1.41931,THA,FRA,5107
2835742,223,77,1239,1997,1001.0,2904254.0,-0.24073899999999998,-0.146818,TUN,FRA,5107
2835743,224,77,1239,1997,0.0,5758742.0,0.167734,1.5827870000000002,TUR,FRA,5107
2835744,230,77,1239,1997,0.0,8813.0,0.226228,0.29183400000000004,URY,FRA,5107
2835745,231,77,1239,1997,30958.0,640337.0,1.823511,0.888084,USA,FRA,5107
2835746,246,77,1239,1997,0.0,243263.0,0.501792,1.1192440000000001,ZAF,FRA,5107
2835747,249,77,1239,1997,0.0,84351.0,1.317672,1.800561,TWN,FRA,5107
2835748,250,77,1239,1997,257293.0,0.0,1.036748,0.851626,ANS,FRA,5107
2835749,7,81,1239,1997,1250.0,20152.0,-0.042154000000000004,-0.667389,ARE,GBR,5107
2835750,8,81,1239,1997,0.0,1501.0,0.273654,0.495389,ARG,GBR,5107
2835751,14,81,1239,1997,684034.0,480024.0,0.428555,0.798283,AUS,GBR,5107
2835752,15,81,1239,1997,962950.0,442392.0,1.8926189999999998,0.624346,AUT,GBR,5107
2835753,18,81,1239,1997,806234.0,1552242.0,1.4274069999999999,1.490435,BEL,GBR,5107
2835754,22,81,1239,1997,15712.0,0.0,-1.027777,-1.048214,BGD,GBR,5107
2835755,23,81,1239,1997,13390.0,0.0,0.487041,1.287344,BGR,GBR,5107
2835756,24,81,1239,1997,0.0,1440.0,-0.021125,-0.914009,BHR,GBR,5107
2835757,32,81,1239,1997,0.0,93227.0,0.718336,1.203066,BRA,GBR,5107
2835758,39,81,1239,1997,526695.0,1849336.0,1.109494,1.178772,CAN,GBR,5107
2835759,41,81,1239,1997,1204291.0,2607985.0,2.280163,0.597819,CHE,GBR,5107
2835760,42,81,1239,1997,0.0,4386.0,0.002791,-0.030604000000000003,CHL,GBR,5107
2835761,43,81,1239,1997,2117662.0,293349.0,0.36051300000000003,3.287322,CHN,GBR,5107
2835762,49,81,1239,1997,0.0,787981.0,0.190632,0.068001,COL,GBR,5107
2835763,54,81,1239,1997,0.0,89874.0,-0.403192,-1.041751,CUB,GBR,5107
2835764,58,81,1239,1997,0.0,16181.0,0.451212,0.452754,CYP,GBR,5107
2835765,59,81,1239,1997,1342.0,68070.0,1.40651,1.354695,CZE,GBR,5107
2835766,61,81,1239,1997,28614176.0,5528656.0,2.293936,-2.2301919999999997,DEU,GBR,5107
2835767,64,81,1239,1997,101792.0,1556832.0,1.358279,1.420107,DNK,GBR,5107
2835768,68,81,1239,1997,20311.0,2022.0,-0.314425,0.156345,EGY,GBR,5107
2835769,71,81,1239,1997,833999.0,2963562.0,1.082049,2.0238650000000002,ESP,GBR,5107
2835770,72,81,1239,1997,0.0,118169.0,0.460823,0.9126700000000001,EST,GBR,5107
2835771,74,81,1239,1997,2781.0,329412.0,1.9298959999999998,1.083861,FIN,GBR,5107
2835772,77,81,1239,1997,11902484.0,5204861.0,1.69504,0.8278549999999999,FRA,GBR,5107
2835773,90,81,1239,1997,22497.0,992118.0,0.229516,1.085225,GRC,GBR,5107
2835774,97,81,1239,1997,1517022.0,4551084.0,0.521942,2.578405,HKG,GBR,5107
2835775,100,81,1239,1997,0.0,3163.0,0.607903,1.147751,HRV,GBR,5107
2835776,102,81,1239,1997,0.0,19785.0,0.746743,1.577102,HUN,GBR,5107
2835777,103,81,1239,1997,302736.0,79735.0,-0.44080699999999995,1.220104,IDN,GBR,5107
2835778,104,81,1239,1997,23861091.0,3072806.0,0.262571,2.31305,IND,GBR,5107
2835779,106,81,1239,1997,3528842.0,14860211.0,1.471048,0.8769370000000001,IRL,GBR,5107
2835780,109,81,1239,1997,1527553.0,237653.0,0.217533,-0.405395,ISL,GBR,5107
2835781,110,81,1239,1997,0.0,342242.0,1.3230030000000002,0.965016,ISR,GBR,5107
2835782,111,81,1239,1997,45043616.0,28975428.0,1.4860389999999999,1.235674,ITA,GBR,5107
2835783,113,81,1239,1997,0.0,4346261.0,0.49456300000000003,0.33966,JOR,GBR,5107
2835784,114,81,1239,1997,20073.0,1246472.0,2.631846,0.553144,JPN,GBR,5107
2835785,116,81,1239,1997,0.0,11748.0,-0.399028,0.196115,KEN,GBR,5107
2835786,119,81,1239,1997,0.0,45528.0,-0.9250889999999999,-0.866958,KIR,GBR,5107
2835787,121,81,1239,1997,0.0,197854.0,1.0478290000000001,1.2874370000000002,KOR,GBR,5107
2835788,128,81,1239,1997,0.0,59996.0,-0.925745,-0.308559,LKA,GBR,5107
2835789,130,81,1239,1997,0.0,835.0,0.377245,0.8823270000000001,LTU,GBR,5107
2835790,132,81,1239,1997,0.0,7197.0,0.398848,0.215206,LVA,GBR,5107
2835791,134,81,1239,1997,0.0,13888.0,-0.649616,-0.260554,MAR,GBR,5107
2835792,136,81,1239,1997,3719.0,0.0,-1.2630370000000002,-0.565295,MDG,GBR,5107
2835793,138,81,1239,1997,0.0,1402117.0,0.603221,0.898488,MEX,GBR,5107
2835794,151,81,1239,1997,0.0,22934.0,-0.49241,-0.695729,MUS,GBR,5107
2835795,153,81,1239,1997,578136.0,12713.0,0.37340999999999996,0.36853600000000003,MYS,GBR,5107
2835796,162,81,1239,1997,45426.0,173232.0,1.267794,1.727888,NLD,GBR,5107
2835797,163,81,1239,1997,20837.0,918300.0,1.003945,0.188826,NOR,GBR,5107
2835798,166,81,1239,1997,4455.0,203611.0,0.557545,0.731294,NZL,GBR,5107
2835799,169,81,1239,1997,0.0,13652.0,-0.028676999999999998,0.00023999999999999998,PAN,GBR,5107
2835800,173,81,1239,1997,230309.0,1162.0,-0.5023880000000001,-0.262563,PER,GBR,5107
2835801,177,81,1239,1997,2964602.0,612727.0,0.805559,1.9598520000000001,POL,GBR,5107
2835802,179,81,1239,1997,62336.0,1941007.0,0.379367,1.296551,PRT,GBR,5107
2835803,185,81,1239,1997,118782.0,2408194.0,0.44381000000000004,1.084109,ROU,GBR,5107
2835804,186,81,1239,1997,0.0,50025.0,0.87377,0.423861,RUS,GBR,5107
2835805,188,81,1239,1997,0.0,84289.0,0.015040000000000001,-0.954475,SAU,GBR,5107
2835806,189,81,1239,1997,0.0,34668.0,0.659904,1.702849,SCG,GBR,5107
2835807,192,81,1239,1997,733370.0,75616.0,1.01557,0.360154,SGP,GBR,5107
2835808,207,81,1239,1997,255241.0,0.0,1.435765,1.348897,SVN,GBR,5107
2835809,208,81,1239,1997,50980.0,3103514.0,2.120182,0.993078,SWE,GBR,5107
2835810,212,81,1239,1997,0.0,35667.0,-1.046433,-0.9678620000000001,SYR,GBR,5107
2835811,216,81,1239,1997,16142610.0,489810.0,0.084875,1.41931,THA,GBR,5107
2835812,224,81,1239,1997,9971.0,320088.0,0.167734,1.5827870000000002,TUR,GBR,5107
2835813,230,81,1239,1997,0.0,337750.0,0.226228,0.29183400000000004,URY,GBR,5107
2835814,231,81,1239,1997,172015.0,8979880.0,1.823511,0.888084,USA,GBR,5107
2835815,246,81,1239,1997,1662099.0,55516.0,0.501792,1.1192440000000001,ZAF,GBR,5107
2835816,249,81,1239,1997,0.0,123492.0,1.317672,1.800561,TWN,GBR,5107
2835817,4,90,1239,1997,0.0,63365.0,-0.32351599999999997,-0.170449,ALB,GRC,5107
2835818,23,90,1239,1997,97612.0,3998.0,0.487041,1.287344,BGR,GRC,5107
2835819,58,90,1239,1997,0.0,96446.0,0.451212,0.452754,CYP,GRC,5107
2835820,59,90,1239,1997,8955.0,0.0,1.40651,1.354695,CZE,GRC,5107
2835821,61,90,1239,1997,3270706.0,206569.0,2.293936,-2.2301919999999997,DEU,GRC,5107
2835822,68,90,1239,1997,0.0,125935.0,-0.314425,0.156345,EGY,GRC,5107
2835823,71,90,1239,1997,745098.0,14908.0,1.082049,2.0238650000000002,ESP,GRC,5107
2835824,77,90,1239,1997,32606.0,516631.0,1.69504,0.8278549999999999,FRA,GRC,5107
2835825,81,90,1239,1997,992118.0,22497.0,1.886353,0.783832,GBR,GRC,5107
2835826,104,90,1239,1997,806966.0,0.0,0.262571,2.31305,IND,GRC,5107
2835827,110,90,1239,1997,14866.0,121872.0,1.3230030000000002,0.965016,ISR,GRC,5107
2835828,111,90,1239,1997,6142196.0,152747.0,1.4860389999999999,1.235674,ITA,GRC,5107
2835829,140,90,1239,1997,0.0,121665.0,0.26327399999999995,0.704879,MKD,GRC,5107
2835830,153,90,1239,1997,45401.0,0.0,0.37340999999999996,0.36853600000000003,MYS,GRC,5107
2835831,162,90,1239,1997,20932.0,0.0,1.267794,1.727888,NLD,GRC,5107
2835832,185,90,1239,1997,0.0,44856.0,0.44381000000000004,1.084109,ROU,GRC,5107
2835833,208,90,1239,1997,0.0,31414.0,2.120182,0.993078,SWE,GRC,5107
2835834,224,90,1239,1997,0.0,25266.0,0.167734,1.5827870000000002,TUR,GRC,5107
2835835,250,90,1239,1997,1823.0,0.0,1.036748,0.851626,ANS,GRC,5107
2835836,61,93,1239,1997,19595.0,0.0,2.293936,-2.2301919999999997,DEU,GTM,5107
2835837,111,93,1239,1997,3608.0,0.0,1.4860389999999999,1.235674,ITA,GTM,5107
2835838,231,93,1239,1997,1237.0,0.0,1.823511,0.888084,USA,GTM,5107
2835839,14,97,1239,1997,89692.0,4081903.0,0.428555,0.798283,AUS,HKG,5107
2835840,15,97,1239,1997,523243.0,0.0,1.8926189999999998,0.624346,AUT,HKG,5107
2835841,18,97,1239,1997,1336.0,0.0,1.4274069999999999,1.490435,BEL,HKG,5107
2835842,22,97,1239,1997,0.0,3993.0,-1.027777,-1.048214,BGD,HKG,5107
2835843,39,97,1239,1997,1511960.0,0.0,1.109494,1.178772,CAN,HKG,5107
2835844,41,97,1239,1997,331622.0,0.0,2.280163,0.597819,CHE,HKG,5107
2835845,43,97,1239,1997,108958022.0,28728469.0,0.36051300000000003,3.287322,CHN,HKG,5107
2835846,61,97,1239,1997,2515480.0,0.0,2.293936,-2.2301919999999997,DEU,HKG,5107
2835847,65,97,1239,1997,0.0,1689.0,-0.6062850000000001,-0.648523,DOM,HKG,5107
2835848,71,97,1239,1997,171162.0,0.0,1.082049,2.0238650000000002,ESP,HKG,5107
2835849,77,97,1239,1997,753159.0,19645.0,1.69504,0.8278549999999999,FRA,HKG,5107
2835850,81,97,1239,1997,4551084.0,1517022.0,1.886353,0.783832,GBR,HKG,5107
2835851,103,97,1239,1997,282780.0,412137.0,-0.44080699999999995,1.220104,IDN,HKG,5107
2835852,104,97,1239,1997,471856.0,27371.0,0.262571,2.31305,IND,HKG,5107
2835853,106,97,1239,1997,9168.0,0.0,1.471048,0.8769370000000001,IRL,HKG,5107
2835854,110,97,1239,1997,957.0,30197.0,1.3230030000000002,0.965016,ISR,HKG,5107
2835855,111,97,1239,1997,93748444.0,222624.0,1.4860389999999999,1.235674,ITA,HKG,5107
2835856,114,97,1239,1997,1888390.0,163478.0,2.631846,0.553144,JPN,HKG,5107
2835857,121,97,1239,1997,2713940.0,64730.0,1.0478290000000001,1.2874370000000002,KOR,HKG,5107
2835858,133,97,1239,1997,1713687.0,2329802.0,-0.238002,-0.361492,MAC,HKG,5107
2835859,136,97,1239,1997,0.0,727720.0,-1.2630370000000002,-0.565295,MDG,HKG,5107
2835860,151,97,1239,1997,935.0,217990.0,-0.49241,-0.695729,MUS,HKG,5107
2835861,153,97,1239,1997,5447747.0,46284.0,0.37340999999999996,0.36853600000000003,MYS,HKG,5107
2835862,162,97,1239,1997,25886.0,0.0,1.267794,1.727888,NLD,HKG,5107
2835863,166,97,1239,1997,236413.0,50916.0,0.557545,0.731294,NZL,HKG,5107
2835864,173,97,1239,1997,49583.0,0.0,-0.5023880000000001,-0.262563,PER,HKG,5107
2835865,174,97,1239,1997,192241.0,2341492.0,-0.24310900000000002,0.085784,PHL,HKG,5107
2835866,190,97,1239,1997,0.0,189785.0,-1.300352,-1.199816,SDN,HKG,5107
2835867,216,97,1239,1997,172486.0,740720.0,0.084875,1.41931,THA,HKG,5107
2835868,224,97,1239,1997,24401.0,0.0,0.167734,1.5827870000000002,TUR,HKG,5107
2835869,231,97,1239,1997,21247.0,26115.0,1.823511,0.888084,USA,HKG,5107
2835870,239,97,1239,1997,0.0,803660.0,-0.93384,0.06253099999999999,VNM,HKG,5107
2835871,249,97,1239,1997,13914180.0,85608.0,1.317672,1.800561,TWN,HKG,5107
2835872,231,99,1239,1997,1224.0,0.0,1.823511,0.888084,USA,HND,5107
2835873,14,103,1239,1997,1365308.0,11639.0,0.428555,0.798283,AUS,IDN,5107
2835874,39,103,1239,1997,0.0,102154.0,1.109494,1.178772,CAN,IDN,5107
2835875,41,103,1239,1997,40619.0,32877.0,2.280163,0.597819,CHE,IDN,5107
2835876,43,103,1239,1997,332499.0,336522.0,0.36051300000000003,3.287322,CHN,IDN,5107
2835877,59,103,1239,1997,0.0,22339.0,1.40651,1.354695,CZE,IDN,5107
2835878,61,103,1239,1997,6000.0,3081128.0,2.293936,-2.2301919999999997,DEU,IDN,5107
2835879,68,103,1239,1997,0.0,10392.0,-0.314425,0.156345,EGY,IDN,5107
2835880,77,103,1239,1997,15077.0,0.0,1.69504,0.8278549999999999,FRA,IDN,5107
2835881,81,103,1239,1997,79735.0,302736.0,1.886353,0.783832,GBR,IDN,5107
2835882,97,103,1239,1997,412137.0,282780.0,0.521942,2.578405,HKG,IDN,5107
2835883,100,103,1239,1997,0.0,3434.0,0.607903,1.147751,HRV,IDN,5107
2835884,104,103,1239,1997,5909.0,29497.0,0.262571,2.31305,IND,IDN,5107
2835885,111,103,1239,1997,95757.0,3798.0,1.4860389999999999,1.235674,ITA,IDN,5107
2835886,114,103,1239,1997,464068.0,12069016.0,2.631846,0.553144,JPN,IDN,5107
2835887,121,103,1239,1997,2103.0,0.0,1.0478290000000001,1.2874370000000002,KOR,IDN,5107
2835888,153,103,1239,1997,1042.0,0.0,0.37340999999999996,0.36853600000000003,MYS,IDN,5107
2835889,166,103,1239,1997,22514.0,131320.0,0.557545,0.731294,NZL,IDN,5107
2835890,174,103,1239,1997,11581.0,4012.0,-0.24310900000000002,0.085784,PHL,IDN,5107
2835891,185,103,1239,1997,0.0,1875.0,0.44381000000000004,1.084109,ROU,IDN,5107
2835892,208,103,1239,1997,0.0,74354.0,2.120182,0.993078,SWE,IDN,5107
2835893,231,103,1239,1997,0.0,1165.0,1.823511,0.888084,USA,IDN,5107
2835894,249,103,1239,1997,319672.0,0.0,1.317672,1.800561,TWN,IDN,5107
2835895,15,106,1239,1997,297596.0,0.0,1.8926189999999998,0.624346,AUT,IRL,5107
2835896,18,106,1239,1997,137812.0,206396.0,1.4274069999999999,1.490435,BEL,IRL,5107
2835897,39,106,1239,1997,0.0,35825.0,1.109494,1.178772,CAN,IRL,5107
2835898,41,106,1239,1997,2358.0,0.0,2.280163,0.597819,CHE,IRL,5107
2835899,43,106,1239,1997,0.0,3277.0,0.36051300000000003,3.287322,CHN,IRL,5107
2835900,61,106,1239,1997,128478.0,781011.0,2.293936,-2.2301919999999997,DEU,IRL,5107
2835901,71,106,1239,1997,161533.0,71556.0,1.082049,2.0238650000000002,ESP,IRL,5107
2835902,77,106,1239,1997,416383.0,38317.0,1.69504,0.8278549999999999,FRA,IRL,5107
2835903,81,106,1239,1997,14860211.0,3528842.0,1.886353,0.783832,GBR,IRL,5107
2835904,97,106,1239,1997,0.0,9168.0,0.521942,2.578405,HKG,IRL,5107
2835905,104,106,1239,1997,21706.0,4352.0,0.262571,2.31305,IND,IRL,5107
2835906,111,106,1239,1997,2159853.0,11031.0,1.4860389999999999,1.235674,ITA,IRL,5107
2835907,162,106,1239,1997,1511.0,0.0,1.267794,1.727888,NLD,IRL,5107
2835908,174,106,1239,1997,0.0,89242.0,-0.24310900000000002,0.085784,PHL,IRL,5107
2835909,179,106,1239,1997,95727.0,55827.0,0.379367,1.296551,PRT,IRL,5107
2835910,185,106,1239,1997,22734.0,0.0,0.44381000000000004,1.084109,ROU,IRL,5107
2835911,208,106,1239,1997,0.0,62078.0,2.120182,0.993078,SWE,IRL,5107
2835912,231,106,1239,1997,0.0,73904.0,1.823511,0.888084,USA,IRL,5107
2835913,249,106,1239,1997,0.0,57801.0,1.317672,1.800561,TWN,IRL,5107
2835914,18,110,1239,1997,240009.0,0.0,1.4274069999999999,1.490435,BEL,ISR,5107
2835915,41,110,1239,1997,234645.0,0.0,2.280163,0.597819,CHE,ISR,5107
2835916,61,110,1239,1997,7573196.0,0.0,2.293936,-2.2301919999999997,DEU,ISR,5107
2835917,71,110,1239,1997,130497.0,0.0,1.082049,2.0238650000000002,ESP,ISR,5107
2835918,77,110,1239,1997,103131.0,0.0,1.69504,0.8278549999999999,FRA,ISR,5107
2835919,81,110,1239,1997,342242.0,0.0,1.886353,0.783832,GBR,ISR,5107
2835920,90,110,1239,1997,121872.0,14866.0,0.229516,1.085225,GRC,ISR,5107
2835921,97,110,1239,1997,30197.0,957.0,0.521942,2.578405,HKG,ISR,5107
2835922,111,110,1239,1997,1914093.0,21952.0,1.4860389999999999,1.235674,ITA,ISR,5107
2835923,173,110,1239,1997,93903.0,0.0,-0.5023880000000001,-0.262563,PER,ISR,5107
2835924,224,110,1239,1997,0.0,36300.0,0.167734,1.5827870000000002,TUR,ISR,5107
2835925,231,110,1239,1997,6997.0,0.0,1.823511,0.888084,USA,ISR,5107
2835926,7,111,1239,1997,0.0,5692.0,-0.042154000000000004,-0.667389,ARE,ITA,5107
2835927,8,111,1239,1997,93008.0,430923.0,0.273654,0.495389,ARG,ITA,5107
2835928,14,111,1239,1997,11693.0,1089460.0,0.428555,0.798283,AUS,ITA,5107
2835929,15,111,1239,1997,4868254.0,5852610.0,1.8926189999999998,0.624346,AUT,ITA,5107
2835930,18,111,1239,1997,2246492.0,6464952.0,1.4274069999999999,1.490435,BEL,ITA,5107
2835931,22,111,1239,1997,0.0,19430.0,-1.027777,-1.048214,BGD,ITA,5107
2835932,23,111,1239,1997,13669.0,1966854.0,0.487041,1.287344,BGR,ITA,5107
2835933,26,111,1239,1997,184961.0,1448.0,0.459512,0.194939,BIH,ITA,5107
2835934,28,111,1239,1997,65193.0,0.0,0.563179,0.339149,BLR,ITA,5107
2835935,32,111,1239,1997,0.0,331080.0,0.718336,1.203066,BRA,ITA,5107
2835936,34,111,1239,1997,0.0,23640.0,-0.092276,-0.772393,BRN,ITA,5107
2835937,39,111,1239,1997,0.0,754557.0,1.109494,1.178772,CAN,ITA,5107
2835938,41,111,1239,1997,10767760.0,5244908.0,2.280163,0.597819,CHE,ITA,5107
2835939,42,111,1239,1997,0.0,214995.0,0.002791,-0.030604000000000003,CHL,ITA,5107
2835940,43,111,1239,1997,30480.0,7417137.0,0.36051300000000003,3.287322,CHN,ITA,5107
2835941,58,111,1239,1997,4306.0,555307.0,0.451212,0.452754,CYP,ITA,5107
2835942,59,111,1239,1997,9537803.0,1060514.0,1.40651,1.354695,CZE,ITA,5107
2835943,61,111,1239,1997,84601268.0,65900848.0,2.293936,-2.2301919999999997,DEU,ITA,5107
2835944,64,111,1239,1997,205552.0,2766750.0,1.358279,1.420107,DNK,ITA,5107
2835945,67,111,1239,1997,0.0,27581.0,-1.1931690000000001,-1.0139690000000001,ECU,ITA,5107
2835946,68,111,1239,1997,0.0,1398750.0,-0.314425,0.156345,EGY,ITA,5107
2835947,71,111,1239,1997,127519.0,12746515.0,1.082049,2.0238650000000002,ESP,ITA,5107
2835948,72,111,1239,1997,0.0,1330.0,0.460823,0.9126700000000001,EST,ITA,5107
2835949,74,111,1239,1997,4933.0,1260619.0,1.9298959999999998,1.083861,FIN,ITA,5107
2835950,77,111,1239,1997,3689607.0,26952620.0,1.69504,0.8278549999999999,FRA,ITA,5107
2835951,81,111,1239,1997,28975428.0,45043616.0,1.886353,0.783832,GBR,ITA,5107
2835952,90,111,1239,1997,152747.0,6142196.0,0.229516,1.085225,GRC,ITA,5107
2835953,93,111,1239,1997,0.0,3608.0,-0.310042,0.2096,GTM,ITA,5107
2835954,97,111,1239,1997,222624.0,93748444.0,0.521942,2.578405,HKG,ITA,5107
2835955,100,111,1239,1997,7790.0,1847020.0,0.607903,1.147751,HRV,ITA,5107
2835956,102,111,1239,1997,76656.0,3710871.0,0.746743,1.577102,HUN,ITA,5107
2835957,103,111,1239,1997,3798.0,95757.0,-0.44080699999999995,1.220104,IDN,ITA,5107
2835958,104,111,1239,1997,6944455.0,505983.0,0.262571,2.31305,IND,ITA,5107
2835959,106,111,1239,1997,11031.0,2159853.0,1.471048,0.8769370000000001,IRL,ITA,5107
2835960,107,111,1239,1997,0.0,277720.0,-0.503841,-0.9984059999999999,IRN,ITA,5107
2835961,110,111,1239,1997,21952.0,1914093.0,1.3230030000000002,0.965016,ISR,ITA,5107
2835962,113,111,1239,1997,0.0,86312.0,0.49456300000000003,0.33966,JOR,ITA,5107
2835963,114,111,1239,1997,297955.0,24010016.0,2.631846,0.553144,JPN,ITA,5107
2835964,115,111,1239,1997,58171.0,0.0,0.44044300000000003,-0.10249000000000001,KAZ,ITA,5107
2835965,117,111,1239,1997,1100737.0,0.0,0.023634,-0.194868,KGZ,ITA,5107
2835966,121,111,1239,1997,19280.0,11274456.0,1.0478290000000001,1.2874370000000002,KOR,ITA,5107
2835967,124,111,1239,1997,0.0,374106.0,0.334291,0.783104,LBN,ITA,5107
2835968,126,111,1239,1997,0.0,755373.0,-0.49745600000000006,-1.126254,LBY,ITA,5107
2835969,130,111,1239,1997,43229.0,501436.0,0.377245,0.8823270000000001,LTU,ITA,5107
2835970,132,111,1239,1997,74252.0,25512.0,0.398848,0.215206,LVA,ITA,5107
2835971,133,111,1239,1997,0.0,755608.0,-0.238002,-0.361492,MAC,ITA,5107
2835972,134,111,1239,1997,1932.0,328348.0,-0.649616,-0.260554,MAR,ITA,5107
2835973,135,111,1239,1997,0.0,625011.0,0.148579,-0.334685,MDA,ITA,5107
2835974,136,111,1239,1997,0.0,248999.0,-1.2630370000000002,-0.565295,MDG,ITA,5107
2835975,138,111,1239,1997,0.0,3006547.0,0.603221,0.898488,MEX,ITA,5107
2835976,140,111,1239,1997,0.0,22843.0,0.26327399999999995,0.704879,MKD,ITA,5107
2835977,142,111,1239,1997,0.0,9226.0,0.936998,0.062266999999999996,MLT,ITA,5107
2835978,151,111,1239,1997,4526.0,1093876.0,-0.49241,-0.695729,MUS,ITA,5107
2835979,153,111,1239,1997,22304.0,1015275.0,0.37340999999999996,0.36853600000000003,MYS,ITA,5107
2835980,159,111,1239,1997,0.0,5239.0,-1.615102,-1.129541,NGA,ITA,5107
2835981,162,111,1239,1997,3793.0,726726.0,1.267794,1.727888,NLD,ITA,5107
2835982,163,111,1239,1997,32776.0,1934311.0,1.003945,0.188826,NOR,ITA,5107
2835983,166,111,1239,1997,0.0,213717.0,0.557545,0.731294,NZL,ITA,5107
2835984,173,111,1239,1997,3742524.0,45953.0,-0.5023880000000001,-0.262563,PER,ITA,5107
2835985,174,111,1239,1997,0.0,64648.0,-0.24310900000000002,0.085784,PHL,ITA,5107
2835986,177,111,1239,1997,71177.0,4291489.0,0.805559,1.9598520000000001,POL,ITA,5107
2835987,178,111,1239,1997,0.0,140132.0,0.701604,0.649257,PRK,ITA,5107
2835988,179,111,1239,1997,17346.0,8604899.0,0.379367,1.296551,PRT,ITA,5107
2835989,180,111,1239,1997,0.0,3006.0,-0.44951,-0.818817,PRY,ITA,5107
2835990,185,111,1239,1997,31085.0,4952540.0,0.44381000000000004,1.084109,ROU,ITA,5107
2835991,186,111,1239,1997,151148.0,69210.0,0.87377,0.423861,RUS,ITA,5107
2835992,188,111,1239,1997,0.0,25759.0,0.015040000000000001,-0.954475,SAU,ITA,5107
2835993,189,111,1239,1997,0.0,395568.0,0.659904,1.702849,SCG,ITA,5107
2835994,190,111,1239,1997,0.0,43453.0,-1.300352,-1.199816,SDN,ITA,5107
2835995,191,111,1239,1997,0.0,190688.0,-0.606205,-0.727753,SEN,ITA,5107
2835996,192,111,1239,1997,0.0,57074.0,1.01557,0.360154,SGP,ITA,5107
2835997,197,111,1239,1997,0.0,2592.0,-0.09174500000000001,-0.034391000000000005,SLV,ITA,5107
2835998,206,111,1239,1997,8427.0,3078400.0,1.200699,1.318346,SVK,ITA,5107
2835999,207,111,1239,1997,1328060.0,1015422.0,1.435765,1.348897,SVN,ITA,5107
2836000,208,111,1239,1997,1898.0,148642.0,2.120182,0.993078,SWE,ITA,5107
2836001,212,111,1239,1997,0.0,220183.0,-1.046433,-0.9678620000000001,SYR,ITA,5107
2836002,216,111,1239,1997,8227543.0,823090.0,0.084875,1.41931,THA,ITA,5107
2836003,223,111,1239,1997,92539.0,7081146.0,-0.24073899999999998,-0.146818,TUN,ITA,5107
2836004,224,111,1239,1997,13571.0,15862903.0,0.167734,1.5827870000000002,TUR,ITA,5107
2836005,228,111,1239,1997,0.0,374573.0,0.8502559999999999,0.956254,UKR,ITA,5107
2836006,230,111,1239,1997,6801.0,473478.0,0.226228,0.29183400000000004,URY,ITA,5107
2836007,231,111,1239,1997,63178.0,16940661.0,1.823511,0.888084,USA,ITA,5107
2836008,236,111,1239,1997,0.0,33466.0,0.21363200000000002,-0.668341,VEN,ITA,5107
2836009,239,111,1239,1997,0.0,399952.0,-0.93384,0.06253099999999999,VNM,ITA,5107
2836010,243,111,1239,1997,0.0,36989.0,-1.7204130000000002,-1.242057,YEM,ITA,5107
2836011,246,111,1239,1997,37163.0,166999.0,0.501792,1.1192440000000001,ZAF,ITA,5107
2836012,247,111,1239,1997,0.0,1198.0,-0.62183,-0.809639,ZMB,ITA,5107
2836013,249,111,1239,1997,0.0,1472658.0,1.317672,1.800561,TWN,ITA,5107
2836014,250,111,1239,1997,27893.0,0.0,1.036748,0.851626,ANS,ITA,5107
2836015,8,121,1239,1997,0.0,6912.0,0.273654,0.495389,ARG,KOR,5107
2836016,14,121,1239,1997,67949.0,2205997.0,0.428555,0.798283,AUS,KOR,5107
2836017,18,121,1239,1997,8255.0,0.0,1.4274069999999999,1.490435,BEL,KOR,5107
2836018,43,121,1239,1997,11669523.0,1960376.0,0.36051300000000003,3.287322,CHN,KOR,5107
2836019,61,121,1239,1997,55835.0,6815.0,2.293936,-2.2301919999999997,DEU,KOR,5107
2836020,71,121,1239,1997,76910.0,0.0,1.082049,2.0238650000000002,ESP,KOR,5107
2836021,77,121,1239,1997,69483.0,0.0,1.69504,0.8278549999999999,FRA,KOR,5107
2836022,81,121,1239,1997,197854.0,0.0,1.886353,0.783832,GBR,KOR,5107
2836023,97,121,1239,1997,64730.0,2713940.0,0.521942,2.578405,HKG,KOR,5107
2836024,103,121,1239,1997,0.0,2103.0,-0.44080699999999995,1.220104,IDN,KOR,5107
2836025,104,121,1239,1997,672307.0,252185.0,0.262571,2.31305,IND,KOR,5107
2836026,111,121,1239,1997,11274456.0,19280.0,1.4860389999999999,1.235674,ITA,KOR,5107
2836027,114,121,1239,1997,73450.0,971088.0,2.631846,0.553144,JPN,KOR,5107
2836028,128,121,1239,1997,0.0,31037.0,-0.925745,-0.308559,LKA,KOR,5107
2836029,133,121,1239,1997,0.0,1072328.0,-0.238002,-0.361492,MAC,KOR,5107
2836030,138,121,1239,1997,0.0,8121.0,0.603221,0.898488,MEX,KOR,5107
2836031,151,121,1239,1997,0.0,448257.0,-0.49241,-0.695729,MUS,KOR,5107
2836032,153,121,1239,1997,80400.0,0.0,0.37340999999999996,0.36853600000000003,MYS,KOR,5107
2836033,164,121,1239,1997,0.0,71828.0,-0.559546,-0.358545,NPL,KOR,5107
2836034,166,121,1239,1997,454164.0,0.0,0.557545,0.731294,NZL,KOR,5107
2836035,173,121,1239,1997,45507.0,0.0,-0.5023880000000001,-0.262563,PER,KOR,5107
2836036,174,121,1239,1997,0.0,143460.0,-0.24310900000000002,0.085784,PHL,KOR,5107
2836037,186,121,1239,1997,0.0,17284.0,0.87377,0.423861,RUS,KOR,5107
2836038,216,121,1239,1997,4550128.0,25352.0,0.084875,1.41931,THA,KOR,5107
2836039,231,121,1239,1997,45022.0,0.0,1.823511,0.888084,USA,KOR,5107
2836040,239,121,1239,1997,0.0,257990.0,-0.93384,0.06253099999999999,VNM,KOR,5107
2836041,249,121,1239,1997,951744.0,41425.0,1.317672,1.800561,TWN,KOR,5107
2836042,18,124,1239,1997,132265.0,0.0,1.4274069999999999,1.490435,BEL,LBN,5107
2836043,23,124,1239,1997,79081.0,0.0,0.487041,1.287344,BGR,LBN,5107
2836044,61,124,1239,1997,10336.0,0.0,2.293936,-2.2301919999999997,DEU,LBN,5107
2836045,71,124,1239,1997,33919.0,6477.0,1.082049,2.0238650000000002,ESP,LBN,5107
2836046,77,124,1239,1997,9061.0,0.0,1.69504,0.8278549999999999,FRA,LBN,5107
2836047,104,124,1239,1997,23933.0,0.0,0.262571,2.31305,IND,LBN,5107
2836048,111,124,1239,1997,374106.0,0.0,1.4860389999999999,1.235674,ITA,LBN,5107
2836049,188,124,1239,1997,0.0,3896.0,0.015040000000000001,-0.954475,SAU,LBN,5107
2836050,212,124,1239,1997,0.0,1369568.0,-1.046433,-0.9678620000000001,SYR,LBN,5107
2836051,224,124,1239,1997,2626.0,0.0,0.167734,1.5827870000000002,TUR,LBN,5107
2836052,18,130,1239,1997,4053.0,0.0,1.4274069999999999,1.490435,BEL,LTU,5107
2836053,28,130,1239,1997,656775.0,0.0,0.563179,0.339149,BLR,LTU,5107
2836054,61,130,1239,1997,3337651.0,28012.0,2.293936,-2.2301919999999997,DEU,LTU,5107
2836055,64,130,1239,1997,10036.0,0.0,1.358279,1.420107,DNK,LTU,5107
2836056,71,130,1239,1997,9141.0,0.0,1.082049,2.0238650000000002,ESP,LTU,5107
2836057,72,130,1239,1997,0.0,7953.0,0.460823,0.9126700000000001,EST,LTU,5107
2836058,77,130,1239,1997,2813.0,1521.0,1.69504,0.8278549999999999,FRA,LTU,5107
2836059,81,130,1239,1997,835.0,0.0,1.886353,0.783832,GBR,LTU,5107
2836060,102,130,1239,1997,0.0,26432.0,0.746743,1.577102,HUN,LTU,5107
2836061,111,130,1239,1997,501436.0,43229.0,1.4860389999999999,1.235674,ITA,LTU,5107
2836062,132,130,1239,1997,838897.0,43312.0,0.398848,0.215206,LVA,LTU,5107
2836063,162,130,1239,1997,36021.0,0.0,1.267794,1.727888,NLD,LTU,5107
2836064,163,130,1239,1997,1176.0,0.0,1.003945,0.188826,NOR,LTU,5107
2836065,186,130,1239,1997,398225.0,69077.0,0.87377,0.423861,RUS,LTU,5107
2836066,208,130,1239,1997,76814.0,0.0,2.120182,0.993078,SWE,LTU,5107
2836067,216,130,1239,1997,335692.0,0.0,0.084875,1.41931,THA,LTU,5107
2836068,224,130,1239,1997,1430.0,0.0,0.167734,1.5827870000000002,TUR,LTU,5107
2836069,231,130,1239,1997,15293.0,1212.0,1.823511,0.888084,USA,LTU,5107
2836070,14,138,1239,1997,77988.0,0.0,0.428555,0.798283,AUS,MEX,5107
2836071,39,138,1239,1997,1614.0,0.0,1.109494,1.178772,CAN,MEX,5107
2836072,42,138,1239,1997,3754.0,0.0,0.002791,-0.030604000000000003,CHL,MEX,5107
2836073,49,138,1239,1997,36859.0,0.0,0.190632,0.068001,COL,MEX,5107
2836074,61,138,1239,1997,2318238.0,0.0,2.293936,-2.2301919999999997,DEU,MEX,5107
2836075,71,138,1239,1997,328512.0,0.0,1.082049,2.0238650000000002,ESP,MEX,5107
2836076,77,138,1239,1997,4741.0,0.0,1.69504,0.8278549999999999,FRA,MEX,5107
2836077,81,138,1239,1997,1402117.0,0.0,1.886353,0.783832,GBR,MEX,5107
2836078,104,138,1239,1997,254495.0,0.0,0.262571,2.31305,IND,MEX,5107
2836079,111,138,1239,1997,3006547.0,0.0,1.4860389999999999,1.235674,ITA,MEX,5107
2836080,114,138,1239,1997,134359.0,0.0,2.631846,0.553144,JPN,MEX,5107
2836081,121,138,1239,1997,8121.0,0.0,1.0478290000000001,1.2874370000000002,KOR,MEX,5107
2836082,177,138,1239,1997,201858.0,0.0,0.805559,1.9598520000000001,POL,MEX,5107
2836083,216,138,1239,1997,249340.0,0.0,0.084875,1.41931,THA,MEX,5107
2836084,231,138,1239,1997,285336.0,0.0,1.823511,0.888084,USA,MEX,5107
2836085,250,138,1239,1997,5936544.0,0.0,1.036748,0.851626,ANS,MEX,5107
2836086,7,153,1239,1997,0.0,114196.0,-0.042154000000000004,-0.667389,ARE,MYS,5107
2836087,14,153,1239,1997,345269.0,1084937.0,0.428555,0.798283,AUS,MYS,5107
2836088,18,153,1239,1997,0.0,38754.0,1.4274069999999999,1.490435,BEL,MYS,5107
2836089,22,153,1239,1997,0.0,40263.0,-1.027777,-1.048214,BGD,MYS,5107
2836090,43,153,1239,1997,75431.0,1581676.0,0.36051300000000003,3.287322,CHN,MYS,5107
2836091,49,153,1239,1997,0.0,1421.0,0.190632,0.068001,COL,MYS,5107
2836092,59,153,1239,1997,69277.0,0.0,1.40651,1.354695,CZE,MYS,5107
2836093,61,153,1239,1997,53383.0,511732.0,2.293936,-2.2301919999999997,DEU,MYS,5107
2836094,71,153,1239,1997,0.0,18143.0,1.082049,2.0238650000000002,ESP,MYS,5107
2836095,77,153,1239,1997,0.0,43113.0,1.69504,0.8278549999999999,FRA,MYS,5107
2836096,81,153,1239,1997,12713.0,578136.0,1.886353,0.783832,GBR,MYS,5107
2836097,90,153,1239,1997,0.0,45401.0,0.229516,1.085225,GRC,MYS,5107
2836098,97,153,1239,1997,46284.0,5447747.0,0.521942,2.578405,HKG,MYS,5107
2836099,103,153,1239,1997,0.0,1042.0,-0.44080699999999995,1.220104,IDN,MYS,5107
2836100,104,153,1239,1997,1567.0,326417.0,0.262571,2.31305,IND,MYS,5107
2836101,107,153,1239,1997,0.0,120004.0,-0.503841,-0.9984059999999999,IRN,MYS,5107
2836102,111,153,1239,1997,1015275.0,22304.0,1.4860389999999999,1.235674,ITA,MYS,5107
2836103,114,153,1239,1997,0.0,51323929.0,2.631846,0.553144,JPN,MYS,5107
2836104,116,153,1239,1997,0.0,360643.0,-0.399028,0.196115,KEN,MYS,5107
2836105,121,153,1239,1997,0.0,80400.0,1.0478290000000001,1.2874370000000002,KOR,MYS,5107
2836106,128,153,1239,1997,0.0,60670.0,-0.925745,-0.308559,LKA,MYS,5107
2836107,133,153,1239,1997,0.0,4465.0,-0.238002,-0.361492,MAC,MYS,5107
2836108,162,153,1239,1997,0.0,207978.0,1.267794,1.727888,NLD,MYS,5107
2836109,166,153,1239,1997,0.0,89132.0,0.557545,0.731294,NZL,MYS,5107
2836110,167,153,1239,1997,0.0,5375.0,-0.335834,-0.945859,OMN,MYS,5107
2836111,168,153,1239,1997,0.0,219639.0,-0.882432,-0.563344,PAK,MYS,5107
2836112,192,153,1239,1997,0.0,296187.0,1.01557,0.360154,SGP,MYS,5107
2836113,208,153,1239,1997,0.0,134851.0,2.120182,0.993078,SWE,MYS,5107
2836114,231,153,1239,1997,0.0,1395349.0,1.823511,0.888084,USA,MYS,5107
2836115,239,153,1239,1997,0.0,27521.0,-0.93384,0.06253099999999999,VNM,MYS,5107
2836116,249,153,1239,1997,0.0,242428.0,1.317672,1.800561,TWN,MYS,5107
2836117,15,162,1239,1997,15737.0,121457.0,1.8926189999999998,0.624346,AUT,NLD,5107
2836118,18,162,1239,1997,1024333.0,804555.0,1.4274069999999999,1.490435,BEL,NLD,5107
2836119,41,162,1239,1997,0.0,24648.0,2.280163,0.597819,CHE,NLD,5107
2836120,43,162,1239,1997,263532.0,2770.0,0.36051300000000003,3.287322,CHN,NLD,5107
2836121,59,162,1239,1997,7690.0,18859.0,1.40651,1.354695,CZE,NLD,5107
2836122,61,162,1239,1997,11828718.0,1064270.0,2.293936,-2.2301919999999997,DEU,NLD,5107
2836123,64,162,1239,1997,8103.0,860485.0,1.358279,1.420107,DNK,NLD,5107
2836124,71,162,1239,1997,15903.0,0.0,1.082049,2.0238650000000002,ESP,NLD,5107
2836125,77,162,1239,1997,633674.0,208920.0,1.69504,0.8278549999999999,FRA,NLD,5107
2836126,81,162,1239,1997,173232.0,45426.0,1.886353,0.783832,GBR,NLD,5107
2836127,90,162,1239,1997,0.0,20932.0,0.229516,1.085225,GRC,NLD,5107
2836128,97,162,1239,1997,0.0,25886.0,0.521942,2.578405,HKG,NLD,5107
2836129,102,162,1239,1997,0.0,1510.0,0.746743,1.577102,HUN,NLD,5107
2836130,104,162,1239,1997,9694.0,0.0,0.262571,2.31305,IND,NLD,5107
2836131,106,162,1239,1997,0.0,1511.0,1.471048,0.8769370000000001,IRL,NLD,5107
2836132,111,162,1239,1997,726726.0,3793.0,1.4860389999999999,1.235674,ITA,NLD,5107
2836133,130,162,1239,1997,0.0,36021.0,0.377245,0.8823270000000001,LTU,NLD,5107
2836134,153,162,1239,1997,207978.0,0.0,0.37340999999999996,0.36853600000000003,MYS,NLD,5107
2836135,163,162,1239,1997,0.0,17574.0,1.003945,0.188826,NOR,NLD,5107
2836136,208,162,1239,1997,0.0,28748.0,2.120182,0.993078,SWE,NLD,5107
2836137,224,162,1239,1997,0.0,1277.0,0.167734,1.5827870000000002,TUR,NLD,5107
2836138,228,162,1239,1997,0.0,12048.0,0.8502559999999999,0.956254,UKR,NLD,5107
2836139,15,163,1239,1997,791275.0,2189.0,1.8926189999999998,0.624346,AUT,NOR,5107
2836140,18,163,1239,1997,41527.0,0.0,1.4274069999999999,1.490435,BEL,NOR,5107
2836141,41,163,1239,1997,1388637.0,0.0,2.280163,0.597819,CHE,NOR,5107
2836142,61,163,1239,1997,3626470.0,6107.0,2.293936,-2.2301919999999997,DEU,NOR,5107
2836143,64,163,1239,1997,22738.0,127895.0,1.358279,1.420107,DNK,NOR,5107
2836144,71,163,1239,1997,901858.0,32143.0,1.082049,2.0238650000000002,ESP,NOR,5107
2836145,72,163,1239,1997,0.0,2496.0,0.460823,0.9126700000000001,EST,NOR,5107
2836146,74,163,1239,1997,0.0,22366.0,1.9298959999999998,1.083861,FIN,NOR,5107
2836147,77,163,1239,1997,36827.0,0.0,1.69504,0.8278549999999999,FRA,NOR,5107
2836148,81,163,1239,1997,918300.0,20837.0,1.886353,0.783832,GBR,NOR,5107
2836149,104,163,1239,1997,50195.0,0.0,0.262571,2.31305,IND,NOR,5107
2836150,109,163,1239,1997,0.0,19550.0,0.217533,-0.405395,ISL,NOR,5107
2836151,111,163,1239,1997,1934311.0,32776.0,1.4860389999999999,1.235674,ITA,NOR,5107
2836152,130,163,1239,1997,0.0,1176.0,0.377245,0.8823270000000001,LTU,NOR,5107
2836153,162,163,1239,1997,17574.0,0.0,1.267794,1.727888,NLD,NOR,5107
2836154,179,163,1239,1997,14142.0,0.0,0.379367,1.296551,PRT,NOR,5107
2836155,208,163,1239,1997,7788.0,34425.0,2.120182,0.993078,SWE,NOR,5107
2836156,216,163,1239,1997,0.0,207651.0,0.084875,1.41931,THA,NOR,5107
2836157,231,163,1239,1997,0.0,3549.0,1.823511,0.888084,USA,NOR,5107
2836158,14,166,1239,1997,711955.0,11678143.0,0.428555,0.798283,AUS,NZL,5107
2836159,15,166,1239,1997,128584.0,0.0,1.8926189999999998,0.624346,AUT,NZL,5107
2836160,39,166,1239,1997,0.0,66809.0,1.109494,1.178772,CAN,NZL,5107
2836161,41,166,1239,1997,0.0,1318.0,2.280163,0.597819,CHE,NZL,5107
2836162,42,166,1239,1997,0.0,9159.0,0.002791,-0.030604000000000003,CHL,NZL,5107
2836163,43,166,1239,1997,38986.0,627550.0,0.36051300000000003,3.287322,CHN,NZL,5107
2836164,61,166,1239,1997,372836.0,5860.0,2.293936,-2.2301919999999997,DEU,NZL,5107
2836165,64,166,1239,1997,0.0,819.0,1.358279,1.420107,DNK,NZL,5107
2836166,71,166,1239,1997,866344.0,0.0,1.082049,2.0238650000000002,ESP,NZL,5107
2836167,75,166,1239,1997,0.0,1246.0,-0.9404020000000001,-0.8833989999999999,FJI,NZL,5107
2836168,77,166,1239,1997,46875.0,0.0,1.69504,0.8278549999999999,FRA,NZL,5107
2836169,81,166,1239,1997,203611.0,4455.0,1.886353,0.783832,GBR,NZL,5107
2836170,97,166,1239,1997,50916.0,236413.0,0.521942,2.578405,HKG,NZL,5107
2836171,100,166,1239,1997,0.0,1937.0,0.607903,1.147751,HRV,NZL,5107
2836172,103,166,1239,1997,131320.0,22514.0,-0.44080699999999995,1.220104,IDN,NZL,5107
2836173,104,166,1239,1997,230629.0,0.0,0.262571,2.31305,IND,NZL,5107
2836174,111,166,1239,1997,213717.0,0.0,1.4860389999999999,1.235674,ITA,NZL,5107
2836175,114,166,1239,1997,10628.0,17990.0,2.631846,0.553144,JPN,NZL,5107
2836176,121,166,1239,1997,0.0,454164.0,1.0478290000000001,1.2874370000000002,KOR,NZL,5107
2836177,151,166,1239,1997,0.0,371582.0,-0.49241,-0.695729,MUS,NZL,5107
2836178,153,166,1239,1997,89132.0,0.0,0.37340999999999996,0.36853600000000003,MYS,NZL,5107
2836179,173,166,1239,1997,3425.0,0.0,-0.5023880000000001,-0.262563,PER,NZL,5107
2836180,208,166,1239,1997,0.0,40795.0,2.120182,0.993078,SWE,NZL,5107
2836181,216,166,1239,1997,40081.0,0.0,0.084875,1.41931,THA,NZL,5107
2836182,231,166,1239,1997,0.0,2143288.0,1.823511,0.888084,USA,NZL,5107
2836183,249,166,1239,1997,3947.0,2076.0,1.317672,1.800561,TWN,NZL,5107
2836184,250,166,1239,1997,42716.0,0.0,1.036748,0.851626,ANS,NZL,5107
2836185,81,169,1239,1997,13652.0,0.0,1.886353,0.783832,GBR,PAN,5107
2836186,14,174,1239,1997,76672.0,0.0,0.428555,0.798283,AUS,PHL,5107
2836187,18,174,1239,1997,1626.0,0.0,1.4274069999999999,1.490435,BEL,PHL,5107
2836188,43,174,1239,1997,282928.0,86688.0,0.36051300000000003,3.287322,CHN,PHL,5107
2836189,61,174,1239,1997,351461.0,0.0,2.293936,-2.2301919999999997,DEU,PHL,5107
2836190,77,174,1239,1997,1839.0,0.0,1.69504,0.8278549999999999,FRA,PHL,5107
2836191,97,174,1239,1997,2341492.0,192241.0,0.521942,2.578405,HKG,PHL,5107
2836192,103,174,1239,1997,4012.0,11581.0,-0.44080699999999995,1.220104,IDN,PHL,5107
2836193,106,174,1239,1997,89242.0,0.0,1.471048,0.8769370000000001,IRL,PHL,5107
2836194,111,174,1239,1997,64648.0,0.0,1.4860389999999999,1.235674,ITA,PHL,5107
2836195,114,174,1239,1997,66333.0,0.0,2.631846,0.553144,JPN,PHL,5107
2836196,121,174,1239,1997,143460.0,0.0,1.0478290000000001,1.2874370000000002,KOR,PHL,5107
2836197,188,174,1239,1997,0.0,1692.0,0.015040000000000001,-0.954475,SAU,PHL,5107
2836198,192,174,1239,1997,15046.0,0.0,1.01557,0.360154,SGP,PHL,5107
2836199,216,174,1239,1997,14384.0,36528.0,0.084875,1.41931,THA,PHL,5107
2836200,231,174,1239,1997,81342.0,0.0,1.823511,0.888084,USA,PHL,5107
2836201,249,174,1239,1997,3049.0,0.0,1.317672,1.800561,TWN,PHL,5107
2836202,15,179,1239,1997,141312.0,5005.0,1.8926189999999998,0.624346,AUT,PRT,5107
2836203,18,179,1239,1997,12571.0,1138972.0,1.4274069999999999,1.490435,BEL,PRT,5107
2836204,41,179,1239,1997,1362988.0,8067.0,2.280163,0.597819,CHE,PRT,5107
2836205,61,179,1239,1997,6475693.0,30956437.0,2.293936,-2.2301919999999997,DEU,PRT,5107
2836206,64,179,1239,1997,0.0,20728.0,1.358279,1.420107,DNK,PRT,5107
2836207,71,179,1239,1997,1506246.0,269083.0,1.082049,2.0238650000000002,ESP,PRT,5107
2836208,72,179,1239,1997,1229.0,19467.0,0.460823,0.9126700000000001,EST,PRT,5107
2836209,74,179,1239,1997,0.0,48688.0,1.9298959999999998,1.083861,FIN,PRT,5107
2836210,77,179,1239,1997,2745680.0,334640.0,1.69504,0.8278549999999999,FRA,PRT,5107
2836211,81,179,1239,1997,1941007.0,62336.0,1.886353,0.783832,GBR,PRT,5107
2836212,104,179,1239,1997,749503.0,0.0,0.262571,2.31305,IND,PRT,5107
2836213,106,179,1239,1997,55827.0,95727.0,1.471048,0.8769370000000001,IRL,PRT,5107
2836214,111,179,1239,1997,8604899.0,17346.0,1.4860389999999999,1.235674,ITA,PRT,5107
2836215,134,179,1239,1997,32919.0,0.0,-0.649616,-0.260554,MAR,PRT,5107
2836216,147,179,1239,1997,0.0,4570.0,-0.8600620000000001,-0.9672270000000001,MOZ,PRT,5107
2836217,163,179,1239,1997,0.0,14142.0,1.003945,0.188826,NOR,PRT,5107
2836218,177,179,1239,1997,0.0,51280.0,0.805559,1.9598520000000001,POL,PRT,5107
2836219,190,179,1239,1997,0.0,49555.0,-1.300352,-1.199816,SDN,PRT,5107
2836220,216,179,1239,1997,620849.0,0.0,0.084875,1.41931,THA,PRT,5107
2836221,231,179,1239,1997,0.0,8374.0,1.823511,0.888084,USA,PRT,5107
2836222,18,190,1239,1997,246163.0,0.0,1.4274069999999999,1.490435,BEL,SDN,5107
2836223,97,190,1239,1997,189785.0,0.0,0.521942,2.578405,HKG,SDN,5107
2836224,111,190,1239,1997,43453.0,0.0,1.4860389999999999,1.235674,ITA,SDN,5107
2836225,179,190,1239,1997,49555.0,0.0,0.379367,1.296551,PRT,SDN,5107
2836226,188,190,1239,1997,4581.0,0.0,0.015040000000000001,-0.954475,SAU,SDN,5107
2836227,212,190,1239,1997,5876.0,0.0,-1.046433,-0.9678620000000001,SYR,SDN,5107
2836228,224,190,1239,1997,288596.0,0.0,0.167734,1.5827870000000002,TUR,SDN,5107
2836229,77,191,1239,1997,5062.0,0.0,1.69504,0.8278549999999999,FRA,SEN,5107
2836230,111,191,1239,1997,190688.0,0.0,1.4860389999999999,1.235674,ITA,SEN,5107
2836231,111,197,1239,1997,2592.0,0.0,1.4860389999999999,1.235674,ITA,SLV,5107
2836232,15,208,1239,1997,690796.0,0.0,1.8926189999999998,0.624346,AUT,SWE,5107
2836233,41,208,1239,1997,351079.0,0.0,2.280163,0.597819,CHE,SWE,5107
2836234,59,208,1239,1997,183488.0,57062.0,1.40651,1.354695,CZE,SWE,5107
2836235,61,208,1239,1997,2310652.0,4252.0,2.293936,-2.2301919999999997,DEU,SWE,5107
2836236,64,208,1239,1997,0.0,20185.0,1.358279,1.420107,DNK,SWE,5107
2836237,71,208,1239,1997,910246.0,27774.0,1.082049,2.0238650000000002,ESP,SWE,5107
2836238,72,208,1239,1997,24984.0,353305.0,0.460823,0.9126700000000001,EST,SWE,5107
2836239,74,208,1239,1997,0.0,73275.0,1.9298959999999998,1.083861,FIN,SWE,5107
2836240,77,208,1239,1997,225585.0,0.0,1.69504,0.8278549999999999,FRA,SWE,5107
2836241,81,208,1239,1997,3103514.0,50980.0,1.886353,0.783832,GBR,SWE,5107
2836242,90,208,1239,1997,31414.0,0.0,0.229516,1.085225,GRC,SWE,5107
2836243,103,208,1239,1997,74354.0,0.0,-0.44080699999999995,1.220104,IDN,SWE,5107
2836244,104,208,1239,1997,36559.0,0.0,0.262571,2.31305,IND,SWE,5107
2836245,106,208,1239,1997,62078.0,0.0,1.471048,0.8769370000000001,IRL,SWE,5107
2836246,111,208,1239,1997,148642.0,1898.0,1.4860389999999999,1.235674,ITA,SWE,5107
2836247,130,208,1239,1997,0.0,76814.0,0.377245,0.8823270000000001,LTU,SWE,5107
2836248,132,208,1239,1997,328902.0,4540.0,0.398848,0.215206,LVA,SWE,5107
2836249,153,208,1239,1997,134851.0,0.0,0.37340999999999996,0.36853600000000003,MYS,SWE,5107
2836250,162,208,1239,1997,28748.0,0.0,1.267794,1.727888,NLD,SWE,5107
2836251,163,208,1239,1997,34425.0,7788.0,1.003945,0.188826,NOR,SWE,5107
2836252,166,208,1239,1997,40795.0,0.0,0.557545,0.731294,NZL,SWE,5107
2836253,177,208,1239,1997,0.0,41716.0,0.805559,1.9598520000000001,POL,SWE,5107
2836254,192,208,1239,1997,42218.0,0.0,1.01557,0.360154,SGP,SWE,5107
2836255,14,216,1239,1997,76011.0,1045201.0,0.428555,0.798283,AUS,THA,5107
2836256,32,216,1239,1997,0.0,46378.0,0.718336,1.203066,BRA,THA,5107
2836257,39,216,1239,1997,0.0,268354.0,1.109494,1.178772,CAN,THA,5107
2836258,41,216,1239,1997,13015.0,182656.0,2.280163,0.597819,CHE,THA,5107
2836259,42,216,1239,1997,0.0,2071.0,0.002791,-0.030604000000000003,CHL,THA,5107
2836260,43,216,1239,1997,1280012.0,401708.0,0.36051300000000003,3.287322,CHN,THA,5107
2836261,49,216,1239,1997,0.0,121253.0,0.190632,0.068001,COL,THA,5107
2836262,52,216,1239,1997,0.0,53431.0,-0.25974200000000003,0.196955,CRI,THA,5107
2836263,61,216,1239,1997,267328.0,0.0,2.293936,-2.2301919999999997,DEU,THA,5107
2836264,71,216,1239,1997,14131.0,88379.0,1.082049,2.0238650000000002,ESP,THA,5107
2836265,77,216,1239,1997,0.0,520916.0,1.69504,0.8278549999999999,FRA,THA,5107
2836266,81,216,1239,1997,489810.0,16142610.0,1.886353,0.783832,GBR,THA,5107
2836267,97,216,1239,1997,740720.0,172486.0,0.521942,2.578405,HKG,THA,5107
2836268,104,216,1239,1997,0.0,323871.0,0.262571,2.31305,IND,THA,5107
2836269,111,216,1239,1997,823090.0,8227543.0,1.4860389999999999,1.235674,ITA,THA,5107
2836270,114,216,1239,1997,286366.0,2996396.0,2.631846,0.553144,JPN,THA,5107
2836271,121,216,1239,1997,25352.0,4550128.0,1.0478290000000001,1.2874370000000002,KOR,THA,5107
2836272,130,216,1239,1997,0.0,335692.0,0.377245,0.8823270000000001,LTU,THA,5107
2836273,133,216,1239,1997,72377.0,0.0,-0.238002,-0.361492,MAC,THA,5107
2836274,138,216,1239,1997,0.0,249340.0,0.603221,0.898488,MEX,THA,5107
2836275,163,216,1239,1997,207651.0,0.0,1.003945,0.188826,NOR,THA,5107
2836276,166,216,1239,1997,0.0,40081.0,0.557545,0.731294,NZL,THA,5107
2836277,174,216,1239,1997,36528.0,14384.0,-0.24310900000000002,0.085784,PHL,THA,5107
2836278,178,216,1239,1997,0.0,624571.0,0.701604,0.649257,PRK,THA,5107
2836279,179,216,1239,1997,0.0,620849.0,0.379367,1.296551,PRT,THA,5107
2836280,211,216,1239,1997,5681.0,0.0,-0.19443,-0.768889,SYC,THA,5107
2836281,224,216,1239,1997,0.0,322186.0,0.167734,1.5827870000000002,TUR,THA,5107
2836282,230,216,1239,1997,0.0,1299.0,0.226228,0.29183400000000004,URY,THA,5107
2836283,231,216,1239,1997,124757.0,118259.0,1.823511,0.888084,USA,THA,5107
2836284,249,216,1239,1997,586689.0,3490.0,1.317672,1.800561,TWN,THA,5107
2836285,112,222,1239,1997,0.0,17409.0,-0.65455,-0.820413,JAM,TTO,5107
2836286,15,224,1239,1997,12390.0,0.0,1.8926189999999998,0.624346,AUT,TUR,5107
2836287,16,224,1239,1997,50241.0,0.0,0.290957,-0.18282,AZE,TUR,5107
2836288,18,224,1239,1997,5019.0,356530.0,1.4274069999999999,1.490435,BEL,TUR,5107
2836289,23,224,1239,1997,0.0,35499.0,0.487041,1.287344,BGR,TUR,5107
2836290,41,224,1239,1997,217302.0,0.0,2.280163,0.597819,CHE,TUR,5107
2836291,43,224,1239,1997,171022.0,0.0,0.36051300000000003,3.287322,CHN,TUR,5107
2836292,61,224,1239,1997,10591970.0,13476.0,2.293936,-2.2301919999999997,DEU,TUR,5107
2836293,64,224,1239,1997,29467.0,0.0,1.358279,1.420107,DNK,TUR,5107
2836294,71,224,1239,1997,34665.0,0.0,1.082049,2.0238650000000002,ESP,TUR,5107
2836295,77,224,1239,1997,5758742.0,0.0,1.69504,0.8278549999999999,FRA,TUR,5107
2836296,81,224,1239,1997,320088.0,9971.0,1.886353,0.783832,GBR,TUR,5107
2836297,90,224,1239,1997,25266.0,0.0,0.229516,1.085225,GRC,TUR,5107
2836298,97,224,1239,1997,0.0,24401.0,0.521942,2.578405,HKG,TUR,5107
2836299,104,224,1239,1997,1548984.0,0.0,0.262571,2.31305,IND,TUR,5107
2836300,107,224,1239,1997,0.0,14881.0,-0.503841,-0.9984059999999999,IRN,TUR,5107
2836301,110,224,1239,1997,36300.0,0.0,1.3230030000000002,0.965016,ISR,TUR,5107
2836302,111,224,1239,1997,15862903.0,13571.0,1.4860389999999999,1.235674,ITA,TUR,5107
2836303,117,224,1239,1997,466188.0,0.0,0.023634,-0.194868,KGZ,TUR,5107
2836304,124,224,1239,1997,0.0,2626.0,0.334291,0.783104,LBN,TUR,5107
2836305,130,224,1239,1997,0.0,1430.0,0.377245,0.8823270000000001,LTU,TUR,5107
2836306,162,224,1239,1997,1277.0,0.0,1.267794,1.727888,NLD,TUR,5107
2836307,177,224,1239,1997,2173124.0,0.0,0.805559,1.9598520000000001,POL,TUR,5107
2836308,186,224,1239,1997,65483.0,0.0,0.87377,0.423861,RUS,TUR,5107
2836309,190,224,1239,1997,0.0,288596.0,-1.300352,-1.199816,SDN,TUR,5107
2836310,212,224,1239,1997,0.0,1389268.0,-1.046433,-0.9678620000000001,SYR,TUR,5107
2836311,216,224,1239,1997,322186.0,0.0,0.084875,1.41931,THA,TUR,5107
2836312,219,224,1239,1997,0.0,71296.0,-0.554162,-1.042607,TKM,TUR,5107
2836313,231,224,1239,1997,0.0,1965.0,1.823511,0.888084,USA,TUR,5107
2836314,8,230,1239,1997,183529.0,19722.0,0.273654,0.495389,ARG,URY,5107
2836315,32,230,1239,1997,0.0,207870.0,0.718336,1.203066,BRA,URY,5107
2836316,43,230,1239,1997,0.0,994908.0,0.36051300000000003,3.287322,CHN,URY,5107
2836317,61,230,1239,1997,34881.0,2659.0,2.293936,-2.2301919999999997,DEU,URY,5107
2836318,71,230,1239,1997,3002.0,0.0,1.082049,2.0238650000000002,ESP,URY,5107
2836319,77,230,1239,1997,8813.0,0.0,1.69504,0.8278549999999999,FRA,URY,5107
2836320,81,230,1239,1997,337750.0,0.0,1.886353,0.783832,GBR,URY,5107
2836321,104,230,1239,1997,334232.0,0.0,0.262571,2.31305,IND,URY,5107
2836322,111,230,1239,1997,473478.0,6801.0,1.4860389999999999,1.235674,ITA,URY,5107
2836323,114,230,1239,1997,0.0,32740.0,2.631846,0.553144,JPN,URY,5107
2836324,216,230,1239,1997,1299.0,0.0,0.084875,1.41931,THA,URY,5107
2836325,231,230,1239,1997,0.0,4688.0,1.823511,0.888084,USA,URY,5107
2836326,14,231,1239,1997,232171.0,26823.0,0.428555,0.798283,AUS,USA,5107
2836327,15,231,1239,1997,148374.0,3035.0,1.8926189999999998,0.624346,AUT,USA,5107
2836328,18,231,1239,1997,90123.0,0.0,1.4274069999999999,1.490435,BEL,USA,5107
2836329,31,231,1239,1997,0.0,4009.0,-0.697563,-0.8841479999999999,BOL,USA,5107
2836330,32,231,1239,1997,145168.0,0.0,0.718336,1.203066,BRA,USA,5107
2836331,39,231,1239,1997,11336870.0,4618453.0,1.109494,1.178772,CAN,USA,5107
2836332,41,231,1239,1997,739372.0,0.0,2.280163,0.597819,CHE,USA,5107
2836333,43,231,1239,1997,93519.0,159206.0,0.36051300000000003,3.287322,CHN,USA,5107
2836334,49,231,1239,1997,0.0,26171.0,0.190632,0.068001,COL,USA,5107
2836335,52,231,1239,1997,0.0,16305.0,-0.25974200000000003,0.196955,CRI,USA,5107
2836336,59,231,1239,1997,198189.0,0.0,1.40651,1.354695,CZE,USA,5107
2836337,61,231,1239,1997,4448303.0,11905.0,2.293936,-2.2301919999999997,DEU,USA,5107
2836338,64,231,1239,1997,5195.0,75692.0,1.358279,1.420107,DNK,USA,5107
2836339,65,231,1239,1997,0.0,72272.0,-0.6062850000000001,-0.648523,DOM,USA,5107
2836340,71,231,1239,1997,72193.0,0.0,1.082049,2.0238650000000002,ESP,USA,5107
2836341,77,231,1239,1997,640337.0,30958.0,1.69504,0.8278549999999999,FRA,USA,5107
2836342,81,231,1239,1997,8979880.0,172015.0,1.886353,0.783832,GBR,USA,5107
2836343,93,231,1239,1997,0.0,1237.0,-0.310042,0.2096,GTM,USA,5107
2836344,97,231,1239,1997,26115.0,21247.0,0.521942,2.578405,HKG,USA,5107
2836345,99,231,1239,1997,0.0,1224.0,-0.832161,-0.5578270000000001,HND,USA,5107
2836346,103,231,1239,1997,1165.0,0.0,-0.44080699999999995,1.220104,IDN,USA,5107
2836347,104,231,1239,1997,2382141.0,9501.0,0.262571,2.31305,IND,USA,5107
2836348,106,231,1239,1997,73904.0,0.0,1.471048,0.8769370000000001,IRL,USA,5107
2836349,110,231,1239,1997,0.0,6997.0,1.3230030000000002,0.965016,ISR,USA,5107
2836350,111,231,1239,1997,16940661.0,63178.0,1.4860389999999999,1.235674,ITA,USA,5107
2836351,113,231,1239,1997,0.0,20775.0,0.49456300000000003,0.33966,JOR,USA,5107
2836352,114,231,1239,1997,72683.0,0.0,2.631846,0.553144,JPN,USA,5107
2836353,121,231,1239,1997,0.0,45022.0,1.0478290000000001,1.2874370000000002,KOR,USA,5107
2836354,127,231,1239,1997,0.0,831.0,-0.148373,-0.516139,LCA,USA,5107
2836355,130,231,1239,1997,1212.0,15293.0,0.377245,0.8823270000000001,LTU,USA,5107
2836356,138,231,1239,1997,0.0,285336.0,0.603221,0.898488,MEX,USA,5107
2836357,153,231,1239,1997,1395349.0,0.0,0.37340999999999996,0.36853600000000003,MYS,USA,5107
2836358,163,231,1239,1997,3549.0,0.0,1.003945,0.188826,NOR,USA,5107
2836359,166,231,1239,1997,2143288.0,0.0,0.557545,0.731294,NZL,USA,5107
2836360,173,231,1239,1997,3123756.0,1110.0,-0.5023880000000001,-0.262563,PER,USA,5107
2836361,174,231,1239,1997,0.0,81342.0,-0.24310900000000002,0.085784,PHL,USA,5107
2836362,177,231,1239,1997,68099.0,20723.0,0.805559,1.9598520000000001,POL,USA,5107
2836363,179,231,1239,1997,8374.0,0.0,0.379367,1.296551,PRT,USA,5107
2836364,186,231,1239,1997,0.0,42811.0,0.87377,0.423861,RUS,USA,5107
2836365,192,231,1239,1997,0.0,15574.0,1.01557,0.360154,SGP,USA,5107
2836366,216,231,1239,1997,118259.0,124757.0,0.084875,1.41931,THA,USA,5107
2836367,224,231,1239,1997,1965.0,0.0,0.167734,1.5827870000000002,TUR,USA,5107
2836368,230,231,1239,1997,4688.0,0.0,0.226228,0.29183400000000004,URY,USA,5107
2836369,236,231,1239,1997,0.0,10777.0,0.21363200000000002,-0.668341,VEN,USA,5107
2836370,111,236,1239,1997,33466.0,0.0,1.4860389999999999,1.235674,ITA,VEN,5107
2836371,231,236,1239,1997,10777.0,0.0,1.823511,0.888084,USA,VEN,5107
2836372,14,246,1239,1997,0.0,95561.0,0.428555,0.798283,AUS,ZAF,5107
2836373,18,246,1239,1997,16470.0,0.0,1.4274069999999999,1.490435,BEL,ZAF,5107
2836374,41,246,1239,1997,11218.0,0.0,2.280163,0.597819,CHE,ZAF,5107
2836375,43,246,1239,1997,0.0,2400.0,0.36051300000000003,3.287322,CHN,ZAF,5107
2836376,61,246,1239,1997,142573.0,6559.0,2.293936,-2.2301919999999997,DEU,ZAF,5107
2836377,77,246,1239,1997,243263.0,0.0,1.69504,0.8278549999999999,FRA,ZAF,5107
2836378,81,246,1239,1997,55516.0,1662099.0,1.886353,0.783832,GBR,ZAF,5107
2836379,111,246,1239,1997,166999.0,37163.0,1.4860389999999999,1.235674,ITA,ZAF,5107
2836380,151,246,1239,1997,0.0,15002.0,-0.49241,-0.695729,MUS,ZAF,5107
2836381,247,246,1239,1997,0.0,19597.0,-0.62183,-0.809639,ZMB,ZAF,5107
2836382,250,246,1239,1997,16985.0,0.0,1.036748,0.851626,ANS,ZAF,5107
2836383,15,14,1239,1997,386725.0,0.0,1.8926189999999998,0.624346,AUT,AUS,5107
2836384,18,14,1239,1997,247547.0,0.0,1.4274069999999999,1.490435,BEL,AUS,5107
2836385,39,14,1239,1997,65705.0,141363.0,1.109494,1.178772,CAN,AUS,5107
2836386,41,14,1239,1997,111589.0,0.0,2.280163,0.597819,CHE,AUS,5107
2836387,43,14,1239,1997,2576363.0,5234821.0,0.36051300000000003,3.287322,CHN,AUS,5107
2836388,61,14,1239,1997,1139070.0,33165.0,2.293936,-2.2301919999999997,DEU,AUS,5107
2836389,71,14,1239,1997,1383180.0,0.0,1.082049,2.0238650000000002,ESP,AUS,5107
2836390,77,14,1239,1997,147251.0,0.0,1.69504,0.8278549999999999,FRA,AUS,5107
2836391,81,14,1239,1997,480024.0,684034.0,1.886353,0.783832,GBR,AUS,5107
2836392,97,14,1239,1997,4081903.0,89692.0,0.521942,2.578405,HKG,AUS,5107
2836393,102,14,1239,1997,0.0,46435.0,0.746743,1.577102,HUN,AUS,5107
2836394,103,14,1239,1997,11639.0,1365308.0,-0.44080699999999995,1.220104,IDN,AUS,5107
2836395,104,14,1239,1997,405051.0,0.0,0.262571,2.31305,IND,AUS,5107
2836396,111,14,1239,1997,1089460.0,11693.0,1.4860389999999999,1.235674,ITA,AUS,5107
2836397,114,14,1239,1997,246489.0,94762.0,2.631846,0.553144,JPN,AUS,5107
2836398,121,14,1239,1997,2205997.0,67949.0,1.0478290000000001,1.2874370000000002,KOR,AUS,5107
2836399,138,14,1239,1997,0.0,77988.0,0.603221,0.898488,MEX,AUS,5107
2836400,153,14,1239,1997,1084937.0,345269.0,0.37340999999999996,0.36853600000000003,MYS,AUS,5107
2836401,166,14,1239,1997,11678143.0,711955.0,0.557545,0.731294,NZL,AUS,5107
2836402,174,14,1239,1997,0.0,76672.0,-0.24310900000000002,0.085784,PHL,AUS,5107
2836403,192,14,1239,1997,0.0,21979.0,1.01557,0.360154,SGP,AUS,5107
2836404,216,14,1239,1997,1045201.0,76011.0,0.084875,1.41931,THA,AUS,5107
2836405,231,14,1239,1997,26823.0,232171.0,1.823511,0.888084,USA,AUS,5107
2836406,246,14,1239,1997,95561.0,0.0,0.501792,1.1192440000000001,ZAF,AUS,5107
2836407,249,14,1239,1997,324837.0,1402.0,1.317672,1.800561,TWN,AUS,5107
2836408,250,14,1239,1997,27716.0,0.0,1.036748,0.851626,ANS,AUS,5107
2836409,186,16,1239,1997,70950.0,0.0,0.87377,0.423861,RUS,AZE,5107
2836410,224,16,1239,1997,0.0,50241.0,0.167734,1.5827870000000002,TUR,AZE,5107
2836411,81,22,1239,1997,0.0,15712.0,1.886353,0.783832,GBR,BGD,5107
2836412,97,22,1239,1997,3993.0,0.0,0.521942,2.578405,HKG,BGD,5107
2836413,111,22,1239,1997,19430.0,0.0,1.4860389999999999,1.235674,ITA,BGD,5107
2836414,153,22,1239,1997,40263.0,0.0,0.37340999999999996,0.36853600000000003,MYS,BGD,5107
2836415,4,23,1239,1997,0.0,50840.0,-0.32351599999999997,-0.170449,ALB,BGR,5107
2836416,42,23,1239,1997,0.0,990.0,0.002791,-0.030604000000000003,CHL,BGR,5107
2836417,61,23,1239,1997,1796538.0,11693.0,2.293936,-2.2301919999999997,DEU,BGR,5107
2836418,71,23,1239,1997,924.0,45080.0,1.082049,2.0238650000000002,ESP,BGR,5107
2836419,77,23,1239,1997,122200.0,11204.0,1.69504,0.8278549999999999,FRA,BGR,5107
2836420,81,23,1239,1997,0.0,13390.0,1.886353,0.783832,GBR,BGR,5107
2836421,90,23,1239,1997,3998.0,97612.0,0.229516,1.085225,GRC,BGR,5107
2836422,111,23,1239,1997,1966854.0,13669.0,1.4860389999999999,1.235674,ITA,BGR,5107
2836423,124,23,1239,1997,0.0,79081.0,0.334291,0.783104,LBN,BGR,5107
2836424,140,23,1239,1997,2534.0,0.0,0.26327399999999995,0.704879,MKD,BGR,5107
2836425,185,23,1239,1997,0.0,16730.0,0.44381000000000004,1.084109,ROU,BGR,5107
2836426,189,23,1239,1997,0.0,869.0,0.659904,1.702849,SCG,BGR,5107
2836427,224,23,1239,1997,35499.0,0.0,0.167734,1.5827870000000002,TUR,BGR,5107
2836428,250,23,1239,1997,0.0,19882.0,1.036748,0.851626,ANS,BGR,5107
2836429,8,32,1239,1997,109926.0,0.0,0.273654,0.495389,ARG,BRA,5107
2836430,39,32,1239,1997,21606.0,233553.0,1.109494,1.178772,CAN,BRA,5107
2836431,43,32,1239,1997,71079.0,0.0,0.36051300000000003,3.287322,CHN,BRA,5107
2836432,49,32,1239,1997,0.0,28397.0,0.190632,0.068001,COL,BRA,5107
2836433,61,32,1239,1997,95468.0,15817.0,2.293936,-2.2301919999999997,DEU,BRA,5107
2836434,71,32,1239,1997,5072.0,0.0,1.082049,2.0238650000000002,ESP,BRA,5107
2836435,81,32,1239,1997,93227.0,0.0,1.886353,0.783832,GBR,BRA,5107
2836436,104,32,1239,1997,8664.0,0.0,0.262571,2.31305,IND,BRA,5107
2836437,111,32,1239,1997,331080.0,0.0,1.4860389999999999,1.235674,ITA,BRA,5107
2836438,114,32,1239,1997,0.0,2355684.0,2.631846,0.553144,JPN,BRA,5107
2836439,216,32,1239,1997,46378.0,0.0,0.084875,1.41931,THA,BRA,5107
2836440,230,32,1239,1997,207870.0,0.0,0.226228,0.29183400000000004,URY,BRA,5107
2836441,231,32,1239,1997,0.0,145168.0,1.823511,0.888084,USA,BRA,5107
2836442,14,39,1239,1997,141363.0,65705.0,0.428555,0.798283,AUS,CAN,5107
2836443,32,39,1239,1997,233553.0,21606.0,0.718336,1.203066,BRA,CAN,5107
2836444,41,39,1239,1997,545460.0,0.0,2.280163,0.597819,CHE,CAN,5107
2836445,43,39,1239,1997,493237.0,1062174.0,0.36051300000000003,3.287322,CHN,CAN,5107
2836446,52,39,1239,1997,0.0,11619.0,-0.25974200000000003,0.196955,CRI,CAN,5107
2836447,61,39,1239,1997,5398384.0,0.0,2.293936,-2.2301919999999997,DEU,CAN,5107
2836448,64,39,1239,1997,2013.0,0.0,1.358279,1.420107,DNK,CAN,5107
2836449,77,39,1239,1997,74544.0,0.0,1.69504,0.8278549999999999,FRA,CAN,5107
2836450,81,39,1239,1997,1849336.0,526695.0,1.886353,0.783832,GBR,CAN,5107
2836451,97,39,1239,1997,0.0,1511960.0,0.521942,2.578405,HKG,CAN,5107
2836452,103,39,1239,1997,102154.0,0.0,-0.44080699999999995,1.220104,IDN,CAN,5107
2836453,104,39,1239,1997,1393997.0,0.0,0.262571,2.31305,IND,CAN,5107
2836454,106,39,1239,1997,35825.0,0.0,1.471048,0.8769370000000001,IRL,CAN,5107
2836455,109,39,1239,1997,5323.0,0.0,0.217533,-0.405395,ISL,CAN,5107
2836456,111,39,1239,1997,754557.0,0.0,1.4860389999999999,1.235674,ITA,CAN,5107
2836457,114,39,1239,1997,1022.0,0.0,2.631846,0.553144,JPN,CAN,5107
2836458,138,39,1239,1997,0.0,1614.0,0.603221,0.898488,MEX,CAN,5107
2836459,166,39,1239,1997,66809.0,0.0,0.557545,0.731294,NZL,CAN,5107
2836460,173,39,1239,1997,33547.0,0.0,-0.5023880000000001,-0.262563,PER,CAN,5107
2836461,177,39,1239,1997,133683.0,0.0,0.805559,1.9598520000000001,POL,CAN,5107
2836462,216,39,1239,1997,268354.0,0.0,0.084875,1.41931,THA,CAN,5107
2836463,231,39,1239,1997,4618453.0,11336870.0,1.823511,0.888084,USA,CAN,5107
2836464,2,41,1239,1997,0.0,12168.0,-1.574236,-1.1722219999999999,AGO,CHE,5107
2836465,14,41,1239,1997,0.0,111589.0,0.428555,0.798283,AUS,CHE,5107
2836466,15,41,1239,1997,695017.0,1785262.0,1.8926189999999998,0.624346,AUT,CHE,5107
2836467,18,41,1239,1997,98175.0,17778.0,1.4274069999999999,1.490435,BEL,CHE,5107
2836468,39,41,1239,1997,0.0,545460.0,1.109494,1.178772,CAN,CHE,5107
2836469,59,41,1239,1997,1226181.0,164223.0,1.40651,1.354695,CZE,CHE,5107
2836470,61,41,1239,1997,3369224.0,16108724.0,2.293936,-2.2301919999999997,DEU,CHE,5107
2836471,64,41,1239,1997,22393.0,0.0,1.358279,1.420107,DNK,CHE,5107
2836472,71,41,1239,1997,0.0,60954.0,1.082049,2.0238650000000002,ESP,CHE,5107
2836473,74,41,1239,1997,0.0,83036.0,1.9298959999999998,1.083861,FIN,CHE,5107
2836474,77,41,1239,1997,777158.0,7570256.0,1.69504,0.8278549999999999,FRA,CHE,5107
2836475,81,41,1239,1997,2607985.0,1204291.0,1.886353,0.783832,GBR,CHE,5107
2836476,97,41,1239,1997,0.0,331622.0,0.521942,2.578405,HKG,CHE,5107
2836477,100,41,1239,1997,0.0,33077.0,0.607903,1.147751,HRV,CHE,5107
2836478,103,41,1239,1997,32877.0,40619.0,-0.44080699999999995,1.220104,IDN,CHE,5107
2836479,104,41,1239,1997,123633.0,0.0,0.262571,2.31305,IND,CHE,5107
2836480,106,41,1239,1997,0.0,2358.0,1.471048,0.8769370000000001,IRL,CHE,5107
2836481,110,41,1239,1997,0.0,234645.0,1.3230030000000002,0.965016,ISR,CHE,5107
2836482,111,41,1239,1997,5244908.0,10767760.0,1.4860389999999999,1.235674,ITA,CHE,5107
2836483,114,41,1239,1997,0.0,87416.0,2.631846,0.553144,JPN,CHE,5107
2836484,162,41,1239,1997,24648.0,0.0,1.267794,1.727888,NLD,CHE,5107
2836485,163,41,1239,1997,0.0,1388637.0,1.003945,0.188826,NOR,CHE,5107
2836486,166,41,1239,1997,1318.0,0.0,0.557545,0.731294,NZL,CHE,5107
2836487,173,41,1239,1997,14406.0,0.0,-0.5023880000000001,-0.262563,PER,CHE,5107
2836488,179,41,1239,1997,8067.0,1362988.0,0.379367,1.296551,PRT,CHE,5107
2836489,185,41,1239,1997,0.0,34995.0,0.44381000000000004,1.084109,ROU,CHE,5107
2836490,188,41,1239,1997,0.0,95302.0,0.015040000000000001,-0.954475,SAU,CHE,5107
2836491,189,41,1239,1997,1824.0,0.0,0.659904,1.702849,SCG,CHE,5107
2836492,207,41,1239,1997,10671.0,53802.0,1.435765,1.348897,SVN,CHE,5107
2836493,208,41,1239,1997,0.0,351079.0,2.120182,0.993078,SWE,CHE,5107
2836494,216,41,1239,1997,182656.0,13015.0,0.084875,1.41931,THA,CHE,5107
2836495,223,41,1239,1997,0.0,18622.0,-0.24073899999999998,-0.146818,TUN,CHE,5107
2836496,224,41,1239,1997,0.0,217302.0,0.167734,1.5827870000000002,TUR,CHE,5107
2836497,231,41,1239,1997,0.0,739372.0,1.823511,0.888084,USA,CHE,5107
2836498,246,41,1239,1997,0.0,11218.0,0.501792,1.1192440000000001,ZAF,CHE,5107
2836499,8,42,1239,1997,58043.0,0.0,0.273654,0.495389,ARG,CHL,5107
2836500,23,42,1239,1997,990.0,0.0,0.487041,1.287344,BGR,CHL,5107
2836501,43,42,1239,1997,117996.0,0.0,0.36051300000000003,3.287322,CHN,CHL,5107
2836502,61,42,1239,1997,114449.0,0.0,2.293936,-2.2301919999999997,DEU,CHL,5107
2836503,81,42,1239,1997,4386.0,0.0,1.886353,0.783832,GBR,CHL,5107
2836504,104,42,1239,1997,466764.0,0.0,0.262571,2.31305,IND,CHL,5107
2836505,111,42,1239,1997,214995.0,0.0,1.4860389999999999,1.235674,ITA,CHL,5107
2836506,138,42,1239,1997,0.0,3754.0,0.603221,0.898488,MEX,CHL,5107
2836507,166,42,1239,1997,9159.0,0.0,0.557545,0.731294,NZL,CHL,5107
2836508,173,42,1239,1997,300146.0,0.0,-0.5023880000000001,-0.262563,PER,CHL,5107
2836509,216,42,1239,1997,2071.0,0.0,0.084875,1.41931,THA,CHL,5107
2836510,15,59,1239,1997,160206.0,3861086.0,1.8926189999999998,0.624346,AUT,CZE,5107
2836511,18,59,1239,1997,41832.0,0.0,1.4274069999999999,1.490435,BEL,CZE,5107
2836512,41,59,1239,1997,164223.0,1226181.0,2.280163,0.597819,CHE,CZE,5107
2836513,61,59,1239,1997,4180242.0,5176873.0,2.293936,-2.2301919999999997,DEU,CZE,5107
2836514,64,59,1239,1997,7878.0,56750.0,1.358279,1.420107,DNK,CZE,5107
2836515,71,59,1239,1997,0.0,994.0,1.082049,2.0238650000000002,ESP,CZE,5107
2836516,74,59,1239,1997,0.0,321179.0,1.9298959999999998,1.083861,FIN,CZE,5107
2836517,77,59,1239,1997,14340.0,0.0,1.69504,0.8278549999999999,FRA,CZE,5107
2836518,81,59,1239,1997,68070.0,1342.0,1.886353,0.783832,GBR,CZE,5107
2836519,90,59,1239,1997,0.0,8955.0,0.229516,1.085225,GRC,CZE,5107
2836520,102,59,1239,1997,11104.0,0.0,0.746743,1.577102,HUN,CZE,5107
2836521,103,59,1239,1997,22339.0,0.0,-0.44080699999999995,1.220104,IDN,CZE,5107
2836522,104,59,1239,1997,35271.0,0.0,0.262571,2.31305,IND,CZE,5107
2836523,111,59,1239,1997,1060514.0,9537803.0,1.4860389999999999,1.235674,ITA,CZE,5107
2836524,128,59,1239,1997,0.0,112167.0,-0.925745,-0.308559,LKA,CZE,5107
2836525,153,59,1239,1997,0.0,69277.0,0.37340999999999996,0.36853600000000003,MYS,CZE,5107
2836526,162,59,1239,1997,18859.0,7690.0,1.267794,1.727888,NLD,CZE,5107
2836527,177,59,1239,1997,2631.0,708000.0,0.805559,1.9598520000000001,POL,CZE,5107
2836528,206,59,1239,1997,77228.0,908878.0,1.200699,1.318346,SVK,CZE,5107
2836529,208,59,1239,1997,57062.0,183488.0,2.120182,0.993078,SWE,CZE,5107
2836530,228,59,1239,1997,0.0,66464.0,0.8502559999999999,0.956254,UKR,CZE,5107
2836531,231,59,1239,1997,0.0,198189.0,1.823511,0.888084,USA,CZE,5107
2836532,250,59,1239,1997,288746.0,0.0,1.036748,0.851626,ANS,CZE,5107
2836533,71,66,1239,1997,584981.0,0.0,1.082049,2.0238650000000002,ESP,DZA,5107
2836534,77,66,1239,1997,2458.0,0.0,1.69504,0.8278549999999999,FRA,DZA,5107
2836535,61,68,1239,1997,125425.0,0.0,2.293936,-2.2301919999999997,DEU,EGY,5107
2836536,81,68,1239,1997,2022.0,20311.0,1.886353,0.783832,GBR,EGY,5107
2836537,90,68,1239,1997,125935.0,0.0,0.229516,1.085225,GRC,EGY,5107
2836538,100,68,1239,1997,241923.0,0.0,0.607903,1.147751,HRV,EGY,5107
2836539,103,68,1239,1997,10392.0,0.0,-0.44080699999999995,1.220104,IDN,EGY,5107
2836540,104,68,1239,1997,69390.0,0.0,0.262571,2.31305,IND,EGY,5107
2836541,111,68,1239,1997,1398750.0,0.0,1.4860389999999999,1.235674,ITA,EGY,5107
2836542,113,68,1239,1997,0.0,63679.0,0.49456300000000003,0.33966,JOR,EGY,5107
2836543,189,68,1239,1997,266822.0,0.0,0.659904,1.702849,SCG,EGY,5107
2836544,28,72,1239,1997,23025.0,0.0,0.563179,0.339149,BLR,EST,5107
2836545,61,72,1239,1997,0.0,36229.0,2.293936,-2.2301919999999997,DEU,EST,5107
2836546,74,72,1239,1997,2678.0,5399.0,1.9298959999999998,1.083861,FIN,EST,5107
2836547,77,72,1239,1997,21657.0,0.0,1.69504,0.8278549999999999,FRA,EST,5107
2836548,81,72,1239,1997,118169.0,0.0,1.886353,0.783832,GBR,EST,5107
2836549,111,72,1239,1997,1330.0,0.0,1.4860389999999999,1.235674,ITA,EST,5107
2836550,130,72,1239,1997,7953.0,0.0,0.377245,0.8823270000000001,LTU,EST,5107
2836551,132,72,1239,1997,299186.0,0.0,0.398848,0.215206,LVA,EST,5107
2836552,163,72,1239,1997,2496.0,0.0,1.003945,0.188826,NOR,EST,5107
2836553,179,72,1239,1997,19467.0,1229.0,0.379367,1.296551,PRT,EST,5107
2836554,186,72,1239,1997,45291.0,0.0,0.87377,0.423861,RUS,EST,5107
2836555,208,72,1239,1997,353305.0,24984.0,2.120182,0.993078,SWE,EST,5107
2836556,14,102,1239,1997,46435.0,0.0,0.428555,0.798283,AUS,HUN,5107
2836557,15,102,1239,1997,71689.0,12901.0,1.8926189999999998,0.624346,AUT,HUN,5107
2836558,18,102,1239,1997,38848.0,117176.0,1.4274069999999999,1.490435,BEL,HUN,5107
2836559,59,102,1239,1997,0.0,11104.0,1.40651,1.354695,CZE,HUN,5107
2836560,61,102,1239,1997,9645043.0,43576.0,2.293936,-2.2301919999999997,DEU,HUN,5107
2836561,77,102,1239,1997,383693.0,4805.0,1.69504,0.8278549999999999,FRA,HUN,5107
2836562,81,102,1239,1997,19785.0,0.0,1.886353,0.783832,GBR,HUN,5107
2836563,100,102,1239,1997,0.0,29057.0,0.607903,1.147751,HRV,HUN,5107
2836564,111,102,1239,1997,3710871.0,76656.0,1.4860389999999999,1.235674,ITA,HUN,5107
2836565,130,102,1239,1997,26432.0,0.0,0.377245,0.8823270000000001,LTU,HUN,5107
2836566,132,102,1239,1997,28584.0,0.0,0.398848,0.215206,LVA,HUN,5107
2836567,162,102,1239,1997,1510.0,0.0,1.267794,1.727888,NLD,HUN,5107
2836568,177,102,1239,1997,0.0,930.0,0.805559,1.9598520000000001,POL,HUN,5107
2836569,185,102,1239,1997,2871.0,944.0,0.44381000000000004,1.084109,ROU,HUN,5107
2836570,228,102,1239,1997,16122.0,0.0,0.8502559999999999,0.956254,UKR,HUN,5107
2836571,1,104,1239,1997,0.0,48212.0,0.019025999999999998,-0.351461,AFG,IND,5107
2836572,8,104,1239,1997,0.0,40916.0,0.273654,0.495389,ARG,IND,5107
2836573,14,104,1239,1997,0.0,405051.0,0.428555,0.798283,AUS,IND,5107
2836574,18,104,1239,1997,0.0,556338.0,1.4274069999999999,1.490435,BEL,IND,5107
2836575,32,104,1239,1997,0.0,8664.0,0.718336,1.203066,BRA,IND,5107
2836576,39,104,1239,1997,0.0,1393997.0,1.109494,1.178772,CAN,IND,5107
2836577,41,104,1239,1997,0.0,123633.0,2.280163,0.597819,CHE,IND,5107
2836578,42,104,1239,1997,0.0,466764.0,0.002791,-0.030604000000000003,CHL,IND,5107
2836579,43,104,1239,1997,105828.0,204162.0,0.36051300000000003,3.287322,CHN,IND,5107
2836580,49,104,1239,1997,0.0,157983.0,0.190632,0.068001,COL,IND,5107
2836581,59,104,1239,1997,0.0,35271.0,1.40651,1.354695,CZE,IND,5107
2836582,61,104,1239,1997,55319.0,665138.0,2.293936,-2.2301919999999997,DEU,IND,5107
2836583,68,104,1239,1997,0.0,69390.0,-0.314425,0.156345,EGY,IND,5107
2836584,71,104,1239,1997,88008.0,207494.0,1.082049,2.0238650000000002,ESP,IND,5107
2836585,77,104,1239,1997,24243.0,443000.0,1.69504,0.8278549999999999,FRA,IND,5107
2836586,81,104,1239,1997,3072806.0,23861091.0,1.886353,0.783832,GBR,IND,5107
2836587,90,104,1239,1997,0.0,806966.0,0.229516,1.085225,GRC,IND,5107
2836588,97,104,1239,1997,27371.0,471856.0,0.521942,2.578405,HKG,IND,5107
2836589,103,104,1239,1997,29497.0,5909.0,-0.44080699999999995,1.220104,IDN,IND,5107
2836590,106,104,1239,1997,4352.0,21706.0,1.471048,0.8769370000000001,IRL,IND,5107
2836591,107,104,1239,1997,0.0,416840.0,-0.503841,-0.9984059999999999,IRN,IND,5107
2836592,111,104,1239,1997,505983.0,6944455.0,1.4860389999999999,1.235674,ITA,IND,5107
2836593,113,104,1239,1997,0.0,109742.0,0.49456300000000003,0.33966,JOR,IND,5107
2836594,114,104,1239,1997,2370.0,11338809.0,2.631846,0.553144,JPN,IND,5107
2836595,121,104,1239,1997,252185.0,672307.0,1.0478290000000001,1.2874370000000002,KOR,IND,5107
2836596,124,104,1239,1997,0.0,23933.0,0.334291,0.783104,LBN,IND,5107
2836597,128,104,1239,1997,0.0,444946.0,-0.925745,-0.308559,LKA,IND,5107
2836598,138,104,1239,1997,0.0,254495.0,0.603221,0.898488,MEX,IND,5107
2836599,151,104,1239,1997,15914.0,0.0,-0.49241,-0.695729,MUS,IND,5107
2836600,153,104,1239,1997,326417.0,1567.0,0.37340999999999996,0.36853600000000003,MYS,IND,5107
2836601,162,104,1239,1997,0.0,9694.0,1.267794,1.727888,NLD,IND,5107
2836602,163,104,1239,1997,0.0,50195.0,1.003945,0.188826,NOR,IND,5107
2836603,164,104,1239,1997,0.0,40178.0,-0.559546,-0.358545,NPL,IND,5107
2836604,166,104,1239,1997,0.0,230629.0,0.557545,0.731294,NZL,IND,5107
2836605,167,104,1239,1997,0.0,3157.0,-0.335834,-0.945859,OMN,IND,5107
2836606,168,104,1239,1997,0.0,3387.0,-0.882432,-0.563344,PAK,IND,5107
2836607,173,104,1239,1997,0.0,50397.0,-0.5023880000000001,-0.262563,PER,IND,5107
2836608,177,104,1239,1997,0.0,114081.0,0.805559,1.9598520000000001,POL,IND,5107
2836609,179,104,1239,1997,0.0,749503.0,0.379367,1.296551,PRT,IND,5107
2836610,186,104,1239,1997,0.0,97899.0,0.87377,0.423861,RUS,IND,5107
2836611,192,104,1239,1997,0.0,159372.0,1.01557,0.360154,SGP,IND,5107
2836612,208,104,1239,1997,0.0,36559.0,2.120182,0.993078,SWE,IND,5107
2836613,216,104,1239,1997,323871.0,0.0,0.084875,1.41931,THA,IND,5107
2836614,223,104,1239,1997,0.0,62933.0,-0.24073899999999998,-0.146818,TUN,IND,5107
2836615,224,104,1239,1997,0.0,1548984.0,0.167734,1.5827870000000002,TUR,IND,5107
2836616,230,104,1239,1997,0.0,334232.0,0.226228,0.29183400000000004,URY,IND,5107
2836617,231,104,1239,1997,9501.0,2382141.0,1.823511,0.888084,USA,IND,5107
2836618,249,104,1239,1997,171096.0,789261.0,1.317672,1.800561,TWN,IND,5107
2836619,18,107,1239,1997,324519.0,0.0,1.4274069999999999,1.490435,BEL,IRN,5107
2836620,61,107,1239,1997,94360.0,0.0,2.293936,-2.2301919999999997,DEU,IRN,5107
2836621,77,107,1239,1997,14969.0,0.0,1.69504,0.8278549999999999,FRA,IRN,5107
2836622,104,107,1239,1997,416840.0,0.0,0.262571,2.31305,IND,IRN,5107
2836623,111,107,1239,1997,277720.0,0.0,1.4860389999999999,1.235674,ITA,IRN,5107
2836624,153,107,1239,1997,120004.0,0.0,0.37340999999999996,0.36853600000000003,MYS,IRN,5107
2836625,186,107,1239,1997,212040.0,0.0,0.87377,0.423861,RUS,IRN,5107
2836626,224,107,1239,1997,14881.0,0.0,0.167734,1.5827870000000002,TUR,IRN,5107
2836627,61,113,1239,1997,21460.0,0.0,2.293936,-2.2301919999999997,DEU,JOR,5107
2836628,68,113,1239,1997,63679.0,0.0,-0.314425,0.156345,EGY,JOR,5107
2836629,77,113,1239,1997,1362.0,0.0,1.69504,0.8278549999999999,FRA,JOR,5107
2836630,81,113,1239,1997,4346261.0,0.0,1.886353,0.783832,GBR,JOR,5107
2836631,104,113,1239,1997,109742.0,0.0,0.262571,2.31305,IND,JOR,5107
2836632,111,113,1239,1997,86312.0,0.0,1.4860389999999999,1.235674,ITA,JOR,5107
2836633,231,113,1239,1997,20775.0,0.0,1.823511,0.888084,USA,JOR,5107
2836634,14,114,1239,1997,94762.0,246489.0,0.428555,0.798283,AUS,JPN,5107
2836635,32,114,1239,1997,2355684.0,0.0,0.718336,1.203066,BRA,JPN,5107
2836636,39,114,1239,1997,0.0,1022.0,1.109494,1.178772,CAN,JPN,5107
2836637,41,114,1239,1997,87416.0,0.0,2.280163,0.597819,CHE,JPN,5107
2836638,43,114,1239,1997,61195278.0,6094032.0,0.36051300000000003,3.287322,CHN,JPN,5107
2836639,61,114,1239,1997,877846.0,0.0,2.293936,-2.2301919999999997,DEU,JPN,5107
2836640,71,114,1239,1997,36244.0,0.0,1.082049,2.0238650000000002,ESP,JPN,5107
2836641,77,114,1239,1997,305926.0,0.0,1.69504,0.8278549999999999,FRA,JPN,5107
2836642,81,114,1239,1997,1246472.0,20073.0,1.886353,0.783832,GBR,JPN,5107
2836643,97,114,1239,1997,163478.0,1888390.0,0.521942,2.578405,HKG,JPN,5107
2836644,103,114,1239,1997,12069016.0,464068.0,-0.44080699999999995,1.220104,IDN,JPN,5107
2836645,104,114,1239,1997,11338809.0,2370.0,0.262571,2.31305,IND,JPN,5107
2836646,111,114,1239,1997,24010016.0,297955.0,1.4860389999999999,1.235674,ITA,JPN,5107
2836647,121,114,1239,1997,971088.0,73450.0,1.0478290000000001,1.2874370000000002,KOR,JPN,5107
2836648,133,114,1239,1997,0.0,15077.0,-0.238002,-0.361492,MAC,JPN,5107
2836649,138,114,1239,1997,0.0,134359.0,0.603221,0.898488,MEX,JPN,5107
2836650,153,114,1239,1997,51323929.0,0.0,0.37340999999999996,0.36853600000000003,MYS,JPN,5107
2836651,166,114,1239,1997,17990.0,10628.0,0.557545,0.731294,NZL,JPN,5107
2836652,168,114,1239,1997,315000.0,0.0,-0.882432,-0.563344,PAK,JPN,5107
2836653,173,114,1239,1997,1496608.0,0.0,-0.5023880000000001,-0.262563,PER,JPN,5107
2836654,174,114,1239,1997,0.0,66333.0,-0.24310900000000002,0.085784,PHL,JPN,5107
2836655,177,114,1239,1997,546394.0,0.0,0.805559,1.9598520000000001,POL,JPN,5107
2836656,216,114,1239,1997,2996396.0,286366.0,0.084875,1.41931,THA,JPN,5107
2836657,230,114,1239,1997,32740.0,0.0,0.226228,0.29183400000000004,URY,JPN,5107
2836658,231,114,1239,1997,0.0,72683.0,1.823511,0.888084,USA,JPN,5107
2836659,239,114,1239,1997,0.0,157537.0,-0.93384,0.06253099999999999,VNM,JPN,5107
2836660,249,114,1239,1997,13463679.0,87409.0,1.317672,1.800561,TWN,JPN,5107
2836661,15,132,1239,1997,4792.0,0.0,1.8926189999999998,0.624346,AUT,LVA,5107
2836662,61,132,1239,1997,75040.0,6095.0,2.293936,-2.2301919999999997,DEU,LVA,5107
2836663,64,132,1239,1997,85330.0,94370.0,1.358279,1.420107,DNK,LVA,5107
2836664,71,132,1239,1997,0.0,35665.0,1.082049,2.0238650000000002,ESP,LVA,5107
2836665,72,132,1239,1997,0.0,299186.0,0.460823,0.9126700000000001,EST,LVA,5107
2836666,74,132,1239,1997,1383.0,80854.0,1.9298959999999998,1.083861,FIN,LVA,5107
2836667,81,132,1239,1997,7197.0,0.0,1.886353,0.783832,GBR,LVA,5107
2836668,102,132,1239,1997,0.0,28584.0,0.746743,1.577102,HUN,LVA,5107
2836669,111,132,1239,1997,25512.0,74252.0,1.4860389999999999,1.235674,ITA,LVA,5107
2836670,130,132,1239,1997,43312.0,838897.0,0.377245,0.8823270000000001,LTU,LVA,5107
2836671,186,132,1239,1997,32544.0,54436.0,0.87377,0.423861,RUS,LVA,5107
2836672,206,132,1239,1997,0.0,492522.0,1.200699,1.318346,SVK,LVA,5107
2836673,208,132,1239,1997,4540.0,328902.0,2.120182,0.993078,SWE,LVA,5107
2836674,228,132,1239,1997,0.0,16389.0,0.8502559999999999,0.956254,UKR,LVA,5107
2836675,18,140,1239,1997,0.0,241339.0,1.4274069999999999,1.490435,BEL,MKD,5107
2836676,23,140,1239,1997,0.0,2534.0,0.487041,1.287344,BGR,MKD,5107
2836677,26,140,1239,1997,30773.0,0.0,0.459512,0.194939,BIH,MKD,5107
2836678,61,140,1239,1997,74303.0,0.0,2.293936,-2.2301919999999997,DEU,MKD,5107
2836679,90,140,1239,1997,121665.0,0.0,0.229516,1.085225,GRC,MKD,5107
2836680,111,140,1239,1997,22843.0,0.0,1.4860389999999999,1.235674,ITA,MKD,5107
2836681,189,140,1239,1997,9557.0,5558.0,0.659904,1.702849,SCG,MKD,5107
2836682,207,140,1239,1997,4514.0,0.0,1.435765,1.348897,SVN,MKD,5107
2836683,111,159,1239,1997,5239.0,0.0,1.4860389999999999,1.235674,ITA,NGA,5107
2836684,104,167,1239,1997,3157.0,0.0,0.262571,2.31305,IND,OMN,5107
2836685,153,167,1239,1997,5375.0,0.0,0.37340999999999996,0.36853600000000003,MYS,OMN,5107
2836686,18,177,1239,1997,78499.0,4738.0,1.4274069999999999,1.490435,BEL,POL,5107
2836687,39,177,1239,1997,0.0,133683.0,1.109494,1.178772,CAN,POL,5107
2836688,43,177,1239,1997,69174.0,0.0,0.36051300000000003,3.287322,CHN,POL,5107
2836689,59,177,1239,1997,708000.0,2631.0,1.40651,1.354695,CZE,POL,5107
2836690,61,177,1239,1997,4399772.0,35011983.0,2.293936,-2.2301919999999997,DEU,POL,5107
2836691,64,177,1239,1997,17231.0,0.0,1.358279,1.420107,DNK,POL,5107
2836692,71,177,1239,1997,0.0,107300.0,1.082049,2.0238650000000002,ESP,POL,5107
2836693,77,177,1239,1997,1262071.0,24575.0,1.69504,0.8278549999999999,FRA,POL,5107
2836694,81,177,1239,1997,612727.0,2964602.0,1.886353,0.783832,GBR,POL,5107
2836695,102,177,1239,1997,930.0,0.0,0.746743,1.577102,HUN,POL,5107
2836696,104,177,1239,1997,114081.0,0.0,0.262571,2.31305,IND,POL,5107
2836697,111,177,1239,1997,4291489.0,71177.0,1.4860389999999999,1.235674,ITA,POL,5107
2836698,114,177,1239,1997,0.0,546394.0,2.631846,0.553144,JPN,POL,5107
2836699,138,177,1239,1997,0.0,201858.0,0.603221,0.898488,MEX,POL,5107
2836700,173,177,1239,1997,0.0,860.0,-0.5023880000000001,-0.262563,PER,POL,5107
2836701,179,177,1239,1997,51280.0,0.0,0.379367,1.296551,PRT,POL,5107
2836702,206,177,1239,1997,123738.0,0.0,1.200699,1.318346,SVK,POL,5107
2836703,208,177,1239,1997,41716.0,0.0,2.120182,0.993078,SWE,POL,5107
2836704,224,177,1239,1997,0.0,2173124.0,0.167734,1.5827870000000002,TUR,POL,5107
2836705,231,177,1239,1997,20723.0,68099.0,1.823511,0.888084,USA,POL,5107
2836706,250,177,1239,1997,129376.0,76763.0,1.036748,0.851626,ANS,POL,5107
2836707,16,186,1239,1997,0.0,70950.0,0.290957,-0.18282,AZE,RUS,5107
2836708,61,186,1239,1997,20907.0,0.0,2.293936,-2.2301919999999997,DEU,RUS,5107
2836709,72,186,1239,1997,0.0,45291.0,0.460823,0.9126700000000001,EST,RUS,5107
2836710,81,186,1239,1997,50025.0,0.0,1.886353,0.783832,GBR,RUS,5107
2836711,104,186,1239,1997,97899.0,0.0,0.262571,2.31305,IND,RUS,5107
2836712,107,186,1239,1997,0.0,212040.0,-0.503841,-0.9984059999999999,IRN,RUS,5107
2836713,111,186,1239,1997,69210.0,151148.0,1.4860389999999999,1.235674,ITA,RUS,5107
2836714,115,186,1239,1997,281194.0,14452.0,0.44044300000000003,-0.10249000000000001,KAZ,RUS,5107
2836715,117,186,1239,1997,17144.0,0.0,0.023634,-0.194868,KGZ,RUS,5107
2836716,121,186,1239,1997,17284.0,0.0,1.0478290000000001,1.2874370000000002,KOR,RUS,5107
2836717,130,186,1239,1997,69077.0,398225.0,0.377245,0.8823270000000001,LTU,RUS,5107
2836718,132,186,1239,1997,54436.0,32544.0,0.398848,0.215206,LVA,RUS,5107
2836719,173,186,1239,1997,5232.0,0.0,-0.5023880000000001,-0.262563,PER,RUS,5107
2836720,224,186,1239,1997,0.0,65483.0,0.167734,1.5827870000000002,TUR,RUS,5107
2836721,228,186,1239,1997,105617.0,31344.0,0.8502559999999999,0.956254,UKR,RUS,5107
2836722,231,186,1239,1997,42811.0,0.0,1.823511,0.888084,USA,RUS,5107
2836723,14,192,1239,1997,21979.0,0.0,0.428555,0.798283,AUS,SGP,5107
2836724,18,192,1239,1997,4156.0,0.0,1.4274069999999999,1.490435,BEL,SGP,5107
2836725,43,192,1239,1997,443142.0,99428.0,0.36051300000000003,3.287322,CHN,SGP,5107
2836726,77,192,1239,1997,6185.0,0.0,1.69504,0.8278549999999999,FRA,SGP,5107
2836727,81,192,1239,1997,75616.0,733370.0,1.886353,0.783832,GBR,SGP,5107
2836728,104,192,1239,1997,159372.0,0.0,0.262571,2.31305,IND,SGP,5107
2836729,111,192,1239,1997,57074.0,0.0,1.4860389999999999,1.235674,ITA,SGP,5107
2836730,153,192,1239,1997,296187.0,0.0,0.37340999999999996,0.36853600000000003,MYS,SGP,5107
2836731,164,192,1239,1997,0.0,93447.0,-0.559546,-0.358545,NPL,SGP,5107
2836732,174,192,1239,1997,0.0,15046.0,-0.24310900000000002,0.085784,PHL,SGP,5107
2836733,195,192,1239,1997,0.0,2934.0,-2.247325,-0.982799,SLB,SGP,5107
2836734,208,192,1239,1997,0.0,42218.0,2.120182,0.993078,SWE,SGP,5107
2836735,231,192,1239,1997,15574.0,0.0,1.823511,0.888084,USA,SGP,5107
2836736,249,192,1239,1997,11045.0,0.0,1.317672,1.800561,TWN,SGP,5107
2836737,15,206,1239,1997,88599.0,3139.0,1.8926189999999998,0.624346,AUT,SVK,5107
2836738,18,206,1239,1997,0.0,1446.0,1.4274069999999999,1.490435,BEL,SVK,5107
2836739,59,206,1239,1997,908878.0,77228.0,1.40651,1.354695,CZE,SVK,5107
2836740,61,206,1239,1997,2027361.0,26428.0,2.293936,-2.2301919999999997,DEU,SVK,5107
2836741,74,206,1239,1997,7526.0,0.0,1.9298959999999998,1.083861,FIN,SVK,5107
2836742,77,206,1239,1997,13400.0,0.0,1.69504,0.8278549999999999,FRA,SVK,5107
2836743,100,206,1239,1997,0.0,13815.0,0.607903,1.147751,HRV,SVK,5107
2836744,111,206,1239,1997,3078400.0,8427.0,1.4860389999999999,1.235674,ITA,SVK,5107
2836745,132,206,1239,1997,492522.0,0.0,0.398848,0.215206,LVA,SVK,5107
2836746,177,206,1239,1997,0.0,123738.0,0.805559,1.9598520000000001,POL,SVK,5107
2836747,207,206,1239,1997,0.0,2247.0,1.435765,1.348897,SVN,SVK,5107
2836748,228,206,1239,1997,0.0,4597.0,0.8502559999999999,0.956254,UKR,SVK,5107
2836749,15,207,1239,1997,4692.0,276523.0,1.8926189999999998,0.624346,AUT,SVN,5107
2836750,18,207,1239,1997,0.0,372553.0,1.4274069999999999,1.490435,BEL,SVN,5107
2836751,26,207,1239,1997,24132.0,1958.0,0.459512,0.194939,BIH,SVN,5107
2836752,41,207,1239,1997,53802.0,10671.0,2.280163,0.597819,CHE,SVN,5107
2836753,61,207,1239,1997,2240295.0,35626.0,2.293936,-2.2301919999999997,DEU,SVN,5107
2836754,71,207,1239,1997,8859.0,0.0,1.082049,2.0238650000000002,ESP,SVN,5107
2836755,81,207,1239,1997,0.0,255241.0,1.886353,0.783832,GBR,SVN,5107
2836756,100,207,1239,1997,148772.0,27817.0,0.607903,1.147751,HRV,SVN,5107
2836757,111,207,1239,1997,1015422.0,1328060.0,1.4860389999999999,1.235674,ITA,SVN,5107
2836758,140,207,1239,1997,0.0,4514.0,0.26327399999999995,0.704879,MKD,SVN,5107
2836759,206,207,1239,1997,2247.0,0.0,1.200699,1.318346,SVK,SVN,5107
2836760,28,228,1239,1997,112064.0,0.0,0.563179,0.339149,BLR,UKR,5107
2836761,59,228,1239,1997,66464.0,0.0,1.40651,1.354695,CZE,UKR,5107
2836762,61,228,1239,1997,385057.0,0.0,2.293936,-2.2301919999999997,DEU,UKR,5107
2836763,102,228,1239,1997,0.0,16122.0,0.746743,1.577102,HUN,UKR,5107
2836764,111,228,1239,1997,374573.0,0.0,1.4860389999999999,1.235674,ITA,UKR,5107
2836765,132,228,1239,1997,16389.0,0.0,0.398848,0.215206,LVA,UKR,5107
2836766,135,228,1239,1997,2405.0,0.0,0.148579,-0.334685,MDA,UKR,5107
2836767,162,228,1239,1997,12048.0,0.0,1.267794,1.727888,NLD,UKR,5107
2836768,186,228,1239,1997,31344.0,105617.0,0.87377,0.423861,RUS,UKR,5107
2836769,189,228,1239,1997,0.0,5220.0,0.659904,1.702849,SCG,UKR,5107
2836770,206,228,1239,1997,4597.0,0.0,1.200699,1.318346,SVK,UKR,5107
2836771,14,249,1239,1997,1402.0,324837.0,0.428555,0.798283,AUS,TWN,5107
2836772,43,249,1239,1997,359812.0,6409326.0,0.36051300000000003,3.287322,CHN,TWN,5107
2836773,61,249,1239,1997,790458.0,0.0,2.293936,-2.2301919999999997,DEU,TWN,5107
2836774,71,249,1239,1997,1413.0,0.0,1.082049,2.0238650000000002,ESP,TWN,5107
2836775,77,249,1239,1997,84351.0,0.0,1.69504,0.8278549999999999,FRA,TWN,5107
2836776,81,249,1239,1997,123492.0,0.0,1.886353,0.783832,GBR,TWN,5107
2836777,97,249,1239,1997,85608.0,13914180.0,0.521942,2.578405,HKG,TWN,5107
2836778,103,249,1239,1997,0.0,319672.0,-0.44080699999999995,1.220104,IDN,TWN,5107
2836779,104,249,1239,1997,789261.0,171096.0,0.262571,2.31305,IND,TWN,5107
2836780,106,249,1239,1997,57801.0,0.0,1.471048,0.8769370000000001,IRL,TWN,5107
2836781,111,249,1239,1997,1472658.0,0.0,1.4860389999999999,1.235674,ITA,TWN,5107
2836782,114,249,1239,1997,87409.0,13463679.0,2.631846,0.553144,JPN,TWN,5107
2836783,118,249,1239,1997,0.0,26988.0,-1.458246,-1.243995,KHM,TWN,5107
2836784,121,249,1239,1997,41425.0,951744.0,1.0478290000000001,1.2874370000000002,KOR,TWN,5107
2836785,128,249,1239,1997,0.0,575032.0,-0.925745,-0.308559,LKA,TWN,5107
2836786,133,249,1239,1997,0.0,12066.0,-0.238002,-0.361492,MAC,TWN,5107
2836787,151,249,1239,1997,0.0,323033.0,-0.49241,-0.695729,MUS,TWN,5107
2836788,153,249,1239,1997,242428.0,0.0,0.37340999999999996,0.36853600000000003,MYS,TWN,5107
2836789,166,249,1239,1997,2076.0,3947.0,0.557545,0.731294,NZL,TWN,5107
2836790,174,249,1239,1997,0.0,3049.0,-0.24310900000000002,0.085784,PHL,TWN,5107
2836791,192,249,1239,1997,0.0,11045.0,1.01557,0.360154,SGP,TWN,5107
2836792,216,249,1239,1997,3490.0,586689.0,0.084875,1.41931,THA,TWN,5107
2836793,239,249,1239,1997,0.0,6667.0,-0.93384,0.06253099999999999,VNM,TWN,5107
2836794,32,8,1239,1997,0.0,109926.0,0.718336,1.203066,BRA,ARG,5107
2836795,42,8,1239,1997,0.0,58043.0,0.002791,-0.030604000000000003,CHL,ARG,5107
2836796,43,8,1239,1997,0.0,844811.0,0.36051300000000003,3.287322,CHN,ARG,5107
2836797,71,8,1239,1997,31624.0,0.0,1.082049,2.0238650000000002,ESP,ARG,5107
2836798,77,8,1239,1997,3623.0,0.0,1.69504,0.8278549999999999,FRA,ARG,5107
2836799,81,8,1239,1997,1501.0,0.0,1.886353,0.783832,GBR,ARG,5107
2836800,104,8,1239,1997,40916.0,0.0,0.262571,2.31305,IND,ARG,5107
2836801,111,8,1239,1997,430923.0,93008.0,1.4860389999999999,1.235674,ITA,ARG,5107
2836802,121,8,1239,1997,6912.0,0.0,1.0478290000000001,1.2874370000000002,KOR,ARG,5107
2836803,230,8,1239,1997,19722.0,183529.0,0.226228,0.29183400000000004,URY,ARG,5107
2836804,116,73,1239,1997,3024.0,0.0,-0.399028,0.196115,KEN,ETH,5107
2836805,73,116,1239,1997,0.0,3024.0,-1.239473,-1.159345,ETH,KEN,5107
2836806,81,116,1239,1997,11748.0,0.0,1.886353,0.783832,GBR,KEN,5107
2836807,153,116,1239,1997,360643.0,0.0,0.37340999999999996,0.36853600000000003,MYS,KEN,5107
2836808,15,134,1239,1997,4362.0,0.0,1.8926189999999998,0.624346,AUT,MAR,5107
2836809,18,134,1239,1997,37062.0,0.0,1.4274069999999999,1.490435,BEL,MAR,5107
2836810,61,134,1239,1997,1602.0,0.0,2.293936,-2.2301919999999997,DEU,MAR,5107
2836811,71,134,1239,1997,541490.0,27366.0,1.082049,2.0238650000000002,ESP,MAR,5107
2836812,77,134,1239,1997,524472.0,361130.0,1.69504,0.8278549999999999,FRA,MAR,5107
2836813,81,134,1239,1997,13888.0,0.0,1.886353,0.783832,GBR,MAR,5107
2836814,111,134,1239,1997,328348.0,1932.0,1.4860389999999999,1.235674,ITA,MAR,5107
2836815,126,134,1239,1997,0.0,29065.0,-0.49745600000000006,-1.126254,LBY,MAR,5107
2836816,179,134,1239,1997,0.0,32919.0,0.379367,1.296551,PRT,MAR,5107
2836817,223,134,1239,1997,46176.0,0.0,-0.24073899999999998,-0.146818,TUN,MAR,5107
2836818,18,173,1239,1997,0.0,38610.0,1.4274069999999999,1.490435,BEL,PER,5107
2836819,31,173,1239,1997,0.0,39966.0,-0.697563,-0.8841479999999999,BOL,PER,5107
2836820,39,173,1239,1997,0.0,33547.0,1.109494,1.178772,CAN,PER,5107
2836821,41,173,1239,1997,0.0,14406.0,2.280163,0.597819,CHE,PER,5107
2836822,42,173,1239,1997,0.0,300146.0,0.002791,-0.030604000000000003,CHL,PER,5107
2836823,43,173,1239,1997,339720.0,11986.0,0.36051300000000003,3.287322,CHN,PER,5107
2836824,49,173,1239,1997,0.0,7482.0,0.190632,0.068001,COL,PER,5107
2836825,52,173,1239,1997,0.0,4692.0,-0.25974200000000003,0.196955,CRI,PER,5107
2836826,61,173,1239,1997,1024.0,609789.0,2.293936,-2.2301919999999997,DEU,PER,5107
2836827,64,173,1239,1997,0.0,5830.0,1.358279,1.420107,DNK,PER,5107
2836828,71,173,1239,1997,0.0,97261.0,1.082049,2.0238650000000002,ESP,PER,5107
2836829,74,173,1239,1997,0.0,4065.0,1.9298959999999998,1.083861,FIN,PER,5107
2836830,77,173,1239,1997,0.0,73589.0,1.69504,0.8278549999999999,FRA,PER,5107
2836831,81,173,1239,1997,1162.0,230309.0,1.886353,0.783832,GBR,PER,5107
2836832,97,173,1239,1997,0.0,49583.0,0.521942,2.578405,HKG,PER,5107
2836833,104,173,1239,1997,50397.0,0.0,0.262571,2.31305,IND,PER,5107
2836834,110,173,1239,1997,0.0,93903.0,1.3230030000000002,0.965016,ISR,PER,5107
2836835,111,173,1239,1997,45953.0,3742524.0,1.4860389999999999,1.235674,ITA,PER,5107
2836836,114,173,1239,1997,0.0,1496608.0,2.631846,0.553144,JPN,PER,5107
2836837,121,173,1239,1997,0.0,45507.0,1.0478290000000001,1.2874370000000002,KOR,PER,5107
2836838,164,173,1239,1997,0.0,5342.0,-0.559546,-0.358545,NPL,PER,5107
2836839,166,173,1239,1997,0.0,3425.0,0.557545,0.731294,NZL,PER,5107
2836840,177,173,1239,1997,860.0,0.0,0.805559,1.9598520000000001,POL,PER,5107
2836841,186,173,1239,1997,0.0,5232.0,0.87377,0.423861,RUS,PER,5107
2836842,231,173,1239,1997,1110.0,3123756.0,1.823511,0.888084,USA,PER,5107
2836843,250,173,1239,1997,0.0,7752.0,1.036748,0.851626,ANS,PER,5107
2836844,111,247,1239,1997,1198.0,0.0,1.4860389999999999,1.235674,ITA,ZMB,5107
2836845,246,247,1239,1997,19597.0,0.0,0.501792,1.1192440000000001,ZAF,ZMB,5107
2836846,82,9,1239,1997,16209.0,0.0,0.304927,-0.082,GEO,ARM,5107
2836847,9,82,1239,1997,0.0,16209.0,1.178568,0.331529,ARM,GEO,5107
2836848,15,100,1239,1997,17389.0,0.0,1.8926189999999998,0.624346,AUT,HRV,5107
2836849,26,100,1239,1997,0.0,8881.0,0.459512,0.194939,BIH,HRV,5107
2836850,41,100,1239,1997,33077.0,0.0,2.280163,0.597819,CHE,HRV,5107
2836851,61,100,1239,1997,1555651.0,24742.0,2.293936,-2.2301919999999997,DEU,HRV,5107
2836852,68,100,1239,1997,0.0,241923.0,-0.314425,0.156345,EGY,HRV,5107
2836853,71,100,1239,1997,13147.0,0.0,1.082049,2.0238650000000002,ESP,HRV,5107
2836854,81,100,1239,1997,3163.0,0.0,1.886353,0.783832,GBR,HRV,5107
2836855,102,100,1239,1997,29057.0,0.0,0.746743,1.577102,HUN,HRV,5107
2836856,103,100,1239,1997,3434.0,0.0,-0.44080699999999995,1.220104,IDN,HRV,5107
2836857,111,100,1239,1997,1847020.0,7790.0,1.4860389999999999,1.235674,ITA,HRV,5107
2836858,166,100,1239,1997,1937.0,0.0,0.557545,0.731294,NZL,HRV,5107
2836859,206,100,1239,1997,13815.0,0.0,1.200699,1.318346,SVK,HRV,5107
2836860,207,100,1239,1997,27817.0,148772.0,1.435765,1.348897,SVN,HRV,5107
2836861,111,135,1239,1997,625011.0,0.0,1.4860389999999999,1.235674,ITA,MDA,5107
2836862,185,135,1239,1997,178997.0,0.0,0.44381000000000004,1.084109,ROU,MDA,5107
2836863,228,135,1239,1997,0.0,2405.0,0.8502559999999999,0.956254,UKR,MDA,5107
2836864,61,142,1239,1997,12128.0,0.0,2.293936,-2.2301919999999997,DEU,MLT,5107
2836865,111,142,1239,1997,9226.0,0.0,1.4860389999999999,1.235674,ITA,MLT,5107
2836866,15,185,1239,1997,8074.0,0.0,1.8926189999999998,0.624346,AUT,ROU,5107
2836867,18,185,1239,1997,110211.0,0.0,1.4274069999999999,1.490435,BEL,ROU,5107
2836868,23,185,1239,1997,16730.0,0.0,0.487041,1.287344,BGR,ROU,5107
2836869,41,185,1239,1997,34995.0,0.0,2.280163,0.597819,CHE,ROU,5107
2836870,61,185,1239,1997,1555792.0,8782.0,2.293936,-2.2301919999999997,DEU,ROU,5107
2836871,77,185,1239,1997,362359.0,14845.0,1.69504,0.8278549999999999,FRA,ROU,5107
2836872,81,185,1239,1997,2408194.0,118782.0,1.886353,0.783832,GBR,ROU,5107
2836873,90,185,1239,1997,44856.0,0.0,0.229516,1.085225,GRC,ROU,5107
2836874,102,185,1239,1997,944.0,2871.0,0.746743,1.577102,HUN,ROU,5107
2836875,103,185,1239,1997,1875.0,0.0,-0.44080699999999995,1.220104,IDN,ROU,5107
2836876,106,185,1239,1997,0.0,22734.0,1.471048,0.8769370000000001,IRL,ROU,5107
2836877,111,185,1239,1997,4952540.0,31085.0,1.4860389999999999,1.235674,ITA,ROU,5107
2836878,135,185,1239,1997,0.0,178997.0,0.148579,-0.334685,MDA,ROU,5107
2836879,15,189,1239,1997,57728.0,2711.0,1.8926189999999998,0.624346,AUT,SCG,5107
2836880,23,189,1239,1997,869.0,0.0,0.487041,1.287344,BGR,SCG,5107
2836881,26,189,1239,1997,0.0,2040.0,0.459512,0.194939,BIH,SCG,5107
2836882,41,189,1239,1997,0.0,1824.0,2.280163,0.597819,CHE,SCG,5107
2836883,61,189,1239,1997,133428.0,0.0,2.293936,-2.2301919999999997,DEU,SCG,5107
2836884,68,189,1239,1997,0.0,266822.0,-0.314425,0.156345,EGY,SCG,5107
2836885,81,189,1239,1997,34668.0,0.0,1.886353,0.783832,GBR,SCG,5107
2836886,111,189,1239,1997,395568.0,0.0,1.4860389999999999,1.235674,ITA,SCG,5107
2836887,140,189,1239,1997,5558.0,9557.0,0.26327399999999995,0.704879,MKD,SCG,5107
2836888,228,189,1239,1997,5220.0,0.0,0.8502559999999999,0.956254,UKR,SCG,5107
2836889,43,212,1239,1997,33451.0,0.0,0.36051300000000003,3.287322,CHN,SYR,5107
2836890,61,212,1239,1997,170109.0,0.0,2.293936,-2.2301919999999997,DEU,SYR,5107
2836891,77,212,1239,1997,39990.0,0.0,1.69504,0.8278549999999999,FRA,SYR,5107
2836892,81,212,1239,1997,35667.0,0.0,1.886353,0.783832,GBR,SYR,5107
2836893,111,212,1239,1997,220183.0,0.0,1.4860389999999999,1.235674,ITA,SYR,5107
2836894,124,212,1239,1997,1369568.0,0.0,0.334291,0.783104,LBN,SYR,5107
2836895,190,212,1239,1997,0.0,5876.0,-1.300352,-1.199816,SDN,SYR,5107
2836896,224,212,1239,1997,1389268.0,0.0,0.167734,1.5827870000000002,TUR,SYR,5107
2836897,15,223,1239,1997,337828.0,0.0,1.8926189999999998,0.624346,AUT,TUN,5107
2836898,18,223,1239,1997,8355.0,0.0,1.4274069999999999,1.490435,BEL,TUN,5107
2836899,41,223,1239,1997,18622.0,0.0,2.280163,0.597819,CHE,TUN,5107
2836900,61,223,1239,1997,11286.0,0.0,2.293936,-2.2301919999999997,DEU,TUN,5107
2836901,71,223,1239,1997,149324.0,0.0,1.082049,2.0238650000000002,ESP,TUN,5107
2836902,77,223,1239,1997,2904254.0,1001.0,1.69504,0.8278549999999999,FRA,TUN,5107
2836903,104,223,1239,1997,62933.0,0.0,0.262571,2.31305,IND,TUN,5107
2836904,111,223,1239,1997,7081146.0,92539.0,1.4860389999999999,1.235674,ITA,TUN,5107
2836905,126,223,1239,1997,0.0,262801.0,-0.49745600000000006,-1.126254,LBY,TUN,5107
2836906,134,223,1239,1997,0.0,46176.0,-0.649616,-0.260554,MAR,TUN,5107
2836907,14,250,1239,1997,0.0,27716.0,0.428555,0.798283,AUS,ANS,5107
2836908,23,250,1239,1997,19882.0,0.0,0.487041,1.287344,BGR,ANS,5107
2836909,43,250,1239,1997,0.0,63654718.0,0.36051300000000003,3.287322,CHN,ANS,5107
2836910,59,250,1239,1997,0.0,288746.0,1.40651,1.354695,CZE,ANS,5107
2836911,61,250,1239,1997,23068.0,0.0,2.293936,-2.2301919999999997,DEU,ANS,5107
2836912,77,250,1239,1997,0.0,257293.0,1.69504,0.8278549999999999,FRA,ANS,5107
2836913,90,250,1239,1997,0.0,1823.0,0.229516,1.085225,GRC,ANS,5107
2836914,111,250,1239,1997,0.0,27893.0,1.4860389999999999,1.235674,ITA,ANS,5107
2836915,138,250,1239,1997,0.0,5936544.0,0.603221,0.898488,MEX,ANS,5107
2836916,166,250,1239,1997,0.0,42716.0,0.557545,0.731294,NZL,ANS,5107
2836917,173,250,1239,1997,7752.0,0.0,-0.5023880000000001,-0.262563,PER,ANS,5107
2836918,177,250,1239,1997,76763.0,129376.0,0.805559,1.9598520000000001,POL,ANS,5107
2836919,246,250,1239,1997,0.0,16985.0,0.501792,1.1192440000000001,ZAF,ANS,5107
2836920,81,54,1239,1997,89874.0,0.0,1.886353,0.783832,GBR,CUB,5107
2836921,61,168,1239,1997,14994.0,0.0,2.293936,-2.2301919999999997,DEU,PAK,5107
2836922,104,168,1239,1997,3387.0,0.0,0.262571,2.31305,IND,PAK,5107
2836923,114,168,1239,1997,0.0,315000.0,2.631846,0.553144,JPN,PAK,5107
2836924,153,168,1239,1997,219639.0,0.0,0.37340999999999996,0.36853600000000003,MYS,PAK,5107
2836925,43,239,1239,1997,801966.0,4856.0,0.36051300000000003,3.287322,CHN,VNM,5107
2836926,97,239,1239,1997,803660.0,0.0,0.521942,2.578405,HKG,VNM,5107
2836927,111,239,1239,1997,399952.0,0.0,1.4860389999999999,1.235674,ITA,VNM,5107
2836928,114,239,1239,1997,157537.0,0.0,2.631846,0.553144,JPN,VNM,5107
2836929,121,239,1239,1997,257990.0,0.0,1.0478290000000001,1.2874370000000002,KOR,VNM,5107
2836930,153,239,1239,1997,27521.0,0.0,0.37340999999999996,0.36853600000000003,MYS,VNM,5107
2836931,249,239,1239,1997,6667.0,0.0,1.317672,1.800561,TWN,VNM,5107
2836932,173,31,1239,1997,39966.0,0.0,-0.5023880000000001,-0.262563,PER,BOL,5107
2836933,231,31,1239,1997,4009.0,0.0,1.823511,0.888084,USA,BOL,5107
2836934,43,112,1239,1997,83282.0,0.0,0.36051300000000003,3.287322,CHN,JAM,5107
2836935,222,112,1239,1997,17409.0,0.0,0.28791,-0.38322399999999995,TTO,JAM,5107
2836936,111,34,1239,1997,23640.0,0.0,1.4860389999999999,1.235674,ITA,BRN,5107
2836937,18,109,1239,1997,2745.0,0.0,1.4274069999999999,1.490435,BEL,ISL,5107
2836938,39,109,1239,1997,0.0,5323.0,1.109494,1.178772,CAN,ISL,5107
2836939,61,109,1239,1997,45363.0,0.0,2.293936,-2.2301919999999997,DEU,ISL,5107
2836940,64,109,1239,1997,1951.0,1831.0,1.358279,1.420107,DNK,ISL,5107
2836941,71,109,1239,1997,4558.0,0.0,1.082049,2.0238650000000002,ESP,ISL,5107
2836942,81,109,1239,1997,237653.0,1527553.0,1.886353,0.783832,GBR,ISL,5107
2836943,163,109,1239,1997,19550.0,0.0,1.003945,0.188826,NOR,ISL,5107
2836944,43,133,1239,1997,2838818.0,5628126.0,0.36051300000000003,3.287322,CHN,MAC,5107
2836945,61,133,1239,1997,1499.0,0.0,2.293936,-2.2301919999999997,DEU,MAC,5107
2836946,77,133,1239,1997,13769.0,0.0,1.69504,0.8278549999999999,FRA,MAC,5107
2836947,97,133,1239,1997,2329802.0,1713687.0,0.521942,2.578405,HKG,MAC,5107
2836948,111,133,1239,1997,755608.0,0.0,1.4860389999999999,1.235674,ITA,MAC,5107
2836949,114,133,1239,1997,15077.0,0.0,2.631846,0.553144,JPN,MAC,5107
2836950,121,133,1239,1997,1072328.0,0.0,1.0478290000000001,1.2874370000000002,KOR,MAC,5107
2836951,151,133,1239,1997,0.0,15702.0,-0.49241,-0.695729,MUS,MAC,5107
2836952,153,133,1239,1997,4465.0,0.0,0.37340999999999996,0.36853600000000003,MYS,MAC,5107
2836953,216,133,1239,1997,0.0,72377.0,0.084875,1.41931,THA,MAC,5107
2836954,249,133,1239,1997,12066.0,0.0,1.317672,1.800561,TWN,MAC,5107
2836955,77,136,1239,1997,52909.0,0.0,1.69504,0.8278549999999999,FRA,MDG,5107
2836956,81,136,1239,1997,0.0,3719.0,1.886353,0.783832,GBR,MDG,5107
2836957,97,136,1239,1997,727720.0,0.0,0.521942,2.578405,HKG,MDG,5107
2836958,111,136,1239,1997,248999.0,0.0,1.4860389999999999,1.235674,ITA,MDG,5107
2836959,151,136,1239,1997,5846252.0,3101.0,-0.49241,-0.695729,MUS,MDG,5107
2836960,77,137,1239,1997,0.0,2035.0,1.69504,0.8278549999999999,FRA,MDV,5107
2836961,43,151,1239,1997,149672.0,0.0,0.36051300000000003,3.287322,CHN,MUS,5107
2836962,71,151,1239,1997,7305.0,0.0,1.082049,2.0238650000000002,ESP,MUS,5107
2836963,77,151,1239,1997,1232811.0,0.0,1.69504,0.8278549999999999,FRA,MUS,5107
2836964,81,151,1239,1997,22934.0,0.0,1.886353,0.783832,GBR,MUS,5107
2836965,97,151,1239,1997,217990.0,935.0,0.521942,2.578405,HKG,MUS,5107
2836966,104,151,1239,1997,0.0,15914.0,0.262571,2.31305,IND,MUS,5107
2836967,111,151,1239,1997,1093876.0,4526.0,1.4860389999999999,1.235674,ITA,MUS,5107
2836968,121,151,1239,1997,448257.0,0.0,1.0478290000000001,1.2874370000000002,KOR,MUS,5107
2836969,133,151,1239,1997,15702.0,0.0,-0.238002,-0.361492,MAC,MUS,5107
2836970,136,151,1239,1997,3101.0,5846252.0,-1.2630370000000002,-0.565295,MDG,MUS,5107
2836971,166,151,1239,1997,371582.0,0.0,0.557545,0.731294,NZL,MUS,5107
2836972,246,151,1239,1997,15002.0,0.0,0.501792,1.1192440000000001,ZAF,MUS,5107
2836973,249,151,1239,1997,323033.0,0.0,1.317672,1.800561,TWN,MUS,5107
2836974,77,157,1239,1997,2366.0,0.0,1.69504,0.8278549999999999,FRA,NER,5107
2836975,216,211,1239,1997,0.0,5681.0,0.084875,1.41931,THA,SYC,5107
2836976,41,2,1239,1997,12168.0,0.0,2.280163,0.597819,CHE,AGO,5107
2836977,43,7,1239,1997,262454.0,0.0,0.36051300000000003,3.287322,CHN,ARE,5107
2836978,61,7,1239,1997,237314.0,0.0,2.293936,-2.2301919999999997,DEU,ARE,5107
2836979,81,7,1239,1997,20152.0,1250.0,1.886353,0.783832,GBR,ARE,5107
2836980,111,7,1239,1997,5692.0,0.0,1.4860389999999999,1.235674,ITA,ARE,5107
2836981,153,7,1239,1997,114196.0,0.0,0.37340999999999996,0.36853600000000003,MYS,ARE,5107
2836982,81,24,1239,1997,1440.0,0.0,1.886353,0.783832,GBR,BHR,5107
2836983,100,26,1239,1997,8881.0,0.0,0.607903,1.147751,HRV,BIH,5107
2836984,111,26,1239,1997,1448.0,184961.0,1.4860389999999999,1.235674,ITA,BIH,5107
2836985,140,26,1239,1997,0.0,30773.0,0.26327399999999995,0.704879,MKD,BIH,5107
2836986,189,26,1239,1997,2040.0,0.0,0.659904,1.702849,SCG,BIH,5107
2836987,207,26,1239,1997,1958.0,24132.0,1.435765,1.348897,SVN,BIH,5107
2836988,72,28,1239,1997,0.0,23025.0,0.460823,0.9126700000000001,EST,BLR,5107
2836989,111,28,1239,1997,0.0,65193.0,1.4860389999999999,1.235674,ITA,BLR,5107
2836990,130,28,1239,1997,0.0,656775.0,0.377245,0.8823270000000001,LTU,BLR,5107
2836991,228,28,1239,1997,0.0,112064.0,0.8502559999999999,0.956254,UKR,BLR,5107
2836992,111,115,1239,1997,0.0,58171.0,1.4860389999999999,1.235674,ITA,KAZ,5107
2836993,186,115,1239,1997,14452.0,281194.0,0.87377,0.423861,RUS,KAZ,5107
2836994,111,126,1239,1997,755373.0,0.0,1.4860389999999999,1.235674,ITA,LBY,5107
2836995,134,126,1239,1997,29065.0,0.0,-0.649616,-0.260554,MAR,LBY,5107
2836996,223,126,1239,1997,262801.0,0.0,-0.24073899999999998,-0.146818,TUN,LBY,5107
2836997,231,127,1239,1997,831.0,0.0,1.823511,0.888084,USA,LCA,5107
2836998,15,128,1239,1997,19583.0,0.0,1.8926189999999998,0.624346,AUT,LKA,5107
2836999,59,128,1239,1997,112167.0,0.0,1.40651,1.354695,CZE,LKA,5107
2837000,61,128,1239,1997,361872.0,0.0,2.293936,-2.2301919999999997,DEU,LKA,5107
2837001,77,128,1239,1997,157959.0,0.0,1.69504,0.8278549999999999,FRA,LKA,5107
2837002,81,128,1239,1997,59996.0,0.0,1.886353,0.783832,GBR,LKA,5107
2837003,104,128,1239,1997,444946.0,0.0,0.262571,2.31305,IND,LKA,5107
2837004,121,128,1239,1997,31037.0,0.0,1.0478290000000001,1.2874370000000002,KOR,LKA,5107
2837005,153,128,1239,1997,60670.0,0.0,0.37340999999999996,0.36853600000000003,MYS,LKA,5107
2837006,249,128,1239,1997,575032.0,0.0,1.317672,1.800561,TWN,LKA,5107
2837007,179,147,1239,1997,4570.0,0.0,0.379367,1.296551,PRT,MOZ,5107
2837008,43,164,1239,1997,351954.0,0.0,0.36051300000000003,3.287322,CHN,NPL,5107
2837009,104,164,1239,1997,40178.0,0.0,0.262571,2.31305,IND,NPL,5107
2837010,121,164,1239,1997,71828.0,0.0,1.0478290000000001,1.2874370000000002,KOR,NPL,5107
2837011,173,164,1239,1997,5342.0,0.0,-0.5023880000000001,-0.262563,PER,NPL,5107
2837012,192,164,1239,1997,93447.0,0.0,1.01557,0.360154,SGP,NPL,5107
2837013,43,180,1239,1997,0.0,14072.0,0.36051300000000003,3.287322,CHN,PRY,5107
2837014,111,180,1239,1997,3006.0,0.0,1.4860389999999999,1.235674,ITA,PRY,5107
2837015,61,183,1239,1997,0.0,51548.0,2.293936,-2.2301919999999997,DEU,QAT,5107
2837016,18,188,1239,1997,237406.0,0.0,1.4274069999999999,1.490435,BEL,SAU,5107
2837017,41,188,1239,1997,95302.0,0.0,2.280163,0.597819,CHE,SAU,5107
2837018,43,188,1239,1997,0.0,8936.0,0.36051300000000003,3.287322,CHN,SAU,5107
2837019,81,188,1239,1997,84289.0,0.0,1.886353,0.783832,GBR,SAU,5107
2837020,111,188,1239,1997,25759.0,0.0,1.4860389999999999,1.235674,ITA,SAU,5107
2837021,124,188,1239,1997,3896.0,0.0,0.334291,0.783104,LBN,SAU,5107
2837022,174,188,1239,1997,1692.0,0.0,-0.24310900000000002,0.085784,PHL,SAU,5107
2837023,190,188,1239,1997,0.0,4581.0,-1.300352,-1.199816,SDN,SAU,5107
2837024,111,243,1239,1997,36989.0,0.0,1.4860389999999999,1.235674,ITA,YEM,5107
2837025,224,219,1239,1997,71296.0,0.0,0.167734,1.5827870000000002,TUR,TKM,5107
2837026,18,1,1239,1997,19333.0,0.0,1.4274069999999999,1.490435,BEL,AFG,5107
2837027,104,1,1239,1997,48212.0,0.0,0.262571,2.31305,IND,AFG,5107
2837028,23,4,1239,1997,50840.0,0.0,0.487041,1.287344,BGR,ALB,5107
2837029,90,4,1239,1997,63365.0,0.0,0.229516,1.085225,GRC,ALB,5107
2837030,166,75,1239,1997,1246.0,0.0,0.557545,0.731294,NZL,FJI,5107
2837031,61,78,1239,1997,873.0,0.0,2.293936,-2.2301919999999997,DEU,FRO,5107
2837032,111,117,1239,1997,0.0,1100737.0,1.4860389999999999,1.235674,ITA,KGZ,5107
2837033,186,117,1239,1997,0.0,17144.0,0.87377,0.423861,RUS,KGZ,5107
2837034,224,117,1239,1997,0.0,466188.0,0.167734,1.5827870000000002,TUR,KGZ,5107
2837035,249,118,1239,1997,26988.0,0.0,1.317672,1.800561,TWN,KHM,5107
2837036,81,119,1239,1997,45528.0,0.0,1.886353,0.783832,GBR,KIR,5107
2837037,43,145,1239,1997,3695.0,0.0,0.36051300000000003,3.287322,CHN,MNG,5107
2837038,43,178,1239,1997,2104.0,0.0,0.36051300000000003,3.287322,CHN,PRK,5107
2837039,111,178,1239,1997,140132.0,0.0,1.4860389999999999,1.235674,ITA,PRK,5107
2837040,216,178,1239,1997,624571.0,0.0,0.084875,1.41931,THA,PRK,5107
2837041,192,195,1239,1997,2934.0,0.0,1.01557,0.360154,SGP,SLB,5107
2837042,14,15,1246,1997,286606.0,0.0,0.428555,0.798283,AUS,AUT,5201
2837043,18,15,1246,1997,367557.0,326429.0,1.4274069999999999,1.490435,BEL,AUT,5201
2837044,19,15,1246,1997,1646457.0,0.0,-1.1300780000000001,-0.938398,BEN,AUT,5201
2837045,21,15,1246,1997,306650.0,0.0,-0.204096,-0.731299,BFA,AUT,5201
2837046,22,15,1246,1997,0.0,69004.0,-1.027777,-1.048214,BGD,AUT,5201
2837047,41,15,1246,1997,2384.0,80447.0,2.280163,0.597819,CHE,AUT,5201
2837048,59,15,1246,1997,179473.0,149839.0,1.40651,1.354695,CZE,AUT,5201
2837049,61,15,1246,1997,6693923.0,66277.0,2.293936,-2.2301919999999997,DEU,AUT,5201
2837050,68,15,1246,1997,31261.0,0.0,-0.314425,0.156345,EGY,AUT,5201
2837051,71,15,1246,1997,1048.0,0.0,1.082049,2.0238650000000002,ESP,AUT,5201
2837052,72,15,1246,1997,0.0,32359.0,0.460823,0.9126700000000001,EST,AUT,5201
2837053,77,15,1246,1997,3943.0,159501.0,1.69504,0.8278549999999999,FRA,AUT,5201
2837054,81,15,1246,1997,1054.0,1275.0,1.886353,0.783832,GBR,AUT,5201
2837055,90,15,1246,1997,4321878.0,46058.0,0.229516,1.085225,GRC,AUT,5201
2837056,100,15,1246,1997,0.0,178828.0,0.607903,1.147751,HRV,AUT,5201
2837057,102,15,1246,1997,0.0,18564.0,0.746743,1.577102,HUN,AUT,5201
2837058,103,15,1246,1997,35903.0,0.0,-0.44080699999999995,1.220104,IDN,AUT,5201
2837059,104,15,1246,1997,36599.0,0.0,0.262571,2.31305,IND,AUT,5201
2837060,107,15,1246,1997,52326.0,0.0,-0.503841,-0.9984059999999999,IRN,AUT,5201
2837061,110,15,1246,1997,1494102.0,63777.0,1.3230030000000002,0.965016,ISR,AUT,5201
2837062,111,15,1246,1997,44636.0,337774.0,1.4860389999999999,1.235674,ITA,AUT,5201
2837063,115,15,1246,1997,171321.0,0.0,0.44044300000000003,-0.10249000000000001,KAZ,AUT,5201
2837064,130,15,1246,1997,0.0,725755.0,0.377245,0.8823270000000001,LTU,AUT,5201
2837065,132,15,1246,1997,31444.0,23409.0,0.398848,0.215206,LVA,AUT,5201
2837066,138,15,1246,1997,117764.0,0.0,0.603221,0.898488,MEX,AUT,5201
2837067,162,15,1246,1997,6397.0,31609.0,1.267794,1.727888,NLD,AUT,5201
2837068,179,15,1246,1997,0.0,20741.0,0.379367,1.296551,PRT,AUT,5201
2837069,185,15,1246,1997,0.0,906098.0,0.44381000000000004,1.084109,ROU,AUT,5201
2837070,186,15,1246,1997,66483.0,197687.0,0.87377,0.423861,RUS,AUT,5201
2837071,189,15,1246,1997,0.0,100970.0,0.659904,1.702849,SCG,AUT,5201
2837072,206,15,1246,1997,54984.0,1346.0,1.200699,1.318346,SVK,AUT,5201
2837073,207,15,1246,1997,0.0,190743.0,1.435765,1.348897,SVN,AUT,5201
2837074,212,15,1246,1997,4529631.0,0.0,-1.046433,-0.9678620000000001,SYR,AUT,5201
2837075,214,15,1246,1997,823882.0,0.0,-0.297833,-0.76769,TCD,AUT,5201
2837076,217,15,1246,1997,2498423.0,0.0,-0.350646,-0.835419,TJK,AUT,5201
2837077,219,15,1246,1997,1272284.0,0.0,-0.554162,-1.042607,TKM,AUT,5201
2837078,228,15,1246,1997,108960.0,43053.0,0.8502559999999999,0.956254,UKR,AUT,5201
2837079,231,15,1246,1997,181447.0,0.0,1.823511,0.888084,USA,AUT,5201
2837080,232,15,1246,1997,31369784.0,0.0,-0.26560700000000004,-0.870447,UZB,AUT,5201
2837081,248,15,1246,1997,377197.0,0.0,-0.36357399999999995,-0.449161,ZWE,AUT,5201
2837082,249,15,1246,1997,28088.0,0.0,1.317672,1.800561,TWN,AUT,5201
2837083,2,18,1246,1997,0.0,4928.0,-1.574236,-1.1722219999999999,AGO,BEL,5201
2837084,7,18,1246,1997,22968.0,0.0,-0.042154000000000004,-0.667389,ARE,BEL,5201
2837085,8,18,1246,1997,1573967.0,20716.0,0.273654,0.495389,ARG,BEL,5201
2837086,14,18,1246,1997,1536567.0,18529.0,0.428555,0.798283,AUS,BEL,5201
2837087,15,18,1246,1997,326429.0,367557.0,1.8926189999999998,0.624346,AUT,BEL,5201
2837088,16,18,1246,1997,1814271.0,0.0,0.290957,-0.18282,AZE,BEL,5201
2837089,21,18,1246,1997,242911.0,0.0,-0.204096,-0.731299,BFA,BEL,5201
2837090,22,18,1246,1997,0.0,730894.0,-1.027777,-1.048214,BGD,BEL,5201
2837091,32,18,1246,1997,978.0,17059.0,0.718336,1.203066,BRA,BEL,5201
2837092,38,18,1246,1997,304210.0,0.0,-1.192158,-0.902408,CAF,BEL,5201
2837093,39,18,1246,1997,31079.0,1309.0,1.109494,1.178772,CAN,BEL,5201
2837094,41,18,1246,1997,0.0,11241.0,2.280163,0.597819,CHE,BEL,5201
2837095,44,18,1246,1997,440854.0,0.0,-0.685339,-0.62129,CIV,BEL,5201
2837096,45,18,1246,1997,370839.0,27555.0,-1.205482,-1.015714,CMR,BEL,5201
2837097,61,18,1246,1997,206589.0,606620.0,2.293936,-2.2301919999999997,DEU,BEL,5201
2837098,71,18,1246,1997,675664.0,14809.0,1.082049,2.0238650000000002,ESP,BEL,5201
2837099,72,18,1246,1997,56842.0,0.0,0.460823,0.9126700000000001,EST,BEL,5201
2837100,74,18,1246,1997,8373.0,0.0,1.9298959999999998,1.083861,FIN,BEL,5201
2837101,77,18,1246,1997,2192651.0,20930720.0,1.69504,0.8278549999999999,FRA,BEL,5201
2837102,81,18,1246,1997,9942.0,38003.0,1.886353,0.783832,GBR,BEL,5201
2837103,85,18,1246,1997,20905.0,0.0,-1.529401,-1.163973,GIN,BEL,5201
2837104,90,18,1246,1997,628445.0,167348.0,0.229516,1.085225,GRC,BEL,5201
2837105,97,18,1246,1997,72238.0,34488.0,0.521942,2.578405,HKG,BEL,5201
2837106,102,18,1246,1997,0.0,7016.0,0.746743,1.577102,HUN,BEL,5201
2837107,103,18,1246,1997,0.0,764400.0,-0.44080699999999995,1.220104,IDN,BEL,5201
2837108,104,18,1246,1997,895924.0,2961.0,0.262571,2.31305,IND,BEL,5201
2837109,106,18,1246,1997,0.0,37504.0,1.471048,0.8769370000000001,IRL,BEL,5201
2837110,107,18,1246,1997,1525812.0,0.0,-0.503841,-0.9984059999999999,IRN,BEL,5201
2837111,110,18,1246,1997,1287003.0,11732.0,1.3230030000000002,0.965016,ISR,BEL,5201
2837112,111,18,1246,1997,43556.0,282902.0,1.4860389999999999,1.235674,ITA,BEL,5201
2837113,114,18,1246,1997,0.0,60328.0,2.631846,0.553144,JPN,BEL,5201
2837114,115,18,1246,1997,440602.0,0.0,0.44044300000000003,-0.10249000000000001,KAZ,BEL,5201
2837115,124,18,1246,1997,0.0,14087.0,0.334291,0.783104,LBN,BEL,5201
2837116,128,18,1246,1997,0.0,79987.0,-0.925745,-0.308559,LKA,BEL,5201
2837117,132,18,1246,1997,648768.0,0.0,0.398848,0.215206,LVA,BEL,5201
2837118,134,18,1246,1997,0.0,988713.0,-0.649616,-0.260554,MAR,BEL,5201
2837119,138,18,1246,1997,611369.0,7003.0,0.603221,0.898488,MEX,BEL,5201
2837120,141,18,1246,1997,2542531.0,0.0,-1.230276,-1.086769,MLI,BEL,5201
2837121,159,18,1246,1997,752323.0,0.0,-1.615102,-1.129541,NGA,BEL,5201
2837122,162,18,1246,1997,63208.0,316238.0,1.267794,1.727888,NLD,BEL,5201
2837123,168,18,1246,1997,38605.0,0.0,-0.882432,-0.563344,PAK,BEL,5201
2837124,173,18,1246,1997,116180.0,0.0,-0.5023880000000001,-0.262563,PER,BEL,5201
2837125,174,18,1246,1997,0.0,1336930.0,-0.24310900000000002,0.085784,PHL,BEL,5201
2837126,177,18,1246,1997,0.0,35093.0,0.805559,1.9598520000000001,POL,BEL,5201
2837127,179,18,1246,1997,69896.0,122690.0,0.379367,1.296551,PRT,BEL,5201
2837128,188,18,1246,1997,0.0,50591.0,0.015040000000000001,-0.954475,SAU,BEL,5201
2837129,190,18,1246,1997,11440.0,0.0,-1.300352,-1.199816,SDN,BEL,5201
2837130,192,18,1246,1997,0.0,7101.0,1.01557,0.360154,SGP,BEL,5201
2837131,212,18,1246,1997,12975206.0,11512.0,-1.046433,-0.9678620000000001,SYR,BEL,5201
2837132,214,18,1246,1997,6980962.0,0.0,-0.297833,-0.76769,TCD,BEL,5201
2837133,216,18,1246,1997,74185.0,6450.0,0.084875,1.41931,THA,BEL,5201
2837134,217,18,1246,1997,1891732.0,0.0,-0.350646,-0.835419,TJK,BEL,5201
2837135,219,18,1246,1997,1635397.0,0.0,-0.554162,-1.042607,TKM,BEL,5201
2837136,223,18,1246,1997,0.0,34440.0,-0.24073899999999998,-0.146818,TUN,BEL,5201
2837137,224,18,1246,1997,551205.0,6748.0,0.167734,1.5827870000000002,TUR,BEL,5201
2837138,226,18,1246,1997,482860.0,0.0,-1.368133,-0.753692,TZA,BEL,5201
2837139,230,18,1246,1997,0.0,76761.0,0.226228,0.29183400000000004,URY,BEL,5201
2837140,231,18,1246,1997,13631095.0,196730.0,1.823511,0.888084,USA,BEL,5201
2837141,232,18,1246,1997,41833712.0,0.0,-0.26560700000000004,-0.870447,UZB,BEL,5201
2837142,246,18,1246,1997,0.0,28806.0,0.501792,1.1192440000000001,ZAF,BEL,5201
2837143,248,18,1246,1997,542180.0,0.0,-0.36357399999999995,-0.449161,ZWE,BEL,5201
2837144,249,18,1246,1997,0.0,16654.0,1.317672,1.800561,TWN,BEL,5201
2837145,250,18,1246,1997,0.0,3012.0,1.036748,0.851626,ANS,BEL,5201
2837146,41,25,1246,1997,0.0,35242.0,2.280163,0.597819,CHE,BHS,5201
2837147,132,25,1246,1997,0.0,63084.0,0.398848,0.215206,LVA,BHS,5201
2837148,169,25,1246,1997,2292.0,0.0,-0.028676999999999998,0.00023999999999999998,PAN,BHS,5201
2837149,231,25,1246,1997,12671.0,0.0,1.823511,0.888084,USA,BHS,5201
2837150,22,30,1246,1997,0.0,198713.0,-1.027777,-1.048214,BGD,BMU,5201
2837151,103,30,1246,1997,0.0,125655.0,-0.44080699999999995,1.220104,IDN,BMU,5201
2837152,180,30,1246,1997,756812.0,0.0,-0.44951,-0.818817,PRY,BMU,5201
2837153,41,33,1246,1997,0.0,28954.0,2.280163,0.597819,CHE,BRB,5201
2837154,112,33,1246,1997,0.0,4820.0,-0.65455,-0.820413,JAM,BRB,5201
2837155,114,33,1246,1997,0.0,593348.0,2.631846,0.553144,JPN,BRB,5201
2837156,7,43,1246,1997,5403551.0,0.0,-0.042154000000000004,-0.667389,ARE,CHN,5201
2837157,8,43,1246,1997,310817.0,0.0,0.273654,0.495389,ARG,CHN,5201
2837158,14,43,1246,1997,144610336.0,0.0,0.428555,0.798283,AUS,CHN,5201
2837159,16,43,1246,1997,11383156.0,0.0,0.290957,-0.18282,AZE,CHN,5201
2837160,19,43,1246,1997,7024483.0,0.0,-1.1300780000000001,-0.938398,BEN,CHN,5201
2837161,21,43,1246,1997,98507.0,0.0,-0.204096,-0.731299,BFA,CHN,5201
2837162,38,43,1246,1997,862844.0,0.0,-1.192158,-0.902408,CAF,CHN,5201
2837163,41,43,1246,1997,1459711.0,0.0,2.280163,0.597819,CHE,CHN,5201
2837164,44,43,1246,1997,14788848.0,0.0,-0.685339,-0.62129,CIV,CHN,5201
2837165,45,43,1246,1997,19313144.0,0.0,-1.205482,-1.015714,CMR,CHN,5201
2837166,59,43,1246,1997,0.0,27060.0,1.40651,1.354695,CZE,CHN,5201
2837167,61,43,1246,1997,280256.0,2306.0,2.293936,-2.2301919999999997,DEU,CHN,5201
2837168,63,43,1246,1997,0.0,988.0,0.795112,0.438787,DMA,CHN,5201
2837169,68,43,1246,1997,856779.0,0.0,-0.314425,0.156345,EGY,CHN,5201
2837170,77,43,1246,1997,51849.0,0.0,1.69504,0.8278549999999999,FRA,CHN,5201
2837171,81,43,1246,1997,1107467.0,5948.0,1.886353,0.783832,GBR,CHN,5201
2837172,85,43,1246,1997,569554.0,0.0,-1.529401,-1.163973,GIN,CHN,5201
2837173,88,43,1246,1997,766889.0,0.0,-1.9366400000000001,-1.000259,GNB,CHN,5201
2837174,90,43,1246,1997,246010.0,0.0,0.229516,1.085225,GRC,CHN,5201
2837175,97,43,1246,1997,28134116.0,38877.0,0.521942,2.578405,HKG,CHN,5201
2837176,102,43,1246,1997,0.0,93271.0,0.746743,1.577102,HUN,CHN,5201
2837177,103,43,1246,1997,206947.0,1133811.0,-0.44080699999999995,1.220104,IDN,CHN,5201
2837178,104,43,1246,1997,12944230.0,0.0,0.262571,2.31305,IND,CHN,5201
2837179,107,43,1246,1997,8994304.0,0.0,-0.503841,-0.9984059999999999,IRN,CHN,5201
2837180,110,43,1246,1997,139912.0,0.0,1.3230030000000002,0.965016,ISR,CHN,5201
2837181,111,43,1246,1997,0.0,117186.0,1.4860389999999999,1.235674,ITA,CHN,5201
2837182,114,43,1246,1997,2244059.0,3242754.0,2.631846,0.553144,JPN,CHN,5201
2837183,115,43,1246,1997,35493492.0,0.0,0.44044300000000003,-0.10249000000000001,KAZ,CHN,5201
2837184,117,43,1246,1997,3954991.0,0.0,0.023634,-0.194868,KGZ,CHN,5201
2837185,121,43,1246,1997,4546134.0,2171705.0,1.0478290000000001,1.2874370000000002,KOR,CHN,5201
2837186,132,43,1246,1997,469606.0,0.0,0.398848,0.215206,LVA,CHN,5201
2837187,138,43,1246,1997,13360048.0,0.0,0.603221,0.898488,MEX,CHN,5201
2837188,141,43,1246,1997,21691522.0,0.0,-1.230276,-1.086769,MLI,CHN,5201
2837189,143,43,1246,1997,69812.0,0.0,-1.595159,-1.09562,MMR,CHN,5201
2837190,145,43,1246,1997,53851.0,37387.0,-0.36035300000000003,-0.862088,MNG,CHN,5201
2837191,147,43,1246,1997,321056.0,0.0,-0.8600620000000001,-0.9672270000000001,MOZ,CHN,5201
2837192,151,43,1246,1997,0.0,18075.0,-0.49241,-0.695729,MUS,CHN,5201
2837193,153,43,1246,1997,0.0,603704.0,0.37340999999999996,0.36853600000000003,MYS,CHN,5201
2837194,157,43,1246,1997,215831.0,0.0,-0.322358,-0.63647,NER,CHN,5201
2837195,159,43,1246,1997,6780224.0,0.0,-1.615102,-1.129541,NGA,CHN,5201
2837196,163,43,1246,1997,0.0,2052.0,1.003945,0.188826,NOR,CHN,5201
2837197,168,43,1246,1997,1904649.0,0.0,-0.882432,-0.563344,PAK,CHN,5201
2837198,173,43,1246,1997,7137438.0,0.0,-0.5023880000000001,-0.262563,PER,CHN,5201
2837199,174,43,1246,1997,0.0,34258.0,-0.24310900000000002,0.085784,PHL,CHN,5201
2837200,186,43,1246,1997,15384278.0,0.0,0.87377,0.423861,RUS,CHN,5201
2837201,190,43,1246,1997,15216077.0,0.0,-1.300352,-1.199816,SDN,CHN,5201
2837202,191,43,1246,1997,194051.0,0.0,-0.606205,-0.727753,SEN,CHN,5201
2837203,215,43,1246,1997,4686888.0,0.0,-0.974678,-0.8150350000000001,TGO,CHN,5201
2837204,216,43,1246,1997,0.0,160733.0,0.084875,1.41931,THA,CHN,5201
2837205,217,43,1246,1997,4948040.0,0.0,-0.350646,-0.835419,TJK,CHN,5201
2837206,219,43,1246,1997,2988900.0,0.0,-0.554162,-1.042607,TKM,CHN,5201
2837207,224,43,1246,1997,0.0,240444.0,0.167734,1.5827870000000002,TUR,CHN,5201
2837208,226,43,1246,1997,7702522.0,0.0,-1.368133,-0.753692,TZA,CHN,5201
2837209,227,43,1246,1997,661488.0,0.0,-0.9304819999999999,-0.9731540000000001,UGA,CHN,5201
2837210,228,43,1246,1997,222800.0,0.0,0.8502559999999999,0.956254,UKR,CHN,5201
2837211,230,43,1246,1997,0.0,48451.0,0.226228,0.29183400000000004,URY,CHN,5201
2837212,231,43,1246,1997,528749472.0,0.0,1.823511,0.888084,USA,CHN,5201
2837213,232,43,1246,1997,116487568.0,0.0,-0.26560700000000004,-0.870447,UZB,CHN,5201
2837214,243,43,1246,1997,118416.0,0.0,-1.7204130000000002,-1.242057,YEM,CHN,5201
2837215,246,43,1246,1997,1827965.0,0.0,0.501792,1.1192440000000001,ZAF,CHN,5201
2837216,247,43,1246,1997,249880.0,0.0,-0.62183,-0.809639,ZMB,CHN,5201
2837217,248,43,1246,1997,1322816.0,0.0,-0.36357399999999995,-0.449161,ZWE,CHN,5201
2837218,249,43,1246,1997,94931.0,2095302.0,1.317672,1.800561,TWN,CHN,5201
2837219,250,43,1246,1997,1588846.0,0.0,1.036748,0.851626,ANS,CHN,5201
2837220,8,49,1246,1997,4992257.0,0.0,0.273654,0.495389,ARG,COL,5201
2837221,21,49,1246,1997,11473276.0,0.0,-0.204096,-0.731299,BFA,COL,5201
2837222,42,49,1246,1997,0.0,1854.0,0.002791,-0.030604000000000003,CHL,COL,5201
2837223,44,49,1246,1997,155983.0,0.0,-0.685339,-0.62129,CIV,COL,5201
2837224,67,49,1246,1997,819635.0,0.0,-1.1931690000000001,-1.0139690000000001,ECU,COL,5201
2837225,71,49,1246,1997,2186840.0,0.0,1.082049,2.0238650000000002,ESP,COL,5201
2837226,104,49,1246,1997,73557.0,0.0,0.262571,2.31305,IND,COL,5201
2837227,173,49,1246,1997,1319263.0,0.0,-0.5023880000000001,-0.262563,PER,COL,5201
2837228,214,49,1246,1997,1959051.0,0.0,-0.297833,-0.76769,TCD,COL,5201
2837229,215,49,1246,1997,2705734.0,0.0,-0.974678,-0.8150350000000001,TGO,COL,5201
2837230,231,49,1246,1997,48146648.0,0.0,1.823511,0.888084,USA,COL,5201
2837231,236,49,1246,1997,1955.0,1085082.0,0.21363200000000002,-0.668341,VEN,COL,5201
2837232,160,52,1246,1997,3929.0,0.0,-0.8090109999999999,-0.783853,NIC,CRI,5201
2837233,197,52,1246,1997,0.0,2608.0,-0.09174500000000001,-0.034391000000000005,SLV,CRI,5201
2837234,216,52,1246,1997,0.0,102953.0,0.084875,1.41931,THA,CRI,5201
2837235,226,52,1246,1997,249157.0,0.0,-1.368133,-0.753692,TZA,CRI,5201
2837236,231,52,1246,1997,1191482.0,0.0,1.823511,0.888084,USA,CRI,5201
2837237,23,58,1246,1997,624254.0,1255070.0,0.487041,1.287344,BGR,CYP,5201
2837238,68,58,1246,1997,5439.0,0.0,-0.314425,0.156345,EGY,CYP,5201
2837239,81,58,1246,1997,1133.0,0.0,1.886353,0.783832,GBR,CYP,5201
2837240,106,58,1246,1997,0.0,340219.0,1.471048,0.8769370000000001,IRL,CYP,5201
2837241,110,58,1246,1997,11276.0,0.0,1.3230030000000002,0.965016,ISR,CYP,5201
2837242,179,58,1246,1997,7394.0,0.0,0.379367,1.296551,PRT,CYP,5201
2837243,224,58,1246,1997,7999.0,0.0,0.167734,1.5827870000000002,TUR,CYP,5201
2837244,1,61,1246,1997,1620961.0,0.0,0.019025999999999998,-0.351461,AFG,DEU,5201
2837245,4,61,1246,1997,12635.0,0.0,-0.32351599999999997,-0.170449,ALB,DEU,5201
2837246,7,61,1246,1997,81022.0,0.0,-0.042154000000000004,-0.667389,ARE,DEU,5201
2837247,8,61,1246,1997,601071.0,0.0,0.273654,0.495389,ARG,DEU,5201
2837248,14,61,1246,1997,151213.0,0.0,0.428555,0.798283,AUS,DEU,5201
2837249,15,61,1246,1997,66277.0,6693923.0,1.8926189999999998,0.624346,AUT,DEU,5201
2837250,16,61,1246,1997,56767.0,0.0,0.290957,-0.18282,AZE,DEU,5201
2837251,18,61,1246,1997,606620.0,206589.0,1.4274069999999999,1.490435,BEL,DEU,5201
2837252,19,61,1246,1997,753230.0,0.0,-1.1300780000000001,-0.938398,BEN,DEU,5201
2837253,21,61,1246,1997,2162493.0,0.0,-0.204096,-0.731299,BFA,DEU,5201
2837254,22,61,1246,1997,0.0,1231213.0,-1.027777,-1.048214,BGD,DEU,5201
2837255,23,61,1246,1997,39389.0,0.0,0.487041,1.287344,BGR,DEU,5201
2837256,26,61,1246,1997,0.0,2980.0,0.459512,0.194939,BIH,DEU,5201
2837257,31,61,1246,1997,1346.0,0.0,-0.697563,-0.8841479999999999,BOL,DEU,5201
2837258,38,61,1246,1997,2505209.0,0.0,-1.192158,-0.902408,CAF,DEU,5201
2837259,41,61,1246,1997,312195.0,1865858.0,2.280163,0.597819,CHE,DEU,5201
2837260,43,61,1246,1997,2306.0,280256.0,0.36051300000000003,3.287322,CHN,DEU,5201
2837261,44,61,1246,1997,208770.0,0.0,-0.685339,-0.62129,CIV,DEU,5201
2837262,45,61,1246,1997,331576.0,0.0,-1.205482,-1.015714,CMR,DEU,5201
2837263,59,61,1246,1997,233524.0,3585630.0,1.40651,1.354695,CZE,DEU,5201
2837264,64,61,1246,1997,8380.0,172640.0,1.358279,1.420107,DNK,DEU,5201
2837265,68,61,1246,1997,1920346.0,0.0,-0.314425,0.156345,EGY,DEU,5201
2837266,71,61,1246,1997,275789.0,62626.0,1.082049,2.0238650000000002,ESP,DEU,5201
2837267,74,61,1246,1997,0.0,4659.0,1.9298959999999998,1.083861,FIN,DEU,5201
2837268,77,61,1246,1997,1763773.0,1979660.0,1.69504,0.8278549999999999,FRA,DEU,5201
2837269,81,61,1246,1997,278521.0,1043054.0,1.886353,0.783832,GBR,DEU,5201
2837270,83,61,1246,1997,2874.0,0.0,-1.012728,-0.939893,GHA,DEU,5201
2837271,85,61,1246,1997,68740.0,0.0,-1.529401,-1.163973,GIN,DEU,5201
2837272,90,61,1246,1997,17481384.0,156631.0,0.229516,1.085225,GRC,DEU,5201
2837273,100,61,1246,1997,0.0,440787.0,0.607903,1.147751,HRV,DEU,5201
2837274,102,61,1246,1997,1446276.0,2422450.0,0.746743,1.577102,HUN,DEU,5201
2837275,103,61,1246,1997,0.0,1859796.0,-0.44080699999999995,1.220104,IDN,DEU,5201
2837276,104,61,1246,1997,2836214.0,512384.0,0.262571,2.31305,IND,DEU,5201
2837277,106,61,1246,1997,42021.0,1079.0,1.471048,0.8769370000000001,IRL,DEU,5201
2837278,107,61,1246,1997,2259716.0,0.0,-0.503841,-0.9984059999999999,IRN,DEU,5201
2837279,110,61,1246,1997,7840916.0,33761.0,1.3230030000000002,0.965016,ISR,DEU,5201
2837280,111,61,1246,1997,416927.0,7027391.0,1.4860389999999999,1.235674,ITA,DEU,5201
2837281,112,61,1246,1997,0.0,4234.0,-0.65455,-0.820413,JAM,DEU,5201
2837282,115,61,1246,1997,3832568.0,0.0,0.44044300000000003,-0.10249000000000001,KAZ,DEU,5201
2837283,117,61,1246,1997,398698.0,0.0,0.023634,-0.194868,KGZ,DEU,5201
2837284,121,61,1246,1997,20599.0,0.0,1.0478290000000001,1.2874370000000002,KOR,DEU,5201
2837285,122,61,1246,1997,0.0,2339.0,-0.660185,-1.1410129999999998,KWT,DEU,5201
2837286,130,61,1246,1997,69366.0,3222172.0,0.377245,0.8823270000000001,LTU,DEU,5201
2837287,132,61,1246,1997,619973.0,10967.0,0.398848,0.215206,LVA,DEU,5201
2837288,138,61,1246,1997,695071.0,0.0,0.603221,0.898488,MEX,DEU,5201
2837289,141,61,1246,1997,3191093.0,0.0,-1.230276,-1.086769,MLI,DEU,5201
2837290,147,61,1246,1997,526270.0,0.0,-0.8600620000000001,-0.9672270000000001,MOZ,DEU,5201
2837291,153,61,1246,1997,3188.0,202949.0,0.37340999999999996,0.36853600000000003,MYS,DEU,5201
2837292,159,61,1246,1997,905936.0,23324.0,-1.615102,-1.129541,NGA,DEU,5201
2837293,162,61,1246,1997,35229.0,3661756.0,1.267794,1.727888,NLD,DEU,5201
2837294,163,61,1246,1997,0.0,9048.0,1.003945,0.188826,NOR,DEU,5201
2837295,166,61,1246,1997,34828.0,0.0,0.557545,0.731294,NZL,DEU,5201
2837296,173,61,1246,1997,362567.0,0.0,-0.5023880000000001,-0.262563,PER,DEU,5201
2837297,174,61,1246,1997,0.0,149395.0,-0.24310900000000002,0.085784,PHL,DEU,5201
2837298,177,61,1246,1997,264437.0,252378.0,0.805559,1.9598520000000001,POL,DEU,5201
2837299,179,61,1246,1997,162715.0,86606.0,0.379367,1.296551,PRT,DEU,5201
2837300,185,61,1246,1997,0.0,238701.0,0.44381000000000004,1.084109,ROU,DEU,5201
2837301,186,61,1246,1997,458711.0,1369643.0,0.87377,0.423861,RUS,DEU,5201
2837302,190,61,1246,1997,23328576.0,0.0,-1.300352,-1.199816,SDN,DEU,5201
2837303,191,61,1246,1997,219876.0,0.0,-0.606205,-0.727753,SEN,DEU,5201
2837304,206,61,1246,1997,414208.0,115420.0,1.200699,1.318346,SVK,DEU,5201
2837305,207,61,1246,1997,28581.0,412524.0,1.435765,1.348897,SVN,DEU,5201
2837306,208,61,1246,1997,0.0,3561.0,2.120182,0.993078,SWE,DEU,5201
2837307,212,61,1246,1997,8876127.0,0.0,-1.046433,-0.9678620000000001,SYR,DEU,5201
2837308,214,61,1246,1997,18507350.0,0.0,-0.297833,-0.76769,TCD,DEU,5201
2837309,215,61,1246,1997,1009138.0,0.0,-0.974678,-0.8150350000000001,TGO,DEU,5201
2837310,216,61,1246,1997,0.0,155896.0,0.084875,1.41931,THA,DEU,5201
2837311,217,61,1246,1997,3968339.0,0.0,-0.350646,-0.835419,TJK,DEU,5201
2837312,219,61,1246,1997,4046010.0,0.0,-0.554162,-1.042607,TKM,DEU,5201
2837313,223,61,1246,1997,0.0,1985.0,-0.24073899999999998,-0.146818,TUN,DEU,5201
2837314,224,61,1246,1997,3653773.0,149916.0,0.167734,1.5827870000000002,TUR,DEU,5201
2837315,226,61,1246,1997,25037.0,0.0,-1.368133,-0.753692,TZA,DEU,5201
2837316,227,61,1246,1997,1042007.0,0.0,-0.9304819999999999,-0.9731540000000001,UGA,DEU,5201
2837317,228,61,1246,1997,124821.0,0.0,0.8502559999999999,0.956254,UKR,DEU,5201
2837318,231,61,1246,1997,11753727.0,0.0,1.823511,0.888084,USA,DEU,5201
2837319,232,61,1246,1997,100478968.0,0.0,-0.26560700000000004,-0.870447,UZB,DEU,5201
2837320,246,61,1246,1997,229323.0,9286.0,0.501792,1.1192440000000001,ZAF,DEU,5201
2837321,247,61,1246,1997,19058.0,0.0,-0.62183,-0.809639,ZMB,DEU,5201
2837322,248,61,1246,1997,13065652.0,0.0,-0.36357399999999995,-0.449161,ZWE,DEU,5201
2837323,8,64,1246,1997,861006.0,0.0,0.273654,0.495389,ARG,DNK,5201
2837324,23,64,1246,1997,7317.0,0.0,0.487041,1.287344,BGR,DNK,5201
2837325,41,64,1246,1997,3563.0,0.0,2.280163,0.597819,CHE,DNK,5201
2837326,61,64,1246,1997,172640.0,8380.0,2.293936,-2.2301919999999997,DEU,DNK,5201
2837327,68,64,1246,1997,147692.0,0.0,-0.314425,0.156345,EGY,DNK,5201
2837328,71,64,1246,1997,11278.0,0.0,1.082049,2.0238650000000002,ESP,DNK,5201
2837329,72,64,1246,1997,0.0,2210.0,0.460823,0.9126700000000001,EST,DNK,5201
2837330,81,64,1246,1997,1029.0,0.0,1.886353,0.783832,GBR,DNK,5201
2837331,111,64,1246,1997,7004.0,0.0,1.4860389999999999,1.235674,ITA,DNK,5201
2837332,130,64,1246,1997,0.0,4636716.0,0.377245,0.8823270000000001,LTU,DNK,5201
2837333,132,64,1246,1997,40539.0,0.0,0.398848,0.215206,LVA,DNK,5201
2837334,162,64,1246,1997,1974.0,40994.0,1.267794,1.727888,NLD,DNK,5201
2837335,163,64,1246,1997,0.0,45610.0,1.003945,0.188826,NOR,DNK,5201
2837336,173,64,1246,1997,586898.0,0.0,-0.5023880000000001,-0.262563,PER,DNK,5201
2837337,179,64,1246,1997,15536.0,0.0,0.379367,1.296551,PRT,DNK,5201
2837338,185,64,1246,1997,0.0,26836.0,0.44381000000000004,1.084109,ROU,DNK,5201
2837339,190,64,1246,1997,64499.0,0.0,-1.300352,-1.199816,SDN,DNK,5201
2837340,208,64,1246,1997,39490.0,0.0,2.120182,0.993078,SWE,DNK,5201
2837341,212,64,1246,1997,73048.0,0.0,-1.046433,-0.9678620000000001,SYR,DNK,5201
2837342,217,64,1246,1997,210578.0,0.0,-0.350646,-0.835419,TJK,DNK,5201
2837343,219,64,1246,1997,657185.0,0.0,-0.554162,-1.042607,TKM,DNK,5201
2837344,224,64,1246,1997,1927.0,4052.0,0.167734,1.5827870000000002,TUR,DNK,5201
2837345,227,64,1246,1997,50334.0,0.0,-0.9304819999999999,-0.9731540000000001,UGA,DNK,5201
2837346,231,64,1246,1997,3441189.0,0.0,1.823511,0.888084,USA,DNK,5201
2837347,232,64,1246,1997,382691.0,0.0,-0.26560700000000004,-0.870447,UZB,DNK,5201
2837348,248,64,1246,1997,27751.0,0.0,-0.36357399999999995,-0.449161,ZWE,DNK,5201
2837349,231,65,1246,1997,333696.0,0.0,1.823511,0.888084,USA,DOM,5201
2837350,42,67,1246,1997,0.0,309353.0,0.002791,-0.030604000000000003,CHL,ECU,5201
2837351,49,67,1246,1997,0.0,819635.0,0.190632,0.068001,COL,ECU,5201
2837352,173,67,1246,1997,11383.0,0.0,-0.5023880000000001,-0.262563,PER,ECU,5201
2837353,231,67,1246,1997,22502226.0,0.0,1.823511,0.888084,USA,ECU,5201
2837354,236,67,1246,1997,0.0,3196709.0,0.21363200000000002,-0.668341,VEN,ECU,5201
2837355,2,71,1246,1997,0.0,9416.0,-1.574236,-1.1722219999999999,AGO,ESP,5201
2837356,8,71,1246,1997,5825636.0,0.0,0.273654,0.495389,ARG,ESP,5201
2837357,14,71,1246,1997,12141977.0,0.0,0.428555,0.798283,AUS,ESP,5201
2837358,15,71,1246,1997,0.0,1048.0,1.8926189999999998,0.624346,AUT,ESP,5201
2837359,16,71,1246,1997,1452550.0,0.0,0.290957,-0.18282,AZE,ESP,5201
2837360,18,71,1246,1997,14809.0,675664.0,1.4274069999999999,1.490435,BEL,ESP,5201
2837361,19,71,1246,1997,2239068.0,0.0,-1.1300780000000001,-0.938398,BEN,ESP,5201
2837362,21,71,1246,1997,444307.0,0.0,-0.204096,-0.731299,BFA,ESP,5201
2837363,32,71,1246,1997,0.0,1495584.0,0.718336,1.203066,BRA,ESP,5201
2837364,38,71,1246,1997,1253003.0,0.0,-1.192158,-0.902408,CAF,ESP,5201
2837365,41,71,1246,1997,0.0,2472700.0,2.280163,0.597819,CHE,ESP,5201
2837366,44,71,1246,1997,122309.0,0.0,-0.685339,-0.62129,CIV,ESP,5201
2837367,45,71,1246,1997,4793074.0,0.0,-1.205482,-1.015714,CMR,ESP,5201
2837368,49,71,1246,1997,0.0,2186840.0,0.190632,0.068001,COL,ESP,5201
2837369,54,71,1246,1997,0.0,808344.0,-0.403192,-1.041751,CUB,ESP,5201
2837370,59,71,1246,1997,0.0,34216.0,1.40651,1.354695,CZE,ESP,5201
2837371,61,71,1246,1997,62626.0,275789.0,2.293936,-2.2301919999999997,DEU,ESP,5201
2837372,64,71,1246,1997,0.0,11278.0,1.358279,1.420107,DNK,ESP,5201
2837373,66,71,1246,1997,0.0,21664926.0,-0.717599,-1.126311,DZA,ESP,5201
2837374,68,71,1246,1997,2085034.0,0.0,-0.314425,0.156345,EGY,ESP,5201
2837375,74,71,1246,1997,34069.0,0.0,1.9298959999999998,1.083861,FIN,ESP,5201
2837376,77,71,1246,1997,370761.0,34013644.0,1.69504,0.8278549999999999,FRA,ESP,5201
2837377,81,71,1246,1997,98222.0,5617448.0,1.886353,0.783832,GBR,ESP,5201
2837378,82,71,1246,1997,268679.0,0.0,0.304927,-0.082,GEO,ESP,5201
2837379,90,71,1246,1997,1482010.0,31919.0,0.229516,1.085225,GRC,ESP,5201
2837380,102,71,1246,1997,0.0,76055.0,0.746743,1.577102,HUN,ESP,5201
2837381,103,71,1246,1997,0.0,192308.0,-0.44080699999999995,1.220104,IDN,ESP,5201
2837382,104,71,1246,1997,93010.0,0.0,0.262571,2.31305,IND,ESP,5201
2837383,106,71,1246,1997,0.0,144172.0,1.471048,0.8769370000000001,IRL,ESP,5201
2837384,107,71,1246,1997,605844.0,0.0,-0.503841,-0.9984059999999999,IRN,ESP,5201
2837385,110,71,1246,1997,773234.0,0.0,1.3230030000000002,0.965016,ISR,ESP,5201
2837386,111,71,1246,1997,257322.0,1093741.0,1.4860389999999999,1.235674,ITA,ESP,5201
2837387,114,71,1246,1997,23790.0,0.0,2.631846,0.553144,JPN,ESP,5201
2837388,115,71,1246,1997,120925.0,0.0,0.44044300000000003,-0.10249000000000001,KAZ,ESP,5201
2837389,117,71,1246,1997,127669.0,0.0,0.023634,-0.194868,KGZ,ESP,5201
2837390,134,71,1246,1997,0.0,999644.0,-0.649616,-0.260554,MAR,ESP,5201
2837391,138,71,1246,1997,1172324.0,0.0,0.603221,0.898488,MEX,ESP,5201
2837392,141,71,1246,1997,3043822.0,0.0,-1.230276,-1.086769,MLI,ESP,5201
2837393,153,71,1246,1997,0.0,72991.0,0.37340999999999996,0.36853600000000003,MYS,ESP,5201
2837394,159,71,1246,1997,138545.0,0.0,-1.615102,-1.129541,NGA,ESP,5201
2837395,162,71,1246,1997,5897.0,0.0,1.267794,1.727888,NLD,ESP,5201
2837396,168,71,1246,1997,164384.0,0.0,-0.882432,-0.563344,PAK,ESP,5201
2837397,173,71,1246,1997,39168.0,0.0,-0.5023880000000001,-0.262563,PER,ESP,5201
2837398,177,71,1246,1997,0.0,61054.0,0.805559,1.9598520000000001,POL,ESP,5201
2837399,179,71,1246,1997,146902.0,4312237.0,0.379367,1.296551,PRT,ESP,5201
2837400,188,71,1246,1997,0.0,1052.0,0.015040000000000001,-0.954475,SAU,ESP,5201
2837401,190,71,1246,1997,462095.0,0.0,-1.300352,-1.199816,SDN,ESP,5201
2837402,197,71,1246,1997,0.0,19387.0,-0.09174500000000001,-0.034391000000000005,SLV,ESP,5201
2837403,212,71,1246,1997,16751076.0,0.0,-1.046433,-0.9678620000000001,SYR,ESP,5201
2837404,214,71,1246,1997,6098378.0,0.0,-0.297833,-0.76769,TCD,ESP,5201
2837405,215,71,1246,1997,1186405.0,0.0,-0.974678,-0.8150350000000001,TGO,ESP,5201
2837406,216,71,1246,1997,0.0,2392288.0,0.084875,1.41931,THA,ESP,5201
2837407,217,71,1246,1997,10819738.0,0.0,-0.350646,-0.835419,TJK,ESP,5201
2837408,219,71,1246,1997,348531.0,0.0,-0.554162,-1.042607,TKM,ESP,5201
2837409,223,71,1246,1997,0.0,614433.0,-0.24073899999999998,-0.146818,TUN,ESP,5201
2837410,224,71,1246,1997,2363714.0,2056405.0,0.167734,1.5827870000000002,TUR,ESP,5201
2837411,226,71,1246,1997,120933.0,0.0,-1.368133,-0.753692,TZA,ESP,5201
2837412,227,71,1246,1997,14555.0,0.0,-0.9304819999999999,-0.9731540000000001,UGA,ESP,5201
2837413,228,71,1246,1997,9181.0,0.0,0.8502559999999999,0.956254,UKR,ESP,5201
2837414,230,71,1246,1997,0.0,3539.0,0.226228,0.29183400000000004,URY,ESP,5201
2837415,231,71,1246,1997,11853446.0,0.0,1.823511,0.888084,USA,ESP,5201
2837416,232,71,1246,1997,13235453.0,0.0,-0.26560700000000004,-0.870447,UZB,ESP,5201
2837417,248,71,1246,1997,4059565.0,0.0,-0.36357399999999995,-0.449161,ZWE,ESP,5201
2837418,249,71,1246,1997,72096.0,0.0,1.317672,1.800561,TWN,ESP,5201
2837419,250,71,1246,1997,0.0,1312.0,1.036748,0.851626,ANS,ESP,5201
2837420,18,74,1246,1997,0.0,8373.0,1.4274069999999999,1.490435,BEL,FIN,5201
2837421,23,74,1246,1997,30425.0,0.0,0.487041,1.287344,BGR,FIN,5201
2837422,61,74,1246,1997,4659.0,0.0,2.293936,-2.2301919999999997,DEU,FIN,5201
2837423,68,74,1246,1997,57114.0,0.0,-0.314425,0.156345,EGY,FIN,5201
2837424,71,74,1246,1997,0.0,34069.0,1.082049,2.0238650000000002,ESP,FIN,5201
2837425,81,74,1246,1997,14637.0,42033.0,1.886353,0.783832,GBR,FIN,5201
2837426,132,74,1246,1997,1009613.0,0.0,0.398848,0.215206,LVA,FIN,5201
2837427,153,74,1246,1997,0.0,382072.0,0.37340999999999996,0.36853600000000003,MYS,FIN,5201
2837428,163,74,1246,1997,46177.0,0.0,1.003945,0.188826,NOR,FIN,5201
2837429,1,77,1246,1997,46669.0,0.0,0.019025999999999998,-0.351461,AFG,FRA,5201
2837430,7,77,1246,1997,0.0,7107.0,-0.042154000000000004,-0.667389,ARE,FRA,5201
2837431,8,77,1246,1997,258424.0,269008.0,0.273654,0.495389,ARG,FRA,5201
2837432,14,77,1246,1997,314317.0,2663.0,0.428555,0.798283,AUS,FRA,5201
2837433,15,77,1246,1997,159501.0,3943.0,1.8926189999999998,0.624346,AUT,FRA,5201
2837434,16,77,1246,1997,325047.0,0.0,0.290957,-0.18282,AZE,FRA,5201
2837435,18,77,1246,1997,20930720.0,2192651.0,1.4274069999999999,1.490435,BEL,FRA,5201
2837436,19,77,1246,1997,266179.0,3281.0,-1.1300780000000001,-0.938398,BEN,FRA,5201
2837437,21,77,1246,1997,817057.0,0.0,-0.204096,-0.731299,BFA,FRA,5201
2837438,22,77,1246,1997,0.0,25906.0,-1.027777,-1.048214,BGD,FRA,5201
2837439,23,77,1246,1997,263930.0,0.0,0.487041,1.287344,BGR,FRA,5201
2837440,24,77,1246,1997,0.0,2064.0,-0.021125,-0.914009,BHR,FRA,5201
2837441,32,77,1246,1997,0.0,303112.0,0.718336,1.203066,BRA,FRA,5201
2837442,38,77,1246,1997,328017.0,16132.0,-1.192158,-0.902408,CAF,FRA,5201
2837443,39,77,1246,1997,3702.0,1297.0,1.109494,1.178772,CAN,FRA,5201
2837444,41,77,1246,1997,83678.0,460551.0,2.280163,0.597819,CHE,FRA,5201
2837445,43,77,1246,1997,0.0,51849.0,0.36051300000000003,3.287322,CHN,FRA,5201
2837446,44,77,1246,1997,5878044.0,996.0,-0.685339,-0.62129,CIV,FRA,5201
2837447,45,77,1246,1997,65199.0,12895.0,-1.205482,-1.015714,CMR,FRA,5201
2837448,59,77,1246,1997,0.0,11374.0,1.40651,1.354695,CZE,FRA,5201
2837449,61,77,1246,1997,1979660.0,1763773.0,2.293936,-2.2301919999999997,DEU,FRA,5201
2837450,62,77,1246,1997,0.0,2445.0,0.398301,-0.170681,DJI,FRA,5201
2837451,66,77,1246,1997,0.0,14421.0,-0.717599,-1.126311,DZA,FRA,5201
2837452,68,77,1246,1997,2044106.0,0.0,-0.314425,0.156345,EGY,FRA,5201
2837453,71,77,1246,1997,34013644.0,370761.0,1.082049,2.0238650000000002,ESP,FRA,5201
2837454,72,77,1246,1997,35255.0,0.0,0.460823,0.9126700000000001,EST,FRA,5201
2837455,80,77,1246,1997,0.0,1155.0,-1.177994,-1.134955,GAB,FRA,5201
2837456,81,77,1246,1997,85397.0,271449.0,1.886353,0.783832,GBR,FRA,5201
2837457,85,77,1246,1997,47105.0,0.0,-1.529401,-1.163973,GIN,FRA,5201
2837458,90,77,1246,1997,10393644.0,796109.0,0.229516,1.085225,GRC,FRA,5201
2837459,102,77,1246,1997,0.0,14396.0,0.746743,1.577102,HUN,FRA,5201
2837460,103,77,1246,1997,2248.0,891174.0,-0.44080699999999995,1.220104,IDN,FRA,5201
2837461,104,77,1246,1997,988706.0,0.0,0.262571,2.31305,IND,FRA,5201
2837462,106,77,1246,1997,0.0,217429.0,1.471048,0.8769370000000001,IRL,FRA,5201
2837463,107,77,1246,1997,2660478.0,0.0,-0.503841,-0.9984059999999999,IRN,FRA,5201
2837464,110,77,1246,1997,599897.0,0.0,1.3230030000000002,0.965016,ISR,FRA,5201
2837465,111,77,1246,1997,3112139.0,1552831.0,1.4860389999999999,1.235674,ITA,FRA,5201
2837466,114,77,1246,1997,0.0,2351.0,2.631846,0.553144,JPN,FRA,5201
2837467,115,77,1246,1997,488076.0,0.0,0.44044300000000003,-0.10249000000000001,KAZ,FRA,5201
2837468,117,77,1246,1997,95406.0,0.0,0.023634,-0.194868,KGZ,FRA,5201
2837469,121,77,1246,1997,0.0,502517.0,1.0478290000000001,1.2874370000000002,KOR,FRA,5201
2837470,124,77,1246,1997,0.0,171299.0,0.334291,0.783104,LBN,FRA,5201
2837471,128,77,1246,1997,0.0,211897.0,-0.925745,-0.308559,LKA,FRA,5201
2837472,130,77,1246,1997,3957.0,107219.0,0.377245,0.8823270000000001,LTU,FRA,5201
2837473,132,77,1246,1997,34188.0,0.0,0.398848,0.215206,LVA,FRA,5201
2837474,134,77,1246,1997,0.0,463408.0,-0.649616,-0.260554,MAR,FRA,5201
2837475,136,77,1246,1997,17050.0,4614.0,-1.2630370000000002,-0.565295,MDG,FRA,5201
2837476,141,77,1246,1997,1644693.0,0.0,-1.230276,-1.086769,MLI,FRA,5201
2837477,147,77,1246,1997,194956.0,0.0,-0.8600620000000001,-0.9672270000000001,MOZ,FRA,5201
2837478,151,77,1246,1997,0.0,2850.0,-0.49241,-0.695729,MUS,FRA,5201
2837479,153,77,1246,1997,0.0,4286238.0,0.37340999999999996,0.36853600000000003,MYS,FRA,5201
2837480,156,77,1246,1997,0.0,1556.0,-0.9234049999999999,-0.8851110000000001,NCL,FRA,5201
2837481,157,77,1246,1997,49724.0,0.0,-0.322358,-0.63647,NER,FRA,5201
2837482,159,77,1246,1997,308909.0,0.0,-1.615102,-1.129541,NGA,FRA,5201
2837483,162,77,1246,1997,47007.0,70281.0,1.267794,1.727888,NLD,FRA,5201
2837484,163,77,1246,1997,0.0,26279.0,1.003945,0.188826,NOR,FRA,5201
2837485,168,77,1246,1997,433513.0,0.0,-0.882432,-0.563344,PAK,FRA,5201
2837486,174,77,1246,1997,0.0,1487900.0,-0.24310900000000002,0.085784,PHL,FRA,5201
2837487,177,77,1246,1997,0.0,94131.0,0.805559,1.9598520000000001,POL,FRA,5201
2837488,179,77,1246,1997,120417.0,314167.0,0.379367,1.296551,PRT,FRA,5201
2837489,185,77,1246,1997,0.0,26979.0,0.44381000000000004,1.084109,ROU,FRA,5201
2837490,186,77,1246,1997,648590.0,0.0,0.87377,0.423861,RUS,FRA,5201
2837491,188,77,1246,1997,0.0,3294.0,0.015040000000000001,-0.954475,SAU,FRA,5201
2837492,190,77,1246,1997,68151.0,0.0,-1.300352,-1.199816,SDN,FRA,5201
2837493,191,77,1246,1997,179352.0,122154.0,-0.606205,-0.727753,SEN,FRA,5201
2837494,208,77,1246,1997,0.0,3523.0,2.120182,0.993078,SWE,FRA,5201
2837495,212,77,1246,1997,20044892.0,0.0,-1.046433,-0.9678620000000001,SYR,FRA,5201
2837496,214,77,1246,1997,1096337.0,0.0,-0.297833,-0.76769,TCD,FRA,5201
2837497,216,77,1246,1997,0.0,144270.0,0.084875,1.41931,THA,FRA,5201
2837498,217,77,1246,1997,18306736.0,16502.0,-0.350646,-0.835419,TJK,FRA,5201
2837499,219,77,1246,1997,5392610.0,0.0,-0.554162,-1.042607,TKM,FRA,5201
2837500,223,77,1246,1997,0.0,4283.0,-0.24073899999999998,-0.146818,TUN,FRA,5201
2837501,224,77,1246,1997,843581.0,44919.0,0.167734,1.5827870000000002,TUR,FRA,5201
2837502,227,77,1246,1997,1088508.0,0.0,-0.9304819999999999,-0.9731540000000001,UGA,FRA,5201
2837503,231,77,1246,1997,2160284.0,0.0,1.823511,0.888084,USA,FRA,5201
2837504,232,77,1246,1997,82126816.0,0.0,-0.26560700000000004,-0.870447,UZB,FRA,5201
2837505,236,77,1246,1997,0.0,1689623.0,0.21363200000000002,-0.668341,VEN,FRA,5201
2837506,249,77,1246,1997,0.0,134889.0,1.317672,1.800561,TWN,FRA,5201
2837507,8,81,1246,1997,244918.0,0.0,0.273654,0.495389,ARG,GBR,5201
2837508,14,81,1246,1997,1135183.0,0.0,0.428555,0.798283,AUS,GBR,5201
2837509,15,81,1246,1997,1275.0,1054.0,1.8926189999999998,0.624346,AUT,GBR,5201
2837510,18,81,1246,1997,38003.0,9942.0,1.4274069999999999,1.490435,BEL,GBR,5201
2837511,19,81,1246,1997,943602.0,0.0,-1.1300780000000001,-0.938398,BEN,GBR,5201
2837512,21,81,1246,1997,360543.0,0.0,-0.204096,-0.731299,BFA,GBR,5201
2837513,22,81,1246,1997,45219.0,3643184.0,-1.027777,-1.048214,BGD,GBR,5201
2837514,32,81,1246,1997,173337.0,0.0,0.718336,1.203066,BRA,GBR,5201
2837515,34,81,1246,1997,0.0,4931.0,-0.092276,-0.772393,BRN,GBR,5201
2837516,39,81,1246,1997,0.0,4674.0,1.109494,1.178772,CAN,GBR,5201
2837517,41,81,1246,1997,54149.0,12467.0,2.280163,0.597819,CHE,GBR,5201
2837518,42,81,1246,1997,0.0,3624.0,0.002791,-0.030604000000000003,CHL,GBR,5201
2837519,43,81,1246,1997,5948.0,1107467.0,0.36051300000000003,3.287322,CHN,GBR,5201
2837520,45,81,1246,1997,767756.0,0.0,-1.205482,-1.015714,CMR,GBR,5201
2837521,58,81,1246,1997,0.0,1133.0,0.451212,0.452754,CYP,GBR,5201
2837522,59,81,1246,1997,0.0,1619.0,1.40651,1.354695,CZE,GBR,5201
2837523,61,81,1246,1997,1043054.0,278521.0,2.293936,-2.2301919999999997,DEU,GBR,5201
2837524,64,81,1246,1997,0.0,1029.0,1.358279,1.420107,DNK,GBR,5201
2837525,68,81,1246,1997,776629.0,0.0,-0.314425,0.156345,EGY,GBR,5201
2837526,71,81,1246,1997,5617448.0,98222.0,1.082049,2.0238650000000002,ESP,GBR,5201
2837527,72,81,1246,1997,0.0,13917.0,0.460823,0.9126700000000001,EST,GBR,5201
2837528,74,81,1246,1997,42033.0,14637.0,1.9298959999999998,1.083861,FIN,GBR,5201
2837529,77,81,1246,1997,271449.0,85397.0,1.69504,0.8278549999999999,FRA,GBR,5201
2837530,90,81,1246,1997,16837618.0,2820.0,0.229516,1.085225,GRC,GBR,5201
2837531,96,81,1246,1997,0.0,4898.0,-0.7141810000000001,-0.8589030000000001,GUY,GBR,5201
2837532,97,81,1246,1997,645872.0,11076.0,0.521942,2.578405,HKG,GBR,5201
2837533,102,81,1246,1997,24996.0,0.0,0.746743,1.577102,HUN,GBR,5201
2837534,103,81,1246,1997,0.0,1480241.0,-0.44080699999999995,1.220104,IDN,GBR,5201
2837535,104,81,1246,1997,796385.0,485004.0,0.262571,2.31305,IND,GBR,5201
2837536,106,81,1246,1997,6699.0,7841.0,1.471048,0.8769370000000001,IRL,GBR,5201
2837537,107,81,1246,1997,8687.0,0.0,-0.503841,-0.9984059999999999,IRN,GBR,5201
2837538,109,81,1246,1997,0.0,5944.0,0.217533,-0.405395,ISL,GBR,5201
2837539,110,81,1246,1997,2162777.0,6921.0,1.3230030000000002,0.965016,ISR,GBR,5201
2837540,111,81,1246,1997,109352.0,703663.0,1.4860389999999999,1.235674,ITA,GBR,5201
2837541,112,81,1246,1997,0.0,3978.0,-0.65455,-0.820413,JAM,GBR,5201
2837542,114,81,1246,1997,45936.0,7846.0,2.631846,0.553144,JPN,GBR,5201
2837543,116,81,1246,1997,1076104.0,0.0,-0.399028,0.196115,KEN,GBR,5201
2837544,121,81,1246,1997,0.0,287706.0,1.0478290000000001,1.2874370000000002,KOR,GBR,5201
2837545,128,81,1246,1997,0.0,2101.0,-0.925745,-0.308559,LKA,GBR,5201
2837546,130,81,1246,1997,29382.0,0.0,0.377245,0.8823270000000001,LTU,GBR,5201
2837547,132,81,1246,1997,1274996.0,0.0,0.398848,0.215206,LVA,GBR,5201
2837548,141,81,1246,1997,41062.0,0.0,-1.230276,-1.086769,MLI,GBR,5201
2837549,147,81,1246,1997,238828.0,0.0,-0.8600620000000001,-0.9672270000000001,MOZ,GBR,5201
2837550,152,81,1246,1997,58105.0,0.0,-1.24261,-1.1258860000000002,MWI,GBR,5201
2837551,153,81,1246,1997,0.0,23710.0,0.37340999999999996,0.36853600000000003,MYS,GBR,5201
2837552,159,81,1246,1997,118489.0,3587.0,-1.615102,-1.129541,NGA,GBR,5201
2837553,162,81,1246,1997,1097.0,3926.0,1.267794,1.727888,NLD,GBR,5201
2837554,163,81,1246,1997,0.0,50441.0,1.003945,0.188826,NOR,GBR,5201
2837555,166,81,1246,1997,0.0,17675.0,0.557545,0.731294,NZL,GBR,5201
2837556,168,81,1246,1997,1132681.0,0.0,-0.882432,-0.563344,PAK,GBR,5201
2837557,174,81,1246,1997,0.0,8168.0,-0.24310900000000002,0.085784,PHL,GBR,5201
2837558,177,81,1246,1997,0.0,720256.0,0.805559,1.9598520000000001,POL,GBR,5201
2837559,179,81,1246,1997,247967.0,12143.0,0.379367,1.296551,PRT,GBR,5201
2837560,186,81,1246,1997,2657225.0,0.0,0.87377,0.423861,RUS,GBR,5201
2837561,188,81,1246,1997,0.0,6855.0,0.015040000000000001,-0.954475,SAU,GBR,5201
2837562,190,81,1246,1997,11038.0,0.0,-1.300352,-1.199816,SDN,GBR,5201
2837563,191,81,1246,1997,29820.0,0.0,-0.606205,-0.727753,SEN,GBR,5201
2837564,192,81,1246,1997,0.0,1598.0,1.01557,0.360154,SGP,GBR,5201
2837565,207,81,1246,1997,54217.0,0.0,1.435765,1.348897,SVN,GBR,5201
2837566,208,81,1246,1997,0.0,126389.0,2.120182,0.993078,SWE,GBR,5201
2837567,212,81,1246,1997,505148.0,0.0,-1.046433,-0.9678620000000001,SYR,GBR,5201
2837568,213,81,1246,1997,0.0,2418.0,0.133095,-0.558163,TCA,GBR,5201
2837569,216,81,1246,1997,0.0,79721.0,0.084875,1.41931,THA,GBR,5201
2837570,223,81,1246,1997,0.0,1173.0,-0.24073899999999998,-0.146818,TUN,GBR,5201
2837571,224,81,1246,1997,382223.0,715322.0,0.167734,1.5827870000000002,TUR,GBR,5201
2837572,226,81,1246,1997,2045891.0,0.0,-1.368133,-0.753692,TZA,GBR,5201
2837573,227,81,1246,1997,538197.0,0.0,-0.9304819999999999,-0.9731540000000001,UGA,GBR,5201
2837574,228,81,1246,1997,0.0,42334.0,0.8502559999999999,0.956254,UKR,GBR,5201
2837575,231,81,1246,1997,22875864.0,46179.0,1.823511,0.888084,USA,GBR,5201
2837576,232,81,1246,1997,25178.0,0.0,-0.26560700000000004,-0.870447,UZB,GBR,5201
2837577,246,81,1246,1997,23564.0,4356.0,0.501792,1.1192440000000001,ZAF,GBR,5201
2837578,248,81,1246,1997,133637.0,0.0,-0.36357399999999995,-0.449161,ZWE,GBR,5201
2837579,249,81,1246,1997,0.0,241164.0,1.317672,1.800561,TWN,GBR,5201
2837580,4,90,1246,1997,0.0,13399.0,-0.32351599999999997,-0.170449,ALB,GRC,5201
2837581,14,90,1246,1997,410605.0,0.0,0.428555,0.798283,AUS,GRC,5201
2837582,15,90,1246,1997,46058.0,4321878.0,1.8926189999999998,0.624346,AUT,GRC,5201
2837583,18,90,1246,1997,167348.0,628445.0,1.4274069999999999,1.490435,BEL,GRC,5201
2837584,21,90,1246,1997,563894.0,0.0,-0.204096,-0.731299,BFA,GRC,5201
2837585,22,90,1246,1997,0.0,114709.0,-1.027777,-1.048214,BGD,GRC,5201
2837586,23,90,1246,1997,121391.0,26147912.0,0.487041,1.287344,BGR,GRC,5201
2837587,32,90,1246,1997,0.0,3532131.0,0.718336,1.203066,BRA,GRC,5201
2837588,41,90,1246,1997,0.0,4666051.0,2.280163,0.597819,CHE,GRC,5201
2837589,43,90,1246,1997,0.0,246010.0,0.36051300000000003,3.287322,CHN,GRC,5201
2837590,44,90,1246,1997,1686548.0,0.0,-0.685339,-0.62129,CIV,GRC,5201
2837591,59,90,1246,1997,0.0,7684530.0,1.40651,1.354695,CZE,GRC,5201
2837592,61,90,1246,1997,156631.0,17481384.0,2.293936,-2.2301919999999997,DEU,GRC,5201
2837593,68,90,1246,1997,2691660.0,0.0,-0.314425,0.156345,EGY,GRC,5201
2837594,71,90,1246,1997,31919.0,1482010.0,1.082049,2.0238650000000002,ESP,GRC,5201
2837595,77,90,1246,1997,796109.0,10393644.0,1.69504,0.8278549999999999,FRA,GRC,5201
2837596,81,90,1246,1997,2820.0,16837618.0,1.886353,0.783832,GBR,GRC,5201
2837597,97,90,1246,1997,0.0,748613.0,0.521942,2.578405,HKG,GRC,5201
2837598,100,90,1246,1997,0.0,286872.0,0.607903,1.147751,HRV,GRC,5201
2837599,102,90,1246,1997,0.0,807298.0,0.746743,1.577102,HUN,GRC,5201
2837600,103,90,1246,1997,0.0,1373377.0,-0.44080699999999995,1.220104,IDN,GRC,5201
2837601,104,90,1246,1997,210700.0,0.0,0.262571,2.31305,IND,GRC,5201
2837602,106,90,1246,1997,0.0,533720.0,1.471048,0.8769370000000001,IRL,GRC,5201
2837603,110,90,1246,1997,1101489.0,0.0,1.3230030000000002,0.965016,ISR,GRC,5201
2837604,111,90,1246,1997,1000406.0,26989878.0,1.4860389999999999,1.235674,ITA,GRC,5201
2837605,113,90,1246,1997,0.0,9083.0,0.49456300000000003,0.33966,JOR,GRC,5201
2837606,114,90,1246,1997,0.0,1100758.0,2.631846,0.553144,JPN,GRC,5201
2837607,121,90,1246,1997,0.0,933058.0,1.0478290000000001,1.2874370000000002,KOR,GRC,5201
2837608,124,90,1246,1997,0.0,6609.0,0.334291,0.783104,LBN,GRC,5201
2837609,128,90,1246,1997,0.0,931078.0,-0.925745,-0.308559,LKA,GRC,5201
2837610,134,90,1246,1997,0.0,693365.0,-0.649616,-0.260554,MAR,GRC,5201
2837611,140,90,1246,1997,0.0,2788158.0,0.26327399999999995,0.704879,MKD,GRC,5201
2837612,153,90,1246,1997,0.0,29770.0,0.37340999999999996,0.36853600000000003,MYS,GRC,5201
2837613,168,90,1246,1997,689573.0,0.0,-0.882432,-0.563344,PAK,GRC,5201
2837614,174,90,1246,1997,0.0,591165.0,-0.24310900000000002,0.085784,PHL,GRC,5201
2837615,177,90,1246,1997,0.0,2922135.0,0.805559,1.9598520000000001,POL,GRC,5201
2837616,179,90,1246,1997,4927.0,1206621.0,0.379367,1.296551,PRT,GRC,5201
2837617,185,90,1246,1997,0.0,5144266.0,0.44381000000000004,1.084109,ROU,GRC,5201
2837618,186,90,1246,1997,645728.0,1143215.0,0.87377,0.423861,RUS,GRC,5201
2837619,189,90,1246,1997,0.0,2132124.0,0.659904,1.702849,SCG,GRC,5201
2837620,190,90,1246,1997,347419.0,0.0,-1.300352,-1.199816,SDN,GRC,5201
2837621,192,90,1246,1997,0.0,54173.0,1.01557,0.360154,SGP,GRC,5201
2837622,206,90,1246,1997,0.0,298471.0,1.200699,1.318346,SVK,GRC,5201
2837623,207,90,1246,1997,0.0,347889.0,1.435765,1.348897,SVN,GRC,5201
2837624,208,90,1246,1997,0.0,477344.0,2.120182,0.993078,SWE,GRC,5201
2837625,212,90,1246,1997,1259826.0,0.0,-1.046433,-0.9678620000000001,SYR,GRC,5201
2837626,216,90,1246,1997,0.0,366738.0,0.084875,1.41931,THA,GRC,5201
2837627,223,90,1246,1997,0.0,4399037.0,-0.24073899999999998,-0.146818,TUN,GRC,5201
2837628,224,90,1246,1997,1000548.0,136253088.0,0.167734,1.5827870000000002,TUR,GRC,5201
2837629,231,90,1246,1997,869862.0,0.0,1.823511,0.888084,USA,GRC,5201
2837630,232,90,1246,1997,2149294.0,0.0,-0.26560700000000004,-0.870447,UZB,GRC,5201
2837631,243,90,1246,1997,228684.0,0.0,-1.7204130000000002,-1.242057,YEM,GRC,5201
2837632,246,90,1246,1997,900724.0,0.0,0.501792,1.1192440000000001,ZAF,GRC,5201
2837633,8,93,1246,1997,363419.0,0.0,0.273654,0.495389,ARG,GTM,5201
2837634,99,93,1246,1997,322876.0,13599.0,-0.832161,-0.5578270000000001,HND,GTM,5201
2837635,138,93,1246,1997,8401081.0,0.0,0.603221,0.898488,MEX,GTM,5201
2837636,160,93,1246,1997,327735.0,0.0,-0.8090109999999999,-0.783853,NIC,GTM,5201
2837637,231,93,1246,1997,42118536.0,0.0,1.823511,0.888084,USA,GTM,5201
2837638,81,96,1246,1997,4898.0,0.0,1.886353,0.783832,GBR,GUY,5201
2837639,231,96,1246,1997,2014.0,0.0,1.823511,0.888084,USA,GUY,5201
2837640,249,96,1246,1997,0.0,41293.0,1.317672,1.800561,TWN,GUY,5201
2837641,7,97,1246,1997,6921436.0,0.0,-0.042154000000000004,-0.667389,ARE,HKG,5201
2837642,8,97,1246,1997,685772.0,0.0,0.273654,0.495389,ARG,HKG,5201
2837643,14,97,1246,1997,14584250.0,0.0,0.428555,0.798283,AUS,HKG,5201
2837644,16,97,1246,1997,1303431.0,0.0,0.290957,-0.18282,AZE,HKG,5201
2837645,18,97,1246,1997,34488.0,72238.0,1.4274069999999999,1.490435,BEL,HKG,5201
2837646,19,97,1246,1997,476261.0,0.0,-1.1300780000000001,-0.938398,BEN,HKG,5201
2837647,21,97,1246,1997,1135623.0,0.0,-0.204096,-0.731299,BFA,HKG,5201
2837648,41,97,1246,1997,6345.0,0.0,2.280163,0.597819,CHE,HKG,5201
2837649,43,97,1246,1997,38877.0,28134116.0,0.36051300000000003,3.287322,CHN,HKG,5201
2837650,45,97,1246,1997,956727.0,0.0,-1.205482,-1.015714,CMR,HKG,5201
2837651,68,97,1246,1997,556458.0,0.0,-0.314425,0.156345,EGY,HKG,5201
2837652,81,97,1246,1997,11076.0,645872.0,1.886353,0.783832,GBR,HKG,5201
2837653,85,97,1246,1997,163757.0,0.0,-1.529401,-1.163973,GIN,HKG,5201
2837654,87,97,1246,1997,134539.0,0.0,-0.6977300000000001,-0.7753720000000001,GMB,HKG,5201
2837655,90,97,1246,1997,748613.0,0.0,0.229516,1.085225,GRC,HKG,5201
2837656,103,97,1246,1997,120172.0,543798.0,-0.44080699999999995,1.220104,IDN,HKG,5201
2837657,104,97,1246,1997,42215928.0,0.0,0.262571,2.31305,IND,HKG,5201
2837658,107,97,1246,1997,5941858.0,0.0,-0.503841,-0.9984059999999999,IRN,HKG,5201
2837659,110,97,1246,1997,51673.0,0.0,1.3230030000000002,0.965016,ISR,HKG,5201
2837660,111,97,1246,1997,41909.0,0.0,1.4860389999999999,1.235674,ITA,HKG,5201
2837661,114,97,1246,1997,8777.0,0.0,2.631846,0.553144,JPN,HKG,5201
2837662,121,97,1246,1997,982.0,66669.0,1.0478290000000001,1.2874370000000002,KOR,HKG,5201
2837663,132,97,1246,1997,793718.0,69521.0,0.398848,0.215206,LVA,HKG,5201
2837664,133,97,1246,1997,32147.0,0.0,-0.238002,-0.361492,MAC,HKG,5201
2837665,138,97,1246,1997,635339.0,0.0,0.603221,0.898488,MEX,HKG,5201
2837666,151,97,1246,1997,0.0,24150.0,-0.49241,-0.695729,MUS,HKG,5201
2837667,153,97,1246,1997,0.0,456864.0,0.37340999999999996,0.36853600000000003,MYS,HKG,5201
2837668,159,97,1246,1997,3807095.0,0.0,-1.615102,-1.129541,NGA,HKG,5201
2837669,168,97,1246,1997,6161260.0,0.0,-0.882432,-0.563344,PAK,HKG,5201
2837670,173,97,1246,1997,1204494.0,0.0,-0.5023880000000001,-0.262563,PER,HKG,5201
2837671,174,97,1246,1997,0.0,25822.0,-0.24310900000000002,0.085784,PHL,HKG,5201
2837672,186,97,1246,1997,160067.0,0.0,0.87377,0.423861,RUS,HKG,5201
2837673,190,97,1246,1997,732289.0,0.0,-1.300352,-1.199816,SDN,HKG,5201
2837674,192,97,1246,1997,707562.0,0.0,1.01557,0.360154,SGP,HKG,5201
2837675,212,97,1246,1997,2877072.0,0.0,-1.046433,-0.9678620000000001,SYR,HKG,5201
2837676,214,97,1246,1997,5402372.0,0.0,-0.297833,-0.76769,TCD,HKG,5201
2837677,215,97,1246,1997,411072.0,0.0,-0.974678,-0.8150350000000001,TGO,HKG,5201
2837678,216,97,1246,1997,0.0,48242.0,0.084875,1.41931,THA,HKG,5201
2837679,224,97,1246,1997,727970.0,0.0,0.167734,1.5827870000000002,TUR,HKG,5201
2837680,226,97,1246,1997,3722612.0,0.0,-1.368133,-0.753692,TZA,HKG,5201
2837681,231,97,1246,1997,52214524.0,0.0,1.823511,0.888084,USA,HKG,5201
2837682,232,97,1246,1997,284757.0,0.0,-0.26560700000000004,-0.870447,UZB,HKG,5201
2837683,246,97,1246,1997,1219776.0,0.0,0.501792,1.1192440000000001,ZAF,HKG,5201
2837684,247,97,1246,1997,1035111.0,0.0,-0.62183,-0.809639,ZMB,HKG,5201
2837685,249,97,1246,1997,20362.0,301375.0,1.317672,1.800561,TWN,HKG,5201
2837686,93,99,1246,1997,13599.0,322876.0,-0.310042,0.2096,GTM,HND,5201
2837687,103,99,1246,1997,0.0,145281.0,-0.44080699999999995,1.220104,IDN,HND,5201
2837688,197,99,1246,1997,6916.0,488155.0,-0.09174500000000001,-0.034391000000000005,SLV,HND,5201
2837689,231,99,1246,1997,1188690.0,0.0,1.823511,0.888084,USA,HND,5201
2837690,1,103,1246,1997,1387488.0,0.0,0.019025999999999998,-0.351461,AFG,IDN,5201
2837691,6,103,1246,1997,220687.0,0.0,0.406411,-0.46148100000000003,ANT,IDN,5201
2837692,7,103,1246,1997,6476671.0,0.0,-0.042154000000000004,-0.667389,ARE,IDN,5201
2837693,8,103,1246,1997,4223299.0,0.0,0.273654,0.495389,ARG,IDN,5201
2837694,14,103,1246,1997,212426448.0,0.0,0.428555,0.798283,AUS,IDN,5201
2837695,15,103,1246,1997,0.0,35903.0,1.8926189999999998,0.624346,AUT,IDN,5201
2837696,16,103,1246,1997,4036306.0,0.0,0.290957,-0.18282,AZE,IDN,5201
2837697,18,103,1246,1997,764400.0,0.0,1.4274069999999999,1.490435,BEL,IDN,5201
2837698,19,103,1246,1997,14607415.0,0.0,-1.1300780000000001,-0.938398,BEN,IDN,5201
2837699,21,103,1246,1997,4898548.0,0.0,-0.204096,-0.731299,BFA,IDN,5201
2837700,23,103,1246,1997,0.0,42199.0,0.487041,1.287344,BGR,IDN,5201
2837701,28,103,1246,1997,275648.0,0.0,0.563179,0.339149,BLR,IDN,5201
2837702,30,103,1246,1997,125655.0,0.0,1.069048,-0.35702399999999995,BMU,IDN,5201
2837703,32,103,1246,1997,125528.0,0.0,0.718336,1.203066,BRA,IDN,5201
2837704,34,103,1246,1997,94018.0,0.0,-0.092276,-0.772393,BRN,IDN,5201
2837705,38,103,1246,1997,190012.0,0.0,-1.192158,-0.902408,CAF,IDN,5201
2837706,39,103,1246,1997,381479.0,0.0,1.109494,1.178772,CAN,IDN,5201
2837707,41,103,1246,1997,5165070.0,32902.0,2.280163,0.597819,CHE,IDN,5201
2837708,42,103,1246,1997,271508.0,0.0,0.002791,-0.030604000000000003,CHL,IDN,5201
2837709,43,103,1246,1997,1133811.0,206947.0,0.36051300000000003,3.287322,CHN,IDN,5201
2837710,44,103,1246,1997,19579390.0,0.0,-0.685339,-0.62129,CIV,IDN,5201
2837711,45,103,1246,1997,2584254.0,0.0,-1.205482,-1.015714,CMR,IDN,5201
2837712,59,103,1246,1997,574002.0,0.0,1.40651,1.354695,CZE,IDN,5201
2837713,61,103,1246,1997,1859796.0,0.0,2.293936,-2.2301919999999997,DEU,IDN,5201
2837714,68,103,1246,1997,482866.0,0.0,-0.314425,0.156345,EGY,IDN,5201
2837715,71,103,1246,1997,192308.0,0.0,1.082049,2.0238650000000002,ESP,IDN,5201
2837716,73,103,1246,1997,40858.0,0.0,-1.239473,-1.159345,ETH,IDN,5201
2837717,77,103,1246,1997,891174.0,2248.0,1.69504,0.8278549999999999,FRA,IDN,5201
2837718,80,103,1246,1997,413555.0,0.0,-1.177994,-1.134955,GAB,IDN,5201
2837719,81,103,1246,1997,1480241.0,0.0,1.886353,0.783832,GBR,IDN,5201
2837720,85,103,1246,1997,594915.0,0.0,-1.529401,-1.163973,GIN,IDN,5201
2837721,89,103,1246,1997,147767.0,0.0,-1.447242,-0.830466,GNQ,IDN,5201
2837722,90,103,1246,1997,1373377.0,0.0,0.229516,1.085225,GRC,IDN,5201
2837723,97,103,1246,1997,543798.0,120172.0,0.521942,2.578405,HKG,IDN,5201
2837724,99,103,1246,1997,145281.0,0.0,-0.832161,-0.5578270000000001,HND,IDN,5201
2837725,104,103,1246,1997,30822694.0,0.0,0.262571,2.31305,IND,IDN,5201
2837726,106,103,1246,1997,677449.0,0.0,1.471048,0.8769370000000001,IRL,IDN,5201
2837727,107,103,1246,1997,13741813.0,0.0,-0.503841,-0.9984059999999999,IRN,IDN,5201
2837728,109,103,1246,1997,6937.0,0.0,0.217533,-0.405395,ISL,IDN,5201
2837729,110,103,1246,1997,60763.0,0.0,1.3230030000000002,0.965016,ISR,IDN,5201
2837730,111,103,1246,1997,65567.0,0.0,1.4860389999999999,1.235674,ITA,IDN,5201
2837731,114,103,1246,1997,620063.0,403743.0,2.631846,0.553144,JPN,IDN,5201
2837732,121,103,1246,1997,186836.0,96513.0,1.0478290000000001,1.2874370000000002,KOR,IDN,5201
2837733,122,103,1246,1997,193716.0,0.0,-0.660185,-1.1410129999999998,KWT,IDN,5201
2837734,123,103,1246,1997,59576.0,0.0,-0.868848,-0.914637,LAO,IDN,5201
2837735,137,103,1246,1997,83758.0,0.0,-1.155491,-1.0362200000000001,MDV,IDN,5201
2837736,138,103,1246,1997,2654793.0,0.0,0.603221,0.898488,MEX,IDN,5201
2837737,141,103,1246,1997,3479942.0,0.0,-1.230276,-1.086769,MLI,IDN,5201
2837738,143,103,1246,1997,26418.0,0.0,-1.595159,-1.09562,MMR,IDN,5201
2837739,152,103,1246,1997,78457.0,0.0,-1.24261,-1.1258860000000002,MWI,IDN,5201
2837740,153,103,1246,1997,1003875.0,44243.0,0.37340999999999996,0.36853600000000003,MYS,IDN,5201
2837741,157,103,1246,1997,242533.0,0.0,-0.322358,-0.63647,NER,IDN,5201
2837742,159,103,1246,1997,3481730.0,0.0,-1.615102,-1.129541,NGA,IDN,5201
2837743,162,103,1246,1997,3701.0,0.0,1.267794,1.727888,NLD,IDN,5201
2837744,166,103,1246,1997,122165.0,0.0,0.557545,0.731294,NZL,IDN,5201
2837745,168,103,1246,1997,11742406.0,0.0,-0.882432,-0.563344,PAK,IDN,5201
2837746,173,103,1246,1997,458986.0,0.0,-0.5023880000000001,-0.262563,PER,IDN,5201
2837747,174,103,1246,1997,0.0,133070.0,-0.24310900000000002,0.085784,PHL,IDN,5201
2837748,185,103,1246,1997,417632.0,0.0,0.44381000000000004,1.084109,ROU,IDN,5201
2837749,186,103,1246,1997,16866252.0,0.0,0.87377,0.423861,RUS,IDN,5201
2837750,188,103,1246,1997,637774.0,0.0,0.015040000000000001,-0.954475,SAU,IDN,5201
2837751,190,103,1246,1997,23817.0,0.0,-1.300352,-1.199816,SDN,IDN,5201
2837752,191,103,1246,1997,231585.0,0.0,-0.606205,-0.727753,SEN,IDN,5201
2837753,192,103,1246,1997,3661196.0,0.0,1.01557,0.360154,SGP,IDN,5201
2837754,206,103,1246,1997,22377.0,0.0,1.200699,1.318346,SVK,IDN,5201
2837755,208,103,1246,1997,155842.0,0.0,2.120182,0.993078,SWE,IDN,5201
2837756,212,103,1246,1997,17616026.0,0.0,-1.046433,-0.9678620000000001,SYR,IDN,5201
2837757,215,103,1246,1997,4956592.0,0.0,-0.974678,-0.8150350000000001,TGO,IDN,5201
2837758,216,103,1246,1997,6604.0,315197.0,0.084875,1.41931,THA,IDN,5201
2837759,219,103,1246,1997,728767.0,0.0,-0.554162,-1.042607,TKM,IDN,5201
2837760,224,103,1246,1997,4654933.0,0.0,0.167734,1.5827870000000002,TUR,IDN,5201
2837761,226,103,1246,1997,31221072.0,0.0,-1.368133,-0.753692,TZA,IDN,5201
2837762,227,103,1246,1997,449379.0,0.0,-0.9304819999999999,-0.9731540000000001,UGA,IDN,5201
2837763,230,103,1246,1997,304250.0,0.0,0.226228,0.29183400000000004,URY,IDN,5201
2837764,231,103,1246,1997,197670736.0,0.0,1.823511,0.888084,USA,IDN,5201
2837765,232,103,1246,1997,12554428.0,0.0,-0.26560700000000004,-0.870447,UZB,IDN,5201
2837766,237,103,1246,1997,48398.0,0.0,0.5966060000000001,-0.381473,VGB,IDN,5201
2837767,241,103,1246,1997,152834.0,0.0,-0.09628400000000001,-0.770489,WLF,IDN,5201
2837768,246,103,1246,1997,2354265.0,0.0,0.501792,1.1192440000000001,ZAF,IDN,5201
2837769,247,103,1246,1997,1100507.0,0.0,-0.62183,-0.809639,ZMB,IDN,5201
2837770,248,103,1246,1997,2197325.0,0.0,-0.36357399999999995,-0.449161,ZWE,IDN,5201
2837771,249,103,1246,1997,726323.0,44027.0,1.317672,1.800561,TWN,IDN,5201
2837772,250,103,1246,1997,8568389.0,1438.0,1.036748,0.851626,ANS,IDN,5201
2837773,4,106,1246,1997,166258.0,0.0,-0.32351599999999997,-0.170449,ALB,IRL,5201
2837774,18,106,1246,1997,37504.0,0.0,1.4274069999999999,1.490435,BEL,IRL,5201
2837775,44,106,1246,1997,165918.0,0.0,-0.685339,-0.62129,CIV,IRL,5201
2837776,45,106,1246,1997,222628.0,0.0,-1.205482,-1.015714,CMR,IRL,5201
2837777,58,106,1246,1997,340219.0,0.0,0.451212,0.452754,CYP,IRL,5201
2837778,61,106,1246,1997,1079.0,42021.0,2.293936,-2.2301919999999997,DEU,IRL,5201
2837779,68,106,1246,1997,539052.0,0.0,-0.314425,0.156345,EGY,IRL,5201
2837780,71,106,1246,1997,144172.0,0.0,1.082049,2.0238650000000002,ESP,IRL,5201
2837781,77,106,1246,1997,217429.0,0.0,1.69504,0.8278549999999999,FRA,IRL,5201
2837782,81,106,1246,1997,7841.0,6699.0,1.886353,0.783832,GBR,IRL,5201
2837783,83,106,1246,1997,1173466.0,0.0,-1.012728,-0.939893,GHA,IRL,5201
2837784,84,106,1246,1997,0.0,1915.0,0.811642,-0.186555,GIB,IRL,5201
2837785,90,106,1246,1997,533720.0,0.0,0.229516,1.085225,GRC,IRL,5201
2837786,103,106,1246,1997,0.0,677449.0,-0.44080699999999995,1.220104,IDN,IRL,5201
2837787,104,106,1246,1997,58099.0,0.0,0.262571,2.31305,IND,IRL,5201
2837788,111,106,1246,1997,32480.0,164251.0,1.4860389999999999,1.235674,ITA,IRL,5201
2837789,130,106,1246,1997,0.0,390186.0,0.377245,0.8823270000000001,LTU,IRL,5201
2837790,132,106,1246,1997,4479382.0,0.0,0.398848,0.215206,LVA,IRL,5201
2837791,134,106,1246,1997,2505352.0,0.0,-0.649616,-0.260554,MAR,IRL,5201
2837792,141,106,1246,1997,432919.0,0.0,-1.230276,-1.086769,MLI,IRL,5201
2837793,179,106,1246,1997,0.0,2198.0,0.379367,1.296551,PRT,IRL,5201
2837794,185,106,1246,1997,0.0,120418.0,0.44381000000000004,1.084109,ROU,IRL,5201
2837795,186,106,1246,1997,1351329.0,0.0,0.87377,0.423861,RUS,IRL,5201
2837796,208,106,1246,1997,39246.0,0.0,2.120182,0.993078,SWE,IRL,5201
2837797,212,106,1246,1997,460380.0,0.0,-1.046433,-0.9678620000000001,SYR,IRL,5201
2837798,224,106,1246,1997,20887.0,884.0,0.167734,1.5827870000000002,TUR,IRL,5201
2837799,231,106,1246,1997,13002921.0,27295.0,1.823511,0.888084,USA,IRL,5201
2837800,246,106,1246,1997,31351.0,0.0,0.501792,1.1192440000000001,ZAF,IRL,5201
2837801,15,110,1246,1997,63777.0,1494102.0,1.8926189999999998,0.624346,AUT,ISR,5201
2837802,18,110,1246,1997,11732.0,1287003.0,1.4274069999999999,1.490435,BEL,ISR,5201
2837803,23,110,1246,1997,0.0,35192.0,0.487041,1.287344,BGR,ISR,5201
2837804,26,110,1246,1997,0.0,128000.0,0.459512,0.194939,BIH,ISR,5201
2837805,32,110,1246,1997,0.0,743488.0,0.718336,1.203066,BRA,ISR,5201
2837806,41,110,1246,1997,4525864.0,246653.0,2.280163,0.597819,CHE,ISR,5201
2837807,43,110,1246,1997,0.0,139912.0,0.36051300000000003,3.287322,CHN,ISR,5201
2837808,44,110,1246,1997,50043.0,0.0,-0.685339,-0.62129,CIV,ISR,5201
2837809,58,110,1246,1997,0.0,11276.0,0.451212,0.452754,CYP,ISR,5201
2837810,59,110,1246,1997,0.0,2123289.0,1.40651,1.354695,CZE,ISR,5201
2837811,61,110,1246,1997,33761.0,7840916.0,2.293936,-2.2301919999999997,DEU,ISR,5201
2837812,71,110,1246,1997,0.0,773234.0,1.082049,2.0238650000000002,ESP,ISR,5201
2837813,77,110,1246,1997,0.0,599897.0,1.69504,0.8278549999999999,FRA,ISR,5201
2837814,81,110,1246,1997,6921.0,2162777.0,1.886353,0.783832,GBR,ISR,5201
2837815,90,110,1246,1997,0.0,1101489.0,0.229516,1.085225,GRC,ISR,5201
2837816,97,110,1246,1997,0.0,51673.0,0.521942,2.578405,HKG,ISR,5201
2837817,100,110,1246,1997,0.0,917784.0,0.607903,1.147751,HRV,ISR,5201
2837818,102,110,1246,1997,0.0,564983.0,0.746743,1.577102,HUN,ISR,5201
2837819,103,110,1246,1997,0.0,60763.0,-0.44080699999999995,1.220104,IDN,ISR,5201
2837820,104,110,1246,1997,0.0,265896.0,0.262571,2.31305,IND,ISR,5201
2837821,111,110,1246,1997,0.0,9908571.0,1.4860389999999999,1.235674,ITA,ISR,5201
2837822,136,110,1246,1997,0.0,79106.0,-1.2630370000000002,-0.565295,MDG,ISR,5201
2837823,162,110,1246,1997,0.0,156508.0,1.267794,1.727888,NLD,ISR,5201
2837824,174,110,1246,1997,0.0,60833.0,-0.24310900000000002,0.085784,PHL,ISR,5201
2837825,179,110,1246,1997,19146.0,6416392.0,0.379367,1.296551,PRT,ISR,5201
2837826,185,110,1246,1997,0.0,239313.0,0.44381000000000004,1.084109,ROU,ISR,5201
2837827,186,110,1246,1997,228820.0,0.0,0.87377,0.423861,RUS,ISR,5201
2837828,189,110,1246,1997,0.0,37416.0,0.659904,1.702849,SCG,ISR,5201
2837829,192,110,1246,1997,0.0,231522.0,1.01557,0.360154,SGP,ISR,5201
2837830,206,110,1246,1997,0.0,66097.0,1.200699,1.318346,SVK,ISR,5201
2837831,207,110,1246,1997,0.0,683469.0,1.435765,1.348897,SVN,ISR,5201
2837832,224,110,1246,1997,145415.0,33255026.0,0.167734,1.5827870000000002,TUR,ISR,5201
2837833,228,110,1246,1997,102182.0,0.0,0.8502559999999999,0.956254,UKR,ISR,5201
2837834,231,110,1246,1997,416478.0,0.0,1.823511,0.888084,USA,ISR,5201
2837835,232,110,1246,1997,324290.0,0.0,-0.26560700000000004,-0.870447,UZB,ISR,5201
2837836,246,110,1246,1997,0.0,752880.0,0.501792,1.1192440000000001,ZAF,ISR,5201
2837837,4,111,1246,1997,0.0,1017.0,-0.32351599999999997,-0.170449,ALB,ITA,5201
2837838,7,111,1246,1997,274575.0,46237.0,-0.042154000000000004,-0.667389,ARE,ITA,5201
2837839,8,111,1246,1997,1230230.0,77532.0,0.273654,0.495389,ARG,ITA,5201
2837840,14,111,1246,1997,37801176.0,133721.0,0.428555,0.798283,AUS,ITA,5201
2837841,15,111,1246,1997,337774.0,44636.0,1.8926189999999998,0.624346,AUT,ITA,5201
2837842,16,111,1246,1997,11857007.0,0.0,0.290957,-0.18282,AZE,ITA,5201
2837843,18,111,1246,1997,282902.0,43556.0,1.4274069999999999,1.490435,BEL,ITA,5201
2837844,19,111,1246,1997,3595761.0,0.0,-1.1300780000000001,-0.938398,BEN,ITA,5201
2837845,21,111,1246,1997,16466666.0,0.0,-0.204096,-0.731299,BFA,ITA,5201
2837846,23,111,1246,1997,1097975.0,54955.0,0.487041,1.287344,BGR,ITA,5201
2837847,26,111,1246,1997,0.0,58859.0,0.459512,0.194939,BIH,ITA,5201
2837848,28,111,1246,1997,41793.0,1612.0,0.563179,0.339149,BLR,ITA,5201
2837849,32,111,1246,1997,137235.0,50828.0,0.718336,1.203066,BRA,ITA,5201
2837850,41,111,1246,1997,579030.0,1047014.0,2.280163,0.597819,CHE,ITA,5201
2837851,42,111,1246,1997,0.0,35186.0,0.002791,-0.030604000000000003,CHL,ITA,5201
2837852,43,111,1246,1997,117186.0,0.0,0.36051300000000003,3.287322,CHN,ITA,5201
2837853,44,111,1246,1997,17537140.0,0.0,-0.685339,-0.62129,CIV,ITA,5201
2837854,45,111,1246,1997,5483078.0,0.0,-1.205482,-1.015714,CMR,ITA,5201
2837855,46,111,1246,1997,125829.0,0.0,-1.274443,-1.073668,COD,ITA,5201
2837856,59,111,1246,1997,43829.0,11934.0,1.40651,1.354695,CZE,ITA,5201
2837857,61,111,1246,1997,7027391.0,416927.0,2.293936,-2.2301919999999997,DEU,ITA,5201
2837858,64,111,1246,1997,0.0,7004.0,1.358279,1.420107,DNK,ITA,5201
2837859,68,111,1246,1997,31474972.0,0.0,-0.314425,0.156345,EGY,ITA,5201
2837860,71,111,1246,1997,1093741.0,257322.0,1.082049,2.0238650000000002,ESP,ITA,5201
2837861,77,111,1246,1997,1552831.0,3112139.0,1.69504,0.8278549999999999,FRA,ITA,5201
2837862,81,111,1246,1997,703663.0,109352.0,1.886353,0.783832,GBR,ITA,5201
2837863,90,111,1246,1997,26989878.0,1000406.0,0.229516,1.085225,GRC,ITA,5201
2837864,97,111,1246,1997,0.0,41909.0,0.521942,2.578405,HKG,ITA,5201
2837865,100,111,1246,1997,0.0,536522.0,0.607903,1.147751,HRV,ITA,5201
2837866,102,111,1246,1997,251916.0,736858.0,0.746743,1.577102,HUN,ITA,5201
2837867,103,111,1246,1997,0.0,65567.0,-0.44080699999999995,1.220104,IDN,ITA,5201
2837868,104,111,1246,1997,7100339.0,0.0,0.262571,2.31305,IND,ITA,5201
2837869,106,111,1246,1997,164251.0,32480.0,1.471048,0.8769370000000001,IRL,ITA,5201
2837870,107,111,1246,1997,5265827.0,0.0,-0.503841,-0.9984059999999999,IRN,ITA,5201
2837871,108,111,1246,1997,85182.0,0.0,-2.248377,-0.817589,IRQ,ITA,5201
2837872,110,111,1246,1997,9908571.0,0.0,1.3230030000000002,0.965016,ISR,ITA,5201
2837873,114,111,1246,1997,1833.0,174886.0,2.631846,0.553144,JPN,ITA,5201
2837874,115,111,1246,1997,1073836.0,0.0,0.44044300000000003,-0.10249000000000001,KAZ,ITA,5201
2837875,116,111,1246,1997,64061.0,0.0,-0.399028,0.196115,KEN,ITA,5201
2837876,117,111,1246,1997,1285044.0,0.0,0.023634,-0.194868,KGZ,ITA,5201
2837877,121,111,1246,1997,24808.0,28273.0,1.0478290000000001,1.2874370000000002,KOR,ITA,5201
2837878,124,111,1246,1997,0.0,34638.0,0.334291,0.783104,LBN,ITA,5201
2837879,128,111,1246,1997,171243.0,0.0,-0.925745,-0.308559,LKA,ITA,5201
2837880,130,111,1246,1997,64715.0,677447.0,0.377245,0.8823270000000001,LTU,ITA,5201
2837881,132,111,1246,1997,474661.0,0.0,0.398848,0.215206,LVA,ITA,5201
2837882,134,111,1246,1997,94604.0,33953.0,-0.649616,-0.260554,MAR,ITA,5201
2837883,136,111,1246,1997,4114171.0,0.0,-1.2630370000000002,-0.565295,MDG,ITA,5201
2837884,138,111,1246,1997,126751.0,4527.0,0.603221,0.898488,MEX,ITA,5201
2837885,141,111,1246,1997,47901140.0,0.0,-1.230276,-1.086769,MLI,ITA,5201
2837886,142,111,1246,1997,0.0,5027.0,0.936998,0.062266999999999996,MLT,ITA,5201
2837887,147,111,1246,1997,104031.0,0.0,-0.8600620000000001,-0.9672270000000001,MOZ,ITA,5201
2837888,152,111,1246,1997,332314.0,0.0,-1.24261,-1.1258860000000002,MWI,ITA,5201
2837889,153,111,1246,1997,0.0,379574.0,0.37340999999999996,0.36853600000000003,MYS,ITA,5201
2837890,157,111,1246,1997,10474.0,0.0,-0.322358,-0.63647,NER,ITA,5201
2837891,159,111,1246,1997,188062.0,0.0,-1.615102,-1.129541,NGA,ITA,5201
2837892,162,111,1246,1997,96057.0,2498.0,1.267794,1.727888,NLD,ITA,5201
2837893,163,111,1246,1997,84127.0,2133.0,1.003945,0.188826,NOR,ITA,5201
2837894,166,111,1246,1997,0.0,19481.0,0.557545,0.731294,NZL,ITA,5201
2837895,167,111,1246,1997,0.0,11324.0,-0.335834,-0.945859,OMN,ITA,5201
2837896,168,111,1246,1997,3258847.0,77054.0,-0.882432,-0.563344,PAK,ITA,5201
2837897,173,111,1246,1997,4719340.0,0.0,-0.5023880000000001,-0.262563,PER,ITA,5201
2837898,177,111,1246,1997,185250.0,211398.0,0.805559,1.9598520000000001,POL,ITA,5201
2837899,179,111,1246,1997,235824.0,378612.0,0.379367,1.296551,PRT,ITA,5201
2837900,185,111,1246,1997,0.0,3706.0,0.44381000000000004,1.084109,ROU,ITA,5201
2837901,186,111,1246,1997,134268.0,11105.0,0.87377,0.423861,RUS,ITA,5201
2837902,188,111,1246,1997,0.0,35946.0,0.015040000000000001,-0.954475,SAU,ITA,5201
2837903,189,111,1246,1997,0.0,21379.0,0.659904,1.702849,SCG,ITA,5201
2837904,190,111,1246,1997,15761182.0,185614.0,-1.300352,-1.199816,SDN,ITA,5201
2837905,191,111,1246,1997,6978248.0,0.0,-0.606205,-0.727753,SEN,ITA,5201
2837906,206,111,1246,1997,96643.0,113417.0,1.200699,1.318346,SVK,ITA,5201
2837907,207,111,1246,1997,154761.0,722929.0,1.435765,1.348897,SVN,ITA,5201
2837908,211,111,1246,1997,0.0,5208.0,-0.19443,-0.768889,SYC,ITA,5201
2837909,212,111,1246,1997,60478640.0,0.0,-1.046433,-0.9678620000000001,SYR,ITA,5201
2837910,214,111,1246,1997,2427174.0,0.0,-0.297833,-0.76769,TCD,ITA,5201
2837911,215,111,1246,1997,217042.0,0.0,-0.974678,-0.8150350000000001,TGO,ITA,5201
2837912,216,111,1246,1997,0.0,122612.0,0.084875,1.41931,THA,ITA,5201
2837913,217,111,1246,1997,21588068.0,0.0,-0.350646,-0.835419,TJK,ITA,5201
2837914,219,111,1246,1997,12553999.0,0.0,-0.554162,-1.042607,TKM,ITA,5201
2837915,223,111,1246,1997,0.0,1182717.0,-0.24073899999999998,-0.146818,TUN,ITA,5201
2837916,224,111,1246,1997,18231228.0,518008.0,0.167734,1.5827870000000002,TUR,ITA,5201
2837917,226,111,1246,1997,917104.0,0.0,-1.368133,-0.753692,TZA,ITA,5201
2837918,227,111,1246,1997,76799.0,0.0,-0.9304819999999999,-0.9731540000000001,UGA,ITA,5201
2837919,228,111,1246,1997,1069382.0,0.0,0.8502559999999999,0.956254,UKR,ITA,5201
2837920,231,111,1246,1997,22702936.0,51523.0,1.823511,0.888084,USA,ITA,5201
2837921,232,111,1246,1997,121671528.0,0.0,-0.26560700000000004,-0.870447,UZB,ITA,5201
2837922,236,111,1246,1997,0.0,68557.0,0.21363200000000002,-0.668341,VEN,ITA,5201
2837923,243,111,1246,1997,40101.0,0.0,-1.7204130000000002,-1.242057,YEM,ITA,5201
2837924,246,111,1246,1997,548992.0,183066.0,0.501792,1.1192440000000001,ZAF,ITA,5201
2837925,247,111,1246,1997,143567.0,0.0,-0.62183,-0.809639,ZMB,ITA,5201
2837926,248,111,1246,1997,23083524.0,0.0,-0.36357399999999995,-0.449161,ZWE,ITA,5201
2837927,250,111,1246,1997,34402.0,0.0,1.036748,0.851626,ANS,ITA,5201
2837928,7,121,1246,1997,566851.0,0.0,-0.042154000000000004,-0.667389,ARE,KOR,5201
2837929,8,121,1246,1997,124035.0,0.0,0.273654,0.495389,ARG,KOR,5201
2837930,14,121,1246,1997,44277336.0,0.0,0.428555,0.798283,AUS,KOR,5201
2837931,16,121,1246,1997,1437071.0,0.0,0.290957,-0.18282,AZE,KOR,5201
2837932,19,121,1246,1997,2270574.0,0.0,-1.1300780000000001,-0.938398,BEN,KOR,5201
2837933,21,121,1246,1997,259237.0,0.0,-0.204096,-0.731299,BFA,KOR,5201
2837934,22,121,1246,1997,0.0,100017.0,-1.027777,-1.048214,BGD,KOR,5201
2837935,32,121,1246,1997,0.0,14906495.0,0.718336,1.203066,BRA,KOR,5201
2837936,38,121,1246,1997,236250.0,0.0,-1.192158,-0.902408,CAF,KOR,5201
2837937,43,121,1246,1997,2171705.0,4546134.0,0.36051300000000003,3.287322,CHN,KOR,5201
2837938,44,121,1246,1997,3665608.0,0.0,-0.685339,-0.62129,CIV,KOR,5201
2837939,61,121,1246,1997,0.0,20599.0,2.293936,-2.2301919999999997,DEU,KOR,5201
2837940,68,121,1246,1997,9214171.0,0.0,-0.314425,0.156345,EGY,KOR,5201
2837941,77,121,1246,1997,502517.0,0.0,1.69504,0.8278549999999999,FRA,KOR,5201
2837942,81,121,1246,1997,287706.0,0.0,1.886353,0.783832,GBR,KOR,5201
2837943,90,121,1246,1997,933058.0,0.0,0.229516,1.085225,GRC,KOR,5201
2837944,97,121,1246,1997,66669.0,982.0,0.521942,2.578405,HKG,KOR,5201
2837945,103,121,1246,1997,96513.0,186836.0,-0.44080699999999995,1.220104,IDN,KOR,5201
2837946,104,121,1246,1997,617858.0,0.0,0.262571,2.31305,IND,KOR,5201
2837947,107,121,1246,1997,578307.0,0.0,-0.503841,-0.9984059999999999,IRN,KOR,5201
2837948,111,121,1246,1997,28273.0,24808.0,1.4860389999999999,1.235674,ITA,KOR,5201
2837949,114,121,1246,1997,15825.0,1001350.0,2.631846,0.553144,JPN,KOR,5201
2837950,115,121,1246,1997,62432.0,0.0,0.44044300000000003,-0.10249000000000001,KAZ,KOR,5201
2837951,128,121,1246,1997,0.0,1218906.0,-0.925745,-0.308559,LKA,KOR,5201
2837952,138,121,1246,1997,1873660.0,0.0,0.603221,0.898488,MEX,KOR,5201
2837953,141,121,1246,1997,12035032.0,0.0,-1.230276,-1.086769,MLI,KOR,5201
2837954,146,121,1246,1997,0.0,2812.0,-0.912666,-0.9718110000000001,MNP,KOR,5201
2837955,153,121,1246,1997,0.0,364698.0,0.37340999999999996,0.36853600000000003,MYS,KOR,5201
2837956,157,121,1246,1997,434208.0,0.0,-0.322358,-0.63647,NER,KOR,5201
2837957,159,121,1246,1997,1518396.0,0.0,-1.615102,-1.129541,NGA,KOR,5201
2837958,168,121,1246,1997,1149842.0,0.0,-0.882432,-0.563344,PAK,KOR,5201
2837959,173,121,1246,1997,3182656.0,0.0,-0.5023880000000001,-0.262563,PER,KOR,5201
2837960,174,121,1246,1997,0.0,53402.0,-0.24310900000000002,0.085784,PHL,KOR,5201
2837961,179,121,1246,1997,0.0,230340.0,0.379367,1.296551,PRT,KOR,5201
2837962,186,121,1246,1997,23873428.0,0.0,0.87377,0.423861,RUS,KOR,5201
2837963,190,121,1246,1997,14105.0,0.0,-1.300352,-1.199816,SDN,KOR,5201
2837964,191,121,1246,1997,557713.0,0.0,-0.606205,-0.727753,SEN,KOR,5201
2837965,216,121,1246,1997,0.0,272932.0,0.084875,1.41931,THA,KOR,5201
2837966,219,121,1246,1997,60329.0,0.0,-0.554162,-1.042607,TKM,KOR,5201
2837967,224,121,1246,1997,0.0,9602.0,0.167734,1.5827870000000002,TUR,KOR,5201
2837968,231,121,1246,1997,224557600.0,0.0,1.823511,0.888084,USA,KOR,5201
2837969,232,121,1246,1997,137484656.0,0.0,-0.26560700000000004,-0.870447,UZB,KOR,5201
2837970,239,121,1246,1997,0.0,5681254.0,-0.93384,0.06253099999999999,VNM,KOR,5201
2837971,249,121,1246,1997,0.0,69399.0,1.317672,1.800561,TWN,KOR,5201
2837972,1,124,1246,1997,19799.0,0.0,0.019025999999999998,-0.351461,AFG,LBN,5201
2837973,18,124,1246,1997,14087.0,0.0,1.4274069999999999,1.490435,BEL,LBN,5201
2837974,77,124,1246,1997,171299.0,0.0,1.69504,0.8278549999999999,FRA,LBN,5201
2837975,90,124,1246,1997,6609.0,0.0,0.229516,1.085225,GRC,LBN,5201
2837976,111,124,1246,1997,34638.0,0.0,1.4860389999999999,1.235674,ITA,LBN,5201
2837977,122,124,1246,1997,0.0,11861.0,-0.660185,-1.1410129999999998,KWT,LBN,5201
2837978,159,124,1246,1997,18642.0,0.0,-1.615102,-1.129541,NGA,LBN,5201
2837979,186,124,1246,1997,46539.0,0.0,0.87377,0.423861,RUS,LBN,5201
2837980,212,124,1246,1997,282076.0,0.0,-1.046433,-0.9678620000000001,SYR,LBN,5201
2837981,232,124,1246,1997,105782.0,0.0,-0.26560700000000004,-0.870447,UZB,LBN,5201
2837982,15,130,1246,1997,725755.0,0.0,1.8926189999999998,0.624346,AUT,LTU,5201
2837983,23,130,1246,1997,23715.0,0.0,0.487041,1.287344,BGR,LTU,5201
2837984,28,130,1246,1997,79333.0,813941.0,0.563179,0.339149,BLR,LTU,5201
2837985,41,130,1246,1997,703322.0,229251.0,2.280163,0.597819,CHE,LTU,5201
2837986,59,130,1246,1997,0.0,139514.0,1.40651,1.354695,CZE,LTU,5201
2837987,61,130,1246,1997,3222172.0,69366.0,2.293936,-2.2301919999999997,DEU,LTU,5201
2837988,64,130,1246,1997,4636716.0,0.0,1.358279,1.420107,DNK,LTU,5201
2837989,72,130,1246,1997,2827674.0,0.0,0.460823,0.9126700000000001,EST,LTU,5201
2837990,77,130,1246,1997,107219.0,3957.0,1.69504,0.8278549999999999,FRA,LTU,5201
2837991,81,130,1246,1997,0.0,29382.0,1.886353,0.783832,GBR,LTU,5201
2837992,102,130,1246,1997,0.0,25655.0,0.746743,1.577102,HUN,LTU,5201
2837993,106,130,1246,1997,390186.0,0.0,1.471048,0.8769370000000001,IRL,LTU,5201
2837994,111,130,1246,1997,677447.0,64715.0,1.4860389999999999,1.235674,ITA,LTU,5201
2837995,117,130,1246,1997,512118.0,0.0,0.023634,-0.194868,KGZ,LTU,5201
2837996,132,130,1246,1997,2167394.0,0.0,0.398848,0.215206,LVA,LTU,5201
2837997,169,130,1246,1997,28781.0,0.0,-0.028676999999999998,0.00023999999999999998,PAN,LTU,5201
2837998,177,130,1246,1997,60613.0,402152.0,0.805559,1.9598520000000001,POL,LTU,5201
2837999,179,130,1246,1997,0.0,69351.0,0.379367,1.296551,PRT,LTU,5201
2838000,186,130,1246,1997,78696.0,766097.0,0.87377,0.423861,RUS,LTU,5201
2838001,189,130,1246,1997,0.0,52614.0,0.659904,1.702849,SCG,LTU,5201
2838002,217,130,1246,1997,288868.0,0.0,-0.350646,-0.835419,TJK,LTU,5201
2838003,219,130,1246,1997,191313.0,0.0,-0.554162,-1.042607,TKM,LTU,5201
2838004,224,130,1246,1997,5284.0,0.0,0.167734,1.5827870000000002,TUR,LTU,5201
2838005,231,130,1246,1997,1159044.0,0.0,1.823511,0.888084,USA,LTU,5201
2838006,232,130,1246,1997,271709.0,0.0,-0.26560700000000004,-0.870447,UZB,LTU,5201
2838007,15,138,1246,1997,0.0,117764.0,1.8926189999999998,0.624346,AUT,MEX,5201
2838008,18,138,1246,1997,7003.0,611369.0,1.4274069999999999,1.490435,BEL,MEX,5201
2838009,22,138,1246,1997,0.0,163438.0,-1.027777,-1.048214,BGD,MEX,5201
2838010,41,138,1246,1997,0.0,890715.0,2.280163,0.597819,CHE,MEX,5201
2838011,42,138,1246,1997,0.0,3066160.0,0.002791,-0.030604000000000003,CHL,MEX,5201
2838012,43,138,1246,1997,0.0,13360048.0,0.36051300000000003,3.287322,CHN,MEX,5201
2838013,45,138,1246,1997,5381866.0,0.0,-1.205482,-1.015714,CMR,MEX,5201
2838014,54,138,1246,1997,0.0,8193608.0,-0.403192,-1.041751,CUB,MEX,5201
2838015,61,138,1246,1997,0.0,695071.0,2.293936,-2.2301919999999997,DEU,MEX,5201
2838016,71,138,1246,1997,0.0,1172324.0,1.082049,2.0238650000000002,ESP,MEX,5201
2838017,93,138,1246,1997,0.0,8401081.0,-0.310042,0.2096,GTM,MEX,5201
2838018,97,138,1246,1997,0.0,635339.0,0.521942,2.578405,HKG,MEX,5201
2838019,103,138,1246,1997,0.0,2654793.0,-0.44080699999999995,1.220104,IDN,MEX,5201
2838020,111,138,1246,1997,4527.0,126751.0,1.4860389999999999,1.235674,ITA,MEX,5201
2838021,114,138,1246,1997,0.0,12666509.0,2.631846,0.553144,JPN,MEX,5201
2838022,121,138,1246,1997,0.0,1873660.0,1.0478290000000001,1.2874370000000002,KOR,MEX,5201
2838023,128,138,1246,1997,0.0,365249.0,-0.925745,-0.308559,LKA,MEX,5201
2838024,141,138,1246,1997,11238083.0,0.0,-1.230276,-1.086769,MLI,MEX,5201
2838025,153,138,1246,1997,0.0,899159.0,0.37340999999999996,0.36853600000000003,MYS,MEX,5201
2838026,174,138,1246,1997,0.0,672682.0,-0.24310900000000002,0.085784,PHL,MEX,5201
2838027,179,138,1246,1997,0.0,865654.0,0.379367,1.296551,PRT,MEX,5201
2838028,192,138,1246,1997,0.0,26485.0,1.01557,0.360154,SGP,MEX,5201
2838029,197,138,1246,1997,0.0,228199.0,-0.09174500000000001,-0.034391000000000005,SLV,MEX,5201
2838030,216,138,1246,1997,0.0,5092288.0,0.084875,1.41931,THA,MEX,5201
2838031,231,138,1246,1997,367283808.0,1425026.0,1.823511,0.888084,USA,MEX,5201
2838032,236,138,1246,1997,0.0,2848533.0,0.21363200000000002,-0.668341,VEN,MEX,5201
2838033,249,138,1246,1997,0.0,6157594.0,1.317672,1.800561,TWN,MEX,5201
2838034,1,153,1246,1997,19461.0,0.0,0.019025999999999998,-0.351461,AFG,MYS,5201
2838035,7,153,1246,1997,38407.0,0.0,-0.042154000000000004,-0.667389,ARE,MYS,5201
2838036,8,153,1246,1997,232916.0,0.0,0.273654,0.495389,ARG,MYS,5201
2838037,14,153,1246,1997,13272864.0,0.0,0.428555,0.798283,AUS,MYS,5201
2838038,19,153,1246,1997,2808662.0,0.0,-1.1300780000000001,-0.938398,BEN,MYS,5201
2838039,21,153,1246,1997,5635296.0,0.0,-0.204096,-0.731299,BFA,MYS,5201
2838040,34,153,1246,1997,0.0,368548.0,-0.092276,-0.772393,BRN,MYS,5201
2838041,38,153,1246,1997,133836.0,0.0,-1.192158,-0.902408,CAF,MYS,5201
2838042,41,153,1246,1997,4092092.0,0.0,2.280163,0.597819,CHE,MYS,5201
2838043,42,153,1246,1997,835571.0,0.0,0.002791,-0.030604000000000003,CHL,MYS,5201
2838044,43,153,1246,1997,603704.0,0.0,0.36051300000000003,3.287322,CHN,MYS,5201
2838045,44,153,1246,1997,20510160.0,0.0,-0.685339,-0.62129,CIV,MYS,5201
2838046,45,153,1246,1997,5451330.0,0.0,-1.205482,-1.015714,CMR,MYS,5201
2838047,61,153,1246,1997,202949.0,3188.0,2.293936,-2.2301919999999997,DEU,MYS,5201
2838048,68,153,1246,1997,503355.0,0.0,-0.314425,0.156345,EGY,MYS,5201
2838049,71,153,1246,1997,72991.0,0.0,1.082049,2.0238650000000002,ESP,MYS,5201
2838050,74,153,1246,1997,382072.0,0.0,1.9298959999999998,1.083861,FIN,MYS,5201
2838051,77,153,1246,1997,4286238.0,0.0,1.69504,0.8278549999999999,FRA,MYS,5201
2838052,81,153,1246,1997,23710.0,0.0,1.886353,0.783832,GBR,MYS,5201
2838053,87,153,1246,1997,105459.0,0.0,-0.6977300000000001,-0.7753720000000001,GMB,MYS,5201
2838054,90,153,1246,1997,29770.0,0.0,0.229516,1.085225,GRC,MYS,5201
2838055,97,153,1246,1997,456864.0,0.0,0.521942,2.578405,HKG,MYS,5201
2838056,103,153,1246,1997,44243.0,1003875.0,-0.44080699999999995,1.220104,IDN,MYS,5201
2838057,104,153,1246,1997,2050905.0,0.0,0.262571,2.31305,IND,MYS,5201
2838058,107,153,1246,1997,56917.0,0.0,-0.503841,-0.9984059999999999,IRN,MYS,5201
2838059,111,153,1246,1997,379574.0,0.0,1.4860389999999999,1.235674,ITA,MYS,5201
2838060,114,153,1246,1997,2956.0,0.0,2.631846,0.553144,JPN,MYS,5201
2838061,116,153,1246,1997,1087204.0,0.0,-0.399028,0.196115,KEN,MYS,5201
2838062,118,153,1246,1997,0.0,3566.0,-1.458246,-1.243995,KHM,MYS,5201
2838063,121,153,1246,1997,364698.0,0.0,1.0478290000000001,1.2874370000000002,KOR,MYS,5201
2838064,128,153,1246,1997,0.0,239638.0,-0.925745,-0.308559,LKA,MYS,5201
2838065,138,153,1246,1997,899159.0,0.0,0.603221,0.898488,MEX,MYS,5201
2838066,141,153,1246,1997,1710157.0,0.0,-1.230276,-1.086769,MLI,MYS,5201
2838067,143,153,1246,1997,210374.0,0.0,-1.595159,-1.09562,MMR,MYS,5201
2838068,159,153,1246,1997,100089.0,0.0,-1.615102,-1.129541,NGA,MYS,5201
2838069,168,153,1246,1997,870838.0,0.0,-0.882432,-0.563344,PAK,MYS,5201
2838070,179,153,1246,1997,0.0,16265.0,0.379367,1.296551,PRT,MYS,5201
2838071,191,153,1246,1997,1703986.0,0.0,-0.606205,-0.727753,SEN,MYS,5201
2838072,192,153,1246,1997,1605946.0,0.0,1.01557,0.360154,SGP,MYS,5201
2838073,212,153,1246,1997,1895565.0,0.0,-1.046433,-0.9678620000000001,SYR,MYS,5201
2838074,214,153,1246,1997,545998.0,0.0,-0.297833,-0.76769,TCD,MYS,5201
2838075,215,153,1246,1997,10318269.0,0.0,-0.974678,-0.8150350000000001,TGO,MYS,5201
2838076,216,153,1246,1997,5497.0,364408.0,0.084875,1.41931,THA,MYS,5201
2838077,224,153,1246,1997,116811.0,0.0,0.167734,1.5827870000000002,TUR,MYS,5201
2838078,226,153,1246,1997,7383610.0,0.0,-1.368133,-0.753692,TZA,MYS,5201
2838079,227,153,1246,1997,604768.0,0.0,-0.9304819999999999,-0.9731540000000001,UGA,MYS,5201
2838080,231,153,1246,1997,4924982.0,0.0,1.823511,0.888084,USA,MYS,5201
2838081,236,153,1246,1997,0.0,206175.0,0.21363200000000002,-0.668341,VEN,MYS,5201
2838082,246,153,1246,1997,1023008.0,0.0,0.501792,1.1192440000000001,ZAF,MYS,5201
2838083,247,153,1246,1997,1489338.0,0.0,-0.62183,-0.809639,ZMB,MYS,5201
2838084,248,153,1246,1997,1625118.0,0.0,-0.36357399999999995,-0.449161,ZWE,MYS,5201
2838085,249,153,1246,1997,1769507.0,0.0,1.317672,1.800561,TWN,MYS,5201
2838086,4,162,1246,1997,7509.0,0.0,-0.32351599999999997,-0.170449,ALB,NLD,5201
2838087,14,162,1246,1997,309284.0,0.0,0.428555,0.798283,AUS,NLD,5201
2838088,15,162,1246,1997,31609.0,6397.0,1.8926189999999998,0.624346,AUT,NLD,5201
2838089,18,162,1246,1997,316238.0,63208.0,1.4274069999999999,1.490435,BEL,NLD,5201
2838090,21,162,1246,1997,18927.0,0.0,-0.204096,-0.731299,BFA,NLD,5201
2838091,28,162,1246,1997,0.0,20572.0,0.563179,0.339149,BLR,NLD,5201
2838092,39,162,1246,1997,49091.0,0.0,1.109494,1.178772,CAN,NLD,5201
2838093,41,162,1246,1997,21249.0,314474.0,2.280163,0.597819,CHE,NLD,5201
2838094,59,162,1246,1997,0.0,7550.0,1.40651,1.354695,CZE,NLD,5201
2838095,61,162,1246,1997,3661756.0,35229.0,2.293936,-2.2301919999999997,DEU,NLD,5201
2838096,64,162,1246,1997,40994.0,1974.0,1.358279,1.420107,DNK,NLD,5201
2838097,71,162,1246,1997,0.0,5897.0,1.082049,2.0238650000000002,ESP,NLD,5201
2838098,77,162,1246,1997,70281.0,47007.0,1.69504,0.8278549999999999,FRA,NLD,5201
2838099,81,162,1246,1997,3926.0,1097.0,1.886353,0.783832,GBR,NLD,5201
2838100,103,162,1246,1997,0.0,3701.0,-0.44080699999999995,1.220104,IDN,NLD,5201
2838101,104,162,1246,1997,204571.0,0.0,0.262571,2.31305,IND,NLD,5201
2838102,110,162,1246,1997,156508.0,0.0,1.3230030000000002,0.965016,ISR,NLD,5201
2838103,111,162,1246,1997,2498.0,96057.0,1.4860389999999999,1.235674,ITA,NLD,5201
2838104,132,162,1246,1997,60844.0,0.0,0.398848,0.215206,LVA,NLD,5201
2838105,159,162,1246,1997,6830.0,3113.0,-1.615102,-1.129541,NGA,NLD,5201
2838106,173,162,1246,1997,151893.0,0.0,-0.5023880000000001,-0.262563,PER,NLD,5201
2838107,174,162,1246,1997,0.0,56136.0,-0.24310900000000002,0.085784,PHL,NLD,5201
2838108,179,162,1246,1997,105591.0,0.0,0.379367,1.296551,PRT,NLD,5201
2838109,185,162,1246,1997,0.0,59438.0,0.44381000000000004,1.084109,ROU,NLD,5201
2838110,186,162,1246,1997,0.0,19255.0,0.87377,0.423861,RUS,NLD,5201
2838111,192,162,1246,1997,18537.0,0.0,1.01557,0.360154,SGP,NLD,5201
2838112,206,162,1246,1997,31834.0,5361.0,1.200699,1.318346,SVK,NLD,5201
2838113,216,162,1246,1997,0.0,486591.0,0.084875,1.41931,THA,NLD,5201
2838114,217,162,1246,1997,179858.0,0.0,-0.350646,-0.835419,TJK,NLD,5201
2838115,219,162,1246,1997,75022.0,0.0,-0.554162,-1.042607,TKM,NLD,5201
2838116,224,162,1246,1997,41621.0,29421.0,0.167734,1.5827870000000002,TUR,NLD,5201
2838117,227,162,1246,1997,165133.0,0.0,-0.9304819999999999,-0.9731540000000001,UGA,NLD,5201
2838118,231,162,1246,1997,193115.0,0.0,1.823511,0.888084,USA,NLD,5201
2838119,232,162,1246,1997,198364.0,0.0,-0.26560700000000004,-0.870447,UZB,NLD,5201
2838120,43,163,1246,1997,2052.0,0.0,0.36051300000000003,3.287322,CHN,NOR,5201
2838121,61,163,1246,1997,9048.0,0.0,2.293936,-2.2301919999999997,DEU,NOR,5201
2838122,64,163,1246,1997,45610.0,0.0,1.358279,1.420107,DNK,NOR,5201
2838123,74,163,1246,1997,0.0,46177.0,1.9298959999999998,1.083861,FIN,NOR,5201
2838124,77,163,1246,1997,26279.0,0.0,1.69504,0.8278549999999999,FRA,NOR,5201
2838125,81,163,1246,1997,50441.0,0.0,1.886353,0.783832,GBR,NOR,5201
2838126,104,163,1246,1997,2260.0,0.0,0.262571,2.31305,IND,NOR,5201
2838127,111,163,1246,1997,2133.0,84127.0,1.4860389999999999,1.235674,ITA,NOR,5201
2838128,168,163,1246,1997,188795.0,0.0,-0.882432,-0.563344,PAK,NOR,5201
2838129,179,163,1246,1997,7404.0,0.0,0.379367,1.296551,PRT,NOR,5201
2838130,186,163,1246,1997,0.0,1340.0,0.87377,0.423861,RUS,NOR,5201
2838131,208,163,1246,1997,32442.0,17187.0,2.120182,0.993078,SWE,NOR,5201
2838132,231,163,1246,1997,11958.0,0.0,1.823511,0.888084,USA,NOR,5201
2838133,61,166,1246,1997,0.0,34828.0,2.293936,-2.2301919999999997,DEU,NZL,5201
2838134,81,166,1246,1997,17675.0,0.0,1.886353,0.783832,GBR,NZL,5201
2838135,103,166,1246,1997,0.0,122165.0,-0.44080699999999995,1.220104,IDN,NZL,5201
2838136,104,166,1246,1997,33984.0,0.0,0.262571,2.31305,IND,NZL,5201
2838137,111,166,1246,1997,19481.0,0.0,1.4860389999999999,1.235674,ITA,NZL,5201
2838138,231,166,1246,1997,18672.0,0.0,1.823511,0.888084,USA,NZL,5201
2838139,249,166,1246,1997,0.0,38677.0,1.317672,1.800561,TWN,NZL,5201
2838140,25,169,1246,1997,0.0,2292.0,0.874886,-0.144043,BHS,PAN,5201
2838141,130,169,1246,1997,0.0,28781.0,0.377245,0.8823270000000001,LTU,PAN,5201
2838142,207,169,1246,1997,0.0,21203.0,1.435765,1.348897,SVN,PAN,5201
2838143,231,169,1246,1997,62927.0,0.0,1.823511,0.888084,USA,PAN,5201
2838144,7,174,1246,1997,699173.0,0.0,-0.042154000000000004,-0.667389,ARE,PHL,5201
2838145,8,174,1246,1997,551502.0,0.0,0.273654,0.495389,ARG,PHL,5201
2838146,14,174,1246,1997,15960479.0,0.0,0.428555,0.798283,AUS,PHL,5201
2838147,18,174,1246,1997,1336930.0,0.0,1.4274069999999999,1.490435,BEL,PHL,5201
2838148,21,174,1246,1997,2090560.0,0.0,-0.204096,-0.731299,BFA,PHL,5201
2838149,41,174,1246,1997,1182210.0,0.0,2.280163,0.597819,CHE,PHL,5201
2838150,43,174,1246,1997,34258.0,0.0,0.36051300000000003,3.287322,CHN,PHL,5201
2838151,44,174,1246,1997,5564986.0,0.0,-0.685339,-0.62129,CIV,PHL,5201
2838152,45,174,1246,1997,905086.0,0.0,-1.205482,-1.015714,CMR,PHL,5201
2838153,59,174,1246,1997,141716.0,0.0,1.40651,1.354695,CZE,PHL,5201
2838154,61,174,1246,1997,149395.0,0.0,2.293936,-2.2301919999999997,DEU,PHL,5201
2838155,68,174,1246,1997,23875.0,0.0,-0.314425,0.156345,EGY,PHL,5201
2838156,77,174,1246,1997,1487900.0,0.0,1.69504,0.8278549999999999,FRA,PHL,5201
2838157,81,174,1246,1997,8168.0,0.0,1.886353,0.783832,GBR,PHL,5201
2838158,84,174,1246,1997,497674.0,0.0,0.811642,-0.186555,GIB,PHL,5201
2838159,87,174,1246,1997,181685.0,0.0,-0.6977300000000001,-0.7753720000000001,GMB,PHL,5201
2838160,90,174,1246,1997,591165.0,0.0,0.229516,1.085225,GRC,PHL,5201
2838161,97,174,1246,1997,25822.0,0.0,0.521942,2.578405,HKG,PHL,5201
2838162,103,174,1246,1997,133070.0,0.0,-0.44080699999999995,1.220104,IDN,PHL,5201
2838163,104,174,1246,1997,2575002.0,0.0,0.262571,2.31305,IND,PHL,5201
2838164,107,174,1246,1997,953274.0,0.0,-0.503841,-0.9984059999999999,IRN,PHL,5201
2838165,110,174,1246,1997,60833.0,0.0,1.3230030000000002,0.965016,ISR,PHL,5201
2838166,114,174,1246,1997,74287.0,0.0,2.631846,0.553144,JPN,PHL,5201
2838167,121,174,1246,1997,53402.0,0.0,1.0478290000000001,1.2874370000000002,KOR,PHL,5201
2838168,138,174,1246,1997,672682.0,0.0,0.603221,0.898488,MEX,PHL,5201
2838169,141,174,1246,1997,4271765.0,0.0,-1.230276,-1.086769,MLI,PHL,5201
2838170,159,174,1246,1997,703441.0,0.0,-1.615102,-1.129541,NGA,PHL,5201
2838171,162,174,1246,1997,56136.0,0.0,1.267794,1.727888,NLD,PHL,5201
2838172,168,174,1246,1997,2987400.0,0.0,-0.882432,-0.563344,PAK,PHL,5201
2838173,186,174,1246,1997,514062.0,0.0,0.87377,0.423861,RUS,PHL,5201
2838174,190,174,1246,1997,575194.0,0.0,-1.300352,-1.199816,SDN,PHL,5201
2838175,192,174,1246,1997,281659.0,0.0,1.01557,0.360154,SGP,PHL,5201
2838176,212,174,1246,1997,331061.0,0.0,-1.046433,-0.9678620000000001,SYR,PHL,5201
2838177,216,174,1246,1997,9204.0,0.0,0.084875,1.41931,THA,PHL,5201
2838178,226,174,1246,1997,882992.0,0.0,-1.368133,-0.753692,TZA,PHL,5201
2838179,231,174,1246,1997,29931692.0,0.0,1.823511,0.888084,USA,PHL,5201
2838180,246,174,1246,1997,452186.0,0.0,0.501792,1.1192440000000001,ZAF,PHL,5201
2838181,249,174,1246,1997,239927.0,105111.0,1.317672,1.800561,TWN,PHL,5201
2838182,2,179,1246,1997,0.0,3095.0,-1.574236,-1.1722219999999999,AGO,PRT,5201
2838183,8,179,1246,1997,1530884.0,0.0,0.273654,0.495389,ARG,PRT,5201
2838184,14,179,1246,1997,681215.0,0.0,0.428555,0.798283,AUS,PRT,5201
2838185,15,179,1246,1997,20741.0,0.0,1.8926189999999998,0.624346,AUT,PRT,5201
2838186,16,179,1246,1997,1270322.0,0.0,0.290957,-0.18282,AZE,PRT,5201
2838187,18,179,1246,1997,122690.0,69896.0,1.4274069999999999,1.490435,BEL,PRT,5201
2838188,19,179,1246,1997,19744852.0,0.0,-1.1300780000000001,-0.938398,BEN,PRT,5201
2838189,21,179,1246,1997,10542583.0,0.0,-0.204096,-0.731299,BFA,PRT,5201
2838190,32,179,1246,1997,492382.0,0.0,0.718336,1.203066,BRA,PRT,5201
2838191,38,179,1246,1997,420822.0,0.0,-1.192158,-0.902408,CAF,PRT,5201
2838192,44,179,1246,1997,1901504.0,0.0,-0.685339,-0.62129,CIV,PRT,5201
2838193,45,179,1246,1997,12064564.0,6943.0,-1.205482,-1.015714,CMR,PRT,5201
2838194,47,179,1246,1997,223972.0,0.0,-1.58904,-1.1557979999999999,COG,PRT,5201
2838195,51,179,1246,1997,24552.0,4614.0,1.154102,-0.255423,CPV,PRT,5201
2838196,58,179,1246,1997,0.0,7394.0,0.451212,0.452754,CYP,PRT,5201
2838197,61,179,1246,1997,86606.0,162715.0,2.293936,-2.2301919999999997,DEU,PRT,5201
2838198,64,179,1246,1997,0.0,15536.0,1.358279,1.420107,DNK,PRT,5201
2838199,66,179,1246,1997,0.0,82961.0,-0.717599,-1.126311,DZA,PRT,5201
2838200,68,179,1246,1997,1698522.0,0.0,-0.314425,0.156345,EGY,PRT,5201
2838201,71,179,1246,1997,4312237.0,146902.0,1.082049,2.0238650000000002,ESP,PRT,5201
2838202,77,179,1246,1997,314167.0,120417.0,1.69504,0.8278549999999999,FRA,PRT,5201
2838203,81,179,1246,1997,12143.0,247967.0,1.886353,0.783832,GBR,PRT,5201
2838204,90,179,1246,1997,1206621.0,4927.0,0.229516,1.085225,GRC,PRT,5201
2838205,102,179,1246,1997,0.0,3636.0,0.746743,1.577102,HUN,PRT,5201
2838206,104,179,1246,1997,4174512.0,0.0,0.262571,2.31305,IND,PRT,5201
2838207,106,179,1246,1997,2198.0,0.0,1.471048,0.8769370000000001,IRL,PRT,5201
2838208,107,179,1246,1997,157247.0,0.0,-0.503841,-0.9984059999999999,IRN,PRT,5201
2838209,110,179,1246,1997,6416392.0,19146.0,1.3230030000000002,0.965016,ISR,PRT,5201
2838210,111,179,1246,1997,378612.0,235824.0,1.4860389999999999,1.235674,ITA,PRT,5201
2838211,114,179,1246,1997,328598.0,0.0,2.631846,0.553144,JPN,PRT,5201
2838212,115,179,1246,1997,1779619.0,0.0,0.44044300000000003,-0.10249000000000001,KAZ,PRT,5201
2838213,121,179,1246,1997,230340.0,0.0,1.0478290000000001,1.2874370000000002,KOR,PRT,5201
2838214,125,179,1246,1997,247335.0,0.0,-0.468764,-1.087005,LBR,PRT,5201
2838215,130,179,1246,1997,69351.0,0.0,0.377245,0.8823270000000001,LTU,PRT,5201
2838216,132,179,1246,1997,378267.0,0.0,0.398848,0.215206,LVA,PRT,5201
2838217,134,179,1246,1997,31864.0,0.0,-0.649616,-0.260554,MAR,PRT,5201
2838218,138,179,1246,1997,865654.0,0.0,0.603221,0.898488,MEX,PRT,5201
2838219,141,179,1246,1997,11993907.0,0.0,-1.230276,-1.086769,MLI,PRT,5201
2838220,147,179,1246,1997,16176383.0,0.0,-0.8600620000000001,-0.9672270000000001,MOZ,PRT,5201
2838221,152,179,1246,1997,30401.0,0.0,-1.24261,-1.1258860000000002,MWI,PRT,5201
2838222,153,179,1246,1997,16265.0,0.0,0.37340999999999996,0.36853600000000003,MYS,PRT,5201
2838223,157,179,1246,1997,329380.0,0.0,-0.322358,-0.63647,NER,PRT,5201
2838224,159,179,1246,1997,3007790.0,0.0,-1.615102,-1.129541,NGA,PRT,5201
2838225,162,179,1246,1997,0.0,105591.0,1.267794,1.727888,NLD,PRT,5201
2838226,163,179,1246,1997,0.0,7404.0,1.003945,0.188826,NOR,PRT,5201
2838227,168,179,1246,1997,1937670.0,0.0,-0.882432,-0.563344,PAK,PRT,5201
2838228,177,179,1246,1997,0.0,15654.0,0.805559,1.9598520000000001,POL,PRT,5201
2838229,180,179,1246,1997,254164.0,0.0,-0.44951,-0.818817,PRY,PRT,5201
2838230,186,179,1246,1997,20209950.0,0.0,0.87377,0.423861,RUS,PRT,5201
2838231,190,179,1246,1997,1355079.0,0.0,-1.300352,-1.199816,SDN,PRT,5201
2838232,191,179,1246,1997,4047107.0,0.0,-0.606205,-0.727753,SEN,PRT,5201
2838233,208,179,1246,1997,0.0,160381.0,2.120182,0.993078,SWE,PRT,5201
2838234,212,179,1246,1997,8853400.0,0.0,-1.046433,-0.9678620000000001,SYR,PRT,5201
2838235,214,179,1246,1997,34817808.0,0.0,-0.297833,-0.76769,TCD,PRT,5201
2838236,215,179,1246,1997,1321832.0,0.0,-0.974678,-0.8150350000000001,TGO,PRT,5201
2838237,217,179,1246,1997,767963.0,0.0,-0.350646,-0.835419,TJK,PRT,5201
2838238,219,179,1246,1997,343555.0,0.0,-0.554162,-1.042607,TKM,PRT,5201
2838239,224,179,1246,1997,5252348.0,6629.0,0.167734,1.5827870000000002,TUR,PRT,5201
2838240,226,179,1246,1997,7496352.0,0.0,-1.368133,-0.753692,TZA,PRT,5201
2838241,227,179,1246,1997,8398600.0,0.0,-0.9304819999999999,-0.9731540000000001,UGA,PRT,5201
2838242,228,179,1246,1997,298755.0,0.0,0.8502559999999999,0.956254,UKR,PRT,5201
2838243,231,179,1246,1997,2853541.0,0.0,1.823511,0.888084,USA,PRT,5201
2838244,232,179,1246,1997,18073642.0,0.0,-0.26560700000000004,-0.870447,UZB,PRT,5201
2838245,243,179,1246,1997,1634245.0,0.0,-1.7204130000000002,-1.242057,YEM,PRT,5201
2838246,246,179,1246,1997,152013.0,11362.0,0.501792,1.1192440000000001,ZAF,PRT,5201
2838247,248,179,1246,1997,14572637.0,0.0,-0.36357399999999995,-0.449161,ZWE,PRT,5201
2838248,0,190,1246,1997,0.0,285863.0,-1.2908190000000002,-0.824577,ABW,SDN,5201
2838249,7,190,1246,1997,0.0,1080436.0,-0.042154000000000004,-0.667389,ARE,SDN,5201
2838250,18,190,1246,1997,0.0,11440.0,1.4274069999999999,1.490435,BEL,SDN,5201
2838251,22,190,1246,1997,0.0,2457122.0,-1.027777,-1.048214,BGD,SDN,5201
2838252,32,190,1246,1997,0.0,4412966.0,0.718336,1.203066,BRA,SDN,5201
2838253,41,190,1246,1997,0.0,204231.0,2.280163,0.597819,CHE,SDN,5201
2838254,43,190,1246,1997,0.0,15216077.0,0.36051300000000003,3.287322,CHN,SDN,5201
2838255,59,190,1246,1997,0.0,798965.0,1.40651,1.354695,CZE,SDN,5201
2838256,61,190,1246,1997,0.0,23328576.0,2.293936,-2.2301919999999997,DEU,SDN,5201
2838257,64,190,1246,1997,0.0,64499.0,1.358279,1.420107,DNK,SDN,5201
2838258,68,190,1246,1997,0.0,5133328.0,-0.314425,0.156345,EGY,SDN,5201
2838259,71,190,1246,1997,0.0,462095.0,1.082049,2.0238650000000002,ESP,SDN,5201
2838260,77,190,1246,1997,0.0,68151.0,1.69504,0.8278549999999999,FRA,SDN,5201
2838261,81,190,1246,1997,0.0,11038.0,1.886353,0.783832,GBR,SDN,5201
2838262,90,190,1246,1997,0.0,347419.0,0.229516,1.085225,GRC,SDN,5201
2838263,97,190,1246,1997,0.0,732289.0,0.521942,2.578405,HKG,SDN,5201
2838264,100,190,1246,1997,0.0,522437.0,0.607903,1.147751,HRV,SDN,5201
2838265,102,190,1246,1997,0.0,878309.0,0.746743,1.577102,HUN,SDN,5201
2838266,103,190,1246,1997,0.0,23817.0,-0.44080699999999995,1.220104,IDN,SDN,5201
2838267,104,190,1246,1997,0.0,703623.0,0.262571,2.31305,IND,SDN,5201
2838268,111,190,1246,1997,185614.0,15761182.0,1.4860389999999999,1.235674,ITA,SDN,5201
2838269,114,190,1246,1997,0.0,2963116.0,2.631846,0.553144,JPN,SDN,5201
2838270,121,190,1246,1997,0.0,14105.0,1.0478290000000001,1.2874370000000002,KOR,SDN,5201
2838271,140,190,1246,1997,0.0,534493.0,0.26327399999999995,0.704879,MKD,SDN,5201
2838272,151,190,1246,1997,0.0,696994.0,-0.49241,-0.695729,MUS,SDN,5201
2838273,168,190,1246,1997,0.0,47750.0,-0.882432,-0.563344,PAK,SDN,5201
2838274,174,190,1246,1997,0.0,575194.0,-0.24310900000000002,0.085784,PHL,SDN,5201
2838275,177,190,1246,1997,0.0,639944.0,0.805559,1.9598520000000001,POL,SDN,5201
2838276,179,190,1246,1997,0.0,1355079.0,0.379367,1.296551,PRT,SDN,5201
2838277,185,190,1246,1997,0.0,255795.0,0.44381000000000004,1.084109,ROU,SDN,5201
2838278,186,190,1246,1997,0.0,1203375.0,0.87377,0.423861,RUS,SDN,5201
2838279,189,190,1246,1997,0.0,210125.0,0.659904,1.702849,SCG,SDN,5201
2838280,192,190,1246,1997,0.0,51395.0,1.01557,0.360154,SGP,SDN,5201
2838281,207,190,1246,1997,0.0,155528.0,1.435765,1.348897,SVN,SDN,5201
2838282,216,190,1246,1997,0.0,15939454.0,0.084875,1.41931,THA,SDN,5201
2838283,224,190,1246,1997,0.0,2557216.0,0.167734,1.5827870000000002,TUR,SDN,5201
2838284,226,190,1246,1997,33445.0,0.0,-1.368133,-0.753692,TZA,SDN,5201
2838285,227,190,1246,1997,45270.0,0.0,-0.9304819999999999,-0.9731540000000001,UGA,SDN,5201
2838286,246,190,1246,1997,0.0,49934.0,0.501792,1.1192440000000001,ZAF,SDN,5201
2838287,249,190,1246,1997,0.0,672392.0,1.317672,1.800561,TWN,SDN,5201
2838288,22,191,1246,1997,0.0,367020.0,-1.027777,-1.048214,BGD,SEN,5201
2838289,32,191,1246,1997,0.0,2469298.0,0.718336,1.203066,BRA,SEN,5201
2838290,41,191,1246,1997,0.0,335788.0,2.280163,0.597819,CHE,SEN,5201
2838291,43,191,1246,1997,0.0,194051.0,0.36051300000000003,3.287322,CHN,SEN,5201
2838292,61,191,1246,1997,0.0,219876.0,2.293936,-2.2301919999999997,DEU,SEN,5201
2838293,77,191,1246,1997,122154.0,179352.0,1.69504,0.8278549999999999,FRA,SEN,5201
2838294,81,191,1246,1997,0.0,29820.0,1.886353,0.783832,GBR,SEN,5201
2838295,103,191,1246,1997,0.0,231585.0,-0.44080699999999995,1.220104,IDN,SEN,5201
2838296,111,191,1246,1997,0.0,6978248.0,1.4860389999999999,1.235674,ITA,SEN,5201
2838297,121,191,1246,1997,0.0,557713.0,1.0478290000000001,1.2874370000000002,KOR,SEN,5201
2838298,134,191,1246,1997,0.0,1092577.0,-0.649616,-0.260554,MAR,SEN,5201
2838299,141,191,1246,1997,18495170.0,0.0,-1.230276,-1.086769,MLI,SEN,5201
2838300,153,191,1246,1997,0.0,1703986.0,0.37340999999999996,0.36853600000000003,MYS,SEN,5201
2838301,179,191,1246,1997,0.0,4047107.0,0.379367,1.296551,PRT,SEN,5201
2838302,216,191,1246,1997,0.0,87669.0,0.084875,1.41931,THA,SEN,5201
2838303,249,191,1246,1997,0.0,3015870.0,1.317672,1.800561,TWN,SEN,5201
2838304,52,197,1246,1997,2608.0,0.0,-0.25974200000000003,0.196955,CRI,SLV,5201
2838305,71,197,1246,1997,19387.0,0.0,1.082049,2.0238650000000002,ESP,SLV,5201
2838306,99,197,1246,1997,488155.0,6916.0,-0.832161,-0.5578270000000001,HND,SLV,5201
2838307,138,197,1246,1997,228199.0,0.0,0.603221,0.898488,MEX,SLV,5201
2838308,160,197,1246,1997,1781602.0,0.0,-0.8090109999999999,-0.783853,NIC,SLV,5201
2838309,231,197,1246,1997,34179456.0,104212.0,1.823511,0.888084,USA,SLV,5201
2838310,14,208,1246,1997,57890.0,0.0,0.428555,0.798283,AUS,SWE,5201
2838311,16,208,1246,1997,374723.0,0.0,0.290957,-0.18282,AZE,SWE,5201
2838312,41,208,1246,1997,82892.0,0.0,2.280163,0.597819,CHE,SWE,5201
2838313,61,208,1246,1997,3561.0,0.0,2.293936,-2.2301919999999997,DEU,SWE,5201
2838314,64,208,1246,1997,0.0,39490.0,1.358279,1.420107,DNK,SWE,5201
2838315,72,208,1246,1997,0.0,11288.0,0.460823,0.9126700000000001,EST,SWE,5201
2838316,77,208,1246,1997,3523.0,0.0,1.69504,0.8278549999999999,FRA,SWE,5201
2838317,81,208,1246,1997,126389.0,0.0,1.886353,0.783832,GBR,SWE,5201
2838318,90,208,1246,1997,477344.0,0.0,0.229516,1.085225,GRC,SWE,5201
2838319,103,208,1246,1997,0.0,155842.0,-0.44080699999999995,1.220104,IDN,SWE,5201
2838320,106,208,1246,1997,0.0,39246.0,1.471048,0.8769370000000001,IRL,SWE,5201
2838321,163,208,1246,1997,17187.0,32442.0,1.003945,0.188826,NOR,SWE,5201
2838322,179,208,1246,1997,160381.0,0.0,0.379367,1.296551,PRT,SWE,5201
2838323,224,208,1246,1997,6752.0,0.0,0.167734,1.5827870000000002,TUR,SWE,5201
2838324,231,208,1246,1997,8717520.0,0.0,1.823511,0.888084,USA,SWE,5201
2838325,7,216,1246,1997,1126003.0,0.0,-0.042154000000000004,-0.667389,ARE,THA,5201
2838326,8,216,1246,1997,2755941.0,0.0,0.273654,0.495389,ARG,THA,5201
2838327,14,216,1246,1997,62043788.0,0.0,0.428555,0.798283,AUS,THA,5201
2838328,16,216,1246,1997,1782920.0,0.0,0.290957,-0.18282,AZE,THA,5201
2838329,17,216,1246,1997,251203.0,0.0,-1.118475,-0.881657,BDI,THA,5201
2838330,18,216,1246,1997,6450.0,74185.0,1.4274069999999999,1.490435,BEL,THA,5201
2838331,19,216,1246,1997,13241880.0,0.0,-1.1300780000000001,-0.938398,BEN,THA,5201
2838332,21,216,1246,1997,4916622.0,0.0,-0.204096,-0.731299,BFA,THA,5201
2838333,23,216,1246,1997,108988.0,0.0,0.487041,1.287344,BGR,THA,5201
2838334,34,216,1246,1997,485642.0,0.0,-0.092276,-0.772393,BRN,THA,5201
2838335,38,216,1246,1997,79657.0,0.0,-1.192158,-0.902408,CAF,THA,5201
2838336,39,216,1246,1997,153047.0,0.0,1.109494,1.178772,CAN,THA,5201
2838337,41,216,1246,1997,491809.0,0.0,2.280163,0.597819,CHE,THA,5201
2838338,43,216,1246,1997,160733.0,0.0,0.36051300000000003,3.287322,CHN,THA,5201
2838339,44,216,1246,1997,13636873.0,0.0,-0.685339,-0.62129,CIV,THA,5201
2838340,45,216,1246,1997,12197438.0,0.0,-1.205482,-1.015714,CMR,THA,5201
2838341,46,216,1246,1997,84450.0,0.0,-1.274443,-1.073668,COD,THA,5201
2838342,47,216,1246,1997,650908.0,0.0,-1.58904,-1.1557979999999999,COG,THA,5201
2838343,52,216,1246,1997,102953.0,0.0,-0.25974200000000003,0.196955,CRI,THA,5201
2838344,59,216,1246,1997,172733.0,0.0,1.40651,1.354695,CZE,THA,5201
2838345,61,216,1246,1997,155896.0,0.0,2.293936,-2.2301919999999997,DEU,THA,5201
2838346,68,216,1246,1997,1051040.0,0.0,-0.314425,0.156345,EGY,THA,5201
2838347,71,216,1246,1997,2392288.0,0.0,1.082049,2.0238650000000002,ESP,THA,5201
2838348,77,216,1246,1997,144270.0,0.0,1.69504,0.8278549999999999,FRA,THA,5201
2838349,81,216,1246,1997,79721.0,0.0,1.886353,0.783832,GBR,THA,5201
2838350,85,216,1246,1997,292620.0,0.0,-1.529401,-1.163973,GIN,THA,5201
2838351,88,216,1246,1997,673698.0,0.0,-1.9366400000000001,-1.000259,GNB,THA,5201
2838352,90,216,1246,1997,366738.0,0.0,0.229516,1.085225,GRC,THA,5201
2838353,97,216,1246,1997,48242.0,0.0,0.521942,2.578405,HKG,THA,5201
2838354,103,216,1246,1997,315197.0,6604.0,-0.44080699999999995,1.220104,IDN,THA,5201
2838355,104,216,1246,1997,8676396.0,0.0,0.262571,2.31305,IND,THA,5201
2838356,107,216,1246,1997,3639468.0,0.0,-0.503841,-0.9984059999999999,IRN,THA,5201
2838357,111,216,1246,1997,122612.0,0.0,1.4860389999999999,1.235674,ITA,THA,5201
2838358,114,216,1246,1997,902029.0,0.0,2.631846,0.553144,JPN,THA,5201
2838359,115,216,1246,1997,49536.0,0.0,0.44044300000000003,-0.10249000000000001,KAZ,THA,5201
2838360,121,216,1246,1997,272932.0,0.0,1.0478290000000001,1.2874370000000002,KOR,THA,5201
2838361,123,216,1246,1997,7323.0,0.0,-0.868848,-0.914637,LAO,THA,5201
2838362,133,216,1246,1997,0.0,2392.0,-0.238002,-0.361492,MAC,THA,5201
2838363,134,216,1246,1997,251807.0,0.0,-0.649616,-0.260554,MAR,THA,5201
2838364,136,216,1246,1997,225955.0,0.0,-1.2630370000000002,-0.565295,MDG,THA,5201
2838365,138,216,1246,1997,5092288.0,0.0,0.603221,0.898488,MEX,THA,5201
2838366,141,216,1246,1997,38424588.0,0.0,-1.230276,-1.086769,MLI,THA,5201
2838367,143,216,1246,1997,2020916.0,0.0,-1.595159,-1.09562,MMR,THA,5201
2838368,146,216,1246,1997,134731.0,0.0,-0.912666,-0.9718110000000001,MNP,THA,5201
2838369,147,216,1246,1997,854989.0,0.0,-0.8600620000000001,-0.9672270000000001,MOZ,THA,5201
2838370,152,216,1246,1997,1484272.0,0.0,-1.24261,-1.1258860000000002,MWI,THA,5201
2838371,153,216,1246,1997,364408.0,5497.0,0.37340999999999996,0.36853600000000003,MYS,THA,5201
2838372,157,216,1246,1997,2771596.0,0.0,-0.322358,-0.63647,NER,THA,5201
2838373,159,216,1246,1997,3427519.0,0.0,-1.615102,-1.129541,NGA,THA,5201
2838374,160,216,1246,1997,84909.0,0.0,-0.8090109999999999,-0.783853,NIC,THA,5201
2838375,162,216,1246,1997,486591.0,0.0,1.267794,1.727888,NLD,THA,5201
2838376,168,216,1246,1997,6128620.0,0.0,-0.882432,-0.563344,PAK,THA,5201
2838377,173,216,1246,1997,971646.0,0.0,-0.5023880000000001,-0.262563,PER,THA,5201
2838378,174,216,1246,1997,0.0,9204.0,-0.24310900000000002,0.085784,PHL,THA,5201
2838379,186,216,1246,1997,5818035.0,0.0,0.87377,0.423861,RUS,THA,5201
2838380,188,216,1246,1997,115607.0,0.0,0.015040000000000001,-0.954475,SAU,THA,5201
2838381,190,216,1246,1997,15939454.0,0.0,-1.300352,-1.199816,SDN,THA,5201
2838382,191,216,1246,1997,87669.0,0.0,-0.606205,-0.727753,SEN,THA,5201
2838383,192,216,1246,1997,1723635.0,0.0,1.01557,0.360154,SGP,THA,5201
2838384,212,216,1246,1997,4377346.0,0.0,-1.046433,-0.9678620000000001,SYR,THA,5201
2838385,213,216,1246,1997,183024.0,0.0,0.133095,-0.558163,TCA,THA,5201
2838386,214,216,1246,1997,9394019.0,0.0,-0.297833,-0.76769,TCD,THA,5201
2838387,215,216,1246,1997,5694338.0,0.0,-0.974678,-0.8150350000000001,TGO,THA,5201
2838388,217,216,1246,1997,672403.0,0.0,-0.350646,-0.835419,TJK,THA,5201
2838389,223,216,1246,1997,706033.0,0.0,-0.24073899999999998,-0.146818,TUN,THA,5201
2838390,224,216,1246,1997,2642609.0,0.0,0.167734,1.5827870000000002,TUR,THA,5201
2838391,226,216,1246,1997,13879878.0,0.0,-1.368133,-0.753692,TZA,THA,5201
2838392,227,216,1246,1997,1126398.0,0.0,-0.9304819999999999,-0.9731540000000001,UGA,THA,5201
2838393,231,216,1246,1997,79186504.0,0.0,1.823511,0.888084,USA,THA,5201
2838394,232,216,1246,1997,12817111.0,0.0,-0.26560700000000004,-0.870447,UZB,THA,5201
2838395,246,216,1246,1997,827966.0,0.0,0.501792,1.1192440000000001,ZAF,THA,5201
2838396,247,216,1246,1997,844821.0,0.0,-0.62183,-0.809639,ZMB,THA,5201
2838397,248,216,1246,1997,17650390.0,0.0,-0.36357399999999995,-0.449161,ZWE,THA,5201
2838398,249,216,1246,1997,220777.0,22291.0,1.317672,1.800561,TWN,THA,5201
2838399,250,216,1246,1997,1936302.0,0.0,1.036748,0.851626,ANS,THA,5201
2838400,231,222,1246,1997,57689.0,0.0,1.823511,0.888084,USA,TTO,5201
2838401,1,224,1246,1997,40697.0,0.0,0.019025999999999998,-0.351461,AFG,TUR,5201
2838402,4,224,1246,1997,0.0,25753.0,-0.32351599999999997,-0.170449,ALB,TUR,5201
2838403,13,224,1246,1997,0.0,71593.0,0.510371,-0.314213,ATG,TUR,5201
2838404,14,224,1246,1997,17399486.0,0.0,0.428555,0.798283,AUS,TUR,5201
2838405,16,224,1246,1997,12753259.0,8603.0,0.290957,-0.18282,AZE,TUR,5201
2838406,18,224,1246,1997,6748.0,551205.0,1.4274069999999999,1.490435,BEL,TUR,5201
2838407,19,224,1246,1997,779183.0,0.0,-1.1300780000000001,-0.938398,BEN,TUR,5201
2838408,22,224,1246,1997,0.0,315246.0,-1.027777,-1.048214,BGD,TUR,5201
2838409,23,224,1246,1997,30040.0,55023.0,0.487041,1.287344,BGR,TUR,5201
2838410,32,224,1246,1997,0.0,2362613.0,0.718336,1.203066,BRA,TUR,5201
2838411,41,224,1246,1997,1062447.0,2056627.0,2.280163,0.597819,CHE,TUR,5201
2838412,43,224,1246,1997,240444.0,0.0,0.36051300000000003,3.287322,CHN,TUR,5201
2838413,44,224,1246,1997,799489.0,0.0,-0.685339,-0.62129,CIV,TUR,5201
2838414,58,224,1246,1997,0.0,7999.0,0.451212,0.452754,CYP,TUR,5201
2838415,59,224,1246,1997,0.0,2056351.0,1.40651,1.354695,CZE,TUR,5201
2838416,61,224,1246,1997,149916.0,3653773.0,2.293936,-2.2301919999999997,DEU,TUR,5201
2838417,64,224,1246,1997,4052.0,1927.0,1.358279,1.420107,DNK,TUR,5201
2838418,68,224,1246,1997,15091066.0,0.0,-0.314425,0.156345,EGY,TUR,5201
2838419,71,224,1246,1997,2056405.0,2363714.0,1.082049,2.0238650000000002,ESP,TUR,5201
2838420,77,224,1246,1997,44919.0,843581.0,1.69504,0.8278549999999999,FRA,TUR,5201
2838421,81,224,1246,1997,715322.0,382223.0,1.886353,0.783832,GBR,TUR,5201
2838422,82,224,1246,1997,287994.0,0.0,0.304927,-0.082,GEO,TUR,5201
2838423,90,224,1246,1997,136253088.0,1000548.0,0.229516,1.085225,GRC,TUR,5201
2838424,97,224,1246,1997,0.0,727970.0,0.521942,2.578405,HKG,TUR,5201
2838425,100,224,1246,1997,0.0,3949.0,0.607903,1.147751,HRV,TUR,5201
2838426,102,224,1246,1997,0.0,94089.0,0.746743,1.577102,HUN,TUR,5201
2838427,103,224,1246,1997,0.0,4654933.0,-0.44080699999999995,1.220104,IDN,TUR,5201
2838428,104,224,1246,1997,5599914.0,0.0,0.262571,2.31305,IND,TUR,5201
2838429,106,224,1246,1997,884.0,20887.0,1.471048,0.8769370000000001,IRL,TUR,5201
2838430,107,224,1246,1997,4041114.0,0.0,-0.503841,-0.9984059999999999,IRN,TUR,5201
2838431,110,224,1246,1997,33255026.0,145415.0,1.3230030000000002,0.965016,ISR,TUR,5201
2838432,111,224,1246,1997,518008.0,18231228.0,1.4860389999999999,1.235674,ITA,TUR,5201
2838433,115,224,1246,1997,246275.0,15353.0,0.44044300000000003,-0.10249000000000001,KAZ,TUR,5201
2838434,117,224,1246,1997,2175861.0,1922.0,0.023634,-0.194868,KGZ,TUR,5201
2838435,121,224,1246,1997,9602.0,0.0,1.0478290000000001,1.2874370000000002,KOR,TUR,5201
2838436,128,224,1246,1997,0.0,153839.0,-0.925745,-0.308559,LKA,TUR,5201
2838437,130,224,1246,1997,0.0,5284.0,0.377245,0.8823270000000001,LTU,TUR,5201
2838438,134,224,1246,1997,0.0,94044.0,-0.649616,-0.260554,MAR,TUR,5201
2838439,140,224,1246,1997,0.0,108539.0,0.26327399999999995,0.704879,MKD,TUR,5201
2838440,153,224,1246,1997,0.0,116811.0,0.37340999999999996,0.36853600000000003,MYS,TUR,5201
2838441,159,224,1246,1997,763572.0,0.0,-1.615102,-1.129541,NGA,TUR,5201
2838442,162,224,1246,1997,29421.0,41621.0,1.267794,1.727888,NLD,TUR,5201
2838443,168,224,1246,1997,164527.0,0.0,-0.882432,-0.563344,PAK,TUR,5201
2838444,179,224,1246,1997,6629.0,5252348.0,0.379367,1.296551,PRT,TUR,5201
2838445,185,224,1246,1997,20299.0,1120237.0,0.44381000000000004,1.084109,ROU,TUR,5201
2838446,186,224,1246,1997,271188.0,71585.0,0.87377,0.423861,RUS,TUR,5201
2838447,188,224,1246,1997,0.0,551548.0,0.015040000000000001,-0.954475,SAU,TUR,5201
2838448,190,224,1246,1997,2557216.0,0.0,-1.300352,-1.199816,SDN,TUR,5201
2838449,192,224,1246,1997,0.0,142007.0,1.01557,0.360154,SGP,TUR,5201
2838450,207,224,1246,1997,0.0,502128.0,1.435765,1.348897,SVN,TUR,5201
2838451,208,224,1246,1997,0.0,6752.0,2.120182,0.993078,SWE,TUR,5201
2838452,212,224,1246,1997,38248500.0,0.0,-1.046433,-0.9678620000000001,SYR,TUR,5201
2838453,216,224,1246,1997,0.0,2642609.0,0.084875,1.41931,THA,TUR,5201
2838454,217,224,1246,1997,63586.0,0.0,-0.350646,-0.835419,TJK,TUR,5201
2838455,219,224,1246,1997,43728708.0,0.0,-0.554162,-1.042607,TKM,TUR,5201
2838456,223,224,1246,1997,0.0,328102.0,-0.24073899999999998,-0.146818,TUN,TUR,5201
2838457,226,224,1246,1997,2047045.0,0.0,-1.368133,-0.753692,TZA,TUR,5201
2838458,228,224,1246,1997,0.0,136905.0,0.8502559999999999,0.956254,UKR,TUR,5201
2838459,231,224,1246,1997,157941392.0,0.0,1.823511,0.888084,USA,TUR,5201
2838460,232,224,1246,1997,65293944.0,0.0,-0.26560700000000004,-0.870447,UZB,TUR,5201
2838461,243,224,1246,1997,65404.0,0.0,-1.7204130000000002,-1.242057,YEM,TUR,5201
2838462,246,224,1246,1997,114176.0,0.0,0.501792,1.1192440000000001,ZAF,TUR,5201
2838463,249,224,1246,1997,256425.0,68356.0,1.317672,1.800561,TWN,TUR,5201
2838464,250,224,1246,1997,13636105.0,7593567.0,1.036748,0.851626,ANS,TUR,5201
2838465,8,230,1246,1997,1696058.0,70440.0,0.273654,0.495389,ARG,URY,5201
2838466,18,230,1246,1997,76761.0,0.0,1.4274069999999999,1.490435,BEL,URY,5201
2838467,32,230,1246,1997,0.0,875326.0,0.718336,1.203066,BRA,URY,5201
2838468,43,230,1246,1997,48451.0,0.0,0.36051300000000003,3.287322,CHN,URY,5201
2838469,71,230,1246,1997,3539.0,0.0,1.082049,2.0238650000000002,ESP,URY,5201
2838470,103,230,1246,1997,0.0,304250.0,-0.44080699999999995,1.220104,IDN,URY,5201
2838471,168,230,1246,1997,57114.0,0.0,-0.882432,-0.563344,PAK,URY,5201
2838472,177,230,1246,1997,0.0,859050.0,0.805559,1.9598520000000001,POL,URY,5201
2838473,180,230,1246,1997,4115691.0,0.0,-0.44951,-0.818817,PRY,URY,5201
2838474,231,230,1246,1997,30252.0,0.0,1.823511,0.888084,USA,URY,5201
2838475,250,230,1246,1997,4469.0,0.0,1.036748,0.851626,ANS,URY,5201
2838476,7,231,1246,1997,0.0,8680.0,-0.042154000000000004,-0.667389,ARE,USA,5201
2838477,8,231,1246,1997,0.0,1447730.0,0.273654,0.495389,ARG,USA,5201
2838478,14,231,1246,1997,726645.0,56094.0,0.428555,0.798283,AUS,USA,5201
2838479,15,231,1246,1997,0.0,181447.0,1.8926189999999998,0.624346,AUT,USA,5201
2838480,18,231,1246,1997,196730.0,13631095.0,1.4274069999999999,1.490435,BEL,USA,5201
2838481,21,231,1246,1997,735774.0,0.0,-0.204096,-0.731299,BFA,USA,5201
2838482,22,231,1246,1997,0.0,49402848.0,-1.027777,-1.048214,BGD,USA,5201
2838483,25,231,1246,1997,0.0,12671.0,0.874886,-0.144043,BHS,USA,5201
2838484,31,231,1246,1997,0.0,147847.0,-0.697563,-0.8841479999999999,BOL,USA,5201
2838485,32,231,1246,1997,0.0,84491352.0,0.718336,1.203066,BRA,USA,5201
2838486,34,231,1246,1997,0.0,684002.0,-0.092276,-0.772393,BRN,USA,5201
2838487,39,231,1246,1997,141635.0,88809816.0,1.109494,1.178772,CAN,USA,5201
2838488,41,231,1246,1997,0.0,8085161.0,2.280163,0.597819,CHE,USA,5201
2838489,42,231,1246,1997,0.0,1512880.0,0.002791,-0.030604000000000003,CHL,USA,5201
2838490,43,231,1246,1997,0.0,528749472.0,0.36051300000000003,3.287322,CHN,USA,5201
2838491,45,231,1246,1997,2136.0,0.0,-1.205482,-1.015714,CMR,USA,5201
2838492,49,231,1246,1997,0.0,48146648.0,0.190632,0.068001,COL,USA,5201
2838493,52,231,1246,1997,0.0,1191482.0,-0.25974200000000003,0.196955,CRI,USA,5201
2838494,59,231,1246,1997,0.0,644711.0,1.40651,1.354695,CZE,USA,5201
2838495,61,231,1246,1997,0.0,11753727.0,2.293936,-2.2301919999999997,DEU,USA,5201
2838496,63,231,1246,1997,0.0,1170.0,0.795112,0.438787,DMA,USA,5201
2838497,64,231,1246,1997,0.0,3441189.0,1.358279,1.420107,DNK,USA,5201
2838498,65,231,1246,1997,0.0,333696.0,-0.6062850000000001,-0.648523,DOM,USA,5201
2838499,66,231,1246,1997,0.0,707285.0,-0.717599,-1.126311,DZA,USA,5201
2838500,67,231,1246,1997,0.0,22502226.0,-1.1931690000000001,-1.0139690000000001,ECU,USA,5201
2838501,71,231,1246,1997,0.0,11853446.0,1.082049,2.0238650000000002,ESP,USA,5201
2838502,72,231,1246,1997,0.0,21917.0,0.460823,0.9126700000000001,EST,USA,5201
2838503,77,231,1246,1997,0.0,2160284.0,1.69504,0.8278549999999999,FRA,USA,5201
2838504,81,231,1246,1997,46179.0,22875864.0,1.886353,0.783832,GBR,USA,5201
2838505,90,231,1246,1997,0.0,869862.0,0.229516,1.085225,GRC,USA,5201
2838506,93,231,1246,1997,0.0,42118536.0,-0.310042,0.2096,GTM,USA,5201
2838507,96,231,1246,1997,0.0,2014.0,-0.7141810000000001,-0.8589030000000001,GUY,USA,5201
2838508,97,231,1246,1997,0.0,52214524.0,0.521942,2.578405,HKG,USA,5201
2838509,99,231,1246,1997,0.0,1188690.0,-0.832161,-0.5578270000000001,HND,USA,5201
2838510,102,231,1246,1997,0.0,167255.0,0.746743,1.577102,HUN,USA,5201
2838511,103,231,1246,1997,0.0,197670736.0,-0.44080699999999995,1.220104,IDN,USA,5201
2838512,104,231,1246,1997,490358.0,5482166.0,0.262571,2.31305,IND,USA,5201
2838513,106,231,1246,1997,27295.0,13002921.0,1.471048,0.8769370000000001,IRL,USA,5201
2838514,110,231,1246,1997,0.0,416478.0,1.3230030000000002,0.965016,ISR,USA,5201
2838515,111,231,1246,1997,51523.0,22702936.0,1.4860389999999999,1.235674,ITA,USA,5201
2838516,112,231,1246,1997,107028.0,7751.0,-0.65455,-0.820413,JAM,USA,5201
2838517,114,231,1246,1997,3027.0,247986944.0,2.631846,0.553144,JPN,USA,5201
2838518,121,231,1246,1997,0.0,224557600.0,1.0478290000000001,1.2874370000000002,KOR,USA,5201
2838519,128,231,1246,1997,0.0,2157547.0,-0.925745,-0.308559,LKA,USA,5201
2838520,130,231,1246,1997,0.0,1159044.0,0.377245,0.8823270000000001,LTU,USA,5201
2838521,132,231,1246,1997,0.0,58099.0,0.398848,0.215206,LVA,USA,5201
2838522,134,231,1246,1997,0.0,32709.0,-0.649616,-0.260554,MAR,USA,5201
2838523,138,231,1246,1997,1425026.0,367283808.0,0.603221,0.898488,MEX,USA,5201
2838524,141,231,1246,1997,67265.0,0.0,-1.230276,-1.086769,MLI,USA,5201
2838525,153,231,1246,1997,0.0,4924982.0,0.37340999999999996,0.36853600000000003,MYS,USA,5201
2838526,159,231,1246,1997,0.0,3977.0,-1.615102,-1.129541,NGA,USA,5201
2838527,160,231,1246,1997,30913.0,0.0,-0.8090109999999999,-0.783853,NIC,USA,5201
2838528,162,231,1246,1997,0.0,193115.0,1.267794,1.727888,NLD,USA,5201
2838529,163,231,1246,1997,0.0,11958.0,1.003945,0.188826,NOR,USA,5201
2838530,166,231,1246,1997,0.0,18672.0,0.557545,0.731294,NZL,USA,5201
2838531,168,231,1246,1997,0.0,20907652.0,-0.882432,-0.563344,PAK,USA,5201
2838532,169,231,1246,1997,0.0,62927.0,-0.028676999999999998,0.00023999999999999998,PAN,USA,5201
2838533,173,231,1246,1997,0.0,14526841.0,-0.5023880000000001,-0.262563,PER,USA,5201
2838534,174,231,1246,1997,0.0,29931692.0,-0.24310900000000002,0.085784,PHL,USA,5201
2838535,177,231,1246,1997,0.0,229267.0,0.805559,1.9598520000000001,POL,USA,5201
2838536,179,231,1246,1997,0.0,2853541.0,0.379367,1.296551,PRT,USA,5201
2838537,180,231,1246,1997,555382.0,0.0,-0.44951,-0.818817,PRY,USA,5201
2838538,185,231,1246,1997,0.0,670612.0,0.44381000000000004,1.084109,ROU,USA,5201
2838539,186,231,1246,1997,175971.0,6777214.0,0.87377,0.423861,RUS,USA,5201
2838540,188,231,1246,1997,0.0,1714555.0,0.015040000000000001,-0.954475,SAU,USA,5201
2838541,192,231,1246,1997,0.0,161807.0,1.01557,0.360154,SGP,USA,5201
2838542,197,231,1246,1997,104212.0,34179456.0,-0.09174500000000001,-0.034391000000000005,SLV,USA,5201
2838543,206,231,1246,1997,0.0,225820.0,1.200699,1.318346,SVK,USA,5201
2838544,207,231,1246,1997,0.0,16698.0,1.435765,1.348897,SVN,USA,5201
2838545,208,231,1246,1997,0.0,8717520.0,2.120182,0.993078,SWE,USA,5201
2838546,216,231,1246,1997,0.0,79186504.0,0.084875,1.41931,THA,USA,5201
2838547,217,231,1246,1997,236573.0,0.0,-0.350646,-0.835419,TJK,USA,5201
2838548,219,231,1246,1997,600110.0,0.0,-0.554162,-1.042607,TKM,USA,5201
2838549,222,231,1246,1997,0.0,57689.0,0.28791,-0.38322399999999995,TTO,USA,5201
2838550,223,231,1246,1997,0.0,3936917.0,-0.24073899999999998,-0.146818,TUN,USA,5201
2838551,224,231,1246,1997,0.0,157941392.0,0.167734,1.5827870000000002,TUR,USA,5201
2838552,227,231,1246,1997,42970.0,0.0,-0.9304819999999999,-0.9731540000000001,UGA,USA,5201
2838553,228,231,1246,1997,0.0,6396224.0,0.8502559999999999,0.956254,UKR,USA,5201
2838554,230,231,1246,1997,0.0,30252.0,0.226228,0.29183400000000004,URY,USA,5201
2838555,232,231,1246,1997,1061501.0,0.0,-0.26560700000000004,-0.870447,UZB,USA,5201
2838556,236,231,1246,1997,0.0,40301476.0,0.21363200000000002,-0.668341,VEN,USA,5201
2838557,239,231,1246,1997,0.0,11889095.0,-0.93384,0.06253099999999999,VNM,USA,5201
2838558,249,231,1246,1997,0.0,111381944.0,1.317672,1.800561,TWN,USA,5201
2838559,49,236,1246,1997,1085082.0,1955.0,0.190632,0.068001,COL,VEN,5201
2838560,67,236,1246,1997,3196709.0,0.0,-1.1931690000000001,-1.0139690000000001,ECU,VEN,5201
2838561,77,236,1246,1997,1689623.0,0.0,1.69504,0.8278549999999999,FRA,VEN,5201
2838562,111,236,1246,1997,68557.0,0.0,1.4860389999999999,1.235674,ITA,VEN,5201
2838563,138,236,1246,1997,2848533.0,0.0,0.603221,0.898488,MEX,VEN,5201
2838564,141,236,1246,1997,690071.0,0.0,-1.230276,-1.086769,MLI,VEN,5201
2838565,153,236,1246,1997,206175.0,0.0,0.37340999999999996,0.36853600000000003,MYS,VEN,5201
2838566,173,236,1246,1997,103641.0,0.0,-0.5023880000000001,-0.262563,PER,VEN,5201
2838567,180,236,1246,1997,1082595.0,0.0,-0.44951,-0.818817,PRY,VEN,5201
2838568,231,236,1246,1997,40301476.0,0.0,1.823511,0.888084,USA,VEN,5201
2838569,246,236,1246,1997,705507.0,0.0,0.501792,1.1192440000000001,ZAF,VEN,5201
2838570,0,246,1246,1997,140107.0,0.0,-1.2908190000000002,-0.824577,ABW,ZAF,5201
2838571,18,246,1246,1997,28806.0,0.0,1.4274069999999999,1.490435,BEL,ZAF,5201
2838572,19,246,1246,1997,1351040.0,0.0,-1.1300780000000001,-0.938398,BEN,ZAF,5201
2838573,21,246,1246,1997,499617.0,0.0,-0.204096,-0.731299,BFA,ZAF,5201
2838574,22,246,1246,1997,0.0,338996.0,-1.027777,-1.048214,BGD,ZAF,5201
2838575,32,246,1246,1997,0.0,3374208.0,0.718336,1.203066,BRA,ZAF,5201
2838576,41,246,1246,1997,339425.0,256958.0,2.280163,0.597819,CHE,ZAF,5201
2838577,43,246,1246,1997,0.0,1827965.0,0.36051300000000003,3.287322,CHN,ZAF,5201
2838578,44,246,1246,1997,1242866.0,0.0,-0.685339,-0.62129,CIV,ZAF,5201
2838579,45,246,1246,1997,177101.0,0.0,-1.205482,-1.015714,CMR,ZAF,5201
2838580,59,246,1246,1997,0.0,883765.0,1.40651,1.354695,CZE,ZAF,5201
2838581,61,246,1246,1997,9286.0,229323.0,2.293936,-2.2301919999999997,DEU,ZAF,5201
2838582,68,246,1246,1997,41077.0,0.0,-0.314425,0.156345,EGY,ZAF,5201
2838583,81,246,1246,1997,4356.0,23564.0,1.886353,0.783832,GBR,ZAF,5201
2838584,90,246,1246,1997,0.0,900724.0,0.229516,1.085225,GRC,ZAF,5201
2838585,97,246,1246,1997,0.0,1219776.0,0.521942,2.578405,HKG,ZAF,5201
2838586,103,246,1246,1997,0.0,2354265.0,-0.44080699999999995,1.220104,IDN,ZAF,5201
2838587,104,246,1246,1997,468304.0,267988.0,0.262571,2.31305,IND,ZAF,5201
2838588,106,246,1246,1997,0.0,31351.0,1.471048,0.8769370000000001,IRL,ZAF,5201
2838589,110,246,1246,1997,752880.0,0.0,1.3230030000000002,0.965016,ISR,ZAF,5201
2838590,111,246,1246,1997,183066.0,548992.0,1.4860389999999999,1.235674,ITA,ZAF,5201
2838591,136,246,1246,1997,1007182.0,0.0,-1.2630370000000002,-0.565295,MDG,ZAF,5201
2838592,141,246,1246,1997,2565552.0,0.0,-1.230276,-1.086769,MLI,ZAF,5201
2838593,147,246,1246,1997,2591846.0,0.0,-0.8600620000000001,-0.9672270000000001,MOZ,ZAF,5201
2838594,151,246,1246,1997,198948.0,331771.0,-0.49241,-0.695729,MUS,ZAF,5201
2838595,152,246,1246,1997,5017253.0,26395.0,-1.24261,-1.1258860000000002,MWI,ZAF,5201
2838596,153,246,1246,1997,0.0,1023008.0,0.37340999999999996,0.36853600000000003,MYS,ZAF,5201
2838597,159,246,1246,1997,112664.0,0.0,-1.615102,-1.129541,NGA,ZAF,5201
2838598,173,246,1246,1997,166678.0,0.0,-0.5023880000000001,-0.262563,PER,ZAF,5201
2838599,174,246,1246,1997,0.0,452186.0,-0.24310900000000002,0.085784,PHL,ZAF,5201
2838600,179,246,1246,1997,11362.0,152013.0,0.379367,1.296551,PRT,ZAF,5201
2838601,190,246,1246,1997,49934.0,0.0,-1.300352,-1.199816,SDN,ZAF,5201
2838602,212,246,1246,1997,0.0,295357.0,-1.046433,-0.9678620000000001,SYR,ZAF,5201
2838603,216,246,1246,1997,0.0,827966.0,0.084875,1.41931,THA,ZAF,5201
2838604,224,246,1246,1997,0.0,114176.0,0.167734,1.5827870000000002,TUR,ZAF,5201
2838605,226,246,1246,1997,471873.0,0.0,-1.368133,-0.753692,TZA,ZAF,5201
2838606,227,246,1246,1997,12785.0,0.0,-0.9304819999999999,-0.9731540000000001,UGA,ZAF,5201
2838607,236,246,1246,1997,0.0,705507.0,0.21363200000000002,-0.668341,VEN,ZAF,5201
2838608,247,246,1246,1997,9660467.0,0.0,-0.62183,-0.809639,ZMB,ZAF,5201
2838609,248,246,1246,1997,31285962.0,392370.0,-0.36357399999999995,-0.449161,ZWE,ZAF,5201
2838610,249,246,1246,1997,382090.0,1406337.0,1.317672,1.800561,TWN,ZAF,5201
2838611,250,246,1246,1997,810292.0,0.0,1.036748,0.851626,ANS,ZAF,5201
2838612,15,14,1246,1997,0.0,286606.0,1.8926189999999998,0.624346,AUT,AUS,5201
2838613,18,14,1246,1997,18529.0,1536567.0,1.4274069999999999,1.490435,BEL,AUS,5201
2838614,22,14,1246,1997,0.0,20011596.0,-1.027777,-1.048214,BGD,AUS,5201
2838615,32,14,1246,1997,0.0,2030610.0,0.718336,1.203066,BRA,AUS,5201
2838616,41,14,1246,1997,0.0,2903042.0,2.280163,0.597819,CHE,AUS,5201
2838617,43,14,1246,1997,0.0,144610336.0,0.36051300000000003,3.287322,CHN,AUS,5201
2838618,61,14,1246,1997,0.0,151213.0,2.293936,-2.2301919999999997,DEU,AUS,5201
2838619,71,14,1246,1997,0.0,12141977.0,1.082049,2.0238650000000002,ESP,AUS,5201
2838620,77,14,1246,1997,2663.0,314317.0,1.69504,0.8278549999999999,FRA,AUS,5201
2838621,81,14,1246,1997,0.0,1135183.0,1.886353,0.783832,GBR,AUS,5201
2838622,90,14,1246,1997,0.0,410605.0,0.229516,1.085225,GRC,AUS,5201
2838623,97,14,1246,1997,0.0,14584250.0,0.521942,2.578405,HKG,AUS,5201
2838624,103,14,1246,1997,0.0,212426448.0,-0.44080699999999995,1.220104,IDN,AUS,5201
2838625,104,14,1246,1997,0.0,4543464.0,0.262571,2.31305,IND,AUS,5201
2838626,111,14,1246,1997,133721.0,37801176.0,1.4860389999999999,1.235674,ITA,AUS,5201
2838627,114,14,1246,1997,0.0,128582208.0,2.631846,0.553144,JPN,AUS,5201
2838628,121,14,1246,1997,0.0,44277336.0,1.0478290000000001,1.2874370000000002,KOR,AUS,5201
2838629,128,14,1246,1997,0.0,4895013.0,-0.925745,-0.308559,LKA,AUS,5201
2838630,153,14,1246,1997,0.0,13272864.0,0.37340999999999996,0.36853600000000003,MYS,AUS,5201
2838631,162,14,1246,1997,0.0,309284.0,1.267794,1.727888,NLD,AUS,5201
2838632,168,14,1246,1997,0.0,2899332.0,-0.882432,-0.563344,PAK,AUS,5201
2838633,174,14,1246,1997,0.0,15960479.0,-0.24310900000000002,0.085784,PHL,AUS,5201
2838634,177,14,1246,1997,0.0,62946.0,0.805559,1.9598520000000001,POL,AUS,5201
2838635,179,14,1246,1997,0.0,681215.0,0.379367,1.296551,PRT,AUS,5201
2838636,188,14,1246,1997,0.0,894135.0,0.015040000000000001,-0.954475,SAU,AUS,5201
2838637,192,14,1246,1997,0.0,279020.0,1.01557,0.360154,SGP,AUS,5201
2838638,208,14,1246,1997,0.0,57890.0,2.120182,0.993078,SWE,AUS,5201
2838639,216,14,1246,1997,0.0,62043788.0,0.084875,1.41931,THA,AUS,5201
2838640,223,14,1246,1997,0.0,49730.0,-0.24073899999999998,-0.146818,TUN,AUS,5201
2838641,224,14,1246,1997,0.0,17399486.0,0.167734,1.5827870000000002,TUR,AUS,5201
2838642,231,14,1246,1997,56094.0,726645.0,1.823511,0.888084,USA,AUS,5201
2838643,239,14,1246,1997,0.0,3027332.0,-0.93384,0.06253099999999999,VNM,AUS,5201
2838644,249,14,1246,1997,1135.0,30050218.0,1.317672,1.800561,TWN,AUS,5201
2838645,18,16,1246,1997,0.0,1814271.0,1.4274069999999999,1.490435,BEL,AZE,5201
2838646,23,16,1246,1997,0.0,194171.0,0.487041,1.287344,BGR,AZE,5201
2838647,32,16,1246,1997,0.0,323120.0,0.718336,1.203066,BRA,AZE,5201
2838648,41,16,1246,1997,0.0,42138.0,2.280163,0.597819,CHE,AZE,5201
2838649,43,16,1246,1997,0.0,11383156.0,0.36051300000000003,3.287322,CHN,AZE,5201
2838650,59,16,1246,1997,0.0,3470540.0,1.40651,1.354695,CZE,AZE,5201
2838651,61,16,1246,1997,0.0,56767.0,2.293936,-2.2301919999999997,DEU,AZE,5201
2838652,71,16,1246,1997,0.0,1452550.0,1.082049,2.0238650000000002,ESP,AZE,5201
2838653,72,16,1246,1997,0.0,906662.0,0.460823,0.9126700000000001,EST,AZE,5201
2838654,77,16,1246,1997,0.0,325047.0,1.69504,0.8278549999999999,FRA,AZE,5201
2838655,82,16,1246,1997,3407.0,211181.0,0.304927,-0.082,GEO,AZE,5201
2838656,97,16,1246,1997,0.0,1303431.0,0.521942,2.578405,HKG,AZE,5201
2838657,102,16,1246,1997,0.0,672129.0,0.746743,1.577102,HUN,AZE,5201
2838658,103,16,1246,1997,0.0,4036306.0,-0.44080699999999995,1.220104,IDN,AZE,5201
2838659,107,16,1246,1997,0.0,27180.0,-0.503841,-0.9984059999999999,IRN,AZE,5201
2838660,111,16,1246,1997,0.0,11857007.0,1.4860389999999999,1.235674,ITA,AZE,5201
2838661,114,16,1246,1997,0.0,552277.0,2.631846,0.553144,JPN,AZE,5201
2838662,121,16,1246,1997,0.0,1437071.0,1.0478290000000001,1.2874370000000002,KOR,AZE,5201
2838663,132,16,1246,1997,0.0,609285.0,0.398848,0.215206,LVA,AZE,5201
2838664,140,16,1246,1997,0.0,71857.0,0.26327399999999995,0.704879,MKD,AZE,5201
2838665,179,16,1246,1997,0.0,1270322.0,0.379367,1.296551,PRT,AZE,5201
2838666,185,16,1246,1997,0.0,1575595.0,0.44381000000000004,1.084109,ROU,AZE,5201
2838667,186,16,1246,1997,0.0,23536100.0,0.87377,0.423861,RUS,AZE,5201
2838668,189,16,1246,1997,0.0,37389.0,0.659904,1.702849,SCG,AZE,5201
2838669,206,16,1246,1997,0.0,326907.0,1.200699,1.318346,SVK,AZE,5201
2838670,207,16,1246,1997,0.0,171755.0,1.435765,1.348897,SVN,AZE,5201
2838671,208,16,1246,1997,0.0,374723.0,2.120182,0.993078,SWE,AZE,5201
2838672,216,16,1246,1997,0.0,1782920.0,0.084875,1.41931,THA,AZE,5201
2838673,224,16,1246,1997,8603.0,12753259.0,0.167734,1.5827870000000002,TUR,AZE,5201
2838674,228,16,1246,1997,0.0,2136265.0,0.8502559999999999,0.956254,UKR,AZE,5201
2838675,249,16,1246,1997,0.0,2053708.0,1.317672,1.800561,TWN,AZE,5201
2838676,3,22,1246,1997,274554.0,0.0,1.2688760000000001,0.19008599999999998,AIA,BGD,5201
2838677,8,22,1246,1997,670058.0,0.0,0.273654,0.495389,ARG,BGD,5201
2838678,14,22,1246,1997,20011596.0,0.0,0.428555,0.798283,AUS,BGD,5201
2838679,15,22,1246,1997,69004.0,0.0,1.8926189999999998,0.624346,AUT,BGD,5201
2838680,17,22,1246,1997,2072109.0,0.0,-1.118475,-0.881657,BDI,BGD,5201
2838681,18,22,1246,1997,730894.0,0.0,1.4274069999999999,1.490435,BEL,BGD,5201
2838682,19,22,1246,1997,6682227.0,0.0,-1.1300780000000001,-0.938398,BEN,BGD,5201
2838683,21,22,1246,1997,1673137.0,0.0,-0.204096,-0.731299,BFA,BGD,5201
2838684,30,22,1246,1997,198713.0,0.0,1.069048,-0.35702399999999995,BMU,BGD,5201
2838685,32,22,1246,1997,313696.0,0.0,0.718336,1.203066,BRA,BGD,5201
2838686,38,22,1246,1997,198081.0,0.0,-1.192158,-0.902408,CAF,BGD,5201
2838687,41,22,1246,1997,3028320.0,0.0,2.280163,0.597819,CHE,BGD,5201
2838688,44,22,1246,1997,801164.0,0.0,-0.685339,-0.62129,CIV,BGD,5201
2838689,45,22,1246,1997,1730268.0,0.0,-1.205482,-1.015714,CMR,BGD,5201
2838690,61,22,1246,1997,1231213.0,0.0,2.293936,-2.2301919999999997,DEU,BGD,5201
2838691,68,22,1246,1997,220651.0,0.0,-0.314425,0.156345,EGY,BGD,5201
2838692,77,22,1246,1997,25906.0,0.0,1.69504,0.8278549999999999,FRA,BGD,5201
2838693,81,22,1246,1997,3643184.0,45219.0,1.886353,0.783832,GBR,BGD,5201
2838694,90,22,1246,1997,114709.0,0.0,0.229516,1.085225,GRC,BGD,5201
2838695,102,22,1246,1997,4256.0,0.0,0.746743,1.577102,HUN,BGD,5201
2838696,104,22,1246,1997,12267659.0,0.0,0.262571,2.31305,IND,BGD,5201
2838697,105,22,1246,1997,4073777.0,0.0,0.21188400000000002,-0.6892659999999999,IOT,BGD,5201
2838698,107,22,1246,1997,1463138.0,0.0,-0.503841,-0.9984059999999999,IRN,BGD,5201
2838699,121,22,1246,1997,100017.0,0.0,1.0478290000000001,1.2874370000000002,KOR,BGD,5201
2838700,138,22,1246,1997,163438.0,0.0,0.603221,0.898488,MEX,BGD,5201
2838701,141,22,1246,1997,2046950.0,0.0,-1.230276,-1.086769,MLI,BGD,5201
2838702,159,22,1246,1997,348081.0,0.0,-1.615102,-1.129541,NGA,BGD,5201
2838703,168,22,1246,1997,3002922.0,0.0,-0.882432,-0.563344,PAK,BGD,5201
2838704,173,22,1246,1997,90001.0,0.0,-0.5023880000000001,-0.262563,PER,BGD,5201
2838705,186,22,1246,1997,16162637.0,0.0,0.87377,0.423861,RUS,BGD,5201
2838706,187,22,1246,1997,276875.0,0.0,-0.412674,-0.735488,RWA,BGD,5201
2838707,190,22,1246,1997,2457122.0,0.0,-1.300352,-1.199816,SDN,BGD,5201
2838708,191,22,1246,1997,367020.0,0.0,-0.606205,-0.727753,SEN,BGD,5201
2838709,192,22,1246,1997,742898.0,0.0,1.01557,0.360154,SGP,BGD,5201
2838710,224,22,1246,1997,315246.0,0.0,0.167734,1.5827870000000002,TUR,BGD,5201
2838711,226,22,1246,1997,4667170.0,0.0,-1.368133,-0.753692,TZA,BGD,5201
2838712,228,22,1246,1997,39191.0,0.0,0.8502559999999999,0.956254,UKR,BGD,5201
2838713,231,22,1246,1997,49402848.0,0.0,1.823511,0.888084,USA,BGD,5201
2838714,246,22,1246,1997,338996.0,0.0,0.501792,1.1192440000000001,ZAF,BGD,5201
2838715,250,22,1246,1997,11470448.0,0.0,1.036748,0.851626,ANS,BGD,5201
2838716,16,23,1246,1997,194171.0,0.0,0.290957,-0.18282,AZE,BGR,5201
2838717,28,23,1246,1997,0.0,1604.0,0.563179,0.339149,BLR,BGR,5201
2838718,41,23,1246,1997,66204.0,0.0,2.280163,0.597819,CHE,BGR,5201
2838719,58,23,1246,1997,1255070.0,624254.0,0.451212,0.452754,CYP,BGR,5201
2838720,61,23,1246,1997,0.0,39389.0,2.293936,-2.2301919999999997,DEU,BGR,5201
2838721,64,23,1246,1997,0.0,7317.0,1.358279,1.420107,DNK,BGR,5201
2838722,74,23,1246,1997,0.0,30425.0,1.9298959999999998,1.083861,FIN,BGR,5201
2838723,77,23,1246,1997,0.0,263930.0,1.69504,0.8278549999999999,FRA,BGR,5201
2838724,82,23,1246,1997,0.0,1755.0,0.304927,-0.082,GEO,BGR,5201
2838725,83,23,1246,1997,0.0,7252.0,-1.012728,-0.939893,GHA,BGR,5201
2838726,90,23,1246,1997,26147912.0,121391.0,0.229516,1.085225,GRC,BGR,5201
2838727,100,23,1246,1997,0.0,17688.0,0.607903,1.147751,HRV,BGR,5201
2838728,103,23,1246,1997,42199.0,0.0,-0.44080699999999995,1.220104,IDN,BGR,5201
2838729,104,23,1246,1997,97639.0,0.0,0.262571,2.31305,IND,BGR,5201
2838730,110,23,1246,1997,35192.0,0.0,1.3230030000000002,0.965016,ISR,BGR,5201
2838731,111,23,1246,1997,54955.0,1097975.0,1.4860389999999999,1.235674,ITA,BGR,5201
2838732,115,23,1246,1997,529376.0,0.0,0.44044300000000003,-0.10249000000000001,KAZ,BGR,5201
2838733,130,23,1246,1997,0.0,23715.0,0.377245,0.8823270000000001,LTU,BGR,5201
2838734,132,23,1246,1997,19808.0,23928.0,0.398848,0.215206,LVA,BGR,5201
2838735,135,23,1246,1997,0.0,9838.0,0.148579,-0.334685,MDA,BGR,5201
2838736,140,23,1246,1997,0.0,205943.0,0.26327399999999995,0.704879,MKD,BGR,5201
2838737,177,23,1246,1997,0.0,23712.0,0.805559,1.9598520000000001,POL,BGR,5201
2838738,186,23,1246,1997,23074.0,35779.0,0.87377,0.423861,RUS,BGR,5201
2838739,189,23,1246,1997,0.0,3359156.0,0.659904,1.702849,SCG,BGR,5201
2838740,216,23,1246,1997,0.0,108988.0,0.084875,1.41931,THA,BGR,5201
2838741,217,23,1246,1997,1571006.0,0.0,-0.350646,-0.835419,TJK,BGR,5201
2838742,219,23,1246,1997,607615.0,0.0,-0.554162,-1.042607,TKM,BGR,5201
2838743,224,23,1246,1997,55023.0,30040.0,0.167734,1.5827870000000002,TUR,BGR,5201
2838744,226,23,1246,1997,322831.0,0.0,-1.368133,-0.753692,TZA,BGR,5201
2838745,228,23,1246,1997,280347.0,55327.0,0.8502559999999999,0.956254,UKR,BGR,5201
2838746,232,23,1246,1997,9677521.0,0.0,-0.26560700000000004,-0.870447,UZB,BGR,5201
2838747,250,23,1246,1997,869558.0,1270784.0,1.036748,0.851626,ANS,BGR,5201
2838748,8,32,1246,1997,253684560.0,188629.0,0.273654,0.495389,ARG,BRA,5201
2838749,14,32,1246,1997,2030610.0,0.0,0.428555,0.798283,AUS,BRA,5201
2838750,16,32,1246,1997,323120.0,0.0,0.290957,-0.18282,AZE,BRA,5201
2838751,18,32,1246,1997,17059.0,978.0,1.4274069999999999,1.490435,BEL,BRA,5201
2838752,19,32,1246,1997,77798416.0,0.0,-1.1300780000000001,-0.938398,BEN,BRA,5201
2838753,21,32,1246,1997,2268547.0,0.0,-0.204096,-0.731299,BFA,BRA,5201
2838754,22,32,1246,1997,0.0,313696.0,-1.027777,-1.048214,BGD,BRA,5201
2838755,31,32,1246,1997,3317913.0,0.0,-0.697563,-0.8841479999999999,BOL,BRA,5201
2838756,41,32,1246,1997,1584053.0,0.0,2.280163,0.597819,CHE,BRA,5201
2838757,44,32,1246,1997,8932471.0,0.0,-0.685339,-0.62129,CIV,BRA,5201
2838758,45,32,1246,1997,10766391.0,0.0,-1.205482,-1.015714,CMR,BRA,5201
2838759,68,32,1246,1997,996528.0,0.0,-0.314425,0.156345,EGY,BRA,5201
2838760,71,32,1246,1997,1495584.0,0.0,1.082049,2.0238650000000002,ESP,BRA,5201
2838761,77,32,1246,1997,303112.0,0.0,1.69504,0.8278549999999999,FRA,BRA,5201
2838762,81,32,1246,1997,0.0,173337.0,1.886353,0.783832,GBR,BRA,5201
2838763,90,32,1246,1997,3532131.0,0.0,0.229516,1.085225,GRC,BRA,5201
2838764,103,32,1246,1997,0.0,125528.0,-0.44080699999999995,1.220104,IDN,BRA,5201
2838765,104,32,1246,1997,7111646.0,0.0,0.262571,2.31305,IND,BRA,5201
2838766,107,32,1246,1997,3397042.0,0.0,-0.503841,-0.9984059999999999,IRN,BRA,5201
2838767,110,32,1246,1997,743488.0,0.0,1.3230030000000002,0.965016,ISR,BRA,5201
2838768,111,32,1246,1997,50828.0,137235.0,1.4860389999999999,1.235674,ITA,BRA,5201
2838769,121,32,1246,1997,14906495.0,0.0,1.0478290000000001,1.2874370000000002,KOR,BRA,5201
2838770,141,32,1246,1997,12213923.0,0.0,-1.230276,-1.086769,MLI,BRA,5201
2838771,159,32,1246,1997,9933778.0,0.0,-1.615102,-1.129541,NGA,BRA,5201
2838772,168,32,1246,1997,5936778.0,0.0,-0.882432,-0.563344,PAK,BRA,5201
2838773,173,32,1246,1997,804696.0,0.0,-0.5023880000000001,-0.262563,PER,BRA,5201
2838774,179,32,1246,1997,0.0,492382.0,0.379367,1.296551,PRT,BRA,5201
2838775,180,32,1246,1997,77939272.0,0.0,-0.44951,-0.818817,PRY,BRA,5201
2838776,186,32,1246,1997,11185059.0,0.0,0.87377,0.423861,RUS,BRA,5201
2838777,190,32,1246,1997,4412966.0,0.0,-1.300352,-1.199816,SDN,BRA,5201
2838778,191,32,1246,1997,2469298.0,0.0,-0.606205,-0.727753,SEN,BRA,5201
2838779,192,32,1246,1997,939146.0,0.0,1.01557,0.360154,SGP,BRA,5201
2838780,206,32,1246,1997,26122.0,0.0,1.200699,1.318346,SVK,BRA,5201
2838781,214,32,1246,1997,1634043.0,0.0,-0.297833,-0.76769,TCD,BRA,5201
2838782,215,32,1246,1997,16061667.0,0.0,-0.974678,-0.8150350000000001,TGO,BRA,5201
2838783,224,32,1246,1997,2362613.0,0.0,0.167734,1.5827870000000002,TUR,BRA,5201
2838784,230,32,1246,1997,875326.0,0.0,0.226228,0.29183400000000004,URY,BRA,5201
2838785,231,32,1246,1997,84491352.0,0.0,1.823511,0.888084,USA,BRA,5201
2838786,232,32,1246,1997,84092056.0,0.0,-0.26560700000000004,-0.870447,UZB,BRA,5201
2838787,246,32,1246,1997,3374208.0,0.0,0.501792,1.1192440000000001,ZAF,BRA,5201
2838788,250,32,1246,1997,15872510.0,0.0,1.036748,0.851626,ANS,BRA,5201
2838789,18,39,1246,1997,1309.0,31079.0,1.4274069999999999,1.490435,BEL,CAN,5201
2838790,45,39,1246,1997,179425.0,0.0,-1.205482,-1.015714,CMR,CAN,5201
2838791,77,39,1246,1997,1297.0,3702.0,1.69504,0.8278549999999999,FRA,CAN,5201
2838792,81,39,1246,1997,4674.0,0.0,1.886353,0.783832,GBR,CAN,5201
2838793,103,39,1246,1997,0.0,381479.0,-0.44080699999999995,1.220104,IDN,CAN,5201
2838794,104,39,1246,1997,45371.0,0.0,0.262571,2.31305,IND,CAN,5201
2838795,141,39,1246,1997,7684254.0,0.0,-1.230276,-1.086769,MLI,CAN,5201
2838796,162,39,1246,1997,0.0,49091.0,1.267794,1.727888,NLD,CAN,5201
2838797,216,39,1246,1997,0.0,153047.0,0.084875,1.41931,THA,CAN,5201
2838798,231,39,1246,1997,88809816.0,141635.0,1.823511,0.888084,USA,CAN,5201
2838799,14,41,1246,1997,2903042.0,0.0,0.428555,0.798283,AUS,CHE,5201
2838800,15,41,1246,1997,80447.0,2384.0,1.8926189999999998,0.624346,AUT,CHE,5201
2838801,16,41,1246,1997,42138.0,0.0,0.290957,-0.18282,AZE,CHE,5201
2838802,18,41,1246,1997,11241.0,0.0,1.4274069999999999,1.490435,BEL,CHE,5201
2838803,21,41,1246,1997,4533843.0,0.0,-0.204096,-0.731299,BFA,CHE,5201
2838804,22,41,1246,1997,0.0,3028320.0,-1.027777,-1.048214,BGD,CHE,5201
2838805,23,41,1246,1997,0.0,66204.0,0.487041,1.287344,BGR,CHE,5201
2838806,25,41,1246,1997,35242.0,0.0,0.874886,-0.144043,BHS,CHE,5201
2838807,28,41,1246,1997,358172.0,0.0,0.563179,0.339149,BLR,CHE,5201
2838808,32,41,1246,1997,0.0,1584053.0,0.718336,1.203066,BRA,CHE,5201
2838809,33,41,1246,1997,28954.0,0.0,0.896769,0.22225300000000003,BRB,CHE,5201
2838810,43,41,1246,1997,0.0,1459711.0,0.36051300000000003,3.287322,CHN,CHE,5201
2838811,44,41,1246,1997,121485.0,0.0,-0.685339,-0.62129,CIV,CHE,5201
2838812,59,41,1246,1997,179799.0,277228.0,1.40651,1.354695,CZE,CHE,5201
2838813,61,41,1246,1997,1865858.0,312195.0,2.293936,-2.2301919999999997,DEU,CHE,5201
2838814,64,41,1246,1997,0.0,3563.0,1.358279,1.420107,DNK,CHE,5201
2838815,68,41,1246,1997,337674.0,0.0,-0.314425,0.156345,EGY,CHE,5201
2838816,71,41,1246,1997,2472700.0,0.0,1.082049,2.0238650000000002,ESP,CHE,5201
2838817,72,41,1246,1997,0.0,23251.0,0.460823,0.9126700000000001,EST,CHE,5201
2838818,77,41,1246,1997,460551.0,83678.0,1.69504,0.8278549999999999,FRA,CHE,5201
2838819,81,41,1246,1997,12467.0,54149.0,1.886353,0.783832,GBR,CHE,5201
2838820,90,41,1246,1997,4666051.0,0.0,0.229516,1.085225,GRC,CHE,5201
2838821,97,41,1246,1997,0.0,6345.0,0.521942,2.578405,HKG,CHE,5201
2838822,102,41,1246,1997,213865.0,0.0,0.746743,1.577102,HUN,CHE,5201
2838823,103,41,1246,1997,32902.0,5165070.0,-0.44080699999999995,1.220104,IDN,CHE,5201
2838824,104,41,1246,1997,843413.0,0.0,0.262571,2.31305,IND,CHE,5201
2838825,107,41,1246,1997,774073.0,0.0,-0.503841,-0.9984059999999999,IRN,CHE,5201
2838826,109,41,1246,1997,63462.0,0.0,0.217533,-0.405395,ISL,CHE,5201
2838827,110,41,1246,1997,246653.0,4525864.0,1.3230030000000002,0.965016,ISR,CHE,5201
2838828,111,41,1246,1997,1047014.0,579030.0,1.4860389999999999,1.235674,ITA,CHE,5201
2838829,115,41,1246,1997,965406.0,0.0,0.44044300000000003,-0.10249000000000001,KAZ,CHE,5201
2838830,117,41,1246,1997,140082.0,0.0,0.023634,-0.194868,KGZ,CHE,5201
2838831,130,41,1246,1997,229251.0,703322.0,0.377245,0.8823270000000001,LTU,CHE,5201
2838832,132,41,1246,1997,147540.0,1845.0,0.398848,0.215206,LVA,CHE,5201
2838833,134,41,1246,1997,0.0,118941.0,-0.649616,-0.260554,MAR,CHE,5201
2838834,138,41,1246,1997,890715.0,0.0,0.603221,0.898488,MEX,CHE,5201
2838835,141,41,1246,1997,798863.0,0.0,-1.230276,-1.086769,MLI,CHE,5201
2838836,153,41,1246,1997,0.0,4092092.0,0.37340999999999996,0.36853600000000003,MYS,CHE,5201
2838837,162,41,1246,1997,314474.0,21249.0,1.267794,1.727888,NLD,CHE,5201
2838838,174,41,1246,1997,0.0,1182210.0,-0.24310900000000002,0.085784,PHL,CHE,5201
2838839,177,41,1246,1997,0.0,189831.0,0.805559,1.9598520000000001,POL,CHE,5201
2838840,185,41,1246,1997,0.0,430978.0,0.44381000000000004,1.084109,ROU,CHE,5201
2838841,186,41,1246,1997,200875.0,0.0,0.87377,0.423861,RUS,CHE,5201
2838842,190,41,1246,1997,204231.0,0.0,-1.300352,-1.199816,SDN,CHE,5201
2838843,191,41,1246,1997,335788.0,0.0,-0.606205,-0.727753,SEN,CHE,5201
2838844,192,41,1246,1997,64912.0,0.0,1.01557,0.360154,SGP,CHE,5201
2838845,206,41,1246,1997,105841.0,0.0,1.200699,1.318346,SVK,CHE,5201
2838846,208,41,1246,1997,0.0,82892.0,2.120182,0.993078,SWE,CHE,5201
2838847,214,41,1246,1997,197787.0,0.0,-0.297833,-0.76769,TCD,CHE,5201
2838848,215,41,1246,1997,17500.0,0.0,-0.974678,-0.8150350000000001,TGO,CHE,5201
2838849,216,41,1246,1997,0.0,491809.0,0.084875,1.41931,THA,CHE,5201
2838850,217,41,1246,1997,575136.0,0.0,-0.350646,-0.835419,TJK,CHE,5201
2838851,219,41,1246,1997,1739279.0,0.0,-0.554162,-1.042607,TKM,CHE,5201
2838852,224,41,1246,1997,2056627.0,1062447.0,0.167734,1.5827870000000002,TUR,CHE,5201
2838853,226,41,1246,1997,520694.0,0.0,-1.368133,-0.753692,TZA,CHE,5201
2838854,227,41,1246,1997,219728.0,0.0,-0.9304819999999999,-0.9731540000000001,UGA,CHE,5201
2838855,228,41,1246,1997,79326.0,0.0,0.8502559999999999,0.956254,UKR,CHE,5201
2838856,231,41,1246,1997,8085161.0,0.0,1.823511,0.888084,USA,CHE,5201
2838857,232,41,1246,1997,3340005.0,0.0,-0.26560700000000004,-0.870447,UZB,CHE,5201
2838858,243,41,1246,1997,547042.0,0.0,-1.7204130000000002,-1.242057,YEM,CHE,5201
2838859,246,41,1246,1997,256958.0,339425.0,0.501792,1.1192440000000001,ZAF,CHE,5201
2838860,248,41,1246,1997,1914549.0,0.0,-0.36357399999999995,-0.449161,ZWE,CHE,5201
2838861,249,41,1246,1997,0.0,626698.0,1.317672,1.800561,TWN,CHE,5201
2838862,8,42,1246,1997,33226064.0,0.0,0.273654,0.495389,ARG,CHL,5201
2838863,31,42,1246,1997,837343.0,0.0,-0.697563,-0.8841479999999999,BOL,CHL,5201
2838864,49,42,1246,1997,1854.0,0.0,0.190632,0.068001,COL,CHL,5201
2838865,67,42,1246,1997,309353.0,0.0,-1.1931690000000001,-1.0139690000000001,ECU,CHL,5201
2838866,81,42,1246,1997,3624.0,0.0,1.886353,0.783832,GBR,CHL,5201
2838867,103,42,1246,1997,0.0,271508.0,-0.44080699999999995,1.220104,IDN,CHL,5201
2838868,111,42,1246,1997,35186.0,0.0,1.4860389999999999,1.235674,ITA,CHL,5201
2838869,138,42,1246,1997,3066160.0,0.0,0.603221,0.898488,MEX,CHL,5201
2838870,153,42,1246,1997,0.0,835571.0,0.37340999999999996,0.36853600000000003,MYS,CHL,5201
2838871,173,42,1246,1997,1352623.0,0.0,-0.5023880000000001,-0.262563,PER,CHL,5201
2838872,180,42,1246,1997,1124079.0,0.0,-0.44951,-0.818817,PRY,CHL,5201
2838873,231,42,1246,1997,1512880.0,0.0,1.823511,0.888084,USA,CHL,5201
2838874,250,42,1246,1997,35865.0,0.0,1.036748,0.851626,ANS,CHL,5201
2838875,15,59,1246,1997,149839.0,179473.0,1.8926189999999998,0.624346,AUT,CZE,5201
2838876,16,59,1246,1997,3470540.0,0.0,0.290957,-0.18282,AZE,CZE,5201
2838877,21,59,1246,1997,636969.0,0.0,-0.204096,-0.731299,BFA,CZE,5201
2838878,31,59,1246,1997,2152.0,0.0,-0.697563,-0.8841479999999999,BOL,CZE,5201
2838879,41,59,1246,1997,277228.0,179799.0,2.280163,0.597819,CHE,CZE,5201
2838880,43,59,1246,1997,27060.0,0.0,0.36051300000000003,3.287322,CHN,CZE,5201
2838881,44,59,1246,1997,279102.0,0.0,-0.685339,-0.62129,CIV,CZE,5201
2838882,61,59,1246,1997,3585630.0,233524.0,2.293936,-2.2301919999999997,DEU,CZE,5201
2838883,68,59,1246,1997,2585578.0,0.0,-0.314425,0.156345,EGY,CZE,5201
2838884,71,59,1246,1997,34216.0,0.0,1.082049,2.0238650000000002,ESP,CZE,5201
2838885,77,59,1246,1997,11374.0,0.0,1.69504,0.8278549999999999,FRA,CZE,5201
2838886,81,59,1246,1997,1619.0,0.0,1.886353,0.783832,GBR,CZE,5201
2838887,90,59,1246,1997,7684530.0,0.0,0.229516,1.085225,GRC,CZE,5201
2838888,100,59,1246,1997,0.0,8540.0,0.607903,1.147751,HRV,CZE,5201
2838889,102,59,1246,1997,0.0,52829.0,0.746743,1.577102,HUN,CZE,5201
2838890,103,59,1246,1997,0.0,574002.0,-0.44080699999999995,1.220104,IDN,CZE,5201
2838891,104,59,1246,1997,84239.0,127667.0,0.262571,2.31305,IND,CZE,5201
2838892,107,59,1246,1997,269713.0,0.0,-0.503841,-0.9984059999999999,IRN,CZE,5201
2838893,110,59,1246,1997,2123289.0,0.0,1.3230030000000002,0.965016,ISR,CZE,5201
2838894,111,59,1246,1997,11934.0,43829.0,1.4860389999999999,1.235674,ITA,CZE,5201
2838895,115,59,1246,1997,11593234.0,0.0,0.44044300000000003,-0.10249000000000001,KAZ,CZE,5201
2838896,117,59,1246,1997,8749391.0,0.0,0.023634,-0.194868,KGZ,CZE,5201
2838897,130,59,1246,1997,139514.0,0.0,0.377245,0.8823270000000001,LTU,CZE,5201
2838898,162,59,1246,1997,7550.0,0.0,1.267794,1.727888,NLD,CZE,5201
2838899,173,59,1246,1997,95131.0,0.0,-0.5023880000000001,-0.262563,PER,CZE,5201
2838900,174,59,1246,1997,0.0,141716.0,-0.24310900000000002,0.085784,PHL,CZE,5201
2838901,177,59,1246,1997,114831.0,0.0,0.805559,1.9598520000000001,POL,CZE,5201
2838902,186,59,1246,1997,360135.0,25597.0,0.87377,0.423861,RUS,CZE,5201
2838903,190,59,1246,1997,798965.0,0.0,-1.300352,-1.199816,SDN,CZE,5201
2838904,192,59,1246,1997,22110.0,0.0,1.01557,0.360154,SGP,CZE,5201
2838905,206,59,1246,1997,336199.0,1824994.0,1.200699,1.318346,SVK,CZE,5201
2838906,212,59,1246,1997,2430252.0,0.0,-1.046433,-0.9678620000000001,SYR,CZE,5201
2838907,214,59,1246,1997,1315314.0,0.0,-0.297833,-0.76769,TCD,CZE,5201
2838908,215,59,1246,1997,89505.0,0.0,-0.974678,-0.8150350000000001,TGO,CZE,5201
2838909,216,59,1246,1997,0.0,172733.0,0.084875,1.41931,THA,CZE,5201
2838910,217,59,1246,1997,3124506.0,0.0,-0.350646,-0.835419,TJK,CZE,5201
2838911,219,59,1246,1997,741873.0,0.0,-0.554162,-1.042607,TKM,CZE,5201
2838912,224,59,1246,1997,2056351.0,0.0,0.167734,1.5827870000000002,TUR,CZE,5201
2838913,228,59,1246,1997,28131.0,0.0,0.8502559999999999,0.956254,UKR,CZE,5201
2838914,231,59,1246,1997,644711.0,0.0,1.823511,0.888084,USA,CZE,5201
2838915,232,59,1246,1997,35288644.0,0.0,-0.26560700000000004,-0.870447,UZB,CZE,5201
2838916,246,59,1246,1997,883765.0,0.0,0.501792,1.1192440000000001,ZAF,CZE,5201
2838917,248,59,1246,1997,670535.0,0.0,-0.36357399999999995,-0.449161,ZWE,CZE,5201
2838918,250,59,1246,1997,543383.0,0.0,1.036748,0.851626,ANS,CZE,5201
2838919,71,66,1246,1997,21664926.0,0.0,1.082049,2.0238650000000002,ESP,DZA,5201
2838920,77,66,1246,1997,14421.0,0.0,1.69504,0.8278549999999999,FRA,DZA,5201
2838921,179,66,1246,1997,82961.0,0.0,0.379367,1.296551,PRT,DZA,5201
2838922,212,66,1246,1997,9023693.0,0.0,-1.046433,-0.9678620000000001,SYR,DZA,5201
2838923,231,66,1246,1997,707285.0,0.0,1.823511,0.888084,USA,DZA,5201
2838924,15,68,1246,1997,0.0,31261.0,1.8926189999999998,0.624346,AUT,EGY,5201
2838925,22,68,1246,1997,0.0,220651.0,-1.027777,-1.048214,BGD,EGY,5201
2838926,32,68,1246,1997,0.0,996528.0,0.718336,1.203066,BRA,EGY,5201
2838927,41,68,1246,1997,0.0,337674.0,2.280163,0.597819,CHE,EGY,5201
2838928,43,68,1246,1997,0.0,856779.0,0.36051300000000003,3.287322,CHN,EGY,5201
2838929,58,68,1246,1997,0.0,5439.0,0.451212,0.452754,CYP,EGY,5201
2838930,59,68,1246,1997,0.0,2585578.0,1.40651,1.354695,CZE,EGY,5201
2838931,61,68,1246,1997,0.0,1920346.0,2.293936,-2.2301919999999997,DEU,EGY,5201
2838932,64,68,1246,1997,0.0,147692.0,1.358279,1.420107,DNK,EGY,5201
2838933,71,68,1246,1997,0.0,2085034.0,1.082049,2.0238650000000002,ESP,EGY,5201
2838934,74,68,1246,1997,0.0,57114.0,1.9298959999999998,1.083861,FIN,EGY,5201
2838935,77,68,1246,1997,0.0,2044106.0,1.69504,0.8278549999999999,FRA,EGY,5201
2838936,81,68,1246,1997,0.0,776629.0,1.886353,0.783832,GBR,EGY,5201
2838937,90,68,1246,1997,0.0,2691660.0,0.229516,1.085225,GRC,EGY,5201
2838938,97,68,1246,1997,0.0,556458.0,0.521942,2.578405,HKG,EGY,5201
2838939,100,68,1246,1997,0.0,132440.0,0.607903,1.147751,HRV,EGY,5201
2838940,102,68,1246,1997,0.0,724697.0,0.746743,1.577102,HUN,EGY,5201
2838941,103,68,1246,1997,0.0,482866.0,-0.44080699999999995,1.220104,IDN,EGY,5201
2838942,104,68,1246,1997,37945.0,8544487.0,0.262571,2.31305,IND,EGY,5201
2838943,106,68,1246,1997,0.0,539052.0,1.471048,0.8769370000000001,IRL,EGY,5201
2838944,111,68,1246,1997,0.0,31474972.0,1.4860389999999999,1.235674,ITA,EGY,5201
2838945,114,68,1246,1997,0.0,8012080.0,2.631846,0.553144,JPN,EGY,5201
2838946,121,68,1246,1997,0.0,9214171.0,1.0478290000000001,1.2874370000000002,KOR,EGY,5201
2838947,153,68,1246,1997,0.0,503355.0,0.37340999999999996,0.36853600000000003,MYS,EGY,5201
2838948,168,68,1246,1997,0.0,499944.0,-0.882432,-0.563344,PAK,EGY,5201
2838949,174,68,1246,1997,0.0,23875.0,-0.24310900000000002,0.085784,PHL,EGY,5201
2838950,177,68,1246,1997,0.0,206785.0,0.805559,1.9598520000000001,POL,EGY,5201
2838951,179,68,1246,1997,0.0,1698522.0,0.379367,1.296551,PRT,EGY,5201
2838952,185,68,1246,1997,0.0,305876.0,0.44381000000000004,1.084109,ROU,EGY,5201
2838953,189,68,1246,1997,0.0,451194.0,0.659904,1.702849,SCG,EGY,5201
2838954,190,68,1246,1997,5133328.0,0.0,-1.300352,-1.199816,SDN,EGY,5201
2838955,206,68,1246,1997,0.0,2973.0,1.200699,1.318346,SVK,EGY,5201
2838956,207,68,1246,1997,0.0,1041685.0,1.435765,1.348897,SVN,EGY,5201
2838957,212,68,1246,1997,714724.0,0.0,-1.046433,-0.9678620000000001,SYR,EGY,5201
2838958,216,68,1246,1997,0.0,1051040.0,0.084875,1.41931,THA,EGY,5201
2838959,224,68,1246,1997,0.0,15091066.0,0.167734,1.5827870000000002,TUR,EGY,5201
2838960,246,68,1246,1997,0.0,41077.0,0.501792,1.1192440000000001,ZAF,EGY,5201
2838961,249,68,1246,1997,0.0,414694.0,1.317672,1.800561,TWN,EGY,5201
2838962,15,72,1246,1997,32359.0,0.0,1.8926189999999998,0.624346,AUT,EST,5201
2838963,16,72,1246,1997,906662.0,0.0,0.290957,-0.18282,AZE,EST,5201
2838964,18,72,1246,1997,0.0,56842.0,1.4274069999999999,1.490435,BEL,EST,5201
2838965,41,72,1246,1997,23251.0,0.0,2.280163,0.597819,CHE,EST,5201
2838966,64,72,1246,1997,2210.0,0.0,1.358279,1.420107,DNK,EST,5201
2838967,77,72,1246,1997,0.0,35255.0,1.69504,0.8278549999999999,FRA,EST,5201
2838968,81,72,1246,1997,13917.0,0.0,1.886353,0.783832,GBR,EST,5201
2838969,115,72,1246,1997,2038557.0,0.0,0.44044300000000003,-0.10249000000000001,KAZ,EST,5201
2838970,130,72,1246,1997,0.0,2827674.0,0.377245,0.8823270000000001,LTU,EST,5201
2838971,132,72,1246,1997,0.0,110004.0,0.398848,0.215206,LVA,EST,5201
2838972,208,72,1246,1997,11288.0,0.0,2.120182,0.993078,SWE,EST,5201
2838973,212,72,1246,1997,535351.0,0.0,-1.046433,-0.9678620000000001,SYR,EST,5201
2838974,217,72,1246,1997,6098028.0,0.0,-0.350646,-0.835419,TJK,EST,5201
2838975,219,72,1246,1997,2917084.0,0.0,-0.554162,-1.042607,TKM,EST,5201
2838976,231,72,1246,1997,21917.0,0.0,1.823511,0.888084,USA,EST,5201
2838977,232,72,1246,1997,27035106.0,0.0,-0.26560700000000004,-0.870447,UZB,EST,5201
2838978,97,87,1246,1997,0.0,134539.0,0.521942,2.578405,HKG,GMB,5201
2838979,153,87,1246,1997,0.0,105459.0,0.37340999999999996,0.36853600000000003,MYS,GMB,5201
2838980,174,87,1246,1997,0.0,181685.0,-0.24310900000000002,0.085784,PHL,GMB,5201
2838981,8,102,1246,1997,48106.0,0.0,0.273654,0.495389,ARG,HUN,5201
2838982,15,102,1246,1997,18564.0,0.0,1.8926189999999998,0.624346,AUT,HUN,5201
2838983,16,102,1246,1997,672129.0,0.0,0.290957,-0.18282,AZE,HUN,5201
2838984,18,102,1246,1997,7016.0,0.0,1.4274069999999999,1.490435,BEL,HUN,5201
2838985,22,102,1246,1997,0.0,4256.0,-1.027777,-1.048214,BGD,HUN,5201
2838986,38,102,1246,1997,2597529.0,0.0,-1.192158,-0.902408,CAF,HUN,5201
2838987,41,102,1246,1997,0.0,213865.0,2.280163,0.597819,CHE,HUN,5201
2838988,43,102,1246,1997,93271.0,0.0,0.36051300000000003,3.287322,CHN,HUN,5201
2838989,59,102,1246,1997,52829.0,0.0,1.40651,1.354695,CZE,HUN,5201
2838990,61,102,1246,1997,2422450.0,1446276.0,2.293936,-2.2301919999999997,DEU,HUN,5201
2838991,68,102,1246,1997,724697.0,0.0,-0.314425,0.156345,EGY,HUN,5201
2838992,71,102,1246,1997,76055.0,0.0,1.082049,2.0238650000000002,ESP,HUN,5201
2838993,77,102,1246,1997,14396.0,0.0,1.69504,0.8278549999999999,FRA,HUN,5201
2838994,81,102,1246,1997,0.0,24996.0,1.886353,0.783832,GBR,HUN,5201
2838995,90,102,1246,1997,807298.0,0.0,0.229516,1.085225,GRC,HUN,5201
2838996,104,102,1246,1997,76960.0,0.0,0.262571,2.31305,IND,HUN,5201
2838997,107,102,1246,1997,106044.0,0.0,-0.503841,-0.9984059999999999,IRN,HUN,5201
2838998,110,102,1246,1997,564983.0,0.0,1.3230030000000002,0.965016,ISR,HUN,5201
2838999,111,102,1246,1997,736858.0,251916.0,1.4860389999999999,1.235674,ITA,HUN,5201
2839000,115,102,1246,1997,726314.0,0.0,0.44044300000000003,-0.10249000000000001,KAZ,HUN,5201
2839001,117,102,1246,1997,516039.0,0.0,0.023634,-0.194868,KGZ,HUN,5201
2839002,130,102,1246,1997,25655.0,0.0,0.377245,0.8823270000000001,LTU,HUN,5201
2839003,132,102,1246,1997,58576.0,0.0,0.398848,0.215206,LVA,HUN,5201
2839004,140,102,1246,1997,11792.0,31073.0,0.26327399999999995,0.704879,MKD,HUN,5201
2839005,179,102,1246,1997,3636.0,0.0,0.379367,1.296551,PRT,HUN,5201
2839006,185,102,1246,1997,19141.0,899836.0,0.44381000000000004,1.084109,ROU,HUN,5201
2839007,186,102,1246,1997,259621.0,0.0,0.87377,0.423861,RUS,HUN,5201
2839008,189,102,1246,1997,0.0,63724.0,0.659904,1.702849,SCG,HUN,5201
2839009,190,102,1246,1997,878309.0,0.0,-1.300352,-1.199816,SDN,HUN,5201
2839010,212,102,1246,1997,723928.0,0.0,-1.046433,-0.9678620000000001,SYR,HUN,5201
2839011,215,102,1246,1997,38944.0,0.0,-0.974678,-0.8150350000000001,TGO,HUN,5201
2839012,217,102,1246,1997,2013926.0,0.0,-0.350646,-0.835419,TJK,HUN,5201
2839013,219,102,1246,1997,155183.0,0.0,-0.554162,-1.042607,TKM,HUN,5201
2839014,224,102,1246,1997,94089.0,0.0,0.167734,1.5827870000000002,TUR,HUN,5201
2839015,226,102,1246,1997,5663.0,0.0,-1.368133,-0.753692,TZA,HUN,5201
2839016,228,102,1246,1997,289209.0,0.0,0.8502559999999999,0.956254,UKR,HUN,5201
2839017,231,102,1246,1997,167255.0,0.0,1.823511,0.888084,USA,HUN,5201
2839018,232,102,1246,1997,18803384.0,0.0,-0.26560700000000004,-0.870447,UZB,HUN,5201
2839019,248,102,1246,1997,188356.0,0.0,-0.36357399999999995,-0.449161,ZWE,HUN,5201
2839020,7,104,1246,1997,0.0,399055.0,-0.042154000000000004,-0.667389,ARE,IND,5201
2839021,8,104,1246,1997,0.0,15462.0,0.273654,0.495389,ARG,IND,5201
2839022,14,104,1246,1997,4543464.0,0.0,0.428555,0.798283,AUS,IND,5201
2839023,15,104,1246,1997,0.0,36599.0,1.8926189999999998,0.624346,AUT,IND,5201
2839024,18,104,1246,1997,2961.0,895924.0,1.4274069999999999,1.490435,BEL,IND,5201
2839025,22,104,1246,1997,0.0,12267659.0,-1.027777,-1.048214,BGD,IND,5201
2839026,23,104,1246,1997,0.0,97639.0,0.487041,1.287344,BGR,IND,5201
2839027,32,104,1246,1997,0.0,7111646.0,0.718336,1.203066,BRA,IND,5201
2839028,39,104,1246,1997,0.0,45371.0,1.109494,1.178772,CAN,IND,5201
2839029,41,104,1246,1997,0.0,843413.0,2.280163,0.597819,CHE,IND,5201
2839030,43,104,1246,1997,0.0,12944230.0,0.36051300000000003,3.287322,CHN,IND,5201
2839031,45,104,1246,1997,159203.0,0.0,-1.205482,-1.015714,CMR,IND,5201
2839032,49,104,1246,1997,0.0,73557.0,0.190632,0.068001,COL,IND,5201
2839033,59,104,1246,1997,127667.0,84239.0,1.40651,1.354695,CZE,IND,5201
2839034,61,104,1246,1997,512384.0,2836214.0,2.293936,-2.2301919999999997,DEU,IND,5201
2839035,68,104,1246,1997,8544487.0,37945.0,-0.314425,0.156345,EGY,IND,5201
2839036,71,104,1246,1997,0.0,93010.0,1.082049,2.0238650000000002,ESP,IND,5201
2839037,77,104,1246,1997,0.0,988706.0,1.69504,0.8278549999999999,FRA,IND,5201
2839038,81,104,1246,1997,485004.0,796385.0,1.886353,0.783832,GBR,IND,5201
2839039,90,104,1246,1997,0.0,210700.0,0.229516,1.085225,GRC,IND,5201
2839040,97,104,1246,1997,0.0,42215928.0,0.521942,2.578405,HKG,IND,5201
2839041,102,104,1246,1997,0.0,76960.0,0.746743,1.577102,HUN,IND,5201
2839042,103,104,1246,1997,0.0,30822694.0,-0.44080699999999995,1.220104,IDN,IND,5201
2839043,106,104,1246,1997,0.0,58099.0,1.471048,0.8769370000000001,IRL,IND,5201
2839044,110,104,1246,1997,265896.0,0.0,1.3230030000000002,0.965016,ISR,IND,5201
2839045,111,104,1246,1997,0.0,7100339.0,1.4860389999999999,1.235674,ITA,IND,5201
2839046,114,104,1246,1997,0.0,19808178.0,2.631846,0.553144,JPN,IND,5201
2839047,121,104,1246,1997,0.0,617858.0,1.0478290000000001,1.2874370000000002,KOR,IND,5201
2839048,128,104,1246,1997,0.0,2616434.0,-0.925745,-0.308559,LKA,IND,5201
2839049,134,104,1246,1997,0.0,638949.0,-0.649616,-0.260554,MAR,IND,5201
2839050,141,104,1246,1997,0.0,2309.0,-1.230276,-1.086769,MLI,IND,5201
2839051,153,104,1246,1997,0.0,2050905.0,0.37340999999999996,0.36853600000000003,MYS,IND,5201
2839052,159,104,1246,1997,441470.0,0.0,-1.615102,-1.129541,NGA,IND,5201
2839053,162,104,1246,1997,0.0,204571.0,1.267794,1.727888,NLD,IND,5201
2839054,163,104,1246,1997,0.0,2260.0,1.003945,0.188826,NOR,IND,5201
2839055,164,104,1246,1997,0.0,25571.0,-0.559546,-0.358545,NPL,IND,5201
2839056,166,104,1246,1997,0.0,33984.0,0.557545,0.731294,NZL,IND,5201
2839057,174,104,1246,1997,0.0,2575002.0,-0.24310900000000002,0.085784,PHL,IND,5201
2839058,177,104,1246,1997,0.0,168629.0,0.805559,1.9598520000000001,POL,IND,5201
2839059,178,104,1246,1997,0.0,184208.0,0.701604,0.649257,PRK,IND,5201
2839060,179,104,1246,1997,0.0,4174512.0,0.379367,1.296551,PRT,IND,5201
2839061,185,104,1246,1997,0.0,39870.0,0.44381000000000004,1.084109,ROU,IND,5201
2839062,186,104,1246,1997,0.0,31944.0,0.87377,0.423861,RUS,IND,5201
2839063,190,104,1246,1997,703623.0,0.0,-1.300352,-1.199816,SDN,IND,5201
2839064,192,104,1246,1997,0.0,1223080.0,1.01557,0.360154,SGP,IND,5201
2839065,206,104,1246,1997,0.0,6888.0,1.200699,1.318346,SVK,IND,5201
2839066,207,104,1246,1997,0.0,39532.0,1.435765,1.348897,SVN,IND,5201
2839067,211,104,1246,1997,0.0,2254.0,-0.19443,-0.768889,SYC,IND,5201
2839068,212,104,1246,1997,0.0,41395.0,-1.046433,-0.9678620000000001,SYR,IND,5201
2839069,216,104,1246,1997,0.0,8676396.0,0.084875,1.41931,THA,IND,5201
2839070,223,104,1246,1997,0.0,10648.0,-0.24073899999999998,-0.146818,TUN,IND,5201
2839071,224,104,1246,1997,0.0,5599914.0,0.167734,1.5827870000000002,TUR,IND,5201
2839072,226,104,1246,1997,304911.0,0.0,-1.368133,-0.753692,TZA,IND,5201
2839073,228,104,1246,1997,0.0,205911.0,0.8502559999999999,0.956254,UKR,IND,5201
2839074,231,104,1246,1997,5482166.0,490358.0,1.823511,0.888084,USA,IND,5201
2839075,239,104,1246,1997,0.0,456541.0,-0.93384,0.06253099999999999,VNM,IND,5201
2839076,246,104,1246,1997,267988.0,468304.0,0.501792,1.1192440000000001,ZAF,IND,5201
2839077,249,104,1246,1997,0.0,18701856.0,1.317672,1.800561,TWN,IND,5201
2839078,7,107,1246,1997,0.0,967732.0,-0.042154000000000004,-0.667389,ARE,IRN,5201
2839079,9,107,1246,1997,0.0,23992.0,1.178568,0.331529,ARM,IRN,5201
2839080,15,107,1246,1997,0.0,52326.0,1.8926189999999998,0.624346,AUT,IRN,5201
2839081,16,107,1246,1997,27180.0,0.0,0.290957,-0.18282,AZE,IRN,5201
2839082,18,107,1246,1997,0.0,1525812.0,1.4274069999999999,1.490435,BEL,IRN,5201
2839083,22,107,1246,1997,0.0,1463138.0,-1.027777,-1.048214,BGD,IRN,5201
2839084,32,107,1246,1997,0.0,3397042.0,0.718336,1.203066,BRA,IRN,5201
2839085,41,107,1246,1997,0.0,774073.0,2.280163,0.597819,CHE,IRN,5201
2839086,43,107,1246,1997,0.0,8994304.0,0.36051300000000003,3.287322,CHN,IRN,5201
2839087,59,107,1246,1997,0.0,269713.0,1.40651,1.354695,CZE,IRN,5201
2839088,61,107,1246,1997,0.0,2259716.0,2.293936,-2.2301919999999997,DEU,IRN,5201
2839089,71,107,1246,1997,0.0,605844.0,1.082049,2.0238650000000002,ESP,IRN,5201
2839090,77,107,1246,1997,0.0,2660478.0,1.69504,0.8278549999999999,FRA,IRN,5201
2839091,81,107,1246,1997,0.0,8687.0,1.886353,0.783832,GBR,IRN,5201
2839092,97,107,1246,1997,0.0,5941858.0,0.521942,2.578405,HKG,IRN,5201
2839093,102,107,1246,1997,0.0,106044.0,0.746743,1.577102,HUN,IRN,5201
2839094,103,107,1246,1997,0.0,13741813.0,-0.44080699999999995,1.220104,IDN,IRN,5201
2839095,111,107,1246,1997,0.0,5265827.0,1.4860389999999999,1.235674,ITA,IRN,5201
2839096,121,107,1246,1997,0.0,578307.0,1.0478290000000001,1.2874370000000002,KOR,IRN,5201
2839097,153,107,1246,1997,0.0,56917.0,0.37340999999999996,0.36853600000000003,MYS,IRN,5201
2839098,174,107,1246,1997,0.0,953274.0,-0.24310900000000002,0.085784,PHL,IRN,5201
2839099,179,107,1246,1997,0.0,157247.0,0.379367,1.296551,PRT,IRN,5201
2839100,216,107,1246,1997,0.0,3639468.0,0.084875,1.41931,THA,IRN,5201
2839101,224,107,1246,1997,0.0,4041114.0,0.167734,1.5827870000000002,TUR,IRN,5201
2839102,249,107,1246,1997,0.0,431710.0,1.317672,1.800561,TWN,IRN,5201
2839103,90,113,1246,1997,9083.0,0.0,0.229516,1.085225,GRC,JOR,5201
2839104,8,114,1246,1997,4577650.0,0.0,0.273654,0.495389,ARG,JPN,5201
2839105,13,114,1246,1997,149721.0,0.0,0.510371,-0.314213,ATG,JPN,5201
2839106,14,114,1246,1997,128582208.0,0.0,0.428555,0.798283,AUS,JPN,5201
2839107,16,114,1246,1997,552277.0,0.0,0.290957,-0.18282,AZE,JPN,5201
2839108,18,114,1246,1997,60328.0,0.0,1.4274069999999999,1.490435,BEL,JPN,5201
2839109,21,114,1246,1997,757403.0,0.0,-0.204096,-0.731299,BFA,JPN,5201
2839110,29,114,1246,1997,50964.0,0.0,-0.46634200000000003,-0.688645,BLZ,JPN,5201
2839111,33,114,1246,1997,593348.0,0.0,0.896769,0.22225300000000003,BRB,JPN,5201
2839112,43,114,1246,1997,3242754.0,2244059.0,0.36051300000000003,3.287322,CHN,JPN,5201
2839113,44,114,1246,1997,1350059.0,0.0,-0.685339,-0.62129,CIV,JPN,5201
2839114,45,114,1246,1997,377101.0,0.0,-1.205482,-1.015714,CMR,JPN,5201
2839115,68,114,1246,1997,8012080.0,0.0,-0.314425,0.156345,EGY,JPN,5201
2839116,71,114,1246,1997,0.0,23790.0,1.082049,2.0238650000000002,ESP,JPN,5201
2839117,77,114,1246,1997,2351.0,0.0,1.69504,0.8278549999999999,FRA,JPN,5201
2839118,81,114,1246,1997,7846.0,45936.0,1.886353,0.783832,GBR,JPN,5201
2839119,90,114,1246,1997,1100758.0,0.0,0.229516,1.085225,GRC,JPN,5201
2839120,97,114,1246,1997,0.0,8777.0,0.521942,2.578405,HKG,JPN,5201
2839121,103,114,1246,1997,403743.0,620063.0,-0.44080699999999995,1.220104,IDN,JPN,5201
2839122,104,114,1246,1997,19808178.0,0.0,0.262571,2.31305,IND,JPN,5201
2839123,111,114,1246,1997,174886.0,1833.0,1.4860389999999999,1.235674,ITA,JPN,5201
2839124,121,114,1246,1997,1001350.0,15825.0,1.0478290000000001,1.2874370000000002,KOR,JPN,5201
2839125,134,114,1246,1997,143046.0,0.0,-0.649616,-0.260554,MAR,JPN,5201
2839126,138,114,1246,1997,12666509.0,0.0,0.603221,0.898488,MEX,JPN,5201
2839127,141,114,1246,1997,1431060.0,0.0,-1.230276,-1.086769,MLI,JPN,5201
2839128,153,114,1246,1997,0.0,2956.0,0.37340999999999996,0.36853600000000003,MYS,JPN,5201
2839129,159,114,1246,1997,434582.0,0.0,-1.615102,-1.129541,NGA,JPN,5201
2839130,168,114,1246,1997,5012428.0,0.0,-0.882432,-0.563344,PAK,JPN,5201
2839131,173,114,1246,1997,2867175.0,0.0,-0.5023880000000001,-0.262563,PER,JPN,5201
2839132,174,114,1246,1997,0.0,74287.0,-0.24310900000000002,0.085784,PHL,JPN,5201
2839133,179,114,1246,1997,0.0,328598.0,0.379367,1.296551,PRT,JPN,5201
2839134,186,114,1246,1997,276350.0,0.0,0.87377,0.423861,RUS,JPN,5201
2839135,190,114,1246,1997,2963116.0,0.0,-1.300352,-1.199816,SDN,JPN,5201
2839136,192,114,1246,1997,0.0,4037.0,1.01557,0.360154,SGP,JPN,5201
2839137,212,114,1246,1997,3038995.0,0.0,-1.046433,-0.9678620000000001,SYR,JPN,5201
2839138,214,114,1246,1997,1546628.0,0.0,-0.297833,-0.76769,TCD,JPN,5201
2839139,216,114,1246,1997,0.0,902029.0,0.084875,1.41931,THA,JPN,5201
2839140,219,114,1246,1997,1290810.0,0.0,-0.554162,-1.042607,TKM,JPN,5201
2839141,226,114,1246,1997,47328.0,0.0,-1.368133,-0.753692,TZA,JPN,5201
2839142,227,114,1246,1997,728394.0,0.0,-0.9304819999999999,-0.9731540000000001,UGA,JPN,5201
2839143,228,114,1246,1997,241388.0,0.0,0.8502559999999999,0.956254,UKR,JPN,5201
2839144,231,114,1246,1997,247986944.0,3027.0,1.823511,0.888084,USA,JPN,5201
2839145,232,114,1246,1997,9941316.0,0.0,-0.26560700000000004,-0.870447,UZB,JPN,5201
2839146,243,114,1246,1997,37639.0,0.0,-1.7204130000000002,-1.242057,YEM,JPN,5201
2839147,248,114,1246,1997,4042449.0,0.0,-0.36357399999999995,-0.449161,ZWE,JPN,5201
2839148,249,114,1246,1997,0.0,229488.0,1.317672,1.800561,TWN,JPN,5201
2839149,15,132,1246,1997,23409.0,31444.0,1.8926189999999998,0.624346,AUT,LVA,5201
2839150,16,132,1246,1997,609285.0,0.0,0.290957,-0.18282,AZE,LVA,5201
2839151,18,132,1246,1997,0.0,648768.0,1.4274069999999999,1.490435,BEL,LVA,5201
2839152,23,132,1246,1997,23928.0,19808.0,0.487041,1.287344,BGR,LVA,5201
2839153,25,132,1246,1997,63084.0,0.0,0.874886,-0.144043,BHS,LVA,5201
2839154,41,132,1246,1997,1845.0,147540.0,2.280163,0.597819,CHE,LVA,5201
2839155,43,132,1246,1997,0.0,469606.0,0.36051300000000003,3.287322,CHN,LVA,5201
2839156,61,132,1246,1997,10967.0,619973.0,2.293936,-2.2301919999999997,DEU,LVA,5201
2839157,64,132,1246,1997,0.0,40539.0,1.358279,1.420107,DNK,LVA,5201
2839158,72,132,1246,1997,110004.0,0.0,0.460823,0.9126700000000001,EST,LVA,5201
2839159,74,132,1246,1997,0.0,1009613.0,1.9298959999999998,1.083861,FIN,LVA,5201
2839160,77,132,1246,1997,0.0,34188.0,1.69504,0.8278549999999999,FRA,LVA,5201
2839161,81,132,1246,1997,0.0,1274996.0,1.886353,0.783832,GBR,LVA,5201
2839162,97,132,1246,1997,69521.0,793718.0,0.521942,2.578405,HKG,LVA,5201
2839163,102,132,1246,1997,0.0,58576.0,0.746743,1.577102,HUN,LVA,5201
2839164,106,132,1246,1997,0.0,4479382.0,1.471048,0.8769370000000001,IRL,LVA,5201
2839165,111,132,1246,1997,0.0,474661.0,1.4860389999999999,1.235674,ITA,LVA,5201
2839166,115,132,1246,1997,2699398.0,0.0,0.44044300000000003,-0.10249000000000001,KAZ,LVA,5201
2839167,130,132,1246,1997,0.0,2167394.0,0.377245,0.8823270000000001,LTU,LVA,5201
2839168,162,132,1246,1997,0.0,60844.0,1.267794,1.727888,NLD,LVA,5201
2839169,177,132,1246,1997,0.0,400556.0,0.805559,1.9598520000000001,POL,LVA,5201
2839170,179,132,1246,1997,0.0,378267.0,0.379367,1.296551,PRT,LVA,5201
2839171,185,132,1246,1997,0.0,397399.0,0.44381000000000004,1.084109,ROU,LVA,5201
2839172,186,132,1246,1997,0.0,4340464.0,0.87377,0.423861,RUS,LVA,5201
2839173,207,132,1246,1997,0.0,51752.0,1.435765,1.348897,SVN,LVA,5201
2839174,217,132,1246,1997,588157.0,0.0,-0.350646,-0.835419,TJK,LVA,5201
2839175,219,132,1246,1997,481780.0,0.0,-0.554162,-1.042607,TKM,LVA,5201
2839176,228,132,1246,1997,0.0,8977.0,0.8502559999999999,0.956254,UKR,LVA,5201
2839177,231,132,1246,1997,58099.0,0.0,1.823511,0.888084,USA,LVA,5201
2839178,232,132,1246,1997,4401954.0,0.0,-0.26560700000000004,-0.870447,UZB,LVA,5201
2839179,4,140,1246,1997,4463.0,0.0,-0.32351599999999997,-0.170449,ALB,MKD,5201
2839180,16,140,1246,1997,71857.0,0.0,0.290957,-0.18282,AZE,MKD,5201
2839181,23,140,1246,1997,205943.0,0.0,0.487041,1.287344,BGR,MKD,5201
2839182,90,140,1246,1997,2788158.0,0.0,0.229516,1.085225,GRC,MKD,5201
2839183,102,140,1246,1997,31073.0,11792.0,0.746743,1.577102,HUN,MKD,5201
2839184,185,140,1246,1997,0.0,144812.0,0.44381000000000004,1.084109,ROU,MKD,5201
2839185,189,140,1246,1997,41268.0,0.0,0.659904,1.702849,SCG,MKD,5201
2839186,190,140,1246,1997,534493.0,0.0,-1.300352,-1.199816,SDN,MKD,5201
2839187,207,140,1246,1997,0.0,28594.0,1.435765,1.348897,SVN,MKD,5201
2839188,224,140,1246,1997,108539.0,0.0,0.167734,1.5827870000000002,TUR,MKD,5201
2839189,250,140,1246,1997,9790.0,0.0,1.036748,0.851626,ANS,MKD,5201
2839190,7,159,1246,1997,1656.0,0.0,-0.042154000000000004,-0.667389,ARE,NGA,5201
2839191,18,159,1246,1997,0.0,752323.0,1.4274069999999999,1.490435,BEL,NGA,5201
2839192,19,159,1246,1997,18705284.0,0.0,-1.1300780000000001,-0.938398,BEN,NGA,5201
2839193,22,159,1246,1997,0.0,348081.0,-1.027777,-1.048214,BGD,NGA,5201
2839194,32,159,1246,1997,0.0,9933778.0,0.718336,1.203066,BRA,NGA,5201
2839195,38,159,1246,1997,163128.0,0.0,-1.192158,-0.902408,CAF,NGA,5201
2839196,43,159,1246,1997,0.0,6780224.0,0.36051300000000003,3.287322,CHN,NGA,5201
2839197,45,159,1246,1997,109704.0,0.0,-1.205482,-1.015714,CMR,NGA,5201
2839198,61,159,1246,1997,23324.0,905936.0,2.293936,-2.2301919999999997,DEU,NGA,5201
2839199,71,159,1246,1997,0.0,138545.0,1.082049,2.0238650000000002,ESP,NGA,5201
2839200,77,159,1246,1997,0.0,308909.0,1.69504,0.8278549999999999,FRA,NGA,5201
2839201,81,159,1246,1997,3587.0,118489.0,1.886353,0.783832,GBR,NGA,5201
2839202,83,159,1246,1997,0.0,31521.0,-1.012728,-0.939893,GHA,NGA,5201
2839203,97,159,1246,1997,0.0,3807095.0,0.521942,2.578405,HKG,NGA,5201
2839204,103,159,1246,1997,0.0,3481730.0,-0.44080699999999995,1.220104,IDN,NGA,5201
2839205,104,159,1246,1997,0.0,441470.0,0.262571,2.31305,IND,NGA,5201
2839206,111,159,1246,1997,0.0,188062.0,1.4860389999999999,1.235674,ITA,NGA,5201
2839207,114,159,1246,1997,0.0,434582.0,2.631846,0.553144,JPN,NGA,5201
2839208,121,159,1246,1997,0.0,1518396.0,1.0478290000000001,1.2874370000000002,KOR,NGA,5201
2839209,124,159,1246,1997,0.0,18642.0,0.334291,0.783104,LBN,NGA,5201
2839210,134,159,1246,1997,0.0,1045301.0,-0.649616,-0.260554,MAR,NGA,5201
2839211,151,159,1246,1997,0.0,1041252.0,-0.49241,-0.695729,MUS,NGA,5201
2839212,153,159,1246,1997,0.0,100089.0,0.37340999999999996,0.36853600000000003,MYS,NGA,5201
2839213,157,159,1246,1997,25330.0,0.0,-0.322358,-0.63647,NER,NGA,5201
2839214,162,159,1246,1997,3113.0,6830.0,1.267794,1.727888,NLD,NGA,5201
2839215,174,159,1246,1997,0.0,703441.0,-0.24310900000000002,0.085784,PHL,NGA,5201
2839216,179,159,1246,1997,0.0,3007790.0,0.379367,1.296551,PRT,NGA,5201
2839217,216,159,1246,1997,0.0,3427519.0,0.084875,1.41931,THA,NGA,5201
2839218,224,159,1246,1997,0.0,763572.0,0.167734,1.5827870000000002,TUR,NGA,5201
2839219,231,159,1246,1997,3977.0,0.0,1.823511,0.888084,USA,NGA,5201
2839220,246,159,1246,1997,0.0,112664.0,0.501792,1.1192440000000001,ZAF,NGA,5201
2839221,249,159,1246,1997,1410.0,1150710.0,1.317672,1.800561,TWN,NGA,5201
2839222,7,167,1246,1997,4773.0,7844.0,-0.042154000000000004,-0.667389,ARE,OMN,5201
2839223,111,167,1246,1997,11324.0,0.0,1.4860389999999999,1.235674,ITA,OMN,5201
2839224,8,177,1246,1997,332525.0,0.0,0.273654,0.495389,ARG,POL,5201
2839225,14,177,1246,1997,62946.0,0.0,0.428555,0.798283,AUS,POL,5201
2839226,18,177,1246,1997,35093.0,0.0,1.4274069999999999,1.490435,BEL,POL,5201
2839227,19,177,1246,1997,412359.0,0.0,-1.1300780000000001,-0.938398,BEN,POL,5201
2839228,21,177,1246,1997,53202.0,0.0,-0.204096,-0.731299,BFA,POL,5201
2839229,23,177,1246,1997,23712.0,0.0,0.487041,1.287344,BGR,POL,5201
2839230,41,177,1246,1997,189831.0,0.0,2.280163,0.597819,CHE,POL,5201
2839231,59,177,1246,1997,0.0,114831.0,1.40651,1.354695,CZE,POL,5201
2839232,61,177,1246,1997,252378.0,264437.0,2.293936,-2.2301919999999997,DEU,POL,5201
2839233,68,177,1246,1997,206785.0,0.0,-0.314425,0.156345,EGY,POL,5201
2839234,71,177,1246,1997,61054.0,0.0,1.082049,2.0238650000000002,ESP,POL,5201
2839235,77,177,1246,1997,94131.0,0.0,1.69504,0.8278549999999999,FRA,POL,5201
2839236,81,177,1246,1997,720256.0,0.0,1.886353,0.783832,GBR,POL,5201
2839237,90,177,1246,1997,2922135.0,0.0,0.229516,1.085225,GRC,POL,5201
2839238,104,177,1246,1997,168629.0,0.0,0.262571,2.31305,IND,POL,5201
2839239,111,177,1246,1997,211398.0,185250.0,1.4860389999999999,1.235674,ITA,POL,5201
2839240,115,177,1246,1997,5847071.0,0.0,0.44044300000000003,-0.10249000000000001,KAZ,POL,5201
2839241,117,177,1246,1997,2063506.0,0.0,0.023634,-0.194868,KGZ,POL,5201
2839242,130,177,1246,1997,402152.0,60613.0,0.377245,0.8823270000000001,LTU,POL,5201
2839243,132,177,1246,1997,400556.0,0.0,0.398848,0.215206,LVA,POL,5201
2839244,168,177,1246,1997,82261.0,0.0,-0.882432,-0.563344,PAK,POL,5201
2839245,179,177,1246,1997,15654.0,0.0,0.379367,1.296551,PRT,POL,5201
2839246,185,177,1246,1997,0.0,34193.0,0.44381000000000004,1.084109,ROU,POL,5201
2839247,190,177,1246,1997,639944.0,0.0,-1.300352,-1.199816,SDN,POL,5201
2839248,206,177,1246,1997,142478.0,9390.0,1.200699,1.318346,SVK,POL,5201
2839249,212,177,1246,1997,309529.0,0.0,-1.046433,-0.9678620000000001,SYR,POL,5201
2839250,214,177,1246,1997,82547.0,0.0,-0.297833,-0.76769,TCD,POL,5201
2839251,217,177,1246,1997,5094200.0,0.0,-0.350646,-0.835419,TJK,POL,5201
2839252,219,177,1246,1997,4615412.0,0.0,-0.554162,-1.042607,TKM,POL,5201
2839253,223,177,1246,1997,160035.0,0.0,-0.24073899999999998,-0.146818,TUN,POL,5201
2839254,226,177,1246,1997,114885.0,0.0,-1.368133,-0.753692,TZA,POL,5201
2839255,227,177,1246,1997,378816.0,0.0,-0.9304819999999999,-0.9731540000000001,UGA,POL,5201
2839256,228,177,1246,1997,65035.0,0.0,0.8502559999999999,0.956254,UKR,POL,5201
2839257,230,177,1246,1997,859050.0,0.0,0.226228,0.29183400000000004,URY,POL,5201
2839258,231,177,1246,1997,229267.0,0.0,1.823511,0.888084,USA,POL,5201
2839259,232,177,1246,1997,92111584.0,0.0,-0.26560700000000004,-0.870447,UZB,POL,5201
2839260,250,177,1246,1997,367487.0,0.0,1.036748,0.851626,ANS,POL,5201
2839261,1,186,1246,1997,157837.0,0.0,0.019025999999999998,-0.351461,AFG,RUS,5201
2839262,15,186,1246,1997,197687.0,66483.0,1.8926189999999998,0.624346,AUT,RUS,5201
2839263,16,186,1246,1997,23536100.0,0.0,0.290957,-0.18282,AZE,RUS,5201
2839264,22,186,1246,1997,0.0,16162637.0,-1.027777,-1.048214,BGD,RUS,5201
2839265,23,186,1246,1997,35779.0,23074.0,0.487041,1.287344,BGR,RUS,5201
2839266,32,186,1246,1997,0.0,11185059.0,0.718336,1.203066,BRA,RUS,5201
2839267,41,186,1246,1997,0.0,200875.0,2.280163,0.597819,CHE,RUS,5201
2839268,43,186,1246,1997,0.0,15384278.0,0.36051300000000003,3.287322,CHN,RUS,5201
2839269,59,186,1246,1997,25597.0,360135.0,1.40651,1.354695,CZE,RUS,5201
2839270,61,186,1246,1997,1369643.0,458711.0,2.293936,-2.2301919999999997,DEU,RUS,5201
2839271,77,186,1246,1997,0.0,648590.0,1.69504,0.8278549999999999,FRA,RUS,5201
2839272,81,186,1246,1997,0.0,2657225.0,1.886353,0.783832,GBR,RUS,5201
2839273,90,186,1246,1997,1143215.0,645728.0,0.229516,1.085225,GRC,RUS,5201
2839274,97,186,1246,1997,0.0,160067.0,0.521942,2.578405,HKG,RUS,5201
2839275,102,186,1246,1997,0.0,259621.0,0.746743,1.577102,HUN,RUS,5201
2839276,103,186,1246,1997,0.0,16866252.0,-0.44080699999999995,1.220104,IDN,RUS,5201
2839277,104,186,1246,1997,31944.0,0.0,0.262571,2.31305,IND,RUS,5201
2839278,106,186,1246,1997,0.0,1351329.0,1.471048,0.8769370000000001,IRL,RUS,5201
2839279,110,186,1246,1997,0.0,228820.0,1.3230030000000002,0.965016,ISR,RUS,5201
2839280,111,186,1246,1997,11105.0,134268.0,1.4860389999999999,1.235674,ITA,RUS,5201
2839281,114,186,1246,1997,0.0,276350.0,2.631846,0.553144,JPN,RUS,5201
2839282,115,186,1246,1997,33655060.0,0.0,0.44044300000000003,-0.10249000000000001,KAZ,RUS,5201
2839283,117,186,1246,1997,1541281.0,0.0,0.023634,-0.194868,KGZ,RUS,5201
2839284,121,186,1246,1997,0.0,23873428.0,1.0478290000000001,1.2874370000000002,KOR,RUS,5201
2839285,124,186,1246,1997,0.0,46539.0,0.334291,0.783104,LBN,RUS,5201
2839286,130,186,1246,1997,766097.0,78696.0,0.377245,0.8823270000000001,LTU,RUS,5201
2839287,132,186,1246,1997,4340464.0,0.0,0.398848,0.215206,LVA,RUS,5201
2839288,134,186,1246,1997,0.0,178852.0,-0.649616,-0.260554,MAR,RUS,5201
2839289,145,186,1246,1997,0.0,27269.0,-0.36035300000000003,-0.862088,MNG,RUS,5201
2839290,162,186,1246,1997,19255.0,0.0,1.267794,1.727888,NLD,RUS,5201
2839291,163,186,1246,1997,1340.0,0.0,1.003945,0.188826,NOR,RUS,5201
2839292,168,186,1246,1997,285582.0,0.0,-0.882432,-0.563344,PAK,RUS,5201
2839293,174,186,1246,1997,0.0,514062.0,-0.24310900000000002,0.085784,PHL,RUS,5201
2839294,179,186,1246,1997,0.0,20209950.0,0.379367,1.296551,PRT,RUS,5201
2839295,189,186,1246,1997,0.0,181346.0,0.659904,1.702849,SCG,RUS,5201
2839296,190,186,1246,1997,1203375.0,0.0,-1.300352,-1.199816,SDN,RUS,5201
2839297,192,186,1246,1997,0.0,25241.0,1.01557,0.360154,SGP,RUS,5201
2839298,206,186,1246,1997,0.0,471451.0,1.200699,1.318346,SVK,RUS,5201
2839299,207,186,1246,1997,0.0,340666.0,1.435765,1.348897,SVN,RUS,5201
2839300,216,186,1246,1997,0.0,5818035.0,0.084875,1.41931,THA,RUS,5201
2839301,217,186,1246,1997,12022129.0,0.0,-0.350646,-0.835419,TJK,RUS,5201
2839302,219,186,1246,1997,2166450.0,0.0,-0.554162,-1.042607,TKM,RUS,5201
2839303,223,186,1246,1997,0.0,173655.0,-0.24073899999999998,-0.146818,TUN,RUS,5201
2839304,224,186,1246,1997,71585.0,271188.0,0.167734,1.5827870000000002,TUR,RUS,5201
2839305,228,186,1246,1997,141123.0,48133.0,0.8502559999999999,0.956254,UKR,RUS,5201
2839306,231,186,1246,1997,6777214.0,175971.0,1.823511,0.888084,USA,RUS,5201
2839307,232,186,1246,1997,233475072.0,0.0,-0.26560700000000004,-0.870447,UZB,RUS,5201
2839308,249,186,1246,1997,0.0,1715947.0,1.317672,1.800561,TWN,RUS,5201
2839309,8,192,1246,1997,107295.0,0.0,0.273654,0.495389,ARG,SGP,5201
2839310,14,192,1246,1997,279020.0,0.0,0.428555,0.798283,AUS,SGP,5201
2839311,18,192,1246,1997,7101.0,0.0,1.4274069999999999,1.490435,BEL,SGP,5201
2839312,21,192,1246,1997,7037333.0,0.0,-0.204096,-0.731299,BFA,SGP,5201
2839313,22,192,1246,1997,0.0,742898.0,-1.027777,-1.048214,BGD,SGP,5201
2839314,32,192,1246,1997,0.0,939146.0,0.718336,1.203066,BRA,SGP,5201
2839315,41,192,1246,1997,0.0,64912.0,2.280163,0.597819,CHE,SGP,5201
2839316,59,192,1246,1997,0.0,22110.0,1.40651,1.354695,CZE,SGP,5201
2839317,81,192,1246,1997,1598.0,0.0,1.886353,0.783832,GBR,SGP,5201
2839318,90,192,1246,1997,54173.0,0.0,0.229516,1.085225,GRC,SGP,5201
2839319,97,192,1246,1997,0.0,707562.0,0.521942,2.578405,HKG,SGP,5201
2839320,103,192,1246,1997,0.0,3661196.0,-0.44080699999999995,1.220104,IDN,SGP,5201
2839321,104,192,1246,1997,1223080.0,0.0,0.262571,2.31305,IND,SGP,5201
2839322,110,192,1246,1997,231522.0,0.0,1.3230030000000002,0.965016,ISR,SGP,5201
2839323,114,192,1246,1997,4037.0,0.0,2.631846,0.553144,JPN,SGP,5201
2839324,138,192,1246,1997,26485.0,0.0,0.603221,0.898488,MEX,SGP,5201
2839325,143,192,1246,1997,855190.0,0.0,-1.595159,-1.09562,MMR,SGP,5201
2839326,153,192,1246,1997,0.0,1605946.0,0.37340999999999996,0.36853600000000003,MYS,SGP,5201
2839327,162,192,1246,1997,0.0,18537.0,1.267794,1.727888,NLD,SGP,5201
2839328,174,192,1246,1997,0.0,281659.0,-0.24310900000000002,0.085784,PHL,SGP,5201
2839329,186,192,1246,1997,25241.0,0.0,0.87377,0.423861,RUS,SGP,5201
2839330,190,192,1246,1997,51395.0,0.0,-1.300352,-1.199816,SDN,SGP,5201
2839331,212,192,1246,1997,108247.0,0.0,-1.046433,-0.9678620000000001,SYR,SGP,5201
2839332,216,192,1246,1997,0.0,1723635.0,0.084875,1.41931,THA,SGP,5201
2839333,224,192,1246,1997,142007.0,0.0,0.167734,1.5827870000000002,TUR,SGP,5201
2839334,226,192,1246,1997,1314239.0,0.0,-1.368133,-0.753692,TZA,SGP,5201
2839335,227,192,1246,1997,169280.0,0.0,-0.9304819999999999,-0.9731540000000001,UGA,SGP,5201
2839336,231,192,1246,1997,161807.0,0.0,1.823511,0.888084,USA,SGP,5201
2839337,249,192,1246,1997,0.0,45921.0,1.317672,1.800561,TWN,SGP,5201
2839338,250,192,1246,1997,30623.0,0.0,1.036748,0.851626,ANS,SGP,5201
2839339,15,206,1246,1997,1346.0,54984.0,1.8926189999999998,0.624346,AUT,SVK,5201
2839340,16,206,1246,1997,326907.0,0.0,0.290957,-0.18282,AZE,SVK,5201
2839341,28,206,1246,1997,150846.0,0.0,0.563179,0.339149,BLR,SVK,5201
2839342,32,206,1246,1997,0.0,26122.0,0.718336,1.203066,BRA,SVK,5201
2839343,41,206,1246,1997,0.0,105841.0,2.280163,0.597819,CHE,SVK,5201
2839344,59,206,1246,1997,1824994.0,336199.0,1.40651,1.354695,CZE,SVK,5201
2839345,61,206,1246,1997,115420.0,414208.0,2.293936,-2.2301919999999997,DEU,SVK,5201
2839346,68,206,1246,1997,2973.0,0.0,-0.314425,0.156345,EGY,SVK,5201
2839347,90,206,1246,1997,298471.0,0.0,0.229516,1.085225,GRC,SVK,5201
2839348,100,206,1246,1997,0.0,61918.0,0.607903,1.147751,HRV,SVK,5201
2839349,103,206,1246,1997,0.0,22377.0,-0.44080699999999995,1.220104,IDN,SVK,5201
2839350,104,206,1246,1997,6888.0,0.0,0.262571,2.31305,IND,SVK,5201
2839351,110,206,1246,1997,66097.0,0.0,1.3230030000000002,0.965016,ISR,SVK,5201
2839352,111,206,1246,1997,113417.0,96643.0,1.4860389999999999,1.235674,ITA,SVK,5201
2839353,115,206,1246,1997,599167.0,0.0,0.44044300000000003,-0.10249000000000001,KAZ,SVK,5201
2839354,117,206,1246,1997,347672.0,0.0,0.023634,-0.194868,KGZ,SVK,5201
2839355,162,206,1246,1997,5361.0,31834.0,1.267794,1.727888,NLD,SVK,5201
2839356,177,206,1246,1997,9390.0,142478.0,0.805559,1.9598520000000001,POL,SVK,5201
2839357,186,206,1246,1997,471451.0,0.0,0.87377,0.423861,RUS,SVK,5201
2839358,217,206,1246,1997,1424572.0,0.0,-0.350646,-0.835419,TJK,SVK,5201
2839359,219,206,1246,1997,414335.0,0.0,-0.554162,-1.042607,TKM,SVK,5201
2839360,231,206,1246,1997,225820.0,0.0,1.823511,0.888084,USA,SVK,5201
2839361,232,206,1246,1997,6922692.0,0.0,-0.26560700000000004,-0.870447,UZB,SVK,5201
2839362,250,206,1246,1997,1125059.0,0.0,1.036748,0.851626,ANS,SVK,5201
2839363,8,207,1246,1997,172894.0,0.0,0.273654,0.495389,ARG,SVN,5201
2839364,15,207,1246,1997,190743.0,0.0,1.8926189999999998,0.624346,AUT,SVN,5201
2839365,16,207,1246,1997,171755.0,0.0,0.290957,-0.18282,AZE,SVN,5201
2839366,19,207,1246,1997,429295.0,0.0,-1.1300780000000001,-0.938398,BEN,SVN,5201
2839367,21,207,1246,1997,685154.0,0.0,-0.204096,-0.731299,BFA,SVN,5201
2839368,44,207,1246,1997,92595.0,0.0,-0.685339,-0.62129,CIV,SVN,5201
2839369,61,207,1246,1997,412524.0,28581.0,2.293936,-2.2301919999999997,DEU,SVN,5201
2839370,68,207,1246,1997,1041685.0,0.0,-0.314425,0.156345,EGY,SVN,5201
2839371,81,207,1246,1997,0.0,54217.0,1.886353,0.783832,GBR,SVN,5201
2839372,90,207,1246,1997,347889.0,0.0,0.229516,1.085225,GRC,SVN,5201
2839373,100,207,1246,1997,0.0,2447.0,0.607903,1.147751,HRV,SVN,5201
2839374,104,207,1246,1997,39532.0,0.0,0.262571,2.31305,IND,SVN,5201
2839375,110,207,1246,1997,683469.0,0.0,1.3230030000000002,0.965016,ISR,SVN,5201
2839376,111,207,1246,1997,722929.0,154761.0,1.4860389999999999,1.235674,ITA,SVN,5201
2839377,115,207,1246,1997,100373.0,0.0,0.44044300000000003,-0.10249000000000001,KAZ,SVN,5201
2839378,132,207,1246,1997,51752.0,0.0,0.398848,0.215206,LVA,SVN,5201
2839379,140,207,1246,1997,28594.0,0.0,0.26327399999999995,0.704879,MKD,SVN,5201
2839380,169,207,1246,1997,21203.0,0.0,-0.028676999999999998,0.00023999999999999998,PAN,SVN,5201
2839381,186,207,1246,1997,340666.0,0.0,0.87377,0.423861,RUS,SVN,5201
2839382,190,207,1246,1997,155528.0,0.0,-1.300352,-1.199816,SDN,SVN,5201
2839383,212,207,1246,1997,196318.0,0.0,-1.046433,-0.9678620000000001,SYR,SVN,5201
2839384,214,207,1246,1997,633836.0,0.0,-0.297833,-0.76769,TCD,SVN,5201
2839385,217,207,1246,1997,2320174.0,0.0,-0.350646,-0.835419,TJK,SVN,5201
2839386,219,207,1246,1997,651569.0,0.0,-0.554162,-1.042607,TKM,SVN,5201
2839387,224,207,1246,1997,502128.0,0.0,0.167734,1.5827870000000002,TUR,SVN,5201
2839388,228,207,1246,1997,79496.0,0.0,0.8502559999999999,0.956254,UKR,SVN,5201
2839389,231,207,1246,1997,16698.0,0.0,1.823511,0.888084,USA,SVN,5201
2839390,232,207,1246,1997,7485362.0,0.0,-0.26560700000000004,-0.870447,UZB,SVN,5201
2839391,248,207,1246,1997,36247.0,0.0,-0.36357399999999995,-0.449161,ZWE,SVN,5201
2839392,2,226,1246,1997,0.0,105964.0,-1.574236,-1.1722219999999999,AGO,TZA,5201
2839393,18,226,1246,1997,0.0,482860.0,1.4274069999999999,1.490435,BEL,TZA,5201
2839394,22,226,1246,1997,0.0,4667170.0,-1.027777,-1.048214,BGD,TZA,5201
2839395,23,226,1246,1997,0.0,322831.0,0.487041,1.287344,BGR,TZA,5201
2839396,41,226,1246,1997,0.0,520694.0,2.280163,0.597819,CHE,TZA,5201
2839397,43,226,1246,1997,0.0,7702522.0,0.36051300000000003,3.287322,CHN,TZA,5201
2839398,52,226,1246,1997,0.0,249157.0,-0.25974200000000003,0.196955,CRI,TZA,5201
2839399,61,226,1246,1997,0.0,25037.0,2.293936,-2.2301919999999997,DEU,TZA,5201
2839400,71,226,1246,1997,0.0,120933.0,1.082049,2.0238650000000002,ESP,TZA,5201
2839401,81,226,1246,1997,0.0,2045891.0,1.886353,0.783832,GBR,TZA,5201
2839402,97,226,1246,1997,0.0,3722612.0,0.521942,2.578405,HKG,TZA,5201
2839403,102,226,1246,1997,0.0,5663.0,0.746743,1.577102,HUN,TZA,5201
2839404,103,226,1246,1997,0.0,31221072.0,-0.44080699999999995,1.220104,IDN,TZA,5201
2839405,104,226,1246,1997,0.0,304911.0,0.262571,2.31305,IND,TZA,5201
2839406,111,226,1246,1997,0.0,917104.0,1.4860389999999999,1.235674,ITA,TZA,5201
2839407,114,226,1246,1997,0.0,47328.0,2.631846,0.553144,JPN,TZA,5201
2839408,116,226,1246,1997,0.0,1618848.0,-0.399028,0.196115,KEN,TZA,5201
2839409,128,226,1246,1997,0.0,1245791.0,-0.925745,-0.308559,LKA,TZA,5201
2839410,134,226,1246,1997,0.0,467165.0,-0.649616,-0.260554,MAR,TZA,5201
2839411,141,226,1246,1997,0.0,340093.0,-1.230276,-1.086769,MLI,TZA,5201
2839412,148,226,1246,1997,0.0,144522.0,-1.7012040000000002,-1.2302799999999998,MRT,TZA,5201
2839413,152,226,1246,1997,29042.0,0.0,-1.24261,-1.1258860000000002,MWI,TZA,5201
2839414,153,226,1246,1997,0.0,7383610.0,0.37340999999999996,0.36853600000000003,MYS,TZA,5201
2839415,168,226,1246,1997,0.0,696087.0,-0.882432,-0.563344,PAK,TZA,5201
2839416,174,226,1246,1997,0.0,882992.0,-0.24310900000000002,0.085784,PHL,TZA,5201
2839417,177,226,1246,1997,0.0,114885.0,0.805559,1.9598520000000001,POL,TZA,5201
2839418,179,226,1246,1997,0.0,7496352.0,0.379367,1.296551,PRT,TZA,5201
2839419,187,226,1246,1997,0.0,281143.0,-0.412674,-0.735488,RWA,TZA,5201
2839420,190,226,1246,1997,0.0,33445.0,-1.300352,-1.199816,SDN,TZA,5201
2839421,192,226,1246,1997,0.0,1314239.0,1.01557,0.360154,SGP,TZA,5201
2839422,216,226,1246,1997,0.0,13879878.0,0.084875,1.41931,THA,TZA,5201
2839423,224,226,1246,1997,0.0,2047045.0,0.167734,1.5827870000000002,TUR,TZA,5201
2839424,227,226,1246,1997,0.0,63378.0,-0.9304819999999999,-0.9731540000000001,UGA,TZA,5201
2839425,239,226,1246,1997,0.0,476138.0,-0.93384,0.06253099999999999,VNM,TZA,5201
2839426,246,226,1246,1997,0.0,471873.0,0.501792,1.1192440000000001,ZAF,TZA,5201
2839427,247,226,1246,1997,0.0,15220.0,-0.62183,-0.809639,ZMB,TZA,5201
2839428,249,226,1246,1997,0.0,14251538.0,1.317672,1.800561,TWN,TZA,5201
2839429,250,226,1246,1997,0.0,173125.0,1.036748,0.851626,ANS,TZA,5201
2839430,15,228,1246,1997,43053.0,108960.0,1.8926189999999998,0.624346,AUT,UKR,5201
2839431,16,228,1246,1997,2136265.0,0.0,0.290957,-0.18282,AZE,UKR,5201
2839432,22,228,1246,1997,0.0,39191.0,-1.027777,-1.048214,BGD,UKR,5201
2839433,23,228,1246,1997,55327.0,280347.0,0.487041,1.287344,BGR,UKR,5201
2839434,41,228,1246,1997,0.0,79326.0,2.280163,0.597819,CHE,UKR,5201
2839435,43,228,1246,1997,0.0,222800.0,0.36051300000000003,3.287322,CHN,UKR,5201
2839436,59,228,1246,1997,0.0,28131.0,1.40651,1.354695,CZE,UKR,5201
2839437,61,228,1246,1997,0.0,124821.0,2.293936,-2.2301919999999997,DEU,UKR,5201
2839438,71,228,1246,1997,0.0,9181.0,1.082049,2.0238650000000002,ESP,UKR,5201
2839439,81,228,1246,1997,42334.0,0.0,1.886353,0.783832,GBR,UKR,5201
2839440,100,228,1246,1997,0.0,23081.0,0.607903,1.147751,HRV,UKR,5201
2839441,102,228,1246,1997,0.0,289209.0,0.746743,1.577102,HUN,UKR,5201
2839442,104,228,1246,1997,205911.0,0.0,0.262571,2.31305,IND,UKR,5201
2839443,110,228,1246,1997,0.0,102182.0,1.3230030000000002,0.965016,ISR,UKR,5201
2839444,111,228,1246,1997,0.0,1069382.0,1.4860389999999999,1.235674,ITA,UKR,5201
2839445,114,228,1246,1997,0.0,241388.0,2.631846,0.553144,JPN,UKR,5201
2839446,115,228,1246,1997,676835.0,0.0,0.44044300000000003,-0.10249000000000001,KAZ,UKR,5201
2839447,117,228,1246,1997,641001.0,0.0,0.023634,-0.194868,KGZ,UKR,5201
2839448,132,228,1246,1997,8977.0,0.0,0.398848,0.215206,LVA,UKR,5201
2839449,177,228,1246,1997,0.0,65035.0,0.805559,1.9598520000000001,POL,UKR,5201
2839450,179,228,1246,1997,0.0,298755.0,0.379367,1.296551,PRT,UKR,5201
2839451,185,228,1246,1997,0.0,369628.0,0.44381000000000004,1.084109,ROU,UKR,5201
2839452,186,228,1246,1997,48133.0,141123.0,0.87377,0.423861,RUS,UKR,5201
2839453,207,228,1246,1997,0.0,79496.0,1.435765,1.348897,SVN,UKR,5201
2839454,217,228,1246,1997,594229.0,0.0,-0.350646,-0.835419,TJK,UKR,5201
2839455,219,228,1246,1997,147982.0,0.0,-0.554162,-1.042607,TKM,UKR,5201
2839456,224,228,1246,1997,136905.0,0.0,0.167734,1.5827870000000002,TUR,UKR,5201
2839457,231,228,1246,1997,6396224.0,0.0,1.823511,0.888084,USA,UKR,5201
2839458,232,228,1246,1997,5924760.0,0.0,-0.26560700000000004,-0.870447,UZB,UKR,5201
2839459,8,249,1246,1997,431996.0,0.0,0.273654,0.495389,ARG,TWN,5201
2839460,14,249,1246,1997,30050218.0,1135.0,0.428555,0.798283,AUS,TWN,5201
2839461,15,249,1246,1997,0.0,28088.0,1.8926189999999998,0.624346,AUT,TWN,5201
2839462,16,249,1246,1997,2053708.0,0.0,0.290957,-0.18282,AZE,TWN,5201
2839463,18,249,1246,1997,16654.0,0.0,1.4274069999999999,1.490435,BEL,TWN,5201
2839464,19,249,1246,1997,8625723.0,0.0,-1.1300780000000001,-0.938398,BEN,TWN,5201
2839465,21,249,1246,1997,17984000.0,0.0,-0.204096,-0.731299,BFA,TWN,5201
2839466,38,249,1246,1997,6216303.0,0.0,-1.192158,-0.902408,CAF,TWN,5201
2839467,41,249,1246,1997,626698.0,0.0,2.280163,0.597819,CHE,TWN,5201
2839468,43,249,1246,1997,2095302.0,94931.0,0.36051300000000003,3.287322,CHN,TWN,5201
2839469,44,249,1246,1997,21016540.0,0.0,-0.685339,-0.62129,CIV,TWN,5201
2839470,45,249,1246,1997,8316701.0,0.0,-1.205482,-1.015714,CMR,TWN,5201
2839471,47,249,1246,1997,248374.0,0.0,-1.58904,-1.1557979999999999,COG,TWN,5201
2839472,68,249,1246,1997,414694.0,0.0,-0.314425,0.156345,EGY,TWN,5201
2839473,71,249,1246,1997,0.0,72096.0,1.082049,2.0238650000000002,ESP,TWN,5201
2839474,77,249,1246,1997,134889.0,0.0,1.69504,0.8278549999999999,FRA,TWN,5201
2839475,81,249,1246,1997,241164.0,0.0,1.886353,0.783832,GBR,TWN,5201
2839476,85,249,1246,1997,2206036.0,0.0,-1.529401,-1.163973,GIN,TWN,5201
2839477,88,249,1246,1997,391156.0,0.0,-1.9366400000000001,-1.000259,GNB,TWN,5201
2839478,96,249,1246,1997,41293.0,0.0,-0.7141810000000001,-0.8589030000000001,GUY,TWN,5201
2839479,97,249,1246,1997,301375.0,20362.0,0.521942,2.578405,HKG,TWN,5201
2839480,103,249,1246,1997,44027.0,726323.0,-0.44080699999999995,1.220104,IDN,TWN,5201
2839481,104,249,1246,1997,18701856.0,0.0,0.262571,2.31305,IND,TWN,5201
2839482,107,249,1246,1997,431710.0,0.0,-0.503841,-0.9984059999999999,IRN,TWN,5201
2839483,114,249,1246,1997,229488.0,0.0,2.631846,0.553144,JPN,TWN,5201
2839484,117,249,1246,1997,141790.0,0.0,0.023634,-0.194868,KGZ,TWN,5201
2839485,121,249,1246,1997,69399.0,0.0,1.0478290000000001,1.2874370000000002,KOR,TWN,5201
2839486,138,249,1246,1997,6157594.0,0.0,0.603221,0.898488,MEX,TWN,5201
2839487,141,249,1246,1997,15850731.0,0.0,-1.230276,-1.086769,MLI,TWN,5201
2839488,143,249,1246,1997,277780.0,0.0,-1.595159,-1.09562,MMR,TWN,5201
2839489,147,249,1246,1997,255803.0,0.0,-0.8600620000000001,-0.9672270000000001,MOZ,TWN,5201
2839490,153,249,1246,1997,0.0,1769507.0,0.37340999999999996,0.36853600000000003,MYS,TWN,5201
2839491,157,249,1246,1997,535081.0,0.0,-0.322358,-0.63647,NER,TWN,5201
2839492,159,249,1246,1997,1150710.0,1410.0,-1.615102,-1.129541,NGA,TWN,5201
2839493,166,249,1246,1997,38677.0,0.0,0.557545,0.731294,NZL,TWN,5201
2839494,168,249,1246,1997,10751359.0,0.0,-0.882432,-0.563344,PAK,TWN,5201
2839495,173,249,1246,1997,3785466.0,0.0,-0.5023880000000001,-0.262563,PER,TWN,5201
2839496,174,249,1246,1997,105111.0,239927.0,-0.24310900000000002,0.085784,PHL,TWN,5201
2839497,186,249,1246,1997,1715947.0,0.0,0.87377,0.423861,RUS,TWN,5201
2839498,190,249,1246,1997,672392.0,0.0,-1.300352,-1.199816,SDN,TWN,5201
2839499,191,249,1246,1997,3015870.0,0.0,-0.606205,-0.727753,SEN,TWN,5201
2839500,192,249,1246,1997,45921.0,0.0,1.01557,0.360154,SGP,TWN,5201
2839501,212,249,1246,1997,3438708.0,0.0,-1.046433,-0.9678620000000001,SYR,TWN,5201
2839502,214,249,1246,1997,4857788.0,0.0,-0.297833,-0.76769,TCD,TWN,5201
2839503,215,249,1246,1997,20731182.0,0.0,-0.974678,-0.8150350000000001,TGO,TWN,5201
2839504,216,249,1246,1997,22291.0,220777.0,0.084875,1.41931,THA,TWN,5201
2839505,219,249,1246,1997,550213.0,0.0,-0.554162,-1.042607,TKM,TWN,5201
2839506,224,249,1246,1997,68356.0,256425.0,0.167734,1.5827870000000002,TUR,TWN,5201
2839507,226,249,1246,1997,14251538.0,0.0,-1.368133,-0.753692,TZA,TWN,5201
2839508,227,249,1246,1997,2260876.0,0.0,-0.9304819999999999,-0.9731540000000001,UGA,TWN,5201
2839509,231,249,1246,1997,111381944.0,0.0,1.823511,0.888084,USA,TWN,5201
2839510,232,249,1246,1997,21435010.0,0.0,-0.26560700000000004,-0.870447,UZB,TWN,5201
2839511,243,249,1246,1997,542672.0,0.0,-1.7204130000000002,-1.242057,YEM,TWN,5201
2839512,246,249,1246,1997,1406337.0,382090.0,0.501792,1.1192440000000001,ZAF,TWN,5201
2839513,247,249,1246,1997,7851152.0,0.0,-0.62183,-0.809639,ZMB,TWN,5201
2839514,248,249,1246,1997,10104408.0,0.0,-0.36357399999999995,-0.449161,ZWE,TWN,5201
2839515,250,249,1246,1997,919774.0,0.0,1.036748,0.851626,ANS,TWN,5201
2839516,18,8,1246,1997,20716.0,1573967.0,1.4274069999999999,1.490435,BEL,ARG,5201
2839517,22,8,1246,1997,0.0,670058.0,-1.027777,-1.048214,BGD,ARG,5201
2839518,32,8,1246,1997,188629.0,253684560.0,0.718336,1.203066,BRA,ARG,5201
2839519,42,8,1246,1997,0.0,33226064.0,0.002791,-0.030604000000000003,CHL,ARG,5201
2839520,43,8,1246,1997,0.0,310817.0,0.36051300000000003,3.287322,CHN,ARG,5201
2839521,49,8,1246,1997,0.0,4992257.0,0.190632,0.068001,COL,ARG,5201
2839522,61,8,1246,1997,0.0,601071.0,2.293936,-2.2301919999999997,DEU,ARG,5201
2839523,64,8,1246,1997,0.0,861006.0,1.358279,1.420107,DNK,ARG,5201
2839524,71,8,1246,1997,0.0,5825636.0,1.082049,2.0238650000000002,ESP,ARG,5201
2839525,77,8,1246,1997,269008.0,258424.0,1.69504,0.8278549999999999,FRA,ARG,5201
2839526,81,8,1246,1997,0.0,244918.0,1.886353,0.783832,GBR,ARG,5201
2839527,93,8,1246,1997,0.0,363419.0,-0.310042,0.2096,GTM,ARG,5201
2839528,97,8,1246,1997,0.0,685772.0,0.521942,2.578405,HKG,ARG,5201
2839529,102,8,1246,1997,0.0,48106.0,0.746743,1.577102,HUN,ARG,5201
2839530,103,8,1246,1997,0.0,4223299.0,-0.44080699999999995,1.220104,IDN,ARG,5201
2839531,104,8,1246,1997,15462.0,0.0,0.262571,2.31305,IND,ARG,5201
2839532,111,8,1246,1997,77532.0,1230230.0,1.4860389999999999,1.235674,ITA,ARG,5201
2839533,114,8,1246,1997,0.0,4577650.0,2.631846,0.553144,JPN,ARG,5201
2839534,121,8,1246,1997,0.0,124035.0,1.0478290000000001,1.2874370000000002,KOR,ARG,5201
2839535,134,8,1246,1997,0.0,4390070.0,-0.649616,-0.260554,MAR,ARG,5201
2839536,153,8,1246,1997,0.0,232916.0,0.37340999999999996,0.36853600000000003,MYS,ARG,5201
2839537,168,8,1246,1997,193799.0,0.0,-0.882432,-0.563344,PAK,ARG,5201
2839538,173,8,1246,1997,0.0,2634417.0,-0.5023880000000001,-0.262563,PER,ARG,5201
2839539,174,8,1246,1997,0.0,551502.0,-0.24310900000000002,0.085784,PHL,ARG,5201
2839540,177,8,1246,1997,0.0,332525.0,0.805559,1.9598520000000001,POL,ARG,5201
2839541,179,8,1246,1997,0.0,1530884.0,0.379367,1.296551,PRT,ARG,5201
2839542,180,8,1246,1997,48852.0,3110118.0,-0.44951,-0.818817,PRY,ARG,5201
2839543,189,8,1246,1997,0.0,12438.0,0.659904,1.702849,SCG,ARG,5201
2839544,192,8,1246,1997,0.0,107295.0,1.01557,0.360154,SGP,ARG,5201
2839545,207,8,1246,1997,0.0,172894.0,1.435765,1.348897,SVN,ARG,5201
2839546,216,8,1246,1997,0.0,2755941.0,0.084875,1.41931,THA,ARG,5201
2839547,223,8,1246,1997,0.0,8201.0,-0.24073899999999998,-0.146818,TUN,ARG,5201
2839548,230,8,1246,1997,70440.0,1696058.0,0.226228,0.29183400000000004,URY,ARG,5201
2839549,231,8,1246,1997,1447730.0,0.0,1.823511,0.888084,USA,ARG,5201
2839550,249,8,1246,1997,0.0,431996.0,1.317672,1.800561,TWN,ARG,5201
2839551,22,17,1246,1997,0.0,2072109.0,-1.027777,-1.048214,BGD,BDI,5201
2839552,216,17,1246,1997,0.0,251203.0,0.084875,1.41931,THA,BDI,5201
2839553,18,44,1246,1997,0.0,440854.0,1.4274069999999999,1.490435,BEL,CIV,5201
2839554,21,44,1246,1997,167432.0,0.0,-0.204096,-0.731299,BFA,CIV,5201
2839555,22,44,1246,1997,0.0,801164.0,-1.027777,-1.048214,BGD,CIV,5201
2839556,32,44,1246,1997,0.0,8932471.0,0.718336,1.203066,BRA,CIV,5201
2839557,41,44,1246,1997,0.0,121485.0,2.280163,0.597819,CHE,CIV,5201
2839558,43,44,1246,1997,0.0,14788848.0,0.36051300000000003,3.287322,CHN,CIV,5201
2839559,49,44,1246,1997,0.0,155983.0,0.190632,0.068001,COL,CIV,5201
2839560,59,44,1246,1997,0.0,279102.0,1.40651,1.354695,CZE,CIV,5201
2839561,61,44,1246,1997,0.0,208770.0,2.293936,-2.2301919999999997,DEU,CIV,5201
2839562,71,44,1246,1997,0.0,122309.0,1.082049,2.0238650000000002,ESP,CIV,5201
2839563,77,44,1246,1997,996.0,5878044.0,1.69504,0.8278549999999999,FRA,CIV,5201
2839564,85,44,1246,1997,0.0,939.0,-1.529401,-1.163973,GIN,CIV,5201
2839565,90,44,1246,1997,0.0,1686548.0,0.229516,1.085225,GRC,CIV,5201
2839566,103,44,1246,1997,0.0,19579390.0,-0.44080699999999995,1.220104,IDN,CIV,5201
2839567,106,44,1246,1997,0.0,165918.0,1.471048,0.8769370000000001,IRL,CIV,5201
2839568,110,44,1246,1997,0.0,50043.0,1.3230030000000002,0.965016,ISR,CIV,5201
2839569,111,44,1246,1997,0.0,17537140.0,1.4860389999999999,1.235674,ITA,CIV,5201
2839570,114,44,1246,1997,0.0,1350059.0,2.631846,0.553144,JPN,CIV,5201
2839571,121,44,1246,1997,0.0,3665608.0,1.0478290000000001,1.2874370000000002,KOR,CIV,5201
2839572,134,44,1246,1997,0.0,1284177.0,-0.649616,-0.260554,MAR,CIV,5201
2839573,141,44,1246,1997,250326.0,2184.0,-1.230276,-1.086769,MLI,CIV,5201
2839574,151,44,1246,1997,0.0,1074621.0,-0.49241,-0.695729,MUS,CIV,5201
2839575,153,44,1246,1997,0.0,20510160.0,0.37340999999999996,0.36853600000000003,MYS,CIV,5201
2839576,174,44,1246,1997,0.0,5564986.0,-0.24310900000000002,0.085784,PHL,CIV,5201
2839577,178,44,1246,1997,0.0,144766.0,0.701604,0.649257,PRK,CIV,5201
2839578,179,44,1246,1997,0.0,1901504.0,0.379367,1.296551,PRT,CIV,5201
2839579,207,44,1246,1997,0.0,92595.0,1.435765,1.348897,SVN,CIV,5201
2839580,216,44,1246,1997,0.0,13636873.0,0.084875,1.41931,THA,CIV,5201
2839581,223,44,1246,1997,0.0,305641.0,-0.24073899999999998,-0.146818,TUN,CIV,5201
2839582,224,44,1246,1997,0.0,799489.0,0.167734,1.5827870000000002,TUR,CIV,5201
2839583,239,44,1246,1997,0.0,763577.0,-0.93384,0.06253099999999999,VNM,CIV,5201
2839584,246,44,1246,1997,0.0,1242866.0,0.501792,1.1192440000000001,ZAF,CIV,5201
2839585,249,44,1246,1997,0.0,21016540.0,1.317672,1.800561,TWN,CIV,5201
2839586,18,45,1246,1997,27555.0,370839.0,1.4274069999999999,1.490435,BEL,CMR,5201
2839587,22,45,1246,1997,0.0,1730268.0,-1.027777,-1.048214,BGD,CMR,5201
2839588,32,45,1246,1997,0.0,10766391.0,0.718336,1.203066,BRA,CMR,5201
2839589,39,45,1246,1997,0.0,179425.0,1.109494,1.178772,CAN,CMR,5201
2839590,43,45,1246,1997,0.0,19313144.0,0.36051300000000003,3.287322,CHN,CMR,5201
2839591,61,45,1246,1997,0.0,331576.0,2.293936,-2.2301919999999997,DEU,CMR,5201
2839592,71,45,1246,1997,0.0,4793074.0,1.082049,2.0238650000000002,ESP,CMR,5201
2839593,77,45,1246,1997,12895.0,65199.0,1.69504,0.8278549999999999,FRA,CMR,5201
2839594,81,45,1246,1997,0.0,767756.0,1.886353,0.783832,GBR,CMR,5201
2839595,97,45,1246,1997,0.0,956727.0,0.521942,2.578405,HKG,CMR,5201
2839596,103,45,1246,1997,0.0,2584254.0,-0.44080699999999995,1.220104,IDN,CMR,5201
2839597,104,45,1246,1997,0.0,159203.0,0.262571,2.31305,IND,CMR,5201
2839598,106,45,1246,1997,0.0,222628.0,1.471048,0.8769370000000001,IRL,CMR,5201
2839599,111,45,1246,1997,0.0,5483078.0,1.4860389999999999,1.235674,ITA,CMR,5201
2839600,114,45,1246,1997,0.0,377101.0,2.631846,0.553144,JPN,CMR,5201
2839601,134,45,1246,1997,0.0,2048871.0,-0.649616,-0.260554,MAR,CMR,5201
2839602,138,45,1246,1997,0.0,5381866.0,0.603221,0.898488,MEX,CMR,5201
2839603,151,45,1246,1997,0.0,3055692.0,-0.49241,-0.695729,MUS,CMR,5201
2839604,153,45,1246,1997,0.0,5451330.0,0.37340999999999996,0.36853600000000003,MYS,CMR,5201
2839605,159,45,1246,1997,0.0,109704.0,-1.615102,-1.129541,NGA,CMR,5201
2839606,174,45,1246,1997,0.0,905086.0,-0.24310900000000002,0.085784,PHL,CMR,5201
2839607,179,45,1246,1997,6943.0,12064564.0,0.379367,1.296551,PRT,CMR,5201
2839608,189,45,1246,1997,0.0,13802.0,0.659904,1.702849,SCG,CMR,5201
2839609,203,45,1246,1997,0.0,133195.0,0.747713,-0.46550699999999995,STP,CMR,5201
2839610,216,45,1246,1997,0.0,12197438.0,0.084875,1.41931,THA,CMR,5201
2839611,223,45,1246,1997,0.0,4855701.0,-0.24073899999999998,-0.146818,TUN,CMR,5201
2839612,231,45,1246,1997,0.0,2136.0,1.823511,0.888084,USA,CMR,5201
2839613,239,45,1246,1997,0.0,1882392.0,-0.93384,0.06253099999999999,VNM,CMR,5201
2839614,246,45,1246,1997,0.0,177101.0,0.501792,1.1192440000000001,ZAF,CMR,5201
2839615,249,45,1246,1997,0.0,8316701.0,1.317672,1.800561,TWN,CMR,5201
2839616,179,51,1246,1997,4614.0,24552.0,0.379367,1.296551,PRT,CPV,5201
2839617,103,73,1246,1997,0.0,40858.0,-0.44080699999999995,1.220104,IDN,ETH,5201
2839618,77,80,1246,1997,1155.0,0.0,1.69504,0.8278549999999999,FRA,GAB,5201
2839619,103,80,1246,1997,0.0,413555.0,-0.44080699999999995,1.220104,IDN,GAB,5201
2839620,21,83,1246,1997,40089.0,0.0,-0.204096,-0.731299,BFA,GHA,5201
2839621,23,83,1246,1997,7252.0,0.0,0.487041,1.287344,BGR,GHA,5201
2839622,61,83,1246,1997,0.0,2874.0,2.293936,-2.2301919999999997,DEU,GHA,5201
2839623,106,83,1246,1997,0.0,1173466.0,1.471048,0.8769370000000001,IRL,GHA,5201
2839624,159,83,1246,1997,31521.0,0.0,-1.615102,-1.129541,NGA,GHA,5201
2839625,81,116,1246,1997,0.0,1076104.0,1.886353,0.783832,GBR,KEN,5201
2839626,111,116,1246,1997,0.0,64061.0,1.4860389999999999,1.235674,ITA,KEN,5201
2839627,153,116,1246,1997,0.0,1087204.0,0.37340999999999996,0.36853600000000003,MYS,KEN,5201
2839628,226,116,1246,1997,1618848.0,0.0,-1.368133,-0.753692,TZA,KEN,5201
2839629,227,116,1246,1997,88750.0,20425.0,-0.9304819999999999,-0.9731540000000001,UGA,KEN,5201
2839630,250,116,1246,1997,0.0,111050.0,1.036748,0.851626,ANS,KEN,5201
2839631,8,134,1246,1997,4390070.0,0.0,0.273654,0.495389,ARG,MAR,5201
2839632,18,134,1246,1997,988713.0,0.0,1.4274069999999999,1.490435,BEL,MAR,5201
2839633,19,134,1246,1997,19928192.0,0.0,-1.1300780000000001,-0.938398,BEN,MAR,5201
2839634,21,134,1246,1997,2614271.0,0.0,-0.204096,-0.731299,BFA,MAR,5201
2839635,38,134,1246,1997,471894.0,0.0,-1.192158,-0.902408,CAF,MAR,5201
2839636,41,134,1246,1997,118941.0,0.0,2.280163,0.597819,CHE,MAR,5201
2839637,44,134,1246,1997,1284177.0,0.0,-0.685339,-0.62129,CIV,MAR,5201
2839638,45,134,1246,1997,2048871.0,0.0,-1.205482,-1.015714,CMR,MAR,5201
2839639,71,134,1246,1997,999644.0,0.0,1.082049,2.0238650000000002,ESP,MAR,5201
2839640,77,134,1246,1997,463408.0,0.0,1.69504,0.8278549999999999,FRA,MAR,5201
2839641,85,134,1246,1997,965474.0,0.0,-1.529401,-1.163973,GIN,MAR,5201
2839642,90,134,1246,1997,693365.0,0.0,0.229516,1.085225,GRC,MAR,5201
2839643,104,134,1246,1997,638949.0,0.0,0.262571,2.31305,IND,MAR,5201
2839644,106,134,1246,1997,0.0,2505352.0,1.471048,0.8769370000000001,IRL,MAR,5201
2839645,111,134,1246,1997,33953.0,94604.0,1.4860389999999999,1.235674,ITA,MAR,5201
2839646,114,134,1246,1997,0.0,143046.0,2.631846,0.553144,JPN,MAR,5201
2839647,141,134,1246,1997,3770972.0,0.0,-1.230276,-1.086769,MLI,MAR,5201
2839648,159,134,1246,1997,1045301.0,0.0,-1.615102,-1.129541,NGA,MAR,5201
2839649,168,134,1246,1997,123319.0,0.0,-0.882432,-0.563344,PAK,MAR,5201
2839650,179,134,1246,1997,0.0,31864.0,0.379367,1.296551,PRT,MAR,5201
2839651,186,134,1246,1997,178852.0,0.0,0.87377,0.423861,RUS,MAR,5201
2839652,191,134,1246,1997,1092577.0,0.0,-0.606205,-0.727753,SEN,MAR,5201
2839653,212,134,1246,1997,17669310.0,0.0,-1.046433,-0.9678620000000001,SYR,MAR,5201
2839654,214,134,1246,1997,2032404.0,0.0,-0.297833,-0.76769,TCD,MAR,5201
2839655,215,134,1246,1997,806426.0,0.0,-0.974678,-0.8150350000000001,TGO,MAR,5201
2839656,216,134,1246,1997,0.0,251807.0,0.084875,1.41931,THA,MAR,5201
2839657,224,134,1246,1997,94044.0,0.0,0.167734,1.5827870000000002,TUR,MAR,5201
2839658,226,134,1246,1997,467165.0,0.0,-1.368133,-0.753692,TZA,MAR,5201
2839659,227,134,1246,1997,35099.0,0.0,-0.9304819999999999,-0.9731540000000001,UGA,MAR,5201
2839660,231,134,1246,1997,32709.0,0.0,1.823511,0.888084,USA,MAR,5201
2839661,232,134,1246,1997,3184078.0,0.0,-0.26560700000000004,-0.870447,UZB,MAR,5201
2839662,81,152,1246,1997,0.0,58105.0,1.886353,0.783832,GBR,MWI,5201
2839663,103,152,1246,1997,0.0,78457.0,-0.44080699999999995,1.220104,IDN,MWI,5201
2839664,111,152,1246,1997,0.0,332314.0,1.4860389999999999,1.235674,ITA,MWI,5201
2839665,179,152,1246,1997,0.0,30401.0,0.379367,1.296551,PRT,MWI,5201
2839666,216,152,1246,1997,0.0,1484272.0,0.084875,1.41931,THA,MWI,5201
2839667,226,152,1246,1997,0.0,29042.0,-1.368133,-0.753692,TZA,MWI,5201
2839668,246,152,1246,1997,26395.0,5017253.0,0.501792,1.1192440000000001,ZAF,MWI,5201
2839669,247,152,1246,1997,0.0,150078.0,-0.62183,-0.809639,ZMB,MWI,5201
2839670,248,152,1246,1997,0.0,2614348.0,-0.36357399999999995,-0.449161,ZWE,MWI,5201
2839671,8,173,1246,1997,2634417.0,0.0,0.273654,0.495389,ARG,PER,5201
2839672,18,173,1246,1997,0.0,116180.0,1.4274069999999999,1.490435,BEL,PER,5201
2839673,22,173,1246,1997,0.0,90001.0,-1.027777,-1.048214,BGD,PER,5201
2839674,31,173,1246,1997,32552316.0,0.0,-0.697563,-0.8841479999999999,BOL,PER,5201
2839675,32,173,1246,1997,0.0,804696.0,0.718336,1.203066,BRA,PER,5201
2839676,42,173,1246,1997,0.0,1352623.0,0.002791,-0.030604000000000003,CHL,PER,5201
2839677,43,173,1246,1997,0.0,7137438.0,0.36051300000000003,3.287322,CHN,PER,5201
2839678,49,173,1246,1997,0.0,1319263.0,0.190632,0.068001,COL,PER,5201
2839679,59,173,1246,1997,0.0,95131.0,1.40651,1.354695,CZE,PER,5201
2839680,61,173,1246,1997,0.0,362567.0,2.293936,-2.2301919999999997,DEU,PER,5201
2839681,64,173,1246,1997,0.0,586898.0,1.358279,1.420107,DNK,PER,5201
2839682,67,173,1246,1997,0.0,11383.0,-1.1931690000000001,-1.0139690000000001,ECU,PER,5201
2839683,71,173,1246,1997,0.0,39168.0,1.082049,2.0238650000000002,ESP,PER,5201
2839684,97,173,1246,1997,0.0,1204494.0,0.521942,2.578405,HKG,PER,5201
2839685,103,173,1246,1997,0.0,458986.0,-0.44080699999999995,1.220104,IDN,PER,5201
2839686,111,173,1246,1997,0.0,4719340.0,1.4860389999999999,1.235674,ITA,PER,5201
2839687,114,173,1246,1997,0.0,2867175.0,2.631846,0.553144,JPN,PER,5201
2839688,121,173,1246,1997,0.0,3182656.0,1.0478290000000001,1.2874370000000002,KOR,PER,5201
2839689,162,173,1246,1997,0.0,151893.0,1.267794,1.727888,NLD,PER,5201
2839690,168,173,1246,1997,0.0,169268.0,-0.882432,-0.563344,PAK,PER,5201
2839691,216,173,1246,1997,0.0,971646.0,0.084875,1.41931,THA,PER,5201
2839692,231,173,1246,1997,14526841.0,0.0,1.823511,0.888084,USA,PER,5201
2839693,236,173,1246,1997,0.0,103641.0,0.21363200000000002,-0.668341,VEN,PER,5201
2839694,246,173,1246,1997,0.0,166678.0,0.501792,1.1192440000000001,ZAF,PER,5201
2839695,249,173,1246,1997,0.0,3785466.0,1.317672,1.800561,TWN,PER,5201
2839696,7,247,1246,1997,0.0,8571578.0,-0.042154000000000004,-0.667389,ARE,ZMB,5201
2839697,43,247,1246,1997,0.0,249880.0,0.36051300000000003,3.287322,CHN,ZMB,5201
2839698,46,247,1246,1997,0.0,147769.0,-1.274443,-1.073668,COD,ZMB,5201
2839699,47,247,1246,1997,0.0,6293.0,-1.58904,-1.1557979999999999,COG,ZMB,5201
2839700,61,247,1246,1997,0.0,19058.0,2.293936,-2.2301919999999997,DEU,ZMB,5201
2839701,97,247,1246,1997,0.0,1035111.0,0.521942,2.578405,HKG,ZMB,5201
2839702,103,247,1246,1997,0.0,1100507.0,-0.44080699999999995,1.220104,IDN,ZMB,5201
2839703,111,247,1246,1997,0.0,143567.0,1.4860389999999999,1.235674,ITA,ZMB,5201
2839704,151,247,1246,1997,0.0,1037454.0,-0.49241,-0.695729,MUS,ZMB,5201
2839705,152,247,1246,1997,150078.0,0.0,-1.24261,-1.1258860000000002,MWI,ZMB,5201
2839706,153,247,1246,1997,0.0,1489338.0,0.37340999999999996,0.36853600000000003,MYS,ZMB,5201
2839707,216,247,1246,1997,0.0,844821.0,0.084875,1.41931,THA,ZMB,5201
2839708,226,247,1246,1997,15220.0,0.0,-1.368133,-0.753692,TZA,ZMB,5201
2839709,246,247,1246,1997,0.0,9660467.0,0.501792,1.1192440000000001,ZAF,ZMB,5201
2839710,248,247,1246,1997,0.0,212425.0,-0.36357399999999995,-0.449161,ZWE,ZMB,5201
2839711,249,247,1246,1997,0.0,7851152.0,1.317672,1.800561,TWN,ZMB,5201
2839712,82,9,1246,1997,21009.0,0.0,0.304927,-0.082,GEO,ARM,5201
2839713,107,9,1246,1997,23992.0,0.0,-0.503841,-0.9984059999999999,IRN,ARM,5201
2839714,9,82,1246,1997,0.0,21009.0,1.178568,0.331529,ARM,GEO,5201
2839715,16,82,1246,1997,211181.0,3407.0,0.290957,-0.18282,AZE,GEO,5201
2839716,23,82,1246,1997,1755.0,0.0,0.487041,1.287344,BGR,GEO,5201
2839717,71,82,1246,1997,0.0,268679.0,1.082049,2.0238650000000002,ESP,GEO,5201
2839718,189,82,1246,1997,0.0,12540.0,0.659904,1.702849,SCG,GEO,5201
2839719,224,82,1246,1997,0.0,287994.0,0.167734,1.5827870000000002,TUR,GEO,5201
2839720,15,100,1246,1997,178828.0,0.0,1.8926189999999998,0.624346,AUT,HRV,5201
2839721,21,100,1246,1997,111772.0,0.0,-0.204096,-0.731299,BFA,HRV,5201
2839722,23,100,1246,1997,17688.0,0.0,0.487041,1.287344,BGR,HRV,5201
2839723,26,100,1246,1997,1846.0,0.0,0.459512,0.194939,BIH,HRV,5201
2839724,28,100,1246,1997,77281.0,0.0,0.563179,0.339149,BLR,HRV,5201
2839725,59,100,1246,1997,8540.0,0.0,1.40651,1.354695,CZE,HRV,5201
2839726,61,100,1246,1997,440787.0,0.0,2.293936,-2.2301919999999997,DEU,HRV,5201
2839727,68,100,1246,1997,132440.0,0.0,-0.314425,0.156345,EGY,HRV,5201
2839728,90,100,1246,1997,286872.0,0.0,0.229516,1.085225,GRC,HRV,5201
2839729,110,100,1246,1997,917784.0,0.0,1.3230030000000002,0.965016,ISR,HRV,5201
2839730,111,100,1246,1997,536522.0,0.0,1.4860389999999999,1.235674,ITA,HRV,5201
2839731,115,100,1246,1997,88394.0,0.0,0.44044300000000003,-0.10249000000000001,KAZ,HRV,5201
2839732,117,100,1246,1997,140115.0,0.0,0.023634,-0.194868,KGZ,HRV,5201
2839733,190,100,1246,1997,522437.0,0.0,-1.300352,-1.199816,SDN,HRV,5201
2839734,206,100,1246,1997,61918.0,0.0,1.200699,1.318346,SVK,HRV,5201
2839735,207,100,1246,1997,2447.0,0.0,1.435765,1.348897,SVN,HRV,5201
2839736,214,100,1246,1997,1278389.0,0.0,-0.297833,-0.76769,TCD,HRV,5201
2839737,217,100,1246,1997,394958.0,0.0,-0.350646,-0.835419,TJK,HRV,5201
2839738,219,100,1246,1997,39044.0,0.0,-0.554162,-1.042607,TKM,HRV,5201
2839739,224,100,1246,1997,3949.0,0.0,0.167734,1.5827870000000002,TUR,HRV,5201
2839740,228,100,1246,1997,23081.0,0.0,0.8502559999999999,0.956254,UKR,HRV,5201
2839741,232,100,1246,1997,5132213.0,0.0,-0.26560700000000004,-0.870447,UZB,HRV,5201
2839742,23,135,1246,1997,9838.0,0.0,0.487041,1.287344,BGR,MDA,5201
2839743,185,135,1246,1997,0.0,4946.0,0.44381000000000004,1.084109,ROU,MDA,5201
2839744,111,142,1246,1997,5027.0,0.0,1.4860389999999999,1.235674,ITA,MLT,5201
2839745,168,142,1246,1997,1424.0,0.0,-0.882432,-0.563344,PAK,MLT,5201
2839746,15,185,1246,1997,906098.0,0.0,1.8926189999999998,0.624346,AUT,ROU,5201
2839747,16,185,1246,1997,1575595.0,0.0,0.290957,-0.18282,AZE,ROU,5201
2839748,41,185,1246,1997,430978.0,0.0,2.280163,0.597819,CHE,ROU,5201
2839749,61,185,1246,1997,238701.0,0.0,2.293936,-2.2301919999999997,DEU,ROU,5201
2839750,64,185,1246,1997,26836.0,0.0,1.358279,1.420107,DNK,ROU,5201
2839751,68,185,1246,1997,305876.0,0.0,-0.314425,0.156345,EGY,ROU,5201
2839752,77,185,1246,1997,26979.0,0.0,1.69504,0.8278549999999999,FRA,ROU,5201
2839753,90,185,1246,1997,5144266.0,0.0,0.229516,1.085225,GRC,ROU,5201
2839754,102,185,1246,1997,899836.0,19141.0,0.746743,1.577102,HUN,ROU,5201
2839755,103,185,1246,1997,0.0,417632.0,-0.44080699999999995,1.220104,IDN,ROU,5201
2839756,104,185,1246,1997,39870.0,0.0,0.262571,2.31305,IND,ROU,5201
2839757,106,185,1246,1997,120418.0,0.0,1.471048,0.8769370000000001,IRL,ROU,5201
2839758,110,185,1246,1997,239313.0,0.0,1.3230030000000002,0.965016,ISR,ROU,5201
2839759,111,185,1246,1997,3706.0,0.0,1.4860389999999999,1.235674,ITA,ROU,5201
2839760,115,185,1246,1997,435415.0,0.0,0.44044300000000003,-0.10249000000000001,KAZ,ROU,5201
2839761,117,185,1246,1997,928124.0,0.0,0.023634,-0.194868,KGZ,ROU,5201
2839762,132,185,1246,1997,397399.0,0.0,0.398848,0.215206,LVA,ROU,5201
2839763,135,185,1246,1997,4946.0,0.0,0.148579,-0.334685,MDA,ROU,5201
2839764,140,185,1246,1997,144812.0,0.0,0.26327399999999995,0.704879,MKD,ROU,5201
2839765,162,185,1246,1997,59438.0,0.0,1.267794,1.727888,NLD,ROU,5201
2839766,177,185,1246,1997,34193.0,0.0,0.805559,1.9598520000000001,POL,ROU,5201
2839767,190,185,1246,1997,255795.0,0.0,-1.300352,-1.199816,SDN,ROU,5201
2839768,212,185,1246,1997,370566.0,0.0,-1.046433,-0.9678620000000001,SYR,ROU,5201
2839769,217,185,1246,1997,5692790.0,0.0,-0.350646,-0.835419,TJK,ROU,5201
2839770,219,185,1246,1997,1644523.0,0.0,-0.554162,-1.042607,TKM,ROU,5201
2839771,224,185,1246,1997,1120237.0,20299.0,0.167734,1.5827870000000002,TUR,ROU,5201
2839772,228,185,1246,1997,369628.0,0.0,0.8502559999999999,0.956254,UKR,ROU,5201
2839773,231,185,1246,1997,670612.0,0.0,1.823511,0.888084,USA,ROU,5201
2839774,232,185,1246,1997,21300488.0,0.0,-0.26560700000000004,-0.870447,UZB,ROU,5201
2839775,8,189,1246,1997,12438.0,0.0,0.273654,0.495389,ARG,SCG,5201
2839776,15,189,1246,1997,100970.0,0.0,1.8926189999999998,0.624346,AUT,SCG,5201
2839777,16,189,1246,1997,37389.0,0.0,0.290957,-0.18282,AZE,SCG,5201
2839778,23,189,1246,1997,3359156.0,0.0,0.487041,1.287344,BGR,SCG,5201
2839779,28,189,1246,1997,68641.0,0.0,0.563179,0.339149,BLR,SCG,5201
2839780,45,189,1246,1997,13802.0,0.0,-1.205482,-1.015714,CMR,SCG,5201
2839781,68,189,1246,1997,451194.0,0.0,-0.314425,0.156345,EGY,SCG,5201
2839782,82,189,1246,1997,12540.0,0.0,0.304927,-0.082,GEO,SCG,5201
2839783,90,189,1246,1997,2132124.0,0.0,0.229516,1.085225,GRC,SCG,5201
2839784,102,189,1246,1997,63724.0,0.0,0.746743,1.577102,HUN,SCG,5201
2839785,110,189,1246,1997,37416.0,0.0,1.3230030000000002,0.965016,ISR,SCG,5201
2839786,111,189,1246,1997,21379.0,0.0,1.4860389999999999,1.235674,ITA,SCG,5201
2839787,115,189,1246,1997,328749.0,0.0,0.44044300000000003,-0.10249000000000001,KAZ,SCG,5201
2839788,130,189,1246,1997,52614.0,0.0,0.377245,0.8823270000000001,LTU,SCG,5201
2839789,140,189,1246,1997,0.0,41268.0,0.26327399999999995,0.704879,MKD,SCG,5201
2839790,186,189,1246,1997,181346.0,0.0,0.87377,0.423861,RUS,SCG,5201
2839791,190,189,1246,1997,210125.0,0.0,-1.300352,-1.199816,SDN,SCG,5201
2839792,217,189,1246,1997,832817.0,0.0,-0.350646,-0.835419,TJK,SCG,5201
2839793,232,189,1246,1997,7513344.0,0.0,-0.26560700000000004,-0.870447,UZB,SCG,5201
2839794,15,212,1246,1997,0.0,4529631.0,1.8926189999999998,0.624346,AUT,SYR,5201
2839795,18,212,1246,1997,11512.0,12975206.0,1.4274069999999999,1.490435,BEL,SYR,5201
2839796,59,212,1246,1997,0.0,2430252.0,1.40651,1.354695,CZE,SYR,5201
2839797,61,212,1246,1997,0.0,8876127.0,2.293936,-2.2301919999999997,DEU,SYR,5201
2839798,64,212,1246,1997,0.0,73048.0,1.358279,1.420107,DNK,SYR,5201
2839799,66,212,1246,1997,0.0,9023693.0,-0.717599,-1.126311,DZA,SYR,5201
2839800,68,212,1246,1997,0.0,714724.0,-0.314425,0.156345,EGY,SYR,5201
2839801,71,212,1246,1997,0.0,16751076.0,1.082049,2.0238650000000002,ESP,SYR,5201
2839802,72,212,1246,1997,0.0,535351.0,0.460823,0.9126700000000001,EST,SYR,5201
2839803,77,212,1246,1997,0.0,20044892.0,1.69504,0.8278549999999999,FRA,SYR,5201
2839804,81,212,1246,1997,0.0,505148.0,1.886353,0.783832,GBR,SYR,5201
2839805,90,212,1246,1997,0.0,1259826.0,0.229516,1.085225,GRC,SYR,5201
2839806,97,212,1246,1997,0.0,2877072.0,0.521942,2.578405,HKG,SYR,5201
2839807,102,212,1246,1997,0.0,723928.0,0.746743,1.577102,HUN,SYR,5201
2839808,103,212,1246,1997,0.0,17616026.0,-0.44080699999999995,1.220104,IDN,SYR,5201
2839809,104,212,1246,1997,41395.0,0.0,0.262571,2.31305,IND,SYR,5201
2839810,106,212,1246,1997,0.0,460380.0,1.471048,0.8769370000000001,IRL,SYR,5201
2839811,111,212,1246,1997,0.0,60478640.0,1.4860389999999999,1.235674,ITA,SYR,5201
2839812,114,212,1246,1997,0.0,3038995.0,2.631846,0.553144,JPN,SYR,5201
2839813,124,212,1246,1997,0.0,282076.0,0.334291,0.783104,LBN,SYR,5201
2839814,134,212,1246,1997,0.0,17669310.0,-0.649616,-0.260554,MAR,SYR,5201
2839815,153,212,1246,1997,0.0,1895565.0,0.37340999999999996,0.36853600000000003,MYS,SYR,5201
2839816,174,212,1246,1997,0.0,331061.0,-0.24310900000000002,0.085784,PHL,SYR,5201
2839817,177,212,1246,1997,0.0,309529.0,0.805559,1.9598520000000001,POL,SYR,5201
2839818,179,212,1246,1997,0.0,8853400.0,0.379367,1.296551,PRT,SYR,5201
2839819,185,212,1246,1997,0.0,370566.0,0.44381000000000004,1.084109,ROU,SYR,5201
2839820,192,212,1246,1997,0.0,108247.0,1.01557,0.360154,SGP,SYR,5201
2839821,207,212,1246,1997,0.0,196318.0,1.435765,1.348897,SVN,SYR,5201
2839822,216,212,1246,1997,0.0,4377346.0,0.084875,1.41931,THA,SYR,5201
2839823,223,212,1246,1997,0.0,6491662.0,-0.24073899999999998,-0.146818,TUN,SYR,5201
2839824,224,212,1246,1997,0.0,38248500.0,0.167734,1.5827870000000002,TUR,SYR,5201
2839825,246,212,1246,1997,295357.0,0.0,0.501792,1.1192440000000001,ZAF,SYR,5201
2839826,249,212,1246,1997,0.0,3438708.0,1.317672,1.800561,TWN,SYR,5201
2839827,8,223,1246,1997,8201.0,0.0,0.273654,0.495389,ARG,TUN,5201
2839828,14,223,1246,1997,49730.0,0.0,0.428555,0.798283,AUS,TUN,5201
2839829,18,223,1246,1997,34440.0,0.0,1.4274069999999999,1.490435,BEL,TUN,5201
2839830,21,223,1246,1997,806323.0,0.0,-0.204096,-0.731299,BFA,TUN,5201
2839831,38,223,1246,1997,3951929.0,0.0,-1.192158,-0.902408,CAF,TUN,5201
2839832,44,223,1246,1997,305641.0,0.0,-0.685339,-0.62129,CIV,TUN,5201
2839833,45,223,1246,1997,4855701.0,0.0,-1.205482,-1.015714,CMR,TUN,5201
2839834,61,223,1246,1997,1985.0,0.0,2.293936,-2.2301919999999997,DEU,TUN,5201
2839835,71,223,1246,1997,614433.0,0.0,1.082049,2.0238650000000002,ESP,TUN,5201
2839836,77,223,1246,1997,4283.0,0.0,1.69504,0.8278549999999999,FRA,TUN,5201
2839837,81,223,1246,1997,1173.0,0.0,1.886353,0.783832,GBR,TUN,5201
2839838,85,223,1246,1997,1699401.0,0.0,-1.529401,-1.163973,GIN,TUN,5201
2839839,90,223,1246,1997,4399037.0,0.0,0.229516,1.085225,GRC,TUN,5201
2839840,104,223,1246,1997,10648.0,0.0,0.262571,2.31305,IND,TUN,5201
2839841,111,223,1246,1997,1182717.0,0.0,1.4860389999999999,1.235674,ITA,TUN,5201
2839842,141,223,1246,1997,2669410.0,0.0,-1.230276,-1.086769,MLI,TUN,5201
2839843,177,223,1246,1997,0.0,160035.0,0.805559,1.9598520000000001,POL,TUN,5201
2839844,186,223,1246,1997,173655.0,0.0,0.87377,0.423861,RUS,TUN,5201
2839845,212,223,1246,1997,6491662.0,0.0,-1.046433,-0.9678620000000001,SYR,TUN,5201
2839846,214,223,1246,1997,2348255.0,0.0,-0.297833,-0.76769,TCD,TUN,5201
2839847,216,223,1246,1997,0.0,706033.0,0.084875,1.41931,THA,TUN,5201
2839848,224,223,1246,1997,328102.0,0.0,0.167734,1.5827870000000002,TUR,TUN,5201
2839849,231,223,1246,1997,3936917.0,0.0,1.823511,0.888084,USA,TUN,5201
2839850,18,250,1246,1997,3012.0,0.0,1.4274069999999999,1.490435,BEL,ANS,5201
2839851,21,250,1246,1997,531127.0,0.0,-0.204096,-0.731299,BFA,ANS,5201
2839852,22,250,1246,1997,0.0,11470448.0,-1.027777,-1.048214,BGD,ANS,5201
2839853,23,250,1246,1997,1270784.0,869558.0,0.487041,1.287344,BGR,ANS,5201
2839854,32,250,1246,1997,0.0,15872510.0,0.718336,1.203066,BRA,ANS,5201
2839855,42,250,1246,1997,0.0,35865.0,0.002791,-0.030604000000000003,CHL,ANS,5201
2839856,43,250,1246,1997,0.0,1588846.0,0.36051300000000003,3.287322,CHN,ANS,5201
2839857,59,250,1246,1997,0.0,543383.0,1.40651,1.354695,CZE,ANS,5201
2839858,71,250,1246,1997,1312.0,0.0,1.082049,2.0238650000000002,ESP,ANS,5201
2839859,103,250,1246,1997,1438.0,8568389.0,-0.44080699999999995,1.220104,IDN,ANS,5201
2839860,111,250,1246,1997,0.0,34402.0,1.4860389999999999,1.235674,ITA,ANS,5201
2839861,116,250,1246,1997,111050.0,0.0,-0.399028,0.196115,KEN,ANS,5201
2839862,140,250,1246,1997,0.0,9790.0,0.26327399999999995,0.704879,MKD,ANS,5201
2839863,177,250,1246,1997,0.0,367487.0,0.805559,1.9598520000000001,POL,ANS,5201
2839864,192,250,1246,1997,0.0,30623.0,1.01557,0.360154,SGP,ANS,5201
2839865,206,250,1246,1997,0.0,1125059.0,1.200699,1.318346,SVK,ANS,5201
2839866,216,250,1246,1997,0.0,1936302.0,0.084875,1.41931,THA,ANS,5201
2839867,224,250,1246,1997,7593567.0,13636105.0,0.167734,1.5827870000000002,TUR,ANS,5201
2839868,226,250,1246,1997,173125.0,0.0,-1.368133,-0.753692,TZA,ANS,5201
2839869,227,250,1246,1997,28316.0,0.0,-0.9304819999999999,-0.9731540000000001,UGA,ANS,5201
2839870,230,250,1246,1997,0.0,4469.0,0.226228,0.29183400000000004,URY,ANS,5201
2839871,246,250,1246,1997,0.0,810292.0,0.501792,1.1192440000000001,ZAF,ANS,5201
2839872,249,250,1246,1997,0.0,919774.0,1.317672,1.800561,TWN,ANS,5201
2839873,71,54,1246,1997,808344.0,0.0,1.082049,2.0238650000000002,ESP,CUB,5201
2839874,138,54,1246,1997,8193608.0,0.0,0.603221,0.898488,MEX,CUB,5201
2839875,8,168,1246,1997,0.0,193799.0,0.273654,0.495389,ARG,PAK,5201
2839876,14,168,1246,1997,2899332.0,0.0,0.428555,0.798283,AUS,PAK,5201
2839877,18,168,1246,1997,0.0,38605.0,1.4274069999999999,1.490435,BEL,PAK,5201
2839878,22,168,1246,1997,0.0,3002922.0,-1.027777,-1.048214,BGD,PAK,5201
2839879,32,168,1246,1997,0.0,5936778.0,0.718336,1.203066,BRA,PAK,5201
2839880,43,168,1246,1997,0.0,1904649.0,0.36051300000000003,3.287322,CHN,PAK,5201
2839881,68,168,1246,1997,499944.0,0.0,-0.314425,0.156345,EGY,PAK,5201
2839882,71,168,1246,1997,0.0,164384.0,1.082049,2.0238650000000002,ESP,PAK,5201
2839883,77,168,1246,1997,0.0,433513.0,1.69504,0.8278549999999999,FRA,PAK,5201
2839884,81,168,1246,1997,0.0,1132681.0,1.886353,0.783832,GBR,PAK,5201
2839885,90,168,1246,1997,0.0,689573.0,0.229516,1.085225,GRC,PAK,5201
2839886,97,168,1246,1997,0.0,6161260.0,0.521942,2.578405,HKG,PAK,5201
2839887,103,168,1246,1997,0.0,11742406.0,-0.44080699999999995,1.220104,IDN,PAK,5201
2839888,111,168,1246,1997,77054.0,3258847.0,1.4860389999999999,1.235674,ITA,PAK,5201
2839889,114,168,1246,1997,0.0,5012428.0,2.631846,0.553144,JPN,PAK,5201
2839890,121,168,1246,1997,0.0,1149842.0,1.0478290000000001,1.2874370000000002,KOR,PAK,5201
2839891,134,168,1246,1997,0.0,123319.0,-0.649616,-0.260554,MAR,PAK,5201
2839892,142,168,1246,1997,0.0,1424.0,0.936998,0.062266999999999996,MLT,PAK,5201
2839893,153,168,1246,1997,0.0,870838.0,0.37340999999999996,0.36853600000000003,MYS,PAK,5201
2839894,163,168,1246,1997,0.0,188795.0,1.003945,0.188826,NOR,PAK,5201
2839895,173,168,1246,1997,169268.0,0.0,-0.5023880000000001,-0.262563,PER,PAK,5201
2839896,174,168,1246,1997,0.0,2987400.0,-0.24310900000000002,0.085784,PHL,PAK,5201
2839897,177,168,1246,1997,0.0,82261.0,0.805559,1.9598520000000001,POL,PAK,5201
2839898,179,168,1246,1997,0.0,1937670.0,0.379367,1.296551,PRT,PAK,5201
2839899,186,168,1246,1997,0.0,285582.0,0.87377,0.423861,RUS,PAK,5201
2839900,190,168,1246,1997,47750.0,0.0,-1.300352,-1.199816,SDN,PAK,5201
2839901,216,168,1246,1997,0.0,6128620.0,0.084875,1.41931,THA,PAK,5201
2839902,224,168,1246,1997,0.0,164527.0,0.167734,1.5827870000000002,TUR,PAK,5201
2839903,226,168,1246,1997,696087.0,0.0,-1.368133,-0.753692,TZA,PAK,5201
2839904,230,168,1246,1997,0.0,57114.0,0.226228,0.29183400000000004,URY,PAK,5201
2839905,231,168,1246,1997,20907652.0,0.0,1.823511,0.888084,USA,PAK,5201
2839906,249,168,1246,1997,0.0,10751359.0,1.317672,1.800561,TWN,PAK,5201
2839907,14,239,1246,1997,3027332.0,0.0,0.428555,0.798283,AUS,VNM,5201
2839908,44,239,1246,1997,763577.0,0.0,-0.685339,-0.62129,CIV,VNM,5201
2839909,45,239,1246,1997,1882392.0,0.0,-1.205482,-1.015714,CMR,VNM,5201
2839910,104,239,1246,1997,456541.0,0.0,0.262571,2.31305,IND,VNM,5201
2839911,121,239,1246,1997,5681254.0,0.0,1.0478290000000001,1.2874370000000002,KOR,VNM,5201
2839912,226,239,1246,1997,476138.0,0.0,-1.368133,-0.753692,TZA,VNM,5201
2839913,231,239,1246,1997,11889095.0,0.0,1.823511,0.888084,USA,VNM,5201
2839914,114,29,1246,1997,0.0,50964.0,2.631846,0.553144,JPN,BLZ,5201
2839915,32,31,1246,1997,0.0,3317913.0,0.718336,1.203066,BRA,BOL,5201
2839916,42,31,1246,1997,0.0,837343.0,0.002791,-0.030604000000000003,CHL,BOL,5201
2839917,59,31,1246,1997,0.0,2152.0,1.40651,1.354695,CZE,BOL,5201
2839918,61,31,1246,1997,0.0,1346.0,2.293936,-2.2301919999999997,DEU,BOL,5201
2839919,173,31,1246,1997,0.0,32552316.0,-0.5023880000000001,-0.262563,PER,BOL,5201
2839920,231,31,1246,1997,147847.0,0.0,1.823511,0.888084,USA,BOL,5201
2839921,43,63,1246,1997,988.0,0.0,0.36051300000000003,3.287322,CHN,DMA,5201
2839922,231,63,1246,1997,1170.0,0.0,1.823511,0.888084,USA,DMA,5201
2839923,33,112,1246,1997,4820.0,0.0,0.896769,0.22225300000000003,BRB,JAM,5201
2839924,61,112,1246,1997,4234.0,0.0,2.293936,-2.2301919999999997,DEU,JAM,5201
2839925,81,112,1246,1997,3978.0,0.0,1.886353,0.783832,GBR,JAM,5201
2839926,231,112,1246,1997,7751.0,107028.0,1.823511,0.888084,USA,JAM,5201
2839927,52,160,1246,1997,0.0,3929.0,-0.25974200000000003,0.196955,CRI,NIC,5201
2839928,93,160,1246,1997,0.0,327735.0,-0.310042,0.2096,GTM,NIC,5201
2839929,197,160,1246,1997,0.0,1781602.0,-0.09174500000000001,-0.034391000000000005,SLV,NIC,5201
2839930,216,160,1246,1997,0.0,84909.0,0.084875,1.41931,THA,NIC,5201
2839931,231,160,1246,1997,0.0,30913.0,1.823511,0.888084,USA,NIC,5201
2839932,15,21,1246,1997,0.0,306650.0,1.8926189999999998,0.624346,AUT,BFA,5201
2839933,18,21,1246,1997,0.0,242911.0,1.4274069999999999,1.490435,BEL,BFA,5201
2839934,22,21,1246,1997,0.0,1673137.0,-1.027777,-1.048214,BGD,BFA,5201
2839935,32,21,1246,1997,0.0,2268547.0,0.718336,1.203066,BRA,BFA,5201
2839936,41,21,1246,1997,0.0,4533843.0,2.280163,0.597819,CHE,BFA,5201
2839937,43,21,1246,1997,0.0,98507.0,0.36051300000000003,3.287322,CHN,BFA,5201
2839938,44,21,1246,1997,0.0,167432.0,-0.685339,-0.62129,CIV,BFA,5201
2839939,49,21,1246,1997,0.0,11473276.0,0.190632,0.068001,COL,BFA,5201
2839940,59,21,1246,1997,0.0,636969.0,1.40651,1.354695,CZE,BFA,5201
2839941,61,21,1246,1997,0.0,2162493.0,2.293936,-2.2301919999999997,DEU,BFA,5201
2839942,71,21,1246,1997,0.0,444307.0,1.082049,2.0238650000000002,ESP,BFA,5201
2839943,77,21,1246,1997,0.0,817057.0,1.69504,0.8278549999999999,FRA,BFA,5201
2839944,81,21,1246,1997,0.0,360543.0,1.886353,0.783832,GBR,BFA,5201
2839945,83,21,1246,1997,0.0,40089.0,-1.012728,-0.939893,GHA,BFA,5201
2839946,90,21,1246,1997,0.0,563894.0,0.229516,1.085225,GRC,BFA,5201
2839947,97,21,1246,1997,0.0,1135623.0,0.521942,2.578405,HKG,BFA,5201
2839948,100,21,1246,1997,0.0,111772.0,0.607903,1.147751,HRV,BFA,5201
2839949,103,21,1246,1997,0.0,4898548.0,-0.44080699999999995,1.220104,IDN,BFA,5201
2839950,109,21,1246,1997,0.0,1570069.0,0.217533,-0.405395,ISL,BFA,5201
2839951,111,21,1246,1997,0.0,16466666.0,1.4860389999999999,1.235674,ITA,BFA,5201
2839952,114,21,1246,1997,0.0,757403.0,2.631846,0.553144,JPN,BFA,5201
2839953,121,21,1246,1997,0.0,259237.0,1.0478290000000001,1.2874370000000002,KOR,BFA,5201
2839954,128,21,1246,1997,0.0,1001467.0,-0.925745,-0.308559,LKA,BFA,5201
2839955,134,21,1246,1997,0.0,2614271.0,-0.649616,-0.260554,MAR,BFA,5201
2839956,151,21,1246,1997,0.0,5770870.0,-0.49241,-0.695729,MUS,BFA,5201
2839957,153,21,1246,1997,0.0,5635296.0,0.37340999999999996,0.36853600000000003,MYS,BFA,5201
2839958,162,21,1246,1997,0.0,18927.0,1.267794,1.727888,NLD,BFA,5201
2839959,174,21,1246,1997,0.0,2090560.0,-0.24310900000000002,0.085784,PHL,BFA,5201
2839960,177,21,1246,1997,0.0,53202.0,0.805559,1.9598520000000001,POL,BFA,5201
2839961,179,21,1246,1997,0.0,10542583.0,0.379367,1.296551,PRT,BFA,5201
2839962,192,21,1246,1997,0.0,7037333.0,1.01557,0.360154,SGP,BFA,5201
2839963,207,21,1246,1997,0.0,685154.0,1.435765,1.348897,SVN,BFA,5201
2839964,215,21,1246,1997,0.0,404249.0,-0.974678,-0.8150350000000001,TGO,BFA,5201
2839965,216,21,1246,1997,0.0,4916622.0,0.084875,1.41931,THA,BFA,5201
2839966,223,21,1246,1997,0.0,806323.0,-0.24073899999999998,-0.146818,TUN,BFA,5201
2839967,231,21,1246,1997,0.0,735774.0,1.823511,0.888084,USA,BFA,5201
2839968,246,21,1246,1997,0.0,499617.0,0.501792,1.1192440000000001,ZAF,BFA,5201
2839969,249,21,1246,1997,0.0,17984000.0,1.317672,1.800561,TWN,BFA,5201
2839970,250,21,1246,1997,0.0,531127.0,1.036748,0.851626,ANS,BFA,5201
2839971,81,34,1246,1997,4931.0,0.0,1.886353,0.783832,GBR,BRN,5201
2839972,103,34,1246,1997,0.0,94018.0,-0.44080699999999995,1.220104,IDN,BRN,5201
2839973,153,34,1246,1997,368548.0,0.0,0.37340999999999996,0.36853600000000003,MYS,BRN,5201
2839974,216,34,1246,1997,0.0,485642.0,0.084875,1.41931,THA,BRN,5201
2839975,231,34,1246,1997,684002.0,0.0,1.823511,0.888084,USA,BRN,5201
2839976,18,85,1246,1997,0.0,20905.0,1.4274069999999999,1.490435,BEL,GIN,5201
2839977,43,85,1246,1997,0.0,569554.0,0.36051300000000003,3.287322,CHN,GIN,5201
2839978,44,85,1246,1997,939.0,0.0,-0.685339,-0.62129,CIV,GIN,5201
2839979,61,85,1246,1997,0.0,68740.0,2.293936,-2.2301919999999997,DEU,GIN,5201
2839980,77,85,1246,1997,0.0,47105.0,1.69504,0.8278549999999999,FRA,GIN,5201
2839981,97,85,1246,1997,0.0,163757.0,0.521942,2.578405,HKG,GIN,5201
2839982,103,85,1246,1997,0.0,594915.0,-0.44080699999999995,1.220104,IDN,GIN,5201
2839983,134,85,1246,1997,0.0,965474.0,-0.649616,-0.260554,MAR,GIN,5201
2839984,216,85,1246,1997,0.0,292620.0,0.084875,1.41931,THA,GIN,5201
2839985,223,85,1246,1997,0.0,1699401.0,-0.24073899999999998,-0.146818,TUN,GIN,5201
2839986,249,85,1246,1997,0.0,2206036.0,1.317672,1.800561,TWN,GIN,5201
2839987,21,109,1246,1997,1570069.0,0.0,-0.204096,-0.731299,BFA,ISL,5201
2839988,41,109,1246,1997,0.0,63462.0,2.280163,0.597819,CHE,ISL,5201
2839989,81,109,1246,1997,5944.0,0.0,1.886353,0.783832,GBR,ISL,5201
2839990,103,109,1246,1997,0.0,6937.0,-0.44080699999999995,1.220104,IDN,ISL,5201
2839991,97,133,1246,1997,0.0,32147.0,0.521942,2.578405,HKG,MAC,5201
2839992,216,133,1246,1997,2392.0,0.0,0.084875,1.41931,THA,MAC,5201
2839993,77,136,1246,1997,4614.0,17050.0,1.69504,0.8278549999999999,FRA,MDG,5201
2839994,110,136,1246,1997,79106.0,0.0,1.3230030000000002,0.965016,ISR,MDG,5201
2839995,111,136,1246,1997,0.0,4114171.0,1.4860389999999999,1.235674,ITA,MDG,5201
2839996,216,136,1246,1997,0.0,225955.0,0.084875,1.41931,THA,MDG,5201
2839997,246,136,1246,1997,0.0,1007182.0,0.501792,1.1192440000000001,ZAF,MDG,5201
2839998,103,137,1246,1997,0.0,83758.0,-0.44080699999999995,1.220104,IDN,MDV,5201
