7979999,97,153,8558,2010,49461.0,3019718.0,0.715745,1.9780259999999998,HKG,MYS,760120
7980000,103,153,8558,2010,639674.0,33082438.0,-0.30878099999999997,1.07069,IDN,MYS,760120
7980001,104,153,8558,2010,1040639.0,6904030.0,0.14485599999999998,2.408913,IND,MYS,760120
7980002,107,153,8558,2010,408522.0,0.0,-0.609874,-0.744733,IRN,MYS,760120
7980003,111,153,8558,2010,295662.0,0.0,1.272385,0.545721,ITA,MYS,760120
7980004,114,153,8558,2010,1574301.0,2004094.0,2.459723,-0.279387,JPN,MYS,760120
7980005,116,153,8558,2010,0.0,256156.0,-0.387187,1.010443,KEN,MYS,760120
7980006,121,153,8558,2010,146833.0,19766846.0,1.7118849999999999,0.762362,KOR,MYS,760120
7980007,128,153,8558,2010,0.0,425025.0,-0.70886,0.25216700000000003,LKA,MYS,760120
7980008,138,153,8558,2010,68190.0,3016894.0,1.132664,0.675756,MEX,MYS,760120
7980009,162,153,8558,2010,106955.0,0.0,1.237998,1.1891209999999999,NLD,MYS,760120
7980010,166,153,8558,2010,405053.0,0.0,0.36828299999999997,0.574574,NZL,MYS,760120
7980011,167,153,8558,2010,4135104.0,0.0,-0.487612,-0.9551379999999999,OMN,MYS,760120
7980012,168,153,8558,2010,0.0,90806.0,-0.692071,0.5409010000000001,PAK,MYS,760120
7980013,173,153,8558,2010,19047.0,0.0,-0.650327,0.162321,PER,MYS,760120
7980014,174,153,8558,2010,0.0,7973415.0,0.40418899999999996,0.102497,PHL,MYS,760120
7980015,177,153,8558,2010,42918.0,0.0,1.083552,1.1433719999999998,POL,MYS,760120
7980016,183,153,8558,2010,4728881.0,32554.0,-0.346143,-1.078192,QAT,MYS,760120
7980017,186,153,8558,2010,6114050.0,0.0,0.583996,-0.223881,RUS,MYS,760120
7980018,188,153,8558,2010,36324.0,0.0,0.46696400000000005,-0.7487520000000001,SAU,MYS,760120
7980019,192,153,8558,2010,1698504.0,12308925.0,1.8441349999999999,0.570311,SGP,MYS,760120
7980020,206,153,8558,2010,40113.0,0.0,1.278601,0.726907,SVK,MYS,760120
7980021,207,153,8558,2010,24603.0,0.0,1.595473,0.7023020000000001,SVN,MYS,760120
7980022,216,153,8558,2010,2900980.0,45551960.0,0.748328,1.425224,THA,MYS,760120
7980023,217,153,8558,2010,2899144.0,0.0,-1.054317,-1.074198,TJK,MYS,760120
7980024,228,153,8558,2010,1409788.0,0.0,0.714148,0.916267,UKR,MYS,760120
7980025,230,153,8558,2010,0.0,51069.0,0.217246,-0.079733,URY,MYS,760120
7980026,231,153,8558,2010,629877.0,3253522.0,1.67573,-0.598165,USA,MYS,760120
7980027,236,153,8558,2010,271422.0,0.0,-0.660844,-1.145133,VEN,MYS,760120
7980028,239,153,8558,2010,634004.0,32727562.0,-0.24660500000000002,1.427235,VNM,MYS,760120
7980029,246,153,8558,2010,5870076.0,4577402.0,0.327326,1.513598,ZAF,MYS,760120
7980030,249,153,8558,2010,7095733.0,811896.0,1.766729,0.909335,TWN,MYS,760120
7980031,7,162,8558,2010,44764648.0,933446.0,0.29457,-0.196371,ARE,NLD,760120
7980032,8,162,8558,2010,25094514.0,0.0,0.27458899999999997,0.597907,ARG,NLD,760120
7980033,9,162,8558,2010,0.0,5108.0,0.11632,-0.417048,ARM,NLD,760120
7980034,14,162,8558,2010,0.0,108273.0,-0.276442,0.062023,AUS,NLD,760120
7980035,15,162,8558,2010,3661709.0,44442268.0,1.724315,-0.29379099999999997,AUT,NLD,760120
7980036,18,162,8558,2010,13318439.0,172682608.0,1.2224270000000002,1.1276,BEL,NLD,760120
7980037,23,162,8558,2010,28745.0,87626.0,0.44973,1.445441,BGR,NLD,760120
7980038,24,162,8558,2010,22178494.0,536188.0,0.284356,-0.8362,BHR,NLD,760120
7980039,26,162,8558,2010,801.0,59046.0,0.462275,0.830405,BIH,NLD,760120
7980040,32,162,8558,2010,26765524.0,934920.0,0.40715500000000004,0.6208100000000001,BRA,NLD,760120
7980041,39,162,8558,2010,1277.0,496637.0,0.752421,1.2208510000000001,CAN,NLD,760120
7980042,41,162,8558,2010,263488.0,14804191.0,2.1492080000000002,0.556424,CHE,NLD,760120
7980043,43,162,8558,2010,13134323.0,842277.0,0.922493,2.0176,CHN,NLD,760120
7980044,45,162,8558,2010,57141.0,0.0,-1.114209,-1.0127899999999999,CMR,NLD,760120
7980045,49,162,8558,2010,0.0,118847.0,0.097222,-0.064328,COL,NLD,760120
7980046,59,162,8558,2010,570459.0,18941062.0,1.732044,0.333934,CZE,NLD,760120
7980047,61,162,8558,2010,44151652.0,418606272.0,2.035672,-3.383322,DEU,NLD,760120
7980048,64,162,8558,2010,223836.0,695256.0,1.082468,1.280759,DNK,NLD,760120
7980049,68,162,8558,2010,72310.0,0.0,-0.181826,1.409465,EGY,NLD,760120
7980050,71,162,8558,2010,416612.0,5232966.0,0.832619,2.448009,ESP,NLD,760120
7980051,72,162,8558,2010,0.0,2592.0,0.832316,1.1844649999999999,EST,NLD,760120
7980052,74,162,8558,2010,87973.0,29002.0,1.745464,0.897992,FIN,NLD,760120
7980053,77,162,8558,2010,17372864.0,129031032.0,1.530027,-0.052557000000000006,FRA,NLD,760120
7980054,81,162,8558,2010,34566260.0,25689454.0,1.828224,0.386383,GBR,NLD,760120
7980055,90,162,8558,2010,8238.0,7019078.0,0.200249,1.4640090000000001,GRC,NLD,760120
7980056,97,162,8558,2010,0.0,1247.0,0.715745,1.9780259999999998,HKG,NLD,760120
7980057,100,162,8558,2010,0.0,5115.0,0.8276979999999999,0.97415,HRV,NLD,760120
7980058,102,162,8558,2010,166419.0,12781259.0,1.514225,0.740341,HUN,NLD,760120
7980059,103,162,8558,2010,0.0,53345.0,-0.30878099999999997,1.07069,IDN,NLD,760120
7980060,104,162,8558,2010,38437.0,342555.0,0.14485599999999998,2.408913,IND,NLD,760120
7980061,106,162,8558,2010,0.0,5247354.0,1.371357,0.168795,IRL,NLD,760120
7980062,107,162,8558,2010,0.0,44909.0,-0.609874,-0.744733,IRN,NLD,760120
7980063,109,162,8558,2010,22216618.0,450398.0,0.20822100000000002,-0.318294,ISL,NLD,760120
7980064,110,162,8558,2010,1138827.0,0.0,1.215834,0.7028340000000001,ISR,NLD,760120
7980065,111,162,8558,2010,4403803.0,113813080.0,1.272385,0.545721,ITA,NLD,760120
7980066,114,162,8558,2010,0.0,2413832.0,2.459723,-0.279387,JPN,NLD,760120
7980067,115,162,8558,2010,63554.0,0.0,-0.6278020000000001,-0.8419760000000001,KAZ,NLD,760120
7980068,121,162,8558,2010,1230.0,90938.0,1.7118849999999999,0.762362,KOR,NLD,760120
7980069,124,162,8558,2010,0.0,30104.0,0.415854,1.424085,LBN,NLD,760120
7980070,131,162,8558,2010,11155716.0,21569788.0,1.272127,1.1051520000000001,LUX,NLD,760120
7980071,132,162,8558,2010,0.0,63761.0,0.6158170000000001,1.1401059999999998,LVA,NLD,760120
7980072,138,162,8558,2010,745527.0,272793.0,1.132664,0.675756,MEX,NLD,760120
7980073,153,162,8558,2010,0.0,106955.0,0.9530780000000001,0.607456,MYS,NLD,760120
7980074,159,162,8558,2010,0.0,1191451.0,-1.887084,-1.2280229999999999,NGA,NLD,760120
7980075,163,162,8558,2010,480145760.0,5175862.0,0.865676,0.138757,NOR,NLD,760120
7980076,166,162,8558,2010,3706.0,0.0,0.36828299999999997,0.574574,NZL,NLD,760120
7980077,167,162,8558,2010,0.0,73854.0,-0.487612,-0.9551379999999999,OMN,NLD,760120
7980078,168,162,8558,2010,0.0,11322.0,-0.692071,0.5409010000000001,PAK,NLD,760120
7980079,173,162,8558,2010,31422.0,0.0,-0.650327,0.162321,PER,NLD,760120
7980080,177,162,8558,2010,4858833.0,41426340.0,1.083552,1.1433719999999998,POL,NLD,760120
7980081,179,162,8558,2010,3710754.0,20003544.0,0.551149,2.437209,PRT,NLD,760120
7980082,183,162,8558,2010,0.0,333524.0,-0.346143,-1.078192,QAT,NLD,760120
7980083,185,162,8558,2010,0.0,861718.0,0.6483760000000001,1.200256,ROU,NLD,760120
7980084,186,162,8558,2010,33910224.0,347201.0,0.583996,-0.223881,RUS,NLD,760120
7980085,198,162,8558,2010,0.0,57032.0,1.0115299999999998,0.29852399999999996,SMR,NLD,760120
7980086,206,162,8558,2010,0.0,1140500.0,1.278601,0.726907,SVK,NLD,760120
7980087,207,162,8558,2010,4287102.0,759803.0,1.595473,0.7023020000000001,SVN,NLD,760120
7980088,208,162,8558,2010,15870294.0,1591214.0,1.882239,0.397927,SWE,NLD,760120
7980089,216,162,8558,2010,0.0,279027.0,0.748328,1.425224,THA,NLD,760120
7980090,223,162,8558,2010,0.0,28954.0,0.165019,0.8882059999999999,TUN,NLD,760120
7980091,224,162,8558,2010,413886.0,1051354.0,0.359977,2.471173,TUR,NLD,760120
7980092,228,162,8558,2010,3853644.0,0.0,0.714148,0.916267,UKR,NLD,760120
7980093,231,162,8558,2010,723830.0,1617369.0,1.67573,-0.598165,USA,NLD,760120
7980094,236,162,8558,2010,946479.0,38663.0,-0.660844,-1.145133,VEN,NLD,760120
7980095,239,162,8558,2010,25144.0,0.0,-0.24660500000000002,1.427235,VNM,NLD,760120
7980096,246,162,8558,2010,0.0,164756.0,0.327326,1.513598,ZAF,NLD,760120
7980097,249,162,8558,2010,26517.0,236540.0,1.766729,0.909335,TWN,NLD,760120
7980098,10,166,8558,2010,0.0,35858.0,0.966701,0.006139,ASM,NZL,760120
7980099,14,166,8558,2010,11625638.0,2955555.0,-0.276442,0.062023,AUS,NZL,760120
7980100,15,166,8558,2010,0.0,494845.0,1.724315,-0.29379099999999997,AUT,NZL,760120
7980101,32,166,8558,2010,82463.0,0.0,0.40715500000000004,0.6208100000000001,BRA,NZL,760120
7980102,39,166,8558,2010,162521.0,1426483.0,0.752421,1.2208510000000001,CAN,NZL,760120
7980103,43,166,8558,2010,1677.0,0.0,0.922493,2.0176,CHN,NZL,760120
7980104,61,166,8558,2010,16514.0,0.0,2.035672,-3.383322,DEU,NZL,760120
7980105,77,166,8558,2010,0.0,28417.0,1.530027,-0.052557000000000006,FRA,NZL,760120
7980106,81,166,8558,2010,193723.0,21352.0,1.828224,0.386383,GBR,NZL,760120
7980107,103,166,8558,2010,0.0,554976.0,-0.30878099999999997,1.07069,IDN,NZL,760120
7980108,104,166,8558,2010,0.0,60976.0,0.14485599999999998,2.408913,IND,NZL,760120
7980109,110,166,8558,2010,0.0,5755550.0,1.215834,0.7028340000000001,ISR,NZL,760120
7980110,114,166,8558,2010,0.0,37853428.0,2.459723,-0.279387,JPN,NZL,760120
7980111,121,166,8558,2010,0.0,6502816.0,1.7118849999999999,0.762362,KOR,NZL,760120
7980112,138,166,8558,2010,0.0,84064.0,1.132664,0.675756,MEX,NZL,760120
7980113,153,166,8558,2010,0.0,405053.0,0.9530780000000001,0.607456,MYS,NZL,760120
7980114,162,166,8558,2010,0.0,3706.0,1.237998,1.1891209999999999,NLD,NZL,760120
7980115,163,166,8558,2010,0.0,1461271.0,0.865676,0.138757,NOR,NZL,760120
7980116,174,166,8558,2010,0.0,94181.0,0.40418899999999996,0.102497,PHL,NZL,760120
7980117,195,166,8558,2010,0.0,48492.0,-1.7710650000000001,-1.033138,SLB,NZL,760120
7980118,216,166,8558,2010,0.0,235039.0,0.748328,1.425224,THA,NZL,760120
7980119,221,166,8558,2010,0.0,9927.0,-0.650658,-0.774469,TON,NZL,760120
7980120,224,166,8558,2010,0.0,792960.0,0.359977,2.471173,TUR,NZL,760120
7980121,231,166,8558,2010,113041.0,15289179.0,1.67573,-0.598165,USA,NZL,760120
7980122,242,166,8558,2010,0.0,116969.0,1.236381,0.276124,WSM,NZL,760120
7980123,246,166,8558,2010,0.0,963972.0,0.327326,1.513598,ZAF,NZL,760120
7980124,249,166,8558,2010,879303.0,124329.0,1.766729,0.909335,TWN,NZL,760120
7980125,14,169,8558,2010,309171.0,0.0,-0.276442,0.062023,AUS,PAN,760120
7980126,29,169,8558,2010,0.0,10404.0,-0.559172,-0.739977,BLZ,PAN,760120
7980127,32,169,8558,2010,46480.0,0.0,0.40715500000000004,0.6208100000000001,BRA,PAN,760120
7980128,43,169,8558,2010,38137.0,0.0,0.922493,2.0176,CHN,PAN,760120
7980129,49,169,8558,2010,3031.0,58428.0,0.097222,-0.064328,COL,PAN,760120
7980130,61,169,8558,2010,54249.0,0.0,2.035672,-3.383322,DEU,PAN,760120
7980131,67,169,8558,2010,0.0,16764.0,-0.584013,-0.743675,ECU,PAN,760120
7980132,71,169,8558,2010,13579.0,0.0,0.832619,2.448009,ESP,PAN,760120
7980133,97,169,8558,2010,1477.0,0.0,0.715745,1.9780259999999998,HKG,PAN,760120
7980134,111,169,8558,2010,13764.0,0.0,1.272385,0.545721,ITA,PAN,760120
7980135,138,169,8558,2010,704103.0,0.0,1.132664,0.675756,MEX,PAN,760120
7980136,231,169,8558,2010,201375.0,193227.0,1.67573,-0.598165,USA,PAN,760120
7980137,236,169,8558,2010,25035.0,22150.0,-0.660844,-1.145133,VEN,PAN,760120
7980138,249,169,8558,2010,6234.0,0.0,1.766729,0.909335,TWN,PAN,760120
7980139,8,173,8558,2010,7794056.0,0.0,0.27458899999999997,0.597907,ARG,PER,760120
7980140,14,173,8558,2010,96611.0,0.0,-0.276442,0.062023,AUS,PER,760120
7980141,32,173,8558,2010,2339001.0,0.0,0.40715500000000004,0.6208100000000001,BRA,PER,760120
7980142,39,173,8558,2010,238786.0,0.0,0.752421,1.2208510000000001,CAN,PER,760120
7980143,43,173,8558,2010,215139.0,33902.0,0.922493,2.0176,CHN,PER,760120
7980144,67,173,8558,2010,0.0,84611.0,-0.584013,-0.743675,ECU,PER,760120
7980145,71,173,8558,2010,1074.0,36989.0,0.832619,2.448009,ESP,PER,760120
7980146,81,173,8558,2010,0.0,47975.0,1.828224,0.386383,GBR,PER,760120
7980147,114,173,8558,2010,0.0,1663738.0,2.459723,-0.279387,JPN,PER,760120
7980148,121,173,8558,2010,0.0,39632.0,1.7118849999999999,0.762362,KOR,PER,760120
7980149,153,173,8558,2010,0.0,19047.0,0.9530780000000001,0.607456,MYS,PER,760120
7980150,162,173,8558,2010,0.0,31422.0,1.237998,1.1891209999999999,NLD,PER,760120
7980151,216,173,8558,2010,0.0,125459.0,0.748328,1.425224,THA,PER,760120
7980152,231,173,8558,2010,2506.0,0.0,1.67573,-0.598165,USA,PER,760120
7980153,236,173,8558,2010,158985.0,0.0,-0.660844,-1.145133,VEN,PER,760120
7980154,249,173,8558,2010,0.0,62784.0,1.766729,0.909335,TWN,PER,760120
7980155,7,174,8558,2010,3963294.0,0.0,0.29457,-0.196371,ARE,PHL,760120
7980156,14,174,8558,2010,4121251.0,0.0,-0.276442,0.062023,AUS,PHL,760120
7980157,24,174,8558,2010,350287.0,0.0,0.284356,-0.8362,BHR,PHL,760120
7980158,43,174,8558,2010,14651435.0,0.0,0.922493,2.0176,CHN,PHL,760120
7980159,97,174,8558,2010,802625.0,0.0,0.715745,1.9780259999999998,HKG,PHL,760120
7980160,103,174,8558,2010,1651751.0,0.0,-0.30878099999999997,1.07069,IDN,PHL,760120
7980161,104,174,8558,2010,0.0,100063.0,0.14485599999999998,2.408913,IND,PHL,760120
7980162,114,174,8558,2010,2481566.0,1735815.0,2.459723,-0.279387,JPN,PHL,760120
7980163,121,174,8558,2010,2664897.0,92420.0,1.7118849999999999,0.762362,KOR,PHL,760120
7980164,153,174,8558,2010,7973415.0,0.0,0.9530780000000001,0.607456,MYS,PHL,760120
7980165,166,174,8558,2010,94181.0,0.0,0.36828299999999997,0.574574,NZL,PHL,760120
7980166,183,174,8558,2010,1180761.0,0.0,-0.346143,-1.078192,QAT,PHL,760120
7980167,188,174,8558,2010,11597.0,0.0,0.46696400000000005,-0.7487520000000001,SAU,PHL,760120
7980168,192,174,8558,2010,370744.0,0.0,1.8441349999999999,0.570311,SGP,PHL,760120
7980169,216,174,8558,2010,421377.0,0.0,0.748328,1.425224,THA,PHL,760120
7980170,231,174,8558,2010,26940.0,0.0,1.67573,-0.598165,USA,PHL,760120
7980171,249,174,8558,2010,16678506.0,0.0,1.766729,0.909335,TWN,PHL,760120
7980172,7,177,8558,2010,32307882.0,0.0,0.29457,-0.196371,ARE,POL,760120
7980173,15,177,8558,2010,19825676.0,13106252.0,1.724315,-0.29379099999999997,AUT,POL,760120
7980174,18,177,8558,2010,2530975.0,58303.0,1.2224270000000002,1.1276,BEL,POL,760120
7980175,23,177,8558,2010,654367.0,1010454.0,0.44973,1.445441,BGR,POL,760120
7980176,24,177,8558,2010,34028716.0,0.0,0.284356,-0.8362,BHR,POL,760120
7980177,26,177,8558,2010,10745240.0,0.0,0.462275,0.830405,BIH,POL,760120
7980178,28,177,8558,2010,306354.0,0.0,0.969851,0.593386,BLR,POL,760120
7980179,32,177,8558,2010,1449796.0,0.0,0.40715500000000004,0.6208100000000001,BRA,POL,760120
7980180,41,177,8558,2010,48591.0,356252.0,2.1492080000000002,0.556424,CHE,POL,760120
7980181,43,177,8558,2010,4701.0,0.0,0.922493,2.0176,CHN,POL,760120
7980182,59,177,8558,2010,8981344.0,73460552.0,1.732044,0.333934,CZE,POL,760120
7980183,61,177,8558,2010,85466856.0,75956192.0,2.035672,-3.383322,DEU,POL,760120
7980184,64,177,8558,2010,0.0,3206.0,1.082468,1.280759,DNK,POL,760120
7980185,68,177,8558,2010,806433.0,0.0,-0.181826,1.409465,EGY,POL,760120
7980186,71,177,8558,2010,5111217.0,288618.0,0.832619,2.448009,ESP,POL,760120
7980187,72,177,8558,2010,978004.0,72088.0,0.832316,1.1844649999999999,EST,POL,760120
7980188,74,177,8558,2010,3781458.0,68371.0,1.745464,0.897992,FIN,POL,760120
7980189,77,177,8558,2010,1447040.0,7243853.0,1.530027,-0.052557000000000006,FRA,POL,760120
7980190,81,177,8558,2010,11223206.0,11537151.0,1.828224,0.386383,GBR,POL,760120
7980191,100,177,8558,2010,0.0,4246446.0,0.8276979999999999,0.97415,HRV,POL,760120
7980192,102,177,8558,2010,2948801.0,15232945.0,1.514225,0.740341,HUN,POL,760120
7980193,109,177,8558,2010,107252.0,0.0,0.20822100000000002,-0.318294,ISL,POL,760120
7980194,110,177,8558,2010,0.0,164064.0,1.215834,0.7028340000000001,ISR,POL,760120
7980195,111,177,8558,2010,3090263.0,1395248.0,1.272385,0.545721,ITA,POL,760120
7980196,117,177,8558,2010,23398.0,0.0,-0.48426400000000003,-0.169443,KGZ,POL,760120
7980197,130,177,8558,2010,302705.0,52937.0,0.6390600000000001,1.144911,LTU,POL,760120
7980198,131,177,8558,2010,249381.0,0.0,1.272127,1.1051520000000001,LUX,POL,760120
7980199,132,177,8558,2010,163645.0,130444.0,0.6158170000000001,1.1401059999999998,LVA,POL,760120
7980200,140,177,8558,2010,0.0,1680259.0,-0.122842,0.407017,MKD,POL,760120
7980201,147,177,8558,2010,2467982.0,0.0,-1.479855,-1.070518,MOZ,POL,760120
7980202,153,177,8558,2010,0.0,42918.0,0.9530780000000001,0.607456,MYS,POL,760120
7980203,162,177,8558,2010,41426340.0,4858833.0,1.237998,1.1891209999999999,NLD,POL,760120
7980204,163,177,8558,2010,132042784.0,64401.0,0.865676,0.138757,NOR,POL,760120
7980205,185,177,8558,2010,13246789.0,49148.0,0.6483760000000001,1.200256,ROU,POL,760120
7980206,186,177,8558,2010,1846892.0,2156878.0,0.583996,-0.223881,RUS,POL,760120
7980207,201,177,8558,2010,0.0,4374400.0,0.561161,1.33974,SRB,POL,760120
7980208,206,177,8558,2010,24771452.0,17930892.0,1.278601,0.726907,SVK,POL,760120
7980209,207,177,8558,2010,6782971.0,4985980.0,1.595473,0.7023020000000001,SVN,POL,760120
7980210,208,177,8558,2010,113894728.0,0.0,1.882239,0.397927,SWE,POL,760120
7980211,224,177,8558,2010,1730662.0,539094.0,0.359977,2.471173,TUR,POL,760120
7980212,228,177,8558,2010,401003.0,122084.0,0.714148,0.916267,UKR,POL,760120
7980213,231,177,8558,2010,2330276.0,2661.0,1.67573,-0.598165,USA,POL,760120
7980214,2,179,8558,2010,0.0,77129.0,-1.3711010000000001,-1.170608,AGO,PRT,760120
7980215,7,179,8558,2010,98411.0,24990.0,0.29457,-0.196371,ARE,PRT,760120
7980216,18,179,8558,2010,69949.0,1451076.0,1.2224270000000002,1.1276,BEL,PRT,760120
7980217,43,179,8558,2010,0.0,1032.0,0.922493,2.0176,CHN,PRT,760120
7980218,58,179,8558,2010,0.0,6950.0,0.8776450000000001,0.568389,CYP,PRT,760120
7980219,61,179,8558,2010,566331.0,341241.0,2.035672,-3.383322,DEU,PRT,760120
7980220,64,179,8558,2010,112178.0,1831.0,1.082468,1.280759,DNK,PRT,760120
7980221,68,179,8558,2010,1804230.0,0.0,-0.181826,1.409465,EGY,PRT,760120
7980222,71,179,8558,2010,54734492.0,177422096.0,0.832619,2.448009,ESP,PRT,760120
7980223,77,179,8558,2010,1857722.0,49642.0,1.530027,-0.052557000000000006,FRA,PRT,760120
7980224,81,179,8558,2010,6938568.0,0.0,1.828224,0.386383,GBR,PRT,760120
7980225,90,179,8558,2010,1493420.0,0.0,0.200249,1.4640090000000001,GRC,PRT,760120
7980226,102,179,8558,2010,0.0,58749.0,1.514225,0.740341,HUN,PRT,760120
7980227,111,179,8558,2010,513945.0,294852.0,1.272385,0.545721,ITA,PRT,760120
7980228,121,179,8558,2010,0.0,25564.0,1.7118849999999999,0.762362,KOR,PRT,760120
7980229,138,179,8558,2010,0.0,1432.0,1.132664,0.675756,MEX,PRT,760120
7980230,162,179,8558,2010,20003544.0,3710754.0,1.237998,1.1891209999999999,NLD,PRT,760120
7980231,163,179,8558,2010,175723568.0,0.0,0.865676,0.138757,NOR,PRT,760120
7980232,183,179,8558,2010,0.0,26982.0,-0.346143,-1.078192,QAT,PRT,760120
7980233,250,179,8558,2010,234790.0,0.0,0.45129600000000003,-0.223517,ANS,PRT,760120
7980234,32,180,8558,2010,12626.0,0.0,0.40715500000000004,0.6208100000000001,BRA,PRY,760120
7980235,7,183,8558,2010,649808.0,0.0,0.29457,-0.196371,ARE,QAT,760120
7980236,14,183,8558,2010,0.0,259837.0,-0.276442,0.062023,AUS,QAT,760120
7980237,18,183,8558,2010,26305.0,0.0,1.2224270000000002,1.1276,BEL,QAT,760120
7980238,24,183,8558,2010,326966.0,0.0,0.284356,-0.8362,BHR,QAT,760120
7980239,43,183,8558,2010,704857.0,0.0,0.922493,2.0176,CHN,QAT,760120
7980240,61,183,8558,2010,84875.0,0.0,2.035672,-3.383322,DEU,QAT,760120
7980241,71,183,8558,2010,98304.0,2883782.0,0.832619,2.448009,ESP,QAT,760120
7980242,72,183,8558,2010,51866.0,0.0,0.832316,1.1844649999999999,EST,QAT,760120
7980243,77,183,8558,2010,5030.0,0.0,1.530027,-0.052557000000000006,FRA,QAT,760120
7980244,81,183,8558,2010,29099.0,0.0,1.828224,0.386383,GBR,QAT,760120
7980245,97,183,8558,2010,9289.0,0.0,0.715745,1.9780259999999998,HKG,QAT,760120
7980246,103,183,8558,2010,0.0,10977191.0,-0.30878099999999997,1.07069,IDN,QAT,760120
7980247,104,183,8558,2010,87023.0,37147524.0,0.14485599999999998,2.408913,IND,QAT,760120
7980248,111,183,8558,2010,68816.0,0.0,1.272385,0.545721,ITA,QAT,760120
7980249,114,183,8558,2010,5718.0,2627316.0,2.459723,-0.279387,JPN,QAT,760120
7980250,121,183,8558,2010,0.0,20895576.0,1.7118849999999999,0.762362,KOR,QAT,760120
7980251,122,183,8558,2010,13931.0,0.0,0.067373,-1.0822120000000002,KWT,QAT,760120
7980252,124,183,8558,2010,28544.0,0.0,0.415854,1.424085,LBN,QAT,760120
7980253,134,183,8558,2010,0.0,66913.0,-0.5935229999999999,-0.056497000000000006,MAR,QAT,760120
7980254,153,183,8558,2010,32554.0,4728881.0,0.9530780000000001,0.607456,MYS,QAT,760120
7980255,162,183,8558,2010,333524.0,0.0,1.237998,1.1891209999999999,NLD,QAT,760120
7980256,167,183,8558,2010,17594.0,0.0,-0.487612,-0.9551379999999999,OMN,QAT,760120
7980257,168,183,8558,2010,0.0,684306.0,-0.692071,0.5409010000000001,PAK,QAT,760120
7980258,174,183,8558,2010,0.0,1180761.0,0.40418899999999996,0.102497,PHL,QAT,760120
7980259,179,183,8558,2010,26982.0,0.0,0.551149,2.437209,PRT,QAT,760120
7980260,188,183,8558,2010,17139.0,39467.0,0.46696400000000005,-0.7487520000000001,SAU,QAT,760120
7980261,216,183,8558,2010,365890.0,21583384.0,0.748328,1.425224,THA,QAT,760120
7980262,224,183,8558,2010,3053.0,20932502.0,0.359977,2.471173,TUR,QAT,760120
7980263,231,183,8558,2010,13570.0,16803272.0,1.67573,-0.598165,USA,QAT,760120
7980264,239,183,8558,2010,0.0,766191.0,-0.24660500000000002,1.427235,VNM,QAT,760120
7980265,246,183,8558,2010,0.0,1549922.0,0.327326,1.513598,ZAF,QAT,760120
7980266,249,183,8558,2010,3879.0,31239248.0,1.766729,0.909335,TWN,QAT,760120
7980267,7,188,8558,2010,11993415.0,230122.0,0.29457,-0.196371,ARE,SAU,760120
7980268,18,188,8558,2010,45096.0,40235.0,1.2224270000000002,1.1276,BEL,SAU,760120
7980269,24,188,8558,2010,7934815.0,0.0,0.284356,-0.8362,BHR,SAU,760120
7980270,32,188,8558,2010,0.0,220313.0,0.40715500000000004,0.6208100000000001,BRA,SAU,760120
7980271,43,188,8558,2010,0.0,97597.0,0.922493,2.0176,CHN,SAU,760120
7980272,61,188,8558,2010,22611.0,0.0,2.035672,-3.383322,DEU,SAU,760120
7980273,68,188,8558,2010,40393.0,0.0,-0.181826,1.409465,EGY,SAU,760120
7980274,71,188,8558,2010,9832.0,55972.0,0.832619,2.448009,ESP,SAU,760120
7980275,77,188,8558,2010,14315.0,0.0,1.530027,-0.052557000000000006,FRA,SAU,760120
7980276,81,188,8558,2010,0.0,19495.0,1.828224,0.386383,GBR,SAU,760120
7980277,90,188,8558,2010,0.0,114019.0,0.200249,1.4640090000000001,GRC,SAU,760120
7980278,104,188,8558,2010,113539.0,1036661.0,0.14485599999999998,2.408913,IND,SAU,760120
7980279,111,188,8558,2010,26264.0,0.0,1.272385,0.545721,ITA,SAU,760120
7980280,114,188,8558,2010,0.0,4430258.0,2.459723,-0.279387,JPN,SAU,760120
7980281,121,188,8558,2010,0.0,286253.0,1.7118849999999999,0.762362,KOR,SAU,760120
7980282,128,188,8558,2010,0.0,56989.0,-0.70886,0.25216700000000003,LKA,SAU,760120
7980283,153,188,8558,2010,0.0,36324.0,0.9530780000000001,0.607456,MYS,SAU,760120
7980284,164,188,8558,2010,0.0,268880.0,-0.23753400000000002,0.7957390000000001,NPL,SAU,760120
7980285,167,188,8558,2010,0.0,9838.0,-0.487612,-0.9551379999999999,OMN,SAU,760120
7980286,168,188,8558,2010,0.0,163671.0,-0.692071,0.5409010000000001,PAK,SAU,760120
7980287,174,188,8558,2010,0.0,11597.0,0.40418899999999996,0.102497,PHL,SAU,760120
7980288,183,188,8558,2010,39467.0,17139.0,-0.346143,-1.078192,QAT,SAU,760120
7980289,190,188,8558,2010,0.0,117907.0,-1.9094669999999998,-1.271065,SDN,SAU,760120
7980290,212,188,8558,2010,6056.0,0.0,-0.46833800000000003,1.11952,SYR,SAU,760120
7980291,231,188,8558,2010,43715.0,78795.0,1.67573,-0.598165,USA,SAU,760120
7980292,243,188,8558,2010,0.0,7833.0,-1.360851,-1.208826,YEM,SAU,760120
7980293,7,190,8558,2010,482277.0,0.0,0.29457,-0.196371,ARE,SDN,760120
7980294,68,190,8558,2010,970.0,0.0,-0.181826,1.409465,EGY,SDN,760120
7980295,188,190,8558,2010,117907.0,0.0,0.46696400000000005,-0.7487520000000001,SAU,SDN,760120
7980296,5,197,8558,2010,232881.0,0.0,0.8963620000000001,0.7650399999999999,AND,SLV,760120
7980297,32,197,8558,2010,6087666.0,0.0,0.40715500000000004,0.6208100000000001,BRA,SLV,760120
7980298,39,197,8558,2010,2686206.0,0.0,0.752421,1.2208510000000001,CAN,SLV,760120
7980299,231,197,8558,2010,290121.0,30298.0,1.67573,-0.598165,USA,SLV,760120
7980300,231,205,8558,2010,2438.0,0.0,1.67573,-0.598165,USA,SUR,760120
7980301,15,206,8558,2010,8834458.0,19555106.0,1.724315,-0.29379099999999997,AUT,SVK,760120
7980302,18,206,8558,2010,1065597.0,0.0,1.2224270000000002,1.1276,BEL,SVK,760120
7980303,23,206,8558,2010,4781182.0,9252406.0,0.44973,1.445441,BGR,SVK,760120
7980304,24,206,8558,2010,890816.0,0.0,0.284356,-0.8362,BHR,SVK,760120
7980305,26,206,8558,2010,3060364.0,60352.0,0.462275,0.830405,BIH,SVK,760120
7980306,59,206,8558,2010,11304340.0,40763752.0,1.732044,0.333934,CZE,SVK,760120
7980307,61,206,8558,2010,15593775.0,15158102.0,2.035672,-3.383322,DEU,SVK,760120
7980308,68,206,8558,2010,284421.0,0.0,-0.181826,1.409465,EGY,SVK,760120
7980309,71,206,8558,2010,1048950.0,0.0,0.832619,2.448009,ESP,SVK,760120
7980310,72,206,8558,2010,163948.0,0.0,0.832316,1.1844649999999999,EST,SVK,760120
7980311,77,206,8558,2010,0.0,173074.0,1.530027,-0.052557000000000006,FRA,SVK,760120
7980312,81,206,8558,2010,135129.0,60245.0,1.828224,0.386383,GBR,SVK,760120
7980313,100,206,8558,2010,0.0,53509.0,0.8276979999999999,0.97415,HRV,SVK,760120
7980314,102,206,8558,2010,3982086.0,51317376.0,1.514225,0.740341,HUN,SVK,760120
7980315,109,206,8558,2010,399072.0,0.0,0.20822100000000002,-0.318294,ISL,SVK,760120
7980316,110,206,8558,2010,0.0,4170490.0,1.215834,0.7028340000000001,ISR,SVK,760120
7980317,111,206,8558,2010,18335254.0,108796056.0,1.272385,0.545721,ITA,SVK,760120
7980318,114,206,8558,2010,0.0,183259.0,2.459723,-0.279387,JPN,SVK,760120
7980319,130,206,8558,2010,0.0,1681882.0,0.6390600000000001,1.144911,LTU,SVK,760120
7980320,131,206,8558,2010,4136450.0,0.0,1.272127,1.1051520000000001,LUX,SVK,760120
7980321,132,206,8558,2010,981580.0,214625.0,0.6158170000000001,1.1401059999999998,LVA,SVK,760120
7980322,138,206,8558,2010,0.0,6124.0,1.132664,0.675756,MEX,SVK,760120
7980323,153,206,8558,2010,0.0,40113.0,0.9530780000000001,0.607456,MYS,SVK,760120
7980324,162,206,8558,2010,1140500.0,0.0,1.237998,1.1891209999999999,NLD,SVK,760120
7980325,163,206,8558,2010,1538129.0,0.0,0.865676,0.138757,NOR,SVK,760120
7980326,177,206,8558,2010,17930892.0,24771452.0,1.083552,1.1433719999999998,POL,SVK,760120
7980327,185,206,8558,2010,1200125.0,7684804.0,0.6483760000000001,1.200256,ROU,SVK,760120
7980328,186,206,8558,2010,11435880.0,0.0,0.583996,-0.223881,RUS,SVK,760120
7980329,198,206,8558,2010,0.0,6666692.0,1.0115299999999998,0.29852399999999996,SMR,SVK,760120
7980330,201,206,8558,2010,1822383.0,1721702.0,0.561161,1.33974,SRB,SVK,760120
7980331,207,206,8558,2010,1428067.0,7506736.0,1.595473,0.7023020000000001,SVN,SVK,760120
7980332,208,206,8558,2010,315184.0,0.0,1.882239,0.397927,SWE,SVK,760120
7980333,212,206,8558,2010,83948.0,0.0,-0.46833800000000003,1.11952,SYR,SVK,760120
7980334,224,206,8558,2010,0.0,2035268.0,0.359977,2.471173,TUR,SVK,760120
7980335,228,206,8558,2010,10807302.0,2133671.0,0.714148,0.916267,UKR,SVK,760120
7980336,250,206,8558,2010,16543687.0,0.0,0.45129600000000003,-0.223517,ANS,SVK,760120
7980337,15,207,8558,2010,16159667.0,15893133.0,1.724315,-0.29379099999999997,AUT,SVN,760120
7980338,18,207,8558,2010,45303.0,0.0,1.2224270000000002,1.1276,BEL,SVN,760120
7980339,23,207,8558,2010,95370.0,1399810.0,0.44973,1.445441,BGR,SVN,760120
7980340,26,207,8558,2010,7171348.0,4525982.0,0.462275,0.830405,BIH,SVN,760120
7980341,32,207,8558,2010,0.0,94486.0,0.40715500000000004,0.6208100000000001,BRA,SVN,760120
7980342,43,207,8558,2010,53865.0,0.0,0.922493,2.0176,CHN,SVN,760120
7980343,59,207,8558,2010,7402648.0,4778130.0,1.732044,0.333934,CZE,SVN,760120
7980344,61,207,8558,2010,6078304.0,25515596.0,2.035672,-3.383322,DEU,SVN,760120
7980345,68,207,8558,2010,227284.0,0.0,-0.181826,1.409465,EGY,SVN,760120
7980346,71,207,8558,2010,164509.0,0.0,0.832619,2.448009,ESP,SVN,760120
7980347,72,207,8558,2010,95787.0,0.0,0.832316,1.1844649999999999,EST,SVN,760120
7980348,77,207,8558,2010,55446.0,1221270.0,1.530027,-0.052557000000000006,FRA,SVN,760120
7980349,81,207,8558,2010,650880.0,0.0,1.828224,0.386383,GBR,SVN,760120
7980350,90,207,8558,2010,46282.0,736006.0,0.200249,1.4640090000000001,GRC,SVN,760120
7980351,100,207,8558,2010,1442734.0,6222680.0,0.8276979999999999,0.97415,HRV,SVN,760120
7980352,102,207,8558,2010,5431092.0,4819466.0,1.514225,0.740341,HUN,SVN,760120
7980353,106,207,8558,2010,0.0,588308.0,1.371357,0.168795,IRL,SVN,760120
7980354,110,207,8558,2010,0.0,265476.0,1.215834,0.7028340000000001,ISR,SVN,760120
7980355,111,207,8558,2010,20295180.0,39589080.0,1.272385,0.545721,ITA,SVN,760120
7980356,115,207,8558,2010,20432.0,0.0,-0.6278020000000001,-0.8419760000000001,KAZ,SVN,760120
7980357,130,207,8558,2010,130348.0,0.0,0.6390600000000001,1.144911,LTU,SVN,760120
7980358,140,207,8558,2010,0.0,413946.0,-0.122842,0.407017,MKD,SVN,760120
7980359,153,207,8558,2010,0.0,24603.0,0.9530780000000001,0.607456,MYS,SVN,760120
7980360,162,207,8558,2010,759803.0,4287102.0,1.237998,1.1891209999999999,NLD,SVN,760120
7980361,177,207,8558,2010,4985980.0,6782971.0,1.083552,1.1433719999999998,POL,SVN,760120
7980362,185,207,8558,2010,5565802.0,618957.0,0.6483760000000001,1.200256,ROU,SVN,760120
7980363,186,207,8558,2010,694752.0,0.0,0.583996,-0.223881,RUS,SVN,760120
7980364,198,207,8558,2010,67193.0,8796030.0,1.0115299999999998,0.29852399999999996,SMR,SVN,760120
7980365,201,207,8558,2010,29256466.0,2600080.0,0.561161,1.33974,SRB,SVN,760120
7980366,206,207,8558,2010,7506736.0,1428067.0,1.278601,0.726907,SVK,SVN,760120
7980367,208,207,8558,2010,0.0,388873.0,1.882239,0.397927,SWE,SVN,760120
7980368,224,207,8558,2010,0.0,11686167.0,0.359977,2.471173,TUR,SVN,760120
7980369,228,207,8558,2010,210989.0,0.0,0.714148,0.916267,UKR,SVN,760120
7980370,250,207,8558,2010,2544890.0,0.0,0.45129600000000003,-0.223517,ANS,SVN,760120
7980371,7,208,8558,2010,1892523.0,0.0,0.29457,-0.196371,ARE,SWE,760120
7980372,15,208,8558,2010,209060.0,10999538.0,1.724315,-0.29379099999999997,AUT,SWE,760120
7980373,18,208,8558,2010,317149.0,9295939.0,1.2224270000000002,1.1276,BEL,SWE,760120
7980374,26,208,8558,2010,314190.0,0.0,0.462275,0.830405,BIH,SWE,760120
7980375,39,208,8558,2010,0.0,2518.0,0.752421,1.2208510000000001,CAN,SWE,760120
7980376,41,208,8558,2010,8724.0,2774.0,2.1492080000000002,0.556424,CHE,SWE,760120
7980377,43,208,8558,2010,33989.0,0.0,0.922493,2.0176,CHN,SWE,760120
7980378,59,208,8558,2010,1795403.0,29896200.0,1.732044,0.333934,CZE,SWE,760120
7980379,61,208,8558,2010,6073613.0,52524136.0,2.035672,-3.383322,DEU,SWE,760120
7980380,64,208,8558,2010,139592.0,10742951.0,1.082468,1.280759,DNK,SWE,760120
7980381,71,208,8558,2010,7468807.0,0.0,0.832619,2.448009,ESP,SWE,760120
7980382,72,208,8558,2010,629351.0,91689.0,0.832316,1.1844649999999999,EST,SWE,760120
7980383,74,208,8558,2010,9836483.0,90015768.0,1.745464,0.897992,FIN,SWE,760120
7980384,77,208,8558,2010,1378370.0,31683694.0,1.530027,-0.052557000000000006,FRA,SWE,760120
7980385,81,208,8558,2010,4277040.0,16936066.0,1.828224,0.386383,GBR,SWE,760120
7980386,97,208,8558,2010,2437.0,0.0,0.715745,1.9780259999999998,HKG,SWE,760120
7980387,102,208,8558,2010,67461.0,41543836.0,1.514225,0.740341,HUN,SWE,760120
7980388,109,208,8558,2010,0.0,2767.0,0.20822100000000002,-0.318294,ISL,SWE,760120
7980389,110,208,8558,2010,5957.0,0.0,1.215834,0.7028340000000001,ISR,SWE,760120
7980390,111,208,8558,2010,0.0,19098286.0,1.272385,0.545721,ITA,SWE,760120
7980391,130,208,8558,2010,57019.0,0.0,0.6390600000000001,1.144911,LTU,SWE,760120
7980392,131,208,8558,2010,5882866.0,155550.0,1.272127,1.1051520000000001,LUX,SWE,760120
7980393,132,208,8558,2010,1329990.0,0.0,0.6158170000000001,1.1401059999999998,LVA,SWE,760120
7980394,162,208,8558,2010,1591214.0,15870294.0,1.237998,1.1891209999999999,NLD,SWE,760120
7980395,163,208,8558,2010,317824544.0,768863.0,0.865676,0.138757,NOR,SWE,760120
7980396,177,208,8558,2010,0.0,113894728.0,1.083552,1.1433719999999998,POL,SWE,760120
7980397,186,208,8558,2010,137344.0,0.0,0.583996,-0.223881,RUS,SWE,760120
7980398,192,208,8558,2010,0.0,4126.0,1.8441349999999999,0.570311,SGP,SWE,760120
7980399,206,208,8558,2010,0.0,315184.0,1.278601,0.726907,SVK,SWE,760120
7980400,207,208,8558,2010,388873.0,0.0,1.595473,0.7023020000000001,SVN,SWE,760120
7980401,231,208,8558,2010,7862.0,5706.0,1.67573,-0.598165,USA,SWE,760120
7980402,249,208,8558,2010,3782.0,0.0,1.766729,0.909335,TWN,SWE,760120
7980403,7,212,8558,2010,42425524.0,136000.0,0.29457,-0.196371,ARE,SYR,760120
7980404,24,212,8558,2010,942728.0,0.0,0.284356,-0.8362,BHR,SYR,760120
7980405,43,212,8558,2010,2492.0,0.0,0.922493,2.0176,CHN,SYR,760120
7980406,68,212,8558,2010,384508.0,0.0,-0.181826,1.409465,EGY,SYR,760120
7980407,107,212,8558,2010,0.0,74868.0,-0.609874,-0.744733,IRN,SYR,760120
7980408,108,212,8558,2010,0.0,5946.0,-2.1439150000000002,-0.913227,IRQ,SYR,760120
7980409,111,212,8558,2010,0.0,167875.0,1.272385,0.545721,ITA,SYR,760120
7980410,121,212,8558,2010,0.0,604937.0,1.7118849999999999,0.762362,KOR,SYR,760120
7980411,186,212,8558,2010,591298.0,0.0,0.583996,-0.223881,RUS,SYR,760120
7980412,188,212,8558,2010,0.0,6056.0,0.46696400000000005,-0.7487520000000001,SAU,SYR,760120
7980413,206,212,8558,2010,0.0,83948.0,1.278601,0.726907,SVK,SYR,760120
7980414,224,212,8558,2010,201826.0,395471.0,0.359977,2.471173,TUR,SYR,760120
7980415,250,212,8558,2010,7069.0,0.0,0.45129600000000003,-0.223517,ANS,SYR,760120
7980416,7,216,8558,2010,116904296.0,42416.0,0.29457,-0.196371,ARE,THA,760120
7980417,14,216,8558,2010,138990000.0,0.0,-0.276442,0.062023,AUS,THA,760120
7980418,15,216,8558,2010,4306.0,0.0,1.724315,-0.29379099999999997,AUT,THA,760120
7980419,18,216,8558,2010,43526.0,0.0,1.2224270000000002,1.1276,BEL,THA,760120
7980420,22,216,8558,2010,0.0,983363.0,-0.974526,-0.76566,BGD,THA,760120
7980421,24,216,8558,2010,51127928.0,0.0,0.284356,-0.8362,BHR,THA,760120
7980422,32,216,8558,2010,97737.0,0.0,0.40715500000000004,0.6208100000000001,BRA,THA,760120
7980423,33,216,8558,2010,398274.0,0.0,0.7076140000000001,0.434993,BRB,THA,760120
7980424,41,216,8558,2010,1617.0,0.0,2.1492080000000002,0.556424,CHE,THA,760120
7980425,43,216,8558,2010,22425926.0,3574314.0,0.922493,2.0176,CHN,THA,760120
7980426,61,216,8558,2010,612585.0,1236.0,2.035672,-3.383322,DEU,THA,760120
7980427,66,216,8558,2010,49880.0,0.0,-1.00922,-1.1511040000000001,DZA,THA,760120
7980428,68,216,8558,2010,604512.0,234619.0,-0.181826,1.409465,EGY,THA,760120
7980429,71,216,8558,2010,22839.0,0.0,0.832619,2.448009,ESP,THA,760120
7980430,73,216,8558,2010,149956.0,0.0,-1.122906,-0.840777,ETH,THA,760120
7980431,77,216,8558,2010,37172.0,0.0,1.530027,-0.052557000000000006,FRA,THA,760120
7980432,81,216,8558,2010,3829943.0,0.0,1.828224,0.386383,GBR,THA,760120
7980433,83,216,8558,2010,128495.0,0.0,-0.835003,-0.633731,GHA,THA,760120
7980434,97,216,8558,2010,94218.0,1022896.0,0.715745,1.9780259999999998,HKG,THA,760120
7980435,103,216,8558,2010,4211708.0,16970124.0,-0.30878099999999997,1.07069,IDN,THA,760120
7980436,104,216,8558,2010,426602.0,78066184.0,0.14485599999999998,2.408913,IND,THA,760120
7980437,107,216,8558,2010,67982.0,945995.0,-0.609874,-0.744733,IRN,THA,760120
7980438,110,216,8558,2010,121899.0,0.0,1.215834,0.7028340000000001,ISR,THA,760120
7980439,111,216,8558,2010,6896.0,0.0,1.272385,0.545721,ITA,THA,760120
7980440,114,216,8558,2010,7218221.0,4628906.0,2.459723,-0.279387,JPN,THA,760120
7980441,121,216,8558,2010,1020560.0,0.0,1.7118849999999999,0.762362,KOR,THA,760120
7980442,123,216,8558,2010,0.0,1498.0,-1.104075,-0.836772,LAO,THA,760120
7980443,128,216,8558,2010,0.0,97830.0,-0.70886,0.25216700000000003,LKA,THA,760120
7980444,132,216,8558,2010,25092.0,0.0,0.6158170000000001,1.1401059999999998,LVA,THA,760120
7980445,138,216,8558,2010,797783.0,0.0,1.132664,0.675756,MEX,THA,760120
7980446,139,216,8558,2010,153570.0,0.0,-0.599197,-0.788443,MHL,THA,760120
7980447,153,216,8558,2010,45551960.0,2900980.0,0.9530780000000001,0.607456,MYS,THA,760120
7980448,159,216,8558,2010,97852.0,0.0,-1.887084,-1.2280229999999999,NGA,THA,760120
7980449,162,216,8558,2010,279027.0,0.0,1.237998,1.1891209999999999,NLD,THA,760120
7980450,164,216,8558,2010,0.0,1031571.0,-0.23753400000000002,0.7957390000000001,NPL,THA,760120
7980451,166,216,8558,2010,235039.0,0.0,0.36828299999999997,0.574574,NZL,THA,760120
7980452,167,216,8558,2010,1350060.0,0.0,-0.487612,-0.9551379999999999,OMN,THA,760120
7980453,173,216,8558,2010,125459.0,0.0,-0.650327,0.162321,PER,THA,760120
7980454,174,216,8558,2010,0.0,421377.0,0.40418899999999996,0.102497,PHL,THA,760120
7980455,183,216,8558,2010,21583384.0,365890.0,-0.346143,-1.078192,QAT,THA,760120
7980456,186,216,8558,2010,36364964.0,0.0,0.583996,-0.223881,RUS,THA,760120
7980457,192,216,8558,2010,2151434.0,97798.0,1.8441349999999999,0.570311,SGP,THA,760120
7980458,209,216,8558,2010,348713.0,0.0,0.186142,-0.34577800000000003,SWZ,THA,760120
7980459,228,216,8558,2010,8163545.0,0.0,0.714148,0.916267,UKR,THA,760120
7980460,231,216,8558,2010,240821.0,67452.0,1.67573,-0.598165,USA,THA,760120
7980461,236,216,8558,2010,185122.0,0.0,-0.660844,-1.145133,VEN,THA,760120
7980462,239,216,8558,2010,349068.0,12153772.0,-0.24660500000000002,1.427235,VNM,THA,760120
7980463,246,216,8558,2010,3110896.0,3604754.0,0.327326,1.513598,ZAF,THA,760120
7980464,249,216,8558,2010,22465604.0,16687.0,1.766729,0.909335,TWN,THA,760120
7980465,104,222,8558,2010,26082.0,0.0,0.14485599999999998,2.408913,IND,TTO,760120
7980466,121,222,8558,2010,2167872.0,0.0,1.7118849999999999,0.762362,KOR,TTO,760120
7980467,178,222,8558,2010,220784.0,0.0,0.348511,0.466229,PRK,TTO,760120
7980468,231,222,8558,2010,225135.0,0.0,1.67573,-0.598165,USA,TTO,760120
7980469,4,224,8558,2010,0.0,172688.0,-0.5316,-0.219561,ALB,TUR,760120
7980470,7,224,8558,2010,57217644.0,0.0,0.29457,-0.196371,ARE,TUR,760120
7980471,14,224,8558,2010,17181364.0,0.0,-0.276442,0.062023,AUS,TUR,760120
7980472,15,224,8558,2010,829361.0,1447850.0,1.724315,-0.29379099999999997,AUT,TUR,760120
7980473,16,224,8558,2010,1535759.0,0.0,-1.048424,-1.2030370000000001,AZE,TUR,760120
7980474,18,224,8558,2010,115307.0,0.0,1.2224270000000002,1.1276,BEL,TUR,760120
7980475,23,224,8558,2010,89324.0,25153014.0,0.44973,1.445441,BGR,TUR,760120
7980476,24,224,8558,2010,29082054.0,0.0,0.284356,-0.8362,BHR,TUR,760120
7980477,26,224,8558,2010,0.0,12254.0,0.462275,0.830405,BIH,TUR,760120
7980478,32,224,8558,2010,2772680.0,0.0,0.40715500000000004,0.6208100000000001,BRA,TUR,760120
7980479,39,224,8558,2010,2581251.0,0.0,0.752421,1.2208510000000001,CAN,TUR,760120
7980480,43,224,8558,2010,74903.0,0.0,0.922493,2.0176,CHN,TUR,760120
7980481,58,224,8558,2010,0.0,9912.0,0.8776450000000001,0.568389,CYP,TUR,760120
7980482,59,224,8558,2010,14891.0,49178.0,1.732044,0.333934,CZE,TUR,760120
7980483,61,224,8558,2010,2111963.0,1624745.0,2.035672,-3.383322,DEU,TUR,760120
7980484,62,224,8558,2010,0.0,104488.0,-0.37501799999999996,-0.727603,DJI,TUR,760120
7980485,66,224,8558,2010,293750.0,94786.0,-1.00922,-1.1511040000000001,DZA,TUR,760120
7980486,68,224,8558,2010,465400.0,0.0,-0.181826,1.409465,EGY,TUR,760120
7980487,71,224,8558,2010,6248402.0,3864879.0,0.832619,2.448009,ESP,TUR,760120
7980488,73,224,8558,2010,0.0,851.0,-1.122906,-0.840777,ETH,TUR,760120
7980489,77,224,8558,2010,147724.0,45553.0,1.530027,-0.052557000000000006,FRA,TUR,760120
7980490,81,224,8558,2010,1342060.0,21771.0,1.828224,0.386383,GBR,TUR,760120
7980491,82,224,8558,2010,1143221.0,89234.0,-0.21301399999999998,-0.48355299999999996,GEO,TUR,760120
7980492,90,224,8558,2010,2185664.0,8335826.0,0.200249,1.4640090000000001,GRC,TUR,760120
7980493,100,224,8558,2010,0.0,27700.0,0.8276979999999999,0.97415,HRV,TUR,760120
7980494,102,224,8558,2010,0.0,268566.0,1.514225,0.740341,HUN,TUR,760120
7980495,104,224,8558,2010,742708.0,0.0,0.14485599999999998,2.408913,IND,TUR,760120
7980496,107,224,8558,2010,2178128.0,2573106.0,-0.609874,-0.744733,IRN,TUR,760120
7980497,108,224,8558,2010,0.0,359393.0,-2.1439150000000002,-0.913227,IRQ,TUR,760120
7980498,110,224,8558,2010,0.0,866810.0,1.215834,0.7028340000000001,ISR,TUR,760120
7980499,111,224,8558,2010,8620380.0,23948028.0,1.272385,0.545721,ITA,TUR,760120
7980500,113,224,8558,2010,58691.0,0.0,0.251702,0.522758,JOR,TUR,760120
7980501,114,224,8558,2010,0.0,584489.0,2.459723,-0.279387,JPN,TUR,760120
7980502,115,224,8558,2010,151045.0,1735.0,-0.6278020000000001,-0.8419760000000001,KAZ,TUR,760120
7980503,117,224,8558,2010,118675.0,0.0,-0.48426400000000003,-0.169443,KGZ,TUR,760120
7980504,121,224,8558,2010,0.0,114984.0,1.7118849999999999,0.762362,KOR,TUR,760120
7980505,131,224,8558,2010,3140.0,0.0,1.272127,1.1051520000000001,LUX,TUR,760120
7980506,140,224,8558,2010,0.0,1253399.0,-0.122842,0.407017,MKD,TUR,760120
7980507,162,224,8558,2010,1051354.0,413886.0,1.237998,1.1891209999999999,NLD,TUR,760120
7980508,163,224,8558,2010,98373008.0,0.0,0.865676,0.138757,NOR,TUR,760120
7980509,166,224,8558,2010,792960.0,0.0,0.36828299999999997,0.574574,NZL,TUR,760120
7980510,177,224,8558,2010,539094.0,1730662.0,1.083552,1.1433719999999998,POL,TUR,760120
7980511,183,224,8558,2010,20932502.0,3053.0,-0.346143,-1.078192,QAT,TUR,760120
7980512,185,224,8558,2010,354870.0,96839.0,0.6483760000000001,1.200256,ROU,TUR,760120
7980513,186,224,8558,2010,216209936.0,0.0,0.583996,-0.223881,RUS,TUR,760120
7980514,192,224,8558,2010,156047.0,0.0,1.8441349999999999,0.570311,SGP,TUR,760120
7980515,201,224,8558,2010,0.0,145582.0,0.561161,1.33974,SRB,TUR,760120
7980516,206,224,8558,2010,2035268.0,0.0,1.278601,0.726907,SVK,TUR,760120
7980517,207,224,8558,2010,11686167.0,0.0,1.595473,0.7023020000000001,SVN,TUR,760120
7980518,212,224,8558,2010,395471.0,201826.0,-0.46833800000000003,1.11952,SYR,TUR,760120
7980519,217,224,8558,2010,4530186.0,0.0,-1.054317,-1.074198,TJK,TUR,760120
7980520,219,224,8558,2010,0.0,8938.0,-1.161458,-1.191589,TKM,TUR,760120
7980521,223,224,8558,2010,0.0,7046.0,0.165019,0.8882059999999999,TUN,TUR,760120
7980522,228,224,8558,2010,1813499.0,0.0,0.714148,0.916267,UKR,TUR,760120
7980523,231,224,8558,2010,189304.0,0.0,1.67573,-0.598165,USA,TUR,760120
7980524,236,224,8558,2010,766874.0,0.0,-0.660844,-1.145133,VEN,TUR,760120
7980525,249,224,8558,2010,42856.0,0.0,1.766729,0.909335,TWN,TUR,760120
7980526,250,224,8558,2010,170130.0,7336874.0,0.45129600000000003,-0.223517,ANS,TUR,760120
7980527,15,228,8558,2010,0.0,2645919.0,1.724315,-0.29379099999999997,AUT,UKR,760120
7980528,18,228,8558,2010,0.0,36136.0,1.2224270000000002,1.1276,BEL,UKR,760120
7980529,28,228,8558,2010,0.0,156745.0,0.969851,0.593386,BLR,UKR,760120
7980530,41,228,8558,2010,1644.0,0.0,2.1492080000000002,0.556424,CHE,UKR,760120
7980531,43,228,8558,2010,0.0,731642.0,0.922493,2.0176,CHN,UKR,760120
7980532,59,228,8558,2010,0.0,8914171.0,1.732044,0.333934,CZE,UKR,760120
7980533,61,228,8558,2010,0.0,7847211.0,2.035672,-3.383322,DEU,UKR,760120
7980534,77,228,8558,2010,0.0,86019.0,1.530027,-0.052557000000000006,FRA,UKR,760120
7980535,81,228,8558,2010,0.0,8755460.0,1.828224,0.386383,GBR,UKR,760120
7980536,82,228,8558,2010,0.0,9482.0,-0.21301399999999998,-0.48355299999999996,GEO,UKR,760120
7980537,100,228,8558,2010,0.0,241156.0,0.8276979999999999,0.97415,HRV,UKR,760120
7980538,103,228,8558,2010,0.0,852875.0,-0.30878099999999997,1.07069,IDN,UKR,760120
7980539,110,228,8558,2010,0.0,983414.0,1.215834,0.7028340000000001,ISR,UKR,760120
7980540,111,228,8558,2010,0.0,4137738.0,1.272385,0.545721,ITA,UKR,760120
7980541,114,228,8558,2010,0.0,19353824.0,2.459723,-0.279387,JPN,UKR,760120
7980542,116,228,8558,2010,0.0,1028584.0,-0.387187,1.010443,KEN,UKR,760120
7980543,121,228,8558,2010,0.0,179613.0,1.7118849999999999,0.762362,KOR,UKR,760120
7980544,130,228,8558,2010,0.0,38899.0,0.6390600000000001,1.144911,LTU,UKR,760120
7980545,153,228,8558,2010,0.0,1409788.0,0.9530780000000001,0.607456,MYS,UKR,760120
7980546,162,228,8558,2010,0.0,3853644.0,1.237998,1.1891209999999999,NLD,UKR,760120
7980547,177,228,8558,2010,122084.0,401003.0,1.083552,1.1433719999999998,POL,UKR,760120
7980548,185,228,8558,2010,1233106.0,0.0,0.6483760000000001,1.200256,ROU,UKR,760120
7980549,186,228,8558,2010,2832588.0,0.0,0.583996,-0.223881,RUS,UKR,760120
7980550,206,228,8558,2010,2133671.0,10807302.0,1.278601,0.726907,SVK,UKR,760120
7980551,207,228,8558,2010,0.0,210989.0,1.595473,0.7023020000000001,SVN,UKR,760120
7980552,216,228,8558,2010,0.0,8163545.0,0.748328,1.425224,THA,UKR,760120
7980553,224,228,8558,2010,0.0,1813499.0,0.359977,2.471173,TUR,UKR,760120
7980554,8,230,8558,2010,1552995.0,0.0,0.27458899999999997,0.597907,ARG,URY,760120
7980555,32,230,8558,2010,499595.0,0.0,0.40715500000000004,0.6208100000000001,BRA,URY,760120
7980556,153,230,8558,2010,51069.0,0.0,0.9530780000000001,0.607456,MYS,URY,760120
7980557,231,230,8558,2010,4372.0,0.0,1.67573,-0.598165,USA,URY,760120
7980558,249,230,8558,2010,134002.0,24176.0,1.766729,0.909335,TWN,URY,760120
7980559,7,231,8558,2010,121675488.0,709318.0,0.29457,-0.196371,ARE,USA,760120
7980560,8,231,8558,2010,94232040.0,400908.0,0.27458899999999997,0.597907,ARG,USA,760120
7980561,14,231,8558,2010,52998244.0,799142.0,-0.276442,0.062023,AUS,USA,760120
7980562,15,231,8558,2010,2678067.0,54510.0,1.724315,-0.29379099999999997,AUT,USA,760120
7980563,18,231,8558,2010,447000.0,2552398.0,1.2224270000000002,1.1276,BEL,USA,760120
7980564,22,231,8558,2010,0.0,241638.0,-0.974526,-0.76566,BGD,USA,760120
7980565,24,231,8558,2010,0.0,1459.0,0.284356,-0.8362,BHR,USA,760120
7980566,25,231,8558,2010,372452.0,40523.0,0.495262,-0.6198779999999999,BHS,USA,760120
7980567,26,231,8558,2010,0.0,3146.0,0.462275,0.830405,BIH,USA,760120
7980568,32,231,8558,2010,94147456.0,403721.0,0.40715500000000004,0.6208100000000001,BRA,USA,760120
7980569,33,231,8558,2010,0.0,7677.0,0.7076140000000001,0.434993,BRB,USA,760120
7980570,39,231,8558,2010,2013920768.0,242154928.0,0.752421,1.2208510000000001,CAN,USA,760120
7980571,41,231,8558,2010,3429.0,23084.0,2.1492080000000002,0.556424,CHE,USA,760120
7980572,42,231,8558,2010,11485.0,510324.0,-0.34914,-0.459395,CHL,USA,760120
7980573,43,231,8558,2010,1286986.0,12483771.0,0.922493,2.0176,CHN,USA,760120
7980574,49,231,8558,2010,0.0,281415.0,0.097222,-0.064328,COL,USA,760120
7980575,52,231,8558,2010,0.0,666463.0,-0.122722,-0.7062069999999999,CRI,USA,760120
7980576,59,231,8558,2010,0.0,29951.0,1.732044,0.333934,CZE,USA,760120
7980577,61,231,8558,2010,2350784.0,6991072.0,2.035672,-3.383322,DEU,USA,760120
7980578,64,231,8558,2010,0.0,26711.0,1.082468,1.280759,DNK,USA,760120
7980579,65,231,8558,2010,0.0,7810.0,-0.245241,0.368626,DOM,USA,760120
7980580,67,231,8558,2010,0.0,131473.0,-0.584013,-0.743675,ECU,USA,760120
7980581,71,231,8558,2010,1129895.0,280301.0,0.832619,2.448009,ESP,USA,760120
7980582,74,231,8558,2010,0.0,1671.0,1.745464,0.897992,FIN,USA,760120
7980583,77,231,8558,2010,11218925.0,5719719.0,1.530027,-0.052557000000000006,FRA,USA,760120
7980584,81,231,8558,2010,1799324.0,579558.0,1.828224,0.386383,GBR,USA,760120
7980585,85,231,8558,2010,0.0,9989.0,-1.6761720000000002,-1.181665,GIN,USA,760120
7980586,90,231,8558,2010,956988.0,0.0,0.200249,1.4640090000000001,GRC,USA,760120
7980587,93,231,8558,2010,25194.0,136109.0,-0.39034,0.743521,GTM,USA,760120
7980588,96,231,8558,2010,0.0,6435.0,-1.020217,-1.0231569999999999,GUY,USA,760120
7980589,97,231,8558,2010,119639.0,2046662.0,0.715745,1.9780259999999998,HKG,USA,760120
7980590,99,231,8558,2010,0.0,5027.0,-0.569501,-0.153122,HND,USA,760120
7980591,101,231,8558,2010,0.0,82196.0,-1.369873,-1.121801,HTI,USA,760120
7980592,102,231,8558,2010,43431.0,0.0,1.514225,0.740341,HUN,USA,760120
7980593,103,231,8558,2010,0.0,149097.0,-0.30878099999999997,1.07069,IDN,USA,760120
7980594,104,231,8558,2010,223147.0,1136826.0,0.14485599999999998,2.408913,IND,USA,760120
7980595,106,231,8558,2010,0.0,87782.0,1.371357,0.168795,IRL,USA,760120
7980596,108,231,8558,2010,0.0,4274.0,-2.1439150000000002,-0.913227,IRQ,USA,760120
7980597,109,231,8558,2010,0.0,99324.0,0.20822100000000002,-0.318294,ISL,USA,760120
7980598,110,231,8558,2010,55394.0,3728298.0,1.215834,0.7028340000000001,ISR,USA,760120
7980599,111,231,8558,2010,559975.0,210982.0,1.272385,0.545721,ITA,USA,760120
7980600,112,231,8558,2010,0.0,28377.0,0.041471,-0.367177,JAM,USA,760120
7980601,114,231,8558,2010,3187098.0,11834454.0,2.459723,-0.279387,JPN,USA,760120
7980602,115,231,8558,2010,0.0,1580.0,-0.6278020000000001,-0.8419760000000001,KAZ,USA,760120
7980603,121,231,8558,2010,6739166.0,15743471.0,1.7118849999999999,0.762362,KOR,USA,760120
7980604,130,231,8558,2010,0.0,3043.0,0.6390600000000001,1.144911,LTU,USA,760120
7980605,134,231,8558,2010,58291.0,0.0,-0.5935229999999999,-0.056497000000000006,MAR,USA,760120
7980606,138,231,8558,2010,90575320.0,481926272.0,1.132664,0.675756,MEX,USA,760120
7980607,153,231,8558,2010,3253522.0,629877.0,0.9530780000000001,0.607456,MYS,USA,760120
7980608,159,231,8558,2010,3972641.0,520154.0,-1.887084,-1.2280229999999999,NGA,USA,760120
7980609,160,231,8558,2010,0.0,10634.0,-0.9387409999999999,-0.8119569999999999,NIC,USA,760120
7980610,162,231,8558,2010,1617369.0,723830.0,1.237998,1.1891209999999999,NLD,USA,760120
7980611,163,231,8558,2010,3866830.0,11209.0,0.865676,0.138757,NOR,USA,760120
7980612,166,231,8558,2010,15289179.0,113041.0,0.36828299999999997,0.574574,NZL,USA,760120
7980613,168,231,8558,2010,0.0,482927.0,-0.692071,0.5409010000000001,PAK,USA,760120
7980614,169,231,8558,2010,193227.0,201375.0,0.617867,0.903432,PAN,USA,760120
7980615,173,231,8558,2010,0.0,2506.0,-0.650327,0.162321,PER,USA,760120
7980616,174,231,8558,2010,0.0,26940.0,0.40418899999999996,0.102497,PHL,USA,760120
7980617,177,231,8558,2010,2661.0,2330276.0,1.083552,1.1433719999999998,POL,USA,760120
7980618,183,231,8558,2010,16803272.0,13570.0,-0.346143,-1.078192,QAT,USA,760120
7980619,185,231,8558,2010,0.0,869175.0,0.6483760000000001,1.200256,ROU,USA,760120
7980620,186,231,8558,2010,163457312.0,11509.0,0.583996,-0.223881,RUS,USA,760120
7980621,188,231,8558,2010,78795.0,43715.0,0.46696400000000005,-0.7487520000000001,SAU,USA,760120
7980622,192,231,8558,2010,0.0,2677079.0,1.8441349999999999,0.570311,SGP,USA,760120
7980623,197,231,8558,2010,30298.0,290121.0,-0.101434,0.132639,SLV,USA,760120
7980624,205,231,8558,2010,0.0,2438.0,-0.5734560000000001,-0.936167,SUR,USA,760120
7980625,208,231,8558,2010,5706.0,7862.0,1.882239,0.397927,SWE,USA,760120
7980626,216,231,8558,2010,67452.0,240821.0,0.748328,1.425224,THA,USA,760120
7980627,222,231,8558,2010,0.0,225135.0,-0.338123,-1.070239,TTO,USA,760120
7980628,223,231,8558,2010,0.0,47106.0,0.165019,0.8882059999999999,TUN,USA,760120
7980629,224,231,8558,2010,0.0,189304.0,0.359977,2.471173,TUR,USA,760120
7980630,230,231,8558,2010,0.0,4372.0,0.217246,-0.079733,URY,USA,760120
7980631,234,231,8558,2010,0.0,5265.0,0.120821,-0.43102700000000005,VCT,USA,760120
7980632,236,231,8558,2010,82220240.0,72201.0,-0.660844,-1.145133,VEN,USA,760120
7980633,237,231,8558,2010,0.0,19280.0,0.699891,-0.29630300000000004,VGB,USA,760120
7980634,239,231,8558,2010,7311.0,288059.0,-0.24660500000000002,1.427235,VNM,USA,760120
7980635,246,231,8558,2010,0.0,36725.0,0.327326,1.513598,ZAF,USA,760120
7980636,249,231,8558,2010,2626134.0,4026540.0,1.766729,0.909335,TWN,USA,760120
7980637,8,236,8558,2010,0.0,84361.0,0.27458899999999997,0.597907,ARG,VEN,760120
7980638,15,236,8558,2010,72832.0,0.0,1.724315,-0.29379099999999997,AUT,VEN,760120
7980639,18,236,8558,2010,28164.0,0.0,1.2224270000000002,1.1276,BEL,VEN,760120
7980640,32,236,8558,2010,452052.0,3369160.0,0.40715500000000004,0.6208100000000001,BRA,VEN,760120
7980641,39,236,8558,2010,0.0,1749198.0,0.752421,1.2208510000000001,CAN,VEN,760120
7980642,42,236,8558,2010,0.0,947935.0,-0.34914,-0.459395,CHL,VEN,760120
7980643,43,236,8558,2010,36172.0,1711613.0,0.922493,2.0176,CHN,VEN,760120
7980644,49,236,8558,2010,0.0,11051667.0,0.097222,-0.064328,COL,VEN,760120
7980645,52,236,8558,2010,0.0,16280.0,-0.122722,-0.7062069999999999,CRI,VEN,760120
7980646,67,236,8558,2010,0.0,821051.0,-0.584013,-0.743675,ECU,VEN,760120
7980647,71,236,8558,2010,39975.0,417424.0,0.832619,2.448009,ESP,VEN,760120
7980648,77,236,8558,2010,0.0,568612.0,1.530027,-0.052557000000000006,FRA,VEN,760120
7980649,90,236,8558,2010,0.0,809492.0,0.200249,1.4640090000000001,GRC,VEN,760120
7980650,110,236,8558,2010,0.0,129203.0,1.215834,0.7028340000000001,ISR,VEN,760120
7980651,111,236,8558,2010,32850.0,7222428.0,1.272385,0.545721,ITA,VEN,760120
7980652,112,236,8558,2010,0.0,160375.0,0.041471,-0.367177,JAM,VEN,760120
7980653,114,236,8558,2010,0.0,4774740.0,2.459723,-0.279387,JPN,VEN,760120
7980654,121,236,8558,2010,0.0,6225618.0,1.7118849999999999,0.762362,KOR,VEN,760120
7980655,134,236,8558,2010,0.0,2163.0,-0.5935229999999999,-0.056497000000000006,MAR,VEN,760120
7980656,138,236,8558,2010,0.0,52247968.0,1.132664,0.675756,MEX,VEN,760120
7980657,153,236,8558,2010,0.0,271422.0,0.9530780000000001,0.607456,MYS,VEN,760120
7980658,162,236,8558,2010,38663.0,946479.0,1.237998,1.1891209999999999,NLD,VEN,760120
7980659,169,236,8558,2010,22150.0,25035.0,0.617867,0.903432,PAN,VEN,760120
7980660,173,236,8558,2010,0.0,158985.0,-0.650327,0.162321,PER,VEN,760120
7980661,178,236,8558,2010,0.0,1780479.0,0.348511,0.466229,PRK,VEN,760120
7980662,216,236,8558,2010,0.0,185122.0,0.748328,1.425224,THA,VEN,760120
7980663,224,236,8558,2010,0.0,766874.0,0.359977,2.471173,TUR,VEN,760120
7980664,231,236,8558,2010,72201.0,82220240.0,1.67573,-0.598165,USA,VEN,760120
7980665,249,236,8558,2010,0.0,9608.0,1.766729,0.909335,TWN,VEN,760120
7980666,39,243,8558,2010,1159.0,0.0,0.752421,1.2208510000000001,CAN,YEM,760120
7980667,43,243,8558,2010,101016.0,0.0,0.922493,2.0176,CHN,YEM,760120
7980668,68,243,8558,2010,127267.0,0.0,-0.181826,1.409465,EGY,YEM,760120
7980669,188,243,8558,2010,7833.0,0.0,0.46696400000000005,-0.7487520000000001,SAU,YEM,760120
7980670,2,246,8558,2010,0.0,4567.0,-1.3711010000000001,-1.170608,AGO,ZAF,760120
7980671,7,246,8558,2010,124012.0,0.0,0.29457,-0.196371,ARE,ZAF,760120
7980672,14,246,8558,2010,14263754.0,0.0,-0.276442,0.062023,AUS,ZAF,760120
7980673,18,246,8558,2010,874129.0,0.0,1.2224270000000002,1.1276,BEL,ZAF,760120
7980674,24,246,8558,2010,21686716.0,0.0,0.284356,-0.8362,BHR,ZAF,760120
7980675,32,246,8558,2010,7764616.0,0.0,0.40715500000000004,0.6208100000000001,BRA,ZAF,760120
7980676,37,246,8558,2010,0.0,1821.0,-0.181373,-0.714376,BWA,ZAF,760120
7980677,39,246,8558,2010,0.0,34309.0,0.752421,1.2208510000000001,CAN,ZAF,760120
7980678,43,246,8558,2010,37578.0,2310685.0,0.922493,2.0176,CHN,ZAF,760120
7980679,64,246,8558,2010,64451.0,0.0,1.082468,1.280759,DNK,ZAF,760120
7980680,71,246,8558,2010,188667.0,0.0,0.832619,2.448009,ESP,ZAF,760120
7980681,77,246,8558,2010,0.0,94542.0,1.530027,-0.052557000000000006,FRA,ZAF,760120
7980682,81,246,8558,2010,4057.0,12578.0,1.828224,0.386383,GBR,ZAF,760120
7980683,97,246,8558,2010,0.0,3202167.0,0.715745,1.9780259999999998,HKG,ZAF,760120
7980684,104,246,8558,2010,925752.0,0.0,0.14485599999999998,2.408913,IND,ZAF,760120
7980685,107,246,8558,2010,0.0,1965.0,-0.609874,-0.744733,IRN,ZAF,760120
7980686,110,246,8558,2010,43180.0,999831.0,1.215834,0.7028340000000001,ISR,ZAF,760120
7980687,114,246,8558,2010,0.0,5676152.0,2.459723,-0.279387,JPN,ZAF,760120
7980688,116,246,8558,2010,0.0,9330487.0,-0.387187,1.010443,KEN,ZAF,760120
7980689,121,246,8558,2010,0.0,125576.0,1.7118849999999999,0.762362,KOR,ZAF,760120
7980690,129,246,8558,2010,0.0,4579.0,-0.7534529999999999,-0.759605,LSO,ZAF,760120
7980691,134,246,8558,2010,0.0,22818.0,-0.5935229999999999,-0.056497000000000006,MAR,ZAF,760120
7980692,153,246,8558,2010,4577402.0,5870076.0,0.9530780000000001,0.607456,MYS,ZAF,760120
7980693,155,246,8558,2010,523.0,26845.0,-0.49860299999999996,-0.6728529999999999,NAM,ZAF,760120
7980694,159,246,8558,2010,0.0,12364973.0,-1.887084,-1.2280229999999999,NGA,ZAF,760120
7980695,162,246,8558,2010,164756.0,0.0,1.237998,1.1891209999999999,NLD,ZAF,760120
7980696,166,246,8558,2010,963972.0,0.0,0.36828299999999997,0.574574,NZL,ZAF,760120
7980697,183,246,8558,2010,1549922.0,0.0,-0.346143,-1.078192,QAT,ZAF,760120
7980698,186,246,8558,2010,1109525.0,0.0,0.583996,-0.223881,RUS,ZAF,760120
7980699,192,246,8558,2010,582015.0,194585.0,1.8441349999999999,0.570311,SGP,ZAF,760120
7980700,209,246,8558,2010,6429.0,68316.0,0.186142,-0.34577800000000003,SWZ,ZAF,760120
7980701,211,246,8558,2010,0.0,3488.0,-0.075668,-0.549686,SYC,ZAF,760120
7980702,216,246,8558,2010,3604754.0,3110896.0,0.748328,1.425224,THA,ZAF,760120
7980703,227,246,8558,2010,0.0,406394.0,-0.48061400000000004,0.187001,UGA,ZAF,760120
7980704,231,246,8558,2010,36725.0,0.0,1.67573,-0.598165,USA,ZAF,760120
7980705,237,246,8558,2010,0.0,99877.0,0.699891,-0.29630300000000004,VGB,ZAF,760120
7980706,242,246,8558,2010,0.0,177909.0,1.236381,0.276124,WSM,ZAF,760120
7980707,247,246,8558,2010,17365.0,10534.0,-0.650686,-0.830332,ZMB,ZAF,760120
7980708,248,246,8558,2010,0.0,9658.0,-0.869909,-0.8233309999999999,ZWE,ZAF,760120
7980709,249,246,8558,2010,623821.0,352188.0,1.766729,0.909335,TWN,ZAF,760120
7980710,7,249,8558,2010,146753968.0,0.0,0.29457,-0.196371,ARE,TWN,760120
7980711,14,249,8558,2010,135131184.0,659172.0,-0.276442,0.062023,AUS,TWN,760120
7980712,18,249,8558,2010,24763.0,0.0,1.2224270000000002,1.1276,BEL,TWN,760120
7980713,21,249,8558,2010,0.0,2561.0,-0.625747,-0.700651,BFA,TWN,760120
7980714,22,249,8558,2010,0.0,43912.0,-0.974526,-0.76566,BGD,TWN,760120
7980715,24,249,8558,2010,50350952.0,44391.0,0.284356,-0.8362,BHR,TWN,760120
7980716,39,249,8558,2010,16953.0,184471.0,0.752421,1.2208510000000001,CAN,TWN,760120
7980717,43,249,8558,2010,7606003.0,61732200.0,0.922493,2.0176,CHN,TWN,760120
7980718,49,249,8558,2010,0.0,11401.0,0.097222,-0.064328,COL,TWN,760120
7980719,61,249,8558,2010,54198.0,0.0,2.035672,-3.383322,DEU,TWN,760120
7980720,66,249,8558,2010,265579.0,29728.0,-1.00922,-1.1511040000000001,DZA,TWN,760120
7980721,71,249,8558,2010,14661.0,12572.0,0.832619,2.448009,ESP,TWN,760120
7980722,72,249,8558,2010,78412.0,0.0,0.832316,1.1844649999999999,EST,TWN,760120
7980723,73,249,8558,2010,0.0,21401.0,-1.122906,-0.840777,ETH,TWN,760120
7980724,77,249,8558,2010,45415.0,4502.0,1.530027,-0.052557000000000006,FRA,TWN,760120
7980725,81,249,8558,2010,59912.0,88042.0,1.828224,0.386383,GBR,TWN,760120
7980726,82,249,8558,2010,45695.0,0.0,-0.21301399999999998,-0.48355299999999996,GEO,TWN,760120
7980727,97,249,8558,2010,0.0,16096925.0,0.715745,1.9780259999999998,HKG,TWN,760120
7980728,103,249,8558,2010,81823.0,14777693.0,-0.30878099999999997,1.07069,IDN,TWN,760120
7980729,104,249,8558,2010,360108.0,5298813.0,0.14485599999999998,2.408913,IND,TWN,760120
7980730,110,249,8558,2010,138495.0,56571.0,1.215834,0.7028340000000001,ISR,TWN,760120
7980731,111,249,8558,2010,0.0,272552.0,1.272385,0.545721,ITA,TWN,760120
7980732,114,249,8558,2010,251751.0,57024980.0,2.459723,-0.279387,JPN,TWN,760120
7980733,121,249,8558,2010,163178.0,594164.0,1.7118849999999999,0.762362,KOR,TWN,760120
7980734,128,249,8558,2010,0.0,34888.0,-0.70886,0.25216700000000003,LKA,TWN,760120
7980735,138,249,8558,2010,46527868.0,2809.0,1.132664,0.675756,MEX,TWN,760120
7980736,143,249,8558,2010,0.0,38025.0,-1.480389,-1.075842,MMR,TWN,760120
7980737,153,249,8558,2010,811896.0,7095733.0,0.9530780000000001,0.607456,MYS,TWN,760120
7980738,162,249,8558,2010,236540.0,26517.0,1.237998,1.1891209999999999,NLD,TWN,760120
7980739,163,249,8558,2010,0.0,35851.0,0.865676,0.138757,NOR,TWN,760120
7980740,166,249,8558,2010,124329.0,879303.0,0.36828299999999997,0.574574,NZL,TWN,760120
7980741,167,249,8558,2010,0.0,21530.0,-0.487612,-0.9551379999999999,OMN,TWN,760120
7980742,168,249,8558,2010,0.0,4764958.0,-0.692071,0.5409010000000001,PAK,TWN,760120
7980743,169,249,8558,2010,0.0,6234.0,0.617867,0.903432,PAN,TWN,760120
7980744,173,249,8558,2010,62784.0,0.0,-0.650327,0.162321,PER,TWN,760120
7980745,174,249,8558,2010,0.0,16678506.0,0.40418899999999996,0.102497,PHL,TWN,760120
7980746,183,249,8558,2010,31239248.0,3879.0,-0.346143,-1.078192,QAT,TWN,760120
7980747,186,249,8558,2010,19421830.0,0.0,0.583996,-0.223881,RUS,TWN,760120
7980748,192,249,8558,2010,84207.0,2536540.0,1.8441349999999999,0.570311,SGP,TWN,760120
7980749,208,249,8558,2010,0.0,3782.0,1.882239,0.397927,SWE,TWN,760120
7980750,216,249,8558,2010,16687.0,22465604.0,0.748328,1.425224,THA,TWN,760120
7980751,224,249,8558,2010,0.0,42856.0,0.359977,2.471173,TUR,TWN,760120
7980752,230,249,8558,2010,24176.0,134002.0,0.217246,-0.079733,URY,TWN,760120
7980753,231,249,8558,2010,4026540.0,2626134.0,1.67573,-0.598165,USA,TWN,760120
7980754,236,249,8558,2010,9608.0,0.0,-0.660844,-1.145133,VEN,TWN,760120
7980755,239,249,8558,2010,60005.0,89841144.0,-0.24660500000000002,1.427235,VNM,TWN,760120
7980756,246,249,8558,2010,352188.0,623821.0,0.327326,1.513598,ZAF,TWN,760120
7980757,59,250,8558,2010,226158.0,7404.0,1.732044,0.333934,CZE,ANS,760120
7980758,90,250,8558,2010,1356.0,0.0,0.200249,1.4640090000000001,GRC,ANS,760120
7980759,104,250,8558,2010,0.0,56583.0,0.14485599999999998,2.408913,IND,ANS,760120
7980760,106,250,8558,2010,0.0,33822.0,1.371357,0.168795,IRL,ANS,760120
7980761,138,250,8558,2010,0.0,2217.0,1.132664,0.675756,MEX,ANS,760120
7980762,179,250,8558,2010,0.0,234790.0,0.551149,2.437209,PRT,ANS,760120
7980763,206,250,8558,2010,0.0,16543687.0,1.278601,0.726907,SVK,ANS,760120
7980764,207,250,8558,2010,0.0,2544890.0,1.595473,0.7023020000000001,SVN,ANS,760120
7980765,212,250,8558,2010,0.0,7069.0,-0.46833800000000003,1.11952,SYR,ANS,760120
7980766,223,250,8558,2010,0.0,16158.0,0.165019,0.8882059999999999,TUN,ANS,760120
7980767,224,250,8558,2010,7336874.0,170130.0,0.359977,2.471173,TUR,ANS,760120
7980768,239,250,8558,2010,0.0,307565.0,-0.24660500000000002,1.427235,VNM,ANS,760120
7980769,16,7,8558,2010,121629.0,0.0,-1.048424,-1.2030370000000001,AZE,ARE,760120
7980770,24,7,8558,2010,40478.0,20430.0,0.284356,-0.8362,BHR,ARE,760120
7980771,32,7,8558,2010,103037.0,230990.0,0.40715500000000004,0.6208100000000001,BRA,ARE,760120
7980772,43,7,8558,2010,1357306.0,41339536.0,0.922493,2.0176,CHN,ARE,760120
7980773,50,7,8558,2010,0.0,4575.0,0.8640059999999999,-0.6108180000000001,COM,ARE,760120
7980774,58,7,8558,2010,0.0,16100786.0,0.8776450000000001,0.568389,CYP,ARE,760120
7980775,59,7,8558,2010,0.0,9943975.0,1.732044,0.333934,CZE,ARE,760120
7980776,61,7,8558,2010,14311.0,75910216.0,2.035672,-3.383322,DEU,ARE,760120
7980777,66,7,8558,2010,95684.0,1359155.0,-1.00922,-1.1511040000000001,DZA,ARE,760120
7980778,68,7,8558,2010,160027.0,0.0,-0.181826,1.409465,EGY,ARE,760120
7980779,71,7,8558,2010,39040.0,27238182.0,0.832619,2.448009,ESP,ARE,760120
7980780,72,7,8558,2010,743502.0,0.0,0.832316,1.1844649999999999,EST,ARE,760120
7980781,73,7,8558,2010,199475.0,0.0,-1.122906,-0.840777,ETH,ARE,760120
7980782,77,7,8558,2010,0.0,51959.0,1.530027,-0.052557000000000006,FRA,ARE,760120
7980783,81,7,8558,2010,108467.0,4293633.0,1.828224,0.386383,GBR,ARE,760120
7980784,90,7,8558,2010,0.0,16091831.0,0.200249,1.4640090000000001,GRC,ARE,760120
7980785,97,7,8558,2010,0.0,3019884.0,0.715745,1.9780259999999998,HKG,ARE,760120
7980786,100,7,8558,2010,0.0,2708846.0,0.8276979999999999,0.97415,HRV,ARE,760120
7980787,103,7,8558,2010,0.0,16947106.0,-0.30878099999999997,1.07069,IDN,ARE,760120
7980788,104,7,8558,2010,5758446.0,56130716.0,0.14485599999999998,2.408913,IND,ARE,760120
7980789,107,7,8558,2010,0.0,36563248.0,-0.609874,-0.744733,IRN,ARE,760120
7980790,111,7,8558,2010,0.0,94657720.0,1.272385,0.545721,ITA,ARE,760120
7980791,114,7,8558,2010,0.0,131694816.0,2.459723,-0.279387,JPN,ARE,760120
7980792,121,7,8558,2010,3232791.0,46482216.0,1.7118849999999999,0.762362,KOR,ARE,760120
7980793,124,7,8558,2010,0.0,32942766.0,0.415854,1.424085,LBN,ARE,760120
7980794,128,7,8558,2010,0.0,6390594.0,-0.70886,0.25216700000000003,LKA,ARE,760120
7980795,134,7,8558,2010,0.0,26326318.0,-0.5935229999999999,-0.056497000000000006,MAR,ARE,760120
7980796,138,7,8558,2010,0.0,30360910.0,1.132664,0.675756,MEX,ARE,760120
7980797,153,7,8558,2010,667680.0,68953784.0,0.9530780000000001,0.607456,MYS,ARE,760120
7980798,162,7,8558,2010,933446.0,44764648.0,1.237998,1.1891209999999999,NLD,ARE,760120
7980799,167,7,8558,2010,0.0,948198.0,-0.487612,-0.9551379999999999,OMN,ARE,760120
7980800,168,7,8558,2010,30236.0,7159328.0,-0.692071,0.5409010000000001,PAK,ARE,760120
7980801,174,7,8558,2010,0.0,3963294.0,0.40418899999999996,0.102497,PHL,ARE,760120
7980802,177,7,8558,2010,0.0,32307882.0,1.083552,1.1433719999999998,POL,ARE,760120
7980803,179,7,8558,2010,24990.0,98411.0,0.551149,2.437209,PRT,ARE,760120
7980804,183,7,8558,2010,0.0,649808.0,-0.346143,-1.078192,QAT,ARE,760120
7980805,188,7,8558,2010,230122.0,11993415.0,0.46696400000000005,-0.7487520000000001,SAU,ARE,760120
7980806,190,7,8558,2010,0.0,482277.0,-1.9094669999999998,-1.271065,SDN,ARE,760120
7980807,192,7,8558,2010,1153.0,264526.0,1.8441349999999999,0.570311,SGP,ARE,760120
7980808,208,7,8558,2010,0.0,1892523.0,1.882239,0.397927,SWE,ARE,760120
7980809,212,7,8558,2010,136000.0,42425524.0,-0.46833800000000003,1.11952,SYR,ARE,760120
7980810,216,7,8558,2010,42416.0,116904296.0,0.748328,1.425224,THA,ARE,760120
7980811,224,7,8558,2010,0.0,57217644.0,0.359977,2.471173,TUR,ARE,760120
7980812,227,7,8558,2010,582265.0,0.0,-0.48061400000000004,0.187001,UGA,ARE,760120
7980813,231,7,8558,2010,709318.0,121675488.0,1.67573,-0.598165,USA,ARE,760120
7980814,239,7,8558,2010,0.0,3567544.0,-0.24660500000000002,1.427235,VNM,ARE,760120
7980815,246,7,8558,2010,0.0,124012.0,0.327326,1.513598,ZAF,ARE,760120
7980816,247,7,8558,2010,0.0,2098.0,-0.650686,-0.830332,ZMB,ARE,760120
7980817,249,7,8558,2010,0.0,146753968.0,1.766729,0.909335,TWN,ARE,760120
7980818,4,14,8558,2010,0.0,159911.0,-0.5316,-0.219561,ALB,AUS,760120
7980819,18,14,8558,2010,166444.0,0.0,1.2224270000000002,1.1276,BEL,AUS,760120
7980820,24,14,8558,2010,387930.0,0.0,0.284356,-0.8362,BHR,AUS,760120
7980821,32,14,8558,2010,69416.0,0.0,0.40715500000000004,0.6208100000000001,BRA,AUS,760120
7980822,39,14,8558,2010,15058.0,827719.0,0.752421,1.2208510000000001,CAN,AUS,760120
7980823,41,14,8558,2010,0.0,1959672.0,2.1492080000000002,0.556424,CHE,AUS,760120
7980824,43,14,8558,2010,4356426.0,27251638.0,0.922493,2.0176,CHN,AUS,760120
7980825,52,14,8558,2010,0.0,33054.0,-0.122722,-0.7062069999999999,CRI,AUS,760120
7980826,59,14,8558,2010,0.0,7236.0,1.732044,0.333934,CZE,AUS,760120
7980827,61,14,8558,2010,15048.0,0.0,2.035672,-3.383322,DEU,AUS,760120
7980828,64,14,8558,2010,0.0,6134.0,1.082468,1.280759,DNK,AUS,760120
7980829,67,14,8558,2010,0.0,148895.0,-0.584013,-0.743675,ECU,AUS,760120
7980830,71,14,8558,2010,1682.0,572458.0,0.832619,2.448009,ESP,AUS,760120
7980831,77,14,8558,2010,274462.0,78551.0,1.530027,-0.052557000000000006,FRA,AUS,760120
7980832,81,14,8558,2010,629894.0,0.0,1.828224,0.386383,GBR,AUS,760120
7980833,97,14,8558,2010,3990.0,5293520.0,0.715745,1.9780259999999998,HKG,AUS,760120
7980834,103,14,8558,2010,0.0,79974112.0,-0.30878099999999997,1.07069,IDN,AUS,760120
7980835,104,14,8558,2010,371054.0,6064992.0,0.14485599999999998,2.408913,IND,AUS,760120
7980836,105,14,8558,2010,0.0,126144.0,0.962752,-0.399434,IOT,AUS,760120
7980837,110,14,8558,2010,0.0,20535690.0,1.215834,0.7028340000000001,ISR,AUS,760120
7980838,111,14,8558,2010,252298.0,0.0,1.272385,0.545721,ITA,AUS,760120
7980839,114,14,8558,2010,3064883.0,240300080.0,2.459723,-0.279387,JPN,AUS,760120
7980840,116,14,8558,2010,0.0,751877.0,-0.387187,1.010443,KEN,AUS,760120
7980841,121,14,8558,2010,0.0,223239728.0,1.7118849999999999,0.762362,KOR,AUS,760120
7980842,138,14,8558,2010,2457025.0,19803188.0,1.132664,0.675756,MEX,AUS,760120
7980843,153,14,8558,2010,104155.0,34123404.0,0.9530780000000001,0.607456,MYS,AUS,760120
7980844,156,14,8558,2010,0.0,7865.0,-0.42193500000000006,-0.8256610000000001,NCL,AUS,760120
7980845,162,14,8558,2010,108273.0,0.0,1.237998,1.1891209999999999,NLD,AUS,760120
7980846,163,14,8558,2010,0.0,2980456.0,0.865676,0.138757,NOR,AUS,760120
7980847,166,14,8558,2010,2955555.0,11625638.0,0.36828299999999997,0.574574,NZL,AUS,760120
7980848,169,14,8558,2010,0.0,309171.0,0.617867,0.903432,PAN,AUS,760120
7980849,173,14,8558,2010,0.0,96611.0,-0.650327,0.162321,PER,AUS,760120
7980850,174,14,8558,2010,0.0,4121251.0,0.40418899999999996,0.102497,PHL,AUS,760120
7980851,183,14,8558,2010,259837.0,0.0,-0.346143,-1.078192,QAT,AUS,760120
7980852,192,14,8558,2010,1348358.0,6586446.0,1.8441349999999999,0.570311,SGP,AUS,760120
7980853,216,14,8558,2010,0.0,138990000.0,0.748328,1.425224,THA,AUS,760120
7980854,224,14,8558,2010,0.0,17181364.0,0.359977,2.471173,TUR,AUS,760120
7980855,226,14,8558,2010,0.0,341229.0,-0.7327,0.427616,TZA,AUS,760120
7980856,231,14,8558,2010,799142.0,52998244.0,1.67573,-0.598165,USA,AUS,760120
7980857,239,14,8558,2010,0.0,14810382.0,-0.24660500000000002,1.427235,VNM,AUS,760120
7980858,246,14,8558,2010,0.0,14263754.0,0.327326,1.513598,ZAF,AUS,760120
7980859,249,14,8558,2010,659172.0,135131184.0,1.766729,0.909335,TWN,AUS,760120
7980860,7,16,8558,2010,0.0,121629.0,0.29457,-0.196371,ARE,AZE,760120
7980861,107,16,8558,2010,0.0,146647.0,-0.609874,-0.744733,IRN,AZE,760120
7980862,114,16,8558,2010,0.0,89114.0,2.459723,-0.279387,JPN,AZE,760120
7980863,185,16,8558,2010,0.0,3705350.0,0.6483760000000001,1.200256,ROU,AZE,760120
7980864,186,16,8558,2010,84225.0,0.0,0.583996,-0.223881,RUS,AZE,760120
7980865,224,16,8558,2010,0.0,1535759.0,0.359977,2.471173,TUR,AZE,760120
7980866,18,22,8558,2010,79742.0,0.0,1.2224270000000002,1.1276,BEL,BGD,760120
7980867,24,22,8558,2010,35191.0,0.0,0.284356,-0.8362,BHR,BGD,760120
7980868,104,22,8558,2010,115045.0,0.0,0.14485599999999998,2.408913,IND,BGD,760120
7980869,153,22,8558,2010,15732287.0,0.0,0.9530780000000001,0.607456,MYS,BGD,760120
7980870,192,22,8558,2010,89049.0,0.0,1.8441349999999999,0.570311,SGP,BGD,760120
7980871,216,22,8558,2010,983363.0,0.0,0.748328,1.425224,THA,BGD,760120
7980872,231,22,8558,2010,241638.0,0.0,1.67573,-0.598165,USA,BGD,760120
7980873,249,22,8558,2010,43912.0,0.0,1.766729,0.909335,TWN,BGD,760120
7980874,15,23,8558,2010,101140.0,0.0,1.724315,-0.29379099999999997,AUT,BGR,760120
7980875,18,23,8558,2010,20573.0,0.0,1.2224270000000002,1.1276,BEL,BGR,760120
7980876,26,23,8558,2010,2154346.0,0.0,0.462275,0.830405,BIH,BGR,760120
7980877,41,23,8558,2010,1958.0,0.0,2.1492080000000002,0.556424,CHE,BGR,760120
7980878,43,23,8558,2010,0.0,41636.0,0.922493,2.0176,CHN,BGR,760120
7980879,61,23,8558,2010,105409.0,1322376.0,2.035672,-3.383322,DEU,BGR,760120
7980880,71,23,8558,2010,42143.0,0.0,0.832619,2.448009,ESP,BGR,760120
7980881,77,23,8558,2010,2217709.0,38079.0,1.530027,-0.052557000000000006,FRA,BGR,760120
7980882,81,23,8558,2010,1504012.0,430887.0,1.828224,0.386383,GBR,BGR,760120
7980883,90,23,8558,2010,4154696.0,17720.0,0.200249,1.4640090000000001,GRC,BGR,760120
7980884,102,23,8558,2010,65478.0,264179.0,1.514225,0.740341,HUN,BGR,760120
7980885,110,23,8558,2010,0.0,108570.0,1.215834,0.7028340000000001,ISR,BGR,760120
7980886,111,23,8558,2010,1004725.0,3460852.0,1.272385,0.545721,ITA,BGR,760120
7980887,114,23,8558,2010,0.0,304427.0,2.459723,-0.279387,JPN,BGR,760120
7980888,140,23,8558,2010,982062.0,30421.0,-0.122842,0.407017,MKD,BGR,760120
7980889,153,23,8558,2010,64668.0,0.0,0.9530780000000001,0.607456,MYS,BGR,760120
7980890,162,23,8558,2010,87626.0,28745.0,1.237998,1.1891209999999999,NLD,BGR,760120
7980891,177,23,8558,2010,1010454.0,654367.0,1.083552,1.1433719999999998,POL,BGR,760120
7980892,185,23,8558,2010,2772380.0,241880.0,0.6483760000000001,1.200256,ROU,BGR,760120
7980893,186,23,8558,2010,1782278.0,0.0,0.583996,-0.223881,RUS,BGR,760120
7980894,201,23,8558,2010,0.0,98594.0,0.561161,1.33974,SRB,BGR,760120
7980895,206,23,8558,2010,9252406.0,4781182.0,1.278601,0.726907,SVK,BGR,760120
7980896,207,23,8558,2010,1399810.0,95370.0,1.595473,0.7023020000000001,SVN,BGR,760120
7980897,224,23,8558,2010,25153014.0,89324.0,0.359977,2.471173,TUR,BGR,760120
7980898,7,24,8558,2010,20430.0,40478.0,0.29457,-0.196371,ARE,BHR,760120
7980899,9,24,8558,2010,0.0,111896.0,0.11632,-0.417048,ARM,BHR,760120
7980900,14,24,8558,2010,0.0,387930.0,-0.276442,0.062023,AUS,BHR,760120
7980901,15,24,8558,2010,4205.0,0.0,1.724315,-0.29379099999999997,AUT,BHR,760120
7980902,22,24,8558,2010,0.0,35191.0,-0.974526,-0.76566,BGD,BHR,760120
7980903,32,24,8558,2010,672499.0,0.0,0.40715500000000004,0.6208100000000001,BRA,BHR,760120
7980904,43,24,8558,2010,49605.0,622955.0,0.922493,2.0176,CHN,BHR,760120
7980905,61,24,8558,2010,33882.0,5604700.0,2.035672,-3.383322,DEU,BHR,760120
7980906,64,24,8558,2010,0.0,56929.0,1.082468,1.280759,DNK,BHR,760120
7980907,71,24,8558,2010,9034.0,55620412.0,0.832619,2.448009,ESP,BHR,760120
7980908,77,24,8558,2010,2244.0,6383654.0,1.530027,-0.052557000000000006,FRA,BHR,760120
7980909,81,24,8558,2010,153906.0,988197.0,1.828224,0.386383,GBR,BHR,760120
7980910,90,24,8558,2010,0.0,268768.0,0.200249,1.4640090000000001,GRC,BHR,760120
7980911,97,24,8558,2010,0.0,377988.0,0.715745,1.9780259999999998,HKG,BHR,760120
7980912,103,24,8558,2010,0.0,22303440.0,-0.30878099999999997,1.07069,IDN,BHR,760120
7980913,104,24,8558,2010,0.0,13786353.0,0.14485599999999998,2.408913,IND,BHR,760120
7980914,107,24,8558,2010,0.0,821171.0,-0.609874,-0.744733,IRN,BHR,760120
7980915,111,24,8558,2010,0.0,21843704.0,1.272385,0.545721,ITA,BHR,760120
7980916,113,24,8558,2010,0.0,12069163.0,0.251702,0.522758,JOR,BHR,760120
7980917,114,24,8558,2010,0.0,23938290.0,2.459723,-0.279387,JPN,BHR,760120
7980918,121,24,8558,2010,719912.0,104627672.0,1.7118849999999999,0.762362,KOR,BHR,760120
7980919,124,24,8558,2010,0.0,349719.0,0.415854,1.424085,LBN,BHR,760120
7980920,138,24,8558,2010,0.0,926520.0,1.132664,0.675756,MEX,BHR,760120
7980921,153,24,8558,2010,0.0,7400136.0,0.9530780000000001,0.607456,MYS,BHR,760120
7980922,162,24,8558,2010,536188.0,22178494.0,1.237998,1.1891209999999999,NLD,BHR,760120
7980923,168,24,8558,2010,0.0,1210155.0,-0.692071,0.5409010000000001,PAK,BHR,760120
7980924,174,24,8558,2010,0.0,350287.0,0.40418899999999996,0.102497,PHL,BHR,760120
7980925,177,24,8558,2010,0.0,34028716.0,1.083552,1.1433719999999998,POL,BHR,760120
7980926,183,24,8558,2010,0.0,326966.0,-0.346143,-1.078192,QAT,BHR,760120
7980927,188,24,8558,2010,0.0,7934815.0,0.46696400000000005,-0.7487520000000001,SAU,BHR,760120
7980928,206,24,8558,2010,0.0,890816.0,1.278601,0.726907,SVK,BHR,760120
7980929,212,24,8558,2010,0.0,942728.0,-0.46833800000000003,1.11952,SYR,BHR,760120
7980930,216,24,8558,2010,0.0,51127928.0,0.748328,1.425224,THA,BHR,760120
7980931,224,24,8558,2010,0.0,29082054.0,0.359977,2.471173,TUR,BHR,760120
7980932,231,24,8558,2010,1459.0,0.0,1.67573,-0.598165,USA,BHR,760120
7980933,239,24,8558,2010,0.0,1268251.0,-0.24660500000000002,1.427235,VNM,BHR,760120
7980934,246,24,8558,2010,0.0,21686716.0,0.327326,1.513598,ZAF,BHR,760120
7980935,249,24,8558,2010,44391.0,50350952.0,1.766729,0.909335,TWN,BHR,760120
7980936,15,26,8558,2010,294497.0,15618585.0,1.724315,-0.29379099999999997,AUT,BIH,760120
7980937,23,26,8558,2010,0.0,2154346.0,0.44973,1.445441,BGR,BIH,760120
7980938,59,26,8558,2010,0.0,3025154.0,1.732044,0.333934,CZE,BIH,760120
7980939,61,26,8558,2010,144925.0,1911791.0,2.035672,-3.383322,DEU,BIH,760120
7980940,71,26,8558,2010,47065.0,0.0,0.832619,2.448009,ESP,BIH,760120
7980941,77,26,8558,2010,0.0,281839.0,1.530027,-0.052557000000000006,FRA,BIH,760120
7980942,81,26,8558,2010,42563.0,0.0,1.828224,0.386383,GBR,BIH,760120
7980943,90,26,8558,2010,306665.0,0.0,0.200249,1.4640090000000001,GRC,BIH,760120
7980944,100,26,8558,2010,11274.0,45891636.0,0.8276979999999999,0.97415,HRV,BIH,760120
7980945,102,26,8558,2010,5183826.0,40425380.0,1.514225,0.740341,HUN,BIH,760120
7980946,111,26,8558,2010,873673.0,50004120.0,1.272385,0.545721,ITA,BIH,760120
7980947,131,26,8558,2010,84356.0,0.0,1.272127,1.1051520000000001,LUX,BIH,760120
7980948,140,26,8558,2010,93124.0,0.0,-0.122842,0.407017,MKD,BIH,760120
7980949,144,26,8558,2010,0.0,1768.0,0.266397,-0.02502,MNE,BIH,760120
7980950,162,26,8558,2010,59046.0,801.0,1.237998,1.1891209999999999,NLD,BIH,760120
7980951,177,26,8558,2010,0.0,10745240.0,1.083552,1.1433719999999998,POL,BIH,760120
7980952,185,26,8558,2010,51344.0,2054140.0,0.6483760000000001,1.200256,ROU,BIH,760120
7980953,201,26,8558,2010,83039.0,305443.0,0.561161,1.33974,SRB,BIH,760120
7980954,206,26,8558,2010,60352.0,3060364.0,1.278601,0.726907,SVK,BIH,760120
7980955,207,26,8558,2010,4525982.0,7171348.0,1.595473,0.7023020000000001,SVN,BIH,760120
7980956,208,26,8558,2010,0.0,314190.0,1.882239,0.397927,SWE,BIH,760120
7980957,224,26,8558,2010,12254.0,0.0,0.359977,2.471173,TUR,BIH,760120
7980958,231,26,8558,2010,3146.0,0.0,1.67573,-0.598165,USA,BIH,760120
7980959,61,28,8558,2010,145736.0,0.0,2.035672,-3.383322,DEU,BLR,760120
7980960,72,28,8558,2010,0.0,26159.0,0.832316,1.1844649999999999,EST,BLR,760120
7980961,121,28,8558,2010,0.0,1290180.0,1.7118849999999999,0.762362,KOR,BLR,760120
7980962,124,28,8558,2010,0.0,322686.0,0.415854,1.424085,LBN,BLR,760120
7980963,132,28,8558,2010,934.0,0.0,0.6158170000000001,1.1401059999999998,LVA,BLR,760120
7980964,177,28,8558,2010,0.0,306354.0,1.083552,1.1433719999999998,POL,BLR,760120
7980965,186,28,8558,2010,13783134.0,434778.0,0.583996,-0.223881,RUS,BLR,760120
7980966,228,28,8558,2010,156745.0,0.0,0.714148,0.916267,UKR,BLR,760120
7980967,7,59,8558,2010,9943975.0,0.0,0.29457,-0.196371,ARE,CZE,760120
7980968,14,59,8558,2010,7236.0,0.0,-0.276442,0.062023,AUS,CZE,760120
7980969,15,59,8558,2010,2350010.0,17992456.0,1.724315,-0.29379099999999997,AUT,CZE,760120
7980970,18,59,8558,2010,38688.0,137094.0,1.2224270000000002,1.1276,BEL,CZE,760120
7980971,26,59,8558,2010,3025154.0,0.0,0.462275,0.830405,BIH,CZE,760120
7980972,39,59,8558,2010,19983.0,1024385.0,0.752421,1.2208510000000001,CAN,CZE,760120
7980973,41,59,8558,2010,766654.0,2615009.0,2.1492080000000002,0.556424,CHE,CZE,760120
7980974,43,59,8558,2010,56952.0,0.0,0.922493,2.0176,CHN,CZE,760120
7980975,61,59,8558,2010,45713628.0,50836256.0,2.035672,-3.383322,DEU,CZE,760120
7980976,64,59,8558,2010,32316.0,43380.0,1.082468,1.280759,DNK,CZE,760120
7980977,66,59,8558,2010,0.0,103516.0,-1.00922,-1.1511040000000001,DZA,CZE,760120
7980978,68,59,8558,2010,490596.0,0.0,-0.181826,1.409465,EGY,CZE,760120
7980979,71,59,8558,2010,8494805.0,138068.0,0.832619,2.448009,ESP,CZE,760120
7980980,72,59,8558,2010,5868.0,0.0,0.832316,1.1844649999999999,EST,CZE,760120
7980981,74,59,8558,2010,250466.0,0.0,1.745464,0.897992,FIN,CZE,760120
7980982,77,59,8558,2010,52666.0,1180416.0,1.530027,-0.052557000000000006,FRA,CZE,760120
7980983,81,59,8558,2010,1196410.0,0.0,1.828224,0.386383,GBR,CZE,760120
7980984,100,59,8558,2010,0.0,3629262.0,0.8276979999999999,0.97415,HRV,CZE,760120
7980985,102,59,8558,2010,6159507.0,6533506.0,1.514225,0.740341,HUN,CZE,760120
7980986,109,59,8558,2010,673203.0,0.0,0.20822100000000002,-0.318294,ISL,CZE,760120
7980987,110,59,8558,2010,592764.0,0.0,1.215834,0.7028340000000001,ISR,CZE,760120
7980988,111,59,8558,2010,7558366.0,1853297.0,1.272385,0.545721,ITA,CZE,760120
7980989,114,59,8558,2010,0.0,13733.0,2.459723,-0.279387,JPN,CZE,760120
7980990,130,59,8558,2010,48860.0,0.0,0.6390600000000001,1.144911,LTU,CZE,760120
7980991,131,59,8558,2010,0.0,1658166.0,1.272127,1.1051520000000001,LUX,CZE,760120
7980992,132,59,8558,2010,653260.0,7155.0,0.6158170000000001,1.1401059999999998,LVA,CZE,760120
7980993,134,59,8558,2010,131856.0,0.0,-0.5935229999999999,-0.056497000000000006,MAR,CZE,760120
7980994,140,59,8558,2010,292670.0,0.0,-0.122842,0.407017,MKD,CZE,760120
7980995,144,59,8558,2010,268574.0,0.0,0.266397,-0.02502,MNE,CZE,760120
7980996,147,59,8558,2010,412864.0,0.0,-1.479855,-1.070518,MOZ,CZE,760120
7980997,162,59,8558,2010,18941062.0,570459.0,1.237998,1.1891209999999999,NLD,CZE,760120
7980998,163,59,8558,2010,48231304.0,0.0,0.865676,0.138757,NOR,CZE,760120
7980999,177,59,8558,2010,73460552.0,8981344.0,1.083552,1.1433719999999998,POL,CZE,760120
7981000,186,59,8558,2010,3071837.0,9801.0,0.583996,-0.223881,RUS,CZE,760120
7981001,201,59,8558,2010,94353.0,818984.0,0.561161,1.33974,SRB,CZE,760120
7981002,206,59,8558,2010,40763752.0,11304340.0,1.278601,0.726907,SVK,CZE,760120
7981003,207,59,8558,2010,4778130.0,7402648.0,1.595473,0.7023020000000001,SVN,CZE,760120
7981004,208,59,8558,2010,29896200.0,1795403.0,1.882239,0.397927,SWE,CZE,760120
7981005,217,59,8558,2010,80553.0,0.0,-1.054317,-1.074198,TJK,CZE,760120
7981006,224,59,8558,2010,49178.0,14891.0,0.359977,2.471173,TUR,CZE,760120
7981007,228,59,8558,2010,8914171.0,0.0,0.714148,0.916267,UKR,CZE,760120
7981008,231,59,8558,2010,29951.0,0.0,1.67573,-0.598165,USA,CZE,760120
7981009,232,59,8558,2010,74476.0,0.0,-0.704097,-0.655055,UZB,CZE,760120
7981010,250,59,8558,2010,7404.0,226158.0,0.45129600000000003,-0.223517,ANS,CZE,760120
7981011,7,68,8558,2010,0.0,160027.0,0.29457,-0.196371,ARE,EGY,760120
7981012,15,68,8558,2010,0.0,457712.0,1.724315,-0.29379099999999997,AUT,EGY,760120
7981013,18,68,8558,2010,0.0,2883530.0,1.2224270000000002,1.1276,BEL,EGY,760120
7981014,32,68,8558,2010,401491.0,0.0,0.40715500000000004,0.6208100000000001,BRA,EGY,760120
7981015,43,68,8558,2010,0.0,207468.0,0.922493,2.0176,CHN,EGY,760120
7981016,59,68,8558,2010,0.0,490596.0,1.732044,0.333934,CZE,EGY,760120
7981017,61,68,8558,2010,0.0,5302427.0,2.035672,-3.383322,DEU,EGY,760120
7981018,71,68,8558,2010,541525.0,3729252.0,0.832619,2.448009,ESP,EGY,760120
7981019,81,68,8558,2010,12300.0,0.0,1.828224,0.386383,GBR,EGY,760120
7981020,90,68,8558,2010,0.0,166439.0,0.200249,1.4640090000000001,GRC,EGY,760120
7981021,104,68,8558,2010,3306.0,68165.0,0.14485599999999998,2.408913,IND,EGY,760120
7981022,107,68,8558,2010,0.0,468952.0,-0.609874,-0.744733,IRN,EGY,760120
7981023,111,68,8558,2010,113950.0,93396744.0,1.272385,0.545721,ITA,EGY,760120
7981024,113,68,8558,2010,0.0,2014615.0,0.251702,0.522758,JOR,EGY,760120
7981025,114,68,8558,2010,0.0,35560.0,2.459723,-0.279387,JPN,EGY,760120
7981026,121,68,8558,2010,116738.0,184532.0,1.7118849999999999,0.762362,KOR,EGY,760120
7981027,126,68,8558,2010,0.0,36035.0,-0.706491,-1.140822,LBY,EGY,760120
7981028,153,68,8558,2010,1607285.0,387973.0,0.9530780000000001,0.607456,MYS,EGY,760120
7981029,162,68,8558,2010,0.0,72310.0,1.237998,1.1891209999999999,NLD,EGY,760120
7981030,177,68,8558,2010,0.0,806433.0,1.083552,1.1433719999999998,POL,EGY,760120
7981031,179,68,8558,2010,0.0,1804230.0,0.551149,2.437209,PRT,EGY,760120
7981032,188,68,8558,2010,0.0,40393.0,0.46696400000000005,-0.7487520000000001,SAU,EGY,760120
7981033,190,68,8558,2010,0.0,970.0,-1.9094669999999998,-1.271065,SDN,EGY,760120
7981034,206,68,8558,2010,0.0,284421.0,1.278601,0.726907,SVK,EGY,760120
7981035,207,68,8558,2010,0.0,227284.0,1.595473,0.7023020000000001,SVN,EGY,760120
7981036,212,68,8558,2010,0.0,384508.0,-0.46833800000000003,1.11952,SYR,EGY,760120
7981037,216,68,8558,2010,234619.0,604512.0,0.748328,1.425224,THA,EGY,760120
7981038,224,68,8558,2010,0.0,465400.0,0.359977,2.471173,TUR,EGY,760120
7981039,243,68,8558,2010,0.0,127267.0,-1.360851,-1.208826,YEM,EGY,760120
7981040,7,72,8558,2010,0.0,743502.0,0.29457,-0.196371,ARE,EST,760120
7981041,9,72,8558,2010,256734.0,0.0,0.11632,-0.417048,ARM,EST,760120
7981042,28,72,8558,2010,26159.0,0.0,0.969851,0.593386,BLR,EST,760120
7981043,59,72,8558,2010,0.0,5868.0,1.732044,0.333934,CZE,EST,760120
7981044,61,72,8558,2010,6064.0,0.0,2.035672,-3.383322,DEU,EST,760120
7981045,71,72,8558,2010,56343.0,11463.0,0.832619,2.448009,ESP,EST,760120
7981046,74,72,8558,2010,65691.0,20606.0,1.745464,0.897992,FIN,EST,760120
7981047,77,72,8558,2010,18364.0,281767.0,1.530027,-0.052557000000000006,FRA,EST,760120
7981048,81,72,8558,2010,1657.0,13975.0,1.828224,0.386383,GBR,EST,760120
7981049,90,72,8558,2010,0.0,179898.0,0.200249,1.4640090000000001,GRC,EST,760120
7981050,102,72,8558,2010,0.0,360225.0,1.514225,0.740341,HUN,EST,760120
7981051,111,72,8558,2010,0.0,185733.0,1.272385,0.545721,ITA,EST,760120
7981052,130,72,8558,2010,10721.0,29559.0,0.6390600000000001,1.144911,LTU,EST,760120
7981053,132,72,8558,2010,1088653.0,112810.0,0.6158170000000001,1.1401059999999998,LVA,EST,760120
7981054,162,72,8558,2010,2592.0,0.0,1.237998,1.1891209999999999,NLD,EST,760120
7981055,163,72,8558,2010,0.0,4286460.0,0.865676,0.138757,NOR,EST,760120
7981056,177,72,8558,2010,72088.0,978004.0,1.083552,1.1433719999999998,POL,EST,760120
7981057,183,72,8558,2010,0.0,51866.0,-0.346143,-1.078192,QAT,EST,760120
7981058,186,72,8558,2010,3311205.0,124726.0,0.583996,-0.223881,RUS,EST,760120
7981059,206,72,8558,2010,0.0,163948.0,1.278601,0.726907,SVK,EST,760120
7981060,207,72,8558,2010,0.0,95787.0,1.595473,0.7023020000000001,SVN,EST,760120
7981061,208,72,8558,2010,91689.0,629351.0,1.882239,0.397927,SWE,EST,760120
7981062,249,72,8558,2010,0.0,78412.0,1.766729,0.909335,TWN,EST,760120
7981063,61,82,8558,2010,0.0,49192.0,2.035672,-3.383322,DEU,GEO,760120
7981064,108,82,8558,2010,0.0,20450.0,-2.1439150000000002,-0.913227,IRQ,GEO,760120
7981065,114,82,8558,2010,0.0,25607.0,2.459723,-0.279387,JPN,GEO,760120
7981066,163,82,8558,2010,0.0,3577732.0,0.865676,0.138757,NOR,GEO,760120
7981067,224,82,8558,2010,89234.0,1143221.0,0.359977,2.471173,TUR,GEO,760120
7981068,228,82,8558,2010,9482.0,0.0,0.714148,0.916267,UKR,GEO,760120
7981069,249,82,8558,2010,0.0,45695.0,1.766729,0.909335,TWN,GEO,760120
7981070,7,100,8558,2010,2708846.0,0.0,0.29457,-0.196371,ARE,HRV,760120
7981071,15,100,8558,2010,1639624.0,105554.0,1.724315,-0.29379099999999997,AUT,HRV,760120
7981072,18,100,8558,2010,4935.0,0.0,1.2224270000000002,1.1276,BEL,HRV,760120
7981073,26,100,8558,2010,45891636.0,11274.0,0.462275,0.830405,BIH,HRV,760120
7981074,41,100,8558,2010,102839.0,0.0,2.1492080000000002,0.556424,CHE,HRV,760120
7981075,59,100,8558,2010,3629262.0,0.0,1.732044,0.333934,CZE,HRV,760120
7981076,61,100,8558,2010,693207.0,116969.0,2.035672,-3.383322,DEU,HRV,760120
7981077,71,100,8558,2010,72248.0,0.0,0.832619,2.448009,ESP,HRV,760120
7981078,77,100,8558,2010,1154156.0,93345.0,1.530027,-0.052557000000000006,FRA,HRV,760120
7981079,81,100,8558,2010,1995.0,0.0,1.828224,0.386383,GBR,HRV,760120
7981080,102,100,8558,2010,347501.0,1163264.0,1.514225,0.740341,HUN,HRV,760120
7981081,111,100,8558,2010,24963344.0,1092698.0,1.272385,0.545721,ITA,HRV,760120
7981082,115,100,8558,2010,6658.0,0.0,-0.6278020000000001,-0.8419760000000001,KAZ,HRV,760120
7981083,140,100,8558,2010,111616.0,23387.0,-0.122842,0.407017,MKD,HRV,760120
7981084,162,100,8558,2010,5115.0,0.0,1.237998,1.1891209999999999,NLD,HRV,760120
7981085,177,100,8558,2010,4246446.0,0.0,1.083552,1.1433719999999998,POL,HRV,760120
7981086,185,100,8558,2010,312473.0,0.0,0.6483760000000001,1.200256,ROU,HRV,760120
7981087,186,100,8558,2010,775774.0,0.0,0.583996,-0.223881,RUS,HRV,760120
7981088,201,100,8558,2010,1138453.0,264093.0,0.561161,1.33974,SRB,HRV,760120
7981089,206,100,8558,2010,53509.0,0.0,1.278601,0.726907,SVK,HRV,760120
7981090,207,100,8558,2010,6222680.0,1442734.0,1.595473,0.7023020000000001,SVN,HRV,760120
7981091,224,100,8558,2010,27700.0,0.0,0.359977,2.471173,TUR,HRV,760120
7981092,228,100,8558,2010,241156.0,0.0,0.714148,0.916267,UKR,HRV,760120
7981093,15,102,8558,2010,29046908.0,13384919.0,1.724315,-0.29379099999999997,AUT,HUN,760120
7981094,18,102,8558,2010,52409.0,115511.0,1.2224270000000002,1.1276,BEL,HUN,760120
7981095,23,102,8558,2010,264179.0,65478.0,0.44973,1.445441,BGR,HUN,760120
7981096,26,102,8558,2010,40425380.0,5183826.0,0.462275,0.830405,BIH,HUN,760120
7981097,41,102,8558,2010,1927.0,56335.0,2.1492080000000002,0.556424,CHE,HUN,760120
7981098,58,102,8558,2010,338365.0,0.0,0.8776450000000001,0.568389,CYP,HUN,760120
7981099,59,102,8558,2010,6533506.0,6159507.0,1.732044,0.333934,CZE,HUN,760120
7981100,61,102,8558,2010,21678236.0,50284716.0,2.035672,-3.383322,DEU,HUN,760120
7981101,64,102,8558,2010,49323.0,7874.0,1.082468,1.280759,DNK,HUN,760120
7981102,71,102,8558,2010,5020224.0,3091922.0,0.832619,2.448009,ESP,HUN,760120
7981103,72,102,8558,2010,360225.0,0.0,0.832316,1.1844649999999999,EST,HUN,760120
7981104,77,102,8558,2010,1100334.0,1816942.0,1.530027,-0.052557000000000006,FRA,HUN,760120
7981105,81,102,8558,2010,24078660.0,133463.0,1.828224,0.386383,GBR,HUN,760120
7981106,100,102,8558,2010,1163264.0,347501.0,0.8276979999999999,0.97415,HRV,HUN,760120
7981107,109,102,8558,2010,0.0,46488.0,0.20822100000000002,-0.318294,ISL,HUN,760120
7981108,111,102,8558,2010,59775056.0,783349.0,1.272385,0.545721,ITA,HUN,760120
7981109,121,102,8558,2010,290207.0,0.0,1.7118849999999999,0.762362,KOR,HUN,760120
7981110,130,102,8558,2010,338002.0,0.0,0.6390600000000001,1.144911,LTU,HUN,760120
7981111,132,102,8558,2010,335734.0,0.0,0.6158170000000001,1.1401059999999998,LVA,HUN,760120
7981112,138,102,8558,2010,0.0,24595.0,1.132664,0.675756,MEX,HUN,760120
7981113,140,102,8558,2010,0.0,260705.0,-0.122842,0.407017,MKD,HUN,760120
7981114,162,102,8558,2010,12781259.0,166419.0,1.237998,1.1891209999999999,NLD,HUN,760120
7981115,163,102,8558,2010,17704194.0,0.0,0.865676,0.138757,NOR,HUN,760120
7981116,177,102,8558,2010,15232945.0,2948801.0,1.083552,1.1433719999999998,POL,HUN,760120
7981117,179,102,8558,2010,58749.0,0.0,0.551149,2.437209,PRT,HUN,760120
7981118,185,102,8558,2010,38324548.0,2225993.0,0.6483760000000001,1.200256,ROU,HUN,760120
7981119,186,102,8558,2010,711796.0,0.0,0.583996,-0.223881,RUS,HUN,760120
7981120,201,102,8558,2010,117125.0,5300686.0,0.561161,1.33974,SRB,HUN,760120
7981121,206,102,8558,2010,51317376.0,3982086.0,1.278601,0.726907,SVK,HUN,760120
7981122,207,102,8558,2010,4819466.0,5431092.0,1.595473,0.7023020000000001,SVN,HUN,760120
7981123,208,102,8558,2010,41543836.0,67461.0,1.882239,0.397927,SWE,HUN,760120
7981124,224,102,8558,2010,268566.0,0.0,0.359977,2.471173,TUR,HUN,760120
7981125,231,102,8558,2010,0.0,43431.0,1.67573,-0.598165,USA,HUN,760120
7981126,15,106,8558,2010,0.0,879801.0,1.724315,-0.29379099999999997,AUT,IRL,760120
7981127,39,106,8558,2010,245730.0,0.0,0.752421,1.2208510000000001,CAN,IRL,760120
7981128,41,106,8558,2010,159864.0,0.0,2.1492080000000002,0.556424,CHE,IRL,760120
7981129,43,106,8558,2010,11223.0,0.0,0.922493,2.0176,CHN,IRL,760120
7981130,61,106,8558,2010,211926.0,2491700.0,2.035672,-3.383322,DEU,IRL,760120
7981131,77,106,8558,2010,0.0,574848.0,1.530027,-0.052557000000000006,FRA,IRL,760120
7981132,81,106,8558,2010,301572.0,469118.0,1.828224,0.386383,GBR,IRL,760120
7981133,162,106,8558,2010,5247354.0,0.0,1.237998,1.1891209999999999,NLD,IRL,760120
7981134,163,106,8558,2010,1481973.0,7398.0,0.865676,0.138757,NOR,IRL,760120
7981135,207,106,8558,2010,588308.0,0.0,1.595473,0.7023020000000001,SVN,IRL,760120
7981136,231,106,8558,2010,87782.0,0.0,1.67573,-0.598165,USA,IRL,760120
7981137,250,106,8558,2010,33822.0,0.0,0.45129600000000003,-0.223517,ANS,IRL,760120
7981138,82,108,8558,2010,20450.0,0.0,-0.21301399999999998,-0.48355299999999996,GEO,IRQ,760120
7981139,107,108,8558,2010,0.0,12127350.0,-0.609874,-0.744733,IRN,IRQ,760120
7981140,212,108,8558,2010,5946.0,0.0,-0.46833800000000003,1.11952,SYR,IRQ,760120
7981141,224,108,8558,2010,359393.0,0.0,0.359977,2.471173,TUR,IRQ,760120
7981142,231,108,8558,2010,4274.0,0.0,1.67573,-0.598165,USA,IRQ,760120
7981143,24,113,8558,2010,12069163.0,0.0,0.284356,-0.8362,BHR,JOR,760120
7981144,66,113,8558,2010,96507.0,0.0,-1.00922,-1.1511040000000001,DZA,JOR,760120
7981145,68,113,8558,2010,2014615.0,0.0,-0.181826,1.409465,EGY,JOR,760120
7981146,71,113,8558,2010,0.0,499894.0,0.832619,2.448009,ESP,JOR,760120
7981147,104,113,8558,2010,0.0,419809.0,0.14485599999999998,2.408913,IND,JOR,760120
7981148,111,113,8558,2010,0.0,2829598.0,1.272385,0.545721,ITA,JOR,760120
7981149,114,113,8558,2010,0.0,1722367.0,2.459723,-0.279387,JPN,JOR,760120
7981150,121,113,8558,2010,0.0,1997635.0,1.7118849999999999,0.762362,KOR,JOR,760120
7981151,224,113,8558,2010,0.0,58691.0,0.359977,2.471173,TUR,JOR,760120
7981152,14,116,8558,2010,751877.0,0.0,-0.276442,0.062023,AUS,KEN,760120
7981153,15,116,8558,2010,137743.0,0.0,1.724315,-0.29379099999999997,AUT,KEN,760120
7981154,17,116,8558,2010,0.0,70673.0,-0.922883,-0.748675,BDI,KEN,760120
7981155,43,116,8558,2010,12019.0,0.0,0.922493,2.0176,CHN,KEN,760120
7981156,104,116,8558,2010,7608.0,0.0,0.14485599999999998,2.408913,IND,KEN,760120
7981157,153,116,8558,2010,256156.0,0.0,0.9530780000000001,0.607456,MYS,KEN,760120
7981158,159,116,8558,2010,213950.0,0.0,-1.887084,-1.2280229999999999,NGA,KEN,760120
7981159,186,116,8558,2010,1462710.0,0.0,0.583996,-0.223881,RUS,KEN,760120
7981160,228,116,8558,2010,1028584.0,0.0,0.714148,0.916267,UKR,KEN,760120
7981161,246,116,8558,2010,9330487.0,0.0,0.327326,1.513598,ZAF,KEN,760120
7981162,43,117,8558,2010,0.0,800815.0,0.922493,2.0176,CHN,KGZ,760120
7981163,61,117,8558,2010,0.0,137960.0,2.035672,-3.383322,DEU,KGZ,760120
7981164,81,117,8558,2010,0.0,1103.0,1.828224,0.386383,GBR,KGZ,760120
7981165,107,117,8558,2010,0.0,31468.0,-0.609874,-0.744733,IRN,KGZ,760120
7981166,115,117,8558,2010,1075104.0,0.0,-0.6278020000000001,-0.8419760000000001,KAZ,KGZ,760120
7981167,130,117,8558,2010,0.0,15267.0,0.6390600000000001,1.144911,LTU,KGZ,760120
7981168,177,117,8558,2010,0.0,23398.0,1.083552,1.1433719999999998,POL,KGZ,760120
7981169,186,117,8558,2010,14927.0,691049.0,0.583996,-0.223881,RUS,KGZ,760120
7981170,224,117,8558,2010,0.0,118675.0,0.359977,2.471173,TUR,KGZ,760120
7981171,104,122,8558,2010,1165.0,0.0,0.14485599999999998,2.408913,IND,KWT,760120
7981172,183,122,8558,2010,0.0,13931.0,-0.346143,-1.078192,QAT,KWT,760120
7981173,7,124,8558,2010,32942766.0,0.0,0.29457,-0.196371,ARE,LBN,760120
7981174,8,124,8558,2010,209296.0,0.0,0.27458899999999997,0.597907,ARG,LBN,760120
7981175,24,124,8558,2010,349719.0,0.0,0.284356,-0.8362,BHR,LBN,760120
7981176,28,124,8558,2010,322686.0,0.0,0.969851,0.593386,BLR,LBN,760120
7981177,66,124,8558,2010,23077.0,0.0,-1.00922,-1.1511040000000001,DZA,LBN,760120
7981178,71,124,8558,2010,2853936.0,0.0,0.832619,2.448009,ESP,LBN,760120
7981179,77,124,8558,2010,219582.0,0.0,1.530027,-0.052557000000000006,FRA,LBN,760120
7981180,90,124,8558,2010,52675.0,0.0,0.200249,1.4640090000000001,GRC,LBN,760120
7981181,111,124,8558,2010,52144.0,0.0,1.272385,0.545721,ITA,LBN,760120
7981182,162,124,8558,2010,30104.0,0.0,1.237998,1.1891209999999999,NLD,LBN,760120
7981183,183,124,8558,2010,0.0,28544.0,-0.346143,-1.078192,QAT,LBN,760120
7981184,15,130,8558,2010,0.0,921484.0,1.724315,-0.29379099999999997,AUT,LTU,760120
7981185,59,130,8558,2010,0.0,48860.0,1.732044,0.333934,CZE,LTU,760120
7981186,61,130,8558,2010,95614.0,7990608.0,2.035672,-3.383322,DEU,LTU,760120
7981187,72,130,8558,2010,29559.0,10721.0,0.832316,1.1844649999999999,EST,LTU,760120
7981188,102,130,8558,2010,0.0,338002.0,1.514225,0.740341,HUN,LTU,760120
7981189,111,130,8558,2010,166315.0,0.0,1.272385,0.545721,ITA,LTU,760120
7981190,114,130,8558,2010,0.0,63533.0,2.459723,-0.279387,JPN,LTU,760120
7981191,117,130,8558,2010,15267.0,0.0,-0.48426400000000003,-0.169443,KGZ,LTU,760120
7981192,132,130,8558,2010,1026085.0,848948.0,0.6158170000000001,1.1401059999999998,LVA,LTU,760120
7981193,163,130,8558,2010,1605.0,0.0,0.865676,0.138757,NOR,LTU,760120
7981194,177,130,8558,2010,52937.0,302705.0,1.083552,1.1433719999999998,POL,LTU,760120
7981195,206,130,8558,2010,1681882.0,0.0,1.278601,0.726907,SVK,LTU,760120
7981196,207,130,8558,2010,0.0,130348.0,1.595473,0.7023020000000001,SVN,LTU,760120
7981197,208,130,8558,2010,0.0,57019.0,1.882239,0.397927,SWE,LTU,760120
7981198,228,130,8558,2010,38899.0,0.0,0.714148,0.916267,UKR,LTU,760120
7981199,231,130,8558,2010,3043.0,0.0,1.67573,-0.598165,USA,LTU,760120
7981200,15,131,8558,2010,0.0,59479.0,1.724315,-0.29379099999999997,AUT,LUX,760120
7981201,18,131,8558,2010,16168896.0,73228792.0,1.2224270000000002,1.1276,BEL,LUX,760120
7981202,26,131,8558,2010,0.0,84356.0,0.462275,0.830405,BIH,LUX,760120
7981203,41,131,8558,2010,0.0,4373376.0,2.1492080000000002,0.556424,CHE,LUX,760120
7981204,59,131,8558,2010,1658166.0,0.0,1.732044,0.333934,CZE,LUX,760120
7981205,61,131,8558,2010,18034568.0,117271432.0,2.035672,-3.383322,DEU,LUX,760120
7981206,64,131,8558,2010,0.0,1467334.0,1.082468,1.280759,DNK,LUX,760120
7981207,71,131,8558,2010,0.0,328143.0,0.832619,2.448009,ESP,LUX,760120
7981208,74,131,8558,2010,0.0,48752.0,1.745464,0.897992,FIN,LUX,760120
7981209,77,131,8558,2010,3223990.0,57176404.0,1.530027,-0.052557000000000006,FRA,LUX,760120
7981210,81,131,8558,2010,3255954.0,8723363.0,1.828224,0.386383,GBR,LUX,760120
7981211,111,131,8558,2010,0.0,19253312.0,1.272385,0.545721,ITA,LUX,760120
7981212,138,131,8558,2010,365354.0,0.0,1.132664,0.675756,MEX,LUX,760120
7981213,162,131,8558,2010,21569788.0,11155716.0,1.237998,1.1891209999999999,NLD,LUX,760120
7981214,163,131,8558,2010,4504902.0,0.0,0.865676,0.138757,NOR,LUX,760120
7981215,177,131,8558,2010,0.0,249381.0,1.083552,1.1433719999999998,POL,LUX,760120
7981216,206,131,8558,2010,0.0,4136450.0,1.278601,0.726907,SVK,LUX,760120
7981217,208,131,8558,2010,155550.0,5882866.0,1.882239,0.397927,SWE,LUX,760120
7981218,224,131,8558,2010,0.0,3140.0,0.359977,2.471173,TUR,LUX,760120
7981219,15,132,8558,2010,31165.0,363021.0,1.724315,-0.29379099999999997,AUT,LVA,760120
7981220,28,132,8558,2010,0.0,934.0,0.969851,0.593386,BLR,LVA,760120
7981221,59,132,8558,2010,7155.0,653260.0,1.732044,0.333934,CZE,LVA,760120
7981222,61,132,8558,2010,1089.0,20387784.0,2.035672,-3.383322,DEU,LVA,760120
7981223,64,132,8558,2010,39651.0,0.0,1.082468,1.280759,DNK,LVA,760120
7981224,71,132,8558,2010,74214.0,0.0,0.832619,2.448009,ESP,LVA,760120
7981225,72,132,8558,2010,112810.0,1088653.0,0.832316,1.1844649999999999,EST,LVA,760120
7981226,74,132,8558,2010,0.0,2128.0,1.745464,0.897992,FIN,LVA,760120
7981227,81,132,8558,2010,0.0,1896496.0,1.828224,0.386383,GBR,LVA,760120
7981228,102,132,8558,2010,0.0,335734.0,1.514225,0.740341,HUN,LVA,760120
7981229,110,132,8558,2010,0.0,117021.0,1.215834,0.7028340000000001,ISR,LVA,760120
7981230,130,132,8558,2010,848948.0,1026085.0,0.6390600000000001,1.144911,LTU,LVA,760120
7981231,140,132,8558,2010,0.0,107033.0,-0.122842,0.407017,MKD,LVA,760120
7981232,162,132,8558,2010,63761.0,0.0,1.237998,1.1891209999999999,NLD,LVA,760120
7981233,163,132,8558,2010,8808.0,51887.0,0.865676,0.138757,NOR,LVA,760120
7981234,177,132,8558,2010,130444.0,163645.0,1.083552,1.1433719999999998,POL,LVA,760120
7981235,186,132,8558,2010,3441.0,93540.0,0.583996,-0.223881,RUS,LVA,760120
7981236,206,132,8558,2010,214625.0,981580.0,1.278601,0.726907,SVK,LVA,760120
7981237,208,132,8558,2010,0.0,1329990.0,1.882239,0.397927,SWE,LVA,760120
7981238,216,132,8558,2010,0.0,25092.0,0.748328,1.425224,THA,LVA,760120
7981239,239,132,8558,2010,0.0,94912.0,-0.24660500000000002,1.427235,VNM,LVA,760120
7981240,7,134,8558,2010,26326318.0,0.0,0.29457,-0.196371,ARE,MAR,760120
7981241,43,134,8558,2010,4898.0,0.0,0.922493,2.0176,CHN,MAR,760120
7981242,59,134,8558,2010,0.0,131856.0,1.732044,0.333934,CZE,MAR,760120
7981243,71,134,8558,2010,8475322.0,0.0,0.832619,2.448009,ESP,MAR,760120
7981244,77,134,8558,2010,836640.0,0.0,1.530027,-0.052557000000000006,FRA,MAR,760120
7981245,81,134,8558,2010,2495.0,0.0,1.828224,0.386383,GBR,MAR,760120
7981246,111,134,8558,2010,26516.0,2752.0,1.272385,0.545721,ITA,MAR,760120
7981247,163,134,8558,2010,37242.0,0.0,0.865676,0.138757,NOR,MAR,760120
7981248,183,134,8558,2010,66913.0,0.0,-0.346143,-1.078192,QAT,MAR,760120
7981249,231,134,8558,2010,0.0,58291.0,1.67573,-0.598165,USA,MAR,760120
7981250,236,134,8558,2010,2163.0,0.0,-0.660844,-1.145133,VEN,MAR,760120
7981251,246,134,8558,2010,22818.0,0.0,0.327326,1.513598,ZAF,MAR,760120
7981252,61,135,8558,2010,125749.0,0.0,2.035672,-3.383322,DEU,MDA,760120
7981253,186,135,8558,2010,16481.0,0.0,0.583996,-0.223881,RUS,MDA,760120
7981254,4,140,8558,2010,13424.0,0.0,-0.5316,-0.219561,ALB,MKD,760120
7981255,15,140,8558,2010,465012.0,0.0,1.724315,-0.29379099999999997,AUT,MKD,760120
7981256,23,140,8558,2010,30421.0,982062.0,0.44973,1.445441,BGR,MKD,760120
7981257,26,140,8558,2010,0.0,93124.0,0.462275,0.830405,BIH,MKD,760120
7981258,41,140,8558,2010,570.0,0.0,2.1492080000000002,0.556424,CHE,MKD,760120
7981259,59,140,8558,2010,0.0,292670.0,1.732044,0.333934,CZE,MKD,760120
7981260,81,140,8558,2010,421797.0,0.0,1.828224,0.386383,GBR,MKD,760120
7981261,100,140,8558,2010,23387.0,111616.0,0.8276979999999999,0.97415,HRV,MKD,760120
7981262,102,140,8558,2010,260705.0,0.0,1.514225,0.740341,HUN,MKD,760120
7981263,111,140,8558,2010,156078.0,138210.0,1.272385,0.545721,ITA,MKD,760120
7981264,132,140,8558,2010,107033.0,0.0,0.6158170000000001,1.1401059999999998,LVA,MKD,760120
7981265,177,140,8558,2010,1680259.0,0.0,1.083552,1.1433719999999998,POL,MKD,760120
7981266,185,140,8558,2010,1401906.0,0.0,0.6483760000000001,1.200256,ROU,MKD,760120
7981267,186,140,8558,2010,96373.0,0.0,0.583996,-0.223881,RUS,MKD,760120
7981268,201,140,8558,2010,393946.0,756789.0,0.561161,1.33974,SRB,MKD,760120
7981269,207,140,8558,2010,413946.0,0.0,1.595473,0.7023020000000001,SVN,MKD,760120
7981270,224,140,8558,2010,1253399.0,0.0,0.359977,2.471173,TUR,MKD,760120
7981271,111,142,8558,2010,3493.0,0.0,1.272385,0.545721,ITA,MLT,760120
7981272,163,142,8558,2010,1801020.0,0.0,0.865676,0.138757,NOR,MLT,760120
7981273,59,147,8558,2010,0.0,412864.0,1.732044,0.333934,CZE,MOZ,760120
7981274,61,147,8558,2010,0.0,38944676.0,2.035672,-3.383322,DEU,MOZ,760120
7981275,71,147,8558,2010,0.0,48808.0,0.832619,2.448009,ESP,MOZ,760120
7981276,77,147,8558,2010,0.0,49616.0,1.530027,-0.052557000000000006,FRA,MOZ,760120
7981277,177,147,8558,2010,0.0,2467982.0,1.083552,1.1433719999999998,POL,MOZ,760120
7981278,1,159,8558,2010,0.0,84625.0,-0.054633,-0.102103,AFG,NGA,760120
7981279,5,159,8558,2010,0.0,100174.0,0.8963620000000001,0.7650399999999999,AND,NGA,760120
7981280,8,159,8558,2010,29866.0,0.0,0.27458899999999997,0.597907,ARG,NGA,760120
7981281,11,159,8558,2010,280061.0,0.0,1.337233,0.166186,ATA,NGA,760120
7981282,13,159,8558,2010,0.0,1719580.0,1.2153129999999999,0.955838,ATG,NGA,760120
7981283,15,159,8558,2010,0.0,516783.0,1.724315,-0.29379099999999997,AUT,NGA,760120
7981284,18,159,8558,2010,0.0,1818.0,1.2224270000000002,1.1276,BEL,NGA,760120
7981285,32,159,8558,2010,148164.0,0.0,0.40715500000000004,0.6208100000000001,BRA,NGA,760120
7981286,33,159,8558,2010,467568.0,72303.0,0.7076140000000001,0.434993,BRB,NGA,760120
7981287,43,159,8558,2010,223779.0,2493642.0,0.922493,2.0176,CHN,NGA,760120
7981288,46,159,8558,2010,0.0,83631.0,-1.465101,-1.139909,COD,NGA,760120
7981289,71,159,8558,2010,183779.0,0.0,0.832619,2.448009,ESP,NGA,760120
7981290,77,159,8558,2010,0.0,11355.0,1.530027,-0.052557000000000006,FRA,NGA,760120
7981291,81,159,8558,2010,10468.0,0.0,1.828224,0.386383,GBR,NGA,760120
7981292,90,159,8558,2010,5056.0,0.0,0.200249,1.4640090000000001,GRC,NGA,760120
7981293,103,159,8558,2010,0.0,208229.0,-0.30878099999999997,1.07069,IDN,NGA,760120
7981294,104,159,8558,2010,27194.0,3269276.0,0.14485599999999998,2.408913,IND,NGA,760120
7981295,110,159,8558,2010,0.0,223432.0,1.215834,0.7028340000000001,ISR,NGA,760120
7981296,111,159,8558,2010,251948.0,143069.0,1.272385,0.545721,ITA,NGA,760120
7981297,114,159,8558,2010,0.0,25291596.0,2.459723,-0.279387,JPN,NGA,760120
7981298,116,159,8558,2010,0.0,213950.0,-0.387187,1.010443,KEN,NGA,760120
7981299,121,159,8558,2010,0.0,105428.0,1.7118849999999999,0.762362,KOR,NGA,760120
7981300,162,159,8558,2010,1191451.0,0.0,1.237998,1.1891209999999999,NLD,NGA,760120
7981301,191,159,8558,2010,0.0,2864.0,-0.45445,-0.148149,SEN,NGA,760120
7981302,192,159,8558,2010,0.0,132276.0,1.8441349999999999,0.570311,SGP,NGA,760120
7981303,216,159,8558,2010,0.0,97852.0,0.748328,1.425224,THA,NGA,760120
7981304,231,159,8558,2010,520154.0,3972641.0,1.67573,-0.598165,USA,NGA,760120
7981305,246,159,8558,2010,12364973.0,0.0,0.327326,1.513598,ZAF,NGA,760120
7981306,14,163,8558,2010,2980456.0,0.0,-0.276442,0.062023,AUS,NOR,760120
7981307,15,163,8558,2010,0.0,133102080.0,1.724315,-0.29379099999999997,AUT,NOR,760120
7981308,18,163,8558,2010,483637.0,92740584.0,1.2224270000000002,1.1276,BEL,NOR,760120
7981309,32,163,8558,2010,6106153.0,0.0,0.40715500000000004,0.6208100000000001,BRA,NOR,760120
7981310,39,163,8558,2010,19910314.0,0.0,0.752421,1.2208510000000001,CAN,NOR,760120
7981311,41,163,8558,2010,38356.0,37107816.0,2.1492080000000002,0.556424,CHE,NOR,760120
7981312,43,163,8558,2010,1703902.0,6060027.0,0.922493,2.0176,CHN,NOR,760120
7981313,59,163,8558,2010,0.0,48231304.0,1.732044,0.333934,CZE,NOR,760120
7981314,61,163,8558,2010,6029434.0,532837248.0,2.035672,-3.383322,DEU,NOR,760120
7981315,64,163,8558,2010,313205.0,110295416.0,1.082468,1.280759,DNK,NOR,760120
7981316,71,163,8558,2010,1540148.0,126698856.0,0.832619,2.448009,ESP,NOR,760120
7981317,72,163,8558,2010,4286460.0,0.0,0.832316,1.1844649999999999,EST,NOR,760120
7981318,74,163,8558,2010,0.0,76858672.0,1.745464,0.897992,FIN,NOR,760120
7981319,77,163,8558,2010,0.0,154927152.0,1.530027,-0.052557000000000006,FRA,NOR,760120
7981320,81,163,8558,2010,9785370.0,46218380.0,1.828224,0.386383,GBR,NOR,760120
7981321,82,163,8558,2010,3577732.0,0.0,-0.21301399999999998,-0.48355299999999996,GEO,NOR,760120
7981322,90,163,8558,2010,0.0,22327124.0,0.200249,1.4640090000000001,GRC,NOR,760120
7981323,102,163,8558,2010,0.0,17704194.0,1.514225,0.740341,HUN,NOR,760120
7981324,104,163,8558,2010,987.0,995805.0,0.14485599999999998,2.408913,IND,NOR,760120
7981325,106,163,8558,2010,7398.0,1481973.0,1.371357,0.168795,IRL,NOR,760120
7981326,109,163,8558,2010,0.0,111047.0,0.20822100000000002,-0.318294,ISL,NOR,760120
7981327,110,163,8558,2010,0.0,1246643.0,1.215834,0.7028340000000001,ISR,NOR,760120
7981328,111,163,8558,2010,23822.0,62389428.0,1.272385,0.545721,ITA,NOR,760120
7981329,114,163,8558,2010,0.0,569859.0,2.459723,-0.279387,JPN,NOR,760120
7981330,115,163,8558,2010,66444.0,0.0,-0.6278020000000001,-0.8419760000000001,KAZ,NOR,760120
7981331,121,163,8558,2010,6778.0,98092.0,1.7118849999999999,0.762362,KOR,NOR,760120
7981332,130,163,8558,2010,0.0,1605.0,0.6390600000000001,1.144911,LTU,NOR,760120
7981333,131,163,8558,2010,0.0,4504902.0,1.272127,1.1051520000000001,LUX,NOR,760120
7981334,132,163,8558,2010,51887.0,8808.0,0.6158170000000001,1.1401059999999998,LVA,NOR,760120
7981335,134,163,8558,2010,0.0,37242.0,-0.5935229999999999,-0.056497000000000006,MAR,NOR,760120
7981336,142,163,8558,2010,0.0,1801020.0,1.211797,-0.024923,MLT,NOR,760120
7981337,162,163,8558,2010,5175862.0,480145760.0,1.237998,1.1891209999999999,NLD,NOR,760120
7981338,166,163,8558,2010,1461271.0,0.0,0.36828299999999997,0.574574,NZL,NOR,760120
7981339,177,163,8558,2010,64401.0,132042784.0,1.083552,1.1433719999999998,POL,NOR,760120
7981340,179,163,8558,2010,0.0,175723568.0,0.551149,2.437209,PRT,NOR,760120
7981341,185,163,8558,2010,0.0,3482001.0,0.6483760000000001,1.200256,ROU,NOR,760120
7981342,186,163,8558,2010,26596426.0,0.0,0.583996,-0.223881,RUS,NOR,760120
7981343,198,163,8558,2010,0.0,7782927.0,1.0115299999999998,0.29852399999999996,SMR,NOR,760120
7981344,201,163,8558,2010,0.0,32396.0,0.561161,1.33974,SRB,NOR,760120
7981345,206,163,8558,2010,0.0,1538129.0,1.278601,0.726907,SVK,NOR,760120
7981346,208,163,8558,2010,768863.0,317824544.0,1.882239,0.397927,SWE,NOR,760120
7981347,217,163,8558,2010,32815542.0,0.0,-1.054317,-1.074198,TJK,NOR,760120
7981348,224,163,8558,2010,0.0,98373008.0,0.359977,2.471173,TUR,NOR,760120
7981349,231,163,8558,2010,11209.0,3866830.0,1.67573,-0.598165,USA,NOR,760120
7981350,249,163,8558,2010,35851.0,0.0,1.766729,0.909335,TWN,NOR,760120
7981351,7,167,8558,2010,948198.0,0.0,0.29457,-0.196371,ARE,OMN,760120
7981352,77,167,8558,2010,15353.0,0.0,1.530027,-0.052557000000000006,FRA,OMN,760120
7981353,103,167,8558,2010,0.0,566975.0,-0.30878099999999997,1.07069,IDN,OMN,760120
7981354,104,167,8558,2010,0.0,2611127.0,0.14485599999999998,2.408913,IND,OMN,760120
7981355,121,167,8558,2010,0.0,1238979.0,1.7118849999999999,0.762362,KOR,OMN,760120
7981356,153,167,8558,2010,0.0,4135104.0,0.9530780000000001,0.607456,MYS,OMN,760120
7981357,162,167,8558,2010,73854.0,0.0,1.237998,1.1891209999999999,NLD,OMN,760120
7981358,183,167,8558,2010,0.0,17594.0,-0.346143,-1.078192,QAT,OMN,760120
7981359,188,167,8558,2010,9838.0,0.0,0.46696400000000005,-0.7487520000000001,SAU,OMN,760120
7981360,216,167,8558,2010,0.0,1350060.0,0.748328,1.425224,THA,OMN,760120
7981361,249,167,8558,2010,21530.0,0.0,1.766729,0.909335,TWN,OMN,760120
7981362,7,168,8558,2010,7159328.0,30236.0,0.29457,-0.196371,ARE,PAK,760120
7981363,24,168,8558,2010,1210155.0,0.0,0.284356,-0.8362,BHR,PAK,760120
7981364,43,168,8558,2010,18365.0,0.0,0.922493,2.0176,CHN,PAK,760120
7981365,81,168,8558,2010,48548.0,0.0,1.828224,0.386383,GBR,PAK,760120
7981366,111,168,8558,2010,150262.0,0.0,1.272385,0.545721,ITA,PAK,760120
7981367,114,168,8558,2010,131957.0,0.0,2.459723,-0.279387,JPN,PAK,760120
7981368,121,168,8558,2010,8968.0,0.0,1.7118849999999999,0.762362,KOR,PAK,760120
7981369,153,168,8558,2010,90806.0,0.0,0.9530780000000001,0.607456,MYS,PAK,760120
7981370,162,168,8558,2010,11322.0,0.0,1.237998,1.1891209999999999,NLD,PAK,760120
7981371,183,168,8558,2010,684306.0,0.0,-0.346143,-1.078192,QAT,PAK,760120
7981372,188,168,8558,2010,163671.0,0.0,0.46696400000000005,-0.7487520000000001,SAU,PAK,760120
7981373,192,168,8558,2010,48776.0,0.0,1.8441349999999999,0.570311,SGP,PAK,760120
7981374,231,168,8558,2010,482927.0,0.0,1.67573,-0.598165,USA,PAK,760120
7981375,249,168,8558,2010,4764958.0,0.0,1.766729,0.909335,TWN,PAK,760120
7981376,15,185,8558,2010,1578147.0,24092382.0,1.724315,-0.29379099999999997,AUT,ROU,760120
7981377,16,185,8558,2010,3705350.0,0.0,-1.048424,-1.2030370000000001,AZE,ROU,760120
7981378,18,185,8558,2010,239300.0,0.0,1.2224270000000002,1.1276,BEL,ROU,760120
7981379,23,185,8558,2010,241880.0,2772380.0,0.44973,1.445441,BGR,ROU,760120
7981380,26,185,8558,2010,2054140.0,51344.0,0.462275,0.830405,BIH,ROU,760120
7981381,41,185,8558,2010,0.0,345587.0,2.1492080000000002,0.556424,CHE,ROU,760120
7981382,43,185,8558,2010,0.0,251283.0,0.922493,2.0176,CHN,ROU,760120
7981383,61,185,8558,2010,1234411.0,555291.0,2.035672,-3.383322,DEU,ROU,760120
7981384,71,185,8558,2010,603653.0,3078.0,0.832619,2.448009,ESP,ROU,760120
7981385,77,185,8558,2010,3421202.0,1756873.0,1.530027,-0.052557000000000006,FRA,ROU,760120
7981386,81,185,8558,2010,4010312.0,0.0,1.828224,0.386383,GBR,ROU,760120
7981387,90,185,8558,2010,9460.0,0.0,0.200249,1.4640090000000001,GRC,ROU,760120
7981388,100,185,8558,2010,0.0,312473.0,0.8276979999999999,0.97415,HRV,ROU,760120
7981389,102,185,8558,2010,2225993.0,38324548.0,1.514225,0.740341,HUN,ROU,760120
7981390,110,185,8558,2010,0.0,271598.0,1.215834,0.7028340000000001,ISR,ROU,760120
7981391,111,185,8558,2010,32387576.0,25122300.0,1.272385,0.545721,ITA,ROU,760120
7981392,114,185,8558,2010,0.0,73765.0,2.459723,-0.279387,JPN,ROU,760120
7981393,115,185,8558,2010,160508.0,0.0,-0.6278020000000001,-0.8419760000000001,KAZ,ROU,760120
7981394,138,185,8558,2010,63709.0,0.0,1.132664,0.675756,MEX,ROU,760120
7981395,140,185,8558,2010,0.0,1401906.0,-0.122842,0.407017,MKD,ROU,760120
7981396,162,185,8558,2010,861718.0,0.0,1.237998,1.1891209999999999,NLD,ROU,760120
7981397,163,185,8558,2010,3482001.0,0.0,0.865676,0.138757,NOR,ROU,760120
7981398,177,185,8558,2010,49148.0,13246789.0,1.083552,1.1433719999999998,POL,ROU,760120
7981399,201,185,8558,2010,0.0,1202596.0,0.561161,1.33974,SRB,ROU,760120
7981400,206,185,8558,2010,7684804.0,1200125.0,1.278601,0.726907,SVK,ROU,760120
7981401,207,185,8558,2010,618957.0,5565802.0,1.595473,0.7023020000000001,SVN,ROU,760120
7981402,224,185,8558,2010,96839.0,354870.0,0.359977,2.471173,TUR,ROU,760120
7981403,228,185,8558,2010,0.0,1233106.0,0.714148,0.916267,UKR,ROU,760120
7981404,231,185,8558,2010,869175.0,0.0,1.67573,-0.598165,USA,ROU,760120
7981405,4,186,8558,2010,0.0,4276134.0,-0.5316,-0.219561,ALB,RUS,760120
7981406,6,186,8558,2010,0.0,2313220.0,-0.08593200000000001,-0.691395,ANT,RUS,760120
7981407,8,186,8558,2010,0.0,20789.0,0.27458899999999997,0.597907,ARG,RUS,760120
7981408,15,186,8558,2010,6274.0,15108940.0,1.724315,-0.29379099999999997,AUT,RUS,760120
7981409,16,186,8558,2010,0.0,84225.0,-1.048424,-1.2030370000000001,AZE,RUS,760120
7981410,18,186,8558,2010,3466.0,1106504.0,1.2224270000000002,1.1276,BEL,RUS,760120
7981411,23,186,8558,2010,0.0,1782278.0,0.44973,1.445441,BGR,RUS,760120
7981412,25,186,8558,2010,0.0,8495881.0,0.495262,-0.6198779999999999,BHS,RUS,760120
7981413,28,186,8558,2010,434778.0,13783134.0,0.969851,0.593386,BLR,RUS,760120
7981414,29,186,8558,2010,0.0,654830.0,-0.559172,-0.739977,BLZ,RUS,760120
7981415,32,186,8558,2010,204398.0,2803232.0,0.40715500000000004,0.6208100000000001,BRA,RUS,760120
7981416,39,186,8558,2010,0.0,2484260.0,0.752421,1.2208510000000001,CAN,RUS,760120
7981417,41,186,8558,2010,0.0,13493107.0,2.1492080000000002,0.556424,CHE,RUS,760120
7981418,43,186,8558,2010,18348.0,19830954.0,0.922493,2.0176,CHN,RUS,760120
7981419,58,186,8558,2010,0.0,15244299.0,0.8776450000000001,0.568389,CYP,RUS,760120
7981420,59,186,8558,2010,9801.0,3071837.0,1.732044,0.333934,CZE,RUS,760120
7981421,61,186,8558,2010,92792.0,81073568.0,2.035672,-3.383322,DEU,RUS,760120
7981422,71,186,8558,2010,1813277.0,0.0,0.832619,2.448009,ESP,RUS,760120
7981423,72,186,8558,2010,124726.0,3311205.0,0.832316,1.1844649999999999,EST,RUS,760120
7981424,74,186,8558,2010,0.0,2987.0,1.745464,0.897992,FIN,RUS,760120
7981425,77,186,8558,2010,1285.0,17862826.0,1.530027,-0.052557000000000006,FRA,RUS,760120
7981426,81,186,8558,2010,86671.0,21940548.0,1.828224,0.386383,GBR,RUS,760120
7981427,90,186,8558,2010,0.0,50269420.0,0.200249,1.4640090000000001,GRC,RUS,760120
7981428,97,186,8558,2010,0.0,7473093.0,0.715745,1.9780259999999998,HKG,RUS,760120
7981429,100,186,8558,2010,0.0,775774.0,0.8276979999999999,0.97415,HRV,RUS,760120
7981430,102,186,8558,2010,0.0,711796.0,1.514225,0.740341,HUN,RUS,760120
7981431,103,186,8558,2010,0.0,16022265.0,-0.30878099999999997,1.07069,IDN,RUS,760120
7981432,104,186,8558,2010,0.0,320402.0,0.14485599999999998,2.408913,IND,RUS,760120
7981433,109,186,8558,2010,0.0,208353.0,0.20822100000000002,-0.318294,ISL,RUS,760120
7981434,110,186,8558,2010,0.0,14117385.0,1.215834,0.7028340000000001,ISR,RUS,760120
7981435,111,186,8558,2010,170734.0,58189316.0,1.272385,0.545721,ITA,RUS,760120
7981436,114,186,8558,2010,0.0,324443040.0,2.459723,-0.279387,JPN,RUS,760120
7981437,115,186,8558,2010,298823.0,23583.0,-0.6278020000000001,-0.8419760000000001,KAZ,RUS,760120
7981438,116,186,8558,2010,0.0,1462710.0,-0.387187,1.010443,KEN,RUS,760120
7981439,117,186,8558,2010,691049.0,14927.0,-0.48426400000000003,-0.169443,KGZ,RUS,760120
7981440,120,186,8558,2010,0.0,3522748.0,0.9277790000000001,-0.42824799999999996,KNA,RUS,760120
7981441,121,186,8558,2010,0.0,215327008.0,1.7118849999999999,0.762362,KOR,RUS,760120
7981442,132,186,8558,2010,93540.0,3441.0,0.6158170000000001,1.1401059999999998,LVA,RUS,760120
7981443,135,186,8558,2010,0.0,16481.0,-0.116797,0.037801,MDA,RUS,760120
7981444,138,186,8558,2010,0.0,16245181.0,1.132664,0.675756,MEX,RUS,760120
7981445,140,186,8558,2010,0.0,96373.0,-0.122842,0.407017,MKD,RUS,760120
7981446,153,186,8558,2010,0.0,6114050.0,0.9530780000000001,0.607456,MYS,RUS,760120
7981447,162,186,8558,2010,347201.0,33910224.0,1.237998,1.1891209999999999,NLD,RUS,760120
7981448,163,186,8558,2010,0.0,26596426.0,0.865676,0.138757,NOR,RUS,760120
7981449,177,186,8558,2010,2156878.0,1846892.0,1.083552,1.1433719999999998,POL,RUS,760120
7981450,181,186,8558,2010,0.0,1844688.0,0.12470099999999999,0.576382,PSE,RUS,760120
7981451,192,186,8558,2010,0.0,2543394.0,1.8441349999999999,0.570311,SGP,RUS,760120
7981452,201,186,8558,2010,0.0,1418487.0,0.561161,1.33974,SRB,RUS,760120
7981453,206,186,8558,2010,0.0,11435880.0,1.278601,0.726907,SVK,RUS,760120
7981454,207,186,8558,2010,0.0,694752.0,1.595473,0.7023020000000001,SVN,RUS,760120
7981455,208,186,8558,2010,0.0,137344.0,1.882239,0.397927,SWE,RUS,760120
7981456,211,186,8558,2010,0.0,52545.0,-0.075668,-0.549686,SYC,RUS,760120
7981457,212,186,8558,2010,0.0,591298.0,-0.46833800000000003,1.11952,SYR,RUS,760120
7981458,216,186,8558,2010,0.0,36364964.0,0.748328,1.425224,THA,RUS,760120
7981459,224,186,8558,2010,0.0,216209936.0,0.359977,2.471173,TUR,RUS,760120
7981460,226,186,8558,2010,0.0,2715020.0,-0.7327,0.427616,TZA,RUS,760120
7981461,228,186,8558,2010,0.0,2832588.0,0.714148,0.916267,UKR,RUS,760120
7981462,231,186,8558,2010,11509.0,163457312.0,1.67573,-0.598165,USA,RUS,760120
7981463,232,186,8558,2010,0.0,3424029.0,-0.704097,-0.655055,UZB,RUS,760120
7981464,237,186,8558,2010,0.0,3193540.0,0.699891,-0.29630300000000004,VGB,RUS,760120
7981465,239,186,8558,2010,0.0,1796707.0,-0.24660500000000002,1.427235,VNM,RUS,760120
7981466,246,186,8558,2010,0.0,1109525.0,0.327326,1.513598,ZAF,RUS,760120
7981467,249,186,8558,2010,0.0,19421830.0,1.766729,0.909335,TWN,RUS,760120
7981468,7,192,8558,2010,264526.0,1153.0,0.29457,-0.196371,ARE,SGP,760120
7981469,14,192,8558,2010,6586446.0,1348358.0,-0.276442,0.062023,AUS,SGP,760120
7981470,15,192,8558,2010,84879.0,0.0,1.724315,-0.29379099999999997,AUT,SGP,760120
7981471,22,192,8558,2010,0.0,89049.0,-0.974526,-0.76566,BGD,SGP,760120
7981472,34,192,8558,2010,0.0,2356.0,0.717167,-0.764841,BRN,SGP,760120
7981473,43,192,8558,2010,9469394.0,184692.0,0.922493,2.0176,CHN,SGP,760120
7981474,61,192,8558,2010,3851.0,0.0,2.035672,-3.383322,DEU,SGP,760120
7981475,74,192,8558,2010,419857.0,0.0,1.745464,0.897992,FIN,SGP,760120
7981476,81,192,8558,2010,106125.0,0.0,1.828224,0.386383,GBR,SGP,760120
7981477,97,192,8558,2010,1566.0,0.0,0.715745,1.9780259999999998,HKG,SGP,760120
7981478,103,192,8558,2010,162246.0,9425893.0,-0.30878099999999997,1.07069,IDN,SGP,760120
7981479,104,192,8558,2010,3390352.0,1104112.0,0.14485599999999998,2.408913,IND,SGP,760120
7981480,110,192,8558,2010,0.0,522946.0,1.215834,0.7028340000000001,ISR,SGP,760120
7981481,111,192,8558,2010,60956.0,0.0,1.272385,0.545721,ITA,SGP,760120
7981482,114,192,8558,2010,134223.0,311886.0,2.459723,-0.279387,JPN,SGP,760120
7981483,121,192,8558,2010,6963.0,34154.0,1.7118849999999999,0.762362,KOR,SGP,760120
7981484,128,192,8558,2010,0.0,714336.0,-0.70886,0.25216700000000003,LKA,SGP,760120
7981485,138,192,8558,2010,220632.0,0.0,1.132664,0.675756,MEX,SGP,760120
7981486,153,192,8558,2010,12308925.0,1698504.0,0.9530780000000001,0.607456,MYS,SGP,760120
7981487,159,192,8558,2010,132276.0,0.0,-1.887084,-1.2280229999999999,NGA,SGP,760120
7981488,168,192,8558,2010,0.0,48776.0,-0.692071,0.5409010000000001,PAK,SGP,760120
7981489,174,192,8558,2010,0.0,370744.0,0.40418899999999996,0.102497,PHL,SGP,760120
7981490,186,192,8558,2010,2543394.0,0.0,0.583996,-0.223881,RUS,SGP,760120
7981491,208,192,8558,2010,4126.0,0.0,1.882239,0.397927,SWE,SGP,760120
7981492,216,192,8558,2010,97798.0,2151434.0,0.748328,1.425224,THA,SGP,760120
7981493,224,192,8558,2010,0.0,156047.0,0.359977,2.471173,TUR,SGP,760120
7981494,231,192,8558,2010,2677079.0,0.0,1.67573,-0.598165,USA,SGP,760120
7981495,239,192,8558,2010,0.0,9113.0,-0.24660500000000002,1.427235,VNM,SGP,760120
7981496,246,192,8558,2010,194585.0,582015.0,0.327326,1.513598,ZAF,SGP,760120
7981497,249,192,8558,2010,2536540.0,84207.0,1.766729,0.909335,TWN,SGP,760120
7981498,15,201,8558,2010,769637.0,119137.0,1.724315,-0.29379099999999997,AUT,SRB,760120
7981499,23,201,8558,2010,98594.0,0.0,0.44973,1.445441,BGR,SRB,760120
7981500,26,201,8558,2010,305443.0,83039.0,0.462275,0.830405,BIH,SRB,760120
7981501,59,201,8558,2010,818984.0,94353.0,1.732044,0.333934,CZE,SRB,760120
7981502,61,201,8558,2010,188267.0,1311649.0,2.035672,-3.383322,DEU,SRB,760120
7981503,71,201,8558,2010,721156.0,0.0,0.832619,2.448009,ESP,SRB,760120
7981504,77,201,8558,2010,23775.0,43523.0,1.530027,-0.052557000000000006,FRA,SRB,760120
7981505,81,201,8558,2010,7399.0,0.0,1.828224,0.386383,GBR,SRB,760120
7981506,90,201,8558,2010,2664883.0,0.0,0.200249,1.4640090000000001,GRC,SRB,760120
7981507,100,201,8558,2010,264093.0,1138453.0,0.8276979999999999,0.97415,HRV,SRB,760120
7981508,102,201,8558,2010,5300686.0,117125.0,1.514225,0.740341,HUN,SRB,760120
7981509,111,201,8558,2010,3958081.0,994512.0,1.272385,0.545721,ITA,SRB,760120
7981510,114,201,8558,2010,0.0,158302.0,2.459723,-0.279387,JPN,SRB,760120
7981511,115,201,8558,2010,14248.0,0.0,-0.6278020000000001,-0.8419760000000001,KAZ,SRB,760120
7981512,140,201,8558,2010,756789.0,393946.0,-0.122842,0.407017,MKD,SRB,760120
7981513,144,201,8558,2010,0.0,14997.0,0.266397,-0.02502,MNE,SRB,760120
7981514,163,201,8558,2010,32396.0,0.0,0.865676,0.138757,NOR,SRB,760120
7981515,177,201,8558,2010,4374400.0,0.0,1.083552,1.1433719999999998,POL,SRB,760120
7981516,185,201,8558,2010,1202596.0,0.0,0.6483760000000001,1.200256,ROU,SRB,760120
7981517,186,201,8558,2010,1418487.0,0.0,0.583996,-0.223881,RUS,SRB,760120
7981518,206,201,8558,2010,1721702.0,1822383.0,1.278601,0.726907,SVK,SRB,760120
7981519,207,201,8558,2010,2600080.0,29256466.0,1.595473,0.7023020000000001,SVN,SRB,760120
7981520,224,201,8558,2010,145582.0,0.0,0.359977,2.471173,TUR,SRB,760120
7981521,43,217,8558,2010,0.0,874236.0,0.922493,2.0176,CHN,TJK,760120
7981522,59,217,8558,2010,0.0,80553.0,1.732044,0.333934,CZE,TJK,760120
7981523,90,217,8558,2010,0.0,7303942.0,0.200249,1.4640090000000001,GRC,TJK,760120
7981524,107,217,8558,2010,0.0,6161432.0,-0.609874,-0.744733,IRN,TJK,760120
7981525,111,217,8558,2010,0.0,1558556.0,1.272385,0.545721,ITA,TJK,760120
7981526,153,217,8558,2010,0.0,2899144.0,0.9530780000000001,0.607456,MYS,TJK,760120
7981527,163,217,8558,2010,0.0,32815542.0,0.865676,0.138757,NOR,TJK,760120
7981528,224,217,8558,2010,0.0,4530186.0,0.359977,2.471173,TUR,TJK,760120
7981529,224,219,8558,2010,8938.0,0.0,0.359977,2.471173,TUR,TKM,760120
7981530,43,223,8558,2010,117089.0,0.0,0.922493,2.0176,CHN,TUN,760120
7981531,61,223,8558,2010,0.0,2157709.0,2.035672,-3.383322,DEU,TUN,760120
7981532,71,223,8558,2010,0.0,30469.0,0.832619,2.448009,ESP,TUN,760120
7981533,77,223,8558,2010,432511.0,67397.0,1.530027,-0.052557000000000006,FRA,TUN,760120
7981534,103,223,8558,2010,0.0,155015.0,-0.30878099999999997,1.07069,IDN,TUN,760120
7981535,111,223,8558,2010,1910073.0,1553819.0,1.272385,0.545721,ITA,TUN,760120
7981536,162,223,8558,2010,28954.0,0.0,1.237998,1.1891209999999999,NLD,TUN,760120
7981537,224,223,8558,2010,7046.0,0.0,0.359977,2.471173,TUR,TUN,760120
7981538,231,223,8558,2010,47106.0,0.0,1.67573,-0.598165,USA,TUN,760120
7981539,250,223,8558,2010,16158.0,0.0,0.45129600000000003,-0.223517,ANS,TUN,760120
7981540,59,232,8558,2010,0.0,74476.0,1.732044,0.333934,CZE,UZB,760120
7981541,186,232,8558,2010,3424029.0,0.0,0.583996,-0.223881,RUS,UZB,760120
7981542,7,239,8558,2010,3567544.0,0.0,0.29457,-0.196371,ARE,VNM,760120
7981543,14,239,8558,2010,14810382.0,0.0,-0.276442,0.062023,AUS,VNM,760120
7981544,15,239,8558,2010,29386.0,0.0,1.724315,-0.29379099999999997,AUT,VNM,760120
7981545,24,239,8558,2010,1268251.0,0.0,0.284356,-0.8362,BHR,VNM,760120
7981546,41,239,8558,2010,4981.0,0.0,2.1492080000000002,0.556424,CHE,VNM,760120
7981547,43,239,8558,2010,37935660.0,25624.0,0.922493,2.0176,CHN,VNM,760120
7981548,61,239,8558,2010,29014.0,0.0,2.035672,-3.383322,DEU,VNM,760120
7981549,71,239,8558,2010,433103.0,0.0,0.832619,2.448009,ESP,VNM,760120
7981550,74,239,8558,2010,144548.0,0.0,1.745464,0.897992,FIN,VNM,760120
7981551,97,239,8558,2010,275093.0,0.0,0.715745,1.9780259999999998,HKG,VNM,760120
7981552,103,239,8558,2010,339023.0,101648.0,-0.30878099999999997,1.07069,IDN,VNM,760120
7981553,104,239,8558,2010,143431.0,555382.0,0.14485599999999998,2.408913,IND,VNM,760120
7981554,114,239,8558,2010,4578756.0,424837.0,2.459723,-0.279387,JPN,VNM,760120
7981555,121,239,8558,2010,10579955.0,17378360.0,1.7118849999999999,0.762362,KOR,VNM,760120
7981556,132,239,8558,2010,94912.0,0.0,0.6158170000000001,1.1401059999999998,LVA,VNM,760120
7981557,138,239,8558,2010,926974.0,0.0,1.132664,0.675756,MEX,VNM,760120
7981558,153,239,8558,2010,32727562.0,634004.0,0.9530780000000001,0.607456,MYS,VNM,760120
7981559,162,239,8558,2010,0.0,25144.0,1.237998,1.1891209999999999,NLD,VNM,760120
7981560,183,239,8558,2010,766191.0,0.0,-0.346143,-1.078192,QAT,VNM,760120
7981561,186,239,8558,2010,1796707.0,0.0,0.583996,-0.223881,RUS,VNM,760120
7981562,192,239,8558,2010,9113.0,0.0,1.8441349999999999,0.570311,SGP,VNM,760120
7981563,216,239,8558,2010,12153772.0,349068.0,0.748328,1.425224,THA,VNM,760120
7981564,231,239,8558,2010,288059.0,7311.0,1.67573,-0.598165,USA,VNM,760120
7981565,249,239,8558,2010,89841144.0,60005.0,1.766729,0.909335,TWN,VNM,760120
7981566,250,239,8558,2010,307565.0,0.0,0.45129600000000003,-0.223517,ANS,VNM,760120
7981567,71,248,8558,2010,5871.0,0.0,0.832619,2.448009,ESP,ZWE,760120
7981568,246,248,8558,2010,9658.0,0.0,0.327326,1.513598,ZAF,ZWE,760120
7981569,128,1,8558,2010,0.0,92762.0,-0.70886,0.25216700000000003,LKA,AFG,760120
7981570,159,1,8558,2010,84625.0,0.0,-1.887084,-1.2280229999999999,NGA,AFG,760120
7981571,14,4,8558,2010,159911.0,0.0,-0.276442,0.062023,AUS,ALB,760120
7981572,71,4,8558,2010,877169.0,0.0,0.832619,2.448009,ESP,ALB,760120
7981573,90,4,8558,2010,7191104.0,0.0,0.200249,1.4640090000000001,GRC,ALB,760120
7981574,111,4,8558,2010,0.0,9775815.0,1.272385,0.545721,ITA,ALB,760120
7981575,140,4,8558,2010,0.0,13424.0,-0.122842,0.407017,MKD,ALB,760120
7981576,186,4,8558,2010,4276134.0,0.0,0.583996,-0.223881,RUS,ALB,760120
7981577,224,4,8558,2010,172688.0,0.0,0.359977,2.471173,TUR,ALB,760120
7981578,103,10,8558,2010,0.0,3779.0,-0.30878099999999997,1.07069,IDN,ASM,760120
7981579,166,10,8558,2010,35858.0,0.0,0.36828299999999997,0.574574,NZL,ASM,760120
7981580,159,13,8558,2010,1719580.0,0.0,-1.887084,-1.2280229999999999,NGA,ATG,760120
7981581,43,19,8558,2010,31381.0,72748.0,0.922493,2.0176,CHN,BEN,760120
7981582,32,31,8558,2010,0.0,162412.0,0.40715500000000004,0.6208100000000001,BRA,BOL,760120
7981583,42,31,8558,2010,33325.0,0.0,-0.34914,-0.459395,CHL,BOL,760120
7981584,67,31,8558,2010,1515.0,0.0,-0.584013,-0.743675,ECU,BOL,760120
7981585,43,37,8558,2010,4125.0,0.0,0.922493,2.0176,CHN,BWA,760120
7981586,246,37,8558,2010,1821.0,0.0,0.327326,1.513598,ZAF,BWA,760120
7981587,43,44,8558,2010,27035.0,0.0,0.922493,2.0176,CHN,CIV,760120
7981588,61,44,8558,2010,1434.0,0.0,2.035672,-3.383322,DEU,CIV,760120
7981589,77,44,8558,2010,3863.0,42543.0,1.530027,-0.052557000000000006,FRA,CIV,760120
7981590,18,45,8558,2010,102004.0,0.0,1.2224270000000002,1.1276,BEL,CMR,760120
7981591,43,45,8558,2010,1856.0,0.0,0.922493,2.0176,CHN,CMR,760120
7981592,71,45,8558,2010,2892.0,0.0,0.832619,2.448009,ESP,CMR,760120
7981593,77,45,8558,2010,4514.0,5583.0,1.530027,-0.052557000000000006,FRA,CMR,760120
7981594,111,45,8558,2010,0.0,531326.0,1.272385,0.545721,ITA,CMR,760120
7981595,162,45,8558,2010,0.0,57141.0,1.237998,1.1891209999999999,NLD,CMR,760120
7981596,43,46,8558,2010,0.0,50796.0,0.922493,2.0176,CHN,COD,760120
7981597,159,46,8558,2010,83631.0,0.0,-1.887084,-1.2280229999999999,NGA,COD,760120
7981598,187,46,8558,2010,7051.0,0.0,-0.6033350000000001,-0.524881,RWA,COD,760120
7981599,32,47,8558,2010,1563.0,0.0,0.40715500000000004,0.6208100000000001,BRA,COG,760120
7981600,138,54,8558,2010,0.0,334466.0,1.132664,0.675756,MEX,CUB,760120
7981601,7,58,8558,2010,16100786.0,0.0,0.29457,-0.196371,ARE,CYP,760120
7981602,90,58,8558,2010,13935.0,0.0,0.200249,1.4640090000000001,GRC,CYP,760120
7981603,102,58,8558,2010,0.0,338365.0,1.514225,0.740341,HUN,CYP,760120
7981604,104,58,8558,2010,0.0,96623.0,0.14485599999999998,2.408913,IND,CYP,760120
7981605,179,58,8558,2010,6950.0,0.0,0.551149,2.437209,PRT,CYP,760120
7981606,186,58,8558,2010,15244299.0,0.0,0.583996,-0.223881,RUS,CYP,760120
7981607,224,58,8558,2010,9912.0,0.0,0.359977,2.471173,TUR,CYP,760120
7981608,7,66,8558,2010,1359155.0,95684.0,0.29457,-0.196371,ARE,DZA,760120
7981609,18,66,8558,2010,140468.0,0.0,1.2224270000000002,1.1276,BEL,DZA,760120
7981610,43,66,8558,2010,29004.0,64949.0,0.922493,2.0176,CHN,DZA,760120
7981611,59,66,8558,2010,103516.0,0.0,1.732044,0.333934,CZE,DZA,760120
7981612,61,66,8558,2010,0.0,80945.0,2.035672,-3.383322,DEU,DZA,760120
7981613,77,66,8558,2010,1197014.0,331588.0,1.530027,-0.052557000000000006,FRA,DZA,760120
7981614,90,66,8558,2010,220230.0,0.0,0.200249,1.4640090000000001,GRC,DZA,760120
7981615,104,66,8558,2010,0.0,225116.0,0.14485599999999998,2.408913,IND,DZA,760120
7981616,109,66,8558,2010,0.0,75190.0,0.20822100000000002,-0.318294,ISL,DZA,760120
7981617,111,66,8558,2010,42893.0,422454.0,1.272385,0.545721,ITA,DZA,760120
7981618,113,66,8558,2010,0.0,96507.0,0.251702,0.522758,JOR,DZA,760120
7981619,121,66,8558,2010,0.0,167242.0,1.7118849999999999,0.762362,KOR,DZA,760120
7981620,124,66,8558,2010,0.0,23077.0,0.415854,1.424085,LBN,DZA,760120
7981621,216,66,8558,2010,0.0,49880.0,0.748328,1.425224,THA,DZA,760120
7981622,224,66,8558,2010,94786.0,293750.0,0.359977,2.471173,TUR,DZA,760120
7981623,249,66,8558,2010,29728.0,265579.0,1.766729,0.909335,TWN,DZA,760120
7981624,7,73,8558,2010,0.0,199475.0,0.29457,-0.196371,ARE,ETH,760120
7981625,43,73,8558,2010,11515.0,0.0,0.922493,2.0176,CHN,ETH,760120
7981626,81,73,8558,2010,1828.0,0.0,1.828224,0.386383,GBR,ETH,760120
7981627,114,73,8558,2010,0.0,786672.0,2.459723,-0.279387,JPN,ETH,760120
7981628,153,73,8558,2010,234723.0,0.0,0.9530780000000001,0.607456,MYS,ETH,760120
7981629,216,73,8558,2010,0.0,149956.0,0.748328,1.425224,THA,ETH,760120
7981630,224,73,8558,2010,851.0,0.0,0.359977,2.471173,TUR,ETH,760120
7981631,249,73,8558,2010,21401.0,0.0,1.766729,0.909335,TWN,ETH,760120
7981632,43,83,8558,2010,17805.0,0.0,0.922493,2.0176,CHN,GHA,760120
7981633,121,83,8558,2010,0.0,28805.0,1.7118849999999999,0.762362,KOR,GHA,760120
7981634,216,83,8558,2010,0.0,128495.0,0.748328,1.425224,THA,GHA,760120
7981635,71,84,8558,2010,101561.0,0.0,0.832619,2.448009,ESP,GIB,760120
7981636,18,109,8558,2010,237780.0,0.0,1.2224270000000002,1.1276,BEL,ISL,760120
7981637,32,109,8558,2010,9761751.0,0.0,0.40715500000000004,0.6208100000000001,BRA,ISL,760120
7981638,39,109,8558,2010,102873.0,0.0,0.752421,1.2208510000000001,CAN,ISL,760120
7981639,41,109,8558,2010,0.0,30091284.0,2.1492080000000002,0.556424,CHE,ISL,760120
7981640,43,109,8558,2010,41290.0,0.0,0.922493,2.0176,CHN,ISL,760120
7981641,59,109,8558,2010,0.0,673203.0,1.732044,0.333934,CZE,ISL,760120
7981642,61,109,8558,2010,610415.0,261743392.0,2.035672,-3.383322,DEU,ISL,760120
7981643,66,109,8558,2010,75190.0,0.0,-1.00922,-1.1511040000000001,DZA,ISL,760120
7981644,71,109,8558,2010,22897.0,0.0,0.832619,2.448009,ESP,ISL,760120
7981645,74,109,8558,2010,0.0,425571.0,1.745464,0.897992,FIN,ISL,760120
7981646,77,109,8558,2010,1022.0,0.0,1.530027,-0.052557000000000006,FRA,ISL,760120
7981647,81,109,8558,2010,254738.0,7982308.0,1.828224,0.386383,GBR,ISL,760120
7981648,102,109,8558,2010,46488.0,0.0,1.514225,0.740341,HUN,ISL,760120
7981649,162,109,8558,2010,450398.0,22216618.0,1.237998,1.1891209999999999,NLD,ISL,760120
7981650,163,109,8558,2010,111047.0,0.0,0.865676,0.138757,NOR,ISL,760120
7981651,177,109,8558,2010,0.0,107252.0,1.083552,1.1433719999999998,POL,ISL,760120
7981652,186,109,8558,2010,208353.0,0.0,0.583996,-0.223881,RUS,ISL,760120
7981653,206,109,8558,2010,0.0,399072.0,1.278601,0.726907,SVK,ISL,760120
7981654,208,109,8558,2010,2767.0,0.0,1.882239,0.397927,SWE,ISL,760120
7981655,231,109,8558,2010,99324.0,0.0,1.67573,-0.598165,USA,ISL,760120
7981656,43,126,8558,2010,11925.0,0.0,0.922493,2.0176,CHN,LBY,760120
7981657,68,126,8558,2010,36035.0,0.0,-0.181826,1.409465,EGY,LBY,760120
7981658,77,133,8558,2010,0.0,45552.0,1.530027,-0.052557000000000006,FRA,MAC,760120
7981659,18,141,8558,2010,1309.0,0.0,1.2224270000000002,1.1276,BEL,MLI,760120
7981660,61,141,8558,2010,4241.0,0.0,2.035672,-3.383322,DEU,MLI,760120
7981661,26,144,8558,2010,1768.0,0.0,0.462275,0.830405,BIH,MNE,760120
7981662,59,144,8558,2010,0.0,268574.0,1.732044,0.333934,CZE,MNE,760120
7981663,90,144,8558,2010,0.0,4654122.0,0.200249,1.4640090000000001,GRC,MNE,760120
7981664,111,144,8558,2010,103195.0,26737.0,1.272385,0.545721,ITA,MNE,760120
7981665,201,144,8558,2010,14997.0,0.0,0.561161,1.33974,SRB,MNE,760120
7981666,71,148,8558,2010,2186.0,0.0,0.832619,2.448009,ESP,MRT,760120
7981667,77,148,8558,2010,2287.0,0.0,1.530027,-0.052557000000000006,FRA,MRT,760120
7981668,77,151,8558,2010,2569.0,0.0,1.530027,-0.052557000000000006,FRA,MUS,760120
7981669,81,151,8558,2010,96116.0,0.0,1.828224,0.386383,GBR,MUS,760120
7981670,138,151,8558,2010,0.0,36765.0,1.132664,0.675756,MEX,MUS,760120
7981671,43,155,8558,2010,43094.0,0.0,0.922493,2.0176,CHN,NAM,760120
7981672,246,155,8558,2010,26845.0,523.0,0.327326,1.513598,ZAF,NAM,760120
7981673,14,156,8558,2010,7865.0,0.0,-0.276442,0.062023,AUS,NCL,760120
7981674,43,157,8558,2010,72462.0,0.0,0.922493,2.0176,CHN,NER,760120
7981675,43,176,8558,2010,3995.0,0.0,0.922493,2.0176,CHN,PNG,760120
7981676,104,176,8558,2010,52369.0,0.0,0.14485599999999998,2.408913,IND,PNG,760120
7981677,43,178,8558,2010,41786.0,0.0,0.922493,2.0176,CHN,PRK,760120
7981678,104,178,8558,2010,1920474.0,0.0,0.14485599999999998,2.408913,IND,PRK,760120
7981679,138,178,8558,2010,105649.0,0.0,1.132664,0.675756,MEX,PRK,760120
7981680,222,178,8558,2010,0.0,220784.0,-0.338123,-1.070239,TTO,PRK,760120
7981681,236,178,8558,2010,1780479.0,0.0,-0.660844,-1.145133,VEN,PRK,760120
7981682,111,191,8558,2010,38376.0,0.0,1.272385,0.545721,ITA,SEN,760120
7981683,159,191,8558,2010,2864.0,0.0,-1.887084,-1.2280229999999999,NGA,SEN,760120
7981684,216,209,8558,2010,0.0,348713.0,0.748328,1.425224,THA,SWZ,760120
7981685,246,209,8558,2010,68316.0,6429.0,0.327326,1.513598,ZAF,SWZ,760120
7981686,43,211,8558,2010,6634.0,0.0,0.922493,2.0176,CHN,SYC,760120
7981687,186,211,8558,2010,52545.0,0.0,0.583996,-0.223881,RUS,SYC,760120
7981688,246,211,8558,2010,3488.0,0.0,0.327326,1.513598,ZAF,SYC,760120
7981689,14,226,8558,2010,341229.0,0.0,-0.276442,0.062023,AUS,TZA,760120
7981690,18,226,8558,2010,94164.0,0.0,1.2224270000000002,1.1276,BEL,TZA,760120
7981691,41,226,8558,2010,310662.0,0.0,2.1492080000000002,0.556424,CHE,TZA,760120
7981692,43,226,8558,2010,106397.0,0.0,0.922493,2.0176,CHN,TZA,760120
7981693,186,226,8558,2010,2715020.0,0.0,0.583996,-0.223881,RUS,TZA,760120
7981694,7,227,8558,2010,0.0,582265.0,0.29457,-0.196371,ARE,UGA,760120
7981695,187,227,8558,2010,11361.0,1317.0,-0.6033350000000001,-0.524881,RWA,UGA,760120
7981696,246,227,8558,2010,406394.0,0.0,0.327326,1.513598,ZAF,UGA,760120
7981697,231,234,8558,2010,5265.0,0.0,1.67573,-0.598165,USA,VCT,760120
7981698,7,247,8558,2010,2098.0,0.0,0.29457,-0.196371,ARE,ZMB,760120
7981699,246,247,8558,2010,10534.0,17365.0,0.327326,1.513598,ZAF,ZMB,760120
7981700,39,120,8558,2010,3204.0,0.0,0.752421,1.2208510000000001,CAN,KNA,760120
7981701,186,120,8558,2010,3522748.0,0.0,0.583996,-0.223881,RUS,KNA,760120
7981702,24,9,8558,2010,111896.0,0.0,0.284356,-0.8362,BHR,ARM,760120
7981703,61,9,8558,2010,94583.0,0.0,2.035672,-3.383322,DEU,ARM,760120
7981704,72,9,8558,2010,0.0,256734.0,0.832316,1.1844649999999999,EST,ARM,760120
7981705,107,9,8558,2010,0.0,79311.0,-0.609874,-0.744733,IRN,ARM,760120
7981706,114,9,8558,2010,0.0,382869.0,2.459723,-0.279387,JPN,ARM,760120
7981707,162,9,8558,2010,5108.0,0.0,1.237998,1.1891209999999999,NLD,ARM,760120
7981708,39,57,8558,2010,0.0,41255.0,0.752421,1.2208510000000001,CAN,CYM,760120
7981709,14,105,8558,2010,126144.0,0.0,-0.276442,0.062023,AUS,IOT,760120
7981710,249,143,8558,2010,38025.0,0.0,1.766729,0.909335,TWN,MMR,760120
7981711,71,198,8558,2010,168086.0,0.0,0.832619,2.448009,ESP,SMR,760120
7981712,90,198,8558,2010,286830.0,0.0,0.200249,1.4640090000000001,GRC,SMR,760120
7981713,162,198,8558,2010,57032.0,0.0,1.237998,1.1891209999999999,NLD,SMR,760120
7981714,163,198,8558,2010,7782927.0,0.0,0.865676,0.138757,NOR,SMR,760120
7981715,206,198,8558,2010,6666692.0,0.0,1.278601,0.726907,SVK,SMR,760120
7981716,207,198,8558,2010,8796030.0,67193.0,1.595473,0.7023020000000001,SVN,SMR,760120
7981717,7,50,8558,2010,4575.0,0.0,0.29457,-0.196371,ARE,COM,760120
7981718,43,21,8558,2010,3007.0,0.0,0.922493,2.0176,CHN,BFA,760120
7981719,249,21,8558,2010,2561.0,0.0,1.766729,0.909335,TWN,BFA,760120
7981720,114,29,8558,2010,0.0,47923.0,2.459723,-0.279387,JPN,BLZ,760120
7981721,115,29,8558,2010,1307400.0,0.0,-0.6278020000000001,-0.8419760000000001,KAZ,BLZ,760120
7981722,169,29,8558,2010,10404.0,0.0,0.617867,0.903432,PAN,BLZ,760120
7981723,186,29,8558,2010,654830.0,0.0,0.583996,-0.223881,RUS,BLZ,760120
7981724,93,160,8558,2010,4229.0,0.0,-0.39034,0.743521,GTM,NIC,760120
7981725,231,160,8558,2010,10634.0,0.0,1.67573,-0.598165,USA,NIC,760120
7981726,104,164,8558,2010,137284.0,0.0,0.14485599999999998,2.408913,IND,NPL,760120
7981727,188,164,8558,2010,268880.0,0.0,0.46696400000000005,-0.7487520000000001,SAU,NPL,760120
7981728,216,164,8558,2010,1031571.0,0.0,0.748328,1.425224,THA,NPL,760120
7981729,43,187,8558,2010,4520.0,0.0,0.922493,2.0176,CHN,RWA,760120
7981730,46,187,8558,2010,0.0,7051.0,-1.465101,-1.139909,COD,RWA,760120
7981731,104,187,8558,2010,1103.0,0.0,0.14485599999999998,2.408913,IND,RWA,760120
7981732,227,187,8558,2010,1317.0,11361.0,-0.48061400000000004,0.187001,UGA,RWA,760120
7981733,159,5,8558,2010,100174.0,0.0,-1.887084,-1.2280229999999999,NGA,AND,760120
7981734,197,5,8558,2010,0.0,232881.0,-0.101434,0.132639,SLV,AND,760120
7981735,116,17,8558,2010,70673.0,0.0,-0.387187,1.010443,KEN,BDI,760120
7981736,43,34,8558,2010,7050.0,0.0,0.922493,2.0176,CHN,BRN,760120
7981737,153,34,8558,2010,0.0,38810.0,0.9530780000000001,0.607456,MYS,BRN,760120
7981738,192,34,8558,2010,2356.0,0.0,1.8441349999999999,0.570311,SGP,BRN,760120
7981739,104,35,8558,2010,36123.0,0.0,0.14485599999999998,2.408913,IND,BTN,760120
7981740,114,62,8558,2010,0.0,40242.0,2.459723,-0.279387,JPN,DJI,760120
7981741,153,62,8558,2010,426804.0,0.0,0.9530780000000001,0.607456,MYS,DJI,760120
7981742,224,62,8558,2010,104488.0,0.0,0.359977,2.471173,TUR,DJI,760120
7981743,225,75,8558,2010,0.0,2662.0,0.359508,-0.650139,TUV,FJI,760120
7981744,246,129,8558,2010,4579.0,0.0,0.327326,1.513598,ZAF,LSO,760120
7981745,43,136,8558,2010,2793.0,0.0,0.922493,2.0176,CHN,MDG,760120
7981746,114,152,8558,2010,45902.0,0.0,2.459723,-0.279387,JPN,MWI,760120
7981747,41,181,8558,2010,175479.0,0.0,2.1492080000000002,0.556424,CHE,PSE,760120
7981748,71,181,8558,2010,76995.0,0.0,0.832619,2.448009,ESP,PSE,760120
7981749,186,181,8558,2010,1844688.0,0.0,0.583996,-0.223881,RUS,PSE,760120
7981750,231,85,8558,2010,9989.0,0.0,1.67573,-0.598165,USA,GIN,760120
7981751,33,91,8558,2010,2464.0,0.0,0.7076140000000001,0.434993,BRB,GRD,760120
7981752,231,101,8558,2010,82196.0,0.0,1.67573,-0.598165,USA,HTI,760120
7981753,43,145,8558,2010,0.0,769304.0,0.922493,2.0176,CHN,MNG,760120
7981754,32,237,8558,2010,0.0,555366.0,0.40715500000000004,0.6208100000000001,BRA,VGB,760120
7981755,115,237,8558,2010,3082500.0,0.0,-0.6278020000000001,-0.8419760000000001,KAZ,VGB,760120
7981756,186,237,8558,2010,3193540.0,0.0,0.583996,-0.223881,RUS,VGB,760120
7981757,231,237,8558,2010,19280.0,0.0,1.67573,-0.598165,USA,VGB,760120
7981758,246,237,8558,2010,99877.0,0.0,0.327326,1.513598,ZAF,VGB,760120
7981759,77,123,8558,2010,0.0,874.0,1.530027,-0.052557000000000006,FRA,LAO,760120
7981760,216,123,8558,2010,1498.0,0.0,0.748328,1.425224,THA,LAO,760120
7981761,166,221,8558,2010,9927.0,0.0,0.36828299999999997,0.574574,NZL,TON,760120
7981762,166,242,8558,2010,116969.0,0.0,0.36828299999999997,0.574574,NZL,WSM,760120
7981763,246,242,8558,2010,177909.0,0.0,0.327326,1.513598,ZAF,WSM,760120
7981764,159,11,8558,2010,0.0,280061.0,-1.887084,-1.2280229999999999,NGA,ATA,760120
7981765,216,139,8558,2010,0.0,153570.0,0.748328,1.425224,THA,MHL,760120
7981766,166,195,8558,2010,48492.0,0.0,0.36828299999999997,0.574574,NZL,SLB,760120
7981767,75,225,8558,2010,2662.0,0.0,-0.603112,-0.29135500000000003,FJI,TUV,760120
7981768,18,2,8560,2010,117837.0,0.0,1.2224270000000002,1.1276,BEL,AGO,760310
7981769,61,2,8560,2010,182970.0,0.0,2.035672,-3.383322,DEU,AGO,760310
7981770,71,2,8560,2010,33190.0,0.0,0.832619,2.448009,ESP,AGO,760310
7981771,207,2,8560,2010,19688.0,0.0,1.595473,0.7023020000000001,SVN,AGO,760310
7981772,208,2,8560,2010,57339.0,0.0,1.882239,0.397927,SWE,AGO,760310
7981773,32,8,8560,2010,232781.0,0.0,0.40715500000000004,0.6208100000000001,BRA,ARG,760310
7981774,41,8,8560,2010,1786.0,0.0,2.1492080000000002,0.556424,CHE,ARG,760310
7981775,61,8,8560,2010,82925.0,0.0,2.035672,-3.383322,DEU,ARG,760310
7981776,68,8,8560,2010,0.0,15267.0,-0.181826,1.409465,EGY,ARG,760310
7981777,77,8,8560,2010,9218.0,0.0,1.530027,-0.052557000000000006,FRA,ARG,760310
7981778,104,8,8560,2010,55184.0,0.0,0.14485599999999998,2.408913,IND,ARG,760310
7981779,110,8,8560,2010,0.0,1884.0,1.215834,0.7028340000000001,ISR,ARG,760310
7981780,230,8,8560,2010,0.0,89502.0,0.217246,-0.079733,URY,ARG,760310
7981781,231,8,8560,2010,275748.0,0.0,1.67573,-0.598165,USA,ARG,760310
7981782,14,15,8560,2010,581191.0,216009.0,-0.276442,0.062023,AUS,AUT,760310
7981783,18,15,8560,2010,0.0,2655502.0,1.2224270000000002,1.1276,BEL,AUT,760310
7981784,23,15,8560,2010,0.0,3928.0,0.44973,1.445441,BGR,AUT,760310
7981785,24,15,8560,2010,313756.0,0.0,0.284356,-0.8362,BHR,AUT,760310
7981786,32,15,8560,2010,0.0,8562.0,0.40715500000000004,0.6208100000000001,BRA,AUT,760310
7981787,39,15,8560,2010,0.0,10803.0,0.752421,1.2208510000000001,CAN,AUT,760310
7981788,41,15,8560,2010,0.0,293705.0,2.1492080000000002,0.556424,CHE,AUT,760310
7981789,43,15,8560,2010,93744.0,90360.0,0.922493,2.0176,CHN,AUT,760310
7981790,59,15,8560,2010,0.0,22067.0,1.732044,0.333934,CZE,AUT,760310
7981791,61,15,8560,2010,3075318.0,25042974.0,2.035672,-3.383322,DEU,AUT,760310
7981792,68,15,8560,2010,0.0,303001.0,-0.181826,1.409465,EGY,AUT,760310
7981793,71,15,8560,2010,0.0,182278.0,0.832619,2.448009,ESP,AUT,760310
7981794,72,15,8560,2010,0.0,27009.0,0.832316,1.1844649999999999,EST,AUT,760310
7981795,77,15,8560,2010,101095.0,8732802.0,1.530027,-0.052557000000000006,FRA,AUT,760310
7981796,81,15,8560,2010,2109024.0,504127.0,1.828224,0.386383,GBR,AUT,760310
7981797,97,15,8560,2010,0.0,385703.0,0.715745,1.9780259999999998,HKG,AUT,760310
7981798,100,15,8560,2010,0.0,4313.0,0.8276979999999999,0.97415,HRV,AUT,760310
7981799,102,15,8560,2010,0.0,9172.0,1.514225,0.740341,HUN,AUT,760310
7981800,107,15,8560,2010,0.0,7006.0,-0.609874,-0.744733,IRN,AUT,760310
7981801,110,15,8560,2010,0.0,2792.0,1.215834,0.7028340000000001,ISR,AUT,760310
7981802,111,15,8560,2010,0.0,322331.0,1.272385,0.545721,ITA,AUT,760310
7981803,113,15,8560,2010,0.0,1933.0,0.251702,0.522758,JOR,AUT,760310
7981804,114,15,8560,2010,59895.0,9150.0,2.459723,-0.279387,JPN,AUT,760310
7981805,121,15,8560,2010,0.0,236438.0,1.7118849999999999,0.762362,KOR,AUT,760310
7981806,138,15,8560,2010,0.0,221859.0,1.132664,0.675756,MEX,AUT,760310
7981807,153,15,8560,2010,0.0,19762.0,0.9530780000000001,0.607456,MYS,AUT,760310
7981808,162,15,8560,2010,0.0,1197082.0,1.237998,1.1891209999999999,NLD,AUT,760310
7981809,177,15,8560,2010,189269.0,38076.0,1.083552,1.1433719999999998,POL,AUT,760310
7981810,186,15,8560,2010,1208023.0,419266.0,0.583996,-0.223881,RUS,AUT,760310
7981811,192,15,8560,2010,0.0,2177.0,1.8441349999999999,0.570311,SGP,AUT,760310
7981812,201,15,8560,2010,0.0,35526.0,0.561161,1.33974,SRB,AUT,760310
7981813,206,15,8560,2010,19553.0,36244.0,1.278601,0.726907,SVK,AUT,760310
7981814,207,15,8560,2010,6296904.0,26605.0,1.595473,0.7023020000000001,SVN,AUT,760310
7981815,208,15,8560,2010,0.0,54326.0,1.882239,0.397927,SWE,AUT,760310
7981816,224,15,8560,2010,0.0,2319.0,0.359977,2.471173,TUR,AUT,760310
7981817,228,15,8560,2010,0.0,62507.0,0.714148,0.916267,UKR,AUT,760310
7981818,231,15,8560,2010,306949.0,1666319.0,1.67573,-0.598165,USA,AUT,760310
7981819,239,15,8560,2010,0.0,9769.0,-0.24660500000000002,1.427235,VNM,AUT,760310
7981820,246,15,8560,2010,74380.0,0.0,0.327326,1.513598,ZAF,AUT,760310
7981821,2,18,8560,2010,0.0,117837.0,-1.3711010000000001,-1.170608,AGO,BEL,760310
7981822,14,18,8560,2010,18637.0,32741.0,-0.276442,0.062023,AUS,BEL,760310
7981823,15,18,8560,2010,2655502.0,0.0,1.724315,-0.29379099999999997,AUT,BEL,760310
7981824,24,18,8560,2010,145601.0,0.0,0.284356,-0.8362,BHR,BEL,760310
7981825,32,18,8560,2010,23961.0,0.0,0.40715500000000004,0.6208100000000001,BRA,BEL,760310
7981826,43,18,8560,2010,15810.0,111178.0,0.922493,2.0176,CHN,BEL,760310
7981827,59,18,8560,2010,163932.0,0.0,1.732044,0.333934,CZE,BEL,760310
7981828,61,18,8560,2010,1855219.0,47455.0,2.035672,-3.383322,DEU,BEL,760310
7981829,77,18,8560,2010,1179718.0,205288.0,1.530027,-0.052557000000000006,FRA,BEL,760310
7981830,81,18,8560,2010,285662.0,5016.0,1.828224,0.386383,GBR,BEL,760310
7981831,104,18,8560,2010,743214.0,0.0,0.14485599999999998,2.408913,IND,BEL,760310
7981832,111,18,8560,2010,2578.0,0.0,1.272385,0.545721,ITA,BEL,760310
7981833,114,18,8560,2010,90721.0,0.0,2.459723,-0.279387,JPN,BEL,760310
7981834,134,18,8560,2010,0.0,14112.0,-0.5935229999999999,-0.056497000000000006,MAR,BEL,760310
7981835,162,18,8560,2010,6482.0,0.0,1.237998,1.1891209999999999,NLD,BEL,760310
7981836,166,18,8560,2010,0.0,1634.0,0.36828299999999997,0.574574,NZL,BEL,760310
7981837,177,18,8560,2010,2198.0,2321.0,1.083552,1.1433719999999998,POL,BEL,760310
7981838,186,18,8560,2010,0.0,58981.0,0.583996,-0.223881,RUS,BEL,760310
7981839,216,18,8560,2010,0.0,24039.0,0.748328,1.425224,THA,BEL,760310
7981840,223,18,8560,2010,0.0,72962.0,0.165019,0.8882059999999999,TUN,BEL,760310
7981841,231,18,8560,2010,24781.0,2677.0,1.67573,-0.598165,USA,BEL,760310
7981842,239,18,8560,2010,0.0,6535.0,-0.24660500000000002,1.427235,VNM,BEL,760310
7981843,246,18,8560,2010,0.0,2668.0,0.327326,1.513598,ZAF,BEL,760310
7981844,247,18,8560,2010,0.0,1876.0,-0.650686,-0.830332,ZMB,BEL,760310
7981845,8,32,8560,2010,0.0,232781.0,0.27458899999999997,0.597907,ARG,BRA,760310
7981846,15,32,8560,2010,8562.0,0.0,1.724315,-0.29379099999999997,AUT,BRA,760310
7981847,18,32,8560,2010,0.0,23961.0,1.2224270000000002,1.1276,BEL,BRA,760310
7981848,41,32,8560,2010,15574.0,0.0,2.1492080000000002,0.556424,CHE,BRA,760310
7981849,43,32,8560,2010,52072.0,0.0,0.922493,2.0176,CHN,BRA,760310
7981850,61,32,8560,2010,82978.0,0.0,2.035672,-3.383322,DEU,BRA,760310
7981851,74,32,8560,2010,6836.0,0.0,1.745464,0.897992,FIN,BRA,760310
7981852,77,32,8560,2010,114375.0,22382.0,1.530027,-0.052557000000000006,FRA,BRA,760310
7981853,81,32,8560,2010,177305.0,0.0,1.828224,0.386383,GBR,BRA,760310
7981854,97,32,8560,2010,0.0,188819.0,0.715745,1.9780259999999998,HKG,BRA,760310
7981855,114,32,8560,2010,0.0,3490976.0,2.459723,-0.279387,JPN,BRA,760310
7981856,138,32,8560,2010,0.0,65452.0,1.132664,0.675756,MEX,BRA,760310
7981857,173,32,8560,2010,0.0,835720.0,-0.650327,0.162321,PER,BRA,760310
7981858,207,32,8560,2010,791925.0,0.0,1.595473,0.7023020000000001,SVN,BRA,760310
7981859,231,32,8560,2010,1223.0,363980.0,1.67573,-0.598165,USA,BRA,760310
7981860,231,33,8560,2010,28205.0,0.0,1.67573,-0.598165,USA,BRB,760310
7981861,15,39,8560,2010,10803.0,0.0,1.724315,-0.29379099999999997,AUT,CAN,760310
7981862,43,39,8560,2010,1726.0,2302.0,0.922493,2.0176,CHN,CAN,760310
7981863,61,39,8560,2010,305397.0,1148286.0,2.035672,-3.383322,DEU,CAN,760310
7981864,77,39,8560,2010,58538.0,6082.0,1.530027,-0.052557000000000006,FRA,CAN,760310
7981865,81,39,8560,2010,262908.0,0.0,1.828224,0.386383,GBR,CAN,760310
7981866,96,39,8560,2010,0.0,1150.0,-1.020217,-1.0231569999999999,GUY,CAN,760310
7981867,104,39,8560,2010,0.0,1171.0,0.14485599999999998,2.408913,IND,CAN,760310
7981868,162,39,8560,2010,0.0,26815.0,1.237998,1.1891209999999999,NLD,CAN,760310
7981869,166,39,8560,2010,0.0,1401.0,0.36828299999999997,0.574574,NZL,CAN,760310
7981870,177,39,8560,2010,0.0,11363.0,1.083552,1.1433719999999998,POL,CAN,760310
7981871,208,39,8560,2010,4360.0,0.0,1.882239,0.397927,SWE,CAN,760310
7981872,231,39,8560,2010,3882173.0,0.0,1.67573,-0.598165,USA,CAN,760310
7981873,8,41,8560,2010,0.0,1786.0,0.27458899999999997,0.597907,ARG,CHE,760310
7981874,15,41,8560,2010,293705.0,0.0,1.724315,-0.29379099999999997,AUT,CHE,760310
7981875,24,41,8560,2010,32544.0,0.0,0.284356,-0.8362,BHR,CHE,760310
7981876,32,41,8560,2010,0.0,15574.0,0.40715500000000004,0.6208100000000001,BRA,CHE,760310
7981877,43,41,8560,2010,0.0,2257.0,0.922493,2.0176,CHN,CHE,760310
7981878,59,41,8560,2010,0.0,2017.0,1.732044,0.333934,CZE,CHE,760310
7981879,61,41,8560,2010,1165750.0,13392.0,2.035672,-3.383322,DEU,CHE,760310
7981880,77,41,8560,2010,7816.0,11924.0,1.530027,-0.052557000000000006,FRA,CHE,760310
7981881,81,41,8560,2010,15387.0,0.0,1.828224,0.386383,GBR,CHE,760310
7981882,110,41,8560,2010,0.0,6060.0,1.215834,0.7028340000000001,ISR,CHE,760310
7981883,111,41,8560,2010,2825726.0,0.0,1.272385,0.545721,ITA,CHE,760310
7981884,168,41,8560,2010,0.0,20693.0,-0.692071,0.5409010000000001,PAK,CHE,760310
7981885,177,41,8560,2010,307315.0,0.0,1.083552,1.1433719999999998,POL,CHE,760310
7981886,185,41,8560,2010,0.0,21851.0,0.6483760000000001,1.200256,ROU,CHE,760310
7981887,186,41,8560,2010,0.0,17255.0,0.583996,-0.223881,RUS,CHE,760310
7981888,208,41,8560,2010,0.0,11678.0,1.882239,0.397927,SWE,CHE,760310
7981889,231,41,8560,2010,48362.0,0.0,1.67573,-0.598165,USA,CHE,760310
7981890,246,41,8560,2010,0.0,1255.0,0.327326,1.513598,ZAF,CHE,760310
7981891,173,42,8560,2010,0.0,986246.0,-0.650327,0.162321,PER,CHL,760310
7981892,186,42,8560,2010,310222.0,0.0,0.583996,-0.223881,RUS,CHL,760310
7981893,208,42,8560,2010,7593.0,0.0,1.882239,0.397927,SWE,CHL,760310
7981894,231,42,8560,2010,394396.0,0.0,1.67573,-0.598165,USA,CHL,760310
7981895,7,43,8560,2010,0.0,54655.0,0.29457,-0.196371,ARE,CHN,760310
7981896,9,43,8560,2010,0.0,3058.0,0.11632,-0.417048,ARM,CHN,760310
7981897,14,43,8560,2010,1662858.0,21133.0,-0.276442,0.062023,AUS,CHN,760310
7981898,15,43,8560,2010,90360.0,93744.0,1.724315,-0.29379099999999997,AUT,CHN,760310
7981899,18,43,8560,2010,111178.0,15810.0,1.2224270000000002,1.1276,BEL,CHN,760310
7981900,24,43,8560,2010,31317.0,0.0,0.284356,-0.8362,BHR,CHN,760310
7981901,32,43,8560,2010,0.0,52072.0,0.40715500000000004,0.6208100000000001,BRA,CHN,760310
7981902,39,43,8560,2010,2302.0,1726.0,0.752421,1.2208510000000001,CAN,CHN,760310
7981903,41,43,8560,2010,2257.0,0.0,2.1492080000000002,0.556424,CHE,CHN,760310
7981904,54,43,8560,2010,0.0,11802.0,-0.085462,-0.885019,CUB,CHN,760310
7981905,59,43,8560,2010,0.0,184618.0,1.732044,0.333934,CZE,CHN,760310
7981906,61,43,8560,2010,1071356.0,339470.0,2.035672,-3.383322,DEU,CHN,760310
7981907,68,43,8560,2010,0.0,71588.0,-0.181826,1.409465,EGY,CHN,760310
7981908,74,43,8560,2010,0.0,1678.0,1.745464,0.897992,FIN,CHN,760310
7981909,77,43,8560,2010,41547.0,708960.0,1.530027,-0.052557000000000006,FRA,CHN,760310
7981910,81,43,8560,2010,92963.0,867522.0,1.828224,0.386383,GBR,CHN,760310
7981911,83,43,8560,2010,0.0,14435.0,-0.835003,-0.633731,GHA,CHN,760310
7981912,93,43,8560,2010,0.0,190922.0,-0.39034,0.743521,GTM,CHN,760310
7981913,97,43,8560,2010,1470635.0,1877.0,0.715745,1.9780259999999998,HKG,CHN,760310
7981914,103,43,8560,2010,115636.0,1347555.0,-0.30878099999999997,1.07069,IDN,CHN,760310
7981915,104,43,8560,2010,153029.0,8221.0,0.14485599999999998,2.408913,IND,CHN,760310
7981916,107,43,8560,2010,0.0,726541.0,-0.609874,-0.744733,IRN,CHN,760310
7981917,113,43,8560,2010,0.0,14217.0,0.251702,0.522758,JOR,CHN,760310
7981918,114,43,8560,2010,1145256.0,10720239.0,2.459723,-0.279387,JPN,CHN,760310
7981919,121,43,8560,2010,110114.0,717135.0,1.7118849999999999,0.762362,KOR,CHN,760310
7981920,128,43,8560,2010,0.0,3386.0,-0.70886,0.25216700000000003,LKA,CHN,760310
7981921,138,43,8560,2010,0.0,2035.0,1.132664,0.675756,MEX,CHN,760310
7981922,152,43,8560,2010,0.0,42743.0,-0.821839,-0.9153870000000001,MWI,CHN,760310
7981923,153,43,8560,2010,4032.0,70232.0,0.9530780000000001,0.607456,MYS,CHN,760310
7981924,159,43,8560,2010,0.0,20277.0,-1.887084,-1.2280229999999999,NGA,CHN,760310
7981925,162,43,8560,2010,0.0,52069.0,1.237998,1.1891209999999999,NLD,CHN,760310
7981926,166,43,8560,2010,0.0,2808.0,0.36828299999999997,0.574574,NZL,CHN,760310
7981927,168,43,8560,2010,0.0,100809.0,-0.692071,0.5409010000000001,PAK,CHN,760310
7981928,174,43,8560,2010,0.0,161795.0,0.40418899999999996,0.102497,PHL,CHN,760310
7981929,177,43,8560,2010,3143.0,0.0,1.083552,1.1433719999999998,POL,CHN,760310
7981930,179,43,8560,2010,0.0,15230.0,0.551149,2.437209,PRT,CHN,760310
7981931,183,43,8560,2010,0.0,34455.0,-0.346143,-1.078192,QAT,CHN,760310
7981932,186,43,8560,2010,0.0,351749.0,0.583996,-0.223881,RUS,CHN,760310
7981933,192,43,8560,2010,6011.0,2945.0,1.8441349999999999,0.570311,SGP,CHN,760310
7981934,197,43,8560,2010,0.0,57861.0,-0.101434,0.132639,SLV,CHN,760310
7981935,208,43,8560,2010,130196.0,0.0,1.882239,0.397927,SWE,CHN,760310
7981936,214,43,8560,2010,0.0,3355.0,0.035565,-0.759857,TCD,CHN,760310
7981937,216,43,8560,2010,0.0,167136.0,0.748328,1.425224,THA,CHN,760310
7981938,231,43,8560,2010,993468.0,1120420.0,1.67573,-0.598165,USA,CHN,760310
7981939,236,43,8560,2010,0.0,35576.0,-0.660844,-1.145133,VEN,CHN,760310
7981940,239,43,8560,2010,0.0,75184.0,-0.24660500000000002,1.427235,VNM,CHN,760310
7981941,246,43,8560,2010,5734.0,5104.0,0.327326,1.513598,ZAF,CHN,760310
7981942,249,43,8560,2010,177090.0,12096738.0,1.766729,0.909335,TWN,CHN,760310
7981943,61,49,8560,2010,871236.0,0.0,2.035672,-3.383322,DEU,COL,760310
7981944,173,49,8560,2010,0.0,1711.0,-0.650327,0.162321,PER,COL,760310
7981945,177,49,8560,2010,38164.0,0.0,1.083552,1.1433719999999998,POL,COL,760310
7981946,231,49,8560,2010,29905.0,0.0,1.67573,-0.598165,USA,COL,760310
7981947,231,52,8560,2010,270896.0,0.0,1.67573,-0.598165,USA,CRI,760310
7981948,2,61,8560,2010,0.0,182970.0,-1.3711010000000001,-1.170608,AGO,DEU,760310
7981949,7,61,8560,2010,0.0,580825.0,0.29457,-0.196371,ARE,DEU,760310
7981950,8,61,8560,2010,0.0,82925.0,0.27458899999999997,0.597907,ARG,DEU,760310
7981951,14,61,8560,2010,655545.0,14503.0,-0.276442,0.062023,AUS,DEU,760310
7981952,15,61,8560,2010,25042974.0,3075318.0,1.724315,-0.29379099999999997,AUT,DEU,760310
7981953,18,61,8560,2010,47455.0,1855219.0,1.2224270000000002,1.1276,BEL,DEU,760310
7981954,23,61,8560,2010,0.0,2951.0,0.44973,1.445441,BGR,DEU,760310
7981955,24,61,8560,2010,1112472.0,0.0,0.284356,-0.8362,BHR,DEU,760310
7981956,32,61,8560,2010,0.0,82978.0,0.40715500000000004,0.6208100000000001,BRA,DEU,760310
7981957,39,61,8560,2010,1148286.0,305397.0,0.752421,1.2208510000000001,CAN,DEU,760310
7981958,41,61,8560,2010,13392.0,1165750.0,2.1492080000000002,0.556424,CHE,DEU,760310
7981959,43,61,8560,2010,339470.0,1071356.0,0.922493,2.0176,CHN,DEU,760310
7981960,49,61,8560,2010,0.0,871236.0,0.097222,-0.064328,COL,DEU,760310
7981961,59,61,8560,2010,174828.0,1127752.0,1.732044,0.333934,CZE,DEU,760310
7981962,64,61,8560,2010,0.0,13513.0,1.082468,1.280759,DNK,DEU,760310
7981963,68,61,8560,2010,402438.0,2182.0,-0.181826,1.409465,EGY,DEU,760310
7981964,71,61,8560,2010,883004.0,4283198.0,0.832619,2.448009,ESP,DEU,760310
7981965,72,61,8560,2010,0.0,32880.0,0.832316,1.1844649999999999,EST,DEU,760310
7981966,74,61,8560,2010,148628.0,883015.0,1.745464,0.897992,FIN,DEU,760310
7981967,77,61,8560,2010,7453348.0,8087934.0,1.530027,-0.052557000000000006,FRA,DEU,760310
7981968,81,61,8560,2010,5585666.0,2910791.0,1.828224,0.386383,GBR,DEU,760310
7981969,90,61,8560,2010,0.0,76066.0,0.200249,1.4640090000000001,GRC,DEU,760310
7981970,97,61,8560,2010,0.0,1313766.0,0.715745,1.9780259999999998,HKG,DEU,760310
7981971,100,61,8560,2010,0.0,5131.0,0.8276979999999999,0.97415,HRV,DEU,760310
7981972,102,61,8560,2010,0.0,6259.0,1.514225,0.740341,HUN,DEU,760310
7981973,103,61,8560,2010,0.0,27361.0,-0.30878099999999997,1.07069,IDN,DEU,760310
7981974,104,61,8560,2010,1227805.0,95687.0,0.14485599999999998,2.408913,IND,DEU,760310
7981975,106,61,8560,2010,0.0,23024.0,1.371357,0.168795,IRL,DEU,760310
7981976,107,61,8560,2010,0.0,44720.0,-0.609874,-0.744733,IRN,DEU,760310
7981977,110,61,8560,2010,610451.0,89340.0,1.215834,0.7028340000000001,ISR,DEU,760310
7981978,111,61,8560,2010,2809546.0,1364678.0,1.272385,0.545721,ITA,DEU,760310
7981979,114,61,8560,2010,35962.0,140191.0,2.459723,-0.279387,JPN,DEU,760310
7981980,115,61,8560,2010,0.0,189127.0,-0.6278020000000001,-0.8419760000000001,KAZ,DEU,760310
7981981,121,61,8560,2010,0.0,1962549.0,1.7118849999999999,0.762362,KOR,DEU,760310
7981982,122,61,8560,2010,0.0,108464.0,0.067373,-1.0822120000000002,KWT,DEU,760310
7981983,128,61,8560,2010,0.0,3529.0,-0.70886,0.25216700000000003,LKA,DEU,760310
7981984,130,61,8560,2010,0.0,4300.0,0.6390600000000001,1.144911,LTU,DEU,760310
7981985,131,61,8560,2010,73475.0,58274.0,1.272127,1.1051520000000001,LUX,DEU,760310
7981986,134,61,8560,2010,0.0,474162.0,-0.5935229999999999,-0.056497000000000006,MAR,DEU,760310
7981987,138,61,8560,2010,0.0,121297.0,1.132664,0.675756,MEX,DEU,760310
7981988,153,61,8560,2010,105530.0,15951.0,0.9530780000000001,0.607456,MYS,DEU,760310
7981989,162,61,8560,2010,2886.0,341255.0,1.237998,1.1891209999999999,NLD,DEU,760310
7981990,163,61,8560,2010,0.0,22154.0,0.865676,0.138757,NOR,DEU,760310
7981991,168,61,8560,2010,0.0,57718.0,-0.692071,0.5409010000000001,PAK,DEU,760310
7981992,169,61,8560,2010,0.0,16809.0,0.617867,0.903432,PAN,DEU,760310
7981993,173,61,8560,2010,0.0,1814.0,-0.650327,0.162321,PER,DEU,760310
7981994,174,61,8560,2010,0.0,308582.0,0.40418899999999996,0.102497,PHL,DEU,760310
7981995,177,61,8560,2010,229575.0,2489228.0,1.083552,1.1433719999999998,POL,DEU,760310
7981996,179,61,8560,2010,0.0,211976.0,0.551149,2.437209,PRT,DEU,760310
7981997,183,61,8560,2010,0.0,2563.0,-0.346143,-1.078192,QAT,DEU,760310
7981998,185,61,8560,2010,0.0,12004.0,0.6483760000000001,1.200256,ROU,DEU,760310
7981999,186,61,8560,2010,28297392.0,535778.0,0.583996,-0.223881,RUS,DEU,760310
7982000,188,61,8560,2010,0.0,530807.0,0.46696400000000005,-0.7487520000000001,SAU,DEU,760310
7982001,192,61,8560,2010,0.0,1399.0,1.8441349999999999,0.570311,SGP,DEU,760310
7982002,206,61,8560,2010,483385.0,411089.0,1.278601,0.726907,SVK,DEU,760310
7982003,207,61,8560,2010,1756682.0,58842.0,1.595473,0.7023020000000001,SVN,DEU,760310
7982004,208,61,8560,2010,0.0,920710.0,1.882239,0.397927,SWE,DEU,760310
7982005,212,61,8560,2010,0.0,7971.0,-0.46833800000000003,1.11952,SYR,DEU,760310
7982006,216,61,8560,2010,0.0,82734.0,0.748328,1.425224,THA,DEU,760310
7982007,223,61,8560,2010,0.0,144405.0,0.165019,0.8882059999999999,TUN,DEU,760310
7982008,224,61,8560,2010,51728.0,3520808.0,0.359977,2.471173,TUR,DEU,760310
7982009,228,61,8560,2010,1483890.0,0.0,0.714148,0.916267,UKR,DEU,760310
7982010,231,61,8560,2010,1540921.0,4452165.0,1.67573,-0.598165,USA,DEU,760310
7982011,232,61,8560,2010,0.0,1047232.0,-0.704097,-0.655055,UZB,DEU,760310
7982012,239,61,8560,2010,0.0,334959.0,-0.24660500000000002,1.427235,VNM,DEU,760310
7982013,246,61,8560,2010,360613.0,230340.0,0.327326,1.513598,ZAF,DEU,760310
7982014,249,61,8560,2010,0.0,12116.0,1.766729,0.909335,TWN,DEU,760310
7982015,59,64,8560,2010,0.0,1817.0,1.732044,0.333934,CZE,DNK,760310
7982016,61,64,8560,2010,13513.0,0.0,2.035672,-3.383322,DEU,DNK,760310
7982017,77,64,8560,2010,19562.0,0.0,1.530027,-0.052557000000000006,FRA,DNK,760310
7982018,81,64,8560,2010,2418.0,0.0,1.828224,0.386383,GBR,DNK,760310
7982019,111,64,8560,2010,5350.0,0.0,1.272385,0.545721,ITA,DNK,760310
7982020,208,64,8560,2010,0.0,4930.0,1.882239,0.397927,SWE,DNK,760310
7982021,249,64,8560,2010,0.0,3894.0,1.766729,0.909335,TWN,DNK,760310
7982022,231,65,8560,2010,28070.0,0.0,1.67573,-0.598165,USA,DOM,760310
7982023,231,67,8560,2010,47990.0,0.0,1.67573,-0.598165,USA,ECU,760310
7982024,2,71,8560,2010,0.0,33190.0,-1.3711010000000001,-1.170608,AGO,ESP,760310
7982025,15,71,8560,2010,182278.0,0.0,1.724315,-0.29379099999999997,AUT,ESP,760310
7982026,31,71,8560,2010,0.0,44955.0,-0.83736,-0.812473,BOL,ESP,760310
7982027,54,71,8560,2010,0.0,7273.0,-0.085462,-0.885019,CUB,ESP,760310
7982028,61,71,8560,2010,4283198.0,883004.0,2.035672,-3.383322,DEU,ESP,760310
7982029,77,71,8560,2010,687247.0,30216.0,1.530027,-0.052557000000000006,FRA,ESP,760310
7982030,81,71,8560,2010,225084.0,181791.0,1.828224,0.386383,GBR,ESP,760310
7982031,104,71,8560,2010,203753.0,51972.0,0.14485599999999998,2.408913,IND,ESP,760310
7982032,111,71,8560,2010,110563.0,271670.0,1.272385,0.545721,ITA,ESP,760310
7982033,134,71,8560,2010,0.0,5512.0,-0.5935229999999999,-0.056497000000000006,MAR,ESP,760310
7982034,142,71,8560,2010,0.0,10773.0,1.211797,-0.024923,MLT,ESP,760310
7982035,148,71,8560,2010,0.0,4099.0,-2.099882,-1.303977,MRT,ESP,760310
7982036,162,71,8560,2010,37002.0,74494.0,1.237998,1.1891209999999999,NLD,ESP,760310
7982037,163,71,8560,2010,0.0,11487.0,0.865676,0.138757,NOR,ESP,760310
7982038,169,71,8560,2010,0.0,7543.0,0.617867,0.903432,PAN,ESP,760310
7982039,177,71,8560,2010,176133.0,0.0,1.083552,1.1433719999999998,POL,ESP,760310
7982040,179,71,8560,2010,0.0,237621.0,0.551149,2.437209,PRT,ESP,760310
7982041,188,71,8560,2010,0.0,25038.0,0.46696400000000005,-0.7487520000000001,SAU,ESP,760310
7982042,207,71,8560,2010,53752.0,0.0,1.595473,0.7023020000000001,SVN,ESP,760310
7982043,208,71,8560,2010,168719.0,0.0,1.882239,0.397927,SWE,ESP,760310
7982044,223,71,8560,2010,0.0,971.0,0.165019,0.8882059999999999,TUN,ESP,760310
7982045,231,71,8560,2010,11708.0,0.0,1.67573,-0.598165,USA,ESP,760310
7982046,246,71,8560,2010,313027.0,0.0,0.327326,1.513598,ZAF,ESP,760310
7982047,32,74,8560,2010,0.0,6836.0,0.40715500000000004,0.6208100000000001,BRA,FIN,760310
7982048,43,74,8560,2010,1678.0,0.0,0.922493,2.0176,CHN,FIN,760310
7982049,61,74,8560,2010,883015.0,148628.0,2.035672,-3.383322,DEU,FIN,760310
7982050,72,74,8560,2010,0.0,8691.0,0.832316,1.1844649999999999,EST,FIN,760310
7982051,81,74,8560,2010,19715.0,0.0,1.828224,0.386383,GBR,FIN,760310
7982052,111,74,8560,2010,12020.0,0.0,1.272385,0.545721,ITA,FIN,760310
7982053,114,74,8560,2010,26656.0,0.0,2.459723,-0.279387,JPN,FIN,760310
7982054,208,74,8560,2010,36019.0,232203.0,1.882239,0.397927,SWE,FIN,760310
7982055,8,77,8560,2010,0.0,9218.0,0.27458899999999997,0.597907,ARG,FRA,760310
7982056,14,77,8560,2010,631743.0,0.0,-0.276442,0.062023,AUS,FRA,760310
7982057,15,77,8560,2010,8732802.0,101095.0,1.724315,-0.29379099999999997,AUT,FRA,760310
7982058,18,77,8560,2010,205288.0,1179718.0,1.2224270000000002,1.1276,BEL,FRA,760310
7982059,23,77,8560,2010,1228.0,0.0,0.44973,1.445441,BGR,FRA,760310
7982060,24,77,8560,2010,1583369.0,0.0,0.284356,-0.8362,BHR,FRA,760310
7982061,28,77,8560,2010,685773.0,0.0,0.969851,0.593386,BLR,FRA,760310
7982062,32,77,8560,2010,22382.0,114375.0,0.40715500000000004,0.6208100000000001,BRA,FRA,760310
7982063,39,77,8560,2010,6082.0,58538.0,0.752421,1.2208510000000001,CAN,FRA,760310
7982064,41,77,8560,2010,11924.0,7816.0,2.1492080000000002,0.556424,CHE,FRA,760310
7982065,43,77,8560,2010,708960.0,41547.0,0.922493,2.0176,CHN,FRA,760310
7982066,61,77,8560,2010,8087934.0,7453348.0,2.035672,-3.383322,DEU,FRA,760310
7982067,64,77,8560,2010,0.0,19562.0,1.082468,1.280759,DNK,FRA,760310
7982068,71,77,8560,2010,30216.0,687247.0,0.832619,2.448009,ESP,FRA,760310
7982069,81,77,8560,2010,8133852.0,1123296.0,1.828224,0.386383,GBR,FRA,760310
7982070,90,77,8560,2010,0.0,1296.0,0.200249,1.4640090000000001,GRC,FRA,760310
7982071,100,77,8560,2010,19714.0,0.0,0.8276979999999999,0.97415,HRV,FRA,760310
7982072,102,77,8560,2010,0.0,3856.0,1.514225,0.740341,HUN,FRA,760310
7982073,103,77,8560,2010,0.0,195943.0,-0.30878099999999997,1.07069,IDN,FRA,760310
7982074,104,77,8560,2010,169028.0,4541.0,0.14485599999999998,2.408913,IND,FRA,760310
7982075,110,77,8560,2010,0.0,40404.0,1.215834,0.7028340000000001,ISR,FRA,760310
7982076,111,77,8560,2010,423867.0,764730.0,1.272385,0.545721,ITA,FRA,760310
7982077,114,77,8560,2010,76026.0,199636.0,2.459723,-0.279387,JPN,FRA,760310
7982078,131,77,8560,2010,154251.0,1294.0,1.272127,1.1051520000000001,LUX,FRA,760310
7982079,134,77,8560,2010,0.0,2551.0,-0.5935229999999999,-0.056497000000000006,MAR,FRA,760310
7982080,138,77,8560,2010,0.0,114265.0,1.132664,0.675756,MEX,FRA,760310
7982081,153,77,8560,2010,10975.0,0.0,0.9530780000000001,0.607456,MYS,FRA,760310
7982082,162,77,8560,2010,0.0,9045.0,1.237998,1.1891209999999999,NLD,FRA,760310
7982083,177,77,8560,2010,227476.0,6376.0,1.083552,1.1433719999999998,POL,FRA,760310
7982084,183,77,8560,2010,0.0,1086.0,-0.346143,-1.078192,QAT,FRA,760310
7982085,185,77,8560,2010,0.0,181986.0,0.6483760000000001,1.200256,ROU,FRA,760310
7982086,186,77,8560,2010,5289806.0,910690.0,0.583996,-0.223881,RUS,FRA,760310
7982087,188,77,8560,2010,0.0,368379.0,0.46696400000000005,-0.7487520000000001,SAU,FRA,760310
7982088,206,77,8560,2010,0.0,12400.0,1.278601,0.726907,SVK,FRA,760310
7982089,207,77,8560,2010,1684508.0,0.0,1.595473,0.7023020000000001,SVN,FRA,760310
7982090,208,77,8560,2010,0.0,231433.0,1.882239,0.397927,SWE,FRA,760310
7982091,216,77,8560,2010,0.0,8752.0,0.748328,1.425224,THA,FRA,760310
7982092,223,77,8560,2010,7004.0,3168.0,0.165019,0.8882059999999999,TUN,FRA,760310
7982093,224,77,8560,2010,0.0,2895.0,0.359977,2.471173,TUR,FRA,760310
7982094,231,77,8560,2010,590997.0,8912676.0,1.67573,-0.598165,USA,FRA,760310
7982095,246,77,8560,2010,0.0,2134579.0,0.327326,1.513598,ZAF,FRA,760310
7982096,249,77,8560,2010,0.0,13839.0,1.766729,0.909335,TWN,FRA,760310
7982097,7,81,8560,2010,0.0,34410.0,0.29457,-0.196371,ARE,GBR,760310
7982098,14,81,8560,2010,127659.0,0.0,-0.276442,0.062023,AUS,GBR,760310
7982099,15,81,8560,2010,504127.0,2109024.0,1.724315,-0.29379099999999997,AUT,GBR,760310
7982100,18,81,8560,2010,5016.0,285662.0,1.2224270000000002,1.1276,BEL,GBR,760310
7982101,24,81,8560,2010,961596.0,0.0,0.284356,-0.8362,BHR,GBR,760310
7982102,32,81,8560,2010,0.0,177305.0,0.40715500000000004,0.6208100000000001,BRA,GBR,760310
7982103,39,81,8560,2010,0.0,262908.0,0.752421,1.2208510000000001,CAN,GBR,760310
7982104,41,81,8560,2010,0.0,15387.0,2.1492080000000002,0.556424,CHE,GBR,760310
7982105,43,81,8560,2010,867522.0,92963.0,0.922493,2.0176,CHN,GBR,760310
7982106,59,81,8560,2010,0.0,75412.0,1.732044,0.333934,CZE,GBR,760310
7982107,61,81,8560,2010,2910791.0,5585666.0,2.035672,-3.383322,DEU,GBR,760310
7982108,64,81,8560,2010,0.0,2418.0,1.082468,1.280759,DNK,GBR,760310
7982109,71,81,8560,2010,181791.0,225084.0,0.832619,2.448009,ESP,GBR,760310
7982110,72,81,8560,2010,0.0,984.0,0.832316,1.1844649999999999,EST,GBR,760310
7982111,74,81,8560,2010,0.0,19715.0,1.745464,0.897992,FIN,GBR,760310
7982112,77,81,8560,2010,1123296.0,8133852.0,1.530027,-0.052557000000000006,FRA,GBR,760310
7982113,102,81,8560,2010,0.0,954.0,1.514225,0.740341,HUN,GBR,760310
7982114,103,81,8560,2010,0.0,8038.0,-0.30878099999999997,1.07069,IDN,GBR,760310
7982115,104,81,8560,2010,4796.0,54471.0,0.14485599999999998,2.408913,IND,GBR,760310
7982116,106,81,8560,2010,0.0,14270.0,1.371357,0.168795,IRL,GBR,760310
7982117,111,81,8560,2010,1947.0,1288566.0,1.272385,0.545721,ITA,GBR,760310
7982118,114,81,8560,2010,19503.0,185912.0,2.459723,-0.279387,JPN,GBR,760310
7982119,121,81,8560,2010,0.0,1038295.0,1.7118849999999999,0.762362,KOR,GBR,760310
7982120,153,81,8560,2010,0.0,3840.0,0.9530780000000001,0.607456,MYS,GBR,760310
7982121,159,81,8560,2010,0.0,86848.0,-1.887084,-1.2280229999999999,NGA,GBR,760310
7982122,162,81,8560,2010,0.0,2608289.0,1.237998,1.1891209999999999,NLD,GBR,760310
7982123,163,81,8560,2010,2670.0,104100.0,0.865676,0.138757,NOR,GBR,760310
7982124,168,81,8560,2010,0.0,4796.0,-0.692071,0.5409010000000001,PAK,GBR,760310
7982125,177,81,8560,2010,4401234.0,125335.0,1.083552,1.1433719999999998,POL,GBR,760310
7982126,179,81,8560,2010,0.0,5284.0,0.551149,2.437209,PRT,GBR,760310
7982127,188,81,8560,2010,0.0,18687.0,0.46696400000000005,-0.7487520000000001,SAU,GBR,760310
7982128,192,81,8560,2010,0.0,88401.0,1.8441349999999999,0.570311,SGP,GBR,760310
7982129,201,81,8560,2010,0.0,7492.0,0.561161,1.33974,SRB,GBR,760310
7982130,207,81,8560,2010,0.0,13342.0,1.595473,0.7023020000000001,SVN,GBR,760310
7982131,208,81,8560,2010,0.0,38995.0,1.882239,0.397927,SWE,GBR,760310
7982132,216,81,8560,2010,0.0,3821.0,0.748328,1.425224,THA,GBR,760310
7982133,224,81,8560,2010,0.0,144619.0,0.359977,2.471173,TUR,GBR,760310
7982134,231,81,8560,2010,3649102.0,1187020.0,1.67573,-0.598165,USA,GBR,760310
7982135,239,81,8560,2010,0.0,8534.0,-0.24660500000000002,1.427235,VNM,GBR,760310
7982136,246,81,8560,2010,0.0,21183.0,0.327326,1.513598,ZAF,GBR,760310
7982137,249,81,8560,2010,0.0,5035.0,1.766729,0.909335,TWN,GBR,760310
7982138,61,90,8560,2010,76066.0,0.0,2.035672,-3.383322,DEU,GRC,760310
7982139,77,90,8560,2010,1296.0,0.0,1.530027,-0.052557000000000006,FRA,GRC,760310
7982140,104,90,8560,2010,50876.0,0.0,0.14485599999999998,2.408913,IND,GRC,760310
7982141,111,90,8560,2010,2814.0,66533.0,1.272385,0.545721,ITA,GRC,760310
7982142,162,90,8560,2010,1303.0,0.0,1.237998,1.1891209999999999,NLD,GRC,760310
7982143,43,93,8560,2010,190922.0,0.0,0.922493,2.0176,CHN,GTM,760310
7982144,114,93,8560,2010,53743.0,0.0,2.459723,-0.279387,JPN,GTM,760310
7982145,231,93,8560,2010,9832.0,0.0,1.67573,-0.598165,USA,GTM,760310
7982146,39,96,8560,2010,1150.0,0.0,0.752421,1.2208510000000001,CAN,GUY,760310
7982147,14,97,8560,2010,5798.0,0.0,-0.276442,0.062023,AUS,HKG,760310
7982148,15,97,8560,2010,385703.0,0.0,1.724315,-0.29379099999999997,AUT,HKG,760310
7982149,32,97,8560,2010,188819.0,0.0,0.40715500000000004,0.6208100000000001,BRA,HKG,760310
7982150,43,97,8560,2010,1877.0,1470635.0,0.922493,2.0176,CHN,HKG,760310
7982151,61,97,8560,2010,1313766.0,0.0,2.035672,-3.383322,DEU,HKG,760310
7982152,103,97,8560,2010,35446.0,67024.0,-0.30878099999999997,1.07069,IDN,HKG,760310
7982153,104,97,8560,2010,114996.0,20694.0,0.14485599999999998,2.408913,IND,HKG,760310
7982154,114,97,8560,2010,203735.0,3775.0,2.459723,-0.279387,JPN,HKG,760310
7982155,118,97,8560,2010,0.0,830.0,-1.158906,-1.019906,KHM,HKG,760310
7982156,162,97,8560,2010,174010.0,0.0,1.237998,1.1891209999999999,NLD,HKG,760310
7982157,174,97,8560,2010,0.0,52260.0,0.40418899999999996,0.102497,PHL,HKG,760310
7982158,208,97,8560,2010,253068.0,0.0,1.882239,0.397927,SWE,HKG,760310
7982159,231,97,8560,2010,6613.0,0.0,1.67573,-0.598165,USA,HKG,760310
7982160,239,97,8560,2010,0.0,11545.0,-0.24660500000000002,1.427235,VNM,HKG,760310
7982161,249,97,8560,2010,72281.0,5086.0,1.766729,0.909335,TWN,HKG,760310
7982162,231,99,8560,2010,4494.0,37774.0,1.67573,-0.598165,USA,HND,760310
7982163,14,103,8560,2010,292334.0,0.0,-0.276442,0.062023,AUS,IDN,760310
7982164,43,103,8560,2010,1347555.0,115636.0,0.922493,2.0176,CHN,IDN,760310
7982165,61,103,8560,2010,27361.0,0.0,2.035672,-3.383322,DEU,IDN,760310
7982166,75,103,8560,2010,0.0,1260.0,-0.603112,-0.29135500000000003,FJI,IDN,760310
7982167,77,103,8560,2010,195943.0,0.0,1.530027,-0.052557000000000006,FRA,IDN,760310
7982168,81,103,8560,2010,8038.0,0.0,1.828224,0.386383,GBR,IDN,760310
7982169,97,103,8560,2010,67024.0,35446.0,0.715745,1.9780259999999998,HKG,IDN,760310
7982170,104,103,8560,2010,112561.0,0.0,0.14485599999999998,2.408913,IND,IDN,760310
7982171,114,103,8560,2010,64936.0,0.0,2.459723,-0.279387,JPN,IDN,760310
7982172,121,103,8560,2010,0.0,230447.0,1.7118849999999999,0.762362,KOR,IDN,760310
7982173,153,103,8560,2010,353995.0,8748.0,0.9530780000000001,0.607456,MYS,IDN,760310
7982174,174,103,8560,2010,0.0,37189.0,0.40418899999999996,0.102497,PHL,IDN,760310
7982175,177,103,8560,2010,53299.0,0.0,1.083552,1.1433719999999998,POL,IDN,760310
7982176,192,103,8560,2010,74564.0,0.0,1.8441349999999999,0.570311,SGP,IDN,760310
7982177,216,103,8560,2010,0.0,2530.0,0.748328,1.425224,THA,IDN,760310
7982178,231,103,8560,2010,811172.0,0.0,1.67573,-0.598165,USA,IDN,760310
7982179,246,103,8560,2010,38112.0,0.0,0.327326,1.513598,ZAF,IDN,760310
7982180,249,103,8560,2010,3441.0,0.0,1.766729,0.909335,TWN,IDN,760310
7982181,7,104,8560,2010,0.0,117233.0,0.29457,-0.196371,ARE,IND,760310
7982182,8,104,8560,2010,0.0,55184.0,0.27458899999999997,0.597907,ARG,IND,760310
7982183,14,104,8560,2010,72352.0,5537.0,-0.276442,0.062023,AUS,IND,760310
7982184,18,104,8560,2010,0.0,743214.0,1.2224270000000002,1.1276,BEL,IND,760310
7982185,24,104,8560,2010,754724.0,0.0,0.284356,-0.8362,BHR,IND,760310
7982186,39,104,8560,2010,1171.0,0.0,0.752421,1.2208510000000001,CAN,IND,760310
7982187,43,104,8560,2010,8221.0,153029.0,0.922493,2.0176,CHN,IND,760310
7982188,61,104,8560,2010,95687.0,1227805.0,2.035672,-3.383322,DEU,IND,760310
7982189,62,104,8560,2010,0.0,6886.0,-0.37501799999999996,-0.727603,DJI,IND,760310
7982190,68,104,8560,2010,0.0,9917.0,-0.181826,1.409465,EGY,IND,760310
7982191,71,104,8560,2010,51972.0,203753.0,0.832619,2.448009,ESP,IND,760310
7982192,77,104,8560,2010,4541.0,169028.0,1.530027,-0.052557000000000006,FRA,IND,760310
7982193,81,104,8560,2010,54471.0,4796.0,1.828224,0.386383,GBR,IND,760310
7982194,90,104,8560,2010,0.0,50876.0,0.200249,1.4640090000000001,GRC,IND,760310
7982195,97,104,8560,2010,20694.0,114996.0,0.715745,1.9780259999999998,HKG,IND,760310
7982196,103,104,8560,2010,0.0,112561.0,-0.30878099999999997,1.07069,IDN,IND,760310
7982197,107,104,8560,2010,0.0,95851.0,-0.609874,-0.744733,IRN,IND,760310
7982198,110,104,8560,2010,0.0,38341.0,1.215834,0.7028340000000001,ISR,IND,760310
7982199,111,104,8560,2010,28805.0,202879.0,1.272385,0.545721,ITA,IND,760310
7982200,114,104,8560,2010,15259.0,15625.0,2.459723,-0.279387,JPN,IND,760310
7982201,121,104,8560,2010,15531.0,0.0,1.7118849999999999,0.762362,KOR,IND,760310
7982202,128,104,8560,2010,0.0,147189.0,-0.70886,0.25216700000000003,LKA,IND,760310
7982203,134,104,8560,2010,0.0,986.0,-0.5935229999999999,-0.056497000000000006,MAR,IND,760310
7982204,138,104,8560,2010,0.0,108375.0,1.132664,0.675756,MEX,IND,760310
7982205,140,104,8560,2010,0.0,632.0,-0.122842,0.407017,MKD,IND,760310
7982206,151,104,8560,2010,0.0,1406.0,-0.173542,0.103727,MUS,IND,760310
7982207,153,104,8560,2010,448239.0,258249.0,0.9530780000000001,0.607456,MYS,IND,760310
7982208,159,104,8560,2010,0.0,156408.0,-1.887084,-1.2280229999999999,NGA,IND,760310
7982209,162,104,8560,2010,1654.0,140735.0,1.237998,1.1891209999999999,NLD,IND,760310
7982210,164,104,8560,2010,0.0,3600.0,-0.23753400000000002,0.7957390000000001,NPL,IND,760310
7982211,167,104,8560,2010,195766.0,0.0,-0.487612,-0.9551379999999999,OMN,IND,760310
7982212,168,104,8560,2010,0.0,3110.0,-0.692071,0.5409010000000001,PAK,IND,760310
7982213,174,104,8560,2010,0.0,36551.0,0.40418899999999996,0.102497,PHL,IND,760310
7982214,186,104,8560,2010,3781.0,0.0,0.583996,-0.223881,RUS,IND,760310
7982215,192,104,8560,2010,44164.0,1161.0,1.8441349999999999,0.570311,SGP,IND,760310
7982216,208,104,8560,2010,0.0,8957.0,1.882239,0.397927,SWE,IND,760310
7982217,212,104,8560,2010,0.0,76268.0,-0.46833800000000003,1.11952,SYR,IND,760310
7982218,216,104,8560,2010,0.0,167263.0,0.748328,1.425224,THA,IND,760310
7982219,231,104,8560,2010,5592.0,4147.0,1.67573,-0.598165,USA,IND,760310
7982220,239,104,8560,2010,0.0,128831.0,-0.24660500000000002,1.427235,VNM,IND,760310
7982221,246,104,8560,2010,0.0,29713.0,0.327326,1.513598,ZAF,IND,760310
7982222,7,107,8560,2010,25568.0,0.0,0.29457,-0.196371,ARE,IRN,760310
7982223,9,107,8560,2010,0.0,9946.0,0.11632,-0.417048,ARM,IRN,760310
7982224,15,107,8560,2010,7006.0,0.0,1.724315,-0.29379099999999997,AUT,IRN,760310
7982225,24,107,8560,2010,203192.0,0.0,0.284356,-0.8362,BHR,IRN,760310
7982226,43,107,8560,2010,726541.0,0.0,0.922493,2.0176,CHN,IRN,760310
7982227,61,107,8560,2010,44720.0,0.0,2.035672,-3.383322,DEU,IRN,760310
7982228,104,107,8560,2010,95851.0,0.0,0.14485599999999998,2.408913,IND,IRN,760310
7982229,121,107,8560,2010,52974.0,0.0,1.7118849999999999,0.762362,KOR,IRN,760310
7982230,224,107,8560,2010,0.0,27329.0,0.359977,2.471173,TUR,IRN,760310
7982231,8,110,8560,2010,1884.0,0.0,0.27458899999999997,0.597907,ARG,ISR,760310
7982232,15,110,8560,2010,2792.0,0.0,1.724315,-0.29379099999999997,AUT,ISR,760310
7982233,41,110,8560,2010,6060.0,0.0,2.1492080000000002,0.556424,CHE,ISR,760310
7982234,61,110,8560,2010,89340.0,610451.0,2.035672,-3.383322,DEU,ISR,760310
7982235,77,110,8560,2010,40404.0,0.0,1.530027,-0.052557000000000006,FRA,ISR,760310
7982236,104,110,8560,2010,38341.0,0.0,0.14485599999999998,2.408913,IND,ISR,760310
7982237,111,110,8560,2010,3894.0,0.0,1.272385,0.545721,ITA,ISR,760310
7982238,186,110,8560,2010,702.0,0.0,0.583996,-0.223881,RUS,ISR,760310
7982239,231,110,8560,2010,313406.0,0.0,1.67573,-0.598165,USA,ISR,760310
7982240,4,111,8560,2010,0.0,2863.0,-0.5316,-0.219561,ALB,ITA,760310
7982241,15,111,8560,2010,322331.0,0.0,1.724315,-0.29379099999999997,AUT,ITA,760310
7982242,18,111,8560,2010,0.0,2578.0,1.2224270000000002,1.1276,BEL,ITA,760310
7982243,41,111,8560,2010,0.0,2825726.0,2.1492080000000002,0.556424,CHE,ITA,760310
7982244,61,111,8560,2010,1364678.0,2809546.0,2.035672,-3.383322,DEU,ITA,760310
7982245,64,111,8560,2010,0.0,5350.0,1.082468,1.280759,DNK,ITA,760310
7982246,68,111,8560,2010,311471.0,0.0,-0.181826,1.409465,EGY,ITA,760310
7982247,71,111,8560,2010,271670.0,110563.0,0.832619,2.448009,ESP,ITA,760310
7982248,74,111,8560,2010,0.0,12020.0,1.745464,0.897992,FIN,ITA,760310
7982249,77,111,8560,2010,764730.0,423867.0,1.530027,-0.052557000000000006,FRA,ITA,760310
7982250,81,111,8560,2010,1288566.0,1947.0,1.828224,0.386383,GBR,ITA,760310
7982251,90,111,8560,2010,66533.0,2814.0,0.200249,1.4640090000000001,GRC,ITA,760310
7982252,104,111,8560,2010,202879.0,28805.0,0.14485599999999998,2.408913,IND,ITA,760310
7982253,110,111,8560,2010,0.0,3894.0,1.215834,0.7028340000000001,ISR,ITA,760310
7982254,114,111,8560,2010,0.0,3014.0,2.459723,-0.279387,JPN,ITA,760310
7982255,153,111,8560,2010,0.0,21470.0,0.9530780000000001,0.607456,MYS,ITA,760310
7982256,163,111,8560,2010,0.0,42810.0,0.865676,0.138757,NOR,ITA,760310
7982257,177,111,8560,2010,6956.0,7940.0,1.083552,1.1433719999999998,POL,ITA,760310
7982258,179,111,8560,2010,0.0,15162.0,0.551149,2.437209,PRT,ITA,760310
7982259,185,111,8560,2010,85719.0,0.0,0.6483760000000001,1.200256,ROU,ITA,760310
7982260,186,111,8560,2010,29113.0,0.0,0.583996,-0.223881,RUS,ITA,760310
7982261,188,111,8560,2010,0.0,13132.0,0.46696400000000005,-0.7487520000000001,SAU,ITA,760310
7982262,206,111,8560,2010,0.0,3986.0,1.278601,0.726907,SVK,ITA,760310
7982263,231,111,8560,2010,382502.0,0.0,1.67573,-0.598165,USA,ITA,760310
7982264,231,112,8560,2010,2844.0,0.0,1.67573,-0.598165,USA,JAM,760310
7982265,14,114,8560,2010,3296600.0,23379.0,-0.276442,0.062023,AUS,JPN,760310
7982266,15,114,8560,2010,9150.0,59895.0,1.724315,-0.29379099999999997,AUT,JPN,760310
7982267,18,114,8560,2010,0.0,90721.0,1.2224270000000002,1.1276,BEL,JPN,760310
7982268,24,114,8560,2010,2251986.0,67519.0,0.284356,-0.8362,BHR,JPN,760310
7982269,32,114,8560,2010,3490976.0,0.0,0.40715500000000004,0.6208100000000001,BRA,JPN,760310
7982270,43,114,8560,2010,10720239.0,1145256.0,0.922493,2.0176,CHN,JPN,760310
7982271,59,114,8560,2010,0.0,145495.0,1.732044,0.333934,CZE,JPN,760310
7982272,61,114,8560,2010,140191.0,35962.0,2.035672,-3.383322,DEU,JPN,760310
7982273,74,114,8560,2010,0.0,26656.0,1.745464,0.897992,FIN,JPN,760310
7982274,77,114,8560,2010,199636.0,76026.0,1.530027,-0.052557000000000006,FRA,JPN,760310
7982275,81,114,8560,2010,185912.0,19503.0,1.828224,0.386383,GBR,JPN,760310
7982276,93,114,8560,2010,0.0,53743.0,-0.39034,0.743521,GTM,JPN,760310
7982277,97,114,8560,2010,3775.0,203735.0,0.715745,1.9780259999999998,HKG,JPN,760310
7982278,103,114,8560,2010,0.0,64936.0,-0.30878099999999997,1.07069,IDN,JPN,760310
7982279,104,114,8560,2010,15625.0,15259.0,0.14485599999999998,2.408913,IND,JPN,760310
7982280,111,114,8560,2010,3014.0,0.0,1.272385,0.545721,ITA,JPN,760310
7982281,121,114,8560,2010,0.0,946205.0,1.7118849999999999,0.762362,KOR,JPN,760310
7982282,153,114,8560,2010,23848.0,290308.0,0.9530780000000001,0.607456,MYS,JPN,760310
7982283,162,114,8560,2010,10113.0,0.0,1.237998,1.1891209999999999,NLD,JPN,760310
7982284,163,114,8560,2010,26050.0,0.0,0.865676,0.138757,NOR,JPN,760310
7982285,168,114,8560,2010,0.0,1569.0,-0.692071,0.5409010000000001,PAK,JPN,760310
7982286,174,114,8560,2010,0.0,56520.0,0.40418899999999996,0.102497,PHL,JPN,760310
7982287,192,114,8560,2010,3848.0,28323.0,1.8441349999999999,0.570311,SGP,JPN,760310
7982288,216,114,8560,2010,0.0,590237.0,0.748328,1.425224,THA,JPN,760310
7982289,224,114,8560,2010,0.0,1563.0,0.359977,2.471173,TUR,JPN,760310
7982290,231,114,8560,2010,12405820.0,271339.0,1.67573,-0.598165,USA,JPN,760310
7982291,239,114,8560,2010,0.0,310287.0,-0.24660500000000002,1.427235,VNM,JPN,760310
7982292,246,114,8560,2010,0.0,4241.0,0.327326,1.513598,ZAF,JPN,760310
7982293,249,114,8560,2010,3673.0,208078.0,1.766729,0.909335,TWN,JPN,760310
7982294,61,115,8560,2010,189127.0,0.0,2.035672,-3.383322,DEU,KAZ,760310
7982295,186,115,8560,2010,1039051.0,0.0,0.583996,-0.223881,RUS,KAZ,760310
7982296,14,121,8560,2010,1794507.0,160232.0,-0.276442,0.062023,AUS,KOR,760310
7982297,15,121,8560,2010,236438.0,0.0,1.724315,-0.29379099999999997,AUT,KOR,760310
7982298,24,121,8560,2010,1770647.0,0.0,0.284356,-0.8362,BHR,KOR,760310
7982299,43,121,8560,2010,717135.0,110114.0,0.922493,2.0176,CHN,KOR,760310
7982300,61,121,8560,2010,1962549.0,0.0,2.035672,-3.383322,DEU,KOR,760310
7982301,81,121,8560,2010,1038295.0,0.0,1.828224,0.386383,GBR,KOR,760310
7982302,103,121,8560,2010,230447.0,0.0,-0.30878099999999997,1.07069,IDN,KOR,760310
7982303,104,121,8560,2010,0.0,15531.0,0.14485599999999998,2.408913,IND,KOR,760310
7982304,107,121,8560,2010,0.0,52974.0,-0.609874,-0.744733,IRN,KOR,760310
7982305,114,121,8560,2010,946205.0,0.0,2.459723,-0.279387,JPN,KOR,760310
7982306,153,121,8560,2010,10929.0,11176.0,0.9530780000000001,0.607456,MYS,KOR,760310
7982307,174,121,8560,2010,124780.0,0.0,0.40418899999999996,0.102497,PHL,KOR,760310
7982308,208,121,8560,2010,37781.0,1303.0,1.882239,0.397927,SWE,KOR,760310
7982309,231,121,8560,2010,94746.0,1527904.0,1.67573,-0.598165,USA,KOR,760310
7982310,239,121,8560,2010,0.0,617510.0,-0.24660500000000002,1.427235,VNM,KOR,760310
7982311,249,121,8560,2010,275639.0,209558.0,1.766729,0.909335,TWN,KOR,760310
7982312,43,128,8560,2010,3386.0,0.0,0.922493,2.0176,CHN,LKA,760310
7982313,61,128,8560,2010,3529.0,0.0,2.035672,-3.383322,DEU,LKA,760310
7982314,104,128,8560,2010,147189.0,0.0,0.14485599999999998,2.408913,IND,LKA,760310
7982315,249,128,8560,2010,1215.0,0.0,1.766729,0.909335,TWN,LKA,760310
7982316,14,138,8560,2010,613526.0,0.0,-0.276442,0.062023,AUS,MEX,760310
7982317,15,138,8560,2010,221859.0,0.0,1.724315,-0.29379099999999997,AUT,MEX,760310
7982318,32,138,8560,2010,65452.0,0.0,0.40715500000000004,0.6208100000000001,BRA,MEX,760310
7982319,43,138,8560,2010,2035.0,0.0,0.922493,2.0176,CHN,MEX,760310
7982320,61,138,8560,2010,121297.0,0.0,2.035672,-3.383322,DEU,MEX,760310
7982321,77,138,8560,2010,114265.0,0.0,1.530027,-0.052557000000000006,FRA,MEX,760310
7982322,104,138,8560,2010,108375.0,0.0,0.14485599999999998,2.408913,IND,MEX,760310
7982323,173,138,8560,2010,0.0,1326.0,-0.650327,0.162321,PER,MEX,760310
7982324,186,138,8560,2010,0.0,25010.0,0.583996,-0.223881,RUS,MEX,760310
7982325,188,138,8560,2010,2445.0,0.0,0.46696400000000005,-0.7487520000000001,SAU,MEX,760310
7982326,231,138,8560,2010,525953.0,13448.0,1.67573,-0.598165,USA,MEX,760310
7982327,14,153,8560,2010,518541.0,0.0,-0.276442,0.062023,AUS,MYS,760310
7982328,15,153,8560,2010,19762.0,0.0,1.724315,-0.29379099999999997,AUT,MYS,760310
7982329,43,153,8560,2010,70232.0,4032.0,0.922493,2.0176,CHN,MYS,760310
7982330,61,153,8560,2010,15951.0,105530.0,2.035672,-3.383322,DEU,MYS,760310
7982331,77,153,8560,2010,0.0,10975.0,1.530027,-0.052557000000000006,FRA,MYS,760310
7982332,81,153,8560,2010,3840.0,0.0,1.828224,0.386383,GBR,MYS,760310
7982333,103,153,8560,2010,8748.0,353995.0,-0.30878099999999997,1.07069,IDN,MYS,760310
7982334,104,153,8560,2010,258249.0,448239.0,0.14485599999999998,2.408913,IND,MYS,760310
7982335,111,153,8560,2010,21470.0,0.0,1.272385,0.545721,ITA,MYS,760310
7982336,114,153,8560,2010,290308.0,23848.0,2.459723,-0.279387,JPN,MYS,760310
7982337,121,153,8560,2010,11176.0,10929.0,1.7118849999999999,0.762362,KOR,MYS,760310
7982338,174,153,8560,2010,0.0,180525.0,0.40418899999999996,0.102497,PHL,MYS,760310
7982339,192,153,8560,2010,27574.0,166779.0,1.8441349999999999,0.570311,SGP,MYS,760310
7982340,216,153,8560,2010,0.0,11775.0,0.748328,1.425224,THA,MYS,760310
7982341,231,153,8560,2010,7130.0,0.0,1.67573,-0.598165,USA,MYS,760310
7982342,239,153,8560,2010,0.0,3413.0,-0.24660500000000002,1.427235,VNM,MYS,760310
7982343,249,153,8560,2010,0.0,290706.0,1.766729,0.909335,TWN,MYS,760310
7982344,14,162,8560,2010,0.0,43415.0,-0.276442,0.062023,AUS,NLD,760310
7982345,15,162,8560,2010,1197082.0,0.0,1.724315,-0.29379099999999997,AUT,NLD,760310
7982346,18,162,8560,2010,0.0,6482.0,1.2224270000000002,1.1276,BEL,NLD,760310
7982347,39,162,8560,2010,26815.0,0.0,0.752421,1.2208510000000001,CAN,NLD,760310
7982348,43,162,8560,2010,52069.0,0.0,0.922493,2.0176,CHN,NLD,760310
7982349,61,162,8560,2010,341255.0,2886.0,2.035672,-3.383322,DEU,NLD,760310
7982350,68,162,8560,2010,0.0,27181.0,-0.181826,1.409465,EGY,NLD,760310
7982351,71,162,8560,2010,74494.0,37002.0,0.832619,2.448009,ESP,NLD,760310
7982352,77,162,8560,2010,9045.0,0.0,1.530027,-0.052557000000000006,FRA,NLD,760310
7982353,81,162,8560,2010,2608289.0,0.0,1.828224,0.386383,GBR,NLD,760310
7982354,90,162,8560,2010,0.0,1303.0,0.200249,1.4640090000000001,GRC,NLD,760310
7982355,97,162,8560,2010,0.0,174010.0,0.715745,1.9780259999999998,HKG,NLD,760310
7982356,104,162,8560,2010,140735.0,1654.0,0.14485599999999998,2.408913,IND,NLD,760310
7982357,114,162,8560,2010,0.0,10113.0,2.459723,-0.279387,JPN,NLD,760310
7982358,140,162,8560,2010,0.0,1247.0,-0.122842,0.407017,MKD,NLD,760310
7982359,163,162,8560,2010,0.0,194073.0,0.865676,0.138757,NOR,NLD,760310
7982360,177,162,8560,2010,1697.0,2691.0,1.083552,1.1433719999999998,POL,NLD,760310
7982361,186,162,8560,2010,0.0,174528.0,0.583996,-0.223881,RUS,NLD,760310
7982362,192,162,8560,2010,3562.0,0.0,1.8441349999999999,0.570311,SGP,NLD,760310
7982363,224,162,8560,2010,627491.0,0.0,0.359977,2.471173,TUR,NLD,760310
7982364,231,162,8560,2010,85567.0,68808.0,1.67573,-0.598165,USA,NLD,760310
7982365,239,162,8560,2010,0.0,15344.0,-0.24660500000000002,1.427235,VNM,NLD,760310
7982366,14,166,8560,2010,13520.0,0.0,-0.276442,0.062023,AUS,NZL,760310
7982367,18,166,8560,2010,1634.0,0.0,1.2224270000000002,1.1276,BEL,NZL,760310
7982368,39,166,8560,2010,1401.0,0.0,0.752421,1.2208510000000001,CAN,NZL,760310
7982369,43,166,8560,2010,2808.0,0.0,0.922493,2.0176,CHN,NZL,760310
7982370,231,166,8560,2010,61877.0,0.0,1.67573,-0.598165,USA,NZL,760310
7982371,249,166,8560,2010,3362.0,0.0,1.766729,0.909335,TWN,NZL,760310
7982372,61,169,8560,2010,16809.0,0.0,2.035672,-3.383322,DEU,PAN,760310
7982373,71,169,8560,2010,7543.0,0.0,0.832619,2.448009,ESP,PAN,760310
7982374,231,169,8560,2010,28261.0,0.0,1.67573,-0.598165,USA,PAN,760310
7982375,32,173,8560,2010,835720.0,0.0,0.40715500000000004,0.6208100000000001,BRA,PER,760310
7982376,42,173,8560,2010,986246.0,0.0,-0.34914,-0.459395,CHL,PER,760310
7982377,49,173,8560,2010,1711.0,0.0,0.097222,-0.064328,COL,PER,760310
7982378,61,173,8560,2010,1814.0,0.0,2.035672,-3.383322,DEU,PER,760310
7982379,138,173,8560,2010,1326.0,0.0,1.132664,0.675756,MEX,PER,760310
7982380,231,173,8560,2010,416414.0,0.0,1.67573,-0.598165,USA,PER,760310
7982381,14,174,8560,2010,122345.0,0.0,-0.276442,0.062023,AUS,PHL,760310
7982382,43,174,8560,2010,161795.0,0.0,0.922493,2.0176,CHN,PHL,760310
7982383,61,174,8560,2010,308582.0,0.0,2.035672,-3.383322,DEU,PHL,760310
7982384,97,174,8560,2010,52260.0,0.0,0.715745,1.9780259999999998,HKG,PHL,760310
7982385,103,174,8560,2010,37189.0,0.0,-0.30878099999999997,1.07069,IDN,PHL,760310
7982386,104,174,8560,2010,36551.0,0.0,0.14485599999999998,2.408913,IND,PHL,760310
7982387,114,174,8560,2010,56520.0,0.0,2.459723,-0.279387,JPN,PHL,760310
7982388,121,174,8560,2010,0.0,124780.0,1.7118849999999999,0.762362,KOR,PHL,760310
7982389,153,174,8560,2010,180525.0,0.0,0.9530780000000001,0.607456,MYS,PHL,760310
7982390,192,174,8560,2010,47979.0,0.0,1.8441349999999999,0.570311,SGP,PHL,760310
7982391,231,174,8560,2010,9599.0,0.0,1.67573,-0.598165,USA,PHL,760310
7982392,249,174,8560,2010,38125.0,4161.0,1.766729,0.909335,TWN,PHL,760310
7982393,15,177,8560,2010,38076.0,189269.0,1.724315,-0.29379099999999997,AUT,POL,760310
7982394,18,177,8560,2010,2321.0,2198.0,1.2224270000000002,1.1276,BEL,POL,760310
7982395,28,177,8560,2010,0.0,1832.0,0.969851,0.593386,BLR,POL,760310
7982396,39,177,8560,2010,11363.0,0.0,0.752421,1.2208510000000001,CAN,POL,760310
7982397,41,177,8560,2010,0.0,307315.0,2.1492080000000002,0.556424,CHE,POL,760310
7982398,43,177,8560,2010,0.0,3143.0,0.922493,2.0176,CHN,POL,760310
7982399,49,177,8560,2010,0.0,38164.0,0.097222,-0.064328,COL,POL,760310
7982400,59,177,8560,2010,1238.0,157523.0,1.732044,0.333934,CZE,POL,760310
7982401,61,177,8560,2010,2489228.0,229575.0,2.035672,-3.383322,DEU,POL,760310
7982402,71,177,8560,2010,0.0,176133.0,0.832619,2.448009,ESP,POL,760310
7982403,77,177,8560,2010,6376.0,227476.0,1.530027,-0.052557000000000006,FRA,POL,760310
7982404,81,177,8560,2010,125335.0,4401234.0,1.828224,0.386383,GBR,POL,760310
7982405,100,177,8560,2010,0.0,55814.0,0.8276979999999999,0.97415,HRV,POL,760310
7982406,102,177,8560,2010,16001.0,0.0,1.514225,0.740341,HUN,POL,760310
7982407,103,177,8560,2010,0.0,53299.0,-0.30878099999999997,1.07069,IDN,POL,760310
7982408,106,177,8560,2010,4991.0,2353.0,1.371357,0.168795,IRL,POL,760310
7982409,111,177,8560,2010,7940.0,6956.0,1.272385,0.545721,ITA,POL,760310
7982410,140,177,8560,2010,0.0,3438.0,-0.122842,0.407017,MKD,POL,760310
7982411,162,177,8560,2010,2691.0,1697.0,1.237998,1.1891209999999999,NLD,POL,760310
7982412,186,177,8560,2010,0.0,62012.0,0.583996,-0.223881,RUS,POL,760310
7982413,192,177,8560,2010,0.0,47558.0,1.8441349999999999,0.570311,SGP,POL,760310
7982414,206,177,8560,2010,49987.0,362015.0,1.278601,0.726907,SVK,POL,760310
7982415,224,177,8560,2010,0.0,3807.0,0.359977,2.471173,TUR,POL,760310
7982416,228,177,8560,2010,0.0,3953.0,0.714148,0.916267,UKR,POL,760310
7982417,231,177,8560,2010,153442.0,778342.0,1.67573,-0.598165,USA,POL,760310
7982418,43,179,8560,2010,15230.0,0.0,0.922493,2.0176,CHN,PRT,760310
7982419,61,179,8560,2010,211976.0,0.0,2.035672,-3.383322,DEU,PRT,760310
7982420,71,179,8560,2010,237621.0,0.0,0.832619,2.448009,ESP,PRT,760310
7982421,81,179,8560,2010,5284.0,0.0,1.828224,0.386383,GBR,PRT,760310
7982422,111,179,8560,2010,15162.0,0.0,1.272385,0.545721,ITA,PRT,760310
7982423,208,179,8560,2010,172736.0,0.0,1.882239,0.397927,SWE,PRT,760310
7982424,43,183,8560,2010,34455.0,0.0,0.922493,2.0176,CHN,QAT,760310
7982425,61,183,8560,2010,2563.0,0.0,2.035672,-3.383322,DEU,QAT,760310
7982426,68,183,8560,2010,18711.0,0.0,-0.181826,1.409465,EGY,QAT,760310
7982427,77,183,8560,2010,1086.0,0.0,1.530027,-0.052557000000000006,FRA,QAT,760310
7982428,61,188,8560,2010,530807.0,0.0,2.035672,-3.383322,DEU,SAU,760310
7982429,71,188,8560,2010,25038.0,0.0,0.832619,2.448009,ESP,SAU,760310
7982430,77,188,8560,2010,368379.0,0.0,1.530027,-0.052557000000000006,FRA,SAU,760310
7982431,81,188,8560,2010,18687.0,0.0,1.828224,0.386383,GBR,SAU,760310
7982432,111,188,8560,2010,13132.0,0.0,1.272385,0.545721,ITA,SAU,760310
7982433,122,188,8560,2010,29066.0,0.0,0.067373,-1.0822120000000002,KWT,SAU,760310
7982434,138,188,8560,2010,0.0,2445.0,1.132664,0.675756,MEX,SAU,760310
7982435,192,188,8560,2010,18533.0,0.0,1.8441349999999999,0.570311,SGP,SAU,760310
7982436,116,190,8560,2010,4329.0,0.0,-0.387187,1.010443,KEN,SDN,760310
7982437,43,197,8560,2010,57861.0,0.0,0.922493,2.0176,CHN,SLV,760310
7982438,15,206,8560,2010,36244.0,19553.0,1.724315,-0.29379099999999997,AUT,SVK,760310
7982439,59,206,8560,2010,3408.0,93969.0,1.732044,0.333934,CZE,SVK,760310
7982440,61,206,8560,2010,411089.0,483385.0,2.035672,-3.383322,DEU,SVK,760310
7982441,77,206,8560,2010,12400.0,0.0,1.530027,-0.052557000000000006,FRA,SVK,760310
7982442,111,206,8560,2010,3986.0,0.0,1.272385,0.545721,ITA,SVK,760310
7982443,177,206,8560,2010,362015.0,49987.0,1.083552,1.1433719999999998,POL,SVK,760310
7982444,186,206,8560,2010,672391.0,0.0,0.583996,-0.223881,RUS,SVK,760310
7982445,250,206,8560,2010,488932.0,0.0,0.45129600000000003,-0.223517,ANS,SVK,760310
7982446,2,207,8560,2010,0.0,19688.0,-1.3711010000000001,-1.170608,AGO,SVN,760310
7982447,15,207,8560,2010,26605.0,6296904.0,1.724315,-0.29379099999999997,AUT,SVN,760310
7982448,26,207,8560,2010,0.0,1245.0,0.462275,0.830405,BIH,SVN,760310
7982449,32,207,8560,2010,0.0,791925.0,0.40715500000000004,0.6208100000000001,BRA,SVN,760310
7982450,59,207,8560,2010,7615.0,108416.0,1.732044,0.333934,CZE,SVN,760310
7982451,61,207,8560,2010,58842.0,1756682.0,2.035672,-3.383322,DEU,SVN,760310
7982452,71,207,8560,2010,0.0,53752.0,0.832619,2.448009,ESP,SVN,760310
7982453,77,207,8560,2010,0.0,1684508.0,1.530027,-0.052557000000000006,FRA,SVN,760310
7982454,81,207,8560,2010,13342.0,0.0,1.828224,0.386383,GBR,SVN,760310
7982455,100,207,8560,2010,0.0,31672.0,0.8276979999999999,0.97415,HRV,SVN,760310
7982456,102,207,8560,2010,0.0,177024.0,1.514225,0.740341,HUN,SVN,760310
7982457,163,207,8560,2010,0.0,1792.0,0.865676,0.138757,NOR,SVN,760310
7982458,201,207,8560,2010,0.0,32208.0,0.561161,1.33974,SRB,SVN,760310
7982459,250,207,8560,2010,7400.0,0.0,0.45129600000000003,-0.223517,ANS,SVN,760310
7982460,2,208,8560,2010,0.0,57339.0,-1.3711010000000001,-1.170608,AGO,SWE,760310
7982461,14,208,8560,2010,775459.0,0.0,-0.276442,0.062023,AUS,SWE,760310
7982462,15,208,8560,2010,54326.0,0.0,1.724315,-0.29379099999999997,AUT,SWE,760310
7982463,23,208,8560,2010,0.0,24310.0,0.44973,1.445441,BGR,SWE,760310
7982464,39,208,8560,2010,0.0,4360.0,0.752421,1.2208510000000001,CAN,SWE,760310
7982465,41,208,8560,2010,11678.0,0.0,2.1492080000000002,0.556424,CHE,SWE,760310
7982466,42,208,8560,2010,0.0,7593.0,-0.34914,-0.459395,CHL,SWE,760310
7982467,43,208,8560,2010,0.0,130196.0,0.922493,2.0176,CHN,SWE,760310
7982468,59,208,8560,2010,0.0,6801.0,1.732044,0.333934,CZE,SWE,760310
7982469,61,208,8560,2010,920710.0,0.0,2.035672,-3.383322,DEU,SWE,760310
7982470,64,208,8560,2010,4930.0,0.0,1.082468,1.280759,DNK,SWE,760310
7982471,71,208,8560,2010,0.0,168719.0,0.832619,2.448009,ESP,SWE,760310
7982472,72,208,8560,2010,0.0,4488.0,0.832316,1.1844649999999999,EST,SWE,760310
7982473,74,208,8560,2010,232203.0,36019.0,1.745464,0.897992,FIN,SWE,760310
7982474,77,208,8560,2010,231433.0,0.0,1.530027,-0.052557000000000006,FRA,SWE,760310
7982475,81,208,8560,2010,38995.0,0.0,1.828224,0.386383,GBR,SWE,760310
7982476,97,208,8560,2010,0.0,253068.0,0.715745,1.9780259999999998,HKG,SWE,760310
7982477,104,208,8560,2010,8957.0,0.0,0.14485599999999998,2.408913,IND,SWE,760310
7982478,121,208,8560,2010,1303.0,37781.0,1.7118849999999999,0.762362,KOR,SWE,760310
7982479,163,208,8560,2010,0.0,9992.0,0.865676,0.138757,NOR,SWE,760310
7982480,179,208,8560,2010,0.0,172736.0,0.551149,2.437209,PRT,SWE,760310
7982481,186,208,8560,2010,1107622.0,15128.0,0.583996,-0.223881,RUS,SWE,760310
7982482,231,208,8560,2010,12677.0,0.0,1.67573,-0.598165,USA,SWE,760310
7982483,246,208,8560,2010,0.0,22633.0,0.327326,1.513598,ZAF,SWE,760310
7982484,61,212,8560,2010,7971.0,0.0,2.035672,-3.383322,DEU,SYR,760310
7982485,104,212,8560,2010,76268.0,0.0,0.14485599999999998,2.408913,IND,SYR,760310
7982486,224,212,8560,2010,5608.0,0.0,0.359977,2.471173,TUR,SYR,760310
7982487,14,216,8560,2010,180786.0,0.0,-0.276442,0.062023,AUS,THA,760310
7982488,18,216,8560,2010,24039.0,0.0,1.2224270000000002,1.1276,BEL,THA,760310
7982489,24,216,8560,2010,179946.0,0.0,0.284356,-0.8362,BHR,THA,760310
7982490,43,216,8560,2010,167136.0,0.0,0.922493,2.0176,CHN,THA,760310
7982491,61,216,8560,2010,82734.0,0.0,2.035672,-3.383322,DEU,THA,760310
7982492,77,216,8560,2010,8752.0,0.0,1.530027,-0.052557000000000006,FRA,THA,760310
7982493,81,216,8560,2010,3821.0,0.0,1.828224,0.386383,GBR,THA,760310
7982494,103,216,8560,2010,2530.0,0.0,-0.30878099999999997,1.07069,IDN,THA,760310
7982495,104,216,8560,2010,167263.0,0.0,0.14485599999999998,2.408913,IND,THA,760310
7982496,114,216,8560,2010,590237.0,0.0,2.459723,-0.279387,JPN,THA,760310
7982497,153,216,8560,2010,11775.0,0.0,0.9530780000000001,0.607456,MYS,THA,760310
7982498,192,216,8560,2010,19608.0,0.0,1.8441349999999999,0.570311,SGP,THA,760310
7982499,231,216,8560,2010,189191.0,0.0,1.67573,-0.598165,USA,THA,760310
7982500,239,216,8560,2010,0.0,19506.0,-0.24660500000000002,1.427235,VNM,THA,760310
7982501,249,216,8560,2010,3071.0,0.0,1.766729,0.909335,TWN,THA,760310
7982502,15,224,8560,2010,2319.0,0.0,1.724315,-0.29379099999999997,AUT,TUR,760310
7982503,61,224,8560,2010,3520808.0,51728.0,2.035672,-3.383322,DEU,TUR,760310
7982504,77,224,8560,2010,2895.0,0.0,1.530027,-0.052557000000000006,FRA,TUR,760310
7982505,81,224,8560,2010,144619.0,0.0,1.828224,0.386383,GBR,TUR,760310
7982506,107,224,8560,2010,27329.0,0.0,-0.609874,-0.744733,IRN,TUR,760310
7982507,114,224,8560,2010,1563.0,0.0,2.459723,-0.279387,JPN,TUR,760310
7982508,162,224,8560,2010,0.0,627491.0,1.237998,1.1891209999999999,NLD,TUR,760310
7982509,163,224,8560,2010,1310.0,0.0,0.865676,0.138757,NOR,TUR,760310
7982510,177,224,8560,2010,3807.0,0.0,1.083552,1.1433719999999998,POL,TUR,760310
7982511,186,224,8560,2010,63041.0,0.0,0.583996,-0.223881,RUS,TUR,760310
7982512,212,224,8560,2010,0.0,5608.0,-0.46833800000000003,1.11952,SYR,TUR,760310
7982513,231,224,8560,2010,154915.0,0.0,1.67573,-0.598165,USA,TUR,760310
7982514,250,224,8560,2010,0.0,7135.0,0.45129600000000003,-0.223517,ANS,TUR,760310
7982515,9,228,8560,2010,0.0,48471.0,0.11632,-0.417048,ARM,UKR,760310
7982516,15,228,8560,2010,62507.0,0.0,1.724315,-0.29379099999999997,AUT,UKR,760310
7982517,61,228,8560,2010,0.0,1483890.0,2.035672,-3.383322,DEU,UKR,760310
7982518,68,228,8560,2010,0.0,10967.0,-0.181826,1.409465,EGY,UKR,760310
7982519,177,228,8560,2010,3953.0,0.0,1.083552,1.1433719999999998,POL,UKR,760310
7982520,186,228,8560,2010,115193.0,0.0,0.583996,-0.223881,RUS,UKR,760310
7982521,231,228,8560,2010,34163.0,0.0,1.67573,-0.598165,USA,UKR,760310
7982522,8,230,8560,2010,89502.0,0.0,0.27458899999999997,0.597907,ARG,URY,760310
7982523,8,231,8560,2010,0.0,275748.0,0.27458899999999997,0.597907,ARG,USA,760310
7982524,14,231,8560,2010,11940583.0,23381.0,-0.276442,0.062023,AUS,USA,760310
7982525,15,231,8560,2010,1666319.0,306949.0,1.724315,-0.29379099999999997,AUT,USA,760310
7982526,18,231,8560,2010,2677.0,24781.0,1.2224270000000002,1.1276,BEL,USA,760310
7982527,24,231,8560,2010,3072919.0,65125.0,0.284356,-0.8362,BHR,USA,760310
7982528,32,231,8560,2010,363980.0,1223.0,0.40715500000000004,0.6208100000000001,BRA,USA,760310
7982529,33,231,8560,2010,0.0,28205.0,0.7076140000000001,0.434993,BRB,USA,760310
7982530,39,231,8560,2010,0.0,3882173.0,0.752421,1.2208510000000001,CAN,USA,760310
7982531,41,231,8560,2010,0.0,48362.0,2.1492080000000002,0.556424,CHE,USA,760310
7982532,42,231,8560,2010,0.0,394396.0,-0.34914,-0.459395,CHL,USA,760310
7982533,43,231,8560,2010,1120420.0,993468.0,0.922493,2.0176,CHN,USA,760310
7982534,49,231,8560,2010,0.0,29905.0,0.097222,-0.064328,COL,USA,760310
7982535,52,231,8560,2010,0.0,270896.0,-0.122722,-0.7062069999999999,CRI,USA,760310
7982536,59,231,8560,2010,0.0,68021.0,1.732044,0.333934,CZE,USA,760310
7982537,61,231,8560,2010,4452165.0,1540921.0,2.035672,-3.383322,DEU,USA,760310
7982538,65,231,8560,2010,0.0,28070.0,-0.245241,0.368626,DOM,USA,760310
7982539,67,231,8560,2010,0.0,47990.0,-0.584013,-0.743675,ECU,USA,760310
7982540,68,231,8560,2010,0.0,1010.0,-0.181826,1.409465,EGY,USA,760310
7982541,71,231,8560,2010,0.0,11708.0,0.832619,2.448009,ESP,USA,760310
7982542,77,231,8560,2010,8912676.0,590997.0,1.530027,-0.052557000000000006,FRA,USA,760310
7982543,81,231,8560,2010,1187020.0,3649102.0,1.828224,0.386383,GBR,USA,760310
7982544,93,231,8560,2010,0.0,9832.0,-0.39034,0.743521,GTM,USA,760310
7982545,97,231,8560,2010,0.0,6613.0,0.715745,1.9780259999999998,HKG,USA,760310
7982546,99,231,8560,2010,37774.0,4494.0,-0.569501,-0.153122,HND,USA,760310
7982547,101,231,8560,2010,0.0,9829.0,-1.369873,-1.121801,HTI,USA,760310
7982548,102,231,8560,2010,0.0,49979.0,1.514225,0.740341,HUN,USA,760310
7982549,103,231,8560,2010,0.0,811172.0,-0.30878099999999997,1.07069,IDN,USA,760310
7982550,104,231,8560,2010,4147.0,5592.0,0.14485599999999998,2.408913,IND,USA,760310
7982551,110,231,8560,2010,0.0,313406.0,1.215834,0.7028340000000001,ISR,USA,760310
7982552,111,231,8560,2010,0.0,382502.0,1.272385,0.545721,ITA,USA,760310
7982553,112,231,8560,2010,0.0,2844.0,0.041471,-0.367177,JAM,USA,760310
7982554,114,231,8560,2010,271339.0,12405820.0,2.459723,-0.279387,JPN,USA,760310
7982555,121,231,8560,2010,1527904.0,94746.0,1.7118849999999999,0.762362,KOR,USA,760310
7982556,138,231,8560,2010,13448.0,525953.0,1.132664,0.675756,MEX,USA,760310
7982557,153,231,8560,2010,0.0,7130.0,0.9530780000000001,0.607456,MYS,USA,760310
7982558,159,231,8560,2010,0.0,2388.0,-1.887084,-1.2280229999999999,NGA,USA,760310
7982559,160,231,8560,2010,0.0,9677.0,-0.9387409999999999,-0.8119569999999999,NIC,USA,760310
7982560,162,231,8560,2010,68808.0,85567.0,1.237998,1.1891209999999999,NLD,USA,760310
7982561,163,231,8560,2010,0.0,8131.0,0.865676,0.138757,NOR,USA,760310
7982562,166,231,8560,2010,0.0,61877.0,0.36828299999999997,0.574574,NZL,USA,760310
7982563,168,231,8560,2010,0.0,8353.0,-0.692071,0.5409010000000001,PAK,USA,760310
7982564,169,231,8560,2010,0.0,28261.0,0.617867,0.903432,PAN,USA,760310
7982565,173,231,8560,2010,0.0,416414.0,-0.650327,0.162321,PER,USA,760310
7982566,174,231,8560,2010,0.0,9599.0,0.40418899999999996,0.102497,PHL,USA,760310
7982567,177,231,8560,2010,778342.0,153442.0,1.083552,1.1433719999999998,POL,USA,760310
7982568,186,231,8560,2010,4689.0,400386.0,0.583996,-0.223881,RUS,USA,760310
7982569,192,231,8560,2010,0.0,19321.0,1.8441349999999999,0.570311,SGP,USA,760310
7982570,208,231,8560,2010,0.0,12677.0,1.882239,0.397927,SWE,USA,760310
7982571,216,231,8560,2010,0.0,189191.0,0.748328,1.425224,THA,USA,760310
7982572,224,231,8560,2010,0.0,154915.0,0.359977,2.471173,TUR,USA,760310
7982573,228,231,8560,2010,0.0,34163.0,0.714148,0.916267,UKR,USA,760310
7982574,239,231,8560,2010,0.0,6082.0,-0.24660500000000002,1.427235,VNM,USA,760310
7982575,243,231,8560,2010,0.0,2031.0,-1.360851,-1.208826,YEM,USA,760310
7982576,246,231,8560,2010,0.0,755532.0,0.327326,1.513598,ZAF,USA,760310
7982577,249,231,8560,2010,0.0,37402.0,1.766729,0.909335,TWN,USA,760310
7982578,43,236,8560,2010,35576.0,0.0,0.922493,2.0176,CHN,VEN,760310
7982579,231,243,8560,2010,2031.0,0.0,1.67573,-0.598165,USA,YEM,760310
7982580,7,246,8560,2010,0.0,588437.0,0.29457,-0.196371,ARE,ZAF,760310
7982581,14,246,8560,2010,0.0,34284.0,-0.276442,0.062023,AUS,ZAF,760310
7982582,15,246,8560,2010,0.0,74380.0,1.724315,-0.29379099999999997,AUT,ZAF,760310
7982583,18,246,8560,2010,2668.0,0.0,1.2224270000000002,1.1276,BEL,ZAF,760310
7982584,37,246,8560,2010,0.0,1296.0,-0.181373,-0.714376,BWA,ZAF,760310
7982585,41,246,8560,2010,1255.0,0.0,2.1492080000000002,0.556424,CHE,ZAF,760310
7982586,43,246,8560,2010,5104.0,5734.0,0.922493,2.0176,CHN,ZAF,760310
7982587,61,246,8560,2010,230340.0,360613.0,2.035672,-3.383322,DEU,ZAF,760310
7982588,71,246,8560,2010,0.0,313027.0,0.832619,2.448009,ESP,ZAF,760310
7982589,77,246,8560,2010,2134579.0,0.0,1.530027,-0.052557000000000006,FRA,ZAF,760310
7982590,81,246,8560,2010,21183.0,0.0,1.828224,0.386383,GBR,ZAF,760310
7982591,83,246,8560,2010,0.0,2792.0,-0.835003,-0.633731,GHA,ZAF,760310
7982592,103,246,8560,2010,0.0,38112.0,-0.30878099999999997,1.07069,IDN,ZAF,760310
7982593,104,246,8560,2010,29713.0,0.0,0.14485599999999998,2.408913,IND,ZAF,760310
7982594,114,246,8560,2010,4241.0,0.0,2.459723,-0.279387,JPN,ZAF,760310
7982595,116,246,8560,2010,0.0,2179.0,-0.387187,1.010443,KEN,ZAF,760310
7982596,129,246,8560,2010,0.0,24398.0,-0.7534529999999999,-0.759605,LSO,ZAF,760310
7982597,208,246,8560,2010,22633.0,0.0,1.882239,0.397927,SWE,ZAF,760310
7982598,209,246,8560,2010,0.0,37953.0,0.186142,-0.34577800000000003,SWZ,ZAF,760310
7982599,231,246,8560,2010,755532.0,0.0,1.67573,-0.598165,USA,ZAF,760310
7982600,248,246,8560,2010,0.0,27386.0,-0.869909,-0.8233309999999999,ZWE,ZAF,760310
7982601,14,249,8560,2010,118790.0,0.0,-0.276442,0.062023,AUS,TWN,760310
7982602,24,249,8560,2010,970626.0,0.0,0.284356,-0.8362,BHR,TWN,760310
7982603,43,249,8560,2010,12096738.0,177090.0,0.922493,2.0176,CHN,TWN,760310
7982604,61,249,8560,2010,12116.0,0.0,2.035672,-3.383322,DEU,TWN,760310
7982605,64,249,8560,2010,3894.0,0.0,1.082468,1.280759,DNK,TWN,760310
7982606,68,249,8560,2010,0.0,6129.0,-0.181826,1.409465,EGY,TWN,760310
7982607,77,249,8560,2010,13839.0,0.0,1.530027,-0.052557000000000006,FRA,TWN,760310
7982608,81,249,8560,2010,5035.0,0.0,1.828224,0.386383,GBR,TWN,760310
7982609,97,249,8560,2010,5086.0,72281.0,0.715745,1.9780259999999998,HKG,TWN,760310
7982610,103,249,8560,2010,0.0,3441.0,-0.30878099999999997,1.07069,IDN,TWN,760310
7982611,114,249,8560,2010,208078.0,3673.0,2.459723,-0.279387,JPN,TWN,760310
7982612,121,249,8560,2010,209558.0,275639.0,1.7118849999999999,0.762362,KOR,TWN,760310
7982613,128,249,8560,2010,0.0,1215.0,-0.70886,0.25216700000000003,LKA,TWN,760310
7982614,153,249,8560,2010,290706.0,0.0,0.9530780000000001,0.607456,MYS,TWN,760310
7982615,166,249,8560,2010,0.0,3362.0,0.36828299999999997,0.574574,NZL,TWN,760310
7982616,174,249,8560,2010,4161.0,38125.0,0.40418899999999996,0.102497,PHL,TWN,760310
7982617,192,249,8560,2010,12178.0,0.0,1.8441349999999999,0.570311,SGP,TWN,760310
7982618,216,249,8560,2010,0.0,3071.0,0.748328,1.425224,THA,TWN,760310
7982619,231,249,8560,2010,37402.0,0.0,1.67573,-0.598165,USA,TWN,760310
7982620,239,249,8560,2010,0.0,16158.0,-0.24660500000000002,1.427235,VNM,TWN,760310
7982621,206,250,8560,2010,0.0,488932.0,1.278601,0.726907,SVK,ANS,760310
7982622,207,250,8560,2010,0.0,7400.0,1.595473,0.7023020000000001,SVN,ANS,760310
7982623,224,250,8560,2010,7135.0,0.0,0.359977,2.471173,TUR,ANS,760310
7982624,43,7,8560,2010,54655.0,0.0,0.922493,2.0176,CHN,ARE,760310
7982625,61,7,8560,2010,580825.0,0.0,2.035672,-3.383322,DEU,ARE,760310
7982626,81,7,8560,2010,34410.0,0.0,1.828224,0.386383,GBR,ARE,760310
7982627,104,7,8560,2010,117233.0,0.0,0.14485599999999998,2.408913,IND,ARE,760310
7982628,107,7,8560,2010,0.0,25568.0,-0.609874,-0.744733,IRN,ARE,760310
7982629,167,7,8560,2010,1739.0,5838.0,-0.487612,-0.9551379999999999,OMN,ARE,760310
7982630,246,7,8560,2010,588437.0,0.0,0.327326,1.513598,ZAF,ARE,760310
7982631,15,14,8560,2010,216009.0,581191.0,1.724315,-0.29379099999999997,AUT,AUS,760310
7982632,18,14,8560,2010,32741.0,18637.0,1.2224270000000002,1.1276,BEL,AUS,760310
7982633,24,14,8560,2010,36036.0,0.0,0.284356,-0.8362,BHR,AUS,760310
7982634,43,14,8560,2010,21133.0,1662858.0,0.922493,2.0176,CHN,AUS,760310
7982635,61,14,8560,2010,14503.0,655545.0,2.035672,-3.383322,DEU,AUS,760310
7982636,75,14,8560,2010,0.0,4001.0,-0.603112,-0.29135500000000003,FJI,AUS,760310
7982637,77,14,8560,2010,0.0,631743.0,1.530027,-0.052557000000000006,FRA,AUS,760310
7982638,81,14,8560,2010,0.0,127659.0,1.828224,0.386383,GBR,AUS,760310
7982639,97,14,8560,2010,0.0,5798.0,0.715745,1.9780259999999998,HKG,AUS,760310
7982640,103,14,8560,2010,0.0,292334.0,-0.30878099999999997,1.07069,IDN,AUS,760310
7982641,104,14,8560,2010,5537.0,72352.0,0.14485599999999998,2.408913,IND,AUS,760310
7982642,113,14,8560,2010,0.0,2061.0,0.251702,0.522758,JOR,AUS,760310
7982643,114,14,8560,2010,23379.0,3296600.0,2.459723,-0.279387,JPN,AUS,760310
7982644,121,14,8560,2010,160232.0,1794507.0,1.7118849999999999,0.762362,KOR,AUS,760310
7982645,138,14,8560,2010,0.0,613526.0,1.132664,0.675756,MEX,AUS,760310
7982646,153,14,8560,2010,0.0,518541.0,0.9530780000000001,0.607456,MYS,AUS,760310
7982647,162,14,8560,2010,43415.0,0.0,1.237998,1.1891209999999999,NLD,AUS,760310
7982648,166,14,8560,2010,0.0,13520.0,0.36828299999999997,0.574574,NZL,AUS,760310
7982649,174,14,8560,2010,0.0,122345.0,0.40418899999999996,0.102497,PHL,AUS,760310
7982650,176,14,8560,2010,0.0,15107.0,-1.725138,-1.195622,PNG,AUS,760310
7982651,192,14,8560,2010,8175.0,14020.0,1.8441349999999999,0.570311,SGP,AUS,760310
7982652,208,14,8560,2010,0.0,775459.0,1.882239,0.397927,SWE,AUS,760310
7982653,216,14,8560,2010,0.0,180786.0,0.748328,1.425224,THA,AUS,760310
7982654,226,14,8560,2010,0.0,984.0,-0.7327,0.427616,TZA,AUS,760310
7982655,231,14,8560,2010,23381.0,11940583.0,1.67573,-0.598165,USA,AUS,760310
7982656,246,14,8560,2010,34284.0,0.0,0.327326,1.513598,ZAF,AUS,760310
7982657,249,14,8560,2010,0.0,118790.0,1.766729,0.909335,TWN,AUS,760310
7982658,186,16,8560,2010,1361.0,0.0,0.583996,-0.223881,RUS,AZE,760310
7982659,15,23,8560,2010,3928.0,0.0,1.724315,-0.29379099999999997,AUT,BGR,760310
7982660,61,23,8560,2010,2951.0,0.0,2.035672,-3.383322,DEU,BGR,760310
7982661,77,23,8560,2010,0.0,1228.0,1.530027,-0.052557000000000006,FRA,BGR,760310
7982662,140,23,8560,2010,1186.0,0.0,-0.122842,0.407017,MKD,BGR,760310
7982663,208,23,8560,2010,24310.0,0.0,1.882239,0.397927,SWE,BGR,760310
7982664,14,24,8560,2010,0.0,36036.0,-0.276442,0.062023,AUS,BHR,760310
7982665,15,24,8560,2010,0.0,313756.0,1.724315,-0.29379099999999997,AUT,BHR,760310
7982666,18,24,8560,2010,0.0,145601.0,1.2224270000000002,1.1276,BEL,BHR,760310
7982667,41,24,8560,2010,0.0,32544.0,2.1492080000000002,0.556424,CHE,BHR,760310
7982668,43,24,8560,2010,0.0,31317.0,0.922493,2.0176,CHN,BHR,760310
7982669,61,24,8560,2010,0.0,1112472.0,2.035672,-3.383322,DEU,BHR,760310
7982670,68,24,8560,2010,0.0,228149.0,-0.181826,1.409465,EGY,BHR,760310
7982671,77,24,8560,2010,0.0,1583369.0,1.530027,-0.052557000000000006,FRA,BHR,760310
7982672,81,24,8560,2010,0.0,961596.0,1.828224,0.386383,GBR,BHR,760310
7982673,104,24,8560,2010,0.0,754724.0,0.14485599999999998,2.408913,IND,BHR,760310
7982674,107,24,8560,2010,0.0,203192.0,-0.609874,-0.744733,IRN,BHR,760310
7982675,114,24,8560,2010,67519.0,2251986.0,2.459723,-0.279387,JPN,BHR,760310
7982676,121,24,8560,2010,0.0,1770647.0,1.7118849999999999,0.762362,KOR,BHR,760310
7982677,216,24,8560,2010,0.0,179946.0,0.748328,1.425224,THA,BHR,760310
7982678,231,24,8560,2010,65125.0,3072919.0,1.67573,-0.598165,USA,BHR,760310
7982679,249,24,8560,2010,0.0,970626.0,1.766729,0.909335,TWN,BHR,760310
7982680,207,26,8560,2010,1245.0,0.0,1.595473,0.7023020000000001,SVN,BIH,760310
7982681,77,28,8560,2010,0.0,685773.0,1.530027,-0.052557000000000006,FRA,BLR,760310
7982682,177,28,8560,2010,1832.0,0.0,1.083552,1.1433719999999998,POL,BLR,760310
7982683,186,28,8560,2010,593991.0,0.0,0.583996,-0.223881,RUS,BLR,760310
7982684,15,59,8560,2010,22067.0,0.0,1.724315,-0.29379099999999997,AUT,CZE,760310
7982685,18,59,8560,2010,0.0,163932.0,1.2224270000000002,1.1276,BEL,CZE,760310
7982686,41,59,8560,2010,2017.0,0.0,2.1492080000000002,0.556424,CHE,CZE,760310
7982687,43,59,8560,2010,184618.0,0.0,0.922493,2.0176,CHN,CZE,760310
7982688,61,59,8560,2010,1127752.0,174828.0,2.035672,-3.383322,DEU,CZE,760310
7982689,64,59,8560,2010,1817.0,0.0,1.082468,1.280759,DNK,CZE,760310
7982690,81,59,8560,2010,75412.0,0.0,1.828224,0.386383,GBR,CZE,760310
7982691,114,59,8560,2010,145495.0,0.0,2.459723,-0.279387,JPN,CZE,760310
7982692,132,59,8560,2010,0.0,39418.0,0.6158170000000001,1.1401059999999998,LVA,CZE,760310
7982693,163,59,8560,2010,6971.0,0.0,0.865676,0.138757,NOR,CZE,760310
7982694,177,59,8560,2010,157523.0,1238.0,1.083552,1.1433719999999998,POL,CZE,760310
7982695,186,59,8560,2010,2516880.0,0.0,0.583996,-0.223881,RUS,CZE,760310
7982696,206,59,8560,2010,93969.0,3408.0,1.278601,0.726907,SVK,CZE,760310
7982697,207,59,8560,2010,108416.0,7615.0,1.595473,0.7023020000000001,SVN,CZE,760310
7982698,208,59,8560,2010,6801.0,0.0,1.882239,0.397927,SWE,CZE,760310
7982699,231,59,8560,2010,68021.0,0.0,1.67573,-0.598165,USA,CZE,760310
7982700,8,68,8560,2010,15267.0,0.0,0.27458899999999997,0.597907,ARG,EGY,760310
7982701,15,68,8560,2010,303001.0,0.0,1.724315,-0.29379099999999997,AUT,EGY,760310
7982702,24,68,8560,2010,228149.0,0.0,0.284356,-0.8362,BHR,EGY,760310
7982703,43,68,8560,2010,71588.0,0.0,0.922493,2.0176,CHN,EGY,760310
7982704,61,68,8560,2010,2182.0,402438.0,2.035672,-3.383322,DEU,EGY,760310
7982705,83,68,8560,2010,0.0,867.0,-0.835003,-0.633731,GHA,EGY,760310
7982706,104,68,8560,2010,9917.0,0.0,0.14485599999999998,2.408913,IND,EGY,760310
7982707,111,68,8560,2010,0.0,311471.0,1.272385,0.545721,ITA,EGY,760310
7982708,162,68,8560,2010,27181.0,0.0,1.237998,1.1891209999999999,NLD,EGY,760310
7982709,183,68,8560,2010,0.0,18711.0,-0.346143,-1.078192,QAT,EGY,760310
7982710,192,68,8560,2010,34421.0,0.0,1.8441349999999999,0.570311,SGP,EGY,760310
7982711,228,68,8560,2010,10967.0,0.0,0.714148,0.916267,UKR,EGY,760310
7982712,231,68,8560,2010,1010.0,0.0,1.67573,-0.598165,USA,EGY,760310
7982713,249,68,8560,2010,6129.0,0.0,1.766729,0.909335,TWN,EGY,760310
7982714,15,72,8560,2010,27009.0,0.0,1.724315,-0.29379099999999997,AUT,EST,760310
7982715,61,72,8560,2010,32880.0,0.0,2.035672,-3.383322,DEU,EST,760310
7982716,74,72,8560,2010,8691.0,0.0,1.745464,0.897992,FIN,EST,760310
7982717,81,72,8560,2010,984.0,0.0,1.828224,0.386383,GBR,EST,760310
7982718,130,72,8560,2010,3991.0,0.0,0.6390600000000001,1.144911,LTU,EST,760310
7982719,186,72,8560,2010,249495.0,3893.0,0.583996,-0.223881,RUS,EST,760310
7982720,208,72,8560,2010,4488.0,0.0,1.882239,0.397927,SWE,EST,760310
7982721,15,100,8560,2010,4313.0,0.0,1.724315,-0.29379099999999997,AUT,HRV,760310
7982722,61,100,8560,2010,5131.0,0.0,2.035672,-3.383322,DEU,HRV,760310
7982723,77,100,8560,2010,0.0,19714.0,1.530027,-0.052557000000000006,FRA,HRV,760310
7982724,177,100,8560,2010,55814.0,0.0,1.083552,1.1433719999999998,POL,HRV,760310
7982725,207,100,8560,2010,31672.0,0.0,1.595473,0.7023020000000001,SVN,HRV,760310
7982726,15,102,8560,2010,9172.0,0.0,1.724315,-0.29379099999999997,AUT,HUN,760310
7982727,61,102,8560,2010,6259.0,0.0,2.035672,-3.383322,DEU,HUN,760310
7982728,77,102,8560,2010,3856.0,0.0,1.530027,-0.052557000000000006,FRA,HUN,760310
7982729,81,102,8560,2010,954.0,0.0,1.828224,0.386383,GBR,HUN,760310
7982730,177,102,8560,2010,0.0,16001.0,1.083552,1.1433719999999998,POL,HUN,760310
7982731,185,102,8560,2010,0.0,1025.0,0.6483760000000001,1.200256,ROU,HUN,760310
7982732,207,102,8560,2010,177024.0,0.0,1.595473,0.7023020000000001,SVN,HUN,760310
7982733,231,102,8560,2010,49979.0,0.0,1.67573,-0.598165,USA,HUN,760310
7982734,61,106,8560,2010,23024.0,0.0,2.035672,-3.383322,DEU,IRL,760310
7982735,81,106,8560,2010,14270.0,0.0,1.828224,0.386383,GBR,IRL,760310
7982736,177,106,8560,2010,2353.0,4991.0,1.083552,1.1433719999999998,POL,IRL,760310
7982737,14,113,8560,2010,2061.0,0.0,-0.276442,0.062023,AUS,JOR,760310
7982738,15,113,8560,2010,1933.0,0.0,1.724315,-0.29379099999999997,AUT,JOR,760310
7982739,43,113,8560,2010,14217.0,0.0,0.922493,2.0176,CHN,JOR,760310
7982740,190,116,8560,2010,0.0,4329.0,-1.9094669999999998,-1.271065,SDN,KEN,760310
7982741,246,116,8560,2010,2179.0,0.0,0.327326,1.513598,ZAF,KEN,760310
7982742,97,118,8560,2010,830.0,0.0,0.715745,1.9780259999999998,HKG,KHM,760310
7982743,61,122,8560,2010,108464.0,0.0,2.035672,-3.383322,DEU,KWT,760310
7982744,188,122,8560,2010,0.0,29066.0,0.46696400000000005,-0.7487520000000001,SAU,KWT,760310
7982745,61,130,8560,2010,4300.0,0.0,2.035672,-3.383322,DEU,LTU,760310
7982746,72,130,8560,2010,0.0,3991.0,0.832316,1.1844649999999999,EST,LTU,760310
7982747,186,130,8560,2010,0.0,2108.0,0.583996,-0.223881,RUS,LTU,760310
7982748,61,131,8560,2010,58274.0,73475.0,2.035672,-3.383322,DEU,LUX,760310
7982749,77,131,8560,2010,1294.0,154251.0,1.530027,-0.052557000000000006,FRA,LUX,760310
7982750,59,132,8560,2010,39418.0,0.0,1.732044,0.333934,CZE,LVA,760310
7982751,18,134,8560,2010,14112.0,0.0,1.2224270000000002,1.1276,BEL,MAR,760310
7982752,61,134,8560,2010,474162.0,0.0,2.035672,-3.383322,DEU,MAR,760310
7982753,71,134,8560,2010,5512.0,0.0,0.832619,2.448009,ESP,MAR,760310
7982754,77,134,8560,2010,2551.0,0.0,1.530027,-0.052557000000000006,FRA,MAR,760310
7982755,104,134,8560,2010,986.0,0.0,0.14485599999999998,2.408913,IND,MAR,760310
7982756,23,140,8560,2010,0.0,1186.0,0.44973,1.445441,BGR,MKD,760310
7982757,104,140,8560,2010,632.0,0.0,0.14485599999999998,2.408913,IND,MKD,760310
7982758,162,140,8560,2010,1247.0,0.0,1.237998,1.1891209999999999,NLD,MKD,760310
7982759,177,140,8560,2010,3438.0,0.0,1.083552,1.1433719999999998,POL,MKD,760310
7982760,201,140,8560,2010,0.0,2192.0,0.561161,1.33974,SRB,MKD,760310
7982761,71,142,8560,2010,10773.0,0.0,0.832619,2.448009,ESP,MLT,760310
7982762,43,159,8560,2010,20277.0,0.0,0.922493,2.0176,CHN,NGA,760310
7982763,81,159,8560,2010,86848.0,0.0,1.828224,0.386383,GBR,NGA,760310
7982764,104,159,8560,2010,156408.0,0.0,0.14485599999999998,2.408913,IND,NGA,760310
7982765,231,159,8560,2010,2388.0,0.0,1.67573,-0.598165,USA,NGA,760310
7982766,59,163,8560,2010,0.0,6971.0,1.732044,0.333934,CZE,NOR,760310
7982767,61,163,8560,2010,22154.0,0.0,2.035672,-3.383322,DEU,NOR,760310
7982768,71,163,8560,2010,11487.0,0.0,0.832619,2.448009,ESP,NOR,760310
7982769,81,163,8560,2010,104100.0,2670.0,1.828224,0.386383,GBR,NOR,760310
7982770,111,163,8560,2010,42810.0,0.0,1.272385,0.545721,ITA,NOR,760310
7982771,114,163,8560,2010,0.0,26050.0,2.459723,-0.279387,JPN,NOR,760310
7982772,162,163,8560,2010,194073.0,0.0,1.237998,1.1891209999999999,NLD,NOR,760310
7982773,207,163,8560,2010,1792.0,0.0,1.595473,0.7023020000000001,SVN,NOR,760310
7982774,208,163,8560,2010,9992.0,0.0,1.882239,0.397927,SWE,NOR,760310
7982775,224,163,8560,2010,0.0,1310.0,0.359977,2.471173,TUR,NOR,760310
7982776,231,163,8560,2010,8131.0,0.0,1.67573,-0.598165,USA,NOR,760310
7982777,7,167,8560,2010,5838.0,1739.0,0.29457,-0.196371,ARE,OMN,760310
7982778,104,167,8560,2010,0.0,195766.0,0.14485599999999998,2.408913,IND,OMN,760310
7982779,41,168,8560,2010,20693.0,0.0,2.1492080000000002,0.556424,CHE,PAK,760310
7982780,43,168,8560,2010,100809.0,0.0,0.922493,2.0176,CHN,PAK,760310
7982781,61,168,8560,2010,57718.0,0.0,2.035672,-3.383322,DEU,PAK,760310
7982782,81,168,8560,2010,4796.0,0.0,1.828224,0.386383,GBR,PAK,760310
7982783,104,168,8560,2010,3110.0,0.0,0.14485599999999998,2.408913,IND,PAK,760310
7982784,114,168,8560,2010,1569.0,0.0,2.459723,-0.279387,JPN,PAK,760310
7982785,178,168,8560,2010,2806.0,0.0,0.348511,0.466229,PRK,PAK,760310
7982786,231,168,8560,2010,8353.0,0.0,1.67573,-0.598165,USA,PAK,760310
7982787,41,185,8560,2010,21851.0,0.0,2.1492080000000002,0.556424,CHE,ROU,760310
7982788,61,185,8560,2010,12004.0,0.0,2.035672,-3.383322,DEU,ROU,760310
7982789,77,185,8560,2010,181986.0,0.0,1.530027,-0.052557000000000006,FRA,ROU,760310
7982790,102,185,8560,2010,1025.0,0.0,1.514225,0.740341,HUN,ROU,760310
7982791,111,185,8560,2010,0.0,85719.0,1.272385,0.545721,ITA,ROU,760310
7982792,186,185,8560,2010,48875.0,38066.0,0.583996,-0.223881,RUS,ROU,760310
7982793,9,186,8560,2010,0.0,707985.0,0.11632,-0.417048,ARM,RUS,760310
7982794,15,186,8560,2010,419266.0,1208023.0,1.724315,-0.29379099999999997,AUT,RUS,760310
7982795,16,186,8560,2010,0.0,1361.0,-1.048424,-1.2030370000000001,AZE,RUS,760310
7982796,18,186,8560,2010,58981.0,0.0,1.2224270000000002,1.1276,BEL,RUS,760310
7982797,28,186,8560,2010,0.0,593991.0,0.969851,0.593386,BLR,RUS,760310
7982798,41,186,8560,2010,17255.0,0.0,2.1492080000000002,0.556424,CHE,RUS,760310
7982799,42,186,8560,2010,0.0,310222.0,-0.34914,-0.459395,CHL,RUS,760310
7982800,43,186,8560,2010,351749.0,0.0,0.922493,2.0176,CHN,RUS,760310
7982801,59,186,8560,2010,0.0,2516880.0,1.732044,0.333934,CZE,RUS,760310
7982802,61,186,8560,2010,535778.0,28297392.0,2.035672,-3.383322,DEU,RUS,760310
7982803,72,186,8560,2010,3893.0,249495.0,0.832316,1.1844649999999999,EST,RUS,760310
7982804,77,186,8560,2010,910690.0,5289806.0,1.530027,-0.052557000000000006,FRA,RUS,760310
7982805,104,186,8560,2010,0.0,3781.0,0.14485599999999998,2.408913,IND,RUS,760310
7982806,110,186,8560,2010,0.0,702.0,1.215834,0.7028340000000001,ISR,RUS,760310
7982807,111,186,8560,2010,0.0,29113.0,1.272385,0.545721,ITA,RUS,760310
7982808,115,186,8560,2010,0.0,1039051.0,-0.6278020000000001,-0.8419760000000001,KAZ,RUS,760310
7982809,130,186,8560,2010,2108.0,0.0,0.6390600000000001,1.144911,LTU,RUS,760310
7982810,138,186,8560,2010,25010.0,0.0,1.132664,0.675756,MEX,RUS,760310
7982811,145,186,8560,2010,0.0,110565.0,-1.110861,-1.105545,MNG,RUS,760310
7982812,162,186,8560,2010,174528.0,0.0,1.237998,1.1891209999999999,NLD,RUS,760310
7982813,177,186,8560,2010,62012.0,0.0,1.083552,1.1433719999999998,POL,RUS,760310
7982814,185,186,8560,2010,38066.0,48875.0,0.6483760000000001,1.200256,ROU,RUS,760310
7982815,206,186,8560,2010,0.0,672391.0,1.278601,0.726907,SVK,RUS,760310
7982816,208,186,8560,2010,15128.0,1107622.0,1.882239,0.397927,SWE,RUS,760310
7982817,224,186,8560,2010,0.0,63041.0,0.359977,2.471173,TUR,RUS,760310
7982818,228,186,8560,2010,0.0,115193.0,0.714148,0.916267,UKR,RUS,760310
7982819,231,186,8560,2010,400386.0,4689.0,1.67573,-0.598165,USA,RUS,760310
7982820,232,186,8560,2010,0.0,56397.0,-0.704097,-0.655055,UZB,RUS,760310
7982821,14,192,8560,2010,14020.0,8175.0,-0.276442,0.062023,AUS,SGP,760310
7982822,15,192,8560,2010,2177.0,0.0,1.724315,-0.29379099999999997,AUT,SGP,760310
7982823,34,192,8560,2010,0.0,2652.0,0.717167,-0.764841,BRN,SGP,760310
7982824,43,192,8560,2010,2945.0,6011.0,0.922493,2.0176,CHN,SGP,760310
7982825,61,192,8560,2010,1399.0,0.0,2.035672,-3.383322,DEU,SGP,760310
7982826,68,192,8560,2010,0.0,34421.0,-0.181826,1.409465,EGY,SGP,760310
7982827,81,192,8560,2010,88401.0,0.0,1.828224,0.386383,GBR,SGP,760310
7982828,103,192,8560,2010,0.0,74564.0,-0.30878099999999997,1.07069,IDN,SGP,760310
7982829,104,192,8560,2010,1161.0,44164.0,0.14485599999999998,2.408913,IND,SGP,760310
7982830,114,192,8560,2010,28323.0,3848.0,2.459723,-0.279387,JPN,SGP,760310
7982831,153,192,8560,2010,166779.0,27574.0,0.9530780000000001,0.607456,MYS,SGP,760310
7982832,162,192,8560,2010,0.0,3562.0,1.237998,1.1891209999999999,NLD,SGP,760310
7982833,174,192,8560,2010,0.0,47979.0,0.40418899999999996,0.102497,PHL,SGP,760310
7982834,177,192,8560,2010,47558.0,0.0,1.083552,1.1433719999999998,POL,SGP,760310
7982835,188,192,8560,2010,0.0,18533.0,0.46696400000000005,-0.7487520000000001,SAU,SGP,760310
7982836,216,192,8560,2010,0.0,19608.0,0.748328,1.425224,THA,SGP,760310
7982837,231,192,8560,2010,19321.0,0.0,1.67573,-0.598165,USA,SGP,760310
7982838,239,192,8560,2010,0.0,10966.0,-0.24660500000000002,1.427235,VNM,SGP,760310
7982839,249,192,8560,2010,0.0,12178.0,1.766729,0.909335,TWN,SGP,760310
7982840,15,201,8560,2010,35526.0,0.0,1.724315,-0.29379099999999997,AUT,SRB,760310
7982841,81,201,8560,2010,7492.0,0.0,1.828224,0.386383,GBR,SRB,760310
7982842,140,201,8560,2010,2192.0,0.0,-0.122842,0.407017,MKD,SRB,760310
7982843,207,201,8560,2010,32208.0,0.0,1.595473,0.7023020000000001,SVN,SRB,760310
7982844,18,223,8560,2010,72962.0,0.0,1.2224270000000002,1.1276,BEL,TUN,760310
7982845,61,223,8560,2010,144405.0,0.0,2.035672,-3.383322,DEU,TUN,760310
7982846,71,223,8560,2010,971.0,0.0,0.832619,2.448009,ESP,TUN,760310
7982847,77,223,8560,2010,3168.0,7004.0,1.530027,-0.052557000000000006,FRA,TUN,760310
7982848,61,232,8560,2010,1047232.0,0.0,2.035672,-3.383322,DEU,UZB,760310
7982849,186,232,8560,2010,56397.0,0.0,0.583996,-0.223881,RUS,UZB,760310
7982850,15,239,8560,2010,9769.0,0.0,1.724315,-0.29379099999999997,AUT,VNM,760310
7982851,18,239,8560,2010,6535.0,0.0,1.2224270000000002,1.1276,BEL,VNM,760310
7982852,34,239,8560,2010,0.0,42448.0,0.717167,-0.764841,BRN,VNM,760310
7982853,43,239,8560,2010,75184.0,0.0,0.922493,2.0176,CHN,VNM,760310
7982854,61,239,8560,2010,334959.0,0.0,2.035672,-3.383322,DEU,VNM,760310
7982855,81,239,8560,2010,8534.0,0.0,1.828224,0.386383,GBR,VNM,760310
7982856,97,239,8560,2010,11545.0,0.0,0.715745,1.9780259999999998,HKG,VNM,760310
7982857,104,239,8560,2010,128831.0,0.0,0.14485599999999998,2.408913,IND,VNM,760310
7982858,114,239,8560,2010,310287.0,0.0,2.459723,-0.279387,JPN,VNM,760310
7982859,121,239,8560,2010,617510.0,0.0,1.7118849999999999,0.762362,KOR,VNM,760310
7982860,153,239,8560,2010,3413.0,0.0,0.9530780000000001,0.607456,MYS,VNM,760310
7982861,162,239,8560,2010,15344.0,0.0,1.237998,1.1891209999999999,NLD,VNM,760310
7982862,192,239,8560,2010,10966.0,0.0,1.8441349999999999,0.570311,SGP,VNM,760310
7982863,216,239,8560,2010,19506.0,0.0,0.748328,1.425224,THA,VNM,760310
7982864,231,239,8560,2010,6082.0,0.0,1.67573,-0.598165,USA,VNM,760310
7982865,249,239,8560,2010,16158.0,0.0,1.766729,0.909335,TWN,VNM,760310
7982866,246,248,8560,2010,27386.0,0.0,0.327326,1.513598,ZAF,ZWE,760310
7982867,111,4,8560,2010,2863.0,0.0,1.272385,0.545721,ITA,ALB,760310
7982868,71,31,8560,2010,44955.0,0.0,0.832619,2.448009,ESP,BOL,760310
7982869,246,37,8560,2010,1296.0,0.0,0.327326,1.513598,ZAF,BWA,760310
7982870,43,54,8560,2010,11802.0,0.0,0.922493,2.0176,CHN,CUB,760310
7982871,71,54,8560,2010,7273.0,0.0,0.832619,2.448009,ESP,CUB,760310
7982872,43,83,8560,2010,14435.0,0.0,0.922493,2.0176,CHN,GHA,760310
7982873,68,83,8560,2010,867.0,0.0,-0.181826,1.409465,EGY,GHA,760310
7982874,215,83,8560,2010,0.0,13788.0,-0.943559,-0.884336,TGO,GHA,760310
7982875,246,83,8560,2010,2792.0,0.0,0.327326,1.513598,ZAF,GHA,760310
7982876,71,148,8560,2010,4099.0,0.0,0.832619,2.448009,ESP,MRT,760310
7982877,104,151,8560,2010,1406.0,0.0,0.14485599999999998,2.408913,IND,MUS,760310
7982878,14,176,8560,2010,15107.0,0.0,-0.276442,0.062023,AUS,PNG,760310
7982879,168,178,8560,2010,0.0,2806.0,-0.692071,0.5409010000000001,PAK,PRK,760310
7982880,246,209,8560,2010,37953.0,0.0,0.327326,1.513598,ZAF,SWZ,760310
7982881,83,215,8560,2010,13788.0,0.0,-0.835003,-0.633731,GHA,TGO,760310
7982882,14,226,8560,2010,984.0,0.0,-0.276442,0.062023,AUS,TZA,760310
7982883,18,247,8560,2010,1876.0,0.0,1.2224270000000002,1.1276,BEL,ZMB,760310
7982884,43,9,8560,2010,3058.0,0.0,0.922493,2.0176,CHN,ARM,760310
7982885,107,9,8560,2010,9946.0,0.0,-0.609874,-0.744733,IRN,ARM,760310
7982886,186,9,8560,2010,707985.0,0.0,0.583996,-0.223881,RUS,ARM,760310
7982887,228,9,8560,2010,48471.0,0.0,0.714148,0.916267,UKR,ARM,760310
7982888,231,160,8560,2010,9677.0,0.0,1.67573,-0.598165,USA,NIC,760310
7982889,104,164,8560,2010,3600.0,0.0,0.14485599999999998,2.408913,IND,NPL,760310
7982890,192,34,8560,2010,2652.0,0.0,1.8441349999999999,0.570311,SGP,BRN,760310
7982891,239,34,8560,2010,42448.0,0.0,-0.24660500000000002,1.427235,VNM,BRN,760310
7982892,104,62,8560,2010,6886.0,0.0,0.14485599999999998,2.408913,IND,DJI,760310
7982893,14,75,8560,2010,4001.0,0.0,-0.276442,0.062023,AUS,FJI,760310
7982894,103,75,8560,2010,1260.0,0.0,-0.30878099999999997,1.07069,IDN,FJI,760310
7982895,246,129,8560,2010,24398.0,0.0,0.327326,1.513598,ZAF,LSO,760310
7982896,43,152,8560,2010,42743.0,0.0,0.922493,2.0176,CHN,MWI,760310
7982897,43,214,8560,2010,3355.0,0.0,0.922493,2.0176,CHN,TCD,760310
7982898,231,101,8560,2010,9829.0,0.0,1.67573,-0.598165,USA,HTI,760310
7982899,186,145,8560,2010,110565.0,0.0,0.583996,-0.223881,RUS,MNG,760310
7982900,18,2,8562,2010,3033.0,0.0,1.2224270000000002,1.1276,BEL,AGO,760410
7982901,32,2,8562,2010,28039.0,0.0,0.40715500000000004,0.6208100000000001,BRA,AGO,760410
7982902,43,2,8562,2010,32997.0,0.0,0.922493,2.0176,CHN,AGO,760410
7982903,71,2,8562,2010,239993.0,0.0,0.832619,2.448009,ESP,AGO,760410
7982904,77,2,8562,2010,1232.0,0.0,1.530027,-0.052557000000000006,FRA,AGO,760410
7982905,110,2,8562,2010,3860.0,0.0,1.215834,0.7028340000000001,ISR,AGO,760410
7982906,124,2,8562,2010,38115.0,0.0,0.415854,1.424085,LBN,AGO,760410
7982907,155,2,8562,2010,4890.0,0.0,-0.49860299999999996,-0.6728529999999999,NAM,AGO,760410
7982908,179,2,8562,2010,1800005.0,0.0,0.551149,2.437209,PRT,AGO,760410
7982909,192,2,8562,2010,105008.0,0.0,1.8441349999999999,0.570311,SGP,AGO,760410
7982910,212,2,8562,2010,184970.0,0.0,-0.46833800000000003,1.11952,SYR,AGO,760410
7982911,224,2,8562,2010,23730.0,0.0,0.359977,2.471173,TUR,AGO,760410
7982912,231,2,8562,2010,3042.0,0.0,1.67573,-0.598165,USA,AGO,760410
7982913,239,2,8562,2010,28348.0,0.0,-0.24660500000000002,1.427235,VNM,AGO,760410
7982914,246,2,8562,2010,3195.0,0.0,0.327326,1.513598,ZAF,AGO,760410
7982915,250,2,8562,2010,28900.0,0.0,0.45129600000000003,-0.223517,ANS,AGO,760410
7982916,61,6,8562,2010,1593.0,0.0,2.035672,-3.383322,DEU,ANT,760410
7982917,71,6,8562,2010,8790.0,0.0,0.832619,2.448009,ESP,ANT,760410
7982918,77,6,8562,2010,0.0,4286.0,1.530027,-0.052557000000000006,FRA,ANT,760410
7982919,81,6,8562,2010,7112.0,0.0,1.828224,0.386383,GBR,ANT,760410
7982920,111,6,8562,2010,5381.0,0.0,1.272385,0.545721,ITA,ANT,760410
7982921,162,6,8562,2010,111410.0,0.0,1.237998,1.1891209999999999,NLD,ANT,760410
7982922,169,6,8562,2010,4934.0,0.0,0.617867,0.903432,PAN,ANT,760410
7982923,31,8,8562,2010,0.0,94658.0,-0.83736,-0.812473,BOL,ARG,760410
7982924,32,8,8562,2010,917765.0,3350.0,0.40715500000000004,0.6208100000000001,BRA,ARG,760410
7982925,42,8,8562,2010,18735.0,15249.0,-0.34914,-0.459395,CHL,ARG,760410
7982926,43,8,8562,2010,351327.0,0.0,0.922493,2.0176,CHN,ARG,760410
7982927,49,8,8562,2010,0.0,11088.0,0.097222,-0.064328,COL,ARG,760410
7982928,52,8,8562,2010,0.0,2483.0,-0.122722,-0.7062069999999999,CRI,ARG,760410
7982929,61,8,8562,2010,1204.0,0.0,2.035672,-3.383322,DEU,ARG,760410
7982930,67,8,8562,2010,0.0,3137.0,-0.584013,-0.743675,ECU,ARG,760410
7982931,71,8,8562,2010,87555.0,0.0,0.832619,2.448009,ESP,ARG,760410
7982932,77,8,8562,2010,9275.0,0.0,1.530027,-0.052557000000000006,FRA,ARG,760410
7982933,81,8,8562,2010,3107.0,0.0,1.828224,0.386383,GBR,ARG,760410
7982934,111,8,8562,2010,72258.0,0.0,1.272385,0.545721,ITA,ARG,760410
7982935,138,8,8562,2010,0.0,1560.0,1.132664,0.675756,MEX,ARG,760410
7982936,162,8,8562,2010,1942.0,0.0,1.237998,1.1891209999999999,NLD,ARG,760410
7982937,169,8,8562,2010,0.0,16739.0,0.617867,0.903432,PAN,ARG,760410
7982938,173,8,8562,2010,0.0,2803.0,-0.650327,0.162321,PER,ARG,760410
7982939,180,8,8562,2010,0.0,28746.0,-0.553805,-0.8699450000000001,PRY,ARG,760410
7982940,197,8,8562,2010,0.0,618.0,-0.101434,0.132639,SLV,ARG,760410
7982941,208,8,8562,2010,1158.0,0.0,1.882239,0.397927,SWE,ARG,760410
7982942,230,8,8562,2010,0.0,76942.0,0.217246,-0.079733,URY,ARG,760410
7982943,231,8,8562,2010,274726.0,32760.0,1.67573,-0.598165,USA,ARG,760410
7982944,236,8,8562,2010,0.0,36994.0,-0.660844,-1.145133,VEN,ARG,760410
7982945,249,8,8562,2010,42136.0,0.0,1.766729,0.909335,TWN,ARG,760410
7982946,7,15,8562,2010,8205.0,0.0,0.29457,-0.196371,ARE,AUT,760410
7982947,14,15,8562,2010,0.0,34699.0,-0.276442,0.062023,AUS,AUT,760410
7982948,18,15,8562,2010,398943.0,365414.0,1.2224270000000002,1.1276,BEL,AUT,760410
7982949,23,15,8562,2010,198166.0,52621.0,0.44973,1.445441,BGR,AUT,760410
7982950,26,15,8562,2010,189162.0,61642.0,0.462275,0.830405,BIH,AUT,760410
7982951,28,15,8562,2010,0.0,6090.0,0.969851,0.593386,BLR,AUT,760410
7982952,32,15,8562,2010,0.0,6865.0,0.40715500000000004,0.6208100000000001,BRA,AUT,760410
7982953,39,15,8562,2010,32912.0,8400.0,0.752421,1.2208510000000001,CAN,AUT,760410
7982954,41,15,8562,2010,274570.0,528088.0,2.1492080000000002,0.556424,CHE,AUT,760410
7982955,43,15,8562,2010,1068400.0,66195.0,0.922493,2.0176,CHN,AUT,760410
7982956,59,15,8562,2010,1008074.0,2881946.0,1.732044,0.333934,CZE,AUT,760410
7982957,61,15,8562,2010,6193224.0,59179260.0,2.035672,-3.383322,DEU,AUT,760410
7982958,64,15,8562,2010,10482.0,823460.0,1.082468,1.280759,DNK,AUT,760410
7982959,67,15,8562,2010,0.0,1713.0,-0.584013,-0.743675,ECU,AUT,760410
7982960,68,15,8562,2010,10788.0,0.0,-0.181826,1.409465,EGY,AUT,760410
7982961,71,15,8562,2010,2643275.0,2630289.0,0.832619,2.448009,ESP,AUT,760410
7982962,74,15,8562,2010,0.0,5179.0,1.745464,0.897992,FIN,AUT,760410
7982963,77,15,8562,2010,667685.0,5114140.0,1.530027,-0.052557000000000006,FRA,AUT,760410
7982964,80,15,8562,2010,0.0,2190.0,-1.707175,-1.167635,GAB,AUT,760410
7982965,81,15,8562,2010,196448.0,129602.0,1.828224,0.386383,GBR,AUT,760410
7982966,90,15,8562,2010,1551196.0,120032.0,0.200249,1.4640090000000001,GRC,AUT,760410
7982967,97,15,8562,2010,6317.0,6081.0,0.715745,1.9780259999999998,HKG,AUT,760410
7982968,100,15,8562,2010,4171.0,1138991.0,0.8276979999999999,0.97415,HRV,AUT,760410
7982969,102,15,8562,2010,149015.0,328640.0,1.514225,0.740341,HUN,AUT,760410
7982970,103,15,8562,2010,0.0,1328.0,-0.30878099999999997,1.07069,IDN,AUT,760410
7982971,104,15,8562,2010,0.0,6538.0,0.14485599999999998,2.408913,IND,AUT,760410
7982972,106,15,8562,2010,2068.0,137225.0,1.371357,0.168795,IRL,AUT,760410
7982973,107,15,8562,2010,0.0,2511.0,-0.609874,-0.744733,IRN,AUT,760410
7982974,109,15,8562,2010,0.0,848661.0,0.20822100000000002,-0.318294,ISL,AUT,760410
7982975,111,15,8562,2010,2522162.0,1302523.0,1.272385,0.545721,ITA,AUT,760410
7982976,114,15,8562,2010,1002.0,0.0,2.459723,-0.279387,JPN,AUT,760410
7982977,115,15,8562,2010,0.0,1180.0,-0.6278020000000001,-0.8419760000000001,KAZ,AUT,760410
7982978,121,15,8562,2010,0.0,82690.0,1.7118849999999999,0.762362,KOR,AUT,760410
7982979,122,15,8562,2010,0.0,2227.0,0.067373,-1.0822120000000002,KWT,AUT,760410
7982980,130,15,8562,2010,0.0,1609.0,0.6390600000000001,1.144911,LTU,AUT,760410
7982981,131,15,8562,2010,0.0,28152.0,1.272127,1.1051520000000001,LUX,AUT,760410
7982982,134,15,8562,2010,0.0,13655.0,-0.5935229999999999,-0.056497000000000006,MAR,AUT,760410
7982983,135,15,8562,2010,0.0,517834.0,-0.116797,0.037801,MDA,AUT,760410
7982984,138,15,8562,2010,0.0,14960.0,1.132664,0.675756,MEX,AUT,760410
7982985,140,15,8562,2010,0.0,16188.0,-0.122842,0.407017,MKD,AUT,760410
7982986,144,15,8562,2010,0.0,26625.0,0.266397,-0.02502,MNE,AUT,760410
7982987,159,15,8562,2010,0.0,4945.0,-1.887084,-1.2280229999999999,NGA,AUT,760410
7982988,162,15,8562,2010,284178.0,175024.0,1.237998,1.1891209999999999,NLD,AUT,760410
7982989,163,15,8562,2010,2143.0,377740.0,0.865676,0.138757,NOR,AUT,760410
7982990,167,15,8562,2010,0.0,1477.0,-0.487612,-0.9551379999999999,OMN,AUT,760410
7982991,174,15,8562,2010,4008.0,0.0,0.40418899999999996,0.102497,PHL,AUT,760410
7982992,177,15,8562,2010,63778.0,140005.0,1.083552,1.1433719999999998,POL,AUT,760410
7982993,179,15,8562,2010,0.0,12790.0,0.551149,2.437209,PRT,AUT,760410
7982994,185,15,8562,2010,0.0,153574.0,0.6483760000000001,1.200256,ROU,AUT,760410
7982995,186,15,8562,2010,42919.0,21593.0,0.583996,-0.223881,RUS,AUT,760410
7982996,201,15,8562,2010,2707.0,51717.0,0.561161,1.33974,SRB,AUT,760410
7982997,206,15,8562,2010,3907430.0,347982.0,1.278601,0.726907,SVK,AUT,760410
7982998,207,15,8562,2010,147618.0,855548.0,1.595473,0.7023020000000001,SVN,AUT,760410
7982999,208,15,8562,2010,10161.0,21199.0,1.882239,0.397927,SWE,AUT,760410
7983000,216,15,8562,2010,18660.0,4098.0,0.748328,1.425224,THA,AUT,760410
7983001,224,15,8562,2010,164456.0,14034.0,0.359977,2.471173,TUR,AUT,760410
7983002,228,15,8562,2010,0.0,3507.0,0.714148,0.916267,UKR,AUT,760410
7983003,231,15,8562,2010,2681.0,9293.0,1.67573,-0.598165,USA,AUT,760410
7983004,246,15,8562,2010,0.0,1258.0,0.327326,1.513598,ZAF,AUT,760410
7983005,249,15,8562,2010,7066.0,0.0,1.766729,0.909335,TWN,AUT,760410
7983006,2,18,8562,2010,0.0,3033.0,-1.3711010000000001,-1.170608,AGO,BEL,760410
7983007,7,18,8562,2010,23222.0,209337.0,0.29457,-0.196371,ARE,BEL,760410
7983008,14,18,8562,2010,38046.0,7552.0,-0.276442,0.062023,AUS,BEL,760410
7983009,15,18,8562,2010,365414.0,398943.0,1.724315,-0.29379099999999997,AUT,BEL,760410
7983010,23,18,8562,2010,0.0,12896.0,0.44973,1.445441,BGR,BEL,760410
7983011,26,18,8562,2010,18146.0,4158.0,0.462275,0.830405,BIH,BEL,760410
7983012,28,18,8562,2010,0.0,7323.0,0.969851,0.593386,BLR,BEL,760410
7983013,32,18,8562,2010,0.0,28363.0,0.40715500000000004,0.6208100000000001,BRA,BEL,760410
7983014,41,18,8562,2010,105350.0,264194.0,2.1492080000000002,0.556424,CHE,BEL,760410
7983015,42,18,8562,2010,0.0,2144.0,-0.34914,-0.459395,CHL,BEL,760410
7983016,43,18,8562,2010,201456.0,36033.0,0.922493,2.0176,CHN,BEL,760410
7983017,44,18,8562,2010,0.0,7483.0,-1.256641,-0.946767,CIV,BEL,760410
7983018,45,18,8562,2010,0.0,2770.0,-1.114209,-1.0127899999999999,CMR,BEL,760410
7983019,46,18,8562,2010,0.0,20003.0,-1.465101,-1.139909,COD,BEL,760410
7983020,52,18,8562,2010,0.0,1931.0,-0.122722,-0.7062069999999999,CRI,BEL,760410
7983021,58,18,8562,2010,0.0,85745.0,0.8776450000000001,0.568389,CYP,BEL,760410
7983022,59,18,8562,2010,9855.0,135144.0,1.732044,0.333934,CZE,BEL,760410
7983023,61,18,8562,2010,12969405.0,15801221.0,2.035672,-3.383322,DEU,BEL,760410
7983024,64,18,8562,2010,716732.0,48124.0,1.082468,1.280759,DNK,BEL,760410
7983025,66,18,8562,2010,0.0,979.0,-1.00922,-1.1511040000000001,DZA,BEL,760410
7983026,67,18,8562,2010,0.0,36812.0,-0.584013,-0.743675,ECU,BEL,760410
7983027,68,18,8562,2010,66977.0,0.0,-0.181826,1.409465,EGY,BEL,760410
7983028,71,18,8562,2010,3649211.0,1258896.0,0.832619,2.448009,ESP,BEL,760410
7983029,74,18,8562,2010,0.0,9842.0,1.745464,0.897992,FIN,BEL,760410
7983030,77,18,8562,2010,4842090.0,6643584.0,1.530027,-0.052557000000000006,FRA,BEL,760410
7983031,81,18,8562,2010,3496976.0,8872833.0,1.828224,0.386383,GBR,BEL,760410
7983032,83,18,8562,2010,0.0,67022.0,-0.835003,-0.633731,GHA,BEL,760410
7983033,90,18,8562,2010,427934.0,3182.0,0.200249,1.4640090000000001,GRC,BEL,760410
7983034,97,18,8562,2010,0.0,1754.0,0.715745,1.9780259999999998,HKG,BEL,760410
7983035,102,18,8562,2010,70810.0,239747.0,1.514225,0.740341,HUN,BEL,760410
7983036,103,18,8562,2010,81255.0,0.0,-0.30878099999999997,1.07069,IDN,BEL,760410
7983037,104,18,8562,2010,14136.0,60947.0,0.14485599999999998,2.408913,IND,BEL,760410
7983038,106,18,8562,2010,4859.0,0.0,1.371357,0.168795,IRL,BEL,760410
7983039,109,18,8562,2010,0.0,2702.0,0.20822100000000002,-0.318294,ISL,BEL,760410
7983040,110,18,8562,2010,1394709.0,0.0,1.215834,0.7028340000000001,ISR,BEL,760410
7983041,111,18,8562,2010,11828170.0,544911.0,1.272385,0.545721,ITA,BEL,760410
7983042,114,18,8562,2010,0.0,2071.0,2.459723,-0.279387,JPN,BEL,760410
7983043,116,18,8562,2010,0.0,1699.0,-0.387187,1.010443,KEN,BEL,760410
7983044,122,18,8562,2010,0.0,159619.0,0.067373,-1.0822120000000002,KWT,BEL,760410
7983045,124,18,8562,2010,4725199.0,34344.0,0.415854,1.424085,LBN,BEL,760410
7983046,128,18,8562,2010,0.0,1018.0,-0.70886,0.25216700000000003,LKA,BEL,760410
7983047,130,18,8562,2010,0.0,1881.0,0.6390600000000001,1.144911,LTU,BEL,760410
7983048,131,18,8562,2010,59967.0,50275.0,1.272127,1.1051520000000001,LUX,BEL,760410
7983049,132,18,8562,2010,0.0,47842.0,0.6158170000000001,1.1401059999999998,LVA,BEL,760410
7983050,134,18,8562,2010,0.0,62950.0,-0.5935229999999999,-0.056497000000000006,MAR,BEL,760410
7983051,135,18,8562,2010,919.0,1140.0,-0.116797,0.037801,MDA,BEL,760410
7983052,138,18,8562,2010,0.0,31849.0,1.132664,0.675756,MEX,BEL,760410
7983053,142,18,8562,2010,0.0,1615.0,1.211797,-0.024923,MLT,BEL,760410
7983054,153,18,8562,2010,11010.0,32313.0,0.9530780000000001,0.607456,MYS,BEL,760410
7983055,159,18,8562,2010,0.0,10553.0,-1.887084,-1.2280229999999999,NGA,BEL,760410
7983056,162,18,8562,2010,8883383.0,15469062.0,1.237998,1.1891209999999999,NLD,BEL,760410
7983057,163,18,8562,2010,0.0,4136.0,0.865676,0.138757,NOR,BEL,760410
7983058,166,18,8562,2010,0.0,2386.0,0.36828299999999997,0.574574,NZL,BEL,760410
7983059,167,18,8562,2010,10544.0,0.0,-0.487612,-0.9551379999999999,OMN,BEL,760410
7983060,177,18,8562,2010,8840.0,165274.0,1.083552,1.1433719999999998,POL,BEL,760410
7983061,179,18,8562,2010,544850.0,225920.0,0.551149,2.437209,PRT,BEL,760410
7983062,183,18,8562,2010,0.0,26542.0,-0.346143,-1.078192,QAT,BEL,760410
7983063,185,18,8562,2010,435680.0,558402.0,0.6483760000000001,1.200256,ROU,BEL,760410
7983064,186,18,8562,2010,0.0,105686.0,0.583996,-0.223881,RUS,BEL,760410
7983065,187,18,8562,2010,0.0,4871.0,-0.6033350000000001,-0.524881,RWA,BEL,760410
7983066,188,18,8562,2010,0.0,40357.0,0.46696400000000005,-0.7487520000000001,SAU,BEL,760410
7983067,190,18,8562,2010,0.0,14404.0,-1.9094669999999998,-1.271065,SDN,BEL,760410
7983068,192,18,8562,2010,0.0,72013.0,1.8441349999999999,0.570311,SGP,BEL,760410
7983069,201,18,8562,2010,0.0,2643.0,0.561161,1.33974,SRB,BEL,760410
7983070,205,18,8562,2010,0.0,33926.0,-0.5734560000000001,-0.936167,SUR,BEL,760410
7983071,206,18,8562,2010,1212.0,78416.0,1.278601,0.726907,SVK,BEL,760410
7983072,207,18,8562,2010,13072.0,0.0,1.595473,0.7023020000000001,SVN,BEL,760410
7983073,208,18,8562,2010,84267.0,43103.0,1.882239,0.397927,SWE,BEL,760410
7983074,215,18,8562,2010,0.0,6575.0,-0.943559,-0.884336,TGO,BEL,760410
7983075,223,18,8562,2010,0.0,709431.0,0.165019,0.8882059999999999,TUN,BEL,760410
7983076,224,18,8562,2010,202649.0,212901.0,0.359977,2.471173,TUR,BEL,760410
7983077,231,18,8562,2010,48396.0,301953.0,1.67573,-0.598165,USA,BEL,760410
7983078,239,18,8562,2010,0.0,2679.0,-0.24660500000000002,1.427235,VNM,BEL,760410
7983079,243,18,8562,2010,0.0,893.0,-1.360851,-1.208826,YEM,BEL,760410
7983080,246,18,8562,2010,2352.0,0.0,0.327326,1.513598,ZAF,BEL,760410
7983081,231,25,8562,2010,216576.0,14173.0,1.67573,-0.598165,USA,BHS,760410
7983082,2,32,8562,2010,0.0,28039.0,-1.3711010000000001,-1.170608,AGO,BRA,760410
7983083,8,32,8562,2010,3350.0,917765.0,0.27458899999999997,0.597907,ARG,BRA,760410
7983084,14,32,8562,2010,0.0,7050.0,-0.276442,0.062023,AUS,BRA,760410
7983085,15,32,8562,2010,6865.0,0.0,1.724315,-0.29379099999999997,AUT,BRA,760410
7983086,18,32,8562,2010,28363.0,0.0,1.2224270000000002,1.1276,BEL,BRA,760410
7983087,24,32,8562,2010,330455.0,6556.0,0.284356,-0.8362,BHR,BRA,760410
7983088,31,32,8562,2010,0.0,2559.0,-0.83736,-0.812473,BOL,BRA,760410
7983089,33,32,8562,2010,0.0,2508.0,0.7076140000000001,0.434993,BRB,BRA,760410
7983090,39,32,8562,2010,27603.0,0.0,0.752421,1.2208510000000001,CAN,BRA,760410
7983091,41,32,8562,2010,4046.0,0.0,2.1492080000000002,0.556424,CHE,BRA,760410
7983092,42,32,8562,2010,5063.0,112328.0,-0.34914,-0.459395,CHL,BRA,760410
7983093,43,32,8562,2010,44315.0,0.0,0.922493,2.0176,CHN,BRA,760410
7983094,61,32,8562,2010,92732.0,0.0,2.035672,-3.383322,DEU,BRA,760410
7983095,64,32,8562,2010,63439.0,0.0,1.082468,1.280759,DNK,BRA,760410
7983096,68,32,8562,2010,5224.0,0.0,-0.181826,1.409465,EGY,BRA,760410
7983097,71,32,8562,2010,397471.0,0.0,0.832619,2.448009,ESP,BRA,760410
7983098,74,32,8562,2010,21874.0,0.0,1.745464,0.897992,FIN,BRA,760410
7983099,77,32,8562,2010,30372.0,0.0,1.530027,-0.052557000000000006,FRA,BRA,760410
7983100,81,32,8562,2010,20154.0,0.0,1.828224,0.386383,GBR,BRA,760410
7983101,93,32,8562,2010,0.0,1252.0,-0.39034,0.743521,GTM,BRA,760410
7983102,104,32,8562,2010,16272.0,0.0,0.14485599999999998,2.408913,IND,BRA,760410
7983103,106,32,8562,2010,1562.0,0.0,1.371357,0.168795,IRL,BRA,760410
7983104,111,32,8562,2010,167027.0,0.0,1.272385,0.545721,ITA,BRA,760410
7983105,114,32,8562,2010,2937.0,0.0,2.459723,-0.279387,JPN,BRA,760410
7983106,121,32,8562,2010,55290.0,0.0,1.7118849999999999,0.762362,KOR,BRA,760410
7983107,122,32,8562,2010,0.0,36423.0,0.067373,-1.0822120000000002,KWT,BRA,760410
7983108,138,32,8562,2010,5566.0,1262.0,1.132664,0.675756,MEX,BRA,760410
7983109,153,32,8562,2010,0.0,3450.0,0.9530780000000001,0.607456,MYS,BRA,760410
7983110,162,32,8562,2010,15102.0,0.0,1.237998,1.1891209999999999,NLD,BRA,760410
7983111,163,32,8562,2010,3301.0,0.0,0.865676,0.138757,NOR,BRA,760410
7983112,169,32,8562,2010,323.0,9537.0,0.617867,0.903432,PAN,BRA,760410
7983113,173,32,8562,2010,0.0,30736.0,-0.650327,0.162321,PER,BRA,760410
7983114,174,32,8562,2010,0.0,6462.0,0.40418899999999996,0.102497,PHL,BRA,760410
7983115,179,32,8562,2010,26273.0,0.0,0.551149,2.437209,PRT,BRA,760410
7983116,180,32,8562,2010,0.0,19390.0,-0.553805,-0.8699450000000001,PRY,BRA,760410
7983117,183,32,8562,2010,0.0,29075.0,-0.346143,-1.078192,QAT,BRA,760410
7983118,186,32,8562,2010,7578.0,0.0,0.583996,-0.223881,RUS,BRA,760410
7983119,208,32,8562,2010,19762.0,0.0,1.882239,0.397927,SWE,BRA,760410
7983120,230,32,8562,2010,0.0,3277.0,0.217246,-0.079733,URY,BRA,760410
7983121,231,32,8562,2010,51906.0,476514.0,1.67573,-0.598165,USA,BRA,760410
7983122,246,32,8562,2010,0.0,9195.0,0.327326,1.513598,ZAF,BRA,760410
7983123,249,32,8562,2010,47768.0,0.0,1.766729,0.909335,TWN,BRA,760410
7983124,32,33,8562,2010,2508.0,0.0,0.40715500000000004,0.6208100000000001,BRA,BRB,760410
7983125,39,33,8562,2010,11300.0,0.0,0.752421,1.2208510000000001,CAN,BRB,760410
7983126,81,33,8562,2010,3197.0,0.0,1.828224,0.386383,GBR,BRB,760410
7983127,222,33,8562,2010,34669.0,0.0,-0.338123,-1.070239,TTO,BRB,760410
7983128,231,33,8562,2010,2857.0,0.0,1.67573,-0.598165,USA,BRB,760410
7983129,4,39,8562,2010,0.0,15737.0,-0.5316,-0.219561,ALB,CAN,760410
7983130,7,39,8562,2010,0.0,5050177.0,0.29457,-0.196371,ARE,CAN,760410
7983131,14,39,8562,2010,14451.0,4427.0,-0.276442,0.062023,AUS,CAN,760410
7983132,15,39,8562,2010,8400.0,32912.0,1.724315,-0.29379099999999997,AUT,CAN,760410
7983133,24,39,8562,2010,0.0,2895.0,0.284356,-0.8362,BHR,CAN,760410
7983134,30,39,8562,2010,0.0,2597.0,0.46139300000000005,-0.6651590000000001,BMU,CAN,760410
7983135,31,39,8562,2010,0.0,3740.0,-0.83736,-0.812473,BOL,CAN,760410
7983136,32,39,8562,2010,0.0,27603.0,0.40715500000000004,0.6208100000000001,BRA,CAN,760410
7983137,33,39,8562,2010,0.0,11300.0,0.7076140000000001,0.434993,BRB,CAN,760410
7983138,41,39,8562,2010,132078.0,1210187.0,2.1492080000000002,0.556424,CHE,CAN,760410
7983139,42,39,8562,2010,0.0,42056.0,-0.34914,-0.459395,CHL,CAN,760410
7983140,43,39,8562,2010,182429.0,117312.0,0.922493,2.0176,CHN,CAN,760410
7983141,49,39,8562,2010,0.0,9077.0,0.097222,-0.064328,COL,CAN,760410
7983142,52,39,8562,2010,0.0,2096.0,-0.122722,-0.7062069999999999,CRI,CAN,760410
7983143,54,39,8562,2010,0.0,2354.0,-0.085462,-0.885019,CUB,CAN,760410
7983144,59,39,8562,2010,0.0,8510.0,1.732044,0.333934,CZE,CAN,760410
7983145,61,39,8562,2010,6595.0,329234.0,2.035672,-3.383322,DEU,CAN,760410
7983146,64,39,8562,2010,2760.0,0.0,1.082468,1.280759,DNK,CAN,760410
7983147,65,39,8562,2010,0.0,778.0,-0.245241,0.368626,DOM,CAN,760410
7983148,67,39,8562,2010,0.0,1838.0,-0.584013,-0.743675,ECU,CAN,760410
7983149,71,39,8562,2010,91561.0,0.0,0.832619,2.448009,ESP,CAN,760410
7983150,77,39,8562,2010,325359.0,39083.0,1.530027,-0.052557000000000006,FRA,CAN,760410
7983151,81,39,8562,2010,48241.0,83802.0,1.828224,0.386383,GBR,CAN,760410
7983152,100,39,8562,2010,0.0,7079.0,0.8276979999999999,0.97415,HRV,CAN,760410
7983153,102,39,8562,2010,1436.0,4955.0,1.514225,0.740341,HUN,CAN,760410
7983154,103,39,8562,2010,145454.0,0.0,-0.30878099999999997,1.07069,IDN,CAN,760410
7983155,104,39,8562,2010,977123.0,508004.0,0.14485599999999998,2.408913,IND,CAN,760410
7983156,106,39,8562,2010,4929.0,0.0,1.371357,0.168795,IRL,CAN,760410
7983157,109,39,8562,2010,0.0,1401715.0,0.20822100000000002,-0.318294,ISL,CAN,760410
7983158,110,39,8562,2010,1692.0,0.0,1.215834,0.7028340000000001,ISR,CAN,760410
7983159,111,39,8562,2010,83017.0,290156.0,1.272385,0.545721,ITA,CAN,760410
7983160,112,39,8562,2010,2336.0,4186.0,0.041471,-0.367177,JAM,CAN,760410
7983161,114,39,8562,2010,0.0,4258.0,2.459723,-0.279387,JPN,CAN,760410
7983162,117,39,8562,2010,0.0,1623.0,-0.48426400000000003,-0.169443,KGZ,CAN,760410
7983163,121,39,8562,2010,0.0,27082.0,1.7118849999999999,0.762362,KOR,CAN,760410
7983164,137,39,8562,2010,0.0,941.0,-0.644859,-0.910633,MDV,CAN,760410
7983165,138,39,8562,2010,36515.0,4739.0,1.132664,0.675756,MEX,CAN,760410
7983166,142,39,8562,2010,0.0,11618.0,1.211797,-0.024923,MLT,CAN,760410
7983167,153,39,8562,2010,1099933.0,6151.0,0.9530780000000001,0.607456,MYS,CAN,760410
7983168,155,39,8562,2010,23760.0,0.0,-0.49860299999999996,-0.6728529999999999,NAM,CAN,760410
7983169,160,39,8562,2010,0.0,2683.0,-0.9387409999999999,-0.8119569999999999,NIC,CAN,760410
7983170,162,39,8562,2010,133608.0,150676.0,1.237998,1.1891209999999999,NLD,CAN,760410
7983171,163,39,8562,2010,0.0,30680396.0,0.865676,0.138757,NOR,CAN,760410
7983172,166,39,8562,2010,1636.0,96914.0,0.36828299999999997,0.574574,NZL,CAN,760410
7983173,169,39,8562,2010,0.0,2900.0,0.617867,0.903432,PAN,CAN,760410
7983174,174,39,8562,2010,79576.0,0.0,0.40418899999999996,0.102497,PHL,CAN,760410
7983175,177,39,8562,2010,897.0,1274.0,1.083552,1.1433719999999998,POL,CAN,760410
7983176,179,39,8562,2010,4840.0,1416.0,0.551149,2.437209,PRT,CAN,760410
7983177,183,39,8562,2010,0.0,6643.0,-0.346143,-1.078192,QAT,CAN,760410
7983178,185,39,8562,2010,0.0,15238.0,0.6483760000000001,1.200256,ROU,CAN,760410
7983179,186,39,8562,2010,12882.0,3213.0,0.583996,-0.223881,RUS,CAN,760410
7983180,188,39,8562,2010,0.0,75493.0,0.46696400000000005,-0.7487520000000001,SAU,CAN,760410
7983181,192,39,8562,2010,0.0,8384.0,1.8441349999999999,0.570311,SGP,CAN,760410
7983182,197,39,8562,2010,1395.0,1729.0,-0.101434,0.132639,SLV,CAN,760410
7983183,200,39,8562,2010,0.0,16306.0,-0.740992,-0.9825139999999999,SPM,CAN,760410
7983184,207,39,8562,2010,57548.0,30870.0,1.595473,0.7023020000000001,SVN,CAN,760410
7983185,208,39,8562,2010,1795.0,0.0,1.882239,0.397927,SWE,CAN,760410
7983186,216,39,8562,2010,9596.0,11732.0,0.748328,1.425224,THA,CAN,760410
7983187,224,39,8562,2010,178871.0,18735.0,0.359977,2.471173,TUR,CAN,760410
7983188,231,39,8562,2010,9471074.0,6676591.0,1.67573,-0.598165,USA,CAN,760410
7983189,239,39,8562,2010,93428.0,0.0,-0.24660500000000002,1.427235,VNM,CAN,760410
7983190,249,39,8562,2010,317163.0,7485.0,1.766729,0.909335,TWN,CAN,760410
7983191,15,41,8562,2010,528088.0,274570.0,1.724315,-0.29379099999999997,AUT,CHE,760410
7983192,18,41,8562,2010,264194.0,105350.0,1.2224270000000002,1.1276,BEL,CHE,760410
7983193,23,41,8562,2010,0.0,19776.0,0.44973,1.445441,BGR,CHE,760410
7983194,26,41,8562,2010,1648.0,4019.0,0.462275,0.830405,BIH,CHE,760410
7983195,28,41,8562,2010,0.0,7277.0,0.969851,0.593386,BLR,CHE,760410
7983196,32,41,8562,2010,0.0,4046.0,0.40715500000000004,0.6208100000000001,BRA,CHE,760410
7983197,39,41,8562,2010,1210187.0,132078.0,0.752421,1.2208510000000001,CAN,CHE,760410
7983198,43,41,8562,2010,210528.0,41692.0,0.922493,2.0176,CHN,CHE,760410
7983199,58,41,8562,2010,0.0,396280.0,0.8776450000000001,0.568389,CYP,CHE,760410
7983200,59,41,8562,2010,32358.0,27423.0,1.732044,0.333934,CZE,CHE,760410
7983201,61,41,8562,2010,3068031.0,6895004.0,2.035672,-3.383322,DEU,CHE,760410
7983202,64,41,8562,2010,80344.0,25245.0,1.082468,1.280759,DNK,CHE,760410
7983203,71,41,8562,2010,395209.0,81512.0,0.832619,2.448009,ESP,CHE,760410
7983204,74,41,8562,2010,0.0,2400.0,1.745464,0.897992,FIN,CHE,760410
7983205,77,41,8562,2010,601588.0,684734.0,1.530027,-0.052557000000000006,FRA,CHE,760410
7983206,81,41,8562,2010,380618.0,53953.0,1.828224,0.386383,GBR,CHE,760410
7983207,90,41,8562,2010,0.0,3993.0,0.200249,1.4640090000000001,GRC,CHE,760410
7983208,97,41,8562,2010,0.0,147537.0,0.715745,1.9780259999999998,HKG,CHE,760410
7983209,100,41,8562,2010,0.0,4101.0,0.8276979999999999,0.97415,HRV,CHE,760410
7983210,102,41,8562,2010,0.0,1499.0,1.514225,0.740341,HUN,CHE,760410
7983211,104,41,8562,2010,0.0,8319.0,0.14485599999999998,2.408913,IND,CHE,760410
7983212,106,41,8562,2010,8123.0,0.0,1.371357,0.168795,IRL,CHE,760410
7983213,110,41,8562,2010,26357.0,132205.0,1.215834,0.7028340000000001,ISR,CHE,760410
7983214,111,41,8562,2010,6741985.0,142301.0,1.272385,0.545721,ITA,CHE,760410
7983215,114,41,8562,2010,0.0,45578.0,2.459723,-0.279387,JPN,CHE,760410
7983216,121,41,8562,2010,11500.0,3158.0,1.7118849999999999,0.762362,KOR,CHE,760410
7983217,122,41,8562,2010,4085.0,13178.0,0.067373,-1.0822120000000002,KWT,CHE,760410
7983218,131,41,8562,2010,0.0,45646.0,1.272127,1.1051520000000001,LUX,CHE,760410
7983219,134,41,8562,2010,0.0,1941.0,-0.5935229999999999,-0.056497000000000006,MAR,CHE,760410
7983220,153,41,8562,2010,0.0,13913.0,0.9530780000000001,0.607456,MYS,CHE,760410
7983221,162,41,8562,2010,442216.0,354296.0,1.237998,1.1891209999999999,NLD,CHE,760410
7983222,163,41,8562,2010,0.0,86200.0,0.865676,0.138757,NOR,CHE,760410
7983223,166,41,8562,2010,0.0,1003.0,0.36828299999999997,0.574574,NZL,CHE,760410
7983224,167,41,8562,2010,0.0,24066.0,-0.487612,-0.9551379999999999,OMN,CHE,760410
7983225,168,41,8562,2010,0.0,39512.0,-0.692071,0.5409010000000001,PAK,CHE,760410
7983226,177,41,8562,2010,8496.0,174523.0,1.083552,1.1433719999999998,POL,CHE,760410
7983227,179,41,8562,2010,186845.0,1121268.0,0.551149,2.437209,PRT,CHE,760410
7983228,185,41,8562,2010,473253.0,317419.0,0.6483760000000001,1.200256,ROU,CHE,760410
7983229,192,41,8562,2010,1848.0,28600.0,1.8441349999999999,0.570311,SGP,CHE,760410
7983230,198,41,8562,2010,57142.0,0.0,1.0115299999999998,0.29852399999999996,SMR,CHE,760410
7983231,201,41,8562,2010,0.0,1174.0,0.561161,1.33974,SRB,CHE,760410
7983232,206,41,8562,2010,2362.0,28046.0,1.278601,0.726907,SVK,CHE,760410
7983233,207,41,8562,2010,16180.0,10892.0,1.595473,0.7023020000000001,SVN,CHE,760410
7983234,208,41,8562,2010,26245.0,98933.0,1.882239,0.397927,SWE,CHE,760410
7983235,223,41,8562,2010,1068.0,42805.0,0.165019,0.8882059999999999,TUN,CHE,760410
7983236,224,41,8562,2010,856924.0,4595.0,0.359977,2.471173,TUR,CHE,760410
7983237,227,41,8562,2010,0.0,1447.0,-0.48061400000000004,0.187001,UGA,CHE,760410
7983238,231,41,8562,2010,6338.0,195036.0,1.67573,-0.598165,USA,CHE,760410
7983239,239,41,8562,2010,0.0,574.0,-0.24660500000000002,1.427235,VNM,CHE,760410
7983240,246,41,8562,2010,0.0,359695.0,0.327326,1.513598,ZAF,CHE,760410
7983241,249,41,8562,2010,0.0,6399.0,1.766729,0.909335,TWN,CHE,760410
7983242,8,42,8562,2010,15249.0,18735.0,0.27458899999999997,0.597907,ARG,CHL,760410
7983243,18,42,8562,2010,2144.0,0.0,1.2224270000000002,1.1276,BEL,CHL,760410
7983244,31,42,8562,2010,0.0,122276.0,-0.83736,-0.812473,BOL,CHL,760410
7983245,32,42,8562,2010,112328.0,5063.0,0.40715500000000004,0.6208100000000001,BRA,CHL,760410
7983246,39,42,8562,2010,42056.0,0.0,0.752421,1.2208510000000001,CAN,CHL,760410
7983247,43,42,8562,2010,2150473.0,0.0,0.922493,2.0176,CHN,CHL,760410
7983248,49,42,8562,2010,0.0,119778.0,0.097222,-0.064328,COL,CHL,760410
7983249,52,42,8562,2010,0.0,17696.0,-0.122722,-0.7062069999999999,CRI,CHL,760410
7983250,61,42,8562,2010,4851.0,0.0,2.035672,-3.383322,DEU,CHL,760410
7983251,64,42,8562,2010,27946.0,0.0,1.082468,1.280759,DNK,CHL,760410
7983252,67,42,8562,2010,0.0,43002.0,-0.584013,-0.743675,ECU,CHL,760410
7983253,71,42,8562,2010,274749.0,80856.0,0.832619,2.448009,ESP,CHL,760410
7983254,81,42,8562,2010,6914.0,0.0,1.828224,0.386383,GBR,CHL,760410
7983255,97,42,8562,2010,1661.0,0.0,0.715745,1.9780259999999998,HKG,CHL,760410
7983256,102,42,8562,2010,933.0,0.0,1.514225,0.740341,HUN,CHL,760410
7983257,110,42,8562,2010,1579.0,0.0,1.215834,0.7028340000000001,ISR,CHL,760410
7983258,111,42,8562,2010,66919.0,0.0,1.272385,0.545721,ITA,CHL,760410
7983259,138,42,8562,2010,1193.0,49294.0,1.132664,0.675756,MEX,CHL,760410
7983260,168,42,8562,2010,0.0,7259.0,-0.692071,0.5409010000000001,PAK,CHL,760410
7983261,169,42,8562,2010,0.0,29679.0,0.617867,0.903432,PAN,CHL,760410
7983262,173,42,8562,2010,0.0,65704.0,-0.650327,0.162321,PER,CHL,760410
7983263,177,42,8562,2010,22379.0,0.0,1.083552,1.1433719999999998,POL,CHL,760410
7983264,216,42,8562,2010,46383.0,0.0,0.748328,1.425224,THA,CHL,760410
7983265,224,42,8562,2010,4663.0,5819.0,0.359977,2.471173,TUR,CHL,760410
7983266,230,42,8562,2010,2500.0,13785.0,0.217246,-0.079733,URY,CHL,760410
7983267,231,42,8562,2010,18258.0,48447.0,1.67573,-0.598165,USA,CHL,760410
7983268,249,42,8562,2010,19055.0,0.0,1.766729,0.909335,TWN,CHL,760410
7983269,2,43,8562,2010,0.0,32997.0,-1.3711010000000001,-1.170608,AGO,CHN,760410
7983270,4,43,8562,2010,0.0,124382.0,-0.5316,-0.219561,ALB,CHN,760410
7983271,7,43,8562,2010,0.0,13932.0,0.29457,-0.196371,ARE,CHN,760410
7983272,8,43,8562,2010,0.0,351327.0,0.27458899999999997,0.597907,ARG,CHN,760410
7983273,14,43,8562,2010,17411.0,701758.0,-0.276442,0.062023,AUS,CHN,760410
7983274,15,43,8562,2010,66195.0,1068400.0,1.724315,-0.29379099999999997,AUT,CHN,760410
7983275,18,43,8562,2010,36033.0,201456.0,1.2224270000000002,1.1276,BEL,CHN,760410
7983276,19,43,8562,2010,0.0,19250.0,-1.0660120000000002,-0.9961190000000001,BEN,CHN,760410
7983277,22,43,8562,2010,0.0,26067.0,-0.974526,-0.76566,BGD,CHN,760410
7983278,23,43,8562,2010,86802.0,9874.0,0.44973,1.445441,BGR,CHN,760410
7983279,24,43,8562,2010,3536466.0,0.0,0.284356,-0.8362,BHR,CHN,760410
7983280,26,43,8562,2010,0.0,34198.0,0.462275,0.830405,BIH,CHN,760410
7983281,28,43,8562,2010,0.0,6929.0,0.969851,0.593386,BLR,CHN,760410
7983282,31,43,8562,2010,0.0,390110.0,-0.83736,-0.812473,BOL,CHN,760410
7983283,32,43,8562,2010,0.0,44315.0,0.40715500000000004,0.6208100000000001,BRA,CHN,760410
7983284,34,43,8562,2010,0.0,131003.0,0.717167,-0.764841,BRN,CHN,760410
7983285,37,43,8562,2010,0.0,79987.0,-0.181373,-0.714376,BWA,CHN,760410
7983286,39,43,8562,2010,117312.0,182429.0,0.752421,1.2208510000000001,CAN,CHN,760410
7983287,41,43,8562,2010,41692.0,210528.0,2.1492080000000002,0.556424,CHE,CHN,760410
7983288,42,43,8562,2010,0.0,2150473.0,-0.34914,-0.459395,CHL,CHN,760410
7983289,44,43,8562,2010,0.0,188823.0,-1.256641,-0.946767,CIV,CHN,760410
7983290,45,43,8562,2010,0.0,9558.0,-1.114209,-1.0127899999999999,CMR,CHN,760410
7983291,47,43,8562,2010,0.0,8381.0,-1.536434,-1.175338,COG,CHN,760410
7983292,49,43,8562,2010,0.0,115525.0,0.097222,-0.064328,COL,CHN,760410
7983293,51,43,8562,2010,0.0,50856.0,0.140658,-0.527468,CPV,CHN,760410
7983294,52,43,8562,2010,0.0,398918.0,-0.122722,-0.7062069999999999,CRI,CHN,760410
7983295,58,43,8562,2010,0.0,330814.0,0.8776450000000001,0.568389,CYP,CHN,760410
7983296,59,43,8562,2010,16100.0,87593.0,1.732044,0.333934,CZE,CHN,760410
7983297,61,43,8562,2010,130596.0,8495122.0,2.035672,-3.383322,DEU,CHN,760410
7983298,63,43,8562,2010,0.0,52792.0,0.35578699999999996,0.13029200000000002,DMA,CHN,760410
7983299,64,43,8562,2010,30390.0,77331.0,1.082468,1.280759,DNK,CHN,760410
7983300,65,43,8562,2010,0.0,227385.0,-0.245241,0.368626,DOM,CHN,760410
7983301,66,43,8562,2010,0.0,879613.0,-1.00922,-1.1511040000000001,DZA,CHN,760410
7983302,67,43,8562,2010,0.0,328818.0,-0.584013,-0.743675,ECU,CHN,760410
7983303,68,43,8562,2010,566188.0,586352.0,-0.181826,1.409465,EGY,CHN,760410
7983304,71,43,8562,2010,221392.0,1012562.0,0.832619,2.448009,ESP,CHN,760410
7983305,72,43,8562,2010,0.0,43674.0,0.832316,1.1844649999999999,EST,CHN,760410
7983306,73,43,8562,2010,0.0,219488.0,-1.122906,-0.840777,ETH,CHN,760410
7983307,74,43,8562,2010,10938.0,375548.0,1.745464,0.897992,FIN,CHN,760410
7983308,77,43,8562,2010,306624.0,888028.0,1.530027,-0.052557000000000006,FRA,CHN,760410
7983309,81,43,8562,2010,204612.0,3908638.0,1.828224,0.386383,GBR,CHN,760410
7983310,83,43,8562,2010,0.0,370320.0,-0.835003,-0.633731,GHA,CHN,760410
7983311,87,43,8562,2010,0.0,15644.0,-0.894757,-0.734589,GMB,CHN,760410
7983312,89,43,8562,2010,0.0,30695.0,-1.077402,-0.86556,GNQ,CHN,760410
7983313,90,43,8562,2010,17091.0,163806.0,0.200249,1.4640090000000001,GRC,CHN,760410
7983314,93,43,8562,2010,0.0,22124.0,-0.39034,0.743521,GTM,CHN,760410
7983315,96,43,8562,2010,0.0,48070.0,-1.020217,-1.0231569999999999,GUY,CHN,760410
7983316,97,43,8562,2010,18062.0,845314.0,0.715745,1.9780259999999998,HKG,CHN,760410
7983317,99,43,8562,2010,0.0,62114.0,-0.569501,-0.153122,HND,CHN,760410
7983318,100,43,8562,2010,0.0,8734.0,0.8276979999999999,0.97415,HRV,CHN,760410
7983319,102,43,8562,2010,0.0,33337.0,1.514225,0.740341,HUN,CHN,760410
7983320,103,43,8562,2010,0.0,190247.0,-0.30878099999999997,1.07069,IDN,CHN,760410
7983321,104,43,8562,2010,113316.0,389741.0,0.14485599999999998,2.408913,IND,CHN,760410
7983322,106,43,8562,2010,0.0,56820.0,1.371357,0.168795,IRL,CHN,760410
7983323,109,43,8562,2010,0.0,83851.0,0.20822100000000002,-0.318294,ISL,CHN,760410
7983324,110,43,8562,2010,6051.0,32931.0,1.215834,0.7028340000000001,ISR,CHN,760410
7983325,111,43,8562,2010,345144.0,3356826.0,1.272385,0.545721,ITA,CHN,760410
7983326,113,43,8562,2010,0.0,76414.0,0.251702,0.522758,JOR,CHN,760410
7983327,114,43,8562,2010,4373540.0,143016.0,2.459723,-0.279387,JPN,CHN,760410
7983328,115,43,8562,2010,0.0,75811.0,-0.6278020000000001,-0.8419760000000001,KAZ,CHN,760410
7983329,116,43,8562,2010,0.0,2869.0,-0.387187,1.010443,KEN,CHN,760410
7983330,117,43,8562,2010,0.0,10570.0,-0.48426400000000003,-0.169443,KGZ,CHN,760410
7983331,118,43,8562,2010,0.0,31334.0,-1.158906,-1.019906,KHM,CHN,760410
7983332,121,43,8562,2010,8842324.0,62235.0,1.7118849999999999,0.762362,KOR,CHN,760410
7983333,122,43,8562,2010,0.0,7390.0,0.067373,-1.0822120000000002,KWT,CHN,760410
7983334,123,43,8562,2010,0.0,10844.0,-1.104075,-0.836772,LAO,CHN,760410
7983335,124,43,8562,2010,0.0,88229.0,0.415854,1.424085,LBN,CHN,760410
7983336,126,43,8562,2010,0.0,200560.0,-0.706491,-1.140822,LBY,CHN,760410
7983337,128,43,8562,2010,0.0,11413.0,-0.70886,0.25216700000000003,LKA,CHN,760410
7983338,131,43,8562,2010,0.0,32710.0,1.272127,1.1051520000000001,LUX,CHN,760410
7983339,133,43,8562,2010,0.0,1546.0,0.545755,0.492997,MAC,CHN,760410
7983340,134,43,8562,2010,0.0,16159.0,-0.5935229999999999,-0.056497000000000006,MAR,CHN,760410
7983341,135,43,8562,2010,0.0,65362.0,-0.116797,0.037801,MDA,CHN,760410
7983342,136,43,8562,2010,0.0,2407.0,-0.8737799999999999,-0.043717,MDG,CHN,760410
7983343,137,43,8562,2010,0.0,21590.0,-0.644859,-0.910633,MDV,CHN,760410
7983344,138,43,8562,2010,0.0,920664.0,1.132664,0.675756,MEX,CHN,760410
7983345,140,43,8562,2010,0.0,4881.0,-0.122842,0.407017,MKD,CHN,760410
7983346,141,43,8562,2010,0.0,82060.0,-0.585496,-0.655841,MLI,CHN,760410
7983347,142,43,8562,2010,0.0,6341.0,1.211797,-0.024923,MLT,CHN,760410
7983348,143,43,8562,2010,0.0,54086.0,-1.480389,-1.075842,MMR,CHN,760410
7983349,144,43,8562,2010,0.0,6873.0,0.266397,-0.02502,MNE,CHN,760410
7983350,145,43,8562,2010,0.0,40882.0,-1.110861,-1.105545,MNG,CHN,760410
7983351,147,43,8562,2010,0.0,26274.0,-1.479855,-1.070518,MOZ,CHN,760410
7983352,151,43,8562,2010,0.0,26469.0,-0.173542,0.103727,MUS,CHN,760410
7983353,152,43,8562,2010,0.0,32807.0,-0.821839,-0.9153870000000001,MWI,CHN,760410
7983354,153,43,8562,2010,743113.0,383064.0,0.9530780000000001,0.607456,MYS,CHN,760410
7983355,155,43,8562,2010,0.0,120902.0,-0.49860299999999996,-0.6728529999999999,NAM,CHN,760410
7983356,159,43,8562,2010,6346.0,4435.0,-1.887084,-1.2280229999999999,NGA,CHN,760410
7983357,160,43,8562,2010,0.0,58085.0,-0.9387409999999999,-0.8119569999999999,NIC,CHN,760410
7983358,162,43,8562,2010,106932.0,35773.0,1.237998,1.1891209999999999,NLD,CHN,760410
7983359,163,43,8562,2010,3073396.0,36876.0,0.865676,0.138757,NOR,CHN,760410
7983360,164,43,8562,2010,0.0,202753.0,-0.23753400000000002,0.7957390000000001,NPL,CHN,760410
7983361,166,43,8562,2010,78578.0,12198.0,0.36828299999999997,0.574574,NZL,CHN,760410
7983362,167,43,8562,2010,0.0,152810.0,-0.487612,-0.9551379999999999,OMN,CHN,760410
7983363,168,43,8562,2010,0.0,751966.0,-0.692071,0.5409010000000001,PAK,CHN,760410
7983364,169,43,8562,2010,0.0,992496.0,0.617867,0.903432,PAN,CHN,760410
7983365,173,43,8562,2010,0.0,249768.0,-0.650327,0.162321,PER,CHN,760410
7983366,174,43,8562,2010,0.0,10550.0,0.40418899999999996,0.102497,PHL,CHN,760410
7983367,177,43,8562,2010,4271.0,234346.0,1.083552,1.1433719999999998,POL,CHN,760410
7983368,178,43,8562,2010,0.0,14412.0,0.348511,0.466229,PRK,CHN,760410
7983369,179,43,8562,2010,4402.0,13131.0,0.551149,2.437209,PRT,CHN,760410
7983370,180,43,8562,2010,0.0,1275.0,-0.553805,-0.8699450000000001,PRY,CHN,760410
7983371,181,43,8562,2010,0.0,123843.0,0.12470099999999999,0.576382,PSE,CHN,760410
7983372,182,43,8562,2010,0.0,90973.0,-0.47692700000000005,-0.8429760000000001,PYF,CHN,760410
7983373,183,43,8562,2010,0.0,488036.0,-0.346143,-1.078192,QAT,CHN,760410
7983374,185,43,8562,2010,54291.0,54243.0,0.6483760000000001,1.200256,ROU,CHN,760410
7983375,186,43,8562,2010,0.0,147793.0,0.583996,-0.223881,RUS,CHN,760410
7983376,187,43,8562,2010,0.0,19897.0,-0.6033350000000001,-0.524881,RWA,CHN,760410
7983377,188,43,8562,2010,0.0,8675.0,0.46696400000000005,-0.7487520000000001,SAU,CHN,760410
7983378,190,43,8562,2010,0.0,304883.0,-1.9094669999999998,-1.271065,SDN,CHN,760410
7983379,191,43,8562,2010,0.0,16314.0,-0.45445,-0.148149,SEN,CHN,760410
7983380,192,43,8562,2010,286817.0,623198.0,1.8441349999999999,0.570311,SGP,CHN,760410
7983381,197,43,8562,2010,0.0,120359.0,-0.101434,0.132639,SLV,CHN,760410
7983382,201,43,8562,2010,2344.0,152766.0,0.561161,1.33974,SRB,CHN,760410
7983383,205,43,8562,2010,0.0,554793.0,-0.5734560000000001,-0.936167,SUR,CHN,760410
7983384,206,43,8562,2010,0.0,966966.0,1.278601,0.726907,SVK,CHN,760410
7983385,207,43,8562,2010,0.0,50127.0,1.595473,0.7023020000000001,SVN,CHN,760410
7983386,208,43,8562,2010,9122.0,117332.0,1.882239,0.397927,SWE,CHN,760410
7983387,211,43,8562,2010,0.0,7573.0,-0.075668,-0.549686,SYC,CHN,760410
7983388,212,43,8562,2010,0.0,1120.0,-0.46833800000000003,1.11952,SYR,CHN,760410
7983389,215,43,8562,2010,0.0,6180.0,-0.943559,-0.884336,TGO,CHN,760410
7983390,216,43,8562,2010,519014.0,404871.0,0.748328,1.425224,THA,CHN,760410
7983391,220,43,8562,2010,0.0,6087.0,0.6633789999999999,-0.606204,TLS,CHN,760410
7983392,222,43,8562,2010,0.0,140126.0,-0.338123,-1.070239,TTO,CHN,760410
7983393,223,43,8562,2010,0.0,875832.0,0.165019,0.8882059999999999,TUN,CHN,760410
7983394,224,43,8562,2010,0.0,171027.0,0.359977,2.471173,TUR,CHN,760410
7983395,226,43,8562,2010,0.0,320576.0,-0.7327,0.427616,TZA,CHN,760410
7983396,227,43,8562,2010,0.0,881478.0,-0.48061400000000004,0.187001,UGA,CHN,760410
7983397,228,43,8562,2010,0.0,370158.0,0.714148,0.916267,UKR,CHN,760410
7983398,230,43,8562,2010,0.0,7034.0,0.217246,-0.079733,URY,CHN,760410
7983399,231,43,8562,2010,4181988.0,4107458.0,1.67573,-0.598165,USA,CHN,760410
7983400,236,43,8562,2010,0.0,7239.0,-0.660844,-1.145133,VEN,CHN,760410
7983401,239,43,8562,2010,0.0,203097.0,-0.24660500000000002,1.427235,VNM,CHN,760410
7983402,243,43,8562,2010,0.0,6912339.0,-1.360851,-1.208826,YEM,CHN,760410
7983403,246,43,8562,2010,1479552.0,731375.0,0.327326,1.513598,ZAF,CHN,760410
7983404,248,43,8562,2010,0.0,20019.0,-0.869909,-0.8233309999999999,ZWE,CHN,760410
7983405,249,43,8562,2010,5053548.0,32610.0,1.766729,0.909335,TWN,CHN,760410
7983406,250,43,8562,2010,1259.0,0.0,0.45129600000000003,-0.223517,ANS,CHN,760410
7983407,8,49,8562,2010,11088.0,0.0,0.27458899999999997,0.597907,ARG,COL,760410
7983408,31,49,8562,2010,0.0,1306.0,-0.83736,-0.812473,BOL,COL,760410
7983409,39,49,8562,2010,9077.0,0.0,0.752421,1.2208510000000001,CAN,COL,760410
7983410,42,49,8562,2010,119778.0,0.0,-0.34914,-0.459395,CHL,COL,760410
7983411,43,49,8562,2010,115525.0,0.0,0.922493,2.0176,CHN,COL,760410
7983412,52,49,8562,2010,9125.0,0.0,-0.122722,-0.7062069999999999,CRI,COL,760410
7983413,61,49,8562,2010,162607.0,0.0,2.035672,-3.383322,DEU,COL,760410
7983414,71,49,8562,2010,236646.0,0.0,0.832619,2.448009,ESP,COL,760410
7983415,81,49,8562,2010,12656.0,0.0,1.828224,0.386383,GBR,COL,760410
7983416,93,49,8562,2010,305023.0,334771.0,-0.39034,0.743521,GTM,COL,760410
7983417,97,49,8562,2010,2972.0,0.0,0.715745,1.9780259999999998,HKG,COL,760410
7983418,110,49,8562,2010,11121.0,0.0,1.215834,0.7028340000000001,ISR,COL,760410
7983419,111,49,8562,2010,4540.0,0.0,1.272385,0.545721,ITA,COL,760410
7983420,121,49,8562,2010,63211.0,0.0,1.7118849999999999,0.762362,KOR,COL,760410
7983421,138,49,8562,2010,5105.0,23715.0,1.132664,0.675756,MEX,COL,760410
7983422,162,49,8562,2010,2482.0,0.0,1.237998,1.1891209999999999,NLD,COL,760410
7983423,169,49,8562,2010,41952.0,82345.0,0.617867,0.903432,PAN,COL,760410
7983424,179,49,8562,2010,10301.0,0.0,0.551149,2.437209,PRT,COL,760410
7983425,230,49,8562,2010,2917.0,0.0,0.217246,-0.079733,URY,COL,760410
7983426,231,49,8562,2010,84031.0,186710.0,1.67573,-0.598165,USA,COL,760410
7983427,236,49,8562,2010,3365502.0,2830.0,-0.660844,-1.145133,VEN,COL,760410
7983428,249,49,8562,2010,11456.0,0.0,1.766729,0.909335,TWN,COL,760410
7983429,250,49,8562,2010,1705.0,0.0,0.45129600000000003,-0.223517,ANS,COL,760410
7983430,8,52,8562,2010,2483.0,0.0,0.27458899999999997,0.597907,ARG,CRI,760410
7983431,18,52,8562,2010,1931.0,0.0,1.2224270000000002,1.1276,BEL,CRI,760410
7983432,39,52,8562,2010,2096.0,0.0,0.752421,1.2208510000000001,CAN,CRI,760410
7983433,42,52,8562,2010,17696.0,0.0,-0.34914,-0.459395,CHL,CRI,760410
7983434,43,52,8562,2010,398918.0,0.0,0.922493,2.0176,CHN,CRI,760410
7983435,49,52,8562,2010,0.0,9125.0,0.097222,-0.064328,COL,CRI,760410
7983436,61,52,8562,2010,6387.0,0.0,2.035672,-3.383322,DEU,CRI,760410
7983437,65,52,8562,2010,0.0,24076.0,-0.245241,0.368626,DOM,CRI,760410
7983438,71,52,8562,2010,4945.0,0.0,0.832619,2.448009,ESP,CRI,760410
7983439,77,52,8562,2010,23037.0,0.0,1.530027,-0.052557000000000006,FRA,CRI,760410
7983440,81,52,8562,2010,7766.0,0.0,1.828224,0.386383,GBR,CRI,760410
7983441,93,52,8562,2010,0.0,4049.0,-0.39034,0.743521,GTM,CRI,760410
7983442,111,52,8562,2010,36987.0,0.0,1.272385,0.545721,ITA,CRI,760410
7983443,121,52,8562,2010,7694.0,0.0,1.7118849999999999,0.762362,KOR,CRI,760410
7983444,138,52,8562,2010,32834.0,4904.0,1.132664,0.675756,MEX,CRI,760410
7983445,160,52,8562,2010,0.0,21409.0,-0.9387409999999999,-0.8119569999999999,NIC,CRI,760410
7983446,169,52,8562,2010,71033.0,193341.0,0.617867,0.903432,PAN,CRI,760410
7983447,197,52,8562,2010,0.0,1099.0,-0.101434,0.132639,SLV,CRI,760410
7983448,231,52,8562,2010,170558.0,0.0,1.67573,-0.598165,USA,CRI,760410
7983449,249,52,8562,2010,16642.0,0.0,1.766729,0.909335,TWN,CRI,760410
7983450,4,61,8562,2010,110390.0,0.0,-0.5316,-0.219561,ALB,DEU,760410
7983451,5,61,8562,2010,0.0,1742.0,0.8963620000000001,0.7650399999999999,AND,DEU,760410
7983452,6,61,8562,2010,0.0,1593.0,-0.08593200000000001,-0.691395,ANT,DEU,760410
7983453,7,61,8562,2010,9870.0,29219.0,0.29457,-0.196371,ARE,DEU,760410
7983454,8,61,8562,2010,0.0,1204.0,0.27458899999999997,0.597907,ARG,DEU,760410
7983455,13,61,8562,2010,0.0,1376.0,1.2153129999999999,0.955838,ATG,DEU,760410
7983456,14,61,8562,2010,25267.0,99992.0,-0.276442,0.062023,AUS,DEU,760410
7983457,15,61,8562,2010,59179260.0,6193224.0,1.724315,-0.29379099999999997,AUT,DEU,760410
7983458,16,61,8562,2010,0.0,12905.0,-1.048424,-1.2030370000000001,AZE,DEU,760410
7983459,18,61,8562,2010,15801221.0,12969405.0,1.2224270000000002,1.1276,BEL,DEU,760410
7983460,21,61,8562,2010,0.0,44327.0,-0.625747,-0.700651,BFA,DEU,760410
7983461,23,61,8562,2010,538530.0,51177.0,0.44973,1.445441,BGR,DEU,760410
7983462,24,61,8562,2010,3059826.0,2681.0,0.284356,-0.8362,BHR,DEU,760410
7983463,26,61,8562,2010,1111678.0,29780.0,0.462275,0.830405,BIH,DEU,760410
7983464,28,61,8562,2010,0.0,124765.0,0.969851,0.593386,BLR,DEU,760410
7983465,32,61,8562,2010,0.0,92732.0,0.40715500000000004,0.6208100000000001,BRA,DEU,760410
7983466,39,61,8562,2010,329234.0,6595.0,0.752421,1.2208510000000001,CAN,DEU,760410
7983467,41,61,8562,2010,6895004.0,3068031.0,2.1492080000000002,0.556424,CHE,DEU,760410
7983468,42,61,8562,2010,0.0,4851.0,-0.34914,-0.459395,CHL,DEU,760410
7983469,43,61,8562,2010,8495122.0,130596.0,0.922493,2.0176,CHN,DEU,760410
7983470,44,61,8562,2010,0.0,10759.0,-1.256641,-0.946767,CIV,DEU,760410
7983471,49,61,8562,2010,0.0,162607.0,0.097222,-0.064328,COL,DEU,760410
7983472,52,61,8562,2010,0.0,6387.0,-0.122722,-0.7062069999999999,CRI,DEU,760410
7983473,58,61,8562,2010,0.0,17441.0,0.8776450000000001,0.568389,CYP,DEU,760410
7983474,59,61,8562,2010,1207667.0,1113826.0,1.732044,0.333934,CZE,DEU,760410
7983475,62,61,8562,2010,0.0,16990.0,-0.37501799999999996,-0.727603,DJI,DEU,760410
7983476,64,61,8562,2010,522069.0,6123170.0,1.082468,1.280759,DNK,DEU,760410
7983477,65,61,8562,2010,0.0,31804.0,-0.245241,0.368626,DOM,DEU,760410
7983478,66,61,8562,2010,0.0,1602.0,-1.00922,-1.1511040000000001,DZA,DEU,760410
7983479,67,61,8562,2010,0.0,20304.0,-0.584013,-0.743675,ECU,DEU,760410
7983480,68,61,8562,2010,232825.0,5456.0,-0.181826,1.409465,EGY,DEU,760410
7983481,69,61,8562,2010,0.0,47450.0,-0.288006,-0.614999,ERI,DEU,760410
7983482,71,61,8562,2010,17630546.0,1705649.0,0.832619,2.448009,ESP,DEU,760410
7983483,72,61,8562,2010,0.0,424978.0,0.832316,1.1844649999999999,EST,DEU,760410
7983484,73,61,8562,2010,0.0,27096.0,-1.122906,-0.840777,ETH,DEU,760410
7983485,74,61,8562,2010,2651.0,172426.0,1.745464,0.897992,FIN,DEU,760410
7983486,77,61,8562,2010,3141682.0,2578870.0,1.530027,-0.052557000000000006,FRA,DEU,760410
7983487,81,61,8562,2010,16427877.0,1618636.0,1.828224,0.386383,GBR,DEU,760410
7983488,90,61,8562,2010,11999576.0,126359.0,0.200249,1.4640090000000001,GRC,DEU,760410
7983489,92,61,8562,2010,0.0,576.0,-0.45149700000000004,-0.9039299999999999,GRL,DEU,760410
7983490,93,61,8562,2010,0.0,3444.0,-0.39034,0.743521,GTM,DEU,760410
7983491,97,61,8562,2010,309109.0,4166.0,0.715745,1.9780259999999998,HKG,DEU,760410
7983492,99,61,8562,2010,0.0,3811.0,-0.569501,-0.153122,HND,DEU,760410
7983493,100,61,8562,2010,31297.0,179652.0,0.8276979999999999,0.97415,HRV,DEU,760410
7983494,102,61,8562,2010,1127292.0,354518.0,1.514225,0.740341,HUN,DEU,760410
7983495,103,61,8562,2010,0.0,5602.0,-0.30878099999999997,1.07069,IDN,DEU,760410
7983496,104,61,8562,2010,5365752.0,209192.0,0.14485599999999998,2.408913,IND,DEU,760410
7983497,106,61,8562,2010,293340.0,187529.0,1.371357,0.168795,IRL,DEU,760410
7983498,107,61,8562,2010,0.0,22484.0,-0.609874,-0.744733,IRN,DEU,760410
7983499,109,61,8562,2010,0.0,4108.0,0.20822100000000002,-0.318294,ISL,DEU,760410
7983500,110,61,8562,2010,1391557.0,6296.0,1.215834,0.7028340000000001,ISR,DEU,760410
7983501,111,61,8562,2010,25913128.0,7465103.0,1.272385,0.545721,ITA,DEU,760410
7983502,113,61,8562,2010,0.0,3244.0,0.251702,0.522758,JOR,DEU,760410
7983503,114,61,8562,2010,25521.0,260222.0,2.459723,-0.279387,JPN,DEU,760410
7983504,115,61,8562,2010,0.0,5366.0,-0.6278020000000001,-0.8419760000000001,KAZ,DEU,760410
7983505,116,61,8562,2010,0.0,12768.0,-0.387187,1.010443,KEN,DEU,760410
7983506,121,61,8562,2010,477843.0,5019.0,1.7118849999999999,0.762362,KOR,DEU,760410
7983507,122,61,8562,2010,0.0,2055.0,0.067373,-1.0822120000000002,KWT,DEU,760410
7983508,124,61,8562,2010,12654.0,6449.0,0.415854,1.424085,LBN,DEU,760410
7983509,130,61,8562,2010,27208.0,337927.0,0.6390600000000001,1.144911,LTU,DEU,760410
7983510,131,61,8562,2010,3242.0,399948.0,1.272127,1.1051520000000001,LUX,DEU,760410
7983511,132,61,8562,2010,0.0,141078.0,0.6158170000000001,1.1401059999999998,LVA,DEU,760410
7983512,134,61,8562,2010,0.0,41890.0,-0.5935229999999999,-0.056497000000000006,MAR,DEU,760410
7983513,135,61,8562,2010,0.0,57740.0,-0.116797,0.037801,MDA,DEU,760410
7983514,137,61,8562,2010,0.0,1327.0,-0.644859,-0.910633,MDV,DEU,760410
7983515,138,61,8562,2010,0.0,8753.0,1.132664,0.675756,MEX,DEU,760410
7983516,140,61,8562,2010,71226.0,9836.0,-0.122842,0.407017,MKD,DEU,760410
7983517,141,61,8562,2010,0.0,4104.0,-0.585496,-0.655841,MLI,DEU,760410
7983518,142,61,8562,2010,0.0,15719.0,1.211797,-0.024923,MLT,DEU,760410
7983519,144,61,8562,2010,0.0,24731.0,0.266397,-0.02502,MNE,DEU,760410
7983520,151,61,8562,2010,0.0,10107.0,-0.173542,0.103727,MUS,DEU,760410
7983521,153,61,8562,2010,218018.0,25326.0,0.9530780000000001,0.607456,MYS,DEU,760410
7983522,155,61,8562,2010,0.0,5256.0,-0.49860299999999996,-0.6728529999999999,NAM,DEU,760410
7983523,156,61,8562,2010,0.0,2541.0,-0.42193500000000006,-0.8256610000000001,NCL,DEU,760410
7983524,159,61,8562,2010,0.0,173561.0,-1.887084,-1.2280229999999999,NGA,DEU,760410
7983525,160,61,8562,2010,0.0,5166.0,-0.9387409999999999,-0.8119569999999999,NIC,DEU,760410
7983526,162,61,8562,2010,7557946.0,16715703.0,1.237998,1.1891209999999999,NLD,DEU,760410
7983527,163,61,8562,2010,184997.0,669701.0,0.865676,0.138757,NOR,DEU,760410
7983528,166,61,8562,2010,0.0,69273.0,0.36828299999999997,0.574574,NZL,DEU,760410
7983529,167,61,8562,2010,152724.0,0.0,-0.487612,-0.9551379999999999,OMN,DEU,760410
7983530,168,61,8562,2010,0.0,23391.0,-0.692071,0.5409010000000001,PAK,DEU,760410
7983531,173,61,8562,2010,0.0,3850.0,-0.650327,0.162321,PER,DEU,760410
7983532,174,61,8562,2010,0.0,22498.0,0.40418899999999996,0.102497,PHL,DEU,760410
7983533,177,61,8562,2010,7938536.0,3431119.0,1.083552,1.1433719999999998,POL,DEU,760410
7983534,179,61,8562,2010,1136930.0,2714842.0,0.551149,2.437209,PRT,DEU,760410
7983535,183,61,8562,2010,0.0,23010.0,-0.346143,-1.078192,QAT,DEU,760410
7983536,185,61,8562,2010,1892706.0,511493.0,0.6483760000000001,1.200256,ROU,DEU,760410
7983537,186,61,8562,2010,0.0,1036519.0,0.583996,-0.223881,RUS,DEU,760410
7983538,188,61,8562,2010,0.0,16359.0,0.46696400000000005,-0.7487520000000001,SAU,DEU,760410
7983539,192,61,8562,2010,8060.0,66747.0,1.8441349999999999,0.570311,SGP,DEU,760410
7983540,197,61,8562,2010,0.0,2749.0,-0.101434,0.132639,SLV,DEU,760410
7983541,198,61,8562,2010,0.0,22607.0,1.0115299999999998,0.29852399999999996,SMR,DEU,760410
7983542,201,61,8562,2010,64056.0,34919.0,0.561161,1.33974,SRB,DEU,760410
7983543,205,61,8562,2010,0.0,12057.0,-0.5734560000000001,-0.936167,SUR,DEU,760410
7983544,206,61,8562,2010,345815.0,1172265.0,1.278601,0.726907,SVK,DEU,760410
7983545,207,61,8562,2010,72054.0,671025.0,1.595473,0.7023020000000001,SVN,DEU,760410
7983546,208,61,8562,2010,289174.0,960366.0,1.882239,0.397927,SWE,DEU,760410
7983547,216,61,8562,2010,286008.0,16207.0,0.748328,1.425224,THA,DEU,760410
7983548,223,61,8562,2010,0.0,72112.0,0.165019,0.8882059999999999,TUN,DEU,760410
7983549,224,61,8562,2010,4454608.0,253165.0,0.359977,2.471173,TUR,DEU,760410
7983550,227,61,8562,2010,0.0,39005.0,-0.48061400000000004,0.187001,UGA,DEU,760410
7983551,228,61,8562,2010,0.0,331876.0,0.714148,0.916267,UKR,DEU,760410
7983552,230,61,8562,2010,0.0,2996.0,0.217246,-0.079733,URY,DEU,760410
7983553,231,61,8562,2010,542451.0,1735708.0,1.67573,-0.598165,USA,DEU,760410
7983554,236,61,8562,2010,0.0,1725.0,-0.660844,-1.145133,VEN,DEU,760410
7983555,237,61,8562,2010,0.0,2716.0,0.699891,-0.29630300000000004,VGB,DEU,760410
7983556,239,61,8562,2010,0.0,10608.0,-0.24660500000000002,1.427235,VNM,DEU,760410
7983557,246,61,8562,2010,0.0,35270.0,0.327326,1.513598,ZAF,DEU,760410
7983558,249,61,8562,2010,173196.0,2978.0,1.766729,0.909335,TWN,DEU,760410
7983559,7,64,8562,2010,0.0,147921.0,0.29457,-0.196371,ARE,DNK,760410
7983560,14,64,8562,2010,0.0,23838.0,-0.276442,0.062023,AUS,DNK,760410
7983561,15,64,8562,2010,823460.0,10482.0,1.724315,-0.29379099999999997,AUT,DNK,760410
7983562,18,64,8562,2010,48124.0,716732.0,1.2224270000000002,1.1276,BEL,DNK,760410
7983563,23,64,8562,2010,1826.0,3150.0,0.44973,1.445441,BGR,DNK,760410
7983564,28,64,8562,2010,0.0,5345.0,0.969851,0.593386,BLR,DNK,760410
7983565,32,64,8562,2010,0.0,63439.0,0.40715500000000004,0.6208100000000001,BRA,DNK,760410
7983566,39,64,8562,2010,0.0,2760.0,0.752421,1.2208510000000001,CAN,DNK,760410
7983567,41,64,8562,2010,25245.0,80344.0,2.1492080000000002,0.556424,CHE,DNK,760410
7983568,42,64,8562,2010,0.0,27946.0,-0.34914,-0.459395,CHL,DNK,760410
7983569,43,64,8562,2010,77331.0,30390.0,0.922493,2.0176,CHN,DNK,760410
7983570,58,64,8562,2010,0.0,3431.0,0.8776450000000001,0.568389,CYP,DNK,760410
7983571,59,64,8562,2010,10121.0,18693.0,1.732044,0.333934,CZE,DNK,760410
7983572,61,64,8562,2010,6123170.0,522069.0,2.035672,-3.383322,DEU,DNK,760410
7983573,71,64,8562,2010,52969.0,199088.0,0.832619,2.448009,ESP,DNK,760410
7983574,72,64,8562,2010,1663.0,55522.0,0.832316,1.1844649999999999,EST,DNK,760410
7983575,74,64,8562,2010,15695.0,177525.0,1.745464,0.897992,FIN,DNK,760410
7983576,77,64,8562,2010,104749.0,280564.0,1.530027,-0.052557000000000006,FRA,DNK,760410
7983577,78,64,8562,2010,0.0,87167.0,-1.158567,-0.99413,FRO,DNK,760410
7983578,81,64,8562,2010,162501.0,1640915.0,1.828224,0.386383,GBR,DNK,760410
7983579,90,64,8562,2010,0.0,15547.0,0.200249,1.4640090000000001,GRC,DNK,760410
7983580,92,64,8562,2010,0.0,12899.0,-0.45149700000000004,-0.9039299999999999,GRL,DNK,760410
7983581,97,64,8562,2010,32938.0,2583.0,0.715745,1.9780259999999998,HKG,DNK,760410
7983582,100,64,8562,2010,0.0,10300.0,0.8276979999999999,0.97415,HRV,DNK,760410
7983583,102,64,8562,2010,26033.0,148761.0,1.514225,0.740341,HUN,DNK,760410
7983584,104,64,8562,2010,7250.0,0.0,0.14485599999999998,2.408913,IND,DNK,760410
7983585,106,64,8562,2010,0.0,83353.0,1.371357,0.168795,IRL,DNK,760410
7983586,109,64,8562,2010,0.0,19320.0,0.20822100000000002,-0.318294,ISL,DNK,760410
7983587,110,64,8562,2010,13691.0,0.0,1.215834,0.7028340000000001,ISR,DNK,760410
7983588,111,64,8562,2010,248288.0,147397.0,1.272385,0.545721,ITA,DNK,760410
7983589,114,64,8562,2010,0.0,10082.0,2.459723,-0.279387,JPN,DNK,760410
7983590,130,64,8562,2010,1040.0,130786.0,0.6390600000000001,1.144911,LTU,DNK,760410
7983591,131,64,8562,2010,0.0,924.0,1.272127,1.1051520000000001,LUX,DNK,760410
7983592,132,64,8562,2010,7869.0,32127.0,0.6158170000000001,1.1401059999999998,LVA,DNK,760410
7983593,134,64,8562,2010,0.0,3322.0,-0.5935229999999999,-0.056497000000000006,MAR,DNK,760410
7983594,138,64,8562,2010,0.0,1244.0,1.132664,0.675756,MEX,DNK,760410
7983595,142,64,8562,2010,0.0,2771.0,1.211797,-0.024923,MLT,DNK,760410
7983596,153,64,8562,2010,10215.0,0.0,0.9530780000000001,0.607456,MYS,DNK,760410
7983597,162,64,8562,2010,730523.0,63018.0,1.237998,1.1891209999999999,NLD,DNK,760410
7983598,163,64,8562,2010,64789.0,2237028.0,0.865676,0.138757,NOR,DNK,760410
7983599,166,64,8562,2010,0.0,1786.0,0.36828299999999997,0.574574,NZL,DNK,760410
7983600,174,64,8562,2010,0.0,3351.0,0.40418899999999996,0.102497,PHL,DNK,760410
7983601,177,64,8562,2010,3138520.0,119004.0,1.083552,1.1433719999999998,POL,DNK,760410
7983602,179,64,8562,2010,14784.0,0.0,0.551149,2.437209,PRT,DNK,760410
7983603,185,64,8562,2010,0.0,2204.0,0.6483760000000001,1.200256,ROU,DNK,760410
7983604,186,64,8562,2010,0.0,692905.0,0.583996,-0.223881,RUS,DNK,760410
7983605,192,64,8562,2010,0.0,5539.0,1.8441349999999999,0.570311,SGP,DNK,760410
7983606,206,64,8562,2010,25385.0,38570.0,1.278601,0.726907,SVK,DNK,760410
7983607,207,64,8562,2010,2084.0,11710.0,1.595473,0.7023020000000001,SVN,DNK,760410
7983608,208,64,8562,2010,49045.0,1079080.0,1.882239,0.397927,SWE,DNK,760410
7983609,216,64,8562,2010,1907.0,0.0,0.748328,1.425224,THA,DNK,760410
7983610,224,64,8562,2010,254559.0,7144.0,0.359977,2.471173,TUR,DNK,760410
7983611,231,64,8562,2010,4801.0,279994.0,1.67573,-0.598165,USA,DNK,760410
7983612,239,64,8562,2010,6541.0,0.0,-0.24660500000000002,1.427235,VNM,DNK,760410
7983613,246,64,8562,2010,0.0,8422.0,0.327326,1.513598,ZAF,DNK,760410
7983614,249,64,8562,2010,3199.0,0.0,1.766729,0.909335,TWN,DNK,760410
7983615,39,65,8562,2010,778.0,0.0,0.752421,1.2208510000000001,CAN,DOM,760410
7983616,43,65,8562,2010,227385.0,0.0,0.922493,2.0176,CHN,DOM,760410
7983617,52,65,8562,2010,24076.0,0.0,-0.122722,-0.7062069999999999,CRI,DOM,760410
7983618,61,65,8562,2010,31804.0,0.0,2.035672,-3.383322,DEU,DOM,760410
7983619,71,65,8562,2010,355522.0,14460.0,0.832619,2.448009,ESP,DOM,760410
7983620,77,65,8562,2010,2788.0,0.0,1.530027,-0.052557000000000006,FRA,DOM,760410
7983621,101,65,8562,2010,0.0,10490.0,-1.369873,-1.121801,HTI,DOM,760410
7983622,103,65,8562,2010,7490.0,0.0,-0.30878099999999997,1.07069,IDN,DOM,760410
7983623,110,65,8562,2010,3935.0,0.0,1.215834,0.7028340000000001,ISR,DOM,760410
7983624,111,65,8562,2010,12085.0,0.0,1.272385,0.545721,ITA,DOM,760410
7983625,112,65,8562,2010,0.0,3119.0,0.041471,-0.367177,JAM,DOM,760410
7983626,138,65,8562,2010,10365.0,0.0,1.132664,0.675756,MEX,DOM,760410
7983627,169,65,8562,2010,1596.0,0.0,0.617867,0.903432,PAN,DOM,760410
7983628,230,65,8562,2010,7362.0,0.0,0.217246,-0.079733,URY,DOM,760410
7983629,231,65,8562,2010,107580.0,0.0,1.67573,-0.598165,USA,DOM,760410
7983630,236,65,8562,2010,109176.0,0.0,-0.660844,-1.145133,VEN,DOM,760410
7983631,8,67,8562,2010,3137.0,0.0,0.27458899999999997,0.597907,ARG,ECU,760410
7983632,15,67,8562,2010,1713.0,0.0,1.724315,-0.29379099999999997,AUT,ECU,760410
7983633,18,67,8562,2010,36812.0,0.0,1.2224270000000002,1.1276,BEL,ECU,760410
7983634,24,67,8562,2010,203857.0,0.0,0.284356,-0.8362,BHR,ECU,760410
7983635,39,67,8562,2010,1838.0,0.0,0.752421,1.2208510000000001,CAN,ECU,760410
7983636,42,67,8562,2010,43002.0,0.0,-0.34914,-0.459395,CHL,ECU,760410
7983637,43,67,8562,2010,328818.0,0.0,0.922493,2.0176,CHN,ECU,760410
7983638,61,67,8562,2010,20304.0,0.0,2.035672,-3.383322,DEU,ECU,760410
7983639,71,67,8562,2010,170791.0,0.0,0.832619,2.448009,ESP,ECU,760410
7983640,97,67,8562,2010,43428.0,0.0,0.715745,1.9780259999999998,HKG,ECU,760410
7983641,110,67,8562,2010,23571.0,0.0,1.215834,0.7028340000000001,ISR,ECU,760410
7983642,111,67,8562,2010,2115.0,0.0,1.272385,0.545721,ITA,ECU,760410
7983643,121,67,8562,2010,6813.0,0.0,1.7118849999999999,0.762362,KOR,ECU,760410
7983644,169,67,8562,2010,0.0,19042.0,0.617867,0.903432,PAN,ECU,760410
7983645,173,67,8562,2010,116599.0,0.0,-0.650327,0.162321,PER,ECU,760410
7983646,192,67,8562,2010,0.0,1854.0,1.8441349999999999,0.570311,SGP,ECU,760410
7983647,197,67,8562,2010,0.0,1241.0,-0.101434,0.132639,SLV,ECU,760410
7983648,231,67,8562,2010,48482.0,0.0,1.67573,-0.598165,USA,ECU,760410
7983649,249,67,8562,2010,5306.0,0.0,1.766729,0.909335,TWN,ECU,760410
7983650,2,71,8562,2010,0.0,239993.0,-1.3711010000000001,-1.170608,AGO,ESP,760410
7983651,4,71,8562,2010,0.0,3499.0,-0.5316,-0.219561,ALB,ESP,760410
7983652,5,71,8562,2010,1308.0,711490.0,0.8963620000000001,0.7650399999999999,AND,ESP,760410
7983653,6,71,8562,2010,0.0,8790.0,-0.08593200000000001,-0.691395,ANT,ESP,760410
7983654,7,71,8562,2010,0.0,49750.0,0.29457,-0.196371,ARE,ESP,760410
7983655,8,71,8562,2010,0.0,87555.0,0.27458899999999997,0.597907,ARG,ESP,760410
7983656,9,71,8562,2010,0.0,9731.0,0.11632,-0.417048,ARM,ESP,760410
7983657,14,71,8562,2010,0.0,51535.0,-0.276442,0.062023,AUS,ESP,760410
7983658,15,71,8562,2010,2630289.0,2643275.0,1.724315,-0.29379099999999997,AUT,ESP,760410
7983659,16,71,8562,2010,0.0,1435.0,-1.048424,-1.2030370000000001,AZE,ESP,760410
7983660,18,71,8562,2010,1258896.0,3649211.0,1.2224270000000002,1.1276,BEL,ESP,760410
7983661,21,71,8562,2010,0.0,46905.0,-0.625747,-0.700651,BFA,ESP,760410
7983662,23,71,8562,2010,0.0,51674.0,0.44973,1.445441,BGR,ESP,760410
7983663,24,71,8562,2010,8092665.0,5981.0,0.284356,-0.8362,BHR,ESP,760410
7983664,26,71,8562,2010,2707.0,93676.0,0.462275,0.830405,BIH,ESP,760410
7983665,28,71,8562,2010,0.0,1166.0,0.969851,0.593386,BLR,ESP,760410
7983666,29,71,8562,2010,0.0,80520.0,-0.559172,-0.739977,BLZ,ESP,760410
7983667,31,71,8562,2010,0.0,5028.0,-0.83736,-0.812473,BOL,ESP,760410
7983668,32,71,8562,2010,0.0,397471.0,0.40715500000000004,0.6208100000000001,BRA,ESP,760410
7983669,39,71,8562,2010,0.0,91561.0,0.752421,1.2208510000000001,CAN,ESP,760410
7983670,41,71,8562,2010,81512.0,395209.0,2.1492080000000002,0.556424,CHE,ESP,760410
7983671,42,71,8562,2010,80856.0,274749.0,-0.34914,-0.459395,CHL,ESP,760410
7983672,43,71,8562,2010,1012562.0,221392.0,0.922493,2.0176,CHN,ESP,760410
7983673,44,71,8562,2010,0.0,201903.0,-1.256641,-0.946767,CIV,ESP,760410
7983674,49,71,8562,2010,0.0,236646.0,0.097222,-0.064328,COL,ESP,760410
7983675,51,71,8562,2010,0.0,279867.0,0.140658,-0.527468,CPV,ESP,760410
7983676,52,71,8562,2010,0.0,4945.0,-0.122722,-0.7062069999999999,CRI,ESP,760410
7983677,54,71,8562,2010,72043.0,570586.0,-0.085462,-0.885019,CUB,ESP,760410
7983678,58,71,8562,2010,1575.0,92509.0,0.8776450000000001,0.568389,CYP,ESP,760410
7983679,59,71,8562,2010,84544.0,240693.0,1.732044,0.333934,CZE,ESP,760410
7983680,61,71,8562,2010,1705649.0,17630546.0,2.035672,-3.383322,DEU,ESP,760410
7983681,64,71,8562,2010,199088.0,52969.0,1.082468,1.280759,DNK,ESP,760410
7983682,65,71,8562,2010,14460.0,355522.0,-0.245241,0.368626,DOM,ESP,760410
7983683,66,71,8562,2010,0.0,3401592.0,-1.00922,-1.1511040000000001,DZA,ESP,760410
7983684,67,71,8562,2010,0.0,170791.0,-0.584013,-0.743675,ECU,ESP,760410
7983685,68,71,8562,2010,1169228.0,48505.0,-0.181826,1.409465,EGY,ESP,760410
7983686,72,71,8562,2010,0.0,1985.0,0.832316,1.1844649999999999,EST,ESP,760410
7983687,74,71,8562,2010,0.0,74075.0,1.745464,0.897992,FIN,ESP,760410
7983688,77,71,8562,2010,868170.0,33485218.0,1.530027,-0.052557000000000006,FRA,ESP,760410
7983689,81,71,8562,2010,7041089.0,3072775.0,1.828224,0.386383,GBR,ESP,760410
7983690,83,71,8562,2010,0.0,26943.0,-0.835003,-0.633731,GHA,ESP,760410
7983691,84,71,8562,2010,0.0,19621.0,0.570018,-0.585911,GIB,ESP,760410
7983692,89,71,8562,2010,0.0,28093.0,-1.077402,-0.86556,GNQ,ESP,760410
7983693,90,71,8562,2010,140573.0,571954.0,0.200249,1.4640090000000001,GRC,ESP,760410
7983694,93,71,8562,2010,0.0,568389.0,-0.39034,0.743521,GTM,ESP,760410
7983695,97,71,8562,2010,89584.0,10181.0,0.715745,1.9780259999999998,HKG,ESP,760410
7983696,99,71,8562,2010,0.0,37182.0,-0.569501,-0.153122,HND,ESP,760410
7983697,100,71,8562,2010,0.0,309516.0,0.8276979999999999,0.97415,HRV,ESP,760410
7983698,101,71,8562,2010,0.0,25621.0,-1.369873,-1.121801,HTI,ESP,760410
7983699,102,71,8562,2010,1947.0,64410.0,1.514225,0.740341,HUN,ESP,760410
7983700,103,71,8562,2010,0.0,2133.0,-0.30878099999999997,1.07069,IDN,ESP,760410
7983701,104,71,8562,2010,96375.0,90205.0,0.14485599999999998,2.408913,IND,ESP,760410
7983702,106,71,8562,2010,3255.0,29080.0,1.371357,0.168795,IRL,ESP,760410
7983703,107,71,8562,2010,0.0,29665.0,-0.609874,-0.744733,IRN,ESP,760410
7983704,108,71,8562,2010,0.0,2159.0,-2.1439150000000002,-0.913227,IRQ,ESP,760410
7983705,109,71,8562,2010,0.0,7434.0,0.20822100000000002,-0.318294,ISL,ESP,760410
7983706,110,71,8562,2010,3901.0,119333.0,1.215834,0.7028340000000001,ISR,ESP,760410
7983707,111,71,8562,2010,3649314.0,19786236.0,1.272385,0.545721,ITA,ESP,760410
7983708,112,71,8562,2010,0.0,14245.0,0.041471,-0.367177,JAM,ESP,760410
7983709,113,71,8562,2010,0.0,74319.0,0.251702,0.522758,JOR,ESP,760410
7983710,114,71,8562,2010,2732.0,13482.0,2.459723,-0.279387,JPN,ESP,760410
7983711,115,71,8562,2010,0.0,24221.0,-0.6278020000000001,-0.8419760000000001,KAZ,ESP,760410
7983712,121,71,8562,2010,0.0,215100.0,1.7118849999999999,0.762362,KOR,ESP,760410
7983713,122,71,8562,2010,0.0,91688.0,0.067373,-1.0822120000000002,KWT,ESP,760410
7983714,124,71,8562,2010,0.0,36558.0,0.415854,1.424085,LBN,ESP,760410
7983715,126,71,8562,2010,0.0,50259.0,-0.706491,-1.140822,LBY,ESP,760410
7983716,131,71,8562,2010,0.0,1049.0,1.272127,1.1051520000000001,LUX,ESP,760410
7983717,132,71,8562,2010,0.0,28802.0,0.6158170000000001,1.1401059999999998,LVA,ESP,760410
7983718,134,71,8562,2010,3805.0,1720785.0,-0.5935229999999999,-0.056497000000000006,MAR,ESP,760410
7983719,136,71,8562,2010,0.0,5825.0,-0.8737799999999999,-0.043717,MDG,ESP,760410
7983720,138,71,8562,2010,20728.0,1689614.0,1.132664,0.675756,MEX,ESP,760410
7983721,140,71,8562,2010,0.0,879.0,-0.122842,0.407017,MKD,ESP,760410
7983722,141,71,8562,2010,0.0,20692.0,-0.585496,-0.655841,MLI,ESP,760410
7983723,142,71,8562,2010,0.0,40248.0,1.211797,-0.024923,MLT,ESP,760410
7983724,148,71,8562,2010,0.0,18783.0,-2.099882,-1.303977,MRT,ESP,760410
7983725,151,71,8562,2010,0.0,14728.0,-0.173542,0.103727,MUS,ESP,760410
7983726,156,71,8562,2010,0.0,125680.0,-0.42193500000000006,-0.8256610000000001,NCL,ESP,760410
7983727,159,71,8562,2010,0.0,7178.0,-1.887084,-1.2280229999999999,NGA,ESP,760410
7983728,162,71,8562,2010,534976.0,163784.0,1.237998,1.1891209999999999,NLD,ESP,760410
7983729,163,71,8562,2010,4463.0,1587.0,0.865676,0.138757,NOR,ESP,760410
7983730,166,71,8562,2010,1168.0,12265.0,0.36828299999999997,0.574574,NZL,ESP,760410
7983731,167,71,8562,2010,54425.0,2449.0,-0.487612,-0.9551379999999999,OMN,ESP,760410
7983732,169,71,8562,2010,0.0,172097.0,0.617867,0.903432,PAN,ESP,760410
7983733,173,71,8562,2010,0.0,51858.0,-0.650327,0.162321,PER,ESP,760410
7983734,174,71,8562,2010,0.0,8913.0,0.40418899999999996,0.102497,PHL,ESP,760410
7983735,177,71,8562,2010,4510.0,11919974.0,1.083552,1.1433719999999998,POL,ESP,760410
7983736,179,71,8562,2010,8584843.0,10213225.0,0.551149,2.437209,PRT,ESP,760410
7983737,183,71,8562,2010,0.0,4427.0,-0.346143,-1.078192,QAT,ESP,760410
7983738,185,71,8562,2010,5037.0,2723590.0,0.6483760000000001,1.200256,ROU,ESP,760410
7983739,186,71,8562,2010,169838.0,626745.0,0.583996,-0.223881,RUS,ESP,760410
7983740,188,71,8562,2010,0.0,121022.0,0.46696400000000005,-0.7487520000000001,SAU,ESP,760410
7983741,191,71,8562,2010,0.0,5938.0,-0.45445,-0.148149,SEN,ESP,760410
7983742,192,71,8562,2010,0.0,44274.0,1.8441349999999999,0.570311,SGP,ESP,760410
7983743,197,71,8562,2010,0.0,10893.0,-0.101434,0.132639,SLV,ESP,760410
7983744,201,71,8562,2010,21578.0,110820.0,0.561161,1.33974,SRB,ESP,760410
7983745,205,71,8562,2010,0.0,1247.0,-0.5734560000000001,-0.936167,SUR,ESP,760410
7983746,206,71,8562,2010,1070.0,267325.0,1.278601,0.726907,SVK,ESP,760410
7983747,207,71,8562,2010,72030.0,534179.0,1.595473,0.7023020000000001,SVN,ESP,760410
7983748,208,71,8562,2010,37845.0,50671.0,1.882239,0.397927,SWE,ESP,760410
7983749,212,71,8562,2010,1030.0,0.0,-0.46833800000000003,1.11952,SYR,ESP,760410
7983750,216,71,8562,2010,4398.0,0.0,0.748328,1.425224,THA,ESP,760410
7983751,222,71,8562,2010,0.0,26424.0,-0.338123,-1.070239,TTO,ESP,760410
7983752,223,71,8562,2010,0.0,457269.0,0.165019,0.8882059999999999,TUN,ESP,760410
7983753,224,71,8562,2010,532740.0,469468.0,0.359977,2.471173,TUR,ESP,760410
7983754,228,71,8562,2010,0.0,77160.0,0.714148,0.916267,UKR,ESP,760410
7983755,230,71,8562,2010,0.0,73100.0,0.217246,-0.079733,URY,ESP,760410
7983756,231,71,8562,2010,310022.0,600178.0,1.67573,-0.598165,USA,ESP,760410
7983757,236,71,8562,2010,0.0,5653.0,-0.660844,-1.145133,VEN,ESP,760410
7983758,246,71,8562,2010,0.0,21964.0,0.327326,1.513598,ZAF,ESP,760410
7983759,250,71,8562,2010,1456.0,0.0,0.45129600000000003,-0.223517,ANS,ESP,760410
7983760,15,74,8562,2010,5179.0,0.0,1.724315,-0.29379099999999997,AUT,FIN,760410
7983761,18,74,8562,2010,9842.0,0.0,1.2224270000000002,1.1276,BEL,FIN,760410
7983762,23,74,8562,2010,0.0,12887.0,0.44973,1.445441,BGR,FIN,760410
7983763,24,74,8562,2010,5676090.0,0.0,0.284356,-0.8362,BHR,FIN,760410
7983764,32,74,8562,2010,0.0,21874.0,0.40715500000000004,0.6208100000000001,BRA,FIN,760410
7983765,41,74,8562,2010,2400.0,0.0,2.1492080000000002,0.556424,CHE,FIN,760410
7983766,43,74,8562,2010,375548.0,10938.0,0.922493,2.0176,CHN,FIN,760410
7983767,59,74,8562,2010,40961.0,0.0,1.732044,0.333934,CZE,FIN,760410
7983768,61,74,8562,2010,172426.0,2651.0,2.035672,-3.383322,DEU,FIN,760410
7983769,64,74,8562,2010,177525.0,15695.0,1.082468,1.280759,DNK,FIN,760410
7983770,71,74,8562,2010,74075.0,0.0,0.832619,2.448009,ESP,FIN,760410
7983771,72,74,8562,2010,2637.0,89630.0,0.832316,1.1844649999999999,EST,FIN,760410
7983772,77,74,8562,2010,66041.0,3388.0,1.530027,-0.052557000000000006,FRA,FIN,760410
7983773,81,74,8562,2010,89007.0,34904.0,1.828224,0.386383,GBR,FIN,760410
7983774,90,74,8562,2010,62478.0,2326.0,0.200249,1.4640090000000001,GRC,FIN,760410
7983775,102,74,8562,2010,932.0,76662.0,1.514225,0.740341,HUN,FIN,760410
7983776,104,74,8562,2010,0.0,4864.0,0.14485599999999998,2.408913,IND,FIN,760410
7983777,106,74,8562,2010,70234.0,0.0,1.371357,0.168795,IRL,FIN,760410
7983778,111,74,8562,2010,56714.0,0.0,1.272385,0.545721,ITA,FIN,760410
7983779,130,74,8562,2010,0.0,12091.0,0.6390600000000001,1.144911,LTU,FIN,760410
7983780,132,74,8562,2010,5692.0,2987.0,0.6158170000000001,1.1401059999999998,LVA,FIN,760410
7983781,134,74,8562,2010,0.0,3235.0,-0.5935229999999999,-0.056497000000000006,MAR,FIN,760410
7983782,138,74,8562,2010,0.0,3048.0,1.132664,0.675756,MEX,FIN,760410
7983783,162,74,8562,2010,17926.0,0.0,1.237998,1.1891209999999999,NLD,FIN,760410
7983784,163,74,8562,2010,269238.0,48278.0,0.865676,0.138757,NOR,FIN,760410
7983785,177,74,8562,2010,118041.0,153856.0,1.083552,1.1433719999999998,POL,FIN,760410
7983786,186,74,8562,2010,0.0,143349.0,0.583996,-0.223881,RUS,FIN,760410
7983787,188,74,8562,2010,0.0,76088.0,0.46696400000000005,-0.7487520000000001,SAU,FIN,760410
7983788,192,74,8562,2010,0.0,1083.0,1.8441349999999999,0.570311,SGP,FIN,760410
7983789,208,74,8562,2010,125843.0,157285.0,1.882239,0.397927,SWE,FIN,760410
7983790,216,74,8562,2010,81595.0,0.0,0.748328,1.425224,THA,FIN,760410
7983791,224,74,8562,2010,136056.0,44552.0,0.359977,2.471173,TUR,FIN,760410
7983792,231,74,8562,2010,16792.0,4468.0,1.67573,-0.598165,USA,FIN,760410
7983793,239,74,8562,2010,0.0,20647.0,-0.24660500000000002,1.427235,VNM,FIN,760410
7983794,249,74,8562,2010,13597.0,0.0,1.766729,0.909335,TWN,FIN,760410
7983795,2,77,8562,2010,0.0,1232.0,-1.3711010000000001,-1.170608,AGO,FRA,760410
7983796,4,77,8562,2010,58196.0,0.0,-0.5316,-0.219561,ALB,FRA,760410
7983797,5,77,8562,2010,1089.0,7823.0,0.8963620000000001,0.7650399999999999,AND,FRA,760410
7983798,6,77,8562,2010,4286.0,0.0,-0.08593200000000001,-0.691395,ANT,FRA,760410
7983799,7,77,8562,2010,0.0,804401.0,0.29457,-0.196371,ARE,FRA,760410
7983800,8,77,8562,2010,0.0,9275.0,0.27458899999999997,0.597907,ARG,FRA,760410
7983801,14,77,8562,2010,2662.0,80446.0,-0.276442,0.062023,AUS,FRA,760410
7983802,15,77,8562,2010,5114140.0,667685.0,1.724315,-0.29379099999999997,AUT,FRA,760410
7983803,18,77,8562,2010,6643584.0,4842090.0,1.2224270000000002,1.1276,BEL,FRA,760410
7983804,19,77,8562,2010,0.0,78474.0,-1.0660120000000002,-0.9961190000000001,BEN,FRA,760410
7983805,21,77,8562,2010,0.0,13981.0,-0.625747,-0.700651,BFA,FRA,760410
7983806,23,77,8562,2010,0.0,2293.0,0.44973,1.445441,BGR,FRA,760410
7983807,24,77,8562,2010,647815.0,38253.0,0.284356,-0.8362,BHR,FRA,760410
7983808,26,77,8562,2010,373166.0,16340.0,0.462275,0.830405,BIH,FRA,760410
7983809,28,77,8562,2010,1093.0,1118.0,0.969851,0.593386,BLR,FRA,760410
7983810,32,77,8562,2010,0.0,30372.0,0.40715500000000004,0.6208100000000001,BRA,FRA,760410
7983811,34,77,8562,2010,0.0,151235.0,0.717167,-0.764841,BRN,FRA,760410
7983812,39,77,8562,2010,39083.0,325359.0,0.752421,1.2208510000000001,CAN,FRA,760410
7983813,41,77,8562,2010,684734.0,601588.0,2.1492080000000002,0.556424,CHE,FRA,760410
7983814,43,77,8562,2010,888028.0,306624.0,0.922493,2.0176,CHN,FRA,760410
7983815,44,77,8562,2010,0.0,362449.0,-1.256641,-0.946767,CIV,FRA,760410
7983816,45,77,8562,2010,0.0,256410.0,-1.114209,-1.0127899999999999,CMR,FRA,760410
7983817,47,77,8562,2010,0.0,132401.0,-1.536434,-1.175338,COG,FRA,760410
7983818,52,77,8562,2010,0.0,23037.0,-0.122722,-0.7062069999999999,CRI,FRA,760410
7983819,58,77,8562,2010,0.0,2104.0,0.8776450000000001,0.568389,CYP,FRA,760410
7983820,59,77,8562,2010,37545.0,24633.0,1.732044,0.333934,CZE,FRA,760410
7983821,61,77,8562,2010,2578870.0,3141682.0,2.035672,-3.383322,DEU,FRA,760410
7983822,64,77,8562,2010,280564.0,104749.0,1.082468,1.280759,DNK,FRA,760410
7983823,65,77,8562,2010,0.0,2788.0,-0.245241,0.368626,DOM,FRA,760410
7983824,66,77,8562,2010,68507.0,1137880.0,-1.00922,-1.1511040000000001,DZA,FRA,760410
7983825,68,77,8562,2010,50936.0,149936.0,-0.181826,1.409465,EGY,FRA,760410
7983826,69,77,8562,2010,0.0,1326.0,-0.288006,-0.614999,ERI,FRA,760410
7983827,71,77,8562,2010,33485218.0,868170.0,0.832619,2.448009,ESP,FRA,760410
7983828,73,77,8562,2010,0.0,1124.0,-1.122906,-0.840777,ETH,FRA,760410
7983829,74,77,8562,2010,3388.0,66041.0,1.745464,0.897992,FIN,FRA,760410
7983830,80,77,8562,2010,0.0,62301.0,-1.707175,-1.167635,GAB,FRA,760410
7983831,81,77,8562,2010,6743505.0,414466.0,1.828224,0.386383,GBR,FRA,760410
7983832,82,77,8562,2010,0.0,21498.0,-0.21301399999999998,-0.48355299999999996,GEO,FRA,760410
7983833,89,77,8562,2010,0.0,6628.0,-1.077402,-0.86556,GNQ,FRA,760410
7983834,90,77,8562,2010,2974508.0,9080.0,0.200249,1.4640090000000001,GRC,FRA,760410
7983835,97,77,8562,2010,2396.0,15216.0,0.715745,1.9780259999999998,HKG,FRA,760410
7983836,100,77,8562,2010,0.0,7992.0,0.8276979999999999,0.97415,HRV,FRA,760410
7983837,101,77,8562,2010,0.0,87487.0,-1.369873,-1.121801,HTI,FRA,760410
7983838,102,77,8562,2010,524253.0,7741.0,1.514225,0.740341,HUN,FRA,760410
7983839,103,77,8562,2010,0.0,1156.0,-0.30878099999999997,1.07069,IDN,FRA,760410
7983840,104,77,8562,2010,100696.0,126296.0,0.14485599999999998,2.408913,IND,FRA,760410
7983841,106,77,8562,2010,836276.0,7083.0,1.371357,0.168795,IRL,FRA,760410
7983842,109,77,8562,2010,0.0,844.0,0.20822100000000002,-0.318294,ISL,FRA,760410
7983843,110,77,8562,2010,9853.0,6465.0,1.215834,0.7028340000000001,ISR,FRA,760410
7983844,111,77,8562,2010,14309136.0,162845.0,1.272385,0.545721,ITA,FRA,760410
7983845,113,77,8562,2010,0.0,3896.0,0.251702,0.522758,JOR,FRA,760410
7983846,114,77,8562,2010,1049.0,86927.0,2.459723,-0.279387,JPN,FRA,760410
7983847,116,77,8562,2010,0.0,1184.0,-0.387187,1.010443,KEN,FRA,760410
7983848,121,77,8562,2010,10503.0,4966.0,1.7118849999999999,0.762362,KOR,FRA,760410
7983849,122,77,8562,2010,0.0,31874.0,0.067373,-1.0822120000000002,KWT,FRA,760410
7983850,124,77,8562,2010,385918.0,250228.0,0.415854,1.424085,LBN,FRA,760410
7983851,130,77,8562,2010,0.0,1277.0,0.6390600000000001,1.144911,LTU,FRA,760410
7983852,131,77,8562,2010,51177.0,16830.0,1.272127,1.1051520000000001,LUX,FRA,760410
7983853,132,77,8562,2010,0.0,4582.0,0.6158170000000001,1.1401059999999998,LVA,FRA,760410
7983854,134,77,8562,2010,22447.0,642077.0,-0.5935229999999999,-0.056497000000000006,MAR,FRA,760410
7983855,136,77,8562,2010,0.0,41518.0,-0.8737799999999999,-0.043717,MDG,FRA,760410
7983856,138,77,8562,2010,0.0,12684.0,1.132664,0.675756,MEX,FRA,760410
7983857,141,77,8562,2010,0.0,904.0,-0.585496,-0.655841,MLI,FRA,760410
7983858,151,77,8562,2010,2470.0,690721.0,-0.173542,0.103727,MUS,FRA,760410
7983859,153,77,8562,2010,5209.0,4024.0,0.9530780000000001,0.607456,MYS,FRA,760410
7983860,154,77,8562,2010,0.0,264623.0,1.371744,-0.072045,MYT,FRA,760410
7983861,156,77,8562,2010,0.0,347939.0,-0.42193500000000006,-0.8256610000000001,NCL,FRA,760410
7983862,159,77,8562,2010,0.0,11257.0,-1.887084,-1.2280229999999999,NGA,FRA,760410
7983863,162,77,8562,2010,4037672.0,685062.0,1.237998,1.1891209999999999,NLD,FRA,760410
7983864,163,77,8562,2010,9433.0,470219.0,0.865676,0.138757,NOR,FRA,760410
7983865,164,77,8562,2010,0.0,13143.0,-0.23753400000000002,0.7957390000000001,NPL,FRA,760410
7983866,167,77,8562,2010,14787.0,4721.0,-0.487612,-0.9551379999999999,OMN,FRA,760410
7983867,169,77,8562,2010,703.0,28557.0,0.617867,0.903432,PAN,FRA,760410
7983868,174,77,8562,2010,1856.0,0.0,0.40418899999999996,0.102497,PHL,FRA,760410
7983869,177,77,8562,2010,160500.0,332768.0,1.083552,1.1433719999999998,POL,FRA,760410
7983870,179,77,8562,2010,1444922.0,213970.0,0.551149,2.437209,PRT,FRA,760410
7983871,182,77,8562,2010,0.0,288587.0,-0.47692700000000005,-0.8429760000000001,PYF,FRA,760410
7983872,183,77,8562,2010,0.0,58623.0,-0.346143,-1.078192,QAT,FRA,760410
7983873,185,77,8562,2010,360238.0,53581.0,0.6483760000000001,1.200256,ROU,FRA,760410
7983874,186,77,8562,2010,34608.0,7925.0,0.583996,-0.223881,RUS,FRA,760410
7983875,191,77,8562,2010,0.0,129766.0,-0.45445,-0.148149,SEN,FRA,760410
7983876,192,77,8562,2010,0.0,2601.0,1.8441349999999999,0.570311,SGP,FRA,760410
7983877,196,77,8562,2010,6848.0,0.0,-0.056713,-0.293668,SLE,FRA,760410
7983878,201,77,8562,2010,13744.0,4903.0,0.561161,1.33974,SRB,FRA,760410
7983879,206,77,8562,2010,74821.0,16120.0,1.278601,0.726907,SVK,FRA,760410
7983880,207,77,8562,2010,324333.0,0.0,1.595473,0.7023020000000001,SVN,FRA,760410
7983881,208,77,8562,2010,461436.0,63396.0,1.882239,0.397927,SWE,FRA,760410
7983882,211,77,8562,2010,0.0,10437.0,-0.075668,-0.549686,SYC,FRA,760410
7983883,216,77,8562,2010,3393.0,11144.0,0.748328,1.425224,THA,FRA,760410
7983884,223,77,8562,2010,116307.0,211722.0,0.165019,0.8882059999999999,TUN,FRA,760410
7983885,224,77,8562,2010,776722.0,248848.0,0.359977,2.471173,TUR,FRA,760410
7983886,228,77,8562,2010,0.0,2482.0,0.714148,0.916267,UKR,FRA,760410
7983887,231,77,8562,2010,331122.0,192241.0,1.67573,-0.598165,USA,FRA,760410
7983888,239,77,8562,2010,23737.0,146024.0,-0.24660500000000002,1.427235,VNM,FRA,760410
7983889,246,77,8562,2010,0.0,49925.0,0.327326,1.513598,ZAF,FRA,760410
7983890,249,77,8562,2010,37229.0,101763.0,1.766729,0.909335,TWN,FRA,760410
7983891,250,77,8562,2010,14603.0,0.0,0.45129600000000003,-0.223517,ANS,FRA,760410
7983892,6,81,8562,2010,0.0,7112.0,-0.08593200000000001,-0.691395,ANT,GBR,760410
7983893,7,81,8562,2010,24833.0,672725.0,0.29457,-0.196371,ARE,GBR,760410
7983894,8,81,8562,2010,0.0,3107.0,0.27458899999999997,0.597907,ARG,GBR,760410
7983895,14,81,8562,2010,24135.0,108599.0,-0.276442,0.062023,AUS,GBR,760410
7983896,15,81,8562,2010,129602.0,196448.0,1.724315,-0.29379099999999997,AUT,GBR,760410
7983897,18,81,8562,2010,8872833.0,3496976.0,1.2224270000000002,1.1276,BEL,GBR,760410
7983898,22,81,8562,2010,0.0,50657.0,-0.974526,-0.76566,BGD,GBR,760410
7983899,23,81,8562,2010,0.0,13678.0,0.44973,1.445441,BGR,GBR,760410
7983900,24,81,8562,2010,1322934.0,38083.0,0.284356,-0.8362,BHR,GBR,760410
7983901,26,81,8562,2010,140967.0,6385.0,0.462275,0.830405,BIH,GBR,760410
7983902,28,81,8562,2010,0.0,2361.0,0.969851,0.593386,BLR,GBR,760410
7983903,32,81,8562,2010,0.0,20154.0,0.40715500000000004,0.6208100000000001,BRA,GBR,760410
7983904,33,81,8562,2010,0.0,3197.0,0.7076140000000001,0.434993,BRB,GBR,760410
7983905,39,81,8562,2010,83802.0,48241.0,0.752421,1.2208510000000001,CAN,GBR,760410
7983906,41,81,8562,2010,53953.0,380618.0,2.1492080000000002,0.556424,CHE,GBR,760410
7983907,42,81,8562,2010,0.0,6914.0,-0.34914,-0.459395,CHL,GBR,760410
7983908,43,81,8562,2010,3908638.0,204612.0,0.922493,2.0176,CHN,GBR,760410
7983909,44,81,8562,2010,0.0,1487.0,-1.256641,-0.946767,CIV,GBR,760410
7983910,45,81,8562,2010,0.0,49871.0,-1.114209,-1.0127899999999999,CMR,GBR,760410
7983911,47,81,8562,2010,0.0,34091.0,-1.536434,-1.175338,COG,GBR,760410
7983912,49,81,8562,2010,0.0,12656.0,0.097222,-0.064328,COL,GBR,760410
7983913,52,81,8562,2010,0.0,7766.0,-0.122722,-0.7062069999999999,CRI,GBR,760410
7983914,58,81,8562,2010,2258168.0,75163.0,0.8776450000000001,0.568389,CYP,GBR,760410
7983915,59,81,8562,2010,739346.0,366154.0,1.732044,0.333934,CZE,GBR,760410
7983916,61,81,8562,2010,1618636.0,16427877.0,2.035672,-3.383322,DEU,GBR,760410
7983917,64,81,8562,2010,1640915.0,162501.0,1.082468,1.280759,DNK,GBR,760410
7983918,66,81,8562,2010,0.0,8091.0,-1.00922,-1.1511040000000001,DZA,GBR,760410
7983919,68,81,8562,2010,130827.0,210475.0,-0.181826,1.409465,EGY,GBR,760410
7983920,71,81,8562,2010,3072775.0,7041089.0,0.832619,2.448009,ESP,GBR,760410
7983921,72,81,8562,2010,0.0,11406.0,0.832316,1.1844649999999999,EST,GBR,760410
7983922,74,81,8562,2010,34904.0,89007.0,1.745464,0.897992,FIN,GBR,760410
7983923,77,81,8562,2010,414466.0,6743505.0,1.530027,-0.052557000000000006,FRA,GBR,760410
7983924,78,81,8562,2010,0.0,10706.0,-1.158567,-0.99413,FRO,GBR,760410
7983925,83,81,8562,2010,0.0,2884.0,-0.835003,-0.633731,GHA,GBR,760410
7983926,90,81,8562,2010,843162.0,67806.0,0.200249,1.4640090000000001,GRC,GBR,760410
7983927,97,81,8562,2010,53409.0,921288.0,0.715745,1.9780259999999998,HKG,GBR,760410
7983928,100,81,8562,2010,0.0,27267.0,0.8276979999999999,0.97415,HRV,GBR,760410
7983929,102,81,8562,2010,44794.0,300718.0,1.514225,0.740341,HUN,GBR,760410
7983930,103,81,8562,2010,0.0,17310.0,-0.30878099999999997,1.07069,IDN,GBR,760410
7983931,104,81,8562,2010,260819.0,99266.0,0.14485599999999998,2.408913,IND,GBR,760410
7983932,106,81,8562,2010,520207.0,2574014.0,1.371357,0.168795,IRL,GBR,760410
7983933,109,81,8562,2010,0.0,12081.0,0.20822100000000002,-0.318294,ISL,GBR,760410
7983934,110,81,8562,2010,293074.0,7304.0,1.215834,0.7028340000000001,ISR,GBR,760410
7983935,111,81,8562,2010,981516.0,1475738.0,1.272385,0.545721,ITA,GBR,760410
7983936,114,81,8562,2010,89055.0,472045.0,2.459723,-0.279387,JPN,GBR,760410
7983937,116,81,8562,2010,0.0,10908.0,-0.387187,1.010443,KEN,GBR,760410
7983938,121,81,8562,2010,102799.0,84036.0,1.7118849999999999,0.762362,KOR,GBR,760410
7983939,122,81,8562,2010,0.0,1567.0,0.067373,-1.0822120000000002,KWT,GBR,760410
7983940,124,81,8562,2010,0.0,2396.0,0.415854,1.424085,LBN,GBR,760410
7983941,126,81,8562,2010,0.0,17407.0,-0.706491,-1.140822,LBY,GBR,760410
7983942,128,81,8562,2010,0.0,2379.0,-0.70886,0.25216700000000003,LKA,GBR,760410
7983943,130,81,8562,2010,19942.0,2405.0,0.6390600000000001,1.144911,LTU,GBR,760410
7983944,131,81,8562,2010,154592.0,3106394.0,1.272127,1.1051520000000001,LUX,GBR,760410
7983945,132,81,8562,2010,1586.0,3740.0,0.6158170000000001,1.1401059999999998,LVA,GBR,760410
7983946,133,81,8562,2010,0.0,2231.0,0.545755,0.492997,MAC,GBR,760410
7983947,138,81,8562,2010,5033.0,0.0,1.132664,0.675756,MEX,GBR,760410
7983948,140,81,8562,2010,0.0,5366.0,-0.122842,0.407017,MKD,GBR,760410
7983949,142,81,8562,2010,0.0,2788.0,1.211797,-0.024923,MLT,GBR,760410
7983950,151,81,8562,2010,0.0,3495.0,-0.173542,0.103727,MUS,GBR,760410
7983951,153,81,8562,2010,0.0,26762.0,0.9530780000000001,0.607456,MYS,GBR,760410
7983952,159,81,8562,2010,0.0,1244.0,-1.887084,-1.2280229999999999,NGA,GBR,760410
7983953,162,81,8562,2010,830281.0,1688133.0,1.237998,1.1891209999999999,NLD,GBR,760410
7983954,163,81,8562,2010,242225.0,346880.0,0.865676,0.138757,NOR,GBR,760410
7983955,166,81,8562,2010,7782.0,35727.0,0.36828299999999997,0.574574,NZL,GBR,760410
7983956,167,81,8562,2010,163798.0,5176.0,-0.487612,-0.9551379999999999,OMN,GBR,760410
7983957,168,81,8562,2010,0.0,1094.0,-0.692071,0.5409010000000001,PAK,GBR,760410
7983958,173,81,8562,2010,0.0,3954.0,-0.650327,0.162321,PER,GBR,760410
7983959,174,81,8562,2010,0.0,20780.0,0.40418899999999996,0.102497,PHL,GBR,760410
7983960,177,81,8562,2010,33239.0,39737.0,1.083552,1.1433719999999998,POL,GBR,760410
7983961,179,81,8562,2010,66100.0,19812278.0,0.551149,2.437209,PRT,GBR,760410
7983962,183,81,8562,2010,0.0,26581.0,-0.346143,-1.078192,QAT,GBR,760410
7983963,185,81,8562,2010,10332.0,25191.0,0.6483760000000001,1.200256,ROU,GBR,760410
7983964,186,81,8562,2010,17198.0,17792.0,0.583996,-0.223881,RUS,GBR,760410
7983965,188,81,8562,2010,0.0,361024.0,0.46696400000000005,-0.7487520000000001,SAU,GBR,760410
7983966,192,81,8562,2010,5841.0,110351.0,1.8441349999999999,0.570311,SGP,GBR,760410
7983967,196,81,8562,2010,0.0,4278.0,-0.056713,-0.293668,SLE,GBR,760410
7983968,201,81,8562,2010,0.0,177763.0,0.561161,1.33974,SRB,GBR,760410
7983969,206,81,8562,2010,0.0,10152.0,1.278601,0.726907,SVK,GBR,760410
7983970,207,81,8562,2010,7418.0,1928.0,1.595473,0.7023020000000001,SVN,GBR,760410
7983971,208,81,8562,2010,29970.0,370950.0,1.882239,0.397927,SWE,GBR,760410
7983972,211,81,8562,2010,0.0,2938.0,-0.075668,-0.549686,SYC,GBR,760410
7983973,216,81,8562,2010,536715.0,407260.0,0.748328,1.425224,THA,GBR,760410
7983974,222,81,8562,2010,0.0,6233.0,-0.338123,-1.070239,TTO,GBR,760410
7983975,223,81,8562,2010,0.0,17338.0,0.165019,0.8882059999999999,TUN,GBR,760410
7983976,224,81,8562,2010,1586974.0,43857.0,0.359977,2.471173,TUR,GBR,760410
7983977,227,81,8562,2010,0.0,71789.0,-0.48061400000000004,0.187001,UGA,GBR,760410
7983978,228,81,8562,2010,0.0,2700.0,0.714148,0.916267,UKR,GBR,760410
7983979,230,81,8562,2010,0.0,1005.0,0.217246,-0.079733,URY,GBR,760410
7983980,231,81,8562,2010,1455820.0,1699504.0,1.67573,-0.598165,USA,GBR,760410
7983981,239,81,8562,2010,0.0,4012.0,-0.24660500000000002,1.427235,VNM,GBR,760410
7983982,246,81,8562,2010,69387.0,197713.0,0.327326,1.513598,ZAF,GBR,760410
7983983,249,81,8562,2010,72841.0,9846.0,1.766729,0.909335,TWN,GBR,760410
7983984,4,90,8562,2010,24472.0,4342908.0,-0.5316,-0.219561,ALB,GRC,760410
7983985,7,90,8562,2010,0.0,1726.0,0.29457,-0.196371,ARE,GRC,760410
7983986,14,90,8562,2010,0.0,2118.0,-0.276442,0.062023,AUS,GRC,760410
7983987,15,90,8562,2010,120032.0,1551196.0,1.724315,-0.29379099999999997,AUT,GRC,760410
7983988,18,90,8562,2010,3182.0,427934.0,1.2224270000000002,1.1276,BEL,GRC,760410
7983989,23,90,8562,2010,4440856.0,2594536.0,0.44973,1.445441,BGR,GRC,760410
7983990,24,90,8562,2010,974655.0,0.0,0.284356,-0.8362,BHR,GRC,760410
7983991,26,90,8562,2010,0.0,335235.0,0.462275,0.830405,BIH,GRC,760410
7983992,41,90,8562,2010,3993.0,0.0,2.1492080000000002,0.556424,CHE,GRC,760410
7983993,43,90,8562,2010,163806.0,17091.0,0.922493,2.0176,CHN,GRC,760410
7983994,44,90,8562,2010,0.0,1930.0,-1.256641,-0.946767,CIV,GRC,760410
7983995,58,90,8562,2010,1658.0,481270.0,0.8776450000000001,0.568389,CYP,GRC,760410
7983996,59,90,8562,2010,1891.0,2130078.0,1.732044,0.333934,CZE,GRC,760410
7983997,61,90,8562,2010,126359.0,11999576.0,2.035672,-3.383322,DEU,GRC,760410
7983998,64,90,8562,2010,15547.0,0.0,1.082468,1.280759,DNK,GRC,760410
7983999,68,90,8562,2010,22028.0,38226.0,-0.181826,1.409465,EGY,GRC,760410
7984000,71,90,8562,2010,571954.0,140573.0,0.832619,2.448009,ESP,GRC,760410
7984001,73,90,8562,2010,0.0,1600.0,-1.122906,-0.840777,ETH,GRC,760410
7984002,74,90,8562,2010,2326.0,62478.0,1.745464,0.897992,FIN,GRC,760410
7984003,77,90,8562,2010,9080.0,2974508.0,1.530027,-0.052557000000000006,FRA,GRC,760410
7984004,80,90,8562,2010,0.0,3280.0,-1.707175,-1.167635,GAB,GRC,760410
7984005,81,90,8562,2010,67806.0,843162.0,1.828224,0.386383,GBR,GRC,760410
7984006,97,90,8562,2010,0.0,9292.0,0.715745,1.9780259999999998,HKG,GRC,760410
7984007,100,90,8562,2010,0.0,60192.0,0.8276979999999999,0.97415,HRV,GRC,760410
7984008,102,90,8562,2010,0.0,1309875.0,1.514225,0.740341,HUN,GRC,760410
7984009,104,90,8562,2010,2509.0,0.0,0.14485599999999998,2.408913,IND,GRC,760410
7984010,110,90,8562,2010,2071.0,481336.0,1.215834,0.7028340000000001,ISR,GRC,760410
7984011,111,90,8562,2010,759606.0,1165560.0,1.272385,0.545721,ITA,GRC,760410
7984012,113,90,8562,2010,0.0,33233.0,0.251702,0.522758,JOR,GRC,760410
7984013,121,90,8562,2010,2030.0,0.0,1.7118849999999999,0.762362,KOR,GRC,760410
7984014,122,90,8562,2010,0.0,59347.0,0.067373,-1.0822120000000002,KWT,GRC,760410
7984015,124,90,8562,2010,0.0,13494.0,0.415854,1.424085,LBN,GRC,760410
7984016,126,90,8562,2010,0.0,168916.0,-0.706491,-1.140822,LBY,GRC,760410
7984017,131,90,8562,2010,1127.0,0.0,1.272127,1.1051520000000001,LUX,GRC,760410
7984018,134,90,8562,2010,0.0,7722.0,-0.5935229999999999,-0.056497000000000006,MAR,GRC,760410
7984019,135,90,8562,2010,28910.0,165171.0,-0.116797,0.037801,MDA,GRC,760410
7984020,136,90,8562,2010,0.0,56488.0,-0.8737799999999999,-0.043717,MDG,GRC,760410
7984021,140,90,8562,2010,13188.0,2027176.0,-0.122842,0.407017,MKD,GRC,760410
7984022,142,90,8562,2010,0.0,71395.0,1.211797,-0.024923,MLT,GRC,760410
7984023,144,90,8562,2010,0.0,804093.0,0.266397,-0.02502,MNE,GRC,760410
7984024,162,90,8562,2010,8191.0,7487737.0,1.237998,1.1891209999999999,NLD,GRC,760410
7984025,177,90,8562,2010,0.0,48951.0,1.083552,1.1433719999999998,POL,GRC,760410
7984026,179,90,8562,2010,3123.0,4075.0,0.551149,2.437209,PRT,GRC,760410
7984027,183,90,8562,2010,0.0,443687.0,-0.346143,-1.078192,QAT,GRC,760410
7984028,185,90,8562,2010,1091310.0,3769792.0,0.6483760000000001,1.200256,ROU,GRC,760410
7984029,186,90,8562,2010,0.0,310742.0,0.583996,-0.223881,RUS,GRC,760410
7984030,188,90,8562,2010,0.0,28496.0,0.46696400000000005,-0.7487520000000001,SAU,GRC,760410
7984031,192,90,8562,2010,0.0,90016.0,1.8441349999999999,0.570311,SGP,GRC,760410
7984032,201,90,8562,2010,217049.0,8473277.0,0.561161,1.33974,SRB,GRC,760410
7984033,206,90,8562,2010,0.0,338406.0,1.278601,0.726907,SVK,GRC,760410
7984034,207,90,8562,2010,0.0,5937.0,1.595473,0.7023020000000001,SVN,GRC,760410
7984035,208,90,8562,2010,2145.0,0.0,1.882239,0.397927,SWE,GRC,760410
7984036,223,90,8562,2010,0.0,16776.0,0.165019,0.8882059999999999,TUN,GRC,760410
7984037,224,90,8562,2010,1354192.0,274553.0,0.359977,2.471173,TUR,GRC,760410
7984038,228,90,8562,2010,0.0,887360.0,0.714148,0.916267,UKR,GRC,760410
7984039,230,90,8562,2010,0.0,26856.0,0.217246,-0.079733,URY,GRC,760410
7984040,231,90,8562,2010,0.0,62740.0,1.67573,-0.598165,USA,GRC,760410
7984041,236,90,8562,2010,107399.0,0.0,-0.660844,-1.145133,VEN,GRC,760410
7984042,243,90,8562,2010,0.0,111151.0,-1.360851,-1.208826,YEM,GRC,760410
7984043,246,90,8562,2010,0.0,38740.0,0.327326,1.513598,ZAF,GRC,760410
7984044,249,90,8562,2010,1447.0,0.0,1.766729,0.909335,TWN,GRC,760410
7984045,250,90,8562,2010,0.0,336988.0,0.45129600000000003,-0.223517,ANS,GRC,760410
7984046,32,93,8562,2010,1252.0,0.0,0.40715500000000004,0.6208100000000001,BRA,GTM,760410
7984047,43,93,8562,2010,22124.0,0.0,0.922493,2.0176,CHN,GTM,760410
7984048,49,93,8562,2010,334771.0,305023.0,0.097222,-0.064328,COL,GTM,760410
7984049,52,93,8562,2010,4049.0,0.0,-0.122722,-0.7062069999999999,CRI,GTM,760410
7984050,54,93,8562,2010,2018.0,0.0,-0.085462,-0.885019,CUB,GTM,760410
7984051,61,93,8562,2010,3444.0,0.0,2.035672,-3.383322,DEU,GTM,760410
7984052,71,93,8562,2010,568389.0,0.0,0.832619,2.448009,ESP,GTM,760410
7984053,97,93,8562,2010,7781.0,0.0,0.715745,1.9780259999999998,HKG,GTM,760410
7984054,99,93,8562,2010,0.0,2985.0,-0.569501,-0.153122,HND,GTM,760410
7984055,121,93,8562,2010,1929.0,0.0,1.7118849999999999,0.762362,KOR,GTM,760410
7984056,138,93,8562,2010,227464.0,0.0,1.132664,0.675756,MEX,GTM,760410
7984057,169,93,8562,2010,23282.0,3180.0,0.617867,0.903432,PAN,GTM,760410
7984058,197,93,8562,2010,38560.0,7602.0,-0.101434,0.132639,SLV,GTM,760410
7984059,231,93,8562,2010,49333.0,0.0,1.67573,-0.598165,USA,GTM,760410
7984060,43,96,8562,2010,48070.0,0.0,0.922493,2.0176,CHN,GUY,760410
7984061,169,96,8562,2010,971.0,0.0,0.617867,0.903432,PAN,GUY,760410
7984062,205,96,8562,2010,1284.0,0.0,-0.5734560000000001,-0.936167,SUR,GUY,760410
7984063,222,96,8562,2010,56638.0,19772.0,-0.338123,-1.070239,TTO,GUY,760410
7984064,14,97,8562,2010,3616.0,5165.0,-0.276442,0.062023,AUS,HKG,760410
7984065,15,97,8562,2010,6081.0,6317.0,1.724315,-0.29379099999999997,AUT,HKG,760410
7984066,18,97,8562,2010,1754.0,0.0,1.2224270000000002,1.1276,BEL,HKG,760410
7984067,22,97,8562,2010,0.0,54305.0,-0.974526,-0.76566,BGD,HKG,760410
7984068,24,97,8562,2010,0.0,878.0,0.284356,-0.8362,BHR,HKG,760410
7984069,41,97,8562,2010,147537.0,0.0,2.1492080000000002,0.556424,CHE,HKG,760410
7984070,42,97,8562,2010,0.0,1661.0,-0.34914,-0.459395,CHL,HKG,760410
7984071,43,97,8562,2010,845314.0,18062.0,0.922493,2.0176,CHN,HKG,760410
7984072,49,97,8562,2010,0.0,2972.0,0.097222,-0.064328,COL,HKG,760410
7984073,58,97,8562,2010,0.0,63599.0,0.8776450000000001,0.568389,CYP,HKG,760410
7984074,59,97,8562,2010,2667.0,0.0,1.732044,0.333934,CZE,HKG,760410
7984075,61,97,8562,2010,4166.0,309109.0,2.035672,-3.383322,DEU,HKG,760410
7984076,64,97,8562,2010,2583.0,32938.0,1.082468,1.280759,DNK,HKG,760410
7984077,67,97,8562,2010,0.0,43428.0,-0.584013,-0.743675,ECU,HKG,760410
7984078,71,97,8562,2010,10181.0,89584.0,0.832619,2.448009,ESP,HKG,760410
7984079,77,97,8562,2010,15216.0,2396.0,1.530027,-0.052557000000000006,FRA,HKG,760410
7984080,81,97,8562,2010,921288.0,53409.0,1.828224,0.386383,GBR,HKG,760410
7984081,90,97,8562,2010,9292.0,0.0,0.200249,1.4640090000000001,GRC,HKG,760410
7984082,93,97,8562,2010,0.0,7781.0,-0.39034,0.743521,GTM,HKG,760410
7984083,102,97,8562,2010,0.0,97067.0,1.514225,0.740341,HUN,HKG,760410
7984084,103,97,8562,2010,0.0,48508.0,-0.30878099999999997,1.07069,IDN,HKG,760410
7984085,104,97,8562,2010,0.0,87492.0,0.14485599999999998,2.408913,IND,HKG,760410
7984086,111,97,8562,2010,24101.0,9326.0,1.272385,0.545721,ITA,HKG,760410
7984087,114,97,8562,2010,83573.0,188715.0,2.459723,-0.279387,JPN,HKG,760410
7984088,116,97,8562,2010,0.0,7089.0,-0.387187,1.010443,KEN,HKG,760410
7984089,121,97,8562,2010,70117.0,0.0,1.7118849999999999,0.762362,KOR,HKG,760410
7984090,127,97,8562,2010,0.0,81557.0,0.446162,-0.279229,LCA,HKG,760410
7984091,128,97,8562,2010,0.0,61505.0,-0.70886,0.25216700000000003,LKA,HKG,760410
7984092,132,97,8562,2010,0.0,4221.0,0.6158170000000001,1.1401059999999998,LVA,HKG,760410
7984093,133,97,8562,2010,0.0,5242.0,0.545755,0.492997,MAC,HKG,760410
7984094,138,97,8562,2010,0.0,1646.0,1.132664,0.675756,MEX,HKG,760410
7984095,148,97,8562,2010,0.0,6244.0,-2.099882,-1.303977,MRT,HKG,760410
7984096,153,97,8562,2010,49410.0,51827.0,0.9530780000000001,0.607456,MYS,HKG,760410
7984097,162,97,8562,2010,6236.0,0.0,1.237998,1.1891209999999999,NLD,HKG,760410
7984098,166,97,8562,2010,46877.0,0.0,0.36828299999999997,0.574574,NZL,HKG,760410
7984099,169,97,8562,2010,0.0,37960.0,0.617867,0.903432,PAN,HKG,760410
7984100,183,97,8562,2010,0.0,13313.0,-0.346143,-1.078192,QAT,HKG,760410
7984101,192,97,8562,2010,14194.0,65849.0,1.8441349999999999,0.570311,SGP,HKG,760410
7984102,206,97,8562,2010,0.0,4583.0,1.278601,0.726907,SVK,HKG,760410
7984103,208,97,8562,2010,0.0,2166.0,1.882239,0.397927,SWE,HKG,760410
7984104,211,97,8562,2010,0.0,5148.0,-0.075668,-0.549686,SYC,HKG,760410
7984105,215,97,8562,2010,0.0,8077.0,-0.943559,-0.884336,TGO,HKG,760410
7984106,216,97,8562,2010,59127.0,194720.0,0.748328,1.425224,THA,HKG,760410
7984107,231,97,8562,2010,999103.0,104128.0,1.67573,-0.598165,USA,HKG,760410
7984108,246,97,8562,2010,0.0,88103.0,0.327326,1.513598,ZAF,HKG,760410
7984109,249,97,8562,2010,2026075.0,17161.0,1.766729,0.909335,TWN,HKG,760410
7984110,43,99,8562,2010,62114.0,0.0,0.922493,2.0176,CHN,HND,760410
7984111,61,99,8562,2010,3811.0,0.0,2.035672,-3.383322,DEU,HND,760410
7984112,71,99,8562,2010,37182.0,0.0,0.832619,2.448009,ESP,HND,760410
7984113,93,99,8562,2010,2985.0,0.0,-0.39034,0.743521,GTM,HND,760410
7984114,110,99,8562,2010,1273.0,0.0,1.215834,0.7028340000000001,ISR,HND,760410
7984115,138,99,8562,2010,35079.0,0.0,1.132664,0.675756,MEX,HND,760410
7984116,197,99,8562,2010,49512.0,0.0,-0.101434,0.132639,SLV,HND,760410
7984117,231,99,8562,2010,24198.0,72184.0,1.67573,-0.598165,USA,HND,760410
7984118,14,103,8562,2010,536795.0,44934.0,-0.276442,0.062023,AUS,IDN,760410
7984119,15,103,8562,2010,1328.0,0.0,1.724315,-0.29379099999999997,AUT,IDN,760410
7984120,18,103,8562,2010,0.0,81255.0,1.2224270000000002,1.1276,BEL,IDN,760410
7984121,22,103,8562,2010,0.0,120231.0,-0.974526,-0.76566,BGD,IDN,760410
7984122,24,103,8562,2010,44884.0,0.0,0.284356,-0.8362,BHR,IDN,760410
7984123,39,103,8562,2010,0.0,145454.0,0.752421,1.2208510000000001,CAN,IDN,760410
7984124,43,103,8562,2010,190247.0,0.0,0.922493,2.0176,CHN,IDN,760410
7984125,61,103,8562,2010,5602.0,0.0,2.035672,-3.383322,DEU,IDN,760410
7984126,65,103,8562,2010,0.0,7490.0,-0.245241,0.368626,DOM,IDN,760410
7984127,71,103,8562,2010,2133.0,0.0,0.832619,2.448009,ESP,IDN,760410
7984128,77,103,8562,2010,1156.0,0.0,1.530027,-0.052557000000000006,FRA,IDN,760410
7984129,81,103,8562,2010,17310.0,0.0,1.828224,0.386383,GBR,IDN,760410
7984130,97,103,8562,2010,48508.0,0.0,0.715745,1.9780259999999998,HKG,IDN,760410
7984131,102,103,8562,2010,1195.0,0.0,1.514225,0.740341,HUN,IDN,760410
7984132,104,103,8562,2010,4008.0,0.0,0.14485599999999998,2.408913,IND,IDN,760410
7984133,111,103,8562,2010,6151.0,185057.0,1.272385,0.545721,ITA,IDN,760410
7984134,114,103,8562,2010,225429.0,84754.0,2.459723,-0.279387,JPN,IDN,760410
7984135,121,103,8562,2010,389551.0,79730.0,1.7118849999999999,0.762362,KOR,IDN,760410
7984136,128,103,8562,2010,0.0,922.0,-0.70886,0.25216700000000003,LKA,IDN,760410
7984137,153,103,8562,2010,472885.0,508541.0,0.9530780000000001,0.607456,MYS,IDN,760410
7984138,162,103,8562,2010,1199.0,1225.0,1.237998,1.1891209999999999,NLD,IDN,760410
7984139,166,103,8562,2010,0.0,33188.0,0.36828299999999997,0.574574,NZL,IDN,760410
7984140,174,103,8562,2010,636710.0,2562058.0,0.40418899999999996,0.102497,PHL,IDN,760410
7984141,177,103,8562,2010,0.0,7771.0,1.083552,1.1433719999999998,POL,IDN,760410
7984142,186,103,8562,2010,41986.0,0.0,0.583996,-0.223881,RUS,IDN,760410
7984143,192,103,8562,2010,1486565.0,278223.0,1.8441349999999999,0.570311,SGP,IDN,760410
7984144,216,103,8562,2010,73589.0,6122.0,0.748328,1.425224,THA,IDN,760410
7984145,220,103,8562,2010,0.0,2560.0,0.6633789999999999,-0.606204,TLS,IDN,760410
7984146,231,103,8562,2010,36304.0,5358.0,1.67573,-0.598165,USA,IDN,760410
7984147,239,103,8562,2010,83566.0,2615.0,-0.24660500000000002,1.427235,VNM,IDN,760410
7984148,246,103,8562,2010,9539.0,0.0,0.327326,1.513598,ZAF,IDN,760410
7984149,249,103,8562,2010,985749.0,81463.0,1.766729,0.909335,TWN,IDN,760410
7984150,1,104,8562,2010,0.0,1023.0,-0.054633,-0.102103,AFG,IND,760410
7984151,7,104,8562,2010,7042552.0,273115.0,0.29457,-0.196371,ARE,IND,760410
7984152,14,104,8562,2010,2368.0,5260.0,-0.276442,0.062023,AUS,IND,760410
7984153,15,104,8562,2010,6538.0,0.0,1.724315,-0.29379099999999997,AUT,IND,760410
7984154,18,104,8562,2010,60947.0,14136.0,1.2224270000000002,1.1276,BEL,IND,760410
7984155,19,104,8562,2010,0.0,26669.0,-1.0660120000000002,-0.9961190000000001,BEN,IND,760410
7984156,22,104,8562,2010,11812.0,419133.0,-0.974526,-0.76566,BGD,IND,760410
7984157,24,104,8562,2010,1384429.0,18624.0,0.284356,-0.8362,BHR,IND,760410
7984158,32,104,8562,2010,0.0,16272.0,0.40715500000000004,0.6208100000000001,BRA,IND,760410
7984159,35,104,8562,2010,0.0,3114.0,-0.10866300000000001,-0.5950270000000001,BTN,IND,760410
7984160,39,104,8562,2010,508004.0,977123.0,0.752421,1.2208510000000001,CAN,IND,760410
7984161,41,104,8562,2010,8319.0,0.0,2.1492080000000002,0.556424,CHE,IND,760410
7984162,43,104,8562,2010,389741.0,113316.0,0.922493,2.0176,CHN,IND,760410
7984163,45,104,8562,2010,0.0,42023.0,-1.114209,-1.0127899999999999,CMR,IND,760410
7984164,47,104,8562,2010,0.0,13271.0,-1.536434,-1.175338,COG,IND,760410
7984165,58,104,8562,2010,0.0,17904.0,0.8776450000000001,0.568389,CYP,IND,760410
7984166,59,104,8562,2010,31202.0,1053.0,1.732044,0.333934,CZE,IND,760410
7984167,61,104,8562,2010,209192.0,5365752.0,2.035672,-3.383322,DEU,IND,760410
7984168,64,104,8562,2010,0.0,7250.0,1.082468,1.280759,DNK,IND,760410
7984169,68,104,8562,2010,11603.0,8231.0,-0.181826,1.409465,EGY,IND,760410
7984170,71,104,8562,2010,90205.0,96375.0,0.832619,2.448009,ESP,IND,760410
7984171,73,104,8562,2010,0.0,307793.0,-1.122906,-0.840777,ETH,IND,760410
7984172,74,104,8562,2010,4864.0,0.0,1.745464,0.897992,FIN,IND,760410
7984173,77,104,8562,2010,126296.0,100696.0,1.530027,-0.052557000000000006,FRA,IND,760410
7984174,81,104,8562,2010,99266.0,260819.0,1.828224,0.386383,GBR,IND,760410
7984175,90,104,8562,2010,0.0,2509.0,0.200249,1.4640090000000001,GRC,IND,760410
7984176,97,104,8562,2010,87492.0,0.0,0.715745,1.9780259999999998,HKG,IND,760410
7984177,103,104,8562,2010,0.0,4008.0,-0.30878099999999997,1.07069,IDN,IND,760410
7984178,107,104,8562,2010,0.0,14546.0,-0.609874,-0.744733,IRN,IND,760410
7984179,108,104,8562,2010,0.0,26809.0,-2.1439150000000002,-0.913227,IRQ,IND,760410
7984180,110,104,8562,2010,122770.0,0.0,1.215834,0.7028340000000001,ISR,IND,760410
7984181,111,104,8562,2010,846294.0,2535.0,1.272385,0.545721,ITA,IND,760410
7984182,113,104,8562,2010,0.0,100073.0,0.251702,0.522758,JOR,IND,760410
7984183,114,104,8562,2010,390539.0,49527.0,2.459723,-0.279387,JPN,IND,760410
7984184,116,104,8562,2010,0.0,1511881.0,-0.387187,1.010443,KEN,IND,760410
7984185,121,104,8562,2010,769288.0,2364.0,1.7118849999999999,0.762362,KOR,IND,760410
7984186,122,104,8562,2010,0.0,44850.0,0.067373,-1.0822120000000002,KWT,IND,760410
7984187,124,104,8562,2010,0.0,1963.0,0.415854,1.424085,LBN,IND,760410
7984188,128,104,8562,2010,0.0,620358.0,-0.70886,0.25216700000000003,LKA,IND,760410
7984189,134,104,8562,2010,0.0,16585.0,-0.5935229999999999,-0.056497000000000006,MAR,IND,760410
7984190,137,104,8562,2010,0.0,5357.0,-0.644859,-0.910633,MDV,IND,760410
7984191,138,104,8562,2010,218526.0,0.0,1.132664,0.675756,MEX,IND,760410
7984192,152,104,8562,2010,0.0,42913.0,-0.821839,-0.9153870000000001,MWI,IND,760410
7984193,153,104,8562,2010,618175.0,512324.0,0.9530780000000001,0.607456,MYS,IND,760410
7984194,159,104,8562,2010,352200.0,61203.0,-1.887084,-1.2280229999999999,NGA,IND,760410
7984195,162,104,8562,2010,0.0,1676.0,1.237998,1.1891209999999999,NLD,IND,760410
7984196,164,104,8562,2010,2560330.0,117722.0,-0.23753400000000002,0.7957390000000001,NPL,IND,760410
7984197,167,104,8562,2010,319741.0,15301.0,-0.487612,-0.9551379999999999,OMN,IND,760410
7984198,174,104,8562,2010,1193.0,2513.0,0.40418899999999996,0.102497,PHL,IND,760410
7984199,179,104,8562,2010,7592.0,0.0,0.551149,2.437209,PRT,IND,760410
7984200,183,104,8562,2010,0.0,10891.0,-0.346143,-1.078192,QAT,IND,760410
7984201,185,104,8562,2010,932.0,0.0,0.6483760000000001,1.200256,ROU,IND,760410
7984202,186,104,8562,2010,77136.0,0.0,0.583996,-0.223881,RUS,IND,760410
7984203,188,104,8562,2010,73182.0,458193.0,0.46696400000000005,-0.7487520000000001,SAU,IND,760410
7984204,190,104,8562,2010,0.0,2424.0,-1.9094669999999998,-1.271065,SDN,IND,760410
7984205,192,104,8562,2010,47592.0,1496001.0,1.8441349999999999,0.570311,SGP,IND,760410
7984206,208,104,8562,2010,14592.0,1186.0,1.882239,0.397927,SWE,IND,760410
7984207,212,104,8562,2010,0.0,3086.0,-0.46833800000000003,1.11952,SYR,IND,760410
7984208,216,104,8562,2010,20891362.0,7909.0,0.748328,1.425224,THA,IND,760410
7984209,223,104,8562,2010,0.0,163269.0,0.165019,0.8882059999999999,TUN,IND,760410
7984210,224,104,8562,2010,14374.0,0.0,0.359977,2.471173,TUR,IND,760410
7984211,227,104,8562,2010,0.0,3487.0,-0.48061400000000004,0.187001,UGA,IND,760410
7984212,231,104,8562,2010,256246.0,25011.0,1.67573,-0.598165,USA,IND,760410
7984213,239,104,8562,2010,1810.0,0.0,-0.24660500000000002,1.427235,VNM,IND,760410
7984214,243,104,8562,2010,0.0,2053.0,-1.360851,-1.208826,YEM,IND,760410
7984215,246,104,8562,2010,0.0,1306.0,0.327326,1.513598,ZAF,IND,760410
7984216,247,104,8562,2010,0.0,25101.0,-0.650686,-0.830332,ZMB,IND,760410
7984217,249,104,8562,2010,4027.0,142336.0,1.766729,0.909335,TWN,IND,760410
7984218,1,107,8562,2010,0.0,69524.0,-0.054633,-0.102103,AFG,IRN,760410
7984219,4,107,8562,2010,0.0,3484.0,-0.5316,-0.219561,ALB,IRN,760410
7984220,7,107,8562,2010,5160.0,0.0,0.29457,-0.196371,ARE,IRN,760410
7984221,15,107,8562,2010,2511.0,0.0,1.724315,-0.29379099999999997,AUT,IRN,760410
7984222,16,107,8562,2010,0.0,89633.0,-1.048424,-1.2030370000000001,AZE,IRN,760410
7984223,24,107,8562,2010,2720806.0,0.0,0.284356,-0.8362,BHR,IRN,760410
7984224,61,107,8562,2010,22484.0,0.0,2.035672,-3.383322,DEU,IRN,760410
7984225,71,107,8562,2010,29665.0,0.0,0.832619,2.448009,ESP,IRN,760410
7984226,104,107,8562,2010,14546.0,0.0,0.14485599999999998,2.408913,IND,IRN,760410
7984227,108,107,8562,2010,0.0,145904.0,-2.1439150000000002,-0.913227,IRQ,IRN,760410
7984228,111,107,8562,2010,94412.0,0.0,1.272385,0.545721,ITA,IRN,760410
7984229,115,107,8562,2010,0.0,2202.0,-0.6278020000000001,-0.8419760000000001,KAZ,IRN,760410
7984230,121,107,8562,2010,1198057.0,0.0,1.7118849999999999,0.762362,KOR,IRN,760410
7984231,122,107,8562,2010,38674.0,2041.0,0.067373,-1.0822120000000002,KWT,IRN,760410
7984232,183,107,8562,2010,0.0,14089.0,-0.346143,-1.078192,QAT,IRN,760410
7984233,192,107,8562,2010,1350211.0,0.0,1.8441349999999999,0.570311,SGP,IRN,760410
7984234,206,107,8562,2010,2620.0,0.0,1.278601,0.726907,SVK,IRN,760410
7984235,208,107,8562,2010,862.0,0.0,1.882239,0.397927,SWE,IRN,760410
7984236,212,107,8562,2010,0.0,334261.0,-0.46833800000000003,1.11952,SYR,IRN,760410
7984237,224,107,8562,2010,3295509.0,11520.0,0.359977,2.471173,TUR,IRN,760410
7984238,249,107,8562,2010,6636.0,0.0,1.766729,0.909335,TWN,IRN,760410
7984239,2,110,8562,2010,0.0,3860.0,-1.3711010000000001,-1.170608,AGO,ISR,760410
7984240,14,110,8562,2010,22940.0,78248.0,-0.276442,0.062023,AUS,ISR,760410
7984241,18,110,8562,2010,0.0,1394709.0,1.2224270000000002,1.1276,BEL,ISR,760410
7984242,39,110,8562,2010,0.0,1692.0,0.752421,1.2208510000000001,CAN,ISR,760410
7984243,41,110,8562,2010,132205.0,26357.0,2.1492080000000002,0.556424,CHE,ISR,760410
7984244,42,110,8562,2010,0.0,1579.0,-0.34914,-0.459395,CHL,ISR,760410
7984245,43,110,8562,2010,32931.0,6051.0,0.922493,2.0176,CHN,ISR,760410
7984246,49,110,8562,2010,0.0,11121.0,0.097222,-0.064328,COL,ISR,760410
7984247,58,110,8562,2010,0.0,20701.0,0.8776450000000001,0.568389,CYP,ISR,760410
7984248,59,110,8562,2010,26559.0,8937.0,1.732044,0.333934,CZE,ISR,760410
7984249,61,110,8562,2010,6296.0,1391557.0,2.035672,-3.383322,DEU,ISR,760410
7984250,64,110,8562,2010,0.0,13691.0,1.082468,1.280759,DNK,ISR,760410
7984251,65,110,8562,2010,0.0,3935.0,-0.245241,0.368626,DOM,ISR,760410
7984252,67,110,8562,2010,0.0,23571.0,-0.584013,-0.743675,ECU,ISR,760410
7984253,71,110,8562,2010,119333.0,3901.0,0.832619,2.448009,ESP,ISR,760410
7984254,77,110,8562,2010,6465.0,9853.0,1.530027,-0.052557000000000006,FRA,ISR,760410
7984255,81,110,8562,2010,7304.0,293074.0,1.828224,0.386383,GBR,ISR,760410
7984256,83,110,8562,2010,0.0,4311.0,-0.835003,-0.633731,GHA,ISR,760410
7984257,90,110,8562,2010,481336.0,2071.0,0.200249,1.4640090000000001,GRC,ISR,760410
7984258,99,110,8562,2010,0.0,1273.0,-0.569501,-0.153122,HND,ISR,760410
7984259,104,110,8562,2010,0.0,122770.0,0.14485599999999998,2.408913,IND,ISR,760410
7984260,109,110,8562,2010,0.0,775.0,0.20822100000000002,-0.318294,ISL,ISR,760410
7984261,111,110,8562,2010,518038.0,0.0,1.272385,0.545721,ITA,ISR,760410
7984262,113,110,8562,2010,1990767.0,717.0,0.251702,0.522758,JOR,ISR,760410
7984263,116,110,8562,2010,0.0,39059.0,-0.387187,1.010443,KEN,ISR,760410
7984264,121,110,8562,2010,14128.0,0.0,1.7118849999999999,0.762362,KOR,ISR,760410
7984265,132,110,8562,2010,0.0,1355.0,0.6158170000000001,1.1401059999999998,LVA,ISR,760410
7984266,142,110,8562,2010,0.0,3279.0,1.211797,-0.024923,MLT,ISR,760410
7984267,159,110,8562,2010,0.0,2491.0,-1.887084,-1.2280229999999999,NGA,ISR,760410
7984268,162,110,8562,2010,3978.0,13062.0,1.237998,1.1891209999999999,NLD,ISR,760410
7984269,163,110,8562,2010,0.0,4724.0,0.865676,0.138757,NOR,ISR,760410
7984270,177,110,8562,2010,15616.0,0.0,1.083552,1.1433719999999998,POL,ISR,760410
7984271,181,110,8562,2010,706745.0,9673.0,0.12470099999999999,0.576382,PSE,ISR,760410
7984272,185,110,8562,2010,0.0,1246.0,0.6483760000000001,1.200256,ROU,ISR,760410
7984273,186,110,8562,2010,23176.0,980.0,0.583996,-0.223881,RUS,ISR,760410
7984274,192,110,8562,2010,120960.0,0.0,1.8441349999999999,0.570311,SGP,ISR,760410
7984275,208,110,8562,2010,1452.0,27953.0,1.882239,0.397927,SWE,ISR,760410
7984276,224,110,8562,2010,655972.0,10473.0,0.359977,2.471173,TUR,ISR,760410
7984277,231,110,8562,2010,629339.0,10644.0,1.67573,-0.598165,USA,ISR,760410
7984278,246,110,8562,2010,0.0,296374.0,0.327326,1.513598,ZAF,ISR,760410
7984279,249,110,8562,2010,1651.0,0.0,1.766729,0.909335,TWN,ISR,760410
7984280,1,111,8562,2010,0.0,55111.0,-0.054633,-0.102103,AFG,ITA,760410
7984281,4,111,8562,2010,8647.0,2045880.0,-0.5316,-0.219561,ALB,ITA,760410
7984282,5,111,8562,2010,0.0,2603.0,0.8963620000000001,0.7650399999999999,AND,ITA,760410
7984283,6,111,8562,2010,0.0,5381.0,-0.08593200000000001,-0.691395,ANT,ITA,760410
7984284,7,111,8562,2010,0.0,400201.0,0.29457,-0.196371,ARE,ITA,760410
7984285,8,111,8562,2010,0.0,72258.0,0.27458899999999997,0.597907,ARG,ITA,760410
7984286,14,111,8562,2010,0.0,62955.0,-0.276442,0.062023,AUS,ITA,760410
7984287,15,111,8562,2010,1302523.0,2522162.0,1.724315,-0.29379099999999997,AUT,ITA,760410
7984288,16,111,8562,2010,0.0,21841.0,-1.048424,-1.2030370000000001,AZE,ITA,760410
7984289,18,111,8562,2010,544911.0,11828170.0,1.2224270000000002,1.1276,BEL,ITA,760410
7984290,23,111,8562,2010,215266.0,736717.0,0.44973,1.445441,BGR,ITA,760410
7984291,24,111,8562,2010,7471841.0,9325.0,0.284356,-0.8362,BHR,ITA,760410
7984292,26,111,8562,2010,5858971.0,144772.0,0.462275,0.830405,BIH,ITA,760410
7984293,28,111,8562,2010,0.0,68421.0,0.969851,0.593386,BLR,ITA,760410
7984294,31,111,8562,2010,0.0,1714.0,-0.83736,-0.812473,BOL,ITA,760410
7984295,32,111,8562,2010,0.0,167027.0,0.40715500000000004,0.6208100000000001,BRA,ITA,760410
7984296,39,111,8562,2010,290156.0,83017.0,0.752421,1.2208510000000001,CAN,ITA,760410
7984297,41,111,8562,2010,142301.0,6741985.0,2.1492080000000002,0.556424,CHE,ITA,760410
7984298,42,111,8562,2010,0.0,66919.0,-0.34914,-0.459395,CHL,ITA,760410
7984299,43,111,8562,2010,3356826.0,345144.0,0.922493,2.0176,CHN,ITA,760410
7984300,44,111,8562,2010,0.0,137506.0,-1.256641,-0.946767,CIV,ITA,760410
7984301,45,111,8562,2010,0.0,3142.0,-1.114209,-1.0127899999999999,CMR,ITA,760410
7984302,47,111,8562,2010,0.0,64354.0,-1.536434,-1.175338,COG,ITA,760410
7984303,49,111,8562,2010,0.0,4540.0,0.097222,-0.064328,COL,ITA,760410
7984304,51,111,8562,2010,0.0,9826.0,0.140658,-0.527468,CPV,ITA,760410
7984305,52,111,8562,2010,0.0,36987.0,-0.122722,-0.7062069999999999,CRI,ITA,760410
7984306,54,111,8562,2010,472521.0,1160620.0,-0.085462,-0.885019,CUB,ITA,760410
7984307,58,111,8562,2010,0.0,329587.0,0.8776450000000001,0.568389,CYP,ITA,760410
7984308,59,111,8562,2010,404097.0,1755682.0,1.732044,0.333934,CZE,ITA,760410
7984309,61,111,8562,2010,7465103.0,25913128.0,2.035672,-3.383322,DEU,ITA,760410
7984310,64,111,8562,2010,147397.0,248288.0,1.082468,1.280759,DNK,ITA,760410
7984311,65,111,8562,2010,0.0,12085.0,-0.245241,0.368626,DOM,ITA,760410
7984312,66,111,8562,2010,0.0,445180.0,-1.00922,-1.1511040000000001,DZA,ITA,760410
7984313,67,111,8562,2010,0.0,2115.0,-0.584013,-0.743675,ECU,ITA,760410
7984314,68,111,8562,2010,7466306.0,495218.0,-0.181826,1.409465,EGY,ITA,760410
7984315,71,111,8562,2010,19786236.0,3649314.0,0.832619,2.448009,ESP,ITA,760410
7984316,72,111,8562,2010,0.0,28747.0,0.832316,1.1844649999999999,EST,ITA,760410
7984317,73,111,8562,2010,0.0,110141.0,-1.122906,-0.840777,ETH,ITA,760410
7984318,74,111,8562,2010,0.0,56714.0,1.745464,0.897992,FIN,ITA,760410
7984319,77,111,8562,2010,162845.0,14309136.0,1.530027,-0.052557000000000006,FRA,ITA,760410
7984320,81,111,8562,2010,1475738.0,981516.0,1.828224,0.386383,GBR,ITA,760410
7984321,82,111,8562,2010,0.0,30781.0,-0.21301399999999998,-0.48355299999999996,GEO,ITA,760410
7984322,83,111,8562,2010,0.0,334671.0,-0.835003,-0.633731,GHA,ITA,760410
7984323,87,111,8562,2010,0.0,170632.0,-0.894757,-0.734589,GMB,ITA,760410
7984324,90,111,8562,2010,1165560.0,759606.0,0.200249,1.4640090000000001,GRC,ITA,760410
7984325,97,111,8562,2010,9326.0,24101.0,0.715745,1.9780259999999998,HKG,ITA,760410
7984326,100,111,8562,2010,36539.0,14277047.0,0.8276979999999999,0.97415,HRV,ITA,760410
7984327,102,111,8562,2010,158353.0,2348854.0,1.514225,0.740341,HUN,ITA,760410
7984328,103,111,8562,2010,185057.0,6151.0,-0.30878099999999997,1.07069,IDN,ITA,760410
7984329,104,111,8562,2010,2535.0,846294.0,0.14485599999999998,2.408913,IND,ITA,760410
7984330,106,111,8562,2010,0.0,124204.0,1.371357,0.168795,IRL,ITA,760410
7984331,107,111,8562,2010,0.0,94412.0,-0.609874,-0.744733,IRN,ITA,760410
7984332,108,111,8562,2010,0.0,3583.0,-2.1439150000000002,-0.913227,IRQ,ITA,760410
7984333,110,111,8562,2010,0.0,518038.0,1.215834,0.7028340000000001,ISR,ITA,760410
7984334,112,111,8562,2010,0.0,3512.0,0.041471,-0.367177,JAM,ITA,760410
7984335,113,111,8562,2010,0.0,24746.0,0.251702,0.522758,JOR,ITA,760410
7984336,114,111,8562,2010,0.0,54968.0,2.459723,-0.279387,JPN,ITA,760410
7984337,115,111,8562,2010,0.0,11978.0,-0.6278020000000001,-0.8419760000000001,KAZ,ITA,760410
7984338,121,111,8562,2010,0.0,275480.0,1.7118849999999999,0.762362,KOR,ITA,760410
7984339,122,111,8562,2010,0.0,42931.0,0.067373,-1.0822120000000002,KWT,ITA,760410
7984340,124,111,8562,2010,0.0,65852.0,0.415854,1.424085,LBN,ITA,760410
7984341,126,111,8562,2010,0.0,599447.0,-0.706491,-1.140822,LBY,ITA,760410
7984342,128,111,8562,2010,0.0,6392.0,-0.70886,0.25216700000000003,LKA,ITA,760410
7984343,130,111,8562,2010,0.0,30862.0,0.6390600000000001,1.144911,LTU,ITA,760410
7984344,131,111,8562,2010,1278.0,16781.0,1.272127,1.1051520000000001,LUX,ITA,760410
7984345,132,111,8562,2010,0.0,54105.0,0.6158170000000001,1.1401059999999998,LVA,ITA,760410
7984346,134,111,8562,2010,0.0,681290.0,-0.5935229999999999,-0.056497000000000006,MAR,ITA,760410
7984347,135,111,8562,2010,0.0,11874.0,-0.116797,0.037801,MDA,ITA,760410
7984348,138,111,8562,2010,0.0,89411.0,1.132664,0.675756,MEX,ITA,760410
7984349,140,111,8562,2010,0.0,339849.0,-0.122842,0.407017,MKD,ITA,760410
7984350,142,111,8562,2010,117050.0,2830694.0,1.211797,-0.024923,MLT,ITA,760410
7984351,144,111,8562,2010,0.0,277704.0,0.266397,-0.02502,MNE,ITA,760410
7984352,151,111,8562,2010,0.0,21792.0,-0.173542,0.103727,MUS,ITA,760410
7984353,153,111,8562,2010,0.0,5438.0,0.9530780000000001,0.607456,MYS,ITA,760410
7984354,156,111,8562,2010,0.0,1103121.0,-0.42193500000000006,-0.8256610000000001,NCL,ITA,760410
7984355,159,111,8562,2010,2397.0,38205.0,-1.887084,-1.2280229999999999,NGA,ITA,760410
7984356,162,111,8562,2010,573010.0,3131970.0,1.237998,1.1891209999999999,NLD,ITA,760410
7984357,163,111,8562,2010,473544.0,384558.0,0.865676,0.138757,NOR,ITA,760410
7984358,168,111,8562,2010,0.0,40541.0,-0.692071,0.5409010000000001,PAK,ITA,760410
7984359,169,111,8562,2010,0.0,3465.0,0.617867,0.903432,PAN,ITA,760410
7984360,173,111,8562,2010,0.0,40914.0,-0.650327,0.162321,PER,ITA,760410
7984361,174,111,8562,2010,0.0,3965.0,0.40418899999999996,0.102497,PHL,ITA,760410
7984362,177,111,8562,2010,1547847.0,1619533.0,1.083552,1.1433719999999998,POL,ITA,760410
7984363,179,111,8562,2010,11769.0,367213.0,0.551149,2.437209,PRT,ITA,760410
7984364,180,111,8562,2010,0.0,3123.0,-0.553805,-0.8699450000000001,PRY,ITA,760410
7984365,181,111,8562,2010,0.0,3404.0,0.12470099999999999,0.576382,PSE,ITA,760410
7984366,182,111,8562,2010,0.0,27490.0,-0.47692700000000005,-0.8429760000000001,PYF,ITA,760410
7984367,183,111,8562,2010,0.0,15992.0,-0.346143,-1.078192,QAT,ITA,760410
7984368,185,111,8562,2010,269277.0,5675695.0,0.6483760000000001,1.200256,ROU,ITA,760410
7984369,186,111,8562,2010,0.0,599134.0,0.583996,-0.223881,RUS,ITA,760410
7984370,188,111,8562,2010,0.0,187803.0,0.46696400000000005,-0.7487520000000001,SAU,ITA,760410
7984371,191,111,8562,2010,0.0,199357.0,-0.45445,-0.148149,SEN,ITA,760410
7984372,192,111,8562,2010,0.0,37074.0,1.8441349999999999,0.570311,SGP,ITA,760410
7984373,196,111,8562,2010,0.0,30626.0,-0.056713,-0.293668,SLE,ITA,760410
7984374,201,111,8562,2010,62961.0,896987.0,0.561161,1.33974,SRB,ITA,760410
7984375,205,111,8562,2010,0.0,5665.0,-0.5734560000000001,-0.936167,SUR,ITA,760410
7984376,206,111,8562,2010,86252.0,2286974.0,1.278601,0.726907,SVK,ITA,760410
7984377,207,111,8562,2010,134866.0,3635899.0,1.595473,0.7023020000000001,SVN,ITA,760410
7984378,208,111,8562,2010,49488.0,189250.0,1.882239,0.397927,SWE,ITA,760410
7984379,211,111,8562,2010,0.0,5896.0,-0.075668,-0.549686,SYC,ITA,760410
7984380,212,111,8562,2010,0.0,81564.0,-0.46833800000000003,1.11952,SYR,ITA,760410
7984381,216,111,8562,2010,6577.0,121173.0,0.748328,1.425224,THA,ITA,760410
7984382,223,111,8562,2010,8803084.0,1199579.0,0.165019,0.8882059999999999,TUN,ITA,760410
7984383,224,111,8562,2010,2133240.0,529320.0,0.359977,2.471173,TUR,ITA,760410
7984384,226,111,8562,2010,0.0,91371.0,-0.7327,0.427616,TZA,ITA,760410
7984385,227,111,8562,2010,0.0,4918.0,-0.48061400000000004,0.187001,UGA,ITA,760410
7984386,228,111,8562,2010,0.0,170969.0,0.714148,0.916267,UKR,ITA,760410
7984387,230,111,8562,2010,0.0,9137.0,0.217246,-0.079733,URY,ITA,760410
7984388,231,111,8562,2010,19717032.0,683402.0,1.67573,-0.598165,USA,ITA,760410
7984389,236,111,8562,2010,0.0,168453.0,-0.660844,-1.145133,VEN,ITA,760410
7984390,239,111,8562,2010,0.0,20196.0,-0.24660500000000002,1.427235,VNM,ITA,760410
7984391,243,111,8562,2010,0.0,15045.0,-1.360851,-1.208826,YEM,ITA,760410
7984392,246,111,8562,2010,1024.0,77411.0,0.327326,1.513598,ZAF,ITA,760410
7984393,249,111,8562,2010,69287.0,173163.0,1.766729,0.909335,TWN,ITA,760410
7984394,250,111,8562,2010,0.0,6399.0,0.45129600000000003,-0.223517,ANS,ITA,760410
7984395,24,112,8562,2010,120638.0,0.0,0.284356,-0.8362,BHR,JAM,760410
7984396,39,112,8562,2010,4186.0,2336.0,0.752421,1.2208510000000001,CAN,JAM,760410
7984397,65,112,8562,2010,3119.0,0.0,-0.245241,0.368626,DOM,JAM,760410
7984398,71,112,8562,2010,14245.0,0.0,0.832619,2.448009,ESP,JAM,760410
7984399,111,112,8562,2010,3512.0,0.0,1.272385,0.545721,ITA,JAM,760410
7984400,138,112,8562,2010,12296.0,0.0,1.132664,0.675756,MEX,JAM,760410
7984401,206,112,8562,2010,0.0,2434.0,1.278601,0.726907,SVK,JAM,760410
7984402,222,112,8562,2010,558507.0,0.0,-0.338123,-1.070239,TTO,JAM,760410
7984403,231,112,8562,2010,87289.0,0.0,1.67573,-0.598165,USA,JAM,760410
7984404,236,112,8562,2010,261868.0,0.0,-0.660844,-1.145133,VEN,JAM,760410
7984405,14,114,8562,2010,3045.0,2700.0,-0.276442,0.062023,AUS,JPN,760410
7984406,15,114,8562,2010,0.0,1002.0,1.724315,-0.29379099999999997,AUT,JPN,760410
7984407,18,114,8562,2010,2071.0,0.0,1.2224270000000002,1.1276,BEL,JPN,760410
7984408,24,114,8562,2010,97330.0,0.0,0.284356,-0.8362,BHR,JPN,760410
7984409,32,114,8562,2010,0.0,2937.0,0.40715500000000004,0.6208100000000001,BRA,JPN,760410
7984410,39,114,8562,2010,4258.0,0.0,0.752421,1.2208510000000001,CAN,JPN,760410
7984411,41,114,8562,2010,45578.0,0.0,2.1492080000000002,0.556424,CHE,JPN,760410
7984412,43,114,8562,2010,143016.0,4373540.0,0.922493,2.0176,CHN,JPN,760410
7984413,59,114,8562,2010,23891.0,208137.0,1.732044,0.333934,CZE,JPN,760410
7984414,61,114,8562,2010,260222.0,25521.0,2.035672,-3.383322,DEU,JPN,760410
7984415,64,114,8562,2010,10082.0,0.0,1.082468,1.280759,DNK,JPN,760410
7984416,68,114,8562,2010,0.0,45520.0,-0.181826,1.409465,EGY,JPN,760410
7984417,71,114,8562,2010,13482.0,2732.0,0.832619,2.448009,ESP,JPN,760410
7984418,75,114,8562,2010,0.0,4450.0,-0.603112,-0.29135500000000003,FJI,JPN,760410
7984419,77,114,8562,2010,86927.0,1049.0,1.530027,-0.052557000000000006,FRA,JPN,760410
7984420,81,114,8562,2010,472045.0,89055.0,1.828224,0.386383,GBR,JPN,760410
7984421,97,114,8562,2010,188715.0,83573.0,0.715745,1.9780259999999998,HKG,JPN,760410
7984422,103,114,8562,2010,84754.0,225429.0,-0.30878099999999997,1.07069,IDN,JPN,760410
7984423,104,114,8562,2010,49527.0,390539.0,0.14485599999999998,2.408913,IND,JPN,760410
7984424,111,114,8562,2010,54968.0,0.0,1.272385,0.545721,ITA,JPN,760410
7984425,121,114,8562,2010,328154.0,472324.0,1.7118849999999999,0.762362,KOR,JPN,760410
7984426,124,114,8562,2010,0.0,1115.0,0.415854,1.424085,LBN,JPN,760410
7984427,138,114,8562,2010,0.0,8310.0,1.132664,0.675756,MEX,JPN,760410
7984428,151,114,8562,2010,0.0,1915.0,-0.173542,0.103727,MUS,JPN,760410
7984429,153,114,8562,2010,137640.0,938303.0,0.9530780000000001,0.607456,MYS,JPN,760410
7984430,159,114,8562,2010,7027976.0,0.0,-1.887084,-1.2280229999999999,NGA,JPN,760410
7984431,162,114,8562,2010,112952.0,1311.0,1.237998,1.1891209999999999,NLD,JPN,760410
7984432,174,114,8562,2010,5329.0,188946.0,0.40418899999999996,0.102497,PHL,JPN,760410
7984433,183,114,8562,2010,0.0,10059.0,-0.346143,-1.078192,QAT,JPN,760410
7984434,186,114,8562,2010,1248.0,1760.0,0.583996,-0.223881,RUS,JPN,760410
7984435,192,114,8562,2010,95386.0,775342.0,1.8441349999999999,0.570311,SGP,JPN,760410
7984436,208,114,8562,2010,34840.0,0.0,1.882239,0.397927,SWE,JPN,760410
7984437,216,114,8562,2010,229567.0,4384600.0,0.748328,1.425224,THA,JPN,760410
7984438,224,114,8562,2010,32403.0,0.0,0.359977,2.471173,TUR,JPN,760410
7984439,231,114,8562,2010,1485995.0,502070.0,1.67573,-0.598165,USA,JPN,760410
7984440,239,114,8562,2010,19324.0,2619216.0,-0.24660500000000002,1.427235,VNM,JPN,760410
7984441,249,114,8562,2010,346619.0,138227.0,1.766729,0.909335,TWN,JPN,760410
7984442,15,115,8562,2010,1180.0,0.0,1.724315,-0.29379099999999997,AUT,KAZ,760410
7984443,43,115,8562,2010,75811.0,0.0,0.922493,2.0176,CHN,KAZ,760410
7984444,61,115,8562,2010,5366.0,0.0,2.035672,-3.383322,DEU,KAZ,760410
7984445,71,115,8562,2010,24221.0,0.0,0.832619,2.448009,ESP,KAZ,760410
7984446,107,115,8562,2010,2202.0,0.0,-0.609874,-0.744733,IRN,KAZ,760410
7984447,111,115,8562,2010,11978.0,0.0,1.272385,0.545721,ITA,KAZ,760410
7984448,121,115,8562,2010,18641.0,0.0,1.7118849999999999,0.762362,KOR,KAZ,760410
7984449,130,115,8562,2010,15400.0,0.0,0.6390600000000001,1.144911,LTU,KAZ,760410
7984450,162,115,8562,2010,2249.0,0.0,1.237998,1.1891209999999999,NLD,KAZ,760410
7984451,177,115,8562,2010,78216.0,0.0,1.083552,1.1433719999999998,POL,KAZ,760410
7984452,186,115,8562,2010,184532.0,0.0,0.583996,-0.223881,RUS,KAZ,760410
7984453,224,115,8562,2010,855755.0,0.0,0.359977,2.471173,TUR,KAZ,760410
7984454,231,115,8562,2010,2473.0,0.0,1.67573,-0.598165,USA,KAZ,760410
7984455,4,121,8562,2010,0.0,1890.0,-0.5316,-0.219561,ALB,KOR,760410
7984456,7,121,8562,2010,0.0,133576.0,0.29457,-0.196371,ARE,KOR,760410
7984457,14,121,8562,2010,0.0,24121.0,-0.276442,0.062023,AUS,KOR,760410
7984458,15,121,8562,2010,82690.0,0.0,1.724315,-0.29379099999999997,AUT,KOR,760410
7984459,16,121,8562,2010,0.0,12484.0,-1.048424,-1.2030370000000001,AZE,KOR,760410
7984460,24,121,8562,2010,3201036.0,0.0,0.284356,-0.8362,BHR,KOR,760410
7984461,28,121,8562,2010,0.0,859.0,0.969851,0.593386,BLR,KOR,760410
7984462,32,121,8562,2010,0.0,55290.0,0.40715500000000004,0.6208100000000001,BRA,KOR,760410
7984463,39,121,8562,2010,27082.0,0.0,0.752421,1.2208510000000001,CAN,KOR,760410
7984464,41,121,8562,2010,3158.0,11500.0,2.1492080000000002,0.556424,CHE,KOR,760410
7984465,43,121,8562,2010,62235.0,8842324.0,0.922493,2.0176,CHN,KOR,760410
7984466,44,121,8562,2010,0.0,12771.0,-1.256641,-0.946767,CIV,KOR,760410
7984467,45,121,8562,2010,0.0,8744.0,-1.114209,-1.0127899999999999,CMR,KOR,760410
7984468,47,121,8562,2010,0.0,7445.0,-1.536434,-1.175338,COG,KOR,760410
7984469,49,121,8562,2010,0.0,63211.0,0.097222,-0.064328,COL,KOR,760410
7984470,52,121,8562,2010,0.0,7694.0,-0.122722,-0.7062069999999999,CRI,KOR,760410
7984471,58,121,8562,2010,0.0,29432.0,0.8776450000000001,0.568389,CYP,KOR,760410
7984472,61,121,8562,2010,5019.0,477843.0,2.035672,-3.383322,DEU,KOR,760410
7984473,67,121,8562,2010,0.0,6813.0,-0.584013,-0.743675,ECU,KOR,760410
7984474,68,121,8562,2010,0.0,310038.0,-0.181826,1.409465,EGY,KOR,760410
7984475,71,121,8562,2010,215100.0,0.0,0.832619,2.448009,ESP,KOR,760410
7984476,77,121,8562,2010,4966.0,10503.0,1.530027,-0.052557000000000006,FRA,KOR,760410
7984477,81,121,8562,2010,84036.0,102799.0,1.828224,0.386383,GBR,KOR,760410
7984478,90,121,8562,2010,0.0,2030.0,0.200249,1.4640090000000001,GRC,KOR,760410
7984479,93,121,8562,2010,0.0,1929.0,-0.39034,0.743521,GTM,KOR,760410
7984480,97,121,8562,2010,0.0,70117.0,0.715745,1.9780259999999998,HKG,KOR,760410
7984481,103,121,8562,2010,79730.0,389551.0,-0.30878099999999997,1.07069,IDN,KOR,760410
7984482,104,121,8562,2010,2364.0,769288.0,0.14485599999999998,2.408913,IND,KOR,760410
7984483,107,121,8562,2010,0.0,1198057.0,-0.609874,-0.744733,IRN,KOR,760410
7984484,109,121,8562,2010,0.0,2820.0,0.20822100000000002,-0.318294,ISL,KOR,760410
7984485,110,121,8562,2010,0.0,14128.0,1.215834,0.7028340000000001,ISR,KOR,760410
7984486,111,121,8562,2010,275480.0,0.0,1.272385,0.545721,ITA,KOR,760410
7984487,114,121,8562,2010,472324.0,328154.0,2.459723,-0.279387,JPN,KOR,760410
7984488,115,121,8562,2010,0.0,18641.0,-0.6278020000000001,-0.8419760000000001,KAZ,KOR,760410
7984489,118,121,8562,2010,0.0,48762.0,-1.158906,-1.019906,KHM,KOR,760410
7984490,122,121,8562,2010,0.0,12083.0,0.067373,-1.0822120000000002,KWT,KOR,760410
7984491,124,121,8562,2010,19750.0,0.0,0.415854,1.424085,LBN,KOR,760410
7984492,138,121,8562,2010,0.0,4460188.0,1.132664,0.675756,MEX,KOR,760410
7984493,153,121,8562,2010,896971.0,219460.0,0.9530780000000001,0.607456,MYS,KOR,760410
7984494,159,121,8562,2010,0.0,12430.0,-1.887084,-1.2280229999999999,NGA,KOR,760410
7984495,162,121,8562,2010,31304.0,89758.0,1.237998,1.1891209999999999,NLD,KOR,760410
7984496,168,121,8562,2010,0.0,13625.0,-0.692071,0.5409010000000001,PAK,KOR,760410
7984497,174,121,8562,2010,0.0,6634.0,0.40418899999999996,0.102497,PHL,KOR,760410
7984498,177,121,8562,2010,0.0,20478.0,1.083552,1.1433719999999998,POL,KOR,760410
7984499,183,121,8562,2010,0.0,4645.0,-0.346143,-1.078192,QAT,KOR,760410
7984500,185,121,8562,2010,0.0,838.0,0.6483760000000001,1.200256,ROU,KOR,760410
7984501,186,121,8562,2010,0.0,45206.0,0.583996,-0.223881,RUS,KOR,760410
7984502,187,121,8562,2010,0.0,4345.0,-0.6033350000000001,-0.524881,RWA,KOR,760410
7984503,188,121,8562,2010,0.0,17268.0,0.46696400000000005,-0.7487520000000001,SAU,KOR,760410
7984504,192,121,8562,2010,5747.0,57796.0,1.8441349999999999,0.570311,SGP,KOR,760410
7984505,206,121,8562,2010,0.0,10989.0,1.278601,0.726907,SVK,KOR,760410
7984506,208,121,8562,2010,0.0,23239.0,1.882239,0.397927,SWE,KOR,760410
7984507,216,121,8562,2010,7704.0,2065531.0,0.748328,1.425224,THA,KOR,760410
7984508,224,121,8562,2010,0.0,79600.0,0.359977,2.471173,TUR,KOR,760410
7984509,226,121,8562,2010,0.0,9435.0,-0.7327,0.427616,TZA,KOR,760410
7984510,227,121,8562,2010,0.0,10705.0,-0.48061400000000004,0.187001,UGA,KOR,760410
7984511,231,121,8562,2010,1843844.0,1981246.0,1.67573,-0.598165,USA,KOR,760410
7984512,239,121,8562,2010,0.0,309399.0,-0.24660500000000002,1.427235,VNM,KOR,760410
7984513,246,121,8562,2010,0.0,24622.0,0.327326,1.513598,ZAF,KOR,760410
7984514,247,121,8562,2010,0.0,3758.0,-0.650686,-0.830332,ZMB,KOR,760410
7984515,249,121,8562,2010,24810.0,1565883.0,1.766729,0.909335,TWN,KOR,760410
7984516,7,128,8562,2010,106385.0,0.0,0.29457,-0.196371,ARE,LKA,760410
7984517,18,128,8562,2010,1018.0,0.0,1.2224270000000002,1.1276,BEL,LKA,760410
7984518,43,128,8562,2010,11413.0,0.0,0.922493,2.0176,CHN,LKA,760410
7984519,68,128,8562,2010,1086.0,0.0,-0.181826,1.409465,EGY,LKA,760410
7984520,81,128,8562,2010,2379.0,0.0,1.828224,0.386383,GBR,LKA,760410
7984521,97,128,8562,2010,61505.0,0.0,0.715745,1.9780259999999998,HKG,LKA,760410
7984522,103,128,8562,2010,922.0,0.0,-0.30878099999999997,1.07069,IDN,LKA,760410
7984523,104,128,8562,2010,620358.0,0.0,0.14485599999999998,2.408913,IND,LKA,760410
7984524,111,128,8562,2010,6392.0,0.0,1.272385,0.545721,ITA,LKA,760410
7984525,137,128,8562,2010,0.0,9644.0,-0.644859,-0.910633,MDV,LKA,760410
7984526,162,128,8562,2010,784.0,1193.0,1.237998,1.1891209999999999,NLD,LKA,760410
7984527,178,128,8562,2010,8164.0,0.0,0.348511,0.466229,PRK,LKA,760410
7984528,188,128,8562,2010,21268.0,0.0,0.46696400000000005,-0.7487520000000001,SAU,LKA,760410
7984529,192,128,8562,2010,7652.0,0.0,1.8441349999999999,0.570311,SGP,LKA,760410
7984530,8,138,8562,2010,1560.0,0.0,0.27458899999999997,0.597907,ARG,MEX,760410
7984531,15,138,8562,2010,14960.0,0.0,1.724315,-0.29379099999999997,AUT,MEX,760410
7984532,18,138,8562,2010,31849.0,0.0,1.2224270000000002,1.1276,BEL,MEX,760410
7984533,24,138,8562,2010,31940.0,0.0,0.284356,-0.8362,BHR,MEX,760410
7984534,29,138,8562,2010,0.0,347614.0,-0.559172,-0.739977,BLZ,MEX,760410
7984535,31,138,8562,2010,0.0,1074.0,-0.83736,-0.812473,BOL,MEX,760410
7984536,32,138,8562,2010,1262.0,5566.0,0.40715500000000004,0.6208100000000001,BRA,MEX,760410
7984537,39,138,8562,2010,4739.0,36515.0,0.752421,1.2208510000000001,CAN,MEX,760410
7984538,42,138,8562,2010,49294.0,1193.0,-0.34914,-0.459395,CHL,MEX,760410
7984539,43,138,8562,2010,920664.0,0.0,0.922493,2.0176,CHN,MEX,760410
7984540,49,138,8562,2010,23715.0,5105.0,0.097222,-0.064328,COL,MEX,760410
7984541,52,138,8562,2010,4904.0,32834.0,-0.122722,-0.7062069999999999,CRI,MEX,760410
7984542,61,138,8562,2010,8753.0,0.0,2.035672,-3.383322,DEU,MEX,760410
7984543,64,138,8562,2010,1244.0,0.0,1.082468,1.280759,DNK,MEX,760410
7984544,65,138,8562,2010,0.0,10365.0,-0.245241,0.368626,DOM,MEX,760410
7984545,71,138,8562,2010,1689614.0,20728.0,0.832619,2.448009,ESP,MEX,760410
7984546,74,138,8562,2010,3048.0,0.0,1.745464,0.897992,FIN,MEX,760410
7984547,77,138,8562,2010,12684.0,0.0,1.530027,-0.052557000000000006,FRA,MEX,760410
7984548,81,138,8562,2010,0.0,5033.0,1.828224,0.386383,GBR,MEX,760410
7984549,93,138,8562,2010,0.0,227464.0,-0.39034,0.743521,GTM,MEX,760410
7984550,97,138,8562,2010,1646.0,0.0,0.715745,1.9780259999999998,HKG,MEX,760410
7984551,99,138,8562,2010,0.0,35079.0,-0.569501,-0.153122,HND,MEX,760410
7984552,104,138,8562,2010,0.0,218526.0,0.14485599999999998,2.408913,IND,MEX,760410
7984553,111,138,8562,2010,89411.0,0.0,1.272385,0.545721,ITA,MEX,760410
7984554,112,138,8562,2010,0.0,12296.0,0.041471,-0.367177,JAM,MEX,760410
7984555,114,138,8562,2010,8310.0,0.0,2.459723,-0.279387,JPN,MEX,760410
7984556,121,138,8562,2010,4460188.0,0.0,1.7118849999999999,0.762362,KOR,MEX,760410
7984557,162,138,8562,2010,101071.0,0.0,1.237998,1.1891209999999999,NLD,MEX,760410
7984558,169,138,8562,2010,0.0,20697.0,0.617867,0.903432,PAN,MEX,760410
7984559,173,138,8562,2010,0.0,1333.0,-0.650327,0.162321,PER,MEX,760410
7984560,179,138,8562,2010,27944.0,0.0,0.551149,2.437209,PRT,MEX,760410
7984561,192,138,8562,2010,19583.0,0.0,1.8441349999999999,0.570311,SGP,MEX,760410
7984562,197,138,8562,2010,0.0,6288.0,-0.101434,0.132639,SLV,MEX,760410
7984563,207,138,8562,2010,2207.0,0.0,1.595473,0.7023020000000001,SVN,MEX,760410
7984564,208,138,8562,2010,5023.0,0.0,1.882239,0.397927,SWE,MEX,760410
7984565,216,138,8562,2010,167536.0,0.0,0.748328,1.425224,THA,MEX,760410
7984566,222,138,8562,2010,0.0,3063.0,-0.338123,-1.070239,TTO,MEX,760410
7984567,230,138,8562,2010,1295.0,0.0,0.217246,-0.079733,URY,MEX,760410
7984568,231,138,8562,2010,38274460.0,222299.0,1.67573,-0.598165,USA,MEX,760410
7984569,236,138,8562,2010,2033298.0,0.0,-0.660844,-1.145133,VEN,MEX,760410
7984570,249,138,8562,2010,13696.0,29416.0,1.766729,0.909335,TWN,MEX,760410
7984571,250,138,8562,2010,2634.0,0.0,0.45129600000000003,-0.223517,ANS,MEX,760410
7984572,7,153,8562,2010,1819.0,0.0,0.29457,-0.196371,ARE,MYS,760410
7984573,14,153,8562,2010,6481.0,4377292.0,-0.276442,0.062023,AUS,MYS,760410
7984574,18,153,8562,2010,32313.0,11010.0,1.2224270000000002,1.1276,BEL,MYS,760410
7984575,24,153,8562,2010,221001.0,1501.0,0.284356,-0.8362,BHR,MYS,760410
7984576,32,153,8562,2010,3450.0,0.0,0.40715500000000004,0.6208100000000001,BRA,MYS,760410
7984577,34,153,8562,2010,2222.0,14441.0,0.717167,-0.764841,BRN,MYS,760410
7984578,39,153,8562,2010,6151.0,1099933.0,0.752421,1.2208510000000001,CAN,MYS,760410
7984579,41,153,8562,2010,13913.0,0.0,2.1492080000000002,0.556424,CHE,MYS,760410
7984580,43,153,8562,2010,383064.0,743113.0,0.922493,2.0176,CHN,MYS,760410
7984581,59,153,8562,2010,0.0,2160.0,1.732044,0.333934,CZE,MYS,760410
7984582,61,153,8562,2010,25326.0,218018.0,2.035672,-3.383322,DEU,MYS,760410
7984583,64,153,8562,2010,0.0,10215.0,1.082468,1.280759,DNK,MYS,760410
7984584,75,153,8562,2010,0.0,215038.0,-0.603112,-0.29135500000000003,FJI,MYS,760410
7984585,77,153,8562,2010,4024.0,5209.0,1.530027,-0.052557000000000006,FRA,MYS,760410
7984586,81,153,8562,2010,26762.0,0.0,1.828224,0.386383,GBR,MYS,760410
7984587,97,153,8562,2010,51827.0,49410.0,0.715745,1.9780259999999998,HKG,MYS,760410
7984588,102,153,8562,2010,0.0,11631.0,1.514225,0.740341,HUN,MYS,760410
7984589,103,153,8562,2010,508541.0,472885.0,-0.30878099999999997,1.07069,IDN,MYS,760410
7984590,104,153,8562,2010,512324.0,618175.0,0.14485599999999998,2.408913,IND,MYS,760410
7984591,111,153,8562,2010,5438.0,0.0,1.272385,0.545721,ITA,MYS,760410
7984592,114,153,8562,2010,938303.0,137640.0,2.459723,-0.279387,JPN,MYS,760410
7984593,116,153,8562,2010,0.0,1621.0,-0.387187,1.010443,KEN,MYS,760410
7984594,121,153,8562,2010,219460.0,896971.0,1.7118849999999999,0.762362,KOR,MYS,760410
7984595,137,153,8562,2010,0.0,1691.0,-0.644859,-0.910633,MDV,MYS,760410
7984596,143,153,8562,2010,0.0,3288402.0,-1.480389,-1.075842,MMR,MYS,760410
7984597,162,153,8562,2010,4659.0,323726.0,1.237998,1.1891209999999999,NLD,MYS,760410
7984598,163,153,8562,2010,1860.0,0.0,0.865676,0.138757,NOR,MYS,760410
7984599,166,153,8562,2010,0.0,106799.0,0.36828299999999997,0.574574,NZL,MYS,760410
7984600,167,153,8562,2010,0.0,326078.0,-0.487612,-0.9551379999999999,OMN,MYS,760410
7984601,174,153,8562,2010,0.0,495318.0,0.40418899999999996,0.102497,PHL,MYS,760410
7984602,183,153,8562,2010,0.0,8319.0,-0.346143,-1.078192,QAT,MYS,760410
7984603,186,153,8562,2010,5351.0,0.0,0.583996,-0.223881,RUS,MYS,760410
7984604,188,153,8562,2010,0.0,2212718.0,0.46696400000000005,-0.7487520000000001,SAU,MYS,760410
7984605,192,153,8562,2010,2038679.0,3781416.0,1.8441349999999999,0.570311,SGP,MYS,760410
7984606,208,153,8562,2010,0.0,297217.0,1.882239,0.397927,SWE,MYS,760410
7984607,216,153,8562,2010,581637.0,2169927.0,0.748328,1.425224,THA,MYS,760410
7984608,231,153,8562,2010,153276.0,24859.0,1.67573,-0.598165,USA,MYS,760410
7984609,239,153,8562,2010,67705.0,1158355.0,-0.24660500000000002,1.427235,VNM,MYS,760410
7984610,243,153,8562,2010,0.0,31729.0,-1.360851,-1.208826,YEM,MYS,760410
7984611,246,153,8562,2010,3804.0,187421.0,0.327326,1.513598,ZAF,MYS,760410
7984612,249,153,8562,2010,361779.0,929080.0,1.766729,0.909335,TWN,MYS,760410
7984613,0,162,8562,2010,0.0,26513.0,0.9906219999999999,0.159993,ABW,NLD,760410
7984614,6,162,8562,2010,0.0,111410.0,-0.08593200000000001,-0.691395,ANT,NLD,760410
7984615,7,162,8562,2010,0.0,25893.0,0.29457,-0.196371,ARE,NLD,760410
7984616,8,162,8562,2010,0.0,1942.0,0.27458899999999997,0.597907,ARG,NLD,760410
7984617,14,162,8562,2010,0.0,6487.0,-0.276442,0.062023,AUS,NLD,760410
7984618,15,162,8562,2010,175024.0,284178.0,1.724315,-0.29379099999999997,AUT,NLD,760410
7984619,18,162,8562,2010,15469062.0,8883383.0,1.2224270000000002,1.1276,BEL,NLD,760410
7984620,23,162,8562,2010,958063.0,22498.0,0.44973,1.445441,BGR,NLD,760410
7984621,24,162,8562,2010,6161158.0,0.0,0.284356,-0.8362,BHR,NLD,760410
7984622,26,162,8562,2010,0.0,15334.0,0.462275,0.830405,BIH,NLD,760410
7984623,28,162,8562,2010,0.0,12066.0,0.969851,0.593386,BLR,NLD,760410
7984624,31,162,8562,2010,0.0,1822.0,-0.83736,-0.812473,BOL,NLD,760410
7984625,32,162,8562,2010,0.0,15102.0,0.40715500000000004,0.6208100000000001,BRA,NLD,760410
7984626,39,162,8562,2010,150676.0,133608.0,0.752421,1.2208510000000001,CAN,NLD,760410
7984627,41,162,8562,2010,354296.0,442216.0,2.1492080000000002,0.556424,CHE,NLD,760410
7984628,43,162,8562,2010,35773.0,106932.0,0.922493,2.0176,CHN,NLD,760410
7984629,49,162,8562,2010,0.0,2482.0,0.097222,-0.064328,COL,NLD,760410
7984630,58,162,8562,2010,0.0,33816.0,0.8776450000000001,0.568389,CYP,NLD,760410
7984631,59,162,8562,2010,7637.0,35696.0,1.732044,0.333934,CZE,NLD,760410
7984632,61,162,8562,2010,16715703.0,7557946.0,2.035672,-3.383322,DEU,NLD,760410
7984633,64,162,8562,2010,63018.0,730523.0,1.082468,1.280759,DNK,NLD,760410
7984634,71,162,8562,2010,163784.0,534976.0,0.832619,2.448009,ESP,NLD,760410
7984635,72,162,8562,2010,0.0,20937.0,0.832316,1.1844649999999999,EST,NLD,760410
7984636,73,162,8562,2010,0.0,6784.0,-1.122906,-0.840777,ETH,NLD,760410
7984637,74,162,8562,2010,0.0,17926.0,1.745464,0.897992,FIN,NLD,760410
7984638,77,162,8562,2010,685062.0,4037672.0,1.530027,-0.052557000000000006,FRA,NLD,760410
7984639,81,162,8562,2010,1688133.0,830281.0,1.828224,0.386383,GBR,NLD,760410
7984640,90,162,8562,2010,7487737.0,8191.0,0.200249,1.4640090000000001,GRC,NLD,760410
7984641,97,162,8562,2010,0.0,6236.0,0.715745,1.9780259999999998,HKG,NLD,760410
7984642,100,162,8562,2010,0.0,11931.0,0.8276979999999999,0.97415,HRV,NLD,760410
7984643,102,162,8562,2010,44180.0,1497564.0,1.514225,0.740341,HUN,NLD,760410
7984644,103,162,8562,2010,1225.0,1199.0,-0.30878099999999997,1.07069,IDN,NLD,760410
7984645,104,162,8562,2010,1676.0,0.0,0.14485599999999998,2.408913,IND,NLD,760410
7984646,106,162,8562,2010,0.0,46518.0,1.371357,0.168795,IRL,NLD,760410
7984647,109,162,8562,2010,0.0,13539.0,0.20822100000000002,-0.318294,ISL,NLD,760410
7984648,110,162,8562,2010,13062.0,3978.0,1.215834,0.7028340000000001,ISR,NLD,760410
7984649,111,162,8562,2010,3131970.0,573010.0,1.272385,0.545721,ITA,NLD,760410
7984650,113,162,8562,2010,0.0,5216.0,0.251702,0.522758,JOR,NLD,760410
7984651,114,162,8562,2010,1311.0,112952.0,2.459723,-0.279387,JPN,NLD,760410
7984652,115,162,8562,2010,0.0,2249.0,-0.6278020000000001,-0.8419760000000001,KAZ,NLD,760410
7984653,116,162,8562,2010,0.0,6964.0,-0.387187,1.010443,KEN,NLD,760410
7984654,121,162,8562,2010,89758.0,31304.0,1.7118849999999999,0.762362,KOR,NLD,760410
7984655,122,162,8562,2010,0.0,255332.0,0.067373,-1.0822120000000002,KWT,NLD,760410
7984656,124,162,8562,2010,123098.0,1109.0,0.415854,1.424085,LBN,NLD,760410
7984657,128,162,8562,2010,1193.0,784.0,-0.70886,0.25216700000000003,LKA,NLD,760410
7984658,130,162,8562,2010,0.0,16366.0,0.6390600000000001,1.144911,LTU,NLD,760410
7984659,131,162,8562,2010,23616.0,25910.0,1.272127,1.1051520000000001,LUX,NLD,760410
7984660,132,162,8562,2010,0.0,9977.0,0.6158170000000001,1.1401059999999998,LVA,NLD,760410
7984661,134,162,8562,2010,0.0,1549.0,-0.5935229999999999,-0.056497000000000006,MAR,NLD,760410
7984662,138,162,8562,2010,0.0,101071.0,1.132664,0.675756,MEX,NLD,760410
7984663,140,162,8562,2010,0.0,1247.0,-0.122842,0.407017,MKD,NLD,760410
7984664,142,162,8562,2010,0.0,59197.0,1.211797,-0.024923,MLT,NLD,760410
7984665,144,162,8562,2010,0.0,3431.0,0.266397,-0.02502,MNE,NLD,760410
7984666,151,162,8562,2010,0.0,2072.0,-0.173542,0.103727,MUS,NLD,760410
7984667,153,162,8562,2010,323726.0,4659.0,0.9530780000000001,0.607456,MYS,NLD,760410
7984668,159,162,8562,2010,0.0,1303.0,-1.887084,-1.2280229999999999,NGA,NLD,760410
7984669,163,162,8562,2010,0.0,151105.0,0.865676,0.138757,NOR,NLD,760410
7984670,166,162,8562,2010,0.0,29263.0,0.36828299999999997,0.574574,NZL,NLD,760410
7984671,167,162,8562,2010,0.0,142277.0,-0.487612,-0.9551379999999999,OMN,NLD,760410
7984672,168,162,8562,2010,0.0,2246.0,-0.692071,0.5409010000000001,PAK,NLD,760410
7984673,173,162,8562,2010,0.0,13401.0,-0.650327,0.162321,PER,NLD,760410
7984674,177,162,8562,2010,619451.0,110606.0,1.083552,1.1433719999999998,POL,NLD,760410
7984675,179,162,8562,2010,788514.0,248088.0,0.551149,2.437209,PRT,NLD,760410
7984676,185,162,8562,2010,3667.0,141925.0,0.6483760000000001,1.200256,ROU,NLD,760410
7984677,186,162,8562,2010,0.0,12272.0,0.583996,-0.223881,RUS,NLD,760410
7984678,192,162,8562,2010,0.0,7779.0,1.8441349999999999,0.570311,SGP,NLD,760410
7984679,201,162,8562,2010,0.0,30619.0,0.561161,1.33974,SRB,NLD,760410
7984680,205,162,8562,2010,0.0,601374.0,-0.5734560000000001,-0.936167,SUR,NLD,760410
7984681,206,162,8562,2010,4397.0,5419.0,1.278601,0.726907,SVK,NLD,760410
7984682,207,162,8562,2010,412082.0,107023.0,1.595473,0.7023020000000001,SVN,NLD,760410
7984683,208,162,8562,2010,79884.0,46168.0,1.882239,0.397927,SWE,NLD,760410
7984684,212,162,8562,2010,0.0,2476.0,-0.46833800000000003,1.11952,SYR,NLD,760410
7984685,216,162,8562,2010,6626.0,18328.0,0.748328,1.425224,THA,NLD,760410
7984686,223,162,8562,2010,0.0,1118.0,0.165019,0.8882059999999999,TUN,NLD,760410
7984687,224,162,8562,2010,405373.0,57579.0,0.359977,2.471173,TUR,NLD,760410
7984688,226,162,8562,2010,0.0,13194.0,-0.7327,0.427616,TZA,NLD,760410
7984689,231,162,8562,2010,199483.0,46007.0,1.67573,-0.598165,USA,NLD,760410
7984690,239,162,8562,2010,12624.0,48720.0,-0.24660500000000002,1.427235,VNM,NLD,760410
7984691,246,162,8562,2010,0.0,6076.0,0.327326,1.513598,ZAF,NLD,760410
7984692,247,162,8562,2010,0.0,2454.0,-0.650686,-0.830332,ZMB,NLD,760410
7984693,249,162,8562,2010,288832.0,0.0,1.766729,0.909335,TWN,NLD,760410
7984694,250,162,8562,2010,2306.0,0.0,0.45129600000000003,-0.223517,ANS,NLD,760410
7984695,10,166,8562,2010,0.0,11260.0,0.966701,0.006139,ASM,NZL,760410
7984696,14,166,8562,2010,691167.0,26094396.0,-0.276442,0.062023,AUS,NZL,760410
7984697,18,166,8562,2010,2386.0,0.0,1.2224270000000002,1.1276,BEL,NZL,760410
7984698,24,166,8562,2010,1783646.0,0.0,0.284356,-0.8362,BHR,NZL,760410
7984699,39,166,8562,2010,96914.0,1636.0,0.752421,1.2208510000000001,CAN,NZL,760410
7984700,41,166,8562,2010,1003.0,0.0,2.1492080000000002,0.556424,CHE,NZL,760410
7984701,43,166,8562,2010,12198.0,78578.0,0.922493,2.0176,CHN,NZL,760410
7984702,48,166,8562,2010,0.0,97240.0,0.366399,-0.555715,COK,NZL,760410
7984703,59,166,8562,2010,5504.0,0.0,1.732044,0.333934,CZE,NZL,760410
7984704,61,166,8562,2010,69273.0,0.0,2.035672,-3.383322,DEU,NZL,760410
7984705,64,166,8562,2010,1786.0,0.0,1.082468,1.280759,DNK,NZL,760410
7984706,71,166,8562,2010,12265.0,1168.0,0.832619,2.448009,ESP,NZL,760410
7984707,75,166,8562,2010,0.0,57680.0,-0.603112,-0.29135500000000003,FJI,NZL,760410
7984708,81,166,8562,2010,35727.0,7782.0,1.828224,0.386383,GBR,NZL,760410
7984709,97,166,8562,2010,0.0,46877.0,0.715745,1.9780259999999998,HKG,NZL,760410
7984710,103,166,8562,2010,33188.0,0.0,-0.30878099999999997,1.07069,IDN,NZL,760410
7984711,153,166,8562,2010,106799.0,0.0,0.9530780000000001,0.607456,MYS,NZL,760410
7984712,156,166,8562,2010,0.0,49200.0,-0.42193500000000006,-0.8256610000000001,NCL,NZL,760410
7984713,162,166,8562,2010,29263.0,0.0,1.237998,1.1891209999999999,NLD,NZL,760410
7984714,174,166,8562,2010,0.0,14825.0,0.40418899999999996,0.102497,PHL,NZL,760410
7984715,176,166,8562,2010,0.0,142910.0,-1.725138,-1.195622,PNG,NZL,760410
7984716,182,166,8562,2010,0.0,763902.0,-0.47692700000000005,-0.8429760000000001,PYF,NZL,760410
7984717,192,166,8562,2010,4769.0,55396.0,1.8441349999999999,0.570311,SGP,NZL,760410
7984718,221,166,8562,2010,0.0,9347.0,-0.650658,-0.774469,TON,NZL,760410
7984719,224,166,8562,2010,67115.0,0.0,0.359977,2.471173,TUR,NZL,760410
7984720,231,166,8562,2010,167273.0,3124.0,1.67573,-0.598165,USA,NZL,760410
7984721,239,166,8562,2010,0.0,47032.0,-0.24660500000000002,1.427235,VNM,NZL,760410
7984722,240,166,8562,2010,0.0,32300.0,-0.8922190000000001,-0.87134,VUT,NZL,760410
7984723,242,166,8562,2010,0.0,35480.0,1.236381,0.276124,WSM,NZL,760410
7984724,249,166,8562,2010,3412.0,0.0,1.766729,0.909335,TWN,NZL,760410
7984725,6,169,8562,2010,0.0,4934.0,-0.08593200000000001,-0.691395,ANT,PAN,760410
7984726,8,169,8562,2010,16739.0,0.0,0.27458899999999997,0.597907,ARG,PAN,760410
7984727,32,169,8562,2010,9537.0,323.0,0.40715500000000004,0.6208100000000001,BRA,PAN,760410
7984728,39,169,8562,2010,2900.0,0.0,0.752421,1.2208510000000001,CAN,PAN,760410
7984729,42,169,8562,2010,29679.0,0.0,-0.34914,-0.459395,CHL,PAN,760410
7984730,43,169,8562,2010,992496.0,0.0,0.922493,2.0176,CHN,PAN,760410
7984731,49,169,8562,2010,82345.0,41952.0,0.097222,-0.064328,COL,PAN,760410
7984732,52,169,8562,2010,193341.0,71033.0,-0.122722,-0.7062069999999999,CRI,PAN,760410
7984733,65,169,8562,2010,0.0,1596.0,-0.245241,0.368626,DOM,PAN,760410
7984734,67,169,8562,2010,19042.0,0.0,-0.584013,-0.743675,ECU,PAN,760410
7984735,68,169,8562,2010,58918.0,0.0,-0.181826,1.409465,EGY,PAN,760410
7984736,71,169,8562,2010,172097.0,0.0,0.832619,2.448009,ESP,PAN,760410
7984737,77,169,8562,2010,28557.0,703.0,1.530027,-0.052557000000000006,FRA,PAN,760410
7984738,93,169,8562,2010,3180.0,23282.0,-0.39034,0.743521,GTM,PAN,760410
7984739,96,169,8562,2010,0.0,971.0,-1.020217,-1.0231569999999999,GUY,PAN,760410
7984740,97,169,8562,2010,37960.0,0.0,0.715745,1.9780259999999998,HKG,PAN,760410
7984741,111,169,8562,2010,3465.0,0.0,1.272385,0.545721,ITA,PAN,760410
7984742,127,169,8562,2010,0.0,2845.0,0.446162,-0.279229,LCA,PAN,760410
7984743,138,169,8562,2010,20697.0,0.0,1.132664,0.675756,MEX,PAN,760410
7984744,160,169,8562,2010,0.0,4185.0,-0.9387409999999999,-0.8119569999999999,NIC,PAN,760410
7984745,173,169,8562,2010,8280.0,0.0,-0.650327,0.162321,PER,PAN,760410
7984746,197,169,8562,2010,60603.0,20898.0,-0.101434,0.132639,SLV,PAN,760410
7984747,207,169,8562,2010,14912.0,0.0,1.595473,0.7023020000000001,SVN,PAN,760410
7984748,222,169,8562,2010,0.0,2280.0,-0.338123,-1.070239,TTO,PAN,760410
7984749,231,169,8562,2010,43595.0,9580.0,1.67573,-0.598165,USA,PAN,760410
7984750,236,169,8562,2010,5094.0,12163.0,-0.660844,-1.145133,VEN,PAN,760410
7984751,246,169,8562,2010,14713.0,0.0,0.327326,1.513598,ZAF,PAN,760410
7984752,249,169,8562,2010,65598.0,0.0,1.766729,0.909335,TWN,PAN,760410
7984753,250,169,8562,2010,0.0,3617.0,0.45129600000000003,-0.223517,ANS,PAN,760410
7984754,8,173,8562,2010,2803.0,0.0,0.27458899999999997,0.597907,ARG,PER,760410
7984755,24,173,8562,2010,1986633.0,0.0,0.284356,-0.8362,BHR,PER,760410
7984756,31,173,8562,2010,0.0,1912.0,-0.83736,-0.812473,BOL,PER,760410
7984757,32,173,8562,2010,30736.0,0.0,0.40715500000000004,0.6208100000000001,BRA,PER,760410
7984758,42,173,8562,2010,65704.0,0.0,-0.34914,-0.459395,CHL,PER,760410
7984759,43,173,8562,2010,249768.0,0.0,0.922493,2.0176,CHN,PER,760410
7984760,61,173,8562,2010,3850.0,0.0,2.035672,-3.383322,DEU,PER,760410
7984761,67,173,8562,2010,0.0,116599.0,-0.584013,-0.743675,ECU,PER,760410
7984762,71,173,8562,2010,51858.0,0.0,0.832619,2.448009,ESP,PER,760410
7984763,81,173,8562,2010,3954.0,0.0,1.828224,0.386383,GBR,PER,760410
7984764,111,173,8562,2010,40914.0,0.0,1.272385,0.545721,ITA,PER,760410
7984765,138,173,8562,2010,1333.0,0.0,1.132664,0.675756,MEX,PER,760410
7984766,162,173,8562,2010,13401.0,0.0,1.237998,1.1891209999999999,NLD,PER,760410
7984767,169,173,8562,2010,0.0,8280.0,0.617867,0.903432,PAN,PER,760410
7984768,231,173,8562,2010,5058.0,0.0,1.67573,-0.598165,USA,PER,760410
7984769,249,173,8562,2010,31062.0,0.0,1.766729,0.909335,TWN,PER,760410
7984770,14,174,8562,2010,558837.0,0.0,-0.276442,0.062023,AUS,PHL,760410
7984771,15,174,8562,2010,0.0,4008.0,1.724315,-0.29379099999999997,AUT,PHL,760410
7984772,32,174,8562,2010,6462.0,0.0,0.40715500000000004,0.6208100000000001,BRA,PHL,760410
7984773,39,174,8562,2010,0.0,79576.0,0.752421,1.2208510000000001,CAN,PHL,760410
7984774,43,174,8562,2010,10550.0,0.0,0.922493,2.0176,CHN,PHL,760410
7984775,61,174,8562,2010,22498.0,0.0,2.035672,-3.383322,DEU,PHL,760410
7984776,64,174,8562,2010,3351.0,0.0,1.082468,1.280759,DNK,PHL,760410
7984777,71,174,8562,2010,8913.0,0.0,0.832619,2.448009,ESP,PHL,760410
7984778,77,174,8562,2010,0.0,1856.0,1.530027,-0.052557000000000006,FRA,PHL,760410
7984779,81,174,8562,2010,20780.0,0.0,1.828224,0.386383,GBR,PHL,760410
7984780,103,174,8562,2010,2562058.0,636710.0,-0.30878099999999997,1.07069,IDN,PHL,760410
7984781,104,174,8562,2010,2513.0,1193.0,0.14485599999999998,2.408913,IND,PHL,760410
7984782,111,174,8562,2010,3965.0,0.0,1.272385,0.545721,ITA,PHL,760410
7984783,113,174,8562,2010,0.0,2224.0,0.251702,0.522758,JOR,PHL,760410
7984784,114,174,8562,2010,188946.0,5329.0,2.459723,-0.279387,JPN,PHL,760410
7984785,121,174,8562,2010,6634.0,0.0,1.7118849999999999,0.762362,KOR,PHL,760410
7984786,153,174,8562,2010,495318.0,0.0,0.9530780000000001,0.607456,MYS,PHL,760410
7984787,166,174,8562,2010,14825.0,0.0,0.36828299999999997,0.574574,NZL,PHL,760410
7984788,192,174,8562,2010,119476.0,999.0,1.8441349999999999,0.570311,SGP,PHL,760410
7984789,216,174,8562,2010,29892.0,0.0,0.748328,1.425224,THA,PHL,760410
7984790,224,174,8562,2010,955.0,0.0,0.359977,2.471173,TUR,PHL,760410
7984791,231,174,8562,2010,56161.0,26757.0,1.67573,-0.598165,USA,PHL,760410
7984792,239,174,8562,2010,398118.0,0.0,-0.24660500000000002,1.427235,VNM,PHL,760410
7984793,249,174,8562,2010,1123957.0,0.0,1.766729,0.909335,TWN,PHL,760410
7984794,7,177,8562,2010,0.0,3873.0,0.29457,-0.196371,ARE,POL,760410
7984795,12,177,8562,2010,0.0,19475.0,0.45676300000000003,-0.75267,ATF,POL,760410
7984796,15,177,8562,2010,140005.0,63778.0,1.724315,-0.29379099999999997,AUT,POL,760410
7984797,18,177,8562,2010,165274.0,8840.0,1.2224270000000002,1.1276,BEL,POL,760410
7984798,23,177,8562,2010,53397.0,26360.0,0.44973,1.445441,BGR,POL,760410
7984799,26,177,8562,2010,36327.0,22525.0,0.462275,0.830405,BIH,POL,760410
7984800,28,177,8562,2010,0.0,27887.0,0.969851,0.593386,BLR,POL,760410
7984801,39,177,8562,2010,1274.0,897.0,0.752421,1.2208510000000001,CAN,POL,760410
7984802,41,177,8562,2010,174523.0,8496.0,2.1492080000000002,0.556424,CHE,POL,760410
7984803,42,177,8562,2010,0.0,22379.0,-0.34914,-0.459395,CHL,POL,760410
7984804,43,177,8562,2010,234346.0,4271.0,0.922493,2.0176,CHN,POL,760410
7984805,59,177,8562,2010,52002.0,500097.0,1.732044,0.333934,CZE,POL,760410
7984806,61,177,8562,2010,3431119.0,7938536.0,2.035672,-3.383322,DEU,POL,760410
7984807,64,177,8562,2010,119004.0,3138520.0,1.082468,1.280759,DNK,POL,760410
7984808,68,177,8562,2010,0.0,3322.0,-0.181826,1.409465,EGY,POL,760410
7984809,71,177,8562,2010,11919974.0,4510.0,0.832619,2.448009,ESP,POL,760410
7984810,72,177,8562,2010,0.0,151516.0,0.832316,1.1844649999999999,EST,POL,760410
7984811,74,177,8562,2010,153856.0,118041.0,1.745464,0.897992,FIN,POL,760410
7984812,77,177,8562,2010,332768.0,160500.0,1.530027,-0.052557000000000006,FRA,POL,760410
7984813,81,177,8562,2010,39737.0,33239.0,1.828224,0.386383,GBR,POL,760410
7984814,90,177,8562,2010,48951.0,0.0,0.200249,1.4640090000000001,GRC,POL,760410
7984815,100,177,8562,2010,44880.0,36836.0,0.8276979999999999,0.97415,HRV,POL,760410
7984816,102,177,8562,2010,117605.0,381437.0,1.514225,0.740341,HUN,POL,760410
7984817,103,177,8562,2010,7771.0,0.0,-0.30878099999999997,1.07069,IDN,POL,760410
7984818,106,177,8562,2010,0.0,92897.0,1.371357,0.168795,IRL,POL,760410
7984819,110,177,8562,2010,0.0,15616.0,1.215834,0.7028340000000001,ISR,POL,760410
7984820,111,177,8562,2010,1619533.0,1547847.0,1.272385,0.545721,ITA,POL,760410
7984821,115,177,8562,2010,0.0,78216.0,-0.6278020000000001,-0.8419760000000001,KAZ,POL,760410
7984822,117,177,8562,2010,0.0,18716.0,-0.48426400000000003,-0.169443,KGZ,POL,760410
7984823,121,177,8562,2010,20478.0,0.0,1.7118849999999999,0.762362,KOR,POL,760410
7984824,122,177,8562,2010,0.0,114932.0,0.067373,-1.0822120000000002,KWT,POL,760410
7984825,124,177,8562,2010,0.0,4457.0,0.415854,1.424085,LBN,POL,760410
7984826,130,177,8562,2010,17872.0,391535.0,0.6390600000000001,1.144911,LTU,POL,760410
7984827,132,177,8562,2010,0.0,221136.0,0.6158170000000001,1.1401059999999998,LVA,POL,760410
7984828,135,177,8562,2010,0.0,61333.0,-0.116797,0.037801,MDA,POL,760410
7984829,140,177,8562,2010,0.0,18680.0,-0.122842,0.407017,MKD,POL,760410
7984830,162,177,8562,2010,110606.0,619451.0,1.237998,1.1891209999999999,NLD,POL,760410
7984831,163,177,8562,2010,40837.0,218356.0,0.865676,0.138757,NOR,POL,760410
7984832,179,177,8562,2010,0.0,118078.0,0.551149,2.437209,PRT,POL,760410
7984833,185,177,8562,2010,0.0,329988.0,0.6483760000000001,1.200256,ROU,POL,760410
7984834,186,177,8562,2010,10469.0,559838.0,0.583996,-0.223881,RUS,POL,760410
7984835,201,177,8562,2010,0.0,19292.0,0.561161,1.33974,SRB,POL,760410
7984836,206,177,8562,2010,1255.0,650894.0,1.278601,0.726907,SVK,POL,760410
7984837,207,177,8562,2010,22881.0,50359.0,1.595473,0.7023020000000001,SVN,POL,760410
7984838,208,177,8562,2010,57113.0,23831.0,1.882239,0.397927,SWE,POL,760410
7984839,223,177,8562,2010,0.0,3035.0,0.165019,0.8882059999999999,TUN,POL,760410
7984840,224,177,8562,2010,300419.0,2763.0,0.359977,2.471173,TUR,POL,760410
7984841,228,177,8562,2010,0.0,839072.0,0.714148,0.916267,UKR,POL,760410
7984842,231,177,8562,2010,56678.0,14226.0,1.67573,-0.598165,USA,POL,760410
7984843,249,177,8562,2010,3638.0,0.0,1.766729,0.909335,TWN,POL,760410
7984844,250,177,8562,2010,0.0,34583.0,0.45129600000000003,-0.223517,ANS,POL,760410
7984845,2,179,8562,2010,0.0,1800005.0,-1.3711010000000001,-1.170608,AGO,PRT,760410
7984846,14,179,8562,2010,0.0,50719.0,-0.276442,0.062023,AUS,PRT,760410
7984847,15,179,8562,2010,12790.0,0.0,1.724315,-0.29379099999999997,AUT,PRT,760410
7984848,18,179,8562,2010,225920.0,544850.0,1.2224270000000002,1.1276,BEL,PRT,760410
7984849,23,179,8562,2010,29754.0,0.0,0.44973,1.445441,BGR,PRT,760410
7984850,24,179,8562,2010,0.0,2046.0,0.284356,-0.8362,BHR,PRT,760410
7984851,32,179,8562,2010,0.0,26273.0,0.40715500000000004,0.6208100000000001,BRA,PRT,760410
7984852,39,179,8562,2010,1416.0,4840.0,0.752421,1.2208510000000001,CAN,PRT,760410
7984853,41,179,8562,2010,1121268.0,186845.0,2.1492080000000002,0.556424,CHE,PRT,760410
7984854,43,179,8562,2010,13131.0,4402.0,0.922493,2.0176,CHN,PRT,760410
7984855,49,179,8562,2010,0.0,10301.0,0.097222,-0.064328,COL,PRT,760410
7984856,51,179,8562,2010,0.0,831035.0,0.140658,-0.527468,CPV,PRT,760410
7984857,59,179,8562,2010,83672.0,5080.0,1.732044,0.333934,CZE,PRT,760410
7984858,61,179,8562,2010,2714842.0,1136930.0,2.035672,-3.383322,DEU,PRT,760410
7984859,64,179,8562,2010,0.0,14784.0,1.082468,1.280759,DNK,PRT,760410
7984860,66,179,8562,2010,0.0,35337.0,-1.00922,-1.1511040000000001,DZA,PRT,760410
7984861,68,179,8562,2010,156334.0,0.0,-0.181826,1.409465,EGY,PRT,760410
7984862,71,179,8562,2010,10213225.0,8584843.0,0.832619,2.448009,ESP,PRT,760410
7984863,77,179,8562,2010,213970.0,1444922.0,1.530027,-0.052557000000000006,FRA,PRT,760410
7984864,81,179,8562,2010,19812278.0,66100.0,1.828224,0.386383,GBR,PRT,760410
7984865,88,179,8562,2010,0.0,135424.0,-1.695338,-0.9196790000000001,GNB,PRT,760410
7984866,90,179,8562,2010,4075.0,3123.0,0.200249,1.4640090000000001,GRC,PRT,760410
7984867,102,179,8562,2010,3231.0,0.0,1.514225,0.740341,HUN,PRT,760410
7984868,104,179,8562,2010,0.0,7592.0,0.14485599999999998,2.408913,IND,PRT,760410
7984869,111,179,8562,2010,367213.0,11769.0,1.272385,0.545721,ITA,PRT,760410
7984870,134,179,8562,2010,0.0,12838.0,-0.5935229999999999,-0.056497000000000006,MAR,PRT,760410
7984871,138,179,8562,2010,0.0,27944.0,1.132664,0.675756,MEX,PRT,760410
7984872,147,179,8562,2010,0.0,315756.0,-1.479855,-1.070518,MOZ,PRT,760410
7984873,155,179,8562,2010,0.0,942.0,-0.49860299999999996,-0.6728529999999999,NAM,PRT,760410
7984874,162,179,8562,2010,248088.0,788514.0,1.237998,1.1891209999999999,NLD,PRT,760410
7984875,163,179,8562,2010,2769.0,0.0,0.865676,0.138757,NOR,PRT,760410
7984876,177,179,8562,2010,118078.0,0.0,1.083552,1.1433719999999998,POL,PRT,760410
7984877,183,179,8562,2010,0.0,27275.0,-0.346143,-1.078192,QAT,PRT,760410
7984878,185,179,8562,2010,0.0,8478.0,0.6483760000000001,1.200256,ROU,PRT,760410
7984879,191,179,8562,2010,0.0,2152.0,-0.45445,-0.148149,SEN,PRT,760410
7984880,198,179,8562,2010,0.0,71637.0,1.0115299999999998,0.29852399999999996,SMR,PRT,760410
7984881,206,179,8562,2010,0.0,10371.0,1.278601,0.726907,SVK,PRT,760410
7984882,208,179,8562,2010,9204.0,0.0,1.882239,0.397927,SWE,PRT,760410
7984883,223,179,8562,2010,0.0,6409.0,0.165019,0.8882059999999999,TUN,PRT,760410
7984884,231,179,8562,2010,12642.0,0.0,1.67573,-0.598165,USA,PRT,760410
7984885,8,180,8562,2010,28746.0,0.0,0.27458899999999997,0.597907,ARG,PRY,760410
7984886,32,180,8562,2010,19390.0,0.0,0.40715500000000004,0.6208100000000001,BRA,PRY,760410
7984887,43,180,8562,2010,1275.0,0.0,0.922493,2.0176,CHN,PRY,760410
7984888,111,180,8562,2010,3123.0,0.0,1.272385,0.545721,ITA,PRY,760410
7984889,230,180,8562,2010,1103.0,0.0,0.217246,-0.079733,URY,PRY,760410
7984890,231,180,8562,2010,4138.0,0.0,1.67573,-0.598165,USA,PRY,760410
7984891,7,183,8562,2010,15540646.0,0.0,0.29457,-0.196371,ARE,QAT,760410
7984892,14,183,8562,2010,292989.0,0.0,-0.276442,0.062023,AUS,QAT,760410
7984893,18,183,8562,2010,26542.0,0.0,1.2224270000000002,1.1276,BEL,QAT,760410
7984894,24,183,8562,2010,6899385.0,29624.0,0.284356,-0.8362,BHR,QAT,760410
7984895,32,183,8562,2010,29075.0,0.0,0.40715500000000004,0.6208100000000001,BRA,QAT,760410
7984896,39,183,8562,2010,6643.0,0.0,0.752421,1.2208510000000001,CAN,QAT,760410
7984897,43,183,8562,2010,488036.0,0.0,0.922493,2.0176,CHN,QAT,760410
7984898,61,183,8562,2010,23010.0,0.0,2.035672,-3.383322,DEU,QAT,760410
7984899,71,183,8562,2010,4427.0,0.0,0.832619,2.448009,ESP,QAT,760410
7984900,77,183,8562,2010,58623.0,0.0,1.530027,-0.052557000000000006,FRA,QAT,760410
7984901,81,183,8562,2010,26581.0,0.0,1.828224,0.386383,GBR,QAT,760410
7984902,90,183,8562,2010,443687.0,0.0,0.200249,1.4640090000000001,GRC,QAT,760410
7984903,97,183,8562,2010,13313.0,0.0,0.715745,1.9780259999999998,HKG,QAT,760410
7984904,104,183,8562,2010,10891.0,0.0,0.14485599999999998,2.408913,IND,QAT,760410
7984905,106,183,8562,2010,6937.0,0.0,1.371357,0.168795,IRL,QAT,760410
7984906,107,183,8562,2010,14089.0,0.0,-0.609874,-0.744733,IRN,QAT,760410
7984907,111,183,8562,2010,15992.0,0.0,1.272385,0.545721,ITA,QAT,760410
7984908,113,183,8562,2010,112949.0,0.0,0.251702,0.522758,JOR,QAT,760410
7984909,114,183,8562,2010,10059.0,0.0,2.459723,-0.279387,JPN,QAT,760410
7984910,121,183,8562,2010,4645.0,0.0,1.7118849999999999,0.762362,KOR,QAT,760410
7984911,122,183,8562,2010,334803.0,0.0,0.067373,-1.0822120000000002,KWT,QAT,760410
7984912,124,183,8562,2010,43510.0,0.0,0.415854,1.424085,LBN,QAT,760410
7984913,153,183,8562,2010,8319.0,0.0,0.9530780000000001,0.607456,MYS,QAT,760410
7984914,163,183,8562,2010,207105.0,0.0,0.865676,0.138757,NOR,QAT,760410
7984915,167,183,8562,2010,3366690.0,0.0,-0.487612,-0.9551379999999999,OMN,QAT,760410
7984916,168,183,8562,2010,3626.0,0.0,-0.692071,0.5409010000000001,PAK,QAT,760410
7984917,179,183,8562,2010,27275.0,0.0,0.551149,2.437209,PRT,QAT,760410
7984918,188,183,8562,2010,20854312.0,77590.0,0.46696400000000005,-0.7487520000000001,SAU,QAT,760410
7984919,208,183,8562,2010,19863.0,0.0,1.882239,0.397927,SWE,QAT,760410
7984920,216,183,8562,2010,31651.0,0.0,0.748328,1.425224,THA,QAT,760410
7984921,224,183,8562,2010,32851.0,0.0,0.359977,2.471173,TUR,QAT,760410
7984922,231,183,8562,2010,50942.0,0.0,1.67573,-0.598165,USA,QAT,760410
7984923,249,183,8562,2010,6213.0,0.0,1.766729,0.909335,TWN,QAT,760410
7984924,7,188,8562,2010,27477768.0,40797976.0,0.29457,-0.196371,ARE,SAU,760410
7984925,18,188,8562,2010,40357.0,0.0,1.2224270000000002,1.1276,BEL,SAU,760410
7984926,21,188,8562,2010,0.0,3493.0,-0.625747,-0.700651,BFA,SAU,760410
7984927,24,188,8562,2010,10163170.0,368137.0,0.284356,-0.8362,BHR,SAU,760410
7984928,39,188,8562,2010,75493.0,0.0,0.752421,1.2208510000000001,CAN,SAU,760410
7984929,43,188,8562,2010,8675.0,0.0,0.922493,2.0176,CHN,SAU,760410
7984930,44,188,8562,2010,0.0,47241.0,-1.256641,-0.946767,CIV,SAU,760410
7984931,61,188,8562,2010,16359.0,0.0,2.035672,-3.383322,DEU,SAU,760410
7984932,68,188,8562,2010,16466.0,257644.0,-0.181826,1.409465,EGY,SAU,760410
7984933,71,188,8562,2010,121022.0,0.0,0.832619,2.448009,ESP,SAU,760410
7984934,74,188,8562,2010,76088.0,0.0,1.745464,0.897992,FIN,SAU,760410
7984935,81,188,8562,2010,361024.0,0.0,1.828224,0.386383,GBR,SAU,760410
7984936,90,188,8562,2010,28496.0,0.0,0.200249,1.4640090000000001,GRC,SAU,760410
7984937,104,188,8562,2010,458193.0,73182.0,0.14485599999999998,2.408913,IND,SAU,760410
7984938,111,188,8562,2010,187803.0,0.0,1.272385,0.545721,ITA,SAU,760410
7984939,113,188,8562,2010,146452.0,270816.0,0.251702,0.522758,JOR,SAU,760410
7984940,116,188,8562,2010,0.0,13920.0,-0.387187,1.010443,KEN,SAU,760410
7984941,121,188,8562,2010,17268.0,0.0,1.7118849999999999,0.762362,KOR,SAU,760410
7984942,122,188,8562,2010,2137446.0,1302632.0,0.067373,-1.0822120000000002,KWT,SAU,760410
7984943,124,188,8562,2010,0.0,5638360.0,0.415854,1.424085,LBN,SAU,760410
7984944,126,188,8562,2010,0.0,45953.0,-0.706491,-1.140822,LBY,SAU,760410
7984945,128,188,8562,2010,0.0,21268.0,-0.70886,0.25216700000000003,LKA,SAU,760410
7984946,153,188,8562,2010,2212718.0,0.0,0.9530780000000001,0.607456,MYS,SAU,760410
7984947,163,188,8562,2010,2570.0,0.0,0.865676,0.138757,NOR,SAU,760410
7984948,167,188,8562,2010,5656264.0,2160696.0,-0.487612,-0.9551379999999999,OMN,SAU,760410
7984949,183,188,8562,2010,77590.0,20854312.0,-0.346143,-1.078192,QAT,SAU,760410
7984950,190,188,8562,2010,0.0,256649.0,-1.9094669999999998,-1.271065,SDN,SAU,760410
7984951,212,188,8562,2010,41036.0,256310.0,-0.46833800000000003,1.11952,SYR,SAU,760410
7984952,224,188,8562,2010,6388.0,0.0,0.359977,2.471173,TUR,SAU,760410
7984953,227,188,8562,2010,0.0,36714.0,-0.48061400000000004,0.187001,UGA,SAU,760410
7984954,231,188,8562,2010,74766.0,0.0,1.67573,-0.598165,USA,SAU,760410
7984955,243,188,8562,2010,0.0,4498988.0,-1.360851,-1.208826,YEM,SAU,760410
7984956,249,188,8562,2010,11892.0,0.0,1.766729,0.909335,TWN,SAU,760410
7984957,7,190,8562,2010,7891252.0,0.0,0.29457,-0.196371,ARE,SDN,760410
7984958,18,190,8562,2010,14404.0,0.0,1.2224270000000002,1.1276,BEL,SDN,760410
7984959,24,190,8562,2010,2225857.0,0.0,0.284356,-0.8362,BHR,SDN,760410
7984960,43,190,8562,2010,304883.0,0.0,0.922493,2.0176,CHN,SDN,760410
7984961,68,190,8562,2010,1021064.0,0.0,-0.181826,1.409465,EGY,SDN,760410
7984962,104,190,8562,2010,2424.0,0.0,0.14485599999999998,2.408913,IND,SDN,760410
7984963,113,190,8562,2010,50162.0,0.0,0.251702,0.522758,JOR,SDN,760410
7984964,116,190,8562,2010,14429.0,0.0,-0.387187,1.010443,KEN,SDN,760410
7984965,124,190,8562,2010,71194.0,0.0,0.415854,1.424085,LBN,SDN,760410
7984966,167,190,8562,2010,229284.0,0.0,-0.487612,-0.9551379999999999,OMN,SDN,760410
7984967,188,190,8562,2010,256649.0,0.0,0.46696400000000005,-0.7487520000000001,SAU,SDN,760410
7984968,213,190,8562,2010,1059.0,0.0,0.86575,0.044395,TCA,SDN,760410
7984969,224,190,8562,2010,141814.0,0.0,0.359977,2.471173,TUR,SDN,760410
7984970,8,197,8562,2010,618.0,0.0,0.27458899999999997,0.597907,ARG,SLV,760410
7984971,39,197,8562,2010,1729.0,1395.0,0.752421,1.2208510000000001,CAN,SLV,760410
7984972,43,197,8562,2010,120359.0,0.0,0.922493,2.0176,CHN,SLV,760410
7984973,52,197,8562,2010,1099.0,0.0,-0.122722,-0.7062069999999999,CRI,SLV,760410
7984974,61,197,8562,2010,2749.0,0.0,2.035672,-3.383322,DEU,SLV,760410
7984975,67,197,8562,2010,1241.0,0.0,-0.584013,-0.743675,ECU,SLV,760410
7984976,71,197,8562,2010,10893.0,0.0,0.832619,2.448009,ESP,SLV,760410
7984977,93,197,8562,2010,7602.0,38560.0,-0.39034,0.743521,GTM,SLV,760410
7984978,99,197,8562,2010,0.0,49512.0,-0.569501,-0.153122,HND,SLV,760410
7984979,138,197,8562,2010,6288.0,0.0,1.132664,0.675756,MEX,SLV,760410
7984980,160,197,8562,2010,0.0,27303.0,-0.9387409999999999,-0.8119569999999999,NIC,SLV,760410
7984981,169,197,8562,2010,20898.0,60603.0,0.617867,0.903432,PAN,SLV,760410
7984982,231,197,8562,2010,50407.0,0.0,1.67573,-0.598165,USA,SLV,760410
7984983,249,197,8562,2010,7707.0,0.0,1.766729,0.909335,TWN,SLV,760410
7984984,124,203,8562,2010,35893.0,0.0,0.415854,1.424085,LBN,STP,760410
7984985,18,205,8562,2010,33926.0,0.0,1.2224270000000002,1.1276,BEL,SUR,760410
7984986,43,205,8562,2010,554793.0,0.0,0.922493,2.0176,CHN,SUR,760410
7984987,61,205,8562,2010,12057.0,0.0,2.035672,-3.383322,DEU,SUR,760410
7984988,71,205,8562,2010,1247.0,0.0,0.832619,2.448009,ESP,SUR,760410
7984989,96,205,8562,2010,0.0,1284.0,-1.020217,-1.0231569999999999,GUY,SUR,760410
7984990,111,205,8562,2010,5665.0,0.0,1.272385,0.545721,ITA,SUR,760410
7984991,162,205,8562,2010,601374.0,0.0,1.237998,1.1891209999999999,NLD,SUR,760410
7984992,222,205,8562,2010,118410.0,0.0,-0.338123,-1.070239,TTO,SUR,760410
7984993,231,205,8562,2010,10073.0,0.0,1.67573,-0.598165,USA,SUR,760410
7984994,15,206,8562,2010,347982.0,3907430.0,1.724315,-0.29379099999999997,AUT,SVK,760410
7984995,18,206,8562,2010,78416.0,1212.0,1.2224270000000002,1.1276,BEL,SVK,760410
7984996,23,206,8562,2010,0.0,2645.0,0.44973,1.445441,BGR,SVK,760410
7984997,28,206,8562,2010,0.0,9009.0,0.969851,0.593386,BLR,SVK,760410
7984998,41,206,8562,2010,28046.0,2362.0,2.1492080000000002,0.556424,CHE,SVK,760410
7984999,43,206,8562,2010,966966.0,0.0,0.922493,2.0176,CHN,SVK,760410
7985000,59,206,8562,2010,964825.0,314261.0,1.732044,0.333934,CZE,SVK,760410
7985001,61,206,8562,2010,1172265.0,345815.0,2.035672,-3.383322,DEU,SVK,760410
7985002,64,206,8562,2010,38570.0,25385.0,1.082468,1.280759,DNK,SVK,760410
7985003,71,206,8562,2010,267325.0,1070.0,0.832619,2.448009,ESP,SVK,760410
7985004,77,206,8562,2010,16120.0,74821.0,1.530027,-0.052557000000000006,FRA,SVK,760410
7985005,81,206,8562,2010,10152.0,0.0,1.828224,0.386383,GBR,SVK,760410
7985006,90,206,8562,2010,338406.0,0.0,0.200249,1.4640090000000001,GRC,SVK,760410
7985007,97,206,8562,2010,4583.0,0.0,0.715745,1.9780259999999998,HKG,SVK,760410
7985008,100,206,8562,2010,0.0,15641.0,0.8276979999999999,0.97415,HRV,SVK,760410
7985009,102,206,8562,2010,122126.0,127126.0,1.514225,0.740341,HUN,SVK,760410
7985010,107,206,8562,2010,0.0,2620.0,-0.609874,-0.744733,IRN,SVK,760410
7985011,111,206,8562,2010,2286974.0,86252.0,1.272385,0.545721,ITA,SVK,760410
7985012,112,206,8562,2010,2434.0,0.0,0.041471,-0.367177,JAM,SVK,760410
7985013,121,206,8562,2010,10989.0,0.0,1.7118849999999999,0.762362,KOR,SVK,760410
7985014,130,206,8562,2010,0.0,10828.0,0.6390600000000001,1.144911,LTU,SVK,760410
7985015,140,206,8562,2010,1045.0,0.0,-0.122842,0.407017,MKD,SVK,760410
7985016,162,206,8562,2010,5419.0,4397.0,1.237998,1.1891209999999999,NLD,SVK,760410
7985017,177,206,8562,2010,650894.0,1255.0,1.083552,1.1433719999999998,POL,SVK,760410
7985018,179,206,8562,2010,10371.0,0.0,0.551149,2.437209,PRT,SVK,760410
7985019,185,206,8562,2010,0.0,41528.0,0.6483760000000001,1.200256,ROU,SVK,760410
7985020,186,206,8562,2010,0.0,69884.0,0.583996,-0.223881,RUS,SVK,760410
7985021,207,206,8562,2010,17192.0,0.0,1.595473,0.7023020000000001,SVN,SVK,760410
7985022,208,206,8562,2010,2526.0,0.0,1.882239,0.397927,SWE,SVK,760410
7985023,216,206,8562,2010,3391.0,0.0,0.748328,1.425224,THA,SVK,760410
7985024,224,206,8562,2010,68691.0,0.0,0.359977,2.471173,TUR,SVK,760410
7985025,228,206,8562,2010,0.0,3466.0,0.714148,0.916267,UKR,SVK,760410
7985026,231,206,8562,2010,3643.0,0.0,1.67573,-0.598165,USA,SVK,760410
7985027,250,206,8562,2010,2018977.0,0.0,0.45129600000000003,-0.223517,ANS,SVK,760410
7985028,15,207,8562,2010,855548.0,147618.0,1.724315,-0.29379099999999997,AUT,SVN,760410
7985029,18,207,8562,2010,0.0,13072.0,1.2224270000000002,1.1276,BEL,SVN,760410
7985030,23,207,8562,2010,0.0,552702.0,0.44973,1.445441,BGR,SVN,760410
7985031,24,207,8562,2010,18691.0,0.0,0.284356,-0.8362,BHR,SVN,760410
7985032,26,207,8562,2010,723086.0,84514.0,0.462275,0.830405,BIH,SVN,760410
7985033,39,207,8562,2010,30870.0,57548.0,0.752421,1.2208510000000001,CAN,SVN,760410
7985034,41,207,8562,2010,10892.0,16180.0,2.1492080000000002,0.556424,CHE,SVN,760410
7985035,43,207,8562,2010,50127.0,0.0,0.922493,2.0176,CHN,SVN,760410
7985036,59,207,8562,2010,88940.0,228332.0,1.732044,0.333934,CZE,SVN,760410
7985037,61,207,8562,2010,671025.0,72054.0,2.035672,-3.383322,DEU,SVN,760410
7985038,64,207,8562,2010,11710.0,2084.0,1.082468,1.280759,DNK,SVN,760410
7985039,66,207,8562,2010,0.0,29348.0,-1.00922,-1.1511040000000001,DZA,SVN,760410
7985040,71,207,8562,2010,534179.0,72030.0,0.832619,2.448009,ESP,SVN,760410
7985041,77,207,8562,2010,0.0,324333.0,1.530027,-0.052557000000000006,FRA,SVN,760410
7985042,81,207,8562,2010,1928.0,7418.0,1.828224,0.386383,GBR,SVN,760410
7985043,90,207,8562,2010,5937.0,0.0,0.200249,1.4640090000000001,GRC,SVN,760410
7985044,100,207,8562,2010,25402.0,212885.0,0.8276979999999999,0.97415,HRV,SVN,760410
7985045,102,207,8562,2010,96316.0,1070.0,1.514225,0.740341,HUN,SVN,760410
7985046,106,207,8562,2010,3986.0,0.0,1.371357,0.168795,IRL,SVN,760410
7985047,111,207,8562,2010,3635899.0,134866.0,1.272385,0.545721,ITA,SVN,760410
7985048,138,207,8562,2010,0.0,2207.0,1.132664,0.675756,MEX,SVN,760410
7985049,140,207,8562,2010,828.0,2837.0,-0.122842,0.407017,MKD,SVN,760410
7985050,144,207,8562,2010,0.0,6251.0,0.266397,-0.02502,MNE,SVN,760410
7985051,162,207,8562,2010,107023.0,412082.0,1.237998,1.1891209999999999,NLD,SVN,760410
7985052,169,207,8562,2010,0.0,14912.0,0.617867,0.903432,PAN,SVN,760410
7985053,177,207,8562,2010,50359.0,22881.0,1.083552,1.1433719999999998,POL,SVN,760410
7985054,185,207,8562,2010,0.0,3329.0,0.6483760000000001,1.200256,ROU,SVN,760410
7985055,186,207,8562,2010,0.0,36419.0,0.583996,-0.223881,RUS,SVN,760410
7985056,198,207,8562,2010,1821902.0,0.0,1.0115299999999998,0.29852399999999996,SMR,SVN,760410
7985057,201,207,8562,2010,8087.0,23512.0,0.561161,1.33974,SRB,SVN,760410
7985058,206,207,8562,2010,0.0,17192.0,1.278601,0.726907,SVK,SVN,760410
7985059,224,207,8562,2010,65192.0,6182.0,0.359977,2.471173,TUR,SVN,760410
7985060,250,207,8562,2010,78293.0,0.0,0.45129600000000003,-0.223517,ANS,SVN,760410
7985061,7,208,8562,2010,0.0,11269.0,0.29457,-0.196371,ARE,SWE,760410
7985062,8,208,8562,2010,0.0,1158.0,0.27458899999999997,0.597907,ARG,SWE,760410
7985063,14,208,8562,2010,0.0,7748.0,-0.276442,0.062023,AUS,SWE,760410
7985064,15,208,8562,2010,21199.0,10161.0,1.724315,-0.29379099999999997,AUT,SWE,760410
7985065,18,208,8562,2010,43103.0,84267.0,1.2224270000000002,1.1276,BEL,SWE,760410
7985066,26,208,8562,2010,0.0,1710.0,0.462275,0.830405,BIH,SWE,760410
7985067,32,208,8562,2010,0.0,19762.0,0.40715500000000004,0.6208100000000001,BRA,SWE,760410
7985068,39,208,8562,2010,0.0,1795.0,0.752421,1.2208510000000001,CAN,SWE,760410
7985069,41,208,8562,2010,98933.0,26245.0,2.1492080000000002,0.556424,CHE,SWE,760410
7985070,43,208,8562,2010,117332.0,9122.0,0.922493,2.0176,CHN,SWE,760410
7985071,59,208,8562,2010,0.0,6743.0,1.732044,0.333934,CZE,SWE,760410
7985072,61,208,8562,2010,960366.0,289174.0,2.035672,-3.383322,DEU,SWE,760410
7985073,64,208,8562,2010,1079080.0,49045.0,1.082468,1.280759,DNK,SWE,760410
7985074,71,208,8562,2010,50671.0,37845.0,0.832619,2.448009,ESP,SWE,760410
7985075,72,208,8562,2010,0.0,576716.0,0.832316,1.1844649999999999,EST,SWE,760410
7985076,74,208,8562,2010,157285.0,125843.0,1.745464,0.897992,FIN,SWE,760410
7985077,77,208,8562,2010,63396.0,461436.0,1.530027,-0.052557000000000006,FRA,SWE,760410
7985078,81,208,8562,2010,370950.0,29970.0,1.828224,0.386383,GBR,SWE,760410
7985079,83,208,8562,2010,0.0,1147.0,-0.835003,-0.633731,GHA,SWE,760410
7985080,90,208,8562,2010,0.0,2145.0,0.200249,1.4640090000000001,GRC,SWE,760410
7985081,97,208,8562,2010,2166.0,0.0,0.715745,1.9780259999999998,HKG,SWE,760410
7985082,100,208,8562,2010,0.0,137127.0,0.8276979999999999,0.97415,HRV,SWE,760410
7985083,102,208,8562,2010,18788.0,5717.0,1.514225,0.740341,HUN,SWE,760410
7985084,104,208,8562,2010,1186.0,14592.0,0.14485599999999998,2.408913,IND,SWE,760410
7985085,106,208,8562,2010,0.0,1582.0,1.371357,0.168795,IRL,SWE,760410
7985086,107,208,8562,2010,0.0,862.0,-0.609874,-0.744733,IRN,SWE,760410
7985087,108,208,8562,2010,0.0,64466.0,-2.1439150000000002,-0.913227,IRQ,SWE,760410
7985088,109,208,8562,2010,0.0,61145.0,0.20822100000000002,-0.318294,ISL,SWE,760410
7985089,110,208,8562,2010,27953.0,1452.0,1.215834,0.7028340000000001,ISR,SWE,760410
7985090,111,208,8562,2010,189250.0,49488.0,1.272385,0.545721,ITA,SWE,760410
7985091,114,208,8562,2010,0.0,34840.0,2.459723,-0.279387,JPN,SWE,760410
7985092,121,208,8562,2010,23239.0,0.0,1.7118849999999999,0.762362,KOR,SWE,760410
7985093,122,208,8562,2010,0.0,13871.0,0.067373,-1.0822120000000002,KWT,SWE,760410
7985094,124,208,8562,2010,51286.0,0.0,0.415854,1.424085,LBN,SWE,760410
7985095,130,208,8562,2010,2101.0,0.0,0.6390600000000001,1.144911,LTU,SWE,760410
7985096,131,208,8562,2010,0.0,3810.0,1.272127,1.1051520000000001,LUX,SWE,760410
7985097,132,208,8562,2010,9395.0,1064.0,0.6158170000000001,1.1401059999999998,LVA,SWE,760410
7985098,138,208,8562,2010,0.0,5023.0,1.132664,0.675756,MEX,SWE,760410
7985099,153,208,8562,2010,297217.0,0.0,0.9530780000000001,0.607456,MYS,SWE,760410
7985100,162,208,8562,2010,46168.0,79884.0,1.237998,1.1891209999999999,NLD,SWE,760410
7985101,163,208,8562,2010,390875.0,1676636.0,0.865676,0.138757,NOR,SWE,760410
7985102,177,208,8562,2010,23831.0,57113.0,1.083552,1.1433719999999998,POL,SWE,760410
7985103,179,208,8562,2010,0.0,9204.0,0.551149,2.437209,PRT,SWE,760410
7985104,183,208,8562,2010,0.0,19863.0,-0.346143,-1.078192,QAT,SWE,760410
7985105,185,208,8562,2010,0.0,4192.0,0.6483760000000001,1.200256,ROU,SWE,760410
7985106,186,208,8562,2010,0.0,74887.0,0.583996,-0.223881,RUS,SWE,760410
7985107,192,208,8562,2010,0.0,1797.0,1.8441349999999999,0.570311,SGP,SWE,760410
7985108,201,208,8562,2010,67323.0,319621.0,0.561161,1.33974,SRB,SWE,760410
7985109,206,208,8562,2010,0.0,2526.0,1.278601,0.726907,SVK,SWE,760410
7985110,216,208,8562,2010,6153.0,0.0,0.748328,1.425224,THA,SWE,760410
7985111,224,208,8562,2010,40557.0,32570.0,0.359977,2.471173,TUR,SWE,760410
7985112,228,208,8562,2010,0.0,1263.0,0.714148,0.916267,UKR,SWE,760410
7985113,231,208,8562,2010,36714.0,176252.0,1.67573,-0.598165,USA,SWE,760410
7985114,246,208,8562,2010,0.0,8737.0,0.327326,1.513598,ZAF,SWE,760410
7985115,249,208,8562,2010,2915.0,13112.0,1.766729,0.909335,TWN,SWE,760410
7985116,2,212,8562,2010,0.0,184970.0,-1.3711010000000001,-1.170608,AGO,SYR,760410
7985117,7,212,8562,2010,53541.0,0.0,0.29457,-0.196371,ARE,SYR,760410
7985118,24,212,8562,2010,687920.0,0.0,0.284356,-0.8362,BHR,SYR,760410
7985119,43,212,8562,2010,1120.0,0.0,0.922493,2.0176,CHN,SYR,760410
7985120,47,212,8562,2010,0.0,47305.0,-1.536434,-1.175338,COG,SYR,760410
7985121,68,212,8562,2010,2059659.0,0.0,-0.181826,1.409465,EGY,SYR,760410
7985122,71,212,8562,2010,0.0,1030.0,0.832619,2.448009,ESP,SYR,760410
7985123,104,212,8562,2010,3086.0,0.0,0.14485599999999998,2.408913,IND,SYR,760410
7985124,107,212,8562,2010,334261.0,0.0,-0.609874,-0.744733,IRN,SYR,760410
7985125,108,212,8562,2010,0.0,24372.0,-2.1439150000000002,-0.913227,IRQ,SYR,760410
7985126,111,212,8562,2010,81564.0,0.0,1.272385,0.545721,ITA,SYR,760410
7985127,113,212,8562,2010,151533.0,105600.0,0.251702,0.522758,JOR,SYR,760410
7985128,122,212,8562,2010,82610.0,4666.0,0.067373,-1.0822120000000002,KWT,SYR,760410
7985129,124,212,8562,2010,0.0,394886.0,0.415854,1.424085,LBN,SYR,760410
7985130,126,212,8562,2010,0.0,25531.0,-0.706491,-1.140822,LBY,SYR,760410
7985131,134,212,8562,2010,0.0,253413.0,-0.5935229999999999,-0.056497000000000006,MAR,SYR,760410
7985132,162,212,8562,2010,2476.0,0.0,1.237998,1.1891209999999999,NLD,SYR,760410
7985133,188,212,8562,2010,256310.0,41036.0,0.46696400000000005,-0.7487520000000001,SAU,SYR,760410
7985134,224,212,8562,2010,75891.0,874.0,0.359977,2.471173,TUR,SYR,760410
7985135,243,212,8562,2010,0.0,127055.0,-1.360851,-1.208826,YEM,SYR,760410
7985136,7,216,8562,2010,177992.0,21068.0,0.29457,-0.196371,ARE,THA,760410
7985137,14,216,8562,2010,0.0,23245.0,-0.276442,0.062023,AUS,THA,760410
7985138,15,216,8562,2010,4098.0,18660.0,1.724315,-0.29379099999999997,AUT,THA,760410
7985139,22,216,8562,2010,0.0,10811.0,-0.974526,-0.76566,BGD,THA,760410
7985140,24,216,8562,2010,954663.0,0.0,0.284356,-0.8362,BHR,THA,760410
7985141,26,216,8562,2010,0.0,5112.0,0.462275,0.830405,BIH,THA,760410
7985142,34,216,8562,2010,43417.0,2425.0,0.717167,-0.764841,BRN,THA,760410
7985143,39,216,8562,2010,11732.0,9596.0,0.752421,1.2208510000000001,CAN,THA,760410
7985144,42,216,8562,2010,0.0,46383.0,-0.34914,-0.459395,CHL,THA,760410
7985145,43,216,8562,2010,404871.0,519014.0,0.922493,2.0176,CHN,THA,760410
7985146,59,216,8562,2010,966.0,35273.0,1.732044,0.333934,CZE,THA,760410
7985147,61,216,8562,2010,16207.0,286008.0,2.035672,-3.383322,DEU,THA,760410
7985148,63,216,8562,2010,0.0,14791.0,0.35578699999999996,0.13029200000000002,DMA,THA,760410
7985149,64,216,8562,2010,0.0,1907.0,1.082468,1.280759,DNK,THA,760410
7985150,71,216,8562,2010,0.0,4398.0,0.832619,2.448009,ESP,THA,760410
7985151,74,216,8562,2010,0.0,81595.0,1.745464,0.897992,FIN,THA,760410
7985152,77,216,8562,2010,11144.0,3393.0,1.530027,-0.052557000000000006,FRA,THA,760410
7985153,81,216,8562,2010,407260.0,536715.0,1.828224,0.386383,GBR,THA,760410
7985154,97,216,8562,2010,194720.0,59127.0,0.715745,1.9780259999999998,HKG,THA,760410
7985155,100,216,8562,2010,0.0,4432.0,0.8276979999999999,0.97415,HRV,THA,760410
7985156,103,216,8562,2010,6122.0,73589.0,-0.30878099999999997,1.07069,IDN,THA,760410
7985157,104,216,8562,2010,7909.0,20891362.0,0.14485599999999998,2.408913,IND,THA,760410
7985158,111,216,8562,2010,121173.0,6577.0,1.272385,0.545721,ITA,THA,760410
7985159,114,216,8562,2010,4384600.0,229567.0,2.459723,-0.279387,JPN,THA,760410
7985160,118,216,8562,2010,0.0,4888.0,-1.158906,-1.019906,KHM,THA,760410
7985161,121,216,8562,2010,2065531.0,7704.0,1.7118849999999999,0.762362,KOR,THA,760410
7985162,123,216,8562,2010,0.0,35080.0,-1.104075,-0.836772,LAO,THA,760410
7985163,137,216,8562,2010,0.0,23693.0,-0.644859,-0.910633,MDV,THA,760410
7985164,138,216,8562,2010,0.0,167536.0,1.132664,0.675756,MEX,THA,760410
7985165,143,216,8562,2010,0.0,1093925.0,-1.480389,-1.075842,MMR,THA,760410
7985166,144,216,8562,2010,0.0,8510.0,0.266397,-0.02502,MNE,THA,760410
7985167,151,216,8562,2010,0.0,5897.0,-0.173542,0.103727,MUS,THA,760410
7985168,153,216,8562,2010,2169927.0,581637.0,0.9530780000000001,0.607456,MYS,THA,760410
7985169,162,216,8562,2010,18328.0,6626.0,1.237998,1.1891209999999999,NLD,THA,760410
7985170,163,216,8562,2010,3111.0,0.0,0.865676,0.138757,NOR,THA,760410
7985171,167,216,8562,2010,0.0,15332.0,-0.487612,-0.9551379999999999,OMN,THA,760410
7985172,168,216,8562,2010,0.0,2218.0,-0.692071,0.5409010000000001,PAK,THA,760410
7985173,174,216,8562,2010,0.0,29892.0,0.40418899999999996,0.102497,PHL,THA,760410
7985174,183,216,8562,2010,0.0,31651.0,-0.346143,-1.078192,QAT,THA,760410
7985175,185,216,8562,2010,0.0,13422.0,0.6483760000000001,1.200256,ROU,THA,760410
7985176,186,216,8562,2010,0.0,36097.0,0.583996,-0.223881,RUS,THA,760410
7985177,192,216,8562,2010,661116.0,43362.0,1.8441349999999999,0.570311,SGP,THA,760410
7985178,201,216,8562,2010,0.0,9327.0,0.561161,1.33974,SRB,THA,760410
7985179,206,216,8562,2010,0.0,3391.0,1.278601,0.726907,SVK,THA,760410
7985180,208,216,8562,2010,0.0,6153.0,1.882239,0.397927,SWE,THA,760410
7985181,228,216,8562,2010,0.0,27793.0,0.714148,0.916267,UKR,THA,760410
7985182,231,216,8562,2010,640616.0,1294500.0,1.67573,-0.598165,USA,THA,760410
7985183,239,216,8562,2010,33587.0,2489322.0,-0.24660500000000002,1.427235,VNM,THA,760410
7985184,246,216,8562,2010,0.0,58517.0,0.327326,1.513598,ZAF,THA,760410
7985185,249,216,8562,2010,1465988.0,198268.0,1.766729,0.909335,TWN,THA,760410
7985186,33,222,8562,2010,0.0,34669.0,0.7076140000000001,0.434993,BRB,TTO,760410
7985187,43,222,8562,2010,140126.0,0.0,0.922493,2.0176,CHN,TTO,760410
7985188,57,222,8562,2010,0.0,4773.0,1.2142959999999998,-0.6487430000000001,CYM,TTO,760410
7985189,71,222,8562,2010,26424.0,0.0,0.832619,2.448009,ESP,TTO,760410
7985190,81,222,8562,2010,6233.0,0.0,1.828224,0.386383,GBR,TTO,760410
7985191,96,222,8562,2010,19772.0,56638.0,-1.020217,-1.0231569999999999,GUY,TTO,760410
7985192,112,222,8562,2010,0.0,558507.0,0.041471,-0.367177,JAM,TTO,760410
7985193,127,222,8562,2010,0.0,88753.0,0.446162,-0.279229,LCA,TTO,760410
7985194,138,222,8562,2010,3063.0,0.0,1.132664,0.675756,MEX,TTO,760410
7985195,169,222,8562,2010,2280.0,0.0,0.617867,0.903432,PAN,TTO,760410
7985196,205,222,8562,2010,0.0,118410.0,-0.5734560000000001,-0.936167,SUR,TTO,760410
7985197,231,222,8562,2010,123799.0,0.0,1.67573,-0.598165,USA,TTO,760410
7985198,234,222,8562,2010,0.0,8018.0,0.120821,-0.43102700000000005,VCT,TTO,760410
7985199,1,224,8562,2010,0.0,22157.0,-0.054633,-0.102103,AFG,TUR,760410
7985200,2,224,8562,2010,0.0,23730.0,-1.3711010000000001,-1.170608,AGO,TUR,760410
7985201,4,224,8562,2010,0.0,1029178.0,-0.5316,-0.219561,ALB,TUR,760410
7985202,7,224,8562,2010,328482.0,37577.0,0.29457,-0.196371,ARE,TUR,760410
7985203,14,224,8562,2010,0.0,7630.0,-0.276442,0.062023,AUS,TUR,760410
7985204,15,224,8562,2010,14034.0,164456.0,1.724315,-0.29379099999999997,AUT,TUR,760410
7985205,16,224,8562,2010,0.0,883828.0,-1.048424,-1.2030370000000001,AZE,TUR,760410
7985206,18,224,8562,2010,212901.0,202649.0,1.2224270000000002,1.1276,BEL,TUR,760410
7985207,23,224,8562,2010,118989.0,11207336.0,0.44973,1.445441,BGR,TUR,760410
7985208,24,224,8562,2010,0.0,1156.0,0.284356,-0.8362,BHR,TUR,760410
7985209,26,224,8562,2010,0.0,914576.0,0.462275,0.830405,BIH,TUR,760410
7985210,28,224,8562,2010,0.0,31473.0,0.969851,0.593386,BLR,TUR,760410
7985211,39,224,8562,2010,18735.0,178871.0,0.752421,1.2208510000000001,CAN,TUR,760410
7985212,41,224,8562,2010,4595.0,856924.0,2.1492080000000002,0.556424,CHE,TUR,760410
7985213,42,224,8562,2010,5819.0,4663.0,-0.34914,-0.459395,CHL,TUR,760410
7985214,43,224,8562,2010,171027.0,0.0,0.922493,2.0176,CHN,TUR,760410
7985215,46,224,8562,2010,0.0,38887.0,-1.465101,-1.139909,COD,TUR,760410
7985216,47,224,8562,2010,0.0,1114.0,-1.536434,-1.175338,COG,TUR,760410
7985217,58,224,8562,2010,0.0,412348.0,0.8776450000000001,0.568389,CYP,TUR,760410
7985218,59,224,8562,2010,3533.0,2332812.0,1.732044,0.333934,CZE,TUR,760410
7985219,61,224,8562,2010,253165.0,4454608.0,2.035672,-3.383322,DEU,TUR,760410
7985220,62,224,8562,2010,0.0,1302.0,-0.37501799999999996,-0.727603,DJI,TUR,760410
7985221,64,224,8562,2010,7144.0,254559.0,1.082468,1.280759,DNK,TUR,760410
7985222,66,224,8562,2010,0.0,213913.0,-1.00922,-1.1511040000000001,DZA,TUR,760410
7985223,68,224,8562,2010,0.0,25524.0,-0.181826,1.409465,EGY,TUR,760410
7985224,71,224,8562,2010,469468.0,532740.0,0.832619,2.448009,ESP,TUR,760410
7985225,72,224,8562,2010,0.0,33798.0,0.832316,1.1844649999999999,EST,TUR,760410
7985226,73,224,8562,2010,0.0,5076.0,-1.122906,-0.840777,ETH,TUR,760410
7985227,74,224,8562,2010,44552.0,136056.0,1.745464,0.897992,FIN,TUR,760410
7985228,77,224,8562,2010,248848.0,776722.0,1.530027,-0.052557000000000006,FRA,TUR,760410
7985229,81,224,8562,2010,43857.0,1586974.0,1.828224,0.386383,GBR,TUR,760410
7985230,82,224,8562,2010,0.0,1089300.0,-0.21301399999999998,-0.48355299999999996,GEO,TUR,760410
7985231,83,224,8562,2010,0.0,2529.0,-0.835003,-0.633731,GHA,TUR,760410
7985232,90,224,8562,2010,274553.0,1354192.0,0.200249,1.4640090000000001,GRC,TUR,760410
7985233,100,224,8562,2010,0.0,85714.0,0.8276979999999999,0.97415,HRV,TUR,760410
7985234,102,224,8562,2010,6907.0,159145.0,1.514225,0.740341,HUN,TUR,760410
7985235,104,224,8562,2010,0.0,14374.0,0.14485599999999998,2.408913,IND,TUR,760410
7985236,106,224,8562,2010,0.0,109847.0,1.371357,0.168795,IRL,TUR,760410
7985237,107,224,8562,2010,11520.0,3295509.0,-0.609874,-0.744733,IRN,TUR,760410
7985238,108,224,8562,2010,0.0,1933318.0,-2.1439150000000002,-0.913227,IRQ,TUR,760410
7985239,109,224,8562,2010,0.0,32107.0,0.20822100000000002,-0.318294,ISL,TUR,760410
7985240,110,224,8562,2010,10473.0,655972.0,1.215834,0.7028340000000001,ISR,TUR,760410
7985241,111,224,8562,2010,529320.0,2133240.0,1.272385,0.545721,ITA,TUR,760410
7985242,113,224,8562,2010,0.0,48042.0,0.251702,0.522758,JOR,TUR,760410
7985243,114,224,8562,2010,0.0,32403.0,2.459723,-0.279387,JPN,TUR,760410
7985244,115,224,8562,2010,0.0,855755.0,-0.6278020000000001,-0.8419760000000001,KAZ,TUR,760410
7985245,117,224,8562,2010,0.0,14010.0,-0.48426400000000003,-0.169443,KGZ,TUR,760410
7985246,121,224,8562,2010,79600.0,0.0,1.7118849999999999,0.762362,KOR,TUR,760410
7985247,122,224,8562,2010,0.0,12345.0,0.067373,-1.0822120000000002,KWT,TUR,760410
7985248,124,224,8562,2010,0.0,20589.0,0.415854,1.424085,LBN,TUR,760410
7985249,126,224,8562,2010,0.0,825600.0,-0.706491,-1.140822,LBY,TUR,760410
7985250,130,224,8562,2010,0.0,3236.0,0.6390600000000001,1.144911,LTU,TUR,760410
7985251,131,224,8562,2010,0.0,1049.0,1.272127,1.1051520000000001,LUX,TUR,760410
7985252,132,224,8562,2010,0.0,42895.0,0.6158170000000001,1.1401059999999998,LVA,TUR,760410
7985253,134,224,8562,2010,0.0,18227.0,-0.5935229999999999,-0.056497000000000006,MAR,TUR,760410
7985254,135,224,8562,2010,0.0,2981888.0,-0.116797,0.037801,MDA,TUR,760410
7985255,137,224,8562,2010,0.0,1468.0,-0.644859,-0.910633,MDV,TUR,760410
7985256,140,224,8562,2010,23481.0,486067.0,-0.122842,0.407017,MKD,TUR,760410
7985257,142,224,8562,2010,0.0,4982.0,1.211797,-0.024923,MLT,TUR,760410
7985258,144,224,8562,2010,0.0,45053.0,0.266397,-0.02502,MNE,TUR,760410
7985259,151,224,8562,2010,0.0,10677.0,-0.173542,0.103727,MUS,TUR,760410
7985260,157,224,8562,2010,0.0,3292.0,-0.829902,-0.826152,NER,TUR,760410
7985261,159,224,8562,2010,0.0,820.0,-1.887084,-1.2280229999999999,NGA,TUR,760410
7985262,162,224,8562,2010,57579.0,405373.0,1.237998,1.1891209999999999,NLD,TUR,760410
7985263,163,224,8562,2010,0.0,1828.0,0.865676,0.138757,NOR,TUR,760410
7985264,166,224,8562,2010,0.0,67115.0,0.36828299999999997,0.574574,NZL,TUR,760410
7985265,167,224,8562,2010,0.0,17448.0,-0.487612,-0.9551379999999999,OMN,TUR,760410
7985266,168,224,8562,2010,0.0,899.0,-0.692071,0.5409010000000001,PAK,TUR,760410
7985267,174,224,8562,2010,0.0,955.0,0.40418899999999996,0.102497,PHL,TUR,760410
7985268,177,224,8562,2010,2763.0,300419.0,1.083552,1.1433719999999998,POL,TUR,760410
7985269,183,224,8562,2010,0.0,32851.0,-0.346143,-1.078192,QAT,TUR,760410
7985270,185,224,8562,2010,76617.0,6804008.0,0.6483760000000001,1.200256,ROU,TUR,760410
7985271,186,224,8562,2010,0.0,303308.0,0.583996,-0.223881,RUS,TUR,760410
7985272,188,224,8562,2010,0.0,6388.0,0.46696400000000005,-0.7487520000000001,SAU,TUR,760410
7985273,190,224,8562,2010,0.0,141814.0,-1.9094669999999998,-1.271065,SDN,TUR,760410
7985274,191,224,8562,2010,0.0,1540.0,-0.45445,-0.148149,SEN,TUR,760410
7985275,192,224,8562,2010,0.0,2214.0,1.8441349999999999,0.570311,SGP,TUR,760410
7985276,201,224,8562,2010,0.0,786822.0,0.561161,1.33974,SRB,TUR,760410
7985277,206,224,8562,2010,0.0,68691.0,1.278601,0.726907,SVK,TUR,760410
7985278,207,224,8562,2010,6182.0,65192.0,1.595473,0.7023020000000001,SVN,TUR,760410
7985279,208,224,8562,2010,32570.0,40557.0,1.882239,0.397927,SWE,TUR,760410
7985280,212,224,8562,2010,874.0,75891.0,-0.46833800000000003,1.11952,SYR,TUR,760410
7985281,217,224,8562,2010,0.0,65619.0,-1.054317,-1.074198,TJK,TUR,760410
7985282,219,224,8562,2010,0.0,729133.0,-1.161458,-1.191589,TKM,TUR,760410
7985283,223,224,8562,2010,0.0,29469.0,0.165019,0.8882059999999999,TUN,TUR,760410
7985284,226,224,8562,2010,0.0,78051.0,-0.7327,0.427616,TZA,TUR,760410
7985285,228,224,8562,2010,0.0,911817.0,0.714148,0.916267,UKR,TUR,760410
7985286,231,224,8562,2010,651131.0,8285.0,1.67573,-0.598165,USA,TUR,760410
7985287,232,224,8562,2010,0.0,38755.0,-0.704097,-0.655055,UZB,TUR,760410
7985288,243,224,8562,2010,0.0,7655.0,-1.360851,-1.208826,YEM,TUR,760410
7985289,246,224,8562,2010,0.0,13949.0,0.327326,1.513598,ZAF,TUR,760410
7985290,249,224,8562,2010,0.0,3247.0,1.766729,0.909335,TWN,TUR,760410
7985291,250,224,8562,2010,3728.0,264344.0,0.45129600000000003,-0.223517,ANS,TUR,760410
7985292,15,228,8562,2010,3507.0,0.0,1.724315,-0.29379099999999997,AUT,UKR,760410
7985293,23,228,8562,2010,67736.0,0.0,0.44973,1.445441,BGR,UKR,760410
7985294,28,228,8562,2010,0.0,64857.0,0.969851,0.593386,BLR,UKR,760410
7985295,43,228,8562,2010,370158.0,0.0,0.922493,2.0176,CHN,UKR,760410
7985296,59,228,8562,2010,30755.0,0.0,1.732044,0.333934,CZE,UKR,760410
7985297,61,228,8562,2010,331876.0,0.0,2.035672,-3.383322,DEU,UKR,760410
7985298,71,228,8562,2010,77160.0,0.0,0.832619,2.448009,ESP,UKR,760410
7985299,77,228,8562,2010,2482.0,0.0,1.530027,-0.052557000000000006,FRA,UKR,760410
7985300,81,228,8562,2010,2700.0,0.0,1.828224,0.386383,GBR,UKR,760410
7985301,90,228,8562,2010,887360.0,0.0,0.200249,1.4640090000000001,GRC,UKR,760410
7985302,102,228,8562,2010,1900.0,0.0,1.514225,0.740341,HUN,UKR,760410
7985303,111,228,8562,2010,170969.0,0.0,1.272385,0.545721,ITA,UKR,760410
7985304,130,228,8562,2010,4612.0,0.0,0.6390600000000001,1.144911,LTU,UKR,760410
7985305,135,228,8562,2010,21026.0,29494.0,-0.116797,0.037801,MDA,UKR,760410
7985306,177,228,8562,2010,839072.0,0.0,1.083552,1.1433719999999998,POL,UKR,760410
7985307,186,228,8562,2010,176881.0,0.0,0.583996,-0.223881,RUS,UKR,760410
7985308,206,228,8562,2010,3466.0,0.0,1.278601,0.726907,SVK,UKR,760410
7985309,208,228,8562,2010,1263.0,0.0,1.882239,0.397927,SWE,UKR,760410
7985310,216,228,8562,2010,27793.0,0.0,0.748328,1.425224,THA,UKR,760410
7985311,224,228,8562,2010,911817.0,0.0,0.359977,2.471173,TUR,UKR,760410
7985312,8,230,8562,2010,76942.0,0.0,0.27458899999999997,0.597907,ARG,URY,760410
7985313,32,230,8562,2010,3277.0,0.0,0.40715500000000004,0.6208100000000001,BRA,URY,760410
7985314,42,230,8562,2010,13785.0,2500.0,-0.34914,-0.459395,CHL,URY,760410
7985315,43,230,8562,2010,7034.0,0.0,0.922493,2.0176,CHN,URY,760410
7985316,49,230,8562,2010,0.0,2917.0,0.097222,-0.064328,COL,URY,760410
7985317,61,230,8562,2010,2996.0,0.0,2.035672,-3.383322,DEU,URY,760410
7985318,65,230,8562,2010,0.0,7362.0,-0.245241,0.368626,DOM,URY,760410
7985319,71,230,8562,2010,73100.0,0.0,0.832619,2.448009,ESP,URY,760410
7985320,81,230,8562,2010,1005.0,0.0,1.828224,0.386383,GBR,URY,760410
7985321,90,230,8562,2010,26856.0,0.0,0.200249,1.4640090000000001,GRC,URY,760410
7985322,111,230,8562,2010,9137.0,0.0,1.272385,0.545721,ITA,URY,760410
7985323,138,230,8562,2010,0.0,1295.0,1.132664,0.675756,MEX,URY,760410
7985324,180,230,8562,2010,0.0,1103.0,-0.553805,-0.8699450000000001,PRY,URY,760410
7985325,0,231,8562,2010,0.0,14589.0,0.9906219999999999,0.159993,ABW,USA,760410
7985326,2,231,8562,2010,0.0,3042.0,-1.3711010000000001,-1.170608,AGO,USA,760410
7985327,7,231,8562,2010,0.0,290614.0,0.29457,-0.196371,ARE,USA,760410
7985328,8,231,8562,2010,32760.0,274726.0,0.27458899999999997,0.597907,ARG,USA,760410
7985329,13,231,8562,2010,0.0,11283.0,1.2153129999999999,0.955838,ATG,USA,760410
7985330,14,231,8562,2010,15908.0,499467.0,-0.276442,0.062023,AUS,USA,760410
7985331,15,231,8562,2010,9293.0,2681.0,1.724315,-0.29379099999999997,AUT,USA,760410
7985332,18,231,8562,2010,301953.0,48396.0,1.2224270000000002,1.1276,BEL,USA,760410
7985333,24,231,8562,2010,4025685.0,0.0,0.284356,-0.8362,BHR,USA,760410
7985334,25,231,8562,2010,14173.0,216576.0,0.495262,-0.6198779999999999,BHS,USA,760410
7985335,28,231,8562,2010,0.0,971.0,0.969851,0.593386,BLR,USA,760410
7985336,29,231,8562,2010,0.0,9809.0,-0.559172,-0.739977,BLZ,USA,760410
7985337,30,231,8562,2010,0.0,41536.0,0.46139300000000005,-0.6651590000000001,BMU,USA,760410
7985338,31,231,8562,2010,0.0,10908.0,-0.83736,-0.812473,BOL,USA,760410
7985339,32,231,8562,2010,476514.0,51906.0,0.40715500000000004,0.6208100000000001,BRA,USA,760410
7985340,33,231,8562,2010,0.0,2857.0,0.7076140000000001,0.434993,BRB,USA,760410
7985341,34,231,8562,2010,0.0,3471.0,0.717167,-0.764841,BRN,USA,760410
7985342,39,231,8562,2010,6676591.0,9471074.0,0.752421,1.2208510000000001,CAN,USA,760410
7985343,41,231,8562,2010,195036.0,6338.0,2.1492080000000002,0.556424,CHE,USA,760410
7985344,42,231,8562,2010,48447.0,18258.0,-0.34914,-0.459395,CHL,USA,760410
7985345,43,231,8562,2010,4107458.0,4181988.0,0.922493,2.0176,CHN,USA,760410
7985346,49,231,8562,2010,186710.0,84031.0,0.097222,-0.064328,COL,USA,760410
7985347,52,231,8562,2010,0.0,170558.0,-0.122722,-0.7062069999999999,CRI,USA,760410
7985348,57,231,8562,2010,0.0,13680.0,1.2142959999999998,-0.6487430000000001,CYM,USA,760410
7985349,59,231,8562,2010,78616.0,34070.0,1.732044,0.333934,CZE,USA,760410
7985350,61,231,8562,2010,1735708.0,542451.0,2.035672,-3.383322,DEU,USA,760410
7985351,64,231,8562,2010,279994.0,4801.0,1.082468,1.280759,DNK,USA,760410
7985352,65,231,8562,2010,0.0,107580.0,-0.245241,0.368626,DOM,USA,760410
7985353,67,231,8562,2010,0.0,48482.0,-0.584013,-0.743675,ECU,USA,760410
7985354,68,231,8562,2010,0.0,77305.0,-0.181826,1.409465,EGY,USA,760410
7985355,71,231,8562,2010,600178.0,310022.0,0.832619,2.448009,ESP,USA,760410
7985356,73,231,8562,2010,0.0,7306.0,-1.122906,-0.840777,ETH,USA,760410
7985357,74,231,8562,2010,4468.0,16792.0,1.745464,0.897992,FIN,USA,760410
7985358,75,231,8562,2010,0.0,6421.0,-0.603112,-0.29135500000000003,FJI,USA,760410
7985359,77,231,8562,2010,192241.0,331122.0,1.530027,-0.052557000000000006,FRA,USA,760410
7985360,81,231,8562,2010,1699504.0,1455820.0,1.828224,0.386383,GBR,USA,760410
7985361,82,231,8562,2010,0.0,137029.0,-0.21301399999999998,-0.48355299999999996,GEO,USA,760410
7985362,90,231,8562,2010,62740.0,0.0,0.200249,1.4640090000000001,GRC,USA,760410
7985363,91,231,8562,2010,0.0,4952.0,-0.1543,-0.779396,GRD,USA,760410
7985364,93,231,8562,2010,0.0,49333.0,-0.39034,0.743521,GTM,USA,760410
7985365,97,231,8562,2010,104128.0,999103.0,0.715745,1.9780259999999998,HKG,USA,760410
7985366,99,231,8562,2010,72184.0,24198.0,-0.569501,-0.153122,HND,USA,760410
7985367,101,231,8562,2010,0.0,166986.0,-1.369873,-1.121801,HTI,USA,760410
7985368,102,231,8562,2010,63063.0,8590.0,1.514225,0.740341,HUN,USA,760410
7985369,103,231,8562,2010,5358.0,36304.0,-0.30878099999999997,1.07069,IDN,USA,760410
7985370,104,231,8562,2010,25011.0,256246.0,0.14485599999999998,2.408913,IND,USA,760410
7985371,106,231,8562,2010,6154.0,437081.0,1.371357,0.168795,IRL,USA,760410
7985372,109,231,8562,2010,0.0,33938.0,0.20822100000000002,-0.318294,ISL,USA,760410
7985373,110,231,8562,2010,10644.0,629339.0,1.215834,0.7028340000000001,ISR,USA,760410
7985374,111,231,8562,2010,683402.0,19717032.0,1.272385,0.545721,ITA,USA,760410
7985375,112,231,8562,2010,0.0,87289.0,0.041471,-0.367177,JAM,USA,760410
7985376,113,231,8562,2010,0.0,9933.0,0.251702,0.522758,JOR,USA,760410
7985377,114,231,8562,2010,502070.0,1485995.0,2.459723,-0.279387,JPN,USA,760410
7985378,115,231,8562,2010,0.0,2473.0,-0.6278020000000001,-0.8419760000000001,KAZ,USA,760410
7985379,117,231,8562,2010,0.0,767.0,-0.48426400000000003,-0.169443,KGZ,USA,760410
7985380,120,231,8562,2010,0.0,11736.0,0.9277790000000001,-0.42824799999999996,KNA,USA,760410
7985381,121,231,8562,2010,1981246.0,1843844.0,1.7118849999999999,0.762362,KOR,USA,760410
7985382,122,231,8562,2010,0.0,10460.0,0.067373,-1.0822120000000002,KWT,USA,760410
7985383,123,231,8562,2010,0.0,2284.0,-1.104075,-0.836772,LAO,USA,760410
7985384,126,231,8562,2010,0.0,1129.0,-0.706491,-1.140822,LBY,USA,760410
7985385,127,231,8562,2010,0.0,3230.0,0.446162,-0.279229,LCA,USA,760410
7985386,130,231,8562,2010,0.0,1452.0,0.6390600000000001,1.144911,LTU,USA,760410
7985387,133,231,8562,2010,0.0,39890.0,0.545755,0.492997,MAC,USA,760410
7985388,137,231,8562,2010,0.0,2613.0,-0.644859,-0.910633,MDV,USA,760410
7985389,138,231,8562,2010,222299.0,38274460.0,1.132664,0.675756,MEX,USA,760410
7985390,141,231,8562,2010,0.0,29801.0,-0.585496,-0.655841,MLI,USA,760410
7985391,153,231,8562,2010,24859.0,153276.0,0.9530780000000001,0.607456,MYS,USA,760410
7985392,160,231,8562,2010,0.0,57274.0,-0.9387409999999999,-0.8119569999999999,NIC,USA,760410
7985393,162,231,8562,2010,46007.0,199483.0,1.237998,1.1891209999999999,NLD,USA,760410
7985394,163,231,8562,2010,29375.0,16912.0,0.865676,0.138757,NOR,USA,760410
7985395,166,231,8562,2010,3124.0,167273.0,0.36828299999999997,0.574574,NZL,USA,760410
7985396,167,231,8562,2010,0.0,2097.0,-0.487612,-0.9551379999999999,OMN,USA,760410
7985397,168,231,8562,2010,2029.0,20823.0,-0.692071,0.5409010000000001,PAK,USA,760410
7985398,169,231,8562,2010,9580.0,43595.0,0.617867,0.903432,PAN,USA,760410
7985399,173,231,8562,2010,0.0,5058.0,-0.650327,0.162321,PER,USA,760410
7985400,174,231,8562,2010,26757.0,56161.0,0.40418899999999996,0.102497,PHL,USA,760410
7985401,177,231,8562,2010,14226.0,56678.0,1.083552,1.1433719999999998,POL,USA,760410
7985402,179,231,8562,2010,0.0,12642.0,0.551149,2.437209,PRT,USA,760410
7985403,180,231,8562,2010,0.0,4138.0,-0.553805,-0.8699450000000001,PRY,USA,760410
7985404,182,231,8562,2010,0.0,1258.0,-0.47692700000000005,-0.8429760000000001,PYF,USA,760410
7985405,183,231,8562,2010,0.0,50942.0,-0.346143,-1.078192,QAT,USA,760410
7985406,185,231,8562,2010,0.0,2902.0,0.6483760000000001,1.200256,ROU,USA,760410
7985407,186,231,8562,2010,0.0,32368.0,0.583996,-0.223881,RUS,USA,760410
7985408,188,231,8562,2010,0.0,74766.0,0.46696400000000005,-0.7487520000000001,SAU,USA,760410
7985409,192,231,8562,2010,20988.0,578369.0,1.8441349999999999,0.570311,SGP,USA,760410
7985410,197,231,8562,2010,0.0,50407.0,-0.101434,0.132639,SLV,USA,760410
7985411,205,231,8562,2010,0.0,10073.0,-0.5734560000000001,-0.936167,SUR,USA,760410
7985412,206,231,8562,2010,0.0,3643.0,1.278601,0.726907,SVK,USA,760410
7985413,208,231,8562,2010,176252.0,36714.0,1.882239,0.397927,SWE,USA,760410
7985414,213,231,8562,2010,0.0,14188.0,0.86575,0.044395,TCA,USA,760410
7985415,216,231,8562,2010,1294500.0,640616.0,0.748328,1.425224,THA,USA,760410
7985416,222,231,8562,2010,0.0,123799.0,-0.338123,-1.070239,TTO,USA,760410
7985417,223,231,8562,2010,0.0,15509.0,0.165019,0.8882059999999999,TUN,USA,760410
7985418,224,231,8562,2010,8285.0,651131.0,0.359977,2.471173,TUR,USA,760410
7985419,234,231,8562,2010,0.0,104164.0,0.120821,-0.43102700000000005,VCT,USA,760410
7985420,236,231,8562,2010,908896.0,47455.0,-0.660844,-1.145133,VEN,USA,760410
7985421,237,231,8562,2010,0.0,4769.0,0.699891,-0.29630300000000004,VGB,USA,760410
7985422,239,231,8562,2010,18477.0,132579.0,-0.24660500000000002,1.427235,VNM,USA,760410
7985423,246,231,8562,2010,0.0,29040.0,0.327326,1.513598,ZAF,USA,760410
7985424,249,231,8562,2010,333819.0,4430514.0,1.766729,0.909335,TWN,USA,760410
7985425,0,236,8562,2010,0.0,8011.0,0.9906219999999999,0.159993,ABW,VEN,760410
7985426,7,236,8562,2010,1283.0,0.0,0.29457,-0.196371,ARE,VEN,760410
7985427,8,236,8562,2010,36994.0,0.0,0.27458899999999997,0.597907,ARG,VEN,760410
7985428,43,236,8562,2010,7239.0,0.0,0.922493,2.0176,CHN,VEN,760410
7985429,49,236,8562,2010,2830.0,3365502.0,0.097222,-0.064328,COL,VEN,760410
7985430,61,236,8562,2010,1725.0,0.0,2.035672,-3.383322,DEU,VEN,760410
7985431,65,236,8562,2010,0.0,109176.0,-0.245241,0.368626,DOM,VEN,760410
7985432,71,236,8562,2010,5653.0,0.0,0.832619,2.448009,ESP,VEN,760410
7985433,90,236,8562,2010,0.0,107399.0,0.200249,1.4640090000000001,GRC,VEN,760410
7985434,111,236,8562,2010,168453.0,0.0,1.272385,0.545721,ITA,VEN,760410
7985435,112,236,8562,2010,0.0,261868.0,0.041471,-0.367177,JAM,VEN,760410
7985436,138,236,8562,2010,0.0,2033298.0,1.132664,0.675756,MEX,VEN,760410
7985437,169,236,8562,2010,12163.0,5094.0,0.617867,0.903432,PAN,VEN,760410
7985438,231,236,8562,2010,47455.0,908896.0,1.67573,-0.598165,USA,VEN,760410
7985439,7,243,8562,2010,1340720.0,0.0,0.29457,-0.196371,ARE,YEM,760410
7985440,18,243,8562,2010,893.0,0.0,1.2224270000000002,1.1276,BEL,YEM,760410
7985441,24,243,8562,2010,434607.0,0.0,0.284356,-0.8362,BHR,YEM,760410
7985442,43,243,8562,2010,6912339.0,0.0,0.922493,2.0176,CHN,YEM,760410
7985443,68,243,8562,2010,6406.0,0.0,-0.181826,1.409465,EGY,YEM,760410
7985444,90,243,8562,2010,111151.0,0.0,0.200249,1.4640090000000001,GRC,YEM,760410
7985445,104,243,8562,2010,2053.0,0.0,0.14485599999999998,2.408913,IND,YEM,760410
7985446,111,243,8562,2010,15045.0,0.0,1.272385,0.545721,ITA,YEM,760410
7985447,113,243,8562,2010,9873.0,0.0,0.251702,0.522758,JOR,YEM,760410
7985448,124,243,8562,2010,1379.0,0.0,0.415854,1.424085,LBN,YEM,760410
7985449,153,243,8562,2010,31729.0,0.0,0.9530780000000001,0.607456,MYS,YEM,760410
7985450,188,243,8562,2010,4498988.0,0.0,0.46696400000000005,-0.7487520000000001,SAU,YEM,760410
7985451,212,243,8562,2010,127055.0,0.0,-0.46833800000000003,1.11952,SYR,YEM,760410
7985452,224,243,8562,2010,7655.0,0.0,0.359977,2.471173,TUR,YEM,760410
7985453,249,243,8562,2010,28703.0,0.0,1.766729,0.909335,TWN,YEM,760410
7985454,250,243,8562,2010,176220.0,0.0,0.45129600000000003,-0.223517,ANS,YEM,760410
7985455,2,246,8562,2010,0.0,3195.0,-1.3711010000000001,-1.170608,AGO,ZAF,760410
7985456,7,246,8562,2010,0.0,1219.0,0.29457,-0.196371,ARE,ZAF,760410
7985457,14,246,8562,2010,3297.0,12557.0,-0.276442,0.062023,AUS,ZAF,760410
7985458,15,246,8562,2010,1258.0,0.0,1.724315,-0.29379099999999997,AUT,ZAF,760410
7985459,18,246,8562,2010,0.0,2352.0,1.2224270000000002,1.1276,BEL,ZAF,760410
7985460,24,246,8562,2010,9140258.0,0.0,0.284356,-0.8362,BHR,ZAF,760410
7985461,32,246,8562,2010,9195.0,0.0,0.40715500000000004,0.6208100000000001,BRA,ZAF,760410
7985462,37,246,8562,2010,2181.0,1226691.0,-0.181373,-0.714376,BWA,ZAF,760410
7985463,41,246,8562,2010,359695.0,0.0,2.1492080000000002,0.556424,CHE,ZAF,760410
7985464,43,246,8562,2010,731375.0,1479552.0,0.922493,2.0176,CHN,ZAF,760410
7985465,44,246,8562,2010,0.0,19091.0,-1.256641,-0.946767,CIV,ZAF,760410
7985466,46,246,8562,2010,0.0,1175.0,-1.465101,-1.139909,COD,ZAF,760410
7985467,61,246,8562,2010,35270.0,0.0,2.035672,-3.383322,DEU,ZAF,760410
7985468,64,246,8562,2010,8422.0,0.0,1.082468,1.280759,DNK,ZAF,760410
7985469,71,246,8562,2010,21964.0,0.0,0.832619,2.448009,ESP,ZAF,760410
7985470,77,246,8562,2010,49925.0,0.0,1.530027,-0.052557000000000006,FRA,ZAF,760410
7985471,81,246,8562,2010,197713.0,69387.0,1.828224,0.386383,GBR,ZAF,760410
7985472,83,246,8562,2010,0.0,4262.0,-0.835003,-0.633731,GHA,ZAF,760410
7985473,90,246,8562,2010,38740.0,0.0,0.200249,1.4640090000000001,GRC,ZAF,760410
7985474,97,246,8562,2010,88103.0,0.0,0.715745,1.9780259999999998,HKG,ZAF,760410
7985475,103,246,8562,2010,0.0,9539.0,-0.30878099999999997,1.07069,IDN,ZAF,760410
7985476,104,246,8562,2010,1306.0,0.0,0.14485599999999998,2.408913,IND,ZAF,760410
7985477,106,246,8562,2010,3337.0,8033.0,1.371357,0.168795,IRL,ZAF,760410
7985478,110,246,8562,2010,296374.0,0.0,1.215834,0.7028340000000001,ISR,ZAF,760410
7985479,111,246,8562,2010,77411.0,1024.0,1.272385,0.545721,ITA,ZAF,760410
7985480,116,246,8562,2010,0.0,1803.0,-0.387187,1.010443,KEN,ZAF,760410
7985481,121,246,8562,2010,24622.0,0.0,1.7118849999999999,0.762362,KOR,ZAF,760410
7985482,129,246,8562,2010,0.0,24200.0,-0.7534529999999999,-0.759605,LSO,ZAF,760410
7985483,141,246,8562,2010,0.0,21806.0,-0.585496,-0.655841,MLI,ZAF,760410
7985484,147,246,8562,2010,3611.0,681975.0,-1.479855,-1.070518,MOZ,ZAF,760410
7985485,151,246,8562,2010,0.0,30782.0,-0.173542,0.103727,MUS,ZAF,760410
7985486,152,246,8562,2010,0.0,102862.0,-0.821839,-0.9153870000000001,MWI,ZAF,760410
7985487,153,246,8562,2010,187421.0,3804.0,0.9530780000000001,0.607456,MYS,ZAF,760410
7985488,155,246,8562,2010,4629.0,146488.0,-0.49860299999999996,-0.6728529999999999,NAM,ZAF,760410
7985489,162,246,8562,2010,6076.0,0.0,1.237998,1.1891209999999999,NLD,ZAF,760410
7985490,168,246,8562,2010,0.0,920.0,-0.692071,0.5409010000000001,PAK,ZAF,760410
7985491,169,246,8562,2010,0.0,14713.0,0.617867,0.903432,PAN,ZAF,760410
7985492,186,246,8562,2010,29867.0,0.0,0.583996,-0.223881,RUS,ZAF,760410
7985493,192,246,8562,2010,39899.0,29639.0,1.8441349999999999,0.570311,SGP,ZAF,760410
7985494,208,246,8562,2010,8737.0,0.0,1.882239,0.397927,SWE,ZAF,760410
7985495,209,246,8562,2010,2592.0,714428.0,0.186142,-0.34577800000000003,SWZ,ZAF,760410
7985496,211,246,8562,2010,0.0,1736.0,-0.075668,-0.549686,SYC,ZAF,760410
7985497,216,246,8562,2010,58517.0,0.0,0.748328,1.425224,THA,ZAF,760410
7985498,224,246,8562,2010,13949.0,0.0,0.359977,2.471173,TUR,ZAF,760410
7985499,226,246,8562,2010,0.0,19241.0,-0.7327,0.427616,TZA,ZAF,760410
7985500,231,246,8562,2010,29040.0,0.0,1.67573,-0.598165,USA,ZAF,760410
7985501,247,246,8562,2010,43178.0,709551.0,-0.650686,-0.830332,ZMB,ZAF,760410
7985502,248,246,8562,2010,0.0,551711.0,-0.869909,-0.8233309999999999,ZWE,ZAF,760410
7985503,249,246,8562,2010,20353.0,0.0,1.766729,0.909335,TWN,ZAF,760410
7985504,7,249,8562,2010,0.0,37435.0,0.29457,-0.196371,ARE,TWN,760410
7985505,8,249,8562,2010,0.0,42136.0,0.27458899999999997,0.597907,ARG,TWN,760410
7985506,14,249,8562,2010,0.0,17096.0,-0.276442,0.062023,AUS,TWN,760410
7985507,15,249,8562,2010,0.0,7066.0,1.724315,-0.29379099999999997,AUT,TWN,760410
7985508,22,249,8562,2010,0.0,159160.0,-0.974526,-0.76566,BGD,TWN,760410
7985509,31,249,8562,2010,0.0,7178.0,-0.83736,-0.812473,BOL,TWN,760410
7985510,32,249,8562,2010,0.0,47768.0,0.40715500000000004,0.6208100000000001,BRA,TWN,760410
7985511,34,249,8562,2010,0.0,845.0,0.717167,-0.764841,BRN,TWN,760410
7985512,39,249,8562,2010,7485.0,317163.0,0.752421,1.2208510000000001,CAN,TWN,760410
7985513,41,249,8562,2010,6399.0,0.0,2.1492080000000002,0.556424,CHE,TWN,760410
7985514,42,249,8562,2010,0.0,19055.0,-0.34914,-0.459395,CHL,TWN,760410
7985515,43,249,8562,2010,32610.0,5053548.0,0.922493,2.0176,CHN,TWN,760410
7985516,49,249,8562,2010,0.0,11456.0,0.097222,-0.064328,COL,TWN,760410
7985517,52,249,8562,2010,0.0,16642.0,-0.122722,-0.7062069999999999,CRI,TWN,760410
7985518,58,249,8562,2010,0.0,54977.0,0.8776450000000001,0.568389,CYP,TWN,760410
7985519,59,249,8562,2010,0.0,432687.0,1.732044,0.333934,CZE,TWN,760410
7985520,61,249,8562,2010,2978.0,173196.0,2.035672,-3.383322,DEU,TWN,760410
7985521,64,249,8562,2010,0.0,3199.0,1.082468,1.280759,DNK,TWN,760410
7985522,67,249,8562,2010,0.0,5306.0,-0.584013,-0.743675,ECU,TWN,760410
7985523,68,249,8562,2010,0.0,2245.0,-0.181826,1.409465,EGY,TWN,760410
7985524,73,249,8562,2010,0.0,441.0,-1.122906,-0.840777,ETH,TWN,760410
7985525,74,249,8562,2010,0.0,13597.0,1.745464,0.897992,FIN,TWN,760410
7985526,77,249,8562,2010,101763.0,37229.0,1.530027,-0.052557000000000006,FRA,TWN,760410
7985527,81,249,8562,2010,9846.0,72841.0,1.828224,0.386383,GBR,TWN,760410
7985528,90,249,8562,2010,0.0,1447.0,0.200249,1.4640090000000001,GRC,TWN,760410
7985529,95,249,8562,2010,0.0,29107.0,0.726384,0.182999,GUM,TWN,760410
7985530,97,249,8562,2010,17161.0,2026075.0,0.715745,1.9780259999999998,HKG,TWN,760410
7985531,100,249,8562,2010,0.0,1016.0,0.8276979999999999,0.97415,HRV,TWN,760410
7985532,103,249,8562,2010,81463.0,985749.0,-0.30878099999999997,1.07069,IDN,TWN,760410
7985533,104,249,8562,2010,142336.0,4027.0,0.14485599999999998,2.408913,IND,TWN,760410
7985534,106,249,8562,2010,0.0,1451.0,1.371357,0.168795,IRL,TWN,760410
7985535,107,249,8562,2010,0.0,6636.0,-0.609874,-0.744733,IRN,TWN,760410
7985536,110,249,8562,2010,0.0,1651.0,1.215834,0.7028340000000001,ISR,TWN,760410
7985537,111,249,8562,2010,173163.0,69287.0,1.272385,0.545721,ITA,TWN,760410
7985538,113,249,8562,2010,0.0,4416.0,0.251702,0.522758,JOR,TWN,760410
7985539,114,249,8562,2010,138227.0,346619.0,2.459723,-0.279387,JPN,TWN,760410
7985540,121,249,8562,2010,1565883.0,24810.0,1.7118849999999999,0.762362,KOR,TWN,760410
7985541,122,249,8562,2010,0.0,3349.0,0.067373,-1.0822120000000002,KWT,TWN,760410
7985542,124,249,8562,2010,0.0,15637.0,0.415854,1.424085,LBN,TWN,760410
7985543,130,249,8562,2010,0.0,2894.0,0.6390600000000001,1.144911,LTU,TWN,760410
7985544,133,249,8562,2010,0.0,5270.0,0.545755,0.492997,MAC,TWN,760410
7985545,134,249,8562,2010,0.0,4934.0,-0.5935229999999999,-0.056497000000000006,MAR,TWN,760410
7985546,138,249,8562,2010,29416.0,13696.0,1.132664,0.675756,MEX,TWN,760410
7985547,143,249,8562,2010,0.0,2308.0,-1.480389,-1.075842,MMR,TWN,760410
7985548,151,249,8562,2010,0.0,1189.0,-0.173542,0.103727,MUS,TWN,760410
7985549,153,249,8562,2010,929080.0,361779.0,0.9530780000000001,0.607456,MYS,TWN,760410
7985550,159,249,8562,2010,0.0,6011.0,-1.887084,-1.2280229999999999,NGA,TWN,760410
7985551,162,249,8562,2010,0.0,288832.0,1.237998,1.1891209999999999,NLD,TWN,760410
7985552,163,249,8562,2010,0.0,51900.0,0.865676,0.138757,NOR,TWN,760410
7985553,166,249,8562,2010,0.0,3412.0,0.36828299999999997,0.574574,NZL,TWN,760410
7985554,167,249,8562,2010,0.0,57553.0,-0.487612,-0.9551379999999999,OMN,TWN,760410
7985555,169,249,8562,2010,0.0,65598.0,0.617867,0.903432,PAN,TWN,760410
7985556,173,249,8562,2010,0.0,31062.0,-0.650327,0.162321,PER,TWN,760410
7985557,174,249,8562,2010,0.0,1123957.0,0.40418899999999996,0.102497,PHL,TWN,760410
7985558,177,249,8562,2010,0.0,3638.0,1.083552,1.1433719999999998,POL,TWN,760410
7985559,183,249,8562,2010,0.0,6213.0,-0.346143,-1.078192,QAT,TWN,760410
7985560,185,249,8562,2010,0.0,1118.0,0.6483760000000001,1.200256,ROU,TWN,760410
7985561,186,249,8562,2010,0.0,2713.0,0.583996,-0.223881,RUS,TWN,760410
7985562,188,249,8562,2010,0.0,11892.0,0.46696400000000005,-0.7487520000000001,SAU,TWN,760410
7985563,192,249,8562,2010,56359.0,456375.0,1.8441349999999999,0.570311,SGP,TWN,760410
7985564,197,249,8562,2010,0.0,7707.0,-0.101434,0.132639,SLV,TWN,760410
7985565,208,249,8562,2010,13112.0,2915.0,1.882239,0.397927,SWE,TWN,760410
7985566,216,249,8562,2010,198268.0,1465988.0,0.748328,1.425224,THA,TWN,760410
7985567,224,249,8562,2010,3247.0,0.0,0.359977,2.471173,TUR,TWN,760410
7985568,231,249,8562,2010,4430514.0,333819.0,1.67573,-0.598165,USA,TWN,760410
7985569,239,249,8562,2010,526109.0,4231054.0,-0.24660500000000002,1.427235,VNM,TWN,760410
7985570,243,249,8562,2010,0.0,28703.0,-1.360851,-1.208826,YEM,TWN,760410
7985571,246,249,8562,2010,0.0,20353.0,0.327326,1.513598,ZAF,TWN,760410
7985572,0,250,8562,2010,0.0,10333.0,0.9906219999999999,0.159993,ABW,ANS,760410
7985573,2,250,8562,2010,0.0,28900.0,-1.3711010000000001,-1.170608,AGO,ANS,760410
7985574,22,250,8562,2010,0.0,120791.0,-0.974526,-0.76566,BGD,ANS,760410
7985575,24,250,8562,2010,205355.0,174282.0,0.284356,-0.8362,BHR,ANS,760410
7985576,43,250,8562,2010,0.0,1259.0,0.922493,2.0176,CHN,ANS,760410
7985577,44,250,8562,2010,0.0,113654.0,-1.256641,-0.946767,CIV,ANS,760410
7985578,49,250,8562,2010,0.0,1705.0,0.097222,-0.064328,COL,ANS,760410
7985579,59,250,8562,2010,32453.0,217555.0,1.732044,0.333934,CZE,ANS,760410
7985580,71,250,8562,2010,0.0,1456.0,0.832619,2.448009,ESP,ANS,760410
7985581,77,250,8562,2010,0.0,14603.0,1.530027,-0.052557000000000006,FRA,ANS,760410
7985582,90,250,8562,2010,336988.0,0.0,0.200249,1.4640090000000001,GRC,ANS,760410
7985583,106,250,8562,2010,50009.0,56277.0,1.371357,0.168795,IRL,ANS,760410
7985584,111,250,8562,2010,6399.0,0.0,1.272385,0.545721,ITA,ANS,760410
7985585,131,250,8562,2010,0.0,118213.0,1.272127,1.1051520000000001,LUX,ANS,760410
7985586,138,250,8562,2010,0.0,2634.0,1.132664,0.675756,MEX,ANS,760410
7985587,144,250,8562,2010,0.0,26402.0,0.266397,-0.02502,MNE,ANS,760410
7985588,162,250,8562,2010,0.0,2306.0,1.237998,1.1891209999999999,NLD,ANS,760410
7985589,169,250,8562,2010,3617.0,0.0,0.617867,0.903432,PAN,ANS,760410
7985590,177,250,8562,2010,34583.0,0.0,1.083552,1.1433719999999998,POL,ANS,760410
7985591,185,250,8562,2010,9596.0,0.0,0.6483760000000001,1.200256,ROU,ANS,760410
7985592,206,250,8562,2010,0.0,2018977.0,1.278601,0.726907,SVK,ANS,760410
7985593,207,250,8562,2010,0.0,78293.0,1.595473,0.7023020000000001,SVN,ANS,760410
7985594,223,250,8562,2010,11380.0,10917.0,0.165019,0.8882059999999999,TUN,ANS,760410
7985595,224,250,8562,2010,264344.0,3728.0,0.359977,2.471173,TUR,ANS,760410
7985596,243,250,8562,2010,0.0,176220.0,-1.360851,-1.208826,YEM,ANS,760410
7985597,15,7,8562,2010,0.0,8205.0,1.724315,-0.29379099999999997,AUT,ARE,760410
7985598,18,7,8562,2010,209337.0,23222.0,1.2224270000000002,1.1276,BEL,ARE,760410
7985599,22,7,8562,2010,0.0,89571.0,-0.974526,-0.76566,BGD,ARE,760410
7985600,24,7,8562,2010,16510584.0,726724.0,0.284356,-0.8362,BHR,ARE,760410
7985601,39,7,8562,2010,5050177.0,0.0,0.752421,1.2208510000000001,CAN,ARE,760410
7985602,43,7,8562,2010,13932.0,0.0,0.922493,2.0176,CHN,ARE,760410
7985603,44,7,8562,2010,0.0,2995.0,-1.256641,-0.946767,CIV,ARE,760410
7985604,45,7,8562,2010,0.0,20339.0,-1.114209,-1.0127899999999999,CMR,ARE,760410
7985605,47,7,8562,2010,0.0,12590.0,-1.536434,-1.175338,COG,ARE,760410
7985606,50,7,8562,2010,0.0,6557.0,0.8640059999999999,-0.6108180000000001,COM,ARE,760410
7985607,61,7,8562,2010,29219.0,9870.0,2.035672,-3.383322,DEU,ARE,760410
7985608,64,7,8562,2010,147921.0,0.0,1.082468,1.280759,DNK,ARE,760410
7985609,68,7,8562,2010,1305562.0,2647172.0,-0.181826,1.409465,EGY,ARE,760410
7985610,71,7,8562,2010,49750.0,0.0,0.832619,2.448009,ESP,ARE,760410
7985611,73,7,8562,2010,0.0,12879.0,-1.122906,-0.840777,ETH,ARE,760410
7985612,77,7,8562,2010,804401.0,0.0,1.530027,-0.052557000000000006,FRA,ARE,760410
7985613,81,7,8562,2010,672725.0,24833.0,1.828224,0.386383,GBR,ARE,760410
7985614,90,7,8562,2010,1726.0,0.0,0.200249,1.4640090000000001,GRC,ARE,760410
7985615,100,7,8562,2010,2530.0,0.0,0.8276979999999999,0.97415,HRV,ARE,760410
7985616,102,7,8562,2010,0.0,1601.0,1.514225,0.740341,HUN,ARE,760410
7985617,104,7,8562,2010,273115.0,7042552.0,0.14485599999999998,2.408913,IND,ARE,760410
7985618,107,7,8562,2010,0.0,5160.0,-0.609874,-0.744733,IRN,ARE,760410
7985619,111,7,8562,2010,400201.0,0.0,1.272385,0.545721,ITA,ARE,760410
7985620,113,7,8562,2010,207586.0,1274957.0,0.251702,0.522758,JOR,ARE,760410
7985621,121,7,8562,2010,133576.0,0.0,1.7118849999999999,0.762362,KOR,ARE,760410
7985622,122,7,8562,2010,59085.0,1564776.0,0.067373,-1.0822120000000002,KWT,ARE,760410
7985623,124,7,8562,2010,1219.0,11762935.0,0.415854,1.424085,LBN,ARE,760410
7985624,128,7,8562,2010,0.0,106385.0,-0.70886,0.25216700000000003,LKA,ARE,760410
7985625,134,7,8562,2010,0.0,517234.0,-0.5935229999999999,-0.056497000000000006,MAR,ARE,760410
7985626,137,7,8562,2010,0.0,351.0,-0.644859,-0.910633,MDV,ARE,760410
7985627,153,7,8562,2010,0.0,1819.0,0.9530780000000001,0.607456,MYS,ARE,760410
7985628,155,7,8562,2010,0.0,1396.0,-0.49860299999999996,-0.6728529999999999,NAM,ARE,760410
7985629,162,7,8562,2010,25893.0,0.0,1.237998,1.1891209999999999,NLD,ARE,760410
7985630,167,7,8562,2010,1071662.0,4091490.0,-0.487612,-0.9551379999999999,OMN,ARE,760410
7985631,168,7,8562,2010,0.0,275066.0,-0.692071,0.5409010000000001,PAK,ARE,760410
7985632,177,7,8562,2010,3873.0,0.0,1.083552,1.1433719999999998,POL,ARE,760410
7985633,183,7,8562,2010,0.0,15540646.0,-0.346143,-1.078192,QAT,ARE,760410
7985634,186,7,8562,2010,53404.0,0.0,0.583996,-0.223881,RUS,ARE,760410
7985635,187,7,8562,2010,0.0,13395.0,-0.6033350000000001,-0.524881,RWA,ARE,760410
7985636,188,7,8562,2010,40797976.0,27477768.0,0.46696400000000005,-0.7487520000000001,SAU,ARE,760410
7985637,190,7,8562,2010,0.0,7891252.0,-1.9094669999999998,-1.271065,SDN,ARE,760410
7985638,192,7,8562,2010,319311.0,0.0,1.8441349999999999,0.570311,SGP,ARE,760410
7985639,208,7,8562,2010,11269.0,0.0,1.882239,0.397927,SWE,ARE,760410
7985640,211,7,8562,2010,0.0,21561.0,-0.075668,-0.549686,SYC,ARE,760410
7985641,212,7,8562,2010,0.0,53541.0,-0.46833800000000003,1.11952,SYR,ARE,760410
7985642,216,7,8562,2010,21068.0,177992.0,0.748328,1.425224,THA,ARE,760410
7985643,223,7,8562,2010,0.0,1135405.0,0.165019,0.8882059999999999,TUN,ARE,760410
7985644,224,7,8562,2010,37577.0,328482.0,0.359977,2.471173,TUR,ARE,760410
7985645,226,7,8562,2010,0.0,20213.0,-0.7327,0.427616,TZA,ARE,760410
7985646,227,7,8562,2010,0.0,147947.0,-0.48061400000000004,0.187001,UGA,ARE,760410
7985647,231,7,8562,2010,290614.0,0.0,1.67573,-0.598165,USA,ARE,760410
7985648,236,7,8562,2010,0.0,1283.0,-0.660844,-1.145133,VEN,ARE,760410
7985649,243,7,8562,2010,0.0,1340720.0,-1.360851,-1.208826,YEM,ARE,760410
7985650,246,7,8562,2010,1219.0,0.0,0.327326,1.513598,ZAF,ARE,760410
7985651,247,7,8562,2010,0.0,8454.0,-0.650686,-0.830332,ZMB,ARE,760410
7985652,249,7,8562,2010,37435.0,0.0,1.766729,0.909335,TWN,ARE,760410
7985653,15,14,8562,2010,34699.0,0.0,1.724315,-0.29379099999999997,AUT,AUS,760410
7985654,18,14,8562,2010,7552.0,38046.0,1.2224270000000002,1.1276,BEL,AUS,760410
7985655,24,14,8562,2010,9481715.0,0.0,0.284356,-0.8362,BHR,AUS,760410
7985656,32,14,8562,2010,7050.0,0.0,0.40715500000000004,0.6208100000000001,BRA,AUS,760410
7985657,39,14,8562,2010,4427.0,14451.0,0.752421,1.2208510000000001,CAN,AUS,760410
7985658,43,14,8562,2010,701758.0,17411.0,0.922493,2.0176,CHN,AUS,760410
7985659,59,14,8562,2010,34622.0,0.0,1.732044,0.333934,CZE,AUS,760410
7985660,61,14,8562,2010,99992.0,25267.0,2.035672,-3.383322,DEU,AUS,760410
7985661,64,14,8562,2010,23838.0,0.0,1.082468,1.280759,DNK,AUS,760410
7985662,71,14,8562,2010,51535.0,0.0,0.832619,2.448009,ESP,AUS,760410
7985663,75,14,8562,2010,0.0,17220.0,-0.603112,-0.29135500000000003,FJI,AUS,760410
7985664,77,14,8562,2010,80446.0,2662.0,1.530027,-0.052557000000000006,FRA,AUS,760410
7985665,81,14,8562,2010,108599.0,24135.0,1.828224,0.386383,GBR,AUS,760410
7985666,90,14,8562,2010,2118.0,0.0,0.200249,1.4640090000000001,GRC,AUS,760410
7985667,97,14,8562,2010,5165.0,3616.0,0.715745,1.9780259999999998,HKG,AUS,760410
7985668,100,14,8562,2010,0.0,6225.0,0.8276979999999999,0.97415,HRV,AUS,760410
7985669,103,14,8562,2010,44934.0,536795.0,-0.30878099999999997,1.07069,IDN,AUS,760410
7985670,104,14,8562,2010,5260.0,2368.0,0.14485599999999998,2.408913,IND,AUS,760410
7985671,110,14,8562,2010,78248.0,22940.0,1.215834,0.7028340000000001,ISR,AUS,760410
7985672,111,14,8562,2010,62955.0,0.0,1.272385,0.545721,ITA,AUS,760410
7985673,114,14,8562,2010,2700.0,3045.0,2.459723,-0.279387,JPN,AUS,760410
7985674,121,14,8562,2010,24121.0,0.0,1.7118849999999999,0.762362,KOR,AUS,760410
7985675,122,14,8562,2010,0.0,5252.0,0.067373,-1.0822120000000002,KWT,AUS,760410
7985676,151,14,8562,2010,0.0,1080.0,-0.173542,0.103727,MUS,AUS,760410
7985677,153,14,8562,2010,4377292.0,6481.0,0.9530780000000001,0.607456,MYS,AUS,760410
7985678,156,14,8562,2010,0.0,3197.0,-0.42193500000000006,-0.8256610000000001,NCL,AUS,760410
7985679,158,14,8562,2010,0.0,2864.0,1.059751,-0.570033,NFK,AUS,760410
7985680,162,14,8562,2010,6487.0,0.0,1.237998,1.1891209999999999,NLD,AUS,760410
7985681,163,14,8562,2010,4444.0,1273.0,0.865676,0.138757,NOR,AUS,760410
7985682,166,14,8562,2010,26094396.0,691167.0,0.36828299999999997,0.574574,NZL,AUS,760410
7985683,174,14,8562,2010,0.0,558837.0,0.40418899999999996,0.102497,PHL,AUS,760410
7985684,176,14,8562,2010,0.0,18536.0,-1.725138,-1.195622,PNG,AUS,760410
7985685,179,14,8562,2010,50719.0,0.0,0.551149,2.437209,PRT,AUS,760410
7985686,182,14,8562,2010,0.0,3835.0,-0.47692700000000005,-0.8429760000000001,PYF,AUS,760410
7985687,183,14,8562,2010,0.0,292989.0,-0.346143,-1.078192,QAT,AUS,760410
7985688,192,14,8562,2010,22333.0,19719.0,1.8441349999999999,0.570311,SGP,AUS,760410
7985689,208,14,8562,2010,7748.0,0.0,1.882239,0.397927,SWE,AUS,760410
7985690,216,14,8562,2010,23245.0,0.0,0.748328,1.425224,THA,AUS,760410
7985691,224,14,8562,2010,7630.0,0.0,0.359977,2.471173,TUR,AUS,760410
7985692,231,14,8562,2010,499467.0,15908.0,1.67573,-0.598165,USA,AUS,760410
7985693,239,14,8562,2010,9084.0,72776.0,-0.24660500000000002,1.427235,VNM,AUS,760410
7985694,240,14,8562,2010,0.0,23216.0,-0.8922190000000001,-0.87134,VUT,AUS,760410
7985695,246,14,8562,2010,12557.0,3297.0,0.327326,1.513598,ZAF,AUS,760410
7985696,249,14,8562,2010,17096.0,0.0,1.766729,0.909335,TWN,AUS,760410
7985697,61,16,8562,2010,12905.0,0.0,2.035672,-3.383322,DEU,AZE,760410
7985698,71,16,8562,2010,1435.0,0.0,0.832619,2.448009,ESP,AZE,760410
7985699,102,16,8562,2010,6592.0,0.0,1.514225,0.740341,HUN,AZE,760410
7985700,107,16,8562,2010,89633.0,0.0,-0.609874,-0.744733,IRN,AZE,760410
7985701,111,16,8562,2010,21841.0,0.0,1.272385,0.545721,ITA,AZE,760410
7985702,121,16,8562,2010,12484.0,0.0,1.7118849999999999,0.762362,KOR,AZE,760410
7985703,224,16,8562,2010,883828.0,0.0,0.359977,2.471173,TUR,AZE,760410
7985704,7,22,8562,2010,89571.0,0.0,0.29457,-0.196371,ARE,BGD,760410
7985705,43,22,8562,2010,26067.0,0.0,0.922493,2.0176,CHN,BGD,760410
7985706,81,22,8562,2010,50657.0,0.0,1.828224,0.386383,GBR,BGD,760410
7985707,97,22,8562,2010,54305.0,0.0,0.715745,1.9780259999999998,HKG,BGD,760410
7985708,103,22,8562,2010,120231.0,0.0,-0.30878099999999997,1.07069,IDN,BGD,760410
7985709,104,22,8562,2010,419133.0,11812.0,0.14485599999999998,2.408913,IND,BGD,760410
7985710,216,22,8562,2010,10811.0,0.0,0.748328,1.425224,THA,BGD,760410
7985711,249,22,8562,2010,159160.0,0.0,1.766729,0.909335,TWN,BGD,760410
7985712,250,22,8562,2010,120791.0,0.0,0.45129600000000003,-0.223517,ANS,BGD,760410
7985713,4,23,8562,2010,0.0,13855.0,-0.5316,-0.219561,ALB,BGR,760410
7985714,9,23,8562,2010,0.0,19830.0,0.11632,-0.417048,ARM,BGR,760410
7985715,15,23,8562,2010,52621.0,198166.0,1.724315,-0.29379099999999997,AUT,BGR,760410
7985716,18,23,8562,2010,12896.0,0.0,1.2224270000000002,1.1276,BEL,BGR,760410
7985717,41,23,8562,2010,19776.0,0.0,2.1492080000000002,0.556424,CHE,BGR,760410
7985718,43,23,8562,2010,9874.0,86802.0,0.922493,2.0176,CHN,BGR,760410
7985719,59,23,8562,2010,30943.0,0.0,1.732044,0.333934,CZE,BGR,760410
7985720,61,23,8562,2010,51177.0,538530.0,2.035672,-3.383322,DEU,BGR,760410
7985721,64,23,8562,2010,3150.0,1826.0,1.082468,1.280759,DNK,BGR,760410
7985722,71,23,8562,2010,51674.0,0.0,0.832619,2.448009,ESP,BGR,760410
7985723,74,23,8562,2010,12887.0,0.0,1.745464,0.897992,FIN,BGR,760410
7985724,77,23,8562,2010,2293.0,0.0,1.530027,-0.052557000000000006,FRA,BGR,760410
7985725,81,23,8562,2010,13678.0,0.0,1.828224,0.386383,GBR,BGR,760410
7985726,90,23,8562,2010,2594536.0,4440856.0,0.200249,1.4640090000000001,GRC,BGR,760410
7985727,102,23,8562,2010,7524.0,48963.0,1.514225,0.740341,HUN,BGR,760410
7985728,111,23,8562,2010,736717.0,215266.0,1.272385,0.545721,ITA,BGR,760410
7985729,130,23,8562,2010,11271.0,0.0,0.6390600000000001,1.144911,LTU,BGR,760410
7985730,135,23,8562,2010,0.0,5581.0,-0.116797,0.037801,MDA,BGR,760410
7985731,140,23,8562,2010,8721.0,88571.0,-0.122842,0.407017,MKD,BGR,760410
7985732,162,23,8562,2010,22498.0,958063.0,1.237998,1.1891209999999999,NLD,BGR,760410
7985733,163,23,8562,2010,0.0,3415.0,0.865676,0.138757,NOR,BGR,760410
7985734,177,23,8562,2010,26360.0,53397.0,1.083552,1.1433719999999998,POL,BGR,760410
7985735,179,23,8562,2010,0.0,29754.0,0.551149,2.437209,PRT,BGR,760410
7985736,185,23,8562,2010,937745.0,686755.0,0.6483760000000001,1.200256,ROU,BGR,760410
7985737,186,23,8562,2010,5925.0,0.0,0.583996,-0.223881,RUS,BGR,760410
7985738,201,23,8562,2010,0.0,34341.0,0.561161,1.33974,SRB,BGR,760410
7985739,206,23,8562,2010,2645.0,0.0,1.278601,0.726907,SVK,BGR,760410
7985740,207,23,8562,2010,552702.0,0.0,1.595473,0.7023020000000001,SVN,BGR,760410
7985741,224,23,8562,2010,11207336.0,118989.0,0.359977,2.471173,TUR,BGR,760410
7985742,228,23,8562,2010,0.0,67736.0,0.714148,0.916267,UKR,BGR,760410
7985743,7,24,8562,2010,726724.0,16510584.0,0.29457,-0.196371,ARE,BHR,760410
7985744,14,24,8562,2010,0.0,9481715.0,-0.276442,0.062023,AUS,BHR,760410
7985745,32,24,8562,2010,6556.0,330455.0,0.40715500000000004,0.6208100000000001,BRA,BHR,760410
7985746,39,24,8562,2010,2895.0,0.0,0.752421,1.2208510000000001,CAN,BHR,760410
7985747,43,24,8562,2010,0.0,3536466.0,0.922493,2.0176,CHN,BHR,760410
7985748,61,24,8562,2010,2681.0,3059826.0,2.035672,-3.383322,DEU,BHR,760410
7985749,66,24,8562,2010,0.0,15825400.0,-1.00922,-1.1511040000000001,DZA,BHR,760410
7985750,67,24,8562,2010,0.0,203857.0,-0.584013,-0.743675,ECU,BHR,760410
7985751,68,24,8562,2010,0.0,12120817.0,-0.181826,1.409465,EGY,BHR,760410
7985752,71,24,8562,2010,5981.0,8092665.0,0.832619,2.448009,ESP,BHR,760410
7985753,74,24,8562,2010,0.0,5676090.0,1.745464,0.897992,FIN,BHR,760410
7985754,77,24,8562,2010,38253.0,647815.0,1.530027,-0.052557000000000006,FRA,BHR,760410
7985755,81,24,8562,2010,38083.0,1322934.0,1.828224,0.386383,GBR,BHR,760410
7985756,85,24,8562,2010,0.0,562979.0,-1.6761720000000002,-1.181665,GIN,BHR,760410
7985757,90,24,8562,2010,0.0,974655.0,0.200249,1.4640090000000001,GRC,BHR,760410
7985758,97,24,8562,2010,878.0,0.0,0.715745,1.9780259999999998,HKG,BHR,760410
7985759,103,24,8562,2010,0.0,44884.0,-0.30878099999999997,1.07069,IDN,BHR,760410
7985760,104,24,8562,2010,18624.0,1384429.0,0.14485599999999998,2.408913,IND,BHR,760410
7985761,107,24,8562,2010,0.0,2720806.0,-0.609874,-0.744733,IRN,BHR,760410
7985762,111,24,8562,2010,9325.0,7471841.0,1.272385,0.545721,ITA,BHR,760410
7985763,112,24,8562,2010,0.0,120638.0,0.041471,-0.367177,JAM,BHR,760410
7985764,113,24,8562,2010,0.0,4032212.0,0.251702,0.522758,JOR,BHR,760410
7985765,114,24,8562,2010,0.0,97330.0,2.459723,-0.279387,JPN,BHR,760410
7985766,116,24,8562,2010,0.0,985226.0,-0.387187,1.010443,KEN,BHR,760410
7985767,121,24,8562,2010,0.0,3201036.0,1.7118849999999999,0.762362,KOR,BHR,760410
7985768,122,24,8562,2010,263104.0,7769918.0,0.067373,-1.0822120000000002,KWT,BHR,760410
7985769,124,24,8562,2010,0.0,65165.0,0.415854,1.424085,LBN,BHR,760410
7985770,125,24,8562,2010,0.0,562979.0,-0.527834,-1.045908,LBR,BHR,760410
7985771,126,24,8562,2010,0.0,12361657.0,-0.706491,-1.140822,LBY,BHR,760410
7985772,134,24,8562,2010,0.0,17255632.0,-0.5935229999999999,-0.056497000000000006,MAR,BHR,760410
7985773,138,24,8562,2010,0.0,31940.0,1.132664,0.675756,MEX,BHR,760410
7985774,148,24,8562,2010,0.0,229787.0,-2.099882,-1.303977,MRT,BHR,760410
7985775,151,24,8562,2010,0.0,167022.0,-0.173542,0.103727,MUS,BHR,760410
7985776,152,24,8562,2010,0.0,39557.0,-0.821839,-0.9153870000000001,MWI,BHR,760410
7985777,153,24,8562,2010,1501.0,221001.0,0.9530780000000001,0.607456,MYS,BHR,760410
7985778,159,24,8562,2010,0.0,368159.0,-1.887084,-1.2280229999999999,NGA,BHR,760410
7985779,162,24,8562,2010,0.0,6161158.0,1.237998,1.1891209999999999,NLD,BHR,760410
7985780,163,24,8562,2010,0.0,624659.0,0.865676,0.138757,NOR,BHR,760410
7985781,166,24,8562,2010,0.0,1783646.0,0.36828299999999997,0.574574,NZL,BHR,760410
7985782,167,24,8562,2010,1712.0,3192705.0,-0.487612,-0.9551379999999999,OMN,BHR,760410
7985783,173,24,8562,2010,0.0,1986633.0,-0.650327,0.162321,PER,BHR,760410
7985784,179,24,8562,2010,2046.0,0.0,0.551149,2.437209,PRT,BHR,760410
7985785,183,24,8562,2010,29624.0,6899385.0,-0.346143,-1.078192,QAT,BHR,760410
7985786,188,24,8562,2010,368137.0,10163170.0,0.46696400000000005,-0.7487520000000001,SAU,BHR,760410
7985787,190,24,8562,2010,0.0,2225857.0,-1.9094669999999998,-1.271065,SDN,BHR,760410
7985788,192,24,8562,2010,16603.0,1829901.0,1.8441349999999999,0.570311,SGP,BHR,760410
7985789,193,24,8562,2010,457770.0,0.0,1.2057209999999998,-0.560959,SGS,BHR,760410
7985790,207,24,8562,2010,0.0,18691.0,1.595473,0.7023020000000001,SVN,BHR,760410
7985791,212,24,8562,2010,0.0,687920.0,-0.46833800000000003,1.11952,SYR,BHR,760410
7985792,216,24,8562,2010,0.0,954663.0,0.748328,1.425224,THA,BHR,760410
7985793,223,24,8562,2010,0.0,3728952.0,0.165019,0.8882059999999999,TUN,BHR,760410
7985794,224,24,8562,2010,1156.0,0.0,0.359977,2.471173,TUR,BHR,760410
7985795,226,24,8562,2010,0.0,1509146.0,-0.7327,0.427616,TZA,BHR,760410
7985796,227,24,8562,2010,0.0,202527.0,-0.48061400000000004,0.187001,UGA,BHR,760410
7985797,231,24,8562,2010,0.0,4025685.0,1.67573,-0.598165,USA,BHR,760410
7985798,243,24,8562,2010,0.0,434607.0,-1.360851,-1.208826,YEM,BHR,760410
7985799,246,24,8562,2010,0.0,9140258.0,0.327326,1.513598,ZAF,BHR,760410
7985800,248,24,8562,2010,0.0,91428.0,-0.869909,-0.8233309999999999,ZWE,BHR,760410
7985801,250,24,8562,2010,174282.0,205355.0,0.45129600000000003,-0.223517,ANS,BHR,760410
7985802,4,26,8562,2010,0.0,3621.0,-0.5316,-0.219561,ALB,BIH,760410
7985803,15,26,8562,2010,61642.0,189162.0,1.724315,-0.29379099999999997,AUT,BIH,760410
7985804,18,26,8562,2010,4158.0,18146.0,1.2224270000000002,1.1276,BEL,BIH,760410
7985805,41,26,8562,2010,4019.0,1648.0,2.1492080000000002,0.556424,CHE,BIH,760410
7985806,43,26,8562,2010,34198.0,0.0,0.922493,2.0176,CHN,BIH,760410
7985807,59,26,8562,2010,59162.0,0.0,1.732044,0.333934,CZE,BIH,760410
7985808,61,26,8562,2010,29780.0,1111678.0,2.035672,-3.383322,DEU,BIH,760410
7985809,71,26,8562,2010,93676.0,2707.0,0.832619,2.448009,ESP,BIH,760410
7985810,77,26,8562,2010,16340.0,373166.0,1.530027,-0.052557000000000006,FRA,BIH,760410
7985811,81,26,8562,2010,6385.0,140967.0,1.828224,0.386383,GBR,BIH,760410
7985812,90,26,8562,2010,335235.0,0.0,0.200249,1.4640090000000001,GRC,BIH,760410
7985813,100,26,8562,2010,86672.0,8059573.0,0.8276979999999999,0.97415,HRV,BIH,760410
7985814,102,26,8562,2010,9843.0,2816.0,1.514225,0.740341,HUN,BIH,760410
7985815,111,26,8562,2010,144772.0,5858971.0,1.272385,0.545721,ITA,BIH,760410
7985816,140,26,8562,2010,0.0,139983.0,-0.122842,0.407017,MKD,BIH,760410
7985817,144,26,8562,2010,0.0,1067491.0,0.266397,-0.02502,MNE,BIH,760410
7985818,162,26,8562,2010,15334.0,0.0,1.237998,1.1891209999999999,NLD,BIH,760410
7985819,163,26,8562,2010,0.0,18000.0,0.865676,0.138757,NOR,BIH,760410
7985820,177,26,8562,2010,22525.0,36327.0,1.083552,1.1433719999999998,POL,BIH,760410
7985821,185,26,8562,2010,0.0,6213.0,0.6483760000000001,1.200256,ROU,BIH,760410
7985822,201,26,8562,2010,86820.0,400718.0,0.561161,1.33974,SRB,BIH,760410
7985823,207,26,8562,2010,84514.0,723086.0,1.595473,0.7023020000000001,SVN,BIH,760410
7985824,208,26,8562,2010,1710.0,0.0,1.882239,0.397927,SWE,BIH,760410
7985825,216,26,8562,2010,5112.0,0.0,0.748328,1.425224,THA,BIH,760410
7985826,224,26,8562,2010,914576.0,0.0,0.359977,2.471173,TUR,BIH,760410
7985827,15,28,8562,2010,6090.0,0.0,1.724315,-0.29379099999999997,AUT,BLR,760410
7985828,18,28,8562,2010,7323.0,0.0,1.2224270000000002,1.1276,BEL,BLR,760410
7985829,41,28,8562,2010,7277.0,0.0,2.1492080000000002,0.556424,CHE,BLR,760410
7985830,43,28,8562,2010,6929.0,0.0,0.922493,2.0176,CHN,BLR,760410
7985831,59,28,8562,2010,1981.0,0.0,1.732044,0.333934,CZE,BLR,760410
7985832,61,28,8562,2010,124765.0,0.0,2.035672,-3.383322,DEU,BLR,760410
7985833,64,28,8562,2010,5345.0,0.0,1.082468,1.280759,DNK,BLR,760410
7985834,71,28,8562,2010,1166.0,0.0,0.832619,2.448009,ESP,BLR,760410
7985835,77,28,8562,2010,1118.0,1093.0,1.530027,-0.052557000000000006,FRA,BLR,760410
7985836,81,28,8562,2010,2361.0,0.0,1.828224,0.386383,GBR,BLR,760410
7985837,111,28,8562,2010,68421.0,0.0,1.272385,0.545721,ITA,BLR,760410
7985838,121,28,8562,2010,859.0,0.0,1.7118849999999999,0.762362,KOR,BLR,760410
7985839,130,28,8562,2010,23731.0,0.0,0.6390600000000001,1.144911,LTU,BLR,760410
7985840,132,28,8562,2010,17984.0,0.0,0.6158170000000001,1.1401059999999998,LVA,BLR,760410
7985841,162,28,8562,2010,12066.0,0.0,1.237998,1.1891209999999999,NLD,BLR,760410
7985842,177,28,8562,2010,27887.0,0.0,1.083552,1.1433719999999998,POL,BLR,760410
7985843,186,28,8562,2010,321177.0,1620.0,0.583996,-0.223881,RUS,BLR,760410
7985844,206,28,8562,2010,9009.0,0.0,1.278601,0.726907,SVK,BLR,760410
7985845,224,28,8562,2010,31473.0,0.0,0.359977,2.471173,TUR,BLR,760410
7985846,228,28,8562,2010,64857.0,0.0,0.714148,0.916267,UKR,BLR,760410
7985847,231,28,8562,2010,971.0,0.0,1.67573,-0.598165,USA,BLR,760410
7985848,9,59,8562,2010,0.0,12245.0,0.11632,-0.417048,ARM,CZE,760410
7985849,14,59,8562,2010,0.0,34622.0,-0.276442,0.062023,AUS,CZE,760410
7985850,15,59,8562,2010,2881946.0,1008074.0,1.724315,-0.29379099999999997,AUT,CZE,760410
7985851,18,59,8562,2010,135144.0,9855.0,1.2224270000000002,1.1276,BEL,CZE,760410
7985852,23,59,8562,2010,0.0,30943.0,0.44973,1.445441,BGR,CZE,760410
7985853,26,59,8562,2010,0.0,59162.0,0.462275,0.830405,BIH,CZE,760410
7985854,28,59,8562,2010,0.0,1981.0,0.969851,0.593386,BLR,CZE,760410
7985855,39,59,8562,2010,8510.0,0.0,0.752421,1.2208510000000001,CAN,CZE,760410
7985856,41,59,8562,2010,27423.0,32358.0,2.1492080000000002,0.556424,CHE,CZE,760410
7985857,43,59,8562,2010,87593.0,16100.0,0.922493,2.0176,CHN,CZE,760410
7985858,61,59,8562,2010,1113826.0,1207667.0,2.035672,-3.383322,DEU,CZE,760410
7985859,64,59,8562,2010,18693.0,10121.0,1.082468,1.280759,DNK,CZE,760410
7985860,68,59,8562,2010,85154.0,1534.0,-0.181826,1.409465,EGY,CZE,760410
7985861,71,59,8562,2010,240693.0,84544.0,0.832619,2.448009,ESP,CZE,760410
7985862,72,59,8562,2010,0.0,4615.0,0.832316,1.1844649999999999,EST,CZE,760410
7985863,73,59,8562,2010,1070.0,0.0,-1.122906,-0.840777,ETH,CZE,760410
7985864,74,59,8562,2010,0.0,40961.0,1.745464,0.897992,FIN,CZE,760410
7985865,77,59,8562,2010,24633.0,37545.0,1.530027,-0.052557000000000006,FRA,CZE,760410
7985866,81,59,8562,2010,366154.0,739346.0,1.828224,0.386383,GBR,CZE,760410
7985867,90,59,8562,2010,2130078.0,1891.0,0.200249,1.4640090000000001,GRC,CZE,760410
7985868,97,59,8562,2010,0.0,2667.0,0.715745,1.9780259999999998,HKG,CZE,760410
7985869,100,59,8562,2010,0.0,83109.0,0.8276979999999999,0.97415,HRV,CZE,760410
7985870,102,59,8562,2010,35841.0,967962.0,1.514225,0.740341,HUN,CZE,760410
7985871,104,59,8562,2010,1053.0,31202.0,0.14485599999999998,2.408913,IND,CZE,760410
7985872,110,59,8562,2010,8937.0,26559.0,1.215834,0.7028340000000001,ISR,CZE,760410
7985873,111,59,8562,2010,1755682.0,404097.0,1.272385,0.545721,ITA,CZE,760410
7985874,114,59,8562,2010,208137.0,23891.0,2.459723,-0.279387,JPN,CZE,760410
7985875,130,59,8562,2010,0.0,157927.0,0.6390600000000001,1.144911,LTU,CZE,760410
7985876,132,59,8562,2010,0.0,13503.0,0.6158170000000001,1.1401059999999998,LVA,CZE,760410
7985877,140,59,8562,2010,0.0,4132.0,-0.122842,0.407017,MKD,CZE,760410
7985878,153,59,8562,2010,2160.0,0.0,0.9530780000000001,0.607456,MYS,CZE,760410
7985879,162,59,8562,2010,35696.0,7637.0,1.237998,1.1891209999999999,NLD,CZE,760410
7985880,163,59,8562,2010,0.0,63703.0,0.865676,0.138757,NOR,CZE,760410
7985881,166,59,8562,2010,0.0,5504.0,0.36828299999999997,0.574574,NZL,CZE,760410
7985882,177,59,8562,2010,500097.0,52002.0,1.083552,1.1433719999999998,POL,CZE,760410
7985883,179,59,8562,2010,5080.0,83672.0,0.551149,2.437209,PRT,CZE,760410
7985884,185,59,8562,2010,0.0,407291.0,0.6483760000000001,1.200256,ROU,CZE,760410
7985885,186,59,8562,2010,0.0,28703.0,0.583996,-0.223881,RUS,CZE,760410
7985886,192,59,8562,2010,0.0,3626.0,1.8441349999999999,0.570311,SGP,CZE,760410
7985887,201,59,8562,2010,0.0,167736.0,0.561161,1.33974,SRB,CZE,760410
7985888,206,59,8562,2010,314261.0,964825.0,1.278601,0.726907,SVK,CZE,760410
7985889,207,59,8562,2010,228332.0,88940.0,1.595473,0.7023020000000001,SVN,CZE,760410
7985890,208,59,8562,2010,6743.0,0.0,1.882239,0.397927,SWE,CZE,760410
7985891,216,59,8562,2010,35273.0,966.0,0.748328,1.425224,THA,CZE,760410
7985892,223,59,8562,2010,0.0,10560.0,0.165019,0.8882059999999999,TUN,CZE,760410
7985893,224,59,8562,2010,2332812.0,3533.0,0.359977,2.471173,TUR,CZE,760410
7985894,228,59,8562,2010,0.0,30755.0,0.714148,0.916267,UKR,CZE,760410
7985895,231,59,8562,2010,34070.0,78616.0,1.67573,-0.598165,USA,CZE,760410
7985896,239,59,8562,2010,1420432.0,0.0,-0.24660500000000002,1.427235,VNM,CZE,760410
7985897,249,59,8562,2010,432687.0,0.0,1.766729,0.909335,TWN,CZE,760410
7985898,250,59,8562,2010,217555.0,32453.0,0.45129600000000003,-0.223517,ANS,CZE,760410
7985899,7,68,8562,2010,2647172.0,1305562.0,0.29457,-0.196371,ARE,EGY,760410
7985900,15,68,8562,2010,0.0,10788.0,1.724315,-0.29379099999999997,AUT,EGY,760410
7985901,18,68,8562,2010,0.0,66977.0,1.2224270000000002,1.1276,BEL,EGY,760410
7985902,24,68,8562,2010,12120817.0,0.0,0.284356,-0.8362,BHR,EGY,760410
7985903,32,68,8562,2010,0.0,5224.0,0.40715500000000004,0.6208100000000001,BRA,EGY,760410
7985904,43,68,8562,2010,586352.0,566188.0,0.922493,2.0176,CHN,EGY,760410
7985905,44,68,8562,2010,0.0,4096.0,-1.256641,-0.946767,CIV,EGY,760410
7985906,45,68,8562,2010,0.0,495978.0,-1.114209,-1.0127899999999999,CMR,EGY,760410
7985907,58,68,8562,2010,0.0,41968.0,0.8776450000000001,0.568389,CYP,EGY,760410
7985908,59,68,8562,2010,1534.0,85154.0,1.732044,0.333934,CZE,EGY,760410
7985909,61,68,8562,2010,5456.0,232825.0,2.035672,-3.383322,DEU,EGY,760410
7985910,66,68,8562,2010,0.0,89656.0,-1.00922,-1.1511040000000001,DZA,EGY,760410
7985911,69,68,8562,2010,0.0,63164.0,-0.288006,-0.614999,ERI,EGY,760410
7985912,71,68,8562,2010,48505.0,1169228.0,0.832619,2.448009,ESP,EGY,760410
7985913,77,68,8562,2010,149936.0,50936.0,1.530027,-0.052557000000000006,FRA,EGY,760410
7985914,81,68,8562,2010,210475.0,130827.0,1.828224,0.386383,GBR,EGY,760410
7985915,83,68,8562,2010,0.0,46541.0,-0.835003,-0.633731,GHA,EGY,760410
7985916,90,68,8562,2010,38226.0,22028.0,0.200249,1.4640090000000001,GRC,EGY,760410
7985917,104,68,8562,2010,8231.0,11603.0,0.14485599999999998,2.408913,IND,EGY,760410
7985918,106,68,8562,2010,0.0,69395.0,1.371357,0.168795,IRL,EGY,760410
7985919,111,68,8562,2010,495218.0,7466306.0,1.272385,0.545721,ITA,EGY,760410
7985920,113,68,8562,2010,553942.0,0.0,0.251702,0.522758,JOR,EGY,760410
7985921,114,68,8562,2010,45520.0,0.0,2.459723,-0.279387,JPN,EGY,760410
7985922,116,68,8562,2010,0.0,68326.0,-0.387187,1.010443,KEN,EGY,760410
7985923,121,68,8562,2010,310038.0,0.0,1.7118849999999999,0.762362,KOR,EGY,760410
7985924,122,68,8562,2010,266836.0,0.0,0.067373,-1.0822120000000002,KWT,EGY,760410
7985925,124,68,8562,2010,60806.0,0.0,0.415854,1.424085,LBN,EGY,760410
7985926,126,68,8562,2010,0.0,692876.0,-0.706491,-1.140822,LBY,EGY,760410
7985927,128,68,8562,2010,0.0,1086.0,-0.70886,0.25216700000000003,LKA,EGY,760410
7985928,134,68,8562,2010,0.0,5349860.0,-0.5935229999999999,-0.056497000000000006,MAR,EGY,760410
7985929,141,68,8562,2010,0.0,58801.0,-0.585496,-0.655841,MLI,EGY,760410
7985930,159,68,8562,2010,0.0,38080.0,-1.887084,-1.2280229999999999,NGA,EGY,760410
7985931,167,68,8562,2010,0.0,3573.0,-0.487612,-0.9551379999999999,OMN,EGY,760410
7985932,169,68,8562,2010,0.0,58918.0,0.617867,0.903432,PAN,EGY,760410
7985933,177,68,8562,2010,3322.0,0.0,1.083552,1.1433719999999998,POL,EGY,760410
7985934,179,68,8562,2010,0.0,156334.0,0.551149,2.437209,PRT,EGY,760410
7985935,181,68,8562,2010,0.0,235880.0,0.12470099999999999,0.576382,PSE,EGY,760410
7985936,185,68,8562,2010,0.0,8174.0,0.6483760000000001,1.200256,ROU,EGY,760410
7985937,188,68,8562,2010,257644.0,16466.0,0.46696400000000005,-0.7487520000000001,SAU,EGY,760410
7985938,190,68,8562,2010,0.0,1021064.0,-1.9094669999999998,-1.271065,SDN,EGY,760410
7985939,191,68,8562,2010,0.0,151409.0,-0.45445,-0.148149,SEN,EGY,760410
7985940,192,68,8562,2010,1697.0,0.0,1.8441349999999999,0.570311,SGP,EGY,760410
7985941,212,68,8562,2010,0.0,2059659.0,-0.46833800000000003,1.11952,SYR,EGY,760410
7985942,223,68,8562,2010,0.0,161808.0,0.165019,0.8882059999999999,TUN,EGY,760410
7985943,224,68,8562,2010,25524.0,0.0,0.359977,2.471173,TUR,EGY,760410
7985944,231,68,8562,2010,77305.0,0.0,1.67573,-0.598165,USA,EGY,760410
7985945,243,68,8562,2010,0.0,6406.0,-1.360851,-1.208826,YEM,EGY,760410
7985946,249,68,8562,2010,2245.0,0.0,1.766729,0.909335,TWN,EGY,760410
7985947,43,72,8562,2010,43674.0,0.0,0.922493,2.0176,CHN,EST,760410
7985948,59,72,8562,2010,4615.0,0.0,1.732044,0.333934,CZE,EST,760410
7985949,61,72,8562,2010,424978.0,0.0,2.035672,-3.383322,DEU,EST,760410
7985950,64,72,8562,2010,55522.0,1663.0,1.082468,1.280759,DNK,EST,760410
7985951,71,72,8562,2010,1985.0,0.0,0.832619,2.448009,ESP,EST,760410
7985952,74,72,8562,2010,89630.0,2637.0,1.745464,0.897992,FIN,EST,760410
7985953,81,72,8562,2010,11406.0,0.0,1.828224,0.386383,GBR,EST,760410
7985954,102,72,8562,2010,3643.0,0.0,1.514225,0.740341,HUN,EST,760410
7985955,111,72,8562,2010,28747.0,0.0,1.272385,0.545721,ITA,EST,760410
7985956,130,72,8562,2010,51899.0,20058.0,0.6390600000000001,1.144911,LTU,EST,760410
7985957,132,72,8562,2010,126512.0,122111.0,0.6158170000000001,1.1401059999999998,LVA,EST,760410
7985958,162,72,8562,2010,20937.0,0.0,1.237998,1.1891209999999999,NLD,EST,760410
7985959,163,72,8562,2010,0.0,3396.0,0.865676,0.138757,NOR,EST,760410
7985960,177,72,8562,2010,151516.0,0.0,1.083552,1.1433719999999998,POL,EST,760410
7985961,186,72,8562,2010,0.0,38189.0,0.583996,-0.223881,RUS,EST,760410
7985962,208,72,8562,2010,576716.0,0.0,1.882239,0.397927,SWE,EST,760410
7985963,223,72,8562,2010,0.0,1220.0,0.165019,0.8882059999999999,TUN,EST,760410
7985964,224,72,8562,2010,33798.0,0.0,0.359977,2.471173,TUR,EST,760410
7985965,9,82,8562,2010,3913.0,0.0,0.11632,-0.417048,ARM,GEO,760410
7985966,77,82,8562,2010,21498.0,0.0,1.530027,-0.052557000000000006,FRA,GEO,760410
7985967,111,82,8562,2010,30781.0,0.0,1.272385,0.545721,ITA,GEO,760410
7985968,186,82,8562,2010,2615.0,0.0,0.583996,-0.223881,RUS,GEO,760410
7985969,224,82,8562,2010,1089300.0,0.0,0.359977,2.471173,TUR,GEO,760410
7985970,231,82,8562,2010,137029.0,0.0,1.67573,-0.598165,USA,GEO,760410
7985971,7,100,8562,2010,0.0,2530.0,0.29457,-0.196371,ARE,HRV,760410
7985972,14,100,8562,2010,6225.0,0.0,-0.276442,0.062023,AUS,HRV,760410
7985973,15,100,8562,2010,1138991.0,4171.0,1.724315,-0.29379099999999997,AUT,HRV,760410
7985974,26,100,8562,2010,8059573.0,86672.0,0.462275,0.830405,BIH,HRV,760410
7985975,39,100,8562,2010,7079.0,0.0,0.752421,1.2208510000000001,CAN,HRV,760410
7985976,41,100,8562,2010,4101.0,0.0,2.1492080000000002,0.556424,CHE,HRV,760410
7985977,43,100,8562,2010,8734.0,0.0,0.922493,2.0176,CHN,HRV,760410
7985978,59,100,8562,2010,83109.0,0.0,1.732044,0.333934,CZE,HRV,760410
7985979,61,100,8562,2010,179652.0,31297.0,2.035672,-3.383322,DEU,HRV,760410
7985980,64,100,8562,2010,10300.0,0.0,1.082468,1.280759,DNK,HRV,760410
7985981,71,100,8562,2010,309516.0,0.0,0.832619,2.448009,ESP,HRV,760410
7985982,77,100,8562,2010,7992.0,0.0,1.530027,-0.052557000000000006,FRA,HRV,760410
7985983,81,100,8562,2010,27267.0,0.0,1.828224,0.386383,GBR,HRV,760410
7985984,90,100,8562,2010,60192.0,0.0,0.200249,1.4640090000000001,GRC,HRV,760410
7985985,102,100,8562,2010,8811.0,0.0,1.514225,0.740341,HUN,HRV,760410
7985986,111,100,8562,2010,14277047.0,36539.0,1.272385,0.545721,ITA,HRV,760410
7985987,144,100,8562,2010,0.0,1236.0,0.266397,-0.02502,MNE,HRV,760410
7985988,162,100,8562,2010,11931.0,0.0,1.237998,1.1891209999999999,NLD,HRV,760410
7985989,163,100,8562,2010,2576.0,0.0,0.865676,0.138757,NOR,HRV,760410
7985990,177,100,8562,2010,36836.0,44880.0,1.083552,1.1433719999999998,POL,HRV,760410
7985991,201,100,8562,2010,56480.0,54838.0,0.561161,1.33974,SRB,HRV,760410
7985992,206,100,8562,2010,15641.0,0.0,1.278601,0.726907,SVK,HRV,760410
7985993,207,100,8562,2010,212885.0,25402.0,1.595473,0.7023020000000001,SVN,HRV,760410
7985994,208,100,8562,2010,137127.0,0.0,1.882239,0.397927,SWE,HRV,760410
7985995,216,100,8562,2010,4432.0,0.0,0.748328,1.425224,THA,HRV,760410
7985996,224,100,8562,2010,85714.0,0.0,0.359977,2.471173,TUR,HRV,760410
7985997,249,100,8562,2010,1016.0,0.0,1.766729,0.909335,TWN,HRV,760410
7985998,7,102,8562,2010,1601.0,0.0,0.29457,-0.196371,ARE,HUN,760410
7985999,15,102,8562,2010,328640.0,149015.0,1.724315,-0.29379099999999997,AUT,HUN,760410
7986000,16,102,8562,2010,0.0,6592.0,-1.048424,-1.2030370000000001,AZE,HUN,760410
7986001,18,102,8562,2010,239747.0,70810.0,1.2224270000000002,1.1276,BEL,HUN,760410
7986002,23,102,8562,2010,48963.0,7524.0,0.44973,1.445441,BGR,HUN,760410
7986003,26,102,8562,2010,2816.0,9843.0,0.462275,0.830405,BIH,HUN,760410
7986004,39,102,8562,2010,4955.0,1436.0,0.752421,1.2208510000000001,CAN,HUN,760410
7986005,41,102,8562,2010,1499.0,0.0,2.1492080000000002,0.556424,CHE,HUN,760410
7986006,42,102,8562,2010,0.0,933.0,-0.34914,-0.459395,CHL,HUN,760410
7986007,43,102,8562,2010,33337.0,0.0,0.922493,2.0176,CHN,HUN,760410
7986008,59,102,8562,2010,967962.0,35841.0,1.732044,0.333934,CZE,HUN,760410
7986009,61,102,8562,2010,354518.0,1127292.0,2.035672,-3.383322,DEU,HUN,760410
7986010,64,102,8562,2010,148761.0,26033.0,1.082468,1.280759,DNK,HUN,760410
7986011,71,102,8562,2010,64410.0,1947.0,0.832619,2.448009,ESP,HUN,760410
7986012,72,102,8562,2010,0.0,3643.0,0.832316,1.1844649999999999,EST,HUN,760410
7986013,74,102,8562,2010,76662.0,932.0,1.745464,0.897992,FIN,HUN,760410
7986014,77,102,8562,2010,7741.0,524253.0,1.530027,-0.052557000000000006,FRA,HUN,760410
7986015,81,102,8562,2010,300718.0,44794.0,1.828224,0.386383,GBR,HUN,760410
7986016,90,102,8562,2010,1309875.0,0.0,0.200249,1.4640090000000001,GRC,HUN,760410
7986017,97,102,8562,2010,97067.0,0.0,0.715745,1.9780259999999998,HKG,HUN,760410
7986018,100,102,8562,2010,0.0,8811.0,0.8276979999999999,0.97415,HRV,HUN,760410
7986019,103,102,8562,2010,0.0,1195.0,-0.30878099999999997,1.07069,IDN,HUN,760410
7986020,111,102,8562,2010,2348854.0,158353.0,1.272385,0.545721,ITA,HUN,760410
7986021,118,102,8562,2010,0.0,2099.0,-1.158906,-1.019906,KHM,HUN,760410
7986022,134,102,8562,2010,0.0,1260.0,-0.5935229999999999,-0.056497000000000006,MAR,HUN,760410
7986023,135,102,8562,2010,0.0,82226.0,-0.116797,0.037801,MDA,HUN,760410
7986024,140,102,8562,2010,0.0,4727.0,-0.122842,0.407017,MKD,HUN,760410
7986025,144,102,8562,2010,0.0,1881.0,0.266397,-0.02502,MNE,HUN,760410
7986026,153,102,8562,2010,11631.0,0.0,0.9530780000000001,0.607456,MYS,HUN,760410
7986027,162,102,8562,2010,1497564.0,44180.0,1.237998,1.1891209999999999,NLD,HUN,760410
7986028,177,102,8562,2010,381437.0,117605.0,1.083552,1.1433719999999998,POL,HUN,760410
7986029,179,102,8562,2010,0.0,3231.0,0.551149,2.437209,PRT,HUN,760410
7986030,185,102,8562,2010,222349.0,278159.0,0.6483760000000001,1.200256,ROU,HUN,760410
7986031,201,102,8562,2010,13913.0,26661.0,0.561161,1.33974,SRB,HUN,760410
7986032,206,102,8562,2010,127126.0,122126.0,1.278601,0.726907,SVK,HUN,760410
7986033,207,102,8562,2010,1070.0,96316.0,1.595473,0.7023020000000001,SVN,HUN,760410
7986034,208,102,8562,2010,5717.0,18788.0,1.882239,0.397927,SWE,HUN,760410
7986035,224,102,8562,2010,159145.0,6907.0,0.359977,2.471173,TUR,HUN,760410
7986036,228,102,8562,2010,0.0,1900.0,0.714148,0.916267,UKR,HUN,760410
7986037,231,102,8562,2010,8590.0,63063.0,1.67573,-0.598165,USA,HUN,760410
7986038,15,106,8562,2010,137225.0,2068.0,1.724315,-0.29379099999999997,AUT,IRL,760410
7986039,18,106,8562,2010,0.0,4859.0,1.2224270000000002,1.1276,BEL,IRL,760410
7986040,32,106,8562,2010,0.0,1562.0,0.40715500000000004,0.6208100000000001,BRA,IRL,760410
7986041,39,106,8562,2010,0.0,4929.0,0.752421,1.2208510000000001,CAN,IRL,760410
7986042,41,106,8562,2010,0.0,8123.0,2.1492080000000002,0.556424,CHE,IRL,760410
7986043,43,106,8562,2010,56820.0,0.0,0.922493,2.0176,CHN,IRL,760410
7986044,61,106,8562,2010,187529.0,293340.0,2.035672,-3.383322,DEU,IRL,760410
7986045,64,106,8562,2010,83353.0,0.0,1.082468,1.280759,DNK,IRL,760410
7986046,68,106,8562,2010,69395.0,0.0,-0.181826,1.409465,EGY,IRL,760410
7986047,71,106,8562,2010,29080.0,3255.0,0.832619,2.448009,ESP,IRL,760410
7986048,74,106,8562,2010,0.0,70234.0,1.745464,0.897992,FIN,IRL,760410
7986049,77,106,8562,2010,7083.0,836276.0,1.530027,-0.052557000000000006,FRA,IRL,760410
7986050,81,106,8562,2010,2574014.0,520207.0,1.828224,0.386383,GBR,IRL,760410
7986051,111,106,8562,2010,124204.0,0.0,1.272385,0.545721,ITA,IRL,760410
7986052,122,106,8562,2010,0.0,14430.0,0.067373,-1.0822120000000002,KWT,IRL,760410
7986053,134,106,8562,2010,0.0,1101.0,-0.5935229999999999,-0.056497000000000006,MAR,IRL,760410
7986054,162,106,8562,2010,46518.0,0.0,1.237998,1.1891209999999999,NLD,IRL,760410
7986055,177,106,8562,2010,92897.0,0.0,1.083552,1.1433719999999998,POL,IRL,760410
7986056,183,106,8562,2010,0.0,6937.0,-0.346143,-1.078192,QAT,IRL,760410
7986057,192,106,8562,2010,0.0,27955.0,1.8441349999999999,0.570311,SGP,IRL,760410
7986058,201,106,8562,2010,0.0,838.0,0.561161,1.33974,SRB,IRL,760410
7986059,207,106,8562,2010,0.0,3986.0,1.595473,0.7023020000000001,SVN,IRL,760410
7986060,208,106,8562,2010,1582.0,0.0,1.882239,0.397927,SWE,IRL,760410
7986061,224,106,8562,2010,109847.0,0.0,0.359977,2.471173,TUR,IRL,760410
7986062,231,106,8562,2010,437081.0,6154.0,1.67573,-0.598165,USA,IRL,760410
7986063,246,106,8562,2010,8033.0,3337.0,0.327326,1.513598,ZAF,IRL,760410
7986064,249,106,8562,2010,1451.0,0.0,1.766729,0.909335,TWN,IRL,760410
7986065,250,106,8562,2010,56277.0,50009.0,0.45129600000000003,-0.223517,ANS,IRL,760410
7986066,71,108,8562,2010,2159.0,0.0,0.832619,2.448009,ESP,IRQ,760410
7986067,104,108,8562,2010,26809.0,0.0,0.14485599999999998,2.408913,IND,IRQ,760410
7986068,107,108,8562,2010,145904.0,0.0,-0.609874,-0.744733,IRN,IRQ,760410
7986069,111,108,8562,2010,3583.0,0.0,1.272385,0.545721,ITA,IRQ,760410
7986070,113,108,8562,2010,215919.0,0.0,0.251702,0.522758,JOR,IRQ,760410
7986071,208,108,8562,2010,64466.0,0.0,1.882239,0.397927,SWE,IRQ,760410
7986072,212,108,8562,2010,24372.0,0.0,-0.46833800000000003,1.11952,SYR,IRQ,760410
7986073,224,108,8562,2010,1933318.0,0.0,0.359977,2.471173,TUR,IRQ,760410
7986074,7,113,8562,2010,1274957.0,207586.0,0.29457,-0.196371,ARE,JOR,760410
7986075,24,113,8562,2010,4032212.0,0.0,0.284356,-0.8362,BHR,JOR,760410
7986076,43,113,8562,2010,76414.0,0.0,0.922493,2.0176,CHN,JOR,760410
7986077,61,113,8562,2010,3244.0,0.0,2.035672,-3.383322,DEU,JOR,760410
7986078,68,113,8562,2010,0.0,553942.0,-0.181826,1.409465,EGY,JOR,760410
7986079,71,113,8562,2010,74319.0,0.0,0.832619,2.448009,ESP,JOR,760410
7986080,77,113,8562,2010,3896.0,0.0,1.530027,-0.052557000000000006,FRA,JOR,760410
7986081,90,113,8562,2010,33233.0,0.0,0.200249,1.4640090000000001,GRC,JOR,760410
7986082,104,113,8562,2010,100073.0,0.0,0.14485599999999998,2.408913,IND,JOR,760410
7986083,108,113,8562,2010,0.0,215919.0,-2.1439150000000002,-0.913227,IRQ,JOR,760410
7986084,110,113,8562,2010,717.0,1990767.0,1.215834,0.7028340000000001,ISR,JOR,760410
7986085,111,113,8562,2010,24746.0,0.0,1.272385,0.545721,ITA,JOR,760410
7986086,122,113,8562,2010,97504.0,10967.0,0.067373,-1.0822120000000002,KWT,JOR,760410
7986087,124,113,8562,2010,56130.0,407720.0,0.415854,1.424085,LBN,JOR,760410
7986088,126,113,8562,2010,0.0,37965.0,-0.706491,-1.140822,LBY,JOR,760410
7986089,162,113,8562,2010,5216.0,0.0,1.237998,1.1891209999999999,NLD,JOR,760410
7986090,167,113,8562,2010,40716.0,0.0,-0.487612,-0.9551379999999999,OMN,JOR,760410
7986091,174,113,8562,2010,2224.0,0.0,0.40418899999999996,0.102497,PHL,JOR,760410
7986092,181,113,8562,2010,5845.0,3874126.0,0.12470099999999999,0.576382,PSE,JOR,760410
7986093,183,113,8562,2010,0.0,112949.0,-0.346143,-1.078192,QAT,JOR,760410
7986094,188,113,8562,2010,270816.0,146452.0,0.46696400000000005,-0.7487520000000001,SAU,JOR,760410
7986095,190,113,8562,2010,0.0,50162.0,-1.9094669999999998,-1.271065,SDN,JOR,760410
7986096,212,113,8562,2010,105600.0,151533.0,-0.46833800000000003,1.11952,SYR,JOR,760410
7986097,224,113,8562,2010,48042.0,0.0,0.359977,2.471173,TUR,JOR,760410
7986098,231,113,8562,2010,9933.0,0.0,1.67573,-0.598165,USA,JOR,760410
7986099,243,113,8562,2010,0.0,9873.0,-1.360851,-1.208826,YEM,JOR,760410
7986100,249,113,8562,2010,4416.0,0.0,1.766729,0.909335,TWN,JOR,760410
7986101,18,116,8562,2010,1699.0,0.0,1.2224270000000002,1.1276,BEL,KEN,760410
7986102,24,116,8562,2010,985226.0,0.0,0.284356,-0.8362,BHR,KEN,760410
7986103,43,116,8562,2010,2869.0,0.0,0.922493,2.0176,CHN,KEN,760410
7986104,61,116,8562,2010,12768.0,0.0,2.035672,-3.383322,DEU,KEN,760410
7986105,68,116,8562,2010,68326.0,0.0,-0.181826,1.409465,EGY,KEN,760410
7986106,73,116,8562,2010,0.0,8635.0,-1.122906,-0.840777,ETH,KEN,760410
7986107,77,116,8562,2010,1184.0,0.0,1.530027,-0.052557000000000006,FRA,KEN,760410
7986108,81,116,8562,2010,10908.0,0.0,1.828224,0.386383,GBR,KEN,760410
7986109,97,116,8562,2010,7089.0,0.0,0.715745,1.9780259999999998,HKG,KEN,760410
7986110,104,116,8562,2010,1511881.0,0.0,0.14485599999999998,2.408913,IND,KEN,760410
7986111,110,116,8562,2010,39059.0,0.0,1.215834,0.7028340000000001,ISR,KEN,760410
7986112,152,116,8562,2010,0.0,159703.0,-0.821839,-0.9153870000000001,MWI,KEN,760410
7986113,153,116,8562,2010,1621.0,0.0,0.9530780000000001,0.607456,MYS,KEN,760410
7986114,162,116,8562,2010,6964.0,0.0,1.237998,1.1891209999999999,NLD,KEN,760410
7986115,167,116,8562,2010,111395.0,0.0,-0.487612,-0.9551379999999999,OMN,KEN,760410
7986116,187,116,8562,2010,0.0,53596.0,-0.6033350000000001,-0.524881,RWA,KEN,760410
7986117,188,116,8562,2010,13920.0,0.0,0.46696400000000005,-0.7487520000000001,SAU,KEN,760410
7986118,190,116,8562,2010,0.0,14429.0,-1.9094669999999998,-1.271065,SDN,KEN,760410
7986119,226,116,8562,2010,0.0,213555.0,-0.7327,0.427616,TZA,KEN,760410
7986120,227,116,8562,2010,5826.0,2543465.0,-0.48061400000000004,0.187001,UGA,KEN,760410
7986121,246,116,8562,2010,1803.0,0.0,0.327326,1.513598,ZAF,KEN,760410
7986122,247,116,8562,2010,0.0,2876.0,-0.650686,-0.830332,ZMB,KEN,760410
7986123,39,117,8562,2010,1623.0,0.0,0.752421,1.2208510000000001,CAN,KGZ,760410
7986124,43,117,8562,2010,10570.0,0.0,0.922493,2.0176,CHN,KGZ,760410
7986125,177,117,8562,2010,18716.0,0.0,1.083552,1.1433719999999998,POL,KGZ,760410
7986126,224,117,8562,2010,14010.0,0.0,0.359977,2.471173,TUR,KGZ,760410
7986127,231,117,8562,2010,767.0,0.0,1.67573,-0.598165,USA,KGZ,760410
7986128,43,118,8562,2010,31334.0,0.0,0.922493,2.0176,CHN,KHM,760410
7986129,102,118,8562,2010,2099.0,0.0,1.514225,0.740341,HUN,KHM,760410
7986130,121,118,8562,2010,48762.0,0.0,1.7118849999999999,0.762362,KOR,KHM,760410
7986131,216,118,8562,2010,4888.0,0.0,0.748328,1.425224,THA,KHM,760410
7986132,239,118,8562,2010,28179.0,0.0,-0.24660500000000002,1.427235,VNM,KHM,760410
7986133,7,122,8562,2010,1564776.0,59085.0,0.29457,-0.196371,ARE,KWT,760410
7986134,14,122,8562,2010,5252.0,0.0,-0.276442,0.062023,AUS,KWT,760410
7986135,15,122,8562,2010,2227.0,0.0,1.724315,-0.29379099999999997,AUT,KWT,760410
7986136,18,122,8562,2010,159619.0,0.0,1.2224270000000002,1.1276,BEL,KWT,760410
7986137,24,122,8562,2010,7769918.0,263104.0,0.284356,-0.8362,BHR,KWT,760410
7986138,32,122,8562,2010,36423.0,0.0,0.40715500000000004,0.6208100000000001,BRA,KWT,760410
7986139,41,122,8562,2010,13178.0,4085.0,2.1492080000000002,0.556424,CHE,KWT,760410
7986140,43,122,8562,2010,7390.0,0.0,0.922493,2.0176,CHN,KWT,760410
7986141,61,122,8562,2010,2055.0,0.0,2.035672,-3.383322,DEU,KWT,760410
7986142,68,122,8562,2010,0.0,266836.0,-0.181826,1.409465,EGY,KWT,760410
7986143,71,122,8562,2010,91688.0,0.0,0.832619,2.448009,ESP,KWT,760410
7986144,77,122,8562,2010,31874.0,0.0,1.530027,-0.052557000000000006,FRA,KWT,760410
7986145,81,122,8562,2010,1567.0,0.0,1.828224,0.386383,GBR,KWT,760410
7986146,90,122,8562,2010,59347.0,0.0,0.200249,1.4640090000000001,GRC,KWT,760410
7986147,104,122,8562,2010,44850.0,0.0,0.14485599999999998,2.408913,IND,KWT,760410
7986148,106,122,8562,2010,14430.0,0.0,1.371357,0.168795,IRL,KWT,760410
7986149,107,122,8562,2010,2041.0,38674.0,-0.609874,-0.744733,IRN,KWT,760410
7986150,111,122,8562,2010,42931.0,0.0,1.272385,0.545721,ITA,KWT,760410
7986151,113,122,8562,2010,10967.0,97504.0,0.251702,0.522758,JOR,KWT,760410
7986152,121,122,8562,2010,12083.0,0.0,1.7118849999999999,0.762362,KOR,KWT,760410
7986153,124,122,8562,2010,44426.0,29462.0,0.415854,1.424085,LBN,KWT,760410
7986154,162,122,8562,2010,255332.0,0.0,1.237998,1.1891209999999999,NLD,KWT,760410
7986155,167,122,8562,2010,270091.0,15153.0,-0.487612,-0.9551379999999999,OMN,KWT,760410
7986156,177,122,8562,2010,114932.0,0.0,1.083552,1.1433719999999998,POL,KWT,760410
7986157,183,122,8562,2010,0.0,334803.0,-0.346143,-1.078192,QAT,KWT,760410
7986158,188,122,8562,2010,1302632.0,2137446.0,0.46696400000000005,-0.7487520000000001,SAU,KWT,760410
7986159,208,122,8562,2010,13871.0,0.0,1.882239,0.397927,SWE,KWT,760410
7986160,212,122,8562,2010,4666.0,82610.0,-0.46833800000000003,1.11952,SYR,KWT,760410
7986161,224,122,8562,2010,12345.0,0.0,0.359977,2.471173,TUR,KWT,760410
7986162,231,122,8562,2010,10460.0,0.0,1.67573,-0.598165,USA,KWT,760410
7986163,239,122,8562,2010,4361.0,0.0,-0.24660500000000002,1.427235,VNM,KWT,760410
7986164,249,122,8562,2010,3349.0,0.0,1.766729,0.909335,TWN,KWT,760410
7986165,2,124,8562,2010,0.0,38115.0,-1.3711010000000001,-1.170608,AGO,LBN,760410
7986166,7,124,8562,2010,11762935.0,1219.0,0.29457,-0.196371,ARE,LBN,760410
7986167,18,124,8562,2010,34344.0,4725199.0,1.2224270000000002,1.1276,BEL,LBN,760410
7986168,19,124,8562,2010,0.0,38822.0,-1.0660120000000002,-0.9961190000000001,BEN,LBN,760410
7986169,21,124,8562,2010,0.0,275494.0,-0.625747,-0.700651,BFA,LBN,760410
7986170,24,124,8562,2010,65165.0,0.0,0.284356,-0.8362,BHR,LBN,760410
7986171,38,124,8562,2010,0.0,84086.0,0.062649,-0.6461779999999999,CAF,LBN,760410
7986172,43,124,8562,2010,88229.0,0.0,0.922493,2.0176,CHN,LBN,760410
7986173,44,124,8562,2010,0.0,242467.0,-1.256641,-0.946767,CIV,LBN,760410
7986174,46,124,8562,2010,0.0,2645.0,-1.465101,-1.139909,COD,LBN,760410
7986175,47,124,8562,2010,0.0,628967.0,-1.536434,-1.175338,COG,LBN,760410
7986176,61,124,8562,2010,6449.0,12654.0,2.035672,-3.383322,DEU,LBN,760410
7986177,66,124,8562,2010,0.0,19621.0,-1.00922,-1.1511040000000001,DZA,LBN,760410
7986178,68,124,8562,2010,0.0,60806.0,-0.181826,1.409465,EGY,LBN,760410
7986179,71,124,8562,2010,36558.0,0.0,0.832619,2.448009,ESP,LBN,760410
7986180,77,124,8562,2010,250228.0,385918.0,1.530027,-0.052557000000000006,FRA,LBN,760410
7986181,81,124,8562,2010,2396.0,0.0,1.828224,0.386383,GBR,LBN,760410
7986182,85,124,8562,2010,0.0,37468.0,-1.6761720000000002,-1.181665,GIN,LBN,760410
7986183,87,124,8562,2010,0.0,26437.0,-0.894757,-0.734589,GMB,LBN,760410
7986184,88,124,8562,2010,0.0,86424.0,-1.695338,-0.9196790000000001,GNB,LBN,760410
7986185,89,124,8562,2010,0.0,99872.0,-1.077402,-0.86556,GNQ,LBN,760410
7986186,90,124,8562,2010,13494.0,0.0,0.200249,1.4640090000000001,GRC,LBN,760410
7986187,104,124,8562,2010,1963.0,0.0,0.14485599999999998,2.408913,IND,LBN,760410
7986188,111,124,8562,2010,65852.0,0.0,1.272385,0.545721,ITA,LBN,760410
7986189,113,124,8562,2010,407720.0,56130.0,0.251702,0.522758,JOR,LBN,760410
7986190,114,124,8562,2010,1115.0,0.0,2.459723,-0.279387,JPN,LBN,760410
7986191,121,124,8562,2010,0.0,19750.0,1.7118849999999999,0.762362,KOR,LBN,760410
7986192,122,124,8562,2010,29462.0,44426.0,0.067373,-1.0822120000000002,KWT,LBN,760410
7986193,125,124,8562,2010,0.0,33940.0,-0.527834,-1.045908,LBR,LBN,760410
7986194,141,124,8562,2010,0.0,25390.0,-0.585496,-0.655841,MLI,LBN,760410
7986195,157,124,8562,2010,0.0,4090.0,-0.829902,-0.826152,NER,LBN,760410
7986196,159,124,8562,2010,0.0,241260.0,-1.887084,-1.2280229999999999,NGA,LBN,760410
7986197,162,124,8562,2010,1109.0,123098.0,1.237998,1.1891209999999999,NLD,LBN,760410
7986198,167,124,8562,2010,108603.0,0.0,-0.487612,-0.9551379999999999,OMN,LBN,760410
7986199,177,124,8562,2010,4457.0,0.0,1.083552,1.1433719999999998,POL,LBN,760410
7986200,183,124,8562,2010,0.0,43510.0,-0.346143,-1.078192,QAT,LBN,760410
7986201,188,124,8562,2010,5638360.0,0.0,0.46696400000000005,-0.7487520000000001,SAU,LBN,760410
7986202,190,124,8562,2010,0.0,71194.0,-1.9094669999999998,-1.271065,SDN,LBN,760410
7986203,191,124,8562,2010,0.0,161996.0,-0.45445,-0.148149,SEN,LBN,760410
7986204,196,124,8562,2010,0.0,4473.0,-0.056713,-0.293668,SLE,LBN,760410
7986205,203,124,8562,2010,0.0,35893.0,0.676596,-0.145275,STP,LBN,760410
7986206,208,124,8562,2010,0.0,51286.0,1.882239,0.397927,SWE,LBN,760410
7986207,211,124,8562,2010,0.0,885.0,-0.075668,-0.549686,SYC,LBN,760410
7986208,212,124,8562,2010,394886.0,0.0,-0.46833800000000003,1.11952,SYR,LBN,760410
7986209,215,124,8562,2010,0.0,3856.0,-0.943559,-0.884336,TGO,LBN,760410
7986210,224,124,8562,2010,20589.0,0.0,0.359977,2.471173,TUR,LBN,760410
7986211,226,124,8562,2010,0.0,103418.0,-0.7327,0.427616,TZA,LBN,760410
7986212,243,124,8562,2010,0.0,1379.0,-1.360851,-1.208826,YEM,LBN,760410
7986213,247,124,8562,2010,0.0,119151.0,-0.650686,-0.830332,ZMB,LBN,760410
7986214,249,124,8562,2010,15637.0,0.0,1.766729,0.909335,TWN,LBN,760410
7986215,15,130,8562,2010,1609.0,0.0,1.724315,-0.29379099999999997,AUT,LTU,760410
7986216,18,130,8562,2010,1881.0,0.0,1.2224270000000002,1.1276,BEL,LTU,760410
7986217,23,130,8562,2010,0.0,11271.0,0.44973,1.445441,BGR,LTU,760410
7986218,28,130,8562,2010,0.0,23731.0,0.969851,0.593386,BLR,LTU,760410
7986219,59,130,8562,2010,157927.0,0.0,1.732044,0.333934,CZE,LTU,760410
7986220,61,130,8562,2010,337927.0,27208.0,2.035672,-3.383322,DEU,LTU,760410
7986221,64,130,8562,2010,130786.0,1040.0,1.082468,1.280759,DNK,LTU,760410
7986222,72,130,8562,2010,20058.0,51899.0,0.832316,1.1844649999999999,EST,LTU,760410
7986223,74,130,8562,2010,12091.0,0.0,1.745464,0.897992,FIN,LTU,760410
7986224,77,130,8562,2010,1277.0,0.0,1.530027,-0.052557000000000006,FRA,LTU,760410
7986225,81,130,8562,2010,2405.0,19942.0,1.828224,0.386383,GBR,LTU,760410
7986226,111,130,8562,2010,30862.0,0.0,1.272385,0.545721,ITA,LTU,760410
7986227,115,130,8562,2010,0.0,15400.0,-0.6278020000000001,-0.8419760000000001,KAZ,LTU,760410
7986228,132,130,8562,2010,22530.0,67739.0,0.6158170000000001,1.1401059999999998,LVA,LTU,760410
7986229,162,130,8562,2010,16366.0,0.0,1.237998,1.1891209999999999,NLD,LTU,760410
7986230,163,130,8562,2010,0.0,2130.0,0.865676,0.138757,NOR,LTU,760410
7986231,177,130,8562,2010,391535.0,17872.0,1.083552,1.1433719999999998,POL,LTU,760410
7986232,185,130,8562,2010,0.0,110968.0,0.6483760000000001,1.200256,ROU,LTU,760410
7986233,186,130,8562,2010,0.0,40223.0,0.583996,-0.223881,RUS,LTU,760410
7986234,206,130,8562,2010,10828.0,0.0,1.278601,0.726907,SVK,LTU,760410
7986235,208,130,8562,2010,0.0,2101.0,1.882239,0.397927,SWE,LTU,760410
7986236,224,130,8562,2010,3236.0,0.0,0.359977,2.471173,TUR,LTU,760410
7986237,228,130,8562,2010,0.0,4612.0,0.714148,0.916267,UKR,LTU,760410
7986238,231,130,8562,2010,1452.0,0.0,1.67573,-0.598165,USA,LTU,760410
7986239,249,130,8562,2010,2894.0,0.0,1.766729,0.909335,TWN,LTU,760410
7986240,15,131,8562,2010,28152.0,0.0,1.724315,-0.29379099999999997,AUT,LUX,760410
7986241,18,131,8562,2010,50275.0,59967.0,1.2224270000000002,1.1276,BEL,LUX,760410
7986242,41,131,8562,2010,45646.0,0.0,2.1492080000000002,0.556424,CHE,LUX,760410
7986243,43,131,8562,2010,32710.0,0.0,0.922493,2.0176,CHN,LUX,760410
7986244,61,131,8562,2010,399948.0,3242.0,2.035672,-3.383322,DEU,LUX,760410
7986245,64,131,8562,2010,924.0,0.0,1.082468,1.280759,DNK,LUX,760410
7986246,71,131,8562,2010,1049.0,0.0,0.832619,2.448009,ESP,LUX,760410
7986247,77,131,8562,2010,16830.0,51177.0,1.530027,-0.052557000000000006,FRA,LUX,760410
7986248,81,131,8562,2010,3106394.0,154592.0,1.828224,0.386383,GBR,LUX,760410
7986249,90,131,8562,2010,0.0,1127.0,0.200249,1.4640090000000001,GRC,LUX,760410
7986250,111,131,8562,2010,16781.0,1278.0,1.272385,0.545721,ITA,LUX,760410
7986251,162,131,8562,2010,25910.0,23616.0,1.237998,1.1891209999999999,NLD,LUX,760410
7986252,163,131,8562,2010,776.0,0.0,0.865676,0.138757,NOR,LUX,760410
7986253,185,131,8562,2010,0.0,1282.0,0.6483760000000001,1.200256,ROU,LUX,760410
7986254,208,131,8562,2010,3810.0,0.0,1.882239,0.397927,SWE,LUX,760410
7986255,224,131,8562,2010,1049.0,0.0,0.359977,2.471173,TUR,LUX,760410
7986256,250,131,8562,2010,118213.0,0.0,0.45129600000000003,-0.223517,ANS,LUX,760410
7986257,18,132,8562,2010,47842.0,0.0,1.2224270000000002,1.1276,BEL,LVA,760410
7986258,28,132,8562,2010,0.0,17984.0,0.969851,0.593386,BLR,LVA,760410
7986259,59,132,8562,2010,13503.0,0.0,1.732044,0.333934,CZE,LVA,760410
7986260,61,132,8562,2010,141078.0,0.0,2.035672,-3.383322,DEU,LVA,760410
7986261,64,132,8562,2010,32127.0,7869.0,1.082468,1.280759,DNK,LVA,760410
7986262,71,132,8562,2010,28802.0,0.0,0.832619,2.448009,ESP,LVA,760410
7986263,72,132,8562,2010,122111.0,126512.0,0.832316,1.1844649999999999,EST,LVA,760410
7986264,74,132,8562,2010,2987.0,5692.0,1.745464,0.897992,FIN,LVA,760410
7986265,77,132,8562,2010,4582.0,0.0,1.530027,-0.052557000000000006,FRA,LVA,760410
7986266,81,132,8562,2010,3740.0,1586.0,1.828224,0.386383,GBR,LVA,760410
7986267,97,132,8562,2010,4221.0,0.0,0.715745,1.9780259999999998,HKG,LVA,760410
7986268,110,132,8562,2010,1355.0,0.0,1.215834,0.7028340000000001,ISR,LVA,760410
7986269,111,132,8562,2010,54105.0,0.0,1.272385,0.545721,ITA,LVA,760410
7986270,130,132,8562,2010,67739.0,22530.0,0.6390600000000001,1.144911,LTU,LVA,760410
7986271,162,132,8562,2010,9977.0,0.0,1.237998,1.1891209999999999,NLD,LVA,760410
7986272,163,132,8562,2010,924.0,0.0,0.865676,0.138757,NOR,LVA,760410
7986273,177,132,8562,2010,221136.0,0.0,1.083552,1.1433719999999998,POL,LVA,760410
7986274,185,132,8562,2010,0.0,1861.0,0.6483760000000001,1.200256,ROU,LVA,760410
7986275,186,132,8562,2010,0.0,8231.0,0.583996,-0.223881,RUS,LVA,760410
7986276,208,132,8562,2010,1064.0,9395.0,1.882239,0.397927,SWE,LVA,760410
7986277,224,132,8562,2010,42895.0,0.0,0.359977,2.471173,TUR,LVA,760410
7986278,7,134,8562,2010,517234.0,0.0,0.29457,-0.196371,ARE,MAR,760410
7986279,15,134,8562,2010,13655.0,0.0,1.724315,-0.29379099999999997,AUT,MAR,760410
7986280,18,134,8562,2010,62950.0,0.0,1.2224270000000002,1.1276,BEL,MAR,760410
7986281,24,134,8562,2010,17255632.0,0.0,0.284356,-0.8362,BHR,MAR,760410
7986282,41,134,8562,2010,1941.0,0.0,2.1492080000000002,0.556424,CHE,MAR,760410
7986283,43,134,8562,2010,16159.0,0.0,0.922493,2.0176,CHN,MAR,760410
7986284,47,134,8562,2010,0.0,13369.0,-1.536434,-1.175338,COG,MAR,760410
7986285,61,134,8562,2010,41890.0,0.0,2.035672,-3.383322,DEU,MAR,760410
7986286,64,134,8562,2010,3322.0,0.0,1.082468,1.280759,DNK,MAR,760410
7986287,68,134,8562,2010,5349860.0,0.0,-0.181826,1.409465,EGY,MAR,760410
7986288,71,134,8562,2010,1720785.0,3805.0,0.832619,2.448009,ESP,MAR,760410
7986289,74,134,8562,2010,3235.0,0.0,1.745464,0.897992,FIN,MAR,760410
7986290,77,134,8562,2010,642077.0,22447.0,1.530027,-0.052557000000000006,FRA,MAR,760410
7986291,90,134,8562,2010,7722.0,0.0,0.200249,1.4640090000000001,GRC,MAR,760410
7986292,102,134,8562,2010,1260.0,0.0,1.514225,0.740341,HUN,MAR,760410
7986293,104,134,8562,2010,16585.0,0.0,0.14485599999999998,2.408913,IND,MAR,760410
7986294,106,134,8562,2010,1101.0,0.0,1.371357,0.168795,IRL,MAR,760410
7986295,111,134,8562,2010,681290.0,0.0,1.272385,0.545721,ITA,MAR,760410
7986296,125,134,8562,2010,0.0,11491.0,-0.527834,-1.045908,LBR,MAR,760410
7986297,162,134,8562,2010,1549.0,0.0,1.237998,1.1891209999999999,NLD,MAR,760410
7986298,167,134,8562,2010,455431.0,0.0,-0.487612,-0.9551379999999999,OMN,MAR,760410
7986299,179,134,8562,2010,12838.0,0.0,0.551149,2.437209,PRT,MAR,760410
7986300,212,134,8562,2010,253413.0,0.0,-0.46833800000000003,1.11952,SYR,MAR,760410
7986301,223,134,8562,2010,1035869.0,0.0,0.165019,0.8882059999999999,TUN,MAR,760410
7986302,224,134,8562,2010,18227.0,0.0,0.359977,2.471173,TUR,MAR,760410
7986303,249,134,8562,2010,4934.0,0.0,1.766729,0.909335,TWN,MAR,760410
7986304,15,135,8562,2010,517834.0,0.0,1.724315,-0.29379099999999997,AUT,MDA,760410
7986305,18,135,8562,2010,1140.0,919.0,1.2224270000000002,1.1276,BEL,MDA,760410
7986306,23,135,8562,2010,5581.0,0.0,0.44973,1.445441,BGR,MDA,760410
7986307,43,135,8562,2010,65362.0,0.0,0.922493,2.0176,CHN,MDA,760410
7986308,61,135,8562,2010,57740.0,0.0,2.035672,-3.383322,DEU,MDA,760410
7986309,90,135,8562,2010,165171.0,28910.0,0.200249,1.4640090000000001,GRC,MDA,760410
7986310,102,135,8562,2010,82226.0,0.0,1.514225,0.740341,HUN,MDA,760410
7986311,111,135,8562,2010,11874.0,0.0,1.272385,0.545721,ITA,MDA,760410
7986312,177,135,8562,2010,61333.0,0.0,1.083552,1.1433719999999998,POL,MDA,760410
7986313,185,135,8562,2010,1511.0,0.0,0.6483760000000001,1.200256,ROU,MDA,760410
7986314,224,135,8562,2010,2981888.0,0.0,0.359977,2.471173,TUR,MDA,760410
7986315,228,135,8562,2010,29494.0,21026.0,0.714148,0.916267,UKR,MDA,760410
7986316,4,140,8562,2010,54462.0,0.0,-0.5316,-0.219561,ALB,MKD,760410
7986317,15,140,8562,2010,16188.0,0.0,1.724315,-0.29379099999999997,AUT,MKD,760410
7986318,23,140,8562,2010,88571.0,8721.0,0.44973,1.445441,BGR,MKD,760410
7986319,26,140,8562,2010,139983.0,0.0,0.462275,0.830405,BIH,MKD,760410
7986320,43,140,8562,2010,4881.0,0.0,0.922493,2.0176,CHN,MKD,760410
7986321,59,140,8562,2010,4132.0,0.0,1.732044,0.333934,CZE,MKD,760410
7986322,61,140,8562,2010,9836.0,71226.0,2.035672,-3.383322,DEU,MKD,760410
7986323,71,140,8562,2010,879.0,0.0,0.832619,2.448009,ESP,MKD,760410
7986324,81,140,8562,2010,5366.0,0.0,1.828224,0.386383,GBR,MKD,760410
7986325,90,140,8562,2010,2027176.0,13188.0,0.200249,1.4640090000000001,GRC,MKD,760410
7986326,102,140,8562,2010,4727.0,0.0,1.514225,0.740341,HUN,MKD,760410
7986327,111,140,8562,2010,339849.0,0.0,1.272385,0.545721,ITA,MKD,760410
7986328,162,140,8562,2010,1247.0,0.0,1.237998,1.1891209999999999,NLD,MKD,760410
7986329,177,140,8562,2010,18680.0,0.0,1.083552,1.1433719999999998,POL,MKD,760410
7986330,185,140,8562,2010,0.0,39766.0,0.6483760000000001,1.200256,ROU,MKD,760410
7986331,201,140,8562,2010,5535.0,22768.0,0.561161,1.33974,SRB,MKD,760410
7986332,206,140,8562,2010,0.0,1045.0,1.278601,0.726907,SVK,MKD,760410
7986333,207,140,8562,2010,2837.0,828.0,1.595473,0.7023020000000001,SVN,MKD,760410
7986334,224,140,8562,2010,486067.0,23481.0,0.359977,2.471173,TUR,MKD,760410
7986335,18,142,8562,2010,1615.0,0.0,1.2224270000000002,1.1276,BEL,MLT,760410
7986336,39,142,8562,2010,11618.0,0.0,0.752421,1.2208510000000001,CAN,MLT,760410
7986337,43,142,8562,2010,6341.0,0.0,0.922493,2.0176,CHN,MLT,760410
7986338,61,142,8562,2010,15719.0,0.0,2.035672,-3.383322,DEU,MLT,760410
7986339,64,142,8562,2010,2771.0,0.0,1.082468,1.280759,DNK,MLT,760410
7986340,71,142,8562,2010,40248.0,0.0,0.832619,2.448009,ESP,MLT,760410
7986341,81,142,8562,2010,2788.0,0.0,1.828224,0.386383,GBR,MLT,760410
7986342,90,142,8562,2010,71395.0,0.0,0.200249,1.4640090000000001,GRC,MLT,760410
7986343,110,142,8562,2010,3279.0,0.0,1.215834,0.7028340000000001,ISR,MLT,760410
7986344,111,142,8562,2010,2830694.0,117050.0,1.272385,0.545721,ITA,MLT,760410
7986345,126,142,8562,2010,0.0,455.0,-0.706491,-1.140822,LBY,MLT,760410
7986346,162,142,8562,2010,59197.0,0.0,1.237998,1.1891209999999999,NLD,MLT,760410
7986347,224,142,8562,2010,4982.0,0.0,0.359977,2.471173,TUR,MLT,760410
7986348,43,147,8562,2010,26274.0,0.0,0.922493,2.0176,CHN,MOZ,760410
7986349,179,147,8562,2010,315756.0,0.0,0.551149,2.437209,PRT,MOZ,760410
7986350,246,147,8562,2010,681975.0,3611.0,0.327326,1.513598,ZAF,MOZ,760410
7986351,13,159,8562,2010,13126.0,107658.0,1.2153129999999999,0.955838,ATG,NGA,760410
7986352,15,159,8562,2010,4945.0,0.0,1.724315,-0.29379099999999997,AUT,NGA,760410
7986353,18,159,8562,2010,10553.0,0.0,1.2224270000000002,1.1276,BEL,NGA,760410
7986354,24,159,8562,2010,368159.0,0.0,0.284356,-0.8362,BHR,NGA,760410
7986355,43,159,8562,2010,4435.0,6346.0,0.922493,2.0176,CHN,NGA,760410
7986356,44,159,8562,2010,0.0,158036.0,-1.256641,-0.946767,CIV,NGA,760410
7986357,61,159,8562,2010,173561.0,0.0,2.035672,-3.383322,DEU,NGA,760410
7986358,68,159,8562,2010,38080.0,0.0,-0.181826,1.409465,EGY,NGA,760410
7986359,71,159,8562,2010,7178.0,0.0,0.832619,2.448009,ESP,NGA,760410
7986360,77,159,8562,2010,11257.0,0.0,1.530027,-0.052557000000000006,FRA,NGA,760410
7986361,81,159,8562,2010,1244.0,0.0,1.828224,0.386383,GBR,NGA,760410
7986362,83,159,8562,2010,0.0,10083.0,-0.835003,-0.633731,GHA,NGA,760410
7986363,104,159,8562,2010,61203.0,352200.0,0.14485599999999998,2.408913,IND,NGA,760410
7986364,110,159,8562,2010,2491.0,0.0,1.215834,0.7028340000000001,ISR,NGA,760410
7986365,111,159,8562,2010,38205.0,2397.0,1.272385,0.545721,ITA,NGA,760410
7986366,114,159,8562,2010,0.0,7027976.0,2.459723,-0.279387,JPN,NGA,760410
7986367,121,159,8562,2010,12430.0,0.0,1.7118849999999999,0.762362,KOR,NGA,760410
7986368,124,159,8562,2010,241260.0,0.0,0.415854,1.424085,LBN,NGA,760410
7986369,162,159,8562,2010,1303.0,0.0,1.237998,1.1891209999999999,NLD,NGA,760410
7986370,224,159,8562,2010,820.0,0.0,0.359977,2.471173,TUR,NGA,760410
7986371,249,159,8562,2010,6011.0,0.0,1.766729,0.909335,TWN,NGA,760410
7986372,14,163,8562,2010,1273.0,4444.0,-0.276442,0.062023,AUS,NOR,760410
7986373,15,163,8562,2010,377740.0,2143.0,1.724315,-0.29379099999999997,AUT,NOR,760410
7986374,18,163,8562,2010,4136.0,0.0,1.2224270000000002,1.1276,BEL,NOR,760410
7986375,23,163,8562,2010,3415.0,0.0,0.44973,1.445441,BGR,NOR,760410
7986376,24,163,8562,2010,624659.0,0.0,0.284356,-0.8362,BHR,NOR,760410
7986377,26,163,8562,2010,18000.0,0.0,0.462275,0.830405,BIH,NOR,760410
7986378,32,163,8562,2010,0.0,3301.0,0.40715500000000004,0.6208100000000001,BRA,NOR,760410
7986379,39,163,8562,2010,30680396.0,0.0,0.752421,1.2208510000000001,CAN,NOR,760410
7986380,41,163,8562,2010,86200.0,0.0,2.1492080000000002,0.556424,CHE,NOR,760410
7986381,43,163,8562,2010,36876.0,3073396.0,0.922493,2.0176,CHN,NOR,760410
7986382,59,163,8562,2010,63703.0,0.0,1.732044,0.333934,CZE,NOR,760410
7986383,61,163,8562,2010,669701.0,184997.0,2.035672,-3.383322,DEU,NOR,760410
7986384,64,163,8562,2010,2237028.0,64789.0,1.082468,1.280759,DNK,NOR,760410
7986385,71,163,8562,2010,1587.0,4463.0,0.832619,2.448009,ESP,NOR,760410
7986386,72,163,8562,2010,3396.0,0.0,0.832316,1.1844649999999999,EST,NOR,760410
7986387,74,163,8562,2010,48278.0,269238.0,1.745464,0.897992,FIN,NOR,760410
7986388,77,163,8562,2010,470219.0,9433.0,1.530027,-0.052557000000000006,FRA,NOR,760410
7986389,81,163,8562,2010,346880.0,242225.0,1.828224,0.386383,GBR,NOR,760410
7986390,100,163,8562,2010,0.0,2576.0,0.8276979999999999,0.97415,HRV,NOR,760410
7986391,109,163,8562,2010,4231.0,12019.0,0.20822100000000002,-0.318294,ISL,NOR,760410
7986392,110,163,8562,2010,4724.0,0.0,1.215834,0.7028340000000001,ISR,NOR,760410
7986393,111,163,8562,2010,384558.0,473544.0,1.272385,0.545721,ITA,NOR,760410
7986394,126,163,8562,2010,0.0,1923.0,-0.706491,-1.140822,LBY,NOR,760410
7986395,130,163,8562,2010,2130.0,0.0,0.6390600000000001,1.144911,LTU,NOR,760410
7986396,131,163,8562,2010,0.0,776.0,1.272127,1.1051520000000001,LUX,NOR,760410
7986397,132,163,8562,2010,0.0,924.0,0.6158170000000001,1.1401059999999998,LVA,NOR,760410
7986398,153,163,8562,2010,0.0,1860.0,0.9530780000000001,0.607456,MYS,NOR,760410
7986399,162,163,8562,2010,151105.0,0.0,1.237998,1.1891209999999999,NLD,NOR,760410
7986400,177,163,8562,2010,218356.0,40837.0,1.083552,1.1433719999999998,POL,NOR,760410
7986401,179,163,8562,2010,0.0,2769.0,0.551149,2.437209,PRT,NOR,760410
7986402,183,163,8562,2010,0.0,207105.0,-0.346143,-1.078192,QAT,NOR,760410
7986403,186,163,8562,2010,63623.0,3765.0,0.583996,-0.223881,RUS,NOR,760410
7986404,188,163,8562,2010,0.0,2570.0,0.46696400000000005,-0.7487520000000001,SAU,NOR,760410
7986405,192,163,8562,2010,0.0,57744.0,1.8441349999999999,0.570311,SGP,NOR,760410
7986406,208,163,8562,2010,1676636.0,390875.0,1.882239,0.397927,SWE,NOR,760410
7986407,216,163,8562,2010,0.0,3111.0,0.748328,1.425224,THA,NOR,760410
7986408,224,163,8562,2010,1828.0,0.0,0.359977,2.471173,TUR,NOR,760410
7986409,226,163,8562,2010,0.0,4554.0,-0.7327,0.427616,TZA,NOR,760410
7986410,231,163,8562,2010,16912.0,29375.0,1.67573,-0.598165,USA,NOR,760410
7986411,239,163,8562,2010,0.0,15818.0,-0.24660500000000002,1.427235,VNM,NOR,760410
7986412,249,163,8562,2010,51900.0,0.0,1.766729,0.909335,TWN,NOR,760410
7986413,7,167,8562,2010,4091490.0,1071662.0,0.29457,-0.196371,ARE,OMN,760410
7986414,15,167,8562,2010,1477.0,0.0,1.724315,-0.29379099999999997,AUT,OMN,760410
7986415,18,167,8562,2010,0.0,10544.0,1.2224270000000002,1.1276,BEL,OMN,760410
7986416,24,167,8562,2010,3192705.0,1712.0,0.284356,-0.8362,BHR,OMN,760410
7986417,41,167,8562,2010,24066.0,0.0,2.1492080000000002,0.556424,CHE,OMN,760410
7986418,43,167,8562,2010,152810.0,0.0,0.922493,2.0176,CHN,OMN,760410
7986419,61,167,8562,2010,0.0,152724.0,2.035672,-3.383322,DEU,OMN,760410
7986420,66,167,8562,2010,0.0,206967.0,-1.00922,-1.1511040000000001,DZA,OMN,760410
7986421,68,167,8562,2010,3573.0,0.0,-0.181826,1.409465,EGY,OMN,760410
7986422,71,167,8562,2010,2449.0,54425.0,0.832619,2.448009,ESP,OMN,760410
7986423,77,167,8562,2010,4721.0,14787.0,1.530027,-0.052557000000000006,FRA,OMN,760410
7986424,81,167,8562,2010,5176.0,163798.0,1.828224,0.386383,GBR,OMN,760410
7986425,104,167,8562,2010,15301.0,319741.0,0.14485599999999998,2.408913,IND,OMN,760410
7986426,113,167,8562,2010,0.0,40716.0,0.251702,0.522758,JOR,OMN,760410
7986427,116,167,8562,2010,0.0,111395.0,-0.387187,1.010443,KEN,OMN,760410
7986428,122,167,8562,2010,15153.0,270091.0,0.067373,-1.0822120000000002,KWT,OMN,760410
7986429,124,167,8562,2010,0.0,108603.0,0.415854,1.424085,LBN,OMN,760410
7986430,134,167,8562,2010,0.0,455431.0,-0.5935229999999999,-0.056497000000000006,MAR,OMN,760410
7986431,153,167,8562,2010,326078.0,0.0,0.9530780000000001,0.607456,MYS,OMN,760410
7986432,162,167,8562,2010,142277.0,0.0,1.237998,1.1891209999999999,NLD,OMN,760410
7986433,168,167,8562,2010,0.0,170179.0,-0.692071,0.5409010000000001,PAK,OMN,760410
7986434,183,167,8562,2010,0.0,3366690.0,-0.346143,-1.078192,QAT,OMN,760410
7986435,188,167,8562,2010,2160696.0,5656264.0,0.46696400000000005,-0.7487520000000001,SAU,OMN,760410
7986436,190,167,8562,2010,0.0,229284.0,-1.9094669999999998,-1.271065,SDN,OMN,760410
7986437,216,167,8562,2010,15332.0,0.0,0.748328,1.425224,THA,OMN,760410
7986438,223,167,8562,2010,0.0,204432.0,0.165019,0.8882059999999999,TUN,OMN,760410
7986439,224,167,8562,2010,17448.0,0.0,0.359977,2.471173,TUR,OMN,760410
7986440,231,167,8562,2010,2097.0,0.0,1.67573,-0.598165,USA,OMN,760410
7986441,249,167,8562,2010,57553.0,0.0,1.766729,0.909335,TWN,OMN,760410
7986442,1,168,8562,2010,0.0,120118.0,-0.054633,-0.102103,AFG,PAK,760410
7986443,7,168,8562,2010,275066.0,0.0,0.29457,-0.196371,ARE,PAK,760410
7986444,41,168,8562,2010,39512.0,0.0,2.1492080000000002,0.556424,CHE,PAK,760410
7986445,42,168,8562,2010,7259.0,0.0,-0.34914,-0.459395,CHL,PAK,760410
7986446,43,168,8562,2010,751966.0,0.0,0.922493,2.0176,CHN,PAK,760410
7986447,61,168,8562,2010,23391.0,0.0,2.035672,-3.383322,DEU,PAK,760410
7986448,81,168,8562,2010,1094.0,0.0,1.828224,0.386383,GBR,PAK,760410
7986449,111,168,8562,2010,40541.0,0.0,1.272385,0.545721,ITA,PAK,760410
7986450,121,168,8562,2010,13625.0,0.0,1.7118849999999999,0.762362,KOR,PAK,760410
7986451,162,168,8562,2010,2246.0,0.0,1.237998,1.1891209999999999,NLD,PAK,760410
7986452,167,168,8562,2010,170179.0,0.0,-0.487612,-0.9551379999999999,OMN,PAK,760410
7986453,183,168,8562,2010,0.0,3626.0,-0.346143,-1.078192,QAT,PAK,760410
7986454,192,168,8562,2010,125062.0,0.0,1.8441349999999999,0.570311,SGP,PAK,760410
7986455,216,168,8562,2010,2218.0,0.0,0.748328,1.425224,THA,PAK,760410
7986456,224,168,8562,2010,899.0,0.0,0.359977,2.471173,TUR,PAK,760410
7986457,226,168,8562,2010,0.0,4865.0,-0.7327,0.427616,TZA,PAK,760410
7986458,231,168,8562,2010,20823.0,2029.0,1.67573,-0.598165,USA,PAK,760410
7986459,246,168,8562,2010,920.0,0.0,0.327326,1.513598,ZAF,PAK,760410
7986460,15,185,8562,2010,153574.0,0.0,1.724315,-0.29379099999999997,AUT,ROU,760410
7986461,18,185,8562,2010,558402.0,435680.0,1.2224270000000002,1.1276,BEL,ROU,760410
7986462,23,185,8562,2010,686755.0,937745.0,0.44973,1.445441,BGR,ROU,760410
7986463,26,185,8562,2010,6213.0,0.0,0.462275,0.830405,BIH,ROU,760410
7986464,39,185,8562,2010,15238.0,0.0,0.752421,1.2208510000000001,CAN,ROU,760410
7986465,41,185,8562,2010,317419.0,473253.0,2.1492080000000002,0.556424,CHE,ROU,760410
7986466,43,185,8562,2010,54243.0,54291.0,0.922493,2.0176,CHN,ROU,760410
7986467,59,185,8562,2010,407291.0,0.0,1.732044,0.333934,CZE,ROU,760410
7986468,61,185,8562,2010,511493.0,1892706.0,2.035672,-3.383322,DEU,ROU,760410
7986469,64,185,8562,2010,2204.0,0.0,1.082468,1.280759,DNK,ROU,760410
7986470,68,185,8562,2010,8174.0,0.0,-0.181826,1.409465,EGY,ROU,760410
7986471,71,185,8562,2010,2723590.0,5037.0,0.832619,2.448009,ESP,ROU,760410
7986472,77,185,8562,2010,53581.0,360238.0,1.530027,-0.052557000000000006,FRA,ROU,760410
7986473,81,185,8562,2010,25191.0,10332.0,1.828224,0.386383,GBR,ROU,760410
7986474,90,185,8562,2010,3769792.0,1091310.0,0.200249,1.4640090000000001,GRC,ROU,760410
7986475,102,185,8562,2010,278159.0,222349.0,1.514225,0.740341,HUN,ROU,760410
7986476,104,185,8562,2010,0.0,932.0,0.14485599999999998,2.408913,IND,ROU,760410
7986477,110,185,8562,2010,1246.0,0.0,1.215834,0.7028340000000001,ISR,ROU,760410
7986478,111,185,8562,2010,5675695.0,269277.0,1.272385,0.545721,ITA,ROU,760410
7986479,121,185,8562,2010,838.0,0.0,1.7118849999999999,0.762362,KOR,ROU,760410
7986480,130,185,8562,2010,110968.0,0.0,0.6390600000000001,1.144911,LTU,ROU,760410
7986481,131,185,8562,2010,1282.0,0.0,1.272127,1.1051520000000001,LUX,ROU,760410
7986482,132,185,8562,2010,1861.0,0.0,0.6158170000000001,1.1401059999999998,LVA,ROU,760410
7986483,135,185,8562,2010,0.0,1511.0,-0.116797,0.037801,MDA,ROU,760410
7986484,140,185,8562,2010,39766.0,0.0,-0.122842,0.407017,MKD,ROU,760410
7986485,162,185,8562,2010,141925.0,3667.0,1.237998,1.1891209999999999,NLD,ROU,760410
7986486,177,185,8562,2010,329988.0,0.0,1.083552,1.1433719999999998,POL,ROU,760410
7986487,179,185,8562,2010,8478.0,0.0,0.551149,2.437209,PRT,ROU,760410
7986488,186,185,8562,2010,6252.0,0.0,0.583996,-0.223881,RUS,ROU,760410
7986489,201,185,8562,2010,36819.0,22436.0,0.561161,1.33974,SRB,ROU,760410
7986490,206,185,8562,2010,41528.0,0.0,1.278601,0.726907,SVK,ROU,760410
7986491,207,185,8562,2010,3329.0,0.0,1.595473,0.7023020000000001,SVN,ROU,760410
7986492,208,185,8562,2010,4192.0,0.0,1.882239,0.397927,SWE,ROU,760410
7986493,216,185,8562,2010,13422.0,0.0,0.748328,1.425224,THA,ROU,760410
7986494,224,185,8562,2010,6804008.0,76617.0,0.359977,2.471173,TUR,ROU,760410
7986495,231,185,8562,2010,2902.0,0.0,1.67573,-0.598165,USA,ROU,760410
7986496,249,185,8562,2010,1118.0,0.0,1.766729,0.909335,TWN,ROU,760410
7986497,250,185,8562,2010,0.0,9596.0,0.45129600000000003,-0.223517,ANS,ROU,760410
7986498,7,186,8562,2010,0.0,53404.0,0.29457,-0.196371,ARE,RUS,760410
7986499,9,186,8562,2010,0.0,128525.0,0.11632,-0.417048,ARM,RUS,760410
7986500,15,186,8562,2010,21593.0,42919.0,1.724315,-0.29379099999999997,AUT,RUS,760410
7986501,18,186,8562,2010,105686.0,0.0,1.2224270000000002,1.1276,BEL,RUS,760410
7986502,23,186,8562,2010,0.0,5925.0,0.44973,1.445441,BGR,RUS,760410
7986503,28,186,8562,2010,1620.0,321177.0,0.969851,0.593386,BLR,RUS,760410
7986504,32,186,8562,2010,0.0,7578.0,0.40715500000000004,0.6208100000000001,BRA,RUS,760410
7986505,39,186,8562,2010,3213.0,12882.0,0.752421,1.2208510000000001,CAN,RUS,760410
7986506,43,186,8562,2010,147793.0,0.0,0.922493,2.0176,CHN,RUS,760410
7986507,59,186,8562,2010,28703.0,0.0,1.732044,0.333934,CZE,RUS,760410
7986508,61,186,8562,2010,1036519.0,0.0,2.035672,-3.383322,DEU,RUS,760410
7986509,64,186,8562,2010,692905.0,0.0,1.082468,1.280759,DNK,RUS,760410
7986510,71,186,8562,2010,626745.0,169838.0,0.832619,2.448009,ESP,RUS,760410
7986511,72,186,8562,2010,38189.0,0.0,0.832316,1.1844649999999999,EST,RUS,760410
7986512,74,186,8562,2010,143349.0,0.0,1.745464,0.897992,FIN,RUS,760410
7986513,77,186,8562,2010,7925.0,34608.0,1.530027,-0.052557000000000006,FRA,RUS,760410
7986514,81,186,8562,2010,17792.0,17198.0,1.828224,0.386383,GBR,RUS,760410
7986515,82,186,8562,2010,0.0,2615.0,-0.21301399999999998,-0.48355299999999996,GEO,RUS,760410
7986516,90,186,8562,2010,310742.0,0.0,0.200249,1.4640090000000001,GRC,RUS,760410
7986517,103,186,8562,2010,0.0,41986.0,-0.30878099999999997,1.07069,IDN,RUS,760410
7986518,104,186,8562,2010,0.0,77136.0,0.14485599999999998,2.408913,IND,RUS,760410
7986519,110,186,8562,2010,980.0,23176.0,1.215834,0.7028340000000001,ISR,RUS,760410
7986520,111,186,8562,2010,599134.0,0.0,1.272385,0.545721,ITA,RUS,760410
7986521,114,186,8562,2010,1760.0,1248.0,2.459723,-0.279387,JPN,RUS,760410
7986522,115,186,8562,2010,0.0,184532.0,-0.6278020000000001,-0.8419760000000001,KAZ,RUS,760410
7986523,121,186,8562,2010,45206.0,0.0,1.7118849999999999,0.762362,KOR,RUS,760410
7986524,130,186,8562,2010,40223.0,0.0,0.6390600000000001,1.144911,LTU,RUS,760410
7986525,132,186,8562,2010,8231.0,0.0,0.6158170000000001,1.1401059999999998,LVA,RUS,760410
7986526,153,186,8562,2010,0.0,5351.0,0.9530780000000001,0.607456,MYS,RUS,760410
7986527,162,186,8562,2010,12272.0,0.0,1.237998,1.1891209999999999,NLD,RUS,760410
7986528,163,186,8562,2010,3765.0,63623.0,0.865676,0.138757,NOR,RUS,760410
7986529,177,186,8562,2010,559838.0,10469.0,1.083552,1.1433719999999998,POL,RUS,760410
7986530,185,186,8562,2010,0.0,6252.0,0.6483760000000001,1.200256,ROU,RUS,760410
7986531,192,186,8562,2010,0.0,79180.0,1.8441349999999999,0.570311,SGP,RUS,760410
7986532,201,186,8562,2010,287715.0,81372.0,0.561161,1.33974,SRB,RUS,760410
7986533,206,186,8562,2010,69884.0,0.0,1.278601,0.726907,SVK,RUS,760410
7986534,207,186,8562,2010,36419.0,0.0,1.595473,0.7023020000000001,SVN,RUS,760410
7986535,208,186,8562,2010,74887.0,0.0,1.882239,0.397927,SWE,RUS,760410
7986536,216,186,8562,2010,36097.0,0.0,0.748328,1.425224,THA,RUS,760410
7986537,219,186,8562,2010,0.0,1284.0,-1.161458,-1.191589,TKM,RUS,760410
7986538,224,186,8562,2010,303308.0,0.0,0.359977,2.471173,TUR,RUS,760410
7986539,228,186,8562,2010,0.0,176881.0,0.714148,0.916267,UKR,RUS,760410
7986540,231,186,8562,2010,32368.0,0.0,1.67573,-0.598165,USA,RUS,760410
7986541,239,186,8562,2010,0.0,20248.0,-0.24660500000000002,1.427235,VNM,RUS,760410
7986542,246,186,8562,2010,0.0,29867.0,0.327326,1.513598,ZAF,RUS,760410
7986543,249,186,8562,2010,2713.0,0.0,1.766729,0.909335,TWN,RUS,760410
7986544,2,192,8562,2010,0.0,105008.0,-1.3711010000000001,-1.170608,AGO,SGP,760410
7986545,7,192,8562,2010,0.0,319311.0,0.29457,-0.196371,ARE,SGP,760410
7986546,14,192,8562,2010,19719.0,22333.0,-0.276442,0.062023,AUS,SGP,760410
7986547,18,192,8562,2010,72013.0,0.0,1.2224270000000002,1.1276,BEL,SGP,760410
7986548,24,192,8562,2010,1829901.0,16603.0,0.284356,-0.8362,BHR,SGP,760410
7986549,34,192,8562,2010,2862.0,445853.0,0.717167,-0.764841,BRN,SGP,760410
7986550,39,192,8562,2010,8384.0,0.0,0.752421,1.2208510000000001,CAN,SGP,760410
7986551,41,192,8562,2010,28600.0,1848.0,2.1492080000000002,0.556424,CHE,SGP,760410
7986552,43,192,8562,2010,623198.0,286817.0,0.922493,2.0176,CHN,SGP,760410
7986553,59,192,8562,2010,3626.0,0.0,1.732044,0.333934,CZE,SGP,760410
7986554,61,192,8562,2010,66747.0,8060.0,2.035672,-3.383322,DEU,SGP,760410
7986555,64,192,8562,2010,5539.0,0.0,1.082468,1.280759,DNK,SGP,760410
7986556,67,192,8562,2010,1854.0,0.0,-0.584013,-0.743675,ECU,SGP,760410
7986557,68,192,8562,2010,0.0,1697.0,-0.181826,1.409465,EGY,SGP,760410
7986558,71,192,8562,2010,44274.0,0.0,0.832619,2.448009,ESP,SGP,760410
7986559,74,192,8562,2010,1083.0,0.0,1.745464,0.897992,FIN,SGP,760410
7986560,77,192,8562,2010,2601.0,0.0,1.530027,-0.052557000000000006,FRA,SGP,760410
7986561,81,192,8562,2010,110351.0,5841.0,1.828224,0.386383,GBR,SGP,760410
7986562,90,192,8562,2010,90016.0,0.0,0.200249,1.4640090000000001,GRC,SGP,760410
7986563,97,192,8562,2010,65849.0,14194.0,0.715745,1.9780259999999998,HKG,SGP,760410
7986564,103,192,8562,2010,278223.0,1486565.0,-0.30878099999999997,1.07069,IDN,SGP,760410
7986565,104,192,8562,2010,1496001.0,47592.0,0.14485599999999998,2.408913,IND,SGP,760410
7986566,106,192,8562,2010,27955.0,0.0,1.371357,0.168795,IRL,SGP,760410
7986567,107,192,8562,2010,0.0,1350211.0,-0.609874,-0.744733,IRN,SGP,760410
7986568,110,192,8562,2010,0.0,120960.0,1.215834,0.7028340000000001,ISR,SGP,760410
7986569,111,192,8562,2010,37074.0,0.0,1.272385,0.545721,ITA,SGP,760410
7986570,114,192,8562,2010,775342.0,95386.0,2.459723,-0.279387,JPN,SGP,760410
7986571,121,192,8562,2010,57796.0,5747.0,1.7118849999999999,0.762362,KOR,SGP,760410
7986572,128,192,8562,2010,0.0,7652.0,-0.70886,0.25216700000000003,LKA,SGP,760410
7986573,136,192,8562,2010,0.0,993.0,-0.8737799999999999,-0.043717,MDG,SGP,760410
7986574,137,192,8562,2010,0.0,7168.0,-0.644859,-0.910633,MDV,SGP,760410
7986575,138,192,8562,2010,0.0,19583.0,1.132664,0.675756,MEX,SGP,760410
7986576,143,192,8562,2010,0.0,1038.0,-1.480389,-1.075842,MMR,SGP,760410
7986577,153,192,8562,2010,3781416.0,2038679.0,0.9530780000000001,0.607456,MYS,SGP,760410
7986578,162,192,8562,2010,7779.0,0.0,1.237998,1.1891209999999999,NLD,SGP,760410
7986579,163,192,8562,2010,57744.0,0.0,0.865676,0.138757,NOR,SGP,760410
7986580,166,192,8562,2010,55396.0,4769.0,0.36828299999999997,0.574574,NZL,SGP,760410
7986581,168,192,8562,2010,0.0,125062.0,-0.692071,0.5409010000000001,PAK,SGP,760410
7986582,174,192,8562,2010,999.0,119476.0,0.40418899999999996,0.102497,PHL,SGP,760410
7986583,186,192,8562,2010,79180.0,0.0,0.583996,-0.223881,RUS,SGP,760410
7986584,208,192,8562,2010,1797.0,0.0,1.882239,0.397927,SWE,SGP,760410
7986585,211,192,8562,2010,0.0,3477.0,-0.075668,-0.549686,SYC,SGP,760410
7986586,216,192,8562,2010,43362.0,661116.0,0.748328,1.425224,THA,SGP,760410
7986587,224,192,8562,2010,2214.0,0.0,0.359977,2.471173,TUR,SGP,760410
7986588,231,192,8562,2010,578369.0,20988.0,1.67573,-0.598165,USA,SGP,760410
7986589,239,192,8562,2010,131477.0,145786.0,-0.24660500000000002,1.427235,VNM,SGP,760410
7986590,246,192,8562,2010,29639.0,39899.0,0.327326,1.513598,ZAF,SGP,760410
7986591,249,192,8562,2010,456375.0,56359.0,1.766729,0.909335,TWN,SGP,760410
7986592,4,201,8562,2010,1513772.0,2120.0,-0.5316,-0.219561,ALB,SRB,760410
7986593,15,201,8562,2010,51717.0,2707.0,1.724315,-0.29379099999999997,AUT,SRB,760410
7986594,18,201,8562,2010,2643.0,0.0,1.2224270000000002,1.1276,BEL,SRB,760410
7986595,23,201,8562,2010,34341.0,0.0,0.44973,1.445441,BGR,SRB,760410
7986596,26,201,8562,2010,400718.0,86820.0,0.462275,0.830405,BIH,SRB,760410
7986597,41,201,8562,2010,1174.0,0.0,2.1492080000000002,0.556424,CHE,SRB,760410
7986598,43,201,8562,2010,152766.0,2344.0,0.922493,2.0176,CHN,SRB,760410
7986599,59,201,8562,2010,167736.0,0.0,1.732044,0.333934,CZE,SRB,760410
7986600,61,201,8562,2010,34919.0,64056.0,2.035672,-3.383322,DEU,SRB,760410
7986601,71,201,8562,2010,110820.0,21578.0,0.832619,2.448009,ESP,SRB,760410
7986602,77,201,8562,2010,4903.0,13744.0,1.530027,-0.052557000000000006,FRA,SRB,760410
7986603,81,201,8562,2010,177763.0,0.0,1.828224,0.386383,GBR,SRB,760410
7986604,89,201,8562,2010,0.0,6995.0,-1.077402,-0.86556,GNQ,SRB,760410
7986605,90,201,8562,2010,8473277.0,217049.0,0.200249,1.4640090000000001,GRC,SRB,760410
7986606,100,201,8562,2010,54838.0,56480.0,0.8276979999999999,0.97415,HRV,SRB,760410
7986607,102,201,8562,2010,26661.0,13913.0,1.514225,0.740341,HUN,SRB,760410
7986608,106,201,8562,2010,838.0,0.0,1.371357,0.168795,IRL,SRB,760410
7986609,111,201,8562,2010,896987.0,62961.0,1.272385,0.545721,ITA,SRB,760410
7986610,140,201,8562,2010,22768.0,5535.0,-0.122842,0.407017,MKD,SRB,760410
7986611,144,201,8562,2010,5873.0,162172.0,0.266397,-0.02502,MNE,SRB,760410
7986612,162,201,8562,2010,30619.0,0.0,1.237998,1.1891209999999999,NLD,SRB,760410
7986613,177,201,8562,2010,19292.0,0.0,1.083552,1.1433719999999998,POL,SRB,760410
7986614,185,201,8562,2010,22436.0,36819.0,0.6483760000000001,1.200256,ROU,SRB,760410
7986615,186,201,8562,2010,81372.0,287715.0,0.583996,-0.223881,RUS,SRB,760410
7986616,207,201,8562,2010,23512.0,8087.0,1.595473,0.7023020000000001,SVN,SRB,760410
7986617,208,201,8562,2010,319621.0,67323.0,1.882239,0.397927,SWE,SRB,760410
7986618,216,201,8562,2010,9327.0,0.0,0.748328,1.425224,THA,SRB,760410
7986619,224,201,8562,2010,786822.0,0.0,0.359977,2.471173,TUR,SRB,760410
7986620,224,217,8562,2010,65619.0,0.0,0.359977,2.471173,TUR,TJK,760410
7986621,186,219,8562,2010,1284.0,0.0,0.583996,-0.223881,RUS,TKM,760410
7986622,224,219,8562,2010,729133.0,0.0,0.359977,2.471173,TUR,TKM,760410
7986623,7,223,8562,2010,1135405.0,0.0,0.29457,-0.196371,ARE,TUN,760410
7986624,18,223,8562,2010,709431.0,0.0,1.2224270000000002,1.1276,BEL,TUN,760410
7986625,21,223,8562,2010,0.0,48606.0,-0.625747,-0.700651,BFA,TUN,760410
7986626,24,223,8562,2010,3728952.0,0.0,0.284356,-0.8362,BHR,TUN,760410
7986627,41,223,8562,2010,42805.0,1068.0,2.1492080000000002,0.556424,CHE,TUN,760410
7986628,43,223,8562,2010,875832.0,0.0,0.922493,2.0176,CHN,TUN,760410
7986629,59,223,8562,2010,10560.0,0.0,1.732044,0.333934,CZE,TUN,760410
7986630,61,223,8562,2010,72112.0,0.0,2.035672,-3.383322,DEU,TUN,760410
7986631,66,223,8562,2010,52694.0,302743.0,-1.00922,-1.1511040000000001,DZA,TUN,760410
7986632,68,223,8562,2010,161808.0,0.0,-0.181826,1.409465,EGY,TUN,760410
7986633,71,223,8562,2010,457269.0,0.0,0.832619,2.448009,ESP,TUN,760410
7986634,72,223,8562,2010,1220.0,0.0,0.832316,1.1844649999999999,EST,TUN,760410
7986635,73,223,8562,2010,0.0,74353.0,-1.122906,-0.840777,ETH,TUN,760410
7986636,77,223,8562,2010,211722.0,116307.0,1.530027,-0.052557000000000006,FRA,TUN,760410
7986637,81,223,8562,2010,17338.0,0.0,1.828224,0.386383,GBR,TUN,760410
7986638,90,223,8562,2010,16776.0,0.0,0.200249,1.4640090000000001,GRC,TUN,760410
7986639,104,223,8562,2010,163269.0,0.0,0.14485599999999998,2.408913,IND,TUN,760410
7986640,111,223,8562,2010,1199579.0,8803084.0,1.272385,0.545721,ITA,TUN,760410
7986641,126,223,8562,2010,0.0,1243314.0,-0.706491,-1.140822,LBY,TUN,760410
7986642,134,223,8562,2010,0.0,1035869.0,-0.5935229999999999,-0.056497000000000006,MAR,TUN,760410
7986643,141,223,8562,2010,0.0,2239.0,-0.585496,-0.655841,MLI,TUN,760410
7986644,157,223,8562,2010,0.0,25069.0,-0.829902,-0.826152,NER,TUN,760410
7986645,162,223,8562,2010,1118.0,0.0,1.237998,1.1891209999999999,NLD,TUN,760410
7986646,167,223,8562,2010,204432.0,0.0,-0.487612,-0.9551379999999999,OMN,TUN,760410
7986647,177,223,8562,2010,3035.0,0.0,1.083552,1.1433719999999998,POL,TUN,760410
7986648,179,223,8562,2010,6409.0,0.0,0.551149,2.437209,PRT,TUN,760410
7986649,224,223,8562,2010,29469.0,0.0,0.359977,2.471173,TUR,TUN,760410
7986650,231,223,8562,2010,15509.0,0.0,1.67573,-0.598165,USA,TUN,760410
7986651,250,223,8562,2010,10917.0,11380.0,0.45129600000000003,-0.223517,ANS,TUN,760410
7986652,224,232,8562,2010,38755.0,0.0,0.359977,2.471173,TUR,UZB,760410
7986653,2,239,8562,2010,0.0,28348.0,-1.3711010000000001,-1.170608,AGO,VNM,760410
7986654,14,239,8562,2010,72776.0,9084.0,-0.276442,0.062023,AUS,VNM,760410
7986655,18,239,8562,2010,2679.0,0.0,1.2224270000000002,1.1276,BEL,VNM,760410
7986656,39,239,8562,2010,0.0,93428.0,0.752421,1.2208510000000001,CAN,VNM,760410
7986657,41,239,8562,2010,574.0,0.0,2.1492080000000002,0.556424,CHE,VNM,760410
7986658,43,239,8562,2010,203097.0,0.0,0.922493,2.0176,CHN,VNM,760410
7986659,59,239,8562,2010,0.0,1420432.0,1.732044,0.333934,CZE,VNM,760410
7986660,61,239,8562,2010,10608.0,0.0,2.035672,-3.383322,DEU,VNM,760410
7986661,64,239,8562,2010,0.0,6541.0,1.082468,1.280759,DNK,VNM,760410
7986662,74,239,8562,2010,20647.0,0.0,1.745464,0.897992,FIN,VNM,760410
7986663,77,239,8562,2010,146024.0,23737.0,1.530027,-0.052557000000000006,FRA,VNM,760410
7986664,81,239,8562,2010,4012.0,0.0,1.828224,0.386383,GBR,VNM,760410
7986665,83,239,8562,2010,0.0,29479.0,-0.835003,-0.633731,GHA,VNM,760410
7986666,103,239,8562,2010,2615.0,83566.0,-0.30878099999999997,1.07069,IDN,VNM,760410
7986667,104,239,8562,2010,0.0,1810.0,0.14485599999999998,2.408913,IND,VNM,760410
7986668,111,239,8562,2010,20196.0,0.0,1.272385,0.545721,ITA,VNM,760410
7986669,114,239,8562,2010,2619216.0,19324.0,2.459723,-0.279387,JPN,VNM,760410
7986670,118,239,8562,2010,0.0,28179.0,-1.158906,-1.019906,KHM,VNM,760410
7986671,121,239,8562,2010,309399.0,0.0,1.7118849999999999,0.762362,KOR,VNM,760410
7986672,122,239,8562,2010,0.0,4361.0,0.067373,-1.0822120000000002,KWT,VNM,760410
7986673,123,239,8562,2010,0.0,10219.0,-1.104075,-0.836772,LAO,VNM,760410
7986674,153,239,8562,2010,1158355.0,67705.0,0.9530780000000001,0.607456,MYS,VNM,760410
7986675,162,239,8562,2010,48720.0,12624.0,1.237998,1.1891209999999999,NLD,VNM,760410
7986676,163,239,8562,2010,15818.0,0.0,0.865676,0.138757,NOR,VNM,760410
7986677,166,239,8562,2010,47032.0,0.0,0.36828299999999997,0.574574,NZL,VNM,760410
7986678,174,239,8562,2010,0.0,398118.0,0.40418899999999996,0.102497,PHL,VNM,760410
7986679,186,239,8562,2010,20248.0,0.0,0.583996,-0.223881,RUS,VNM,760410
7986680,192,239,8562,2010,145786.0,131477.0,1.8441349999999999,0.570311,SGP,VNM,760410
7986681,216,239,8562,2010,2489322.0,33587.0,0.748328,1.425224,THA,VNM,760410
7986682,231,239,8562,2010,132579.0,18477.0,1.67573,-0.598165,USA,VNM,760410
7986683,249,239,8562,2010,4231054.0,526109.0,1.766729,0.909335,TWN,VNM,760410
7986684,24,248,8562,2010,91428.0,0.0,0.284356,-0.8362,BHR,ZWE,760410
7986685,43,248,8562,2010,20019.0,0.0,0.922493,2.0176,CHN,ZWE,760410
7986686,246,248,8562,2010,551711.0,0.0,0.327326,1.513598,ZAF,ZWE,760410
7986687,162,0,8562,2010,26513.0,0.0,1.237998,1.1891209999999999,NLD,ABW,760410
7986688,231,0,8562,2010,14589.0,0.0,1.67573,-0.598165,USA,ABW,760410
7986689,236,0,8562,2010,8011.0,0.0,-0.660844,-1.145133,VEN,ABW,760410
7986690,250,0,8562,2010,10333.0,0.0,0.45129600000000003,-0.223517,ANS,ABW,760410
7986691,104,1,8562,2010,1023.0,0.0,0.14485599999999998,2.408913,IND,AFG,760410
7986692,107,1,8562,2010,69524.0,0.0,-0.609874,-0.744733,IRN,AFG,760410
7986693,111,1,8562,2010,55111.0,0.0,1.272385,0.545721,ITA,AFG,760410
7986694,168,1,8562,2010,120118.0,0.0,-0.692071,0.5409010000000001,PAK,AFG,760410
7986695,224,1,8562,2010,22157.0,0.0,0.359977,2.471173,TUR,AFG,760410
7986696,23,4,8562,2010,13855.0,0.0,0.44973,1.445441,BGR,ALB,760410
7986697,26,4,8562,2010,3621.0,0.0,0.462275,0.830405,BIH,ALB,760410
7986698,39,4,8562,2010,15737.0,0.0,0.752421,1.2208510000000001,CAN,ALB,760410
7986699,43,4,8562,2010,124382.0,0.0,0.922493,2.0176,CHN,ALB,760410
7986700,61,4,8562,2010,0.0,110390.0,2.035672,-3.383322,DEU,ALB,760410
7986701,71,4,8562,2010,3499.0,0.0,0.832619,2.448009,ESP,ALB,760410
7986702,77,4,8562,2010,0.0,58196.0,1.530027,-0.052557000000000006,FRA,ALB,760410
7986703,90,4,8562,2010,4342908.0,24472.0,0.200249,1.4640090000000001,GRC,ALB,760410
7986704,107,4,8562,2010,3484.0,0.0,-0.609874,-0.744733,IRN,ALB,760410
7986705,111,4,8562,2010,2045880.0,8647.0,1.272385,0.545721,ITA,ALB,760410
7986706,121,4,8562,2010,1890.0,0.0,1.7118849999999999,0.762362,KOR,ALB,760410
7986707,140,4,8562,2010,0.0,54462.0,-0.122842,0.407017,MKD,ALB,760410
7986708,144,4,8562,2010,0.0,1063008.0,0.266397,-0.02502,MNE,ALB,760410
7986709,201,4,8562,2010,2120.0,1513772.0,0.561161,1.33974,SRB,ALB,760410
7986710,224,4,8562,2010,1029178.0,0.0,0.359977,2.471173,TUR,ALB,760410
7986711,166,10,8562,2010,11260.0,0.0,0.36828299999999997,0.574574,NZL,ASM,760410
7986712,61,13,8562,2010,1376.0,0.0,2.035672,-3.383322,DEU,ATG,760410
7986713,159,13,8562,2010,107658.0,13126.0,-1.887084,-1.2280229999999999,NGA,ATG,760410
7986714,231,13,8562,2010,11283.0,0.0,1.67573,-0.598165,USA,ATG,760410
7986715,21,19,8562,2010,0.0,1383.0,-0.625747,-0.700651,BFA,BEN,760410
7986716,43,19,8562,2010,19250.0,0.0,0.922493,2.0176,CHN,BEN,760410
7986717,77,19,8562,2010,78474.0,0.0,1.530027,-0.052557000000000006,FRA,BEN,760410
7986718,104,19,8562,2010,26669.0,0.0,0.14485599999999998,2.408913,IND,BEN,760410
7986719,124,19,8562,2010,38822.0,0.0,0.415854,1.424085,LBN,BEN,760410
7986720,215,19,8562,2010,2620.0,0.0,-0.943559,-0.884336,TGO,BEN,760410
7986721,8,31,8562,2010,94658.0,0.0,0.27458899999999997,0.597907,ARG,BOL,760410
7986722,32,31,8562,2010,2559.0,0.0,0.40715500000000004,0.6208100000000001,BRA,BOL,760410
7986723,39,31,8562,2010,3740.0,0.0,0.752421,1.2208510000000001,CAN,BOL,760410
7986724,42,31,8562,2010,122276.0,0.0,-0.34914,-0.459395,CHL,BOL,760410
7986725,43,31,8562,2010,390110.0,0.0,0.922493,2.0176,CHN,BOL,760410
7986726,49,31,8562,2010,1306.0,0.0,0.097222,-0.064328,COL,BOL,760410
7986727,71,31,8562,2010,5028.0,0.0,0.832619,2.448009,ESP,BOL,760410
7986728,111,31,8562,2010,1714.0,0.0,1.272385,0.545721,ITA,BOL,760410
7986729,138,31,8562,2010,1074.0,0.0,1.132664,0.675756,MEX,BOL,760410
7986730,162,31,8562,2010,1822.0,0.0,1.237998,1.1891209999999999,NLD,BOL,760410
7986731,173,31,8562,2010,1912.0,0.0,-0.650327,0.162321,PER,BOL,760410
7986732,231,31,8562,2010,10908.0,0.0,1.67573,-0.598165,USA,BOL,760410
7986733,249,31,8562,2010,7178.0,0.0,1.766729,0.909335,TWN,BOL,760410
7986734,43,37,8562,2010,79987.0,0.0,0.922493,2.0176,CHN,BWA,760410
7986735,246,37,8562,2010,1226691.0,2181.0,0.327326,1.513598,ZAF,BWA,760410
7986736,7,44,8562,2010,2995.0,0.0,0.29457,-0.196371,ARE,CIV,760410
7986737,18,44,8562,2010,7483.0,0.0,1.2224270000000002,1.1276,BEL,CIV,760410
7986738,43,44,8562,2010,188823.0,0.0,0.922493,2.0176,CHN,CIV,760410
7986739,61,44,8562,2010,10759.0,0.0,2.035672,-3.383322,DEU,CIV,760410
7986740,68,44,8562,2010,4096.0,0.0,-0.181826,1.409465,EGY,CIV,760410
7986741,71,44,8562,2010,201903.0,0.0,0.832619,2.448009,ESP,CIV,760410
7986742,77,44,8562,2010,362449.0,0.0,1.530027,-0.052557000000000006,FRA,CIV,760410
7986743,81,44,8562,2010,1487.0,0.0,1.828224,0.386383,GBR,CIV,760410
7986744,83,44,8562,2010,5019.0,0.0,-0.835003,-0.633731,GHA,CIV,760410
7986745,90,44,8562,2010,1930.0,0.0,0.200249,1.4640090000000001,GRC,CIV,760410
7986746,111,44,8562,2010,137506.0,0.0,1.272385,0.545721,ITA,CIV,760410
7986747,121,44,8562,2010,12771.0,0.0,1.7118849999999999,0.762362,KOR,CIV,760410
7986748,124,44,8562,2010,242467.0,0.0,0.415854,1.424085,LBN,CIV,760410
7986749,159,44,8562,2010,158036.0,0.0,-1.887084,-1.2280229999999999,NGA,CIV,760410
7986750,188,44,8562,2010,47241.0,0.0,0.46696400000000005,-0.7487520000000001,SAU,CIV,760410
7986751,246,44,8562,2010,19091.0,0.0,0.327326,1.513598,ZAF,CIV,760410
7986752,250,44,8562,2010,113654.0,0.0,0.45129600000000003,-0.223517,ANS,CIV,760410
7986753,7,45,8562,2010,20339.0,0.0,0.29457,-0.196371,ARE,CMR,760410
7986754,18,45,8562,2010,2770.0,0.0,1.2224270000000002,1.1276,BEL,CMR,760410
7986755,43,45,8562,2010,9558.0,0.0,0.922493,2.0176,CHN,CMR,760410
7986756,47,45,8562,2010,0.0,3061.0,-1.536434,-1.175338,COG,CMR,760410
7986757,68,45,8562,2010,495978.0,0.0,-0.181826,1.409465,EGY,CMR,760410
7986758,77,45,8562,2010,256410.0,0.0,1.530027,-0.052557000000000006,FRA,CMR,760410
7986759,81,45,8562,2010,49871.0,0.0,1.828224,0.386383,GBR,CMR,760410
7986760,89,45,8562,2010,0.0,1801.0,-1.077402,-0.86556,GNQ,CMR,760410
7986761,104,45,8562,2010,42023.0,0.0,0.14485599999999998,2.408913,IND,CMR,760410
7986762,111,45,8562,2010,3142.0,0.0,1.272385,0.545721,ITA,CMR,760410
7986763,121,45,8562,2010,8744.0,0.0,1.7118849999999999,0.762362,KOR,CMR,760410
7986764,18,46,8562,2010,20003.0,0.0,1.2224270000000002,1.1276,BEL,COD,760410
7986765,124,46,8562,2010,2645.0,0.0,0.415854,1.424085,LBN,COD,760410
7986766,224,46,8562,2010,38887.0,0.0,0.359977,2.471173,TUR,COD,760410
7986767,246,46,8562,2010,1175.0,0.0,0.327326,1.513598,ZAF,COD,760410
7986768,7,47,8562,2010,12590.0,0.0,0.29457,-0.196371,ARE,COG,760410
7986769,43,47,8562,2010,8381.0,0.0,0.922493,2.0176,CHN,COG,760410
7986770,45,47,8562,2010,3061.0,0.0,-1.114209,-1.0127899999999999,CMR,COG,760410
7986771,77,47,8562,2010,132401.0,0.0,1.530027,-0.052557000000000006,FRA,COG,760410
7986772,81,47,8562,2010,34091.0,0.0,1.828224,0.386383,GBR,COG,760410
7986773,104,47,8562,2010,13271.0,0.0,0.14485599999999998,2.408913,IND,COG,760410
7986774,111,47,8562,2010,64354.0,0.0,1.272385,0.545721,ITA,COG,760410
7986775,121,47,8562,2010,7445.0,0.0,1.7118849999999999,0.762362,KOR,COG,760410
7986776,124,47,8562,2010,628967.0,0.0,0.415854,1.424085,LBN,COG,760410
7986777,134,47,8562,2010,13369.0,0.0,-0.5935229999999999,-0.056497000000000006,MAR,COG,760410
7986778,212,47,8562,2010,47305.0,0.0,-0.46833800000000003,1.11952,SYR,COG,760410
7986779,215,47,8562,2010,2419.0,0.0,-0.943559,-0.884336,TGO,COG,760410
7986780,224,47,8562,2010,1114.0,0.0,0.359977,2.471173,TUR,COG,760410
7986781,43,51,8562,2010,50856.0,0.0,0.922493,2.0176,CHN,CPV,760410
7986782,71,51,8562,2010,279867.0,0.0,0.832619,2.448009,ESP,CPV,760410
7986783,111,51,8562,2010,9826.0,0.0,1.272385,0.545721,ITA,CPV,760410
7986784,179,51,8562,2010,831035.0,0.0,0.551149,2.437209,PRT,CPV,760410
7986785,39,54,8562,2010,2354.0,0.0,0.752421,1.2208510000000001,CAN,CUB,760410
7986786,71,54,8562,2010,570586.0,72043.0,0.832619,2.448009,ESP,CUB,760410
7986787,93,54,8562,2010,0.0,2018.0,-0.39034,0.743521,GTM,CUB,760410
7986788,111,54,8562,2010,1160620.0,472521.0,1.272385,0.545721,ITA,CUB,760410
7986789,18,58,8562,2010,85745.0,0.0,1.2224270000000002,1.1276,BEL,CYP,760410
7986790,41,58,8562,2010,396280.0,0.0,2.1492080000000002,0.556424,CHE,CYP,760410
7986791,43,58,8562,2010,330814.0,0.0,0.922493,2.0176,CHN,CYP,760410
7986792,61,58,8562,2010,17441.0,0.0,2.035672,-3.383322,DEU,CYP,760410
7986793,64,58,8562,2010,3431.0,0.0,1.082468,1.280759,DNK,CYP,760410
7986794,68,58,8562,2010,41968.0,0.0,-0.181826,1.409465,EGY,CYP,760410
7986795,71,58,8562,2010,92509.0,1575.0,0.832619,2.448009,ESP,CYP,760410
7986796,77,58,8562,2010,2104.0,0.0,1.530027,-0.052557000000000006,FRA,CYP,760410
7986797,81,58,8562,2010,75163.0,2258168.0,1.828224,0.386383,GBR,CYP,760410
7986798,90,58,8562,2010,481270.0,1658.0,0.200249,1.4640090000000001,GRC,CYP,760410
7986799,97,58,8562,2010,63599.0,0.0,0.715745,1.9780259999999998,HKG,CYP,760410
7986800,104,58,8562,2010,17904.0,0.0,0.14485599999999998,2.408913,IND,CYP,760410
7986801,110,58,8562,2010,20701.0,0.0,1.215834,0.7028340000000001,ISR,CYP,760410
7986802,111,58,8562,2010,329587.0,0.0,1.272385,0.545721,ITA,CYP,760410
7986803,121,58,8562,2010,29432.0,0.0,1.7118849999999999,0.762362,KOR,CYP,760410
7986804,151,58,8562,2010,0.0,1203.0,-0.173542,0.103727,MUS,CYP,760410
7986805,162,58,8562,2010,33816.0,0.0,1.237998,1.1891209999999999,NLD,CYP,760410
7986806,224,58,8562,2010,412348.0,0.0,0.359977,2.471173,TUR,CYP,760410
7986807,249,58,8562,2010,54977.0,0.0,1.766729,0.909335,TWN,CYP,760410
7986808,18,66,8562,2010,979.0,0.0,1.2224270000000002,1.1276,BEL,DZA,760410
7986809,24,66,8562,2010,15825400.0,0.0,0.284356,-0.8362,BHR,DZA,760410
7986810,43,66,8562,2010,879613.0,0.0,0.922493,2.0176,CHN,DZA,760410
7986811,61,66,8562,2010,1602.0,0.0,2.035672,-3.383322,DEU,DZA,760410
7986812,68,66,8562,2010,89656.0,0.0,-0.181826,1.409465,EGY,DZA,760410
7986813,71,66,8562,2010,3401592.0,0.0,0.832619,2.448009,ESP,DZA,760410
7986814,77,66,8562,2010,1137880.0,68507.0,1.530027,-0.052557000000000006,FRA,DZA,760410
7986815,81,66,8562,2010,8091.0,0.0,1.828224,0.386383,GBR,DZA,760410
7986816,111,66,8562,2010,445180.0,0.0,1.272385,0.545721,ITA,DZA,760410
7986817,124,66,8562,2010,19621.0,0.0,0.415854,1.424085,LBN,DZA,760410
7986818,167,66,8562,2010,206967.0,0.0,-0.487612,-0.9551379999999999,OMN,DZA,760410
7986819,179,66,8562,2010,35337.0,0.0,0.551149,2.437209,PRT,DZA,760410
7986820,207,66,8562,2010,29348.0,0.0,1.595473,0.7023020000000001,SVN,DZA,760410
7986821,223,66,8562,2010,302743.0,52694.0,0.165019,0.8882059999999999,TUN,DZA,760410
7986822,224,66,8562,2010,213913.0,0.0,0.359977,2.471173,TUR,DZA,760410
7986823,7,73,8562,2010,12879.0,0.0,0.29457,-0.196371,ARE,ETH,760410
7986824,43,73,8562,2010,219488.0,0.0,0.922493,2.0176,CHN,ETH,760410
7986825,59,73,8562,2010,0.0,1070.0,1.732044,0.333934,CZE,ETH,760410
7986826,61,73,8562,2010,27096.0,0.0,2.035672,-3.383322,DEU,ETH,760410
7986827,77,73,8562,2010,1124.0,0.0,1.530027,-0.052557000000000006,FRA,ETH,760410
7986828,90,73,8562,2010,1600.0,0.0,0.200249,1.4640090000000001,GRC,ETH,760410
7986829,104,73,8562,2010,307793.0,0.0,0.14485599999999998,2.408913,IND,ETH,760410
7986830,111,73,8562,2010,110141.0,0.0,1.272385,0.545721,ITA,ETH,760410
7986831,116,73,8562,2010,8635.0,0.0,-0.387187,1.010443,KEN,ETH,760410
7986832,162,73,8562,2010,6784.0,0.0,1.237998,1.1891209999999999,NLD,ETH,760410
7986833,223,73,8562,2010,74353.0,0.0,0.165019,0.8882059999999999,TUN,ETH,760410
7986834,224,73,8562,2010,5076.0,0.0,0.359977,2.471173,TUR,ETH,760410
7986835,231,73,8562,2010,7306.0,0.0,1.67573,-0.598165,USA,ETH,760410
7986836,249,73,8562,2010,441.0,0.0,1.766729,0.909335,TWN,ETH,760410
7986837,15,80,8562,2010,2190.0,0.0,1.724315,-0.29379099999999997,AUT,GAB,760410
7986838,77,80,8562,2010,62301.0,0.0,1.530027,-0.052557000000000006,FRA,GAB,760410
7986839,90,80,8562,2010,3280.0,0.0,0.200249,1.4640090000000001,GRC,GAB,760410
7986840,18,83,8562,2010,67022.0,0.0,1.2224270000000002,1.1276,BEL,GHA,760410
7986841,43,83,8562,2010,370320.0,0.0,0.922493,2.0176,CHN,GHA,760410
7986842,44,83,8562,2010,0.0,5019.0,-1.256641,-0.946767,CIV,GHA,760410
7986843,68,83,8562,2010,46541.0,0.0,-0.181826,1.409465,EGY,GHA,760410
7986844,71,83,8562,2010,26943.0,0.0,0.832619,2.448009,ESP,GHA,760410
7986845,81,83,8562,2010,2884.0,0.0,1.828224,0.386383,GBR,GHA,760410
7986846,110,83,8562,2010,4311.0,0.0,1.215834,0.7028340000000001,ISR,GHA,760410
7986847,111,83,8562,2010,334671.0,0.0,1.272385,0.545721,ITA,GHA,760410
7986848,159,83,8562,2010,10083.0,0.0,-1.887084,-1.2280229999999999,NGA,GHA,760410
7986849,208,83,8562,2010,1147.0,0.0,1.882239,0.397927,SWE,GHA,760410
7986850,215,83,8562,2010,0.0,703.0,-0.943559,-0.884336,TGO,GHA,760410
7986851,224,83,8562,2010,2529.0,0.0,0.359977,2.471173,TUR,GHA,760410
7986852,239,83,8562,2010,29479.0,0.0,-0.24660500000000002,1.427235,VNM,GHA,760410
7986853,246,83,8562,2010,4262.0,0.0,0.327326,1.513598,ZAF,GHA,760410
7986854,71,84,8562,2010,19621.0,0.0,0.832619,2.448009,ESP,GIB,760410
7986855,43,89,8562,2010,30695.0,0.0,0.922493,2.0176,CHN,GNQ,760410
7986856,45,89,8562,2010,1801.0,0.0,-1.114209,-1.0127899999999999,CMR,GNQ,760410
7986857,71,89,8562,2010,28093.0,0.0,0.832619,2.448009,ESP,GNQ,760410
7986858,77,89,8562,2010,6628.0,0.0,1.530027,-0.052557000000000006,FRA,GNQ,760410
7986859,124,89,8562,2010,99872.0,0.0,0.415854,1.424085,LBN,GNQ,760410
7986860,201,89,8562,2010,6995.0,0.0,0.561161,1.33974,SRB,GNQ,760410
7986861,61,92,8562,2010,576.0,0.0,2.035672,-3.383322,DEU,GRL,760410
7986862,64,92,8562,2010,12899.0,0.0,1.082468,1.280759,DNK,GRL,760410
7986863,15,109,8562,2010,848661.0,0.0,1.724315,-0.29379099999999997,AUT,ISL,760410
7986864,18,109,8562,2010,2702.0,0.0,1.2224270000000002,1.1276,BEL,ISL,760410
7986865,39,109,8562,2010,1401715.0,0.0,0.752421,1.2208510000000001,CAN,ISL,760410
7986866,43,109,8562,2010,83851.0,0.0,0.922493,2.0176,CHN,ISL,760410
7986867,61,109,8562,2010,4108.0,0.0,2.035672,-3.383322,DEU,ISL,760410
7986868,64,109,8562,2010,19320.0,0.0,1.082468,1.280759,DNK,ISL,760410
7986869,71,109,8562,2010,7434.0,0.0,0.832619,2.448009,ESP,ISL,760410
7986870,77,109,8562,2010,844.0,0.0,1.530027,-0.052557000000000006,FRA,ISL,760410
7986871,81,109,8562,2010,12081.0,0.0,1.828224,0.386383,GBR,ISL,760410
7986872,110,109,8562,2010,775.0,0.0,1.215834,0.7028340000000001,ISR,ISL,760410
7986873,121,109,8562,2010,2820.0,0.0,1.7118849999999999,0.762362,KOR,ISL,760410
7986874,162,109,8562,2010,13539.0,0.0,1.237998,1.1891209999999999,NLD,ISL,760410
7986875,163,109,8562,2010,12019.0,4231.0,0.865676,0.138757,NOR,ISL,760410
7986876,208,109,8562,2010,61145.0,0.0,1.882239,0.397927,SWE,ISL,760410
7986877,224,109,8562,2010,32107.0,0.0,0.359977,2.471173,TUR,ISL,760410
7986878,231,109,8562,2010,33938.0,0.0,1.67573,-0.598165,USA,ISL,760410
7986879,24,125,8562,2010,562979.0,0.0,0.284356,-0.8362,BHR,LBR,760410
7986880,124,125,8562,2010,33940.0,0.0,0.415854,1.424085,LBN,LBR,760410
7986881,134,125,8562,2010,11491.0,0.0,-0.5935229999999999,-0.056497000000000006,MAR,LBR,760410
7986882,24,126,8562,2010,12361657.0,0.0,0.284356,-0.8362,BHR,LBY,760410
7986883,43,126,8562,2010,200560.0,0.0,0.922493,2.0176,CHN,LBY,760410
7986884,68,126,8562,2010,692876.0,0.0,-0.181826,1.409465,EGY,LBY,760410
7986885,71,126,8562,2010,50259.0,0.0,0.832619,2.448009,ESP,LBY,760410
7986886,81,126,8562,2010,17407.0,0.0,1.828224,0.386383,GBR,LBY,760410
7986887,90,126,8562,2010,168916.0,0.0,0.200249,1.4640090000000001,GRC,LBY,760410
7986888,111,126,8562,2010,599447.0,0.0,1.272385,0.545721,ITA,LBY,760410
7986889,113,126,8562,2010,37965.0,0.0,0.251702,0.522758,JOR,LBY,760410
7986890,142,126,8562,2010,455.0,0.0,1.211797,-0.024923,MLT,LBY,760410
7986891,163,126,8562,2010,1923.0,0.0,0.865676,0.138757,NOR,LBY,760410
7986892,188,126,8562,2010,45953.0,0.0,0.46696400000000005,-0.7487520000000001,SAU,LBY,760410
7986893,212,126,8562,2010,25531.0,0.0,-0.46833800000000003,1.11952,SYR,LBY,760410
7986894,223,126,8562,2010,1243314.0,0.0,0.165019,0.8882059999999999,TUN,LBY,760410
7986895,224,126,8562,2010,825600.0,0.0,0.359977,2.471173,TUR,LBY,760410
7986896,231,126,8562,2010,1129.0,0.0,1.67573,-0.598165,USA,LBY,760410
7986897,43,133,8562,2010,1546.0,0.0,0.922493,2.0176,CHN,MAC,760410
7986898,81,133,8562,2010,2231.0,0.0,1.828224,0.386383,GBR,MAC,760410
7986899,97,133,8562,2010,5242.0,0.0,0.715745,1.9780259999999998,HKG,MAC,760410
7986900,231,133,8562,2010,39890.0,0.0,1.67573,-0.598165,USA,MAC,760410
7986901,249,133,8562,2010,5270.0,0.0,1.766729,0.909335,TWN,MAC,760410
7986902,43,141,8562,2010,82060.0,0.0,0.922493,2.0176,CHN,MLI,760410
7986903,61,141,8562,2010,4104.0,0.0,2.035672,-3.383322,DEU,MLI,760410
7986904,68,141,8562,2010,58801.0,0.0,-0.181826,1.409465,EGY,MLI,760410
7986905,71,141,8562,2010,20692.0,0.0,0.832619,2.448009,ESP,MLI,760410
7986906,77,141,8562,2010,904.0,0.0,1.530027,-0.052557000000000006,FRA,MLI,760410
7986907,124,141,8562,2010,25390.0,0.0,0.415854,1.424085,LBN,MLI,760410
7986908,223,141,8562,2010,2239.0,0.0,0.165019,0.8882059999999999,TUN,MLI,760410
7986909,231,141,8562,2010,29801.0,0.0,1.67573,-0.598165,USA,MLI,760410
7986910,246,141,8562,2010,21806.0,0.0,0.327326,1.513598,ZAF,MLI,760410
7986911,4,144,8562,2010,1063008.0,0.0,-0.5316,-0.219561,ALB,MNE,760410
7986912,15,144,8562,2010,26625.0,0.0,1.724315,-0.29379099999999997,AUT,MNE,760410
7986913,26,144,8562,2010,1067491.0,0.0,0.462275,0.830405,BIH,MNE,760410
7986914,43,144,8562,2010,6873.0,0.0,0.922493,2.0176,CHN,MNE,760410
7986915,61,144,8562,2010,24731.0,0.0,2.035672,-3.383322,DEU,MNE,760410
7986916,90,144,8562,2010,804093.0,0.0,0.200249,1.4640090000000001,GRC,MNE,760410
7986917,100,144,8562,2010,1236.0,0.0,0.8276979999999999,0.97415,HRV,MNE,760410
7986918,102,144,8562,2010,1881.0,0.0,1.514225,0.740341,HUN,MNE,760410
7986919,111,144,8562,2010,277704.0,0.0,1.272385,0.545721,ITA,MNE,760410
7986920,162,144,8562,2010,3431.0,0.0,1.237998,1.1891209999999999,NLD,MNE,760410
7986921,201,144,8562,2010,162172.0,5873.0,0.561161,1.33974,SRB,MNE,760410
7986922,207,144,8562,2010,6251.0,0.0,1.595473,0.7023020000000001,SVN,MNE,760410
7986923,216,144,8562,2010,8510.0,0.0,0.748328,1.425224,THA,MNE,760410
7986924,224,144,8562,2010,45053.0,0.0,0.359977,2.471173,TUR,MNE,760410
7986925,250,144,8562,2010,26402.0,0.0,0.45129600000000003,-0.223517,ANS,MNE,760410
7986926,24,148,8562,2010,229787.0,0.0,0.284356,-0.8362,BHR,MRT,760410
7986927,71,148,8562,2010,18783.0,0.0,0.832619,2.448009,ESP,MRT,760410
7986928,97,148,8562,2010,6244.0,0.0,0.715745,1.9780259999999998,HKG,MRT,760410
7986929,191,148,8562,2010,1193.0,0.0,-0.45445,-0.148149,SEN,MRT,760410
7986930,14,151,8562,2010,1080.0,0.0,-0.276442,0.062023,AUS,MUS,760410
7986931,24,151,8562,2010,167022.0,0.0,0.284356,-0.8362,BHR,MUS,760410
7986932,43,151,8562,2010,26469.0,0.0,0.922493,2.0176,CHN,MUS,760410
7986933,58,151,8562,2010,1203.0,0.0,0.8776450000000001,0.568389,CYP,MUS,760410
7986934,61,151,8562,2010,10107.0,0.0,2.035672,-3.383322,DEU,MUS,760410
7986935,71,151,8562,2010,14728.0,0.0,0.832619,2.448009,ESP,MUS,760410
7986936,77,151,8562,2010,690721.0,2470.0,1.530027,-0.052557000000000006,FRA,MUS,760410
7986937,81,151,8562,2010,3495.0,0.0,1.828224,0.386383,GBR,MUS,760410
7986938,111,151,8562,2010,21792.0,0.0,1.272385,0.545721,ITA,MUS,760410
7986939,114,151,8562,2010,1915.0,0.0,2.459723,-0.279387,JPN,MUS,760410
7986940,136,151,8562,2010,0.0,15250.0,-0.8737799999999999,-0.043717,MDG,MUS,760410
7986941,154,151,8562,2010,0.0,15926.0,1.371744,-0.072045,MYT,MUS,760410
7986942,162,151,8562,2010,2072.0,0.0,1.237998,1.1891209999999999,NLD,MUS,760410
7986943,216,151,8562,2010,5897.0,0.0,0.748328,1.425224,THA,MUS,760410
7986944,224,151,8562,2010,10677.0,0.0,0.359977,2.471173,TUR,MUS,760410
7986945,246,151,8562,2010,30782.0,0.0,0.327326,1.513598,ZAF,MUS,760410
7986946,249,151,8562,2010,1189.0,0.0,1.766729,0.909335,TWN,MUS,760410
7986947,2,155,8562,2010,0.0,4890.0,-1.3711010000000001,-1.170608,AGO,NAM,760410
7986948,7,155,8562,2010,1396.0,0.0,0.29457,-0.196371,ARE,NAM,760410
7986949,39,155,8562,2010,0.0,23760.0,0.752421,1.2208510000000001,CAN,NAM,760410
7986950,43,155,8562,2010,120902.0,0.0,0.922493,2.0176,CHN,NAM,760410
7986951,61,155,8562,2010,5256.0,0.0,2.035672,-3.383322,DEU,NAM,760410
7986952,179,155,8562,2010,942.0,0.0,0.551149,2.437209,PRT,NAM,760410
7986953,246,155,8562,2010,146488.0,4629.0,0.327326,1.513598,ZAF,NAM,760410
7986954,14,156,8562,2010,3197.0,0.0,-0.276442,0.062023,AUS,NCL,760410
7986955,61,156,8562,2010,2541.0,0.0,2.035672,-3.383322,DEU,NCL,760410
7986956,71,156,8562,2010,125680.0,0.0,0.832619,2.448009,ESP,NCL,760410
7986957,77,156,8562,2010,347939.0,0.0,1.530027,-0.052557000000000006,FRA,NCL,760410
7986958,111,156,8562,2010,1103121.0,0.0,1.272385,0.545721,ITA,NCL,760410
7986959,166,156,8562,2010,49200.0,0.0,0.36828299999999997,0.574574,NZL,NCL,760410
7986960,124,157,8562,2010,4090.0,0.0,0.415854,1.424085,LBN,NER,760410
7986961,223,157,8562,2010,25069.0,0.0,0.165019,0.8882059999999999,TUN,NER,760410
7986962,224,157,8562,2010,3292.0,0.0,0.359977,2.471173,TUR,NER,760410
7986963,14,176,8562,2010,18536.0,0.0,-0.276442,0.062023,AUS,PNG,760410
7986964,166,176,8562,2010,142910.0,0.0,0.36828299999999997,0.574574,NZL,PNG,760410
7986965,43,178,8562,2010,14412.0,0.0,0.922493,2.0176,CHN,PRK,760410
7986966,128,178,8562,2010,0.0,8164.0,-0.70886,0.25216700000000003,LKA,PRK,760410
7986967,43,191,8562,2010,16314.0,0.0,0.922493,2.0176,CHN,SEN,760410
7986968,68,191,8562,2010,151409.0,0.0,-0.181826,1.409465,EGY,SEN,760410
7986969,71,191,8562,2010,5938.0,0.0,0.832619,2.448009,ESP,SEN,760410
7986970,77,191,8562,2010,129766.0,0.0,1.530027,-0.052557000000000006,FRA,SEN,760410
7986971,111,191,8562,2010,199357.0,0.0,1.272385,0.545721,ITA,SEN,760410
7986972,124,191,8562,2010,161996.0,0.0,0.415854,1.424085,LBN,SEN,760410
7986973,148,191,8562,2010,0.0,1193.0,-2.099882,-1.303977,MRT,SEN,760410
7986974,179,191,8562,2010,2152.0,0.0,0.551149,2.437209,PRT,SEN,760410
7986975,224,191,8562,2010,1540.0,0.0,0.359977,2.471173,TUR,SEN,760410
7986976,24,193,8562,2010,0.0,457770.0,0.284356,-0.8362,BHR,SGS,760410
7986977,77,196,8562,2010,0.0,6848.0,1.530027,-0.052557000000000006,FRA,SLE,760410
7986978,81,196,8562,2010,4278.0,0.0,1.828224,0.386383,GBR,SLE,760410
7986979,111,196,8562,2010,30626.0,0.0,1.272385,0.545721,ITA,SLE,760410
7986980,124,196,8562,2010,4473.0,0.0,0.415854,1.424085,LBN,SLE,760410
7986981,246,209,8562,2010,714428.0,2592.0,0.327326,1.513598,ZAF,SWZ,760410
7986982,7,211,8562,2010,21561.0,0.0,0.29457,-0.196371,ARE,SYC,760410
7986983,43,211,8562,2010,7573.0,0.0,0.922493,2.0176,CHN,SYC,760410
7986984,77,211,8562,2010,10437.0,0.0,1.530027,-0.052557000000000006,FRA,SYC,760410
7986985,81,211,8562,2010,2938.0,0.0,1.828224,0.386383,GBR,SYC,760410
7986986,97,211,8562,2010,5148.0,0.0,0.715745,1.9780259999999998,HKG,SYC,760410
7986987,111,211,8562,2010,5896.0,0.0,1.272385,0.545721,ITA,SYC,760410
7986988,124,211,8562,2010,885.0,0.0,0.415854,1.424085,LBN,SYC,760410
7986989,192,211,8562,2010,3477.0,0.0,1.8441349999999999,0.570311,SGP,SYC,760410
7986990,246,211,8562,2010,1736.0,0.0,0.327326,1.513598,ZAF,SYC,760410
7986991,18,215,8562,2010,6575.0,0.0,1.2224270000000002,1.1276,BEL,TGO,760410
7986992,19,215,8562,2010,0.0,2620.0,-1.0660120000000002,-0.9961190000000001,BEN,TGO,760410
7986993,43,215,8562,2010,6180.0,0.0,0.922493,2.0176,CHN,TGO,760410
7986994,47,215,8562,2010,0.0,2419.0,-1.536434,-1.175338,COG,TGO,760410
7986995,83,215,8562,2010,703.0,0.0,-0.835003,-0.633731,GHA,TGO,760410
7986996,97,215,8562,2010,8077.0,0.0,0.715745,1.9780259999999998,HKG,TGO,760410
7986997,124,215,8562,2010,3856.0,0.0,0.415854,1.424085,LBN,TGO,760410
7986998,43,220,8562,2010,6087.0,0.0,0.922493,2.0176,CHN,TLS,760410
7986999,103,220,8562,2010,2560.0,0.0,-0.30878099999999997,1.07069,IDN,TLS,760410
7987000,7,226,8562,2010,20213.0,0.0,0.29457,-0.196371,ARE,TZA,760410
7987001,24,226,8562,2010,1509146.0,0.0,0.284356,-0.8362,BHR,TZA,760410
7987002,43,226,8562,2010,320576.0,0.0,0.922493,2.0176,CHN,TZA,760410
7987003,69,226,8562,2010,2159.0,0.0,-0.288006,-0.614999,ERI,TZA,760410
7987004,111,226,8562,2010,91371.0,0.0,1.272385,0.545721,ITA,TZA,760410
7987005,116,226,8562,2010,213555.0,0.0,-0.387187,1.010443,KEN,TZA,760410
7987006,121,226,8562,2010,9435.0,0.0,1.7118849999999999,0.762362,KOR,TZA,760410
7987007,124,226,8562,2010,103418.0,0.0,0.415854,1.424085,LBN,TZA,760410
7987008,162,226,8562,2010,13194.0,0.0,1.237998,1.1891209999999999,NLD,TZA,760410
7987009,163,226,8562,2010,4554.0,0.0,0.865676,0.138757,NOR,TZA,760410
7987010,168,226,8562,2010,4865.0,0.0,-0.692071,0.5409010000000001,PAK,TZA,760410
7987011,224,226,8562,2010,78051.0,0.0,0.359977,2.471173,TUR,TZA,760410
7987012,246,226,8562,2010,19241.0,0.0,0.327326,1.513598,ZAF,TZA,760410
7987013,247,226,8562,2010,0.0,956.0,-0.650686,-0.830332,ZMB,TZA,760410
7987014,7,227,8562,2010,147947.0,0.0,0.29457,-0.196371,ARE,UGA,760410
7987015,24,227,8562,2010,202527.0,0.0,0.284356,-0.8362,BHR,UGA,760410
7987016,41,227,8562,2010,1447.0,0.0,2.1492080000000002,0.556424,CHE,UGA,760410
7987017,43,227,8562,2010,881478.0,0.0,0.922493,2.0176,CHN,UGA,760410
7987018,61,227,8562,2010,39005.0,0.0,2.035672,-3.383322,DEU,UGA,760410
7987019,81,227,8562,2010,71789.0,0.0,1.828224,0.386383,GBR,UGA,760410
7987020,104,227,8562,2010,3487.0,0.0,0.14485599999999998,2.408913,IND,UGA,760410
7987021,111,227,8562,2010,4918.0,0.0,1.272385,0.545721,ITA,UGA,760410
7987022,116,227,8562,2010,2543465.0,5826.0,-0.387187,1.010443,KEN,UGA,760410
7987023,121,227,8562,2010,10705.0,0.0,1.7118849999999999,0.762362,KOR,UGA,760410
7987024,187,227,8562,2010,0.0,23833.0,-0.6033350000000001,-0.524881,RWA,UGA,760410
7987025,188,227,8562,2010,36714.0,0.0,0.46696400000000005,-0.7487520000000001,SAU,UGA,760410
7987026,222,234,8562,2010,8018.0,0.0,-0.338123,-1.070239,TTO,VCT,760410
7987027,231,234,8562,2010,104164.0,0.0,1.67573,-0.598165,USA,VCT,760410
7987028,7,247,8562,2010,8454.0,0.0,0.29457,-0.196371,ARE,ZMB,760410
7987029,104,247,8562,2010,25101.0,0.0,0.14485599999999998,2.408913,IND,ZMB,760410
7987030,116,247,8562,2010,2876.0,0.0,-0.387187,1.010443,KEN,ZMB,760410
7987031,121,247,8562,2010,3758.0,0.0,1.7118849999999999,0.762362,KOR,ZMB,760410
7987032,124,247,8562,2010,119151.0,0.0,0.415854,1.424085,LBN,ZMB,760410
7987033,162,247,8562,2010,2454.0,0.0,1.237998,1.1891209999999999,NLD,ZMB,760410
7987034,226,247,8562,2010,956.0,0.0,-0.7327,0.427616,TZA,ZMB,760410
7987035,246,247,8562,2010,709551.0,43178.0,0.327326,1.513598,ZAF,ZMB,760410
7987036,43,63,8562,2010,52792.0,0.0,0.922493,2.0176,CHN,DMA,760410
7987037,216,63,8562,2010,14791.0,0.0,0.748328,1.425224,THA,DMA,760410
7987038,231,120,8562,2010,11736.0,0.0,1.67573,-0.598165,USA,KNA,760410
7987039,23,9,8562,2010,19830.0,0.0,0.44973,1.445441,BGR,ARM,760410
7987040,59,9,8562,2010,12245.0,0.0,1.732044,0.333934,CZE,ARM,760410
7987041,71,9,8562,2010,9731.0,0.0,0.832619,2.448009,ESP,ARM,760410
7987042,82,9,8562,2010,0.0,3913.0,-0.21301399999999998,-0.48355299999999996,GEO,ARM,760410
7987043,186,9,8562,2010,128525.0,0.0,0.583996,-0.223881,RUS,ARM,760410
7987044,222,57,8562,2010,4773.0,0.0,-0.338123,-1.070239,TTO,CYM,760410
7987045,231,57,8562,2010,13680.0,0.0,1.67573,-0.598165,USA,CYM,760410
7987046,43,143,8562,2010,54086.0,0.0,0.922493,2.0176,CHN,MMR,760410
7987047,153,143,8562,2010,3288402.0,0.0,0.9530780000000001,0.607456,MYS,MMR,760410
7987048,192,143,8562,2010,1038.0,0.0,1.8441349999999999,0.570311,SGP,MMR,760410
7987049,216,143,8562,2010,1093925.0,0.0,0.748328,1.425224,THA,MMR,760410
7987050,249,143,8562,2010,2308.0,0.0,1.766729,0.909335,TWN,MMR,760410
7987051,41,198,8562,2010,0.0,57142.0,2.1492080000000002,0.556424,CHE,SMR,760410
7987052,61,198,8562,2010,22607.0,0.0,2.035672,-3.383322,DEU,SMR,760410
7987053,179,198,8562,2010,71637.0,0.0,0.551149,2.437209,PRT,SMR,760410
7987054,207,198,8562,2010,0.0,1821902.0,1.595473,0.7023020000000001,SVN,SMR,760410
7987055,7,50,8562,2010,6557.0,0.0,0.29457,-0.196371,ARE,COM,760410
7987056,19,21,8562,2010,1383.0,0.0,-1.0660120000000002,-0.9961190000000001,BEN,BFA,760410
7987057,61,21,8562,2010,44327.0,0.0,2.035672,-3.383322,DEU,BFA,760410
7987058,71,21,8562,2010,46905.0,0.0,0.832619,2.448009,ESP,BFA,760410
7987059,77,21,8562,2010,13981.0,0.0,1.530027,-0.052557000000000006,FRA,BFA,760410
7987060,124,21,8562,2010,275494.0,0.0,0.415854,1.424085,LBN,BFA,760410
7987061,188,21,8562,2010,3493.0,0.0,0.46696400000000005,-0.7487520000000001,SAU,BFA,760410
7987062,223,21,8562,2010,48606.0,0.0,0.165019,0.8882059999999999,TUN,BFA,760410
7987063,71,29,8562,2010,80520.0,0.0,0.832619,2.448009,ESP,BLZ,760410
7987064,138,29,8562,2010,347614.0,0.0,1.132664,0.675756,MEX,BLZ,760410
7987065,231,29,8562,2010,9809.0,0.0,1.67573,-0.598165,USA,BLZ,760410
7987066,39,30,8562,2010,2597.0,0.0,0.752421,1.2208510000000001,CAN,BMU,760410
7987067,231,30,8562,2010,41536.0,0.0,1.67573,-0.598165,USA,BMU,760410
7987068,43,87,8562,2010,15644.0,0.0,0.922493,2.0176,CHN,GMB,760410
7987069,111,87,8562,2010,170632.0,0.0,1.272385,0.545721,ITA,GMB,760410
7987070,124,87,8562,2010,26437.0,0.0,0.415854,1.424085,LBN,GMB,760410
7987071,97,127,8562,2010,81557.0,0.0,0.715745,1.9780259999999998,HKG,LCA,760410
7987072,169,127,8562,2010,2845.0,0.0,0.617867,0.903432,PAN,LCA,760410
7987073,222,127,8562,2010,88753.0,0.0,-0.338123,-1.070239,TTO,LCA,760410
7987074,231,127,8562,2010,3230.0,0.0,1.67573,-0.598165,USA,LCA,760410
7987075,39,160,8562,2010,2683.0,0.0,0.752421,1.2208510000000001,CAN,NIC,760410
7987076,43,160,8562,2010,58085.0,0.0,0.922493,2.0176,CHN,NIC,760410
7987077,52,160,8562,2010,21409.0,0.0,-0.122722,-0.7062069999999999,CRI,NIC,760410
7987078,61,160,8562,2010,5166.0,0.0,2.035672,-3.383322,DEU,NIC,760410
7987079,169,160,8562,2010,4185.0,0.0,0.617867,0.903432,PAN,NIC,760410
7987080,197,160,8562,2010,27303.0,0.0,-0.101434,0.132639,SLV,NIC,760410
7987081,231,160,8562,2010,57274.0,0.0,1.67573,-0.598165,USA,NIC,760410
7987082,43,164,8562,2010,202753.0,0.0,0.922493,2.0176,CHN,NPL,760410
7987083,77,164,8562,2010,13143.0,0.0,1.530027,-0.052557000000000006,FRA,NPL,760410
7987084,104,164,8562,2010,117722.0,2560330.0,0.14485599999999998,2.408913,IND,NPL,760410
7987085,7,187,8562,2010,13395.0,0.0,0.29457,-0.196371,ARE,RWA,760410
7987086,18,187,8562,2010,4871.0,0.0,1.2224270000000002,1.1276,BEL,RWA,760410
7987087,43,187,8562,2010,19897.0,0.0,0.922493,2.0176,CHN,RWA,760410
7987088,116,187,8562,2010,53596.0,0.0,-0.387187,1.010443,KEN,RWA,760410
7987089,121,187,8562,2010,4345.0,0.0,1.7118849999999999,0.762362,KOR,RWA,760410
7987090,227,187,8562,2010,23833.0,0.0,-0.48061400000000004,0.187001,UGA,RWA,760410
7987091,61,5,8562,2010,1742.0,0.0,2.035672,-3.383322,DEU,AND,760410
7987092,71,5,8562,2010,711490.0,1308.0,0.832619,2.448009,ESP,AND,760410
7987093,77,5,8562,2010,7823.0,1089.0,1.530027,-0.052557000000000006,FRA,AND,760410
7987094,111,5,8562,2010,2603.0,0.0,1.272385,0.545721,ITA,AND,760410
7987095,43,34,8562,2010,131003.0,0.0,0.922493,2.0176,CHN,BRN,760410
7987096,77,34,8562,2010,151235.0,0.0,1.530027,-0.052557000000000006,FRA,BRN,760410
7987097,153,34,8562,2010,14441.0,2222.0,0.9530780000000001,0.607456,MYS,BRN,760410
7987098,192,34,8562,2010,445853.0,2862.0,1.8441349999999999,0.570311,SGP,BRN,760410
7987099,216,34,8562,2010,2425.0,43417.0,0.748328,1.425224,THA,BRN,760410
7987100,231,34,8562,2010,3471.0,0.0,1.67573,-0.598165,USA,BRN,760410
7987101,249,34,8562,2010,845.0,0.0,1.766729,0.909335,TWN,BRN,760410
7987102,104,35,8562,2010,3114.0,0.0,0.14485599999999998,2.408913,IND,BTN,760410
7987103,124,38,8562,2010,84086.0,0.0,0.415854,1.424085,LBN,CAF,760410
7987104,61,62,8562,2010,16990.0,0.0,2.035672,-3.383322,DEU,DJI,760410
7987105,224,62,8562,2010,1302.0,0.0,0.359977,2.471173,TUR,DJI,760410
7987106,61,69,8562,2010,47450.0,0.0,2.035672,-3.383322,DEU,ERI,760410
7987107,68,69,8562,2010,63164.0,0.0,-0.181826,1.409465,EGY,ERI,760410
7987108,77,69,8562,2010,1326.0,0.0,1.530027,-0.052557000000000006,FRA,ERI,760410
7987109,226,69,8562,2010,0.0,2159.0,-0.7327,0.427616,TZA,ERI,760410
7987110,14,75,8562,2010,17220.0,0.0,-0.276442,0.062023,AUS,FJI,760410
7987111,114,75,8562,2010,4450.0,0.0,2.459723,-0.279387,JPN,FJI,760410
7987112,153,75,8562,2010,215038.0,0.0,0.9530780000000001,0.607456,MYS,FJI,760410
7987113,166,75,8562,2010,57680.0,0.0,0.36828299999999997,0.574574,NZL,FJI,760410
7987114,231,75,8562,2010,6421.0,0.0,1.67573,-0.598165,USA,FJI,760410
7987115,240,75,8562,2010,0.0,22389.0,-0.8922190000000001,-0.87134,VUT,FJI,760410
7987116,246,129,8562,2010,24200.0,0.0,0.327326,1.513598,ZAF,LSO,760410
7987117,43,136,8562,2010,2407.0,0.0,0.922493,2.0176,CHN,MDG,760410
7987118,71,136,8562,2010,5825.0,0.0,0.832619,2.448009,ESP,MDG,760410
7987119,77,136,8562,2010,41518.0,0.0,1.530027,-0.052557000000000006,FRA,MDG,760410
7987120,90,136,8562,2010,56488.0,0.0,0.200249,1.4640090000000001,GRC,MDG,760410
7987121,151,136,8562,2010,15250.0,0.0,-0.173542,0.103727,MUS,MDG,760410
7987122,192,136,8562,2010,993.0,0.0,1.8441349999999999,0.570311,SGP,MDG,760410
7987123,7,137,8562,2010,351.0,0.0,0.29457,-0.196371,ARE,MDV,760410
7987124,39,137,8562,2010,941.0,0.0,0.752421,1.2208510000000001,CAN,MDV,760410
7987125,43,137,8562,2010,21590.0,0.0,0.922493,2.0176,CHN,MDV,760410
7987126,61,137,8562,2010,1327.0,0.0,2.035672,-3.383322,DEU,MDV,760410
7987127,104,137,8562,2010,5357.0,0.0,0.14485599999999998,2.408913,IND,MDV,760410
7987128,128,137,8562,2010,9644.0,0.0,-0.70886,0.25216700000000003,LKA,MDV,760410
7987129,153,137,8562,2010,1691.0,0.0,0.9530780000000001,0.607456,MYS,MDV,760410
7987130,192,137,8562,2010,7168.0,0.0,1.8441349999999999,0.570311,SGP,MDV,760410
7987131,216,137,8562,2010,23693.0,0.0,0.748328,1.425224,THA,MDV,760410
7987132,224,137,8562,2010,1468.0,0.0,0.359977,2.471173,TUR,MDV,760410
7987133,231,137,8562,2010,2613.0,0.0,1.67573,-0.598165,USA,MDV,760410
7987134,24,152,8562,2010,39557.0,0.0,0.284356,-0.8362,BHR,MWI,760410
7987135,43,152,8562,2010,32807.0,0.0,0.922493,2.0176,CHN,MWI,760410
7987136,104,152,8562,2010,42913.0,0.0,0.14485599999999998,2.408913,IND,MWI,760410
7987137,116,152,8562,2010,159703.0,0.0,-0.387187,1.010443,KEN,MWI,760410
7987138,246,152,8562,2010,102862.0,0.0,0.327326,1.513598,ZAF,MWI,760410
7987139,43,181,8562,2010,123843.0,0.0,0.922493,2.0176,CHN,PSE,760410
7987140,68,181,8562,2010,235880.0,0.0,-0.181826,1.409465,EGY,PSE,760410
7987141,110,181,8562,2010,9673.0,706745.0,1.215834,0.7028340000000001,ISR,PSE,760410
7987142,111,181,8562,2010,3404.0,0.0,1.272385,0.545721,ITA,PSE,760410
7987143,113,181,8562,2010,3874126.0,5845.0,0.251702,0.522758,JOR,PSE,760410
7987144,14,240,8562,2010,23216.0,0.0,-0.276442,0.062023,AUS,VUT,760410
7987145,75,240,8562,2010,22389.0,0.0,-0.603112,-0.29135500000000003,FJI,VUT,760410
7987146,166,240,8562,2010,32300.0,0.0,0.36828299999999997,0.574574,NZL,VUT,760410
7987147,24,85,8562,2010,562979.0,0.0,0.284356,-0.8362,BHR,GIN,760410
7987148,124,85,8562,2010,37468.0,0.0,0.415854,1.424085,LBN,GIN,760410
7987149,124,88,8562,2010,86424.0,0.0,0.415854,1.424085,LBN,GNB,760410
7987150,179,88,8562,2010,135424.0,0.0,0.551149,2.437209,PRT,GNB,760410
7987151,231,91,8562,2010,4952.0,0.0,1.67573,-0.598165,USA,GRD,760410
7987152,65,101,8562,2010,10490.0,0.0,-0.245241,0.368626,DOM,HTI,760410
7987153,71,101,8562,2010,25621.0,0.0,0.832619,2.448009,ESP,HTI,760410
7987154,77,101,8562,2010,87487.0,0.0,1.530027,-0.052557000000000006,FRA,HTI,760410
7987155,231,101,8562,2010,166986.0,0.0,1.67573,-0.598165,USA,HTI,760410
7987156,43,145,8562,2010,40882.0,0.0,0.922493,2.0176,CHN,MNG,760410
7987157,14,182,8562,2010,3835.0,0.0,-0.276442,0.062023,AUS,PYF,760410
7987158,43,182,8562,2010,90973.0,0.0,0.922493,2.0176,CHN,PYF,760410
7987159,77,182,8562,2010,288587.0,0.0,1.530027,-0.052557000000000006,FRA,PYF,760410
7987160,111,182,8562,2010,27490.0,0.0,1.272385,0.545721,ITA,PYF,760410
7987161,166,182,8562,2010,763902.0,0.0,0.36828299999999997,0.574574,NZL,PYF,760410
7987162,231,182,8562,2010,1258.0,0.0,1.67573,-0.598165,USA,PYF,760410
7987163,61,237,8562,2010,2716.0,0.0,2.035672,-3.383322,DEU,VGB,760410
7987164,231,237,8562,2010,4769.0,0.0,1.67573,-0.598165,USA,VGB,760410
7987165,43,123,8562,2010,10844.0,0.0,0.922493,2.0176,CHN,LAO,760410
7987166,216,123,8562,2010,35080.0,0.0,0.748328,1.425224,THA,LAO,760410
7987167,231,123,8562,2010,2284.0,0.0,1.67573,-0.598165,USA,LAO,760410
7987168,239,123,8562,2010,10219.0,0.0,-0.24660500000000002,1.427235,VNM,LAO,760410
7987169,166,221,8562,2010,9347.0,0.0,0.36828299999999997,0.574574,NZL,TON,760410
7987170,166,242,8562,2010,35480.0,0.0,0.36828299999999997,0.574574,NZL,WSM,760410
7987171,166,48,8562,2010,97240.0,0.0,0.36828299999999997,0.574574,NZL,COK,760410
7987172,249,95,8562,2010,29107.0,0.0,1.766729,0.909335,TWN,GUM,760410
7987173,14,158,8562,2010,2864.0,0.0,-0.276442,0.062023,AUS,NFK,760410
7987174,177,12,8562,2010,19475.0,0.0,1.083552,1.1433719999999998,POL,ATF,760410
7987175,64,78,8562,2010,87167.0,0.0,1.082468,1.280759,DNK,FRO,760410
7987176,81,78,8562,2010,10706.0,0.0,1.828224,0.386383,GBR,FRO,760410
7987177,77,154,8562,2010,264623.0,0.0,1.530027,-0.052557000000000006,FRA,MYT,760410
7987178,151,154,8562,2010,15926.0,0.0,-0.173542,0.103727,MUS,MYT,760410
7987179,39,200,8562,2010,16306.0,0.0,0.752421,1.2208510000000001,CAN,SPM,760410
7987180,190,213,8562,2010,0.0,1059.0,-1.9094669999999998,-1.271065,SDN,TCA,760410
7987181,231,213,8562,2010,14188.0,0.0,1.67573,-0.598165,USA,TCA,760410
7987182,18,2,8570,2010,3770.0,0.0,1.2224270000000002,1.1276,BEL,AGO,760612
7987183,32,2,8570,2010,75933.0,0.0,0.40715500000000004,0.6208100000000001,BRA,AGO,760612
7987184,41,2,8570,2010,2827.0,0.0,2.1492080000000002,0.556424,CHE,AGO,760612
7987185,43,2,8570,2010,847245.0,0.0,0.922493,2.0176,CHN,AGO,760612
7987186,47,2,8570,2010,1052.0,0.0,-1.536434,-1.175338,COG,AGO,760612
7987187,77,2,8570,2010,6159.0,0.0,1.530027,-0.052557000000000006,FRA,AGO,760612
7987188,81,2,8570,2010,1772.0,0.0,1.828224,0.386383,GBR,AGO,760612
7987189,104,2,8570,2010,140551.0,0.0,0.14485599999999998,2.408913,IND,AGO,760612
7987190,111,2,8570,2010,1011.0,0.0,1.272385,0.545721,ITA,AGO,760612
7987191,121,2,8570,2010,2757.0,0.0,1.7118849999999999,0.762362,KOR,AGO,760612
7987192,124,2,8570,2010,4747.0,0.0,0.415854,1.424085,LBN,AGO,760612
7987193,155,2,8570,2010,1008.0,0.0,-0.49860299999999996,-0.6728529999999999,NAM,AGO,760612
7987194,179,2,8570,2010,895980.0,0.0,0.551149,2.437209,PRT,AGO,760612
7987195,192,2,8570,2010,46140.0,0.0,1.8441349999999999,0.570311,SGP,AGO,760612
7987196,231,2,8570,2010,1592904.0,0.0,1.67573,-0.598165,USA,AGO,760612
7987197,246,2,8570,2010,51883.0,0.0,0.327326,1.513598,ZAF,AGO,760612
7987198,32,6,8570,2010,0.0,110887.0,0.40715500000000004,0.6208100000000001,BRA,ANT,760612
7987199,43,6,8570,2010,6803.0,0.0,0.922493,2.0176,CHN,ANT,760612
7987200,138,6,8570,2010,0.0,15175.0,1.132664,0.675756,MEX,ANT,760612
7987201,162,6,8570,2010,38463.0,0.0,1.237998,1.1891209999999999,NLD,ANT,760612
7987202,224,6,8570,2010,3814.0,0.0,0.359977,2.471173,TUR,ANT,760612
7987203,236,6,8570,2010,38566.0,0.0,-0.660844,-1.145133,VEN,ANT,760612
7987204,14,8,8570,2010,0.0,34701.0,-0.276442,0.062023,AUS,ARG,760612
7987205,15,8,8570,2010,28557.0,0.0,1.724315,-0.29379099999999997,AUT,ARG,760612
7987206,31,8,8570,2010,0.0,55245.0,-0.83736,-0.812473,BOL,ARG,760612
7987207,32,8,8570,2010,24358274.0,1488922.0,0.40715500000000004,0.6208100000000001,BRA,ARG,760612
7987208,41,8,8570,2010,28586.0,0.0,2.1492080000000002,0.556424,CHE,ARG,760612
7987209,42,8,8570,2010,0.0,1316498.0,-0.34914,-0.459395,CHL,ARG,760612
7987210,43,8,8570,2010,6213978.0,0.0,0.922493,2.0176,CHN,ARG,760612
7987211,49,8,8570,2010,0.0,896647.0,0.097222,-0.064328,COL,ARG,760612
7987212,52,8,8570,2010,0.0,7241.0,-0.122722,-0.7062069999999999,CRI,ARG,760612
7987213,59,8,8570,2010,171902.0,0.0,1.732044,0.333934,CZE,ARG,760612
7987214,61,8,8570,2010,1107341.0,0.0,2.035672,-3.383322,DEU,ARG,760612
7987215,67,8,8570,2010,0.0,54499.0,-0.584013,-0.743675,ECU,ARG,760612
7987216,71,8,8570,2010,1158481.0,0.0,0.832619,2.448009,ESP,ARG,760612
7987217,77,8,8570,2010,2412.0,30353.0,1.530027,-0.052557000000000006,FRA,ARG,760612
7987218,81,8,8570,2010,133492.0,0.0,1.828224,0.386383,GBR,ARG,760612
7987219,90,8,8570,2010,475856.0,0.0,0.200249,1.4640090000000001,GRC,ARG,760612
7987220,110,8,8570,2010,4354.0,0.0,1.215834,0.7028340000000001,ISR,ARG,760612
7987221,111,8,8570,2010,1354946.0,0.0,1.272385,0.545721,ITA,ARG,760612
7987222,114,8,8570,2010,196631.0,0.0,2.459723,-0.279387,JPN,ARG,760612
7987223,121,8,8570,2010,14640.0,0.0,1.7118849999999999,0.762362,KOR,ARG,760612
7987224,180,8,8570,2010,0.0,4152.0,-0.553805,-0.8699450000000001,PRY,ARG,760612
7987225,185,8,8570,2010,70811.0,0.0,0.6483760000000001,1.200256,ROU,ARG,760612
7987226,186,8,8570,2010,701748.0,0.0,0.583996,-0.223881,RUS,ARG,760612
7987227,208,8,8570,2010,329609.0,0.0,1.882239,0.397927,SWE,ARG,760612
7987228,230,8,8570,2010,0.0,62206.0,0.217246,-0.079733,URY,ARG,760612
7987229,231,8,8570,2010,4543098.0,0.0,1.67573,-0.598165,USA,ARG,760612
7987230,236,8,8570,2010,72409.0,0.0,-0.660844,-1.145133,VEN,ARG,760612
7987231,249,8,8570,2010,38314.0,0.0,1.766729,0.909335,TWN,ARG,760612
7987232,250,8,8570,2010,737389.0,0.0,0.45129600000000003,-0.223517,ANS,ARG,760612
7987233,8,15,8570,2010,0.0,28557.0,0.27458899999999997,0.597907,ARG,AUT,760612
7987234,14,15,8570,2010,0.0,56087.0,-0.276442,0.062023,AUS,AUT,760612
7987235,18,15,8570,2010,15877972.0,5554400.0,1.2224270000000002,1.1276,BEL,AUT,760612
7987236,22,15,8570,2010,0.0,4870.0,-0.974526,-0.76566,BGD,AUT,760612
7987237,23,15,8570,2010,2207718.0,324182.0,0.44973,1.445441,BGR,AUT,760612
7987238,26,15,8570,2010,2108.0,204468.0,0.462275,0.830405,BIH,AUT,760612
7987239,32,15,8570,2010,0.0,2382830.0,0.40715500000000004,0.6208100000000001,BRA,AUT,760612
7987240,39,15,8570,2010,20393.0,1702974.0,0.752421,1.2208510000000001,CAN,AUT,760612
7987241,41,15,8570,2010,9030148.0,18234788.0,2.1492080000000002,0.556424,CHE,AUT,760612
7987242,42,15,8570,2010,0.0,48235.0,-0.34914,-0.459395,CHL,AUT,760612
7987243,43,15,8570,2010,128228.0,3419429.0,0.922493,2.0176,CHN,AUT,760612
7987244,49,15,8570,2010,0.0,74546.0,0.097222,-0.064328,COL,AUT,760612
7987245,59,15,8570,2010,2330294.0,10862268.0,1.732044,0.333934,CZE,AUT,760612
7987246,61,15,8570,2010,83565904.0,143134688.0,2.035672,-3.383322,DEU,AUT,760612
7987247,64,15,8570,2010,485475.0,17372796.0,1.082468,1.280759,DNK,AUT,760612
7987248,65,15,8570,2010,0.0,5962.0,-0.245241,0.368626,DOM,AUT,760612
7987249,66,15,8570,2010,0.0,1592.0,-1.00922,-1.1511040000000001,DZA,AUT,760612
7987250,68,15,8570,2010,1009.0,5776.0,-0.181826,1.409465,EGY,AUT,760612
7987251,71,15,8570,2010,430993.0,9350697.0,0.832619,2.448009,ESP,AUT,760612
7987252,72,15,8570,2010,55852.0,42841.0,0.832316,1.1844649999999999,EST,AUT,760612
7987253,74,15,8570,2010,180174.0,2164751.0,1.745464,0.897992,FIN,AUT,760612
7987254,77,15,8570,2010,126277952.0,33327326.0,1.530027,-0.052557000000000006,FRA,AUT,760612
7987255,81,15,8570,2010,1443840.0,18714240.0,1.828224,0.386383,GBR,AUT,760612
7987256,82,15,8570,2010,0.0,40708.0,-0.21301399999999998,-0.48355299999999996,GEO,AUT,760612
7987257,90,15,8570,2010,1228708.0,24277.0,0.200249,1.4640090000000001,GRC,AUT,760612
7987258,97,15,8570,2010,0.0,1070904.0,0.715745,1.9780259999999998,HKG,AUT,760612
7987259,100,15,8570,2010,12803371.0,792126.0,0.8276979999999999,0.97415,HRV,AUT,760612
7987260,102,15,8570,2010,10074288.0,4995583.0,1.514225,0.740341,HUN,AUT,760612
7987261,103,15,8570,2010,0.0,2312.0,-0.30878099999999997,1.07069,IDN,AUT,760612
7987262,104,15,8570,2010,1029.0,183560.0,0.14485599999999998,2.408913,IND,AUT,760612
7987263,106,15,8570,2010,0.0,1670150.0,1.371357,0.168795,IRL,AUT,760612
7987264,110,15,8570,2010,13346.0,918759.0,1.215834,0.7028340000000001,ISR,AUT,760612
7987265,111,15,8570,2010,43273108.0,21562574.0,1.272385,0.545721,ITA,AUT,760612
7987266,114,15,8570,2010,21745.0,3158487.0,2.459723,-0.279387,JPN,AUT,760612
7987267,115,15,8570,2010,0.0,40201.0,-0.6278020000000001,-0.8419760000000001,KAZ,AUT,760612
7987268,118,15,8570,2010,0.0,9745.0,-1.158906,-1.019906,KHM,AUT,760612
7987269,121,15,8570,2010,0.0,962918.0,1.7118849999999999,0.762362,KOR,AUT,760612
7987270,124,15,8570,2010,0.0,1617.0,0.415854,1.424085,LBN,AUT,760612
7987271,128,15,8570,2010,0.0,6784.0,-0.70886,0.25216700000000003,LKA,AUT,760612
7987272,131,15,8570,2010,15464.0,1395.0,1.272127,1.1051520000000001,LUX,AUT,760612
7987273,132,15,8570,2010,0.0,1780534.0,0.6158170000000001,1.1401059999999998,LVA,AUT,760612
7987274,136,15,8570,2010,0.0,8374.0,-0.8737799999999999,-0.043717,MDG,AUT,760612
7987275,138,15,8570,2010,0.0,41304.0,1.132664,0.675756,MEX,AUT,760612
7987276,140,15,8570,2010,0.0,12041.0,-0.122842,0.407017,MKD,AUT,760612
7987277,153,15,8570,2010,0.0,241577.0,0.9530780000000001,0.607456,MYS,AUT,760612
7987278,159,15,8570,2010,157198.0,0.0,-1.887084,-1.2280229999999999,NGA,AUT,760612
7987279,162,15,8570,2010,5261266.0,12357133.0,1.237998,1.1891209999999999,NLD,AUT,760612
7987280,163,15,8570,2010,612237.0,3161547.0,0.865676,0.138757,NOR,AUT,760612
7987281,166,15,8570,2010,0.0,12548.0,0.36828299999999997,0.574574,NZL,AUT,760612
7987282,168,15,8570,2010,0.0,15872.0,-0.692071,0.5409010000000001,PAK,AUT,760612
7987283,173,15,8570,2010,0.0,4898.0,-0.650327,0.162321,PER,AUT,760612
7987284,177,15,8570,2010,765314.0,4287424.0,1.083552,1.1433719999999998,POL,AUT,760612
7987285,179,15,8570,2010,25833.0,1753383.0,0.551149,2.437209,PRT,AUT,760612
7987286,185,15,8570,2010,2142036.0,1819194.0,0.6483760000000001,1.200256,ROU,AUT,760612
7987287,186,15,8570,2010,46326.0,726017.0,0.583996,-0.223881,RUS,AUT,760612
7987288,190,15,8570,2010,0.0,158301.0,-1.9094669999999998,-1.271065,SDN,AUT,760612
7987289,192,15,8570,2010,0.0,2122588.0,1.8441349999999999,0.570311,SGP,AUT,760612
7987290,197,15,8570,2010,0.0,1995.0,-0.101434,0.132639,SLV,AUT,760612
7987291,201,15,8570,2010,3183712.0,395457.0,0.561161,1.33974,SRB,AUT,760612
7987292,206,15,8570,2010,97753.0,3858452.0,1.278601,0.726907,SVK,AUT,760612
7987293,207,15,8570,2010,1591683.0,6379446.0,1.595473,0.7023020000000001,SVN,AUT,760612
7987294,208,15,8570,2010,1891208.0,6977960.0,1.882239,0.397927,SWE,AUT,760612
7987295,216,15,8570,2010,0.0,301320.0,0.748328,1.425224,THA,AUT,760612
7987296,223,15,8570,2010,0.0,2442.0,0.165019,0.8882059999999999,TUN,AUT,760612
7987297,224,15,8570,2010,3905260.0,337245.0,0.359977,2.471173,TUR,AUT,760612
7987298,228,15,8570,2010,12108.0,787696.0,0.714148,0.916267,UKR,AUT,760612
7987299,231,15,8570,2010,19506.0,63207032.0,1.67573,-0.598165,USA,AUT,760612
7987300,236,15,8570,2010,0.0,7554.0,-0.660844,-1.145133,VEN,AUT,760612
7987301,246,15,8570,2010,0.0,838173.0,0.327326,1.513598,ZAF,AUT,760612
7987302,249,15,8570,2010,0.0,7264234.0,1.766729,0.909335,TWN,AUT,760612
7987303,0,18,8570,2010,0.0,8653.0,0.9906219999999999,0.159993,ABW,BEL,760612
7987304,2,18,8570,2010,0.0,3770.0,-1.3711010000000001,-1.170608,AGO,BEL,760612
7987305,7,18,8570,2010,52491.0,51072.0,0.29457,-0.196371,ARE,BEL,760612
7987306,14,18,8570,2010,0.0,96433.0,-0.276442,0.062023,AUS,BEL,760612
7987307,15,18,8570,2010,5554400.0,15877972.0,1.724315,-0.29379099999999997,AUT,BEL,760612
7987308,23,18,8570,2010,2874696.0,6490.0,0.44973,1.445441,BGR,BEL,760612
7987309,24,18,8570,2010,364008.0,0.0,0.284356,-0.8362,BHR,BEL,760612
7987310,26,18,8570,2010,0.0,6573.0,0.462275,0.830405,BIH,BEL,760612
7987311,28,18,8570,2010,0.0,7049.0,0.969851,0.593386,BLR,BEL,760612
7987312,32,18,8570,2010,5640610.0,1545403.0,0.40715500000000004,0.6208100000000001,BRA,BEL,760612
7987313,39,18,8570,2010,33260.0,490713.0,0.752421,1.2208510000000001,CAN,BEL,760612
7987314,41,18,8570,2010,3340772.0,15252893.0,2.1492080000000002,0.556424,CHE,BEL,760612
7987315,42,18,8570,2010,0.0,38150.0,-0.34914,-0.459395,CHL,BEL,760612
7987316,43,18,8570,2010,4388402.0,1044715.0,0.922493,2.0176,CHN,BEL,760612
7987317,44,18,8570,2010,0.0,3710.0,-1.256641,-0.946767,CIV,BEL,760612
7987318,45,18,8570,2010,0.0,8836.0,-1.114209,-1.0127899999999999,CMR,BEL,760612
7987319,46,18,8570,2010,0.0,4860.0,-1.465101,-1.139909,COD,BEL,760612
7987320,47,18,8570,2010,0.0,1684.0,-1.536434,-1.175338,COG,BEL,760612
7987321,49,18,8570,2010,0.0,12311.0,0.097222,-0.064328,COL,BEL,760612
7987322,52,18,8570,2010,0.0,18460.0,-0.122722,-0.7062069999999999,CRI,BEL,760612
7987323,59,18,8570,2010,18123.0,4738385.0,1.732044,0.333934,CZE,BEL,760612
7987324,61,18,8570,2010,108780808.0,257473392.0,2.035672,-3.383322,DEU,BEL,760612
7987325,64,18,8570,2010,3324549.0,6975494.0,1.082468,1.280759,DNK,BEL,760612
7987326,66,18,8570,2010,25209.0,41830.0,-1.00922,-1.1511040000000001,DZA,BEL,760612
7987327,68,18,8570,2010,0.0,5645.0,-0.181826,1.409465,EGY,BEL,760612
7987328,71,18,8570,2010,4098599.0,7122073.0,0.832619,2.448009,ESP,BEL,760612
7987329,74,18,8570,2010,1899164.0,1344173.0,1.745464,0.897992,FIN,BEL,760612
7987330,77,18,8570,2010,54334992.0,60723720.0,1.530027,-0.052557000000000006,FRA,BEL,760612
7987331,80,18,8570,2010,0.0,2731.0,-1.707175,-1.167635,GAB,BEL,760612
7987332,81,18,8570,2010,5086496.0,41946888.0,1.828224,0.386383,GBR,BEL,760612
7987333,90,18,8570,2010,2601830.0,238256.0,0.200249,1.4640090000000001,GRC,BEL,760612
7987334,93,18,8570,2010,0.0,176140.0,-0.39034,0.743521,GTM,BEL,760612
7987335,97,18,8570,2010,0.0,971967.0,0.715745,1.9780259999999998,HKG,BEL,760612
7987336,100,18,8570,2010,732331.0,9492.0,0.8276979999999999,0.97415,HRV,BEL,760612
7987337,102,18,8570,2010,1379419.0,3577165.0,1.514225,0.740341,HUN,BEL,760612
7987338,103,18,8570,2010,520428.0,189847.0,-0.30878099999999997,1.07069,IDN,BEL,760612
7987339,104,18,8570,2010,3923.0,246088.0,0.14485599999999998,2.408913,IND,BEL,760612
7987340,106,18,8570,2010,0.0,759239.0,1.371357,0.168795,IRL,BEL,760612
7987341,107,18,8570,2010,0.0,50519.0,-0.609874,-0.744733,IRN,BEL,760612
7987342,110,18,8570,2010,0.0,2260584.0,1.215834,0.7028340000000001,ISR,BEL,760612
7987343,111,18,8570,2010,6995132.0,22938196.0,1.272385,0.545721,ITA,BEL,760612
7987344,114,18,8570,2010,52869.0,586245.0,2.459723,-0.279387,JPN,BEL,760612
7987345,115,18,8570,2010,0.0,24747.0,-0.6278020000000001,-0.8419760000000001,KAZ,BEL,760612
7987346,116,18,8570,2010,0.0,11755.0,-0.387187,1.010443,KEN,BEL,760612
7987347,121,18,8570,2010,0.0,889798.0,1.7118849999999999,0.762362,KOR,BEL,760612
7987348,122,18,8570,2010,33535.0,0.0,0.067373,-1.0822120000000002,KWT,BEL,760612
7987349,126,18,8570,2010,0.0,62971.0,-0.706491,-1.140822,LBY,BEL,760612
7987350,128,18,8570,2010,0.0,10731.0,-0.70886,0.25216700000000003,LKA,BEL,760612
7987351,131,18,8570,2010,39693.0,502723.0,1.272127,1.1051520000000001,LUX,BEL,760612
7987352,134,18,8570,2010,0.0,206009.0,-0.5935229999999999,-0.056497000000000006,MAR,BEL,760612
7987353,135,18,8570,2010,3476.0,106372.0,-0.116797,0.037801,MDA,BEL,760612
7987354,138,18,8570,2010,0.0,78888.0,1.132664,0.675756,MEX,BEL,760612
7987355,153,18,8570,2010,0.0,393902.0,0.9530780000000001,0.607456,MYS,BEL,760612
7987356,159,18,8570,2010,18075.0,0.0,-1.887084,-1.2280229999999999,NGA,BEL,760612
7987357,162,18,8570,2010,26304432.0,96937328.0,1.237998,1.1891209999999999,NLD,BEL,760612
7987358,163,18,8570,2010,6418756.0,50343.0,0.865676,0.138757,NOR,BEL,760612
7987359,166,18,8570,2010,0.0,81034.0,0.36828299999999997,0.574574,NZL,BEL,760612
7987360,169,18,8570,2010,0.0,48995.0,0.617867,0.903432,PAN,BEL,760612
7987361,177,18,8570,2010,503143.0,8567979.0,1.083552,1.1433719999999998,POL,BEL,760612
7987362,179,18,8570,2010,36990.0,1600882.0,0.551149,2.437209,PRT,BEL,760612
7987363,182,18,8570,2010,0.0,23845.0,-0.47692700000000005,-0.8429760000000001,PYF,BEL,760612
7987364,183,18,8570,2010,0.0,1221.0,-0.346143,-1.078192,QAT,BEL,760612
7987365,185,18,8570,2010,4497425.0,197610.0,0.6483760000000001,1.200256,ROU,BEL,760612
7987366,186,18,8570,2010,25551.0,878989.0,0.583996,-0.223881,RUS,BEL,760612
7987367,188,18,8570,2010,79212.0,14454.0,0.46696400000000005,-0.7487520000000001,SAU,BEL,760612
7987368,191,18,8570,2010,0.0,17594.0,-0.45445,-0.148149,SEN,BEL,760612
7987369,192,18,8570,2010,89823.0,317550.0,1.8441349999999999,0.570311,SGP,BEL,760612
7987370,201,18,8570,2010,366739.0,59007.0,0.561161,1.33974,SRB,BEL,760612
7987371,206,18,8570,2010,26261.0,5443731.0,1.278601,0.726907,SVK,BEL,760612
7987372,207,18,8570,2010,390087.0,343235.0,1.595473,0.7023020000000001,SVN,BEL,760612
7987373,208,18,8570,2010,1621315.0,5097374.0,1.882239,0.397927,SWE,BEL,760612
7987374,212,18,8570,2010,173741.0,0.0,-0.46833800000000003,1.11952,SYR,BEL,760612
7987375,216,18,8570,2010,0.0,874414.0,0.748328,1.425224,THA,BEL,760612
7987376,223,18,8570,2010,0.0,1394843.0,0.165019,0.8882059999999999,TUN,BEL,760612
7987377,224,18,8570,2010,1728589.0,3927586.0,0.359977,2.471173,TUR,BEL,760612
7987378,228,18,8570,2010,0.0,10859.0,0.714148,0.916267,UKR,BEL,760612
7987379,231,18,8570,2010,5747284.0,4187954.0,1.67573,-0.598165,USA,BEL,760612
7987380,236,18,8570,2010,0.0,1486410.0,-0.660844,-1.145133,VEN,BEL,760612
7987381,246,18,8570,2010,26687644.0,131712.0,0.327326,1.513598,ZAF,BEL,760612
7987382,249,18,8570,2010,0.0,2697763.0,1.766729,0.909335,TWN,BEL,760612
7987383,43,25,8570,2010,17775.0,0.0,0.922493,2.0176,CHN,BHS,760612
7987384,74,25,8570,2010,8002.0,0.0,1.745464,0.897992,FIN,BHS,760612
7987385,231,25,8570,2010,13999.0,3634.0,1.67573,-0.598165,USA,BHS,760612
7987386,2,32,8570,2010,0.0,75933.0,-1.3711010000000001,-1.170608,AGO,BRA,760612
7987387,6,32,8570,2010,110887.0,0.0,-0.08593200000000001,-0.691395,ANT,BRA,760612
7987388,8,32,8570,2010,1488922.0,24358274.0,0.27458899999999997,0.597907,ARG,BRA,760612
7987389,14,32,8570,2010,10569.0,260801.0,-0.276442,0.062023,AUS,BRA,760612
7987390,15,32,8570,2010,2382830.0,0.0,1.724315,-0.29379099999999997,AUT,BRA,760612
7987391,18,32,8570,2010,1545403.0,5640610.0,1.2224270000000002,1.1276,BEL,BRA,760612
7987392,23,32,8570,2010,101586.0,0.0,0.44973,1.445441,BGR,BRA,760612
7987393,31,32,8570,2010,0.0,7302487.0,-0.83736,-0.812473,BOL,BRA,760612
7987394,33,32,8570,2010,0.0,1670.0,0.7076140000000001,0.434993,BRB,BRA,760612
7987395,39,32,8570,2010,57564.0,3049601.0,0.752421,1.2208510000000001,CAN,BRA,760612
7987396,41,32,8570,2010,223130.0,0.0,2.1492080000000002,0.556424,CHE,BRA,760612
7987397,42,32,8570,2010,47080.0,3813581.0,-0.34914,-0.459395,CHL,BRA,760612
7987398,43,32,8570,2010,39905344.0,0.0,0.922493,2.0176,CHN,BRA,760612
7987399,49,32,8570,2010,0.0,16747477.0,0.097222,-0.064328,COL,BRA,760612
7987400,52,32,8570,2010,0.0,62898.0,-0.122722,-0.7062069999999999,CRI,BRA,760612
7987401,59,32,8570,2010,0.0,6887.0,1.732044,0.333934,CZE,BRA,760612
7987402,61,32,8570,2010,31016692.0,12199443.0,2.035672,-3.383322,DEU,BRA,760612
7987403,64,32,8570,2010,10466.0,0.0,1.082468,1.280759,DNK,BRA,760612
7987404,67,32,8570,2010,0.0,5058.0,-0.584013,-0.743675,ECU,BRA,760612
7987405,71,32,8570,2010,676004.0,69359.0,0.832619,2.448009,ESP,BRA,760612
7987406,77,32,8570,2010,11388747.0,0.0,1.530027,-0.052557000000000006,FRA,BRA,760612
7987407,81,32,8570,2010,625982.0,11180.0,1.828224,0.386383,GBR,BRA,760612
7987408,90,32,8570,2010,446313.0,0.0,0.200249,1.4640090000000001,GRC,BRA,760612
7987409,97,32,8570,2010,34261.0,0.0,0.715745,1.9780259999999998,HKG,BRA,760612
7987410,102,32,8570,2010,104971.0,0.0,1.514225,0.740341,HUN,BRA,760612
7987411,104,32,8570,2010,69196.0,0.0,0.14485599999999998,2.408913,IND,BRA,760612
7987412,111,32,8570,2010,2490415.0,19108.0,1.272385,0.545721,ITA,BRA,760612
7987413,113,32,8570,2010,0.0,4090960.0,0.251702,0.522758,JOR,BRA,760612
7987414,114,32,8570,2010,3300926.0,8066.0,2.459723,-0.279387,JPN,BRA,760612
7987415,121,32,8570,2010,22861.0,0.0,1.7118849999999999,0.762362,KOR,BRA,760612
7987416,122,32,8570,2010,0.0,953201.0,0.067373,-1.0822120000000002,KWT,BRA,760612
7987417,138,32,8570,2010,0.0,12375.0,1.132664,0.675756,MEX,BRA,760612
7987418,153,32,8570,2010,0.0,17914.0,0.9530780000000001,0.607456,MYS,BRA,760612
7987419,159,32,8570,2010,0.0,3429416.0,-1.887084,-1.2280229999999999,NGA,BRA,760612
7987420,162,32,8570,2010,149980.0,395675.0,1.237998,1.1891209999999999,NLD,BRA,760612
7987421,163,32,8570,2010,13572.0,0.0,0.865676,0.138757,NOR,BRA,760612
7987422,169,32,8570,2010,0.0,148608.0,0.617867,0.903432,PAN,BRA,760612
7987423,173,32,8570,2010,0.0,17745.0,-0.650327,0.162321,PER,BRA,760612
7987424,179,32,8570,2010,1174.0,0.0,0.551149,2.437209,PRT,BRA,760612
7987425,180,32,8570,2010,0.0,174637.0,-0.553805,-0.8699450000000001,PRY,BRA,760612
7987426,186,32,8570,2010,2242398.0,0.0,0.583996,-0.223881,RUS,BRA,760612
7987427,188,32,8570,2010,0.0,1136280.0,0.46696400000000005,-0.7487520000000001,SAU,BRA,760612
7987428,192,32,8570,2010,64459.0,0.0,1.8441349999999999,0.570311,SGP,BRA,760612
7987429,197,32,8570,2010,0.0,79398.0,-0.101434,0.132639,SLV,BRA,760612
7987430,208,32,8570,2010,1093059.0,0.0,1.882239,0.397927,SWE,BRA,760612
7987431,223,32,8570,2010,0.0,9586611.0,0.165019,0.8882059999999999,TUN,BRA,760612
7987432,230,32,8570,2010,0.0,125776.0,0.217246,-0.079733,URY,BRA,760612
7987433,231,32,8570,2010,45274652.0,27258930.0,1.67573,-0.598165,USA,BRA,760612
7987434,236,32,8570,2010,105525.0,23661778.0,-0.660844,-1.145133,VEN,BRA,760612
7987435,246,32,8570,2010,53092400.0,637080.0,0.327326,1.513598,ZAF,BRA,760612
7987436,249,32,8570,2010,246373.0,0.0,1.766729,0.909335,TWN,BRA,760612
7987437,32,33,8570,2010,1670.0,0.0,0.40715500000000004,0.6208100000000001,BRA,BRB,760612
7987438,39,33,8570,2010,3313.0,0.0,0.752421,1.2208510000000001,CAN,BRB,760612
7987439,81,33,8570,2010,1940.0,0.0,1.828224,0.386383,GBR,BRB,760612
7987440,96,33,8570,2010,2786.0,0.0,-1.020217,-1.0231569999999999,GUY,BRB,760612
7987441,159,33,8570,2010,0.0,5083.0,-1.887084,-1.2280229999999999,NGA,BRB,760612
7987442,231,33,8570,2010,687436.0,0.0,1.67573,-0.598165,USA,BRB,760612
7987443,1,39,8570,2010,0.0,2597.0,-0.054633,-0.102103,AFG,CAN,760612
7987444,14,39,8570,2010,68560.0,420833.0,-0.276442,0.062023,AUS,CAN,760612
7987445,15,39,8570,2010,1702974.0,20393.0,1.724315,-0.29379099999999997,AUT,CAN,760612
7987446,18,39,8570,2010,490713.0,33260.0,1.2224270000000002,1.1276,BEL,CAN,760612
7987447,21,39,8570,2010,0.0,7880.0,-0.625747,-0.700651,BFA,CAN,760612
7987448,24,39,8570,2010,47214.0,0.0,0.284356,-0.8362,BHR,CAN,760612
7987449,31,39,8570,2010,0.0,5454.0,-0.83736,-0.812473,BOL,CAN,760612
7987450,32,39,8570,2010,3049601.0,57564.0,0.40715500000000004,0.6208100000000001,BRA,CAN,760612
7987451,33,39,8570,2010,0.0,3313.0,0.7076140000000001,0.434993,BRB,CAN,760612
7987452,41,39,8570,2010,1880232.0,158278.0,2.1492080000000002,0.556424,CHE,CAN,760612
7987453,42,39,8570,2010,0.0,1608641.0,-0.34914,-0.459395,CHL,CAN,760612
7987454,43,39,8570,2010,44042896.0,3565154.0,0.922493,2.0176,CHN,CAN,760612
7987455,49,39,8570,2010,88000.0,44445.0,0.097222,-0.064328,COL,CAN,760612
7987456,52,39,8570,2010,2799.0,0.0,-0.122722,-0.7062069999999999,CRI,CAN,760612
7987457,54,39,8570,2010,0.0,8362.0,-0.085462,-0.885019,CUB,CAN,760612
7987458,61,39,8570,2010,32379976.0,168310.0,2.035672,-3.383322,DEU,CAN,760612
7987459,64,39,8570,2010,7042.0,0.0,1.082468,1.280759,DNK,CAN,760612
7987460,65,39,8570,2010,1456.0,32545.0,-0.245241,0.368626,DOM,CAN,760612
7987461,68,39,8570,2010,1311117.0,0.0,-0.181826,1.409465,EGY,CAN,760612
7987462,71,39,8570,2010,3347736.0,23917.0,0.832619,2.448009,ESP,CAN,760612
7987463,74,39,8570,2010,0.0,20952.0,1.745464,0.897992,FIN,CAN,760612
7987464,77,39,8570,2010,3441343.0,770507.0,1.530027,-0.052557000000000006,FRA,CAN,760612
7987465,81,39,8570,2010,146268.0,385073.0,1.828224,0.386383,GBR,CAN,760612
7987466,90,39,8570,2010,7350360.0,10728.0,0.200249,1.4640090000000001,GRC,CAN,760612
7987467,97,39,8570,2010,163502.0,93640.0,0.715745,1.9780259999999998,HKG,CAN,760612
7987468,100,39,8570,2010,0.0,2128.0,0.8276979999999999,0.97415,HRV,CAN,760612
7987469,102,39,8570,2010,158021.0,736677.0,1.514225,0.740341,HUN,CAN,760612
7987470,103,39,8570,2010,4945526.0,0.0,-0.30878099999999997,1.07069,IDN,CAN,760612
7987471,104,39,8570,2010,1397540.0,133145.0,0.14485599999999998,2.408913,IND,CAN,760612
7987472,106,39,8570,2010,0.0,89157.0,1.371357,0.168795,IRL,CAN,760612
7987473,110,39,8570,2010,3955.0,220664.0,1.215834,0.7028340000000001,ISR,CAN,760612
7987474,111,39,8570,2010,1246458.0,2003.0,1.272385,0.545721,ITA,CAN,760612
7987475,114,39,8570,2010,32804.0,1304398.0,2.459723,-0.279387,JPN,CAN,760612
7987476,115,39,8570,2010,0.0,2226.0,-0.6278020000000001,-0.8419760000000001,KAZ,CAN,760612
7987477,121,39,8570,2010,66652.0,12476.0,1.7118849999999999,0.762362,KOR,CAN,760612
7987478,133,39,8570,2010,0.0,669.0,0.545755,0.492997,MAC,CAN,760612
7987479,135,39,8570,2010,0.0,3406.0,-0.116797,0.037801,MDA,CAN,760612
7987480,138,39,8570,2010,52798.0,253074.0,1.132664,0.675756,MEX,CAN,760612
7987481,153,39,8570,2010,174198.0,41252.0,0.9530780000000001,0.607456,MYS,CAN,760612
7987482,162,39,8570,2010,631777.0,738056.0,1.237998,1.1891209999999999,NLD,CAN,760612
7987483,163,39,8570,2010,451387.0,1892.0,0.865676,0.138757,NOR,CAN,760612
7987484,166,39,8570,2010,0.0,12610.0,0.36828299999999997,0.574574,NZL,CAN,760612
7987485,168,39,8570,2010,1669.0,0.0,-0.692071,0.5409010000000001,PAK,CAN,760612
7987486,173,39,8570,2010,2369.0,0.0,-0.650327,0.162321,PER,CAN,760612
7987487,177,39,8570,2010,417050.0,495.0,1.083552,1.1433719999999998,POL,CAN,760612
7987488,185,39,8570,2010,694766.0,23207.0,0.6483760000000001,1.200256,ROU,CAN,760612
7987489,186,39,8570,2010,2109430.0,1677.0,0.583996,-0.223881,RUS,CAN,760612
7987490,192,39,8570,2010,454721.0,63201.0,1.8441349999999999,0.570311,SGP,CAN,760612
7987491,197,39,8570,2010,0.0,3083.0,-0.101434,0.132639,SLV,CAN,760612
7987492,200,39,8570,2010,0.0,16365.0,-0.740992,-0.9825139999999999,SPM,CAN,760612
7987493,207,39,8570,2010,33343.0,0.0,1.595473,0.7023020000000001,SVN,CAN,760612
7987494,208,39,8570,2010,3149187.0,994.0,1.882239,0.397927,SWE,CAN,760612
7987495,216,39,8570,2010,8887.0,0.0,0.748328,1.425224,THA,CAN,760612
7987496,222,39,8570,2010,0.0,1158.0,-0.338123,-1.070239,TTO,CAN,760612
7987497,224,39,8570,2010,4284472.0,2047.0,0.359977,2.471173,TUR,CAN,760612
7987498,231,39,8570,2010,1090840960.0,739526976.0,1.67573,-0.598165,USA,CAN,760612
7987499,236,39,8570,2010,33868.0,0.0,-0.660844,-1.145133,VEN,CAN,760612
7987500,246,39,8570,2010,4652297.0,42865.0,0.327326,1.513598,ZAF,CAN,760612
7987501,249,39,8570,2010,200648.0,2854.0,1.766729,0.909335,TWN,CAN,760612
7987502,2,41,8570,2010,0.0,2827.0,-1.3711010000000001,-1.170608,AGO,CHE,760612
7987503,8,41,8570,2010,0.0,28586.0,0.27458899999999997,0.597907,ARG,CHE,760612
7987504,14,41,8570,2010,0.0,138289.0,-0.276442,0.062023,AUS,CHE,760612
7987505,15,41,8570,2010,18234788.0,9030148.0,1.724315,-0.29379099999999997,AUT,CHE,760612
7987506,18,41,8570,2010,15252893.0,3340772.0,1.2224270000000002,1.1276,BEL,CHE,760612
7987507,23,41,8570,2010,1110721.0,0.0,0.44973,1.445441,BGR,CHE,760612
7987508,24,41,8570,2010,2737164.0,0.0,0.284356,-0.8362,BHR,CHE,760612
7987509,32,41,8570,2010,0.0,223130.0,0.40715500000000004,0.6208100000000001,BRA,CHE,760612
7987510,39,41,8570,2010,158278.0,1880232.0,0.752421,1.2208510000000001,CAN,CHE,760612
7987511,42,41,8570,2010,0.0,36949.0,-0.34914,-0.459395,CHL,CHE,760612
7987512,43,41,8570,2010,56353.0,10300883.0,0.922493,2.0176,CHN,CHE,760612
7987513,59,41,8570,2010,2293036.0,7046862.0,1.732044,0.333934,CZE,CHE,760612
7987514,61,41,8570,2010,84542880.0,283571584.0,2.035672,-3.383322,DEU,CHE,760612
7987515,64,41,8570,2010,443286.0,300901.0,1.082468,1.280759,DNK,CHE,760612
7987516,66,41,8570,2010,0.0,35891.0,-1.00922,-1.1511040000000001,DZA,CHE,760612
7987517,71,41,8570,2010,22588554.0,1771773.0,0.832619,2.448009,ESP,CHE,760612
7987518,72,41,8570,2010,0.0,951.0,0.832316,1.1844649999999999,EST,CHE,760612
7987519,73,41,8570,2010,0.0,5309.0,-1.122906,-0.840777,ETH,CHE,760612
7987520,74,41,8570,2010,89015.0,625123.0,1.745464,0.897992,FIN,CHE,760612
7987521,77,41,8570,2010,10196755.0,75726120.0,1.530027,-0.052557000000000006,FRA,CHE,760612
7987522,81,41,8570,2010,3127984.0,6893524.0,1.828224,0.386383,GBR,CHE,760612
7987523,90,41,8570,2010,3873047.0,75263.0,0.200249,1.4640090000000001,GRC,CHE,760612
7987524,97,41,8570,2010,0.0,120742.0,0.715745,1.9780259999999998,HKG,CHE,760612
7987525,100,41,8570,2010,184711.0,18077.0,0.8276979999999999,0.97415,HRV,CHE,760612
7987526,102,41,8570,2010,1734831.0,957309.0,1.514225,0.740341,HUN,CHE,760612
7987527,103,41,8570,2010,0.0,1037.0,-0.30878099999999997,1.07069,IDN,CHE,760612
7987528,104,41,8570,2010,0.0,124230.0,0.14485599999999998,2.408913,IND,CHE,760612
7987529,106,41,8570,2010,0.0,208491.0,1.371357,0.168795,IRL,CHE,760612
7987530,107,41,8570,2010,0.0,421.0,-0.609874,-0.744733,IRN,CHE,760612
7987531,110,41,8570,2010,0.0,679147.0,1.215834,0.7028340000000001,ISR,CHE,760612
7987532,111,41,8570,2010,22910636.0,74831344.0,1.272385,0.545721,ITA,CHE,760612
7987533,114,41,8570,2010,40670.0,51629.0,2.459723,-0.279387,JPN,CHE,760612
7987534,115,41,8570,2010,3146450.0,0.0,-0.6278020000000001,-0.8419760000000001,KAZ,CHE,760612
7987535,121,41,8570,2010,0.0,7894253.0,1.7118849999999999,0.762362,KOR,CHE,760612
7987536,124,41,8570,2010,0.0,21726.0,0.415854,1.424085,LBN,CHE,760612
7987537,131,41,8570,2010,14057.0,318266.0,1.272127,1.1051520000000001,LUX,CHE,760612
7987538,132,41,8570,2010,2869.0,30092.0,0.6158170000000001,1.1401059999999998,LVA,CHE,760612
7987539,134,41,8570,2010,0.0,34410.0,-0.5935229999999999,-0.056497000000000006,MAR,CHE,760612
7987540,136,41,8570,2010,0.0,3317.0,-0.8737799999999999,-0.043717,MDG,CHE,760612
7987541,138,41,8570,2010,0.0,8287.0,1.132664,0.675756,MEX,CHE,760612
7987542,153,41,8570,2010,0.0,81518.0,0.9530780000000001,0.607456,MYS,CHE,760612
7987543,159,41,8570,2010,0.0,1268244.0,-1.887084,-1.2280229999999999,NGA,CHE,760612
7987544,162,41,8570,2010,7136495.0,9461967.0,1.237998,1.1891209999999999,NLD,CHE,760612
7987545,163,41,8570,2010,33291066.0,496442.0,0.865676,0.138757,NOR,CHE,760612
7987546,166,41,8570,2010,0.0,101210.0,0.36828299999999997,0.574574,NZL,CHE,760612
7987547,168,41,8570,2010,0.0,5597.0,-0.692071,0.5409010000000001,PAK,CHE,760612
7987548,173,41,8570,2010,0.0,1776.0,-0.650327,0.162321,PER,CHE,760612
7987549,177,41,8570,2010,6007276.0,6896834.0,1.083552,1.1433719999999998,POL,CHE,760612
7987550,179,41,8570,2010,68603.0,522107.0,0.551149,2.437209,PRT,CHE,760612
7987551,185,41,8570,2010,1826605.0,103243.0,0.6483760000000001,1.200256,ROU,CHE,760612
7987552,186,41,8570,2010,7712632.0,16526.0,0.583996,-0.223881,RUS,CHE,760612
7987553,192,41,8570,2010,0.0,3156070.0,1.8441349999999999,0.570311,SGP,CHE,760612
7987554,197,41,8570,2010,1433.0,0.0,-0.101434,0.132639,SLV,CHE,760612
7987555,201,41,8570,2010,6597075.0,11644.0,0.561161,1.33974,SRB,CHE,760612
7987556,205,41,8570,2010,18097.0,0.0,-0.5734560000000001,-0.936167,SUR,CHE,760612
7987557,206,41,8570,2010,14071.0,1472550.0,1.278601,0.726907,SVK,CHE,760612
7987558,207,41,8570,2010,253195.0,440281.0,1.595473,0.7023020000000001,SVN,CHE,760612
7987559,208,41,8570,2010,26062.0,13241410.0,1.882239,0.397927,SWE,CHE,760612
7987560,216,41,8570,2010,17254.0,383018.0,0.748328,1.425224,THA,CHE,760612
7987561,223,41,8570,2010,0.0,948.0,0.165019,0.8882059999999999,TUN,CHE,760612
7987562,224,41,8570,2010,17595264.0,58803.0,0.359977,2.471173,TUR,CHE,760612
7987563,228,41,8570,2010,0.0,12658.0,0.714148,0.916267,UKR,CHE,760612
7987564,231,41,8570,2010,2538726.0,16127231.0,1.67573,-0.598165,USA,CHE,760612
7987565,239,41,8570,2010,0.0,289954.0,-0.24660500000000002,1.427235,VNM,CHE,760612
7987566,246,41,8570,2010,0.0,1142005.0,0.327326,1.513598,ZAF,CHE,760612
7987567,247,41,8570,2010,0.0,9276.0,-0.650686,-0.830332,ZMB,CHE,760612
7987568,249,41,8570,2010,78542.0,3354032.0,1.766729,0.909335,TWN,CHE,760612
7987569,8,42,8570,2010,1316498.0,0.0,0.27458899999999997,0.597907,ARG,CHL,760612
7987570,15,42,8570,2010,48235.0,0.0,1.724315,-0.29379099999999997,AUT,CHL,760612
7987571,18,42,8570,2010,38150.0,0.0,1.2224270000000002,1.1276,BEL,CHL,760612
7987572,32,42,8570,2010,3813581.0,47080.0,0.40715500000000004,0.6208100000000001,BRA,CHL,760612
7987573,39,42,8570,2010,1608641.0,0.0,0.752421,1.2208510000000001,CAN,CHL,760612
7987574,41,42,8570,2010,36949.0,0.0,2.1492080000000002,0.556424,CHE,CHL,760612
7987575,43,42,8570,2010,13974230.0,0.0,0.922493,2.0176,CHN,CHL,760612
7987576,61,42,8570,2010,4144.0,0.0,2.035672,-3.383322,DEU,CHL,760612
7987577,64,42,8570,2010,2444.0,0.0,1.082468,1.280759,DNK,CHL,760612
7987578,71,42,8570,2010,4213766.0,0.0,0.832619,2.448009,ESP,CHL,760612
7987579,77,42,8570,2010,386500.0,0.0,1.530027,-0.052557000000000006,FRA,CHL,760612
7987580,81,42,8570,2010,42348.0,0.0,1.828224,0.386383,GBR,CHL,760612
7987581,111,42,8570,2010,638179.0,0.0,1.272385,0.545721,ITA,CHL,760612
7987582,114,42,8570,2010,247013.0,0.0,2.459723,-0.279387,JPN,CHL,760612
7987583,121,42,8570,2010,360474.0,0.0,1.7118849999999999,0.762362,KOR,CHL,760612
7987584,138,42,8570,2010,112926.0,81458.0,1.132664,0.675756,MEX,CHL,760612
7987585,162,42,8570,2010,122854.0,0.0,1.237998,1.1891209999999999,NLD,CHL,760612
7987586,173,42,8570,2010,0.0,1755.0,-0.650327,0.162321,PER,CHL,760612
7987587,186,42,8570,2010,15556.0,0.0,0.583996,-0.223881,RUS,CHL,760612
7987588,197,42,8570,2010,0.0,2306.0,-0.101434,0.132639,SLV,CHL,760612
7987589,216,42,8570,2010,34345.0,0.0,0.748328,1.425224,THA,CHL,760612
7987590,222,42,8570,2010,0.0,135950.0,-0.338123,-1.070239,TTO,CHL,760612
7987591,231,42,8570,2010,12795312.0,0.0,1.67573,-0.598165,USA,CHL,760612
7987592,246,42,8570,2010,14815.0,24075.0,0.327326,1.513598,ZAF,CHL,760612
7987593,250,42,8570,2010,1347.0,0.0,0.45129600000000003,-0.223517,ANS,CHL,760612
7987594,0,43,8570,2010,0.0,69417.0,0.9906219999999999,0.159993,ABW,CHN,760612
7987595,2,43,8570,2010,0.0,847245.0,-1.3711010000000001,-1.170608,AGO,CHN,760612
7987596,4,43,8570,2010,0.0,405148.0,-0.5316,-0.219561,ALB,CHN,760612
7987597,6,43,8570,2010,0.0,6803.0,-0.08593200000000001,-0.691395,ANT,CHN,760612
7987598,7,43,8570,2010,0.0,65423732.0,0.29457,-0.196371,ARE,CHN,760612
7987599,8,43,8570,2010,0.0,6213978.0,0.27458899999999997,0.597907,ARG,CHN,760612
7987600,9,43,8570,2010,0.0,144871.0,0.11632,-0.417048,ARM,CHN,760612
7987601,14,43,8570,2010,11309367.0,341094176.0,-0.276442,0.062023,AUS,CHN,760612
7987602,15,43,8570,2010,3419429.0,128228.0,1.724315,-0.29379099999999997,AUT,CHN,760612
7987603,16,43,8570,2010,0.0,123691.0,-1.048424,-1.2030370000000001,AZE,CHN,760612
7987604,17,43,8570,2010,0.0,544.0,-0.922883,-0.748675,BDI,CHN,760612
7987605,18,43,8570,2010,1044715.0,4388402.0,1.2224270000000002,1.1276,BEL,CHN,760612
7987606,19,43,8570,2010,0.0,637103.0,-1.0660120000000002,-0.9961190000000001,BEN,CHN,760612
7987607,21,43,8570,2010,0.0,248443.0,-0.625747,-0.700651,BFA,CHN,760612
7987608,22,43,8570,2010,0.0,1469080.0,-0.974526,-0.76566,BGD,CHN,760612
7987609,23,43,8570,2010,0.0,657601.0,0.44973,1.445441,BGR,CHN,760612
7987610,24,43,8570,2010,17299616.0,14199563.0,0.284356,-0.8362,BHR,CHN,760612
7987611,25,43,8570,2010,0.0,17775.0,0.495262,-0.6198779999999999,BHS,CHN,760612
7987612,26,43,8570,2010,0.0,1148.0,0.462275,0.830405,BIH,CHN,760612
7987613,28,43,8570,2010,0.0,5614204.0,0.969851,0.593386,BLR,CHN,760612
7987614,31,43,8570,2010,0.0,81565.0,-0.83736,-0.812473,BOL,CHN,760612
7987615,32,43,8570,2010,0.0,39905344.0,0.40715500000000004,0.6208100000000001,BRA,CHN,760612
7987616,34,43,8570,2010,0.0,300611.0,0.717167,-0.764841,BRN,CHN,760612
7987617,35,43,8570,2010,0.0,1595.0,-0.10866300000000001,-0.5950270000000001,BTN,CHN,760612
7987618,37,43,8570,2010,0.0,102011.0,-0.181373,-0.714376,BWA,CHN,760612
7987619,38,43,8570,2010,0.0,1440.0,0.062649,-0.6461779999999999,CAF,CHN,760612
7987620,39,43,8570,2010,3565154.0,44042896.0,0.752421,1.2208510000000001,CAN,CHN,760612
7987621,41,43,8570,2010,10300883.0,56353.0,2.1492080000000002,0.556424,CHE,CHN,760612
7987622,42,43,8570,2010,0.0,13974230.0,-0.34914,-0.459395,CHL,CHN,760612
7987623,44,43,8570,2010,0.0,1296328.0,-1.256641,-0.946767,CIV,CHN,760612
7987624,45,43,8570,2010,0.0,4635367.0,-1.114209,-1.0127899999999999,CMR,CHN,760612
7987625,46,43,8570,2010,0.0,47986.0,-1.465101,-1.139909,COD,CHN,760612
7987626,47,43,8570,2010,0.0,3122372.0,-1.536434,-1.175338,COG,CHN,760612
7987627,49,43,8570,2010,0.0,1959430.0,0.097222,-0.064328,COL,CHN,760612
7987628,52,43,8570,2010,0.0,414243.0,-0.122722,-0.7062069999999999,CRI,CHN,760612
7987629,54,43,8570,2010,0.0,2927507.0,-0.085462,-0.885019,CUB,CHN,760612
7987630,58,43,8570,2010,0.0,867752.0,0.8776450000000001,0.568389,CYP,CHN,760612
7987631,59,43,8570,2010,2101.0,773193.0,1.732044,0.333934,CZE,CHN,760612
7987632,61,43,8570,2010,113983992.0,25189318.0,2.035672,-3.383322,DEU,CHN,760612
7987633,62,43,8570,2010,0.0,460350.0,-0.37501799999999996,-0.727603,DJI,CHN,760612
7987634,64,43,8570,2010,8881.0,1381379.0,1.082468,1.280759,DNK,CHN,760612
7987635,65,43,8570,2010,0.0,253603.0,-0.245241,0.368626,DOM,CHN,760612
7987636,66,43,8570,2010,0.0,3794092.0,-1.00922,-1.1511040000000001,DZA,CHN,760612
7987637,67,43,8570,2010,0.0,2806594.0,-0.584013,-0.743675,ECU,CHN,760612
7987638,68,43,8570,2010,0.0,2642527.0,-0.181826,1.409465,EGY,CHN,760612
7987639,71,43,8570,2010,253483.0,2934781.0,0.832619,2.448009,ESP,CHN,760612
7987640,72,43,8570,2010,0.0,229195.0,0.832316,1.1844649999999999,EST,CHN,760612
7987641,73,43,8570,2010,0.0,859638.0,-1.122906,-0.840777,ETH,CHN,760612
7987642,74,43,8570,2010,34510.0,1850036.0,1.745464,0.897992,FIN,CHN,760612
7987643,75,43,8570,2010,0.0,152402.0,-0.603112,-0.29135500000000003,FJI,CHN,760612
7987644,77,43,8570,2010,17451836.0,3429982.0,1.530027,-0.052557000000000006,FRA,CHN,760612
7987645,80,43,8570,2010,0.0,890318.0,-1.707175,-1.167635,GAB,CHN,760612
7987646,81,43,8570,2010,22504412.0,14021963.0,1.828224,0.386383,GBR,CHN,760612
7987647,82,43,8570,2010,0.0,545586.0,-0.21301399999999998,-0.48355299999999996,GEO,CHN,760612
7987648,83,43,8570,2010,0.0,2758534.0,-0.835003,-0.633731,GHA,CHN,760612
7987649,85,43,8570,2010,0.0,5801.0,-1.6761720000000002,-1.181665,GIN,CHN,760612
7987650,89,43,8570,2010,0.0,893967.0,-1.077402,-0.86556,GNQ,CHN,760612
7987651,90,43,8570,2010,17951146.0,3555550.0,0.200249,1.4640090000000001,GRC,CHN,760612
7987652,93,43,8570,2010,0.0,240183.0,-0.39034,0.743521,GTM,CHN,760612
7987653,97,43,8570,2010,39115940.0,19563314.0,0.715745,1.9780259999999998,HKG,CHN,760612
7987654,99,43,8570,2010,0.0,690848.0,-0.569501,-0.153122,HND,CHN,760612
7987655,100,43,8570,2010,0.0,386991.0,0.8276979999999999,0.97415,HRV,CHN,760612
7987656,102,43,8570,2010,12297.0,114092.0,1.514225,0.740341,HUN,CHN,760612
7987657,103,43,8570,2010,73801.0,29387948.0,-0.30878099999999997,1.07069,IDN,CHN,760612
7987658,104,43,8570,2010,131302.0,46572368.0,0.14485599999999998,2.408913,IND,CHN,760612
7987659,106,43,8570,2010,1733.0,347066.0,1.371357,0.168795,IRL,CHN,760612
7987660,107,43,8570,2010,0.0,42659764.0,-0.609874,-0.744733,IRN,CHN,760612
7987661,108,43,8570,2010,0.0,9364339.0,-2.1439150000000002,-0.913227,IRQ,CHN,760612
7987662,109,43,8570,2010,0.0,26191.0,0.20822100000000002,-0.318294,ISL,CHN,760612
7987663,110,43,8570,2010,322899.0,11982639.0,1.215834,0.7028340000000001,ISR,CHN,760612
7987664,111,43,8570,2010,7632078.0,6651866.0,1.272385,0.545721,ITA,CHN,760612
7987665,112,43,8570,2010,0.0,2296.0,0.041471,-0.367177,JAM,CHN,760612
7987666,113,43,8570,2010,0.0,1686495.0,0.251702,0.522758,JOR,CHN,760612
7987667,114,43,8570,2010,176722800.0,13141467.0,2.459723,-0.279387,JPN,CHN,760612
7987668,115,43,8570,2010,0.0,702702.0,-0.6278020000000001,-0.8419760000000001,KAZ,CHN,760612
7987669,116,43,8570,2010,0.0,540862.0,-0.387187,1.010443,KEN,CHN,760612
7987670,117,43,8570,2010,0.0,639422.0,-0.48426400000000003,-0.169443,KGZ,CHN,760612
7987671,118,43,8570,2010,0.0,58508.0,-1.158906,-1.019906,KHM,CHN,760612
7987672,121,43,8570,2010,279011360.0,125968720.0,1.7118849999999999,0.762362,KOR,CHN,760612
7987673,122,43,8570,2010,28634.0,2168204.0,0.067373,-1.0822120000000002,KWT,CHN,760612
7987674,123,43,8570,2010,0.0,96160.0,-1.104075,-0.836772,LAO,CHN,760612
7987675,124,43,8570,2010,0.0,3369208.0,0.415854,1.424085,LBN,CHN,760612
7987676,126,43,8570,2010,0.0,982289.0,-0.706491,-1.140822,LBY,CHN,760612
7987677,128,43,8570,2010,0.0,4108808.0,-0.70886,0.25216700000000003,LKA,CHN,760612
7987678,130,43,8570,2010,0.0,6441956.0,0.6390600000000001,1.144911,LTU,CHN,760612
7987679,131,43,8570,2010,2591.0,0.0,1.272127,1.1051520000000001,LUX,CHN,760612
7987680,132,43,8570,2010,0.0,890644.0,0.6158170000000001,1.1401059999999998,LVA,CHN,760612
7987681,133,43,8570,2010,0.0,1498321.0,0.545755,0.492997,MAC,CHN,760612
7987682,134,43,8570,2010,0.0,535246.0,-0.5935229999999999,-0.056497000000000006,MAR,CHN,760612
7987683,135,43,8570,2010,0.0,8689.0,-0.116797,0.037801,MDA,CHN,760612
7987684,136,43,8570,2010,0.0,246381.0,-0.8737799999999999,-0.043717,MDG,CHN,760612
7987685,137,43,8570,2010,0.0,2004.0,-0.644859,-0.910633,MDV,CHN,760612
7987686,138,43,8570,2010,69664.0,9863296.0,1.132664,0.675756,MEX,CHN,760612
7987687,139,43,8570,2010,0.0,27463.0,-0.599197,-0.788443,MHL,CHN,760612
7987688,140,43,8570,2010,0.0,15999.0,-0.122842,0.407017,MKD,CHN,760612
7987689,141,43,8570,2010,0.0,3472.0,-0.585496,-0.655841,MLI,CHN,760612
7987690,142,43,8570,2010,0.0,63632.0,1.211797,-0.024923,MLT,CHN,760612
7987691,143,43,8570,2010,0.0,4833371.0,-1.480389,-1.075842,MMR,CHN,760612
7987692,144,43,8570,2010,0.0,1742.0,0.266397,-0.02502,MNE,CHN,760612
7987693,145,43,8570,2010,0.0,330259.0,-1.110861,-1.105545,MNG,CHN,760612
7987694,147,43,8570,2010,0.0,27786.0,-1.479855,-1.070518,MOZ,CHN,760612
7987695,148,43,8570,2010,0.0,22930.0,-2.099882,-1.303977,MRT,CHN,760612
7987696,151,43,8570,2010,0.0,221930.0,-0.173542,0.103727,MUS,CHN,760612
7987697,152,43,8570,2010,0.0,1253.0,-0.821839,-0.9153870000000001,MWI,CHN,760612
7987698,153,43,8570,2010,380561.0,51011628.0,0.9530780000000001,0.607456,MYS,CHN,760612
7987699,155,43,8570,2010,0.0,9256.0,-0.49860299999999996,-0.6728529999999999,NAM,CHN,760612
7987700,156,43,8570,2010,0.0,9372.0,-0.42193500000000006,-0.8256610000000001,NCL,CHN,760612
7987701,157,43,8570,2010,0.0,6169.0,-0.829902,-0.826152,NER,CHN,760612
7987702,159,43,8570,2010,327185.0,104299512.0,-1.887084,-1.2280229999999999,NGA,CHN,760612
7987703,160,43,8570,2010,0.0,6065.0,-0.9387409999999999,-0.8119569999999999,NIC,CHN,760612
7987704,162,43,8570,2010,10616274.0,9961284.0,1.237998,1.1891209999999999,NLD,CHN,760612
7987705,163,43,8570,2010,229176.0,1648756.0,0.865676,0.138757,NOR,CHN,760612
7987706,164,43,8570,2010,0.0,154728.0,-0.23753400000000002,0.7957390000000001,NPL,CHN,760612
7987707,166,43,8570,2010,2609.0,11470766.0,0.36828299999999997,0.574574,NZL,CHN,760612
7987708,167,43,8570,2010,0.0,744614.0,-0.487612,-0.9551379999999999,OMN,CHN,760612
7987709,168,43,8570,2010,0.0,2529448.0,-0.692071,0.5409010000000001,PAK,CHN,760612
7987710,169,43,8570,2010,0.0,1378005.0,0.617867,0.903432,PAN,CHN,760612
7987711,173,43,8570,2010,0.0,5138458.0,-0.650327,0.162321,PER,CHN,760612
7987712,174,43,8570,2010,0.0,5396470.0,0.40418899999999996,0.102497,PHL,CHN,760612
7987713,176,43,8570,2010,0.0,9602.0,-1.725138,-1.195622,PNG,CHN,760612
7987714,177,43,8570,2010,35130.0,3927250.0,1.083552,1.1433719999999998,POL,CHN,760612
7987715,178,43,8570,2010,0.0,637871.0,0.348511,0.466229,PRK,CHN,760612
7987716,179,43,8570,2010,0.0,561644.0,0.551149,2.437209,PRT,CHN,760612
7987717,180,43,8570,2010,0.0,263909.0,-0.553805,-0.8699450000000001,PRY,CHN,760612
7987718,181,43,8570,2010,0.0,15744.0,0.12470099999999999,0.576382,PSE,CHN,760612
7987719,182,43,8570,2010,0.0,5153.0,-0.47692700000000005,-0.8429760000000001,PYF,CHN,760612
7987720,183,43,8570,2010,0.0,2547332.0,-0.346143,-1.078192,QAT,CHN,760612
7987721,185,43,8570,2010,7557.0,543489.0,0.6483760000000001,1.200256,ROU,CHN,760612
7987722,186,43,8570,2010,5746224.0,13261719.0,0.583996,-0.223881,RUS,CHN,760612
7987723,187,43,8570,2010,0.0,148359.0,-0.6033350000000001,-0.524881,RWA,CHN,760612
7987724,188,43,8570,2010,0.0,21881766.0,0.46696400000000005,-0.7487520000000001,SAU,CHN,760612
7987725,190,43,8570,2010,0.0,1233495.0,-1.9094669999999998,-1.271065,SDN,CHN,760612
7987726,191,43,8570,2010,0.0,399836.0,-0.45445,-0.148149,SEN,CHN,760612
7987727,192,43,8570,2010,1770363.0,38170684.0,1.8441349999999999,0.570311,SGP,CHN,760612
7987728,197,43,8570,2010,0.0,182686.0,-0.101434,0.132639,SLV,CHN,760612
7987729,201,43,8570,2010,0.0,171291.0,0.561161,1.33974,SRB,CHN,760612
7987730,205,43,8570,2010,0.0,6785.0,-0.5734560000000001,-0.936167,SUR,CHN,760612
7987731,206,43,8570,2010,4311.0,88143.0,1.278601,0.726907,SVK,CHN,760612
7987732,207,43,8570,2010,0.0,4490148.0,1.595473,0.7023020000000001,SVN,CHN,760612
7987733,208,43,8570,2010,757651.0,779857.0,1.882239,0.397927,SWE,CHN,760612
7987734,212,43,8570,2010,0.0,7461988.0,-0.46833800000000003,1.11952,SYR,CHN,760612
7987735,215,43,8570,2010,0.0,423756.0,-0.943559,-0.884336,TGO,CHN,760612
7987736,216,43,8570,2010,1936736.0,43327908.0,0.748328,1.425224,THA,CHN,760612
7987737,217,43,8570,2010,0.0,692293.0,-1.054317,-1.074198,TJK,CHN,760612
7987738,219,43,8570,2010,0.0,58609.0,-1.161458,-1.191589,TKM,CHN,760612
7987739,221,43,8570,2010,0.0,6513.0,-0.650658,-0.774469,TON,CHN,760612
7987740,222,43,8570,2010,0.0,719926.0,-0.338123,-1.070239,TTO,CHN,760612
7987741,223,43,8570,2010,0.0,1235415.0,0.165019,0.8882059999999999,TUN,CHN,760612
7987742,224,43,8570,2010,55450.0,2278260.0,0.359977,2.471173,TUR,CHN,760612
7987743,226,43,8570,2010,0.0,93220.0,-0.7327,0.427616,TZA,CHN,760612
7987744,227,43,8570,2010,0.0,189130.0,-0.48061400000000004,0.187001,UGA,CHN,760612
7987745,228,43,8570,2010,0.0,4938642.0,0.714148,0.916267,UKR,CHN,760612
7987746,230,43,8570,2010,0.0,316055.0,0.217246,-0.079733,URY,CHN,760612
7987747,231,43,8570,2010,90438408.0,145823488.0,1.67573,-0.598165,USA,CHN,760612
7987748,232,43,8570,2010,0.0,1650308.0,-0.704097,-0.655055,UZB,CHN,760612
7987749,236,43,8570,2010,0.0,1208338.0,-0.660844,-1.145133,VEN,CHN,760612
7987750,239,43,8570,2010,0.0,33900920.0,-0.24660500000000002,1.427235,VNM,CHN,760612
7987751,240,43,8570,2010,0.0,686.0,-0.8922190000000001,-0.87134,VUT,CHN,760612
7987752,243,43,8570,2010,0.0,332137.0,-1.360851,-1.208826,YEM,CHN,760612
7987753,246,43,8570,2010,24258574.0,2583311.0,0.327326,1.513598,ZAF,CHN,760612
7987754,247,43,8570,2010,0.0,148432.0,-0.650686,-0.830332,ZMB,CHN,760612
7987755,248,43,8570,2010,0.0,21179.0,-0.869909,-0.8233309999999999,ZWE,CHN,760612
7987756,249,43,8570,2010,95215560.0,24320918.0,1.766729,0.909335,TWN,CHN,760612
7987757,8,49,8570,2010,896647.0,0.0,0.27458899999999997,0.597907,ARG,COL,760612
7987758,14,49,8570,2010,1397.0,0.0,-0.276442,0.062023,AUS,COL,760612
7987759,15,49,8570,2010,74546.0,0.0,1.724315,-0.29379099999999997,AUT,COL,760612
7987760,18,49,8570,2010,12311.0,0.0,1.2224270000000002,1.1276,BEL,COL,760612
7987761,31,49,8570,2010,0.0,22230.0,-0.83736,-0.812473,BOL,COL,760612
7987762,32,49,8570,2010,16747477.0,0.0,0.40715500000000004,0.6208100000000001,BRA,COL,760612
7987763,39,49,8570,2010,44445.0,88000.0,0.752421,1.2208510000000001,CAN,COL,760612
7987764,43,49,8570,2010,1959430.0,0.0,0.922493,2.0176,CHN,COL,760612
7987765,52,49,8570,2010,0.0,9263.0,-0.122722,-0.7062069999999999,CRI,COL,760612
7987766,59,49,8570,2010,2091.0,0.0,1.732044,0.333934,CZE,COL,760612
7987767,61,49,8570,2010,631211.0,0.0,2.035672,-3.383322,DEU,COL,760612
7987768,65,49,8570,2010,0.0,3786.0,-0.245241,0.368626,DOM,COL,760612
7987769,67,49,8570,2010,0.0,137508.0,-0.584013,-0.743675,ECU,COL,760612
7987770,71,49,8570,2010,7841.0,0.0,0.832619,2.448009,ESP,COL,760612
7987771,77,49,8570,2010,50141.0,0.0,1.530027,-0.052557000000000006,FRA,COL,760612
7987772,81,49,8570,2010,2176.0,0.0,1.828224,0.386383,GBR,COL,760612
7987773,93,49,8570,2010,0.0,21127.0,-0.39034,0.743521,GTM,COL,760612
7987774,99,49,8570,2010,0.0,18129.0,-0.569501,-0.153122,HND,COL,760612
7987775,111,49,8570,2010,9741.0,0.0,1.272385,0.545721,ITA,COL,760612
7987776,114,49,8570,2010,10438.0,0.0,2.459723,-0.279387,JPN,COL,760612
7987777,121,49,8570,2010,3259988.0,0.0,1.7118849999999999,0.762362,KOR,COL,760612
7987778,138,49,8570,2010,3334.0,819061.0,1.132664,0.675756,MEX,COL,760612
7987779,162,49,8570,2010,72135.0,0.0,1.237998,1.1891209999999999,NLD,COL,760612
7987780,169,49,8570,2010,3859.0,94171.0,0.617867,0.903432,PAN,COL,760612
7987781,173,49,8570,2010,0.0,143248.0,-0.650327,0.162321,PER,COL,760612
7987782,208,49,8570,2010,357352.0,0.0,1.882239,0.397927,SWE,COL,760612
7987783,222,49,8570,2010,0.0,142802.0,-0.338123,-1.070239,TTO,COL,760612
7987784,231,49,8570,2010,3839690.0,5314822.0,1.67573,-0.598165,USA,COL,760612
7987785,236,49,8570,2010,32594.0,243343.0,-0.660844,-1.145133,VEN,COL,760612
7987786,249,49,8570,2010,24481.0,0.0,1.766729,0.909335,TWN,COL,760612
7987787,8,52,8570,2010,7241.0,0.0,0.27458899999999997,0.597907,ARG,CRI,760612
7987788,18,52,8570,2010,18460.0,0.0,1.2224270000000002,1.1276,BEL,CRI,760612
7987789,32,52,8570,2010,62898.0,0.0,0.40715500000000004,0.6208100000000001,BRA,CRI,760612
7987790,39,52,8570,2010,0.0,2799.0,0.752421,1.2208510000000001,CAN,CRI,760612
7987791,43,52,8570,2010,414243.0,0.0,0.922493,2.0176,CHN,CRI,760612
7987792,49,52,8570,2010,9263.0,0.0,0.097222,-0.064328,COL,CRI,760612
7987793,61,52,8570,2010,86787.0,0.0,2.035672,-3.383322,DEU,CRI,760612
7987794,77,52,8570,2010,0.0,6225.0,1.530027,-0.052557000000000006,FRA,CRI,760612
7987795,81,52,8570,2010,5017.0,0.0,1.828224,0.386383,GBR,CRI,760612
7987796,93,52,8570,2010,0.0,10758.0,-0.39034,0.743521,GTM,CRI,760612
7987797,103,52,8570,2010,36363.0,0.0,-0.30878099999999997,1.07069,IDN,CRI,760612
7987798,121,52,8570,2010,61922.0,0.0,1.7118849999999999,0.762362,KOR,CRI,760612
7987799,138,52,8570,2010,14510.0,0.0,1.132664,0.675756,MEX,CRI,760612
7987800,160,52,8570,2010,0.0,6457.0,-0.9387409999999999,-0.8119569999999999,NIC,CRI,760612
7987801,169,52,8570,2010,13895.0,47307.0,0.617867,0.903432,PAN,CRI,760612
7987802,178,52,8570,2010,13396.0,0.0,0.348511,0.466229,PRK,CRI,760612
7987803,197,52,8570,2010,1297.0,0.0,-0.101434,0.132639,SLV,CRI,760612
7987804,231,52,8570,2010,287582.0,0.0,1.67573,-0.598165,USA,CRI,760612
7987805,236,52,8570,2010,72596.0,0.0,-0.660844,-1.145133,VEN,CRI,760612
7987806,249,52,8570,2010,23155.0,0.0,1.766729,0.909335,TWN,CRI,760612
7987807,250,52,8570,2010,1907.0,0.0,0.45129600000000003,-0.223517,ANS,CRI,760612
7987808,1,61,8570,2010,0.0,22687.0,-0.054633,-0.102103,AFG,DEU,760612
7987809,4,61,8570,2010,0.0,7841.0,-0.5316,-0.219561,ALB,DEU,760612
7987810,7,61,8570,2010,0.0,41657636.0,0.29457,-0.196371,ARE,DEU,760612
7987811,8,61,8570,2010,0.0,1107341.0,0.27458899999999997,0.597907,ARG,DEU,760612
7987812,9,61,8570,2010,0.0,147509.0,0.11632,-0.417048,ARM,DEU,760612
7987813,14,61,8570,2010,331004.0,18744424.0,-0.276442,0.062023,AUS,DEU,760612
7987814,15,61,8570,2010,143134688.0,83565904.0,1.724315,-0.29379099999999997,AUT,DEU,760612
7987815,16,61,8570,2010,0.0,1029365.0,-1.048424,-1.2030370000000001,AZE,DEU,760612
7987816,18,61,8570,2010,257473392.0,108780808.0,1.2224270000000002,1.1276,BEL,DEU,760612
7987817,19,61,8570,2010,0.0,89260.0,-1.0660120000000002,-0.9961190000000001,BEN,DEU,760612
7987818,23,61,8570,2010,2002568.0,3344082.0,0.44973,1.445441,BGR,DEU,760612
7987819,24,61,8570,2010,4047288.0,56960.0,0.284356,-0.8362,BHR,DEU,760612
7987820,26,61,8570,2010,27803.0,31877.0,0.462275,0.830405,BIH,DEU,760612
7987821,28,61,8570,2010,0.0,12223969.0,0.969851,0.593386,BLR,DEU,760612
7987822,31,61,8570,2010,0.0,1319.0,-0.83736,-0.812473,BOL,DEU,760612
7987823,32,61,8570,2010,12199443.0,31016692.0,0.40715500000000004,0.6208100000000001,BRA,DEU,760612
7987824,34,61,8570,2010,0.0,3276.0,0.717167,-0.764841,BRN,DEU,760612
7987825,38,61,8570,2010,0.0,8787.0,0.062649,-0.6461779999999999,CAF,DEU,760612
7987826,39,61,8570,2010,168310.0,32379976.0,0.752421,1.2208510000000001,CAN,DEU,760612
7987827,41,61,8570,2010,283571584.0,84542880.0,2.1492080000000002,0.556424,CHE,DEU,760612
7987828,42,61,8570,2010,0.0,4144.0,-0.34914,-0.459395,CHL,DEU,760612
7987829,43,61,8570,2010,25189318.0,113983992.0,0.922493,2.0176,CHN,DEU,760612
7987830,45,61,8570,2010,0.0,5849.0,-1.114209,-1.0127899999999999,CMR,DEU,760612
7987831,49,61,8570,2010,0.0,631211.0,0.097222,-0.064328,COL,DEU,760612
7987832,52,61,8570,2010,0.0,86787.0,-0.122722,-0.7062069999999999,CRI,DEU,760612
7987833,58,61,8570,2010,0.0,162432.0,0.8776450000000001,0.568389,CYP,DEU,760612
7987834,59,61,8570,2010,12159960.0,43027252.0,1.732044,0.333934,CZE,DEU,760612
7987835,64,61,8570,2010,41855796.0,32734012.0,1.082468,1.280759,DNK,DEU,760612
7987836,65,61,8570,2010,0.0,875432.0,-0.245241,0.368626,DOM,DEU,760612
7987837,66,61,8570,2010,0.0,246940.0,-1.00922,-1.1511040000000001,DZA,DEU,760612
7987838,67,61,8570,2010,0.0,300938.0,-0.584013,-0.743675,ECU,DEU,760612
7987839,68,61,8570,2010,15271925.0,389953.0,-0.181826,1.409465,EGY,DEU,760612
7987840,71,61,8570,2010,15864064.0,72445808.0,0.832619,2.448009,ESP,DEU,760612
7987841,72,61,8570,2010,2223.0,649277.0,0.832316,1.1844649999999999,EST,DEU,760612
7987842,74,61,8570,2010,31337.0,20898028.0,1.745464,0.897992,FIN,DEU,760612
7987843,77,61,8570,2010,314781408.0,188129920.0,1.530027,-0.052557000000000006,FRA,DEU,760612
7987844,80,61,8570,2010,0.0,7029.0,-1.707175,-1.167635,GAB,DEU,760612
7987845,81,61,8570,2010,38154264.0,282528192.0,1.828224,0.386383,GBR,DEU,760612
7987846,84,61,8570,2010,0.0,254903.0,0.570018,-0.585911,GIB,DEU,760612
7987847,90,61,8570,2010,37783320.0,6786556.0,0.200249,1.4640090000000001,GRC,DEU,760612
7987848,93,61,8570,2010,0.0,1038656.0,-0.39034,0.743521,GTM,DEU,760612
7987849,97,61,8570,2010,71719.0,1088496.0,0.715745,1.9780259999999998,HKG,DEU,760612
7987850,100,61,8570,2010,2099711.0,877555.0,0.8276979999999999,0.97415,HRV,DEU,760612
7987851,102,61,8570,2010,49175664.0,24205788.0,1.514225,0.740341,HUN,DEU,760612
7987852,103,61,8570,2010,1115.0,16199258.0,-0.30878099999999997,1.07069,IDN,DEU,760612
7987853,104,61,8570,2010,192021.0,26274120.0,0.14485599999999998,2.408913,IND,DEU,760612
7987854,106,61,8570,2010,0.0,38870056.0,1.371357,0.168795,IRL,DEU,760612
7987855,107,61,8570,2010,0.0,19770180.0,-0.609874,-0.744733,IRN,DEU,760612
7987856,108,61,8570,2010,0.0,2169580.0,-2.1439150000000002,-0.913227,IRQ,DEU,760612
7987857,109,61,8570,2010,0.0,1227772.0,0.20822100000000002,-0.318294,ISL,DEU,760612
7987858,110,61,8570,2010,38213.0,4196990.0,1.215834,0.7028340000000001,ISR,DEU,760612
7987859,111,61,8570,2010,86261640.0,107153320.0,1.272385,0.545721,ITA,DEU,760612
7987860,113,61,8570,2010,0.0,14046333.0,0.251702,0.522758,JOR,DEU,760612
7987861,114,61,8570,2010,2246382.0,33734728.0,2.459723,-0.279387,JPN,DEU,760612
7987862,115,61,8570,2010,0.0,1174426.0,-0.6278020000000001,-0.8419760000000001,KAZ,DEU,760612
7987863,116,61,8570,2010,0.0,26456.0,-0.387187,1.010443,KEN,DEU,760612
7987864,121,61,8570,2010,1640.0,98877768.0,1.7118849999999999,0.762362,KOR,DEU,760612
7987865,122,61,8570,2010,0.0,7276.0,0.067373,-1.0822120000000002,KWT,DEU,760612
7987866,124,61,8570,2010,0.0,4434.0,0.415854,1.424085,LBN,DEU,760612
7987867,126,61,8570,2010,0.0,463976.0,-0.706491,-1.140822,LBY,DEU,760612
7987868,128,61,8570,2010,0.0,25535.0,-0.70886,0.25216700000000003,LKA,DEU,760612
7987869,130,61,8570,2010,41319.0,1536657.0,0.6390600000000001,1.144911,LTU,DEU,760612
7987870,131,61,8570,2010,1638151.0,3787814.0,1.272127,1.1051520000000001,LUX,DEU,760612
7987871,132,61,8570,2010,0.0,1302748.0,0.6158170000000001,1.1401059999999998,LVA,DEU,760612
7987872,134,61,8570,2010,0.0,944148.0,-0.5935229999999999,-0.056497000000000006,MAR,DEU,760612
7987873,135,61,8570,2010,0.0,295700.0,-0.116797,0.037801,MDA,DEU,760612
7987874,138,61,8570,2010,23634.0,52264928.0,1.132664,0.675756,MEX,DEU,760612
7987875,140,61,8570,2010,0.0,53296.0,-0.122842,0.407017,MKD,DEU,760612
7987876,142,61,8570,2010,4261.0,571197.0,1.211797,-0.024923,MLT,DEU,760612
7987877,144,61,8570,2010,0.0,872.0,0.266397,-0.02502,MNE,DEU,760612
7987878,145,61,8570,2010,0.0,23118.0,-1.110861,-1.105545,MNG,DEU,760612
7987879,147,61,8570,2010,0.0,314250.0,-1.479855,-1.070518,MOZ,DEU,760612
7987880,153,61,8570,2010,2641.0,31419238.0,0.9530780000000001,0.607456,MYS,DEU,760612
7987881,155,61,8570,2010,0.0,2390.0,-0.49860299999999996,-0.6728529999999999,NAM,DEU,760612
7987882,156,61,8570,2010,0.0,30851.0,-0.42193500000000006,-0.8256610000000001,NCL,DEU,760612
7987883,159,61,8570,2010,0.0,2733845.0,-1.887084,-1.2280229999999999,NGA,DEU,760612
7987884,162,61,8570,2010,117427376.0,87317200.0,1.237998,1.1891209999999999,NLD,DEU,760612
7987885,163,61,8570,2010,23110522.0,10152615.0,0.865676,0.138757,NOR,DEU,760612
7987886,166,61,8570,2010,24911.0,403120.0,0.36828299999999997,0.574574,NZL,DEU,760612
7987887,168,61,8570,2010,0.0,444621.0,-0.692071,0.5409010000000001,PAK,DEU,760612
7987888,169,61,8570,2010,0.0,1592353.0,0.617867,0.903432,PAN,DEU,760612
7987889,173,61,8570,2010,0.0,259294.0,-0.650327,0.162321,PER,DEU,760612
7987890,174,61,8570,2010,0.0,8564.0,0.40418899999999996,0.102497,PHL,DEU,760612
7987891,177,61,8570,2010,29097966.0,69237424.0,1.083552,1.1433719999999998,POL,DEU,760612
7987892,179,61,8570,2010,43489.0,10419732.0,0.551149,2.437209,PRT,DEU,760612
7987893,182,61,8570,2010,0.0,19684.0,-0.47692700000000005,-0.8429760000000001,PYF,DEU,760612
7987894,183,61,8570,2010,0.0,118871.0,-0.346143,-1.078192,QAT,DEU,760612
7987895,185,61,8570,2010,20415062.0,2242812.0,0.6483760000000001,1.200256,ROU,DEU,760612
7987896,186,61,8570,2010,98831568.0,17596916.0,0.583996,-0.223881,RUS,DEU,760612
7987897,188,61,8570,2010,57472.0,111650520.0,0.46696400000000005,-0.7487520000000001,SAU,DEU,760612
7987898,191,61,8570,2010,0.0,32945.0,-0.45445,-0.148149,SEN,DEU,760612
7987899,192,61,8570,2010,2338.0,15042906.0,1.8441349999999999,0.570311,SGP,DEU,760612
7987900,196,61,8570,2010,0.0,80274.0,-0.056713,-0.293668,SLE,DEU,760612
7987901,201,61,8570,2010,17998810.0,29208700.0,0.561161,1.33974,SRB,DEU,760612
7987902,206,61,8570,2010,117992.0,7397492.0,1.278601,0.726907,SVK,DEU,760612
7987903,207,61,8570,2010,34963744.0,5407960.0,1.595473,0.7023020000000001,SVN,DEU,760612
7987904,208,61,8570,2010,24346796.0,59070400.0,1.882239,0.397927,SWE,DEU,760612
7987905,212,61,8570,2010,1238968.0,234005.0,-0.46833800000000003,1.11952,SYR,DEU,760612
7987906,216,61,8570,2010,79954.0,22586842.0,0.748328,1.425224,THA,DEU,760612
7987907,222,61,8570,2010,0.0,5197.0,-0.338123,-1.070239,TTO,DEU,760612
7987908,223,61,8570,2010,62493.0,1553034.0,0.165019,0.8882059999999999,TUN,DEU,760612
7987909,224,61,8570,2010,54151744.0,58823128.0,0.359977,2.471173,TUR,DEU,760612
7987910,227,61,8570,2010,0.0,8283.0,-0.48061400000000004,0.187001,UGA,DEU,760612
7987911,228,61,8570,2010,0.0,13622972.0,0.714148,0.916267,UKR,DEU,760612
7987912,231,61,8570,2010,34298356.0,194135824.0,1.67573,-0.598165,USA,DEU,760612
7987913,236,61,8570,2010,0.0,26081378.0,-0.660844,-1.145133,VEN,DEU,760612
7987914,237,61,8570,2010,0.0,145261.0,0.699891,-0.29630300000000004,VGB,DEU,760612
7987915,239,61,8570,2010,0.0,532400.0,-0.24660500000000002,1.427235,VNM,DEU,760612
7987916,246,61,8570,2010,17310332.0,2367091.0,0.327326,1.513598,ZAF,DEU,760612
7987917,247,61,8570,2010,0.0,87335.0,-0.650686,-0.830332,ZMB,DEU,760612
7987918,249,61,8570,2010,962598.0,18855010.0,1.766729,0.909335,TWN,DEU,760612
7987919,7,64,8570,2010,0.0,605839.0,0.29457,-0.196371,ARE,DNK,760612
7987920,14,64,8570,2010,0.0,113724.0,-0.276442,0.062023,AUS,DNK,760612
7987921,15,64,8570,2010,17372796.0,485475.0,1.724315,-0.29379099999999997,AUT,DNK,760612
7987922,18,64,8570,2010,6975494.0,3324549.0,1.2224270000000002,1.1276,BEL,DNK,760612
7987923,23,64,8570,2010,473812.0,0.0,0.44973,1.445441,BGR,DNK,760612
7987924,32,64,8570,2010,0.0,10466.0,0.40715500000000004,0.6208100000000001,BRA,DNK,760612
7987925,39,64,8570,2010,0.0,7042.0,0.752421,1.2208510000000001,CAN,DNK,760612
7987926,41,64,8570,2010,300901.0,443286.0,2.1492080000000002,0.556424,CHE,DNK,760612
7987927,42,64,8570,2010,0.0,2444.0,-0.34914,-0.459395,CHL,DNK,760612
7987928,43,64,8570,2010,1381379.0,8881.0,0.922493,2.0176,CHN,DNK,760612
7987929,58,64,8570,2010,0.0,66680.0,0.8776450000000001,0.568389,CYP,DNK,760612
7987930,59,64,8570,2010,67077.0,554574.0,1.732044,0.333934,CZE,DNK,760612
7987931,61,64,8570,2010,32734012.0,41855796.0,2.035672,-3.383322,DEU,DNK,760612
7987932,65,64,8570,2010,0.0,133248.0,-0.245241,0.368626,DOM,DNK,760612
7987933,71,64,8570,2010,2263872.0,4908998.0,0.832619,2.448009,ESP,DNK,760612
7987934,72,64,8570,2010,17488.0,702446.0,0.832316,1.1844649999999999,EST,DNK,760612
7987935,74,64,8570,2010,71373.0,1012665.0,1.745464,0.897992,FIN,DNK,760612
7987936,77,64,8570,2010,47485280.0,2064800.0,1.530027,-0.052557000000000006,FRA,DNK,760612
7987937,78,64,8570,2010,0.0,158514.0,-1.158567,-0.99413,FRO,DNK,760612
7987938,81,64,8570,2010,1115683.0,1318477.0,1.828224,0.386383,GBR,DNK,760612
7987939,90,64,8570,2010,11358177.0,21949.0,0.200249,1.4640090000000001,GRC,DNK,760612
7987940,92,64,8570,2010,0.0,8707.0,-0.45149700000000004,-0.9039299999999999,GRL,DNK,760612
7987941,97,64,8570,2010,0.0,2804.0,0.715745,1.9780259999999998,HKG,DNK,760612
7987942,100,64,8570,2010,449869.0,2557.0,0.8276979999999999,0.97415,HRV,DNK,760612
7987943,102,64,8570,2010,4800674.0,203232.0,1.514225,0.740341,HUN,DNK,760612
7987944,103,64,8570,2010,153077.0,0.0,-0.30878099999999997,1.07069,IDN,DNK,760612
7987945,104,64,8570,2010,0.0,23893.0,0.14485599999999998,2.408913,IND,DNK,760612
7987946,106,64,8570,2010,930.0,2099.0,1.371357,0.168795,IRL,DNK,760612
7987947,109,64,8570,2010,0.0,152661.0,0.20822100000000002,-0.318294,ISL,DNK,760612
7987948,111,64,8570,2010,7374358.0,172196.0,1.272385,0.545721,ITA,DNK,760612
7987949,112,64,8570,2010,0.0,116042.0,0.041471,-0.367177,JAM,DNK,760612
7987950,114,64,8570,2010,22164.0,0.0,2.459723,-0.279387,JPN,DNK,760612
7987951,121,64,8570,2010,0.0,41245.0,1.7118849999999999,0.762362,KOR,DNK,760612
7987952,128,64,8570,2010,0.0,5267.0,-0.70886,0.25216700000000003,LKA,DNK,760612
7987953,130,64,8570,2010,2621.0,675607.0,0.6390600000000001,1.144911,LTU,DNK,760612
7987954,131,64,8570,2010,0.0,4094.0,1.272127,1.1051520000000001,LUX,DNK,760612
7987955,132,64,8570,2010,5163.0,514372.0,0.6158170000000001,1.1401059999999998,LVA,DNK,760612
7987956,138,64,8570,2010,0.0,4420.0,1.132664,0.675756,MEX,DNK,760612
7987957,151,64,8570,2010,0.0,726.0,-0.173542,0.103727,MUS,DNK,760612
7987958,162,64,8570,2010,1087782.0,3513336.0,1.237998,1.1891209999999999,NLD,DNK,760612
7987959,163,64,8570,2010,49945968.0,1549078.0,0.865676,0.138757,NOR,DNK,760612
7987960,168,64,8570,2010,0.0,17432.0,-0.692071,0.5409010000000001,PAK,DNK,760612
7987961,173,64,8570,2010,0.0,13399.0,-0.650327,0.162321,PER,DNK,760612
7987962,177,64,8570,2010,2490557.0,2635134.0,1.083552,1.1433719999999998,POL,DNK,760612
7987963,179,64,8570,2010,0.0,505594.0,0.551149,2.437209,PRT,DNK,760612
7987964,185,64,8570,2010,3313862.0,2890.0,0.6483760000000001,1.200256,ROU,DNK,760612
7987965,186,64,8570,2010,6540.0,0.0,0.583996,-0.223881,RUS,DNK,760612
7987966,188,64,8570,2010,0.0,20406.0,0.46696400000000005,-0.7487520000000001,SAU,DNK,760612
7987967,192,64,8570,2010,0.0,1807.0,1.8441349999999999,0.570311,SGP,DNK,760612
7987968,201,64,8570,2010,2045277.0,0.0,0.561161,1.33974,SRB,DNK,760612
7987969,206,64,8570,2010,3687.0,90322.0,1.278601,0.726907,SVK,DNK,760612
7987970,207,64,8570,2010,2151592.0,37904.0,1.595473,0.7023020000000001,SVN,DNK,760612
7987971,208,64,8570,2010,16765266.0,10356872.0,1.882239,0.397927,SWE,DNK,760612
7987972,216,64,8570,2010,40424.0,12671.0,0.748328,1.425224,THA,DNK,760612
7987973,224,64,8570,2010,1037468.0,37053.0,0.359977,2.471173,TUR,DNK,760612
7987974,228,64,8570,2010,0.0,6322.0,0.714148,0.916267,UKR,DNK,760612
7987975,231,64,8570,2010,340933.0,225065.0,1.67573,-0.598165,USA,DNK,760612
7987976,239,64,8570,2010,0.0,1136.0,-0.24660500000000002,1.427235,VNM,DNK,760612
7987977,249,64,8570,2010,1229.0,0.0,1.766729,0.909335,TWN,DNK,760612
7987978,15,65,8570,2010,5962.0,0.0,1.724315,-0.29379099999999997,AUT,DOM,760612
7987979,39,65,8570,2010,32545.0,1456.0,0.752421,1.2208510000000001,CAN,DOM,760612
7987980,43,65,8570,2010,253603.0,0.0,0.922493,2.0176,CHN,DOM,760612
7987981,49,65,8570,2010,3786.0,0.0,0.097222,-0.064328,COL,DOM,760612
7987982,61,65,8570,2010,875432.0,0.0,2.035672,-3.383322,DEU,DOM,760612
7987983,64,65,8570,2010,133248.0,0.0,1.082468,1.280759,DNK,DOM,760612
7987984,71,65,8570,2010,7047.0,0.0,0.832619,2.448009,ESP,DOM,760612
7987985,81,65,8570,2010,34642.0,0.0,1.828224,0.386383,GBR,DOM,760612
7987986,111,65,8570,2010,264402.0,0.0,1.272385,0.545721,ITA,DOM,760612
7987987,169,65,8570,2010,837.0,0.0,0.617867,0.903432,PAN,DOM,760612
7987988,224,65,8570,2010,2183.0,0.0,0.359977,2.471173,TUR,DOM,760612
7987989,231,65,8570,2010,296441.0,0.0,1.67573,-0.598165,USA,DOM,760612
7987990,8,67,8570,2010,54499.0,0.0,0.27458899999999997,0.597907,ARG,ECU,760612
7987991,32,67,8570,2010,5058.0,0.0,0.40715500000000004,0.6208100000000001,BRA,ECU,760612
7987992,43,67,8570,2010,2806594.0,0.0,0.922493,2.0176,CHN,ECU,760612
7987993,49,67,8570,2010,137508.0,0.0,0.097222,-0.064328,COL,ECU,760612
7987994,61,67,8570,2010,300938.0,0.0,2.035672,-3.383322,DEU,ECU,760612
7987995,90,67,8570,2010,62550.0,0.0,0.200249,1.4640090000000001,GRC,ECU,760612
7987996,111,67,8570,2010,3566.0,0.0,1.272385,0.545721,ITA,ECU,760612
7987997,114,67,8570,2010,11204.0,0.0,2.459723,-0.279387,JPN,ECU,760612
7987998,162,67,8570,2010,222434.0,0.0,1.237998,1.1891209999999999,NLD,ECU,760612
7987999,169,67,8570,2010,1005.0,0.0,0.617867,0.903432,PAN,ECU,760612
7988000,173,67,8570,2010,32069.0,0.0,-0.650327,0.162321,PER,ECU,760612
7988001,231,67,8570,2010,176587.0,0.0,1.67573,-0.598165,USA,ECU,760612
7988002,250,67,8570,2010,0.0,1990.0,0.45129600000000003,-0.223517,ANS,ECU,760612
7988003,0,71,8570,2010,0.0,862.0,0.9906219999999999,0.159993,ABW,ESP,760612
7988004,5,71,8570,2010,0.0,8554.0,0.8963620000000001,0.7650399999999999,AND,ESP,760612
7988005,7,71,8570,2010,0.0,119636.0,0.29457,-0.196371,ARE,ESP,760612
7988006,8,71,8570,2010,0.0,1158481.0,0.27458899999999997,0.597907,ARG,ESP,760612
7988007,14,71,8570,2010,0.0,155921.0,-0.276442,0.062023,AUS,ESP,760612
7988008,15,71,8570,2010,9350697.0,430993.0,1.724315,-0.29379099999999997,AUT,ESP,760612
7988009,18,71,8570,2010,7122073.0,4098599.0,1.2224270000000002,1.1276,BEL,ESP,760612
7988010,23,71,8570,2010,483439.0,5788454.0,0.44973,1.445441,BGR,ESP,760612
7988011,24,71,8570,2010,130003.0,0.0,0.284356,-0.8362,BHR,ESP,760612
7988012,26,71,8570,2010,0.0,26464.0,0.462275,0.830405,BIH,ESP,760612
7988013,28,71,8570,2010,0.0,970976.0,0.969851,0.593386,BLR,ESP,760612
7988014,32,71,8570,2010,69359.0,676004.0,0.40715500000000004,0.6208100000000001,BRA,ESP,760612
7988015,39,71,8570,2010,23917.0,3347736.0,0.752421,1.2208510000000001,CAN,ESP,760612
7988016,41,71,8570,2010,1771773.0,22588554.0,2.1492080000000002,0.556424,CHE,ESP,760612
7988017,42,71,8570,2010,0.0,4213766.0,-0.34914,-0.459395,CHL,ESP,760612
7988018,43,71,8570,2010,2934781.0,253483.0,0.922493,2.0176,CHN,ESP,760612
7988019,47,71,8570,2010,0.0,44984.0,-1.536434,-1.175338,COG,ESP,760612
7988020,49,71,8570,2010,0.0,7841.0,0.097222,-0.064328,COL,ESP,760612
7988021,54,71,8570,2010,0.0,195360.0,-0.085462,-0.885019,CUB,ESP,760612
7988022,58,71,8570,2010,0.0,210283.0,0.8776450000000001,0.568389,CYP,ESP,760612
7988023,59,71,8570,2010,256622.0,1691164.0,1.732044,0.333934,CZE,ESP,760612
7988024,61,71,8570,2010,72445808.0,15864064.0,2.035672,-3.383322,DEU,ESP,760612
7988025,64,71,8570,2010,4908998.0,2263872.0,1.082468,1.280759,DNK,ESP,760612
7988026,65,71,8570,2010,0.0,7047.0,-0.245241,0.368626,DOM,ESP,760612
7988027,66,71,8570,2010,0.0,1463406.0,-1.00922,-1.1511040000000001,DZA,ESP,760612
7988028,68,71,8570,2010,0.0,123557.0,-0.181826,1.409465,EGY,ESP,760612
7988029,72,71,8570,2010,0.0,28626.0,0.832316,1.1844649999999999,EST,ESP,760612
7988030,74,71,8570,2010,48741.0,1415563.0,1.745464,0.897992,FIN,ESP,760612
7988031,77,71,8570,2010,20180750.0,26222288.0,1.530027,-0.052557000000000006,FRA,ESP,760612
7988032,80,71,8570,2010,0.0,45002.0,-1.707175,-1.167635,GAB,ESP,760612
7988033,81,71,8570,2010,3726790.0,39912488.0,1.828224,0.386383,GBR,ESP,760612
7988034,83,71,8570,2010,0.0,14308.0,-0.835003,-0.633731,GHA,ESP,760612
7988035,84,71,8570,2010,0.0,39029.0,0.570018,-0.585911,GIB,ESP,760612
7988036,89,71,8570,2010,0.0,51065.0,-1.077402,-0.86556,GNQ,ESP,760612
7988037,90,71,8570,2010,2857606.0,18424.0,0.200249,1.4640090000000001,GRC,ESP,760612
7988038,97,71,8570,2010,89026.0,30908.0,0.715745,1.9780259999999998,HKG,ESP,760612
7988039,99,71,8570,2010,0.0,330462.0,-0.569501,-0.153122,HND,ESP,760612
7988040,100,71,8570,2010,0.0,370954.0,0.8276979999999999,0.97415,HRV,ESP,760612
7988041,102,71,8570,2010,6470360.0,588452.0,1.514225,0.740341,HUN,ESP,760612
7988042,103,71,8570,2010,0.0,3738.0,-0.30878099999999997,1.07069,IDN,ESP,760612
7988043,104,71,8570,2010,0.0,6438.0,0.14485599999999998,2.408913,IND,ESP,760612
7988044,106,71,8570,2010,0.0,30863.0,1.371357,0.168795,IRL,ESP,760612
7988045,110,71,8570,2010,800595.0,3146.0,1.215834,0.7028340000000001,ISR,ESP,760612
7988046,111,71,8570,2010,68399256.0,19298704.0,1.272385,0.545721,ITA,ESP,760612
7988047,113,71,8570,2010,0.0,4754.0,0.251702,0.522758,JOR,ESP,760612
7988048,114,71,8570,2010,1165672.0,54170.0,2.459723,-0.279387,JPN,ESP,760612
7988049,115,71,8570,2010,0.0,62790.0,-0.6278020000000001,-0.8419760000000001,KAZ,ESP,760612
7988050,121,71,8570,2010,42901.0,1174551.0,1.7118849999999999,0.762362,KOR,ESP,760612
7988051,122,71,8570,2010,0.0,47173.0,0.067373,-1.0822120000000002,KWT,ESP,760612
7988052,124,71,8570,2010,0.0,207533.0,0.415854,1.424085,LBN,ESP,760612
7988053,130,71,8570,2010,1882.0,5338.0,0.6390600000000001,1.144911,LTU,ESP,760612
7988054,131,71,8570,2010,24574.0,2916.0,1.272127,1.1051520000000001,LUX,ESP,760612
7988055,134,71,8570,2010,3799.0,7003894.0,-0.5935229999999999,-0.056497000000000006,MAR,ESP,760612
7988056,138,71,8570,2010,0.0,3261751.0,1.132664,0.675756,MEX,ESP,760612
7988057,140,71,8570,2010,0.0,893.0,-0.122842,0.407017,MKD,ESP,760612
7988058,144,71,8570,2010,0.0,5122.0,0.266397,-0.02502,MNE,ESP,760612
7988059,156,71,8570,2010,0.0,175961.0,-0.42193500000000006,-0.8256610000000001,NCL,ESP,760612
7988060,162,71,8570,2010,8532392.0,7223402.0,1.237998,1.1891209999999999,NLD,ESP,760612
7988061,163,71,8570,2010,12476868.0,213364.0,0.865676,0.138757,NOR,ESP,760612
7988062,166,71,8570,2010,0.0,13874.0,0.36828299999999997,0.574574,NZL,ESP,760612
7988063,168,71,8570,2010,0.0,13213.0,-0.692071,0.5409010000000001,PAK,ESP,760612
7988064,173,71,8570,2010,0.0,9821.0,-0.650327,0.162321,PER,ESP,760612
7988065,174,71,8570,2010,0.0,2796.0,0.40418899999999996,0.102497,PHL,ESP,760612
7988066,177,71,8570,2010,53649.0,4350978.0,1.083552,1.1433719999999998,POL,ESP,760612
7988067,179,71,8570,2010,681717.0,20667728.0,0.551149,2.437209,PRT,ESP,760612
7988068,183,71,8570,2010,0.0,24624.0,-0.346143,-1.078192,QAT,ESP,760612
7988069,185,71,8570,2010,7281706.0,523981.0,0.6483760000000001,1.200256,ROU,ESP,760612
7988070,186,71,8570,2010,43778.0,5220148.0,0.583996,-0.223881,RUS,ESP,760612
7988071,188,71,8570,2010,0.0,135721.0,0.46696400000000005,-0.7487520000000001,SAU,ESP,760612
7988072,191,71,8570,2010,0.0,32459.0,-0.45445,-0.148149,SEN,ESP,760612
7988073,192,71,8570,2010,8300.0,8922.0,1.8441349999999999,0.570311,SGP,ESP,760612
7988074,201,71,8570,2010,62286.0,65753.0,0.561161,1.33974,SRB,ESP,760612
7988075,206,71,8570,2010,9027.0,220906.0,1.278601,0.726907,SVK,ESP,760612
7988076,207,71,8570,2010,1111658.0,1531035.0,1.595473,0.7023020000000001,SVN,ESP,760612
7988077,208,71,8570,2010,5472842.0,111017.0,1.882239,0.397927,SWE,ESP,760612
7988078,216,71,8570,2010,2481.0,0.0,0.748328,1.425224,THA,ESP,760612
7988079,222,71,8570,2010,0.0,15113.0,-0.338123,-1.070239,TTO,ESP,760612
7988080,223,71,8570,2010,0.0,797683.0,0.165019,0.8882059999999999,TUN,ESP,760612
7988081,224,71,8570,2010,12388889.0,496303.0,0.359977,2.471173,TUR,ESP,760612
7988082,228,71,8570,2010,0.0,25478.0,0.714148,0.916267,UKR,ESP,760612
7988083,231,71,8570,2010,8041472.0,132358.0,1.67573,-0.598165,USA,ESP,760612
7988084,240,71,8570,2010,0.0,4651.0,-0.8922190000000001,-0.87134,VUT,ESP,760612
7988085,246,71,8570,2010,32222.0,4308.0,0.327326,1.513598,ZAF,ESP,760612
7988086,249,71,8570,2010,171738.0,0.0,1.766729,0.909335,TWN,ESP,760612
7988087,250,71,8570,2010,187377.0,0.0,0.45129600000000003,-0.223517,ANS,ESP,760612
7988088,7,74,8570,2010,130434.0,0.0,0.29457,-0.196371,ARE,FIN,760612
7988089,14,74,8570,2010,4795.0,0.0,-0.276442,0.062023,AUS,FIN,760612
7988090,15,74,8570,2010,2164751.0,180174.0,1.724315,-0.29379099999999997,AUT,FIN,760612
7988091,18,74,8570,2010,1344173.0,1899164.0,1.2224270000000002,1.1276,BEL,FIN,760612
7988092,25,74,8570,2010,0.0,8002.0,0.495262,-0.6198779999999999,BHS,FIN,760612
7988093,39,74,8570,2010,20952.0,0.0,0.752421,1.2208510000000001,CAN,FIN,760612
7988094,41,74,8570,2010,625123.0,89015.0,2.1492080000000002,0.556424,CHE,FIN,760612
7988095,43,74,8570,2010,1850036.0,34510.0,0.922493,2.0176,CHN,FIN,760612
7988096,59,74,8570,2010,28498.0,288306.0,1.732044,0.333934,CZE,FIN,760612
7988097,61,74,8570,2010,20898028.0,31337.0,2.035672,-3.383322,DEU,FIN,760612
7988098,64,74,8570,2010,1012665.0,71373.0,1.082468,1.280759,DNK,FIN,760612
7988099,68,74,8570,2010,27779.0,0.0,-0.181826,1.409465,EGY,FIN,760612
7988100,71,74,8570,2010,1415563.0,48741.0,0.832619,2.448009,ESP,FIN,760612
7988101,72,74,8570,2010,25880.0,1522857.0,0.832316,1.1844649999999999,EST,FIN,760612
7988102,77,74,8570,2010,901976.0,69475.0,1.530027,-0.052557000000000006,FRA,FIN,760612
7988103,81,74,8570,2010,1755466.0,6600.0,1.828224,0.386383,GBR,FIN,760612
7988104,90,74,8570,2010,178238.0,0.0,0.200249,1.4640090000000001,GRC,FIN,760612
7988105,97,74,8570,2010,178739.0,0.0,0.715745,1.9780259999999998,HKG,FIN,760612
7988106,102,74,8570,2010,3191896.0,0.0,1.514225,0.740341,HUN,FIN,760612
7988107,104,74,8570,2010,0.0,21289.0,0.14485599999999998,2.408913,IND,FIN,760612
7988108,111,74,8570,2010,2811598.0,41963.0,1.272385,0.545721,ITA,FIN,760612
7988109,116,74,8570,2010,90582.0,0.0,-0.387187,1.010443,KEN,FIN,760612
7988110,132,74,8570,2010,0.0,30297.0,0.6158170000000001,1.1401059999999998,LVA,FIN,760612
7988111,153,74,8570,2010,2019.0,0.0,0.9530780000000001,0.607456,MYS,FIN,760612
7988112,162,74,8570,2010,708710.0,6286.0,1.237998,1.1891209999999999,NLD,FIN,760612
7988113,163,74,8570,2010,2312900.0,223848.0,0.865676,0.138757,NOR,FIN,760612
7988114,177,74,8570,2010,3360715.0,4197.0,1.083552,1.1433719999999998,POL,FIN,760612
7988115,185,74,8570,2010,135563.0,0.0,0.6483760000000001,1.200256,ROU,FIN,760612
7988116,186,74,8570,2010,545310.0,106441.0,0.583996,-0.223881,RUS,FIN,760612
7988117,192,74,8570,2010,0.0,22256.0,1.8441349999999999,0.570311,SGP,FIN,760612
7988118,207,74,8570,2010,706658.0,0.0,1.595473,0.7023020000000001,SVN,FIN,760612
7988119,208,74,8570,2010,6692753.0,2604329.0,1.882239,0.397927,SWE,FIN,760612
7988120,224,74,8570,2010,2683.0,0.0,0.359977,2.471173,TUR,FIN,760612
7988121,231,74,8570,2010,136294.0,1592.0,1.67573,-0.598165,USA,FIN,760612
7988122,246,74,8570,2010,65504.0,1007.0,0.327326,1.513598,ZAF,FIN,760612
7988123,249,74,8570,2010,1061032.0,0.0,1.766729,0.909335,TWN,FIN,760612
7988124,2,77,8570,2010,0.0,6159.0,-1.3711010000000001,-1.170608,AGO,FRA,760612
7988125,7,77,8570,2010,0.0,31603576.0,0.29457,-0.196371,ARE,FRA,760612
7988126,8,77,8570,2010,30353.0,2412.0,0.27458899999999997,0.597907,ARG,FRA,760612
7988127,11,77,8570,2010,0.0,14581.0,1.337233,0.166186,ATA,FRA,760612
7988128,14,77,8570,2010,1916.0,13798171.0,-0.276442,0.062023,AUS,FRA,760612
7988129,15,77,8570,2010,33327326.0,126277952.0,1.724315,-0.29379099999999997,AUT,FRA,760612
7988130,18,77,8570,2010,60723720.0,54334992.0,1.2224270000000002,1.1276,BEL,FRA,760612
7988131,21,77,8570,2010,0.0,1272.0,-0.625747,-0.700651,BFA,FRA,760612
7988132,22,77,8570,2010,0.0,29085.0,-0.974526,-0.76566,BGD,FRA,760612
7988133,23,77,8570,2010,2460196.0,129692.0,0.44973,1.445441,BGR,FRA,760612
7988134,24,77,8570,2010,20752522.0,62397.0,0.284356,-0.8362,BHR,FRA,760612
7988135,26,77,8570,2010,83529.0,0.0,0.462275,0.830405,BIH,FRA,760612
7988136,32,77,8570,2010,0.0,11388747.0,0.40715500000000004,0.6208100000000001,BRA,FRA,760612
7988137,38,77,8570,2010,0.0,1910.0,0.062649,-0.6461779999999999,CAF,FRA,760612
7988138,39,77,8570,2010,770507.0,3441343.0,0.752421,1.2208510000000001,CAN,FRA,760612
7988139,41,77,8570,2010,75726120.0,10196755.0,2.1492080000000002,0.556424,CHE,FRA,760612
7988140,42,77,8570,2010,0.0,386500.0,-0.34914,-0.459395,CHL,FRA,760612
7988141,43,77,8570,2010,3429982.0,17451836.0,0.922493,2.0176,CHN,FRA,760612
7988142,44,77,8570,2010,0.0,54075.0,-1.256641,-0.946767,CIV,FRA,760612
7988143,45,77,8570,2010,37218.0,59167.0,-1.114209,-1.0127899999999999,CMR,FRA,760612
7988144,47,77,8570,2010,0.0,13870.0,-1.536434,-1.175338,COG,FRA,760612
7988145,49,77,8570,2010,0.0,50141.0,0.097222,-0.064328,COL,FRA,760612
7988146,52,77,8570,2010,6225.0,0.0,-0.122722,-0.7062069999999999,CRI,FRA,760612
7988147,58,77,8570,2010,0.0,328131.0,0.8776450000000001,0.568389,CYP,FRA,760612
7988148,59,77,8570,2010,630443.0,31346568.0,1.732044,0.333934,CZE,FRA,760612
7988149,61,77,8570,2010,188129920.0,314781408.0,2.035672,-3.383322,DEU,FRA,760612
7988150,64,77,8570,2010,2064800.0,47485280.0,1.082468,1.280759,DNK,FRA,760612
7988151,66,77,8570,2010,0.0,1206680.0,-1.00922,-1.1511040000000001,DZA,FRA,760612
7988152,68,77,8570,2010,3090832.0,4106730.0,-0.181826,1.409465,EGY,FRA,760612
7988153,71,77,8570,2010,26222288.0,20180750.0,0.832619,2.448009,ESP,FRA,760612
7988154,72,77,8570,2010,0.0,553381.0,0.832316,1.1844649999999999,EST,FRA,760612
7988155,74,77,8570,2010,69475.0,901976.0,1.745464,0.897992,FIN,FRA,760612
7988156,80,77,8570,2010,0.0,656153.0,-1.707175,-1.167635,GAB,FRA,760612
7988157,81,77,8570,2010,25463658.0,238606352.0,1.828224,0.386383,GBR,FRA,760612
7988158,90,77,8570,2010,33852460.0,4901354.0,0.200249,1.4640090000000001,GRC,FRA,760612
7988159,97,77,8570,2010,0.0,259501.0,0.715745,1.9780259999999998,HKG,FRA,760612
7988160,100,77,8570,2010,1922804.0,128315.0,0.8276979999999999,0.97415,HRV,FRA,760612
7988161,102,77,8570,2010,13458395.0,5405004.0,1.514225,0.740341,HUN,FRA,760612
7988162,103,77,8570,2010,0.0,1831623.0,-0.30878099999999997,1.07069,IDN,FRA,760612
7988163,104,77,8570,2010,410631.0,5184738.0,0.14485599999999998,2.408913,IND,FRA,760612
7988164,106,77,8570,2010,26934.0,530679.0,1.371357,0.168795,IRL,FRA,760612
7988165,109,77,8570,2010,0.0,332148.0,0.20822100000000002,-0.318294,ISL,FRA,760612
7988166,110,77,8570,2010,25862.0,2324924.0,1.215834,0.7028340000000001,ISR,FRA,760612
7988167,111,77,8570,2010,80262488.0,53515004.0,1.272385,0.545721,ITA,FRA,760612
7988168,113,77,8570,2010,0.0,3787661.0,0.251702,0.522758,JOR,FRA,760612
7988169,114,77,8570,2010,5247.0,3257945.0,2.459723,-0.279387,JPN,FRA,760612
7988170,115,77,8570,2010,0.0,438869.0,-0.6278020000000001,-0.8419760000000001,KAZ,FRA,760612
7988171,116,77,8570,2010,0.0,121657.0,-0.387187,1.010443,KEN,FRA,760612
7988172,121,77,8570,2010,3030.0,7747468.0,1.7118849999999999,0.762362,KOR,FRA,760612
7988173,122,77,8570,2010,0.0,204135.0,0.067373,-1.0822120000000002,KWT,FRA,760612
7988174,124,77,8570,2010,0.0,499083.0,0.415854,1.424085,LBN,FRA,760612
7988175,126,77,8570,2010,0.0,15590.0,-0.706491,-1.140822,LBY,FRA,760612
7988176,130,77,8570,2010,0.0,20207.0,0.6390600000000001,1.144911,LTU,FRA,760612
7988177,131,77,8570,2010,450146.0,397122.0,1.272127,1.1051520000000001,LUX,FRA,760612
7988178,132,77,8570,2010,0.0,74444.0,0.6158170000000001,1.1401059999999998,LVA,FRA,760612
7988179,134,77,8570,2010,313006.0,1094129.0,-0.5935229999999999,-0.056497000000000006,MAR,FRA,760612
7988180,136,77,8570,2010,0.0,32604.0,-0.8737799999999999,-0.043717,MDG,FRA,760612
7988181,138,77,8570,2010,2968.0,340032.0,1.132664,0.675756,MEX,FRA,760612
7988182,140,77,8570,2010,0.0,31687.0,-0.122842,0.407017,MKD,FRA,760612
7988183,141,77,8570,2010,0.0,20578.0,-0.585496,-0.655841,MLI,FRA,760612
7988184,151,77,8570,2010,3958.0,87306.0,-0.173542,0.103727,MUS,FRA,760612
7988185,153,77,8570,2010,0.0,837271.0,0.9530780000000001,0.607456,MYS,FRA,760612
7988186,154,77,8570,2010,0.0,4157.0,1.371744,-0.072045,MYT,FRA,760612
7988187,156,77,8570,2010,0.0,7848.0,-0.42193500000000006,-0.8256610000000001,NCL,FRA,760612
7988188,157,77,8570,2010,0.0,34982.0,-0.829902,-0.826152,NER,FRA,760612
7988189,159,77,8570,2010,0.0,797001.0,-1.887084,-1.2280229999999999,NGA,FRA,760612
7988190,162,77,8570,2010,21955530.0,19990400.0,1.237998,1.1891209999999999,NLD,FRA,760612
7988191,163,77,8570,2010,5512966.0,1528902.0,0.865676,0.138757,NOR,FRA,760612
7988192,166,77,8570,2010,0.0,281636.0,0.36828299999999997,0.574574,NZL,FRA,760612
7988193,168,77,8570,2010,0.0,8980.0,-0.692071,0.5409010000000001,PAK,FRA,760612
7988194,173,77,8570,2010,0.0,34606.0,-0.650327,0.162321,PER,FRA,760612
7988195,177,77,8570,2010,7850093.0,99538616.0,1.083552,1.1433719999999998,POL,FRA,760612
7988196,179,77,8570,2010,926842.0,6114277.0,0.551149,2.437209,PRT,FRA,760612
7988197,182,77,8570,2010,0.0,70264.0,-0.47692700000000005,-0.8429760000000001,PYF,FRA,760612
7988198,183,77,8570,2010,0.0,1391429.0,-0.346143,-1.078192,QAT,FRA,760612
7988199,185,77,8570,2010,6569084.0,1156434.0,0.6483760000000001,1.200256,ROU,FRA,760612
7988200,186,77,8570,2010,1229288.0,827328.0,0.583996,-0.223881,RUS,FRA,760612
7988201,188,77,8570,2010,0.0,45946560.0,0.46696400000000005,-0.7487520000000001,SAU,FRA,760612
7988202,191,77,8570,2010,0.0,91726.0,-0.45445,-0.148149,SEN,FRA,760612
7988203,192,77,8570,2010,0.0,167724.0,1.8441349999999999,0.570311,SGP,FRA,760612
7988204,201,77,8570,2010,8600581.0,2484.0,0.561161,1.33974,SRB,FRA,760612
7988205,206,77,8570,2010,1218254.0,4154066.0,1.278601,0.726907,SVK,FRA,760612
7988206,207,77,8570,2010,7858983.0,203473.0,1.595473,0.7023020000000001,SVN,FRA,760612
7988207,208,77,8570,2010,22212306.0,90888360.0,1.882239,0.397927,SWE,FRA,760612
7988208,212,77,8570,2010,0.0,20434.0,-0.46833800000000003,1.11952,SYR,FRA,760612
7988209,216,77,8570,2010,3253.0,1355397.0,0.748328,1.425224,THA,FRA,760612
7988210,223,77,8570,2010,87512.0,763182.0,0.165019,0.8882059999999999,TUN,FRA,760612
7988211,224,77,8570,2010,958049.0,40661736.0,0.359977,2.471173,TUR,FRA,760612
7988212,228,77,8570,2010,0.0,418218.0,0.714148,0.916267,UKR,FRA,760612
7988213,230,77,8570,2010,0.0,47892.0,0.217246,-0.079733,URY,FRA,760612
7988214,231,77,8570,2010,40195784.0,14261274.0,1.67573,-0.598165,USA,FRA,760612
7988215,239,77,8570,2010,0.0,92330.0,-0.24660500000000002,1.427235,VNM,FRA,760612
7988216,240,77,8570,2010,0.0,1334.0,-0.8922190000000001,-0.87134,VUT,FRA,760612
7988217,246,77,8570,2010,4026148.0,1382929.0,0.327326,1.513598,ZAF,FRA,760612
7988218,249,77,8570,2010,2929.0,644939.0,1.766729,0.909335,TWN,FRA,760612
7988219,250,77,8570,2010,1369284.0,0.0,0.45129600000000003,-0.223517,ANS,FRA,760612
7988220,2,81,8570,2010,0.0,1772.0,-1.3711010000000001,-1.170608,AGO,GBR,760612
7988221,4,81,8570,2010,0.0,878.0,-0.5316,-0.219561,ALB,GBR,760612
7988222,7,81,8570,2010,0.0,611135.0,0.29457,-0.196371,ARE,GBR,760612
7988223,8,81,8570,2010,0.0,133492.0,0.27458899999999997,0.597907,ARG,GBR,760612
7988224,14,81,8570,2010,11730.0,93406.0,-0.276442,0.062023,AUS,GBR,760612
7988225,15,81,8570,2010,18714240.0,1443840.0,1.724315,-0.29379099999999997,AUT,GBR,760612
7988226,18,81,8570,2010,41946888.0,5086496.0,1.2224270000000002,1.1276,BEL,GBR,760612
7988227,23,81,8570,2010,0.0,5326.0,0.44973,1.445441,BGR,GBR,760612
7988228,24,81,8570,2010,35215.0,292643.0,0.284356,-0.8362,BHR,GBR,760612
7988229,28,81,8570,2010,0.0,5377.0,0.969851,0.593386,BLR,GBR,760612
7988230,32,81,8570,2010,11180.0,625982.0,0.40715500000000004,0.6208100000000001,BRA,GBR,760612
7988231,33,81,8570,2010,0.0,1940.0,0.7076140000000001,0.434993,BRB,GBR,760612
7988232,34,81,8570,2010,0.0,13818.0,0.717167,-0.764841,BRN,GBR,760612
7988233,39,81,8570,2010,385073.0,146268.0,0.752421,1.2208510000000001,CAN,GBR,760612
7988234,41,81,8570,2010,6893524.0,3127984.0,2.1492080000000002,0.556424,CHE,GBR,760612
7988235,42,81,8570,2010,0.0,42348.0,-0.34914,-0.459395,CHL,GBR,760612
7988236,43,81,8570,2010,14021963.0,22504412.0,0.922493,2.0176,CHN,GBR,760612
7988237,45,81,8570,2010,0.0,16488.0,-1.114209,-1.0127899999999999,CMR,GBR,760612
7988238,49,81,8570,2010,0.0,2176.0,0.097222,-0.064328,COL,GBR,760612
7988239,52,81,8570,2010,0.0,5017.0,-0.122722,-0.7062069999999999,CRI,GBR,760612
7988240,58,81,8570,2010,0.0,533369.0,0.8776450000000001,0.568389,CYP,GBR,760612
7988241,59,81,8570,2010,39846.0,290346.0,1.732044,0.333934,CZE,GBR,760612
7988242,61,81,8570,2010,282528192.0,38154264.0,2.035672,-3.383322,DEU,GBR,760612
7988243,64,81,8570,2010,1318477.0,1115683.0,1.082468,1.280759,DNK,GBR,760612
7988244,65,81,8570,2010,0.0,34642.0,-0.245241,0.368626,DOM,GBR,760612
7988245,66,81,8570,2010,0.0,6042.0,-1.00922,-1.1511040000000001,DZA,GBR,760612
7988246,68,81,8570,2010,0.0,110859.0,-0.181826,1.409465,EGY,GBR,760612
7988247,71,81,8570,2010,39912488.0,3726790.0,0.832619,2.448009,ESP,GBR,760612
7988248,72,81,8570,2010,0.0,11549.0,0.832316,1.1844649999999999,EST,GBR,760612
7988249,74,81,8570,2010,6600.0,1755466.0,1.745464,0.897992,FIN,GBR,760612
7988250,76,81,8570,2010,0.0,16358.0,-1.173959,-0.9282549999999999,FLK,GBR,760612
7988251,77,81,8570,2010,238606352.0,25463658.0,1.530027,-0.052557000000000006,FRA,GBR,760612
7988252,83,81,8570,2010,0.0,8271.0,-0.835003,-0.633731,GHA,GBR,760612
7988253,90,81,8570,2010,9100117.0,362770.0,0.200249,1.4640090000000001,GRC,GBR,760612
7988254,97,81,8570,2010,0.0,2066330.0,0.715745,1.9780259999999998,HKG,GBR,760612
7988255,100,81,8570,2010,1251136.0,4612.0,0.8276979999999999,0.97415,HRV,GBR,760612
7988256,102,81,8570,2010,24453438.0,172167.0,1.514225,0.740341,HUN,GBR,760612
7988257,103,81,8570,2010,0.0,5262501.0,-0.30878099999999997,1.07069,IDN,GBR,760612
7988258,104,81,8570,2010,404246.0,6430394.0,0.14485599999999998,2.408913,IND,GBR,760612
7988259,106,81,8570,2010,321814.0,6231974.0,1.371357,0.168795,IRL,GBR,760612
7988260,107,81,8570,2010,0.0,2191.0,-0.609874,-0.744733,IRN,GBR,760612
7988261,109,81,8570,2010,0.0,78285.0,0.20822100000000002,-0.318294,ISL,GBR,760612
7988262,110,81,8570,2010,2053936.0,4201756.0,1.215834,0.7028340000000001,ISR,GBR,760612
7988263,111,81,8570,2010,13040196.0,7488238.0,1.272385,0.545721,ITA,GBR,760612
7988264,113,81,8570,2010,0.0,79570.0,0.251702,0.522758,JOR,GBR,760612
7988265,114,81,8570,2010,1716922.0,2768616.0,2.459723,-0.279387,JPN,GBR,760612
7988266,115,81,8570,2010,0.0,577713.0,-0.6278020000000001,-0.8419760000000001,KAZ,GBR,760612
7988267,116,81,8570,2010,0.0,44430.0,-0.387187,1.010443,KEN,GBR,760612
7988268,121,81,8570,2010,22827.0,1599189.0,1.7118849999999999,0.762362,KOR,GBR,760612
7988269,122,81,8570,2010,0.0,113818.0,0.067373,-1.0822120000000002,KWT,GBR,760612
7988270,124,81,8570,2010,0.0,1921.0,0.415854,1.424085,LBN,GBR,760612
7988271,127,81,8570,2010,0.0,10587.0,0.446162,-0.279229,LCA,GBR,760612
7988272,131,81,8570,2010,0.0,1149.0,1.272127,1.1051520000000001,LUX,GBR,760612
7988273,134,81,8570,2010,0.0,8192.0,-0.5935229999999999,-0.056497000000000006,MAR,GBR,760612
7988274,135,81,8570,2010,0.0,1081.0,-0.116797,0.037801,MDA,GBR,760612
7988275,138,81,8570,2010,904.0,2715.0,1.132664,0.675756,MEX,GBR,760612
7988276,142,81,8570,2010,0.0,29490.0,1.211797,-0.024923,MLT,GBR,760612
7988277,151,81,8570,2010,0.0,15803.0,-0.173542,0.103727,MUS,GBR,760612
7988278,153,81,8570,2010,10916.0,2005712.0,0.9530780000000001,0.607456,MYS,GBR,760612
7988279,159,81,8570,2010,51869.0,6074.0,-1.887084,-1.2280229999999999,NGA,GBR,760612
7988280,162,81,8570,2010,8542911.0,4980058.0,1.237998,1.1891209999999999,NLD,GBR,760612
7988281,163,81,8570,2010,20935486.0,653040.0,0.865676,0.138757,NOR,GBR,760612
7988282,166,81,8570,2010,0.0,76980.0,0.36828299999999997,0.574574,NZL,GBR,760612
7988283,167,81,8570,2010,0.0,48967.0,-0.487612,-0.9551379999999999,OMN,GBR,760612
7988284,168,81,8570,2010,0.0,14701.0,-0.692071,0.5409010000000001,PAK,GBR,760612
7988285,177,81,8570,2010,238417.0,3454352.0,1.083552,1.1433719999999998,POL,GBR,760612
7988286,179,81,8570,2010,24891.0,518114.0,0.551149,2.437209,PRT,GBR,760612
7988287,181,81,8570,2010,0.0,180.0,0.12470099999999999,0.576382,PSE,GBR,760612
7988288,183,81,8570,2010,0.0,393072.0,-0.346143,-1.078192,QAT,GBR,760612
7988289,185,81,8570,2010,13494777.0,740428.0,0.6483760000000001,1.200256,ROU,GBR,760612
7988290,186,81,8570,2010,671838.0,1873080.0,0.583996,-0.223881,RUS,GBR,760612
7988291,188,81,8570,2010,0.0,1194598.0,0.46696400000000005,-0.7487520000000001,SAU,GBR,760612
7988292,192,81,8570,2010,0.0,2547978.0,1.8441349999999999,0.570311,SGP,GBR,760612
7988293,201,81,8570,2010,342864.0,7117.0,0.561161,1.33974,SRB,GBR,760612
7988294,206,81,8570,2010,0.0,8740.0,1.278601,0.726907,SVK,GBR,760612
7988295,207,81,8570,2010,425033.0,86875.0,1.595473,0.7023020000000001,SVN,GBR,760612
7988296,208,81,8570,2010,27626326.0,7486825.0,1.882239,0.397927,SWE,GBR,760612
7988297,212,81,8570,2010,0.0,67747.0,-0.46833800000000003,1.11952,SYR,GBR,760612
7988298,216,81,8570,2010,27032.0,66812.0,0.748328,1.425224,THA,GBR,760612
7988299,222,81,8570,2010,0.0,6313.0,-0.338123,-1.070239,TTO,GBR,760612
7988300,224,81,8570,2010,17645032.0,1858116.0,0.359977,2.471173,TUR,GBR,760612
7988301,228,81,8570,2010,0.0,23485.0,0.714148,0.916267,UKR,GBR,760612
7988302,230,81,8570,2010,0.0,17395.0,0.217246,-0.079733,URY,GBR,760612
7988303,231,81,8570,2010,33375930.0,2463900.0,1.67573,-0.598165,USA,GBR,760612
7988304,239,81,8570,2010,0.0,54255.0,-0.24660500000000002,1.427235,VNM,GBR,760612
7988305,246,81,8570,2010,21823766.0,874437.0,0.327326,1.513598,ZAF,GBR,760612
7988306,249,81,8570,2010,67917.0,1328667.0,1.766729,0.909335,TWN,GBR,760612
7988307,4,90,8570,2010,25727.0,72480.0,-0.5316,-0.219561,ALB,GRC,760612
7988308,7,90,8570,2010,0.0,1235534.0,0.29457,-0.196371,ARE,GRC,760612
7988309,8,90,8570,2010,0.0,475856.0,0.27458899999999997,0.597907,ARG,GRC,760612
7988310,14,90,8570,2010,0.0,18447858.0,-0.276442,0.062023,AUS,GRC,760612
7988311,15,90,8570,2010,24277.0,1228708.0,1.724315,-0.29379099999999997,AUT,GRC,760612
7988312,18,90,8570,2010,238256.0,2601830.0,1.2224270000000002,1.1276,BEL,GRC,760612
7988313,23,90,8570,2010,87821.0,6027570.0,0.44973,1.445441,BGR,GRC,760612
7988314,24,90,8570,2010,0.0,20732.0,0.284356,-0.8362,BHR,GRC,760612
7988315,26,90,8570,2010,0.0,423507.0,0.462275,0.830405,BIH,GRC,760612
7988316,28,90,8570,2010,0.0,2630.0,0.969851,0.593386,BLR,GRC,760612
7988317,32,90,8570,2010,0.0,446313.0,0.40715500000000004,0.6208100000000001,BRA,GRC,760612
7988318,34,90,8570,2010,0.0,272266.0,0.717167,-0.764841,BRN,GRC,760612
7988319,39,90,8570,2010,10728.0,7350360.0,0.752421,1.2208510000000001,CAN,GRC,760612
7988320,41,90,8570,2010,75263.0,3873047.0,2.1492080000000002,0.556424,CHE,GRC,760612
7988321,43,90,8570,2010,3555550.0,17951146.0,0.922493,2.0176,CHN,GRC,760612
7988322,44,90,8570,2010,0.0,26595.0,-1.256641,-0.946767,CIV,GRC,760612
7988323,58,90,8570,2010,0.0,618770.0,0.8776450000000001,0.568389,CYP,GRC,760612
7988324,59,90,8570,2010,52473.0,2251634.0,1.732044,0.333934,CZE,GRC,760612
7988325,61,90,8570,2010,6786556.0,37783320.0,2.035672,-3.383322,DEU,GRC,760612
7988326,64,90,8570,2010,21949.0,11358177.0,1.082468,1.280759,DNK,GRC,760612
7988327,67,90,8570,2010,0.0,62550.0,-0.584013,-0.743675,ECU,GRC,760612
7988328,68,90,8570,2010,0.0,549318.0,-0.181826,1.409465,EGY,GRC,760612
7988329,71,90,8570,2010,18424.0,2857606.0,0.832619,2.448009,ESP,GRC,760612
7988330,72,90,8570,2010,0.0,58595.0,0.832316,1.1844649999999999,EST,GRC,760612
7988331,73,90,8570,2010,0.0,209589.0,-1.122906,-0.840777,ETH,GRC,760612
7988332,74,90,8570,2010,0.0,178238.0,1.745464,0.897992,FIN,GRC,760612
7988333,77,90,8570,2010,4901354.0,33852460.0,1.530027,-0.052557000000000006,FRA,GRC,760612
7988334,80,90,8570,2010,0.0,18322.0,-1.707175,-1.167635,GAB,GRC,760612
7988335,81,90,8570,2010,362770.0,9100117.0,1.828224,0.386383,GBR,GRC,760612
7988336,97,90,8570,2010,0.0,778763.0,0.715745,1.9780259999999998,HKG,GRC,760612
7988337,100,90,8570,2010,0.0,339670.0,0.8276979999999999,0.97415,HRV,GRC,760612
7988338,102,90,8570,2010,0.0,3906406.0,1.514225,0.740341,HUN,GRC,760612
7988339,103,90,8570,2010,0.0,428548.0,-0.30878099999999997,1.07069,IDN,GRC,760612
7988340,104,90,8570,2010,0.0,470109.0,0.14485599999999998,2.408913,IND,GRC,760612
7988341,106,90,8570,2010,0.0,51058.0,1.371357,0.168795,IRL,GRC,760612
7988342,107,90,8570,2010,0.0,261910.0,-0.609874,-0.744733,IRN,GRC,760612
7988343,109,90,8570,2010,0.0,109068.0,0.20822100000000002,-0.318294,ISL,GRC,760612
7988344,110,90,8570,2010,166600.0,6241979.0,1.215834,0.7028340000000001,ISR,GRC,760612
7988345,111,90,8570,2010,5526676.0,33441056.0,1.272385,0.545721,ITA,GRC,760612
7988346,113,90,8570,2010,0.0,501802.0,0.251702,0.522758,JOR,GRC,760612
7988347,114,90,8570,2010,0.0,1681170.0,2.459723,-0.279387,JPN,GRC,760612
7988348,121,90,8570,2010,0.0,518731.0,1.7118849999999999,0.762362,KOR,GRC,760612
7988349,122,90,8570,2010,0.0,246397.0,0.067373,-1.0822120000000002,KWT,GRC,760612
7988350,124,90,8570,2010,0.0,129762.0,0.415854,1.424085,LBN,GRC,760612
7988351,126,90,8570,2010,0.0,50731.0,-0.706491,-1.140822,LBY,GRC,760612
7988352,131,90,8570,2010,0.0,1082278.0,1.272127,1.1051520000000001,LUX,GRC,760612
7988353,134,90,8570,2010,0.0,753974.0,-0.5935229999999999,-0.056497000000000006,MAR,GRC,760612
7988354,135,90,8570,2010,0.0,158640.0,-0.116797,0.037801,MDA,GRC,760612
7988355,138,90,8570,2010,0.0,399033.0,1.132664,0.675756,MEX,GRC,760612
7988356,140,90,8570,2010,0.0,43940.0,-0.122842,0.407017,MKD,GRC,760612
7988357,142,90,8570,2010,0.0,68684.0,1.211797,-0.024923,MLT,GRC,760612
7988358,144,90,8570,2010,0.0,104006.0,0.266397,-0.02502,MNE,GRC,760612
7988359,153,90,8570,2010,0.0,104902.0,0.9530780000000001,0.607456,MYS,GRC,760612
7988360,162,90,8570,2010,414450.0,14063588.0,1.237998,1.1891209999999999,NLD,GRC,760612
7988361,163,90,8570,2010,0.0,202848.0,0.865676,0.138757,NOR,GRC,760612
7988362,166,90,8570,2010,0.0,1040578.0,0.36828299999999997,0.574574,NZL,GRC,760612
7988363,177,90,8570,2010,114829.0,41715812.0,1.083552,1.1433719999999998,POL,GRC,760612
7988364,179,90,8570,2010,0.0,2578760.0,0.551149,2.437209,PRT,GRC,760612
7988365,183,90,8570,2010,0.0,30075.0,-0.346143,-1.078192,QAT,GRC,760612
7988366,185,90,8570,2010,1232.0,3742226.0,0.6483760000000001,1.200256,ROU,GRC,760612
7988367,186,90,8570,2010,0.0,301508.0,0.583996,-0.223881,RUS,GRC,760612
7988368,188,90,8570,2010,0.0,387596.0,0.46696400000000005,-0.7487520000000001,SAU,GRC,760612
7988369,191,90,8570,2010,0.0,32670.0,-0.45445,-0.148149,SEN,GRC,760612
7988370,192,90,8570,2010,0.0,3879934.0,1.8441349999999999,0.570311,SGP,GRC,760612
7988371,201,90,8570,2010,21978.0,1069909.0,0.561161,1.33974,SRB,GRC,760612
7988372,206,90,8570,2010,0.0,64689.0,1.278601,0.726907,SVK,GRC,760612
7988373,207,90,8570,2010,0.0,48993.0,1.595473,0.7023020000000001,SVN,GRC,760612
7988374,208,90,8570,2010,403110.0,1338369.0,1.882239,0.397927,SWE,GRC,760612
7988375,212,90,8570,2010,0.0,24583.0,-0.46833800000000003,1.11952,SYR,GRC,760612
7988376,216,90,8570,2010,0.0,559908.0,0.748328,1.425224,THA,GRC,760612
7988377,224,90,8570,2010,2592392.0,20406426.0,0.359977,2.471173,TUR,GRC,760612
7988378,228,90,8570,2010,0.0,182484.0,0.714148,0.916267,UKR,GRC,760612
7988379,230,90,8570,2010,0.0,701855.0,0.217246,-0.079733,URY,GRC,760612
7988380,231,90,8570,2010,55185.0,58358300.0,1.67573,-0.598165,USA,GRC,760612
7988381,239,90,8570,2010,0.0,867181.0,-0.24660500000000002,1.427235,VNM,GRC,760612
7988382,246,90,8570,2010,0.0,391742.0,0.327326,1.513598,ZAF,GRC,760612
7988383,249,90,8570,2010,29861.0,488122.0,1.766729,0.909335,TWN,GRC,760612
7988384,250,90,8570,2010,0.0,776278.0,0.45129600000000003,-0.223517,ANS,GRC,760612
7988385,18,93,8570,2010,176140.0,0.0,1.2224270000000002,1.1276,BEL,GTM,760612
7988386,43,93,8570,2010,240183.0,0.0,0.922493,2.0176,CHN,GTM,760612
7988387,49,93,8570,2010,21127.0,0.0,0.097222,-0.064328,COL,GTM,760612
7988388,52,93,8570,2010,10758.0,0.0,-0.122722,-0.7062069999999999,CRI,GTM,760612
7988389,61,93,8570,2010,1038656.0,0.0,2.035672,-3.383322,DEU,GTM,760612
7988390,138,93,8570,2010,170382.0,0.0,1.132664,0.675756,MEX,GTM,760612
7988391,166,93,8570,2010,0.0,37428.0,0.36828299999999997,0.574574,NZL,GTM,760612
7988392,169,93,8570,2010,19514.0,0.0,0.617867,0.903432,PAN,GTM,760612
7988393,197,93,8570,2010,33398.0,156497.0,-0.101434,0.132639,SLV,GTM,760612
7988394,231,93,8570,2010,46262604.0,424450.0,1.67573,-0.598165,USA,GTM,760612
7988395,13,96,8570,2010,0.0,1120.0,1.2153129999999999,0.955838,ATG,GUY,760612
7988396,33,96,8570,2010,0.0,2786.0,0.7076140000000001,0.434993,BRB,GUY,760612
7988397,169,96,8570,2010,4663.0,0.0,0.617867,0.903432,PAN,GUY,760612
7988398,231,96,8570,2010,20422.0,0.0,1.67573,-0.598165,USA,GUY,760612
7988399,239,96,8570,2010,246073.0,0.0,-0.24660500000000002,1.427235,VNM,GUY,760612
7988400,14,97,8570,2010,2251159.0,459288.0,-0.276442,0.062023,AUS,HKG,760612
7988401,15,97,8570,2010,1070904.0,0.0,1.724315,-0.29379099999999997,AUT,HKG,760612
7988402,18,97,8570,2010,971967.0,0.0,1.2224270000000002,1.1276,BEL,HKG,760612
7988403,22,97,8570,2010,0.0,1621.0,-0.974526,-0.76566,BGD,HKG,760612
7988404,24,97,8570,2010,280744.0,5398.0,0.284356,-0.8362,BHR,HKG,760612
7988405,32,97,8570,2010,0.0,34261.0,0.40715500000000004,0.6208100000000001,BRA,HKG,760612
7988406,39,97,8570,2010,93640.0,163502.0,0.752421,1.2208510000000001,CAN,HKG,760612
7988407,41,97,8570,2010,120742.0,0.0,2.1492080000000002,0.556424,CHE,HKG,760612
7988408,43,97,8570,2010,19563314.0,39115940.0,0.922493,2.0176,CHN,HKG,760612
7988409,58,97,8570,2010,0.0,10919.0,0.8776450000000001,0.568389,CYP,HKG,760612
7988410,59,97,8570,2010,3509.0,0.0,1.732044,0.333934,CZE,HKG,760612
7988411,61,97,8570,2010,1088496.0,71719.0,2.035672,-3.383322,DEU,HKG,760612
7988412,64,97,8570,2010,2804.0,0.0,1.082468,1.280759,DNK,HKG,760612
7988413,68,97,8570,2010,0.0,36570.0,-0.181826,1.409465,EGY,HKG,760612
7988414,71,97,8570,2010,30908.0,89026.0,0.832619,2.448009,ESP,HKG,760612
7988415,74,97,8570,2010,0.0,178739.0,1.745464,0.897992,FIN,HKG,760612
7988416,75,97,8570,2010,0.0,4571.0,-0.603112,-0.29135500000000003,FJI,HKG,760612
7988417,77,97,8570,2010,259501.0,0.0,1.530027,-0.052557000000000006,FRA,HKG,760612
7988418,81,97,8570,2010,2066330.0,0.0,1.828224,0.386383,GBR,HKG,760612
7988419,90,97,8570,2010,778763.0,0.0,0.200249,1.4640090000000001,GRC,HKG,760612
7988420,99,97,8570,2010,0.0,30409.0,-0.569501,-0.153122,HND,HKG,760612
7988421,101,97,8570,2010,0.0,9949.0,-1.369873,-1.121801,HTI,HKG,760612
7988422,102,97,8570,2010,396750.0,0.0,1.514225,0.740341,HUN,HKG,760612
7988423,103,97,8570,2010,61383.0,30566.0,-0.30878099999999997,1.07069,IDN,HKG,760612
7988424,104,97,8570,2010,1510876.0,43833.0,0.14485599999999998,2.408913,IND,HKG,760612
7988425,107,97,8570,2010,0.0,144847.0,-0.609874,-0.744733,IRN,HKG,760612
7988426,110,97,8570,2010,0.0,310481.0,1.215834,0.7028340000000001,ISR,HKG,760612
7988427,111,97,8570,2010,1140072.0,6113.0,1.272385,0.545721,ITA,HKG,760612
7988428,114,97,8570,2010,88093384.0,48945.0,2.459723,-0.279387,JPN,HKG,760612
7988429,118,97,8570,2010,0.0,10076.0,-1.158906,-1.019906,KHM,HKG,760612
7988430,121,97,8570,2010,19755596.0,1784022.0,1.7118849999999999,0.762362,KOR,HKG,760612
7988431,128,97,8570,2010,0.0,7879.0,-0.70886,0.25216700000000003,LKA,HKG,760612
7988432,133,97,8570,2010,0.0,131703.0,0.545755,0.492997,MAC,HKG,760612
7988433,134,97,8570,2010,0.0,8852.0,-0.5935229999999999,-0.056497000000000006,MAR,HKG,760612
7988434,138,97,8570,2010,0.0,9278.0,1.132664,0.675756,MEX,HKG,760612
7988435,153,97,8570,2010,326237.0,650803.0,0.9530780000000001,0.607456,MYS,HKG,760612
7988436,159,97,8570,2010,0.0,17619.0,-1.887084,-1.2280229999999999,NGA,HKG,760612
7988437,162,97,8570,2010,49497.0,0.0,1.237998,1.1891209999999999,NLD,HKG,760612
7988438,163,97,8570,2010,203734.0,0.0,0.865676,0.138757,NOR,HKG,760612
7988439,166,97,8570,2010,0.0,105881.0,0.36828299999999997,0.574574,NZL,HKG,760612
7988440,169,97,8570,2010,0.0,19925.0,0.617867,0.903432,PAN,HKG,760612
7988441,173,97,8570,2010,0.0,9888.0,-0.650327,0.162321,PER,HKG,760612
7988442,174,97,8570,2010,0.0,32054.0,0.40418899999999996,0.102497,PHL,HKG,760612
7988443,177,97,8570,2010,0.0,4192.0,1.083552,1.1433719999999998,POL,HKG,760612
7988444,186,97,8570,2010,41696.0,0.0,0.583996,-0.223881,RUS,HKG,760612
7988445,192,97,8570,2010,283118.0,276191.0,1.8441349999999999,0.570311,SGP,HKG,760612
7988446,206,97,8570,2010,0.0,22377.0,1.278601,0.726907,SVK,HKG,760612
7988447,208,97,8570,2010,0.0,1315.0,1.882239,0.397927,SWE,HKG,760612
7988448,211,97,8570,2010,0.0,1236.0,-0.075668,-0.549686,SYC,HKG,760612
7988449,216,97,8570,2010,21647.0,598593.0,0.748328,1.425224,THA,HKG,760612
7988450,224,97,8570,2010,80435.0,0.0,0.359977,2.471173,TUR,HKG,760612
7988451,228,97,8570,2010,0.0,80585.0,0.714148,0.916267,UKR,HKG,760612
7988452,231,97,8570,2010,33891364.0,857258.0,1.67573,-0.598165,USA,HKG,760612
7988453,239,97,8570,2010,0.0,23821.0,-0.24660500000000002,1.427235,VNM,HKG,760612
7988454,246,97,8570,2010,329530.0,0.0,0.327326,1.513598,ZAF,HKG,760612
7988455,249,97,8570,2010,9750061.0,211813.0,1.766729,0.909335,TWN,HKG,760612
7988456,43,99,8570,2010,690848.0,0.0,0.922493,2.0176,CHN,HND,760612
7988457,49,99,8570,2010,18129.0,0.0,0.097222,-0.064328,COL,HND,760612
7988458,71,99,8570,2010,330462.0,0.0,0.832619,2.448009,ESP,HND,760612
7988459,97,99,8570,2010,30409.0,0.0,0.715745,1.9780259999999998,HKG,HND,760612
7988460,111,99,8570,2010,372921.0,0.0,1.272385,0.545721,ITA,HND,760612
7988461,138,99,8570,2010,4107.0,0.0,1.132664,0.675756,MEX,HND,760612
7988462,231,99,8570,2010,44206.0,0.0,1.67573,-0.598165,USA,HND,760612
7988463,249,99,8570,2010,43323.0,0.0,1.766729,0.909335,TWN,HND,760612
7988464,14,103,8570,2010,24932504.0,12567686.0,-0.276442,0.062023,AUS,IDN,760612
7988465,15,103,8570,2010,2312.0,0.0,1.724315,-0.29379099999999997,AUT,IDN,760612
7988466,18,103,8570,2010,189847.0,520428.0,1.2224270000000002,1.1276,BEL,IDN,760612
7988467,22,103,8570,2010,0.0,40331.0,-0.974526,-0.76566,BGD,IDN,760612
7988468,24,103,8570,2010,263459.0,0.0,0.284356,-0.8362,BHR,IDN,760612
7988469,39,103,8570,2010,0.0,4945526.0,0.752421,1.2208510000000001,CAN,IDN,760612
7988470,41,103,8570,2010,1037.0,0.0,2.1492080000000002,0.556424,CHE,IDN,760612
7988471,43,103,8570,2010,29387948.0,73801.0,0.922493,2.0176,CHN,IDN,760612
7988472,52,103,8570,2010,0.0,36363.0,-0.122722,-0.7062069999999999,CRI,IDN,760612
7988473,59,103,8570,2010,0.0,314899.0,1.732044,0.333934,CZE,IDN,760612
7988474,61,103,8570,2010,16199258.0,1115.0,2.035672,-3.383322,DEU,IDN,760612
7988475,64,103,8570,2010,0.0,153077.0,1.082468,1.280759,DNK,IDN,760612
7988476,66,103,8570,2010,0.0,12147.0,-1.00922,-1.1511040000000001,DZA,IDN,760612
7988477,71,103,8570,2010,3738.0,0.0,0.832619,2.448009,ESP,IDN,760612
7988478,77,103,8570,2010,1831623.0,0.0,1.530027,-0.052557000000000006,FRA,IDN,760612
7988479,81,103,8570,2010,5262501.0,0.0,1.828224,0.386383,GBR,IDN,760612
7988480,90,103,8570,2010,428548.0,0.0,0.200249,1.4640090000000001,GRC,IDN,760612
7988481,97,103,8570,2010,30566.0,61383.0,0.715745,1.9780259999999998,HKG,IDN,760612
7988482,102,103,8570,2010,1768.0,0.0,1.514225,0.740341,HUN,IDN,760612
7988483,104,103,8570,2010,920410.0,246543.0,0.14485599999999998,2.408913,IND,IDN,760612
7988484,111,103,8570,2010,2424225.0,0.0,1.272385,0.545721,ITA,IDN,760612
7988485,114,103,8570,2010,8489439.0,403548.0,2.459723,-0.279387,JPN,IDN,760612
7988486,121,103,8570,2010,49295404.0,8520208.0,1.7118849999999999,0.762362,KOR,IDN,760612
7988487,138,103,8570,2010,0.0,255202.0,1.132664,0.675756,MEX,IDN,760612
7988488,153,103,8570,2010,183376.0,4806398.0,0.9530780000000001,0.607456,MYS,IDN,760612
7988489,162,103,8570,2010,1199.0,0.0,1.237998,1.1891209999999999,NLD,IDN,760612
7988490,163,103,8570,2010,47371.0,95286.0,0.865676,0.138757,NOR,IDN,760612
7988491,166,103,8570,2010,0.0,2840454.0,0.36828299999999997,0.574574,NZL,IDN,760612
7988492,168,103,8570,2010,0.0,134669.0,-0.692071,0.5409010000000001,PAK,IDN,760612
7988493,174,103,8570,2010,0.0,276642.0,0.40418899999999996,0.102497,PHL,IDN,760612
7988494,186,103,8570,2010,101725.0,0.0,0.583996,-0.223881,RUS,IDN,760612
7988495,188,103,8570,2010,0.0,121392.0,0.46696400000000005,-0.7487520000000001,SAU,IDN,760612
7988496,192,103,8570,2010,2354323.0,2261988.0,1.8441349999999999,0.570311,SGP,IDN,760612
7988497,208,103,8570,2010,2139058.0,0.0,1.882239,0.397927,SWE,IDN,760612
7988498,216,103,8570,2010,429748.0,2539788.0,0.748328,1.425224,THA,IDN,760612
7988499,224,103,8570,2010,0.0,207321.0,0.359977,2.471173,TUR,IDN,760612
7988500,231,103,8570,2010,3635707.0,134262832.0,1.67573,-0.598165,USA,IDN,760612
7988501,239,103,8570,2010,36453.0,366358.0,-0.24660500000000002,1.427235,VNM,IDN,760612
7988502,246,103,8570,2010,54882.0,0.0,0.327326,1.513598,ZAF,IDN,760612
7988503,249,103,8570,2010,318753.0,924817.0,1.766729,0.909335,TWN,IDN,760612
7988504,2,104,8570,2010,0.0,140551.0,-1.3711010000000001,-1.170608,AGO,IND,760612
7988505,7,104,8570,2010,54862.0,318939.0,0.29457,-0.196371,ARE,IND,760612
7988506,14,104,8570,2010,170042.0,2551177.0,-0.276442,0.062023,AUS,IND,760612
7988507,15,104,8570,2010,183560.0,1029.0,1.724315,-0.29379099999999997,AUT,IND,760612
7988508,18,104,8570,2010,246088.0,3923.0,1.2224270000000002,1.1276,BEL,IND,760612
7988509,22,104,8570,2010,0.0,784597.0,-0.974526,-0.76566,BGD,IND,760612
7988510,24,104,8570,2010,1428620.0,55853.0,0.284356,-0.8362,BHR,IND,760612
7988511,32,104,8570,2010,0.0,69196.0,0.40715500000000004,0.6208100000000001,BRA,IND,760612
7988512,35,104,8570,2010,0.0,9968.0,-0.10866300000000001,-0.5950270000000001,BTN,IND,760612
7988513,39,104,8570,2010,133145.0,1397540.0,0.752421,1.2208510000000001,CAN,IND,760612
7988514,41,104,8570,2010,124230.0,0.0,2.1492080000000002,0.556424,CHE,IND,760612
7988515,43,104,8570,2010,46572368.0,131302.0,0.922493,2.0176,CHN,IND,760612
7988516,47,104,8570,2010,0.0,18136.0,-1.536434,-1.175338,COG,IND,760612
7988517,59,104,8570,2010,43859.0,1892.0,1.732044,0.333934,CZE,IND,760612
7988518,61,104,8570,2010,26274120.0,192021.0,2.035672,-3.383322,DEU,IND,760612
7988519,62,104,8570,2010,0.0,218212.0,-0.37501799999999996,-0.727603,DJI,IND,760612
7988520,64,104,8570,2010,23893.0,0.0,1.082468,1.280759,DNK,IND,760612
7988521,68,104,8570,2010,0.0,13581.0,-0.181826,1.409465,EGY,IND,760612
7988522,71,104,8570,2010,6438.0,0.0,0.832619,2.448009,ESP,IND,760612
7988523,73,104,8570,2010,0.0,162248.0,-1.122906,-0.840777,ETH,IND,760612
7988524,74,104,8570,2010,21289.0,0.0,1.745464,0.897992,FIN,IND,760612
7988525,77,104,8570,2010,5184738.0,410631.0,1.530027,-0.052557000000000006,FRA,IND,760612
7988526,80,104,8570,2010,0.0,799519.0,-1.707175,-1.167635,GAB,IND,760612
7988527,81,104,8570,2010,6430394.0,404246.0,1.828224,0.386383,GBR,IND,760612
7988528,83,104,8570,2010,0.0,378697.0,-0.835003,-0.633731,GHA,IND,760612
7988529,87,104,8570,2010,0.0,221758.0,-0.894757,-0.734589,GMB,IND,760612
7988530,89,104,8570,2010,0.0,56072.0,-1.077402,-0.86556,GNQ,IND,760612
7988531,90,104,8570,2010,470109.0,0.0,0.200249,1.4640090000000001,GRC,IND,760612
7988532,97,104,8570,2010,43833.0,1510876.0,0.715745,1.9780259999999998,HKG,IND,760612
7988533,102,104,8570,2010,62542.0,0.0,1.514225,0.740341,HUN,IND,760612
7988534,103,104,8570,2010,246543.0,920410.0,-0.30878099999999997,1.07069,IDN,IND,760612
7988535,107,104,8570,2010,0.0,25554.0,-0.609874,-0.744733,IRN,IND,760612
7988536,110,104,8570,2010,102916.0,686407.0,1.215834,0.7028340000000001,ISR,IND,760612
7988537,111,104,8570,2010,644463.0,751597.0,1.272385,0.545721,ITA,IND,760612
7988538,112,104,8570,2010,15923.0,0.0,0.041471,-0.367177,JAM,IND,760612
7988539,113,104,8570,2010,0.0,3408.0,0.251702,0.522758,JOR,IND,760612
7988540,114,104,8570,2010,7137757.0,245582.0,2.459723,-0.279387,JPN,IND,760612
7988541,116,104,8570,2010,33885.0,4338.0,-0.387187,1.010443,KEN,IND,760612
7988542,121,104,8570,2010,8771855.0,366579.0,1.7118849999999999,0.762362,KOR,IND,760612
7988543,125,104,8570,2010,0.0,242434.0,-0.527834,-1.045908,LBR,IND,760612
7988544,126,104,8570,2010,0.0,36236.0,-0.706491,-1.140822,LBY,IND,760612
7988545,128,104,8570,2010,0.0,1336438.0,-0.70886,0.25216700000000003,LKA,IND,760612
7988546,137,104,8570,2010,0.0,7062.0,-0.644859,-0.910633,MDV,IND,760612
7988547,138,104,8570,2010,34678.0,5916.0,1.132664,0.675756,MEX,IND,760612
7988548,151,104,8570,2010,0.0,63818.0,-0.173542,0.103727,MUS,IND,760612
7988549,153,104,8570,2010,20211.0,74542.0,0.9530780000000001,0.607456,MYS,IND,760612
7988550,159,104,8570,2010,0.0,27222088.0,-1.887084,-1.2280229999999999,NGA,IND,760612
7988551,162,104,8570,2010,342458.0,4242.0,1.237998,1.1891209999999999,NLD,IND,760612
7988552,163,104,8570,2010,19002.0,462654.0,0.865676,0.138757,NOR,IND,760612
7988553,164,104,8570,2010,0.0,34343.0,-0.23753400000000002,0.7957390000000001,NPL,IND,760612
7988554,166,104,8570,2010,4940.0,518213.0,0.36828299999999997,0.574574,NZL,IND,760612
7988555,167,104,8570,2010,3077.0,151955.0,-0.487612,-0.9551379999999999,OMN,IND,760612
7988556,168,104,8570,2010,0.0,1525537.0,-0.692071,0.5409010000000001,PAK,IND,760612
7988557,173,104,8570,2010,0.0,358434.0,-0.650327,0.162321,PER,IND,760612
7988558,174,104,8570,2010,0.0,2249506.0,0.40418899999999996,0.102497,PHL,IND,760612
7988559,177,104,8570,2010,141683.0,9338.0,1.083552,1.1433719999999998,POL,IND,760612
7988560,183,104,8570,2010,0.0,57023.0,-0.346143,-1.078192,QAT,IND,760612
7988561,185,104,8570,2010,6016.0,0.0,0.6483760000000001,1.200256,ROU,IND,760612
7988562,186,104,8570,2010,3436483.0,3505.0,0.583996,-0.223881,RUS,IND,760612
7988563,188,104,8570,2010,879185.0,102958.0,0.46696400000000005,-0.7487520000000001,SAU,IND,760612
7988564,192,104,8570,2010,60624.0,2630977.0,1.8441349999999999,0.570311,SGP,IND,760612
7988565,208,104,8570,2010,5830063.0,2999.0,1.882239,0.397927,SWE,IND,760612
7988566,211,104,8570,2010,0.0,4399.0,-0.075668,-0.549686,SYC,IND,760612
7988567,212,104,8570,2010,0.0,16740.0,-0.46833800000000003,1.11952,SYR,IND,760612
7988568,216,104,8570,2010,10700.0,1383329.0,0.748328,1.425224,THA,IND,760612
7988569,224,104,8570,2010,9145.0,143623.0,0.359977,2.471173,TUR,IND,760612
7988570,226,104,8570,2010,0.0,18408.0,-0.7327,0.427616,TZA,IND,760612
7988571,227,104,8570,2010,0.0,1544.0,-0.48061400000000004,0.187001,UGA,IND,760612
7988572,228,104,8570,2010,4911.0,1374.0,0.714148,0.916267,UKR,IND,760612
7988573,231,104,8570,2010,3073368.0,20334262.0,1.67573,-0.598165,USA,IND,760612
7988574,239,104,8570,2010,77501.0,1331080.0,-0.24660500000000002,1.427235,VNM,IND,760612
7988575,243,104,8570,2010,0.0,119575.0,-1.360851,-1.208826,YEM,IND,760612
7988576,246,104,8570,2010,2232181.0,928179.0,0.327326,1.513598,ZAF,IND,760612
7988577,249,104,8570,2010,244823.0,3347626.0,1.766729,0.909335,TWN,IND,760612
7988578,250,104,8570,2010,8513.0,0.0,0.45129600000000003,-0.223517,ANS,IND,760612
7988579,7,107,8570,2010,3565790.0,0.0,0.29457,-0.196371,ARE,IRN,760612
7988580,16,107,8570,2010,0.0,4171.0,-1.048424,-1.2030370000000001,AZE,IRN,760612
7988581,18,107,8570,2010,50519.0,0.0,1.2224270000000002,1.1276,BEL,IRN,760612
7988582,24,107,8570,2010,185051.0,0.0,0.284356,-0.8362,BHR,IRN,760612
7988583,41,107,8570,2010,421.0,0.0,2.1492080000000002,0.556424,CHE,IRN,760612
7988584,43,107,8570,2010,42659764.0,0.0,0.922493,2.0176,CHN,IRN,760612
7988585,61,107,8570,2010,19770180.0,0.0,2.035672,-3.383322,DEU,IRN,760612
7988586,81,107,8570,2010,2191.0,0.0,1.828224,0.386383,GBR,IRN,760612
7988587,82,107,8570,2010,0.0,2506.0,-0.21301399999999998,-0.48355299999999996,GEO,IRN,760612
7988588,90,107,8570,2010,261910.0,0.0,0.200249,1.4640090000000001,GRC,IRN,760612
7988589,97,107,8570,2010,144847.0,0.0,0.715745,1.9780259999999998,HKG,IRN,760612
7988590,104,107,8570,2010,25554.0,0.0,0.14485599999999998,2.408913,IND,IRN,760612
7988591,108,107,8570,2010,0.0,1943215.0,-2.1439150000000002,-0.913227,IRQ,IRN,760612
7988592,111,107,8570,2010,282570.0,0.0,1.272385,0.545721,ITA,IRN,760612
7988593,114,107,8570,2010,5190704.0,0.0,2.459723,-0.279387,JPN,IRN,760612
7988594,121,107,8570,2010,1323941.0,0.0,1.7118849999999999,0.762362,KOR,IRN,760612
7988595,122,107,8570,2010,69505.0,0.0,0.067373,-1.0822120000000002,KWT,IRN,760612
7988596,153,107,8570,2010,44774.0,0.0,0.9530780000000001,0.607456,MYS,IRN,760612
7988597,162,107,8570,2010,245828.0,0.0,1.237998,1.1891209999999999,NLD,IRN,760612
7988598,192,107,8570,2010,1158191.0,0.0,1.8441349999999999,0.570311,SGP,IRN,760612
7988599,208,107,8570,2010,266662.0,0.0,1.882239,0.397927,SWE,IRN,760612
7988600,224,107,8570,2010,1746103.0,0.0,0.359977,2.471173,TUR,IRN,760612
7988601,228,107,8570,2010,146096.0,0.0,0.714148,0.916267,UKR,IRN,760612
7988602,249,107,8570,2010,48853.0,0.0,1.766729,0.909335,TWN,IRN,760612
7988603,8,110,8570,2010,0.0,4354.0,0.27458899999999997,0.597907,ARG,ISR,760612
7988604,14,110,8570,2010,0.0,249527.0,-0.276442,0.062023,AUS,ISR,760612
7988605,15,110,8570,2010,918759.0,13346.0,1.724315,-0.29379099999999997,AUT,ISR,760612
7988606,18,110,8570,2010,2260584.0,0.0,1.2224270000000002,1.1276,BEL,ISR,760612
7988607,26,110,8570,2010,0.0,7736.0,0.462275,0.830405,BIH,ISR,760612
7988608,39,110,8570,2010,220664.0,3955.0,0.752421,1.2208510000000001,CAN,ISR,760612
7988609,41,110,8570,2010,679147.0,0.0,2.1492080000000002,0.556424,CHE,ISR,760612
7988610,43,110,8570,2010,11982639.0,322899.0,0.922493,2.0176,CHN,ISR,760612
7988611,58,110,8570,2010,0.0,106652.0,0.8776450000000001,0.568389,CYP,ISR,760612
7988612,59,110,8570,2010,21339.0,56572.0,1.732044,0.333934,CZE,ISR,760612
7988613,61,110,8570,2010,4196990.0,38213.0,2.035672,-3.383322,DEU,ISR,760612
7988614,71,110,8570,2010,3146.0,800595.0,0.832619,2.448009,ESP,ISR,760612
7988615,77,110,8570,2010,2324924.0,25862.0,1.530027,-0.052557000000000006,FRA,ISR,760612
7988616,81,110,8570,2010,4201756.0,2053936.0,1.828224,0.386383,GBR,ISR,760612
7988617,82,110,8570,2010,0.0,34187.0,-0.21301399999999998,-0.48355299999999996,GEO,ISR,760612
7988618,90,110,8570,2010,6241979.0,166600.0,0.200249,1.4640090000000001,GRC,ISR,760612
7988619,97,110,8570,2010,310481.0,0.0,0.715745,1.9780259999999998,HKG,ISR,760612
7988620,100,110,8570,2010,0.0,12281.0,0.8276979999999999,0.97415,HRV,ISR,760612
7988621,102,110,8570,2010,1749948.0,0.0,1.514225,0.740341,HUN,ISR,760612
7988622,104,110,8570,2010,686407.0,102916.0,0.14485599999999998,2.408913,IND,ISR,760612
7988623,106,110,8570,2010,0.0,988.0,1.371357,0.168795,IRL,ISR,760612
7988624,111,110,8570,2010,2085804.0,105665.0,1.272385,0.545721,ITA,ISR,760612
7988625,114,110,8570,2010,1950.0,10014.0,2.459723,-0.279387,JPN,ISR,760612
7988626,121,110,8570,2010,790825.0,15338.0,1.7118849999999999,0.762362,KOR,ISR,760612
7988627,132,110,8570,2010,0.0,3125.0,0.6158170000000001,1.1401059999999998,LVA,ISR,760612
7988628,140,110,8570,2010,0.0,16255.0,-0.122842,0.407017,MKD,ISR,760612
7988629,144,110,8570,2010,0.0,982.0,0.266397,-0.02502,MNE,ISR,760612
7988630,159,110,8570,2010,0.0,34841.0,-1.887084,-1.2280229999999999,NGA,ISR,760612
7988631,162,110,8570,2010,87180.0,0.0,1.237998,1.1891209999999999,NLD,ISR,760612
7988632,163,110,8570,2010,840400.0,0.0,0.865676,0.138757,NOR,ISR,760612
7988633,166,110,8570,2010,0.0,43533.0,0.36828299999999997,0.574574,NZL,ISR,760612
7988634,174,110,8570,2010,0.0,14290.0,0.40418899999999996,0.102497,PHL,ISR,760612
7988635,177,110,8570,2010,82622.0,280172.0,1.083552,1.1433719999999998,POL,ISR,760612
7988636,179,110,8570,2010,0.0,13584.0,0.551149,2.437209,PRT,ISR,760612
7988637,185,110,8570,2010,2516287.0,184348.0,0.6483760000000001,1.200256,ROU,ISR,760612
7988638,186,110,8570,2010,5119492.0,596224.0,0.583996,-0.223881,RUS,ISR,760612
7988639,192,110,8570,2010,0.0,11060.0,1.8441349999999999,0.570311,SGP,ISR,760612
7988640,201,110,8570,2010,0.0,17183.0,0.561161,1.33974,SRB,ISR,760612
7988641,207,110,8570,2010,0.0,27107.0,1.595473,0.7023020000000001,SVN,ISR,760612
7988642,208,110,8570,2010,0.0,49895.0,1.882239,0.397927,SWE,ISR,760612
7988643,224,110,8570,2010,1735660.0,671374.0,0.359977,2.471173,TUR,ISR,760612
7988644,227,110,8570,2010,0.0,1321.0,-0.48061400000000004,0.187001,UGA,ISR,760612
7988645,228,110,8570,2010,0.0,32311.0,0.714148,0.916267,UKR,ISR,760612
7988646,231,110,8570,2010,12471800.0,87430.0,1.67573,-0.598165,USA,ISR,760612
7988647,246,110,8570,2010,3867114.0,557730.0,0.327326,1.513598,ZAF,ISR,760612
7988648,249,110,8570,2010,247740.0,0.0,1.766729,0.909335,TWN,ISR,760612
7988649,2,111,8570,2010,0.0,1011.0,-1.3711010000000001,-1.170608,AGO,ITA,760612
7988650,4,111,8570,2010,0.0,140722.0,-0.5316,-0.219561,ALB,ITA,760612
7988651,7,111,8570,2010,10481.0,2001877.0,0.29457,-0.196371,ARE,ITA,760612
7988652,8,111,8570,2010,0.0,1354946.0,0.27458899999999997,0.597907,ARG,ITA,760612
7988653,14,111,8570,2010,124757.0,18631044.0,-0.276442,0.062023,AUS,ITA,760612
7988654,15,111,8570,2010,21562574.0,43273108.0,1.724315,-0.29379099999999997,AUT,ITA,760612
7988655,16,111,8570,2010,0.0,12161.0,-1.048424,-1.2030370000000001,AZE,ITA,760612
7988656,18,111,8570,2010,22938196.0,6995132.0,1.2224270000000002,1.1276,BEL,ITA,760612
7988657,19,111,8570,2010,0.0,36104.0,-1.0660120000000002,-0.9961190000000001,BEN,ITA,760612
7988658,23,111,8570,2010,1154287.0,315595.0,0.44973,1.445441,BGR,ITA,760612
7988659,24,111,8570,2010,12936251.0,0.0,0.284356,-0.8362,BHR,ITA,760612
7988660,26,111,8570,2010,0.0,244511.0,0.462275,0.830405,BIH,ITA,760612
7988661,28,111,8570,2010,0.0,167353.0,0.969851,0.593386,BLR,ITA,760612
7988662,32,111,8570,2010,19108.0,2490415.0,0.40715500000000004,0.6208100000000001,BRA,ITA,760612
7988663,39,111,8570,2010,2003.0,1246458.0,0.752421,1.2208510000000001,CAN,ITA,760612
7988664,41,111,8570,2010,74831344.0,22910636.0,2.1492080000000002,0.556424,CHE,ITA,760612
7988665,42,111,8570,2010,0.0,638179.0,-0.34914,-0.459395,CHL,ITA,760612
7988666,43,111,8570,2010,6651866.0,7632078.0,0.922493,2.0176,CHN,ITA,760612
7988667,44,111,8570,2010,0.0,153152.0,-1.256641,-0.946767,CIV,ITA,760612
7988668,49,111,8570,2010,0.0,9741.0,0.097222,-0.064328,COL,ITA,760612
7988669,58,111,8570,2010,0.0,203110.0,0.8776450000000001,0.568389,CYP,ITA,760612
7988670,59,111,8570,2010,148836.0,6226788.0,1.732044,0.333934,CZE,ITA,760612
7988671,61,111,8570,2010,107153320.0,86261640.0,2.035672,-3.383322,DEU,ITA,760612
7988672,64,111,8570,2010,172196.0,7374358.0,1.082468,1.280759,DNK,ITA,760612
7988673,65,111,8570,2010,0.0,264402.0,-0.245241,0.368626,DOM,ITA,760612
7988674,66,111,8570,2010,0.0,1222206.0,-1.00922,-1.1511040000000001,DZA,ITA,760612
7988675,67,111,8570,2010,0.0,3566.0,-0.584013,-0.743675,ECU,ITA,760612
7988676,68,111,8570,2010,47555620.0,588631.0,-0.181826,1.409465,EGY,ITA,760612
7988677,71,111,8570,2010,19298704.0,68399256.0,0.832619,2.448009,ESP,ITA,760612
7988678,72,111,8570,2010,8068.0,223265.0,0.832316,1.1844649999999999,EST,ITA,760612
7988679,73,111,8570,2010,0.0,3198.0,-1.122906,-0.840777,ETH,ITA,760612
7988680,74,111,8570,2010,41963.0,2811598.0,1.745464,0.897992,FIN,ITA,760612
7988681,77,111,8570,2010,53515004.0,80262488.0,1.530027,-0.052557000000000006,FRA,ITA,760612
7988682,81,111,8570,2010,7488238.0,13040196.0,1.828224,0.386383,GBR,ITA,760612
7988683,82,111,8570,2010,0.0,1940.0,-0.21301399999999998,-0.48355299999999996,GEO,ITA,760612
7988684,83,111,8570,2010,0.0,22409.0,-0.835003,-0.633731,GHA,ITA,760612
7988685,90,111,8570,2010,33441056.0,5526676.0,0.200249,1.4640090000000001,GRC,ITA,760612
7988686,97,111,8570,2010,6113.0,1140072.0,0.715745,1.9780259999999998,HKG,ITA,760612
7988687,99,111,8570,2010,0.0,372921.0,-0.569501,-0.153122,HND,ITA,760612
7988688,100,111,8570,2010,24582382.0,435865.0,0.8276979999999999,0.97415,HRV,ITA,760612
7988689,102,111,8570,2010,14521534.0,5980640.0,1.514225,0.740341,HUN,ITA,760612
7988690,103,111,8570,2010,0.0,2424225.0,-0.30878099999999997,1.07069,IDN,ITA,760612
7988691,104,111,8570,2010,751597.0,644463.0,0.14485599999999998,2.408913,IND,ITA,760612
7988692,106,111,8570,2010,0.0,689739.0,1.371357,0.168795,IRL,ITA,760612
7988693,107,111,8570,2010,0.0,282570.0,-0.609874,-0.744733,IRN,ITA,760612
7988694,109,111,8570,2010,0.0,193363.0,0.20822100000000002,-0.318294,ISL,ITA,760612
7988695,110,111,8570,2010,105665.0,2085804.0,1.215834,0.7028340000000001,ISR,ITA,760612
7988696,113,111,8570,2010,0.0,138690.0,0.251702,0.522758,JOR,ITA,760612
7988697,114,111,8570,2010,1847134.0,128163.0,2.459723,-0.279387,JPN,ITA,760612
7988698,115,111,8570,2010,0.0,148504.0,-0.6278020000000001,-0.8419760000000001,KAZ,ITA,760612
7988699,121,111,8570,2010,0.0,5099576.0,1.7118849999999999,0.762362,KOR,ITA,760612
7988700,122,111,8570,2010,0.0,155707.0,0.067373,-1.0822120000000002,KWT,ITA,760612
7988701,124,111,8570,2010,0.0,927183.0,0.415854,1.424085,LBN,ITA,760612
7988702,126,111,8570,2010,0.0,472732.0,-0.706491,-1.140822,LBY,ITA,760612
7988703,130,111,8570,2010,0.0,16576.0,0.6390600000000001,1.144911,LTU,ITA,760612
7988704,131,111,8570,2010,105049.0,56991.0,1.272127,1.1051520000000001,LUX,ITA,760612
7988705,134,111,8570,2010,0.0,675162.0,-0.5935229999999999,-0.056497000000000006,MAR,ITA,760612
7988706,135,111,8570,2010,0.0,2525.0,-0.116797,0.037801,MDA,ITA,760612
7988707,138,111,8570,2010,0.0,184532.0,1.132664,0.675756,MEX,ITA,760612
7988708,140,111,8570,2010,0.0,27782.0,-0.122842,0.407017,MKD,ITA,760612
7988709,142,111,8570,2010,0.0,147451.0,1.211797,-0.024923,MLT,ITA,760612
7988710,144,111,8570,2010,0.0,134660.0,0.266397,-0.02502,MNE,ITA,760612
7988711,151,111,8570,2010,0.0,2016.0,-0.173542,0.103727,MUS,ITA,760612
7988712,153,111,8570,2010,0.0,359472.0,0.9530780000000001,0.607456,MYS,ITA,760612
7988713,156,111,8570,2010,0.0,27338.0,-0.42193500000000006,-0.8256610000000001,NCL,ITA,760612
7988714,159,111,8570,2010,0.0,55631.0,-1.887084,-1.2280229999999999,NGA,ITA,760612
7988715,160,111,8570,2010,0.0,3519.0,-0.9387409999999999,-0.8119569999999999,NIC,ITA,760612
7988716,162,111,8570,2010,7623333.0,18046900.0,1.237998,1.1891209999999999,NLD,ITA,760612
7988717,163,111,8570,2010,1013192.0,4963316.0,0.865676,0.138757,NOR,ITA,760612
7988718,166,111,8570,2010,0.0,6455354.0,0.36828299999999997,0.574574,NZL,ITA,760612
7988719,167,111,8570,2010,0.0,12097.0,-0.487612,-0.9551379999999999,OMN,ITA,760612
7988720,168,111,8570,2010,0.0,98248.0,-0.692071,0.5409010000000001,PAK,ITA,760612
7988721,169,111,8570,2010,0.0,1441.0,0.617867,0.903432,PAN,ITA,760612
7988722,173,111,8570,2010,0.0,127516.0,-0.650327,0.162321,PER,ITA,760612
7988723,174,111,8570,2010,0.0,60002.0,0.40418899999999996,0.102497,PHL,ITA,760612
7988724,177,111,8570,2010,4563743.0,13925281.0,1.083552,1.1433719999999998,POL,ITA,760612
7988725,179,111,8570,2010,0.0,9418035.0,0.551149,2.437209,PRT,ITA,760612
7988726,180,111,8570,2010,0.0,172170.0,-0.553805,-0.8699450000000001,PRY,ITA,760612
7988727,183,111,8570,2010,0.0,49822.0,-0.346143,-1.078192,QAT,ITA,760612
7988728,185,111,8570,2010,11466119.0,416868.0,0.6483760000000001,1.200256,ROU,ITA,760612
7988729,186,111,8570,2010,472184.0,4158080.0,0.583996,-0.223881,RUS,ITA,760612
7988730,188,111,8570,2010,0.0,3172630.0,0.46696400000000005,-0.7487520000000001,SAU,ITA,760612
7988731,191,111,8570,2010,0.0,196003.0,-0.45445,-0.148149,SEN,ITA,760612
7988732,192,111,8570,2010,0.0,8567568.0,1.8441349999999999,0.570311,SGP,ITA,760612
7988733,201,111,8570,2010,12196289.0,74511.0,0.561161,1.33974,SRB,ITA,760612
7988734,206,111,8570,2010,375074.0,2408633.0,1.278601,0.726907,SVK,ITA,760612
7988735,207,111,8570,2010,4973424.0,9159051.0,1.595473,0.7023020000000001,SVN,ITA,760612
7988736,208,111,8570,2010,24940890.0,16170175.0,1.882239,0.397927,SWE,ITA,760612
7988737,212,111,8570,2010,889225.0,333232.0,-0.46833800000000003,1.11952,SYR,ITA,760612
7988738,216,111,8570,2010,0.0,2504198.0,0.748328,1.425224,THA,ITA,760612
7988739,223,111,8570,2010,94935.0,2208939.0,0.165019,0.8882059999999999,TUN,ITA,760612
7988740,224,111,8570,2010,26380490.0,6665100.0,0.359977,2.471173,TUR,ITA,760612
7988741,228,111,8570,2010,64013.0,757602.0,0.714148,0.916267,UKR,ITA,760612
7988742,231,111,8570,2010,8234272.0,427308.0,1.67573,-0.598165,USA,ITA,760612
7988743,236,111,8570,2010,3806401.0,56245.0,-0.660844,-1.145133,VEN,ITA,760612
7988744,239,111,8570,2010,0.0,552356.0,-0.24660500000000002,1.427235,VNM,ITA,760612
7988745,243,111,8570,2010,0.0,1852.0,-1.360851,-1.208826,YEM,ITA,760612
7988746,246,111,8570,2010,2283891.0,23645.0,0.327326,1.513598,ZAF,ITA,760612
7988747,249,111,8570,2010,951120.0,248999.0,1.766729,0.909335,TWN,ITA,760612
7988748,250,111,8570,2010,0.0,4092.0,0.45129600000000003,-0.223517,ANS,ITA,760612
7988749,43,112,8570,2010,2296.0,0.0,0.922493,2.0176,CHN,JAM,760612
7988750,64,112,8570,2010,116042.0,0.0,1.082468,1.280759,DNK,JAM,760612
7988751,104,112,8570,2010,0.0,15923.0,0.14485599999999998,2.408913,IND,JAM,760612
7988752,231,112,8570,2010,51541.0,0.0,1.67573,-0.598165,USA,JAM,760612
7988753,7,114,8570,2010,0.0,7440644.0,0.29457,-0.196371,ARE,JPN,760612
7988754,8,114,8570,2010,0.0,196631.0,0.27458899999999997,0.597907,ARG,JPN,760612
7988755,13,114,8570,2010,0.0,1373.0,1.2153129999999999,0.955838,ATG,JPN,760612
7988756,14,114,8570,2010,4601.0,5754971.0,-0.276442,0.062023,AUS,JPN,760612
7988757,15,114,8570,2010,3158487.0,21745.0,1.724315,-0.29379099999999997,AUT,JPN,760612
7988758,16,114,8570,2010,0.0,2478228.0,-1.048424,-1.2030370000000001,AZE,JPN,760612
7988759,18,114,8570,2010,586245.0,52869.0,1.2224270000000002,1.1276,BEL,JPN,760612
7988760,22,114,8570,2010,0.0,152893.0,-0.974526,-0.76566,BGD,JPN,760612
7988761,23,114,8570,2010,0.0,21310.0,0.44973,1.445441,BGR,JPN,760612
7988762,24,114,8570,2010,1928753.0,259155.0,0.284356,-0.8362,BHR,JPN,760612
7988763,28,114,8570,2010,0.0,13392.0,0.969851,0.593386,BLR,JPN,760612
7988764,32,114,8570,2010,8066.0,3300926.0,0.40715500000000004,0.6208100000000001,BRA,JPN,760612
7988765,34,114,8570,2010,0.0,290473.0,0.717167,-0.764841,BRN,JPN,760612
7988766,39,114,8570,2010,1304398.0,32804.0,0.752421,1.2208510000000001,CAN,JPN,760612
7988767,41,114,8570,2010,51629.0,40670.0,2.1492080000000002,0.556424,CHE,JPN,760612
7988768,42,114,8570,2010,0.0,247013.0,-0.34914,-0.459395,CHL,JPN,760612
7988769,43,114,8570,2010,13141467.0,176722800.0,0.922493,2.0176,CHN,JPN,760612
7988770,49,114,8570,2010,0.0,10438.0,0.097222,-0.064328,COL,JPN,760612
7988771,59,114,8570,2010,0.0,48696.0,1.732044,0.333934,CZE,JPN,760612
7988772,61,114,8570,2010,33734728.0,2246382.0,2.035672,-3.383322,DEU,JPN,760612
7988773,62,114,8570,2010,0.0,96645.0,-0.37501799999999996,-0.727603,DJI,JPN,760612
7988774,64,114,8570,2010,0.0,22164.0,1.082468,1.280759,DNK,JPN,760612
7988775,66,114,8570,2010,0.0,139137.0,-1.00922,-1.1511040000000001,DZA,JPN,760612
7988776,67,114,8570,2010,0.0,11204.0,-0.584013,-0.743675,ECU,JPN,760612
7988777,68,114,8570,2010,0.0,153484.0,-0.181826,1.409465,EGY,JPN,760612
7988778,71,114,8570,2010,54170.0,1165672.0,0.832619,2.448009,ESP,JPN,760612
7988779,77,114,8570,2010,3257945.0,5247.0,1.530027,-0.052557000000000006,FRA,JPN,760612
7988780,81,114,8570,2010,2768616.0,1716922.0,1.828224,0.386383,GBR,JPN,760612
7988781,90,114,8570,2010,1681170.0,0.0,0.200249,1.4640090000000001,GRC,JPN,760612
7988782,97,114,8570,2010,48945.0,88093384.0,0.715745,1.9780259999999998,HKG,JPN,760612
7988783,100,114,8570,2010,0.0,41790.0,0.8276979999999999,0.97415,HRV,JPN,760612
7988784,102,114,8570,2010,401465.0,17565.0,1.514225,0.740341,HUN,JPN,760612
7988785,103,114,8570,2010,403548.0,8489439.0,-0.30878099999999997,1.07069,IDN,JPN,760612
7988786,104,114,8570,2010,245582.0,7137757.0,0.14485599999999998,2.408913,IND,JPN,760612
7988787,107,114,8570,2010,0.0,5190704.0,-0.609874,-0.744733,IRN,JPN,760612
7988788,109,114,8570,2010,0.0,15124.0,0.20822100000000002,-0.318294,ISL,JPN,760612
7988789,110,114,8570,2010,10014.0,1950.0,1.215834,0.7028340000000001,ISR,JPN,760612
7988790,111,114,8570,2010,128163.0,1847134.0,1.272385,0.545721,ITA,JPN,760612
7988791,113,114,8570,2010,0.0,4377915.0,0.251702,0.522758,JOR,JPN,760612
7988792,121,114,8570,2010,28549718.0,44110660.0,1.7118849999999999,0.762362,KOR,JPN,760612
7988793,122,114,8570,2010,0.0,685532.0,0.067373,-1.0822120000000002,KWT,JPN,760612
7988794,124,114,8570,2010,0.0,215500.0,0.415854,1.424085,LBN,JPN,760612
7988795,128,114,8570,2010,0.0,467215.0,-0.70886,0.25216700000000003,LKA,JPN,760612
7988796,130,114,8570,2010,0.0,77853.0,0.6390600000000001,1.144911,LTU,JPN,760612
7988797,133,114,8570,2010,0.0,322066.0,0.545755,0.492997,MAC,JPN,760612
7988798,135,114,8570,2010,0.0,21864.0,-0.116797,0.037801,MDA,JPN,760612
7988799,137,114,8570,2010,0.0,34827.0,-0.644859,-0.910633,MDV,JPN,760612
7988800,138,114,8570,2010,0.0,990074.0,1.132664,0.675756,MEX,JPN,760612
7988801,151,114,8570,2010,0.0,1129.0,-0.173542,0.103727,MUS,JPN,760612
7988802,153,114,8570,2010,480221.0,17223342.0,0.9530780000000001,0.607456,MYS,JPN,760612
7988803,155,114,8570,2010,0.0,15448.0,-0.49860299999999996,-0.6728529999999999,NAM,JPN,760612
7988804,159,114,8570,2010,0.0,21341.0,-1.887084,-1.2280229999999999,NGA,JPN,760612
7988805,160,114,8570,2010,0.0,148389.0,-0.9387409999999999,-0.8119569999999999,NIC,JPN,760612
7988806,162,114,8570,2010,1525977.0,5043662.0,1.237998,1.1891209999999999,NLD,JPN,760612
7988807,163,114,8570,2010,1961.0,0.0,0.865676,0.138757,NOR,JPN,760612
7988808,164,114,8570,2010,0.0,1839.0,-0.23753400000000002,0.7957390000000001,NPL,JPN,760612
7988809,166,114,8570,2010,0.0,754201.0,0.36828299999999997,0.574574,NZL,JPN,760612
7988810,167,114,8570,2010,0.0,2268.0,-0.487612,-0.9551379999999999,OMN,JPN,760612
7988811,168,114,8570,2010,0.0,353719.0,-0.692071,0.5409010000000001,PAK,JPN,760612
7988812,173,114,8570,2010,52128.0,439353.0,-0.650327,0.162321,PER,JPN,760612
7988813,174,114,8570,2010,0.0,23869260.0,0.40418899999999996,0.102497,PHL,JPN,760612
7988814,177,114,8570,2010,216688.0,288178.0,1.083552,1.1433719999999998,POL,JPN,760612
7988815,179,114,8570,2010,0.0,12607.0,0.551149,2.437209,PRT,JPN,760612
7988816,183,114,8570,2010,0.0,844310.0,-0.346143,-1.078192,QAT,JPN,760612
7988817,185,114,8570,2010,0.0,28559.0,0.6483760000000001,1.200256,ROU,JPN,760612
7988818,186,114,8570,2010,257285.0,414864.0,0.583996,-0.223881,RUS,JPN,760612
7988819,188,114,8570,2010,84674.0,21145118.0,0.46696400000000005,-0.7487520000000001,SAU,JPN,760612
7988820,192,114,8570,2010,21476.0,15073372.0,1.8441349999999999,0.570311,SGP,JPN,760612
7988821,201,114,8570,2010,0.0,7066.0,0.561161,1.33974,SRB,JPN,760612
7988822,206,114,8570,2010,0.0,2763.0,1.278601,0.726907,SVK,JPN,760612
7988823,207,114,8570,2010,0.0,168919.0,1.595473,0.7023020000000001,SVN,JPN,760612
7988824,208,114,8570,2010,13395.0,0.0,1.882239,0.397927,SWE,JPN,760612
7988825,212,114,8570,2010,0.0,46200.0,-0.46833800000000003,1.11952,SYR,JPN,760612
7988826,216,114,8570,2010,151722.0,120356048.0,0.748328,1.425224,THA,JPN,760612
7988827,224,114,8570,2010,3820.0,8567470.0,0.359977,2.471173,TUR,JPN,760612
7988828,228,114,8570,2010,0.0,532643.0,0.714148,0.916267,UKR,JPN,760612
7988829,231,114,8570,2010,56338800.0,5349807.0,1.67573,-0.598165,USA,JPN,760612
7988830,239,114,8570,2010,396764.0,13290336.0,-0.24660500000000002,1.427235,VNM,JPN,760612
7988831,246,114,8570,2010,41031.0,147322.0,0.327326,1.513598,ZAF,JPN,760612
7988832,249,114,8570,2010,5296180.0,56512752.0,1.766729,0.909335,TWN,JPN,760612
7988833,15,115,8570,2010,40201.0,0.0,1.724315,-0.29379099999999997,AUT,KAZ,760612
7988834,18,115,8570,2010,24747.0,0.0,1.2224270000000002,1.1276,BEL,KAZ,760612
7988835,39,115,8570,2010,2226.0,0.0,0.752421,1.2208510000000001,CAN,KAZ,760612
7988836,41,115,8570,2010,0.0,3146450.0,2.1492080000000002,0.556424,CHE,KAZ,760612
7988837,43,115,8570,2010,702702.0,0.0,0.922493,2.0176,CHN,KAZ,760612
7988838,59,115,8570,2010,5407.0,0.0,1.732044,0.333934,CZE,KAZ,760612
7988839,61,115,8570,2010,1174426.0,0.0,2.035672,-3.383322,DEU,KAZ,760612
7988840,71,115,8570,2010,62790.0,0.0,0.832619,2.448009,ESP,KAZ,760612
7988841,72,115,8570,2010,63681.0,0.0,0.832316,1.1844649999999999,EST,KAZ,760612
7988842,77,115,8570,2010,438869.0,0.0,1.530027,-0.052557000000000006,FRA,KAZ,760612
7988843,81,115,8570,2010,577713.0,0.0,1.828224,0.386383,GBR,KAZ,760612
7988844,111,115,8570,2010,148504.0,0.0,1.272385,0.545721,ITA,KAZ,760612
7988845,130,115,8570,2010,590804.0,0.0,0.6390600000000001,1.144911,LTU,KAZ,760612
7988846,162,115,8570,2010,74943.0,0.0,1.237998,1.1891209999999999,NLD,KAZ,760612
7988847,163,115,8570,2010,20486.0,0.0,0.865676,0.138757,NOR,KAZ,760612
7988848,177,115,8570,2010,2273.0,0.0,1.083552,1.1433719999999998,POL,KAZ,760612
7988849,185,115,8570,2010,0.0,24773.0,0.6483760000000001,1.200256,ROU,KAZ,760612
7988850,186,115,8570,2010,418336.0,0.0,0.583996,-0.223881,RUS,KAZ,760612
7988851,201,115,8570,2010,11783.0,0.0,0.561161,1.33974,SRB,KAZ,760612
7988852,224,115,8570,2010,492761.0,0.0,0.359977,2.471173,TUR,KAZ,760612
7988853,228,115,8570,2010,51104.0,0.0,0.714148,0.916267,UKR,KAZ,760612
7988854,231,115,8570,2010,3750.0,0.0,1.67573,-0.598165,USA,KAZ,760612
7988855,239,115,8570,2010,0.0,140987.0,-0.24660500000000002,1.427235,VNM,KAZ,760612
7988856,2,121,8570,2010,0.0,2757.0,-1.3711010000000001,-1.170608,AGO,KOR,760612
7988857,7,121,8570,2010,0.0,27532916.0,0.29457,-0.196371,ARE,KOR,760612
7988858,8,121,8570,2010,0.0,14640.0,0.27458899999999997,0.597907,ARG,KOR,760612
7988859,14,121,8570,2010,673787.0,20798454.0,-0.276442,0.062023,AUS,KOR,760612
7988860,15,121,8570,2010,962918.0,0.0,1.724315,-0.29379099999999997,AUT,KOR,760612
7988861,18,121,8570,2010,889798.0,0.0,1.2224270000000002,1.1276,BEL,KOR,760612
7988862,22,121,8570,2010,0.0,356838.0,-0.974526,-0.76566,BGD,KOR,760612
7988863,32,121,8570,2010,0.0,22861.0,0.40715500000000004,0.6208100000000001,BRA,KOR,760612
7988864,39,121,8570,2010,12476.0,66652.0,0.752421,1.2208510000000001,CAN,KOR,760612
7988865,41,121,8570,2010,7894253.0,0.0,2.1492080000000002,0.556424,CHE,KOR,760612
7988866,42,121,8570,2010,0.0,360474.0,-0.34914,-0.459395,CHL,KOR,760612
7988867,43,121,8570,2010,125968720.0,279011360.0,0.922493,2.0176,CHN,KOR,760612
7988868,45,121,8570,2010,0.0,17961986.0,-1.114209,-1.0127899999999999,CMR,KOR,760612
7988869,49,121,8570,2010,0.0,3259988.0,0.097222,-0.064328,COL,KOR,760612
7988870,52,121,8570,2010,0.0,61922.0,-0.122722,-0.7062069999999999,CRI,KOR,760612
7988871,59,121,8570,2010,38191.0,0.0,1.732044,0.333934,CZE,KOR,760612
7988872,61,121,8570,2010,98877768.0,1640.0,2.035672,-3.383322,DEU,KOR,760612
7988873,64,121,8570,2010,41245.0,0.0,1.082468,1.280759,DNK,KOR,760612
7988874,68,121,8570,2010,0.0,1096680.0,-0.181826,1.409465,EGY,KOR,760612
7988875,71,121,8570,2010,1174551.0,42901.0,0.832619,2.448009,ESP,KOR,760612
7988876,75,121,8570,2010,0.0,63385.0,-0.603112,-0.29135500000000003,FJI,KOR,760612
7988877,77,121,8570,2010,7747468.0,3030.0,1.530027,-0.052557000000000006,FRA,KOR,760612
7988878,81,121,8570,2010,1599189.0,22827.0,1.828224,0.386383,GBR,KOR,760612
7988879,82,121,8570,2010,0.0,46150.0,-0.21301399999999998,-0.48355299999999996,GEO,KOR,760612
7988880,89,121,8570,2010,0.0,1131.0,-1.077402,-0.86556,GNQ,KOR,760612
7988881,90,121,8570,2010,518731.0,0.0,0.200249,1.4640090000000001,GRC,KOR,760612
7988882,97,121,8570,2010,1784022.0,19755596.0,0.715745,1.9780259999999998,HKG,KOR,760612
7988883,102,121,8570,2010,0.0,869710.0,1.514225,0.740341,HUN,KOR,760612
7988884,103,121,8570,2010,8520208.0,49295404.0,-0.30878099999999997,1.07069,IDN,KOR,760612
7988885,104,121,8570,2010,366579.0,8771855.0,0.14485599999999998,2.408913,IND,KOR,760612
7988886,107,121,8570,2010,0.0,1323941.0,-0.609874,-0.744733,IRN,KOR,760612
7988887,109,121,8570,2010,24662.0,0.0,0.20822100000000002,-0.318294,ISL,KOR,760612
7988888,110,121,8570,2010,15338.0,790825.0,1.215834,0.7028340000000001,ISR,KOR,760612
7988889,111,121,8570,2010,5099576.0,0.0,1.272385,0.545721,ITA,KOR,760612
7988890,113,121,8570,2010,0.0,37156880.0,0.251702,0.522758,JOR,KOR,760612
7988891,114,121,8570,2010,44110660.0,28549718.0,2.459723,-0.279387,JPN,KOR,760612
7988892,118,121,8570,2010,194690.0,21856920.0,-1.158906,-1.019906,KHM,KOR,760612
7988893,123,121,8570,2010,0.0,16018.0,-1.104075,-0.836772,LAO,KOR,760612
7988894,126,121,8570,2010,0.0,142916.0,-0.706491,-1.140822,LBY,KOR,760612
7988895,128,121,8570,2010,0.0,11114.0,-0.70886,0.25216700000000003,LKA,KOR,760612
7988896,136,121,8570,2010,0.0,188748.0,-0.8737799999999999,-0.043717,MDG,KOR,760612
7988897,138,121,8570,2010,5561.0,74414.0,1.132664,0.675756,MEX,KOR,760612
7988898,139,121,8570,2010,0.0,41929.0,-0.599197,-0.788443,MHL,KOR,760612
7988899,147,121,8570,2010,0.0,1565.0,-1.479855,-1.070518,MOZ,KOR,760612
7988900,153,121,8570,2010,1903228.0,38003844.0,0.9530780000000001,0.607456,MYS,KOR,760612
7988901,159,121,8570,2010,0.0,10113.0,-1.887084,-1.2280229999999999,NGA,KOR,760612
7988902,162,121,8570,2010,583766.0,45490.0,1.237998,1.1891209999999999,NLD,KOR,760612
7988903,163,121,8570,2010,13359834.0,0.0,0.865676,0.138757,NOR,KOR,760612
7988904,166,121,8570,2010,0.0,420330.0,0.36828299999999997,0.574574,NZL,KOR,760612
7988905,168,121,8570,2010,0.0,422838.0,-0.692071,0.5409010000000001,PAK,KOR,760612
7988906,169,121,8570,2010,0.0,166911.0,0.617867,0.903432,PAN,KOR,760612
7988907,173,121,8570,2010,0.0,130137.0,-0.650327,0.162321,PER,KOR,760612
7988908,174,121,8570,2010,2975.0,24284364.0,0.40418899999999996,0.102497,PHL,KOR,760612
7988909,177,121,8570,2010,4356.0,1661604.0,1.083552,1.1433719999999998,POL,KOR,760612
7988910,183,121,8570,2010,0.0,215485.0,-0.346143,-1.078192,QAT,KOR,760612
7988911,185,121,8570,2010,297185.0,0.0,0.6483760000000001,1.200256,ROU,KOR,760612
7988912,186,121,8570,2010,5523429.0,853307.0,0.583996,-0.223881,RUS,KOR,760612
7988913,188,121,8570,2010,120132.0,45813192.0,0.46696400000000005,-0.7487520000000001,SAU,KOR,760612
7988914,190,121,8570,2010,0.0,25704.0,-1.9094669999999998,-1.271065,SDN,KOR,760612
7988915,192,121,8570,2010,561381.0,22381778.0,1.8441349999999999,0.570311,SGP,KOR,760612
7988916,197,121,8570,2010,0.0,1493.0,-0.101434,0.132639,SLV,KOR,760612
7988917,206,121,8570,2010,0.0,1011866.0,1.278601,0.726907,SVK,KOR,760612
7988918,207,121,8570,2010,0.0,139446.0,1.595473,0.7023020000000001,SVN,KOR,760612
7988919,208,121,8570,2010,21790.0,0.0,1.882239,0.397927,SWE,KOR,760612
7988920,212,121,8570,2010,0.0,25867.0,-0.46833800000000003,1.11952,SYR,KOR,760612
7988921,216,121,8570,2010,164552.0,29727918.0,0.748328,1.425224,THA,KOR,760612
7988922,224,121,8570,2010,124532.0,23374.0,0.359977,2.471173,TUR,KOR,760612
7988923,231,121,8570,2010,62569868.0,220287.0,1.67573,-0.598165,USA,KOR,760612
7988924,232,121,8570,2010,0.0,28168.0,-0.704097,-0.655055,UZB,KOR,760612
7988925,239,121,8570,2010,8467.0,109790512.0,-0.24660500000000002,1.427235,VNM,KOR,760612
7988926,246,121,8570,2010,4684236.0,3348.0,0.327326,1.513598,ZAF,KOR,760612
7988927,249,121,8570,2010,3096408.0,49137792.0,1.766729,0.909335,TWN,KOR,760612
7988928,7,128,8570,2010,75823.0,0.0,0.29457,-0.196371,ARE,LKA,760612
7988929,15,128,8570,2010,6784.0,0.0,1.724315,-0.29379099999999997,AUT,LKA,760612
7988930,18,128,8570,2010,10731.0,0.0,1.2224270000000002,1.1276,BEL,LKA,760612
7988931,22,128,8570,2010,0.0,1321.0,-0.974526,-0.76566,BGD,LKA,760612
7988932,43,128,8570,2010,4108808.0,0.0,0.922493,2.0176,CHN,LKA,760612
7988933,61,128,8570,2010,25535.0,0.0,2.035672,-3.383322,DEU,LKA,760612
7988934,64,128,8570,2010,5267.0,0.0,1.082468,1.280759,DNK,LKA,760612
7988935,97,128,8570,2010,7879.0,0.0,0.715745,1.9780259999999998,HKG,LKA,760612
7988936,104,128,8570,2010,1336438.0,0.0,0.14485599999999998,2.408913,IND,LKA,760612
7988937,114,128,8570,2010,467215.0,0.0,2.459723,-0.279387,JPN,LKA,760612
7988938,121,128,8570,2010,11114.0,0.0,1.7118849999999999,0.762362,KOR,LKA,760612
7988939,137,128,8570,2010,0.0,1383.0,-0.644859,-0.910633,MDV,LKA,760612
7988940,153,128,8570,2010,76050.0,0.0,0.9530780000000001,0.607456,MYS,LKA,760612
7988941,162,128,8570,2010,2618.0,0.0,1.237998,1.1891209999999999,NLD,LKA,760612
7988942,163,128,8570,2010,1395.0,0.0,0.865676,0.138757,NOR,LKA,760612
7988943,192,128,8570,2010,214406.0,0.0,1.8441349999999999,0.570311,SGP,LKA,760612
7988944,208,128,8570,2010,1625.0,0.0,1.882239,0.397927,SWE,LKA,760612
7988945,231,128,8570,2010,4439.0,0.0,1.67573,-0.598165,USA,LKA,760612
7988946,6,138,8570,2010,15175.0,0.0,-0.08593200000000001,-0.691395,ANT,MEX,760612
7988947,13,138,8570,2010,11423.0,0.0,1.2153129999999999,0.955838,ATG,MEX,760612
7988948,14,138,8570,2010,19425.0,0.0,-0.276442,0.062023,AUS,MEX,760612
7988949,15,138,8570,2010,41304.0,0.0,1.724315,-0.29379099999999997,AUT,MEX,760612
7988950,18,138,8570,2010,78888.0,0.0,1.2224270000000002,1.1276,BEL,MEX,760612
7988951,24,138,8570,2010,115900.0,0.0,0.284356,-0.8362,BHR,MEX,760612
7988952,29,138,8570,2010,0.0,46808.0,-0.559172,-0.739977,BLZ,MEX,760612
7988953,32,138,8570,2010,12375.0,0.0,0.40715500000000004,0.6208100000000001,BRA,MEX,760612
7988954,39,138,8570,2010,253074.0,52798.0,0.752421,1.2208510000000001,CAN,MEX,760612
7988955,41,138,8570,2010,8287.0,0.0,2.1492080000000002,0.556424,CHE,MEX,760612
7988956,42,138,8570,2010,81458.0,112926.0,-0.34914,-0.459395,CHL,MEX,760612
7988957,43,138,8570,2010,9863296.0,69664.0,0.922493,2.0176,CHN,MEX,760612
7988958,49,138,8570,2010,819061.0,3334.0,0.097222,-0.064328,COL,MEX,760612
7988959,52,138,8570,2010,0.0,14510.0,-0.122722,-0.7062069999999999,CRI,MEX,760612
7988960,54,138,8570,2010,0.0,14307.0,-0.085462,-0.885019,CUB,MEX,760612
7988961,61,138,8570,2010,52264928.0,23634.0,2.035672,-3.383322,DEU,MEX,760612
7988962,64,138,8570,2010,4420.0,0.0,1.082468,1.280759,DNK,MEX,760612
7988963,68,138,8570,2010,997.0,0.0,-0.181826,1.409465,EGY,MEX,760612
7988964,71,138,8570,2010,3261751.0,0.0,0.832619,2.448009,ESP,MEX,760612
7988965,77,138,8570,2010,340032.0,2968.0,1.530027,-0.052557000000000006,FRA,MEX,760612
7988966,81,138,8570,2010,2715.0,904.0,1.828224,0.386383,GBR,MEX,760612
7988967,90,138,8570,2010,399033.0,0.0,0.200249,1.4640090000000001,GRC,MEX,760612
7988968,93,138,8570,2010,0.0,170382.0,-0.39034,0.743521,GTM,MEX,760612
7988969,97,138,8570,2010,9278.0,0.0,0.715745,1.9780259999999998,HKG,MEX,760612
7988970,99,138,8570,2010,0.0,4107.0,-0.569501,-0.153122,HND,MEX,760612
7988971,102,138,8570,2010,8656.0,0.0,1.514225,0.740341,HUN,MEX,760612
7988972,103,138,8570,2010,255202.0,0.0,-0.30878099999999997,1.07069,IDN,MEX,760612
7988973,104,138,8570,2010,5916.0,34678.0,0.14485599999999998,2.408913,IND,MEX,760612
7988974,111,138,8570,2010,184532.0,0.0,1.272385,0.545721,ITA,MEX,760612
7988975,114,138,8570,2010,990074.0,0.0,2.459723,-0.279387,JPN,MEX,760612
7988976,121,138,8570,2010,74414.0,5561.0,1.7118849999999999,0.762362,KOR,MEX,760612
7988977,160,138,8570,2010,0.0,991.0,-0.9387409999999999,-0.8119569999999999,NIC,MEX,760612
7988978,162,138,8570,2010,231502.0,0.0,1.237998,1.1891209999999999,NLD,MEX,760612
7988979,163,138,8570,2010,1051.0,0.0,0.865676,0.138757,NOR,MEX,760612
7988980,169,138,8570,2010,0.0,9236.0,0.617867,0.903432,PAN,MEX,760612
7988981,173,138,8570,2010,0.0,14315.0,-0.650327,0.162321,PER,MEX,760612
7988982,177,138,8570,2010,4603.0,0.0,1.083552,1.1433719999999998,POL,MEX,760612
7988983,179,138,8570,2010,0.0,2250.0,0.551149,2.437209,PRT,MEX,760612
7988984,185,138,8570,2010,182569.0,0.0,0.6483760000000001,1.200256,ROU,MEX,760612
7988985,186,138,8570,2010,1873132.0,0.0,0.583996,-0.223881,RUS,MEX,760612
7988986,188,138,8570,2010,0.0,37427.0,0.46696400000000005,-0.7487520000000001,SAU,MEX,760612
7988987,197,138,8570,2010,0.0,15459.0,-0.101434,0.132639,SLV,MEX,760612
7988988,208,138,8570,2010,3919514.0,0.0,1.882239,0.397927,SWE,MEX,760612
7988989,230,138,8570,2010,0.0,1618.0,0.217246,-0.079733,URY,MEX,760612
7988990,231,138,8570,2010,674155584.0,1248431.0,1.67573,-0.598165,USA,MEX,760612
7988991,236,138,8570,2010,552053.0,0.0,-0.660844,-1.145133,VEN,MEX,760612
7988992,246,138,8570,2010,518628.0,0.0,0.327326,1.513598,ZAF,MEX,760612
7988993,249,138,8570,2010,23868.0,0.0,1.766729,0.909335,TWN,MEX,760612
7988994,250,138,8570,2010,2195.0,0.0,0.45129600000000003,-0.223517,ANS,MEX,760612
7988995,7,153,8570,2010,0.0,162974.0,0.29457,-0.196371,ARE,MYS,760612
7988996,14,153,8570,2010,8432457.0,169720.0,-0.276442,0.062023,AUS,MYS,760612
7988997,15,153,8570,2010,241577.0,0.0,1.724315,-0.29379099999999997,AUT,MYS,760612
7988998,18,153,8570,2010,393902.0,0.0,1.2224270000000002,1.1276,BEL,MYS,760612
7988999,24,153,8570,2010,1587546.0,249560.0,0.284356,-0.8362,BHR,MYS,760612
7989000,32,153,8570,2010,17914.0,0.0,0.40715500000000004,0.6208100000000001,BRA,MYS,760612
7989001,34,153,8570,2010,0.0,340451.0,0.717167,-0.764841,BRN,MYS,760612
7989002,39,153,8570,2010,41252.0,174198.0,0.752421,1.2208510000000001,CAN,MYS,760612
7989003,41,153,8570,2010,81518.0,0.0,2.1492080000000002,0.556424,CHE,MYS,760612
7989004,43,153,8570,2010,51011628.0,380561.0,0.922493,2.0176,CHN,MYS,760612
7989005,61,153,8570,2010,31419238.0,2641.0,2.035672,-3.383322,DEU,MYS,760612
7989006,74,153,8570,2010,0.0,2019.0,1.745464,0.897992,FIN,MYS,760612
7989007,75,153,8570,2010,0.0,1133.0,-0.603112,-0.29135500000000003,FJI,MYS,760612
7989008,77,153,8570,2010,837271.0,0.0,1.530027,-0.052557000000000006,FRA,MYS,760612
7989009,81,153,8570,2010,2005712.0,10916.0,1.828224,0.386383,GBR,MYS,760612
7989010,90,153,8570,2010,104902.0,0.0,0.200249,1.4640090000000001,GRC,MYS,760612
7989011,97,153,8570,2010,650803.0,326237.0,0.715745,1.9780259999999998,HKG,MYS,760612
7989012,103,153,8570,2010,4806398.0,183376.0,-0.30878099999999997,1.07069,IDN,MYS,760612
7989013,104,153,8570,2010,74542.0,20211.0,0.14485599999999998,2.408913,IND,MYS,760612
7989014,106,153,8570,2010,92507.0,0.0,1.371357,0.168795,IRL,MYS,760612
7989015,107,153,8570,2010,0.0,44774.0,-0.609874,-0.744733,IRN,MYS,760612
7989016,111,153,8570,2010,359472.0,0.0,1.272385,0.545721,ITA,MYS,760612
7989017,113,153,8570,2010,0.0,54785.0,0.251702,0.522758,JOR,MYS,760612
7989018,114,153,8570,2010,17223342.0,480221.0,2.459723,-0.279387,JPN,MYS,760612
7989019,118,153,8570,2010,0.0,5821738.0,-1.158906,-1.019906,KHM,MYS,760612
7989020,121,153,8570,2010,38003844.0,1903228.0,1.7118849999999999,0.762362,KOR,MYS,760612
7989021,128,153,8570,2010,0.0,76050.0,-0.70886,0.25216700000000003,LKA,MYS,760612
7989022,134,153,8570,2010,19893.0,0.0,-0.5935229999999999,-0.056497000000000006,MAR,MYS,760612
7989023,137,153,8570,2010,0.0,2230.0,-0.644859,-0.910633,MDV,MYS,760612
7989024,143,153,8570,2010,0.0,23601.0,-1.480389,-1.075842,MMR,MYS,760612
7989025,151,153,8570,2010,0.0,191293.0,-0.173542,0.103727,MUS,MYS,760612
7989026,162,153,8570,2010,985885.0,0.0,1.237998,1.1891209999999999,NLD,MYS,760612
7989027,163,153,8570,2010,5393.0,0.0,0.865676,0.138757,NOR,MYS,760612
7989028,166,153,8570,2010,0.0,10089.0,0.36828299999999997,0.574574,NZL,MYS,760612
7989029,167,153,8570,2010,0.0,2387.0,-0.487612,-0.9551379999999999,OMN,MYS,760612
7989030,168,153,8570,2010,0.0,105536.0,-0.692071,0.5409010000000001,PAK,MYS,760612
7989031,174,153,8570,2010,0.0,277286.0,0.40418899999999996,0.102497,PHL,MYS,760612
7989032,176,153,8570,2010,0.0,5095.0,-1.725138,-1.195622,PNG,MYS,760612
7989033,183,153,8570,2010,0.0,6926.0,-0.346143,-1.078192,QAT,MYS,760612
7989034,185,153,8570,2010,254713.0,0.0,0.6483760000000001,1.200256,ROU,MYS,760612
7989035,186,153,8570,2010,348039.0,0.0,0.583996,-0.223881,RUS,MYS,760612
7989036,188,153,8570,2010,6531.0,0.0,0.46696400000000005,-0.7487520000000001,SAU,MYS,760612
7989037,192,153,8570,2010,11433532.0,1141479.0,1.8441349999999999,0.570311,SGP,MYS,760612
7989038,206,153,8570,2010,1111.0,0.0,1.278601,0.726907,SVK,MYS,760612
7989039,208,153,8570,2010,8532.0,0.0,1.882239,0.397927,SWE,MYS,760612
7989040,216,153,8570,2010,48021.0,715655.0,0.748328,1.425224,THA,MYS,760612
7989041,231,153,8570,2010,1597279.0,159230.0,1.67573,-0.598165,USA,MYS,760612
7989042,239,153,8570,2010,0.0,421526.0,-0.24660500000000002,1.427235,VNM,MYS,760612
7989043,243,153,8570,2010,3221.0,0.0,-1.360851,-1.208826,YEM,MYS,760612
7989044,246,153,8570,2010,3597062.0,258707.0,0.327326,1.513598,ZAF,MYS,760612
7989045,249,153,8570,2010,1849011.0,132845.0,1.766729,0.909335,TWN,MYS,760612
7989046,0,162,8570,2010,0.0,3579.0,0.9906219999999999,0.159993,ABW,NLD,760612
7989047,6,162,8570,2010,0.0,38463.0,-0.08593200000000001,-0.691395,ANT,NLD,760612
7989048,7,162,8570,2010,0.0,429825.0,0.29457,-0.196371,ARE,NLD,760612
7989049,14,162,8570,2010,0.0,3287634.0,-0.276442,0.062023,AUS,NLD,760612
7989050,15,162,8570,2010,12357133.0,5261266.0,1.724315,-0.29379099999999997,AUT,NLD,760612
7989051,18,162,8570,2010,96937328.0,26304432.0,1.2224270000000002,1.1276,BEL,NLD,760612
7989052,22,162,8570,2010,0.0,10787.0,-0.974526,-0.76566,BGD,NLD,760612
7989053,23,162,8570,2010,32196.0,42944.0,0.44973,1.445441,BGR,NLD,760612
7989054,24,162,8570,2010,5958958.0,2111.0,0.284356,-0.8362,BHR,NLD,760612
7989055,28,162,8570,2010,0.0,668207.0,0.969851,0.593386,BLR,NLD,760612
7989056,32,162,8570,2010,395675.0,149980.0,0.40715500000000004,0.6208100000000001,BRA,NLD,760612
7989057,39,162,8570,2010,738056.0,631777.0,0.752421,1.2208510000000001,CAN,NLD,760612
7989058,41,162,8570,2010,9461967.0,7136495.0,2.1492080000000002,0.556424,CHE,NLD,760612
7989059,42,162,8570,2010,0.0,122854.0,-0.34914,-0.459395,CHL,NLD,760612
7989060,43,162,8570,2010,9961284.0,10616274.0,0.922493,2.0176,CHN,NLD,760612
7989061,44,162,8570,2010,0.0,18112.0,-1.256641,-0.946767,CIV,NLD,760612
7989062,49,162,8570,2010,0.0,72135.0,0.097222,-0.064328,COL,NLD,760612
7989063,58,162,8570,2010,0.0,4548.0,0.8776450000000001,0.568389,CYP,NLD,760612
7989064,59,162,8570,2010,335357.0,1657282.0,1.732044,0.333934,CZE,NLD,760612
7989065,61,162,8570,2010,87317200.0,117427376.0,2.035672,-3.383322,DEU,NLD,760612
7989066,64,162,8570,2010,3513336.0,1087782.0,1.082468,1.280759,DNK,NLD,760612
7989067,67,162,8570,2010,0.0,222434.0,-0.584013,-0.743675,ECU,NLD,760612
7989068,68,162,8570,2010,4340710.0,15725.0,-0.181826,1.409465,EGY,NLD,760612
7989069,71,162,8570,2010,7223402.0,8532392.0,0.832619,2.448009,ESP,NLD,760612
7989070,72,162,8570,2010,0.0,228504.0,0.832316,1.1844649999999999,EST,NLD,760612
7989071,74,162,8570,2010,6286.0,708710.0,1.745464,0.897992,FIN,NLD,760612
7989072,77,162,8570,2010,19990400.0,21955530.0,1.530027,-0.052557000000000006,FRA,NLD,760612
7989073,81,162,8570,2010,4980058.0,8542911.0,1.828224,0.386383,GBR,NLD,760612
7989074,83,162,8570,2010,0.0,44518.0,-0.835003,-0.633731,GHA,NLD,760612
7989075,90,162,8570,2010,14063588.0,414450.0,0.200249,1.4640090000000001,GRC,NLD,760612
7989076,97,162,8570,2010,0.0,49497.0,0.715745,1.9780259999999998,HKG,NLD,760612
7989077,100,162,8570,2010,756399.0,65467.0,0.8276979999999999,0.97415,HRV,NLD,760612
7989078,102,162,8570,2010,4109199.0,468721.0,1.514225,0.740341,HUN,NLD,760612
7989079,103,162,8570,2010,0.0,1199.0,-0.30878099999999997,1.07069,IDN,NLD,760612
7989080,104,162,8570,2010,4242.0,342458.0,0.14485599999999998,2.408913,IND,NLD,760612
7989081,106,162,8570,2010,0.0,43804.0,1.371357,0.168795,IRL,NLD,760612
7989082,107,162,8570,2010,0.0,245828.0,-0.609874,-0.744733,IRN,NLD,760612
7989083,109,162,8570,2010,0.0,133585.0,0.20822100000000002,-0.318294,ISL,NLD,760612
7989084,110,162,8570,2010,0.0,87180.0,1.215834,0.7028340000000001,ISR,NLD,760612
7989085,111,162,8570,2010,18046900.0,7623333.0,1.272385,0.545721,ITA,NLD,760612
7989086,114,162,8570,2010,5043662.0,1525977.0,2.459723,-0.279387,JPN,NLD,760612
7989087,115,162,8570,2010,0.0,74943.0,-0.6278020000000001,-0.8419760000000001,KAZ,NLD,760612
7989088,116,162,8570,2010,0.0,1608.0,-0.387187,1.010443,KEN,NLD,760612
7989089,121,162,8570,2010,45490.0,583766.0,1.7118849999999999,0.762362,KOR,NLD,760612
7989090,122,162,8570,2010,0.0,18967.0,0.067373,-1.0822120000000002,KWT,NLD,760612
7989091,124,162,8570,2010,0.0,18993.0,0.415854,1.424085,LBN,NLD,760612
7989092,126,162,8570,2010,0.0,40852.0,-0.706491,-1.140822,LBY,NLD,760612
7989093,128,162,8570,2010,0.0,2618.0,-0.70886,0.25216700000000003,LKA,NLD,760612
7989094,130,162,8570,2010,0.0,24101.0,0.6390600000000001,1.144911,LTU,NLD,760612
7989095,131,162,8570,2010,1063.0,417204.0,1.272127,1.1051520000000001,LUX,NLD,760612
7989096,132,162,8570,2010,0.0,60184.0,0.6158170000000001,1.1401059999999998,LVA,NLD,760612
7989097,134,162,8570,2010,0.0,5953.0,-0.5935229999999999,-0.056497000000000006,MAR,NLD,760612
7989098,138,162,8570,2010,0.0,231502.0,1.132664,0.675756,MEX,NLD,760612
7989099,140,162,8570,2010,0.0,27501.0,-0.122842,0.407017,MKD,NLD,760612
7989100,142,162,8570,2010,0.0,6727.0,1.211797,-0.024923,MLT,NLD,760612
7989101,147,162,8570,2010,0.0,49842.0,-1.479855,-1.070518,MOZ,NLD,760612
7989102,151,162,8570,2010,0.0,19362.0,-0.173542,0.103727,MUS,NLD,760612
7989103,153,162,8570,2010,0.0,985885.0,0.9530780000000001,0.607456,MYS,NLD,760612
7989104,159,162,8570,2010,0.0,101716.0,-1.887084,-1.2280229999999999,NGA,NLD,760612
7989105,163,162,8570,2010,13450931.0,524180.0,0.865676,0.138757,NOR,NLD,760612
7989106,166,162,8570,2010,3086.0,170926.0,0.36828299999999997,0.574574,NZL,NLD,760612
7989107,167,162,8570,2010,0.0,5590.0,-0.487612,-0.9551379999999999,OMN,NLD,760612
7989108,168,162,8570,2010,0.0,5963.0,-0.692071,0.5409010000000001,PAK,NLD,760612
7989109,173,162,8570,2010,0.0,2388.0,-0.650327,0.162321,PER,NLD,760612
7989110,177,162,8570,2010,716711.0,1899204.0,1.083552,1.1433719999999998,POL,NLD,760612
7989111,179,162,8570,2010,8795.0,1495870.0,0.551149,2.437209,PRT,NLD,760612
7989112,183,162,8570,2010,0.0,3160837.0,-0.346143,-1.078192,QAT,NLD,760612
7989113,185,162,8570,2010,2714306.0,119653.0,0.6483760000000001,1.200256,ROU,NLD,760612
7989114,186,162,8570,2010,1850090.0,1051110.0,0.583996,-0.223881,RUS,NLD,760612
7989115,188,162,8570,2010,0.0,50742.0,0.46696400000000005,-0.7487520000000001,SAU,NLD,760612
7989116,192,162,8570,2010,0.0,136448.0,1.8441349999999999,0.570311,SGP,NLD,760612
7989117,201,162,8570,2010,2241627.0,59213.0,0.561161,1.33974,SRB,NLD,760612
7989118,205,162,8570,2010,0.0,15489.0,-0.5734560000000001,-0.936167,SUR,NLD,760612
7989119,206,162,8570,2010,0.0,62005.0,1.278601,0.726907,SVK,NLD,760612
7989120,207,162,8570,2010,3472104.0,1342800.0,1.595473,0.7023020000000001,SVN,NLD,760612
7989121,208,162,8570,2010,4506558.0,2636322.0,1.882239,0.397927,SWE,NLD,760612
7989122,216,162,8570,2010,31474.0,262864.0,0.748328,1.425224,THA,NLD,760612
7989123,222,162,8570,2010,0.0,6877.0,-0.338123,-1.070239,TTO,NLD,760612
7989124,223,162,8570,2010,0.0,1652.0,0.165019,0.8882059999999999,TUN,NLD,760612
7989125,224,162,8570,2010,1562973.0,13166438.0,0.359977,2.471173,TUR,NLD,760612
7989126,226,162,8570,2010,0.0,2064.0,-0.7327,0.427616,TZA,NLD,760612
7989127,227,162,8570,2010,0.0,17140.0,-0.48061400000000004,0.187001,UGA,NLD,760612
7989128,228,162,8570,2010,0.0,55613.0,0.714148,0.916267,UKR,NLD,760612
7989129,231,162,8570,2010,2403879.0,4089422.0,1.67573,-0.598165,USA,NLD,760612
7989130,236,162,8570,2010,55651.0,16012.0,-0.660844,-1.145133,VEN,NLD,760612
7989131,239,162,8570,2010,5236.0,23382.0,-0.24660500000000002,1.427235,VNM,NLD,760612
7989132,246,162,8570,2010,1994262.0,706980.0,0.327326,1.513598,ZAF,NLD,760612
7989133,249,162,8570,2010,63686.0,72467.0,1.766729,0.909335,TWN,NLD,760612
7989134,10,166,8570,2010,0.0,6139.0,0.966701,0.006139,ASM,NZL,760612
7989135,14,166,8570,2010,21099482.0,162957.0,-0.276442,0.062023,AUS,NZL,760612
7989136,15,166,8570,2010,12548.0,0.0,1.724315,-0.29379099999999997,AUT,NZL,760612
7989137,18,166,8570,2010,81034.0,0.0,1.2224270000000002,1.1276,BEL,NZL,760612
7989138,24,166,8570,2010,2341911.0,0.0,0.284356,-0.8362,BHR,NZL,760612
7989139,39,166,8570,2010,12610.0,0.0,0.752421,1.2208510000000001,CAN,NZL,760612
7989140,41,166,8570,2010,101210.0,0.0,2.1492080000000002,0.556424,CHE,NZL,760612
7989141,43,166,8570,2010,11470766.0,2609.0,0.922493,2.0176,CHN,NZL,760612
7989142,48,166,8570,2010,0.0,13471.0,0.366399,-0.555715,COK,NZL,760612
7989143,61,166,8570,2010,403120.0,24911.0,2.035672,-3.383322,DEU,NZL,760612
7989144,71,166,8570,2010,13874.0,0.0,0.832619,2.448009,ESP,NZL,760612
7989145,75,166,8570,2010,0.0,44923.0,-0.603112,-0.29135500000000003,FJI,NZL,760612
7989146,77,166,8570,2010,281636.0,0.0,1.530027,-0.052557000000000006,FRA,NZL,760612
7989147,81,166,8570,2010,76980.0,0.0,1.828224,0.386383,GBR,NZL,760612
7989148,90,166,8570,2010,1040578.0,0.0,0.200249,1.4640090000000001,GRC,NZL,760612
7989149,93,166,8570,2010,37428.0,0.0,-0.39034,0.743521,GTM,NZL,760612
7989150,97,166,8570,2010,105881.0,0.0,0.715745,1.9780259999999998,HKG,NZL,760612
7989151,102,166,8570,2010,22007.0,0.0,1.514225,0.740341,HUN,NZL,760612
7989152,103,166,8570,2010,2840454.0,0.0,-0.30878099999999997,1.07069,IDN,NZL,760612
7989153,104,166,8570,2010,518213.0,4940.0,0.14485599999999998,2.408913,IND,NZL,760612
7989154,110,166,8570,2010,43533.0,0.0,1.215834,0.7028340000000001,ISR,NZL,760612
7989155,111,166,8570,2010,6455354.0,0.0,1.272385,0.545721,ITA,NZL,760612
7989156,114,166,8570,2010,754201.0,0.0,2.459723,-0.279387,JPN,NZL,760612
7989157,121,166,8570,2010,420330.0,0.0,1.7118849999999999,0.762362,KOR,NZL,760612
7989158,139,166,8570,2010,0.0,146395.0,-0.599197,-0.788443,MHL,NZL,760612
7989159,153,166,8570,2010,10089.0,0.0,0.9530780000000001,0.607456,MYS,NZL,760612
7989160,156,166,8570,2010,0.0,40088.0,-0.42193500000000006,-0.8256610000000001,NCL,NZL,760612
7989161,161,166,8570,2010,0.0,6153.0,1.2255610000000001,-0.687604,NIU,NZL,760612
7989162,162,166,8570,2010,170926.0,3086.0,1.237998,1.1891209999999999,NLD,NZL,760612
7989163,177,166,8570,2010,573261.0,0.0,1.083552,1.1433719999999998,POL,NZL,760612
7989164,182,166,8570,2010,0.0,25609.0,-0.47692700000000005,-0.8429760000000001,PYF,NZL,760612
7989165,186,166,8570,2010,386705.0,0.0,0.583996,-0.223881,RUS,NZL,760612
7989166,192,166,8570,2010,584949.0,55704.0,1.8441349999999999,0.570311,SGP,NZL,760612
7989167,195,166,8570,2010,0.0,24406.0,-1.7710650000000001,-1.033138,SLB,NZL,760612
7989168,208,166,8570,2010,46832.0,0.0,1.882239,0.397927,SWE,NZL,760612
7989169,216,166,8570,2010,374815.0,0.0,0.748328,1.425224,THA,NZL,760612
7989170,221,166,8570,2010,0.0,60568.0,-0.650658,-0.774469,TON,NZL,760612
7989171,231,166,8570,2010,9835327.0,4970.0,1.67573,-0.598165,USA,NZL,760612
7989172,239,166,8570,2010,0.0,10016.0,-0.24660500000000002,1.427235,VNM,NZL,760612
7989173,242,166,8570,2010,0.0,74000.0,1.236381,0.276124,WSM,NZL,760612
7989174,246,166,8570,2010,595803.0,0.0,0.327326,1.513598,ZAF,NZL,760612
7989175,249,166,8570,2010,507179.0,0.0,1.766729,0.909335,TWN,NZL,760612
7989176,14,169,8570,2010,193550.0,0.0,-0.276442,0.062023,AUS,PAN,760612
7989177,18,169,8570,2010,48995.0,0.0,1.2224270000000002,1.1276,BEL,PAN,760612
7989178,31,169,8570,2010,0.0,88843.0,-0.83736,-0.812473,BOL,PAN,760612
7989179,32,169,8570,2010,148608.0,0.0,0.40715500000000004,0.6208100000000001,BRA,PAN,760612
7989180,43,169,8570,2010,1378005.0,0.0,0.922493,2.0176,CHN,PAN,760612
7989181,49,169,8570,2010,94171.0,3859.0,0.097222,-0.064328,COL,PAN,760612
7989182,52,169,8570,2010,47307.0,13895.0,-0.122722,-0.7062069999999999,CRI,PAN,760612
7989183,61,169,8570,2010,1592353.0,0.0,2.035672,-3.383322,DEU,PAN,760612
7989184,65,169,8570,2010,0.0,837.0,-0.245241,0.368626,DOM,PAN,760612
7989185,67,169,8570,2010,0.0,1005.0,-0.584013,-0.743675,ECU,PAN,760612
7989186,93,169,8570,2010,0.0,19514.0,-0.39034,0.743521,GTM,PAN,760612
7989187,96,169,8570,2010,0.0,4663.0,-1.020217,-1.0231569999999999,GUY,PAN,760612
7989188,97,169,8570,2010,19925.0,0.0,0.715745,1.9780259999999998,HKG,PAN,760612
7989189,111,169,8570,2010,1441.0,0.0,1.272385,0.545721,ITA,PAN,760612
7989190,121,169,8570,2010,166911.0,0.0,1.7118849999999999,0.762362,KOR,PAN,760612
7989191,138,169,8570,2010,9236.0,0.0,1.132664,0.675756,MEX,PAN,760612
7989192,160,169,8570,2010,0.0,8728.0,-0.9387409999999999,-0.8119569999999999,NIC,PAN,760612
7989193,173,169,8570,2010,1224.0,0.0,-0.650327,0.162321,PER,PAN,760612
7989194,197,169,8570,2010,1379.0,0.0,-0.101434,0.132639,SLV,PAN,760612
7989195,222,169,8570,2010,0.0,2072.0,-0.338123,-1.070239,TTO,PAN,760612
7989196,231,169,8570,2010,13433840.0,26171.0,1.67573,-0.598165,USA,PAN,760612
7989197,236,169,8570,2010,0.0,4469.0,-0.660844,-1.145133,VEN,PAN,760612
7989198,15,173,8570,2010,4898.0,0.0,1.724315,-0.29379099999999997,AUT,PER,760612
7989199,32,173,8570,2010,17745.0,0.0,0.40715500000000004,0.6208100000000001,BRA,PER,760612
7989200,39,173,8570,2010,0.0,2369.0,0.752421,1.2208510000000001,CAN,PER,760612
7989201,41,173,8570,2010,1776.0,0.0,2.1492080000000002,0.556424,CHE,PER,760612
7989202,42,173,8570,2010,1755.0,0.0,-0.34914,-0.459395,CHL,PER,760612
7989203,43,173,8570,2010,5138458.0,0.0,0.922493,2.0176,CHN,PER,760612
7989204,49,173,8570,2010,143248.0,0.0,0.097222,-0.064328,COL,PER,760612
7989205,61,173,8570,2010,259294.0,0.0,2.035672,-3.383322,DEU,PER,760612
7989206,64,173,8570,2010,13399.0,0.0,1.082468,1.280759,DNK,PER,760612
7989207,67,173,8570,2010,0.0,32069.0,-0.584013,-0.743675,ECU,PER,760612
7989208,71,173,8570,2010,9821.0,0.0,0.832619,2.448009,ESP,PER,760612
7989209,77,173,8570,2010,34606.0,0.0,1.530027,-0.052557000000000006,FRA,PER,760612
7989210,97,173,8570,2010,9888.0,0.0,0.715745,1.9780259999999998,HKG,PER,760612
7989211,104,173,8570,2010,358434.0,0.0,0.14485599999999998,2.408913,IND,PER,760612
7989212,111,173,8570,2010,127516.0,0.0,1.272385,0.545721,ITA,PER,760612
7989213,114,173,8570,2010,439353.0,52128.0,2.459723,-0.279387,JPN,PER,760612
7989214,121,173,8570,2010,130137.0,0.0,1.7118849999999999,0.762362,KOR,PER,760612
7989215,138,173,8570,2010,14315.0,0.0,1.132664,0.675756,MEX,PER,760612
7989216,162,173,8570,2010,2388.0,0.0,1.237998,1.1891209999999999,NLD,PER,760612
7989217,169,173,8570,2010,0.0,1224.0,0.617867,0.903432,PAN,PER,760612
7989218,208,173,8570,2010,58917.0,0.0,1.882239,0.397927,SWE,PER,760612
7989219,231,173,8570,2010,73745.0,0.0,1.67573,-0.598165,USA,PER,760612
7989220,250,173,8570,2010,0.0,1219.0,0.45129600000000003,-0.223517,ANS,PER,760612
7989221,14,174,8570,2010,3481678.0,0.0,-0.276442,0.062023,AUS,PHL,760612
7989222,43,174,8570,2010,5396470.0,0.0,0.922493,2.0176,CHN,PHL,760612
7989223,61,174,8570,2010,8564.0,0.0,2.035672,-3.383322,DEU,PHL,760612
7989224,71,174,8570,2010,2796.0,0.0,0.832619,2.448009,ESP,PHL,760612
7989225,97,174,8570,2010,32054.0,0.0,0.715745,1.9780259999999998,HKG,PHL,760612
7989226,103,174,8570,2010,276642.0,0.0,-0.30878099999999997,1.07069,IDN,PHL,760612
7989227,104,174,8570,2010,2249506.0,0.0,0.14485599999999998,2.408913,IND,PHL,760612
7989228,110,174,8570,2010,14290.0,0.0,1.215834,0.7028340000000001,ISR,PHL,760612
7989229,111,174,8570,2010,60002.0,0.0,1.272385,0.545721,ITA,PHL,760612
7989230,114,174,8570,2010,23869260.0,0.0,2.459723,-0.279387,JPN,PHL,760612
7989231,121,174,8570,2010,24284364.0,2975.0,1.7118849999999999,0.762362,KOR,PHL,760612
7989232,153,174,8570,2010,277286.0,0.0,0.9530780000000001,0.607456,MYS,PHL,760612
7989233,192,174,8570,2010,291817.0,28996.0,1.8441349999999999,0.570311,SGP,PHL,760612
7989234,208,174,8570,2010,3971.0,0.0,1.882239,0.397927,SWE,PHL,760612
7989235,216,174,8570,2010,0.0,15667.0,0.748328,1.425224,THA,PHL,760612
7989236,224,174,8570,2010,0.0,8058.0,0.359977,2.471173,TUR,PHL,760612
7989237,231,174,8570,2010,247494.0,0.0,1.67573,-0.598165,USA,PHL,760612
7989238,246,174,8570,2010,31287.0,0.0,0.327326,1.513598,ZAF,PHL,760612
7989239,249,174,8570,2010,2154344.0,0.0,1.766729,0.909335,TWN,PHL,760612
7989240,7,177,8570,2010,0.0,32049.0,0.29457,-0.196371,ARE,POL,760612
7989241,9,177,8570,2010,0.0,12545.0,0.11632,-0.417048,ARM,POL,760612
7989242,14,177,8570,2010,0.0,1173500.0,-0.276442,0.062023,AUS,POL,760612
7989243,15,177,8570,2010,4287424.0,765314.0,1.724315,-0.29379099999999997,AUT,POL,760612
7989244,18,177,8570,2010,8567979.0,503143.0,1.2224270000000002,1.1276,BEL,POL,760612
7989245,23,177,8570,2010,4174958.0,1558225.0,0.44973,1.445441,BGR,POL,760612
7989246,26,177,8570,2010,0.0,2293.0,0.462275,0.830405,BIH,POL,760612
7989247,28,177,8570,2010,0.0,1982302.0,0.969851,0.593386,BLR,POL,760612
7989248,39,177,8570,2010,495.0,417050.0,0.752421,1.2208510000000001,CAN,POL,760612
7989249,41,177,8570,2010,6896834.0,6007276.0,2.1492080000000002,0.556424,CHE,POL,760612
7989250,43,177,8570,2010,3927250.0,35130.0,0.922493,2.0176,CHN,POL,760612
7989251,58,177,8570,2010,0.0,2246.0,0.8776450000000001,0.568389,CYP,POL,760612
7989252,59,177,8570,2010,3625880.0,10465783.0,1.732044,0.333934,CZE,POL,760612
7989253,61,177,8570,2010,69237424.0,29097966.0,2.035672,-3.383322,DEU,POL,760612
7989254,64,177,8570,2010,2635134.0,2490557.0,1.082468,1.280759,DNK,POL,760612
7989255,71,177,8570,2010,4350978.0,53649.0,0.832619,2.448009,ESP,POL,760612
7989256,72,177,8570,2010,0.0,661315.0,0.832316,1.1844649999999999,EST,POL,760612
7989257,74,177,8570,2010,4197.0,3360715.0,1.745464,0.897992,FIN,POL,760612
7989258,77,177,8570,2010,99538616.0,7850093.0,1.530027,-0.052557000000000006,FRA,POL,760612
7989259,80,177,8570,2010,44865.0,0.0,-1.707175,-1.167635,GAB,POL,760612
7989260,81,177,8570,2010,3454352.0,238417.0,1.828224,0.386383,GBR,POL,760612
7989261,82,177,8570,2010,0.0,6165.0,-0.21301399999999998,-0.48355299999999996,GEO,POL,760612
7989262,90,177,8570,2010,41715812.0,114829.0,0.200249,1.4640090000000001,GRC,POL,760612
7989263,97,177,8570,2010,4192.0,0.0,0.715745,1.9780259999999998,HKG,POL,760612
7989264,102,177,8570,2010,10845234.0,5416584.0,1.514225,0.740341,HUN,POL,760612
7989265,104,177,8570,2010,9338.0,141683.0,0.14485599999999998,2.408913,IND,POL,760612
7989266,110,177,8570,2010,280172.0,82622.0,1.215834,0.7028340000000001,ISR,POL,760612
7989267,111,177,8570,2010,13925281.0,4563743.0,1.272385,0.545721,ITA,POL,760612
7989268,114,177,8570,2010,288178.0,216688.0,2.459723,-0.279387,JPN,POL,760612
7989269,115,177,8570,2010,0.0,2273.0,-0.6278020000000001,-0.8419760000000001,KAZ,POL,760612
7989270,117,177,8570,2010,0.0,189914.0,-0.48426400000000003,-0.169443,KGZ,POL,760612
7989271,121,177,8570,2010,1661604.0,4356.0,1.7118849999999999,0.762362,KOR,POL,760612
7989272,130,177,8570,2010,77464.0,640965.0,0.6390600000000001,1.144911,LTU,POL,760612
7989273,132,177,8570,2010,0.0,606470.0,0.6158170000000001,1.1401059999999998,LVA,POL,760612
7989274,135,177,8570,2010,0.0,31150.0,-0.116797,0.037801,MDA,POL,760612
7989275,138,177,8570,2010,0.0,4603.0,1.132664,0.675756,MEX,POL,760612
7989276,140,177,8570,2010,0.0,1641.0,-0.122842,0.407017,MKD,POL,760612
7989277,157,177,8570,2010,1606.0,0.0,-0.829902,-0.826152,NER,POL,760612
7989278,159,177,8570,2010,0.0,2357.0,-1.887084,-1.2280229999999999,NGA,POL,760612
7989279,162,177,8570,2010,1899204.0,716711.0,1.237998,1.1891209999999999,NLD,POL,760612
7989280,163,177,8570,2010,11693148.0,1524638.0,0.865676,0.138757,NOR,POL,760612
7989281,164,177,8570,2010,99106.0,0.0,-0.23753400000000002,0.7957390000000001,NPL,POL,760612
7989282,166,177,8570,2010,0.0,573261.0,0.36828299999999997,0.574574,NZL,POL,760612
7989283,179,177,8570,2010,0.0,25298.0,0.551149,2.437209,PRT,POL,760612
7989284,185,177,8570,2010,10633867.0,29786426.0,0.6483760000000001,1.200256,ROU,POL,760612
7989285,186,177,8570,2010,15232747.0,1299590.0,0.583996,-0.223881,RUS,POL,760612
7989286,201,177,8570,2010,520819.0,2164.0,0.561161,1.33974,SRB,POL,760612
7989287,205,177,8570,2010,17865.0,0.0,-0.5734560000000001,-0.936167,SUR,POL,760612
7989288,206,177,8570,2010,106154.0,2313723.0,1.278601,0.726907,SVK,POL,760612
7989289,207,177,8570,2010,333633.0,139301.0,1.595473,0.7023020000000001,SVN,POL,760612
7989290,208,177,8570,2010,39362140.0,6556066.0,1.882239,0.397927,SWE,POL,760612
7989291,216,177,8570,2010,1402.0,0.0,0.748328,1.425224,THA,POL,760612
7989292,224,177,8570,2010,5168001.0,62440.0,0.359977,2.471173,TUR,POL,760612
7989293,228,177,8570,2010,32059.0,9482082.0,0.714148,0.916267,UKR,POL,760612
7989294,231,177,8570,2010,1774645.0,8671960.0,1.67573,-0.598165,USA,POL,760612
7989295,246,177,8570,2010,7340934.0,5579.0,0.327326,1.513598,ZAF,POL,760612
7989296,249,177,8570,2010,34542.0,0.0,1.766729,0.909335,TWN,POL,760612
7989297,250,177,8570,2010,66762.0,3627.0,0.45129600000000003,-0.223517,ANS,POL,760612
7989298,2,179,8570,2010,0.0,895980.0,-1.3711010000000001,-1.170608,AGO,PRT,760612
7989299,14,179,8570,2010,0.0,167918.0,-0.276442,0.062023,AUS,PRT,760612
7989300,15,179,8570,2010,1753383.0,25833.0,1.724315,-0.29379099999999997,AUT,PRT,760612
7989301,18,179,8570,2010,1600882.0,36990.0,1.2224270000000002,1.1276,BEL,PRT,760612
7989302,32,179,8570,2010,0.0,1174.0,0.40715500000000004,0.6208100000000001,BRA,PRT,760612
7989303,41,179,8570,2010,522107.0,68603.0,2.1492080000000002,0.556424,CHE,PRT,760612
7989304,43,179,8570,2010,561644.0,0.0,0.922493,2.0176,CHN,PRT,760612
7989305,51,179,8570,2010,0.0,2005.0,0.140658,-0.527468,CPV,PRT,760612
7989306,59,179,8570,2010,158691.0,0.0,1.732044,0.333934,CZE,PRT,760612
7989307,61,179,8570,2010,10419732.0,43489.0,2.035672,-3.383322,DEU,PRT,760612
7989308,64,179,8570,2010,505594.0,0.0,1.082468,1.280759,DNK,PRT,760612
7989309,71,179,8570,2010,20667728.0,681717.0,0.832619,2.448009,ESP,PRT,760612
7989310,77,179,8570,2010,6114277.0,926842.0,1.530027,-0.052557000000000006,FRA,PRT,760612
7989311,81,179,8570,2010,518114.0,24891.0,1.828224,0.386383,GBR,PRT,760612
7989312,84,179,8570,2010,0.0,1237.0,0.570018,-0.585911,GIB,PRT,760612
7989313,90,179,8570,2010,2578760.0,0.0,0.200249,1.4640090000000001,GRC,PRT,760612
7989314,102,179,8570,2010,41711.0,0.0,1.514225,0.740341,HUN,PRT,760612
7989315,110,179,8570,2010,13584.0,0.0,1.215834,0.7028340000000001,ISR,PRT,760612
7989316,111,179,8570,2010,9418035.0,0.0,1.272385,0.545721,ITA,PRT,760612
7989317,113,179,8570,2010,85272.0,0.0,0.251702,0.522758,JOR,PRT,760612
7989318,114,179,8570,2010,12607.0,0.0,2.459723,-0.279387,JPN,PRT,760612
7989319,138,179,8570,2010,2250.0,0.0,1.132664,0.675756,MEX,PRT,760612
7989320,147,179,8570,2010,0.0,87957.0,-1.479855,-1.070518,MOZ,PRT,760612
7989321,162,179,8570,2010,1495870.0,8795.0,1.237998,1.1891209999999999,NLD,PRT,760612
7989322,163,179,8570,2010,222846.0,0.0,0.865676,0.138757,NOR,PRT,760612
7989323,177,179,8570,2010,25298.0,0.0,1.083552,1.1433719999999998,POL,PRT,760612
7989324,185,179,8570,2010,281481.0,0.0,0.6483760000000001,1.200256,ROU,PRT,760612
7989325,203,179,8570,2010,0.0,2850.0,0.676596,-0.145275,STP,PRT,760612
7989326,208,179,8570,2010,1442270.0,0.0,1.882239,0.397927,SWE,PRT,760612
7989327,224,179,8570,2010,309366.0,0.0,0.359977,2.471173,TUR,PRT,760612
7989328,231,179,8570,2010,9734.0,22455.0,1.67573,-0.598165,USA,PRT,760612
7989329,249,179,8570,2010,28112.0,0.0,1.766729,0.909335,TWN,PRT,760612
7989330,8,180,8570,2010,4152.0,0.0,0.27458899999999997,0.597907,ARG,PRY,760612
7989331,32,180,8570,2010,174637.0,0.0,0.40715500000000004,0.6208100000000001,BRA,PRY,760612
7989332,43,180,8570,2010,263909.0,0.0,0.922493,2.0176,CHN,PRY,760612
7989333,111,180,8570,2010,172170.0,0.0,1.272385,0.545721,ITA,PRY,760612
7989334,7,183,8570,2010,10730548.0,0.0,0.29457,-0.196371,ARE,QAT,760612
7989335,18,183,8570,2010,1221.0,0.0,1.2224270000000002,1.1276,BEL,QAT,760612
7989336,24,183,8570,2010,16123.0,0.0,0.284356,-0.8362,BHR,QAT,760612
7989337,43,183,8570,2010,2547332.0,0.0,0.922493,2.0176,CHN,QAT,760612
7989338,61,183,8570,2010,118871.0,0.0,2.035672,-3.383322,DEU,QAT,760612
7989339,71,183,8570,2010,24624.0,0.0,0.832619,2.448009,ESP,QAT,760612
7989340,77,183,8570,2010,1391429.0,0.0,1.530027,-0.052557000000000006,FRA,QAT,760612
7989341,81,183,8570,2010,393072.0,0.0,1.828224,0.386383,GBR,QAT,760612
7989342,90,183,8570,2010,30075.0,0.0,0.200249,1.4640090000000001,GRC,QAT,760612
7989343,104,183,8570,2010,57023.0,0.0,0.14485599999999998,2.408913,IND,QAT,760612
7989344,111,183,8570,2010,49822.0,0.0,1.272385,0.545721,ITA,QAT,760612
7989345,113,183,8570,2010,36317.0,0.0,0.251702,0.522758,JOR,QAT,760612
7989346,114,183,8570,2010,844310.0,0.0,2.459723,-0.279387,JPN,QAT,760612
7989347,121,183,8570,2010,215485.0,0.0,1.7118849999999999,0.762362,KOR,QAT,760612
7989348,124,183,8570,2010,6902.0,0.0,0.415854,1.424085,LBN,QAT,760612
7989349,153,183,8570,2010,6926.0,0.0,0.9530780000000001,0.607456,MYS,QAT,760612
7989350,162,183,8570,2010,3160837.0,0.0,1.237998,1.1891209999999999,NLD,QAT,760612
7989351,163,183,8570,2010,23981.0,0.0,0.865676,0.138757,NOR,QAT,760612
7989352,167,183,8570,2010,7879.0,0.0,-0.487612,-0.9551379999999999,OMN,QAT,760612
7989353,168,183,8570,2010,2389.0,0.0,-0.692071,0.5409010000000001,PAK,QAT,760612
7989354,188,183,8570,2010,140648.0,0.0,0.46696400000000005,-0.7487520000000001,SAU,QAT,760612
7989355,192,183,8570,2010,38803.0,0.0,1.8441349999999999,0.570311,SGP,QAT,760612
7989356,216,183,8570,2010,10917.0,0.0,0.748328,1.425224,THA,QAT,760612
7989357,224,183,8570,2010,26514.0,0.0,0.359977,2.471173,TUR,QAT,760612
7989358,231,183,8570,2010,226903.0,0.0,1.67573,-0.598165,USA,QAT,760612
7989359,7,188,8570,2010,5227778.0,0.0,0.29457,-0.196371,ARE,SAU,760612
7989360,14,188,8570,2010,13133457.0,0.0,-0.276442,0.062023,AUS,SAU,760612
7989361,18,188,8570,2010,14454.0,79212.0,1.2224270000000002,1.1276,BEL,SAU,760612
7989362,22,188,8570,2010,0.0,42006.0,-0.974526,-0.76566,BGD,SAU,760612
7989363,24,188,8570,2010,152752.0,24383.0,0.284356,-0.8362,BHR,SAU,760612
7989364,32,188,8570,2010,1136280.0,0.0,0.40715500000000004,0.6208100000000001,BRA,SAU,760612
7989365,38,188,8570,2010,0.0,7356.0,0.062649,-0.6461779999999999,CAF,SAU,760612
7989366,43,188,8570,2010,21881766.0,0.0,0.922493,2.0176,CHN,SAU,760612
7989367,59,188,8570,2010,0.0,7074.0,1.732044,0.333934,CZE,SAU,760612
7989368,61,188,8570,2010,111650520.0,57472.0,2.035672,-3.383322,DEU,SAU,760612
7989369,64,188,8570,2010,20406.0,0.0,1.082468,1.280759,DNK,SAU,760612
7989370,68,188,8570,2010,28324.0,0.0,-0.181826,1.409465,EGY,SAU,760612
7989371,71,188,8570,2010,135721.0,0.0,0.832619,2.448009,ESP,SAU,760612
7989372,77,188,8570,2010,45946560.0,0.0,1.530027,-0.052557000000000006,FRA,SAU,760612
7989373,81,188,8570,2010,1194598.0,0.0,1.828224,0.386383,GBR,SAU,760612
7989374,90,188,8570,2010,387596.0,0.0,0.200249,1.4640090000000001,GRC,SAU,760612
7989375,103,188,8570,2010,121392.0,0.0,-0.30878099999999997,1.07069,IDN,SAU,760612
7989376,104,188,8570,2010,102958.0,879185.0,0.14485599999999998,2.408913,IND,SAU,760612
7989377,111,188,8570,2010,3172630.0,0.0,1.272385,0.545721,ITA,SAU,760612
7989378,113,188,8570,2010,941582.0,0.0,0.251702,0.522758,JOR,SAU,760612
7989379,114,188,8570,2010,21145118.0,84674.0,2.459723,-0.279387,JPN,SAU,760612
7989380,121,188,8570,2010,45813192.0,120132.0,1.7118849999999999,0.762362,KOR,SAU,760612
7989381,122,188,8570,2010,307181.0,23456.0,0.067373,-1.0822120000000002,KWT,SAU,760612
7989382,124,188,8570,2010,0.0,7980.0,0.415854,1.424085,LBN,SAU,760612
7989383,138,188,8570,2010,37427.0,0.0,1.132664,0.675756,MEX,SAU,760612
7989384,153,188,8570,2010,0.0,6531.0,0.9530780000000001,0.607456,MYS,SAU,760612
7989385,162,188,8570,2010,50742.0,0.0,1.237998,1.1891209999999999,NLD,SAU,760612
7989386,167,188,8570,2010,0.0,46293.0,-0.487612,-0.9551379999999999,OMN,SAU,760612
7989387,178,188,8570,2010,87581.0,0.0,0.348511,0.466229,PRK,SAU,760612
7989388,183,188,8570,2010,0.0,140648.0,-0.346143,-1.078192,QAT,SAU,760612
7989389,186,188,8570,2010,2043258.0,0.0,0.583996,-0.223881,RUS,SAU,760612
7989390,190,188,8570,2010,0.0,112503.0,-1.9094669999999998,-1.271065,SDN,SAU,760612
7989391,192,188,8570,2010,0.0,145860.0,1.8441349999999999,0.570311,SGP,SAU,760612
7989392,211,188,8570,2010,0.0,5424.0,-0.075668,-0.549686,SYC,SAU,760612
7989393,212,188,8570,2010,0.0,17941.0,-0.46833800000000003,1.11952,SYR,SAU,760612
7989394,224,188,8570,2010,13531.0,0.0,0.359977,2.471173,TUR,SAU,760612
7989395,231,188,8570,2010,45344988.0,0.0,1.67573,-0.598165,USA,SAU,760612
7989396,239,188,8570,2010,0.0,6626.0,-0.24660500000000002,1.427235,VNM,SAU,760612
7989397,243,188,8570,2010,0.0,1839436.0,-1.360851,-1.208826,YEM,SAU,760612
7989398,246,188,8570,2010,12404824.0,0.0,0.327326,1.513598,ZAF,SAU,760612
7989399,249,188,8570,2010,45013.0,0.0,1.766729,0.909335,TWN,SAU,760612
7989400,7,190,8570,2010,389728.0,0.0,0.29457,-0.196371,ARE,SDN,760612
7989401,15,190,8570,2010,158301.0,0.0,1.724315,-0.29379099999999997,AUT,SDN,760612
7989402,43,190,8570,2010,1233495.0,0.0,0.922493,2.0176,CHN,SDN,760612
7989403,68,190,8570,2010,101578.0,0.0,-0.181826,1.409465,EGY,SDN,760612
7989404,113,190,8570,2010,901.0,0.0,0.251702,0.522758,JOR,SDN,760612
7989405,121,190,8570,2010,25704.0,0.0,1.7118849999999999,0.762362,KOR,SDN,760612
7989406,124,190,8570,2010,73832.0,0.0,0.415854,1.424085,LBN,SDN,760612
7989407,188,190,8570,2010,112503.0,0.0,0.46696400000000005,-0.7487520000000001,SAU,SDN,760612
7989408,212,190,8570,2010,77490.0,0.0,-0.46833800000000003,1.11952,SYR,SDN,760612
7989409,224,190,8570,2010,10342.0,0.0,0.359977,2.471173,TUR,SDN,760612
7989410,228,190,8570,2010,550.0,0.0,0.714148,0.916267,UKR,SDN,760612
7989411,15,197,8570,2010,1995.0,0.0,1.724315,-0.29379099999999997,AUT,SLV,760612
7989412,32,197,8570,2010,79398.0,0.0,0.40715500000000004,0.6208100000000001,BRA,SLV,760612
7989413,39,197,8570,2010,3083.0,0.0,0.752421,1.2208510000000001,CAN,SLV,760612
7989414,41,197,8570,2010,0.0,1433.0,2.1492080000000002,0.556424,CHE,SLV,760612
7989415,42,197,8570,2010,2306.0,0.0,-0.34914,-0.459395,CHL,SLV,760612
7989416,43,197,8570,2010,182686.0,0.0,0.922493,2.0176,CHN,SLV,760612
7989417,52,197,8570,2010,0.0,1297.0,-0.122722,-0.7062069999999999,CRI,SLV,760612
7989418,93,197,8570,2010,156497.0,33398.0,-0.39034,0.743521,GTM,SLV,760612
7989419,121,197,8570,2010,1493.0,0.0,1.7118849999999999,0.762362,KOR,SLV,760612
7989420,138,197,8570,2010,15459.0,0.0,1.132664,0.675756,MEX,SLV,760612
7989421,169,197,8570,2010,0.0,1379.0,0.617867,0.903432,PAN,SLV,760612
7989422,231,197,8570,2010,200958.0,0.0,1.67573,-0.598165,USA,SLV,760612
7989423,246,197,8570,2010,1210.0,0.0,0.327326,1.513598,ZAF,SLV,760612
7989424,179,203,8570,2010,2850.0,0.0,0.551149,2.437209,PRT,STP,760612
7989425,41,205,8570,2010,0.0,18097.0,2.1492080000000002,0.556424,CHE,SUR,760612
7989426,43,205,8570,2010,6785.0,0.0,0.922493,2.0176,CHN,SUR,760612
7989427,59,205,8570,2010,0.0,3526.0,1.732044,0.333934,CZE,SUR,760612
7989428,162,205,8570,2010,15489.0,0.0,1.237998,1.1891209999999999,NLD,SUR,760612
7989429,177,205,8570,2010,0.0,17865.0,1.083552,1.1433719999999998,POL,SUR,760612
7989430,231,205,8570,2010,12547.0,0.0,1.67573,-0.598165,USA,SUR,760612
7989431,15,206,8570,2010,3858452.0,97753.0,1.724315,-0.29379099999999997,AUT,SVK,760612
7989432,18,206,8570,2010,5443731.0,26261.0,1.2224270000000002,1.1276,BEL,SVK,760612
7989433,23,206,8570,2010,163093.0,0.0,0.44973,1.445441,BGR,SVK,760612
7989434,26,206,8570,2010,191032.0,0.0,0.462275,0.830405,BIH,SVK,760612
7989435,41,206,8570,2010,1472550.0,14071.0,2.1492080000000002,0.556424,CHE,SVK,760612
7989436,43,206,8570,2010,88143.0,4311.0,0.922493,2.0176,CHN,SVK,760612
7989437,59,206,8570,2010,7240397.0,638359.0,1.732044,0.333934,CZE,SVK,760612
7989438,61,206,8570,2010,7397492.0,117992.0,2.035672,-3.383322,DEU,SVK,760612
7989439,64,206,8570,2010,90322.0,3687.0,1.082468,1.280759,DNK,SVK,760612
7989440,71,206,8570,2010,220906.0,9027.0,0.832619,2.448009,ESP,SVK,760612
7989441,72,206,8570,2010,0.0,1696.0,0.832316,1.1844649999999999,EST,SVK,760612
7989442,77,206,8570,2010,4154066.0,1218254.0,1.530027,-0.052557000000000006,FRA,SVK,760612
7989443,81,206,8570,2010,8740.0,0.0,1.828224,0.386383,GBR,SVK,760612
7989444,90,206,8570,2010,64689.0,0.0,0.200249,1.4640090000000001,GRC,SVK,760612
7989445,97,206,8570,2010,22377.0,0.0,0.715745,1.9780259999999998,HKG,SVK,760612
7989446,100,206,8570,2010,55743.0,17052.0,0.8276979999999999,0.97415,HRV,SVK,760612
7989447,102,206,8570,2010,946983.0,1031989.0,1.514225,0.740341,HUN,SVK,760612
7989448,111,206,8570,2010,2408633.0,375074.0,1.272385,0.545721,ITA,SVK,760612
7989449,114,206,8570,2010,2763.0,0.0,2.459723,-0.279387,JPN,SVK,760612
7989450,121,206,8570,2010,1011866.0,0.0,1.7118849999999999,0.762362,KOR,SVK,760612
7989451,131,206,8570,2010,9741.0,0.0,1.272127,1.1051520000000001,LUX,SVK,760612
7989452,153,206,8570,2010,0.0,1111.0,0.9530780000000001,0.607456,MYS,SVK,760612
7989453,162,206,8570,2010,62005.0,0.0,1.237998,1.1891209999999999,NLD,SVK,760612
7989454,163,206,8570,2010,79482.0,0.0,0.865676,0.138757,NOR,SVK,760612
7989455,177,206,8570,2010,2313723.0,106154.0,1.083552,1.1433719999999998,POL,SVK,760612
7989456,185,206,8570,2010,52471.0,199429.0,0.6483760000000001,1.200256,ROU,SVK,760612
7989457,186,206,8570,2010,34621.0,1690.0,0.583996,-0.223881,RUS,SVK,760612
7989458,201,206,8570,2010,212453.0,11650.0,0.561161,1.33974,SRB,SVK,760612
7989459,207,206,8570,2010,108224.0,214807.0,1.595473,0.7023020000000001,SVN,SVK,760612
7989460,208,206,8570,2010,148956.0,0.0,1.882239,0.397927,SWE,SVK,760612
7989461,223,206,8570,2010,0.0,2544.0,0.165019,0.8882059999999999,TUN,SVK,760612
7989462,224,206,8570,2010,801562.0,0.0,0.359977,2.471173,TUR,SVK,760612
7989463,228,206,8570,2010,0.0,10519.0,0.714148,0.916267,UKR,SVK,760612
7989464,246,206,8570,2010,1578.0,0.0,0.327326,1.513598,ZAF,SVK,760612
7989465,249,206,8570,2010,63077.0,0.0,1.766729,0.909335,TWN,SVK,760612
7989466,250,206,8570,2010,12137029.0,0.0,0.45129600000000003,-0.223517,ANS,SVK,760612
7989467,4,207,8570,2010,0.0,1899.0,-0.5316,-0.219561,ALB,SVN,760612
7989468,14,207,8570,2010,0.0,344749.0,-0.276442,0.062023,AUS,SVN,760612
7989469,15,207,8570,2010,6379446.0,1591683.0,1.724315,-0.29379099999999997,AUT,SVN,760612
7989470,18,207,8570,2010,343235.0,390087.0,1.2224270000000002,1.1276,BEL,SVN,760612
7989471,23,207,8570,2010,578879.0,171843.0,0.44973,1.445441,BGR,SVN,760612
7989472,26,207,8570,2010,0.0,234192.0,0.462275,0.830405,BIH,SVN,760612
7989473,39,207,8570,2010,0.0,33343.0,0.752421,1.2208510000000001,CAN,SVN,760612
7989474,41,207,8570,2010,440281.0,253195.0,2.1492080000000002,0.556424,CHE,SVN,760612
7989475,43,207,8570,2010,4490148.0,0.0,0.922493,2.0176,CHN,SVN,760612
7989476,59,207,8570,2010,227588.0,5104573.0,1.732044,0.333934,CZE,SVN,760612
7989477,61,207,8570,2010,5407960.0,34963744.0,2.035672,-3.383322,DEU,SVN,760612
7989478,64,207,8570,2010,37904.0,2151592.0,1.082468,1.280759,DNK,SVN,760612
7989479,68,207,8570,2010,23102.0,0.0,-0.181826,1.409465,EGY,SVN,760612
7989480,71,207,8570,2010,1531035.0,1111658.0,0.832619,2.448009,ESP,SVN,760612
7989481,74,207,8570,2010,0.0,706658.0,1.745464,0.897992,FIN,SVN,760612
7989482,77,207,8570,2010,203473.0,7858983.0,1.530027,-0.052557000000000006,FRA,SVN,760612
7989483,81,207,8570,2010,86875.0,425033.0,1.828224,0.386383,GBR,SVN,760612
7989484,90,207,8570,2010,48993.0,0.0,0.200249,1.4640090000000001,GRC,SVN,760612
7989485,100,207,8570,2010,167351.0,750957.0,0.8276979999999999,0.97415,HRV,SVN,760612
7989486,102,207,8570,2010,38647.0,1315327.0,1.514225,0.740341,HUN,SVN,760612
7989487,110,207,8570,2010,27107.0,0.0,1.215834,0.7028340000000001,ISR,SVN,760612
7989488,111,207,8570,2010,9159051.0,4973424.0,1.272385,0.545721,ITA,SVN,760612
7989489,114,207,8570,2010,168919.0,0.0,2.459723,-0.279387,JPN,SVN,760612
7989490,121,207,8570,2010,139446.0,0.0,1.7118849999999999,0.762362,KOR,SVN,760612
7989491,131,207,8570,2010,0.0,173402.0,1.272127,1.1051520000000001,LUX,SVN,760612
7989492,140,207,8570,2010,0.0,24367.0,-0.122842,0.407017,MKD,SVN,760612
7989493,162,207,8570,2010,1342800.0,3472104.0,1.237998,1.1891209999999999,NLD,SVN,760612
7989494,163,207,8570,2010,49669.0,0.0,0.865676,0.138757,NOR,SVN,760612
7989495,177,207,8570,2010,139301.0,333633.0,1.083552,1.1433719999999998,POL,SVN,760612
7989496,185,207,8570,2010,52989.0,331061.0,0.6483760000000001,1.200256,ROU,SVN,760612
7989497,186,207,8570,2010,902.0,195970.0,0.583996,-0.223881,RUS,SVN,760612
7989498,201,207,8570,2010,34679128.0,1927419.0,0.561161,1.33974,SRB,SVN,760612
7989499,206,207,8570,2010,214807.0,108224.0,1.278601,0.726907,SVK,SVN,760612
7989500,208,207,8570,2010,78335.0,216141.0,1.882239,0.397927,SWE,SVN,760612
7989501,212,207,8570,2010,27715.0,334457.0,-0.46833800000000003,1.11952,SYR,SVN,760612
7989502,224,207,8570,2010,12800.0,81740.0,0.359977,2.471173,TUR,SVN,760612
7989503,228,207,8570,2010,0.0,941.0,0.714148,0.916267,UKR,SVN,760612
7989504,231,207,8570,2010,26776.0,354410.0,1.67573,-0.598165,USA,SVN,760612
7989505,250,207,8570,2010,1051712.0,0.0,0.45129600000000003,-0.223517,ANS,SVN,760612
7989506,8,208,8570,2010,0.0,329609.0,0.27458899999999997,0.597907,ARG,SWE,760612
7989507,14,208,8570,2010,4245.0,14055.0,-0.276442,0.062023,AUS,SWE,760612
7989508,15,208,8570,2010,6977960.0,1891208.0,1.724315,-0.29379099999999997,AUT,SWE,760612
7989509,18,208,8570,2010,5097374.0,1621315.0,1.2224270000000002,1.1276,BEL,SWE,760612
7989510,23,208,8570,2010,143303.0,18827.0,0.44973,1.445441,BGR,SWE,760612
7989511,26,208,8570,2010,0.0,5248.0,0.462275,0.830405,BIH,SWE,760612
7989512,32,208,8570,2010,0.0,1093059.0,0.40715500000000004,0.6208100000000001,BRA,SWE,760612
7989513,39,208,8570,2010,994.0,3149187.0,0.752421,1.2208510000000001,CAN,SWE,760612
7989514,41,208,8570,2010,13241410.0,26062.0,2.1492080000000002,0.556424,CHE,SWE,760612
7989515,43,208,8570,2010,779857.0,757651.0,0.922493,2.0176,CHN,SWE,760612
7989516,49,208,8570,2010,0.0,357352.0,0.097222,-0.064328,COL,SWE,760612
7989517,59,208,8570,2010,338836.0,7243150.0,1.732044,0.333934,CZE,SWE,760612
7989518,61,208,8570,2010,59070400.0,24346796.0,2.035672,-3.383322,DEU,SWE,760612
7989519,64,208,8570,2010,10356872.0,16765266.0,1.082468,1.280759,DNK,SWE,760612
7989520,68,208,8570,2010,0.0,82728.0,-0.181826,1.409465,EGY,SWE,760612
7989521,71,208,8570,2010,111017.0,5472842.0,0.832619,2.448009,ESP,SWE,760612
7989522,72,208,8570,2010,108984.0,3524181.0,0.832316,1.1844649999999999,EST,SWE,760612
7989523,74,208,8570,2010,2604329.0,6692753.0,1.745464,0.897992,FIN,SWE,760612
7989524,77,208,8570,2010,90888360.0,22212306.0,1.530027,-0.052557000000000006,FRA,SWE,760612
7989525,81,208,8570,2010,7486825.0,27626326.0,1.828224,0.386383,GBR,SWE,760612
7989526,90,208,8570,2010,1338369.0,403110.0,0.200249,1.4640090000000001,GRC,SWE,760612
7989527,97,208,8570,2010,1315.0,0.0,0.715745,1.9780259999999998,HKG,SWE,760612
7989528,100,208,8570,2010,98922.0,3305.0,0.8276979999999999,0.97415,HRV,SWE,760612
7989529,102,208,8570,2010,1771132.0,78239.0,1.514225,0.740341,HUN,SWE,760612
7989530,103,208,8570,2010,0.0,2139058.0,-0.30878099999999997,1.07069,IDN,SWE,760612
7989531,104,208,8570,2010,2999.0,5830063.0,0.14485599999999998,2.408913,IND,SWE,760612
7989532,106,208,8570,2010,20081.0,0.0,1.371357,0.168795,IRL,SWE,760612
7989533,107,208,8570,2010,0.0,266662.0,-0.609874,-0.744733,IRN,SWE,760612
7989534,109,208,8570,2010,0.0,33577.0,0.20822100000000002,-0.318294,ISL,SWE,760612
7989535,110,208,8570,2010,49895.0,0.0,1.215834,0.7028340000000001,ISR,SWE,760612
7989536,111,208,8570,2010,16170175.0,24940890.0,1.272385,0.545721,ITA,SWE,760612
7989537,114,208,8570,2010,0.0,13395.0,2.459723,-0.279387,JPN,SWE,760612
7989538,117,208,8570,2010,0.0,15645.0,-0.48426400000000003,-0.169443,KGZ,SWE,760612
7989539,121,208,8570,2010,0.0,21790.0,1.7118849999999999,0.762362,KOR,SWE,760612
7989540,124,208,8570,2010,0.0,9165.0,0.415854,1.424085,LBN,SWE,760612
7989541,128,208,8570,2010,0.0,1625.0,-0.70886,0.25216700000000003,LKA,SWE,760612
7989542,130,208,8570,2010,5137.0,182487.0,0.6390600000000001,1.144911,LTU,SWE,760612
7989543,132,208,8570,2010,112876.0,286401.0,0.6158170000000001,1.1401059999999998,LVA,SWE,760612
7989544,134,208,8570,2010,0.0,32889.0,-0.5935229999999999,-0.056497000000000006,MAR,SWE,760612
7989545,138,208,8570,2010,0.0,3919514.0,1.132664,0.675756,MEX,SWE,760612
7989546,153,208,8570,2010,0.0,8532.0,0.9530780000000001,0.607456,MYS,SWE,760612
7989547,155,208,8570,2010,3247.0,9663.0,-0.49860299999999996,-0.6728529999999999,NAM,SWE,760612
7989548,157,208,8570,2010,0.0,13404.0,-0.829902,-0.826152,NER,SWE,760612
7989549,162,208,8570,2010,2636322.0,4506558.0,1.237998,1.1891209999999999,NLD,SWE,760612
7989550,163,208,8570,2010,52910260.0,5814760.0,0.865676,0.138757,NOR,SWE,760612
7989551,166,208,8570,2010,0.0,46832.0,0.36828299999999997,0.574574,NZL,SWE,760612
7989552,173,208,8570,2010,0.0,58917.0,-0.650327,0.162321,PER,SWE,760612
7989553,174,208,8570,2010,0.0,3971.0,0.40418899999999996,0.102497,PHL,SWE,760612
7989554,177,208,8570,2010,6556066.0,39362140.0,1.083552,1.1433719999999998,POL,SWE,760612
7989555,179,208,8570,2010,0.0,1442270.0,0.551149,2.437209,PRT,SWE,760612
7989556,185,208,8570,2010,504049.0,1851982.0,0.6483760000000001,1.200256,ROU,SWE,760612
7989557,186,208,8570,2010,250960.0,149708.0,0.583996,-0.223881,RUS,SWE,760612
7989558,192,208,8570,2010,0.0,49108.0,1.8441349999999999,0.570311,SGP,SWE,760612
7989559,201,208,8570,2010,27880.0,67535.0,0.561161,1.33974,SRB,SWE,760612
7989560,206,208,8570,2010,0.0,148956.0,1.278601,0.726907,SVK,SWE,760612
7989561,207,208,8570,2010,216141.0,78335.0,1.595473,0.7023020000000001,SVN,SWE,760612
7989562,216,208,8570,2010,1274.0,942651.0,0.748328,1.425224,THA,SWE,760612
7989563,224,208,8570,2010,2314317.0,1455012.0,0.359977,2.471173,TUR,SWE,760612
7989564,228,208,8570,2010,0.0,2421.0,0.714148,0.916267,UKR,SWE,760612
7989565,230,208,8570,2010,0.0,8383.0,0.217246,-0.079733,URY,SWE,760612
7989566,231,208,8570,2010,121010.0,7814772.0,1.67573,-0.598165,USA,SWE,760612
7989567,246,208,8570,2010,0.0,39534.0,0.327326,1.513598,ZAF,SWE,760612
7989568,249,208,8570,2010,117783.0,1104512.0,1.766729,0.909335,TWN,SWE,760612
7989569,7,212,8570,2010,571288.0,255280.0,0.29457,-0.196371,ARE,SYR,760612
7989570,14,212,8570,2010,0.0,228252.0,-0.276442,0.062023,AUS,SYR,760612
7989571,18,212,8570,2010,0.0,173741.0,1.2224270000000002,1.1276,BEL,SYR,760612
7989572,23,212,8570,2010,71426.0,0.0,0.44973,1.445441,BGR,SYR,760612
7989573,24,212,8570,2010,17651190.0,0.0,0.284356,-0.8362,BHR,SYR,760612
7989574,28,212,8570,2010,0.0,161221.0,0.969851,0.593386,BLR,SYR,760612
7989575,43,212,8570,2010,7461988.0,0.0,0.922493,2.0176,CHN,SYR,760612
7989576,61,212,8570,2010,234005.0,1238968.0,2.035672,-3.383322,DEU,SYR,760612
7989577,68,212,8570,2010,158474.0,0.0,-0.181826,1.409465,EGY,SYR,760612
7989578,77,212,8570,2010,20434.0,0.0,1.530027,-0.052557000000000006,FRA,SYR,760612
7989579,81,212,8570,2010,67747.0,0.0,1.828224,0.386383,GBR,SYR,760612
7989580,90,212,8570,2010,24583.0,0.0,0.200249,1.4640090000000001,GRC,SYR,760612
7989581,102,212,8570,2010,2082.0,0.0,1.514225,0.740341,HUN,SYR,760612
7989582,104,212,8570,2010,16740.0,0.0,0.14485599999999998,2.408913,IND,SYR,760612
7989583,108,212,8570,2010,0.0,4801.0,-2.1439150000000002,-0.913227,IRQ,SYR,760612
7989584,111,212,8570,2010,333232.0,889225.0,1.272385,0.545721,ITA,SYR,760612
7989585,113,212,8570,2010,20794.0,12067.0,0.251702,0.522758,JOR,SYR,760612
7989586,114,212,8570,2010,46200.0,0.0,2.459723,-0.279387,JPN,SYR,760612
7989587,121,212,8570,2010,25867.0,0.0,1.7118849999999999,0.762362,KOR,SYR,760612
7989588,122,212,8570,2010,0.0,4946.0,0.067373,-1.0822120000000002,KWT,SYR,760612
7989589,124,212,8570,2010,22078.0,1390263.0,0.415854,1.424085,LBN,SYR,760612
7989590,134,212,8570,2010,0.0,923942.0,-0.5935229999999999,-0.056497000000000006,MAR,SYR,760612
7989591,188,212,8570,2010,17941.0,0.0,0.46696400000000005,-0.7487520000000001,SAU,SYR,760612
7989592,190,212,8570,2010,0.0,77490.0,-1.9094669999999998,-1.271065,SDN,SYR,760612
7989593,207,212,8570,2010,334457.0,27715.0,1.595473,0.7023020000000001,SVN,SYR,760612
7989594,223,212,8570,2010,0.0,76867.0,0.165019,0.8882059999999999,TUN,SYR,760612
7989595,224,212,8570,2010,2461876.0,6349726.0,0.359977,2.471173,TUR,SYR,760612
7989596,250,212,8570,2010,73340.0,0.0,0.45129600000000003,-0.223517,ANS,SYR,760612
7989597,7,216,8570,2010,0.0,289425.0,0.29457,-0.196371,ARE,THA,760612
7989598,14,216,8570,2010,45528624.0,178999.0,-0.276442,0.062023,AUS,THA,760612
7989599,15,216,8570,2010,301320.0,0.0,1.724315,-0.29379099999999997,AUT,THA,760612
7989600,18,216,8570,2010,874414.0,0.0,1.2224270000000002,1.1276,BEL,THA,760612
7989601,24,216,8570,2010,341826.0,0.0,0.284356,-0.8362,BHR,THA,760612
7989602,34,216,8570,2010,0.0,3670.0,0.717167,-0.764841,BRN,THA,760612
7989603,39,216,8570,2010,0.0,8887.0,0.752421,1.2208510000000001,CAN,THA,760612
7989604,41,216,8570,2010,383018.0,17254.0,2.1492080000000002,0.556424,CHE,THA,760612
7989605,42,216,8570,2010,0.0,34345.0,-0.34914,-0.459395,CHL,THA,760612
7989606,43,216,8570,2010,43327908.0,1936736.0,0.922493,2.0176,CHN,THA,760612
7989607,59,216,8570,2010,308292.0,162028.0,1.732044,0.333934,CZE,THA,760612
7989608,61,216,8570,2010,22586842.0,79954.0,2.035672,-3.383322,DEU,THA,760612
7989609,64,216,8570,2010,12671.0,40424.0,1.082468,1.280759,DNK,THA,760612
7989610,68,216,8570,2010,0.0,80496.0,-0.181826,1.409465,EGY,THA,760612
7989611,71,216,8570,2010,0.0,2481.0,0.832619,2.448009,ESP,THA,760612
7989612,77,216,8570,2010,1355397.0,3253.0,1.530027,-0.052557000000000006,FRA,THA,760612
7989613,81,216,8570,2010,66812.0,27032.0,1.828224,0.386383,GBR,THA,760612
7989614,90,216,8570,2010,559908.0,0.0,0.200249,1.4640090000000001,GRC,THA,760612
7989615,97,216,8570,2010,598593.0,21647.0,0.715745,1.9780259999999998,HKG,THA,760612
7989616,103,216,8570,2010,2539788.0,429748.0,-0.30878099999999997,1.07069,IDN,THA,760612
7989617,104,216,8570,2010,1383329.0,10700.0,0.14485599999999998,2.408913,IND,THA,760612
7989618,111,216,8570,2010,2504198.0,0.0,1.272385,0.545721,ITA,THA,760612
7989619,114,216,8570,2010,120356048.0,151722.0,2.459723,-0.279387,JPN,THA,760612
7989620,118,216,8570,2010,0.0,14348.0,-1.158906,-1.019906,KHM,THA,760612
7989621,121,216,8570,2010,29727918.0,164552.0,1.7118849999999999,0.762362,KOR,THA,760612
7989622,123,216,8570,2010,0.0,3381.0,-1.104075,-0.836772,LAO,THA,760612
7989623,137,216,8570,2010,0.0,1443.0,-0.644859,-0.910633,MDV,THA,760612
7989624,143,216,8570,2010,0.0,378918.0,-1.480389,-1.075842,MMR,THA,760612
7989625,153,216,8570,2010,715655.0,48021.0,0.9530780000000001,0.607456,MYS,THA,760612
7989626,162,216,8570,2010,262864.0,31474.0,1.237998,1.1891209999999999,NLD,THA,760612
7989627,163,216,8570,2010,71197.0,0.0,0.865676,0.138757,NOR,THA,760612
7989628,166,216,8570,2010,0.0,374815.0,0.36828299999999997,0.574574,NZL,THA,760612
7989629,168,216,8570,2010,0.0,22079.0,-0.692071,0.5409010000000001,PAK,THA,760612
7989630,174,216,8570,2010,15667.0,0.0,0.40418899999999996,0.102497,PHL,THA,760612
7989631,177,216,8570,2010,0.0,1402.0,1.083552,1.1433719999999998,POL,THA,760612
7989632,178,216,8570,2010,16717.0,0.0,0.348511,0.466229,PRK,THA,760612
7989633,183,216,8570,2010,0.0,10917.0,-0.346143,-1.078192,QAT,THA,760612
7989634,186,216,8570,2010,2547378.0,0.0,0.583996,-0.223881,RUS,THA,760612
7989635,192,216,8570,2010,4117989.0,751131.0,1.8441349999999999,0.570311,SGP,THA,760612
7989636,208,216,8570,2010,942651.0,1274.0,1.882239,0.397927,SWE,THA,760612
7989637,231,216,8570,2010,8265367.0,50370.0,1.67573,-0.598165,USA,THA,760612
7989638,239,216,8570,2010,0.0,22896.0,-0.24660500000000002,1.427235,VNM,THA,760612
7989639,246,216,8570,2010,5618306.0,3379.0,0.327326,1.513598,ZAF,THA,760612
7989640,249,216,8570,2010,6837291.0,1606.0,1.766729,0.909335,TWN,THA,760612
7989641,39,222,8570,2010,1158.0,0.0,0.752421,1.2208510000000001,CAN,TTO,760612
7989642,42,222,8570,2010,135950.0,0.0,-0.34914,-0.459395,CHL,TTO,760612
7989643,43,222,8570,2010,719926.0,0.0,0.922493,2.0176,CHN,TTO,760612
7989644,49,222,8570,2010,142802.0,0.0,0.097222,-0.064328,COL,TTO,760612
7989645,61,222,8570,2010,5197.0,0.0,2.035672,-3.383322,DEU,TTO,760612
7989646,71,222,8570,2010,15113.0,0.0,0.832619,2.448009,ESP,TTO,760612
7989647,81,222,8570,2010,6313.0,0.0,1.828224,0.386383,GBR,TTO,760612
7989648,91,222,8570,2010,0.0,7909.0,-0.1543,-0.779396,GRD,TTO,760612
7989649,162,222,8570,2010,6877.0,0.0,1.237998,1.1891209999999999,NLD,TTO,760612
7989650,169,222,8570,2010,2072.0,0.0,0.617867,0.903432,PAN,TTO,760612
7989651,231,222,8570,2010,716203.0,0.0,1.67573,-0.598165,USA,TTO,760612
7989652,234,222,8570,2010,0.0,1575.0,0.120821,-0.43102700000000005,VCT,TTO,760612
7989653,1,224,8570,2010,0.0,15805.0,-0.054633,-0.102103,AFG,TUR,760612
7989654,4,224,8570,2010,0.0,778647.0,-0.5316,-0.219561,ALB,TUR,760612
7989655,6,224,8570,2010,0.0,3814.0,-0.08593200000000001,-0.691395,ANT,TUR,760612
7989656,7,224,8570,2010,116527.0,0.0,0.29457,-0.196371,ARE,TUR,760612
7989657,9,224,8570,2010,0.0,183.0,0.11632,-0.417048,ARM,TUR,760612
7989658,14,224,8570,2010,0.0,37562.0,-0.276442,0.062023,AUS,TUR,760612
7989659,15,224,8570,2010,337245.0,3905260.0,1.724315,-0.29379099999999997,AUT,TUR,760612
7989660,16,224,8570,2010,0.0,2513002.0,-1.048424,-1.2030370000000001,AZE,TUR,760612
7989661,18,224,8570,2010,3927586.0,1728589.0,1.2224270000000002,1.1276,BEL,TUR,760612
7989662,23,224,8570,2010,840569.0,396838.0,0.44973,1.445441,BGR,TUR,760612
7989663,24,224,8570,2010,277264.0,0.0,0.284356,-0.8362,BHR,TUR,760612
7989664,26,224,8570,2010,0.0,229204.0,0.462275,0.830405,BIH,TUR,760612
7989665,28,224,8570,2010,0.0,581701.0,0.969851,0.593386,BLR,TUR,760612
7989666,39,224,8570,2010,2047.0,4284472.0,0.752421,1.2208510000000001,CAN,TUR,760612
7989667,41,224,8570,2010,58803.0,17595264.0,2.1492080000000002,0.556424,CHE,TUR,760612
7989668,43,224,8570,2010,2278260.0,55450.0,0.922493,2.0176,CHN,TUR,760612
7989669,45,224,8570,2010,0.0,166977.0,-1.114209,-1.0127899999999999,CMR,TUR,760612
7989670,58,224,8570,2010,0.0,691622.0,0.8776450000000001,0.568389,CYP,TUR,760612
7989671,59,224,8570,2010,275272.0,4907380.0,1.732044,0.333934,CZE,TUR,760612
7989672,61,224,8570,2010,58823128.0,54151744.0,2.035672,-3.383322,DEU,TUR,760612
7989673,64,224,8570,2010,37053.0,1037468.0,1.082468,1.280759,DNK,TUR,760612
7989674,65,224,8570,2010,0.0,2183.0,-0.245241,0.368626,DOM,TUR,760612
7989675,66,224,8570,2010,0.0,607776.0,-1.00922,-1.1511040000000001,DZA,TUR,760612
7989676,68,224,8570,2010,5054936.0,106950.0,-0.181826,1.409465,EGY,TUR,760612
7989677,71,224,8570,2010,496303.0,12388889.0,0.832619,2.448009,ESP,TUR,760612
7989678,73,224,8570,2010,0.0,8508.0,-1.122906,-0.840777,ETH,TUR,760612
7989679,74,224,8570,2010,0.0,2683.0,1.745464,0.897992,FIN,TUR,760612
7989680,77,224,8570,2010,40661736.0,958049.0,1.530027,-0.052557000000000006,FRA,TUR,760612
7989681,81,224,8570,2010,1858116.0,17645032.0,1.828224,0.386383,GBR,TUR,760612
7989682,82,224,8570,2010,0.0,410879.0,-0.21301399999999998,-0.48355299999999996,GEO,TUR,760612
7989683,83,224,8570,2010,0.0,352857.0,-0.835003,-0.633731,GHA,TUR,760612
7989684,90,224,8570,2010,20406426.0,2592392.0,0.200249,1.4640090000000001,GRC,TUR,760612
7989685,97,224,8570,2010,0.0,80435.0,0.715745,1.9780259999999998,HKG,TUR,760612
7989686,100,224,8570,2010,0.0,90023.0,0.8276979999999999,0.97415,HRV,TUR,760612
7989687,102,224,8570,2010,338336.0,378702.0,1.514225,0.740341,HUN,TUR,760612
7989688,103,224,8570,2010,207321.0,0.0,-0.30878099999999997,1.07069,IDN,TUR,760612
7989689,104,224,8570,2010,143623.0,9145.0,0.14485599999999998,2.408913,IND,TUR,760612
7989690,106,224,8570,2010,0.0,895463.0,1.371357,0.168795,IRL,TUR,760612
7989691,107,224,8570,2010,0.0,1746103.0,-0.609874,-0.744733,IRN,TUR,760612
7989692,108,224,8570,2010,14886.0,4966350.0,-2.1439150000000002,-0.913227,IRQ,TUR,760612
7989693,110,224,8570,2010,671374.0,1735660.0,1.215834,0.7028340000000001,ISR,TUR,760612
7989694,111,224,8570,2010,6665100.0,26380490.0,1.272385,0.545721,ITA,TUR,760612
7989695,113,224,8570,2010,0.0,130065.0,0.251702,0.522758,JOR,TUR,760612
7989696,114,224,8570,2010,8567470.0,3820.0,2.459723,-0.279387,JPN,TUR,760612
7989697,115,224,8570,2010,0.0,492761.0,-0.6278020000000001,-0.8419760000000001,KAZ,TUR,760612
7989698,117,224,8570,2010,0.0,57546.0,-0.48426400000000003,-0.169443,KGZ,TUR,760612
7989699,121,224,8570,2010,23374.0,124532.0,1.7118849999999999,0.762362,KOR,TUR,760612
7989700,122,224,8570,2010,0.0,21678.0,0.067373,-1.0822120000000002,KWT,TUR,760612
7989701,124,224,8570,2010,0.0,96723.0,0.415854,1.424085,LBN,TUR,760612
7989702,126,224,8570,2010,0.0,979129.0,-0.706491,-1.140822,LBY,TUR,760612
7989703,130,224,8570,2010,0.0,74398.0,0.6390600000000001,1.144911,LTU,TUR,760612
7989704,132,224,8570,2010,0.0,87249.0,0.6158170000000001,1.1401059999999998,LVA,TUR,760612
7989705,134,224,8570,2010,0.0,212400.0,-0.5935229999999999,-0.056497000000000006,MAR,TUR,760612
7989706,135,224,8570,2010,0.0,164573.0,-0.116797,0.037801,MDA,TUR,760612
7989707,140,224,8570,2010,0.0,163008.0,-0.122842,0.407017,MKD,TUR,760612
7989708,142,224,8570,2010,0.0,212736.0,1.211797,-0.024923,MLT,TUR,760612
7989709,144,224,8570,2010,0.0,91512.0,0.266397,-0.02502,MNE,TUR,760612
7989710,162,224,8570,2010,13166438.0,1562973.0,1.237998,1.1891209999999999,NLD,TUR,760612
7989711,163,224,8570,2010,35774080.0,240539.0,0.865676,0.138757,NOR,TUR,760612
7989712,167,224,8570,2010,0.0,5287.0,-0.487612,-0.9551379999999999,OMN,TUR,760612
7989713,168,224,8570,2010,0.0,110768.0,-0.692071,0.5409010000000001,PAK,TUR,760612
7989714,174,224,8570,2010,8058.0,0.0,0.40418899999999996,0.102497,PHL,TUR,760612
7989715,177,224,8570,2010,62440.0,5168001.0,1.083552,1.1433719999999998,POL,TUR,760612
7989716,179,224,8570,2010,0.0,309366.0,0.551149,2.437209,PRT,TUR,760612
7989717,183,224,8570,2010,0.0,26514.0,-0.346143,-1.078192,QAT,TUR,760612
7989718,185,224,8570,2010,7059042.0,1641460.0,0.6483760000000001,1.200256,ROU,TUR,760612
7989719,186,224,8570,2010,1266002.0,861875.0,0.583996,-0.223881,RUS,TUR,760612
7989720,188,224,8570,2010,0.0,13531.0,0.46696400000000005,-0.7487520000000001,SAU,TUR,760612
7989721,190,224,8570,2010,0.0,10342.0,-1.9094669999999998,-1.271065,SDN,TUR,760612
7989722,191,224,8570,2010,0.0,54471.0,-0.45445,-0.148149,SEN,TUR,760612
7989723,192,224,8570,2010,0.0,77698.0,1.8441349999999999,0.570311,SGP,TUR,760612
7989724,201,224,8570,2010,69077.0,584473.0,0.561161,1.33974,SRB,TUR,760612
7989725,206,224,8570,2010,0.0,801562.0,1.278601,0.726907,SVK,TUR,760612
7989726,207,224,8570,2010,81740.0,12800.0,1.595473,0.7023020000000001,SVN,TUR,760612
7989727,208,224,8570,2010,1455012.0,2314317.0,1.882239,0.397927,SWE,TUR,760612
7989728,212,224,8570,2010,6349726.0,2461876.0,-0.46833800000000003,1.11952,SYR,TUR,760612
7989729,217,224,8570,2010,0.0,8480.0,-1.054317,-1.074198,TJK,TUR,760612
7989730,219,224,8570,2010,0.0,1022769.0,-1.161458,-1.191589,TKM,TUR,760612
7989731,223,224,8570,2010,10525.0,33502.0,0.165019,0.8882059999999999,TUN,TUR,760612
7989732,226,224,8570,2010,0.0,27433.0,-0.7327,0.427616,TZA,TUR,760612
7989733,228,224,8570,2010,0.0,2791336.0,0.714148,0.916267,UKR,TUR,760612
7989734,231,224,8570,2010,11870103.0,9612124.0,1.67573,-0.598165,USA,TUR,760612
7989735,232,224,8570,2010,0.0,36723.0,-0.704097,-0.655055,UZB,TUR,760612
7989736,246,224,8570,2010,292149.0,977.0,0.327326,1.513598,ZAF,TUR,760612
7989737,249,224,8570,2010,123189.0,0.0,1.766729,0.909335,TWN,TUR,760612
7989738,250,224,8570,2010,530426.0,2556302.0,0.45129600000000003,-0.223517,ANS,TUR,760612
7989739,15,228,8570,2010,787696.0,12108.0,1.724315,-0.29379099999999997,AUT,UKR,760612
7989740,18,228,8570,2010,10859.0,0.0,1.2224270000000002,1.1276,BEL,UKR,760612
7989741,23,228,8570,2010,65014.0,0.0,0.44973,1.445441,BGR,UKR,760612
7989742,28,228,8570,2010,9565.0,7518.0,0.969851,0.593386,BLR,UKR,760612
7989743,41,228,8570,2010,12658.0,0.0,2.1492080000000002,0.556424,CHE,UKR,760612
7989744,43,228,8570,2010,4938642.0,0.0,0.922493,2.0176,CHN,UKR,760612
7989745,54,228,8570,2010,0.0,2889.0,-0.085462,-0.885019,CUB,UKR,760612
7989746,61,228,8570,2010,13622972.0,0.0,2.035672,-3.383322,DEU,UKR,760612
7989747,64,228,8570,2010,6322.0,0.0,1.082468,1.280759,DNK,UKR,760612
7989748,71,228,8570,2010,25478.0,0.0,0.832619,2.448009,ESP,UKR,760612
7989749,77,228,8570,2010,418218.0,0.0,1.530027,-0.052557000000000006,FRA,UKR,760612
7989750,81,228,8570,2010,23485.0,0.0,1.828224,0.386383,GBR,UKR,760612
7989751,82,228,8570,2010,0.0,16165.0,-0.21301399999999998,-0.48355299999999996,GEO,UKR,760612
7989752,90,228,8570,2010,182484.0,0.0,0.200249,1.4640090000000001,GRC,UKR,760612
7989753,97,228,8570,2010,80585.0,0.0,0.715745,1.9780259999999998,HKG,UKR,760612
7989754,102,228,8570,2010,4885.0,0.0,1.514225,0.740341,HUN,UKR,760612
7989755,104,228,8570,2010,1374.0,4911.0,0.14485599999999998,2.408913,IND,UKR,760612
7989756,107,228,8570,2010,0.0,146096.0,-0.609874,-0.744733,IRN,UKR,760612
7989757,110,228,8570,2010,32311.0,0.0,1.215834,0.7028340000000001,ISR,UKR,760612
7989758,111,228,8570,2010,757602.0,64013.0,1.272385,0.545721,ITA,UKR,760612
7989759,114,228,8570,2010,532643.0,0.0,2.459723,-0.279387,JPN,UKR,760612
7989760,115,228,8570,2010,0.0,51104.0,-0.6278020000000001,-0.8419760000000001,KAZ,UKR,760612
7989761,130,228,8570,2010,4111.0,0.0,0.6390600000000001,1.144911,LTU,UKR,760612
7989762,135,228,8570,2010,0.0,86222.0,-0.116797,0.037801,MDA,UKR,760612
7989763,144,228,8570,2010,0.0,3508.0,0.266397,-0.02502,MNE,UKR,760612
7989764,148,228,8570,2010,202836.0,0.0,-2.099882,-1.303977,MRT,UKR,760612
7989765,162,228,8570,2010,55613.0,0.0,1.237998,1.1891209999999999,NLD,UKR,760612
7989766,163,228,8570,2010,122621.0,0.0,0.865676,0.138757,NOR,UKR,760612
7989767,177,228,8570,2010,9482082.0,32059.0,1.083552,1.1433719999999998,POL,UKR,760612
7989768,186,228,8570,2010,24553348.0,18921.0,0.583996,-0.223881,RUS,UKR,760612
7989769,190,228,8570,2010,0.0,550.0,-1.9094669999999998,-1.271065,SDN,UKR,760612
7989770,206,228,8570,2010,10519.0,0.0,1.278601,0.726907,SVK,UKR,760612
7989771,207,228,8570,2010,941.0,0.0,1.595473,0.7023020000000001,SVN,UKR,760612
7989772,208,228,8570,2010,2421.0,0.0,1.882239,0.397927,SWE,UKR,760612
7989773,224,228,8570,2010,2791336.0,0.0,0.359977,2.471173,TUR,UKR,760612
7989774,231,228,8570,2010,3060.0,1323.0,1.67573,-0.598165,USA,UKR,760612
7989775,239,228,8570,2010,0.0,1464.0,-0.24660500000000002,1.427235,VNM,UKR,760612
7989776,246,228,8570,2010,482539.0,0.0,0.327326,1.513598,ZAF,UKR,760612
7989777,8,230,8570,2010,62206.0,0.0,0.27458899999999997,0.597907,ARG,URY,760612
7989778,32,230,8570,2010,125776.0,0.0,0.40715500000000004,0.6208100000000001,BRA,URY,760612
7989779,43,230,8570,2010,316055.0,0.0,0.922493,2.0176,CHN,URY,760612
7989780,77,230,8570,2010,47892.0,0.0,1.530027,-0.052557000000000006,FRA,URY,760612
7989781,81,230,8570,2010,17395.0,0.0,1.828224,0.386383,GBR,URY,760612
7989782,90,230,8570,2010,701855.0,0.0,0.200249,1.4640090000000001,GRC,URY,760612
7989783,138,230,8570,2010,1618.0,0.0,1.132664,0.675756,MEX,URY,760612
7989784,186,230,8570,2010,643.0,0.0,0.583996,-0.223881,RUS,URY,760612
7989785,208,230,8570,2010,8383.0,0.0,1.882239,0.397927,SWE,URY,760612
7989786,231,230,8570,2010,1718655.0,0.0,1.67573,-0.598165,USA,URY,760612
7989787,249,230,8570,2010,8145.0,0.0,1.766729,0.909335,TWN,URY,760612
7989788,0,231,8570,2010,0.0,8899.0,0.9906219999999999,0.159993,ABW,USA,760612
7989789,1,231,8570,2010,0.0,376588.0,-0.054633,-0.102103,AFG,USA,760612
7989790,2,231,8570,2010,0.0,1592904.0,-1.3711010000000001,-1.170608,AGO,USA,760612
7989791,3,231,8570,2010,0.0,35841.0,1.127307,0.035098000000000004,AIA,USA,760612
7989792,7,231,8570,2010,0.0,30161468.0,0.29457,-0.196371,ARE,USA,760612
7989793,8,231,8570,2010,0.0,4543098.0,0.27458899999999997,0.597907,ARG,USA,760612
7989794,13,231,8570,2010,0.0,2193.0,1.2153129999999999,0.955838,ATG,USA,760612
7989795,14,231,8570,2010,215646.0,5526814.0,-0.276442,0.062023,AUS,USA,760612
7989796,15,231,8570,2010,63207032.0,19506.0,1.724315,-0.29379099999999997,AUT,USA,760612
7989797,18,231,8570,2010,4187954.0,5747284.0,1.2224270000000002,1.1276,BEL,USA,760612
7989798,23,231,8570,2010,0.0,28016.0,0.44973,1.445441,BGR,USA,760612
7989799,24,231,8570,2010,33161798.0,2431.0,0.284356,-0.8362,BHR,USA,760612
7989800,25,231,8570,2010,3634.0,13999.0,0.495262,-0.6198779999999999,BHS,USA,760612
7989801,28,231,8570,2010,0.0,1368.0,0.969851,0.593386,BLR,USA,760612
7989802,29,231,8570,2010,0.0,7175.0,-0.559172,-0.739977,BLZ,USA,760612
7989803,30,231,8570,2010,0.0,187950.0,0.46139300000000005,-0.6651590000000001,BMU,USA,760612
7989804,31,231,8570,2010,0.0,8330.0,-0.83736,-0.812473,BOL,USA,760612
7989805,32,231,8570,2010,27258930.0,45274652.0,0.40715500000000004,0.6208100000000001,BRA,USA,760612
7989806,33,231,8570,2010,0.0,687436.0,0.7076140000000001,0.434993,BRB,USA,760612
7989807,34,231,8570,2010,0.0,38048.0,0.717167,-0.764841,BRN,USA,760612
7989808,39,231,8570,2010,739526976.0,1090840960.0,0.752421,1.2208510000000001,CAN,USA,760612
7989809,41,231,8570,2010,16127231.0,2538726.0,2.1492080000000002,0.556424,CHE,USA,760612
7989810,42,231,8570,2010,0.0,12795312.0,-0.34914,-0.459395,CHL,USA,760612
7989811,43,231,8570,2010,145823488.0,90438408.0,0.922493,2.0176,CHN,USA,760612
7989812,49,231,8570,2010,5314822.0,3839690.0,0.097222,-0.064328,COL,USA,760612
7989813,52,231,8570,2010,0.0,287582.0,-0.122722,-0.7062069999999999,CRI,USA,760612
7989814,57,231,8570,2010,0.0,88414.0,1.2142959999999998,-0.6487430000000001,CYM,USA,760612
7989815,58,231,8570,2010,0.0,21596.0,0.8776450000000001,0.568389,CYP,USA,760612
7989816,59,231,8570,2010,15785.0,392512.0,1.732044,0.333934,CZE,USA,760612
7989817,61,231,8570,2010,194135824.0,34298356.0,2.035672,-3.383322,DEU,USA,760612
7989818,63,231,8570,2010,0.0,8262.0,0.35578699999999996,0.13029200000000002,DMA,USA,760612
7989819,64,231,8570,2010,225065.0,340933.0,1.082468,1.280759,DNK,USA,760612
7989820,65,231,8570,2010,0.0,296441.0,-0.245241,0.368626,DOM,USA,760612
7989821,66,231,8570,2010,0.0,83040.0,-1.00922,-1.1511040000000001,DZA,USA,760612
7989822,67,231,8570,2010,0.0,176587.0,-0.584013,-0.743675,ECU,USA,760612
7989823,68,231,8570,2010,10195867.0,5409.0,-0.181826,1.409465,EGY,USA,760612
7989824,71,231,8570,2010,132358.0,8041472.0,0.832619,2.448009,ESP,USA,760612
7989825,72,231,8570,2010,0.0,2643.0,0.832316,1.1844649999999999,EST,USA,760612
7989826,73,231,8570,2010,0.0,19597.0,-1.122906,-0.840777,ETH,USA,760612
7989827,74,231,8570,2010,1592.0,136294.0,1.745464,0.897992,FIN,USA,760612
7989828,77,231,8570,2010,14261274.0,40195784.0,1.530027,-0.052557000000000006,FRA,USA,760612
7989829,81,231,8570,2010,2463900.0,33375930.0,1.828224,0.386383,GBR,USA,760612
7989830,83,231,8570,2010,0.0,38807.0,-0.835003,-0.633731,GHA,USA,760612
7989831,90,231,8570,2010,58358300.0,55185.0,0.200249,1.4640090000000001,GRC,USA,760612
7989832,93,231,8570,2010,424450.0,46262604.0,-0.39034,0.743521,GTM,USA,760612
7989833,96,231,8570,2010,0.0,20422.0,-1.020217,-1.0231569999999999,GUY,USA,760612
7989834,97,231,8570,2010,857258.0,33891364.0,0.715745,1.9780259999999998,HKG,USA,760612
7989835,99,231,8570,2010,0.0,44206.0,-0.569501,-0.153122,HND,USA,760612
7989836,100,231,8570,2010,0.0,26587.0,0.8276979999999999,0.97415,HRV,USA,760612
7989837,102,231,8570,2010,468812.0,352101.0,1.514225,0.740341,HUN,USA,760612
7989838,103,231,8570,2010,134262832.0,3635707.0,-0.30878099999999997,1.07069,IDN,USA,760612
7989839,104,231,8570,2010,20334262.0,3073368.0,0.14485599999999998,2.408913,IND,USA,760612
7989840,106,231,8570,2010,0.0,18129704.0,1.371357,0.168795,IRL,USA,760612
7989841,108,231,8570,2010,0.0,526802.0,-2.1439150000000002,-0.913227,IRQ,USA,760612
7989842,109,231,8570,2010,0.0,316870.0,0.20822100000000002,-0.318294,ISL,USA,760612
7989843,110,231,8570,2010,87430.0,12471800.0,1.215834,0.7028340000000001,ISR,USA,760612
7989844,111,231,8570,2010,427308.0,8234272.0,1.272385,0.545721,ITA,USA,760612
7989845,112,231,8570,2010,0.0,51541.0,0.041471,-0.367177,JAM,USA,760612
7989846,113,231,8570,2010,0.0,20186.0,0.251702,0.522758,JOR,USA,760612
7989847,114,231,8570,2010,5349807.0,56338800.0,2.459723,-0.279387,JPN,USA,760612
7989848,115,231,8570,2010,0.0,3750.0,-0.6278020000000001,-0.8419760000000001,KAZ,USA,760612
7989849,116,231,8570,2010,0.0,13287.0,-0.387187,1.010443,KEN,USA,760612
7989850,118,231,8570,2010,0.0,276350.0,-1.158906,-1.019906,KHM,USA,760612
7989851,120,231,8570,2010,0.0,4485.0,0.9277790000000001,-0.42824799999999996,KNA,USA,760612
7989852,121,231,8570,2010,220287.0,62569868.0,1.7118849999999999,0.762362,KOR,USA,760612
7989853,122,231,8570,2010,0.0,6590623.0,0.067373,-1.0822120000000002,KWT,USA,760612
7989854,124,231,8570,2010,0.0,22175.0,0.415854,1.424085,LBN,USA,760612
7989855,127,231,8570,2010,0.0,22489.0,0.446162,-0.279229,LCA,USA,760612
7989856,128,231,8570,2010,0.0,4439.0,-0.70886,0.25216700000000003,LKA,USA,760612
7989857,131,231,8570,2010,0.0,9489.0,1.272127,1.1051520000000001,LUX,USA,760612
7989858,132,231,8570,2010,3867.0,0.0,0.6158170000000001,1.1401059999999998,LVA,USA,760612
7989859,133,231,8570,2010,0.0,24487.0,0.545755,0.492997,MAC,USA,760612
7989860,134,231,8570,2010,0.0,9722.0,-0.5935229999999999,-0.056497000000000006,MAR,USA,760612
7989861,136,231,8570,2010,0.0,4545.0,-0.8737799999999999,-0.043717,MDG,USA,760612
7989862,137,231,8570,2010,0.0,4111.0,-0.644859,-0.910633,MDV,USA,760612
7989863,138,231,8570,2010,1248431.0,674155584.0,1.132664,0.675756,MEX,USA,760612
7989864,140,231,8570,2010,0.0,1649.0,-0.122842,0.407017,MKD,USA,760612
7989865,142,231,8570,2010,0.0,4392.0,1.211797,-0.024923,MLT,USA,760612
7989866,144,231,8570,2010,2360.0,0.0,0.266397,-0.02502,MNE,USA,760612
7989867,153,231,8570,2010,159230.0,1597279.0,0.9530780000000001,0.607456,MYS,USA,760612
7989868,159,231,8570,2010,8704443.0,17378.0,-1.887084,-1.2280229999999999,NGA,USA,760612
7989869,160,231,8570,2010,0.0,37278.0,-0.9387409999999999,-0.8119569999999999,NIC,USA,760612
7989870,162,231,8570,2010,4089422.0,2403879.0,1.237998,1.1891209999999999,NLD,USA,760612
7989871,163,231,8570,2010,30635.0,35431.0,0.865676,0.138757,NOR,USA,760612
7989872,164,231,8570,2010,0.0,784.0,-0.23753400000000002,0.7957390000000001,NPL,USA,760612
7989873,166,231,8570,2010,4970.0,9835327.0,0.36828299999999997,0.574574,NZL,USA,760612
7989874,167,231,8570,2010,0.0,29269.0,-0.487612,-0.9551379999999999,OMN,USA,760612
7989875,168,231,8570,2010,0.0,152903.0,-0.692071,0.5409010000000001,PAK,USA,760612
7989876,169,231,8570,2010,26171.0,13433840.0,0.617867,0.903432,PAN,USA,760612
7989877,173,231,8570,2010,0.0,73745.0,-0.650327,0.162321,PER,USA,760612
7989878,174,231,8570,2010,0.0,247494.0,0.40418899999999996,0.102497,PHL,USA,760612
7989879,177,231,8570,2010,8671960.0,1774645.0,1.083552,1.1433719999999998,POL,USA,760612
7989880,179,231,8570,2010,22455.0,9734.0,0.551149,2.437209,PRT,USA,760612
7989881,182,231,8570,2010,0.0,5666.0,-0.47692700000000005,-0.8429760000000001,PYF,USA,760612
7989882,183,231,8570,2010,0.0,226903.0,-0.346143,-1.078192,QAT,USA,760612
7989883,185,231,8570,2010,7862755.0,362437.0,0.6483760000000001,1.200256,ROU,USA,760612
7989884,186,231,8570,2010,28000744.0,341786.0,0.583996,-0.223881,RUS,USA,760612
7989885,188,231,8570,2010,0.0,45344988.0,0.46696400000000005,-0.7487520000000001,SAU,USA,760612
7989886,191,231,8570,2010,0.0,225176.0,-0.45445,-0.148149,SEN,USA,760612
7989887,192,231,8570,2010,91929.0,5927868.0,1.8441349999999999,0.570311,SGP,USA,760612
7989888,197,231,8570,2010,0.0,200958.0,-0.101434,0.132639,SLV,USA,760612
7989889,201,231,8570,2010,0.0,18693.0,0.561161,1.33974,SRB,USA,760612
7989890,205,231,8570,2010,0.0,12547.0,-0.5734560000000001,-0.936167,SUR,USA,760612
7989891,207,231,8570,2010,354410.0,26776.0,1.595473,0.7023020000000001,SVN,USA,760612
7989892,208,231,8570,2010,7814772.0,121010.0,1.882239,0.397927,SWE,USA,760612
7989893,211,231,8570,2010,0.0,32634.0,-0.075668,-0.549686,SYC,USA,760612
7989894,213,231,8570,2010,0.0,6695.0,0.86575,0.044395,TCA,USA,760612
7989895,215,231,8570,2010,0.0,11195.0,-0.943559,-0.884336,TGO,USA,760612
7989896,216,231,8570,2010,50370.0,8265367.0,0.748328,1.425224,THA,USA,760612
7989897,218,231,8570,2010,5217.0,0.0,0.389761,0.18912,TKL,USA,760612
7989898,219,231,8570,2010,0.0,16542.0,-1.161458,-1.191589,TKM,USA,760612
7989899,222,231,8570,2010,0.0,716203.0,-0.338123,-1.070239,TTO,USA,760612
7989900,223,231,8570,2010,0.0,6381.0,0.165019,0.8882059999999999,TUN,USA,760612
7989901,224,231,8570,2010,9612124.0,11870103.0,0.359977,2.471173,TUR,USA,760612
7989902,227,231,8570,2010,0.0,6948.0,-0.48061400000000004,0.187001,UGA,USA,760612
7989903,228,231,8570,2010,1323.0,3060.0,0.714148,0.916267,UKR,USA,760612
7989904,230,231,8570,2010,0.0,1718655.0,0.217246,-0.079733,URY,USA,760612
7989905,233,231,8570,2010,8883.0,0.0,1.259831,-0.07005499999999999,VAT,USA,760612
7989906,234,231,8570,2010,0.0,19102.0,0.120821,-0.43102700000000005,VCT,USA,760612
7989907,236,231,8570,2010,1498548.0,876962.0,-0.660844,-1.145133,VEN,USA,760612
7989908,237,231,8570,2010,0.0,7756.0,0.699891,-0.29630300000000004,VGB,USA,760612
7989909,239,231,8570,2010,0.0,36691.0,-0.24660500000000002,1.427235,VNM,USA,760612
7989910,246,231,8570,2010,129389808.0,1014533.0,0.327326,1.513598,ZAF,USA,760612
7989911,247,231,8570,2010,0.0,6051.0,-0.650686,-0.830332,ZMB,USA,760612
7989912,249,231,8570,2010,177559.0,17731014.0,1.766729,0.909335,TWN,USA,760612
7989913,0,236,8570,2010,0.0,1719.0,0.9906219999999999,0.159993,ABW,VEN,760612
7989914,6,236,8570,2010,0.0,38566.0,-0.08593200000000001,-0.691395,ANT,VEN,760612
7989915,8,236,8570,2010,0.0,72409.0,0.27458899999999997,0.597907,ARG,VEN,760612
7989916,15,236,8570,2010,7554.0,0.0,1.724315,-0.29379099999999997,AUT,VEN,760612
7989917,18,236,8570,2010,1486410.0,0.0,1.2224270000000002,1.1276,BEL,VEN,760612
7989918,32,236,8570,2010,23661778.0,105525.0,0.40715500000000004,0.6208100000000001,BRA,VEN,760612
7989919,39,236,8570,2010,0.0,33868.0,0.752421,1.2208510000000001,CAN,VEN,760612
7989920,43,236,8570,2010,1208338.0,0.0,0.922493,2.0176,CHN,VEN,760612
7989921,49,236,8570,2010,243343.0,32594.0,0.097222,-0.064328,COL,VEN,760612
7989922,52,236,8570,2010,0.0,72596.0,-0.122722,-0.7062069999999999,CRI,VEN,760612
7989923,61,236,8570,2010,26081378.0,0.0,2.035672,-3.383322,DEU,VEN,760612
7989924,111,236,8570,2010,56245.0,3806401.0,1.272385,0.545721,ITA,VEN,760612
7989925,138,236,8570,2010,0.0,552053.0,1.132664,0.675756,MEX,VEN,760612
7989926,162,236,8570,2010,16012.0,55651.0,1.237998,1.1891209999999999,NLD,VEN,760612
7989927,169,236,8570,2010,4469.0,0.0,0.617867,0.903432,PAN,VEN,760612
7989928,178,236,8570,2010,32060.0,0.0,0.348511,0.466229,PRK,VEN,760612
7989929,231,236,8570,2010,876962.0,1498548.0,1.67573,-0.598165,USA,VEN,760612
7989930,249,236,8570,2010,3519.0,0.0,1.766729,0.909335,TWN,VEN,760612
7989931,7,243,8570,2010,3884.0,0.0,0.29457,-0.196371,ARE,YEM,760612
7989932,43,243,8570,2010,332137.0,0.0,0.922493,2.0176,CHN,YEM,760612
7989933,68,243,8570,2010,39447.0,0.0,-0.181826,1.409465,EGY,YEM,760612
7989934,104,243,8570,2010,119575.0,0.0,0.14485599999999998,2.408913,IND,YEM,760612
7989935,111,243,8570,2010,1852.0,0.0,1.272385,0.545721,ITA,YEM,760612
7989936,153,243,8570,2010,0.0,3221.0,0.9530780000000001,0.607456,MYS,YEM,760612
7989937,188,243,8570,2010,1839436.0,0.0,0.46696400000000005,-0.7487520000000001,SAU,YEM,760612
7989938,250,243,8570,2010,1245.0,33541.0,0.45129600000000003,-0.223517,ANS,YEM,760612
7989939,2,246,8570,2010,0.0,51883.0,-1.3711010000000001,-1.170608,AGO,ZAF,760612
7989940,7,246,8570,2010,0.0,17584556.0,0.29457,-0.196371,ARE,ZAF,760612
7989941,14,246,8570,2010,79920.0,6514934.0,-0.276442,0.062023,AUS,ZAF,760612
7989942,15,246,8570,2010,838173.0,0.0,1.724315,-0.29379099999999997,AUT,ZAF,760612
7989943,18,246,8570,2010,131712.0,26687644.0,1.2224270000000002,1.1276,BEL,ZAF,760612
7989944,32,246,8570,2010,637080.0,53092400.0,0.40715500000000004,0.6208100000000001,BRA,ZAF,760612
7989945,37,246,8570,2010,0.0,91310.0,-0.181373,-0.714376,BWA,ZAF,760612
7989946,39,246,8570,2010,42865.0,4652297.0,0.752421,1.2208510000000001,CAN,ZAF,760612
7989947,41,246,8570,2010,1142005.0,0.0,2.1492080000000002,0.556424,CHE,ZAF,760612
7989948,42,246,8570,2010,24075.0,14815.0,-0.34914,-0.459395,CHL,ZAF,760612
7989949,43,246,8570,2010,2583311.0,24258574.0,0.922493,2.0176,CHN,ZAF,760612
7989950,45,246,8570,2010,0.0,11571.0,-1.114209,-1.0127899999999999,CMR,ZAF,760612
7989951,46,246,8570,2010,0.0,1871.0,-1.465101,-1.139909,COD,ZAF,760612
7989952,47,246,8570,2010,0.0,7931.0,-1.536434,-1.175338,COG,ZAF,760612
7989953,59,246,8570,2010,81906.0,70903.0,1.732044,0.333934,CZE,ZAF,760612
7989954,61,246,8570,2010,2367091.0,17310332.0,2.035672,-3.383322,DEU,ZAF,760612
7989955,71,246,8570,2010,4308.0,32222.0,0.832619,2.448009,ESP,ZAF,760612
7989956,73,246,8570,2010,0.0,1052.0,-1.122906,-0.840777,ETH,ZAF,760612
7989957,74,246,8570,2010,1007.0,65504.0,1.745464,0.897992,FIN,ZAF,760612
7989958,77,246,8570,2010,1382929.0,4026148.0,1.530027,-0.052557000000000006,FRA,ZAF,760612
7989959,81,246,8570,2010,874437.0,21823766.0,1.828224,0.386383,GBR,ZAF,760612
7989960,90,246,8570,2010,391742.0,0.0,0.200249,1.4640090000000001,GRC,ZAF,760612
7989961,97,246,8570,2010,0.0,329530.0,0.715745,1.9780259999999998,HKG,ZAF,760612
7989962,102,246,8570,2010,3788.0,0.0,1.514225,0.740341,HUN,ZAF,760612
7989963,103,246,8570,2010,0.0,54882.0,-0.30878099999999997,1.07069,IDN,ZAF,760612
7989964,104,246,8570,2010,928179.0,2232181.0,0.14485599999999998,2.408913,IND,ZAF,760612
7989965,106,246,8570,2010,0.0,1096343.0,1.371357,0.168795,IRL,ZAF,760612
7989966,110,246,8570,2010,557730.0,3867114.0,1.215834,0.7028340000000001,ISR,ZAF,760612
7989967,111,246,8570,2010,23645.0,2283891.0,1.272385,0.545721,ITA,ZAF,760612
7989968,114,246,8570,2010,147322.0,41031.0,2.459723,-0.279387,JPN,ZAF,760612
7989969,116,246,8570,2010,0.0,60747.0,-0.387187,1.010443,KEN,ZAF,760612
7989970,118,246,8570,2010,0.0,61343.0,-1.158906,-1.019906,KHM,ZAF,760612
7989971,121,246,8570,2010,3348.0,4684236.0,1.7118849999999999,0.762362,KOR,ZAF,760612
7989972,122,246,8570,2010,0.0,1620.0,0.067373,-1.0822120000000002,KWT,ZAF,760612
7989973,129,246,8570,2010,0.0,28337.0,-0.7534529999999999,-0.759605,LSO,ZAF,760612
7989974,138,246,8570,2010,0.0,518628.0,1.132664,0.675756,MEX,ZAF,760612
7989975,147,246,8570,2010,6526.0,56238.0,-1.479855,-1.070518,MOZ,ZAF,760612
7989976,151,246,8570,2010,1209.0,248385.0,-0.173542,0.103727,MUS,ZAF,760612
7989977,152,246,8570,2010,0.0,141425.0,-0.821839,-0.9153870000000001,MWI,ZAF,760612
7989978,153,246,8570,2010,258707.0,3597062.0,0.9530780000000001,0.607456,MYS,ZAF,760612
7989979,155,246,8570,2010,0.0,36459.0,-0.49860299999999996,-0.6728529999999999,NAM,ZAF,760612
7989980,162,246,8570,2010,706980.0,1994262.0,1.237998,1.1891209999999999,NLD,ZAF,760612
7989981,166,246,8570,2010,0.0,595803.0,0.36828299999999997,0.574574,NZL,ZAF,760612
7989982,168,246,8570,2010,0.0,9710.0,-0.692071,0.5409010000000001,PAK,ZAF,760612
7989983,174,246,8570,2010,0.0,31287.0,0.40418899999999996,0.102497,PHL,ZAF,760612
7989984,177,246,8570,2010,5579.0,7340934.0,1.083552,1.1433719999999998,POL,ZAF,760612
7989985,186,246,8570,2010,806806.0,6101722.0,0.583996,-0.223881,RUS,ZAF,760612
7989986,188,246,8570,2010,0.0,12404824.0,0.46696400000000005,-0.7487520000000001,SAU,ZAF,760612
7989987,192,246,8570,2010,175444.0,11619620.0,1.8441349999999999,0.570311,SGP,ZAF,760612
7989988,194,246,8570,2010,0.0,21495.0,0.7653979999999999,-0.466484,SHN,ZAF,760612
7989989,197,246,8570,2010,0.0,1210.0,-0.101434,0.132639,SLV,ZAF,760612
7989990,206,246,8570,2010,0.0,1578.0,1.278601,0.726907,SVK,ZAF,760612
7989991,208,246,8570,2010,39534.0,0.0,1.882239,0.397927,SWE,ZAF,760612
7989992,209,246,8570,2010,3808.0,200518.0,0.186142,-0.34577800000000003,SWZ,ZAF,760612
7989993,211,246,8570,2010,0.0,165053.0,-0.075668,-0.549686,SYC,ZAF,760612
7989994,216,246,8570,2010,3379.0,5618306.0,0.748328,1.425224,THA,ZAF,760612
7989995,224,246,8570,2010,977.0,292149.0,0.359977,2.471173,TUR,ZAF,760612
7989996,226,246,8570,2010,0.0,17209.0,-0.7327,0.427616,TZA,ZAF,760612
7989997,228,246,8570,2010,0.0,482539.0,0.714148,0.916267,UKR,ZAF,760612
7989998,231,246,8570,2010,1014533.0,129389808.0,1.67573,-0.598165,USA,ZAF,760612
